step,active_motive,motive_1,motive_2,motive_3,motive_4,motive_5,motive_6,motive_7,motive_8
0,,0.54873,0.6919,0.65196,0.22427,0.71218,0.23725,0.3254,0.74649
1,,0.53873,0.6819,0.64196,0.21427,0.70218,0.22725,0.3154,0.73649
2,,0.52873,0.6719,0.63196,0.20427,0.69218,0.21725,0.3054,0.72649
3,,0.51873,0.6619,0.62196,0.19427,0.68218,0.20725,0.2954,0.71649
4,,0.50873,0.6519,0.61196,0.18427,0.67218,0.19725,0.2854,0.70649
5,,0.49873,0.6419,0.60196,0.17427,0.66218,0.18725,0.2754,0.69649
6,,0.48873,0.6319,0.59196,0.16427,0.65218,0.17725,0.2654,0.68649
7,,0.47873,0.6219,0.58196,0.15427,0.64218,0.16725,0.2554,0.67649
8,,0.46873,0.6119,0.57196,0.14427,0.63218,0.15725,0.2454,0.66649
9,,0.45873,0.6019,0.56196,0.13427,0.62218,0.14725,0.2354,0.65649
10,,0.44873,0.5919,0.55196,0.12427,0.61218,0.13725,0.2254,0.64649
11,,0.43873,0.5819,0.54196,0.11427,0.60218,0.12725,0.2154,0.63649
12,,0.42873,0.5719,0.53196,0.10427,0.59218,0.11725,0.2054,0.62649
13,,0.41873,0.5619,0.52196,0.09427,0.58218,0.10725,0.1954,0.61649
14,,0.40873,0.5519,0.51196,0.08427,0.57218,0.09725,0.1854,0.60649
15,,0.39873,0.5419,0.50196,0.07427,0.56218,0.08725,0.1754,0.59649
16,,0.38873,0.5319,0.49196,0.06427,0.55218,0.07725,0.1654,0.58649
17,,0.37873,0.5219,0.48196,0.05427,0.54218,0.06725,0.1554,0.57649
18,,0.36873,0.5119,0.47196,0.04427,0.53218,0.05725,0.1454,0.56649
19,,0.35873,0.5019,0.46196,0.03427,0.52218,0.04725,0.1354,0.55649
20,,0.34873,0.4919,0.45196,0.02427,0.51218,0.03725,0.1254,0.54649
21,,0.33873,0.4819,0.44196,0.01427,0.50218,0.02725,0.1154,0.53649
22,,0.32873,0.4719,0.43196,0.00427,0.49218,0.01725,0.1054,0.52649
23,,0.31873,0.4619,0.42196,-0.00573,0.48218,0.00725,0.0954,0.51649
24,4,0.02573,0.4519,0.69496,0.99427,0.75518,-0.00275,-0.1976,0.10649
25,4,-0.26727,0.4419,0.96796,1.0,1.0,-0.01275,-0.4906,-0.30351
26,7,-0.27727,0.1489,0.55796,0.707,0.99,0.26025,0.5094,-0.03051
27,7,-0.28727,-0.1441,0.14796,0.414,0.98,0.53325,1.0,0.24249
28,1,0.71273,0.1289,0.13796,0.121,0.57,0.24025,0.99,0.51549
29,1,1.0,0.4019,0.12796,-0.172,0.16,-0.05275,0.98,0.78849
30,4,0.707,0.3919,0.40096,0.828,0.433,-0.06275,0.687,0.37849
31,4,0.414,0.3819,0.67396,1.0,0.706,-0.07275,0.394,-0.03151
32,6,0.121,-0.0281,0.38096,0.99,0.979,0.92725,0.667,-0.04151
33,6,-0.172,-0.4381,0.08796,0.98,1.0,1.0,0.94,-0.05151
34,2,0.101,0.5619,0.36096,0.97,0.707,0.59,0.647,-0.06151
35,2,0.374,1.0,0.63396,0.96,0.414,0.18,0.354,-0.07151
36,8,0.647,0.99,0.34096,0.55,0.121,0.17,0.627,0.92849
37,8,0.92,0.98,0.04796,0.14,-0.172,0.16,0.9,1.0
38,5,0.51,0.687,0.03796,0.413,0.828,0.433,0.89,0.707
39,5,0.1,0.394,0.02796,0.686,1.0,0.706,0.88,0.414
40,,0.09,0.384,0.01796,0.676,0.99,0.696,0.87,0.404
41,,0.08,0.374,0.00796,0.666,0.98,0.686,0.86,0.394
42,,0.07,0.364,-0.00204,0.656,0.97,0.676,0.85,0.384
43,3,0.06,0.637,0.99796,0.929,0.96,0.383,0.44,0.091
44,3,0.05,0.91,1.0,1.0,0.95,0.09,0.03,-0.202
45,8,0.323,0.9,0.707,0.59,0.657,0.08,0.303,0.798
46,8,0.596,0.89,0.414,0.18,0.364,0.07,0.576,1.0
47,,0.586,0.88,0.404,0.17,0.354,0.06,0.566,0.99
48,,0.576,0.87,0.394,0.16,0.344,0.05,0.556,0.98
49,,0.566,0.86,0.384,0.15,0.334,0.04,0.546,0.97
50,,0.556,0.85,0.374,0.14,0.324,0.03,0.536,0.96
51,,0.546,0.84,0.364,0.13,0.314,0.02,0.526,0.95
52,,0.536,0.83,0.354,0.12,0.304,0.01,0.516,0.94
53,,0.526,0.82,0.344,0.11,0.294,0.0,0.506,0.93
54,,0.516,0.81,0.334,0.1,0.284,-0.01,0.496,0.92
55,6,0.223,0.4,0.041,0.09,0.557,0.99,0.769,0.91
56,6,-0.07,-0.01,-0.252,0.08,0.83,1.0,1.0,0.9
57,3,-0.08,0.263,0.748,0.353,0.82,0.707,0.59,0.607
58,3,-0.09,0.536,1.0,0.626,0.81,0.414,0.18,0.314
59,1,0.91,0.809,0.99,0.333,0.4,0.121,0.17,0.587
60,1,1.0,1.0,0.98,0.04,-0.01,-0.172,0.16,0.86
61,6,0.707,0.59,0.687,0.03,0.263,0.828,0.433,0.85
62,6,0.414,0.18,0.394,0.02,0.536,1.0,0.706,0.84
63,,0.404,0.17,0.384,0.01,0.526,0.99,0.696,0.83
64,,0.394,0.16,0.374,0.0,0.516,0.98,0.686,0.82
65,,0.384,0.15,0.364,-0.01,0.506,0.97,0.676,0.81
66,4,0.091,0.14,0.637,0.99,0.779,0.96,0.383,0.4
67,4,-0.202,0.13,0.91,1.0,1.0,0.95,0.09,-0.01
68,1,0.798,0.403,0.9,0.707,0.59,0.657,0.08,0.263
69,1,1.0,0.676,0.89,0.414,0.18,0.364,0.07,0.536
70,,0.99,0.666,0.88,0.404,0.17,0.354,0.06,0.526
71,,0.98,0.656,0.87,0.394,0.16,0.344,0.05,0.516
72,,0.97,0.646,0.86,0.384,0.15,0.334,0.04,0.506
73,,0.96,0.636,0.85,0.374,0.14,0.324,0.03,0.496
74,,0.95,0.626,0.84,0.364,0.13,0.314,0.02,0.486
75,,0.94,0.616,0.83,0.354,0.12,0.304,0.01,0.476
76,,0.93,0.606,0.82,0.344,0.11,0.294,0.0,0.466
77,,0.92,0.596,0.81,0.334,0.1,0.284,-0.01,0.456
78,7,0.91,0.303,0.4,0.041,0.09,0.557,0.99,0.729
79,7,0.9,0.01,-0.01,-0.252,0.08,0.83,1.0,1.0
80,4,0.607,0.0,0.263,0.748,0.353,0.82,0.707,0.59
81,4,0.314,-0.01,0.536,1.0,0.626,0.81,0.414,0.18
82,2,0.587,0.99,0.809,0.99,0.333,0.4,0.121,0.17
83,2,0.86,1.0,1.0,0.98,0.04,-0.01,-0.172,0.16
84,7,0.85,0.707,0.59,0.687,0.03,0.263,0.828,0.433
85,7,0.84,0.414,0.18,0.394,0.02,0.536,1.0,0.706
86,,0.83,0.404,0.17,0.384,0.01,0.526,0.99,0.696
87,,0.82,0.394,0.16,0.374,0.0,0.516,0.98,0.686
88,,0.81,0.384,0.15,0.364,-0.01,0.506,0.97,0.676
89,5,0.4,0.091,0.14,0.637,0.99,0.779,0.96,0.383
90,5,-0.01,-0.202,0.13,0.91,1.0,1.0,0.95,0.09
91,2,0.263,0.798,0.403,0.9,0.707,0.59,0.657,0.08
92,2,0.536,1.0,0.676,0.89,0.414,0.18,0.364,0.07
93,,0.526,0.99,0.666,0.88,0.404,0.17,0.354,0.06
94,,0.516,0.98,0.656,0.87,0.394,0.16,0.344,0.05
95,,0.506,0.97,0.646,0.86,0.384,0.15,0.334,0.04
96,,0.496,0.96,0.636,0.85,0.374,0.14,0.324,0.03
97,,0.486,0.95,0.626,0.84,0.364,0.13,0.314,0.02
98,,0.476,0.94,0.616,0.83,0.354,0.12,0.304,0.01
99,,0.466,0.93,0.606,0.82,0.344,0.11,0.294,0.0
100,,0.456,0.92,0.596,0.81,0.334,0.1,0.284,-0.01
101,8,0.729,0.91,0.303,0.4,0.041,0.09,0.557,0.99
102,8,1.0,0.9,0.01,-0.01,-0.252,0.08,0.83,1.0
103,5,0.59,0.607,0.0,0.263,0.748,0.353,0.82,0.707
104,5,0.18,0.314,-0.01,0.536,1.0,0.626,0.81,0.414
105,3,0.17,0.587,0.99,0.809,0.99,0.333,0.4,0.121
106,3,0.16,0.86,1.0,1.0,0.98,0.04,-0.01,-0.172
107,8,0.433,0.85,0.707,0.59,0.687,0.03,0.263,0.828
108,8,0.706,0.84,0.414,0.18,0.394,0.02,0.536,1.0
109,,0.696,0.83,0.404,0.17,0.384,0.01,0.526,0.99
110,,0.686,0.82,0.394,0.16,0.374,0.0,0.516,0.98
111,,0.676,0.81,0.384,0.15,0.364,-0.01,0.506,0.97
112,6,0.383,0.4,0.091,0.14,0.637,0.99,0.779,0.96
113,6,0.09,-0.01,-0.202,0.13,0.91,1.0,1.0,0.95
114,3,0.08,0.263,0.798,0.403,0.9,0.707,0.59,0.657
115,3,0.07,0.536,1.0,0.676,0.89,0.414,0.18,0.364
116,,0.06,0.526,0.99,0.666,0.88,0.404,0.17,0.354
117,,0.05,0.516,0.98,0.656,0.87,0.394,0.16,0.344
118,,0.04,0.506,0.97,0.646,0.86,0.384,0.15,0.334
119,,0.03,0.496,0.96,0.636,0.85,0.374,0.14,0.324
120,,0.02,0.486,0.95,0.626,0.84,0.364,0.13,0.314
121,,0.01,0.476,0.94,0.616,0.83,0.354,0.12,0.304
122,,0.0,0.466,0.93,0.606,0.82,0.344,0.11,0.294
123,,-0.01,0.456,0.92,0.596,0.81,0.334,0.1,0.284
124,1,0.99,0.729,0.91,0.303,0.4,0.041,0.09,0.557
125,1,1.0,1.0,0.9,0.01,-0.01,-0.252,0.08,0.83
126,6,0.707,0.59,0.607,0.0,0.263,0.748,0.353,0.82
127,6,0.414,0.18,0.314,-0.01,0.536,1.0,0.626,0.81
128,4,0.121,0.17,0.587,0.99,0.809,0.99,0.333,0.4
129,4,-0.172,0.16,0.86,1.0,1.0,0.98,0.04,-0.01
130,1,0.828,0.433,0.85,0.707,0.59,0.687,0.03,0.263
131,1,1.0,0.706,0.84,0.414,0.18,0.394,0.02,0.536
132,,0.99,0.696,0.83,0.404,0.17,0.384,0.01,0.526
133,,0.98,0.686,0.82,0.394,0.16,0.374,0.0,0.516
134,,0.97,0.676,0.81,0.384,0.15,0.364,-0.01,0.506
135,7,0.96,0.383,0.4,0.091,0.14,0.637,0.99,0.779
136,7,0.95,0.09,-0.01,-0.202,0.13,0.91,1.0,1.0
137,4,0.657,0.08,0.263,0.798,0.403,0.9,0.707,0.59
138,4,0.364,0.07,0.536,1.0,0.676,0.89,0.414,0.18
139,,0.354,0.06,0.526,0.99,0.666,0.88,0.404,0.17
140,,0.344,0.05,0.516,0.98,0.656,0.87,0.394,0.16
141,,0.334,0.04,0.506,0.97,0.646,0.86,0.384,0.15
142,,0.324,0.03,0.496,0.96,0.636,0.85,0.374,0.14
143,,0.314,0.02,0.486,0.95,0.626,0.84,0.364,0.13
144,,0.304,0.01,0.476,0.94,0.616,0.83,0.354,0.12
145,,0.294,0.0,0.466,0.93,0.606,0.82,0.344,0.11
146,,0.284,-0.01,0.456,0.92,0.596,0.81,0.334,0.1
147,2,0.557,0.99,0.729,0.91,0.303,0.4,0.041,0.09
148,2,0.83,1.0,1.0,0.9,0.01,-0.01,-0.252,0.08
149,7,0.82,0.707,0.59,0.607,0.0,0.263,0.748,0.353
150,7,0.81,0.414,0.18,0.314,-0.01,0.536,1.0,0.626
151,5,0.4,0.121,0.17,0.587,0.99,0.809,0.99,0.333
152,5,-0.01,-0.172,0.16,0.86,1.0,1.0,0.98,0.04
153,2,0.263,0.828,0.433,0.85,0.707,0.59,0.687,0.03
154,2,0.536,1.0,0.706,0.84,0.414,0.18,0.394,0.02
155,,0.526,0.99,0.696,0.83,0.404,0.17,0.384,0.01
156,,0.516,0.98,0.686,0.82,0.394,0.16,0.374,0.0
157,,0.506,0.97,0.676,0.81,0.384,0.15,0.364,-0.01
158,8,0.779,0.96,0.383,0.4,0.091,0.14,0.637,0.99
159,8,1.0,0.95,0.09,-0.01,-0.202,0.13,0.91,1.0
160,5,0.59,0.657,0.08,0.263,0.798,0.403,0.9,0.707
161,5,0.18,0.364,0.07,0.536,1.0,0.676,0.89,0.414
162,,0.17,0.354,0.06,0.526,0.99,0.666,0.88,0.404
163,,0.16,0.344,0.05,0.516,0.98,0.656,0.87,0.394
164,,0.15,0.334,0.04,0.506,0.97,0.646,0.86,0.384
165,,0.14,0.324,0.03,0.496,0.96,0.636,0.85,0.374
166,,0.13,0.314,0.02,0.486,0.95,0.626,0.84,0.364
167,,0.12,0.304,0.01,0.476,0.94,0.616,0.83,0.354
168,,0.11,0.294,0.0,0.466,0.93,0.606,0.82,0.344
169,,0.1,0.284,-0.01,0.456,0.92,0.596,0.81,0.334
170,3,0.09,0.557,0.99,0.729,0.91,0.303,0.4,0.041
171,3,0.08,0.83,1.0,1.0,0.9,0.01,-0.01,-0.252
172,8,0.353,0.82,0.707,0.59,0.607,0.0,0.263,0.748
173,8,0.626,0.81,0.414,0.18,0.314,-0.01,0.536,1.0
174,6,0.333,0.4,0.121,0.17,0.587,0.99,0.809,0.99
175,6,0.04,-0.01,-0.172,0.16,0.86,1.0,1.0,0.98
176,3,0.03,0.263,0.828,0.433,0.85,0.707,0.59,0.687
177,3,0.02,0.536,1.0,0.706,0.84,0.414,0.18,0.394
178,,0.01,0.526,0.99,0.696,0.83,0.404,0.17,0.384
179,,0.0,0.516,0.98,0.686,0.82,0.394,0.16,0.374
180,,-0.01,0.506,0.97,0.676,0.81,0.384,0.15,0.364
181,1,0.99,0.779,0.96,0.383,0.4,0.091,0.14,0.637
182,1,1.0,1.0,0.95,0.09,-0.01,-0.202,0.13,0.91
183,6,0.707,0.59,0.657,0.08,0.263,0.798,0.403,0.9
184,6,0.414,0.18,0.364,0.07,0.536,1.0,0.676,0.89
185,,0.404,0.17,0.354,0.06,0.526,0.99,0.666,0.88
186,,0.394,0.16,0.344,0.05,0.516,0.98,0.656,0.87
187,,0.384,0.15,0.334,0.04,0.506,0.97,0.646,0.86
188,,0.374,0.14,0.324,0.03,0.496,0.96,0.636,0.85
189,,0.364,0.13,0.314,0.02,0.486,0.95,0.626,0.84
190,,0.354,0.12,0.304,0.01,0.476,0.94,0.616,0.83
191,,0.344,0.11,0.294,0.0,0.466,0.93,0.606,0.82
192,,0.334,0.1,0.284,-0.01,0.456,0.92,0.596,0.81
193,4,0.041,0.09,0.557,0.99,0.729,0.91,0.303,0.4
194,4,-0.252,0.08,0.83,1.0,1.0,0.9,0.01,-0.01
195,1,0.748,0.353,0.82,0.707,0.59,0.607,0.0,0.263
196,1,1.0,0.626,0.81,0.414,0.18,0.314,-0.01,0.536
197,7,0.99,0.333,0.4,0.121,0.17,0.587,0.99,0.809
198,7,0.98,0.04,-0.01,-0.172,0.16,0.86,1.0,1.0
199,4,0.687,0.03,0.263,0.828,0.433,0.85,0.707,0.59
