step,active_motive,motive_1,motive_2,motive_3,motive_4,motive_5,motive_6,motive_7,motive_8
0,,0.60112,0.70807,0.02058,0.96991,0.83244,0.21234,0.18182,0.1834
1,,0.59112,0.69807,0.01058,0.95991,0.82244,0.20234,0.17182,0.1734
2,,0.58112,0.68807,0.00058,0.94991,0.81244,0.19234,0.16182,0.1634
3,,0.57112,0.67807,-0.00942,0.93991,0.80244,0.18234,0.15182,0.1534
4,3,0.56112,0.95107,0.99058,1.0,0.79244,-0.11066,-0.25818,-0.1396
5,3,0.55112,1.0,1.0,1.0,0.78244,-0.40366,-0.66818,-0.4326
6,7,0.54112,0.707,0.59,0.707,0.77244,-0.13066,0.33182,-0.1596
7,7,0.53112,0.414,0.18,0.414,0.76244,0.14234,1.0,0.1134
8,,0.52112,0.404,0.17,0.404,0.75244,0.13234,0.99,0.1034
9,,0.51112,0.394,0.16,0.394,0.74244,0.12234,0.98,0.0934
10,,0.50112,0.384,0.15,0.384,0.73244,0.11234,0.97,0.0834
11,,0.49112,0.374,0.14,0.374,0.72244,0.10234,0.96,0.0734
12,,0.48112,0.364,0.13,0.364,0.71244,0.09234,0.95,0.0634
13,,0.47112,0.354,0.12,0.354,0.70244,0.08234,0.94,0.0534
14,,0.46112,0.344,0.11,0.344,0.69244,0.07234,0.93,0.0434
15,,0.45112,0.334,0.1,0.334,0.68244,0.06234,0.92,0.0334
16,,0.44112,0.324,0.09,0.324,0.67244,0.05234,0.91,0.0234
17,,0.43112,0.314,0.08,0.314,0.66244,0.04234,0.9,0.0134
18,,0.42112,0.304,0.07,0.304,0.65244,0.03234,0.89,0.0034
19,,0.41112,0.294,0.06,0.294,0.64244,0.02234,0.88,-0.0066
20,8,0.68412,0.284,-0.233,-0.116,0.34944,0.01234,1.0,0.9934
21,8,0.95712,0.274,-0.526,-0.526,0.05644,0.00234,1.0,1.0
22,4,0.66412,0.264,-0.253,0.474,0.32944,-0.00766,0.707,0.59
23,4,0.37112,0.254,0.02,1.0,0.60244,-0.01766,0.414,0.18
24,6,0.07812,-0.156,-0.273,0.99,0.87544,0.98234,0.687,0.17
25,6,-0.21488,-0.566,-0.566,0.98,1.0,1.0,0.96,0.16
26,3,-0.22488,-0.293,0.434,1.0,0.99,0.707,0.55,-0.133
27,3,-0.23488,-0.02,1.0,1.0,0.98,0.414,0.14,-0.426
28,8,0.03812,-0.03,0.707,0.59,0.687,0.404,0.413,0.574
29,8,0.31112,-0.04,0.414,0.18,0.394,0.394,0.686,1.0
30,2,0.58412,0.96,0.687,0.17,0.101,-0.016,0.393,0.99
31,2,0.85712,1.0,0.96,0.16,-0.192,-0.426,0.1,0.98
32,6,0.56412,0.59,0.667,0.15,0.081,0.574,0.373,0.97
33,6,0.27112,0.18,0.374,0.14,0.354,1.0,0.646,0.96
34,,0.26112,0.17,0.364,0.13,0.344,0.99,0.636,0.95
35,,0.25112,0.16,0.354,0.12,0.334,0.98,0.626,0.94
36,,0.24112,0.15,0.344,0.11,0.324,0.97,0.616,0.93
37,,0.23112,0.14,0.334,0.1,0.314,0.96,0.606,0.92
38,,0.22112,0.13,0.324,0.09,0.304,0.95,0.596,0.91
39,,0.21112,0.12,0.314,0.08,0.294,0.94,0.586,0.9
40,,0.20112,0.11,0.304,0.07,0.284,0.93,0.576,0.89
41,,0.19112,0.1,0.294,0.06,0.274,0.92,0.566,0.88
42,,0.18112,0.09,0.284,0.05,0.264,0.91,0.556,0.87
43,,0.17112,0.08,0.274,0.04,0.254,0.9,0.546,0.86
44,,0.16112,0.07,0.264,0.03,0.244,0.89,0.536,0.85
45,,0.15112,0.06,0.254,0.02,0.234,0.88,0.526,0.84
46,,0.14112,0.05,0.244,0.01,0.224,0.87,0.516,0.83
47,,0.13112,0.04,0.234,0.0,0.214,0.86,0.506,0.82
48,,0.12112,0.03,0.224,-0.01,0.204,0.85,0.496,0.81
49,4,-0.17188,0.02,0.497,0.99,0.477,0.84,0.203,0.4
50,4,-0.46488,0.01,0.77,1.0,0.75,0.83,-0.09,-0.01
51,1,0.53512,0.283,0.76,0.707,0.34,0.537,-0.1,0.263
52,1,1.0,0.556,0.75,0.414,-0.07,0.244,-0.11,0.536
53,7,0.99,0.263,0.34,0.121,-0.08,0.517,0.89,0.809
54,7,0.98,-0.03,-0.07,-0.172,-0.09,0.79,1.0,1.0
55,4,0.687,-0.04,0.203,0.828,0.183,0.78,0.707,0.59
56,4,0.394,-0.05,0.476,1.0,0.456,0.77,0.414,0.18
57,2,0.667,0.95,0.749,0.99,0.163,0.36,0.121,0.17
58,2,0.94,1.0,1.0,0.98,-0.13,-0.05,-0.172,0.16
59,7,0.93,0.707,0.59,0.687,-0.14,0.223,0.828,0.433
60,7,0.92,0.414,0.18,0.394,-0.15,0.496,1.0,0.706
61,5,0.51,0.121,0.17,0.667,0.85,0.769,0.99,0.413
62,5,0.1,-0.172,0.16,0.94,1.0,1.0,0.98,0.12
63,2,0.373,0.828,0.433,0.93,0.707,0.59,0.687,0.11
64,2,0.646,1.0,0.706,0.92,0.414,0.18,0.394,0.1
65,,0.636,0.99,0.696,0.91,0.404,0.17,0.384,0.09
66,,0.626,0.98,0.686,0.9,0.394,0.16,0.374,0.08
67,,0.616,0.97,0.676,0.89,0.384,0.15,0.364,0.07
68,,0.606,0.96,0.666,0.88,0.374,0.14,0.354,0.06
69,,0.596,0.95,0.656,0.87,0.364,0.13,0.344,0.05
70,,0.586,0.94,0.646,0.86,0.354,0.12,0.334,0.04
71,,0.576,0.93,0.636,0.85,0.344,0.11,0.324,0.03
72,,0.566,0.92,0.626,0.84,0.334,0.1,0.314,0.02
73,,0.556,0.91,0.616,0.83,0.324,0.09,0.304,0.01
74,,0.546,0.9,0.606,0.82,0.314,0.08,0.294,0.0
75,,0.536,0.89,0.596,0.81,0.304,0.07,0.284,-0.01
76,8,0.809,0.88,0.303,0.4,0.011,0.06,0.557,0.99
77,8,1.0,0.87,0.01,-0.01,-0.282,0.05,0.83,1.0
78,5,0.59,0.577,0.0,0.263,0.718,0.323,0.82,0.707
79,5,0.18,0.284,-0.01,0.536,1.0,0.596,0.81,0.414
80,3,0.17,0.557,0.99,0.809,0.99,0.303,0.4,0.121
81,3,0.16,0.83,1.0,1.0,0.98,0.01,-0.01,-0.172
82,8,0.433,0.82,0.707,0.59,0.687,0.0,0.263,0.828
83,8,0.706,0.81,0.414,0.18,0.394,-0.01,0.536,1.0
84,6,0.413,0.4,0.121,0.17,0.667,0.99,0.809,0.99
85,6,0.12,-0.01,-0.172,0.16,0.94,1.0,1.0,0.98
86,3,0.11,0.263,0.828,0.433,0.93,0.707,0.59,0.687
87,3,0.1,0.536,1.0,0.706,0.92,0.414,0.18,0.394
88,,0.09,0.526,0.99,0.696,0.91,0.404,0.17,0.384
89,,0.08,0.516,0.98,0.686,0.9,0.394,0.16,0.374
90,,0.07,0.506,0.97,0.676,0.89,0.384,0.15,0.364
91,,0.06,0.496,0.96,0.666,0.88,0.374,0.14,0.354
92,,0.05,0.486,0.95,0.656,0.87,0.364,0.13,0.344
93,,0.04,0.476,0.94,0.646,0.86,0.354,0.12,0.334
94,,0.03,0.466,0.93,0.636,0.85,0.344,0.11,0.324
95,,0.02,0.456,0.92,0.626,0.84,0.334,0.1,0.314
96,,0.01,0.446,0.91,0.616,0.83,0.324,0.09,0.304
97,,0.0,0.436,0.9,0.606,0.82,0.314,0.08,0.294
98,,-0.01,0.426,0.89,0.596,0.81,0.304,0.07,0.284
99,1,0.99,0.699,0.88,0.303,0.4,0.011,0.06,0.557
100,1,1.0,0.972,0.87,0.01,-0.01,-0.282,0.05,0.83
101,6,0.707,0.562,0.577,0.0,0.263,0.718,0.323,0.82
102,6,0.414,0.152,0.284,-0.01,0.536,1.0,0.596,0.81
103,4,0.121,0.142,0.557,0.99,0.809,0.99,0.303,0.4
104,4,-0.172,0.132,0.83,1.0,1.0,0.98,0.01,-0.01
105,1,0.828,0.405,0.82,0.707,0.59,0.687,0.0,0.263
106,1,1.0,0.678,0.81,0.414,0.18,0.394,-0.01,0.536
107,7,0.99,0.385,0.4,0.121,0.17,0.667,0.99,0.809
108,7,0.98,0.092,-0.01,-0.172,0.16,0.94,1.0,1.0
109,4,0.687,0.082,0.263,0.828,0.433,0.93,0.707,0.59
110,4,0.394,0.072,0.536,1.0,0.706,0.92,0.414,0.18
111,,0.384,0.062,0.526,0.99,0.696,0.91,0.404,0.17
112,,0.374,0.052,0.516,0.98,0.686,0.9,0.394,0.16
113,,0.364,0.042,0.506,0.97,0.676,0.89,0.384,0.15
114,,0.354,0.032,0.496,0.96,0.666,0.88,0.374,0.14
115,,0.344,0.022,0.486,0.95,0.656,0.87,0.364,0.13
116,,0.334,0.012,0.476,0.94,0.646,0.86,0.354,0.12
117,,0.324,0.002,0.466,0.93,0.636,0.85,0.344,0.11
118,,0.314,-0.008,0.456,0.92,0.626,0.84,0.334,0.1
119,2,0.587,0.992,0.729,0.91,0.333,0.43,0.041,0.09
120,2,0.86,1.0,1.0,0.9,0.04,0.02,-0.252,0.08
121,7,0.85,0.707,0.59,0.607,0.03,0.293,0.748,0.353
122,7,0.84,0.414,0.18,0.314,0.02,0.566,1.0,0.626
123,,0.83,0.404,0.17,0.304,0.01,0.556,0.99,0.616
124,,0.82,0.394,0.16,0.294,0.0,0.546,0.98,0.606
125,,0.81,0.384,0.15,0.284,-0.01,0.536,0.97,0.596
126,5,0.4,0.091,0.14,0.557,0.99,0.809,0.96,0.303
127,5,-0.01,-0.202,0.13,0.83,1.0,1.0,0.95,0.01
128,2,0.263,0.798,0.403,0.82,0.707,0.59,0.657,0.0
129,2,0.536,1.0,0.676,0.81,0.414,0.18,0.364,-0.01
130,8,0.809,0.99,0.383,0.4,0.121,0.17,0.637,0.99
131,8,1.0,0.98,0.09,-0.01,-0.172,0.16,0.91,1.0
132,5,0.59,0.687,0.08,0.263,0.828,0.433,0.9,0.707
133,5,0.18,0.394,0.07,0.536,1.0,0.706,0.89,0.414
134,,0.17,0.384,0.06,0.526,0.99,0.696,0.88,0.404
135,,0.16,0.374,0.05,0.516,0.98,0.686,0.87,0.394
136,,0.15,0.364,0.04,0.506,0.97,0.676,0.86,0.384
137,,0.14,0.354,0.03,0.496,0.96,0.666,0.85,0.374
138,,0.13,0.344,0.02,0.486,0.95,0.656,0.84,0.364
139,,0.12,0.334,0.01,0.476,0.94,0.646,0.83,0.354
140,,0.11,0.324,0.0,0.466,0.93,0.636,0.82,0.344
141,,0.1,0.314,-0.01,0.456,0.92,0.626,0.81,0.334
142,3,0.09,0.587,0.99,0.729,0.91,0.333,0.4,0.041
143,3,0.08,0.86,1.0,1.0,0.9,0.04,-0.01,-0.252
144,8,0.353,0.85,0.707,0.59,0.607,0.03,0.263,0.748
145,8,0.626,0.84,0.414,0.18,0.314,0.02,0.536,1.0
146,,0.616,0.83,0.404,0.17,0.304,0.01,0.526,0.99
147,,0.606,0.82,0.394,0.16,0.294,0.0,0.516,0.98
148,,0.596,0.81,0.384,0.15,0.284,-0.01,0.506,0.97
149,6,0.303,0.4,0.091,0.14,0.557,0.99,0.779,0.96
150,6,0.01,-0.01,-0.202,0.13,0.83,1.0,1.0,0.95
151,3,0.0,0.263,0.798,0.403,0.82,0.707,0.59,0.657
152,3,-0.01,0.536,1.0,0.676,0.81,0.414,0.18,0.364
153,1,0.99,0.809,0.99,0.383,0.4,0.121,0.17,0.637
154,1,1.0,1.0,0.98,0.09,-0.01,-0.172,0.16,0.91
155,6,0.707,0.59,0.687,0.08,0.263,0.828,0.433,0.9
156,6,0.414,0.18,0.394,0.07,0.536,1.0,0.706,0.89
157,,0.404,0.17,0.384,0.06,0.526,0.99,0.696,0.88
158,,0.394,0.16,0.374,0.05,0.516,0.98,0.686,0.87
159,,0.384,0.15,0.364,0.04,0.506,0.97,0.676,0.86
160,,0.374,0.14,0.354,0.03,0.496,0.96,0.666,0.85
161,,0.364,0.13,0.344,0.02,0.486,0.95,0.656,0.84
162,,0.354,0.12,0.334,0.01,0.476,0.94,0.646,0.83
163,,0.344,0.11,0.324,0.0,0.466,0.93,0.636,0.82
164,,0.334,0.1,0.314,-0.01,0.456,0.92,0.626,0.81
165,4,0.041,0.09,0.587,0.99,0.729,0.91,0.333,0.4
166,4,-0.252,0.08,0.86,1.0,1.0,0.9,0.04,-0.01
167,1,0.748,0.353,0.85,0.707,0.59,0.607,0.03,0.263
168,1,1.0,0.626,0.84,0.414,0.18,0.314,0.02,0.536
169,,0.99,0.616,0.83,0.404,0.17,0.304,0.01,0.526
170,,0.98,0.606,0.82,0.394,0.16,0.294,0.0,0.516
171,,0.97,0.596,0.81,0.384,0.15,0.284,-0.01,0.506
172,7,0.96,0.303,0.4,0.091,0.14,0.557,0.99,0.779
173,7,0.95,0.01,-0.01,-0.202,0.13,0.83,1.0,1.0
174,4,0.657,0.0,0.263,0.798,0.403,0.82,0.707,0.59
175,4,0.364,-0.01,0.536,1.0,0.676,0.81,0.414,0.18
176,2,0.637,0.99,0.809,0.99,0.383,0.4,0.121,0.17
177,2,0.91,1.0,1.0,0.98,0.09,-0.01,-0.172,0.16
178,7,0.9,0.707,0.59,0.687,0.08,0.263,0.828,0.433
179,7,0.89,0.414,0.18,0.394,0.07,0.536,1.0,0.706
180,,0.88,0.404,0.17,0.384,0.06,0.526,0.99,0.696
181,,0.87,0.394,0.16,0.374,0.05,0.516,0.98,0.686
182,,0.86,0.384,0.15,0.364,0.04,0.506,0.97,0.676
183,,0.85,0.374,0.14,0.354,0.03,0.496,0.96,0.666
184,,0.84,0.364,0.13,0.344,0.02,0.486,0.95,0.656
185,,0.83,0.354,0.12,0.334,0.01,0.476,0.94,0.646
186,,0.82,0.344,0.11,0.324,0.0,0.466,0.93,0.636
187,,0.81,0.334,0.1,0.314,-0.01,0.456,0.92,0.626
188,5,0.4,0.041,0.09,0.587,0.99,0.729,0.91,0.333
189,5,-0.01,-0.252,0.08,0.86,1.0,1.0,0.9,0.04
190,2,0.263,0.748,0.353,0.85,0.707,0.59,0.607,0.03
191,2,0.536,1.0,0.626,0.84,0.414,0.18,0.314,0.02
192,,0.526,0.99,0.616,0.83,0.404,0.17,0.304,0.01
193,,0.516,0.98,0.606,0.82,0.394,0.16,0.294,0.0
194,,0.506,0.97,0.596,0.81,0.384,0.15,0.284,-0.01
195,8,0.779,0.96,0.303,0.4,0.091,0.14,0.557,0.99
196,8,1.0,0.95,0.01,-0.01,-0.202,0.13,0.83,1.0
197,5,0.59,0.657,0.0,0.263,0.798,0.403,0.82,0.707
198,5,0.18,0.364,-0.01,0.536,1.0,0.676,0.81,0.414
199,3,0.17,0.637,0.99,0.809,0.99,0.383,0.4,0.121
