step,active_motive,motive_1,motive_2,motive_3,motive_4,motive_5,motive_6,motive_7,motive_8
0,,0.49017,0.03767,0.15285,0.09546,0.13424,0.24264,0.18634,0.19735
1,,0.48017,0.02767,0.14285,0.08546,0.12424,0.23264,0.17634,0.18735
2,,0.47017,0.01767,0.13285,0.07546,0.11424,0.22264,0.16634,0.17735
3,,0.46017,0.00767,0.12285,0.06546,0.10424,0.21264,0.15634,0.16735
4,,0.45017,-0.00233,0.11285,0.05546,0.09424,0.20264,0.14634,0.15735
5,2,0.72317,0.99767,0.38585,0.04546,-0.19876,-0.20736,-0.14666,0.14735
6,2,0.99617,1.0,0.65885,0.03546,-0.49176,-0.61736,-0.43966,0.13735
7,6,0.70317,0.59,0.36585,0.02546,-0.21876,0.38264,-0.16666,0.12735
8,6,0.41017,0.18,0.07285,0.01546,0.05424,1.0,0.10634,0.11735
9,,0.40017,0.17,0.06285,0.00546,0.04424,0.99,0.09634,0.10735
10,,0.39017,0.16,0.05285,-0.00454,0.03424,0.98,0.08634,0.09735
11,4,0.09717,0.15,0.32585,0.99546,0.30724,0.97,-0.20666,-0.31265
12,4,-0.19583,0.14,0.59885,1.0,0.58024,0.96,-0.49966,-0.72265
13,8,0.07717,0.13,0.30585,0.59,0.28724,0.95,-0.22666,0.27735
14,8,0.35017,0.12,0.01285,0.18,-0.00576,0.94,0.04634,1.0
15,5,-0.05983,-0.173,0.00285,0.453,0.99424,1.0,0.03634,0.707
16,5,-0.46983,-0.466,-0.00715,0.726,1.0,1.0,0.02634,0.414
17,1,0.53017,-0.193,-0.01715,0.433,0.59,0.707,0.01634,0.687
18,1,1.0,0.08,-0.02715,0.14,0.18,0.414,0.00634,0.96
19,3,0.99,0.353,0.97285,0.413,0.17,0.121,-0.40366,0.667
20,3,0.98,0.626,1.0,0.686,0.16,-0.172,-0.81366,0.374
21,7,0.97,0.333,0.59,0.393,0.15,0.101,0.18634,0.647
22,7,0.96,0.04,0.18,0.1,0.14,0.374,1.0,0.92
23,,0.95,0.03,0.17,0.09,0.13,0.364,0.99,0.91
24,,0.94,0.02,0.16,0.08,0.12,0.354,0.98,0.9
25,,0.93,0.01,0.15,0.07,0.11,0.344,0.97,0.89
26,,0.92,0.0,0.14,0.06,0.1,0.334,0.96,0.88
27,,0.91,-0.01,0.13,0.05,0.09,0.324,0.95,0.87
28,2,1.0,0.99,0.403,0.04,-0.203,-0.086,0.657,0.86
29,2,1.0,1.0,0.676,0.03,-0.496,-0.496,0.364,0.85
30,6,0.707,0.59,0.383,0.02,-0.223,0.504,0.637,0.84
31,6,0.414,0.18,0.09,0.01,0.05,1.0,0.91,0.83
32,,0.404,0.17,0.08,0.0,0.04,0.99,0.9,0.82
33,,0.394,0.16,0.07,-0.01,0.03,0.98,0.89,0.81
34,4,0.101,0.15,0.343,0.99,0.303,0.97,0.597,0.4
35,4,-0.192,0.14,0.616,1.0,0.576,0.96,0.304,-0.01
36,1,0.808,0.413,0.606,0.707,0.166,0.667,0.294,0.263
37,1,1.0,0.686,0.596,0.414,-0.244,0.374,0.284,0.536
38,5,0.59,0.393,0.586,0.687,0.756,0.647,0.274,0.243
39,5,0.18,0.1,0.576,0.96,1.0,0.92,0.264,-0.05
40,8,0.453,0.09,0.283,0.55,0.707,0.91,0.537,0.95
41,8,0.726,0.08,-0.01,0.14,0.414,0.9,0.81,1.0
42,3,0.716,0.353,0.99,0.413,0.404,0.607,0.4,0.707
43,3,0.706,0.626,1.0,0.686,0.394,0.314,-0.01,0.414
44,7,0.696,0.333,0.59,0.393,0.384,0.587,0.99,0.687
45,7,0.686,0.04,0.18,0.1,0.374,0.86,1.0,0.96
46,,0.676,0.03,0.17,0.09,0.364,0.85,0.99,0.95
47,,0.666,0.02,0.16,0.08,0.354,0.84,0.98,0.94
48,,0.656,0.01,0.15,0.07,0.344,0.83,0.97,0.93
49,,0.646,0.0,0.14,0.06,0.334,0.82,0.96,0.92
50,,0.636,-0.01,0.13,0.05,0.324,0.81,0.95,0.91
51,2,0.909,0.99,0.403,0.04,0.031,0.4,0.657,0.9
52,2,1.0,1.0,0.676,0.03,-0.262,-0.01,0.364,0.89
53,5,0.59,0.707,0.666,0.303,0.738,0.263,0.354,0.597
54,5,0.18,0.414,0.656,0.576,1.0,0.536,0.344,0.304
55,,0.17,0.404,0.646,0.566,0.99,0.526,0.334,0.294
56,,0.16,0.394,0.636,0.556,0.98,0.516,0.324,0.284
57,,0.15,0.384,0.626,0.546,0.97,0.506,0.314,0.274
58,,0.14,0.374,0.616,0.536,0.96,0.496,0.304,0.264
59,,0.13,0.364,0.606,0.526,0.95,0.486,0.294,0.254
60,,0.12,0.354,0.596,0.516,0.94,0.476,0.284,0.244
61,,0.11,0.344,0.586,0.506,0.93,0.466,0.274,0.234
62,,0.1,0.334,0.576,0.496,0.92,0.456,0.264,0.224
63,,0.09,0.324,0.566,0.486,0.91,0.446,0.254,0.214
64,,0.08,0.314,0.556,0.476,0.9,0.436,0.244,0.204
65,,0.07,0.304,0.546,0.466,0.89,0.426,0.234,0.194
66,,0.06,0.294,0.536,0.456,0.88,0.416,0.224,0.184
67,,0.05,0.284,0.526,0.446,0.87,0.406,0.214,0.174
68,,0.04,0.274,0.516,0.436,0.86,0.396,0.204,0.164
69,,0.03,0.264,0.506,0.426,0.85,0.386,0.194,0.154
70,,0.02,0.254,0.496,0.416,0.84,0.376,0.184,0.144
71,,0.01,0.244,0.486,0.406,0.83,0.366,0.174,0.134
72,,0.0,0.234,0.476,0.396,0.82,0.356,0.164,0.124
73,,-0.01,0.224,0.466,0.386,0.81,0.346,0.154,0.114
74,1,0.99,0.497,0.456,0.093,0.4,0.053,0.144,0.387
75,1,1.0,0.77,0.446,-0.2,-0.01,-0.24,0.134,0.66
76,6,0.707,0.36,0.153,-0.21,0.263,0.76,0.407,0.65
77,6,0.414,-0.05,-0.14,-0.22,0.536,1.0,0.68,0.64
78,4,0.121,-0.06,0.133,0.78,0.809,0.99,0.387,0.23
79,4,-0.172,-0.07,0.406,1.0,1.0,0.98,0.094,-0.18
80,8,0.101,-0.08,0.113,0.59,0.707,0.97,0.367,0.82
81,8,0.374,-0.09,-0.18,0.18,0.414,0.96,0.64,1.0
82,3,0.364,0.183,0.82,0.453,0.404,0.667,0.23,0.707
83,3,0.354,0.456,1.0,0.726,0.394,0.374,-0.18,0.414
84,7,0.344,0.163,0.59,0.433,0.384,0.647,0.82,0.687
85,7,0.334,-0.13,0.18,0.14,0.374,0.92,1.0,0.96
86,2,0.607,0.87,0.453,0.13,0.081,0.51,0.707,0.95
87,2,0.88,1.0,0.726,0.12,-0.212,0.1,0.414,0.94
88,5,0.47,0.707,0.716,0.393,0.788,0.373,0.404,0.647
89,5,0.06,0.414,0.706,0.666,1.0,0.646,0.394,0.354
90,,0.05,0.404,0.696,0.656,0.99,0.636,0.384,0.344
91,,0.04,0.394,0.686,0.646,0.98,0.626,0.374,0.334
92,,0.03,0.384,0.676,0.636,0.97,0.616,0.364,0.324
93,,0.02,0.374,0.666,0.626,0.96,0.606,0.354,0.314
94,,0.01,0.364,0.656,0.616,0.95,0.596,0.344,0.304
95,,0.0,0.354,0.646,0.606,0.94,0.586,0.334,0.294
96,,-0.01,0.344,0.636,0.596,0.93,0.576,0.324,0.284
97,1,0.99,0.617,0.626,0.303,0.52,0.283,0.314,0.557
98,1,1.0,0.89,0.616,0.01,0.11,-0.01,0.304,0.83
99,6,0.707,0.48,0.323,0.0,0.383,0.99,0.577,0.82
100,6,0.414,0.07,0.03,-0.01,0.656,1.0,0.85,0.81
101,4,0.121,0.06,0.303,0.99,0.929,0.99,0.557,0.4
102,4,-0.172,0.05,0.576,1.0,1.0,0.98,0.264,-0.01
103,1,0.828,0.323,0.566,0.707,0.59,0.687,0.254,0.263
104,1,1.0,0.596,0.556,0.414,0.18,0.394,0.244,0.536
105,,0.99,0.586,0.546,0.404,0.17,0.384,0.234,0.526
106,,0.98,0.576,0.536,0.394,0.16,0.374,0.224,0.516
107,,0.97,0.566,0.526,0.384,0.15,0.364,0.214,0.506
108,,0.96,0.556,0.516,0.374,0.14,0.354,0.204,0.496
109,,0.95,0.546,0.506,0.364,0.13,0.344,0.194,0.486
110,,0.94,0.536,0.496,0.354,0.12,0.334,0.184,0.476
111,,0.93,0.526,0.486,0.344,0.11,0.324,0.174,0.466
112,,0.92,0.516,0.476,0.334,0.1,0.314,0.164,0.456
113,,0.91,0.506,0.466,0.324,0.09,0.304,0.154,0.446
114,,0.9,0.496,0.456,0.314,0.08,0.294,0.144,0.436
115,,0.89,0.486,0.446,0.304,0.07,0.284,0.134,0.426
116,,0.88,0.476,0.436,0.294,0.06,0.274,0.124,0.416
117,,0.87,0.466,0.426,0.284,0.05,0.264,0.114,0.406
118,,0.86,0.456,0.416,0.274,0.04,0.254,0.104,0.396
119,,0.85,0.446,0.406,0.264,0.03,0.244,0.094,0.386
120,,0.84,0.436,0.396,0.254,0.02,0.234,0.084,0.376
121,,0.83,0.426,0.386,0.244,0.01,0.224,0.074,0.366
122,,0.82,0.416,0.376,0.234,0.0,0.214,0.064,0.356
123,,0.81,0.406,0.366,0.224,-0.01,0.204,0.054,0.346
124,5,0.4,0.113,0.356,0.497,0.99,0.477,0.044,0.053
125,5,-0.01,-0.18,0.346,0.77,1.0,0.75,0.034,-0.24
126,8,0.263,-0.19,0.053,0.36,0.707,0.74,0.307,0.76
127,8,0.536,-0.2,-0.24,-0.05,0.414,0.73,0.58,1.0
128,3,0.526,0.073,0.76,0.223,0.404,0.437,0.17,0.707
129,3,0.516,0.346,1.0,0.496,0.394,0.144,-0.24,0.414
130,7,0.506,0.053,0.59,0.203,0.384,0.417,0.76,0.687
131,7,0.496,-0.24,0.18,-0.09,0.374,0.69,1.0,0.96
132,2,0.769,0.76,0.453,-0.1,0.081,0.28,0.707,0.95
133,2,1.0,1.0,0.726,-0.11,-0.212,-0.13,0.414,0.94
134,5,0.59,0.707,0.716,0.163,0.788,0.143,0.404,0.647
135,5,0.18,0.414,0.706,0.436,1.0,0.416,0.394,0.354
136,,0.17,0.404,0.696,0.426,0.99,0.406,0.384,0.344
137,,0.16,0.394,0.686,0.416,0.98,0.396,0.374,0.334
138,,0.15,0.384,0.676,0.406,0.97,0.386,0.364,0.324
139,,0.14,0.374,0.666,0.396,0.96,0.376,0.354,0.314
140,,0.13,0.364,0.656,0.386,0.95,0.366,0.344,0.304
141,,0.12,0.354,0.646,0.376,0.94,0.356,0.334,0.294
142,,0.11,0.344,0.636,0.366,0.93,0.346,0.324,0.284
143,,0.1,0.334,0.626,0.356,0.92,0.336,0.314,0.274
144,,0.09,0.324,0.616,0.346,0.91,0.326,0.304,0.264
145,,0.08,0.314,0.606,0.336,0.9,0.316,0.294,0.254
146,,0.07,0.304,0.596,0.326,0.89,0.306,0.284,0.244
147,,0.06,0.294,0.586,0.316,0.88,0.296,0.274,0.234
148,,0.05,0.284,0.576,0.306,0.87,0.286,0.264,0.224
149,,0.04,0.274,0.566,0.296,0.86,0.276,0.254,0.214
150,,0.03,0.264,0.556,0.286,0.85,0.266,0.244,0.204
151,,0.02,0.254,0.546,0.276,0.84,0.256,0.234,0.194
152,,0.01,0.244,0.536,0.266,0.83,0.246,0.224,0.184
153,,0.0,0.234,0.526,0.256,0.82,0.236,0.214,0.174
154,,-0.01,0.224,0.516,0.246,0.81,0.226,0.204,0.164
155,1,0.99,0.497,0.506,-0.047,0.4,-0.067,0.194,0.437
156,1,1.0,0.77,0.496,-0.34,-0.01,-0.36,0.184,0.71
157,6,0.707,0.36,0.203,-0.35,0.263,0.64,0.457,0.7
158,6,0.414,-0.05,-0.09,-0.36,0.536,1.0,0.73,0.69
159,4,0.121,-0.06,0.183,0.64,0.809,0.99,0.437,0.28
160,4,-0.172,-0.07,0.456,1.0,1.0,0.98,0.144,-0.13
161,1,0.828,0.203,0.446,0.707,0.59,0.687,0.134,0.143
162,1,1.0,0.476,0.436,0.414,0.18,0.394,0.124,0.416
163,,0.99,0.466,0.426,0.404,0.17,0.384,0.114,0.406
164,,0.98,0.456,0.416,0.394,0.16,0.374,0.104,0.396
165,,0.97,0.446,0.406,0.384,0.15,0.364,0.094,0.386
166,,0.96,0.436,0.396,0.374,0.14,0.354,0.084,0.376
167,,0.95,0.426,0.386,0.364,0.13,0.344,0.074,0.366
168,,0.94,0.416,0.376,0.354,0.12,0.334,0.064,0.356
169,,0.93,0.406,0.366,0.344,0.11,0.324,0.054,0.346
170,,0.92,0.396,0.356,0.334,0.1,0.314,0.044,0.336
171,,0.91,0.386,0.346,0.324,0.09,0.304,0.034,0.326
172,,0.9,0.376,0.336,0.314,0.08,0.294,0.024,0.316
173,,0.89,0.366,0.326,0.304,0.07,0.284,0.014,0.306
174,,0.88,0.356,0.316,0.294,0.06,0.274,0.004,0.296
175,,0.87,0.346,0.306,0.284,0.05,0.264,-0.006,0.286
176,7,0.86,0.053,-0.104,-0.009,0.04,0.537,0.994,0.559
177,7,0.85,-0.24,-0.514,-0.302,0.03,0.81,1.0,0.832
178,3,0.84,0.033,0.486,-0.029,0.02,0.517,0.59,0.539
179,3,0.83,0.306,1.0,0.244,0.01,0.224,0.18,0.246
180,,0.82,0.296,0.99,0.234,0.0,0.214,0.17,0.236
181,,0.81,0.286,0.98,0.224,-0.01,0.204,0.16,0.226
182,5,0.4,-0.007,0.97,0.497,0.99,0.477,0.15,-0.067
183,5,-0.01,-0.3,0.96,0.77,1.0,0.75,0.14,-0.36
184,8,0.263,-0.31,0.667,0.36,0.707,0.74,0.413,0.64
185,8,0.536,-0.32,0.374,-0.05,0.414,0.73,0.686,1.0
186,2,0.809,0.68,0.647,-0.06,0.121,0.32,0.393,0.99
187,2,1.0,1.0,0.92,-0.07,-0.172,-0.09,0.1,0.98
188,5,0.59,0.707,0.91,0.203,0.828,0.183,0.09,0.687
189,5,0.18,0.414,0.9,0.476,1.0,0.456,0.08,0.394
190,,0.17,0.404,0.89,0.466,0.99,0.446,0.07,0.384
191,,0.16,0.394,0.88,0.456,0.98,0.436,0.06,0.374
192,,0.15,0.384,0.87,0.446,0.97,0.426,0.05,0.364
193,,0.14,0.374,0.86,0.436,0.96,0.416,0.04,0.354
194,,0.13,0.364,0.85,0.426,0.95,0.406,0.03,0.344
195,,0.12,0.354,0.84,0.416,0.94,0.396,0.02,0.334
196,,0.11,0.344,0.83,0.406,0.93,0.386,0.01,0.324
197,,0.1,0.334,0.82,0.396,0.92,0.376,0.0,0.314
198,,0.09,0.324,0.81,0.386,0.91,0.366,-0.01,0.304
199,7,0.08,0.031,0.4,0.093,0.9,0.639,0.99,0.577
200,7,0.07,-0.262,-0.01,-0.2,0.89,0.912,1.0,0.85
201,2,0.343,0.738,0.263,-0.21,0.597,0.502,0.707,0.84
202,2,0.616,1.0,0.536,-0.22,0.304,0.092,0.414,0.83
203,4,0.323,0.99,0.809,0.78,0.577,0.082,0.121,0.42
204,4,0.03,0.98,1.0,1.0,0.85,0.072,-0.172,0.01
205,7,0.02,0.687,0.59,0.707,0.84,0.345,0.828,0.283
206,7,0.01,0.394,0.18,0.414,0.83,0.618,1.0,0.556
207,,0.0,0.384,0.17,0.404,0.82,0.608,0.99,0.546
208,,-0.01,0.374,0.16,0.394,0.81,0.598,0.98,0.536
209,1,0.99,0.647,0.15,0.101,0.4,0.305,0.97,0.809
210,1,1.0,0.92,0.14,-0.192,-0.01,0.012,0.96,1.0
211,4,0.707,0.91,0.413,0.808,0.263,0.002,0.667,0.59
212,4,0.414,0.9,0.686,1.0,0.536,-0.008,0.374,0.18
213,6,0.121,0.49,0.393,0.99,0.809,0.992,0.647,0.17
214,6,-0.172,0.08,0.1,0.98,1.0,1.0,0.92,0.16
215,1,0.828,0.353,0.09,0.687,0.59,0.707,0.91,0.433
216,1,1.0,0.626,0.08,0.394,0.18,0.414,0.9,0.706
217,,0.99,0.616,0.07,0.384,0.17,0.404,0.89,0.696
218,,0.98,0.606,0.06,0.374,0.16,0.394,0.88,0.686
219,,0.97,0.596,0.05,0.364,0.15,0.384,0.87,0.676
220,,0.96,0.586,0.04,0.354,0.14,0.374,0.86,0.666
221,,0.95,0.576,0.03,0.344,0.13,0.364,0.85,0.656
222,,0.94,0.566,0.02,0.334,0.12,0.354,0.84,0.646
223,,0.93,0.556,0.01,0.324,0.11,0.344,0.83,0.636
224,,0.92,0.546,0.0,0.314,0.1,0.334,0.82,0.626
225,,0.91,0.536,-0.01,0.304,0.09,0.324,0.81,0.616
226,3,0.9,0.809,0.99,0.577,0.08,0.031,0.4,0.323
227,3,0.89,1.0,1.0,0.85,0.07,-0.262,-0.01,0.03
228,6,0.597,0.59,0.707,0.84,0.343,0.738,0.263,0.02
229,6,0.304,0.18,0.414,0.83,0.616,1.0,0.536,0.01
230,,0.294,0.17,0.404,0.82,0.606,0.99,0.526,0.0
231,,0.284,0.16,0.394,0.81,0.596,0.98,0.516,-0.01
232,8,0.557,0.15,0.101,0.4,0.303,0.97,0.789,0.99
233,8,0.83,0.14,-0.192,-0.01,0.01,0.96,1.0,1.0
234,3,0.82,0.413,0.808,0.263,0.0,0.667,0.59,0.707
235,3,0.81,0.686,1.0,0.536,-0.01,0.374,0.18,0.414
236,5,0.4,0.393,0.99,0.809,0.99,0.647,0.17,0.121
237,5,-0.01,0.1,0.98,1.0,1.0,0.92,0.16,-0.172
238,8,0.263,0.09,0.687,0.59,0.707,0.91,0.433,0.828
239,8,0.536,0.08,0.394,0.18,0.414,0.9,0.706,1.0
240,,0.526,0.07,0.384,0.17,0.404,0.89,0.696,0.99
241,,0.516,0.06,0.374,0.16,0.394,0.88,0.686,0.98
242,,0.506,0.05,0.364,0.15,0.384,0.87,0.676,0.97
243,,0.496,0.04,0.354,0.14,0.374,0.86,0.666,0.96
244,,0.486,0.03,0.344,0.13,0.364,0.85,0.656,0.95
245,,0.476,0.02,0.334,0.12,0.354,0.84,0.646,0.94
246,,0.466,0.01,0.324,0.11,0.344,0.83,0.636,0.93
247,,0.456,0.0,0.314,0.1,0.334,0.82,0.626,0.92
248,,0.446,-0.01,0.304,0.09,0.324,0.81,0.616,0.91
249,2,0.719,0.99,0.577,0.08,0.031,0.4,0.323,0.9
250,2,0.992,1.0,0.85,0.07,-0.262,-0.01,0.03,0.89
251,5,0.582,0.707,0.84,0.343,0.738,0.263,0.02,0.597
252,5,0.172,0.414,0.83,0.616,1.0,0.536,0.01,0.304
253,,0.162,0.404,0.82,0.606,0.99,0.526,0.0,0.294
254,,0.152,0.394,0.81,0.596,0.98,0.516,-0.01,0.284
255,7,0.142,0.101,0.4,0.303,0.97,0.789,0.99,0.557
256,7,0.132,-0.192,-0.01,0.01,0.96,1.0,1.0,0.83
257,2,0.405,0.808,0.263,0.0,0.667,0.59,0.707,0.82
258,2,0.678,1.0,0.536,-0.01,0.374,0.18,0.414,0.81
259,4,0.385,0.99,0.809,0.99,0.647,0.17,0.121,0.4
260,4,0.092,0.98,1.0,1.0,0.92,0.16,-0.172,-0.01
261,7,0.082,0.687,0.59,0.707,0.91,0.433,0.828,0.263
262,7,0.072,0.394,0.18,0.414,0.9,0.706,1.0,0.536
263,,0.062,0.384,0.17,0.404,0.89,0.696,0.99,0.526
264,,0.052,0.374,0.16,0.394,0.88,0.686,0.98,0.516
265,,0.042,0.364,0.15,0.384,0.87,0.676,0.97,0.506
266,,0.032,0.354,0.14,0.374,0.86,0.666,0.96,0.496
267,,0.022,0.344,0.13,0.364,0.85,0.656,0.95,0.486
268,,0.012,0.334,0.12,0.354,0.84,0.646,0.94,0.476
269,,0.002,0.324,0.11,0.344,0.83,0.636,0.93,0.466
270,,-0.008,0.314,0.1,0.334,0.82,0.626,0.92,0.456
271,1,0.992,0.587,0.09,0.041,0.41,0.333,0.91,0.729
272,1,1.0,0.86,0.08,-0.252,-0.0,0.04,0.9,1.0
273,4,0.707,0.85,0.353,0.748,0.273,0.03,0.607,0.59
274,4,0.414,0.84,0.626,1.0,0.546,0.02,0.314,0.18
275,,0.404,0.83,0.616,0.99,0.536,0.01,0.304,0.17
276,,0.394,0.82,0.606,0.98,0.526,0.0,0.294,0.16
277,,0.384,0.81,0.596,0.97,0.516,-0.01,0.284,0.15
278,6,0.091,0.4,0.303,0.96,0.789,0.99,0.557,0.14
279,6,-0.202,-0.01,0.01,0.95,1.0,1.0,0.83,0.13
280,1,0.798,0.263,0.0,0.657,0.59,0.707,0.82,0.403
281,1,1.0,0.536,-0.01,0.364,0.18,0.414,0.81,0.676
282,3,0.99,0.809,0.99,0.637,0.17,0.121,0.4,0.383
283,3,0.98,1.0,1.0,0.91,0.16,-0.172,-0.01,0.09
284,6,0.687,0.59,0.707,0.9,0.433,0.828,0.263,0.08
285,6,0.394,0.18,0.414,0.89,0.706,1.0,0.536,0.07
286,,0.384,0.17,0.404,0.88,0.696,0.99,0.526,0.06
287,,0.374,0.16,0.394,0.87,0.686,0.98,0.516,0.05
288,,0.364,0.15,0.384,0.86,0.676,0.97,0.506,0.04
289,,0.354,0.14,0.374,0.85,0.666,0.96,0.496,0.03
290,,0.344,0.13,0.364,0.84,0.656,0.95,0.486,0.02
291,,0.334,0.12,0.354,0.83,0.646,0.94,0.476,0.01
292,,0.324,0.11,0.344,0.82,0.636,0.93,0.466,0.0
293,,0.314,0.1,0.334,0.81,0.626,0.92,0.456,-0.01
294,8,0.587,0.09,0.041,0.4,0.333,0.91,0.729,0.99
295,8,0.86,0.08,-0.252,-0.01,0.04,0.9,1.0,1.0
296,3,0.85,0.353,0.748,0.263,0.03,0.607,0.59,0.707
297,3,0.84,0.626,1.0,0.536,0.02,0.314,0.18,0.414
298,,0.83,0.616,0.99,0.526,0.01,0.304,0.17,0.404
299,,0.82,0.606,0.98,0.516,0.0,0.294,0.16,0.394
300,,0.81,0.596,0.97,0.506,-0.01,0.284,0.15,0.384
301,5,0.4,0.303,0.96,0.779,0.99,0.557,0.14,0.091
302,5,-0.01,0.01,0.95,1.0,1.0,0.83,0.13,-0.202
303,8,0.263,0.0,0.657,0.59,0.707,0.82,0.403,0.798
304,8,0.536,-0.01,0.364,0.18,0.414,0.81,0.676,1.0
305,2,0.809,0.99,0.637,0.17,0.121,0.4,0.383,0.99
306,2,1.0,1.0,0.91,0.16,-0.172,-0.01,0.09,0.98
307,5,0.59,0.707,0.9,0.433,0.828,0.263,0.08,0.687
308,5,0.18,0.414,0.89,0.706,1.0,0.536,0.07,0.394
309,,0.17,0.404,0.88,0.696,0.99,0.526,0.06,0.384
310,,0.16,0.394,0.87,0.686,0.98,0.516,0.05,0.374
311,,0.15,0.384,0.86,0.676,0.97,0.506,0.04,0.364
312,,0.14,0.374,0.85,0.666,0.96,0.496,0.03,0.354
313,,0.13,0.364,0.84,0.656,0.95,0.486,0.02,0.344
314,,0.12,0.354,0.83,0.646,0.94,0.476,0.01,0.334
315,,0.11,0.344,0.82,0.636,0.93,0.466,0.0,0.324
316,,0.1,0.334,0.81,0.626,0.92,0.456,-0.01,0.314
317,7,0.09,0.041,0.4,0.333,0.91,0.729,0.99,0.587
318,7,0.08,-0.252,-0.01,0.04,0.9,1.0,1.0,0.86
319,2,0.353,0.748,0.263,0.03,0.607,0.59,0.707,0.85
320,2,0.626,1.0,0.536,0.02,0.314,0.18,0.414,0.84
321,,0.616,0.99,0.526,0.01,0.304,0.17,0.404,0.83
322,,0.606,0.98,0.516,0.0,0.294,0.16,0.394,0.82
323,,0.596,0.97,0.506,-0.01,0.284,0.15,0.384,0.81
324,4,0.303,0.96,0.779,0.99,0.557,0.14,0.091,0.4
325,4,0.01,0.95,1.0,1.0,0.83,0.13,-0.202,-0.01
326,7,0.0,0.657,0.59,0.707,0.82,0.403,0.798,0.263
327,7,-0.01,0.364,0.18,0.414,0.81,0.676,1.0,0.536
328,1,0.99,0.637,0.17,0.121,0.4,0.383,0.99,0.809
329,1,1.0,0.91,0.16,-0.172,-0.01,0.09,0.98,1.0
330,4,0.707,0.9,0.433,0.828,0.263,0.08,0.687,0.59
331,4,0.414,0.89,0.706,1.0,0.536,0.07,0.394,0.18
332,,0.404,0.88,0.696,0.99,0.526,0.06,0.384,0.17
333,,0.394,0.87,0.686,0.98,0.516,0.05,0.374,0.16
334,,0.384,0.86,0.676,0.97,0.506,0.04,0.364,0.15
335,,0.374,0.85,0.666,0.96,0.496,0.03,0.354,0.14
336,,0.364,0.84,0.656,0.95,0.486,0.02,0.344,0.13
337,,0.354,0.83,0.646,0.94,0.476,0.01,0.334,0.12
338,,0.344,0.82,0.636,0.93,0.466,0.0,0.324,0.11
339,,0.334,0.81,0.626,0.92,0.456,-0.01,0.314,0.1
340,6,0.041,0.4,0.333,0.91,0.729,0.99,0.587,0.09
341,6,-0.252,-0.01,0.04,0.9,1.0,1.0,0.86,0.08
342,1,0.748,0.263,0.03,0.607,0.59,0.707,0.85,0.353
343,1,1.0,0.536,0.02,0.314,0.18,0.414,0.84,0.626
344,,0.99,0.526,0.01,0.304,0.17,0.404,0.83,0.616
345,,0.98,0.516,0.0,0.294,0.16,0.394,0.82,0.606
346,,0.97,0.506,-0.01,0.284,0.15,0.384,0.81,0.596
347,3,0.96,0.779,0.99,0.557,0.14,0.091,0.4,0.303
348,3,0.95,1.0,1.0,0.83,0.13,-0.202,-0.01,0.01
349,6,0.657,0.59,0.707,0.82,0.403,0.798,0.263,0.0
350,6,0.364,0.18,0.414,0.81,0.676,1.0,0.536,-0.01
351,8,0.637,0.17,0.121,0.4,0.383,0.99,0.809,0.99
352,8,0.91,0.16,-0.172,-0.01,0.09,0.98,1.0,1.0
353,3,0.9,0.433,0.828,0.263,0.08,0.687,0.59,0.707
354,3,0.89,0.706,1.0,0.536,0.07,0.394,0.18,0.414
355,,0.88,0.696,0.99,0.526,0.06,0.384,0.17,0.404
356,,0.87,0.686,0.98,0.516,0.05,0.374,0.16,0.394
357,,0.86,0.676,0.97,0.506,0.04,0.364,0.15,0.384
358,,0.85,0.666,0.96,0.496,0.03,0.354,0.14,0.374
359,,0.84,0.656,0.95,0.486,0.02,0.344,0.13,0.364
360,,0.83,0.646,0.94,0.476,0.01,0.334,0.12,0.354
361,,0.82,0.636,0.93,0.466,0.0,0.324,0.11,0.344
362,,0.81,0.626,0.92,0.456,-0.01,0.314,0.1,0.334
363,5,0.4,0.333,0.91,0.729,0.99,0.587,0.09,0.041
364,5,-0.01,0.04,0.9,1.0,1.0,0.86,0.08,-0.252
365,8,0.263,0.03,0.607,0.59,0.707,0.85,0.353,0.748
366,8,0.536,0.02,0.314,0.18,0.414,0.84,0.626,1.0
367,,0.526,0.01,0.304,0.17,0.404,0.83,0.616,0.99
368,,0.516,0.0,0.294,0.16,0.394,0.82,0.606,0.98
369,,0.506,-0.01,0.284,0.15,0.384,0.81,0.596,0.97
370,2,0.779,0.99,0.557,0.14,0.091,0.4,0.303,0.96
371,2,1.0,1.0,0.83,0.13,-0.202,-0.01,0.01,0.95
372,5,0.59,0.707,0.82,0.403,0.798,0.263,0.0,0.657
373,5,0.18,0.414,0.81,0.676,1.0,0.536,-0.01,0.364
374,7,0.17,0.121,0.4,0.383,0.99,0.809,0.99,0.637
375,7,0.16,-0.172,-0.01,0.09,0.98,1.0,1.0,0.91
376,2,0.433,0.828,0.263,0.08,0.687,0.59,0.707,0.9
377,2,0.706,1.0,0.536,0.07,0.394,0.18,0.414,0.89
378,,0.696,0.99,0.526,0.06,0.384,0.17,0.404,0.88
379,,0.686,0.98,0.516,0.05,0.374,0.16,0.394,0.87
380,,0.676,0.97,0.506,0.04,0.364,0.15,0.384,0.86
381,,0.666,0.96,0.496,0.03,0.354,0.14,0.374,0.85
382,,0.656,0.95,0.486,0.02,0.344,0.13,0.364,0.84
383,,0.646,0.94,0.476,0.01,0.334,0.12,0.354,0.83
384,,0.636,0.93,0.466,0.0,0.324,0.11,0.344,0.82
385,,0.626,0.92,0.456,-0.01,0.314,0.1,0.334,0.81
386,4,0.333,0.91,0.729,0.99,0.587,0.09,0.041,0.4
387,4,0.04,0.9,1.0,1.0,0.86,0.08,-0.252,-0.01
388,7,0.03,0.607,0.59,0.707,0.85,0.353,0.748,0.263
389,7,0.02,0.314,0.18,0.414,0.84,0.626,1.0,0.536
390,,0.01,0.304,0.17,0.404,0.83,0.616,0.99,0.526
391,,0.0,0.294,0.16,0.394,0.82,0.606,0.98,0.516
392,,-0.01,0.284,0.15,0.384,0.81,0.596,0.97,0.506
393,1,0.99,0.557,0.14,0.091,0.4,0.303,0.96,0.779
394,1,1.0,0.83,0.13,-0.202,-0.01,0.01,0.95,1.0
395,4,0.707,0.82,0.403,0.798,0.263,0.0,0.657,0.59
396,4,0.414,0.81,0.676,1.0,0.536,-0.01,0.364,0.18
397,6,0.121,0.4,0.383,0.99,0.809,0.99,0.637,0.17
398,6,-0.172,-0.01,0.09,0.98,1.0,1.0,0.91,0.16
399,1,0.828,0.263,0.08,0.687,0.59,0.707,0.9,0.433
400,1,1.0,0.536,0.07,0.394,0.18,0.414,0.89,0.706
401,,0.99,0.526,0.06,0.384,0.17,0.404,0.88,0.696
402,,0.98,0.516,0.05,0.374,0.16,0.394,0.87,0.686
403,,0.97,0.506,0.04,0.364,0.15,0.384,0.86,0.676
404,,0.96,0.496,0.03,0.354,0.14,0.374,0.85,0.666
405,,0.95,0.486,0.02,0.344,0.13,0.364,0.84,0.656
406,,0.94,0.476,0.01,0.334,0.12,0.354,0.83,0.646
407,,0.93,0.466,0.0,0.324,0.11,0.344,0.82,0.636
408,,0.92,0.456,-0.01,0.314,0.1,0.334,0.81,0.626
409,3,0.91,0.729,0.99,0.587,0.09,0.041,0.4,0.333
410,3,0.9,1.0,1.0,0.86,0.08,-0.252,-0.01,0.04
411,6,0.607,0.59,0.707,0.85,0.353,0.748,0.263,0.03
412,6,0.314,0.18,0.414,0.84,0.626,1.0,0.536,0.02
413,,0.304,0.17,0.404,0.83,0.616,0.99,0.526,0.01
414,,0.294,0.16,0.394,0.82,0.606,0.98,0.516,0.0
415,,0.284,0.15,0.384,0.81,0.596,0.97,0.506,-0.01
416,8,0.557,0.14,0.091,0.4,0.303,0.96,0.779,0.99
417,8,0.83,0.13,-0.202,-0.01,0.01,0.95,1.0,1.0
418,3,0.82,0.403,0.798,0.263,0.0,0.657,0.59,0.707
419,3,0.81,0.676,1.0,0.536,-0.01,0.364,0.18,0.414
420,5,0.4,0.383,0.99,0.809,0.99,0.637,0.17,0.121
421,5,-0.01,0.09,0.98,1.0,1.0,0.91,0.16,-0.172
422,8,0.263,0.08,0.687,0.59,0.707,0.9,0.433,0.828
423,8,0.536,0.07,0.394,0.18,0.414,0.89,0.706,1.0
424,,0.526,0.06,0.384,0.17,0.404,0.88,0.696,0.99
425,,0.516,0.05,0.374,0.16,0.394,0.87,0.686,0.98
426,,0.506,0.04,0.364,0.15,0.384,0.86,0.676,0.97
427,,0.496,0.03,0.354,0.14,0.374,0.85,0.666,0.96
428,,0.486,0.02,0.344,0.13,0.364,0.84,0.656,0.95
429,,0.476,0.01,0.334,0.12,0.354,0.83,0.646,0.94
430,,0.466,0.0,0.324,0.11,0.344,0.82,0.636,0.93
431,,0.456,-0.01,0.314,0.1,0.334,0.81,0.626,0.92
432,2,0.729,0.99,0.587,0.09,0.041,0.4,0.333,0.91
433,2,1.0,1.0,0.86,0.08,-0.252,-0.01,0.04,0.9
434,5,0.59,0.707,0.85,0.353,0.748,0.263,0.03,0.607
435,5,0.18,0.414,0.84,0.626,1.0,0.536,0.02,0.314
436,,0.17,0.404,0.83,0.616,0.99,0.526,0.01,0.304
437,,0.16,0.394,0.82,0.606,0.98,0.516,0.0,0.294
438,,0.15,0.384,0.81,0.596,0.97,0.506,-0.01,0.284
439,7,0.14,0.091,0.4,0.303,0.96,0.779,0.99,0.557
440,7,0.13,-0.202,-0.01,0.01,0.95,1.0,1.0,0.83
441,2,0.403,0.798,0.263,0.0,0.657,0.59,0.707,0.82
442,2,0.676,1.0,0.536,-0.01,0.364,0.18,0.414,0.81
443,4,0.383,0.99,0.809,0.99,0.637,0.17,0.121,0.4
444,4,0.09,0.98,1.0,1.0,0.91,0.16,-0.172,-0.01
445,7,0.08,0.687,0.59,0.707,0.9,0.433,0.828,0.263
446,7,0.07,0.394,0.18,0.414,0.89,0.706,1.0,0.536
447,,0.06,0.384,0.17,0.404,0.88,0.696,0.99,0.526
448,,0.05,0.374,0.16,0.394,0.87,0.686,0.98,0.516
449,,0.04,0.364,0.15,0.384,0.86,0.676,0.97,0.506
450,,0.03,0.354,0.14,0.374,0.85,0.666,0.96,0.496
451,,0.02,0.344,0.13,0.364,0.84,0.656,0.95,0.486
452,,0.01,0.334,0.12,0.354,0.83,0.646,0.94,0.476
453,,0.0,0.324,0.11,0.344,0.82,0.636,0.93,0.466
454,,-0.01,0.314,0.1,0.334,0.81,0.626,0.92,0.456
455,1,0.99,0.587,0.09,0.041,0.4,0.333,0.91,0.729
456,1,1.0,0.86,0.08,-0.252,-0.01,0.04,0.9,1.0
457,4,0.707,0.85,0.353,0.748,0.263,0.03,0.607,0.59
458,4,0.414,0.84,0.626,1.0,0.536,0.02,0.314,0.18
459,,0.404,0.83,0.616,0.99,0.526,0.01,0.304,0.17
460,,0.394,0.82,0.606,0.98,0.516,0.0,0.294,0.16
461,,0.384,0.81,0.596,0.97,0.506,-0.01,0.284,0.15
462,6,0.091,0.4,0.303,0.96,0.779,0.99,0.557,0.14
463,6,-0.202,-0.01,0.01,0.95,1.0,1.0,0.83,0.13
464,1,0.798,0.263,0.0,0.657,0.59,0.707,0.82,0.403
465,1,1.0,0.536,-0.01,0.364,0.18,0.414,0.81,0.676
466,3,0.99,0.809,0.99,0.637,0.17,0.121,0.4,0.383
467,3,0.98,1.0,1.0,0.91,0.16,-0.172,-0.01,0.09
468,6,0.687,0.59,0.707,0.9,0.433,0.828,0.263,0.08
469,6,0.394,0.18,0.414,0.89,0.706,1.0,0.536,0.07
470,,0.384,0.17,0.404,0.88,0.696,0.99,0.526,0.06
471,,0.374,0.16,0.394,0.87,0.686,0.98,0.516,0.05
472,,0.364,0.15,0.384,0.86,0.676,0.97,0.506,0.04
473,,0.354,0.14,0.374,0.85,0.666,0.96,0.496,0.03
474,,0.344,0.13,0.364,0.84,0.656,0.95,0.486,0.02
475,,0.334,0.12,0.354,0.83,0.646,0.94,0.476,0.01
476,,0.324,0.11,0.344,0.82,0.636,0.93,0.466,0.0
477,,0.314,0.1,0.334,0.81,0.626,0.92,0.456,-0.01
478,8,0.587,0.09,0.041,0.4,0.333,0.91,0.729,0.99
479,8,0.86,0.08,-0.252,-0.01,0.04,0.9,1.0,1.0
480,3,0.85,0.353,0.748,0.263,0.03,0.607,0.59,0.707
481,3,0.84,0.626,1.0,0.536,0.02,0.314,0.18,0.414
482,,0.83,0.616,0.99,0.526,0.01,0.304,0.17,0.404
483,,0.82,0.606,0.98,0.516,0.0,0.294,0.16,0.394
484,,0.81,0.596,0.97,0.506,-0.01,0.284,0.15,0.384
485,5,0.4,0.303,0.96,0.779,0.99,0.557,0.14,0.091
486,5,-0.01,0.01,0.95,1.0,1.0,0.83,0.13,-0.202
487,8,0.263,0.0,0.657,0.59,0.707,0.82,0.403,0.798
488,8,0.536,-0.01,0.364,0.18,0.414,0.81,0.676,1.0
489,2,0.809,0.99,0.637,0.17,0.121,0.4,0.383,0.99
490,2,1.0,1.0,0.91,0.16,-0.172,-0.01,0.09,0.98
491,5,0.59,0.707,0.9,0.433,0.828,0.263,0.08,0.687
492,5,0.18,0.414,0.89,0.706,1.0,0.536,0.07,0.394
493,,0.17,0.404,0.88,0.696,0.99,0.526,0.06,0.384
494,,0.16,0.394,0.87,0.686,0.98,0.516,0.05,0.374
495,,0.15,0.384,0.86,0.676,0.97,0.506,0.04,0.364
496,,0.14,0.374,0.85,0.666,0.96,0.496,0.03,0.354
497,,0.13,0.364,0.84,0.656,0.95,0.486,0.02,0.344
498,,0.12,0.354,0.83,0.646,0.94,0.476,0.01,0.334
499,,0.11,0.344,0.82,0.636,0.93,0.466,0.0,0.324
