step,active_motive,motive_1,motive_2,motive_3,motive_4,motive_5,motive_6,motive_7,motive_8
0,,0.39267,0.33449,0.29034,0.18614,0.47007,0.48683,0.14196,0.15268
1,,0.38267,0.32449,0.28034,0.17614,0.46007,0.47683,0.13196,0.14268
2,,0.37267,0.31449,0.27034,0.16614,0.45007,0.46683,0.12196,0.13268
3,,0.36267,0.30449,0.26034,0.15614,0.44007,0.45683,0.11196,0.12268
4,,0.35267,0.29449,0.25034,0.14614,0.43007,0.44683,0.10196,0.11268
5,,0.34267,0.28449,0.24034,0.13614,0.42007,0.43683,0.09196,0.10268
6,,0.33267,0.27449,0.23034,0.12614,0.41007,0.42683,0.08196,0.09268
7,,0.32267,0.26449,0.22034,0.11614,0.40007,0.41683,0.07196,0.08268
8,,0.31267,0.25449,0.21034,0.10614,0.39007,0.40683,0.06196,0.07268
9,,0.30267,0.24449,0.20034,0.09614,0.38007,0.39683,0.05196,0.06268
10,,0.29267,0.23449,0.19034,0.08614,0.37007,0.38683,0.04196,0.05268
11,,0.28267,0.22449,0.18034,0.07614,0.36007,0.37683,0.03196,0.04268
12,,0.27267,0.21449,0.17034,0.06614,0.35007,0.36683,0.02196,0.03268
13,,0.26267,0.20449,0.16034,0.05614,0.34007,0.35683,0.01196,0.02268
14,,0.25267,0.19449,0.15034,0.04614,0.33007,0.34683,0.00196,0.01268
15,,0.24267,0.18449,0.14034,0.03614,0.32007,0.33683,-0.00804,0.00268
16,7,0.23267,-0.10851,-0.26966,-0.25686,0.31007,0.60983,0.99196,0.27568
17,7,0.22267,-0.40151,-0.67966,-0.54986,0.30007,0.88283,1.0,0.54868
18,3,0.21267,-0.12851,0.32034,-0.27686,0.29007,0.58983,0.59,0.25568
19,3,0.20267,0.14449,1.0,-0.00386,0.28007,0.29683,0.18,-0.03732
20,8,0.47567,0.13449,0.707,-0.41386,-0.01293,0.28683,0.453,0.96268
21,8,0.74867,0.12449,0.414,-0.82386,-0.30593,0.27683,0.726,1.0
22,4,0.45567,0.11449,0.687,0.17614,-0.03293,0.26683,0.433,0.59
23,4,0.16267,0.10449,0.96,1.0,0.24007,0.25683,0.14,0.18
24,,0.15267,0.09449,0.95,0.99,0.23007,0.24683,0.13,0.17
25,,0.14267,0.08449,0.94,0.98,0.22007,0.23683,0.12,0.16
26,,0.13267,0.07449,0.93,0.97,0.21007,0.22683,0.11,0.15
27,,0.12267,0.06449,0.92,0.96,0.20007,0.21683,0.1,0.14
28,,0.11267,0.05449,0.91,0.95,0.19007,0.20683,0.09,0.13
29,,0.10267,0.04449,0.9,0.94,0.18007,0.19683,0.08,0.12
30,,0.09267,0.03449,0.89,0.93,0.17007,0.18683,0.07,0.11
31,,0.08267,0.02449,0.88,0.92,0.16007,0.17683,0.06,0.1
32,,0.07267,0.01449,0.87,0.91,0.15007,0.16683,0.05,0.09
33,,0.06267,0.00449,0.86,0.9,0.14007,0.15683,0.04,0.08
34,,0.05267,-0.00551,0.85,0.89,0.13007,0.14683,0.03,0.07
35,2,0.32567,0.99449,1.0,0.88,-0.16293,-0.26317,-0.263,0.06
36,2,0.59867,1.0,1.0,0.87,-0.45593,-0.67317,-0.556,0.05
37,6,0.30567,0.59,0.707,0.86,-0.18293,0.32683,-0.283,0.04
38,6,0.01267,0.18,0.414,0.85,0.09007,1.0,-0.01,0.03
39,7,0.00267,-0.113,0.004,0.557,0.08007,1.0,0.99,0.303
40,7,-0.00733,-0.406,-0.406,0.264,0.07007,1.0,1.0,0.576
41,3,-0.01733,-0.133,0.594,0.537,0.06007,0.707,0.59,0.283
42,3,-0.02733,0.14,1.0,0.81,0.05007,0.414,0.18,-0.01
43,1,0.97267,0.413,0.99,0.517,-0.35993,0.121,0.17,0.263
44,1,1.0,0.686,0.98,0.224,-0.76993,-0.172,0.16,0.536
45,5,0.59,0.393,0.97,0.497,0.23007,0.101,0.15,0.243
46,5,0.18,0.1,0.96,0.77,1.0,0.374,0.14,-0.05
47,8,0.453,0.09,0.667,0.36,0.707,0.364,0.413,0.95
48,8,0.726,0.08,0.374,-0.05,0.414,0.354,0.686,1.0
49,4,0.433,0.07,0.647,0.95,0.687,0.344,0.393,0.59
50,4,0.14,0.06,0.92,1.0,0.96,0.334,0.1,0.18
51,,0.13,0.05,0.91,0.99,0.95,0.324,0.09,0.17
52,,0.12,0.04,0.9,0.98,0.94,0.314,0.08,0.16
53,,0.11,0.03,0.89,0.97,0.93,0.304,0.07,0.15
54,,0.1,0.02,0.88,0.96,0.92,0.294,0.06,0.14
55,,0.09,0.01,0.87,0.95,0.91,0.284,0.05,0.13
56,,0.08,0.0,0.86,0.94,0.9,0.274,0.04,0.12
57,,0.07,-0.01,0.85,0.93,0.89,0.264,0.03,0.11
58,2,0.343,0.99,1.0,0.92,0.597,-0.146,-0.263,0.1
59,2,0.616,1.0,1.0,0.91,0.304,-0.556,-0.556,0.09
60,7,0.606,0.707,0.59,0.617,0.294,-0.283,0.444,0.363
61,7,0.596,0.414,0.18,0.324,0.284,-0.01,1.0,0.636
62,6,0.303,0.004,-0.113,0.314,0.557,0.99,1.0,0.626
63,6,0.01,-0.406,-0.406,0.304,0.83,1.0,1.0,0.616
64,2,0.283,0.594,-0.133,0.294,0.537,0.59,0.707,0.606
65,2,0.556,1.0,0.14,0.284,0.244,0.18,0.414,0.596
66,,0.546,0.99,0.13,0.274,0.234,0.17,0.404,0.586
67,,0.536,0.98,0.12,0.264,0.224,0.16,0.394,0.576
68,,0.526,0.97,0.11,0.254,0.214,0.15,0.384,0.566
69,,0.516,0.96,0.1,0.244,0.204,0.14,0.374,0.556
70,,0.506,0.95,0.09,0.234,0.194,0.13,0.364,0.546
71,,0.496,0.94,0.08,0.224,0.184,0.12,0.354,0.536
72,,0.486,0.93,0.07,0.214,0.174,0.11,0.344,0.526
73,,0.476,0.92,0.06,0.204,0.164,0.1,0.334,0.516
74,,0.466,0.91,0.05,0.194,0.154,0.09,0.324,0.506
75,,0.456,0.9,0.04,0.184,0.144,0.08,0.314,0.496
76,,0.446,0.89,0.03,0.174,0.134,0.07,0.304,0.486
77,,0.436,0.88,0.02,0.164,0.124,0.06,0.294,0.476
78,,0.426,0.87,0.01,0.154,0.114,0.05,0.284,0.466
79,,0.416,0.86,0.0,0.144,0.104,0.04,0.274,0.456
80,,0.406,0.85,-0.01,0.134,0.094,0.03,0.264,0.446
81,3,0.396,1.0,0.99,0.407,0.084,-0.263,-0.146,0.153
82,3,0.386,1.0,1.0,0.68,0.074,-0.556,-0.556,-0.14
83,7,0.376,0.707,0.59,0.387,0.064,-0.283,0.444,0.133
84,7,0.366,0.414,0.18,0.094,0.054,-0.01,1.0,0.406
85,6,0.073,0.004,-0.113,0.084,0.327,0.99,1.0,0.396
86,6,-0.22,-0.406,-0.406,0.074,0.6,1.0,1.0,0.386
87,2,0.053,0.594,-0.133,0.064,0.307,0.59,0.707,0.376
88,2,0.326,1.0,0.14,0.054,0.014,0.18,0.414,0.366
89,,0.316,0.99,0.13,0.044,0.004,0.17,0.404,0.356
90,,0.306,0.98,0.12,0.034,-0.006,0.16,0.394,0.346
91,5,-0.104,0.687,0.11,0.307,0.994,0.433,0.384,0.053
92,5,-0.514,0.394,0.1,0.58,1.0,0.706,0.374,-0.24
93,1,0.486,0.667,0.09,0.287,0.59,0.413,0.364,0.033
94,1,1.0,0.94,0.08,-0.006,0.18,0.12,0.354,0.306
95,4,0.707,0.93,0.353,0.994,0.453,0.11,0.061,-0.104
96,4,0.414,0.92,0.626,1.0,0.726,0.1,-0.232,-0.514
97,8,0.687,0.91,0.333,0.59,0.433,0.09,0.041,0.486
98,8,0.96,0.9,0.04,0.18,0.14,0.08,0.314,1.0
99,,0.95,0.89,0.03,0.17,0.13,0.07,0.304,0.99
100,,0.94,0.88,0.02,0.16,0.12,0.06,0.294,0.98
101,,0.93,0.87,0.01,0.15,0.11,0.05,0.284,0.97
102,,0.92,0.86,0.0,0.14,0.1,0.04,0.274,0.96
103,,0.91,0.85,-0.01,0.13,0.09,0.03,0.264,0.95
104,3,0.9,1.0,0.99,0.403,0.08,-0.263,-0.146,0.657
105,3,0.89,1.0,1.0,0.676,0.07,-0.556,-0.556,0.364
106,6,0.597,0.59,0.707,0.666,0.343,0.444,-0.283,0.354
107,6,0.304,0.18,0.414,0.656,0.616,1.0,-0.01,0.344
108,7,0.294,-0.113,0.004,0.363,0.606,1.0,0.99,0.617
109,7,0.284,-0.406,-0.406,0.07,0.596,1.0,1.0,0.89
110,3,0.274,-0.133,0.594,0.343,0.586,0.707,0.59,0.597
111,3,0.264,0.14,1.0,0.616,0.576,0.414,0.18,0.304
112,,0.254,0.13,0.99,0.606,0.566,0.404,0.17,0.294
113,,0.244,0.12,0.98,0.596,0.556,0.394,0.16,0.284
114,,0.234,0.11,0.97,0.586,0.546,0.384,0.15,0.274
115,,0.224,0.1,0.96,0.576,0.536,0.374,0.14,0.264
116,,0.214,0.09,0.95,0.566,0.526,0.364,0.13,0.254
117,,0.204,0.08,0.94,0.556,0.516,0.354,0.12,0.244
118,,0.194,0.07,0.93,0.546,0.506,0.344,0.11,0.234
119,,0.184,0.06,0.92,0.536,0.496,0.334,0.1,0.224
120,,0.174,0.05,0.91,0.526,0.486,0.324,0.09,0.214
121,,0.164,0.04,0.9,0.516,0.476,0.314,0.08,0.204
122,,0.154,0.03,0.89,0.506,0.466,0.304,0.07,0.194
123,,0.144,0.02,0.88,0.496,0.456,0.294,0.06,0.184
124,,0.134,0.01,0.87,0.486,0.446,0.284,0.05,0.174
125,,0.124,0.0,0.86,0.476,0.436,0.274,0.04,0.164
126,,0.114,-0.01,0.85,0.466,0.426,0.264,0.03,0.154
127,2,0.387,0.99,1.0,0.456,0.133,-0.146,-0.263,0.144
128,2,0.66,1.0,1.0,0.446,-0.16,-0.556,-0.556,0.134
129,6,0.367,0.59,0.707,0.436,0.113,0.444,-0.283,0.124
130,6,0.074,0.18,0.414,0.426,0.386,1.0,-0.01,0.114
131,7,0.064,-0.113,0.004,0.133,0.376,1.0,0.99,0.387
132,7,0.054,-0.406,-0.406,-0.16,0.366,1.0,1.0,0.66
133,3,0.044,-0.133,0.594,0.113,0.356,0.707,0.59,0.367
134,3,0.034,0.14,1.0,0.386,0.346,0.414,0.18,0.074
135,,0.024,0.13,0.99,0.376,0.336,0.404,0.17,0.064
136,,0.014,0.12,0.98,0.366,0.326,0.394,0.16,0.054
137,,0.004,0.11,0.97,0.356,0.316,0.384,0.15,0.044
138,,-0.006,0.1,0.96,0.346,0.306,0.374,0.14,0.034
139,1,0.994,0.373,0.95,0.053,-0.104,0.081,0.13,0.307
140,1,1.0,0.646,0.94,-0.24,-0.514,-0.212,0.12,0.58
141,5,0.59,0.353,0.93,0.033,0.486,0.061,0.11,0.287
142,5,0.18,0.06,0.92,0.306,1.0,0.334,0.1,-0.006
143,8,0.453,0.05,0.627,-0.104,0.707,0.324,0.373,0.994
144,8,0.726,0.04,0.334,-0.514,0.414,0.314,0.646,1.0
145,4,0.433,0.03,0.607,0.486,0.687,0.304,0.353,0.59
146,4,0.14,0.02,0.88,1.0,0.96,0.294,0.06,0.18
147,,0.13,0.01,0.87,0.99,0.95,0.284,0.05,0.17
148,,0.12,0.0,0.86,0.98,0.94,0.274,0.04,0.16
149,,0.11,-0.01,0.85,0.97,0.93,0.264,0.03,0.15
150,2,0.383,0.99,1.0,0.96,0.637,-0.146,-0.263,0.14
151,2,0.656,1.0,1.0,0.95,0.344,-0.556,-0.556,0.13
152,6,0.363,0.59,0.707,0.94,0.617,0.444,-0.283,0.12
153,6,0.07,0.18,0.414,0.93,0.89,1.0,-0.01,0.11
154,7,0.06,-0.113,0.004,0.637,0.88,1.0,0.99,0.383
155,7,0.05,-0.406,-0.406,0.344,0.87,1.0,1.0,0.656
156,3,0.04,-0.133,0.594,0.617,0.86,0.707,0.59,0.363
157,3,0.03,0.14,1.0,0.89,0.85,0.414,0.18,0.07
158,,0.02,0.13,0.99,0.88,0.84,0.404,0.17,0.06
159,,0.01,0.12,0.98,0.87,0.83,0.394,0.16,0.05
160,,0.0,0.11,0.97,0.86,0.82,0.384,0.15,0.04
161,,-0.01,0.1,0.96,0.85,0.81,0.374,0.14,0.03
162,1,0.99,0.373,0.95,0.557,0.4,0.081,0.13,0.303
163,1,1.0,0.646,0.94,0.264,-0.01,-0.212,0.12,0.576
164,6,0.707,0.236,0.647,0.254,0.263,0.788,0.393,0.566
165,6,0.414,-0.174,0.354,0.244,0.536,1.0,0.666,0.556
166,2,0.687,0.826,0.627,0.234,0.243,0.59,0.373,0.546
167,2,0.96,1.0,0.9,0.224,-0.05,0.18,0.08,0.536
168,5,0.55,0.707,0.89,0.497,0.95,0.453,0.07,0.243
169,5,0.14,0.414,0.88,0.77,1.0,0.726,0.06,-0.05
170,8,0.413,0.404,0.587,0.36,0.707,0.716,0.333,0.95
171,8,0.686,0.394,0.294,-0.05,0.414,0.706,0.606,1.0
172,4,0.393,0.384,0.567,0.95,0.687,0.696,0.313,0.59
173,4,0.1,0.374,0.84,1.0,0.96,0.686,0.02,0.18
174,,0.09,0.364,0.83,0.99,0.95,0.676,0.01,0.17
175,,0.08,0.354,0.82,0.98,0.94,0.666,0.0,0.16
176,,0.07,0.344,0.81,0.97,0.93,0.656,-0.01,0.15
177,7,0.06,0.051,0.4,0.677,0.92,0.929,0.99,0.423
178,7,0.05,-0.242,-0.01,0.384,0.91,1.0,1.0,0.696
179,2,0.323,0.758,0.263,0.374,0.617,0.59,0.707,0.686
180,2,0.596,1.0,0.536,0.364,0.324,0.18,0.414,0.676
181,,0.586,0.99,0.526,0.354,0.314,0.17,0.404,0.666
182,,0.576,0.98,0.516,0.344,0.304,0.16,0.394,0.656
183,,0.566,0.97,0.506,0.334,0.294,0.15,0.384,0.646
184,,0.556,0.96,0.496,0.324,0.284,0.14,0.374,0.636
185,,0.546,0.95,0.486,0.314,0.274,0.13,0.364,0.626
186,,0.536,0.94,0.476,0.304,0.264,0.12,0.354,0.616
187,,0.526,0.93,0.466,0.294,0.254,0.11,0.344,0.606
188,,0.516,0.92,0.456,0.284,0.244,0.1,0.334,0.596
189,,0.506,0.91,0.446,0.274,0.234,0.09,0.324,0.586
190,,0.496,0.9,0.436,0.264,0.224,0.08,0.314,0.576
191,,0.486,0.89,0.426,0.254,0.214,0.07,0.304,0.566
192,,0.476,0.88,0.416,0.244,0.204,0.06,0.294,0.556
193,,0.466,0.87,0.406,0.234,0.194,0.05,0.284,0.546
194,,0.456,0.86,0.396,0.224,0.184,0.04,0.274,0.536
195,,0.446,0.85,0.386,0.214,0.174,0.03,0.264,0.526
196,,0.436,0.84,0.376,0.204,0.164,0.02,0.254,0.516
197,,0.426,0.83,0.366,0.194,0.154,0.01,0.244,0.506
198,,0.416,0.82,0.356,0.184,0.144,0.0,0.234,0.496
199,,0.406,0.81,0.346,0.174,0.134,-0.01,0.224,0.486
200,6,0.113,0.4,0.053,0.164,0.407,0.99,0.497,0.476
201,6,-0.18,-0.01,-0.24,0.154,0.68,1.0,0.77,0.466
202,3,-0.19,0.263,0.76,0.427,0.67,0.707,0.36,0.173
203,3,-0.2,0.536,1.0,0.7,0.66,0.414,-0.05,-0.12
204,1,0.8,0.809,0.99,0.407,0.25,0.121,-0.06,0.153
205,1,1.0,1.0,0.98,0.114,-0.16,-0.172,-0.07,0.426
206,6,0.707,0.59,0.687,0.104,0.113,0.828,0.203,0.416
207,6,0.414,0.18,0.394,0.094,0.386,1.0,0.476,0.406
208,,0.404,0.17,0.384,0.084,0.376,0.99,0.466,0.396
209,,0.394,0.16,0.374,0.074,0.366,0.98,0.456,0.386
210,,0.384,0.15,0.364,0.064,0.356,0.97,0.446,0.376
211,,0.374,0.14,0.354,0.054,0.346,0.96,0.436,0.366
212,,0.364,0.13,0.344,0.044,0.336,0.95,0.426,0.356
213,,0.354,0.12,0.334,0.034,0.326,0.94,0.416,0.346
214,,0.344,0.11,0.324,0.024,0.316,0.93,0.406,0.336
215,,0.334,0.1,0.314,0.014,0.306,0.92,0.396,0.326
216,,0.324,0.09,0.304,0.004,0.296,0.91,0.386,0.316
217,,0.314,0.08,0.294,-0.006,0.286,0.9,0.376,0.306
218,4,0.021,0.07,0.567,0.994,0.559,0.89,0.083,-0.104
219,4,-0.272,0.06,0.84,1.0,0.832,0.88,-0.21,-0.514
220,8,0.001,0.05,0.547,0.59,0.539,0.87,0.063,0.486
221,8,0.274,0.04,0.254,0.18,0.246,0.86,0.336,1.0
222,,0.264,0.03,0.244,0.17,0.236,0.85,0.326,0.99
223,,0.254,0.02,0.234,0.16,0.226,0.84,0.316,0.98
224,,0.244,0.01,0.224,0.15,0.216,0.83,0.306,0.97
225,,0.234,0.0,0.214,0.14,0.206,0.82,0.296,0.96
226,,0.224,-0.01,0.204,0.13,0.196,0.81,0.286,0.95
227,2,0.497,0.99,0.477,0.12,-0.097,0.4,-0.007,0.94
228,2,0.77,1.0,0.75,0.11,-0.39,-0.01,-0.3,0.93
229,5,0.36,0.707,0.74,0.383,0.61,0.263,-0.31,0.637
230,5,-0.05,0.414,0.73,0.656,1.0,0.536,-0.32,0.344
231,7,-0.06,0.121,0.32,0.363,0.99,0.809,0.68,0.617
232,7,-0.07,-0.172,-0.09,0.07,0.98,1.0,1.0,0.89
233,2,0.203,0.828,0.183,0.06,0.687,0.59,0.707,0.88
234,2,0.476,1.0,0.456,0.05,0.394,0.18,0.414,0.87
235,,0.466,0.99,0.446,0.04,0.384,0.17,0.404,0.86
236,,0.456,0.98,0.436,0.03,0.374,0.16,0.394,0.85
237,,0.446,0.97,0.426,0.02,0.364,0.15,0.384,0.84
238,,0.436,0.96,0.416,0.01,0.354,0.14,0.374,0.83
239,,0.426,0.95,0.406,0.0,0.344,0.13,0.364,0.82
240,,0.416,0.94,0.396,-0.01,0.334,0.12,0.354,0.81
241,4,0.123,0.93,0.669,0.99,0.607,0.11,0.061,0.4
242,4,-0.17,0.92,0.942,1.0,0.88,0.1,-0.232,-0.01
243,7,-0.18,0.627,0.532,0.707,0.87,0.373,0.768,0.263
244,7,-0.19,0.334,0.122,0.414,0.86,0.646,1.0,0.536
245,1,0.81,0.607,0.112,0.121,0.45,0.353,0.99,0.809
246,1,1.0,0.88,0.102,-0.172,0.04,0.06,0.98,1.0
247,4,0.707,0.87,0.375,0.828,0.313,0.05,0.687,0.59
248,4,0.414,0.86,0.648,1.0,0.586,0.04,0.394,0.18
249,,0.404,0.85,0.638,0.99,0.576,0.03,0.384,0.17
250,,0.394,0.84,0.628,0.98,0.566,0.02,0.374,0.16
251,,0.384,0.83,0.618,0.97,0.556,0.01,0.364,0.15
252,,0.374,0.82,0.608,0.96,0.546,0.0,0.354,0.14
253,,0.364,0.81,0.598,0.95,0.536,-0.01,0.344,0.13
254,6,0.071,0.4,0.305,0.94,0.809,0.99,0.617,0.12
255,6,-0.222,-0.01,0.012,0.93,1.0,1.0,0.89,0.11
256,1,0.778,0.263,0.002,0.637,0.59,0.707,0.88,0.383
257,1,1.0,0.536,-0.008,0.344,0.18,0.414,0.87,0.656
258,3,0.99,0.809,0.992,0.617,0.17,0.121,0.46,0.363
259,3,0.98,1.0,1.0,0.89,0.16,-0.172,0.05,0.07
260,6,0.687,0.59,0.707,0.88,0.433,0.828,0.323,0.06
261,6,0.394,0.18,0.414,0.87,0.706,1.0,0.596,0.05
262,,0.384,0.17,0.404,0.86,0.696,0.99,0.586,0.04
263,,0.374,0.16,0.394,0.85,0.686,0.98,0.576,0.03
264,,0.364,0.15,0.384,0.84,0.676,0.97,0.566,0.02
265,,0.354,0.14,0.374,0.83,0.666,0.96,0.556,0.01
266,,0.344,0.13,0.364,0.82,0.656,0.95,0.546,0.0
267,,0.334,0.12,0.354,0.81,0.646,0.94,0.536,-0.01
268,8,0.607,0.11,0.061,0.4,0.353,0.93,0.809,0.99
269,8,0.88,0.1,-0.232,-0.01,0.06,0.92,1.0,1.0
270,3,0.87,0.373,0.768,0.263,0.05,0.627,0.59,0.707
271,3,0.86,0.646,1.0,0.536,0.04,0.334,0.18,0.414
272,,0.85,0.636,0.99,0.526,0.03,0.324,0.17,0.404
273,,0.84,0.626,0.98,0.516,0.02,0.314,0.16,0.394
274,,0.83,0.616,0.97,0.506,0.01,0.304,0.15,0.384
275,,0.82,0.606,0.96,0.496,0.0,0.294,0.14,0.374
276,,0.81,0.596,0.95,0.486,-0.01,0.284,0.13,0.364
277,5,0.4,0.303,0.94,0.759,0.99,0.557,0.12,0.071
278,5,-0.01,0.01,0.93,1.0,1.0,0.83,0.11,-0.222
279,8,0.263,0.0,0.637,0.59,0.707,0.82,0.383,0.778
280,8,0.536,-0.01,0.344,0.18,0.414,0.81,0.656,1.0
281,2,0.809,0.99,0.617,0.17,0.121,0.4,0.363,0.99
282,2,1.0,1.0,0.89,0.16,-0.172,-0.01,0.07,0.98
283,5,0.59,0.707,0.88,0.433,0.828,0.263,0.06,0.687
284,5,0.18,0.414,0.87,0.706,1.0,0.536,0.05,0.394
285,,0.17,0.404,0.86,0.696,0.99,0.526,0.04,0.384
286,,0.16,0.394,0.85,0.686,0.98,0.516,0.03,0.374
287,,0.15,0.384,0.84,0.676,0.97,0.506,0.02,0.364
288,,0.14,0.374,0.83,0.666,0.96,0.496,0.01,0.354
289,,0.13,0.364,0.82,0.656,0.95,0.486,0.0,0.344
290,,0.12,0.354,0.81,0.646,0.94,0.476,-0.01,0.334
291,7,0.11,0.061,0.4,0.353,0.93,0.749,0.99,0.607
292,7,0.1,-0.232,-0.01,0.06,0.92,1.0,1.0,0.88
293,2,0.373,0.768,0.263,0.05,0.627,0.59,0.707,0.87
294,2,0.646,1.0,0.536,0.04,0.334,0.18,0.414,0.86
295,,0.636,0.99,0.526,0.03,0.324,0.17,0.404,0.85
296,,0.626,0.98,0.516,0.02,0.314,0.16,0.394,0.84
297,,0.616,0.97,0.506,0.01,0.304,0.15,0.384,0.83
298,,0.606,0.96,0.496,0.0,0.294,0.14,0.374,0.82
299,,0.596,0.95,0.486,-0.01,0.284,0.13,0.364,0.81
300,4,0.303,0.94,0.759,0.99,0.557,0.12,0.071,0.4
301,4,0.01,0.93,1.0,1.0,0.83,0.11,-0.222,-0.01
302,7,0.0,0.637,0.59,0.707,0.82,0.383,0.778,0.263
303,7,-0.01,0.344,0.18,0.414,0.81,0.656,1.0,0.536
304,1,0.99,0.617,0.17,0.121,0.4,0.363,0.99,0.809
305,1,1.0,0.89,0.16,-0.172,-0.01,0.07,0.98,1.0
306,4,0.707,0.88,0.433,0.828,0.263,0.06,0.687,0.59
307,4,0.414,0.87,0.706,1.0,0.536,0.05,0.394,0.18
308,,0.404,0.86,0.696,0.99,0.526,0.04,0.384,0.17
309,,0.394,0.85,0.686,0.98,0.516,0.03,0.374,0.16
310,,0.384,0.84,0.676,0.97,0.506,0.02,0.364,0.15
311,,0.374,0.83,0.666,0.96,0.496,0.01,0.354,0.14
312,,0.364,0.82,0.656,0.95,0.486,0.0,0.344,0.13
313,,0.354,0.81,0.646,0.94,0.476,-0.01,0.334,0.12
314,6,0.061,0.4,0.353,0.93,0.749,0.99,0.607,0.11
315,6,-0.232,-0.01,0.06,0.92,1.0,1.0,0.88,0.1
316,1,0.768,0.263,0.05,0.627,0.59,0.707,0.87,0.373
317,1,1.0,0.536,0.04,0.334,0.18,0.414,0.86,0.646
318,,0.99,0.526,0.03,0.324,0.17,0.404,0.85,0.636
319,,0.98,0.516,0.02,0.314,0.16,0.394,0.84,0.626
320,,0.97,0.506,0.01,0.304,0.15,0.384,0.83,0.616
321,,0.96,0.496,0.0,0.294,0.14,0.374,0.82,0.606
322,,0.95,0.486,-0.01,0.284,0.13,0.364,0.81,0.596
323,3,0.94,0.759,0.99,0.557,0.12,0.071,0.4,0.303
324,3,0.93,1.0,1.0,0.83,0.11,-0.222,-0.01,0.01
325,6,0.637,0.59,0.707,0.82,0.383,0.778,0.263,0.0
326,6,0.344,0.18,0.414,0.81,0.656,1.0,0.536,-0.01
327,8,0.617,0.17,0.121,0.4,0.363,0.99,0.809,0.99
328,8,0.89,0.16,-0.172,-0.01,0.07,0.98,1.0,1.0
329,3,0.88,0.433,0.828,0.263,0.06,0.687,0.59,0.707
330,3,0.87,0.706,1.0,0.536,0.05,0.394,0.18,0.414
331,,0.86,0.696,0.99,0.526,0.04,0.384,0.17,0.404
332,,0.85,0.686,0.98,0.516,0.03,0.374,0.16,0.394
333,,0.84,0.676,0.97,0.506,0.02,0.364,0.15,0.384
334,,0.83,0.666,0.96,0.496,0.01,0.354,0.14,0.374
335,,0.82,0.656,0.95,0.486,0.0,0.344,0.13,0.364
336,,0.81,0.646,0.94,0.476,-0.01,0.334,0.12,0.354
337,5,0.4,0.353,0.93,0.749,0.99,0.607,0.11,0.061
338,5,-0.01,0.06,0.92,1.0,1.0,0.88,0.1,-0.232
339,8,0.263,0.05,0.627,0.59,0.707,0.87,0.373,0.768
340,8,0.536,0.04,0.334,0.18,0.414,0.86,0.646,1.0
341,,0.526,0.03,0.324,0.17,0.404,0.85,0.636,0.99
342,,0.516,0.02,0.314,0.16,0.394,0.84,0.626,0.98
343,,0.506,0.01,0.304,0.15,0.384,0.83,0.616,0.97
344,,0.496,0.0,0.294,0.14,0.374,0.82,0.606,0.96
345,,0.486,-0.01,0.284,0.13,0.364,0.81,0.596,0.95
346,2,0.759,0.99,0.557,0.12,0.071,0.4,0.303,0.94
347,2,1.0,1.0,0.83,0.11,-0.222,-0.01,0.01,0.93
348,5,0.59,0.707,0.82,0.383,0.778,0.263,0.0,0.637
349,5,0.18,0.414,0.81,0.656,1.0,0.536,-0.01,0.344
350,7,0.17,0.121,0.4,0.363,0.99,0.809,0.99,0.617
351,7,0.16,-0.172,-0.01,0.07,0.98,1.0,1.0,0.89
352,2,0.433,0.828,0.263,0.06,0.687,0.59,0.707,0.88
353,2,0.706,1.0,0.536,0.05,0.394,0.18,0.414,0.87
354,,0.696,0.99,0.526,0.04,0.384,0.17,0.404,0.86
355,,0.686,0.98,0.516,0.03,0.374,0.16,0.394,0.85
356,,0.676,0.97,0.506,0.02,0.364,0.15,0.384,0.84
357,,0.666,0.96,0.496,0.01,0.354,0.14,0.374,0.83
358,,0.656,0.95,0.486,0.0,0.344,0.13,0.364,0.82
359,,0.646,0.94,0.476,-0.01,0.334,0.12,0.354,0.81
360,4,0.353,0.93,0.749,0.99,0.607,0.11,0.061,0.4
361,4,0.06,0.92,1.0,1.0,0.88,0.1,-0.232,-0.01
362,7,0.05,0.627,0.59,0.707,0.87,0.373,0.768,0.263
363,7,0.04,0.334,0.18,0.414,0.86,0.646,1.0,0.536
364,,0.03,0.324,0.17,0.404,0.85,0.636,0.99,0.526
365,,0.02,0.314,0.16,0.394,0.84,0.626,0.98,0.516
366,,0.01,0.304,0.15,0.384,0.83,0.616,0.97,0.506
367,,0.0,0.294,0.14,0.374,0.82,0.606,0.96,0.496
368,,-0.01,0.284,0.13,0.364,0.81,0.596,0.95,0.486
369,1,0.99,0.557,0.12,0.071,0.4,0.303,0.94,0.759
370,1,1.0,0.83,0.11,-0.222,-0.01,0.01,0.93,1.0
371,4,0.707,0.82,0.383,0.778,0.263,0.0,0.637,0.59
372,4,0.414,0.81,0.656,1.0,0.536,-0.01,0.344,0.18
373,6,0.121,0.4,0.363,0.99,0.809,0.99,0.617,0.17
374,6,-0.172,-0.01,0.07,0.98,1.0,1.0,0.89,0.16
375,1,0.828,0.263,0.06,0.687,0.59,0.707,0.88,0.433
376,1,1.0,0.536,0.05,0.394,0.18,0.414,0.87,0.706
377,,0.99,0.526,0.04,0.384,0.17,0.404,0.86,0.696
378,,0.98,0.516,0.03,0.374,0.16,0.394,0.85,0.686
379,,0.97,0.506,0.02,0.364,0.15,0.384,0.84,0.676
380,,0.96,0.496,0.01,0.354,0.14,0.374,0.83,0.666
381,,0.95,0.486,0.0,0.344,0.13,0.364,0.82,0.656
382,,0.94,0.476,-0.01,0.334,0.12,0.354,0.81,0.646
383,3,0.93,0.749,0.99,0.607,0.11,0.061,0.4,0.353
384,3,0.92,1.0,1.0,0.88,0.1,-0.232,-0.01,0.06
385,6,0.627,0.59,0.707,0.87,0.373,0.768,0.263,0.05
386,6,0.334,0.18,0.414,0.86,0.646,1.0,0.536,0.04
387,,0.324,0.17,0.404,0.85,0.636,0.99,0.526,0.03
388,,0.314,0.16,0.394,0.84,0.626,0.98,0.516,0.02
389,,0.304,0.15,0.384,0.83,0.616,0.97,0.506,0.01
390,,0.294,0.14,0.374,0.82,0.606,0.96,0.496,0.0
391,,0.284,0.13,0.364,0.81,0.596,0.95,0.486,-0.01
392,8,0.557,0.12,0.071,0.4,0.303,0.94,0.759,0.99
393,8,0.83,0.11,-0.222,-0.01,0.01,0.93,1.0,1.0
394,3,0.82,0.383,0.778,0.263,0.0,0.637,0.59,0.707
395,3,0.81,0.656,1.0,0.536,-0.01,0.344,0.18,0.414
396,5,0.4,0.363,0.99,0.809,0.99,0.617,0.17,0.121
397,5,-0.01,0.07,0.98,1.0,1.0,0.89,0.16,-0.172
398,8,0.263,0.06,0.687,0.59,0.707,0.88,0.433,0.828
399,8,0.536,0.05,0.394,0.18,0.414,0.87,0.706,1.0
400,,0.526,0.04,0.384,0.17,0.404,0.86,0.696,0.99
401,,0.516,0.03,0.374,0.16,0.394,0.85,0.686,0.98
402,,0.506,0.02,0.364,0.15,0.384,0.84,0.676,0.97
403,,0.496,0.01,0.354,0.14,0.374,0.83,0.666,0.96
404,,0.486,0.0,0.344,0.13,0.364,0.82,0.656,0.95
405,,0.476,-0.01,0.334,0.12,0.354,0.81,0.646,0.94
406,2,0.749,0.99,0.607,0.11,0.061,0.4,0.353,0.93
407,2,1.0,1.0,0.88,0.1,-0.232,-0.01,0.06,0.92
408,5,0.59,0.707,0.87,0.373,0.768,0.263,0.05,0.627
409,5,0.18,0.414,0.86,0.646,1.0,0.536,0.04,0.334
410,,0.17,0.404,0.85,0.636,0.99,0.526,0.03,0.324
411,,0.16,0.394,0.84,0.626,0.98,0.516,0.02,0.314
412,,0.15,0.384,0.83,0.616,0.97,0.506,0.01,0.304
413,,0.14,0.374,0.82,0.606,0.96,0.496,0.0,0.294
414,,0.13,0.364,0.81,0.596,0.95,0.486,-0.01,0.284
415,7,0.12,0.071,0.4,0.303,0.94,0.759,0.99,0.557
416,7,0.11,-0.222,-0.01,0.01,0.93,1.0,1.0,0.83
417,2,0.383,0.778,0.263,0.0,0.637,0.59,0.707,0.82
418,2,0.656,1.0,0.536,-0.01,0.344,0.18,0.414,0.81
419,4,0.363,0.99,0.809,0.99,0.617,0.17,0.121,0.4
420,4,0.07,0.98,1.0,1.0,0.89,0.16,-0.172,-0.01
421,7,0.06,0.687,0.59,0.707,0.88,0.433,0.828,0.263
422,7,0.05,0.394,0.18,0.414,0.87,0.706,1.0,0.536
423,,0.04,0.384,0.17,0.404,0.86,0.696,0.99,0.526
424,,0.03,0.374,0.16,0.394,0.85,0.686,0.98,0.516
425,,0.02,0.364,0.15,0.384,0.84,0.676,0.97,0.506
426,,0.01,0.354,0.14,0.374,0.83,0.666,0.96,0.496
427,,0.0,0.344,0.13,0.364,0.82,0.656,0.95,0.486
428,,-0.01,0.334,0.12,0.354,0.81,0.646,0.94,0.476
429,1,0.99,0.607,0.11,0.061,0.4,0.353,0.93,0.749
430,1,1.0,0.88,0.1,-0.232,-0.01,0.06,0.92,1.0
431,4,0.707,0.87,0.373,0.768,0.263,0.05,0.627,0.59
432,4,0.414,0.86,0.646,1.0,0.536,0.04,0.334,0.18
433,,0.404,0.85,0.636,0.99,0.526,0.03,0.324,0.17
434,,0.394,0.84,0.626,0.98,0.516,0.02,0.314,0.16
435,,0.384,0.83,0.616,0.97,0.506,0.01,0.304,0.15
436,,0.374,0.82,0.606,0.96,0.496,0.0,0.294,0.14
437,,0.364,0.81,0.596,0.95,0.486,-0.01,0.284,0.13
438,6,0.071,0.4,0.303,0.94,0.759,0.99,0.557,0.12
439,6,-0.222,-0.01,0.01,0.93,1.0,1.0,0.83,0.11
440,1,0.778,0.263,0.0,0.637,0.59,0.707,0.82,0.383
441,1,1.0,0.536,-0.01,0.344,0.18,0.414,0.81,0.656
442,3,0.99,0.809,0.99,0.617,0.17,0.121,0.4,0.363
443,3,0.98,1.0,1.0,0.89,0.16,-0.172,-0.01,0.07
444,6,0.687,0.59,0.707,0.88,0.433,0.828,0.263,0.06
445,6,0.394,0.18,0.414,0.87,0.706,1.0,0.536,0.05
446,,0.384,0.17,0.404,0.86,0.696,0.99,0.526,0.04
447,,0.374,0.16,0.394,0.85,0.686,0.98,0.516,0.03
448,,0.364,0.15,0.384,0.84,0.676,0.97,0.506,0.02
449,,0.354,0.14,0.374,0.83,0.666,0.96,0.496,0.01
450,,0.344,0.13,0.364,0.82,0.656,0.95,0.486,0.0
451,,0.334,0.12,0.354,0.81,0.646,0.94,0.476,-0.01
452,8,0.607,0.11,0.061,0.4,0.353,0.93,0.749,0.99
453,8,0.88,0.1,-0.232,-0.01,0.06,0.92,1.0,1.0
454,3,0.87,0.373,0.768,0.263,0.05,0.627,0.59,0.707
455,3,0.86,0.646,1.0,0.536,0.04,0.334,0.18,0.414
456,,0.85,0.636,0.99,0.526,0.03,0.324,0.17,0.404
457,,0.84,0.626,0.98,0.516,0.02,0.314,0.16,0.394
458,,0.83,0.616,0.97,0.506,0.01,0.304,0.15,0.384
459,,0.82,0.606,0.96,0.496,0.0,0.294,0.14,0.374
460,,0.81,0.596,0.95,0.486,-0.01,0.284,0.13,0.364
461,5,0.4,0.303,0.94,0.759,0.99,0.557,0.12,0.071
462,5,-0.01,0.01,0.93,1.0,1.0,0.83,0.11,-0.222
463,8,0.263,0.0,0.637,0.59,0.707,0.82,0.383,0.778
464,8,0.536,-0.01,0.344,0.18,0.414,0.81,0.656,1.0
465,2,0.809,0.99,0.617,0.17,0.121,0.4,0.363,0.99
466,2,1.0,1.0,0.89,0.16,-0.172,-0.01,0.07,0.98
467,5,0.59,0.707,0.88,0.433,0.828,0.263,0.06,0.687
468,5,0.18,0.414,0.87,0.706,1.0,0.536,0.05,0.394
469,,0.17,0.404,0.86,0.696,0.99,0.526,0.04,0.384
470,,0.16,0.394,0.85,0.686,0.98,0.516,0.03,0.374
471,,0.15,0.384,0.84,0.676,0.97,0.506,0.02,0.364
472,,0.14,0.374,0.83,0.666,0.96,0.496,0.01,0.354
473,,0.13,0.364,0.82,0.656,0.95,0.486,0.0,0.344
474,,0.12,0.354,0.81,0.646,0.94,0.476,-0.01,0.334
475,7,0.11,0.061,0.4,0.353,0.93,0.749,0.99,0.607
476,7,0.1,-0.232,-0.01,0.06,0.92,1.0,1.0,0.88
477,2,0.373,0.768,0.263,0.05,0.627,0.59,0.707,0.87
478,2,0.646,1.0,0.536,0.04,0.334,0.18,0.414,0.86
479,,0.636,0.99,0.526,0.03,0.324,0.17,0.404,0.85
480,,0.626,0.98,0.516,0.02,0.314,0.16,0.394,0.84
481,,0.616,0.97,0.506,0.01,0.304,0.15,0.384,0.83
482,,0.606,0.96,0.496,0.0,0.294,0.14,0.374,0.82
483,,0.596,0.95,0.486,-0.01,0.284,0.13,0.364,0.81
484,4,0.303,0.94,0.759,0.99,0.557,0.12,0.071,0.4
485,4,0.01,0.93,1.0,1.0,0.83,0.11,-0.222,-0.01
486,7,0.0,0.637,0.59,0.707,0.82,0.383,0.778,0.263
487,7,-0.01,0.344,0.18,0.414,0.81,0.656,1.0,0.536
488,1,0.99,0.617,0.17,0.121,0.4,0.363,0.99,0.809
489,1,1.0,0.89,0.16,-0.172,-0.01,0.07,0.98,1.0
490,4,0.707,0.88,0.433,0.828,0.263,0.06,0.687,0.59
491,4,0.414,0.87,0.706,1.0,0.536,0.05,0.394,0.18
492,,0.404,0.86,0.696,0.99,0.526,0.04,0.384,0.17
493,,0.394,0.85,0.686,0.98,0.516,0.03,0.374,0.16
494,,0.384,0.84,0.676,0.97,0.506,0.02,0.364,0.15
495,,0.374,0.83,0.666,0.96,0.496,0.01,0.354,0.14
496,,0.364,0.82,0.656,0.95,0.486,0.0,0.344,0.13
497,,0.354,0.81,0.646,0.94,0.476,-0.01,0.334,0.12
498,6,0.061,0.4,0.353,0.93,0.749,0.99,0.607,0.11
499,6,-0.232,-0.01,0.06,0.92,1.0,1.0,0.88,0.1
