step,active_motive,motive_1,motive_2,motive_3,motive_4,motive_5,motive_6,motive_7,motive_8
0,,0.29895,0.46094,0.04425,0.09799,0.02261,0.16267,0.19434,0.13567
1,,0.28895,0.45094,0.03425,0.08799,0.01261,0.15267,0.18434,0.12567
2,,0.27895,0.44094,0.02425,0.07799,0.00261,0.14267,0.17434,0.11567
3,,0.26895,0.43094,0.01425,0.06799,-0.00739,0.13267,0.16434,0.10567
4,5,-0.14105,0.13794,0.00425,0.34099,0.99261,0.40567,0.15434,-0.18733
5,5,-0.55105,-0.15506,-0.00575,0.61399,1.0,0.67867,0.14434,-0.48033
6,1,0.44895,0.11794,-0.01575,0.32099,0.59,0.38567,0.13434,-0.20733
7,1,1.0,0.39094,-0.02575,0.02799,0.18,0.09267,0.12434,0.06567
8,3,0.99,0.66394,0.97425,0.30099,0.17,-0.20033,-0.28566,-0.22733
9,3,0.98,0.93694,1.0,0.57399,0.16,-0.49333,-0.69566,-0.52033
10,7,0.97,0.64394,0.59,0.28099,0.15,-0.22033,0.30434,-0.24733
11,7,0.96,0.35094,0.18,-0.01201,0.14,0.05267,1.0,0.02567
12,4,0.667,0.34094,0.453,0.98799,0.413,0.04267,0.707,-0.38433
13,4,0.374,0.33094,0.726,1.0,0.686,0.03267,0.414,-0.79433
14,8,0.647,0.32094,0.433,0.59,0.393,0.02267,0.687,0.20567
15,8,0.92,0.31094,0.14,0.18,0.1,0.01267,0.96,1.0
16,,0.91,0.30094,0.13,0.17,0.09,0.00267,0.95,0.99
17,,0.9,0.29094,0.12,0.16,0.08,-0.00733,0.94,0.98
18,6,0.607,-0.11906,-0.173,0.15,0.353,0.99267,1.0,0.97
19,6,0.314,-0.52906,-0.466,0.14,0.626,1.0,1.0,0.96
20,2,0.587,0.47094,-0.193,0.13,0.333,0.59,0.707,0.95
21,2,0.86,1.0,0.08,0.12,0.04,0.18,0.414,0.94
22,,0.85,0.99,0.07,0.11,0.03,0.17,0.404,0.93
23,,0.84,0.98,0.06,0.1,0.02,0.16,0.394,0.92
24,,0.83,0.97,0.05,0.09,0.01,0.15,0.384,0.91
25,,0.82,0.96,0.04,0.08,0.0,0.14,0.374,0.9
26,,0.81,0.95,0.03,0.07,-0.01,0.13,0.364,0.89
27,5,0.4,0.657,0.02,0.343,0.99,0.403,0.354,0.597
28,5,-0.01,0.364,0.01,0.616,1.0,0.676,0.344,0.304
29,1,0.99,0.637,0.0,0.323,0.59,0.383,0.334,0.577
30,1,1.0,0.91,-0.01,0.03,0.18,0.09,0.324,0.85
31,3,0.99,1.0,0.99,0.303,0.17,-0.203,-0.086,0.557
32,3,0.98,1.0,1.0,0.576,0.16,-0.496,-0.496,0.264
33,6,0.687,0.59,0.707,0.566,0.433,0.504,-0.223,0.254
34,6,0.394,0.18,0.414,0.556,0.706,1.0,0.05,0.244
35,,0.384,0.17,0.404,0.546,0.696,0.99,0.04,0.234
36,,0.374,0.16,0.394,0.536,0.686,0.98,0.03,0.224
37,,0.364,0.15,0.384,0.526,0.676,0.97,0.02,0.214
38,,0.354,0.14,0.374,0.516,0.666,0.96,0.01,0.204
39,,0.344,0.13,0.364,0.506,0.656,0.95,0.0,0.194
40,,0.334,0.12,0.354,0.496,0.646,0.94,-0.01,0.184
41,7,0.324,-0.173,-0.056,0.203,0.636,1.0,0.99,0.457
42,7,0.314,-0.466,-0.466,-0.09,0.626,1.0,1.0,0.73
43,3,0.304,-0.193,0.534,0.183,0.616,0.707,0.59,0.437
44,3,0.294,0.08,1.0,0.456,0.606,0.414,0.18,0.144
45,,0.284,0.07,0.99,0.446,0.596,0.404,0.17,0.134
46,,0.274,0.06,0.98,0.436,0.586,0.394,0.16,0.124
47,,0.264,0.05,0.97,0.426,0.576,0.384,0.15,0.114
48,,0.254,0.04,0.96,0.416,0.566,0.374,0.14,0.104
49,,0.244,0.03,0.95,0.406,0.556,0.364,0.13,0.094
50,,0.234,0.02,0.94,0.396,0.546,0.354,0.12,0.084
51,,0.224,0.01,0.93,0.386,0.536,0.344,0.11,0.074
52,,0.214,0.0,0.92,0.376,0.526,0.334,0.1,0.064
53,,0.204,-0.01,0.91,0.366,0.516,0.324,0.09,0.054
54,2,0.477,0.99,1.0,0.356,0.223,-0.086,-0.203,0.044
55,2,0.75,1.0,1.0,0.346,-0.07,-0.496,-0.496,0.034
56,7,0.74,0.707,0.59,0.053,-0.08,-0.223,0.504,0.307
57,7,0.73,0.414,0.18,-0.24,-0.09,0.05,1.0,0.58
58,4,0.437,0.404,0.453,0.76,0.183,0.04,0.707,0.17
59,4,0.144,0.394,0.726,1.0,0.456,0.03,0.414,-0.24
60,8,0.417,0.384,0.433,0.59,0.163,0.02,0.687,0.76
61,8,0.69,0.374,0.14,0.18,-0.13,0.01,0.96,1.0
62,5,0.28,0.081,0.13,0.453,0.87,0.283,0.95,0.707
63,5,-0.13,-0.212,0.12,0.726,1.0,0.556,0.94,0.414
64,2,0.143,0.788,0.393,0.716,0.707,0.146,0.647,0.404
65,2,0.416,1.0,0.666,0.706,0.414,-0.264,0.354,0.394
66,6,0.123,0.59,0.373,0.696,0.687,0.736,0.627,0.384
67,6,-0.17,0.18,0.08,0.686,0.96,1.0,0.9,0.374
68,1,0.83,0.453,0.07,0.393,0.55,0.707,0.89,0.647
69,1,1.0,0.726,0.06,0.1,0.14,0.414,0.88,0.92
70,,0.99,0.716,0.05,0.09,0.13,0.404,0.87,0.91
71,,0.98,0.706,0.04,0.08,0.12,0.394,0.86,0.9
72,,0.97,0.696,0.03,0.07,0.11,0.384,0.85,0.89
73,,0.96,0.686,0.02,0.06,0.1,0.374,0.84,0.88
74,,0.95,0.676,0.01,0.05,0.09,0.364,0.83,0.87
75,,0.94,0.666,0.0,0.04,0.08,0.354,0.82,0.86
76,,0.93,0.656,-0.01,0.03,0.07,0.344,0.81,0.85
77,3,0.92,0.929,0.99,0.303,0.06,0.051,0.4,0.557
78,3,0.91,1.0,1.0,0.576,0.05,-0.242,-0.01,0.264
79,6,0.617,0.59,0.707,0.566,0.323,0.758,0.263,0.254
80,6,0.324,0.18,0.414,0.556,0.596,1.0,0.536,0.244
81,,0.314,0.17,0.404,0.546,0.586,0.99,0.526,0.234
82,,0.304,0.16,0.394,0.536,0.576,0.98,0.516,0.224
83,,0.294,0.15,0.384,0.526,0.566,0.97,0.506,0.214
84,,0.284,0.14,0.374,0.516,0.556,0.96,0.496,0.204
85,,0.274,0.13,0.364,0.506,0.546,0.95,0.486,0.194
86,,0.264,0.12,0.354,0.496,0.536,0.94,0.476,0.184
87,,0.254,0.11,0.344,0.486,0.526,0.93,0.466,0.174
88,,0.244,0.1,0.334,0.476,0.516,0.92,0.456,0.164
89,,0.234,0.09,0.324,0.466,0.506,0.91,0.446,0.154
90,,0.224,0.08,0.314,0.456,0.496,0.9,0.436,0.144
91,,0.214,0.07,0.304,0.446,0.486,0.89,0.426,0.134
92,,0.204,0.06,0.294,0.436,0.476,0.88,0.416,0.124
93,,0.194,0.05,0.284,0.426,0.466,0.87,0.406,0.114
94,,0.184,0.04,0.274,0.416,0.456,0.86,0.396,0.104
95,,0.174,0.03,0.264,0.406,0.446,0.85,0.386,0.094
96,,0.164,0.02,0.254,0.396,0.436,0.84,0.376,0.084
97,,0.154,0.01,0.244,0.386,0.426,0.83,0.366,0.074
98,,0.144,0.0,0.234,0.376,0.416,0.82,0.356,0.064
99,,0.134,-0.01,0.224,0.366,0.406,0.81,0.346,0.054
100,2,0.407,0.99,0.497,0.356,0.113,0.4,0.053,0.044
101,2,0.68,1.0,0.77,0.346,-0.18,-0.01,-0.24,0.034
102,7,0.67,0.707,0.36,0.053,-0.19,0.263,0.76,0.307
103,7,0.66,0.414,-0.05,-0.24,-0.2,0.536,1.0,0.58
104,4,0.367,0.404,0.223,0.76,0.073,0.526,0.707,0.17
105,4,0.074,0.394,0.496,1.0,0.346,0.516,0.414,-0.24
106,8,0.347,0.384,0.203,0.59,0.053,0.506,0.687,0.76
107,8,0.62,0.374,-0.09,0.18,-0.24,0.496,0.96,1.0
108,5,0.21,0.081,-0.1,0.453,0.76,0.769,0.95,0.707
109,5,-0.2,-0.212,-0.11,0.726,1.0,1.0,0.94,0.414
110,2,0.073,0.788,0.163,0.716,0.707,0.59,0.647,0.404
111,2,0.346,1.0,0.436,0.706,0.414,0.18,0.354,0.394
112,,0.336,0.99,0.426,0.696,0.404,0.17,0.344,0.384
113,,0.326,0.98,0.416,0.686,0.394,0.16,0.334,0.374
114,,0.316,0.97,0.406,0.676,0.384,0.15,0.324,0.364
115,,0.306,0.96,0.396,0.666,0.374,0.14,0.314,0.354
116,,0.296,0.95,0.386,0.656,0.364,0.13,0.304,0.344
117,,0.286,0.94,0.376,0.646,0.354,0.12,0.294,0.334
118,,0.276,0.93,0.366,0.636,0.344,0.11,0.284,0.324
119,,0.266,0.92,0.356,0.626,0.334,0.1,0.274,0.314
120,,0.256,0.91,0.346,0.616,0.324,0.09,0.264,0.304
121,,0.246,0.9,0.336,0.606,0.314,0.08,0.254,0.294
122,,0.236,0.89,0.326,0.596,0.304,0.07,0.244,0.284
123,,0.226,0.88,0.316,0.586,0.294,0.06,0.234,0.274
124,,0.216,0.87,0.306,0.576,0.284,0.05,0.224,0.264
125,,0.206,0.86,0.296,0.566,0.274,0.04,0.214,0.254
126,,0.196,0.85,0.286,0.556,0.264,0.03,0.204,0.244
127,,0.186,0.84,0.276,0.546,0.254,0.02,0.194,0.234
128,,0.176,0.83,0.266,0.536,0.244,0.01,0.184,0.224
129,,0.166,0.82,0.256,0.526,0.234,0.0,0.174,0.214
130,,0.156,0.81,0.246,0.516,0.224,-0.01,0.164,0.204
131,6,-0.137,0.4,-0.047,0.506,0.497,0.99,0.437,0.194
132,6,-0.43,-0.01,-0.34,0.496,0.77,1.0,0.71,0.184
133,1,0.57,0.263,-0.35,0.203,0.36,0.707,0.7,0.457
134,1,1.0,0.536,-0.36,-0.09,-0.05,0.414,0.69,0.73
135,3,0.99,0.809,0.64,0.183,-0.06,0.121,0.28,0.437
136,3,0.98,1.0,1.0,0.456,-0.07,-0.172,-0.13,0.144
137,6,0.687,0.59,0.707,0.446,0.203,0.828,0.143,0.134
138,6,0.394,0.18,0.414,0.436,0.476,1.0,0.416,0.124
139,,0.384,0.17,0.404,0.426,0.466,0.99,0.406,0.114
140,,0.374,0.16,0.394,0.416,0.456,0.98,0.396,0.104
141,,0.364,0.15,0.384,0.406,0.446,0.97,0.386,0.094
142,,0.354,0.14,0.374,0.396,0.436,0.96,0.376,0.084
143,,0.344,0.13,0.364,0.386,0.426,0.95,0.366,0.074
144,,0.334,0.12,0.354,0.376,0.416,0.94,0.356,0.064
145,,0.324,0.11,0.344,0.366,0.406,0.93,0.346,0.054
146,,0.314,0.1,0.334,0.356,0.396,0.92,0.336,0.044
147,,0.304,0.09,0.324,0.346,0.386,0.91,0.326,0.034
148,,0.294,0.08,0.314,0.336,0.376,0.9,0.316,0.024
149,,0.284,0.07,0.304,0.326,0.366,0.89,0.306,0.014
150,,0.274,0.06,0.294,0.316,0.356,0.88,0.296,0.004
151,,0.264,0.05,0.284,0.306,0.346,0.87,0.286,-0.006
152,8,0.537,0.04,-0.009,-0.104,0.053,0.86,0.559,0.994
153,8,0.81,0.03,-0.302,-0.514,-0.24,0.85,0.832,1.0
154,4,0.517,0.02,-0.029,0.486,0.033,0.84,0.539,0.59
155,4,0.224,0.01,0.244,1.0,0.306,0.83,0.246,0.18
156,,0.214,0.0,0.234,0.99,0.296,0.82,0.236,0.17
157,,0.204,-0.01,0.224,0.98,0.286,0.81,0.226,0.16
158,2,0.477,0.99,0.497,0.97,-0.007,0.4,-0.067,0.15
159,2,0.75,1.0,0.77,0.96,-0.3,-0.01,-0.36,0.14
160,7,0.74,0.707,0.36,0.667,-0.31,0.263,0.64,0.413
161,7,0.73,0.414,-0.05,0.374,-0.32,0.536,1.0,0.686
162,5,0.32,0.121,-0.06,0.647,0.68,0.809,0.99,0.393
163,5,-0.09,-0.172,-0.07,0.92,1.0,1.0,0.98,0.1
164,2,0.183,0.828,0.203,0.91,0.707,0.59,0.687,0.09
165,2,0.456,1.0,0.476,0.9,0.414,0.18,0.394,0.08
166,,0.446,0.99,0.466,0.89,0.404,0.17,0.384,0.07
167,,0.436,0.98,0.456,0.88,0.394,0.16,0.374,0.06
168,,0.426,0.97,0.446,0.87,0.384,0.15,0.364,0.05
169,,0.416,0.96,0.436,0.86,0.374,0.14,0.354,0.04
170,,0.406,0.95,0.426,0.85,0.364,0.13,0.344,0.03
171,,0.396,0.94,0.416,0.84,0.354,0.12,0.334,0.02
172,,0.386,0.93,0.406,0.83,0.344,0.11,0.324,0.01
173,,0.376,0.92,0.396,0.82,0.334,0.1,0.314,0.0
174,,0.366,0.91,0.386,0.81,0.324,0.09,0.304,-0.01
175,8,0.639,0.9,0.093,0.4,0.031,0.08,0.577,0.99
176,8,0.912,0.89,-0.2,-0.01,-0.262,0.07,0.85,1.0
177,5,0.502,0.597,-0.21,0.263,0.738,0.343,0.84,0.707
178,5,0.092,0.304,-0.22,0.536,1.0,0.616,0.83,0.414
179,3,0.082,0.577,0.78,0.809,0.99,0.323,0.42,0.121
180,3,0.072,0.85,1.0,1.0,0.98,0.03,0.01,-0.172
181,8,0.345,0.84,0.707,0.59,0.687,0.02,0.283,0.828
182,8,0.618,0.83,0.414,0.18,0.394,0.01,0.556,1.0
183,,0.608,0.82,0.404,0.17,0.384,0.0,0.546,0.99
184,,0.598,0.81,0.394,0.16,0.374,-0.01,0.536,0.98
185,6,0.305,0.4,0.101,0.15,0.647,0.99,0.809,0.97
186,6,0.012,-0.01,-0.192,0.14,0.92,1.0,1.0,0.96
187,3,0.002,0.263,0.808,0.413,0.91,0.707,0.59,0.667
188,3,-0.008,0.536,1.0,0.686,0.9,0.414,0.18,0.374
189,1,0.992,0.809,0.99,0.393,0.49,0.121,0.17,0.647
190,1,1.0,1.0,0.98,0.1,0.08,-0.172,0.16,0.92
191,6,0.707,0.59,0.687,0.09,0.353,0.828,0.433,0.91
192,6,0.414,0.18,0.394,0.08,0.626,1.0,0.706,0.9
193,,0.404,0.17,0.384,0.07,0.616,0.99,0.696,0.89
194,,0.394,0.16,0.374,0.06,0.606,0.98,0.686,0.88
195,,0.384,0.15,0.364,0.05,0.596,0.97,0.676,0.87
196,,0.374,0.14,0.354,0.04,0.586,0.96,0.666,0.86
197,,0.364,0.13,0.344,0.03,0.576,0.95,0.656,0.85
198,,0.354,0.12,0.334,0.02,0.566,0.94,0.646,0.84
199,,0.344,0.11,0.324,0.01,0.556,0.93,0.636,0.83
200,,0.334,0.1,0.314,0.0,0.546,0.92,0.626,0.82
201,,0.324,0.09,0.304,-0.01,0.536,0.91,0.616,0.81
202,4,0.031,0.08,0.577,0.99,0.809,0.9,0.323,0.4
203,4,-0.262,0.07,0.85,1.0,1.0,0.89,0.03,-0.01
204,1,0.738,0.343,0.84,0.707,0.59,0.597,0.02,0.263
205,1,1.0,0.616,0.83,0.414,0.18,0.304,0.01,0.536
206,,0.99,0.606,0.82,0.404,0.17,0.294,0.0,0.526
207,,0.98,0.596,0.81,0.394,0.16,0.284,-0.01,0.516
208,7,0.97,0.303,0.4,0.101,0.15,0.557,0.99,0.789
209,7,0.96,0.01,-0.01,-0.192,0.14,0.83,1.0,1.0
210,4,0.667,0.0,0.263,0.808,0.413,0.82,0.707,0.59
211,4,0.374,-0.01,0.536,1.0,0.686,0.81,0.414,0.18
212,2,0.647,0.99,0.809,0.99,0.393,0.4,0.121,0.17
213,2,0.92,1.0,1.0,0.98,0.1,-0.01,-0.172,0.16
214,7,0.91,0.707,0.59,0.687,0.09,0.263,0.828,0.433
215,7,0.9,0.414,0.18,0.394,0.08,0.536,1.0,0.706
216,,0.89,0.404,0.17,0.384,0.07,0.526,0.99,0.696
217,,0.88,0.394,0.16,0.374,0.06,0.516,0.98,0.686
218,,0.87,0.384,0.15,0.364,0.05,0.506,0.97,0.676
219,,0.86,0.374,0.14,0.354,0.04,0.496,0.96,0.666
220,,0.85,0.364,0.13,0.344,0.03,0.486,0.95,0.656
221,,0.84,0.354,0.12,0.334,0.02,0.476,0.94,0.646
222,,0.83,0.344,0.11,0.324,0.01,0.466,0.93,0.636
223,,0.82,0.334,0.1,0.314,0.0,0.456,0.92,0.626
224,,0.81,0.324,0.09,0.304,-0.01,0.446,0.91,0.616
225,5,0.4,0.031,0.08,0.577,0.99,0.719,0.9,0.323
226,5,-0.01,-0.262,0.07,0.85,1.0,0.992,0.89,0.03
227,2,0.263,0.738,0.343,0.84,0.707,0.582,0.597,0.02
228,2,0.536,1.0,0.616,0.83,0.414,0.172,0.304,0.01
229,,0.526,0.99,0.606,0.82,0.404,0.162,0.294,0.0
230,,0.516,0.98,0.596,0.81,0.394,0.152,0.284,-0.01
231,8,0.789,0.97,0.303,0.4,0.101,0.142,0.557,0.99
232,8,1.0,0.96,0.01,-0.01,-0.192,0.132,0.83,1.0
233,5,0.59,0.667,0.0,0.263,0.808,0.405,0.82,0.707
234,5,0.18,0.374,-0.01,0.536,1.0,0.678,0.81,0.414
235,3,0.17,0.647,0.99,0.809,0.99,0.385,0.4,0.121
236,3,0.16,0.92,1.0,1.0,0.98,0.092,-0.01,-0.172
237,8,0.433,0.91,0.707,0.59,0.687,0.082,0.263,0.828
238,8,0.706,0.9,0.414,0.18,0.394,0.072,0.536,1.0
239,,0.696,0.89,0.404,0.17,0.384,0.062,0.526,0.99
240,,0.686,0.88,0.394,0.16,0.374,0.052,0.516,0.98
241,,0.676,0.87,0.384,0.15,0.364,0.042,0.506,0.97
242,,0.666,0.86,0.374,0.14,0.354,0.032,0.496,0.96
243,,0.656,0.85,0.364,0.13,0.344,0.022,0.486,0.95
244,,0.646,0.84,0.354,0.12,0.334,0.012,0.476,0.94
245,,0.636,0.83,0.344,0.11,0.324,0.002,0.466,0.93
246,,0.626,0.82,0.334,0.1,0.314,-0.008,0.456,0.92
247,6,0.333,0.41,0.041,0.09,0.587,0.992,0.729,0.91
248,6,0.04,-0.0,-0.252,0.08,0.86,1.0,1.0,0.9
249,3,0.03,0.273,0.748,0.353,0.85,0.707,0.59,0.607
250,3,0.02,0.546,1.0,0.626,0.84,0.414,0.18,0.314
251,,0.01,0.536,0.99,0.616,0.83,0.404,0.17,0.304
252,,0.0,0.526,0.98,0.606,0.82,0.394,0.16,0.294
253,,-0.01,0.516,0.97,0.596,0.81,0.384,0.15,0.284
254,1,0.99,0.789,0.96,0.303,0.4,0.091,0.14,0.557
255,1,1.0,1.0,0.95,0.01,-0.01,-0.202,0.13,0.83
256,6,0.707,0.59,0.657,0.0,0.263,0.798,0.403,0.82
257,6,0.414,0.18,0.364,-0.01,0.536,1.0,0.676,0.81
258,4,0.121,0.17,0.637,0.99,0.809,0.99,0.383,0.4
259,4,-0.172,0.16,0.91,1.0,1.0,0.98,0.09,-0.01
260,1,0.828,0.433,0.9,0.707,0.59,0.687,0.08,0.263
261,1,1.0,0.706,0.89,0.414,0.18,0.394,0.07,0.536
262,,0.99,0.696,0.88,0.404,0.17,0.384,0.06,0.526
263,,0.98,0.686,0.87,0.394,0.16,0.374,0.05,0.516
264,,0.97,0.676,0.86,0.384,0.15,0.364,0.04,0.506
265,,0.96,0.666,0.85,0.374,0.14,0.354,0.03,0.496
266,,0.95,0.656,0.84,0.364,0.13,0.344,0.02,0.486
267,,0.94,0.646,0.83,0.354,0.12,0.334,0.01,0.476
268,,0.93,0.636,0.82,0.344,0.11,0.324,0.0,0.466
269,,0.92,0.626,0.81,0.334,0.1,0.314,-0.01,0.456
270,7,0.91,0.333,0.4,0.041,0.09,0.587,0.99,0.729
271,7,0.9,0.04,-0.01,-0.252,0.08,0.86,1.0,1.0
272,4,0.607,0.03,0.263,0.748,0.353,0.85,0.707,0.59
273,4,0.314,0.02,0.536,1.0,0.626,0.84,0.414,0.18
274,,0.304,0.01,0.526,0.99,0.616,0.83,0.404,0.17
275,,0.294,0.0,0.516,0.98,0.606,0.82,0.394,0.16
276,,0.284,-0.01,0.506,0.97,0.596,0.81,0.384,0.15
277,2,0.557,0.99,0.779,0.96,0.303,0.4,0.091,0.14
278,2,0.83,1.0,1.0,0.95,0.01,-0.01,-0.202,0.13
279,7,0.82,0.707,0.59,0.657,0.0,0.263,0.798,0.403
280,7,0.81,0.414,0.18,0.364,-0.01,0.536,1.0,0.676
281,5,0.4,0.121,0.17,0.637,0.99,0.809,0.99,0.383
282,5,-0.01,-0.172,0.16,0.91,1.0,1.0,0.98,0.09
283,2,0.263,0.828,0.433,0.9,0.707,0.59,0.687,0.08
284,2,0.536,1.0,0.706,0.89,0.414,0.18,0.394,0.07
285,,0.526,0.99,0.696,0.88,0.404,0.17,0.384,0.06
286,,0.516,0.98,0.686,0.87,0.394,0.16,0.374,0.05
287,,0.506,0.97,0.676,0.86,0.384,0.15,0.364,0.04
288,,0.496,0.96,0.666,0.85,0.374,0.14,0.354,0.03
289,,0.486,0.95,0.656,0.84,0.364,0.13,0.344,0.02
290,,0.476,0.94,0.646,0.83,0.354,0.12,0.334,0.01
291,,0.466,0.93,0.636,0.82,0.344,0.11,0.324,0.0
292,,0.456,0.92,0.626,0.81,0.334,0.1,0.314,-0.01
293,8,0.729,0.91,0.333,0.4,0.041,0.09,0.587,0.99
294,8,1.0,0.9,0.04,-0.01,-0.252,0.08,0.86,1.0
295,5,0.59,0.607,0.03,0.263,0.748,0.353,0.85,0.707
296,5,0.18,0.314,0.02,0.536,1.0,0.626,0.84,0.414
297,,0.17,0.304,0.01,0.526,0.99,0.616,0.83,0.404
298,,0.16,0.294,0.0,0.516,0.98,0.606,0.82,0.394
299,,0.15,0.284,-0.01,0.506,0.97,0.596,0.81,0.384
300,3,0.14,0.557,0.99,0.779,0.96,0.303,0.4,0.091
301,3,0.13,0.83,1.0,1.0,0.95,0.01,-0.01,-0.202
302,8,0.403,0.82,0.707,0.59,0.657,0.0,0.263,0.798
303,8,0.676,0.81,0.414,0.18,0.364,-0.01,0.536,1.0
304,6,0.383,0.4,0.121,0.17,0.637,0.99,0.809,0.99
305,6,0.09,-0.01,-0.172,0.16,0.91,1.0,1.0,0.98
306,3,0.08,0.263,0.828,0.433,0.9,0.707,0.59,0.687
307,3,0.07,0.536,1.0,0.706,0.89,0.414,0.18,0.394
308,,0.06,0.526,0.99,0.696,0.88,0.404,0.17,0.384
309,,0.05,0.516,0.98,0.686,0.87,0.394,0.16,0.374
310,,0.04,0.506,0.97,0.676,0.86,0.384,0.15,0.364
311,,0.03,0.496,0.96,0.666,0.85,0.374,0.14,0.354
312,,0.02,0.486,0.95,0.656,0.84,0.364,0.13,0.344
313,,0.01,0.476,0.94,0.646,0.83,0.354,0.12,0.334
314,,0.0,0.466,0.93,0.636,0.82,0.344,0.11,0.324
315,,-0.01,0.456,0.92,0.626,0.81,0.334,0.1,0.314
316,1,0.99,0.729,0.91,0.333,0.4,0.041,0.09,0.587
317,1,1.0,1.0,0.9,0.04,-0.01,-0.252,0.08,0.86
318,6,0.707,0.59,0.607,0.03,0.263,0.748,0.353,0.85
319,6,0.414,0.18,0.314,0.02,0.536,1.0,0.626,0.84
320,,0.404,0.17,0.304,0.01,0.526,0.99,0.616,0.83
321,,0.394,0.16,0.294,0.0,0.516,0.98,0.606,0.82
322,,0.384,0.15,0.284,-0.01,0.506,0.97,0.596,0.81
323,4,0.091,0.14,0.557,0.99,0.779,0.96,0.303,0.4
324,4,-0.202,0.13,0.83,1.0,1.0,0.95,0.01,-0.01
325,1,0.798,0.403,0.82,0.707,0.59,0.657,0.0,0.263
326,1,1.0,0.676,0.81,0.414,0.18,0.364,-0.01,0.536
327,7,0.99,0.383,0.4,0.121,0.17,0.637,0.99,0.809
328,7,0.98,0.09,-0.01,-0.172,0.16,0.91,1.0,1.0
329,4,0.687,0.08,0.263,0.828,0.433,0.9,0.707,0.59
330,4,0.394,0.07,0.536,1.0,0.706,0.89,0.414,0.18
331,,0.384,0.06,0.526,0.99,0.696,0.88,0.404,0.17
332,,0.374,0.05,0.516,0.98,0.686,0.87,0.394,0.16
333,,0.364,0.04,0.506,0.97,0.676,0.86,0.384,0.15
334,,0.354,0.03,0.496,0.96,0.666,0.85,0.374,0.14
335,,0.344,0.02,0.486,0.95,0.656,0.84,0.364,0.13
336,,0.334,0.01,0.476,0.94,0.646,0.83,0.354,0.12
337,,0.324,0.0,0.466,0.93,0.636,0.82,0.344,0.11
338,,0.314,-0.01,0.456,0.92,0.626,0.81,0.334,0.1
339,2,0.587,0.99,0.729,0.91,0.333,0.4,0.041,0.09
340,2,0.86,1.0,1.0,0.9,0.04,-0.01,-0.252,0.08
341,7,0.85,0.707,0.59,0.607,0.03,0.263,0.748,0.353
342,7,0.84,0.414,0.18,0.314,0.02,0.536,1.0,0.626
343,,0.83,0.404,0.17,0.304,0.01,0.526,0.99,0.616
344,,0.82,0.394,0.16,0.294,0.0,0.516,0.98,0.606
345,,0.81,0.384,0.15,0.284,-0.01,0.506,0.97,0.596
346,5,0.4,0.091,0.14,0.557,0.99,0.779,0.96,0.303
347,5,-0.01,-0.202,0.13,0.83,1.0,1.0,0.95,0.01
348,2,0.263,0.798,0.403,0.82,0.707,0.59,0.657,0.0
349,2,0.536,1.0,0.676,0.81,0.414,0.18,0.364,-0.01
350,8,0.809,0.99,0.383,0.4,0.121,0.17,0.637,0.99
351,8,1.0,0.98,0.09,-0.01,-0.172,0.16,0.91,1.0
352,5,0.59,0.687,0.08,0.263,0.828,0.433,0.9,0.707
353,5,0.18,0.394,0.07,0.536,1.0,0.706,0.89,0.414
354,,0.17,0.384,0.06,0.526,0.99,0.696,0.88,0.404
355,,0.16,0.374,0.05,0.516,0.98,0.686,0.87,0.394
356,,0.15,0.364,0.04,0.506,0.97,0.676,0.86,0.384
357,,0.14,0.354,0.03,0.496,0.96,0.666,0.85,0.374
358,,0.13,0.344,0.02,0.486,0.95,0.656,0.84,0.364
359,,0.12,0.334,0.01,0.476,0.94,0.646,0.83,0.354
360,,0.11,0.324,0.0,0.466,0.93,0.636,0.82,0.344
361,,0.1,0.314,-0.01,0.456,0.92,0.626,0.81,0.334
362,3,0.09,0.587,0.99,0.729,0.91,0.333,0.4,0.041
363,3,0.08,0.86,1.0,1.0,0.9,0.04,-0.01,-0.252
364,8,0.353,0.85,0.707,0.59,0.607,0.03,0.263,0.748
365,8,0.626,0.84,0.414,0.18,0.314,0.02,0.536,1.0
366,,0.616,0.83,0.404,0.17,0.304,0.01,0.526,0.99
367,,0.606,0.82,0.394,0.16,0.294,0.0,0.516,0.98
368,,0.596,0.81,0.384,0.15,0.284,-0.01,0.506,0.97
369,6,0.303,0.4,0.091,0.14,0.557,0.99,0.779,0.96
370,6,0.01,-0.01,-0.202,0.13,0.83,1.0,1.0,0.95
371,3,0.0,0.263,0.798,0.403,0.82,0.707,0.59,0.657
372,3,-0.01,0.536,1.0,0.676,0.81,0.414,0.18,0.364
373,1,0.99,0.809,0.99,0.383,0.4,0.121,0.17,0.637
374,1,1.0,1.0,0.98,0.09,-0.01,-0.172,0.16,0.91
375,6,0.707,0.59,0.687,0.08,0.263,0.828,0.433,0.9
376,6,0.414,0.18,0.394,0.07,0.536,1.0,0.706,0.89
377,,0.404,0.17,0.384,0.06,0.526,0.99,0.696,0.88
378,,0.394,0.16,0.374,0.05,0.516,0.98,0.686,0.87
379,,0.384,0.15,0.364,0.04,0.506,0.97,0.676,0.86
380,,0.374,0.14,0.354,0.03,0.496,0.96,0.666,0.85
381,,0.364,0.13,0.344,0.02,0.486,0.95,0.656,0.84
382,,0.354,0.12,0.334,0.01,0.476,0.94,0.646,0.83
383,,0.344,0.11,0.324,0.0,0.466,0.93,0.636,0.82
384,,0.334,0.1,0.314,-0.01,0.456,0.92,0.626,0.81
385,4,0.041,0.09,0.587,0.99,0.729,0.91,0.333,0.4
386,4,-0.252,0.08,0.86,1.0,1.0,0.9,0.04,-0.01
387,1,0.748,0.353,0.85,0.707,0.59,0.607,0.03,0.263
388,1,1.0,0.626,0.84,0.414,0.18,0.314,0.02,0.536
389,,0.99,0.616,0.83,0.404,0.17,0.304,0.01,0.526
390,,0.98,0.606,0.82,0.394,0.16,0.294,0.0,0.516
391,,0.97,0.596,0.81,0.384,0.15,0.284,-0.01,0.506
392,7,0.96,0.303,0.4,0.091,0.14,0.557,0.99,0.779
393,7,0.95,0.01,-0.01,-0.202,0.13,0.83,1.0,1.0
394,4,0.657,0.0,0.263,0.798,0.403,0.82,0.707,0.59
395,4,0.364,-0.01,0.536,1.0,0.676,0.81,0.414,0.18
396,2,0.637,0.99,0.809,0.99,0.383,0.4,0.121,0.17
397,2,0.91,1.0,1.0,0.98,0.09,-0.01,-0.172,0.16
398,7,0.9,0.707,0.59,0.687,0.08,0.263,0.828,0.433
399,7,0.89,0.414,0.18,0.394,0.07,0.536,1.0,0.706
400,,0.88,0.404,0.17,0.384,0.06,0.526,0.99,0.696
401,,0.87,0.394,0.16,0.374,0.05,0.516,0.98,0.686
402,,0.86,0.384,0.15,0.364,0.04,0.506,0.97,0.676
403,,0.85,0.374,0.14,0.354,0.03,0.496,0.96,0.666
404,,0.84,0.364,0.13,0.344,0.02,0.486,0.95,0.656
405,,0.83,0.354,0.12,0.334,0.01,0.476,0.94,0.646
406,,0.82,0.344,0.11,0.324,0.0,0.466,0.93,0.636
407,,0.81,0.334,0.1,0.314,-0.01,0.456,0.92,0.626
408,5,0.4,0.041,0.09,0.587,0.99,0.729,0.91,0.333
409,5,-0.01,-0.252,0.08,0.86,1.0,1.0,0.9,0.04
410,2,0.263,0.748,0.353,0.85,0.707,0.59,0.607,0.03
411,2,0.536,1.0,0.626,0.84,0.414,0.18,0.314,0.02
412,,0.526,0.99,0.616,0.83,0.404,0.17,0.304,0.01
413,,0.516,0.98,0.606,0.82,0.394,0.16,0.294,0.0
414,,0.506,0.97,0.596,0.81,0.384,0.15,0.284,-0.01
415,8,0.779,0.96,0.303,0.4,0.091,0.14,0.557,0.99
416,8,1.0,0.95,0.01,-0.01,-0.202,0.13,0.83,1.0
417,5,0.59,0.657,0.0,0.263,0.798,0.403,0.82,0.707
418,5,0.18,0.364,-0.01,0.536,1.0,0.676,0.81,0.414
419,3,0.17,0.637,0.99,0.809,0.99,0.383,0.4,0.121
420,3,0.16,0.91,1.0,1.0,0.98,0.09,-0.01,-0.172
421,8,0.433,0.9,0.707,0.59,0.687,0.08,0.263,0.828
422,8,0.706,0.89,0.414,0.18,0.394,0.07,0.536,1.0
423,,0.696,0.88,0.404,0.17,0.384,0.06,0.526,0.99
424,,0.686,0.87,0.394,0.16,0.374,0.05,0.516,0.98
425,,0.676,0.86,0.384,0.15,0.364,0.04,0.506,0.97
426,,0.666,0.85,0.374,0.14,0.354,0.03,0.496,0.96
427,,0.656,0.84,0.364,0.13,0.344,0.02,0.486,0.95
428,,0.646,0.83,0.354,0.12,0.334,0.01,0.476,0.94
429,,0.636,0.82,0.344,0.11,0.324,0.0,0.466,0.93
430,,0.626,0.81,0.334,0.1,0.314,-0.01,0.456,0.92
431,6,0.333,0.4,0.041,0.09,0.587,0.99,0.729,0.91
432,6,0.04,-0.01,-0.252,0.08,0.86,1.0,1.0,0.9
433,3,0.03,0.263,0.748,0.353,0.85,0.707,0.59,0.607
434,3,0.02,0.536,1.0,0.626,0.84,0.414,0.18,0.314
435,,0.01,0.526,0.99,0.616,0.83,0.404,0.17,0.304
436,,0.0,0.516,0.98,0.606,0.82,0.394,0.16,0.294
437,,-0.01,0.506,0.97,0.596,0.81,0.384,0.15,0.284
438,1,0.99,0.779,0.96,0.303,0.4,0.091,0.14,0.557
439,1,1.0,1.0,0.95,0.01,-0.01,-0.202,0.13,0.83
440,6,0.707,0.59,0.657,0.0,0.263,0.798,0.403,0.82
441,6,0.414,0.18,0.364,-0.01,0.536,1.0,0.676,0.81
442,4,0.121,0.17,0.637,0.99,0.809,0.99,0.383,0.4
443,4,-0.172,0.16,0.91,1.0,1.0,0.98,0.09,-0.01
444,1,0.828,0.433,0.9,0.707,0.59,0.687,0.08,0.263
445,1,1.0,0.706,0.89,0.414,0.18,0.394,0.07,0.536
446,,0.99,0.696,0.88,0.404,0.17,0.384,0.06,0.526
447,,0.98,0.686,0.87,0.394,0.16,0.374,0.05,0.516
448,,0.97,0.676,0.86,0.384,0.15,0.364,0.04,0.506
449,,0.96,0.666,0.85,0.374,0.14,0.354,0.03,0.496
450,,0.95,0.656,0.84,0.364,0.13,0.344,0.02,0.486
451,,0.94,0.646,0.83,0.354,0.12,0.334,0.01,0.476
452,,0.93,0.636,0.82,0.344,0.11,0.324,0.0,0.466
453,,0.92,0.626,0.81,0.334,0.1,0.314,-0.01,0.456
454,7,0.91,0.333,0.4,0.041,0.09,0.587,0.99,0.729
455,7,0.9,0.04,-0.01,-0.252,0.08,0.86,1.0,1.0
456,4,0.607,0.03,0.263,0.748,0.353,0.85,0.707,0.59
457,4,0.314,0.02,0.536,1.0,0.626,0.84,0.414,0.18
458,,0.304,0.01,0.526,0.99,0.616,0.83,0.404,0.17
459,,0.294,0.0,0.516,0.98,0.606,0.82,0.394,0.16
460,,0.284,-0.01,0.506,0.97,0.596,0.81,0.384,0.15
461,2,0.557,0.99,0.779,0.96,0.303,0.4,0.091,0.14
462,2,0.83,1.0,1.0,0.95,0.01,-0.01,-0.202,0.13
463,7,0.82,0.707,0.59,0.657,0.0,0.263,0.798,0.403
464,7,0.81,0.414,0.18,0.364,-0.01,0.536,1.0,0.676
465,5,0.4,0.121,0.17,0.637,0.99,0.809,0.99,0.383
466,5,-0.01,-0.172,0.16,0.91,1.0,1.0,0.98,0.09
467,2,0.263,0.828,0.433,0.9,0.707,0.59,0.687,0.08
468,2,0.536,1.0,0.706,0.89,0.414,0.18,0.394,0.07
469,,0.526,0.99,0.696,0.88,0.404,0.17,0.384,0.06
470,,0.516,0.98,0.686,0.87,0.394,0.16,0.374,0.05
471,,0.506,0.97,0.676,0.86,0.384,0.15,0.364,0.04
472,,0.496,0.96,0.666,0.85,0.374,0.14,0.354,0.03
473,,0.486,0.95,0.656,0.84,0.364,0.13,0.344,0.02
474,,0.476,0.94,0.646,0.83,0.354,0.12,0.334,0.01
475,,0.466,0.93,0.636,0.82,0.344,0.11,0.324,0.0
476,,0.456,0.92,0.626,0.81,0.334,0.1,0.314,-0.01
477,8,0.729,0.91,0.333,0.4,0.041,0.09,0.587,0.99
478,8,1.0,0.9,0.04,-0.01,-0.252,0.08,0.86,1.0
479,5,0.59,0.607,0.03,0.263,0.748,0.353,0.85,0.707
480,5,0.18,0.314,0.02,0.536,1.0,0.626,0.84,0.414
481,,0.17,0.304,0.01,0.526,0.99,0.616,0.83,0.404
482,,0.16,0.294,0.0,0.516,0.98,0.606,0.82,0.394
483,,0.15,0.284,-0.01,0.506,0.97,0.596,0.81,0.384
484,3,0.14,0.557,0.99,0.779,0.96,0.303,0.4,0.091
485,3,0.13,0.83,1.0,1.0,0.95,0.01,-0.01,-0.202
486,8,0.403,0.82,0.707,0.59,0.657,0.0,0.263,0.798
487,8,0.676,0.81,0.414,0.18,0.364,-0.01,0.536,1.0
488,6,0.383,0.4,0.121,0.17,0.637,0.99,0.809,0.99
489,6,0.09,-0.01,-0.172,0.16,0.91,1.0,1.0,0.98
490,3,0.08,0.263,0.828,0.433,0.9,0.707,0.59,0.687
491,3,0.07,0.536,1.0,0.706,0.89,0.414,0.18,0.394
492,,0.06,0.526,0.99,0.696,0.88,0.404,0.17,0.384
493,,0.05,0.516,0.98,0.686,0.87,0.394,0.16,0.374
494,,0.04,0.506,0.97,0.676,0.86,0.384,0.15,0.364
495,,0.03,0.496,0.96,0.666,0.85,0.374,0.14,0.354
496,,0.02,0.486,0.95,0.656,0.84,0.364,0.13,0.344
497,,0.01,0.476,0.94,0.646,0.83,0.354,0.12,0.334
498,,0.0,0.466,0.93,0.636,0.82,0.344,0.11,0.324
499,,-0.01,0.456,0.92,0.626,0.81,0.334,0.1,0.314
