step,active_motive,motive_1,motive_2,motive_3,motive_4,motive_5,motive_6,motive_7,motive_8
0,,0.34791,0.42918,0.16298,0.11012,0.35557,0.40475,0.17433,0.04809
1,,0.33791,0.41918,0.15298,0.10012,0.34557,0.39475,0.16433,0.03809
2,,0.32791,0.40918,0.14298,0.09012,0.33557,0.38475,0.15433,0.02809
3,,0.31791,0.39918,0.13298,0.08012,0.32557,0.37475,0.14433,0.01809
4,,0.30791,0.38918,0.12298,0.07012,0.31557,0.36475,0.13433,0.00809
5,,0.29791,0.37918,0.11298,0.06012,0.30557,0.35475,0.12433,-0.00191
6,8,0.57091,0.36918,-0.18002,-0.34988,0.01257,0.34475,0.39733,0.99809
7,8,0.84391,0.35918,-0.47302,-0.75988,-0.28043,0.33475,0.67033,1.0
8,4,0.55091,0.34918,-0.20002,0.24012,-0.00743,0.32475,0.37733,0.59
9,4,0.25791,0.33918,0.07298,1.0,0.26557,0.31475,0.08433,0.18
10,,0.24791,0.32918,0.06298,0.99,0.25557,0.30475,0.07433,0.17
11,,0.23791,0.31918,0.05298,0.98,0.24557,0.29475,0.06433,0.16
12,,0.22791,0.30918,0.04298,0.97,0.23557,0.28475,0.05433,0.15
13,,0.21791,0.29918,0.03298,0.96,0.22557,0.27475,0.04433,0.14
14,,0.20791,0.28918,0.02298,0.95,0.21557,0.26475,0.03433,0.13
15,,0.19791,0.27918,0.01298,0.94,0.20557,0.25475,0.02433,0.12
16,,0.18791,0.26918,0.00298,0.93,0.19557,0.24475,0.01433,0.11
17,,0.17791,0.25918,-0.00702,0.92,0.18557,0.23475,0.00433,0.1
18,3,0.16791,0.53218,0.99298,1.0,0.17557,-0.05825,-0.40567,-0.193
19,3,0.15791,0.80518,1.0,1.0,0.16557,-0.35125,-0.81567,-0.486
20,7,0.14791,0.51218,0.59,0.707,0.15557,-0.07825,0.18433,-0.213
21,7,0.13791,0.21918,0.18,0.414,0.14557,0.19475,1.0,0.06
22,,0.12791,0.20918,0.17,0.404,0.13557,0.18475,0.99,0.05
23,,0.11791,0.19918,0.16,0.394,0.12557,0.17475,0.98,0.04
24,,0.10791,0.18918,0.15,0.384,0.11557,0.16475,0.97,0.03
25,,0.09791,0.17918,0.14,0.374,0.10557,0.15475,0.96,0.02
26,,0.08791,0.16918,0.13,0.364,0.09557,0.14475,0.95,0.01
27,,0.07791,0.15918,0.12,0.354,0.08557,0.13475,0.94,0.0
28,,0.06791,0.14918,0.11,0.344,0.07557,0.12475,0.93,-0.01
29,8,0.34091,0.13918,-0.183,-0.066,-0.21743,0.11475,1.0,0.99
30,8,0.61391,0.12918,-0.476,-0.476,-0.51043,0.10475,1.0,1.0
31,5,0.20391,-0.16382,-0.486,-0.203,0.48957,0.37775,0.99,0.707
32,5,-0.20609,-0.45682,-0.496,0.07,1.0,0.65075,0.98,0.414
33,3,-0.21609,-0.18382,0.504,0.343,0.99,0.35775,0.57,0.121
34,3,-0.22609,0.08918,1.0,0.616,0.98,0.06475,0.16,-0.172
35,1,0.77391,0.36218,0.99,0.323,0.57,-0.22825,0.15,0.101
36,1,1.0,0.63518,0.98,0.03,0.16,-0.52125,0.14,0.374
37,6,0.707,0.22518,0.687,0.02,0.433,0.47875,0.413,0.364
38,6,0.414,-0.18482,0.394,0.01,0.706,1.0,0.686,0.354
39,2,0.687,0.81518,0.667,0.0,0.413,0.59,0.393,0.344
40,2,0.96,1.0,0.94,-0.01,0.12,0.18,0.1,0.334
41,4,0.667,0.99,1.0,0.99,0.393,0.17,-0.193,-0.076
42,4,0.374,0.98,1.0,1.0,0.666,0.16,-0.486,-0.486
43,7,0.364,0.687,0.59,0.707,0.656,0.433,0.514,-0.213
44,7,0.354,0.394,0.18,0.414,0.646,0.706,1.0,0.06
45,,0.344,0.384,0.17,0.404,0.636,0.696,0.99,0.05
46,,0.334,0.374,0.16,0.394,0.626,0.686,0.98,0.04
47,,0.324,0.364,0.15,0.384,0.616,0.676,0.97,0.03
48,,0.314,0.354,0.14,0.374,0.606,0.666,0.96,0.02
49,,0.304,0.344,0.13,0.364,0.596,0.656,0.95,0.01
50,,0.294,0.334,0.12,0.354,0.586,0.646,0.94,0.0
51,,0.284,0.324,0.11,0.344,0.576,0.636,0.93,-0.01
52,8,0.557,0.314,-0.183,-0.066,0.283,0.626,1.0,0.99
53,8,0.83,0.304,-0.476,-0.476,-0.01,0.616,1.0,1.0
54,3,0.82,0.577,0.524,-0.203,-0.02,0.323,0.59,0.707
55,3,0.81,0.85,1.0,0.07,-0.03,0.03,0.18,0.414
56,5,0.4,0.557,0.99,0.343,0.97,0.303,0.17,0.121
57,5,-0.01,0.264,0.98,0.616,1.0,0.576,0.16,-0.172
58,8,0.263,0.254,0.687,0.206,0.707,0.566,0.433,0.828
59,8,0.536,0.244,0.394,-0.204,0.414,0.556,0.706,1.0
60,4,0.243,0.234,0.667,0.796,0.687,0.546,0.413,0.59
61,4,-0.05,0.224,0.94,1.0,0.96,0.536,0.12,0.18
62,1,0.95,0.497,0.93,0.707,0.55,0.243,0.11,0.453
63,1,1.0,0.77,0.92,0.414,0.14,-0.05,0.1,0.726
64,6,0.707,0.36,0.627,0.404,0.413,0.95,0.373,0.716
65,6,0.414,-0.05,0.334,0.394,0.686,1.0,0.646,0.706
66,2,0.687,0.95,0.607,0.384,0.393,0.59,0.353,0.696
67,2,0.96,1.0,0.88,0.374,0.1,0.18,0.06,0.686
68,,0.95,0.99,0.87,0.364,0.09,0.17,0.05,0.676
69,,0.94,0.98,0.86,0.354,0.08,0.16,0.04,0.666
70,,0.93,0.97,0.85,0.344,0.07,0.15,0.03,0.656
71,,0.92,0.96,0.84,0.334,0.06,0.14,0.02,0.646
72,,0.91,0.95,0.83,0.324,0.05,0.13,0.01,0.636
73,,0.9,0.94,0.82,0.314,0.04,0.12,0.0,0.626
74,,0.89,0.93,0.81,0.304,0.03,0.11,-0.01,0.616
75,7,0.88,0.637,0.4,0.011,0.02,0.383,0.99,0.889
76,7,0.87,0.344,-0.01,-0.282,0.01,0.656,1.0,1.0
77,4,0.577,0.334,0.263,0.718,0.283,0.646,0.707,0.59
78,4,0.284,0.324,0.536,1.0,0.556,0.636,0.414,0.18
79,,0.274,0.314,0.526,0.99,0.546,0.626,0.404,0.17
80,,0.264,0.304,0.516,0.98,0.536,0.616,0.394,0.16
81,,0.254,0.294,0.506,0.97,0.526,0.606,0.384,0.15
82,,0.244,0.284,0.496,0.96,0.516,0.596,0.374,0.14
83,,0.234,0.274,0.486,0.95,0.506,0.586,0.364,0.13
84,,0.224,0.264,0.476,0.94,0.496,0.576,0.354,0.12
85,,0.214,0.254,0.466,0.93,0.486,0.566,0.344,0.11
86,,0.204,0.244,0.456,0.92,0.476,0.556,0.334,0.1
87,,0.194,0.234,0.446,0.91,0.466,0.546,0.324,0.09
88,,0.184,0.224,0.436,0.9,0.456,0.536,0.314,0.08
89,,0.174,0.214,0.426,0.89,0.446,0.526,0.304,0.07
90,,0.164,0.204,0.416,0.88,0.436,0.516,0.294,0.06
91,,0.154,0.194,0.406,0.87,0.426,0.506,0.284,0.05
92,,0.144,0.184,0.396,0.86,0.416,0.496,0.274,0.04
93,,0.134,0.174,0.386,0.85,0.406,0.486,0.264,0.03
94,,0.124,0.164,0.376,0.84,0.396,0.476,0.254,0.02
95,,0.114,0.154,0.366,0.83,0.386,0.466,0.244,0.01
96,,0.104,0.144,0.356,0.82,0.376,0.456,0.234,0.0
97,,0.094,0.134,0.346,0.81,0.366,0.446,0.224,-0.01
98,8,0.367,0.124,0.053,0.4,0.073,0.436,0.497,0.99
99,8,0.64,0.114,-0.24,-0.01,-0.22,0.426,0.77,1.0
100,3,0.63,0.387,0.76,0.263,-0.23,0.133,0.36,0.707
101,3,0.62,0.66,1.0,0.536,-0.24,-0.16,-0.05,0.414
102,5,0.21,0.367,0.99,0.809,0.76,0.113,-0.06,0.121
103,5,-0.2,0.074,0.98,1.0,1.0,0.386,-0.07,-0.172
104,1,0.8,0.347,0.97,0.707,0.59,0.093,-0.08,0.101
105,1,1.0,0.62,0.96,0.414,0.18,-0.2,-0.09,0.374
106,6,0.707,0.21,0.667,0.404,0.453,0.8,0.183,0.364
107,6,0.414,-0.2,0.374,0.394,0.726,1.0,0.456,0.354
108,2,0.687,0.8,0.647,0.384,0.433,0.59,0.163,0.344
109,2,0.96,1.0,0.92,0.374,0.14,0.18,-0.13,0.334
110,7,0.95,0.707,0.51,0.081,0.13,0.453,0.87,0.607
111,7,0.94,0.414,0.1,-0.212,0.12,0.726,1.0,0.88
112,4,0.647,0.404,0.373,0.788,0.393,0.716,0.707,0.47
113,4,0.354,0.394,0.646,1.0,0.666,0.706,0.414,0.06
114,,0.344,0.384,0.636,0.99,0.656,0.696,0.404,0.05
115,,0.334,0.374,0.626,0.98,0.646,0.686,0.394,0.04
116,,0.324,0.364,0.616,0.97,0.636,0.676,0.384,0.03
117,,0.314,0.354,0.606,0.96,0.626,0.666,0.374,0.02
118,,0.304,0.344,0.596,0.95,0.616,0.656,0.364,0.01
119,,0.294,0.334,0.586,0.94,0.606,0.646,0.354,0.0
120,,0.284,0.324,0.576,0.93,0.596,0.636,0.344,-0.01
121,8,0.557,0.314,0.283,0.52,0.303,0.626,0.617,0.99
122,8,0.83,0.304,-0.01,0.11,0.01,0.616,0.89,1.0
123,3,0.82,0.577,0.99,0.383,0.0,0.323,0.48,0.707
124,3,0.81,0.85,1.0,0.656,-0.01,0.03,0.07,0.414
125,5,0.4,0.557,0.99,0.929,0.99,0.303,0.06,0.121
126,5,-0.01,0.264,0.98,1.0,1.0,0.576,0.05,-0.172
127,8,0.263,0.254,0.687,0.59,0.707,0.566,0.323,0.828
128,8,0.536,0.244,0.394,0.18,0.414,0.556,0.596,1.0
129,,0.526,0.234,0.384,0.17,0.404,0.546,0.586,0.99
130,,0.516,0.224,0.374,0.16,0.394,0.536,0.576,0.98
131,,0.506,0.214,0.364,0.15,0.384,0.526,0.566,0.97
132,,0.496,0.204,0.354,0.14,0.374,0.516,0.556,0.96
133,,0.486,0.194,0.344,0.13,0.364,0.506,0.546,0.95
134,,0.476,0.184,0.334,0.12,0.354,0.496,0.536,0.94
135,,0.466,0.174,0.324,0.11,0.344,0.486,0.526,0.93
136,,0.456,0.164,0.314,0.1,0.334,0.476,0.516,0.92
137,,0.446,0.154,0.304,0.09,0.324,0.466,0.506,0.91
138,,0.436,0.144,0.294,0.08,0.314,0.456,0.496,0.9
139,,0.426,0.134,0.284,0.07,0.304,0.446,0.486,0.89
140,,0.416,0.124,0.274,0.06,0.294,0.436,0.476,0.88
141,,0.406,0.114,0.264,0.05,0.284,0.426,0.466,0.87
142,,0.396,0.104,0.254,0.04,0.274,0.416,0.456,0.86
143,,0.386,0.094,0.244,0.03,0.264,0.406,0.446,0.85
144,,0.376,0.084,0.234,0.02,0.254,0.396,0.436,0.84
145,,0.366,0.074,0.224,0.01,0.244,0.386,0.426,0.83
146,,0.356,0.064,0.214,0.0,0.234,0.376,0.416,0.82
147,,0.346,0.054,0.204,-0.01,0.224,0.366,0.406,0.81
148,4,0.053,0.044,0.477,0.99,0.497,0.356,0.113,0.4
149,4,-0.24,0.034,0.75,1.0,0.77,0.346,-0.18,-0.01
150,1,0.76,0.307,0.74,0.707,0.36,0.053,-0.19,0.263
151,1,1.0,0.58,0.73,0.414,-0.05,-0.24,-0.2,0.536
152,6,0.707,0.17,0.437,0.404,0.223,0.76,0.073,0.526
153,6,0.414,-0.24,0.144,0.394,0.496,1.0,0.346,0.516
154,2,0.687,0.76,0.417,0.384,0.203,0.59,0.053,0.506
155,2,0.96,1.0,0.69,0.374,-0.09,0.18,-0.24,0.496
156,7,0.95,0.707,0.28,0.081,-0.1,0.453,0.76,0.769
157,7,0.94,0.414,-0.13,-0.212,-0.11,0.726,1.0,1.0
158,4,0.647,0.404,0.143,0.788,0.163,0.716,0.707,0.59
159,4,0.354,0.394,0.416,1.0,0.436,0.706,0.414,0.18
160,,0.344,0.384,0.406,0.99,0.426,0.696,0.404,0.17
161,,0.334,0.374,0.396,0.98,0.416,0.686,0.394,0.16
162,,0.324,0.364,0.386,0.97,0.406,0.676,0.384,0.15
163,,0.314,0.354,0.376,0.96,0.396,0.666,0.374,0.14
164,,0.304,0.344,0.366,0.95,0.386,0.656,0.364,0.13
165,,0.294,0.334,0.356,0.94,0.376,0.646,0.354,0.12
166,,0.284,0.324,0.346,0.93,0.366,0.636,0.344,0.11
167,,0.274,0.314,0.336,0.92,0.356,0.626,0.334,0.1
168,,0.264,0.304,0.326,0.91,0.346,0.616,0.324,0.09
169,,0.254,0.294,0.316,0.9,0.336,0.606,0.314,0.08
170,,0.244,0.284,0.306,0.89,0.326,0.596,0.304,0.07
171,,0.234,0.274,0.296,0.88,0.316,0.586,0.294,0.06
172,,0.224,0.264,0.286,0.87,0.306,0.576,0.284,0.05
173,,0.214,0.254,0.276,0.86,0.296,0.566,0.274,0.04
174,,0.204,0.244,0.266,0.85,0.286,0.556,0.264,0.03
175,,0.194,0.234,0.256,0.84,0.276,0.546,0.254,0.02
176,,0.184,0.224,0.246,0.83,0.266,0.536,0.244,0.01
177,,0.174,0.214,0.236,0.82,0.256,0.526,0.234,0.0
178,,0.164,0.204,0.226,0.81,0.246,0.516,0.224,-0.01
179,8,0.437,0.194,-0.067,0.4,-0.047,0.506,0.497,0.99
180,8,0.71,0.184,-0.36,-0.01,-0.34,0.496,0.77,1.0
181,3,0.7,0.457,0.64,0.263,-0.35,0.203,0.36,0.707
182,3,0.69,0.73,1.0,0.536,-0.36,-0.09,-0.05,0.414
183,5,0.28,0.437,0.99,0.809,0.64,0.183,-0.06,0.121
184,5,-0.13,0.144,0.98,1.0,1.0,0.456,-0.07,-0.172
185,8,0.143,0.134,0.687,0.59,0.707,0.446,0.203,0.828
186,8,0.416,0.124,0.394,0.18,0.414,0.436,0.476,1.0
187,,0.406,0.114,0.384,0.17,0.404,0.426,0.466,0.99
188,,0.396,0.104,0.374,0.16,0.394,0.416,0.456,0.98
189,,0.386,0.094,0.364,0.15,0.384,0.406,0.446,0.97
190,,0.376,0.084,0.354,0.14,0.374,0.396,0.436,0.96
191,,0.366,0.074,0.344,0.13,0.364,0.386,0.426,0.95
192,,0.356,0.064,0.334,0.12,0.354,0.376,0.416,0.94
193,,0.346,0.054,0.324,0.11,0.344,0.366,0.406,0.93
194,,0.336,0.044,0.314,0.1,0.334,0.356,0.396,0.92
195,,0.326,0.034,0.304,0.09,0.324,0.346,0.386,0.91
196,,0.316,0.024,0.294,0.08,0.314,0.336,0.376,0.9
197,,0.306,0.014,0.284,0.07,0.304,0.326,0.366,0.89
198,,0.296,0.004,0.274,0.06,0.294,0.316,0.356,0.88
199,,0.286,-0.006,0.264,0.05,0.284,0.306,0.346,0.87
200,2,0.559,0.994,0.537,0.04,-0.009,-0.104,0.053,0.86
201,2,0.832,1.0,0.81,0.03,-0.302,-0.514,-0.24,0.85
202,6,0.539,0.59,0.517,0.02,-0.029,0.486,0.033,0.84
203,6,0.246,0.18,0.224,0.01,0.244,1.0,0.306,0.83
204,,0.236,0.17,0.214,0.0,0.234,0.99,0.296,0.82
205,,0.226,0.16,0.204,-0.01,0.224,0.98,0.286,0.81
206,4,-0.067,0.15,0.477,0.99,0.497,0.97,-0.007,0.4
207,4,-0.36,0.14,0.75,1.0,0.77,0.96,-0.3,-0.01
208,1,0.64,0.413,0.74,0.707,0.36,0.667,-0.31,0.263
209,1,1.0,0.686,0.73,0.414,-0.05,0.374,-0.32,0.536
210,7,0.99,0.393,0.32,0.121,-0.06,0.647,0.68,0.809
211,7,0.98,0.1,-0.09,-0.172,-0.07,0.92,1.0,1.0
212,4,0.687,0.09,0.183,0.828,0.203,0.91,0.707,0.59
213,4,0.394,0.08,0.456,1.0,0.476,0.9,0.414,0.18
214,,0.384,0.07,0.446,0.99,0.466,0.89,0.404,0.17
215,,0.374,0.06,0.436,0.98,0.456,0.88,0.394,0.16
216,,0.364,0.05,0.426,0.97,0.446,0.87,0.384,0.15
217,,0.354,0.04,0.416,0.96,0.436,0.86,0.374,0.14
218,,0.344,0.03,0.406,0.95,0.426,0.85,0.364,0.13
219,,0.334,0.02,0.396,0.94,0.416,0.84,0.354,0.12
220,,0.324,0.01,0.386,0.93,0.406,0.83,0.344,0.11
221,,0.314,0.0,0.376,0.92,0.396,0.82,0.334,0.1
222,,0.304,-0.01,0.366,0.91,0.386,0.81,0.324,0.09
223,2,0.577,0.99,0.639,0.9,0.093,0.4,0.031,0.08
224,2,0.85,1.0,0.912,0.89,-0.2,-0.01,-0.262,0.07
225,7,0.84,0.707,0.502,0.597,-0.21,0.263,0.738,0.343
226,7,0.83,0.414,0.092,0.304,-0.22,0.536,1.0,0.616
227,5,0.42,0.121,0.082,0.577,0.78,0.809,0.99,0.323
228,5,0.01,-0.172,0.072,0.85,1.0,1.0,0.98,0.03
229,2,0.283,0.828,0.345,0.84,0.707,0.59,0.687,0.02
230,2,0.556,1.0,0.618,0.83,0.414,0.18,0.394,0.01
231,,0.546,0.99,0.608,0.82,0.404,0.17,0.384,0.0
232,,0.536,0.98,0.598,0.81,0.394,0.16,0.374,-0.01
233,8,0.809,0.97,0.305,0.4,0.101,0.15,0.647,0.99
234,8,1.0,0.96,0.012,-0.01,-0.192,0.14,0.92,1.0
235,5,0.59,0.667,0.002,0.263,0.808,0.413,0.91,0.707
236,5,0.18,0.374,-0.008,0.536,1.0,0.686,0.9,0.414
237,3,0.17,0.647,0.992,0.809,0.99,0.393,0.49,0.121
238,3,0.16,0.92,1.0,1.0,0.98,0.1,0.08,-0.172
239,8,0.433,0.91,0.707,0.59,0.687,0.09,0.353,0.828
240,8,0.706,0.9,0.414,0.18,0.394,0.08,0.626,1.0
241,,0.696,0.89,0.404,0.17,0.384,0.07,0.616,0.99
242,,0.686,0.88,0.394,0.16,0.374,0.06,0.606,0.98
243,,0.676,0.87,0.384,0.15,0.364,0.05,0.596,0.97
244,,0.666,0.86,0.374,0.14,0.354,0.04,0.586,0.96
245,,0.656,0.85,0.364,0.13,0.344,0.03,0.576,0.95
246,,0.646,0.84,0.354,0.12,0.334,0.02,0.566,0.94
247,,0.636,0.83,0.344,0.11,0.324,0.01,0.556,0.93
248,,0.626,0.82,0.334,0.1,0.314,0.0,0.546,0.92
249,,0.616,0.81,0.324,0.09,0.304,-0.01,0.536,0.91
250,6,0.323,0.4,0.031,0.08,0.577,0.99,0.809,0.9
251,6,0.03,-0.01,-0.262,0.07,0.85,1.0,1.0,0.89
252,3,0.02,0.263,0.738,0.343,0.84,0.707,0.59,0.597
253,3,0.01,0.536,1.0,0.616,0.83,0.414,0.18,0.304
254,,0.0,0.526,0.99,0.606,0.82,0.404,0.17,0.294
255,,-0.01,0.516,0.98,0.596,0.81,0.394,0.16,0.284
256,1,0.99,0.789,0.97,0.303,0.4,0.101,0.15,0.557
257,1,1.0,1.0,0.96,0.01,-0.01,-0.192,0.14,0.83
258,6,0.707,0.59,0.667,0.0,0.263,0.808,0.413,0.82
259,6,0.414,0.18,0.374,-0.01,0.536,1.0,0.686,0.81
260,4,0.121,0.17,0.647,0.99,0.809,0.99,0.393,0.4
261,4,-0.172,0.16,0.92,1.0,1.0,0.98,0.1,-0.01
262,1,0.828,0.433,0.91,0.707,0.59,0.687,0.09,0.263
263,1,1.0,0.706,0.9,0.414,0.18,0.394,0.08,0.536
264,,0.99,0.696,0.89,0.404,0.17,0.384,0.07,0.526
265,,0.98,0.686,0.88,0.394,0.16,0.374,0.06,0.516
266,,0.97,0.676,0.87,0.384,0.15,0.364,0.05,0.506
267,,0.96,0.666,0.86,0.374,0.14,0.354,0.04,0.496
268,,0.95,0.656,0.85,0.364,0.13,0.344,0.03,0.486
269,,0.94,0.646,0.84,0.354,0.12,0.334,0.02,0.476
270,,0.93,0.636,0.83,0.344,0.11,0.324,0.01,0.466
271,,0.92,0.626,0.82,0.334,0.1,0.314,0.0,0.456
272,,0.91,0.616,0.81,0.324,0.09,0.304,-0.01,0.446
273,7,0.9,0.323,0.4,0.031,0.08,0.577,0.99,0.719
274,7,0.89,0.03,-0.01,-0.262,0.07,0.85,1.0,0.992
275,4,0.597,0.02,0.263,0.738,0.343,0.84,0.707,0.582
276,4,0.304,0.01,0.536,1.0,0.616,0.83,0.414,0.172
277,,0.294,0.0,0.526,0.99,0.606,0.82,0.404,0.162
278,,0.284,-0.01,0.516,0.98,0.596,0.81,0.394,0.152
279,2,0.557,0.99,0.789,0.97,0.303,0.4,0.101,0.142
280,2,0.83,1.0,1.0,0.96,0.01,-0.01,-0.192,0.132
281,7,0.82,0.707,0.59,0.667,0.0,0.263,0.808,0.405
282,7,0.81,0.414,0.18,0.374,-0.01,0.536,1.0,0.678
283,5,0.4,0.121,0.17,0.647,0.99,0.809,0.99,0.385
284,5,-0.01,-0.172,0.16,0.92,1.0,1.0,0.98,0.092
285,2,0.263,0.828,0.433,0.91,0.707,0.59,0.687,0.082
286,2,0.536,1.0,0.706,0.9,0.414,0.18,0.394,0.072
287,,0.526,0.99,0.696,0.89,0.404,0.17,0.384,0.062
288,,0.516,0.98,0.686,0.88,0.394,0.16,0.374,0.052
289,,0.506,0.97,0.676,0.87,0.384,0.15,0.364,0.042
290,,0.496,0.96,0.666,0.86,0.374,0.14,0.354,0.032
291,,0.486,0.95,0.656,0.85,0.364,0.13,0.344,0.022
292,,0.476,0.94,0.646,0.84,0.354,0.12,0.334,0.012
293,,0.466,0.93,0.636,0.83,0.344,0.11,0.324,0.002
294,,0.456,0.92,0.626,0.82,0.334,0.1,0.314,-0.008
295,8,0.729,0.91,0.333,0.41,0.041,0.09,0.587,0.992
296,8,1.0,0.9,0.04,-0.0,-0.252,0.08,0.86,1.0
297,5,0.59,0.607,0.03,0.273,0.748,0.353,0.85,0.707
298,5,0.18,0.314,0.02,0.546,1.0,0.626,0.84,0.414
299,,0.17,0.304,0.01,0.536,0.99,0.616,0.83,0.404
300,,0.16,0.294,0.0,0.526,0.98,0.606,0.82,0.394
301,,0.15,0.284,-0.01,0.516,0.97,0.596,0.81,0.384
302,3,0.14,0.557,0.99,0.789,0.96,0.303,0.4,0.091
303,3,0.13,0.83,1.0,1.0,0.95,0.01,-0.01,-0.202
304,8,0.403,0.82,0.707,0.59,0.657,0.0,0.263,0.798
305,8,0.676,0.81,0.414,0.18,0.364,-0.01,0.536,1.0
306,6,0.383,0.4,0.121,0.17,0.637,0.99,0.809,0.99
307,6,0.09,-0.01,-0.172,0.16,0.91,1.0,1.0,0.98
308,3,0.08,0.263,0.828,0.433,0.9,0.707,0.59,0.687
309,3,0.07,0.536,1.0,0.706,0.89,0.414,0.18,0.394
310,,0.06,0.526,0.99,0.696,0.88,0.404,0.17,0.384
311,,0.05,0.516,0.98,0.686,0.87,0.394,0.16,0.374
312,,0.04,0.506,0.97,0.676,0.86,0.384,0.15,0.364
313,,0.03,0.496,0.96,0.666,0.85,0.374,0.14,0.354
314,,0.02,0.486,0.95,0.656,0.84,0.364,0.13,0.344
315,,0.01,0.476,0.94,0.646,0.83,0.354,0.12,0.334
316,,0.0,0.466,0.93,0.636,0.82,0.344,0.11,0.324
317,,-0.01,0.456,0.92,0.626,0.81,0.334,0.1,0.314
318,1,0.99,0.729,0.91,0.333,0.4,0.041,0.09,0.587
319,1,1.0,1.0,0.9,0.04,-0.01,-0.252,0.08,0.86
320,6,0.707,0.59,0.607,0.03,0.263,0.748,0.353,0.85
321,6,0.414,0.18,0.314,0.02,0.536,1.0,0.626,0.84
322,,0.404,0.17,0.304,0.01,0.526,0.99,0.616,0.83
323,,0.394,0.16,0.294,0.0,0.516,0.98,0.606,0.82
324,,0.384,0.15,0.284,-0.01,0.506,0.97,0.596,0.81
325,4,0.091,0.14,0.557,0.99,0.779,0.96,0.303,0.4
326,4,-0.202,0.13,0.83,1.0,1.0,0.95,0.01,-0.01
327,1,0.798,0.403,0.82,0.707,0.59,0.657,0.0,0.263
328,1,1.0,0.676,0.81,0.414,0.18,0.364,-0.01,0.536
329,7,0.99,0.383,0.4,0.121,0.17,0.637,0.99,0.809
330,7,0.98,0.09,-0.01,-0.172,0.16,0.91,1.0,1.0
331,4,0.687,0.08,0.263,0.828,0.433,0.9,0.707,0.59
332,4,0.394,0.07,0.536,1.0,0.706,0.89,0.414,0.18
333,,0.384,0.06,0.526,0.99,0.696,0.88,0.404,0.17
334,,0.374,0.05,0.516,0.98,0.686,0.87,0.394,0.16
335,,0.364,0.04,0.506,0.97,0.676,0.86,0.384,0.15
336,,0.354,0.03,0.496,0.96,0.666,0.85,0.374,0.14
337,,0.344,0.02,0.486,0.95,0.656,0.84,0.364,0.13
338,,0.334,0.01,0.476,0.94,0.646,0.83,0.354,0.12
339,,0.324,0.0,0.466,0.93,0.636,0.82,0.344,0.11
340,,0.314,-0.01,0.456,0.92,0.626,0.81,0.334,0.1
341,2,0.587,0.99,0.729,0.91,0.333,0.4,0.041,0.09
342,2,0.86,1.0,1.0,0.9,0.04,-0.01,-0.252,0.08
343,7,0.85,0.707,0.59,0.607,0.03,0.263,0.748,0.353
344,7,0.84,0.414,0.18,0.314,0.02,0.536,1.0,0.626
345,,0.83,0.404,0.17,0.304,0.01,0.526,0.99,0.616
346,,0.82,0.394,0.16,0.294,0.0,0.516,0.98,0.606
347,,0.81,0.384,0.15,0.284,-0.01,0.506,0.97,0.596
348,5,0.4,0.091,0.14,0.557,0.99,0.779,0.96,0.303
349,5,-0.01,-0.202,0.13,0.83,1.0,1.0,0.95,0.01
350,2,0.263,0.798,0.403,0.82,0.707,0.59,0.657,0.0
351,2,0.536,1.0,0.676,0.81,0.414,0.18,0.364,-0.01
352,8,0.809,0.99,0.383,0.4,0.121,0.17,0.637,0.99
353,8,1.0,0.98,0.09,-0.01,-0.172,0.16,0.91,1.0
354,5,0.59,0.687,0.08,0.263,0.828,0.433,0.9,0.707
355,5,0.18,0.394,0.07,0.536,1.0,0.706,0.89,0.414
356,,0.17,0.384,0.06,0.526,0.99,0.696,0.88,0.404
357,,0.16,0.374,0.05,0.516,0.98,0.686,0.87,0.394
358,,0.15,0.364,0.04,0.506,0.97,0.676,0.86,0.384
359,,0.14,0.354,0.03,0.496,0.96,0.666,0.85,0.374
360,,0.13,0.344,0.02,0.486,0.95,0.656,0.84,0.364
361,,0.12,0.334,0.01,0.476,0.94,0.646,0.83,0.354
362,,0.11,0.324,0.0,0.466,0.93,0.636,0.82,0.344
363,,0.1,0.314,-0.01,0.456,0.92,0.626,0.81,0.334
364,3,0.09,0.587,0.99,0.729,0.91,0.333,0.4,0.041
365,3,0.08,0.86,1.0,1.0,0.9,0.04,-0.01,-0.252
366,8,0.353,0.85,0.707,0.59,0.607,0.03,0.263,0.748
367,8,0.626,0.84,0.414,0.18,0.314,0.02,0.536,1.0
368,,0.616,0.83,0.404,0.17,0.304,0.01,0.526,0.99
369,,0.606,0.82,0.394,0.16,0.294,0.0,0.516,0.98
370,,0.596,0.81,0.384,0.15,0.284,-0.01,0.506,0.97
371,6,0.303,0.4,0.091,0.14,0.557,0.99,0.779,0.96
372,6,0.01,-0.01,-0.202,0.13,0.83,1.0,1.0,0.95
373,3,0.0,0.263,0.798,0.403,0.82,0.707,0.59,0.657
374,3,-0.01,0.536,1.0,0.676,0.81,0.414,0.18,0.364
375,1,0.99,0.809,0.99,0.383,0.4,0.121,0.17,0.637
376,1,1.0,1.0,0.98,0.09,-0.01,-0.172,0.16,0.91
377,6,0.707,0.59,0.687,0.08,0.263,0.828,0.433,0.9
378,6,0.414,0.18,0.394,0.07,0.536,1.0,0.706,0.89
379,,0.404,0.17,0.384,0.06,0.526,0.99,0.696,0.88
380,,0.394,0.16,0.374,0.05,0.516,0.98,0.686,0.87
381,,0.384,0.15,0.364,0.04,0.506,0.97,0.676,0.86
382,,0.374,0.14,0.354,0.03,0.496,0.96,0.666,0.85
383,,0.364,0.13,0.344,0.02,0.486,0.95,0.656,0.84
384,,0.354,0.12,0.334,0.01,0.476,0.94,0.646,0.83
385,,0.344,0.11,0.324,0.0,0.466,0.93,0.636,0.82
386,,0.334,0.1,0.314,-0.01,0.456,0.92,0.626,0.81
387,4,0.041,0.09,0.587,0.99,0.729,0.91,0.333,0.4
388,4,-0.252,0.08,0.86,1.0,1.0,0.9,0.04,-0.01
389,1,0.748,0.353,0.85,0.707,0.59,0.607,0.03,0.263
390,1,1.0,0.626,0.84,0.414,0.18,0.314,0.02,0.536
391,,0.99,0.616,0.83,0.404,0.17,0.304,0.01,0.526
392,,0.98,0.606,0.82,0.394,0.16,0.294,0.0,0.516
393,,0.97,0.596,0.81,0.384,0.15,0.284,-0.01,0.506
394,7,0.96,0.303,0.4,0.091,0.14,0.557,0.99,0.779
395,7,0.95,0.01,-0.01,-0.202,0.13,0.83,1.0,1.0
396,4,0.657,0.0,0.263,0.798,0.403,0.82,0.707,0.59
397,4,0.364,-0.01,0.536,1.0,0.676,0.81,0.414,0.18
398,2,0.637,0.99,0.809,0.99,0.383,0.4,0.121,0.17
399,2,0.91,1.0,1.0,0.98,0.09,-0.01,-0.172,0.16
400,7,0.9,0.707,0.59,0.687,0.08,0.263,0.828,0.433
401,7,0.89,0.414,0.18,0.394,0.07,0.536,1.0,0.706
402,,0.88,0.404,0.17,0.384,0.06,0.526,0.99,0.696
403,,0.87,0.394,0.16,0.374,0.05,0.516,0.98,0.686
404,,0.86,0.384,0.15,0.364,0.04,0.506,0.97,0.676
405,,0.85,0.374,0.14,0.354,0.03,0.496,0.96,0.666
406,,0.84,0.364,0.13,0.344,0.02,0.486,0.95,0.656
407,,0.83,0.354,0.12,0.334,0.01,0.476,0.94,0.646
408,,0.82,0.344,0.11,0.324,0.0,0.466,0.93,0.636
409,,0.81,0.334,0.1,0.314,-0.01,0.456,0.92,0.626
410,5,0.4,0.041,0.09,0.587,0.99,0.729,0.91,0.333
411,5,-0.01,-0.252,0.08,0.86,1.0,1.0,0.9,0.04
412,2,0.263,0.748,0.353,0.85,0.707,0.59,0.607,0.03
413,2,0.536,1.0,0.626,0.84,0.414,0.18,0.314,0.02
414,,0.526,0.99,0.616,0.83,0.404,0.17,0.304,0.01
415,,0.516,0.98,0.606,0.82,0.394,0.16,0.294,0.0
416,,0.506,0.97,0.596,0.81,0.384,0.15,0.284,-0.01
417,8,0.779,0.96,0.303,0.4,0.091,0.14,0.557,0.99
418,8,1.0,0.95,0.01,-0.01,-0.202,0.13,0.83,1.0
419,5,0.59,0.657,0.0,0.263,0.798,0.403,0.82,0.707
420,5,0.18,0.364,-0.01,0.536,1.0,0.676,0.81,0.414
421,3,0.17,0.637,0.99,0.809,0.99,0.383,0.4,0.121
422,3,0.16,0.91,1.0,1.0,0.98,0.09,-0.01,-0.172
423,8,0.433,0.9,0.707,0.59,0.687,0.08,0.263,0.828
424,8,0.706,0.89,0.414,0.18,0.394,0.07,0.536,1.0
425,,0.696,0.88,0.404,0.17,0.384,0.06,0.526,0.99
426,,0.686,0.87,0.394,0.16,0.374,0.05,0.516,0.98
427,,0.676,0.86,0.384,0.15,0.364,0.04,0.506,0.97
428,,0.666,0.85,0.374,0.14,0.354,0.03,0.496,0.96
429,,0.656,0.84,0.364,0.13,0.344,0.02,0.486,0.95
430,,0.646,0.83,0.354,0.12,0.334,0.01,0.476,0.94
431,,0.636,0.82,0.344,0.11,0.324,0.0,0.466,0.93
432,,0.626,0.81,0.334,0.1,0.314,-0.01,0.456,0.92
433,6,0.333,0.4,0.041,0.09,0.587,0.99,0.729,0.91
434,6,0.04,-0.01,-0.252,0.08,0.86,1.0,1.0,0.9
435,3,0.03,0.263,0.748,0.353,0.85,0.707,0.59,0.607
436,3,0.02,0.536,1.0,0.626,0.84,0.414,0.18,0.314
437,,0.01,0.526,0.99,0.616,0.83,0.404,0.17,0.304
438,,0.0,0.516,0.98,0.606,0.82,0.394,0.16,0.294
439,,-0.01,0.506,0.97,0.596,0.81,0.384,0.15,0.284
440,1,0.99,0.779,0.96,0.303,0.4,0.091,0.14,0.557
441,1,1.0,1.0,0.95,0.01,-0.01,-0.202,0.13,0.83
442,6,0.707,0.59,0.657,0.0,0.263,0.798,0.403,0.82
443,6,0.414,0.18,0.364,-0.01,0.536,1.0,0.676,0.81
444,4,0.121,0.17,0.637,0.99,0.809,0.99,0.383,0.4
445,4,-0.172,0.16,0.91,1.0,1.0,0.98,0.09,-0.01
446,1,0.828,0.433,0.9,0.707,0.59,0.687,0.08,0.263
447,1,1.0,0.706,0.89,0.414,0.18,0.394,0.07,0.536
448,,0.99,0.696,0.88,0.404,0.17,0.384,0.06,0.526
449,,0.98,0.686,0.87,0.394,0.16,0.374,0.05,0.516
450,,0.97,0.676,0.86,0.384,0.15,0.364,0.04,0.506
451,,0.96,0.666,0.85,0.374,0.14,0.354,0.03,0.496
452,,0.95,0.656,0.84,0.364,0.13,0.344,0.02,0.486
453,,0.94,0.646,0.83,0.354,0.12,0.334,0.01,0.476
454,,0.93,0.636,0.82,0.344,0.11,0.324,0.0,0.466
455,,0.92,0.626,0.81,0.334,0.1,0.314,-0.01,0.456
456,7,0.91,0.333,0.4,0.041,0.09,0.587,0.99,0.729
457,7,0.9,0.04,-0.01,-0.252,0.08,0.86,1.0,1.0
458,4,0.607,0.03,0.263,0.748,0.353,0.85,0.707,0.59
459,4,0.314,0.02,0.536,1.0,0.626,0.84,0.414,0.18
460,,0.304,0.01,0.526,0.99,0.616,0.83,0.404,0.17
461,,0.294,0.0,0.516,0.98,0.606,0.82,0.394,0.16
462,,0.284,-0.01,0.506,0.97,0.596,0.81,0.384,0.15
463,2,0.557,0.99,0.779,0.96,0.303,0.4,0.091,0.14
464,2,0.83,1.0,1.0,0.95,0.01,-0.01,-0.202,0.13
465,7,0.82,0.707,0.59,0.657,0.0,0.263,0.798,0.403
466,7,0.81,0.414,0.18,0.364,-0.01,0.536,1.0,0.676
467,5,0.4,0.121,0.17,0.637,0.99,0.809,0.99,0.383
468,5,-0.01,-0.172,0.16,0.91,1.0,1.0,0.98,0.09
469,2,0.263,0.828,0.433,0.9,0.707,0.59,0.687,0.08
470,2,0.536,1.0,0.706,0.89,0.414,0.18,0.394,0.07
471,,0.526,0.99,0.696,0.88,0.404,0.17,0.384,0.06
472,,0.516,0.98,0.686,0.87,0.394,0.16,0.374,0.05
473,,0.506,0.97,0.676,0.86,0.384,0.15,0.364,0.04
474,,0.496,0.96,0.666,0.85,0.374,0.14,0.354,0.03
475,,0.486,0.95,0.656,0.84,0.364,0.13,0.344,0.02
476,,0.476,0.94,0.646,0.83,0.354,0.12,0.334,0.01
477,,0.466,0.93,0.636,0.82,0.344,0.11,0.324,0.0
478,,0.456,0.92,0.626,0.81,0.334,0.1,0.314,-0.01
479,8,0.729,0.91,0.333,0.4,0.041,0.09,0.587,0.99
480,8,1.0,0.9,0.04,-0.01,-0.252,0.08,0.86,1.0
481,5,0.59,0.607,0.03,0.263,0.748,0.353,0.85,0.707
482,5,0.18,0.314,0.02,0.536,1.0,0.626,0.84,0.414
483,,0.17,0.304,0.01,0.526,0.99,0.616,0.83,0.404
484,,0.16,0.294,0.0,0.516,0.98,0.606,0.82,0.394
485,,0.15,0.284,-0.01,0.506,0.97,0.596,0.81,0.384
486,3,0.14,0.557,0.99,0.779,0.96,0.303,0.4,0.091
487,3,0.13,0.83,1.0,1.0,0.95,0.01,-0.01,-0.202
488,8,0.403,0.82,0.707,0.59,0.657,0.0,0.263,0.798
489,8,0.676,0.81,0.414,0.18,0.364,-0.01,0.536,1.0
490,6,0.383,0.4,0.121,0.17,0.637,0.99,0.809,0.99
491,6,0.09,-0.01,-0.172,0.16,0.91,1.0,1.0,0.98
492,3,0.08,0.263,0.828,0.433,0.9,0.707,0.59,0.687
493,3,0.07,0.536,1.0,0.706,0.89,0.414,0.18,0.394
494,,0.06,0.526,0.99,0.696,0.88,0.404,0.17,0.384
495,,0.05,0.516,0.98,0.686,0.87,0.394,0.16,0.374
496,,0.04,0.506,0.97,0.676,0.86,0.384,0.15,0.364
497,,0.03,0.496,0.96,0.666,0.85,0.374,0.14,0.354
498,,0.02,0.486,0.95,0.656,0.84,0.364,0.13,0.344
499,,0.01,0.476,0.94,0.646,0.83,0.354,0.12,0.334
