step,active_motive,motive_1,motive_2,motive_3,motive_4,motive_5,motive_6,motive_7,motive_8
0,,0.30056,0.35404,0.01029,0.48495,0.41622,0.10617,0.09091,0.0917
1,,0.29056,0.34404,0.00029,0.47495,0.40622,0.09617,0.08091,0.0817
2,,0.28056,0.33404,-0.00971,0.46495,0.39622,0.08617,0.07091,0.0717
3,3,0.27056,0.60704,0.99029,0.73795,0.38622,-0.20683,-0.33909,-0.2213
4,3,0.26056,0.88004,1.0,1.0,0.37622,-0.49983,-0.74909,-0.5143
5,7,0.25056,0.58704,0.59,0.707,0.36622,-0.22683,0.25091,-0.2413
6,7,0.24056,0.29404,0.18,0.414,0.35622,0.04617,1.0,0.0317
7,,0.23056,0.28404,0.17,0.404,0.34622,0.03617,0.99,0.0217
8,,0.22056,0.27404,0.16,0.394,0.33622,0.02617,0.98,0.0117
9,,0.21056,0.26404,0.15,0.384,0.32622,0.01617,0.97,0.0017
10,,0.20056,0.25404,0.14,0.374,0.31622,0.00617,0.96,-0.0083
11,8,0.47356,0.24404,-0.153,-0.036,0.02322,-0.00383,1.0,0.9917
12,8,0.74656,0.23404,-0.446,-0.446,-0.26978,-0.01383,1.0,1.0
13,4,0.45356,0.22404,-0.173,0.554,0.00322,-0.02383,0.707,0.59
14,4,0.16056,0.21404,0.1,1.0,0.27622,-0.03383,0.414,0.18
15,6,-0.13244,-0.19596,-0.193,0.99,0.54922,0.96617,0.687,0.17
16,6,-0.42544,-0.60596,-0.486,0.98,0.82222,1.0,0.96,0.16
17,2,-0.15244,0.39404,-0.213,0.97,0.52922,0.59,0.667,0.15
18,2,0.12056,1.0,0.06,0.96,0.23622,0.18,0.374,0.14
19,,0.11056,0.99,0.05,0.95,0.22622,0.17,0.364,0.13
20,,0.10056,0.98,0.04,0.94,0.21622,0.16,0.354,0.12
21,,0.09056,0.97,0.03,0.93,0.20622,0.15,0.344,0.11
22,,0.08056,0.96,0.02,0.92,0.19622,0.14,0.334,0.1
23,,0.07056,0.95,0.01,0.91,0.18622,0.13,0.324,0.09
24,,0.06056,0.94,0.0,0.9,0.17622,0.12,0.314,0.08
25,,0.05056,0.93,-0.01,0.89,0.16622,0.11,0.304,0.07
26,3,0.04056,1.0,0.99,1.0,0.15622,-0.183,-0.106,-0.223
27,3,0.03056,1.0,1.0,1.0,0.14622,-0.476,-0.516,-0.516
28,8,0.30356,0.99,0.707,0.59,-0.14678,-0.486,-0.243,0.484
29,8,0.57656,0.98,0.414,0.18,-0.43978,-0.496,0.03,1.0
30,6,0.28356,0.57,0.121,0.17,-0.16678,0.504,0.303,0.99
31,6,-0.00944,0.16,-0.172,0.16,0.10622,1.0,0.576,0.98
32,3,-0.01944,0.433,0.828,0.433,0.09622,0.707,0.166,0.687
33,3,-0.02944,0.706,1.0,0.706,0.08622,0.414,-0.244,0.394
34,7,-0.03944,0.413,0.59,0.413,0.07622,0.687,0.756,0.667
35,7,-0.04944,0.12,0.18,0.12,0.06622,0.96,1.0,0.94
36,1,0.95056,0.393,0.17,-0.173,-0.34378,0.667,0.99,1.0
37,1,1.0,0.666,0.16,-0.466,-0.75378,0.374,0.98,1.0
38,5,0.59,0.373,0.15,-0.193,0.24622,0.647,0.97,0.707
39,5,0.18,0.08,0.14,0.08,1.0,0.92,0.96,0.414
40,,0.17,0.07,0.13,0.07,0.99,0.91,0.95,0.404
41,,0.16,0.06,0.12,0.06,0.98,0.9,0.94,0.394
42,,0.15,0.05,0.11,0.05,0.97,0.89,0.93,0.384
43,,0.14,0.04,0.1,0.04,0.96,0.88,0.92,0.374
44,,0.13,0.03,0.09,0.03,0.95,0.87,0.91,0.364
45,,0.12,0.02,0.08,0.02,0.94,0.86,0.9,0.354
46,,0.11,0.01,0.07,0.01,0.93,0.85,0.89,0.344
47,,0.1,0.0,0.06,0.0,0.92,0.84,0.88,0.334
48,,0.09,-0.01,0.05,-0.01,0.91,0.83,0.87,0.324
49,4,-0.203,-0.02,0.323,0.99,1.0,0.82,0.577,-0.086
50,4,-0.496,-0.03,0.596,1.0,1.0,0.81,0.284,-0.496
51,1,0.504,0.243,0.586,0.707,0.59,0.517,0.274,-0.223
52,1,1.0,0.516,0.576,0.414,0.18,0.224,0.264,0.05
53,,0.99,0.506,0.566,0.404,0.17,0.214,0.254,0.04
54,,0.98,0.496,0.556,0.394,0.16,0.204,0.244,0.03
55,,0.97,0.486,0.546,0.384,0.15,0.194,0.234,0.02
56,,0.96,0.476,0.536,0.374,0.14,0.184,0.224,0.01
57,,0.95,0.466,0.526,0.364,0.13,0.174,0.214,0.0
58,,0.94,0.456,0.516,0.354,0.12,0.164,0.204,-0.01
59,8,1.0,0.446,0.223,-0.056,-0.173,0.154,0.477,0.99
60,8,1.0,0.436,-0.07,-0.466,-0.466,0.144,0.75,1.0
61,5,0.59,0.143,-0.08,-0.193,0.534,0.417,0.74,0.707
62,5,0.18,-0.15,-0.09,0.08,1.0,0.69,0.73,0.414
63,2,0.453,0.85,0.183,0.07,0.707,0.28,0.437,0.404
64,2,0.726,1.0,0.456,0.06,0.414,-0.13,0.144,0.394
65,6,0.433,0.59,0.163,0.05,0.687,0.87,0.417,0.384
66,6,0.14,0.18,-0.13,0.04,0.96,1.0,0.69,0.374
67,3,0.13,0.453,0.87,0.313,0.95,0.707,0.28,0.081
68,3,0.12,0.726,1.0,0.586,0.94,0.414,-0.13,-0.212
69,8,0.393,0.716,0.707,0.176,0.647,0.404,0.143,0.788
70,8,0.666,0.706,0.414,-0.234,0.354,0.394,0.416,1.0
71,4,0.373,0.696,0.687,0.766,0.627,0.384,0.123,0.59
72,4,0.08,0.686,0.96,1.0,0.9,0.374,-0.17,0.18
73,7,0.07,0.393,0.55,0.707,0.89,0.647,0.83,0.453
74,7,0.06,0.1,0.14,0.414,0.88,0.92,1.0,0.726
75,,0.05,0.09,0.13,0.404,0.87,0.91,0.99,0.716
76,,0.04,0.08,0.12,0.394,0.86,0.9,0.98,0.706
77,,0.03,0.07,0.11,0.384,0.85,0.89,0.97,0.696
78,,0.02,0.06,0.1,0.374,0.84,0.88,0.96,0.686
79,,0.01,0.05,0.09,0.364,0.83,0.87,0.95,0.676
80,,0.0,0.04,0.08,0.354,0.82,0.86,0.94,0.666
81,,-0.01,0.03,0.07,0.344,0.81,0.85,0.93,0.656
82,1,0.99,0.303,0.06,0.051,0.4,0.557,0.92,0.929
83,1,1.0,0.576,0.05,-0.242,-0.01,0.264,0.91,1.0
84,4,0.707,0.566,0.323,0.758,0.263,0.254,0.617,0.59
85,4,0.414,0.556,0.596,1.0,0.536,0.244,0.324,0.18
86,,0.404,0.546,0.586,0.99,0.526,0.234,0.314,0.17
87,,0.394,0.536,0.576,0.98,0.516,0.224,0.304,0.16
88,,0.384,0.526,0.566,0.97,0.506,0.214,0.294,0.15
89,,0.374,0.516,0.556,0.96,0.496,0.204,0.284,0.14
90,,0.364,0.506,0.546,0.95,0.486,0.194,0.274,0.13
91,,0.354,0.496,0.536,0.94,0.476,0.184,0.264,0.12
92,,0.344,0.486,0.526,0.93,0.466,0.174,0.254,0.11
93,,0.334,0.476,0.516,0.92,0.456,0.164,0.244,0.1
94,,0.324,0.466,0.506,0.91,0.446,0.154,0.234,0.09
95,,0.314,0.456,0.496,0.9,0.436,0.144,0.224,0.08
96,,0.304,0.446,0.486,0.89,0.426,0.134,0.214,0.07
97,,0.294,0.436,0.476,0.88,0.416,0.124,0.204,0.06
98,,0.284,0.426,0.466,0.87,0.406,0.114,0.194,0.05
99,,0.274,0.416,0.456,0.86,0.396,0.104,0.184,0.04
100,,0.264,0.406,0.446,0.85,0.386,0.094,0.174,0.03
101,,0.254,0.396,0.436,0.84,0.376,0.084,0.164,0.02
102,,0.244,0.386,0.426,0.83,0.366,0.074,0.154,0.01
103,,0.234,0.376,0.416,0.82,0.356,0.064,0.144,0.0
104,,0.224,0.366,0.406,0.81,0.346,0.054,0.134,-0.01
105,8,0.497,0.356,0.113,0.4,0.053,0.044,0.407,0.99
106,8,0.77,0.346,-0.18,-0.01,-0.24,0.034,0.68,1.0
107,5,0.36,0.053,-0.19,0.263,0.76,0.307,0.67,0.707
108,5,-0.05,-0.24,-0.2,0.536,1.0,0.58,0.66,0.414
109,2,0.223,0.76,0.073,0.526,0.707,0.17,0.367,0.404
110,2,0.496,1.0,0.346,0.516,0.414,-0.24,0.074,0.394
111,6,0.203,0.59,0.053,0.506,0.687,0.76,0.347,0.384
112,6,-0.09,0.18,-0.24,0.496,0.96,1.0,0.62,0.374
113,3,-0.1,0.453,0.76,0.769,0.95,0.707,0.21,0.081
114,3,-0.11,0.726,1.0,1.0,0.94,0.414,-0.2,-0.212
115,8,0.163,0.716,0.707,0.59,0.647,0.404,0.073,0.788
116,8,0.436,0.706,0.414,0.18,0.354,0.394,0.346,1.0
117,,0.426,0.696,0.404,0.17,0.344,0.384,0.336,0.99
118,,0.416,0.686,0.394,0.16,0.334,0.374,0.326,0.98
119,,0.406,0.676,0.384,0.15,0.324,0.364,0.316,0.97
120,,0.396,0.666,0.374,0.14,0.314,0.354,0.306,0.96
121,,0.386,0.656,0.364,0.13,0.304,0.344,0.296,0.95
122,,0.376,0.646,0.354,0.12,0.294,0.334,0.286,0.94
123,,0.366,0.636,0.344,0.11,0.284,0.324,0.276,0.93
124,,0.356,0.626,0.334,0.1,0.274,0.314,0.266,0.92
125,,0.346,0.616,0.324,0.09,0.264,0.304,0.256,0.91
126,,0.336,0.606,0.314,0.08,0.254,0.294,0.246,0.9
127,,0.326,0.596,0.304,0.07,0.244,0.284,0.236,0.89
128,,0.316,0.586,0.294,0.06,0.234,0.274,0.226,0.88
129,,0.306,0.576,0.284,0.05,0.224,0.264,0.216,0.87
130,,0.296,0.566,0.274,0.04,0.214,0.254,0.206,0.86
131,,0.286,0.556,0.264,0.03,0.204,0.244,0.196,0.85
132,,0.276,0.546,0.254,0.02,0.194,0.234,0.186,0.84
133,,0.266,0.536,0.244,0.01,0.184,0.224,0.176,0.83
134,,0.256,0.526,0.234,0.0,0.174,0.214,0.166,0.82
135,,0.246,0.516,0.224,-0.01,0.164,0.204,0.156,0.81
136,4,-0.047,0.506,0.497,0.99,0.437,0.194,-0.137,0.4
137,4,-0.34,0.496,0.77,1.0,0.71,0.184,-0.43,-0.01
138,7,-0.35,0.203,0.36,0.707,0.7,0.457,0.57,0.263
139,7,-0.36,-0.09,-0.05,0.414,0.69,0.73,1.0,0.536
140,1,0.64,0.183,-0.06,0.121,0.28,0.437,0.99,0.809
141,1,1.0,0.456,-0.07,-0.172,-0.13,0.144,0.98,1.0
142,4,0.707,0.446,0.203,0.828,0.143,0.134,0.687,0.59
143,4,0.414,0.436,0.476,1.0,0.416,0.124,0.394,0.18
144,,0.404,0.426,0.466,0.99,0.406,0.114,0.384,0.17
145,,0.394,0.416,0.456,0.98,0.396,0.104,0.374,0.16
146,,0.384,0.406,0.446,0.97,0.386,0.094,0.364,0.15
147,,0.374,0.396,0.436,0.96,0.376,0.084,0.354,0.14
148,,0.364,0.386,0.426,0.95,0.366,0.074,0.344,0.13
149,,0.354,0.376,0.416,0.94,0.356,0.064,0.334,0.12
150,,0.344,0.366,0.406,0.93,0.346,0.054,0.324,0.11
151,,0.334,0.356,0.396,0.92,0.336,0.044,0.314,0.1
152,,0.324,0.346,0.386,0.91,0.326,0.034,0.304,0.09
153,,0.314,0.336,0.376,0.9,0.316,0.024,0.294,0.08
154,,0.304,0.326,0.366,0.89,0.306,0.014,0.284,0.07
155,,0.294,0.316,0.356,0.88,0.296,0.004,0.274,0.06
156,,0.284,0.306,0.346,0.87,0.286,-0.006,0.264,0.05
157,6,-0.009,-0.104,0.053,0.86,0.559,0.994,0.537,0.04
158,6,-0.302,-0.514,-0.24,0.85,0.832,1.0,0.81,0.03
159,2,-0.029,0.486,0.033,0.84,0.539,0.59,0.517,0.02
160,2,0.244,1.0,0.306,0.83,0.246,0.18,0.224,0.01
161,,0.234,0.99,0.296,0.82,0.236,0.17,0.214,0.0
162,,0.224,0.98,0.286,0.81,0.226,0.16,0.204,-0.01
163,8,0.497,0.97,-0.007,0.4,-0.067,0.15,0.477,0.99
164,8,0.77,0.96,-0.3,-0.01,-0.36,0.14,0.75,1.0
165,5,0.36,0.667,-0.31,0.263,0.64,0.413,0.74,0.707
166,5,-0.05,0.374,-0.32,0.536,1.0,0.686,0.73,0.414
167,3,-0.06,0.647,0.68,0.809,0.99,0.393,0.32,0.121
168,3,-0.07,0.92,1.0,1.0,0.98,0.1,-0.09,-0.172
169,8,0.203,0.91,0.707,0.59,0.687,0.09,0.183,0.828
170,8,0.476,0.9,0.414,0.18,0.394,0.08,0.456,1.0
171,,0.466,0.89,0.404,0.17,0.384,0.07,0.446,0.99
172,,0.456,0.88,0.394,0.16,0.374,0.06,0.436,0.98
173,,0.446,0.87,0.384,0.15,0.364,0.05,0.426,0.97
174,,0.436,0.86,0.374,0.14,0.354,0.04,0.416,0.96
175,,0.426,0.85,0.364,0.13,0.344,0.03,0.406,0.95
176,,0.416,0.84,0.354,0.12,0.334,0.02,0.396,0.94
177,,0.406,0.83,0.344,0.11,0.324,0.01,0.386,0.93
178,,0.396,0.82,0.334,0.1,0.314,0.0,0.376,0.92
179,,0.386,0.81,0.324,0.09,0.304,-0.01,0.366,0.91
180,6,0.093,0.4,0.031,0.08,0.577,0.99,0.639,0.9
181,6,-0.2,-0.01,-0.262,0.07,0.85,1.0,0.912,0.89
182,3,-0.21,0.263,0.738,0.343,0.84,0.707,0.502,0.597
183,3,-0.22,0.536,1.0,0.616,0.83,0.414,0.092,0.304
184,1,0.78,0.809,0.99,0.323,0.42,0.121,0.082,0.577
185,1,1.0,1.0,0.98,0.03,0.01,-0.172,0.072,0.85
186,6,0.707,0.59,0.687,0.02,0.283,0.828,0.345,0.84
187,6,0.414,0.18,0.394,0.01,0.556,1.0,0.618,0.83
188,,0.404,0.17,0.384,0.0,0.546,0.99,0.608,0.82
189,,0.394,0.16,0.374,-0.01,0.536,0.98,0.598,0.81
190,4,0.101,0.15,0.647,0.99,0.809,0.97,0.305,0.4
191,4,-0.192,0.14,0.92,1.0,1.0,0.96,0.012,-0.01
192,1,0.808,0.413,0.91,0.707,0.59,0.667,0.002,0.263
193,1,1.0,0.686,0.9,0.414,0.18,0.374,-0.008,0.536
194,7,0.99,0.393,0.49,0.121,0.17,0.647,0.992,0.809
195,7,0.98,0.1,0.08,-0.172,0.16,0.92,1.0,1.0
196,4,0.687,0.09,0.353,0.828,0.433,0.91,0.707,0.59
197,4,0.394,0.08,0.626,1.0,0.706,0.9,0.414,0.18
198,,0.384,0.07,0.616,0.99,0.696,0.89,0.404,0.17
199,,0.374,0.06,0.606,0.98,0.686,0.88,0.394,0.16
200,,0.364,0.05,0.596,0.97,0.676,0.87,0.384,0.15
201,,0.354,0.04,0.586,0.96,0.666,0.86,0.374,0.14
202,,0.344,0.03,0.576,0.95,0.656,0.85,0.364,0.13
203,,0.334,0.02,0.566,0.94,0.646,0.84,0.354,0.12
204,,0.324,0.01,0.556,0.93,0.636,0.83,0.344,0.11
205,,0.314,0.0,0.546,0.92,0.626,0.82,0.334,0.1
206,,0.304,-0.01,0.536,0.91,0.616,0.81,0.324,0.09
207,2,0.577,0.99,0.809,0.9,0.323,0.4,0.031,0.08
208,2,0.85,1.0,1.0,0.89,0.03,-0.01,-0.262,0.07
209,7,0.84,0.707,0.59,0.597,0.02,0.263,0.738,0.343
210,7,0.83,0.414,0.18,0.304,0.01,0.536,1.0,0.616
211,,0.82,0.404,0.17,0.294,0.0,0.526,0.99,0.606
212,,0.81,0.394,0.16,0.284,-0.01,0.516,0.98,0.596
213,5,0.4,0.101,0.15,0.557,0.99,0.789,0.97,0.303
214,5,-0.01,-0.192,0.14,0.83,1.0,1.0,0.96,0.01
215,2,0.263,0.808,0.413,0.82,0.707,0.59,0.667,0.0
216,2,0.536,1.0,0.686,0.81,0.414,0.18,0.374,-0.01
217,8,0.809,0.99,0.393,0.4,0.121,0.17,0.647,0.99
218,8,1.0,0.98,0.1,-0.01,-0.172,0.16,0.92,1.0
219,5,0.59,0.687,0.09,0.263,0.828,0.433,0.91,0.707
220,5,0.18,0.394,0.08,0.536,1.0,0.706,0.9,0.414
221,,0.17,0.384,0.07,0.526,0.99,0.696,0.89,0.404
222,,0.16,0.374,0.06,0.516,0.98,0.686,0.88,0.394
223,,0.15,0.364,0.05,0.506,0.97,0.676,0.87,0.384
224,,0.14,0.354,0.04,0.496,0.96,0.666,0.86,0.374
225,,0.13,0.344,0.03,0.486,0.95,0.656,0.85,0.364
226,,0.12,0.334,0.02,0.476,0.94,0.646,0.84,0.354
227,,0.11,0.324,0.01,0.466,0.93,0.636,0.83,0.344
228,,0.1,0.314,0.0,0.456,0.92,0.626,0.82,0.334
229,,0.09,0.304,-0.01,0.446,0.91,0.616,0.81,0.324
230,3,0.08,0.577,0.99,0.719,0.9,0.323,0.4,0.031
231,3,0.07,0.85,1.0,0.992,0.89,0.03,-0.01,-0.262
232,8,0.343,0.84,0.707,0.582,0.597,0.02,0.263,0.738
233,8,0.616,0.83,0.414,0.172,0.304,0.01,0.536,1.0
234,,0.606,0.82,0.404,0.162,0.294,0.0,0.526,0.99
235,,0.596,0.81,0.394,0.152,0.284,-0.01,0.516,0.98
236,6,0.303,0.4,0.101,0.142,0.557,0.99,0.789,0.97
237,6,0.01,-0.01,-0.192,0.132,0.83,1.0,1.0,0.96
238,3,0.0,0.263,0.808,0.405,0.82,0.707,0.59,0.667
239,3,-0.01,0.536,1.0,0.678,0.81,0.414,0.18,0.374
240,1,0.99,0.809,0.99,0.385,0.4,0.121,0.17,0.647
241,1,1.0,1.0,0.98,0.092,-0.01,-0.172,0.16,0.92
242,6,0.707,0.59,0.687,0.082,0.263,0.828,0.433,0.91
243,6,0.414,0.18,0.394,0.072,0.536,1.0,0.706,0.9
244,,0.404,0.17,0.384,0.062,0.526,0.99,0.696,0.89
245,,0.394,0.16,0.374,0.052,0.516,0.98,0.686,0.88
246,,0.384,0.15,0.364,0.042,0.506,0.97,0.676,0.87
247,,0.374,0.14,0.354,0.032,0.496,0.96,0.666,0.86
248,,0.364,0.13,0.344,0.022,0.486,0.95,0.656,0.85
249,,0.354,0.12,0.334,0.012,0.476,0.94,0.646,0.84
250,,0.344,0.11,0.324,0.002,0.466,0.93,0.636,0.83
251,,0.334,0.1,0.314,-0.008,0.456,0.92,0.626,0.82
252,4,0.041,0.09,0.587,0.992,0.729,0.91,0.333,0.41
253,4,-0.252,0.08,0.86,1.0,1.0,0.9,0.04,-0.0
254,1,0.748,0.353,0.85,0.707,0.59,0.607,0.03,0.273
255,1,1.0,0.626,0.84,0.414,0.18,0.314,0.02,0.546
256,,0.99,0.616,0.83,0.404,0.17,0.304,0.01,0.536
257,,0.98,0.606,0.82,0.394,0.16,0.294,0.0,0.526
258,,0.97,0.596,0.81,0.384,0.15,0.284,-0.01,0.516
259,7,0.96,0.303,0.4,0.091,0.14,0.557,0.99,0.789
260,7,0.95,0.01,-0.01,-0.202,0.13,0.83,1.0,1.0
261,4,0.657,0.0,0.263,0.798,0.403,0.82,0.707,0.59
262,4,0.364,-0.01,0.536,1.0,0.676,0.81,0.414,0.18
263,2,0.637,0.99,0.809,0.99,0.383,0.4,0.121,0.17
264,2,0.91,1.0,1.0,0.98,0.09,-0.01,-0.172,0.16
265,7,0.9,0.707,0.59,0.687,0.08,0.263,0.828,0.433
266,7,0.89,0.414,0.18,0.394,0.07,0.536,1.0,0.706
267,,0.88,0.404,0.17,0.384,0.06,0.526,0.99,0.696
268,,0.87,0.394,0.16,0.374,0.05,0.516,0.98,0.686
269,,0.86,0.384,0.15,0.364,0.04,0.506,0.97,0.676
270,,0.85,0.374,0.14,0.354,0.03,0.496,0.96,0.666
271,,0.84,0.364,0.13,0.344,0.02,0.486,0.95,0.656
272,,0.83,0.354,0.12,0.334,0.01,0.476,0.94,0.646
273,,0.82,0.344,0.11,0.324,0.0,0.466,0.93,0.636
274,,0.81,0.334,0.1,0.314,-0.01,0.456,0.92,0.626
275,5,0.4,0.041,0.09,0.587,0.99,0.729,0.91,0.333
276,5,-0.01,-0.252,0.08,0.86,1.0,1.0,0.9,0.04
277,2,0.263,0.748,0.353,0.85,0.707,0.59,0.607,0.03
278,2,0.536,1.0,0.626,0.84,0.414,0.18,0.314,0.02
279,,0.526,0.99,0.616,0.83,0.404,0.17,0.304,0.01
280,,0.516,0.98,0.606,0.82,0.394,0.16,0.294,0.0
281,,0.506,0.97,0.596,0.81,0.384,0.15,0.284,-0.01
282,8,0.779,0.96,0.303,0.4,0.091,0.14,0.557,0.99
283,8,1.0,0.95,0.01,-0.01,-0.202,0.13,0.83,1.0
284,5,0.59,0.657,0.0,0.263,0.798,0.403,0.82,0.707
285,5,0.18,0.364,-0.01,0.536,1.0,0.676,0.81,0.414
286,3,0.17,0.637,0.99,0.809,0.99,0.383,0.4,0.121
287,3,0.16,0.91,1.0,1.0,0.98,0.09,-0.01,-0.172
288,8,0.433,0.9,0.707,0.59,0.687,0.08,0.263,0.828
289,8,0.706,0.89,0.414,0.18,0.394,0.07,0.536,1.0
290,,0.696,0.88,0.404,0.17,0.384,0.06,0.526,0.99
291,,0.686,0.87,0.394,0.16,0.374,0.05,0.516,0.98
292,,0.676,0.86,0.384,0.15,0.364,0.04,0.506,0.97
293,,0.666,0.85,0.374,0.14,0.354,0.03,0.496,0.96
294,,0.656,0.84,0.364,0.13,0.344,0.02,0.486,0.95
295,,0.646,0.83,0.354,0.12,0.334,0.01,0.476,0.94
296,,0.636,0.82,0.344,0.11,0.324,0.0,0.466,0.93
297,,0.626,0.81,0.334,0.1,0.314,-0.01,0.456,0.92
298,6,0.333,0.4,0.041,0.09,0.587,0.99,0.729,0.91
299,6,0.04,-0.01,-0.252,0.08,0.86,1.0,1.0,0.9
300,3,0.03,0.263,0.748,0.353,0.85,0.707,0.59,0.607
301,3,0.02,0.536,1.0,0.626,0.84,0.414,0.18,0.314
302,,0.01,0.526,0.99,0.616,0.83,0.404,0.17,0.304
303,,0.0,0.516,0.98,0.606,0.82,0.394,0.16,0.294
304,,-0.01,0.506,0.97,0.596,0.81,0.384,0.15,0.284
305,1,0.99,0.779,0.96,0.303,0.4,0.091,0.14,0.557
306,1,1.0,1.0,0.95,0.01,-0.01,-0.202,0.13,0.83
307,6,0.707,0.59,0.657,0.0,0.263,0.798,0.403,0.82
308,6,0.414,0.18,0.364,-0.01,0.536,1.0,0.676,0.81
309,4,0.121,0.17,0.637,0.99,0.809,0.99,0.383,0.4
310,4,-0.172,0.16,0.91,1.0,1.0,0.98,0.09,-0.01
311,1,0.828,0.433,0.9,0.707,0.59,0.687,0.08,0.263
312,1,1.0,0.706,0.89,0.414,0.18,0.394,0.07,0.536
313,,0.99,0.696,0.88,0.404,0.17,0.384,0.06,0.526
314,,0.98,0.686,0.87,0.394,0.16,0.374,0.05,0.516
315,,0.97,0.676,0.86,0.384,0.15,0.364,0.04,0.506
316,,0.96,0.666,0.85,0.374,0.14,0.354,0.03,0.496
317,,0.95,0.656,0.84,0.364,0.13,0.344,0.02,0.486
318,,0.94,0.646,0.83,0.354,0.12,0.334,0.01,0.476
319,,0.93,0.636,0.82,0.344,0.11,0.324,0.0,0.466
320,,0.92,0.626,0.81,0.334,0.1,0.314,-0.01,0.456
321,7,0.91,0.333,0.4,0.041,0.09,0.587,0.99,0.729
322,7,0.9,0.04,-0.01,-0.252,0.08,0.86,1.0,1.0
323,4,0.607,0.03,0.263,0.748,0.353,0.85,0.707,0.59
324,4,0.314,0.02,0.536,1.0,0.626,0.84,0.414,0.18
325,,0.304,0.01,0.526,0.99,0.616,0.83,0.404,0.17
326,,0.294,0.0,0.516,0.98,0.606,0.82,0.394,0.16
327,,0.284,-0.01,0.506,0.97,0.596,0.81,0.384,0.15
328,2,0.557,0.99,0.779,0.96,0.303,0.4,0.091,0.14
329,2,0.83,1.0,1.0,0.95,0.01,-0.01,-0.202,0.13
330,7,0.82,0.707,0.59,0.657,0.0,0.263,0.798,0.403
331,7,0.81,0.414,0.18,0.364,-0.01,0.536,1.0,0.676
332,5,0.4,0.121,0.17,0.637,0.99,0.809,0.99,0.383
333,5,-0.01,-0.172,0.16,0.91,1.0,1.0,0.98,0.09
334,2,0.263,0.828,0.433,0.9,0.707,0.59,0.687,0.08
335,2,0.536,1.0,0.706,0.89,0.414,0.18,0.394,0.07
336,,0.526,0.99,0.696,0.88,0.404,0.17,0.384,0.06
337,,0.516,0.98,0.686,0.87,0.394,0.16,0.374,0.05
338,,0.506,0.97,0.676,0.86,0.384,0.15,0.364,0.04
339,,0.496,0.96,0.666,0.85,0.374,0.14,0.354,0.03
340,,0.486,0.95,0.656,0.84,0.364,0.13,0.344,0.02
341,,0.476,0.94,0.646,0.83,0.354,0.12,0.334,0.01
342,,0.466,0.93,0.636,0.82,0.344,0.11,0.324,0.0
343,,0.456,0.92,0.626,0.81,0.334,0.1,0.314,-0.01
344,8,0.729,0.91,0.333,0.4,0.041,0.09,0.587,0.99
345,8,1.0,0.9,0.04,-0.01,-0.252,0.08,0.86,1.0
346,5,0.59,0.607,0.03,0.263,0.748,0.353,0.85,0.707
347,5,0.18,0.314,0.02,0.536,1.0,0.626,0.84,0.414
348,,0.17,0.304,0.01,0.526,0.99,0.616,0.83,0.404
349,,0.16,0.294,0.0,0.516,0.98,0.606,0.82,0.394
350,,0.15,0.284,-0.01,0.506,0.97,0.596,0.81,0.384
351,3,0.14,0.557,0.99,0.779,0.96,0.303,0.4,0.091
352,3,0.13,0.83,1.0,1.0,0.95,0.01,-0.01,-0.202
353,8,0.403,0.82,0.707,0.59,0.657,0.0,0.263,0.798
354,8,0.676,0.81,0.414,0.18,0.364,-0.01,0.536,1.0
355,6,0.383,0.4,0.121,0.17,0.637,0.99,0.809,0.99
356,6,0.09,-0.01,-0.172,0.16,0.91,1.0,1.0,0.98
357,3,0.08,0.263,0.828,0.433,0.9,0.707,0.59,0.687
358,3,0.07,0.536,1.0,0.706,0.89,0.414,0.18,0.394
359,,0.06,0.526,0.99,0.696,0.88,0.404,0.17,0.384
360,,0.05,0.516,0.98,0.686,0.87,0.394,0.16,0.374
361,,0.04,0.506,0.97,0.676,0.86,0.384,0.15,0.364
362,,0.03,0.496,0.96,0.666,0.85,0.374,0.14,0.354
363,,0.02,0.486,0.95,0.656,0.84,0.364,0.13,0.344
364,,0.01,0.476,0.94,0.646,0.83,0.354,0.12,0.334
365,,0.0,0.466,0.93,0.636,0.82,0.344,0.11,0.324
366,,-0.01,0.456,0.92,0.626,0.81,0.334,0.1,0.314
367,1,0.99,0.729,0.91,0.333,0.4,0.041,0.09,0.587
368,1,1.0,1.0,0.9,0.04,-0.01,-0.252,0.08,0.86
369,6,0.707,0.59,0.607,0.03,0.263,0.748,0.353,0.85
370,6,0.414,0.18,0.314,0.02,0.536,1.0,0.626,0.84
371,,0.404,0.17,0.304,0.01,0.526,0.99,0.616,0.83
372,,0.394,0.16,0.294,0.0,0.516,0.98,0.606,0.82
373,,0.384,0.15,0.284,-0.01,0.506,0.97,0.596,0.81
374,4,0.091,0.14,0.557,0.99,0.779,0.96,0.303,0.4
375,4,-0.202,0.13,0.83,1.0,1.0,0.95,0.01,-0.01
376,1,0.798,0.403,0.82,0.707,0.59,0.657,0.0,0.263
377,1,1.0,0.676,0.81,0.414,0.18,0.364,-0.01,0.536
378,7,0.99,0.383,0.4,0.121,0.17,0.637,0.99,0.809
379,7,0.98,0.09,-0.01,-0.172,0.16,0.91,1.0,1.0
380,4,0.687,0.08,0.263,0.828,0.433,0.9,0.707,0.59
381,4,0.394,0.07,0.536,1.0,0.706,0.89,0.414,0.18
382,,0.384,0.06,0.526,0.99,0.696,0.88,0.404,0.17
383,,0.374,0.05,0.516,0.98,0.686,0.87,0.394,0.16
384,,0.364,0.04,0.506,0.97,0.676,0.86,0.384,0.15
385,,0.354,0.03,0.496,0.96,0.666,0.85,0.374,0.14
386,,0.344,0.02,0.486,0.95,0.656,0.84,0.364,0.13
387,,0.334,0.01,0.476,0.94,0.646,0.83,0.354,0.12
388,,0.324,0.0,0.466,0.93,0.636,0.82,0.344,0.11
389,,0.314,-0.01,0.456,0.92,0.626,0.81,0.334,0.1
390,2,0.587,0.99,0.729,0.91,0.333,0.4,0.041,0.09
391,2,0.86,1.0,1.0,0.9,0.04,-0.01,-0.252,0.08
392,7,0.85,0.707,0.59,0.607,0.03,0.263,0.748,0.353
393,7,0.84,0.414,0.18,0.314,0.02,0.536,1.0,0.626
394,,0.83,0.404,0.17,0.304,0.01,0.526,0.99,0.616
395,,0.82,0.394,0.16,0.294,0.0,0.516,0.98,0.606
396,,0.81,0.384,0.15,0.284,-0.01,0.506,0.97,0.596
397,5,0.4,0.091,0.14,0.557,0.99,0.779,0.96,0.303
398,5,-0.01,-0.202,0.13,0.83,1.0,1.0,0.95,0.01
399,2,0.263,0.798,0.403,0.82,0.707,0.59,0.657,0.0
400,2,0.536,1.0,0.676,0.81,0.414,0.18,0.364,-0.01
401,8,0.809,0.99,0.383,0.4,0.121,0.17,0.637,0.99
402,8,1.0,0.98,0.09,-0.01,-0.172,0.16,0.91,1.0
403,5,0.59,0.687,0.08,0.263,0.828,0.433,0.9,0.707
404,5,0.18,0.394,0.07,0.536,1.0,0.706,0.89,0.414
405,,0.17,0.384,0.06,0.526,0.99,0.696,0.88,0.404
406,,0.16,0.374,0.05,0.516,0.98,0.686,0.87,0.394
407,,0.15,0.364,0.04,0.506,0.97,0.676,0.86,0.384
408,,0.14,0.354,0.03,0.496,0.96,0.666,0.85,0.374
409,,0.13,0.344,0.02,0.486,0.95,0.656,0.84,0.364
410,,0.12,0.334,0.01,0.476,0.94,0.646,0.83,0.354
411,,0.11,0.324,0.0,0.466,0.93,0.636,0.82,0.344
412,,0.1,0.314,-0.01,0.456,0.92,0.626,0.81,0.334
413,3,0.09,0.587,0.99,0.729,0.91,0.333,0.4,0.041
414,3,0.08,0.86,1.0,1.0,0.9,0.04,-0.01,-0.252
415,8,0.353,0.85,0.707,0.59,0.607,0.03,0.263,0.748
416,8,0.626,0.84,0.414,0.18,0.314,0.02,0.536,1.0
417,,0.616,0.83,0.404,0.17,0.304,0.01,0.526,0.99
418,,0.606,0.82,0.394,0.16,0.294,0.0,0.516,0.98
419,,0.596,0.81,0.384,0.15,0.284,-0.01,0.506,0.97
420,6,0.303,0.4,0.091,0.14,0.557,0.99,0.779,0.96
421,6,0.01,-0.01,-0.202,0.13,0.83,1.0,1.0,0.95
422,3,0.0,0.263,0.798,0.403,0.82,0.707,0.59,0.657
423,3,-0.01,0.536,1.0,0.676,0.81,0.414,0.18,0.364
424,1,0.99,0.809,0.99,0.383,0.4,0.121,0.17,0.637
425,1,1.0,1.0,0.98,0.09,-0.01,-0.172,0.16,0.91
426,6,0.707,0.59,0.687,0.08,0.263,0.828,0.433,0.9
427,6,0.414,0.18,0.394,0.07,0.536,1.0,0.706,0.89
428,,0.404,0.17,0.384,0.06,0.526,0.99,0.696,0.88
429,,0.394,0.16,0.374,0.05,0.516,0.98,0.686,0.87
430,,0.384,0.15,0.364,0.04,0.506,0.97,0.676,0.86
431,,0.374,0.14,0.354,0.03,0.496,0.96,0.666,0.85
432,,0.364,0.13,0.344,0.02,0.486,0.95,0.656,0.84
433,,0.354,0.12,0.334,0.01,0.476,0.94,0.646,0.83
434,,0.344,0.11,0.324,0.0,0.466,0.93,0.636,0.82
435,,0.334,0.1,0.314,-0.01,0.456,0.92,0.626,0.81
436,4,0.041,0.09,0.587,0.99,0.729,0.91,0.333,0.4
437,4,-0.252,0.08,0.86,1.0,1.0,0.9,0.04,-0.01
438,1,0.748,0.353,0.85,0.707,0.59,0.607,0.03,0.263
439,1,1.0,0.626,0.84,0.414,0.18,0.314,0.02,0.536
440,,0.99,0.616,0.83,0.404,0.17,0.304,0.01,0.526
441,,0.98,0.606,0.82,0.394,0.16,0.294,0.0,0.516
442,,0.97,0.596,0.81,0.384,0.15,0.284,-0.01,0.506
443,7,0.96,0.303,0.4,0.091,0.14,0.557,0.99,0.779
444,7,0.95,0.01,-0.01,-0.202,0.13,0.83,1.0,1.0
445,4,0.657,0.0,0.263,0.798,0.403,0.82,0.707,0.59
446,4,0.364,-0.01,0.536,1.0,0.676,0.81,0.414,0.18
447,2,0.637,0.99,0.809,0.99,0.383,0.4,0.121,0.17
448,2,0.91,1.0,1.0,0.98,0.09,-0.01,-0.172,0.16
449,7,0.9,0.707,0.59,0.687,0.08,0.263,0.828,0.433
450,7,0.89,0.414,0.18,0.394,0.07,0.536,1.0,0.706
451,,0.88,0.404,0.17,0.384,0.06,0.526,0.99,0.696
452,,0.87,0.394,0.16,0.374,0.05,0.516,0.98,0.686
453,,0.86,0.384,0.15,0.364,0.04,0.506,0.97,0.676
454,,0.85,0.374,0.14,0.354,0.03,0.496,0.96,0.666
455,,0.84,0.364,0.13,0.344,0.02,0.486,0.95,0.656
456,,0.83,0.354,0.12,0.334,0.01,0.476,0.94,0.646
457,,0.82,0.344,0.11,0.324,0.0,0.466,0.93,0.636
458,,0.81,0.334,0.1,0.314,-0.01,0.456,0.92,0.626
459,5,0.4,0.041,0.09,0.587,0.99,0.729,0.91,0.333
460,5,-0.01,-0.252,0.08,0.86,1.0,1.0,0.9,0.04
461,2,0.263,0.748,0.353,0.85,0.707,0.59,0.607,0.03
462,2,0.536,1.0,0.626,0.84,0.414,0.18,0.314,0.02
463,,0.526,0.99,0.616,0.83,0.404,0.17,0.304,0.01
464,,0.516,0.98,0.606,0.82,0.394,0.16,0.294,0.0
465,,0.506,0.97,0.596,0.81,0.384,0.15,0.284,-0.01
466,8,0.779,0.96,0.303,0.4,0.091,0.14,0.557,0.99
467,8,1.0,0.95,0.01,-0.01,-0.202,0.13,0.83,1.0
468,5,0.59,0.657,0.0,0.263,0.798,0.403,0.82,0.707
469,5,0.18,0.364,-0.01,0.536,1.0,0.676,0.81,0.414
470,3,0.17,0.637,0.99,0.809,0.99,0.383,0.4,0.121
471,3,0.16,0.91,1.0,1.0,0.98,0.09,-0.01,-0.172
472,8,0.433,0.9,0.707,0.59,0.687,0.08,0.263,0.828
473,8,0.706,0.89,0.414,0.18,0.394,0.07,0.536,1.0
474,,0.696,0.88,0.404,0.17,0.384,0.06,0.526,0.99
475,,0.686,0.87,0.394,0.16,0.374,0.05,0.516,0.98
476,,0.676,0.86,0.384,0.15,0.364,0.04,0.506,0.97
477,,0.666,0.85,0.374,0.14,0.354,0.03,0.496,0.96
478,,0.656,0.84,0.364,0.13,0.344,0.02,0.486,0.95
479,,0.646,0.83,0.354,0.12,0.334,0.01,0.476,0.94
480,,0.636,0.82,0.344,0.11,0.324,0.0,0.466,0.93
481,,0.626,0.81,0.334,0.1,0.314,-0.01,0.456,0.92
482,6,0.333,0.4,0.041,0.09,0.587,0.99,0.729,0.91
483,6,0.04,-0.01,-0.252,0.08,0.86,1.0,1.0,0.9
484,3,0.03,0.263,0.748,0.353,0.85,0.707,0.59,0.607
485,3,0.02,0.536,1.0,0.626,0.84,0.414,0.18,0.314
486,,0.01,0.526,0.99,0.616,0.83,0.404,0.17,0.304
487,,0.0,0.516,0.98,0.606,0.82,0.394,0.16,0.294
488,,-0.01,0.506,0.97,0.596,0.81,0.384,0.15,0.284
489,1,0.99,0.779,0.96,0.303,0.4,0.091,0.14,0.557
490,1,1.0,1.0,0.95,0.01,-0.01,-0.202,0.13,0.83
491,6,0.707,0.59,0.657,0.0,0.263,0.798,0.403,0.82
492,6,0.414,0.18,0.364,-0.01,0.536,1.0,0.676,0.81
493,4,0.121,0.17,0.637,0.99,0.809,0.99,0.383,0.4
494,4,-0.172,0.16,0.91,1.0,1.0,0.98,0.09,-0.01
495,1,0.828,0.433,0.9,0.707,0.59,0.687,0.08,0.263
496,1,1.0,0.706,0.89,0.414,0.18,0.394,0.07,0.536
497,,0.99,0.696,0.88,0.404,0.17,0.384,0.06,0.526
498,,0.98,0.686,0.87,0.394,0.16,0.374,0.05,0.516
499,,0.97,0.676,0.86,0.384,0.15,0.364,0.04,0.506
