step,active_motive,motive_1,motive_2,motive_3,motive_4,motive_5,motive_6,motive_7,motive_8
0,,0.28845,0.24626,0.09762,0.36123,0.14039,0.01216,0.32274,0.08856
1,,0.27845,0.23626,0.08762,0.35123,0.13039,0.00216,0.31274,0.07856
2,,0.26845,0.22626,0.07762,0.34123,0.12039,-0.00784,0.30274,0.06856
3,6,-0.02455,-0.18374,-0.21538,0.33123,0.39339,0.99216,0.57574,0.05856
4,6,-0.31755,-0.59374,-0.50838,0.32123,0.66639,1.0,0.84874,0.04856
5,2,-0.04455,0.40626,-0.23538,0.31123,0.37339,0.59,0.55574,0.03856
6,2,0.22845,1.0,0.03762,0.30123,0.08039,0.18,0.26274,0.02856
7,,0.21845,0.99,0.02762,0.29123,0.07039,0.17,0.25274,0.01856
8,,0.20845,0.98,0.01762,0.28123,0.06039,0.16,0.24274,0.00856
9,,0.19845,0.97,0.00762,0.27123,0.05039,0.15,0.23274,-0.00144
10,8,0.47145,0.96,-0.28538,-0.13877,-0.24261,0.14,0.50574,0.99856
11,8,0.74445,0.95,-0.57838,-0.54877,-0.53561,0.13,0.77874,1.0
12,3,0.73445,1.0,0.42162,-0.27577,-0.54561,-0.163,0.36874,0.707
13,3,0.72445,1.0,1.0,-0.00277,-0.55561,-0.456,-0.04126,0.414
14,5,0.31445,0.707,0.99,0.27023,0.44439,-0.183,-0.05126,0.121
15,5,-0.09555,0.414,0.98,0.54323,1.0,0.09,-0.06126,-0.172
16,8,0.17745,0.404,0.687,0.13323,0.707,0.08,0.21174,0.828
17,8,0.45045,0.394,0.394,-0.27677,0.414,0.07,0.48474,1.0
18,4,0.15745,0.384,0.667,0.72323,0.687,0.06,0.19174,0.59
19,4,-0.13555,0.374,0.94,1.0,0.96,0.05,-0.10126,0.18
20,1,0.86445,0.647,0.93,0.707,0.55,-0.243,-0.11126,0.453
21,1,1.0,0.92,0.92,0.414,0.14,-0.536,-0.12126,0.726
22,6,0.707,0.51,0.627,0.404,0.413,0.464,0.15174,0.716
23,6,0.414,0.1,0.334,0.394,0.686,1.0,0.42474,0.706
24,,0.404,0.09,0.324,0.384,0.676,0.99,0.41474,0.696
25,,0.394,0.08,0.314,0.374,0.666,0.98,0.40474,0.686
26,,0.384,0.07,0.304,0.364,0.656,0.97,0.39474,0.676
27,,0.374,0.06,0.294,0.354,0.646,0.96,0.38474,0.666
28,,0.364,0.05,0.284,0.344,0.636,0.95,0.37474,0.656
29,,0.354,0.04,0.274,0.334,0.626,0.94,0.36474,0.646
30,,0.344,0.03,0.264,0.324,0.616,0.93,0.35474,0.636
31,,0.334,0.02,0.254,0.314,0.606,0.92,0.34474,0.626
32,,0.324,0.01,0.244,0.304,0.596,0.91,0.33474,0.616
33,,0.314,0.0,0.234,0.294,0.586,0.9,0.32474,0.606
34,,0.304,-0.01,0.224,0.284,0.576,0.89,0.31474,0.596
35,2,0.577,0.99,0.497,0.274,0.283,0.48,0.02174,0.586
36,2,0.85,1.0,0.77,0.264,-0.01,0.07,-0.27126,0.576
37,7,0.84,0.707,0.36,-0.029,-0.02,0.343,0.72874,0.849
38,7,0.83,0.414,-0.05,-0.322,-0.03,0.616,1.0,1.0
39,4,0.537,0.404,0.223,0.678,0.243,0.606,0.707,0.59
40,4,0.244,0.394,0.496,1.0,0.516,0.596,0.414,0.18
41,,0.234,0.384,0.486,0.99,0.506,0.586,0.404,0.17
42,,0.224,0.374,0.476,0.98,0.496,0.576,0.394,0.16
43,,0.214,0.364,0.466,0.97,0.486,0.566,0.384,0.15
44,,0.204,0.354,0.456,0.96,0.476,0.556,0.374,0.14
45,,0.194,0.344,0.446,0.95,0.466,0.546,0.364,0.13
46,,0.184,0.334,0.436,0.94,0.456,0.536,0.354,0.12
47,,0.174,0.324,0.426,0.93,0.446,0.526,0.344,0.11
48,,0.164,0.314,0.416,0.92,0.436,0.516,0.334,0.1
49,,0.154,0.304,0.406,0.91,0.426,0.506,0.324,0.09
50,,0.144,0.294,0.396,0.9,0.416,0.496,0.314,0.08
51,,0.134,0.284,0.386,0.89,0.406,0.486,0.304,0.07
52,,0.124,0.274,0.376,0.88,0.396,0.476,0.294,0.06
53,,0.114,0.264,0.366,0.87,0.386,0.466,0.284,0.05
54,,0.104,0.254,0.356,0.86,0.376,0.456,0.274,0.04
55,,0.094,0.244,0.346,0.85,0.366,0.446,0.264,0.03
56,,0.084,0.234,0.336,0.84,0.356,0.436,0.254,0.02
57,,0.074,0.224,0.326,0.83,0.346,0.426,0.244,0.01
58,,0.064,0.214,0.316,0.82,0.336,0.416,0.234,0.0
59,,0.054,0.204,0.306,0.81,0.326,0.406,0.224,-0.01
60,8,0.327,0.194,0.013,0.4,0.033,0.396,0.497,0.99
61,8,0.6,0.184,-0.28,-0.01,-0.26,0.386,0.77,1.0
62,3,0.59,0.457,0.72,0.263,-0.27,0.093,0.36,0.707
63,3,0.58,0.73,1.0,0.536,-0.28,-0.2,-0.05,0.414
64,5,0.17,0.437,0.99,0.809,0.72,0.073,-0.06,0.121
65,5,-0.24,0.144,0.98,1.0,1.0,0.346,-0.07,-0.172
66,1,0.76,0.417,0.97,0.707,0.59,0.053,-0.08,0.101
67,1,1.0,0.69,0.96,0.414,0.18,-0.24,-0.09,0.374
68,6,0.707,0.28,0.667,0.404,0.453,0.76,0.183,0.364
69,6,0.414,-0.13,0.374,0.394,0.726,1.0,0.456,0.354
70,2,0.687,0.87,0.647,0.384,0.433,0.59,0.163,0.344
71,2,0.96,1.0,0.92,0.374,0.14,0.18,-0.13,0.334
72,7,0.95,0.707,0.51,0.081,0.13,0.453,0.87,0.607
73,7,0.94,0.414,0.1,-0.212,0.12,0.726,1.0,0.88
74,4,0.647,0.404,0.373,0.788,0.393,0.716,0.707,0.47
75,4,0.354,0.394,0.646,1.0,0.666,0.706,0.414,0.06
76,,0.344,0.384,0.636,0.99,0.656,0.696,0.404,0.05
77,,0.334,0.374,0.626,0.98,0.646,0.686,0.394,0.04
78,,0.324,0.364,0.616,0.97,0.636,0.676,0.384,0.03
79,,0.314,0.354,0.606,0.96,0.626,0.666,0.374,0.02
80,,0.304,0.344,0.596,0.95,0.616,0.656,0.364,0.01
81,,0.294,0.334,0.586,0.94,0.606,0.646,0.354,0.0
82,,0.284,0.324,0.576,0.93,0.596,0.636,0.344,-0.01
83,8,0.557,0.314,0.283,0.52,0.303,0.626,0.617,0.99
84,8,0.83,0.304,-0.01,0.11,0.01,0.616,0.89,1.0
85,3,0.82,0.577,0.99,0.383,0.0,0.323,0.48,0.707
86,3,0.81,0.85,1.0,0.656,-0.01,0.03,0.07,0.414
87,5,0.4,0.557,0.99,0.929,0.99,0.303,0.06,0.121
88,5,-0.01,0.264,0.98,1.0,1.0,0.576,0.05,-0.172
89,8,0.263,0.254,0.687,0.59,0.707,0.566,0.323,0.828
90,8,0.536,0.244,0.394,0.18,0.414,0.556,0.596,1.0
91,,0.526,0.234,0.384,0.17,0.404,0.546,0.586,0.99
92,,0.516,0.224,0.374,0.16,0.394,0.536,0.576,0.98
93,,0.506,0.214,0.364,0.15,0.384,0.526,0.566,0.97
94,,0.496,0.204,0.354,0.14,0.374,0.516,0.556,0.96
95,,0.486,0.194,0.344,0.13,0.364,0.506,0.546,0.95
96,,0.476,0.184,0.334,0.12,0.354,0.496,0.536,0.94
97,,0.466,0.174,0.324,0.11,0.344,0.486,0.526,0.93
98,,0.456,0.164,0.314,0.1,0.334,0.476,0.516,0.92
99,,0.446,0.154,0.304,0.09,0.324,0.466,0.506,0.91
100,,0.436,0.144,0.294,0.08,0.314,0.456,0.496,0.9
101,,0.426,0.134,0.284,0.07,0.304,0.446,0.486,0.89
102,,0.416,0.124,0.274,0.06,0.294,0.436,0.476,0.88
103,,0.406,0.114,0.264,0.05,0.284,0.426,0.466,0.87
104,,0.396,0.104,0.254,0.04,0.274,0.416,0.456,0.86
105,,0.386,0.094,0.244,0.03,0.264,0.406,0.446,0.85
106,,0.376,0.084,0.234,0.02,0.254,0.396,0.436,0.84
107,,0.366,0.074,0.224,0.01,0.244,0.386,0.426,0.83
108,,0.356,0.064,0.214,0.0,0.234,0.376,0.416,0.82
109,,0.346,0.054,0.204,-0.01,0.224,0.366,0.406,0.81
110,4,0.053,0.044,0.477,0.99,0.497,0.356,0.113,0.4
111,4,-0.24,0.034,0.75,1.0,0.77,0.346,-0.18,-0.01
112,1,0.76,0.307,0.74,0.707,0.36,0.053,-0.19,0.263
113,1,1.0,0.58,0.73,0.414,-0.05,-0.24,-0.2,0.536
114,6,0.707,0.17,0.437,0.404,0.223,0.76,0.073,0.526
115,6,0.414,-0.24,0.144,0.394,0.496,1.0,0.346,0.516
116,2,0.687,0.76,0.417,0.384,0.203,0.59,0.053,0.506
117,2,0.96,1.0,0.69,0.374,-0.09,0.18,-0.24,0.496
118,7,0.95,0.707,0.28,0.081,-0.1,0.453,0.76,0.769
119,7,0.94,0.414,-0.13,-0.212,-0.11,0.726,1.0,1.0
120,4,0.647,0.404,0.143,0.788,0.163,0.716,0.707,0.59
121,4,0.354,0.394,0.416,1.0,0.436,0.706,0.414,0.18
122,,0.344,0.384,0.406,0.99,0.426,0.696,0.404,0.17
123,,0.334,0.374,0.396,0.98,0.416,0.686,0.394,0.16
124,,0.324,0.364,0.386,0.97,0.406,0.676,0.384,0.15
125,,0.314,0.354,0.376,0.96,0.396,0.666,0.374,0.14
126,,0.304,0.344,0.366,0.95,0.386,0.656,0.364,0.13
127,,0.294,0.334,0.356,0.94,0.376,0.646,0.354,0.12
128,,0.284,0.324,0.346,0.93,0.366,0.636,0.344,0.11
129,,0.274,0.314,0.336,0.92,0.356,0.626,0.334,0.1
130,,0.264,0.304,0.326,0.91,0.346,0.616,0.324,0.09
131,,0.254,0.294,0.316,0.9,0.336,0.606,0.314,0.08
132,,0.244,0.284,0.306,0.89,0.326,0.596,0.304,0.07
133,,0.234,0.274,0.296,0.88,0.316,0.586,0.294,0.06
134,,0.224,0.264,0.286,0.87,0.306,0.576,0.284,0.05
135,,0.214,0.254,0.276,0.86,0.296,0.566,0.274,0.04
136,,0.204,0.244,0.266,0.85,0.286,0.556,0.264,0.03
137,,0.194,0.234,0.256,0.84,0.276,0.546,0.254,0.02
138,,0.184,0.224,0.246,0.83,0.266,0.536,0.244,0.01
139,,0.174,0.214,0.236,0.82,0.256,0.526,0.234,0.0
140,,0.164,0.204,0.226,0.81,0.246,0.516,0.224,-0.01
141,8,0.437,0.194,-0.067,0.4,-0.047,0.506,0.497,0.99
142,8,0.71,0.184,-0.36,-0.01,-0.34,0.496,0.77,1.0
143,3,0.7,0.457,0.64,0.263,-0.35,0.203,0.36,0.707
144,3,0.69,0.73,1.0,0.536,-0.36,-0.09,-0.05,0.414
145,5,0.28,0.437,0.99,0.809,0.64,0.183,-0.06,0.121
146,5,-0.13,0.144,0.98,1.0,1.0,0.456,-0.07,-0.172
147,8,0.143,0.134,0.687,0.59,0.707,0.446,0.203,0.828
148,8,0.416,0.124,0.394,0.18,0.414,0.436,0.476,1.0
149,,0.406,0.114,0.384,0.17,0.404,0.426,0.466,0.99
150,,0.396,0.104,0.374,0.16,0.394,0.416,0.456,0.98
151,,0.386,0.094,0.364,0.15,0.384,0.406,0.446,0.97
152,,0.376,0.084,0.354,0.14,0.374,0.396,0.436,0.96
153,,0.366,0.074,0.344,0.13,0.364,0.386,0.426,0.95
154,,0.356,0.064,0.334,0.12,0.354,0.376,0.416,0.94
155,,0.346,0.054,0.324,0.11,0.344,0.366,0.406,0.93
156,,0.336,0.044,0.314,0.1,0.334,0.356,0.396,0.92
157,,0.326,0.034,0.304,0.09,0.324,0.346,0.386,0.91
158,,0.316,0.024,0.294,0.08,0.314,0.336,0.376,0.9
159,,0.306,0.014,0.284,0.07,0.304,0.326,0.366,0.89
160,,0.296,0.004,0.274,0.06,0.294,0.316,0.356,0.88
161,,0.286,-0.006,0.264,0.05,0.284,0.306,0.346,0.87
162,2,0.559,0.994,0.537,0.04,-0.009,-0.104,0.053,0.86
163,2,0.832,1.0,0.81,0.03,-0.302,-0.514,-0.24,0.85
164,6,0.539,0.59,0.517,0.02,-0.029,0.486,0.033,0.84
165,6,0.246,0.18,0.224,0.01,0.244,1.0,0.306,0.83
166,,0.236,0.17,0.214,0.0,0.234,0.99,0.296,0.82
167,,0.226,0.16,0.204,-0.01,0.224,0.98,0.286,0.81
168,4,-0.067,0.15,0.477,0.99,0.497,0.97,-0.007,0.4
169,4,-0.36,0.14,0.75,1.0,0.77,0.96,-0.3,-0.01
170,1,0.64,0.413,0.74,0.707,0.36,0.667,-0.31,0.263
171,1,1.0,0.686,0.73,0.414,-0.05,0.374,-0.32,0.536
172,7,0.99,0.393,0.32,0.121,-0.06,0.647,0.68,0.809
173,7,0.98,0.1,-0.09,-0.172,-0.07,0.92,1.0,1.0
174,4,0.687,0.09,0.183,0.828,0.203,0.91,0.707,0.59
175,4,0.394,0.08,0.456,1.0,0.476,0.9,0.414,0.18
176,,0.384,0.07,0.446,0.99,0.466,0.89,0.404,0.17
177,,0.374,0.06,0.436,0.98,0.456,0.88,0.394,0.16
178,,0.364,0.05,0.426,0.97,0.446,0.87,0.384,0.15
179,,0.354,0.04,0.416,0.96,0.436,0.86,0.374,0.14
180,,0.344,0.03,0.406,0.95,0.426,0.85,0.364,0.13
181,,0.334,0.02,0.396,0.94,0.416,0.84,0.354,0.12
182,,0.324,0.01,0.386,0.93,0.406,0.83,0.344,0.11
183,,0.314,0.0,0.376,0.92,0.396,0.82,0.334,0.1
184,,0.304,-0.01,0.366,0.91,0.386,0.81,0.324,0.09
185,2,0.577,0.99,0.639,0.9,0.093,0.4,0.031,0.08
186,2,0.85,1.0,0.912,0.89,-0.2,-0.01,-0.262,0.07
187,7,0.84,0.707,0.502,0.597,-0.21,0.263,0.738,0.343
188,7,0.83,0.414,0.092,0.304,-0.22,0.536,1.0,0.616
189,5,0.42,0.121,0.082,0.577,0.78,0.809,0.99,0.323
190,5,0.01,-0.172,0.072,0.85,1.0,1.0,0.98,0.03
191,2,0.283,0.828,0.345,0.84,0.707,0.59,0.687,0.02
192,2,0.556,1.0,0.618,0.83,0.414,0.18,0.394,0.01
193,,0.546,0.99,0.608,0.82,0.404,0.17,0.384,0.0
194,,0.536,0.98,0.598,0.81,0.394,0.16,0.374,-0.01
195,8,0.809,0.97,0.305,0.4,0.101,0.15,0.647,0.99
196,8,1.0,0.96,0.012,-0.01,-0.192,0.14,0.92,1.0
197,5,0.59,0.667,0.002,0.263,0.808,0.413,0.91,0.707
198,5,0.18,0.374,-0.008,0.536,1.0,0.686,0.9,0.414
199,3,0.17,0.647,0.992,0.809,0.99,0.393,0.49,0.121
200,3,0.16,0.92,1.0,1.0,0.98,0.1,0.08,-0.172
201,8,0.433,0.91,0.707,0.59,0.687,0.09,0.353,0.828
202,8,0.706,0.9,0.414,0.18,0.394,0.08,0.626,1.0
203,,0.696,0.89,0.404,0.17,0.384,0.07,0.616,0.99
204,,0.686,0.88,0.394,0.16,0.374,0.06,0.606,0.98
205,,0.676,0.87,0.384,0.15,0.364,0.05,0.596,0.97
206,,0.666,0.86,0.374,0.14,0.354,0.04,0.586,0.96
207,,0.656,0.85,0.364,0.13,0.344,0.03,0.576,0.95
208,,0.646,0.84,0.354,0.12,0.334,0.02,0.566,0.94
209,,0.636,0.83,0.344,0.11,0.324,0.01,0.556,0.93
210,,0.626,0.82,0.334,0.1,0.314,0.0,0.546,0.92
211,,0.616,0.81,0.324,0.09,0.304,-0.01,0.536,0.91
212,6,0.323,0.4,0.031,0.08,0.577,0.99,0.809,0.9
213,6,0.03,-0.01,-0.262,0.07,0.85,1.0,1.0,0.89
214,3,0.02,0.263,0.738,0.343,0.84,0.707,0.59,0.597
215,3,0.01,0.536,1.0,0.616,0.83,0.414,0.18,0.304
216,,0.0,0.526,0.99,0.606,0.82,0.404,0.17,0.294
217,,-0.01,0.516,0.98,0.596,0.81,0.394,0.16,0.284
218,1,0.99,0.789,0.97,0.303,0.4,0.101,0.15,0.557
219,1,1.0,1.0,0.96,0.01,-0.01,-0.192,0.14,0.83
220,6,0.707,0.59,0.667,0.0,0.263,0.808,0.413,0.82
221,6,0.414,0.18,0.374,-0.01,0.536,1.0,0.686,0.81
222,4,0.121,0.17,0.647,0.99,0.809,0.99,0.393,0.4
223,4,-0.172,0.16,0.92,1.0,1.0,0.98,0.1,-0.01
224,1,0.828,0.433,0.91,0.707,0.59,0.687,0.09,0.263
225,1,1.0,0.706,0.9,0.414,0.18,0.394,0.08,0.536
226,,0.99,0.696,0.89,0.404,0.17,0.384,0.07,0.526
227,,0.98,0.686,0.88,0.394,0.16,0.374,0.06,0.516
228,,0.97,0.676,0.87,0.384,0.15,0.364,0.05,0.506
229,,0.96,0.666,0.86,0.374,0.14,0.354,0.04,0.496
230,,0.95,0.656,0.85,0.364,0.13,0.344,0.03,0.486
231,,0.94,0.646,0.84,0.354,0.12,0.334,0.02,0.476
232,,0.93,0.636,0.83,0.344,0.11,0.324,0.01,0.466
233,,0.92,0.626,0.82,0.334,0.1,0.314,0.0,0.456
234,,0.91,0.616,0.81,0.324,0.09,0.304,-0.01,0.446
235,7,0.9,0.323,0.4,0.031,0.08,0.577,0.99,0.719
236,7,0.89,0.03,-0.01,-0.262,0.07,0.85,1.0,0.992
237,4,0.597,0.02,0.263,0.738,0.343,0.84,0.707,0.582
238,4,0.304,0.01,0.536,1.0,0.616,0.83,0.414,0.172
239,,0.294,0.0,0.526,0.99,0.606,0.82,0.404,0.162
240,,0.284,-0.01,0.516,0.98,0.596,0.81,0.394,0.152
241,2,0.557,0.99,0.789,0.97,0.303,0.4,0.101,0.142
242,2,0.83,1.0,1.0,0.96,0.01,-0.01,-0.192,0.132
243,7,0.82,0.707,0.59,0.667,0.0,0.263,0.808,0.405
244,7,0.81,0.414,0.18,0.374,-0.01,0.536,1.0,0.678
245,5,0.4,0.121,0.17,0.647,0.99,0.809,0.99,0.385
246,5,-0.01,-0.172,0.16,0.92,1.0,1.0,0.98,0.092
247,2,0.263,0.828,0.433,0.91,0.707,0.59,0.687,0.082
248,2,0.536,1.0,0.706,0.9,0.414,0.18,0.394,0.072
249,,0.526,0.99,0.696,0.89,0.404,0.17,0.384,0.062
250,,0.516,0.98,0.686,0.88,0.394,0.16,0.374,0.052
251,,0.506,0.97,0.676,0.87,0.384,0.15,0.364,0.042
252,,0.496,0.96,0.666,0.86,0.374,0.14,0.354,0.032
253,,0.486,0.95,0.656,0.85,0.364,0.13,0.344,0.022
254,,0.476,0.94,0.646,0.84,0.354,0.12,0.334,0.012
255,,0.466,0.93,0.636,0.83,0.344,0.11,0.324,0.002
256,,0.456,0.92,0.626,0.82,0.334,0.1,0.314,-0.008
257,8,0.729,0.91,0.333,0.41,0.041,0.09,0.587,0.992
258,8,1.0,0.9,0.04,-0.0,-0.252,0.08,0.86,1.0
259,5,0.59,0.607,0.03,0.273,0.748,0.353,0.85,0.707
260,5,0.18,0.314,0.02,0.546,1.0,0.626,0.84,0.414
261,,0.17,0.304,0.01,0.536,0.99,0.616,0.83,0.404
262,,0.16,0.294,0.0,0.526,0.98,0.606,0.82,0.394
263,,0.15,0.284,-0.01,0.516,0.97,0.596,0.81,0.384
264,3,0.14,0.557,0.99,0.789,0.96,0.303,0.4,0.091
265,3,0.13,0.83,1.0,1.0,0.95,0.01,-0.01,-0.202
266,8,0.403,0.82,0.707,0.59,0.657,0.0,0.263,0.798
267,8,0.676,0.81,0.414,0.18,0.364,-0.01,0.536,1.0
268,6,0.383,0.4,0.121,0.17,0.637,0.99,0.809,0.99
269,6,0.09,-0.01,-0.172,0.16,0.91,1.0,1.0,0.98
270,3,0.08,0.263,0.828,0.433,0.9,0.707,0.59,0.687
271,3,0.07,0.536,1.0,0.706,0.89,0.414,0.18,0.394
272,,0.06,0.526,0.99,0.696,0.88,0.404,0.17,0.384
273,,0.05,0.516,0.98,0.686,0.87,0.394,0.16,0.374
274,,0.04,0.506,0.97,0.676,0.86,0.384,0.15,0.364
275,,0.03,0.496,0.96,0.666,0.85,0.374,0.14,0.354
276,,0.02,0.486,0.95,0.656,0.84,0.364,0.13,0.344
277,,0.01,0.476,0.94,0.646,0.83,0.354,0.12,0.334
278,,0.0,0.466,0.93,0.636,0.82,0.344,0.11,0.324
279,,-0.01,0.456,0.92,0.626,0.81,0.334,0.1,0.314
280,1,0.99,0.729,0.91,0.333,0.4,0.041,0.09,0.587
281,1,1.0,1.0,0.9,0.04,-0.01,-0.252,0.08,0.86
282,6,0.707,0.59,0.607,0.03,0.263,0.748,0.353,0.85
283,6,0.414,0.18,0.314,0.02,0.536,1.0,0.626,0.84
284,,0.404,0.17,0.304,0.01,0.526,0.99,0.616,0.83
285,,0.394,0.16,0.294,0.0,0.516,0.98,0.606,0.82
286,,0.384,0.15,0.284,-0.01,0.506,0.97,0.596,0.81
287,4,0.091,0.14,0.557,0.99,0.779,0.96,0.303,0.4
288,4,-0.202,0.13,0.83,1.0,1.0,0.95,0.01,-0.01
289,1,0.798,0.403,0.82,0.707,0.59,0.657,0.0,0.263
290,1,1.0,0.676,0.81,0.414,0.18,0.364,-0.01,0.536
291,7,0.99,0.383,0.4,0.121,0.17,0.637,0.99,0.809
292,7,0.98,0.09,-0.01,-0.172,0.16,0.91,1.0,1.0
293,4,0.687,0.08,0.263,0.828,0.433,0.9,0.707,0.59
294,4,0.394,0.07,0.536,1.0,0.706,0.89,0.414,0.18
295,,0.384,0.06,0.526,0.99,0.696,0.88,0.404,0.17
296,,0.374,0.05,0.516,0.98,0.686,0.87,0.394,0.16
297,,0.364,0.04,0.506,0.97,0.676,0.86,0.384,0.15
298,,0.354,0.03,0.496,0.96,0.666,0.85,0.374,0.14
299,,0.344,0.02,0.486,0.95,0.656,0.84,0.364,0.13
300,,0.334,0.01,0.476,0.94,0.646,0.83,0.354,0.12
301,,0.324,0.0,0.466,0.93,0.636,0.82,0.344,0.11
302,,0.314,-0.01,0.456,0.92,0.626,0.81,0.334,0.1
303,2,0.587,0.99,0.729,0.91,0.333,0.4,0.041,0.09
304,2,0.86,1.0,1.0,0.9,0.04,-0.01,-0.252,0.08
305,7,0.85,0.707,0.59,0.607,0.03,0.263,0.748,0.353
306,7,0.84,0.414,0.18,0.314,0.02,0.536,1.0,0.626
307,,0.83,0.404,0.17,0.304,0.01,0.526,0.99,0.616
308,,0.82,0.394,0.16,0.294,0.0,0.516,0.98,0.606
309,,0.81,0.384,0.15,0.284,-0.01,0.506,0.97,0.596
310,5,0.4,0.091,0.14,0.557,0.99,0.779,0.96,0.303
311,5,-0.01,-0.202,0.13,0.83,1.0,1.0,0.95,0.01
312,2,0.263,0.798,0.403,0.82,0.707,0.59,0.657,0.0
313,2,0.536,1.0,0.676,0.81,0.414,0.18,0.364,-0.01
314,8,0.809,0.99,0.383,0.4,0.121,0.17,0.637,0.99
315,8,1.0,0.98,0.09,-0.01,-0.172,0.16,0.91,1.0
316,5,0.59,0.687,0.08,0.263,0.828,0.433,0.9,0.707
317,5,0.18,0.394,0.07,0.536,1.0,0.706,0.89,0.414
318,,0.17,0.384,0.06,0.526,0.99,0.696,0.88,0.404
319,,0.16,0.374,0.05,0.516,0.98,0.686,0.87,0.394
320,,0.15,0.364,0.04,0.506,0.97,0.676,0.86,0.384
321,,0.14,0.354,0.03,0.496,0.96,0.666,0.85,0.374
322,,0.13,0.344,0.02,0.486,0.95,0.656,0.84,0.364
323,,0.12,0.334,0.01,0.476,0.94,0.646,0.83,0.354
324,,0.11,0.324,0.0,0.466,0.93,0.636,0.82,0.344
325,,0.1,0.314,-0.01,0.456,0.92,0.626,0.81,0.334
326,3,0.09,0.587,0.99,0.729,0.91,0.333,0.4,0.041
327,3,0.08,0.86,1.0,1.0,0.9,0.04,-0.01,-0.252
328,8,0.353,0.85,0.707,0.59,0.607,0.03,0.263,0.748
329,8,0.626,0.84,0.414,0.18,0.314,0.02,0.536,1.0
330,,0.616,0.83,0.404,0.17,0.304,0.01,0.526,0.99
331,,0.606,0.82,0.394,0.16,0.294,0.0,0.516,0.98
332,,0.596,0.81,0.384,0.15,0.284,-0.01,0.506,0.97
333,6,0.303,0.4,0.091,0.14,0.557,0.99,0.779,0.96
334,6,0.01,-0.01,-0.202,0.13,0.83,1.0,1.0,0.95
335,3,0.0,0.263,0.798,0.403,0.82,0.707,0.59,0.657
336,3,-0.01,0.536,1.0,0.676,0.81,0.414,0.18,0.364
337,1,0.99,0.809,0.99,0.383,0.4,0.121,0.17,0.637
338,1,1.0,1.0,0.98,0.09,-0.01,-0.172,0.16,0.91
339,6,0.707,0.59,0.687,0.08,0.263,0.828,0.433,0.9
340,6,0.414,0.18,0.394,0.07,0.536,1.0,0.706,0.89
341,,0.404,0.17,0.384,0.06,0.526,0.99,0.696,0.88
342,,0.394,0.16,0.374,0.05,0.516,0.98,0.686,0.87
343,,0.384,0.15,0.364,0.04,0.506,0.97,0.676,0.86
344,,0.374,0.14,0.354,0.03,0.496,0.96,0.666,0.85
345,,0.364,0.13,0.344,0.02,0.486,0.95,0.656,0.84
346,,0.354,0.12,0.334,0.01,0.476,0.94,0.646,0.83
347,,0.344,0.11,0.324,0.0,0.466,0.93,0.636,0.82
348,,0.334,0.1,0.314,-0.01,0.456,0.92,0.626,0.81
349,4,0.041,0.09,0.587,0.99,0.729,0.91,0.333,0.4
350,4,-0.252,0.08,0.86,1.0,1.0,0.9,0.04,-0.01
351,1,0.748,0.353,0.85,0.707,0.59,0.607,0.03,0.263
352,1,1.0,0.626,0.84,0.414,0.18,0.314,0.02,0.536
353,,0.99,0.616,0.83,0.404,0.17,0.304,0.01,0.526
354,,0.98,0.606,0.82,0.394,0.16,0.294,0.0,0.516
355,,0.97,0.596,0.81,0.384,0.15,0.284,-0.01,0.506
356,7,0.96,0.303,0.4,0.091,0.14,0.557,0.99,0.779
357,7,0.95,0.01,-0.01,-0.202,0.13,0.83,1.0,1.0
358,4,0.657,0.0,0.263,0.798,0.403,0.82,0.707,0.59
359,4,0.364,-0.01,0.536,1.0,0.676,0.81,0.414,0.18
360,2,0.637,0.99,0.809,0.99,0.383,0.4,0.121,0.17
361,2,0.91,1.0,1.0,0.98,0.09,-0.01,-0.172,0.16
362,7,0.9,0.707,0.59,0.687,0.08,0.263,0.828,0.433
363,7,0.89,0.414,0.18,0.394,0.07,0.536,1.0,0.706
364,,0.88,0.404,0.17,0.384,0.06,0.526,0.99,0.696
365,,0.87,0.394,0.16,0.374,0.05,0.516,0.98,0.686
366,,0.86,0.384,0.15,0.364,0.04,0.506,0.97,0.676
367,,0.85,0.374,0.14,0.354,0.03,0.496,0.96,0.666
368,,0.84,0.364,0.13,0.344,0.02,0.486,0.95,0.656
369,,0.83,0.354,0.12,0.334,0.01,0.476,0.94,0.646
370,,0.82,0.344,0.11,0.324,0.0,0.466,0.93,0.636
371,,0.81,0.334,0.1,0.314,-0.01,0.456,0.92,0.626
372,5,0.4,0.041,0.09,0.587,0.99,0.729,0.91,0.333
373,5,-0.01,-0.252,0.08,0.86,1.0,1.0,0.9,0.04
374,2,0.263,0.748,0.353,0.85,0.707,0.59,0.607,0.03
375,2,0.536,1.0,0.626,0.84,0.414,0.18,0.314,0.02
376,,0.526,0.99,0.616,0.83,0.404,0.17,0.304,0.01
377,,0.516,0.98,0.606,0.82,0.394,0.16,0.294,0.0
378,,0.506,0.97,0.596,0.81,0.384,0.15,0.284,-0.01
379,8,0.779,0.96,0.303,0.4,0.091,0.14,0.557,0.99
380,8,1.0,0.95,0.01,-0.01,-0.202,0.13,0.83,1.0
381,5,0.59,0.657,0.0,0.263,0.798,0.403,0.82,0.707
382,5,0.18,0.364,-0.01,0.536,1.0,0.676,0.81,0.414
383,3,0.17,0.637,0.99,0.809,0.99,0.383,0.4,0.121
384,3,0.16,0.91,1.0,1.0,0.98,0.09,-0.01,-0.172
385,8,0.433,0.9,0.707,0.59,0.687,0.08,0.263,0.828
386,8,0.706,0.89,0.414,0.18,0.394,0.07,0.536,1.0
387,,0.696,0.88,0.404,0.17,0.384,0.06,0.526,0.99
388,,0.686,0.87,0.394,0.16,0.374,0.05,0.516,0.98
389,,0.676,0.86,0.384,0.15,0.364,0.04,0.506,0.97
390,,0.666,0.85,0.374,0.14,0.354,0.03,0.496,0.96
391,,0.656,0.84,0.364,0.13,0.344,0.02,0.486,0.95
392,,0.646,0.83,0.354,0.12,0.334,0.01,0.476,0.94
393,,0.636,0.82,0.344,0.11,0.324,0.0,0.466,0.93
394,,0.626,0.81,0.334,0.1,0.314,-0.01,0.456,0.92
395,6,0.333,0.4,0.041,0.09,0.587,0.99,0.729,0.91
396,6,0.04,-0.01,-0.252,0.08,0.86,1.0,1.0,0.9
397,3,0.03,0.263,0.748,0.353,0.85,0.707,0.59,0.607
398,3,0.02,0.536,1.0,0.626,0.84,0.414,0.18,0.314
399,,0.01,0.526,0.99,0.616,0.83,0.404,0.17,0.304
400,,0.0,0.516,0.98,0.606,0.82,0.394,0.16,0.294
401,,-0.01,0.506,0.97,0.596,0.81,0.384,0.15,0.284
402,1,0.99,0.779,0.96,0.303,0.4,0.091,0.14,0.557
403,1,1.0,1.0,0.95,0.01,-0.01,-0.202,0.13,0.83
404,6,0.707,0.59,0.657,0.0,0.263,0.798,0.403,0.82
405,6,0.414,0.18,0.364,-0.01,0.536,1.0,0.676,0.81
406,4,0.121,0.17,0.637,0.99,0.809,0.99,0.383,0.4
407,4,-0.172,0.16,0.91,1.0,1.0,0.98,0.09,-0.01
408,1,0.828,0.433,0.9,0.707,0.59,0.687,0.08,0.263
409,1,1.0,0.706,0.89,0.414,0.18,0.394,0.07,0.536
410,,0.99,0.696,0.88,0.404,0.17,0.384,0.06,0.526
411,,0.98,0.686,0.87,0.394,0.16,0.374,0.05,0.516
412,,0.97,0.676,0.86,0.384,0.15,0.364,0.04,0.506
413,,0.96,0.666,0.85,0.374,0.14,0.354,0.03,0.496
414,,0.95,0.656,0.84,0.364,0.13,0.344,0.02,0.486
415,,0.94,0.646,0.83,0.354,0.12,0.334,0.01,0.476
416,,0.93,0.636,0.82,0.344,0.11,0.324,0.0,0.466
417,,0.92,0.626,0.81,0.334,0.1,0.314,-0.01,0.456
418,7,0.91,0.333,0.4,0.041,0.09,0.587,0.99,0.729
419,7,0.9,0.04,-0.01,-0.252,0.08,0.86,1.0,1.0
420,4,0.607,0.03,0.263,0.748,0.353,0.85,0.707,0.59
421,4,0.314,0.02,0.536,1.0,0.626,0.84,0.414,0.18
422,,0.304,0.01,0.526,0.99,0.616,0.83,0.404,0.17
423,,0.294,0.0,0.516,0.98,0.606,0.82,0.394,0.16
424,,0.284,-0.01,0.506,0.97,0.596,0.81,0.384,0.15
425,2,0.557,0.99,0.779,0.96,0.303,0.4,0.091,0.14
426,2,0.83,1.0,1.0,0.95,0.01,-0.01,-0.202,0.13
427,7,0.82,0.707,0.59,0.657,0.0,0.263,0.798,0.403
428,7,0.81,0.414,0.18,0.364,-0.01,0.536,1.0,0.676
429,5,0.4,0.121,0.17,0.637,0.99,0.809,0.99,0.383
430,5,-0.01,-0.172,0.16,0.91,1.0,1.0,0.98,0.09
431,2,0.263,0.828,0.433,0.9,0.707,0.59,0.687,0.08
432,2,0.536,1.0,0.706,0.89,0.414,0.18,0.394,0.07
433,,0.526,0.99,0.696,0.88,0.404,0.17,0.384,0.06
434,,0.516,0.98,0.686,0.87,0.394,0.16,0.374,0.05
435,,0.506,0.97,0.676,0.86,0.384,0.15,0.364,0.04
436,,0.496,0.96,0.666,0.85,0.374,0.14,0.354,0.03
437,,0.486,0.95,0.656,0.84,0.364,0.13,0.344,0.02
438,,0.476,0.94,0.646,0.83,0.354,0.12,0.334,0.01
439,,0.466,0.93,0.636,0.82,0.344,0.11,0.324,0.0
440,,0.456,0.92,0.626,0.81,0.334,0.1,0.314,-0.01
441,8,0.729,0.91,0.333,0.4,0.041,0.09,0.587,0.99
442,8,1.0,0.9,0.04,-0.01,-0.252,0.08,0.86,1.0
443,5,0.59,0.607,0.03,0.263,0.748,0.353,0.85,0.707
444,5,0.18,0.314,0.02,0.536,1.0,0.626,0.84,0.414
445,,0.17,0.304,0.01,0.526,0.99,0.616,0.83,0.404
446,,0.16,0.294,0.0,0.516,0.98,0.606,0.82,0.394
447,,0.15,0.284,-0.01,0.506,0.97,0.596,0.81,0.384
448,3,0.14,0.557,0.99,0.779,0.96,0.303,0.4,0.091
449,3,0.13,0.83,1.0,1.0,0.95,0.01,-0.01,-0.202
450,8,0.403,0.82,0.707,0.59,0.657,0.0,0.263,0.798
451,8,0.676,0.81,0.414,0.18,0.364,-0.01,0.536,1.0
452,6,0.383,0.4,0.121,0.17,0.637,0.99,0.809,0.99
453,6,0.09,-0.01,-0.172,0.16,0.91,1.0,1.0,0.98
454,3,0.08,0.263,0.828,0.433,0.9,0.707,0.59,0.687
455,3,0.07,0.536,1.0,0.706,0.89,0.414,0.18,0.394
456,,0.06,0.526,0.99,0.696,0.88,0.404,0.17,0.384
457,,0.05,0.516,0.98,0.686,0.87,0.394,0.16,0.374
458,,0.04,0.506,0.97,0.676,0.86,0.384,0.15,0.364
459,,0.03,0.496,0.96,0.666,0.85,0.374,0.14,0.354
460,,0.02,0.486,0.95,0.656,0.84,0.364,0.13,0.344
461,,0.01,0.476,0.94,0.646,0.83,0.354,0.12,0.334
462,,0.0,0.466,0.93,0.636,0.82,0.344,0.11,0.324
463,,-0.01,0.456,0.92,0.626,0.81,0.334,0.1,0.314
464,1,0.99,0.729,0.91,0.333,0.4,0.041,0.09,0.587
465,1,1.0,1.0,0.9,0.04,-0.01,-0.252,0.08,0.86
466,6,0.707,0.59,0.607,0.03,0.263,0.748,0.353,0.85
467,6,0.414,0.18,0.314,0.02,0.536,1.0,0.626,0.84
468,,0.404,0.17,0.304,0.01,0.526,0.99,0.616,0.83
469,,0.394,0.16,0.294,0.0,0.516,0.98,0.606,0.82
470,,0.384,0.15,0.284,-0.01,0.506,0.97,0.596,0.81
471,4,0.091,0.14,0.557,0.99,0.779,0.96,0.303,0.4
472,4,-0.202,0.13,0.83,1.0,1.0,0.95,0.01,-0.01
473,1,0.798,0.403,0.82,0.707,0.59,0.657,0.0,0.263
474,1,1.0,0.676,0.81,0.414,0.18,0.364,-0.01,0.536
475,7,0.99,0.383,0.4,0.121,0.17,0.637,0.99,0.809
476,7,0.98,0.09,-0.01,-0.172,0.16,0.91,1.0,1.0
477,4,0.687,0.08,0.263,0.828,0.433,0.9,0.707,0.59
478,4,0.394,0.07,0.536,1.0,0.706,0.89,0.414,0.18
479,,0.384,0.06,0.526,0.99,0.696,0.88,0.404,0.17
480,,0.374,0.05,0.516,0.98,0.686,0.87,0.394,0.16
481,,0.364,0.04,0.506,0.97,0.676,0.86,0.384,0.15
482,,0.354,0.03,0.496,0.96,0.666,0.85,0.374,0.14
483,,0.344,0.02,0.486,0.95,0.656,0.84,0.364,0.13
484,,0.334,0.01,0.476,0.94,0.646,0.83,0.354,0.12
485,,0.324,0.0,0.466,0.93,0.636,0.82,0.344,0.11
486,,0.314,-0.01,0.456,0.92,0.626,0.81,0.334,0.1
487,2,0.587,0.99,0.729,0.91,0.333,0.4,0.041,0.09
488,2,0.86,1.0,1.0,0.9,0.04,-0.01,-0.252,0.08
489,7,0.85,0.707,0.59,0.607,0.03,0.263,0.748,0.353
490,7,0.84,0.414,0.18,0.314,0.02,0.536,1.0,0.626
491,,0.83,0.404,0.17,0.304,0.01,0.526,0.99,0.616
492,,0.82,0.394,0.16,0.294,0.0,0.516,0.98,0.606
493,,0.81,0.384,0.15,0.284,-0.01,0.506,0.97,0.596
494,5,0.4,0.091,0.14,0.557,0.99,0.779,0.96,0.303
495,5,-0.01,-0.202,0.13,0.83,1.0,1.0,0.95,0.01
496,2,0.263,0.798,0.403,0.82,0.707,0.59,0.657,0.0
497,2,0.536,1.0,0.676,0.81,0.414,0.18,0.364,-0.01
498,8,0.809,0.99,0.383,0.4,0.121,0.17,0.637,0.99
499,8,1.0,0.98,0.09,-0.01,-0.172,0.16,0.91,1.0
