step,active_motive,motive_1,motive_2,motive_3,motive_4,motive_5,motive_6,motive_7,motive_8
0,,0.19146,0.48586,0.42446,0.36086,0.11799,0.12803,0.02022,0.35533
1,,0.18146,0.47586,0.41446,0.35086,0.10799,0.11803,0.01022,0.34533
2,,0.17146,0.46586,0.40446,0.34086,0.09799,0.10803,0.00022,0.33533
3,,0.16146,0.45586,0.39446,0.33086,0.08799,0.09803,-0.00978,0.32533
4,7,0.15146,0.16286,-0.01554,0.03786,0.07799,0.37103,0.99022,0.59833
5,7,0.14146,-0.13014,-0.42554,-0.25514,0.06799,0.64403,1.0,0.87133
6,3,0.13146,0.14286,0.57446,0.01786,0.05799,0.35103,0.59,0.57833
7,3,0.12146,0.41586,1.0,0.29086,0.04799,0.05803,0.18,0.28533
8,,0.11146,0.40586,0.99,0.28086,0.03799,0.04803,0.17,0.27533
9,,0.10146,0.39586,0.98,0.27086,0.02799,0.03803,0.16,0.26533
10,,0.09146,0.38586,0.97,0.26086,0.01799,0.02803,0.15,0.25533
11,,0.08146,0.37586,0.96,0.25086,0.00799,0.01803,0.14,0.24533
12,,0.07146,0.36586,0.95,0.24086,-0.00201,0.00803,0.13,0.23533
13,5,-0.33854,0.07286,0.94,0.51386,0.99799,0.28103,0.12,-0.05767
14,5,-0.74854,-0.22014,0.93,0.78686,1.0,0.55403,0.11,-0.35067
15,1,0.25146,0.05286,0.92,0.49386,0.59,0.26103,0.1,-0.07767
16,1,1.0,0.32586,0.91,0.20086,0.18,-0.03197,0.09,0.19533
17,6,0.707,-0.08414,0.617,0.19086,0.453,0.96803,0.363,0.18533
18,6,0.414,-0.49414,0.324,0.18086,0.726,1.0,0.636,0.17533
19,2,0.687,0.50586,0.597,0.17086,0.433,0.59,0.343,0.16533
20,2,0.96,1.0,0.87,0.16086,0.14,0.18,0.05,0.15533
21,,0.95,0.99,0.86,0.15086,0.13,0.17,0.04,0.14533
22,,0.94,0.98,0.85,0.14086,0.12,0.16,0.03,0.13533
23,,0.93,0.97,0.84,0.13086,0.11,0.15,0.02,0.12533
24,,0.92,0.96,0.83,0.12086,0.1,0.14,0.01,0.11533
25,,0.91,0.95,0.82,0.11086,0.09,0.13,0.0,0.10533
26,,0.9,0.94,0.81,0.10086,0.08,0.12,-0.01,0.09533
27,7,0.89,0.647,0.4,-0.19214,0.07,0.393,0.99,0.36833
28,7,0.88,0.354,-0.01,-0.48514,0.06,0.666,1.0,0.64133
29,4,0.587,0.344,0.263,0.51486,0.333,0.656,0.707,0.23133
30,4,0.294,0.334,0.536,1.0,0.606,0.646,0.414,-0.17867
31,8,0.567,0.324,0.243,0.59,0.313,0.636,0.687,0.82133
32,8,0.84,0.314,-0.05,0.18,0.02,0.626,0.96,1.0
33,3,0.83,0.587,0.95,0.453,0.01,0.333,0.55,0.707
34,3,0.82,0.86,1.0,0.726,0.0,0.04,0.14,0.414
35,,0.81,0.85,0.99,0.716,-0.01,0.03,0.13,0.404
36,5,0.4,0.557,0.98,0.989,0.99,0.303,0.12,0.111
37,5,-0.01,0.264,0.97,1.0,1.0,0.576,0.11,-0.182
38,8,0.263,0.254,0.677,0.59,0.707,0.566,0.383,0.818
39,8,0.536,0.244,0.384,0.18,0.414,0.556,0.656,1.0
40,,0.526,0.234,0.374,0.17,0.404,0.546,0.646,0.99
41,,0.516,0.224,0.364,0.16,0.394,0.536,0.636,0.98
42,,0.506,0.214,0.354,0.15,0.384,0.526,0.626,0.97
43,,0.496,0.204,0.344,0.14,0.374,0.516,0.616,0.96
44,,0.486,0.194,0.334,0.13,0.364,0.506,0.606,0.95
45,,0.476,0.184,0.324,0.12,0.354,0.496,0.596,0.94
46,,0.466,0.174,0.314,0.11,0.344,0.486,0.586,0.93
47,,0.456,0.164,0.304,0.1,0.334,0.476,0.576,0.92
48,,0.446,0.154,0.294,0.09,0.324,0.466,0.566,0.91
49,,0.436,0.144,0.284,0.08,0.314,0.456,0.556,0.9
50,,0.426,0.134,0.274,0.07,0.304,0.446,0.546,0.89
51,,0.416,0.124,0.264,0.06,0.294,0.436,0.536,0.88
52,,0.406,0.114,0.254,0.05,0.284,0.426,0.526,0.87
53,,0.396,0.104,0.244,0.04,0.274,0.416,0.516,0.86
54,,0.386,0.094,0.234,0.03,0.264,0.406,0.506,0.85
55,,0.376,0.084,0.224,0.02,0.254,0.396,0.496,0.84
56,,0.366,0.074,0.214,0.01,0.244,0.386,0.486,0.83
57,,0.356,0.064,0.204,0.0,0.234,0.376,0.476,0.82
58,,0.346,0.054,0.194,-0.01,0.224,0.366,0.466,0.81
59,4,0.053,0.044,0.467,0.99,0.497,0.356,0.173,0.4
60,4,-0.24,0.034,0.74,1.0,0.77,0.346,-0.12,-0.01
61,1,0.76,0.307,0.73,0.707,0.36,0.053,-0.13,0.263
62,1,1.0,0.58,0.72,0.414,-0.05,-0.24,-0.14,0.536
63,6,0.707,0.17,0.427,0.404,0.223,0.76,0.133,0.526
64,6,0.414,-0.24,0.134,0.394,0.496,1.0,0.406,0.516
65,2,0.687,0.76,0.407,0.384,0.203,0.59,0.113,0.506
66,2,0.96,1.0,0.68,0.374,-0.09,0.18,-0.18,0.496
67,7,0.95,0.707,0.27,0.081,-0.1,0.453,0.82,0.769
68,7,0.94,0.414,-0.14,-0.212,-0.11,0.726,1.0,1.0
69,4,0.647,0.404,0.133,0.788,0.163,0.716,0.707,0.59
70,4,0.354,0.394,0.406,1.0,0.436,0.706,0.414,0.18
71,,0.344,0.384,0.396,0.99,0.426,0.696,0.404,0.17
72,,0.334,0.374,0.386,0.98,0.416,0.686,0.394,0.16
73,,0.324,0.364,0.376,0.97,0.406,0.676,0.384,0.15
74,,0.314,0.354,0.366,0.96,0.396,0.666,0.374,0.14
75,,0.304,0.344,0.356,0.95,0.386,0.656,0.364,0.13
76,,0.294,0.334,0.346,0.94,0.376,0.646,0.354,0.12
77,,0.284,0.324,0.336,0.93,0.366,0.636,0.344,0.11
78,,0.274,0.314,0.326,0.92,0.356,0.626,0.334,0.1
79,,0.264,0.304,0.316,0.91,0.346,0.616,0.324,0.09
80,,0.254,0.294,0.306,0.9,0.336,0.606,0.314,0.08
81,,0.244,0.284,0.296,0.89,0.326,0.596,0.304,0.07
82,,0.234,0.274,0.286,0.88,0.316,0.586,0.294,0.06
83,,0.224,0.264,0.276,0.87,0.306,0.576,0.284,0.05
84,,0.214,0.254,0.266,0.86,0.296,0.566,0.274,0.04
85,,0.204,0.244,0.256,0.85,0.286,0.556,0.264,0.03
86,,0.194,0.234,0.246,0.84,0.276,0.546,0.254,0.02
87,,0.184,0.224,0.236,0.83,0.266,0.536,0.244,0.01
88,,0.174,0.214,0.226,0.82,0.256,0.526,0.234,0.0
89,,0.164,0.204,0.216,0.81,0.246,0.516,0.224,-0.01
90,8,0.437,0.194,-0.077,0.4,-0.047,0.506,0.497,0.99
91,8,0.71,0.184,-0.37,-0.01,-0.34,0.496,0.77,1.0
92,3,0.7,0.457,0.63,0.263,-0.35,0.203,0.36,0.707
93,3,0.69,0.73,1.0,0.536,-0.36,-0.09,-0.05,0.414
94,5,0.28,0.437,0.99,0.809,0.64,0.183,-0.06,0.121
95,5,-0.13,0.144,0.98,1.0,1.0,0.456,-0.07,-0.172
96,8,0.143,0.134,0.687,0.59,0.707,0.446,0.203,0.828
97,8,0.416,0.124,0.394,0.18,0.414,0.436,0.476,1.0
98,,0.406,0.114,0.384,0.17,0.404,0.426,0.466,0.99
99,,0.396,0.104,0.374,0.16,0.394,0.416,0.456,0.98
100,,0.386,0.094,0.364,0.15,0.384,0.406,0.446,0.97
101,,0.376,0.084,0.354,0.14,0.374,0.396,0.436,0.96
102,,0.366,0.074,0.344,0.13,0.364,0.386,0.426,0.95
103,,0.356,0.064,0.334,0.12,0.354,0.376,0.416,0.94
104,,0.346,0.054,0.324,0.11,0.344,0.366,0.406,0.93
105,,0.336,0.044,0.314,0.1,0.334,0.356,0.396,0.92
106,,0.326,0.034,0.304,0.09,0.324,0.346,0.386,0.91
107,,0.316,0.024,0.294,0.08,0.314,0.336,0.376,0.9
108,,0.306,0.014,0.284,0.07,0.304,0.326,0.366,0.89
109,,0.296,0.004,0.274,0.06,0.294,0.316,0.356,0.88
110,,0.286,-0.006,0.264,0.05,0.284,0.306,0.346,0.87
111,2,0.559,0.994,0.537,0.04,-0.009,-0.104,0.053,0.86
112,2,0.832,1.0,0.81,0.03,-0.302,-0.514,-0.24,0.85
113,6,0.539,0.59,0.517,0.02,-0.029,0.486,0.033,0.84
114,6,0.246,0.18,0.224,0.01,0.244,1.0,0.306,0.83
115,,0.236,0.17,0.214,0.0,0.234,0.99,0.296,0.82
116,,0.226,0.16,0.204,-0.01,0.224,0.98,0.286,0.81
117,4,-0.067,0.15,0.477,0.99,0.497,0.97,-0.007,0.4
118,4,-0.36,0.14,0.75,1.0,0.77,0.96,-0.3,-0.01
119,1,0.64,0.413,0.74,0.707,0.36,0.667,-0.31,0.263
120,1,1.0,0.686,0.73,0.414,-0.05,0.374,-0.32,0.536
121,7,0.99,0.393,0.32,0.121,-0.06,0.647,0.68,0.809
122,7,0.98,0.1,-0.09,-0.172,-0.07,0.92,1.0,1.0
123,4,0.687,0.09,0.183,0.828,0.203,0.91,0.707,0.59
124,4,0.394,0.08,0.456,1.0,0.476,0.9,0.414,0.18
125,,0.384,0.07,0.446,0.99,0.466,0.89,0.404,0.17
126,,0.374,0.06,0.436,0.98,0.456,0.88,0.394,0.16
127,,0.364,0.05,0.426,0.97,0.446,0.87,0.384,0.15
128,,0.354,0.04,0.416,0.96,0.436,0.86,0.374,0.14
129,,0.344,0.03,0.406,0.95,0.426,0.85,0.364,0.13
130,,0.334,0.02,0.396,0.94,0.416,0.84,0.354,0.12
131,,0.324,0.01,0.386,0.93,0.406,0.83,0.344,0.11
132,,0.314,0.0,0.376,0.92,0.396,0.82,0.334,0.1
133,,0.304,-0.01,0.366,0.91,0.386,0.81,0.324,0.09
134,2,0.577,0.99,0.639,0.9,0.093,0.4,0.031,0.08
135,2,0.85,1.0,0.912,0.89,-0.2,-0.01,-0.262,0.07
136,7,0.84,0.707,0.502,0.597,-0.21,0.263,0.738,0.343
137,7,0.83,0.414,0.092,0.304,-0.22,0.536,1.0,0.616
138,5,0.42,0.121,0.082,0.577,0.78,0.809,0.99,0.323
139,5,0.01,-0.172,0.072,0.85,1.0,1.0,0.98,0.03
140,2,0.283,0.828,0.345,0.84,0.707,0.59,0.687,0.02
141,2,0.556,1.0,0.618,0.83,0.414,0.18,0.394,0.01
142,,0.546,0.99,0.608,0.82,0.404,0.17,0.384,0.0
143,,0.536,0.98,0.598,0.81,0.394,0.16,0.374,-0.01
144,8,0.809,0.97,0.305,0.4,0.101,0.15,0.647,0.99
145,8,1.0,0.96,0.012,-0.01,-0.192,0.14,0.92,1.0
146,5,0.59,0.667,0.002,0.263,0.808,0.413,0.91,0.707
147,5,0.18,0.374,-0.008,0.536,1.0,0.686,0.9,0.414
148,3,0.17,0.647,0.992,0.809,0.99,0.393,0.49,0.121
149,3,0.16,0.92,1.0,1.0,0.98,0.1,0.08,-0.172
150,8,0.433,0.91,0.707,0.59,0.687,0.09,0.353,0.828
151,8,0.706,0.9,0.414,0.18,0.394,0.08,0.626,1.0
152,,0.696,0.89,0.404,0.17,0.384,0.07,0.616,0.99
153,,0.686,0.88,0.394,0.16,0.374,0.06,0.606,0.98
154,,0.676,0.87,0.384,0.15,0.364,0.05,0.596,0.97
155,,0.666,0.86,0.374,0.14,0.354,0.04,0.586,0.96
156,,0.656,0.85,0.364,0.13,0.344,0.03,0.576,0.95
157,,0.646,0.84,0.354,0.12,0.334,0.02,0.566,0.94
158,,0.636,0.83,0.344,0.11,0.324,0.01,0.556,0.93
159,,0.626,0.82,0.334,0.1,0.314,0.0,0.546,0.92
160,,0.616,0.81,0.324,0.09,0.304,-0.01,0.536,0.91
161,6,0.323,0.4,0.031,0.08,0.577,0.99,0.809,0.9
162,6,0.03,-0.01,-0.262,0.07,0.85,1.0,1.0,0.89
163,3,0.02,0.263,0.738,0.343,0.84,0.707,0.59,0.597
164,3,0.01,0.536,1.0,0.616,0.83,0.414,0.18,0.304
165,,0.0,0.526,0.99,0.606,0.82,0.404,0.17,0.294
166,,-0.01,0.516,0.98,0.596,0.81,0.394,0.16,0.284
167,1,0.99,0.789,0.97,0.303,0.4,0.101,0.15,0.557
168,1,1.0,1.0,0.96,0.01,-0.01,-0.192,0.14,0.83
169,6,0.707,0.59,0.667,0.0,0.263,0.808,0.413,0.82
170,6,0.414,0.18,0.374,-0.01,0.536,1.0,0.686,0.81
171,4,0.121,0.17,0.647,0.99,0.809,0.99,0.393,0.4
172,4,-0.172,0.16,0.92,1.0,1.0,0.98,0.1,-0.01
173,1,0.828,0.433,0.91,0.707,0.59,0.687,0.09,0.263
174,1,1.0,0.706,0.9,0.414,0.18,0.394,0.08,0.536
175,,0.99,0.696,0.89,0.404,0.17,0.384,0.07,0.526
176,,0.98,0.686,0.88,0.394,0.16,0.374,0.06,0.516
177,,0.97,0.676,0.87,0.384,0.15,0.364,0.05,0.506
178,,0.96,0.666,0.86,0.374,0.14,0.354,0.04,0.496
179,,0.95,0.656,0.85,0.364,0.13,0.344,0.03,0.486
180,,0.94,0.646,0.84,0.354,0.12,0.334,0.02,0.476
181,,0.93,0.636,0.83,0.344,0.11,0.324,0.01,0.466
182,,0.92,0.626,0.82,0.334,0.1,0.314,0.0,0.456
183,,0.91,0.616,0.81,0.324,0.09,0.304,-0.01,0.446
184,7,0.9,0.323,0.4,0.031,0.08,0.577,0.99,0.719
185,7,0.89,0.03,-0.01,-0.262,0.07,0.85,1.0,0.992
186,4,0.597,0.02,0.263,0.738,0.343,0.84,0.707,0.582
187,4,0.304,0.01,0.536,1.0,0.616,0.83,0.414,0.172
188,,0.294,0.0,0.526,0.99,0.606,0.82,0.404,0.162
189,,0.284,-0.01,0.516,0.98,0.596,0.81,0.394,0.152
190,2,0.557,0.99,0.789,0.97,0.303,0.4,0.101,0.142
191,2,0.83,1.0,1.0,0.96,0.01,-0.01,-0.192,0.132
192,7,0.82,0.707,0.59,0.667,0.0,0.263,0.808,0.405
193,7,0.81,0.414,0.18,0.374,-0.01,0.536,1.0,0.678
194,5,0.4,0.121,0.17,0.647,0.99,0.809,0.99,0.385
195,5,-0.01,-0.172,0.16,0.92,1.0,1.0,0.98,0.092
196,2,0.263,0.828,0.433,0.91,0.707,0.59,0.687,0.082
197,2,0.536,1.0,0.706,0.9,0.414,0.18,0.394,0.072
198,,0.526,0.99,0.696,0.89,0.404,0.17,0.384,0.062
199,,0.516,0.98,0.686,0.88,0.394,0.16,0.374,0.052
200,,0.506,0.97,0.676,0.87,0.384,0.15,0.364,0.042
201,,0.496,0.96,0.666,0.86,0.374,0.14,0.354,0.032
202,,0.486,0.95,0.656,0.85,0.364,0.13,0.344,0.022
203,,0.476,0.94,0.646,0.84,0.354,0.12,0.334,0.012
204,,0.466,0.93,0.636,0.83,0.344,0.11,0.324,0.002
205,,0.456,0.92,0.626,0.82,0.334,0.1,0.314,-0.008
206,8,0.729,0.91,0.333,0.41,0.041,0.09,0.587,0.992
207,8,1.0,0.9,0.04,-0.0,-0.252,0.08,0.86,1.0
208,5,0.59,0.607,0.03,0.273,0.748,0.353,0.85,0.707
209,5,0.18,0.314,0.02,0.546,1.0,0.626,0.84,0.414
210,,0.17,0.304,0.01,0.536,0.99,0.616,0.83,0.404
211,,0.16,0.294,0.0,0.526,0.98,0.606,0.82,0.394
212,,0.15,0.284,-0.01,0.516,0.97,0.596,0.81,0.384
213,3,0.14,0.557,0.99,0.789,0.96,0.303,0.4,0.091
214,3,0.13,0.83,1.0,1.0,0.95,0.01,-0.01,-0.202
215,8,0.403,0.82,0.707,0.59,0.657,0.0,0.263,0.798
216,8,0.676,0.81,0.414,0.18,0.364,-0.01,0.536,1.0
217,6,0.383,0.4,0.121,0.17,0.637,0.99,0.809,0.99
218,6,0.09,-0.01,-0.172,0.16,0.91,1.0,1.0,0.98
219,3,0.08,0.263,0.828,0.433,0.9,0.707,0.59,0.687
220,3,0.07,0.536,1.0,0.706,0.89,0.414,0.18,0.394
221,,0.06,0.526,0.99,0.696,0.88,0.404,0.17,0.384
222,,0.05,0.516,0.98,0.686,0.87,0.394,0.16,0.374
223,,0.04,0.506,0.97,0.676,0.86,0.384,0.15,0.364
224,,0.03,0.496,0.96,0.666,0.85,0.374,0.14,0.354
225,,0.02,0.486,0.95,0.656,0.84,0.364,0.13,0.344
226,,0.01,0.476,0.94,0.646,0.83,0.354,0.12,0.334
227,,0.0,0.466,0.93,0.636,0.82,0.344,0.11,0.324
228,,-0.01,0.456,0.92,0.626,0.81,0.334,0.1,0.314
229,1,0.99,0.729,0.91,0.333,0.4,0.041,0.09,0.587
230,1,1.0,1.0,0.9,0.04,-0.01,-0.252,0.08,0.86
231,6,0.707,0.59,0.607,0.03,0.263,0.748,0.353,0.85
232,6,0.414,0.18,0.314,0.02,0.536,1.0,0.626,0.84
233,,0.404,0.17,0.304,0.01,0.526,0.99,0.616,0.83
234,,0.394,0.16,0.294,0.0,0.516,0.98,0.606,0.82
235,,0.384,0.15,0.284,-0.01,0.506,0.97,0.596,0.81
236,4,0.091,0.14,0.557,0.99,0.779,0.96,0.303,0.4
237,4,-0.202,0.13,0.83,1.0,1.0,0.95,0.01,-0.01
238,1,0.798,0.403,0.82,0.707,0.59,0.657,0.0,0.263
239,1,1.0,0.676,0.81,0.414,0.18,0.364,-0.01,0.536
240,7,0.99,0.383,0.4,0.121,0.17,0.637,0.99,0.809
241,7,0.98,0.09,-0.01,-0.172,0.16,0.91,1.0,1.0
242,4,0.687,0.08,0.263,0.828,0.433,0.9,0.707,0.59
243,4,0.394,0.07,0.536,1.0,0.706,0.89,0.414,0.18
244,,0.384,0.06,0.526,0.99,0.696,0.88,0.404,0.17
245,,0.374,0.05,0.516,0.98,0.686,0.87,0.394,0.16
246,,0.364,0.04,0.506,0.97,0.676,0.86,0.384,0.15
247,,0.354,0.03,0.496,0.96,0.666,0.85,0.374,0.14
248,,0.344,0.02,0.486,0.95,0.656,0.84,0.364,0.13
249,,0.334,0.01,0.476,0.94,0.646,0.83,0.354,0.12
250,,0.324,0.0,0.466,0.93,0.636,0.82,0.344,0.11
251,,0.314,-0.01,0.456,0.92,0.626,0.81,0.334,0.1
252,2,0.587,0.99,0.729,0.91,0.333,0.4,0.041,0.09
253,2,0.86,1.0,1.0,0.9,0.04,-0.01,-0.252,0.08
254,7,0.85,0.707,0.59,0.607,0.03,0.263,0.748,0.353
255,7,0.84,0.414,0.18,0.314,0.02,0.536,1.0,0.626
256,,0.83,0.404,0.17,0.304,0.01,0.526,0.99,0.616
257,,0.82,0.394,0.16,0.294,0.0,0.516,0.98,0.606
258,,0.81,0.384,0.15,0.284,-0.01,0.506,0.97,0.596
259,5,0.4,0.091,0.14,0.557,0.99,0.779,0.96,0.303
260,5,-0.01,-0.202,0.13,0.83,1.0,1.0,0.95,0.01
261,2,0.263,0.798,0.403,0.82,0.707,0.59,0.657,0.0
262,2,0.536,1.0,0.676,0.81,0.414,0.18,0.364,-0.01
263,8,0.809,0.99,0.383,0.4,0.121,0.17,0.637,0.99
264,8,1.0,0.98,0.09,-0.01,-0.172,0.16,0.91,1.0
265,5,0.59,0.687,0.08,0.263,0.828,0.433,0.9,0.707
266,5,0.18,0.394,0.07,0.536,1.0,0.706,0.89,0.414
267,,0.17,0.384,0.06,0.526,0.99,0.696,0.88,0.404
268,,0.16,0.374,0.05,0.516,0.98,0.686,0.87,0.394
269,,0.15,0.364,0.04,0.506,0.97,0.676,0.86,0.384
270,,0.14,0.354,0.03,0.496,0.96,0.666,0.85,0.374
271,,0.13,0.344,0.02,0.486,0.95,0.656,0.84,0.364
272,,0.12,0.334,0.01,0.476,0.94,0.646,0.83,0.354
273,,0.11,0.324,0.0,0.466,0.93,0.636,0.82,0.344
274,,0.1,0.314,-0.01,0.456,0.92,0.626,0.81,0.334
275,3,0.09,0.587,0.99,0.729,0.91,0.333,0.4,0.041
276,3,0.08,0.86,1.0,1.0,0.9,0.04,-0.01,-0.252
277,8,0.353,0.85,0.707,0.59,0.607,0.03,0.263,0.748
278,8,0.626,0.84,0.414,0.18,0.314,0.02,0.536,1.0
279,,0.616,0.83,0.404,0.17,0.304,0.01,0.526,0.99
280,,0.606,0.82,0.394,0.16,0.294,0.0,0.516,0.98
281,,0.596,0.81,0.384,0.15,0.284,-0.01,0.506,0.97
282,6,0.303,0.4,0.091,0.14,0.557,0.99,0.779,0.96
283,6,0.01,-0.01,-0.202,0.13,0.83,1.0,1.0,0.95
284,3,0.0,0.263,0.798,0.403,0.82,0.707,0.59,0.657
285,3,-0.01,0.536,1.0,0.676,0.81,0.414,0.18,0.364
286,1,0.99,0.809,0.99,0.383,0.4,0.121,0.17,0.637
287,1,1.0,1.0,0.98,0.09,-0.01,-0.172,0.16,0.91
288,6,0.707,0.59,0.687,0.08,0.263,0.828,0.433,0.9
289,6,0.414,0.18,0.394,0.07,0.536,1.0,0.706,0.89
290,,0.404,0.17,0.384,0.06,0.526,0.99,0.696,0.88
291,,0.394,0.16,0.374,0.05,0.516,0.98,0.686,0.87
292,,0.384,0.15,0.364,0.04,0.506,0.97,0.676,0.86
293,,0.374,0.14,0.354,0.03,0.496,0.96,0.666,0.85
294,,0.364,0.13,0.344,0.02,0.486,0.95,0.656,0.84
295,,0.354,0.12,0.334,0.01,0.476,0.94,0.646,0.83
296,,0.344,0.11,0.324,0.0,0.466,0.93,0.636,0.82
297,,0.334,0.1,0.314,-0.01,0.456,0.92,0.626,0.81
298,4,0.041,0.09,0.587,0.99,0.729,0.91,0.333,0.4
299,4,-0.252,0.08,0.86,1.0,1.0,0.9,0.04,-0.01
300,1,0.748,0.353,0.85,0.707,0.59,0.607,0.03,0.263
301,1,1.0,0.626,0.84,0.414,0.18,0.314,0.02,0.536
302,,0.99,0.616,0.83,0.404,0.17,0.304,0.01,0.526
303,,0.98,0.606,0.82,0.394,0.16,0.294,0.0,0.516
304,,0.97,0.596,0.81,0.384,0.15,0.284,-0.01,0.506
305,7,0.96,0.303,0.4,0.091,0.14,0.557,0.99,0.779
306,7,0.95,0.01,-0.01,-0.202,0.13,0.83,1.0,1.0
307,4,0.657,0.0,0.263,0.798,0.403,0.82,0.707,0.59
308,4,0.364,-0.01,0.536,1.0,0.676,0.81,0.414,0.18
309,2,0.637,0.99,0.809,0.99,0.383,0.4,0.121,0.17
310,2,0.91,1.0,1.0,0.98,0.09,-0.01,-0.172,0.16
311,7,0.9,0.707,0.59,0.687,0.08,0.263,0.828,0.433
312,7,0.89,0.414,0.18,0.394,0.07,0.536,1.0,0.706
313,,0.88,0.404,0.17,0.384,0.06,0.526,0.99,0.696
314,,0.87,0.394,0.16,0.374,0.05,0.516,0.98,0.686
315,,0.86,0.384,0.15,0.364,0.04,0.506,0.97,0.676
316,,0.85,0.374,0.14,0.354,0.03,0.496,0.96,0.666
317,,0.84,0.364,0.13,0.344,0.02,0.486,0.95,0.656
318,,0.83,0.354,0.12,0.334,0.01,0.476,0.94,0.646
319,,0.82,0.344,0.11,0.324,0.0,0.466,0.93,0.636
320,,0.81,0.334,0.1,0.314,-0.01,0.456,0.92,0.626
321,5,0.4,0.041,0.09,0.587,0.99,0.729,0.91,0.333
322,5,-0.01,-0.252,0.08,0.86,1.0,1.0,0.9,0.04
323,2,0.263,0.748,0.353,0.85,0.707,0.59,0.607,0.03
324,2,0.536,1.0,0.626,0.84,0.414,0.18,0.314,0.02
325,,0.526,0.99,0.616,0.83,0.404,0.17,0.304,0.01
326,,0.516,0.98,0.606,0.82,0.394,0.16,0.294,0.0
327,,0.506,0.97,0.596,0.81,0.384,0.15,0.284,-0.01
328,8,0.779,0.96,0.303,0.4,0.091,0.14,0.557,0.99
329,8,1.0,0.95,0.01,-0.01,-0.202,0.13,0.83,1.0
330,5,0.59,0.657,0.0,0.263,0.798,0.403,0.82,0.707
331,5,0.18,0.364,-0.01,0.536,1.0,0.676,0.81,0.414
332,3,0.17,0.637,0.99,0.809,0.99,0.383,0.4,0.121
333,3,0.16,0.91,1.0,1.0,0.98,0.09,-0.01,-0.172
334,8,0.433,0.9,0.707,0.59,0.687,0.08,0.263,0.828
335,8,0.706,0.89,0.414,0.18,0.394,0.07,0.536,1.0
336,,0.696,0.88,0.404,0.17,0.384,0.06,0.526,0.99
337,,0.686,0.87,0.394,0.16,0.374,0.05,0.516,0.98
338,,0.676,0.86,0.384,0.15,0.364,0.04,0.506,0.97
339,,0.666,0.85,0.374,0.14,0.354,0.03,0.496,0.96
340,,0.656,0.84,0.364,0.13,0.344,0.02,0.486,0.95
341,,0.646,0.83,0.354,0.12,0.334,0.01,0.476,0.94
342,,0.636,0.82,0.344,0.11,0.324,0.0,0.466,0.93
343,,0.626,0.81,0.334,0.1,0.314,-0.01,0.456,0.92
344,6,0.333,0.4,0.041,0.09,0.587,0.99,0.729,0.91
345,6,0.04,-0.01,-0.252,0.08,0.86,1.0,1.0,0.9
346,3,0.03,0.263,0.748,0.353,0.85,0.707,0.59,0.607
347,3,0.02,0.536,1.0,0.626,0.84,0.414,0.18,0.314
348,,0.01,0.526,0.99,0.616,0.83,0.404,0.17,0.304
349,,0.0,0.516,0.98,0.606,0.82,0.394,0.16,0.294
350,,-0.01,0.506,0.97,0.596,0.81,0.384,0.15,0.284
351,1,0.99,0.779,0.96,0.303,0.4,0.091,0.14,0.557
352,1,1.0,1.0,0.95,0.01,-0.01,-0.202,0.13,0.83
353,6,0.707,0.59,0.657,0.0,0.263,0.798,0.403,0.82
354,6,0.414,0.18,0.364,-0.01,0.536,1.0,0.676,0.81
355,4,0.121,0.17,0.637,0.99,0.809,0.99,0.383,0.4
356,4,-0.172,0.16,0.91,1.0,1.0,0.98,0.09,-0.01
357,1,0.828,0.433,0.9,0.707,0.59,0.687,0.08,0.263
358,1,1.0,0.706,0.89,0.414,0.18,0.394,0.07,0.536
359,,0.99,0.696,0.88,0.404,0.17,0.384,0.06,0.526
360,,0.98,0.686,0.87,0.394,0.16,0.374,0.05,0.516
361,,0.97,0.676,0.86,0.384,0.15,0.364,0.04,0.506
362,,0.96,0.666,0.85,0.374,0.14,0.354,0.03,0.496
363,,0.95,0.656,0.84,0.364,0.13,0.344,0.02,0.486
364,,0.94,0.646,0.83,0.354,0.12,0.334,0.01,0.476
365,,0.93,0.636,0.82,0.344,0.11,0.324,0.0,0.466
366,,0.92,0.626,0.81,0.334,0.1,0.314,-0.01,0.456
367,7,0.91,0.333,0.4,0.041,0.09,0.587,0.99,0.729
368,7,0.9,0.04,-0.01,-0.252,0.08,0.86,1.0,1.0
369,4,0.607,0.03,0.263,0.748,0.353,0.85,0.707,0.59
370,4,0.314,0.02,0.536,1.0,0.626,0.84,0.414,0.18
371,,0.304,0.01,0.526,0.99,0.616,0.83,0.404,0.17
372,,0.294,0.0,0.516,0.98,0.606,0.82,0.394,0.16
373,,0.284,-0.01,0.506,0.97,0.596,0.81,0.384,0.15
374,2,0.557,0.99,0.779,0.96,0.303,0.4,0.091,0.14
375,2,0.83,1.0,1.0,0.95,0.01,-0.01,-0.202,0.13
376,7,0.82,0.707,0.59,0.657,0.0,0.263,0.798,0.403
377,7,0.81,0.414,0.18,0.364,-0.01,0.536,1.0,0.676
378,5,0.4,0.121,0.17,0.637,0.99,0.809,0.99,0.383
379,5,-0.01,-0.172,0.16,0.91,1.0,1.0,0.98,0.09
380,2,0.263,0.828,0.433,0.9,0.707,0.59,0.687,0.08
381,2,0.536,1.0,0.706,0.89,0.414,0.18,0.394,0.07
382,,0.526,0.99,0.696,0.88,0.404,0.17,0.384,0.06
383,,0.516,0.98,0.686,0.87,0.394,0.16,0.374,0.05
384,,0.506,0.97,0.676,0.86,0.384,0.15,0.364,0.04
385,,0.496,0.96,0.666,0.85,0.374,0.14,0.354,0.03
386,,0.486,0.95,0.656,0.84,0.364,0.13,0.344,0.02
387,,0.476,0.94,0.646,0.83,0.354,0.12,0.334,0.01
388,,0.466,0.93,0.636,0.82,0.344,0.11,0.324,0.0
389,,0.456,0.92,0.626,0.81,0.334,0.1,0.314,-0.01
390,8,0.729,0.91,0.333,0.4,0.041,0.09,0.587,0.99
391,8,1.0,0.9,0.04,-0.01,-0.252,0.08,0.86,1.0
392,5,0.59,0.607,0.03,0.263,0.748,0.353,0.85,0.707
393,5,0.18,0.314,0.02,0.536,1.0,0.626,0.84,0.414
394,,0.17,0.304,0.01,0.526,0.99,0.616,0.83,0.404
395,,0.16,0.294,0.0,0.516,0.98,0.606,0.82,0.394
396,,0.15,0.284,-0.01,0.506,0.97,0.596,0.81,0.384
397,3,0.14,0.557,0.99,0.779,0.96,0.303,0.4,0.091
398,3,0.13,0.83,1.0,1.0,0.95,0.01,-0.01,-0.202
399,8,0.403,0.82,0.707,0.59,0.657,0.0,0.263,0.798
400,8,0.676,0.81,0.414,0.18,0.364,-0.01,0.536,1.0
401,6,0.383,0.4,0.121,0.17,0.637,0.99,0.809,0.99
402,6,0.09,-0.01,-0.172,0.16,0.91,1.0,1.0,0.98
403,3,0.08,0.263,0.828,0.433,0.9,0.707,0.59,0.687
404,3,0.07,0.536,1.0,0.706,0.89,0.414,0.18,0.394
405,,0.06,0.526,0.99,0.696,0.88,0.404,0.17,0.384
406,,0.05,0.516,0.98,0.686,0.87,0.394,0.16,0.374
407,,0.04,0.506,0.97,0.676,0.86,0.384,0.15,0.364
408,,0.03,0.496,0.96,0.666,0.85,0.374,0.14,0.354
409,,0.02,0.486,0.95,0.656,0.84,0.364,0.13,0.344
410,,0.01,0.476,0.94,0.646,0.83,0.354,0.12,0.334
411,,0.0,0.466,0.93,0.636,0.82,0.344,0.11,0.324
412,,-0.01,0.456,0.92,0.626,0.81,0.334,0.1,0.314
413,1,0.99,0.729,0.91,0.333,0.4,0.041,0.09,0.587
414,1,1.0,1.0,0.9,0.04,-0.01,-0.252,0.08,0.86
415,6,0.707,0.59,0.607,0.03,0.263,0.748,0.353,0.85
416,6,0.414,0.18,0.314,0.02,0.536,1.0,0.626,0.84
417,,0.404,0.17,0.304,0.01,0.526,0.99,0.616,0.83
418,,0.394,0.16,0.294,0.0,0.516,0.98,0.606,0.82
419,,0.384,0.15,0.284,-0.01,0.506,0.97,0.596,0.81
420,4,0.091,0.14,0.557,0.99,0.779,0.96,0.303,0.4
421,4,-0.202,0.13,0.83,1.0,1.0,0.95,0.01,-0.01
422,1,0.798,0.403,0.82,0.707,0.59,0.657,0.0,0.263
423,1,1.0,0.676,0.81,0.414,0.18,0.364,-0.01,0.536
424,7,0.99,0.383,0.4,0.121,0.17,0.637,0.99,0.809
425,7,0.98,0.09,-0.01,-0.172,0.16,0.91,1.0,1.0
426,4,0.687,0.08,0.263,0.828,0.433,0.9,0.707,0.59
427,4,0.394,0.07,0.536,1.0,0.706,0.89,0.414,0.18
428,,0.384,0.06,0.526,0.99,0.696,0.88,0.404,0.17
429,,0.374,0.05,0.516,0.98,0.686,0.87,0.394,0.16
430,,0.364,0.04,0.506,0.97,0.676,0.86,0.384,0.15
431,,0.354,0.03,0.496,0.96,0.666,0.85,0.374,0.14
432,,0.344,0.02,0.486,0.95,0.656,0.84,0.364,0.13
433,,0.334,0.01,0.476,0.94,0.646,0.83,0.354,0.12
434,,0.324,0.0,0.466,0.93,0.636,0.82,0.344,0.11
435,,0.314,-0.01,0.456,0.92,0.626,0.81,0.334,0.1
436,2,0.587,0.99,0.729,0.91,0.333,0.4,0.041,0.09
437,2,0.86,1.0,1.0,0.9,0.04,-0.01,-0.252,0.08
438,7,0.85,0.707,0.59,0.607,0.03,0.263,0.748,0.353
439,7,0.84,0.414,0.18,0.314,0.02,0.536,1.0,0.626
440,,0.83,0.404,0.17,0.304,0.01,0.526,0.99,0.616
441,,0.82,0.394,0.16,0.294,0.0,0.516,0.98,0.606
442,,0.81,0.384,0.15,0.284,-0.01,0.506,0.97,0.596
443,5,0.4,0.091,0.14,0.557,0.99,0.779,0.96,0.303
444,5,-0.01,-0.202,0.13,0.83,1.0,1.0,0.95,0.01
445,2,0.263,0.798,0.403,0.82,0.707,0.59,0.657,0.0
446,2,0.536,1.0,0.676,0.81,0.414,0.18,0.364,-0.01
447,8,0.809,0.99,0.383,0.4,0.121,0.17,0.637,0.99
448,8,1.0,0.98,0.09,-0.01,-0.172,0.16,0.91,1.0
449,5,0.59,0.687,0.08,0.263,0.828,0.433,0.9,0.707
450,5,0.18,0.394,0.07,0.536,1.0,0.706,0.89,0.414
451,,0.17,0.384,0.06,0.526,0.99,0.696,0.88,0.404
452,,0.16,0.374,0.05,0.516,0.98,0.686,0.87,0.394
453,,0.15,0.364,0.04,0.506,0.97,0.676,0.86,0.384
454,,0.14,0.354,0.03,0.496,0.96,0.666,0.85,0.374
455,,0.13,0.344,0.02,0.486,0.95,0.656,0.84,0.364
456,,0.12,0.334,0.01,0.476,0.94,0.646,0.83,0.354
457,,0.11,0.324,0.0,0.466,0.93,0.636,0.82,0.344
458,,0.1,0.314,-0.01,0.456,0.92,0.626,0.81,0.334
459,3,0.09,0.587,0.99,0.729,0.91,0.333,0.4,0.041
460,3,0.08,0.86,1.0,1.0,0.9,0.04,-0.01,-0.252
461,8,0.353,0.85,0.707,0.59,0.607,0.03,0.263,0.748
462,8,0.626,0.84,0.414,0.18,0.314,0.02,0.536,1.0
463,,0.616,0.83,0.404,0.17,0.304,0.01,0.526,0.99
464,,0.606,0.82,0.394,0.16,0.294,0.0,0.516,0.98
465,,0.596,0.81,0.384,0.15,0.284,-0.01,0.506,0.97
466,6,0.303,0.4,0.091,0.14,0.557,0.99,0.779,0.96
467,6,0.01,-0.01,-0.202,0.13,0.83,1.0,1.0,0.95
468,3,0.0,0.263,0.798,0.403,0.82,0.707,0.59,0.657
469,3,-0.01,0.536,1.0,0.676,0.81,0.414,0.18,0.364
470,1,0.99,0.809,0.99,0.383,0.4,0.121,0.17,0.637
471,1,1.0,1.0,0.98,0.09,-0.01,-0.172,0.16,0.91
472,6,0.707,0.59,0.687,0.08,0.263,0.828,0.433,0.9
473,6,0.414,0.18,0.394,0.07,0.536,1.0,0.706,0.89
474,,0.404,0.17,0.384,0.06,0.526,0.99,0.696,0.88
475,,0.394,0.16,0.374,0.05,0.516,0.98,0.686,0.87
476,,0.384,0.15,0.364,0.04,0.506,0.97,0.676,0.86
477,,0.374,0.14,0.354,0.03,0.496,0.96,0.666,0.85
478,,0.364,0.13,0.344,0.02,0.486,0.95,0.656,0.84
479,,0.354,0.12,0.334,0.01,0.476,0.94,0.646,0.83
480,,0.344,0.11,0.324,0.0,0.466,0.93,0.636,0.82
481,,0.334,0.1,0.314,-0.01,0.456,0.92,0.626,0.81
482,4,0.041,0.09,0.587,0.99,0.729,0.91,0.333,0.4
483,4,-0.252,0.08,0.86,1.0,1.0,0.9,0.04,-0.01
484,1,0.748,0.353,0.85,0.707,0.59,0.607,0.03,0.263
485,1,1.0,0.626,0.84,0.414,0.18,0.314,0.02,0.536
486,,0.99,0.616,0.83,0.404,0.17,0.304,0.01,0.526
487,,0.98,0.606,0.82,0.394,0.16,0.294,0.0,0.516
488,,0.97,0.596,0.81,0.384,0.15,0.284,-0.01,0.506
489,7,0.96,0.303,0.4,0.091,0.14,0.557,0.99,0.779
490,7,0.95,0.01,-0.01,-0.202,0.13,0.83,1.0,1.0
491,4,0.657,0.0,0.263,0.798,0.403,0.82,0.707,0.59
492,4,0.364,-0.01,0.536,1.0,0.676,0.81,0.414,0.18
493,2,0.637,0.99,0.809,0.99,0.383,0.4,0.121,0.17
494,2,0.91,1.0,1.0,0.98,0.09,-0.01,-0.172,0.16
495,7,0.9,0.707,0.59,0.687,0.08,0.263,0.828,0.433
496,7,0.89,0.414,0.18,0.394,0.07,0.536,1.0,0.706
497,,0.88,0.404,0.17,0.384,0.06,0.526,0.99,0.696
498,,0.87,0.394,0.16,0.374,0.05,0.516,0.98,0.686
499,,0.86,0.384,0.15,0.364,0.04,0.506,0.97,0.676
