step,active_motive,motive_1,motive_2,motive_3,motive_4,motive_5,motive_6,motive_7,motive_8
0,,0.1627,0.37325,0.32482,0.42461,0.32881,0.28415,0.04684,0.18386
1,,0.1527,0.36325,0.31482,0.41461,0.31881,0.27415,0.03684,0.17386
2,,0.1427,0.35325,0.30482,0.40461,0.30881,0.26415,0.02684,0.16386
3,,0.1327,0.34325,0.29482,0.39461,0.29881,0.25415,0.01684,0.15386
4,,0.1227,0.33325,0.28482,0.38461,0.28881,0.24415,0.00684,0.14386
5,,0.1127,0.32325,0.27482,0.37461,0.27881,0.23415,-0.00316,0.13386
6,7,0.1027,0.03025,-0.13518,0.08161,0.26881,0.50715,0.99684,0.40686
7,7,0.0927,-0.26275,-0.54518,-0.21139,0.25881,0.78015,1.0,0.67986
8,3,0.0827,0.01025,0.45482,0.06161,0.24881,0.48715,0.59,0.38686
9,3,0.0727,0.28325,1.0,0.33461,0.23881,0.19415,0.18,0.09386
10,,0.0627,0.27325,0.99,0.32461,0.22881,0.18415,0.17,0.08386
11,,0.0527,0.26325,0.98,0.31461,0.21881,0.17415,0.16,0.07386
12,,0.0427,0.25325,0.97,0.30461,0.20881,0.16415,0.15,0.06386
13,,0.0327,0.24325,0.96,0.29461,0.19881,0.15415,0.14,0.05386
14,,0.0227,0.23325,0.95,0.28461,0.18881,0.14415,0.13,0.04386
15,,0.0127,0.22325,0.94,0.27461,0.17881,0.13415,0.12,0.03386
16,,0.0027,0.21325,0.93,0.26461,0.16881,0.12415,0.11,0.02386
17,,-0.0073,0.20325,0.92,0.25461,0.15881,0.11415,0.1,0.01386
18,1,0.9927,0.47625,0.91,-0.03839,-0.25119,-0.17885,0.09,0.28686
19,1,1.0,0.74925,0.9,-0.33139,-0.66119,-0.47185,0.08,0.55986
20,5,0.59,0.45625,0.89,-0.05839,0.33881,-0.19885,0.07,0.26686
21,5,0.18,0.16325,0.88,0.21461,1.0,0.07415,0.06,-0.02614
22,8,0.453,0.15325,0.587,-0.19539,0.707,0.06415,0.333,0.97386
23,8,0.726,0.14325,0.294,-0.60539,0.414,0.05415,0.606,1.0
24,4,0.433,0.13325,0.567,0.39461,0.687,0.04415,0.313,0.59
25,4,0.14,0.12325,0.84,1.0,0.96,0.03415,0.02,0.18
26,,0.13,0.11325,0.83,0.99,0.95,0.02415,0.01,0.17
27,,0.12,0.10325,0.82,0.98,0.94,0.01415,0.0,0.16
28,,0.11,0.09325,0.81,0.97,0.93,0.00415,-0.01,0.15
29,7,0.1,-0.19975,0.4,0.677,0.92,0.27715,0.99,0.423
30,7,0.09,-0.49275,-0.01,0.384,0.91,0.55015,1.0,0.696
31,2,0.363,0.50725,0.263,0.374,0.617,0.14015,0.707,0.686
32,2,0.636,1.0,0.536,0.364,0.324,-0.26985,0.414,0.676
33,6,0.343,0.59,0.243,0.354,0.597,0.73015,0.687,0.666
34,6,0.05,0.18,-0.05,0.344,0.87,1.0,0.96,0.656
35,3,0.04,0.453,0.95,0.617,0.86,0.707,0.55,0.363
36,3,0.03,0.726,1.0,0.89,0.85,0.414,0.14,0.07
37,,0.02,0.716,0.99,0.88,0.84,0.404,0.13,0.06
38,,0.01,0.706,0.98,0.87,0.83,0.394,0.12,0.05
39,,0.0,0.696,0.97,0.86,0.82,0.384,0.11,0.04
40,,-0.01,0.686,0.96,0.85,0.81,0.374,0.1,0.03
41,1,0.99,0.959,0.95,0.557,0.4,0.081,0.09,0.303
42,1,1.0,1.0,0.94,0.264,-0.01,-0.212,0.08,0.576
43,6,0.707,0.59,0.647,0.254,0.263,0.788,0.353,0.566
44,6,0.414,0.18,0.354,0.244,0.536,1.0,0.626,0.556
45,,0.404,0.17,0.344,0.234,0.526,0.99,0.616,0.546
46,,0.394,0.16,0.334,0.224,0.516,0.98,0.606,0.536
47,,0.384,0.15,0.324,0.214,0.506,0.97,0.596,0.526
48,,0.374,0.14,0.314,0.204,0.496,0.96,0.586,0.516
49,,0.364,0.13,0.304,0.194,0.486,0.95,0.576,0.506
50,,0.354,0.12,0.294,0.184,0.476,0.94,0.566,0.496
51,,0.344,0.11,0.284,0.174,0.466,0.93,0.556,0.486
52,,0.334,0.1,0.274,0.164,0.456,0.92,0.546,0.476
53,,0.324,0.09,0.264,0.154,0.446,0.91,0.536,0.466
54,,0.314,0.08,0.254,0.144,0.436,0.9,0.526,0.456
55,,0.304,0.07,0.244,0.134,0.426,0.89,0.516,0.446
56,,0.294,0.06,0.234,0.124,0.416,0.88,0.506,0.436
57,,0.284,0.05,0.224,0.114,0.406,0.87,0.496,0.426
58,,0.274,0.04,0.214,0.104,0.396,0.86,0.486,0.416
59,,0.264,0.03,0.204,0.094,0.386,0.85,0.476,0.406
60,,0.254,0.02,0.194,0.084,0.376,0.84,0.466,0.396
61,,0.244,0.01,0.184,0.074,0.366,0.83,0.456,0.386
62,,0.234,0.0,0.174,0.064,0.356,0.82,0.446,0.376
63,,0.224,-0.01,0.164,0.054,0.346,0.81,0.436,0.366
64,2,0.497,0.99,0.437,0.044,0.053,0.4,0.143,0.356
65,2,0.77,1.0,0.71,0.034,-0.24,-0.01,-0.15,0.346
66,5,0.36,0.707,0.7,0.307,0.76,0.263,-0.16,0.053
67,5,-0.05,0.414,0.69,0.58,1.0,0.536,-0.17,-0.24
68,8,0.223,0.404,0.397,0.17,0.707,0.526,0.103,0.76
69,8,0.496,0.394,0.104,-0.24,0.414,0.516,0.376,1.0
70,4,0.203,0.384,0.377,0.76,0.687,0.506,0.083,0.59
71,4,-0.09,0.374,0.65,1.0,0.96,0.496,-0.21,0.18
72,7,-0.1,0.081,0.24,0.707,0.95,0.769,0.79,0.453
73,7,-0.11,-0.212,-0.17,0.414,0.94,1.0,1.0,0.726
74,2,0.163,0.788,0.103,0.404,0.647,0.59,0.707,0.716
75,2,0.436,1.0,0.376,0.394,0.354,0.18,0.414,0.706
76,,0.426,0.99,0.366,0.384,0.344,0.17,0.404,0.696
77,,0.416,0.98,0.356,0.374,0.334,0.16,0.394,0.686
78,,0.406,0.97,0.346,0.364,0.324,0.15,0.384,0.676
79,,0.396,0.96,0.336,0.354,0.314,0.14,0.374,0.666
80,,0.386,0.95,0.326,0.344,0.304,0.13,0.364,0.656
81,,0.376,0.94,0.316,0.334,0.294,0.12,0.354,0.646
82,,0.366,0.93,0.306,0.324,0.284,0.11,0.344,0.636
83,,0.356,0.92,0.296,0.314,0.274,0.1,0.334,0.626
84,,0.346,0.91,0.286,0.304,0.264,0.09,0.324,0.616
85,,0.336,0.9,0.276,0.294,0.254,0.08,0.314,0.606
86,,0.326,0.89,0.266,0.284,0.244,0.07,0.304,0.596
87,,0.316,0.88,0.256,0.274,0.234,0.06,0.294,0.586
88,,0.306,0.87,0.246,0.264,0.224,0.05,0.284,0.576
89,,0.296,0.86,0.236,0.254,0.214,0.04,0.274,0.566
90,,0.286,0.85,0.226,0.244,0.204,0.03,0.264,0.556
91,,0.276,0.84,0.216,0.234,0.194,0.02,0.254,0.546
92,,0.266,0.83,0.206,0.224,0.184,0.01,0.244,0.536
93,,0.256,0.82,0.196,0.214,0.174,0.0,0.234,0.526
94,,0.246,0.81,0.186,0.204,0.164,-0.01,0.224,0.516
95,6,-0.047,0.4,-0.107,0.194,0.437,0.99,0.497,0.506
96,6,-0.34,-0.01,-0.4,0.184,0.71,1.0,0.77,0.496
97,3,-0.35,0.263,0.6,0.457,0.7,0.707,0.36,0.203
98,3,-0.36,0.536,1.0,0.73,0.69,0.414,-0.05,-0.09
99,1,0.64,0.809,0.99,0.437,0.28,0.121,-0.06,0.183
100,1,1.0,1.0,0.98,0.144,-0.13,-0.172,-0.07,0.456
101,6,0.707,0.59,0.687,0.134,0.143,0.828,0.203,0.446
102,6,0.414,0.18,0.394,0.124,0.416,1.0,0.476,0.436
103,,0.404,0.17,0.384,0.114,0.406,0.99,0.466,0.426
104,,0.394,0.16,0.374,0.104,0.396,0.98,0.456,0.416
105,,0.384,0.15,0.364,0.094,0.386,0.97,0.446,0.406
106,,0.374,0.14,0.354,0.084,0.376,0.96,0.436,0.396
107,,0.364,0.13,0.344,0.074,0.366,0.95,0.426,0.386
108,,0.354,0.12,0.334,0.064,0.356,0.94,0.416,0.376
109,,0.344,0.11,0.324,0.054,0.346,0.93,0.406,0.366
110,,0.334,0.1,0.314,0.044,0.336,0.92,0.396,0.356
111,,0.324,0.09,0.304,0.034,0.326,0.91,0.386,0.346
112,,0.314,0.08,0.294,0.024,0.316,0.9,0.376,0.336
113,,0.304,0.07,0.284,0.014,0.306,0.89,0.366,0.326
114,,0.294,0.06,0.274,0.004,0.296,0.88,0.356,0.316
115,,0.284,0.05,0.264,-0.006,0.286,0.87,0.346,0.306
116,4,-0.009,0.04,0.537,0.994,0.559,0.86,0.053,-0.104
117,4,-0.302,0.03,0.81,1.0,0.832,0.85,-0.24,-0.514
118,8,-0.029,0.02,0.517,0.59,0.539,0.84,0.033,0.486
119,8,0.244,0.01,0.224,0.18,0.246,0.83,0.306,1.0
120,,0.234,0.0,0.214,0.17,0.236,0.82,0.296,0.99
121,,0.224,-0.01,0.204,0.16,0.226,0.81,0.286,0.98
122,2,0.497,0.99,0.477,0.15,-0.067,0.4,-0.007,0.97
123,2,0.77,1.0,0.75,0.14,-0.36,-0.01,-0.3,0.96
124,5,0.36,0.707,0.74,0.413,0.64,0.263,-0.31,0.667
125,5,-0.05,0.414,0.73,0.686,1.0,0.536,-0.32,0.374
126,7,-0.06,0.121,0.32,0.393,0.99,0.809,0.68,0.647
127,7,-0.07,-0.172,-0.09,0.1,0.98,1.0,1.0,0.92
128,2,0.203,0.828,0.183,0.09,0.687,0.59,0.707,0.91
129,2,0.476,1.0,0.456,0.08,0.394,0.18,0.414,0.9
130,,0.466,0.99,0.446,0.07,0.384,0.17,0.404,0.89
131,,0.456,0.98,0.436,0.06,0.374,0.16,0.394,0.88
132,,0.446,0.97,0.426,0.05,0.364,0.15,0.384,0.87
133,,0.436,0.96,0.416,0.04,0.354,0.14,0.374,0.86
134,,0.426,0.95,0.406,0.03,0.344,0.13,0.364,0.85
135,,0.416,0.94,0.396,0.02,0.334,0.12,0.354,0.84
136,,0.406,0.93,0.386,0.01,0.324,0.11,0.344,0.83
137,,0.396,0.92,0.376,0.0,0.314,0.1,0.334,0.82
138,,0.386,0.91,0.366,-0.01,0.304,0.09,0.324,0.81
139,4,0.093,0.9,0.639,0.99,0.577,0.08,0.031,0.4
140,4,-0.2,0.89,0.912,1.0,0.85,0.07,-0.262,-0.01
141,7,-0.21,0.597,0.502,0.707,0.84,0.343,0.738,0.263
142,7,-0.22,0.304,0.092,0.414,0.83,0.616,1.0,0.536
143,1,0.78,0.577,0.082,0.121,0.42,0.323,0.99,0.809
144,1,1.0,0.85,0.072,-0.172,0.01,0.03,0.98,1.0
145,4,0.707,0.84,0.345,0.828,0.283,0.02,0.687,0.59
146,4,0.414,0.83,0.618,1.0,0.556,0.01,0.394,0.18
147,,0.404,0.82,0.608,0.99,0.546,0.0,0.384,0.17
148,,0.394,0.81,0.598,0.98,0.536,-0.01,0.374,0.16
149,6,0.101,0.4,0.305,0.97,0.809,0.99,0.647,0.15
150,6,-0.192,-0.01,0.012,0.96,1.0,1.0,0.92,0.14
151,1,0.808,0.263,0.002,0.667,0.59,0.707,0.91,0.413
152,1,1.0,0.536,-0.008,0.374,0.18,0.414,0.9,0.686
153,3,0.99,0.809,0.992,0.647,0.17,0.121,0.49,0.393
154,3,0.98,1.0,1.0,0.92,0.16,-0.172,0.08,0.1
155,6,0.687,0.59,0.707,0.91,0.433,0.828,0.353,0.09
156,6,0.394,0.18,0.414,0.9,0.706,1.0,0.626,0.08
157,,0.384,0.17,0.404,0.89,0.696,0.99,0.616,0.07
158,,0.374,0.16,0.394,0.88,0.686,0.98,0.606,0.06
159,,0.364,0.15,0.384,0.87,0.676,0.97,0.596,0.05
160,,0.354,0.14,0.374,0.86,0.666,0.96,0.586,0.04
161,,0.344,0.13,0.364,0.85,0.656,0.95,0.576,0.03
162,,0.334,0.12,0.354,0.84,0.646,0.94,0.566,0.02
163,,0.324,0.11,0.344,0.83,0.636,0.93,0.556,0.01
164,,0.314,0.1,0.334,0.82,0.626,0.92,0.546,0.0
165,,0.304,0.09,0.324,0.81,0.616,0.91,0.536,-0.01
166,8,0.577,0.08,0.031,0.4,0.323,0.9,0.809,0.99
167,8,0.85,0.07,-0.262,-0.01,0.03,0.89,1.0,1.0
168,3,0.84,0.343,0.738,0.263,0.02,0.597,0.59,0.707
169,3,0.83,0.616,1.0,0.536,0.01,0.304,0.18,0.414
170,,0.82,0.606,0.99,0.526,0.0,0.294,0.17,0.404
171,,0.81,0.596,0.98,0.516,-0.01,0.284,0.16,0.394
172,5,0.4,0.303,0.97,0.789,0.99,0.557,0.15,0.101
173,5,-0.01,0.01,0.96,1.0,1.0,0.83,0.14,-0.192
174,8,0.263,0.0,0.667,0.59,0.707,0.82,0.413,0.808
175,8,0.536,-0.01,0.374,0.18,0.414,0.81,0.686,1.0
176,2,0.809,0.99,0.647,0.17,0.121,0.4,0.393,0.99
177,2,1.0,1.0,0.92,0.16,-0.172,-0.01,0.1,0.98
178,5,0.59,0.707,0.91,0.433,0.828,0.263,0.09,0.687
179,5,0.18,0.414,0.9,0.706,1.0,0.536,0.08,0.394
180,,0.17,0.404,0.89,0.696,0.99,0.526,0.07,0.384
181,,0.16,0.394,0.88,0.686,0.98,0.516,0.06,0.374
182,,0.15,0.384,0.87,0.676,0.97,0.506,0.05,0.364
183,,0.14,0.374,0.86,0.666,0.96,0.496,0.04,0.354
184,,0.13,0.364,0.85,0.656,0.95,0.486,0.03,0.344
185,,0.12,0.354,0.84,0.646,0.94,0.476,0.02,0.334
186,,0.11,0.344,0.83,0.636,0.93,0.466,0.01,0.324
187,,0.1,0.334,0.82,0.626,0.92,0.456,0.0,0.314
188,,0.09,0.324,0.81,0.616,0.91,0.446,-0.01,0.304
189,7,0.08,0.031,0.4,0.323,0.9,0.719,0.99,0.577
190,7,0.07,-0.262,-0.01,0.03,0.89,0.992,1.0,0.85
191,2,0.343,0.738,0.263,0.02,0.597,0.582,0.707,0.84
192,2,0.616,1.0,0.536,0.01,0.304,0.172,0.414,0.83
193,,0.606,0.99,0.526,0.0,0.294,0.162,0.404,0.82
194,,0.596,0.98,0.516,-0.01,0.284,0.152,0.394,0.81
195,4,0.303,0.97,0.789,0.99,0.557,0.142,0.101,0.4
196,4,0.01,0.96,1.0,1.0,0.83,0.132,-0.192,-0.01
197,7,0.0,0.667,0.59,0.707,0.82,0.405,0.808,0.263
198,7,-0.01,0.374,0.18,0.414,0.81,0.678,1.0,0.536
199,1,0.99,0.647,0.17,0.121,0.4,0.385,0.99,0.809
200,1,1.0,0.92,0.16,-0.172,-0.01,0.092,0.98,1.0
201,4,0.707,0.91,0.433,0.828,0.263,0.082,0.687,0.59
202,4,0.414,0.9,0.706,1.0,0.536,0.072,0.394,0.18
203,,0.404,0.89,0.696,0.99,0.526,0.062,0.384,0.17
204,,0.394,0.88,0.686,0.98,0.516,0.052,0.374,0.16
205,,0.384,0.87,0.676,0.97,0.506,0.042,0.364,0.15
206,,0.374,0.86,0.666,0.96,0.496,0.032,0.354,0.14
207,,0.364,0.85,0.656,0.95,0.486,0.022,0.344,0.13
208,,0.354,0.84,0.646,0.94,0.476,0.012,0.334,0.12
209,,0.344,0.83,0.636,0.93,0.466,0.002,0.324,0.11
210,,0.334,0.82,0.626,0.92,0.456,-0.008,0.314,0.1
211,6,0.041,0.41,0.333,0.91,0.729,0.992,0.587,0.09
212,6,-0.252,-0.0,0.04,0.9,1.0,1.0,0.86,0.08
213,1,0.748,0.273,0.03,0.607,0.59,0.707,0.85,0.353
214,1,1.0,0.546,0.02,0.314,0.18,0.414,0.84,0.626
215,,0.99,0.536,0.01,0.304,0.17,0.404,0.83,0.616
216,,0.98,0.526,0.0,0.294,0.16,0.394,0.82,0.606
217,,0.97,0.516,-0.01,0.284,0.15,0.384,0.81,0.596
218,3,0.96,0.789,0.99,0.557,0.14,0.091,0.4,0.303
219,3,0.95,1.0,1.0,0.83,0.13,-0.202,-0.01,0.01
220,6,0.657,0.59,0.707,0.82,0.403,0.798,0.263,0.0
221,6,0.364,0.18,0.414,0.81,0.676,1.0,0.536,-0.01
222,8,0.637,0.17,0.121,0.4,0.383,0.99,0.809,0.99
223,8,0.91,0.16,-0.172,-0.01,0.09,0.98,1.0,1.0
224,3,0.9,0.433,0.828,0.263,0.08,0.687,0.59,0.707
225,3,0.89,0.706,1.0,0.536,0.07,0.394,0.18,0.414
226,,0.88,0.696,0.99,0.526,0.06,0.384,0.17,0.404
227,,0.87,0.686,0.98,0.516,0.05,0.374,0.16,0.394
228,,0.86,0.676,0.97,0.506,0.04,0.364,0.15,0.384
229,,0.85,0.666,0.96,0.496,0.03,0.354,0.14,0.374
230,,0.84,0.656,0.95,0.486,0.02,0.344,0.13,0.364
231,,0.83,0.646,0.94,0.476,0.01,0.334,0.12,0.354
232,,0.82,0.636,0.93,0.466,0.0,0.324,0.11,0.344
233,,0.81,0.626,0.92,0.456,-0.01,0.314,0.1,0.334
234,5,0.4,0.333,0.91,0.729,0.99,0.587,0.09,0.041
235,5,-0.01,0.04,0.9,1.0,1.0,0.86,0.08,-0.252
236,8,0.263,0.03,0.607,0.59,0.707,0.85,0.353,0.748
237,8,0.536,0.02,0.314,0.18,0.414,0.84,0.626,1.0
238,,0.526,0.01,0.304,0.17,0.404,0.83,0.616,0.99
239,,0.516,0.0,0.294,0.16,0.394,0.82,0.606,0.98
240,,0.506,-0.01,0.284,0.15,0.384,0.81,0.596,0.97
241,2,0.779,0.99,0.557,0.14,0.091,0.4,0.303,0.96
242,2,1.0,1.0,0.83,0.13,-0.202,-0.01,0.01,0.95
243,5,0.59,0.707,0.82,0.403,0.798,0.263,0.0,0.657
244,5,0.18,0.414,0.81,0.676,1.0,0.536,-0.01,0.364
245,7,0.17,0.121,0.4,0.383,0.99,0.809,0.99,0.637
246,7,0.16,-0.172,-0.01,0.09,0.98,1.0,1.0,0.91
247,2,0.433,0.828,0.263,0.08,0.687,0.59,0.707,0.9
248,2,0.706,1.0,0.536,0.07,0.394,0.18,0.414,0.89
249,,0.696,0.99,0.526,0.06,0.384,0.17,0.404,0.88
250,,0.686,0.98,0.516,0.05,0.374,0.16,0.394,0.87
251,,0.676,0.97,0.506,0.04,0.364,0.15,0.384,0.86
252,,0.666,0.96,0.496,0.03,0.354,0.14,0.374,0.85
253,,0.656,0.95,0.486,0.02,0.344,0.13,0.364,0.84
254,,0.646,0.94,0.476,0.01,0.334,0.12,0.354,0.83
255,,0.636,0.93,0.466,0.0,0.324,0.11,0.344,0.82
256,,0.626,0.92,0.456,-0.01,0.314,0.1,0.334,0.81
257,4,0.333,0.91,0.729,0.99,0.587,0.09,0.041,0.4
258,4,0.04,0.9,1.0,1.0,0.86,0.08,-0.252,-0.01
259,7,0.03,0.607,0.59,0.707,0.85,0.353,0.748,0.263
260,7,0.02,0.314,0.18,0.414,0.84,0.626,1.0,0.536
261,,0.01,0.304,0.17,0.404,0.83,0.616,0.99,0.526
262,,0.0,0.294,0.16,0.394,0.82,0.606,0.98,0.516
263,,-0.01,0.284,0.15,0.384,0.81,0.596,0.97,0.506
264,1,0.99,0.557,0.14,0.091,0.4,0.303,0.96,0.779
265,1,1.0,0.83,0.13,-0.202,-0.01,0.01,0.95,1.0
266,4,0.707,0.82,0.403,0.798,0.263,0.0,0.657,0.59
267,4,0.414,0.81,0.676,1.0,0.536,-0.01,0.364,0.18
268,6,0.121,0.4,0.383,0.99,0.809,0.99,0.637,0.17
269,6,-0.172,-0.01,0.09,0.98,1.0,1.0,0.91,0.16
270,1,0.828,0.263,0.08,0.687,0.59,0.707,0.9,0.433
271,1,1.0,0.536,0.07,0.394,0.18,0.414,0.89,0.706
272,,0.99,0.526,0.06,0.384,0.17,0.404,0.88,0.696
273,,0.98,0.516,0.05,0.374,0.16,0.394,0.87,0.686
274,,0.97,0.506,0.04,0.364,0.15,0.384,0.86,0.676
275,,0.96,0.496,0.03,0.354,0.14,0.374,0.85,0.666
276,,0.95,0.486,0.02,0.344,0.13,0.364,0.84,0.656
277,,0.94,0.476,0.01,0.334,0.12,0.354,0.83,0.646
278,,0.93,0.466,0.0,0.324,0.11,0.344,0.82,0.636
279,,0.92,0.456,-0.01,0.314,0.1,0.334,0.81,0.626
280,3,0.91,0.729,0.99,0.587,0.09,0.041,0.4,0.333
281,3,0.9,1.0,1.0,0.86,0.08,-0.252,-0.01,0.04
282,6,0.607,0.59,0.707,0.85,0.353,0.748,0.263,0.03
283,6,0.314,0.18,0.414,0.84,0.626,1.0,0.536,0.02
284,,0.304,0.17,0.404,0.83,0.616,0.99,0.526,0.01
285,,0.294,0.16,0.394,0.82,0.606,0.98,0.516,0.0
286,,0.284,0.15,0.384,0.81,0.596,0.97,0.506,-0.01
287,8,0.557,0.14,0.091,0.4,0.303,0.96,0.779,0.99
288,8,0.83,0.13,-0.202,-0.01,0.01,0.95,1.0,1.0
289,3,0.82,0.403,0.798,0.263,0.0,0.657,0.59,0.707
290,3,0.81,0.676,1.0,0.536,-0.01,0.364,0.18,0.414
291,5,0.4,0.383,0.99,0.809,0.99,0.637,0.17,0.121
292,5,-0.01,0.09,0.98,1.0,1.0,0.91,0.16,-0.172
293,8,0.263,0.08,0.687,0.59,0.707,0.9,0.433,0.828
294,8,0.536,0.07,0.394,0.18,0.414,0.89,0.706,1.0
295,,0.526,0.06,0.384,0.17,0.404,0.88,0.696,0.99
296,,0.516,0.05,0.374,0.16,0.394,0.87,0.686,0.98
297,,0.506,0.04,0.364,0.15,0.384,0.86,0.676,0.97
298,,0.496,0.03,0.354,0.14,0.374,0.85,0.666,0.96
299,,0.486,0.02,0.344,0.13,0.364,0.84,0.656,0.95
300,,0.476,0.01,0.334,0.12,0.354,0.83,0.646,0.94
301,,0.466,0.0,0.324,0.11,0.344,0.82,0.636,0.93
302,,0.456,-0.01,0.314,0.1,0.334,0.81,0.626,0.92
303,2,0.729,0.99,0.587,0.09,0.041,0.4,0.333,0.91
304,2,1.0,1.0,0.86,0.08,-0.252,-0.01,0.04,0.9
305,5,0.59,0.707,0.85,0.353,0.748,0.263,0.03,0.607
306,5,0.18,0.414,0.84,0.626,1.0,0.536,0.02,0.314
307,,0.17,0.404,0.83,0.616,0.99,0.526,0.01,0.304
308,,0.16,0.394,0.82,0.606,0.98,0.516,0.0,0.294
309,,0.15,0.384,0.81,0.596,0.97,0.506,-0.01,0.284
310,7,0.14,0.091,0.4,0.303,0.96,0.779,0.99,0.557
311,7,0.13,-0.202,-0.01,0.01,0.95,1.0,1.0,0.83
312,2,0.403,0.798,0.263,0.0,0.657,0.59,0.707,0.82
313,2,0.676,1.0,0.536,-0.01,0.364,0.18,0.414,0.81
314,4,0.383,0.99,0.809,0.99,0.637,0.17,0.121,0.4
315,4,0.09,0.98,1.0,1.0,0.91,0.16,-0.172,-0.01
316,7,0.08,0.687,0.59,0.707,0.9,0.433,0.828,0.263
317,7,0.07,0.394,0.18,0.414,0.89,0.706,1.0,0.536
318,,0.06,0.384,0.17,0.404,0.88,0.696,0.99,0.526
319,,0.05,0.374,0.16,0.394,0.87,0.686,0.98,0.516
320,,0.04,0.364,0.15,0.384,0.86,0.676,0.97,0.506
321,,0.03,0.354,0.14,0.374,0.85,0.666,0.96,0.496
322,,0.02,0.344,0.13,0.364,0.84,0.656,0.95,0.486
323,,0.01,0.334,0.12,0.354,0.83,0.646,0.94,0.476
324,,0.0,0.324,0.11,0.344,0.82,0.636,0.93,0.466
325,,-0.01,0.314,0.1,0.334,0.81,0.626,0.92,0.456
326,1,0.99,0.587,0.09,0.041,0.4,0.333,0.91,0.729
327,1,1.0,0.86,0.08,-0.252,-0.01,0.04,0.9,1.0
328,4,0.707,0.85,0.353,0.748,0.263,0.03,0.607,0.59
329,4,0.414,0.84,0.626,1.0,0.536,0.02,0.314,0.18
330,,0.404,0.83,0.616,0.99,0.526,0.01,0.304,0.17
331,,0.394,0.82,0.606,0.98,0.516,0.0,0.294,0.16
332,,0.384,0.81,0.596,0.97,0.506,-0.01,0.284,0.15
333,6,0.091,0.4,0.303,0.96,0.779,0.99,0.557,0.14
334,6,-0.202,-0.01,0.01,0.95,1.0,1.0,0.83,0.13
335,1,0.798,0.263,0.0,0.657,0.59,0.707,0.82,0.403
336,1,1.0,0.536,-0.01,0.364,0.18,0.414,0.81,0.676
337,3,0.99,0.809,0.99,0.637,0.17,0.121,0.4,0.383
338,3,0.98,1.0,1.0,0.91,0.16,-0.172,-0.01,0.09
339,6,0.687,0.59,0.707,0.9,0.433,0.828,0.263,0.08
340,6,0.394,0.18,0.414,0.89,0.706,1.0,0.536,0.07
341,,0.384,0.17,0.404,0.88,0.696,0.99,0.526,0.06
342,,0.374,0.16,0.394,0.87,0.686,0.98,0.516,0.05
343,,0.364,0.15,0.384,0.86,0.676,0.97,0.506,0.04
344,,0.354,0.14,0.374,0.85,0.666,0.96,0.496,0.03
345,,0.344,0.13,0.364,0.84,0.656,0.95,0.486,0.02
346,,0.334,0.12,0.354,0.83,0.646,0.94,0.476,0.01
347,,0.324,0.11,0.344,0.82,0.636,0.93,0.466,0.0
348,,0.314,0.1,0.334,0.81,0.626,0.92,0.456,-0.01
349,8,0.587,0.09,0.041,0.4,0.333,0.91,0.729,0.99
350,8,0.86,0.08,-0.252,-0.01,0.04,0.9,1.0,1.0
351,3,0.85,0.353,0.748,0.263,0.03,0.607,0.59,0.707
352,3,0.84,0.626,1.0,0.536,0.02,0.314,0.18,0.414
353,,0.83,0.616,0.99,0.526,0.01,0.304,0.17,0.404
354,,0.82,0.606,0.98,0.516,0.0,0.294,0.16,0.394
355,,0.81,0.596,0.97,0.506,-0.01,0.284,0.15,0.384
356,5,0.4,0.303,0.96,0.779,0.99,0.557,0.14,0.091
357,5,-0.01,0.01,0.95,1.0,1.0,0.83,0.13,-0.202
358,8,0.263,0.0,0.657,0.59,0.707,0.82,0.403,0.798
359,8,0.536,-0.01,0.364,0.18,0.414,0.81,0.676,1.0
360,2,0.809,0.99,0.637,0.17,0.121,0.4,0.383,0.99
361,2,1.0,1.0,0.91,0.16,-0.172,-0.01,0.09,0.98
362,5,0.59,0.707,0.9,0.433,0.828,0.263,0.08,0.687
363,5,0.18,0.414,0.89,0.706,1.0,0.536,0.07,0.394
364,,0.17,0.404,0.88,0.696,0.99,0.526,0.06,0.384
365,,0.16,0.394,0.87,0.686,0.98,0.516,0.05,0.374
366,,0.15,0.384,0.86,0.676,0.97,0.506,0.04,0.364
367,,0.14,0.374,0.85,0.666,0.96,0.496,0.03,0.354
368,,0.13,0.364,0.84,0.656,0.95,0.486,0.02,0.344
369,,0.12,0.354,0.83,0.646,0.94,0.476,0.01,0.334
370,,0.11,0.344,0.82,0.636,0.93,0.466,0.0,0.324
371,,0.1,0.334,0.81,0.626,0.92,0.456,-0.01,0.314
372,7,0.09,0.041,0.4,0.333,0.91,0.729,0.99,0.587
373,7,0.08,-0.252,-0.01,0.04,0.9,1.0,1.0,0.86
374,2,0.353,0.748,0.263,0.03,0.607,0.59,0.707,0.85
375,2,0.626,1.0,0.536,0.02,0.314,0.18,0.414,0.84
376,,0.616,0.99,0.526,0.01,0.304,0.17,0.404,0.83
377,,0.606,0.98,0.516,0.0,0.294,0.16,0.394,0.82
378,,0.596,0.97,0.506,-0.01,0.284,0.15,0.384,0.81
379,4,0.303,0.96,0.779,0.99,0.557,0.14,0.091,0.4
380,4,0.01,0.95,1.0,1.0,0.83,0.13,-0.202,-0.01
381,7,0.0,0.657,0.59,0.707,0.82,0.403,0.798,0.263
382,7,-0.01,0.364,0.18,0.414,0.81,0.676,1.0,0.536
383,1,0.99,0.637,0.17,0.121,0.4,0.383,0.99,0.809
384,1,1.0,0.91,0.16,-0.172,-0.01,0.09,0.98,1.0
385,4,0.707,0.9,0.433,0.828,0.263,0.08,0.687,0.59
386,4,0.414,0.89,0.706,1.0,0.536,0.07,0.394,0.18
387,,0.404,0.88,0.696,0.99,0.526,0.06,0.384,0.17
388,,0.394,0.87,0.686,0.98,0.516,0.05,0.374,0.16
389,,0.384,0.86,0.676,0.97,0.506,0.04,0.364,0.15
390,,0.374,0.85,0.666,0.96,0.496,0.03,0.354,0.14
391,,0.364,0.84,0.656,0.95,0.486,0.02,0.344,0.13
392,,0.354,0.83,0.646,0.94,0.476,0.01,0.334,0.12
393,,0.344,0.82,0.636,0.93,0.466,0.0,0.324,0.11
394,,0.334,0.81,0.626,0.92,0.456,-0.01,0.314,0.1
395,6,0.041,0.4,0.333,0.91,0.729,0.99,0.587,0.09
396,6,-0.252,-0.01,0.04,0.9,1.0,1.0,0.86,0.08
397,1,0.748,0.263,0.03,0.607,0.59,0.707,0.85,0.353
398,1,1.0,0.536,0.02,0.314,0.18,0.414,0.84,0.626
399,,0.99,0.526,0.01,0.304,0.17,0.404,0.83,0.616
400,,0.98,0.516,0.0,0.294,0.16,0.394,0.82,0.606
401,,0.97,0.506,-0.01,0.284,0.15,0.384,0.81,0.596
402,3,0.96,0.779,0.99,0.557,0.14,0.091,0.4,0.303
403,3,0.95,1.0,1.0,0.83,0.13,-0.202,-0.01,0.01
404,6,0.657,0.59,0.707,0.82,0.403,0.798,0.263,0.0
405,6,0.364,0.18,0.414,0.81,0.676,1.0,0.536,-0.01
406,8,0.637,0.17,0.121,0.4,0.383,0.99,0.809,0.99
407,8,0.91,0.16,-0.172,-0.01,0.09,0.98,1.0,1.0
408,3,0.9,0.433,0.828,0.263,0.08,0.687,0.59,0.707
409,3,0.89,0.706,1.0,0.536,0.07,0.394,0.18,0.414
410,,0.88,0.696,0.99,0.526,0.06,0.384,0.17,0.404
411,,0.87,0.686,0.98,0.516,0.05,0.374,0.16,0.394
412,,0.86,0.676,0.97,0.506,0.04,0.364,0.15,0.384
413,,0.85,0.666,0.96,0.496,0.03,0.354,0.14,0.374
414,,0.84,0.656,0.95,0.486,0.02,0.344,0.13,0.364
415,,0.83,0.646,0.94,0.476,0.01,0.334,0.12,0.354
416,,0.82,0.636,0.93,0.466,0.0,0.324,0.11,0.344
417,,0.81,0.626,0.92,0.456,-0.01,0.314,0.1,0.334
418,5,0.4,0.333,0.91,0.729,0.99,0.587,0.09,0.041
419,5,-0.01,0.04,0.9,1.0,1.0,0.86,0.08,-0.252
420,8,0.263,0.03,0.607,0.59,0.707,0.85,0.353,0.748
421,8,0.536,0.02,0.314,0.18,0.414,0.84,0.626,1.0
422,,0.526,0.01,0.304,0.17,0.404,0.83,0.616,0.99
423,,0.516,0.0,0.294,0.16,0.394,0.82,0.606,0.98
424,,0.506,-0.01,0.284,0.15,0.384,0.81,0.596,0.97
425,2,0.779,0.99,0.557,0.14,0.091,0.4,0.303,0.96
426,2,1.0,1.0,0.83,0.13,-0.202,-0.01,0.01,0.95
427,5,0.59,0.707,0.82,0.403,0.798,0.263,0.0,0.657
428,5,0.18,0.414,0.81,0.676,1.0,0.536,-0.01,0.364
429,7,0.17,0.121,0.4,0.383,0.99,0.809,0.99,0.637
430,7,0.16,-0.172,-0.01,0.09,0.98,1.0,1.0,0.91
431,2,0.433,0.828,0.263,0.08,0.687,0.59,0.707,0.9
432,2,0.706,1.0,0.536,0.07,0.394,0.18,0.414,0.89
433,,0.696,0.99,0.526,0.06,0.384,0.17,0.404,0.88
434,,0.686,0.98,0.516,0.05,0.374,0.16,0.394,0.87
435,,0.676,0.97,0.506,0.04,0.364,0.15,0.384,0.86
436,,0.666,0.96,0.496,0.03,0.354,0.14,0.374,0.85
437,,0.656,0.95,0.486,0.02,0.344,0.13,0.364,0.84
438,,0.646,0.94,0.476,0.01,0.334,0.12,0.354,0.83
439,,0.636,0.93,0.466,0.0,0.324,0.11,0.344,0.82
440,,0.626,0.92,0.456,-0.01,0.314,0.1,0.334,0.81
441,4,0.333,0.91,0.729,0.99,0.587,0.09,0.041,0.4
442,4,0.04,0.9,1.0,1.0,0.86,0.08,-0.252,-0.01
443,7,0.03,0.607,0.59,0.707,0.85,0.353,0.748,0.263
444,7,0.02,0.314,0.18,0.414,0.84,0.626,1.0,0.536
445,,0.01,0.304,0.17,0.404,0.83,0.616,0.99,0.526
446,,0.0,0.294,0.16,0.394,0.82,0.606,0.98,0.516
447,,-0.01,0.284,0.15,0.384,0.81,0.596,0.97,0.506
448,1,0.99,0.557,0.14,0.091,0.4,0.303,0.96,0.779
449,1,1.0,0.83,0.13,-0.202,-0.01,0.01,0.95,1.0
450,4,0.707,0.82,0.403,0.798,0.263,0.0,0.657,0.59
451,4,0.414,0.81,0.676,1.0,0.536,-0.01,0.364,0.18
452,6,0.121,0.4,0.383,0.99,0.809,0.99,0.637,0.17
453,6,-0.172,-0.01,0.09,0.98,1.0,1.0,0.91,0.16
454,1,0.828,0.263,0.08,0.687,0.59,0.707,0.9,0.433
455,1,1.0,0.536,0.07,0.394,0.18,0.414,0.89,0.706
456,,0.99,0.526,0.06,0.384,0.17,0.404,0.88,0.696
457,,0.98,0.516,0.05,0.374,0.16,0.394,0.87,0.686
458,,0.97,0.506,0.04,0.364,0.15,0.384,0.86,0.676
459,,0.96,0.496,0.03,0.354,0.14,0.374,0.85,0.666
460,,0.95,0.486,0.02,0.344,0.13,0.364,0.84,0.656
461,,0.94,0.476,0.01,0.334,0.12,0.354,0.83,0.646
462,,0.93,0.466,0.0,0.324,0.11,0.344,0.82,0.636
463,,0.92,0.456,-0.01,0.314,0.1,0.334,0.81,0.626
464,3,0.91,0.729,0.99,0.587,0.09,0.041,0.4,0.333
465,3,0.9,1.0,1.0,0.86,0.08,-0.252,-0.01,0.04
466,6,0.607,0.59,0.707,0.85,0.353,0.748,0.263,0.03
467,6,0.314,0.18,0.414,0.84,0.626,1.0,0.536,0.02
468,,0.304,0.17,0.404,0.83,0.616,0.99,0.526,0.01
469,,0.294,0.16,0.394,0.82,0.606,0.98,0.516,0.0
470,,0.284,0.15,0.384,0.81,0.596,0.97,0.506,-0.01
471,8,0.557,0.14,0.091,0.4,0.303,0.96,0.779,0.99
472,8,0.83,0.13,-0.202,-0.01,0.01,0.95,1.0,1.0
473,3,0.82,0.403,0.798,0.263,0.0,0.657,0.59,0.707
474,3,0.81,0.676,1.0,0.536,-0.01,0.364,0.18,0.414
475,5,0.4,0.383,0.99,0.809,0.99,0.637,0.17,0.121
476,5,-0.01,0.09,0.98,1.0,1.0,0.91,0.16,-0.172
477,8,0.263,0.08,0.687,0.59,0.707,0.9,0.433,0.828
478,8,0.536,0.07,0.394,0.18,0.414,0.89,0.706,1.0
479,,0.526,0.06,0.384,0.17,0.404,0.88,0.696,0.99
480,,0.516,0.05,0.374,0.16,0.394,0.87,0.686,0.98
481,,0.506,0.04,0.364,0.15,0.384,0.86,0.676,0.97
482,,0.496,0.03,0.354,0.14,0.374,0.85,0.666,0.96
483,,0.486,0.02,0.344,0.13,0.364,0.84,0.656,0.95
484,,0.476,0.01,0.334,0.12,0.354,0.83,0.646,0.94
485,,0.466,0.0,0.324,0.11,0.344,0.82,0.636,0.93
486,,0.456,-0.01,0.314,0.1,0.334,0.81,0.626,0.92
487,2,0.729,0.99,0.587,0.09,0.041,0.4,0.333,0.91
488,2,1.0,1.0,0.86,0.08,-0.252,-0.01,0.04,0.9
489,5,0.59,0.707,0.85,0.353,0.748,0.263,0.03,0.607
490,5,0.18,0.414,0.84,0.626,1.0,0.536,0.02,0.314
491,,0.17,0.404,0.83,0.616,0.99,0.526,0.01,0.304
492,,0.16,0.394,0.82,0.606,0.98,0.516,0.0,0.294
493,,0.15,0.384,0.81,0.596,0.97,0.506,-0.01,0.284
494,7,0.14,0.091,0.4,0.303,0.96,0.779,0.99,0.557
495,7,0.13,-0.202,-0.01,0.01,0.95,1.0,1.0,0.83
496,2,0.403,0.798,0.263,0.0,0.657,0.59,0.707,0.82
497,2,0.676,1.0,0.536,-0.01,0.364,0.18,0.414,0.81
498,4,0.383,0.99,0.809,0.99,0.637,0.17,0.121,0.4
499,4,0.09,0.98,1.0,1.0,0.91,0.16,-0.172,-0.01
