step,active_motive,motive_1,motive_2,motive_3,motive_4,motive_5,motive_6,motive_7,motive_8
0,,0.79835,0.15072,0.5082,0.69581,0.85836,0.32596,0.22024,0.71115
1,,0.64835,0.00072,0.3582,0.54581,0.70836,0.17596,0.07024,0.56115
2,,0.49835,-0.14928,0.2082,0.39581,0.55836,0.02596,-0.07976,0.41115
3,2,0.76035,0.85072,0.4702,0.44581,0.39636,-0.22404,-0.24176,0.46115
4,2,1.0,1.0,0.7322,0.49581,0.23436,-0.47404,-0.40376,0.51115
5,6,0.838,0.75,0.5702,0.54581,0.49636,0.52596,-0.14176,0.56115
6,6,0.676,0.5,0.4082,0.59581,0.75836,1.0,0.12024,0.61115
7,,0.526,0.35,0.2582,0.44581,0.60836,0.85,-0.02976,0.46115
8,7,0.576,0.188,0.0082,0.28381,0.65836,1.0,0.97024,0.72315
9,7,0.626,0.026,-0.2418,0.12181,0.70836,1.0,1.0,0.98515
10,3,0.676,0.288,0.7582,0.38381,0.75836,0.838,0.75,0.82315
11,3,0.726,0.55,1.0,0.64581,0.80836,0.676,0.5,0.66115
12,,0.576,0.4,0.85,0.49581,0.65836,0.526,0.35,0.51115
13,,0.426,0.25,0.7,0.34581,0.50836,0.376,0.2,0.36115
14,,0.276,0.1,0.55,0.19581,0.35836,0.226,0.05,0.21115
15,,0.126,-0.05,0.4,0.04581,0.20836,0.076,-0.1,0.06115
16,7,0.176,-0.212,0.15,-0.11619,0.25836,0.338,0.9,0.32315
17,7,0.226,-0.374,-0.1,-0.27819,0.30836,0.6,1.0,0.58515
18,2,0.488,0.626,0.162,-0.22819,0.14636,0.35,0.838,0.63515
19,2,0.75,1.0,0.424,-0.17819,-0.01564,0.1,0.676,0.68515
20,4,0.588,1.0,0.686,0.82181,0.24636,0.15,0.514,0.43515
21,4,0.426,1.0,0.948,1.0,0.50836,0.2,0.352,0.18515
22,,0.276,0.85,0.798,0.85,0.35836,0.05,0.202,0.03515
23,,0.126,0.7,0.648,0.7,0.20836,-0.1,0.052,-0.11485
24,8,0.388,0.75,0.486,0.45,0.04636,-0.05,0.314,0.88515
25,8,0.65,0.8,0.324,0.2,-0.11564,0.0,0.576,1.0
26,5,0.4,0.638,0.374,0.462,0.88436,0.262,0.626,0.838
27,5,0.15,0.476,0.424,0.724,1.0,0.524,0.676,0.676
28,,0.0,0.326,0.274,0.574,0.85,0.374,0.526,0.526
29,,-0.15,0.176,0.124,0.424,0.7,0.224,0.376,0.376
30,1,0.85,0.438,0.174,0.262,0.45,0.062,0.426,0.638
31,1,1.0,0.7,0.224,0.1,0.2,-0.1,0.476,0.9
32,6,0.838,0.45,0.062,0.15,0.462,0.9,0.738,0.95
33,6,0.676,0.2,-0.1,0.2,0.724,1.0,1.0,1.0
34,3,0.726,0.462,0.9,0.462,0.774,0.838,0.75,0.838
35,3,0.776,0.724,1.0,0.724,0.824,0.676,0.5,0.676
36,,0.626,0.574,0.85,0.574,0.674,0.526,0.35,0.526
37,,0.476,0.424,0.7,0.424,0.524,0.376,0.2,0.376
38,,0.326,0.274,0.55,0.274,0.374,0.226,0.05,0.226
39,,0.176,0.124,0.4,0.124,0.224,0.076,-0.1,0.076
40,7,0.226,-0.038,0.15,-0.038,0.274,0.338,0.9,0.338
41,7,0.276,-0.2,-0.1,-0.2,0.324,0.6,1.0,0.6
42,2,0.538,0.8,0.162,-0.15,0.162,0.35,0.838,0.65
43,2,0.8,1.0,0.424,-0.1,0.0,0.1,0.676,0.7
44,4,0.638,1.0,0.686,0.9,0.262,0.15,0.514,0.45
45,4,0.476,1.0,0.948,1.0,0.524,0.2,0.352,0.2
46,,0.326,0.85,0.798,0.85,0.374,0.05,0.202,0.05
47,,0.176,0.7,0.648,0.7,0.224,-0.1,0.052,-0.1
48,6,0.014,0.45,0.486,0.75,0.486,0.9,0.314,-0.05
49,6,-0.148,0.2,0.324,0.8,0.748,1.0,0.576,0.0
50,1,0.852,0.462,0.374,0.638,0.498,0.838,0.626,0.262
51,1,1.0,0.724,0.424,0.476,0.248,0.676,0.676,0.524
52,,0.85,0.574,0.274,0.326,0.098,0.526,0.526,0.374
53,,0.7,0.424,0.124,0.176,-0.052,0.376,0.376,0.224
54,5,0.45,0.262,0.174,0.438,0.948,0.638,0.426,0.062
55,5,0.2,0.1,0.224,0.7,1.0,0.9,0.476,-0.1
56,8,0.462,0.15,0.062,0.45,0.838,0.95,0.738,0.9
57,8,0.724,0.2,-0.1,0.2,0.676,1.0,1.0,1.0
58,3,0.774,0.462,0.9,0.462,0.726,0.838,0.75,0.838
59,3,0.824,0.724,1.0,0.724,0.776,0.676,0.5,0.676
60,,0.674,0.574,0.85,0.574,0.626,0.526,0.35,0.526
61,,0.524,0.424,0.7,0.424,0.476,0.376,0.2,0.376
62,,0.374,0.274,0.55,0.274,0.326,0.226,0.05,0.226
63,,0.224,0.124,0.4,0.124,0.176,0.076,-0.1,0.076
64,7,0.274,-0.038,0.15,-0.038,0.226,0.338,0.9,0.338
65,7,0.324,-0.2,-0.1,-0.2,0.276,0.6,1.0,0.6
66,4,0.162,-0.15,0.162,0.8,0.538,0.65,0.838,0.35
67,4,0.0,-0.1,0.424,1.0,0.8,0.7,0.676,0.1
68,2,0.262,0.9,0.686,1.0,0.638,0.45,0.514,0.15
69,2,0.524,1.0,0.948,1.0,0.476,0.2,0.352,0.2
70,,0.374,0.85,0.798,0.85,0.326,0.05,0.202,0.05
71,,0.224,0.7,0.648,0.7,0.176,-0.1,0.052,-0.1
72,8,0.486,0.75,0.486,0.45,0.014,-0.05,0.314,0.9
73,8,0.748,0.8,0.324,0.2,-0.148,0.0,0.576,1.0
74,5,0.498,0.638,0.374,0.462,0.852,0.262,0.626,0.838
75,5,0.248,0.476,0.424,0.724,1.0,0.524,0.676,0.676
76,,0.098,0.326,0.274,0.574,0.85,0.374,0.526,0.526
77,,-0.052,0.176,0.124,0.424,0.7,0.224,0.376,0.376
78,1,0.948,0.438,0.174,0.262,0.45,0.062,0.426,0.638
79,1,1.0,0.7,0.224,0.1,0.2,-0.1,0.476,0.9
80,6,0.838,0.45,0.062,0.15,0.462,0.9,0.738,0.95
81,6,0.676,0.2,-0.1,0.2,0.724,1.0,1.0,1.0
82,3,0.726,0.462,0.9,0.462,0.774,0.838,0.75,0.838
83,3,0.776,0.724,1.0,0.724,0.824,0.676,0.5,0.676
84,,0.626,0.574,0.85,0.574,0.674,0.526,0.35,0.526
85,,0.476,0.424,0.7,0.424,0.524,0.376,0.2,0.376
86,,0.326,0.274,0.55,0.274,0.374,0.226,0.05,0.226
87,,0.176,0.124,0.4,0.124,0.224,0.076,-0.1,0.076
88,7,0.226,-0.038,0.15,-0.038,0.274,0.338,0.9,0.338
89,7,0.276,-0.2,-0.1,-0.2,0.324,0.6,1.0,0.6
90,2,0.538,0.8,0.162,-0.15,0.162,0.35,0.838,0.65
91,2,0.8,1.0,0.424,-0.1,0.0,0.1,0.676,0.7
92,4,0.638,1.0,0.686,0.9,0.262,0.15,0.514,0.45
93,4,0.476,1.0,0.948,1.0,0.524,0.2,0.352,0.2
94,,0.326,0.85,0.798,0.85,0.374,0.05,0.202,0.05
95,,0.176,0.7,0.648,0.7,0.224,-0.1,0.052,-0.1
96,8,0.438,0.75,0.486,0.45,0.062,-0.05,0.314,0.9
97,8,0.7,0.8,0.324,0.2,-0.1,0.0,0.576,1.0
98,5,0.45,0.638,0.374,0.462,0.9,0.262,0.626,0.838
99,5,0.2,0.476,0.424,0.724,1.0,0.524,0.676,0.676
100,,0.05,0.326,0.274,0.574,0.85,0.374,0.526,0.526
101,,-0.1,0.176,0.124,0.424,0.7,0.224,0.376,0.376
102,1,0.9,0.438,0.174,0.262,0.45,0.062,0.426,0.638
103,1,1.0,0.7,0.224,0.1,0.2,-0.1,0.476,0.9
104,6,0.838,0.45,0.062,0.15,0.462,0.9,0.738,0.95
105,6,0.676,0.2,-0.1,0.2,0.724,1.0,1.0,1.0
106,3,0.726,0.462,0.9,0.462,0.774,0.838,0.75,0.838
107,3,0.776,0.724,1.0,0.724,0.824,0.676,0.5,0.676
108,,0.626,0.574,0.85,0.574,0.674,0.526,0.35,0.526
109,,0.476,0.424,0.7,0.424,0.524,0.376,0.2,0.376
110,,0.326,0.274,0.55,0.274,0.374,0.226,0.05,0.226
111,,0.176,0.124,0.4,0.124,0.224,0.076,-0.1,0.076
112,7,0.226,-0.038,0.15,-0.038,0.274,0.338,0.9,0.338
113,7,0.276,-0.2,-0.1,-0.2,0.324,0.6,1.0,0.6
114,2,0.538,0.8,0.162,-0.15,0.162,0.35,0.838,0.65
115,2,0.8,1.0,0.424,-0.1,0.0,0.1,0.676,0.7
116,4,0.638,1.0,0.686,0.9,0.262,0.15,0.514,0.45
117,4,0.476,1.0,0.948,1.0,0.524,0.2,0.352,0.2
118,,0.326,0.85,0.798,0.85,0.374,0.05,0.202,0.05
119,,0.176,0.7,0.648,0.7,0.224,-0.1,0.052,-0.1
120,6,0.014,0.45,0.486,0.75,0.486,0.9,0.314,-0.05
121,6,-0.148,0.2,0.324,0.8,0.748,1.0,0.576,0.0
122,1,0.852,0.462,0.374,0.638,0.498,0.838,0.626,0.262
123,1,1.0,0.724,0.424,0.476,0.248,0.676,0.676,0.524
124,,0.85,0.574,0.274,0.326,0.098,0.526,0.526,0.374
125,,0.7,0.424,0.124,0.176,-0.052,0.376,0.376,0.224
126,5,0.45,0.262,0.174,0.438,0.948,0.638,0.426,0.062
127,5,0.2,0.1,0.224,0.7,1.0,0.9,0.476,-0.1
128,8,0.462,0.15,0.062,0.45,0.838,0.95,0.738,0.9
129,8,0.724,0.2,-0.1,0.2,0.676,1.0,1.0,1.0
130,3,0.774,0.462,0.9,0.462,0.726,0.838,0.75,0.838
131,3,0.824,0.724,1.0,0.724,0.776,0.676,0.5,0.676
132,,0.674,0.574,0.85,0.574,0.626,0.526,0.35,0.526
133,,0.524,0.424,0.7,0.424,0.476,0.376,0.2,0.376
134,,0.374,0.274,0.55,0.274,0.326,0.226,0.05,0.226
135,,0.224,0.124,0.4,0.124,0.176,0.076,-0.1,0.076
136,7,0.274,-0.038,0.15,-0.038,0.226,0.338,0.9,0.338
137,7,0.324,-0.2,-0.1,-0.2,0.276,0.6,1.0,0.6
138,4,0.162,-0.15,0.162,0.8,0.538,0.65,0.838,0.35
139,4,0.0,-0.1,0.424,1.0,0.8,0.7,0.676,0.1
140,2,0.262,0.9,0.686,1.0,0.638,0.45,0.514,0.15
141,2,0.524,1.0,0.948,1.0,0.476,0.2,0.352,0.2
142,,0.374,0.85,0.798,0.85,0.326,0.05,0.202,0.05
143,,0.224,0.7,0.648,0.7,0.176,-0.1,0.052,-0.1
144,8,0.486,0.75,0.486,0.45,0.014,-0.05,0.314,0.9
145,8,0.748,0.8,0.324,0.2,-0.148,0.0,0.576,1.0
146,5,0.498,0.638,0.374,0.462,0.852,0.262,0.626,0.838
147,5,0.248,0.476,0.424,0.724,1.0,0.524,0.676,0.676
148,,0.098,0.326,0.274,0.574,0.85,0.374,0.526,0.526
149,,-0.052,0.176,0.124,0.424,0.7,0.224,0.376,0.376
150,1,0.948,0.438,0.174,0.262,0.45,0.062,0.426,0.638
151,1,1.0,0.7,0.224,0.1,0.2,-0.1,0.476,0.9
152,6,0.838,0.45,0.062,0.15,0.462,0.9,0.738,0.95
153,6,0.676,0.2,-0.1,0.2,0.724,1.0,1.0,1.0
154,3,0.726,0.462,0.9,0.462,0.774,0.838,0.75,0.838
155,3,0.776,0.724,1.0,0.724,0.824,0.676,0.5,0.676
156,,0.626,0.574,0.85,0.574,0.674,0.526,0.35,0.526
157,,0.476,0.424,0.7,0.424,0.524,0.376,0.2,0.376
158,,0.326,0.274,0.55,0.274,0.374,0.226,0.05,0.226
159,,0.176,0.124,0.4,0.124,0.224,0.076,-0.1,0.076
160,7,0.226,-0.038,0.15,-0.038,0.274,0.338,0.9,0.338
161,7,0.276,-0.2,-0.1,-0.2,0.324,0.6,1.0,0.6
162,2,0.538,0.8,0.162,-0.15,0.162,0.35,0.838,0.65
163,2,0.8,1.0,0.424,-0.1,0.0,0.1,0.676,0.7
164,4,0.638,1.0,0.686,0.9,0.262,0.15,0.514,0.45
165,4,0.476,1.0,0.948,1.0,0.524,0.2,0.352,0.2
166,,0.326,0.85,0.798,0.85,0.374,0.05,0.202,0.05
167,,0.176,0.7,0.648,0.7,0.224,-0.1,0.052,-0.1
168,8,0.438,0.75,0.486,0.45,0.062,-0.05,0.314,0.9
169,8,0.7,0.8,0.324,0.2,-0.1,0.0,0.576,1.0
170,5,0.45,0.638,0.374,0.462,0.9,0.262,0.626,0.838
171,5,0.2,0.476,0.424,0.724,1.0,0.524,0.676,0.676
172,,0.05,0.326,0.274,0.574,0.85,0.374,0.526,0.526
173,,-0.1,0.176,0.124,0.424,0.7,0.224,0.376,0.376
174,1,0.9,0.438,0.174,0.262,0.45,0.062,0.426,0.638
175,1,1.0,0.7,0.224,0.1,0.2,-0.1,0.476,0.9
176,6,0.838,0.45,0.062,0.15,0.462,0.9,0.738,0.95
177,6,0.676,0.2,-0.1,0.2,0.724,1.0,1.0,1.0
178,3,0.726,0.462,0.9,0.462,0.774,0.838,0.75,0.838
179,3,0.776,0.724,1.0,0.724,0.824,0.676,0.5,0.676
180,,0.626,0.574,0.85,0.574,0.674,0.526,0.35,0.526
181,,0.476,0.424,0.7,0.424,0.524,0.376,0.2,0.376
182,,0.326,0.274,0.55,0.274,0.374,0.226,0.05,0.226
183,,0.176,0.124,0.4,0.124,0.224,0.076,-0.1,0.076
184,7,0.226,-0.038,0.15,-0.038,0.274,0.338,0.9,0.338
185,7,0.276,-0.2,-0.1,-0.2,0.324,0.6,1.0,0.6
186,4,0.114,-0.15,0.162,0.8,0.586,0.65,0.838,0.35
187,4,-0.048,-0.1,0.424,1.0,0.848,0.7,0.676,0.1
188,2,0.214,0.9,0.686,1.0,0.686,0.45,0.514,0.15
189,2,0.476,1.0,0.948,1.0,0.524,0.2,0.352,0.2
190,,0.326,0.85,0.798,0.85,0.374,0.05,0.202,0.05
191,,0.176,0.7,0.648,0.7,0.224,-0.1,0.052,-0.1
192,6,0.014,0.45,0.486,0.75,0.486,0.9,0.314,-0.05
193,6,-0.148,0.2,0.324,0.8,0.748,1.0,0.576,0.0
194,1,0.852,0.462,0.374,0.638,0.498,0.838,0.626,0.262
195,1,1.0,0.724,0.424,0.476,0.248,0.676,0.676,0.524
196,,0.85,0.574,0.274,0.326,0.098,0.526,0.526,0.374
197,,0.7,0.424,0.124,0.176,-0.052,0.376,0.376,0.224
198,5,0.45,0.262,0.174,0.438,0.948,0.638,0.426,0.062
199,5,0.2,0.1,0.224,0.7,1.0,0.9,0.476,-0.1
200,8,0.462,0.15,0.062,0.45,0.838,0.95,0.738,0.9
201,8,0.724,0.2,-0.1,0.2,0.676,1.0,1.0,1.0
202,3,0.774,0.462,0.9,0.462,0.726,0.838,0.75,0.838
203,3,0.824,0.724,1.0,0.724,0.776,0.676,0.5,0.676
204,,0.674,0.574,0.85,0.574,0.626,0.526,0.35,0.526
205,,0.524,0.424,0.7,0.424,0.476,0.376,0.2,0.376
206,,0.374,0.274,0.55,0.274,0.326,0.226,0.05,0.226
207,,0.224,0.124,0.4,0.124,0.176,0.076,-0.1,0.076
208,7,0.274,-0.038,0.15,-0.038,0.226,0.338,0.9,0.338
209,7,0.324,-0.2,-0.1,-0.2,0.276,0.6,1.0,0.6
210,2,0.586,0.8,0.162,-0.15,0.114,0.35,0.838,0.65
211,2,0.848,1.0,0.424,-0.1,-0.048,0.1,0.676,0.7
212,4,0.686,1.0,0.686,0.9,0.214,0.15,0.514,0.45
213,4,0.524,1.0,0.948,1.0,0.476,0.2,0.352,0.2
214,,0.374,0.85,0.798,0.85,0.326,0.05,0.202,0.05
215,,0.224,0.7,0.648,0.7,0.176,-0.1,0.052,-0.1
216,8,0.486,0.75,0.486,0.45,0.014,-0.05,0.314,0.9
217,8,0.748,0.8,0.324,0.2,-0.148,0.0,0.576,1.0
218,5,0.498,0.638,0.374,0.462,0.852,0.262,0.626,0.838
219,5,0.248,0.476,0.424,0.724,1.0,0.524,0.676,0.676
220,,0.098,0.326,0.274,0.574,0.85,0.374,0.526,0.526
221,,-0.052,0.176,0.124,0.424,0.7,0.224,0.376,0.376
222,1,0.948,0.438,0.174,0.262,0.45,0.062,0.426,0.638
223,1,1.0,0.7,0.224,0.1,0.2,-0.1,0.476,0.9
224,6,0.838,0.45,0.062,0.15,0.462,0.9,0.738,0.95
225,6,0.676,0.2,-0.1,0.2,0.724,1.0,1.0,1.0
226,3,0.726,0.462,0.9,0.462,0.774,0.838,0.75,0.838
227,3,0.776,0.724,1.0,0.724,0.824,0.676,0.5,0.676
228,,0.626,0.574,0.85,0.574,0.674,0.526,0.35,0.526
229,,0.476,0.424,0.7,0.424,0.524,0.376,0.2,0.376
230,,0.326,0.274,0.55,0.274,0.374,0.226,0.05,0.226
231,,0.176,0.124,0.4,0.124,0.224,0.076,-0.1,0.076
232,7,0.226,-0.038,0.15,-0.038,0.274,0.338,0.9,0.338
233,7,0.276,-0.2,-0.1,-0.2,0.324,0.6,1.0,0.6
234,2,0.538,0.8,0.162,-0.15,0.162,0.35,0.838,0.65
235,2,0.8,1.0,0.424,-0.1,0.0,0.1,0.676,0.7
236,4,0.638,1.0,0.686,0.9,0.262,0.15,0.514,0.45
237,4,0.476,1.0,0.948,1.0,0.524,0.2,0.352,0.2
238,,0.326,0.85,0.798,0.85,0.374,0.05,0.202,0.05
239,,0.176,0.7,0.648,0.7,0.224,-0.1,0.052,-0.1
240,6,0.014,0.45,0.486,0.75,0.486,0.9,0.314,-0.05
241,6,-0.148,0.2,0.324,0.8,0.748,1.0,0.576,0.0
242,1,0.852,0.462,0.374,0.638,0.498,0.838,0.626,0.262
243,1,1.0,0.724,0.424,0.476,0.248,0.676,0.676,0.524
244,,0.85,0.574,0.274,0.326,0.098,0.526,0.526,0.374
245,,0.7,0.424,0.124,0.176,-0.052,0.376,0.376,0.224
246,5,0.45,0.262,0.174,0.438,0.948,0.638,0.426,0.062
247,5,0.2,0.1,0.224,0.7,1.0,0.9,0.476,-0.1
248,8,0.462,0.15,0.062,0.45,0.838,0.95,0.738,0.9
249,8,0.724,0.2,-0.1,0.2,0.676,1.0,1.0,1.0
250,3,0.774,0.462,0.9,0.462,0.726,0.838,0.75,0.838
251,3,0.824,0.724,1.0,0.724,0.776,0.676,0.5,0.676
252,,0.674,0.574,0.85,0.574,0.626,0.526,0.35,0.526
253,,0.524,0.424,0.7,0.424,0.476,0.376,0.2,0.376
254,,0.374,0.274,0.55,0.274,0.326,0.226,0.05,0.226
255,,0.224,0.124,0.4,0.124,0.176,0.076,-0.1,0.076
256,7,0.274,-0.038,0.15,-0.038,0.226,0.338,0.9,0.338
257,7,0.324,-0.2,-0.1,-0.2,0.276,0.6,1.0,0.6
258,4,0.162,-0.15,0.162,0.8,0.538,0.65,0.838,0.35
259,4,0.0,-0.1,0.424,1.0,0.8,0.7,0.676,0.1
260,2,0.262,0.9,0.686,1.0,0.638,0.45,0.514,0.15
261,2,0.524,1.0,0.948,1.0,0.476,0.2,0.352,0.2
262,,0.374,0.85,0.798,0.85,0.326,0.05,0.202,0.05
263,,0.224,0.7,0.648,0.7,0.176,-0.1,0.052,-0.1
264,6,0.062,0.45,0.486,0.75,0.438,0.9,0.314,-0.05
265,6,-0.1,0.2,0.324,0.8,0.7,1.0,0.576,0.0
266,1,0.9,0.462,0.374,0.638,0.45,0.838,0.626,0.262
267,1,1.0,0.724,0.424,0.476,0.2,0.676,0.676,0.524
268,,0.85,0.574,0.274,0.326,0.05,0.526,0.526,0.374
269,,0.7,0.424,0.124,0.176,-0.1,0.376,0.376,0.224
270,5,0.45,0.262,0.174,0.438,0.9,0.638,0.426,0.062
271,5,0.2,0.1,0.224,0.7,1.0,0.9,0.476,-0.1
272,8,0.462,0.15,0.062,0.45,0.838,0.95,0.738,0.9
273,8,0.724,0.2,-0.1,0.2,0.676,1.0,1.0,1.0
274,3,0.774,0.462,0.9,0.462,0.726,0.838,0.75,0.838
275,3,0.824,0.724,1.0,0.724,0.776,0.676,0.5,0.676
276,,0.674,0.574,0.85,0.574,0.626,0.526,0.35,0.526
277,,0.524,0.424,0.7,0.424,0.476,0.376,0.2,0.376
278,,0.374,0.274,0.55,0.274,0.326,0.226,0.05,0.226
279,,0.224,0.124,0.4,0.124,0.176,0.076,-0.1,0.076
280,7,0.274,-0.038,0.15,-0.038,0.226,0.338,0.9,0.338
281,7,0.324,-0.2,-0.1,-0.2,0.276,0.6,1.0,0.6
282,2,0.586,0.8,0.162,-0.15,0.114,0.35,0.838,0.65
283,2,0.848,1.0,0.424,-0.1,-0.048,0.1,0.676,0.7
284,4,0.686,1.0,0.686,0.9,0.214,0.15,0.514,0.45
285,4,0.524,1.0,0.948,1.0,0.476,0.2,0.352,0.2
286,,0.374,0.85,0.798,0.85,0.326,0.05,0.202,0.05
287,,0.224,0.7,0.648,0.7,0.176,-0.1,0.052,-0.1
288,8,0.486,0.75,0.486,0.45,0.014,-0.05,0.314,0.9
289,8,0.748,0.8,0.324,0.2,-0.148,0.0,0.576,1.0
290,5,0.498,0.638,0.374,0.462,0.852,0.262,0.626,0.838
291,5,0.248,0.476,0.424,0.724,1.0,0.524,0.676,0.676
292,,0.098,0.326,0.274,0.574,0.85,0.374,0.526,0.526
293,,-0.052,0.176,0.124,0.424,0.7,0.224,0.376,0.376
294,1,0.948,0.438,0.174,0.262,0.45,0.062,0.426,0.638
295,1,1.0,0.7,0.224,0.1,0.2,-0.1,0.476,0.9
296,6,0.838,0.45,0.062,0.15,0.462,0.9,0.738,0.95
297,6,0.676,0.2,-0.1,0.2,0.724,1.0,1.0,1.0
298,3,0.726,0.462,0.9,0.462,0.774,0.838,0.75,0.838
299,3,0.776,0.724,1.0,0.724,0.824,0.676,0.5,0.676
300,,0.626,0.574,0.85,0.574,0.674,0.526,0.35,0.526
301,,0.476,0.424,0.7,0.424,0.524,0.376,0.2,0.376
302,,0.326,0.274,0.55,0.274,0.374,0.226,0.05,0.226
303,,0.176,0.124,0.4,0.124,0.224,0.076,-0.1,0.076
304,7,0.226,-0.038,0.15,-0.038,0.274,0.338,0.9,0.338
305,7,0.276,-0.2,-0.1,-0.2,0.324,0.6,1.0,0.6
306,4,0.114,-0.15,0.162,0.8,0.586,0.65,0.838,0.35
307,4,-0.048,-0.1,0.424,1.0,0.848,0.7,0.676,0.1
308,2,0.214,0.9,0.686,1.0,0.686,0.45,0.514,0.15
309,2,0.476,1.0,0.948,1.0,0.524,0.2,0.352,0.2
310,,0.326,0.85,0.798,0.85,0.374,0.05,0.202,0.05
311,,0.176,0.7,0.648,0.7,0.224,-0.1,0.052,-0.1
312,6,0.014,0.45,0.486,0.75,0.486,0.9,0.314,-0.05
313,6,-0.148,0.2,0.324,0.8,0.748,1.0,0.576,0.0
314,1,0.852,0.462,0.374,0.638,0.498,0.838,0.626,0.262
315,1,1.0,0.724,0.424,0.476,0.248,0.676,0.676,0.524
316,,0.85,0.574,0.274,0.326,0.098,0.526,0.526,0.374
317,,0.7,0.424,0.124,0.176,-0.052,0.376,0.376,0.224
318,5,0.45,0.262,0.174,0.438,0.948,0.638,0.426,0.062
319,5,0.2,0.1,0.224,0.7,1.0,0.9,0.476,-0.1
320,8,0.462,0.15,0.062,0.45,0.838,0.95,0.738,0.9
321,8,0.724,0.2,-0.1,0.2,0.676,1.0,1.0,1.0
322,3,0.774,0.462,0.9,0.462,0.726,0.838,0.75,0.838
323,3,0.824,0.724,1.0,0.724,0.776,0.676,0.5,0.676
324,,0.674,0.574,0.85,0.574,0.626,0.526,0.35,0.526
325,,0.524,0.424,0.7,0.424,0.476,0.376,0.2,0.376
326,,0.374,0.274,0.55,0.274,0.326,0.226,0.05,0.226
327,,0.224,0.124,0.4,0.124,0.176,0.076,-0.1,0.076
328,7,0.274,-0.038,0.15,-0.038,0.226,0.338,0.9,0.338
329,7,0.324,-0.2,-0.1,-0.2,0.276,0.6,1.0,0.6
330,2,0.586,0.8,0.162,-0.15,0.114,0.35,0.838,0.65
331,2,0.848,1.0,0.424,-0.1,-0.048,0.1,0.676,0.7
332,4,0.686,1.0,0.686,0.9,0.214,0.15,0.514,0.45
333,4,0.524,1.0,0.948,1.0,0.476,0.2,0.352,0.2
334,,0.374,0.85,0.798,0.85,0.326,0.05,0.202,0.05
335,,0.224,0.7,0.648,0.7,0.176,-0.1,0.052,-0.1
336,8,0.486,0.75,0.486,0.45,0.014,-0.05,0.314,0.9
337,8,0.748,0.8,0.324,0.2,-0.148,0.0,0.576,1.0
338,5,0.498,0.638,0.374,0.462,0.852,0.262,0.626,0.838
339,5,0.248,0.476,0.424,0.724,1.0,0.524,0.676,0.676
340,,0.098,0.326,0.274,0.574,0.85,0.374,0.526,0.526
341,,-0.052,0.176,0.124,0.424,0.7,0.224,0.376,0.376
342,1,0.948,0.438,0.174,0.262,0.45,0.062,0.426,0.638
343,1,1.0,0.7,0.224,0.1,0.2,-0.1,0.476,0.9
344,6,0.838,0.45,0.062,0.15,0.462,0.9,0.738,0.95
345,6,0.676,0.2,-0.1,0.2,0.724,1.0,1.0,1.0
346,3,0.726,0.462,0.9,0.462,0.774,0.838,0.75,0.838
347,3,0.776,0.724,1.0,0.724,0.824,0.676,0.5,0.676
348,,0.626,0.574,0.85,0.574,0.674,0.526,0.35,0.526
349,,0.476,0.424,0.7,0.424,0.524,0.376,0.2,0.376
350,,0.326,0.274,0.55,0.274,0.374,0.226,0.05,0.226
351,,0.176,0.124,0.4,0.124,0.224,0.076,-0.1,0.076
352,7,0.226,-0.038,0.15,-0.038,0.274,0.338,0.9,0.338
353,7,0.276,-0.2,-0.1,-0.2,0.324,0.6,1.0,0.6
354,4,0.114,-0.15,0.162,0.8,0.586,0.65,0.838,0.35
355,4,-0.048,-0.1,0.424,1.0,0.848,0.7,0.676,0.1
356,2,0.214,0.9,0.686,1.0,0.686,0.45,0.514,0.15
357,2,0.476,1.0,0.948,1.0,0.524,0.2,0.352,0.2
358,,0.326,0.85,0.798,0.85,0.374,0.05,0.202,0.05
359,,0.176,0.7,0.648,0.7,0.224,-0.1,0.052,-0.1
360,8,0.438,0.75,0.486,0.45,0.062,-0.05,0.314,0.9
361,8,0.7,0.8,0.324,0.2,-0.1,0.0,0.576,1.0
362,5,0.45,0.638,0.374,0.462,0.9,0.262,0.626,0.838
363,5,0.2,0.476,0.424,0.724,1.0,0.524,0.676,0.676
364,,0.05,0.326,0.274,0.574,0.85,0.374,0.526,0.526
365,,-0.1,0.176,0.124,0.424,0.7,0.224,0.376,0.376
366,1,0.9,0.438,0.174,0.262,0.45,0.062,0.426,0.638
367,1,1.0,0.7,0.224,0.1,0.2,-0.1,0.476,0.9
368,6,0.838,0.45,0.062,0.15,0.462,0.9,0.738,0.95
369,6,0.676,0.2,-0.1,0.2,0.724,1.0,1.0,1.0
370,3,0.726,0.462,0.9,0.462,0.774,0.838,0.75,0.838
371,3,0.776,0.724,1.0,0.724,0.824,0.676,0.5,0.676
372,,0.626,0.574,0.85,0.574,0.674,0.526,0.35,0.526
373,,0.476,0.424,0.7,0.424,0.524,0.376,0.2,0.376
374,,0.326,0.274,0.55,0.274,0.374,0.226,0.05,0.226
375,,0.176,0.124,0.4,0.124,0.224,0.076,-0.1,0.076
376,7,0.226,-0.038,0.15,-0.038,0.274,0.338,0.9,0.338
377,7,0.276,-0.2,-0.1,-0.2,0.324,0.6,1.0,0.6
378,4,0.114,-0.15,0.162,0.8,0.586,0.65,0.838,0.35
379,4,-0.048,-0.1,0.424,1.0,0.848,0.7,0.676,0.1
380,2,0.214,0.9,0.686,1.0,0.686,0.45,0.514,0.15
381,2,0.476,1.0,0.948,1.0,0.524,0.2,0.352,0.2
382,,0.326,0.85,0.798,0.85,0.374,0.05,0.202,0.05
383,,0.176,0.7,0.648,0.7,0.224,-0.1,0.052,-0.1
384,6,0.014,0.45,0.486,0.75,0.486,0.9,0.314,-0.05
385,6,-0.148,0.2,0.324,0.8,0.748,1.0,0.576,0.0
386,1,0.852,0.462,0.374,0.638,0.498,0.838,0.626,0.262
387,1,1.0,0.724,0.424,0.476,0.248,0.676,0.676,0.524
388,,0.85,0.574,0.274,0.326,0.098,0.526,0.526,0.374
389,,0.7,0.424,0.124,0.176,-0.052,0.376,0.376,0.224
390,5,0.45,0.262,0.174,0.438,0.948,0.638,0.426,0.062
391,5,0.2,0.1,0.224,0.7,1.0,0.9,0.476,-0.1
392,8,0.462,0.15,0.062,0.45,0.838,0.95,0.738,0.9
393,8,0.724,0.2,-0.1,0.2,0.676,1.0,1.0,1.0
394,3,0.774,0.462,0.9,0.462,0.726,0.838,0.75,0.838
395,3,0.824,0.724,1.0,0.724,0.776,0.676,0.5,0.676
396,,0.674,0.574,0.85,0.574,0.626,0.526,0.35,0.526
397,,0.524,0.424,0.7,0.424,0.476,0.376,0.2,0.376
398,,0.374,0.274,0.55,0.274,0.326,0.226,0.05,0.226
399,,0.224,0.124,0.4,0.124,0.176,0.076,-0.1,0.076
400,7,0.274,-0.038,0.15,-0.038,0.226,0.338,0.9,0.338
401,7,0.324,-0.2,-0.1,-0.2,0.276,0.6,1.0,0.6
402,4,0.162,-0.15,0.162,0.8,0.538,0.65,0.838,0.35
403,4,0.0,-0.1,0.424,1.0,0.8,0.7,0.676,0.1
404,2,0.262,0.9,0.686,1.0,0.638,0.45,0.514,0.15
405,2,0.524,1.0,0.948,1.0,0.476,0.2,0.352,0.2
406,,0.374,0.85,0.798,0.85,0.326,0.05,0.202,0.05
407,,0.224,0.7,0.648,0.7,0.176,-0.1,0.052,-0.1
408,8,0.486,0.75,0.486,0.45,0.014,-0.05,0.314,0.9
409,8,0.748,0.8,0.324,0.2,-0.148,0.0,0.576,1.0
410,5,0.498,0.638,0.374,0.462,0.852,0.262,0.626,0.838
411,5,0.248,0.476,0.424,0.724,1.0,0.524,0.676,0.676
412,,0.098,0.326,0.274,0.574,0.85,0.374,0.526,0.526
413,,-0.052,0.176,0.124,0.424,0.7,0.224,0.376,0.376
414,1,0.948,0.438,0.174,0.262,0.45,0.062,0.426,0.638
415,1,1.0,0.7,0.224,0.1,0.2,-0.1,0.476,0.9
416,6,0.838,0.45,0.062,0.15,0.462,0.9,0.738,0.95
417,6,0.676,0.2,-0.1,0.2,0.724,1.0,1.0,1.0
418,3,0.726,0.462,0.9,0.462,0.774,0.838,0.75,0.838
419,3,0.776,0.724,1.0,0.724,0.824,0.676,0.5,0.676
420,,0.626,0.574,0.85,0.574,0.674,0.526,0.35,0.526
421,,0.476,0.424,0.7,0.424,0.524,0.376,0.2,0.376
422,,0.326,0.274,0.55,0.274,0.374,0.226,0.05,0.226
423,,0.176,0.124,0.4,0.124,0.224,0.076,-0.1,0.076
424,7,0.226,-0.038,0.15,-0.038,0.274,0.338,0.9,0.338
425,7,0.276,-0.2,-0.1,-0.2,0.324,0.6,1.0,0.6
426,2,0.538,0.8,0.162,-0.15,0.162,0.35,0.838,0.65
427,2,0.8,1.0,0.424,-0.1,0.0,0.1,0.676,0.7
428,4,0.638,1.0,0.686,0.9,0.262,0.15,0.514,0.45
429,4,0.476,1.0,0.948,1.0,0.524,0.2,0.352,0.2
430,,0.326,0.85,0.798,0.85,0.374,0.05,0.202,0.05
431,,0.176,0.7,0.648,0.7,0.224,-0.1,0.052,-0.1
432,8,0.438,0.75,0.486,0.45,0.062,-0.05,0.314,0.9
433,8,0.7,0.8,0.324,0.2,-0.1,0.0,0.576,1.0
434,5,0.45,0.638,0.374,0.462,0.9,0.262,0.626,0.838
435,5,0.2,0.476,0.424,0.724,1.0,0.524,0.676,0.676
436,,0.05,0.326,0.274,0.574,0.85,0.374,0.526,0.526
437,,-0.1,0.176,0.124,0.424,0.7,0.224,0.376,0.376
438,1,0.9,0.438,0.174,0.262,0.45,0.062,0.426,0.638
439,1,1.0,0.7,0.224,0.1,0.2,-0.1,0.476,0.9
440,6,0.838,0.45,0.062,0.15,0.462,0.9,0.738,0.95
441,6,0.676,0.2,-0.1,0.2,0.724,1.0,1.0,1.0
442,3,0.726,0.462,0.9,0.462,0.774,0.838,0.75,0.838
443,3,0.776,0.724,1.0,0.724,0.824,0.676,0.5,0.676
444,,0.626,0.574,0.85,0.574,0.674,0.526,0.35,0.526
445,,0.476,0.424,0.7,0.424,0.524,0.376,0.2,0.376
446,,0.326,0.274,0.55,0.274,0.374,0.226,0.05,0.226
447,,0.176,0.124,0.4,0.124,0.224,0.076,-0.1,0.076
448,7,0.226,-0.038,0.15,-0.038,0.274,0.338,0.9,0.338
449,7,0.276,-0.2,-0.1,-0.2,0.324,0.6,1.0,0.6
450,2,0.538,0.8,0.162,-0.15,0.162,0.35,0.838,0.65
451,2,0.8,1.0,0.424,-0.1,0.0,0.1,0.676,0.7
452,4,0.638,1.0,0.686,0.9,0.262,0.15,0.514,0.45
453,4,0.476,1.0,0.948,1.0,0.524,0.2,0.352,0.2
454,,0.326,0.85,0.798,0.85,0.374,0.05,0.202,0.05
455,,0.176,0.7,0.648,0.7,0.224,-0.1,0.052,-0.1
456,8,0.438,0.75,0.486,0.45,0.062,-0.05,0.314,0.9
457,8,0.7,0.8,0.324,0.2,-0.1,0.0,0.576,1.0
458,5,0.45,0.638,0.374,0.462,0.9,0.262,0.626,0.838
459,5,0.2,0.476,0.424,0.724,1.0,0.524,0.676,0.676
460,,0.05,0.326,0.274,0.574,0.85,0.374,0.526,0.526
461,,-0.1,0.176,0.124,0.424,0.7,0.224,0.376,0.376
462,1,0.9,0.438,0.174,0.262,0.45,0.062,0.426,0.638
463,1,1.0,0.7,0.224,0.1,0.2,-0.1,0.476,0.9
464,6,0.838,0.45,0.062,0.15,0.462,0.9,0.738,0.95
465,6,0.676,0.2,-0.1,0.2,0.724,1.0,1.0,1.0
466,3,0.726,0.462,0.9,0.462,0.774,0.838,0.75,0.838
467,3,0.776,0.724,1.0,0.724,0.824,0.676,0.5,0.676
468,,0.626,0.574,0.85,0.574,0.674,0.526,0.35,0.526
469,,0.476,0.424,0.7,0.424,0.524,0.376,0.2,0.376
470,,0.326,0.274,0.55,0.274,0.374,0.226,0.05,0.226
471,,0.176,0.124,0.4,0.124,0.224,0.076,-0.1,0.076
472,7,0.226,-0.038,0.15,-0.038,0.274,0.338,0.9,0.338
473,7,0.276,-0.2,-0.1,-0.2,0.324,0.6,1.0,0.6
474,4,0.114,-0.15,0.162,0.8,0.586,0.65,0.838,0.35
475,4,-0.048,-0.1,0.424,1.0,0.848,0.7,0.676,0.1
476,2,0.214,0.9,0.686,1.0,0.686,0.45,0.514,0.15
477,2,0.476,1.0,0.948,1.0,0.524,0.2,0.352,0.2
478,,0.326,0.85,0.798,0.85,0.374,0.05,0.202,0.05
479,,0.176,0.7,0.648,0.7,0.224,-0.1,0.052,-0.1
480,8,0.438,0.75,0.486,0.45,0.062,-0.05,0.314,0.9
481,8,0.7,0.8,0.324,0.2,-0.1,0.0,0.576,1.0
482,5,0.45,0.638,0.374,0.462,0.9,0.262,0.626,0.838
483,5,0.2,0.476,0.424,0.724,1.0,0.524,0.676,0.676
484,,0.05,0.326,0.274,0.574,0.85,0.374,0.526,0.526
485,,-0.1,0.176,0.124,0.424,0.7,0.224,0.376,0.376
486,1,0.9,0.438,0.174,0.262,0.45,0.062,0.426,0.638
487,1,1.0,0.7,0.224,0.1,0.2,-0.1,0.476,0.9
488,6,0.838,0.45,0.062,0.15,0.462,0.9,0.738,0.95
489,6,0.676,0.2,-0.1,0.2,0.724,1.0,1.0,1.0
490,3,0.726,0.462,0.9,0.462,0.774,0.838,0.75,0.838
491,3,0.776,0.724,1.0,0.724,0.824,0.676,0.5,0.676
492,,0.626,0.574,0.85,0.574,0.674,0.526,0.35,0.526
493,,0.476,0.424,0.7,0.424,0.524,0.376,0.2,0.376
494,,0.326,0.274,0.55,0.274,0.374,0.226,0.05,0.226
495,,0.176,0.124,0.4,0.124,0.224,0.076,-0.1,0.076
496,7,0.226,-0.038,0.15,-0.038,0.274,0.338,0.9,0.338
497,7,0.276,-0.2,-0.1,-0.2,0.324,0.6,1.0,0.6
498,2,0.538,0.8,0.162,-0.15,0.162,0.35,0.838,0.65
499,2,0.8,1.0,0.424,-0.1,0.0,0.1,0.676,0.7
500,4,0.638,1.0,0.686,0.9,0.262,0.15,0.514,0.45
501,4,0.476,1.0,0.948,1.0,0.524,0.2,0.352,0.2
502,,0.326,0.85,0.798,0.85,0.374,0.05,0.202,0.05
503,,0.176,0.7,0.648,0.7,0.224,-0.1,0.052,-0.1
504,6,0.014,0.45,0.486,0.75,0.486,0.9,0.314,-0.05
505,6,-0.148,0.2,0.324,0.8,0.748,1.0,0.576,0.0
506,1,0.852,0.462,0.374,0.638,0.498,0.838,0.626,0.262
507,1,1.0,0.724,0.424,0.476,0.248,0.676,0.676,0.524
508,,0.85,0.574,0.274,0.326,0.098,0.526,0.526,0.374
509,,0.7,0.424,0.124,0.176,-0.052,0.376,0.376,0.224
510,5,0.45,0.262,0.174,0.438,0.948,0.638,0.426,0.062
511,5,0.2,0.1,0.224,0.7,1.0,0.9,0.476,-0.1
512,8,0.462,0.15,0.062,0.45,0.838,0.95,0.738,0.9
513,8,0.724,0.2,-0.1,0.2,0.676,1.0,1.0,1.0
514,3,0.774,0.462,0.9,0.462,0.726,0.838,0.75,0.838
515,3,0.824,0.724,1.0,0.724,0.776,0.676,0.5,0.676
516,,0.674,0.574,0.85,0.574,0.626,0.526,0.35,0.526
517,,0.524,0.424,0.7,0.424,0.476,0.376,0.2,0.376
518,,0.374,0.274,0.55,0.274,0.326,0.226,0.05,0.226
519,,0.224,0.124,0.4,0.124,0.176,0.076,-0.1,0.076
520,7,0.274,-0.038,0.15,-0.038,0.226,0.338,0.9,0.338
521,7,0.324,-0.2,-0.1,-0.2,0.276,0.6,1.0,0.6
522,4,0.162,-0.15,0.162,0.8,0.538,0.65,0.838,0.35
523,4,0.0,-0.1,0.424,1.0,0.8,0.7,0.676,0.1
524,2,0.262,0.9,0.686,1.0,0.638,0.45,0.514,0.15
525,2,0.524,1.0,0.948,1.0,0.476,0.2,0.352,0.2
526,,0.374,0.85,0.798,0.85,0.326,0.05,0.202,0.05
527,,0.224,0.7,0.648,0.7,0.176,-0.1,0.052,-0.1
528,6,0.062,0.45,0.486,0.75,0.438,0.9,0.314,-0.05
529,6,-0.1,0.2,0.324,0.8,0.7,1.0,0.576,0.0
530,1,0.9,0.462,0.374,0.638,0.45,0.838,0.626,0.262
531,1,1.0,0.724,0.424,0.476,0.2,0.676,0.676,0.524
532,,0.85,0.574,0.274,0.326,0.05,0.526,0.526,0.374
533,,0.7,0.424,0.124,0.176,-0.1,0.376,0.376,0.224
534,5,0.45,0.262,0.174,0.438,0.9,0.638,0.426,0.062
535,5,0.2,0.1,0.224,0.7,1.0,0.9,0.476,-0.1
536,8,0.462,0.15,0.062,0.45,0.838,0.95,0.738,0.9
537,8,0.724,0.2,-0.1,0.2,0.676,1.0,1.0,1.0
538,3,0.774,0.462,0.9,0.462,0.726,0.838,0.75,0.838
539,3,0.824,0.724,1.0,0.724,0.776,0.676,0.5,0.676
540,,0.674,0.574,0.85,0.574,0.626,0.526,0.35,0.526
541,,0.524,0.424,0.7,0.424,0.476,0.376,0.2,0.376
542,,0.374,0.274,0.55,0.274,0.326,0.226,0.05,0.226
543,,0.224,0.124,0.4,0.124,0.176,0.076,-0.1,0.076
544,7,0.274,-0.038,0.15,-0.038,0.226,0.338,0.9,0.338
545,7,0.324,-0.2,-0.1,-0.2,0.276,0.6,1.0,0.6
546,2,0.586,0.8,0.162,-0.15,0.114,0.35,0.838,0.65
547,2,0.848,1.0,0.424,-0.1,-0.048,0.1,0.676,0.7
548,4,0.686,1.0,0.686,0.9,0.214,0.15,0.514,0.45
549,4,0.524,1.0,0.948,1.0,0.476,0.2,0.352,0.2
550,,0.374,0.85,0.798,0.85,0.326,0.05,0.202,0.05
551,,0.224,0.7,0.648,0.7,0.176,-0.1,0.052,-0.1
552,6,0.062,0.45,0.486,0.75,0.438,0.9,0.314,-0.05
553,6,-0.1,0.2,0.324,0.8,0.7,1.0,0.576,0.0
554,1,0.9,0.462,0.374,0.638,0.45,0.838,0.626,0.262
555,1,1.0,0.724,0.424,0.476,0.2,0.676,0.676,0.524
556,,0.85,0.574,0.274,0.326,0.05,0.526,0.526,0.374
557,,0.7,0.424,0.124,0.176,-0.1,0.376,0.376,0.224
558,5,0.45,0.262,0.174,0.438,0.9,0.638,0.426,0.062
559,5,0.2,0.1,0.224,0.7,1.0,0.9,0.476,-0.1
560,8,0.462,0.15,0.062,0.45,0.838,0.95,0.738,0.9
561,8,0.724,0.2,-0.1,0.2,0.676,1.0,1.0,1.0
562,3,0.774,0.462,0.9,0.462,0.726,0.838,0.75,0.838
563,3,0.824,0.724,1.0,0.724,0.776,0.676,0.5,0.676
564,,0.674,0.574,0.85,0.574,0.626,0.526,0.35,0.526
565,,0.524,0.424,0.7,0.424,0.476,0.376,0.2,0.376
566,,0.374,0.274,0.55,0.274,0.326,0.226,0.05,0.226
567,,0.224,0.124,0.4,0.124,0.176,0.076,-0.1,0.076
568,7,0.274,-0.038,0.15,-0.038,0.226,0.338,0.9,0.338
569,7,0.324,-0.2,-0.1,-0.2,0.276,0.6,1.0,0.6
570,2,0.586,0.8,0.162,-0.15,0.114,0.35,0.838,0.65
571,2,0.848,1.0,0.424,-0.1,-0.048,0.1,0.676,0.7
572,4,0.686,1.0,0.686,0.9,0.214,0.15,0.514,0.45
573,4,0.524,1.0,0.948,1.0,0.476,0.2,0.352,0.2
574,,0.374,0.85,0.798,0.85,0.326,0.05,0.202,0.05
575,,0.224,0.7,0.648,0.7,0.176,-0.1,0.052,-0.1
576,6,0.062,0.45,0.486,0.75,0.438,0.9,0.314,-0.05
577,6,-0.1,0.2,0.324,0.8,0.7,1.0,0.576,0.0
578,1,0.9,0.462,0.374,0.638,0.45,0.838,0.626,0.262
579,1,1.0,0.724,0.424,0.476,0.2,0.676,0.676,0.524
580,,0.85,0.574,0.274,0.326,0.05,0.526,0.526,0.374
581,,0.7,0.424,0.124,0.176,-0.1,0.376,0.376,0.224
582,5,0.45,0.262,0.174,0.438,0.9,0.638,0.426,0.062
583,5,0.2,0.1,0.224,0.7,1.0,0.9,0.476,-0.1
584,8,0.462,0.15,0.062,0.45,0.838,0.95,0.738,0.9
585,8,0.724,0.2,-0.1,0.2,0.676,1.0,1.0,1.0
586,3,0.774,0.462,0.9,0.462,0.726,0.838,0.75,0.838
587,3,0.824,0.724,1.0,0.724,0.776,0.676,0.5,0.676
588,,0.674,0.574,0.85,0.574,0.626,0.526,0.35,0.526
589,,0.524,0.424,0.7,0.424,0.476,0.376,0.2,0.376
590,,0.374,0.274,0.55,0.274,0.326,0.226,0.05,0.226
591,,0.224,0.124,0.4,0.124,0.176,0.076,-0.1,0.076
592,7,0.274,-0.038,0.15,-0.038,0.226,0.338,0.9,0.338
593,7,0.324,-0.2,-0.1,-0.2,0.276,0.6,1.0,0.6
594,2,0.586,0.8,0.162,-0.15,0.114,0.35,0.838,0.65
595,2,0.848,1.0,0.424,-0.1,-0.048,0.1,0.676,0.7
596,4,0.686,1.0,0.686,0.9,0.214,0.15,0.514,0.45
597,4,0.524,1.0,0.948,1.0,0.476,0.2,0.352,0.2
598,,0.374,0.85,0.798,0.85,0.326,0.05,0.202,0.05
599,,0.224,0.7,0.648,0.7,0.176,-0.1,0.052,-0.1
600,8,0.486,0.75,0.486,0.45,0.014,-0.05,0.314,0.9
601,8,0.748,0.8,0.324,0.2,-0.148,0.0,0.576,1.0
602,5,0.498,0.638,0.374,0.462,0.852,0.262,0.626,0.838
603,5,0.248,0.476,0.424,0.724,1.0,0.524,0.676,0.676
604,,0.098,0.326,0.274,0.574,0.85,0.374,0.526,0.526
605,,-0.052,0.176,0.124,0.424,0.7,0.224,0.376,0.376
606,1,0.948,0.438,0.174,0.262,0.45,0.062,0.426,0.638
607,1,1.0,0.7,0.224,0.1,0.2,-0.1,0.476,0.9
608,6,0.838,0.45,0.062,0.15,0.462,0.9,0.738,0.95
609,6,0.676,0.2,-0.1,0.2,0.724,1.0,1.0,1.0
610,3,0.726,0.462,0.9,0.462,0.774,0.838,0.75,0.838
611,3,0.776,0.724,1.0,0.724,0.824,0.676,0.5,0.676
612,,0.626,0.574,0.85,0.574,0.674,0.526,0.35,0.526
613,,0.476,0.424,0.7,0.424,0.524,0.376,0.2,0.376
614,,0.326,0.274,0.55,0.274,0.374,0.226,0.05,0.226
615,,0.176,0.124,0.4,0.124,0.224,0.076,-0.1,0.076
616,7,0.226,-0.038,0.15,-0.038,0.274,0.338,0.9,0.338
617,7,0.276,-0.2,-0.1,-0.2,0.324,0.6,1.0,0.6
618,4,0.114,-0.15,0.162,0.8,0.586,0.65,0.838,0.35
619,4,-0.048,-0.1,0.424,1.0,0.848,0.7,0.676,0.1
620,2,0.214,0.9,0.686,1.0,0.686,0.45,0.514,0.15
621,2,0.476,1.0,0.948,1.0,0.524,0.2,0.352,0.2
622,,0.326,0.85,0.798,0.85,0.374,0.05,0.202,0.05
623,,0.176,0.7,0.648,0.7,0.224,-0.1,0.052,-0.1
624,6,0.014,0.45,0.486,0.75,0.486,0.9,0.314,-0.05
625,6,-0.148,0.2,0.324,0.8,0.748,1.0,0.576,0.0
626,1,0.852,0.462,0.374,0.638,0.498,0.838,0.626,0.262
627,1,1.0,0.724,0.424,0.476,0.248,0.676,0.676,0.524
628,,0.85,0.574,0.274,0.326,0.098,0.526,0.526,0.374
629,,0.7,0.424,0.124,0.176,-0.052,0.376,0.376,0.224
630,5,0.45,0.262,0.174,0.438,0.948,0.638,0.426,0.062
631,5,0.2,0.1,0.224,0.7,1.0,0.9,0.476,-0.1
632,8,0.462,0.15,0.062,0.45,0.838,0.95,0.738,0.9
633,8,0.724,0.2,-0.1,0.2,0.676,1.0,1.0,1.0
634,3,0.774,0.462,0.9,0.462,0.726,0.838,0.75,0.838
635,3,0.824,0.724,1.0,0.724,0.776,0.676,0.5,0.676
636,,0.674,0.574,0.85,0.574,0.626,0.526,0.35,0.526
637,,0.524,0.424,0.7,0.424,0.476,0.376,0.2,0.376
638,,0.374,0.274,0.55,0.274,0.326,0.226,0.05,0.226
639,,0.224,0.124,0.4,0.124,0.176,0.076,-0.1,0.076
640,7,0.274,-0.038,0.15,-0.038,0.226,0.338,0.9,0.338
641,7,0.324,-0.2,-0.1,-0.2,0.276,0.6,1.0,0.6
642,4,0.162,-0.15,0.162,0.8,0.538,0.65,0.838,0.35
643,4,0.0,-0.1,0.424,1.0,0.8,0.7,0.676,0.1
644,2,0.262,0.9,0.686,1.0,0.638,0.45,0.514,0.15
645,2,0.524,1.0,0.948,1.0,0.476,0.2,0.352,0.2
646,,0.374,0.85,0.798,0.85,0.326,0.05,0.202,0.05
647,,0.224,0.7,0.648,0.7,0.176,-0.1,0.052,-0.1
648,8,0.486,0.75,0.486,0.45,0.014,-0.05,0.314,0.9
649,8,0.748,0.8,0.324,0.2,-0.148,0.0,0.576,1.0
650,5,0.498,0.638,0.374,0.462,0.852,0.262,0.626,0.838
651,5,0.248,0.476,0.424,0.724,1.0,0.524,0.676,0.676
652,,0.098,0.326,0.274,0.574,0.85,0.374,0.526,0.526
653,,-0.052,0.176,0.124,0.424,0.7,0.224,0.376,0.376
654,1,0.948,0.438,0.174,0.262,0.45,0.062,0.426,0.638
655,1,1.0,0.7,0.224,0.1,0.2,-0.1,0.476,0.9
656,6,0.838,0.45,0.062,0.15,0.462,0.9,0.738,0.95
657,6,0.676,0.2,-0.1,0.2,0.724,1.0,1.0,1.0
658,3,0.726,0.462,0.9,0.462,0.774,0.838,0.75,0.838
659,3,0.776,0.724,1.0,0.724,0.824,0.676,0.5,0.676
660,,0.626,0.574,0.85,0.574,0.674,0.526,0.35,0.526
661,,0.476,0.424,0.7,0.424,0.524,0.376,0.2,0.376
662,,0.326,0.274,0.55,0.274,0.374,0.226,0.05,0.226
663,,0.176,0.124,0.4,0.124,0.224,0.076,-0.1,0.076
664,7,0.226,-0.038,0.15,-0.038,0.274,0.338,0.9,0.338
665,7,0.276,-0.2,-0.1,-0.2,0.324,0.6,1.0,0.6
666,4,0.114,-0.15,0.162,0.8,0.586,0.65,0.838,0.35
667,4,-0.048,-0.1,0.424,1.0,0.848,0.7,0.676,0.1
668,2,0.214,0.9,0.686,1.0,0.686,0.45,0.514,0.15
669,2,0.476,1.0,0.948,1.0,0.524,0.2,0.352,0.2
670,,0.326,0.85,0.798,0.85,0.374,0.05,0.202,0.05
671,,0.176,0.7,0.648,0.7,0.224,-0.1,0.052,-0.1
672,8,0.438,0.75,0.486,0.45,0.062,-0.05,0.314,0.9
673,8,0.7,0.8,0.324,0.2,-0.1,0.0,0.576,1.0
674,5,0.45,0.638,0.374,0.462,0.9,0.262,0.626,0.838
675,5,0.2,0.476,0.424,0.724,1.0,0.524,0.676,0.676
676,,0.05,0.326,0.274,0.574,0.85,0.374,0.526,0.526
677,,-0.1,0.176,0.124,0.424,0.7,0.224,0.376,0.376
678,1,0.9,0.438,0.174,0.262,0.45,0.062,0.426,0.638
679,1,1.0,0.7,0.224,0.1,0.2,-0.1,0.476,0.9
680,6,0.838,0.45,0.062,0.15,0.462,0.9,0.738,0.95
681,6,0.676,0.2,-0.1,0.2,0.724,1.0,1.0,1.0
682,3,0.726,0.462,0.9,0.462,0.774,0.838,0.75,0.838
683,3,0.776,0.724,1.0,0.724,0.824,0.676,0.5,0.676
684,,0.626,0.574,0.85,0.574,0.674,0.526,0.35,0.526
685,,0.476,0.424,0.7,0.424,0.524,0.376,0.2,0.376
686,,0.326,0.274,0.55,0.274,0.374,0.226,0.05,0.226
687,,0.176,0.124,0.4,0.124,0.224,0.076,-0.1,0.076
688,7,0.226,-0.038,0.15,-0.038,0.274,0.338,0.9,0.338
689,7,0.276,-0.2,-0.1,-0.2,0.324,0.6,1.0,0.6
690,2,0.538,0.8,0.162,-0.15,0.162,0.35,0.838,0.65
691,2,0.8,1.0,0.424,-0.1,0.0,0.1,0.676,0.7
692,4,0.638,1.0,0.686,0.9,0.262,0.15,0.514,0.45
693,4,0.476,1.0,0.948,1.0,0.524,0.2,0.352,0.2
694,,0.326,0.85,0.798,0.85,0.374,0.05,0.202,0.05
695,,0.176,0.7,0.648,0.7,0.224,-0.1,0.052,-0.1
696,8,0.438,0.75,0.486,0.45,0.062,-0.05,0.314,0.9
697,8,0.7,0.8,0.324,0.2,-0.1,0.0,0.576,1.0
698,5,0.45,0.638,0.374,0.462,0.9,0.262,0.626,0.838
699,5,0.2,0.476,0.424,0.724,1.0,0.524,0.676,0.676
700,,0.05,0.326,0.274,0.574,0.85,0.374,0.526,0.526
701,,-0.1,0.176,0.124,0.424,0.7,0.224,0.376,0.376
702,1,0.9,0.438,0.174,0.262,0.45,0.062,0.426,0.638
703,1,1.0,0.7,0.224,0.1,0.2,-0.1,0.476,0.9
704,6,0.838,0.45,0.062,0.15,0.462,0.9,0.738,0.95
705,6,0.676,0.2,-0.1,0.2,0.724,1.0,1.0,1.0
706,3,0.726,0.462,0.9,0.462,0.774,0.838,0.75,0.838
707,3,0.776,0.724,1.0,0.724,0.824,0.676,0.5,0.676
708,,0.626,0.574,0.85,0.574,0.674,0.526,0.35,0.526
709,,0.476,0.424,0.7,0.424,0.524,0.376,0.2,0.376
710,,0.326,0.274,0.55,0.274,0.374,0.226,0.05,0.226
711,,0.176,0.124,0.4,0.124,0.224,0.076,-0.1,0.076
712,7,0.226,-0.038,0.15,-0.038,0.274,0.338,0.9,0.338
713,7,0.276,-0.2,-0.1,-0.2,0.324,0.6,1.0,0.6
714,4,0.114,-0.15,0.162,0.8,0.586,0.65,0.838,0.35
715,4,-0.048,-0.1,0.424,1.0,0.848,0.7,0.676,0.1
716,2,0.214,0.9,0.686,1.0,0.686,0.45,0.514,0.15
717,2,0.476,1.0,0.948,1.0,0.524,0.2,0.352,0.2
718,,0.326,0.85,0.798,0.85,0.374,0.05,0.202,0.05
719,,0.176,0.7,0.648,0.7,0.224,-0.1,0.052,-0.1
720,6,0.014,0.45,0.486,0.75,0.486,0.9,0.314,-0.05
721,6,-0.148,0.2,0.324,0.8,0.748,1.0,0.576,0.0
722,1,0.852,0.462,0.374,0.638,0.498,0.838,0.626,0.262
723,1,1.0,0.724,0.424,0.476,0.248,0.676,0.676,0.524
724,,0.85,0.574,0.274,0.326,0.098,0.526,0.526,0.374
725,,0.7,0.424,0.124,0.176,-0.052,0.376,0.376,0.224
726,5,0.45,0.262,0.174,0.438,0.948,0.638,0.426,0.062
727,5,0.2,0.1,0.224,0.7,1.0,0.9,0.476,-0.1
728,8,0.462,0.15,0.062,0.45,0.838,0.95,0.738,0.9
729,8,0.724,0.2,-0.1,0.2,0.676,1.0,1.0,1.0
730,3,0.774,0.462,0.9,0.462,0.726,0.838,0.75,0.838
731,3,0.824,0.724,1.0,0.724,0.776,0.676,0.5,0.676
732,,0.674,0.574,0.85,0.574,0.626,0.526,0.35,0.526
733,,0.524,0.424,0.7,0.424,0.476,0.376,0.2,0.376
734,,0.374,0.274,0.55,0.274,0.326,0.226,0.05,0.226
735,,0.224,0.124,0.4,0.124,0.176,0.076,-0.1,0.076
736,7,0.274,-0.038,0.15,-0.038,0.226,0.338,0.9,0.338
737,7,0.324,-0.2,-0.1,-0.2,0.276,0.6,1.0,0.6
738,2,0.586,0.8,0.162,-0.15,0.114,0.35,0.838,0.65
739,2,0.848,1.0,0.424,-0.1,-0.048,0.1,0.676,0.7
740,4,0.686,1.0,0.686,0.9,0.214,0.15,0.514,0.45
741,4,0.524,1.0,0.948,1.0,0.476,0.2,0.352,0.2
742,,0.374,0.85,0.798,0.85,0.326,0.05,0.202,0.05
743,,0.224,0.7,0.648,0.7,0.176,-0.1,0.052,-0.1
744,8,0.486,0.75,0.486,0.45,0.014,-0.05,0.314,0.9
745,8,0.748,0.8,0.324,0.2,-0.148,0.0,0.576,1.0
746,5,0.498,0.638,0.374,0.462,0.852,0.262,0.626,0.838
747,5,0.248,0.476,0.424,0.724,1.0,0.524,0.676,0.676
748,,0.098,0.326,0.274,0.574,0.85,0.374,0.526,0.526
749,,-0.052,0.176,0.124,0.424,0.7,0.224,0.376,0.376
750,1,0.948,0.438,0.174,0.262,0.45,0.062,0.426,0.638
751,1,1.0,0.7,0.224,0.1,0.2,-0.1,0.476,0.9
752,6,0.838,0.45,0.062,0.15,0.462,0.9,0.738,0.95
753,6,0.676,0.2,-0.1,0.2,0.724,1.0,1.0,1.0
754,3,0.726,0.462,0.9,0.462,0.774,0.838,0.75,0.838
755,3,0.776,0.724,1.0,0.724,0.824,0.676,0.5,0.676
756,,0.626,0.574,0.85,0.574,0.674,0.526,0.35,0.526
757,,0.476,0.424,0.7,0.424,0.524,0.376,0.2,0.376
758,,0.326,0.274,0.55,0.274,0.374,0.226,0.05,0.226
759,,0.176,0.124,0.4,0.124,0.224,0.076,-0.1,0.076
760,7,0.226,-0.038,0.15,-0.038,0.274,0.338,0.9,0.338
761,7,0.276,-0.2,-0.1,-0.2,0.324,0.6,1.0,0.6
762,4,0.114,-0.15,0.162,0.8,0.586,0.65,0.838,0.35
763,4,-0.048,-0.1,0.424,1.0,0.848,0.7,0.676,0.1
764,2,0.214,0.9,0.686,1.0,0.686,0.45,0.514,0.15
765,2,0.476,1.0,0.948,1.0,0.524,0.2,0.352,0.2
766,,0.326,0.85,0.798,0.85,0.374,0.05,0.202,0.05
767,,0.176,0.7,0.648,0.7,0.224,-0.1,0.052,-0.1
768,8,0.438,0.75,0.486,0.45,0.062,-0.05,0.314,0.9
769,8,0.7,0.8,0.324,0.2,-0.1,0.0,0.576,1.0
770,5,0.45,0.638,0.374,0.462,0.9,0.262,0.626,0.838
771,5,0.2,0.476,0.424,0.724,1.0,0.524,0.676,0.676
772,,0.05,0.326,0.274,0.574,0.85,0.374,0.526,0.526
773,,-0.1,0.176,0.124,0.424,0.7,0.224,0.376,0.376
774,1,0.9,0.438,0.174,0.262,0.45,0.062,0.426,0.638
775,1,1.0,0.7,0.224,0.1,0.2,-0.1,0.476,0.9
776,6,0.838,0.45,0.062,0.15,0.462,0.9,0.738,0.95
777,6,0.676,0.2,-0.1,0.2,0.724,1.0,1.0,1.0
778,3,0.726,0.462,0.9,0.462,0.774,0.838,0.75,0.838
779,3,0.776,0.724,1.0,0.724,0.824,0.676,0.5,0.676
780,,0.626,0.574,0.85,0.574,0.674,0.526,0.35,0.526
781,,0.476,0.424,0.7,0.424,0.524,0.376,0.2,0.376
782,,0.326,0.274,0.55,0.274,0.374,0.226,0.05,0.226
783,,0.176,0.124,0.4,0.124,0.224,0.076,-0.1,0.076
784,7,0.226,-0.038,0.15,-0.038,0.274,0.338,0.9,0.338
785,7,0.276,-0.2,-0.1,-0.2,0.324,0.6,1.0,0.6
786,4,0.114,-0.15,0.162,0.8,0.586,0.65,0.838,0.35
787,4,-0.048,-0.1,0.424,1.0,0.848,0.7,0.676,0.1
788,2,0.214,0.9,0.686,1.0,0.686,0.45,0.514,0.15
789,2,0.476,1.0,0.948,1.0,0.524,0.2,0.352,0.2
790,,0.326,0.85,0.798,0.85,0.374,0.05,0.202,0.05
791,,0.176,0.7,0.648,0.7,0.224,-0.1,0.052,-0.1
792,8,0.438,0.75,0.486,0.45,0.062,-0.05,0.314,0.9
793,8,0.7,0.8,0.324,0.2,-0.1,0.0,0.576,1.0
794,5,0.45,0.638,0.374,0.462,0.9,0.262,0.626,0.838
795,5,0.2,0.476,0.424,0.724,1.0,0.524,0.676,0.676
796,,0.05,0.326,0.274,0.574,0.85,0.374,0.526,0.526
797,,-0.1,0.176,0.124,0.424,0.7,0.224,0.376,0.376
798,1,0.9,0.438,0.174,0.262,0.45,0.062,0.426,0.638
799,1,1.0,0.7,0.224,0.1,0.2,-0.1,0.476,0.9
800,6,0.838,0.45,0.062,0.15,0.462,0.9,0.738,0.95
801,6,0.676,0.2,-0.1,0.2,0.724,1.0,1.0,1.0
802,3,0.726,0.462,0.9,0.462,0.774,0.838,0.75,0.838
803,3,0.776,0.724,1.0,0.724,0.824,0.676,0.5,0.676
804,,0.626,0.574,0.85,0.574,0.674,0.526,0.35,0.526
805,,0.476,0.424,0.7,0.424,0.524,0.376,0.2,0.376
806,,0.326,0.274,0.55,0.274,0.374,0.226,0.05,0.226
807,,0.176,0.124,0.4,0.124,0.224,0.076,-0.1,0.076
808,7,0.226,-0.038,0.15,-0.038,0.274,0.338,0.9,0.338
809,7,0.276,-0.2,-0.1,-0.2,0.324,0.6,1.0,0.6
810,4,0.114,-0.15,0.162,0.8,0.586,0.65,0.838,0.35
811,4,-0.048,-0.1,0.424,1.0,0.848,0.7,0.676,0.1
