step,active_motive,motive_1,motive_2,motive_3,motive_4,motive_5,motive_6,motive_7,motive_8
0,,0.06909,0.03867,0.09367,0.01375,0.03411,0.01135,0.09247,0.08773
1,,0.01909,-0.01133,0.04367,-0.03625,-0.01589,-0.03865,0.04247,0.03773
2,6,0.22809,0.13867,0.25267,0.31375,0.47511,0.96135,0.53347,0.38773
3,6,0.43709,0.28867,0.46167,0.66375,0.96611,1.0,1.0,0.73773
4,,0.38709,0.23867,0.41167,0.61375,0.91611,0.95,0.95,0.68773
5,,0.33709,0.18867,0.36167,0.56375,0.86611,0.9,0.9,0.63773
6,,0.28709,0.13867,0.31167,0.51375,0.81611,0.85,0.85,0.58773
7,,0.23709,0.08867,0.26167,0.46375,0.76611,0.8,0.8,0.53773
8,,0.18709,0.03867,0.21167,0.41375,0.71611,0.75,0.75,0.48773
9,,0.13709,-0.01133,0.16167,0.36375,0.66611,0.7,0.7,0.43773
10,2,0.62809,0.98867,0.65267,0.71375,0.87511,0.85,0.909,0.78773
11,2,1.0,1.0,1.0,1.0,1.0,1.0,1.0,1.0
12,,0.95,0.95,0.95,0.95,0.95,0.95,0.95,0.95
13,,0.9,0.9,0.9,0.9,0.9,0.9,0.9,0.9
14,,0.85,0.85,0.85,0.85,0.85,0.85,0.85,0.85
15,,0.8,0.8,0.8,0.8,0.8,0.8,0.8,0.8
16,,0.75,0.75,0.75,0.75,0.75,0.75,0.75,0.75
17,,0.7,0.7,0.7,0.7,0.7,0.7,0.7,0.7
18,,0.65,0.65,0.65,0.65,0.65,0.65,0.65,0.65
19,,0.6,0.6,0.6,0.6,0.6,0.6,0.6,0.6
20,,0.55,0.55,0.55,0.55,0.55,0.55,0.55,0.55
21,,0.5,0.5,0.5,0.5,0.5,0.5,0.5,0.5
22,,0.45,0.45,0.45,0.45,0.45,0.45,0.45,0.45
23,,0.4,0.4,0.4,0.4,0.4,0.4,0.4,0.4
24,,0.35,0.35,0.35,0.35,0.35,0.35,0.35,0.35
25,,0.3,0.3,0.3,0.3,0.3,0.3,0.3,0.3
26,,0.25,0.25,0.25,0.25,0.25,0.25,0.25,0.25
27,,0.2,0.2,0.2,0.2,0.2,0.2,0.2,0.2
28,,0.15,0.15,0.15,0.15,0.15,0.15,0.15,0.15
29,,0.1,0.1,0.1,0.1,0.1,0.1,0.1,0.1
30,,0.05,0.05,0.05,0.05,0.05,0.05,0.05,0.05
31,,0.0,0.0,0.0,0.0,0.0,0.0,0.0,0.0
32,,-0.05,-0.05,-0.05,-0.05,-0.05,-0.05,-0.05,-0.05
33,3,0.3,0.441,0.95,0.441,0.3,0.159,0.1,0.159
34,3,0.65,0.932,1.0,0.932,0.65,0.368,0.25,0.368
35,,0.6,0.882,0.95,0.882,0.6,0.318,0.2,0.318
36,,0.55,0.832,0.9,0.832,0.55,0.268,0.15,0.268
37,,0.5,0.782,0.85,0.782,0.5,0.218,0.1,0.218
38,,0.45,0.732,0.8,0.732,0.45,0.168,0.05,0.168
39,,0.4,0.682,0.75,0.682,0.4,0.118,0.0,0.118
40,,0.35,0.632,0.7,0.632,0.35,0.068,-0.05,0.068
41,7,0.7,0.841,0.85,0.841,0.7,0.559,0.95,0.559
42,7,1.0,1.0,1.0,1.0,1.0,1.0,1.0,1.0
43,,0.95,0.95,0.95,0.95,0.95,0.95,0.95,0.95
44,,0.9,0.9,0.9,0.9,0.9,0.9,0.9,0.9
45,,0.85,0.85,0.85,0.85,0.85,0.85,0.85,0.85
46,,0.8,0.8,0.8,0.8,0.8,0.8,0.8,0.8
47,,0.75,0.75,0.75,0.75,0.75,0.75,0.75,0.75
48,,0.7,0.7,0.7,0.7,0.7,0.7,0.7,0.7
49,,0.65,0.65,0.65,0.65,0.65,0.65,0.65,0.65
50,,0.6,0.6,0.6,0.6,0.6,0.6,0.6,0.6
51,,0.55,0.55,0.55,0.55,0.55,0.55,0.55,0.55
52,,0.5,0.5,0.5,0.5,0.5,0.5,0.5,0.5
53,,0.45,0.45,0.45,0.45,0.45,0.45,0.45,0.45
54,,0.4,0.4,0.4,0.4,0.4,0.4,0.4,0.4
55,,0.35,0.35,0.35,0.35,0.35,0.35,0.35,0.35
56,,0.3,0.3,0.3,0.3,0.3,0.3,0.3,0.3
57,,0.25,0.25,0.25,0.25,0.25,0.25,0.25,0.25
58,,0.2,0.2,0.2,0.2,0.2,0.2,0.2,0.2
59,,0.15,0.15,0.15,0.15,0.15,0.15,0.15,0.15
60,,0.1,0.1,0.1,0.1,0.1,0.1,0.1,0.1
61,,0.05,0.05,0.05,0.05,0.05,0.05,0.05,0.05
62,,0.0,0.0,0.0,0.0,0.0,0.0,0.0,0.0
63,,-0.05,-0.05,-0.05,-0.05,-0.05,-0.05,-0.05,-0.05
64,7,0.3,0.159,0.1,0.159,0.3,0.441,0.95,0.441
65,7,0.65,0.368,0.25,0.368,0.65,0.932,1.0,0.932
66,,0.6,0.318,0.2,0.318,0.6,0.882,0.95,0.882
67,,0.55,0.268,0.15,0.268,0.55,0.832,0.9,0.832
68,,0.5,0.218,0.1,0.218,0.5,0.782,0.85,0.782
69,,0.45,0.168,0.05,0.168,0.45,0.732,0.8,0.732
70,,0.4,0.118,0.0,0.118,0.4,0.682,0.75,0.682
71,,0.35,0.068,-0.05,0.068,0.35,0.632,0.7,0.632
72,3,0.7,0.559,0.95,0.559,0.7,0.841,0.85,0.841
73,3,1.0,1.0,1.0,1.0,1.0,1.0,1.0,1.0
74,,0.95,0.95,0.95,0.95,0.95,0.95,0.95,0.95
75,,0.9,0.9,0.9,0.9,0.9,0.9,0.9,0.9
76,,0.85,0.85,0.85,0.85,0.85,0.85,0.85,0.85
77,,0.8,0.8,0.8,0.8,0.8,0.8,0.8,0.8
78,,0.75,0.75,0.75,0.75,0.75,0.75,0.75,0.75
79,,0.7,0.7,0.7,0.7,0.7,0.7,0.7,0.7
80,,0.65,0.65,0.65,0.65,0.65,0.65,0.65,0.65
81,,0.6,0.6,0.6,0.6,0.6,0.6,0.6,0.6
82,,0.55,0.55,0.55,0.55,0.55,0.55,0.55,0.55
83,,0.5,0.5,0.5,0.5,0.5,0.5,0.5,0.5
84,,0.45,0.45,0.45,0.45,0.45,0.45,0.45,0.45
85,,0.4,0.4,0.4,0.4,0.4,0.4,0.4,0.4
86,,0.35,0.35,0.35,0.35,0.35,0.35,0.35,0.35
87,,0.3,0.3,0.3,0.3,0.3,0.3,0.3,0.3
88,,0.25,0.25,0.25,0.25,0.25,0.25,0.25,0.25
89,,0.2,0.2,0.2,0.2,0.2,0.2,0.2,0.2
90,,0.15,0.15,0.15,0.15,0.15,0.15,0.15,0.15
91,,0.1,0.1,0.1,0.1,0.1,0.1,0.1,0.1
92,,0.05,0.05,0.05,0.05,0.05,0.05,0.05,0.05
93,,0.0,0.0,0.0,0.0,0.0,0.0,0.0,0.0
94,,-0.05,-0.05,-0.05,-0.05,-0.05,-0.05,-0.05,-0.05
95,4,0.159,0.3,0.441,0.95,0.441,0.3,0.159,0.1
96,4,0.368,0.65,0.932,1.0,0.932,0.65,0.368,0.25
97,,0.318,0.6,0.882,0.95,0.882,0.6,0.318,0.2
98,,0.268,0.55,0.832,0.9,0.832,0.55,0.268,0.15
99,,0.218,0.5,0.782,0.85,0.782,0.5,0.218,0.1
100,,0.168,0.45,0.732,0.8,0.732,0.45,0.168,0.05
101,,0.118,0.4,0.682,0.75,0.682,0.4,0.118,0.0
102,,0.068,0.35,0.632,0.7,0.632,0.35,0.068,-0.05
103,8,0.559,0.7,0.841,0.85,0.841,0.7,0.559,0.95
104,8,1.0,1.0,1.0,1.0,1.0,1.0,1.0,1.0
105,,0.95,0.95,0.95,0.95,0.95,0.95,0.95,0.95
106,,0.9,0.9,0.9,0.9,0.9,0.9,0.9,0.9
107,,0.85,0.85,0.85,0.85,0.85,0.85,0.85,0.85
108,,0.8,0.8,0.8,0.8,0.8,0.8,0.8,0.8
109,,0.75,0.75,0.75,0.75,0.75,0.75,0.75,0.75
110,,0.7,0.7,0.7,0.7,0.7,0.7,0.7,0.7
111,,0.65,0.65,0.65,0.65,0.65,0.65,0.65,0.65
112,,0.6,0.6,0.6,0.6,0.6,0.6,0.6,0.6
113,,0.55,0.55,0.55,0.55,0.55,0.55,0.55,0.55
114,,0.5,0.5,0.5,0.5,0.5,0.5,0.5,0.5
115,,0.45,0.45,0.45,0.45,0.45,0.45,0.45,0.45
116,,0.4,0.4,0.4,0.4,0.4,0.4,0.4,0.4
117,,0.35,0.35,0.35,0.35,0.35,0.35,0.35,0.35
118,,0.3,0.3,0.3,0.3,0.3,0.3,0.3,0.3
119,,0.25,0.25,0.25,0.25,0.25,0.25,0.25,0.25
120,,0.2,0.2,0.2,0.2,0.2,0.2,0.2,0.2
121,,0.15,0.15,0.15,0.15,0.15,0.15,0.15,0.15
122,,0.1,0.1,0.1,0.1,0.1,0.1,0.1,0.1
123,,0.05,0.05,0.05,0.05,0.05,0.05,0.05,0.05
124,,0.0,0.0,0.0,0.0,0.0,0.0,0.0,0.0
125,,-0.05,-0.05,-0.05,-0.05,-0.05,-0.05,-0.05,-0.05
126,8,0.441,0.3,0.159,0.1,0.159,0.3,0.441,0.95
127,8,0.932,0.65,0.368,0.25,0.368,0.65,0.932,1.0
128,,0.882,0.6,0.318,0.2,0.318,0.6,0.882,0.95
129,,0.832,0.55,0.268,0.15,0.268,0.55,0.832,0.9
130,,0.782,0.5,0.218,0.1,0.218,0.5,0.782,0.85
131,,0.732,0.45,0.168,0.05,0.168,0.45,0.732,0.8
132,,0.682,0.4,0.118,0.0,0.118,0.4,0.682,0.75
133,,0.632,0.35,0.068,-0.05,0.068,0.35,0.632,0.7
134,4,0.841,0.7,0.559,0.95,0.559,0.7,0.841,0.85
135,4,1.0,1.0,1.0,1.0,1.0,1.0,1.0,1.0
136,,0.95,0.95,0.95,0.95,0.95,0.95,0.95,0.95
137,,0.9,0.9,0.9,0.9,0.9,0.9,0.9,0.9
138,,0.85,0.85,0.85,0.85,0.85,0.85,0.85,0.85
139,,0.8,0.8,0.8,0.8,0.8,0.8,0.8,0.8
140,,0.75,0.75,0.75,0.75,0.75,0.75,0.75,0.75
141,,0.7,0.7,0.7,0.7,0.7,0.7,0.7,0.7
142,,0.65,0.65,0.65,0.65,0.65,0.65,0.65,0.65
143,,0.6,0.6,0.6,0.6,0.6,0.6,0.6,0.6
144,,0.55,0.55,0.55,0.55,0.55,0.55,0.55,0.55
145,,0.5,0.5,0.5,0.5,0.5,0.5,0.5,0.5
146,,0.45,0.45,0.45,0.45,0.45,0.45,0.45,0.45
147,,0.4,0.4,0.4,0.4,0.4,0.4,0.4,0.4
148,,0.35,0.35,0.35,0.35,0.35,0.35,0.35,0.35
149,,0.3,0.3,0.3,0.3,0.3,0.3,0.3,0.3
150,,0.25,0.25,0.25,0.25,0.25,0.25,0.25,0.25
151,,0.2,0.2,0.2,0.2,0.2,0.2,0.2,0.2
152,,0.15,0.15,0.15,0.15,0.15,0.15,0.15,0.15
153,,0.1,0.1,0.1,0.1,0.1,0.1,0.1,0.1
154,,0.05,0.05,0.05,0.05,0.05,0.05,0.05,0.05
155,,0.0,0.0,0.0,0.0,0.0,0.0,0.0,0.0
156,,-0.05,-0.05,-0.05,-0.05,-0.05,-0.05,-0.05,-0.05
157,2,0.441,0.95,0.441,0.3,0.159,0.1,0.159,0.3
158,2,0.932,1.0,0.932,0.65,0.368,0.25,0.368,0.65
159,,0.882,0.95,0.882,0.6,0.318,0.2,0.318,0.6
160,,0.832,0.9,0.832,0.55,0.268,0.15,0.268,0.55
161,,0.782,0.85,0.782,0.5,0.218,0.1,0.218,0.5
162,,0.732,0.8,0.732,0.45,0.168,0.05,0.168,0.45
163,,0.682,0.75,0.682,0.4,0.118,0.0,0.118,0.4
164,,0.632,0.7,0.632,0.35,0.068,-0.05,0.068,0.35
165,6,0.841,0.85,0.841,0.7,0.559,0.95,0.559,0.7
166,6,1.0,1.0,1.0,1.0,1.0,1.0,1.0,1.0
167,,0.95,0.95,0.95,0.95,0.95,0.95,0.95,0.95
168,,0.9,0.9,0.9,0.9,0.9,0.9,0.9,0.9
169,,0.85,0.85,0.85,0.85,0.85,0.85,0.85,0.85
170,,0.8,0.8,0.8,0.8,0.8,0.8,0.8,0.8
171,,0.75,0.75,0.75,0.75,0.75,0.75,0.75,0.75
172,,0.7,0.7,0.7,0.7,0.7,0.7,0.7,0.7
173,,0.65,0.65,0.65,0.65,0.65,0.65,0.65,0.65
174,,0.6,0.6,0.6,0.6,0.6,0.6,0.6,0.6
175,,0.55,0.55,0.55,0.55,0.55,0.55,0.55,0.55
176,,0.5,0.5,0.5,0.5,0.5,0.5,0.5,0.5
177,,0.45,0.45,0.45,0.45,0.45,0.45,0.45,0.45
178,,0.4,0.4,0.4,0.4,0.4,0.4,0.4,0.4
179,,0.35,0.35,0.35,0.35,0.35,0.35,0.35,0.35
180,,0.3,0.3,0.3,0.3,0.3,0.3,0.3,0.3
181,,0.25,0.25,0.25,0.25,0.25,0.25,0.25,0.25
182,,0.2,0.2,0.2,0.2,0.2,0.2,0.2,0.2
183,,0.15,0.15,0.15,0.15,0.15,0.15,0.15,0.15
184,,0.1,0.1,0.1,0.1,0.1,0.1,0.1,0.1
185,,0.05,0.05,0.05,0.05,0.05,0.05,0.05,0.05
186,,0.0,0.0,0.0,0.0,0.0,0.0,0.0,0.0
187,,-0.05,-0.05,-0.05,-0.05,-0.05,-0.05,-0.05,-0.05
188,8,0.441,0.3,0.159,0.1,0.159,0.3,0.441,0.95
189,8,0.932,0.65,0.368,0.25,0.368,0.65,0.932,1.0
190,,0.882,0.6,0.318,0.2,0.318,0.6,0.882,0.95
191,,0.832,0.55,0.268,0.15,0.268,0.55,0.832,0.9
192,,0.782,0.5,0.218,0.1,0.218,0.5,0.782,0.85
193,,0.732,0.45,0.168,0.05,0.168,0.45,0.732,0.8
194,,0.682,0.4,0.118,0.0,0.118,0.4,0.682,0.75
195,,0.632,0.35,0.068,-0.05,0.068,0.35,0.632,0.7
196,4,0.841,0.7,0.559,0.95,0.559,0.7,0.841,0.85
197,4,1.0,1.0,1.0,1.0,1.0,1.0,1.0,1.0
198,,0.95,0.95,0.95,0.95,0.95,0.95,0.95,0.95
199,,0.9,0.9,0.9,0.9,0.9,0.9,0.9,0.9
200,,0.85,0.85,0.85,0.85,0.85,0.85,0.85,0.85
201,,0.8,0.8,0.8,0.8,0.8,0.8,0.8,0.8
202,,0.75,0.75,0.75,0.75,0.75,0.75,0.75,0.75
203,,0.7,0.7,0.7,0.7,0.7,0.7,0.7,0.7
204,,0.65,0.65,0.65,0.65,0.65,0.65,0.65,0.65
205,,0.6,0.6,0.6,0.6,0.6,0.6,0.6,0.6
206,,0.55,0.55,0.55,0.55,0.55,0.55,0.55,0.55
207,,0.5,0.5,0.5,0.5,0.5,0.5,0.5,0.5
208,,0.45,0.45,0.45,0.45,0.45,0.45,0.45,0.45
209,,0.4,0.4,0.4,0.4,0.4,0.4,0.4,0.4
210,,0.35,0.35,0.35,0.35,0.35,0.35,0.35,0.35
211,,0.3,0.3,0.3,0.3,0.3,0.3,0.3,0.3
212,,0.25,0.25,0.25,0.25,0.25,0.25,0.25,0.25
213,,0.2,0.2,0.2,0.2,0.2,0.2,0.2,0.2
214,,0.15,0.15,0.15,0.15,0.15,0.15,0.15,0.15
215,,0.1,0.1,0.1,0.1,0.1,0.1,0.1,0.1
216,,0.05,0.05,0.05,0.05,0.05,0.05,0.05,0.05
217,,0.0,0.0,0.0,0.0,0.0,0.0,0.0,0.0
218,,-0.05,-0.05,-0.05,-0.05,-0.05,-0.05,-0.05,-0.05
219,1,0.95,0.441,0.3,0.159,0.1,0.159,0.3,0.441
220,1,1.0,0.932,0.65,0.368,0.25,0.368,0.65,0.932
221,,0.95,0.882,0.6,0.318,0.2,0.318,0.6,0.882
222,,0.9,0.832,0.55,0.268,0.15,0.268,0.55,0.832
223,,0.85,0.782,0.5,0.218,0.1,0.218,0.5,0.782
224,,0.8,0.732,0.45,0.168,0.05,0.168,0.45,0.732
225,,0.75,0.682,0.4,0.118,0.0,0.118,0.4,0.682
226,,0.7,0.632,0.35,0.068,-0.05,0.068,0.35,0.632
227,5,0.85,0.841,0.7,0.559,0.95,0.559,0.7,0.841
228,5,1.0,1.0,1.0,1.0,1.0,1.0,1.0,1.0
229,,0.95,0.95,0.95,0.95,0.95,0.95,0.95,0.95
230,,0.9,0.9,0.9,0.9,0.9,0.9,0.9,0.9
231,,0.85,0.85,0.85,0.85,0.85,0.85,0.85,0.85
232,,0.8,0.8,0.8,0.8,0.8,0.8,0.8,0.8
233,,0.75,0.75,0.75,0.75,0.75,0.75,0.75,0.75
234,,0.7,0.7,0.7,0.7,0.7,0.7,0.7,0.7
235,,0.65,0.65,0.65,0.65,0.65,0.65,0.65,0.65
236,,0.6,0.6,0.6,0.6,0.6,0.6,0.6,0.6
237,,0.55,0.55,0.55,0.55,0.55,0.55,0.55,0.55
238,,0.5,0.5,0.5,0.5,0.5,0.5,0.5,0.5
239,,0.45,0.45,0.45,0.45,0.45,0.45,0.45,0.45
240,,0.4,0.4,0.4,0.4,0.4,0.4,0.4,0.4
241,,0.35,0.35,0.35,0.35,0.35,0.35,0.35,0.35
242,,0.3,0.3,0.3,0.3,0.3,0.3,0.3,0.3
243,,0.25,0.25,0.25,0.25,0.25,0.25,0.25,0.25
244,,0.2,0.2,0.2,0.2,0.2,0.2,0.2,0.2
245,,0.15,0.15,0.15,0.15,0.15,0.15,0.15,0.15
246,,0.1,0.1,0.1,0.1,0.1,0.1,0.1,0.1
247,,0.05,0.05,0.05,0.05,0.05,0.05,0.05,0.05
248,,0.0,0.0,0.0,0.0,0.0,0.0,0.0,0.0
249,,-0.05,-0.05,-0.05,-0.05,-0.05,-0.05,-0.05,-0.05
250,4,0.159,0.3,0.441,0.95,0.441,0.3,0.159,0.1
251,4,0.368,0.65,0.932,1.0,0.932,0.65,0.368,0.25
252,,0.318,0.6,0.882,0.95,0.882,0.6,0.318,0.2
253,,0.268,0.55,0.832,0.9,0.832,0.55,0.268,0.15
254,,0.218,0.5,0.782,0.85,0.782,0.5,0.218,0.1
255,,0.168,0.45,0.732,0.8,0.732,0.45,0.168,0.05
256,,0.118,0.4,0.682,0.75,0.682,0.4,0.118,0.0
257,,0.068,0.35,0.632,0.7,0.632,0.35,0.068,-0.05
258,8,0.559,0.7,0.841,0.85,0.841,0.7,0.559,0.95
259,8,1.0,1.0,1.0,1.0,1.0,1.0,1.0,1.0
260,,0.95,0.95,0.95,0.95,0.95,0.95,0.95,0.95
261,,0.9,0.9,0.9,0.9,0.9,0.9,0.9,0.9
262,,0.85,0.85,0.85,0.85,0.85,0.85,0.85,0.85
263,,0.8,0.8,0.8,0.8,0.8,0.8,0.8,0.8
264,,0.75,0.75,0.75,0.75,0.75,0.75,0.75,0.75
265,,0.7,0.7,0.7,0.7,0.7,0.7,0.7,0.7
266,,0.65,0.65,0.65,0.65,0.65,0.65,0.65,0.65
267,,0.6,0.6,0.6,0.6,0.6,0.6,0.6,0.6
268,,0.55,0.55,0.55,0.55,0.55,0.55,0.55,0.55
269,,0.5,0.5,0.5,0.5,0.5,0.5,0.5,0.5
270,,0.45,0.45,0.45,0.45,0.45,0.45,0.45,0.45
271,,0.4,0.4,0.4,0.4,0.4,0.4,0.4,0.4
272,,0.35,0.35,0.35,0.35,0.35,0.35,0.35,0.35
273,,0.3,0.3,0.3,0.3,0.3,0.3,0.3,0.3
274,,0.25,0.25,0.25,0.25,0.25,0.25,0.25,0.25
275,,0.2,0.2,0.2,0.2,0.2,0.2,0.2,0.2
276,,0.15,0.15,0.15,0.15,0.15,0.15,0.15,0.15
277,,0.1,0.1,0.1,0.1,0.1,0.1,0.1,0.1
278,,0.05,0.05,0.05,0.05,0.05,0.05,0.05,0.05
279,,0.0,0.0,0.0,0.0,0.0,0.0,0.0,0.0
280,,-0.05,-0.05,-0.05,-0.05,-0.05,-0.05,-0.05,-0.05
281,4,0.159,0.3,0.441,0.95,0.441,0.3,0.159,0.1
282,4,0.368,0.65,0.932,1.0,0.932,0.65,0.368,0.25
283,,0.318,0.6,0.882,0.95,0.882,0.6,0.318,0.2
284,,0.268,0.55,0.832,0.9,0.832,0.55,0.268,0.15
285,,0.218,0.5,0.782,0.85,0.782,0.5,0.218,0.1
286,,0.168,0.45,0.732,0.8,0.732,0.45,0.168,0.05
287,,0.118,0.4,0.682,0.75,0.682,0.4,0.118,0.0
288,,0.068,0.35,0.632,0.7,0.632,0.35,0.068,-0.05
289,8,0.559,0.7,0.841,0.85,0.841,0.7,0.559,0.95
290,8,1.0,1.0,1.0,1.0,1.0,1.0,1.0,1.0
291,,0.95,0.95,0.95,0.95,0.95,0.95,0.95,0.95
292,,0.9,0.9,0.9,0.9,0.9,0.9,0.9,0.9
293,,0.85,0.85,0.85,0.85,0.85,0.85,0.85,0.85
294,,0.8,0.8,0.8,0.8,0.8,0.8,0.8,0.8
295,,0.75,0.75,0.75,0.75,0.75,0.75,0.75,0.75
296,,0.7,0.7,0.7,0.7,0.7,0.7,0.7,0.7
297,,0.65,0.65,0.65,0.65,0.65,0.65,0.65,0.65
298,,0.6,0.6,0.6,0.6,0.6,0.6,0.6,0.6
299,,0.55,0.55,0.55,0.55,0.55,0.55,0.55,0.55
300,,0.5,0.5,0.5,0.5,0.5,0.5,0.5,0.5
301,,0.45,0.45,0.45,0.45,0.45,0.45,0.45,0.45
302,,0.4,0.4,0.4,0.4,0.4,0.4,0.4,0.4
303,,0.35,0.35,0.35,0.35,0.35,0.35,0.35,0.35
304,,0.3,0.3,0.3,0.3,0.3,0.3,0.3,0.3
305,,0.25,0.25,0.25,0.25,0.25,0.25,0.25,0.25
306,,0.2,0.2,0.2,0.2,0.2,0.2,0.2,0.2
307,,0.15,0.15,0.15,0.15,0.15,0.15,0.15,0.15
308,,0.1,0.1,0.1,0.1,0.1,0.1,0.1,0.1
309,,0.05,0.05,0.05,0.05,0.05,0.05,0.05,0.05
310,,0.0,0.0,0.0,0.0,0.0,0.0,0.0,0.0
311,,-0.05,-0.05,-0.05,-0.05,-0.05,-0.05,-0.05,-0.05
312,1,0.95,0.441,0.3,0.159,0.1,0.159,0.3,0.441
313,1,1.0,0.932,0.65,0.368,0.25,0.368,0.65,0.932
314,,0.95,0.882,0.6,0.318,0.2,0.318,0.6,0.882
315,,0.9,0.832,0.55,0.268,0.15,0.268,0.55,0.832
316,,0.85,0.782,0.5,0.218,0.1,0.218,0.5,0.782
317,,0.8,0.732,0.45,0.168,0.05,0.168,0.45,0.732
318,,0.75,0.682,0.4,0.118,0.0,0.118,0.4,0.682
319,,0.7,0.632,0.35,0.068,-0.05,0.068,0.35,0.632
320,5,0.85,0.841,0.7,0.559,0.95,0.559,0.7,0.841
321,5,1.0,1.0,1.0,1.0,1.0,1.0,1.0,1.0
322,,0.95,0.95,0.95,0.95,0.95,0.95,0.95,0.95
323,,0.9,0.9,0.9,0.9,0.9,0.9,0.9,0.9
324,,0.85,0.85,0.85,0.85,0.85,0.85,0.85,0.85
325,,0.8,0.8,0.8,0.8,0.8,0.8,0.8,0.8
326,,0.75,0.75,0.75,0.75,0.75,0.75,0.75,0.75
327,,0.7,0.7,0.7,0.7,0.7,0.7,0.7,0.7
328,,0.65,0.65,0.65,0.65,0.65,0.65,0.65,0.65
329,,0.6,0.6,0.6,0.6,0.6,0.6,0.6,0.6
330,,0.55,0.55,0.55,0.55,0.55,0.55,0.55,0.55
331,,0.5,0.5,0.5,0.5,0.5,0.5,0.5,0.5
332,,0.45,0.45,0.45,0.45,0.45,0.45,0.45,0.45
333,,0.4,0.4,0.4,0.4,0.4,0.4,0.4,0.4
334,,0.35,0.35,0.35,0.35,0.35,0.35,0.35,0.35
335,,0.3,0.3,0.3,0.3,0.3,0.3,0.3,0.3
336,,0.25,0.25,0.25,0.25,0.25,0.25,0.25,0.25
337,,0.2,0.2,0.2,0.2,0.2,0.2,0.2,0.2
338,,0.15,0.15,0.15,0.15,0.15,0.15,0.15,0.15
339,,0.1,0.1,0.1,0.1,0.1,0.1,0.1,0.1
340,,0.05,0.05,0.05,0.05,0.05,0.05,0.05,0.05
341,,0.0,0.0,0.0,0.0,0.0,0.0,0.0,0.0
342,,-0.05,-0.05,-0.05,-0.05,-0.05,-0.05,-0.05,-0.05
343,2,0.441,0.95,0.441,0.3,0.159,0.1,0.159,0.3
344,2,0.932,1.0,0.932,0.65,0.368,0.25,0.368,0.65
345,,0.882,0.95,0.882,0.6,0.318,0.2,0.318,0.6
346,,0.832,0.9,0.832,0.55,0.268,0.15,0.268,0.55
347,,0.782,0.85,0.782,0.5,0.218,0.1,0.218,0.5
348,,0.732,0.8,0.732,0.45,0.168,0.05,0.168,0.45
349,,0.682,0.75,0.682,0.4,0.118,0.0,0.118,0.4
350,,0.632,0.7,0.632,0.35,0.068,-0.05,0.068,0.35
351,6,0.841,0.85,0.841,0.7,0.559,0.95,0.559,0.7
352,6,1.0,1.0,1.0,1.0,1.0,1.0,1.0,1.0
353,,0.95,0.95,0.95,0.95,0.95,0.95,0.95,0.95
354,,0.9,0.9,0.9,0.9,0.9,0.9,0.9,0.9
355,,0.85,0.85,0.85,0.85,0.85,0.85,0.85,0.85
356,,0.8,0.8,0.8,0.8,0.8,0.8,0.8,0.8
357,,0.75,0.75,0.75,0.75,0.75,0.75,0.75,0.75
358,,0.7,0.7,0.7,0.7,0.7,0.7,0.7,0.7
359,,0.65,0.65,0.65,0.65,0.65,0.65,0.65,0.65
360,,0.6,0.6,0.6,0.6,0.6,0.6,0.6,0.6
361,,0.55,0.55,0.55,0.55,0.55,0.55,0.55,0.55
362,,0.5,0.5,0.5,0.5,0.5,0.5,0.5,0.5
363,,0.45,0.45,0.45,0.45,0.45,0.45,0.45,0.45
364,,0.4,0.4,0.4,0.4,0.4,0.4,0.4,0.4
365,,0.35,0.35,0.35,0.35,0.35,0.35,0.35,0.35
366,,0.3,0.3,0.3,0.3,0.3,0.3,0.3,0.3
367,,0.25,0.25,0.25,0.25,0.25,0.25,0.25,0.25
368,,0.2,0.2,0.2,0.2,0.2,0.2,0.2,0.2
369,,0.15,0.15,0.15,0.15,0.15,0.15,0.15,0.15
370,,0.1,0.1,0.1,0.1,0.1,0.1,0.1,0.1
371,,0.05,0.05,0.05,0.05,0.05,0.05,0.05,0.05
372,,0.0,0.0,0.0,0.0,0.0,0.0,0.0,0.0
373,,-0.05,-0.05,-0.05,-0.05,-0.05,-0.05,-0.05,-0.05
374,1,0.95,0.441,0.3,0.159,0.1,0.159,0.3,0.441
375,1,1.0,0.932,0.65,0.368,0.25,0.368,0.65,0.932
376,,0.95,0.882,0.6,0.318,0.2,0.318,0.6,0.882
377,,0.9,0.832,0.55,0.268,0.15,0.268,0.55,0.832
378,,0.85,0.782,0.5,0.218,0.1,0.218,0.5,0.782
379,,0.8,0.732,0.45,0.168,0.05,0.168,0.45,0.732
380,,0.75,0.682,0.4,0.118,0.0,0.118,0.4,0.682
381,,0.7,0.632,0.35,0.068,-0.05,0.068,0.35,0.632
382,5,0.85,0.841,0.7,0.559,0.95,0.559,0.7,0.841
383,5,1.0,1.0,1.0,1.0,1.0,1.0,1.0,1.0
384,,0.95,0.95,0.95,0.95,0.95,0.95,0.95,0.95
385,,0.9,0.9,0.9,0.9,0.9,0.9,0.9,0.9
386,,0.85,0.85,0.85,0.85,0.85,0.85,0.85,0.85
387,,0.8,0.8,0.8,0.8,0.8,0.8,0.8,0.8
388,,0.75,0.75,0.75,0.75,0.75,0.75,0.75,0.75
389,,0.7,0.7,0.7,0.7,0.7,0.7,0.7,0.7
390,,0.65,0.65,0.65,0.65,0.65,0.65,0.65,0.65
391,,0.6,0.6,0.6,0.6,0.6,0.6,0.6,0.6
392,,0.55,0.55,0.55,0.55,0.55,0.55,0.55,0.55
393,,0.5,0.5,0.5,0.5,0.5,0.5,0.5,0.5
394,,0.45,0.45,0.45,0.45,0.45,0.45,0.45,0.45
395,,0.4,0.4,0.4,0.4,0.4,0.4,0.4,0.4
396,,0.35,0.35,0.35,0.35,0.35,0.35,0.35,0.35
397,,0.3,0.3,0.3,0.3,0.3,0.3,0.3,0.3
398,,0.25,0.25,0.25,0.25,0.25,0.25,0.25,0.25
399,,0.2,0.2,0.2,0.2,0.2,0.2,0.2,0.2
400,,0.15,0.15,0.15,0.15,0.15,0.15,0.15,0.15
401,,0.1,0.1,0.1,0.1,0.1,0.1,0.1,0.1
402,,0.05,0.05,0.05,0.05,0.05,0.05,0.05,0.05
403,,0.0,0.0,0.0,0.0,0.0,0.0,0.0,0.0
404,,-0.05,-0.05,-0.05,-0.05,-0.05,-0.05,-0.05,-0.05
405,8,0.441,0.3,0.159,0.1,0.159,0.3,0.441,0.95
406,8,0.932,0.65,0.368,0.25,0.368,0.65,0.932,1.0
407,,0.882,0.6,0.318,0.2,0.318,0.6,0.882,0.95
408,,0.832,0.55,0.268,0.15,0.268,0.55,0.832,0.9
409,,0.782,0.5,0.218,0.1,0.218,0.5,0.782,0.85
410,,0.732,0.45,0.168,0.05,0.168,0.45,0.732,0.8
411,,0.682,0.4,0.118,0.0,0.118,0.4,0.682,0.75
412,,0.632,0.35,0.068,-0.05,0.068,0.35,0.632,0.7
413,4,0.841,0.7,0.559,0.95,0.559,0.7,0.841,0.85
414,4,1.0,1.0,1.0,1.0,1.0,1.0,1.0,1.0
415,,0.95,0.95,0.95,0.95,0.95,0.95,0.95,0.95
416,,0.9,0.9,0.9,0.9,0.9,0.9,0.9,0.9
417,,0.85,0.85,0.85,0.85,0.85,0.85,0.85,0.85
418,,0.8,0.8,0.8,0.8,0.8,0.8,0.8,0.8
419,,0.75,0.75,0.75,0.75,0.75,0.75,0.75,0.75
420,,0.7,0.7,0.7,0.7,0.7,0.7,0.7,0.7
421,,0.65,0.65,0.65,0.65,0.65,0.65,0.65,0.65
422,,0.6,0.6,0.6,0.6,0.6,0.6,0.6,0.6
423,,0.55,0.55,0.55,0.55,0.55,0.55,0.55,0.55
424,,0.5,0.5,0.5,0.5,0.5,0.5,0.5,0.5
425,,0.45,0.45,0.45,0.45,0.45,0.45,0.45,0.45
426,,0.4,0.4,0.4,0.4,0.4,0.4,0.4,0.4
427,,0.35,0.35,0.35,0.35,0.35,0.35,0.35,0.35
428,,0.3,0.3,0.3,0.3,0.3,0.3,0.3,0.3
429,,0.25,0.25,0.25,0.25,0.25,0.25,0.25,0.25
430,,0.2,0.2,0.2,0.2,0.2,0.2,0.2,0.2
431,,0.15,0.15,0.15,0.15,0.15,0.15,0.15,0.15
432,,0.1,0.1,0.1,0.1,0.1,0.1,0.1,0.1
433,,0.05,0.05,0.05,0.05,0.05,0.05,0.05,0.05
434,,0.0,0.0,0.0,0.0,0.0,0.0,0.0,0.0
435,,-0.05,-0.05,-0.05,-0.05,-0.05,-0.05,-0.05,-0.05
436,6,0.159,0.1,0.159,0.3,0.441,0.95,0.441,0.3
437,6,0.368,0.25,0.368,0.65,0.932,1.0,0.932,0.65
438,,0.318,0.2,0.318,0.6,0.882,0.95,0.882,0.6
439,,0.268,0.15,0.268,0.55,0.832,0.9,0.832,0.55
440,,0.218,0.1,0.218,0.5,0.782,0.85,0.782,0.5
441,,0.168,0.05,0.168,0.45,0.732,0.8,0.732,0.45
442,,0.118,0.0,0.118,0.4,0.682,0.75,0.682,0.4
443,,0.068,-0.05,0.068,0.35,0.632,0.7,0.632,0.35
444,2,0.559,0.95,0.559,0.7,0.841,0.85,0.841,0.7
445,2,1.0,1.0,1.0,1.0,1.0,1.0,1.0,1.0
446,,0.95,0.95,0.95,0.95,0.95,0.95,0.95,0.95
447,,0.9,0.9,0.9,0.9,0.9,0.9,0.9,0.9
448,,0.85,0.85,0.85,0.85,0.85,0.85,0.85,0.85
449,,0.8,0.8,0.8,0.8,0.8,0.8,0.8,0.8
450,,0.75,0.75,0.75,0.75,0.75,0.75,0.75,0.75
451,,0.7,0.7,0.7,0.7,0.7,0.7,0.7,0.7
452,,0.65,0.65,0.65,0.65,0.65,0.65,0.65,0.65
453,,0.6,0.6,0.6,0.6,0.6,0.6,0.6,0.6
454,,0.55,0.55,0.55,0.55,0.55,0.55,0.55,0.55
455,,0.5,0.5,0.5,0.5,0.5,0.5,0.5,0.5
456,,0.45,0.45,0.45,0.45,0.45,0.45,0.45,0.45
457,,0.4,0.4,0.4,0.4,0.4,0.4,0.4,0.4
458,,0.35,0.35,0.35,0.35,0.35,0.35,0.35,0.35
459,,0.3,0.3,0.3,0.3,0.3,0.3,0.3,0.3
460,,0.25,0.25,0.25,0.25,0.25,0.25,0.25,0.25
461,,0.2,0.2,0.2,0.2,0.2,0.2,0.2,0.2
462,,0.15,0.15,0.15,0.15,0.15,0.15,0.15,0.15
463,,0.1,0.1,0.1,0.1,0.1,0.1,0.1,0.1
464,,0.05,0.05,0.05,0.05,0.05,0.05,0.05,0.05
465,,0.0,0.0,0.0,0.0,0.0,0.0,0.0,0.0
466,,-0.05,-0.05,-0.05,-0.05,-0.05,-0.05,-0.05,-0.05
467,4,0.159,0.3,0.441,0.95,0.441,0.3,0.159,0.1
468,4,0.368,0.65,0.932,1.0,0.932,0.65,0.368,0.25
469,,0.318,0.6,0.882,0.95,0.882,0.6,0.318,0.2
470,,0.268,0.55,0.832,0.9,0.832,0.55,0.268,0.15
471,,0.218,0.5,0.782,0.85,0.782,0.5,0.218,0.1
472,,0.168,0.45,0.732,0.8,0.732,0.45,0.168,0.05
473,,0.118,0.4,0.682,0.75,0.682,0.4,0.118,0.0
474,,0.068,0.35,0.632,0.7,0.632,0.35,0.068,-0.05
475,8,0.559,0.7,0.841,0.85,0.841,0.7,0.559,0.95
476,8,1.0,1.0,1.0,1.0,1.0,1.0,1.0,1.0
477,,0.95,0.95,0.95,0.95,0.95,0.95,0.95,0.95
478,,0.9,0.9,0.9,0.9,0.9,0.9,0.9,0.9
479,,0.85,0.85,0.85,0.85,0.85,0.85,0.85,0.85
480,,0.8,0.8,0.8,0.8,0.8,0.8,0.8,0.8
481,,0.75,0.75,0.75,0.75,0.75,0.75,0.75,0.75
482,,0.7,0.7,0.7,0.7,0.7,0.7,0.7,0.7
483,,0.65,0.65,0.65,0.65,0.65,0.65,0.65,0.65
484,,0.6,0.6,0.6,0.6,0.6,0.6,0.6,0.6
485,,0.55,0.55,0.55,0.55,0.55,0.55,0.55,0.55
486,,0.5,0.5,0.5,0.5,0.5,0.5,0.5,0.5
487,,0.45,0.45,0.45,0.45,0.45,0.45,0.45,0.45
488,,0.4,0.4,0.4,0.4,0.4,0.4,0.4,0.4
489,,0.35,0.35,0.35,0.35,0.35,0.35,0.35,0.35
490,,0.3,0.3,0.3,0.3,0.3,0.3,0.3,0.3
491,,0.25,0.25,0.25,0.25,0.25,0.25,0.25,0.25
492,,0.2,0.2,0.2,0.2,0.2,0.2,0.2,0.2
493,,0.15,0.15,0.15,0.15,0.15,0.15,0.15,0.15
494,,0.1,0.1,0.1,0.1,0.1,0.1,0.1,0.1
495,,0.05,0.05,0.05,0.05,0.05,0.05,0.05,0.05
496,,0.0,0.0,0.0,0.0,0.0,0.0,0.0,0.0
497,,-0.05,-0.05,-0.05,-0.05,-0.05,-0.05,-0.05,-0.05
498,5,0.1,0.159,0.3,0.441,0.95,0.441,0.3,0.159
499,5,0.25,0.368,0.65,0.932,1.0,0.932,0.65,0.368
