step,active_motive,motive_1,motive_2,motive_3,motive_4,motive_5,motive_6,motive_7,motive_8
0,,0.08671,0.09132,0.05113,0.05015,0.07983,0.065,0.0702,0.07958
1,,0.03671,0.04132,0.00113,0.00015,0.02983,0.015,0.0202,0.02958
2,,-0.01329,-0.00868,-0.04887,-0.04985,-0.02017,-0.035,-0.0298,-0.02042
3,4,0.19571,0.34132,0.44213,0.95015,0.47083,0.315,0.1792,0.12958
4,4,0.40471,0.69132,0.93313,1.0,0.96183,0.665,0.3882,0.27958
5,,0.35471,0.64132,0.88313,0.95,0.91183,0.615,0.3382,0.22958
6,,0.30471,0.59132,0.83313,0.9,0.86183,0.565,0.2882,0.17958
7,,0.25471,0.54132,0.78313,0.85,0.81183,0.515,0.2382,0.12958
8,,0.20471,0.49132,0.73313,0.8,0.76183,0.465,0.1882,0.07958
9,,0.15471,0.44132,0.68313,0.75,0.71183,0.415,0.1382,0.02958
10,,0.10471,0.39132,0.63313,0.7,0.66183,0.365,0.0882,-0.02042
11,8,0.59571,0.74132,0.84213,0.85,0.87083,0.715,0.5792,0.97958
12,8,1.0,1.0,1.0,1.0,1.0,1.0,1.0,1.0
13,,0.95,0.95,0.95,0.95,0.95,0.95,0.95,0.95
14,,0.9,0.9,0.9,0.9,0.9,0.9,0.9,0.9
15,,0.85,0.85,0.85,0.85,0.85,0.85,0.85,0.85
16,,0.8,0.8,0.8,0.8,0.8,0.8,0.8,0.8
17,,0.75,0.75,0.75,0.75,0.75,0.75,0.75,0.75
18,,0.7,0.7,0.7,0.7,0.7,0.7,0.7,0.7
19,,0.65,0.65,0.65,0.65,0.65,0.65,0.65,0.65
20,,0.6,0.6,0.6,0.6,0.6,0.6,0.6,0.6
21,,0.55,0.55,0.55,0.55,0.55,0.55,0.55,0.55
22,,0.5,0.5,0.5,0.5,0.5,0.5,0.5,0.5
23,,0.45,0.45,0.45,0.45,0.45,0.45,0.45,0.45
24,,0.4,0.4,0.4,0.4,0.4,0.4,0.4,0.4
25,,0.35,0.35,0.35,0.35,0.35,0.35,0.35,0.35
26,,0.3,0.3,0.3,0.3,0.3,0.3,0.3,0.3
27,,0.25,0.25,0.25,0.25,0.25,0.25,0.25,0.25
28,,0.2,0.2,0.2,0.2,0.2,0.2,0.2,0.2
29,,0.15,0.15,0.15,0.15,0.15,0.15,0.15,0.15
30,,0.1,0.1,0.1,0.1,0.1,0.1,0.1,0.1
31,,0.05,0.05,0.05,0.05,0.05,0.05,0.05,0.05
32,,0.0,0.0,0.0,0.0,0.0,0.0,0.0,0.0
33,,-0.05,-0.05,-0.05,-0.05,-0.05,-0.05,-0.05,-0.05
34,4,0.159,0.3,0.441,0.95,0.441,0.3,0.159,0.1
35,4,0.368,0.65,0.932,1.0,0.932,0.65,0.368,0.25
36,,0.318,0.6,0.882,0.95,0.882,0.6,0.318,0.2
37,,0.268,0.55,0.832,0.9,0.832,0.55,0.268,0.15
38,,0.218,0.5,0.782,0.85,0.782,0.5,0.218,0.1
39,,0.168,0.45,0.732,0.8,0.732,0.45,0.168,0.05
40,,0.118,0.4,0.682,0.75,0.682,0.4,0.118,0.0
41,,0.068,0.35,0.632,0.7,0.632,0.35,0.068,-0.05
42,8,0.559,0.7,0.841,0.85,0.841,0.7,0.559,0.95
43,8,1.0,1.0,1.0,1.0,1.0,1.0,1.0,1.0
44,,0.95,0.95,0.95,0.95,0.95,0.95,0.95,0.95
45,,0.9,0.9,0.9,0.9,0.9,0.9,0.9,0.9
46,,0.85,0.85,0.85,0.85,0.85,0.85,0.85,0.85
47,,0.8,0.8,0.8,0.8,0.8,0.8,0.8,0.8
48,,0.75,0.75,0.75,0.75,0.75,0.75,0.75,0.75
49,,0.7,0.7,0.7,0.7,0.7,0.7,0.7,0.7
50,,0.65,0.65,0.65,0.65,0.65,0.65,0.65,0.65
51,,0.6,0.6,0.6,0.6,0.6,0.6,0.6,0.6
52,,0.55,0.55,0.55,0.55,0.55,0.55,0.55,0.55
53,,0.5,0.5,0.5,0.5,0.5,0.5,0.5,0.5
54,,0.45,0.45,0.45,0.45,0.45,0.45,0.45,0.45
55,,0.4,0.4,0.4,0.4,0.4,0.4,0.4,0.4
56,,0.35,0.35,0.35,0.35,0.35,0.35,0.35,0.35
57,,0.3,0.3,0.3,0.3,0.3,0.3,0.3,0.3
58,,0.25,0.25,0.25,0.25,0.25,0.25,0.25,0.25
59,,0.2,0.2,0.2,0.2,0.2,0.2,0.2,0.2
60,,0.15,0.15,0.15,0.15,0.15,0.15,0.15,0.15
61,,0.1,0.1,0.1,0.1,0.1,0.1,0.1,0.1
62,,0.05,0.05,0.05,0.05,0.05,0.05,0.05,0.05
63,,0.0,0.0,0.0,0.0,0.0,0.0,0.0,0.0
64,,-0.05,-0.05,-0.05,-0.05,-0.05,-0.05,-0.05,-0.05
65,3,0.3,0.441,0.95,0.441,0.3,0.159,0.1,0.159
66,3,0.65,0.932,1.0,0.932,0.65,0.368,0.25,0.368
67,,0.6,0.882,0.95,0.882,0.6,0.318,0.2,0.318
68,,0.55,0.832,0.9,0.832,0.55,0.268,0.15,0.268
69,,0.5,0.782,0.85,0.782,0.5,0.218,0.1,0.218
70,,0.45,0.732,0.8,0.732,0.45,0.168,0.05,0.168
71,,0.4,0.682,0.75,0.682,0.4,0.118,0.0,0.118
72,,0.35,0.632,0.7,0.632,0.35,0.068,-0.05,0.068
73,7,0.7,0.841,0.85,0.841,0.7,0.559,0.95,0.559
74,7,1.0,1.0,1.0,1.0,1.0,1.0,1.0,1.0
75,,0.95,0.95,0.95,0.95,0.95,0.95,0.95,0.95
76,,0.9,0.9,0.9,0.9,0.9,0.9,0.9,0.9
77,,0.85,0.85,0.85,0.85,0.85,0.85,0.85,0.85
78,,0.8,0.8,0.8,0.8,0.8,0.8,0.8,0.8
79,,0.75,0.75,0.75,0.75,0.75,0.75,0.75,0.75
80,,0.7,0.7,0.7,0.7,0.7,0.7,0.7,0.7
81,,0.65,0.65,0.65,0.65,0.65,0.65,0.65,0.65
82,,0.6,0.6,0.6,0.6,0.6,0.6,0.6,0.6
83,,0.55,0.55,0.55,0.55,0.55,0.55,0.55,0.55
84,,0.5,0.5,0.5,0.5,0.5,0.5,0.5,0.5
85,,0.45,0.45,0.45,0.45,0.45,0.45,0.45,0.45
86,,0.4,0.4,0.4,0.4,0.4,0.4,0.4,0.4
87,,0.35,0.35,0.35,0.35,0.35,0.35,0.35,0.35
88,,0.3,0.3,0.3,0.3,0.3,0.3,0.3,0.3
89,,0.25,0.25,0.25,0.25,0.25,0.25,0.25,0.25
90,,0.2,0.2,0.2,0.2,0.2,0.2,0.2,0.2
91,,0.15,0.15,0.15,0.15,0.15,0.15,0.15,0.15
92,,0.1,0.1,0.1,0.1,0.1,0.1,0.1,0.1
93,,0.05,0.05,0.05,0.05,0.05,0.05,0.05,0.05
94,,0.0,0.0,0.0,0.0,0.0,0.0,0.0,0.0
95,,-0.05,-0.05,-0.05,-0.05,-0.05,-0.05,-0.05,-0.05
96,7,0.3,0.159,0.1,0.159,0.3,0.441,0.95,0.441
97,7,0.65,0.368,0.25,0.368,0.65,0.932,1.0,0.932
98,,0.6,0.318,0.2,0.318,0.6,0.882,0.95,0.882
99,,0.55,0.268,0.15,0.268,0.55,0.832,0.9,0.832
100,,0.5,0.218,0.1,0.218,0.5,0.782,0.85,0.782
101,,0.45,0.168,0.05,0.168,0.45,0.732,0.8,0.732
102,,0.4,0.118,0.0,0.118,0.4,0.682,0.75,0.682
103,,0.35,0.068,-0.05,0.068,0.35,0.632,0.7,0.632
104,3,0.7,0.559,0.95,0.559,0.7,0.841,0.85,0.841
105,3,1.0,1.0,1.0,1.0,1.0,1.0,1.0,1.0
106,,0.95,0.95,0.95,0.95,0.95,0.95,0.95,0.95
107,,0.9,0.9,0.9,0.9,0.9,0.9,0.9,0.9
108,,0.85,0.85,0.85,0.85,0.85,0.85,0.85,0.85
109,,0.8,0.8,0.8,0.8,0.8,0.8,0.8,0.8
110,,0.75,0.75,0.75,0.75,0.75,0.75,0.75,0.75
111,,0.7,0.7,0.7,0.7,0.7,0.7,0.7,0.7
112,,0.65,0.65,0.65,0.65,0.65,0.65,0.65,0.65
113,,0.6,0.6,0.6,0.6,0.6,0.6,0.6,0.6
114,,0.55,0.55,0.55,0.55,0.55,0.55,0.55,0.55
115,,0.5,0.5,0.5,0.5,0.5,0.5,0.5,0.5
116,,0.45,0.45,0.45,0.45,0.45,0.45,0.45,0.45
117,,0.4,0.4,0.4,0.4,0.4,0.4,0.4,0.4
118,,0.35,0.35,0.35,0.35,0.35,0.35,0.35,0.35
119,,0.3,0.3,0.3,0.3,0.3,0.3,0.3,0.3
120,,0.25,0.25,0.25,0.25,0.25,0.25,0.25,0.25
121,,0.2,0.2,0.2,0.2,0.2,0.2,0.2,0.2
122,,0.15,0.15,0.15,0.15,0.15,0.15,0.15,0.15
123,,0.1,0.1,0.1,0.1,0.1,0.1,0.1,0.1
124,,0.05,0.05,0.05,0.05,0.05,0.05,0.05,0.05
125,,0.0,0.0,0.0,0.0,0.0,0.0,0.0,0.0
126,,-0.05,-0.05,-0.05,-0.05,-0.05,-0.05,-0.05,-0.05
127,7,0.3,0.159,0.1,0.159,0.3,0.441,0.95,0.441
128,7,0.65,0.368,0.25,0.368,0.65,0.932,1.0,0.932
129,,0.6,0.318,0.2,0.318,0.6,0.882,0.95,0.882
130,,0.55,0.268,0.15,0.268,0.55,0.832,0.9,0.832
131,,0.5,0.218,0.1,0.218,0.5,0.782,0.85,0.782
132,,0.45,0.168,0.05,0.168,0.45,0.732,0.8,0.732
133,,0.4,0.118,0.0,0.118,0.4,0.682,0.75,0.682
134,,0.35,0.068,-0.05,0.068,0.35,0.632,0.7,0.632
135,3,0.7,0.559,0.95,0.559,0.7,0.841,0.85,0.841
136,3,1.0,1.0,1.0,1.0,1.0,1.0,1.0,1.0
137,,0.95,0.95,0.95,0.95,0.95,0.95,0.95,0.95
138,,0.9,0.9,0.9,0.9,0.9,0.9,0.9,0.9
139,,0.85,0.85,0.85,0.85,0.85,0.85,0.85,0.85
140,,0.8,0.8,0.8,0.8,0.8,0.8,0.8,0.8
141,,0.75,0.75,0.75,0.75,0.75,0.75,0.75,0.75
142,,0.7,0.7,0.7,0.7,0.7,0.7,0.7,0.7
143,,0.65,0.65,0.65,0.65,0.65,0.65,0.65,0.65
144,,0.6,0.6,0.6,0.6,0.6,0.6,0.6,0.6
145,,0.55,0.55,0.55,0.55,0.55,0.55,0.55,0.55
146,,0.5,0.5,0.5,0.5,0.5,0.5,0.5,0.5
147,,0.45,0.45,0.45,0.45,0.45,0.45,0.45,0.45
148,,0.4,0.4,0.4,0.4,0.4,0.4,0.4,0.4
149,,0.35,0.35,0.35,0.35,0.35,0.35,0.35,0.35
150,,0.3,0.3,0.3,0.3,0.3,0.3,0.3,0.3
151,,0.25,0.25,0.25,0.25,0.25,0.25,0.25,0.25
152,,0.2,0.2,0.2,0.2,0.2,0.2,0.2,0.2
153,,0.15,0.15,0.15,0.15,0.15,0.15,0.15,0.15
154,,0.1,0.1,0.1,0.1,0.1,0.1,0.1,0.1
155,,0.05,0.05,0.05,0.05,0.05,0.05,0.05,0.05
156,,0.0,0.0,0.0,0.0,0.0,0.0,0.0,0.0
157,,-0.05,-0.05,-0.05,-0.05,-0.05,-0.05,-0.05,-0.05
158,4,0.159,0.3,0.441,0.95,0.441,0.3,0.159,0.1
159,4,0.368,0.65,0.932,1.0,0.932,0.65,0.368,0.25
160,,0.318,0.6,0.882,0.95,0.882,0.6,0.318,0.2
161,,0.268,0.55,0.832,0.9,0.832,0.55,0.268,0.15
162,,0.218,0.5,0.782,0.85,0.782,0.5,0.218,0.1
163,,0.168,0.45,0.732,0.8,0.732,0.45,0.168,0.05
164,,0.118,0.4,0.682,0.75,0.682,0.4,0.118,0.0
165,,0.068,0.35,0.632,0.7,0.632,0.35,0.068,-0.05
166,8,0.559,0.7,0.841,0.85,0.841,0.7,0.559,0.95
167,8,1.0,1.0,1.0,1.0,1.0,1.0,1.0,1.0
168,,0.95,0.95,0.95,0.95,0.95,0.95,0.95,0.95
169,,0.9,0.9,0.9,0.9,0.9,0.9,0.9,0.9
170,,0.85,0.85,0.85,0.85,0.85,0.85,0.85,0.85
171,,0.8,0.8,0.8,0.8,0.8,0.8,0.8,0.8
172,,0.75,0.75,0.75,0.75,0.75,0.75,0.75,0.75
173,,0.7,0.7,0.7,0.7,0.7,0.7,0.7,0.7
174,,0.65,0.65,0.65,0.65,0.65,0.65,0.65,0.65
175,,0.6,0.6,0.6,0.6,0.6,0.6,0.6,0.6
176,,0.55,0.55,0.55,0.55,0.55,0.55,0.55,0.55
177,,0.5,0.5,0.5,0.5,0.5,0.5,0.5,0.5
178,,0.45,0.45,0.45,0.45,0.45,0.45,0.45,0.45
179,,0.4,0.4,0.4,0.4,0.4,0.4,0.4,0.4
180,,0.35,0.35,0.35,0.35,0.35,0.35,0.35,0.35
181,,0.3,0.3,0.3,0.3,0.3,0.3,0.3,0.3
182,,0.25,0.25,0.25,0.25,0.25,0.25,0.25,0.25
183,,0.2,0.2,0.2,0.2,0.2,0.2,0.2,0.2
184,,0.15,0.15,0.15,0.15,0.15,0.15,0.15,0.15
185,,0.1,0.1,0.1,0.1,0.1,0.1,0.1,0.1
186,,0.05,0.05,0.05,0.05,0.05,0.05,0.05,0.05
187,,0.0,0.0,0.0,0.0,0.0,0.0,0.0,0.0
188,,-0.05,-0.05,-0.05,-0.05,-0.05,-0.05,-0.05,-0.05
189,2,0.441,0.95,0.441,0.3,0.159,0.1,0.159,0.3
190,2,0.932,1.0,0.932,0.65,0.368,0.25,0.368,0.65
191,,0.882,0.95,0.882,0.6,0.318,0.2,0.318,0.6
192,,0.832,0.9,0.832,0.55,0.268,0.15,0.268,0.55
193,,0.782,0.85,0.782,0.5,0.218,0.1,0.218,0.5
194,,0.732,0.8,0.732,0.45,0.168,0.05,0.168,0.45
195,,0.682,0.75,0.682,0.4,0.118,0.0,0.118,0.4
196,,0.632,0.7,0.632,0.35,0.068,-0.05,0.068,0.35
197,6,0.841,0.85,0.841,0.7,0.559,0.95,0.559,0.7
198,6,1.0,1.0,1.0,1.0,1.0,1.0,1.0,1.0
199,,0.95,0.95,0.95,0.95,0.95,0.95,0.95,0.95
200,,0.9,0.9,0.9,0.9,0.9,0.9,0.9,0.9
201,,0.85,0.85,0.85,0.85,0.85,0.85,0.85,0.85
202,,0.8,0.8,0.8,0.8,0.8,0.8,0.8,0.8
203,,0.75,0.75,0.75,0.75,0.75,0.75,0.75,0.75
204,,0.7,0.7,0.7,0.7,0.7,0.7,0.7,0.7
205,,0.65,0.65,0.65,0.65,0.65,0.65,0.65,0.65
206,,0.6,0.6,0.6,0.6,0.6,0.6,0.6,0.6
207,,0.55,0.55,0.55,0.55,0.55,0.55,0.55,0.55
208,,0.5,0.5,0.5,0.5,0.5,0.5,0.5,0.5
209,,0.45,0.45,0.45,0.45,0.45,0.45,0.45,0.45
210,,0.4,0.4,0.4,0.4,0.4,0.4,0.4,0.4
211,,0.35,0.35,0.35,0.35,0.35,0.35,0.35,0.35
212,,0.3,0.3,0.3,0.3,0.3,0.3,0.3,0.3
213,,0.25,0.25,0.25,0.25,0.25,0.25,0.25,0.25
214,,0.2,0.2,0.2,0.2,0.2,0.2,0.2,0.2
215,,0.15,0.15,0.15,0.15,0.15,0.15,0.15,0.15
216,,0.1,0.1,0.1,0.1,0.1,0.1,0.1,0.1
217,,0.05,0.05,0.05,0.05,0.05,0.05,0.05,0.05
218,,0.0,0.0,0.0,0.0,0.0,0.0,0.0,0.0
219,,-0.05,-0.05,-0.05,-0.05,-0.05,-0.05,-0.05,-0.05
220,2,0.441,0.95,0.441,0.3,0.159,0.1,0.159,0.3
221,2,0.932,1.0,0.932,0.65,0.368,0.25,0.368,0.65
222,,0.882,0.95,0.882,0.6,0.318,0.2,0.318,0.6
223,,0.832,0.9,0.832,0.55,0.268,0.15,0.268,0.55
224,,0.782,0.85,0.782,0.5,0.218,0.1,0.218,0.5
225,,0.732,0.8,0.732,0.45,0.168,0.05,0.168,0.45
226,,0.682,0.75,0.682,0.4,0.118,0.0,0.118,0.4
227,,0.632,0.7,0.632,0.35,0.068,-0.05,0.068,0.35
228,6,0.841,0.85,0.841,0.7,0.559,0.95,0.559,0.7
229,6,1.0,1.0,1.0,1.0,1.0,1.0,1.0,1.0
230,,0.95,0.95,0.95,0.95,0.95,0.95,0.95,0.95
231,,0.9,0.9,0.9,0.9,0.9,0.9,0.9,0.9
232,,0.85,0.85,0.85,0.85,0.85,0.85,0.85,0.85
233,,0.8,0.8,0.8,0.8,0.8,0.8,0.8,0.8
234,,0.75,0.75,0.75,0.75,0.75,0.75,0.75,0.75
235,,0.7,0.7,0.7,0.7,0.7,0.7,0.7,0.7
236,,0.65,0.65,0.65,0.65,0.65,0.65,0.65,0.65
237,,0.6,0.6,0.6,0.6,0.6,0.6,0.6,0.6
238,,0.55,0.55,0.55,0.55,0.55,0.55,0.55,0.55
239,,0.5,0.5,0.5,0.5,0.5,0.5,0.5,0.5
240,,0.45,0.45,0.45,0.45,0.45,0.45,0.45,0.45
241,,0.4,0.4,0.4,0.4,0.4,0.4,0.4,0.4
242,,0.35,0.35,0.35,0.35,0.35,0.35,0.35,0.35
243,,0.3,0.3,0.3,0.3,0.3,0.3,0.3,0.3
244,,0.25,0.25,0.25,0.25,0.25,0.25,0.25,0.25
245,,0.2,0.2,0.2,0.2,0.2,0.2,0.2,0.2
246,,0.15,0.15,0.15,0.15,0.15,0.15,0.15,0.15
247,,0.1,0.1,0.1,0.1,0.1,0.1,0.1,0.1
248,,0.05,0.05,0.05,0.05,0.05,0.05,0.05,0.05
249,,0.0,0.0,0.0,0.0,0.0,0.0,0.0,0.0
250,,-0.05,-0.05,-0.05,-0.05,-0.05,-0.05,-0.05,-0.05
251,8,0.441,0.3,0.159,0.1,0.159,0.3,0.441,0.95
252,8,0.932,0.65,0.368,0.25,0.368,0.65,0.932,1.0
253,,0.882,0.6,0.318,0.2,0.318,0.6,0.882,0.95
254,,0.832,0.55,0.268,0.15,0.268,0.55,0.832,0.9
255,,0.782,0.5,0.218,0.1,0.218,0.5,0.782,0.85
256,,0.732,0.45,0.168,0.05,0.168,0.45,0.732,0.8
257,,0.682,0.4,0.118,0.0,0.118,0.4,0.682,0.75
258,,0.632,0.35,0.068,-0.05,0.068,0.35,0.632,0.7
259,4,0.841,0.7,0.559,0.95,0.559,0.7,0.841,0.85
260,4,1.0,1.0,1.0,1.0,1.0,1.0,1.0,1.0
261,,0.95,0.95,0.95,0.95,0.95,0.95,0.95,0.95
262,,0.9,0.9,0.9,0.9,0.9,0.9,0.9,0.9
263,,0.85,0.85,0.85,0.85,0.85,0.85,0.85,0.85
264,,0.8,0.8,0.8,0.8,0.8,0.8,0.8,0.8
265,,0.75,0.75,0.75,0.75,0.75,0.75,0.75,0.75
266,,0.7,0.7,0.7,0.7,0.7,0.7,0.7,0.7
267,,0.65,0.65,0.65,0.65,0.65,0.65,0.65,0.65
268,,0.6,0.6,0.6,0.6,0.6,0.6,0.6,0.6
269,,0.55,0.55,0.55,0.55,0.55,0.55,0.55,0.55
270,,0.5,0.5,0.5,0.5,0.5,0.5,0.5,0.5
271,,0.45,0.45,0.45,0.45,0.45,0.45,0.45,0.45
272,,0.4,0.4,0.4,0.4,0.4,0.4,0.4,0.4
273,,0.35,0.35,0.35,0.35,0.35,0.35,0.35,0.35
274,,0.3,0.3,0.3,0.3,0.3,0.3,0.3,0.3
275,,0.25,0.25,0.25,0.25,0.25,0.25,0.25,0.25
276,,0.2,0.2,0.2,0.2,0.2,0.2,0.2,0.2
277,,0.15,0.15,0.15,0.15,0.15,0.15,0.15,0.15
278,,0.1,0.1,0.1,0.1,0.1,0.1,0.1,0.1
279,,0.05,0.05,0.05,0.05,0.05,0.05,0.05,0.05
280,,0.0,0.0,0.0,0.0,0.0,0.0,0.0,0.0
281,,-0.05,-0.05,-0.05,-0.05,-0.05,-0.05,-0.05,-0.05
282,7,0.3,0.159,0.1,0.159,0.3,0.441,0.95,0.441
283,7,0.65,0.368,0.25,0.368,0.65,0.932,1.0,0.932
284,,0.6,0.318,0.2,0.318,0.6,0.882,0.95,0.882
285,,0.55,0.268,0.15,0.268,0.55,0.832,0.9,0.832
286,,0.5,0.218,0.1,0.218,0.5,0.782,0.85,0.782
287,,0.45,0.168,0.05,0.168,0.45,0.732,0.8,0.732
288,,0.4,0.118,0.0,0.118,0.4,0.682,0.75,0.682
289,,0.35,0.068,-0.05,0.068,0.35,0.632,0.7,0.632
290,3,0.7,0.559,0.95,0.559,0.7,0.841,0.85,0.841
291,3,1.0,1.0,1.0,1.0,1.0,1.0,1.0,1.0
292,,0.95,0.95,0.95,0.95,0.95,0.95,0.95,0.95
293,,0.9,0.9,0.9,0.9,0.9,0.9,0.9,0.9
294,,0.85,0.85,0.85,0.85,0.85,0.85,0.85,0.85
295,,0.8,0.8,0.8,0.8,0.8,0.8,0.8,0.8
296,,0.75,0.75,0.75,0.75,0.75,0.75,0.75,0.75
297,,0.7,0.7,0.7,0.7,0.7,0.7,0.7,0.7
298,,0.65,0.65,0.65,0.65,0.65,0.65,0.65,0.65
299,,0.6,0.6,0.6,0.6,0.6,0.6,0.6,0.6
300,,0.55,0.55,0.55,0.55,0.55,0.55,0.55,0.55
301,,0.5,0.5,0.5,0.5,0.5,0.5,0.5,0.5
302,,0.45,0.45,0.45,0.45,0.45,0.45,0.45,0.45
303,,0.4,0.4,0.4,0.4,0.4,0.4,0.4,0.4
304,,0.35,0.35,0.35,0.35,0.35,0.35,0.35,0.35
305,,0.3,0.3,0.3,0.3,0.3,0.3,0.3,0.3
306,,0.25,0.25,0.25,0.25,0.25,0.25,0.25,0.25
307,,0.2,0.2,0.2,0.2,0.2,0.2,0.2,0.2
308,,0.15,0.15,0.15,0.15,0.15,0.15,0.15,0.15
309,,0.1,0.1,0.1,0.1,0.1,0.1,0.1,0.1
310,,0.05,0.05,0.05,0.05,0.05,0.05,0.05,0.05
311,,0.0,0.0,0.0,0.0,0.0,0.0,0.0,0.0
312,,-0.05,-0.05,-0.05,-0.05,-0.05,-0.05,-0.05,-0.05
313,7,0.3,0.159,0.1,0.159,0.3,0.441,0.95,0.441
314,7,0.65,0.368,0.25,0.368,0.65,0.932,1.0,0.932
315,,0.6,0.318,0.2,0.318,0.6,0.882,0.95,0.882
316,,0.55,0.268,0.15,0.268,0.55,0.832,0.9,0.832
317,,0.5,0.218,0.1,0.218,0.5,0.782,0.85,0.782
318,,0.45,0.168,0.05,0.168,0.45,0.732,0.8,0.732
319,,0.4,0.118,0.0,0.118,0.4,0.682,0.75,0.682
320,,0.35,0.068,-0.05,0.068,0.35,0.632,0.7,0.632
321,3,0.7,0.559,0.95,0.559,0.7,0.841,0.85,0.841
322,3,1.0,1.0,1.0,1.0,1.0,1.0,1.0,1.0
323,,0.95,0.95,0.95,0.95,0.95,0.95,0.95,0.95
324,,0.9,0.9,0.9,0.9,0.9,0.9,0.9,0.9
325,,0.85,0.85,0.85,0.85,0.85,0.85,0.85,0.85
326,,0.8,0.8,0.8,0.8,0.8,0.8,0.8,0.8
327,,0.75,0.75,0.75,0.75,0.75,0.75,0.75,0.75
328,,0.7,0.7,0.7,0.7,0.7,0.7,0.7,0.7
329,,0.65,0.65,0.65,0.65,0.65,0.65,0.65,0.65
330,,0.6,0.6,0.6,0.6,0.6,0.6,0.6,0.6
331,,0.55,0.55,0.55,0.55,0.55,0.55,0.55,0.55
332,,0.5,0.5,0.5,0.5,0.5,0.5,0.5,0.5
333,,0.45,0.45,0.45,0.45,0.45,0.45,0.45,0.45
334,,0.4,0.4,0.4,0.4,0.4,0.4,0.4,0.4
335,,0.35,0.35,0.35,0.35,0.35,0.35,0.35,0.35
336,,0.3,0.3,0.3,0.3,0.3,0.3,0.3,0.3
337,,0.25,0.25,0.25,0.25,0.25,0.25,0.25,0.25
338,,0.2,0.2,0.2,0.2,0.2,0.2,0.2,0.2
339,,0.15,0.15,0.15,0.15,0.15,0.15,0.15,0.15
340,,0.1,0.1,0.1,0.1,0.1,0.1,0.1,0.1
341,,0.05,0.05,0.05,0.05,0.05,0.05,0.05,0.05
342,,0.0,0.0,0.0,0.0,0.0,0.0,0.0,0.0
343,,-0.05,-0.05,-0.05,-0.05,-0.05,-0.05,-0.05,-0.05
344,6,0.159,0.1,0.159,0.3,0.441,0.95,0.441,0.3
345,6,0.368,0.25,0.368,0.65,0.932,1.0,0.932,0.65
346,,0.318,0.2,0.318,0.6,0.882,0.95,0.882,0.6
347,,0.268,0.15,0.268,0.55,0.832,0.9,0.832,0.55
348,,0.218,0.1,0.218,0.5,0.782,0.85,0.782,0.5
349,,0.168,0.05,0.168,0.45,0.732,0.8,0.732,0.45
350,,0.118,0.0,0.118,0.4,0.682,0.75,0.682,0.4
351,,0.068,-0.05,0.068,0.35,0.632,0.7,0.632,0.35
352,2,0.559,0.95,0.559,0.7,0.841,0.85,0.841,0.7
353,2,1.0,1.0,1.0,1.0,1.0,1.0,1.0,1.0
354,,0.95,0.95,0.95,0.95,0.95,0.95,0.95,0.95
355,,0.9,0.9,0.9,0.9,0.9,0.9,0.9,0.9
356,,0.85,0.85,0.85,0.85,0.85,0.85,0.85,0.85
357,,0.8,0.8,0.8,0.8,0.8,0.8,0.8,0.8
358,,0.75,0.75,0.75,0.75,0.75,0.75,0.75,0.75
359,,0.7,0.7,0.7,0.7,0.7,0.7,0.7,0.7
360,,0.65,0.65,0.65,0.65,0.65,0.65,0.65,0.65
361,,0.6,0.6,0.6,0.6,0.6,0.6,0.6,0.6
362,,0.55,0.55,0.55,0.55,0.55,0.55,0.55,0.55
363,,0.5,0.5,0.5,0.5,0.5,0.5,0.5,0.5
364,,0.45,0.45,0.45,0.45,0.45,0.45,0.45,0.45
365,,0.4,0.4,0.4,0.4,0.4,0.4,0.4,0.4
366,,0.35,0.35,0.35,0.35,0.35,0.35,0.35,0.35
367,,0.3,0.3,0.3,0.3,0.3,0.3,0.3,0.3
368,,0.25,0.25,0.25,0.25,0.25,0.25,0.25,0.25
369,,0.2,0.2,0.2,0.2,0.2,0.2,0.2,0.2
370,,0.15,0.15,0.15,0.15,0.15,0.15,0.15,0.15
371,,0.1,0.1,0.1,0.1,0.1,0.1,0.1,0.1
372,,0.05,0.05,0.05,0.05,0.05,0.05,0.05,0.05
373,,0.0,0.0,0.0,0.0,0.0,0.0,0.0,0.0
374,,-0.05,-0.05,-0.05,-0.05,-0.05,-0.05,-0.05,-0.05
375,3,0.3,0.441,0.95,0.441,0.3,0.159,0.1,0.159
376,3,0.65,0.932,1.0,0.932,0.65,0.368,0.25,0.368
377,,0.6,0.882,0.95,0.882,0.6,0.318,0.2,0.318
378,,0.55,0.832,0.9,0.832,0.55,0.268,0.15,0.268
379,,0.5,0.782,0.85,0.782,0.5,0.218,0.1,0.218
380,,0.45,0.732,0.8,0.732,0.45,0.168,0.05,0.168
381,,0.4,0.682,0.75,0.682,0.4,0.118,0.0,0.118
382,,0.35,0.632,0.7,0.632,0.35,0.068,-0.05,0.068
383,7,0.7,0.841,0.85,0.841,0.7,0.559,0.95,0.559
384,7,1.0,1.0,1.0,1.0,1.0,1.0,1.0,1.0
385,,0.95,0.95,0.95,0.95,0.95,0.95,0.95,0.95
386,,0.9,0.9,0.9,0.9,0.9,0.9,0.9,0.9
387,,0.85,0.85,0.85,0.85,0.85,0.85,0.85,0.85
388,,0.8,0.8,0.8,0.8,0.8,0.8,0.8,0.8
389,,0.75,0.75,0.75,0.75,0.75,0.75,0.75,0.75
390,,0.7,0.7,0.7,0.7,0.7,0.7,0.7,0.7
391,,0.65,0.65,0.65,0.65,0.65,0.65,0.65,0.65
392,,0.6,0.6,0.6,0.6,0.6,0.6,0.6,0.6
393,,0.55,0.55,0.55,0.55,0.55,0.55,0.55,0.55
394,,0.5,0.5,0.5,0.5,0.5,0.5,0.5,0.5
395,,0.45,0.45,0.45,0.45,0.45,0.45,0.45,0.45
396,,0.4,0.4,0.4,0.4,0.4,0.4,0.4,0.4
397,,0.35,0.35,0.35,0.35,0.35,0.35,0.35,0.35
398,,0.3,0.3,0.3,0.3,0.3,0.3,0.3,0.3
399,,0.25,0.25,0.25,0.25,0.25,0.25,0.25,0.25
400,,0.2,0.2,0.2,0.2,0.2,0.2,0.2,0.2
401,,0.15,0.15,0.15,0.15,0.15,0.15,0.15,0.15
402,,0.1,0.1,0.1,0.1,0.1,0.1,0.1,0.1
403,,0.05,0.05,0.05,0.05,0.05,0.05,0.05,0.05
404,,0.0,0.0,0.0,0.0,0.0,0.0,0.0,0.0
405,,-0.05,-0.05,-0.05,-0.05,-0.05,-0.05,-0.05,-0.05
406,1,0.95,0.441,0.3,0.159,0.1,0.159,0.3,0.441
407,1,1.0,0.932,0.65,0.368,0.25,0.368,0.65,0.932
408,,0.95,0.882,0.6,0.318,0.2,0.318,0.6,0.882
409,,0.9,0.832,0.55,0.268,0.15,0.268,0.55,0.832
410,,0.85,0.782,0.5,0.218,0.1,0.218,0.5,0.782
411,,0.8,0.732,0.45,0.168,0.05,0.168,0.45,0.732
412,,0.75,0.682,0.4,0.118,0.0,0.118,0.4,0.682
413,,0.7,0.632,0.35,0.068,-0.05,0.068,0.35,0.632
414,5,0.85,0.841,0.7,0.559,0.95,0.559,0.7,0.841
415,5,1.0,1.0,1.0,1.0,1.0,1.0,1.0,1.0
416,,0.95,0.95,0.95,0.95,0.95,0.95,0.95,0.95
417,,0.9,0.9,0.9,0.9,0.9,0.9,0.9,0.9
418,,0.85,0.85,0.85,0.85,0.85,0.85,0.85,0.85
419,,0.8,0.8,0.8,0.8,0.8,0.8,0.8,0.8
420,,0.75,0.75,0.75,0.75,0.75,0.75,0.75,0.75
421,,0.7,0.7,0.7,0.7,0.7,0.7,0.7,0.7
422,,0.65,0.65,0.65,0.65,0.65,0.65,0.65,0.65
423,,0.6,0.6,0.6,0.6,0.6,0.6,0.6,0.6
424,,0.55,0.55,0.55,0.55,0.55,0.55,0.55,0.55
425,,0.5,0.5,0.5,0.5,0.5,0.5,0.5,0.5
426,,0.45,0.45,0.45,0.45,0.45,0.45,0.45,0.45
427,,0.4,0.4,0.4,0.4,0.4,0.4,0.4,0.4
428,,0.35,0.35,0.35,0.35,0.35,0.35,0.35,0.35
429,,0.3,0.3,0.3,0.3,0.3,0.3,0.3,0.3
430,,0.25,0.25,0.25,0.25,0.25,0.25,0.25,0.25
431,,0.2,0.2,0.2,0.2,0.2,0.2,0.2,0.2
432,,0.15,0.15,0.15,0.15,0.15,0.15,0.15,0.15
433,,0.1,0.1,0.1,0.1,0.1,0.1,0.1,0.1
434,,0.05,0.05,0.05,0.05,0.05,0.05,0.05,0.05
435,,0.0,0.0,0.0,0.0,0.0,0.0,0.0,0.0
436,,-0.05,-0.05,-0.05,-0.05,-0.05,-0.05,-0.05,-0.05
437,2,0.441,0.95,0.441,0.3,0.159,0.1,0.159,0.3
438,2,0.932,1.0,0.932,0.65,0.368,0.25,0.368,0.65
439,,0.882,0.95,0.882,0.6,0.318,0.2,0.318,0.6
440,,0.832,0.9,0.832,0.55,0.268,0.15,0.268,0.55
441,,0.782,0.85,0.782,0.5,0.218,0.1,0.218,0.5
442,,0.732,0.8,0.732,0.45,0.168,0.05,0.168,0.45
443,,0.682,0.75,0.682,0.4,0.118,0.0,0.118,0.4
444,,0.632,0.7,0.632,0.35,0.068,-0.05,0.068,0.35
445,6,0.841,0.85,0.841,0.7,0.559,0.95,0.559,0.7
446,6,1.0,1.0,1.0,1.0,1.0,1.0,1.0,1.0
447,,0.95,0.95,0.95,0.95,0.95,0.95,0.95,0.95
448,,0.9,0.9,0.9,0.9,0.9,0.9,0.9,0.9
449,,0.85,0.85,0.85,0.85,0.85,0.85,0.85,0.85
450,,0.8,0.8,0.8,0.8,0.8,0.8,0.8,0.8
451,,0.75,0.75,0.75,0.75,0.75,0.75,0.75,0.75
452,,0.7,0.7,0.7,0.7,0.7,0.7,0.7,0.7
453,,0.65,0.65,0.65,0.65,0.65,0.65,0.65,0.65
454,,0.6,0.6,0.6,0.6,0.6,0.6,0.6,0.6
455,,0.55,0.55,0.55,0.55,0.55,0.55,0.55,0.55
456,,0.5,0.5,0.5,0.5,0.5,0.5,0.5,0.5
457,,0.45,0.45,0.45,0.45,0.45,0.45,0.45,0.45
458,,0.4,0.4,0.4,0.4,0.4,0.4,0.4,0.4
459,,0.35,0.35,0.35,0.35,0.35,0.35,0.35,0.35
460,,0.3,0.3,0.3,0.3,0.3,0.3,0.3,0.3
461,,0.25,0.25,0.25,0.25,0.25,0.25,0.25,0.25
462,,0.2,0.2,0.2,0.2,0.2,0.2,0.2,0.2
463,,0.15,0.15,0.15,0.15,0.15,0.15,0.15,0.15
464,,0.1,0.1,0.1,0.1,0.1,0.1,0.1,0.1
465,,0.05,0.05,0.05,0.05,0.05,0.05,0.05,0.05
466,,0.0,0.0,0.0,0.0,0.0,0.0,0.0,0.0
467,,-0.05,-0.05,-0.05,-0.05,-0.05,-0.05,-0.05,-0.05
468,7,0.3,0.159,0.1,0.159,0.3,0.441,0.95,0.441
469,7,0.65,0.368,0.25,0.368,0.65,0.932,1.0,0.932
470,,0.6,0.318,0.2,0.318,0.6,0.882,0.95,0.882
471,,0.55,0.268,0.15,0.268,0.55,0.832,0.9,0.832
472,,0.5,0.218,0.1,0.218,0.5,0.782,0.85,0.782
473,,0.45,0.168,0.05,0.168,0.45,0.732,0.8,0.732
474,,0.4,0.118,0.0,0.118,0.4,0.682,0.75,0.682
475,,0.35,0.068,-0.05,0.068,0.35,0.632,0.7,0.632
476,3,0.7,0.559,0.95,0.559,0.7,0.841,0.85,0.841
477,3,1.0,1.0,1.0,1.0,1.0,1.0,1.0,1.0
478,,0.95,0.95,0.95,0.95,0.95,0.95,0.95,0.95
479,,0.9,0.9,0.9,0.9,0.9,0.9,0.9,0.9
480,,0.85,0.85,0.85,0.85,0.85,0.85,0.85,0.85
481,,0.8,0.8,0.8,0.8,0.8,0.8,0.8,0.8
482,,0.75,0.75,0.75,0.75,0.75,0.75,0.75,0.75
483,,0.7,0.7,0.7,0.7,0.7,0.7,0.7,0.7
484,,0.65,0.65,0.65,0.65,0.65,0.65,0.65,0.65
485,,0.6,0.6,0.6,0.6,0.6,0.6,0.6,0.6
486,,0.55,0.55,0.55,0.55,0.55,0.55,0.55,0.55
487,,0.5,0.5,0.5,0.5,0.5,0.5,0.5,0.5
488,,0.45,0.45,0.45,0.45,0.45,0.45,0.45,0.45
489,,0.4,0.4,0.4,0.4,0.4,0.4,0.4,0.4
490,,0.35,0.35,0.35,0.35,0.35,0.35,0.35,0.35
491,,0.3,0.3,0.3,0.3,0.3,0.3,0.3,0.3
492,,0.25,0.25,0.25,0.25,0.25,0.25,0.25,0.25
493,,0.2,0.2,0.2,0.2,0.2,0.2,0.2,0.2
494,,0.15,0.15,0.15,0.15,0.15,0.15,0.15,0.15
495,,0.1,0.1,0.1,0.1,0.1,0.1,0.1,0.1
496,,0.05,0.05,0.05,0.05,0.05,0.05,0.05,0.05
497,,0.0,0.0,0.0,0.0,0.0,0.0,0.0,0.0
498,,-0.05,-0.05,-0.05,-0.05,-0.05,-0.05,-0.05,-0.05
499,6,0.159,0.1,0.159,0.3,0.441,0.95,0.441,0.3
