step,active_motive,motive_1,motive_2,motive_3,motive_4,motive_5,motive_6,motive_7,motive_8
0,,0.64242,0.02651,0.58578,0.94023,0.57547,0.38817,0.64329,0.45825
1,,0.59242,-0.02349,0.53578,0.89023,0.52547,0.33817,0.59329,0.40825
2,2,0.92542,0.97651,0.86878,0.94023,0.29247,-0.01183,0.36029,0.45825
3,2,1.0,1.0,1.0,0.99023,0.05947,-0.36183,0.12729,0.50825
4,6,0.767,0.65,0.767,1.0,0.39247,0.63817,0.46029,0.55825
5,6,0.534,0.3,0.534,1.0,0.72547,1.0,0.79329,0.60825
6,,0.484,0.25,0.484,0.95,0.67547,0.95,0.74329,0.55825
7,,0.434,0.2,0.434,0.9,0.62547,0.9,0.69329,0.50825
8,,0.384,0.15,0.384,0.85,0.57547,0.85,0.64329,0.45825
9,,0.334,0.1,0.334,0.8,0.52547,0.8,0.59329,0.40825
10,,0.284,0.05,0.284,0.75,0.47547,0.75,0.54329,0.35825
11,,0.234,0.0,0.234,0.7,0.42547,0.7,0.49329,0.30825
12,,0.184,-0.05,0.184,0.65,0.37547,0.65,0.44329,0.25825
13,2,0.517,0.95,0.517,0.7,0.14247,0.3,0.21029,0.30825
14,2,0.85,1.0,0.85,0.75,-0.09053,-0.05,-0.02271,0.35825
15,5,0.5,0.767,0.9,1.0,0.90947,0.283,0.02729,0.12525
16,5,0.15,0.534,0.95,1.0,1.0,0.616,0.07729,-0.10775
17,8,0.483,0.584,0.717,0.65,0.767,0.666,0.41029,0.89225
18,8,0.816,0.634,0.484,0.3,0.534,0.716,0.74329,1.0
19,,0.766,0.584,0.434,0.25,0.484,0.666,0.69329,0.95
20,,0.716,0.534,0.384,0.2,0.434,0.616,0.64329,0.9
21,,0.666,0.484,0.334,0.15,0.384,0.566,0.59329,0.85
22,,0.616,0.434,0.284,0.1,0.334,0.516,0.54329,0.8
23,,0.566,0.384,0.234,0.05,0.284,0.466,0.49329,0.75
24,,0.516,0.334,0.184,0.0,0.234,0.416,0.44329,0.7
25,,0.466,0.284,0.134,-0.05,0.184,0.366,0.39329,0.65
26,4,0.233,0.334,0.467,0.95,0.517,0.416,0.16029,0.3
27,4,0.0,0.384,0.8,1.0,0.85,0.466,-0.07271,-0.05
28,7,0.05,0.151,0.45,0.767,0.9,0.799,0.92729,0.283
29,7,0.1,-0.082,0.1,0.534,0.95,1.0,1.0,0.616
30,2,0.433,0.918,0.433,0.584,0.717,0.65,0.767,0.666
31,2,0.766,1.0,0.766,0.634,0.484,0.3,0.534,0.716
32,,0.716,0.95,0.716,0.584,0.434,0.25,0.484,0.666
33,,0.666,0.9,0.666,0.534,0.384,0.2,0.434,0.616
34,,0.616,0.85,0.616,0.484,0.334,0.15,0.384,0.566
35,,0.566,0.8,0.566,0.434,0.284,0.1,0.334,0.516
36,,0.516,0.75,0.516,0.384,0.234,0.05,0.284,0.466
37,,0.466,0.7,0.466,0.334,0.184,0.0,0.234,0.416
38,,0.416,0.65,0.416,0.284,0.134,-0.05,0.184,0.366
39,6,0.183,0.3,0.183,0.334,0.467,0.95,0.517,0.416
40,6,-0.05,-0.05,-0.05,0.384,0.8,1.0,0.85,0.466
41,3,0.0,0.283,0.95,0.717,0.85,0.767,0.5,0.233
42,3,0.05,0.616,1.0,1.0,0.9,0.534,0.15,0.0
43,,0.0,0.566,0.95,0.95,0.85,0.484,0.1,-0.05
44,8,0.333,0.616,0.717,0.6,0.617,0.534,0.433,0.95
45,8,0.666,0.666,0.484,0.25,0.384,0.584,0.766,1.0
46,,0.616,0.616,0.434,0.2,0.334,0.534,0.716,0.95
47,,0.566,0.566,0.384,0.15,0.284,0.484,0.666,0.9
48,,0.516,0.516,0.334,0.1,0.234,0.434,0.616,0.85
49,,0.466,0.466,0.284,0.05,0.184,0.384,0.566,0.8
50,,0.416,0.416,0.234,0.0,0.134,0.334,0.516,0.75
51,,0.366,0.366,0.184,-0.05,0.084,0.284,0.466,0.7
52,4,0.133,0.416,0.517,0.95,0.417,0.334,0.233,0.35
53,4,-0.1,0.466,0.85,1.0,0.75,0.384,0.0,-0.0
54,1,0.9,0.799,0.9,0.767,0.4,0.151,0.05,0.333
55,1,1.0,1.0,0.95,0.534,0.05,-0.082,0.1,0.666
56,6,0.767,0.65,0.717,0.584,0.383,0.918,0.433,0.716
57,6,0.534,0.3,0.484,0.634,0.716,1.0,0.766,0.766
58,,0.484,0.25,0.434,0.584,0.666,0.95,0.716,0.716
59,,0.434,0.2,0.384,0.534,0.616,0.9,0.666,0.666
60,,0.384,0.15,0.334,0.484,0.566,0.85,0.616,0.616
61,,0.334,0.1,0.284,0.434,0.516,0.8,0.566,0.566
62,,0.284,0.05,0.234,0.384,0.466,0.75,0.516,0.516
63,,0.234,0.0,0.184,0.334,0.416,0.7,0.466,0.466
64,,0.184,-0.05,0.134,0.284,0.366,0.65,0.416,0.416
65,2,0.517,0.95,0.467,0.334,0.133,0.3,0.183,0.466
66,2,0.85,1.0,0.8,0.384,-0.1,-0.05,-0.05,0.516
67,5,0.5,0.767,0.85,0.717,0.9,0.283,0.0,0.283
68,5,0.15,0.534,0.9,1.0,1.0,0.616,0.05,0.05
69,,0.1,0.484,0.85,0.95,0.95,0.566,0.0,0.0
70,,0.05,0.434,0.8,0.9,0.9,0.516,-0.05,-0.05
71,7,0.1,0.201,0.45,0.667,0.95,0.849,0.95,0.283
72,7,0.15,-0.032,0.1,0.434,1.0,1.0,1.0,0.616
73,2,0.483,0.968,0.433,0.484,0.767,0.65,0.767,0.666
74,2,0.816,1.0,0.766,0.534,0.534,0.3,0.534,0.716
75,,0.766,0.95,0.716,0.484,0.484,0.25,0.484,0.666
76,,0.716,0.9,0.666,0.434,0.434,0.2,0.434,0.616
77,,0.666,0.85,0.616,0.384,0.384,0.15,0.384,0.566
78,,0.616,0.8,0.566,0.334,0.334,0.1,0.334,0.516
79,,0.566,0.75,0.516,0.284,0.284,0.05,0.284,0.466
80,,0.516,0.7,0.466,0.234,0.234,0.0,0.234,0.416
81,,0.466,0.65,0.416,0.184,0.184,-0.05,0.184,0.366
82,6,0.233,0.3,0.183,0.234,0.517,0.95,0.517,0.416
83,6,0.0,-0.05,-0.05,0.284,0.85,1.0,0.85,0.466
84,2,0.333,0.95,0.283,0.334,0.617,0.65,0.617,0.516
85,2,0.666,1.0,0.616,0.384,0.384,0.3,0.384,0.566
86,,0.616,0.95,0.566,0.334,0.334,0.25,0.334,0.516
87,,0.566,0.9,0.516,0.284,0.284,0.2,0.284,0.466
88,,0.516,0.85,0.466,0.234,0.234,0.15,0.234,0.416
89,,0.466,0.8,0.416,0.184,0.184,0.1,0.184,0.366
90,,0.416,0.75,0.366,0.134,0.134,0.05,0.134,0.316
91,,0.366,0.7,0.316,0.084,0.084,0.0,0.084,0.266
92,,0.316,0.65,0.266,0.034,0.034,-0.05,0.034,0.216
93,6,0.083,0.3,0.033,0.084,0.367,0.95,0.367,0.266
94,6,-0.15,-0.05,-0.2,0.134,0.7,1.0,0.7,0.316
95,3,-0.1,0.283,0.8,0.467,0.75,0.767,0.35,0.083
96,3,-0.05,0.616,1.0,0.8,0.8,0.534,-0.0,-0.15
97,8,0.283,0.666,0.767,0.45,0.567,0.584,0.333,0.85
98,8,0.616,0.716,0.534,0.1,0.334,0.634,0.666,1.0
99,,0.566,0.666,0.484,0.05,0.284,0.584,0.616,0.95
100,,0.516,0.616,0.434,0.0,0.234,0.534,0.566,0.9
101,,0.466,0.566,0.384,-0.05,0.184,0.484,0.516,0.85
102,4,0.233,0.616,0.717,0.95,0.517,0.534,0.283,0.5
103,4,0.0,0.666,1.0,1.0,0.85,0.584,0.05,0.15
104,,-0.05,0.616,0.95,0.95,0.8,0.534,0.0,0.1
105,1,0.95,0.949,1.0,0.717,0.45,0.301,0.05,0.433
106,1,1.0,1.0,1.0,0.484,0.1,0.068,0.1,0.766
107,,0.95,0.95,0.95,0.434,0.05,0.018,0.05,0.716
108,,0.9,0.9,0.9,0.384,0.0,-0.032,0.0,0.666
109,6,0.667,0.55,0.667,0.434,0.333,0.968,0.333,0.716
110,6,0.434,0.2,0.434,0.484,0.666,1.0,0.666,0.766
111,,0.384,0.15,0.384,0.434,0.616,0.95,0.616,0.716
112,,0.334,0.1,0.334,0.384,0.566,0.9,0.566,0.666
113,,0.284,0.05,0.284,0.334,0.516,0.85,0.516,0.616
114,,0.234,0.0,0.234,0.284,0.466,0.8,0.466,0.566
115,,0.184,-0.05,0.184,0.234,0.416,0.75,0.416,0.516
116,2,0.517,0.95,0.517,0.284,0.183,0.4,0.183,0.566
117,2,0.85,1.0,0.85,0.334,-0.05,0.05,-0.05,0.616
118,7,0.9,0.767,0.5,0.101,0.0,0.383,0.95,0.949
119,7,0.95,0.534,0.15,-0.132,0.05,0.716,1.0,1.0
120,4,0.717,0.584,0.483,0.868,0.383,0.766,0.767,0.65
121,4,0.484,0.634,0.816,1.0,0.716,0.816,0.534,0.3
122,,0.434,0.584,0.766,0.95,0.666,0.766,0.484,0.25
123,,0.384,0.534,0.716,0.9,0.616,0.716,0.434,0.2
124,,0.334,0.484,0.666,0.85,0.566,0.666,0.384,0.15
125,,0.284,0.434,0.616,0.8,0.516,0.616,0.334,0.1
126,,0.234,0.384,0.566,0.75,0.466,0.566,0.284,0.05
127,,0.184,0.334,0.516,0.7,0.416,0.516,0.234,0.0
128,,0.134,0.284,0.466,0.65,0.366,0.466,0.184,-0.05
129,8,0.467,0.334,0.233,0.3,0.133,0.516,0.517,0.95
130,8,0.8,0.384,0.0,-0.05,-0.1,0.566,0.85,1.0
131,5,0.45,0.151,0.05,0.283,0.9,0.899,0.9,0.767
132,5,0.1,-0.082,0.1,0.616,1.0,1.0,0.95,0.534
133,2,0.433,0.918,0.433,0.666,0.767,0.65,0.717,0.584
134,2,0.766,1.0,0.766,0.716,0.534,0.3,0.484,0.634
135,,0.716,0.95,0.716,0.666,0.484,0.25,0.434,0.584
136,,0.666,0.9,0.666,0.616,0.434,0.2,0.384,0.534
137,,0.616,0.85,0.616,0.566,0.384,0.15,0.334,0.484
138,,0.566,0.8,0.566,0.516,0.334,0.1,0.284,0.434
139,,0.516,0.75,0.516,0.466,0.284,0.05,0.234,0.384
140,,0.466,0.7,0.466,0.416,0.234,0.0,0.184,0.334
141,,0.416,0.65,0.416,0.366,0.184,-0.05,0.134,0.284
142,6,0.183,0.3,0.183,0.416,0.517,0.95,0.467,0.334
143,6,-0.05,-0.05,-0.05,0.466,0.85,1.0,0.8,0.384
144,3,0.0,0.283,0.95,0.799,0.9,0.767,0.45,0.151
145,3,0.05,0.616,1.0,1.0,0.95,0.534,0.1,-0.082
146,8,0.383,0.666,0.767,0.65,0.717,0.584,0.433,0.918
147,8,0.716,0.716,0.534,0.3,0.484,0.634,0.766,1.0
148,,0.666,0.666,0.484,0.25,0.434,0.584,0.716,0.95
149,,0.616,0.616,0.434,0.2,0.384,0.534,0.666,0.9
150,,0.566,0.566,0.384,0.15,0.334,0.484,0.616,0.85
151,,0.516,0.516,0.334,0.1,0.284,0.434,0.566,0.8
152,,0.466,0.466,0.284,0.05,0.234,0.384,0.516,0.75
153,,0.416,0.416,0.234,0.0,0.184,0.334,0.466,0.7
154,,0.366,0.366,0.184,-0.05,0.134,0.284,0.416,0.65
155,4,0.133,0.416,0.517,0.95,0.467,0.334,0.183,0.3
156,4,-0.1,0.466,0.85,1.0,0.8,0.384,-0.05,-0.05
157,1,0.9,0.799,0.9,0.767,0.45,0.151,0.0,0.283
158,1,1.0,1.0,0.95,0.534,0.1,-0.082,0.05,0.616
159,6,0.767,0.65,0.717,0.584,0.433,0.918,0.383,0.666
160,6,0.534,0.3,0.484,0.634,0.766,1.0,0.716,0.716
161,,0.484,0.25,0.434,0.584,0.716,0.95,0.666,0.666
162,,0.434,0.2,0.384,0.534,0.666,0.9,0.616,0.616
163,,0.384,0.15,0.334,0.484,0.616,0.85,0.566,0.566
164,,0.334,0.1,0.284,0.434,0.566,0.8,0.516,0.516
165,,0.284,0.05,0.234,0.384,0.516,0.75,0.466,0.466
166,,0.234,0.0,0.184,0.334,0.466,0.7,0.416,0.416
167,,0.184,-0.05,0.134,0.284,0.416,0.65,0.366,0.366
168,2,0.517,0.95,0.467,0.334,0.183,0.3,0.133,0.416
169,2,0.85,1.0,0.8,0.384,-0.05,-0.05,-0.1,0.466
170,7,0.9,0.767,0.45,0.151,0.0,0.283,0.9,0.799
171,7,0.95,0.534,0.1,-0.082,0.05,0.616,1.0,1.0
172,4,0.717,0.584,0.433,0.918,0.383,0.666,0.767,0.65
173,4,0.484,0.634,0.766,1.0,0.716,0.716,0.534,0.3
174,,0.434,0.584,0.716,0.95,0.666,0.666,0.484,0.25
175,,0.384,0.534,0.666,0.9,0.616,0.616,0.434,0.2
176,,0.334,0.484,0.616,0.85,0.566,0.566,0.384,0.15
177,,0.284,0.434,0.566,0.8,0.516,0.516,0.334,0.1
178,,0.234,0.384,0.516,0.75,0.466,0.466,0.284,0.05
179,,0.184,0.334,0.466,0.7,0.416,0.416,0.234,0.0
180,,0.134,0.284,0.416,0.65,0.366,0.366,0.184,-0.05
181,8,0.467,0.334,0.183,0.3,0.133,0.416,0.517,0.95
182,8,0.8,0.384,-0.05,-0.05,-0.1,0.466,0.85,1.0
183,5,0.45,0.151,0.0,0.283,0.9,0.799,0.9,0.767
184,5,0.1,-0.082,0.05,0.616,1.0,1.0,0.95,0.534
185,2,0.433,0.918,0.383,0.666,0.767,0.65,0.717,0.584
186,2,0.766,1.0,0.716,0.716,0.534,0.3,0.484,0.634
187,,0.716,0.95,0.666,0.666,0.484,0.25,0.434,0.584
188,,0.666,0.9,0.616,0.616,0.434,0.2,0.384,0.534
189,,0.616,0.85,0.566,0.566,0.384,0.15,0.334,0.484
190,,0.566,0.8,0.516,0.516,0.334,0.1,0.284,0.434
191,,0.516,0.75,0.466,0.466,0.284,0.05,0.234,0.384
192,,0.466,0.7,0.416,0.416,0.234,0.0,0.184,0.334
193,,0.416,0.65,0.366,0.366,0.184,-0.05,0.134,0.284
194,6,0.183,0.3,0.133,0.416,0.517,0.95,0.467,0.334
195,6,-0.05,-0.05,-0.1,0.466,0.85,1.0,0.8,0.384
196,3,0.0,0.283,0.9,0.799,0.9,0.767,0.45,0.151
197,3,0.05,0.616,1.0,1.0,0.95,0.534,0.1,-0.082
198,8,0.383,0.666,0.767,0.65,0.717,0.584,0.433,0.918
199,8,0.716,0.716,0.534,0.3,0.484,0.634,0.766,1.0
200,,0.666,0.666,0.484,0.25,0.434,0.584,0.716,0.95
201,,0.616,0.616,0.434,0.2,0.384,0.534,0.666,0.9
202,,0.566,0.566,0.384,0.15,0.334,0.484,0.616,0.85
203,,0.516,0.516,0.334,0.1,0.284,0.434,0.566,0.8
204,,0.466,0.466,0.284,0.05,0.234,0.384,0.516,0.75
205,,0.416,0.416,0.234,0.0,0.184,0.334,0.466,0.7
206,,0.366,0.366,0.184,-0.05,0.134,0.284,0.416,0.65
207,4,0.133,0.416,0.517,0.95,0.467,0.334,0.183,0.3
208,4,-0.1,0.466,0.85,1.0,0.8,0.384,-0.05,-0.05
209,1,0.9,0.799,0.9,0.767,0.45,0.151,0.0,0.283
210,1,1.0,1.0,0.95,0.534,0.1,-0.082,0.05,0.616
211,6,0.767,0.65,0.717,0.584,0.433,0.918,0.383,0.666
212,6,0.534,0.3,0.484,0.634,0.766,1.0,0.716,0.716
213,,0.484,0.25,0.434,0.584,0.716,0.95,0.666,0.666
214,,0.434,0.2,0.384,0.534,0.666,0.9,0.616,0.616
215,,0.384,0.15,0.334,0.484,0.616,0.85,0.566,0.566
216,,0.334,0.1,0.284,0.434,0.566,0.8,0.516,0.516
217,,0.284,0.05,0.234,0.384,0.516,0.75,0.466,0.466
218,,0.234,0.0,0.184,0.334,0.466,0.7,0.416,0.416
219,,0.184,-0.05,0.134,0.284,0.416,0.65,0.366,0.366
220,2,0.517,0.95,0.467,0.334,0.183,0.3,0.133,0.416
221,2,0.85,1.0,0.8,0.384,-0.05,-0.05,-0.1,0.466
222,7,0.9,0.767,0.45,0.151,0.0,0.283,0.9,0.799
223,7,0.95,0.534,0.1,-0.082,0.05,0.616,1.0,1.0
224,4,0.717,0.584,0.433,0.918,0.383,0.666,0.767,0.65
225,4,0.484,0.634,0.766,1.0,0.716,0.716,0.534,0.3
226,,0.434,0.584,0.716,0.95,0.666,0.666,0.484,0.25
227,,0.384,0.534,0.666,0.9,0.616,0.616,0.434,0.2
228,,0.334,0.484,0.616,0.85,0.566,0.566,0.384,0.15
229,,0.284,0.434,0.566,0.8,0.516,0.516,0.334,0.1
230,,0.234,0.384,0.516,0.75,0.466,0.466,0.284,0.05
231,,0.184,0.334,0.466,0.7,0.416,0.416,0.234,0.0
232,,0.134,0.284,0.416,0.65,0.366,0.366,0.184,-0.05
233,8,0.467,0.334,0.183,0.3,0.133,0.416,0.517,0.95
234,8,0.8,0.384,-0.05,-0.05,-0.1,0.466,0.85,1.0
235,5,0.45,0.151,0.0,0.283,0.9,0.799,0.9,0.767
236,5,0.1,-0.082,0.05,0.616,1.0,1.0,0.95,0.534
237,2,0.433,0.918,0.383,0.666,0.767,0.65,0.717,0.584
238,2,0.766,1.0,0.716,0.716,0.534,0.3,0.484,0.634
239,,0.716,0.95,0.666,0.666,0.484,0.25,0.434,0.584
240,,0.666,0.9,0.616,0.616,0.434,0.2,0.384,0.534
241,,0.616,0.85,0.566,0.566,0.384,0.15,0.334,0.484
242,,0.566,0.8,0.516,0.516,0.334,0.1,0.284,0.434
243,,0.516,0.75,0.466,0.466,0.284,0.05,0.234,0.384
244,,0.466,0.7,0.416,0.416,0.234,0.0,0.184,0.334
245,,0.416,0.65,0.366,0.366,0.184,-0.05,0.134,0.284
246,6,0.183,0.3,0.133,0.416,0.517,0.95,0.467,0.334
247,6,-0.05,-0.05,-0.1,0.466,0.85,1.0,0.8,0.384
248,3,0.0,0.283,0.9,0.799,0.9,0.767,0.45,0.151
249,3,0.05,0.616,1.0,1.0,0.95,0.534,0.1,-0.082
250,8,0.383,0.666,0.767,0.65,0.717,0.584,0.433,0.918
251,8,0.716,0.716,0.534,0.3,0.484,0.634,0.766,1.0
252,,0.666,0.666,0.484,0.25,0.434,0.584,0.716,0.95
253,,0.616,0.616,0.434,0.2,0.384,0.534,0.666,0.9
254,,0.566,0.566,0.384,0.15,0.334,0.484,0.616,0.85
255,,0.516,0.516,0.334,0.1,0.284,0.434,0.566,0.8
256,,0.466,0.466,0.284,0.05,0.234,0.384,0.516,0.75
257,,0.416,0.416,0.234,0.0,0.184,0.334,0.466,0.7
258,,0.366,0.366,0.184,-0.05,0.134,0.284,0.416,0.65
259,4,0.133,0.416,0.517,0.95,0.467,0.334,0.183,0.3
260,4,-0.1,0.466,0.85,1.0,0.8,0.384,-0.05,-0.05
261,1,0.9,0.799,0.9,0.767,0.45,0.151,0.0,0.283
262,1,1.0,1.0,0.95,0.534,0.1,-0.082,0.05,0.616
263,6,0.767,0.65,0.717,0.584,0.433,0.918,0.383,0.666
264,6,0.534,0.3,0.484,0.634,0.766,1.0,0.716,0.716
265,,0.484,0.25,0.434,0.584,0.716,0.95,0.666,0.666
266,,0.434,0.2,0.384,0.534,0.666,0.9,0.616,0.616
267,,0.384,0.15,0.334,0.484,0.616,0.85,0.566,0.566
268,,0.334,0.1,0.284,0.434,0.566,0.8,0.516,0.516
269,,0.284,0.05,0.234,0.384,0.516,0.75,0.466,0.466
270,,0.234,0.0,0.184,0.334,0.466,0.7,0.416,0.416
271,,0.184,-0.05,0.134,0.284,0.416,0.65,0.366,0.366
272,2,0.517,0.95,0.467,0.334,0.183,0.3,0.133,0.416
273,2,0.85,1.0,0.8,0.384,-0.05,-0.05,-0.1,0.466
274,7,0.9,0.767,0.45,0.151,0.0,0.283,0.9,0.799
275,7,0.95,0.534,0.1,-0.082,0.05,0.616,1.0,1.0
276,4,0.717,0.584,0.433,0.918,0.383,0.666,0.767,0.65
277,4,0.484,0.634,0.766,1.0,0.716,0.716,0.534,0.3
278,,0.434,0.584,0.716,0.95,0.666,0.666,0.484,0.25
279,,0.384,0.534,0.666,0.9,0.616,0.616,0.434,0.2
280,,0.334,0.484,0.616,0.85,0.566,0.566,0.384,0.15
281,,0.284,0.434,0.566,0.8,0.516,0.516,0.334,0.1
282,,0.234,0.384,0.516,0.75,0.466,0.466,0.284,0.05
283,,0.184,0.334,0.466,0.7,0.416,0.416,0.234,0.0
284,,0.134,0.284,0.416,0.65,0.366,0.366,0.184,-0.05
285,8,0.467,0.334,0.183,0.3,0.133,0.416,0.517,0.95
286,8,0.8,0.384,-0.05,-0.05,-0.1,0.466,0.85,1.0
287,5,0.45,0.151,0.0,0.283,0.9,0.799,0.9,0.767
288,5,0.1,-0.082,0.05,0.616,1.0,1.0,0.95,0.534
289,2,0.433,0.918,0.383,0.666,0.767,0.65,0.717,0.584
290,2,0.766,1.0,0.716,0.716,0.534,0.3,0.484,0.634
291,,0.716,0.95,0.666,0.666,0.484,0.25,0.434,0.584
292,,0.666,0.9,0.616,0.616,0.434,0.2,0.384,0.534
293,,0.616,0.85,0.566,0.566,0.384,0.15,0.334,0.484
294,,0.566,0.8,0.516,0.516,0.334,0.1,0.284,0.434
295,,0.516,0.75,0.466,0.466,0.284,0.05,0.234,0.384
296,,0.466,0.7,0.416,0.416,0.234,0.0,0.184,0.334
297,,0.416,0.65,0.366,0.366,0.184,-0.05,0.134,0.284
298,6,0.183,0.3,0.133,0.416,0.517,0.95,0.467,0.334
299,6,-0.05,-0.05,-0.1,0.466,0.85,1.0,0.8,0.384
300,3,0.0,0.283,0.9,0.799,0.9,0.767,0.45,0.151
301,3,0.05,0.616,1.0,1.0,0.95,0.534,0.1,-0.082
302,8,0.383,0.666,0.767,0.65,0.717,0.584,0.433,0.918
303,8,0.716,0.716,0.534,0.3,0.484,0.634,0.766,1.0
304,,0.666,0.666,0.484,0.25,0.434,0.584,0.716,0.95
305,,0.616,0.616,0.434,0.2,0.384,0.534,0.666,0.9
306,,0.566,0.566,0.384,0.15,0.334,0.484,0.616,0.85
307,,0.516,0.516,0.334,0.1,0.284,0.434,0.566,0.8
308,,0.466,0.466,0.284,0.05,0.234,0.384,0.516,0.75
309,,0.416,0.416,0.234,0.0,0.184,0.334,0.466,0.7
310,,0.366,0.366,0.184,-0.05,0.134,0.284,0.416,0.65
311,4,0.133,0.416,0.517,0.95,0.467,0.334,0.183,0.3
312,4,-0.1,0.466,0.85,1.0,0.8,0.384,-0.05,-0.05
313,1,0.9,0.799,0.9,0.767,0.45,0.151,0.0,0.283
314,1,1.0,1.0,0.95,0.534,0.1,-0.082,0.05,0.616
315,6,0.767,0.65,0.717,0.584,0.433,0.918,0.383,0.666
316,6,0.534,0.3,0.484,0.634,0.766,1.0,0.716,0.716
317,,0.484,0.25,0.434,0.584,0.716,0.95,0.666,0.666
318,,0.434,0.2,0.384,0.534,0.666,0.9,0.616,0.616
319,,0.384,0.15,0.334,0.484,0.616,0.85,0.566,0.566
320,,0.334,0.1,0.284,0.434,0.566,0.8,0.516,0.516
321,,0.284,0.05,0.234,0.384,0.516,0.75,0.466,0.466
322,,0.234,0.0,0.184,0.334,0.466,0.7,0.416,0.416
323,,0.184,-0.05,0.134,0.284,0.416,0.65,0.366,0.366
324,2,0.517,0.95,0.467,0.334,0.183,0.3,0.133,0.416
325,2,0.85,1.0,0.8,0.384,-0.05,-0.05,-0.1,0.466
326,7,0.9,0.767,0.45,0.151,0.0,0.283,0.9,0.799
327,7,0.95,0.534,0.1,-0.082,0.05,0.616,1.0,1.0
328,4,0.717,0.584,0.433,0.918,0.383,0.666,0.767,0.65
329,4,0.484,0.634,0.766,1.0,0.716,0.716,0.534,0.3
330,,0.434,0.584,0.716,0.95,0.666,0.666,0.484,0.25
331,,0.384,0.534,0.666,0.9,0.616,0.616,0.434,0.2
332,,0.334,0.484,0.616,0.85,0.566,0.566,0.384,0.15
333,,0.284,0.434,0.566,0.8,0.516,0.516,0.334,0.1
334,,0.234,0.384,0.516,0.75,0.466,0.466,0.284,0.05
335,,0.184,0.334,0.466,0.7,0.416,0.416,0.234,0.0
336,,0.134,0.284,0.416,0.65,0.366,0.366,0.184,-0.05
337,8,0.467,0.334,0.183,0.3,0.133,0.416,0.517,0.95
338,8,0.8,0.384,-0.05,-0.05,-0.1,0.466,0.85,1.0
339,5,0.45,0.151,0.0,0.283,0.9,0.799,0.9,0.767
340,5,0.1,-0.082,0.05,0.616,1.0,1.0,0.95,0.534
341,2,0.433,0.918,0.383,0.666,0.767,0.65,0.717,0.584
342,2,0.766,1.0,0.716,0.716,0.534,0.3,0.484,0.634
343,,0.716,0.95,0.666,0.666,0.484,0.25,0.434,0.584
344,,0.666,0.9,0.616,0.616,0.434,0.2,0.384,0.534
345,,0.616,0.85,0.566,0.566,0.384,0.15,0.334,0.484
346,,0.566,0.8,0.516,0.516,0.334,0.1,0.284,0.434
347,,0.516,0.75,0.466,0.466,0.284,0.05,0.234,0.384
348,,0.466,0.7,0.416,0.416,0.234,0.0,0.184,0.334
349,,0.416,0.65,0.366,0.366,0.184,-0.05,0.134,0.284
350,6,0.183,0.3,0.133,0.416,0.517,0.95,0.467,0.334
351,6,-0.05,-0.05,-0.1,0.466,0.85,1.0,0.8,0.384
352,3,0.0,0.283,0.9,0.799,0.9,0.767,0.45,0.151
353,3,0.05,0.616,1.0,1.0,0.95,0.534,0.1,-0.082
354,8,0.383,0.666,0.767,0.65,0.717,0.584,0.433,0.918
355,8,0.716,0.716,0.534,0.3,0.484,0.634,0.766,1.0
356,,0.666,0.666,0.484,0.25,0.434,0.584,0.716,0.95
357,,0.616,0.616,0.434,0.2,0.384,0.534,0.666,0.9
358,,0.566,0.566,0.384,0.15,0.334,0.484,0.616,0.85
359,,0.516,0.516,0.334,0.1,0.284,0.434,0.566,0.8
360,,0.466,0.466,0.284,0.05,0.234,0.384,0.516,0.75
361,,0.416,0.416,0.234,0.0,0.184,0.334,0.466,0.7
362,,0.366,0.366,0.184,-0.05,0.134,0.284,0.416,0.65
363,4,0.133,0.416,0.517,0.95,0.467,0.334,0.183,0.3
364,4,-0.1,0.466,0.85,1.0,0.8,0.384,-0.05,-0.05
365,1,0.9,0.799,0.9,0.767,0.45,0.151,0.0,0.283
366,1,1.0,1.0,0.95,0.534,0.1,-0.082,0.05,0.616
367,6,0.767,0.65,0.717,0.584,0.433,0.918,0.383,0.666
368,6,0.534,0.3,0.484,0.634,0.766,1.0,0.716,0.716
369,,0.484,0.25,0.434,0.584,0.716,0.95,0.666,0.666
370,,0.434,0.2,0.384,0.534,0.666,0.9,0.616,0.616
371,,0.384,0.15,0.334,0.484,0.616,0.85,0.566,0.566
372,,0.334,0.1,0.284,0.434,0.566,0.8,0.516,0.516
373,,0.284,0.05,0.234,0.384,0.516,0.75,0.466,0.466
374,,0.234,0.0,0.184,0.334,0.466,0.7,0.416,0.416
375,,0.184,-0.05,0.134,0.284,0.416,0.65,0.366,0.366
376,2,0.517,0.95,0.467,0.334,0.183,0.3,0.133,0.416
377,2,0.85,1.0,0.8,0.384,-0.05,-0.05,-0.1,0.466
378,7,0.9,0.767,0.45,0.151,0.0,0.283,0.9,0.799
379,7,0.95,0.534,0.1,-0.082,0.05,0.616,1.0,1.0
380,4,0.717,0.584,0.433,0.918,0.383,0.666,0.767,0.65
381,4,0.484,0.634,0.766,1.0,0.716,0.716,0.534,0.3
382,,0.434,0.584,0.716,0.95,0.666,0.666,0.484,0.25
383,,0.384,0.534,0.666,0.9,0.616,0.616,0.434,0.2
384,,0.334,0.484,0.616,0.85,0.566,0.566,0.384,0.15
385,,0.284,0.434,0.566,0.8,0.516,0.516,0.334,0.1
386,,0.234,0.384,0.516,0.75,0.466,0.466,0.284,0.05
387,,0.184,0.334,0.466,0.7,0.416,0.416,0.234,0.0
388,,0.134,0.284,0.416,0.65,0.366,0.366,0.184,-0.05
389,8,0.467,0.334,0.183,0.3,0.133,0.416,0.517,0.95
390,8,0.8,0.384,-0.05,-0.05,-0.1,0.466,0.85,1.0
391,5,0.45,0.151,0.0,0.283,0.9,0.799,0.9,0.767
392,5,0.1,-0.082,0.05,0.616,1.0,1.0,0.95,0.534
393,2,0.433,0.918,0.383,0.666,0.767,0.65,0.717,0.584
394,2,0.766,1.0,0.716,0.716,0.534,0.3,0.484,0.634
395,,0.716,0.95,0.666,0.666,0.484,0.25,0.434,0.584
396,,0.666,0.9,0.616,0.616,0.434,0.2,0.384,0.534
397,,0.616,0.85,0.566,0.566,0.384,0.15,0.334,0.484
398,,0.566,0.8,0.516,0.516,0.334,0.1,0.284,0.434
399,,0.516,0.75,0.466,0.466,0.284,0.05,0.234,0.384
400,,0.466,0.7,0.416,0.416,0.234,0.0,0.184,0.334
401,,0.416,0.65,0.366,0.366,0.184,-0.05,0.134,0.284
402,6,0.183,0.3,0.133,0.416,0.517,0.95,0.467,0.334
403,6,-0.05,-0.05,-0.1,0.466,0.85,1.0,0.8,0.384
404,3,0.0,0.283,0.9,0.799,0.9,0.767,0.45,0.151
405,3,0.05,0.616,1.0,1.0,0.95,0.534,0.1,-0.082
406,8,0.383,0.666,0.767,0.65,0.717,0.584,0.433,0.918
407,8,0.716,0.716,0.534,0.3,0.484,0.634,0.766,1.0
408,,0.666,0.666,0.484,0.25,0.434,0.584,0.716,0.95
409,,0.616,0.616,0.434,0.2,0.384,0.534,0.666,0.9
410,,0.566,0.566,0.384,0.15,0.334,0.484,0.616,0.85
411,,0.516,0.516,0.334,0.1,0.284,0.434,0.566,0.8
412,,0.466,0.466,0.284,0.05,0.234,0.384,0.516,0.75
413,,0.416,0.416,0.234,0.0,0.184,0.334,0.466,0.7
414,,0.366,0.366,0.184,-0.05,0.134,0.284,0.416,0.65
415,4,0.133,0.416,0.517,0.95,0.467,0.334,0.183,0.3
416,4,-0.1,0.466,0.85,1.0,0.8,0.384,-0.05,-0.05
417,1,0.9,0.799,0.9,0.767,0.45,0.151,0.0,0.283
418,1,1.0,1.0,0.95,0.534,0.1,-0.082,0.05,0.616
419,6,0.767,0.65,0.717,0.584,0.433,0.918,0.383,0.666
420,6,0.534,0.3,0.484,0.634,0.766,1.0,0.716,0.716
421,,0.484,0.25,0.434,0.584,0.716,0.95,0.666,0.666
422,,0.434,0.2,0.384,0.534,0.666,0.9,0.616,0.616
423,,0.384,0.15,0.334,0.484,0.616,0.85,0.566,0.566
424,,0.334,0.1,0.284,0.434,0.566,0.8,0.516,0.516
425,,0.284,0.05,0.234,0.384,0.516,0.75,0.466,0.466
426,,0.234,0.0,0.184,0.334,0.466,0.7,0.416,0.416
427,,0.184,-0.05,0.134,0.284,0.416,0.65,0.366,0.366
428,2,0.517,0.95,0.467,0.334,0.183,0.3,0.133,0.416
429,2,0.85,1.0,0.8,0.384,-0.05,-0.05,-0.1,0.466
430,7,0.9,0.767,0.45,0.151,0.0,0.283,0.9,0.799
431,7,0.95,0.534,0.1,-0.082,0.05,0.616,1.0,1.0
432,4,0.717,0.584,0.433,0.918,0.383,0.666,0.767,0.65
433,4,0.484,0.634,0.766,1.0,0.716,0.716,0.534,0.3
434,,0.434,0.584,0.716,0.95,0.666,0.666,0.484,0.25
435,,0.384,0.534,0.666,0.9,0.616,0.616,0.434,0.2
436,,0.334,0.484,0.616,0.85,0.566,0.566,0.384,0.15
437,,0.284,0.434,0.566,0.8,0.516,0.516,0.334,0.1
438,,0.234,0.384,0.516,0.75,0.466,0.466,0.284,0.05
439,,0.184,0.334,0.466,0.7,0.416,0.416,0.234,0.0
440,,0.134,0.284,0.416,0.65,0.366,0.366,0.184,-0.05
441,8,0.467,0.334,0.183,0.3,0.133,0.416,0.517,0.95
442,8,0.8,0.384,-0.05,-0.05,-0.1,0.466,0.85,1.0
443,5,0.45,0.151,0.0,0.283,0.9,0.799,0.9,0.767
444,5,0.1,-0.082,0.05,0.616,1.0,1.0,0.95,0.534
445,2,0.433,0.918,0.383,0.666,0.767,0.65,0.717,0.584
446,2,0.766,1.0,0.716,0.716,0.534,0.3,0.484,0.634
447,,0.716,0.95,0.666,0.666,0.484,0.25,0.434,0.584
448,,0.666,0.9,0.616,0.616,0.434,0.2,0.384,0.534
449,,0.616,0.85,0.566,0.566,0.384,0.15,0.334,0.484
450,,0.566,0.8,0.516,0.516,0.334,0.1,0.284,0.434
451,,0.516,0.75,0.466,0.466,0.284,0.05,0.234,0.384
452,,0.466,0.7,0.416,0.416,0.234,0.0,0.184,0.334
453,,0.416,0.65,0.366,0.366,0.184,-0.05,0.134,0.284
454,6,0.183,0.3,0.133,0.416,0.517,0.95,0.467,0.334
455,6,-0.05,-0.05,-0.1,0.466,0.85,1.0,0.8,0.384
456,3,0.0,0.283,0.9,0.799,0.9,0.767,0.45,0.151
457,3,0.05,0.616,1.0,1.0,0.95,0.534,0.1,-0.082
458,8,0.383,0.666,0.767,0.65,0.717,0.584,0.433,0.918
459,8,0.716,0.716,0.534,0.3,0.484,0.634,0.766,1.0
460,,0.666,0.666,0.484,0.25,0.434,0.584,0.716,0.95
461,,0.616,0.616,0.434,0.2,0.384,0.534,0.666,0.9
462,,0.566,0.566,0.384,0.15,0.334,0.484,0.616,0.85
463,,0.516,0.516,0.334,0.1,0.284,0.434,0.566,0.8
464,,0.466,0.466,0.284,0.05,0.234,0.384,0.516,0.75
465,,0.416,0.416,0.234,0.0,0.184,0.334,0.466,0.7
466,,0.366,0.366,0.184,-0.05,0.134,0.284,0.416,0.65
467,4,0.133,0.416,0.517,0.95,0.467,0.334,0.183,0.3
468,4,-0.1,0.466,0.85,1.0,0.8,0.384,-0.05,-0.05
469,1,0.9,0.799,0.9,0.767,0.45,0.151,0.0,0.283
470,1,1.0,1.0,0.95,0.534,0.1,-0.082,0.05,0.616
471,6,0.767,0.65,0.717,0.584,0.433,0.918,0.383,0.666
472,6,0.534,0.3,0.484,0.634,0.766,1.0,0.716,0.716
473,,0.484,0.25,0.434,0.584,0.716,0.95,0.666,0.666
474,,0.434,0.2,0.384,0.534,0.666,0.9,0.616,0.616
475,,0.384,0.15,0.334,0.484,0.616,0.85,0.566,0.566
476,,0.334,0.1,0.284,0.434,0.566,0.8,0.516,0.516
477,,0.284,0.05,0.234,0.384,0.516,0.75,0.466,0.466
478,,0.234,0.0,0.184,0.334,0.466,0.7,0.416,0.416
479,,0.184,-0.05,0.134,0.284,0.416,0.65,0.366,0.366
480,2,0.517,0.95,0.467,0.334,0.183,0.3,0.133,0.416
481,2,0.85,1.0,0.8,0.384,-0.05,-0.05,-0.1,0.466
482,7,0.9,0.767,0.45,0.151,0.0,0.283,0.9,0.799
483,7,0.95,0.534,0.1,-0.082,0.05,0.616,1.0,1.0
484,4,0.717,0.584,0.433,0.918,0.383,0.666,0.767,0.65
485,4,0.484,0.634,0.766,1.0,0.716,0.716,0.534,0.3
486,,0.434,0.584,0.716,0.95,0.666,0.666,0.484,0.25
487,,0.384,0.534,0.666,0.9,0.616,0.616,0.434,0.2
488,,0.334,0.484,0.616,0.85,0.566,0.566,0.384,0.15
489,,0.284,0.434,0.566,0.8,0.516,0.516,0.334,0.1
490,,0.234,0.384,0.516,0.75,0.466,0.466,0.284,0.05
491,,0.184,0.334,0.466,0.7,0.416,0.416,0.234,0.0
492,,0.134,0.284,0.416,0.65,0.366,0.366,0.184,-0.05
493,8,0.467,0.334,0.183,0.3,0.133,0.416,0.517,0.95
494,8,0.8,0.384,-0.05,-0.05,-0.1,0.466,0.85,1.0
495,5,0.45,0.151,0.0,0.283,0.9,0.799,0.9,0.767
496,5,0.1,-0.082,0.05,0.616,1.0,1.0,0.95,0.534
497,2,0.433,0.918,0.383,0.666,0.767,0.65,0.717,0.584
498,2,0.766,1.0,0.716,0.716,0.534,0.3,0.484,0.634
499,,0.716,0.95,0.666,0.666,0.484,0.25,0.434,0.584
500,,0.666,0.9,0.616,0.616,0.434,0.2,0.384,0.534
501,,0.616,0.85,0.566,0.566,0.384,0.15,0.334,0.484
502,,0.566,0.8,0.516,0.516,0.334,0.1,0.284,0.434
503,,0.516,0.75,0.466,0.466,0.284,0.05,0.234,0.384
504,,0.466,0.7,0.416,0.416,0.234,0.0,0.184,0.334
505,,0.416,0.65,0.366,0.366,0.184,-0.05,0.134,0.284
506,6,0.183,0.3,0.133,0.416,0.517,0.95,0.467,0.334
507,6,-0.05,-0.05,-0.1,0.466,0.85,1.0,0.8,0.384
508,3,0.0,0.283,0.9,0.799,0.9,0.767,0.45,0.151
509,3,0.05,0.616,1.0,1.0,0.95,0.534,0.1,-0.082
510,8,0.383,0.666,0.767,0.65,0.717,0.584,0.433,0.918
511,8,0.716,0.716,0.534,0.3,0.484,0.634,0.766,1.0
512,,0.666,0.666,0.484,0.25,0.434,0.584,0.716,0.95
513,,0.616,0.616,0.434,0.2,0.384,0.534,0.666,0.9
514,,0.566,0.566,0.384,0.15,0.334,0.484,0.616,0.85
515,,0.516,0.516,0.334,0.1,0.284,0.434,0.566,0.8
516,,0.466,0.466,0.284,0.05,0.234,0.384,0.516,0.75
517,,0.416,0.416,0.234,0.0,0.184,0.334,0.466,0.7
518,,0.366,0.366,0.184,-0.05,0.134,0.284,0.416,0.65
519,4,0.133,0.416,0.517,0.95,0.467,0.334,0.183,0.3
520,4,-0.1,0.466,0.85,1.0,0.8,0.384,-0.05,-0.05
521,1,0.9,0.799,0.9,0.767,0.45,0.151,0.0,0.283
522,1,1.0,1.0,0.95,0.534,0.1,-0.082,0.05,0.616
523,6,0.767,0.65,0.717,0.584,0.433,0.918,0.383,0.666
524,6,0.534,0.3,0.484,0.634,0.766,1.0,0.716,0.716
525,,0.484,0.25,0.434,0.584,0.716,0.95,0.666,0.666
526,,0.434,0.2,0.384,0.534,0.666,0.9,0.616,0.616
527,,0.384,0.15,0.334,0.484,0.616,0.85,0.566,0.566
528,,0.334,0.1,0.284,0.434,0.566,0.8,0.516,0.516
529,,0.284,0.05,0.234,0.384,0.516,0.75,0.466,0.466
530,,0.234,0.0,0.184,0.334,0.466,0.7,0.416,0.416
531,,0.184,-0.05,0.134,0.284,0.416,0.65,0.366,0.366
532,2,0.517,0.95,0.467,0.334,0.183,0.3,0.133,0.416
533,2,0.85,1.0,0.8,0.384,-0.05,-0.05,-0.1,0.466
534,7,0.9,0.767,0.45,0.151,0.0,0.283,0.9,0.799
535,7,0.95,0.534,0.1,-0.082,0.05,0.616,1.0,1.0
536,4,0.717,0.584,0.433,0.918,0.383,0.666,0.767,0.65
537,4,0.484,0.634,0.766,1.0,0.716,0.716,0.534,0.3
538,,0.434,0.584,0.716,0.95,0.666,0.666,0.484,0.25
539,,0.384,0.534,0.666,0.9,0.616,0.616,0.434,0.2
540,,0.334,0.484,0.616,0.85,0.566,0.566,0.384,0.15
541,,0.284,0.434,0.566,0.8,0.516,0.516,0.334,0.1
542,,0.234,0.384,0.516,0.75,0.466,0.466,0.284,0.05
543,,0.184,0.334,0.466,0.7,0.416,0.416,0.234,0.0
544,,0.134,0.284,0.416,0.65,0.366,0.366,0.184,-0.05
545,8,0.467,0.334,0.183,0.3,0.133,0.416,0.517,0.95
546,8,0.8,0.384,-0.05,-0.05,-0.1,0.466,0.85,1.0
547,5,0.45,0.151,0.0,0.283,0.9,0.799,0.9,0.767
548,5,0.1,-0.082,0.05,0.616,1.0,1.0,0.95,0.534
549,2,0.433,0.918,0.383,0.666,0.767,0.65,0.717,0.584
550,2,0.766,1.0,0.716,0.716,0.534,0.3,0.484,0.634
551,,0.716,0.95,0.666,0.666,0.484,0.25,0.434,0.584
552,,0.666,0.9,0.616,0.616,0.434,0.2,0.384,0.534
553,,0.616,0.85,0.566,0.566,0.384,0.15,0.334,0.484
554,,0.566,0.8,0.516,0.516,0.334,0.1,0.284,0.434
555,,0.516,0.75,0.466,0.466,0.284,0.05,0.234,0.384
556,,0.466,0.7,0.416,0.416,0.234,0.0,0.184,0.334
557,,0.416,0.65,0.366,0.366,0.184,-0.05,0.134,0.284
558,6,0.183,0.3,0.133,0.416,0.517,0.95,0.467,0.334
559,6,-0.05,-0.05,-0.1,0.466,0.85,1.0,0.8,0.384
560,3,0.0,0.283,0.9,0.799,0.9,0.767,0.45,0.151
561,3,0.05,0.616,1.0,1.0,0.95,0.534,0.1,-0.082
562,8,0.383,0.666,0.767,0.65,0.717,0.584,0.433,0.918
563,8,0.716,0.716,0.534,0.3,0.484,0.634,0.766,1.0
564,,0.666,0.666,0.484,0.25,0.434,0.584,0.716,0.95
565,,0.616,0.616,0.434,0.2,0.384,0.534,0.666,0.9
566,,0.566,0.566,0.384,0.15,0.334,0.484,0.616,0.85
567,,0.516,0.516,0.334,0.1,0.284,0.434,0.566,0.8
568,,0.466,0.466,0.284,0.05,0.234,0.384,0.516,0.75
569,,0.416,0.416,0.234,0.0,0.184,0.334,0.466,0.7
570,,0.366,0.366,0.184,-0.05,0.134,0.284,0.416,0.65
571,4,0.133,0.416,0.517,0.95,0.467,0.334,0.183,0.3
572,4,-0.1,0.466,0.85,1.0,0.8,0.384,-0.05,-0.05
573,1,0.9,0.799,0.9,0.767,0.45,0.151,0.0,0.283
574,1,1.0,1.0,0.95,0.534,0.1,-0.082,0.05,0.616
575,6,0.767,0.65,0.717,0.584,0.433,0.918,0.383,0.666
576,6,0.534,0.3,0.484,0.634,0.766,1.0,0.716,0.716
577,,0.484,0.25,0.434,0.584,0.716,0.95,0.666,0.666
578,,0.434,0.2,0.384,0.534,0.666,0.9,0.616,0.616
579,,0.384,0.15,0.334,0.484,0.616,0.85,0.566,0.566
580,,0.334,0.1,0.284,0.434,0.566,0.8,0.516,0.516
581,,0.284,0.05,0.234,0.384,0.516,0.75,0.466,0.466
582,,0.234,0.0,0.184,0.334,0.466,0.7,0.416,0.416
583,,0.184,-0.05,0.134,0.284,0.416,0.65,0.366,0.366
584,2,0.517,0.95,0.467,0.334,0.183,0.3,0.133,0.416
585,2,0.85,1.0,0.8,0.384,-0.05,-0.05,-0.1,0.466
586,7,0.9,0.767,0.45,0.151,0.0,0.283,0.9,0.799
587,7,0.95,0.534,0.1,-0.082,0.05,0.616,1.0,1.0
588,4,0.717,0.584,0.433,0.918,0.383,0.666,0.767,0.65
589,4,0.484,0.634,0.766,1.0,0.716,0.716,0.534,0.3
590,,0.434,0.584,0.716,0.95,0.666,0.666,0.484,0.25
591,,0.384,0.534,0.666,0.9,0.616,0.616,0.434,0.2
592,,0.334,0.484,0.616,0.85,0.566,0.566,0.384,0.15
593,,0.284,0.434,0.566,0.8,0.516,0.516,0.334,0.1
594,,0.234,0.384,0.516,0.75,0.466,0.466,0.284,0.05
595,,0.184,0.334,0.466,0.7,0.416,0.416,0.234,0.0
596,,0.134,0.284,0.416,0.65,0.366,0.366,0.184,-0.05
597,8,0.467,0.334,0.183,0.3,0.133,0.416,0.517,0.95
598,8,0.8,0.384,-0.05,-0.05,-0.1,0.466,0.85,1.0
599,5,0.45,0.151,0.0,0.283,0.9,0.799,0.9,0.767
600,5,0.1,-0.082,0.05,0.616,1.0,1.0,0.95,0.534
601,2,0.433,0.918,0.383,0.666,0.767,0.65,0.717,0.584
602,2,0.766,1.0,0.716,0.716,0.534,0.3,0.484,0.634
603,,0.716,0.95,0.666,0.666,0.484,0.25,0.434,0.584
604,,0.666,0.9,0.616,0.616,0.434,0.2,0.384,0.534
605,,0.616,0.85,0.566,0.566,0.384,0.15,0.334,0.484
606,,0.566,0.8,0.516,0.516,0.334,0.1,0.284,0.434
607,,0.516,0.75,0.466,0.466,0.284,0.05,0.234,0.384
608,,0.466,0.7,0.416,0.416,0.234,0.0,0.184,0.334
609,,0.416,0.65,0.366,0.366,0.184,-0.05,0.134,0.284
610,6,0.183,0.3,0.133,0.416,0.517,0.95,0.467,0.334
611,6,-0.05,-0.05,-0.1,0.466,0.85,1.0,0.8,0.384
612,3,0.0,0.283,0.9,0.799,0.9,0.767,0.45,0.151
613,3,0.05,0.616,1.0,1.0,0.95,0.534,0.1,-0.082
614,8,0.383,0.666,0.767,0.65,0.717,0.584,0.433,0.918
615,8,0.716,0.716,0.534,0.3,0.484,0.634,0.766,1.0
616,,0.666,0.666,0.484,0.25,0.434,0.584,0.716,0.95
617,,0.616,0.616,0.434,0.2,0.384,0.534,0.666,0.9
618,,0.566,0.566,0.384,0.15,0.334,0.484,0.616,0.85
619,,0.516,0.516,0.334,0.1,0.284,0.434,0.566,0.8
620,,0.466,0.466,0.284,0.05,0.234,0.384,0.516,0.75
621,,0.416,0.416,0.234,0.0,0.184,0.334,0.466,0.7
622,,0.366,0.366,0.184,-0.05,0.134,0.284,0.416,0.65
623,4,0.133,0.416,0.517,0.95,0.467,0.334,0.183,0.3
624,4,-0.1,0.466,0.85,1.0,0.8,0.384,-0.05,-0.05
625,1,0.9,0.799,0.9,0.767,0.45,0.151,0.0,0.283
626,1,1.0,1.0,0.95,0.534,0.1,-0.082,0.05,0.616
627,6,0.767,0.65,0.717,0.584,0.433,0.918,0.383,0.666
628,6,0.534,0.3,0.484,0.634,0.766,1.0,0.716,0.716
629,,0.484,0.25,0.434,0.584,0.716,0.95,0.666,0.666
630,,0.434,0.2,0.384,0.534,0.666,0.9,0.616,0.616
631,,0.384,0.15,0.334,0.484,0.616,0.85,0.566,0.566
632,,0.334,0.1,0.284,0.434,0.566,0.8,0.516,0.516
633,,0.284,0.05,0.234,0.384,0.516,0.75,0.466,0.466
634,,0.234,0.0,0.184,0.334,0.466,0.7,0.416,0.416
635,,0.184,-0.05,0.134,0.284,0.416,0.65,0.366,0.366
636,2,0.517,0.95,0.467,0.334,0.183,0.3,0.133,0.416
637,2,0.85,1.0,0.8,0.384,-0.05,-0.05,-0.1,0.466
638,7,0.9,0.767,0.45,0.151,0.0,0.283,0.9,0.799
639,7,0.95,0.534,0.1,-0.082,0.05,0.616,1.0,1.0
640,4,0.717,0.584,0.433,0.918,0.383,0.666,0.767,0.65
641,4,0.484,0.634,0.766,1.0,0.716,0.716,0.534,0.3
642,,0.434,0.584,0.716,0.95,0.666,0.666,0.484,0.25
643,,0.384,0.534,0.666,0.9,0.616,0.616,0.434,0.2
644,,0.334,0.484,0.616,0.85,0.566,0.566,0.384,0.15
645,,0.284,0.434,0.566,0.8,0.516,0.516,0.334,0.1
646,,0.234,0.384,0.516,0.75,0.466,0.466,0.284,0.05
647,,0.184,0.334,0.466,0.7,0.416,0.416,0.234,0.0
648,,0.134,0.284,0.416,0.65,0.366,0.366,0.184,-0.05
649,8,0.467,0.334,0.183,0.3,0.133,0.416,0.517,0.95
650,8,0.8,0.384,-0.05,-0.05,-0.1,0.466,0.85,1.0
651,5,0.45,0.151,0.0,0.283,0.9,0.799,0.9,0.767
652,5,0.1,-0.082,0.05,0.616,1.0,1.0,0.95,0.534
653,2,0.433,0.918,0.383,0.666,0.767,0.65,0.717,0.584
654,2,0.766,1.0,0.716,0.716,0.534,0.3,0.484,0.634
655,,0.716,0.95,0.666,0.666,0.484,0.25,0.434,0.584
656,,0.666,0.9,0.616,0.616,0.434,0.2,0.384,0.534
657,,0.616,0.85,0.566,0.566,0.384,0.15,0.334,0.484
658,,0.566,0.8,0.516,0.516,0.334,0.1,0.284,0.434
659,,0.516,0.75,0.466,0.466,0.284,0.05,0.234,0.384
660,,0.466,0.7,0.416,0.416,0.234,0.0,0.184,0.334
661,,0.416,0.65,0.366,0.366,0.184,-0.05,0.134,0.284
662,6,0.183,0.3,0.133,0.416,0.517,0.95,0.467,0.334
663,6,-0.05,-0.05,-0.1,0.466,0.85,1.0,0.8,0.384
664,3,0.0,0.283,0.9,0.799,0.9,0.767,0.45,0.151
665,3,0.05,0.616,1.0,1.0,0.95,0.534,0.1,-0.082
666,8,0.383,0.666,0.767,0.65,0.717,0.584,0.433,0.918
667,8,0.716,0.716,0.534,0.3,0.484,0.634,0.766,1.0
668,,0.666,0.666,0.484,0.25,0.434,0.584,0.716,0.95
669,,0.616,0.616,0.434,0.2,0.384,0.534,0.666,0.9
670,,0.566,0.566,0.384,0.15,0.334,0.484,0.616,0.85
671,,0.516,0.516,0.334,0.1,0.284,0.434,0.566,0.8
672,,0.466,0.466,0.284,0.05,0.234,0.384,0.516,0.75
673,,0.416,0.416,0.234,0.0,0.184,0.334,0.466,0.7
674,,0.366,0.366,0.184,-0.05,0.134,0.284,0.416,0.65
675,4,0.133,0.416,0.517,0.95,0.467,0.334,0.183,0.3
676,4,-0.1,0.466,0.85,1.0,0.8,0.384,-0.05,-0.05
677,1,0.9,0.799,0.9,0.767,0.45,0.151,0.0,0.283
678,1,1.0,1.0,0.95,0.534,0.1,-0.082,0.05,0.616
679,6,0.767,0.65,0.717,0.584,0.433,0.918,0.383,0.666
680,6,0.534,0.3,0.484,0.634,0.766,1.0,0.716,0.716
681,,0.484,0.25,0.434,0.584,0.716,0.95,0.666,0.666
682,,0.434,0.2,0.384,0.534,0.666,0.9,0.616,0.616
683,,0.384,0.15,0.334,0.484,0.616,0.85,0.566,0.566
684,,0.334,0.1,0.284,0.434,0.566,0.8,0.516,0.516
685,,0.284,0.05,0.234,0.384,0.516,0.75,0.466,0.466
686,,0.234,0.0,0.184,0.334,0.466,0.7,0.416,0.416
687,,0.184,-0.05,0.134,0.284,0.416,0.65,0.366,0.366
688,2,0.517,0.95,0.467,0.334,0.183,0.3,0.133,0.416
689,2,0.85,1.0,0.8,0.384,-0.05,-0.05,-0.1,0.466
690,7,0.9,0.767,0.45,0.151,0.0,0.283,0.9,0.799
691,7,0.95,0.534,0.1,-0.082,0.05,0.616,1.0,1.0
692,4,0.717,0.584,0.433,0.918,0.383,0.666,0.767,0.65
693,4,0.484,0.634,0.766,1.0,0.716,0.716,0.534,0.3
694,,0.434,0.584,0.716,0.95,0.666,0.666,0.484,0.25
695,,0.384,0.534,0.666,0.9,0.616,0.616,0.434,0.2
696,,0.334,0.484,0.616,0.85,0.566,0.566,0.384,0.15
697,,0.284,0.434,0.566,0.8,0.516,0.516,0.334,0.1
698,,0.234,0.384,0.516,0.75,0.466,0.466,0.284,0.05
699,,0.184,0.334,0.466,0.7,0.416,0.416,0.234,0.0
700,,0.134,0.284,0.416,0.65,0.366,0.366,0.184,-0.05
701,8,0.467,0.334,0.183,0.3,0.133,0.416,0.517,0.95
702,8,0.8,0.384,-0.05,-0.05,-0.1,0.466,0.85,1.0
703,5,0.45,0.151,0.0,0.283,0.9,0.799,0.9,0.767
704,5,0.1,-0.082,0.05,0.616,1.0,1.0,0.95,0.534
705,2,0.433,0.918,0.383,0.666,0.767,0.65,0.717,0.584
706,2,0.766,1.0,0.716,0.716,0.534,0.3,0.484,0.634
707,,0.716,0.95,0.666,0.666,0.484,0.25,0.434,0.584
708,,0.666,0.9,0.616,0.616,0.434,0.2,0.384,0.534
709,,0.616,0.85,0.566,0.566,0.384,0.15,0.334,0.484
710,,0.566,0.8,0.516,0.516,0.334,0.1,0.284,0.434
711,,0.516,0.75,0.466,0.466,0.284,0.05,0.234,0.384
712,,0.466,0.7,0.416,0.416,0.234,0.0,0.184,0.334
713,,0.416,0.65,0.366,0.366,0.184,-0.05,0.134,0.284
714,6,0.183,0.3,0.133,0.416,0.517,0.95,0.467,0.334
715,6,-0.05,-0.05,-0.1,0.466,0.85,1.0,0.8,0.384
716,3,0.0,0.283,0.9,0.799,0.9,0.767,0.45,0.151
717,3,0.05,0.616,1.0,1.0,0.95,0.534,0.1,-0.082
718,8,0.383,0.666,0.767,0.65,0.717,0.584,0.433,0.918
719,8,0.716,0.716,0.534,0.3,0.484,0.634,0.766,1.0
720,,0.666,0.666,0.484,0.25,0.434,0.584,0.716,0.95
721,,0.616,0.616,0.434,0.2,0.384,0.534,0.666,0.9
722,,0.566,0.566,0.384,0.15,0.334,0.484,0.616,0.85
723,,0.516,0.516,0.334,0.1,0.284,0.434,0.566,0.8
724,,0.466,0.466,0.284,0.05,0.234,0.384,0.516,0.75
725,,0.416,0.416,0.234,0.0,0.184,0.334,0.466,0.7
726,,0.366,0.366,0.184,-0.05,0.134,0.284,0.416,0.65
727,4,0.133,0.416,0.517,0.95,0.467,0.334,0.183,0.3
728,4,-0.1,0.466,0.85,1.0,0.8,0.384,-0.05,-0.05
729,1,0.9,0.799,0.9,0.767,0.45,0.151,0.0,0.283
730,1,1.0,1.0,0.95,0.534,0.1,-0.082,0.05,0.616
731,6,0.767,0.65,0.717,0.584,0.433,0.918,0.383,0.666
732,6,0.534,0.3,0.484,0.634,0.766,1.0,0.716,0.716
733,,0.484,0.25,0.434,0.584,0.716,0.95,0.666,0.666
734,,0.434,0.2,0.384,0.534,0.666,0.9,0.616,0.616
735,,0.384,0.15,0.334,0.484,0.616,0.85,0.566,0.566
736,,0.334,0.1,0.284,0.434,0.566,0.8,0.516,0.516
737,,0.284,0.05,0.234,0.384,0.516,0.75,0.466,0.466
738,,0.234,0.0,0.184,0.334,0.466,0.7,0.416,0.416
739,,0.184,-0.05,0.134,0.284,0.416,0.65,0.366,0.366
740,2,0.517,0.95,0.467,0.334,0.183,0.3,0.133,0.416
741,2,0.85,1.0,0.8,0.384,-0.05,-0.05,-0.1,0.466
742,7,0.9,0.767,0.45,0.151,0.0,0.283,0.9,0.799
743,7,0.95,0.534,0.1,-0.082,0.05,0.616,1.0,1.0
744,4,0.717,0.584,0.433,0.918,0.383,0.666,0.767,0.65
745,4,0.484,0.634,0.766,1.0,0.716,0.716,0.534,0.3
746,,0.434,0.584,0.716,0.95,0.666,0.666,0.484,0.25
747,,0.384,0.534,0.666,0.9,0.616,0.616,0.434,0.2
748,,0.334,0.484,0.616,0.85,0.566,0.566,0.384,0.15
749,,0.284,0.434,0.566,0.8,0.516,0.516,0.334,0.1
750,,0.234,0.384,0.516,0.75,0.466,0.466,0.284,0.05
751,,0.184,0.334,0.466,0.7,0.416,0.416,0.234,0.0
752,,0.134,0.284,0.416,0.65,0.366,0.366,0.184,-0.05
753,8,0.467,0.334,0.183,0.3,0.133,0.416,0.517,0.95
754,8,0.8,0.384,-0.05,-0.05,-0.1,0.466,0.85,1.0
755,5,0.45,0.151,0.0,0.283,0.9,0.799,0.9,0.767
756,5,0.1,-0.082,0.05,0.616,1.0,1.0,0.95,0.534
757,2,0.433,0.918,0.383,0.666,0.767,0.65,0.717,0.584
758,2,0.766,1.0,0.716,0.716,0.534,0.3,0.484,0.634
759,,0.716,0.95,0.666,0.666,0.484,0.25,0.434,0.584
760,,0.666,0.9,0.616,0.616,0.434,0.2,0.384,0.534
761,,0.616,0.85,0.566,0.566,0.384,0.15,0.334,0.484
762,,0.566,0.8,0.516,0.516,0.334,0.1,0.284,0.434
763,,0.516,0.75,0.466,0.466,0.284,0.05,0.234,0.384
764,,0.466,0.7,0.416,0.416,0.234,0.0,0.184,0.334
765,,0.416,0.65,0.366,0.366,0.184,-0.05,0.134,0.284
766,6,0.183,0.3,0.133,0.416,0.517,0.95,0.467,0.334
767,6,-0.05,-0.05,-0.1,0.466,0.85,1.0,0.8,0.384
768,3,0.0,0.283,0.9,0.799,0.9,0.767,0.45,0.151
769,3,0.05,0.616,1.0,1.0,0.95,0.534,0.1,-0.082
770,8,0.383,0.666,0.767,0.65,0.717,0.584,0.433,0.918
771,8,0.716,0.716,0.534,0.3,0.484,0.634,0.766,1.0
772,,0.666,0.666,0.484,0.25,0.434,0.584,0.716,0.95
773,,0.616,0.616,0.434,0.2,0.384,0.534,0.666,0.9
774,,0.566,0.566,0.384,0.15,0.334,0.484,0.616,0.85
775,,0.516,0.516,0.334,0.1,0.284,0.434,0.566,0.8
776,,0.466,0.466,0.284,0.05,0.234,0.384,0.516,0.75
777,,0.416,0.416,0.234,0.0,0.184,0.334,0.466,0.7
778,,0.366,0.366,0.184,-0.05,0.134,0.284,0.416,0.65
779,4,0.133,0.416,0.517,0.95,0.467,0.334,0.183,0.3
780,4,-0.1,0.466,0.85,1.0,0.8,0.384,-0.05,-0.05
781,1,0.9,0.799,0.9,0.767,0.45,0.151,0.0,0.283
782,1,1.0,1.0,0.95,0.534,0.1,-0.082,0.05,0.616
783,6,0.767,0.65,0.717,0.584,0.433,0.918,0.383,0.666
784,6,0.534,0.3,0.484,0.634,0.766,1.0,0.716,0.716
785,,0.484,0.25,0.434,0.584,0.716,0.95,0.666,0.666
786,,0.434,0.2,0.384,0.534,0.666,0.9,0.616,0.616
787,,0.384,0.15,0.334,0.484,0.616,0.85,0.566,0.566
788,,0.334,0.1,0.284,0.434,0.566,0.8,0.516,0.516
789,,0.284,0.05,0.234,0.384,0.516,0.75,0.466,0.466
790,,0.234,0.0,0.184,0.334,0.466,0.7,0.416,0.416
791,,0.184,-0.05,0.134,0.284,0.416,0.65,0.366,0.366
792,2,0.517,0.95,0.467,0.334,0.183,0.3,0.133,0.416
793,2,0.85,1.0,0.8,0.384,-0.05,-0.05,-0.1,0.466
794,7,0.9,0.767,0.45,0.151,0.0,0.283,0.9,0.799
795,7,0.95,0.534,0.1,-0.082,0.05,0.616,1.0,1.0
796,4,0.717,0.584,0.433,0.918,0.383,0.666,0.767,0.65
797,4,0.484,0.634,0.766,1.0,0.716,0.716,0.534,0.3
798,,0.434,0.584,0.716,0.95,0.666,0.666,0.484,0.25
799,,0.384,0.534,0.666,0.9,0.616,0.616,0.434,0.2
