step,active_motive,motive_1,motive_2,motive_3,motive_4,motive_5,motive_6,motive_7,motive_8
0,,0.72173,0.23598,0.25607,0.04043,0.71066,0.11089,0.43934,0.20172
1,,0.67173,0.18598,0.20607,-0.00957,0.66066,0.06089,0.38934,0.15172
2,4,0.43873,0.23598,0.53907,0.99043,0.99366,0.11089,0.15634,-0.19828
3,4,0.20573,0.28598,0.87207,1.0,1.0,0.16089,-0.07666,-0.54828
4,8,0.53873,0.33598,0.63907,0.65,0.767,0.21089,0.25634,0.45172
5,8,0.87173,0.38598,0.40607,0.3,0.534,0.26089,0.58934,1.0
6,,0.82173,0.33598,0.35607,0.25,0.484,0.21089,0.53934,0.95
7,,0.77173,0.28598,0.30607,0.2,0.434,0.16089,0.48934,0.9
8,,0.72173,0.23598,0.25607,0.15,0.384,0.11089,0.43934,0.85
9,,0.67173,0.18598,0.20607,0.1,0.334,0.06089,0.38934,0.8
10,,0.62173,0.13598,0.15607,0.05,0.284,0.01089,0.33934,0.75
11,,0.57173,0.08598,0.10607,0.0,0.234,-0.03911,0.28934,0.7
12,6,0.33873,-0.26402,-0.12693,0.05,0.567,0.96089,0.62234,0.75
13,6,0.10573,-0.61402,-0.35993,0.1,0.9,1.0,0.95534,0.8
14,2,0.43873,0.38598,-0.02693,0.15,0.667,0.65,0.72234,0.85
15,2,0.77173,1.0,0.30607,0.2,0.434,0.3,0.48934,0.9
16,,0.72173,0.95,0.25607,0.15,0.384,0.25,0.43934,0.85
17,,0.67173,0.9,0.20607,0.1,0.334,0.2,0.38934,0.8
18,,0.62173,0.85,0.15607,0.05,0.284,0.15,0.33934,0.75
19,,0.57173,0.8,0.10607,0.0,0.234,0.1,0.28934,0.7
20,,0.52173,0.75,0.05607,-0.05,0.184,0.05,0.23934,0.65
21,4,0.28873,0.8,0.38907,0.95,0.517,0.1,0.00634,0.3
22,4,0.05573,0.85,0.72207,1.0,0.85,0.15,-0.22666,-0.05
23,7,0.10573,0.617,0.37207,0.767,0.9,0.483,0.77334,0.283
24,7,0.15573,0.384,0.02207,0.534,0.95,0.816,1.0,0.616
25,,0.10573,0.334,-0.02793,0.484,0.9,0.766,0.95,0.566
26,3,0.15573,0.667,0.97207,0.817,0.95,0.533,0.6,0.333
27,3,0.20573,1.0,1.0,1.0,1.0,0.3,0.25,0.1
28,,0.15573,0.95,0.95,0.95,0.95,0.25,0.2,0.05
29,,0.10573,0.9,0.9,0.9,0.9,0.2,0.15,0.0
30,,0.05573,0.85,0.85,0.85,0.85,0.15,0.1,-0.05
31,8,0.38873,0.9,0.617,0.5,0.617,0.2,0.433,0.95
32,8,0.72173,0.95,0.384,0.15,0.384,0.25,0.766,1.0
33,,0.67173,0.9,0.334,0.1,0.334,0.2,0.716,0.95
34,,0.62173,0.85,0.284,0.05,0.284,0.15,0.666,0.9
35,,0.57173,0.8,0.234,0.0,0.234,0.1,0.616,0.85
36,,0.52173,0.75,0.184,-0.05,0.184,0.05,0.566,0.8
37,4,0.28873,0.8,0.517,0.95,0.517,0.1,0.333,0.45
38,4,0.05573,0.85,0.85,1.0,0.85,0.15,0.1,0.1
39,,0.00573,0.8,0.8,0.95,0.8,0.1,0.05,0.05
40,,-0.04427,0.75,0.75,0.9,0.75,0.05,0.0,0.0
41,1,0.95573,1.0,0.8,0.667,0.4,-0.183,0.05,0.333
42,1,1.0,1.0,0.85,0.434,0.05,-0.416,0.1,0.666
43,6,0.767,0.65,0.617,0.484,0.383,0.584,0.433,0.716
44,6,0.534,0.3,0.384,0.534,0.716,1.0,0.766,0.766
45,,0.484,0.25,0.334,0.484,0.666,0.95,0.716,0.716
46,,0.434,0.2,0.284,0.434,0.616,0.9,0.666,0.666
47,,0.384,0.15,0.234,0.384,0.566,0.85,0.616,0.616
48,,0.334,0.1,0.184,0.334,0.516,0.8,0.566,0.566
49,,0.284,0.05,0.134,0.284,0.466,0.75,0.516,0.516
50,,0.234,0.0,0.084,0.234,0.416,0.7,0.466,0.466
51,,0.184,-0.05,0.034,0.184,0.366,0.65,0.416,0.416
52,2,0.517,0.95,0.367,0.234,0.133,0.3,0.183,0.466
53,2,0.85,1.0,0.7,0.284,-0.1,-0.05,-0.05,0.516
54,5,0.5,0.767,0.75,0.617,0.9,0.283,0.0,0.283
55,5,0.15,0.534,0.8,0.95,1.0,0.616,0.05,0.05
56,,0.1,0.484,0.75,0.9,0.95,0.566,0.0,0.0
57,,0.05,0.434,0.7,0.85,0.9,0.516,-0.05,-0.05
58,8,0.383,0.484,0.467,0.5,0.667,0.566,0.283,0.95
59,8,0.716,0.534,0.234,0.15,0.434,0.616,0.616,1.0
60,,0.666,0.484,0.184,0.1,0.384,0.566,0.566,0.95
61,,0.616,0.434,0.134,0.05,0.334,0.516,0.516,0.9
62,,0.566,0.384,0.084,0.0,0.284,0.466,0.466,0.85
63,,0.516,0.334,0.034,-0.05,0.234,0.416,0.416,0.8
64,4,0.283,0.384,0.367,0.95,0.567,0.466,0.183,0.45
65,4,0.05,0.434,0.7,1.0,0.9,0.516,-0.05,0.1
66,7,0.1,0.201,0.35,0.767,0.95,0.849,0.95,0.433
67,7,0.15,-0.032,-0.0,0.534,1.0,1.0,1.0,0.766
68,2,0.483,0.968,0.333,0.584,0.767,0.65,0.767,0.816
69,2,0.816,1.0,0.666,0.634,0.534,0.3,0.534,0.866
70,,0.766,0.95,0.616,0.584,0.484,0.25,0.484,0.816
71,,0.716,0.9,0.566,0.534,0.434,0.2,0.434,0.766
72,,0.666,0.85,0.516,0.484,0.384,0.15,0.384,0.716
73,,0.616,0.8,0.466,0.434,0.334,0.1,0.334,0.666
74,,0.566,0.75,0.416,0.384,0.284,0.05,0.284,0.616
75,,0.516,0.7,0.366,0.334,0.234,0.0,0.234,0.566
76,,0.466,0.65,0.316,0.284,0.184,-0.05,0.184,0.516
77,6,0.233,0.3,0.083,0.334,0.517,0.95,0.517,0.566
78,6,0.0,-0.05,-0.15,0.384,0.85,1.0,0.85,0.616
79,3,0.05,0.283,0.85,0.717,0.9,0.767,0.5,0.383
80,3,0.1,0.616,1.0,1.0,0.95,0.534,0.15,0.15
81,,0.05,0.566,0.95,0.95,0.9,0.484,0.1,0.1
82,,0.0,0.516,0.9,0.9,0.85,0.434,0.05,0.05
83,,-0.05,0.466,0.85,0.85,0.8,0.384,0.0,0.0
84,1,0.95,0.799,0.9,0.617,0.45,0.151,0.05,0.333
85,1,1.0,1.0,0.95,0.384,0.1,-0.082,0.1,0.666
86,6,0.767,0.65,0.717,0.434,0.433,0.918,0.433,0.716
87,6,0.534,0.3,0.484,0.484,0.766,1.0,0.766,0.766
88,,0.484,0.25,0.434,0.434,0.716,0.95,0.716,0.716
89,,0.434,0.2,0.384,0.384,0.666,0.9,0.666,0.666
90,,0.384,0.15,0.334,0.334,0.616,0.85,0.616,0.616
91,,0.334,0.1,0.284,0.284,0.566,0.8,0.566,0.566
92,,0.284,0.05,0.234,0.234,0.516,0.75,0.516,0.516
93,,0.234,0.0,0.184,0.184,0.466,0.7,0.466,0.466
94,,0.184,-0.05,0.134,0.134,0.416,0.65,0.416,0.416
95,2,0.517,0.95,0.467,0.184,0.183,0.3,0.183,0.466
96,2,0.85,1.0,0.8,0.234,-0.05,-0.05,-0.05,0.516
97,7,0.9,0.767,0.45,0.001,0.0,0.283,0.95,0.849
98,7,0.95,0.534,0.1,-0.232,0.05,0.616,1.0,1.0
99,4,0.717,0.584,0.433,0.768,0.383,0.666,0.767,0.65
100,4,0.484,0.634,0.766,1.0,0.716,0.716,0.534,0.3
101,,0.434,0.584,0.716,0.95,0.666,0.666,0.484,0.25
102,,0.384,0.534,0.666,0.9,0.616,0.616,0.434,0.2
103,,0.334,0.484,0.616,0.85,0.566,0.566,0.384,0.15
104,,0.284,0.434,0.566,0.8,0.516,0.516,0.334,0.1
105,,0.234,0.384,0.516,0.75,0.466,0.466,0.284,0.05
106,,0.184,0.334,0.466,0.7,0.416,0.416,0.234,0.0
107,,0.134,0.284,0.416,0.65,0.366,0.366,0.184,-0.05
108,8,0.467,0.334,0.183,0.3,0.133,0.416,0.517,0.95
109,8,0.8,0.384,-0.05,-0.05,-0.1,0.466,0.85,1.0
110,5,0.45,0.151,0.0,0.283,0.9,0.799,0.9,0.767
111,5,0.1,-0.082,0.05,0.616,1.0,1.0,0.95,0.534
112,2,0.433,0.918,0.383,0.666,0.767,0.65,0.717,0.584
113,2,0.766,1.0,0.716,0.716,0.534,0.3,0.484,0.634
114,,0.716,0.95,0.666,0.666,0.484,0.25,0.434,0.584
115,,0.666,0.9,0.616,0.616,0.434,0.2,0.384,0.534
116,,0.616,0.85,0.566,0.566,0.384,0.15,0.334,0.484
117,,0.566,0.8,0.516,0.516,0.334,0.1,0.284,0.434
118,,0.516,0.75,0.466,0.466,0.284,0.05,0.234,0.384
119,,0.466,0.7,0.416,0.416,0.234,0.0,0.184,0.334
120,,0.416,0.65,0.366,0.366,0.184,-0.05,0.134,0.284
121,6,0.183,0.3,0.133,0.416,0.517,0.95,0.467,0.334
122,6,-0.05,-0.05,-0.1,0.466,0.85,1.0,0.8,0.384
123,3,0.0,0.283,0.9,0.799,0.9,0.767,0.45,0.151
124,3,0.05,0.616,1.0,1.0,0.95,0.534,0.1,-0.082
125,8,0.383,0.666,0.767,0.65,0.717,0.584,0.433,0.918
126,8,0.716,0.716,0.534,0.3,0.484,0.634,0.766,1.0
127,,0.666,0.666,0.484,0.25,0.434,0.584,0.716,0.95
128,,0.616,0.616,0.434,0.2,0.384,0.534,0.666,0.9
129,,0.566,0.566,0.384,0.15,0.334,0.484,0.616,0.85
130,,0.516,0.516,0.334,0.1,0.284,0.434,0.566,0.8
131,,0.466,0.466,0.284,0.05,0.234,0.384,0.516,0.75
132,,0.416,0.416,0.234,0.0,0.184,0.334,0.466,0.7
133,,0.366,0.366,0.184,-0.05,0.134,0.284,0.416,0.65
134,4,0.133,0.416,0.517,0.95,0.467,0.334,0.183,0.3
135,4,-0.1,0.466,0.85,1.0,0.8,0.384,-0.05,-0.05
136,1,0.9,0.799,0.9,0.767,0.45,0.151,0.0,0.283
137,1,1.0,1.0,0.95,0.534,0.1,-0.082,0.05,0.616
138,6,0.767,0.65,0.717,0.584,0.433,0.918,0.383,0.666
139,6,0.534,0.3,0.484,0.634,0.766,1.0,0.716,0.716
140,,0.484,0.25,0.434,0.584,0.716,0.95,0.666,0.666
141,,0.434,0.2,0.384,0.534,0.666,0.9,0.616,0.616
142,,0.384,0.15,0.334,0.484,0.616,0.85,0.566,0.566
143,,0.334,0.1,0.284,0.434,0.566,0.8,0.516,0.516
144,,0.284,0.05,0.234,0.384,0.516,0.75,0.466,0.466
145,,0.234,0.0,0.184,0.334,0.466,0.7,0.416,0.416
146,,0.184,-0.05,0.134,0.284,0.416,0.65,0.366,0.366
147,2,0.517,0.95,0.467,0.334,0.183,0.3,0.133,0.416
148,2,0.85,1.0,0.8,0.384,-0.05,-0.05,-0.1,0.466
149,7,0.9,0.767,0.45,0.151,0.0,0.283,0.9,0.799
150,7,0.95,0.534,0.1,-0.082,0.05,0.616,1.0,1.0
151,4,0.717,0.584,0.433,0.918,0.383,0.666,0.767,0.65
152,4,0.484,0.634,0.766,1.0,0.716,0.716,0.534,0.3
153,,0.434,0.584,0.716,0.95,0.666,0.666,0.484,0.25
154,,0.384,0.534,0.666,0.9,0.616,0.616,0.434,0.2
155,,0.334,0.484,0.616,0.85,0.566,0.566,0.384,0.15
156,,0.284,0.434,0.566,0.8,0.516,0.516,0.334,0.1
157,,0.234,0.384,0.516,0.75,0.466,0.466,0.284,0.05
158,,0.184,0.334,0.466,0.7,0.416,0.416,0.234,0.0
159,,0.134,0.284,0.416,0.65,0.366,0.366,0.184,-0.05
160,8,0.467,0.334,0.183,0.3,0.133,0.416,0.517,0.95
161,8,0.8,0.384,-0.05,-0.05,-0.1,0.466,0.85,1.0
162,5,0.45,0.151,0.0,0.283,0.9,0.799,0.9,0.767
163,5,0.1,-0.082,0.05,0.616,1.0,1.0,0.95,0.534
164,2,0.433,0.918,0.383,0.666,0.767,0.65,0.717,0.584
165,2,0.766,1.0,0.716,0.716,0.534,0.3,0.484,0.634
166,,0.716,0.95,0.666,0.666,0.484,0.25,0.434,0.584
167,,0.666,0.9,0.616,0.616,0.434,0.2,0.384,0.534
168,,0.616,0.85,0.566,0.566,0.384,0.15,0.334,0.484
169,,0.566,0.8,0.516,0.516,0.334,0.1,0.284,0.434
170,,0.516,0.75,0.466,0.466,0.284,0.05,0.234,0.384
171,,0.466,0.7,0.416,0.416,0.234,0.0,0.184,0.334
172,,0.416,0.65,0.366,0.366,0.184,-0.05,0.134,0.284
173,6,0.183,0.3,0.133,0.416,0.517,0.95,0.467,0.334
174,6,-0.05,-0.05,-0.1,0.466,0.85,1.0,0.8,0.384
175,3,0.0,0.283,0.9,0.799,0.9,0.767,0.45,0.151
176,3,0.05,0.616,1.0,1.0,0.95,0.534,0.1,-0.082
177,8,0.383,0.666,0.767,0.65,0.717,0.584,0.433,0.918
178,8,0.716,0.716,0.534,0.3,0.484,0.634,0.766,1.0
179,,0.666,0.666,0.484,0.25,0.434,0.584,0.716,0.95
180,,0.616,0.616,0.434,0.2,0.384,0.534,0.666,0.9
181,,0.566,0.566,0.384,0.15,0.334,0.484,0.616,0.85
182,,0.516,0.516,0.334,0.1,0.284,0.434,0.566,0.8
183,,0.466,0.466,0.284,0.05,0.234,0.384,0.516,0.75
184,,0.416,0.416,0.234,0.0,0.184,0.334,0.466,0.7
185,,0.366,0.366,0.184,-0.05,0.134,0.284,0.416,0.65
186,4,0.133,0.416,0.517,0.95,0.467,0.334,0.183,0.3
187,4,-0.1,0.466,0.85,1.0,0.8,0.384,-0.05,-0.05
188,1,0.9,0.799,0.9,0.767,0.45,0.151,0.0,0.283
189,1,1.0,1.0,0.95,0.534,0.1,-0.082,0.05,0.616
190,6,0.767,0.65,0.717,0.584,0.433,0.918,0.383,0.666
191,6,0.534,0.3,0.484,0.634,0.766,1.0,0.716,0.716
192,,0.484,0.25,0.434,0.584,0.716,0.95,0.666,0.666
193,,0.434,0.2,0.384,0.534,0.666,0.9,0.616,0.616
194,,0.384,0.15,0.334,0.484,0.616,0.85,0.566,0.566
195,,0.334,0.1,0.284,0.434,0.566,0.8,0.516,0.516
196,,0.284,0.05,0.234,0.384,0.516,0.75,0.466,0.466
197,,0.234,0.0,0.184,0.334,0.466,0.7,0.416,0.416
198,,0.184,-0.05,0.134,0.284,0.416,0.65,0.366,0.366
199,2,0.517,0.95,0.467,0.334,0.183,0.3,0.133,0.416
200,2,0.85,1.0,0.8,0.384,-0.05,-0.05,-0.1,0.466
201,7,0.9,0.767,0.45,0.151,0.0,0.283,0.9,0.799
202,7,0.95,0.534,0.1,-0.082,0.05,0.616,1.0,1.0
203,4,0.717,0.584,0.433,0.918,0.383,0.666,0.767,0.65
204,4,0.484,0.634,0.766,1.0,0.716,0.716,0.534,0.3
205,,0.434,0.584,0.716,0.95,0.666,0.666,0.484,0.25
206,,0.384,0.534,0.666,0.9,0.616,0.616,0.434,0.2
207,,0.334,0.484,0.616,0.85,0.566,0.566,0.384,0.15
208,,0.284,0.434,0.566,0.8,0.516,0.516,0.334,0.1
209,,0.234,0.384,0.516,0.75,0.466,0.466,0.284,0.05
210,,0.184,0.334,0.466,0.7,0.416,0.416,0.234,0.0
211,,0.134,0.284,0.416,0.65,0.366,0.366,0.184,-0.05
212,8,0.467,0.334,0.183,0.3,0.133,0.416,0.517,0.95
213,8,0.8,0.384,-0.05,-0.05,-0.1,0.466,0.85,1.0
214,5,0.45,0.151,0.0,0.283,0.9,0.799,0.9,0.767
215,5,0.1,-0.082,0.05,0.616,1.0,1.0,0.95,0.534
216,2,0.433,0.918,0.383,0.666,0.767,0.65,0.717,0.584
217,2,0.766,1.0,0.716,0.716,0.534,0.3,0.484,0.634
218,,0.716,0.95,0.666,0.666,0.484,0.25,0.434,0.584
219,,0.666,0.9,0.616,0.616,0.434,0.2,0.384,0.534
220,,0.616,0.85,0.566,0.566,0.384,0.15,0.334,0.484
221,,0.566,0.8,0.516,0.516,0.334,0.1,0.284,0.434
222,,0.516,0.75,0.466,0.466,0.284,0.05,0.234,0.384
223,,0.466,0.7,0.416,0.416,0.234,0.0,0.184,0.334
224,,0.416,0.65,0.366,0.366,0.184,-0.05,0.134,0.284
225,6,0.183,0.3,0.133,0.416,0.517,0.95,0.467,0.334
226,6,-0.05,-0.05,-0.1,0.466,0.85,1.0,0.8,0.384
227,3,0.0,0.283,0.9,0.799,0.9,0.767,0.45,0.151
228,3,0.05,0.616,1.0,1.0,0.95,0.534,0.1,-0.082
229,8,0.383,0.666,0.767,0.65,0.717,0.584,0.433,0.918
230,8,0.716,0.716,0.534,0.3,0.484,0.634,0.766,1.0
231,,0.666,0.666,0.484,0.25,0.434,0.584,0.716,0.95
232,,0.616,0.616,0.434,0.2,0.384,0.534,0.666,0.9
233,,0.566,0.566,0.384,0.15,0.334,0.484,0.616,0.85
234,,0.516,0.516,0.334,0.1,0.284,0.434,0.566,0.8
235,,0.466,0.466,0.284,0.05,0.234,0.384,0.516,0.75
236,,0.416,0.416,0.234,0.0,0.184,0.334,0.466,0.7
237,,0.366,0.366,0.184,-0.05,0.134,0.284,0.416,0.65
238,4,0.133,0.416,0.517,0.95,0.467,0.334,0.183,0.3
239,4,-0.1,0.466,0.85,1.0,0.8,0.384,-0.05,-0.05
240,1,0.9,0.799,0.9,0.767,0.45,0.151,0.0,0.283
241,1,1.0,1.0,0.95,0.534,0.1,-0.082,0.05,0.616
242,6,0.767,0.65,0.717,0.584,0.433,0.918,0.383,0.666
243,6,0.534,0.3,0.484,0.634,0.766,1.0,0.716,0.716
244,,0.484,0.25,0.434,0.584,0.716,0.95,0.666,0.666
245,,0.434,0.2,0.384,0.534,0.666,0.9,0.616,0.616
246,,0.384,0.15,0.334,0.484,0.616,0.85,0.566,0.566
247,,0.334,0.1,0.284,0.434,0.566,0.8,0.516,0.516
248,,0.284,0.05,0.234,0.384,0.516,0.75,0.466,0.466
249,,0.234,0.0,0.184,0.334,0.466,0.7,0.416,0.416
250,,0.184,-0.05,0.134,0.284,0.416,0.65,0.366,0.366
251,2,0.517,0.95,0.467,0.334,0.183,0.3,0.133,0.416
252,2,0.85,1.0,0.8,0.384,-0.05,-0.05,-0.1,0.466
253,7,0.9,0.767,0.45,0.151,0.0,0.283,0.9,0.799
254,7,0.95,0.534,0.1,-0.082,0.05,0.616,1.0,1.0
255,4,0.717,0.584,0.433,0.918,0.383,0.666,0.767,0.65
256,4,0.484,0.634,0.766,1.0,0.716,0.716,0.534,0.3
257,,0.434,0.584,0.716,0.95,0.666,0.666,0.484,0.25
258,,0.384,0.534,0.666,0.9,0.616,0.616,0.434,0.2
259,,0.334,0.484,0.616,0.85,0.566,0.566,0.384,0.15
260,,0.284,0.434,0.566,0.8,0.516,0.516,0.334,0.1
261,,0.234,0.384,0.516,0.75,0.466,0.466,0.284,0.05
262,,0.184,0.334,0.466,0.7,0.416,0.416,0.234,0.0
263,,0.134,0.284,0.416,0.65,0.366,0.366,0.184,-0.05
264,8,0.467,0.334,0.183,0.3,0.133,0.416,0.517,0.95
265,8,0.8,0.384,-0.05,-0.05,-0.1,0.466,0.85,1.0
266,5,0.45,0.151,0.0,0.283,0.9,0.799,0.9,0.767
267,5,0.1,-0.082,0.05,0.616,1.0,1.0,0.95,0.534
268,2,0.433,0.918,0.383,0.666,0.767,0.65,0.717,0.584
269,2,0.766,1.0,0.716,0.716,0.534,0.3,0.484,0.634
270,,0.716,0.95,0.666,0.666,0.484,0.25,0.434,0.584
271,,0.666,0.9,0.616,0.616,0.434,0.2,0.384,0.534
272,,0.616,0.85,0.566,0.566,0.384,0.15,0.334,0.484
273,,0.566,0.8,0.516,0.516,0.334,0.1,0.284,0.434
274,,0.516,0.75,0.466,0.466,0.284,0.05,0.234,0.384
275,,0.466,0.7,0.416,0.416,0.234,0.0,0.184,0.334
276,,0.416,0.65,0.366,0.366,0.184,-0.05,0.134,0.284
277,6,0.183,0.3,0.133,0.416,0.517,0.95,0.467,0.334
278,6,-0.05,-0.05,-0.1,0.466,0.85,1.0,0.8,0.384
279,3,0.0,0.283,0.9,0.799,0.9,0.767,0.45,0.151
280,3,0.05,0.616,1.0,1.0,0.95,0.534,0.1,-0.082
281,8,0.383,0.666,0.767,0.65,0.717,0.584,0.433,0.918
282,8,0.716,0.716,0.534,0.3,0.484,0.634,0.766,1.0
283,,0.666,0.666,0.484,0.25,0.434,0.584,0.716,0.95
284,,0.616,0.616,0.434,0.2,0.384,0.534,0.666,0.9
285,,0.566,0.566,0.384,0.15,0.334,0.484,0.616,0.85
286,,0.516,0.516,0.334,0.1,0.284,0.434,0.566,0.8
287,,0.466,0.466,0.284,0.05,0.234,0.384,0.516,0.75
288,,0.416,0.416,0.234,0.0,0.184,0.334,0.466,0.7
289,,0.366,0.366,0.184,-0.05,0.134,0.284,0.416,0.65
290,4,0.133,0.416,0.517,0.95,0.467,0.334,0.183,0.3
291,4,-0.1,0.466,0.85,1.0,0.8,0.384,-0.05,-0.05
292,1,0.9,0.799,0.9,0.767,0.45,0.151,0.0,0.283
293,1,1.0,1.0,0.95,0.534,0.1,-0.082,0.05,0.616
294,6,0.767,0.65,0.717,0.584,0.433,0.918,0.383,0.666
295,6,0.534,0.3,0.484,0.634,0.766,1.0,0.716,0.716
296,,0.484,0.25,0.434,0.584,0.716,0.95,0.666,0.666
297,,0.434,0.2,0.384,0.534,0.666,0.9,0.616,0.616
298,,0.384,0.15,0.334,0.484,0.616,0.85,0.566,0.566
299,,0.334,0.1,0.284,0.434,0.566,0.8,0.516,0.516
300,,0.284,0.05,0.234,0.384,0.516,0.75,0.466,0.466
301,,0.234,0.0,0.184,0.334,0.466,0.7,0.416,0.416
302,,0.184,-0.05,0.134,0.284,0.416,0.65,0.366,0.366
303,2,0.517,0.95,0.467,0.334,0.183,0.3,0.133,0.416
304,2,0.85,1.0,0.8,0.384,-0.05,-0.05,-0.1,0.466
305,7,0.9,0.767,0.45,0.151,0.0,0.283,0.9,0.799
306,7,0.95,0.534,0.1,-0.082,0.05,0.616,1.0,1.0
307,4,0.717,0.584,0.433,0.918,0.383,0.666,0.767,0.65
308,4,0.484,0.634,0.766,1.0,0.716,0.716,0.534,0.3
309,,0.434,0.584,0.716,0.95,0.666,0.666,0.484,0.25
310,,0.384,0.534,0.666,0.9,0.616,0.616,0.434,0.2
311,,0.334,0.484,0.616,0.85,0.566,0.566,0.384,0.15
312,,0.284,0.434,0.566,0.8,0.516,0.516,0.334,0.1
313,,0.234,0.384,0.516,0.75,0.466,0.466,0.284,0.05
314,,0.184,0.334,0.466,0.7,0.416,0.416,0.234,0.0
315,,0.134,0.284,0.416,0.65,0.366,0.366,0.184,-0.05
316,8,0.467,0.334,0.183,0.3,0.133,0.416,0.517,0.95
317,8,0.8,0.384,-0.05,-0.05,-0.1,0.466,0.85,1.0
318,5,0.45,0.151,0.0,0.283,0.9,0.799,0.9,0.767
319,5,0.1,-0.082,0.05,0.616,1.0,1.0,0.95,0.534
320,2,0.433,0.918,0.383,0.666,0.767,0.65,0.717,0.584
321,2,0.766,1.0,0.716,0.716,0.534,0.3,0.484,0.634
322,,0.716,0.95,0.666,0.666,0.484,0.25,0.434,0.584
323,,0.666,0.9,0.616,0.616,0.434,0.2,0.384,0.534
324,,0.616,0.85,0.566,0.566,0.384,0.15,0.334,0.484
325,,0.566,0.8,0.516,0.516,0.334,0.1,0.284,0.434
326,,0.516,0.75,0.466,0.466,0.284,0.05,0.234,0.384
327,,0.466,0.7,0.416,0.416,0.234,0.0,0.184,0.334
328,,0.416,0.65,0.366,0.366,0.184,-0.05,0.134,0.284
329,6,0.183,0.3,0.133,0.416,0.517,0.95,0.467,0.334
330,6,-0.05,-0.05,-0.1,0.466,0.85,1.0,0.8,0.384
331,3,0.0,0.283,0.9,0.799,0.9,0.767,0.45,0.151
332,3,0.05,0.616,1.0,1.0,0.95,0.534,0.1,-0.082
333,8,0.383,0.666,0.767,0.65,0.717,0.584,0.433,0.918
334,8,0.716,0.716,0.534,0.3,0.484,0.634,0.766,1.0
335,,0.666,0.666,0.484,0.25,0.434,0.584,0.716,0.95
336,,0.616,0.616,0.434,0.2,0.384,0.534,0.666,0.9
337,,0.566,0.566,0.384,0.15,0.334,0.484,0.616,0.85
338,,0.516,0.516,0.334,0.1,0.284,0.434,0.566,0.8
339,,0.466,0.466,0.284,0.05,0.234,0.384,0.516,0.75
340,,0.416,0.416,0.234,0.0,0.184,0.334,0.466,0.7
341,,0.366,0.366,0.184,-0.05,0.134,0.284,0.416,0.65
342,4,0.133,0.416,0.517,0.95,0.467,0.334,0.183,0.3
343,4,-0.1,0.466,0.85,1.0,0.8,0.384,-0.05,-0.05
344,1,0.9,0.799,0.9,0.767,0.45,0.151,0.0,0.283
345,1,1.0,1.0,0.95,0.534,0.1,-0.082,0.05,0.616
346,6,0.767,0.65,0.717,0.584,0.433,0.918,0.383,0.666
347,6,0.534,0.3,0.484,0.634,0.766,1.0,0.716,0.716
348,,0.484,0.25,0.434,0.584,0.716,0.95,0.666,0.666
349,,0.434,0.2,0.384,0.534,0.666,0.9,0.616,0.616
350,,0.384,0.15,0.334,0.484,0.616,0.85,0.566,0.566
351,,0.334,0.1,0.284,0.434,0.566,0.8,0.516,0.516
352,,0.284,0.05,0.234,0.384,0.516,0.75,0.466,0.466
353,,0.234,0.0,0.184,0.334,0.466,0.7,0.416,0.416
354,,0.184,-0.05,0.134,0.284,0.416,0.65,0.366,0.366
355,2,0.517,0.95,0.467,0.334,0.183,0.3,0.133,0.416
356,2,0.85,1.0,0.8,0.384,-0.05,-0.05,-0.1,0.466
357,7,0.9,0.767,0.45,0.151,0.0,0.283,0.9,0.799
358,7,0.95,0.534,0.1,-0.082,0.05,0.616,1.0,1.0
359,4,0.717,0.584,0.433,0.918,0.383,0.666,0.767,0.65
360,4,0.484,0.634,0.766,1.0,0.716,0.716,0.534,0.3
361,,0.434,0.584,0.716,0.95,0.666,0.666,0.484,0.25
362,,0.384,0.534,0.666,0.9,0.616,0.616,0.434,0.2
363,,0.334,0.484,0.616,0.85,0.566,0.566,0.384,0.15
364,,0.284,0.434,0.566,0.8,0.516,0.516,0.334,0.1
365,,0.234,0.384,0.516,0.75,0.466,0.466,0.284,0.05
366,,0.184,0.334,0.466,0.7,0.416,0.416,0.234,0.0
367,,0.134,0.284,0.416,0.65,0.366,0.366,0.184,-0.05
368,8,0.467,0.334,0.183,0.3,0.133,0.416,0.517,0.95
369,8,0.8,0.384,-0.05,-0.05,-0.1,0.466,0.85,1.0
370,5,0.45,0.151,0.0,0.283,0.9,0.799,0.9,0.767
371,5,0.1,-0.082,0.05,0.616,1.0,1.0,0.95,0.534
372,2,0.433,0.918,0.383,0.666,0.767,0.65,0.717,0.584
373,2,0.766,1.0,0.716,0.716,0.534,0.3,0.484,0.634
374,,0.716,0.95,0.666,0.666,0.484,0.25,0.434,0.584
375,,0.666,0.9,0.616,0.616,0.434,0.2,0.384,0.534
376,,0.616,0.85,0.566,0.566,0.384,0.15,0.334,0.484
377,,0.566,0.8,0.516,0.516,0.334,0.1,0.284,0.434
378,,0.516,0.75,0.466,0.466,0.284,0.05,0.234,0.384
379,,0.466,0.7,0.416,0.416,0.234,0.0,0.184,0.334
380,,0.416,0.65,0.366,0.366,0.184,-0.05,0.134,0.284
381,6,0.183,0.3,0.133,0.416,0.517,0.95,0.467,0.334
382,6,-0.05,-0.05,-0.1,0.466,0.85,1.0,0.8,0.384
383,3,0.0,0.283,0.9,0.799,0.9,0.767,0.45,0.151
384,3,0.05,0.616,1.0,1.0,0.95,0.534,0.1,-0.082
385,8,0.383,0.666,0.767,0.65,0.717,0.584,0.433,0.918
386,8,0.716,0.716,0.534,0.3,0.484,0.634,0.766,1.0
387,,0.666,0.666,0.484,0.25,0.434,0.584,0.716,0.95
388,,0.616,0.616,0.434,0.2,0.384,0.534,0.666,0.9
389,,0.566,0.566,0.384,0.15,0.334,0.484,0.616,0.85
390,,0.516,0.516,0.334,0.1,0.284,0.434,0.566,0.8
391,,0.466,0.466,0.284,0.05,0.234,0.384,0.516,0.75
392,,0.416,0.416,0.234,0.0,0.184,0.334,0.466,0.7
393,,0.366,0.366,0.184,-0.05,0.134,0.284,0.416,0.65
394,4,0.133,0.416,0.517,0.95,0.467,0.334,0.183,0.3
395,4,-0.1,0.466,0.85,1.0,0.8,0.384,-0.05,-0.05
396,1,0.9,0.799,0.9,0.767,0.45,0.151,0.0,0.283
397,1,1.0,1.0,0.95,0.534,0.1,-0.082,0.05,0.616
398,6,0.767,0.65,0.717,0.584,0.433,0.918,0.383,0.666
399,6,0.534,0.3,0.484,0.634,0.766,1.0,0.716,0.716
400,,0.484,0.25,0.434,0.584,0.716,0.95,0.666,0.666
401,,0.434,0.2,0.384,0.534,0.666,0.9,0.616,0.616
402,,0.384,0.15,0.334,0.484,0.616,0.85,0.566,0.566
403,,0.334,0.1,0.284,0.434,0.566,0.8,0.516,0.516
404,,0.284,0.05,0.234,0.384,0.516,0.75,0.466,0.466
405,,0.234,0.0,0.184,0.334,0.466,0.7,0.416,0.416
406,,0.184,-0.05,0.134,0.284,0.416,0.65,0.366,0.366
407,2,0.517,0.95,0.467,0.334,0.183,0.3,0.133,0.416
408,2,0.85,1.0,0.8,0.384,-0.05,-0.05,-0.1,0.466
409,7,0.9,0.767,0.45,0.151,0.0,0.283,0.9,0.799
410,7,0.95,0.534,0.1,-0.082,0.05,0.616,1.0,1.0
411,4,0.717,0.584,0.433,0.918,0.383,0.666,0.767,0.65
412,4,0.484,0.634,0.766,1.0,0.716,0.716,0.534,0.3
413,,0.434,0.584,0.716,0.95,0.666,0.666,0.484,0.25
414,,0.384,0.534,0.666,0.9,0.616,0.616,0.434,0.2
415,,0.334,0.484,0.616,0.85,0.566,0.566,0.384,0.15
416,,0.284,0.434,0.566,0.8,0.516,0.516,0.334,0.1
417,,0.234,0.384,0.516,0.75,0.466,0.466,0.284,0.05
418,,0.184,0.334,0.466,0.7,0.416,0.416,0.234,0.0
419,,0.134,0.284,0.416,0.65,0.366,0.366,0.184,-0.05
420,8,0.467,0.334,0.183,0.3,0.133,0.416,0.517,0.95
421,8,0.8,0.384,-0.05,-0.05,-0.1,0.466,0.85,1.0
422,5,0.45,0.151,0.0,0.283,0.9,0.799,0.9,0.767
423,5,0.1,-0.082,0.05,0.616,1.0,1.0,0.95,0.534
424,2,0.433,0.918,0.383,0.666,0.767,0.65,0.717,0.584
425,2,0.766,1.0,0.716,0.716,0.534,0.3,0.484,0.634
426,,0.716,0.95,0.666,0.666,0.484,0.25,0.434,0.584
427,,0.666,0.9,0.616,0.616,0.434,0.2,0.384,0.534
428,,0.616,0.85,0.566,0.566,0.384,0.15,0.334,0.484
429,,0.566,0.8,0.516,0.516,0.334,0.1,0.284,0.434
430,,0.516,0.75,0.466,0.466,0.284,0.05,0.234,0.384
431,,0.466,0.7,0.416,0.416,0.234,0.0,0.184,0.334
432,,0.416,0.65,0.366,0.366,0.184,-0.05,0.134,0.284
433,6,0.183,0.3,0.133,0.416,0.517,0.95,0.467,0.334
434,6,-0.05,-0.05,-0.1,0.466,0.85,1.0,0.8,0.384
435,3,0.0,0.283,0.9,0.799,0.9,0.767,0.45,0.151
436,3,0.05,0.616,1.0,1.0,0.95,0.534,0.1,-0.082
437,8,0.383,0.666,0.767,0.65,0.717,0.584,0.433,0.918
438,8,0.716,0.716,0.534,0.3,0.484,0.634,0.766,1.0
439,,0.666,0.666,0.484,0.25,0.434,0.584,0.716,0.95
440,,0.616,0.616,0.434,0.2,0.384,0.534,0.666,0.9
441,,0.566,0.566,0.384,0.15,0.334,0.484,0.616,0.85
442,,0.516,0.516,0.334,0.1,0.284,0.434,0.566,0.8
443,,0.466,0.466,0.284,0.05,0.234,0.384,0.516,0.75
444,,0.416,0.416,0.234,0.0,0.184,0.334,0.466,0.7
445,,0.366,0.366,0.184,-0.05,0.134,0.284,0.416,0.65
446,4,0.133,0.416,0.517,0.95,0.467,0.334,0.183,0.3
447,4,-0.1,0.466,0.85,1.0,0.8,0.384,-0.05,-0.05
448,1,0.9,0.799,0.9,0.767,0.45,0.151,0.0,0.283
449,1,1.0,1.0,0.95,0.534,0.1,-0.082,0.05,0.616
450,6,0.767,0.65,0.717,0.584,0.433,0.918,0.383,0.666
451,6,0.534,0.3,0.484,0.634,0.766,1.0,0.716,0.716
452,,0.484,0.25,0.434,0.584,0.716,0.95,0.666,0.666
453,,0.434,0.2,0.384,0.534,0.666,0.9,0.616,0.616
454,,0.384,0.15,0.334,0.484,0.616,0.85,0.566,0.566
455,,0.334,0.1,0.284,0.434,0.566,0.8,0.516,0.516
456,,0.284,0.05,0.234,0.384,0.516,0.75,0.466,0.466
457,,0.234,0.0,0.184,0.334,0.466,0.7,0.416,0.416
458,,0.184,-0.05,0.134,0.284,0.416,0.65,0.366,0.366
459,2,0.517,0.95,0.467,0.334,0.183,0.3,0.133,0.416
460,2,0.85,1.0,0.8,0.384,-0.05,-0.05,-0.1,0.466
461,7,0.9,0.767,0.45,0.151,0.0,0.283,0.9,0.799
462,7,0.95,0.534,0.1,-0.082,0.05,0.616,1.0,1.0
463,4,0.717,0.584,0.433,0.918,0.383,0.666,0.767,0.65
464,4,0.484,0.634,0.766,1.0,0.716,0.716,0.534,0.3
465,,0.434,0.584,0.716,0.95,0.666,0.666,0.484,0.25
466,,0.384,0.534,0.666,0.9,0.616,0.616,0.434,0.2
467,,0.334,0.484,0.616,0.85,0.566,0.566,0.384,0.15
468,,0.284,0.434,0.566,0.8,0.516,0.516,0.334,0.1
469,,0.234,0.384,0.516,0.75,0.466,0.466,0.284,0.05
470,,0.184,0.334,0.466,0.7,0.416,0.416,0.234,0.0
471,,0.134,0.284,0.416,0.65,0.366,0.366,0.184,-0.05
472,8,0.467,0.334,0.183,0.3,0.133,0.416,0.517,0.95
473,8,0.8,0.384,-0.05,-0.05,-0.1,0.466,0.85,1.0
474,5,0.45,0.151,0.0,0.283,0.9,0.799,0.9,0.767
475,5,0.1,-0.082,0.05,0.616,1.0,1.0,0.95,0.534
476,2,0.433,0.918,0.383,0.666,0.767,0.65,0.717,0.584
477,2,0.766,1.0,0.716,0.716,0.534,0.3,0.484,0.634
478,,0.716,0.95,0.666,0.666,0.484,0.25,0.434,0.584
479,,0.666,0.9,0.616,0.616,0.434,0.2,0.384,0.534
480,,0.616,0.85,0.566,0.566,0.384,0.15,0.334,0.484
481,,0.566,0.8,0.516,0.516,0.334,0.1,0.284,0.434
482,,0.516,0.75,0.466,0.466,0.284,0.05,0.234,0.384
483,,0.466,0.7,0.416,0.416,0.234,0.0,0.184,0.334
484,,0.416,0.65,0.366,0.366,0.184,-0.05,0.134,0.284
485,6,0.183,0.3,0.133,0.416,0.517,0.95,0.467,0.334
486,6,-0.05,-0.05,-0.1,0.466,0.85,1.0,0.8,0.384
487,3,0.0,0.283,0.9,0.799,0.9,0.767,0.45,0.151
488,3,0.05,0.616,1.0,1.0,0.95,0.534,0.1,-0.082
489,8,0.383,0.666,0.767,0.65,0.717,0.584,0.433,0.918
490,8,0.716,0.716,0.534,0.3,0.484,0.634,0.766,1.0
491,,0.666,0.666,0.484,0.25,0.434,0.584,0.716,0.95
492,,0.616,0.616,0.434,0.2,0.384,0.534,0.666,0.9
493,,0.566,0.566,0.384,0.15,0.334,0.484,0.616,0.85
494,,0.516,0.516,0.334,0.1,0.284,0.434,0.566,0.8
495,,0.466,0.466,0.284,0.05,0.234,0.384,0.516,0.75
496,,0.416,0.416,0.234,0.0,0.184,0.334,0.466,0.7
497,,0.366,0.366,0.184,-0.05,0.134,0.284,0.416,0.65
498,4,0.133,0.416,0.517,0.95,0.467,0.334,0.183,0.3
499,4,-0.1,0.466,0.85,1.0,0.8,0.384,-0.05,-0.05
500,1,0.9,0.799,0.9,0.767,0.45,0.151,0.0,0.283
501,1,1.0,1.0,0.95,0.534,0.1,-0.082,0.05,0.616
502,6,0.767,0.65,0.717,0.584,0.433,0.918,0.383,0.666
503,6,0.534,0.3,0.484,0.634,0.766,1.0,0.716,0.716
504,,0.484,0.25,0.434,0.584,0.716,0.95,0.666,0.666
505,,0.434,0.2,0.384,0.534,0.666,0.9,0.616,0.616
506,,0.384,0.15,0.334,0.484,0.616,0.85,0.566,0.566
507,,0.334,0.1,0.284,0.434,0.566,0.8,0.516,0.516
508,,0.284,0.05,0.234,0.384,0.516,0.75,0.466,0.466
509,,0.234,0.0,0.184,0.334,0.466,0.7,0.416,0.416
510,,0.184,-0.05,0.134,0.284,0.416,0.65,0.366,0.366
511,2,0.517,0.95,0.467,0.334,0.183,0.3,0.133,0.416
512,2,0.85,1.0,0.8,0.384,-0.05,-0.05,-0.1,0.466
513,7,0.9,0.767,0.45,0.151,0.0,0.283,0.9,0.799
514,7,0.95,0.534,0.1,-0.082,0.05,0.616,1.0,1.0
515,4,0.717,0.584,0.433,0.918,0.383,0.666,0.767,0.65
516,4,0.484,0.634,0.766,1.0,0.716,0.716,0.534,0.3
517,,0.434,0.584,0.716,0.95,0.666,0.666,0.484,0.25
518,,0.384,0.534,0.666,0.9,0.616,0.616,0.434,0.2
519,,0.334,0.484,0.616,0.85,0.566,0.566,0.384,0.15
520,,0.284,0.434,0.566,0.8,0.516,0.516,0.334,0.1
521,,0.234,0.384,0.516,0.75,0.466,0.466,0.284,0.05
522,,0.184,0.334,0.466,0.7,0.416,0.416,0.234,0.0
523,,0.134,0.284,0.416,0.65,0.366,0.366,0.184,-0.05
524,8,0.467,0.334,0.183,0.3,0.133,0.416,0.517,0.95
525,8,0.8,0.384,-0.05,-0.05,-0.1,0.466,0.85,1.0
526,5,0.45,0.151,0.0,0.283,0.9,0.799,0.9,0.767
527,5,0.1,-0.082,0.05,0.616,1.0,1.0,0.95,0.534
528,2,0.433,0.918,0.383,0.666,0.767,0.65,0.717,0.584
529,2,0.766,1.0,0.716,0.716,0.534,0.3,0.484,0.634
530,,0.716,0.95,0.666,0.666,0.484,0.25,0.434,0.584
531,,0.666,0.9,0.616,0.616,0.434,0.2,0.384,0.534
532,,0.616,0.85,0.566,0.566,0.384,0.15,0.334,0.484
533,,0.566,0.8,0.516,0.516,0.334,0.1,0.284,0.434
534,,0.516,0.75,0.466,0.466,0.284,0.05,0.234,0.384
535,,0.466,0.7,0.416,0.416,0.234,0.0,0.184,0.334
536,,0.416,0.65,0.366,0.366,0.184,-0.05,0.134,0.284
537,6,0.183,0.3,0.133,0.416,0.517,0.95,0.467,0.334
538,6,-0.05,-0.05,-0.1,0.466,0.85,1.0,0.8,0.384
539,3,0.0,0.283,0.9,0.799,0.9,0.767,0.45,0.151
540,3,0.05,0.616,1.0,1.0,0.95,0.534,0.1,-0.082
541,8,0.383,0.666,0.767,0.65,0.717,0.584,0.433,0.918
542,8,0.716,0.716,0.534,0.3,0.484,0.634,0.766,1.0
543,,0.666,0.666,0.484,0.25,0.434,0.584,0.716,0.95
544,,0.616,0.616,0.434,0.2,0.384,0.534,0.666,0.9
545,,0.566,0.566,0.384,0.15,0.334,0.484,0.616,0.85
546,,0.516,0.516,0.334,0.1,0.284,0.434,0.566,0.8
547,,0.466,0.466,0.284,0.05,0.234,0.384,0.516,0.75
548,,0.416,0.416,0.234,0.0,0.184,0.334,0.466,0.7
549,,0.366,0.366,0.184,-0.05,0.134,0.284,0.416,0.65
550,4,0.133,0.416,0.517,0.95,0.467,0.334,0.183,0.3
551,4,-0.1,0.466,0.85,1.0,0.8,0.384,-0.05,-0.05
552,1,0.9,0.799,0.9,0.767,0.45,0.151,0.0,0.283
553,1,1.0,1.0,0.95,0.534,0.1,-0.082,0.05,0.616
554,6,0.767,0.65,0.717,0.584,0.433,0.918,0.383,0.666
555,6,0.534,0.3,0.484,0.634,0.766,1.0,0.716,0.716
556,,0.484,0.25,0.434,0.584,0.716,0.95,0.666,0.666
557,,0.434,0.2,0.384,0.534,0.666,0.9,0.616,0.616
558,,0.384,0.15,0.334,0.484,0.616,0.85,0.566,0.566
559,,0.334,0.1,0.284,0.434,0.566,0.8,0.516,0.516
560,,0.284,0.05,0.234,0.384,0.516,0.75,0.466,0.466
561,,0.234,0.0,0.184,0.334,0.466,0.7,0.416,0.416
562,,0.184,-0.05,0.134,0.284,0.416,0.65,0.366,0.366
563,2,0.517,0.95,0.467,0.334,0.183,0.3,0.133,0.416
564,2,0.85,1.0,0.8,0.384,-0.05,-0.05,-0.1,0.466
565,7,0.9,0.767,0.45,0.151,0.0,0.283,0.9,0.799
566,7,0.95,0.534,0.1,-0.082,0.05,0.616,1.0,1.0
567,4,0.717,0.584,0.433,0.918,0.383,0.666,0.767,0.65
568,4,0.484,0.634,0.766,1.0,0.716,0.716,0.534,0.3
569,,0.434,0.584,0.716,0.95,0.666,0.666,0.484,0.25
570,,0.384,0.534,0.666,0.9,0.616,0.616,0.434,0.2
571,,0.334,0.484,0.616,0.85,0.566,0.566,0.384,0.15
572,,0.284,0.434,0.566,0.8,0.516,0.516,0.334,0.1
573,,0.234,0.384,0.516,0.75,0.466,0.466,0.284,0.05
574,,0.184,0.334,0.466,0.7,0.416,0.416,0.234,0.0
575,,0.134,0.284,0.416,0.65,0.366,0.366,0.184,-0.05
576,8,0.467,0.334,0.183,0.3,0.133,0.416,0.517,0.95
577,8,0.8,0.384,-0.05,-0.05,-0.1,0.466,0.85,1.0
578,5,0.45,0.151,0.0,0.283,0.9,0.799,0.9,0.767
579,5,0.1,-0.082,0.05,0.616,1.0,1.0,0.95,0.534
580,2,0.433,0.918,0.383,0.666,0.767,0.65,0.717,0.584
581,2,0.766,1.0,0.716,0.716,0.534,0.3,0.484,0.634
582,,0.716,0.95,0.666,0.666,0.484,0.25,0.434,0.584
583,,0.666,0.9,0.616,0.616,0.434,0.2,0.384,0.534
584,,0.616,0.85,0.566,0.566,0.384,0.15,0.334,0.484
585,,0.566,0.8,0.516,0.516,0.334,0.1,0.284,0.434
586,,0.516,0.75,0.466,0.466,0.284,0.05,0.234,0.384
587,,0.466,0.7,0.416,0.416,0.234,0.0,0.184,0.334
588,,0.416,0.65,0.366,0.366,0.184,-0.05,0.134,0.284
589,6,0.183,0.3,0.133,0.416,0.517,0.95,0.467,0.334
590,6,-0.05,-0.05,-0.1,0.466,0.85,1.0,0.8,0.384
591,3,0.0,0.283,0.9,0.799,0.9,0.767,0.45,0.151
592,3,0.05,0.616,1.0,1.0,0.95,0.534,0.1,-0.082
593,8,0.383,0.666,0.767,0.65,0.717,0.584,0.433,0.918
594,8,0.716,0.716,0.534,0.3,0.484,0.634,0.766,1.0
595,,0.666,0.666,0.484,0.25,0.434,0.584,0.716,0.95
596,,0.616,0.616,0.434,0.2,0.384,0.534,0.666,0.9
597,,0.566,0.566,0.384,0.15,0.334,0.484,0.616,0.85
598,,0.516,0.516,0.334,0.1,0.284,0.434,0.566,0.8
599,,0.466,0.466,0.284,0.05,0.234,0.384,0.516,0.75
600,,0.416,0.416,0.234,0.0,0.184,0.334,0.466,0.7
601,,0.366,0.366,0.184,-0.05,0.134,0.284,0.416,0.65
602,4,0.133,0.416,0.517,0.95,0.467,0.334,0.183,0.3
603,4,-0.1,0.466,0.85,1.0,0.8,0.384,-0.05,-0.05
604,1,0.9,0.799,0.9,0.767,0.45,0.151,0.0,0.283
605,1,1.0,1.0,0.95,0.534,0.1,-0.082,0.05,0.616
606,6,0.767,0.65,0.717,0.584,0.433,0.918,0.383,0.666
607,6,0.534,0.3,0.484,0.634,0.766,1.0,0.716,0.716
608,,0.484,0.25,0.434,0.584,0.716,0.95,0.666,0.666
609,,0.434,0.2,0.384,0.534,0.666,0.9,0.616,0.616
610,,0.384,0.15,0.334,0.484,0.616,0.85,0.566,0.566
611,,0.334,0.1,0.284,0.434,0.566,0.8,0.516,0.516
612,,0.284,0.05,0.234,0.384,0.516,0.75,0.466,0.466
613,,0.234,0.0,0.184,0.334,0.466,0.7,0.416,0.416
614,,0.184,-0.05,0.134,0.284,0.416,0.65,0.366,0.366
615,2,0.517,0.95,0.467,0.334,0.183,0.3,0.133,0.416
616,2,0.85,1.0,0.8,0.384,-0.05,-0.05,-0.1,0.466
617,7,0.9,0.767,0.45,0.151,0.0,0.283,0.9,0.799
618,7,0.95,0.534,0.1,-0.082,0.05,0.616,1.0,1.0
619,4,0.717,0.584,0.433,0.918,0.383,0.666,0.767,0.65
620,4,0.484,0.634,0.766,1.0,0.716,0.716,0.534,0.3
621,,0.434,0.584,0.716,0.95,0.666,0.666,0.484,0.25
622,,0.384,0.534,0.666,0.9,0.616,0.616,0.434,0.2
623,,0.334,0.484,0.616,0.85,0.566,0.566,0.384,0.15
624,,0.284,0.434,0.566,0.8,0.516,0.516,0.334,0.1
625,,0.234,0.384,0.516,0.75,0.466,0.466,0.284,0.05
626,,0.184,0.334,0.466,0.7,0.416,0.416,0.234,0.0
627,,0.134,0.284,0.416,0.65,0.366,0.366,0.184,-0.05
628,8,0.467,0.334,0.183,0.3,0.133,0.416,0.517,0.95
629,8,0.8,0.384,-0.05,-0.05,-0.1,0.466,0.85,1.0
630,5,0.45,0.151,0.0,0.283,0.9,0.799,0.9,0.767
631,5,0.1,-0.082,0.05,0.616,1.0,1.0,0.95,0.534
632,2,0.433,0.918,0.383,0.666,0.767,0.65,0.717,0.584
633,2,0.766,1.0,0.716,0.716,0.534,0.3,0.484,0.634
634,,0.716,0.95,0.666,0.666,0.484,0.25,0.434,0.584
635,,0.666,0.9,0.616,0.616,0.434,0.2,0.384,0.534
636,,0.616,0.85,0.566,0.566,0.384,0.15,0.334,0.484
637,,0.566,0.8,0.516,0.516,0.334,0.1,0.284,0.434
638,,0.516,0.75,0.466,0.466,0.284,0.05,0.234,0.384
639,,0.466,0.7,0.416,0.416,0.234,0.0,0.184,0.334
640,,0.416,0.65,0.366,0.366,0.184,-0.05,0.134,0.284
641,6,0.183,0.3,0.133,0.416,0.517,0.95,0.467,0.334
642,6,-0.05,-0.05,-0.1,0.466,0.85,1.0,0.8,0.384
643,3,0.0,0.283,0.9,0.799,0.9,0.767,0.45,0.151
644,3,0.05,0.616,1.0,1.0,0.95,0.534,0.1,-0.082
645,8,0.383,0.666,0.767,0.65,0.717,0.584,0.433,0.918
646,8,0.716,0.716,0.534,0.3,0.484,0.634,0.766,1.0
647,,0.666,0.666,0.484,0.25,0.434,0.584,0.716,0.95
648,,0.616,0.616,0.434,0.2,0.384,0.534,0.666,0.9
649,,0.566,0.566,0.384,0.15,0.334,0.484,0.616,0.85
650,,0.516,0.516,0.334,0.1,0.284,0.434,0.566,0.8
651,,0.466,0.466,0.284,0.05,0.234,0.384,0.516,0.75
652,,0.416,0.416,0.234,0.0,0.184,0.334,0.466,0.7
653,,0.366,0.366,0.184,-0.05,0.134,0.284,0.416,0.65
654,4,0.133,0.416,0.517,0.95,0.467,0.334,0.183,0.3
655,4,-0.1,0.466,0.85,1.0,0.8,0.384,-0.05,-0.05
656,1,0.9,0.799,0.9,0.767,0.45,0.151,0.0,0.283
657,1,1.0,1.0,0.95,0.534,0.1,-0.082,0.05,0.616
658,6,0.767,0.65,0.717,0.584,0.433,0.918,0.383,0.666
659,6,0.534,0.3,0.484,0.634,0.766,1.0,0.716,0.716
660,,0.484,0.25,0.434,0.584,0.716,0.95,0.666,0.666
661,,0.434,0.2,0.384,0.534,0.666,0.9,0.616,0.616
662,,0.384,0.15,0.334,0.484,0.616,0.85,0.566,0.566
663,,0.334,0.1,0.284,0.434,0.566,0.8,0.516,0.516
664,,0.284,0.05,0.234,0.384,0.516,0.75,0.466,0.466
665,,0.234,0.0,0.184,0.334,0.466,0.7,0.416,0.416
666,,0.184,-0.05,0.134,0.284,0.416,0.65,0.366,0.366
667,2,0.517,0.95,0.467,0.334,0.183,0.3,0.133,0.416
668,2,0.85,1.0,0.8,0.384,-0.05,-0.05,-0.1,0.466
669,7,0.9,0.767,0.45,0.151,0.0,0.283,0.9,0.799
670,7,0.95,0.534,0.1,-0.082,0.05,0.616,1.0,1.0
671,4,0.717,0.584,0.433,0.918,0.383,0.666,0.767,0.65
672,4,0.484,0.634,0.766,1.0,0.716,0.716,0.534,0.3
673,,0.434,0.584,0.716,0.95,0.666,0.666,0.484,0.25
674,,0.384,0.534,0.666,0.9,0.616,0.616,0.434,0.2
675,,0.334,0.484,0.616,0.85,0.566,0.566,0.384,0.15
676,,0.284,0.434,0.566,0.8,0.516,0.516,0.334,0.1
677,,0.234,0.384,0.516,0.75,0.466,0.466,0.284,0.05
678,,0.184,0.334,0.466,0.7,0.416,0.416,0.234,0.0
679,,0.134,0.284,0.416,0.65,0.366,0.366,0.184,-0.05
680,8,0.467,0.334,0.183,0.3,0.133,0.416,0.517,0.95
681,8,0.8,0.384,-0.05,-0.05,-0.1,0.466,0.85,1.0
682,5,0.45,0.151,0.0,0.283,0.9,0.799,0.9,0.767
683,5,0.1,-0.082,0.05,0.616,1.0,1.0,0.95,0.534
684,2,0.433,0.918,0.383,0.666,0.767,0.65,0.717,0.584
685,2,0.766,1.0,0.716,0.716,0.534,0.3,0.484,0.634
686,,0.716,0.95,0.666,0.666,0.484,0.25,0.434,0.584
687,,0.666,0.9,0.616,0.616,0.434,0.2,0.384,0.534
688,,0.616,0.85,0.566,0.566,0.384,0.15,0.334,0.484
689,,0.566,0.8,0.516,0.516,0.334,0.1,0.284,0.434
690,,0.516,0.75,0.466,0.466,0.284,0.05,0.234,0.384
691,,0.466,0.7,0.416,0.416,0.234,0.0,0.184,0.334
692,,0.416,0.65,0.366,0.366,0.184,-0.05,0.134,0.284
693,6,0.183,0.3,0.133,0.416,0.517,0.95,0.467,0.334
694,6,-0.05,-0.05,-0.1,0.466,0.85,1.0,0.8,0.384
695,3,0.0,0.283,0.9,0.799,0.9,0.767,0.45,0.151
696,3,0.05,0.616,1.0,1.0,0.95,0.534,0.1,-0.082
697,8,0.383,0.666,0.767,0.65,0.717,0.584,0.433,0.918
698,8,0.716,0.716,0.534,0.3,0.484,0.634,0.766,1.0
699,,0.666,0.666,0.484,0.25,0.434,0.584,0.716,0.95
700,,0.616,0.616,0.434,0.2,0.384,0.534,0.666,0.9
701,,0.566,0.566,0.384,0.15,0.334,0.484,0.616,0.85
702,,0.516,0.516,0.334,0.1,0.284,0.434,0.566,0.8
703,,0.466,0.466,0.284,0.05,0.234,0.384,0.516,0.75
704,,0.416,0.416,0.234,0.0,0.184,0.334,0.466,0.7
705,,0.366,0.366,0.184,-0.05,0.134,0.284,0.416,0.65
706,4,0.133,0.416,0.517,0.95,0.467,0.334,0.183,0.3
707,4,-0.1,0.466,0.85,1.0,0.8,0.384,-0.05,-0.05
708,1,0.9,0.799,0.9,0.767,0.45,0.151,0.0,0.283
709,1,1.0,1.0,0.95,0.534,0.1,-0.082,0.05,0.616
710,6,0.767,0.65,0.717,0.584,0.433,0.918,0.383,0.666
711,6,0.534,0.3,0.484,0.634,0.766,1.0,0.716,0.716
712,,0.484,0.25,0.434,0.584,0.716,0.95,0.666,0.666
713,,0.434,0.2,0.384,0.534,0.666,0.9,0.616,0.616
714,,0.384,0.15,0.334,0.484,0.616,0.85,0.566,0.566
715,,0.334,0.1,0.284,0.434,0.566,0.8,0.516,0.516
716,,0.284,0.05,0.234,0.384,0.516,0.75,0.466,0.466
717,,0.234,0.0,0.184,0.334,0.466,0.7,0.416,0.416
718,,0.184,-0.05,0.134,0.284,0.416,0.65,0.366,0.366
719,2,0.517,0.95,0.467,0.334,0.183,0.3,0.133,0.416
720,2,0.85,1.0,0.8,0.384,-0.05,-0.05,-0.1,0.466
721,7,0.9,0.767,0.45,0.151,0.0,0.283,0.9,0.799
722,7,0.95,0.534,0.1,-0.082,0.05,0.616,1.0,1.0
723,4,0.717,0.584,0.433,0.918,0.383,0.666,0.767,0.65
724,4,0.484,0.634,0.766,1.0,0.716,0.716,0.534,0.3
725,,0.434,0.584,0.716,0.95,0.666,0.666,0.484,0.25
726,,0.384,0.534,0.666,0.9,0.616,0.616,0.434,0.2
727,,0.334,0.484,0.616,0.85,0.566,0.566,0.384,0.15
728,,0.284,0.434,0.566,0.8,0.516,0.516,0.334,0.1
729,,0.234,0.384,0.516,0.75,0.466,0.466,0.284,0.05
730,,0.184,0.334,0.466,0.7,0.416,0.416,0.234,0.0
731,,0.134,0.284,0.416,0.65,0.366,0.366,0.184,-0.05
732,8,0.467,0.334,0.183,0.3,0.133,0.416,0.517,0.95
733,8,0.8,0.384,-0.05,-0.05,-0.1,0.466,0.85,1.0
734,5,0.45,0.151,0.0,0.283,0.9,0.799,0.9,0.767
735,5,0.1,-0.082,0.05,0.616,1.0,1.0,0.95,0.534
736,2,0.433,0.918,0.383,0.666,0.767,0.65,0.717,0.584
737,2,0.766,1.0,0.716,0.716,0.534,0.3,0.484,0.634
738,,0.716,0.95,0.666,0.666,0.484,0.25,0.434,0.584
739,,0.666,0.9,0.616,0.616,0.434,0.2,0.384,0.534
740,,0.616,0.85,0.566,0.566,0.384,0.15,0.334,0.484
741,,0.566,0.8,0.516,0.516,0.334,0.1,0.284,0.434
742,,0.516,0.75,0.466,0.466,0.284,0.05,0.234,0.384
743,,0.466,0.7,0.416,0.416,0.234,0.0,0.184,0.334
744,,0.416,0.65,0.366,0.366,0.184,-0.05,0.134,0.284
745,6,0.183,0.3,0.133,0.416,0.517,0.95,0.467,0.334
746,6,-0.05,-0.05,-0.1,0.466,0.85,1.0,0.8,0.384
747,3,0.0,0.283,0.9,0.799,0.9,0.767,0.45,0.151
748,3,0.05,0.616,1.0,1.0,0.95,0.534,0.1,-0.082
749,8,0.383,0.666,0.767,0.65,0.717,0.584,0.433,0.918
750,8,0.716,0.716,0.534,0.3,0.484,0.634,0.766,1.0
751,,0.666,0.666,0.484,0.25,0.434,0.584,0.716,0.95
752,,0.616,0.616,0.434,0.2,0.384,0.534,0.666,0.9
753,,0.566,0.566,0.384,0.15,0.334,0.484,0.616,0.85
754,,0.516,0.516,0.334,0.1,0.284,0.434,0.566,0.8
755,,0.466,0.466,0.284,0.05,0.234,0.384,0.516,0.75
756,,0.416,0.416,0.234,0.0,0.184,0.334,0.466,0.7
757,,0.366,0.366,0.184,-0.05,0.134,0.284,0.416,0.65
758,4,0.133,0.416,0.517,0.95,0.467,0.334,0.183,0.3
759,4,-0.1,0.466,0.85,1.0,0.8,0.384,-0.05,-0.05
760,1,0.9,0.799,0.9,0.767,0.45,0.151,0.0,0.283
761,1,1.0,1.0,0.95,0.534,0.1,-0.082,0.05,0.616
762,6,0.767,0.65,0.717,0.584,0.433,0.918,0.383,0.666
763,6,0.534,0.3,0.484,0.634,0.766,1.0,0.716,0.716
764,,0.484,0.25,0.434,0.584,0.716,0.95,0.666,0.666
765,,0.434,0.2,0.384,0.534,0.666,0.9,0.616,0.616
766,,0.384,0.15,0.334,0.484,0.616,0.85,0.566,0.566
767,,0.334,0.1,0.284,0.434,0.566,0.8,0.516,0.516
768,,0.284,0.05,0.234,0.384,0.516,0.75,0.466,0.466
769,,0.234,0.0,0.184,0.334,0.466,0.7,0.416,0.416
770,,0.184,-0.05,0.134,0.284,0.416,0.65,0.366,0.366
771,2,0.517,0.95,0.467,0.334,0.183,0.3,0.133,0.416
772,2,0.85,1.0,0.8,0.384,-0.05,-0.05,-0.1,0.466
773,7,0.9,0.767,0.45,0.151,0.0,0.283,0.9,0.799
774,7,0.95,0.534,0.1,-0.082,0.05,0.616,1.0,1.0
775,4,0.717,0.584,0.433,0.918,0.383,0.666,0.767,0.65
776,4,0.484,0.634,0.766,1.0,0.716,0.716,0.534,0.3
777,,0.434,0.584,0.716,0.95,0.666,0.666,0.484,0.25
778,,0.384,0.534,0.666,0.9,0.616,0.616,0.434,0.2
779,,0.334,0.484,0.616,0.85,0.566,0.566,0.384,0.15
780,,0.284,0.434,0.566,0.8,0.516,0.516,0.334,0.1
781,,0.234,0.384,0.516,0.75,0.466,0.466,0.284,0.05
782,,0.184,0.334,0.466,0.7,0.416,0.416,0.234,0.0
783,,0.134,0.284,0.416,0.65,0.366,0.366,0.184,-0.05
784,8,0.467,0.334,0.183,0.3,0.133,0.416,0.517,0.95
785,8,0.8,0.384,-0.05,-0.05,-0.1,0.466,0.85,1.0
786,5,0.45,0.151,0.0,0.283,0.9,0.799,0.9,0.767
787,5,0.1,-0.082,0.05,0.616,1.0,1.0,0.95,0.534
788,2,0.433,0.918,0.383,0.666,0.767,0.65,0.717,0.584
789,2,0.766,1.0,0.716,0.716,0.534,0.3,0.484,0.634
790,,0.716,0.95,0.666,0.666,0.484,0.25,0.434,0.584
791,,0.666,0.9,0.616,0.616,0.434,0.2,0.384,0.534
792,,0.616,0.85,0.566,0.566,0.384,0.15,0.334,0.484
793,,0.566,0.8,0.516,0.516,0.334,0.1,0.284,0.434
794,,0.516,0.75,0.466,0.466,0.284,0.05,0.234,0.384
795,,0.466,0.7,0.416,0.416,0.234,0.0,0.184,0.334
796,,0.416,0.65,0.366,0.366,0.184,-0.05,0.134,0.284
797,6,0.183,0.3,0.133,0.416,0.517,0.95,0.467,0.334
798,6,-0.05,-0.05,-0.1,0.466,0.85,1.0,0.8,0.384
