step,active_motive,motive_1,motive_2,motive_3,motive_4,motive_5,motive_6,motive_7,motive_8
0,,0.32435,0.12209,0.3563,0.90683,0.27213,0.64769,0.00052,0.35257
1,,0.27435,0.07209,0.3063,0.85683,0.22213,0.59769,-0.04948,0.30257
2,7,0.32435,-0.16091,-0.0437,0.62383,0.27213,0.93069,0.95052,0.63557
3,7,0.37435,-0.39391,-0.3937,0.39083,0.32213,1.0,1.0,0.96857
4,2,0.70735,0.60609,-0.0607,0.44083,0.08913,0.65,0.767,1.0
5,2,1.0,1.0,0.2723,0.49083,-0.14387,0.3,0.534,1.0
6,5,0.65,0.767,0.3223,0.82383,0.85613,0.633,0.584,0.767
7,5,0.3,0.534,0.3723,1.0,1.0,0.966,0.634,0.534
8,,0.25,0.484,0.3223,0.95,0.95,0.916,0.584,0.484
9,,0.2,0.434,0.2723,0.9,0.9,0.866,0.534,0.434
10,,0.15,0.384,0.2223,0.85,0.85,0.816,0.484,0.384
11,,0.1,0.334,0.1723,0.8,0.8,0.766,0.434,0.334
12,,0.05,0.284,0.1223,0.75,0.75,0.716,0.384,0.284
13,,0.0,0.234,0.0723,0.7,0.7,0.666,0.334,0.234
14,,-0.05,0.184,0.0223,0.65,0.65,0.616,0.284,0.184
15,1,0.95,0.517,0.0723,0.417,0.3,0.383,0.334,0.517
16,1,1.0,0.85,0.1223,0.184,-0.05,0.15,0.384,0.85
17,5,0.65,0.617,0.1723,0.517,0.95,0.483,0.434,0.617
18,5,0.3,0.384,0.2223,0.85,1.0,0.816,0.484,0.384
19,,0.25,0.334,0.1723,0.8,0.95,0.766,0.434,0.334
20,,0.2,0.284,0.1223,0.75,0.9,0.716,0.384,0.284
21,,0.15,0.234,0.0723,0.7,0.85,0.666,0.334,0.234
22,,0.1,0.184,0.0223,0.65,0.8,0.616,0.284,0.184
23,,0.05,0.134,-0.0277,0.6,0.75,0.566,0.234,0.134
24,3,0.1,0.467,0.9723,0.933,0.8,0.333,-0.116,-0.099
25,3,0.15,0.8,1.0,1.0,0.85,0.1,-0.466,-0.332
26,7,0.2,0.567,0.65,0.767,0.9,0.433,0.534,0.001
27,7,0.25,0.334,0.3,0.534,0.95,0.766,1.0,0.334
28,,0.2,0.284,0.25,0.484,0.9,0.716,0.95,0.284
29,,0.15,0.234,0.2,0.434,0.85,0.666,0.9,0.234
30,,0.1,0.184,0.15,0.384,0.8,0.616,0.85,0.184
31,,0.05,0.134,0.1,0.334,0.75,0.566,0.8,0.134
32,,0.0,0.084,0.05,0.284,0.7,0.516,0.75,0.084
33,,-0.05,0.034,0.0,0.234,0.65,0.466,0.7,0.034
34,1,0.95,0.367,0.05,0.001,0.3,0.233,0.75,0.367
35,1,1.0,0.7,0.1,-0.232,-0.05,0.0,0.8,0.7
36,4,0.767,0.75,0.433,0.768,0.283,0.05,0.567,0.35
37,4,0.534,0.8,0.766,1.0,0.616,0.1,0.334,-0.0
38,,0.484,0.75,0.716,0.95,0.566,0.05,0.284,-0.05
39,8,0.817,0.8,0.483,0.6,0.333,0.1,0.617,0.95
40,8,1.0,0.85,0.25,0.25,0.1,0.15,0.95,1.0
41,,0.95,0.8,0.2,0.2,0.05,0.1,0.9,0.95
42,,0.9,0.75,0.15,0.15,0.0,0.05,0.85,0.9
43,,0.85,0.7,0.1,0.1,-0.05,0.0,0.8,0.85
44,5,0.5,0.467,0.15,0.433,0.95,0.333,0.85,0.617
45,5,0.15,0.234,0.2,0.766,1.0,0.666,0.9,0.384
46,,0.1,0.184,0.15,0.716,0.95,0.616,0.85,0.334
47,,0.05,0.134,0.1,0.666,0.9,0.566,0.8,0.284
48,,0.0,0.084,0.05,0.616,0.85,0.516,0.75,0.234
49,,-0.05,0.034,0.0,0.566,0.8,0.466,0.7,0.184
50,1,0.95,0.367,0.05,0.333,0.45,0.233,0.75,0.517
51,1,1.0,0.7,0.1,0.1,0.1,0.0,0.8,0.85
52,,0.95,0.65,0.05,0.05,0.05,-0.05,0.75,0.8
53,6,0.717,0.3,-0.183,0.1,0.383,0.95,1.0,0.85
54,6,0.484,-0.05,-0.416,0.15,0.716,1.0,1.0,0.9
55,3,0.534,0.283,0.584,0.483,0.766,0.767,0.65,0.667
56,3,0.584,0.616,1.0,0.816,0.816,0.534,0.3,0.434
57,,0.534,0.566,0.95,0.766,0.766,0.484,0.25,0.384
58,,0.484,0.516,0.9,0.716,0.716,0.434,0.2,0.334
59,,0.434,0.466,0.85,0.666,0.666,0.384,0.15,0.284
60,,0.384,0.416,0.8,0.616,0.616,0.334,0.1,0.234
61,,0.334,0.366,0.75,0.566,0.566,0.284,0.05,0.184
62,,0.284,0.316,0.7,0.516,0.516,0.234,0.0,0.134
63,,0.234,0.266,0.65,0.466,0.466,0.184,-0.05,0.084
64,7,0.284,0.033,0.3,0.233,0.516,0.517,0.95,0.417
65,7,0.334,-0.2,-0.05,0.0,0.566,0.85,1.0,0.75
66,2,0.667,0.8,0.283,0.05,0.333,0.5,0.767,0.8
67,2,1.0,1.0,0.616,0.1,0.1,0.15,0.534,0.85
68,,0.95,0.95,0.566,0.05,0.05,0.1,0.484,0.8
69,,0.9,0.9,0.516,0.0,0.0,0.05,0.434,0.75
70,,0.85,0.85,0.466,-0.05,-0.05,0.0,0.384,0.7
71,4,0.617,0.9,0.799,0.95,0.283,0.05,0.151,0.35
72,4,0.384,0.95,1.0,1.0,0.616,0.1,-0.082,-0.0
73,7,0.434,0.717,0.65,0.767,0.666,0.433,0.918,0.333
74,7,0.484,0.484,0.3,0.534,0.716,0.766,1.0,0.666
75,,0.434,0.434,0.25,0.484,0.666,0.716,0.95,0.616
76,,0.384,0.384,0.2,0.434,0.616,0.666,0.9,0.566
77,,0.334,0.334,0.15,0.384,0.566,0.616,0.85,0.516
78,,0.284,0.284,0.1,0.334,0.516,0.566,0.8,0.466
79,,0.234,0.234,0.05,0.284,0.466,0.516,0.75,0.416
80,,0.184,0.184,0.0,0.234,0.416,0.466,0.7,0.366
81,,0.134,0.134,-0.05,0.184,0.366,0.416,0.65,0.316
82,3,0.184,0.467,0.95,0.517,0.416,0.183,0.3,0.083
83,3,0.234,0.8,1.0,0.85,0.466,-0.05,-0.05,-0.15
84,8,0.567,0.85,0.767,0.5,0.233,0.0,0.283,0.85
85,8,0.9,0.9,0.534,0.15,0.0,0.05,0.616,1.0
86,,0.85,0.85,0.484,0.1,-0.05,0.0,0.566,0.95
87,5,0.5,0.617,0.534,0.433,0.95,0.333,0.616,0.717
88,5,0.15,0.384,0.584,0.766,1.0,0.666,0.666,0.484
89,,0.1,0.334,0.534,0.716,0.95,0.616,0.616,0.434
90,,0.05,0.284,0.484,0.666,0.9,0.566,0.566,0.384
91,,0.0,0.234,0.434,0.616,0.85,0.516,0.516,0.334
92,,-0.05,0.184,0.384,0.566,0.8,0.466,0.466,0.284
93,1,0.95,0.517,0.434,0.333,0.45,0.233,0.516,0.617
94,1,1.0,0.85,0.484,0.1,0.1,0.0,0.566,0.95
95,,0.95,0.8,0.434,0.05,0.05,-0.05,0.516,0.9
96,6,0.717,0.45,0.201,0.1,0.383,0.95,0.849,0.95
97,6,0.484,0.1,-0.032,0.15,0.716,1.0,1.0,1.0
98,3,0.534,0.433,0.968,0.483,0.766,0.767,0.65,0.767
99,3,0.584,0.766,1.0,0.816,0.816,0.534,0.3,0.534
100,,0.534,0.716,0.95,0.766,0.766,0.484,0.25,0.484
101,,0.484,0.666,0.9,0.716,0.716,0.434,0.2,0.434
102,,0.434,0.616,0.85,0.666,0.666,0.384,0.15,0.384
103,,0.384,0.566,0.8,0.616,0.616,0.334,0.1,0.334
104,,0.334,0.516,0.75,0.566,0.566,0.284,0.05,0.284
105,,0.284,0.466,0.7,0.516,0.516,0.234,0.0,0.234
106,,0.234,0.416,0.65,0.466,0.466,0.184,-0.05,0.184
107,7,0.284,0.183,0.3,0.233,0.516,0.517,0.95,0.517
108,7,0.334,-0.05,-0.05,0.0,0.566,0.85,1.0,0.85
109,2,0.667,0.95,0.283,0.05,0.333,0.5,0.767,0.9
110,2,1.0,1.0,0.616,0.1,0.1,0.15,0.534,0.95
111,,0.95,0.95,0.566,0.05,0.05,0.1,0.484,0.9
112,,0.9,0.9,0.516,0.0,0.0,0.05,0.434,0.85
113,,0.85,0.85,0.466,-0.05,-0.05,0.0,0.384,0.8
114,5,0.5,0.617,0.516,0.283,0.95,0.333,0.434,0.567
115,5,0.15,0.384,0.566,0.616,1.0,0.666,0.484,0.334
116,,0.1,0.334,0.516,0.566,0.95,0.616,0.434,0.284
117,,0.05,0.284,0.466,0.516,0.9,0.566,0.384,0.234
118,,0.0,0.234,0.416,0.466,0.85,0.516,0.334,0.184
119,,-0.05,0.184,0.366,0.416,0.8,0.466,0.284,0.134
120,1,0.95,0.517,0.416,0.183,0.45,0.233,0.334,0.467
121,1,1.0,0.85,0.466,-0.05,0.1,0.0,0.384,0.8
122,4,0.767,0.9,0.799,0.95,0.433,0.05,0.151,0.45
123,4,0.534,0.95,1.0,1.0,0.766,0.1,-0.082,0.1
124,7,0.584,0.717,0.65,0.767,0.816,0.433,0.918,0.433
125,7,0.634,0.484,0.3,0.534,0.866,0.766,1.0,0.766
126,,0.584,0.434,0.25,0.484,0.816,0.716,0.95,0.716
127,,0.534,0.384,0.2,0.434,0.766,0.666,0.9,0.666
128,,0.484,0.334,0.15,0.384,0.716,0.616,0.85,0.616
129,,0.434,0.284,0.1,0.334,0.666,0.566,0.8,0.566
130,,0.384,0.234,0.05,0.284,0.616,0.516,0.75,0.516
131,,0.334,0.184,0.0,0.234,0.566,0.466,0.7,0.466
132,,0.284,0.134,-0.05,0.184,0.516,0.416,0.65,0.416
133,3,0.334,0.467,0.95,0.517,0.566,0.183,0.3,0.183
134,3,0.384,0.8,1.0,0.85,0.616,-0.05,-0.05,-0.05
135,8,0.717,0.85,0.767,0.5,0.383,0.0,0.283,0.95
136,8,1.0,0.9,0.534,0.15,0.15,0.05,0.616,1.0
137,,0.95,0.85,0.484,0.1,0.1,0.0,0.566,0.95
138,,0.9,0.8,0.434,0.05,0.05,-0.05,0.516,0.9
139,6,0.667,0.45,0.201,0.1,0.383,0.95,0.849,0.95
140,6,0.434,0.1,-0.032,0.15,0.716,1.0,1.0,1.0
141,3,0.484,0.433,0.968,0.483,0.766,0.767,0.65,0.767
142,3,0.534,0.766,1.0,0.816,0.816,0.534,0.3,0.534
143,,0.484,0.716,0.95,0.766,0.766,0.484,0.25,0.484
144,,0.434,0.666,0.9,0.716,0.716,0.434,0.2,0.434
145,,0.384,0.616,0.85,0.666,0.666,0.384,0.15,0.384
146,,0.334,0.566,0.8,0.616,0.616,0.334,0.1,0.334
147,,0.284,0.516,0.75,0.566,0.566,0.284,0.05,0.284
148,,0.234,0.466,0.7,0.516,0.516,0.234,0.0,0.234
149,,0.184,0.416,0.65,0.466,0.466,0.184,-0.05,0.184
150,7,0.234,0.183,0.3,0.233,0.516,0.517,0.95,0.517
151,7,0.284,-0.05,-0.05,0.0,0.566,0.85,1.0,0.85
152,2,0.617,0.95,0.283,0.05,0.333,0.5,0.767,0.9
153,2,0.95,1.0,0.616,0.1,0.1,0.15,0.534,0.95
154,,0.9,0.95,0.566,0.05,0.05,0.1,0.484,0.9
155,,0.85,0.9,0.516,0.0,0.0,0.05,0.434,0.85
156,,0.8,0.85,0.466,-0.05,-0.05,0.0,0.384,0.8
157,5,0.45,0.617,0.516,0.283,0.95,0.333,0.434,0.567
158,5,0.1,0.384,0.566,0.616,1.0,0.666,0.484,0.334
159,,0.05,0.334,0.516,0.566,0.95,0.616,0.434,0.284
160,,0.0,0.284,0.466,0.516,0.9,0.566,0.384,0.234
161,,-0.05,0.234,0.416,0.466,0.85,0.516,0.334,0.184
162,1,0.95,0.567,0.466,0.233,0.5,0.283,0.384,0.517
163,1,1.0,0.9,0.516,0.0,0.15,0.05,0.434,0.85
164,,0.95,0.85,0.466,-0.05,0.1,0.0,0.384,0.8
165,4,0.717,0.9,0.799,0.95,0.433,0.05,0.151,0.45
166,4,0.484,0.95,1.0,1.0,0.766,0.1,-0.082,0.1
167,7,0.534,0.717,0.65,0.767,0.816,0.433,0.918,0.433
168,7,0.584,0.484,0.3,0.534,0.866,0.766,1.0,0.766
169,,0.534,0.434,0.25,0.484,0.816,0.716,0.95,0.716
170,,0.484,0.384,0.2,0.434,0.766,0.666,0.9,0.666
171,,0.434,0.334,0.15,0.384,0.716,0.616,0.85,0.616
172,,0.384,0.284,0.1,0.334,0.666,0.566,0.8,0.566
173,,0.334,0.234,0.05,0.284,0.616,0.516,0.75,0.516
174,,0.284,0.184,0.0,0.234,0.566,0.466,0.7,0.466
175,,0.234,0.134,-0.05,0.184,0.516,0.416,0.65,0.416
176,3,0.284,0.467,0.95,0.517,0.566,0.183,0.3,0.183
177,3,0.334,0.8,1.0,0.85,0.616,-0.05,-0.05,-0.05
178,6,0.101,0.45,0.767,0.9,0.949,0.95,0.283,0.0
179,6,-0.132,0.1,0.534,0.95,1.0,1.0,0.616,0.05
180,1,0.868,0.433,0.584,0.717,0.65,0.767,0.666,0.383
181,1,1.0,0.766,0.634,0.484,0.3,0.534,0.716,0.716
182,,0.95,0.716,0.584,0.434,0.25,0.484,0.666,0.666
183,,0.9,0.666,0.534,0.384,0.2,0.434,0.616,0.616
184,,0.85,0.616,0.484,0.334,0.15,0.384,0.566,0.566
185,,0.8,0.566,0.434,0.284,0.1,0.334,0.516,0.516
186,,0.75,0.516,0.384,0.234,0.05,0.284,0.466,0.466
187,,0.7,0.466,0.334,0.184,0.0,0.234,0.416,0.416
188,,0.65,0.416,0.284,0.134,-0.05,0.184,0.366,0.366
189,5,0.3,0.183,0.334,0.467,0.95,0.517,0.416,0.133
190,5,-0.05,-0.05,0.384,0.8,1.0,0.85,0.466,-0.1
191,8,0.283,0.0,0.151,0.45,0.767,0.9,0.799,0.9
192,8,0.616,0.05,-0.082,0.1,0.534,0.95,1.0,1.0
193,3,0.666,0.383,0.918,0.433,0.584,0.717,0.65,0.767
194,3,0.716,0.716,1.0,0.766,0.634,0.484,0.3,0.534
195,,0.666,0.666,0.95,0.716,0.584,0.434,0.25,0.484
196,,0.616,0.616,0.9,0.666,0.534,0.384,0.2,0.434
197,,0.566,0.566,0.85,0.616,0.484,0.334,0.15,0.384
198,,0.516,0.516,0.8,0.566,0.434,0.284,0.1,0.334
199,,0.466,0.466,0.75,0.516,0.384,0.234,0.05,0.284
200,,0.416,0.416,0.7,0.466,0.334,0.184,0.0,0.234
201,,0.366,0.366,0.65,0.416,0.284,0.134,-0.05,0.184
202,7,0.416,0.133,0.3,0.183,0.334,0.467,0.95,0.517
203,7,0.466,-0.1,-0.05,-0.05,0.384,0.8,1.0,0.85
204,2,0.799,0.9,0.283,0.0,0.151,0.45,0.767,0.9
205,2,1.0,1.0,0.616,0.05,-0.082,0.1,0.534,0.95
206,5,0.65,0.767,0.666,0.383,0.918,0.433,0.584,0.717
207,5,0.3,0.534,0.716,0.716,1.0,0.766,0.634,0.484
208,,0.25,0.484,0.666,0.666,0.95,0.716,0.584,0.434
209,,0.2,0.434,0.616,0.616,0.9,0.666,0.534,0.384
210,,0.15,0.384,0.566,0.566,0.85,0.616,0.484,0.334
211,,0.1,0.334,0.516,0.516,0.8,0.566,0.434,0.284
212,,0.05,0.284,0.466,0.466,0.75,0.516,0.384,0.234
213,,0.0,0.234,0.416,0.416,0.7,0.466,0.334,0.184
214,,-0.05,0.184,0.366,0.366,0.65,0.416,0.284,0.134
215,1,0.95,0.517,0.416,0.133,0.3,0.183,0.334,0.467
216,1,1.0,0.85,0.466,-0.1,-0.05,-0.05,0.384,0.8
217,4,0.767,0.9,0.799,0.9,0.283,0.0,0.151,0.45
218,4,0.534,0.95,1.0,1.0,0.616,0.05,-0.082,0.1
219,7,0.584,0.717,0.65,0.767,0.666,0.383,0.918,0.433
220,7,0.634,0.484,0.3,0.534,0.716,0.716,1.0,0.766
221,,0.584,0.434,0.25,0.484,0.666,0.666,0.95,0.716
222,,0.534,0.384,0.2,0.434,0.616,0.616,0.9,0.666
223,,0.484,0.334,0.15,0.384,0.566,0.566,0.85,0.616
224,,0.434,0.284,0.1,0.334,0.516,0.516,0.8,0.566
225,,0.384,0.234,0.05,0.284,0.466,0.466,0.75,0.516
226,,0.334,0.184,0.0,0.234,0.416,0.416,0.7,0.466
227,,0.284,0.134,-0.05,0.184,0.366,0.366,0.65,0.416
228,3,0.334,0.467,0.95,0.517,0.416,0.133,0.3,0.183
229,3,0.384,0.8,1.0,0.85,0.466,-0.1,-0.05,-0.05
230,6,0.151,0.45,0.767,0.9,0.799,0.9,0.283,0.0
231,6,-0.082,0.1,0.534,0.95,1.0,1.0,0.616,0.05
232,1,0.918,0.433,0.584,0.717,0.65,0.767,0.666,0.383
233,1,1.0,0.766,0.634,0.484,0.3,0.534,0.716,0.716
234,,0.95,0.716,0.584,0.434,0.25,0.484,0.666,0.666
235,,0.9,0.666,0.534,0.384,0.2,0.434,0.616,0.616
236,,0.85,0.616,0.484,0.334,0.15,0.384,0.566,0.566
237,,0.8,0.566,0.434,0.284,0.1,0.334,0.516,0.516
238,,0.75,0.516,0.384,0.234,0.05,0.284,0.466,0.466
239,,0.7,0.466,0.334,0.184,0.0,0.234,0.416,0.416
240,,0.65,0.416,0.284,0.134,-0.05,0.184,0.366,0.366
241,5,0.3,0.183,0.334,0.467,0.95,0.517,0.416,0.133
242,5,-0.05,-0.05,0.384,0.8,1.0,0.85,0.466,-0.1
243,8,0.283,0.0,0.151,0.45,0.767,0.9,0.799,0.9
244,8,0.616,0.05,-0.082,0.1,0.534,0.95,1.0,1.0
245,3,0.666,0.383,0.918,0.433,0.584,0.717,0.65,0.767
246,3,0.716,0.716,1.0,0.766,0.634,0.484,0.3,0.534
247,,0.666,0.666,0.95,0.716,0.584,0.434,0.25,0.484
248,,0.616,0.616,0.9,0.666,0.534,0.384,0.2,0.434
249,,0.566,0.566,0.85,0.616,0.484,0.334,0.15,0.384
250,,0.516,0.516,0.8,0.566,0.434,0.284,0.1,0.334
251,,0.466,0.466,0.75,0.516,0.384,0.234,0.05,0.284
252,,0.416,0.416,0.7,0.466,0.334,0.184,0.0,0.234
253,,0.366,0.366,0.65,0.416,0.284,0.134,-0.05,0.184
254,7,0.416,0.133,0.3,0.183,0.334,0.467,0.95,0.517
255,7,0.466,-0.1,-0.05,-0.05,0.384,0.8,1.0,0.85
256,2,0.799,0.9,0.283,0.0,0.151,0.45,0.767,0.9
257,2,1.0,1.0,0.616,0.05,-0.082,0.1,0.534,0.95
258,5,0.65,0.767,0.666,0.383,0.918,0.433,0.584,0.717
259,5,0.3,0.534,0.716,0.716,1.0,0.766,0.634,0.484
260,,0.25,0.484,0.666,0.666,0.95,0.716,0.584,0.434
261,,0.2,0.434,0.616,0.616,0.9,0.666,0.534,0.384
262,,0.15,0.384,0.566,0.566,0.85,0.616,0.484,0.334
263,,0.1,0.334,0.516,0.516,0.8,0.566,0.434,0.284
264,,0.05,0.284,0.466,0.466,0.75,0.516,0.384,0.234
265,,0.0,0.234,0.416,0.416,0.7,0.466,0.334,0.184
266,,-0.05,0.184,0.366,0.366,0.65,0.416,0.284,0.134
267,1,0.95,0.517,0.416,0.133,0.3,0.183,0.334,0.467
268,1,1.0,0.85,0.466,-0.1,-0.05,-0.05,0.384,0.8
269,4,0.767,0.9,0.799,0.9,0.283,0.0,0.151,0.45
270,4,0.534,0.95,1.0,1.0,0.616,0.05,-0.082,0.1
271,7,0.584,0.717,0.65,0.767,0.666,0.383,0.918,0.433
272,7,0.634,0.484,0.3,0.534,0.716,0.716,1.0,0.766
273,,0.584,0.434,0.25,0.484,0.666,0.666,0.95,0.716
274,,0.534,0.384,0.2,0.434,0.616,0.616,0.9,0.666
275,,0.484,0.334,0.15,0.384,0.566,0.566,0.85,0.616
276,,0.434,0.284,0.1,0.334,0.516,0.516,0.8,0.566
277,,0.384,0.234,0.05,0.284,0.466,0.466,0.75,0.516
278,,0.334,0.184,0.0,0.234,0.416,0.416,0.7,0.466
279,,0.284,0.134,-0.05,0.184,0.366,0.366,0.65,0.416
280,3,0.334,0.467,0.95,0.517,0.416,0.133,0.3,0.183
281,3,0.384,0.8,1.0,0.85,0.466,-0.1,-0.05,-0.05
282,6,0.151,0.45,0.767,0.9,0.799,0.9,0.283,0.0
283,6,-0.082,0.1,0.534,0.95,1.0,1.0,0.616,0.05
284,1,0.918,0.433,0.584,0.717,0.65,0.767,0.666,0.383
285,1,1.0,0.766,0.634,0.484,0.3,0.534,0.716,0.716
286,,0.95,0.716,0.584,0.434,0.25,0.484,0.666,0.666
287,,0.9,0.666,0.534,0.384,0.2,0.434,0.616,0.616
288,,0.85,0.616,0.484,0.334,0.15,0.384,0.566,0.566
289,,0.8,0.566,0.434,0.284,0.1,0.334,0.516,0.516
290,,0.75,0.516,0.384,0.234,0.05,0.284,0.466,0.466
291,,0.7,0.466,0.334,0.184,0.0,0.234,0.416,0.416
292,,0.65,0.416,0.284,0.134,-0.05,0.184,0.366,0.366
293,5,0.3,0.183,0.334,0.467,0.95,0.517,0.416,0.133
294,5,-0.05,-0.05,0.384,0.8,1.0,0.85,0.466,-0.1
295,8,0.283,0.0,0.151,0.45,0.767,0.9,0.799,0.9
296,8,0.616,0.05,-0.082,0.1,0.534,0.95,1.0,1.0
297,3,0.666,0.383,0.918,0.433,0.584,0.717,0.65,0.767
298,3,0.716,0.716,1.0,0.766,0.634,0.484,0.3,0.534
299,,0.666,0.666,0.95,0.716,0.584,0.434,0.25,0.484
300,,0.616,0.616,0.9,0.666,0.534,0.384,0.2,0.434
301,,0.566,0.566,0.85,0.616,0.484,0.334,0.15,0.384
302,,0.516,0.516,0.8,0.566,0.434,0.284,0.1,0.334
303,,0.466,0.466,0.75,0.516,0.384,0.234,0.05,0.284
304,,0.416,0.416,0.7,0.466,0.334,0.184,0.0,0.234
305,,0.366,0.366,0.65,0.416,0.284,0.134,-0.05,0.184
306,7,0.416,0.133,0.3,0.183,0.334,0.467,0.95,0.517
307,7,0.466,-0.1,-0.05,-0.05,0.384,0.8,1.0,0.85
308,2,0.799,0.9,0.283,0.0,0.151,0.45,0.767,0.9
309,2,1.0,1.0,0.616,0.05,-0.082,0.1,0.534,0.95
310,5,0.65,0.767,0.666,0.383,0.918,0.433,0.584,0.717
311,5,0.3,0.534,0.716,0.716,1.0,0.766,0.634,0.484
312,,0.25,0.484,0.666,0.666,0.95,0.716,0.584,0.434
313,,0.2,0.434,0.616,0.616,0.9,0.666,0.534,0.384
314,,0.15,0.384,0.566,0.566,0.85,0.616,0.484,0.334
315,,0.1,0.334,0.516,0.516,0.8,0.566,0.434,0.284
316,,0.05,0.284,0.466,0.466,0.75,0.516,0.384,0.234
317,,0.0,0.234,0.416,0.416,0.7,0.466,0.334,0.184
318,,-0.05,0.184,0.366,0.366,0.65,0.416,0.284,0.134
319,1,0.95,0.517,0.416,0.133,0.3,0.183,0.334,0.467
320,1,1.0,0.85,0.466,-0.1,-0.05,-0.05,0.384,0.8
321,4,0.767,0.9,0.799,0.9,0.283,0.0,0.151,0.45
322,4,0.534,0.95,1.0,1.0,0.616,0.05,-0.082,0.1
323,7,0.584,0.717,0.65,0.767,0.666,0.383,0.918,0.433
324,7,0.634,0.484,0.3,0.534,0.716,0.716,1.0,0.766
325,,0.584,0.434,0.25,0.484,0.666,0.666,0.95,0.716
326,,0.534,0.384,0.2,0.434,0.616,0.616,0.9,0.666
327,,0.484,0.334,0.15,0.384,0.566,0.566,0.85,0.616
328,,0.434,0.284,0.1,0.334,0.516,0.516,0.8,0.566
329,,0.384,0.234,0.05,0.284,0.466,0.466,0.75,0.516
330,,0.334,0.184,0.0,0.234,0.416,0.416,0.7,0.466
331,,0.284,0.134,-0.05,0.184,0.366,0.366,0.65,0.416
332,3,0.334,0.467,0.95,0.517,0.416,0.133,0.3,0.183
333,3,0.384,0.8,1.0,0.85,0.466,-0.1,-0.05,-0.05
334,6,0.151,0.45,0.767,0.9,0.799,0.9,0.283,0.0
335,6,-0.082,0.1,0.534,0.95,1.0,1.0,0.616,0.05
336,1,0.918,0.433,0.584,0.717,0.65,0.767,0.666,0.383
337,1,1.0,0.766,0.634,0.484,0.3,0.534,0.716,0.716
338,,0.95,0.716,0.584,0.434,0.25,0.484,0.666,0.666
339,,0.9,0.666,0.534,0.384,0.2,0.434,0.616,0.616
340,,0.85,0.616,0.484,0.334,0.15,0.384,0.566,0.566
341,,0.8,0.566,0.434,0.284,0.1,0.334,0.516,0.516
342,,0.75,0.516,0.384,0.234,0.05,0.284,0.466,0.466
343,,0.7,0.466,0.334,0.184,0.0,0.234,0.416,0.416
344,,0.65,0.416,0.284,0.134,-0.05,0.184,0.366,0.366
345,5,0.3,0.183,0.334,0.467,0.95,0.517,0.416,0.133
346,5,-0.05,-0.05,0.384,0.8,1.0,0.85,0.466,-0.1
347,8,0.283,0.0,0.151,0.45,0.767,0.9,0.799,0.9
348,8,0.616,0.05,-0.082,0.1,0.534,0.95,1.0,1.0
349,3,0.666,0.383,0.918,0.433,0.584,0.717,0.65,0.767
350,3,0.716,0.716,1.0,0.766,0.634,0.484,0.3,0.534
351,,0.666,0.666,0.95,0.716,0.584,0.434,0.25,0.484
352,,0.616,0.616,0.9,0.666,0.534,0.384,0.2,0.434
353,,0.566,0.566,0.85,0.616,0.484,0.334,0.15,0.384
354,,0.516,0.516,0.8,0.566,0.434,0.284,0.1,0.334
355,,0.466,0.466,0.75,0.516,0.384,0.234,0.05,0.284
356,,0.416,0.416,0.7,0.466,0.334,0.184,0.0,0.234
357,,0.366,0.366,0.65,0.416,0.284,0.134,-0.05,0.184
358,7,0.416,0.133,0.3,0.183,0.334,0.467,0.95,0.517
359,7,0.466,-0.1,-0.05,-0.05,0.384,0.8,1.0,0.85
360,2,0.799,0.9,0.283,0.0,0.151,0.45,0.767,0.9
361,2,1.0,1.0,0.616,0.05,-0.082,0.1,0.534,0.95
362,5,0.65,0.767,0.666,0.383,0.918,0.433,0.584,0.717
363,5,0.3,0.534,0.716,0.716,1.0,0.766,0.634,0.484
364,,0.25,0.484,0.666,0.666,0.95,0.716,0.584,0.434
365,,0.2,0.434,0.616,0.616,0.9,0.666,0.534,0.384
366,,0.15,0.384,0.566,0.566,0.85,0.616,0.484,0.334
367,,0.1,0.334,0.516,0.516,0.8,0.566,0.434,0.284
368,,0.05,0.284,0.466,0.466,0.75,0.516,0.384,0.234
369,,0.0,0.234,0.416,0.416,0.7,0.466,0.334,0.184
370,,-0.05,0.184,0.366,0.366,0.65,0.416,0.284,0.134
371,1,0.95,0.517,0.416,0.133,0.3,0.183,0.334,0.467
372,1,1.0,0.85,0.466,-0.1,-0.05,-0.05,0.384,0.8
373,4,0.767,0.9,0.799,0.9,0.283,0.0,0.151,0.45
374,4,0.534,0.95,1.0,1.0,0.616,0.05,-0.082,0.1
375,7,0.584,0.717,0.65,0.767,0.666,0.383,0.918,0.433
376,7,0.634,0.484,0.3,0.534,0.716,0.716,1.0,0.766
377,,0.584,0.434,0.25,0.484,0.666,0.666,0.95,0.716
378,,0.534,0.384,0.2,0.434,0.616,0.616,0.9,0.666
379,,0.484,0.334,0.15,0.384,0.566,0.566,0.85,0.616
380,,0.434,0.284,0.1,0.334,0.516,0.516,0.8,0.566
381,,0.384,0.234,0.05,0.284,0.466,0.466,0.75,0.516
382,,0.334,0.184,0.0,0.234,0.416,0.416,0.7,0.466
383,,0.284,0.134,-0.05,0.184,0.366,0.366,0.65,0.416
384,3,0.334,0.467,0.95,0.517,0.416,0.133,0.3,0.183
385,3,0.384,0.8,1.0,0.85,0.466,-0.1,-0.05,-0.05
386,6,0.151,0.45,0.767,0.9,0.799,0.9,0.283,0.0
387,6,-0.082,0.1,0.534,0.95,1.0,1.0,0.616,0.05
388,1,0.918,0.433,0.584,0.717,0.65,0.767,0.666,0.383
389,1,1.0,0.766,0.634,0.484,0.3,0.534,0.716,0.716
390,,0.95,0.716,0.584,0.434,0.25,0.484,0.666,0.666
391,,0.9,0.666,0.534,0.384,0.2,0.434,0.616,0.616
392,,0.85,0.616,0.484,0.334,0.15,0.384,0.566,0.566
393,,0.8,0.566,0.434,0.284,0.1,0.334,0.516,0.516
394,,0.75,0.516,0.384,0.234,0.05,0.284,0.466,0.466
395,,0.7,0.466,0.334,0.184,0.0,0.234,0.416,0.416
396,,0.65,0.416,0.284,0.134,-0.05,0.184,0.366,0.366
397,5,0.3,0.183,0.334,0.467,0.95,0.517,0.416,0.133
398,5,-0.05,-0.05,0.384,0.8,1.0,0.85,0.466,-0.1
399,8,0.283,0.0,0.151,0.45,0.767,0.9,0.799,0.9
400,8,0.616,0.05,-0.082,0.1,0.534,0.95,1.0,1.0
401,3,0.666,0.383,0.918,0.433,0.584,0.717,0.65,0.767
402,3,0.716,0.716,1.0,0.766,0.634,0.484,0.3,0.534
403,,0.666,0.666,0.95,0.716,0.584,0.434,0.25,0.484
404,,0.616,0.616,0.9,0.666,0.534,0.384,0.2,0.434
405,,0.566,0.566,0.85,0.616,0.484,0.334,0.15,0.384
406,,0.516,0.516,0.8,0.566,0.434,0.284,0.1,0.334
407,,0.466,0.466,0.75,0.516,0.384,0.234,0.05,0.284
408,,0.416,0.416,0.7,0.466,0.334,0.184,0.0,0.234
409,,0.366,0.366,0.65,0.416,0.284,0.134,-0.05,0.184
410,7,0.416,0.133,0.3,0.183,0.334,0.467,0.95,0.517
411,7,0.466,-0.1,-0.05,-0.05,0.384,0.8,1.0,0.85
412,2,0.799,0.9,0.283,0.0,0.151,0.45,0.767,0.9
413,2,1.0,1.0,0.616,0.05,-0.082,0.1,0.534,0.95
414,5,0.65,0.767,0.666,0.383,0.918,0.433,0.584,0.717
415,5,0.3,0.534,0.716,0.716,1.0,0.766,0.634,0.484
416,,0.25,0.484,0.666,0.666,0.95,0.716,0.584,0.434
417,,0.2,0.434,0.616,0.616,0.9,0.666,0.534,0.384
418,,0.15,0.384,0.566,0.566,0.85,0.616,0.484,0.334
419,,0.1,0.334,0.516,0.516,0.8,0.566,0.434,0.284
420,,0.05,0.284,0.466,0.466,0.75,0.516,0.384,0.234
421,,0.0,0.234,0.416,0.416,0.7,0.466,0.334,0.184
422,,-0.05,0.184,0.366,0.366,0.65,0.416,0.284,0.134
423,1,0.95,0.517,0.416,0.133,0.3,0.183,0.334,0.467
424,1,1.0,0.85,0.466,-0.1,-0.05,-0.05,0.384,0.8
425,4,0.767,0.9,0.799,0.9,0.283,0.0,0.151,0.45
426,4,0.534,0.95,1.0,1.0,0.616,0.05,-0.082,0.1
427,7,0.584,0.717,0.65,0.767,0.666,0.383,0.918,0.433
428,7,0.634,0.484,0.3,0.534,0.716,0.716,1.0,0.766
429,,0.584,0.434,0.25,0.484,0.666,0.666,0.95,0.716
430,,0.534,0.384,0.2,0.434,0.616,0.616,0.9,0.666
431,,0.484,0.334,0.15,0.384,0.566,0.566,0.85,0.616
432,,0.434,0.284,0.1,0.334,0.516,0.516,0.8,0.566
433,,0.384,0.234,0.05,0.284,0.466,0.466,0.75,0.516
434,,0.334,0.184,0.0,0.234,0.416,0.416,0.7,0.466
435,,0.284,0.134,-0.05,0.184,0.366,0.366,0.65,0.416
436,3,0.334,0.467,0.95,0.517,0.416,0.133,0.3,0.183
437,3,0.384,0.8,1.0,0.85,0.466,-0.1,-0.05,-0.05
438,6,0.151,0.45,0.767,0.9,0.799,0.9,0.283,0.0
439,6,-0.082,0.1,0.534,0.95,1.0,1.0,0.616,0.05
440,1,0.918,0.433,0.584,0.717,0.65,0.767,0.666,0.383
441,1,1.0,0.766,0.634,0.484,0.3,0.534,0.716,0.716
442,,0.95,0.716,0.584,0.434,0.25,0.484,0.666,0.666
443,,0.9,0.666,0.534,0.384,0.2,0.434,0.616,0.616
444,,0.85,0.616,0.484,0.334,0.15,0.384,0.566,0.566
445,,0.8,0.566,0.434,0.284,0.1,0.334,0.516,0.516
446,,0.75,0.516,0.384,0.234,0.05,0.284,0.466,0.466
447,,0.7,0.466,0.334,0.184,0.0,0.234,0.416,0.416
448,,0.65,0.416,0.284,0.134,-0.05,0.184,0.366,0.366
449,5,0.3,0.183,0.334,0.467,0.95,0.517,0.416,0.133
450,5,-0.05,-0.05,0.384,0.8,1.0,0.85,0.466,-0.1
451,8,0.283,0.0,0.151,0.45,0.767,0.9,0.799,0.9
452,8,0.616,0.05,-0.082,0.1,0.534,0.95,1.0,1.0
453,3,0.666,0.383,0.918,0.433,0.584,0.717,0.65,0.767
454,3,0.716,0.716,1.0,0.766,0.634,0.484,0.3,0.534
455,,0.666,0.666,0.95,0.716,0.584,0.434,0.25,0.484
456,,0.616,0.616,0.9,0.666,0.534,0.384,0.2,0.434
457,,0.566,0.566,0.85,0.616,0.484,0.334,0.15,0.384
458,,0.516,0.516,0.8,0.566,0.434,0.284,0.1,0.334
459,,0.466,0.466,0.75,0.516,0.384,0.234,0.05,0.284
460,,0.416,0.416,0.7,0.466,0.334,0.184,0.0,0.234
461,,0.366,0.366,0.65,0.416,0.284,0.134,-0.05,0.184
462,7,0.416,0.133,0.3,0.183,0.334,0.467,0.95,0.517
463,7,0.466,-0.1,-0.05,-0.05,0.384,0.8,1.0,0.85
464,2,0.799,0.9,0.283,0.0,0.151,0.45,0.767,0.9
465,2,1.0,1.0,0.616,0.05,-0.082,0.1,0.534,0.95
466,5,0.65,0.767,0.666,0.383,0.918,0.433,0.584,0.717
467,5,0.3,0.534,0.716,0.716,1.0,0.766,0.634,0.484
468,,0.25,0.484,0.666,0.666,0.95,0.716,0.584,0.434
469,,0.2,0.434,0.616,0.616,0.9,0.666,0.534,0.384
470,,0.15,0.384,0.566,0.566,0.85,0.616,0.484,0.334
471,,0.1,0.334,0.516,0.516,0.8,0.566,0.434,0.284
472,,0.05,0.284,0.466,0.466,0.75,0.516,0.384,0.234
473,,0.0,0.234,0.416,0.416,0.7,0.466,0.334,0.184
474,,-0.05,0.184,0.366,0.366,0.65,0.416,0.284,0.134
475,1,0.95,0.517,0.416,0.133,0.3,0.183,0.334,0.467
476,1,1.0,0.85,0.466,-0.1,-0.05,-0.05,0.384,0.8
477,4,0.767,0.9,0.799,0.9,0.283,0.0,0.151,0.45
478,4,0.534,0.95,1.0,1.0,0.616,0.05,-0.082,0.1
479,7,0.584,0.717,0.65,0.767,0.666,0.383,0.918,0.433
480,7,0.634,0.484,0.3,0.534,0.716,0.716,1.0,0.766
481,,0.584,0.434,0.25,0.484,0.666,0.666,0.95,0.716
482,,0.534,0.384,0.2,0.434,0.616,0.616,0.9,0.666
483,,0.484,0.334,0.15,0.384,0.566,0.566,0.85,0.616
484,,0.434,0.284,0.1,0.334,0.516,0.516,0.8,0.566
485,,0.384,0.234,0.05,0.284,0.466,0.466,0.75,0.516
486,,0.334,0.184,0.0,0.234,0.416,0.416,0.7,0.466
487,,0.284,0.134,-0.05,0.184,0.366,0.366,0.65,0.416
488,3,0.334,0.467,0.95,0.517,0.416,0.133,0.3,0.183
489,3,0.384,0.8,1.0,0.85,0.466,-0.1,-0.05,-0.05
490,6,0.151,0.45,0.767,0.9,0.799,0.9,0.283,0.0
491,6,-0.082,0.1,0.534,0.95,1.0,1.0,0.616,0.05
492,1,0.918,0.433,0.584,0.717,0.65,0.767,0.666,0.383
493,1,1.0,0.766,0.634,0.484,0.3,0.534,0.716,0.716
494,,0.95,0.716,0.584,0.434,0.25,0.484,0.666,0.666
495,,0.9,0.666,0.534,0.384,0.2,0.434,0.616,0.616
496,,0.85,0.616,0.484,0.334,0.15,0.384,0.566,0.566
497,,0.8,0.566,0.434,0.284,0.1,0.334,0.516,0.516
498,,0.75,0.516,0.384,0.234,0.05,0.284,0.466,0.466
499,,0.7,0.466,0.334,0.184,0.0,0.234,0.416,0.416
500,,0.65,0.416,0.284,0.134,-0.05,0.184,0.366,0.366
501,5,0.3,0.183,0.334,0.467,0.95,0.517,0.416,0.133
502,5,-0.05,-0.05,0.384,0.8,1.0,0.85,0.466,-0.1
503,8,0.283,0.0,0.151,0.45,0.767,0.9,0.799,0.9
504,8,0.616,0.05,-0.082,0.1,0.534,0.95,1.0,1.0
505,3,0.666,0.383,0.918,0.433,0.584,0.717,0.65,0.767
506,3,0.716,0.716,1.0,0.766,0.634,0.484,0.3,0.534
507,,0.666,0.666,0.95,0.716,0.584,0.434,0.25,0.484
508,,0.616,0.616,0.9,0.666,0.534,0.384,0.2,0.434
509,,0.566,0.566,0.85,0.616,0.484,0.334,0.15,0.384
510,,0.516,0.516,0.8,0.566,0.434,0.284,0.1,0.334
511,,0.466,0.466,0.75,0.516,0.384,0.234,0.05,0.284
512,,0.416,0.416,0.7,0.466,0.334,0.184,0.0,0.234
513,,0.366,0.366,0.65,0.416,0.284,0.134,-0.05,0.184
514,7,0.416,0.133,0.3,0.183,0.334,0.467,0.95,0.517
515,7,0.466,-0.1,-0.05,-0.05,0.384,0.8,1.0,0.85
516,2,0.799,0.9,0.283,0.0,0.151,0.45,0.767,0.9
517,2,1.0,1.0,0.616,0.05,-0.082,0.1,0.534,0.95
518,5,0.65,0.767,0.666,0.383,0.918,0.433,0.584,0.717
519,5,0.3,0.534,0.716,0.716,1.0,0.766,0.634,0.484
520,,0.25,0.484,0.666,0.666,0.95,0.716,0.584,0.434
521,,0.2,0.434,0.616,0.616,0.9,0.666,0.534,0.384
522,,0.15,0.384,0.566,0.566,0.85,0.616,0.484,0.334
523,,0.1,0.334,0.516,0.516,0.8,0.566,0.434,0.284
524,,0.05,0.284,0.466,0.466,0.75,0.516,0.384,0.234
525,,0.0,0.234,0.416,0.416,0.7,0.466,0.334,0.184
526,,-0.05,0.184,0.366,0.366,0.65,0.416,0.284,0.134
527,1,0.95,0.517,0.416,0.133,0.3,0.183,0.334,0.467
528,1,1.0,0.85,0.466,-0.1,-0.05,-0.05,0.384,0.8
529,4,0.767,0.9,0.799,0.9,0.283,0.0,0.151,0.45
530,4,0.534,0.95,1.0,1.0,0.616,0.05,-0.082,0.1
531,7,0.584,0.717,0.65,0.767,0.666,0.383,0.918,0.433
532,7,0.634,0.484,0.3,0.534,0.716,0.716,1.0,0.766
533,,0.584,0.434,0.25,0.484,0.666,0.666,0.95,0.716
534,,0.534,0.384,0.2,0.434,0.616,0.616,0.9,0.666
535,,0.484,0.334,0.15,0.384,0.566,0.566,0.85,0.616
536,,0.434,0.284,0.1,0.334,0.516,0.516,0.8,0.566
537,,0.384,0.234,0.05,0.284,0.466,0.466,0.75,0.516
538,,0.334,0.184,0.0,0.234,0.416,0.416,0.7,0.466
539,,0.284,0.134,-0.05,0.184,0.366,0.366,0.65,0.416
540,3,0.334,0.467,0.95,0.517,0.416,0.133,0.3,0.183
541,3,0.384,0.8,1.0,0.85,0.466,-0.1,-0.05,-0.05
542,6,0.151,0.45,0.767,0.9,0.799,0.9,0.283,0.0
543,6,-0.082,0.1,0.534,0.95,1.0,1.0,0.616,0.05
544,1,0.918,0.433,0.584,0.717,0.65,0.767,0.666,0.383
545,1,1.0,0.766,0.634,0.484,0.3,0.534,0.716,0.716
546,,0.95,0.716,0.584,0.434,0.25,0.484,0.666,0.666
547,,0.9,0.666,0.534,0.384,0.2,0.434,0.616,0.616
548,,0.85,0.616,0.484,0.334,0.15,0.384,0.566,0.566
549,,0.8,0.566,0.434,0.284,0.1,0.334,0.516,0.516
550,,0.75,0.516,0.384,0.234,0.05,0.284,0.466,0.466
551,,0.7,0.466,0.334,0.184,0.0,0.234,0.416,0.416
552,,0.65,0.416,0.284,0.134,-0.05,0.184,0.366,0.366
553,5,0.3,0.183,0.334,0.467,0.95,0.517,0.416,0.133
554,5,-0.05,-0.05,0.384,0.8,1.0,0.85,0.466,-0.1
555,8,0.283,0.0,0.151,0.45,0.767,0.9,0.799,0.9
556,8,0.616,0.05,-0.082,0.1,0.534,0.95,1.0,1.0
557,3,0.666,0.383,0.918,0.433,0.584,0.717,0.65,0.767
558,3,0.716,0.716,1.0,0.766,0.634,0.484,0.3,0.534
559,,0.666,0.666,0.95,0.716,0.584,0.434,0.25,0.484
560,,0.616,0.616,0.9,0.666,0.534,0.384,0.2,0.434
561,,0.566,0.566,0.85,0.616,0.484,0.334,0.15,0.384
562,,0.516,0.516,0.8,0.566,0.434,0.284,0.1,0.334
563,,0.466,0.466,0.75,0.516,0.384,0.234,0.05,0.284
564,,0.416,0.416,0.7,0.466,0.334,0.184,0.0,0.234
565,,0.366,0.366,0.65,0.416,0.284,0.134,-0.05,0.184
566,7,0.416,0.133,0.3,0.183,0.334,0.467,0.95,0.517
567,7,0.466,-0.1,-0.05,-0.05,0.384,0.8,1.0,0.85
568,2,0.799,0.9,0.283,0.0,0.151,0.45,0.767,0.9
569,2,1.0,1.0,0.616,0.05,-0.082,0.1,0.534,0.95
570,5,0.65,0.767,0.666,0.383,0.918,0.433,0.584,0.717
571,5,0.3,0.534,0.716,0.716,1.0,0.766,0.634,0.484
572,,0.25,0.484,0.666,0.666,0.95,0.716,0.584,0.434
573,,0.2,0.434,0.616,0.616,0.9,0.666,0.534,0.384
574,,0.15,0.384,0.566,0.566,0.85,0.616,0.484,0.334
575,,0.1,0.334,0.516,0.516,0.8,0.566,0.434,0.284
576,,0.05,0.284,0.466,0.466,0.75,0.516,0.384,0.234
577,,0.0,0.234,0.416,0.416,0.7,0.466,0.334,0.184
578,,-0.05,0.184,0.366,0.366,0.65,0.416,0.284,0.134
579,1,0.95,0.517,0.416,0.133,0.3,0.183,0.334,0.467
580,1,1.0,0.85,0.466,-0.1,-0.05,-0.05,0.384,0.8
581,4,0.767,0.9,0.799,0.9,0.283,0.0,0.151,0.45
582,4,0.534,0.95,1.0,1.0,0.616,0.05,-0.082,0.1
583,7,0.584,0.717,0.65,0.767,0.666,0.383,0.918,0.433
584,7,0.634,0.484,0.3,0.534,0.716,0.716,1.0,0.766
585,,0.584,0.434,0.25,0.484,0.666,0.666,0.95,0.716
586,,0.534,0.384,0.2,0.434,0.616,0.616,0.9,0.666
587,,0.484,0.334,0.15,0.384,0.566,0.566,0.85,0.616
588,,0.434,0.284,0.1,0.334,0.516,0.516,0.8,0.566
589,,0.384,0.234,0.05,0.284,0.466,0.466,0.75,0.516
590,,0.334,0.184,0.0,0.234,0.416,0.416,0.7,0.466
591,,0.284,0.134,-0.05,0.184,0.366,0.366,0.65,0.416
592,3,0.334,0.467,0.95,0.517,0.416,0.133,0.3,0.183
593,3,0.384,0.8,1.0,0.85,0.466,-0.1,-0.05,-0.05
594,6,0.151,0.45,0.767,0.9,0.799,0.9,0.283,0.0
595,6,-0.082,0.1,0.534,0.95,1.0,1.0,0.616,0.05
596,1,0.918,0.433,0.584,0.717,0.65,0.767,0.666,0.383
597,1,1.0,0.766,0.634,0.484,0.3,0.534,0.716,0.716
598,,0.95,0.716,0.584,0.434,0.25,0.484,0.666,0.666
599,,0.9,0.666,0.534,0.384,0.2,0.434,0.616,0.616
600,,0.85,0.616,0.484,0.334,0.15,0.384,0.566,0.566
601,,0.8,0.566,0.434,0.284,0.1,0.334,0.516,0.516
602,,0.75,0.516,0.384,0.234,0.05,0.284,0.466,0.466
603,,0.7,0.466,0.334,0.184,0.0,0.234,0.416,0.416
604,,0.65,0.416,0.284,0.134,-0.05,0.184,0.366,0.366
605,5,0.3,0.183,0.334,0.467,0.95,0.517,0.416,0.133
606,5,-0.05,-0.05,0.384,0.8,1.0,0.85,0.466,-0.1
607,8,0.283,0.0,0.151,0.45,0.767,0.9,0.799,0.9
608,8,0.616,0.05,-0.082,0.1,0.534,0.95,1.0,1.0
609,3,0.666,0.383,0.918,0.433,0.584,0.717,0.65,0.767
610,3,0.716,0.716,1.0,0.766,0.634,0.484,0.3,0.534
611,,0.666,0.666,0.95,0.716,0.584,0.434,0.25,0.484
612,,0.616,0.616,0.9,0.666,0.534,0.384,0.2,0.434
613,,0.566,0.566,0.85,0.616,0.484,0.334,0.15,0.384
614,,0.516,0.516,0.8,0.566,0.434,0.284,0.1,0.334
615,,0.466,0.466,0.75,0.516,0.384,0.234,0.05,0.284
616,,0.416,0.416,0.7,0.466,0.334,0.184,0.0,0.234
617,,0.366,0.366,0.65,0.416,0.284,0.134,-0.05,0.184
618,7,0.416,0.133,0.3,0.183,0.334,0.467,0.95,0.517
619,7,0.466,-0.1,-0.05,-0.05,0.384,0.8,1.0,0.85
620,2,0.799,0.9,0.283,0.0,0.151,0.45,0.767,0.9
621,2,1.0,1.0,0.616,0.05,-0.082,0.1,0.534,0.95
622,5,0.65,0.767,0.666,0.383,0.918,0.433,0.584,0.717
623,5,0.3,0.534,0.716,0.716,1.0,0.766,0.634,0.484
624,,0.25,0.484,0.666,0.666,0.95,0.716,0.584,0.434
625,,0.2,0.434,0.616,0.616,0.9,0.666,0.534,0.384
626,,0.15,0.384,0.566,0.566,0.85,0.616,0.484,0.334
627,,0.1,0.334,0.516,0.516,0.8,0.566,0.434,0.284
628,,0.05,0.284,0.466,0.466,0.75,0.516,0.384,0.234
629,,0.0,0.234,0.416,0.416,0.7,0.466,0.334,0.184
630,,-0.05,0.184,0.366,0.366,0.65,0.416,0.284,0.134
631,1,0.95,0.517,0.416,0.133,0.3,0.183,0.334,0.467
632,1,1.0,0.85,0.466,-0.1,-0.05,-0.05,0.384,0.8
633,4,0.767,0.9,0.799,0.9,0.283,0.0,0.151,0.45
634,4,0.534,0.95,1.0,1.0,0.616,0.05,-0.082,0.1
635,7,0.584,0.717,0.65,0.767,0.666,0.383,0.918,0.433
636,7,0.634,0.484,0.3,0.534,0.716,0.716,1.0,0.766
637,,0.584,0.434,0.25,0.484,0.666,0.666,0.95,0.716
638,,0.534,0.384,0.2,0.434,0.616,0.616,0.9,0.666
639,,0.484,0.334,0.15,0.384,0.566,0.566,0.85,0.616
640,,0.434,0.284,0.1,0.334,0.516,0.516,0.8,0.566
641,,0.384,0.234,0.05,0.284,0.466,0.466,0.75,0.516
642,,0.334,0.184,0.0,0.234,0.416,0.416,0.7,0.466
643,,0.284,0.134,-0.05,0.184,0.366,0.366,0.65,0.416
644,3,0.334,0.467,0.95,0.517,0.416,0.133,0.3,0.183
645,3,0.384,0.8,1.0,0.85,0.466,-0.1,-0.05,-0.05
646,6,0.151,0.45,0.767,0.9,0.799,0.9,0.283,0.0
647,6,-0.082,0.1,0.534,0.95,1.0,1.0,0.616,0.05
648,1,0.918,0.433,0.584,0.717,0.65,0.767,0.666,0.383
649,1,1.0,0.766,0.634,0.484,0.3,0.534,0.716,0.716
650,,0.95,0.716,0.584,0.434,0.25,0.484,0.666,0.666
651,,0.9,0.666,0.534,0.384,0.2,0.434,0.616,0.616
652,,0.85,0.616,0.484,0.334,0.15,0.384,0.566,0.566
653,,0.8,0.566,0.434,0.284,0.1,0.334,0.516,0.516
654,,0.75,0.516,0.384,0.234,0.05,0.284,0.466,0.466
655,,0.7,0.466,0.334,0.184,0.0,0.234,0.416,0.416
656,,0.65,0.416,0.284,0.134,-0.05,0.184,0.366,0.366
657,5,0.3,0.183,0.334,0.467,0.95,0.517,0.416,0.133
658,5,-0.05,-0.05,0.384,0.8,1.0,0.85,0.466,-0.1
659,8,0.283,0.0,0.151,0.45,0.767,0.9,0.799,0.9
660,8,0.616,0.05,-0.082,0.1,0.534,0.95,1.0,1.0
661,3,0.666,0.383,0.918,0.433,0.584,0.717,0.65,0.767
662,3,0.716,0.716,1.0,0.766,0.634,0.484,0.3,0.534
663,,0.666,0.666,0.95,0.716,0.584,0.434,0.25,0.484
664,,0.616,0.616,0.9,0.666,0.534,0.384,0.2,0.434
665,,0.566,0.566,0.85,0.616,0.484,0.334,0.15,0.384
666,,0.516,0.516,0.8,0.566,0.434,0.284,0.1,0.334
667,,0.466,0.466,0.75,0.516,0.384,0.234,0.05,0.284
668,,0.416,0.416,0.7,0.466,0.334,0.184,0.0,0.234
669,,0.366,0.366,0.65,0.416,0.284,0.134,-0.05,0.184
670,7,0.416,0.133,0.3,0.183,0.334,0.467,0.95,0.517
671,7,0.466,-0.1,-0.05,-0.05,0.384,0.8,1.0,0.85
672,2,0.799,0.9,0.283,0.0,0.151,0.45,0.767,0.9
673,2,1.0,1.0,0.616,0.05,-0.082,0.1,0.534,0.95
674,5,0.65,0.767,0.666,0.383,0.918,0.433,0.584,0.717
675,5,0.3,0.534,0.716,0.716,1.0,0.766,0.634,0.484
676,,0.25,0.484,0.666,0.666,0.95,0.716,0.584,0.434
677,,0.2,0.434,0.616,0.616,0.9,0.666,0.534,0.384
678,,0.15,0.384,0.566,0.566,0.85,0.616,0.484,0.334
679,,0.1,0.334,0.516,0.516,0.8,0.566,0.434,0.284
680,,0.05,0.284,0.466,0.466,0.75,0.516,0.384,0.234
681,,0.0,0.234,0.416,0.416,0.7,0.466,0.334,0.184
682,,-0.05,0.184,0.366,0.366,0.65,0.416,0.284,0.134
683,1,0.95,0.517,0.416,0.133,0.3,0.183,0.334,0.467
684,1,1.0,0.85,0.466,-0.1,-0.05,-0.05,0.384,0.8
685,4,0.767,0.9,0.799,0.9,0.283,0.0,0.151,0.45
686,4,0.534,0.95,1.0,1.0,0.616,0.05,-0.082,0.1
687,7,0.584,0.717,0.65,0.767,0.666,0.383,0.918,0.433
688,7,0.634,0.484,0.3,0.534,0.716,0.716,1.0,0.766
689,,0.584,0.434,0.25,0.484,0.666,0.666,0.95,0.716
690,,0.534,0.384,0.2,0.434,0.616,0.616,0.9,0.666
691,,0.484,0.334,0.15,0.384,0.566,0.566,0.85,0.616
692,,0.434,0.284,0.1,0.334,0.516,0.516,0.8,0.566
693,,0.384,0.234,0.05,0.284,0.466,0.466,0.75,0.516
694,,0.334,0.184,0.0,0.234,0.416,0.416,0.7,0.466
695,,0.284,0.134,-0.05,0.184,0.366,0.366,0.65,0.416
696,3,0.334,0.467,0.95,0.517,0.416,0.133,0.3,0.183
697,3,0.384,0.8,1.0,0.85,0.466,-0.1,-0.05,-0.05
698,6,0.151,0.45,0.767,0.9,0.799,0.9,0.283,0.0
699,6,-0.082,0.1,0.534,0.95,1.0,1.0,0.616,0.05
700,1,0.918,0.433,0.584,0.717,0.65,0.767,0.666,0.383
701,1,1.0,0.766,0.634,0.484,0.3,0.534,0.716,0.716
702,,0.95,0.716,0.584,0.434,0.25,0.484,0.666,0.666
703,,0.9,0.666,0.534,0.384,0.2,0.434,0.616,0.616
704,,0.85,0.616,0.484,0.334,0.15,0.384,0.566,0.566
705,,0.8,0.566,0.434,0.284,0.1,0.334,0.516,0.516
706,,0.75,0.516,0.384,0.234,0.05,0.284,0.466,0.466
707,,0.7,0.466,0.334,0.184,0.0,0.234,0.416,0.416
708,,0.65,0.416,0.284,0.134,-0.05,0.184,0.366,0.366
709,5,0.3,0.183,0.334,0.467,0.95,0.517,0.416,0.133
710,5,-0.05,-0.05,0.384,0.8,1.0,0.85,0.466,-0.1
711,8,0.283,0.0,0.151,0.45,0.767,0.9,0.799,0.9
712,8,0.616,0.05,-0.082,0.1,0.534,0.95,1.0,1.0
713,3,0.666,0.383,0.918,0.433,0.584,0.717,0.65,0.767
714,3,0.716,0.716,1.0,0.766,0.634,0.484,0.3,0.534
715,,0.666,0.666,0.95,0.716,0.584,0.434,0.25,0.484
716,,0.616,0.616,0.9,0.666,0.534,0.384,0.2,0.434
717,,0.566,0.566,0.85,0.616,0.484,0.334,0.15,0.384
718,,0.516,0.516,0.8,0.566,0.434,0.284,0.1,0.334
719,,0.466,0.466,0.75,0.516,0.384,0.234,0.05,0.284
720,,0.416,0.416,0.7,0.466,0.334,0.184,0.0,0.234
721,,0.366,0.366,0.65,0.416,0.284,0.134,-0.05,0.184
722,7,0.416,0.133,0.3,0.183,0.334,0.467,0.95,0.517
723,7,0.466,-0.1,-0.05,-0.05,0.384,0.8,1.0,0.85
724,2,0.799,0.9,0.283,0.0,0.151,0.45,0.767,0.9
725,2,1.0,1.0,0.616,0.05,-0.082,0.1,0.534,0.95
726,5,0.65,0.767,0.666,0.383,0.918,0.433,0.584,0.717
727,5,0.3,0.534,0.716,0.716,1.0,0.766,0.634,0.484
728,,0.25,0.484,0.666,0.666,0.95,0.716,0.584,0.434
729,,0.2,0.434,0.616,0.616,0.9,0.666,0.534,0.384
730,,0.15,0.384,0.566,0.566,0.85,0.616,0.484,0.334
731,,0.1,0.334,0.516,0.516,0.8,0.566,0.434,0.284
732,,0.05,0.284,0.466,0.466,0.75,0.516,0.384,0.234
733,,0.0,0.234,0.416,0.416,0.7,0.466,0.334,0.184
734,,-0.05,0.184,0.366,0.366,0.65,0.416,0.284,0.134
735,1,0.95,0.517,0.416,0.133,0.3,0.183,0.334,0.467
736,1,1.0,0.85,0.466,-0.1,-0.05,-0.05,0.384,0.8
737,4,0.767,0.9,0.799,0.9,0.283,0.0,0.151,0.45
738,4,0.534,0.95,1.0,1.0,0.616,0.05,-0.082,0.1
739,7,0.584,0.717,0.65,0.767,0.666,0.383,0.918,0.433
740,7,0.634,0.484,0.3,0.534,0.716,0.716,1.0,0.766
741,,0.584,0.434,0.25,0.484,0.666,0.666,0.95,0.716
742,,0.534,0.384,0.2,0.434,0.616,0.616,0.9,0.666
743,,0.484,0.334,0.15,0.384,0.566,0.566,0.85,0.616
744,,0.434,0.284,0.1,0.334,0.516,0.516,0.8,0.566
745,,0.384,0.234,0.05,0.284,0.466,0.466,0.75,0.516
746,,0.334,0.184,0.0,0.234,0.416,0.416,0.7,0.466
747,,0.284,0.134,-0.05,0.184,0.366,0.366,0.65,0.416
748,3,0.334,0.467,0.95,0.517,0.416,0.133,0.3,0.183
749,3,0.384,0.8,1.0,0.85,0.466,-0.1,-0.05,-0.05
750,6,0.151,0.45,0.767,0.9,0.799,0.9,0.283,0.0
751,6,-0.082,0.1,0.534,0.95,1.0,1.0,0.616,0.05
752,1,0.918,0.433,0.584,0.717,0.65,0.767,0.666,0.383
753,1,1.0,0.766,0.634,0.484,0.3,0.534,0.716,0.716
754,,0.95,0.716,0.584,0.434,0.25,0.484,0.666,0.666
755,,0.9,0.666,0.534,0.384,0.2,0.434,0.616,0.616
756,,0.85,0.616,0.484,0.334,0.15,0.384,0.566,0.566
757,,0.8,0.566,0.434,0.284,0.1,0.334,0.516,0.516
758,,0.75,0.516,0.384,0.234,0.05,0.284,0.466,0.466
759,,0.7,0.466,0.334,0.184,0.0,0.234,0.416,0.416
760,,0.65,0.416,0.284,0.134,-0.05,0.184,0.366,0.366
761,5,0.3,0.183,0.334,0.467,0.95,0.517,0.416,0.133
762,5,-0.05,-0.05,0.384,0.8,1.0,0.85,0.466,-0.1
763,8,0.283,0.0,0.151,0.45,0.767,0.9,0.799,0.9
764,8,0.616,0.05,-0.082,0.1,0.534,0.95,1.0,1.0
765,3,0.666,0.383,0.918,0.433,0.584,0.717,0.65,0.767
766,3,0.716,0.716,1.0,0.766,0.634,0.484,0.3,0.534
767,,0.666,0.666,0.95,0.716,0.584,0.434,0.25,0.484
768,,0.616,0.616,0.9,0.666,0.534,0.384,0.2,0.434
769,,0.566,0.566,0.85,0.616,0.484,0.334,0.15,0.384
770,,0.516,0.516,0.8,0.566,0.434,0.284,0.1,0.334
771,,0.466,0.466,0.75,0.516,0.384,0.234,0.05,0.284
772,,0.416,0.416,0.7,0.466,0.334,0.184,0.0,0.234
773,,0.366,0.366,0.65,0.416,0.284,0.134,-0.05,0.184
774,7,0.416,0.133,0.3,0.183,0.334,0.467,0.95,0.517
775,7,0.466,-0.1,-0.05,-0.05,0.384,0.8,1.0,0.85
776,2,0.799,0.9,0.283,0.0,0.151,0.45,0.767,0.9
777,2,1.0,1.0,0.616,0.05,-0.082,0.1,0.534,0.95
778,5,0.65,0.767,0.666,0.383,0.918,0.433,0.584,0.717
779,5,0.3,0.534,0.716,0.716,1.0,0.766,0.634,0.484
780,,0.25,0.484,0.666,0.666,0.95,0.716,0.584,0.434
781,,0.2,0.434,0.616,0.616,0.9,0.666,0.534,0.384
782,,0.15,0.384,0.566,0.566,0.85,0.616,0.484,0.334
783,,0.1,0.334,0.516,0.516,0.8,0.566,0.434,0.284
784,,0.05,0.284,0.466,0.466,0.75,0.516,0.384,0.234
785,,0.0,0.234,0.416,0.416,0.7,0.466,0.334,0.184
786,,-0.05,0.184,0.366,0.366,0.65,0.416,0.284,0.134
787,1,0.95,0.517,0.416,0.133,0.3,0.183,0.334,0.467
788,1,1.0,0.85,0.466,-0.1,-0.05,-0.05,0.384,0.8
789,4,0.767,0.9,0.799,0.9,0.283,0.0,0.151,0.45
790,4,0.534,0.95,1.0,1.0,0.616,0.05,-0.082,0.1
791,7,0.584,0.717,0.65,0.767,0.666,0.383,0.918,0.433
792,7,0.634,0.484,0.3,0.534,0.716,0.716,1.0,0.766
793,,0.584,0.434,0.25,0.484,0.666,0.666,0.95,0.716
794,,0.534,0.384,0.2,0.434,0.616,0.616,0.9,0.666
795,,0.484,0.334,0.15,0.384,0.566,0.566,0.85,0.616
796,,0.434,0.284,0.1,0.334,0.516,0.516,0.8,0.566
797,,0.384,0.234,0.05,0.284,0.466,0.466,0.75,0.516
798,,0.334,0.184,0.0,0.234,0.416,0.416,0.7,0.466
799,,0.284,0.134,-0.05,0.184,0.366,0.366,0.65,0.416
800,3,0.334,0.467,0.95,0.517,0.416,0.133,0.3,0.183
801,3,0.384,0.8,1.0,0.85,0.466,-0.1,-0.05,-0.05
802,6,0.151,0.45,0.767,0.9,0.799,0.9,0.283,0.0
803,6,-0.082,0.1,0.534,0.95,1.0,1.0,0.616,0.05
