step,active_motive,motive_1,motive_2,motive_3,motive_4,motive_5,motive_6,motive_7,motive_8
0,,0.82043,0.65148,0.20668,0.27396,0.21459,0.37726,0.03896,0.61825
1,,0.77043,0.60148,0.15668,0.22396,0.16459,0.32726,-0.01104,0.56825
2,7,0.82043,0.36848,-0.19332,-0.00904,0.21459,0.66026,0.98896,0.90125
3,7,0.87043,0.13548,-0.54332,-0.24204,0.26459,0.99326,1.0,1.0
4,3,0.92043,0.46848,0.45668,0.09096,0.31459,0.76026,0.65,0.767
5,3,0.97043,0.80148,1.0,0.42396,0.36459,0.52726,0.3,0.534
6,,0.92043,0.75148,0.95,0.37396,0.31459,0.47726,0.25,0.484
7,,0.87043,0.70148,0.9,0.32396,0.26459,0.42726,0.2,0.434
8,,0.82043,0.65148,0.85,0.27396,0.21459,0.37726,0.15,0.384
9,,0.77043,0.60148,0.8,0.22396,0.16459,0.32726,0.1,0.334
10,,0.72043,0.55148,0.75,0.17396,0.11459,0.27726,0.05,0.284
11,,0.67043,0.50148,0.7,0.12396,0.06459,0.22726,0.0,0.234
12,,0.62043,0.45148,0.65,0.07396,0.01459,0.17726,-0.05,0.184
13,7,0.67043,0.21848,0.3,-0.15904,0.06459,0.51026,0.95,0.517
14,7,0.72043,-0.01452,-0.05,-0.39204,0.11459,0.84326,1.0,0.85
15,4,0.48743,0.03548,0.283,0.60796,0.44759,0.89326,0.767,0.5
16,4,0.25443,0.08548,0.616,1.0,0.78059,0.94326,0.534,0.15
17,,0.20443,0.03548,0.566,0.95,0.73059,0.89326,0.484,0.1
18,,0.15443,-0.01452,0.516,0.9,0.68059,0.84326,0.434,0.05
19,2,0.48743,0.98548,0.849,0.95,0.44759,0.49326,0.201,0.1
20,2,0.82043,1.0,1.0,1.0,0.21459,0.14326,-0.032,0.15
21,7,0.87043,0.767,0.65,0.767,0.26459,0.47626,0.968,0.483
22,7,0.92043,0.534,0.3,0.534,0.31459,0.80926,1.0,0.816
23,,0.87043,0.484,0.25,0.484,0.26459,0.75926,0.95,0.766
24,,0.82043,0.434,0.2,0.434,0.21459,0.70926,0.9,0.716
25,,0.77043,0.384,0.15,0.384,0.16459,0.65926,0.85,0.666
26,,0.72043,0.334,0.1,0.334,0.11459,0.60926,0.8,0.616
27,,0.67043,0.284,0.05,0.284,0.06459,0.55926,0.75,0.566
28,,0.62043,0.234,0.0,0.234,0.01459,0.50926,0.7,0.516
29,,0.57043,0.184,-0.05,0.184,-0.03541,0.45926,0.65,0.466
30,3,0.62043,0.517,0.95,0.517,0.01459,0.22626,0.3,0.233
31,3,0.67043,0.85,1.0,0.85,0.06459,-0.00674,-0.05,0.0
32,7,0.72043,0.617,0.65,0.617,0.11459,0.32626,0.95,0.333
33,7,0.77043,0.384,0.3,0.384,0.16459,0.65926,1.0,0.666
34,,0.72043,0.334,0.25,0.334,0.11459,0.60926,0.95,0.616
35,,0.67043,0.284,0.2,0.284,0.06459,0.55926,0.9,0.566
36,,0.62043,0.234,0.15,0.234,0.01459,0.50926,0.85,0.516
37,,0.57043,0.184,0.1,0.184,-0.03541,0.45926,0.8,0.466
38,5,0.22043,-0.049,0.15,0.517,0.96459,0.79226,0.85,0.233
39,5,-0.12957,-0.282,0.2,0.85,1.0,1.0,0.9,0.0
40,2,0.20343,0.718,0.533,0.9,0.767,0.65,0.667,0.05
41,2,0.53643,1.0,0.866,0.95,0.534,0.3,0.434,0.1
42,,0.48643,0.95,0.816,0.9,0.484,0.25,0.384,0.05
43,,0.43643,0.9,0.766,0.85,0.434,0.2,0.334,0.0
44,,0.38643,0.85,0.716,0.8,0.384,0.15,0.284,-0.05
45,8,0.71943,0.9,0.483,0.45,0.151,0.2,0.617,0.95
46,8,1.0,0.95,0.25,0.1,-0.082,0.25,0.95,1.0
47,5,0.65,0.717,0.3,0.433,0.918,0.583,1.0,0.767
48,5,0.3,0.484,0.35,0.766,1.0,0.916,1.0,0.534
49,,0.25,0.434,0.3,0.716,0.95,0.866,0.95,0.484
50,,0.2,0.384,0.25,0.666,0.9,0.816,0.9,0.434
51,,0.15,0.334,0.2,0.616,0.85,0.766,0.85,0.384
52,,0.1,0.284,0.15,0.566,0.8,0.716,0.8,0.334
53,,0.05,0.234,0.1,0.516,0.75,0.666,0.75,0.284
54,,0.0,0.184,0.05,0.466,0.7,0.616,0.7,0.234
55,,-0.05,0.134,0.0,0.416,0.65,0.566,0.65,0.184
56,1,0.95,0.467,0.05,0.183,0.3,0.333,0.7,0.517
57,1,1.0,0.8,0.1,-0.05,-0.05,0.1,0.75,0.85
58,4,0.767,0.85,0.433,0.95,0.283,0.15,0.517,0.5
59,4,0.534,0.9,0.766,1.0,0.616,0.2,0.284,0.15
60,,0.484,0.85,0.716,0.95,0.566,0.15,0.234,0.1
61,,0.434,0.8,0.666,0.9,0.516,0.1,0.184,0.05
62,,0.384,0.75,0.616,0.85,0.466,0.05,0.134,0.0
63,,0.334,0.7,0.566,0.8,0.416,0.0,0.084,-0.05
64,8,0.667,0.75,0.333,0.45,0.183,0.05,0.417,0.95
65,8,1.0,0.8,0.1,0.1,-0.05,0.1,0.75,1.0
66,5,0.65,0.567,0.15,0.433,0.95,0.433,0.8,0.767
67,5,0.3,0.334,0.2,0.766,1.0,0.766,0.85,0.534
68,,0.25,0.284,0.15,0.716,0.95,0.716,0.8,0.484
69,,0.2,0.234,0.1,0.666,0.9,0.666,0.75,0.434
70,,0.15,0.184,0.05,0.616,0.85,0.616,0.7,0.384
71,,0.1,0.134,0.0,0.566,0.8,0.566,0.65,0.334
72,,0.05,0.084,-0.05,0.516,0.75,0.516,0.6,0.284
73,3,0.1,0.417,0.95,0.849,0.8,0.283,0.25,0.051
74,3,0.15,0.75,1.0,1.0,0.85,0.05,-0.1,-0.182
75,8,0.483,0.8,0.767,0.65,0.617,0.1,0.233,0.818
76,8,0.816,0.85,0.534,0.3,0.384,0.15,0.566,1.0
77,,0.766,0.8,0.484,0.25,0.334,0.1,0.516,0.95
78,,0.716,0.75,0.434,0.2,0.284,0.05,0.466,0.9
79,,0.666,0.7,0.384,0.15,0.234,0.0,0.416,0.85
80,,0.616,0.65,0.334,0.1,0.184,-0.05,0.366,0.8
81,6,0.383,0.3,0.101,0.15,0.517,0.95,0.699,0.85
82,6,0.15,-0.05,-0.132,0.2,0.85,1.0,1.0,0.9
83,3,0.2,0.283,0.868,0.533,0.9,0.767,0.65,0.667
84,3,0.25,0.616,1.0,0.866,0.95,0.534,0.3,0.434
85,,0.2,0.566,0.95,0.816,0.9,0.484,0.25,0.384
86,,0.15,0.516,0.9,0.766,0.85,0.434,0.2,0.334
87,,0.1,0.466,0.85,0.716,0.8,0.384,0.15,0.284
88,,0.05,0.416,0.8,0.666,0.75,0.334,0.1,0.234
89,,0.0,0.366,0.75,0.616,0.7,0.284,0.05,0.184
90,,-0.05,0.316,0.7,0.566,0.65,0.234,0.0,0.134
91,1,0.95,0.649,0.75,0.333,0.3,0.001,0.05,0.467
92,1,1.0,0.982,0.8,0.1,-0.05,-0.232,0.1,0.8
93,6,0.767,0.632,0.567,0.15,0.283,0.768,0.433,0.85
94,6,0.534,0.282,0.334,0.2,0.616,1.0,0.766,0.9
95,,0.484,0.232,0.284,0.15,0.566,0.95,0.716,0.85
96,,0.434,0.182,0.234,0.1,0.516,0.9,0.666,0.8
97,,0.384,0.132,0.184,0.05,0.466,0.85,0.616,0.75
98,,0.334,0.082,0.134,0.0,0.416,0.8,0.566,0.7
99,,0.284,0.032,0.084,-0.05,0.366,0.75,0.516,0.65
100,4,0.051,0.082,0.417,0.95,0.699,0.8,0.283,0.3
101,4,-0.182,0.132,0.75,1.0,1.0,0.85,0.05,-0.05
102,1,0.818,0.465,0.8,0.767,0.65,0.617,0.1,0.283
103,1,1.0,0.798,0.85,0.534,0.3,0.384,0.15,0.616
104,,0.95,0.748,0.8,0.484,0.25,0.334,0.1,0.566
105,,0.9,0.698,0.75,0.434,0.2,0.284,0.05,0.516
106,,0.85,0.648,0.7,0.384,0.15,0.234,0.0,0.466
107,,0.8,0.598,0.65,0.334,0.1,0.184,-0.05,0.416
108,7,0.85,0.365,0.3,0.101,0.15,0.517,0.95,0.749
109,7,0.9,0.132,-0.05,-0.132,0.2,0.85,1.0,1.0
110,4,0.667,0.182,0.283,0.868,0.533,0.9,0.767,0.65
111,4,0.434,0.232,0.616,1.0,0.866,0.95,0.534,0.3
112,,0.384,0.182,0.566,0.95,0.816,0.9,0.484,0.25
113,,0.334,0.132,0.516,0.9,0.766,0.85,0.434,0.2
114,,0.284,0.082,0.466,0.85,0.716,0.8,0.384,0.15
115,,0.234,0.032,0.416,0.8,0.666,0.75,0.334,0.1
116,,0.184,-0.018,0.366,0.75,0.616,0.7,0.284,0.05
117,2,0.517,0.982,0.699,0.8,0.383,0.35,0.051,0.1
118,2,0.85,1.0,1.0,0.85,0.15,-0.0,-0.182,0.15
119,7,0.9,0.767,0.65,0.617,0.2,0.333,0.818,0.483
120,7,0.95,0.534,0.3,0.384,0.25,0.666,1.0,0.816
121,,0.9,0.484,0.25,0.334,0.2,0.616,0.95,0.766
122,,0.85,0.434,0.2,0.284,0.15,0.566,0.9,0.716
123,,0.8,0.384,0.15,0.234,0.1,0.516,0.85,0.666
124,,0.75,0.334,0.1,0.184,0.05,0.466,0.8,0.616
125,,0.7,0.284,0.05,0.134,0.0,0.416,0.75,0.566
126,,0.65,0.234,0.0,0.084,-0.05,0.366,0.7,0.516
127,5,0.3,0.001,0.05,0.417,0.95,0.699,0.75,0.283
128,5,-0.05,-0.232,0.1,0.75,1.0,1.0,0.8,0.05
129,2,0.283,0.768,0.433,0.8,0.767,0.65,0.567,0.1
130,2,0.616,1.0,0.766,0.85,0.534,0.3,0.334,0.15
131,,0.566,0.95,0.716,0.8,0.484,0.25,0.284,0.1
132,,0.516,0.9,0.666,0.75,0.434,0.2,0.234,0.05
133,,0.466,0.85,0.616,0.7,0.384,0.15,0.184,0.0
134,,0.416,0.8,0.566,0.65,0.334,0.1,0.134,-0.05
135,8,0.749,0.85,0.333,0.3,0.101,0.15,0.467,0.95
136,8,1.0,0.9,0.1,-0.05,-0.132,0.2,0.8,1.0
137,5,0.65,0.667,0.15,0.283,0.868,0.533,0.85,0.767
138,5,0.3,0.434,0.2,0.616,1.0,0.866,0.9,0.534
139,,0.25,0.384,0.15,0.566,0.95,0.816,0.85,0.484
140,,0.2,0.334,0.1,0.516,0.9,0.766,0.8,0.434
141,,0.15,0.284,0.05,0.466,0.85,0.716,0.75,0.384
142,,0.1,0.234,0.0,0.416,0.8,0.666,0.7,0.334
143,,0.05,0.184,-0.05,0.366,0.75,0.616,0.65,0.284
144,3,0.1,0.517,0.95,0.699,0.8,0.383,0.3,0.051
145,3,0.15,0.85,1.0,1.0,0.85,0.15,-0.05,-0.182
146,8,0.483,0.9,0.767,0.65,0.617,0.2,0.283,0.818
147,8,0.816,0.95,0.534,0.3,0.384,0.25,0.616,1.0
148,,0.766,0.9,0.484,0.25,0.334,0.2,0.566,0.95
149,,0.716,0.85,0.434,0.2,0.284,0.15,0.516,0.9
150,,0.666,0.8,0.384,0.15,0.234,0.1,0.466,0.85
151,,0.616,0.75,0.334,0.1,0.184,0.05,0.416,0.8
152,,0.566,0.7,0.284,0.05,0.134,0.0,0.366,0.75
153,,0.516,0.65,0.234,0.0,0.084,-0.05,0.316,0.7
154,6,0.283,0.3,0.001,0.05,0.417,0.95,0.649,0.75
155,6,0.05,-0.05,-0.232,0.1,0.75,1.0,0.982,0.8
156,3,0.1,0.283,0.768,0.433,0.8,0.767,0.632,0.567
157,3,0.15,0.616,1.0,0.766,0.85,0.534,0.282,0.334
158,,0.1,0.566,0.95,0.716,0.8,0.484,0.232,0.284
159,,0.05,0.516,0.9,0.666,0.75,0.434,0.182,0.234
160,,0.0,0.466,0.85,0.616,0.7,0.384,0.132,0.184
161,,-0.05,0.416,0.8,0.566,0.65,0.334,0.082,0.134
162,1,0.95,0.749,0.85,0.333,0.3,0.101,0.132,0.467
163,1,1.0,1.0,0.9,0.1,-0.05,-0.132,0.182,0.8
164,6,0.767,0.65,0.667,0.15,0.283,0.868,0.515,0.85
165,6,0.534,0.3,0.434,0.2,0.616,1.0,0.848,0.9
166,,0.484,0.25,0.384,0.15,0.566,0.95,0.798,0.85
167,,0.434,0.2,0.334,0.1,0.516,0.9,0.748,0.8
168,,0.384,0.15,0.284,0.05,0.466,0.85,0.698,0.75
169,,0.334,0.1,0.234,0.0,0.416,0.8,0.648,0.7
170,,0.284,0.05,0.184,-0.05,0.366,0.75,0.598,0.65
171,4,0.051,0.1,0.517,0.95,0.699,0.8,0.365,0.3
172,4,-0.182,0.15,0.85,1.0,1.0,0.85,0.132,-0.05
173,1,0.818,0.483,0.9,0.767,0.65,0.617,0.182,0.283
174,1,1.0,0.816,0.95,0.534,0.3,0.384,0.232,0.616
175,,0.95,0.766,0.9,0.484,0.25,0.334,0.182,0.566
176,,0.9,0.716,0.85,0.434,0.2,0.284,0.132,0.516
177,,0.85,0.666,0.8,0.384,0.15,0.234,0.082,0.466
178,,0.8,0.616,0.75,0.334,0.1,0.184,0.032,0.416
179,,0.75,0.566,0.7,0.284,0.05,0.134,-0.018,0.366
180,7,0.8,0.333,0.35,0.051,0.1,0.467,0.982,0.699
181,7,0.85,0.1,-0.0,-0.182,0.15,0.8,1.0,1.0
182,4,0.617,0.15,0.333,0.818,0.483,0.85,0.767,0.65
183,4,0.384,0.2,0.666,1.0,0.816,0.9,0.534,0.3
184,,0.334,0.15,0.616,0.95,0.766,0.85,0.484,0.25
185,,0.284,0.1,0.566,0.9,0.716,0.8,0.434,0.2
186,,0.234,0.05,0.516,0.85,0.666,0.75,0.384,0.15
187,,0.184,0.0,0.466,0.8,0.616,0.7,0.334,0.1
188,,0.134,-0.05,0.416,0.75,0.566,0.65,0.284,0.05
189,2,0.467,0.95,0.749,0.8,0.333,0.3,0.051,0.1
190,2,0.8,1.0,1.0,0.85,0.1,-0.05,-0.182,0.15
191,7,0.85,0.767,0.65,0.617,0.15,0.283,0.818,0.483
192,7,0.9,0.534,0.3,0.384,0.2,0.616,1.0,0.816
193,,0.85,0.484,0.25,0.334,0.15,0.566,0.95,0.766
194,,0.8,0.434,0.2,0.284,0.1,0.516,0.9,0.716
195,,0.75,0.384,0.15,0.234,0.05,0.466,0.85,0.666
196,,0.7,0.334,0.1,0.184,0.0,0.416,0.8,0.616
197,,0.65,0.284,0.05,0.134,-0.05,0.366,0.75,0.566
198,5,0.3,0.051,0.1,0.467,0.95,0.699,0.8,0.333
199,5,-0.05,-0.182,0.15,0.8,1.0,1.0,0.85,0.1
200,2,0.283,0.818,0.483,0.85,0.767,0.65,0.617,0.15
201,2,0.616,1.0,0.816,0.9,0.534,0.3,0.384,0.2
202,,0.566,0.95,0.766,0.85,0.484,0.25,0.334,0.15
203,,0.516,0.9,0.716,0.8,0.434,0.2,0.284,0.1
204,,0.466,0.85,0.666,0.75,0.384,0.15,0.234,0.05
205,,0.416,0.8,0.616,0.7,0.334,0.1,0.184,0.0
206,,0.366,0.75,0.566,0.65,0.284,0.05,0.134,-0.05
207,8,0.699,0.8,0.333,0.3,0.051,0.1,0.467,0.95
208,8,1.0,0.85,0.1,-0.05,-0.182,0.15,0.8,1.0
209,5,0.65,0.617,0.15,0.283,0.818,0.483,0.85,0.767
210,5,0.3,0.384,0.2,0.616,1.0,0.816,0.9,0.534
211,,0.25,0.334,0.15,0.566,0.95,0.766,0.85,0.484
212,,0.2,0.284,0.1,0.516,0.9,0.716,0.8,0.434
213,,0.15,0.234,0.05,0.466,0.85,0.666,0.75,0.384
214,,0.1,0.184,0.0,0.416,0.8,0.616,0.7,0.334
215,,0.05,0.134,-0.05,0.366,0.75,0.566,0.65,0.284
216,3,0.1,0.467,0.95,0.699,0.8,0.333,0.3,0.051
217,3,0.15,0.8,1.0,1.0,0.85,0.1,-0.05,-0.182
218,8,0.483,0.85,0.767,0.65,0.617,0.15,0.283,0.818
219,8,0.816,0.9,0.534,0.3,0.384,0.2,0.616,1.0
220,,0.766,0.85,0.484,0.25,0.334,0.15,0.566,0.95
221,,0.716,0.8,0.434,0.2,0.284,0.1,0.516,0.9
222,,0.666,0.75,0.384,0.15,0.234,0.05,0.466,0.85
223,,0.616,0.7,0.334,0.1,0.184,0.0,0.416,0.8
224,,0.566,0.65,0.284,0.05,0.134,-0.05,0.366,0.75
225,6,0.333,0.3,0.051,0.1,0.467,0.95,0.699,0.8
226,6,0.1,-0.05,-0.182,0.15,0.8,1.0,1.0,0.85
227,3,0.15,0.283,0.818,0.483,0.85,0.767,0.65,0.617
228,3,0.2,0.616,1.0,0.816,0.9,0.534,0.3,0.384
229,,0.15,0.566,0.95,0.766,0.85,0.484,0.25,0.334
230,,0.1,0.516,0.9,0.716,0.8,0.434,0.2,0.284
231,,0.05,0.466,0.85,0.666,0.75,0.384,0.15,0.234
232,,0.0,0.416,0.8,0.616,0.7,0.334,0.1,0.184
233,,-0.05,0.366,0.75,0.566,0.65,0.284,0.05,0.134
234,1,0.95,0.699,0.8,0.333,0.3,0.051,0.1,0.467
235,1,1.0,1.0,0.85,0.1,-0.05,-0.182,0.15,0.8
236,6,0.767,0.65,0.617,0.15,0.283,0.818,0.483,0.85
237,6,0.534,0.3,0.384,0.2,0.616,1.0,0.816,0.9
238,,0.484,0.25,0.334,0.15,0.566,0.95,0.766,0.85
239,,0.434,0.2,0.284,0.1,0.516,0.9,0.716,0.8
240,,0.384,0.15,0.234,0.05,0.466,0.85,0.666,0.75
241,,0.334,0.1,0.184,0.0,0.416,0.8,0.616,0.7
242,,0.284,0.05,0.134,-0.05,0.366,0.75,0.566,0.65
243,4,0.051,0.1,0.467,0.95,0.699,0.8,0.333,0.3
244,4,-0.182,0.15,0.8,1.0,1.0,0.85,0.1,-0.05
245,1,0.818,0.483,0.85,0.767,0.65,0.617,0.15,0.283
246,1,1.0,0.816,0.9,0.534,0.3,0.384,0.2,0.616
247,,0.95,0.766,0.85,0.484,0.25,0.334,0.15,0.566
248,,0.9,0.716,0.8,0.434,0.2,0.284,0.1,0.516
249,,0.85,0.666,0.75,0.384,0.15,0.234,0.05,0.466
250,,0.8,0.616,0.7,0.334,0.1,0.184,0.0,0.416
251,,0.75,0.566,0.65,0.284,0.05,0.134,-0.05,0.366
252,7,0.8,0.333,0.3,0.051,0.1,0.467,0.95,0.699
253,7,0.85,0.1,-0.05,-0.182,0.15,0.8,1.0,1.0
254,4,0.617,0.15,0.283,0.818,0.483,0.85,0.767,0.65
255,4,0.384,0.2,0.616,1.0,0.816,0.9,0.534,0.3
256,,0.334,0.15,0.566,0.95,0.766,0.85,0.484,0.25
257,,0.284,0.1,0.516,0.9,0.716,0.8,0.434,0.2
258,,0.234,0.05,0.466,0.85,0.666,0.75,0.384,0.15
259,,0.184,0.0,0.416,0.8,0.616,0.7,0.334,0.1
260,,0.134,-0.05,0.366,0.75,0.566,0.65,0.284,0.05
261,2,0.467,0.95,0.699,0.8,0.333,0.3,0.051,0.1
262,2,0.8,1.0,1.0,0.85,0.1,-0.05,-0.182,0.15
263,7,0.85,0.767,0.65,0.617,0.15,0.283,0.818,0.483
264,7,0.9,0.534,0.3,0.384,0.2,0.616,1.0,0.816
265,,0.85,0.484,0.25,0.334,0.15,0.566,0.95,0.766
266,,0.8,0.434,0.2,0.284,0.1,0.516,0.9,0.716
267,,0.75,0.384,0.15,0.234,0.05,0.466,0.85,0.666
268,,0.7,0.334,0.1,0.184,0.0,0.416,0.8,0.616
269,,0.65,0.284,0.05,0.134,-0.05,0.366,0.75,0.566
270,5,0.3,0.051,0.1,0.467,0.95,0.699,0.8,0.333
271,5,-0.05,-0.182,0.15,0.8,1.0,1.0,0.85,0.1
272,2,0.283,0.818,0.483,0.85,0.767,0.65,0.617,0.15
273,2,0.616,1.0,0.816,0.9,0.534,0.3,0.384,0.2
274,,0.566,0.95,0.766,0.85,0.484,0.25,0.334,0.15
275,,0.516,0.9,0.716,0.8,0.434,0.2,0.284,0.1
276,,0.466,0.85,0.666,0.75,0.384,0.15,0.234,0.05
277,,0.416,0.8,0.616,0.7,0.334,0.1,0.184,0.0
278,,0.366,0.75,0.566,0.65,0.284,0.05,0.134,-0.05
279,8,0.699,0.8,0.333,0.3,0.051,0.1,0.467,0.95
280,8,1.0,0.85,0.1,-0.05,-0.182,0.15,0.8,1.0
281,5,0.65,0.617,0.15,0.283,0.818,0.483,0.85,0.767
282,5,0.3,0.384,0.2,0.616,1.0,0.816,0.9,0.534
283,,0.25,0.334,0.15,0.566,0.95,0.766,0.85,0.484
284,,0.2,0.284,0.1,0.516,0.9,0.716,0.8,0.434
285,,0.15,0.234,0.05,0.466,0.85,0.666,0.75,0.384
286,,0.1,0.184,0.0,0.416,0.8,0.616,0.7,0.334
287,,0.05,0.134,-0.05,0.366,0.75,0.566,0.65,0.284
288,3,0.1,0.467,0.95,0.699,0.8,0.333,0.3,0.051
289,3,0.15,0.8,1.0,1.0,0.85,0.1,-0.05,-0.182
290,8,0.483,0.85,0.767,0.65,0.617,0.15,0.283,0.818
291,8,0.816,0.9,0.534,0.3,0.384,0.2,0.616,1.0
292,,0.766,0.85,0.484,0.25,0.334,0.15,0.566,0.95
293,,0.716,0.8,0.434,0.2,0.284,0.1,0.516,0.9
294,,0.666,0.75,0.384,0.15,0.234,0.05,0.466,0.85
295,,0.616,0.7,0.334,0.1,0.184,0.0,0.416,0.8
296,,0.566,0.65,0.284,0.05,0.134,-0.05,0.366,0.75
297,6,0.333,0.3,0.051,0.1,0.467,0.95,0.699,0.8
298,6,0.1,-0.05,-0.182,0.15,0.8,1.0,1.0,0.85
299,3,0.15,0.283,0.818,0.483,0.85,0.767,0.65,0.617
300,3,0.2,0.616,1.0,0.816,0.9,0.534,0.3,0.384
301,,0.15,0.566,0.95,0.766,0.85,0.484,0.25,0.334
302,,0.1,0.516,0.9,0.716,0.8,0.434,0.2,0.284
303,,0.05,0.466,0.85,0.666,0.75,0.384,0.15,0.234
304,,0.0,0.416,0.8,0.616,0.7,0.334,0.1,0.184
305,,-0.05,0.366,0.75,0.566,0.65,0.284,0.05,0.134
306,1,0.95,0.699,0.8,0.333,0.3,0.051,0.1,0.467
307,1,1.0,1.0,0.85,0.1,-0.05,-0.182,0.15,0.8
308,6,0.767,0.65,0.617,0.15,0.283,0.818,0.483,0.85
309,6,0.534,0.3,0.384,0.2,0.616,1.0,0.816,0.9
310,,0.484,0.25,0.334,0.15,0.566,0.95,0.766,0.85
311,,0.434,0.2,0.284,0.1,0.516,0.9,0.716,0.8
312,,0.384,0.15,0.234,0.05,0.466,0.85,0.666,0.75
313,,0.334,0.1,0.184,0.0,0.416,0.8,0.616,0.7
314,,0.284,0.05,0.134,-0.05,0.366,0.75,0.566,0.65
315,4,0.051,0.1,0.467,0.95,0.699,0.8,0.333,0.3
316,4,-0.182,0.15,0.8,1.0,1.0,0.85,0.1,-0.05
317,1,0.818,0.483,0.85,0.767,0.65,0.617,0.15,0.283
318,1,1.0,0.816,0.9,0.534,0.3,0.384,0.2,0.616
319,,0.95,0.766,0.85,0.484,0.25,0.334,0.15,0.566
320,,0.9,0.716,0.8,0.434,0.2,0.284,0.1,0.516
321,,0.85,0.666,0.75,0.384,0.15,0.234,0.05,0.466
322,,0.8,0.616,0.7,0.334,0.1,0.184,0.0,0.416
323,,0.75,0.566,0.65,0.284,0.05,0.134,-0.05,0.366
324,7,0.8,0.333,0.3,0.051,0.1,0.467,0.95,0.699
325,7,0.85,0.1,-0.05,-0.182,0.15,0.8,1.0,1.0
326,4,0.617,0.15,0.283,0.818,0.483,0.85,0.767,0.65
327,4,0.384,0.2,0.616,1.0,0.816,0.9,0.534,0.3
328,,0.334,0.15,0.566,0.95,0.766,0.85,0.484,0.25
329,,0.284,0.1,0.516,0.9,0.716,0.8,0.434,0.2
330,,0.234,0.05,0.466,0.85,0.666,0.75,0.384,0.15
331,,0.184,0.0,0.416,0.8,0.616,0.7,0.334,0.1
332,,0.134,-0.05,0.366,0.75,0.566,0.65,0.284,0.05
333,2,0.467,0.95,0.699,0.8,0.333,0.3,0.051,0.1
334,2,0.8,1.0,1.0,0.85,0.1,-0.05,-0.182,0.15
335,7,0.85,0.767,0.65,0.617,0.15,0.283,0.818,0.483
336,7,0.9,0.534,0.3,0.384,0.2,0.616,1.0,0.816
337,,0.85,0.484,0.25,0.334,0.15,0.566,0.95,0.766
338,,0.8,0.434,0.2,0.284,0.1,0.516,0.9,0.716
339,,0.75,0.384,0.15,0.234,0.05,0.466,0.85,0.666
340,,0.7,0.334,0.1,0.184,0.0,0.416,0.8,0.616
341,,0.65,0.284,0.05,0.134,-0.05,0.366,0.75,0.566
342,5,0.3,0.051,0.1,0.467,0.95,0.699,0.8,0.333
343,5,-0.05,-0.182,0.15,0.8,1.0,1.0,0.85,0.1
344,2,0.283,0.818,0.483,0.85,0.767,0.65,0.617,0.15
345,2,0.616,1.0,0.816,0.9,0.534,0.3,0.384,0.2
346,,0.566,0.95,0.766,0.85,0.484,0.25,0.334,0.15
347,,0.516,0.9,0.716,0.8,0.434,0.2,0.284,0.1
348,,0.466,0.85,0.666,0.75,0.384,0.15,0.234,0.05
349,,0.416,0.8,0.616,0.7,0.334,0.1,0.184,0.0
350,,0.366,0.75,0.566,0.65,0.284,0.05,0.134,-0.05
351,8,0.699,0.8,0.333,0.3,0.051,0.1,0.467,0.95
352,8,1.0,0.85,0.1,-0.05,-0.182,0.15,0.8,1.0
353,5,0.65,0.617,0.15,0.283,0.818,0.483,0.85,0.767
354,5,0.3,0.384,0.2,0.616,1.0,0.816,0.9,0.534
355,,0.25,0.334,0.15,0.566,0.95,0.766,0.85,0.484
356,,0.2,0.284,0.1,0.516,0.9,0.716,0.8,0.434
357,,0.15,0.234,0.05,0.466,0.85,0.666,0.75,0.384
358,,0.1,0.184,0.0,0.416,0.8,0.616,0.7,0.334
359,,0.05,0.134,-0.05,0.366,0.75,0.566,0.65,0.284
360,3,0.1,0.467,0.95,0.699,0.8,0.333,0.3,0.051
361,3,0.15,0.8,1.0,1.0,0.85,0.1,-0.05,-0.182
362,8,0.483,0.85,0.767,0.65,0.617,0.15,0.283,0.818
363,8,0.816,0.9,0.534,0.3,0.384,0.2,0.616,1.0
364,,0.766,0.85,0.484,0.25,0.334,0.15,0.566,0.95
365,,0.716,0.8,0.434,0.2,0.284,0.1,0.516,0.9
366,,0.666,0.75,0.384,0.15,0.234,0.05,0.466,0.85
367,,0.616,0.7,0.334,0.1,0.184,0.0,0.416,0.8
368,,0.566,0.65,0.284,0.05,0.134,-0.05,0.366,0.75
369,6,0.333,0.3,0.051,0.1,0.467,0.95,0.699,0.8
370,6,0.1,-0.05,-0.182,0.15,0.8,1.0,1.0,0.85
371,3,0.15,0.283,0.818,0.483,0.85,0.767,0.65,0.617
372,3,0.2,0.616,1.0,0.816,0.9,0.534,0.3,0.384
373,,0.15,0.566,0.95,0.766,0.85,0.484,0.25,0.334
374,,0.1,0.516,0.9,0.716,0.8,0.434,0.2,0.284
375,,0.05,0.466,0.85,0.666,0.75,0.384,0.15,0.234
376,,0.0,0.416,0.8,0.616,0.7,0.334,0.1,0.184
377,,-0.05,0.366,0.75,0.566,0.65,0.284,0.05,0.134
378,1,0.95,0.699,0.8,0.333,0.3,0.051,0.1,0.467
379,1,1.0,1.0,0.85,0.1,-0.05,-0.182,0.15,0.8
380,6,0.767,0.65,0.617,0.15,0.283,0.818,0.483,0.85
381,6,0.534,0.3,0.384,0.2,0.616,1.0,0.816,0.9
382,,0.484,0.25,0.334,0.15,0.566,0.95,0.766,0.85
383,,0.434,0.2,0.284,0.1,0.516,0.9,0.716,0.8
384,,0.384,0.15,0.234,0.05,0.466,0.85,0.666,0.75
385,,0.334,0.1,0.184,0.0,0.416,0.8,0.616,0.7
386,,0.284,0.05,0.134,-0.05,0.366,0.75,0.566,0.65
387,4,0.051,0.1,0.467,0.95,0.699,0.8,0.333,0.3
388,4,-0.182,0.15,0.8,1.0,1.0,0.85,0.1,-0.05
389,1,0.818,0.483,0.85,0.767,0.65,0.617,0.15,0.283
390,1,1.0,0.816,0.9,0.534,0.3,0.384,0.2,0.616
391,,0.95,0.766,0.85,0.484,0.25,0.334,0.15,0.566
392,,0.9,0.716,0.8,0.434,0.2,0.284,0.1,0.516
393,,0.85,0.666,0.75,0.384,0.15,0.234,0.05,0.466
394,,0.8,0.616,0.7,0.334,0.1,0.184,0.0,0.416
395,,0.75,0.566,0.65,0.284,0.05,0.134,-0.05,0.366
396,7,0.8,0.333,0.3,0.051,0.1,0.467,0.95,0.699
397,7,0.85,0.1,-0.05,-0.182,0.15,0.8,1.0,1.0
398,4,0.617,0.15,0.283,0.818,0.483,0.85,0.767,0.65
399,4,0.384,0.2,0.616,1.0,0.816,0.9,0.534,0.3
400,,0.334,0.15,0.566,0.95,0.766,0.85,0.484,0.25
401,,0.284,0.1,0.516,0.9,0.716,0.8,0.434,0.2
402,,0.234,0.05,0.466,0.85,0.666,0.75,0.384,0.15
403,,0.184,0.0,0.416,0.8,0.616,0.7,0.334,0.1
404,,0.134,-0.05,0.366,0.75,0.566,0.65,0.284,0.05
405,2,0.467,0.95,0.699,0.8,0.333,0.3,0.051,0.1
406,2,0.8,1.0,1.0,0.85,0.1,-0.05,-0.182,0.15
407,7,0.85,0.767,0.65,0.617,0.15,0.283,0.818,0.483
408,7,0.9,0.534,0.3,0.384,0.2,0.616,1.0,0.816
409,,0.85,0.484,0.25,0.334,0.15,0.566,0.95,0.766
410,,0.8,0.434,0.2,0.284,0.1,0.516,0.9,0.716
411,,0.75,0.384,0.15,0.234,0.05,0.466,0.85,0.666
412,,0.7,0.334,0.1,0.184,0.0,0.416,0.8,0.616
413,,0.65,0.284,0.05,0.134,-0.05,0.366,0.75,0.566
414,5,0.3,0.051,0.1,0.467,0.95,0.699,0.8,0.333
415,5,-0.05,-0.182,0.15,0.8,1.0,1.0,0.85,0.1
416,2,0.283,0.818,0.483,0.85,0.767,0.65,0.617,0.15
417,2,0.616,1.0,0.816,0.9,0.534,0.3,0.384,0.2
418,,0.566,0.95,0.766,0.85,0.484,0.25,0.334,0.15
419,,0.516,0.9,0.716,0.8,0.434,0.2,0.284,0.1
420,,0.466,0.85,0.666,0.75,0.384,0.15,0.234,0.05
421,,0.416,0.8,0.616,0.7,0.334,0.1,0.184,0.0
422,,0.366,0.75,0.566,0.65,0.284,0.05,0.134,-0.05
423,8,0.699,0.8,0.333,0.3,0.051,0.1,0.467,0.95
424,8,1.0,0.85,0.1,-0.05,-0.182,0.15,0.8,1.0
425,5,0.65,0.617,0.15,0.283,0.818,0.483,0.85,0.767
426,5,0.3,0.384,0.2,0.616,1.0,0.816,0.9,0.534
427,,0.25,0.334,0.15,0.566,0.95,0.766,0.85,0.484
428,,0.2,0.284,0.1,0.516,0.9,0.716,0.8,0.434
429,,0.15,0.234,0.05,0.466,0.85,0.666,0.75,0.384
430,,0.1,0.184,0.0,0.416,0.8,0.616,0.7,0.334
431,,0.05,0.134,-0.05,0.366,0.75,0.566,0.65,0.284
432,3,0.1,0.467,0.95,0.699,0.8,0.333,0.3,0.051
433,3,0.15,0.8,1.0,1.0,0.85,0.1,-0.05,-0.182
434,8,0.483,0.85,0.767,0.65,0.617,0.15,0.283,0.818
435,8,0.816,0.9,0.534,0.3,0.384,0.2,0.616,1.0
436,,0.766,0.85,0.484,0.25,0.334,0.15,0.566,0.95
437,,0.716,0.8,0.434,0.2,0.284,0.1,0.516,0.9
438,,0.666,0.75,0.384,0.15,0.234,0.05,0.466,0.85
439,,0.616,0.7,0.334,0.1,0.184,0.0,0.416,0.8
440,,0.566,0.65,0.284,0.05,0.134,-0.05,0.366,0.75
441,6,0.333,0.3,0.051,0.1,0.467,0.95,0.699,0.8
442,6,0.1,-0.05,-0.182,0.15,0.8,1.0,1.0,0.85
443,3,0.15,0.283,0.818,0.483,0.85,0.767,0.65,0.617
444,3,0.2,0.616,1.0,0.816,0.9,0.534,0.3,0.384
445,,0.15,0.566,0.95,0.766,0.85,0.484,0.25,0.334
446,,0.1,0.516,0.9,0.716,0.8,0.434,0.2,0.284
447,,0.05,0.466,0.85,0.666,0.75,0.384,0.15,0.234
448,,0.0,0.416,0.8,0.616,0.7,0.334,0.1,0.184
449,,-0.05,0.366,0.75,0.566,0.65,0.284,0.05,0.134
450,1,0.95,0.699,0.8,0.333,0.3,0.051,0.1,0.467
451,1,1.0,1.0,0.85,0.1,-0.05,-0.182,0.15,0.8
452,6,0.767,0.65,0.617,0.15,0.283,0.818,0.483,0.85
453,6,0.534,0.3,0.384,0.2,0.616,1.0,0.816,0.9
454,,0.484,0.25,0.334,0.15,0.566,0.95,0.766,0.85
455,,0.434,0.2,0.284,0.1,0.516,0.9,0.716,0.8
456,,0.384,0.15,0.234,0.05,0.466,0.85,0.666,0.75
457,,0.334,0.1,0.184,0.0,0.416,0.8,0.616,0.7
458,,0.284,0.05,0.134,-0.05,0.366,0.75,0.566,0.65
459,4,0.051,0.1,0.467,0.95,0.699,0.8,0.333,0.3
460,4,-0.182,0.15,0.8,1.0,1.0,0.85,0.1,-0.05
461,1,0.818,0.483,0.85,0.767,0.65,0.617,0.15,0.283
462,1,1.0,0.816,0.9,0.534,0.3,0.384,0.2,0.616
463,,0.95,0.766,0.85,0.484,0.25,0.334,0.15,0.566
464,,0.9,0.716,0.8,0.434,0.2,0.284,0.1,0.516
465,,0.85,0.666,0.75,0.384,0.15,0.234,0.05,0.466
466,,0.8,0.616,0.7,0.334,0.1,0.184,0.0,0.416
467,,0.75,0.566,0.65,0.284,0.05,0.134,-0.05,0.366
468,7,0.8,0.333,0.3,0.051,0.1,0.467,0.95,0.699
469,7,0.85,0.1,-0.05,-0.182,0.15,0.8,1.0,1.0
470,4,0.617,0.15,0.283,0.818,0.483,0.85,0.767,0.65
471,4,0.384,0.2,0.616,1.0,0.816,0.9,0.534,0.3
472,,0.334,0.15,0.566,0.95,0.766,0.85,0.484,0.25
473,,0.284,0.1,0.516,0.9,0.716,0.8,0.434,0.2
474,,0.234,0.05,0.466,0.85,0.666,0.75,0.384,0.15
475,,0.184,0.0,0.416,0.8,0.616,0.7,0.334,0.1
476,,0.134,-0.05,0.366,0.75,0.566,0.65,0.284,0.05
477,2,0.467,0.95,0.699,0.8,0.333,0.3,0.051,0.1
478,2,0.8,1.0,1.0,0.85,0.1,-0.05,-0.182,0.15
479,7,0.85,0.767,0.65,0.617,0.15,0.283,0.818,0.483
480,7,0.9,0.534,0.3,0.384,0.2,0.616,1.0,0.816
481,,0.85,0.484,0.25,0.334,0.15,0.566,0.95,0.766
482,,0.8,0.434,0.2,0.284,0.1,0.516,0.9,0.716
483,,0.75,0.384,0.15,0.234,0.05,0.466,0.85,0.666
484,,0.7,0.334,0.1,0.184,0.0,0.416,0.8,0.616
485,,0.65,0.284,0.05,0.134,-0.05,0.366,0.75,0.566
486,5,0.3,0.051,0.1,0.467,0.95,0.699,0.8,0.333
487,5,-0.05,-0.182,0.15,0.8,1.0,1.0,0.85,0.1
488,2,0.283,0.818,0.483,0.85,0.767,0.65,0.617,0.15
489,2,0.616,1.0,0.816,0.9,0.534,0.3,0.384,0.2
490,,0.566,0.95,0.766,0.85,0.484,0.25,0.334,0.15
491,,0.516,0.9,0.716,0.8,0.434,0.2,0.284,0.1
492,,0.466,0.85,0.666,0.75,0.384,0.15,0.234,0.05
493,,0.416,0.8,0.616,0.7,0.334,0.1,0.184,0.0
494,,0.366,0.75,0.566,0.65,0.284,0.05,0.134,-0.05
495,8,0.699,0.8,0.333,0.3,0.051,0.1,0.467,0.95
496,8,1.0,0.85,0.1,-0.05,-0.182,0.15,0.8,1.0
497,5,0.65,0.617,0.15,0.283,0.818,0.483,0.85,0.767
498,5,0.3,0.384,0.2,0.616,1.0,0.816,0.9,0.534
499,,0.25,0.334,0.15,0.566,0.95,0.766,0.85,0.484
500,,0.2,0.284,0.1,0.516,0.9,0.716,0.8,0.434
501,,0.15,0.234,0.05,0.466,0.85,0.666,0.75,0.384
502,,0.1,0.184,0.0,0.416,0.8,0.616,0.7,0.334
503,,0.05,0.134,-0.05,0.366,0.75,0.566,0.65,0.284
504,3,0.1,0.467,0.95,0.699,0.8,0.333,0.3,0.051
505,3,0.15,0.8,1.0,1.0,0.85,0.1,-0.05,-0.182
506,8,0.483,0.85,0.767,0.65,0.617,0.15,0.283,0.818
507,8,0.816,0.9,0.534,0.3,0.384,0.2,0.616,1.0
508,,0.766,0.85,0.484,0.25,0.334,0.15,0.566,0.95
509,,0.716,0.8,0.434,0.2,0.284,0.1,0.516,0.9
510,,0.666,0.75,0.384,0.15,0.234,0.05,0.466,0.85
511,,0.616,0.7,0.334,0.1,0.184,0.0,0.416,0.8
512,,0.566,0.65,0.284,0.05,0.134,-0.05,0.366,0.75
513,6,0.333,0.3,0.051,0.1,0.467,0.95,0.699,0.8
514,6,0.1,-0.05,-0.182,0.15,0.8,1.0,1.0,0.85
515,3,0.15,0.283,0.818,0.483,0.85,0.767,0.65,0.617
516,3,0.2,0.616,1.0,0.816,0.9,0.534,0.3,0.384
517,,0.15,0.566,0.95,0.766,0.85,0.484,0.25,0.334
518,,0.1,0.516,0.9,0.716,0.8,0.434,0.2,0.284
519,,0.05,0.466,0.85,0.666,0.75,0.384,0.15,0.234
520,,0.0,0.416,0.8,0.616,0.7,0.334,0.1,0.184
521,,-0.05,0.366,0.75,0.566,0.65,0.284,0.05,0.134
522,1,0.95,0.699,0.8,0.333,0.3,0.051,0.1,0.467
523,1,1.0,1.0,0.85,0.1,-0.05,-0.182,0.15,0.8
524,6,0.767,0.65,0.617,0.15,0.283,0.818,0.483,0.85
525,6,0.534,0.3,0.384,0.2,0.616,1.0,0.816,0.9
526,,0.484,0.25,0.334,0.15,0.566,0.95,0.766,0.85
527,,0.434,0.2,0.284,0.1,0.516,0.9,0.716,0.8
528,,0.384,0.15,0.234,0.05,0.466,0.85,0.666,0.75
529,,0.334,0.1,0.184,0.0,0.416,0.8,0.616,0.7
530,,0.284,0.05,0.134,-0.05,0.366,0.75,0.566,0.65
531,4,0.051,0.1,0.467,0.95,0.699,0.8,0.333,0.3
532,4,-0.182,0.15,0.8,1.0,1.0,0.85,0.1,-0.05
533,1,0.818,0.483,0.85,0.767,0.65,0.617,0.15,0.283
534,1,1.0,0.816,0.9,0.534,0.3,0.384,0.2,0.616
535,,0.95,0.766,0.85,0.484,0.25,0.334,0.15,0.566
536,,0.9,0.716,0.8,0.434,0.2,0.284,0.1,0.516
537,,0.85,0.666,0.75,0.384,0.15,0.234,0.05,0.466
538,,0.8,0.616,0.7,0.334,0.1,0.184,0.0,0.416
539,,0.75,0.566,0.65,0.284,0.05,0.134,-0.05,0.366
540,7,0.8,0.333,0.3,0.051,0.1,0.467,0.95,0.699
541,7,0.85,0.1,-0.05,-0.182,0.15,0.8,1.0,1.0
542,4,0.617,0.15,0.283,0.818,0.483,0.85,0.767,0.65
543,4,0.384,0.2,0.616,1.0,0.816,0.9,0.534,0.3
544,,0.334,0.15,0.566,0.95,0.766,0.85,0.484,0.25
545,,0.284,0.1,0.516,0.9,0.716,0.8,0.434,0.2
546,,0.234,0.05,0.466,0.85,0.666,0.75,0.384,0.15
547,,0.184,0.0,0.416,0.8,0.616,0.7,0.334,0.1
548,,0.134,-0.05,0.366,0.75,0.566,0.65,0.284,0.05
549,2,0.467,0.95,0.699,0.8,0.333,0.3,0.051,0.1
550,2,0.8,1.0,1.0,0.85,0.1,-0.05,-0.182,0.15
551,7,0.85,0.767,0.65,0.617,0.15,0.283,0.818,0.483
552,7,0.9,0.534,0.3,0.384,0.2,0.616,1.0,0.816
553,,0.85,0.484,0.25,0.334,0.15,0.566,0.95,0.766
554,,0.8,0.434,0.2,0.284,0.1,0.516,0.9,0.716
555,,0.75,0.384,0.15,0.234,0.05,0.466,0.85,0.666
556,,0.7,0.334,0.1,0.184,0.0,0.416,0.8,0.616
557,,0.65,0.284,0.05,0.134,-0.05,0.366,0.75,0.566
558,5,0.3,0.051,0.1,0.467,0.95,0.699,0.8,0.333
559,5,-0.05,-0.182,0.15,0.8,1.0,1.0,0.85,0.1
560,2,0.283,0.818,0.483,0.85,0.767,0.65,0.617,0.15
561,2,0.616,1.0,0.816,0.9,0.534,0.3,0.384,0.2
562,,0.566,0.95,0.766,0.85,0.484,0.25,0.334,0.15
563,,0.516,0.9,0.716,0.8,0.434,0.2,0.284,0.1
564,,0.466,0.85,0.666,0.75,0.384,0.15,0.234,0.05
565,,0.416,0.8,0.616,0.7,0.334,0.1,0.184,0.0
566,,0.366,0.75,0.566,0.65,0.284,0.05,0.134,-0.05
567,8,0.699,0.8,0.333,0.3,0.051,0.1,0.467,0.95
568,8,1.0,0.85,0.1,-0.05,-0.182,0.15,0.8,1.0
569,5,0.65,0.617,0.15,0.283,0.818,0.483,0.85,0.767
570,5,0.3,0.384,0.2,0.616,1.0,0.816,0.9,0.534
571,,0.25,0.334,0.15,0.566,0.95,0.766,0.85,0.484
572,,0.2,0.284,0.1,0.516,0.9,0.716,0.8,0.434
573,,0.15,0.234,0.05,0.466,0.85,0.666,0.75,0.384
574,,0.1,0.184,0.0,0.416,0.8,0.616,0.7,0.334
575,,0.05,0.134,-0.05,0.366,0.75,0.566,0.65,0.284
576,3,0.1,0.467,0.95,0.699,0.8,0.333,0.3,0.051
577,3,0.15,0.8,1.0,1.0,0.85,0.1,-0.05,-0.182
578,8,0.483,0.85,0.767,0.65,0.617,0.15,0.283,0.818
579,8,0.816,0.9,0.534,0.3,0.384,0.2,0.616,1.0
580,,0.766,0.85,0.484,0.25,0.334,0.15,0.566,0.95
581,,0.716,0.8,0.434,0.2,0.284,0.1,0.516,0.9
582,,0.666,0.75,0.384,0.15,0.234,0.05,0.466,0.85
583,,0.616,0.7,0.334,0.1,0.184,0.0,0.416,0.8
584,,0.566,0.65,0.284,0.05,0.134,-0.05,0.366,0.75
585,6,0.333,0.3,0.051,0.1,0.467,0.95,0.699,0.8
586,6,0.1,-0.05,-0.182,0.15,0.8,1.0,1.0,0.85
587,3,0.15,0.283,0.818,0.483,0.85,0.767,0.65,0.617
588,3,0.2,0.616,1.0,0.816,0.9,0.534,0.3,0.384
589,,0.15,0.566,0.95,0.766,0.85,0.484,0.25,0.334
590,,0.1,0.516,0.9,0.716,0.8,0.434,0.2,0.284
591,,0.05,0.466,0.85,0.666,0.75,0.384,0.15,0.234
592,,0.0,0.416,0.8,0.616,0.7,0.334,0.1,0.184
593,,-0.05,0.366,0.75,0.566,0.65,0.284,0.05,0.134
594,1,0.95,0.699,0.8,0.333,0.3,0.051,0.1,0.467
595,1,1.0,1.0,0.85,0.1,-0.05,-0.182,0.15,0.8
596,6,0.767,0.65,0.617,0.15,0.283,0.818,0.483,0.85
597,6,0.534,0.3,0.384,0.2,0.616,1.0,0.816,0.9
598,,0.484,0.25,0.334,0.15,0.566,0.95,0.766,0.85
599,,0.434,0.2,0.284,0.1,0.516,0.9,0.716,0.8
600,,0.384,0.15,0.234,0.05,0.466,0.85,0.666,0.75
601,,0.334,0.1,0.184,0.0,0.416,0.8,0.616,0.7
602,,0.284,0.05,0.134,-0.05,0.366,0.75,0.566,0.65
603,4,0.051,0.1,0.467,0.95,0.699,0.8,0.333,0.3
604,4,-0.182,0.15,0.8,1.0,1.0,0.85,0.1,-0.05
605,1,0.818,0.483,0.85,0.767,0.65,0.617,0.15,0.283
606,1,1.0,0.816,0.9,0.534,0.3,0.384,0.2,0.616
607,,0.95,0.766,0.85,0.484,0.25,0.334,0.15,0.566
608,,0.9,0.716,0.8,0.434,0.2,0.284,0.1,0.516
609,,0.85,0.666,0.75,0.384,0.15,0.234,0.05,0.466
610,,0.8,0.616,0.7,0.334,0.1,0.184,0.0,0.416
611,,0.75,0.566,0.65,0.284,0.05,0.134,-0.05,0.366
612,7,0.8,0.333,0.3,0.051,0.1,0.467,0.95,0.699
613,7,0.85,0.1,-0.05,-0.182,0.15,0.8,1.0,1.0
614,4,0.617,0.15,0.283,0.818,0.483,0.85,0.767,0.65
615,4,0.384,0.2,0.616,1.0,0.816,0.9,0.534,0.3
616,,0.334,0.15,0.566,0.95,0.766,0.85,0.484,0.25
617,,0.284,0.1,0.516,0.9,0.716,0.8,0.434,0.2
618,,0.234,0.05,0.466,0.85,0.666,0.75,0.384,0.15
619,,0.184,0.0,0.416,0.8,0.616,0.7,0.334,0.1
620,,0.134,-0.05,0.366,0.75,0.566,0.65,0.284,0.05
621,2,0.467,0.95,0.699,0.8,0.333,0.3,0.051,0.1
622,2,0.8,1.0,1.0,0.85,0.1,-0.05,-0.182,0.15
623,7,0.85,0.767,0.65,0.617,0.15,0.283,0.818,0.483
624,7,0.9,0.534,0.3,0.384,0.2,0.616,1.0,0.816
625,,0.85,0.484,0.25,0.334,0.15,0.566,0.95,0.766
626,,0.8,0.434,0.2,0.284,0.1,0.516,0.9,0.716
627,,0.75,0.384,0.15,0.234,0.05,0.466,0.85,0.666
628,,0.7,0.334,0.1,0.184,0.0,0.416,0.8,0.616
629,,0.65,0.284,0.05,0.134,-0.05,0.366,0.75,0.566
630,5,0.3,0.051,0.1,0.467,0.95,0.699,0.8,0.333
631,5,-0.05,-0.182,0.15,0.8,1.0,1.0,0.85,0.1
632,2,0.283,0.818,0.483,0.85,0.767,0.65,0.617,0.15
633,2,0.616,1.0,0.816,0.9,0.534,0.3,0.384,0.2
634,,0.566,0.95,0.766,0.85,0.484,0.25,0.334,0.15
635,,0.516,0.9,0.716,0.8,0.434,0.2,0.284,0.1
636,,0.466,0.85,0.666,0.75,0.384,0.15,0.234,0.05
637,,0.416,0.8,0.616,0.7,0.334,0.1,0.184,0.0
638,,0.366,0.75,0.566,0.65,0.284,0.05,0.134,-0.05
639,8,0.699,0.8,0.333,0.3,0.051,0.1,0.467,0.95
640,8,1.0,0.85,0.1,-0.05,-0.182,0.15,0.8,1.0
641,5,0.65,0.617,0.15,0.283,0.818,0.483,0.85,0.767
642,5,0.3,0.384,0.2,0.616,1.0,0.816,0.9,0.534
643,,0.25,0.334,0.15,0.566,0.95,0.766,0.85,0.484
644,,0.2,0.284,0.1,0.516,0.9,0.716,0.8,0.434
645,,0.15,0.234,0.05,0.466,0.85,0.666,0.75,0.384
646,,0.1,0.184,0.0,0.416,0.8,0.616,0.7,0.334
647,,0.05,0.134,-0.05,0.366,0.75,0.566,0.65,0.284
648,3,0.1,0.467,0.95,0.699,0.8,0.333,0.3,0.051
649,3,0.15,0.8,1.0,1.0,0.85,0.1,-0.05,-0.182
650,8,0.483,0.85,0.767,0.65,0.617,0.15,0.283,0.818
651,8,0.816,0.9,0.534,0.3,0.384,0.2,0.616,1.0
652,,0.766,0.85,0.484,0.25,0.334,0.15,0.566,0.95
653,,0.716,0.8,0.434,0.2,0.284,0.1,0.516,0.9
654,,0.666,0.75,0.384,0.15,0.234,0.05,0.466,0.85
655,,0.616,0.7,0.334,0.1,0.184,0.0,0.416,0.8
656,,0.566,0.65,0.284,0.05,0.134,-0.05,0.366,0.75
657,6,0.333,0.3,0.051,0.1,0.467,0.95,0.699,0.8
658,6,0.1,-0.05,-0.182,0.15,0.8,1.0,1.0,0.85
659,3,0.15,0.283,0.818,0.483,0.85,0.767,0.65,0.617
660,3,0.2,0.616,1.0,0.816,0.9,0.534,0.3,0.384
661,,0.15,0.566,0.95,0.766,0.85,0.484,0.25,0.334
662,,0.1,0.516,0.9,0.716,0.8,0.434,0.2,0.284
663,,0.05,0.466,0.85,0.666,0.75,0.384,0.15,0.234
664,,0.0,0.416,0.8,0.616,0.7,0.334,0.1,0.184
665,,-0.05,0.366,0.75,0.566,0.65,0.284,0.05,0.134
666,1,0.95,0.699,0.8,0.333,0.3,0.051,0.1,0.467
667,1,1.0,1.0,0.85,0.1,-0.05,-0.182,0.15,0.8
668,6,0.767,0.65,0.617,0.15,0.283,0.818,0.483,0.85
669,6,0.534,0.3,0.384,0.2,0.616,1.0,0.816,0.9
670,,0.484,0.25,0.334,0.15,0.566,0.95,0.766,0.85
671,,0.434,0.2,0.284,0.1,0.516,0.9,0.716,0.8
672,,0.384,0.15,0.234,0.05,0.466,0.85,0.666,0.75
673,,0.334,0.1,0.184,0.0,0.416,0.8,0.616,0.7
674,,0.284,0.05,0.134,-0.05,0.366,0.75,0.566,0.65
675,4,0.051,0.1,0.467,0.95,0.699,0.8,0.333,0.3
676,4,-0.182,0.15,0.8,1.0,1.0,0.85,0.1,-0.05
677,1,0.818,0.483,0.85,0.767,0.65,0.617,0.15,0.283
678,1,1.0,0.816,0.9,0.534,0.3,0.384,0.2,0.616
679,,0.95,0.766,0.85,0.484,0.25,0.334,0.15,0.566
680,,0.9,0.716,0.8,0.434,0.2,0.284,0.1,0.516
681,,0.85,0.666,0.75,0.384,0.15,0.234,0.05,0.466
682,,0.8,0.616,0.7,0.334,0.1,0.184,0.0,0.416
683,,0.75,0.566,0.65,0.284,0.05,0.134,-0.05,0.366
684,7,0.8,0.333,0.3,0.051,0.1,0.467,0.95,0.699
685,7,0.85,0.1,-0.05,-0.182,0.15,0.8,1.0,1.0
686,4,0.617,0.15,0.283,0.818,0.483,0.85,0.767,0.65
687,4,0.384,0.2,0.616,1.0,0.816,0.9,0.534,0.3
688,,0.334,0.15,0.566,0.95,0.766,0.85,0.484,0.25
689,,0.284,0.1,0.516,0.9,0.716,0.8,0.434,0.2
690,,0.234,0.05,0.466,0.85,0.666,0.75,0.384,0.15
691,,0.184,0.0,0.416,0.8,0.616,0.7,0.334,0.1
692,,0.134,-0.05,0.366,0.75,0.566,0.65,0.284,0.05
693,2,0.467,0.95,0.699,0.8,0.333,0.3,0.051,0.1
694,2,0.8,1.0,1.0,0.85,0.1,-0.05,-0.182,0.15
695,7,0.85,0.767,0.65,0.617,0.15,0.283,0.818,0.483
696,7,0.9,0.534,0.3,0.384,0.2,0.616,1.0,0.816
697,,0.85,0.484,0.25,0.334,0.15,0.566,0.95,0.766
698,,0.8,0.434,0.2,0.284,0.1,0.516,0.9,0.716
699,,0.75,0.384,0.15,0.234,0.05,0.466,0.85,0.666
700,,0.7,0.334,0.1,0.184,0.0,0.416,0.8,0.616
701,,0.65,0.284,0.05,0.134,-0.05,0.366,0.75,0.566
702,5,0.3,0.051,0.1,0.467,0.95,0.699,0.8,0.333
703,5,-0.05,-0.182,0.15,0.8,1.0,1.0,0.85,0.1
704,2,0.283,0.818,0.483,0.85,0.767,0.65,0.617,0.15
705,2,0.616,1.0,0.816,0.9,0.534,0.3,0.384,0.2
706,,0.566,0.95,0.766,0.85,0.484,0.25,0.334,0.15
707,,0.516,0.9,0.716,0.8,0.434,0.2,0.284,0.1
708,,0.466,0.85,0.666,0.75,0.384,0.15,0.234,0.05
709,,0.416,0.8,0.616,0.7,0.334,0.1,0.184,0.0
710,,0.366,0.75,0.566,0.65,0.284,0.05,0.134,-0.05
711,8,0.699,0.8,0.333,0.3,0.051,0.1,0.467,0.95
712,8,1.0,0.85,0.1,-0.05,-0.182,0.15,0.8,1.0
713,5,0.65,0.617,0.15,0.283,0.818,0.483,0.85,0.767
714,5,0.3,0.384,0.2,0.616,1.0,0.816,0.9,0.534
715,,0.25,0.334,0.15,0.566,0.95,0.766,0.85,0.484
716,,0.2,0.284,0.1,0.516,0.9,0.716,0.8,0.434
717,,0.15,0.234,0.05,0.466,0.85,0.666,0.75,0.384
718,,0.1,0.184,0.0,0.416,0.8,0.616,0.7,0.334
719,,0.05,0.134,-0.05,0.366,0.75,0.566,0.65,0.284
720,3,0.1,0.467,0.95,0.699,0.8,0.333,0.3,0.051
721,3,0.15,0.8,1.0,1.0,0.85,0.1,-0.05,-0.182
722,8,0.483,0.85,0.767,0.65,0.617,0.15,0.283,0.818
723,8,0.816,0.9,0.534,0.3,0.384,0.2,0.616,1.0
724,,0.766,0.85,0.484,0.25,0.334,0.15,0.566,0.95
725,,0.716,0.8,0.434,0.2,0.284,0.1,0.516,0.9
726,,0.666,0.75,0.384,0.15,0.234,0.05,0.466,0.85
727,,0.616,0.7,0.334,0.1,0.184,0.0,0.416,0.8
728,,0.566,0.65,0.284,0.05,0.134,-0.05,0.366,0.75
729,6,0.333,0.3,0.051,0.1,0.467,0.95,0.699,0.8
730,6,0.1,-0.05,-0.182,0.15,0.8,1.0,1.0,0.85
731,3,0.15,0.283,0.818,0.483,0.85,0.767,0.65,0.617
732,3,0.2,0.616,1.0,0.816,0.9,0.534,0.3,0.384
733,,0.15,0.566,0.95,0.766,0.85,0.484,0.25,0.334
734,,0.1,0.516,0.9,0.716,0.8,0.434,0.2,0.284
735,,0.05,0.466,0.85,0.666,0.75,0.384,0.15,0.234
736,,0.0,0.416,0.8,0.616,0.7,0.334,0.1,0.184
737,,-0.05,0.366,0.75,0.566,0.65,0.284,0.05,0.134
738,1,0.95,0.699,0.8,0.333,0.3,0.051,0.1,0.467
739,1,1.0,1.0,0.85,0.1,-0.05,-0.182,0.15,0.8
740,6,0.767,0.65,0.617,0.15,0.283,0.818,0.483,0.85
741,6,0.534,0.3,0.384,0.2,0.616,1.0,0.816,0.9
742,,0.484,0.25,0.334,0.15,0.566,0.95,0.766,0.85
743,,0.434,0.2,0.284,0.1,0.516,0.9,0.716,0.8
744,,0.384,0.15,0.234,0.05,0.466,0.85,0.666,0.75
745,,0.334,0.1,0.184,0.0,0.416,0.8,0.616,0.7
746,,0.284,0.05,0.134,-0.05,0.366,0.75,0.566,0.65
747,4,0.051,0.1,0.467,0.95,0.699,0.8,0.333,0.3
748,4,-0.182,0.15,0.8,1.0,1.0,0.85,0.1,-0.05
749,1,0.818,0.483,0.85,0.767,0.65,0.617,0.15,0.283
750,1,1.0,0.816,0.9,0.534,0.3,0.384,0.2,0.616
751,,0.95,0.766,0.85,0.484,0.25,0.334,0.15,0.566
752,,0.9,0.716,0.8,0.434,0.2,0.284,0.1,0.516
753,,0.85,0.666,0.75,0.384,0.15,0.234,0.05,0.466
754,,0.8,0.616,0.7,0.334,0.1,0.184,0.0,0.416
755,,0.75,0.566,0.65,0.284,0.05,0.134,-0.05,0.366
756,7,0.8,0.333,0.3,0.051,0.1,0.467,0.95,0.699
757,7,0.85,0.1,-0.05,-0.182,0.15,0.8,1.0,1.0
758,4,0.617,0.15,0.283,0.818,0.483,0.85,0.767,0.65
759,4,0.384,0.2,0.616,1.0,0.816,0.9,0.534,0.3
760,,0.334,0.15,0.566,0.95,0.766,0.85,0.484,0.25
761,,0.284,0.1,0.516,0.9,0.716,0.8,0.434,0.2
762,,0.234,0.05,0.466,0.85,0.666,0.75,0.384,0.15
763,,0.184,0.0,0.416,0.8,0.616,0.7,0.334,0.1
764,,0.134,-0.05,0.366,0.75,0.566,0.65,0.284,0.05
765,2,0.467,0.95,0.699,0.8,0.333,0.3,0.051,0.1
766,2,0.8,1.0,1.0,0.85,0.1,-0.05,-0.182,0.15
767,7,0.85,0.767,0.65,0.617,0.15,0.283,0.818,0.483
768,7,0.9,0.534,0.3,0.384,0.2,0.616,1.0,0.816
769,,0.85,0.484,0.25,0.334,0.15,0.566,0.95,0.766
770,,0.8,0.434,0.2,0.284,0.1,0.516,0.9,0.716
771,,0.75,0.384,0.15,0.234,0.05,0.466,0.85,0.666
772,,0.7,0.334,0.1,0.184,0.0,0.416,0.8,0.616
773,,0.65,0.284,0.05,0.134,-0.05,0.366,0.75,0.566
774,5,0.3,0.051,0.1,0.467,0.95,0.699,0.8,0.333
775,5,-0.05,-0.182,0.15,0.8,1.0,1.0,0.85,0.1
776,2,0.283,0.818,0.483,0.85,0.767,0.65,0.617,0.15
777,2,0.616,1.0,0.816,0.9,0.534,0.3,0.384,0.2
778,,0.566,0.95,0.766,0.85,0.484,0.25,0.334,0.15
779,,0.516,0.9,0.716,0.8,0.434,0.2,0.284,0.1
780,,0.466,0.85,0.666,0.75,0.384,0.15,0.234,0.05
781,,0.416,0.8,0.616,0.7,0.334,0.1,0.184,0.0
782,,0.366,0.75,0.566,0.65,0.284,0.05,0.134,-0.05
783,8,0.699,0.8,0.333,0.3,0.051,0.1,0.467,0.95
784,8,1.0,0.85,0.1,-0.05,-0.182,0.15,0.8,1.0
785,5,0.65,0.617,0.15,0.283,0.818,0.483,0.85,0.767
786,5,0.3,0.384,0.2,0.616,1.0,0.816,0.9,0.534
787,,0.25,0.334,0.15,0.566,0.95,0.766,0.85,0.484
788,,0.2,0.284,0.1,0.516,0.9,0.716,0.8,0.434
789,,0.15,0.234,0.05,0.466,0.85,0.666,0.75,0.384
790,,0.1,0.184,0.0,0.416,0.8,0.616,0.7,0.334
791,,0.05,0.134,-0.05,0.366,0.75,0.566,0.65,0.284
792,3,0.1,0.467,0.95,0.699,0.8,0.333,0.3,0.051
793,3,0.15,0.8,1.0,1.0,0.85,0.1,-0.05,-0.182
794,8,0.483,0.85,0.767,0.65,0.617,0.15,0.283,0.818
795,8,0.816,0.9,0.534,0.3,0.384,0.2,0.616,1.0
796,,0.766,0.85,0.484,0.25,0.334,0.15,0.566,0.95
797,,0.716,0.8,0.434,0.2,0.284,0.1,0.516,0.9
798,,0.666,0.75,0.384,0.15,0.234,0.05,0.466,0.85
799,,0.616,0.7,0.334,0.1,0.184,0.0,0.416,0.8
800,,0.566,0.65,0.284,0.05,0.134,-0.05,0.366,0.75
801,6,0.333,0.3,0.051,0.1,0.467,0.95,0.699,0.8
802,6,0.1,-0.05,-0.182,0.15,0.8,1.0,1.0,0.85
803,3,0.15,0.283,0.818,0.483,0.85,0.767,0.65,0.617
804,3,0.2,0.616,1.0,0.816,0.9,0.534,0.3,0.384
805,,0.15,0.566,0.95,0.766,0.85,0.484,0.25,0.334
806,,0.1,0.516,0.9,0.716,0.8,0.434,0.2,0.284
807,,0.05,0.466,0.85,0.666,0.75,0.384,0.15,0.234
808,,0.0,0.416,0.8,0.616,0.7,0.334,0.1,0.184
809,,-0.05,0.366,0.75,0.566,0.65,0.284,0.05,0.134
810,1,0.95,0.699,0.8,0.333,0.3,0.051,0.1,0.467
811,1,1.0,1.0,0.85,0.1,-0.05,-0.182,0.15,0.8
812,6,0.767,0.65,0.617,0.15,0.283,0.818,0.483,0.85
813,6,0.534,0.3,0.384,0.2,0.616,1.0,0.816,0.9
814,,0.484,0.25,0.334,0.15,0.566,0.95,0.766,0.85
815,,0.434,0.2,0.284,0.1,0.516,0.9,0.716,0.8
816,,0.384,0.15,0.234,0.05,0.466,0.85,0.666,0.75
817,,0.334,0.1,0.184,0.0,0.416,0.8,0.616,0.7
818,,0.284,0.05,0.134,-0.05,0.366,0.75,0.566,0.65
819,4,0.051,0.1,0.467,0.95,0.699,0.8,0.333,0.3
820,4,-0.182,0.15,0.8,1.0,1.0,0.85,0.1,-0.05
821,1,0.818,0.483,0.85,0.767,0.65,0.617,0.15,0.283
822,1,1.0,0.816,0.9,0.534,0.3,0.384,0.2,0.616
823,,0.95,0.766,0.85,0.484,0.25,0.334,0.15,0.566
824,,0.9,0.716,0.8,0.434,0.2,0.284,0.1,0.516
825,,0.85,0.666,0.75,0.384,0.15,0.234,0.05,0.466
826,,0.8,0.616,0.7,0.334,0.1,0.184,0.0,0.416
827,,0.75,0.566,0.65,0.284,0.05,0.134,-0.05,0.366
828,7,0.8,0.333,0.3,0.051,0.1,0.467,0.95,0.699
829,7,0.85,0.1,-0.05,-0.182,0.15,0.8,1.0,1.0
830,4,0.617,0.15,0.283,0.818,0.483,0.85,0.767,0.65
831,4,0.384,0.2,0.616,1.0,0.816,0.9,0.534,0.3
