step,active_motive,motive_1,motive_2,motive_3,motive_4,motive_5,motive_6,motive_7,motive_8
0,,0.24216,0.80314,0.4703,0.98342,0.39882,0.81643,0.79835,0.15072
1,,0.19216,0.75314,0.4203,0.93342,0.34882,0.76643,0.74835,0.10072
2,,0.14216,0.70314,0.3703,0.88342,0.29882,0.71643,0.69835,0.05072
3,,0.09216,0.65314,0.3203,0.83342,0.24882,0.66643,0.64835,0.00072
4,,0.04216,0.60314,0.2703,0.78342,0.19882,0.61643,0.59835,-0.04928
5,8,0.37516,0.65314,0.0373,0.43342,-0.03418,0.66643,0.93135,0.95072
6,8,0.70816,0.70314,-0.1957,0.08342,-0.26718,0.71643,1.0,1.0
7,5,0.35816,0.47014,-0.1457,0.41642,0.73282,1.0,1.0,0.767
8,5,0.00816,0.23714,-0.0957,0.74942,1.0,1.0,1.0,0.534
9,3,0.05816,0.57014,0.9043,1.0,1.0,0.767,0.65,0.301
10,3,0.10816,0.90314,1.0,1.0,1.0,0.534,0.3,0.068
11,,0.05816,0.85314,0.95,0.95,0.95,0.484,0.25,0.018
12,,0.00816,0.80314,0.9,0.9,0.9,0.434,0.2,-0.032
13,8,0.34116,0.85314,0.667,0.55,0.667,0.484,0.533,0.968
14,8,0.67416,0.90314,0.434,0.2,0.434,0.534,0.866,1.0
15,,0.62416,0.85314,0.384,0.15,0.384,0.484,0.816,0.95
16,,0.57416,0.80314,0.334,0.1,0.334,0.434,0.766,0.9
17,,0.52416,0.75314,0.284,0.05,0.284,0.384,0.716,0.85
18,,0.47416,0.70314,0.234,0.0,0.234,0.334,0.666,0.8
19,,0.42416,0.65314,0.184,-0.05,0.184,0.284,0.616,0.75
20,4,0.19116,0.70314,0.517,0.95,0.517,0.334,0.383,0.4
21,4,-0.04184,0.75314,0.85,1.0,0.85,0.384,0.15,0.05
22,1,0.95816,1.0,0.9,0.767,0.5,0.151,0.2,0.383
23,1,1.0,1.0,0.95,0.534,0.15,-0.082,0.25,0.716
24,6,0.767,0.65,0.717,0.584,0.483,0.918,0.583,0.766
25,6,0.534,0.3,0.484,0.634,0.816,1.0,0.916,0.816
26,,0.484,0.25,0.434,0.584,0.766,0.95,0.866,0.766
27,,0.434,0.2,0.384,0.534,0.716,0.9,0.816,0.716
28,,0.384,0.15,0.334,0.484,0.666,0.85,0.766,0.666
29,,0.334,0.1,0.284,0.434,0.616,0.8,0.716,0.616
30,,0.284,0.05,0.234,0.384,0.566,0.75,0.666,0.566
31,,0.234,0.0,0.184,0.334,0.516,0.7,0.616,0.516
32,,0.184,-0.05,0.134,0.284,0.466,0.65,0.566,0.466
33,2,0.517,0.95,0.467,0.334,0.233,0.3,0.333,0.516
34,2,0.85,1.0,0.8,0.384,0.0,-0.05,0.1,0.566
35,6,0.617,0.65,0.567,0.434,0.333,0.95,0.433,0.616
36,6,0.384,0.3,0.334,0.484,0.666,1.0,0.766,0.666
37,,0.334,0.25,0.284,0.434,0.616,0.95,0.716,0.616
38,,0.284,0.2,0.234,0.384,0.566,0.9,0.666,0.566
39,,0.234,0.15,0.184,0.334,0.516,0.85,0.616,0.516
40,,0.184,0.1,0.134,0.284,0.466,0.8,0.566,0.466
41,,0.134,0.05,0.084,0.234,0.416,0.75,0.516,0.416
42,,0.084,0.0,0.034,0.184,0.366,0.7,0.466,0.366
43,,0.034,-0.05,-0.016,0.134,0.316,0.65,0.416,0.316
44,2,0.367,0.95,0.317,0.184,0.083,0.3,0.183,0.366
45,2,0.7,1.0,0.65,0.234,-0.15,-0.05,-0.05,0.416
46,5,0.35,0.767,0.7,0.567,0.85,0.283,0.0,0.183
47,5,-0.0,0.534,0.75,0.9,1.0,0.616,0.05,-0.05
48,8,0.333,0.584,0.517,0.55,0.767,0.666,0.383,0.95
49,8,0.666,0.634,0.284,0.2,0.534,0.716,0.716,1.0
50,,0.616,0.584,0.234,0.15,0.484,0.666,0.666,0.95
51,,0.566,0.534,0.184,0.1,0.434,0.616,0.616,0.9
52,,0.516,0.484,0.134,0.05,0.384,0.566,0.566,0.85
53,,0.466,0.434,0.084,0.0,0.334,0.516,0.516,0.8
54,,0.416,0.384,0.034,-0.05,0.284,0.466,0.466,0.75
55,4,0.183,0.434,0.367,0.95,0.617,0.516,0.233,0.4
56,4,-0.05,0.484,0.7,1.0,0.95,0.566,0.0,0.05
57,1,0.95,0.817,0.75,0.767,0.6,0.333,0.05,0.383
58,1,1.0,1.0,0.8,0.534,0.25,0.1,0.1,0.716
59,,0.95,0.95,0.75,0.484,0.2,0.05,0.05,0.666
60,,0.9,0.9,0.7,0.434,0.15,0.0,0.0,0.616
61,,0.85,0.85,0.65,0.384,0.1,-0.05,-0.05,0.566
62,6,0.617,0.5,0.417,0.434,0.433,0.95,0.283,0.616
63,6,0.384,0.15,0.184,0.484,0.766,1.0,0.616,0.666
64,,0.334,0.1,0.134,0.434,0.716,0.95,0.566,0.616
65,,0.284,0.05,0.084,0.384,0.666,0.9,0.516,0.566
66,,0.234,0.0,0.034,0.334,0.616,0.85,0.466,0.516
67,,0.184,-0.05,-0.016,0.284,0.566,0.8,0.416,0.466
68,2,0.517,0.95,0.317,0.334,0.333,0.45,0.183,0.516
69,2,0.85,1.0,0.65,0.384,0.1,0.1,-0.05,0.566
70,7,0.9,0.767,0.3,0.151,0.15,0.433,0.95,0.899
71,7,0.95,0.534,-0.05,-0.082,0.2,0.766,1.0,1.0
72,4,0.717,0.584,0.283,0.918,0.533,0.816,0.767,0.65
73,4,0.484,0.634,0.616,1.0,0.866,0.866,0.534,0.3
74,,0.434,0.584,0.566,0.95,0.816,0.816,0.484,0.25
75,,0.384,0.534,0.516,0.9,0.766,0.766,0.434,0.2
76,,0.334,0.484,0.466,0.85,0.716,0.716,0.384,0.15
77,,0.284,0.434,0.416,0.8,0.666,0.666,0.334,0.1
78,,0.234,0.384,0.366,0.75,0.616,0.616,0.284,0.05
79,,0.184,0.334,0.316,0.7,0.566,0.566,0.234,0.0
80,,0.134,0.284,0.266,0.65,0.516,0.516,0.184,-0.05
81,8,0.467,0.334,0.033,0.3,0.283,0.566,0.517,0.95
82,8,0.8,0.384,-0.2,-0.05,0.05,0.616,0.85,1.0
83,3,0.85,0.717,0.8,0.283,0.1,0.383,0.5,0.767
84,3,0.9,1.0,1.0,0.616,0.15,0.15,0.15,0.534
85,,0.85,0.95,0.95,0.566,0.1,0.1,0.1,0.484
86,,0.8,0.9,0.9,0.516,0.05,0.05,0.05,0.434
87,,0.75,0.85,0.85,0.466,0.0,0.0,0.0,0.384
88,,0.7,0.8,0.8,0.416,-0.05,-0.05,-0.05,0.334
89,6,0.467,0.45,0.567,0.466,0.283,0.95,0.283,0.384
90,6,0.234,0.1,0.334,0.516,0.616,1.0,0.616,0.434
91,,0.184,0.05,0.284,0.466,0.566,0.95,0.566,0.384
92,,0.134,0.0,0.234,0.416,0.516,0.9,0.516,0.334
93,,0.084,-0.05,0.184,0.366,0.466,0.85,0.466,0.284
94,2,0.417,0.95,0.517,0.416,0.233,0.5,0.233,0.334
95,2,0.75,1.0,0.85,0.466,0.0,0.15,0.0,0.384
96,,0.7,0.95,0.8,0.416,-0.05,0.1,-0.05,0.334
97,7,0.75,0.717,0.45,0.183,0.0,0.433,0.95,0.667
98,7,0.8,0.484,0.1,-0.05,0.05,0.766,1.0,1.0
99,4,0.567,0.534,0.433,0.95,0.383,0.816,0.767,0.65
100,4,0.334,0.584,0.766,1.0,0.716,0.866,0.534,0.3
101,,0.284,0.534,0.716,0.95,0.666,0.816,0.484,0.25
102,,0.234,0.484,0.666,0.9,0.616,0.766,0.434,0.2
103,,0.184,0.434,0.616,0.85,0.566,0.716,0.384,0.15
104,,0.134,0.384,0.566,0.8,0.516,0.666,0.334,0.1
105,,0.084,0.334,0.516,0.75,0.466,0.616,0.284,0.05
106,,0.034,0.284,0.466,0.7,0.416,0.566,0.234,0.0
107,,-0.016,0.234,0.416,0.65,0.366,0.516,0.184,-0.05
108,8,0.317,0.284,0.183,0.3,0.133,0.566,0.517,0.95
109,8,0.65,0.334,-0.05,-0.05,-0.1,0.616,0.85,1.0
110,5,0.3,0.101,0.0,0.283,0.9,0.949,0.9,0.767
111,5,-0.05,-0.132,0.05,0.616,1.0,1.0,0.95,0.534
112,2,0.283,0.868,0.383,0.666,0.767,0.65,0.717,0.584
113,2,0.616,1.0,0.716,0.716,0.534,0.3,0.484,0.634
114,,0.566,0.95,0.666,0.666,0.484,0.25,0.434,0.584
115,,0.516,0.9,0.616,0.616,0.434,0.2,0.384,0.534
116,,0.466,0.85,0.566,0.566,0.384,0.15,0.334,0.484
117,,0.416,0.8,0.516,0.516,0.334,0.1,0.284,0.434
118,,0.366,0.75,0.466,0.466,0.284,0.05,0.234,0.384
119,,0.316,0.7,0.416,0.416,0.234,0.0,0.184,0.334
120,,0.266,0.65,0.366,0.366,0.184,-0.05,0.134,0.284
121,6,0.033,0.3,0.133,0.416,0.517,0.95,0.467,0.334
122,6,-0.2,-0.05,-0.1,0.466,0.85,1.0,0.8,0.384
123,1,0.8,0.283,-0.05,0.233,0.5,0.767,0.85,0.717
124,1,1.0,0.616,0.0,0.0,0.15,0.534,0.9,1.0
125,,0.95,0.566,-0.05,-0.05,0.1,0.484,0.85,0.95
126,3,1.0,0.899,0.95,0.283,0.15,0.251,0.5,0.717
127,3,1.0,1.0,1.0,0.616,0.2,0.018,0.15,0.484
128,,0.95,0.95,0.95,0.566,0.15,-0.032,0.1,0.434
129,6,0.717,0.6,0.717,0.616,0.483,0.968,0.433,0.484
130,6,0.484,0.25,0.484,0.666,0.816,1.0,0.766,0.534
131,,0.434,0.2,0.434,0.616,0.766,0.95,0.716,0.484
132,,0.384,0.15,0.384,0.566,0.716,0.9,0.666,0.434
133,,0.334,0.1,0.334,0.516,0.666,0.85,0.616,0.384
134,,0.284,0.05,0.284,0.466,0.616,0.8,0.566,0.334
135,,0.234,0.0,0.234,0.416,0.566,0.75,0.516,0.284
136,,0.184,-0.05,0.184,0.366,0.516,0.7,0.466,0.234
137,2,0.517,0.95,0.517,0.416,0.283,0.35,0.233,0.284
138,2,0.85,1.0,0.85,0.466,0.05,-0.0,0.0,0.334
139,,0.8,0.95,0.8,0.416,0.0,-0.05,-0.05,0.284
140,6,0.567,0.6,0.567,0.466,0.333,0.95,0.283,0.334
141,6,0.334,0.25,0.334,0.516,0.666,1.0,0.616,0.384
142,,0.284,0.2,0.284,0.466,0.616,0.95,0.566,0.334
143,,0.234,0.15,0.234,0.416,0.566,0.9,0.516,0.284
144,,0.184,0.1,0.184,0.366,0.516,0.85,0.466,0.234
145,,0.134,0.05,0.134,0.316,0.466,0.8,0.416,0.184
146,,0.084,0.0,0.084,0.266,0.416,0.75,0.366,0.134
147,,0.034,-0.05,0.034,0.216,0.366,0.7,0.316,0.084
148,2,0.367,0.95,0.367,0.266,0.133,0.35,0.083,0.134
149,2,0.7,1.0,0.7,0.316,-0.1,-0.0,-0.15,0.184
150,7,0.75,0.767,0.35,0.083,-0.05,0.333,0.85,0.517
151,7,0.8,0.534,-0.0,-0.15,0.0,0.666,1.0,0.85
152,4,0.567,0.584,0.333,0.85,0.333,0.716,0.767,0.5
153,4,0.334,0.634,0.666,1.0,0.666,0.766,0.534,0.15
154,,0.284,0.584,0.616,0.95,0.616,0.716,0.484,0.1
155,,0.234,0.534,0.566,0.9,0.566,0.666,0.434,0.05
156,,0.184,0.484,0.516,0.85,0.516,0.616,0.384,0.0
157,,0.134,0.434,0.466,0.8,0.466,0.566,0.334,-0.05
158,8,0.467,0.484,0.233,0.45,0.233,0.616,0.667,0.95
159,8,0.8,0.534,0.0,0.1,0.0,0.666,1.0,1.0
160,,0.75,0.484,-0.05,0.05,-0.05,0.616,0.95,0.95
161,5,0.4,0.251,0.0,0.383,0.95,0.949,1.0,0.717
162,5,0.05,0.018,0.05,0.716,1.0,1.0,1.0,0.484
163,,0.0,-0.032,0.0,0.666,0.95,0.95,0.95,0.434
164,2,0.333,0.968,0.333,0.716,0.717,0.6,0.717,0.484
165,2,0.666,1.0,0.666,0.766,0.484,0.25,0.484,0.534
166,,0.616,0.95,0.616,0.716,0.434,0.2,0.434,0.484
167,,0.566,0.9,0.566,0.666,0.384,0.15,0.384,0.434
168,,0.516,0.85,0.516,0.616,0.334,0.1,0.334,0.384
169,,0.466,0.8,0.466,0.566,0.284,0.05,0.284,0.334
170,,0.416,0.75,0.416,0.516,0.234,0.0,0.234,0.284
171,,0.366,0.7,0.366,0.466,0.184,-0.05,0.184,0.234
172,6,0.133,0.35,0.133,0.516,0.517,0.95,0.517,0.284
173,6,-0.1,-0.0,-0.1,0.566,0.85,1.0,0.85,0.334
174,3,-0.05,0.333,0.9,0.899,0.9,0.767,0.5,0.101
175,3,0.0,0.666,1.0,1.0,0.95,0.534,0.15,-0.132
176,8,0.333,0.716,0.767,0.65,0.717,0.584,0.483,0.868
177,8,0.666,0.766,0.534,0.3,0.484,0.634,0.816,1.0
178,,0.616,0.716,0.484,0.25,0.434,0.584,0.766,0.95
179,,0.566,0.666,0.434,0.2,0.384,0.534,0.716,0.9
180,,0.516,0.616,0.384,0.15,0.334,0.484,0.666,0.85
181,,0.466,0.566,0.334,0.1,0.284,0.434,0.616,0.8
182,,0.416,0.516,0.284,0.05,0.234,0.384,0.566,0.75
183,,0.366,0.466,0.234,0.0,0.184,0.334,0.516,0.7
184,,0.316,0.416,0.184,-0.05,0.134,0.284,0.466,0.65
185,4,0.083,0.466,0.517,0.95,0.467,0.334,0.233,0.3
186,4,-0.15,0.516,0.85,1.0,0.8,0.384,0.0,-0.05
187,1,0.85,0.849,0.9,0.767,0.45,0.151,0.05,0.283
188,1,1.0,1.0,0.95,0.534,0.1,-0.082,0.1,0.616
189,6,0.767,0.65,0.717,0.584,0.433,0.918,0.433,0.666
190,6,0.534,0.3,0.484,0.634,0.766,1.0,0.766,0.716
191,,0.484,0.25,0.434,0.584,0.716,0.95,0.716,0.666
192,,0.434,0.2,0.384,0.534,0.666,0.9,0.666,0.616
193,,0.384,0.15,0.334,0.484,0.616,0.85,0.616,0.566
194,,0.334,0.1,0.284,0.434,0.566,0.8,0.566,0.516
195,,0.284,0.05,0.234,0.384,0.516,0.75,0.516,0.466
196,,0.234,0.0,0.184,0.334,0.466,0.7,0.466,0.416
197,,0.184,-0.05,0.134,0.284,0.416,0.65,0.416,0.366
198,2,0.517,0.95,0.467,0.334,0.183,0.3,0.183,0.416
199,2,0.85,1.0,0.8,0.384,-0.05,-0.05,-0.05,0.466
200,7,0.9,0.767,0.45,0.151,0.0,0.283,0.95,0.799
201,7,0.95,0.534,0.1,-0.082,0.05,0.616,1.0,1.0
202,4,0.717,0.584,0.433,0.918,0.383,0.666,0.767,0.65
203,4,0.484,0.634,0.766,1.0,0.716,0.716,0.534,0.3
204,,0.434,0.584,0.716,0.95,0.666,0.666,0.484,0.25
205,,0.384,0.534,0.666,0.9,0.616,0.616,0.434,0.2
206,,0.334,0.484,0.616,0.85,0.566,0.566,0.384,0.15
207,,0.284,0.434,0.566,0.8,0.516,0.516,0.334,0.1
208,,0.234,0.384,0.516,0.75,0.466,0.466,0.284,0.05
209,,0.184,0.334,0.466,0.7,0.416,0.416,0.234,0.0
210,,0.134,0.284,0.416,0.65,0.366,0.366,0.184,-0.05
211,8,0.467,0.334,0.183,0.3,0.133,0.416,0.517,0.95
212,8,0.8,0.384,-0.05,-0.05,-0.1,0.466,0.85,1.0
213,5,0.45,0.151,0.0,0.283,0.9,0.799,0.9,0.767
214,5,0.1,-0.082,0.05,0.616,1.0,1.0,0.95,0.534
215,2,0.433,0.918,0.383,0.666,0.767,0.65,0.717,0.584
216,2,0.766,1.0,0.716,0.716,0.534,0.3,0.484,0.634
217,,0.716,0.95,0.666,0.666,0.484,0.25,0.434,0.584
218,,0.666,0.9,0.616,0.616,0.434,0.2,0.384,0.534
219,,0.616,0.85,0.566,0.566,0.384,0.15,0.334,0.484
220,,0.566,0.8,0.516,0.516,0.334,0.1,0.284,0.434
221,,0.516,0.75,0.466,0.466,0.284,0.05,0.234,0.384
222,,0.466,0.7,0.416,0.416,0.234,0.0,0.184,0.334
223,,0.416,0.65,0.366,0.366,0.184,-0.05,0.134,0.284
224,6,0.183,0.3,0.133,0.416,0.517,0.95,0.467,0.334
225,6,-0.05,-0.05,-0.1,0.466,0.85,1.0,0.8,0.384
226,3,0.0,0.283,0.9,0.799,0.9,0.767,0.45,0.151
227,3,0.05,0.616,1.0,1.0,0.95,0.534,0.1,-0.082
228,8,0.383,0.666,0.767,0.65,0.717,0.584,0.433,0.918
229,8,0.716,0.716,0.534,0.3,0.484,0.634,0.766,1.0
230,,0.666,0.666,0.484,0.25,0.434,0.584,0.716,0.95
231,,0.616,0.616,0.434,0.2,0.384,0.534,0.666,0.9
232,,0.566,0.566,0.384,0.15,0.334,0.484,0.616,0.85
233,,0.516,0.516,0.334,0.1,0.284,0.434,0.566,0.8
234,,0.466,0.466,0.284,0.05,0.234,0.384,0.516,0.75
235,,0.416,0.416,0.234,0.0,0.184,0.334,0.466,0.7
236,,0.366,0.366,0.184,-0.05,0.134,0.284,0.416,0.65
237,4,0.133,0.416,0.517,0.95,0.467,0.334,0.183,0.3
238,4,-0.1,0.466,0.85,1.0,0.8,0.384,-0.05,-0.05
239,1,0.9,0.799,0.9,0.767,0.45,0.151,0.0,0.283
240,1,1.0,1.0,0.95,0.534,0.1,-0.082,0.05,0.616
241,6,0.767,0.65,0.717,0.584,0.433,0.918,0.383,0.666
242,6,0.534,0.3,0.484,0.634,0.766,1.0,0.716,0.716
243,,0.484,0.25,0.434,0.584,0.716,0.95,0.666,0.666
244,,0.434,0.2,0.384,0.534,0.666,0.9,0.616,0.616
245,,0.384,0.15,0.334,0.484,0.616,0.85,0.566,0.566
246,,0.334,0.1,0.284,0.434,0.566,0.8,0.516,0.516
247,,0.284,0.05,0.234,0.384,0.516,0.75,0.466,0.466
248,,0.234,0.0,0.184,0.334,0.466,0.7,0.416,0.416
249,,0.184,-0.05,0.134,0.284,0.416,0.65,0.366,0.366
250,2,0.517,0.95,0.467,0.334,0.183,0.3,0.133,0.416
251,2,0.85,1.0,0.8,0.384,-0.05,-0.05,-0.1,0.466
252,7,0.9,0.767,0.45,0.151,0.0,0.283,0.9,0.799
253,7,0.95,0.534,0.1,-0.082,0.05,0.616,1.0,1.0
254,4,0.717,0.584,0.433,0.918,0.383,0.666,0.767,0.65
255,4,0.484,0.634,0.766,1.0,0.716,0.716,0.534,0.3
256,,0.434,0.584,0.716,0.95,0.666,0.666,0.484,0.25
257,,0.384,0.534,0.666,0.9,0.616,0.616,0.434,0.2
258,,0.334,0.484,0.616,0.85,0.566,0.566,0.384,0.15
259,,0.284,0.434,0.566,0.8,0.516,0.516,0.334,0.1
260,,0.234,0.384,0.516,0.75,0.466,0.466,0.284,0.05
261,,0.184,0.334,0.466,0.7,0.416,0.416,0.234,0.0
262,,0.134,0.284,0.416,0.65,0.366,0.366,0.184,-0.05
263,8,0.467,0.334,0.183,0.3,0.133,0.416,0.517,0.95
264,8,0.8,0.384,-0.05,-0.05,-0.1,0.466,0.85,1.0
265,5,0.45,0.151,0.0,0.283,0.9,0.799,0.9,0.767
266,5,0.1,-0.082,0.05,0.616,1.0,1.0,0.95,0.534
267,2,0.433,0.918,0.383,0.666,0.767,0.65,0.717,0.584
268,2,0.766,1.0,0.716,0.716,0.534,0.3,0.484,0.634
269,,0.716,0.95,0.666,0.666,0.484,0.25,0.434,0.584
270,,0.666,0.9,0.616,0.616,0.434,0.2,0.384,0.534
271,,0.616,0.85,0.566,0.566,0.384,0.15,0.334,0.484
272,,0.566,0.8,0.516,0.516,0.334,0.1,0.284,0.434
273,,0.516,0.75,0.466,0.466,0.284,0.05,0.234,0.384
274,,0.466,0.7,0.416,0.416,0.234,0.0,0.184,0.334
275,,0.416,0.65,0.366,0.366,0.184,-0.05,0.134,0.284
276,6,0.183,0.3,0.133,0.416,0.517,0.95,0.467,0.334
277,6,-0.05,-0.05,-0.1,0.466,0.85,1.0,0.8,0.384
278,3,0.0,0.283,0.9,0.799,0.9,0.767,0.45,0.151
279,3,0.05,0.616,1.0,1.0,0.95,0.534,0.1,-0.082
280,8,0.383,0.666,0.767,0.65,0.717,0.584,0.433,0.918
281,8,0.716,0.716,0.534,0.3,0.484,0.634,0.766,1.0
282,,0.666,0.666,0.484,0.25,0.434,0.584,0.716,0.95
283,,0.616,0.616,0.434,0.2,0.384,0.534,0.666,0.9
284,,0.566,0.566,0.384,0.15,0.334,0.484,0.616,0.85
285,,0.516,0.516,0.334,0.1,0.284,0.434,0.566,0.8
286,,0.466,0.466,0.284,0.05,0.234,0.384,0.516,0.75
287,,0.416,0.416,0.234,0.0,0.184,0.334,0.466,0.7
288,,0.366,0.366,0.184,-0.05,0.134,0.284,0.416,0.65
289,4,0.133,0.416,0.517,0.95,0.467,0.334,0.183,0.3
290,4,-0.1,0.466,0.85,1.0,0.8,0.384,-0.05,-0.05
291,1,0.9,0.799,0.9,0.767,0.45,0.151,0.0,0.283
292,1,1.0,1.0,0.95,0.534,0.1,-0.082,0.05,0.616
293,6,0.767,0.65,0.717,0.584,0.433,0.918,0.383,0.666
294,6,0.534,0.3,0.484,0.634,0.766,1.0,0.716,0.716
295,,0.484,0.25,0.434,0.584,0.716,0.95,0.666,0.666
296,,0.434,0.2,0.384,0.534,0.666,0.9,0.616,0.616
297,,0.384,0.15,0.334,0.484,0.616,0.85,0.566,0.566
298,,0.334,0.1,0.284,0.434,0.566,0.8,0.516,0.516
299,,0.284,0.05,0.234,0.384,0.516,0.75,0.466,0.466
300,,0.234,0.0,0.184,0.334,0.466,0.7,0.416,0.416
301,,0.184,-0.05,0.134,0.284,0.416,0.65,0.366,0.366
302,2,0.517,0.95,0.467,0.334,0.183,0.3,0.133,0.416
303,2,0.85,1.0,0.8,0.384,-0.05,-0.05,-0.1,0.466
304,7,0.9,0.767,0.45,0.151,0.0,0.283,0.9,0.799
305,7,0.95,0.534,0.1,-0.082,0.05,0.616,1.0,1.0
306,4,0.717,0.584,0.433,0.918,0.383,0.666,0.767,0.65
307,4,0.484,0.634,0.766,1.0,0.716,0.716,0.534,0.3
308,,0.434,0.584,0.716,0.95,0.666,0.666,0.484,0.25
309,,0.384,0.534,0.666,0.9,0.616,0.616,0.434,0.2
310,,0.334,0.484,0.616,0.85,0.566,0.566,0.384,0.15
311,,0.284,0.434,0.566,0.8,0.516,0.516,0.334,0.1
312,,0.234,0.384,0.516,0.75,0.466,0.466,0.284,0.05
313,,0.184,0.334,0.466,0.7,0.416,0.416,0.234,0.0
314,,0.134,0.284,0.416,0.65,0.366,0.366,0.184,-0.05
315,8,0.467,0.334,0.183,0.3,0.133,0.416,0.517,0.95
316,8,0.8,0.384,-0.05,-0.05,-0.1,0.466,0.85,1.0
317,5,0.45,0.151,0.0,0.283,0.9,0.799,0.9,0.767
318,5,0.1,-0.082,0.05,0.616,1.0,1.0,0.95,0.534
319,2,0.433,0.918,0.383,0.666,0.767,0.65,0.717,0.584
320,2,0.766,1.0,0.716,0.716,0.534,0.3,0.484,0.634
321,,0.716,0.95,0.666,0.666,0.484,0.25,0.434,0.584
322,,0.666,0.9,0.616,0.616,0.434,0.2,0.384,0.534
323,,0.616,0.85,0.566,0.566,0.384,0.15,0.334,0.484
324,,0.566,0.8,0.516,0.516,0.334,0.1,0.284,0.434
325,,0.516,0.75,0.466,0.466,0.284,0.05,0.234,0.384
326,,0.466,0.7,0.416,0.416,0.234,0.0,0.184,0.334
327,,0.416,0.65,0.366,0.366,0.184,-0.05,0.134,0.284
328,6,0.183,0.3,0.133,0.416,0.517,0.95,0.467,0.334
329,6,-0.05,-0.05,-0.1,0.466,0.85,1.0,0.8,0.384
330,3,0.0,0.283,0.9,0.799,0.9,0.767,0.45,0.151
331,3,0.05,0.616,1.0,1.0,0.95,0.534,0.1,-0.082
332,8,0.383,0.666,0.767,0.65,0.717,0.584,0.433,0.918
333,8,0.716,0.716,0.534,0.3,0.484,0.634,0.766,1.0
334,,0.666,0.666,0.484,0.25,0.434,0.584,0.716,0.95
335,,0.616,0.616,0.434,0.2,0.384,0.534,0.666,0.9
336,,0.566,0.566,0.384,0.15,0.334,0.484,0.616,0.85
337,,0.516,0.516,0.334,0.1,0.284,0.434,0.566,0.8
338,,0.466,0.466,0.284,0.05,0.234,0.384,0.516,0.75
339,,0.416,0.416,0.234,0.0,0.184,0.334,0.466,0.7
340,,0.366,0.366,0.184,-0.05,0.134,0.284,0.416,0.65
341,4,0.133,0.416,0.517,0.95,0.467,0.334,0.183,0.3
342,4,-0.1,0.466,0.85,1.0,0.8,0.384,-0.05,-0.05
343,1,0.9,0.799,0.9,0.767,0.45,0.151,0.0,0.283
344,1,1.0,1.0,0.95,0.534,0.1,-0.082,0.05,0.616
345,6,0.767,0.65,0.717,0.584,0.433,0.918,0.383,0.666
346,6,0.534,0.3,0.484,0.634,0.766,1.0,0.716,0.716
347,,0.484,0.25,0.434,0.584,0.716,0.95,0.666,0.666
348,,0.434,0.2,0.384,0.534,0.666,0.9,0.616,0.616
349,,0.384,0.15,0.334,0.484,0.616,0.85,0.566,0.566
350,,0.334,0.1,0.284,0.434,0.566,0.8,0.516,0.516
351,,0.284,0.05,0.234,0.384,0.516,0.75,0.466,0.466
352,,0.234,0.0,0.184,0.334,0.466,0.7,0.416,0.416
353,,0.184,-0.05,0.134,0.284,0.416,0.65,0.366,0.366
354,2,0.517,0.95,0.467,0.334,0.183,0.3,0.133,0.416
355,2,0.85,1.0,0.8,0.384,-0.05,-0.05,-0.1,0.466
356,7,0.9,0.767,0.45,0.151,0.0,0.283,0.9,0.799
357,7,0.95,0.534,0.1,-0.082,0.05,0.616,1.0,1.0
358,4,0.717,0.584,0.433,0.918,0.383,0.666,0.767,0.65
359,4,0.484,0.634,0.766,1.0,0.716,0.716,0.534,0.3
360,,0.434,0.584,0.716,0.95,0.666,0.666,0.484,0.25
361,,0.384,0.534,0.666,0.9,0.616,0.616,0.434,0.2
362,,0.334,0.484,0.616,0.85,0.566,0.566,0.384,0.15
363,,0.284,0.434,0.566,0.8,0.516,0.516,0.334,0.1
364,,0.234,0.384,0.516,0.75,0.466,0.466,0.284,0.05
365,,0.184,0.334,0.466,0.7,0.416,0.416,0.234,0.0
366,,0.134,0.284,0.416,0.65,0.366,0.366,0.184,-0.05
367,8,0.467,0.334,0.183,0.3,0.133,0.416,0.517,0.95
368,8,0.8,0.384,-0.05,-0.05,-0.1,0.466,0.85,1.0
369,5,0.45,0.151,0.0,0.283,0.9,0.799,0.9,0.767
370,5,0.1,-0.082,0.05,0.616,1.0,1.0,0.95,0.534
371,2,0.433,0.918,0.383,0.666,0.767,0.65,0.717,0.584
372,2,0.766,1.0,0.716,0.716,0.534,0.3,0.484,0.634
373,,0.716,0.95,0.666,0.666,0.484,0.25,0.434,0.584
374,,0.666,0.9,0.616,0.616,0.434,0.2,0.384,0.534
375,,0.616,0.85,0.566,0.566,0.384,0.15,0.334,0.484
376,,0.566,0.8,0.516,0.516,0.334,0.1,0.284,0.434
377,,0.516,0.75,0.466,0.466,0.284,0.05,0.234,0.384
378,,0.466,0.7,0.416,0.416,0.234,0.0,0.184,0.334
379,,0.416,0.65,0.366,0.366,0.184,-0.05,0.134,0.284
380,6,0.183,0.3,0.133,0.416,0.517,0.95,0.467,0.334
381,6,-0.05,-0.05,-0.1,0.466,0.85,1.0,0.8,0.384
382,3,0.0,0.283,0.9,0.799,0.9,0.767,0.45,0.151
383,3,0.05,0.616,1.0,1.0,0.95,0.534,0.1,-0.082
384,8,0.383,0.666,0.767,0.65,0.717,0.584,0.433,0.918
385,8,0.716,0.716,0.534,0.3,0.484,0.634,0.766,1.0
386,,0.666,0.666,0.484,0.25,0.434,0.584,0.716,0.95
387,,0.616,0.616,0.434,0.2,0.384,0.534,0.666,0.9
388,,0.566,0.566,0.384,0.15,0.334,0.484,0.616,0.85
389,,0.516,0.516,0.334,0.1,0.284,0.434,0.566,0.8
390,,0.466,0.466,0.284,0.05,0.234,0.384,0.516,0.75
391,,0.416,0.416,0.234,0.0,0.184,0.334,0.466,0.7
392,,0.366,0.366,0.184,-0.05,0.134,0.284,0.416,0.65
393,4,0.133,0.416,0.517,0.95,0.467,0.334,0.183,0.3
394,4,-0.1,0.466,0.85,1.0,0.8,0.384,-0.05,-0.05
395,1,0.9,0.799,0.9,0.767,0.45,0.151,0.0,0.283
396,1,1.0,1.0,0.95,0.534,0.1,-0.082,0.05,0.616
397,6,0.767,0.65,0.717,0.584,0.433,0.918,0.383,0.666
398,6,0.534,0.3,0.484,0.634,0.766,1.0,0.716,0.716
399,,0.484,0.25,0.434,0.584,0.716,0.95,0.666,0.666
400,,0.434,0.2,0.384,0.534,0.666,0.9,0.616,0.616
401,,0.384,0.15,0.334,0.484,0.616,0.85,0.566,0.566
402,,0.334,0.1,0.284,0.434,0.566,0.8,0.516,0.516
403,,0.284,0.05,0.234,0.384,0.516,0.75,0.466,0.466
404,,0.234,0.0,0.184,0.334,0.466,0.7,0.416,0.416
405,,0.184,-0.05,0.134,0.284,0.416,0.65,0.366,0.366
406,2,0.517,0.95,0.467,0.334,0.183,0.3,0.133,0.416
407,2,0.85,1.0,0.8,0.384,-0.05,-0.05,-0.1,0.466
408,7,0.9,0.767,0.45,0.151,0.0,0.283,0.9,0.799
409,7,0.95,0.534,0.1,-0.082,0.05,0.616,1.0,1.0
410,4,0.717,0.584,0.433,0.918,0.383,0.666,0.767,0.65
411,4,0.484,0.634,0.766,1.0,0.716,0.716,0.534,0.3
412,,0.434,0.584,0.716,0.95,0.666,0.666,0.484,0.25
413,,0.384,0.534,0.666,0.9,0.616,0.616,0.434,0.2
414,,0.334,0.484,0.616,0.85,0.566,0.566,0.384,0.15
415,,0.284,0.434,0.566,0.8,0.516,0.516,0.334,0.1
416,,0.234,0.384,0.516,0.75,0.466,0.466,0.284,0.05
417,,0.184,0.334,0.466,0.7,0.416,0.416,0.234,0.0
418,,0.134,0.284,0.416,0.65,0.366,0.366,0.184,-0.05
419,8,0.467,0.334,0.183,0.3,0.133,0.416,0.517,0.95
420,8,0.8,0.384,-0.05,-0.05,-0.1,0.466,0.85,1.0
421,5,0.45,0.151,0.0,0.283,0.9,0.799,0.9,0.767
422,5,0.1,-0.082,0.05,0.616,1.0,1.0,0.95,0.534
423,2,0.433,0.918,0.383,0.666,0.767,0.65,0.717,0.584
424,2,0.766,1.0,0.716,0.716,0.534,0.3,0.484,0.634
425,,0.716,0.95,0.666,0.666,0.484,0.25,0.434,0.584
426,,0.666,0.9,0.616,0.616,0.434,0.2,0.384,0.534
427,,0.616,0.85,0.566,0.566,0.384,0.15,0.334,0.484
428,,0.566,0.8,0.516,0.516,0.334,0.1,0.284,0.434
429,,0.516,0.75,0.466,0.466,0.284,0.05,0.234,0.384
430,,0.466,0.7,0.416,0.416,0.234,0.0,0.184,0.334
431,,0.416,0.65,0.366,0.366,0.184,-0.05,0.134,0.284
432,6,0.183,0.3,0.133,0.416,0.517,0.95,0.467,0.334
433,6,-0.05,-0.05,-0.1,0.466,0.85,1.0,0.8,0.384
434,3,0.0,0.283,0.9,0.799,0.9,0.767,0.45,0.151
435,3,0.05,0.616,1.0,1.0,0.95,0.534,0.1,-0.082
436,8,0.383,0.666,0.767,0.65,0.717,0.584,0.433,0.918
437,8,0.716,0.716,0.534,0.3,0.484,0.634,0.766,1.0
438,,0.666,0.666,0.484,0.25,0.434,0.584,0.716,0.95
439,,0.616,0.616,0.434,0.2,0.384,0.534,0.666,0.9
440,,0.566,0.566,0.384,0.15,0.334,0.484,0.616,0.85
441,,0.516,0.516,0.334,0.1,0.284,0.434,0.566,0.8
442,,0.466,0.466,0.284,0.05,0.234,0.384,0.516,0.75
443,,0.416,0.416,0.234,0.0,0.184,0.334,0.466,0.7
444,,0.366,0.366,0.184,-0.05,0.134,0.284,0.416,0.65
445,4,0.133,0.416,0.517,0.95,0.467,0.334,0.183,0.3
446,4,-0.1,0.466,0.85,1.0,0.8,0.384,-0.05,-0.05
447,1,0.9,0.799,0.9,0.767,0.45,0.151,0.0,0.283
448,1,1.0,1.0,0.95,0.534,0.1,-0.082,0.05,0.616
449,6,0.767,0.65,0.717,0.584,0.433,0.918,0.383,0.666
450,6,0.534,0.3,0.484,0.634,0.766,1.0,0.716,0.716
451,,0.484,0.25,0.434,0.584,0.716,0.95,0.666,0.666
452,,0.434,0.2,0.384,0.534,0.666,0.9,0.616,0.616
453,,0.384,0.15,0.334,0.484,0.616,0.85,0.566,0.566
454,,0.334,0.1,0.284,0.434,0.566,0.8,0.516,0.516
455,,0.284,0.05,0.234,0.384,0.516,0.75,0.466,0.466
456,,0.234,0.0,0.184,0.334,0.466,0.7,0.416,0.416
457,,0.184,-0.05,0.134,0.284,0.416,0.65,0.366,0.366
458,2,0.517,0.95,0.467,0.334,0.183,0.3,0.133,0.416
459,2,0.85,1.0,0.8,0.384,-0.05,-0.05,-0.1,0.466
460,7,0.9,0.767,0.45,0.151,0.0,0.283,0.9,0.799
461,7,0.95,0.534,0.1,-0.082,0.05,0.616,1.0,1.0
462,4,0.717,0.584,0.433,0.918,0.383,0.666,0.767,0.65
463,4,0.484,0.634,0.766,1.0,0.716,0.716,0.534,0.3
464,,0.434,0.584,0.716,0.95,0.666,0.666,0.484,0.25
465,,0.384,0.534,0.666,0.9,0.616,0.616,0.434,0.2
466,,0.334,0.484,0.616,0.85,0.566,0.566,0.384,0.15
467,,0.284,0.434,0.566,0.8,0.516,0.516,0.334,0.1
468,,0.234,0.384,0.516,0.75,0.466,0.466,0.284,0.05
469,,0.184,0.334,0.466,0.7,0.416,0.416,0.234,0.0
470,,0.134,0.284,0.416,0.65,0.366,0.366,0.184,-0.05
471,8,0.467,0.334,0.183,0.3,0.133,0.416,0.517,0.95
472,8,0.8,0.384,-0.05,-0.05,-0.1,0.466,0.85,1.0
473,5,0.45,0.151,0.0,0.283,0.9,0.799,0.9,0.767
474,5,0.1,-0.082,0.05,0.616,1.0,1.0,0.95,0.534
475,2,0.433,0.918,0.383,0.666,0.767,0.65,0.717,0.584
476,2,0.766,1.0,0.716,0.716,0.534,0.3,0.484,0.634
477,,0.716,0.95,0.666,0.666,0.484,0.25,0.434,0.584
478,,0.666,0.9,0.616,0.616,0.434,0.2,0.384,0.534
479,,0.616,0.85,0.566,0.566,0.384,0.15,0.334,0.484
480,,0.566,0.8,0.516,0.516,0.334,0.1,0.284,0.434
481,,0.516,0.75,0.466,0.466,0.284,0.05,0.234,0.384
482,,0.466,0.7,0.416,0.416,0.234,0.0,0.184,0.334
483,,0.416,0.65,0.366,0.366,0.184,-0.05,0.134,0.284
484,6,0.183,0.3,0.133,0.416,0.517,0.95,0.467,0.334
485,6,-0.05,-0.05,-0.1,0.466,0.85,1.0,0.8,0.384
486,3,0.0,0.283,0.9,0.799,0.9,0.767,0.45,0.151
487,3,0.05,0.616,1.0,1.0,0.95,0.534,0.1,-0.082
488,8,0.383,0.666,0.767,0.65,0.717,0.584,0.433,0.918
489,8,0.716,0.716,0.534,0.3,0.484,0.634,0.766,1.0
490,,0.666,0.666,0.484,0.25,0.434,0.584,0.716,0.95
491,,0.616,0.616,0.434,0.2,0.384,0.534,0.666,0.9
492,,0.566,0.566,0.384,0.15,0.334,0.484,0.616,0.85
493,,0.516,0.516,0.334,0.1,0.284,0.434,0.566,0.8
494,,0.466,0.466,0.284,0.05,0.234,0.384,0.516,0.75
495,,0.416,0.416,0.234,0.0,0.184,0.334,0.466,0.7
496,,0.366,0.366,0.184,-0.05,0.134,0.284,0.416,0.65
497,4,0.133,0.416,0.517,0.95,0.467,0.334,0.183,0.3
498,4,-0.1,0.466,0.85,1.0,0.8,0.384,-0.05,-0.05
499,1,0.9,0.799,0.9,0.767,0.45,0.151,0.0,0.283
500,1,1.0,1.0,0.95,0.534,0.1,-0.082,0.05,0.616
501,6,0.767,0.65,0.717,0.584,0.433,0.918,0.383,0.666
502,6,0.534,0.3,0.484,0.634,0.766,1.0,0.716,0.716
503,,0.484,0.25,0.434,0.584,0.716,0.95,0.666,0.666
504,,0.434,0.2,0.384,0.534,0.666,0.9,0.616,0.616
505,,0.384,0.15,0.334,0.484,0.616,0.85,0.566,0.566
506,,0.334,0.1,0.284,0.434,0.566,0.8,0.516,0.516
507,,0.284,0.05,0.234,0.384,0.516,0.75,0.466,0.466
508,,0.234,0.0,0.184,0.334,0.466,0.7,0.416,0.416
509,,0.184,-0.05,0.134,0.284,0.416,0.65,0.366,0.366
510,2,0.517,0.95,0.467,0.334,0.183,0.3,0.133,0.416
511,2,0.85,1.0,0.8,0.384,-0.05,-0.05,-0.1,0.466
512,7,0.9,0.767,0.45,0.151,0.0,0.283,0.9,0.799
513,7,0.95,0.534,0.1,-0.082,0.05,0.616,1.0,1.0
514,4,0.717,0.584,0.433,0.918,0.383,0.666,0.767,0.65
515,4,0.484,0.634,0.766,1.0,0.716,0.716,0.534,0.3
516,,0.434,0.584,0.716,0.95,0.666,0.666,0.484,0.25
517,,0.384,0.534,0.666,0.9,0.616,0.616,0.434,0.2
518,,0.334,0.484,0.616,0.85,0.566,0.566,0.384,0.15
519,,0.284,0.434,0.566,0.8,0.516,0.516,0.334,0.1
520,,0.234,0.384,0.516,0.75,0.466,0.466,0.284,0.05
521,,0.184,0.334,0.466,0.7,0.416,0.416,0.234,0.0
522,,0.134,0.284,0.416,0.65,0.366,0.366,0.184,-0.05
523,8,0.467,0.334,0.183,0.3,0.133,0.416,0.517,0.95
524,8,0.8,0.384,-0.05,-0.05,-0.1,0.466,0.85,1.0
525,5,0.45,0.151,0.0,0.283,0.9,0.799,0.9,0.767
526,5,0.1,-0.082,0.05,0.616,1.0,1.0,0.95,0.534
527,2,0.433,0.918,0.383,0.666,0.767,0.65,0.717,0.584
528,2,0.766,1.0,0.716,0.716,0.534,0.3,0.484,0.634
529,,0.716,0.95,0.666,0.666,0.484,0.25,0.434,0.584
530,,0.666,0.9,0.616,0.616,0.434,0.2,0.384,0.534
531,,0.616,0.85,0.566,0.566,0.384,0.15,0.334,0.484
532,,0.566,0.8,0.516,0.516,0.334,0.1,0.284,0.434
533,,0.516,0.75,0.466,0.466,0.284,0.05,0.234,0.384
534,,0.466,0.7,0.416,0.416,0.234,0.0,0.184,0.334
535,,0.416,0.65,0.366,0.366,0.184,-0.05,0.134,0.284
536,6,0.183,0.3,0.133,0.416,0.517,0.95,0.467,0.334
537,6,-0.05,-0.05,-0.1,0.466,0.85,1.0,0.8,0.384
538,3,0.0,0.283,0.9,0.799,0.9,0.767,0.45,0.151
539,3,0.05,0.616,1.0,1.0,0.95,0.534,0.1,-0.082
540,8,0.383,0.666,0.767,0.65,0.717,0.584,0.433,0.918
541,8,0.716,0.716,0.534,0.3,0.484,0.634,0.766,1.0
542,,0.666,0.666,0.484,0.25,0.434,0.584,0.716,0.95
543,,0.616,0.616,0.434,0.2,0.384,0.534,0.666,0.9
544,,0.566,0.566,0.384,0.15,0.334,0.484,0.616,0.85
545,,0.516,0.516,0.334,0.1,0.284,0.434,0.566,0.8
546,,0.466,0.466,0.284,0.05,0.234,0.384,0.516,0.75
547,,0.416,0.416,0.234,0.0,0.184,0.334,0.466,0.7
548,,0.366,0.366,0.184,-0.05,0.134,0.284,0.416,0.65
549,4,0.133,0.416,0.517,0.95,0.467,0.334,0.183,0.3
550,4,-0.1,0.466,0.85,1.0,0.8,0.384,-0.05,-0.05
551,1,0.9,0.799,0.9,0.767,0.45,0.151,0.0,0.283
552,1,1.0,1.0,0.95,0.534,0.1,-0.082,0.05,0.616
553,6,0.767,0.65,0.717,0.584,0.433,0.918,0.383,0.666
554,6,0.534,0.3,0.484,0.634,0.766,1.0,0.716,0.716
555,,0.484,0.25,0.434,0.584,0.716,0.95,0.666,0.666
556,,0.434,0.2,0.384,0.534,0.666,0.9,0.616,0.616
557,,0.384,0.15,0.334,0.484,0.616,0.85,0.566,0.566
558,,0.334,0.1,0.284,0.434,0.566,0.8,0.516,0.516
559,,0.284,0.05,0.234,0.384,0.516,0.75,0.466,0.466
560,,0.234,0.0,0.184,0.334,0.466,0.7,0.416,0.416
561,,0.184,-0.05,0.134,0.284,0.416,0.65,0.366,0.366
562,2,0.517,0.95,0.467,0.334,0.183,0.3,0.133,0.416
563,2,0.85,1.0,0.8,0.384,-0.05,-0.05,-0.1,0.466
564,7,0.9,0.767,0.45,0.151,0.0,0.283,0.9,0.799
565,7,0.95,0.534,0.1,-0.082,0.05,0.616,1.0,1.0
566,4,0.717,0.584,0.433,0.918,0.383,0.666,0.767,0.65
567,4,0.484,0.634,0.766,1.0,0.716,0.716,0.534,0.3
568,,0.434,0.584,0.716,0.95,0.666,0.666,0.484,0.25
569,,0.384,0.534,0.666,0.9,0.616,0.616,0.434,0.2
570,,0.334,0.484,0.616,0.85,0.566,0.566,0.384,0.15
571,,0.284,0.434,0.566,0.8,0.516,0.516,0.334,0.1
572,,0.234,0.384,0.516,0.75,0.466,0.466,0.284,0.05
573,,0.184,0.334,0.466,0.7,0.416,0.416,0.234,0.0
574,,0.134,0.284,0.416,0.65,0.366,0.366,0.184,-0.05
575,8,0.467,0.334,0.183,0.3,0.133,0.416,0.517,0.95
576,8,0.8,0.384,-0.05,-0.05,-0.1,0.466,0.85,1.0
577,5,0.45,0.151,0.0,0.283,0.9,0.799,0.9,0.767
578,5,0.1,-0.082,0.05,0.616,1.0,1.0,0.95,0.534
579,2,0.433,0.918,0.383,0.666,0.767,0.65,0.717,0.584
580,2,0.766,1.0,0.716,0.716,0.534,0.3,0.484,0.634
581,,0.716,0.95,0.666,0.666,0.484,0.25,0.434,0.584
582,,0.666,0.9,0.616,0.616,0.434,0.2,0.384,0.534
583,,0.616,0.85,0.566,0.566,0.384,0.15,0.334,0.484
584,,0.566,0.8,0.516,0.516,0.334,0.1,0.284,0.434
585,,0.516,0.75,0.466,0.466,0.284,0.05,0.234,0.384
586,,0.466,0.7,0.416,0.416,0.234,0.0,0.184,0.334
587,,0.416,0.65,0.366,0.366,0.184,-0.05,0.134,0.284
588,6,0.183,0.3,0.133,0.416,0.517,0.95,0.467,0.334
589,6,-0.05,-0.05,-0.1,0.466,0.85,1.0,0.8,0.384
590,3,0.0,0.283,0.9,0.799,0.9,0.767,0.45,0.151
591,3,0.05,0.616,1.0,1.0,0.95,0.534,0.1,-0.082
592,8,0.383,0.666,0.767,0.65,0.717,0.584,0.433,0.918
593,8,0.716,0.716,0.534,0.3,0.484,0.634,0.766,1.0
594,,0.666,0.666,0.484,0.25,0.434,0.584,0.716,0.95
595,,0.616,0.616,0.434,0.2,0.384,0.534,0.666,0.9
596,,0.566,0.566,0.384,0.15,0.334,0.484,0.616,0.85
597,,0.516,0.516,0.334,0.1,0.284,0.434,0.566,0.8
598,,0.466,0.466,0.284,0.05,0.234,0.384,0.516,0.75
599,,0.416,0.416,0.234,0.0,0.184,0.334,0.466,0.7
600,,0.366,0.366,0.184,-0.05,0.134,0.284,0.416,0.65
601,4,0.133,0.416,0.517,0.95,0.467,0.334,0.183,0.3
602,4,-0.1,0.466,0.85,1.0,0.8,0.384,-0.05,-0.05
603,1,0.9,0.799,0.9,0.767,0.45,0.151,0.0,0.283
604,1,1.0,1.0,0.95,0.534,0.1,-0.082,0.05,0.616
605,6,0.767,0.65,0.717,0.584,0.433,0.918,0.383,0.666
606,6,0.534,0.3,0.484,0.634,0.766,1.0,0.716,0.716
607,,0.484,0.25,0.434,0.584,0.716,0.95,0.666,0.666
608,,0.434,0.2,0.384,0.534,0.666,0.9,0.616,0.616
609,,0.384,0.15,0.334,0.484,0.616,0.85,0.566,0.566
610,,0.334,0.1,0.284,0.434,0.566,0.8,0.516,0.516
611,,0.284,0.05,0.234,0.384,0.516,0.75,0.466,0.466
612,,0.234,0.0,0.184,0.334,0.466,0.7,0.416,0.416
613,,0.184,-0.05,0.134,0.284,0.416,0.65,0.366,0.366
614,2,0.517,0.95,0.467,0.334,0.183,0.3,0.133,0.416
615,2,0.85,1.0,0.8,0.384,-0.05,-0.05,-0.1,0.466
616,7,0.9,0.767,0.45,0.151,0.0,0.283,0.9,0.799
617,7,0.95,0.534,0.1,-0.082,0.05,0.616,1.0,1.0
618,4,0.717,0.584,0.433,0.918,0.383,0.666,0.767,0.65
619,4,0.484,0.634,0.766,1.0,0.716,0.716,0.534,0.3
620,,0.434,0.584,0.716,0.95,0.666,0.666,0.484,0.25
621,,0.384,0.534,0.666,0.9,0.616,0.616,0.434,0.2
622,,0.334,0.484,0.616,0.85,0.566,0.566,0.384,0.15
623,,0.284,0.434,0.566,0.8,0.516,0.516,0.334,0.1
624,,0.234,0.384,0.516,0.75,0.466,0.466,0.284,0.05
625,,0.184,0.334,0.466,0.7,0.416,0.416,0.234,0.0
626,,0.134,0.284,0.416,0.65,0.366,0.366,0.184,-0.05
627,8,0.467,0.334,0.183,0.3,0.133,0.416,0.517,0.95
628,8,0.8,0.384,-0.05,-0.05,-0.1,0.466,0.85,1.0
629,5,0.45,0.151,0.0,0.283,0.9,0.799,0.9,0.767
630,5,0.1,-0.082,0.05,0.616,1.0,1.0,0.95,0.534
631,2,0.433,0.918,0.383,0.666,0.767,0.65,0.717,0.584
632,2,0.766,1.0,0.716,0.716,0.534,0.3,0.484,0.634
633,,0.716,0.95,0.666,0.666,0.484,0.25,0.434,0.584
634,,0.666,0.9,0.616,0.616,0.434,0.2,0.384,0.534
635,,0.616,0.85,0.566,0.566,0.384,0.15,0.334,0.484
636,,0.566,0.8,0.516,0.516,0.334,0.1,0.284,0.434
637,,0.516,0.75,0.466,0.466,0.284,0.05,0.234,0.384
638,,0.466,0.7,0.416,0.416,0.234,0.0,0.184,0.334
639,,0.416,0.65,0.366,0.366,0.184,-0.05,0.134,0.284
640,6,0.183,0.3,0.133,0.416,0.517,0.95,0.467,0.334
641,6,-0.05,-0.05,-0.1,0.466,0.85,1.0,0.8,0.384
642,3,0.0,0.283,0.9,0.799,0.9,0.767,0.45,0.151
643,3,0.05,0.616,1.0,1.0,0.95,0.534,0.1,-0.082
644,8,0.383,0.666,0.767,0.65,0.717,0.584,0.433,0.918
645,8,0.716,0.716,0.534,0.3,0.484,0.634,0.766,1.0
646,,0.666,0.666,0.484,0.25,0.434,0.584,0.716,0.95
647,,0.616,0.616,0.434,0.2,0.384,0.534,0.666,0.9
648,,0.566,0.566,0.384,0.15,0.334,0.484,0.616,0.85
649,,0.516,0.516,0.334,0.1,0.284,0.434,0.566,0.8
650,,0.466,0.466,0.284,0.05,0.234,0.384,0.516,0.75
651,,0.416,0.416,0.234,0.0,0.184,0.334,0.466,0.7
652,,0.366,0.366,0.184,-0.05,0.134,0.284,0.416,0.65
653,4,0.133,0.416,0.517,0.95,0.467,0.334,0.183,0.3
654,4,-0.1,0.466,0.85,1.0,0.8,0.384,-0.05,-0.05
655,1,0.9,0.799,0.9,0.767,0.45,0.151,0.0,0.283
656,1,1.0,1.0,0.95,0.534,0.1,-0.082,0.05,0.616
657,6,0.767,0.65,0.717,0.584,0.433,0.918,0.383,0.666
658,6,0.534,0.3,0.484,0.634,0.766,1.0,0.716,0.716
659,,0.484,0.25,0.434,0.584,0.716,0.95,0.666,0.666
660,,0.434,0.2,0.384,0.534,0.666,0.9,0.616,0.616
661,,0.384,0.15,0.334,0.484,0.616,0.85,0.566,0.566
662,,0.334,0.1,0.284,0.434,0.566,0.8,0.516,0.516
663,,0.284,0.05,0.234,0.384,0.516,0.75,0.466,0.466
664,,0.234,0.0,0.184,0.334,0.466,0.7,0.416,0.416
665,,0.184,-0.05,0.134,0.284,0.416,0.65,0.366,0.366
666,2,0.517,0.95,0.467,0.334,0.183,0.3,0.133,0.416
667,2,0.85,1.0,0.8,0.384,-0.05,-0.05,-0.1,0.466
668,7,0.9,0.767,0.45,0.151,0.0,0.283,0.9,0.799
669,7,0.95,0.534,0.1,-0.082,0.05,0.616,1.0,1.0
670,4,0.717,0.584,0.433,0.918,0.383,0.666,0.767,0.65
671,4,0.484,0.634,0.766,1.0,0.716,0.716,0.534,0.3
672,,0.434,0.584,0.716,0.95,0.666,0.666,0.484,0.25
673,,0.384,0.534,0.666,0.9,0.616,0.616,0.434,0.2
674,,0.334,0.484,0.616,0.85,0.566,0.566,0.384,0.15
675,,0.284,0.434,0.566,0.8,0.516,0.516,0.334,0.1
676,,0.234,0.384,0.516,0.75,0.466,0.466,0.284,0.05
677,,0.184,0.334,0.466,0.7,0.416,0.416,0.234,0.0
678,,0.134,0.284,0.416,0.65,0.366,0.366,0.184,-0.05
679,8,0.467,0.334,0.183,0.3,0.133,0.416,0.517,0.95
680,8,0.8,0.384,-0.05,-0.05,-0.1,0.466,0.85,1.0
681,5,0.45,0.151,0.0,0.283,0.9,0.799,0.9,0.767
682,5,0.1,-0.082,0.05,0.616,1.0,1.0,0.95,0.534
683,2,0.433,0.918,0.383,0.666,0.767,0.65,0.717,0.584
684,2,0.766,1.0,0.716,0.716,0.534,0.3,0.484,0.634
685,,0.716,0.95,0.666,0.666,0.484,0.25,0.434,0.584
686,,0.666,0.9,0.616,0.616,0.434,0.2,0.384,0.534
687,,0.616,0.85,0.566,0.566,0.384,0.15,0.334,0.484
688,,0.566,0.8,0.516,0.516,0.334,0.1,0.284,0.434
689,,0.516,0.75,0.466,0.466,0.284,0.05,0.234,0.384
690,,0.466,0.7,0.416,0.416,0.234,0.0,0.184,0.334
691,,0.416,0.65,0.366,0.366,0.184,-0.05,0.134,0.284
692,6,0.183,0.3,0.133,0.416,0.517,0.95,0.467,0.334
693,6,-0.05,-0.05,-0.1,0.466,0.85,1.0,0.8,0.384
694,3,0.0,0.283,0.9,0.799,0.9,0.767,0.45,0.151
695,3,0.05,0.616,1.0,1.0,0.95,0.534,0.1,-0.082
696,8,0.383,0.666,0.767,0.65,0.717,0.584,0.433,0.918
697,8,0.716,0.716,0.534,0.3,0.484,0.634,0.766,1.0
698,,0.666,0.666,0.484,0.25,0.434,0.584,0.716,0.95
699,,0.616,0.616,0.434,0.2,0.384,0.534,0.666,0.9
700,,0.566,0.566,0.384,0.15,0.334,0.484,0.616,0.85
701,,0.516,0.516,0.334,0.1,0.284,0.434,0.566,0.8
702,,0.466,0.466,0.284,0.05,0.234,0.384,0.516,0.75
703,,0.416,0.416,0.234,0.0,0.184,0.334,0.466,0.7
704,,0.366,0.366,0.184,-0.05,0.134,0.284,0.416,0.65
705,4,0.133,0.416,0.517,0.95,0.467,0.334,0.183,0.3
706,4,-0.1,0.466,0.85,1.0,0.8,0.384,-0.05,-0.05
707,1,0.9,0.799,0.9,0.767,0.45,0.151,0.0,0.283
708,1,1.0,1.0,0.95,0.534,0.1,-0.082,0.05,0.616
709,6,0.767,0.65,0.717,0.584,0.433,0.918,0.383,0.666
710,6,0.534,0.3,0.484,0.634,0.766,1.0,0.716,0.716
711,,0.484,0.25,0.434,0.584,0.716,0.95,0.666,0.666
712,,0.434,0.2,0.384,0.534,0.666,0.9,0.616,0.616
713,,0.384,0.15,0.334,0.484,0.616,0.85,0.566,0.566
714,,0.334,0.1,0.284,0.434,0.566,0.8,0.516,0.516
715,,0.284,0.05,0.234,0.384,0.516,0.75,0.466,0.466
716,,0.234,0.0,0.184,0.334,0.466,0.7,0.416,0.416
717,,0.184,-0.05,0.134,0.284,0.416,0.65,0.366,0.366
718,2,0.517,0.95,0.467,0.334,0.183,0.3,0.133,0.416
719,2,0.85,1.0,0.8,0.384,-0.05,-0.05,-0.1,0.466
720,7,0.9,0.767,0.45,0.151,0.0,0.283,0.9,0.799
721,7,0.95,0.534,0.1,-0.082,0.05,0.616,1.0,1.0
722,4,0.717,0.584,0.433,0.918,0.383,0.666,0.767,0.65
723,4,0.484,0.634,0.766,1.0,0.716,0.716,0.534,0.3
724,,0.434,0.584,0.716,0.95,0.666,0.666,0.484,0.25
725,,0.384,0.534,0.666,0.9,0.616,0.616,0.434,0.2
726,,0.334,0.484,0.616,0.85,0.566,0.566,0.384,0.15
727,,0.284,0.434,0.566,0.8,0.516,0.516,0.334,0.1
728,,0.234,0.384,0.516,0.75,0.466,0.466,0.284,0.05
729,,0.184,0.334,0.466,0.7,0.416,0.416,0.234,0.0
730,,0.134,0.284,0.416,0.65,0.366,0.366,0.184,-0.05
731,8,0.467,0.334,0.183,0.3,0.133,0.416,0.517,0.95
732,8,0.8,0.384,-0.05,-0.05,-0.1,0.466,0.85,1.0
733,5,0.45,0.151,0.0,0.283,0.9,0.799,0.9,0.767
734,5,0.1,-0.082,0.05,0.616,1.0,1.0,0.95,0.534
735,2,0.433,0.918,0.383,0.666,0.767,0.65,0.717,0.584
736,2,0.766,1.0,0.716,0.716,0.534,0.3,0.484,0.634
737,,0.716,0.95,0.666,0.666,0.484,0.25,0.434,0.584
738,,0.666,0.9,0.616,0.616,0.434,0.2,0.384,0.534
739,,0.616,0.85,0.566,0.566,0.384,0.15,0.334,0.484
740,,0.566,0.8,0.516,0.516,0.334,0.1,0.284,0.434
741,,0.516,0.75,0.466,0.466,0.284,0.05,0.234,0.384
742,,0.466,0.7,0.416,0.416,0.234,0.0,0.184,0.334
743,,0.416,0.65,0.366,0.366,0.184,-0.05,0.134,0.284
744,6,0.183,0.3,0.133,0.416,0.517,0.95,0.467,0.334
745,6,-0.05,-0.05,-0.1,0.466,0.85,1.0,0.8,0.384
746,3,0.0,0.283,0.9,0.799,0.9,0.767,0.45,0.151
747,3,0.05,0.616,1.0,1.0,0.95,0.534,0.1,-0.082
748,8,0.383,0.666,0.767,0.65,0.717,0.584,0.433,0.918
749,8,0.716,0.716,0.534,0.3,0.484,0.634,0.766,1.0
750,,0.666,0.666,0.484,0.25,0.434,0.584,0.716,0.95
751,,0.616,0.616,0.434,0.2,0.384,0.534,0.666,0.9
752,,0.566,0.566,0.384,0.15,0.334,0.484,0.616,0.85
753,,0.516,0.516,0.334,0.1,0.284,0.434,0.566,0.8
754,,0.466,0.466,0.284,0.05,0.234,0.384,0.516,0.75
755,,0.416,0.416,0.234,0.0,0.184,0.334,0.466,0.7
756,,0.366,0.366,0.184,-0.05,0.134,0.284,0.416,0.65
757,4,0.133,0.416,0.517,0.95,0.467,0.334,0.183,0.3
758,4,-0.1,0.466,0.85,1.0,0.8,0.384,-0.05,-0.05
759,1,0.9,0.799,0.9,0.767,0.45,0.151,0.0,0.283
760,1,1.0,1.0,0.95,0.534,0.1,-0.082,0.05,0.616
761,6,0.767,0.65,0.717,0.584,0.433,0.918,0.383,0.666
762,6,0.534,0.3,0.484,0.634,0.766,1.0,0.716,0.716
763,,0.484,0.25,0.434,0.584,0.716,0.95,0.666,0.666
764,,0.434,0.2,0.384,0.534,0.666,0.9,0.616,0.616
765,,0.384,0.15,0.334,0.484,0.616,0.85,0.566,0.566
766,,0.334,0.1,0.284,0.434,0.566,0.8,0.516,0.516
767,,0.284,0.05,0.234,0.384,0.516,0.75,0.466,0.466
768,,0.234,0.0,0.184,0.334,0.466,0.7,0.416,0.416
769,,0.184,-0.05,0.134,0.284,0.416,0.65,0.366,0.366
770,2,0.517,0.95,0.467,0.334,0.183,0.3,0.133,0.416
771,2,0.85,1.0,0.8,0.384,-0.05,-0.05,-0.1,0.466
772,7,0.9,0.767,0.45,0.151,0.0,0.283,0.9,0.799
773,7,0.95,0.534,0.1,-0.082,0.05,0.616,1.0,1.0
774,4,0.717,0.584,0.433,0.918,0.383,0.666,0.767,0.65
775,4,0.484,0.634,0.766,1.0,0.716,0.716,0.534,0.3
776,,0.434,0.584,0.716,0.95,0.666,0.666,0.484,0.25
777,,0.384,0.534,0.666,0.9,0.616,0.616,0.434,0.2
778,,0.334,0.484,0.616,0.85,0.566,0.566,0.384,0.15
779,,0.284,0.434,0.566,0.8,0.516,0.516,0.334,0.1
780,,0.234,0.384,0.516,0.75,0.466,0.466,0.284,0.05
781,,0.184,0.334,0.466,0.7,0.416,0.416,0.234,0.0
782,,0.134,0.284,0.416,0.65,0.366,0.366,0.184,-0.05
783,8,0.467,0.334,0.183,0.3,0.133,0.416,0.517,0.95
784,8,0.8,0.384,-0.05,-0.05,-0.1,0.466,0.85,1.0
785,5,0.45,0.151,0.0,0.283,0.9,0.799,0.9,0.767
786,5,0.1,-0.082,0.05,0.616,1.0,1.0,0.95,0.534
787,2,0.433,0.918,0.383,0.666,0.767,0.65,0.717,0.584
788,2,0.766,1.0,0.716,0.716,0.534,0.3,0.484,0.634
789,,0.716,0.95,0.666,0.666,0.484,0.25,0.434,0.584
790,,0.666,0.9,0.616,0.616,0.434,0.2,0.384,0.534
791,,0.616,0.85,0.566,0.566,0.384,0.15,0.334,0.484
792,,0.566,0.8,0.516,0.516,0.334,0.1,0.284,0.434
793,,0.516,0.75,0.466,0.466,0.284,0.05,0.234,0.384
794,,0.466,0.7,0.416,0.416,0.234,0.0,0.184,0.334
795,,0.416,0.65,0.366,0.366,0.184,-0.05,0.134,0.284
796,6,0.183,0.3,0.133,0.416,0.517,0.95,0.467,0.334
797,6,-0.05,-0.05,-0.1,0.466,0.85,1.0,0.8,0.384
798,3,0.0,0.283,0.9,0.799,0.9,0.767,0.45,0.151
799,3,0.05,0.616,1.0,1.0,0.95,0.534,0.1,-0.082
