step,active_motive,motive_1,motive_2,motive_3,motive_4,motive_5,motive_6,motive_7,motive_8
0,,0.63435,0.68071,0.53093,0.44778,0.55289,0.5927,0.08085,0.36965
1,,0.58435,0.63071,0.48093,0.39778,0.50289,0.5427,0.03085,0.31965
2,,0.53435,0.58071,0.43093,0.34778,0.45289,0.4927,-0.01915,0.26965
3,7,0.58435,0.34771,0.08093,0.11478,0.50289,0.8257,0.98085,0.60265
4,7,0.63435,0.11471,-0.26907,-0.11822,0.55289,1.0,1.0,0.93565
5,3,0.68435,0.44771,0.73093,0.21478,0.60289,0.767,0.65,0.70265
6,3,0.73435,0.78071,1.0,0.54778,0.65289,0.534,0.3,0.46965
7,,0.68435,0.73071,0.95,0.49778,0.60289,0.484,0.25,0.41965
8,,0.63435,0.68071,0.9,0.44778,0.55289,0.434,0.2,0.36965
9,,0.58435,0.63071,0.85,0.39778,0.50289,0.384,0.15,0.31965
10,,0.53435,0.58071,0.8,0.34778,0.45289,0.334,0.1,0.26965
11,,0.48435,0.53071,0.75,0.29778,0.40289,0.284,0.05,0.21965
12,,0.43435,0.48071,0.7,0.24778,0.35289,0.234,0.0,0.16965
13,,0.38435,0.43071,0.65,0.19778,0.30289,0.184,-0.05,0.11965
14,7,0.43435,0.19771,0.3,-0.03522,0.35289,0.517,0.95,0.45265
15,7,0.48435,-0.03529,-0.05,-0.26822,0.40289,0.85,1.0,0.78565
16,4,0.25135,0.01471,0.283,0.73178,0.73589,0.9,0.767,0.43565
17,4,0.01835,0.06471,0.616,1.0,1.0,0.95,0.534,0.08565
18,,-0.03165,0.01471,0.566,0.95,0.95,0.9,0.484,0.03565
19,1,0.96835,0.34771,0.616,0.717,0.6,0.667,0.534,0.36865
20,1,1.0,0.68071,0.666,0.484,0.25,0.434,0.584,0.70165
21,,0.95,0.63071,0.616,0.434,0.2,0.384,0.534,0.65165
22,,0.9,0.58071,0.566,0.384,0.15,0.334,0.484,0.60165
23,,0.85,0.53071,0.516,0.334,0.1,0.284,0.434,0.55165
24,,0.8,0.48071,0.466,0.284,0.05,0.234,0.384,0.50165
25,,0.75,0.43071,0.416,0.234,0.0,0.184,0.334,0.45165
26,,0.7,0.38071,0.366,0.184,-0.05,0.134,0.284,0.40165
27,5,0.35,0.14771,0.416,0.517,0.95,0.467,0.334,0.16865
28,5,-0.0,-0.08529,0.466,0.85,1.0,0.8,0.384,-0.06435
29,2,0.333,0.91471,0.799,0.9,0.767,0.45,0.151,-0.01435
30,2,0.666,1.0,1.0,0.95,0.534,0.1,-0.082,0.03565
31,7,0.716,0.767,0.65,0.717,0.584,0.433,0.918,0.36865
32,7,0.766,0.534,0.3,0.484,0.634,0.766,1.0,0.70165
33,,0.716,0.484,0.25,0.434,0.584,0.716,0.95,0.65165
34,,0.666,0.434,0.2,0.384,0.534,0.666,0.9,0.60165
35,,0.616,0.384,0.15,0.334,0.484,0.616,0.85,0.55165
36,,0.566,0.334,0.1,0.284,0.434,0.566,0.8,0.50165
37,,0.516,0.284,0.05,0.234,0.384,0.516,0.75,0.45165
38,,0.466,0.234,0.0,0.184,0.334,0.466,0.7,0.40165
39,,0.416,0.184,-0.05,0.134,0.284,0.416,0.65,0.35165
40,3,0.466,0.517,0.95,0.467,0.334,0.183,0.3,0.11865
41,3,0.516,0.85,1.0,0.8,0.384,-0.05,-0.05,-0.11435
42,8,0.849,0.9,0.767,0.45,0.151,0.0,0.283,0.88565
43,8,1.0,0.95,0.534,0.1,-0.082,0.05,0.616,1.0
44,5,0.65,0.717,0.584,0.433,0.918,0.383,0.666,0.767
45,5,0.3,0.484,0.634,0.766,1.0,0.716,0.716,0.534
46,,0.25,0.434,0.584,0.716,0.95,0.666,0.666,0.484
47,,0.2,0.384,0.534,0.666,0.9,0.616,0.616,0.434
48,,0.15,0.334,0.484,0.616,0.85,0.566,0.566,0.384
49,,0.1,0.284,0.434,0.566,0.8,0.516,0.516,0.334
50,,0.05,0.234,0.384,0.516,0.75,0.466,0.466,0.284
51,,0.0,0.184,0.334,0.466,0.7,0.416,0.416,0.234
52,,-0.05,0.134,0.284,0.416,0.65,0.366,0.366,0.184
53,1,0.95,0.467,0.334,0.183,0.3,0.133,0.416,0.517
54,1,1.0,0.8,0.384,-0.05,-0.05,-0.1,0.466,0.85
55,6,0.767,0.45,0.151,0.0,0.283,0.9,0.799,0.9
56,6,0.534,0.1,-0.082,0.05,0.616,1.0,1.0,0.95
57,3,0.584,0.433,0.918,0.383,0.666,0.767,0.65,0.717
58,3,0.634,0.766,1.0,0.716,0.716,0.534,0.3,0.484
59,,0.584,0.716,0.95,0.666,0.666,0.484,0.25,0.434
60,,0.534,0.666,0.9,0.616,0.616,0.434,0.2,0.384
61,,0.484,0.616,0.85,0.566,0.566,0.384,0.15,0.334
62,,0.434,0.566,0.8,0.516,0.516,0.334,0.1,0.284
63,,0.384,0.516,0.75,0.466,0.466,0.284,0.05,0.234
64,,0.334,0.466,0.7,0.416,0.416,0.234,0.0,0.184
65,,0.284,0.416,0.65,0.366,0.366,0.184,-0.05,0.134
66,7,0.334,0.183,0.3,0.133,0.416,0.517,0.95,0.467
67,7,0.384,-0.05,-0.05,-0.1,0.466,0.85,1.0,0.8
68,4,0.151,0.0,0.283,0.9,0.799,0.9,0.767,0.45
69,4,-0.082,0.05,0.616,1.0,1.0,0.95,0.534,0.1
70,1,0.918,0.383,0.666,0.767,0.65,0.717,0.584,0.433
71,1,1.0,0.716,0.716,0.534,0.3,0.484,0.634,0.766
72,,0.95,0.666,0.666,0.484,0.25,0.434,0.584,0.716
73,,0.9,0.616,0.616,0.434,0.2,0.384,0.534,0.666
74,,0.85,0.566,0.566,0.384,0.15,0.334,0.484,0.616
75,,0.8,0.516,0.516,0.334,0.1,0.284,0.434,0.566
76,,0.75,0.466,0.466,0.284,0.05,0.234,0.384,0.516
77,,0.7,0.416,0.416,0.234,0.0,0.184,0.334,0.466
78,,0.65,0.366,0.366,0.184,-0.05,0.134,0.284,0.416
79,5,0.3,0.133,0.416,0.517,0.95,0.467,0.334,0.183
80,5,-0.05,-0.1,0.466,0.85,1.0,0.8,0.384,-0.05
81,2,0.283,0.9,0.799,0.9,0.767,0.45,0.151,0.0
82,2,0.616,1.0,1.0,0.95,0.534,0.1,-0.082,0.05
83,7,0.666,0.767,0.65,0.717,0.584,0.433,0.918,0.383
84,7,0.716,0.534,0.3,0.484,0.634,0.766,1.0,0.716
85,,0.666,0.484,0.25,0.434,0.584,0.716,0.95,0.666
86,,0.616,0.434,0.2,0.384,0.534,0.666,0.9,0.616
87,,0.566,0.384,0.15,0.334,0.484,0.616,0.85,0.566
88,,0.516,0.334,0.1,0.284,0.434,0.566,0.8,0.516
89,,0.466,0.284,0.05,0.234,0.384,0.516,0.75,0.466
90,,0.416,0.234,0.0,0.184,0.334,0.466,0.7,0.416
91,,0.366,0.184,-0.05,0.134,0.284,0.416,0.65,0.366
92,3,0.416,0.517,0.95,0.467,0.334,0.183,0.3,0.133
93,3,0.466,0.85,1.0,0.8,0.384,-0.05,-0.05,-0.1
94,8,0.799,0.9,0.767,0.45,0.151,0.0,0.283,0.9
95,8,1.0,0.95,0.534,0.1,-0.082,0.05,0.616,1.0
96,5,0.65,0.717,0.584,0.433,0.918,0.383,0.666,0.767
97,5,0.3,0.484,0.634,0.766,1.0,0.716,0.716,0.534
98,,0.25,0.434,0.584,0.716,0.95,0.666,0.666,0.484
99,,0.2,0.384,0.534,0.666,0.9,0.616,0.616,0.434
100,,0.15,0.334,0.484,0.616,0.85,0.566,0.566,0.384
101,,0.1,0.284,0.434,0.566,0.8,0.516,0.516,0.334
102,,0.05,0.234,0.384,0.516,0.75,0.466,0.466,0.284
103,,0.0,0.184,0.334,0.466,0.7,0.416,0.416,0.234
104,,-0.05,0.134,0.284,0.416,0.65,0.366,0.366,0.184
105,1,0.95,0.467,0.334,0.183,0.3,0.133,0.416,0.517
106,1,1.0,0.8,0.384,-0.05,-0.05,-0.1,0.466,0.85
107,6,0.767,0.45,0.151,0.0,0.283,0.9,0.799,0.9
108,6,0.534,0.1,-0.082,0.05,0.616,1.0,1.0,0.95
109,3,0.584,0.433,0.918,0.383,0.666,0.767,0.65,0.717
110,3,0.634,0.766,1.0,0.716,0.716,0.534,0.3,0.484
111,,0.584,0.716,0.95,0.666,0.666,0.484,0.25,0.434
112,,0.534,0.666,0.9,0.616,0.616,0.434,0.2,0.384
113,,0.484,0.616,0.85,0.566,0.566,0.384,0.15,0.334
114,,0.434,0.566,0.8,0.516,0.516,0.334,0.1,0.284
115,,0.384,0.516,0.75,0.466,0.466,0.284,0.05,0.234
116,,0.334,0.466,0.7,0.416,0.416,0.234,0.0,0.184
117,,0.284,0.416,0.65,0.366,0.366,0.184,-0.05,0.134
118,7,0.334,0.183,0.3,0.133,0.416,0.517,0.95,0.467
119,7,0.384,-0.05,-0.05,-0.1,0.466,0.85,1.0,0.8
120,4,0.151,0.0,0.283,0.9,0.799,0.9,0.767,0.45
121,4,-0.082,0.05,0.616,1.0,1.0,0.95,0.534,0.1
122,1,0.918,0.383,0.666,0.767,0.65,0.717,0.584,0.433
123,1,1.0,0.716,0.716,0.534,0.3,0.484,0.634,0.766
124,,0.95,0.666,0.666,0.484,0.25,0.434,0.584,0.716
125,,0.9,0.616,0.616,0.434,0.2,0.384,0.534,0.666
126,,0.85,0.566,0.566,0.384,0.15,0.334,0.484,0.616
127,,0.8,0.516,0.516,0.334,0.1,0.284,0.434,0.566
128,,0.75,0.466,0.466,0.284,0.05,0.234,0.384,0.516
129,,0.7,0.416,0.416,0.234,0.0,0.184,0.334,0.466
130,,0.65,0.366,0.366,0.184,-0.05,0.134,0.284,0.416
131,5,0.3,0.133,0.416,0.517,0.95,0.467,0.334,0.183
132,5,-0.05,-0.1,0.466,0.85,1.0,0.8,0.384,-0.05
133,2,0.283,0.9,0.799,0.9,0.767,0.45,0.151,0.0
134,2,0.616,1.0,1.0,0.95,0.534,0.1,-0.082,0.05
135,7,0.666,0.767,0.65,0.717,0.584,0.433,0.918,0.383
136,7,0.716,0.534,0.3,0.484,0.634,0.766,1.0,0.716
137,,0.666,0.484,0.25,0.434,0.584,0.716,0.95,0.666
138,,0.616,0.434,0.2,0.384,0.534,0.666,0.9,0.616
139,,0.566,0.384,0.15,0.334,0.484,0.616,0.85,0.566
140,,0.516,0.334,0.1,0.284,0.434,0.566,0.8,0.516
141,,0.466,0.284,0.05,0.234,0.384,0.516,0.75,0.466
142,,0.416,0.234,0.0,0.184,0.334,0.466,0.7,0.416
143,,0.366,0.184,-0.05,0.134,0.284,0.416,0.65,0.366
144,3,0.416,0.517,0.95,0.467,0.334,0.183,0.3,0.133
145,3,0.466,0.85,1.0,0.8,0.384,-0.05,-0.05,-0.1
146,8,0.799,0.9,0.767,0.45,0.151,0.0,0.283,0.9
147,8,1.0,0.95,0.534,0.1,-0.082,0.05,0.616,1.0
148,5,0.65,0.717,0.584,0.433,0.918,0.383,0.666,0.767
149,5,0.3,0.484,0.634,0.766,1.0,0.716,0.716,0.534
150,,0.25,0.434,0.584,0.716,0.95,0.666,0.666,0.484
151,,0.2,0.384,0.534,0.666,0.9,0.616,0.616,0.434
152,,0.15,0.334,0.484,0.616,0.85,0.566,0.566,0.384
153,,0.1,0.284,0.434,0.566,0.8,0.516,0.516,0.334
154,,0.05,0.234,0.384,0.516,0.75,0.466,0.466,0.284
155,,0.0,0.184,0.334,0.466,0.7,0.416,0.416,0.234
156,,-0.05,0.134,0.284,0.416,0.65,0.366,0.366,0.184
157,1,0.95,0.467,0.334,0.183,0.3,0.133,0.416,0.517
158,1,1.0,0.8,0.384,-0.05,-0.05,-0.1,0.466,0.85
159,6,0.767,0.45,0.151,0.0,0.283,0.9,0.799,0.9
160,6,0.534,0.1,-0.082,0.05,0.616,1.0,1.0,0.95
161,3,0.584,0.433,0.918,0.383,0.666,0.767,0.65,0.717
162,3,0.634,0.766,1.0,0.716,0.716,0.534,0.3,0.484
163,,0.584,0.716,0.95,0.666,0.666,0.484,0.25,0.434
164,,0.534,0.666,0.9,0.616,0.616,0.434,0.2,0.384
165,,0.484,0.616,0.85,0.566,0.566,0.384,0.15,0.334
166,,0.434,0.566,0.8,0.516,0.516,0.334,0.1,0.284
167,,0.384,0.516,0.75,0.466,0.466,0.284,0.05,0.234
168,,0.334,0.466,0.7,0.416,0.416,0.234,0.0,0.184
169,,0.284,0.416,0.65,0.366,0.366,0.184,-0.05,0.134
170,7,0.334,0.183,0.3,0.133,0.416,0.517,0.95,0.467
171,7,0.384,-0.05,-0.05,-0.1,0.466,0.85,1.0,0.8
172,4,0.151,0.0,0.283,0.9,0.799,0.9,0.767,0.45
173,4,-0.082,0.05,0.616,1.0,1.0,0.95,0.534,0.1
174,1,0.918,0.383,0.666,0.767,0.65,0.717,0.584,0.433
175,1,1.0,0.716,0.716,0.534,0.3,0.484,0.634,0.766
176,,0.95,0.666,0.666,0.484,0.25,0.434,0.584,0.716
177,,0.9,0.616,0.616,0.434,0.2,0.384,0.534,0.666
178,,0.85,0.566,0.566,0.384,0.15,0.334,0.484,0.616
179,,0.8,0.516,0.516,0.334,0.1,0.284,0.434,0.566
180,,0.75,0.466,0.466,0.284,0.05,0.234,0.384,0.516
181,,0.7,0.416,0.416,0.234,0.0,0.184,0.334,0.466
182,,0.65,0.366,0.366,0.184,-0.05,0.134,0.284,0.416
183,5,0.3,0.133,0.416,0.517,0.95,0.467,0.334,0.183
184,5,-0.05,-0.1,0.466,0.85,1.0,0.8,0.384,-0.05
185,2,0.283,0.9,0.799,0.9,0.767,0.45,0.151,0.0
186,2,0.616,1.0,1.0,0.95,0.534,0.1,-0.082,0.05
187,7,0.666,0.767,0.65,0.717,0.584,0.433,0.918,0.383
188,7,0.716,0.534,0.3,0.484,0.634,0.766,1.0,0.716
189,,0.666,0.484,0.25,0.434,0.584,0.716,0.95,0.666
190,,0.616,0.434,0.2,0.384,0.534,0.666,0.9,0.616
191,,0.566,0.384,0.15,0.334,0.484,0.616,0.85,0.566
192,,0.516,0.334,0.1,0.284,0.434,0.566,0.8,0.516
193,,0.466,0.284,0.05,0.234,0.384,0.516,0.75,0.466
194,,0.416,0.234,0.0,0.184,0.334,0.466,0.7,0.416
195,,0.366,0.184,-0.05,0.134,0.284,0.416,0.65,0.366
196,3,0.416,0.517,0.95,0.467,0.334,0.183,0.3,0.133
197,3,0.466,0.85,1.0,0.8,0.384,-0.05,-0.05,-0.1
198,8,0.799,0.9,0.767,0.45,0.151,0.0,0.283,0.9
199,8,1.0,0.95,0.534,0.1,-0.082,0.05,0.616,1.0
200,5,0.65,0.717,0.584,0.433,0.918,0.383,0.666,0.767
201,5,0.3,0.484,0.634,0.766,1.0,0.716,0.716,0.534
202,,0.25,0.434,0.584,0.716,0.95,0.666,0.666,0.484
203,,0.2,0.384,0.534,0.666,0.9,0.616,0.616,0.434
204,,0.15,0.334,0.484,0.616,0.85,0.566,0.566,0.384
205,,0.1,0.284,0.434,0.566,0.8,0.516,0.516,0.334
206,,0.05,0.234,0.384,0.516,0.75,0.466,0.466,0.284
207,,0.0,0.184,0.334,0.466,0.7,0.416,0.416,0.234
208,,-0.05,0.134,0.284,0.416,0.65,0.366,0.366,0.184
209,1,0.95,0.467,0.334,0.183,0.3,0.133,0.416,0.517
210,1,1.0,0.8,0.384,-0.05,-0.05,-0.1,0.466,0.85
211,6,0.767,0.45,0.151,0.0,0.283,0.9,0.799,0.9
212,6,0.534,0.1,-0.082,0.05,0.616,1.0,1.0,0.95
213,3,0.584,0.433,0.918,0.383,0.666,0.767,0.65,0.717
214,3,0.634,0.766,1.0,0.716,0.716,0.534,0.3,0.484
215,,0.584,0.716,0.95,0.666,0.666,0.484,0.25,0.434
216,,0.534,0.666,0.9,0.616,0.616,0.434,0.2,0.384
217,,0.484,0.616,0.85,0.566,0.566,0.384,0.15,0.334
218,,0.434,0.566,0.8,0.516,0.516,0.334,0.1,0.284
219,,0.384,0.516,0.75,0.466,0.466,0.284,0.05,0.234
220,,0.334,0.466,0.7,0.416,0.416,0.234,0.0,0.184
221,,0.284,0.416,0.65,0.366,0.366,0.184,-0.05,0.134
222,7,0.334,0.183,0.3,0.133,0.416,0.517,0.95,0.467
223,7,0.384,-0.05,-0.05,-0.1,0.466,0.85,1.0,0.8
224,4,0.151,0.0,0.283,0.9,0.799,0.9,0.767,0.45
225,4,-0.082,0.05,0.616,1.0,1.0,0.95,0.534,0.1
226,1,0.918,0.383,0.666,0.767,0.65,0.717,0.584,0.433
227,1,1.0,0.716,0.716,0.534,0.3,0.484,0.634,0.766
228,,0.95,0.666,0.666,0.484,0.25,0.434,0.584,0.716
229,,0.9,0.616,0.616,0.434,0.2,0.384,0.534,0.666
230,,0.85,0.566,0.566,0.384,0.15,0.334,0.484,0.616
231,,0.8,0.516,0.516,0.334,0.1,0.284,0.434,0.566
232,,0.75,0.466,0.466,0.284,0.05,0.234,0.384,0.516
233,,0.7,0.416,0.416,0.234,0.0,0.184,0.334,0.466
234,,0.65,0.366,0.366,0.184,-0.05,0.134,0.284,0.416
235,5,0.3,0.133,0.416,0.517,0.95,0.467,0.334,0.183
236,5,-0.05,-0.1,0.466,0.85,1.0,0.8,0.384,-0.05
237,2,0.283,0.9,0.799,0.9,0.767,0.45,0.151,0.0
238,2,0.616,1.0,1.0,0.95,0.534,0.1,-0.082,0.05
239,7,0.666,0.767,0.65,0.717,0.584,0.433,0.918,0.383
240,7,0.716,0.534,0.3,0.484,0.634,0.766,1.0,0.716
241,,0.666,0.484,0.25,0.434,0.584,0.716,0.95,0.666
242,,0.616,0.434,0.2,0.384,0.534,0.666,0.9,0.616
243,,0.566,0.384,0.15,0.334,0.484,0.616,0.85,0.566
244,,0.516,0.334,0.1,0.284,0.434,0.566,0.8,0.516
245,,0.466,0.284,0.05,0.234,0.384,0.516,0.75,0.466
246,,0.416,0.234,0.0,0.184,0.334,0.466,0.7,0.416
247,,0.366,0.184,-0.05,0.134,0.284,0.416,0.65,0.366
248,3,0.416,0.517,0.95,0.467,0.334,0.183,0.3,0.133
249,3,0.466,0.85,1.0,0.8,0.384,-0.05,-0.05,-0.1
250,8,0.799,0.9,0.767,0.45,0.151,0.0,0.283,0.9
251,8,1.0,0.95,0.534,0.1,-0.082,0.05,0.616,1.0
252,5,0.65,0.717,0.584,0.433,0.918,0.383,0.666,0.767
253,5,0.3,0.484,0.634,0.766,1.0,0.716,0.716,0.534
254,,0.25,0.434,0.584,0.716,0.95,0.666,0.666,0.484
255,,0.2,0.384,0.534,0.666,0.9,0.616,0.616,0.434
256,,0.15,0.334,0.484,0.616,0.85,0.566,0.566,0.384
257,,0.1,0.284,0.434,0.566,0.8,0.516,0.516,0.334
258,,0.05,0.234,0.384,0.516,0.75,0.466,0.466,0.284
259,,0.0,0.184,0.334,0.466,0.7,0.416,0.416,0.234
260,,-0.05,0.134,0.284,0.416,0.65,0.366,0.366,0.184
261,1,0.95,0.467,0.334,0.183,0.3,0.133,0.416,0.517
262,1,1.0,0.8,0.384,-0.05,-0.05,-0.1,0.466,0.85
263,6,0.767,0.45,0.151,0.0,0.283,0.9,0.799,0.9
264,6,0.534,0.1,-0.082,0.05,0.616,1.0,1.0,0.95
265,3,0.584,0.433,0.918,0.383,0.666,0.767,0.65,0.717
266,3,0.634,0.766,1.0,0.716,0.716,0.534,0.3,0.484
267,,0.584,0.716,0.95,0.666,0.666,0.484,0.25,0.434
268,,0.534,0.666,0.9,0.616,0.616,0.434,0.2,0.384
269,,0.484,0.616,0.85,0.566,0.566,0.384,0.15,0.334
270,,0.434,0.566,0.8,0.516,0.516,0.334,0.1,0.284
271,,0.384,0.516,0.75,0.466,0.466,0.284,0.05,0.234
272,,0.334,0.466,0.7,0.416,0.416,0.234,0.0,0.184
273,,0.284,0.416,0.65,0.366,0.366,0.184,-0.05,0.134
274,7,0.334,0.183,0.3,0.133,0.416,0.517,0.95,0.467
275,7,0.384,-0.05,-0.05,-0.1,0.466,0.85,1.0,0.8
276,4,0.151,0.0,0.283,0.9,0.799,0.9,0.767,0.45
277,4,-0.082,0.05,0.616,1.0,1.0,0.95,0.534,0.1
278,1,0.918,0.383,0.666,0.767,0.65,0.717,0.584,0.433
279,1,1.0,0.716,0.716,0.534,0.3,0.484,0.634,0.766
280,,0.95,0.666,0.666,0.484,0.25,0.434,0.584,0.716
281,,0.9,0.616,0.616,0.434,0.2,0.384,0.534,0.666
282,,0.85,0.566,0.566,0.384,0.15,0.334,0.484,0.616
283,,0.8,0.516,0.516,0.334,0.1,0.284,0.434,0.566
284,,0.75,0.466,0.466,0.284,0.05,0.234,0.384,0.516
285,,0.7,0.416,0.416,0.234,0.0,0.184,0.334,0.466
286,,0.65,0.366,0.366,0.184,-0.05,0.134,0.284,0.416
287,5,0.3,0.133,0.416,0.517,0.95,0.467,0.334,0.183
288,5,-0.05,-0.1,0.466,0.85,1.0,0.8,0.384,-0.05
289,2,0.283,0.9,0.799,0.9,0.767,0.45,0.151,0.0
290,2,0.616,1.0,1.0,0.95,0.534,0.1,-0.082,0.05
291,7,0.666,0.767,0.65,0.717,0.584,0.433,0.918,0.383
292,7,0.716,0.534,0.3,0.484,0.634,0.766,1.0,0.716
293,,0.666,0.484,0.25,0.434,0.584,0.716,0.95,0.666
294,,0.616,0.434,0.2,0.384,0.534,0.666,0.9,0.616
295,,0.566,0.384,0.15,0.334,0.484,0.616,0.85,0.566
296,,0.516,0.334,0.1,0.284,0.434,0.566,0.8,0.516
297,,0.466,0.284,0.05,0.234,0.384,0.516,0.75,0.466
298,,0.416,0.234,0.0,0.184,0.334,0.466,0.7,0.416
299,,0.366,0.184,-0.05,0.134,0.284,0.416,0.65,0.366
300,3,0.416,0.517,0.95,0.467,0.334,0.183,0.3,0.133
301,3,0.466,0.85,1.0,0.8,0.384,-0.05,-0.05,-0.1
302,8,0.799,0.9,0.767,0.45,0.151,0.0,0.283,0.9
303,8,1.0,0.95,0.534,0.1,-0.082,0.05,0.616,1.0
304,5,0.65,0.717,0.584,0.433,0.918,0.383,0.666,0.767
305,5,0.3,0.484,0.634,0.766,1.0,0.716,0.716,0.534
306,,0.25,0.434,0.584,0.716,0.95,0.666,0.666,0.484
307,,0.2,0.384,0.534,0.666,0.9,0.616,0.616,0.434
308,,0.15,0.334,0.484,0.616,0.85,0.566,0.566,0.384
309,,0.1,0.284,0.434,0.566,0.8,0.516,0.516,0.334
310,,0.05,0.234,0.384,0.516,0.75,0.466,0.466,0.284
311,,0.0,0.184,0.334,0.466,0.7,0.416,0.416,0.234
312,,-0.05,0.134,0.284,0.416,0.65,0.366,0.366,0.184
313,1,0.95,0.467,0.334,0.183,0.3,0.133,0.416,0.517
314,1,1.0,0.8,0.384,-0.05,-0.05,-0.1,0.466,0.85
315,6,0.767,0.45,0.151,0.0,0.283,0.9,0.799,0.9
316,6,0.534,0.1,-0.082,0.05,0.616,1.0,1.0,0.95
317,3,0.584,0.433,0.918,0.383,0.666,0.767,0.65,0.717
318,3,0.634,0.766,1.0,0.716,0.716,0.534,0.3,0.484
319,,0.584,0.716,0.95,0.666,0.666,0.484,0.25,0.434
320,,0.534,0.666,0.9,0.616,0.616,0.434,0.2,0.384
321,,0.484,0.616,0.85,0.566,0.566,0.384,0.15,0.334
322,,0.434,0.566,0.8,0.516,0.516,0.334,0.1,0.284
323,,0.384,0.516,0.75,0.466,0.466,0.284,0.05,0.234
324,,0.334,0.466,0.7,0.416,0.416,0.234,0.0,0.184
325,,0.284,0.416,0.65,0.366,0.366,0.184,-0.05,0.134
326,7,0.334,0.183,0.3,0.133,0.416,0.517,0.95,0.467
327,7,0.384,-0.05,-0.05,-0.1,0.466,0.85,1.0,0.8
328,4,0.151,0.0,0.283,0.9,0.799,0.9,0.767,0.45
329,4,-0.082,0.05,0.616,1.0,1.0,0.95,0.534,0.1
330,1,0.918,0.383,0.666,0.767,0.65,0.717,0.584,0.433
331,1,1.0,0.716,0.716,0.534,0.3,0.484,0.634,0.766
332,,0.95,0.666,0.666,0.484,0.25,0.434,0.584,0.716
333,,0.9,0.616,0.616,0.434,0.2,0.384,0.534,0.666
334,,0.85,0.566,0.566,0.384,0.15,0.334,0.484,0.616
335,,0.8,0.516,0.516,0.334,0.1,0.284,0.434,0.566
336,,0.75,0.466,0.466,0.284,0.05,0.234,0.384,0.516
337,,0.7,0.416,0.416,0.234,0.0,0.184,0.334,0.466
338,,0.65,0.366,0.366,0.184,-0.05,0.134,0.284,0.416
339,5,0.3,0.133,0.416,0.517,0.95,0.467,0.334,0.183
340,5,-0.05,-0.1,0.466,0.85,1.0,0.8,0.384,-0.05
341,2,0.283,0.9,0.799,0.9,0.767,0.45,0.151,0.0
342,2,0.616,1.0,1.0,0.95,0.534,0.1,-0.082,0.05
343,7,0.666,0.767,0.65,0.717,0.584,0.433,0.918,0.383
344,7,0.716,0.534,0.3,0.484,0.634,0.766,1.0,0.716
345,,0.666,0.484,0.25,0.434,0.584,0.716,0.95,0.666
346,,0.616,0.434,0.2,0.384,0.534,0.666,0.9,0.616
347,,0.566,0.384,0.15,0.334,0.484,0.616,0.85,0.566
348,,0.516,0.334,0.1,0.284,0.434,0.566,0.8,0.516
349,,0.466,0.284,0.05,0.234,0.384,0.516,0.75,0.466
350,,0.416,0.234,0.0,0.184,0.334,0.466,0.7,0.416
351,,0.366,0.184,-0.05,0.134,0.284,0.416,0.65,0.366
352,3,0.416,0.517,0.95,0.467,0.334,0.183,0.3,0.133
353,3,0.466,0.85,1.0,0.8,0.384,-0.05,-0.05,-0.1
354,8,0.799,0.9,0.767,0.45,0.151,0.0,0.283,0.9
355,8,1.0,0.95,0.534,0.1,-0.082,0.05,0.616,1.0
356,5,0.65,0.717,0.584,0.433,0.918,0.383,0.666,0.767
357,5,0.3,0.484,0.634,0.766,1.0,0.716,0.716,0.534
358,,0.25,0.434,0.584,0.716,0.95,0.666,0.666,0.484
359,,0.2,0.384,0.534,0.666,0.9,0.616,0.616,0.434
360,,0.15,0.334,0.484,0.616,0.85,0.566,0.566,0.384
361,,0.1,0.284,0.434,0.566,0.8,0.516,0.516,0.334
362,,0.05,0.234,0.384,0.516,0.75,0.466,0.466,0.284
363,,0.0,0.184,0.334,0.466,0.7,0.416,0.416,0.234
364,,-0.05,0.134,0.284,0.416,0.65,0.366,0.366,0.184
365,1,0.95,0.467,0.334,0.183,0.3,0.133,0.416,0.517
366,1,1.0,0.8,0.384,-0.05,-0.05,-0.1,0.466,0.85
367,6,0.767,0.45,0.151,0.0,0.283,0.9,0.799,0.9
368,6,0.534,0.1,-0.082,0.05,0.616,1.0,1.0,0.95
369,3,0.584,0.433,0.918,0.383,0.666,0.767,0.65,0.717
370,3,0.634,0.766,1.0,0.716,0.716,0.534,0.3,0.484
371,,0.584,0.716,0.95,0.666,0.666,0.484,0.25,0.434
372,,0.534,0.666,0.9,0.616,0.616,0.434,0.2,0.384
373,,0.484,0.616,0.85,0.566,0.566,0.384,0.15,0.334
374,,0.434,0.566,0.8,0.516,0.516,0.334,0.1,0.284
375,,0.384,0.516,0.75,0.466,0.466,0.284,0.05,0.234
376,,0.334,0.466,0.7,0.416,0.416,0.234,0.0,0.184
377,,0.284,0.416,0.65,0.366,0.366,0.184,-0.05,0.134
378,7,0.334,0.183,0.3,0.133,0.416,0.517,0.95,0.467
379,7,0.384,-0.05,-0.05,-0.1,0.466,0.85,1.0,0.8
380,4,0.151,0.0,0.283,0.9,0.799,0.9,0.767,0.45
381,4,-0.082,0.05,0.616,1.0,1.0,0.95,0.534,0.1
382,1,0.918,0.383,0.666,0.767,0.65,0.717,0.584,0.433
383,1,1.0,0.716,0.716,0.534,0.3,0.484,0.634,0.766
384,,0.95,0.666,0.666,0.484,0.25,0.434,0.584,0.716
385,,0.9,0.616,0.616,0.434,0.2,0.384,0.534,0.666
386,,0.85,0.566,0.566,0.384,0.15,0.334,0.484,0.616
387,,0.8,0.516,0.516,0.334,0.1,0.284,0.434,0.566
388,,0.75,0.466,0.466,0.284,0.05,0.234,0.384,0.516
389,,0.7,0.416,0.416,0.234,0.0,0.184,0.334,0.466
390,,0.65,0.366,0.366,0.184,-0.05,0.134,0.284,0.416
391,5,0.3,0.133,0.416,0.517,0.95,0.467,0.334,0.183
392,5,-0.05,-0.1,0.466,0.85,1.0,0.8,0.384,-0.05
393,2,0.283,0.9,0.799,0.9,0.767,0.45,0.151,0.0
394,2,0.616,1.0,1.0,0.95,0.534,0.1,-0.082,0.05
395,7,0.666,0.767,0.65,0.717,0.584,0.433,0.918,0.383
396,7,0.716,0.534,0.3,0.484,0.634,0.766,1.0,0.716
397,,0.666,0.484,0.25,0.434,0.584,0.716,0.95,0.666
398,,0.616,0.434,0.2,0.384,0.534,0.666,0.9,0.616
399,,0.566,0.384,0.15,0.334,0.484,0.616,0.85,0.566
400,,0.516,0.334,0.1,0.284,0.434,0.566,0.8,0.516
401,,0.466,0.284,0.05,0.234,0.384,0.516,0.75,0.466
402,,0.416,0.234,0.0,0.184,0.334,0.466,0.7,0.416
403,,0.366,0.184,-0.05,0.134,0.284,0.416,0.65,0.366
404,3,0.416,0.517,0.95,0.467,0.334,0.183,0.3,0.133
405,3,0.466,0.85,1.0,0.8,0.384,-0.05,-0.05,-0.1
406,8,0.799,0.9,0.767,0.45,0.151,0.0,0.283,0.9
407,8,1.0,0.95,0.534,0.1,-0.082,0.05,0.616,1.0
408,5,0.65,0.717,0.584,0.433,0.918,0.383,0.666,0.767
409,5,0.3,0.484,0.634,0.766,1.0,0.716,0.716,0.534
410,,0.25,0.434,0.584,0.716,0.95,0.666,0.666,0.484
411,,0.2,0.384,0.534,0.666,0.9,0.616,0.616,0.434
412,,0.15,0.334,0.484,0.616,0.85,0.566,0.566,0.384
413,,0.1,0.284,0.434,0.566,0.8,0.516,0.516,0.334
414,,0.05,0.234,0.384,0.516,0.75,0.466,0.466,0.284
415,,0.0,0.184,0.334,0.466,0.7,0.416,0.416,0.234
416,,-0.05,0.134,0.284,0.416,0.65,0.366,0.366,0.184
417,1,0.95,0.467,0.334,0.183,0.3,0.133,0.416,0.517
418,1,1.0,0.8,0.384,-0.05,-0.05,-0.1,0.466,0.85
419,6,0.767,0.45,0.151,0.0,0.283,0.9,0.799,0.9
420,6,0.534,0.1,-0.082,0.05,0.616,1.0,1.0,0.95
421,3,0.584,0.433,0.918,0.383,0.666,0.767,0.65,0.717
422,3,0.634,0.766,1.0,0.716,0.716,0.534,0.3,0.484
423,,0.584,0.716,0.95,0.666,0.666,0.484,0.25,0.434
424,,0.534,0.666,0.9,0.616,0.616,0.434,0.2,0.384
425,,0.484,0.616,0.85,0.566,0.566,0.384,0.15,0.334
426,,0.434,0.566,0.8,0.516,0.516,0.334,0.1,0.284
427,,0.384,0.516,0.75,0.466,0.466,0.284,0.05,0.234
428,,0.334,0.466,0.7,0.416,0.416,0.234,0.0,0.184
429,,0.284,0.416,0.65,0.366,0.366,0.184,-0.05,0.134
430,7,0.334,0.183,0.3,0.133,0.416,0.517,0.95,0.467
431,7,0.384,-0.05,-0.05,-0.1,0.466,0.85,1.0,0.8
432,4,0.151,0.0,0.283,0.9,0.799,0.9,0.767,0.45
433,4,-0.082,0.05,0.616,1.0,1.0,0.95,0.534,0.1
434,1,0.918,0.383,0.666,0.767,0.65,0.717,0.584,0.433
435,1,1.0,0.716,0.716,0.534,0.3,0.484,0.634,0.766
436,,0.95,0.666,0.666,0.484,0.25,0.434,0.584,0.716
437,,0.9,0.616,0.616,0.434,0.2,0.384,0.534,0.666
438,,0.85,0.566,0.566,0.384,0.15,0.334,0.484,0.616
439,,0.8,0.516,0.516,0.334,0.1,0.284,0.434,0.566
440,,0.75,0.466,0.466,0.284,0.05,0.234,0.384,0.516
441,,0.7,0.416,0.416,0.234,0.0,0.184,0.334,0.466
442,,0.65,0.366,0.366,0.184,-0.05,0.134,0.284,0.416
443,5,0.3,0.133,0.416,0.517,0.95,0.467,0.334,0.183
444,5,-0.05,-0.1,0.466,0.85,1.0,0.8,0.384,-0.05
445,2,0.283,0.9,0.799,0.9,0.767,0.45,0.151,0.0
446,2,0.616,1.0,1.0,0.95,0.534,0.1,-0.082,0.05
447,7,0.666,0.767,0.65,0.717,0.584,0.433,0.918,0.383
448,7,0.716,0.534,0.3,0.484,0.634,0.766,1.0,0.716
449,,0.666,0.484,0.25,0.434,0.584,0.716,0.95,0.666
450,,0.616,0.434,0.2,0.384,0.534,0.666,0.9,0.616
451,,0.566,0.384,0.15,0.334,0.484,0.616,0.85,0.566
452,,0.516,0.334,0.1,0.284,0.434,0.566,0.8,0.516
453,,0.466,0.284,0.05,0.234,0.384,0.516,0.75,0.466
454,,0.416,0.234,0.0,0.184,0.334,0.466,0.7,0.416
455,,0.366,0.184,-0.05,0.134,0.284,0.416,0.65,0.366
456,3,0.416,0.517,0.95,0.467,0.334,0.183,0.3,0.133
457,3,0.466,0.85,1.0,0.8,0.384,-0.05,-0.05,-0.1
458,8,0.799,0.9,0.767,0.45,0.151,0.0,0.283,0.9
459,8,1.0,0.95,0.534,0.1,-0.082,0.05,0.616,1.0
460,5,0.65,0.717,0.584,0.433,0.918,0.383,0.666,0.767
461,5,0.3,0.484,0.634,0.766,1.0,0.716,0.716,0.534
462,,0.25,0.434,0.584,0.716,0.95,0.666,0.666,0.484
463,,0.2,0.384,0.534,0.666,0.9,0.616,0.616,0.434
464,,0.15,0.334,0.484,0.616,0.85,0.566,0.566,0.384
465,,0.1,0.284,0.434,0.566,0.8,0.516,0.516,0.334
466,,0.05,0.234,0.384,0.516,0.75,0.466,0.466,0.284
467,,0.0,0.184,0.334,0.466,0.7,0.416,0.416,0.234
468,,-0.05,0.134,0.284,0.416,0.65,0.366,0.366,0.184
469,1,0.95,0.467,0.334,0.183,0.3,0.133,0.416,0.517
470,1,1.0,0.8,0.384,-0.05,-0.05,-0.1,0.466,0.85
471,6,0.767,0.45,0.151,0.0,0.283,0.9,0.799,0.9
472,6,0.534,0.1,-0.082,0.05,0.616,1.0,1.0,0.95
473,3,0.584,0.433,0.918,0.383,0.666,0.767,0.65,0.717
474,3,0.634,0.766,1.0,0.716,0.716,0.534,0.3,0.484
475,,0.584,0.716,0.95,0.666,0.666,0.484,0.25,0.434
476,,0.534,0.666,0.9,0.616,0.616,0.434,0.2,0.384
477,,0.484,0.616,0.85,0.566,0.566,0.384,0.15,0.334
478,,0.434,0.566,0.8,0.516,0.516,0.334,0.1,0.284
479,,0.384,0.516,0.75,0.466,0.466,0.284,0.05,0.234
480,,0.334,0.466,0.7,0.416,0.416,0.234,0.0,0.184
481,,0.284,0.416,0.65,0.366,0.366,0.184,-0.05,0.134
482,7,0.334,0.183,0.3,0.133,0.416,0.517,0.95,0.467
483,7,0.384,-0.05,-0.05,-0.1,0.466,0.85,1.0,0.8
484,4,0.151,0.0,0.283,0.9,0.799,0.9,0.767,0.45
485,4,-0.082,0.05,0.616,1.0,1.0,0.95,0.534,0.1
486,1,0.918,0.383,0.666,0.767,0.65,0.717,0.584,0.433
487,1,1.0,0.716,0.716,0.534,0.3,0.484,0.634,0.766
488,,0.95,0.666,0.666,0.484,0.25,0.434,0.584,0.716
489,,0.9,0.616,0.616,0.434,0.2,0.384,0.534,0.666
490,,0.85,0.566,0.566,0.384,0.15,0.334,0.484,0.616
491,,0.8,0.516,0.516,0.334,0.1,0.284,0.434,0.566
492,,0.75,0.466,0.466,0.284,0.05,0.234,0.384,0.516
493,,0.7,0.416,0.416,0.234,0.0,0.184,0.334,0.466
494,,0.65,0.366,0.366,0.184,-0.05,0.134,0.284,0.416
495,5,0.3,0.133,0.416,0.517,0.95,0.467,0.334,0.183
496,5,-0.05,-0.1,0.466,0.85,1.0,0.8,0.384,-0.05
497,2,0.283,0.9,0.799,0.9,0.767,0.45,0.151,0.0
498,2,0.616,1.0,1.0,0.95,0.534,0.1,-0.082,0.05
499,7,0.666,0.767,0.65,0.717,0.584,0.433,0.918,0.383
500,7,0.716,0.534,0.3,0.484,0.634,0.766,1.0,0.716
501,,0.666,0.484,0.25,0.434,0.584,0.716,0.95,0.666
502,,0.616,0.434,0.2,0.384,0.534,0.666,0.9,0.616
503,,0.566,0.384,0.15,0.334,0.484,0.616,0.85,0.566
504,,0.516,0.334,0.1,0.284,0.434,0.566,0.8,0.516
505,,0.466,0.284,0.05,0.234,0.384,0.516,0.75,0.466
506,,0.416,0.234,0.0,0.184,0.334,0.466,0.7,0.416
507,,0.366,0.184,-0.05,0.134,0.284,0.416,0.65,0.366
508,3,0.416,0.517,0.95,0.467,0.334,0.183,0.3,0.133
509,3,0.466,0.85,1.0,0.8,0.384,-0.05,-0.05,-0.1
510,8,0.799,0.9,0.767,0.45,0.151,0.0,0.283,0.9
511,8,1.0,0.95,0.534,0.1,-0.082,0.05,0.616,1.0
512,5,0.65,0.717,0.584,0.433,0.918,0.383,0.666,0.767
513,5,0.3,0.484,0.634,0.766,1.0,0.716,0.716,0.534
514,,0.25,0.434,0.584,0.716,0.95,0.666,0.666,0.484
515,,0.2,0.384,0.534,0.666,0.9,0.616,0.616,0.434
516,,0.15,0.334,0.484,0.616,0.85,0.566,0.566,0.384
517,,0.1,0.284,0.434,0.566,0.8,0.516,0.516,0.334
518,,0.05,0.234,0.384,0.516,0.75,0.466,0.466,0.284
519,,0.0,0.184,0.334,0.466,0.7,0.416,0.416,0.234
520,,-0.05,0.134,0.284,0.416,0.65,0.366,0.366,0.184
521,1,0.95,0.467,0.334,0.183,0.3,0.133,0.416,0.517
522,1,1.0,0.8,0.384,-0.05,-0.05,-0.1,0.466,0.85
523,6,0.767,0.45,0.151,0.0,0.283,0.9,0.799,0.9
524,6,0.534,0.1,-0.082,0.05,0.616,1.0,1.0,0.95
525,3,0.584,0.433,0.918,0.383,0.666,0.767,0.65,0.717
526,3,0.634,0.766,1.0,0.716,0.716,0.534,0.3,0.484
527,,0.584,0.716,0.95,0.666,0.666,0.484,0.25,0.434
528,,0.534,0.666,0.9,0.616,0.616,0.434,0.2,0.384
529,,0.484,0.616,0.85,0.566,0.566,0.384,0.15,0.334
530,,0.434,0.566,0.8,0.516,0.516,0.334,0.1,0.284
531,,0.384,0.516,0.75,0.466,0.466,0.284,0.05,0.234
532,,0.334,0.466,0.7,0.416,0.416,0.234,0.0,0.184
533,,0.284,0.416,0.65,0.366,0.366,0.184,-0.05,0.134
534,7,0.334,0.183,0.3,0.133,0.416,0.517,0.95,0.467
535,7,0.384,-0.05,-0.05,-0.1,0.466,0.85,1.0,0.8
536,4,0.151,0.0,0.283,0.9,0.799,0.9,0.767,0.45
537,4,-0.082,0.05,0.616,1.0,1.0,0.95,0.534,0.1
538,1,0.918,0.383,0.666,0.767,0.65,0.717,0.584,0.433
539,1,1.0,0.716,0.716,0.534,0.3,0.484,0.634,0.766
540,,0.95,0.666,0.666,0.484,0.25,0.434,0.584,0.716
541,,0.9,0.616,0.616,0.434,0.2,0.384,0.534,0.666
542,,0.85,0.566,0.566,0.384,0.15,0.334,0.484,0.616
543,,0.8,0.516,0.516,0.334,0.1,0.284,0.434,0.566
544,,0.75,0.466,0.466,0.284,0.05,0.234,0.384,0.516
545,,0.7,0.416,0.416,0.234,0.0,0.184,0.334,0.466
546,,0.65,0.366,0.366,0.184,-0.05,0.134,0.284,0.416
547,5,0.3,0.133,0.416,0.517,0.95,0.467,0.334,0.183
548,5,-0.05,-0.1,0.466,0.85,1.0,0.8,0.384,-0.05
549,2,0.283,0.9,0.799,0.9,0.767,0.45,0.151,0.0
550,2,0.616,1.0,1.0,0.95,0.534,0.1,-0.082,0.05
551,7,0.666,0.767,0.65,0.717,0.584,0.433,0.918,0.383
552,7,0.716,0.534,0.3,0.484,0.634,0.766,1.0,0.716
553,,0.666,0.484,0.25,0.434,0.584,0.716,0.95,0.666
554,,0.616,0.434,0.2,0.384,0.534,0.666,0.9,0.616
555,,0.566,0.384,0.15,0.334,0.484,0.616,0.85,0.566
556,,0.516,0.334,0.1,0.284,0.434,0.566,0.8,0.516
557,,0.466,0.284,0.05,0.234,0.384,0.516,0.75,0.466
558,,0.416,0.234,0.0,0.184,0.334,0.466,0.7,0.416
559,,0.366,0.184,-0.05,0.134,0.284,0.416,0.65,0.366
560,3,0.416,0.517,0.95,0.467,0.334,0.183,0.3,0.133
561,3,0.466,0.85,1.0,0.8,0.384,-0.05,-0.05,-0.1
562,8,0.799,0.9,0.767,0.45,0.151,0.0,0.283,0.9
563,8,1.0,0.95,0.534,0.1,-0.082,0.05,0.616,1.0
564,5,0.65,0.717,0.584,0.433,0.918,0.383,0.666,0.767
565,5,0.3,0.484,0.634,0.766,1.0,0.716,0.716,0.534
566,,0.25,0.434,0.584,0.716,0.95,0.666,0.666,0.484
567,,0.2,0.384,0.534,0.666,0.9,0.616,0.616,0.434
568,,0.15,0.334,0.484,0.616,0.85,0.566,0.566,0.384
569,,0.1,0.284,0.434,0.566,0.8,0.516,0.516,0.334
570,,0.05,0.234,0.384,0.516,0.75,0.466,0.466,0.284
571,,0.0,0.184,0.334,0.466,0.7,0.416,0.416,0.234
572,,-0.05,0.134,0.284,0.416,0.65,0.366,0.366,0.184
573,1,0.95,0.467,0.334,0.183,0.3,0.133,0.416,0.517
574,1,1.0,0.8,0.384,-0.05,-0.05,-0.1,0.466,0.85
575,6,0.767,0.45,0.151,0.0,0.283,0.9,0.799,0.9
576,6,0.534,0.1,-0.082,0.05,0.616,1.0,1.0,0.95
577,3,0.584,0.433,0.918,0.383,0.666,0.767,0.65,0.717
578,3,0.634,0.766,1.0,0.716,0.716,0.534,0.3,0.484
579,,0.584,0.716,0.95,0.666,0.666,0.484,0.25,0.434
580,,0.534,0.666,0.9,0.616,0.616,0.434,0.2,0.384
581,,0.484,0.616,0.85,0.566,0.566,0.384,0.15,0.334
582,,0.434,0.566,0.8,0.516,0.516,0.334,0.1,0.284
583,,0.384,0.516,0.75,0.466,0.466,0.284,0.05,0.234
584,,0.334,0.466,0.7,0.416,0.416,0.234,0.0,0.184
585,,0.284,0.416,0.65,0.366,0.366,0.184,-0.05,0.134
586,7,0.334,0.183,0.3,0.133,0.416,0.517,0.95,0.467
587,7,0.384,-0.05,-0.05,-0.1,0.466,0.85,1.0,0.8
588,4,0.151,0.0,0.283,0.9,0.799,0.9,0.767,0.45
589,4,-0.082,0.05,0.616,1.0,1.0,0.95,0.534,0.1
590,1,0.918,0.383,0.666,0.767,0.65,0.717,0.584,0.433
591,1,1.0,0.716,0.716,0.534,0.3,0.484,0.634,0.766
592,,0.95,0.666,0.666,0.484,0.25,0.434,0.584,0.716
593,,0.9,0.616,0.616,0.434,0.2,0.384,0.534,0.666
594,,0.85,0.566,0.566,0.384,0.15,0.334,0.484,0.616
595,,0.8,0.516,0.516,0.334,0.1,0.284,0.434,0.566
596,,0.75,0.466,0.466,0.284,0.05,0.234,0.384,0.516
597,,0.7,0.416,0.416,0.234,0.0,0.184,0.334,0.466
598,,0.65,0.366,0.366,0.184,-0.05,0.134,0.284,0.416
599,5,0.3,0.133,0.416,0.517,0.95,0.467,0.334,0.183
600,5,-0.05,-0.1,0.466,0.85,1.0,0.8,0.384,-0.05
601,2,0.283,0.9,0.799,0.9,0.767,0.45,0.151,0.0
602,2,0.616,1.0,1.0,0.95,0.534,0.1,-0.082,0.05
603,7,0.666,0.767,0.65,0.717,0.584,0.433,0.918,0.383
604,7,0.716,0.534,0.3,0.484,0.634,0.766,1.0,0.716
605,,0.666,0.484,0.25,0.434,0.584,0.716,0.95,0.666
606,,0.616,0.434,0.2,0.384,0.534,0.666,0.9,0.616
607,,0.566,0.384,0.15,0.334,0.484,0.616,0.85,0.566
608,,0.516,0.334,0.1,0.284,0.434,0.566,0.8,0.516
609,,0.466,0.284,0.05,0.234,0.384,0.516,0.75,0.466
610,,0.416,0.234,0.0,0.184,0.334,0.466,0.7,0.416
611,,0.366,0.184,-0.05,0.134,0.284,0.416,0.65,0.366
612,3,0.416,0.517,0.95,0.467,0.334,0.183,0.3,0.133
613,3,0.466,0.85,1.0,0.8,0.384,-0.05,-0.05,-0.1
614,8,0.799,0.9,0.767,0.45,0.151,0.0,0.283,0.9
615,8,1.0,0.95,0.534,0.1,-0.082,0.05,0.616,1.0
616,5,0.65,0.717,0.584,0.433,0.918,0.383,0.666,0.767
617,5,0.3,0.484,0.634,0.766,1.0,0.716,0.716,0.534
618,,0.25,0.434,0.584,0.716,0.95,0.666,0.666,0.484
619,,0.2,0.384,0.534,0.666,0.9,0.616,0.616,0.434
620,,0.15,0.334,0.484,0.616,0.85,0.566,0.566,0.384
621,,0.1,0.284,0.434,0.566,0.8,0.516,0.516,0.334
622,,0.05,0.234,0.384,0.516,0.75,0.466,0.466,0.284
623,,0.0,0.184,0.334,0.466,0.7,0.416,0.416,0.234
624,,-0.05,0.134,0.284,0.416,0.65,0.366,0.366,0.184
625,1,0.95,0.467,0.334,0.183,0.3,0.133,0.416,0.517
626,1,1.0,0.8,0.384,-0.05,-0.05,-0.1,0.466,0.85
627,6,0.767,0.45,0.151,0.0,0.283,0.9,0.799,0.9
628,6,0.534,0.1,-0.082,0.05,0.616,1.0,1.0,0.95
629,3,0.584,0.433,0.918,0.383,0.666,0.767,0.65,0.717
630,3,0.634,0.766,1.0,0.716,0.716,0.534,0.3,0.484
631,,0.584,0.716,0.95,0.666,0.666,0.484,0.25,0.434
632,,0.534,0.666,0.9,0.616,0.616,0.434,0.2,0.384
633,,0.484,0.616,0.85,0.566,0.566,0.384,0.15,0.334
634,,0.434,0.566,0.8,0.516,0.516,0.334,0.1,0.284
635,,0.384,0.516,0.75,0.466,0.466,0.284,0.05,0.234
636,,0.334,0.466,0.7,0.416,0.416,0.234,0.0,0.184
637,,0.284,0.416,0.65,0.366,0.366,0.184,-0.05,0.134
638,7,0.334,0.183,0.3,0.133,0.416,0.517,0.95,0.467
639,7,0.384,-0.05,-0.05,-0.1,0.466,0.85,1.0,0.8
640,4,0.151,0.0,0.283,0.9,0.799,0.9,0.767,0.45
641,4,-0.082,0.05,0.616,1.0,1.0,0.95,0.534,0.1
642,1,0.918,0.383,0.666,0.767,0.65,0.717,0.584,0.433
643,1,1.0,0.716,0.716,0.534,0.3,0.484,0.634,0.766
644,,0.95,0.666,0.666,0.484,0.25,0.434,0.584,0.716
645,,0.9,0.616,0.616,0.434,0.2,0.384,0.534,0.666
646,,0.85,0.566,0.566,0.384,0.15,0.334,0.484,0.616
647,,0.8,0.516,0.516,0.334,0.1,0.284,0.434,0.566
648,,0.75,0.466,0.466,0.284,0.05,0.234,0.384,0.516
649,,0.7,0.416,0.416,0.234,0.0,0.184,0.334,0.466
650,,0.65,0.366,0.366,0.184,-0.05,0.134,0.284,0.416
651,5,0.3,0.133,0.416,0.517,0.95,0.467,0.334,0.183
652,5,-0.05,-0.1,0.466,0.85,1.0,0.8,0.384,-0.05
653,2,0.283,0.9,0.799,0.9,0.767,0.45,0.151,0.0
654,2,0.616,1.0,1.0,0.95,0.534,0.1,-0.082,0.05
655,7,0.666,0.767,0.65,0.717,0.584,0.433,0.918,0.383
656,7,0.716,0.534,0.3,0.484,0.634,0.766,1.0,0.716
657,,0.666,0.484,0.25,0.434,0.584,0.716,0.95,0.666
658,,0.616,0.434,0.2,0.384,0.534,0.666,0.9,0.616
659,,0.566,0.384,0.15,0.334,0.484,0.616,0.85,0.566
660,,0.516,0.334,0.1,0.284,0.434,0.566,0.8,0.516
661,,0.466,0.284,0.05,0.234,0.384,0.516,0.75,0.466
662,,0.416,0.234,0.0,0.184,0.334,0.466,0.7,0.416
663,,0.366,0.184,-0.05,0.134,0.284,0.416,0.65,0.366
664,3,0.416,0.517,0.95,0.467,0.334,0.183,0.3,0.133
665,3,0.466,0.85,1.0,0.8,0.384,-0.05,-0.05,-0.1
666,8,0.799,0.9,0.767,0.45,0.151,0.0,0.283,0.9
667,8,1.0,0.95,0.534,0.1,-0.082,0.05,0.616,1.0
668,5,0.65,0.717,0.584,0.433,0.918,0.383,0.666,0.767
669,5,0.3,0.484,0.634,0.766,1.0,0.716,0.716,0.534
670,,0.25,0.434,0.584,0.716,0.95,0.666,0.666,0.484
671,,0.2,0.384,0.534,0.666,0.9,0.616,0.616,0.434
672,,0.15,0.334,0.484,0.616,0.85,0.566,0.566,0.384
673,,0.1,0.284,0.434,0.566,0.8,0.516,0.516,0.334
674,,0.05,0.234,0.384,0.516,0.75,0.466,0.466,0.284
675,,0.0,0.184,0.334,0.466,0.7,0.416,0.416,0.234
676,,-0.05,0.134,0.284,0.416,0.65,0.366,0.366,0.184
677,1,0.95,0.467,0.334,0.183,0.3,0.133,0.416,0.517
678,1,1.0,0.8,0.384,-0.05,-0.05,-0.1,0.466,0.85
679,6,0.767,0.45,0.151,0.0,0.283,0.9,0.799,0.9
680,6,0.534,0.1,-0.082,0.05,0.616,1.0,1.0,0.95
681,3,0.584,0.433,0.918,0.383,0.666,0.767,0.65,0.717
682,3,0.634,0.766,1.0,0.716,0.716,0.534,0.3,0.484
683,,0.584,0.716,0.95,0.666,0.666,0.484,0.25,0.434
684,,0.534,0.666,0.9,0.616,0.616,0.434,0.2,0.384
685,,0.484,0.616,0.85,0.566,0.566,0.384,0.15,0.334
686,,0.434,0.566,0.8,0.516,0.516,0.334,0.1,0.284
687,,0.384,0.516,0.75,0.466,0.466,0.284,0.05,0.234
688,,0.334,0.466,0.7,0.416,0.416,0.234,0.0,0.184
689,,0.284,0.416,0.65,0.366,0.366,0.184,-0.05,0.134
690,7,0.334,0.183,0.3,0.133,0.416,0.517,0.95,0.467
691,7,0.384,-0.05,-0.05,-0.1,0.466,0.85,1.0,0.8
692,4,0.151,0.0,0.283,0.9,0.799,0.9,0.767,0.45
693,4,-0.082,0.05,0.616,1.0,1.0,0.95,0.534,0.1
694,1,0.918,0.383,0.666,0.767,0.65,0.717,0.584,0.433
695,1,1.0,0.716,0.716,0.534,0.3,0.484,0.634,0.766
696,,0.95,0.666,0.666,0.484,0.25,0.434,0.584,0.716
697,,0.9,0.616,0.616,0.434,0.2,0.384,0.534,0.666
698,,0.85,0.566,0.566,0.384,0.15,0.334,0.484,0.616
699,,0.8,0.516,0.516,0.334,0.1,0.284,0.434,0.566
700,,0.75,0.466,0.466,0.284,0.05,0.234,0.384,0.516
701,,0.7,0.416,0.416,0.234,0.0,0.184,0.334,0.466
702,,0.65,0.366,0.366,0.184,-0.05,0.134,0.284,0.416
703,5,0.3,0.133,0.416,0.517,0.95,0.467,0.334,0.183
704,5,-0.05,-0.1,0.466,0.85,1.0,0.8,0.384,-0.05
705,2,0.283,0.9,0.799,0.9,0.767,0.45,0.151,0.0
706,2,0.616,1.0,1.0,0.95,0.534,0.1,-0.082,0.05
707,7,0.666,0.767,0.65,0.717,0.584,0.433,0.918,0.383
708,7,0.716,0.534,0.3,0.484,0.634,0.766,1.0,0.716
709,,0.666,0.484,0.25,0.434,0.584,0.716,0.95,0.666
710,,0.616,0.434,0.2,0.384,0.534,0.666,0.9,0.616
711,,0.566,0.384,0.15,0.334,0.484,0.616,0.85,0.566
712,,0.516,0.334,0.1,0.284,0.434,0.566,0.8,0.516
713,,0.466,0.284,0.05,0.234,0.384,0.516,0.75,0.466
714,,0.416,0.234,0.0,0.184,0.334,0.466,0.7,0.416
715,,0.366,0.184,-0.05,0.134,0.284,0.416,0.65,0.366
716,3,0.416,0.517,0.95,0.467,0.334,0.183,0.3,0.133
717,3,0.466,0.85,1.0,0.8,0.384,-0.05,-0.05,-0.1
718,8,0.799,0.9,0.767,0.45,0.151,0.0,0.283,0.9
719,8,1.0,0.95,0.534,0.1,-0.082,0.05,0.616,1.0
720,5,0.65,0.717,0.584,0.433,0.918,0.383,0.666,0.767
721,5,0.3,0.484,0.634,0.766,1.0,0.716,0.716,0.534
722,,0.25,0.434,0.584,0.716,0.95,0.666,0.666,0.484
723,,0.2,0.384,0.534,0.666,0.9,0.616,0.616,0.434
724,,0.15,0.334,0.484,0.616,0.85,0.566,0.566,0.384
725,,0.1,0.284,0.434,0.566,0.8,0.516,0.516,0.334
726,,0.05,0.234,0.384,0.516,0.75,0.466,0.466,0.284
727,,0.0,0.184,0.334,0.466,0.7,0.416,0.416,0.234
728,,-0.05,0.134,0.284,0.416,0.65,0.366,0.366,0.184
729,1,0.95,0.467,0.334,0.183,0.3,0.133,0.416,0.517
730,1,1.0,0.8,0.384,-0.05,-0.05,-0.1,0.466,0.85
731,6,0.767,0.45,0.151,0.0,0.283,0.9,0.799,0.9
732,6,0.534,0.1,-0.082,0.05,0.616,1.0,1.0,0.95
733,3,0.584,0.433,0.918,0.383,0.666,0.767,0.65,0.717
734,3,0.634,0.766,1.0,0.716,0.716,0.534,0.3,0.484
735,,0.584,0.716,0.95,0.666,0.666,0.484,0.25,0.434
736,,0.534,0.666,0.9,0.616,0.616,0.434,0.2,0.384
737,,0.484,0.616,0.85,0.566,0.566,0.384,0.15,0.334
738,,0.434,0.566,0.8,0.516,0.516,0.334,0.1,0.284
739,,0.384,0.516,0.75,0.466,0.466,0.284,0.05,0.234
740,,0.334,0.466,0.7,0.416,0.416,0.234,0.0,0.184
741,,0.284,0.416,0.65,0.366,0.366,0.184,-0.05,0.134
742,7,0.334,0.183,0.3,0.133,0.416,0.517,0.95,0.467
743,7,0.384,-0.05,-0.05,-0.1,0.466,0.85,1.0,0.8
744,4,0.151,0.0,0.283,0.9,0.799,0.9,0.767,0.45
745,4,-0.082,0.05,0.616,1.0,1.0,0.95,0.534,0.1
746,1,0.918,0.383,0.666,0.767,0.65,0.717,0.584,0.433
747,1,1.0,0.716,0.716,0.534,0.3,0.484,0.634,0.766
748,,0.95,0.666,0.666,0.484,0.25,0.434,0.584,0.716
749,,0.9,0.616,0.616,0.434,0.2,0.384,0.534,0.666
750,,0.85,0.566,0.566,0.384,0.15,0.334,0.484,0.616
751,,0.8,0.516,0.516,0.334,0.1,0.284,0.434,0.566
752,,0.75,0.466,0.466,0.284,0.05,0.234,0.384,0.516
753,,0.7,0.416,0.416,0.234,0.0,0.184,0.334,0.466
754,,0.65,0.366,0.366,0.184,-0.05,0.134,0.284,0.416
755,5,0.3,0.133,0.416,0.517,0.95,0.467,0.334,0.183
756,5,-0.05,-0.1,0.466,0.85,1.0,0.8,0.384,-0.05
757,2,0.283,0.9,0.799,0.9,0.767,0.45,0.151,0.0
758,2,0.616,1.0,1.0,0.95,0.534,0.1,-0.082,0.05
759,7,0.666,0.767,0.65,0.717,0.584,0.433,0.918,0.383
760,7,0.716,0.534,0.3,0.484,0.634,0.766,1.0,0.716
761,,0.666,0.484,0.25,0.434,0.584,0.716,0.95,0.666
762,,0.616,0.434,0.2,0.384,0.534,0.666,0.9,0.616
763,,0.566,0.384,0.15,0.334,0.484,0.616,0.85,0.566
764,,0.516,0.334,0.1,0.284,0.434,0.566,0.8,0.516
765,,0.466,0.284,0.05,0.234,0.384,0.516,0.75,0.466
766,,0.416,0.234,0.0,0.184,0.334,0.466,0.7,0.416
767,,0.366,0.184,-0.05,0.134,0.284,0.416,0.65,0.366
768,3,0.416,0.517,0.95,0.467,0.334,0.183,0.3,0.133
769,3,0.466,0.85,1.0,0.8,0.384,-0.05,-0.05,-0.1
770,8,0.799,0.9,0.767,0.45,0.151,0.0,0.283,0.9
771,8,1.0,0.95,0.534,0.1,-0.082,0.05,0.616,1.0
772,5,0.65,0.717,0.584,0.433,0.918,0.383,0.666,0.767
773,5,0.3,0.484,0.634,0.766,1.0,0.716,0.716,0.534
774,,0.25,0.434,0.584,0.716,0.95,0.666,0.666,0.484
775,,0.2,0.384,0.534,0.666,0.9,0.616,0.616,0.434
776,,0.15,0.334,0.484,0.616,0.85,0.566,0.566,0.384
777,,0.1,0.284,0.434,0.566,0.8,0.516,0.516,0.334
778,,0.05,0.234,0.384,0.516,0.75,0.466,0.466,0.284
779,,0.0,0.184,0.334,0.466,0.7,0.416,0.416,0.234
780,,-0.05,0.134,0.284,0.416,0.65,0.366,0.366,0.184
781,1,0.95,0.467,0.334,0.183,0.3,0.133,0.416,0.517
782,1,1.0,0.8,0.384,-0.05,-0.05,-0.1,0.466,0.85
783,6,0.767,0.45,0.151,0.0,0.283,0.9,0.799,0.9
784,6,0.534,0.1,-0.082,0.05,0.616,1.0,1.0,0.95
785,3,0.584,0.433,0.918,0.383,0.666,0.767,0.65,0.717
786,3,0.634,0.766,1.0,0.716,0.716,0.534,0.3,0.484
787,,0.584,0.716,0.95,0.666,0.666,0.484,0.25,0.434
788,,0.534,0.666,0.9,0.616,0.616,0.434,0.2,0.384
789,,0.484,0.616,0.85,0.566,0.566,0.384,0.15,0.334
790,,0.434,0.566,0.8,0.516,0.516,0.334,0.1,0.284
791,,0.384,0.516,0.75,0.466,0.466,0.284,0.05,0.234
792,,0.334,0.466,0.7,0.416,0.416,0.234,0.0,0.184
793,,0.284,0.416,0.65,0.366,0.366,0.184,-0.05,0.134
794,7,0.334,0.183,0.3,0.133,0.416,0.517,0.95,0.467
795,7,0.384,-0.05,-0.05,-0.1,0.466,0.85,1.0,0.8
