step,active_motive,motive_1,motive_2,motive_3,motive_4,motive_5,motive_6,motive_7,motive_8
0,,0.19884,0.71134,0.79018,0.60596,0.9263,0.65108,0.91496,0.85004
1,,0.14884,0.66134,0.74018,0.55596,0.8763,0.60108,0.86496,0.80004
2,,0.09884,0.61134,0.69018,0.50596,0.8263,0.55108,0.81496,0.75004
3,,0.04884,0.56134,0.64018,0.45596,0.7763,0.50108,0.76496,0.70004
4,,-0.00116,0.51134,0.59018,0.40596,0.7263,0.45108,0.71496,0.65004
5,1,0.99884,0.84434,0.64018,0.17296,0.3763,0.21808,0.76496,0.98304
6,1,1.0,1.0,0.69018,-0.06004,0.0263,-0.01492,0.81496,1.0
7,4,0.767,1.0,1.0,0.93996,0.3593,0.03508,0.58196,0.65
8,4,0.534,1.0,1.0,1.0,0.6923,0.08508,0.34896,0.3
9,,0.484,0.95,0.95,0.95,0.6423,0.03508,0.29896,0.25
10,,0.434,0.9,0.9,0.9,0.5923,-0.01492,0.24896,0.2
11,6,0.201,0.55,0.667,0.95,0.9253,0.98508,0.58196,0.25
12,6,-0.032,0.2,0.434,1.0,1.0,1.0,0.91496,0.3
13,1,0.968,0.533,0.484,0.767,0.65,0.767,0.96496,0.633
14,1,1.0,0.866,0.534,0.534,0.3,0.534,1.0,0.966
15,,0.95,0.816,0.484,0.484,0.25,0.484,0.95,0.916
16,,0.9,0.766,0.434,0.434,0.2,0.434,0.9,0.866
17,,0.85,0.716,0.384,0.384,0.15,0.384,0.85,0.816
18,,0.8,0.666,0.334,0.334,0.1,0.334,0.8,0.766
19,,0.75,0.616,0.284,0.284,0.05,0.284,0.75,0.716
20,,0.7,0.566,0.234,0.234,0.0,0.234,0.7,0.666
21,,0.65,0.516,0.184,0.184,-0.05,0.184,0.65,0.616
22,5,0.3,0.283,0.234,0.517,0.95,0.517,0.7,0.383
23,5,-0.05,0.05,0.284,0.85,1.0,0.85,0.75,0.15
24,1,0.95,0.383,0.334,0.617,0.65,0.617,0.8,0.483
25,1,1.0,0.716,0.384,0.384,0.3,0.384,0.85,0.816
26,,0.95,0.666,0.334,0.334,0.25,0.334,0.8,0.766
27,,0.9,0.616,0.284,0.284,0.2,0.284,0.75,0.716
28,,0.85,0.566,0.234,0.234,0.15,0.234,0.7,0.666
29,,0.8,0.516,0.184,0.184,0.1,0.184,0.65,0.616
30,,0.75,0.466,0.134,0.134,0.05,0.134,0.6,0.566
31,,0.7,0.416,0.084,0.084,0.0,0.084,0.55,0.516
32,,0.65,0.366,0.034,0.034,-0.05,0.034,0.5,0.466
33,5,0.3,0.133,0.084,0.367,0.95,0.367,0.55,0.233
34,5,-0.05,-0.1,0.134,0.7,1.0,0.7,0.6,0.0
35,2,0.283,0.9,0.467,0.75,0.767,0.35,0.367,0.05
36,2,0.616,1.0,0.8,0.8,0.534,-0.0,0.134,0.1
37,,0.566,0.95,0.75,0.75,0.484,-0.05,0.084,0.05
38,6,0.333,0.6,0.517,0.8,0.817,0.95,0.417,0.1
39,6,0.1,0.25,0.284,0.85,1.0,1.0,0.75,0.15
40,,0.05,0.2,0.234,0.8,0.95,0.95,0.7,0.1
41,,0.0,0.15,0.184,0.75,0.9,0.9,0.65,0.05
42,,-0.05,0.1,0.134,0.7,0.85,0.85,0.6,0.0
43,1,0.95,0.433,0.184,0.467,0.5,0.617,0.65,0.333
44,1,1.0,0.766,0.234,0.234,0.15,0.384,0.7,0.666
45,,0.95,0.716,0.184,0.184,0.1,0.334,0.65,0.616
46,,0.9,0.666,0.134,0.134,0.05,0.284,0.6,0.566
47,,0.85,0.616,0.084,0.084,0.0,0.234,0.55,0.516
48,,0.8,0.566,0.034,0.034,-0.05,0.184,0.5,0.466
49,5,0.45,0.333,0.084,0.367,0.95,0.517,0.55,0.233
50,5,0.1,0.1,0.134,0.7,1.0,0.85,0.6,0.0
51,,0.05,0.05,0.084,0.65,0.95,0.8,0.55,-0.05
52,8,0.383,0.1,-0.149,0.3,0.717,0.85,0.883,0.95
53,8,0.716,0.15,-0.382,-0.05,0.484,0.9,1.0,1.0
54,3,0.766,0.483,0.618,0.283,0.534,0.667,0.65,0.767
55,3,0.816,0.816,1.0,0.616,0.584,0.434,0.3,0.534
56,,0.766,0.766,0.95,0.566,0.534,0.384,0.25,0.484
57,,0.716,0.716,0.9,0.516,0.484,0.334,0.2,0.434
58,,0.666,0.666,0.85,0.466,0.434,0.284,0.15,0.384
59,,0.616,0.616,0.8,0.416,0.384,0.234,0.1,0.334
60,,0.566,0.566,0.75,0.366,0.334,0.184,0.05,0.284
61,,0.516,0.516,0.7,0.316,0.284,0.134,0.0,0.234
62,,0.466,0.466,0.65,0.266,0.234,0.084,-0.05,0.184
63,7,0.516,0.233,0.3,0.033,0.284,0.417,0.95,0.517
64,7,0.566,0.0,-0.05,-0.2,0.334,0.75,1.0,0.85
65,4,0.333,0.05,0.283,0.8,0.667,0.8,0.767,0.5
66,4,0.1,0.1,0.616,1.0,1.0,0.85,0.534,0.15
67,,0.05,0.05,0.566,0.95,0.95,0.8,0.484,0.1
68,,0.0,0.0,0.516,0.9,0.9,0.75,0.434,0.05
69,,-0.05,-0.05,0.466,0.85,0.85,0.7,0.384,0.0
70,2,0.283,0.95,0.799,0.9,0.617,0.35,0.151,0.05
71,2,0.616,1.0,1.0,0.95,0.384,-0.0,-0.082,0.1
72,7,0.666,0.767,0.65,0.717,0.434,0.333,0.918,0.433
73,7,0.716,0.534,0.3,0.484,0.484,0.666,1.0,0.766
74,,0.666,0.484,0.25,0.434,0.434,0.616,0.95,0.716
75,,0.616,0.434,0.2,0.384,0.384,0.566,0.9,0.666
76,,0.566,0.384,0.15,0.334,0.334,0.516,0.85,0.616
77,,0.516,0.334,0.1,0.284,0.284,0.466,0.8,0.566
78,,0.466,0.284,0.05,0.234,0.234,0.416,0.75,0.516
79,,0.416,0.234,0.0,0.184,0.184,0.366,0.7,0.466
80,,0.366,0.184,-0.05,0.134,0.134,0.316,0.65,0.416
81,3,0.416,0.517,0.95,0.467,0.184,0.083,0.3,0.183
82,3,0.466,0.85,1.0,0.8,0.234,-0.15,-0.05,-0.05
83,6,0.233,0.5,0.767,0.85,0.567,0.85,0.283,0.0
84,6,0.0,0.15,0.534,0.9,0.9,1.0,0.616,0.05
85,,-0.05,0.1,0.484,0.85,0.85,0.95,0.566,0.0
86,1,0.95,0.433,0.534,0.617,0.5,0.717,0.616,0.333
87,1,1.0,0.766,0.584,0.384,0.15,0.484,0.666,0.666
88,,0.95,0.716,0.534,0.334,0.1,0.434,0.616,0.616
89,,0.9,0.666,0.484,0.284,0.05,0.384,0.566,0.566
90,,0.85,0.616,0.434,0.234,0.0,0.334,0.516,0.516
91,,0.8,0.566,0.384,0.184,-0.05,0.284,0.466,0.466
92,5,0.45,0.333,0.434,0.517,0.95,0.617,0.516,0.233
93,5,0.1,0.1,0.484,0.85,1.0,0.95,0.566,0.0
94,,0.05,0.05,0.434,0.8,0.95,0.9,0.516,-0.05
95,8,0.383,0.1,0.201,0.45,0.717,0.95,0.849,0.95
96,8,0.716,0.15,-0.032,0.1,0.484,1.0,1.0,1.0
97,3,0.766,0.483,0.968,0.433,0.534,0.767,0.65,0.767
98,3,0.816,0.816,1.0,0.766,0.584,0.534,0.3,0.534
99,,0.766,0.766,0.95,0.716,0.534,0.484,0.25,0.484
100,,0.716,0.716,0.9,0.666,0.484,0.434,0.2,0.434
101,,0.666,0.666,0.85,0.616,0.434,0.384,0.15,0.384
102,,0.616,0.616,0.8,0.566,0.384,0.334,0.1,0.334
103,,0.566,0.566,0.75,0.516,0.334,0.284,0.05,0.284
104,,0.516,0.516,0.7,0.466,0.284,0.234,0.0,0.234
105,,0.466,0.466,0.65,0.416,0.234,0.184,-0.05,0.184
106,7,0.516,0.233,0.3,0.183,0.284,0.517,0.95,0.517
107,7,0.566,0.0,-0.05,-0.05,0.334,0.85,1.0,0.85
108,4,0.333,0.05,0.283,0.95,0.667,0.9,0.767,0.5
109,4,0.1,0.1,0.616,1.0,1.0,0.95,0.534,0.15
110,,0.05,0.05,0.566,0.95,0.95,0.9,0.484,0.1
111,,0.0,0.0,0.516,0.9,0.9,0.85,0.434,0.05
112,,-0.05,-0.05,0.466,0.85,0.85,0.8,0.384,0.0
113,1,0.95,0.283,0.516,0.617,0.5,0.567,0.434,0.333
114,1,1.0,0.616,0.566,0.384,0.15,0.334,0.484,0.666
115,,0.95,0.566,0.516,0.334,0.1,0.284,0.434,0.616
116,,0.9,0.516,0.466,0.284,0.05,0.234,0.384,0.566
117,,0.85,0.466,0.416,0.234,0.0,0.184,0.334,0.516
118,,0.8,0.416,0.366,0.184,-0.05,0.134,0.284,0.466
119,5,0.45,0.183,0.416,0.517,0.95,0.467,0.334,0.233
120,5,0.1,-0.05,0.466,0.85,1.0,0.8,0.384,0.0
121,2,0.433,0.95,0.799,0.9,0.767,0.45,0.151,0.05
122,2,0.766,1.0,1.0,0.95,0.534,0.1,-0.082,0.1
123,7,0.816,0.767,0.65,0.717,0.584,0.433,0.918,0.433
124,7,0.866,0.534,0.3,0.484,0.634,0.766,1.0,0.766
125,,0.816,0.484,0.25,0.434,0.584,0.716,0.95,0.716
126,,0.766,0.434,0.2,0.384,0.534,0.666,0.9,0.666
127,,0.716,0.384,0.15,0.334,0.484,0.616,0.85,0.616
128,,0.666,0.334,0.1,0.284,0.434,0.566,0.8,0.566
129,,0.616,0.284,0.05,0.234,0.384,0.516,0.75,0.516
130,,0.566,0.234,0.0,0.184,0.334,0.466,0.7,0.466
131,,0.516,0.184,-0.05,0.134,0.284,0.416,0.65,0.416
132,3,0.566,0.517,0.95,0.467,0.334,0.183,0.3,0.183
133,3,0.616,0.85,1.0,0.8,0.384,-0.05,-0.05,-0.05
134,8,0.949,0.9,0.767,0.45,0.151,0.0,0.283,0.95
135,8,1.0,0.95,0.534,0.1,-0.082,0.05,0.616,1.0
136,5,0.65,0.717,0.584,0.433,0.918,0.383,0.666,0.767
137,5,0.3,0.484,0.634,0.766,1.0,0.716,0.716,0.534
138,,0.25,0.434,0.584,0.716,0.95,0.666,0.666,0.484
139,,0.2,0.384,0.534,0.666,0.9,0.616,0.616,0.434
140,,0.15,0.334,0.484,0.616,0.85,0.566,0.566,0.384
141,,0.1,0.284,0.434,0.566,0.8,0.516,0.516,0.334
142,,0.05,0.234,0.384,0.516,0.75,0.466,0.466,0.284
143,,0.0,0.184,0.334,0.466,0.7,0.416,0.416,0.234
144,,-0.05,0.134,0.284,0.416,0.65,0.366,0.366,0.184
145,1,0.95,0.467,0.334,0.183,0.3,0.133,0.416,0.517
146,1,1.0,0.8,0.384,-0.05,-0.05,-0.1,0.466,0.85
147,6,0.767,0.45,0.151,0.0,0.283,0.9,0.799,0.9
148,6,0.534,0.1,-0.082,0.05,0.616,1.0,1.0,0.95
149,3,0.584,0.433,0.918,0.383,0.666,0.767,0.65,0.717
150,3,0.634,0.766,1.0,0.716,0.716,0.534,0.3,0.484
151,,0.584,0.716,0.95,0.666,0.666,0.484,0.25,0.434
152,,0.534,0.666,0.9,0.616,0.616,0.434,0.2,0.384
153,,0.484,0.616,0.85,0.566,0.566,0.384,0.15,0.334
154,,0.434,0.566,0.8,0.516,0.516,0.334,0.1,0.284
155,,0.384,0.516,0.75,0.466,0.466,0.284,0.05,0.234
156,,0.334,0.466,0.7,0.416,0.416,0.234,0.0,0.184
157,,0.284,0.416,0.65,0.366,0.366,0.184,-0.05,0.134
158,7,0.334,0.183,0.3,0.133,0.416,0.517,0.95,0.467
159,7,0.384,-0.05,-0.05,-0.1,0.466,0.85,1.0,0.8
160,4,0.151,0.0,0.283,0.9,0.799,0.9,0.767,0.45
161,4,-0.082,0.05,0.616,1.0,1.0,0.95,0.534,0.1
162,1,0.918,0.383,0.666,0.767,0.65,0.717,0.584,0.433
163,1,1.0,0.716,0.716,0.534,0.3,0.484,0.634,0.766
164,,0.95,0.666,0.666,0.484,0.25,0.434,0.584,0.716
165,,0.9,0.616,0.616,0.434,0.2,0.384,0.534,0.666
166,,0.85,0.566,0.566,0.384,0.15,0.334,0.484,0.616
167,,0.8,0.516,0.516,0.334,0.1,0.284,0.434,0.566
168,,0.75,0.466,0.466,0.284,0.05,0.234,0.384,0.516
169,,0.7,0.416,0.416,0.234,0.0,0.184,0.334,0.466
170,,0.65,0.366,0.366,0.184,-0.05,0.134,0.284,0.416
171,5,0.3,0.133,0.416,0.517,0.95,0.467,0.334,0.183
172,5,-0.05,-0.1,0.466,0.85,1.0,0.8,0.384,-0.05
173,2,0.283,0.9,0.799,0.9,0.767,0.45,0.151,0.0
174,2,0.616,1.0,1.0,0.95,0.534,0.1,-0.082,0.05
175,7,0.666,0.767,0.65,0.717,0.584,0.433,0.918,0.383
176,7,0.716,0.534,0.3,0.484,0.634,0.766,1.0,0.716
177,,0.666,0.484,0.25,0.434,0.584,0.716,0.95,0.666
178,,0.616,0.434,0.2,0.384,0.534,0.666,0.9,0.616
179,,0.566,0.384,0.15,0.334,0.484,0.616,0.85,0.566
180,,0.516,0.334,0.1,0.284,0.434,0.566,0.8,0.516
181,,0.466,0.284,0.05,0.234,0.384,0.516,0.75,0.466
182,,0.416,0.234,0.0,0.184,0.334,0.466,0.7,0.416
183,,0.366,0.184,-0.05,0.134,0.284,0.416,0.65,0.366
184,3,0.416,0.517,0.95,0.467,0.334,0.183,0.3,0.133
185,3,0.466,0.85,1.0,0.8,0.384,-0.05,-0.05,-0.1
186,8,0.799,0.9,0.767,0.45,0.151,0.0,0.283,0.9
187,8,1.0,0.95,0.534,0.1,-0.082,0.05,0.616,1.0
188,5,0.65,0.717,0.584,0.433,0.918,0.383,0.666,0.767
189,5,0.3,0.484,0.634,0.766,1.0,0.716,0.716,0.534
190,,0.25,0.434,0.584,0.716,0.95,0.666,0.666,0.484
191,,0.2,0.384,0.534,0.666,0.9,0.616,0.616,0.434
192,,0.15,0.334,0.484,0.616,0.85,0.566,0.566,0.384
193,,0.1,0.284,0.434,0.566,0.8,0.516,0.516,0.334
194,,0.05,0.234,0.384,0.516,0.75,0.466,0.466,0.284
195,,0.0,0.184,0.334,0.466,0.7,0.416,0.416,0.234
196,,-0.05,0.134,0.284,0.416,0.65,0.366,0.366,0.184
197,1,0.95,0.467,0.334,0.183,0.3,0.133,0.416,0.517
198,1,1.0,0.8,0.384,-0.05,-0.05,-0.1,0.466,0.85
199,6,0.767,0.45,0.151,0.0,0.283,0.9,0.799,0.9
200,6,0.534,0.1,-0.082,0.05,0.616,1.0,1.0,0.95
201,3,0.584,0.433,0.918,0.383,0.666,0.767,0.65,0.717
202,3,0.634,0.766,1.0,0.716,0.716,0.534,0.3,0.484
203,,0.584,0.716,0.95,0.666,0.666,0.484,0.25,0.434
204,,0.534,0.666,0.9,0.616,0.616,0.434,0.2,0.384
205,,0.484,0.616,0.85,0.566,0.566,0.384,0.15,0.334
206,,0.434,0.566,0.8,0.516,0.516,0.334,0.1,0.284
207,,0.384,0.516,0.75,0.466,0.466,0.284,0.05,0.234
208,,0.334,0.466,0.7,0.416,0.416,0.234,0.0,0.184
209,,0.284,0.416,0.65,0.366,0.366,0.184,-0.05,0.134
210,7,0.334,0.183,0.3,0.133,0.416,0.517,0.95,0.467
211,7,0.384,-0.05,-0.05,-0.1,0.466,0.85,1.0,0.8
212,4,0.151,0.0,0.283,0.9,0.799,0.9,0.767,0.45
213,4,-0.082,0.05,0.616,1.0,1.0,0.95,0.534,0.1
214,1,0.918,0.383,0.666,0.767,0.65,0.717,0.584,0.433
215,1,1.0,0.716,0.716,0.534,0.3,0.484,0.634,0.766
216,,0.95,0.666,0.666,0.484,0.25,0.434,0.584,0.716
217,,0.9,0.616,0.616,0.434,0.2,0.384,0.534,0.666
218,,0.85,0.566,0.566,0.384,0.15,0.334,0.484,0.616
219,,0.8,0.516,0.516,0.334,0.1,0.284,0.434,0.566
220,,0.75,0.466,0.466,0.284,0.05,0.234,0.384,0.516
221,,0.7,0.416,0.416,0.234,0.0,0.184,0.334,0.466
222,,0.65,0.366,0.366,0.184,-0.05,0.134,0.284,0.416
223,5,0.3,0.133,0.416,0.517,0.95,0.467,0.334,0.183
224,5,-0.05,-0.1,0.466,0.85,1.0,0.8,0.384,-0.05
225,2,0.283,0.9,0.799,0.9,0.767,0.45,0.151,0.0
226,2,0.616,1.0,1.0,0.95,0.534,0.1,-0.082,0.05
227,7,0.666,0.767,0.65,0.717,0.584,0.433,0.918,0.383
228,7,0.716,0.534,0.3,0.484,0.634,0.766,1.0,0.716
229,,0.666,0.484,0.25,0.434,0.584,0.716,0.95,0.666
230,,0.616,0.434,0.2,0.384,0.534,0.666,0.9,0.616
231,,0.566,0.384,0.15,0.334,0.484,0.616,0.85,0.566
232,,0.516,0.334,0.1,0.284,0.434,0.566,0.8,0.516
233,,0.466,0.284,0.05,0.234,0.384,0.516,0.75,0.466
234,,0.416,0.234,0.0,0.184,0.334,0.466,0.7,0.416
235,,0.366,0.184,-0.05,0.134,0.284,0.416,0.65,0.366
236,3,0.416,0.517,0.95,0.467,0.334,0.183,0.3,0.133
237,3,0.466,0.85,1.0,0.8,0.384,-0.05,-0.05,-0.1
238,8,0.799,0.9,0.767,0.45,0.151,0.0,0.283,0.9
239,8,1.0,0.95,0.534,0.1,-0.082,0.05,0.616,1.0
240,5,0.65,0.717,0.584,0.433,0.918,0.383,0.666,0.767
241,5,0.3,0.484,0.634,0.766,1.0,0.716,0.716,0.534
242,,0.25,0.434,0.584,0.716,0.95,0.666,0.666,0.484
243,,0.2,0.384,0.534,0.666,0.9,0.616,0.616,0.434
244,,0.15,0.334,0.484,0.616,0.85,0.566,0.566,0.384
245,,0.1,0.284,0.434,0.566,0.8,0.516,0.516,0.334
246,,0.05,0.234,0.384,0.516,0.75,0.466,0.466,0.284
247,,0.0,0.184,0.334,0.466,0.7,0.416,0.416,0.234
248,,-0.05,0.134,0.284,0.416,0.65,0.366,0.366,0.184
249,1,0.95,0.467,0.334,0.183,0.3,0.133,0.416,0.517
250,1,1.0,0.8,0.384,-0.05,-0.05,-0.1,0.466,0.85
251,6,0.767,0.45,0.151,0.0,0.283,0.9,0.799,0.9
252,6,0.534,0.1,-0.082,0.05,0.616,1.0,1.0,0.95
253,3,0.584,0.433,0.918,0.383,0.666,0.767,0.65,0.717
254,3,0.634,0.766,1.0,0.716,0.716,0.534,0.3,0.484
255,,0.584,0.716,0.95,0.666,0.666,0.484,0.25,0.434
256,,0.534,0.666,0.9,0.616,0.616,0.434,0.2,0.384
257,,0.484,0.616,0.85,0.566,0.566,0.384,0.15,0.334
258,,0.434,0.566,0.8,0.516,0.516,0.334,0.1,0.284
259,,0.384,0.516,0.75,0.466,0.466,0.284,0.05,0.234
260,,0.334,0.466,0.7,0.416,0.416,0.234,0.0,0.184
261,,0.284,0.416,0.65,0.366,0.366,0.184,-0.05,0.134
262,7,0.334,0.183,0.3,0.133,0.416,0.517,0.95,0.467
263,7,0.384,-0.05,-0.05,-0.1,0.466,0.85,1.0,0.8
264,4,0.151,0.0,0.283,0.9,0.799,0.9,0.767,0.45
265,4,-0.082,0.05,0.616,1.0,1.0,0.95,0.534,0.1
266,1,0.918,0.383,0.666,0.767,0.65,0.717,0.584,0.433
267,1,1.0,0.716,0.716,0.534,0.3,0.484,0.634,0.766
268,,0.95,0.666,0.666,0.484,0.25,0.434,0.584,0.716
269,,0.9,0.616,0.616,0.434,0.2,0.384,0.534,0.666
270,,0.85,0.566,0.566,0.384,0.15,0.334,0.484,0.616
271,,0.8,0.516,0.516,0.334,0.1,0.284,0.434,0.566
272,,0.75,0.466,0.466,0.284,0.05,0.234,0.384,0.516
273,,0.7,0.416,0.416,0.234,0.0,0.184,0.334,0.466
274,,0.65,0.366,0.366,0.184,-0.05,0.134,0.284,0.416
275,5,0.3,0.133,0.416,0.517,0.95,0.467,0.334,0.183
276,5,-0.05,-0.1,0.466,0.85,1.0,0.8,0.384,-0.05
277,2,0.283,0.9,0.799,0.9,0.767,0.45,0.151,0.0
278,2,0.616,1.0,1.0,0.95,0.534,0.1,-0.082,0.05
279,7,0.666,0.767,0.65,0.717,0.584,0.433,0.918,0.383
280,7,0.716,0.534,0.3,0.484,0.634,0.766,1.0,0.716
281,,0.666,0.484,0.25,0.434,0.584,0.716,0.95,0.666
282,,0.616,0.434,0.2,0.384,0.534,0.666,0.9,0.616
283,,0.566,0.384,0.15,0.334,0.484,0.616,0.85,0.566
284,,0.516,0.334,0.1,0.284,0.434,0.566,0.8,0.516
285,,0.466,0.284,0.05,0.234,0.384,0.516,0.75,0.466
286,,0.416,0.234,0.0,0.184,0.334,0.466,0.7,0.416
287,,0.366,0.184,-0.05,0.134,0.284,0.416,0.65,0.366
288,3,0.416,0.517,0.95,0.467,0.334,0.183,0.3,0.133
289,3,0.466,0.85,1.0,0.8,0.384,-0.05,-0.05,-0.1
290,8,0.799,0.9,0.767,0.45,0.151,0.0,0.283,0.9
291,8,1.0,0.95,0.534,0.1,-0.082,0.05,0.616,1.0
292,5,0.65,0.717,0.584,0.433,0.918,0.383,0.666,0.767
293,5,0.3,0.484,0.634,0.766,1.0,0.716,0.716,0.534
294,,0.25,0.434,0.584,0.716,0.95,0.666,0.666,0.484
295,,0.2,0.384,0.534,0.666,0.9,0.616,0.616,0.434
296,,0.15,0.334,0.484,0.616,0.85,0.566,0.566,0.384
297,,0.1,0.284,0.434,0.566,0.8,0.516,0.516,0.334
298,,0.05,0.234,0.384,0.516,0.75,0.466,0.466,0.284
299,,0.0,0.184,0.334,0.466,0.7,0.416,0.416,0.234
300,,-0.05,0.134,0.284,0.416,0.65,0.366,0.366,0.184
301,1,0.95,0.467,0.334,0.183,0.3,0.133,0.416,0.517
302,1,1.0,0.8,0.384,-0.05,-0.05,-0.1,0.466,0.85
303,6,0.767,0.45,0.151,0.0,0.283,0.9,0.799,0.9
304,6,0.534,0.1,-0.082,0.05,0.616,1.0,1.0,0.95
305,3,0.584,0.433,0.918,0.383,0.666,0.767,0.65,0.717
306,3,0.634,0.766,1.0,0.716,0.716,0.534,0.3,0.484
307,,0.584,0.716,0.95,0.666,0.666,0.484,0.25,0.434
308,,0.534,0.666,0.9,0.616,0.616,0.434,0.2,0.384
309,,0.484,0.616,0.85,0.566,0.566,0.384,0.15,0.334
310,,0.434,0.566,0.8,0.516,0.516,0.334,0.1,0.284
311,,0.384,0.516,0.75,0.466,0.466,0.284,0.05,0.234
312,,0.334,0.466,0.7,0.416,0.416,0.234,0.0,0.184
313,,0.284,0.416,0.65,0.366,0.366,0.184,-0.05,0.134
314,7,0.334,0.183,0.3,0.133,0.416,0.517,0.95,0.467
315,7,0.384,-0.05,-0.05,-0.1,0.466,0.85,1.0,0.8
316,4,0.151,0.0,0.283,0.9,0.799,0.9,0.767,0.45
317,4,-0.082,0.05,0.616,1.0,1.0,0.95,0.534,0.1
318,1,0.918,0.383,0.666,0.767,0.65,0.717,0.584,0.433
319,1,1.0,0.716,0.716,0.534,0.3,0.484,0.634,0.766
320,,0.95,0.666,0.666,0.484,0.25,0.434,0.584,0.716
321,,0.9,0.616,0.616,0.434,0.2,0.384,0.534,0.666
322,,0.85,0.566,0.566,0.384,0.15,0.334,0.484,0.616
323,,0.8,0.516,0.516,0.334,0.1,0.284,0.434,0.566
324,,0.75,0.466,0.466,0.284,0.05,0.234,0.384,0.516
325,,0.7,0.416,0.416,0.234,0.0,0.184,0.334,0.466
326,,0.65,0.366,0.366,0.184,-0.05,0.134,0.284,0.416
327,5,0.3,0.133,0.416,0.517,0.95,0.467,0.334,0.183
328,5,-0.05,-0.1,0.466,0.85,1.0,0.8,0.384,-0.05
329,2,0.283,0.9,0.799,0.9,0.767,0.45,0.151,0.0
330,2,0.616,1.0,1.0,0.95,0.534,0.1,-0.082,0.05
331,7,0.666,0.767,0.65,0.717,0.584,0.433,0.918,0.383
332,7,0.716,0.534,0.3,0.484,0.634,0.766,1.0,0.716
333,,0.666,0.484,0.25,0.434,0.584,0.716,0.95,0.666
334,,0.616,0.434,0.2,0.384,0.534,0.666,0.9,0.616
335,,0.566,0.384,0.15,0.334,0.484,0.616,0.85,0.566
336,,0.516,0.334,0.1,0.284,0.434,0.566,0.8,0.516
337,,0.466,0.284,0.05,0.234,0.384,0.516,0.75,0.466
338,,0.416,0.234,0.0,0.184,0.334,0.466,0.7,0.416
339,,0.366,0.184,-0.05,0.134,0.284,0.416,0.65,0.366
340,3,0.416,0.517,0.95,0.467,0.334,0.183,0.3,0.133
341,3,0.466,0.85,1.0,0.8,0.384,-0.05,-0.05,-0.1
342,8,0.799,0.9,0.767,0.45,0.151,0.0,0.283,0.9
343,8,1.0,0.95,0.534,0.1,-0.082,0.05,0.616,1.0
344,5,0.65,0.717,0.584,0.433,0.918,0.383,0.666,0.767
345,5,0.3,0.484,0.634,0.766,1.0,0.716,0.716,0.534
346,,0.25,0.434,0.584,0.716,0.95,0.666,0.666,0.484
347,,0.2,0.384,0.534,0.666,0.9,0.616,0.616,0.434
348,,0.15,0.334,0.484,0.616,0.85,0.566,0.566,0.384
349,,0.1,0.284,0.434,0.566,0.8,0.516,0.516,0.334
350,,0.05,0.234,0.384,0.516,0.75,0.466,0.466,0.284
351,,0.0,0.184,0.334,0.466,0.7,0.416,0.416,0.234
352,,-0.05,0.134,0.284,0.416,0.65,0.366,0.366,0.184
353,1,0.95,0.467,0.334,0.183,0.3,0.133,0.416,0.517
354,1,1.0,0.8,0.384,-0.05,-0.05,-0.1,0.466,0.85
355,6,0.767,0.45,0.151,0.0,0.283,0.9,0.799,0.9
356,6,0.534,0.1,-0.082,0.05,0.616,1.0,1.0,0.95
357,3,0.584,0.433,0.918,0.383,0.666,0.767,0.65,0.717
358,3,0.634,0.766,1.0,0.716,0.716,0.534,0.3,0.484
359,,0.584,0.716,0.95,0.666,0.666,0.484,0.25,0.434
360,,0.534,0.666,0.9,0.616,0.616,0.434,0.2,0.384
361,,0.484,0.616,0.85,0.566,0.566,0.384,0.15,0.334
362,,0.434,0.566,0.8,0.516,0.516,0.334,0.1,0.284
363,,0.384,0.516,0.75,0.466,0.466,0.284,0.05,0.234
364,,0.334,0.466,0.7,0.416,0.416,0.234,0.0,0.184
365,,0.284,0.416,0.65,0.366,0.366,0.184,-0.05,0.134
366,7,0.334,0.183,0.3,0.133,0.416,0.517,0.95,0.467
367,7,0.384,-0.05,-0.05,-0.1,0.466,0.85,1.0,0.8
368,4,0.151,0.0,0.283,0.9,0.799,0.9,0.767,0.45
369,4,-0.082,0.05,0.616,1.0,1.0,0.95,0.534,0.1
370,1,0.918,0.383,0.666,0.767,0.65,0.717,0.584,0.433
371,1,1.0,0.716,0.716,0.534,0.3,0.484,0.634,0.766
372,,0.95,0.666,0.666,0.484,0.25,0.434,0.584,0.716
373,,0.9,0.616,0.616,0.434,0.2,0.384,0.534,0.666
374,,0.85,0.566,0.566,0.384,0.15,0.334,0.484,0.616
375,,0.8,0.516,0.516,0.334,0.1,0.284,0.434,0.566
376,,0.75,0.466,0.466,0.284,0.05,0.234,0.384,0.516
377,,0.7,0.416,0.416,0.234,0.0,0.184,0.334,0.466
378,,0.65,0.366,0.366,0.184,-0.05,0.134,0.284,0.416
379,5,0.3,0.133,0.416,0.517,0.95,0.467,0.334,0.183
380,5,-0.05,-0.1,0.466,0.85,1.0,0.8,0.384,-0.05
381,2,0.283,0.9,0.799,0.9,0.767,0.45,0.151,0.0
382,2,0.616,1.0,1.0,0.95,0.534,0.1,-0.082,0.05
383,7,0.666,0.767,0.65,0.717,0.584,0.433,0.918,0.383
384,7,0.716,0.534,0.3,0.484,0.634,0.766,1.0,0.716
385,,0.666,0.484,0.25,0.434,0.584,0.716,0.95,0.666
386,,0.616,0.434,0.2,0.384,0.534,0.666,0.9,0.616
387,,0.566,0.384,0.15,0.334,0.484,0.616,0.85,0.566
388,,0.516,0.334,0.1,0.284,0.434,0.566,0.8,0.516
389,,0.466,0.284,0.05,0.234,0.384,0.516,0.75,0.466
390,,0.416,0.234,0.0,0.184,0.334,0.466,0.7,0.416
391,,0.366,0.184,-0.05,0.134,0.284,0.416,0.65,0.366
392,3,0.416,0.517,0.95,0.467,0.334,0.183,0.3,0.133
393,3,0.466,0.85,1.0,0.8,0.384,-0.05,-0.05,-0.1
394,8,0.799,0.9,0.767,0.45,0.151,0.0,0.283,0.9
395,8,1.0,0.95,0.534,0.1,-0.082,0.05,0.616,1.0
396,5,0.65,0.717,0.584,0.433,0.918,0.383,0.666,0.767
397,5,0.3,0.484,0.634,0.766,1.0,0.716,0.716,0.534
398,,0.25,0.434,0.584,0.716,0.95,0.666,0.666,0.484
399,,0.2,0.384,0.534,0.666,0.9,0.616,0.616,0.434
400,,0.15,0.334,0.484,0.616,0.85,0.566,0.566,0.384
401,,0.1,0.284,0.434,0.566,0.8,0.516,0.516,0.334
402,,0.05,0.234,0.384,0.516,0.75,0.466,0.466,0.284
403,,0.0,0.184,0.334,0.466,0.7,0.416,0.416,0.234
404,,-0.05,0.134,0.284,0.416,0.65,0.366,0.366,0.184
405,1,0.95,0.467,0.334,0.183,0.3,0.133,0.416,0.517
406,1,1.0,0.8,0.384,-0.05,-0.05,-0.1,0.466,0.85
407,6,0.767,0.45,0.151,0.0,0.283,0.9,0.799,0.9
408,6,0.534,0.1,-0.082,0.05,0.616,1.0,1.0,0.95
409,3,0.584,0.433,0.918,0.383,0.666,0.767,0.65,0.717
410,3,0.634,0.766,1.0,0.716,0.716,0.534,0.3,0.484
411,,0.584,0.716,0.95,0.666,0.666,0.484,0.25,0.434
412,,0.534,0.666,0.9,0.616,0.616,0.434,0.2,0.384
413,,0.484,0.616,0.85,0.566,0.566,0.384,0.15,0.334
414,,0.434,0.566,0.8,0.516,0.516,0.334,0.1,0.284
415,,0.384,0.516,0.75,0.466,0.466,0.284,0.05,0.234
416,,0.334,0.466,0.7,0.416,0.416,0.234,0.0,0.184
417,,0.284,0.416,0.65,0.366,0.366,0.184,-0.05,0.134
418,7,0.334,0.183,0.3,0.133,0.416,0.517,0.95,0.467
419,7,0.384,-0.05,-0.05,-0.1,0.466,0.85,1.0,0.8
420,4,0.151,0.0,0.283,0.9,0.799,0.9,0.767,0.45
421,4,-0.082,0.05,0.616,1.0,1.0,0.95,0.534,0.1
422,1,0.918,0.383,0.666,0.767,0.65,0.717,0.584,0.433
423,1,1.0,0.716,0.716,0.534,0.3,0.484,0.634,0.766
424,,0.95,0.666,0.666,0.484,0.25,0.434,0.584,0.716
425,,0.9,0.616,0.616,0.434,0.2,0.384,0.534,0.666
426,,0.85,0.566,0.566,0.384,0.15,0.334,0.484,0.616
427,,0.8,0.516,0.516,0.334,0.1,0.284,0.434,0.566
428,,0.75,0.466,0.466,0.284,0.05,0.234,0.384,0.516
429,,0.7,0.416,0.416,0.234,0.0,0.184,0.334,0.466
430,,0.65,0.366,0.366,0.184,-0.05,0.134,0.284,0.416
431,5,0.3,0.133,0.416,0.517,0.95,0.467,0.334,0.183
432,5,-0.05,-0.1,0.466,0.85,1.0,0.8,0.384,-0.05
433,2,0.283,0.9,0.799,0.9,0.767,0.45,0.151,0.0
434,2,0.616,1.0,1.0,0.95,0.534,0.1,-0.082,0.05
435,7,0.666,0.767,0.65,0.717,0.584,0.433,0.918,0.383
436,7,0.716,0.534,0.3,0.484,0.634,0.766,1.0,0.716
437,,0.666,0.484,0.25,0.434,0.584,0.716,0.95,0.666
438,,0.616,0.434,0.2,0.384,0.534,0.666,0.9,0.616
439,,0.566,0.384,0.15,0.334,0.484,0.616,0.85,0.566
440,,0.516,0.334,0.1,0.284,0.434,0.566,0.8,0.516
441,,0.466,0.284,0.05,0.234,0.384,0.516,0.75,0.466
442,,0.416,0.234,0.0,0.184,0.334,0.466,0.7,0.416
443,,0.366,0.184,-0.05,0.134,0.284,0.416,0.65,0.366
444,3,0.416,0.517,0.95,0.467,0.334,0.183,0.3,0.133
445,3,0.466,0.85,1.0,0.8,0.384,-0.05,-0.05,-0.1
446,8,0.799,0.9,0.767,0.45,0.151,0.0,0.283,0.9
447,8,1.0,0.95,0.534,0.1,-0.082,0.05,0.616,1.0
448,5,0.65,0.717,0.584,0.433,0.918,0.383,0.666,0.767
449,5,0.3,0.484,0.634,0.766,1.0,0.716,0.716,0.534
450,,0.25,0.434,0.584,0.716,0.95,0.666,0.666,0.484
451,,0.2,0.384,0.534,0.666,0.9,0.616,0.616,0.434
452,,0.15,0.334,0.484,0.616,0.85,0.566,0.566,0.384
453,,0.1,0.284,0.434,0.566,0.8,0.516,0.516,0.334
454,,0.05,0.234,0.384,0.516,0.75,0.466,0.466,0.284
455,,0.0,0.184,0.334,0.466,0.7,0.416,0.416,0.234
456,,-0.05,0.134,0.284,0.416,0.65,0.366,0.366,0.184
457,1,0.95,0.467,0.334,0.183,0.3,0.133,0.416,0.517
458,1,1.0,0.8,0.384,-0.05,-0.05,-0.1,0.466,0.85
459,6,0.767,0.45,0.151,0.0,0.283,0.9,0.799,0.9
460,6,0.534,0.1,-0.082,0.05,0.616,1.0,1.0,0.95
461,3,0.584,0.433,0.918,0.383,0.666,0.767,0.65,0.717
462,3,0.634,0.766,1.0,0.716,0.716,0.534,0.3,0.484
463,,0.584,0.716,0.95,0.666,0.666,0.484,0.25,0.434
464,,0.534,0.666,0.9,0.616,0.616,0.434,0.2,0.384
465,,0.484,0.616,0.85,0.566,0.566,0.384,0.15,0.334
466,,0.434,0.566,0.8,0.516,0.516,0.334,0.1,0.284
467,,0.384,0.516,0.75,0.466,0.466,0.284,0.05,0.234
468,,0.334,0.466,0.7,0.416,0.416,0.234,0.0,0.184
469,,0.284,0.416,0.65,0.366,0.366,0.184,-0.05,0.134
470,7,0.334,0.183,0.3,0.133,0.416,0.517,0.95,0.467
471,7,0.384,-0.05,-0.05,-0.1,0.466,0.85,1.0,0.8
472,4,0.151,0.0,0.283,0.9,0.799,0.9,0.767,0.45
473,4,-0.082,0.05,0.616,1.0,1.0,0.95,0.534,0.1
474,1,0.918,0.383,0.666,0.767,0.65,0.717,0.584,0.433
475,1,1.0,0.716,0.716,0.534,0.3,0.484,0.634,0.766
476,,0.95,0.666,0.666,0.484,0.25,0.434,0.584,0.716
477,,0.9,0.616,0.616,0.434,0.2,0.384,0.534,0.666
478,,0.85,0.566,0.566,0.384,0.15,0.334,0.484,0.616
479,,0.8,0.516,0.516,0.334,0.1,0.284,0.434,0.566
480,,0.75,0.466,0.466,0.284,0.05,0.234,0.384,0.516
481,,0.7,0.416,0.416,0.234,0.0,0.184,0.334,0.466
482,,0.65,0.366,0.366,0.184,-0.05,0.134,0.284,0.416
483,5,0.3,0.133,0.416,0.517,0.95,0.467,0.334,0.183
484,5,-0.05,-0.1,0.466,0.85,1.0,0.8,0.384,-0.05
485,2,0.283,0.9,0.799,0.9,0.767,0.45,0.151,0.0
486,2,0.616,1.0,1.0,0.95,0.534,0.1,-0.082,0.05
487,7,0.666,0.767,0.65,0.717,0.584,0.433,0.918,0.383
488,7,0.716,0.534,0.3,0.484,0.634,0.766,1.0,0.716
489,,0.666,0.484,0.25,0.434,0.584,0.716,0.95,0.666
490,,0.616,0.434,0.2,0.384,0.534,0.666,0.9,0.616
491,,0.566,0.384,0.15,0.334,0.484,0.616,0.85,0.566
492,,0.516,0.334,0.1,0.284,0.434,0.566,0.8,0.516
493,,0.466,0.284,0.05,0.234,0.384,0.516,0.75,0.466
494,,0.416,0.234,0.0,0.184,0.334,0.466,0.7,0.416
495,,0.366,0.184,-0.05,0.134,0.284,0.416,0.65,0.366
496,3,0.416,0.517,0.95,0.467,0.334,0.183,0.3,0.133
497,3,0.466,0.85,1.0,0.8,0.384,-0.05,-0.05,-0.1
498,8,0.799,0.9,0.767,0.45,0.151,0.0,0.283,0.9
499,8,1.0,0.95,0.534,0.1,-0.082,0.05,0.616,1.0
500,5,0.65,0.717,0.584,0.433,0.918,0.383,0.666,0.767
501,5,0.3,0.484,0.634,0.766,1.0,0.716,0.716,0.534
502,,0.25,0.434,0.584,0.716,0.95,0.666,0.666,0.484
503,,0.2,0.384,0.534,0.666,0.9,0.616,0.616,0.434
504,,0.15,0.334,0.484,0.616,0.85,0.566,0.566,0.384
505,,0.1,0.284,0.434,0.566,0.8,0.516,0.516,0.334
506,,0.05,0.234,0.384,0.516,0.75,0.466,0.466,0.284
507,,0.0,0.184,0.334,0.466,0.7,0.416,0.416,0.234
508,,-0.05,0.134,0.284,0.416,0.65,0.366,0.366,0.184
509,1,0.95,0.467,0.334,0.183,0.3,0.133,0.416,0.517
510,1,1.0,0.8,0.384,-0.05,-0.05,-0.1,0.466,0.85
511,6,0.767,0.45,0.151,0.0,0.283,0.9,0.799,0.9
512,6,0.534,0.1,-0.082,0.05,0.616,1.0,1.0,0.95
513,3,0.584,0.433,0.918,0.383,0.666,0.767,0.65,0.717
514,3,0.634,0.766,1.0,0.716,0.716,0.534,0.3,0.484
515,,0.584,0.716,0.95,0.666,0.666,0.484,0.25,0.434
516,,0.534,0.666,0.9,0.616,0.616,0.434,0.2,0.384
517,,0.484,0.616,0.85,0.566,0.566,0.384,0.15,0.334
518,,0.434,0.566,0.8,0.516,0.516,0.334,0.1,0.284
519,,0.384,0.516,0.75,0.466,0.466,0.284,0.05,0.234
520,,0.334,0.466,0.7,0.416,0.416,0.234,0.0,0.184
521,,0.284,0.416,0.65,0.366,0.366,0.184,-0.05,0.134
522,7,0.334,0.183,0.3,0.133,0.416,0.517,0.95,0.467
523,7,0.384,-0.05,-0.05,-0.1,0.466,0.85,1.0,0.8
524,4,0.151,0.0,0.283,0.9,0.799,0.9,0.767,0.45
525,4,-0.082,0.05,0.616,1.0,1.0,0.95,0.534,0.1
526,1,0.918,0.383,0.666,0.767,0.65,0.717,0.584,0.433
527,1,1.0,0.716,0.716,0.534,0.3,0.484,0.634,0.766
528,,0.95,0.666,0.666,0.484,0.25,0.434,0.584,0.716
529,,0.9,0.616,0.616,0.434,0.2,0.384,0.534,0.666
530,,0.85,0.566,0.566,0.384,0.15,0.334,0.484,0.616
531,,0.8,0.516,0.516,0.334,0.1,0.284,0.434,0.566
532,,0.75,0.466,0.466,0.284,0.05,0.234,0.384,0.516
533,,0.7,0.416,0.416,0.234,0.0,0.184,0.334,0.466
534,,0.65,0.366,0.366,0.184,-0.05,0.134,0.284,0.416
535,5,0.3,0.133,0.416,0.517,0.95,0.467,0.334,0.183
536,5,-0.05,-0.1,0.466,0.85,1.0,0.8,0.384,-0.05
537,2,0.283,0.9,0.799,0.9,0.767,0.45,0.151,0.0
538,2,0.616,1.0,1.0,0.95,0.534,0.1,-0.082,0.05
539,7,0.666,0.767,0.65,0.717,0.584,0.433,0.918,0.383
540,7,0.716,0.534,0.3,0.484,0.634,0.766,1.0,0.716
541,,0.666,0.484,0.25,0.434,0.584,0.716,0.95,0.666
542,,0.616,0.434,0.2,0.384,0.534,0.666,0.9,0.616
543,,0.566,0.384,0.15,0.334,0.484,0.616,0.85,0.566
544,,0.516,0.334,0.1,0.284,0.434,0.566,0.8,0.516
545,,0.466,0.284,0.05,0.234,0.384,0.516,0.75,0.466
546,,0.416,0.234,0.0,0.184,0.334,0.466,0.7,0.416
547,,0.366,0.184,-0.05,0.134,0.284,0.416,0.65,0.366
548,3,0.416,0.517,0.95,0.467,0.334,0.183,0.3,0.133
549,3,0.466,0.85,1.0,0.8,0.384,-0.05,-0.05,-0.1
550,8,0.799,0.9,0.767,0.45,0.151,0.0,0.283,0.9
551,8,1.0,0.95,0.534,0.1,-0.082,0.05,0.616,1.0
552,5,0.65,0.717,0.584,0.433,0.918,0.383,0.666,0.767
553,5,0.3,0.484,0.634,0.766,1.0,0.716,0.716,0.534
554,,0.25,0.434,0.584,0.716,0.95,0.666,0.666,0.484
555,,0.2,0.384,0.534,0.666,0.9,0.616,0.616,0.434
556,,0.15,0.334,0.484,0.616,0.85,0.566,0.566,0.384
557,,0.1,0.284,0.434,0.566,0.8,0.516,0.516,0.334
558,,0.05,0.234,0.384,0.516,0.75,0.466,0.466,0.284
559,,0.0,0.184,0.334,0.466,0.7,0.416,0.416,0.234
560,,-0.05,0.134,0.284,0.416,0.65,0.366,0.366,0.184
561,1,0.95,0.467,0.334,0.183,0.3,0.133,0.416,0.517
562,1,1.0,0.8,0.384,-0.05,-0.05,-0.1,0.466,0.85
563,6,0.767,0.45,0.151,0.0,0.283,0.9,0.799,0.9
564,6,0.534,0.1,-0.082,0.05,0.616,1.0,1.0,0.95
565,3,0.584,0.433,0.918,0.383,0.666,0.767,0.65,0.717
566,3,0.634,0.766,1.0,0.716,0.716,0.534,0.3,0.484
567,,0.584,0.716,0.95,0.666,0.666,0.484,0.25,0.434
568,,0.534,0.666,0.9,0.616,0.616,0.434,0.2,0.384
569,,0.484,0.616,0.85,0.566,0.566,0.384,0.15,0.334
570,,0.434,0.566,0.8,0.516,0.516,0.334,0.1,0.284
571,,0.384,0.516,0.75,0.466,0.466,0.284,0.05,0.234
572,,0.334,0.466,0.7,0.416,0.416,0.234,0.0,0.184
573,,0.284,0.416,0.65,0.366,0.366,0.184,-0.05,0.134
574,7,0.334,0.183,0.3,0.133,0.416,0.517,0.95,0.467
575,7,0.384,-0.05,-0.05,-0.1,0.466,0.85,1.0,0.8
576,4,0.151,0.0,0.283,0.9,0.799,0.9,0.767,0.45
577,4,-0.082,0.05,0.616,1.0,1.0,0.95,0.534,0.1
578,1,0.918,0.383,0.666,0.767,0.65,0.717,0.584,0.433
579,1,1.0,0.716,0.716,0.534,0.3,0.484,0.634,0.766
580,,0.95,0.666,0.666,0.484,0.25,0.434,0.584,0.716
581,,0.9,0.616,0.616,0.434,0.2,0.384,0.534,0.666
582,,0.85,0.566,0.566,0.384,0.15,0.334,0.484,0.616
583,,0.8,0.516,0.516,0.334,0.1,0.284,0.434,0.566
584,,0.75,0.466,0.466,0.284,0.05,0.234,0.384,0.516
585,,0.7,0.416,0.416,0.234,0.0,0.184,0.334,0.466
586,,0.65,0.366,0.366,0.184,-0.05,0.134,0.284,0.416
587,5,0.3,0.133,0.416,0.517,0.95,0.467,0.334,0.183
588,5,-0.05,-0.1,0.466,0.85,1.0,0.8,0.384,-0.05
589,2,0.283,0.9,0.799,0.9,0.767,0.45,0.151,0.0
590,2,0.616,1.0,1.0,0.95,0.534,0.1,-0.082,0.05
591,7,0.666,0.767,0.65,0.717,0.584,0.433,0.918,0.383
592,7,0.716,0.534,0.3,0.484,0.634,0.766,1.0,0.716
593,,0.666,0.484,0.25,0.434,0.584,0.716,0.95,0.666
594,,0.616,0.434,0.2,0.384,0.534,0.666,0.9,0.616
595,,0.566,0.384,0.15,0.334,0.484,0.616,0.85,0.566
596,,0.516,0.334,0.1,0.284,0.434,0.566,0.8,0.516
597,,0.466,0.284,0.05,0.234,0.384,0.516,0.75,0.466
598,,0.416,0.234,0.0,0.184,0.334,0.466,0.7,0.416
599,,0.366,0.184,-0.05,0.134,0.284,0.416,0.65,0.366
600,3,0.416,0.517,0.95,0.467,0.334,0.183,0.3,0.133
601,3,0.466,0.85,1.0,0.8,0.384,-0.05,-0.05,-0.1
602,8,0.799,0.9,0.767,0.45,0.151,0.0,0.283,0.9
603,8,1.0,0.95,0.534,0.1,-0.082,0.05,0.616,1.0
604,5,0.65,0.717,0.584,0.433,0.918,0.383,0.666,0.767
605,5,0.3,0.484,0.634,0.766,1.0,0.716,0.716,0.534
606,,0.25,0.434,0.584,0.716,0.95,0.666,0.666,0.484
607,,0.2,0.384,0.534,0.666,0.9,0.616,0.616,0.434
608,,0.15,0.334,0.484,0.616,0.85,0.566,0.566,0.384
609,,0.1,0.284,0.434,0.566,0.8,0.516,0.516,0.334
610,,0.05,0.234,0.384,0.516,0.75,0.466,0.466,0.284
611,,0.0,0.184,0.334,0.466,0.7,0.416,0.416,0.234
612,,-0.05,0.134,0.284,0.416,0.65,0.366,0.366,0.184
613,1,0.95,0.467,0.334,0.183,0.3,0.133,0.416,0.517
614,1,1.0,0.8,0.384,-0.05,-0.05,-0.1,0.466,0.85
615,6,0.767,0.45,0.151,0.0,0.283,0.9,0.799,0.9
616,6,0.534,0.1,-0.082,0.05,0.616,1.0,1.0,0.95
617,3,0.584,0.433,0.918,0.383,0.666,0.767,0.65,0.717
618,3,0.634,0.766,1.0,0.716,0.716,0.534,0.3,0.484
619,,0.584,0.716,0.95,0.666,0.666,0.484,0.25,0.434
620,,0.534,0.666,0.9,0.616,0.616,0.434,0.2,0.384
621,,0.484,0.616,0.85,0.566,0.566,0.384,0.15,0.334
622,,0.434,0.566,0.8,0.516,0.516,0.334,0.1,0.284
623,,0.384,0.516,0.75,0.466,0.466,0.284,0.05,0.234
624,,0.334,0.466,0.7,0.416,0.416,0.234,0.0,0.184
625,,0.284,0.416,0.65,0.366,0.366,0.184,-0.05,0.134
626,7,0.334,0.183,0.3,0.133,0.416,0.517,0.95,0.467
627,7,0.384,-0.05,-0.05,-0.1,0.466,0.85,1.0,0.8
628,4,0.151,0.0,0.283,0.9,0.799,0.9,0.767,0.45
629,4,-0.082,0.05,0.616,1.0,1.0,0.95,0.534,0.1
630,1,0.918,0.383,0.666,0.767,0.65,0.717,0.584,0.433
631,1,1.0,0.716,0.716,0.534,0.3,0.484,0.634,0.766
632,,0.95,0.666,0.666,0.484,0.25,0.434,0.584,0.716
633,,0.9,0.616,0.616,0.434,0.2,0.384,0.534,0.666
634,,0.85,0.566,0.566,0.384,0.15,0.334,0.484,0.616
635,,0.8,0.516,0.516,0.334,0.1,0.284,0.434,0.566
636,,0.75,0.466,0.466,0.284,0.05,0.234,0.384,0.516
637,,0.7,0.416,0.416,0.234,0.0,0.184,0.334,0.466
638,,0.65,0.366,0.366,0.184,-0.05,0.134,0.284,0.416
639,5,0.3,0.133,0.416,0.517,0.95,0.467,0.334,0.183
640,5,-0.05,-0.1,0.466,0.85,1.0,0.8,0.384,-0.05
641,2,0.283,0.9,0.799,0.9,0.767,0.45,0.151,0.0
642,2,0.616,1.0,1.0,0.95,0.534,0.1,-0.082,0.05
643,7,0.666,0.767,0.65,0.717,0.584,0.433,0.918,0.383
644,7,0.716,0.534,0.3,0.484,0.634,0.766,1.0,0.716
645,,0.666,0.484,0.25,0.434,0.584,0.716,0.95,0.666
646,,0.616,0.434,0.2,0.384,0.534,0.666,0.9,0.616
647,,0.566,0.384,0.15,0.334,0.484,0.616,0.85,0.566
648,,0.516,0.334,0.1,0.284,0.434,0.566,0.8,0.516
649,,0.466,0.284,0.05,0.234,0.384,0.516,0.75,0.466
650,,0.416,0.234,0.0,0.184,0.334,0.466,0.7,0.416
651,,0.366,0.184,-0.05,0.134,0.284,0.416,0.65,0.366
652,3,0.416,0.517,0.95,0.467,0.334,0.183,0.3,0.133
653,3,0.466,0.85,1.0,0.8,0.384,-0.05,-0.05,-0.1
654,8,0.799,0.9,0.767,0.45,0.151,0.0,0.283,0.9
655,8,1.0,0.95,0.534,0.1,-0.082,0.05,0.616,1.0
656,5,0.65,0.717,0.584,0.433,0.918,0.383,0.666,0.767
657,5,0.3,0.484,0.634,0.766,1.0,0.716,0.716,0.534
658,,0.25,0.434,0.584,0.716,0.95,0.666,0.666,0.484
659,,0.2,0.384,0.534,0.666,0.9,0.616,0.616,0.434
660,,0.15,0.334,0.484,0.616,0.85,0.566,0.566,0.384
661,,0.1,0.284,0.434,0.566,0.8,0.516,0.516,0.334
662,,0.05,0.234,0.384,0.516,0.75,0.466,0.466,0.284
663,,0.0,0.184,0.334,0.466,0.7,0.416,0.416,0.234
664,,-0.05,0.134,0.284,0.416,0.65,0.366,0.366,0.184
665,1,0.95,0.467,0.334,0.183,0.3,0.133,0.416,0.517
666,1,1.0,0.8,0.384,-0.05,-0.05,-0.1,0.466,0.85
667,6,0.767,0.45,0.151,0.0,0.283,0.9,0.799,0.9
668,6,0.534,0.1,-0.082,0.05,0.616,1.0,1.0,0.95
669,3,0.584,0.433,0.918,0.383,0.666,0.767,0.65,0.717
670,3,0.634,0.766,1.0,0.716,0.716,0.534,0.3,0.484
671,,0.584,0.716,0.95,0.666,0.666,0.484,0.25,0.434
672,,0.534,0.666,0.9,0.616,0.616,0.434,0.2,0.384
673,,0.484,0.616,0.85,0.566,0.566,0.384,0.15,0.334
674,,0.434,0.566,0.8,0.516,0.516,0.334,0.1,0.284
675,,0.384,0.516,0.75,0.466,0.466,0.284,0.05,0.234
676,,0.334,0.466,0.7,0.416,0.416,0.234,0.0,0.184
677,,0.284,0.416,0.65,0.366,0.366,0.184,-0.05,0.134
678,7,0.334,0.183,0.3,0.133,0.416,0.517,0.95,0.467
679,7,0.384,-0.05,-0.05,-0.1,0.466,0.85,1.0,0.8
680,4,0.151,0.0,0.283,0.9,0.799,0.9,0.767,0.45
681,4,-0.082,0.05,0.616,1.0,1.0,0.95,0.534,0.1
682,1,0.918,0.383,0.666,0.767,0.65,0.717,0.584,0.433
683,1,1.0,0.716,0.716,0.534,0.3,0.484,0.634,0.766
684,,0.95,0.666,0.666,0.484,0.25,0.434,0.584,0.716
685,,0.9,0.616,0.616,0.434,0.2,0.384,0.534,0.666
686,,0.85,0.566,0.566,0.384,0.15,0.334,0.484,0.616
687,,0.8,0.516,0.516,0.334,0.1,0.284,0.434,0.566
688,,0.75,0.466,0.466,0.284,0.05,0.234,0.384,0.516
689,,0.7,0.416,0.416,0.234,0.0,0.184,0.334,0.466
690,,0.65,0.366,0.366,0.184,-0.05,0.134,0.284,0.416
691,5,0.3,0.133,0.416,0.517,0.95,0.467,0.334,0.183
692,5,-0.05,-0.1,0.466,0.85,1.0,0.8,0.384,-0.05
693,2,0.283,0.9,0.799,0.9,0.767,0.45,0.151,0.0
694,2,0.616,1.0,1.0,0.95,0.534,0.1,-0.082,0.05
695,7,0.666,0.767,0.65,0.717,0.584,0.433,0.918,0.383
696,7,0.716,0.534,0.3,0.484,0.634,0.766,1.0,0.716
697,,0.666,0.484,0.25,0.434,0.584,0.716,0.95,0.666
698,,0.616,0.434,0.2,0.384,0.534,0.666,0.9,0.616
699,,0.566,0.384,0.15,0.334,0.484,0.616,0.85,0.566
700,,0.516,0.334,0.1,0.284,0.434,0.566,0.8,0.516
701,,0.466,0.284,0.05,0.234,0.384,0.516,0.75,0.466
702,,0.416,0.234,0.0,0.184,0.334,0.466,0.7,0.416
703,,0.366,0.184,-0.05,0.134,0.284,0.416,0.65,0.366
704,3,0.416,0.517,0.95,0.467,0.334,0.183,0.3,0.133
705,3,0.466,0.85,1.0,0.8,0.384,-0.05,-0.05,-0.1
706,8,0.799,0.9,0.767,0.45,0.151,0.0,0.283,0.9
707,8,1.0,0.95,0.534,0.1,-0.082,0.05,0.616,1.0
708,5,0.65,0.717,0.584,0.433,0.918,0.383,0.666,0.767
709,5,0.3,0.484,0.634,0.766,1.0,0.716,0.716,0.534
710,,0.25,0.434,0.584,0.716,0.95,0.666,0.666,0.484
711,,0.2,0.384,0.534,0.666,0.9,0.616,0.616,0.434
712,,0.15,0.334,0.484,0.616,0.85,0.566,0.566,0.384
713,,0.1,0.284,0.434,0.566,0.8,0.516,0.516,0.334
714,,0.05,0.234,0.384,0.516,0.75,0.466,0.466,0.284
715,,0.0,0.184,0.334,0.466,0.7,0.416,0.416,0.234
716,,-0.05,0.134,0.284,0.416,0.65,0.366,0.366,0.184
717,1,0.95,0.467,0.334,0.183,0.3,0.133,0.416,0.517
718,1,1.0,0.8,0.384,-0.05,-0.05,-0.1,0.466,0.85
719,6,0.767,0.45,0.151,0.0,0.283,0.9,0.799,0.9
720,6,0.534,0.1,-0.082,0.05,0.616,1.0,1.0,0.95
721,3,0.584,0.433,0.918,0.383,0.666,0.767,0.65,0.717
722,3,0.634,0.766,1.0,0.716,0.716,0.534,0.3,0.484
723,,0.584,0.716,0.95,0.666,0.666,0.484,0.25,0.434
724,,0.534,0.666,0.9,0.616,0.616,0.434,0.2,0.384
725,,0.484,0.616,0.85,0.566,0.566,0.384,0.15,0.334
726,,0.434,0.566,0.8,0.516,0.516,0.334,0.1,0.284
727,,0.384,0.516,0.75,0.466,0.466,0.284,0.05,0.234
728,,0.334,0.466,0.7,0.416,0.416,0.234,0.0,0.184
729,,0.284,0.416,0.65,0.366,0.366,0.184,-0.05,0.134
730,7,0.334,0.183,0.3,0.133,0.416,0.517,0.95,0.467
731,7,0.384,-0.05,-0.05,-0.1,0.466,0.85,1.0,0.8
732,4,0.151,0.0,0.283,0.9,0.799,0.9,0.767,0.45
733,4,-0.082,0.05,0.616,1.0,1.0,0.95,0.534,0.1
734,1,0.918,0.383,0.666,0.767,0.65,0.717,0.584,0.433
735,1,1.0,0.716,0.716,0.534,0.3,0.484,0.634,0.766
736,,0.95,0.666,0.666,0.484,0.25,0.434,0.584,0.716
737,,0.9,0.616,0.616,0.434,0.2,0.384,0.534,0.666
738,,0.85,0.566,0.566,0.384,0.15,0.334,0.484,0.616
739,,0.8,0.516,0.516,0.334,0.1,0.284,0.434,0.566
740,,0.75,0.466,0.466,0.284,0.05,0.234,0.384,0.516
741,,0.7,0.416,0.416,0.234,0.0,0.184,0.334,0.466
742,,0.65,0.366,0.366,0.184,-0.05,0.134,0.284,0.416
743,5,0.3,0.133,0.416,0.517,0.95,0.467,0.334,0.183
744,5,-0.05,-0.1,0.466,0.85,1.0,0.8,0.384,-0.05
745,2,0.283,0.9,0.799,0.9,0.767,0.45,0.151,0.0
746,2,0.616,1.0,1.0,0.95,0.534,0.1,-0.082,0.05
747,7,0.666,0.767,0.65,0.717,0.584,0.433,0.918,0.383
748,7,0.716,0.534,0.3,0.484,0.634,0.766,1.0,0.716
749,,0.666,0.484,0.25,0.434,0.584,0.716,0.95,0.666
750,,0.616,0.434,0.2,0.384,0.534,0.666,0.9,0.616
751,,0.566,0.384,0.15,0.334,0.484,0.616,0.85,0.566
752,,0.516,0.334,0.1,0.284,0.434,0.566,0.8,0.516
753,,0.466,0.284,0.05,0.234,0.384,0.516,0.75,0.466
754,,0.416,0.234,0.0,0.184,0.334,0.466,0.7,0.416
755,,0.366,0.184,-0.05,0.134,0.284,0.416,0.65,0.366
756,3,0.416,0.517,0.95,0.467,0.334,0.183,0.3,0.133
757,3,0.466,0.85,1.0,0.8,0.384,-0.05,-0.05,-0.1
758,8,0.799,0.9,0.767,0.45,0.151,0.0,0.283,0.9
759,8,1.0,0.95,0.534,0.1,-0.082,0.05,0.616,1.0
760,5,0.65,0.717,0.584,0.433,0.918,0.383,0.666,0.767
761,5,0.3,0.484,0.634,0.766,1.0,0.716,0.716,0.534
762,,0.25,0.434,0.584,0.716,0.95,0.666,0.666,0.484
763,,0.2,0.384,0.534,0.666,0.9,0.616,0.616,0.434
764,,0.15,0.334,0.484,0.616,0.85,0.566,0.566,0.384
765,,0.1,0.284,0.434,0.566,0.8,0.516,0.516,0.334
766,,0.05,0.234,0.384,0.516,0.75,0.466,0.466,0.284
767,,0.0,0.184,0.334,0.466,0.7,0.416,0.416,0.234
768,,-0.05,0.134,0.284,0.416,0.65,0.366,0.366,0.184
769,1,0.95,0.467,0.334,0.183,0.3,0.133,0.416,0.517
770,1,1.0,0.8,0.384,-0.05,-0.05,-0.1,0.466,0.85
771,6,0.767,0.45,0.151,0.0,0.283,0.9,0.799,0.9
772,6,0.534,0.1,-0.082,0.05,0.616,1.0,1.0,0.95
773,3,0.584,0.433,0.918,0.383,0.666,0.767,0.65,0.717
774,3,0.634,0.766,1.0,0.716,0.716,0.534,0.3,0.484
775,,0.584,0.716,0.95,0.666,0.666,0.484,0.25,0.434
776,,0.534,0.666,0.9,0.616,0.616,0.434,0.2,0.384
777,,0.484,0.616,0.85,0.566,0.566,0.384,0.15,0.334
778,,0.434,0.566,0.8,0.516,0.516,0.334,0.1,0.284
779,,0.384,0.516,0.75,0.466,0.466,0.284,0.05,0.234
780,,0.334,0.466,0.7,0.416,0.416,0.234,0.0,0.184
781,,0.284,0.416,0.65,0.366,0.366,0.184,-0.05,0.134
782,7,0.334,0.183,0.3,0.133,0.416,0.517,0.95,0.467
783,7,0.384,-0.05,-0.05,-0.1,0.466,0.85,1.0,0.8
784,4,0.151,0.0,0.283,0.9,0.799,0.9,0.767,0.45
785,4,-0.082,0.05,0.616,1.0,1.0,0.95,0.534,0.1
786,1,0.918,0.383,0.666,0.767,0.65,0.717,0.584,0.433
787,1,1.0,0.716,0.716,0.534,0.3,0.484,0.634,0.766
788,,0.95,0.666,0.666,0.484,0.25,0.434,0.584,0.716
789,,0.9,0.616,0.616,0.434,0.2,0.384,0.534,0.666
790,,0.85,0.566,0.566,0.384,0.15,0.334,0.484,0.616
791,,0.8,0.516,0.516,0.334,0.1,0.284,0.434,0.566
792,,0.75,0.466,0.466,0.284,0.05,0.234,0.384,0.516
793,,0.7,0.416,0.416,0.234,0.0,0.184,0.334,0.466
794,,0.65,0.366,0.366,0.184,-0.05,0.134,0.284,0.416
795,5,0.3,0.133,0.416,0.517,0.95,0.467,0.334,0.183
796,5,-0.05,-0.1,0.466,0.85,1.0,0.8,0.384,-0.05
797,2,0.283,0.9,0.799,0.9,0.767,0.45,0.151,0.0
798,2,0.616,1.0,1.0,0.95,0.534,0.1,-0.082,0.05
799,7,0.666,0.767,0.65,0.717,0.584,0.433,0.918,0.383
800,7,0.716,0.534,0.3,0.484,0.634,0.766,1.0,0.716
801,,0.666,0.484,0.25,0.434,0.584,0.716,0.95,0.666
