step,active_motive,motive_1,motive_2,motive_3,motive_4,motive_5,motive_6,motive_7,motive_8
0,,0.59887,0.69478,0.88047,0.62435,0.29563,0.10549,0.45653,0.21844
1,,0.54887,0.64478,0.83047,0.57435,0.24563,0.05549,0.40653,0.16844
2,,0.49887,0.59478,0.78047,0.52435,0.19563,0.00549,0.35653,0.11844
3,,0.44887,0.54478,0.73047,0.47435,0.14563,-0.04451,0.30653,0.06844
4,6,0.21587,0.19478,0.49747,0.52435,0.47863,0.95549,0.63953,0.11844
5,6,-0.01713,-0.15522,0.26447,0.57435,0.81163,1.0,0.97253,0.16844
6,2,0.31587,0.84478,0.59747,0.62435,0.57863,0.65,0.73953,0.21844
7,2,0.64887,1.0,0.93047,0.67435,0.34563,0.3,0.50653,0.26844
8,,0.59887,0.95,0.88047,0.62435,0.29563,0.25,0.45653,0.21844
9,,0.54887,0.9,0.83047,0.57435,0.24563,0.2,0.40653,0.16844
10,,0.49887,0.85,0.78047,0.52435,0.19563,0.15,0.35653,0.11844
11,,0.44887,0.8,0.73047,0.47435,0.14563,0.1,0.30653,0.06844
12,,0.39887,0.75,0.68047,0.42435,0.09563,0.05,0.25653,0.01844
13,,0.34887,0.7,0.63047,0.37435,0.04563,0.0,0.20653,-0.03156
14,8,0.68187,0.75,0.39747,0.02435,-0.18737,0.05,0.53953,0.96844
15,8,1.0,0.8,0.16447,-0.32565,-0.42037,0.1,0.87253,1.0
16,5,0.65,0.567,0.21447,0.00735,0.57963,0.433,0.92253,0.767
17,5,0.3,0.334,0.26447,0.34035,1.0,0.766,0.97253,0.534
18,,0.25,0.284,0.21447,0.29035,0.95,0.716,0.92253,0.484
19,,0.2,0.234,0.16447,0.24035,0.9,0.666,0.87253,0.434
20,,0.15,0.184,0.11447,0.19035,0.85,0.616,0.82253,0.384
21,,0.1,0.134,0.06447,0.14035,0.8,0.566,0.77253,0.334
22,,0.05,0.084,0.01447,0.09035,0.75,0.516,0.72253,0.284
23,,0.0,0.034,-0.03553,0.04035,0.7,0.466,0.67253,0.234
24,3,0.05,0.367,0.96447,0.37335,0.75,0.233,0.32253,0.001
25,3,0.1,0.7,1.0,0.70635,0.8,0.0,-0.02747,-0.232
26,8,0.433,0.75,0.767,0.35635,0.567,0.05,0.30553,0.768
27,8,0.766,0.8,0.534,0.00635,0.334,0.1,0.63853,1.0
28,,0.716,0.75,0.484,-0.04365,0.284,0.05,0.58853,0.95
29,4,0.483,0.8,0.817,0.95635,0.617,0.1,0.35553,0.6
30,4,0.25,0.85,1.0,1.0,0.95,0.15,0.12253,0.25
31,,0.2,0.8,0.95,0.95,0.9,0.1,0.07253,0.2
32,,0.15,0.75,0.9,0.9,0.85,0.05,0.02253,0.15
33,,0.1,0.7,0.85,0.85,0.8,0.0,-0.02747,0.1
34,7,0.15,0.467,0.5,0.617,0.85,0.333,0.97253,0.433
35,7,0.2,0.234,0.15,0.384,0.9,0.666,1.0,0.766
36,,0.15,0.184,0.1,0.334,0.85,0.616,0.95,0.716
37,,0.1,0.134,0.05,0.284,0.8,0.566,0.9,0.666
38,,0.05,0.084,0.0,0.234,0.75,0.516,0.85,0.616
39,,0.0,0.034,-0.05,0.184,0.7,0.466,0.8,0.566
40,3,0.05,0.367,0.95,0.517,0.75,0.233,0.45,0.333
41,3,0.1,0.7,1.0,0.85,0.8,0.0,0.1,0.1
42,,0.05,0.65,0.95,0.8,0.75,-0.05,0.05,0.05
43,6,-0.183,0.3,0.717,0.85,1.0,0.95,0.383,0.1
44,6,-0.416,-0.05,0.484,0.9,1.0,1.0,0.716,0.15
45,1,0.584,0.283,0.534,0.667,0.65,0.767,0.766,0.483
46,1,1.0,0.616,0.584,0.434,0.3,0.534,0.816,0.816
47,,0.95,0.566,0.534,0.384,0.25,0.484,0.766,0.766
48,,0.9,0.516,0.484,0.334,0.2,0.434,0.716,0.716
49,,0.85,0.466,0.434,0.284,0.15,0.384,0.666,0.666
50,,0.8,0.416,0.384,0.234,0.1,0.334,0.616,0.616
51,,0.75,0.366,0.334,0.184,0.05,0.284,0.566,0.566
52,,0.7,0.316,0.284,0.134,0.0,0.234,0.516,0.516
53,,0.65,0.266,0.234,0.084,-0.05,0.184,0.466,0.466
54,5,0.3,0.033,0.284,0.417,0.95,0.517,0.516,0.233
55,5,-0.05,-0.2,0.334,0.75,1.0,0.85,0.566,0.0
56,2,0.283,0.8,0.667,0.8,0.767,0.5,0.333,0.05
57,2,0.616,1.0,1.0,0.85,0.534,0.15,0.1,0.1
58,,0.566,0.95,0.95,0.8,0.484,0.1,0.05,0.05
59,,0.516,0.9,0.9,0.75,0.434,0.05,0.0,0.0
60,,0.466,0.85,0.85,0.7,0.384,0.0,-0.05,-0.05
61,8,0.799,0.9,0.617,0.35,0.151,0.05,0.283,0.95
62,8,1.0,0.95,0.384,-0.0,-0.082,0.1,0.616,1.0
63,5,0.65,0.717,0.434,0.333,0.918,0.433,0.666,0.767
64,5,0.3,0.484,0.484,0.666,1.0,0.766,0.716,0.534
65,,0.25,0.434,0.434,0.616,0.95,0.716,0.666,0.484
66,,0.2,0.384,0.384,0.566,0.9,0.666,0.616,0.434
67,,0.15,0.334,0.334,0.516,0.85,0.616,0.566,0.384
68,,0.1,0.284,0.284,0.466,0.8,0.566,0.516,0.334
69,,0.05,0.234,0.234,0.416,0.75,0.516,0.466,0.284
70,,0.0,0.184,0.184,0.366,0.7,0.466,0.416,0.234
71,,-0.05,0.134,0.134,0.316,0.65,0.416,0.366,0.184
72,1,0.95,0.467,0.184,0.083,0.3,0.183,0.416,0.517
73,1,1.0,0.8,0.234,-0.15,-0.05,-0.05,0.466,0.85
74,4,0.767,0.85,0.567,0.85,0.283,0.0,0.233,0.5
75,4,0.534,0.9,0.9,1.0,0.616,0.05,0.0,0.15
76,,0.484,0.85,0.85,0.95,0.566,0.0,-0.05,0.1
77,7,0.534,0.617,0.5,0.717,0.616,0.333,0.95,0.433
78,7,0.584,0.384,0.15,0.484,0.666,0.666,1.0,0.766
79,,0.534,0.334,0.1,0.434,0.616,0.616,0.95,0.716
80,,0.484,0.284,0.05,0.384,0.566,0.566,0.9,0.666
81,,0.434,0.234,0.0,0.334,0.516,0.516,0.85,0.616
82,,0.384,0.184,-0.05,0.284,0.466,0.466,0.8,0.566
83,3,0.434,0.517,0.95,0.617,0.516,0.233,0.45,0.333
84,3,0.484,0.85,1.0,0.95,0.566,0.0,0.1,0.1
85,,0.434,0.8,0.95,0.9,0.516,-0.05,0.05,0.05
86,6,0.201,0.45,0.717,0.95,0.849,0.95,0.383,0.1
87,6,-0.032,0.1,0.484,1.0,1.0,1.0,0.716,0.15
88,1,0.968,0.433,0.534,0.767,0.65,0.767,0.766,0.483
89,1,1.0,0.766,0.584,0.534,0.3,0.534,0.816,0.816
90,,0.95,0.716,0.534,0.484,0.25,0.484,0.766,0.766
91,,0.9,0.666,0.484,0.434,0.2,0.434,0.716,0.716
92,,0.85,0.616,0.434,0.384,0.15,0.384,0.666,0.666
93,,0.8,0.566,0.384,0.334,0.1,0.334,0.616,0.616
94,,0.75,0.516,0.334,0.284,0.05,0.284,0.566,0.566
95,,0.7,0.466,0.284,0.234,0.0,0.234,0.516,0.516
96,,0.65,0.416,0.234,0.184,-0.05,0.184,0.466,0.466
97,5,0.3,0.183,0.284,0.517,0.95,0.517,0.516,0.233
98,5,-0.05,-0.05,0.334,0.85,1.0,0.85,0.566,0.0
99,2,0.283,0.95,0.667,0.9,0.767,0.5,0.333,0.05
100,2,0.616,1.0,1.0,0.95,0.534,0.15,0.1,0.1
101,,0.566,0.95,0.95,0.9,0.484,0.1,0.05,0.05
102,,0.516,0.9,0.9,0.85,0.434,0.05,0.0,0.0
103,,0.466,0.85,0.85,0.8,0.384,0.0,-0.05,-0.05
104,8,0.799,0.9,0.617,0.45,0.151,0.05,0.283,0.95
105,8,1.0,0.95,0.384,0.1,-0.082,0.1,0.616,1.0
106,5,0.65,0.717,0.434,0.433,0.918,0.433,0.666,0.767
107,5,0.3,0.484,0.484,0.766,1.0,0.766,0.716,0.534
108,,0.25,0.434,0.434,0.716,0.95,0.716,0.666,0.484
109,,0.2,0.384,0.384,0.666,0.9,0.666,0.616,0.434
110,,0.15,0.334,0.334,0.616,0.85,0.616,0.566,0.384
111,,0.1,0.284,0.284,0.566,0.8,0.566,0.516,0.334
112,,0.05,0.234,0.234,0.516,0.75,0.516,0.466,0.284
113,,0.0,0.184,0.184,0.466,0.7,0.466,0.416,0.234
114,,-0.05,0.134,0.134,0.416,0.65,0.416,0.366,0.184
115,1,0.95,0.467,0.184,0.183,0.3,0.183,0.416,0.517
116,1,1.0,0.8,0.234,-0.05,-0.05,-0.05,0.466,0.85
117,6,0.767,0.45,0.001,0.0,0.283,0.95,0.799,0.9
118,6,0.534,0.1,-0.232,0.05,0.616,1.0,1.0,0.95
119,3,0.584,0.433,0.768,0.383,0.666,0.767,0.65,0.717
120,3,0.634,0.766,1.0,0.716,0.716,0.534,0.3,0.484
121,,0.584,0.716,0.95,0.666,0.666,0.484,0.25,0.434
122,,0.534,0.666,0.9,0.616,0.616,0.434,0.2,0.384
123,,0.484,0.616,0.85,0.566,0.566,0.384,0.15,0.334
124,,0.434,0.566,0.8,0.516,0.516,0.334,0.1,0.284
125,,0.384,0.516,0.75,0.466,0.466,0.284,0.05,0.234
126,,0.334,0.466,0.7,0.416,0.416,0.234,0.0,0.184
127,,0.284,0.416,0.65,0.366,0.366,0.184,-0.05,0.134
128,7,0.334,0.183,0.3,0.133,0.416,0.517,0.95,0.467
129,7,0.384,-0.05,-0.05,-0.1,0.466,0.85,1.0,0.8
130,4,0.151,0.0,0.283,0.9,0.799,0.9,0.767,0.45
131,4,-0.082,0.05,0.616,1.0,1.0,0.95,0.534,0.1
132,1,0.918,0.383,0.666,0.767,0.65,0.717,0.584,0.433
133,1,1.0,0.716,0.716,0.534,0.3,0.484,0.634,0.766
134,,0.95,0.666,0.666,0.484,0.25,0.434,0.584,0.716
135,,0.9,0.616,0.616,0.434,0.2,0.384,0.534,0.666
136,,0.85,0.566,0.566,0.384,0.15,0.334,0.484,0.616
137,,0.8,0.516,0.516,0.334,0.1,0.284,0.434,0.566
138,,0.75,0.466,0.466,0.284,0.05,0.234,0.384,0.516
139,,0.7,0.416,0.416,0.234,0.0,0.184,0.334,0.466
140,,0.65,0.366,0.366,0.184,-0.05,0.134,0.284,0.416
141,5,0.3,0.133,0.416,0.517,0.95,0.467,0.334,0.183
142,5,-0.05,-0.1,0.466,0.85,1.0,0.8,0.384,-0.05
143,2,0.283,0.9,0.799,0.9,0.767,0.45,0.151,0.0
144,2,0.616,1.0,1.0,0.95,0.534,0.1,-0.082,0.05
145,7,0.666,0.767,0.65,0.717,0.584,0.433,0.918,0.383
146,7,0.716,0.534,0.3,0.484,0.634,0.766,1.0,0.716
147,,0.666,0.484,0.25,0.434,0.584,0.716,0.95,0.666
148,,0.616,0.434,0.2,0.384,0.534,0.666,0.9,0.616
149,,0.566,0.384,0.15,0.334,0.484,0.616,0.85,0.566
150,,0.516,0.334,0.1,0.284,0.434,0.566,0.8,0.516
151,,0.466,0.284,0.05,0.234,0.384,0.516,0.75,0.466
152,,0.416,0.234,0.0,0.184,0.334,0.466,0.7,0.416
153,,0.366,0.184,-0.05,0.134,0.284,0.416,0.65,0.366
154,3,0.416,0.517,0.95,0.467,0.334,0.183,0.3,0.133
155,3,0.466,0.85,1.0,0.8,0.384,-0.05,-0.05,-0.1
156,8,0.799,0.9,0.767,0.45,0.151,0.0,0.283,0.9
157,8,1.0,0.95,0.534,0.1,-0.082,0.05,0.616,1.0
158,5,0.65,0.717,0.584,0.433,0.918,0.383,0.666,0.767
159,5,0.3,0.484,0.634,0.766,1.0,0.716,0.716,0.534
160,,0.25,0.434,0.584,0.716,0.95,0.666,0.666,0.484
161,,0.2,0.384,0.534,0.666,0.9,0.616,0.616,0.434
162,,0.15,0.334,0.484,0.616,0.85,0.566,0.566,0.384
163,,0.1,0.284,0.434,0.566,0.8,0.516,0.516,0.334
164,,0.05,0.234,0.384,0.516,0.75,0.466,0.466,0.284
165,,0.0,0.184,0.334,0.466,0.7,0.416,0.416,0.234
166,,-0.05,0.134,0.284,0.416,0.65,0.366,0.366,0.184
167,1,0.95,0.467,0.334,0.183,0.3,0.133,0.416,0.517
168,1,1.0,0.8,0.384,-0.05,-0.05,-0.1,0.466,0.85
169,6,0.767,0.45,0.151,0.0,0.283,0.9,0.799,0.9
170,6,0.534,0.1,-0.082,0.05,0.616,1.0,1.0,0.95
171,3,0.584,0.433,0.918,0.383,0.666,0.767,0.65,0.717
172,3,0.634,0.766,1.0,0.716,0.716,0.534,0.3,0.484
173,,0.584,0.716,0.95,0.666,0.666,0.484,0.25,0.434
174,,0.534,0.666,0.9,0.616,0.616,0.434,0.2,0.384
175,,0.484,0.616,0.85,0.566,0.566,0.384,0.15,0.334
176,,0.434,0.566,0.8,0.516,0.516,0.334,0.1,0.284
177,,0.384,0.516,0.75,0.466,0.466,0.284,0.05,0.234
178,,0.334,0.466,0.7,0.416,0.416,0.234,0.0,0.184
179,,0.284,0.416,0.65,0.366,0.366,0.184,-0.05,0.134
180,7,0.334,0.183,0.3,0.133,0.416,0.517,0.95,0.467
181,7,0.384,-0.05,-0.05,-0.1,0.466,0.85,1.0,0.8
182,4,0.151,0.0,0.283,0.9,0.799,0.9,0.767,0.45
183,4,-0.082,0.05,0.616,1.0,1.0,0.95,0.534,0.1
184,1,0.918,0.383,0.666,0.767,0.65,0.717,0.584,0.433
185,1,1.0,0.716,0.716,0.534,0.3,0.484,0.634,0.766
186,,0.95,0.666,0.666,0.484,0.25,0.434,0.584,0.716
187,,0.9,0.616,0.616,0.434,0.2,0.384,0.534,0.666
188,,0.85,0.566,0.566,0.384,0.15,0.334,0.484,0.616
189,,0.8,0.516,0.516,0.334,0.1,0.284,0.434,0.566
190,,0.75,0.466,0.466,0.284,0.05,0.234,0.384,0.516
191,,0.7,0.416,0.416,0.234,0.0,0.184,0.334,0.466
192,,0.65,0.366,0.366,0.184,-0.05,0.134,0.284,0.416
193,5,0.3,0.133,0.416,0.517,0.95,0.467,0.334,0.183
194,5,-0.05,-0.1,0.466,0.85,1.0,0.8,0.384,-0.05
195,2,0.283,0.9,0.799,0.9,0.767,0.45,0.151,0.0
196,2,0.616,1.0,1.0,0.95,0.534,0.1,-0.082,0.05
197,7,0.666,0.767,0.65,0.717,0.584,0.433,0.918,0.383
198,7,0.716,0.534,0.3,0.484,0.634,0.766,1.0,0.716
199,,0.666,0.484,0.25,0.434,0.584,0.716,0.95,0.666
200,,0.616,0.434,0.2,0.384,0.534,0.666,0.9,0.616
201,,0.566,0.384,0.15,0.334,0.484,0.616,0.85,0.566
202,,0.516,0.334,0.1,0.284,0.434,0.566,0.8,0.516
203,,0.466,0.284,0.05,0.234,0.384,0.516,0.75,0.466
204,,0.416,0.234,0.0,0.184,0.334,0.466,0.7,0.416
205,,0.366,0.184,-0.05,0.134,0.284,0.416,0.65,0.366
206,3,0.416,0.517,0.95,0.467,0.334,0.183,0.3,0.133
207,3,0.466,0.85,1.0,0.8,0.384,-0.05,-0.05,-0.1
208,8,0.799,0.9,0.767,0.45,0.151,0.0,0.283,0.9
209,8,1.0,0.95,0.534,0.1,-0.082,0.05,0.616,1.0
210,5,0.65,0.717,0.584,0.433,0.918,0.383,0.666,0.767
211,5,0.3,0.484,0.634,0.766,1.0,0.716,0.716,0.534
212,,0.25,0.434,0.584,0.716,0.95,0.666,0.666,0.484
213,,0.2,0.384,0.534,0.666,0.9,0.616,0.616,0.434
214,,0.15,0.334,0.484,0.616,0.85,0.566,0.566,0.384
215,,0.1,0.284,0.434,0.566,0.8,0.516,0.516,0.334
216,,0.05,0.234,0.384,0.516,0.75,0.466,0.466,0.284
217,,0.0,0.184,0.334,0.466,0.7,0.416,0.416,0.234
218,,-0.05,0.134,0.284,0.416,0.65,0.366,0.366,0.184
219,1,0.95,0.467,0.334,0.183,0.3,0.133,0.416,0.517
220,1,1.0,0.8,0.384,-0.05,-0.05,-0.1,0.466,0.85
221,6,0.767,0.45,0.151,0.0,0.283,0.9,0.799,0.9
222,6,0.534,0.1,-0.082,0.05,0.616,1.0,1.0,0.95
223,3,0.584,0.433,0.918,0.383,0.666,0.767,0.65,0.717
224,3,0.634,0.766,1.0,0.716,0.716,0.534,0.3,0.484
225,,0.584,0.716,0.95,0.666,0.666,0.484,0.25,0.434
226,,0.534,0.666,0.9,0.616,0.616,0.434,0.2,0.384
227,,0.484,0.616,0.85,0.566,0.566,0.384,0.15,0.334
228,,0.434,0.566,0.8,0.516,0.516,0.334,0.1,0.284
229,,0.384,0.516,0.75,0.466,0.466,0.284,0.05,0.234
230,,0.334,0.466,0.7,0.416,0.416,0.234,0.0,0.184
231,,0.284,0.416,0.65,0.366,0.366,0.184,-0.05,0.134
232,7,0.334,0.183,0.3,0.133,0.416,0.517,0.95,0.467
233,7,0.384,-0.05,-0.05,-0.1,0.466,0.85,1.0,0.8
234,4,0.151,0.0,0.283,0.9,0.799,0.9,0.767,0.45
235,4,-0.082,0.05,0.616,1.0,1.0,0.95,0.534,0.1
236,1,0.918,0.383,0.666,0.767,0.65,0.717,0.584,0.433
237,1,1.0,0.716,0.716,0.534,0.3,0.484,0.634,0.766
238,,0.95,0.666,0.666,0.484,0.25,0.434,0.584,0.716
239,,0.9,0.616,0.616,0.434,0.2,0.384,0.534,0.666
240,,0.85,0.566,0.566,0.384,0.15,0.334,0.484,0.616
241,,0.8,0.516,0.516,0.334,0.1,0.284,0.434,0.566
242,,0.75,0.466,0.466,0.284,0.05,0.234,0.384,0.516
243,,0.7,0.416,0.416,0.234,0.0,0.184,0.334,0.466
244,,0.65,0.366,0.366,0.184,-0.05,0.134,0.284,0.416
245,5,0.3,0.133,0.416,0.517,0.95,0.467,0.334,0.183
246,5,-0.05,-0.1,0.466,0.85,1.0,0.8,0.384,-0.05
247,2,0.283,0.9,0.799,0.9,0.767,0.45,0.151,0.0
248,2,0.616,1.0,1.0,0.95,0.534,0.1,-0.082,0.05
249,7,0.666,0.767,0.65,0.717,0.584,0.433,0.918,0.383
250,7,0.716,0.534,0.3,0.484,0.634,0.766,1.0,0.716
251,,0.666,0.484,0.25,0.434,0.584,0.716,0.95,0.666
252,,0.616,0.434,0.2,0.384,0.534,0.666,0.9,0.616
253,,0.566,0.384,0.15,0.334,0.484,0.616,0.85,0.566
254,,0.516,0.334,0.1,0.284,0.434,0.566,0.8,0.516
255,,0.466,0.284,0.05,0.234,0.384,0.516,0.75,0.466
256,,0.416,0.234,0.0,0.184,0.334,0.466,0.7,0.416
257,,0.366,0.184,-0.05,0.134,0.284,0.416,0.65,0.366
258,3,0.416,0.517,0.95,0.467,0.334,0.183,0.3,0.133
259,3,0.466,0.85,1.0,0.8,0.384,-0.05,-0.05,-0.1
260,8,0.799,0.9,0.767,0.45,0.151,0.0,0.283,0.9
261,8,1.0,0.95,0.534,0.1,-0.082,0.05,0.616,1.0
262,5,0.65,0.717,0.584,0.433,0.918,0.383,0.666,0.767
263,5,0.3,0.484,0.634,0.766,1.0,0.716,0.716,0.534
264,,0.25,0.434,0.584,0.716,0.95,0.666,0.666,0.484
265,,0.2,0.384,0.534,0.666,0.9,0.616,0.616,0.434
266,,0.15,0.334,0.484,0.616,0.85,0.566,0.566,0.384
267,,0.1,0.284,0.434,0.566,0.8,0.516,0.516,0.334
268,,0.05,0.234,0.384,0.516,0.75,0.466,0.466,0.284
269,,0.0,0.184,0.334,0.466,0.7,0.416,0.416,0.234
270,,-0.05,0.134,0.284,0.416,0.65,0.366,0.366,0.184
271,1,0.95,0.467,0.334,0.183,0.3,0.133,0.416,0.517
272,1,1.0,0.8,0.384,-0.05,-0.05,-0.1,0.466,0.85
273,6,0.767,0.45,0.151,0.0,0.283,0.9,0.799,0.9
274,6,0.534,0.1,-0.082,0.05,0.616,1.0,1.0,0.95
275,3,0.584,0.433,0.918,0.383,0.666,0.767,0.65,0.717
276,3,0.634,0.766,1.0,0.716,0.716,0.534,0.3,0.484
277,,0.584,0.716,0.95,0.666,0.666,0.484,0.25,0.434
278,,0.534,0.666,0.9,0.616,0.616,0.434,0.2,0.384
279,,0.484,0.616,0.85,0.566,0.566,0.384,0.15,0.334
280,,0.434,0.566,0.8,0.516,0.516,0.334,0.1,0.284
281,,0.384,0.516,0.75,0.466,0.466,0.284,0.05,0.234
282,,0.334,0.466,0.7,0.416,0.416,0.234,0.0,0.184
283,,0.284,0.416,0.65,0.366,0.366,0.184,-0.05,0.134
284,7,0.334,0.183,0.3,0.133,0.416,0.517,0.95,0.467
285,7,0.384,-0.05,-0.05,-0.1,0.466,0.85,1.0,0.8
286,4,0.151,0.0,0.283,0.9,0.799,0.9,0.767,0.45
287,4,-0.082,0.05,0.616,1.0,1.0,0.95,0.534,0.1
288,1,0.918,0.383,0.666,0.767,0.65,0.717,0.584,0.433
289,1,1.0,0.716,0.716,0.534,0.3,0.484,0.634,0.766
290,,0.95,0.666,0.666,0.484,0.25,0.434,0.584,0.716
291,,0.9,0.616,0.616,0.434,0.2,0.384,0.534,0.666
292,,0.85,0.566,0.566,0.384,0.15,0.334,0.484,0.616
293,,0.8,0.516,0.516,0.334,0.1,0.284,0.434,0.566
294,,0.75,0.466,0.466,0.284,0.05,0.234,0.384,0.516
295,,0.7,0.416,0.416,0.234,0.0,0.184,0.334,0.466
296,,0.65,0.366,0.366,0.184,-0.05,0.134,0.284,0.416
297,5,0.3,0.133,0.416,0.517,0.95,0.467,0.334,0.183
298,5,-0.05,-0.1,0.466,0.85,1.0,0.8,0.384,-0.05
299,2,0.283,0.9,0.799,0.9,0.767,0.45,0.151,0.0
300,2,0.616,1.0,1.0,0.95,0.534,0.1,-0.082,0.05
301,7,0.666,0.767,0.65,0.717,0.584,0.433,0.918,0.383
302,7,0.716,0.534,0.3,0.484,0.634,0.766,1.0,0.716
303,,0.666,0.484,0.25,0.434,0.584,0.716,0.95,0.666
304,,0.616,0.434,0.2,0.384,0.534,0.666,0.9,0.616
305,,0.566,0.384,0.15,0.334,0.484,0.616,0.85,0.566
306,,0.516,0.334,0.1,0.284,0.434,0.566,0.8,0.516
307,,0.466,0.284,0.05,0.234,0.384,0.516,0.75,0.466
308,,0.416,0.234,0.0,0.184,0.334,0.466,0.7,0.416
309,,0.366,0.184,-0.05,0.134,0.284,0.416,0.65,0.366
310,3,0.416,0.517,0.95,0.467,0.334,0.183,0.3,0.133
311,3,0.466,0.85,1.0,0.8,0.384,-0.05,-0.05,-0.1
312,8,0.799,0.9,0.767,0.45,0.151,0.0,0.283,0.9
313,8,1.0,0.95,0.534,0.1,-0.082,0.05,0.616,1.0
314,5,0.65,0.717,0.584,0.433,0.918,0.383,0.666,0.767
315,5,0.3,0.484,0.634,0.766,1.0,0.716,0.716,0.534
316,,0.25,0.434,0.584,0.716,0.95,0.666,0.666,0.484
317,,0.2,0.384,0.534,0.666,0.9,0.616,0.616,0.434
318,,0.15,0.334,0.484,0.616,0.85,0.566,0.566,0.384
319,,0.1,0.284,0.434,0.566,0.8,0.516,0.516,0.334
320,,0.05,0.234,0.384,0.516,0.75,0.466,0.466,0.284
321,,0.0,0.184,0.334,0.466,0.7,0.416,0.416,0.234
322,,-0.05,0.134,0.284,0.416,0.65,0.366,0.366,0.184
323,1,0.95,0.467,0.334,0.183,0.3,0.133,0.416,0.517
324,1,1.0,0.8,0.384,-0.05,-0.05,-0.1,0.466,0.85
325,6,0.767,0.45,0.151,0.0,0.283,0.9,0.799,0.9
326,6,0.534,0.1,-0.082,0.05,0.616,1.0,1.0,0.95
327,3,0.584,0.433,0.918,0.383,0.666,0.767,0.65,0.717
328,3,0.634,0.766,1.0,0.716,0.716,0.534,0.3,0.484
329,,0.584,0.716,0.95,0.666,0.666,0.484,0.25,0.434
330,,0.534,0.666,0.9,0.616,0.616,0.434,0.2,0.384
331,,0.484,0.616,0.85,0.566,0.566,0.384,0.15,0.334
332,,0.434,0.566,0.8,0.516,0.516,0.334,0.1,0.284
333,,0.384,0.516,0.75,0.466,0.466,0.284,0.05,0.234
334,,0.334,0.466,0.7,0.416,0.416,0.234,0.0,0.184
335,,0.284,0.416,0.65,0.366,0.366,0.184,-0.05,0.134
336,7,0.334,0.183,0.3,0.133,0.416,0.517,0.95,0.467
337,7,0.384,-0.05,-0.05,-0.1,0.466,0.85,1.0,0.8
338,4,0.151,0.0,0.283,0.9,0.799,0.9,0.767,0.45
339,4,-0.082,0.05,0.616,1.0,1.0,0.95,0.534,0.1
340,1,0.918,0.383,0.666,0.767,0.65,0.717,0.584,0.433
341,1,1.0,0.716,0.716,0.534,0.3,0.484,0.634,0.766
342,,0.95,0.666,0.666,0.484,0.25,0.434,0.584,0.716
343,,0.9,0.616,0.616,0.434,0.2,0.384,0.534,0.666
344,,0.85,0.566,0.566,0.384,0.15,0.334,0.484,0.616
345,,0.8,0.516,0.516,0.334,0.1,0.284,0.434,0.566
346,,0.75,0.466,0.466,0.284,0.05,0.234,0.384,0.516
347,,0.7,0.416,0.416,0.234,0.0,0.184,0.334,0.466
348,,0.65,0.366,0.366,0.184,-0.05,0.134,0.284,0.416
349,5,0.3,0.133,0.416,0.517,0.95,0.467,0.334,0.183
350,5,-0.05,-0.1,0.466,0.85,1.0,0.8,0.384,-0.05
351,2,0.283,0.9,0.799,0.9,0.767,0.45,0.151,0.0
352,2,0.616,1.0,1.0,0.95,0.534,0.1,-0.082,0.05
353,7,0.666,0.767,0.65,0.717,0.584,0.433,0.918,0.383
354,7,0.716,0.534,0.3,0.484,0.634,0.766,1.0,0.716
355,,0.666,0.484,0.25,0.434,0.584,0.716,0.95,0.666
356,,0.616,0.434,0.2,0.384,0.534,0.666,0.9,0.616
357,,0.566,0.384,0.15,0.334,0.484,0.616,0.85,0.566
358,,0.516,0.334,0.1,0.284,0.434,0.566,0.8,0.516
359,,0.466,0.284,0.05,0.234,0.384,0.516,0.75,0.466
360,,0.416,0.234,0.0,0.184,0.334,0.466,0.7,0.416
361,,0.366,0.184,-0.05,0.134,0.284,0.416,0.65,0.366
362,3,0.416,0.517,0.95,0.467,0.334,0.183,0.3,0.133
363,3,0.466,0.85,1.0,0.8,0.384,-0.05,-0.05,-0.1
364,8,0.799,0.9,0.767,0.45,0.151,0.0,0.283,0.9
365,8,1.0,0.95,0.534,0.1,-0.082,0.05,0.616,1.0
366,5,0.65,0.717,0.584,0.433,0.918,0.383,0.666,0.767
367,5,0.3,0.484,0.634,0.766,1.0,0.716,0.716,0.534
368,,0.25,0.434,0.584,0.716,0.95,0.666,0.666,0.484
369,,0.2,0.384,0.534,0.666,0.9,0.616,0.616,0.434
370,,0.15,0.334,0.484,0.616,0.85,0.566,0.566,0.384
371,,0.1,0.284,0.434,0.566,0.8,0.516,0.516,0.334
372,,0.05,0.234,0.384,0.516,0.75,0.466,0.466,0.284
373,,0.0,0.184,0.334,0.466,0.7,0.416,0.416,0.234
374,,-0.05,0.134,0.284,0.416,0.65,0.366,0.366,0.184
375,1,0.95,0.467,0.334,0.183,0.3,0.133,0.416,0.517
376,1,1.0,0.8,0.384,-0.05,-0.05,-0.1,0.466,0.85
377,6,0.767,0.45,0.151,0.0,0.283,0.9,0.799,0.9
378,6,0.534,0.1,-0.082,0.05,0.616,1.0,1.0,0.95
379,3,0.584,0.433,0.918,0.383,0.666,0.767,0.65,0.717
380,3,0.634,0.766,1.0,0.716,0.716,0.534,0.3,0.484
381,,0.584,0.716,0.95,0.666,0.666,0.484,0.25,0.434
382,,0.534,0.666,0.9,0.616,0.616,0.434,0.2,0.384
383,,0.484,0.616,0.85,0.566,0.566,0.384,0.15,0.334
384,,0.434,0.566,0.8,0.516,0.516,0.334,0.1,0.284
385,,0.384,0.516,0.75,0.466,0.466,0.284,0.05,0.234
386,,0.334,0.466,0.7,0.416,0.416,0.234,0.0,0.184
387,,0.284,0.416,0.65,0.366,0.366,0.184,-0.05,0.134
388,7,0.334,0.183,0.3,0.133,0.416,0.517,0.95,0.467
389,7,0.384,-0.05,-0.05,-0.1,0.466,0.85,1.0,0.8
390,4,0.151,0.0,0.283,0.9,0.799,0.9,0.767,0.45
391,4,-0.082,0.05,0.616,1.0,1.0,0.95,0.534,0.1
392,1,0.918,0.383,0.666,0.767,0.65,0.717,0.584,0.433
393,1,1.0,0.716,0.716,0.534,0.3,0.484,0.634,0.766
394,,0.95,0.666,0.666,0.484,0.25,0.434,0.584,0.716
395,,0.9,0.616,0.616,0.434,0.2,0.384,0.534,0.666
396,,0.85,0.566,0.566,0.384,0.15,0.334,0.484,0.616
397,,0.8,0.516,0.516,0.334,0.1,0.284,0.434,0.566
398,,0.75,0.466,0.466,0.284,0.05,0.234,0.384,0.516
399,,0.7,0.416,0.416,0.234,0.0,0.184,0.334,0.466
400,,0.65,0.366,0.366,0.184,-0.05,0.134,0.284,0.416
401,5,0.3,0.133,0.416,0.517,0.95,0.467,0.334,0.183
402,5,-0.05,-0.1,0.466,0.85,1.0,0.8,0.384,-0.05
403,2,0.283,0.9,0.799,0.9,0.767,0.45,0.151,0.0
404,2,0.616,1.0,1.0,0.95,0.534,0.1,-0.082,0.05
405,7,0.666,0.767,0.65,0.717,0.584,0.433,0.918,0.383
406,7,0.716,0.534,0.3,0.484,0.634,0.766,1.0,0.716
407,,0.666,0.484,0.25,0.434,0.584,0.716,0.95,0.666
408,,0.616,0.434,0.2,0.384,0.534,0.666,0.9,0.616
409,,0.566,0.384,0.15,0.334,0.484,0.616,0.85,0.566
410,,0.516,0.334,0.1,0.284,0.434,0.566,0.8,0.516
411,,0.466,0.284,0.05,0.234,0.384,0.516,0.75,0.466
412,,0.416,0.234,0.0,0.184,0.334,0.466,0.7,0.416
413,,0.366,0.184,-0.05,0.134,0.284,0.416,0.65,0.366
414,3,0.416,0.517,0.95,0.467,0.334,0.183,0.3,0.133
415,3,0.466,0.85,1.0,0.8,0.384,-0.05,-0.05,-0.1
416,8,0.799,0.9,0.767,0.45,0.151,0.0,0.283,0.9
417,8,1.0,0.95,0.534,0.1,-0.082,0.05,0.616,1.0
418,5,0.65,0.717,0.584,0.433,0.918,0.383,0.666,0.767
419,5,0.3,0.484,0.634,0.766,1.0,0.716,0.716,0.534
420,,0.25,0.434,0.584,0.716,0.95,0.666,0.666,0.484
421,,0.2,0.384,0.534,0.666,0.9,0.616,0.616,0.434
422,,0.15,0.334,0.484,0.616,0.85,0.566,0.566,0.384
423,,0.1,0.284,0.434,0.566,0.8,0.516,0.516,0.334
424,,0.05,0.234,0.384,0.516,0.75,0.466,0.466,0.284
425,,0.0,0.184,0.334,0.466,0.7,0.416,0.416,0.234
426,,-0.05,0.134,0.284,0.416,0.65,0.366,0.366,0.184
427,1,0.95,0.467,0.334,0.183,0.3,0.133,0.416,0.517
428,1,1.0,0.8,0.384,-0.05,-0.05,-0.1,0.466,0.85
429,6,0.767,0.45,0.151,0.0,0.283,0.9,0.799,0.9
430,6,0.534,0.1,-0.082,0.05,0.616,1.0,1.0,0.95
431,3,0.584,0.433,0.918,0.383,0.666,0.767,0.65,0.717
432,3,0.634,0.766,1.0,0.716,0.716,0.534,0.3,0.484
433,,0.584,0.716,0.95,0.666,0.666,0.484,0.25,0.434
434,,0.534,0.666,0.9,0.616,0.616,0.434,0.2,0.384
435,,0.484,0.616,0.85,0.566,0.566,0.384,0.15,0.334
436,,0.434,0.566,0.8,0.516,0.516,0.334,0.1,0.284
437,,0.384,0.516,0.75,0.466,0.466,0.284,0.05,0.234
438,,0.334,0.466,0.7,0.416,0.416,0.234,0.0,0.184
439,,0.284,0.416,0.65,0.366,0.366,0.184,-0.05,0.134
440,7,0.334,0.183,0.3,0.133,0.416,0.517,0.95,0.467
441,7,0.384,-0.05,-0.05,-0.1,0.466,0.85,1.0,0.8
442,4,0.151,0.0,0.283,0.9,0.799,0.9,0.767,0.45
443,4,-0.082,0.05,0.616,1.0,1.0,0.95,0.534,0.1
444,1,0.918,0.383,0.666,0.767,0.65,0.717,0.584,0.433
445,1,1.0,0.716,0.716,0.534,0.3,0.484,0.634,0.766
446,,0.95,0.666,0.666,0.484,0.25,0.434,0.584,0.716
447,,0.9,0.616,0.616,0.434,0.2,0.384,0.534,0.666
448,,0.85,0.566,0.566,0.384,0.15,0.334,0.484,0.616
449,,0.8,0.516,0.516,0.334,0.1,0.284,0.434,0.566
450,,0.75,0.466,0.466,0.284,0.05,0.234,0.384,0.516
451,,0.7,0.416,0.416,0.234,0.0,0.184,0.334,0.466
452,,0.65,0.366,0.366,0.184,-0.05,0.134,0.284,0.416
453,5,0.3,0.133,0.416,0.517,0.95,0.467,0.334,0.183
454,5,-0.05,-0.1,0.466,0.85,1.0,0.8,0.384,-0.05
455,2,0.283,0.9,0.799,0.9,0.767,0.45,0.151,0.0
456,2,0.616,1.0,1.0,0.95,0.534,0.1,-0.082,0.05
457,7,0.666,0.767,0.65,0.717,0.584,0.433,0.918,0.383
458,7,0.716,0.534,0.3,0.484,0.634,0.766,1.0,0.716
459,,0.666,0.484,0.25,0.434,0.584,0.716,0.95,0.666
460,,0.616,0.434,0.2,0.384,0.534,0.666,0.9,0.616
461,,0.566,0.384,0.15,0.334,0.484,0.616,0.85,0.566
462,,0.516,0.334,0.1,0.284,0.434,0.566,0.8,0.516
463,,0.466,0.284,0.05,0.234,0.384,0.516,0.75,0.466
464,,0.416,0.234,0.0,0.184,0.334,0.466,0.7,0.416
465,,0.366,0.184,-0.05,0.134,0.284,0.416,0.65,0.366
466,3,0.416,0.517,0.95,0.467,0.334,0.183,0.3,0.133
467,3,0.466,0.85,1.0,0.8,0.384,-0.05,-0.05,-0.1
468,8,0.799,0.9,0.767,0.45,0.151,0.0,0.283,0.9
469,8,1.0,0.95,0.534,0.1,-0.082,0.05,0.616,1.0
470,5,0.65,0.717,0.584,0.433,0.918,0.383,0.666,0.767
471,5,0.3,0.484,0.634,0.766,1.0,0.716,0.716,0.534
472,,0.25,0.434,0.584,0.716,0.95,0.666,0.666,0.484
473,,0.2,0.384,0.534,0.666,0.9,0.616,0.616,0.434
474,,0.15,0.334,0.484,0.616,0.85,0.566,0.566,0.384
475,,0.1,0.284,0.434,0.566,0.8,0.516,0.516,0.334
476,,0.05,0.234,0.384,0.516,0.75,0.466,0.466,0.284
477,,0.0,0.184,0.334,0.466,0.7,0.416,0.416,0.234
478,,-0.05,0.134,0.284,0.416,0.65,0.366,0.366,0.184
479,1,0.95,0.467,0.334,0.183,0.3,0.133,0.416,0.517
480,1,1.0,0.8,0.384,-0.05,-0.05,-0.1,0.466,0.85
481,6,0.767,0.45,0.151,0.0,0.283,0.9,0.799,0.9
482,6,0.534,0.1,-0.082,0.05,0.616,1.0,1.0,0.95
483,3,0.584,0.433,0.918,0.383,0.666,0.767,0.65,0.717
484,3,0.634,0.766,1.0,0.716,0.716,0.534,0.3,0.484
485,,0.584,0.716,0.95,0.666,0.666,0.484,0.25,0.434
486,,0.534,0.666,0.9,0.616,0.616,0.434,0.2,0.384
487,,0.484,0.616,0.85,0.566,0.566,0.384,0.15,0.334
488,,0.434,0.566,0.8,0.516,0.516,0.334,0.1,0.284
489,,0.384,0.516,0.75,0.466,0.466,0.284,0.05,0.234
490,,0.334,0.466,0.7,0.416,0.416,0.234,0.0,0.184
491,,0.284,0.416,0.65,0.366,0.366,0.184,-0.05,0.134
492,7,0.334,0.183,0.3,0.133,0.416,0.517,0.95,0.467
493,7,0.384,-0.05,-0.05,-0.1,0.466,0.85,1.0,0.8
494,4,0.151,0.0,0.283,0.9,0.799,0.9,0.767,0.45
495,4,-0.082,0.05,0.616,1.0,1.0,0.95,0.534,0.1
496,1,0.918,0.383,0.666,0.767,0.65,0.717,0.584,0.433
497,1,1.0,0.716,0.716,0.534,0.3,0.484,0.634,0.766
498,,0.95,0.666,0.666,0.484,0.25,0.434,0.584,0.716
499,,0.9,0.616,0.616,0.434,0.2,0.384,0.534,0.666
500,,0.85,0.566,0.566,0.384,0.15,0.334,0.484,0.616
501,,0.8,0.516,0.516,0.334,0.1,0.284,0.434,0.566
502,,0.75,0.466,0.466,0.284,0.05,0.234,0.384,0.516
503,,0.7,0.416,0.416,0.234,0.0,0.184,0.334,0.466
504,,0.65,0.366,0.366,0.184,-0.05,0.134,0.284,0.416
505,5,0.3,0.133,0.416,0.517,0.95,0.467,0.334,0.183
506,5,-0.05,-0.1,0.466,0.85,1.0,0.8,0.384,-0.05
507,2,0.283,0.9,0.799,0.9,0.767,0.45,0.151,0.0
508,2,0.616,1.0,1.0,0.95,0.534,0.1,-0.082,0.05
509,7,0.666,0.767,0.65,0.717,0.584,0.433,0.918,0.383
510,7,0.716,0.534,0.3,0.484,0.634,0.766,1.0,0.716
511,,0.666,0.484,0.25,0.434,0.584,0.716,0.95,0.666
512,,0.616,0.434,0.2,0.384,0.534,0.666,0.9,0.616
513,,0.566,0.384,0.15,0.334,0.484,0.616,0.85,0.566
514,,0.516,0.334,0.1,0.284,0.434,0.566,0.8,0.516
515,,0.466,0.284,0.05,0.234,0.384,0.516,0.75,0.466
516,,0.416,0.234,0.0,0.184,0.334,0.466,0.7,0.416
517,,0.366,0.184,-0.05,0.134,0.284,0.416,0.65,0.366
518,3,0.416,0.517,0.95,0.467,0.334,0.183,0.3,0.133
519,3,0.466,0.85,1.0,0.8,0.384,-0.05,-0.05,-0.1
520,8,0.799,0.9,0.767,0.45,0.151,0.0,0.283,0.9
521,8,1.0,0.95,0.534,0.1,-0.082,0.05,0.616,1.0
522,5,0.65,0.717,0.584,0.433,0.918,0.383,0.666,0.767
523,5,0.3,0.484,0.634,0.766,1.0,0.716,0.716,0.534
524,,0.25,0.434,0.584,0.716,0.95,0.666,0.666,0.484
525,,0.2,0.384,0.534,0.666,0.9,0.616,0.616,0.434
526,,0.15,0.334,0.484,0.616,0.85,0.566,0.566,0.384
527,,0.1,0.284,0.434,0.566,0.8,0.516,0.516,0.334
528,,0.05,0.234,0.384,0.516,0.75,0.466,0.466,0.284
529,,0.0,0.184,0.334,0.466,0.7,0.416,0.416,0.234
530,,-0.05,0.134,0.284,0.416,0.65,0.366,0.366,0.184
531,1,0.95,0.467,0.334,0.183,0.3,0.133,0.416,0.517
532,1,1.0,0.8,0.384,-0.05,-0.05,-0.1,0.466,0.85
533,6,0.767,0.45,0.151,0.0,0.283,0.9,0.799,0.9
534,6,0.534,0.1,-0.082,0.05,0.616,1.0,1.0,0.95
535,3,0.584,0.433,0.918,0.383,0.666,0.767,0.65,0.717
536,3,0.634,0.766,1.0,0.716,0.716,0.534,0.3,0.484
537,,0.584,0.716,0.95,0.666,0.666,0.484,0.25,0.434
538,,0.534,0.666,0.9,0.616,0.616,0.434,0.2,0.384
539,,0.484,0.616,0.85,0.566,0.566,0.384,0.15,0.334
540,,0.434,0.566,0.8,0.516,0.516,0.334,0.1,0.284
541,,0.384,0.516,0.75,0.466,0.466,0.284,0.05,0.234
542,,0.334,0.466,0.7,0.416,0.416,0.234,0.0,0.184
543,,0.284,0.416,0.65,0.366,0.366,0.184,-0.05,0.134
544,7,0.334,0.183,0.3,0.133,0.416,0.517,0.95,0.467
545,7,0.384,-0.05,-0.05,-0.1,0.466,0.85,1.0,0.8
546,4,0.151,0.0,0.283,0.9,0.799,0.9,0.767,0.45
547,4,-0.082,0.05,0.616,1.0,1.0,0.95,0.534,0.1
548,1,0.918,0.383,0.666,0.767,0.65,0.717,0.584,0.433
549,1,1.0,0.716,0.716,0.534,0.3,0.484,0.634,0.766
550,,0.95,0.666,0.666,0.484,0.25,0.434,0.584,0.716
551,,0.9,0.616,0.616,0.434,0.2,0.384,0.534,0.666
552,,0.85,0.566,0.566,0.384,0.15,0.334,0.484,0.616
553,,0.8,0.516,0.516,0.334,0.1,0.284,0.434,0.566
554,,0.75,0.466,0.466,0.284,0.05,0.234,0.384,0.516
555,,0.7,0.416,0.416,0.234,0.0,0.184,0.334,0.466
556,,0.65,0.366,0.366,0.184,-0.05,0.134,0.284,0.416
557,5,0.3,0.133,0.416,0.517,0.95,0.467,0.334,0.183
558,5,-0.05,-0.1,0.466,0.85,1.0,0.8,0.384,-0.05
559,2,0.283,0.9,0.799,0.9,0.767,0.45,0.151,0.0
560,2,0.616,1.0,1.0,0.95,0.534,0.1,-0.082,0.05
561,7,0.666,0.767,0.65,0.717,0.584,0.433,0.918,0.383
562,7,0.716,0.534,0.3,0.484,0.634,0.766,1.0,0.716
563,,0.666,0.484,0.25,0.434,0.584,0.716,0.95,0.666
564,,0.616,0.434,0.2,0.384,0.534,0.666,0.9,0.616
565,,0.566,0.384,0.15,0.334,0.484,0.616,0.85,0.566
566,,0.516,0.334,0.1,0.284,0.434,0.566,0.8,0.516
567,,0.466,0.284,0.05,0.234,0.384,0.516,0.75,0.466
568,,0.416,0.234,0.0,0.184,0.334,0.466,0.7,0.416
569,,0.366,0.184,-0.05,0.134,0.284,0.416,0.65,0.366
570,3,0.416,0.517,0.95,0.467,0.334,0.183,0.3,0.133
571,3,0.466,0.85,1.0,0.8,0.384,-0.05,-0.05,-0.1
572,8,0.799,0.9,0.767,0.45,0.151,0.0,0.283,0.9
573,8,1.0,0.95,0.534,0.1,-0.082,0.05,0.616,1.0
574,5,0.65,0.717,0.584,0.433,0.918,0.383,0.666,0.767
575,5,0.3,0.484,0.634,0.766,1.0,0.716,0.716,0.534
576,,0.25,0.434,0.584,0.716,0.95,0.666,0.666,0.484
577,,0.2,0.384,0.534,0.666,0.9,0.616,0.616,0.434
578,,0.15,0.334,0.484,0.616,0.85,0.566,0.566,0.384
579,,0.1,0.284,0.434,0.566,0.8,0.516,0.516,0.334
580,,0.05,0.234,0.384,0.516,0.75,0.466,0.466,0.284
581,,0.0,0.184,0.334,0.466,0.7,0.416,0.416,0.234
582,,-0.05,0.134,0.284,0.416,0.65,0.366,0.366,0.184
583,1,0.95,0.467,0.334,0.183,0.3,0.133,0.416,0.517
584,1,1.0,0.8,0.384,-0.05,-0.05,-0.1,0.466,0.85
585,6,0.767,0.45,0.151,0.0,0.283,0.9,0.799,0.9
586,6,0.534,0.1,-0.082,0.05,0.616,1.0,1.0,0.95
587,3,0.584,0.433,0.918,0.383,0.666,0.767,0.65,0.717
588,3,0.634,0.766,1.0,0.716,0.716,0.534,0.3,0.484
589,,0.584,0.716,0.95,0.666,0.666,0.484,0.25,0.434
590,,0.534,0.666,0.9,0.616,0.616,0.434,0.2,0.384
591,,0.484,0.616,0.85,0.566,0.566,0.384,0.15,0.334
592,,0.434,0.566,0.8,0.516,0.516,0.334,0.1,0.284
593,,0.384,0.516,0.75,0.466,0.466,0.284,0.05,0.234
594,,0.334,0.466,0.7,0.416,0.416,0.234,0.0,0.184
595,,0.284,0.416,0.65,0.366,0.366,0.184,-0.05,0.134
596,7,0.334,0.183,0.3,0.133,0.416,0.517,0.95,0.467
597,7,0.384,-0.05,-0.05,-0.1,0.466,0.85,1.0,0.8
598,4,0.151,0.0,0.283,0.9,0.799,0.9,0.767,0.45
599,4,-0.082,0.05,0.616,1.0,1.0,0.95,0.534,0.1
600,1,0.918,0.383,0.666,0.767,0.65,0.717,0.584,0.433
601,1,1.0,0.716,0.716,0.534,0.3,0.484,0.634,0.766
602,,0.95,0.666,0.666,0.484,0.25,0.434,0.584,0.716
603,,0.9,0.616,0.616,0.434,0.2,0.384,0.534,0.666
604,,0.85,0.566,0.566,0.384,0.15,0.334,0.484,0.616
605,,0.8,0.516,0.516,0.334,0.1,0.284,0.434,0.566
606,,0.75,0.466,0.466,0.284,0.05,0.234,0.384,0.516
607,,0.7,0.416,0.416,0.234,0.0,0.184,0.334,0.466
608,,0.65,0.366,0.366,0.184,-0.05,0.134,0.284,0.416
609,5,0.3,0.133,0.416,0.517,0.95,0.467,0.334,0.183
610,5,-0.05,-0.1,0.466,0.85,1.0,0.8,0.384,-0.05
611,2,0.283,0.9,0.799,0.9,0.767,0.45,0.151,0.0
612,2,0.616,1.0,1.0,0.95,0.534,0.1,-0.082,0.05
613,7,0.666,0.767,0.65,0.717,0.584,0.433,0.918,0.383
614,7,0.716,0.534,0.3,0.484,0.634,0.766,1.0,0.716
615,,0.666,0.484,0.25,0.434,0.584,0.716,0.95,0.666
616,,0.616,0.434,0.2,0.384,0.534,0.666,0.9,0.616
617,,0.566,0.384,0.15,0.334,0.484,0.616,0.85,0.566
618,,0.516,0.334,0.1,0.284,0.434,0.566,0.8,0.516
619,,0.466,0.284,0.05,0.234,0.384,0.516,0.75,0.466
620,,0.416,0.234,0.0,0.184,0.334,0.466,0.7,0.416
621,,0.366,0.184,-0.05,0.134,0.284,0.416,0.65,0.366
622,3,0.416,0.517,0.95,0.467,0.334,0.183,0.3,0.133
623,3,0.466,0.85,1.0,0.8,0.384,-0.05,-0.05,-0.1
624,8,0.799,0.9,0.767,0.45,0.151,0.0,0.283,0.9
625,8,1.0,0.95,0.534,0.1,-0.082,0.05,0.616,1.0
626,5,0.65,0.717,0.584,0.433,0.918,0.383,0.666,0.767
627,5,0.3,0.484,0.634,0.766,1.0,0.716,0.716,0.534
628,,0.25,0.434,0.584,0.716,0.95,0.666,0.666,0.484
629,,0.2,0.384,0.534,0.666,0.9,0.616,0.616,0.434
630,,0.15,0.334,0.484,0.616,0.85,0.566,0.566,0.384
631,,0.1,0.284,0.434,0.566,0.8,0.516,0.516,0.334
632,,0.05,0.234,0.384,0.516,0.75,0.466,0.466,0.284
633,,0.0,0.184,0.334,0.466,0.7,0.416,0.416,0.234
634,,-0.05,0.134,0.284,0.416,0.65,0.366,0.366,0.184
635,1,0.95,0.467,0.334,0.183,0.3,0.133,0.416,0.517
636,1,1.0,0.8,0.384,-0.05,-0.05,-0.1,0.466,0.85
637,6,0.767,0.45,0.151,0.0,0.283,0.9,0.799,0.9
638,6,0.534,0.1,-0.082,0.05,0.616,1.0,1.0,0.95
639,3,0.584,0.433,0.918,0.383,0.666,0.767,0.65,0.717
640,3,0.634,0.766,1.0,0.716,0.716,0.534,0.3,0.484
641,,0.584,0.716,0.95,0.666,0.666,0.484,0.25,0.434
642,,0.534,0.666,0.9,0.616,0.616,0.434,0.2,0.384
643,,0.484,0.616,0.85,0.566,0.566,0.384,0.15,0.334
644,,0.434,0.566,0.8,0.516,0.516,0.334,0.1,0.284
645,,0.384,0.516,0.75,0.466,0.466,0.284,0.05,0.234
646,,0.334,0.466,0.7,0.416,0.416,0.234,0.0,0.184
647,,0.284,0.416,0.65,0.366,0.366,0.184,-0.05,0.134
648,7,0.334,0.183,0.3,0.133,0.416,0.517,0.95,0.467
649,7,0.384,-0.05,-0.05,-0.1,0.466,0.85,1.0,0.8
650,4,0.151,0.0,0.283,0.9,0.799,0.9,0.767,0.45
651,4,-0.082,0.05,0.616,1.0,1.0,0.95,0.534,0.1
652,1,0.918,0.383,0.666,0.767,0.65,0.717,0.584,0.433
653,1,1.0,0.716,0.716,0.534,0.3,0.484,0.634,0.766
654,,0.95,0.666,0.666,0.484,0.25,0.434,0.584,0.716
655,,0.9,0.616,0.616,0.434,0.2,0.384,0.534,0.666
656,,0.85,0.566,0.566,0.384,0.15,0.334,0.484,0.616
657,,0.8,0.516,0.516,0.334,0.1,0.284,0.434,0.566
658,,0.75,0.466,0.466,0.284,0.05,0.234,0.384,0.516
659,,0.7,0.416,0.416,0.234,0.0,0.184,0.334,0.466
660,,0.65,0.366,0.366,0.184,-0.05,0.134,0.284,0.416
661,5,0.3,0.133,0.416,0.517,0.95,0.467,0.334,0.183
662,5,-0.05,-0.1,0.466,0.85,1.0,0.8,0.384,-0.05
663,2,0.283,0.9,0.799,0.9,0.767,0.45,0.151,0.0
664,2,0.616,1.0,1.0,0.95,0.534,0.1,-0.082,0.05
665,7,0.666,0.767,0.65,0.717,0.584,0.433,0.918,0.383
666,7,0.716,0.534,0.3,0.484,0.634,0.766,1.0,0.716
667,,0.666,0.484,0.25,0.434,0.584,0.716,0.95,0.666
668,,0.616,0.434,0.2,0.384,0.534,0.666,0.9,0.616
669,,0.566,0.384,0.15,0.334,0.484,0.616,0.85,0.566
670,,0.516,0.334,0.1,0.284,0.434,0.566,0.8,0.516
671,,0.466,0.284,0.05,0.234,0.384,0.516,0.75,0.466
672,,0.416,0.234,0.0,0.184,0.334,0.466,0.7,0.416
673,,0.366,0.184,-0.05,0.134,0.284,0.416,0.65,0.366
674,3,0.416,0.517,0.95,0.467,0.334,0.183,0.3,0.133
675,3,0.466,0.85,1.0,0.8,0.384,-0.05,-0.05,-0.1
676,8,0.799,0.9,0.767,0.45,0.151,0.0,0.283,0.9
677,8,1.0,0.95,0.534,0.1,-0.082,0.05,0.616,1.0
678,5,0.65,0.717,0.584,0.433,0.918,0.383,0.666,0.767
679,5,0.3,0.484,0.634,0.766,1.0,0.716,0.716,0.534
680,,0.25,0.434,0.584,0.716,0.95,0.666,0.666,0.484
681,,0.2,0.384,0.534,0.666,0.9,0.616,0.616,0.434
682,,0.15,0.334,0.484,0.616,0.85,0.566,0.566,0.384
683,,0.1,0.284,0.434,0.566,0.8,0.516,0.516,0.334
684,,0.05,0.234,0.384,0.516,0.75,0.466,0.466,0.284
685,,0.0,0.184,0.334,0.466,0.7,0.416,0.416,0.234
686,,-0.05,0.134,0.284,0.416,0.65,0.366,0.366,0.184
687,1,0.95,0.467,0.334,0.183,0.3,0.133,0.416,0.517
688,1,1.0,0.8,0.384,-0.05,-0.05,-0.1,0.466,0.85
689,6,0.767,0.45,0.151,0.0,0.283,0.9,0.799,0.9
690,6,0.534,0.1,-0.082,0.05,0.616,1.0,1.0,0.95
691,3,0.584,0.433,0.918,0.383,0.666,0.767,0.65,0.717
692,3,0.634,0.766,1.0,0.716,0.716,0.534,0.3,0.484
693,,0.584,0.716,0.95,0.666,0.666,0.484,0.25,0.434
694,,0.534,0.666,0.9,0.616,0.616,0.434,0.2,0.384
695,,0.484,0.616,0.85,0.566,0.566,0.384,0.15,0.334
696,,0.434,0.566,0.8,0.516,0.516,0.334,0.1,0.284
697,,0.384,0.516,0.75,0.466,0.466,0.284,0.05,0.234
698,,0.334,0.466,0.7,0.416,0.416,0.234,0.0,0.184
699,,0.284,0.416,0.65,0.366,0.366,0.184,-0.05,0.134
700,7,0.334,0.183,0.3,0.133,0.416,0.517,0.95,0.467
701,7,0.384,-0.05,-0.05,-0.1,0.466,0.85,1.0,0.8
702,4,0.151,0.0,0.283,0.9,0.799,0.9,0.767,0.45
703,4,-0.082,0.05,0.616,1.0,1.0,0.95,0.534,0.1
704,1,0.918,0.383,0.666,0.767,0.65,0.717,0.584,0.433
705,1,1.0,0.716,0.716,0.534,0.3,0.484,0.634,0.766
706,,0.95,0.666,0.666,0.484,0.25,0.434,0.584,0.716
707,,0.9,0.616,0.616,0.434,0.2,0.384,0.534,0.666
708,,0.85,0.566,0.566,0.384,0.15,0.334,0.484,0.616
709,,0.8,0.516,0.516,0.334,0.1,0.284,0.434,0.566
710,,0.75,0.466,0.466,0.284,0.05,0.234,0.384,0.516
711,,0.7,0.416,0.416,0.234,0.0,0.184,0.334,0.466
712,,0.65,0.366,0.366,0.184,-0.05,0.134,0.284,0.416
713,5,0.3,0.133,0.416,0.517,0.95,0.467,0.334,0.183
714,5,-0.05,-0.1,0.466,0.85,1.0,0.8,0.384,-0.05
715,2,0.283,0.9,0.799,0.9,0.767,0.45,0.151,0.0
716,2,0.616,1.0,1.0,0.95,0.534,0.1,-0.082,0.05
717,7,0.666,0.767,0.65,0.717,0.584,0.433,0.918,0.383
718,7,0.716,0.534,0.3,0.484,0.634,0.766,1.0,0.716
719,,0.666,0.484,0.25,0.434,0.584,0.716,0.95,0.666
720,,0.616,0.434,0.2,0.384,0.534,0.666,0.9,0.616
721,,0.566,0.384,0.15,0.334,0.484,0.616,0.85,0.566
722,,0.516,0.334,0.1,0.284,0.434,0.566,0.8,0.516
723,,0.466,0.284,0.05,0.234,0.384,0.516,0.75,0.466
724,,0.416,0.234,0.0,0.184,0.334,0.466,0.7,0.416
725,,0.366,0.184,-0.05,0.134,0.284,0.416,0.65,0.366
726,3,0.416,0.517,0.95,0.467,0.334,0.183,0.3,0.133
727,3,0.466,0.85,1.0,0.8,0.384,-0.05,-0.05,-0.1
728,8,0.799,0.9,0.767,0.45,0.151,0.0,0.283,0.9
729,8,1.0,0.95,0.534,0.1,-0.082,0.05,0.616,1.0
730,5,0.65,0.717,0.584,0.433,0.918,0.383,0.666,0.767
731,5,0.3,0.484,0.634,0.766,1.0,0.716,0.716,0.534
732,,0.25,0.434,0.584,0.716,0.95,0.666,0.666,0.484
733,,0.2,0.384,0.534,0.666,0.9,0.616,0.616,0.434
734,,0.15,0.334,0.484,0.616,0.85,0.566,0.566,0.384
735,,0.1,0.284,0.434,0.566,0.8,0.516,0.516,0.334
736,,0.05,0.234,0.384,0.516,0.75,0.466,0.466,0.284
737,,0.0,0.184,0.334,0.466,0.7,0.416,0.416,0.234
738,,-0.05,0.134,0.284,0.416,0.65,0.366,0.366,0.184
739,1,0.95,0.467,0.334,0.183,0.3,0.133,0.416,0.517
740,1,1.0,0.8,0.384,-0.05,-0.05,-0.1,0.466,0.85
741,6,0.767,0.45,0.151,0.0,0.283,0.9,0.799,0.9
742,6,0.534,0.1,-0.082,0.05,0.616,1.0,1.0,0.95
743,3,0.584,0.433,0.918,0.383,0.666,0.767,0.65,0.717
744,3,0.634,0.766,1.0,0.716,0.716,0.534,0.3,0.484
745,,0.584,0.716,0.95,0.666,0.666,0.484,0.25,0.434
746,,0.534,0.666,0.9,0.616,0.616,0.434,0.2,0.384
747,,0.484,0.616,0.85,0.566,0.566,0.384,0.15,0.334
748,,0.434,0.566,0.8,0.516,0.516,0.334,0.1,0.284
749,,0.384,0.516,0.75,0.466,0.466,0.284,0.05,0.234
750,,0.334,0.466,0.7,0.416,0.416,0.234,0.0,0.184
751,,0.284,0.416,0.65,0.366,0.366,0.184,-0.05,0.134
752,7,0.334,0.183,0.3,0.133,0.416,0.517,0.95,0.467
753,7,0.384,-0.05,-0.05,-0.1,0.466,0.85,1.0,0.8
754,4,0.151,0.0,0.283,0.9,0.799,0.9,0.767,0.45
755,4,-0.082,0.05,0.616,1.0,1.0,0.95,0.534,0.1
756,1,0.918,0.383,0.666,0.767,0.65,0.717,0.584,0.433
757,1,1.0,0.716,0.716,0.534,0.3,0.484,0.634,0.766
758,,0.95,0.666,0.666,0.484,0.25,0.434,0.584,0.716
759,,0.9,0.616,0.616,0.434,0.2,0.384,0.534,0.666
760,,0.85,0.566,0.566,0.384,0.15,0.334,0.484,0.616
761,,0.8,0.516,0.516,0.334,0.1,0.284,0.434,0.566
762,,0.75,0.466,0.466,0.284,0.05,0.234,0.384,0.516
763,,0.7,0.416,0.416,0.234,0.0,0.184,0.334,0.466
764,,0.65,0.366,0.366,0.184,-0.05,0.134,0.284,0.416
765,5,0.3,0.133,0.416,0.517,0.95,0.467,0.334,0.183
766,5,-0.05,-0.1,0.466,0.85,1.0,0.8,0.384,-0.05
767,2,0.283,0.9,0.799,0.9,0.767,0.45,0.151,0.0
768,2,0.616,1.0,1.0,0.95,0.534,0.1,-0.082,0.05
769,7,0.666,0.767,0.65,0.717,0.584,0.433,0.918,0.383
770,7,0.716,0.534,0.3,0.484,0.634,0.766,1.0,0.716
771,,0.666,0.484,0.25,0.434,0.584,0.716,0.95,0.666
772,,0.616,0.434,0.2,0.384,0.534,0.666,0.9,0.616
773,,0.566,0.384,0.15,0.334,0.484,0.616,0.85,0.566
774,,0.516,0.334,0.1,0.284,0.434,0.566,0.8,0.516
775,,0.466,0.284,0.05,0.234,0.384,0.516,0.75,0.466
776,,0.416,0.234,0.0,0.184,0.334,0.466,0.7,0.416
777,,0.366,0.184,-0.05,0.134,0.284,0.416,0.65,0.366
778,3,0.416,0.517,0.95,0.467,0.334,0.183,0.3,0.133
779,3,0.466,0.85,1.0,0.8,0.384,-0.05,-0.05,-0.1
780,8,0.799,0.9,0.767,0.45,0.151,0.0,0.283,0.9
781,8,1.0,0.95,0.534,0.1,-0.082,0.05,0.616,1.0
782,5,0.65,0.717,0.584,0.433,0.918,0.383,0.666,0.767
783,5,0.3,0.484,0.634,0.766,1.0,0.716,0.716,0.534
784,,0.25,0.434,0.584,0.716,0.95,0.666,0.666,0.484
785,,0.2,0.384,0.534,0.666,0.9,0.616,0.616,0.434
786,,0.15,0.334,0.484,0.616,0.85,0.566,0.566,0.384
787,,0.1,0.284,0.434,0.566,0.8,0.516,0.516,0.334
788,,0.05,0.234,0.384,0.516,0.75,0.466,0.466,0.284
789,,0.0,0.184,0.334,0.466,0.7,0.416,0.416,0.234
790,,-0.05,0.134,0.284,0.416,0.65,0.366,0.366,0.184
791,1,0.95,0.467,0.334,0.183,0.3,0.133,0.416,0.517
792,1,1.0,0.8,0.384,-0.05,-0.05,-0.1,0.466,0.85
793,6,0.767,0.45,0.151,0.0,0.283,0.9,0.799,0.9
794,6,0.534,0.1,-0.082,0.05,0.616,1.0,1.0,0.95
795,3,0.584,0.433,0.918,0.383,0.666,0.767,0.65,0.717
796,3,0.634,0.766,1.0,0.716,0.716,0.534,0.3,0.484
797,,0.584,0.716,0.95,0.666,0.666,0.484,0.25,0.434
