step,active_motive,motive_1,motive_2,motive_3,motive_4,motive_5,motive_6,motive_7,motive_8
0,,0.62894,0.87747,0.73507,0.80348,0.28203,0.17744,0.75061,0.80683
1,,0.57894,0.82747,0.68507,0.75348,0.23203,0.12744,0.70061,0.75683
2,,0.52894,0.77747,0.63507,0.70348,0.18203,0.07744,0.65061,0.70683
3,,0.47894,0.72747,0.58507,0.65348,0.13203,0.02744,0.60061,0.65683
4,,0.42894,0.67747,0.53507,0.60348,0.08203,-0.02256,0.55061,0.60683
5,6,0.19594,0.32747,0.30207,0.65348,0.41503,0.97744,0.88361,0.65683
6,6,-0.03706,-0.02253,0.06907,0.70348,0.74803,1.0,1.0,0.70683
7,1,0.96294,0.31047,0.11907,0.47048,0.39803,0.767,1.0,1.0
8,1,1.0,0.64347,0.16907,0.23748,0.04803,0.534,1.0,1.0
9,,0.95,0.59347,0.11907,0.18748,-0.00197,0.484,0.95,0.95
10,5,0.6,0.36047,0.16907,0.52048,0.99803,0.817,1.0,0.717
11,5,0.25,0.12747,0.21907,0.85348,1.0,1.0,1.0,0.484
12,,0.2,0.07747,0.16907,0.80348,0.95,0.95,0.95,0.434
13,,0.15,0.02747,0.11907,0.75348,0.9,0.9,0.9,0.384
14,,0.1,-0.02253,0.06907,0.70348,0.85,0.85,0.85,0.334
15,2,0.433,0.97747,0.40207,0.75348,0.617,0.5,0.617,0.384
16,2,0.766,1.0,0.73507,0.80348,0.384,0.15,0.384,0.434
17,,0.716,0.95,0.68507,0.75348,0.334,0.1,0.334,0.384
18,,0.666,0.9,0.63507,0.70348,0.284,0.05,0.284,0.334
19,,0.616,0.85,0.58507,0.65348,0.234,0.0,0.234,0.284
20,,0.566,0.8,0.53507,0.60348,0.184,-0.05,0.184,0.234
21,6,0.333,0.45,0.30207,0.65348,0.517,0.95,0.517,0.284
22,6,0.1,0.1,0.06907,0.70348,0.85,1.0,0.85,0.334
23,,0.05,0.05,0.01907,0.65348,0.8,0.95,0.8,0.284
24,,0.0,0.0,-0.03093,0.60348,0.75,0.9,0.75,0.234
25,3,0.05,0.333,0.96907,0.93648,0.8,0.667,0.4,0.001
26,3,0.1,0.666,1.0,1.0,0.85,0.434,0.05,-0.232
27,8,0.433,0.716,0.767,0.65,0.617,0.484,0.383,0.768
28,8,0.766,0.766,0.534,0.3,0.384,0.534,0.716,1.0
29,,0.716,0.716,0.484,0.25,0.334,0.484,0.666,0.95
30,,0.666,0.666,0.434,0.2,0.284,0.434,0.616,0.9
31,,0.616,0.616,0.384,0.15,0.234,0.384,0.566,0.85
32,,0.566,0.566,0.334,0.1,0.184,0.334,0.516,0.8
33,,0.516,0.516,0.284,0.05,0.134,0.284,0.466,0.75
34,,0.466,0.466,0.234,0.0,0.084,0.234,0.416,0.7
35,,0.416,0.416,0.184,-0.05,0.034,0.184,0.366,0.65
36,4,0.183,0.466,0.517,0.95,0.367,0.234,0.133,0.3
37,4,-0.05,0.516,0.85,1.0,0.7,0.284,-0.1,-0.05
38,7,0.0,0.283,0.5,0.767,0.75,0.617,0.9,0.283
39,7,0.05,0.05,0.15,0.534,0.8,0.95,1.0,0.616
40,,0.0,0.0,0.1,0.484,0.75,0.9,0.95,0.566
41,,-0.05,-0.05,0.05,0.434,0.7,0.85,0.9,0.516
42,1,0.95,0.283,0.1,0.201,0.35,0.617,0.95,0.849
43,1,1.0,0.616,0.15,-0.032,-0.0,0.384,1.0,1.0
44,4,0.767,0.666,0.483,0.968,0.333,0.434,0.767,0.65
45,4,0.534,0.716,0.816,1.0,0.666,0.484,0.534,0.3
46,,0.484,0.666,0.766,0.95,0.616,0.434,0.484,0.25
47,,0.434,0.616,0.716,0.9,0.566,0.384,0.434,0.2
48,,0.384,0.566,0.666,0.85,0.516,0.334,0.384,0.15
49,,0.334,0.516,0.616,0.8,0.466,0.284,0.334,0.1
50,,0.284,0.466,0.566,0.75,0.416,0.234,0.284,0.05
51,,0.234,0.416,0.516,0.7,0.366,0.184,0.234,0.0
52,,0.184,0.366,0.466,0.65,0.316,0.134,0.184,-0.05
53,8,0.517,0.416,0.233,0.3,0.083,0.184,0.517,0.95
54,8,0.85,0.466,0.0,-0.05,-0.15,0.234,0.85,1.0
55,5,0.5,0.233,0.05,0.283,0.85,0.567,0.9,0.767
56,5,0.15,0.0,0.1,0.616,1.0,0.9,0.95,0.534
57,,0.1,-0.05,0.05,0.566,0.95,0.85,0.9,0.484
58,2,0.433,0.95,0.383,0.616,0.717,0.5,0.667,0.534
59,2,0.766,1.0,0.716,0.666,0.484,0.15,0.434,0.584
60,,0.716,0.95,0.666,0.616,0.434,0.1,0.384,0.534
61,,0.666,0.9,0.616,0.566,0.384,0.05,0.334,0.484
62,,0.616,0.85,0.566,0.516,0.334,0.0,0.284,0.434
63,,0.566,0.8,0.516,0.466,0.284,-0.05,0.234,0.384
64,6,0.333,0.45,0.283,0.516,0.617,0.95,0.567,0.434
65,6,0.1,0.1,0.05,0.566,0.95,1.0,0.9,0.484
66,,0.05,0.05,0.0,0.516,0.9,0.95,0.85,0.434
67,,0.0,0.0,-0.05,0.466,0.85,0.9,0.8,0.384
68,3,0.05,0.333,0.95,0.799,0.9,0.667,0.45,0.151
69,3,0.1,0.666,1.0,1.0,0.95,0.434,0.1,-0.082
70,8,0.433,0.716,0.767,0.65,0.717,0.484,0.433,0.918
71,8,0.766,0.766,0.534,0.3,0.484,0.534,0.766,1.0
72,,0.716,0.716,0.484,0.25,0.434,0.484,0.716,0.95
73,,0.666,0.666,0.434,0.2,0.384,0.434,0.666,0.9
74,,0.616,0.616,0.384,0.15,0.334,0.384,0.616,0.85
75,,0.566,0.566,0.334,0.1,0.284,0.334,0.566,0.8
76,,0.516,0.516,0.284,0.05,0.234,0.284,0.516,0.75
77,,0.466,0.466,0.234,0.0,0.184,0.234,0.466,0.7
78,,0.416,0.416,0.184,-0.05,0.134,0.184,0.416,0.65
79,4,0.183,0.466,0.517,0.95,0.467,0.234,0.183,0.3
80,4,-0.05,0.516,0.85,1.0,0.8,0.284,-0.05,-0.05
81,8,0.283,0.566,0.617,0.65,0.567,0.334,0.283,0.95
82,8,0.616,0.616,0.384,0.3,0.334,0.384,0.616,1.0
83,,0.566,0.566,0.334,0.25,0.284,0.334,0.566,0.95
84,,0.516,0.516,0.284,0.2,0.234,0.284,0.516,0.9
85,,0.466,0.466,0.234,0.15,0.184,0.234,0.466,0.85
86,,0.416,0.416,0.184,0.1,0.134,0.184,0.416,0.8
87,,0.366,0.366,0.134,0.05,0.084,0.134,0.366,0.75
88,,0.316,0.316,0.084,0.0,0.034,0.084,0.316,0.7
89,,0.266,0.266,0.034,-0.05,-0.016,0.034,0.266,0.65
90,4,0.033,0.316,0.367,0.95,0.317,0.084,0.033,0.3
91,4,-0.2,0.366,0.7,1.0,0.65,0.134,-0.2,-0.05
92,7,-0.15,0.133,0.35,0.767,0.7,0.467,0.8,0.283
93,7,-0.1,-0.1,-0.0,0.534,0.75,0.8,1.0,0.616
94,2,0.233,0.9,0.333,0.584,0.517,0.45,0.767,0.666
95,2,0.566,1.0,0.666,0.634,0.284,0.1,0.534,0.716
96,,0.516,0.95,0.616,0.584,0.234,0.05,0.484,0.666
97,,0.466,0.9,0.566,0.534,0.184,0.0,0.434,0.616
98,,0.416,0.85,0.516,0.484,0.134,-0.05,0.384,0.566
99,6,0.183,0.5,0.283,0.534,0.467,0.95,0.717,0.616
100,6,-0.05,0.15,0.05,0.584,0.8,1.0,1.0,0.666
101,1,0.95,0.483,0.1,0.351,0.45,0.767,1.0,0.999
102,1,1.0,0.816,0.15,0.118,0.1,0.534,1.0,1.0
103,,0.95,0.766,0.1,0.068,0.05,0.484,0.95,0.95
104,,0.9,0.716,0.05,0.018,0.0,0.434,0.9,0.9
105,,0.85,0.666,0.0,-0.032,-0.05,0.384,0.85,0.85
106,5,0.5,0.433,0.05,0.301,0.95,0.717,0.9,0.617
107,5,0.15,0.2,0.1,0.634,1.0,1.0,0.95,0.384
108,,0.1,0.15,0.05,0.584,0.95,0.95,0.9,0.334
109,,0.05,0.1,0.0,0.534,0.9,0.9,0.85,0.284
110,,0.0,0.05,-0.05,0.484,0.85,0.85,0.8,0.234
111,3,0.05,0.383,0.95,0.817,0.9,0.617,0.45,0.001
112,3,0.1,0.716,1.0,1.0,0.95,0.384,0.1,-0.232
113,8,0.433,0.766,0.767,0.65,0.717,0.434,0.433,0.768
114,8,0.766,0.816,0.534,0.3,0.484,0.484,0.766,1.0
115,,0.716,0.766,0.484,0.25,0.434,0.434,0.716,0.95
116,,0.666,0.716,0.434,0.2,0.384,0.384,0.666,0.9
117,,0.616,0.666,0.384,0.15,0.334,0.334,0.616,0.85
118,,0.566,0.616,0.334,0.1,0.284,0.284,0.566,0.8
119,,0.516,0.566,0.284,0.05,0.234,0.234,0.516,0.75
120,,0.466,0.516,0.234,0.0,0.184,0.184,0.466,0.7
121,,0.416,0.466,0.184,-0.05,0.134,0.134,0.416,0.65
122,4,0.183,0.516,0.517,0.95,0.467,0.184,0.183,0.3
123,4,-0.05,0.566,0.85,1.0,0.8,0.234,-0.05,-0.05
124,7,0.0,0.333,0.5,0.767,0.85,0.567,0.95,0.283
125,7,0.05,0.1,0.15,0.534,0.9,0.9,1.0,0.616
126,,0.0,0.05,0.1,0.484,0.85,0.85,0.95,0.566
127,,-0.05,0.0,0.05,0.434,0.8,0.8,0.9,0.516
128,1,0.95,0.333,0.1,0.201,0.45,0.567,0.95,0.849
129,1,1.0,0.666,0.15,-0.032,0.1,0.334,1.0,1.0
130,4,0.767,0.716,0.483,0.968,0.433,0.384,0.767,0.65
131,4,0.534,0.766,0.816,1.0,0.766,0.434,0.534,0.3
132,,0.484,0.716,0.766,0.95,0.716,0.384,0.484,0.25
133,,0.434,0.666,0.716,0.9,0.666,0.334,0.434,0.2
134,,0.384,0.616,0.666,0.85,0.616,0.284,0.384,0.15
135,,0.334,0.566,0.616,0.8,0.566,0.234,0.334,0.1
136,,0.284,0.516,0.566,0.75,0.516,0.184,0.284,0.05
137,,0.234,0.466,0.516,0.7,0.466,0.134,0.234,0.0
138,,0.184,0.416,0.466,0.65,0.416,0.084,0.184,-0.05
139,8,0.517,0.466,0.233,0.3,0.183,0.134,0.517,0.95
140,8,0.85,0.516,0.0,-0.05,-0.05,0.184,0.85,1.0
141,4,0.617,0.566,0.333,0.95,0.283,0.234,0.617,0.65
142,4,0.384,0.616,0.666,1.0,0.616,0.284,0.384,0.3
143,,0.334,0.566,0.616,0.95,0.566,0.234,0.334,0.25
144,,0.284,0.516,0.566,0.9,0.516,0.184,0.284,0.2
145,,0.234,0.466,0.516,0.85,0.466,0.134,0.234,0.15
146,,0.184,0.416,0.466,0.8,0.416,0.084,0.184,0.1
147,,0.134,0.366,0.416,0.75,0.366,0.034,0.134,0.05
148,,0.084,0.316,0.366,0.7,0.316,-0.016,0.084,0.0
149,6,-0.149,-0.034,0.133,0.75,0.649,0.984,0.417,0.05
150,6,-0.382,-0.384,-0.1,0.8,0.982,1.0,0.75,0.1
151,2,-0.049,0.616,0.233,0.85,0.749,0.65,0.517,0.15
152,2,0.284,1.0,0.566,0.9,0.516,0.3,0.284,0.2
153,,0.234,0.95,0.516,0.85,0.466,0.25,0.234,0.15
154,,0.184,0.9,0.466,0.8,0.416,0.2,0.184,0.1
155,,0.134,0.85,0.416,0.75,0.366,0.15,0.134,0.05
156,,0.084,0.8,0.366,0.7,0.316,0.1,0.084,0.0
157,,0.034,0.75,0.316,0.65,0.266,0.05,0.034,-0.05
158,8,0.367,0.8,0.083,0.3,0.033,0.1,0.367,0.95
159,8,0.7,0.85,-0.15,-0.05,-0.2,0.15,0.7,1.0
160,5,0.35,0.617,-0.1,0.283,0.8,0.483,0.75,0.767
161,5,-0.0,0.384,-0.05,0.616,1.0,0.816,0.8,0.534
162,3,0.05,0.717,0.95,0.949,1.0,0.583,0.45,0.301
163,3,0.1,1.0,1.0,1.0,1.0,0.35,0.1,0.068
164,,0.05,0.95,0.95,0.95,0.95,0.3,0.05,0.018
165,,0.0,0.9,0.9,0.9,0.9,0.25,0.0,-0.032
166,8,0.333,0.95,0.667,0.55,0.667,0.3,0.333,0.968
167,8,0.666,1.0,0.434,0.2,0.434,0.35,0.666,1.0
168,,0.616,0.95,0.384,0.15,0.384,0.3,0.616,0.95
169,,0.566,0.9,0.334,0.1,0.334,0.25,0.566,0.9
170,,0.516,0.85,0.284,0.05,0.284,0.2,0.516,0.85
171,,0.466,0.8,0.234,0.0,0.234,0.15,0.466,0.8
172,,0.416,0.75,0.184,-0.05,0.184,0.1,0.416,0.75
173,4,0.183,0.8,0.517,0.95,0.517,0.15,0.183,0.4
174,4,-0.05,0.85,0.85,1.0,0.85,0.2,-0.05,0.05
175,1,0.95,1.0,0.9,0.767,0.5,-0.033,0.0,0.383
176,1,1.0,1.0,0.95,0.534,0.15,-0.266,0.05,0.716
177,6,0.767,0.65,0.717,0.584,0.483,0.734,0.383,0.766
178,6,0.534,0.3,0.484,0.634,0.816,1.0,0.716,0.816
179,,0.484,0.25,0.434,0.584,0.766,0.95,0.666,0.766
180,,0.434,0.2,0.384,0.534,0.716,0.9,0.616,0.716
181,,0.384,0.15,0.334,0.484,0.666,0.85,0.566,0.666
182,,0.334,0.1,0.284,0.434,0.616,0.8,0.516,0.616
183,,0.284,0.05,0.234,0.384,0.566,0.75,0.466,0.566
184,,0.234,0.0,0.184,0.334,0.516,0.7,0.416,0.516
185,,0.184,-0.05,0.134,0.284,0.466,0.65,0.366,0.466
186,2,0.517,0.95,0.467,0.334,0.233,0.3,0.133,0.516
187,2,0.85,1.0,0.8,0.384,0.0,-0.05,-0.1,0.566
188,7,0.9,0.767,0.45,0.151,0.05,0.283,0.9,0.899
189,7,0.95,0.534,0.1,-0.082,0.1,0.616,1.0,1.0
190,4,0.717,0.584,0.433,0.918,0.433,0.666,0.767,0.65
191,4,0.484,0.634,0.766,1.0,0.766,0.716,0.534,0.3
192,,0.434,0.584,0.716,0.95,0.716,0.666,0.484,0.25
193,,0.384,0.534,0.666,0.9,0.666,0.616,0.434,0.2
194,,0.334,0.484,0.616,0.85,0.616,0.566,0.384,0.15
195,,0.284,0.434,0.566,0.8,0.566,0.516,0.334,0.1
196,,0.234,0.384,0.516,0.75,0.516,0.466,0.284,0.05
197,,0.184,0.334,0.466,0.7,0.466,0.416,0.234,0.0
198,,0.134,0.284,0.416,0.65,0.416,0.366,0.184,-0.05
199,8,0.467,0.334,0.183,0.3,0.183,0.416,0.517,0.95
200,8,0.8,0.384,-0.05,-0.05,-0.05,0.466,0.85,1.0
201,5,0.45,0.151,0.0,0.283,0.95,0.799,0.9,0.767
202,5,0.1,-0.082,0.05,0.616,1.0,1.0,0.95,0.534
203,2,0.433,0.918,0.383,0.666,0.767,0.65,0.717,0.584
204,2,0.766,1.0,0.716,0.716,0.534,0.3,0.484,0.634
205,,0.716,0.95,0.666,0.666,0.484,0.25,0.434,0.584
206,,0.666,0.9,0.616,0.616,0.434,0.2,0.384,0.534
207,,0.616,0.85,0.566,0.566,0.384,0.15,0.334,0.484
208,,0.566,0.8,0.516,0.516,0.334,0.1,0.284,0.434
209,,0.516,0.75,0.466,0.466,0.284,0.05,0.234,0.384
210,,0.466,0.7,0.416,0.416,0.234,0.0,0.184,0.334
211,,0.416,0.65,0.366,0.366,0.184,-0.05,0.134,0.284
212,6,0.183,0.3,0.133,0.416,0.517,0.95,0.467,0.334
213,6,-0.05,-0.05,-0.1,0.466,0.85,1.0,0.8,0.384
214,3,0.0,0.283,0.9,0.799,0.9,0.767,0.45,0.151
215,3,0.05,0.616,1.0,1.0,0.95,0.534,0.1,-0.082
216,8,0.383,0.666,0.767,0.65,0.717,0.584,0.433,0.918
217,8,0.716,0.716,0.534,0.3,0.484,0.634,0.766,1.0
218,,0.666,0.666,0.484,0.25,0.434,0.584,0.716,0.95
219,,0.616,0.616,0.434,0.2,0.384,0.534,0.666,0.9
220,,0.566,0.566,0.384,0.15,0.334,0.484,0.616,0.85
221,,0.516,0.516,0.334,0.1,0.284,0.434,0.566,0.8
222,,0.466,0.466,0.284,0.05,0.234,0.384,0.516,0.75
223,,0.416,0.416,0.234,0.0,0.184,0.334,0.466,0.7
224,,0.366,0.366,0.184,-0.05,0.134,0.284,0.416,0.65
225,4,0.133,0.416,0.517,0.95,0.467,0.334,0.183,0.3
226,4,-0.1,0.466,0.85,1.0,0.8,0.384,-0.05,-0.05
227,1,0.9,0.799,0.9,0.767,0.45,0.151,0.0,0.283
228,1,1.0,1.0,0.95,0.534,0.1,-0.082,0.05,0.616
229,6,0.767,0.65,0.717,0.584,0.433,0.918,0.383,0.666
230,6,0.534,0.3,0.484,0.634,0.766,1.0,0.716,0.716
231,,0.484,0.25,0.434,0.584,0.716,0.95,0.666,0.666
232,,0.434,0.2,0.384,0.534,0.666,0.9,0.616,0.616
233,,0.384,0.15,0.334,0.484,0.616,0.85,0.566,0.566
234,,0.334,0.1,0.284,0.434,0.566,0.8,0.516,0.516
235,,0.284,0.05,0.234,0.384,0.516,0.75,0.466,0.466
236,,0.234,0.0,0.184,0.334,0.466,0.7,0.416,0.416
237,,0.184,-0.05,0.134,0.284,0.416,0.65,0.366,0.366
238,2,0.517,0.95,0.467,0.334,0.183,0.3,0.133,0.416
239,2,0.85,1.0,0.8,0.384,-0.05,-0.05,-0.1,0.466
240,7,0.9,0.767,0.45,0.151,0.0,0.283,0.9,0.799
241,7,0.95,0.534,0.1,-0.082,0.05,0.616,1.0,1.0
242,4,0.717,0.584,0.433,0.918,0.383,0.666,0.767,0.65
243,4,0.484,0.634,0.766,1.0,0.716,0.716,0.534,0.3
244,,0.434,0.584,0.716,0.95,0.666,0.666,0.484,0.25
245,,0.384,0.534,0.666,0.9,0.616,0.616,0.434,0.2
246,,0.334,0.484,0.616,0.85,0.566,0.566,0.384,0.15
247,,0.284,0.434,0.566,0.8,0.516,0.516,0.334,0.1
248,,0.234,0.384,0.516,0.75,0.466,0.466,0.284,0.05
249,,0.184,0.334,0.466,0.7,0.416,0.416,0.234,0.0
250,,0.134,0.284,0.416,0.65,0.366,0.366,0.184,-0.05
251,8,0.467,0.334,0.183,0.3,0.133,0.416,0.517,0.95
252,8,0.8,0.384,-0.05,-0.05,-0.1,0.466,0.85,1.0
253,5,0.45,0.151,0.0,0.283,0.9,0.799,0.9,0.767
254,5,0.1,-0.082,0.05,0.616,1.0,1.0,0.95,0.534
255,2,0.433,0.918,0.383,0.666,0.767,0.65,0.717,0.584
256,2,0.766,1.0,0.716,0.716,0.534,0.3,0.484,0.634
257,,0.716,0.95,0.666,0.666,0.484,0.25,0.434,0.584
258,,0.666,0.9,0.616,0.616,0.434,0.2,0.384,0.534
259,,0.616,0.85,0.566,0.566,0.384,0.15,0.334,0.484
260,,0.566,0.8,0.516,0.516,0.334,0.1,0.284,0.434
261,,0.516,0.75,0.466,0.466,0.284,0.05,0.234,0.384
262,,0.466,0.7,0.416,0.416,0.234,0.0,0.184,0.334
263,,0.416,0.65,0.366,0.366,0.184,-0.05,0.134,0.284
264,6,0.183,0.3,0.133,0.416,0.517,0.95,0.467,0.334
265,6,-0.05,-0.05,-0.1,0.466,0.85,1.0,0.8,0.384
266,3,0.0,0.283,0.9,0.799,0.9,0.767,0.45,0.151
267,3,0.05,0.616,1.0,1.0,0.95,0.534,0.1,-0.082
268,8,0.383,0.666,0.767,0.65,0.717,0.584,0.433,0.918
269,8,0.716,0.716,0.534,0.3,0.484,0.634,0.766,1.0
270,,0.666,0.666,0.484,0.25,0.434,0.584,0.716,0.95
271,,0.616,0.616,0.434,0.2,0.384,0.534,0.666,0.9
272,,0.566,0.566,0.384,0.15,0.334,0.484,0.616,0.85
273,,0.516,0.516,0.334,0.1,0.284,0.434,0.566,0.8
274,,0.466,0.466,0.284,0.05,0.234,0.384,0.516,0.75
275,,0.416,0.416,0.234,0.0,0.184,0.334,0.466,0.7
276,,0.366,0.366,0.184,-0.05,0.134,0.284,0.416,0.65
277,4,0.133,0.416,0.517,0.95,0.467,0.334,0.183,0.3
278,4,-0.1,0.466,0.85,1.0,0.8,0.384,-0.05,-0.05
279,1,0.9,0.799,0.9,0.767,0.45,0.151,0.0,0.283
280,1,1.0,1.0,0.95,0.534,0.1,-0.082,0.05,0.616
281,6,0.767,0.65,0.717,0.584,0.433,0.918,0.383,0.666
282,6,0.534,0.3,0.484,0.634,0.766,1.0,0.716,0.716
283,,0.484,0.25,0.434,0.584,0.716,0.95,0.666,0.666
284,,0.434,0.2,0.384,0.534,0.666,0.9,0.616,0.616
285,,0.384,0.15,0.334,0.484,0.616,0.85,0.566,0.566
286,,0.334,0.1,0.284,0.434,0.566,0.8,0.516,0.516
287,,0.284,0.05,0.234,0.384,0.516,0.75,0.466,0.466
288,,0.234,0.0,0.184,0.334,0.466,0.7,0.416,0.416
289,,0.184,-0.05,0.134,0.284,0.416,0.65,0.366,0.366
290,2,0.517,0.95,0.467,0.334,0.183,0.3,0.133,0.416
291,2,0.85,1.0,0.8,0.384,-0.05,-0.05,-0.1,0.466
292,7,0.9,0.767,0.45,0.151,0.0,0.283,0.9,0.799
293,7,0.95,0.534,0.1,-0.082,0.05,0.616,1.0,1.0
294,4,0.717,0.584,0.433,0.918,0.383,0.666,0.767,0.65
295,4,0.484,0.634,0.766,1.0,0.716,0.716,0.534,0.3
296,,0.434,0.584,0.716,0.95,0.666,0.666,0.484,0.25
297,,0.384,0.534,0.666,0.9,0.616,0.616,0.434,0.2
298,,0.334,0.484,0.616,0.85,0.566,0.566,0.384,0.15
299,,0.284,0.434,0.566,0.8,0.516,0.516,0.334,0.1
300,,0.234,0.384,0.516,0.75,0.466,0.466,0.284,0.05
301,,0.184,0.334,0.466,0.7,0.416,0.416,0.234,0.0
302,,0.134,0.284,0.416,0.65,0.366,0.366,0.184,-0.05
303,8,0.467,0.334,0.183,0.3,0.133,0.416,0.517,0.95
304,8,0.8,0.384,-0.05,-0.05,-0.1,0.466,0.85,1.0
305,5,0.45,0.151,0.0,0.283,0.9,0.799,0.9,0.767
306,5,0.1,-0.082,0.05,0.616,1.0,1.0,0.95,0.534
307,2,0.433,0.918,0.383,0.666,0.767,0.65,0.717,0.584
308,2,0.766,1.0,0.716,0.716,0.534,0.3,0.484,0.634
309,,0.716,0.95,0.666,0.666,0.484,0.25,0.434,0.584
310,,0.666,0.9,0.616,0.616,0.434,0.2,0.384,0.534
311,,0.616,0.85,0.566,0.566,0.384,0.15,0.334,0.484
312,,0.566,0.8,0.516,0.516,0.334,0.1,0.284,0.434
313,,0.516,0.75,0.466,0.466,0.284,0.05,0.234,0.384
314,,0.466,0.7,0.416,0.416,0.234,0.0,0.184,0.334
315,,0.416,0.65,0.366,0.366,0.184,-0.05,0.134,0.284
316,6,0.183,0.3,0.133,0.416,0.517,0.95,0.467,0.334
317,6,-0.05,-0.05,-0.1,0.466,0.85,1.0,0.8,0.384
318,3,0.0,0.283,0.9,0.799,0.9,0.767,0.45,0.151
319,3,0.05,0.616,1.0,1.0,0.95,0.534,0.1,-0.082
320,8,0.383,0.666,0.767,0.65,0.717,0.584,0.433,0.918
321,8,0.716,0.716,0.534,0.3,0.484,0.634,0.766,1.0
322,,0.666,0.666,0.484,0.25,0.434,0.584,0.716,0.95
323,,0.616,0.616,0.434,0.2,0.384,0.534,0.666,0.9
324,,0.566,0.566,0.384,0.15,0.334,0.484,0.616,0.85
325,,0.516,0.516,0.334,0.1,0.284,0.434,0.566,0.8
326,,0.466,0.466,0.284,0.05,0.234,0.384,0.516,0.75
327,,0.416,0.416,0.234,0.0,0.184,0.334,0.466,0.7
328,,0.366,0.366,0.184,-0.05,0.134,0.284,0.416,0.65
329,4,0.133,0.416,0.517,0.95,0.467,0.334,0.183,0.3
330,4,-0.1,0.466,0.85,1.0,0.8,0.384,-0.05,-0.05
331,1,0.9,0.799,0.9,0.767,0.45,0.151,0.0,0.283
332,1,1.0,1.0,0.95,0.534,0.1,-0.082,0.05,0.616
333,6,0.767,0.65,0.717,0.584,0.433,0.918,0.383,0.666
334,6,0.534,0.3,0.484,0.634,0.766,1.0,0.716,0.716
335,,0.484,0.25,0.434,0.584,0.716,0.95,0.666,0.666
336,,0.434,0.2,0.384,0.534,0.666,0.9,0.616,0.616
337,,0.384,0.15,0.334,0.484,0.616,0.85,0.566,0.566
338,,0.334,0.1,0.284,0.434,0.566,0.8,0.516,0.516
339,,0.284,0.05,0.234,0.384,0.516,0.75,0.466,0.466
340,,0.234,0.0,0.184,0.334,0.466,0.7,0.416,0.416
341,,0.184,-0.05,0.134,0.284,0.416,0.65,0.366,0.366
342,2,0.517,0.95,0.467,0.334,0.183,0.3,0.133,0.416
343,2,0.85,1.0,0.8,0.384,-0.05,-0.05,-0.1,0.466
344,7,0.9,0.767,0.45,0.151,0.0,0.283,0.9,0.799
345,7,0.95,0.534,0.1,-0.082,0.05,0.616,1.0,1.0
346,4,0.717,0.584,0.433,0.918,0.383,0.666,0.767,0.65
347,4,0.484,0.634,0.766,1.0,0.716,0.716,0.534,0.3
348,,0.434,0.584,0.716,0.95,0.666,0.666,0.484,0.25
349,,0.384,0.534,0.666,0.9,0.616,0.616,0.434,0.2
350,,0.334,0.484,0.616,0.85,0.566,0.566,0.384,0.15
351,,0.284,0.434,0.566,0.8,0.516,0.516,0.334,0.1
352,,0.234,0.384,0.516,0.75,0.466,0.466,0.284,0.05
353,,0.184,0.334,0.466,0.7,0.416,0.416,0.234,0.0
354,,0.134,0.284,0.416,0.65,0.366,0.366,0.184,-0.05
355,8,0.467,0.334,0.183,0.3,0.133,0.416,0.517,0.95
356,8,0.8,0.384,-0.05,-0.05,-0.1,0.466,0.85,1.0
357,5,0.45,0.151,0.0,0.283,0.9,0.799,0.9,0.767
358,5,0.1,-0.082,0.05,0.616,1.0,1.0,0.95,0.534
359,2,0.433,0.918,0.383,0.666,0.767,0.65,0.717,0.584
360,2,0.766,1.0,0.716,0.716,0.534,0.3,0.484,0.634
361,,0.716,0.95,0.666,0.666,0.484,0.25,0.434,0.584
362,,0.666,0.9,0.616,0.616,0.434,0.2,0.384,0.534
363,,0.616,0.85,0.566,0.566,0.384,0.15,0.334,0.484
364,,0.566,0.8,0.516,0.516,0.334,0.1,0.284,0.434
365,,0.516,0.75,0.466,0.466,0.284,0.05,0.234,0.384
366,,0.466,0.7,0.416,0.416,0.234,0.0,0.184,0.334
367,,0.416,0.65,0.366,0.366,0.184,-0.05,0.134,0.284
368,6,0.183,0.3,0.133,0.416,0.517,0.95,0.467,0.334
369,6,-0.05,-0.05,-0.1,0.466,0.85,1.0,0.8,0.384
370,3,0.0,0.283,0.9,0.799,0.9,0.767,0.45,0.151
371,3,0.05,0.616,1.0,1.0,0.95,0.534,0.1,-0.082
372,8,0.383,0.666,0.767,0.65,0.717,0.584,0.433,0.918
373,8,0.716,0.716,0.534,0.3,0.484,0.634,0.766,1.0
374,,0.666,0.666,0.484,0.25,0.434,0.584,0.716,0.95
375,,0.616,0.616,0.434,0.2,0.384,0.534,0.666,0.9
376,,0.566,0.566,0.384,0.15,0.334,0.484,0.616,0.85
377,,0.516,0.516,0.334,0.1,0.284,0.434,0.566,0.8
378,,0.466,0.466,0.284,0.05,0.234,0.384,0.516,0.75
379,,0.416,0.416,0.234,0.0,0.184,0.334,0.466,0.7
380,,0.366,0.366,0.184,-0.05,0.134,0.284,0.416,0.65
381,4,0.133,0.416,0.517,0.95,0.467,0.334,0.183,0.3
382,4,-0.1,0.466,0.85,1.0,0.8,0.384,-0.05,-0.05
383,1,0.9,0.799,0.9,0.767,0.45,0.151,0.0,0.283
384,1,1.0,1.0,0.95,0.534,0.1,-0.082,0.05,0.616
385,6,0.767,0.65,0.717,0.584,0.433,0.918,0.383,0.666
386,6,0.534,0.3,0.484,0.634,0.766,1.0,0.716,0.716
387,,0.484,0.25,0.434,0.584,0.716,0.95,0.666,0.666
388,,0.434,0.2,0.384,0.534,0.666,0.9,0.616,0.616
389,,0.384,0.15,0.334,0.484,0.616,0.85,0.566,0.566
390,,0.334,0.1,0.284,0.434,0.566,0.8,0.516,0.516
391,,0.284,0.05,0.234,0.384,0.516,0.75,0.466,0.466
392,,0.234,0.0,0.184,0.334,0.466,0.7,0.416,0.416
393,,0.184,-0.05,0.134,0.284,0.416,0.65,0.366,0.366
394,2,0.517,0.95,0.467,0.334,0.183,0.3,0.133,0.416
395,2,0.85,1.0,0.8,0.384,-0.05,-0.05,-0.1,0.466
396,7,0.9,0.767,0.45,0.151,0.0,0.283,0.9,0.799
397,7,0.95,0.534,0.1,-0.082,0.05,0.616,1.0,1.0
398,4,0.717,0.584,0.433,0.918,0.383,0.666,0.767,0.65
399,4,0.484,0.634,0.766,1.0,0.716,0.716,0.534,0.3
400,,0.434,0.584,0.716,0.95,0.666,0.666,0.484,0.25
401,,0.384,0.534,0.666,0.9,0.616,0.616,0.434,0.2
402,,0.334,0.484,0.616,0.85,0.566,0.566,0.384,0.15
403,,0.284,0.434,0.566,0.8,0.516,0.516,0.334,0.1
404,,0.234,0.384,0.516,0.75,0.466,0.466,0.284,0.05
405,,0.184,0.334,0.466,0.7,0.416,0.416,0.234,0.0
406,,0.134,0.284,0.416,0.65,0.366,0.366,0.184,-0.05
407,8,0.467,0.334,0.183,0.3,0.133,0.416,0.517,0.95
408,8,0.8,0.384,-0.05,-0.05,-0.1,0.466,0.85,1.0
409,5,0.45,0.151,0.0,0.283,0.9,0.799,0.9,0.767
410,5,0.1,-0.082,0.05,0.616,1.0,1.0,0.95,0.534
411,2,0.433,0.918,0.383,0.666,0.767,0.65,0.717,0.584
412,2,0.766,1.0,0.716,0.716,0.534,0.3,0.484,0.634
413,,0.716,0.95,0.666,0.666,0.484,0.25,0.434,0.584
414,,0.666,0.9,0.616,0.616,0.434,0.2,0.384,0.534
415,,0.616,0.85,0.566,0.566,0.384,0.15,0.334,0.484
416,,0.566,0.8,0.516,0.516,0.334,0.1,0.284,0.434
417,,0.516,0.75,0.466,0.466,0.284,0.05,0.234,0.384
418,,0.466,0.7,0.416,0.416,0.234,0.0,0.184,0.334
419,,0.416,0.65,0.366,0.366,0.184,-0.05,0.134,0.284
420,6,0.183,0.3,0.133,0.416,0.517,0.95,0.467,0.334
421,6,-0.05,-0.05,-0.1,0.466,0.85,1.0,0.8,0.384
422,3,0.0,0.283,0.9,0.799,0.9,0.767,0.45,0.151
423,3,0.05,0.616,1.0,1.0,0.95,0.534,0.1,-0.082
424,8,0.383,0.666,0.767,0.65,0.717,0.584,0.433,0.918
425,8,0.716,0.716,0.534,0.3,0.484,0.634,0.766,1.0
426,,0.666,0.666,0.484,0.25,0.434,0.584,0.716,0.95
427,,0.616,0.616,0.434,0.2,0.384,0.534,0.666,0.9
428,,0.566,0.566,0.384,0.15,0.334,0.484,0.616,0.85
429,,0.516,0.516,0.334,0.1,0.284,0.434,0.566,0.8
430,,0.466,0.466,0.284,0.05,0.234,0.384,0.516,0.75
431,,0.416,0.416,0.234,0.0,0.184,0.334,0.466,0.7
432,,0.366,0.366,0.184,-0.05,0.134,0.284,0.416,0.65
433,4,0.133,0.416,0.517,0.95,0.467,0.334,0.183,0.3
434,4,-0.1,0.466,0.85,1.0,0.8,0.384,-0.05,-0.05
435,1,0.9,0.799,0.9,0.767,0.45,0.151,0.0,0.283
436,1,1.0,1.0,0.95,0.534,0.1,-0.082,0.05,0.616
437,6,0.767,0.65,0.717,0.584,0.433,0.918,0.383,0.666
438,6,0.534,0.3,0.484,0.634,0.766,1.0,0.716,0.716
439,,0.484,0.25,0.434,0.584,0.716,0.95,0.666,0.666
440,,0.434,0.2,0.384,0.534,0.666,0.9,0.616,0.616
441,,0.384,0.15,0.334,0.484,0.616,0.85,0.566,0.566
442,,0.334,0.1,0.284,0.434,0.566,0.8,0.516,0.516
443,,0.284,0.05,0.234,0.384,0.516,0.75,0.466,0.466
444,,0.234,0.0,0.184,0.334,0.466,0.7,0.416,0.416
445,,0.184,-0.05,0.134,0.284,0.416,0.65,0.366,0.366
446,2,0.517,0.95,0.467,0.334,0.183,0.3,0.133,0.416
447,2,0.85,1.0,0.8,0.384,-0.05,-0.05,-0.1,0.466
448,7,0.9,0.767,0.45,0.151,0.0,0.283,0.9,0.799
449,7,0.95,0.534,0.1,-0.082,0.05,0.616,1.0,1.0
450,4,0.717,0.584,0.433,0.918,0.383,0.666,0.767,0.65
451,4,0.484,0.634,0.766,1.0,0.716,0.716,0.534,0.3
452,,0.434,0.584,0.716,0.95,0.666,0.666,0.484,0.25
453,,0.384,0.534,0.666,0.9,0.616,0.616,0.434,0.2
454,,0.334,0.484,0.616,0.85,0.566,0.566,0.384,0.15
455,,0.284,0.434,0.566,0.8,0.516,0.516,0.334,0.1
456,,0.234,0.384,0.516,0.75,0.466,0.466,0.284,0.05
457,,0.184,0.334,0.466,0.7,0.416,0.416,0.234,0.0
458,,0.134,0.284,0.416,0.65,0.366,0.366,0.184,-0.05
459,8,0.467,0.334,0.183,0.3,0.133,0.416,0.517,0.95
460,8,0.8,0.384,-0.05,-0.05,-0.1,0.466,0.85,1.0
461,5,0.45,0.151,0.0,0.283,0.9,0.799,0.9,0.767
462,5,0.1,-0.082,0.05,0.616,1.0,1.0,0.95,0.534
463,2,0.433,0.918,0.383,0.666,0.767,0.65,0.717,0.584
464,2,0.766,1.0,0.716,0.716,0.534,0.3,0.484,0.634
465,,0.716,0.95,0.666,0.666,0.484,0.25,0.434,0.584
466,,0.666,0.9,0.616,0.616,0.434,0.2,0.384,0.534
467,,0.616,0.85,0.566,0.566,0.384,0.15,0.334,0.484
468,,0.566,0.8,0.516,0.516,0.334,0.1,0.284,0.434
469,,0.516,0.75,0.466,0.466,0.284,0.05,0.234,0.384
470,,0.466,0.7,0.416,0.416,0.234,0.0,0.184,0.334
471,,0.416,0.65,0.366,0.366,0.184,-0.05,0.134,0.284
472,6,0.183,0.3,0.133,0.416,0.517,0.95,0.467,0.334
473,6,-0.05,-0.05,-0.1,0.466,0.85,1.0,0.8,0.384
474,3,0.0,0.283,0.9,0.799,0.9,0.767,0.45,0.151
475,3,0.05,0.616,1.0,1.0,0.95,0.534,0.1,-0.082
476,8,0.383,0.666,0.767,0.65,0.717,0.584,0.433,0.918
477,8,0.716,0.716,0.534,0.3,0.484,0.634,0.766,1.0
478,,0.666,0.666,0.484,0.25,0.434,0.584,0.716,0.95
479,,0.616,0.616,0.434,0.2,0.384,0.534,0.666,0.9
480,,0.566,0.566,0.384,0.15,0.334,0.484,0.616,0.85
481,,0.516,0.516,0.334,0.1,0.284,0.434,0.566,0.8
482,,0.466,0.466,0.284,0.05,0.234,0.384,0.516,0.75
483,,0.416,0.416,0.234,0.0,0.184,0.334,0.466,0.7
484,,0.366,0.366,0.184,-0.05,0.134,0.284,0.416,0.65
485,4,0.133,0.416,0.517,0.95,0.467,0.334,0.183,0.3
486,4,-0.1,0.466,0.85,1.0,0.8,0.384,-0.05,-0.05
487,1,0.9,0.799,0.9,0.767,0.45,0.151,0.0,0.283
488,1,1.0,1.0,0.95,0.534,0.1,-0.082,0.05,0.616
489,6,0.767,0.65,0.717,0.584,0.433,0.918,0.383,0.666
490,6,0.534,0.3,0.484,0.634,0.766,1.0,0.716,0.716
491,,0.484,0.25,0.434,0.584,0.716,0.95,0.666,0.666
492,,0.434,0.2,0.384,0.534,0.666,0.9,0.616,0.616
493,,0.384,0.15,0.334,0.484,0.616,0.85,0.566,0.566
494,,0.334,0.1,0.284,0.434,0.566,0.8,0.516,0.516
495,,0.284,0.05,0.234,0.384,0.516,0.75,0.466,0.466
496,,0.234,0.0,0.184,0.334,0.466,0.7,0.416,0.416
497,,0.184,-0.05,0.134,0.284,0.416,0.65,0.366,0.366
498,2,0.517,0.95,0.467,0.334,0.183,0.3,0.133,0.416
499,2,0.85,1.0,0.8,0.384,-0.05,-0.05,-0.1,0.466
500,7,0.9,0.767,0.45,0.151,0.0,0.283,0.9,0.799
501,7,0.95,0.534,0.1,-0.082,0.05,0.616,1.0,1.0
502,4,0.717,0.584,0.433,0.918,0.383,0.666,0.767,0.65
503,4,0.484,0.634,0.766,1.0,0.716,0.716,0.534,0.3
504,,0.434,0.584,0.716,0.95,0.666,0.666,0.484,0.25
505,,0.384,0.534,0.666,0.9,0.616,0.616,0.434,0.2
506,,0.334,0.484,0.616,0.85,0.566,0.566,0.384,0.15
507,,0.284,0.434,0.566,0.8,0.516,0.516,0.334,0.1
508,,0.234,0.384,0.516,0.75,0.466,0.466,0.284,0.05
509,,0.184,0.334,0.466,0.7,0.416,0.416,0.234,0.0
510,,0.134,0.284,0.416,0.65,0.366,0.366,0.184,-0.05
511,8,0.467,0.334,0.183,0.3,0.133,0.416,0.517,0.95
512,8,0.8,0.384,-0.05,-0.05,-0.1,0.466,0.85,1.0
513,5,0.45,0.151,0.0,0.283,0.9,0.799,0.9,0.767
514,5,0.1,-0.082,0.05,0.616,1.0,1.0,0.95,0.534
515,2,0.433,0.918,0.383,0.666,0.767,0.65,0.717,0.584
516,2,0.766,1.0,0.716,0.716,0.534,0.3,0.484,0.634
517,,0.716,0.95,0.666,0.666,0.484,0.25,0.434,0.584
518,,0.666,0.9,0.616,0.616,0.434,0.2,0.384,0.534
519,,0.616,0.85,0.566,0.566,0.384,0.15,0.334,0.484
520,,0.566,0.8,0.516,0.516,0.334,0.1,0.284,0.434
521,,0.516,0.75,0.466,0.466,0.284,0.05,0.234,0.384
522,,0.466,0.7,0.416,0.416,0.234,0.0,0.184,0.334
523,,0.416,0.65,0.366,0.366,0.184,-0.05,0.134,0.284
524,6,0.183,0.3,0.133,0.416,0.517,0.95,0.467,0.334
525,6,-0.05,-0.05,-0.1,0.466,0.85,1.0,0.8,0.384
526,3,0.0,0.283,0.9,0.799,0.9,0.767,0.45,0.151
527,3,0.05,0.616,1.0,1.0,0.95,0.534,0.1,-0.082
528,8,0.383,0.666,0.767,0.65,0.717,0.584,0.433,0.918
529,8,0.716,0.716,0.534,0.3,0.484,0.634,0.766,1.0
530,,0.666,0.666,0.484,0.25,0.434,0.584,0.716,0.95
531,,0.616,0.616,0.434,0.2,0.384,0.534,0.666,0.9
532,,0.566,0.566,0.384,0.15,0.334,0.484,0.616,0.85
533,,0.516,0.516,0.334,0.1,0.284,0.434,0.566,0.8
534,,0.466,0.466,0.284,0.05,0.234,0.384,0.516,0.75
535,,0.416,0.416,0.234,0.0,0.184,0.334,0.466,0.7
536,,0.366,0.366,0.184,-0.05,0.134,0.284,0.416,0.65
537,4,0.133,0.416,0.517,0.95,0.467,0.334,0.183,0.3
538,4,-0.1,0.466,0.85,1.0,0.8,0.384,-0.05,-0.05
539,1,0.9,0.799,0.9,0.767,0.45,0.151,0.0,0.283
540,1,1.0,1.0,0.95,0.534,0.1,-0.082,0.05,0.616
541,6,0.767,0.65,0.717,0.584,0.433,0.918,0.383,0.666
542,6,0.534,0.3,0.484,0.634,0.766,1.0,0.716,0.716
543,,0.484,0.25,0.434,0.584,0.716,0.95,0.666,0.666
544,,0.434,0.2,0.384,0.534,0.666,0.9,0.616,0.616
545,,0.384,0.15,0.334,0.484,0.616,0.85,0.566,0.566
546,,0.334,0.1,0.284,0.434,0.566,0.8,0.516,0.516
547,,0.284,0.05,0.234,0.384,0.516,0.75,0.466,0.466
548,,0.234,0.0,0.184,0.334,0.466,0.7,0.416,0.416
549,,0.184,-0.05,0.134,0.284,0.416,0.65,0.366,0.366
550,2,0.517,0.95,0.467,0.334,0.183,0.3,0.133,0.416
551,2,0.85,1.0,0.8,0.384,-0.05,-0.05,-0.1,0.466
552,7,0.9,0.767,0.45,0.151,0.0,0.283,0.9,0.799
553,7,0.95,0.534,0.1,-0.082,0.05,0.616,1.0,1.0
554,4,0.717,0.584,0.433,0.918,0.383,0.666,0.767,0.65
555,4,0.484,0.634,0.766,1.0,0.716,0.716,0.534,0.3
556,,0.434,0.584,0.716,0.95,0.666,0.666,0.484,0.25
557,,0.384,0.534,0.666,0.9,0.616,0.616,0.434,0.2
558,,0.334,0.484,0.616,0.85,0.566,0.566,0.384,0.15
559,,0.284,0.434,0.566,0.8,0.516,0.516,0.334,0.1
560,,0.234,0.384,0.516,0.75,0.466,0.466,0.284,0.05
561,,0.184,0.334,0.466,0.7,0.416,0.416,0.234,0.0
562,,0.134,0.284,0.416,0.65,0.366,0.366,0.184,-0.05
563,8,0.467,0.334,0.183,0.3,0.133,0.416,0.517,0.95
564,8,0.8,0.384,-0.05,-0.05,-0.1,0.466,0.85,1.0
565,5,0.45,0.151,0.0,0.283,0.9,0.799,0.9,0.767
566,5,0.1,-0.082,0.05,0.616,1.0,1.0,0.95,0.534
567,2,0.433,0.918,0.383,0.666,0.767,0.65,0.717,0.584
568,2,0.766,1.0,0.716,0.716,0.534,0.3,0.484,0.634
569,,0.716,0.95,0.666,0.666,0.484,0.25,0.434,0.584
570,,0.666,0.9,0.616,0.616,0.434,0.2,0.384,0.534
571,,0.616,0.85,0.566,0.566,0.384,0.15,0.334,0.484
572,,0.566,0.8,0.516,0.516,0.334,0.1,0.284,0.434
573,,0.516,0.75,0.466,0.466,0.284,0.05,0.234,0.384
574,,0.466,0.7,0.416,0.416,0.234,0.0,0.184,0.334
575,,0.416,0.65,0.366,0.366,0.184,-0.05,0.134,0.284
576,6,0.183,0.3,0.133,0.416,0.517,0.95,0.467,0.334
577,6,-0.05,-0.05,-0.1,0.466,0.85,1.0,0.8,0.384
578,3,0.0,0.283,0.9,0.799,0.9,0.767,0.45,0.151
579,3,0.05,0.616,1.0,1.0,0.95,0.534,0.1,-0.082
580,8,0.383,0.666,0.767,0.65,0.717,0.584,0.433,0.918
581,8,0.716,0.716,0.534,0.3,0.484,0.634,0.766,1.0
582,,0.666,0.666,0.484,0.25,0.434,0.584,0.716,0.95
583,,0.616,0.616,0.434,0.2,0.384,0.534,0.666,0.9
584,,0.566,0.566,0.384,0.15,0.334,0.484,0.616,0.85
585,,0.516,0.516,0.334,0.1,0.284,0.434,0.566,0.8
586,,0.466,0.466,0.284,0.05,0.234,0.384,0.516,0.75
587,,0.416,0.416,0.234,0.0,0.184,0.334,0.466,0.7
588,,0.366,0.366,0.184,-0.05,0.134,0.284,0.416,0.65
589,4,0.133,0.416,0.517,0.95,0.467,0.334,0.183,0.3
590,4,-0.1,0.466,0.85,1.0,0.8,0.384,-0.05,-0.05
591,1,0.9,0.799,0.9,0.767,0.45,0.151,0.0,0.283
592,1,1.0,1.0,0.95,0.534,0.1,-0.082,0.05,0.616
593,6,0.767,0.65,0.717,0.584,0.433,0.918,0.383,0.666
594,6,0.534,0.3,0.484,0.634,0.766,1.0,0.716,0.716
595,,0.484,0.25,0.434,0.584,0.716,0.95,0.666,0.666
596,,0.434,0.2,0.384,0.534,0.666,0.9,0.616,0.616
597,,0.384,0.15,0.334,0.484,0.616,0.85,0.566,0.566
598,,0.334,0.1,0.284,0.434,0.566,0.8,0.516,0.516
599,,0.284,0.05,0.234,0.384,0.516,0.75,0.466,0.466
600,,0.234,0.0,0.184,0.334,0.466,0.7,0.416,0.416
601,,0.184,-0.05,0.134,0.284,0.416,0.65,0.366,0.366
602,2,0.517,0.95,0.467,0.334,0.183,0.3,0.133,0.416
603,2,0.85,1.0,0.8,0.384,-0.05,-0.05,-0.1,0.466
604,7,0.9,0.767,0.45,0.151,0.0,0.283,0.9,0.799
605,7,0.95,0.534,0.1,-0.082,0.05,0.616,1.0,1.0
606,4,0.717,0.584,0.433,0.918,0.383,0.666,0.767,0.65
607,4,0.484,0.634,0.766,1.0,0.716,0.716,0.534,0.3
608,,0.434,0.584,0.716,0.95,0.666,0.666,0.484,0.25
609,,0.384,0.534,0.666,0.9,0.616,0.616,0.434,0.2
610,,0.334,0.484,0.616,0.85,0.566,0.566,0.384,0.15
611,,0.284,0.434,0.566,0.8,0.516,0.516,0.334,0.1
612,,0.234,0.384,0.516,0.75,0.466,0.466,0.284,0.05
613,,0.184,0.334,0.466,0.7,0.416,0.416,0.234,0.0
614,,0.134,0.284,0.416,0.65,0.366,0.366,0.184,-0.05
615,8,0.467,0.334,0.183,0.3,0.133,0.416,0.517,0.95
616,8,0.8,0.384,-0.05,-0.05,-0.1,0.466,0.85,1.0
617,5,0.45,0.151,0.0,0.283,0.9,0.799,0.9,0.767
618,5,0.1,-0.082,0.05,0.616,1.0,1.0,0.95,0.534
619,2,0.433,0.918,0.383,0.666,0.767,0.65,0.717,0.584
620,2,0.766,1.0,0.716,0.716,0.534,0.3,0.484,0.634
621,,0.716,0.95,0.666,0.666,0.484,0.25,0.434,0.584
622,,0.666,0.9,0.616,0.616,0.434,0.2,0.384,0.534
623,,0.616,0.85,0.566,0.566,0.384,0.15,0.334,0.484
624,,0.566,0.8,0.516,0.516,0.334,0.1,0.284,0.434
625,,0.516,0.75,0.466,0.466,0.284,0.05,0.234,0.384
626,,0.466,0.7,0.416,0.416,0.234,0.0,0.184,0.334
627,,0.416,0.65,0.366,0.366,0.184,-0.05,0.134,0.284
628,6,0.183,0.3,0.133,0.416,0.517,0.95,0.467,0.334
629,6,-0.05,-0.05,-0.1,0.466,0.85,1.0,0.8,0.384
630,3,0.0,0.283,0.9,0.799,0.9,0.767,0.45,0.151
631,3,0.05,0.616,1.0,1.0,0.95,0.534,0.1,-0.082
632,8,0.383,0.666,0.767,0.65,0.717,0.584,0.433,0.918
633,8,0.716,0.716,0.534,0.3,0.484,0.634,0.766,1.0
634,,0.666,0.666,0.484,0.25,0.434,0.584,0.716,0.95
635,,0.616,0.616,0.434,0.2,0.384,0.534,0.666,0.9
636,,0.566,0.566,0.384,0.15,0.334,0.484,0.616,0.85
637,,0.516,0.516,0.334,0.1,0.284,0.434,0.566,0.8
638,,0.466,0.466,0.284,0.05,0.234,0.384,0.516,0.75
639,,0.416,0.416,0.234,0.0,0.184,0.334,0.466,0.7
640,,0.366,0.366,0.184,-0.05,0.134,0.284,0.416,0.65
641,4,0.133,0.416,0.517,0.95,0.467,0.334,0.183,0.3
642,4,-0.1,0.466,0.85,1.0,0.8,0.384,-0.05,-0.05
643,1,0.9,0.799,0.9,0.767,0.45,0.151,0.0,0.283
644,1,1.0,1.0,0.95,0.534,0.1,-0.082,0.05,0.616
645,6,0.767,0.65,0.717,0.584,0.433,0.918,0.383,0.666
646,6,0.534,0.3,0.484,0.634,0.766,1.0,0.716,0.716
647,,0.484,0.25,0.434,0.584,0.716,0.95,0.666,0.666
648,,0.434,0.2,0.384,0.534,0.666,0.9,0.616,0.616
649,,0.384,0.15,0.334,0.484,0.616,0.85,0.566,0.566
650,,0.334,0.1,0.284,0.434,0.566,0.8,0.516,0.516
651,,0.284,0.05,0.234,0.384,0.516,0.75,0.466,0.466
652,,0.234,0.0,0.184,0.334,0.466,0.7,0.416,0.416
653,,0.184,-0.05,0.134,0.284,0.416,0.65,0.366,0.366
654,2,0.517,0.95,0.467,0.334,0.183,0.3,0.133,0.416
655,2,0.85,1.0,0.8,0.384,-0.05,-0.05,-0.1,0.466
656,7,0.9,0.767,0.45,0.151,0.0,0.283,0.9,0.799
657,7,0.95,0.534,0.1,-0.082,0.05,0.616,1.0,1.0
658,4,0.717,0.584,0.433,0.918,0.383,0.666,0.767,0.65
659,4,0.484,0.634,0.766,1.0,0.716,0.716,0.534,0.3
660,,0.434,0.584,0.716,0.95,0.666,0.666,0.484,0.25
661,,0.384,0.534,0.666,0.9,0.616,0.616,0.434,0.2
662,,0.334,0.484,0.616,0.85,0.566,0.566,0.384,0.15
663,,0.284,0.434,0.566,0.8,0.516,0.516,0.334,0.1
664,,0.234,0.384,0.516,0.75,0.466,0.466,0.284,0.05
665,,0.184,0.334,0.466,0.7,0.416,0.416,0.234,0.0
666,,0.134,0.284,0.416,0.65,0.366,0.366,0.184,-0.05
667,8,0.467,0.334,0.183,0.3,0.133,0.416,0.517,0.95
668,8,0.8,0.384,-0.05,-0.05,-0.1,0.466,0.85,1.0
669,5,0.45,0.151,0.0,0.283,0.9,0.799,0.9,0.767
670,5,0.1,-0.082,0.05,0.616,1.0,1.0,0.95,0.534
671,2,0.433,0.918,0.383,0.666,0.767,0.65,0.717,0.584
672,2,0.766,1.0,0.716,0.716,0.534,0.3,0.484,0.634
673,,0.716,0.95,0.666,0.666,0.484,0.25,0.434,0.584
674,,0.666,0.9,0.616,0.616,0.434,0.2,0.384,0.534
675,,0.616,0.85,0.566,0.566,0.384,0.15,0.334,0.484
676,,0.566,0.8,0.516,0.516,0.334,0.1,0.284,0.434
677,,0.516,0.75,0.466,0.466,0.284,0.05,0.234,0.384
678,,0.466,0.7,0.416,0.416,0.234,0.0,0.184,0.334
679,,0.416,0.65,0.366,0.366,0.184,-0.05,0.134,0.284
680,6,0.183,0.3,0.133,0.416,0.517,0.95,0.467,0.334
681,6,-0.05,-0.05,-0.1,0.466,0.85,1.0,0.8,0.384
682,3,0.0,0.283,0.9,0.799,0.9,0.767,0.45,0.151
683,3,0.05,0.616,1.0,1.0,0.95,0.534,0.1,-0.082
684,8,0.383,0.666,0.767,0.65,0.717,0.584,0.433,0.918
685,8,0.716,0.716,0.534,0.3,0.484,0.634,0.766,1.0
686,,0.666,0.666,0.484,0.25,0.434,0.584,0.716,0.95
687,,0.616,0.616,0.434,0.2,0.384,0.534,0.666,0.9
688,,0.566,0.566,0.384,0.15,0.334,0.484,0.616,0.85
689,,0.516,0.516,0.334,0.1,0.284,0.434,0.566,0.8
690,,0.466,0.466,0.284,0.05,0.234,0.384,0.516,0.75
691,,0.416,0.416,0.234,0.0,0.184,0.334,0.466,0.7
692,,0.366,0.366,0.184,-0.05,0.134,0.284,0.416,0.65
693,4,0.133,0.416,0.517,0.95,0.467,0.334,0.183,0.3
694,4,-0.1,0.466,0.85,1.0,0.8,0.384,-0.05,-0.05
695,1,0.9,0.799,0.9,0.767,0.45,0.151,0.0,0.283
696,1,1.0,1.0,0.95,0.534,0.1,-0.082,0.05,0.616
697,6,0.767,0.65,0.717,0.584,0.433,0.918,0.383,0.666
698,6,0.534,0.3,0.484,0.634,0.766,1.0,0.716,0.716
699,,0.484,0.25,0.434,0.584,0.716,0.95,0.666,0.666
700,,0.434,0.2,0.384,0.534,0.666,0.9,0.616,0.616
701,,0.384,0.15,0.334,0.484,0.616,0.85,0.566,0.566
702,,0.334,0.1,0.284,0.434,0.566,0.8,0.516,0.516
703,,0.284,0.05,0.234,0.384,0.516,0.75,0.466,0.466
704,,0.234,0.0,0.184,0.334,0.466,0.7,0.416,0.416
705,,0.184,-0.05,0.134,0.284,0.416,0.65,0.366,0.366
706,2,0.517,0.95,0.467,0.334,0.183,0.3,0.133,0.416
707,2,0.85,1.0,0.8,0.384,-0.05,-0.05,-0.1,0.466
708,7,0.9,0.767,0.45,0.151,0.0,0.283,0.9,0.799
709,7,0.95,0.534,0.1,-0.082,0.05,0.616,1.0,1.0
710,4,0.717,0.584,0.433,0.918,0.383,0.666,0.767,0.65
711,4,0.484,0.634,0.766,1.0,0.716,0.716,0.534,0.3
712,,0.434,0.584,0.716,0.95,0.666,0.666,0.484,0.25
713,,0.384,0.534,0.666,0.9,0.616,0.616,0.434,0.2
714,,0.334,0.484,0.616,0.85,0.566,0.566,0.384,0.15
715,,0.284,0.434,0.566,0.8,0.516,0.516,0.334,0.1
716,,0.234,0.384,0.516,0.75,0.466,0.466,0.284,0.05
717,,0.184,0.334,0.466,0.7,0.416,0.416,0.234,0.0
718,,0.134,0.284,0.416,0.65,0.366,0.366,0.184,-0.05
719,8,0.467,0.334,0.183,0.3,0.133,0.416,0.517,0.95
720,8,0.8,0.384,-0.05,-0.05,-0.1,0.466,0.85,1.0
721,5,0.45,0.151,0.0,0.283,0.9,0.799,0.9,0.767
722,5,0.1,-0.082,0.05,0.616,1.0,1.0,0.95,0.534
723,2,0.433,0.918,0.383,0.666,0.767,0.65,0.717,0.584
724,2,0.766,1.0,0.716,0.716,0.534,0.3,0.484,0.634
725,,0.716,0.95,0.666,0.666,0.484,0.25,0.434,0.584
726,,0.666,0.9,0.616,0.616,0.434,0.2,0.384,0.534
727,,0.616,0.85,0.566,0.566,0.384,0.15,0.334,0.484
728,,0.566,0.8,0.516,0.516,0.334,0.1,0.284,0.434
729,,0.516,0.75,0.466,0.466,0.284,0.05,0.234,0.384
730,,0.466,0.7,0.416,0.416,0.234,0.0,0.184,0.334
731,,0.416,0.65,0.366,0.366,0.184,-0.05,0.134,0.284
732,6,0.183,0.3,0.133,0.416,0.517,0.95,0.467,0.334
733,6,-0.05,-0.05,-0.1,0.466,0.85,1.0,0.8,0.384
734,3,0.0,0.283,0.9,0.799,0.9,0.767,0.45,0.151
735,3,0.05,0.616,1.0,1.0,0.95,0.534,0.1,-0.082
736,8,0.383,0.666,0.767,0.65,0.717,0.584,0.433,0.918
737,8,0.716,0.716,0.534,0.3,0.484,0.634,0.766,1.0
738,,0.666,0.666,0.484,0.25,0.434,0.584,0.716,0.95
739,,0.616,0.616,0.434,0.2,0.384,0.534,0.666,0.9
740,,0.566,0.566,0.384,0.15,0.334,0.484,0.616,0.85
741,,0.516,0.516,0.334,0.1,0.284,0.434,0.566,0.8
742,,0.466,0.466,0.284,0.05,0.234,0.384,0.516,0.75
743,,0.416,0.416,0.234,0.0,0.184,0.334,0.466,0.7
744,,0.366,0.366,0.184,-0.05,0.134,0.284,0.416,0.65
745,4,0.133,0.416,0.517,0.95,0.467,0.334,0.183,0.3
746,4,-0.1,0.466,0.85,1.0,0.8,0.384,-0.05,-0.05
747,1,0.9,0.799,0.9,0.767,0.45,0.151,0.0,0.283
748,1,1.0,1.0,0.95,0.534,0.1,-0.082,0.05,0.616
749,6,0.767,0.65,0.717,0.584,0.433,0.918,0.383,0.666
750,6,0.534,0.3,0.484,0.634,0.766,1.0,0.716,0.716
751,,0.484,0.25,0.434,0.584,0.716,0.95,0.666,0.666
752,,0.434,0.2,0.384,0.534,0.666,0.9,0.616,0.616
753,,0.384,0.15,0.334,0.484,0.616,0.85,0.566,0.566
754,,0.334,0.1,0.284,0.434,0.566,0.8,0.516,0.516
755,,0.284,0.05,0.234,0.384,0.516,0.75,0.466,0.466
756,,0.234,0.0,0.184,0.334,0.466,0.7,0.416,0.416
757,,0.184,-0.05,0.134,0.284,0.416,0.65,0.366,0.366
758,2,0.517,0.95,0.467,0.334,0.183,0.3,0.133,0.416
759,2,0.85,1.0,0.8,0.384,-0.05,-0.05,-0.1,0.466
760,7,0.9,0.767,0.45,0.151,0.0,0.283,0.9,0.799
761,7,0.95,0.534,0.1,-0.082,0.05,0.616,1.0,1.0
762,4,0.717,0.584,0.433,0.918,0.383,0.666,0.767,0.65
763,4,0.484,0.634,0.766,1.0,0.716,0.716,0.534,0.3
764,,0.434,0.584,0.716,0.95,0.666,0.666,0.484,0.25
765,,0.384,0.534,0.666,0.9,0.616,0.616,0.434,0.2
766,,0.334,0.484,0.616,0.85,0.566,0.566,0.384,0.15
767,,0.284,0.434,0.566,0.8,0.516,0.516,0.334,0.1
768,,0.234,0.384,0.516,0.75,0.466,0.466,0.284,0.05
769,,0.184,0.334,0.466,0.7,0.416,0.416,0.234,0.0
770,,0.134,0.284,0.416,0.65,0.366,0.366,0.184,-0.05
771,8,0.467,0.334,0.183,0.3,0.133,0.416,0.517,0.95
772,8,0.8,0.384,-0.05,-0.05,-0.1,0.466,0.85,1.0
773,5,0.45,0.151,0.0,0.283,0.9,0.799,0.9,0.767
774,5,0.1,-0.082,0.05,0.616,1.0,1.0,0.95,0.534
775,2,0.433,0.918,0.383,0.666,0.767,0.65,0.717,0.584
776,2,0.766,1.0,0.716,0.716,0.534,0.3,0.484,0.634
777,,0.716,0.95,0.666,0.666,0.484,0.25,0.434,0.584
778,,0.666,0.9,0.616,0.616,0.434,0.2,0.384,0.534
779,,0.616,0.85,0.566,0.566,0.384,0.15,0.334,0.484
780,,0.566,0.8,0.516,0.516,0.334,0.1,0.284,0.434
781,,0.516,0.75,0.466,0.466,0.284,0.05,0.234,0.384
782,,0.466,0.7,0.416,0.416,0.234,0.0,0.184,0.334
783,,0.416,0.65,0.366,0.366,0.184,-0.05,0.134,0.284
784,6,0.183,0.3,0.133,0.416,0.517,0.95,0.467,0.334
785,6,-0.05,-0.05,-0.1,0.466,0.85,1.0,0.8,0.384
786,3,0.0,0.283,0.9,0.799,0.9,0.767,0.45,0.151
787,3,0.05,0.616,1.0,1.0,0.95,0.534,0.1,-0.082
788,8,0.383,0.666,0.767,0.65,0.717,0.584,0.433,0.918
789,8,0.716,0.716,0.534,0.3,0.484,0.634,0.766,1.0
790,,0.666,0.666,0.484,0.25,0.434,0.584,0.716,0.95
791,,0.616,0.616,0.434,0.2,0.384,0.534,0.666,0.9
792,,0.566,0.566,0.384,0.15,0.334,0.484,0.616,0.85
793,,0.516,0.516,0.334,0.1,0.284,0.434,0.566,0.8
794,,0.466,0.466,0.284,0.05,0.234,0.384,0.516,0.75
795,,0.416,0.416,0.234,0.0,0.184,0.334,0.466,0.7
796,,0.366,0.366,0.184,-0.05,0.134,0.284,0.416,0.65
797,4,0.133,0.416,0.517,0.95,0.467,0.334,0.183,0.3
798,4,-0.1,0.466,0.85,1.0,0.8,0.384,-0.05,-0.05
799,1,0.9,0.799,0.9,0.767,0.45,0.151,0.0,0.283
800,1,1.0,1.0,0.95,0.534,0.1,-0.082,0.05,0.616
