step,active_motive,motive_1,motive_2,motive_3,motive_4,motive_5,motive_6,motive_7,motive_8
0,,0.00506,0.16081,0.54873,0.6919,0.65196,0.22427,0.71218,0.23725
1,,-0.04494,0.11081,0.49873,0.6419,0.60196,0.17427,0.66218,0.18725
2,1,0.95506,0.44381,0.54873,0.4089,0.25196,-0.05873,0.71218,0.52025
3,1,1.0,0.77681,0.59873,0.1759,-0.09804,-0.29173,0.76218,0.85325
4,6,0.767,0.42681,0.36573,0.2259,0.23496,0.70827,1.0,0.90325
5,6,0.534,0.07681,0.13273,0.2759,0.56796,1.0,1.0,0.95325
6,,0.484,0.02681,0.08273,0.2259,0.51796,0.95,0.95,0.90325
7,,0.434,-0.02319,0.03273,0.1759,0.46796,0.9,0.9,0.85325
8,2,0.767,0.97681,0.36573,0.2259,0.23496,0.55,0.667,0.90325
9,2,1.0,1.0,0.69873,0.2759,0.00196,0.2,0.434,0.95325
10,,0.95,0.95,0.64873,0.2259,-0.04804,0.15,0.384,0.90325
11,5,0.6,0.717,0.69873,0.5589,0.95196,0.483,0.434,0.67025
12,5,0.25,0.484,0.74873,0.8919,1.0,0.816,0.484,0.43725
13,,0.2,0.434,0.69873,0.8419,0.95,0.766,0.434,0.38725
14,,0.15,0.384,0.64873,0.7919,0.9,0.716,0.384,0.33725
15,,0.1,0.334,0.59873,0.7419,0.85,0.666,0.334,0.28725
16,,0.05,0.284,0.54873,0.6919,0.8,0.616,0.284,0.23725
17,,0.0,0.234,0.49873,0.6419,0.75,0.566,0.234,0.18725
18,,-0.05,0.184,0.44873,0.5919,0.7,0.516,0.184,0.13725
19,1,0.95,0.517,0.49873,0.3589,0.35,0.283,0.234,0.47025
20,1,1.0,0.85,0.54873,0.1259,-0.0,0.05,0.284,0.80325
21,,0.95,0.8,0.49873,0.0759,-0.05,0.0,0.234,0.75325
22,5,0.6,0.567,0.54873,0.4089,0.95,0.333,0.284,0.52025
23,5,0.25,0.334,0.59873,0.7419,1.0,0.666,0.334,0.28725
24,,0.2,0.284,0.54873,0.6919,0.95,0.616,0.284,0.23725
25,,0.15,0.234,0.49873,0.6419,0.9,0.566,0.234,0.18725
26,,0.1,0.184,0.44873,0.5919,0.85,0.516,0.184,0.13725
27,,0.05,0.134,0.39873,0.5419,0.8,0.466,0.134,0.08725
28,,0.0,0.084,0.34873,0.4919,0.75,0.416,0.084,0.03725
29,,-0.05,0.034,0.29873,0.4419,0.7,0.366,0.034,-0.01275
30,1,0.95,0.367,0.34873,0.2089,0.35,0.133,0.084,0.32025
31,1,1.0,0.7,0.39873,-0.0241,-0.0,-0.1,0.134,0.65325
32,6,0.767,0.35,0.16573,0.0259,0.333,0.9,0.467,0.70325
33,6,0.534,-0.0,-0.06727,0.0759,0.666,1.0,0.8,0.75325
34,3,0.584,0.333,0.93273,0.4089,0.716,0.767,0.45,0.52025
35,3,0.634,0.666,1.0,0.7419,0.766,0.534,0.1,0.28725
36,,0.584,0.616,0.95,0.6919,0.716,0.484,0.05,0.23725
37,,0.534,0.566,0.9,0.6419,0.666,0.434,0.0,0.18725
38,,0.484,0.516,0.85,0.5919,0.616,0.384,-0.05,0.13725
39,7,0.534,0.283,0.5,0.3589,0.666,0.717,0.95,0.47025
40,7,0.584,0.05,0.15,0.1259,0.716,1.0,1.0,0.80325
41,,0.534,0.0,0.1,0.0759,0.666,0.95,0.95,0.75325
42,,0.484,-0.05,0.05,0.0259,0.616,0.9,0.9,0.70325
43,2,0.817,0.95,0.383,0.0759,0.383,0.55,0.667,0.75325
44,2,1.0,1.0,0.716,0.1259,0.15,0.2,0.434,0.80325
45,,0.95,0.95,0.666,0.0759,0.1,0.15,0.384,0.75325
46,,0.9,0.9,0.616,0.0259,0.05,0.1,0.334,0.70325
47,,0.85,0.85,0.566,-0.0241,0.0,0.05,0.284,0.65325
48,4,0.617,0.9,0.899,0.9759,0.333,0.1,0.051,0.30325
49,4,0.384,0.95,1.0,1.0,0.666,0.15,-0.182,-0.04675
50,7,0.434,0.717,0.65,0.767,0.716,0.483,0.818,0.28625
51,7,0.484,0.484,0.3,0.534,0.766,0.816,1.0,0.61925
52,,0.434,0.434,0.25,0.484,0.716,0.766,0.95,0.56925
53,,0.384,0.384,0.2,0.434,0.666,0.716,0.9,0.51925
54,,0.334,0.334,0.15,0.384,0.616,0.666,0.85,0.46925
55,,0.284,0.284,0.1,0.334,0.566,0.616,0.8,0.41925
56,,0.234,0.234,0.05,0.284,0.516,0.566,0.75,0.36925
57,,0.184,0.184,0.0,0.234,0.466,0.516,0.7,0.31925
58,,0.134,0.134,-0.05,0.184,0.416,0.466,0.65,0.26925
59,3,0.184,0.467,0.95,0.517,0.466,0.233,0.3,0.03625
60,3,0.234,0.8,1.0,0.85,0.516,0.0,-0.05,-0.19675
61,8,0.567,0.85,0.767,0.5,0.283,0.05,0.283,0.80325
62,8,0.9,0.9,0.534,0.15,0.05,0.1,0.616,1.0
63,,0.85,0.85,0.484,0.1,0.0,0.05,0.566,0.95
64,,0.8,0.8,0.434,0.05,-0.05,0.0,0.516,0.9
65,5,0.45,0.567,0.484,0.383,0.95,0.333,0.566,0.667
66,5,0.1,0.334,0.534,0.716,1.0,0.666,0.616,0.434
67,,0.05,0.284,0.484,0.666,0.95,0.616,0.566,0.384
68,,0.0,0.234,0.434,0.616,0.9,0.566,0.516,0.334
69,,-0.05,0.184,0.384,0.566,0.85,0.516,0.466,0.284
70,1,0.95,0.517,0.434,0.333,0.5,0.283,0.516,0.617
71,1,1.0,0.85,0.484,0.1,0.15,0.05,0.566,0.95
72,,0.95,0.8,0.434,0.05,0.1,0.0,0.516,0.9
73,,0.9,0.75,0.384,0.0,0.05,-0.05,0.466,0.85
74,6,0.667,0.4,0.151,0.05,0.383,0.95,0.799,0.9
75,6,0.434,0.05,-0.082,0.1,0.716,1.0,1.0,0.95
76,3,0.484,0.383,0.918,0.433,0.766,0.767,0.65,0.717
77,3,0.534,0.716,1.0,0.766,0.816,0.534,0.3,0.484
78,,0.484,0.666,0.95,0.716,0.766,0.484,0.25,0.434
79,,0.434,0.616,0.9,0.666,0.716,0.434,0.2,0.384
80,,0.384,0.566,0.85,0.616,0.666,0.384,0.15,0.334
81,,0.334,0.516,0.8,0.566,0.616,0.334,0.1,0.284
82,,0.284,0.466,0.75,0.516,0.566,0.284,0.05,0.234
83,,0.234,0.416,0.7,0.466,0.516,0.234,0.0,0.184
84,,0.184,0.366,0.65,0.416,0.466,0.184,-0.05,0.134
85,7,0.234,0.133,0.3,0.183,0.516,0.517,0.95,0.467
86,7,0.284,-0.1,-0.05,-0.05,0.566,0.85,1.0,0.8
87,2,0.617,0.9,0.283,0.0,0.333,0.5,0.767,0.85
88,2,0.95,1.0,0.616,0.05,0.1,0.15,0.534,0.9
89,,0.9,0.95,0.566,0.0,0.05,0.1,0.484,0.85
90,,0.85,0.9,0.516,-0.05,0.0,0.05,0.434,0.8
91,4,0.617,0.95,0.849,0.95,0.333,0.1,0.201,0.45
92,4,0.384,1.0,1.0,1.0,0.666,0.15,-0.032,0.1
93,7,0.434,0.767,0.65,0.767,0.716,0.483,0.968,0.433
94,7,0.484,0.534,0.3,0.534,0.766,0.816,1.0,0.766
95,,0.434,0.484,0.25,0.484,0.716,0.766,0.95,0.716
96,,0.384,0.434,0.2,0.434,0.666,0.716,0.9,0.666
97,,0.334,0.384,0.15,0.384,0.616,0.666,0.85,0.616
98,,0.284,0.334,0.1,0.334,0.566,0.616,0.8,0.566
99,,0.234,0.284,0.05,0.284,0.516,0.566,0.75,0.516
100,,0.184,0.234,0.0,0.234,0.466,0.516,0.7,0.466
101,,0.134,0.184,-0.05,0.184,0.416,0.466,0.65,0.416
102,3,0.184,0.517,0.95,0.517,0.466,0.233,0.3,0.183
103,3,0.234,0.85,1.0,0.85,0.516,0.0,-0.05,-0.05
104,7,0.284,0.617,0.65,0.617,0.566,0.333,0.95,0.283
105,7,0.334,0.384,0.3,0.384,0.616,0.666,1.0,0.616
106,,0.284,0.334,0.25,0.334,0.566,0.616,0.95,0.566
107,,0.234,0.284,0.2,0.284,0.516,0.566,0.9,0.516
108,,0.184,0.234,0.15,0.234,0.466,0.516,0.85,0.466
109,,0.134,0.184,0.1,0.184,0.416,0.466,0.8,0.416
110,,0.084,0.134,0.05,0.134,0.366,0.416,0.75,0.366
111,,0.034,0.084,0.0,0.084,0.316,0.366,0.7,0.316
112,,-0.016,0.034,-0.05,0.034,0.266,0.316,0.65,0.266
113,3,0.034,0.367,0.95,0.367,0.316,0.083,0.3,0.033
114,3,0.084,0.7,1.0,0.7,0.366,-0.15,-0.05,-0.2
115,8,0.417,0.75,0.767,0.35,0.133,-0.1,0.283,0.8
116,8,0.75,0.8,0.534,-0.0,-0.1,-0.05,0.616,1.0
117,5,0.4,0.567,0.584,0.333,0.9,0.283,0.666,0.767
118,5,0.05,0.334,0.634,0.666,1.0,0.616,0.716,0.534
119,,0.0,0.284,0.584,0.616,0.95,0.566,0.666,0.484
120,,-0.05,0.234,0.534,0.566,0.9,0.516,0.616,0.434
121,1,0.95,0.567,0.584,0.333,0.55,0.283,0.666,0.767
122,1,1.0,0.9,0.634,0.1,0.2,0.05,0.716,1.0
123,,0.95,0.85,0.584,0.05,0.15,0.0,0.666,0.95
124,,0.9,0.8,0.534,0.0,0.1,-0.05,0.616,0.9
125,6,0.667,0.45,0.301,0.05,0.433,0.95,0.949,0.95
126,6,0.434,0.1,0.068,0.1,0.766,1.0,1.0,1.0
127,,0.384,0.05,0.018,0.05,0.716,0.95,0.95,0.95
128,,0.334,0.0,-0.032,0.0,0.666,0.9,0.9,0.9
129,3,0.384,0.333,0.968,0.333,0.716,0.667,0.55,0.667
130,3,0.434,0.666,1.0,0.666,0.766,0.434,0.2,0.434
131,,0.384,0.616,0.95,0.616,0.716,0.384,0.15,0.384
132,,0.334,0.566,0.9,0.566,0.666,0.334,0.1,0.334
133,,0.284,0.516,0.85,0.516,0.616,0.284,0.05,0.284
134,,0.234,0.466,0.8,0.466,0.566,0.234,0.0,0.234
135,,0.184,0.416,0.75,0.416,0.516,0.184,-0.05,0.184
136,7,0.234,0.183,0.4,0.183,0.566,0.517,0.95,0.517
137,7,0.284,-0.05,0.05,-0.05,0.616,0.85,1.0,0.85
138,4,0.051,0.0,0.383,0.95,0.949,0.9,0.767,0.5
139,4,-0.182,0.05,0.716,1.0,1.0,0.95,0.534,0.15
140,1,0.818,0.383,0.766,0.767,0.65,0.717,0.584,0.483
141,1,1.0,0.716,0.816,0.534,0.3,0.484,0.634,0.816
142,,0.95,0.666,0.766,0.484,0.25,0.434,0.584,0.766
143,,0.9,0.616,0.716,0.434,0.2,0.384,0.534,0.716
144,,0.85,0.566,0.666,0.384,0.15,0.334,0.484,0.666
145,,0.8,0.516,0.616,0.334,0.1,0.284,0.434,0.616
146,,0.75,0.466,0.566,0.284,0.05,0.234,0.384,0.566
147,,0.7,0.416,0.516,0.234,0.0,0.184,0.334,0.516
148,,0.65,0.366,0.466,0.184,-0.05,0.134,0.284,0.466
149,5,0.3,0.133,0.516,0.517,0.95,0.467,0.334,0.233
150,5,-0.05,-0.1,0.566,0.85,1.0,0.8,0.384,0.0
151,2,0.283,0.9,0.899,0.9,0.767,0.45,0.151,0.05
152,2,0.616,1.0,1.0,0.95,0.534,0.1,-0.082,0.1
153,7,0.666,0.767,0.65,0.717,0.584,0.433,0.918,0.433
154,7,0.716,0.534,0.3,0.484,0.634,0.766,1.0,0.766
155,,0.666,0.484,0.25,0.434,0.584,0.716,0.95,0.716
156,,0.616,0.434,0.2,0.384,0.534,0.666,0.9,0.666
157,,0.566,0.384,0.15,0.334,0.484,0.616,0.85,0.616
158,,0.516,0.334,0.1,0.284,0.434,0.566,0.8,0.566
159,,0.466,0.284,0.05,0.234,0.384,0.516,0.75,0.516
160,,0.416,0.234,0.0,0.184,0.334,0.466,0.7,0.466
161,,0.366,0.184,-0.05,0.134,0.284,0.416,0.65,0.416
162,3,0.416,0.517,0.95,0.467,0.334,0.183,0.3,0.183
163,3,0.466,0.85,1.0,0.8,0.384,-0.05,-0.05,-0.05
164,8,0.799,0.9,0.767,0.45,0.151,0.0,0.283,0.95
165,8,1.0,0.95,0.534,0.1,-0.082,0.05,0.616,1.0
166,5,0.65,0.717,0.584,0.433,0.918,0.383,0.666,0.767
167,5,0.3,0.484,0.634,0.766,1.0,0.716,0.716,0.534
168,,0.25,0.434,0.584,0.716,0.95,0.666,0.666,0.484
169,,0.2,0.384,0.534,0.666,0.9,0.616,0.616,0.434
170,,0.15,0.334,0.484,0.616,0.85,0.566,0.566,0.384
171,,0.1,0.284,0.434,0.566,0.8,0.516,0.516,0.334
172,,0.05,0.234,0.384,0.516,0.75,0.466,0.466,0.284
173,,0.0,0.184,0.334,0.466,0.7,0.416,0.416,0.234
174,,-0.05,0.134,0.284,0.416,0.65,0.366,0.366,0.184
175,1,0.95,0.467,0.334,0.183,0.3,0.133,0.416,0.517
176,1,1.0,0.8,0.384,-0.05,-0.05,-0.1,0.466,0.85
177,6,0.767,0.45,0.151,0.0,0.283,0.9,0.799,0.9
178,6,0.534,0.1,-0.082,0.05,0.616,1.0,1.0,0.95
179,3,0.584,0.433,0.918,0.383,0.666,0.767,0.65,0.717
180,3,0.634,0.766,1.0,0.716,0.716,0.534,0.3,0.484
181,,0.584,0.716,0.95,0.666,0.666,0.484,0.25,0.434
182,,0.534,0.666,0.9,0.616,0.616,0.434,0.2,0.384
183,,0.484,0.616,0.85,0.566,0.566,0.384,0.15,0.334
184,,0.434,0.566,0.8,0.516,0.516,0.334,0.1,0.284
185,,0.384,0.516,0.75,0.466,0.466,0.284,0.05,0.234
186,,0.334,0.466,0.7,0.416,0.416,0.234,0.0,0.184
187,,0.284,0.416,0.65,0.366,0.366,0.184,-0.05,0.134
188,7,0.334,0.183,0.3,0.133,0.416,0.517,0.95,0.467
189,7,0.384,-0.05,-0.05,-0.1,0.466,0.85,1.0,0.8
190,4,0.151,0.0,0.283,0.9,0.799,0.9,0.767,0.45
191,4,-0.082,0.05,0.616,1.0,1.0,0.95,0.534,0.1
192,1,0.918,0.383,0.666,0.767,0.65,0.717,0.584,0.433
193,1,1.0,0.716,0.716,0.534,0.3,0.484,0.634,0.766
194,,0.95,0.666,0.666,0.484,0.25,0.434,0.584,0.716
195,,0.9,0.616,0.616,0.434,0.2,0.384,0.534,0.666
196,,0.85,0.566,0.566,0.384,0.15,0.334,0.484,0.616
197,,0.8,0.516,0.516,0.334,0.1,0.284,0.434,0.566
198,,0.75,0.466,0.466,0.284,0.05,0.234,0.384,0.516
199,,0.7,0.416,0.416,0.234,0.0,0.184,0.334,0.466
200,,0.65,0.366,0.366,0.184,-0.05,0.134,0.284,0.416
201,5,0.3,0.133,0.416,0.517,0.95,0.467,0.334,0.183
202,5,-0.05,-0.1,0.466,0.85,1.0,0.8,0.384,-0.05
203,2,0.283,0.9,0.799,0.9,0.767,0.45,0.151,0.0
204,2,0.616,1.0,1.0,0.95,0.534,0.1,-0.082,0.05
205,7,0.666,0.767,0.65,0.717,0.584,0.433,0.918,0.383
206,7,0.716,0.534,0.3,0.484,0.634,0.766,1.0,0.716
207,,0.666,0.484,0.25,0.434,0.584,0.716,0.95,0.666
208,,0.616,0.434,0.2,0.384,0.534,0.666,0.9,0.616
209,,0.566,0.384,0.15,0.334,0.484,0.616,0.85,0.566
210,,0.516,0.334,0.1,0.284,0.434,0.566,0.8,0.516
211,,0.466,0.284,0.05,0.234,0.384,0.516,0.75,0.466
212,,0.416,0.234,0.0,0.184,0.334,0.466,0.7,0.416
213,,0.366,0.184,-0.05,0.134,0.284,0.416,0.65,0.366
214,3,0.416,0.517,0.95,0.467,0.334,0.183,0.3,0.133
215,3,0.466,0.85,1.0,0.8,0.384,-0.05,-0.05,-0.1
216,8,0.799,0.9,0.767,0.45,0.151,0.0,0.283,0.9
217,8,1.0,0.95,0.534,0.1,-0.082,0.05,0.616,1.0
218,5,0.65,0.717,0.584,0.433,0.918,0.383,0.666,0.767
219,5,0.3,0.484,0.634,0.766,1.0,0.716,0.716,0.534
220,,0.25,0.434,0.584,0.716,0.95,0.666,0.666,0.484
221,,0.2,0.384,0.534,0.666,0.9,0.616,0.616,0.434
222,,0.15,0.334,0.484,0.616,0.85,0.566,0.566,0.384
223,,0.1,0.284,0.434,0.566,0.8,0.516,0.516,0.334
224,,0.05,0.234,0.384,0.516,0.75,0.466,0.466,0.284
225,,0.0,0.184,0.334,0.466,0.7,0.416,0.416,0.234
226,,-0.05,0.134,0.284,0.416,0.65,0.366,0.366,0.184
227,1,0.95,0.467,0.334,0.183,0.3,0.133,0.416,0.517
228,1,1.0,0.8,0.384,-0.05,-0.05,-0.1,0.466,0.85
229,6,0.767,0.45,0.151,0.0,0.283,0.9,0.799,0.9
230,6,0.534,0.1,-0.082,0.05,0.616,1.0,1.0,0.95
231,3,0.584,0.433,0.918,0.383,0.666,0.767,0.65,0.717
232,3,0.634,0.766,1.0,0.716,0.716,0.534,0.3,0.484
233,,0.584,0.716,0.95,0.666,0.666,0.484,0.25,0.434
234,,0.534,0.666,0.9,0.616,0.616,0.434,0.2,0.384
235,,0.484,0.616,0.85,0.566,0.566,0.384,0.15,0.334
236,,0.434,0.566,0.8,0.516,0.516,0.334,0.1,0.284
237,,0.384,0.516,0.75,0.466,0.466,0.284,0.05,0.234
238,,0.334,0.466,0.7,0.416,0.416,0.234,0.0,0.184
239,,0.284,0.416,0.65,0.366,0.366,0.184,-0.05,0.134
240,7,0.334,0.183,0.3,0.133,0.416,0.517,0.95,0.467
241,7,0.384,-0.05,-0.05,-0.1,0.466,0.85,1.0,0.8
242,4,0.151,0.0,0.283,0.9,0.799,0.9,0.767,0.45
243,4,-0.082,0.05,0.616,1.0,1.0,0.95,0.534,0.1
244,1,0.918,0.383,0.666,0.767,0.65,0.717,0.584,0.433
245,1,1.0,0.716,0.716,0.534,0.3,0.484,0.634,0.766
246,,0.95,0.666,0.666,0.484,0.25,0.434,0.584,0.716
247,,0.9,0.616,0.616,0.434,0.2,0.384,0.534,0.666
248,,0.85,0.566,0.566,0.384,0.15,0.334,0.484,0.616
249,,0.8,0.516,0.516,0.334,0.1,0.284,0.434,0.566
250,,0.75,0.466,0.466,0.284,0.05,0.234,0.384,0.516
251,,0.7,0.416,0.416,0.234,0.0,0.184,0.334,0.466
252,,0.65,0.366,0.366,0.184,-0.05,0.134,0.284,0.416
253,5,0.3,0.133,0.416,0.517,0.95,0.467,0.334,0.183
254,5,-0.05,-0.1,0.466,0.85,1.0,0.8,0.384,-0.05
255,2,0.283,0.9,0.799,0.9,0.767,0.45,0.151,0.0
256,2,0.616,1.0,1.0,0.95,0.534,0.1,-0.082,0.05
257,7,0.666,0.767,0.65,0.717,0.584,0.433,0.918,0.383
258,7,0.716,0.534,0.3,0.484,0.634,0.766,1.0,0.716
259,,0.666,0.484,0.25,0.434,0.584,0.716,0.95,0.666
260,,0.616,0.434,0.2,0.384,0.534,0.666,0.9,0.616
261,,0.566,0.384,0.15,0.334,0.484,0.616,0.85,0.566
262,,0.516,0.334,0.1,0.284,0.434,0.566,0.8,0.516
263,,0.466,0.284,0.05,0.234,0.384,0.516,0.75,0.466
264,,0.416,0.234,0.0,0.184,0.334,0.466,0.7,0.416
265,,0.366,0.184,-0.05,0.134,0.284,0.416,0.65,0.366
266,3,0.416,0.517,0.95,0.467,0.334,0.183,0.3,0.133
267,3,0.466,0.85,1.0,0.8,0.384,-0.05,-0.05,-0.1
268,8,0.799,0.9,0.767,0.45,0.151,0.0,0.283,0.9
269,8,1.0,0.95,0.534,0.1,-0.082,0.05,0.616,1.0
270,5,0.65,0.717,0.584,0.433,0.918,0.383,0.666,0.767
271,5,0.3,0.484,0.634,0.766,1.0,0.716,0.716,0.534
272,,0.25,0.434,0.584,0.716,0.95,0.666,0.666,0.484
273,,0.2,0.384,0.534,0.666,0.9,0.616,0.616,0.434
274,,0.15,0.334,0.484,0.616,0.85,0.566,0.566,0.384
275,,0.1,0.284,0.434,0.566,0.8,0.516,0.516,0.334
276,,0.05,0.234,0.384,0.516,0.75,0.466,0.466,0.284
277,,0.0,0.184,0.334,0.466,0.7,0.416,0.416,0.234
278,,-0.05,0.134,0.284,0.416,0.65,0.366,0.366,0.184
279,1,0.95,0.467,0.334,0.183,0.3,0.133,0.416,0.517
280,1,1.0,0.8,0.384,-0.05,-0.05,-0.1,0.466,0.85
281,6,0.767,0.45,0.151,0.0,0.283,0.9,0.799,0.9
282,6,0.534,0.1,-0.082,0.05,0.616,1.0,1.0,0.95
283,3,0.584,0.433,0.918,0.383,0.666,0.767,0.65,0.717
284,3,0.634,0.766,1.0,0.716,0.716,0.534,0.3,0.484
285,,0.584,0.716,0.95,0.666,0.666,0.484,0.25,0.434
286,,0.534,0.666,0.9,0.616,0.616,0.434,0.2,0.384
287,,0.484,0.616,0.85,0.566,0.566,0.384,0.15,0.334
288,,0.434,0.566,0.8,0.516,0.516,0.334,0.1,0.284
289,,0.384,0.516,0.75,0.466,0.466,0.284,0.05,0.234
290,,0.334,0.466,0.7,0.416,0.416,0.234,0.0,0.184
291,,0.284,0.416,0.65,0.366,0.366,0.184,-0.05,0.134
292,7,0.334,0.183,0.3,0.133,0.416,0.517,0.95,0.467
293,7,0.384,-0.05,-0.05,-0.1,0.466,0.85,1.0,0.8
294,4,0.151,0.0,0.283,0.9,0.799,0.9,0.767,0.45
295,4,-0.082,0.05,0.616,1.0,1.0,0.95,0.534,0.1
296,1,0.918,0.383,0.666,0.767,0.65,0.717,0.584,0.433
297,1,1.0,0.716,0.716,0.534,0.3,0.484,0.634,0.766
298,,0.95,0.666,0.666,0.484,0.25,0.434,0.584,0.716
299,,0.9,0.616,0.616,0.434,0.2,0.384,0.534,0.666
300,,0.85,0.566,0.566,0.384,0.15,0.334,0.484,0.616
301,,0.8,0.516,0.516,0.334,0.1,0.284,0.434,0.566
302,,0.75,0.466,0.466,0.284,0.05,0.234,0.384,0.516
303,,0.7,0.416,0.416,0.234,0.0,0.184,0.334,0.466
304,,0.65,0.366,0.366,0.184,-0.05,0.134,0.284,0.416
305,5,0.3,0.133,0.416,0.517,0.95,0.467,0.334,0.183
306,5,-0.05,-0.1,0.466,0.85,1.0,0.8,0.384,-0.05
307,2,0.283,0.9,0.799,0.9,0.767,0.45,0.151,0.0
308,2,0.616,1.0,1.0,0.95,0.534,0.1,-0.082,0.05
309,7,0.666,0.767,0.65,0.717,0.584,0.433,0.918,0.383
310,7,0.716,0.534,0.3,0.484,0.634,0.766,1.0,0.716
311,,0.666,0.484,0.25,0.434,0.584,0.716,0.95,0.666
312,,0.616,0.434,0.2,0.384,0.534,0.666,0.9,0.616
313,,0.566,0.384,0.15,0.334,0.484,0.616,0.85,0.566
314,,0.516,0.334,0.1,0.284,0.434,0.566,0.8,0.516
315,,0.466,0.284,0.05,0.234,0.384,0.516,0.75,0.466
316,,0.416,0.234,0.0,0.184,0.334,0.466,0.7,0.416
317,,0.366,0.184,-0.05,0.134,0.284,0.416,0.65,0.366
318,3,0.416,0.517,0.95,0.467,0.334,0.183,0.3,0.133
319,3,0.466,0.85,1.0,0.8,0.384,-0.05,-0.05,-0.1
320,8,0.799,0.9,0.767,0.45,0.151,0.0,0.283,0.9
321,8,1.0,0.95,0.534,0.1,-0.082,0.05,0.616,1.0
322,5,0.65,0.717,0.584,0.433,0.918,0.383,0.666,0.767
323,5,0.3,0.484,0.634,0.766,1.0,0.716,0.716,0.534
324,,0.25,0.434,0.584,0.716,0.95,0.666,0.666,0.484
325,,0.2,0.384,0.534,0.666,0.9,0.616,0.616,0.434
326,,0.15,0.334,0.484,0.616,0.85,0.566,0.566,0.384
327,,0.1,0.284,0.434,0.566,0.8,0.516,0.516,0.334
328,,0.05,0.234,0.384,0.516,0.75,0.466,0.466,0.284
329,,0.0,0.184,0.334,0.466,0.7,0.416,0.416,0.234
330,,-0.05,0.134,0.284,0.416,0.65,0.366,0.366,0.184
331,1,0.95,0.467,0.334,0.183,0.3,0.133,0.416,0.517
332,1,1.0,0.8,0.384,-0.05,-0.05,-0.1,0.466,0.85
333,6,0.767,0.45,0.151,0.0,0.283,0.9,0.799,0.9
334,6,0.534,0.1,-0.082,0.05,0.616,1.0,1.0,0.95
335,3,0.584,0.433,0.918,0.383,0.666,0.767,0.65,0.717
336,3,0.634,0.766,1.0,0.716,0.716,0.534,0.3,0.484
337,,0.584,0.716,0.95,0.666,0.666,0.484,0.25,0.434
338,,0.534,0.666,0.9,0.616,0.616,0.434,0.2,0.384
339,,0.484,0.616,0.85,0.566,0.566,0.384,0.15,0.334
340,,0.434,0.566,0.8,0.516,0.516,0.334,0.1,0.284
341,,0.384,0.516,0.75,0.466,0.466,0.284,0.05,0.234
342,,0.334,0.466,0.7,0.416,0.416,0.234,0.0,0.184
343,,0.284,0.416,0.65,0.366,0.366,0.184,-0.05,0.134
344,7,0.334,0.183,0.3,0.133,0.416,0.517,0.95,0.467
345,7,0.384,-0.05,-0.05,-0.1,0.466,0.85,1.0,0.8
346,4,0.151,0.0,0.283,0.9,0.799,0.9,0.767,0.45
347,4,-0.082,0.05,0.616,1.0,1.0,0.95,0.534,0.1
348,1,0.918,0.383,0.666,0.767,0.65,0.717,0.584,0.433
349,1,1.0,0.716,0.716,0.534,0.3,0.484,0.634,0.766
350,,0.95,0.666,0.666,0.484,0.25,0.434,0.584,0.716
351,,0.9,0.616,0.616,0.434,0.2,0.384,0.534,0.666
352,,0.85,0.566,0.566,0.384,0.15,0.334,0.484,0.616
353,,0.8,0.516,0.516,0.334,0.1,0.284,0.434,0.566
354,,0.75,0.466,0.466,0.284,0.05,0.234,0.384,0.516
355,,0.7,0.416,0.416,0.234,0.0,0.184,0.334,0.466
356,,0.65,0.366,0.366,0.184,-0.05,0.134,0.284,0.416
357,5,0.3,0.133,0.416,0.517,0.95,0.467,0.334,0.183
358,5,-0.05,-0.1,0.466,0.85,1.0,0.8,0.384,-0.05
359,2,0.283,0.9,0.799,0.9,0.767,0.45,0.151,0.0
360,2,0.616,1.0,1.0,0.95,0.534,0.1,-0.082,0.05
361,7,0.666,0.767,0.65,0.717,0.584,0.433,0.918,0.383
362,7,0.716,0.534,0.3,0.484,0.634,0.766,1.0,0.716
363,,0.666,0.484,0.25,0.434,0.584,0.716,0.95,0.666
364,,0.616,0.434,0.2,0.384,0.534,0.666,0.9,0.616
365,,0.566,0.384,0.15,0.334,0.484,0.616,0.85,0.566
366,,0.516,0.334,0.1,0.284,0.434,0.566,0.8,0.516
367,,0.466,0.284,0.05,0.234,0.384,0.516,0.75,0.466
368,,0.416,0.234,0.0,0.184,0.334,0.466,0.7,0.416
369,,0.366,0.184,-0.05,0.134,0.284,0.416,0.65,0.366
370,3,0.416,0.517,0.95,0.467,0.334,0.183,0.3,0.133
371,3,0.466,0.85,1.0,0.8,0.384,-0.05,-0.05,-0.1
372,8,0.799,0.9,0.767,0.45,0.151,0.0,0.283,0.9
373,8,1.0,0.95,0.534,0.1,-0.082,0.05,0.616,1.0
374,5,0.65,0.717,0.584,0.433,0.918,0.383,0.666,0.767
375,5,0.3,0.484,0.634,0.766,1.0,0.716,0.716,0.534
376,,0.25,0.434,0.584,0.716,0.95,0.666,0.666,0.484
377,,0.2,0.384,0.534,0.666,0.9,0.616,0.616,0.434
378,,0.15,0.334,0.484,0.616,0.85,0.566,0.566,0.384
379,,0.1,0.284,0.434,0.566,0.8,0.516,0.516,0.334
380,,0.05,0.234,0.384,0.516,0.75,0.466,0.466,0.284
381,,0.0,0.184,0.334,0.466,0.7,0.416,0.416,0.234
382,,-0.05,0.134,0.284,0.416,0.65,0.366,0.366,0.184
383,1,0.95,0.467,0.334,0.183,0.3,0.133,0.416,0.517
384,1,1.0,0.8,0.384,-0.05,-0.05,-0.1,0.466,0.85
385,6,0.767,0.45,0.151,0.0,0.283,0.9,0.799,0.9
386,6,0.534,0.1,-0.082,0.05,0.616,1.0,1.0,0.95
387,3,0.584,0.433,0.918,0.383,0.666,0.767,0.65,0.717
388,3,0.634,0.766,1.0,0.716,0.716,0.534,0.3,0.484
389,,0.584,0.716,0.95,0.666,0.666,0.484,0.25,0.434
390,,0.534,0.666,0.9,0.616,0.616,0.434,0.2,0.384
391,,0.484,0.616,0.85,0.566,0.566,0.384,0.15,0.334
392,,0.434,0.566,0.8,0.516,0.516,0.334,0.1,0.284
393,,0.384,0.516,0.75,0.466,0.466,0.284,0.05,0.234
394,,0.334,0.466,0.7,0.416,0.416,0.234,0.0,0.184
395,,0.284,0.416,0.65,0.366,0.366,0.184,-0.05,0.134
396,7,0.334,0.183,0.3,0.133,0.416,0.517,0.95,0.467
397,7,0.384,-0.05,-0.05,-0.1,0.466,0.85,1.0,0.8
398,4,0.151,0.0,0.283,0.9,0.799,0.9,0.767,0.45
399,4,-0.082,0.05,0.616,1.0,1.0,0.95,0.534,0.1
400,1,0.918,0.383,0.666,0.767,0.65,0.717,0.584,0.433
401,1,1.0,0.716,0.716,0.534,0.3,0.484,0.634,0.766
402,,0.95,0.666,0.666,0.484,0.25,0.434,0.584,0.716
403,,0.9,0.616,0.616,0.434,0.2,0.384,0.534,0.666
404,,0.85,0.566,0.566,0.384,0.15,0.334,0.484,0.616
405,,0.8,0.516,0.516,0.334,0.1,0.284,0.434,0.566
406,,0.75,0.466,0.466,0.284,0.05,0.234,0.384,0.516
407,,0.7,0.416,0.416,0.234,0.0,0.184,0.334,0.466
408,,0.65,0.366,0.366,0.184,-0.05,0.134,0.284,0.416
409,5,0.3,0.133,0.416,0.517,0.95,0.467,0.334,0.183
410,5,-0.05,-0.1,0.466,0.85,1.0,0.8,0.384,-0.05
411,2,0.283,0.9,0.799,0.9,0.767,0.45,0.151,0.0
412,2,0.616,1.0,1.0,0.95,0.534,0.1,-0.082,0.05
413,7,0.666,0.767,0.65,0.717,0.584,0.433,0.918,0.383
414,7,0.716,0.534,0.3,0.484,0.634,0.766,1.0,0.716
415,,0.666,0.484,0.25,0.434,0.584,0.716,0.95,0.666
416,,0.616,0.434,0.2,0.384,0.534,0.666,0.9,0.616
417,,0.566,0.384,0.15,0.334,0.484,0.616,0.85,0.566
418,,0.516,0.334,0.1,0.284,0.434,0.566,0.8,0.516
419,,0.466,0.284,0.05,0.234,0.384,0.516,0.75,0.466
420,,0.416,0.234,0.0,0.184,0.334,0.466,0.7,0.416
421,,0.366,0.184,-0.05,0.134,0.284,0.416,0.65,0.366
422,3,0.416,0.517,0.95,0.467,0.334,0.183,0.3,0.133
423,3,0.466,0.85,1.0,0.8,0.384,-0.05,-0.05,-0.1
424,8,0.799,0.9,0.767,0.45,0.151,0.0,0.283,0.9
425,8,1.0,0.95,0.534,0.1,-0.082,0.05,0.616,1.0
426,5,0.65,0.717,0.584,0.433,0.918,0.383,0.666,0.767
427,5,0.3,0.484,0.634,0.766,1.0,0.716,0.716,0.534
428,,0.25,0.434,0.584,0.716,0.95,0.666,0.666,0.484
429,,0.2,0.384,0.534,0.666,0.9,0.616,0.616,0.434
430,,0.15,0.334,0.484,0.616,0.85,0.566,0.566,0.384
431,,0.1,0.284,0.434,0.566,0.8,0.516,0.516,0.334
432,,0.05,0.234,0.384,0.516,0.75,0.466,0.466,0.284
433,,0.0,0.184,0.334,0.466,0.7,0.416,0.416,0.234
434,,-0.05,0.134,0.284,0.416,0.65,0.366,0.366,0.184
435,1,0.95,0.467,0.334,0.183,0.3,0.133,0.416,0.517
436,1,1.0,0.8,0.384,-0.05,-0.05,-0.1,0.466,0.85
437,6,0.767,0.45,0.151,0.0,0.283,0.9,0.799,0.9
438,6,0.534,0.1,-0.082,0.05,0.616,1.0,1.0,0.95
439,3,0.584,0.433,0.918,0.383,0.666,0.767,0.65,0.717
440,3,0.634,0.766,1.0,0.716,0.716,0.534,0.3,0.484
441,,0.584,0.716,0.95,0.666,0.666,0.484,0.25,0.434
442,,0.534,0.666,0.9,0.616,0.616,0.434,0.2,0.384
443,,0.484,0.616,0.85,0.566,0.566,0.384,0.15,0.334
444,,0.434,0.566,0.8,0.516,0.516,0.334,0.1,0.284
445,,0.384,0.516,0.75,0.466,0.466,0.284,0.05,0.234
446,,0.334,0.466,0.7,0.416,0.416,0.234,0.0,0.184
447,,0.284,0.416,0.65,0.366,0.366,0.184,-0.05,0.134
448,7,0.334,0.183,0.3,0.133,0.416,0.517,0.95,0.467
449,7,0.384,-0.05,-0.05,-0.1,0.466,0.85,1.0,0.8
450,4,0.151,0.0,0.283,0.9,0.799,0.9,0.767,0.45
451,4,-0.082,0.05,0.616,1.0,1.0,0.95,0.534,0.1
452,1,0.918,0.383,0.666,0.767,0.65,0.717,0.584,0.433
453,1,1.0,0.716,0.716,0.534,0.3,0.484,0.634,0.766
454,,0.95,0.666,0.666,0.484,0.25,0.434,0.584,0.716
455,,0.9,0.616,0.616,0.434,0.2,0.384,0.534,0.666
456,,0.85,0.566,0.566,0.384,0.15,0.334,0.484,0.616
457,,0.8,0.516,0.516,0.334,0.1,0.284,0.434,0.566
458,,0.75,0.466,0.466,0.284,0.05,0.234,0.384,0.516
459,,0.7,0.416,0.416,0.234,0.0,0.184,0.334,0.466
460,,0.65,0.366,0.366,0.184,-0.05,0.134,0.284,0.416
461,5,0.3,0.133,0.416,0.517,0.95,0.467,0.334,0.183
462,5,-0.05,-0.1,0.466,0.85,1.0,0.8,0.384,-0.05
463,2,0.283,0.9,0.799,0.9,0.767,0.45,0.151,0.0
464,2,0.616,1.0,1.0,0.95,0.534,0.1,-0.082,0.05
465,7,0.666,0.767,0.65,0.717,0.584,0.433,0.918,0.383
466,7,0.716,0.534,0.3,0.484,0.634,0.766,1.0,0.716
467,,0.666,0.484,0.25,0.434,0.584,0.716,0.95,0.666
468,,0.616,0.434,0.2,0.384,0.534,0.666,0.9,0.616
469,,0.566,0.384,0.15,0.334,0.484,0.616,0.85,0.566
470,,0.516,0.334,0.1,0.284,0.434,0.566,0.8,0.516
471,,0.466,0.284,0.05,0.234,0.384,0.516,0.75,0.466
472,,0.416,0.234,0.0,0.184,0.334,0.466,0.7,0.416
473,,0.366,0.184,-0.05,0.134,0.284,0.416,0.65,0.366
474,3,0.416,0.517,0.95,0.467,0.334,0.183,0.3,0.133
475,3,0.466,0.85,1.0,0.8,0.384,-0.05,-0.05,-0.1
476,8,0.799,0.9,0.767,0.45,0.151,0.0,0.283,0.9
477,8,1.0,0.95,0.534,0.1,-0.082,0.05,0.616,1.0
478,5,0.65,0.717,0.584,0.433,0.918,0.383,0.666,0.767
479,5,0.3,0.484,0.634,0.766,1.0,0.716,0.716,0.534
480,,0.25,0.434,0.584,0.716,0.95,0.666,0.666,0.484
481,,0.2,0.384,0.534,0.666,0.9,0.616,0.616,0.434
482,,0.15,0.334,0.484,0.616,0.85,0.566,0.566,0.384
483,,0.1,0.284,0.434,0.566,0.8,0.516,0.516,0.334
484,,0.05,0.234,0.384,0.516,0.75,0.466,0.466,0.284
485,,0.0,0.184,0.334,0.466,0.7,0.416,0.416,0.234
486,,-0.05,0.134,0.284,0.416,0.65,0.366,0.366,0.184
487,1,0.95,0.467,0.334,0.183,0.3,0.133,0.416,0.517
488,1,1.0,0.8,0.384,-0.05,-0.05,-0.1,0.466,0.85
489,6,0.767,0.45,0.151,0.0,0.283,0.9,0.799,0.9
490,6,0.534,0.1,-0.082,0.05,0.616,1.0,1.0,0.95
491,3,0.584,0.433,0.918,0.383,0.666,0.767,0.65,0.717
492,3,0.634,0.766,1.0,0.716,0.716,0.534,0.3,0.484
493,,0.584,0.716,0.95,0.666,0.666,0.484,0.25,0.434
494,,0.534,0.666,0.9,0.616,0.616,0.434,0.2,0.384
495,,0.484,0.616,0.85,0.566,0.566,0.384,0.15,0.334
496,,0.434,0.566,0.8,0.516,0.516,0.334,0.1,0.284
497,,0.384,0.516,0.75,0.466,0.466,0.284,0.05,0.234
498,,0.334,0.466,0.7,0.416,0.416,0.234,0.0,0.184
499,,0.284,0.416,0.65,0.366,0.366,0.184,-0.05,0.134
500,7,0.334,0.183,0.3,0.133,0.416,0.517,0.95,0.467
501,7,0.384,-0.05,-0.05,-0.1,0.466,0.85,1.0,0.8
502,4,0.151,0.0,0.283,0.9,0.799,0.9,0.767,0.45
503,4,-0.082,0.05,0.616,1.0,1.0,0.95,0.534,0.1
504,1,0.918,0.383,0.666,0.767,0.65,0.717,0.584,0.433
505,1,1.0,0.716,0.716,0.534,0.3,0.484,0.634,0.766
506,,0.95,0.666,0.666,0.484,0.25,0.434,0.584,0.716
507,,0.9,0.616,0.616,0.434,0.2,0.384,0.534,0.666
508,,0.85,0.566,0.566,0.384,0.15,0.334,0.484,0.616
509,,0.8,0.516,0.516,0.334,0.1,0.284,0.434,0.566
510,,0.75,0.466,0.466,0.284,0.05,0.234,0.384,0.516
511,,0.7,0.416,0.416,0.234,0.0,0.184,0.334,0.466
512,,0.65,0.366,0.366,0.184,-0.05,0.134,0.284,0.416
513,5,0.3,0.133,0.416,0.517,0.95,0.467,0.334,0.183
514,5,-0.05,-0.1,0.466,0.85,1.0,0.8,0.384,-0.05
515,2,0.283,0.9,0.799,0.9,0.767,0.45,0.151,0.0
516,2,0.616,1.0,1.0,0.95,0.534,0.1,-0.082,0.05
517,7,0.666,0.767,0.65,0.717,0.584,0.433,0.918,0.383
518,7,0.716,0.534,0.3,0.484,0.634,0.766,1.0,0.716
519,,0.666,0.484,0.25,0.434,0.584,0.716,0.95,0.666
520,,0.616,0.434,0.2,0.384,0.534,0.666,0.9,0.616
521,,0.566,0.384,0.15,0.334,0.484,0.616,0.85,0.566
522,,0.516,0.334,0.1,0.284,0.434,0.566,0.8,0.516
523,,0.466,0.284,0.05,0.234,0.384,0.516,0.75,0.466
524,,0.416,0.234,0.0,0.184,0.334,0.466,0.7,0.416
525,,0.366,0.184,-0.05,0.134,0.284,0.416,0.65,0.366
526,3,0.416,0.517,0.95,0.467,0.334,0.183,0.3,0.133
527,3,0.466,0.85,1.0,0.8,0.384,-0.05,-0.05,-0.1
528,8,0.799,0.9,0.767,0.45,0.151,0.0,0.283,0.9
529,8,1.0,0.95,0.534,0.1,-0.082,0.05,0.616,1.0
530,5,0.65,0.717,0.584,0.433,0.918,0.383,0.666,0.767
531,5,0.3,0.484,0.634,0.766,1.0,0.716,0.716,0.534
532,,0.25,0.434,0.584,0.716,0.95,0.666,0.666,0.484
533,,0.2,0.384,0.534,0.666,0.9,0.616,0.616,0.434
534,,0.15,0.334,0.484,0.616,0.85,0.566,0.566,0.384
535,,0.1,0.284,0.434,0.566,0.8,0.516,0.516,0.334
536,,0.05,0.234,0.384,0.516,0.75,0.466,0.466,0.284
537,,0.0,0.184,0.334,0.466,0.7,0.416,0.416,0.234
538,,-0.05,0.134,0.284,0.416,0.65,0.366,0.366,0.184
539,1,0.95,0.467,0.334,0.183,0.3,0.133,0.416,0.517
540,1,1.0,0.8,0.384,-0.05,-0.05,-0.1,0.466,0.85
541,6,0.767,0.45,0.151,0.0,0.283,0.9,0.799,0.9
542,6,0.534,0.1,-0.082,0.05,0.616,1.0,1.0,0.95
543,3,0.584,0.433,0.918,0.383,0.666,0.767,0.65,0.717
544,3,0.634,0.766,1.0,0.716,0.716,0.534,0.3,0.484
545,,0.584,0.716,0.95,0.666,0.666,0.484,0.25,0.434
546,,0.534,0.666,0.9,0.616,0.616,0.434,0.2,0.384
547,,0.484,0.616,0.85,0.566,0.566,0.384,0.15,0.334
548,,0.434,0.566,0.8,0.516,0.516,0.334,0.1,0.284
549,,0.384,0.516,0.75,0.466,0.466,0.284,0.05,0.234
550,,0.334,0.466,0.7,0.416,0.416,0.234,0.0,0.184
551,,0.284,0.416,0.65,0.366,0.366,0.184,-0.05,0.134
552,7,0.334,0.183,0.3,0.133,0.416,0.517,0.95,0.467
553,7,0.384,-0.05,-0.05,-0.1,0.466,0.85,1.0,0.8
554,4,0.151,0.0,0.283,0.9,0.799,0.9,0.767,0.45
555,4,-0.082,0.05,0.616,1.0,1.0,0.95,0.534,0.1
556,1,0.918,0.383,0.666,0.767,0.65,0.717,0.584,0.433
557,1,1.0,0.716,0.716,0.534,0.3,0.484,0.634,0.766
558,,0.95,0.666,0.666,0.484,0.25,0.434,0.584,0.716
559,,0.9,0.616,0.616,0.434,0.2,0.384,0.534,0.666
560,,0.85,0.566,0.566,0.384,0.15,0.334,0.484,0.616
561,,0.8,0.516,0.516,0.334,0.1,0.284,0.434,0.566
562,,0.75,0.466,0.466,0.284,0.05,0.234,0.384,0.516
563,,0.7,0.416,0.416,0.234,0.0,0.184,0.334,0.466
564,,0.65,0.366,0.366,0.184,-0.05,0.134,0.284,0.416
565,5,0.3,0.133,0.416,0.517,0.95,0.467,0.334,0.183
566,5,-0.05,-0.1,0.466,0.85,1.0,0.8,0.384,-0.05
567,2,0.283,0.9,0.799,0.9,0.767,0.45,0.151,0.0
568,2,0.616,1.0,1.0,0.95,0.534,0.1,-0.082,0.05
569,7,0.666,0.767,0.65,0.717,0.584,0.433,0.918,0.383
570,7,0.716,0.534,0.3,0.484,0.634,0.766,1.0,0.716
571,,0.666,0.484,0.25,0.434,0.584,0.716,0.95,0.666
572,,0.616,0.434,0.2,0.384,0.534,0.666,0.9,0.616
573,,0.566,0.384,0.15,0.334,0.484,0.616,0.85,0.566
574,,0.516,0.334,0.1,0.284,0.434,0.566,0.8,0.516
575,,0.466,0.284,0.05,0.234,0.384,0.516,0.75,0.466
576,,0.416,0.234,0.0,0.184,0.334,0.466,0.7,0.416
577,,0.366,0.184,-0.05,0.134,0.284,0.416,0.65,0.366
578,3,0.416,0.517,0.95,0.467,0.334,0.183,0.3,0.133
579,3,0.466,0.85,1.0,0.8,0.384,-0.05,-0.05,-0.1
580,8,0.799,0.9,0.767,0.45,0.151,0.0,0.283,0.9
581,8,1.0,0.95,0.534,0.1,-0.082,0.05,0.616,1.0
582,5,0.65,0.717,0.584,0.433,0.918,0.383,0.666,0.767
583,5,0.3,0.484,0.634,0.766,1.0,0.716,0.716,0.534
584,,0.25,0.434,0.584,0.716,0.95,0.666,0.666,0.484
585,,0.2,0.384,0.534,0.666,0.9,0.616,0.616,0.434
586,,0.15,0.334,0.484,0.616,0.85,0.566,0.566,0.384
587,,0.1,0.284,0.434,0.566,0.8,0.516,0.516,0.334
588,,0.05,0.234,0.384,0.516,0.75,0.466,0.466,0.284
589,,0.0,0.184,0.334,0.466,0.7,0.416,0.416,0.234
590,,-0.05,0.134,0.284,0.416,0.65,0.366,0.366,0.184
591,1,0.95,0.467,0.334,0.183,0.3,0.133,0.416,0.517
592,1,1.0,0.8,0.384,-0.05,-0.05,-0.1,0.466,0.85
593,6,0.767,0.45,0.151,0.0,0.283,0.9,0.799,0.9
594,6,0.534,0.1,-0.082,0.05,0.616,1.0,1.0,0.95
595,3,0.584,0.433,0.918,0.383,0.666,0.767,0.65,0.717
596,3,0.634,0.766,1.0,0.716,0.716,0.534,0.3,0.484
597,,0.584,0.716,0.95,0.666,0.666,0.484,0.25,0.434
598,,0.534,0.666,0.9,0.616,0.616,0.434,0.2,0.384
599,,0.484,0.616,0.85,0.566,0.566,0.384,0.15,0.334
600,,0.434,0.566,0.8,0.516,0.516,0.334,0.1,0.284
601,,0.384,0.516,0.75,0.466,0.466,0.284,0.05,0.234
602,,0.334,0.466,0.7,0.416,0.416,0.234,0.0,0.184
603,,0.284,0.416,0.65,0.366,0.366,0.184,-0.05,0.134
604,7,0.334,0.183,0.3,0.133,0.416,0.517,0.95,0.467
605,7,0.384,-0.05,-0.05,-0.1,0.466,0.85,1.0,0.8
606,4,0.151,0.0,0.283,0.9,0.799,0.9,0.767,0.45
607,4,-0.082,0.05,0.616,1.0,1.0,0.95,0.534,0.1
608,1,0.918,0.383,0.666,0.767,0.65,0.717,0.584,0.433
609,1,1.0,0.716,0.716,0.534,0.3,0.484,0.634,0.766
610,,0.95,0.666,0.666,0.484,0.25,0.434,0.584,0.716
611,,0.9,0.616,0.616,0.434,0.2,0.384,0.534,0.666
612,,0.85,0.566,0.566,0.384,0.15,0.334,0.484,0.616
613,,0.8,0.516,0.516,0.334,0.1,0.284,0.434,0.566
614,,0.75,0.466,0.466,0.284,0.05,0.234,0.384,0.516
615,,0.7,0.416,0.416,0.234,0.0,0.184,0.334,0.466
616,,0.65,0.366,0.366,0.184,-0.05,0.134,0.284,0.416
617,5,0.3,0.133,0.416,0.517,0.95,0.467,0.334,0.183
618,5,-0.05,-0.1,0.466,0.85,1.0,0.8,0.384,-0.05
619,2,0.283,0.9,0.799,0.9,0.767,0.45,0.151,0.0
620,2,0.616,1.0,1.0,0.95,0.534,0.1,-0.082,0.05
621,7,0.666,0.767,0.65,0.717,0.584,0.433,0.918,0.383
622,7,0.716,0.534,0.3,0.484,0.634,0.766,1.0,0.716
623,,0.666,0.484,0.25,0.434,0.584,0.716,0.95,0.666
624,,0.616,0.434,0.2,0.384,0.534,0.666,0.9,0.616
625,,0.566,0.384,0.15,0.334,0.484,0.616,0.85,0.566
626,,0.516,0.334,0.1,0.284,0.434,0.566,0.8,0.516
627,,0.466,0.284,0.05,0.234,0.384,0.516,0.75,0.466
628,,0.416,0.234,0.0,0.184,0.334,0.466,0.7,0.416
629,,0.366,0.184,-0.05,0.134,0.284,0.416,0.65,0.366
630,3,0.416,0.517,0.95,0.467,0.334,0.183,0.3,0.133
631,3,0.466,0.85,1.0,0.8,0.384,-0.05,-0.05,-0.1
632,8,0.799,0.9,0.767,0.45,0.151,0.0,0.283,0.9
633,8,1.0,0.95,0.534,0.1,-0.082,0.05,0.616,1.0
634,5,0.65,0.717,0.584,0.433,0.918,0.383,0.666,0.767
635,5,0.3,0.484,0.634,0.766,1.0,0.716,0.716,0.534
636,,0.25,0.434,0.584,0.716,0.95,0.666,0.666,0.484
637,,0.2,0.384,0.534,0.666,0.9,0.616,0.616,0.434
638,,0.15,0.334,0.484,0.616,0.85,0.566,0.566,0.384
639,,0.1,0.284,0.434,0.566,0.8,0.516,0.516,0.334
640,,0.05,0.234,0.384,0.516,0.75,0.466,0.466,0.284
641,,0.0,0.184,0.334,0.466,0.7,0.416,0.416,0.234
642,,-0.05,0.134,0.284,0.416,0.65,0.366,0.366,0.184
643,1,0.95,0.467,0.334,0.183,0.3,0.133,0.416,0.517
644,1,1.0,0.8,0.384,-0.05,-0.05,-0.1,0.466,0.85
645,6,0.767,0.45,0.151,0.0,0.283,0.9,0.799,0.9
646,6,0.534,0.1,-0.082,0.05,0.616,1.0,1.0,0.95
647,3,0.584,0.433,0.918,0.383,0.666,0.767,0.65,0.717
648,3,0.634,0.766,1.0,0.716,0.716,0.534,0.3,0.484
649,,0.584,0.716,0.95,0.666,0.666,0.484,0.25,0.434
650,,0.534,0.666,0.9,0.616,0.616,0.434,0.2,0.384
651,,0.484,0.616,0.85,0.566,0.566,0.384,0.15,0.334
652,,0.434,0.566,0.8,0.516,0.516,0.334,0.1,0.284
653,,0.384,0.516,0.75,0.466,0.466,0.284,0.05,0.234
654,,0.334,0.466,0.7,0.416,0.416,0.234,0.0,0.184
655,,0.284,0.416,0.65,0.366,0.366,0.184,-0.05,0.134
656,7,0.334,0.183,0.3,0.133,0.416,0.517,0.95,0.467
657,7,0.384,-0.05,-0.05,-0.1,0.466,0.85,1.0,0.8
658,4,0.151,0.0,0.283,0.9,0.799,0.9,0.767,0.45
659,4,-0.082,0.05,0.616,1.0,1.0,0.95,0.534,0.1
660,1,0.918,0.383,0.666,0.767,0.65,0.717,0.584,0.433
661,1,1.0,0.716,0.716,0.534,0.3,0.484,0.634,0.766
662,,0.95,0.666,0.666,0.484,0.25,0.434,0.584,0.716
663,,0.9,0.616,0.616,0.434,0.2,0.384,0.534,0.666
664,,0.85,0.566,0.566,0.384,0.15,0.334,0.484,0.616
665,,0.8,0.516,0.516,0.334,0.1,0.284,0.434,0.566
666,,0.75,0.466,0.466,0.284,0.05,0.234,0.384,0.516
667,,0.7,0.416,0.416,0.234,0.0,0.184,0.334,0.466
668,,0.65,0.366,0.366,0.184,-0.05,0.134,0.284,0.416
669,5,0.3,0.133,0.416,0.517,0.95,0.467,0.334,0.183
670,5,-0.05,-0.1,0.466,0.85,1.0,0.8,0.384,-0.05
671,2,0.283,0.9,0.799,0.9,0.767,0.45,0.151,0.0
672,2,0.616,1.0,1.0,0.95,0.534,0.1,-0.082,0.05
673,7,0.666,0.767,0.65,0.717,0.584,0.433,0.918,0.383
674,7,0.716,0.534,0.3,0.484,0.634,0.766,1.0,0.716
675,,0.666,0.484,0.25,0.434,0.584,0.716,0.95,0.666
676,,0.616,0.434,0.2,0.384,0.534,0.666,0.9,0.616
677,,0.566,0.384,0.15,0.334,0.484,0.616,0.85,0.566
678,,0.516,0.334,0.1,0.284,0.434,0.566,0.8,0.516
679,,0.466,0.284,0.05,0.234,0.384,0.516,0.75,0.466
680,,0.416,0.234,0.0,0.184,0.334,0.466,0.7,0.416
681,,0.366,0.184,-0.05,0.134,0.284,0.416,0.65,0.366
682,3,0.416,0.517,0.95,0.467,0.334,0.183,0.3,0.133
683,3,0.466,0.85,1.0,0.8,0.384,-0.05,-0.05,-0.1
684,8,0.799,0.9,0.767,0.45,0.151,0.0,0.283,0.9
685,8,1.0,0.95,0.534,0.1,-0.082,0.05,0.616,1.0
686,5,0.65,0.717,0.584,0.433,0.918,0.383,0.666,0.767
687,5,0.3,0.484,0.634,0.766,1.0,0.716,0.716,0.534
688,,0.25,0.434,0.584,0.716,0.95,0.666,0.666,0.484
689,,0.2,0.384,0.534,0.666,0.9,0.616,0.616,0.434
690,,0.15,0.334,0.484,0.616,0.85,0.566,0.566,0.384
691,,0.1,0.284,0.434,0.566,0.8,0.516,0.516,0.334
692,,0.05,0.234,0.384,0.516,0.75,0.466,0.466,0.284
693,,0.0,0.184,0.334,0.466,0.7,0.416,0.416,0.234
694,,-0.05,0.134,0.284,0.416,0.65,0.366,0.366,0.184
695,1,0.95,0.467,0.334,0.183,0.3,0.133,0.416,0.517
696,1,1.0,0.8,0.384,-0.05,-0.05,-0.1,0.466,0.85
697,6,0.767,0.45,0.151,0.0,0.283,0.9,0.799,0.9
698,6,0.534,0.1,-0.082,0.05,0.616,1.0,1.0,0.95
699,3,0.584,0.433,0.918,0.383,0.666,0.767,0.65,0.717
700,3,0.634,0.766,1.0,0.716,0.716,0.534,0.3,0.484
701,,0.584,0.716,0.95,0.666,0.666,0.484,0.25,0.434
702,,0.534,0.666,0.9,0.616,0.616,0.434,0.2,0.384
703,,0.484,0.616,0.85,0.566,0.566,0.384,0.15,0.334
704,,0.434,0.566,0.8,0.516,0.516,0.334,0.1,0.284
705,,0.384,0.516,0.75,0.466,0.466,0.284,0.05,0.234
706,,0.334,0.466,0.7,0.416,0.416,0.234,0.0,0.184
707,,0.284,0.416,0.65,0.366,0.366,0.184,-0.05,0.134
708,7,0.334,0.183,0.3,0.133,0.416,0.517,0.95,0.467
709,7,0.384,-0.05,-0.05,-0.1,0.466,0.85,1.0,0.8
710,4,0.151,0.0,0.283,0.9,0.799,0.9,0.767,0.45
711,4,-0.082,0.05,0.616,1.0,1.0,0.95,0.534,0.1
712,1,0.918,0.383,0.666,0.767,0.65,0.717,0.584,0.433
713,1,1.0,0.716,0.716,0.534,0.3,0.484,0.634,0.766
714,,0.95,0.666,0.666,0.484,0.25,0.434,0.584,0.716
715,,0.9,0.616,0.616,0.434,0.2,0.384,0.534,0.666
716,,0.85,0.566,0.566,0.384,0.15,0.334,0.484,0.616
717,,0.8,0.516,0.516,0.334,0.1,0.284,0.434,0.566
718,,0.75,0.466,0.466,0.284,0.05,0.234,0.384,0.516
719,,0.7,0.416,0.416,0.234,0.0,0.184,0.334,0.466
720,,0.65,0.366,0.366,0.184,-0.05,0.134,0.284,0.416
721,5,0.3,0.133,0.416,0.517,0.95,0.467,0.334,0.183
722,5,-0.05,-0.1,0.466,0.85,1.0,0.8,0.384,-0.05
723,2,0.283,0.9,0.799,0.9,0.767,0.45,0.151,0.0
724,2,0.616,1.0,1.0,0.95,0.534,0.1,-0.082,0.05
725,7,0.666,0.767,0.65,0.717,0.584,0.433,0.918,0.383
726,7,0.716,0.534,0.3,0.484,0.634,0.766,1.0,0.716
727,,0.666,0.484,0.25,0.434,0.584,0.716,0.95,0.666
728,,0.616,0.434,0.2,0.384,0.534,0.666,0.9,0.616
729,,0.566,0.384,0.15,0.334,0.484,0.616,0.85,0.566
730,,0.516,0.334,0.1,0.284,0.434,0.566,0.8,0.516
731,,0.466,0.284,0.05,0.234,0.384,0.516,0.75,0.466
732,,0.416,0.234,0.0,0.184,0.334,0.466,0.7,0.416
733,,0.366,0.184,-0.05,0.134,0.284,0.416,0.65,0.366
734,3,0.416,0.517,0.95,0.467,0.334,0.183,0.3,0.133
735,3,0.466,0.85,1.0,0.8,0.384,-0.05,-0.05,-0.1
736,8,0.799,0.9,0.767,0.45,0.151,0.0,0.283,0.9
737,8,1.0,0.95,0.534,0.1,-0.082,0.05,0.616,1.0
738,5,0.65,0.717,0.584,0.433,0.918,0.383,0.666,0.767
739,5,0.3,0.484,0.634,0.766,1.0,0.716,0.716,0.534
740,,0.25,0.434,0.584,0.716,0.95,0.666,0.666,0.484
741,,0.2,0.384,0.534,0.666,0.9,0.616,0.616,0.434
742,,0.15,0.334,0.484,0.616,0.85,0.566,0.566,0.384
743,,0.1,0.284,0.434,0.566,0.8,0.516,0.516,0.334
744,,0.05,0.234,0.384,0.516,0.75,0.466,0.466,0.284
745,,0.0,0.184,0.334,0.466,0.7,0.416,0.416,0.234
746,,-0.05,0.134,0.284,0.416,0.65,0.366,0.366,0.184
747,1,0.95,0.467,0.334,0.183,0.3,0.133,0.416,0.517
748,1,1.0,0.8,0.384,-0.05,-0.05,-0.1,0.466,0.85
749,6,0.767,0.45,0.151,0.0,0.283,0.9,0.799,0.9
750,6,0.534,0.1,-0.082,0.05,0.616,1.0,1.0,0.95
751,3,0.584,0.433,0.918,0.383,0.666,0.767,0.65,0.717
752,3,0.634,0.766,1.0,0.716,0.716,0.534,0.3,0.484
753,,0.584,0.716,0.95,0.666,0.666,0.484,0.25,0.434
754,,0.534,0.666,0.9,0.616,0.616,0.434,0.2,0.384
755,,0.484,0.616,0.85,0.566,0.566,0.384,0.15,0.334
756,,0.434,0.566,0.8,0.516,0.516,0.334,0.1,0.284
757,,0.384,0.516,0.75,0.466,0.466,0.284,0.05,0.234
758,,0.334,0.466,0.7,0.416,0.416,0.234,0.0,0.184
759,,0.284,0.416,0.65,0.366,0.366,0.184,-0.05,0.134
760,7,0.334,0.183,0.3,0.133,0.416,0.517,0.95,0.467
761,7,0.384,-0.05,-0.05,-0.1,0.466,0.85,1.0,0.8
762,4,0.151,0.0,0.283,0.9,0.799,0.9,0.767,0.45
763,4,-0.082,0.05,0.616,1.0,1.0,0.95,0.534,0.1
764,1,0.918,0.383,0.666,0.767,0.65,0.717,0.584,0.433
765,1,1.0,0.716,0.716,0.534,0.3,0.484,0.634,0.766
766,,0.95,0.666,0.666,0.484,0.25,0.434,0.584,0.716
767,,0.9,0.616,0.616,0.434,0.2,0.384,0.534,0.666
768,,0.85,0.566,0.566,0.384,0.15,0.334,0.484,0.616
769,,0.8,0.516,0.516,0.334,0.1,0.284,0.434,0.566
770,,0.75,0.466,0.466,0.284,0.05,0.234,0.384,0.516
771,,0.7,0.416,0.416,0.234,0.0,0.184,0.334,0.466
772,,0.65,0.366,0.366,0.184,-0.05,0.134,0.284,0.416
773,5,0.3,0.133,0.416,0.517,0.95,0.467,0.334,0.183
774,5,-0.05,-0.1,0.466,0.85,1.0,0.8,0.384,-0.05
775,2,0.283,0.9,0.799,0.9,0.767,0.45,0.151,0.0
776,2,0.616,1.0,1.0,0.95,0.534,0.1,-0.082,0.05
777,7,0.666,0.767,0.65,0.717,0.584,0.433,0.918,0.383
778,7,0.716,0.534,0.3,0.484,0.634,0.766,1.0,0.716
779,,0.666,0.484,0.25,0.434,0.584,0.716,0.95,0.666
780,,0.616,0.434,0.2,0.384,0.534,0.666,0.9,0.616
781,,0.566,0.384,0.15,0.334,0.484,0.616,0.85,0.566
782,,0.516,0.334,0.1,0.284,0.434,0.566,0.8,0.516
783,,0.466,0.284,0.05,0.234,0.384,0.516,0.75,0.466
784,,0.416,0.234,0.0,0.184,0.334,0.466,0.7,0.416
785,,0.366,0.184,-0.05,0.134,0.284,0.416,0.65,0.366
786,3,0.416,0.517,0.95,0.467,0.334,0.183,0.3,0.133
787,3,0.466,0.85,1.0,0.8,0.384,-0.05,-0.05,-0.1
788,8,0.799,0.9,0.767,0.45,0.151,0.0,0.283,0.9
789,8,1.0,0.95,0.534,0.1,-0.082,0.05,0.616,1.0
790,5,0.65,0.717,0.584,0.433,0.918,0.383,0.666,0.767
791,5,0.3,0.484,0.634,0.766,1.0,0.716,0.716,0.534
792,,0.25,0.434,0.584,0.716,0.95,0.666,0.666,0.484
793,,0.2,0.384,0.534,0.666,0.9,0.616,0.616,0.434
794,,0.15,0.334,0.484,0.616,0.85,0.566,0.566,0.384
795,,0.1,0.284,0.434,0.566,0.8,0.516,0.516,0.334
796,,0.05,0.234,0.384,0.516,0.75,0.466,0.466,0.284
