step,active_motive,motive_1,motive_2,motive_3,motive_4,motive_5,motive_6,motive_7,motive_8
0,,0.15504,0.98184,0.83893,0.8604,0.25025,0.03883,0.30327,0.53708
1,,0.10504,0.93184,0.78893,0.8104,0.20025,-0.01117,0.25327,0.48708
2,6,-0.12796,0.58184,0.55593,0.8604,0.53325,0.98883,0.58627,0.53708
3,6,-0.36096,0.23184,0.32293,0.9104,0.86625,1.0,0.91927,0.58708
4,1,0.63904,0.56484,0.37293,0.6774,0.51625,0.767,0.96927,0.92008
5,1,1.0,0.89784,0.42293,0.4444,0.16625,0.534,1.0,1.0
6,,0.95,0.84784,0.37293,0.3944,0.11625,0.484,0.95,0.95
7,,0.9,0.79784,0.32293,0.3444,0.06625,0.434,0.9,0.9
8,,0.85,0.74784,0.27293,0.2944,0.01625,0.384,0.85,0.85
9,,0.8,0.69784,0.22293,0.2444,-0.03375,0.334,0.8,0.8
10,5,0.45,0.46484,0.27293,0.5774,0.96625,0.667,0.85,0.567
11,5,0.1,0.23184,0.32293,0.9104,1.0,1.0,0.9,0.334
12,,0.05,0.18184,0.27293,0.8604,0.95,0.95,0.85,0.284
13,,0.0,0.13184,0.22293,0.8104,0.9,0.9,0.8,0.234
14,,-0.05,0.08184,0.17293,0.7604,0.85,0.85,0.75,0.184
15,1,0.95,0.41484,0.22293,0.5274,0.5,0.617,0.8,0.517
16,1,1.0,0.74784,0.27293,0.2944,0.15,0.384,0.85,0.85
17,,0.95,0.69784,0.22293,0.2444,0.1,0.334,0.8,0.8
18,,0.9,0.64784,0.17293,0.1944,0.05,0.284,0.75,0.75
19,,0.85,0.59784,0.12293,0.1444,0.0,0.234,0.7,0.7
20,,0.8,0.54784,0.07293,0.0944,-0.05,0.184,0.65,0.65
21,5,0.45,0.31484,0.12293,0.4274,0.95,0.517,0.7,0.417
22,5,0.1,0.08184,0.17293,0.7604,1.0,0.85,0.75,0.184
23,,0.05,0.03184,0.12293,0.7104,0.95,0.8,0.7,0.134
24,,0.0,-0.01816,0.07293,0.6604,0.9,0.75,0.65,0.084
25,2,0.333,0.98184,0.40593,0.7104,0.667,0.4,0.417,0.134
26,2,0.666,1.0,0.73893,0.7604,0.434,0.05,0.184,0.184
27,,0.616,0.95,0.68893,0.7104,0.384,0.0,0.134,0.134
28,,0.566,0.9,0.63893,0.6604,0.334,-0.05,0.084,0.084
29,6,0.333,0.55,0.40593,0.7104,0.667,0.95,0.417,0.134
30,6,0.1,0.2,0.17293,0.7604,1.0,1.0,0.75,0.184
31,,0.05,0.15,0.12293,0.7104,0.95,0.95,0.7,0.134
32,,0.0,0.1,0.07293,0.6604,0.9,0.9,0.65,0.084
33,,-0.05,0.05,0.02293,0.6104,0.85,0.85,0.6,0.034
34,1,0.95,0.383,0.07293,0.3774,0.5,0.617,0.65,0.367
35,1,1.0,0.716,0.12293,0.1444,0.15,0.384,0.7,0.7
36,,0.95,0.666,0.07293,0.0944,0.1,0.334,0.65,0.65
37,,0.9,0.616,0.02293,0.0444,0.05,0.284,0.6,0.6
38,,0.85,0.566,-0.02707,-0.0056,0.0,0.234,0.55,0.55
39,3,0.9,0.899,0.97293,0.3274,0.05,0.001,0.2,0.317
40,3,0.95,1.0,1.0,0.6604,0.1,-0.232,-0.15,0.084
41,6,0.717,0.65,0.767,0.7104,0.433,0.768,0.183,0.134
42,6,0.484,0.3,0.534,0.7604,0.766,1.0,0.516,0.184
43,,0.434,0.25,0.484,0.7104,0.716,0.95,0.466,0.134
44,,0.384,0.2,0.434,0.6604,0.666,0.9,0.416,0.084
45,,0.334,0.15,0.384,0.6104,0.616,0.85,0.366,0.034
46,,0.284,0.1,0.334,0.5604,0.566,0.8,0.316,-0.016
47,8,0.617,0.15,0.101,0.2104,0.333,0.85,0.649,0.984
48,8,0.95,0.2,-0.132,-0.1396,0.1,0.9,0.982,1.0
49,4,0.717,0.25,0.201,0.8604,0.433,0.95,0.749,0.65
50,4,0.484,0.3,0.534,1.0,0.766,1.0,0.516,0.3
51,,0.434,0.25,0.484,0.95,0.716,0.95,0.466,0.25
52,,0.384,0.2,0.434,0.9,0.666,0.9,0.416,0.2
53,,0.334,0.15,0.384,0.85,0.616,0.85,0.366,0.15
54,,0.284,0.1,0.334,0.8,0.566,0.8,0.316,0.1
55,,0.234,0.05,0.284,0.75,0.516,0.75,0.266,0.05
56,,0.184,0.0,0.234,0.7,0.466,0.7,0.216,0.0
57,,0.134,-0.05,0.184,0.65,0.416,0.65,0.166,-0.05
58,2,0.467,0.95,0.517,0.7,0.183,0.3,-0.067,0.0
59,2,0.8,1.0,0.85,0.75,-0.05,-0.05,-0.3,0.05
60,7,0.85,0.767,0.5,0.517,0.0,0.283,0.7,0.383
61,7,0.9,0.534,0.15,0.284,0.05,0.616,1.0,0.716
62,,0.85,0.484,0.1,0.234,0.0,0.566,0.95,0.666
63,,0.8,0.434,0.05,0.184,-0.05,0.516,0.9,0.616
64,5,0.45,0.201,0.1,0.517,0.95,0.849,0.95,0.383
65,5,0.1,-0.032,0.15,0.85,1.0,1.0,1.0,0.15
66,2,0.433,0.968,0.483,0.9,0.767,0.65,0.767,0.2
67,2,0.766,1.0,0.816,0.95,0.534,0.3,0.534,0.25
68,,0.716,0.95,0.766,0.9,0.484,0.25,0.484,0.2
69,,0.666,0.9,0.716,0.85,0.434,0.2,0.434,0.15
70,,0.616,0.85,0.666,0.8,0.384,0.15,0.384,0.1
71,,0.566,0.8,0.616,0.75,0.334,0.1,0.334,0.05
72,,0.516,0.75,0.566,0.7,0.284,0.05,0.284,0.0
73,,0.466,0.7,0.516,0.65,0.234,0.0,0.234,-0.05
74,8,0.799,0.75,0.283,0.3,0.001,0.05,0.567,0.95
75,8,1.0,0.8,0.05,-0.05,-0.232,0.1,0.9,1.0
76,5,0.65,0.567,0.1,0.283,0.768,0.433,0.95,0.767
77,5,0.3,0.334,0.15,0.616,1.0,0.766,1.0,0.534
78,,0.25,0.284,0.1,0.566,0.95,0.716,0.95,0.484
79,,0.2,0.234,0.05,0.516,0.9,0.666,0.9,0.434
80,,0.15,0.184,0.0,0.466,0.85,0.616,0.85,0.384
81,,0.1,0.134,-0.05,0.416,0.8,0.566,0.8,0.334
82,3,0.15,0.467,0.95,0.749,0.85,0.333,0.45,0.101
83,3,0.2,0.8,1.0,1.0,0.9,0.1,0.1,-0.132
84,8,0.533,0.85,0.767,0.65,0.667,0.15,0.433,0.868
85,8,0.866,0.9,0.534,0.3,0.434,0.2,0.766,1.0
86,,0.816,0.85,0.484,0.25,0.384,0.15,0.716,0.95
87,,0.766,0.8,0.434,0.2,0.334,0.1,0.666,0.9
88,,0.716,0.75,0.384,0.15,0.284,0.05,0.616,0.85
89,,0.666,0.7,0.334,0.1,0.234,0.0,0.566,0.8
90,,0.616,0.65,0.284,0.05,0.184,-0.05,0.516,0.75
91,6,0.383,0.3,0.051,0.1,0.517,0.95,0.849,0.8
92,6,0.15,-0.05,-0.182,0.15,0.85,1.0,1.0,0.85
93,3,0.2,0.283,0.818,0.483,0.9,0.767,0.65,0.617
94,3,0.25,0.616,1.0,0.816,0.95,0.534,0.3,0.384
95,,0.2,0.566,0.95,0.766,0.9,0.484,0.25,0.334
96,,0.15,0.516,0.9,0.716,0.85,0.434,0.2,0.284
97,,0.1,0.466,0.85,0.666,0.8,0.384,0.15,0.234
98,,0.05,0.416,0.8,0.616,0.75,0.334,0.1,0.184
99,,0.0,0.366,0.75,0.566,0.7,0.284,0.05,0.134
100,,-0.05,0.316,0.7,0.516,0.65,0.234,0.0,0.084
101,1,0.95,0.649,0.75,0.283,0.3,0.001,0.05,0.417
102,1,1.0,0.982,0.8,0.05,-0.05,-0.232,0.1,0.75
103,6,0.767,0.632,0.567,0.1,0.283,0.768,0.433,0.8
104,6,0.534,0.282,0.334,0.15,0.616,1.0,0.766,0.85
105,,0.484,0.232,0.284,0.1,0.566,0.95,0.716,0.8
106,,0.434,0.182,0.234,0.05,0.516,0.9,0.666,0.75
107,,0.384,0.132,0.184,0.0,0.466,0.85,0.616,0.7
108,,0.334,0.082,0.134,-0.05,0.416,0.8,0.566,0.65
109,4,0.101,0.132,0.467,0.95,0.749,0.85,0.333,0.3
110,4,-0.132,0.182,0.8,1.0,1.0,0.9,0.1,-0.05
111,1,0.868,0.515,0.85,0.767,0.65,0.667,0.15,0.283
112,1,1.0,0.848,0.9,0.534,0.3,0.434,0.2,0.616
113,,0.95,0.798,0.85,0.484,0.25,0.384,0.15,0.566
114,,0.9,0.748,0.8,0.434,0.2,0.334,0.1,0.516
115,,0.85,0.698,0.75,0.384,0.15,0.284,0.05,0.466
116,,0.8,0.648,0.7,0.334,0.1,0.234,0.0,0.416
117,,0.75,0.598,0.65,0.284,0.05,0.184,-0.05,0.366
118,7,0.8,0.365,0.3,0.051,0.1,0.517,0.95,0.699
119,7,0.85,0.132,-0.05,-0.182,0.15,0.85,1.0,1.0
120,4,0.617,0.182,0.283,0.818,0.483,0.9,0.767,0.65
121,4,0.384,0.232,0.616,1.0,0.816,0.95,0.534,0.3
122,,0.334,0.182,0.566,0.95,0.766,0.9,0.484,0.25
123,,0.284,0.132,0.516,0.9,0.716,0.85,0.434,0.2
124,,0.234,0.082,0.466,0.85,0.666,0.8,0.384,0.15
125,,0.184,0.032,0.416,0.8,0.616,0.75,0.334,0.1
126,,0.134,-0.018,0.366,0.75,0.566,0.7,0.284,0.05
127,2,0.467,0.982,0.699,0.8,0.333,0.35,0.051,0.1
128,2,0.8,1.0,1.0,0.85,0.1,-0.0,-0.182,0.15
129,7,0.85,0.767,0.65,0.617,0.15,0.333,0.818,0.483
130,7,0.9,0.534,0.3,0.384,0.2,0.666,1.0,0.816
131,,0.85,0.484,0.25,0.334,0.15,0.616,0.95,0.766
132,,0.8,0.434,0.2,0.284,0.1,0.566,0.9,0.716
133,,0.75,0.384,0.15,0.234,0.05,0.516,0.85,0.666
134,,0.7,0.334,0.1,0.184,0.0,0.466,0.8,0.616
135,,0.65,0.284,0.05,0.134,-0.05,0.416,0.75,0.566
136,5,0.3,0.051,0.1,0.467,0.95,0.749,0.8,0.333
137,5,-0.05,-0.182,0.15,0.8,1.0,1.0,0.85,0.1
138,2,0.283,0.818,0.483,0.85,0.767,0.65,0.617,0.15
139,2,0.616,1.0,0.816,0.9,0.534,0.3,0.384,0.2
140,,0.566,0.95,0.766,0.85,0.484,0.25,0.334,0.15
141,,0.516,0.9,0.716,0.8,0.434,0.2,0.284,0.1
142,,0.466,0.85,0.666,0.75,0.384,0.15,0.234,0.05
143,,0.416,0.8,0.616,0.7,0.334,0.1,0.184,0.0
144,,0.366,0.75,0.566,0.65,0.284,0.05,0.134,-0.05
145,8,0.699,0.8,0.333,0.3,0.051,0.1,0.467,0.95
146,8,1.0,0.85,0.1,-0.05,-0.182,0.15,0.8,1.0
147,5,0.65,0.617,0.15,0.283,0.818,0.483,0.85,0.767
148,5,0.3,0.384,0.2,0.616,1.0,0.816,0.9,0.534
149,,0.25,0.334,0.15,0.566,0.95,0.766,0.85,0.484
150,,0.2,0.284,0.1,0.516,0.9,0.716,0.8,0.434
151,,0.15,0.234,0.05,0.466,0.85,0.666,0.75,0.384
152,,0.1,0.184,0.0,0.416,0.8,0.616,0.7,0.334
153,,0.05,0.134,-0.05,0.366,0.75,0.566,0.65,0.284
154,3,0.1,0.467,0.95,0.699,0.8,0.333,0.3,0.051
155,3,0.15,0.8,1.0,1.0,0.85,0.1,-0.05,-0.182
156,8,0.483,0.85,0.767,0.65,0.617,0.15,0.283,0.818
157,8,0.816,0.9,0.534,0.3,0.384,0.2,0.616,1.0
158,,0.766,0.85,0.484,0.25,0.334,0.15,0.566,0.95
159,,0.716,0.8,0.434,0.2,0.284,0.1,0.516,0.9
160,,0.666,0.75,0.384,0.15,0.234,0.05,0.466,0.85
161,,0.616,0.7,0.334,0.1,0.184,0.0,0.416,0.8
162,,0.566,0.65,0.284,0.05,0.134,-0.05,0.366,0.75
163,6,0.333,0.3,0.051,0.1,0.467,0.95,0.699,0.8
164,6,0.1,-0.05,-0.182,0.15,0.8,1.0,1.0,0.85
165,3,0.15,0.283,0.818,0.483,0.85,0.767,0.65,0.617
166,3,0.2,0.616,1.0,0.816,0.9,0.534,0.3,0.384
167,,0.15,0.566,0.95,0.766,0.85,0.484,0.25,0.334
168,,0.1,0.516,0.9,0.716,0.8,0.434,0.2,0.284
169,,0.05,0.466,0.85,0.666,0.75,0.384,0.15,0.234
170,,0.0,0.416,0.8,0.616,0.7,0.334,0.1,0.184
171,,-0.05,0.366,0.75,0.566,0.65,0.284,0.05,0.134
172,1,0.95,0.699,0.8,0.333,0.3,0.051,0.1,0.467
173,1,1.0,1.0,0.85,0.1,-0.05,-0.182,0.15,0.8
174,6,0.767,0.65,0.617,0.15,0.283,0.818,0.483,0.85
175,6,0.534,0.3,0.384,0.2,0.616,1.0,0.816,0.9
176,,0.484,0.25,0.334,0.15,0.566,0.95,0.766,0.85
177,,0.434,0.2,0.284,0.1,0.516,0.9,0.716,0.8
178,,0.384,0.15,0.234,0.05,0.466,0.85,0.666,0.75
179,,0.334,0.1,0.184,0.0,0.416,0.8,0.616,0.7
180,,0.284,0.05,0.134,-0.05,0.366,0.75,0.566,0.65
181,4,0.051,0.1,0.467,0.95,0.699,0.8,0.333,0.3
182,4,-0.182,0.15,0.8,1.0,1.0,0.85,0.1,-0.05
183,1,0.818,0.483,0.85,0.767,0.65,0.617,0.15,0.283
184,1,1.0,0.816,0.9,0.534,0.3,0.384,0.2,0.616
185,,0.95,0.766,0.85,0.484,0.25,0.334,0.15,0.566
186,,0.9,0.716,0.8,0.434,0.2,0.284,0.1,0.516
187,,0.85,0.666,0.75,0.384,0.15,0.234,0.05,0.466
188,,0.8,0.616,0.7,0.334,0.1,0.184,0.0,0.416
189,,0.75,0.566,0.65,0.284,0.05,0.134,-0.05,0.366
190,7,0.8,0.333,0.3,0.051,0.1,0.467,0.95,0.699
191,7,0.85,0.1,-0.05,-0.182,0.15,0.8,1.0,1.0
192,4,0.617,0.15,0.283,0.818,0.483,0.85,0.767,0.65
193,4,0.384,0.2,0.616,1.0,0.816,0.9,0.534,0.3
194,,0.334,0.15,0.566,0.95,0.766,0.85,0.484,0.25
195,,0.284,0.1,0.516,0.9,0.716,0.8,0.434,0.2
196,,0.234,0.05,0.466,0.85,0.666,0.75,0.384,0.15
197,,0.184,0.0,0.416,0.8,0.616,0.7,0.334,0.1
198,,0.134,-0.05,0.366,0.75,0.566,0.65,0.284,0.05
199,2,0.467,0.95,0.699,0.8,0.333,0.3,0.051,0.1
200,2,0.8,1.0,1.0,0.85,0.1,-0.05,-0.182,0.15
201,7,0.85,0.767,0.65,0.617,0.15,0.283,0.818,0.483
202,7,0.9,0.534,0.3,0.384,0.2,0.616,1.0,0.816
203,,0.85,0.484,0.25,0.334,0.15,0.566,0.95,0.766
204,,0.8,0.434,0.2,0.284,0.1,0.516,0.9,0.716
205,,0.75,0.384,0.15,0.234,0.05,0.466,0.85,0.666
206,,0.7,0.334,0.1,0.184,0.0,0.416,0.8,0.616
207,,0.65,0.284,0.05,0.134,-0.05,0.366,0.75,0.566
208,5,0.3,0.051,0.1,0.467,0.95,0.699,0.8,0.333
209,5,-0.05,-0.182,0.15,0.8,1.0,1.0,0.85,0.1
210,2,0.283,0.818,0.483,0.85,0.767,0.65,0.617,0.15
211,2,0.616,1.0,0.816,0.9,0.534,0.3,0.384,0.2
212,,0.566,0.95,0.766,0.85,0.484,0.25,0.334,0.15
213,,0.516,0.9,0.716,0.8,0.434,0.2,0.284,0.1
214,,0.466,0.85,0.666,0.75,0.384,0.15,0.234,0.05
215,,0.416,0.8,0.616,0.7,0.334,0.1,0.184,0.0
216,,0.366,0.75,0.566,0.65,0.284,0.05,0.134,-0.05
217,8,0.699,0.8,0.333,0.3,0.051,0.1,0.467,0.95
218,8,1.0,0.85,0.1,-0.05,-0.182,0.15,0.8,1.0
219,5,0.65,0.617,0.15,0.283,0.818,0.483,0.85,0.767
220,5,0.3,0.384,0.2,0.616,1.0,0.816,0.9,0.534
221,,0.25,0.334,0.15,0.566,0.95,0.766,0.85,0.484
222,,0.2,0.284,0.1,0.516,0.9,0.716,0.8,0.434
223,,0.15,0.234,0.05,0.466,0.85,0.666,0.75,0.384
224,,0.1,0.184,0.0,0.416,0.8,0.616,0.7,0.334
225,,0.05,0.134,-0.05,0.366,0.75,0.566,0.65,0.284
226,3,0.1,0.467,0.95,0.699,0.8,0.333,0.3,0.051
227,3,0.15,0.8,1.0,1.0,0.85,0.1,-0.05,-0.182
228,8,0.483,0.85,0.767,0.65,0.617,0.15,0.283,0.818
229,8,0.816,0.9,0.534,0.3,0.384,0.2,0.616,1.0
230,,0.766,0.85,0.484,0.25,0.334,0.15,0.566,0.95
231,,0.716,0.8,0.434,0.2,0.284,0.1,0.516,0.9
232,,0.666,0.75,0.384,0.15,0.234,0.05,0.466,0.85
233,,0.616,0.7,0.334,0.1,0.184,0.0,0.416,0.8
234,,0.566,0.65,0.284,0.05,0.134,-0.05,0.366,0.75
235,6,0.333,0.3,0.051,0.1,0.467,0.95,0.699,0.8
236,6,0.1,-0.05,-0.182,0.15,0.8,1.0,1.0,0.85
237,3,0.15,0.283,0.818,0.483,0.85,0.767,0.65,0.617
238,3,0.2,0.616,1.0,0.816,0.9,0.534,0.3,0.384
239,,0.15,0.566,0.95,0.766,0.85,0.484,0.25,0.334
240,,0.1,0.516,0.9,0.716,0.8,0.434,0.2,0.284
241,,0.05,0.466,0.85,0.666,0.75,0.384,0.15,0.234
242,,0.0,0.416,0.8,0.616,0.7,0.334,0.1,0.184
243,,-0.05,0.366,0.75,0.566,0.65,0.284,0.05,0.134
244,1,0.95,0.699,0.8,0.333,0.3,0.051,0.1,0.467
245,1,1.0,1.0,0.85,0.1,-0.05,-0.182,0.15,0.8
246,6,0.767,0.65,0.617,0.15,0.283,0.818,0.483,0.85
247,6,0.534,0.3,0.384,0.2,0.616,1.0,0.816,0.9
248,,0.484,0.25,0.334,0.15,0.566,0.95,0.766,0.85
249,,0.434,0.2,0.284,0.1,0.516,0.9,0.716,0.8
250,,0.384,0.15,0.234,0.05,0.466,0.85,0.666,0.75
251,,0.334,0.1,0.184,0.0,0.416,0.8,0.616,0.7
252,,0.284,0.05,0.134,-0.05,0.366,0.75,0.566,0.65
253,4,0.051,0.1,0.467,0.95,0.699,0.8,0.333,0.3
254,4,-0.182,0.15,0.8,1.0,1.0,0.85,0.1,-0.05
255,1,0.818,0.483,0.85,0.767,0.65,0.617,0.15,0.283
256,1,1.0,0.816,0.9,0.534,0.3,0.384,0.2,0.616
257,,0.95,0.766,0.85,0.484,0.25,0.334,0.15,0.566
258,,0.9,0.716,0.8,0.434,0.2,0.284,0.1,0.516
259,,0.85,0.666,0.75,0.384,0.15,0.234,0.05,0.466
260,,0.8,0.616,0.7,0.334,0.1,0.184,0.0,0.416
261,,0.75,0.566,0.65,0.284,0.05,0.134,-0.05,0.366
262,7,0.8,0.333,0.3,0.051,0.1,0.467,0.95,0.699
263,7,0.85,0.1,-0.05,-0.182,0.15,0.8,1.0,1.0
264,4,0.617,0.15,0.283,0.818,0.483,0.85,0.767,0.65
265,4,0.384,0.2,0.616,1.0,0.816,0.9,0.534,0.3
266,,0.334,0.15,0.566,0.95,0.766,0.85,0.484,0.25
267,,0.284,0.1,0.516,0.9,0.716,0.8,0.434,0.2
268,,0.234,0.05,0.466,0.85,0.666,0.75,0.384,0.15
269,,0.184,0.0,0.416,0.8,0.616,0.7,0.334,0.1
270,,0.134,-0.05,0.366,0.75,0.566,0.65,0.284,0.05
271,2,0.467,0.95,0.699,0.8,0.333,0.3,0.051,0.1
272,2,0.8,1.0,1.0,0.85,0.1,-0.05,-0.182,0.15
273,7,0.85,0.767,0.65,0.617,0.15,0.283,0.818,0.483
274,7,0.9,0.534,0.3,0.384,0.2,0.616,1.0,0.816
275,,0.85,0.484,0.25,0.334,0.15,0.566,0.95,0.766
276,,0.8,0.434,0.2,0.284,0.1,0.516,0.9,0.716
277,,0.75,0.384,0.15,0.234,0.05,0.466,0.85,0.666
278,,0.7,0.334,0.1,0.184,0.0,0.416,0.8,0.616
279,,0.65,0.284,0.05,0.134,-0.05,0.366,0.75,0.566
280,5,0.3,0.051,0.1,0.467,0.95,0.699,0.8,0.333
281,5,-0.05,-0.182,0.15,0.8,1.0,1.0,0.85,0.1
282,2,0.283,0.818,0.483,0.85,0.767,0.65,0.617,0.15
283,2,0.616,1.0,0.816,0.9,0.534,0.3,0.384,0.2
284,,0.566,0.95,0.766,0.85,0.484,0.25,0.334,0.15
285,,0.516,0.9,0.716,0.8,0.434,0.2,0.284,0.1
286,,0.466,0.85,0.666,0.75,0.384,0.15,0.234,0.05
287,,0.416,0.8,0.616,0.7,0.334,0.1,0.184,0.0
288,,0.366,0.75,0.566,0.65,0.284,0.05,0.134,-0.05
289,8,0.699,0.8,0.333,0.3,0.051,0.1,0.467,0.95
290,8,1.0,0.85,0.1,-0.05,-0.182,0.15,0.8,1.0
291,5,0.65,0.617,0.15,0.283,0.818,0.483,0.85,0.767
292,5,0.3,0.384,0.2,0.616,1.0,0.816,0.9,0.534
293,,0.25,0.334,0.15,0.566,0.95,0.766,0.85,0.484
294,,0.2,0.284,0.1,0.516,0.9,0.716,0.8,0.434
295,,0.15,0.234,0.05,0.466,0.85,0.666,0.75,0.384
296,,0.1,0.184,0.0,0.416,0.8,0.616,0.7,0.334
297,,0.05,0.134,-0.05,0.366,0.75,0.566,0.65,0.284
298,3,0.1,0.467,0.95,0.699,0.8,0.333,0.3,0.051
299,3,0.15,0.8,1.0,1.0,0.85,0.1,-0.05,-0.182
300,8,0.483,0.85,0.767,0.65,0.617,0.15,0.283,0.818
301,8,0.816,0.9,0.534,0.3,0.384,0.2,0.616,1.0
302,,0.766,0.85,0.484,0.25,0.334,0.15,0.566,0.95
303,,0.716,0.8,0.434,0.2,0.284,0.1,0.516,0.9
304,,0.666,0.75,0.384,0.15,0.234,0.05,0.466,0.85
305,,0.616,0.7,0.334,0.1,0.184,0.0,0.416,0.8
306,,0.566,0.65,0.284,0.05,0.134,-0.05,0.366,0.75
307,6,0.333,0.3,0.051,0.1,0.467,0.95,0.699,0.8
308,6,0.1,-0.05,-0.182,0.15,0.8,1.0,1.0,0.85
309,3,0.15,0.283,0.818,0.483,0.85,0.767,0.65,0.617
310,3,0.2,0.616,1.0,0.816,0.9,0.534,0.3,0.384
311,,0.15,0.566,0.95,0.766,0.85,0.484,0.25,0.334
312,,0.1,0.516,0.9,0.716,0.8,0.434,0.2,0.284
313,,0.05,0.466,0.85,0.666,0.75,0.384,0.15,0.234
314,,0.0,0.416,0.8,0.616,0.7,0.334,0.1,0.184
315,,-0.05,0.366,0.75,0.566,0.65,0.284,0.05,0.134
316,1,0.95,0.699,0.8,0.333,0.3,0.051,0.1,0.467
317,1,1.0,1.0,0.85,0.1,-0.05,-0.182,0.15,0.8
318,6,0.767,0.65,0.617,0.15,0.283,0.818,0.483,0.85
319,6,0.534,0.3,0.384,0.2,0.616,1.0,0.816,0.9
320,,0.484,0.25,0.334,0.15,0.566,0.95,0.766,0.85
321,,0.434,0.2,0.284,0.1,0.516,0.9,0.716,0.8
322,,0.384,0.15,0.234,0.05,0.466,0.85,0.666,0.75
323,,0.334,0.1,0.184,0.0,0.416,0.8,0.616,0.7
324,,0.284,0.05,0.134,-0.05,0.366,0.75,0.566,0.65
325,4,0.051,0.1,0.467,0.95,0.699,0.8,0.333,0.3
326,4,-0.182,0.15,0.8,1.0,1.0,0.85,0.1,-0.05
327,1,0.818,0.483,0.85,0.767,0.65,0.617,0.15,0.283
328,1,1.0,0.816,0.9,0.534,0.3,0.384,0.2,0.616
329,,0.95,0.766,0.85,0.484,0.25,0.334,0.15,0.566
330,,0.9,0.716,0.8,0.434,0.2,0.284,0.1,0.516
331,,0.85,0.666,0.75,0.384,0.15,0.234,0.05,0.466
332,,0.8,0.616,0.7,0.334,0.1,0.184,0.0,0.416
333,,0.75,0.566,0.65,0.284,0.05,0.134,-0.05,0.366
334,7,0.8,0.333,0.3,0.051,0.1,0.467,0.95,0.699
335,7,0.85,0.1,-0.05,-0.182,0.15,0.8,1.0,1.0
336,4,0.617,0.15,0.283,0.818,0.483,0.85,0.767,0.65
337,4,0.384,0.2,0.616,1.0,0.816,0.9,0.534,0.3
338,,0.334,0.15,0.566,0.95,0.766,0.85,0.484,0.25
339,,0.284,0.1,0.516,0.9,0.716,0.8,0.434,0.2
340,,0.234,0.05,0.466,0.85,0.666,0.75,0.384,0.15
341,,0.184,0.0,0.416,0.8,0.616,0.7,0.334,0.1
342,,0.134,-0.05,0.366,0.75,0.566,0.65,0.284,0.05
343,2,0.467,0.95,0.699,0.8,0.333,0.3,0.051,0.1
344,2,0.8,1.0,1.0,0.85,0.1,-0.05,-0.182,0.15
345,7,0.85,0.767,0.65,0.617,0.15,0.283,0.818,0.483
346,7,0.9,0.534,0.3,0.384,0.2,0.616,1.0,0.816
347,,0.85,0.484,0.25,0.334,0.15,0.566,0.95,0.766
348,,0.8,0.434,0.2,0.284,0.1,0.516,0.9,0.716
349,,0.75,0.384,0.15,0.234,0.05,0.466,0.85,0.666
350,,0.7,0.334,0.1,0.184,0.0,0.416,0.8,0.616
351,,0.65,0.284,0.05,0.134,-0.05,0.366,0.75,0.566
352,5,0.3,0.051,0.1,0.467,0.95,0.699,0.8,0.333
353,5,-0.05,-0.182,0.15,0.8,1.0,1.0,0.85,0.1
354,2,0.283,0.818,0.483,0.85,0.767,0.65,0.617,0.15
355,2,0.616,1.0,0.816,0.9,0.534,0.3,0.384,0.2
356,,0.566,0.95,0.766,0.85,0.484,0.25,0.334,0.15
357,,0.516,0.9,0.716,0.8,0.434,0.2,0.284,0.1
358,,0.466,0.85,0.666,0.75,0.384,0.15,0.234,0.05
359,,0.416,0.8,0.616,0.7,0.334,0.1,0.184,0.0
360,,0.366,0.75,0.566,0.65,0.284,0.05,0.134,-0.05
361,8,0.699,0.8,0.333,0.3,0.051,0.1,0.467,0.95
362,8,1.0,0.85,0.1,-0.05,-0.182,0.15,0.8,1.0
363,5,0.65,0.617,0.15,0.283,0.818,0.483,0.85,0.767
364,5,0.3,0.384,0.2,0.616,1.0,0.816,0.9,0.534
365,,0.25,0.334,0.15,0.566,0.95,0.766,0.85,0.484
366,,0.2,0.284,0.1,0.516,0.9,0.716,0.8,0.434
367,,0.15,0.234,0.05,0.466,0.85,0.666,0.75,0.384
368,,0.1,0.184,0.0,0.416,0.8,0.616,0.7,0.334
369,,0.05,0.134,-0.05,0.366,0.75,0.566,0.65,0.284
370,3,0.1,0.467,0.95,0.699,0.8,0.333,0.3,0.051
371,3,0.15,0.8,1.0,1.0,0.85,0.1,-0.05,-0.182
372,8,0.483,0.85,0.767,0.65,0.617,0.15,0.283,0.818
373,8,0.816,0.9,0.534,0.3,0.384,0.2,0.616,1.0
374,,0.766,0.85,0.484,0.25,0.334,0.15,0.566,0.95
375,,0.716,0.8,0.434,0.2,0.284,0.1,0.516,0.9
376,,0.666,0.75,0.384,0.15,0.234,0.05,0.466,0.85
377,,0.616,0.7,0.334,0.1,0.184,0.0,0.416,0.8
378,,0.566,0.65,0.284,0.05,0.134,-0.05,0.366,0.75
379,6,0.333,0.3,0.051,0.1,0.467,0.95,0.699,0.8
380,6,0.1,-0.05,-0.182,0.15,0.8,1.0,1.0,0.85
381,3,0.15,0.283,0.818,0.483,0.85,0.767,0.65,0.617
382,3,0.2,0.616,1.0,0.816,0.9,0.534,0.3,0.384
383,,0.15,0.566,0.95,0.766,0.85,0.484,0.25,0.334
384,,0.1,0.516,0.9,0.716,0.8,0.434,0.2,0.284
385,,0.05,0.466,0.85,0.666,0.75,0.384,0.15,0.234
386,,0.0,0.416,0.8,0.616,0.7,0.334,0.1,0.184
387,,-0.05,0.366,0.75,0.566,0.65,0.284,0.05,0.134
388,1,0.95,0.699,0.8,0.333,0.3,0.051,0.1,0.467
389,1,1.0,1.0,0.85,0.1,-0.05,-0.182,0.15,0.8
390,6,0.767,0.65,0.617,0.15,0.283,0.818,0.483,0.85
391,6,0.534,0.3,0.384,0.2,0.616,1.0,0.816,0.9
392,,0.484,0.25,0.334,0.15,0.566,0.95,0.766,0.85
393,,0.434,0.2,0.284,0.1,0.516,0.9,0.716,0.8
394,,0.384,0.15,0.234,0.05,0.466,0.85,0.666,0.75
395,,0.334,0.1,0.184,0.0,0.416,0.8,0.616,0.7
396,,0.284,0.05,0.134,-0.05,0.366,0.75,0.566,0.65
397,4,0.051,0.1,0.467,0.95,0.699,0.8,0.333,0.3
398,4,-0.182,0.15,0.8,1.0,1.0,0.85,0.1,-0.05
399,1,0.818,0.483,0.85,0.767,0.65,0.617,0.15,0.283
400,1,1.0,0.816,0.9,0.534,0.3,0.384,0.2,0.616
401,,0.95,0.766,0.85,0.484,0.25,0.334,0.15,0.566
402,,0.9,0.716,0.8,0.434,0.2,0.284,0.1,0.516
403,,0.85,0.666,0.75,0.384,0.15,0.234,0.05,0.466
404,,0.8,0.616,0.7,0.334,0.1,0.184,0.0,0.416
405,,0.75,0.566,0.65,0.284,0.05,0.134,-0.05,0.366
406,7,0.8,0.333,0.3,0.051,0.1,0.467,0.95,0.699
407,7,0.85,0.1,-0.05,-0.182,0.15,0.8,1.0,1.0
408,4,0.617,0.15,0.283,0.818,0.483,0.85,0.767,0.65
409,4,0.384,0.2,0.616,1.0,0.816,0.9,0.534,0.3
410,,0.334,0.15,0.566,0.95,0.766,0.85,0.484,0.25
411,,0.284,0.1,0.516,0.9,0.716,0.8,0.434,0.2
412,,0.234,0.05,0.466,0.85,0.666,0.75,0.384,0.15
413,,0.184,0.0,0.416,0.8,0.616,0.7,0.334,0.1
414,,0.134,-0.05,0.366,0.75,0.566,0.65,0.284,0.05
415,2,0.467,0.95,0.699,0.8,0.333,0.3,0.051,0.1
416,2,0.8,1.0,1.0,0.85,0.1,-0.05,-0.182,0.15
417,7,0.85,0.767,0.65,0.617,0.15,0.283,0.818,0.483
418,7,0.9,0.534,0.3,0.384,0.2,0.616,1.0,0.816
419,,0.85,0.484,0.25,0.334,0.15,0.566,0.95,0.766
420,,0.8,0.434,0.2,0.284,0.1,0.516,0.9,0.716
421,,0.75,0.384,0.15,0.234,0.05,0.466,0.85,0.666
422,,0.7,0.334,0.1,0.184,0.0,0.416,0.8,0.616
423,,0.65,0.284,0.05,0.134,-0.05,0.366,0.75,0.566
424,5,0.3,0.051,0.1,0.467,0.95,0.699,0.8,0.333
425,5,-0.05,-0.182,0.15,0.8,1.0,1.0,0.85,0.1
426,2,0.283,0.818,0.483,0.85,0.767,0.65,0.617,0.15
427,2,0.616,1.0,0.816,0.9,0.534,0.3,0.384,0.2
428,,0.566,0.95,0.766,0.85,0.484,0.25,0.334,0.15
429,,0.516,0.9,0.716,0.8,0.434,0.2,0.284,0.1
430,,0.466,0.85,0.666,0.75,0.384,0.15,0.234,0.05
431,,0.416,0.8,0.616,0.7,0.334,0.1,0.184,0.0
432,,0.366,0.75,0.566,0.65,0.284,0.05,0.134,-0.05
433,8,0.699,0.8,0.333,0.3,0.051,0.1,0.467,0.95
434,8,1.0,0.85,0.1,-0.05,-0.182,0.15,0.8,1.0
435,5,0.65,0.617,0.15,0.283,0.818,0.483,0.85,0.767
436,5,0.3,0.384,0.2,0.616,1.0,0.816,0.9,0.534
437,,0.25,0.334,0.15,0.566,0.95,0.766,0.85,0.484
438,,0.2,0.284,0.1,0.516,0.9,0.716,0.8,0.434
439,,0.15,0.234,0.05,0.466,0.85,0.666,0.75,0.384
440,,0.1,0.184,0.0,0.416,0.8,0.616,0.7,0.334
441,,0.05,0.134,-0.05,0.366,0.75,0.566,0.65,0.284
442,3,0.1,0.467,0.95,0.699,0.8,0.333,0.3,0.051
443,3,0.15,0.8,1.0,1.0,0.85,0.1,-0.05,-0.182
444,8,0.483,0.85,0.767,0.65,0.617,0.15,0.283,0.818
445,8,0.816,0.9,0.534,0.3,0.384,0.2,0.616,1.0
446,,0.766,0.85,0.484,0.25,0.334,0.15,0.566,0.95
447,,0.716,0.8,0.434,0.2,0.284,0.1,0.516,0.9
448,,0.666,0.75,0.384,0.15,0.234,0.05,0.466,0.85
449,,0.616,0.7,0.334,0.1,0.184,0.0,0.416,0.8
450,,0.566,0.65,0.284,0.05,0.134,-0.05,0.366,0.75
451,6,0.333,0.3,0.051,0.1,0.467,0.95,0.699,0.8
452,6,0.1,-0.05,-0.182,0.15,0.8,1.0,1.0,0.85
453,3,0.15,0.283,0.818,0.483,0.85,0.767,0.65,0.617
454,3,0.2,0.616,1.0,0.816,0.9,0.534,0.3,0.384
455,,0.15,0.566,0.95,0.766,0.85,0.484,0.25,0.334
456,,0.1,0.516,0.9,0.716,0.8,0.434,0.2,0.284
457,,0.05,0.466,0.85,0.666,0.75,0.384,0.15,0.234
458,,0.0,0.416,0.8,0.616,0.7,0.334,0.1,0.184
459,,-0.05,0.366,0.75,0.566,0.65,0.284,0.05,0.134
460,1,0.95,0.699,0.8,0.333,0.3,0.051,0.1,0.467
461,1,1.0,1.0,0.85,0.1,-0.05,-0.182,0.15,0.8
462,6,0.767,0.65,0.617,0.15,0.283,0.818,0.483,0.85
463,6,0.534,0.3,0.384,0.2,0.616,1.0,0.816,0.9
464,,0.484,0.25,0.334,0.15,0.566,0.95,0.766,0.85
465,,0.434,0.2,0.284,0.1,0.516,0.9,0.716,0.8
466,,0.384,0.15,0.234,0.05,0.466,0.85,0.666,0.75
467,,0.334,0.1,0.184,0.0,0.416,0.8,0.616,0.7
468,,0.284,0.05,0.134,-0.05,0.366,0.75,0.566,0.65
469,4,0.051,0.1,0.467,0.95,0.699,0.8,0.333,0.3
470,4,-0.182,0.15,0.8,1.0,1.0,0.85,0.1,-0.05
471,1,0.818,0.483,0.85,0.767,0.65,0.617,0.15,0.283
472,1,1.0,0.816,0.9,0.534,0.3,0.384,0.2,0.616
473,,0.95,0.766,0.85,0.484,0.25,0.334,0.15,0.566
474,,0.9,0.716,0.8,0.434,0.2,0.284,0.1,0.516
475,,0.85,0.666,0.75,0.384,0.15,0.234,0.05,0.466
476,,0.8,0.616,0.7,0.334,0.1,0.184,0.0,0.416
477,,0.75,0.566,0.65,0.284,0.05,0.134,-0.05,0.366
478,7,0.8,0.333,0.3,0.051,0.1,0.467,0.95,0.699
479,7,0.85,0.1,-0.05,-0.182,0.15,0.8,1.0,1.0
480,4,0.617,0.15,0.283,0.818,0.483,0.85,0.767,0.65
481,4,0.384,0.2,0.616,1.0,0.816,0.9,0.534,0.3
482,,0.334,0.15,0.566,0.95,0.766,0.85,0.484,0.25
483,,0.284,0.1,0.516,0.9,0.716,0.8,0.434,0.2
484,,0.234,0.05,0.466,0.85,0.666,0.75,0.384,0.15
485,,0.184,0.0,0.416,0.8,0.616,0.7,0.334,0.1
486,,0.134,-0.05,0.366,0.75,0.566,0.65,0.284,0.05
487,2,0.467,0.95,0.699,0.8,0.333,0.3,0.051,0.1
488,2,0.8,1.0,1.0,0.85,0.1,-0.05,-0.182,0.15
489,7,0.85,0.767,0.65,0.617,0.15,0.283,0.818,0.483
490,7,0.9,0.534,0.3,0.384,0.2,0.616,1.0,0.816
491,,0.85,0.484,0.25,0.334,0.15,0.566,0.95,0.766
492,,0.8,0.434,0.2,0.284,0.1,0.516,0.9,0.716
493,,0.75,0.384,0.15,0.234,0.05,0.466,0.85,0.666
494,,0.7,0.334,0.1,0.184,0.0,0.416,0.8,0.616
495,,0.65,0.284,0.05,0.134,-0.05,0.366,0.75,0.566
496,5,0.3,0.051,0.1,0.467,0.95,0.699,0.8,0.333
497,5,-0.05,-0.182,0.15,0.8,1.0,1.0,0.85,0.1
498,2,0.283,0.818,0.483,0.85,0.767,0.65,0.617,0.15
499,2,0.616,1.0,0.816,0.9,0.534,0.3,0.384,0.2
500,,0.566,0.95,0.766,0.85,0.484,0.25,0.334,0.15
501,,0.516,0.9,0.716,0.8,0.434,0.2,0.284,0.1
502,,0.466,0.85,0.666,0.75,0.384,0.15,0.234,0.05
503,,0.416,0.8,0.616,0.7,0.334,0.1,0.184,0.0
504,,0.366,0.75,0.566,0.65,0.284,0.05,0.134,-0.05
505,8,0.699,0.8,0.333,0.3,0.051,0.1,0.467,0.95
506,8,1.0,0.85,0.1,-0.05,-0.182,0.15,0.8,1.0
507,5,0.65,0.617,0.15,0.283,0.818,0.483,0.85,0.767
508,5,0.3,0.384,0.2,0.616,1.0,0.816,0.9,0.534
509,,0.25,0.334,0.15,0.566,0.95,0.766,0.85,0.484
510,,0.2,0.284,0.1,0.516,0.9,0.716,0.8,0.434
511,,0.15,0.234,0.05,0.466,0.85,0.666,0.75,0.384
512,,0.1,0.184,0.0,0.416,0.8,0.616,0.7,0.334
513,,0.05,0.134,-0.05,0.366,0.75,0.566,0.65,0.284
514,3,0.1,0.467,0.95,0.699,0.8,0.333,0.3,0.051
515,3,0.15,0.8,1.0,1.0,0.85,0.1,-0.05,-0.182
516,8,0.483,0.85,0.767,0.65,0.617,0.15,0.283,0.818
517,8,0.816,0.9,0.534,0.3,0.384,0.2,0.616,1.0
518,,0.766,0.85,0.484,0.25,0.334,0.15,0.566,0.95
519,,0.716,0.8,0.434,0.2,0.284,0.1,0.516,0.9
520,,0.666,0.75,0.384,0.15,0.234,0.05,0.466,0.85
521,,0.616,0.7,0.334,0.1,0.184,0.0,0.416,0.8
522,,0.566,0.65,0.284,0.05,0.134,-0.05,0.366,0.75
523,6,0.333,0.3,0.051,0.1,0.467,0.95,0.699,0.8
524,6,0.1,-0.05,-0.182,0.15,0.8,1.0,1.0,0.85
525,3,0.15,0.283,0.818,0.483,0.85,0.767,0.65,0.617
526,3,0.2,0.616,1.0,0.816,0.9,0.534,0.3,0.384
527,,0.15,0.566,0.95,0.766,0.85,0.484,0.25,0.334
528,,0.1,0.516,0.9,0.716,0.8,0.434,0.2,0.284
529,,0.05,0.466,0.85,0.666,0.75,0.384,0.15,0.234
530,,0.0,0.416,0.8,0.616,0.7,0.334,0.1,0.184
531,,-0.05,0.366,0.75,0.566,0.65,0.284,0.05,0.134
532,1,0.95,0.699,0.8,0.333,0.3,0.051,0.1,0.467
533,1,1.0,1.0,0.85,0.1,-0.05,-0.182,0.15,0.8
534,6,0.767,0.65,0.617,0.15,0.283,0.818,0.483,0.85
535,6,0.534,0.3,0.384,0.2,0.616,1.0,0.816,0.9
536,,0.484,0.25,0.334,0.15,0.566,0.95,0.766,0.85
537,,0.434,0.2,0.284,0.1,0.516,0.9,0.716,0.8
538,,0.384,0.15,0.234,0.05,0.466,0.85,0.666,0.75
539,,0.334,0.1,0.184,0.0,0.416,0.8,0.616,0.7
540,,0.284,0.05,0.134,-0.05,0.366,0.75,0.566,0.65
541,4,0.051,0.1,0.467,0.95,0.699,0.8,0.333,0.3
542,4,-0.182,0.15,0.8,1.0,1.0,0.85,0.1,-0.05
543,1,0.818,0.483,0.85,0.767,0.65,0.617,0.15,0.283
544,1,1.0,0.816,0.9,0.534,0.3,0.384,0.2,0.616
545,,0.95,0.766,0.85,0.484,0.25,0.334,0.15,0.566
546,,0.9,0.716,0.8,0.434,0.2,0.284,0.1,0.516
547,,0.85,0.666,0.75,0.384,0.15,0.234,0.05,0.466
548,,0.8,0.616,0.7,0.334,0.1,0.184,0.0,0.416
549,,0.75,0.566,0.65,0.284,0.05,0.134,-0.05,0.366
550,7,0.8,0.333,0.3,0.051,0.1,0.467,0.95,0.699
551,7,0.85,0.1,-0.05,-0.182,0.15,0.8,1.0,1.0
552,4,0.617,0.15,0.283,0.818,0.483,0.85,0.767,0.65
553,4,0.384,0.2,0.616,1.0,0.816,0.9,0.534,0.3
554,,0.334,0.15,0.566,0.95,0.766,0.85,0.484,0.25
555,,0.284,0.1,0.516,0.9,0.716,0.8,0.434,0.2
556,,0.234,0.05,0.466,0.85,0.666,0.75,0.384,0.15
557,,0.184,0.0,0.416,0.8,0.616,0.7,0.334,0.1
558,,0.134,-0.05,0.366,0.75,0.566,0.65,0.284,0.05
559,2,0.467,0.95,0.699,0.8,0.333,0.3,0.051,0.1
560,2,0.8,1.0,1.0,0.85,0.1,-0.05,-0.182,0.15
561,7,0.85,0.767,0.65,0.617,0.15,0.283,0.818,0.483
562,7,0.9,0.534,0.3,0.384,0.2,0.616,1.0,0.816
563,,0.85,0.484,0.25,0.334,0.15,0.566,0.95,0.766
564,,0.8,0.434,0.2,0.284,0.1,0.516,0.9,0.716
565,,0.75,0.384,0.15,0.234,0.05,0.466,0.85,0.666
566,,0.7,0.334,0.1,0.184,0.0,0.416,0.8,0.616
567,,0.65,0.284,0.05,0.134,-0.05,0.366,0.75,0.566
568,5,0.3,0.051,0.1,0.467,0.95,0.699,0.8,0.333
569,5,-0.05,-0.182,0.15,0.8,1.0,1.0,0.85,0.1
570,2,0.283,0.818,0.483,0.85,0.767,0.65,0.617,0.15
571,2,0.616,1.0,0.816,0.9,0.534,0.3,0.384,0.2
572,,0.566,0.95,0.766,0.85,0.484,0.25,0.334,0.15
573,,0.516,0.9,0.716,0.8,0.434,0.2,0.284,0.1
574,,0.466,0.85,0.666,0.75,0.384,0.15,0.234,0.05
575,,0.416,0.8,0.616,0.7,0.334,0.1,0.184,0.0
576,,0.366,0.75,0.566,0.65,0.284,0.05,0.134,-0.05
577,8,0.699,0.8,0.333,0.3,0.051,0.1,0.467,0.95
578,8,1.0,0.85,0.1,-0.05,-0.182,0.15,0.8,1.0
579,5,0.65,0.617,0.15,0.283,0.818,0.483,0.85,0.767
580,5,0.3,0.384,0.2,0.616,1.0,0.816,0.9,0.534
581,,0.25,0.334,0.15,0.566,0.95,0.766,0.85,0.484
582,,0.2,0.284,0.1,0.516,0.9,0.716,0.8,0.434
583,,0.15,0.234,0.05,0.466,0.85,0.666,0.75,0.384
584,,0.1,0.184,0.0,0.416,0.8,0.616,0.7,0.334
585,,0.05,0.134,-0.05,0.366,0.75,0.566,0.65,0.284
586,3,0.1,0.467,0.95,0.699,0.8,0.333,0.3,0.051
587,3,0.15,0.8,1.0,1.0,0.85,0.1,-0.05,-0.182
588,8,0.483,0.85,0.767,0.65,0.617,0.15,0.283,0.818
589,8,0.816,0.9,0.534,0.3,0.384,0.2,0.616,1.0
590,,0.766,0.85,0.484,0.25,0.334,0.15,0.566,0.95
591,,0.716,0.8,0.434,0.2,0.284,0.1,0.516,0.9
592,,0.666,0.75,0.384,0.15,0.234,0.05,0.466,0.85
593,,0.616,0.7,0.334,0.1,0.184,0.0,0.416,0.8
594,,0.566,0.65,0.284,0.05,0.134,-0.05,0.366,0.75
595,6,0.333,0.3,0.051,0.1,0.467,0.95,0.699,0.8
596,6,0.1,-0.05,-0.182,0.15,0.8,1.0,1.0,0.85
597,3,0.15,0.283,0.818,0.483,0.85,0.767,0.65,0.617
598,3,0.2,0.616,1.0,0.816,0.9,0.534,0.3,0.384
599,,0.15,0.566,0.95,0.766,0.85,0.484,0.25,0.334
600,,0.1,0.516,0.9,0.716,0.8,0.434,0.2,0.284
601,,0.05,0.466,0.85,0.666,0.75,0.384,0.15,0.234
602,,0.0,0.416,0.8,0.616,0.7,0.334,0.1,0.184
603,,-0.05,0.366,0.75,0.566,0.65,0.284,0.05,0.134
604,1,0.95,0.699,0.8,0.333,0.3,0.051,0.1,0.467
605,1,1.0,1.0,0.85,0.1,-0.05,-0.182,0.15,0.8
606,6,0.767,0.65,0.617,0.15,0.283,0.818,0.483,0.85
607,6,0.534,0.3,0.384,0.2,0.616,1.0,0.816,0.9
608,,0.484,0.25,0.334,0.15,0.566,0.95,0.766,0.85
609,,0.434,0.2,0.284,0.1,0.516,0.9,0.716,0.8
610,,0.384,0.15,0.234,0.05,0.466,0.85,0.666,0.75
611,,0.334,0.1,0.184,0.0,0.416,0.8,0.616,0.7
612,,0.284,0.05,0.134,-0.05,0.366,0.75,0.566,0.65
613,4,0.051,0.1,0.467,0.95,0.699,0.8,0.333,0.3
614,4,-0.182,0.15,0.8,1.0,1.0,0.85,0.1,-0.05
615,1,0.818,0.483,0.85,0.767,0.65,0.617,0.15,0.283
616,1,1.0,0.816,0.9,0.534,0.3,0.384,0.2,0.616
617,,0.95,0.766,0.85,0.484,0.25,0.334,0.15,0.566
618,,0.9,0.716,0.8,0.434,0.2,0.284,0.1,0.516
619,,0.85,0.666,0.75,0.384,0.15,0.234,0.05,0.466
620,,0.8,0.616,0.7,0.334,0.1,0.184,0.0,0.416
621,,0.75,0.566,0.65,0.284,0.05,0.134,-0.05,0.366
622,7,0.8,0.333,0.3,0.051,0.1,0.467,0.95,0.699
623,7,0.85,0.1,-0.05,-0.182,0.15,0.8,1.0,1.0
624,4,0.617,0.15,0.283,0.818,0.483,0.85,0.767,0.65
625,4,0.384,0.2,0.616,1.0,0.816,0.9,0.534,0.3
626,,0.334,0.15,0.566,0.95,0.766,0.85,0.484,0.25
627,,0.284,0.1,0.516,0.9,0.716,0.8,0.434,0.2
628,,0.234,0.05,0.466,0.85,0.666,0.75,0.384,0.15
629,,0.184,0.0,0.416,0.8,0.616,0.7,0.334,0.1
630,,0.134,-0.05,0.366,0.75,0.566,0.65,0.284,0.05
631,2,0.467,0.95,0.699,0.8,0.333,0.3,0.051,0.1
632,2,0.8,1.0,1.0,0.85,0.1,-0.05,-0.182,0.15
633,7,0.85,0.767,0.65,0.617,0.15,0.283,0.818,0.483
634,7,0.9,0.534,0.3,0.384,0.2,0.616,1.0,0.816
635,,0.85,0.484,0.25,0.334,0.15,0.566,0.95,0.766
636,,0.8,0.434,0.2,0.284,0.1,0.516,0.9,0.716
637,,0.75,0.384,0.15,0.234,0.05,0.466,0.85,0.666
638,,0.7,0.334,0.1,0.184,0.0,0.416,0.8,0.616
639,,0.65,0.284,0.05,0.134,-0.05,0.366,0.75,0.566
640,5,0.3,0.051,0.1,0.467,0.95,0.699,0.8,0.333
641,5,-0.05,-0.182,0.15,0.8,1.0,1.0,0.85,0.1
642,2,0.283,0.818,0.483,0.85,0.767,0.65,0.617,0.15
643,2,0.616,1.0,0.816,0.9,0.534,0.3,0.384,0.2
644,,0.566,0.95,0.766,0.85,0.484,0.25,0.334,0.15
645,,0.516,0.9,0.716,0.8,0.434,0.2,0.284,0.1
646,,0.466,0.85,0.666,0.75,0.384,0.15,0.234,0.05
647,,0.416,0.8,0.616,0.7,0.334,0.1,0.184,0.0
648,,0.366,0.75,0.566,0.65,0.284,0.05,0.134,-0.05
649,8,0.699,0.8,0.333,0.3,0.051,0.1,0.467,0.95
650,8,1.0,0.85,0.1,-0.05,-0.182,0.15,0.8,1.0
651,5,0.65,0.617,0.15,0.283,0.818,0.483,0.85,0.767
652,5,0.3,0.384,0.2,0.616,1.0,0.816,0.9,0.534
653,,0.25,0.334,0.15,0.566,0.95,0.766,0.85,0.484
654,,0.2,0.284,0.1,0.516,0.9,0.716,0.8,0.434
655,,0.15,0.234,0.05,0.466,0.85,0.666,0.75,0.384
656,,0.1,0.184,0.0,0.416,0.8,0.616,0.7,0.334
657,,0.05,0.134,-0.05,0.366,0.75,0.566,0.65,0.284
658,3,0.1,0.467,0.95,0.699,0.8,0.333,0.3,0.051
659,3,0.15,0.8,1.0,1.0,0.85,0.1,-0.05,-0.182
660,8,0.483,0.85,0.767,0.65,0.617,0.15,0.283,0.818
661,8,0.816,0.9,0.534,0.3,0.384,0.2,0.616,1.0
662,,0.766,0.85,0.484,0.25,0.334,0.15,0.566,0.95
663,,0.716,0.8,0.434,0.2,0.284,0.1,0.516,0.9
664,,0.666,0.75,0.384,0.15,0.234,0.05,0.466,0.85
665,,0.616,0.7,0.334,0.1,0.184,0.0,0.416,0.8
666,,0.566,0.65,0.284,0.05,0.134,-0.05,0.366,0.75
667,6,0.333,0.3,0.051,0.1,0.467,0.95,0.699,0.8
668,6,0.1,-0.05,-0.182,0.15,0.8,1.0,1.0,0.85
669,3,0.15,0.283,0.818,0.483,0.85,0.767,0.65,0.617
670,3,0.2,0.616,1.0,0.816,0.9,0.534,0.3,0.384
671,,0.15,0.566,0.95,0.766,0.85,0.484,0.25,0.334
672,,0.1,0.516,0.9,0.716,0.8,0.434,0.2,0.284
673,,0.05,0.466,0.85,0.666,0.75,0.384,0.15,0.234
674,,0.0,0.416,0.8,0.616,0.7,0.334,0.1,0.184
675,,-0.05,0.366,0.75,0.566,0.65,0.284,0.05,0.134
676,1,0.95,0.699,0.8,0.333,0.3,0.051,0.1,0.467
677,1,1.0,1.0,0.85,0.1,-0.05,-0.182,0.15,0.8
678,6,0.767,0.65,0.617,0.15,0.283,0.818,0.483,0.85
679,6,0.534,0.3,0.384,0.2,0.616,1.0,0.816,0.9
680,,0.484,0.25,0.334,0.15,0.566,0.95,0.766,0.85
681,,0.434,0.2,0.284,0.1,0.516,0.9,0.716,0.8
682,,0.384,0.15,0.234,0.05,0.466,0.85,0.666,0.75
683,,0.334,0.1,0.184,0.0,0.416,0.8,0.616,0.7
684,,0.284,0.05,0.134,-0.05,0.366,0.75,0.566,0.65
685,4,0.051,0.1,0.467,0.95,0.699,0.8,0.333,0.3
686,4,-0.182,0.15,0.8,1.0,1.0,0.85,0.1,-0.05
687,1,0.818,0.483,0.85,0.767,0.65,0.617,0.15,0.283
688,1,1.0,0.816,0.9,0.534,0.3,0.384,0.2,0.616
689,,0.95,0.766,0.85,0.484,0.25,0.334,0.15,0.566
690,,0.9,0.716,0.8,0.434,0.2,0.284,0.1,0.516
691,,0.85,0.666,0.75,0.384,0.15,0.234,0.05,0.466
692,,0.8,0.616,0.7,0.334,0.1,0.184,0.0,0.416
693,,0.75,0.566,0.65,0.284,0.05,0.134,-0.05,0.366
694,7,0.8,0.333,0.3,0.051,0.1,0.467,0.95,0.699
695,7,0.85,0.1,-0.05,-0.182,0.15,0.8,1.0,1.0
696,4,0.617,0.15,0.283,0.818,0.483,0.85,0.767,0.65
697,4,0.384,0.2,0.616,1.0,0.816,0.9,0.534,0.3
698,,0.334,0.15,0.566,0.95,0.766,0.85,0.484,0.25
699,,0.284,0.1,0.516,0.9,0.716,0.8,0.434,0.2
700,,0.234,0.05,0.466,0.85,0.666,0.75,0.384,0.15
701,,0.184,0.0,0.416,0.8,0.616,0.7,0.334,0.1
702,,0.134,-0.05,0.366,0.75,0.566,0.65,0.284,0.05
703,2,0.467,0.95,0.699,0.8,0.333,0.3,0.051,0.1
704,2,0.8,1.0,1.0,0.85,0.1,-0.05,-0.182,0.15
705,7,0.85,0.767,0.65,0.617,0.15,0.283,0.818,0.483
706,7,0.9,0.534,0.3,0.384,0.2,0.616,1.0,0.816
707,,0.85,0.484,0.25,0.334,0.15,0.566,0.95,0.766
708,,0.8,0.434,0.2,0.284,0.1,0.516,0.9,0.716
709,,0.75,0.384,0.15,0.234,0.05,0.466,0.85,0.666
710,,0.7,0.334,0.1,0.184,0.0,0.416,0.8,0.616
711,,0.65,0.284,0.05,0.134,-0.05,0.366,0.75,0.566
712,5,0.3,0.051,0.1,0.467,0.95,0.699,0.8,0.333
713,5,-0.05,-0.182,0.15,0.8,1.0,1.0,0.85,0.1
714,2,0.283,0.818,0.483,0.85,0.767,0.65,0.617,0.15
715,2,0.616,1.0,0.816,0.9,0.534,0.3,0.384,0.2
716,,0.566,0.95,0.766,0.85,0.484,0.25,0.334,0.15
717,,0.516,0.9,0.716,0.8,0.434,0.2,0.284,0.1
718,,0.466,0.85,0.666,0.75,0.384,0.15,0.234,0.05
719,,0.416,0.8,0.616,0.7,0.334,0.1,0.184,0.0
720,,0.366,0.75,0.566,0.65,0.284,0.05,0.134,-0.05
721,8,0.699,0.8,0.333,0.3,0.051,0.1,0.467,0.95
722,8,1.0,0.85,0.1,-0.05,-0.182,0.15,0.8,1.0
723,5,0.65,0.617,0.15,0.283,0.818,0.483,0.85,0.767
724,5,0.3,0.384,0.2,0.616,1.0,0.816,0.9,0.534
725,,0.25,0.334,0.15,0.566,0.95,0.766,0.85,0.484
726,,0.2,0.284,0.1,0.516,0.9,0.716,0.8,0.434
727,,0.15,0.234,0.05,0.466,0.85,0.666,0.75,0.384
728,,0.1,0.184,0.0,0.416,0.8,0.616,0.7,0.334
729,,0.05,0.134,-0.05,0.366,0.75,0.566,0.65,0.284
730,3,0.1,0.467,0.95,0.699,0.8,0.333,0.3,0.051
731,3,0.15,0.8,1.0,1.0,0.85,0.1,-0.05,-0.182
732,8,0.483,0.85,0.767,0.65,0.617,0.15,0.283,0.818
733,8,0.816,0.9,0.534,0.3,0.384,0.2,0.616,1.0
734,,0.766,0.85,0.484,0.25,0.334,0.15,0.566,0.95
735,,0.716,0.8,0.434,0.2,0.284,0.1,0.516,0.9
736,,0.666,0.75,0.384,0.15,0.234,0.05,0.466,0.85
737,,0.616,0.7,0.334,0.1,0.184,0.0,0.416,0.8
738,,0.566,0.65,0.284,0.05,0.134,-0.05,0.366,0.75
739,6,0.333,0.3,0.051,0.1,0.467,0.95,0.699,0.8
740,6,0.1,-0.05,-0.182,0.15,0.8,1.0,1.0,0.85
741,3,0.15,0.283,0.818,0.483,0.85,0.767,0.65,0.617
742,3,0.2,0.616,1.0,0.816,0.9,0.534,0.3,0.384
743,,0.15,0.566,0.95,0.766,0.85,0.484,0.25,0.334
744,,0.1,0.516,0.9,0.716,0.8,0.434,0.2,0.284
745,,0.05,0.466,0.85,0.666,0.75,0.384,0.15,0.234
746,,0.0,0.416,0.8,0.616,0.7,0.334,0.1,0.184
747,,-0.05,0.366,0.75,0.566,0.65,0.284,0.05,0.134
748,1,0.95,0.699,0.8,0.333,0.3,0.051,0.1,0.467
749,1,1.0,1.0,0.85,0.1,-0.05,-0.182,0.15,0.8
750,6,0.767,0.65,0.617,0.15,0.283,0.818,0.483,0.85
751,6,0.534,0.3,0.384,0.2,0.616,1.0,0.816,0.9
752,,0.484,0.25,0.334,0.15,0.566,0.95,0.766,0.85
753,,0.434,0.2,0.284,0.1,0.516,0.9,0.716,0.8
754,,0.384,0.15,0.234,0.05,0.466,0.85,0.666,0.75
755,,0.334,0.1,0.184,0.0,0.416,0.8,0.616,0.7
756,,0.284,0.05,0.134,-0.05,0.366,0.75,0.566,0.65
757,4,0.051,0.1,0.467,0.95,0.699,0.8,0.333,0.3
758,4,-0.182,0.15,0.8,1.0,1.0,0.85,0.1,-0.05
759,1,0.818,0.483,0.85,0.767,0.65,0.617,0.15,0.283
760,1,1.0,0.816,0.9,0.534,0.3,0.384,0.2,0.616
761,,0.95,0.766,0.85,0.484,0.25,0.334,0.15,0.566
762,,0.9,0.716,0.8,0.434,0.2,0.284,0.1,0.516
763,,0.85,0.666,0.75,0.384,0.15,0.234,0.05,0.466
764,,0.8,0.616,0.7,0.334,0.1,0.184,0.0,0.416
765,,0.75,0.566,0.65,0.284,0.05,0.134,-0.05,0.366
766,7,0.8,0.333,0.3,0.051,0.1,0.467,0.95,0.699
767,7,0.85,0.1,-0.05,-0.182,0.15,0.8,1.0,1.0
768,4,0.617,0.15,0.283,0.818,0.483,0.85,0.767,0.65
769,4,0.384,0.2,0.616,1.0,0.816,0.9,0.534,0.3
770,,0.334,0.15,0.566,0.95,0.766,0.85,0.484,0.25
771,,0.284,0.1,0.516,0.9,0.716,0.8,0.434,0.2
772,,0.234,0.05,0.466,0.85,0.666,0.75,0.384,0.15
773,,0.184,0.0,0.416,0.8,0.616,0.7,0.334,0.1
774,,0.134,-0.05,0.366,0.75,0.566,0.65,0.284,0.05
775,2,0.467,0.95,0.699,0.8,0.333,0.3,0.051,0.1
776,2,0.8,1.0,1.0,0.85,0.1,-0.05,-0.182,0.15
777,7,0.85,0.767,0.65,0.617,0.15,0.283,0.818,0.483
778,7,0.9,0.534,0.3,0.384,0.2,0.616,1.0,0.816
779,,0.85,0.484,0.25,0.334,0.15,0.566,0.95,0.766
780,,0.8,0.434,0.2,0.284,0.1,0.516,0.9,0.716
781,,0.75,0.384,0.15,0.234,0.05,0.466,0.85,0.666
782,,0.7,0.334,0.1,0.184,0.0,0.416,0.8,0.616
783,,0.65,0.284,0.05,0.134,-0.05,0.366,0.75,0.566
784,5,0.3,0.051,0.1,0.467,0.95,0.699,0.8,0.333
785,5,-0.05,-0.182,0.15,0.8,1.0,1.0,0.85,0.1
786,2,0.283,0.818,0.483,0.85,0.767,0.65,0.617,0.15
787,2,0.616,1.0,0.816,0.9,0.534,0.3,0.384,0.2
788,,0.566,0.95,0.766,0.85,0.484,0.25,0.334,0.15
789,,0.516,0.9,0.716,0.8,0.434,0.2,0.284,0.1
790,,0.466,0.85,0.666,0.75,0.384,0.15,0.234,0.05
791,,0.416,0.8,0.616,0.7,0.334,0.1,0.184,0.0
792,,0.366,0.75,0.566,0.65,0.284,0.05,0.134,-0.05
793,8,0.699,0.8,0.333,0.3,0.051,0.1,0.467,0.95
794,8,1.0,0.85,0.1,-0.05,-0.182,0.15,0.8,1.0
795,5,0.65,0.617,0.15,0.283,0.818,0.483,0.85,0.767
796,5,0.3,0.384,0.2,0.616,1.0,0.816,0.9,0.534
797,,0.25,0.334,0.15,0.566,0.95,0.766,0.85,0.484
798,,0.2,0.284,0.1,0.516,0.9,0.716,0.8,0.434
799,,0.15,0.234,0.05,0.466,0.85,0.666,0.75,0.384
800,,0.1,0.184,0.0,0.416,0.8,0.616,0.7,0.334
801,,0.05,0.134,-0.05,0.366,0.75,0.566,0.65,0.284
802,3,0.1,0.467,0.95,0.699,0.8,0.333,0.3,0.051
803,3,0.15,0.8,1.0,1.0,0.85,0.1,-0.05,-0.182
804,8,0.483,0.85,0.767,0.65,0.617,0.15,0.283,0.818
805,8,0.816,0.9,0.534,0.3,0.384,0.2,0.616,1.0
806,,0.766,0.85,0.484,0.25,0.334,0.15,0.566,0.95
807,,0.716,0.8,0.434,0.2,0.284,0.1,0.516,0.9
808,,0.666,0.75,0.384,0.15,0.234,0.05,0.466,0.85
809,,0.616,0.7,0.334,0.1,0.184,0.0,0.416,0.8
810,,0.566,0.65,0.284,0.05,0.134,-0.05,0.366,0.75
811,6,0.333,0.3,0.051,0.1,0.467,0.95,0.699,0.8
812,6,0.1,-0.05,-0.182,0.15,0.8,1.0,1.0,0.85
813,3,0.15,0.283,0.818,0.483,0.85,0.767,0.65,0.617
814,3,0.2,0.616,1.0,0.816,0.9,0.534,0.3,0.384
815,,0.15,0.566,0.95,0.766,0.85,0.484,0.25,0.334
816,,0.1,0.516,0.9,0.716,0.8,0.434,0.2,0.284
817,,0.05,0.466,0.85,0.666,0.75,0.384,0.15,0.234
818,,0.0,0.416,0.8,0.616,0.7,0.334,0.1,0.184
819,,-0.05,0.366,0.75,0.566,0.65,0.284,0.05,0.134
820,1,0.95,0.699,0.8,0.333,0.3,0.051,0.1,0.467
821,1,1.0,1.0,0.85,0.1,-0.05,-0.182,0.15,0.8
822,6,0.767,0.65,0.617,0.15,0.283,0.818,0.483,0.85
823,6,0.534,0.3,0.384,0.2,0.616,1.0,0.816,0.9
824,,0.484,0.25,0.334,0.15,0.566,0.95,0.766,0.85
825,,0.434,0.2,0.284,0.1,0.516,0.9,0.716,0.8
826,,0.384,0.15,0.234,0.05,0.466,0.85,0.666,0.75
827,,0.334,0.1,0.184,0.0,0.416,0.8,0.616,0.7
828,,0.284,0.05,0.134,-0.05,0.366,0.75,0.566,0.65
829,4,0.051,0.1,0.467,0.95,0.699,0.8,0.333,0.3
830,4,-0.182,0.15,0.8,1.0,1.0,0.85,0.1,-0.05
831,1,0.818,0.483,0.85,0.767,0.65,0.617,0.15,0.283
832,1,1.0,0.816,0.9,0.534,0.3,0.384,0.2,0.616
833,,0.95,0.766,0.85,0.484,0.25,0.334,0.15,0.566
834,,0.9,0.716,0.8,0.434,0.2,0.284,0.1,0.516
