step,active_motive,motive_1,motive_2,motive_3,motive_4,motive_5,motive_6,motive_7,motive_8
0,,0.12367,0.22527,0.06458,0.47703,0.30309,0.11432,0.33585,0.30906
1,,-0.02633,0.07527,-0.08542,0.32703,0.15309,-0.03568,0.18585,0.15906
2,3,0.22367,0.53727,0.91458,0.78903,0.40309,0.00232,0.13585,0.19706
3,3,0.47367,0.99927,1.0,1.0,0.65309,0.04032,0.08585,0.23506
4,,0.32367,0.84927,0.85,0.85,0.50309,-0.10968,-0.06415,0.08506
5,6,0.36167,0.79927,0.888,1.0,0.96509,0.89032,0.39785,0.33506
6,6,0.39967,0.74927,0.926,1.0,1.0,1.0,0.85985,0.58506
7,,0.24967,0.59927,0.776,0.85,0.85,0.85,0.70985,0.43506
8,,0.09967,0.44927,0.626,0.7,0.7,0.7,0.55985,0.28506
9,,-0.05033,0.29927,0.476,0.55,0.55,0.55,0.40985,0.13506
10,1,0.94967,0.76127,0.726,0.588,0.5,0.588,0.65985,0.59706
11,1,1.0,1.0,0.976,0.626,0.45,0.626,0.90985,1.0
12,,0.85,0.85,0.826,0.476,0.3,0.476,0.75985,0.85
13,,0.7,0.7,0.676,0.326,0.15,0.326,0.60985,0.7
14,,0.55,0.55,0.526,0.176,0.0,0.176,0.45985,0.55
15,,0.4,0.4,0.376,0.026,-0.15,0.026,0.30985,0.4
16,5,0.35,0.438,0.626,0.488,0.85,0.488,0.55985,0.438
17,5,0.3,0.476,0.876,0.95,1.0,0.95,0.80985,0.476
18,,0.15,0.326,0.726,0.8,0.85,0.8,0.65985,0.326
19,,0.0,0.176,0.576,0.65,0.7,0.65,0.50985,0.176
20,,-0.15,0.026,0.426,0.5,0.55,0.5,0.35985,0.026
21,1,0.85,0.488,0.676,0.538,0.5,0.538,0.60985,0.488
22,1,1.0,0.95,0.926,0.576,0.45,0.576,0.85985,0.95
23,,0.85,0.8,0.776,0.426,0.3,0.426,0.70985,0.8
24,,0.7,0.65,0.626,0.276,0.15,0.276,0.55985,0.65
25,,0.55,0.5,0.476,0.126,0.0,0.126,0.40985,0.5
26,,0.4,0.35,0.326,-0.024,-0.15,-0.024,0.25985,0.35
27,5,0.35,0.388,0.576,0.438,0.85,0.438,0.50985,0.388
28,5,0.3,0.426,0.826,0.9,1.0,0.9,0.75985,0.426
29,,0.15,0.276,0.676,0.75,0.85,0.75,0.60985,0.276
30,,0.0,0.126,0.526,0.6,0.7,0.6,0.45985,0.126
31,,-0.15,-0.024,0.376,0.45,0.55,0.45,0.30985,-0.024
32,1,0.85,0.438,0.626,0.488,0.5,0.488,0.55985,0.438
33,1,1.0,0.9,0.876,0.526,0.45,0.526,0.80985,0.9
34,,0.85,0.75,0.726,0.376,0.3,0.376,0.65985,0.75
35,,0.7,0.6,0.576,0.226,0.15,0.226,0.50985,0.6
36,,0.55,0.45,0.426,0.076,0.0,0.076,0.35985,0.45
37,,0.4,0.3,0.276,-0.074,-0.15,-0.074,0.20985,0.3
38,5,0.35,0.338,0.526,0.388,0.85,0.388,0.45985,0.338
39,5,0.3,0.376,0.776,0.85,1.0,0.85,0.70985,0.376
40,,0.15,0.226,0.626,0.7,0.85,0.7,0.55985,0.226
41,,0.0,0.076,0.476,0.55,0.7,0.55,0.40985,0.076
42,,-0.15,-0.074,0.326,0.4,0.55,0.4,0.25985,-0.074
43,1,0.85,0.388,0.576,0.438,0.5,0.438,0.50985,0.388
44,1,1.0,0.85,0.826,0.476,0.45,0.476,0.75985,0.85
45,,0.85,0.7,0.676,0.326,0.3,0.326,0.60985,0.7
46,,0.7,0.55,0.526,0.176,0.15,0.176,0.45985,0.55
47,,0.55,0.4,0.376,0.026,0.0,0.026,0.30985,0.4
48,,0.4,0.25,0.226,-0.124,-0.15,-0.124,0.15985,0.25
49,5,0.35,0.288,0.476,0.338,0.85,0.338,0.40985,0.288
50,5,0.3,0.326,0.726,0.8,1.0,0.8,0.65985,0.326
51,,0.15,0.176,0.576,0.65,0.85,0.65,0.50985,0.176
52,,0.0,0.026,0.426,0.5,0.7,0.5,0.35985,0.026
53,,-0.15,-0.124,0.276,0.35,0.55,0.35,0.20985,-0.124
54,1,0.85,0.338,0.526,0.388,0.5,0.388,0.45985,0.338
55,1,1.0,0.8,0.776,0.426,0.45,0.426,0.70985,0.8
56,,0.85,0.65,0.626,0.276,0.3,0.276,0.55985,0.65
57,,0.7,0.5,0.476,0.126,0.15,0.126,0.40985,0.5
58,,0.55,0.35,0.326,-0.024,0.0,-0.024,0.25985,0.35
59,6,0.588,0.3,0.364,0.226,0.462,0.976,0.72185,0.6
60,6,0.626,0.25,0.402,0.476,0.924,1.0,1.0,0.85
61,,0.476,0.1,0.252,0.326,0.774,0.85,0.85,0.7
62,,0.326,-0.05,0.102,0.176,0.624,0.7,0.7,0.55
63,2,0.788,0.95,0.564,0.426,0.662,0.65,0.738,0.8
64,2,1.0,1.0,1.0,0.676,0.7,0.6,0.776,1.0
65,,0.85,0.85,0.85,0.526,0.55,0.45,0.626,0.85
66,,0.7,0.7,0.7,0.376,0.4,0.3,0.476,0.7
67,,0.55,0.55,0.55,0.226,0.25,0.15,0.326,0.55
68,,0.4,0.4,0.4,0.076,0.1,0.0,0.176,0.4
69,,0.25,0.25,0.25,-0.074,-0.05,-0.15,0.026,0.25
70,6,0.288,0.2,0.288,0.176,0.412,0.85,0.488,0.5
71,6,0.326,0.15,0.326,0.426,0.874,1.0,0.95,0.75
72,,0.176,0.0,0.176,0.276,0.724,0.85,0.8,0.6
73,,0.026,-0.15,0.026,0.126,0.574,0.7,0.65,0.45
74,2,0.488,0.85,0.488,0.376,0.612,0.65,0.688,0.7
75,2,0.95,1.0,0.95,0.626,0.65,0.6,0.726,0.95
76,,0.8,0.85,0.8,0.476,0.5,0.45,0.576,0.8
77,,0.65,0.7,0.65,0.326,0.35,0.3,0.426,0.65
78,,0.5,0.55,0.5,0.176,0.2,0.15,0.276,0.5
79,,0.35,0.4,0.35,0.026,0.05,0.0,0.126,0.35
80,,0.2,0.25,0.2,-0.124,-0.1,-0.15,-0.024,0.2
81,6,0.238,0.2,0.238,0.126,0.362,0.85,0.438,0.45
82,6,0.276,0.15,0.276,0.376,0.824,1.0,0.9,0.7
83,,0.126,0.0,0.126,0.226,0.674,0.85,0.75,0.55
84,,-0.024,-0.15,-0.024,0.076,0.524,0.7,0.6,0.4
85,2,0.438,0.85,0.438,0.326,0.562,0.65,0.638,0.65
86,2,0.9,1.0,0.9,0.576,0.6,0.6,0.676,0.9
87,,0.75,0.85,0.75,0.426,0.45,0.45,0.526,0.75
88,,0.6,0.7,0.6,0.276,0.3,0.3,0.376,0.6
89,,0.45,0.55,0.45,0.126,0.15,0.15,0.226,0.45
90,,0.3,0.4,0.3,-0.024,0.0,0.0,0.076,0.3
91,4,0.338,0.65,0.762,0.976,0.462,0.25,0.114,0.25
92,4,0.376,0.9,1.0,1.0,0.924,0.5,0.152,0.2
93,,0.226,0.75,0.85,0.85,0.774,0.35,0.002,0.05
94,,0.076,0.6,0.7,0.7,0.624,0.2,-0.148,-0.1
95,7,0.326,0.638,0.65,0.738,0.874,0.662,0.852,0.362
96,7,0.576,0.676,0.6,0.776,1.0,1.0,1.0,0.824
97,,0.426,0.526,0.45,0.626,0.85,0.85,0.85,0.674
98,,0.276,0.376,0.3,0.476,0.7,0.7,0.7,0.524
99,,0.126,0.226,0.15,0.326,0.55,0.55,0.55,0.374
100,,-0.024,0.076,0.0,0.176,0.4,0.4,0.4,0.224
101,1,0.976,0.538,0.25,0.214,0.35,0.438,0.65,0.686
102,1,1.0,1.0,0.5,0.252,0.3,0.476,0.9,1.0
103,,0.85,0.85,0.35,0.102,0.15,0.326,0.75,0.85
104,,0.7,0.7,0.2,-0.048,0.0,0.176,0.6,0.7
105,4,0.738,0.95,0.662,0.952,0.462,0.426,0.638,0.65
106,4,0.776,1.0,1.0,1.0,0.924,0.676,0.676,0.6
107,,0.626,0.85,0.85,0.85,0.774,0.526,0.526,0.45
108,,0.476,0.7,0.7,0.7,0.624,0.376,0.376,0.3
109,,0.326,0.55,0.55,0.55,0.474,0.226,0.226,0.15
110,,0.176,0.4,0.4,0.4,0.324,0.076,0.076,0.0
111,,0.026,0.25,0.25,0.25,0.174,-0.074,-0.074,-0.15
112,8,0.488,0.5,0.288,0.2,0.212,0.176,0.388,0.85
113,8,0.95,0.75,0.326,0.15,0.25,0.426,0.85,1.0
114,,0.8,0.6,0.176,0.0,0.1,0.276,0.7,0.85
115,,0.65,0.45,0.026,-0.15,-0.05,0.126,0.55,0.7
116,4,0.688,0.7,0.488,0.85,0.412,0.376,0.588,0.65
117,4,0.726,0.95,0.95,1.0,0.874,0.626,0.626,0.6
118,,0.576,0.8,0.8,0.85,0.724,0.476,0.476,0.45
119,,0.426,0.65,0.65,0.7,0.574,0.326,0.326,0.3
120,,0.276,0.5,0.5,0.55,0.424,0.176,0.176,0.15
121,,0.126,0.35,0.35,0.4,0.274,0.026,0.026,0.0
122,,-0.024,0.2,0.2,0.25,0.124,-0.124,-0.124,-0.15
123,8,0.438,0.45,0.238,0.2,0.162,0.126,0.338,0.85
124,8,0.9,0.7,0.276,0.15,0.2,0.376,0.8,1.0
125,,0.75,0.55,0.126,0.0,0.05,0.226,0.65,0.85
126,,0.6,0.4,-0.024,-0.15,-0.1,0.076,0.5,0.7
127,4,0.638,0.65,0.438,0.85,0.362,0.326,0.538,0.65
128,4,0.676,0.9,0.9,1.0,0.824,0.576,0.576,0.6
129,,0.526,0.75,0.75,0.85,0.674,0.426,0.426,0.45
130,,0.376,0.6,0.6,0.7,0.524,0.276,0.276,0.3
131,,0.226,0.45,0.45,0.55,0.374,0.126,0.126,0.15
132,,0.076,0.3,0.3,0.4,0.224,-0.024,-0.024,0.0
133,6,0.114,0.25,0.338,0.65,0.686,0.976,0.438,0.25
134,6,0.152,0.2,0.376,0.9,1.0,1.0,0.9,0.5
135,,0.002,0.05,0.226,0.75,0.85,0.85,0.75,0.35
136,,-0.148,-0.1,0.076,0.6,0.7,0.7,0.6,0.2
137,1,0.852,0.362,0.326,0.638,0.65,0.738,0.85,0.662
138,1,1.0,0.824,0.576,0.676,0.6,0.776,1.0,1.0
139,,0.85,0.674,0.426,0.526,0.45,0.626,0.85,0.85
140,,0.7,0.524,0.276,0.376,0.3,0.476,0.7,0.7
141,,0.55,0.374,0.126,0.226,0.15,0.326,0.55,0.55
142,,0.4,0.224,-0.024,0.076,0.0,0.176,0.4,0.4
143,3,0.65,0.686,0.976,0.538,0.25,0.214,0.35,0.438
144,3,0.9,1.0,1.0,1.0,0.5,0.252,0.3,0.476
145,,0.75,0.85,0.85,0.85,0.35,0.102,0.15,0.326
146,,0.6,0.7,0.7,0.7,0.2,-0.048,0.0,0.176
147,6,0.638,0.65,0.738,0.95,0.662,0.952,0.462,0.426
148,6,0.676,0.6,0.776,1.0,1.0,1.0,0.924,0.676
149,,0.526,0.45,0.626,0.85,0.85,0.85,0.774,0.526
150,,0.376,0.3,0.476,0.7,0.7,0.7,0.624,0.376
151,,0.226,0.15,0.326,0.55,0.55,0.55,0.474,0.226
152,,0.076,0.0,0.176,0.4,0.4,0.4,0.324,0.076
153,,-0.074,-0.15,0.026,0.25,0.25,0.25,0.174,-0.074
154,2,0.388,0.85,0.488,0.5,0.288,0.2,0.212,0.176
155,2,0.85,1.0,0.95,0.75,0.326,0.15,0.25,0.426
156,,0.7,0.85,0.8,0.6,0.176,0.0,0.1,0.276
157,,0.55,0.7,0.65,0.45,0.026,-0.15,-0.05,0.126
158,6,0.588,0.65,0.688,0.7,0.488,0.85,0.412,0.376
159,6,0.626,0.6,0.726,0.95,0.95,1.0,0.874,0.626
160,,0.476,0.45,0.576,0.8,0.8,0.85,0.724,0.476
161,,0.326,0.3,0.426,0.65,0.65,0.7,0.574,0.326
162,,0.176,0.15,0.276,0.5,0.5,0.55,0.424,0.176
163,,0.026,0.0,0.126,0.35,0.35,0.4,0.274,0.026
164,,-0.124,-0.15,-0.024,0.2,0.2,0.25,0.124,-0.124
165,2,0.338,0.85,0.438,0.45,0.238,0.2,0.162,0.126
166,2,0.8,1.0,0.9,0.7,0.276,0.15,0.2,0.376
167,,0.65,0.85,0.75,0.55,0.126,0.0,0.05,0.226
168,,0.5,0.7,0.6,0.4,-0.024,-0.15,-0.1,0.076
169,6,0.538,0.65,0.638,0.65,0.438,0.85,0.362,0.326
170,6,0.576,0.6,0.676,0.9,0.9,1.0,0.824,0.576
171,,0.426,0.45,0.526,0.75,0.75,0.85,0.674,0.426
172,,0.276,0.3,0.376,0.6,0.6,0.7,0.524,0.276
173,,0.126,0.15,0.226,0.45,0.45,0.55,0.374,0.126
174,,-0.024,0.0,0.076,0.3,0.3,0.4,0.224,-0.024
175,8,0.438,0.25,0.114,0.25,0.338,0.65,0.686,0.976
176,8,0.9,0.5,0.152,0.2,0.376,0.9,1.0,1.0
177,,0.75,0.35,0.002,0.05,0.226,0.75,0.85,0.85
178,,0.6,0.2,-0.148,-0.1,0.076,0.6,0.7,0.7
179,3,0.85,0.662,0.852,0.362,0.326,0.638,0.65,0.738
180,3,1.0,1.0,1.0,0.824,0.576,0.676,0.6,0.776
181,,0.85,0.85,0.85,0.674,0.426,0.526,0.45,0.626
182,,0.7,0.7,0.7,0.524,0.276,0.376,0.3,0.476
183,,0.55,0.55,0.55,0.374,0.126,0.226,0.15,0.326
184,,0.4,0.4,0.4,0.224,-0.024,0.076,0.0,0.176
185,5,0.35,0.438,0.65,0.686,0.976,0.538,0.25,0.214
186,5,0.3,0.476,0.9,1.0,1.0,1.0,0.5,0.252
187,,0.15,0.326,0.75,0.85,0.85,0.85,0.35,0.102
188,,0.0,0.176,0.6,0.7,0.7,0.7,0.2,-0.048
189,8,0.462,0.426,0.638,0.65,0.738,0.95,0.662,0.952
190,8,0.924,0.676,0.676,0.6,0.776,1.0,1.0,1.0
191,,0.774,0.526,0.526,0.45,0.626,0.85,0.85,0.85
192,,0.624,0.376,0.376,0.3,0.476,0.7,0.7,0.7
193,,0.474,0.226,0.226,0.15,0.326,0.55,0.55,0.55
194,,0.324,0.076,0.076,0.0,0.176,0.4,0.4,0.4
195,,0.174,-0.074,-0.074,-0.15,0.026,0.25,0.25,0.25
196,4,0.212,0.176,0.388,0.85,0.488,0.5,0.288,0.2
197,4,0.25,0.426,0.85,1.0,0.95,0.75,0.326,0.15
198,,0.1,0.276,0.7,0.85,0.8,0.6,0.176,0.0
199,,-0.05,0.126,0.55,0.7,0.65,0.45,0.026,-0.15
200,8,0.412,0.376,0.588,0.65,0.688,0.7,0.488,0.85
201,8,0.874,0.626,0.626,0.6,0.726,0.95,0.95,1.0
202,,0.724,0.476,0.476,0.45,0.576,0.8,0.8,0.85
203,,0.574,0.326,0.326,0.3,0.426,0.65,0.65,0.7
204,,0.424,0.176,0.176,0.15,0.276,0.5,0.5,0.55
205,,0.274,0.026,0.026,0.0,0.126,0.35,0.35,0.4
206,,0.124,-0.124,-0.124,-0.15,-0.024,0.2,0.2,0.25
207,4,0.162,0.126,0.338,0.85,0.438,0.45,0.238,0.2
208,4,0.2,0.376,0.8,1.0,0.9,0.7,0.276,0.15
209,,0.05,0.226,0.65,0.85,0.75,0.55,0.126,0.0
210,,-0.1,0.076,0.5,0.7,0.6,0.4,-0.024,-0.15
211,8,0.362,0.326,0.538,0.65,0.638,0.65,0.438,0.85
212,8,0.824,0.576,0.576,0.6,0.676,0.9,0.9,1.0
213,,0.674,0.426,0.426,0.45,0.526,0.75,0.75,0.85
214,,0.524,0.276,0.276,0.3,0.376,0.6,0.6,0.7
215,,0.374,0.126,0.126,0.15,0.226,0.45,0.45,0.55
216,,0.224,-0.024,-0.024,0.0,0.076,0.3,0.3,0.4
217,2,0.686,0.976,0.438,0.25,0.114,0.25,0.338,0.65
218,2,1.0,1.0,0.9,0.5,0.152,0.2,0.376,0.9
219,,0.85,0.85,0.75,0.35,0.002,0.05,0.226,0.75
220,,0.7,0.7,0.6,0.2,-0.148,-0.1,0.076,0.6
221,5,0.65,0.738,0.85,0.662,0.852,0.362,0.326,0.638
222,5,0.6,0.776,1.0,1.0,1.0,0.824,0.576,0.676
223,,0.45,0.626,0.85,0.85,0.85,0.674,0.426,0.526
224,,0.3,0.476,0.7,0.7,0.7,0.524,0.276,0.376
225,,0.15,0.326,0.55,0.55,0.55,0.374,0.126,0.226
226,,0.0,0.176,0.4,0.4,0.4,0.224,-0.024,0.076
227,7,0.25,0.214,0.35,0.438,0.65,0.686,0.976,0.538
228,7,0.5,0.252,0.3,0.476,0.9,1.0,1.0,1.0
229,,0.35,0.102,0.15,0.326,0.75,0.85,0.85,0.85
230,,0.2,-0.048,0.0,0.176,0.6,0.7,0.7,0.7
231,2,0.662,0.952,0.462,0.426,0.638,0.65,0.738,0.95
232,2,1.0,1.0,0.924,0.676,0.676,0.6,0.776,1.0
233,,0.85,0.85,0.774,0.526,0.526,0.45,0.626,0.85
234,,0.7,0.7,0.624,0.376,0.376,0.3,0.476,0.7
235,,0.55,0.55,0.474,0.226,0.226,0.15,0.326,0.55
236,,0.4,0.4,0.324,0.076,0.076,0.0,0.176,0.4
237,,0.25,0.25,0.174,-0.074,-0.074,-0.15,0.026,0.25
238,6,0.288,0.2,0.212,0.176,0.388,0.85,0.488,0.5
239,6,0.326,0.15,0.25,0.426,0.85,1.0,0.95,0.75
240,,0.176,0.0,0.1,0.276,0.7,0.85,0.8,0.6
241,,0.026,-0.15,-0.05,0.126,0.55,0.7,0.65,0.45
242,2,0.488,0.85,0.412,0.376,0.588,0.65,0.688,0.7
243,2,0.95,1.0,0.874,0.626,0.626,0.6,0.726,0.95
244,,0.8,0.85,0.724,0.476,0.476,0.45,0.576,0.8
245,,0.65,0.7,0.574,0.326,0.326,0.3,0.426,0.65
246,,0.5,0.55,0.424,0.176,0.176,0.15,0.276,0.5
247,,0.35,0.4,0.274,0.026,0.026,0.0,0.126,0.35
248,,0.2,0.25,0.124,-0.124,-0.124,-0.15,-0.024,0.2
249,6,0.238,0.2,0.162,0.126,0.338,0.85,0.438,0.45
250,6,0.276,0.15,0.2,0.376,0.8,1.0,0.9,0.7
251,,0.126,0.0,0.05,0.226,0.65,0.85,0.75,0.55
252,,-0.024,-0.15,-0.1,0.076,0.5,0.7,0.6,0.4
253,2,0.438,0.85,0.362,0.326,0.538,0.65,0.638,0.65
254,2,0.9,1.0,0.824,0.576,0.576,0.6,0.676,0.9
255,,0.75,0.85,0.674,0.426,0.426,0.45,0.526,0.75
256,,0.6,0.7,0.524,0.276,0.276,0.3,0.376,0.6
257,,0.45,0.55,0.374,0.126,0.126,0.15,0.226,0.45
258,,0.3,0.4,0.224,-0.024,-0.024,0.0,0.076,0.3
259,5,0.25,0.438,0.474,0.438,0.976,0.462,0.326,0.338
260,5,0.2,0.476,0.724,0.9,1.0,0.924,0.576,0.376
261,,0.05,0.326,0.574,0.75,0.85,0.774,0.426,0.226
262,,-0.1,0.176,0.424,0.6,0.7,0.624,0.276,0.076
263,1,0.9,0.638,0.674,0.638,0.65,0.662,0.526,0.538
264,1,1.0,1.0,0.924,0.676,0.6,0.7,0.776,1.0
265,,0.85,0.85,0.774,0.526,0.45,0.55,0.626,0.85
266,,0.7,0.7,0.624,0.376,0.3,0.4,0.476,0.7
267,,0.55,0.55,0.474,0.226,0.15,0.25,0.326,0.55
268,,0.4,0.4,0.324,0.076,0.0,0.1,0.176,0.4
269,,0.25,0.25,0.174,-0.074,-0.15,-0.05,0.026,0.25
270,5,0.2,0.288,0.424,0.388,0.85,0.412,0.276,0.288
271,5,0.15,0.326,0.674,0.85,1.0,0.874,0.526,0.326
272,,0.0,0.176,0.524,0.7,0.85,0.724,0.376,0.176
273,,-0.15,0.026,0.374,0.55,0.7,0.574,0.226,0.026
274,1,0.85,0.488,0.624,0.588,0.65,0.612,0.476,0.488
275,1,1.0,0.95,0.874,0.626,0.6,0.65,0.726,0.95
276,,0.85,0.8,0.724,0.476,0.45,0.5,0.576,0.8
277,,0.7,0.65,0.574,0.326,0.3,0.35,0.426,0.65
278,,0.55,0.5,0.424,0.176,0.15,0.2,0.276,0.5
279,,0.4,0.35,0.274,0.026,0.0,0.05,0.126,0.35
280,,0.25,0.2,0.124,-0.124,-0.15,-0.1,-0.024,0.2
281,5,0.2,0.238,0.374,0.338,0.85,0.362,0.226,0.238
282,5,0.15,0.276,0.624,0.8,1.0,0.824,0.476,0.276
283,,0.0,0.126,0.474,0.65,0.85,0.674,0.326,0.126
284,,-0.15,-0.024,0.324,0.5,0.7,0.524,0.176,-0.024
285,1,0.85,0.438,0.574,0.538,0.65,0.562,0.426,0.438
286,1,1.0,0.9,0.824,0.576,0.6,0.6,0.676,0.9
287,,0.85,0.75,0.674,0.426,0.45,0.45,0.526,0.75
288,,0.7,0.6,0.524,0.276,0.3,0.3,0.376,0.6
289,,0.55,0.45,0.374,0.126,0.15,0.15,0.226,0.45
290,,0.4,0.3,0.224,-0.024,0.0,0.0,0.076,0.3
291,4,0.438,0.55,0.686,0.976,0.462,0.25,0.114,0.25
292,4,0.476,0.8,1.0,1.0,0.924,0.5,0.152,0.2
293,,0.326,0.65,0.85,0.85,0.774,0.35,0.002,0.05
294,,0.176,0.5,0.7,0.7,0.624,0.2,-0.148,-0.1
295,7,0.426,0.538,0.65,0.738,0.874,0.662,0.852,0.362
296,7,0.676,0.576,0.6,0.776,1.0,1.0,1.0,0.824
297,,0.526,0.426,0.45,0.626,0.85,0.85,0.85,0.674
298,,0.376,0.276,0.3,0.476,0.7,0.7,0.7,0.524
299,,0.226,0.126,0.15,0.326,0.55,0.55,0.55,0.374
300,,0.076,-0.024,0.0,0.176,0.4,0.4,0.4,0.224
301,2,0.538,0.976,0.462,0.426,0.438,0.35,0.438,0.474
302,2,1.0,1.0,0.924,0.676,0.476,0.3,0.476,0.724
303,,0.85,0.85,0.774,0.526,0.326,0.15,0.326,0.574
304,,0.7,0.7,0.624,0.376,0.176,0.0,0.176,0.424
305,,0.55,0.55,0.474,0.226,0.026,-0.15,0.026,0.274
306,6,0.588,0.5,0.512,0.476,0.488,0.85,0.488,0.524
307,6,0.626,0.45,0.55,0.726,0.95,1.0,0.95,0.774
308,,0.476,0.3,0.4,0.576,0.8,0.85,0.8,0.624
309,,0.326,0.15,0.25,0.426,0.65,0.7,0.65,0.474
310,,0.176,0.0,0.1,0.276,0.5,0.55,0.5,0.324
311,,0.026,-0.15,-0.05,0.126,0.35,0.4,0.35,0.174
312,2,0.488,0.85,0.412,0.376,0.388,0.35,0.388,0.424
313,2,0.95,1.0,0.874,0.626,0.426,0.3,0.426,0.674
314,,0.8,0.85,0.724,0.476,0.276,0.15,0.276,0.524
315,,0.65,0.7,0.574,0.326,0.126,0.0,0.126,0.374
316,,0.5,0.55,0.424,0.176,-0.024,-0.15,-0.024,0.224
317,6,0.538,0.5,0.462,0.426,0.438,0.85,0.438,0.474
318,6,0.576,0.45,0.5,0.676,0.9,1.0,0.9,0.724
319,,0.426,0.3,0.35,0.526,0.75,0.85,0.75,0.574
320,,0.276,0.15,0.2,0.376,0.6,0.7,0.6,0.424
321,,0.126,0.0,0.05,0.226,0.45,0.55,0.45,0.274
322,,-0.024,-0.15,-0.1,0.076,0.3,0.4,0.3,0.124
323,2,0.438,0.85,0.362,0.326,0.338,0.35,0.338,0.374
324,2,0.9,1.0,0.824,0.576,0.376,0.3,0.376,0.624
325,,0.75,0.85,0.674,0.426,0.226,0.15,0.226,0.474
326,,0.6,0.7,0.524,0.276,0.076,0.0,0.076,0.324
327,,0.45,0.55,0.374,0.126,-0.074,-0.15,-0.074,0.174
328,6,0.488,0.5,0.412,0.376,0.388,0.85,0.388,0.424
329,6,0.526,0.45,0.45,0.626,0.85,1.0,0.85,0.674
330,,0.376,0.3,0.3,0.476,0.7,0.85,0.7,0.524
331,,0.226,0.15,0.15,0.326,0.55,0.7,0.55,0.374
332,,0.076,0.0,0.0,0.176,0.4,0.55,0.4,0.224
333,,-0.074,-0.15,-0.15,0.026,0.25,0.4,0.25,0.074
334,3,0.176,0.312,0.85,0.488,0.5,0.438,0.2,0.112
335,3,0.426,0.774,1.0,0.95,0.75,0.476,0.15,0.15
336,,0.276,0.624,0.85,0.8,0.6,0.326,0.0,0.0
337,,0.126,0.474,0.7,0.65,0.45,0.176,-0.15,-0.15
338,8,0.588,0.724,0.738,0.6,0.488,0.426,0.312,0.85
339,8,1.0,0.974,0.776,0.55,0.526,0.676,0.774,1.0
340,,0.85,0.824,0.626,0.4,0.376,0.526,0.624,0.85
341,,0.7,0.674,0.476,0.25,0.226,0.376,0.474,0.7
342,,0.55,0.524,0.326,0.1,0.076,0.226,0.324,0.55
343,,0.4,0.374,0.176,-0.05,-0.074,0.076,0.174,0.4
344,5,0.35,0.412,0.426,0.412,0.926,0.538,0.424,0.438
345,5,0.3,0.45,0.676,0.874,1.0,1.0,0.674,0.476
346,,0.15,0.3,0.526,0.724,0.85,0.85,0.524,0.326
347,,0.0,0.15,0.376,0.574,0.7,0.7,0.374,0.176
348,,-0.15,0.0,0.226,0.424,0.55,0.55,0.224,0.026
349,1,0.85,0.462,0.476,0.462,0.5,0.588,0.474,0.488
350,1,1.0,0.924,0.726,0.5,0.45,0.626,0.724,0.95
351,,0.85,0.774,0.576,0.35,0.3,0.476,0.574,0.8
352,,0.7,0.624,0.426,0.2,0.15,0.326,0.424,0.65
353,,0.55,0.474,0.276,0.05,0.0,0.176,0.274,0.5
354,,0.4,0.324,0.126,-0.1,-0.15,0.026,0.124,0.35
355,5,0.35,0.362,0.376,0.362,0.85,0.488,0.374,0.388
356,5,0.3,0.4,0.626,0.824,1.0,0.95,0.624,0.426
357,,0.15,0.25,0.476,0.674,0.85,0.8,0.474,0.276
358,,0.0,0.1,0.326,0.524,0.7,0.65,0.324,0.126
359,,-0.15,-0.05,0.176,0.374,0.55,0.5,0.174,-0.024
360,1,0.85,0.412,0.426,0.412,0.5,0.538,0.424,0.438
361,1,1.0,0.874,0.676,0.45,0.45,0.576,0.674,0.9
362,,0.85,0.724,0.526,0.3,0.3,0.426,0.524,0.75
363,,0.7,0.574,0.376,0.15,0.15,0.276,0.374,0.6
364,,0.55,0.424,0.226,0.0,0.0,0.126,0.224,0.45
365,,0.4,0.274,0.076,-0.15,-0.15,-0.024,0.074,0.3
366,5,0.35,0.312,0.326,0.312,0.85,0.438,0.324,0.338
367,5,0.3,0.35,0.576,0.774,1.0,0.9,0.574,0.376
368,,0.15,0.2,0.426,0.624,0.85,0.75,0.424,0.226
369,,0.0,0.05,0.276,0.474,0.7,0.6,0.274,0.076
370,,-0.15,-0.1,0.126,0.324,0.55,0.45,0.124,-0.074
371,1,0.85,0.362,0.376,0.362,0.5,0.488,0.374,0.388
372,1,1.0,0.824,0.626,0.4,0.45,0.526,0.624,0.85
373,,0.85,0.674,0.476,0.25,0.3,0.376,0.474,0.7
374,,0.7,0.524,0.326,0.1,0.15,0.226,0.324,0.55
375,,0.55,0.374,0.176,-0.05,0.0,0.076,0.174,0.4
376,4,0.588,0.624,0.638,0.95,0.462,0.326,0.212,0.35
377,4,0.626,0.874,1.0,1.0,0.924,0.576,0.25,0.3
378,,0.476,0.724,0.85,0.85,0.774,0.426,0.1,0.15
379,,0.326,0.574,0.7,0.7,0.624,0.276,-0.05,0.0
380,7,0.576,0.612,0.65,0.738,0.874,0.738,0.95,0.462
381,7,0.826,0.65,0.6,0.776,1.0,1.0,1.0,0.924
382,,0.676,0.5,0.45,0.626,0.85,0.85,0.85,0.774
383,,0.526,0.35,0.3,0.476,0.7,0.7,0.7,0.624
384,,0.376,0.2,0.15,0.326,0.55,0.55,0.55,0.474
385,,0.226,0.05,0.0,0.176,0.4,0.4,0.4,0.324
386,,0.076,-0.1,-0.15,0.026,0.25,0.25,0.25,0.174
387,3,0.326,0.362,0.85,0.488,0.5,0.288,0.2,0.212
388,3,0.576,0.824,1.0,0.95,0.75,0.326,0.15,0.25
389,,0.426,0.674,0.85,0.8,0.6,0.176,0.0,0.1
390,,0.276,0.524,0.7,0.65,0.45,0.026,-0.15,-0.05
391,7,0.526,0.562,0.65,0.688,0.7,0.488,0.85,0.412
392,7,0.776,0.6,0.6,0.726,0.95,0.95,1.0,0.874
393,,0.626,0.45,0.45,0.576,0.8,0.8,0.85,0.724
394,,0.476,0.3,0.3,0.426,0.65,0.65,0.7,0.574
395,,0.326,0.15,0.15,0.276,0.5,0.5,0.55,0.424
396,,0.176,0.0,0.0,0.126,0.35,0.35,0.4,0.274
397,,0.026,-0.15,-0.15,-0.024,0.2,0.2,0.25,0.124
398,3,0.276,0.312,0.85,0.438,0.45,0.238,0.2,0.162
399,3,0.526,0.774,1.0,0.9,0.7,0.276,0.15,0.2
400,,0.376,0.624,0.85,0.75,0.55,0.126,0.0,0.05
401,,0.226,0.474,0.7,0.6,0.4,-0.024,-0.15,-0.1
402,7,0.476,0.512,0.65,0.638,0.65,0.438,0.85,0.362
403,7,0.726,0.55,0.6,0.676,0.9,0.9,1.0,0.824
404,,0.576,0.4,0.45,0.526,0.75,0.75,0.85,0.674
405,,0.426,0.25,0.3,0.376,0.6,0.6,0.7,0.524
406,,0.276,0.1,0.15,0.226,0.45,0.45,0.55,0.374
407,,0.126,-0.05,0.0,0.076,0.3,0.3,0.4,0.224
408,2,0.588,0.95,0.462,0.326,0.338,0.25,0.438,0.474
409,2,1.0,1.0,0.924,0.576,0.376,0.2,0.476,0.724
410,,0.85,0.85,0.774,0.426,0.226,0.05,0.326,0.574
411,,0.7,0.7,0.624,0.276,0.076,-0.1,0.176,0.424
412,6,0.738,0.65,0.662,0.526,0.538,0.9,0.638,0.674
413,6,0.776,0.6,0.7,0.776,1.0,1.0,1.0,0.924
414,,0.626,0.45,0.55,0.626,0.85,0.85,0.85,0.774
415,,0.476,0.3,0.4,0.476,0.7,0.7,0.7,0.624
416,,0.326,0.15,0.25,0.326,0.55,0.55,0.55,0.474
417,,0.176,0.0,0.1,0.176,0.4,0.4,0.4,0.324
418,,0.026,-0.15,-0.05,0.026,0.25,0.25,0.25,0.174
419,2,0.488,0.85,0.412,0.276,0.288,0.2,0.288,0.424
420,2,0.95,1.0,0.874,0.526,0.326,0.15,0.326,0.674
421,,0.8,0.85,0.724,0.376,0.176,0.0,0.176,0.524
422,,0.65,0.7,0.574,0.226,0.026,-0.15,0.026,0.374
423,6,0.688,0.65,0.612,0.476,0.488,0.85,0.488,0.624
424,6,0.726,0.6,0.65,0.726,0.95,1.0,0.95,0.874
425,,0.576,0.45,0.5,0.576,0.8,0.85,0.8,0.724
426,,0.426,0.3,0.35,0.426,0.65,0.7,0.65,0.574
427,,0.276,0.15,0.2,0.276,0.5,0.55,0.5,0.424
428,,0.126,0.0,0.05,0.126,0.35,0.4,0.35,0.274
429,,-0.024,-0.15,-0.1,-0.024,0.2,0.25,0.2,0.124
430,2,0.438,0.85,0.362,0.226,0.238,0.2,0.238,0.374
431,2,0.9,1.0,0.824,0.476,0.276,0.15,0.276,0.624
432,,0.75,0.85,0.674,0.326,0.126,0.0,0.126,0.474
433,,0.6,0.7,0.524,0.176,-0.024,-0.15,-0.024,0.324
434,6,0.638,0.65,0.562,0.426,0.438,0.85,0.438,0.574
435,6,0.676,0.6,0.6,0.676,0.9,1.0,0.9,0.824
436,,0.526,0.45,0.45,0.526,0.75,0.85,0.75,0.674
437,,0.376,0.3,0.3,0.376,0.6,0.7,0.6,0.524
438,,0.226,0.15,0.15,0.226,0.45,0.55,0.45,0.374
439,,0.076,0.0,0.0,0.076,0.3,0.4,0.3,0.224
440,,-0.074,-0.15,-0.15,-0.074,0.15,0.25,0.15,0.074
441,2,0.388,0.85,0.312,0.176,0.188,0.2,0.188,0.324
442,2,0.85,1.0,0.774,0.426,0.226,0.15,0.226,0.574
443,,0.7,0.85,0.624,0.276,0.076,0.0,0.076,0.424
444,,0.55,0.7,0.474,0.126,-0.074,-0.15,-0.074,0.274
445,6,0.588,0.65,0.512,0.376,0.388,0.85,0.388,0.524
446,6,0.626,0.6,0.55,0.626,0.85,1.0,0.85,0.774
447,,0.476,0.45,0.4,0.476,0.7,0.85,0.7,0.624
448,,0.326,0.3,0.25,0.326,0.55,0.7,0.55,0.474
449,,0.176,0.15,0.1,0.176,0.4,0.55,0.4,0.324
450,,0.026,0.0,-0.05,0.026,0.25,0.4,0.25,0.174
451,3,0.276,0.462,0.95,0.488,0.5,0.438,0.2,0.212
452,3,0.526,0.924,1.0,0.95,0.75,0.476,0.15,0.25
453,,0.376,0.774,0.85,0.8,0.6,0.326,0.0,0.1
454,,0.226,0.624,0.7,0.65,0.45,0.176,-0.15,-0.05
455,7,0.476,0.662,0.65,0.688,0.7,0.638,0.85,0.412
456,7,0.726,0.7,0.6,0.726,0.95,1.0,1.0,0.874
457,,0.576,0.55,0.45,0.576,0.8,0.85,0.85,0.724
458,,0.426,0.4,0.3,0.426,0.65,0.7,0.7,0.574
459,,0.276,0.25,0.15,0.276,0.5,0.55,0.55,0.424
460,,0.126,0.1,0.0,0.126,0.35,0.4,0.4,0.274
461,,-0.024,-0.05,-0.15,-0.024,0.2,0.25,0.25,0.124
462,3,0.226,0.412,0.85,0.438,0.45,0.288,0.2,0.162
463,3,0.476,0.874,1.0,0.9,0.7,0.326,0.15,0.2
464,,0.326,0.724,0.85,0.75,0.55,0.176,0.0,0.05
465,,0.176,0.574,0.7,0.6,0.4,0.026,-0.15,-0.1
466,7,0.426,0.612,0.65,0.638,0.65,0.488,0.85,0.362
467,7,0.676,0.65,0.6,0.676,0.9,0.95,1.0,0.824
468,,0.526,0.5,0.45,0.526,0.75,0.8,0.85,0.674
469,,0.376,0.35,0.3,0.376,0.6,0.65,0.7,0.524
470,,0.226,0.2,0.15,0.226,0.45,0.5,0.55,0.374
471,,0.076,0.05,0.0,0.076,0.3,0.35,0.4,0.224
472,,-0.074,-0.1,-0.15,-0.074,0.15,0.2,0.25,0.074
473,3,0.176,0.362,0.85,0.388,0.4,0.238,0.2,0.112
474,3,0.426,0.824,1.0,0.85,0.65,0.276,0.15,0.15
475,,0.276,0.674,0.85,0.7,0.5,0.126,0.0,0.0
476,,0.126,0.524,0.7,0.55,0.35,-0.024,-0.15,-0.15
477,7,0.376,0.562,0.65,0.588,0.6,0.438,0.85,0.312
478,7,0.626,0.6,0.6,0.626,0.85,0.9,1.0,0.774
479,,0.476,0.45,0.45,0.476,0.7,0.75,0.85,0.624
480,,0.326,0.3,0.3,0.326,0.55,0.6,0.7,0.474
481,,0.176,0.15,0.15,0.176,0.4,0.45,0.55,0.324
482,,0.026,0.0,0.0,0.026,0.25,0.3,0.4,0.174
483,,-0.124,-0.15,-0.15,-0.124,0.1,0.15,0.25,0.024
484,3,0.126,0.312,0.85,0.338,0.35,0.188,0.2,0.062
485,3,0.376,0.774,1.0,0.8,0.6,0.226,0.15,0.1
486,,0.226,0.624,0.85,0.65,0.45,0.076,0.0,-0.05
487,8,0.688,0.874,0.888,0.6,0.488,0.326,0.462,0.95
488,8,1.0,1.0,0.926,0.55,0.526,0.576,0.924,1.0
489,,0.85,0.85,0.776,0.4,0.376,0.426,0.774,0.85
490,,0.7,0.7,0.626,0.25,0.226,0.276,0.624,0.7
491,,0.55,0.55,0.476,0.1,0.076,0.126,0.474,0.55
492,,0.4,0.4,0.326,-0.05,-0.074,-0.024,0.324,0.4
493,5,0.35,0.438,0.576,0.412,0.926,0.438,0.574,0.438
494,5,0.3,0.476,0.826,0.874,1.0,0.9,0.824,0.476
495,,0.15,0.326,0.676,0.724,0.85,0.75,0.674,0.326
496,,0.0,0.176,0.526,0.574,0.7,0.6,0.524,0.176
497,,-0.15,0.026,0.376,0.424,0.55,0.45,0.374,0.026
498,1,0.85,0.488,0.626,0.462,0.5,0.488,0.624,0.488
499,1,1.0,0.95,0.876,0.5,0.45,0.526,0.874,0.95
