step,active_motive,motive_1,motive_2,motive_3,motive_4,motive_5,motive_6,motive_7,motive_8
0,,0.28302,0.07932,0.06008,0.17094,0.0459,0.04708,0.15571,0.48976
1,,0.13302,-0.07068,-0.08992,0.02094,-0.1041,-0.10292,0.00571,0.33976
2,5,0.08302,-0.03268,0.16008,0.48294,0.8959,0.35908,0.25571,0.37776
3,5,0.03302,0.00532,0.41008,0.94494,1.0,0.82108,0.50571,0.41576
4,,-0.11698,-0.14468,0.26008,0.79494,0.85,0.67108,0.35571,0.26576
5,2,0.34502,0.85532,0.72208,1.0,0.888,0.62108,0.39371,0.51576
6,2,0.80702,1.0,1.0,1.0,0.926,0.57108,0.43171,0.76576
7,,0.65702,0.85,0.85,0.85,0.776,0.42108,0.28171,0.61576
8,,0.50702,0.7,0.7,0.7,0.626,0.27108,0.13171,0.46576
9,,0.35702,0.55,0.55,0.55,0.476,0.12108,-0.01829,0.31576
10,7,0.60702,0.588,0.5,0.588,0.726,0.58308,0.98171,0.77776
11,7,0.85702,0.626,0.45,0.626,0.976,1.0,1.0,1.0
12,,0.70702,0.476,0.3,0.476,0.826,0.85,0.85,0.85
13,,0.55702,0.326,0.15,0.326,0.676,0.7,0.7,0.7
14,,0.40702,0.176,0.0,0.176,0.526,0.55,0.55,0.55
15,,0.25702,0.026,-0.15,0.026,0.376,0.4,0.4,0.4
16,3,0.50702,0.488,0.85,0.488,0.626,0.438,0.35,0.438
17,3,0.75702,0.95,1.0,0.95,0.876,0.476,0.3,0.476
18,,0.60702,0.8,0.85,0.8,0.726,0.326,0.15,0.326
19,,0.45702,0.65,0.7,0.65,0.576,0.176,0.0,0.176
20,,0.30702,0.5,0.55,0.5,0.426,0.026,-0.15,0.026
21,7,0.55702,0.538,0.5,0.538,0.676,0.488,0.85,0.488
22,7,0.80702,0.576,0.45,0.576,0.926,0.95,1.0,0.95
23,,0.65702,0.426,0.3,0.426,0.776,0.8,0.85,0.8
24,,0.50702,0.276,0.15,0.276,0.626,0.65,0.7,0.65
25,,0.35702,0.126,0.0,0.126,0.476,0.5,0.55,0.5
26,,0.20702,-0.024,-0.15,-0.024,0.326,0.35,0.4,0.35
27,3,0.45702,0.438,0.85,0.438,0.576,0.388,0.35,0.388
28,3,0.70702,0.9,1.0,0.9,0.826,0.426,0.3,0.426
29,,0.55702,0.75,0.85,0.75,0.676,0.276,0.15,0.276
30,,0.40702,0.6,0.7,0.6,0.526,0.126,0.0,0.126
31,,0.25702,0.45,0.55,0.45,0.376,-0.024,-0.15,-0.024
32,7,0.50702,0.488,0.5,0.488,0.626,0.438,0.85,0.438
33,7,0.75702,0.526,0.45,0.526,0.876,0.9,1.0,0.9
34,,0.60702,0.376,0.3,0.376,0.726,0.75,0.85,0.75
35,,0.45702,0.226,0.15,0.226,0.576,0.6,0.7,0.6
36,,0.30702,0.076,0.0,0.076,0.426,0.45,0.55,0.45
37,,0.15702,-0.074,-0.15,-0.074,0.276,0.3,0.4,0.3
38,3,0.40702,0.388,0.85,0.388,0.526,0.338,0.35,0.338
39,3,0.65702,0.85,1.0,0.85,0.776,0.376,0.3,0.376
40,,0.50702,0.7,0.85,0.7,0.626,0.226,0.15,0.226
41,,0.35702,0.55,0.7,0.55,0.476,0.076,0.0,0.076
42,,0.20702,0.4,0.55,0.4,0.326,-0.074,-0.15,-0.074
43,7,0.45702,0.438,0.5,0.438,0.576,0.388,0.85,0.388
44,7,0.70702,0.476,0.45,0.476,0.826,0.85,1.0,0.85
45,,0.55702,0.326,0.3,0.326,0.676,0.7,0.85,0.7
46,,0.40702,0.176,0.15,0.176,0.526,0.55,0.7,0.55
47,,0.25702,0.026,0.0,0.026,0.376,0.4,0.55,0.4
48,,0.10702,-0.124,-0.15,-0.124,0.226,0.25,0.4,0.25
49,3,0.35702,0.338,0.85,0.338,0.476,0.288,0.35,0.288
50,3,0.60702,0.8,1.0,0.8,0.726,0.326,0.3,0.326
51,,0.45702,0.65,0.85,0.65,0.576,0.176,0.15,0.176
52,,0.30702,0.5,0.7,0.5,0.426,0.026,0.0,0.026
53,,0.15702,0.35,0.55,0.35,0.276,-0.124,-0.15,-0.124
54,7,0.40702,0.388,0.5,0.388,0.526,0.338,0.85,0.338
55,7,0.65702,0.426,0.45,0.426,0.776,0.8,1.0,0.8
56,,0.50702,0.276,0.3,0.276,0.626,0.65,0.85,0.65
57,,0.35702,0.126,0.15,0.126,0.476,0.5,0.7,0.5
58,,0.20702,-0.024,0.0,-0.024,0.326,0.35,0.55,0.35
59,2,0.66902,0.976,0.462,0.226,0.364,0.3,0.588,0.6
60,2,1.0,1.0,0.924,0.476,0.402,0.25,0.626,0.85
61,,0.85,0.85,0.774,0.326,0.252,0.1,0.476,0.7
62,,0.7,0.7,0.624,0.176,0.102,-0.05,0.326,0.55
63,6,0.738,0.65,0.662,0.426,0.564,0.95,0.788,0.8
64,6,0.776,0.6,0.7,0.676,1.0,1.0,1.0,1.0
65,,0.626,0.45,0.55,0.526,0.85,0.85,0.85,0.85
66,,0.476,0.3,0.4,0.376,0.7,0.7,0.7,0.7
67,,0.326,0.15,0.25,0.226,0.55,0.55,0.55,0.55
68,,0.176,0.0,0.1,0.076,0.4,0.4,0.4,0.4
69,,0.026,-0.15,-0.05,-0.074,0.25,0.25,0.25,0.25
70,2,0.488,0.85,0.412,0.176,0.288,0.2,0.288,0.5
71,2,0.95,1.0,0.874,0.426,0.326,0.15,0.326,0.75
72,,0.8,0.85,0.724,0.276,0.176,0.0,0.176,0.6
73,,0.65,0.7,0.574,0.126,0.026,-0.15,0.026,0.45
74,6,0.688,0.65,0.612,0.376,0.488,0.85,0.488,0.7
75,6,0.726,0.6,0.65,0.626,0.95,1.0,0.95,0.95
76,,0.576,0.45,0.5,0.476,0.8,0.85,0.8,0.8
77,,0.426,0.3,0.35,0.326,0.65,0.7,0.65,0.65
78,,0.276,0.15,0.2,0.176,0.5,0.55,0.5,0.5
79,,0.126,0.0,0.05,0.026,0.35,0.4,0.35,0.35
80,,-0.024,-0.15,-0.1,-0.124,0.2,0.25,0.2,0.2
81,2,0.438,0.85,0.362,0.126,0.238,0.2,0.238,0.45
82,2,0.9,1.0,0.824,0.376,0.276,0.15,0.276,0.7
83,,0.75,0.85,0.674,0.226,0.126,0.0,0.126,0.55
84,,0.6,0.7,0.524,0.076,-0.024,-0.15,-0.024,0.4
85,6,0.638,0.65,0.562,0.326,0.438,0.85,0.438,0.65
86,6,0.676,0.6,0.6,0.576,0.9,1.0,0.9,0.9
87,,0.526,0.45,0.45,0.426,0.75,0.85,0.75,0.75
88,,0.376,0.3,0.3,0.276,0.6,0.7,0.6,0.6
89,,0.226,0.15,0.15,0.126,0.45,0.55,0.45,0.45
90,,0.076,0.0,0.0,-0.024,0.3,0.4,0.3,0.3
91,4,0.114,0.25,0.462,0.976,0.762,0.65,0.338,0.25
92,4,0.152,0.5,0.924,1.0,1.0,0.9,0.376,0.2
93,,0.002,0.35,0.774,0.85,0.85,0.75,0.226,0.05
94,,-0.148,0.2,0.624,0.7,0.7,0.6,0.076,-0.1
95,1,0.852,0.662,0.874,0.738,0.65,0.638,0.326,0.362
96,1,1.0,1.0,1.0,0.776,0.6,0.676,0.576,0.824
97,,0.85,0.85,0.85,0.626,0.45,0.526,0.426,0.674
98,,0.7,0.7,0.7,0.476,0.3,0.376,0.276,0.524
99,,0.55,0.55,0.55,0.326,0.15,0.226,0.126,0.374
100,,0.4,0.4,0.4,0.176,0.0,0.076,-0.024,0.224
101,7,0.65,0.438,0.35,0.214,0.25,0.538,0.976,0.686
102,7,0.9,0.476,0.3,0.252,0.5,1.0,1.0,1.0
103,,0.75,0.326,0.15,0.102,0.35,0.85,0.85,0.85
104,,0.6,0.176,0.0,-0.048,0.2,0.7,0.7,0.7
105,4,0.638,0.426,0.462,0.952,0.662,0.95,0.738,0.65
106,4,0.676,0.676,0.924,1.0,1.0,1.0,0.776,0.6
107,,0.526,0.526,0.774,0.85,0.85,0.85,0.626,0.45
108,,0.376,0.376,0.624,0.7,0.7,0.7,0.476,0.3
109,,0.226,0.226,0.474,0.55,0.55,0.55,0.326,0.15
110,,0.076,0.076,0.324,0.4,0.4,0.4,0.176,0.0
111,,-0.074,-0.074,0.174,0.25,0.25,0.25,0.026,-0.15
112,8,0.388,0.176,0.212,0.2,0.288,0.5,0.488,0.85
113,8,0.85,0.426,0.25,0.15,0.326,0.75,0.95,1.0
114,,0.7,0.276,0.1,0.0,0.176,0.6,0.8,0.85
115,,0.55,0.126,-0.05,-0.15,0.026,0.45,0.65,0.7
116,4,0.588,0.376,0.412,0.85,0.488,0.7,0.688,0.65
117,4,0.626,0.626,0.874,1.0,0.95,0.95,0.726,0.6
118,,0.476,0.476,0.724,0.85,0.8,0.8,0.576,0.45
119,,0.326,0.326,0.574,0.7,0.65,0.65,0.426,0.3
120,,0.176,0.176,0.424,0.55,0.5,0.5,0.276,0.15
121,,0.026,0.026,0.274,0.4,0.35,0.35,0.126,0.0
122,,-0.124,-0.124,0.124,0.25,0.2,0.2,-0.024,-0.15
123,8,0.338,0.126,0.162,0.2,0.238,0.45,0.438,0.85
124,8,0.8,0.376,0.2,0.15,0.276,0.7,0.9,1.0
125,,0.65,0.226,0.05,0.0,0.126,0.55,0.75,0.85
126,,0.5,0.076,-0.1,-0.15,-0.024,0.4,0.6,0.7
127,4,0.538,0.326,0.362,0.85,0.438,0.65,0.638,0.65
128,4,0.576,0.576,0.824,1.0,0.9,0.9,0.676,0.6
129,,0.426,0.426,0.674,0.85,0.75,0.75,0.526,0.45
130,,0.276,0.276,0.524,0.7,0.6,0.6,0.376,0.3
131,,0.126,0.126,0.374,0.55,0.45,0.45,0.226,0.15
132,,-0.024,-0.024,0.224,0.4,0.3,0.3,0.076,0.0
133,2,0.438,0.976,0.686,0.65,0.338,0.25,0.114,0.25
134,2,0.9,1.0,1.0,0.9,0.376,0.2,0.152,0.5
135,,0.75,0.85,0.85,0.75,0.226,0.05,0.002,0.35
136,,0.6,0.7,0.7,0.6,0.076,-0.1,-0.148,0.2
137,7,0.85,0.738,0.65,0.638,0.326,0.362,0.852,0.662
138,7,1.0,0.776,0.6,0.676,0.576,0.824,1.0,1.0
139,,0.85,0.626,0.45,0.526,0.426,0.674,0.85,0.85
140,,0.7,0.476,0.3,0.376,0.276,0.524,0.7,0.7
141,,0.55,0.326,0.15,0.226,0.126,0.374,0.55,0.55
142,,0.4,0.176,0.0,0.076,-0.024,0.224,0.4,0.4
143,5,0.35,0.214,0.25,0.538,0.976,0.686,0.65,0.438
144,5,0.3,0.252,0.5,1.0,1.0,1.0,0.9,0.476
145,,0.15,0.102,0.35,0.85,0.85,0.85,0.75,0.326
146,,0.0,-0.048,0.2,0.7,0.7,0.7,0.6,0.176
147,2,0.462,0.952,0.662,0.95,0.738,0.65,0.638,0.426
148,2,0.924,1.0,1.0,1.0,0.776,0.6,0.676,0.676
149,,0.774,0.85,0.85,0.85,0.626,0.45,0.526,0.526
150,,0.624,0.7,0.7,0.7,0.476,0.3,0.376,0.376
151,,0.474,0.55,0.55,0.55,0.326,0.15,0.226,0.226
152,,0.324,0.4,0.4,0.4,0.176,0.0,0.076,0.076
153,,0.174,0.25,0.25,0.25,0.026,-0.15,-0.074,-0.074
154,6,0.212,0.2,0.288,0.5,0.488,0.85,0.388,0.176
155,6,0.25,0.15,0.326,0.75,0.95,1.0,0.85,0.426
156,,0.1,0.0,0.176,0.6,0.8,0.85,0.7,0.276
157,,-0.05,-0.15,0.026,0.45,0.65,0.7,0.55,0.126
158,2,0.412,0.85,0.488,0.7,0.688,0.65,0.588,0.376
159,2,0.874,1.0,0.95,0.95,0.726,0.6,0.626,0.626
160,,0.724,0.85,0.8,0.8,0.576,0.45,0.476,0.476
161,,0.574,0.7,0.65,0.65,0.426,0.3,0.326,0.326
162,,0.424,0.55,0.5,0.5,0.276,0.15,0.176,0.176
163,,0.274,0.4,0.35,0.35,0.126,0.0,0.026,0.026
164,,0.124,0.25,0.2,0.2,-0.024,-0.15,-0.124,-0.124
165,6,0.162,0.2,0.238,0.45,0.438,0.85,0.338,0.126
166,6,0.2,0.15,0.276,0.7,0.9,1.0,0.8,0.376
167,,0.05,0.0,0.126,0.55,0.75,0.85,0.65,0.226
168,,-0.1,-0.15,-0.024,0.4,0.6,0.7,0.5,0.076
169,2,0.362,0.85,0.438,0.65,0.638,0.65,0.538,0.326
170,2,0.824,1.0,0.9,0.9,0.676,0.6,0.576,0.576
171,,0.674,0.85,0.75,0.75,0.526,0.45,0.426,0.426
172,,0.524,0.7,0.6,0.6,0.376,0.3,0.276,0.276
173,,0.374,0.55,0.45,0.45,0.226,0.15,0.126,0.126
174,,0.224,0.4,0.3,0.3,0.076,0.0,-0.024,-0.024
175,8,0.686,0.65,0.338,0.25,0.114,0.25,0.438,0.976
176,8,1.0,0.9,0.376,0.2,0.152,0.5,0.9,1.0
177,,0.85,0.75,0.226,0.05,0.002,0.35,0.75,0.85
178,,0.7,0.6,0.076,-0.1,-0.148,0.2,0.6,0.7
179,5,0.65,0.638,0.326,0.362,0.852,0.662,0.85,0.738
180,5,0.6,0.676,0.576,0.824,1.0,1.0,1.0,0.776
181,,0.45,0.526,0.426,0.674,0.85,0.85,0.85,0.626
182,,0.3,0.376,0.276,0.524,0.7,0.7,0.7,0.476
183,,0.15,0.226,0.126,0.374,0.55,0.55,0.55,0.326
184,,0.0,0.076,-0.024,0.224,0.4,0.4,0.4,0.176
185,3,0.25,0.538,0.976,0.686,0.65,0.438,0.35,0.214
186,3,0.5,1.0,1.0,1.0,0.9,0.476,0.3,0.252
187,,0.35,0.85,0.85,0.85,0.75,0.326,0.15,0.102
188,,0.2,0.7,0.7,0.7,0.6,0.176,0.0,-0.048
189,8,0.662,0.95,0.738,0.65,0.638,0.426,0.462,0.952
190,8,1.0,1.0,0.776,0.6,0.676,0.676,0.924,1.0
191,,0.85,0.85,0.626,0.45,0.526,0.526,0.774,0.85
192,,0.7,0.7,0.476,0.3,0.376,0.376,0.624,0.7
193,,0.55,0.55,0.326,0.15,0.226,0.226,0.474,0.55
194,,0.4,0.4,0.176,0.0,0.076,0.076,0.324,0.4
195,,0.25,0.25,0.026,-0.15,-0.074,-0.074,0.174,0.25
196,4,0.288,0.5,0.488,0.85,0.388,0.176,0.212,0.2
197,4,0.326,0.75,0.95,1.0,0.85,0.426,0.25,0.15
198,,0.176,0.6,0.8,0.85,0.7,0.276,0.1,0.0
199,,0.026,0.45,0.65,0.7,0.55,0.126,-0.05,-0.15
200,8,0.488,0.7,0.688,0.65,0.588,0.376,0.412,0.85
201,8,0.95,0.95,0.726,0.6,0.626,0.626,0.874,1.0
202,,0.8,0.8,0.576,0.45,0.476,0.476,0.724,0.85
203,,0.65,0.65,0.426,0.3,0.326,0.326,0.574,0.7
204,,0.5,0.5,0.276,0.15,0.176,0.176,0.424,0.55
205,,0.35,0.35,0.126,0.0,0.026,0.026,0.274,0.4
206,,0.2,0.2,-0.024,-0.15,-0.124,-0.124,0.124,0.25
207,4,0.238,0.45,0.438,0.85,0.338,0.126,0.162,0.2
208,4,0.276,0.7,0.9,1.0,0.8,0.376,0.2,0.15
209,,0.126,0.55,0.75,0.85,0.65,0.226,0.05,0.0
210,,-0.024,0.4,0.6,0.7,0.5,0.076,-0.1,-0.15
211,8,0.438,0.65,0.638,0.65,0.538,0.326,0.362,0.85
212,8,0.9,0.9,0.676,0.6,0.576,0.576,0.824,1.0
213,,0.75,0.75,0.526,0.45,0.426,0.426,0.674,0.85
214,,0.6,0.6,0.376,0.3,0.276,0.276,0.524,0.7
215,,0.45,0.45,0.226,0.15,0.126,0.126,0.374,0.55
216,,0.3,0.3,0.076,0.0,-0.024,-0.024,0.224,0.4
217,6,0.338,0.25,0.114,0.25,0.438,0.976,0.686,0.65
218,6,0.376,0.2,0.152,0.5,0.9,1.0,1.0,0.9
219,,0.226,0.05,0.002,0.35,0.75,0.85,0.85,0.75
220,,0.076,-0.1,-0.148,0.2,0.6,0.7,0.7,0.6
221,3,0.326,0.362,0.852,0.662,0.85,0.738,0.65,0.638
222,3,0.576,0.824,1.0,1.0,1.0,0.776,0.6,0.676
223,,0.426,0.674,0.85,0.85,0.85,0.626,0.45,0.526
224,,0.276,0.524,0.7,0.7,0.7,0.476,0.3,0.376
225,,0.126,0.374,0.55,0.55,0.55,0.326,0.15,0.226
226,,-0.024,0.224,0.4,0.4,0.4,0.176,0.0,0.076
227,1,0.976,0.686,0.65,0.438,0.35,0.214,0.25,0.538
228,1,1.0,1.0,0.9,0.476,0.3,0.252,0.5,1.0
229,,0.85,0.85,0.75,0.326,0.15,0.102,0.35,0.85
230,,0.7,0.7,0.6,0.176,0.0,-0.048,0.2,0.7
231,6,0.738,0.65,0.638,0.426,0.462,0.952,0.662,0.95
232,6,0.776,0.6,0.676,0.676,0.924,1.0,1.0,1.0
233,,0.626,0.45,0.526,0.526,0.774,0.85,0.85,0.85
234,,0.476,0.3,0.376,0.376,0.624,0.7,0.7,0.7
235,,0.326,0.15,0.226,0.226,0.474,0.55,0.55,0.55
236,,0.176,0.0,0.076,0.076,0.324,0.4,0.4,0.4
237,,0.026,-0.15,-0.074,-0.074,0.174,0.25,0.25,0.25
238,2,0.488,0.85,0.388,0.176,0.212,0.2,0.288,0.5
239,2,0.95,1.0,0.85,0.426,0.25,0.15,0.326,0.75
240,,0.8,0.85,0.7,0.276,0.1,0.0,0.176,0.6
241,,0.65,0.7,0.55,0.126,-0.05,-0.15,0.026,0.45
242,6,0.688,0.65,0.588,0.376,0.412,0.85,0.488,0.7
243,6,0.726,0.6,0.626,0.626,0.874,1.0,0.95,0.95
244,,0.576,0.45,0.476,0.476,0.724,0.85,0.8,0.8
245,,0.426,0.3,0.326,0.326,0.574,0.7,0.65,0.65
246,,0.276,0.15,0.176,0.176,0.424,0.55,0.5,0.5
247,,0.126,0.0,0.026,0.026,0.274,0.4,0.35,0.35
248,,-0.024,-0.15,-0.124,-0.124,0.124,0.25,0.2,0.2
249,2,0.438,0.85,0.338,0.126,0.162,0.2,0.238,0.45
250,2,0.9,1.0,0.8,0.376,0.2,0.15,0.276,0.7
251,,0.75,0.85,0.65,0.226,0.05,0.0,0.126,0.55
252,,0.6,0.7,0.5,0.076,-0.1,-0.15,-0.024,0.4
253,6,0.638,0.65,0.538,0.326,0.362,0.85,0.438,0.65
254,6,0.676,0.6,0.576,0.576,0.824,1.0,0.9,0.9
255,,0.526,0.45,0.426,0.426,0.674,0.85,0.75,0.75
256,,0.376,0.3,0.276,0.276,0.524,0.7,0.6,0.6
257,,0.226,0.15,0.126,0.126,0.374,0.55,0.45,0.45
258,,0.076,0.0,-0.024,-0.024,0.224,0.4,0.3,0.3
259,4,0.114,0.25,0.438,0.976,0.686,0.65,0.338,0.25
260,4,0.152,0.5,0.9,1.0,1.0,0.9,0.376,0.2
261,,0.002,0.35,0.75,0.85,0.85,0.75,0.226,0.05
262,,-0.148,0.2,0.6,0.7,0.7,0.6,0.076,-0.1
263,1,0.852,0.662,0.85,0.738,0.65,0.638,0.326,0.362
264,1,1.0,1.0,1.0,0.776,0.6,0.676,0.576,0.824
265,,0.85,0.85,0.85,0.626,0.45,0.526,0.426,0.674
266,,0.7,0.7,0.7,0.476,0.3,0.376,0.276,0.524
267,,0.55,0.55,0.55,0.326,0.15,0.226,0.126,0.374
268,,0.4,0.4,0.4,0.176,0.0,0.076,-0.024,0.224
269,7,0.65,0.438,0.35,0.214,0.25,0.538,0.976,0.686
270,7,0.9,0.476,0.3,0.252,0.5,1.0,1.0,1.0
271,,0.75,0.326,0.15,0.102,0.35,0.85,0.85,0.85
272,,0.6,0.176,0.0,-0.048,0.2,0.7,0.7,0.7
273,4,0.638,0.426,0.462,0.952,0.662,0.95,0.738,0.65
274,4,0.676,0.676,0.924,1.0,1.0,1.0,0.776,0.6
275,,0.526,0.526,0.774,0.85,0.85,0.85,0.626,0.45
276,,0.376,0.376,0.624,0.7,0.7,0.7,0.476,0.3
277,,0.226,0.226,0.474,0.55,0.55,0.55,0.326,0.15
278,,0.076,0.076,0.324,0.4,0.4,0.4,0.176,0.0
279,,-0.074,-0.074,0.174,0.25,0.25,0.25,0.026,-0.15
280,8,0.388,0.176,0.212,0.2,0.288,0.5,0.488,0.85
281,8,0.85,0.426,0.25,0.15,0.326,0.75,0.95,1.0
282,,0.7,0.276,0.1,0.0,0.176,0.6,0.8,0.85
283,,0.55,0.126,-0.05,-0.15,0.026,0.45,0.65,0.7
284,4,0.588,0.376,0.412,0.85,0.488,0.7,0.688,0.65
285,4,0.626,0.626,0.874,1.0,0.95,0.95,0.726,0.6
286,,0.476,0.476,0.724,0.85,0.8,0.8,0.576,0.45
287,,0.326,0.326,0.574,0.7,0.65,0.65,0.426,0.3
288,,0.176,0.176,0.424,0.55,0.5,0.5,0.276,0.15
289,,0.026,0.026,0.274,0.4,0.35,0.35,0.126,0.0
290,,-0.124,-0.124,0.124,0.25,0.2,0.2,-0.024,-0.15
291,8,0.338,0.126,0.162,0.2,0.238,0.45,0.438,0.85
292,8,0.8,0.376,0.2,0.15,0.276,0.7,0.9,1.0
293,,0.65,0.226,0.05,0.0,0.126,0.55,0.75,0.85
294,,0.5,0.076,-0.1,-0.15,-0.024,0.4,0.6,0.7
295,4,0.538,0.326,0.362,0.85,0.438,0.65,0.638,0.65
296,4,0.576,0.576,0.824,1.0,0.9,0.9,0.676,0.6
297,,0.426,0.426,0.674,0.85,0.75,0.75,0.526,0.45
298,,0.276,0.276,0.524,0.7,0.6,0.6,0.376,0.3
299,,0.126,0.126,0.374,0.55,0.45,0.45,0.226,0.15
300,,-0.024,-0.024,0.224,0.4,0.3,0.3,0.076,0.0
301,2,0.438,0.976,0.686,0.65,0.338,0.25,0.114,0.25
302,2,0.9,1.0,1.0,0.9,0.376,0.2,0.152,0.5
303,,0.75,0.85,0.85,0.75,0.226,0.05,0.002,0.35
304,,0.6,0.7,0.7,0.6,0.076,-0.1,-0.148,0.2
305,7,0.85,0.738,0.65,0.638,0.326,0.362,0.852,0.662
306,7,1.0,0.776,0.6,0.676,0.576,0.824,1.0,1.0
307,,0.85,0.626,0.45,0.526,0.426,0.674,0.85,0.85
308,,0.7,0.476,0.3,0.376,0.276,0.524,0.7,0.7
309,,0.55,0.326,0.15,0.226,0.126,0.374,0.55,0.55
310,,0.4,0.176,0.0,0.076,-0.024,0.224,0.4,0.4
311,5,0.35,0.214,0.25,0.538,0.976,0.686,0.65,0.438
312,5,0.3,0.252,0.5,1.0,1.0,1.0,0.9,0.476
313,,0.15,0.102,0.35,0.85,0.85,0.85,0.75,0.326
314,,0.0,-0.048,0.2,0.7,0.7,0.7,0.6,0.176
315,2,0.462,0.952,0.662,0.95,0.738,0.65,0.638,0.426
316,2,0.924,1.0,1.0,1.0,0.776,0.6,0.676,0.676
317,,0.774,0.85,0.85,0.85,0.626,0.45,0.526,0.526
318,,0.624,0.7,0.7,0.7,0.476,0.3,0.376,0.376
319,,0.474,0.55,0.55,0.55,0.326,0.15,0.226,0.226
320,,0.324,0.4,0.4,0.4,0.176,0.0,0.076,0.076
321,,0.174,0.25,0.25,0.25,0.026,-0.15,-0.074,-0.074
322,6,0.212,0.2,0.288,0.5,0.488,0.85,0.388,0.176
323,6,0.25,0.15,0.326,0.75,0.95,1.0,0.85,0.426
324,,0.1,0.0,0.176,0.6,0.8,0.85,0.7,0.276
325,,-0.05,-0.15,0.026,0.45,0.65,0.7,0.55,0.126
326,2,0.412,0.85,0.488,0.7,0.688,0.65,0.588,0.376
327,2,0.874,1.0,0.95,0.95,0.726,0.6,0.626,0.626
328,,0.724,0.85,0.8,0.8,0.576,0.45,0.476,0.476
329,,0.574,0.7,0.65,0.65,0.426,0.3,0.326,0.326
330,,0.424,0.55,0.5,0.5,0.276,0.15,0.176,0.176
331,,0.274,0.4,0.35,0.35,0.126,0.0,0.026,0.026
332,,0.124,0.25,0.2,0.2,-0.024,-0.15,-0.124,-0.124
333,6,0.162,0.2,0.238,0.45,0.438,0.85,0.338,0.126
334,6,0.2,0.15,0.276,0.7,0.9,1.0,0.8,0.376
335,,0.05,0.0,0.126,0.55,0.75,0.85,0.65,0.226
336,,-0.1,-0.15,-0.024,0.4,0.6,0.7,0.5,0.076
337,2,0.362,0.85,0.438,0.65,0.638,0.65,0.538,0.326
338,2,0.824,1.0,0.9,0.9,0.676,0.6,0.576,0.576
339,,0.674,0.85,0.75,0.75,0.526,0.45,0.426,0.426
340,,0.524,0.7,0.6,0.6,0.376,0.3,0.276,0.276
341,,0.374,0.55,0.45,0.45,0.226,0.15,0.126,0.126
342,,0.224,0.4,0.3,0.3,0.076,0.0,-0.024,-0.024
343,7,0.474,0.438,0.25,0.338,0.326,0.462,0.976,0.438
344,7,0.724,0.476,0.2,0.376,0.576,0.924,1.0,0.9
345,,0.574,0.326,0.05,0.226,0.426,0.774,0.85,0.75
346,,0.424,0.176,-0.1,0.076,0.276,0.624,0.7,0.6
347,3,0.674,0.638,0.9,0.538,0.526,0.662,0.65,0.638
348,3,0.924,1.0,1.0,1.0,0.776,0.7,0.6,0.676
349,,0.774,0.85,0.85,0.85,0.626,0.55,0.45,0.526
350,,0.624,0.7,0.7,0.7,0.476,0.4,0.3,0.376
351,,0.474,0.55,0.55,0.55,0.326,0.25,0.15,0.226
352,,0.324,0.4,0.4,0.4,0.176,0.1,0.0,0.076
353,,0.174,0.25,0.25,0.25,0.026,-0.05,-0.15,-0.074
354,7,0.424,0.288,0.2,0.288,0.276,0.412,0.85,0.388
355,7,0.674,0.326,0.15,0.326,0.526,0.874,1.0,0.85
356,,0.524,0.176,0.0,0.176,0.376,0.724,0.85,0.7
357,,0.374,0.026,-0.15,0.026,0.226,0.574,0.7,0.55
358,3,0.624,0.488,0.85,0.488,0.476,0.612,0.65,0.588
359,3,0.874,0.95,1.0,0.95,0.726,0.65,0.6,0.626
360,,0.724,0.8,0.85,0.8,0.576,0.5,0.45,0.476
361,,0.574,0.65,0.7,0.65,0.426,0.35,0.3,0.326
362,,0.424,0.5,0.55,0.5,0.276,0.2,0.15,0.176
363,,0.274,0.35,0.4,0.35,0.126,0.05,0.0,0.026
364,,0.124,0.2,0.25,0.2,-0.024,-0.1,-0.15,-0.124
365,7,0.374,0.238,0.2,0.238,0.226,0.362,0.85,0.338
366,7,0.624,0.276,0.15,0.276,0.476,0.824,1.0,0.8
367,,0.474,0.126,0.0,0.126,0.326,0.674,0.85,0.65
368,,0.324,-0.024,-0.15,-0.024,0.176,0.524,0.7,0.5
369,3,0.574,0.438,0.85,0.438,0.426,0.562,0.65,0.538
370,3,0.824,0.9,1.0,0.9,0.676,0.6,0.6,0.576
371,,0.674,0.75,0.85,0.75,0.526,0.45,0.45,0.426
372,,0.524,0.6,0.7,0.6,0.376,0.3,0.3,0.276
373,,0.374,0.45,0.55,0.45,0.226,0.15,0.15,0.126
374,,0.224,0.3,0.4,0.3,0.076,0.0,0.0,-0.024
375,8,0.686,0.55,0.438,0.25,0.114,0.25,0.462,0.976
376,8,1.0,0.8,0.476,0.2,0.152,0.5,0.924,1.0
377,,0.85,0.65,0.326,0.05,0.002,0.35,0.774,0.85
378,,0.7,0.5,0.176,-0.1,-0.148,0.2,0.624,0.7
379,5,0.65,0.538,0.426,0.362,0.852,0.662,0.874,0.738
380,5,0.6,0.576,0.676,0.824,1.0,1.0,1.0,0.776
381,,0.45,0.426,0.526,0.674,0.85,0.85,0.85,0.626
382,,0.3,0.276,0.376,0.524,0.7,0.7,0.7,0.476
383,,0.15,0.126,0.226,0.374,0.55,0.55,0.55,0.326
384,,0.0,-0.024,0.076,0.224,0.4,0.4,0.4,0.176
385,2,0.462,0.976,0.538,0.474,0.438,0.35,0.438,0.426
386,2,0.924,1.0,1.0,0.724,0.476,0.3,0.476,0.676
387,,0.774,0.85,0.85,0.574,0.326,0.15,0.326,0.526
388,,0.624,0.7,0.7,0.424,0.176,0.0,0.176,0.376
389,,0.474,0.55,0.55,0.274,0.026,-0.15,0.026,0.226
390,6,0.512,0.5,0.588,0.524,0.488,0.85,0.488,0.476
391,6,0.55,0.45,0.626,0.774,0.95,1.0,0.95,0.726
392,,0.4,0.3,0.476,0.624,0.8,0.85,0.8,0.576
393,,0.25,0.15,0.326,0.474,0.65,0.7,0.65,0.426
394,,0.1,0.0,0.176,0.324,0.5,0.55,0.5,0.276
395,,-0.05,-0.15,0.026,0.174,0.35,0.4,0.35,0.126
396,2,0.412,0.85,0.488,0.424,0.388,0.35,0.388,0.376
397,2,0.874,1.0,0.95,0.674,0.426,0.3,0.426,0.626
398,,0.724,0.85,0.8,0.524,0.276,0.15,0.276,0.476
399,,0.574,0.7,0.65,0.374,0.126,0.0,0.126,0.326
400,,0.424,0.55,0.5,0.224,-0.024,-0.15,-0.024,0.176
401,6,0.462,0.5,0.538,0.474,0.438,0.85,0.438,0.426
402,6,0.5,0.45,0.576,0.724,0.9,1.0,0.9,0.676
403,,0.35,0.3,0.426,0.574,0.75,0.85,0.75,0.526
404,,0.2,0.15,0.276,0.424,0.6,0.7,0.6,0.376
405,,0.05,0.0,0.126,0.274,0.45,0.55,0.45,0.226
406,,-0.1,-0.15,-0.024,0.124,0.3,0.4,0.3,0.076
407,2,0.362,0.85,0.438,0.374,0.338,0.35,0.338,0.326
408,2,0.824,1.0,0.9,0.624,0.376,0.3,0.376,0.576
409,,0.674,0.85,0.75,0.474,0.226,0.15,0.226,0.426
410,,0.524,0.7,0.6,0.324,0.076,0.0,0.076,0.276
411,,0.374,0.55,0.45,0.174,-0.074,-0.15,-0.074,0.126
412,6,0.412,0.5,0.488,0.424,0.388,0.85,0.388,0.376
413,6,0.45,0.45,0.526,0.674,0.85,1.0,0.85,0.626
414,,0.3,0.3,0.376,0.524,0.7,0.85,0.7,0.476
415,,0.15,0.15,0.226,0.374,0.55,0.7,0.55,0.326
416,,0.0,0.0,0.076,0.224,0.4,0.55,0.4,0.176
417,,-0.15,-0.15,-0.074,0.074,0.25,0.4,0.25,0.026
418,1,0.85,0.312,0.176,0.112,0.2,0.438,0.5,0.488
419,1,1.0,0.774,0.426,0.15,0.15,0.476,0.75,0.95
420,,0.85,0.624,0.276,0.0,0.0,0.326,0.6,0.8
421,,0.7,0.474,0.126,-0.15,-0.15,0.176,0.45,0.65
422,5,0.65,0.512,0.376,0.312,0.85,0.638,0.7,0.688
423,5,0.6,0.55,0.626,0.774,1.0,1.0,0.95,0.726
424,,0.45,0.4,0.476,0.624,0.85,0.85,0.8,0.576
425,,0.3,0.25,0.326,0.474,0.7,0.7,0.65,0.426
426,,0.15,0.1,0.176,0.324,0.55,0.55,0.5,0.276
427,,0.0,-0.05,0.026,0.174,0.4,0.4,0.35,0.126
428,2,0.462,0.95,0.488,0.424,0.438,0.35,0.388,0.376
429,2,0.924,1.0,0.95,0.674,0.476,0.3,0.426,0.626
430,,0.774,0.85,0.8,0.524,0.326,0.15,0.276,0.476
431,,0.624,0.7,0.65,0.374,0.176,0.0,0.126,0.326
432,,0.474,0.55,0.5,0.224,0.026,-0.15,-0.024,0.176
433,6,0.512,0.5,0.538,0.474,0.488,0.85,0.438,0.426
434,6,0.55,0.45,0.576,0.724,0.95,1.0,0.9,0.676
435,,0.4,0.3,0.426,0.574,0.8,0.85,0.75,0.526
436,,0.25,0.15,0.276,0.424,0.65,0.7,0.6,0.376
437,,0.1,0.0,0.126,0.274,0.5,0.55,0.45,0.226
438,,-0.05,-0.15,-0.024,0.124,0.35,0.4,0.3,0.076
439,2,0.412,0.85,0.438,0.374,0.388,0.35,0.338,0.326
440,2,0.874,1.0,0.9,0.624,0.426,0.3,0.376,0.576
441,,0.724,0.85,0.75,0.474,0.276,0.15,0.226,0.426
442,,0.574,0.7,0.6,0.324,0.126,0.0,0.076,0.276
443,,0.424,0.55,0.45,0.174,-0.024,-0.15,-0.074,0.126
444,6,0.462,0.5,0.488,0.424,0.438,0.85,0.388,0.376
445,6,0.5,0.45,0.526,0.674,0.9,1.0,0.85,0.626
446,,0.35,0.3,0.376,0.524,0.75,0.85,0.7,0.476
447,,0.2,0.15,0.226,0.374,0.6,0.7,0.55,0.326
448,,0.05,0.0,0.076,0.224,0.45,0.55,0.4,0.176
449,,-0.1,-0.15,-0.074,0.074,0.3,0.4,0.25,0.026
450,2,0.362,0.85,0.388,0.324,0.338,0.35,0.288,0.276
451,2,0.824,1.0,0.85,0.574,0.376,0.3,0.326,0.526
452,,0.674,0.85,0.7,0.424,0.226,0.15,0.176,0.376
453,,0.524,0.7,0.55,0.274,0.076,0.0,0.026,0.226
454,,0.374,0.55,0.4,0.124,-0.074,-0.15,-0.124,0.076
455,6,0.412,0.5,0.438,0.374,0.388,0.85,0.338,0.326
456,6,0.45,0.45,0.476,0.624,0.85,1.0,0.8,0.576
457,,0.3,0.3,0.326,0.474,0.7,0.85,0.65,0.426
458,,0.15,0.15,0.176,0.324,0.55,0.7,0.5,0.276
459,,0.0,0.0,0.026,0.174,0.4,0.55,0.35,0.126
460,,-0.15,-0.15,-0.124,0.024,0.25,0.4,0.2,-0.024
461,1,0.85,0.312,0.126,0.062,0.2,0.438,0.45,0.438
462,1,1.0,0.774,0.376,0.1,0.15,0.476,0.7,0.9
463,,0.85,0.624,0.226,-0.05,0.0,0.326,0.55,0.75
464,4,0.888,0.874,0.688,0.95,0.462,0.576,0.588,0.7
465,4,0.926,1.0,1.0,1.0,0.924,0.826,0.626,0.65
466,,0.776,0.85,0.85,0.85,0.774,0.676,0.476,0.5
467,,0.626,0.7,0.7,0.7,0.624,0.526,0.326,0.35
468,,0.476,0.55,0.55,0.55,0.474,0.376,0.176,0.2
469,,0.326,0.4,0.4,0.4,0.324,0.226,0.026,0.05
470,,0.176,0.25,0.25,0.25,0.174,0.076,-0.124,-0.1
471,7,0.426,0.288,0.2,0.288,0.424,0.538,0.876,0.362
472,7,0.676,0.326,0.15,0.326,0.674,1.0,1.0,0.824
473,,0.526,0.176,0.0,0.176,0.524,0.85,0.85,0.674
474,,0.376,0.026,-0.15,0.026,0.374,0.7,0.7,0.524
475,3,0.626,0.488,0.85,0.488,0.624,0.738,0.65,0.562
476,3,0.876,0.95,1.0,0.95,0.874,0.776,0.6,0.6
477,,0.726,0.8,0.85,0.8,0.724,0.626,0.45,0.45
478,,0.576,0.65,0.7,0.65,0.574,0.476,0.3,0.3
479,,0.426,0.5,0.55,0.5,0.424,0.326,0.15,0.15
480,,0.276,0.35,0.4,0.35,0.274,0.176,0.0,0.0
481,,0.126,0.2,0.25,0.2,0.124,0.026,-0.15,-0.15
482,8,0.588,0.45,0.288,0.15,0.162,0.276,0.312,0.85
483,8,1.0,0.7,0.326,0.1,0.2,0.526,0.774,1.0
484,,0.85,0.55,0.176,-0.05,0.05,0.376,0.624,0.85
485,4,0.888,0.8,0.638,0.95,0.512,0.626,0.662,0.8
486,4,0.926,1.0,1.0,1.0,0.974,0.876,0.7,0.75
487,,0.776,0.85,0.85,0.85,0.824,0.726,0.55,0.6
488,,0.626,0.7,0.7,0.7,0.674,0.576,0.4,0.45
489,,0.476,0.55,0.55,0.55,0.524,0.426,0.25,0.3
490,,0.326,0.4,0.4,0.4,0.374,0.276,0.1,0.15
491,,0.176,0.25,0.25,0.25,0.224,0.126,-0.05,0.0
492,7,0.426,0.288,0.2,0.288,0.474,0.588,0.95,0.462
493,7,0.676,0.326,0.15,0.326,0.724,1.0,1.0,0.924
494,,0.526,0.176,0.0,0.176,0.574,0.85,0.85,0.774
495,,0.376,0.026,-0.15,0.026,0.424,0.7,0.7,0.624
496,3,0.626,0.488,0.85,0.488,0.674,0.738,0.65,0.662
497,3,0.876,0.95,1.0,0.95,0.924,0.776,0.6,0.7
498,,0.726,0.8,0.85,0.8,0.774,0.626,0.45,0.55
499,,0.576,0.65,0.7,0.65,0.624,0.476,0.3,0.4
