step,active_motive,motive_1,motive_2,motive_3,motive_4,motive_5,motive_6,motive_7,motive_8
0,,0.45566,0.62013,0.27738,0.18812,0.4637,0.35335,0.58366,0.07773
1,,0.30566,0.47013,0.12738,0.03812,0.3137,0.20335,0.43366,-0.07227
2,8,0.66766,0.62013,0.06538,-0.11188,0.2517,0.35335,0.79566,0.92773
3,8,1.0,0.77013,0.00338,-0.26188,0.1897,0.50335,1.0,1.0
4,4,0.938,0.92013,0.36538,0.73812,0.5517,0.65335,0.938,0.85
5,4,0.876,1.0,0.72738,1.0,0.9137,0.80335,0.876,0.7
6,,0.726,0.85,0.57738,0.85,0.7637,0.65335,0.726,0.55
7,,0.576,0.7,0.42738,0.7,0.6137,0.50335,0.576,0.4
8,,0.426,0.55,0.27738,0.55,0.4637,0.35335,0.426,0.25
9,,0.276,0.4,0.12738,0.4,0.3137,0.20335,0.276,0.1
10,,0.126,0.25,-0.02262,0.25,0.1637,0.05335,0.126,-0.05
11,8,0.488,0.4,-0.08462,0.1,0.1017,0.20335,0.488,0.95
12,8,0.85,0.55,-0.14662,-0.05,0.0397,0.35335,0.85,1.0
13,3,1.0,0.912,0.85338,0.312,0.1897,0.29135,0.7,0.938
14,3,1.0,1.0,1.0,0.674,0.3397,0.22935,0.55,0.876
15,,0.85,0.85,0.85,0.524,0.1897,0.07935,0.4,0.726
16,,0.7,0.7,0.7,0.374,0.0397,-0.07065,0.25,0.576
17,6,0.638,0.55,0.638,0.524,0.4017,0.92935,0.612,0.726
18,6,0.576,0.4,0.576,0.674,0.7637,1.0,0.974,0.876
19,,0.426,0.25,0.426,0.524,0.6137,0.85,0.824,0.726
20,,0.276,0.1,0.276,0.374,0.4637,0.7,0.674,0.576
21,,0.126,-0.05,0.126,0.224,0.3137,0.55,0.524,0.426
22,2,0.488,0.95,0.488,0.374,0.2517,0.4,0.462,0.576
23,2,0.85,1.0,0.85,0.524,0.1897,0.25,0.4,0.726
24,,0.7,0.85,0.7,0.374,0.0397,0.1,0.25,0.576
25,,0.55,0.7,0.55,0.224,-0.1103,-0.05,0.1,0.426
26,5,0.4,0.638,0.7,0.586,0.8897,0.312,0.25,0.364
27,5,0.25,0.576,0.85,0.948,1.0,0.674,0.4,0.302
28,,0.1,0.426,0.7,0.798,0.85,0.524,0.25,0.152
29,,-0.05,0.276,0.55,0.648,0.7,0.374,0.1,0.002
30,1,0.95,0.638,0.7,0.586,0.55,0.312,0.25,0.364
31,1,1.0,1.0,0.85,0.524,0.4,0.25,0.4,0.726
32,,0.85,0.85,0.7,0.374,0.25,0.1,0.25,0.576
33,,0.7,0.7,0.55,0.224,0.1,-0.05,0.1,0.426
34,6,0.638,0.55,0.488,0.374,0.462,0.95,0.462,0.576
35,6,0.576,0.4,0.426,0.524,0.824,1.0,0.824,0.726
36,,0.426,0.25,0.276,0.374,0.674,0.85,0.674,0.576
37,,0.276,0.1,0.126,0.224,0.524,0.7,0.524,0.426
38,,0.126,-0.05,-0.024,0.074,0.374,0.55,0.374,0.276
39,2,0.488,0.95,0.338,0.224,0.312,0.4,0.312,0.426
40,2,0.85,1.0,0.7,0.374,0.25,0.25,0.25,0.576
41,,0.7,0.85,0.55,0.224,0.1,0.1,0.1,0.426
42,,0.55,0.7,0.4,0.074,-0.05,-0.05,-0.05,0.276
43,5,0.4,0.638,0.55,0.436,0.95,0.312,0.1,0.214
44,5,0.25,0.576,0.7,0.798,1.0,0.674,0.25,0.152
45,,0.1,0.426,0.55,0.648,0.85,0.524,0.1,0.002
46,,-0.05,0.276,0.4,0.498,0.7,0.374,-0.05,-0.148
47,8,0.312,0.426,0.338,0.348,0.638,0.524,0.312,0.852
48,8,0.674,0.576,0.276,0.198,0.576,0.674,0.674,1.0
49,,0.524,0.426,0.126,0.048,0.426,0.524,0.524,0.85
50,,0.374,0.276,-0.024,-0.102,0.276,0.374,0.374,0.7
51,4,0.312,0.426,0.338,0.898,0.638,0.524,0.312,0.55
52,4,0.25,0.576,0.7,1.0,1.0,0.674,0.25,0.4
53,,0.1,0.426,0.55,0.85,0.85,0.524,0.1,0.25
54,,-0.05,0.276,0.4,0.7,0.7,0.374,-0.05,0.1
55,7,0.1,0.214,0.25,0.638,0.85,0.736,0.95,0.462
56,7,0.25,0.152,0.1,0.576,1.0,1.0,1.0,0.824
57,,0.1,0.002,-0.05,0.426,0.85,0.85,0.85,0.674
58,3,0.25,0.364,0.95,0.788,1.0,0.788,0.7,0.612
59,3,0.4,0.726,1.0,1.0,1.0,0.726,0.55,0.55
60,,0.25,0.576,0.85,0.85,0.85,0.576,0.4,0.4
61,,0.1,0.426,0.7,0.7,0.7,0.426,0.25,0.25
62,,-0.05,0.276,0.55,0.55,0.55,0.276,0.1,0.1
63,1,0.95,0.638,0.7,0.488,0.4,0.214,0.25,0.462
64,1,1.0,1.0,0.85,0.426,0.25,0.152,0.4,0.824
65,,0.85,0.85,0.7,0.276,0.1,0.002,0.25,0.674
66,,0.7,0.7,0.55,0.126,-0.05,-0.148,0.1,0.524
67,6,0.638,0.55,0.488,0.276,0.312,0.852,0.462,0.674
68,6,0.576,0.4,0.426,0.426,0.674,1.0,0.824,0.824
69,,0.426,0.25,0.276,0.276,0.524,0.85,0.674,0.674
70,,0.276,0.1,0.126,0.126,0.374,0.7,0.524,0.524
71,,0.126,-0.05,-0.024,-0.024,0.224,0.55,0.374,0.374
72,2,0.488,0.95,0.338,0.126,0.162,0.4,0.312,0.524
73,2,0.85,1.0,0.7,0.276,0.1,0.25,0.25,0.674
74,,0.7,0.85,0.55,0.126,-0.05,0.1,0.1,0.524
75,5,0.55,0.788,0.7,0.488,0.95,0.462,0.25,0.462
76,5,0.4,0.726,0.85,0.85,1.0,0.824,0.4,0.4
77,,0.25,0.576,0.7,0.7,0.85,0.674,0.25,0.25
78,,0.1,0.426,0.55,0.55,0.7,0.524,0.1,0.1
79,,-0.05,0.276,0.4,0.4,0.55,0.374,-0.05,-0.05
80,8,0.312,0.426,0.338,0.25,0.488,0.524,0.312,0.95
81,8,0.674,0.576,0.276,0.1,0.426,0.674,0.674,1.0
82,,0.524,0.426,0.126,-0.05,0.276,0.524,0.524,0.85
83,4,0.462,0.576,0.488,0.95,0.638,0.674,0.462,0.7
84,4,0.4,0.726,0.85,1.0,1.0,0.824,0.4,0.55
85,,0.25,0.576,0.7,0.85,0.85,0.674,0.25,0.4
86,,0.1,0.426,0.55,0.7,0.7,0.524,0.1,0.25
87,,-0.05,0.276,0.4,0.55,0.55,0.374,-0.05,0.1
88,7,0.1,0.214,0.25,0.488,0.7,0.736,0.95,0.462
89,7,0.25,0.152,0.1,0.426,0.85,1.0,1.0,0.824
90,,0.1,0.002,-0.05,0.276,0.7,0.85,0.85,0.674
91,3,0.25,0.364,0.95,0.638,0.85,0.788,0.7,0.612
92,3,0.4,0.726,1.0,1.0,1.0,0.726,0.55,0.55
93,,0.25,0.576,0.85,0.85,0.85,0.576,0.4,0.4
94,,0.1,0.426,0.7,0.7,0.7,0.426,0.25,0.25
95,,-0.05,0.276,0.55,0.55,0.55,0.276,0.1,0.1
96,1,0.95,0.638,0.7,0.488,0.4,0.214,0.25,0.462
97,1,1.0,1.0,0.85,0.426,0.25,0.152,0.4,0.824
98,,0.85,0.85,0.7,0.276,0.1,0.002,0.25,0.674
99,,0.7,0.7,0.55,0.126,-0.05,-0.148,0.1,0.524
100,6,0.638,0.55,0.488,0.276,0.312,0.852,0.462,0.674
101,6,0.576,0.4,0.426,0.426,0.674,1.0,0.824,0.824
102,,0.426,0.25,0.276,0.276,0.524,0.85,0.674,0.674
103,,0.276,0.1,0.126,0.126,0.374,0.7,0.524,0.524
104,,0.126,-0.05,-0.024,-0.024,0.224,0.55,0.374,0.374
105,2,0.488,0.95,0.338,0.126,0.162,0.4,0.312,0.524
106,2,0.85,1.0,0.7,0.276,0.1,0.25,0.25,0.674
107,,0.7,0.85,0.55,0.126,-0.05,0.1,0.1,0.524
108,5,0.55,0.788,0.7,0.488,0.95,0.462,0.25,0.462
109,5,0.4,0.726,0.85,0.85,1.0,0.824,0.4,0.4
110,,0.25,0.576,0.7,0.7,0.85,0.674,0.25,0.25
111,,0.1,0.426,0.55,0.55,0.7,0.524,0.1,0.1
112,,-0.05,0.276,0.4,0.4,0.55,0.374,-0.05,-0.05
113,8,0.312,0.426,0.338,0.25,0.488,0.524,0.312,0.95
114,8,0.674,0.576,0.276,0.1,0.426,0.674,0.674,1.0
115,,0.524,0.426,0.126,-0.05,0.276,0.524,0.524,0.85
116,4,0.462,0.576,0.488,0.95,0.638,0.674,0.462,0.7
117,4,0.4,0.726,0.85,1.0,1.0,0.824,0.4,0.55
118,,0.25,0.576,0.7,0.85,0.85,0.674,0.25,0.4
119,,0.1,0.426,0.55,0.7,0.7,0.524,0.1,0.25
120,,-0.05,0.276,0.4,0.55,0.55,0.374,-0.05,0.1
121,1,0.95,0.638,0.55,0.488,0.4,0.312,0.1,0.462
122,1,1.0,1.0,0.7,0.426,0.25,0.25,0.25,0.824
123,,0.85,0.85,0.55,0.276,0.1,0.1,0.1,0.674
124,,0.7,0.7,0.4,0.126,-0.05,-0.05,-0.05,0.524
125,5,0.55,0.638,0.55,0.488,0.95,0.312,0.1,0.462
126,5,0.4,0.576,0.7,0.85,1.0,0.674,0.25,0.4
127,,0.25,0.426,0.55,0.7,0.85,0.524,0.1,0.25
128,,0.1,0.276,0.4,0.55,0.7,0.374,-0.05,0.1
129,7,0.25,0.214,0.25,0.488,0.85,0.736,0.95,0.462
130,7,0.4,0.152,0.1,0.426,1.0,1.0,1.0,0.824
131,,0.25,0.002,-0.05,0.276,0.85,0.85,0.85,0.674
132,3,0.4,0.364,0.95,0.638,1.0,0.788,0.7,0.612
133,3,0.55,0.726,1.0,1.0,1.0,0.726,0.55,0.55
134,,0.4,0.576,0.85,0.85,0.85,0.576,0.4,0.4
135,,0.25,0.426,0.7,0.7,0.7,0.426,0.25,0.25
136,,0.1,0.276,0.55,0.55,0.55,0.276,0.1,0.1
137,,-0.05,0.126,0.4,0.4,0.4,0.126,-0.05,-0.05
138,1,0.95,0.488,0.55,0.338,0.25,0.064,0.1,0.312
139,1,1.0,0.85,0.7,0.276,0.1,0.002,0.25,0.674
140,,0.85,0.7,0.55,0.126,-0.05,-0.148,0.1,0.524
141,6,0.788,0.55,0.488,0.276,0.312,0.852,0.462,0.674
142,6,0.726,0.4,0.426,0.426,0.674,1.0,0.824,0.824
143,,0.576,0.25,0.276,0.276,0.524,0.85,0.674,0.674
144,,0.426,0.1,0.126,0.126,0.374,0.7,0.524,0.524
145,,0.276,-0.05,-0.024,-0.024,0.224,0.55,0.374,0.374
146,2,0.638,0.95,0.338,0.126,0.162,0.4,0.312,0.524
147,2,1.0,1.0,0.7,0.276,0.1,0.25,0.25,0.674
148,,0.85,0.85,0.55,0.126,-0.05,0.1,0.1,0.524
149,5,0.7,0.788,0.7,0.488,0.95,0.462,0.25,0.462
150,5,0.55,0.726,0.85,0.85,1.0,0.824,0.4,0.4
151,,0.4,0.576,0.7,0.7,0.85,0.674,0.25,0.25
152,,0.25,0.426,0.55,0.55,0.7,0.524,0.1,0.1
153,,0.1,0.276,0.4,0.4,0.55,0.374,-0.05,-0.05
154,7,0.25,0.214,0.25,0.338,0.7,0.736,0.95,0.312
155,7,0.4,0.152,0.1,0.276,0.85,1.0,1.0,0.674
156,,0.25,0.002,-0.05,0.126,0.7,0.85,0.85,0.524
157,3,0.4,0.364,0.95,0.488,0.85,0.788,0.7,0.462
158,3,0.55,0.726,1.0,0.85,1.0,0.726,0.55,0.4
159,,0.4,0.576,0.85,0.7,0.85,0.576,0.4,0.25
160,,0.25,0.426,0.7,0.55,0.7,0.426,0.25,0.1
161,,0.1,0.276,0.55,0.4,0.55,0.276,0.1,-0.05
162,8,0.462,0.426,0.488,0.25,0.488,0.426,0.462,0.95
163,8,0.824,0.576,0.426,0.1,0.426,0.576,0.824,1.0
164,,0.674,0.426,0.276,-0.05,0.276,0.426,0.674,0.85
165,4,0.612,0.576,0.638,0.95,0.638,0.576,0.612,0.7
166,4,0.55,0.726,1.0,1.0,1.0,0.726,0.55,0.55
167,,0.4,0.576,0.85,0.85,0.85,0.576,0.4,0.4
168,,0.25,0.426,0.7,0.7,0.7,0.426,0.25,0.25
169,,0.1,0.276,0.55,0.55,0.55,0.276,0.1,0.1
170,,-0.05,0.126,0.4,0.4,0.4,0.126,-0.05,-0.05
171,1,0.95,0.488,0.55,0.338,0.25,0.064,0.1,0.312
172,1,1.0,0.85,0.7,0.276,0.1,0.002,0.25,0.674
173,,0.85,0.7,0.55,0.126,-0.05,-0.148,0.1,0.524
174,6,0.788,0.55,0.488,0.276,0.312,0.852,0.462,0.674
175,6,0.726,0.4,0.426,0.426,0.674,1.0,0.824,0.824
176,,0.576,0.25,0.276,0.276,0.524,0.85,0.674,0.674
177,,0.426,0.1,0.126,0.126,0.374,0.7,0.524,0.524
178,,0.276,-0.05,-0.024,-0.024,0.224,0.55,0.374,0.374
179,2,0.638,0.95,0.338,0.126,0.162,0.4,0.312,0.524
180,2,1.0,1.0,0.7,0.276,0.1,0.25,0.25,0.674
181,,0.85,0.85,0.55,0.126,-0.05,0.1,0.1,0.524
182,5,0.7,0.788,0.7,0.488,0.95,0.462,0.25,0.462
183,5,0.55,0.726,0.85,0.85,1.0,0.824,0.4,0.4
184,,0.4,0.576,0.7,0.7,0.85,0.674,0.25,0.25
185,,0.25,0.426,0.55,0.55,0.7,0.524,0.1,0.1
186,,0.1,0.276,0.4,0.4,0.55,0.374,-0.05,-0.05
187,8,0.462,0.426,0.338,0.25,0.488,0.524,0.312,0.95
188,8,0.824,0.576,0.276,0.1,0.426,0.674,0.674,1.0
189,,0.674,0.426,0.126,-0.05,0.276,0.524,0.524,0.85
190,4,0.612,0.576,0.488,0.95,0.638,0.674,0.462,0.7
191,4,0.55,0.726,0.85,1.0,1.0,0.824,0.4,0.55
192,,0.4,0.576,0.7,0.85,0.85,0.674,0.25,0.4
193,,0.25,0.426,0.55,0.7,0.7,0.524,0.1,0.25
194,,0.1,0.276,0.4,0.55,0.55,0.374,-0.05,0.1
195,7,0.25,0.214,0.25,0.488,0.7,0.736,0.95,0.462
196,7,0.4,0.152,0.1,0.426,0.85,1.0,1.0,0.824
197,,0.25,0.002,-0.05,0.276,0.7,0.85,0.85,0.674
198,3,0.4,0.364,0.95,0.638,0.85,0.788,0.7,0.612
199,3,0.55,0.726,1.0,1.0,1.0,0.726,0.55,0.55
200,,0.4,0.576,0.85,0.85,0.85,0.576,0.4,0.4
201,,0.25,0.426,0.7,0.7,0.7,0.426,0.25,0.25
202,,0.1,0.276,0.55,0.55,0.55,0.276,0.1,0.1
203,,-0.05,0.126,0.4,0.4,0.4,0.126,-0.05,-0.05
204,1,0.95,0.488,0.55,0.338,0.25,0.064,0.1,0.312
205,1,1.0,0.85,0.7,0.276,0.1,0.002,0.25,0.674
206,,0.85,0.7,0.55,0.126,-0.05,-0.148,0.1,0.524
207,6,0.788,0.55,0.488,0.276,0.312,0.852,0.462,0.674
208,6,0.726,0.4,0.426,0.426,0.674,1.0,0.824,0.824
209,,0.576,0.25,0.276,0.276,0.524,0.85,0.674,0.674
210,,0.426,0.1,0.126,0.126,0.374,0.7,0.524,0.524
211,,0.276,-0.05,-0.024,-0.024,0.224,0.55,0.374,0.374
212,2,0.638,0.95,0.338,0.126,0.162,0.4,0.312,0.524
213,2,1.0,1.0,0.7,0.276,0.1,0.25,0.25,0.674
214,,0.85,0.85,0.55,0.126,-0.05,0.1,0.1,0.524
215,5,0.7,0.788,0.7,0.488,0.95,0.462,0.25,0.462
216,5,0.55,0.726,0.85,0.85,1.0,0.824,0.4,0.4
217,,0.4,0.576,0.7,0.7,0.85,0.674,0.25,0.25
218,,0.25,0.426,0.55,0.55,0.7,0.524,0.1,0.1
219,,0.1,0.276,0.4,0.4,0.55,0.374,-0.05,-0.05
220,7,0.25,0.214,0.25,0.338,0.7,0.736,0.95,0.312
221,7,0.4,0.152,0.1,0.276,0.85,1.0,1.0,0.674
222,,0.25,0.002,-0.05,0.126,0.7,0.85,0.85,0.524
223,3,0.4,0.364,0.95,0.488,0.85,0.788,0.7,0.462
224,3,0.55,0.726,1.0,0.85,1.0,0.726,0.55,0.4
225,,0.4,0.576,0.85,0.7,0.85,0.576,0.4,0.25
226,,0.25,0.426,0.7,0.55,0.7,0.426,0.25,0.1
227,,0.1,0.276,0.55,0.4,0.55,0.276,0.1,-0.05
228,8,0.462,0.426,0.488,0.25,0.488,0.426,0.462,0.95
229,8,0.824,0.576,0.426,0.1,0.426,0.576,0.824,1.0
230,,0.674,0.426,0.276,-0.05,0.276,0.426,0.674,0.85
231,4,0.612,0.576,0.638,0.95,0.638,0.576,0.612,0.7
232,4,0.55,0.726,1.0,1.0,1.0,0.726,0.55,0.55
233,,0.4,0.576,0.85,0.85,0.85,0.576,0.4,0.4
234,,0.25,0.426,0.7,0.7,0.7,0.426,0.25,0.25
235,,0.1,0.276,0.55,0.55,0.55,0.276,0.1,0.1
236,,-0.05,0.126,0.4,0.4,0.4,0.126,-0.05,-0.05
237,7,0.1,0.064,0.25,0.338,0.55,0.488,0.95,0.312
238,7,0.25,0.002,0.1,0.276,0.7,0.85,1.0,0.674
239,,0.1,-0.148,-0.05,0.126,0.55,0.7,0.85,0.524
240,2,0.462,0.852,0.312,0.276,0.488,0.55,0.788,0.674
241,2,0.824,1.0,0.674,0.426,0.426,0.4,0.726,0.824
242,,0.674,0.85,0.524,0.276,0.276,0.25,0.576,0.674
243,,0.524,0.7,0.374,0.126,0.126,0.1,0.426,0.524
244,,0.374,0.55,0.224,-0.024,-0.024,-0.05,0.276,0.374
245,6,0.312,0.4,0.162,0.126,0.338,0.95,0.638,0.524
246,6,0.25,0.25,0.1,0.276,0.7,1.0,1.0,0.674
247,,0.1,0.1,-0.05,0.126,0.55,0.85,0.85,0.524
248,3,0.25,0.462,0.95,0.488,0.7,0.788,0.7,0.462
249,3,0.4,0.824,1.0,0.85,0.85,0.726,0.55,0.4
250,,0.25,0.674,0.85,0.7,0.7,0.576,0.4,0.25
251,,0.1,0.524,0.7,0.55,0.55,0.426,0.25,0.1
252,,-0.05,0.374,0.55,0.4,0.4,0.276,0.1,-0.05
253,1,0.95,0.736,0.7,0.338,0.25,0.214,0.25,0.312
254,1,1.0,1.0,0.85,0.276,0.1,0.152,0.4,0.674
255,,0.85,0.85,0.7,0.126,-0.05,0.002,0.25,0.524
256,5,0.7,0.788,0.85,0.488,0.95,0.364,0.4,0.462
257,5,0.55,0.726,1.0,0.85,1.0,0.726,0.55,0.4
258,,0.4,0.576,0.85,0.7,0.85,0.576,0.4,0.25
259,,0.25,0.426,0.7,0.55,0.7,0.426,0.25,0.1
260,,0.1,0.276,0.55,0.4,0.55,0.276,0.1,-0.05
261,8,0.462,0.426,0.488,0.25,0.488,0.426,0.462,0.95
262,8,0.824,0.576,0.426,0.1,0.426,0.576,0.824,1.0
263,,0.674,0.426,0.276,-0.05,0.276,0.426,0.674,0.85
264,4,0.612,0.576,0.638,0.95,0.638,0.576,0.612,0.7
265,4,0.55,0.726,1.0,1.0,1.0,0.726,0.55,0.55
266,,0.4,0.576,0.85,0.85,0.85,0.576,0.4,0.4
267,,0.25,0.426,0.7,0.7,0.7,0.426,0.25,0.25
268,,0.1,0.276,0.55,0.55,0.55,0.276,0.1,0.1
269,,-0.05,0.126,0.4,0.4,0.4,0.126,-0.05,-0.05
270,1,0.95,0.488,0.55,0.338,0.25,0.064,0.1,0.312
271,1,1.0,0.85,0.7,0.276,0.1,0.002,0.25,0.674
272,,0.85,0.7,0.55,0.126,-0.05,-0.148,0.1,0.524
273,6,0.788,0.55,0.488,0.276,0.312,0.852,0.462,0.674
274,6,0.726,0.4,0.426,0.426,0.674,1.0,0.824,0.824
275,,0.576,0.25,0.276,0.276,0.524,0.85,0.674,0.674
276,,0.426,0.1,0.126,0.126,0.374,0.7,0.524,0.524
277,,0.276,-0.05,-0.024,-0.024,0.224,0.55,0.374,0.374
278,2,0.638,0.95,0.338,0.126,0.162,0.4,0.312,0.524
279,2,1.0,1.0,0.7,0.276,0.1,0.25,0.25,0.674
280,,0.85,0.85,0.55,0.126,-0.05,0.1,0.1,0.524
281,5,0.7,0.788,0.7,0.488,0.95,0.462,0.25,0.462
282,5,0.55,0.726,0.85,0.85,1.0,0.824,0.4,0.4
283,,0.4,0.576,0.7,0.7,0.85,0.674,0.25,0.25
284,,0.25,0.426,0.55,0.55,0.7,0.524,0.1,0.1
285,,0.1,0.276,0.4,0.4,0.55,0.374,-0.05,-0.05
286,8,0.462,0.426,0.338,0.25,0.488,0.524,0.312,0.95
287,8,0.824,0.576,0.276,0.1,0.426,0.674,0.674,1.0
288,,0.674,0.426,0.126,-0.05,0.276,0.524,0.524,0.85
289,4,0.612,0.576,0.488,0.95,0.638,0.674,0.462,0.7
290,4,0.55,0.726,0.85,1.0,1.0,0.824,0.4,0.55
291,,0.4,0.576,0.7,0.85,0.85,0.674,0.25,0.4
292,,0.25,0.426,0.55,0.7,0.7,0.524,0.1,0.25
293,,0.1,0.276,0.4,0.55,0.55,0.374,-0.05,0.1
294,7,0.25,0.214,0.25,0.488,0.7,0.736,0.95,0.462
295,7,0.4,0.152,0.1,0.426,0.85,1.0,1.0,0.824
296,,0.25,0.002,-0.05,0.276,0.7,0.85,0.85,0.674
297,3,0.4,0.364,0.95,0.638,0.85,0.788,0.7,0.612
298,3,0.55,0.726,1.0,1.0,1.0,0.726,0.55,0.55
299,,0.4,0.576,0.85,0.85,0.85,0.576,0.4,0.4
300,,0.25,0.426,0.7,0.7,0.7,0.426,0.25,0.25
301,,0.1,0.276,0.55,0.55,0.55,0.276,0.1,0.1
302,,-0.05,0.126,0.4,0.4,0.4,0.126,-0.05,-0.05
303,7,0.1,0.064,0.25,0.338,0.55,0.488,0.95,0.312
304,7,0.25,0.002,0.1,0.276,0.7,0.85,1.0,0.674
305,,0.1,-0.148,-0.05,0.126,0.55,0.7,0.85,0.524
306,2,0.462,0.852,0.312,0.276,0.488,0.55,0.788,0.674
307,2,0.824,1.0,0.674,0.426,0.426,0.4,0.726,0.824
308,,0.674,0.85,0.524,0.276,0.276,0.25,0.576,0.674
309,,0.524,0.7,0.374,0.126,0.126,0.1,0.426,0.524
310,,0.374,0.55,0.224,-0.024,-0.024,-0.05,0.276,0.374
311,6,0.312,0.4,0.162,0.126,0.338,0.95,0.638,0.524
312,6,0.25,0.25,0.1,0.276,0.7,1.0,1.0,0.674
313,,0.1,0.1,-0.05,0.126,0.55,0.85,0.85,0.524
314,3,0.25,0.462,0.95,0.488,0.7,0.788,0.7,0.462
315,3,0.4,0.824,1.0,0.85,0.85,0.726,0.55,0.4
316,,0.25,0.674,0.85,0.7,0.7,0.576,0.4,0.25
317,,0.1,0.524,0.7,0.55,0.55,0.426,0.25,0.1
318,,-0.05,0.374,0.55,0.4,0.4,0.276,0.1,-0.05
319,1,0.95,0.736,0.7,0.338,0.25,0.214,0.25,0.312
320,1,1.0,1.0,0.85,0.276,0.1,0.152,0.4,0.674
321,,0.85,0.85,0.7,0.126,-0.05,0.002,0.25,0.524
322,5,0.7,0.788,0.85,0.488,0.95,0.364,0.4,0.462
323,5,0.55,0.726,1.0,0.85,1.0,0.726,0.55,0.4
324,,0.4,0.576,0.85,0.7,0.85,0.576,0.4,0.25
325,,0.25,0.426,0.7,0.55,0.7,0.426,0.25,0.1
326,,0.1,0.276,0.55,0.4,0.55,0.276,0.1,-0.05
327,8,0.462,0.426,0.488,0.25,0.488,0.426,0.462,0.95
328,8,0.824,0.576,0.426,0.1,0.426,0.576,0.824,1.0
329,,0.674,0.426,0.276,-0.05,0.276,0.426,0.674,0.85
330,4,0.612,0.576,0.638,0.95,0.638,0.576,0.612,0.7
331,4,0.55,0.726,1.0,1.0,1.0,0.726,0.55,0.55
332,,0.4,0.576,0.85,0.85,0.85,0.576,0.4,0.4
333,,0.25,0.426,0.7,0.7,0.7,0.426,0.25,0.25
334,,0.1,0.276,0.55,0.55,0.55,0.276,0.1,0.1
335,,-0.05,0.126,0.4,0.4,0.4,0.126,-0.05,-0.05
336,1,0.95,0.488,0.55,0.338,0.25,0.064,0.1,0.312
337,1,1.0,0.85,0.7,0.276,0.1,0.002,0.25,0.674
338,,0.85,0.7,0.55,0.126,-0.05,-0.148,0.1,0.524
339,6,0.788,0.55,0.488,0.276,0.312,0.852,0.462,0.674
340,6,0.726,0.4,0.426,0.426,0.674,1.0,0.824,0.824
341,,0.576,0.25,0.276,0.276,0.524,0.85,0.674,0.674
342,,0.426,0.1,0.126,0.126,0.374,0.7,0.524,0.524
343,,0.276,-0.05,-0.024,-0.024,0.224,0.55,0.374,0.374
344,2,0.638,0.95,0.338,0.126,0.162,0.4,0.312,0.524
345,2,1.0,1.0,0.7,0.276,0.1,0.25,0.25,0.674
346,,0.85,0.85,0.55,0.126,-0.05,0.1,0.1,0.524
347,5,0.7,0.788,0.7,0.488,0.95,0.462,0.25,0.462
348,5,0.55,0.726,0.85,0.85,1.0,0.824,0.4,0.4
349,,0.4,0.576,0.7,0.7,0.85,0.674,0.25,0.25
350,,0.25,0.426,0.55,0.55,0.7,0.524,0.1,0.1
351,,0.1,0.276,0.4,0.4,0.55,0.374,-0.05,-0.05
352,7,0.25,0.214,0.25,0.338,0.7,0.736,0.95,0.312
353,7,0.4,0.152,0.1,0.276,0.85,1.0,1.0,0.674
354,,0.25,0.002,-0.05,0.126,0.7,0.85,0.85,0.524
355,3,0.4,0.364,0.95,0.488,0.85,0.788,0.7,0.462
356,3,0.55,0.726,1.0,0.85,1.0,0.726,0.55,0.4
357,,0.4,0.576,0.85,0.7,0.85,0.576,0.4,0.25
358,,0.25,0.426,0.7,0.55,0.7,0.426,0.25,0.1
359,,0.1,0.276,0.55,0.4,0.55,0.276,0.1,-0.05
360,8,0.462,0.426,0.488,0.25,0.488,0.426,0.462,0.95
361,8,0.824,0.576,0.426,0.1,0.426,0.576,0.824,1.0
362,,0.674,0.426,0.276,-0.05,0.276,0.426,0.674,0.85
363,4,0.612,0.576,0.638,0.95,0.638,0.576,0.612,0.7
364,4,0.55,0.726,1.0,1.0,1.0,0.726,0.55,0.55
365,,0.4,0.576,0.85,0.85,0.85,0.576,0.4,0.4
366,,0.25,0.426,0.7,0.7,0.7,0.426,0.25,0.25
367,,0.1,0.276,0.55,0.55,0.55,0.276,0.1,0.1
368,,-0.05,0.126,0.4,0.4,0.4,0.126,-0.05,-0.05
369,1,0.95,0.488,0.55,0.338,0.25,0.064,0.1,0.312
370,1,1.0,0.85,0.7,0.276,0.1,0.002,0.25,0.674
371,,0.85,0.7,0.55,0.126,-0.05,-0.148,0.1,0.524
372,6,0.788,0.55,0.488,0.276,0.312,0.852,0.462,0.674
373,6,0.726,0.4,0.426,0.426,0.674,1.0,0.824,0.824
374,,0.576,0.25,0.276,0.276,0.524,0.85,0.674,0.674
375,,0.426,0.1,0.126,0.126,0.374,0.7,0.524,0.524
376,,0.276,-0.05,-0.024,-0.024,0.224,0.55,0.374,0.374
377,2,0.638,0.95,0.338,0.126,0.162,0.4,0.312,0.524
378,2,1.0,1.0,0.7,0.276,0.1,0.25,0.25,0.674
379,,0.85,0.85,0.55,0.126,-0.05,0.1,0.1,0.524
380,5,0.7,0.788,0.7,0.488,0.95,0.462,0.25,0.462
381,5,0.55,0.726,0.85,0.85,1.0,0.824,0.4,0.4
382,,0.4,0.576,0.7,0.7,0.85,0.674,0.25,0.25
383,,0.25,0.426,0.55,0.55,0.7,0.524,0.1,0.1
384,,0.1,0.276,0.4,0.4,0.55,0.374,-0.05,-0.05
385,8,0.462,0.426,0.338,0.25,0.488,0.524,0.312,0.95
386,8,0.824,0.576,0.276,0.1,0.426,0.674,0.674,1.0
387,,0.674,0.426,0.126,-0.05,0.276,0.524,0.524,0.85
388,4,0.612,0.576,0.488,0.95,0.638,0.674,0.462,0.7
389,4,0.55,0.726,0.85,1.0,1.0,0.824,0.4,0.55
390,,0.4,0.576,0.7,0.85,0.85,0.674,0.25,0.4
391,,0.25,0.426,0.55,0.7,0.7,0.524,0.1,0.25
392,,0.1,0.276,0.4,0.55,0.55,0.374,-0.05,0.1
393,7,0.25,0.214,0.25,0.488,0.7,0.736,0.95,0.462
394,7,0.4,0.152,0.1,0.426,0.85,1.0,1.0,0.824
395,,0.25,0.002,-0.05,0.276,0.7,0.85,0.85,0.674
396,3,0.4,0.364,0.95,0.638,0.85,0.788,0.7,0.612
397,3,0.55,0.726,1.0,1.0,1.0,0.726,0.55,0.55
398,,0.4,0.576,0.85,0.85,0.85,0.576,0.4,0.4
399,,0.25,0.426,0.7,0.7,0.7,0.426,0.25,0.25
400,,0.1,0.276,0.55,0.55,0.55,0.276,0.1,0.1
401,,-0.05,0.126,0.4,0.4,0.4,0.126,-0.05,-0.05
402,7,0.1,0.064,0.25,0.338,0.55,0.488,0.95,0.312
403,7,0.25,0.002,0.1,0.276,0.7,0.85,1.0,0.674
404,,0.1,-0.148,-0.05,0.126,0.55,0.7,0.85,0.524
405,2,0.462,0.852,0.312,0.276,0.488,0.55,0.788,0.674
406,2,0.824,1.0,0.674,0.426,0.426,0.4,0.726,0.824
407,,0.674,0.85,0.524,0.276,0.276,0.25,0.576,0.674
408,,0.524,0.7,0.374,0.126,0.126,0.1,0.426,0.524
409,,0.374,0.55,0.224,-0.024,-0.024,-0.05,0.276,0.374
410,6,0.312,0.4,0.162,0.126,0.338,0.95,0.638,0.524
411,6,0.25,0.25,0.1,0.276,0.7,1.0,1.0,0.674
412,,0.1,0.1,-0.05,0.126,0.55,0.85,0.85,0.524
413,3,0.25,0.462,0.95,0.488,0.7,0.788,0.7,0.462
414,3,0.4,0.824,1.0,0.85,0.85,0.726,0.55,0.4
415,,0.25,0.674,0.85,0.7,0.7,0.576,0.4,0.25
416,,0.1,0.524,0.7,0.55,0.55,0.426,0.25,0.1
417,,-0.05,0.374,0.55,0.4,0.4,0.276,0.1,-0.05
418,8,0.312,0.524,0.488,0.25,0.338,0.426,0.462,0.95
419,8,0.674,0.674,0.426,0.1,0.276,0.576,0.824,1.0
420,,0.524,0.524,0.276,-0.05,0.126,0.426,0.674,0.85
421,4,0.462,0.674,0.638,0.95,0.488,0.576,0.612,0.7
422,4,0.4,0.824,1.0,1.0,0.85,0.726,0.55,0.55
423,,0.25,0.674,0.85,0.85,0.7,0.576,0.4,0.4
424,,0.1,0.524,0.7,0.7,0.55,0.426,0.25,0.25
425,,-0.05,0.374,0.55,0.55,0.4,0.276,0.1,0.1
426,1,0.95,0.736,0.7,0.488,0.25,0.214,0.25,0.462
427,1,1.0,1.0,0.85,0.426,0.1,0.152,0.4,0.824
428,,0.85,0.85,0.7,0.276,-0.05,0.002,0.25,0.674
429,5,0.7,0.788,0.85,0.638,0.95,0.364,0.4,0.612
430,5,0.55,0.726,1.0,1.0,1.0,0.726,0.55,0.55
431,,0.4,0.576,0.85,0.85,0.85,0.576,0.4,0.4
432,,0.25,0.426,0.7,0.7,0.7,0.426,0.25,0.25
433,,0.1,0.276,0.55,0.55,0.55,0.276,0.1,0.1
434,,-0.05,0.126,0.4,0.4,0.4,0.126,-0.05,-0.05
435,7,0.1,0.064,0.25,0.338,0.55,0.488,0.95,0.312
436,7,0.25,0.002,0.1,0.276,0.7,0.85,1.0,0.674
437,,0.1,-0.148,-0.05,0.126,0.55,0.7,0.85,0.524
438,2,0.462,0.852,0.312,0.276,0.488,0.55,0.788,0.674
439,2,0.824,1.0,0.674,0.426,0.426,0.4,0.726,0.824
440,,0.674,0.85,0.524,0.276,0.276,0.25,0.576,0.674
441,,0.524,0.7,0.374,0.126,0.126,0.1,0.426,0.524
442,,0.374,0.55,0.224,-0.024,-0.024,-0.05,0.276,0.374
443,6,0.312,0.4,0.162,0.126,0.338,0.95,0.638,0.524
444,6,0.25,0.25,0.1,0.276,0.7,1.0,1.0,0.674
445,,0.1,0.1,-0.05,0.126,0.55,0.85,0.85,0.524
446,3,0.25,0.462,0.95,0.488,0.7,0.788,0.7,0.462
447,3,0.4,0.824,1.0,0.85,0.85,0.726,0.55,0.4
448,,0.25,0.674,0.85,0.7,0.7,0.576,0.4,0.25
449,,0.1,0.524,0.7,0.55,0.55,0.426,0.25,0.1
450,,-0.05,0.374,0.55,0.4,0.4,0.276,0.1,-0.05
451,8,0.312,0.524,0.488,0.25,0.338,0.426,0.462,0.95
452,8,0.674,0.674,0.426,0.1,0.276,0.576,0.824,1.0
453,,0.524,0.524,0.276,-0.05,0.126,0.426,0.674,0.85
454,4,0.462,0.674,0.638,0.95,0.488,0.576,0.612,0.7
455,4,0.4,0.824,1.0,1.0,0.85,0.726,0.55,0.55
456,,0.25,0.674,0.85,0.85,0.7,0.576,0.4,0.4
457,,0.1,0.524,0.7,0.7,0.55,0.426,0.25,0.25
458,,-0.05,0.374,0.55,0.55,0.4,0.276,0.1,0.1
459,1,0.95,0.736,0.7,0.488,0.25,0.214,0.25,0.462
460,1,1.0,1.0,0.85,0.426,0.1,0.152,0.4,0.824
461,,0.85,0.85,0.7,0.276,-0.05,0.002,0.25,0.674
462,5,0.7,0.788,0.85,0.638,0.95,0.364,0.4,0.612
463,5,0.55,0.726,1.0,1.0,1.0,0.726,0.55,0.55
464,,0.4,0.576,0.85,0.85,0.85,0.576,0.4,0.4
465,,0.25,0.426,0.7,0.7,0.7,0.426,0.25,0.25
466,,0.1,0.276,0.55,0.55,0.55,0.276,0.1,0.1
467,,-0.05,0.126,0.4,0.4,0.4,0.126,-0.05,-0.05
468,8,0.312,0.276,0.338,0.25,0.338,0.276,0.312,0.95
469,8,0.674,0.426,0.276,0.1,0.276,0.426,0.674,1.0
470,,0.524,0.276,0.126,-0.05,0.126,0.276,0.524,0.85
471,4,0.462,0.426,0.488,0.95,0.488,0.426,0.462,0.7
472,4,0.4,0.576,0.85,1.0,0.85,0.576,0.4,0.55
473,,0.25,0.426,0.7,0.85,0.7,0.426,0.25,0.4
474,,0.1,0.276,0.55,0.7,0.55,0.276,0.1,0.25
475,,-0.05,0.126,0.4,0.55,0.4,0.126,-0.05,0.1
476,1,0.95,0.488,0.55,0.488,0.25,0.064,0.1,0.462
477,1,1.0,0.85,0.7,0.426,0.1,0.002,0.25,0.824
478,,0.85,0.7,0.55,0.276,-0.05,-0.148,0.1,0.674
479,6,0.788,0.55,0.488,0.426,0.312,0.852,0.462,0.824
480,6,0.726,0.4,0.426,0.576,0.674,1.0,0.824,0.974
481,,0.576,0.25,0.276,0.426,0.524,0.85,0.674,0.824
482,,0.426,0.1,0.126,0.276,0.374,0.7,0.524,0.674
483,,0.276,-0.05,-0.024,0.126,0.224,0.55,0.374,0.524
484,2,0.638,0.95,0.338,0.276,0.162,0.4,0.312,0.674
485,2,1.0,1.0,0.7,0.426,0.1,0.25,0.25,0.824
486,,0.85,0.85,0.55,0.276,-0.05,0.1,0.1,0.674
487,5,0.7,0.788,0.7,0.638,0.95,0.462,0.25,0.612
488,5,0.55,0.726,0.85,1.0,1.0,0.824,0.4,0.55
489,,0.4,0.576,0.7,0.85,0.85,0.674,0.25,0.4
490,,0.25,0.426,0.55,0.7,0.7,0.524,0.1,0.25
491,,0.1,0.276,0.4,0.55,0.55,0.374,-0.05,0.1
492,7,0.25,0.214,0.25,0.488,0.7,0.736,0.95,0.462
493,7,0.4,0.152,0.1,0.426,0.85,1.0,1.0,0.824
494,,0.25,0.002,-0.05,0.276,0.7,0.85,0.85,0.674
495,3,0.4,0.364,0.95,0.638,0.85,0.788,0.7,0.612
496,3,0.55,0.726,1.0,1.0,1.0,0.726,0.55,0.55
497,,0.4,0.576,0.85,0.85,0.85,0.576,0.4,0.4
498,,0.25,0.426,0.7,0.7,0.7,0.426,0.25,0.25
499,,0.1,0.276,0.55,0.55,0.55,0.276,0.1,0.1
500,,-0.05,0.126,0.4,0.4,0.4,0.126,-0.05,-0.05
501,1,0.95,0.488,0.55,0.338,0.25,0.064,0.1,0.312
502,1,1.0,0.85,0.7,0.276,0.1,0.002,0.25,0.674
503,,0.85,0.7,0.55,0.126,-0.05,-0.148,0.1,0.524
504,6,0.788,0.55,0.488,0.276,0.312,0.852,0.462,0.674
505,6,0.726,0.4,0.426,0.426,0.674,1.0,0.824,0.824
506,,0.576,0.25,0.276,0.276,0.524,0.85,0.674,0.674
507,,0.426,0.1,0.126,0.126,0.374,0.7,0.524,0.524
508,,0.276,-0.05,-0.024,-0.024,0.224,0.55,0.374,0.374
509,2,0.638,0.95,0.338,0.126,0.162,0.4,0.312,0.524
510,2,1.0,1.0,0.7,0.276,0.1,0.25,0.25,0.674
511,,0.85,0.85,0.55,0.126,-0.05,0.1,0.1,0.524
512,5,0.7,0.788,0.7,0.488,0.95,0.462,0.25,0.462
513,5,0.55,0.726,0.85,0.85,1.0,0.824,0.4,0.4
514,,0.4,0.576,0.7,0.7,0.85,0.674,0.25,0.25
515,,0.25,0.426,0.55,0.55,0.7,0.524,0.1,0.1
516,,0.1,0.276,0.4,0.4,0.55,0.374,-0.05,-0.05
517,7,0.25,0.214,0.25,0.338,0.7,0.736,0.95,0.312
518,7,0.4,0.152,0.1,0.276,0.85,1.0,1.0,0.674
519,,0.25,0.002,-0.05,0.126,0.7,0.85,0.85,0.524
520,3,0.4,0.364,0.95,0.488,0.85,0.788,0.7,0.462
521,3,0.55,0.726,1.0,0.85,1.0,0.726,0.55,0.4
522,,0.4,0.576,0.85,0.7,0.85,0.576,0.4,0.25
523,,0.25,0.426,0.7,0.55,0.7,0.426,0.25,0.1
524,,0.1,0.276,0.55,0.4,0.55,0.276,0.1,-0.05
525,8,0.462,0.426,0.488,0.25,0.488,0.426,0.462,0.95
526,8,0.824,0.576,0.426,0.1,0.426,0.576,0.824,1.0
527,,0.674,0.426,0.276,-0.05,0.276,0.426,0.674,0.85
528,4,0.612,0.576,0.638,0.95,0.638,0.576,0.612,0.7
529,4,0.55,0.726,1.0,1.0,1.0,0.726,0.55,0.55
530,,0.4,0.576,0.85,0.85,0.85,0.576,0.4,0.4
531,,0.25,0.426,0.7,0.7,0.7,0.426,0.25,0.25
532,,0.1,0.276,0.55,0.55,0.55,0.276,0.1,0.1
533,,-0.05,0.126,0.4,0.4,0.4,0.126,-0.05,-0.05
534,1,0.95,0.488,0.55,0.338,0.25,0.064,0.1,0.312
535,1,1.0,0.85,0.7,0.276,0.1,0.002,0.25,0.674
536,,0.85,0.7,0.55,0.126,-0.05,-0.148,0.1,0.524
537,6,0.788,0.55,0.488,0.276,0.312,0.852,0.462,0.674
538,6,0.726,0.4,0.426,0.426,0.674,1.0,0.824,0.824
539,,0.576,0.25,0.276,0.276,0.524,0.85,0.674,0.674
540,,0.426,0.1,0.126,0.126,0.374,0.7,0.524,0.524
541,,0.276,-0.05,-0.024,-0.024,0.224,0.55,0.374,0.374
542,2,0.638,0.95,0.338,0.126,0.162,0.4,0.312,0.524
543,2,1.0,1.0,0.7,0.276,0.1,0.25,0.25,0.674
544,,0.85,0.85,0.55,0.126,-0.05,0.1,0.1,0.524
545,5,0.7,0.788,0.7,0.488,0.95,0.462,0.25,0.462
546,5,0.55,0.726,0.85,0.85,1.0,0.824,0.4,0.4
547,,0.4,0.576,0.7,0.7,0.85,0.674,0.25,0.25
548,,0.25,0.426,0.55,0.55,0.7,0.524,0.1,0.1
549,,0.1,0.276,0.4,0.4,0.55,0.374,-0.05,-0.05
550,8,0.462,0.426,0.338,0.25,0.488,0.524,0.312,0.95
551,8,0.824,0.576,0.276,0.1,0.426,0.674,0.674,1.0
552,,0.674,0.426,0.126,-0.05,0.276,0.524,0.524,0.85
553,4,0.612,0.576,0.488,0.95,0.638,0.674,0.462,0.7
554,4,0.55,0.726,0.85,1.0,1.0,0.824,0.4,0.55
555,,0.4,0.576,0.7,0.85,0.85,0.674,0.25,0.4
556,,0.25,0.426,0.55,0.7,0.7,0.524,0.1,0.25
557,,0.1,0.276,0.4,0.55,0.55,0.374,-0.05,0.1
558,7,0.25,0.214,0.25,0.488,0.7,0.736,0.95,0.462
559,7,0.4,0.152,0.1,0.426,0.85,1.0,1.0,0.824
560,,0.25,0.002,-0.05,0.276,0.7,0.85,0.85,0.674
561,3,0.4,0.364,0.95,0.638,0.85,0.788,0.7,0.612
562,3,0.55,0.726,1.0,1.0,1.0,0.726,0.55,0.55
563,,0.4,0.576,0.85,0.85,0.85,0.576,0.4,0.4
564,,0.25,0.426,0.7,0.7,0.7,0.426,0.25,0.25
565,,0.1,0.276,0.55,0.55,0.55,0.276,0.1,0.1
566,,-0.05,0.126,0.4,0.4,0.4,0.126,-0.05,-0.05
567,1,0.95,0.488,0.55,0.338,0.25,0.064,0.1,0.312
568,1,1.0,0.85,0.7,0.276,0.1,0.002,0.25,0.674
569,,0.85,0.7,0.55,0.126,-0.05,-0.148,0.1,0.524
570,6,0.788,0.55,0.488,0.276,0.312,0.852,0.462,0.674
571,6,0.726,0.4,0.426,0.426,0.674,1.0,0.824,0.824
572,,0.576,0.25,0.276,0.276,0.524,0.85,0.674,0.674
573,,0.426,0.1,0.126,0.126,0.374,0.7,0.524,0.524
574,,0.276,-0.05,-0.024,-0.024,0.224,0.55,0.374,0.374
575,2,0.638,0.95,0.338,0.126,0.162,0.4,0.312,0.524
576,2,1.0,1.0,0.7,0.276,0.1,0.25,0.25,0.674
577,,0.85,0.85,0.55,0.126,-0.05,0.1,0.1,0.524
578,5,0.7,0.788,0.7,0.488,0.95,0.462,0.25,0.462
579,5,0.55,0.726,0.85,0.85,1.0,0.824,0.4,0.4
580,,0.4,0.576,0.7,0.7,0.85,0.674,0.25,0.25
581,,0.25,0.426,0.55,0.55,0.7,0.524,0.1,0.1
582,,0.1,0.276,0.4,0.4,0.55,0.374,-0.05,-0.05
583,8,0.462,0.426,0.338,0.25,0.488,0.524,0.312,0.95
584,8,0.824,0.576,0.276,0.1,0.426,0.674,0.674,1.0
585,,0.674,0.426,0.126,-0.05,0.276,0.524,0.524,0.85
586,4,0.612,0.576,0.488,0.95,0.638,0.674,0.462,0.7
587,4,0.55,0.726,0.85,1.0,1.0,0.824,0.4,0.55
588,,0.4,0.576,0.7,0.85,0.85,0.674,0.25,0.4
589,,0.25,0.426,0.55,0.7,0.7,0.524,0.1,0.25
590,,0.1,0.276,0.4,0.55,0.55,0.374,-0.05,0.1
591,7,0.25,0.214,0.25,0.488,0.7,0.736,0.95,0.462
592,7,0.4,0.152,0.1,0.426,0.85,1.0,1.0,0.824
593,,0.25,0.002,-0.05,0.276,0.7,0.85,0.85,0.674
594,3,0.4,0.364,0.95,0.638,0.85,0.788,0.7,0.612
595,3,0.55,0.726,1.0,1.0,1.0,0.726,0.55,0.55
596,,0.4,0.576,0.85,0.85,0.85,0.576,0.4,0.4
597,,0.25,0.426,0.7,0.7,0.7,0.426,0.25,0.25
598,,0.1,0.276,0.55,0.55,0.55,0.276,0.1,0.1
599,,-0.05,0.126,0.4,0.4,0.4,0.126,-0.05,-0.05
600,8,0.312,0.276,0.338,0.25,0.338,0.276,0.312,0.95
601,8,0.674,0.426,0.276,0.1,0.276,0.426,0.674,1.0
602,,0.524,0.276,0.126,-0.05,0.126,0.276,0.524,0.85
603,4,0.462,0.426,0.488,0.95,0.488,0.426,0.462,0.7
604,4,0.4,0.576,0.85,1.0,0.85,0.576,0.4,0.55
605,,0.25,0.426,0.7,0.85,0.7,0.426,0.25,0.4
606,,0.1,0.276,0.55,0.7,0.55,0.276,0.1,0.25
607,,-0.05,0.126,0.4,0.55,0.4,0.126,-0.05,0.1
608,1,0.95,0.488,0.55,0.488,0.25,0.064,0.1,0.462
609,1,1.0,0.85,0.7,0.426,0.1,0.002,0.25,0.824
610,,0.85,0.7,0.55,0.276,-0.05,-0.148,0.1,0.674
611,6,0.788,0.55,0.488,0.426,0.312,0.852,0.462,0.824
612,6,0.726,0.4,0.426,0.576,0.674,1.0,0.824,0.974
613,,0.576,0.25,0.276,0.426,0.524,0.85,0.674,0.824
614,,0.426,0.1,0.126,0.276,0.374,0.7,0.524,0.674
615,,0.276,-0.05,-0.024,0.126,0.224,0.55,0.374,0.524
616,2,0.638,0.95,0.338,0.276,0.162,0.4,0.312,0.674
617,2,1.0,1.0,0.7,0.426,0.1,0.25,0.25,0.824
618,,0.85,0.85,0.55,0.276,-0.05,0.1,0.1,0.674
619,5,0.7,0.788,0.7,0.638,0.95,0.462,0.25,0.612
620,5,0.55,0.726,0.85,1.0,1.0,0.824,0.4,0.55
621,,0.4,0.576,0.7,0.85,0.85,0.674,0.25,0.4
622,,0.25,0.426,0.55,0.7,0.7,0.524,0.1,0.25
623,,0.1,0.276,0.4,0.55,0.55,0.374,-0.05,0.1
624,7,0.25,0.214,0.25,0.488,0.7,0.736,0.95,0.462
625,7,0.4,0.152,0.1,0.426,0.85,1.0,1.0,0.824
626,,0.25,0.002,-0.05,0.276,0.7,0.85,0.85,0.674
627,3,0.4,0.364,0.95,0.638,0.85,0.788,0.7,0.612
628,3,0.55,0.726,1.0,1.0,1.0,0.726,0.55,0.55
629,,0.4,0.576,0.85,0.85,0.85,0.576,0.4,0.4
630,,0.25,0.426,0.7,0.7,0.7,0.426,0.25,0.25
631,,0.1,0.276,0.55,0.55,0.55,0.276,0.1,0.1
632,,-0.05,0.126,0.4,0.4,0.4,0.126,-0.05,-0.05
633,8,0.312,0.276,0.338,0.25,0.338,0.276,0.312,0.95
634,8,0.674,0.426,0.276,0.1,0.276,0.426,0.674,1.0
635,,0.524,0.276,0.126,-0.05,0.126,0.276,0.524,0.85
636,4,0.462,0.426,0.488,0.95,0.488,0.426,0.462,0.7
637,4,0.4,0.576,0.85,1.0,0.85,0.576,0.4,0.55
638,,0.25,0.426,0.7,0.85,0.7,0.426,0.25,0.4
639,,0.1,0.276,0.55,0.7,0.55,0.276,0.1,0.25
640,,-0.05,0.126,0.4,0.55,0.4,0.126,-0.05,0.1
641,1,0.95,0.488,0.55,0.488,0.25,0.064,0.1,0.462
642,1,1.0,0.85,0.7,0.426,0.1,0.002,0.25,0.824
643,,0.85,0.7,0.55,0.276,-0.05,-0.148,0.1,0.674
644,6,0.788,0.55,0.488,0.426,0.312,0.852,0.462,0.824
645,6,0.726,0.4,0.426,0.576,0.674,1.0,0.824,0.974
646,,0.576,0.25,0.276,0.426,0.524,0.85,0.674,0.824
647,,0.426,0.1,0.126,0.276,0.374,0.7,0.524,0.674
648,,0.276,-0.05,-0.024,0.126,0.224,0.55,0.374,0.524
649,2,0.638,0.95,0.338,0.276,0.162,0.4,0.312,0.674
650,2,1.0,1.0,0.7,0.426,0.1,0.25,0.25,0.824
651,,0.85,0.85,0.55,0.276,-0.05,0.1,0.1,0.674
652,5,0.7,0.788,0.7,0.638,0.95,0.462,0.25,0.612
653,5,0.55,0.726,0.85,1.0,1.0,0.824,0.4,0.55
654,,0.4,0.576,0.7,0.85,0.85,0.674,0.25,0.4
655,,0.25,0.426,0.55,0.7,0.7,0.524,0.1,0.25
656,,0.1,0.276,0.4,0.55,0.55,0.374,-0.05,0.1
657,7,0.25,0.214,0.25,0.488,0.7,0.736,0.95,0.462
658,7,0.4,0.152,0.1,0.426,0.85,1.0,1.0,0.824
659,,0.25,0.002,-0.05,0.276,0.7,0.85,0.85,0.674
660,3,0.4,0.364,0.95,0.638,0.85,0.788,0.7,0.612
661,3,0.55,0.726,1.0,1.0,1.0,0.726,0.55,0.55
662,,0.4,0.576,0.85,0.85,0.85,0.576,0.4,0.4
663,,0.25,0.426,0.7,0.7,0.7,0.426,0.25,0.25
664,,0.1,0.276,0.55,0.55,0.55,0.276,0.1,0.1
665,,-0.05,0.126,0.4,0.4,0.4,0.126,-0.05,-0.05
666,7,0.1,0.064,0.25,0.338,0.55,0.488,0.95,0.312
667,7,0.25,0.002,0.1,0.276,0.7,0.85,1.0,0.674
668,,0.1,-0.148,-0.05,0.126,0.55,0.7,0.85,0.524
669,2,0.462,0.852,0.312,0.276,0.488,0.55,0.788,0.674
670,2,0.824,1.0,0.674,0.426,0.426,0.4,0.726,0.824
671,,0.674,0.85,0.524,0.276,0.276,0.25,0.576,0.674
672,,0.524,0.7,0.374,0.126,0.126,0.1,0.426,0.524
673,,0.374,0.55,0.224,-0.024,-0.024,-0.05,0.276,0.374
674,6,0.312,0.4,0.162,0.126,0.338,0.95,0.638,0.524
675,6,0.25,0.25,0.1,0.276,0.7,1.0,1.0,0.674
676,,0.1,0.1,-0.05,0.126,0.55,0.85,0.85,0.524
677,3,0.25,0.462,0.95,0.488,0.7,0.788,0.7,0.462
678,3,0.4,0.824,1.0,0.85,0.85,0.726,0.55,0.4
679,,0.25,0.674,0.85,0.7,0.7,0.576,0.4,0.25
680,,0.1,0.524,0.7,0.55,0.55,0.426,0.25,0.1
681,,-0.05,0.374,0.55,0.4,0.4,0.276,0.1,-0.05
682,1,0.95,0.736,0.7,0.338,0.25,0.214,0.25,0.312
683,1,1.0,1.0,0.85,0.276,0.1,0.152,0.4,0.674
684,,0.85,0.85,0.7,0.126,-0.05,0.002,0.25,0.524
685,5,0.7,0.788,0.85,0.488,0.95,0.364,0.4,0.462
686,5,0.55,0.726,1.0,0.85,1.0,0.726,0.55,0.4
687,,0.4,0.576,0.85,0.7,0.85,0.576,0.4,0.25
688,,0.25,0.426,0.7,0.55,0.7,0.426,0.25,0.1
689,,0.1,0.276,0.55,0.4,0.55,0.276,0.1,-0.05
690,8,0.462,0.426,0.488,0.25,0.488,0.426,0.462,0.95
691,8,0.824,0.576,0.426,0.1,0.426,0.576,0.824,1.0
692,,0.674,0.426,0.276,-0.05,0.276,0.426,0.674,0.85
693,4,0.612,0.576,0.638,0.95,0.638,0.576,0.612,0.7
694,4,0.55,0.726,1.0,1.0,1.0,0.726,0.55,0.55
695,,0.4,0.576,0.85,0.85,0.85,0.576,0.4,0.4
696,,0.25,0.426,0.7,0.7,0.7,0.426,0.25,0.25
697,,0.1,0.276,0.55,0.55,0.55,0.276,0.1,0.1
698,,-0.05,0.126,0.4,0.4,0.4,0.126,-0.05,-0.05
699,1,0.95,0.488,0.55,0.338,0.25,0.064,0.1,0.312
700,1,1.0,0.85,0.7,0.276,0.1,0.002,0.25,0.674
701,,0.85,0.7,0.55,0.126,-0.05,-0.148,0.1,0.524
702,6,0.788,0.55,0.488,0.276,0.312,0.852,0.462,0.674
703,6,0.726,0.4,0.426,0.426,0.674,1.0,0.824,0.824
704,,0.576,0.25,0.276,0.276,0.524,0.85,0.674,0.674
705,,0.426,0.1,0.126,0.126,0.374,0.7,0.524,0.524
706,,0.276,-0.05,-0.024,-0.024,0.224,0.55,0.374,0.374
707,2,0.638,0.95,0.338,0.126,0.162,0.4,0.312,0.524
708,2,1.0,1.0,0.7,0.276,0.1,0.25,0.25,0.674
709,,0.85,0.85,0.55,0.126,-0.05,0.1,0.1,0.524
710,5,0.7,0.788,0.7,0.488,0.95,0.462,0.25,0.462
711,5,0.55,0.726,0.85,0.85,1.0,0.824,0.4,0.4
712,,0.4,0.576,0.7,0.7,0.85,0.674,0.25,0.25
713,,0.25,0.426,0.55,0.55,0.7,0.524,0.1,0.1
714,,0.1,0.276,0.4,0.4,0.55,0.374,-0.05,-0.05
715,8,0.462,0.426,0.338,0.25,0.488,0.524,0.312,0.95
716,8,0.824,0.576,0.276,0.1,0.426,0.674,0.674,1.0
717,,0.674,0.426,0.126,-0.05,0.276,0.524,0.524,0.85
718,4,0.612,0.576,0.488,0.95,0.638,0.674,0.462,0.7
719,4,0.55,0.726,0.85,1.0,1.0,0.824,0.4,0.55
720,,0.4,0.576,0.7,0.85,0.85,0.674,0.25,0.4
721,,0.25,0.426,0.55,0.7,0.7,0.524,0.1,0.25
722,,0.1,0.276,0.4,0.55,0.55,0.374,-0.05,0.1
723,7,0.25,0.214,0.25,0.488,0.7,0.736,0.95,0.462
724,7,0.4,0.152,0.1,0.426,0.85,1.0,1.0,0.824
725,,0.25,0.002,-0.05,0.276,0.7,0.85,0.85,0.674
726,3,0.4,0.364,0.95,0.638,0.85,0.788,0.7,0.612
727,3,0.55,0.726,1.0,1.0,1.0,0.726,0.55,0.55
728,,0.4,0.576,0.85,0.85,0.85,0.576,0.4,0.4
729,,0.25,0.426,0.7,0.7,0.7,0.426,0.25,0.25
730,,0.1,0.276,0.55,0.55,0.55,0.276,0.1,0.1
731,,-0.05,0.126,0.4,0.4,0.4,0.126,-0.05,-0.05
732,8,0.312,0.276,0.338,0.25,0.338,0.276,0.312,0.95
733,8,0.674,0.426,0.276,0.1,0.276,0.426,0.674,1.0
734,,0.524,0.276,0.126,-0.05,0.126,0.276,0.524,0.85
735,4,0.462,0.426,0.488,0.95,0.488,0.426,0.462,0.7
736,4,0.4,0.576,0.85,1.0,0.85,0.576,0.4,0.55
737,,0.25,0.426,0.7,0.85,0.7,0.426,0.25,0.4
738,,0.1,0.276,0.55,0.7,0.55,0.276,0.1,0.25
739,,-0.05,0.126,0.4,0.55,0.4,0.126,-0.05,0.1
740,1,0.95,0.488,0.55,0.488,0.25,0.064,0.1,0.462
741,1,1.0,0.85,0.7,0.426,0.1,0.002,0.25,0.824
742,,0.85,0.7,0.55,0.276,-0.05,-0.148,0.1,0.674
743,6,0.788,0.55,0.488,0.426,0.312,0.852,0.462,0.824
744,6,0.726,0.4,0.426,0.576,0.674,1.0,0.824,0.974
745,,0.576,0.25,0.276,0.426,0.524,0.85,0.674,0.824
746,,0.426,0.1,0.126,0.276,0.374,0.7,0.524,0.674
747,,0.276,-0.05,-0.024,0.126,0.224,0.55,0.374,0.524
748,2,0.638,0.95,0.338,0.276,0.162,0.4,0.312,0.674
749,2,1.0,1.0,0.7,0.426,0.1,0.25,0.25,0.824
750,,0.85,0.85,0.55,0.276,-0.05,0.1,0.1,0.674
751,5,0.7,0.788,0.7,0.638,0.95,0.462,0.25,0.612
752,5,0.55,0.726,0.85,1.0,1.0,0.824,0.4,0.55
753,,0.4,0.576,0.7,0.85,0.85,0.674,0.25,0.4
754,,0.25,0.426,0.55,0.7,0.7,0.524,0.1,0.25
755,,0.1,0.276,0.4,0.55,0.55,0.374,-0.05,0.1
756,7,0.25,0.214,0.25,0.488,0.7,0.736,0.95,0.462
757,7,0.4,0.152,0.1,0.426,0.85,1.0,1.0,0.824
758,,0.25,0.002,-0.05,0.276,0.7,0.85,0.85,0.674
759,3,0.4,0.364,0.95,0.638,0.85,0.788,0.7,0.612
760,3,0.55,0.726,1.0,1.0,1.0,0.726,0.55,0.55
761,,0.4,0.576,0.85,0.85,0.85,0.576,0.4,0.4
762,,0.25,0.426,0.7,0.7,0.7,0.426,0.25,0.25
763,,0.1,0.276,0.55,0.55,0.55,0.276,0.1,0.1
764,,-0.05,0.126,0.4,0.4,0.4,0.126,-0.05,-0.05
765,1,0.95,0.488,0.55,0.338,0.25,0.064,0.1,0.312
766,1,1.0,0.85,0.7,0.276,0.1,0.002,0.25,0.674
767,,0.85,0.7,0.55,0.126,-0.05,-0.148,0.1,0.524
768,6,0.788,0.55,0.488,0.276,0.312,0.852,0.462,0.674
769,6,0.726,0.4,0.426,0.426,0.674,1.0,0.824,0.824
770,,0.576,0.25,0.276,0.276,0.524,0.85,0.674,0.674
771,,0.426,0.1,0.126,0.126,0.374,0.7,0.524,0.524
772,,0.276,-0.05,-0.024,-0.024,0.224,0.55,0.374,0.374
773,2,0.638,0.95,0.338,0.126,0.162,0.4,0.312,0.524
774,2,1.0,1.0,0.7,0.276,0.1,0.25,0.25,0.674
775,,0.85,0.85,0.55,0.126,-0.05,0.1,0.1,0.524
776,5,0.7,0.788,0.7,0.488,0.95,0.462,0.25,0.462
777,5,0.55,0.726,0.85,0.85,1.0,0.824,0.4,0.4
778,,0.4,0.576,0.7,0.7,0.85,0.674,0.25,0.25
779,,0.25,0.426,0.55,0.55,0.7,0.524,0.1,0.1
780,,0.1,0.276,0.4,0.4,0.55,0.374,-0.05,-0.05
781,7,0.25,0.214,0.25,0.338,0.7,0.736,0.95,0.312
782,7,0.4,0.152,0.1,0.276,0.85,1.0,1.0,0.674
783,,0.25,0.002,-0.05,0.126,0.7,0.85,0.85,0.524
784,3,0.4,0.364,0.95,0.488,0.85,0.788,0.7,0.462
785,3,0.55,0.726,1.0,0.85,1.0,0.726,0.55,0.4
786,,0.4,0.576,0.85,0.7,0.85,0.576,0.4,0.25
787,,0.25,0.426,0.7,0.55,0.7,0.426,0.25,0.1
788,,0.1,0.276,0.55,0.4,0.55,0.276,0.1,-0.05
789,8,0.462,0.426,0.488,0.25,0.488,0.426,0.462,0.95
790,8,0.824,0.576,0.426,0.1,0.426,0.576,0.824,1.0
791,,0.674,0.426,0.276,-0.05,0.276,0.426,0.674,0.85
792,4,0.612,0.576,0.638,0.95,0.638,0.576,0.612,0.7
793,4,0.55,0.726,1.0,1.0,1.0,0.726,0.55,0.55
794,,0.4,0.576,0.85,0.85,0.85,0.576,0.4,0.4
795,,0.25,0.426,0.7,0.7,0.7,0.426,0.25,0.25
796,,0.1,0.276,0.55,0.55,0.55,0.276,0.1,0.1
797,,-0.05,0.126,0.4,0.4,0.4,0.126,-0.05,-0.05
798,1,0.95,0.488,0.55,0.338,0.25,0.064,0.1,0.312
799,1,1.0,0.85,0.7,0.276,0.1,0.002,0.25,0.674
800,,0.85,0.7,0.55,0.126,-0.05,-0.148,0.1,0.524
801,6,0.788,0.55,0.488,0.276,0.312,0.852,0.462,0.674
802,6,0.726,0.4,0.426,0.426,0.674,1.0,0.824,0.824
803,,0.576,0.25,0.276,0.276,0.524,0.85,0.674,0.674
804,,0.426,0.1,0.126,0.126,0.374,0.7,0.524,0.524
805,,0.276,-0.05,-0.024,-0.024,0.224,0.55,0.374,0.374
806,2,0.638,0.95,0.338,0.126,0.162,0.4,0.312,0.524
807,2,1.0,1.0,0.7,0.276,0.1,0.25,0.25,0.674
808,,0.85,0.85,0.55,0.126,-0.05,0.1,0.1,0.524
809,5,0.7,0.788,0.7,0.488,0.95,0.462,0.25,0.462
810,5,0.55,0.726,0.85,0.85,1.0,0.824,0.4,0.4
811,,0.4,0.576,0.7,0.7,0.85,0.674,0.25,0.25
812,,0.25,0.426,0.55,0.55,0.7,0.524,0.1,0.1
813,,0.1,0.276,0.4,0.4,0.55,0.374,-0.05,-0.05
814,8,0.462,0.426,0.338,0.25,0.488,0.524,0.312,0.95
815,8,0.824,0.576,0.276,0.1,0.426,0.674,0.674,1.0
816,,0.674,0.426,0.126,-0.05,0.276,0.524,0.524,0.85
817,4,0.612,0.576,0.488,0.95,0.638,0.674,0.462,0.7
818,4,0.55,0.726,0.85,1.0,1.0,0.824,0.4,0.55
819,,0.4,0.576,0.7,0.85,0.85,0.674,0.25,0.4
820,,0.25,0.426,0.55,0.7,0.7,0.524,0.1,0.25
821,,0.1,0.276,0.4,0.55,0.55,0.374,-0.05,0.1
822,7,0.25,0.214,0.25,0.488,0.7,0.736,0.95,0.462
823,7,0.4,0.152,0.1,0.426,0.85,1.0,1.0,0.824
824,,0.25,0.002,-0.05,0.276,0.7,0.85,0.85,0.674
825,3,0.4,0.364,0.95,0.638,0.85,0.788,0.7,0.612
826,3,0.55,0.726,1.0,1.0,1.0,0.726,0.55,0.55
827,,0.4,0.576,0.85,0.85,0.85,0.576,0.4,0.4
828,,0.25,0.426,0.7,0.7,0.7,0.426,0.25,0.25
829,,0.1,0.276,0.55,0.55,0.55,0.276,0.1,0.1
830,,-0.05,0.126,0.4,0.4,0.4,0.126,-0.05,-0.05
831,1,0.95,0.488,0.55,0.338,0.25,0.064,0.1,0.312
832,1,1.0,0.85,0.7,0.276,0.1,0.002,0.25,0.674
833,,0.85,0.7,0.55,0.126,-0.05,-0.148,0.1,0.524
834,6,0.788,0.55,0.488,0.276,0.312,0.852,0.462,0.674
835,6,0.726,0.4,0.426,0.426,0.674,1.0,0.824,0.824
836,,0.576,0.25,0.276,0.276,0.524,0.85,0.674,0.674
837,,0.426,0.1,0.126,0.126,0.374,0.7,0.524,0.524
838,,0.276,-0.05,-0.024,-0.024,0.224,0.55,0.374,0.374
