step,active_motive,motive_1,motive_2,motive_3,motive_4,motive_5,motive_6,motive_7,motive_8
0,,0.57941,0.66262,0.09526,0.65212,0.31215,0.39905,0.85799,0.00903
1,,0.42941,0.51262,-0.05474,0.50212,0.16215,0.24905,0.70799,-0.14097
2,8,0.79141,0.66262,-0.11674,0.35212,0.10015,0.39905,1.0,0.85903
3,8,1.0,0.81262,-0.17874,0.20212,0.03815,0.54905,1.0,1.0
4,3,1.0,1.0,0.82126,0.56412,0.18815,0.48705,0.85,0.938
5,3,1.0,1.0,1.0,0.92612,0.33815,0.42505,0.7,0.876
6,,0.85,0.85,0.85,0.77612,0.18815,0.27505,0.55,0.726
7,,0.7,0.7,0.7,0.62612,0.03815,0.12505,0.4,0.576
8,,0.55,0.55,0.55,0.47612,-0.11185,-0.02495,0.25,0.426
9,5,0.4,0.488,0.7,0.83812,0.88815,0.33705,0.4,0.364
10,5,0.25,0.426,0.85,1.0,1.0,0.69905,0.55,0.302
11,,0.1,0.276,0.7,0.85,0.85,0.54905,0.4,0.152
12,,-0.05,0.126,0.55,0.7,0.7,0.39905,0.25,0.002
13,1,0.95,0.488,0.7,0.638,0.55,0.33705,0.4,0.364
14,1,1.0,0.85,0.85,0.576,0.4,0.27505,0.55,0.726
15,,0.85,0.7,0.7,0.426,0.25,0.12505,0.4,0.576
16,,0.7,0.55,0.55,0.276,0.1,-0.02495,0.25,0.426
17,6,0.638,0.4,0.488,0.426,0.462,0.97505,0.612,0.576
18,6,0.576,0.25,0.426,0.576,0.824,1.0,0.974,0.726
19,,0.426,0.1,0.276,0.426,0.674,0.85,0.824,0.576
20,,0.276,-0.05,0.126,0.276,0.524,0.7,0.674,0.426
21,2,0.638,0.95,0.488,0.426,0.462,0.55,0.612,0.576
22,2,1.0,1.0,0.85,0.576,0.4,0.4,0.55,0.726
23,,0.85,0.85,0.7,0.426,0.25,0.25,0.4,0.576
24,,0.7,0.7,0.55,0.276,0.1,0.1,0.25,0.426
25,,0.55,0.55,0.4,0.126,-0.05,-0.05,0.1,0.276
26,5,0.4,0.488,0.55,0.488,0.95,0.312,0.25,0.214
27,5,0.25,0.426,0.7,0.85,1.0,0.674,0.4,0.152
28,,0.1,0.276,0.55,0.7,0.85,0.524,0.25,0.002
29,,-0.05,0.126,0.4,0.55,0.7,0.374,0.1,-0.148
30,8,0.312,0.276,0.338,0.4,0.638,0.524,0.462,0.852
31,8,0.674,0.426,0.276,0.25,0.576,0.674,0.824,1.0
32,,0.524,0.276,0.126,0.1,0.426,0.524,0.674,0.85
33,,0.374,0.126,-0.024,-0.05,0.276,0.374,0.524,0.7
34,4,0.312,0.276,0.338,0.95,0.638,0.524,0.462,0.55
35,4,0.25,0.426,0.7,1.0,1.0,0.674,0.4,0.4
36,,0.1,0.276,0.55,0.85,0.85,0.524,0.25,0.25
37,,-0.05,0.126,0.4,0.7,0.7,0.374,0.1,0.1
38,1,0.95,0.488,0.55,0.638,0.55,0.312,0.25,0.462
39,1,1.0,0.85,0.7,0.576,0.4,0.25,0.4,0.824
40,,0.85,0.7,0.55,0.426,0.25,0.1,0.25,0.674
41,,0.7,0.55,0.4,0.276,0.1,-0.05,0.1,0.524
42,6,0.638,0.4,0.338,0.426,0.462,0.95,0.462,0.674
43,6,0.576,0.25,0.276,0.576,0.824,1.0,0.824,0.824
44,,0.426,0.1,0.126,0.426,0.674,0.85,0.674,0.674
45,,0.276,-0.05,-0.024,0.276,0.524,0.7,0.524,0.524
46,2,0.638,0.95,0.338,0.426,0.462,0.55,0.462,0.674
47,2,1.0,1.0,0.7,0.576,0.4,0.4,0.4,0.824
48,,0.85,0.85,0.55,0.426,0.25,0.25,0.25,0.674
49,,0.7,0.7,0.4,0.276,0.1,0.1,0.1,0.524
50,,0.55,0.55,0.25,0.126,-0.05,-0.05,-0.05,0.374
51,5,0.4,0.488,0.4,0.488,0.95,0.312,0.1,0.312
52,5,0.25,0.426,0.55,0.85,1.0,0.674,0.25,0.25
53,,0.1,0.276,0.4,0.7,0.85,0.524,0.1,0.1
54,,-0.05,0.126,0.25,0.55,0.7,0.374,-0.05,-0.05
55,8,0.312,0.276,0.188,0.4,0.638,0.524,0.312,0.95
56,8,0.674,0.426,0.126,0.25,0.576,0.674,0.674,1.0
57,,0.524,0.276,-0.024,0.1,0.426,0.524,0.524,0.85
58,3,0.674,0.638,0.976,0.462,0.576,0.462,0.374,0.788
59,3,0.824,1.0,1.0,0.824,0.726,0.4,0.224,0.726
60,,0.674,0.85,0.85,0.674,0.576,0.25,0.074,0.576
61,,0.524,0.7,0.7,0.524,0.426,0.1,-0.076,0.426
62,7,0.674,0.638,0.55,0.462,0.576,0.462,0.924,0.788
63,7,0.824,0.576,0.4,0.4,0.726,0.824,1.0,1.0
64,,0.674,0.426,0.25,0.25,0.576,0.674,0.85,0.85
65,,0.524,0.276,0.1,0.1,0.426,0.524,0.7,0.7
66,,0.374,0.126,-0.05,-0.05,0.276,0.374,0.55,0.55
67,3,0.524,0.488,0.95,0.312,0.426,0.312,0.4,0.488
68,3,0.674,0.85,1.0,0.674,0.576,0.25,0.25,0.426
69,,0.524,0.7,0.85,0.524,0.426,0.1,0.1,0.276
70,,0.374,0.55,0.7,0.374,0.276,-0.05,-0.05,0.126
71,6,0.312,0.4,0.638,0.524,0.638,0.95,0.312,0.276
72,6,0.25,0.25,0.576,0.674,1.0,1.0,0.674,0.426
73,,0.1,0.1,0.426,0.524,0.85,0.85,0.524,0.276
74,,-0.05,-0.05,0.276,0.374,0.7,0.7,0.374,0.126
75,1,0.95,0.312,0.426,0.312,0.55,0.638,0.524,0.488
76,1,1.0,0.674,0.576,0.25,0.4,0.576,0.674,0.85
77,,0.85,0.524,0.426,0.1,0.25,0.426,0.524,0.7
78,,0.7,0.374,0.276,-0.05,0.1,0.276,0.374,0.55
79,4,0.638,0.524,0.638,0.95,0.462,0.426,0.312,0.4
80,4,0.576,0.674,1.0,1.0,0.824,0.576,0.25,0.25
81,,0.426,0.524,0.85,0.85,0.674,0.426,0.1,0.1
82,,0.276,0.374,0.7,0.7,0.524,0.276,-0.05,-0.05
83,8,0.638,0.524,0.638,0.55,0.462,0.426,0.312,0.95
84,8,1.0,0.674,0.576,0.4,0.4,0.576,0.674,1.0
85,,0.85,0.524,0.426,0.25,0.25,0.426,0.524,0.85
86,,0.7,0.374,0.276,0.1,0.1,0.276,0.374,0.7
87,,0.55,0.224,0.126,-0.05,-0.05,0.126,0.224,0.55
88,4,0.488,0.374,0.488,0.95,0.312,0.276,0.162,0.4
89,4,0.426,0.524,0.85,1.0,0.674,0.426,0.1,0.25
90,,0.276,0.374,0.7,0.85,0.524,0.276,-0.05,0.1
91,7,0.426,0.312,0.55,0.788,0.674,0.638,0.95,0.462
92,7,0.576,0.25,0.4,0.726,0.824,1.0,1.0,0.824
93,,0.426,0.1,0.25,0.576,0.674,0.85,0.85,0.674
94,,0.276,-0.05,0.1,0.426,0.524,0.7,0.7,0.524
95,2,0.638,0.95,0.462,0.576,0.462,0.55,0.638,0.674
96,2,1.0,1.0,0.824,0.726,0.4,0.4,0.576,0.824
97,,0.85,0.85,0.674,0.576,0.25,0.25,0.426,0.674
98,,0.7,0.7,0.524,0.426,0.1,0.1,0.276,0.524
99,,0.55,0.55,0.374,0.276,-0.05,-0.05,0.126,0.374
100,6,0.488,0.4,0.312,0.426,0.312,0.95,0.488,0.524
101,6,0.426,0.25,0.25,0.576,0.674,1.0,0.85,0.674
102,,0.276,0.1,0.1,0.426,0.524,0.85,0.7,0.524
103,,0.126,-0.05,-0.05,0.276,0.374,0.7,0.55,0.374
104,3,0.276,0.312,0.95,0.638,0.524,0.638,0.4,0.312
105,3,0.426,0.674,1.0,1.0,0.674,0.576,0.25,0.25
106,,0.276,0.524,0.85,0.85,0.524,0.426,0.1,0.1
107,,0.126,0.374,0.7,0.7,0.374,0.276,-0.05,-0.05
108,8,0.488,0.524,0.638,0.55,0.312,0.426,0.312,0.95
109,8,0.85,0.674,0.576,0.4,0.25,0.576,0.674,1.0
110,,0.7,0.524,0.426,0.25,0.1,0.426,0.524,0.85
111,,0.55,0.374,0.276,0.1,-0.05,0.276,0.374,0.7
112,5,0.4,0.312,0.426,0.462,0.95,0.638,0.524,0.638
113,5,0.25,0.25,0.576,0.824,1.0,1.0,0.674,0.576
114,,0.1,0.1,0.426,0.674,0.85,0.85,0.524,0.426
115,,-0.05,-0.05,0.276,0.524,0.7,0.7,0.374,0.276
116,2,0.312,0.95,0.638,0.674,0.638,0.55,0.312,0.426
117,2,0.674,1.0,1.0,0.824,0.576,0.4,0.25,0.576
118,,0.524,0.85,0.85,0.674,0.426,0.25,0.1,0.426
119,,0.374,0.7,0.7,0.524,0.276,0.1,-0.05,0.276
120,7,0.524,0.638,0.55,0.462,0.426,0.462,0.95,0.638
121,7,0.674,0.576,0.4,0.4,0.576,0.824,1.0,1.0
122,,0.524,0.426,0.25,0.25,0.426,0.674,0.85,0.85
123,,0.374,0.276,0.1,0.1,0.276,0.524,0.7,0.7
124,,0.224,0.126,-0.05,-0.05,0.126,0.374,0.55,0.55
125,3,0.374,0.488,0.95,0.312,0.276,0.312,0.4,0.488
126,3,0.524,0.85,1.0,0.674,0.426,0.25,0.25,0.426
127,,0.374,0.7,0.85,0.524,0.276,0.1,0.1,0.276
128,,0.224,0.55,0.7,0.374,0.126,-0.05,-0.05,0.126
129,7,0.374,0.488,0.55,0.312,0.276,0.312,0.95,0.488
130,7,0.524,0.426,0.4,0.25,0.426,0.674,1.0,0.85
131,,0.374,0.276,0.25,0.1,0.276,0.524,0.85,0.7
132,,0.224,0.126,0.1,-0.05,0.126,0.374,0.7,0.55
133,4,0.162,0.276,0.462,0.95,0.488,0.524,0.638,0.4
134,4,0.1,0.426,0.824,1.0,0.85,0.674,0.576,0.25
135,,-0.05,0.276,0.674,0.85,0.7,0.524,0.426,0.1
136,1,0.95,0.638,0.824,0.788,0.55,0.462,0.576,0.462
137,1,1.0,1.0,0.974,0.726,0.4,0.4,0.726,0.824
138,,0.85,0.85,0.824,0.576,0.25,0.25,0.576,0.674
139,,0.7,0.7,0.674,0.426,0.1,0.1,0.426,0.524
140,,0.55,0.55,0.524,0.276,-0.05,-0.05,0.276,0.374
141,6,0.488,0.4,0.462,0.426,0.312,0.95,0.638,0.524
142,6,0.426,0.25,0.4,0.576,0.674,1.0,1.0,0.674
143,,0.276,0.1,0.25,0.426,0.524,0.85,0.85,0.524
144,,0.126,-0.05,0.1,0.276,0.374,0.7,0.7,0.374
145,2,0.488,0.95,0.462,0.426,0.312,0.55,0.638,0.524
146,2,0.85,1.0,0.824,0.576,0.25,0.4,0.576,0.674
147,,0.7,0.85,0.674,0.426,0.1,0.25,0.426,0.524
148,,0.55,0.7,0.524,0.276,-0.05,0.1,0.276,0.374
149,5,0.4,0.638,0.674,0.638,0.95,0.462,0.426,0.312
150,5,0.25,0.576,0.824,1.0,1.0,0.824,0.576,0.25
151,,0.1,0.426,0.674,0.85,0.85,0.674,0.426,0.1
152,,-0.05,0.276,0.524,0.7,0.7,0.524,0.276,-0.05
153,8,0.312,0.426,0.462,0.55,0.638,0.674,0.638,0.95
154,8,0.674,0.576,0.4,0.4,0.576,0.824,1.0,1.0
155,,0.524,0.426,0.25,0.25,0.426,0.674,0.85,0.85
156,,0.374,0.276,0.1,0.1,0.276,0.524,0.7,0.7
157,,0.224,0.126,-0.05,-0.05,0.126,0.374,0.55,0.55
158,3,0.374,0.488,0.95,0.312,0.276,0.312,0.4,0.488
159,3,0.524,0.85,1.0,0.674,0.426,0.25,0.25,0.426
160,,0.374,0.7,0.85,0.524,0.276,0.1,0.1,0.276
161,,0.224,0.55,0.7,0.374,0.126,-0.05,-0.05,0.126
162,6,0.162,0.4,0.638,0.524,0.488,0.95,0.312,0.276
163,6,0.1,0.25,0.576,0.674,0.85,1.0,0.674,0.426
164,,-0.05,0.1,0.426,0.524,0.7,0.85,0.524,0.276
165,1,0.95,0.462,0.576,0.462,0.55,0.788,0.674,0.638
166,1,1.0,0.824,0.726,0.4,0.4,0.726,0.824,1.0
167,,0.85,0.674,0.576,0.25,0.25,0.576,0.674,0.85
168,,0.7,0.524,0.426,0.1,0.1,0.426,0.524,0.7
169,,0.55,0.374,0.276,-0.05,-0.05,0.276,0.374,0.55
170,4,0.488,0.524,0.638,0.95,0.312,0.426,0.312,0.4
171,4,0.426,0.674,1.0,1.0,0.674,0.576,0.25,0.25
172,,0.276,0.524,0.85,0.85,0.524,0.426,0.1,0.1
173,,0.126,0.374,0.7,0.7,0.374,0.276,-0.05,-0.05
174,8,0.488,0.524,0.638,0.55,0.312,0.426,0.312,0.95
175,8,0.85,0.674,0.576,0.4,0.25,0.576,0.674,1.0
176,,0.7,0.524,0.426,0.25,0.1,0.426,0.524,0.85
177,,0.55,0.374,0.276,0.1,-0.05,0.276,0.374,0.7
178,5,0.4,0.312,0.426,0.462,0.95,0.638,0.524,0.638
179,5,0.25,0.25,0.576,0.824,1.0,1.0,0.674,0.576
180,,0.1,0.1,0.426,0.674,0.85,0.85,0.524,0.426
181,,-0.05,-0.05,0.276,0.524,0.7,0.7,0.374,0.276
182,2,0.312,0.95,0.638,0.674,0.638,0.55,0.312,0.426
183,2,0.674,1.0,1.0,0.824,0.576,0.4,0.25,0.576
184,,0.524,0.85,0.85,0.674,0.426,0.25,0.1,0.426
185,,0.374,0.7,0.7,0.524,0.276,0.1,-0.05,0.276
186,7,0.524,0.638,0.55,0.462,0.426,0.462,0.95,0.638
187,7,0.674,0.576,0.4,0.4,0.576,0.824,1.0,1.0
188,,0.524,0.426,0.25,0.25,0.426,0.674,0.85,0.85
189,,0.374,0.276,0.1,0.1,0.276,0.524,0.7,0.7
190,,0.224,0.126,-0.05,-0.05,0.126,0.374,0.55,0.55
191,3,0.374,0.488,0.95,0.312,0.276,0.312,0.4,0.488
192,3,0.524,0.85,1.0,0.674,0.426,0.25,0.25,0.426
193,,0.374,0.7,0.85,0.524,0.276,0.1,0.1,0.276
194,,0.224,0.55,0.7,0.374,0.126,-0.05,-0.05,0.126
195,7,0.374,0.488,0.55,0.312,0.276,0.312,0.95,0.488
196,7,0.524,0.426,0.4,0.25,0.426,0.674,1.0,0.85
197,,0.374,0.276,0.25,0.1,0.276,0.524,0.85,0.7
198,,0.224,0.126,0.1,-0.05,0.126,0.374,0.7,0.55
199,4,0.162,0.276,0.462,0.95,0.488,0.524,0.638,0.4
200,4,0.1,0.426,0.824,1.0,0.85,0.674,0.576,0.25
201,,-0.05,0.276,0.674,0.85,0.7,0.524,0.426,0.1
202,1,0.95,0.638,0.824,0.788,0.55,0.462,0.576,0.462
203,1,1.0,1.0,0.974,0.726,0.4,0.4,0.726,0.824
204,,0.85,0.85,0.824,0.576,0.25,0.25,0.576,0.674
205,,0.7,0.7,0.674,0.426,0.1,0.1,0.426,0.524
206,,0.55,0.55,0.524,0.276,-0.05,-0.05,0.276,0.374
207,5,0.4,0.488,0.674,0.638,0.95,0.312,0.426,0.312
208,5,0.25,0.426,0.824,1.0,1.0,0.674,0.576,0.25
209,,0.1,0.276,0.674,0.85,0.85,0.524,0.426,0.1
210,,-0.05,0.126,0.524,0.7,0.7,0.374,0.276,-0.05
211,1,0.95,0.488,0.674,0.638,0.55,0.312,0.426,0.312
212,1,1.0,0.85,0.824,0.576,0.4,0.25,0.576,0.674
213,,0.85,0.7,0.674,0.426,0.25,0.1,0.426,0.524
214,,0.7,0.55,0.524,0.276,0.1,-0.05,0.276,0.374
215,6,0.638,0.4,0.462,0.426,0.462,0.95,0.638,0.524
216,6,0.576,0.25,0.4,0.576,0.824,1.0,1.0,0.674
217,,0.426,0.1,0.25,0.426,0.674,0.85,0.85,0.524
218,,0.276,-0.05,0.1,0.276,0.524,0.7,0.7,0.374
219,2,0.638,0.95,0.462,0.426,0.462,0.55,0.638,0.524
220,2,1.0,1.0,0.824,0.576,0.4,0.4,0.576,0.674
221,,0.85,0.85,0.674,0.426,0.25,0.25,0.426,0.524
222,,0.7,0.7,0.524,0.276,0.1,0.1,0.276,0.374
223,,0.55,0.55,0.374,0.126,-0.05,-0.05,0.126,0.224
224,6,0.488,0.4,0.312,0.276,0.312,0.95,0.488,0.374
225,6,0.426,0.25,0.25,0.426,0.674,1.0,0.85,0.524
226,,0.276,0.1,0.1,0.276,0.524,0.85,0.7,0.374
227,,0.126,-0.05,-0.05,0.126,0.374,0.7,0.55,0.224
228,3,0.276,0.312,0.95,0.488,0.524,0.638,0.4,0.162
229,3,0.426,0.674,1.0,0.85,0.674,0.576,0.25,0.1
230,,0.276,0.524,0.85,0.7,0.524,0.426,0.1,-0.05
231,8,0.638,0.674,0.788,0.55,0.462,0.576,0.462,0.95
232,8,1.0,0.824,0.726,0.4,0.4,0.726,0.824,1.0
233,,0.85,0.674,0.576,0.25,0.25,0.576,0.674,0.85
234,,0.7,0.524,0.426,0.1,0.1,0.426,0.524,0.7
235,,0.55,0.374,0.276,-0.05,-0.05,0.276,0.374,0.55
236,5,0.4,0.312,0.426,0.312,0.95,0.638,0.524,0.488
237,5,0.25,0.25,0.576,0.674,1.0,1.0,0.674,0.426
238,,0.1,0.1,0.426,0.524,0.85,0.85,0.524,0.276
239,,-0.05,-0.05,0.276,0.374,0.7,0.7,0.374,0.126
240,2,0.312,0.95,0.638,0.524,0.638,0.55,0.312,0.276
241,2,0.674,1.0,1.0,0.674,0.576,0.4,0.25,0.426
242,,0.524,0.85,0.85,0.524,0.426,0.25,0.1,0.276
243,,0.374,0.7,0.7,0.374,0.276,0.1,-0.05,0.126
244,7,0.524,0.638,0.55,0.312,0.426,0.462,0.95,0.488
245,7,0.674,0.576,0.4,0.25,0.576,0.824,1.0,0.85
246,,0.524,0.426,0.25,0.1,0.426,0.674,0.85,0.7
247,,0.374,0.276,0.1,-0.05,0.276,0.524,0.7,0.55
248,4,0.312,0.426,0.462,0.95,0.638,0.674,0.638,0.4
249,4,0.25,0.576,0.824,1.0,1.0,0.824,0.576,0.25
250,,0.1,0.426,0.674,0.85,0.85,0.674,0.426,0.1
251,,-0.05,0.276,0.524,0.7,0.7,0.524,0.276,-0.05
252,1,0.95,0.638,0.674,0.638,0.55,0.462,0.426,0.312
253,1,1.0,1.0,0.824,0.576,0.4,0.4,0.576,0.674
254,,0.85,0.85,0.674,0.426,0.25,0.25,0.426,0.524
255,,0.7,0.7,0.524,0.276,0.1,0.1,0.276,0.374
256,,0.55,0.55,0.374,0.126,-0.05,-0.05,0.126,0.224
257,5,0.4,0.488,0.524,0.488,0.95,0.312,0.276,0.162
258,5,0.25,0.426,0.674,0.85,1.0,0.674,0.426,0.1
259,,0.1,0.276,0.524,0.7,0.85,0.524,0.276,-0.05
260,8,0.462,0.426,0.462,0.55,0.788,0.674,0.638,0.95
261,8,0.824,0.576,0.4,0.4,0.726,0.824,1.0,1.0
262,,0.674,0.426,0.25,0.25,0.576,0.674,0.85,0.85
263,,0.524,0.276,0.1,0.1,0.426,0.524,0.7,0.7
264,,0.374,0.126,-0.05,-0.05,0.276,0.374,0.55,0.55
265,3,0.524,0.488,0.95,0.312,0.426,0.312,0.4,0.488
266,3,0.674,0.85,1.0,0.674,0.576,0.25,0.25,0.426
267,,0.524,0.7,0.85,0.524,0.426,0.1,0.1,0.276
268,,0.374,0.55,0.7,0.374,0.276,-0.05,-0.05,0.126
269,6,0.312,0.4,0.638,0.524,0.638,0.95,0.312,0.276
270,6,0.25,0.25,0.576,0.674,1.0,1.0,0.674,0.426
271,,0.1,0.1,0.426,0.524,0.85,0.85,0.524,0.276
272,,-0.05,-0.05,0.276,0.374,0.7,0.7,0.374,0.126
273,1,0.95,0.312,0.426,0.312,0.55,0.638,0.524,0.488
274,1,1.0,0.674,0.576,0.25,0.4,0.576,0.674,0.85
275,,0.85,0.524,0.426,0.1,0.25,0.426,0.524,0.7
276,,0.7,0.374,0.276,-0.05,0.1,0.276,0.374,0.55
277,4,0.638,0.524,0.638,0.95,0.462,0.426,0.312,0.4
278,4,0.576,0.674,1.0,1.0,0.824,0.576,0.25,0.25
279,,0.426,0.524,0.85,0.85,0.674,0.426,0.1,0.1
280,,0.276,0.374,0.7,0.7,0.524,0.276,-0.05,-0.05
281,8,0.638,0.524,0.638,0.55,0.462,0.426,0.312,0.95
282,8,1.0,0.674,0.576,0.4,0.4,0.576,0.674,1.0
283,,0.85,0.524,0.426,0.25,0.25,0.426,0.524,0.85
284,,0.7,0.374,0.276,0.1,0.1,0.276,0.374,0.7
285,,0.55,0.224,0.126,-0.05,-0.05,0.126,0.224,0.55
286,4,0.488,0.374,0.488,0.95,0.312,0.276,0.162,0.4
287,4,0.426,0.524,0.85,1.0,0.674,0.426,0.1,0.25
288,,0.276,0.374,0.7,0.85,0.524,0.276,-0.05,0.1
289,7,0.426,0.312,0.55,0.788,0.674,0.638,0.95,0.462
290,7,0.576,0.25,0.4,0.726,0.824,1.0,1.0,0.824
291,,0.426,0.1,0.25,0.576,0.674,0.85,0.85,0.674
292,,0.276,-0.05,0.1,0.426,0.524,0.7,0.7,0.524
293,2,0.638,0.95,0.462,0.576,0.462,0.55,0.638,0.674
294,2,1.0,1.0,0.824,0.726,0.4,0.4,0.576,0.824
295,,0.85,0.85,0.674,0.576,0.25,0.25,0.426,0.674
296,,0.7,0.7,0.524,0.426,0.1,0.1,0.276,0.524
297,,0.55,0.55,0.374,0.276,-0.05,-0.05,0.126,0.374
298,5,0.4,0.488,0.524,0.638,0.95,0.312,0.276,0.312
299,5,0.25,0.426,0.674,1.0,1.0,0.674,0.426,0.25
300,,0.1,0.276,0.524,0.85,0.85,0.524,0.276,0.1
301,,-0.05,0.126,0.374,0.7,0.7,0.374,0.126,-0.05
302,1,0.95,0.488,0.524,0.638,0.55,0.312,0.276,0.312
303,1,1.0,0.85,0.674,0.576,0.4,0.25,0.426,0.674
304,,0.85,0.7,0.524,0.426,0.25,0.1,0.276,0.524
305,,0.7,0.55,0.374,0.276,0.1,-0.05,0.126,0.374
306,6,0.638,0.4,0.312,0.426,0.462,0.95,0.488,0.524
307,6,0.576,0.25,0.25,0.576,0.824,1.0,0.85,0.674
308,,0.426,0.1,0.1,0.426,0.674,0.85,0.7,0.524
309,,0.276,-0.05,-0.05,0.276,0.524,0.7,0.55,0.374
310,3,0.426,0.312,0.95,0.638,0.674,0.638,0.4,0.312
311,3,0.576,0.674,1.0,1.0,0.824,0.576,0.25,0.25
312,,0.426,0.524,0.85,0.85,0.674,0.426,0.1,0.1
313,,0.276,0.374,0.7,0.7,0.524,0.276,-0.05,-0.05
314,8,0.638,0.524,0.638,0.55,0.462,0.426,0.312,0.95
315,8,1.0,0.674,0.576,0.4,0.4,0.576,0.674,1.0
316,,0.85,0.524,0.426,0.25,0.25,0.426,0.524,0.85
317,,0.7,0.374,0.276,0.1,0.1,0.276,0.374,0.7
318,,0.55,0.224,0.126,-0.05,-0.05,0.126,0.224,0.55
319,5,0.4,0.162,0.276,0.312,0.95,0.488,0.374,0.488
320,5,0.25,0.1,0.426,0.674,1.0,0.85,0.524,0.426
321,,0.1,-0.05,0.276,0.524,0.85,0.7,0.374,0.276
322,2,0.462,0.95,0.638,0.674,0.788,0.55,0.312,0.426
323,2,0.824,1.0,1.0,0.824,0.726,0.4,0.25,0.576
324,,0.674,0.85,0.85,0.674,0.576,0.25,0.1,0.426
325,,0.524,0.7,0.7,0.524,0.426,0.1,-0.05,0.276
326,7,0.674,0.638,0.55,0.462,0.576,0.462,0.95,0.638
327,7,0.824,0.576,0.4,0.4,0.726,0.824,1.0,1.0
328,,0.674,0.426,0.25,0.25,0.576,0.674,0.85,0.85
329,,0.524,0.276,0.1,0.1,0.426,0.524,0.7,0.7
330,,0.374,0.126,-0.05,-0.05,0.276,0.374,0.55,0.55
331,4,0.312,0.276,0.312,0.95,0.638,0.524,0.488,0.4
332,4,0.25,0.426,0.674,1.0,1.0,0.674,0.426,0.25
333,,0.1,0.276,0.524,0.85,0.85,0.524,0.276,0.1
334,,-0.05,0.126,0.374,0.7,0.7,0.374,0.126,-0.05
335,1,0.95,0.488,0.524,0.638,0.55,0.312,0.276,0.312
336,1,1.0,0.85,0.674,0.576,0.4,0.25,0.426,0.674
337,,0.85,0.7,0.524,0.426,0.25,0.1,0.276,0.524
338,,0.7,0.55,0.374,0.276,0.1,-0.05,0.126,0.374
339,6,0.638,0.4,0.312,0.426,0.462,0.95,0.488,0.524
340,6,0.576,0.25,0.25,0.576,0.824,1.0,0.85,0.674
341,,0.426,0.1,0.1,0.426,0.674,0.85,0.7,0.524
342,,0.276,-0.05,-0.05,0.276,0.524,0.7,0.55,0.374
343,2,0.638,0.95,0.312,0.426,0.462,0.55,0.488,0.524
344,2,1.0,1.0,0.674,0.576,0.4,0.4,0.426,0.674
345,,0.85,0.85,0.524,0.426,0.25,0.25,0.276,0.524
346,,0.7,0.7,0.374,0.276,0.1,0.1,0.126,0.374
347,,0.55,0.55,0.224,0.126,-0.05,-0.05,-0.024,0.224
348,6,0.488,0.4,0.162,0.276,0.312,0.95,0.338,0.374
349,6,0.426,0.25,0.1,0.426,0.674,1.0,0.7,0.524
350,,0.276,0.1,-0.05,0.276,0.524,0.85,0.55,0.374
351,3,0.426,0.462,0.95,0.638,0.674,0.788,0.4,0.312
352,3,0.576,0.824,1.0,1.0,0.824,0.726,0.25,0.25
353,,0.426,0.674,0.85,0.85,0.674,0.576,0.1,0.1
354,,0.276,0.524,0.7,0.7,0.524,0.426,-0.05,-0.05
355,8,0.638,0.674,0.638,0.55,0.462,0.576,0.312,0.95
356,8,1.0,0.824,0.576,0.4,0.4,0.726,0.674,1.0
357,,0.85,0.674,0.426,0.25,0.25,0.576,0.524,0.85
358,,0.7,0.524,0.276,0.1,0.1,0.426,0.374,0.7
359,,0.55,0.374,0.126,-0.05,-0.05,0.276,0.224,0.55
360,4,0.488,0.524,0.488,0.95,0.312,0.426,0.162,0.4
361,4,0.426,0.674,0.85,1.0,0.674,0.576,0.1,0.25
362,,0.276,0.524,0.7,0.85,0.524,0.426,-0.05,0.1
363,7,0.426,0.462,0.55,0.788,0.674,0.788,0.95,0.462
364,7,0.576,0.4,0.4,0.726,0.824,1.0,1.0,0.824
365,,0.426,0.25,0.25,0.576,0.674,0.85,0.85,0.674
366,,0.276,0.1,0.1,0.426,0.524,0.7,0.7,0.524
367,,0.126,-0.05,-0.05,0.276,0.374,0.55,0.55,0.374
368,2,0.488,0.95,0.312,0.426,0.312,0.4,0.488,0.524
369,2,0.85,1.0,0.674,0.576,0.25,0.25,0.426,0.674
370,,0.7,0.85,0.524,0.426,0.1,0.1,0.276,0.524
371,,0.55,0.7,0.374,0.276,-0.05,-0.05,0.126,0.374
372,6,0.488,0.55,0.312,0.426,0.312,0.95,0.488,0.524
373,6,0.426,0.4,0.25,0.576,0.674,1.0,0.85,0.674
374,,0.276,0.25,0.1,0.426,0.524,0.85,0.7,0.524
375,,0.126,0.1,-0.05,0.276,0.374,0.7,0.55,0.374
376,3,0.276,0.462,0.95,0.638,0.524,0.638,0.4,0.312
377,3,0.426,0.824,1.0,1.0,0.674,0.576,0.25,0.25
378,,0.276,0.674,0.85,0.85,0.524,0.426,0.1,0.1
379,,0.126,0.524,0.7,0.7,0.374,0.276,-0.05,-0.05
380,8,0.488,0.674,0.638,0.55,0.312,0.426,0.312,0.95
381,8,0.85,0.824,0.576,0.4,0.25,0.576,0.674,1.0
382,,0.7,0.674,0.426,0.25,0.1,0.426,0.524,0.85
383,,0.55,0.524,0.276,0.1,-0.05,0.276,0.374,0.7
384,5,0.4,0.462,0.426,0.462,0.95,0.638,0.524,0.638
385,5,0.25,0.4,0.576,0.824,1.0,1.0,0.674,0.576
386,,0.1,0.25,0.426,0.674,0.85,0.85,0.524,0.426
387,,-0.05,0.1,0.276,0.524,0.7,0.7,0.374,0.276
388,1,0.95,0.462,0.426,0.462,0.55,0.638,0.524,0.638
389,1,1.0,0.824,0.576,0.4,0.4,0.576,0.674,1.0
390,,0.85,0.674,0.426,0.25,0.25,0.426,0.524,0.85
391,,0.7,0.524,0.276,0.1,0.1,0.276,0.374,0.7
392,,0.55,0.374,0.126,-0.05,-0.05,0.126,0.224,0.55
393,5,0.4,0.312,0.276,0.312,0.95,0.488,0.374,0.488
394,5,0.25,0.25,0.426,0.674,1.0,0.85,0.524,0.426
395,,0.1,0.1,0.276,0.524,0.85,0.7,0.374,0.276
396,,-0.05,-0.05,0.126,0.374,0.7,0.55,0.224,0.126
397,2,0.312,0.95,0.488,0.524,0.638,0.4,0.162,0.276
398,2,0.674,1.0,0.85,0.674,0.576,0.25,0.1,0.426
399,,0.524,0.85,0.7,0.524,0.426,0.1,-0.05,0.276
400,7,0.674,0.788,0.55,0.462,0.576,0.462,0.95,0.638
401,7,0.824,0.726,0.4,0.4,0.726,0.824,1.0,1.0
402,,0.674,0.576,0.25,0.25,0.576,0.674,0.85,0.85
403,,0.524,0.426,0.1,0.1,0.426,0.524,0.7,0.7
404,,0.374,0.276,-0.05,-0.05,0.276,0.374,0.55,0.55
405,3,0.524,0.638,0.95,0.312,0.426,0.312,0.4,0.488
406,3,0.674,1.0,1.0,0.674,0.576,0.25,0.25,0.426
407,,0.524,0.85,0.85,0.524,0.426,0.1,0.1,0.276
408,,0.374,0.7,0.7,0.374,0.276,-0.05,-0.05,0.126
409,6,0.312,0.55,0.638,0.524,0.638,0.95,0.312,0.276
410,6,0.25,0.4,0.576,0.674,1.0,1.0,0.674,0.426
411,,0.1,0.25,0.426,0.524,0.85,0.85,0.524,0.276
412,,-0.05,0.1,0.276,0.374,0.7,0.7,0.374,0.126
413,1,0.95,0.462,0.426,0.312,0.55,0.638,0.524,0.488
414,1,1.0,0.824,0.576,0.25,0.4,0.576,0.674,0.85
415,,0.85,0.674,0.426,0.1,0.25,0.426,0.524,0.7
416,,0.7,0.524,0.276,-0.05,0.1,0.276,0.374,0.55
417,4,0.638,0.674,0.638,0.95,0.462,0.426,0.312,0.4
418,4,0.576,0.824,1.0,1.0,0.824,0.576,0.25,0.25
419,,0.426,0.674,0.85,0.85,0.674,0.426,0.1,0.1
420,,0.276,0.524,0.7,0.7,0.524,0.276,-0.05,-0.05
421,7,0.426,0.462,0.55,0.638,0.674,0.638,0.95,0.312
422,7,0.576,0.4,0.4,0.576,0.824,1.0,1.0,0.674
423,,0.426,0.25,0.25,0.426,0.674,0.85,0.85,0.524
424,,0.276,0.1,0.1,0.276,0.524,0.7,0.7,0.374
425,,0.126,-0.05,-0.05,0.126,0.374,0.55,0.55,0.224
426,3,0.276,0.312,0.95,0.488,0.524,0.488,0.4,0.162
427,3,0.426,0.674,1.0,0.85,0.674,0.426,0.25,0.1
428,,0.276,0.524,0.85,0.7,0.524,0.276,0.1,-0.05
429,8,0.638,0.674,0.788,0.55,0.462,0.426,0.462,0.95
430,8,1.0,0.824,0.726,0.4,0.4,0.576,0.824,1.0
431,,0.85,0.674,0.576,0.25,0.25,0.426,0.674,0.85
432,,0.7,0.524,0.426,0.1,0.1,0.276,0.524,0.7
433,,0.55,0.374,0.276,-0.05,-0.05,0.126,0.374,0.55
434,5,0.4,0.312,0.426,0.312,0.95,0.488,0.524,0.488
435,5,0.25,0.25,0.576,0.674,1.0,0.85,0.674,0.426
436,,0.1,0.1,0.426,0.524,0.85,0.7,0.524,0.276
437,,-0.05,-0.05,0.276,0.374,0.7,0.55,0.374,0.126
438,1,0.95,0.312,0.426,0.312,0.55,0.488,0.524,0.488
439,1,1.0,0.674,0.576,0.25,0.4,0.426,0.674,0.85
440,,0.85,0.524,0.426,0.1,0.25,0.276,0.524,0.7
441,,0.7,0.374,0.276,-0.05,0.1,0.126,0.374,0.55
442,4,0.638,0.524,0.638,0.95,0.462,0.276,0.312,0.4
443,4,0.576,0.674,1.0,1.0,0.824,0.426,0.25,0.25
444,,0.426,0.524,0.85,0.85,0.674,0.276,0.1,0.1
445,,0.276,0.374,0.7,0.7,0.524,0.126,-0.05,-0.05
446,7,0.426,0.312,0.55,0.638,0.674,0.488,0.95,0.312
447,7,0.576,0.25,0.4,0.576,0.824,0.85,1.0,0.674
448,,0.426,0.1,0.25,0.426,0.674,0.7,0.85,0.524
449,,0.276,-0.05,0.1,0.276,0.524,0.55,0.7,0.374
450,2,0.638,0.95,0.462,0.426,0.462,0.4,0.638,0.524
451,2,1.0,1.0,0.824,0.576,0.4,0.25,0.576,0.674
452,,0.85,0.85,0.674,0.426,0.25,0.1,0.426,0.524
453,,0.7,0.7,0.524,0.276,0.1,-0.05,0.276,0.374
454,6,0.638,0.55,0.462,0.426,0.462,0.95,0.638,0.524
455,6,0.576,0.4,0.4,0.576,0.824,1.0,1.0,0.674
456,,0.426,0.25,0.25,0.426,0.674,0.85,0.85,0.524
457,,0.276,0.1,0.1,0.276,0.524,0.7,0.7,0.374
458,,0.126,-0.05,-0.05,0.126,0.374,0.55,0.55,0.224
459,2,0.488,0.95,0.312,0.276,0.312,0.4,0.488,0.374
460,2,0.85,1.0,0.674,0.426,0.25,0.25,0.426,0.524
461,,0.7,0.85,0.524,0.276,0.1,0.1,0.276,0.374
462,,0.55,0.7,0.374,0.126,-0.05,-0.05,0.126,0.224
463,5,0.4,0.638,0.524,0.488,0.95,0.312,0.276,0.162
464,5,0.25,0.576,0.674,0.85,1.0,0.674,0.426,0.1
465,,0.1,0.426,0.524,0.7,0.85,0.524,0.276,-0.05
466,8,0.462,0.576,0.462,0.55,0.788,0.674,0.638,0.95
467,8,0.824,0.726,0.4,0.4,0.726,0.824,1.0,1.0
468,,0.674,0.576,0.25,0.25,0.576,0.674,0.85,0.85
469,,0.524,0.426,0.1,0.1,0.426,0.524,0.7,0.7
470,,0.374,0.276,-0.05,-0.05,0.276,0.374,0.55,0.55
471,4,0.312,0.426,0.312,0.95,0.638,0.524,0.488,0.4
472,4,0.25,0.576,0.674,1.0,1.0,0.674,0.426,0.25
473,,0.1,0.426,0.524,0.85,0.85,0.524,0.276,0.1
474,,-0.05,0.276,0.374,0.7,0.7,0.374,0.126,-0.05
475,1,0.95,0.638,0.524,0.638,0.55,0.312,0.276,0.312
476,1,1.0,1.0,0.674,0.576,0.4,0.25,0.426,0.674
477,,0.85,0.85,0.524,0.426,0.25,0.1,0.276,0.524
478,,0.7,0.7,0.374,0.276,0.1,-0.05,0.126,0.374
479,6,0.638,0.55,0.312,0.426,0.462,0.95,0.488,0.524
480,6,0.576,0.4,0.25,0.576,0.824,1.0,0.85,0.674
481,,0.426,0.25,0.1,0.426,0.674,0.85,0.7,0.524
482,,0.276,0.1,-0.05,0.276,0.524,0.7,0.55,0.374
483,3,0.426,0.462,0.95,0.638,0.674,0.638,0.4,0.312
484,3,0.576,0.824,1.0,1.0,0.824,0.576,0.25,0.25
485,,0.426,0.674,0.85,0.85,0.674,0.426,0.1,0.1
486,,0.276,0.524,0.7,0.7,0.524,0.276,-0.05,-0.05
487,7,0.426,0.462,0.55,0.638,0.674,0.638,0.95,0.312
488,7,0.576,0.4,0.4,0.576,0.824,1.0,1.0,0.674
489,,0.426,0.25,0.25,0.426,0.674,0.85,0.85,0.524
490,,0.276,0.1,0.1,0.276,0.524,0.7,0.7,0.374
491,,0.126,-0.05,-0.05,0.126,0.374,0.55,0.55,0.224
492,2,0.488,0.95,0.312,0.276,0.312,0.4,0.488,0.374
493,2,0.85,1.0,0.674,0.426,0.25,0.25,0.426,0.524
494,,0.7,0.85,0.524,0.276,0.1,0.1,0.276,0.374
495,,0.55,0.7,0.374,0.126,-0.05,-0.05,0.126,0.224
496,5,0.4,0.638,0.524,0.488,0.95,0.312,0.276,0.162
497,5,0.25,0.576,0.674,0.85,1.0,0.674,0.426,0.1
498,,0.1,0.426,0.524,0.7,0.85,0.524,0.276,-0.05
499,8,0.462,0.576,0.462,0.55,0.788,0.674,0.638,0.95
500,8,0.824,0.726,0.4,0.4,0.726,0.824,1.0,1.0
501,,0.674,0.576,0.25,0.25,0.576,0.674,0.85,0.85
502,,0.524,0.426,0.1,0.1,0.426,0.524,0.7,0.7
503,,0.374,0.276,-0.05,-0.05,0.276,0.374,0.55,0.55
504,3,0.524,0.638,0.95,0.312,0.426,0.312,0.4,0.488
505,3,0.674,1.0,1.0,0.674,0.576,0.25,0.25,0.426
506,,0.524,0.85,0.85,0.524,0.426,0.1,0.1,0.276
507,,0.374,0.7,0.7,0.374,0.276,-0.05,-0.05,0.126
508,6,0.312,0.55,0.638,0.524,0.638,0.95,0.312,0.276
509,6,0.25,0.4,0.576,0.674,1.0,1.0,0.674,0.426
510,,0.1,0.25,0.426,0.524,0.85,0.85,0.524,0.276
511,,-0.05,0.1,0.276,0.374,0.7,0.7,0.374,0.126
512,1,0.95,0.462,0.426,0.312,0.55,0.638,0.524,0.488
513,1,1.0,0.824,0.576,0.25,0.4,0.576,0.674,0.85
514,,0.85,0.674,0.426,0.1,0.25,0.426,0.524,0.7
515,,0.7,0.524,0.276,-0.05,0.1,0.276,0.374,0.55
516,4,0.638,0.674,0.638,0.95,0.462,0.426,0.312,0.4
517,4,0.576,0.824,1.0,1.0,0.824,0.576,0.25,0.25
518,,0.426,0.674,0.85,0.85,0.674,0.426,0.1,0.1
519,,0.276,0.524,0.7,0.7,0.524,0.276,-0.05,-0.05
520,7,0.426,0.462,0.55,0.638,0.674,0.638,0.95,0.312
521,7,0.576,0.4,0.4,0.576,0.824,1.0,1.0,0.674
522,,0.426,0.25,0.25,0.426,0.674,0.85,0.85,0.524
523,,0.276,0.1,0.1,0.276,0.524,0.7,0.7,0.374
524,,0.126,-0.05,-0.05,0.126,0.374,0.55,0.55,0.224
525,3,0.276,0.312,0.95,0.488,0.524,0.488,0.4,0.162
526,3,0.426,0.674,1.0,0.85,0.674,0.426,0.25,0.1
527,,0.276,0.524,0.85,0.7,0.524,0.276,0.1,-0.05
528,8,0.638,0.674,0.788,0.55,0.462,0.426,0.462,0.95
529,8,1.0,0.824,0.726,0.4,0.4,0.576,0.824,1.0
530,,0.85,0.674,0.576,0.25,0.25,0.426,0.674,0.85
531,,0.7,0.524,0.426,0.1,0.1,0.276,0.524,0.7
532,,0.55,0.374,0.276,-0.05,-0.05,0.126,0.374,0.55
533,5,0.4,0.312,0.426,0.312,0.95,0.488,0.524,0.488
534,5,0.25,0.25,0.576,0.674,1.0,0.85,0.674,0.426
535,,0.1,0.1,0.426,0.524,0.85,0.7,0.524,0.276
536,,-0.05,-0.05,0.276,0.374,0.7,0.55,0.374,0.126
537,2,0.312,0.95,0.638,0.524,0.638,0.4,0.312,0.276
538,2,0.674,1.0,1.0,0.674,0.576,0.25,0.25,0.426
539,,0.524,0.85,0.85,0.524,0.426,0.1,0.1,0.276
540,,0.374,0.7,0.7,0.374,0.276,-0.05,-0.05,0.126
541,7,0.524,0.638,0.55,0.312,0.426,0.312,0.95,0.488
542,7,0.674,0.576,0.4,0.25,0.576,0.674,1.0,0.85
543,,0.524,0.426,0.25,0.1,0.426,0.524,0.85,0.7
544,,0.374,0.276,0.1,-0.05,0.276,0.374,0.7,0.55
545,4,0.312,0.426,0.462,0.95,0.638,0.524,0.638,0.4
546,4,0.25,0.576,0.824,1.0,1.0,0.674,0.576,0.25
547,,0.1,0.426,0.674,0.85,0.85,0.524,0.426,0.1
548,,-0.05,0.276,0.524,0.7,0.7,0.374,0.276,-0.05
549,1,0.95,0.638,0.674,0.638,0.55,0.312,0.426,0.312
550,1,1.0,1.0,0.824,0.576,0.4,0.25,0.576,0.674
551,,0.85,0.85,0.674,0.426,0.25,0.1,0.426,0.524
552,,0.7,0.7,0.524,0.276,0.1,-0.05,0.276,0.374
553,6,0.638,0.55,0.462,0.426,0.462,0.95,0.638,0.524
554,6,0.576,0.4,0.4,0.576,0.824,1.0,1.0,0.674
555,,0.426,0.25,0.25,0.426,0.674,0.85,0.85,0.524
556,,0.276,0.1,0.1,0.276,0.524,0.7,0.7,0.374
557,,0.126,-0.05,-0.05,0.126,0.374,0.55,0.55,0.224
558,3,0.276,0.312,0.95,0.488,0.524,0.488,0.4,0.162
559,3,0.426,0.674,1.0,0.85,0.674,0.426,0.25,0.1
560,,0.276,0.524,0.85,0.7,0.524,0.276,0.1,-0.05
561,8,0.638,0.674,0.788,0.55,0.462,0.426,0.462,0.95
562,8,1.0,0.824,0.726,0.4,0.4,0.576,0.824,1.0
563,,0.85,0.674,0.576,0.25,0.25,0.426,0.674,0.85
564,,0.7,0.524,0.426,0.1,0.1,0.276,0.524,0.7
565,,0.55,0.374,0.276,-0.05,-0.05,0.126,0.374,0.55
566,5,0.4,0.312,0.426,0.312,0.95,0.488,0.524,0.488
567,5,0.25,0.25,0.576,0.674,1.0,0.85,0.674,0.426
568,,0.1,0.1,0.426,0.524,0.85,0.7,0.524,0.276
569,,-0.05,-0.05,0.276,0.374,0.7,0.55,0.374,0.126
570,1,0.95,0.312,0.426,0.312,0.55,0.488,0.524,0.488
571,1,1.0,0.674,0.576,0.25,0.4,0.426,0.674,0.85
572,,0.85,0.524,0.426,0.1,0.25,0.276,0.524,0.7
573,,0.7,0.374,0.276,-0.05,0.1,0.126,0.374,0.55
574,4,0.638,0.524,0.638,0.95,0.462,0.276,0.312,0.4
575,4,0.576,0.674,1.0,1.0,0.824,0.426,0.25,0.25
576,,0.426,0.524,0.85,0.85,0.674,0.276,0.1,0.1
577,,0.276,0.374,0.7,0.7,0.524,0.126,-0.05,-0.05
578,7,0.426,0.312,0.55,0.638,0.674,0.488,0.95,0.312
579,7,0.576,0.25,0.4,0.576,0.824,0.85,1.0,0.674
580,,0.426,0.1,0.25,0.426,0.674,0.7,0.85,0.524
581,,0.276,-0.05,0.1,0.276,0.524,0.55,0.7,0.374
582,2,0.638,0.95,0.462,0.426,0.462,0.4,0.638,0.524
583,2,1.0,1.0,0.824,0.576,0.4,0.25,0.576,0.674
584,,0.85,0.85,0.674,0.426,0.25,0.1,0.426,0.524
585,,0.7,0.7,0.524,0.276,0.1,-0.05,0.276,0.374
586,6,0.638,0.55,0.462,0.426,0.462,0.95,0.638,0.524
587,6,0.576,0.4,0.4,0.576,0.824,1.0,1.0,0.674
588,,0.426,0.25,0.25,0.426,0.674,0.85,0.85,0.524
589,,0.276,0.1,0.1,0.276,0.524,0.7,0.7,0.374
590,,0.126,-0.05,-0.05,0.126,0.374,0.55,0.55,0.224
591,3,0.276,0.312,0.95,0.488,0.524,0.488,0.4,0.162
592,3,0.426,0.674,1.0,0.85,0.674,0.426,0.25,0.1
593,,0.276,0.524,0.85,0.7,0.524,0.276,0.1,-0.05
594,8,0.638,0.674,0.788,0.55,0.462,0.426,0.462,0.95
595,8,1.0,0.824,0.726,0.4,0.4,0.576,0.824,1.0
596,,0.85,0.674,0.576,0.25,0.25,0.426,0.674,0.85
597,,0.7,0.524,0.426,0.1,0.1,0.276,0.524,0.7
598,,0.55,0.374,0.276,-0.05,-0.05,0.126,0.374,0.55
599,5,0.4,0.312,0.426,0.312,0.95,0.488,0.524,0.488
600,5,0.25,0.25,0.576,0.674,1.0,0.85,0.674,0.426
601,,0.1,0.1,0.426,0.524,0.85,0.7,0.524,0.276
602,,-0.05,-0.05,0.276,0.374,0.7,0.55,0.374,0.126
603,1,0.95,0.312,0.426,0.312,0.55,0.488,0.524,0.488
604,1,1.0,0.674,0.576,0.25,0.4,0.426,0.674,0.85
605,,0.85,0.524,0.426,0.1,0.25,0.276,0.524,0.7
606,,0.7,0.374,0.276,-0.05,0.1,0.126,0.374,0.55
607,4,0.638,0.524,0.638,0.95,0.462,0.276,0.312,0.4
608,4,0.576,0.674,1.0,1.0,0.824,0.426,0.25,0.25
609,,0.426,0.524,0.85,0.85,0.674,0.276,0.1,0.1
610,,0.276,0.374,0.7,0.7,0.524,0.126,-0.05,-0.05
611,8,0.638,0.524,0.638,0.55,0.462,0.276,0.312,0.95
612,8,1.0,0.674,0.576,0.4,0.4,0.426,0.674,1.0
613,,0.85,0.524,0.426,0.25,0.25,0.276,0.524,0.85
614,,0.7,0.374,0.276,0.1,0.1,0.126,0.374,0.7
615,,0.55,0.224,0.126,-0.05,-0.05,-0.024,0.224,0.55
616,4,0.488,0.374,0.488,0.95,0.312,0.126,0.162,0.4
617,4,0.426,0.524,0.85,1.0,0.674,0.276,0.1,0.25
618,,0.276,0.374,0.7,0.85,0.524,0.126,-0.05,0.1
619,7,0.426,0.312,0.55,0.788,0.674,0.488,0.95,0.462
620,7,0.576,0.25,0.4,0.726,0.824,0.85,1.0,0.824
621,,0.426,0.1,0.25,0.576,0.674,0.7,0.85,0.674
622,,0.276,-0.05,0.1,0.426,0.524,0.55,0.7,0.524
623,2,0.638,0.95,0.462,0.576,0.462,0.4,0.638,0.674
624,2,1.0,1.0,0.824,0.726,0.4,0.25,0.576,0.824
625,,0.85,0.85,0.674,0.576,0.25,0.1,0.426,0.674
626,,0.7,0.7,0.524,0.426,0.1,-0.05,0.276,0.524
627,6,0.638,0.55,0.462,0.576,0.462,0.95,0.638,0.674
628,6,0.576,0.4,0.4,0.726,0.824,1.0,1.0,0.824
629,,0.426,0.25,0.25,0.576,0.674,0.85,0.85,0.674
630,,0.276,0.1,0.1,0.426,0.524,0.7,0.7,0.524
631,,0.126,-0.05,-0.05,0.276,0.374,0.55,0.55,0.374
632,2,0.488,0.95,0.312,0.426,0.312,0.4,0.488,0.524
633,2,0.85,1.0,0.674,0.576,0.25,0.25,0.426,0.674
634,,0.7,0.85,0.524,0.426,0.1,0.1,0.276,0.524
635,,0.55,0.7,0.374,0.276,-0.05,-0.05,0.126,0.374
636,5,0.4,0.638,0.524,0.638,0.95,0.312,0.276,0.312
637,5,0.25,0.576,0.674,1.0,1.0,0.674,0.426,0.25
638,,0.1,0.426,0.524,0.85,0.85,0.524,0.276,0.1
639,,-0.05,0.276,0.374,0.7,0.7,0.374,0.126,-0.05
640,1,0.95,0.638,0.524,0.638,0.55,0.312,0.276,0.312
641,1,1.0,1.0,0.674,0.576,0.4,0.25,0.426,0.674
642,,0.85,0.85,0.524,0.426,0.25,0.1,0.276,0.524
643,,0.7,0.7,0.374,0.276,0.1,-0.05,0.126,0.374
644,6,0.638,0.55,0.312,0.426,0.462,0.95,0.488,0.524
645,6,0.576,0.4,0.25,0.576,0.824,1.0,0.85,0.674
646,,0.426,0.25,0.1,0.426,0.674,0.85,0.7,0.524
647,,0.276,0.1,-0.05,0.276,0.524,0.7,0.55,0.374
648,3,0.426,0.462,0.95,0.638,0.674,0.638,0.4,0.312
649,3,0.576,0.824,1.0,1.0,0.824,0.576,0.25,0.25
650,,0.426,0.674,0.85,0.85,0.674,0.426,0.1,0.1
651,,0.276,0.524,0.7,0.7,0.524,0.276,-0.05,-0.05
652,8,0.638,0.674,0.638,0.55,0.462,0.426,0.312,0.95
653,8,1.0,0.824,0.576,0.4,0.4,0.576,0.674,1.0
654,,0.85,0.674,0.426,0.25,0.25,0.426,0.524,0.85
655,,0.7,0.524,0.276,0.1,0.1,0.276,0.374,0.7
656,,0.55,0.374,0.126,-0.05,-0.05,0.126,0.224,0.55
657,4,0.488,0.524,0.488,0.95,0.312,0.276,0.162,0.4
658,4,0.426,0.674,0.85,1.0,0.674,0.426,0.1,0.25
659,,0.276,0.524,0.7,0.85,0.524,0.276,-0.05,0.1
660,7,0.426,0.462,0.55,0.788,0.674,0.638,0.95,0.462
661,7,0.576,0.4,0.4,0.726,0.824,1.0,1.0,0.824
662,,0.426,0.25,0.25,0.576,0.674,0.85,0.85,0.674
663,,0.276,0.1,0.1,0.426,0.524,0.7,0.7,0.524
664,,0.126,-0.05,-0.05,0.276,0.374,0.55,0.55,0.374
665,2,0.488,0.95,0.312,0.426,0.312,0.4,0.488,0.524
666,2,0.85,1.0,0.674,0.576,0.25,0.25,0.426,0.674
667,,0.7,0.85,0.524,0.426,0.1,0.1,0.276,0.524
668,,0.55,0.7,0.374,0.276,-0.05,-0.05,0.126,0.374
669,6,0.488,0.55,0.312,0.426,0.312,0.95,0.488,0.524
670,6,0.426,0.4,0.25,0.576,0.674,1.0,0.85,0.674
671,,0.276,0.25,0.1,0.426,0.524,0.85,0.7,0.524
672,,0.126,0.1,-0.05,0.276,0.374,0.7,0.55,0.374
673,3,0.276,0.462,0.95,0.638,0.524,0.638,0.4,0.312
674,3,0.426,0.824,1.0,1.0,0.674,0.576,0.25,0.25
675,,0.276,0.674,0.85,0.85,0.524,0.426,0.1,0.1
676,,0.126,0.524,0.7,0.7,0.374,0.276,-0.05,-0.05
677,7,0.276,0.462,0.55,0.638,0.524,0.638,0.95,0.312
678,7,0.426,0.4,0.4,0.576,0.674,1.0,1.0,0.674
679,,0.276,0.25,0.25,0.426,0.524,0.85,0.85,0.524
680,,0.126,0.1,0.1,0.276,0.374,0.7,0.7,0.374
681,,-0.024,-0.05,-0.05,0.126,0.224,0.55,0.55,0.224
682,3,0.126,0.312,0.95,0.488,0.374,0.488,0.4,0.162
683,3,0.276,0.674,1.0,0.85,0.524,0.426,0.25,0.1
684,,0.126,0.524,0.85,0.7,0.374,0.276,0.1,-0.05
685,8,0.488,0.674,0.788,0.55,0.312,0.426,0.462,0.95
686,8,0.85,0.824,0.726,0.4,0.25,0.576,0.824,1.0
687,,0.7,0.674,0.576,0.25,0.1,0.426,0.674,0.85
688,,0.55,0.524,0.426,0.1,-0.05,0.276,0.524,0.7
689,5,0.4,0.462,0.576,0.462,0.95,0.638,0.674,0.638
690,5,0.25,0.4,0.726,0.824,1.0,1.0,0.824,0.576
691,,0.1,0.25,0.576,0.674,0.85,0.85,0.674,0.426
692,,-0.05,0.1,0.426,0.524,0.7,0.7,0.524,0.276
693,1,0.95,0.462,0.576,0.462,0.55,0.638,0.674,0.638
694,1,1.0,0.824,0.726,0.4,0.4,0.576,0.824,1.0
695,,0.85,0.674,0.576,0.25,0.25,0.426,0.674,0.85
696,,0.7,0.524,0.426,0.1,0.1,0.276,0.524,0.7
697,,0.55,0.374,0.276,-0.05,-0.05,0.126,0.374,0.55
698,5,0.4,0.312,0.426,0.312,0.95,0.488,0.524,0.488
699,5,0.25,0.25,0.576,0.674,1.0,0.85,0.674,0.426
700,,0.1,0.1,0.426,0.524,0.85,0.7,0.524,0.276
701,,-0.05,-0.05,0.276,0.374,0.7,0.55,0.374,0.126
702,2,0.312,0.95,0.638,0.524,0.638,0.4,0.312,0.276
703,2,0.674,1.0,1.0,0.674,0.576,0.25,0.25,0.426
704,,0.524,0.85,0.85,0.524,0.426,0.1,0.1,0.276
705,,0.374,0.7,0.7,0.374,0.276,-0.05,-0.05,0.126
706,6,0.312,0.55,0.638,0.524,0.638,0.95,0.312,0.276
707,6,0.25,0.4,0.576,0.674,1.0,1.0,0.674,0.426
708,,0.1,0.25,0.426,0.524,0.85,0.85,0.524,0.276
709,,-0.05,0.1,0.276,0.374,0.7,0.7,0.374,0.126
710,1,0.95,0.462,0.426,0.312,0.55,0.638,0.524,0.488
711,1,1.0,0.824,0.576,0.25,0.4,0.576,0.674,0.85
712,,0.85,0.674,0.426,0.1,0.25,0.426,0.524,0.7
713,,0.7,0.524,0.276,-0.05,0.1,0.276,0.374,0.55
714,4,0.638,0.674,0.638,0.95,0.462,0.426,0.312,0.4
715,4,0.576,0.824,1.0,1.0,0.824,0.576,0.25,0.25
716,,0.426,0.674,0.85,0.85,0.674,0.426,0.1,0.1
717,,0.276,0.524,0.7,0.7,0.524,0.276,-0.05,-0.05
718,8,0.638,0.674,0.638,0.55,0.462,0.426,0.312,0.95
719,8,1.0,0.824,0.576,0.4,0.4,0.576,0.674,1.0
720,,0.85,0.674,0.426,0.25,0.25,0.426,0.524,0.85
721,,0.7,0.524,0.276,0.1,0.1,0.276,0.374,0.7
722,,0.55,0.374,0.126,-0.05,-0.05,0.126,0.224,0.55
723,5,0.4,0.312,0.276,0.312,0.95,0.488,0.374,0.488
724,5,0.25,0.25,0.426,0.674,1.0,0.85,0.524,0.426
725,,0.1,0.1,0.276,0.524,0.85,0.7,0.374,0.276
726,,-0.05,-0.05,0.126,0.374,0.7,0.55,0.224,0.126
727,1,0.95,0.312,0.276,0.312,0.55,0.488,0.374,0.488
728,1,1.0,0.674,0.426,0.25,0.4,0.426,0.524,0.85
729,,0.85,0.524,0.276,0.1,0.25,0.276,0.374,0.7
730,,0.7,0.374,0.126,-0.05,0.1,0.126,0.224,0.55
731,4,0.638,0.524,0.488,0.95,0.462,0.276,0.162,0.4
732,4,0.576,0.674,0.85,1.0,0.824,0.426,0.1,0.25
733,,0.426,0.524,0.7,0.85,0.674,0.276,-0.05,0.1
734,7,0.576,0.462,0.55,0.788,0.824,0.638,0.95,0.462
735,7,0.726,0.4,0.4,0.726,0.974,1.0,1.0,0.824
736,,0.576,0.25,0.25,0.576,0.824,0.85,0.85,0.674
737,,0.426,0.1,0.1,0.426,0.674,0.7,0.7,0.524
738,,0.276,-0.05,-0.05,0.276,0.524,0.55,0.55,0.374
739,3,0.426,0.312,0.95,0.638,0.674,0.488,0.4,0.312
740,3,0.576,0.674,1.0,1.0,0.824,0.426,0.25,0.25
741,,0.426,0.524,0.85,0.85,0.674,0.276,0.1,0.1
742,,0.276,0.374,0.7,0.7,0.524,0.126,-0.05,-0.05
743,8,0.638,0.524,0.638,0.55,0.462,0.276,0.312,0.95
744,8,1.0,0.674,0.576,0.4,0.4,0.426,0.674,1.0
745,,0.85,0.524,0.426,0.25,0.25,0.276,0.524,0.85
746,,0.7,0.374,0.276,0.1,0.1,0.126,0.374,0.7
747,,0.55,0.224,0.126,-0.05,-0.05,-0.024,0.224,0.55
748,5,0.4,0.162,0.276,0.312,0.95,0.338,0.374,0.488
749,5,0.25,0.1,0.426,0.674,1.0,0.7,0.524,0.426
750,,0.1,-0.05,0.276,0.524,0.85,0.55,0.374,0.276
751,2,0.462,0.95,0.638,0.674,0.788,0.4,0.312,0.426
752,2,0.824,1.0,1.0,0.824,0.726,0.25,0.25,0.576
753,,0.674,0.85,0.85,0.674,0.576,0.1,0.1,0.426
754,,0.524,0.7,0.7,0.524,0.426,-0.05,-0.05,0.276
755,7,0.674,0.638,0.55,0.462,0.576,0.312,0.95,0.638
756,7,0.824,0.576,0.4,0.4,0.726,0.674,1.0,1.0
757,,0.674,0.426,0.25,0.25,0.576,0.524,0.85,0.85
758,,0.524,0.276,0.1,0.1,0.426,0.374,0.7,0.7
759,,0.374,0.126,-0.05,-0.05,0.276,0.224,0.55,0.55
760,4,0.312,0.276,0.312,0.95,0.638,0.374,0.488,0.4
761,4,0.25,0.426,0.674,1.0,1.0,0.524,0.426,0.25
762,,0.1,0.276,0.524,0.85,0.85,0.374,0.276,0.1
763,,-0.05,0.126,0.374,0.7,0.7,0.224,0.126,-0.05
764,1,0.95,0.488,0.524,0.638,0.55,0.162,0.276,0.312
765,1,1.0,0.85,0.674,0.576,0.4,0.1,0.426,0.674
766,,0.85,0.7,0.524,0.426,0.25,-0.05,0.276,0.524
767,6,0.788,0.55,0.462,0.576,0.612,0.95,0.638,0.674
768,6,0.726,0.4,0.4,0.726,0.974,1.0,1.0,0.824
769,,0.576,0.25,0.25,0.576,0.824,0.85,0.85,0.674
770,,0.426,0.1,0.1,0.426,0.674,0.7,0.7,0.524
771,,0.276,-0.05,-0.05,0.276,0.524,0.55,0.55,0.374
772,3,0.426,0.312,0.95,0.638,0.674,0.488,0.4,0.312
773,3,0.576,0.674,1.0,1.0,0.824,0.426,0.25,0.25
774,,0.426,0.524,0.85,0.85,0.674,0.276,0.1,0.1
775,,0.276,0.374,0.7,0.7,0.524,0.126,-0.05,-0.05
776,8,0.638,0.524,0.638,0.55,0.462,0.276,0.312,0.95
777,8,1.0,0.674,0.576,0.4,0.4,0.426,0.674,1.0
778,,0.85,0.524,0.426,0.25,0.25,0.276,0.524,0.85
779,,0.7,0.374,0.276,0.1,0.1,0.126,0.374,0.7
780,,0.55,0.224,0.126,-0.05,-0.05,-0.024,0.224,0.55
781,4,0.488,0.374,0.488,0.95,0.312,0.126,0.162,0.4
782,4,0.426,0.524,0.85,1.0,0.674,0.276,0.1,0.25
783,,0.276,0.374,0.7,0.85,0.524,0.126,-0.05,0.1
784,7,0.426,0.312,0.55,0.788,0.674,0.488,0.95,0.462
785,7,0.576,0.25,0.4,0.726,0.824,0.85,1.0,0.824
786,,0.426,0.1,0.25,0.576,0.674,0.7,0.85,0.674
787,,0.276,-0.05,0.1,0.426,0.524,0.55,0.7,0.524
788,2,0.638,0.95,0.462,0.576,0.462,0.4,0.638,0.674
789,2,1.0,1.0,0.824,0.726,0.4,0.25,0.576,0.824
790,,0.85,0.85,0.674,0.576,0.25,0.1,0.426,0.674
791,,0.7,0.7,0.524,0.426,0.1,-0.05,0.276,0.524
792,6,0.638,0.55,0.462,0.576,0.462,0.95,0.638,0.674
793,6,0.576,0.4,0.4,0.726,0.824,1.0,1.0,0.824
794,,0.426,0.25,0.25,0.576,0.674,0.85,0.85,0.674
795,,0.276,0.1,0.1,0.426,0.524,0.7,0.7,0.524
796,,0.126,-0.05,-0.05,0.276,0.374,0.55,0.55,0.374
797,2,0.488,0.95,0.312,0.426,0.312,0.4,0.488,0.524
798,2,0.85,1.0,0.674,0.576,0.25,0.25,0.426,0.674
799,,0.7,0.85,0.524,0.426,0.1,0.1,0.276,0.524
800,,0.55,0.7,0.374,0.276,-0.05,-0.05,0.126,0.374
801,5,0.4,0.638,0.524,0.638,0.95,0.312,0.276,0.312
802,5,0.25,0.576,0.674,1.0,1.0,0.674,0.426,0.25
803,,0.1,0.426,0.524,0.85,0.85,0.524,0.276,0.1
804,,-0.05,0.276,0.374,0.7,0.7,0.374,0.126,-0.05
805,8,0.312,0.426,0.312,0.55,0.638,0.524,0.488,0.95
806,8,0.674,0.576,0.25,0.4,0.576,0.674,0.85,1.0
807,,0.524,0.426,0.1,0.25,0.426,0.524,0.7,0.85
808,,0.374,0.276,-0.05,0.1,0.276,0.374,0.55,0.7
809,3,0.524,0.638,0.95,0.462,0.426,0.312,0.4,0.638
810,3,0.674,1.0,1.0,0.824,0.576,0.25,0.25,0.576
811,,0.524,0.85,0.85,0.674,0.426,0.1,0.1,0.426
812,,0.374,0.7,0.7,0.524,0.276,-0.05,-0.05,0.276
813,6,0.312,0.55,0.638,0.674,0.638,0.95,0.312,0.426
814,6,0.25,0.4,0.576,0.824,1.0,1.0,0.674,0.576
815,,0.1,0.25,0.426,0.674,0.85,0.85,0.524,0.426
816,,-0.05,0.1,0.276,0.524,0.7,0.7,0.374,0.276
817,1,0.95,0.462,0.426,0.462,0.55,0.638,0.524,0.638
818,1,1.0,0.824,0.576,0.4,0.4,0.576,0.674,1.0
