step,active_motive,motive_1,motive_2,motive_3,motive_4,motive_5,motive_6,motive_7,motive_8
0,,0.6331,0.33903,0.34921,0.72596,0.89711,0.88709,0.77988,0.64203
1,,0.4831,0.18903,0.19921,0.57596,0.74711,0.73709,0.62988,0.49203
2,,0.3331,0.03903,0.04921,0.42596,0.59711,0.58709,0.47988,0.34203
3,,0.1831,-0.11097,-0.10079,0.27596,0.44711,0.43709,0.32988,0.19203
4,2,0.5451,0.88903,0.26121,0.42596,0.38511,0.28709,0.26788,0.34203
5,2,0.9071,1.0,0.62321,0.57596,0.32311,0.13709,0.20588,0.49203
6,,0.7571,0.85,0.47321,0.42596,0.17311,-0.01291,0.05588,0.34203
7,6,0.6951,0.7,0.41121,0.57596,0.53511,0.98709,0.41788,0.49203
8,6,0.6331,0.55,0.34921,0.72596,0.89711,1.0,0.77988,0.64203
9,,0.4831,0.4,0.19921,0.57596,0.74711,0.85,0.62988,0.49203
10,,0.3331,0.25,0.04921,0.42596,0.59711,0.7,0.47988,0.34203
11,,0.1831,0.1,-0.10079,0.27596,0.44711,0.55,0.32988,0.19203
12,3,0.3331,0.462,0.89921,0.63796,0.59711,0.488,0.17988,0.13003
13,3,0.4831,0.824,1.0,0.99996,0.74711,0.426,0.02988,0.06803
14,,0.3331,0.674,0.85,0.84996,0.59711,0.276,-0.12012,-0.08197
15,7,0.4831,0.612,0.7,0.78796,0.74711,0.638,0.87988,0.28003
16,7,0.6331,0.55,0.55,0.72596,0.89711,1.0,1.0,0.64203
17,,0.4831,0.4,0.4,0.57596,0.74711,0.85,0.85,0.49203
18,,0.3331,0.25,0.25,0.42596,0.59711,0.7,0.7,0.34203
19,,0.1831,0.1,0.1,0.27596,0.44711,0.55,0.55,0.19203
20,,0.0331,-0.05,-0.05,0.12596,0.29711,0.4,0.4,0.04203
21,2,0.3951,0.95,0.312,0.27596,0.23511,0.25,0.338,0.19203
22,2,0.7571,1.0,0.674,0.42596,0.17311,0.1,0.276,0.34203
23,,0.6071,0.85,0.524,0.27596,0.02311,-0.05,0.126,0.19203
24,6,0.5451,0.7,0.462,0.42596,0.38511,0.95,0.488,0.34203
25,6,0.4831,0.55,0.4,0.57596,0.74711,1.0,0.85,0.49203
26,,0.3331,0.4,0.25,0.42596,0.59711,0.85,0.7,0.34203
27,,0.1831,0.25,0.1,0.27596,0.44711,0.7,0.55,0.19203
28,,0.0331,0.1,-0.05,0.12596,0.29711,0.55,0.4,0.04203
29,3,0.1831,0.462,0.95,0.48796,0.44711,0.488,0.25,-0.01997
30,3,0.3331,0.824,1.0,0.84996,0.59711,0.426,0.1,-0.08197
31,8,0.6951,0.974,0.938,0.69996,0.53511,0.576,0.462,0.91803
32,8,1.0,1.0,0.876,0.54996,0.47311,0.726,0.824,1.0
33,,0.85,0.85,0.726,0.39996,0.32311,0.576,0.674,0.85
34,,0.7,0.7,0.576,0.24996,0.17311,0.426,0.524,0.7
35,,0.55,0.55,0.426,0.09996,0.02311,0.276,0.374,0.55
36,,0.4,0.4,0.276,-0.05004,-0.12689,0.126,0.224,0.4
37,5,0.25,0.338,0.426,0.31196,0.87311,0.488,0.374,0.338
38,5,0.1,0.276,0.576,0.67396,1.0,0.85,0.524,0.276
39,,-0.05,0.126,0.426,0.52396,0.85,0.7,0.374,0.126
40,1,0.95,0.488,0.576,0.46196,0.7,0.638,0.524,0.488
41,1,1.0,0.85,0.726,0.39996,0.55,0.576,0.674,0.85
42,,0.85,0.7,0.576,0.24996,0.4,0.426,0.524,0.7
43,,0.7,0.55,0.426,0.09996,0.25,0.276,0.374,0.55
44,,0.55,0.4,0.276,-0.05004,0.1,0.126,0.224,0.4
45,4,0.488,0.55,0.638,0.94996,0.462,0.276,0.162,0.25
46,4,0.426,0.7,1.0,1.0,0.824,0.426,0.1,0.1
47,,0.276,0.55,0.85,0.85,0.674,0.276,-0.05,-0.05
48,7,0.426,0.488,0.7,0.788,0.824,0.638,0.95,0.312
49,7,0.576,0.426,0.55,0.726,0.974,1.0,1.0,0.674
50,,0.426,0.276,0.4,0.576,0.824,0.85,0.85,0.524
51,,0.276,0.126,0.25,0.426,0.674,0.7,0.7,0.374
52,,0.126,-0.024,0.1,0.276,0.524,0.55,0.55,0.224
53,2,0.488,0.976,0.462,0.426,0.462,0.4,0.488,0.374
54,2,0.85,1.0,0.824,0.576,0.4,0.25,0.426,0.524
55,,0.7,0.85,0.674,0.426,0.25,0.1,0.276,0.374
56,,0.55,0.7,0.524,0.276,0.1,-0.05,0.126,0.224
57,6,0.488,0.55,0.462,0.426,0.462,0.95,0.488,0.374
58,6,0.426,0.4,0.4,0.576,0.824,1.0,0.85,0.524
59,,0.276,0.25,0.25,0.426,0.674,0.85,0.7,0.374
60,,0.126,0.1,0.1,0.276,0.524,0.7,0.55,0.224
61,,-0.024,-0.05,-0.05,0.126,0.374,0.55,0.4,0.074
62,3,0.126,0.312,0.95,0.488,0.524,0.488,0.25,0.012
63,3,0.276,0.674,1.0,0.85,0.674,0.426,0.1,-0.05
64,8,0.638,0.824,0.938,0.7,0.612,0.576,0.462,0.95
65,8,1.0,0.974,0.876,0.55,0.55,0.726,0.824,1.0
66,,0.85,0.824,0.726,0.4,0.4,0.576,0.674,0.85
67,,0.7,0.674,0.576,0.25,0.25,0.426,0.524,0.7
68,,0.55,0.524,0.426,0.1,0.1,0.276,0.374,0.55
69,,0.4,0.374,0.276,-0.05,-0.05,0.126,0.224,0.4
70,5,0.25,0.312,0.426,0.312,0.95,0.488,0.374,0.338
71,5,0.1,0.25,0.576,0.674,1.0,0.85,0.524,0.276
72,,-0.05,0.1,0.426,0.524,0.85,0.7,0.374,0.126
73,1,0.95,0.462,0.576,0.462,0.7,0.638,0.524,0.488
74,1,1.0,0.824,0.726,0.4,0.55,0.576,0.674,0.85
75,,0.85,0.674,0.576,0.25,0.4,0.426,0.524,0.7
76,,0.7,0.524,0.426,0.1,0.25,0.276,0.374,0.55
77,,0.55,0.374,0.276,-0.05,0.1,0.126,0.224,0.4
78,4,0.488,0.524,0.638,0.95,0.462,0.276,0.162,0.25
79,4,0.426,0.674,1.0,1.0,0.824,0.426,0.1,0.1
80,,0.276,0.524,0.85,0.85,0.674,0.276,-0.05,-0.05
81,8,0.638,0.674,0.788,0.7,0.612,0.426,0.312,0.95
82,8,1.0,0.824,0.726,0.55,0.55,0.576,0.674,1.0
83,,0.85,0.674,0.576,0.4,0.4,0.426,0.524,0.85
84,,0.7,0.524,0.426,0.25,0.25,0.276,0.374,0.7
85,,0.55,0.374,0.276,0.1,0.1,0.126,0.224,0.55
86,,0.4,0.224,0.126,-0.05,-0.05,-0.024,0.074,0.4
87,5,0.25,0.162,0.276,0.312,0.95,0.338,0.224,0.338
88,5,0.1,0.1,0.426,0.674,1.0,0.7,0.374,0.276
89,,-0.05,-0.05,0.276,0.524,0.85,0.55,0.224,0.126
90,2,0.312,0.95,0.638,0.674,0.788,0.4,0.162,0.276
91,2,0.674,1.0,1.0,0.824,0.726,0.25,0.1,0.426
92,,0.524,0.85,0.85,0.674,0.576,0.1,-0.05,0.276
93,7,0.674,0.788,0.7,0.612,0.726,0.462,0.95,0.638
94,7,0.824,0.726,0.55,0.55,0.876,0.824,1.0,1.0
95,,0.674,0.576,0.4,0.4,0.726,0.674,0.85,0.85
96,,0.524,0.426,0.25,0.25,0.576,0.524,0.7,0.7
97,,0.374,0.276,0.1,0.1,0.426,0.374,0.55,0.55
98,,0.224,0.126,-0.05,-0.05,0.276,0.224,0.4,0.4
99,4,0.162,0.276,0.312,0.95,0.638,0.374,0.338,0.25
100,4,0.1,0.426,0.674,1.0,1.0,0.524,0.276,0.1
101,,-0.05,0.276,0.524,0.85,0.85,0.374,0.126,-0.05
102,1,0.95,0.638,0.674,0.788,0.7,0.312,0.276,0.312
103,1,1.0,1.0,0.824,0.726,0.55,0.25,0.426,0.674
104,,0.85,0.85,0.674,0.576,0.4,0.1,0.276,0.524
105,,0.7,0.7,0.524,0.426,0.25,-0.05,0.126,0.374
106,6,0.638,0.55,0.462,0.576,0.612,0.95,0.488,0.524
107,6,0.576,0.4,0.4,0.726,0.974,1.0,0.85,0.674
108,,0.426,0.25,0.25,0.576,0.824,0.85,0.7,0.524
109,,0.276,0.1,0.1,0.426,0.674,0.7,0.55,0.374
110,,0.126,-0.05,-0.05,0.276,0.524,0.55,0.4,0.224
111,3,0.276,0.312,0.95,0.638,0.674,0.488,0.25,0.162
112,3,0.426,0.674,1.0,1.0,0.824,0.426,0.1,0.1
113,,0.276,0.524,0.85,0.85,0.674,0.276,-0.05,-0.05
114,8,0.638,0.674,0.788,0.7,0.612,0.426,0.312,0.95
115,8,1.0,0.824,0.726,0.55,0.55,0.576,0.674,1.0
116,,0.85,0.674,0.576,0.4,0.4,0.426,0.524,0.85
117,,0.7,0.524,0.426,0.25,0.25,0.276,0.374,0.7
118,,0.55,0.374,0.276,0.1,0.1,0.126,0.224,0.55
119,,0.4,0.224,0.126,-0.05,-0.05,-0.024,0.074,0.4
120,4,0.338,0.374,0.488,0.95,0.312,0.126,0.012,0.25
121,4,0.276,0.524,0.85,1.0,0.674,0.276,-0.05,0.1
122,7,0.426,0.462,0.7,0.938,0.824,0.638,0.95,0.462
123,7,0.576,0.4,0.55,0.876,0.974,1.0,1.0,0.824
124,,0.426,0.25,0.4,0.726,0.824,0.85,0.85,0.674
125,,0.276,0.1,0.25,0.576,0.674,0.7,0.7,0.524
126,,0.126,-0.05,0.1,0.426,0.524,0.55,0.55,0.374
127,2,0.488,0.95,0.462,0.576,0.462,0.4,0.488,0.524
128,2,0.85,1.0,0.824,0.726,0.4,0.25,0.426,0.674
129,,0.7,0.85,0.674,0.576,0.25,0.1,0.276,0.524
130,,0.55,0.7,0.524,0.426,0.1,-0.05,0.126,0.374
131,6,0.488,0.55,0.462,0.576,0.462,0.95,0.488,0.524
132,6,0.426,0.4,0.4,0.726,0.824,1.0,0.85,0.674
133,,0.276,0.25,0.25,0.576,0.674,0.85,0.7,0.524
134,,0.126,0.1,0.1,0.426,0.524,0.7,0.55,0.374
135,,-0.024,-0.05,-0.05,0.276,0.374,0.55,0.4,0.224
136,2,0.338,0.95,0.312,0.426,0.312,0.4,0.338,0.374
137,2,0.7,1.0,0.674,0.576,0.25,0.25,0.276,0.524
138,,0.55,0.85,0.524,0.426,0.1,0.1,0.126,0.374
139,,0.4,0.7,0.374,0.276,-0.05,-0.05,-0.024,0.224
140,5,0.25,0.638,0.524,0.638,0.95,0.312,0.126,0.162
141,5,0.1,0.576,0.674,1.0,1.0,0.674,0.276,0.1
142,,-0.05,0.426,0.524,0.85,0.85,0.524,0.126,-0.05
143,1,0.95,0.788,0.674,0.788,0.7,0.462,0.276,0.312
144,1,1.0,1.0,0.824,0.726,0.55,0.4,0.426,0.674
145,,0.85,0.85,0.674,0.576,0.4,0.25,0.276,0.524
146,,0.7,0.7,0.524,0.426,0.25,0.1,0.126,0.374
147,,0.55,0.55,0.374,0.276,0.1,-0.05,-0.024,0.224
148,6,0.488,0.4,0.312,0.426,0.462,0.95,0.338,0.374
149,6,0.426,0.25,0.25,0.576,0.824,1.0,0.7,0.524
150,,0.276,0.1,0.1,0.426,0.674,0.85,0.55,0.374
151,,0.126,-0.05,-0.05,0.276,0.524,0.7,0.4,0.224
152,3,0.276,0.312,0.95,0.638,0.674,0.638,0.25,0.162
153,3,0.426,0.674,1.0,1.0,0.824,0.576,0.1,0.1
154,,0.276,0.524,0.85,0.85,0.674,0.426,-0.05,-0.05
155,8,0.638,0.674,0.788,0.7,0.612,0.576,0.312,0.95
156,8,1.0,0.824,0.726,0.55,0.55,0.726,0.674,1.0
157,,0.85,0.674,0.576,0.4,0.4,0.576,0.524,0.85
158,,0.7,0.524,0.426,0.25,0.25,0.426,0.374,0.7
159,,0.55,0.374,0.276,0.1,0.1,0.276,0.224,0.55
160,,0.4,0.224,0.126,-0.05,-0.05,0.126,0.074,0.4
161,5,0.25,0.162,0.276,0.312,0.95,0.488,0.224,0.338
162,5,0.1,0.1,0.426,0.674,1.0,0.85,0.374,0.276
163,,-0.05,-0.05,0.276,0.524,0.85,0.7,0.224,0.126
164,2,0.312,0.95,0.638,0.674,0.788,0.55,0.162,0.276
165,2,0.674,1.0,1.0,0.824,0.726,0.4,0.1,0.426
166,,0.524,0.85,0.85,0.674,0.576,0.25,-0.05,0.276
167,7,0.674,0.788,0.7,0.612,0.726,0.612,0.95,0.638
168,7,0.824,0.726,0.55,0.55,0.876,0.974,1.0,1.0
169,,0.674,0.576,0.4,0.4,0.726,0.824,0.85,0.85
170,,0.524,0.426,0.25,0.25,0.576,0.674,0.7,0.7
171,,0.374,0.276,0.1,0.1,0.426,0.524,0.55,0.55
172,,0.224,0.126,-0.05,-0.05,0.276,0.374,0.4,0.4
173,4,0.162,0.276,0.312,0.95,0.638,0.524,0.338,0.25
174,4,0.1,0.426,0.674,1.0,1.0,0.674,0.276,0.1
175,,-0.05,0.276,0.524,0.85,0.85,0.524,0.126,-0.05
176,8,0.312,0.426,0.462,0.7,0.788,0.674,0.488,0.95
177,8,0.674,0.576,0.4,0.55,0.726,0.824,0.85,1.0
178,,0.524,0.426,0.25,0.4,0.576,0.674,0.7,0.85
179,,0.374,0.276,0.1,0.25,0.426,0.524,0.55,0.7
180,,0.224,0.126,-0.05,0.1,0.276,0.374,0.4,0.55
181,3,0.374,0.488,0.95,0.462,0.426,0.312,0.25,0.488
182,3,0.524,0.85,1.0,0.824,0.576,0.25,0.1,0.426
183,,0.374,0.7,0.85,0.674,0.426,0.1,-0.05,0.276
184,7,0.524,0.638,0.7,0.612,0.576,0.462,0.95,0.638
185,7,0.674,0.576,0.55,0.55,0.726,0.824,1.0,1.0
186,,0.524,0.426,0.4,0.4,0.576,0.674,0.85,0.85
187,,0.374,0.276,0.25,0.25,0.426,0.524,0.7,0.7
188,,0.224,0.126,0.1,0.1,0.276,0.374,0.55,0.55
189,,0.074,-0.024,-0.05,-0.05,0.126,0.224,0.4,0.4
190,3,0.224,0.338,0.95,0.312,0.276,0.162,0.25,0.338
191,3,0.374,0.7,1.0,0.674,0.426,0.1,0.1,0.276
192,,0.224,0.55,0.85,0.524,0.276,-0.05,-0.05,0.126
193,7,0.374,0.488,0.7,0.462,0.426,0.312,0.95,0.488
194,7,0.524,0.426,0.55,0.4,0.576,0.674,1.0,0.85
195,,0.374,0.276,0.4,0.25,0.426,0.524,0.85,0.7
196,,0.224,0.126,0.25,0.1,0.276,0.374,0.7,0.55
197,,0.074,-0.024,0.1,-0.05,0.126,0.224,0.55,0.4
198,4,0.012,0.126,0.462,0.95,0.488,0.374,0.488,0.25
199,4,-0.05,0.276,0.824,1.0,0.85,0.524,0.426,0.1
200,1,0.95,0.638,0.974,0.938,0.7,0.462,0.576,0.462
201,1,1.0,1.0,1.0,0.876,0.55,0.4,0.726,0.824
202,,0.85,0.85,0.85,0.726,0.4,0.25,0.576,0.674
203,,0.7,0.7,0.7,0.576,0.25,0.1,0.426,0.524
204,,0.55,0.55,0.55,0.426,0.1,-0.05,0.276,0.374
205,6,0.488,0.4,0.488,0.576,0.462,0.95,0.638,0.524
206,6,0.426,0.25,0.426,0.726,0.824,1.0,1.0,0.674
207,,0.276,0.1,0.276,0.576,0.674,0.85,0.85,0.524
208,,0.126,-0.05,0.126,0.426,0.524,0.7,0.7,0.374
209,2,0.488,0.95,0.488,0.576,0.462,0.55,0.638,0.524
210,2,0.85,1.0,0.85,0.726,0.4,0.4,0.576,0.674
211,,0.7,0.85,0.7,0.576,0.25,0.25,0.426,0.524
212,,0.55,0.7,0.55,0.426,0.1,0.1,0.276,0.374
213,,0.4,0.55,0.4,0.276,-0.05,-0.05,0.126,0.224
214,5,0.25,0.488,0.55,0.638,0.95,0.312,0.276,0.162
215,5,0.1,0.426,0.7,1.0,1.0,0.674,0.426,0.1
216,,-0.05,0.276,0.55,0.85,0.85,0.524,0.276,-0.05
217,1,0.95,0.638,0.7,0.788,0.7,0.462,0.426,0.312
218,1,1.0,1.0,0.85,0.726,0.55,0.4,0.576,0.674
219,,0.85,0.85,0.7,0.576,0.4,0.25,0.426,0.524
220,,0.7,0.7,0.55,0.426,0.25,0.1,0.276,0.374
221,,0.55,0.55,0.4,0.276,0.1,-0.05,0.126,0.224
222,6,0.488,0.4,0.338,0.426,0.462,0.95,0.488,0.374
223,6,0.426,0.25,0.276,0.576,0.824,1.0,0.85,0.524
224,,0.276,0.1,0.126,0.426,0.674,0.85,0.7,0.374
225,,0.126,-0.05,-0.024,0.276,0.524,0.7,0.55,0.224
226,2,0.488,0.95,0.338,0.426,0.462,0.55,0.488,0.374
227,2,0.85,1.0,0.7,0.576,0.4,0.4,0.426,0.524
228,,0.7,0.85,0.55,0.426,0.25,0.25,0.276,0.374
229,,0.55,0.7,0.4,0.276,0.1,0.1,0.126,0.224
230,,0.4,0.55,0.25,0.126,-0.05,-0.05,-0.024,0.074
231,6,0.338,0.4,0.188,0.276,0.312,0.95,0.338,0.224
232,6,0.276,0.25,0.126,0.426,0.674,1.0,0.7,0.374
233,,0.126,0.1,-0.024,0.276,0.524,0.85,0.55,0.224
234,3,0.276,0.462,0.976,0.638,0.674,0.788,0.4,0.162
235,3,0.426,0.824,1.0,1.0,0.824,0.726,0.25,0.1
236,,0.276,0.674,0.85,0.85,0.674,0.576,0.1,-0.05
237,8,0.638,0.824,0.788,0.7,0.612,0.726,0.462,0.95
238,8,1.0,0.974,0.726,0.55,0.55,0.876,0.824,1.0
239,,0.85,0.824,0.576,0.4,0.4,0.726,0.674,0.85
240,,0.7,0.674,0.426,0.25,0.25,0.576,0.524,0.7
241,,0.55,0.524,0.276,0.1,0.1,0.426,0.374,0.55
242,,0.4,0.374,0.126,-0.05,-0.05,0.276,0.224,0.4
243,4,0.338,0.524,0.488,0.95,0.312,0.426,0.162,0.25
244,4,0.276,0.674,0.85,1.0,0.674,0.576,0.1,0.1
245,,0.126,0.524,0.7,0.85,0.524,0.426,-0.05,-0.05
246,8,0.488,0.674,0.638,0.7,0.462,0.576,0.312,0.95
247,8,0.85,0.824,0.576,0.55,0.4,0.726,0.674,1.0
248,,0.7,0.674,0.426,0.4,0.25,0.576,0.524,0.85
249,,0.55,0.524,0.276,0.25,0.1,0.426,0.374,0.7
250,,0.4,0.374,0.126,0.1,-0.05,0.276,0.224,0.55
251,5,0.25,0.312,0.276,0.462,0.95,0.638,0.374,0.488
252,5,0.1,0.25,0.426,0.824,1.0,1.0,0.524,0.426
253,,-0.05,0.1,0.276,0.674,0.85,0.85,0.374,0.276
254,1,0.95,0.462,0.426,0.612,0.7,0.788,0.524,0.638
255,1,1.0,0.824,0.576,0.55,0.55,0.726,0.674,1.0
256,,0.85,0.674,0.426,0.4,0.4,0.576,0.524,0.85
257,,0.7,0.524,0.276,0.25,0.25,0.426,0.374,0.7
258,,0.55,0.374,0.126,0.1,0.1,0.276,0.224,0.55
259,,0.4,0.224,-0.024,-0.05,-0.05,0.126,0.074,0.4
260,4,0.338,0.374,0.338,0.95,0.312,0.276,0.012,0.25
261,4,0.276,0.524,0.7,1.0,0.674,0.426,-0.05,0.1
262,7,0.426,0.462,0.55,0.938,0.824,0.788,0.95,0.462
263,7,0.576,0.4,0.4,0.876,0.974,1.0,1.0,0.824
264,,0.426,0.25,0.25,0.726,0.824,0.85,0.85,0.674
265,,0.276,0.1,0.1,0.576,0.674,0.7,0.7,0.524
266,,0.126,-0.05,-0.05,0.426,0.524,0.55,0.55,0.374
267,3,0.276,0.312,0.95,0.788,0.674,0.488,0.4,0.312
268,3,0.426,0.674,1.0,1.0,0.824,0.426,0.25,0.25
269,,0.276,0.524,0.85,0.85,0.674,0.276,0.1,0.1
270,,0.126,0.374,0.7,0.7,0.524,0.126,-0.05,-0.05
271,7,0.276,0.312,0.55,0.638,0.674,0.488,0.95,0.312
272,7,0.426,0.25,0.4,0.576,0.824,0.85,1.0,0.674
273,,0.276,0.1,0.25,0.426,0.674,0.7,0.85,0.524
274,,0.126,-0.05,0.1,0.276,0.524,0.55,0.7,0.374
275,2,0.488,0.95,0.462,0.426,0.462,0.4,0.638,0.524
276,2,0.85,1.0,0.824,0.576,0.4,0.25,0.576,0.674
277,,0.7,0.85,0.674,0.426,0.25,0.1,0.426,0.524
278,,0.55,0.7,0.524,0.276,0.1,-0.05,0.276,0.374
279,6,0.488,0.55,0.462,0.426,0.462,0.95,0.638,0.524
280,6,0.426,0.4,0.4,0.576,0.824,1.0,1.0,0.674
281,,0.276,0.25,0.25,0.426,0.674,0.85,0.85,0.524
282,,0.126,0.1,0.1,0.276,0.524,0.7,0.7,0.374
283,,-0.024,-0.05,-0.05,0.126,0.374,0.55,0.55,0.224
284,3,0.126,0.312,0.95,0.488,0.524,0.488,0.4,0.162
285,3,0.276,0.674,1.0,0.85,0.674,0.426,0.25,0.1
286,,0.126,0.524,0.85,0.7,0.524,0.276,0.1,-0.05
287,8,0.488,0.674,0.788,0.55,0.462,0.426,0.462,0.95
288,8,0.85,0.824,0.726,0.4,0.4,0.576,0.824,1.0
289,,0.7,0.674,0.576,0.25,0.25,0.426,0.674,0.85
290,,0.55,0.524,0.426,0.1,0.1,0.276,0.524,0.7
291,,0.4,0.374,0.276,-0.05,-0.05,0.126,0.374,0.55
292,5,0.25,0.312,0.426,0.312,0.95,0.488,0.524,0.488
293,5,0.1,0.25,0.576,0.674,1.0,0.85,0.674,0.426
294,,-0.05,0.1,0.426,0.524,0.85,0.7,0.524,0.276
295,1,0.95,0.462,0.576,0.462,0.7,0.638,0.674,0.638
296,1,1.0,0.824,0.726,0.4,0.55,0.576,0.824,1.0
297,,0.85,0.674,0.576,0.25,0.4,0.426,0.674,0.85
298,,0.7,0.524,0.426,0.1,0.25,0.276,0.524,0.7
299,,0.55,0.374,0.276,-0.05,0.1,0.126,0.374,0.55
300,4,0.488,0.524,0.638,0.95,0.462,0.276,0.312,0.4
301,4,0.426,0.674,1.0,1.0,0.824,0.426,0.25,0.25
302,,0.276,0.524,0.85,0.85,0.674,0.276,0.1,0.1
303,,0.126,0.374,0.7,0.7,0.524,0.126,-0.05,-0.05
304,8,0.488,0.524,0.638,0.55,0.462,0.276,0.312,0.95
305,8,0.85,0.674,0.576,0.4,0.4,0.426,0.674,1.0
306,,0.7,0.524,0.426,0.25,0.25,0.276,0.524,0.85
307,,0.55,0.374,0.276,0.1,0.1,0.126,0.374,0.7
308,,0.4,0.224,0.126,-0.05,-0.05,-0.024,0.224,0.55
309,5,0.25,0.162,0.276,0.312,0.95,0.338,0.374,0.488
310,5,0.1,0.1,0.426,0.674,1.0,0.7,0.524,0.426
311,,-0.05,-0.05,0.276,0.524,0.85,0.55,0.374,0.276
312,2,0.312,0.95,0.638,0.674,0.788,0.4,0.312,0.426
313,2,0.674,1.0,1.0,0.824,0.726,0.25,0.25,0.576
314,,0.524,0.85,0.85,0.674,0.576,0.1,0.1,0.426
315,,0.374,0.7,0.7,0.524,0.426,-0.05,-0.05,0.276
316,6,0.312,0.55,0.638,0.674,0.788,0.95,0.312,0.426
317,6,0.25,0.4,0.576,0.824,1.0,1.0,0.674,0.576
318,,0.1,0.25,0.426,0.674,0.85,0.85,0.524,0.426
319,,-0.05,0.1,0.276,0.524,0.7,0.7,0.374,0.276
320,1,0.95,0.462,0.426,0.462,0.55,0.638,0.524,0.638
321,1,1.0,0.824,0.576,0.4,0.4,0.576,0.674,1.0
322,,0.85,0.674,0.426,0.25,0.25,0.426,0.524,0.85
323,,0.7,0.524,0.276,0.1,0.1,0.276,0.374,0.7
324,,0.55,0.374,0.126,-0.05,-0.05,0.126,0.224,0.55
325,4,0.488,0.524,0.488,0.95,0.312,0.276,0.162,0.4
326,4,0.426,0.674,0.85,1.0,0.674,0.426,0.1,0.25
327,,0.276,0.524,0.7,0.85,0.524,0.276,-0.05,0.1
328,7,0.426,0.462,0.55,0.788,0.674,0.638,0.95,0.462
329,7,0.576,0.4,0.4,0.726,0.824,1.0,1.0,0.824
330,,0.426,0.25,0.25,0.576,0.674,0.85,0.85,0.674
331,,0.276,0.1,0.1,0.426,0.524,0.7,0.7,0.524
332,,0.126,-0.05,-0.05,0.276,0.374,0.55,0.55,0.374
333,2,0.488,0.95,0.312,0.426,0.312,0.4,0.488,0.524
334,2,0.85,1.0,0.674,0.576,0.25,0.25,0.426,0.674
335,,0.7,0.85,0.524,0.426,0.1,0.1,0.276,0.524
336,,0.55,0.7,0.374,0.276,-0.05,-0.05,0.126,0.374
337,6,0.488,0.55,0.312,0.426,0.312,0.95,0.488,0.524
338,6,0.426,0.4,0.25,0.576,0.674,1.0,0.85,0.674
339,,0.276,0.25,0.1,0.426,0.524,0.85,0.7,0.524
340,,0.126,0.1,-0.05,0.276,0.374,0.7,0.55,0.374
341,3,0.276,0.462,0.95,0.638,0.524,0.638,0.4,0.312
342,3,0.426,0.824,1.0,1.0,0.674,0.576,0.25,0.25
343,,0.276,0.674,0.85,0.85,0.524,0.426,0.1,0.1
344,,0.126,0.524,0.7,0.7,0.374,0.276,-0.05,-0.05
345,7,0.276,0.462,0.55,0.638,0.524,0.638,0.95,0.312
346,7,0.426,0.4,0.4,0.576,0.674,1.0,1.0,0.674
347,,0.276,0.25,0.25,0.426,0.524,0.85,0.85,0.524
348,,0.126,0.1,0.1,0.276,0.374,0.7,0.7,0.374
349,,-0.024,-0.05,-0.05,0.126,0.224,0.55,0.55,0.224
350,3,0.126,0.312,0.95,0.488,0.374,0.488,0.4,0.162
351,3,0.276,0.674,1.0,0.85,0.524,0.426,0.25,0.1
352,,0.126,0.524,0.85,0.7,0.374,0.276,0.1,-0.05
353,8,0.488,0.674,0.788,0.55,0.312,0.426,0.462,0.95
354,8,0.85,0.824,0.726,0.4,0.25,0.576,0.824,1.0
355,,0.7,0.674,0.576,0.25,0.1,0.426,0.674,0.85
356,,0.55,0.524,0.426,0.1,-0.05,0.276,0.524,0.7
357,5,0.4,0.462,0.576,0.462,0.95,0.638,0.674,0.638
358,5,0.25,0.4,0.726,0.824,1.0,1.0,0.824,0.576
359,,0.1,0.25,0.576,0.674,0.85,0.85,0.674,0.426
360,,-0.05,0.1,0.426,0.524,0.7,0.7,0.524,0.276
361,1,0.95,0.462,0.576,0.462,0.55,0.638,0.674,0.638
362,1,1.0,0.824,0.726,0.4,0.4,0.576,0.824,1.0
363,,0.85,0.674,0.576,0.25,0.25,0.426,0.674,0.85
364,,0.7,0.524,0.426,0.1,0.1,0.276,0.524,0.7
365,,0.55,0.374,0.276,-0.05,-0.05,0.126,0.374,0.55
366,5,0.4,0.312,0.426,0.312,0.95,0.488,0.524,0.488
367,5,0.25,0.25,0.576,0.674,1.0,0.85,0.674,0.426
368,,0.1,0.1,0.426,0.524,0.85,0.7,0.524,0.276
369,,-0.05,-0.05,0.276,0.374,0.7,0.55,0.374,0.126
370,1,0.95,0.312,0.426,0.312,0.55,0.488,0.524,0.488
371,1,1.0,0.674,0.576,0.25,0.4,0.426,0.674,0.85
372,,0.85,0.524,0.426,0.1,0.25,0.276,0.524,0.7
373,,0.7,0.374,0.276,-0.05,0.1,0.126,0.374,0.55
374,4,0.638,0.524,0.638,0.95,0.462,0.276,0.312,0.4
375,4,0.576,0.674,1.0,1.0,0.824,0.426,0.25,0.25
376,,0.426,0.524,0.85,0.85,0.674,0.276,0.1,0.1
377,,0.276,0.374,0.7,0.7,0.524,0.126,-0.05,-0.05
378,7,0.426,0.312,0.55,0.638,0.674,0.488,0.95,0.312
379,7,0.576,0.25,0.4,0.576,0.824,0.85,1.0,0.674
380,,0.426,0.1,0.25,0.426,0.674,0.7,0.85,0.524
381,,0.276,-0.05,0.1,0.276,0.524,0.55,0.7,0.374
382,2,0.638,0.95,0.462,0.426,0.462,0.4,0.638,0.524
383,2,1.0,1.0,0.824,0.576,0.4,0.25,0.576,0.674
384,,0.85,0.85,0.674,0.426,0.25,0.1,0.426,0.524
385,,0.7,0.7,0.524,0.276,0.1,-0.05,0.276,0.374
386,6,0.638,0.55,0.462,0.426,0.462,0.95,0.638,0.524
387,6,0.576,0.4,0.4,0.576,0.824,1.0,1.0,0.674
388,,0.426,0.25,0.25,0.426,0.674,0.85,0.85,0.524
389,,0.276,0.1,0.1,0.276,0.524,0.7,0.7,0.374
390,,0.126,-0.05,-0.05,0.126,0.374,0.55,0.55,0.224
391,3,0.276,0.312,0.95,0.488,0.524,0.488,0.4,0.162
392,3,0.426,0.674,1.0,0.85,0.674,0.426,0.25,0.1
393,,0.276,0.524,0.85,0.7,0.524,0.276,0.1,-0.05
394,8,0.638,0.674,0.788,0.55,0.462,0.426,0.462,0.95
395,8,1.0,0.824,0.726,0.4,0.4,0.576,0.824,1.0
396,,0.85,0.674,0.576,0.25,0.25,0.426,0.674,0.85
397,,0.7,0.524,0.426,0.1,0.1,0.276,0.524,0.7
398,,0.55,0.374,0.276,-0.05,-0.05,0.126,0.374,0.55
399,4,0.488,0.524,0.638,0.95,0.312,0.276,0.312,0.4
400,4,0.426,0.674,1.0,1.0,0.674,0.426,0.25,0.25
401,,0.276,0.524,0.85,0.85,0.524,0.276,0.1,0.1
402,,0.126,0.374,0.7,0.7,0.374,0.126,-0.05,-0.05
403,8,0.488,0.524,0.638,0.55,0.312,0.276,0.312,0.95
404,8,0.85,0.674,0.576,0.4,0.25,0.426,0.674,1.0
405,,0.7,0.524,0.426,0.25,0.1,0.276,0.524,0.85
406,,0.55,0.374,0.276,0.1,-0.05,0.126,0.374,0.7
407,5,0.4,0.312,0.426,0.462,0.95,0.488,0.524,0.638
408,5,0.25,0.25,0.576,0.824,1.0,0.85,0.674,0.576
409,,0.1,0.1,0.426,0.674,0.85,0.7,0.524,0.426
410,,-0.05,-0.05,0.276,0.524,0.7,0.55,0.374,0.276
411,2,0.312,0.95,0.638,0.674,0.638,0.4,0.312,0.426
412,2,0.674,1.0,1.0,0.824,0.576,0.25,0.25,0.576
413,,0.524,0.85,0.85,0.674,0.426,0.1,0.1,0.426
414,,0.374,0.7,0.7,0.524,0.276,-0.05,-0.05,0.276
415,7,0.524,0.638,0.55,0.462,0.426,0.312,0.95,0.638
416,7,0.674,0.576,0.4,0.4,0.576,0.674,1.0,1.0
417,,0.524,0.426,0.25,0.25,0.426,0.524,0.85,0.85
418,,0.374,0.276,0.1,0.1,0.276,0.374,0.7,0.7
419,,0.224,0.126,-0.05,-0.05,0.126,0.224,0.55,0.55
420,4,0.162,0.276,0.312,0.95,0.488,0.374,0.488,0.4
421,4,0.1,0.426,0.674,1.0,0.85,0.524,0.426,0.25
422,,-0.05,0.276,0.524,0.85,0.7,0.374,0.276,0.1
423,1,0.95,0.638,0.674,0.788,0.55,0.312,0.426,0.462
424,1,1.0,1.0,0.824,0.726,0.4,0.25,0.576,0.824
425,,0.85,0.85,0.674,0.576,0.25,0.1,0.426,0.674
426,,0.7,0.7,0.524,0.426,0.1,-0.05,0.276,0.524
427,6,0.638,0.55,0.462,0.576,0.462,0.95,0.638,0.674
428,6,0.576,0.4,0.4,0.726,0.824,1.0,1.0,0.824
429,,0.426,0.25,0.25,0.576,0.674,0.85,0.85,0.674
430,,0.276,0.1,0.1,0.426,0.524,0.7,0.7,0.524
431,,0.126,-0.05,-0.05,0.276,0.374,0.55,0.55,0.374
432,3,0.276,0.312,0.95,0.638,0.524,0.488,0.4,0.312
433,3,0.426,0.674,1.0,1.0,0.674,0.426,0.25,0.25
434,,0.276,0.524,0.85,0.85,0.524,0.276,0.1,0.1
435,,0.126,0.374,0.7,0.7,0.374,0.126,-0.05,-0.05
436,7,0.276,0.312,0.55,0.638,0.524,0.488,0.95,0.312
437,7,0.426,0.25,0.4,0.576,0.674,0.85,1.0,0.674
438,,0.276,0.1,0.25,0.426,0.524,0.7,0.85,0.524
439,,0.126,-0.05,0.1,0.276,0.374,0.55,0.7,0.374
440,2,0.488,0.95,0.462,0.426,0.312,0.4,0.638,0.524
441,2,0.85,1.0,0.824,0.576,0.25,0.25,0.576,0.674
442,,0.7,0.85,0.674,0.426,0.1,0.1,0.426,0.524
443,,0.55,0.7,0.524,0.276,-0.05,-0.05,0.276,0.374
444,5,0.4,0.638,0.674,0.638,0.95,0.312,0.426,0.312
445,5,0.25,0.576,0.824,1.0,1.0,0.674,0.576,0.25
446,,0.1,0.426,0.674,0.85,0.85,0.524,0.426,0.1
447,,-0.05,0.276,0.524,0.7,0.7,0.374,0.276,-0.05
448,8,0.312,0.426,0.462,0.55,0.638,0.524,0.638,0.95
449,8,0.674,0.576,0.4,0.4,0.576,0.674,1.0,1.0
450,,0.524,0.426,0.25,0.25,0.426,0.524,0.85,0.85
451,,0.374,0.276,0.1,0.1,0.276,0.374,0.7,0.7
452,,0.224,0.126,-0.05,-0.05,0.126,0.224,0.55,0.55
453,4,0.162,0.276,0.312,0.95,0.488,0.374,0.488,0.4
454,4,0.1,0.426,0.674,1.0,0.85,0.524,0.426,0.25
455,,-0.05,0.276,0.524,0.85,0.7,0.374,0.276,0.1
456,1,0.95,0.638,0.674,0.788,0.55,0.312,0.426,0.462
457,1,1.0,1.0,0.824,0.726,0.4,0.25,0.576,0.824
458,,0.85,0.85,0.674,0.576,0.25,0.1,0.426,0.674
459,,0.7,0.7,0.524,0.426,0.1,-0.05,0.276,0.524
460,6,0.638,0.55,0.462,0.576,0.462,0.95,0.638,0.674
461,6,0.576,0.4,0.4,0.726,0.824,1.0,1.0,0.824
462,,0.426,0.25,0.25,0.576,0.674,0.85,0.85,0.674
463,,0.276,0.1,0.1,0.426,0.524,0.7,0.7,0.524
464,,0.126,-0.05,-0.05,0.276,0.374,0.55,0.55,0.374
465,2,0.488,0.95,0.312,0.426,0.312,0.4,0.488,0.524
466,2,0.85,1.0,0.674,0.576,0.25,0.25,0.426,0.674
467,,0.7,0.85,0.524,0.426,0.1,0.1,0.276,0.524
468,,0.55,0.7,0.374,0.276,-0.05,-0.05,0.126,0.374
469,5,0.4,0.638,0.524,0.638,0.95,0.312,0.276,0.312
470,5,0.25,0.576,0.674,1.0,1.0,0.674,0.426,0.25
471,,0.1,0.426,0.524,0.85,0.85,0.524,0.276,0.1
472,,-0.05,0.276,0.374,0.7,0.7,0.374,0.126,-0.05
473,8,0.312,0.426,0.312,0.55,0.638,0.524,0.488,0.95
474,8,0.674,0.576,0.25,0.4,0.576,0.674,0.85,1.0
475,,0.524,0.426,0.1,0.25,0.426,0.524,0.7,0.85
476,,0.374,0.276,-0.05,0.1,0.276,0.374,0.55,0.7
477,3,0.524,0.638,0.95,0.462,0.426,0.312,0.4,0.638
478,3,0.674,1.0,1.0,0.824,0.576,0.25,0.25,0.576
479,,0.524,0.85,0.85,0.674,0.426,0.1,0.1,0.426
480,,0.374,0.7,0.7,0.524,0.276,-0.05,-0.05,0.276
481,6,0.312,0.55,0.638,0.674,0.638,0.95,0.312,0.426
482,6,0.25,0.4,0.576,0.824,1.0,1.0,0.674,0.576
483,,0.1,0.25,0.426,0.674,0.85,0.85,0.524,0.426
484,,-0.05,0.1,0.276,0.524,0.7,0.7,0.374,0.276
485,1,0.95,0.462,0.426,0.462,0.55,0.638,0.524,0.638
486,1,1.0,0.824,0.576,0.4,0.4,0.576,0.674,1.0
487,,0.85,0.674,0.426,0.25,0.25,0.426,0.524,0.85
488,,0.7,0.524,0.276,0.1,0.1,0.276,0.374,0.7
489,,0.55,0.374,0.126,-0.05,-0.05,0.126,0.224,0.55
490,5,0.4,0.312,0.276,0.312,0.95,0.488,0.374,0.488
491,5,0.25,0.25,0.426,0.674,1.0,0.85,0.524,0.426
492,,0.1,0.1,0.276,0.524,0.85,0.7,0.374,0.276
493,,-0.05,-0.05,0.126,0.374,0.7,0.55,0.224,0.126
494,1,0.95,0.312,0.276,0.312,0.55,0.488,0.374,0.488
495,1,1.0,0.674,0.426,0.25,0.4,0.426,0.524,0.85
496,,0.85,0.524,0.276,0.1,0.25,0.276,0.374,0.7
497,,0.7,0.374,0.126,-0.05,0.1,0.126,0.224,0.55
498,4,0.638,0.524,0.488,0.95,0.462,0.276,0.162,0.4
499,4,0.576,0.674,0.85,1.0,0.824,0.426,0.1,0.25
500,,0.426,0.524,0.7,0.85,0.674,0.276,-0.05,0.1
501,7,0.576,0.462,0.55,0.788,0.824,0.638,0.95,0.462
502,7,0.726,0.4,0.4,0.726,0.974,1.0,1.0,0.824
503,,0.576,0.25,0.25,0.576,0.824,0.85,0.85,0.674
504,,0.426,0.1,0.1,0.426,0.674,0.7,0.7,0.524
505,,0.276,-0.05,-0.05,0.276,0.524,0.55,0.55,0.374
506,3,0.426,0.312,0.95,0.638,0.674,0.488,0.4,0.312
507,3,0.576,0.674,1.0,1.0,0.824,0.426,0.25,0.25
508,,0.426,0.524,0.85,0.85,0.674,0.276,0.1,0.1
509,,0.276,0.374,0.7,0.7,0.524,0.126,-0.05,-0.05
510,7,0.426,0.312,0.55,0.638,0.674,0.488,0.95,0.312
511,7,0.576,0.25,0.4,0.576,0.824,0.85,1.0,0.674
512,,0.426,0.1,0.25,0.426,0.674,0.7,0.85,0.524
513,,0.276,-0.05,0.1,0.276,0.524,0.55,0.7,0.374
514,2,0.638,0.95,0.462,0.426,0.462,0.4,0.638,0.524
515,2,1.0,1.0,0.824,0.576,0.4,0.25,0.576,0.674
516,,0.85,0.85,0.674,0.426,0.25,0.1,0.426,0.524
517,,0.7,0.7,0.524,0.276,0.1,-0.05,0.276,0.374
518,6,0.638,0.55,0.462,0.426,0.462,0.95,0.638,0.524
519,6,0.576,0.4,0.4,0.576,0.824,1.0,1.0,0.674
520,,0.426,0.25,0.25,0.426,0.674,0.85,0.85,0.524
521,,0.276,0.1,0.1,0.276,0.524,0.7,0.7,0.374
522,,0.126,-0.05,-0.05,0.126,0.374,0.55,0.55,0.224
523,3,0.276,0.312,0.95,0.488,0.524,0.488,0.4,0.162
524,3,0.426,0.674,1.0,0.85,0.674,0.426,0.25,0.1
525,,0.276,0.524,0.85,0.7,0.524,0.276,0.1,-0.05
526,8,0.638,0.674,0.788,0.55,0.462,0.426,0.462,0.95
527,8,1.0,0.824,0.726,0.4,0.4,0.576,0.824,1.0
528,,0.85,0.674,0.576,0.25,0.25,0.426,0.674,0.85
529,,0.7,0.524,0.426,0.1,0.1,0.276,0.524,0.7
530,,0.55,0.374,0.276,-0.05,-0.05,0.126,0.374,0.55
531,4,0.488,0.524,0.638,0.95,0.312,0.276,0.312,0.4
532,4,0.426,0.674,1.0,1.0,0.674,0.426,0.25,0.25
533,,0.276,0.524,0.85,0.85,0.524,0.276,0.1,0.1
534,,0.126,0.374,0.7,0.7,0.374,0.126,-0.05,-0.05
535,7,0.276,0.312,0.55,0.638,0.524,0.488,0.95,0.312
536,7,0.426,0.25,0.4,0.576,0.674,0.85,1.0,0.674
537,,0.276,0.1,0.25,0.426,0.524,0.7,0.85,0.524
538,,0.126,-0.05,0.1,0.276,0.374,0.55,0.7,0.374
539,2,0.488,0.95,0.462,0.426,0.312,0.4,0.638,0.524
540,2,0.85,1.0,0.824,0.576,0.25,0.25,0.576,0.674
541,,0.7,0.85,0.674,0.426,0.1,0.1,0.426,0.524
542,,0.55,0.7,0.524,0.276,-0.05,-0.05,0.276,0.374
543,6,0.488,0.55,0.462,0.426,0.312,0.95,0.638,0.524
544,6,0.426,0.4,0.4,0.576,0.674,1.0,1.0,0.674
545,,0.276,0.25,0.25,0.426,0.524,0.85,0.85,0.524
546,,0.126,0.1,0.1,0.276,0.374,0.7,0.7,0.374
547,,-0.024,-0.05,-0.05,0.126,0.224,0.55,0.55,0.224
548,2,0.338,0.95,0.312,0.276,0.162,0.4,0.488,0.374
549,2,0.7,1.0,0.674,0.426,0.1,0.25,0.426,0.524
550,,0.55,0.85,0.524,0.276,-0.05,0.1,0.276,0.374
551,5,0.4,0.788,0.674,0.638,0.95,0.462,0.426,0.312
552,5,0.25,0.726,0.824,1.0,1.0,0.824,0.576,0.25
553,,0.1,0.576,0.674,0.85,0.85,0.674,0.426,0.1
554,,-0.05,0.426,0.524,0.7,0.7,0.524,0.276,-0.05
555,8,0.312,0.576,0.462,0.55,0.638,0.674,0.638,0.95
556,8,0.674,0.726,0.4,0.4,0.576,0.824,1.0,1.0
557,,0.524,0.576,0.25,0.25,0.426,0.674,0.85,0.85
558,,0.374,0.426,0.1,0.1,0.276,0.524,0.7,0.7
559,,0.224,0.276,-0.05,-0.05,0.126,0.374,0.55,0.55
560,3,0.374,0.638,0.95,0.312,0.276,0.312,0.4,0.488
561,3,0.524,1.0,1.0,0.674,0.426,0.25,0.25,0.426
562,,0.374,0.85,0.85,0.524,0.276,0.1,0.1,0.276
563,,0.224,0.7,0.7,0.374,0.126,-0.05,-0.05,0.126
564,7,0.374,0.638,0.55,0.312,0.276,0.312,0.95,0.488
565,7,0.524,0.576,0.4,0.25,0.426,0.674,1.0,0.85
566,,0.374,0.426,0.25,0.1,0.276,0.524,0.85,0.7
567,,0.224,0.276,0.1,-0.05,0.126,0.374,0.7,0.55
568,4,0.162,0.426,0.462,0.95,0.488,0.524,0.638,0.4
569,4,0.1,0.576,0.824,1.0,0.85,0.674,0.576,0.25
570,,-0.05,0.426,0.674,0.85,0.7,0.524,0.426,0.1
571,1,0.95,0.788,0.824,0.788,0.55,0.462,0.576,0.462
572,1,1.0,1.0,0.974,0.726,0.4,0.4,0.726,0.824
573,,0.85,0.85,0.824,0.576,0.25,0.25,0.576,0.674
574,,0.7,0.7,0.674,0.426,0.1,0.1,0.426,0.524
575,,0.55,0.55,0.524,0.276,-0.05,-0.05,0.276,0.374
576,5,0.4,0.488,0.674,0.638,0.95,0.312,0.426,0.312
577,5,0.25,0.426,0.824,1.0,1.0,0.674,0.576,0.25
578,,0.1,0.276,0.674,0.85,0.85,0.524,0.426,0.1
579,,-0.05,0.126,0.524,0.7,0.7,0.374,0.276,-0.05
580,8,0.312,0.276,0.462,0.55,0.638,0.524,0.638,0.95
581,8,0.674,0.426,0.4,0.4,0.576,0.674,1.0,1.0
582,,0.524,0.276,0.25,0.25,0.426,0.524,0.85,0.85
583,,0.374,0.126,0.1,0.1,0.276,0.374,0.7,0.7
584,,0.224,-0.024,-0.05,-0.05,0.126,0.224,0.55,0.55
585,3,0.374,0.338,0.95,0.312,0.276,0.162,0.4,0.488
586,3,0.524,0.7,1.0,0.674,0.426,0.1,0.25,0.426
587,,0.374,0.55,0.85,0.524,0.276,-0.05,0.1,0.276
588,6,0.312,0.4,0.788,0.674,0.638,0.95,0.462,0.426
589,6,0.25,0.25,0.726,0.824,1.0,1.0,0.824,0.576
590,,0.1,0.1,0.576,0.674,0.85,0.85,0.674,0.426
591,,-0.05,-0.05,0.426,0.524,0.7,0.7,0.524,0.276
592,2,0.312,0.95,0.788,0.674,0.638,0.55,0.462,0.426
593,2,0.674,1.0,1.0,0.824,0.576,0.4,0.4,0.576
594,,0.524,0.85,0.85,0.674,0.426,0.25,0.25,0.426
595,,0.374,0.7,0.7,0.524,0.276,0.1,0.1,0.276
596,,0.224,0.55,0.55,0.374,0.126,-0.05,-0.05,0.126
597,6,0.162,0.4,0.488,0.524,0.488,0.95,0.312,0.276
598,6,0.1,0.25,0.426,0.674,0.85,1.0,0.674,0.426
599,,-0.05,0.1,0.276,0.524,0.7,0.85,0.524,0.276
600,1,0.95,0.462,0.426,0.462,0.55,0.788,0.674,0.638
601,1,1.0,0.824,0.576,0.4,0.4,0.726,0.824,1.0
602,,0.85,0.674,0.426,0.25,0.25,0.576,0.674,0.85
603,,0.7,0.524,0.276,0.1,0.1,0.426,0.524,0.7
604,,0.55,0.374,0.126,-0.05,-0.05,0.276,0.374,0.55
605,5,0.4,0.312,0.276,0.312,0.95,0.638,0.524,0.488
606,5,0.25,0.25,0.426,0.674,1.0,1.0,0.674,0.426
607,,0.1,0.1,0.276,0.524,0.85,0.85,0.524,0.276
608,,-0.05,-0.05,0.126,0.374,0.7,0.7,0.374,0.126
609,2,0.312,0.95,0.488,0.524,0.638,0.55,0.312,0.276
610,2,0.674,1.0,0.85,0.674,0.576,0.4,0.25,0.426
611,,0.524,0.85,0.7,0.524,0.426,0.25,0.1,0.276
612,,0.374,0.7,0.55,0.374,0.276,0.1,-0.05,0.126
613,7,0.524,0.638,0.4,0.312,0.426,0.462,0.95,0.488
614,7,0.674,0.576,0.25,0.25,0.576,0.824,1.0,0.85
615,,0.524,0.426,0.1,0.1,0.426,0.674,0.85,0.7
616,,0.374,0.276,-0.05,-0.05,0.276,0.524,0.7,0.55
617,4,0.312,0.426,0.312,0.95,0.638,0.674,0.638,0.4
618,4,0.25,0.576,0.674,1.0,1.0,0.824,0.576,0.25
619,,0.1,0.426,0.524,0.85,0.85,0.674,0.426,0.1
620,,-0.05,0.276,0.374,0.7,0.7,0.524,0.276,-0.05
621,1,0.95,0.638,0.524,0.638,0.55,0.462,0.426,0.312
622,1,1.0,1.0,0.674,0.576,0.4,0.4,0.576,0.674
623,,0.85,0.85,0.524,0.426,0.25,0.25,0.426,0.524
624,,0.7,0.7,0.374,0.276,0.1,0.1,0.276,0.374
625,,0.55,0.55,0.224,0.126,-0.05,-0.05,0.126,0.224
626,6,0.488,0.4,0.162,0.276,0.312,0.95,0.488,0.374
627,6,0.426,0.25,0.1,0.426,0.674,1.0,0.85,0.524
628,,0.276,0.1,-0.05,0.276,0.524,0.85,0.7,0.374
629,3,0.426,0.462,0.95,0.638,0.674,0.788,0.55,0.312
630,3,0.576,0.824,1.0,1.0,0.824,0.726,0.4,0.25
631,,0.426,0.674,0.85,0.85,0.674,0.576,0.25,0.1
632,,0.276,0.524,0.7,0.7,0.524,0.426,0.1,-0.05
633,8,0.638,0.674,0.638,0.55,0.462,0.576,0.462,0.95
634,8,1.0,0.824,0.576,0.4,0.4,0.726,0.824,1.0
635,,0.85,0.674,0.426,0.25,0.25,0.576,0.674,0.85
636,,0.7,0.524,0.276,0.1,0.1,0.426,0.524,0.7
637,,0.55,0.374,0.126,-0.05,-0.05,0.276,0.374,0.55
638,4,0.488,0.524,0.488,0.95,0.312,0.426,0.312,0.4
639,4,0.426,0.674,0.85,1.0,0.674,0.576,0.25,0.25
640,,0.276,0.524,0.7,0.85,0.524,0.426,0.1,0.1
641,,0.126,0.374,0.55,0.7,0.374,0.276,-0.05,-0.05
642,8,0.488,0.524,0.488,0.55,0.312,0.426,0.312,0.95
643,8,0.85,0.674,0.426,0.4,0.25,0.576,0.674,1.0
644,,0.7,0.524,0.276,0.25,0.1,0.426,0.524,0.85
645,,0.55,0.374,0.126,0.1,-0.05,0.276,0.374,0.7
646,5,0.4,0.312,0.276,0.462,0.95,0.638,0.524,0.638
647,5,0.25,0.25,0.426,0.824,1.0,1.0,0.674,0.576
648,,0.1,0.1,0.276,0.674,0.85,0.85,0.524,0.426
649,,-0.05,-0.05,0.126,0.524,0.7,0.7,0.374,0.276
650,1,0.95,0.312,0.276,0.462,0.55,0.638,0.524,0.638
651,1,1.0,0.674,0.426,0.4,0.4,0.576,0.674,1.0
652,,0.85,0.524,0.276,0.25,0.25,0.426,0.524,0.85
653,,0.7,0.374,0.126,0.1,0.1,0.276,0.374,0.7
654,,0.55,0.224,-0.024,-0.05,-0.05,0.126,0.224,0.55
655,5,0.4,0.162,0.126,0.312,0.95,0.488,0.374,0.488
656,5,0.25,0.1,0.276,0.674,1.0,0.85,0.524,0.426
657,,0.1,-0.05,0.126,0.524,0.85,0.7,0.374,0.276
658,2,0.462,0.95,0.488,0.674,0.788,0.55,0.312,0.426
659,2,0.824,1.0,0.85,0.824,0.726,0.4,0.25,0.576
660,,0.674,0.85,0.7,0.674,0.576,0.25,0.1,0.426
661,,0.524,0.7,0.55,0.524,0.426,0.1,-0.05,0.276
662,7,0.674,0.638,0.4,0.462,0.576,0.462,0.95,0.638
663,7,0.824,0.576,0.25,0.4,0.726,0.824,1.0,1.0
664,,0.674,0.426,0.1,0.25,0.576,0.674,0.85,0.85
665,,0.524,0.276,-0.05,0.1,0.426,0.524,0.7,0.7
666,3,0.674,0.638,0.95,0.462,0.576,0.462,0.55,0.638
667,3,0.824,1.0,1.0,0.824,0.726,0.4,0.4,0.576
668,,0.674,0.85,0.85,0.674,0.576,0.25,0.25,0.426
669,,0.524,0.7,0.7,0.524,0.426,0.1,0.1,0.276
670,,0.374,0.55,0.55,0.374,0.276,-0.05,-0.05,0.126
671,6,0.312,0.4,0.488,0.524,0.638,0.95,0.312,0.276
672,6,0.25,0.25,0.426,0.674,1.0,1.0,0.674,0.426
673,,0.1,0.1,0.276,0.524,0.85,0.85,0.524,0.276
674,,-0.05,-0.05,0.126,0.374,0.7,0.7,0.374,0.126
675,1,0.95,0.312,0.276,0.312,0.55,0.638,0.524,0.488
676,1,1.0,0.674,0.426,0.25,0.4,0.576,0.674,0.85
677,,0.85,0.524,0.276,0.1,0.25,0.426,0.524,0.7
678,,0.7,0.374,0.126,-0.05,0.1,0.276,0.374,0.55
679,4,0.638,0.524,0.488,0.95,0.462,0.426,0.312,0.4
680,4,0.576,0.674,0.85,1.0,0.824,0.576,0.25,0.25
681,,0.426,0.524,0.7,0.85,0.674,0.426,0.1,0.1
682,,0.276,0.374,0.55,0.7,0.524,0.276,-0.05,-0.05
683,8,0.638,0.524,0.488,0.55,0.462,0.426,0.312,0.95
684,8,1.0,0.674,0.426,0.4,0.4,0.576,0.674,1.0
685,,0.85,0.524,0.276,0.25,0.25,0.426,0.524,0.85
686,,0.7,0.374,0.126,0.1,0.1,0.276,0.374,0.7
687,,0.55,0.224,-0.024,-0.05,-0.05,0.126,0.224,0.55
688,4,0.488,0.374,0.338,0.95,0.312,0.276,0.162,0.4
689,4,0.426,0.524,0.7,1.0,0.674,0.426,0.1,0.25
690,,0.276,0.374,0.55,0.85,0.524,0.276,-0.05,0.1
691,7,0.426,0.312,0.4,0.788,0.674,0.638,0.95,0.462
692,7,0.576,0.25,0.25,0.726,0.824,1.0,1.0,0.824
693,,0.426,0.1,0.1,0.576,0.674,0.85,0.85,0.674
694,,0.276,-0.05,-0.05,0.426,0.524,0.7,0.7,0.524
695,2,0.638,0.95,0.312,0.576,0.462,0.55,0.638,0.674
696,2,1.0,1.0,0.674,0.726,0.4,0.4,0.576,0.824
697,,0.85,0.85,0.524,0.576,0.25,0.25,0.426,0.674
698,,0.7,0.7,0.374,0.426,0.1,0.1,0.276,0.524
699,,0.55,0.55,0.224,0.276,-0.05,-0.05,0.126,0.374
700,6,0.488,0.4,0.162,0.426,0.312,0.95,0.488,0.524
701,6,0.426,0.25,0.1,0.576,0.674,1.0,0.85,0.674
702,,0.276,0.1,-0.05,0.426,0.524,0.85,0.7,0.524
703,3,0.426,0.462,0.95,0.788,0.674,0.788,0.55,0.462
704,3,0.576,0.824,1.0,1.0,0.824,0.726,0.4,0.4
705,,0.426,0.674,0.85,0.85,0.674,0.576,0.25,0.25
706,,0.276,0.524,0.7,0.7,0.524,0.426,0.1,0.1
707,,0.126,0.374,0.55,0.55,0.374,0.276,-0.05,-0.05
708,7,0.276,0.312,0.4,0.488,0.524,0.638,0.95,0.312
709,7,0.426,0.25,0.25,0.426,0.674,1.0,1.0,0.674
710,,0.276,0.1,0.1,0.276,0.524,0.85,0.85,0.524
711,,0.126,-0.05,-0.05,0.126,0.374,0.7,0.7,0.374
712,2,0.488,0.95,0.312,0.276,0.312,0.55,0.638,0.524
713,2,0.85,1.0,0.674,0.426,0.25,0.4,0.576,0.674
714,,0.7,0.85,0.524,0.276,0.1,0.25,0.426,0.524
715,,0.55,0.7,0.374,0.126,-0.05,0.1,0.276,0.374
716,5,0.4,0.638,0.524,0.488,0.95,0.462,0.426,0.312
717,5,0.25,0.576,0.674,0.85,1.0,0.824,0.576,0.25
718,,0.1,0.426,0.524,0.7,0.85,0.674,0.426,0.1
719,,-0.05,0.276,0.374,0.55,0.7,0.524,0.276,-0.05
720,1,0.95,0.638,0.524,0.488,0.55,0.462,0.426,0.312
721,1,1.0,1.0,0.674,0.426,0.4,0.4,0.576,0.674
722,,0.85,0.85,0.524,0.276,0.25,0.25,0.426,0.524
723,,0.7,0.7,0.374,0.126,0.1,0.1,0.276,0.374
724,,0.55,0.55,0.224,-0.024,-0.05,-0.05,0.126,0.224
725,6,0.488,0.4,0.162,0.126,0.312,0.95,0.488,0.374
726,6,0.426,0.25,0.1,0.276,0.674,1.0,0.85,0.524
727,,0.276,0.1,-0.05,0.126,0.524,0.85,0.7,0.374
728,3,0.426,0.462,0.95,0.488,0.674,0.788,0.55,0.312
729,3,0.576,0.824,1.0,0.85,0.824,0.726,0.4,0.25
730,,0.426,0.674,0.85,0.7,0.674,0.576,0.25,0.1
731,,0.276,0.524,0.7,0.55,0.524,0.426,0.1,-0.05
732,8,0.638,0.674,0.638,0.4,0.462,0.576,0.462,0.95
733,8,1.0,0.824,0.576,0.25,0.4,0.726,0.824,1.0
734,,0.85,0.674,0.426,0.1,0.25,0.576,0.674,0.85
735,,0.7,0.524,0.276,-0.05,0.1,0.426,0.524,0.7
736,4,0.638,0.674,0.638,0.95,0.462,0.576,0.462,0.55
737,4,0.576,0.824,1.0,1.0,0.824,0.726,0.4,0.4
738,,0.426,0.674,0.85,0.85,0.674,0.576,0.25,0.25
739,,0.276,0.524,0.7,0.7,0.524,0.426,0.1,0.1
740,,0.126,0.374,0.55,0.55,0.374,0.276,-0.05,-0.05
741,7,0.276,0.312,0.4,0.488,0.524,0.638,0.95,0.312
742,7,0.426,0.25,0.25,0.426,0.674,1.0,1.0,0.674
743,,0.276,0.1,0.1,0.276,0.524,0.85,0.85,0.524
744,,0.126,-0.05,-0.05,0.126,0.374,0.7,0.7,0.374
745,3,0.276,0.312,0.95,0.488,0.524,0.638,0.55,0.312
746,3,0.426,0.674,1.0,0.85,0.674,0.576,0.4,0.25
747,,0.276,0.524,0.85,0.7,0.524,0.426,0.25,0.1
748,,0.126,0.374,0.7,0.55,0.374,0.276,0.1,-0.05
749,8,0.488,0.524,0.638,0.4,0.312,0.426,0.462,0.95
750,8,0.85,0.674,0.576,0.25,0.25,0.576,0.824,1.0
751,,0.7,0.524,0.426,0.1,0.1,0.426,0.674,0.85
752,,0.55,0.374,0.276,-0.05,-0.05,0.276,0.524,0.7
753,4,0.488,0.524,0.638,0.95,0.312,0.426,0.462,0.55
754,4,0.426,0.674,1.0,1.0,0.674,0.576,0.4,0.4
755,,0.276,0.524,0.85,0.85,0.524,0.426,0.25,0.25
756,,0.126,0.374,0.7,0.7,0.374,0.276,0.1,0.1
757,,-0.024,0.224,0.55,0.55,0.224,0.126,-0.05,-0.05
758,7,0.126,0.162,0.4,0.488,0.374,0.488,0.95,0.312
759,7,0.276,0.1,0.25,0.426,0.524,0.85,1.0,0.674
760,,0.126,-0.05,0.1,0.276,0.374,0.7,0.85,0.524
761,2,0.488,0.95,0.462,0.426,0.312,0.55,0.788,0.674
762,2,0.85,1.0,0.824,0.576,0.25,0.4,0.726,0.824
763,,0.7,0.85,0.674,0.426,0.1,0.25,0.576,0.674
764,,0.55,0.7,0.524,0.276,-0.05,0.1,0.426,0.524
765,5,0.4,0.638,0.674,0.638,0.95,0.462,0.576,0.462
766,5,0.25,0.576,0.824,1.0,1.0,0.824,0.726,0.4
767,,0.1,0.426,0.674,0.85,0.85,0.674,0.576,0.25
768,,-0.05,0.276,0.524,0.7,0.7,0.524,0.426,0.1
769,1,0.95,0.638,0.674,0.638,0.55,0.462,0.576,0.462
770,1,1.0,1.0,0.824,0.576,0.4,0.4,0.726,0.824
771,,0.85,0.85,0.674,0.426,0.25,0.25,0.576,0.674
772,,0.7,0.7,0.524,0.276,0.1,0.1,0.426,0.524
773,,0.55,0.55,0.374,0.126,-0.05,-0.05,0.276,0.374
774,5,0.4,0.488,0.524,0.488,0.95,0.312,0.426,0.312
775,5,0.25,0.426,0.674,0.85,1.0,0.674,0.576,0.25
776,,0.1,0.276,0.524,0.7,0.85,0.524,0.426,0.1
777,,-0.05,0.126,0.374,0.55,0.7,0.374,0.276,-0.05
778,8,0.312,0.276,0.312,0.4,0.638,0.524,0.638,0.95
779,8,0.674,0.426,0.25,0.25,0.576,0.674,1.0,1.0
780,,0.524,0.276,0.1,0.1,0.426,0.524,0.85,0.85
781,,0.374,0.126,-0.05,-0.05,0.276,0.374,0.7,0.7
782,3,0.524,0.488,0.95,0.312,0.426,0.312,0.55,0.638
783,3,0.674,0.85,1.0,0.674,0.576,0.25,0.4,0.576
784,,0.524,0.7,0.85,0.524,0.426,0.1,0.25,0.426
785,,0.374,0.55,0.7,0.374,0.276,-0.05,0.1,0.276
786,6,0.312,0.4,0.638,0.524,0.638,0.95,0.462,0.426
787,6,0.25,0.25,0.576,0.674,1.0,1.0,0.824,0.576
788,,0.1,0.1,0.426,0.524,0.85,0.85,0.674,0.426
789,,-0.05,-0.05,0.276,0.374,0.7,0.7,0.524,0.276
790,1,0.95,0.312,0.426,0.312,0.55,0.638,0.674,0.638
791,1,1.0,0.674,0.576,0.25,0.4,0.576,0.824,1.0
792,,0.85,0.524,0.426,0.1,0.25,0.426,0.674,0.85
793,,0.7,0.374,0.276,-0.05,0.1,0.276,0.524,0.7
794,4,0.638,0.524,0.638,0.95,0.462,0.426,0.462,0.55
795,4,0.576,0.674,1.0,1.0,0.824,0.576,0.4,0.4
796,,0.426,0.524,0.85,0.85,0.674,0.426,0.25,0.25
797,,0.276,0.374,0.7,0.7,0.524,0.276,0.1,0.1
798,,0.126,0.224,0.55,0.55,0.374,0.126,-0.05,-0.05
799,8,0.488,0.374,0.488,0.4,0.312,0.276,0.312,0.95
800,8,0.85,0.524,0.426,0.25,0.25,0.426,0.674,1.0
801,,0.7,0.374,0.276,0.1,0.1,0.276,0.524,0.85
802,,0.55,0.224,0.126,-0.05,-0.05,0.126,0.374,0.7
803,4,0.488,0.374,0.488,0.95,0.312,0.276,0.312,0.55
804,4,0.426,0.524,0.85,1.0,0.674,0.426,0.25,0.4
805,,0.276,0.374,0.7,0.85,0.524,0.276,0.1,0.25
806,,0.126,0.224,0.55,0.7,0.374,0.126,-0.05,0.1
807,7,0.276,0.162,0.4,0.638,0.524,0.488,0.95,0.462
808,7,0.426,0.1,0.25,0.576,0.674,0.85,1.0,0.824
809,,0.276,-0.05,0.1,0.426,0.524,0.7,0.85,0.674
810,2,0.638,0.95,0.462,0.576,0.462,0.55,0.788,0.824
811,2,1.0,1.0,0.824,0.726,0.4,0.4,0.726,0.974
