step,active_motive,motive_1,motive_2,motive_3,motive_4,motive_5,motive_6,motive_7,motive_8
0,,0.49262,0.32875,0.6334,0.24015,0.07586,0.12888,0.12805,0.1519
1,,0.34262,0.17875,0.4834,0.09015,-0.07414,-0.02112,-0.02195,0.0019
2,5,0.19262,0.11675,0.6334,0.45215,0.92586,0.34088,0.12805,-0.0601
3,5,0.04262,0.05475,0.7834,0.81415,1.0,0.70288,0.27805,-0.1221
4,8,0.40462,0.20475,0.7214,0.66415,0.938,0.85288,0.64005,0.8779
5,8,0.76662,0.35475,0.6594,0.51415,0.876,1.0,1.0,1.0
6,,0.61662,0.20475,0.5094,0.36415,0.726,0.85,0.85,0.85
7,,0.46662,0.05475,0.3594,0.21415,0.576,0.7,0.7,0.7
8,,0.31662,-0.09525,0.2094,0.06415,0.426,0.55,0.55,0.55
9,2,0.67862,0.90475,0.5714,0.21415,0.364,0.4,0.488,0.7
10,2,1.0,1.0,0.9334,0.36415,0.302,0.25,0.426,0.85
11,,0.85,0.85,0.7834,0.21415,0.152,0.1,0.276,0.7
12,,0.7,0.7,0.6334,0.06415,0.002,-0.05,0.126,0.55
13,6,0.638,0.55,0.5714,0.21415,0.364,0.95,0.488,0.7
14,6,0.576,0.4,0.5094,0.36415,0.726,1.0,0.85,0.85
15,,0.426,0.25,0.3594,0.21415,0.576,0.85,0.7,0.7
16,,0.276,0.1,0.2094,0.06415,0.426,0.7,0.55,0.55
17,,0.126,-0.05,0.0594,-0.08585,0.276,0.55,0.4,0.4
18,4,0.064,0.1,0.4214,0.91415,0.638,0.7,0.338,0.25
19,4,0.002,0.25,0.7834,1.0,1.0,0.85,0.276,0.1
20,,-0.148,0.1,0.6334,0.85,0.85,0.7,0.126,-0.05
21,1,0.852,0.462,0.7834,0.788,0.7,0.638,0.276,0.312
22,1,1.0,0.824,0.9334,0.726,0.55,0.576,0.426,0.674
23,,0.85,0.674,0.7834,0.576,0.4,0.426,0.276,0.524
24,,0.7,0.524,0.6334,0.426,0.25,0.276,0.126,0.374
25,,0.55,0.374,0.4834,0.276,0.1,0.126,-0.024,0.224
26,7,0.7,0.312,0.3334,0.214,0.25,0.488,0.976,0.586
27,7,0.85,0.25,0.1834,0.152,0.4,0.85,1.0,0.948
28,,0.7,0.1,0.0334,0.002,0.25,0.7,0.85,0.798
29,,0.55,-0.05,-0.1166,-0.148,0.1,0.55,0.7,0.648
30,4,0.488,0.1,0.2454,0.852,0.462,0.7,0.638,0.498
31,4,0.426,0.25,0.6074,1.0,0.824,0.85,0.576,0.348
32,,0.276,0.1,0.4574,0.85,0.674,0.7,0.426,0.198
33,,0.126,-0.05,0.3074,0.7,0.524,0.55,0.276,0.048
34,2,0.488,0.95,0.6694,0.85,0.462,0.4,0.214,0.198
35,2,0.85,1.0,1.0,1.0,0.4,0.25,0.152,0.348
36,,0.7,0.85,0.85,0.85,0.25,0.1,0.002,0.198
37,,0.55,0.7,0.7,0.7,0.1,-0.05,-0.148,0.048
38,7,0.7,0.638,0.55,0.638,0.25,0.312,0.852,0.41
39,7,0.85,0.576,0.4,0.576,0.4,0.674,1.0,0.772
40,,0.7,0.426,0.25,0.426,0.25,0.524,0.85,0.622
41,,0.55,0.276,0.1,0.276,0.1,0.374,0.7,0.472
42,,0.4,0.126,-0.05,0.126,-0.05,0.224,0.55,0.322
43,5,0.25,0.064,0.1,0.488,0.95,0.586,0.7,0.26
44,5,0.1,0.002,0.25,0.85,1.0,0.948,0.85,0.198
45,,-0.05,-0.148,0.1,0.7,0.85,0.798,0.7,0.048
46,2,0.312,0.852,0.462,0.85,0.788,0.648,0.638,0.198
47,2,0.674,1.0,0.824,1.0,0.726,0.498,0.576,0.348
48,,0.524,0.85,0.674,0.85,0.576,0.348,0.426,0.198
49,,0.374,0.7,0.524,0.7,0.426,0.198,0.276,0.048
50,,0.224,0.55,0.374,0.55,0.276,0.048,0.126,-0.102
51,8,0.586,0.7,0.312,0.4,0.214,0.198,0.488,0.898
52,8,0.948,0.85,0.25,0.25,0.152,0.348,0.85,1.0
53,,0.798,0.7,0.1,0.1,0.002,0.198,0.7,0.85
54,,0.648,0.55,-0.05,-0.05,-0.148,0.048,0.55,0.7
55,5,0.498,0.488,0.1,0.312,0.852,0.41,0.7,0.638
56,5,0.348,0.426,0.25,0.674,1.0,0.772,0.85,0.576
57,,0.198,0.276,0.1,0.524,0.85,0.622,0.7,0.426
58,,0.048,0.126,-0.05,0.374,0.7,0.472,0.55,0.276
59,3,0.198,0.488,0.95,0.736,0.85,0.41,0.4,0.214
60,3,0.348,0.85,1.0,1.0,1.0,0.348,0.25,0.152
61,,0.198,0.7,0.85,0.85,0.85,0.198,0.1,0.002
62,,0.048,0.55,0.7,0.7,0.7,0.048,-0.05,-0.148
63,8,0.41,0.7,0.638,0.55,0.638,0.198,0.312,0.852
64,8,0.772,0.85,0.576,0.4,0.576,0.348,0.674,1.0
65,,0.622,0.7,0.426,0.25,0.426,0.198,0.524,0.85
66,,0.472,0.55,0.276,0.1,0.276,0.048,0.374,0.7
67,,0.322,0.4,0.126,-0.05,0.126,-0.102,0.224,0.55
68,6,0.26,0.25,0.064,0.1,0.488,0.898,0.586,0.7
69,6,0.198,0.1,0.002,0.25,0.85,1.0,0.948,0.85
70,,0.048,-0.05,-0.148,0.1,0.7,0.85,0.798,0.7
71,3,0.198,0.312,0.852,0.462,0.85,0.788,0.648,0.638
72,3,0.348,0.674,1.0,0.824,1.0,0.726,0.498,0.576
73,,0.198,0.524,0.85,0.674,0.85,0.576,0.348,0.426
74,,0.048,0.374,0.7,0.524,0.7,0.426,0.198,0.276
75,,-0.102,0.224,0.55,0.374,0.55,0.276,0.048,0.126
76,1,0.898,0.586,0.7,0.312,0.4,0.214,0.198,0.488
77,1,1.0,0.948,0.85,0.25,0.25,0.152,0.348,0.85
78,,0.85,0.798,0.7,0.1,0.1,0.002,0.198,0.7
79,,0.7,0.648,0.55,-0.05,-0.05,-0.148,0.048,0.55
80,6,0.638,0.498,0.488,0.1,0.312,0.852,0.41,0.7
81,6,0.576,0.348,0.426,0.25,0.674,1.0,0.772,0.85
82,,0.426,0.198,0.276,0.1,0.524,0.85,0.622,0.7
83,,0.276,0.048,0.126,-0.05,0.374,0.7,0.472,0.55
84,4,0.214,0.198,0.488,0.95,0.736,0.85,0.41,0.4
85,4,0.152,0.348,0.85,1.0,1.0,1.0,0.348,0.25
86,,0.002,0.198,0.7,0.85,0.85,0.85,0.198,0.1
87,,-0.148,0.048,0.55,0.7,0.7,0.7,0.048,-0.05
88,1,0.852,0.41,0.7,0.638,0.55,0.638,0.198,0.312
89,1,1.0,0.772,0.85,0.576,0.4,0.576,0.348,0.674
90,,0.85,0.622,0.7,0.426,0.25,0.426,0.198,0.524
91,,0.7,0.472,0.55,0.276,0.1,0.276,0.048,0.374
92,,0.55,0.322,0.4,0.126,-0.05,0.126,-0.102,0.224
93,7,0.7,0.26,0.25,0.064,0.1,0.488,0.898,0.586
94,7,0.85,0.198,0.1,0.002,0.25,0.85,1.0,0.948
95,,0.7,0.048,-0.05,-0.148,0.1,0.7,0.85,0.798
96,4,0.638,0.198,0.312,0.852,0.462,0.85,0.788,0.648
97,4,0.576,0.348,0.674,1.0,0.824,1.0,0.726,0.498
98,,0.426,0.198,0.524,0.85,0.674,0.85,0.576,0.348
99,,0.276,0.048,0.374,0.7,0.524,0.7,0.426,0.198
100,,0.126,-0.102,0.224,0.55,0.374,0.55,0.276,0.048
101,2,0.488,0.898,0.586,0.7,0.312,0.4,0.214,0.198
102,2,0.85,1.0,0.948,0.85,0.25,0.25,0.152,0.348
103,,0.7,0.85,0.798,0.7,0.1,0.1,0.002,0.198
104,,0.55,0.7,0.648,0.55,-0.05,-0.05,-0.148,0.048
105,7,0.7,0.638,0.498,0.488,0.1,0.312,0.852,0.41
106,7,0.85,0.576,0.348,0.426,0.25,0.674,1.0,0.772
107,,0.7,0.426,0.198,0.276,0.1,0.524,0.85,0.622
108,,0.55,0.276,0.048,0.126,-0.05,0.374,0.7,0.472
109,5,0.4,0.214,0.198,0.488,0.95,0.736,0.85,0.41
110,5,0.25,0.152,0.348,0.85,1.0,1.0,1.0,0.348
111,,0.1,0.002,0.198,0.7,0.85,0.85,0.85,0.198
112,,-0.05,-0.148,0.048,0.55,0.7,0.7,0.7,0.048
113,2,0.312,0.852,0.41,0.7,0.638,0.55,0.638,0.198
114,2,0.674,1.0,0.772,0.85,0.576,0.4,0.576,0.348
115,,0.524,0.85,0.622,0.7,0.426,0.25,0.426,0.198
116,,0.374,0.7,0.472,0.55,0.276,0.1,0.276,0.048
117,,0.224,0.55,0.322,0.4,0.126,-0.05,0.126,-0.102
118,8,0.586,0.7,0.26,0.25,0.064,0.1,0.488,0.898
119,8,0.948,0.85,0.198,0.1,0.002,0.25,0.85,1.0
120,,0.798,0.7,0.048,-0.05,-0.148,0.1,0.7,0.85
121,5,0.648,0.638,0.198,0.312,0.852,0.462,0.85,0.788
122,5,0.498,0.576,0.348,0.674,1.0,0.824,1.0,0.726
123,,0.348,0.426,0.198,0.524,0.85,0.674,0.85,0.576
124,,0.198,0.276,0.048,0.374,0.7,0.524,0.7,0.426
125,,0.048,0.126,-0.102,0.224,0.55,0.374,0.55,0.276
126,3,0.198,0.488,0.898,0.586,0.7,0.312,0.4,0.214
127,3,0.348,0.85,1.0,0.948,0.85,0.25,0.25,0.152
128,,0.198,0.7,0.85,0.798,0.7,0.1,0.1,0.002
129,,0.048,0.55,0.7,0.648,0.55,-0.05,-0.05,-0.148
130,8,0.41,0.7,0.638,0.498,0.488,0.1,0.312,0.852
131,8,0.772,0.85,0.576,0.348,0.426,0.25,0.674,1.0
132,,0.622,0.7,0.426,0.198,0.276,0.1,0.524,0.85
133,,0.472,0.55,0.276,0.048,0.126,-0.05,0.374,0.7
134,6,0.41,0.4,0.214,0.198,0.488,0.95,0.736,0.85
135,6,0.348,0.25,0.152,0.348,0.85,1.0,1.0,1.0
136,,0.198,0.1,0.002,0.198,0.7,0.85,0.85,0.85
137,,0.048,-0.05,-0.148,0.048,0.55,0.7,0.7,0.7
138,3,0.198,0.312,0.852,0.41,0.7,0.638,0.55,0.638
139,3,0.348,0.674,1.0,0.772,0.85,0.576,0.4,0.576
140,,0.198,0.524,0.85,0.622,0.7,0.426,0.25,0.426
141,,0.048,0.374,0.7,0.472,0.55,0.276,0.1,0.276
142,,-0.102,0.224,0.55,0.322,0.4,0.126,-0.05,0.126
143,1,0.898,0.586,0.7,0.26,0.25,0.064,0.1,0.488
144,1,1.0,0.948,0.85,0.198,0.1,0.002,0.25,0.85
145,,0.85,0.798,0.7,0.048,-0.05,-0.148,0.1,0.7
146,6,0.788,0.648,0.638,0.198,0.312,0.852,0.462,0.85
147,6,0.726,0.498,0.576,0.348,0.674,1.0,0.824,1.0
148,,0.576,0.348,0.426,0.198,0.524,0.85,0.674,0.85
149,,0.426,0.198,0.276,0.048,0.374,0.7,0.524,0.7
150,,0.276,0.048,0.126,-0.102,0.224,0.55,0.374,0.55
151,4,0.214,0.198,0.488,0.898,0.586,0.7,0.312,0.4
152,4,0.152,0.348,0.85,1.0,0.948,0.85,0.25,0.25
153,,0.002,0.198,0.7,0.85,0.798,0.7,0.1,0.1
154,,-0.148,0.048,0.55,0.7,0.648,0.55,-0.05,-0.05
155,1,0.852,0.41,0.7,0.638,0.498,0.488,0.1,0.312
156,1,1.0,0.772,0.85,0.576,0.348,0.426,0.25,0.674
157,,0.85,0.622,0.7,0.426,0.198,0.276,0.1,0.524
158,,0.7,0.472,0.55,0.276,0.048,0.126,-0.05,0.374
159,7,0.85,0.41,0.4,0.214,0.198,0.488,0.95,0.736
160,7,1.0,0.348,0.25,0.152,0.348,0.85,1.0,1.0
161,,0.85,0.198,0.1,0.002,0.198,0.7,0.85,0.85
162,,0.7,0.048,-0.05,-0.148,0.048,0.55,0.7,0.7
163,4,0.638,0.198,0.312,0.852,0.41,0.7,0.638,0.55
164,4,0.576,0.348,0.674,1.0,0.772,0.85,0.576,0.4
165,,0.426,0.198,0.524,0.85,0.622,0.7,0.426,0.25
166,,0.276,0.048,0.374,0.7,0.472,0.55,0.276,0.1
167,,0.126,-0.102,0.224,0.55,0.322,0.4,0.126,-0.05
168,2,0.488,0.898,0.586,0.7,0.26,0.25,0.064,0.1
169,2,0.85,1.0,0.948,0.85,0.198,0.1,0.002,0.25
170,,0.7,0.85,0.798,0.7,0.048,-0.05,-0.148,0.1
171,7,0.85,0.788,0.648,0.638,0.198,0.312,0.852,0.462
172,7,1.0,0.726,0.498,0.576,0.348,0.674,1.0,0.824
173,,0.85,0.576,0.348,0.426,0.198,0.524,0.85,0.674
174,,0.7,0.426,0.198,0.276,0.048,0.374,0.7,0.524
175,,0.55,0.276,0.048,0.126,-0.102,0.224,0.55,0.374
176,5,0.4,0.214,0.198,0.488,0.898,0.586,0.7,0.312
177,5,0.25,0.152,0.348,0.85,1.0,0.948,0.85,0.25
178,,0.1,0.002,0.198,0.7,0.85,0.798,0.7,0.1
179,,-0.05,-0.148,0.048,0.55,0.7,0.648,0.55,-0.05
180,2,0.312,0.852,0.41,0.7,0.638,0.498,0.488,0.1
181,2,0.674,1.0,0.772,0.85,0.576,0.348,0.426,0.25
182,,0.524,0.85,0.622,0.7,0.426,0.198,0.276,0.1
183,,0.374,0.7,0.472,0.55,0.276,0.048,0.126,-0.05
184,8,0.736,0.85,0.41,0.4,0.214,0.198,0.488,0.95
185,8,1.0,1.0,0.348,0.25,0.152,0.348,0.85,1.0
186,,0.85,0.85,0.198,0.1,0.002,0.198,0.7,0.85
187,,0.7,0.7,0.048,-0.05,-0.148,0.048,0.55,0.7
188,5,0.55,0.638,0.198,0.312,0.852,0.41,0.7,0.638
189,5,0.4,0.576,0.348,0.674,1.0,0.772,0.85,0.576
190,,0.25,0.426,0.198,0.524,0.85,0.622,0.7,0.426
191,,0.1,0.276,0.048,0.374,0.7,0.472,0.55,0.276
192,,-0.05,0.126,-0.102,0.224,0.55,0.322,0.4,0.126
193,3,0.1,0.488,0.898,0.586,0.7,0.26,0.25,0.064
194,3,0.25,0.85,1.0,0.948,0.85,0.198,0.1,0.002
195,,0.1,0.7,0.85,0.798,0.7,0.048,-0.05,-0.148
196,8,0.462,0.85,0.788,0.648,0.638,0.198,0.312,0.852
197,8,0.824,1.0,0.726,0.498,0.576,0.348,0.674,1.0
198,,0.674,0.85,0.576,0.348,0.426,0.198,0.524,0.85
199,,0.524,0.7,0.426,0.198,0.276,0.048,0.374,0.7
200,,0.374,0.55,0.276,0.048,0.126,-0.102,0.224,0.55
201,6,0.312,0.4,0.214,0.198,0.488,0.898,0.586,0.7
202,6,0.25,0.25,0.152,0.348,0.85,1.0,0.948,0.85
203,,0.1,0.1,0.002,0.198,0.7,0.85,0.798,0.7
204,,-0.05,-0.05,-0.148,0.048,0.55,0.7,0.648,0.55
205,3,0.1,0.312,0.852,0.41,0.7,0.638,0.498,0.488
206,3,0.25,0.674,1.0,0.772,0.85,0.576,0.348,0.426
207,,0.1,0.524,0.85,0.622,0.7,0.426,0.198,0.276
208,,-0.05,0.374,0.7,0.472,0.55,0.276,0.048,0.126
209,1,0.95,0.736,0.85,0.41,0.4,0.214,0.198,0.488
210,1,1.0,1.0,1.0,0.348,0.25,0.152,0.348,0.85
211,,0.85,0.85,0.85,0.198,0.1,0.002,0.198,0.7
212,,0.7,0.7,0.7,0.048,-0.05,-0.148,0.048,0.55
213,6,0.638,0.55,0.638,0.198,0.312,0.852,0.41,0.7
214,6,0.576,0.4,0.576,0.348,0.674,1.0,0.772,0.85
215,,0.426,0.25,0.426,0.198,0.524,0.85,0.622,0.7
216,,0.276,0.1,0.276,0.048,0.374,0.7,0.472,0.55
217,,0.126,-0.05,0.126,-0.102,0.224,0.55,0.322,0.4
218,4,0.064,0.1,0.488,0.898,0.586,0.7,0.26,0.25
219,4,0.002,0.25,0.85,1.0,0.948,0.85,0.198,0.1
220,,-0.148,0.1,0.7,0.85,0.798,0.7,0.048,-0.05
221,1,0.852,0.462,0.85,0.788,0.648,0.638,0.198,0.312
222,1,1.0,0.824,1.0,0.726,0.498,0.576,0.348,0.674
223,,0.85,0.674,0.85,0.576,0.348,0.426,0.198,0.524
224,,0.7,0.524,0.7,0.426,0.198,0.276,0.048,0.374
225,,0.55,0.374,0.55,0.276,0.048,0.126,-0.102,0.224
226,7,0.7,0.312,0.4,0.214,0.198,0.488,0.898,0.586
227,7,0.85,0.25,0.25,0.152,0.348,0.85,1.0,0.948
228,,0.7,0.1,0.1,0.002,0.198,0.7,0.85,0.798
229,,0.55,-0.05,-0.05,-0.148,0.048,0.55,0.7,0.648
230,4,0.488,0.1,0.312,0.852,0.41,0.7,0.638,0.498
231,4,0.426,0.25,0.674,1.0,0.772,0.85,0.576,0.348
232,,0.276,0.1,0.524,0.85,0.622,0.7,0.426,0.198
233,,0.126,-0.05,0.374,0.7,0.472,0.55,0.276,0.048
234,2,0.488,0.95,0.736,0.85,0.41,0.4,0.214,0.198
235,2,0.85,1.0,1.0,1.0,0.348,0.25,0.152,0.348
236,,0.7,0.85,0.85,0.85,0.198,0.1,0.002,0.198
237,,0.55,0.7,0.7,0.7,0.048,-0.05,-0.148,0.048
238,7,0.7,0.638,0.55,0.638,0.198,0.312,0.852,0.41
239,7,0.85,0.576,0.4,0.576,0.348,0.674,1.0,0.772
240,,0.7,0.426,0.25,0.426,0.198,0.524,0.85,0.622
241,,0.55,0.276,0.1,0.276,0.048,0.374,0.7,0.472
242,,0.4,0.126,-0.05,0.126,-0.102,0.224,0.55,0.322
243,5,0.25,0.064,0.1,0.488,0.898,0.586,0.7,0.26
244,5,0.1,0.002,0.25,0.85,1.0,0.948,0.85,0.198
245,,-0.05,-0.148,0.1,0.7,0.85,0.798,0.7,0.048
246,2,0.312,0.852,0.462,0.85,0.788,0.648,0.638,0.198
247,2,0.674,1.0,0.824,1.0,0.726,0.498,0.576,0.348
248,,0.524,0.85,0.674,0.85,0.576,0.348,0.426,0.198
249,,0.374,0.7,0.524,0.7,0.426,0.198,0.276,0.048
250,,0.224,0.55,0.374,0.55,0.276,0.048,0.126,-0.102
251,8,0.586,0.7,0.312,0.4,0.214,0.198,0.488,0.898
252,8,0.948,0.85,0.25,0.25,0.152,0.348,0.85,1.0
253,,0.798,0.7,0.1,0.1,0.002,0.198,0.7,0.85
254,,0.648,0.55,-0.05,-0.05,-0.148,0.048,0.55,0.7
255,5,0.498,0.488,0.1,0.312,0.852,0.41,0.7,0.638
256,5,0.348,0.426,0.25,0.674,1.0,0.772,0.85,0.576
257,,0.198,0.276,0.1,0.524,0.85,0.622,0.7,0.426
258,,0.048,0.126,-0.05,0.374,0.7,0.472,0.55,0.276
259,3,0.198,0.488,0.95,0.736,0.85,0.41,0.4,0.214
260,3,0.348,0.85,1.0,1.0,1.0,0.348,0.25,0.152
261,,0.198,0.7,0.85,0.85,0.85,0.198,0.1,0.002
262,,0.048,0.55,0.7,0.7,0.7,0.048,-0.05,-0.148
263,8,0.41,0.7,0.638,0.55,0.638,0.198,0.312,0.852
264,8,0.772,0.85,0.576,0.4,0.576,0.348,0.674,1.0
265,,0.622,0.7,0.426,0.25,0.426,0.198,0.524,0.85
266,,0.472,0.55,0.276,0.1,0.276,0.048,0.374,0.7
267,,0.322,0.4,0.126,-0.05,0.126,-0.102,0.224,0.55
268,6,0.26,0.25,0.064,0.1,0.488,0.898,0.586,0.7
269,6,0.198,0.1,0.002,0.25,0.85,1.0,0.948,0.85
270,,0.048,-0.05,-0.148,0.1,0.7,0.85,0.798,0.7
271,3,0.198,0.312,0.852,0.462,0.85,0.788,0.648,0.638
272,3,0.348,0.674,1.0,0.824,1.0,0.726,0.498,0.576
273,,0.198,0.524,0.85,0.674,0.85,0.576,0.348,0.426
274,,0.048,0.374,0.7,0.524,0.7,0.426,0.198,0.276
275,,-0.102,0.224,0.55,0.374,0.55,0.276,0.048,0.126
276,1,0.898,0.586,0.7,0.312,0.4,0.214,0.198,0.488
277,1,1.0,0.948,0.85,0.25,0.25,0.152,0.348,0.85
278,,0.85,0.798,0.7,0.1,0.1,0.002,0.198,0.7
279,,0.7,0.648,0.55,-0.05,-0.05,-0.148,0.048,0.55
280,6,0.638,0.498,0.488,0.1,0.312,0.852,0.41,0.7
281,6,0.576,0.348,0.426,0.25,0.674,1.0,0.772,0.85
282,,0.426,0.198,0.276,0.1,0.524,0.85,0.622,0.7
283,,0.276,0.048,0.126,-0.05,0.374,0.7,0.472,0.55
284,4,0.214,0.198,0.488,0.95,0.736,0.85,0.41,0.4
285,4,0.152,0.348,0.85,1.0,1.0,1.0,0.348,0.25
286,,0.002,0.198,0.7,0.85,0.85,0.85,0.198,0.1
287,,-0.148,0.048,0.55,0.7,0.7,0.7,0.048,-0.05
288,1,0.852,0.41,0.7,0.638,0.55,0.638,0.198,0.312
289,1,1.0,0.772,0.85,0.576,0.4,0.576,0.348,0.674
290,,0.85,0.622,0.7,0.426,0.25,0.426,0.198,0.524
291,,0.7,0.472,0.55,0.276,0.1,0.276,0.048,0.374
292,,0.55,0.322,0.4,0.126,-0.05,0.126,-0.102,0.224
293,7,0.7,0.26,0.25,0.064,0.1,0.488,0.898,0.586
294,7,0.85,0.198,0.1,0.002,0.25,0.85,1.0,0.948
295,,0.7,0.048,-0.05,-0.148,0.1,0.7,0.85,0.798
296,4,0.638,0.198,0.312,0.852,0.462,0.85,0.788,0.648
297,4,0.576,0.348,0.674,1.0,0.824,1.0,0.726,0.498
298,,0.426,0.198,0.524,0.85,0.674,0.85,0.576,0.348
299,,0.276,0.048,0.374,0.7,0.524,0.7,0.426,0.198
300,,0.126,-0.102,0.224,0.55,0.374,0.55,0.276,0.048
301,2,0.488,0.898,0.586,0.7,0.312,0.4,0.214,0.198
302,2,0.85,1.0,0.948,0.85,0.25,0.25,0.152,0.348
303,,0.7,0.85,0.798,0.7,0.1,0.1,0.002,0.198
304,,0.55,0.7,0.648,0.55,-0.05,-0.05,-0.148,0.048
305,7,0.7,0.638,0.498,0.488,0.1,0.312,0.852,0.41
306,7,0.85,0.576,0.348,0.426,0.25,0.674,1.0,0.772
307,,0.7,0.426,0.198,0.276,0.1,0.524,0.85,0.622
308,,0.55,0.276,0.048,0.126,-0.05,0.374,0.7,0.472
309,5,0.4,0.214,0.198,0.488,0.95,0.736,0.85,0.41
310,5,0.25,0.152,0.348,0.85,1.0,1.0,1.0,0.348
311,,0.1,0.002,0.198,0.7,0.85,0.85,0.85,0.198
312,,-0.05,-0.148,0.048,0.55,0.7,0.7,0.7,0.048
313,2,0.312,0.852,0.41,0.7,0.638,0.55,0.638,0.198
314,2,0.674,1.0,0.772,0.85,0.576,0.4,0.576,0.348
315,,0.524,0.85,0.622,0.7,0.426,0.25,0.426,0.198
316,,0.374,0.7,0.472,0.55,0.276,0.1,0.276,0.048
317,,0.224,0.55,0.322,0.4,0.126,-0.05,0.126,-0.102
318,8,0.586,0.7,0.26,0.25,0.064,0.1,0.488,0.898
319,8,0.948,0.85,0.198,0.1,0.002,0.25,0.85,1.0
320,,0.798,0.7,0.048,-0.05,-0.148,0.1,0.7,0.85
321,5,0.648,0.638,0.198,0.312,0.852,0.462,0.85,0.788
322,5,0.498,0.576,0.348,0.674,1.0,0.824,1.0,0.726
323,,0.348,0.426,0.198,0.524,0.85,0.674,0.85,0.576
324,,0.198,0.276,0.048,0.374,0.7,0.524,0.7,0.426
325,,0.048,0.126,-0.102,0.224,0.55,0.374,0.55,0.276
326,3,0.198,0.488,0.898,0.586,0.7,0.312,0.4,0.214
327,3,0.348,0.85,1.0,0.948,0.85,0.25,0.25,0.152
328,,0.198,0.7,0.85,0.798,0.7,0.1,0.1,0.002
329,,0.048,0.55,0.7,0.648,0.55,-0.05,-0.05,-0.148
330,8,0.41,0.7,0.638,0.498,0.488,0.1,0.312,0.852
331,8,0.772,0.85,0.576,0.348,0.426,0.25,0.674,1.0
332,,0.622,0.7,0.426,0.198,0.276,0.1,0.524,0.85
333,,0.472,0.55,0.276,0.048,0.126,-0.05,0.374,0.7
334,6,0.41,0.4,0.214,0.198,0.488,0.95,0.736,0.85
335,6,0.348,0.25,0.152,0.348,0.85,1.0,1.0,1.0
336,,0.198,0.1,0.002,0.198,0.7,0.85,0.85,0.85
337,,0.048,-0.05,-0.148,0.048,0.55,0.7,0.7,0.7
338,3,0.198,0.312,0.852,0.41,0.7,0.638,0.55,0.638
339,3,0.348,0.674,1.0,0.772,0.85,0.576,0.4,0.576
340,,0.198,0.524,0.85,0.622,0.7,0.426,0.25,0.426
341,,0.048,0.374,0.7,0.472,0.55,0.276,0.1,0.276
342,,-0.102,0.224,0.55,0.322,0.4,0.126,-0.05,0.126
343,1,0.898,0.586,0.7,0.26,0.25,0.064,0.1,0.488
344,1,1.0,0.948,0.85,0.198,0.1,0.002,0.25,0.85
345,,0.85,0.798,0.7,0.048,-0.05,-0.148,0.1,0.7
346,6,0.788,0.648,0.638,0.198,0.312,0.852,0.462,0.85
347,6,0.726,0.498,0.576,0.348,0.674,1.0,0.824,1.0
348,,0.576,0.348,0.426,0.198,0.524,0.85,0.674,0.85
349,,0.426,0.198,0.276,0.048,0.374,0.7,0.524,0.7
350,,0.276,0.048,0.126,-0.102,0.224,0.55,0.374,0.55
351,4,0.214,0.198,0.488,0.898,0.586,0.7,0.312,0.4
352,4,0.152,0.348,0.85,1.0,0.948,0.85,0.25,0.25
353,,0.002,0.198,0.7,0.85,0.798,0.7,0.1,0.1
354,,-0.148,0.048,0.55,0.7,0.648,0.55,-0.05,-0.05
355,1,0.852,0.41,0.7,0.638,0.498,0.488,0.1,0.312
356,1,1.0,0.772,0.85,0.576,0.348,0.426,0.25,0.674
357,,0.85,0.622,0.7,0.426,0.198,0.276,0.1,0.524
358,,0.7,0.472,0.55,0.276,0.048,0.126,-0.05,0.374
359,7,0.85,0.41,0.4,0.214,0.198,0.488,0.95,0.736
360,7,1.0,0.348,0.25,0.152,0.348,0.85,1.0,1.0
361,,0.85,0.198,0.1,0.002,0.198,0.7,0.85,0.85
362,,0.7,0.048,-0.05,-0.148,0.048,0.55,0.7,0.7
363,4,0.638,0.198,0.312,0.852,0.41,0.7,0.638,0.55
364,4,0.576,0.348,0.674,1.0,0.772,0.85,0.576,0.4
365,,0.426,0.198,0.524,0.85,0.622,0.7,0.426,0.25
366,,0.276,0.048,0.374,0.7,0.472,0.55,0.276,0.1
367,,0.126,-0.102,0.224,0.55,0.322,0.4,0.126,-0.05
368,2,0.488,0.898,0.586,0.7,0.26,0.25,0.064,0.1
369,2,0.85,1.0,0.948,0.85,0.198,0.1,0.002,0.25
370,,0.7,0.85,0.798,0.7,0.048,-0.05,-0.148,0.1
371,7,0.85,0.788,0.648,0.638,0.198,0.312,0.852,0.462
372,7,1.0,0.726,0.498,0.576,0.348,0.674,1.0,0.824
373,,0.85,0.576,0.348,0.426,0.198,0.524,0.85,0.674
374,,0.7,0.426,0.198,0.276,0.048,0.374,0.7,0.524
375,,0.55,0.276,0.048,0.126,-0.102,0.224,0.55,0.374
376,5,0.4,0.214,0.198,0.488,0.898,0.586,0.7,0.312
377,5,0.25,0.152,0.348,0.85,1.0,0.948,0.85,0.25
378,,0.1,0.002,0.198,0.7,0.85,0.798,0.7,0.1
379,,-0.05,-0.148,0.048,0.55,0.7,0.648,0.55,-0.05
380,2,0.312,0.852,0.41,0.7,0.638,0.498,0.488,0.1
381,2,0.674,1.0,0.772,0.85,0.576,0.348,0.426,0.25
382,,0.524,0.85,0.622,0.7,0.426,0.198,0.276,0.1
383,,0.374,0.7,0.472,0.55,0.276,0.048,0.126,-0.05
384,8,0.736,0.85,0.41,0.4,0.214,0.198,0.488,0.95
385,8,1.0,1.0,0.348,0.25,0.152,0.348,0.85,1.0
386,,0.85,0.85,0.198,0.1,0.002,0.198,0.7,0.85
387,,0.7,0.7,0.048,-0.05,-0.148,0.048,0.55,0.7
388,5,0.55,0.638,0.198,0.312,0.852,0.41,0.7,0.638
389,5,0.4,0.576,0.348,0.674,1.0,0.772,0.85,0.576
390,,0.25,0.426,0.198,0.524,0.85,0.622,0.7,0.426
391,,0.1,0.276,0.048,0.374,0.7,0.472,0.55,0.276
392,,-0.05,0.126,-0.102,0.224,0.55,0.322,0.4,0.126
393,3,0.1,0.488,0.898,0.586,0.7,0.26,0.25,0.064
394,3,0.25,0.85,1.0,0.948,0.85,0.198,0.1,0.002
395,,0.1,0.7,0.85,0.798,0.7,0.048,-0.05,-0.148
396,8,0.462,0.85,0.788,0.648,0.638,0.198,0.312,0.852
397,8,0.824,1.0,0.726,0.498,0.576,0.348,0.674,1.0
398,,0.674,0.85,0.576,0.348,0.426,0.198,0.524,0.85
399,,0.524,0.7,0.426,0.198,0.276,0.048,0.374,0.7
400,,0.374,0.55,0.276,0.048,0.126,-0.102,0.224,0.55
401,6,0.312,0.4,0.214,0.198,0.488,0.898,0.586,0.7
402,6,0.25,0.25,0.152,0.348,0.85,1.0,0.948,0.85
403,,0.1,0.1,0.002,0.198,0.7,0.85,0.798,0.7
404,,-0.05,-0.05,-0.148,0.048,0.55,0.7,0.648,0.55
405,3,0.1,0.312,0.852,0.41,0.7,0.638,0.498,0.488
406,3,0.25,0.674,1.0,0.772,0.85,0.576,0.348,0.426
407,,0.1,0.524,0.85,0.622,0.7,0.426,0.198,0.276
408,,-0.05,0.374,0.7,0.472,0.55,0.276,0.048,0.126
409,1,0.95,0.736,0.85,0.41,0.4,0.214,0.198,0.488
410,1,1.0,1.0,1.0,0.348,0.25,0.152,0.348,0.85
411,,0.85,0.85,0.85,0.198,0.1,0.002,0.198,0.7
412,,0.7,0.7,0.7,0.048,-0.05,-0.148,0.048,0.55
413,6,0.638,0.55,0.638,0.198,0.312,0.852,0.41,0.7
414,6,0.576,0.4,0.576,0.348,0.674,1.0,0.772,0.85
415,,0.426,0.25,0.426,0.198,0.524,0.85,0.622,0.7
416,,0.276,0.1,0.276,0.048,0.374,0.7,0.472,0.55
417,,0.126,-0.05,0.126,-0.102,0.224,0.55,0.322,0.4
418,4,0.064,0.1,0.488,0.898,0.586,0.7,0.26,0.25
419,4,0.002,0.25,0.85,1.0,0.948,0.85,0.198,0.1
420,,-0.148,0.1,0.7,0.85,0.798,0.7,0.048,-0.05
421,1,0.852,0.462,0.85,0.788,0.648,0.638,0.198,0.312
422,1,1.0,0.824,1.0,0.726,0.498,0.576,0.348,0.674
423,,0.85,0.674,0.85,0.576,0.348,0.426,0.198,0.524
424,,0.7,0.524,0.7,0.426,0.198,0.276,0.048,0.374
425,,0.55,0.374,0.55,0.276,0.048,0.126,-0.102,0.224
426,7,0.7,0.312,0.4,0.214,0.198,0.488,0.898,0.586
427,7,0.85,0.25,0.25,0.152,0.348,0.85,1.0,0.948
428,,0.7,0.1,0.1,0.002,0.198,0.7,0.85,0.798
429,,0.55,-0.05,-0.05,-0.148,0.048,0.55,0.7,0.648
430,4,0.488,0.1,0.312,0.852,0.41,0.7,0.638,0.498
431,4,0.426,0.25,0.674,1.0,0.772,0.85,0.576,0.348
432,,0.276,0.1,0.524,0.85,0.622,0.7,0.426,0.198
433,,0.126,-0.05,0.374,0.7,0.472,0.55,0.276,0.048
434,2,0.488,0.95,0.736,0.85,0.41,0.4,0.214,0.198
435,2,0.85,1.0,1.0,1.0,0.348,0.25,0.152,0.348
436,,0.7,0.85,0.85,0.85,0.198,0.1,0.002,0.198
437,,0.55,0.7,0.7,0.7,0.048,-0.05,-0.148,0.048
438,7,0.7,0.638,0.55,0.638,0.198,0.312,0.852,0.41
439,7,0.85,0.576,0.4,0.576,0.348,0.674,1.0,0.772
440,,0.7,0.426,0.25,0.426,0.198,0.524,0.85,0.622
441,,0.55,0.276,0.1,0.276,0.048,0.374,0.7,0.472
442,,0.4,0.126,-0.05,0.126,-0.102,0.224,0.55,0.322
443,5,0.25,0.064,0.1,0.488,0.898,0.586,0.7,0.26
444,5,0.1,0.002,0.25,0.85,1.0,0.948,0.85,0.198
445,,-0.05,-0.148,0.1,0.7,0.85,0.798,0.7,0.048
446,2,0.312,0.852,0.462,0.85,0.788,0.648,0.638,0.198
447,2,0.674,1.0,0.824,1.0,0.726,0.498,0.576,0.348
448,,0.524,0.85,0.674,0.85,0.576,0.348,0.426,0.198
449,,0.374,0.7,0.524,0.7,0.426,0.198,0.276,0.048
450,,0.224,0.55,0.374,0.55,0.276,0.048,0.126,-0.102
451,8,0.586,0.7,0.312,0.4,0.214,0.198,0.488,0.898
452,8,0.948,0.85,0.25,0.25,0.152,0.348,0.85,1.0
453,,0.798,0.7,0.1,0.1,0.002,0.198,0.7,0.85
454,,0.648,0.55,-0.05,-0.05,-0.148,0.048,0.55,0.7
455,5,0.498,0.488,0.1,0.312,0.852,0.41,0.7,0.638
456,5,0.348,0.426,0.25,0.674,1.0,0.772,0.85,0.576
457,,0.198,0.276,0.1,0.524,0.85,0.622,0.7,0.426
458,,0.048,0.126,-0.05,0.374,0.7,0.472,0.55,0.276
459,3,0.198,0.488,0.95,0.736,0.85,0.41,0.4,0.214
460,3,0.348,0.85,1.0,1.0,1.0,0.348,0.25,0.152
461,,0.198,0.7,0.85,0.85,0.85,0.198,0.1,0.002
462,,0.048,0.55,0.7,0.7,0.7,0.048,-0.05,-0.148
463,8,0.41,0.7,0.638,0.55,0.638,0.198,0.312,0.852
464,8,0.772,0.85,0.576,0.4,0.576,0.348,0.674,1.0
465,,0.622,0.7,0.426,0.25,0.426,0.198,0.524,0.85
466,,0.472,0.55,0.276,0.1,0.276,0.048,0.374,0.7
467,,0.322,0.4,0.126,-0.05,0.126,-0.102,0.224,0.55
468,6,0.26,0.25,0.064,0.1,0.488,0.898,0.586,0.7
469,6,0.198,0.1,0.002,0.25,0.85,1.0,0.948,0.85
470,,0.048,-0.05,-0.148,0.1,0.7,0.85,0.798,0.7
471,3,0.198,0.312,0.852,0.462,0.85,0.788,0.648,0.638
472,3,0.348,0.674,1.0,0.824,1.0,0.726,0.498,0.576
473,,0.198,0.524,0.85,0.674,0.85,0.576,0.348,0.426
474,,0.048,0.374,0.7,0.524,0.7,0.426,0.198,0.276
475,,-0.102,0.224,0.55,0.374,0.55,0.276,0.048,0.126
476,1,0.898,0.586,0.7,0.312,0.4,0.214,0.198,0.488
477,1,1.0,0.948,0.85,0.25,0.25,0.152,0.348,0.85
478,,0.85,0.798,0.7,0.1,0.1,0.002,0.198,0.7
479,,0.7,0.648,0.55,-0.05,-0.05,-0.148,0.048,0.55
480,6,0.638,0.498,0.488,0.1,0.312,0.852,0.41,0.7
481,6,0.576,0.348,0.426,0.25,0.674,1.0,0.772,0.85
482,,0.426,0.198,0.276,0.1,0.524,0.85,0.622,0.7
483,,0.276,0.048,0.126,-0.05,0.374,0.7,0.472,0.55
484,4,0.214,0.198,0.488,0.95,0.736,0.85,0.41,0.4
485,4,0.152,0.348,0.85,1.0,1.0,1.0,0.348,0.25
486,,0.002,0.198,0.7,0.85,0.85,0.85,0.198,0.1
487,,-0.148,0.048,0.55,0.7,0.7,0.7,0.048,-0.05
488,1,0.852,0.41,0.7,0.638,0.55,0.638,0.198,0.312
489,1,1.0,0.772,0.85,0.576,0.4,0.576,0.348,0.674
490,,0.85,0.622,0.7,0.426,0.25,0.426,0.198,0.524
491,,0.7,0.472,0.55,0.276,0.1,0.276,0.048,0.374
492,,0.55,0.322,0.4,0.126,-0.05,0.126,-0.102,0.224
493,7,0.7,0.26,0.25,0.064,0.1,0.488,0.898,0.586
494,7,0.85,0.198,0.1,0.002,0.25,0.85,1.0,0.948
495,,0.7,0.048,-0.05,-0.148,0.1,0.7,0.85,0.798
496,4,0.638,0.198,0.312,0.852,0.462,0.85,0.788,0.648
497,4,0.576,0.348,0.674,1.0,0.824,1.0,0.726,0.498
498,,0.426,0.198,0.524,0.85,0.674,0.85,0.576,0.348
499,,0.276,0.048,0.374,0.7,0.524,0.7,0.426,0.198
500,,0.126,-0.102,0.224,0.55,0.374,0.55,0.276,0.048
501,2,0.488,0.898,0.586,0.7,0.312,0.4,0.214,0.198
502,2,0.85,1.0,0.948,0.85,0.25,0.25,0.152,0.348
503,,0.7,0.85,0.798,0.7,0.1,0.1,0.002,0.198
504,,0.55,0.7,0.648,0.55,-0.05,-0.05,-0.148,0.048
505,7,0.7,0.638,0.498,0.488,0.1,0.312,0.852,0.41
506,7,0.85,0.576,0.348,0.426,0.25,0.674,1.0,0.772
507,,0.7,0.426,0.198,0.276,0.1,0.524,0.85,0.622
508,,0.55,0.276,0.048,0.126,-0.05,0.374,0.7,0.472
509,5,0.4,0.214,0.198,0.488,0.95,0.736,0.85,0.41
510,5,0.25,0.152,0.348,0.85,1.0,1.0,1.0,0.348
511,,0.1,0.002,0.198,0.7,0.85,0.85,0.85,0.198
512,,-0.05,-0.148,0.048,0.55,0.7,0.7,0.7,0.048
513,2,0.312,0.852,0.41,0.7,0.638,0.55,0.638,0.198
514,2,0.674,1.0,0.772,0.85,0.576,0.4,0.576,0.348
515,,0.524,0.85,0.622,0.7,0.426,0.25,0.426,0.198
516,,0.374,0.7,0.472,0.55,0.276,0.1,0.276,0.048
517,,0.224,0.55,0.322,0.4,0.126,-0.05,0.126,-0.102
518,8,0.586,0.7,0.26,0.25,0.064,0.1,0.488,0.898
519,8,0.948,0.85,0.198,0.1,0.002,0.25,0.85,1.0
520,,0.798,0.7,0.048,-0.05,-0.148,0.1,0.7,0.85
521,5,0.648,0.638,0.198,0.312,0.852,0.462,0.85,0.788
522,5,0.498,0.576,0.348,0.674,1.0,0.824,1.0,0.726
523,,0.348,0.426,0.198,0.524,0.85,0.674,0.85,0.576
524,,0.198,0.276,0.048,0.374,0.7,0.524,0.7,0.426
525,,0.048,0.126,-0.102,0.224,0.55,0.374,0.55,0.276
526,3,0.198,0.488,0.898,0.586,0.7,0.312,0.4,0.214
527,3,0.348,0.85,1.0,0.948,0.85,0.25,0.25,0.152
528,,0.198,0.7,0.85,0.798,0.7,0.1,0.1,0.002
529,,0.048,0.55,0.7,0.648,0.55,-0.05,-0.05,-0.148
530,8,0.41,0.7,0.638,0.498,0.488,0.1,0.312,0.852
531,8,0.772,0.85,0.576,0.348,0.426,0.25,0.674,1.0
532,,0.622,0.7,0.426,0.198,0.276,0.1,0.524,0.85
533,,0.472,0.55,0.276,0.048,0.126,-0.05,0.374,0.7
534,6,0.41,0.4,0.214,0.198,0.488,0.95,0.736,0.85
535,6,0.348,0.25,0.152,0.348,0.85,1.0,1.0,1.0
536,,0.198,0.1,0.002,0.198,0.7,0.85,0.85,0.85
537,,0.048,-0.05,-0.148,0.048,0.55,0.7,0.7,0.7
538,3,0.198,0.312,0.852,0.41,0.7,0.638,0.55,0.638
539,3,0.348,0.674,1.0,0.772,0.85,0.576,0.4,0.576
540,,0.198,0.524,0.85,0.622,0.7,0.426,0.25,0.426
541,,0.048,0.374,0.7,0.472,0.55,0.276,0.1,0.276
542,,-0.102,0.224,0.55,0.322,0.4,0.126,-0.05,0.126
543,1,0.898,0.586,0.7,0.26,0.25,0.064,0.1,0.488
544,1,1.0,0.948,0.85,0.198,0.1,0.002,0.25,0.85
545,,0.85,0.798,0.7,0.048,-0.05,-0.148,0.1,0.7
546,6,0.788,0.648,0.638,0.198,0.312,0.852,0.462,0.85
547,6,0.726,0.498,0.576,0.348,0.674,1.0,0.824,1.0
548,,0.576,0.348,0.426,0.198,0.524,0.85,0.674,0.85
549,,0.426,0.198,0.276,0.048,0.374,0.7,0.524,0.7
550,,0.276,0.048,0.126,-0.102,0.224,0.55,0.374,0.55
551,4,0.214,0.198,0.488,0.898,0.586,0.7,0.312,0.4
552,4,0.152,0.348,0.85,1.0,0.948,0.85,0.25,0.25
553,,0.002,0.198,0.7,0.85,0.798,0.7,0.1,0.1
554,,-0.148,0.048,0.55,0.7,0.648,0.55,-0.05,-0.05
555,1,0.852,0.41,0.7,0.638,0.498,0.488,0.1,0.312
556,1,1.0,0.772,0.85,0.576,0.348,0.426,0.25,0.674
557,,0.85,0.622,0.7,0.426,0.198,0.276,0.1,0.524
558,,0.7,0.472,0.55,0.276,0.048,0.126,-0.05,0.374
559,7,0.85,0.41,0.4,0.214,0.198,0.488,0.95,0.736
560,7,1.0,0.348,0.25,0.152,0.348,0.85,1.0,1.0
561,,0.85,0.198,0.1,0.002,0.198,0.7,0.85,0.85
562,,0.7,0.048,-0.05,-0.148,0.048,0.55,0.7,0.7
563,4,0.638,0.198,0.312,0.852,0.41,0.7,0.638,0.55
564,4,0.576,0.348,0.674,1.0,0.772,0.85,0.576,0.4
565,,0.426,0.198,0.524,0.85,0.622,0.7,0.426,0.25
566,,0.276,0.048,0.374,0.7,0.472,0.55,0.276,0.1
567,,0.126,-0.102,0.224,0.55,0.322,0.4,0.126,-0.05
568,2,0.488,0.898,0.586,0.7,0.26,0.25,0.064,0.1
569,2,0.85,1.0,0.948,0.85,0.198,0.1,0.002,0.25
570,,0.7,0.85,0.798,0.7,0.048,-0.05,-0.148,0.1
571,7,0.85,0.788,0.648,0.638,0.198,0.312,0.852,0.462
572,7,1.0,0.726,0.498,0.576,0.348,0.674,1.0,0.824
573,,0.85,0.576,0.348,0.426,0.198,0.524,0.85,0.674
574,,0.7,0.426,0.198,0.276,0.048,0.374,0.7,0.524
575,,0.55,0.276,0.048,0.126,-0.102,0.224,0.55,0.374
576,5,0.4,0.214,0.198,0.488,0.898,0.586,0.7,0.312
577,5,0.25,0.152,0.348,0.85,1.0,0.948,0.85,0.25
578,,0.1,0.002,0.198,0.7,0.85,0.798,0.7,0.1
579,,-0.05,-0.148,0.048,0.55,0.7,0.648,0.55,-0.05
580,2,0.312,0.852,0.41,0.7,0.638,0.498,0.488,0.1
581,2,0.674,1.0,0.772,0.85,0.576,0.348,0.426,0.25
582,,0.524,0.85,0.622,0.7,0.426,0.198,0.276,0.1
583,,0.374,0.7,0.472,0.55,0.276,0.048,0.126,-0.05
584,8,0.736,0.85,0.41,0.4,0.214,0.198,0.488,0.95
585,8,1.0,1.0,0.348,0.25,0.152,0.348,0.85,1.0
586,,0.85,0.85,0.198,0.1,0.002,0.198,0.7,0.85
587,,0.7,0.7,0.048,-0.05,-0.148,0.048,0.55,0.7
588,5,0.55,0.638,0.198,0.312,0.852,0.41,0.7,0.638
589,5,0.4,0.576,0.348,0.674,1.0,0.772,0.85,0.576
590,,0.25,0.426,0.198,0.524,0.85,0.622,0.7,0.426
591,,0.1,0.276,0.048,0.374,0.7,0.472,0.55,0.276
592,,-0.05,0.126,-0.102,0.224,0.55,0.322,0.4,0.126
593,3,0.1,0.488,0.898,0.586,0.7,0.26,0.25,0.064
594,3,0.25,0.85,1.0,0.948,0.85,0.198,0.1,0.002
595,,0.1,0.7,0.85,0.798,0.7,0.048,-0.05,-0.148
596,8,0.462,0.85,0.788,0.648,0.638,0.198,0.312,0.852
597,8,0.824,1.0,0.726,0.498,0.576,0.348,0.674,1.0
598,,0.674,0.85,0.576,0.348,0.426,0.198,0.524,0.85
599,,0.524,0.7,0.426,0.198,0.276,0.048,0.374,0.7
600,,0.374,0.55,0.276,0.048,0.126,-0.102,0.224,0.55
601,6,0.312,0.4,0.214,0.198,0.488,0.898,0.586,0.7
602,6,0.25,0.25,0.152,0.348,0.85,1.0,0.948,0.85
603,,0.1,0.1,0.002,0.198,0.7,0.85,0.798,0.7
604,,-0.05,-0.05,-0.148,0.048,0.55,0.7,0.648,0.55
605,3,0.1,0.312,0.852,0.41,0.7,0.638,0.498,0.488
606,3,0.25,0.674,1.0,0.772,0.85,0.576,0.348,0.426
607,,0.1,0.524,0.85,0.622,0.7,0.426,0.198,0.276
608,,-0.05,0.374,0.7,0.472,0.55,0.276,0.048,0.126
609,1,0.95,0.736,0.85,0.41,0.4,0.214,0.198,0.488
610,1,1.0,1.0,1.0,0.348,0.25,0.152,0.348,0.85
611,,0.85,0.85,0.85,0.198,0.1,0.002,0.198,0.7
612,,0.7,0.7,0.7,0.048,-0.05,-0.148,0.048,0.55
613,6,0.638,0.55,0.638,0.198,0.312,0.852,0.41,0.7
614,6,0.576,0.4,0.576,0.348,0.674,1.0,0.772,0.85
615,,0.426,0.25,0.426,0.198,0.524,0.85,0.622,0.7
616,,0.276,0.1,0.276,0.048,0.374,0.7,0.472,0.55
617,,0.126,-0.05,0.126,-0.102,0.224,0.55,0.322,0.4
618,4,0.064,0.1,0.488,0.898,0.586,0.7,0.26,0.25
619,4,0.002,0.25,0.85,1.0,0.948,0.85,0.198,0.1
620,,-0.148,0.1,0.7,0.85,0.798,0.7,0.048,-0.05
621,1,0.852,0.462,0.85,0.788,0.648,0.638,0.198,0.312
622,1,1.0,0.824,1.0,0.726,0.498,0.576,0.348,0.674
623,,0.85,0.674,0.85,0.576,0.348,0.426,0.198,0.524
624,,0.7,0.524,0.7,0.426,0.198,0.276,0.048,0.374
625,,0.55,0.374,0.55,0.276,0.048,0.126,-0.102,0.224
626,7,0.7,0.312,0.4,0.214,0.198,0.488,0.898,0.586
627,7,0.85,0.25,0.25,0.152,0.348,0.85,1.0,0.948
628,,0.7,0.1,0.1,0.002,0.198,0.7,0.85,0.798
629,,0.55,-0.05,-0.05,-0.148,0.048,0.55,0.7,0.648
630,4,0.488,0.1,0.312,0.852,0.41,0.7,0.638,0.498
631,4,0.426,0.25,0.674,1.0,0.772,0.85,0.576,0.348
632,,0.276,0.1,0.524,0.85,0.622,0.7,0.426,0.198
633,,0.126,-0.05,0.374,0.7,0.472,0.55,0.276,0.048
634,2,0.488,0.95,0.736,0.85,0.41,0.4,0.214,0.198
635,2,0.85,1.0,1.0,1.0,0.348,0.25,0.152,0.348
636,,0.7,0.85,0.85,0.85,0.198,0.1,0.002,0.198
637,,0.55,0.7,0.7,0.7,0.048,-0.05,-0.148,0.048
638,7,0.7,0.638,0.55,0.638,0.198,0.312,0.852,0.41
639,7,0.85,0.576,0.4,0.576,0.348,0.674,1.0,0.772
640,,0.7,0.426,0.25,0.426,0.198,0.524,0.85,0.622
641,,0.55,0.276,0.1,0.276,0.048,0.374,0.7,0.472
642,,0.4,0.126,-0.05,0.126,-0.102,0.224,0.55,0.322
643,5,0.25,0.064,0.1,0.488,0.898,0.586,0.7,0.26
644,5,0.1,0.002,0.25,0.85,1.0,0.948,0.85,0.198
645,,-0.05,-0.148,0.1,0.7,0.85,0.798,0.7,0.048
646,2,0.312,0.852,0.462,0.85,0.788,0.648,0.638,0.198
647,2,0.674,1.0,0.824,1.0,0.726,0.498,0.576,0.348
648,,0.524,0.85,0.674,0.85,0.576,0.348,0.426,0.198
649,,0.374,0.7,0.524,0.7,0.426,0.198,0.276,0.048
650,,0.224,0.55,0.374,0.55,0.276,0.048,0.126,-0.102
651,8,0.586,0.7,0.312,0.4,0.214,0.198,0.488,0.898
652,8,0.948,0.85,0.25,0.25,0.152,0.348,0.85,1.0
653,,0.798,0.7,0.1,0.1,0.002,0.198,0.7,0.85
654,,0.648,0.55,-0.05,-0.05,-0.148,0.048,0.55,0.7
655,5,0.498,0.488,0.1,0.312,0.852,0.41,0.7,0.638
656,5,0.348,0.426,0.25,0.674,1.0,0.772,0.85,0.576
657,,0.198,0.276,0.1,0.524,0.85,0.622,0.7,0.426
658,,0.048,0.126,-0.05,0.374,0.7,0.472,0.55,0.276
659,3,0.198,0.488,0.95,0.736,0.85,0.41,0.4,0.214
660,3,0.348,0.85,1.0,1.0,1.0,0.348,0.25,0.152
661,,0.198,0.7,0.85,0.85,0.85,0.198,0.1,0.002
662,,0.048,0.55,0.7,0.7,0.7,0.048,-0.05,-0.148
663,8,0.41,0.7,0.638,0.55,0.638,0.198,0.312,0.852
664,8,0.772,0.85,0.576,0.4,0.576,0.348,0.674,1.0
665,,0.622,0.7,0.426,0.25,0.426,0.198,0.524,0.85
666,,0.472,0.55,0.276,0.1,0.276,0.048,0.374,0.7
667,,0.322,0.4,0.126,-0.05,0.126,-0.102,0.224,0.55
668,6,0.26,0.25,0.064,0.1,0.488,0.898,0.586,0.7
669,6,0.198,0.1,0.002,0.25,0.85,1.0,0.948,0.85
670,,0.048,-0.05,-0.148,0.1,0.7,0.85,0.798,0.7
671,3,0.198,0.312,0.852,0.462,0.85,0.788,0.648,0.638
672,3,0.348,0.674,1.0,0.824,1.0,0.726,0.498,0.576
673,,0.198,0.524,0.85,0.674,0.85,0.576,0.348,0.426
674,,0.048,0.374,0.7,0.524,0.7,0.426,0.198,0.276
675,,-0.102,0.224,0.55,0.374,0.55,0.276,0.048,0.126
676,1,0.898,0.586,0.7,0.312,0.4,0.214,0.198,0.488
677,1,1.0,0.948,0.85,0.25,0.25,0.152,0.348,0.85
678,,0.85,0.798,0.7,0.1,0.1,0.002,0.198,0.7
679,,0.7,0.648,0.55,-0.05,-0.05,-0.148,0.048,0.55
680,6,0.638,0.498,0.488,0.1,0.312,0.852,0.41,0.7
681,6,0.576,0.348,0.426,0.25,0.674,1.0,0.772,0.85
682,,0.426,0.198,0.276,0.1,0.524,0.85,0.622,0.7
683,,0.276,0.048,0.126,-0.05,0.374,0.7,0.472,0.55
684,4,0.214,0.198,0.488,0.95,0.736,0.85,0.41,0.4
685,4,0.152,0.348,0.85,1.0,1.0,1.0,0.348,0.25
686,,0.002,0.198,0.7,0.85,0.85,0.85,0.198,0.1
687,,-0.148,0.048,0.55,0.7,0.7,0.7,0.048,-0.05
688,1,0.852,0.41,0.7,0.638,0.55,0.638,0.198,0.312
689,1,1.0,0.772,0.85,0.576,0.4,0.576,0.348,0.674
690,,0.85,0.622,0.7,0.426,0.25,0.426,0.198,0.524
691,,0.7,0.472,0.55,0.276,0.1,0.276,0.048,0.374
692,,0.55,0.322,0.4,0.126,-0.05,0.126,-0.102,0.224
693,7,0.7,0.26,0.25,0.064,0.1,0.488,0.898,0.586
694,7,0.85,0.198,0.1,0.002,0.25,0.85,1.0,0.948
695,,0.7,0.048,-0.05,-0.148,0.1,0.7,0.85,0.798
696,4,0.638,0.198,0.312,0.852,0.462,0.85,0.788,0.648
697,4,0.576,0.348,0.674,1.0,0.824,1.0,0.726,0.498
698,,0.426,0.198,0.524,0.85,0.674,0.85,0.576,0.348
699,,0.276,0.048,0.374,0.7,0.524,0.7,0.426,0.198
700,,0.126,-0.102,0.224,0.55,0.374,0.55,0.276,0.048
701,2,0.488,0.898,0.586,0.7,0.312,0.4,0.214,0.198
702,2,0.85,1.0,0.948,0.85,0.25,0.25,0.152,0.348
703,,0.7,0.85,0.798,0.7,0.1,0.1,0.002,0.198
704,,0.55,0.7,0.648,0.55,-0.05,-0.05,-0.148,0.048
705,7,0.7,0.638,0.498,0.488,0.1,0.312,0.852,0.41
706,7,0.85,0.576,0.348,0.426,0.25,0.674,1.0,0.772
707,,0.7,0.426,0.198,0.276,0.1,0.524,0.85,0.622
708,,0.55,0.276,0.048,0.126,-0.05,0.374,0.7,0.472
709,5,0.4,0.214,0.198,0.488,0.95,0.736,0.85,0.41
710,5,0.25,0.152,0.348,0.85,1.0,1.0,1.0,0.348
711,,0.1,0.002,0.198,0.7,0.85,0.85,0.85,0.198
712,,-0.05,-0.148,0.048,0.55,0.7,0.7,0.7,0.048
713,2,0.312,0.852,0.41,0.7,0.638,0.55,0.638,0.198
714,2,0.674,1.0,0.772,0.85,0.576,0.4,0.576,0.348
715,,0.524,0.85,0.622,0.7,0.426,0.25,0.426,0.198
716,,0.374,0.7,0.472,0.55,0.276,0.1,0.276,0.048
717,,0.224,0.55,0.322,0.4,0.126,-0.05,0.126,-0.102
718,8,0.586,0.7,0.26,0.25,0.064,0.1,0.488,0.898
719,8,0.948,0.85,0.198,0.1,0.002,0.25,0.85,1.0
720,,0.798,0.7,0.048,-0.05,-0.148,0.1,0.7,0.85
721,5,0.648,0.638,0.198,0.312,0.852,0.462,0.85,0.788
722,5,0.498,0.576,0.348,0.674,1.0,0.824,1.0,0.726
723,,0.348,0.426,0.198,0.524,0.85,0.674,0.85,0.576
724,,0.198,0.276,0.048,0.374,0.7,0.524,0.7,0.426
725,,0.048,0.126,-0.102,0.224,0.55,0.374,0.55,0.276
726,3,0.198,0.488,0.898,0.586,0.7,0.312,0.4,0.214
727,3,0.348,0.85,1.0,0.948,0.85,0.25,0.25,0.152
728,,0.198,0.7,0.85,0.798,0.7,0.1,0.1,0.002
729,,0.048,0.55,0.7,0.648,0.55,-0.05,-0.05,-0.148
730,8,0.41,0.7,0.638,0.498,0.488,0.1,0.312,0.852
731,8,0.772,0.85,0.576,0.348,0.426,0.25,0.674,1.0
732,,0.622,0.7,0.426,0.198,0.276,0.1,0.524,0.85
733,,0.472,0.55,0.276,0.048,0.126,-0.05,0.374,0.7
734,6,0.41,0.4,0.214,0.198,0.488,0.95,0.736,0.85
735,6,0.348,0.25,0.152,0.348,0.85,1.0,1.0,1.0
736,,0.198,0.1,0.002,0.198,0.7,0.85,0.85,0.85
737,,0.048,-0.05,-0.148,0.048,0.55,0.7,0.7,0.7
738,3,0.198,0.312,0.852,0.41,0.7,0.638,0.55,0.638
739,3,0.348,0.674,1.0,0.772,0.85,0.576,0.4,0.576
740,,0.198,0.524,0.85,0.622,0.7,0.426,0.25,0.426
741,,0.048,0.374,0.7,0.472,0.55,0.276,0.1,0.276
742,,-0.102,0.224,0.55,0.322,0.4,0.126,-0.05,0.126
743,1,0.898,0.586,0.7,0.26,0.25,0.064,0.1,0.488
744,1,1.0,0.948,0.85,0.198,0.1,0.002,0.25,0.85
745,,0.85,0.798,0.7,0.048,-0.05,-0.148,0.1,0.7
746,6,0.788,0.648,0.638,0.198,0.312,0.852,0.462,0.85
747,6,0.726,0.498,0.576,0.348,0.674,1.0,0.824,1.0
748,,0.576,0.348,0.426,0.198,0.524,0.85,0.674,0.85
749,,0.426,0.198,0.276,0.048,0.374,0.7,0.524,0.7
750,,0.276,0.048,0.126,-0.102,0.224,0.55,0.374,0.55
751,4,0.214,0.198,0.488,0.898,0.586,0.7,0.312,0.4
752,4,0.152,0.348,0.85,1.0,0.948,0.85,0.25,0.25
753,,0.002,0.198,0.7,0.85,0.798,0.7,0.1,0.1
754,,-0.148,0.048,0.55,0.7,0.648,0.55,-0.05,-0.05
755,1,0.852,0.41,0.7,0.638,0.498,0.488,0.1,0.312
756,1,1.0,0.772,0.85,0.576,0.348,0.426,0.25,0.674
757,,0.85,0.622,0.7,0.426,0.198,0.276,0.1,0.524
758,,0.7,0.472,0.55,0.276,0.048,0.126,-0.05,0.374
759,7,0.85,0.41,0.4,0.214,0.198,0.488,0.95,0.736
760,7,1.0,0.348,0.25,0.152,0.348,0.85,1.0,1.0
761,,0.85,0.198,0.1,0.002,0.198,0.7,0.85,0.85
762,,0.7,0.048,-0.05,-0.148,0.048,0.55,0.7,0.7
763,4,0.638,0.198,0.312,0.852,0.41,0.7,0.638,0.55
764,4,0.576,0.348,0.674,1.0,0.772,0.85,0.576,0.4
765,,0.426,0.198,0.524,0.85,0.622,0.7,0.426,0.25
766,,0.276,0.048,0.374,0.7,0.472,0.55,0.276,0.1
767,,0.126,-0.102,0.224,0.55,0.322,0.4,0.126,-0.05
768,2,0.488,0.898,0.586,0.7,0.26,0.25,0.064,0.1
769,2,0.85,1.0,0.948,0.85,0.198,0.1,0.002,0.25
770,,0.7,0.85,0.798,0.7,0.048,-0.05,-0.148,0.1
771,7,0.85,0.788,0.648,0.638,0.198,0.312,0.852,0.462
772,7,1.0,0.726,0.498,0.576,0.348,0.674,1.0,0.824
773,,0.85,0.576,0.348,0.426,0.198,0.524,0.85,0.674
774,,0.7,0.426,0.198,0.276,0.048,0.374,0.7,0.524
775,,0.55,0.276,0.048,0.126,-0.102,0.224,0.55,0.374
776,5,0.4,0.214,0.198,0.488,0.898,0.586,0.7,0.312
777,5,0.25,0.152,0.348,0.85,1.0,0.948,0.85,0.25
778,,0.1,0.002,0.198,0.7,0.85,0.798,0.7,0.1
779,,-0.05,-0.148,0.048,0.55,0.7,0.648,0.55,-0.05
780,2,0.312,0.852,0.41,0.7,0.638,0.498,0.488,0.1
781,2,0.674,1.0,0.772,0.85,0.576,0.348,0.426,0.25
782,,0.524,0.85,0.622,0.7,0.426,0.198,0.276,0.1
783,,0.374,0.7,0.472,0.55,0.276,0.048,0.126,-0.05
784,8,0.736,0.85,0.41,0.4,0.214,0.198,0.488,0.95
785,8,1.0,1.0,0.348,0.25,0.152,0.348,0.85,1.0
786,,0.85,0.85,0.198,0.1,0.002,0.198,0.7,0.85
787,,0.7,0.7,0.048,-0.05,-0.148,0.048,0.55,0.7
788,5,0.55,0.638,0.198,0.312,0.852,0.41,0.7,0.638
789,5,0.4,0.576,0.348,0.674,1.0,0.772,0.85,0.576
790,,0.25,0.426,0.198,0.524,0.85,0.622,0.7,0.426
791,,0.1,0.276,0.048,0.374,0.7,0.472,0.55,0.276
792,,-0.05,0.126,-0.102,0.224,0.55,0.322,0.4,0.126
793,3,0.1,0.488,0.898,0.586,0.7,0.26,0.25,0.064
794,3,0.25,0.85,1.0,0.948,0.85,0.198,0.1,0.002
795,,0.1,0.7,0.85,0.798,0.7,0.048,-0.05,-0.148
796,8,0.462,0.85,0.788,0.648,0.638,0.198,0.312,0.852
797,8,0.824,1.0,0.726,0.498,0.576,0.348,0.674,1.0
798,,0.674,0.85,0.576,0.348,0.426,0.198,0.524,0.85
799,,0.524,0.7,0.426,0.198,0.276,0.048,0.374,0.7
800,,0.374,0.55,0.276,0.048,0.126,-0.102,0.224,0.55
801,6,0.312,0.4,0.214,0.198,0.488,0.898,0.586,0.7
802,6,0.25,0.25,0.152,0.348,0.85,1.0,0.948,0.85
803,,0.1,0.1,0.002,0.198,0.7,0.85,0.798,0.7
804,,-0.05,-0.05,-0.148,0.048,0.55,0.7,0.648,0.55
805,3,0.1,0.312,0.852,0.41,0.7,0.638,0.498,0.488
806,3,0.25,0.674,1.0,0.772,0.85,0.576,0.348,0.426
807,,0.1,0.524,0.85,0.622,0.7,0.426,0.198,0.276
808,,-0.05,0.374,0.7,0.472,0.55,0.276,0.048,0.126
809,1,0.95,0.736,0.85,0.41,0.4,0.214,0.198,0.488
810,1,1.0,1.0,1.0,0.348,0.25,0.152,0.348,0.85
811,,0.85,0.85,0.85,0.198,0.1,0.002,0.198,0.7
812,,0.7,0.7,0.7,0.048,-0.05,-0.148,0.048,0.55
813,6,0.638,0.55,0.638,0.198,0.312,0.852,0.41,0.7
814,6,0.576,0.4,0.576,0.348,0.674,1.0,0.772,0.85
815,,0.426,0.25,0.426,0.198,0.524,0.85,0.622,0.7
