step,active_motive,motive_1,motive_2,motive_3,motive_4,motive_5,motive_6,motive_7,motive_8
0,,0.91868,0.60061,0.94088,0.82684,0.66697,0.57719,0.34857,0.15929
1,,0.76868,0.45061,0.79088,0.67684,0.51697,0.42719,0.19857,0.00929
2,,0.61868,0.30061,0.64088,0.52684,0.36697,0.27719,0.04857,-0.14071
3,8,0.98068,0.45061,0.57888,0.37684,0.30497,0.42719,0.41057,0.85929
4,8,1.0,0.60061,0.51688,0.22684,0.24297,0.57719,0.77257,1.0
5,,0.85,0.45061,0.36688,0.07684,0.09297,0.42719,0.62257,0.85
6,,0.7,0.30061,0.21688,-0.07316,-0.05703,0.27719,0.47257,0.7
7,4,0.638,0.45061,0.57888,0.92684,0.30497,0.42719,0.41057,0.55
8,4,0.576,0.60061,0.94088,1.0,0.66697,0.57719,0.34857,0.4
9,,0.426,0.45061,0.79088,0.85,0.51697,0.42719,0.19857,0.25
10,,0.276,0.30061,0.64088,0.7,0.36697,0.27719,0.04857,0.1
11,,0.126,0.15061,0.49088,0.55,0.21697,0.12719,-0.10143,-0.05
12,7,0.276,0.08861,0.34088,0.488,0.36697,0.48919,0.89857,0.312
13,7,0.426,0.02661,0.19088,0.426,0.51697,0.85119,1.0,0.674
14,,0.276,-0.12339,0.04088,0.276,0.36697,0.70119,0.85,0.524
15,2,0.638,0.87661,0.40288,0.426,0.30497,0.55119,0.788,0.674
16,2,1.0,1.0,0.76488,0.576,0.24297,0.40119,0.726,0.824
17,,0.85,0.85,0.61488,0.426,0.09297,0.25119,0.576,0.674
18,,0.7,0.7,0.46488,0.276,-0.05703,0.10119,0.426,0.524
19,5,0.55,0.638,0.61488,0.638,0.94297,0.46319,0.576,0.462
20,5,0.4,0.576,0.76488,1.0,1.0,0.82519,0.726,0.4
21,,0.25,0.426,0.61488,0.85,0.85,0.67519,0.576,0.25
22,,0.1,0.276,0.46488,0.7,0.7,0.52519,0.426,0.1
23,,-0.05,0.126,0.31488,0.55,0.55,0.37519,0.276,-0.05
24,8,0.312,0.276,0.25288,0.4,0.488,0.52519,0.638,0.95
25,8,0.674,0.426,0.19088,0.25,0.426,0.67519,1.0,1.0
26,,0.524,0.276,0.04088,0.1,0.276,0.52519,0.85,0.85
27,,0.374,0.126,-0.10912,-0.05,0.126,0.37519,0.7,0.7
28,3,0.524,0.488,0.89088,0.312,0.276,0.31319,0.55,0.638
29,3,0.674,0.85,1.0,0.674,0.426,0.25119,0.4,0.576
30,,0.524,0.7,0.85,0.524,0.276,0.10119,0.25,0.426
31,,0.374,0.55,0.7,0.374,0.126,-0.04881,0.1,0.276
32,6,0.312,0.4,0.638,0.524,0.488,0.95119,0.462,0.426
33,6,0.25,0.25,0.576,0.674,0.85,1.0,0.824,0.576
34,,0.1,0.1,0.426,0.524,0.7,0.85,0.674,0.426
35,,-0.05,-0.05,0.276,0.374,0.55,0.7,0.524,0.276
36,2,0.312,0.95,0.638,0.524,0.488,0.55,0.462,0.426
37,2,0.674,1.0,1.0,0.674,0.426,0.4,0.4,0.576
38,,0.524,0.85,0.85,0.524,0.276,0.25,0.25,0.426
39,,0.374,0.7,0.7,0.374,0.126,0.1,0.1,0.276
40,,0.224,0.55,0.55,0.224,-0.024,-0.05,-0.05,0.126
41,6,0.162,0.4,0.488,0.374,0.338,0.95,0.312,0.276
42,6,0.1,0.25,0.426,0.524,0.7,1.0,0.674,0.426
43,,-0.05,0.1,0.276,0.374,0.55,0.85,0.524,0.276
44,1,0.95,0.462,0.426,0.312,0.4,0.788,0.674,0.638
45,1,1.0,0.824,0.576,0.25,0.25,0.726,0.824,1.0
46,,0.85,0.674,0.426,0.1,0.1,0.576,0.674,0.85
47,,0.7,0.524,0.276,-0.05,-0.05,0.426,0.524,0.7
48,4,0.638,0.674,0.638,0.95,0.312,0.576,0.462,0.55
49,4,0.576,0.824,1.0,1.0,0.674,0.726,0.4,0.4
50,,0.426,0.674,0.85,0.85,0.524,0.576,0.25,0.25
51,,0.276,0.524,0.7,0.7,0.374,0.426,0.1,0.1
52,,0.126,0.374,0.55,0.55,0.224,0.276,-0.05,-0.05
53,7,0.276,0.312,0.4,0.488,0.374,0.638,0.95,0.312
54,7,0.426,0.25,0.25,0.426,0.524,1.0,1.0,0.674
55,,0.276,0.1,0.1,0.276,0.374,0.85,0.85,0.524
56,,0.126,-0.05,-0.05,0.126,0.224,0.7,0.7,0.374
57,2,0.488,0.95,0.312,0.276,0.162,0.55,0.638,0.524
58,2,0.85,1.0,0.674,0.426,0.1,0.4,0.576,0.674
59,,0.7,0.85,0.524,0.276,-0.05,0.25,0.426,0.524
60,5,0.55,0.788,0.674,0.638,0.95,0.612,0.576,0.462
61,5,0.4,0.726,0.824,1.0,1.0,0.974,0.726,0.4
62,,0.25,0.576,0.674,0.85,0.85,0.824,0.576,0.25
63,,0.1,0.426,0.524,0.7,0.7,0.674,0.426,0.1
64,,-0.05,0.276,0.374,0.55,0.55,0.524,0.276,-0.05
65,1,0.95,0.638,0.524,0.488,0.4,0.462,0.426,0.312
66,1,1.0,1.0,0.674,0.426,0.25,0.4,0.576,0.674
67,,0.85,0.85,0.524,0.276,0.1,0.25,0.426,0.524
68,,0.7,0.7,0.374,0.126,-0.05,0.1,0.276,0.374
69,5,0.55,0.638,0.524,0.488,0.95,0.462,0.426,0.312
70,5,0.4,0.576,0.674,0.85,1.0,0.824,0.576,0.25
71,,0.25,0.426,0.524,0.7,0.85,0.674,0.426,0.1
72,,0.1,0.276,0.374,0.55,0.7,0.524,0.276,-0.05
73,8,0.462,0.426,0.312,0.4,0.638,0.674,0.638,0.95
74,8,0.824,0.576,0.25,0.25,0.576,0.824,1.0,1.0
75,,0.674,0.426,0.1,0.1,0.426,0.674,0.85,0.85
76,,0.524,0.276,-0.05,-0.05,0.276,0.524,0.7,0.7
77,4,0.462,0.426,0.312,0.95,0.638,0.674,0.638,0.55
78,4,0.4,0.576,0.674,1.0,1.0,0.824,0.576,0.4
79,,0.25,0.426,0.524,0.85,0.85,0.674,0.426,0.25
80,,0.1,0.276,0.374,0.7,0.7,0.524,0.276,0.1
81,,-0.05,0.126,0.224,0.55,0.55,0.374,0.126,-0.05
82,1,0.95,0.488,0.374,0.488,0.4,0.312,0.276,0.312
83,1,1.0,0.85,0.524,0.426,0.25,0.25,0.426,0.674
84,,0.85,0.7,0.374,0.276,0.1,0.1,0.276,0.524
85,,0.7,0.55,0.224,0.126,-0.05,-0.05,0.126,0.374
86,5,0.55,0.488,0.374,0.488,0.95,0.312,0.276,0.312
87,5,0.4,0.426,0.524,0.85,1.0,0.674,0.426,0.25
88,,0.25,0.276,0.374,0.7,0.85,0.524,0.276,0.1
89,,0.1,0.126,0.224,0.55,0.7,0.374,0.126,-0.05
90,8,0.462,0.276,0.162,0.4,0.638,0.524,0.488,0.95
91,8,0.824,0.426,0.1,0.25,0.576,0.674,0.85,1.0
92,,0.674,0.276,-0.05,0.1,0.426,0.524,0.7,0.85
93,3,0.824,0.638,0.95,0.462,0.576,0.462,0.55,0.788
94,3,0.974,1.0,1.0,0.824,0.726,0.4,0.4,0.726
95,,0.824,0.85,0.85,0.674,0.576,0.25,0.25,0.576
96,,0.674,0.7,0.7,0.524,0.426,0.1,0.1,0.426
97,,0.524,0.55,0.55,0.374,0.276,-0.05,-0.05,0.276
98,6,0.462,0.4,0.488,0.524,0.638,0.95,0.312,0.426
99,6,0.4,0.25,0.426,0.674,1.0,1.0,0.674,0.576
100,,0.25,0.1,0.276,0.524,0.85,0.85,0.524,0.426
101,,0.1,-0.05,0.126,0.374,0.7,0.7,0.374,0.276
102,2,0.462,0.95,0.488,0.524,0.638,0.55,0.312,0.426
103,2,0.824,1.0,0.85,0.674,0.576,0.4,0.25,0.576
104,,0.674,0.85,0.7,0.524,0.426,0.25,0.1,0.426
105,,0.524,0.7,0.55,0.374,0.276,0.1,-0.05,0.276
106,7,0.674,0.638,0.4,0.312,0.426,0.462,0.95,0.638
107,7,0.824,0.576,0.25,0.25,0.576,0.824,1.0,1.0
108,,0.674,0.426,0.1,0.1,0.426,0.674,0.85,0.85
109,,0.524,0.276,-0.05,-0.05,0.276,0.524,0.7,0.7
110,3,0.674,0.638,0.95,0.312,0.426,0.462,0.55,0.638
111,3,0.824,1.0,1.0,0.674,0.576,0.4,0.4,0.576
112,,0.674,0.85,0.85,0.524,0.426,0.25,0.25,0.426
113,,0.524,0.7,0.7,0.374,0.276,0.1,0.1,0.276
114,,0.374,0.55,0.55,0.224,0.126,-0.05,-0.05,0.126
115,6,0.312,0.4,0.488,0.374,0.488,0.95,0.312,0.276
116,6,0.25,0.25,0.426,0.524,0.85,1.0,0.674,0.426
117,,0.1,0.1,0.276,0.374,0.7,0.85,0.524,0.276
118,,-0.05,-0.05,0.126,0.224,0.55,0.7,0.374,0.126
119,1,0.95,0.312,0.276,0.162,0.4,0.638,0.524,0.488
120,1,1.0,0.674,0.426,0.1,0.25,0.576,0.674,0.85
121,,0.85,0.524,0.276,-0.05,0.1,0.426,0.524,0.7
122,4,0.788,0.674,0.638,0.95,0.462,0.576,0.462,0.55
123,4,0.726,0.824,1.0,1.0,0.824,0.726,0.4,0.4
124,,0.576,0.674,0.85,0.85,0.674,0.576,0.25,0.25
125,,0.426,0.524,0.7,0.7,0.524,0.426,0.1,0.1
126,,0.276,0.374,0.55,0.55,0.374,0.276,-0.05,-0.05
127,7,0.426,0.312,0.4,0.488,0.524,0.638,0.95,0.312
128,7,0.576,0.25,0.25,0.426,0.674,1.0,1.0,0.674
129,,0.426,0.1,0.1,0.276,0.524,0.85,0.85,0.524
130,,0.276,-0.05,-0.05,0.126,0.374,0.7,0.7,0.374
131,3,0.426,0.312,0.95,0.488,0.524,0.638,0.55,0.312
132,3,0.576,0.674,1.0,0.85,0.674,0.576,0.4,0.25
133,,0.426,0.524,0.85,0.7,0.524,0.426,0.25,0.1
134,,0.276,0.374,0.7,0.55,0.374,0.276,0.1,-0.05
135,8,0.638,0.524,0.638,0.4,0.312,0.426,0.462,0.95
136,8,1.0,0.674,0.576,0.25,0.25,0.576,0.824,1.0
137,,0.85,0.524,0.426,0.1,0.1,0.426,0.674,0.85
138,,0.7,0.374,0.276,-0.05,-0.05,0.276,0.524,0.7
139,5,0.55,0.312,0.426,0.312,0.95,0.638,0.674,0.638
140,5,0.4,0.25,0.576,0.674,1.0,1.0,0.824,0.576
141,,0.25,0.1,0.426,0.524,0.85,0.85,0.674,0.426
142,,0.1,-0.05,0.276,0.374,0.7,0.7,0.524,0.276
143,2,0.462,0.95,0.638,0.524,0.638,0.55,0.462,0.426
144,2,0.824,1.0,1.0,0.674,0.576,0.4,0.4,0.576
145,,0.674,0.85,0.85,0.524,0.426,0.25,0.25,0.426
146,,0.524,0.7,0.7,0.374,0.276,0.1,0.1,0.276
147,,0.374,0.55,0.55,0.224,0.126,-0.05,-0.05,0.126
148,6,0.312,0.4,0.488,0.374,0.488,0.95,0.312,0.276
149,6,0.25,0.25,0.426,0.524,0.85,1.0,0.674,0.426
150,,0.1,0.1,0.276,0.374,0.7,0.85,0.524,0.276
151,,-0.05,-0.05,0.126,0.224,0.55,0.7,0.374,0.126
152,2,0.312,0.95,0.488,0.374,0.488,0.55,0.312,0.276
153,2,0.674,1.0,0.85,0.524,0.426,0.4,0.25,0.426
154,,0.524,0.85,0.7,0.374,0.276,0.25,0.1,0.276
155,,0.374,0.7,0.55,0.224,0.126,0.1,-0.05,0.126
156,7,0.524,0.638,0.4,0.162,0.276,0.462,0.95,0.488
157,7,0.674,0.576,0.25,0.1,0.426,0.824,1.0,0.85
158,,0.524,0.426,0.1,-0.05,0.276,0.674,0.85,0.7
159,4,0.462,0.576,0.462,0.95,0.638,0.824,0.788,0.55
160,4,0.4,0.726,0.824,1.0,1.0,0.974,0.726,0.4
161,,0.25,0.576,0.674,0.85,0.85,0.824,0.576,0.25
162,,0.1,0.426,0.524,0.7,0.7,0.674,0.426,0.1
163,,-0.05,0.276,0.374,0.55,0.55,0.524,0.276,-0.05
164,8,0.312,0.426,0.312,0.4,0.488,0.674,0.638,0.95
165,8,0.674,0.576,0.25,0.25,0.426,0.824,1.0,1.0
166,,0.524,0.426,0.1,0.1,0.276,0.674,0.85,0.85
167,,0.374,0.276,-0.05,-0.05,0.126,0.524,0.7,0.7
168,4,0.312,0.426,0.312,0.95,0.488,0.674,0.638,0.55
169,4,0.25,0.576,0.674,1.0,0.85,0.824,0.576,0.4
170,,0.1,0.426,0.524,0.85,0.7,0.674,0.426,0.25
171,,-0.05,0.276,0.374,0.7,0.55,0.524,0.276,0.1
172,1,0.95,0.638,0.524,0.638,0.4,0.462,0.426,0.462
173,1,1.0,1.0,0.674,0.576,0.25,0.4,0.576,0.824
174,,0.85,0.85,0.524,0.426,0.1,0.25,0.426,0.674
175,,0.7,0.7,0.374,0.276,-0.05,0.1,0.276,0.524
176,5,0.55,0.638,0.524,0.638,0.95,0.462,0.426,0.462
177,5,0.4,0.576,0.674,1.0,1.0,0.824,0.576,0.4
178,,0.25,0.426,0.524,0.85,0.85,0.674,0.426,0.25
179,,0.1,0.276,0.374,0.7,0.7,0.524,0.276,0.1
180,,-0.05,0.126,0.224,0.55,0.55,0.374,0.126,-0.05
181,8,0.312,0.276,0.162,0.4,0.488,0.524,0.488,0.95
182,8,0.674,0.426,0.1,0.25,0.426,0.674,0.85,1.0
183,,0.524,0.276,-0.05,0.1,0.276,0.524,0.7,0.85
184,3,0.674,0.638,0.95,0.462,0.426,0.462,0.55,0.788
185,3,0.824,1.0,1.0,0.824,0.576,0.4,0.4,0.726
186,,0.674,0.85,0.85,0.674,0.426,0.25,0.25,0.576
187,,0.524,0.7,0.7,0.524,0.276,0.1,0.1,0.426
188,,0.374,0.55,0.55,0.374,0.126,-0.05,-0.05,0.276
189,6,0.312,0.4,0.488,0.524,0.488,0.95,0.312,0.426
190,6,0.25,0.25,0.426,0.674,0.85,1.0,0.674,0.576
191,,0.1,0.1,0.276,0.524,0.7,0.85,0.524,0.426
192,,-0.05,-0.05,0.126,0.374,0.55,0.7,0.374,0.276
193,2,0.312,0.95,0.488,0.524,0.488,0.55,0.312,0.426
194,2,0.674,1.0,0.85,0.674,0.426,0.4,0.25,0.576
195,,0.524,0.85,0.7,0.524,0.276,0.25,0.1,0.426
196,,0.374,0.7,0.55,0.374,0.126,0.1,-0.05,0.276
197,7,0.524,0.638,0.4,0.312,0.276,0.462,0.95,0.638
198,7,0.674,0.576,0.25,0.25,0.426,0.824,1.0,1.0
199,,0.524,0.426,0.1,0.1,0.276,0.674,0.85,0.85
200,,0.374,0.276,-0.05,-0.05,0.126,0.524,0.7,0.7
201,4,0.312,0.426,0.312,0.95,0.488,0.674,0.638,0.55
202,4,0.25,0.576,0.674,1.0,0.85,0.824,0.576,0.4
203,,0.1,0.426,0.524,0.85,0.7,0.674,0.426,0.25
204,,-0.05,0.276,0.374,0.7,0.55,0.524,0.276,0.1
205,1,0.95,0.638,0.524,0.638,0.4,0.462,0.426,0.462
206,1,1.0,1.0,0.674,0.576,0.25,0.4,0.576,0.824
207,,0.85,0.85,0.524,0.426,0.1,0.25,0.426,0.674
208,,0.7,0.7,0.374,0.276,-0.05,0.1,0.276,0.524
209,5,0.55,0.638,0.524,0.638,0.95,0.462,0.426,0.462
210,5,0.4,0.576,0.674,1.0,1.0,0.824,0.576,0.4
211,,0.25,0.426,0.524,0.85,0.85,0.674,0.426,0.25
212,,0.1,0.276,0.374,0.7,0.7,0.524,0.276,0.1
213,,-0.05,0.126,0.224,0.55,0.55,0.374,0.126,-0.05
214,8,0.312,0.276,0.162,0.4,0.488,0.524,0.488,0.95
215,8,0.674,0.426,0.1,0.25,0.426,0.674,0.85,1.0
216,,0.524,0.276,-0.05,0.1,0.276,0.524,0.7,0.85
217,3,0.674,0.638,0.95,0.462,0.426,0.462,0.55,0.788
218,3,0.824,1.0,1.0,0.824,0.576,0.4,0.4,0.726
219,,0.674,0.85,0.85,0.674,0.426,0.25,0.25,0.576
220,,0.524,0.7,0.7,0.524,0.276,0.1,0.1,0.426
221,,0.374,0.55,0.55,0.374,0.126,-0.05,-0.05,0.276
222,6,0.312,0.4,0.488,0.524,0.488,0.95,0.312,0.426
223,6,0.25,0.25,0.426,0.674,0.85,1.0,0.674,0.576
224,,0.1,0.1,0.276,0.524,0.7,0.85,0.524,0.426
225,,-0.05,-0.05,0.126,0.374,0.55,0.7,0.374,0.276
226,1,0.95,0.312,0.276,0.312,0.4,0.638,0.524,0.638
227,1,1.0,0.674,0.426,0.25,0.25,0.576,0.674,1.0
228,,0.85,0.524,0.276,0.1,0.1,0.426,0.524,0.85
229,,0.7,0.374,0.126,-0.05,-0.05,0.276,0.374,0.7
230,4,0.638,0.524,0.488,0.95,0.312,0.426,0.312,0.55
231,4,0.576,0.674,0.85,1.0,0.674,0.576,0.25,0.4
232,,0.426,0.524,0.7,0.85,0.524,0.426,0.1,0.25
233,,0.276,0.374,0.55,0.7,0.374,0.276,-0.05,0.1
234,7,0.426,0.312,0.4,0.638,0.524,0.638,0.95,0.462
235,7,0.576,0.25,0.25,0.576,0.674,1.0,1.0,0.824
236,,0.426,0.1,0.1,0.426,0.524,0.85,0.85,0.674
237,,0.276,-0.05,-0.05,0.276,0.374,0.7,0.7,0.524
238,2,0.638,0.95,0.312,0.426,0.312,0.55,0.638,0.674
239,2,1.0,1.0,0.674,0.576,0.25,0.4,0.576,0.824
240,,0.85,0.85,0.524,0.426,0.1,0.25,0.426,0.674
241,,0.7,0.7,0.374,0.276,-0.05,0.1,0.276,0.524
242,5,0.55,0.638,0.524,0.638,0.95,0.462,0.426,0.462
243,5,0.4,0.576,0.674,1.0,1.0,0.824,0.576,0.4
244,,0.25,0.426,0.524,0.85,0.85,0.674,0.426,0.25
245,,0.1,0.276,0.374,0.7,0.7,0.524,0.276,0.1
246,,-0.05,0.126,0.224,0.55,0.55,0.374,0.126,-0.05
247,1,0.95,0.488,0.374,0.488,0.4,0.312,0.276,0.312
248,1,1.0,0.85,0.524,0.426,0.25,0.25,0.426,0.674
249,,0.85,0.7,0.374,0.276,0.1,0.1,0.276,0.524
250,,0.7,0.55,0.224,0.126,-0.05,-0.05,0.126,0.374
251,5,0.55,0.488,0.374,0.488,0.95,0.312,0.276,0.312
252,5,0.4,0.426,0.524,0.85,1.0,0.674,0.426,0.25
253,,0.25,0.276,0.374,0.7,0.85,0.524,0.276,0.1
254,,0.1,0.126,0.224,0.55,0.7,0.374,0.126,-0.05
255,8,0.462,0.276,0.162,0.4,0.638,0.524,0.488,0.95
256,8,0.824,0.426,0.1,0.25,0.576,0.674,0.85,1.0
257,,0.674,0.276,-0.05,0.1,0.426,0.524,0.7,0.85
258,3,0.824,0.638,0.95,0.462,0.576,0.462,0.55,0.788
259,3,0.974,1.0,1.0,0.824,0.726,0.4,0.4,0.726
260,,0.824,0.85,0.85,0.674,0.576,0.25,0.25,0.576
261,,0.674,0.7,0.7,0.524,0.426,0.1,0.1,0.426
262,,0.524,0.55,0.55,0.374,0.276,-0.05,-0.05,0.276
263,6,0.462,0.4,0.488,0.524,0.638,0.95,0.312,0.426
264,6,0.4,0.25,0.426,0.674,1.0,1.0,0.674,0.576
265,,0.25,0.1,0.276,0.524,0.85,0.85,0.524,0.426
266,,0.1,-0.05,0.126,0.374,0.7,0.7,0.374,0.276
267,2,0.462,0.95,0.488,0.524,0.638,0.55,0.312,0.426
268,2,0.824,1.0,0.85,0.674,0.576,0.4,0.25,0.576
269,,0.674,0.85,0.7,0.524,0.426,0.25,0.1,0.426
270,,0.524,0.7,0.55,0.374,0.276,0.1,-0.05,0.276
271,7,0.674,0.638,0.4,0.312,0.426,0.462,0.95,0.638
272,7,0.824,0.576,0.25,0.25,0.576,0.824,1.0,1.0
273,,0.674,0.426,0.1,0.1,0.426,0.674,0.85,0.85
274,,0.524,0.276,-0.05,-0.05,0.276,0.524,0.7,0.7
275,4,0.462,0.426,0.312,0.95,0.638,0.674,0.638,0.55
276,4,0.4,0.576,0.674,1.0,1.0,0.824,0.576,0.4
277,,0.25,0.426,0.524,0.85,0.85,0.674,0.426,0.25
278,,0.1,0.276,0.374,0.7,0.7,0.524,0.276,0.1
279,,-0.05,0.126,0.224,0.55,0.55,0.374,0.126,-0.05
280,8,0.312,0.276,0.162,0.4,0.488,0.524,0.488,0.95
281,8,0.674,0.426,0.1,0.25,0.426,0.674,0.85,1.0
282,,0.524,0.276,-0.05,0.1,0.276,0.524,0.7,0.85
283,3,0.674,0.638,0.95,0.462,0.426,0.462,0.55,0.788
284,3,0.824,1.0,1.0,0.824,0.576,0.4,0.4,0.726
285,,0.674,0.85,0.85,0.674,0.426,0.25,0.25,0.576
286,,0.524,0.7,0.7,0.524,0.276,0.1,0.1,0.426
287,,0.374,0.55,0.55,0.374,0.126,-0.05,-0.05,0.276
288,7,0.524,0.488,0.4,0.312,0.276,0.312,0.95,0.638
289,7,0.674,0.426,0.25,0.25,0.426,0.674,1.0,1.0
290,,0.524,0.276,0.1,0.1,0.276,0.524,0.85,0.85
291,,0.374,0.126,-0.05,-0.05,0.126,0.374,0.7,0.7
292,3,0.524,0.488,0.95,0.312,0.276,0.312,0.55,0.638
293,3,0.674,0.85,1.0,0.674,0.426,0.25,0.4,0.576
294,,0.524,0.7,0.85,0.524,0.276,0.1,0.25,0.426
295,,0.374,0.55,0.7,0.374,0.126,-0.05,0.1,0.276
296,6,0.312,0.4,0.638,0.524,0.488,0.95,0.462,0.426
297,6,0.25,0.25,0.576,0.674,0.85,1.0,0.824,0.576
298,,0.1,0.1,0.426,0.524,0.7,0.85,0.674,0.426
299,,-0.05,-0.05,0.276,0.374,0.55,0.7,0.524,0.276
300,1,0.95,0.312,0.426,0.312,0.4,0.638,0.674,0.638
301,1,1.0,0.674,0.576,0.25,0.25,0.576,0.824,1.0
302,,0.85,0.524,0.426,0.1,0.1,0.426,0.674,0.85
303,,0.7,0.374,0.276,-0.05,-0.05,0.276,0.524,0.7
304,4,0.638,0.524,0.638,0.95,0.312,0.426,0.462,0.55
305,4,0.576,0.674,1.0,1.0,0.674,0.576,0.4,0.4
306,,0.426,0.524,0.85,0.85,0.524,0.426,0.25,0.25
307,,0.276,0.374,0.7,0.7,0.374,0.276,0.1,0.1
308,,0.126,0.224,0.55,0.55,0.224,0.126,-0.05,-0.05
309,7,0.276,0.162,0.4,0.488,0.374,0.488,0.95,0.312
310,7,0.426,0.1,0.25,0.426,0.524,0.85,1.0,0.674
311,,0.276,-0.05,0.1,0.276,0.374,0.7,0.85,0.524
312,2,0.638,0.95,0.462,0.426,0.312,0.55,0.788,0.674
313,2,1.0,1.0,0.824,0.576,0.25,0.4,0.726,0.824
314,,0.85,0.85,0.674,0.426,0.1,0.25,0.576,0.674
315,,0.7,0.7,0.524,0.276,-0.05,0.1,0.426,0.524
316,5,0.55,0.638,0.674,0.638,0.95,0.462,0.576,0.462
317,5,0.4,0.576,0.824,1.0,1.0,0.824,0.726,0.4
318,,0.25,0.426,0.674,0.85,0.85,0.674,0.576,0.25
319,,0.1,0.276,0.524,0.7,0.7,0.524,0.426,0.1
320,,-0.05,0.126,0.374,0.55,0.55,0.374,0.276,-0.05
321,1,0.95,0.488,0.524,0.488,0.4,0.312,0.426,0.312
322,1,1.0,0.85,0.674,0.426,0.25,0.25,0.576,0.674
323,,0.85,0.7,0.524,0.276,0.1,0.1,0.426,0.524
324,,0.7,0.55,0.374,0.126,-0.05,-0.05,0.276,0.374
325,6,0.638,0.4,0.312,0.276,0.312,0.95,0.638,0.524
326,6,0.576,0.25,0.25,0.426,0.674,1.0,1.0,0.674
327,,0.426,0.1,0.1,0.276,0.524,0.85,0.85,0.524
328,,0.276,-0.05,-0.05,0.126,0.374,0.7,0.7,0.374
329,3,0.426,0.312,0.95,0.488,0.524,0.638,0.55,0.312
330,3,0.576,0.674,1.0,0.85,0.674,0.576,0.4,0.25
331,,0.426,0.524,0.85,0.7,0.524,0.426,0.25,0.1
332,,0.276,0.374,0.7,0.55,0.374,0.276,0.1,-0.05
333,8,0.638,0.524,0.638,0.4,0.312,0.426,0.462,0.95
334,8,1.0,0.674,0.576,0.25,0.25,0.576,0.824,1.0
335,,0.85,0.524,0.426,0.1,0.1,0.426,0.674,0.85
336,,0.7,0.374,0.276,-0.05,-0.05,0.276,0.524,0.7
337,4,0.638,0.524,0.638,0.95,0.312,0.426,0.462,0.55
338,4,0.576,0.674,1.0,1.0,0.674,0.576,0.4,0.4
339,,0.426,0.524,0.85,0.85,0.524,0.426,0.25,0.25
340,,0.276,0.374,0.7,0.7,0.374,0.276,0.1,0.1
341,,0.126,0.224,0.55,0.55,0.224,0.126,-0.05,-0.05
342,7,0.276,0.162,0.4,0.488,0.374,0.488,0.95,0.312
343,7,0.426,0.1,0.25,0.426,0.524,0.85,1.0,0.674
344,,0.276,-0.05,0.1,0.276,0.374,0.7,0.85,0.524
345,2,0.638,0.95,0.462,0.426,0.312,0.55,0.788,0.674
346,2,1.0,1.0,0.824,0.576,0.25,0.4,0.726,0.824
347,,0.85,0.85,0.674,0.426,0.1,0.25,0.576,0.674
348,,0.7,0.7,0.524,0.276,-0.05,0.1,0.426,0.524
349,5,0.55,0.638,0.674,0.638,0.95,0.462,0.576,0.462
350,5,0.4,0.576,0.824,1.0,1.0,0.824,0.726,0.4
351,,0.25,0.426,0.674,0.85,0.85,0.674,0.576,0.25
352,,0.1,0.276,0.524,0.7,0.7,0.524,0.426,0.1
353,,-0.05,0.126,0.374,0.55,0.55,0.374,0.276,-0.05
354,1,0.95,0.488,0.524,0.488,0.4,0.312,0.426,0.312
355,1,1.0,0.85,0.674,0.426,0.25,0.25,0.576,0.674
356,,0.85,0.7,0.524,0.276,0.1,0.1,0.426,0.524
357,,0.7,0.55,0.374,0.126,-0.05,-0.05,0.276,0.374
358,5,0.55,0.488,0.524,0.488,0.95,0.312,0.426,0.312
359,5,0.4,0.426,0.674,0.85,1.0,0.674,0.576,0.25
360,,0.25,0.276,0.524,0.7,0.85,0.524,0.426,0.1
361,,0.1,0.126,0.374,0.55,0.7,0.374,0.276,-0.05
362,8,0.462,0.276,0.312,0.4,0.638,0.524,0.638,0.95
363,8,0.824,0.426,0.25,0.25,0.576,0.674,1.0,1.0
364,,0.674,0.276,0.1,0.1,0.426,0.524,0.85,0.85
365,,0.524,0.126,-0.05,-0.05,0.276,0.374,0.7,0.7
366,4,0.462,0.276,0.312,0.95,0.638,0.524,0.638,0.55
367,4,0.4,0.426,0.674,1.0,1.0,0.674,0.576,0.4
368,,0.25,0.276,0.524,0.85,0.85,0.524,0.426,0.25
369,,0.1,0.126,0.374,0.7,0.7,0.374,0.276,0.1
370,,-0.05,-0.024,0.224,0.55,0.55,0.224,0.126,-0.05
371,1,0.95,0.338,0.374,0.488,0.4,0.162,0.276,0.312
372,1,1.0,0.7,0.524,0.426,0.25,0.1,0.426,0.674
373,,0.85,0.55,0.374,0.276,0.1,-0.05,0.276,0.524
374,6,0.788,0.4,0.312,0.426,0.462,0.95,0.638,0.674
375,6,0.726,0.25,0.25,0.576,0.824,1.0,1.0,0.824
376,,0.576,0.1,0.1,0.426,0.674,0.85,0.85,0.674
377,,0.426,-0.05,-0.05,0.276,0.524,0.7,0.7,0.524
378,2,0.788,0.95,0.312,0.426,0.462,0.55,0.638,0.674
379,2,1.0,1.0,0.674,0.576,0.4,0.4,0.576,0.824
380,,0.85,0.85,0.524,0.426,0.25,0.25,0.426,0.674
381,,0.7,0.7,0.374,0.276,0.1,0.1,0.276,0.524
382,,0.55,0.55,0.224,0.126,-0.05,-0.05,0.126,0.374
383,5,0.4,0.488,0.374,0.488,0.95,0.312,0.276,0.312
384,5,0.25,0.426,0.524,0.85,1.0,0.674,0.426,0.25
385,,0.1,0.276,0.374,0.7,0.85,0.524,0.276,0.1
386,,-0.05,0.126,0.224,0.55,0.7,0.374,0.126,-0.05
387,1,0.95,0.488,0.374,0.488,0.55,0.312,0.276,0.312
388,1,1.0,0.85,0.524,0.426,0.4,0.25,0.426,0.674
389,,0.85,0.7,0.374,0.276,0.25,0.1,0.276,0.524
390,,0.7,0.55,0.224,0.126,0.1,-0.05,0.126,0.374
391,6,0.638,0.4,0.162,0.276,0.462,0.95,0.488,0.524
392,6,0.576,0.25,0.1,0.426,0.824,1.0,0.85,0.674
393,,0.426,0.1,-0.05,0.276,0.674,0.85,0.7,0.524
394,3,0.576,0.462,0.95,0.638,0.824,0.788,0.55,0.462
395,3,0.726,0.824,1.0,1.0,0.974,0.726,0.4,0.4
396,,0.576,0.674,0.85,0.85,0.824,0.576,0.25,0.25
397,,0.426,0.524,0.7,0.7,0.674,0.426,0.1,0.1
398,,0.276,0.374,0.55,0.55,0.524,0.276,-0.05,-0.05
399,8,0.638,0.524,0.488,0.4,0.462,0.426,0.312,0.95
400,8,1.0,0.674,0.426,0.25,0.4,0.576,0.674,1.0
401,,0.85,0.524,0.276,0.1,0.25,0.426,0.524,0.85
402,,0.7,0.374,0.126,-0.05,0.1,0.276,0.374,0.7
403,4,0.638,0.524,0.488,0.95,0.462,0.426,0.312,0.55
404,4,0.576,0.674,0.85,1.0,0.824,0.576,0.25,0.4
405,,0.426,0.524,0.7,0.85,0.674,0.426,0.1,0.25
406,,0.276,0.374,0.55,0.7,0.524,0.276,-0.05,0.1
407,7,0.426,0.312,0.4,0.638,0.674,0.638,0.95,0.462
408,7,0.576,0.25,0.25,0.576,0.824,1.0,1.0,0.824
409,,0.426,0.1,0.1,0.426,0.674,0.85,0.85,0.674
410,,0.276,-0.05,-0.05,0.276,0.524,0.7,0.7,0.524
411,2,0.638,0.95,0.312,0.426,0.462,0.55,0.638,0.674
412,2,1.0,1.0,0.674,0.576,0.4,0.4,0.576,0.824
413,,0.85,0.85,0.524,0.426,0.25,0.25,0.426,0.674
414,,0.7,0.7,0.374,0.276,0.1,0.1,0.276,0.524
415,,0.55,0.55,0.224,0.126,-0.05,-0.05,0.126,0.374
416,5,0.4,0.488,0.374,0.488,0.95,0.312,0.276,0.312
417,5,0.25,0.426,0.524,0.85,1.0,0.674,0.426,0.25
418,,0.1,0.276,0.374,0.7,0.85,0.524,0.276,0.1
419,,-0.05,0.126,0.224,0.55,0.7,0.374,0.126,-0.05
420,8,0.312,0.276,0.162,0.4,0.638,0.524,0.488,0.95
421,8,0.674,0.426,0.1,0.25,0.576,0.674,0.85,1.0
422,,0.524,0.276,-0.05,0.1,0.426,0.524,0.7,0.85
423,3,0.674,0.638,0.95,0.462,0.576,0.462,0.55,0.788
424,3,0.824,1.0,1.0,0.824,0.726,0.4,0.4,0.726
425,,0.674,0.85,0.85,0.674,0.576,0.25,0.25,0.576
426,,0.524,0.7,0.7,0.524,0.426,0.1,0.1,0.426
427,,0.374,0.55,0.55,0.374,0.276,-0.05,-0.05,0.276
428,7,0.524,0.488,0.4,0.312,0.426,0.312,0.95,0.638
429,7,0.674,0.426,0.25,0.25,0.576,0.674,1.0,1.0
430,,0.524,0.276,0.1,0.1,0.426,0.524,0.85,0.85
431,,0.374,0.126,-0.05,-0.05,0.276,0.374,0.7,0.7
432,4,0.312,0.276,0.312,0.95,0.638,0.524,0.638,0.55
433,4,0.25,0.426,0.674,1.0,1.0,0.674,0.576,0.4
434,,0.1,0.276,0.524,0.85,0.85,0.524,0.426,0.25
435,,-0.05,0.126,0.374,0.7,0.7,0.374,0.276,0.1
436,1,0.95,0.488,0.524,0.638,0.55,0.312,0.426,0.462
437,1,1.0,0.85,0.674,0.576,0.4,0.25,0.576,0.824
438,,0.85,0.7,0.524,0.426,0.25,0.1,0.426,0.674
439,,0.7,0.55,0.374,0.276,0.1,-0.05,0.276,0.524
440,6,0.638,0.4,0.312,0.426,0.462,0.95,0.638,0.674
441,6,0.576,0.25,0.25,0.576,0.824,1.0,1.0,0.824
442,,0.426,0.1,0.1,0.426,0.674,0.85,0.85,0.674
443,,0.276,-0.05,-0.05,0.276,0.524,0.7,0.7,0.524
444,2,0.638,0.95,0.312,0.426,0.462,0.55,0.638,0.674
445,2,1.0,1.0,0.674,0.576,0.4,0.4,0.576,0.824
446,,0.85,0.85,0.524,0.426,0.25,0.25,0.426,0.674
447,,0.7,0.7,0.374,0.276,0.1,0.1,0.276,0.524
448,,0.55,0.55,0.224,0.126,-0.05,-0.05,0.126,0.374
449,5,0.4,0.488,0.374,0.488,0.95,0.312,0.276,0.312
450,5,0.25,0.426,0.524,0.85,1.0,0.674,0.426,0.25
451,,0.1,0.276,0.374,0.7,0.85,0.524,0.276,0.1
452,,-0.05,0.126,0.224,0.55,0.7,0.374,0.126,-0.05
453,8,0.312,0.276,0.162,0.4,0.638,0.524,0.488,0.95
454,8,0.674,0.426,0.1,0.25,0.576,0.674,0.85,1.0
455,,0.524,0.276,-0.05,0.1,0.426,0.524,0.7,0.85
456,3,0.674,0.638,0.95,0.462,0.576,0.462,0.55,0.788
457,3,0.824,1.0,1.0,0.824,0.726,0.4,0.4,0.726
458,,0.674,0.85,0.85,0.674,0.576,0.25,0.25,0.576
459,,0.524,0.7,0.7,0.524,0.426,0.1,0.1,0.426
460,,0.374,0.55,0.55,0.374,0.276,-0.05,-0.05,0.276
461,7,0.524,0.488,0.4,0.312,0.426,0.312,0.95,0.638
462,7,0.674,0.426,0.25,0.25,0.576,0.674,1.0,1.0
463,,0.524,0.276,0.1,0.1,0.426,0.524,0.85,0.85
464,,0.374,0.126,-0.05,-0.05,0.276,0.374,0.7,0.7
465,4,0.312,0.276,0.312,0.95,0.638,0.524,0.638,0.55
466,4,0.25,0.426,0.674,1.0,1.0,0.674,0.576,0.4
467,,0.1,0.276,0.524,0.85,0.85,0.524,0.426,0.25
468,,-0.05,0.126,0.374,0.7,0.7,0.374,0.276,0.1
469,1,0.95,0.488,0.524,0.638,0.55,0.312,0.426,0.462
470,1,1.0,0.85,0.674,0.576,0.4,0.25,0.576,0.824
471,,0.85,0.7,0.524,0.426,0.25,0.1,0.426,0.674
472,,0.7,0.55,0.374,0.276,0.1,-0.05,0.276,0.524
473,6,0.638,0.4,0.312,0.426,0.462,0.95,0.638,0.674
474,6,0.576,0.25,0.25,0.576,0.824,1.0,1.0,0.824
475,,0.426,0.1,0.1,0.426,0.674,0.85,0.85,0.674
476,,0.276,-0.05,-0.05,0.276,0.524,0.7,0.7,0.524
477,3,0.426,0.312,0.95,0.638,0.674,0.638,0.55,0.462
478,3,0.576,0.674,1.0,1.0,0.824,0.576,0.4,0.4
479,,0.426,0.524,0.85,0.85,0.674,0.426,0.25,0.25
480,,0.276,0.374,0.7,0.7,0.524,0.276,0.1,0.1
481,,0.126,0.224,0.55,0.55,0.374,0.126,-0.05,-0.05
482,8,0.488,0.374,0.488,0.4,0.312,0.276,0.312,0.95
483,8,0.85,0.524,0.426,0.25,0.25,0.426,0.674,1.0
484,,0.7,0.374,0.276,0.1,0.1,0.276,0.524,0.85
485,,0.55,0.224,0.126,-0.05,-0.05,0.126,0.374,0.7
486,5,0.4,0.162,0.276,0.312,0.95,0.488,0.524,0.638
487,5,0.25,0.1,0.426,0.674,1.0,0.85,0.674,0.576
488,,0.1,-0.05,0.276,0.524,0.85,0.7,0.524,0.426
489,2,0.462,0.95,0.638,0.674,0.788,0.55,0.462,0.576
490,2,0.824,1.0,1.0,0.824,0.726,0.4,0.4,0.726
491,,0.674,0.85,0.85,0.674,0.576,0.25,0.25,0.576
492,,0.524,0.7,0.7,0.524,0.426,0.1,0.1,0.426
493,,0.374,0.55,0.55,0.374,0.276,-0.05,-0.05,0.276
494,6,0.312,0.4,0.488,0.524,0.638,0.95,0.312,0.426
495,6,0.25,0.25,0.426,0.674,1.0,1.0,0.674,0.576
496,,0.1,0.1,0.276,0.524,0.85,0.85,0.524,0.426
497,,-0.05,-0.05,0.126,0.374,0.7,0.7,0.374,0.276
498,1,0.95,0.312,0.276,0.312,0.55,0.638,0.524,0.638
499,1,1.0,0.674,0.426,0.25,0.4,0.576,0.674,1.0
500,,0.85,0.524,0.276,0.1,0.25,0.426,0.524,0.85
501,,0.7,0.374,0.126,-0.05,0.1,0.276,0.374,0.7
502,4,0.638,0.524,0.488,0.95,0.462,0.426,0.312,0.55
503,4,0.576,0.674,0.85,1.0,0.824,0.576,0.25,0.4
504,,0.426,0.524,0.7,0.85,0.674,0.426,0.1,0.25
505,,0.276,0.374,0.55,0.7,0.524,0.276,-0.05,0.1
506,7,0.426,0.312,0.4,0.638,0.674,0.638,0.95,0.462
507,7,0.576,0.25,0.25,0.576,0.824,1.0,1.0,0.824
508,,0.426,0.1,0.1,0.426,0.674,0.85,0.85,0.674
509,,0.276,-0.05,-0.05,0.276,0.524,0.7,0.7,0.524
510,2,0.638,0.95,0.312,0.426,0.462,0.55,0.638,0.674
511,2,1.0,1.0,0.674,0.576,0.4,0.4,0.576,0.824
512,,0.85,0.85,0.524,0.426,0.25,0.25,0.426,0.674
513,,0.7,0.7,0.374,0.276,0.1,0.1,0.276,0.524
514,,0.55,0.55,0.224,0.126,-0.05,-0.05,0.126,0.374
515,6,0.488,0.4,0.162,0.276,0.312,0.95,0.488,0.524
516,6,0.426,0.25,0.1,0.426,0.674,1.0,0.85,0.674
517,,0.276,0.1,-0.05,0.276,0.524,0.85,0.7,0.524
518,3,0.426,0.462,0.95,0.638,0.674,0.788,0.55,0.462
519,3,0.576,0.824,1.0,1.0,0.824,0.726,0.4,0.4
520,,0.426,0.674,0.85,0.85,0.674,0.576,0.25,0.25
521,,0.276,0.524,0.7,0.7,0.524,0.426,0.1,0.1
522,,0.126,0.374,0.55,0.55,0.374,0.276,-0.05,-0.05
523,8,0.488,0.524,0.488,0.4,0.312,0.426,0.312,0.95
524,8,0.85,0.674,0.426,0.25,0.25,0.576,0.674,1.0
525,,0.7,0.524,0.276,0.1,0.1,0.426,0.524,0.85
526,,0.55,0.374,0.126,-0.05,-0.05,0.276,0.374,0.7
527,5,0.4,0.312,0.276,0.312,0.95,0.638,0.524,0.638
528,5,0.25,0.25,0.426,0.674,1.0,1.0,0.674,0.576
529,,0.1,0.1,0.276,0.524,0.85,0.85,0.524,0.426
530,,-0.05,-0.05,0.126,0.374,0.7,0.7,0.374,0.276
531,2,0.312,0.95,0.488,0.524,0.638,0.55,0.312,0.426
532,2,0.674,1.0,0.85,0.674,0.576,0.4,0.25,0.576
533,,0.524,0.85,0.7,0.524,0.426,0.25,0.1,0.426
534,,0.374,0.7,0.55,0.374,0.276,0.1,-0.05,0.276
535,7,0.524,0.638,0.4,0.312,0.426,0.462,0.95,0.638
536,7,0.674,0.576,0.25,0.25,0.576,0.824,1.0,1.0
537,,0.524,0.426,0.1,0.1,0.426,0.674,0.85,0.85
538,,0.374,0.276,-0.05,-0.05,0.276,0.524,0.7,0.7
539,4,0.312,0.426,0.312,0.95,0.638,0.674,0.638,0.55
540,4,0.25,0.576,0.674,1.0,1.0,0.824,0.576,0.4
541,,0.1,0.426,0.524,0.85,0.85,0.674,0.426,0.25
542,,-0.05,0.276,0.374,0.7,0.7,0.524,0.276,0.1
543,1,0.95,0.638,0.524,0.638,0.55,0.462,0.426,0.462
544,1,1.0,1.0,0.674,0.576,0.4,0.4,0.576,0.824
545,,0.85,0.85,0.524,0.426,0.25,0.25,0.426,0.674
546,,0.7,0.7,0.374,0.276,0.1,0.1,0.276,0.524
547,,0.55,0.55,0.224,0.126,-0.05,-0.05,0.126,0.374
548,6,0.488,0.4,0.162,0.276,0.312,0.95,0.488,0.524
549,6,0.426,0.25,0.1,0.426,0.674,1.0,0.85,0.674
550,,0.276,0.1,-0.05,0.276,0.524,0.85,0.7,0.524
551,3,0.426,0.462,0.95,0.638,0.674,0.788,0.55,0.462
552,3,0.576,0.824,1.0,1.0,0.824,0.726,0.4,0.4
553,,0.426,0.674,0.85,0.85,0.674,0.576,0.25,0.25
554,,0.276,0.524,0.7,0.7,0.524,0.426,0.1,0.1
555,,0.126,0.374,0.55,0.55,0.374,0.276,-0.05,-0.05
556,7,0.276,0.312,0.4,0.488,0.524,0.638,0.95,0.312
557,7,0.426,0.25,0.25,0.426,0.674,1.0,1.0,0.674
558,,0.276,0.1,0.1,0.276,0.524,0.85,0.85,0.524
559,,0.126,-0.05,-0.05,0.126,0.374,0.7,0.7,0.374
560,2,0.488,0.95,0.312,0.276,0.312,0.55,0.638,0.524
561,2,0.85,1.0,0.674,0.426,0.25,0.4,0.576,0.674
562,,0.7,0.85,0.524,0.276,0.1,0.25,0.426,0.524
563,,0.55,0.7,0.374,0.126,-0.05,0.1,0.276,0.374
564,5,0.4,0.638,0.524,0.488,0.95,0.462,0.426,0.312
565,5,0.25,0.576,0.674,0.85,1.0,0.824,0.576,0.25
566,,0.1,0.426,0.524,0.7,0.85,0.674,0.426,0.1
567,,-0.05,0.276,0.374,0.55,0.7,0.524,0.276,-0.05
568,8,0.312,0.426,0.312,0.4,0.638,0.674,0.638,0.95
569,8,0.674,0.576,0.25,0.25,0.576,0.824,1.0,1.0
570,,0.524,0.426,0.1,0.1,0.426,0.674,0.85,0.85
571,,0.374,0.276,-0.05,-0.05,0.276,0.524,0.7,0.7
572,3,0.524,0.638,0.95,0.312,0.426,0.462,0.55,0.638
573,3,0.674,1.0,1.0,0.674,0.576,0.4,0.4,0.576
574,,0.524,0.85,0.85,0.524,0.426,0.25,0.25,0.426
575,,0.374,0.7,0.7,0.374,0.276,0.1,0.1,0.276
576,,0.224,0.55,0.55,0.224,0.126,-0.05,-0.05,0.126
577,7,0.374,0.488,0.4,0.162,0.276,0.312,0.95,0.488
578,7,0.524,0.426,0.25,0.1,0.426,0.674,1.0,0.85
579,,0.374,0.276,0.1,-0.05,0.276,0.524,0.85,0.7
580,4,0.312,0.426,0.462,0.95,0.638,0.674,0.788,0.55
581,4,0.25,0.576,0.824,1.0,1.0,0.824,0.726,0.4
582,,0.1,0.426,0.674,0.85,0.85,0.674,0.576,0.25
583,,-0.05,0.276,0.524,0.7,0.7,0.524,0.426,0.1
584,1,0.95,0.638,0.674,0.638,0.55,0.462,0.576,0.462
585,1,1.0,1.0,0.824,0.576,0.4,0.4,0.726,0.824
586,,0.85,0.85,0.674,0.426,0.25,0.25,0.576,0.674
587,,0.7,0.7,0.524,0.276,0.1,0.1,0.426,0.524
588,,0.55,0.55,0.374,0.126,-0.05,-0.05,0.276,0.374
589,5,0.4,0.488,0.524,0.488,0.95,0.312,0.426,0.312
590,5,0.25,0.426,0.674,0.85,1.0,0.674,0.576,0.25
591,,0.1,0.276,0.524,0.7,0.85,0.524,0.426,0.1
592,,-0.05,0.126,0.374,0.55,0.7,0.374,0.276,-0.05
593,8,0.312,0.276,0.312,0.4,0.638,0.524,0.638,0.95
594,8,0.674,0.426,0.25,0.25,0.576,0.674,1.0,1.0
595,,0.524,0.276,0.1,0.1,0.426,0.524,0.85,0.85
596,,0.374,0.126,-0.05,-0.05,0.276,0.374,0.7,0.7
597,4,0.312,0.276,0.312,0.95,0.638,0.524,0.638,0.55
598,4,0.25,0.426,0.674,1.0,1.0,0.674,0.576,0.4
599,,0.1,0.276,0.524,0.85,0.85,0.524,0.426,0.25
600,,-0.05,0.126,0.374,0.7,0.7,0.374,0.276,0.1
601,1,0.95,0.488,0.524,0.638,0.55,0.312,0.426,0.462
602,1,1.0,0.85,0.674,0.576,0.4,0.25,0.576,0.824
603,,0.85,0.7,0.524,0.426,0.25,0.1,0.426,0.674
604,,0.7,0.55,0.374,0.276,0.1,-0.05,0.276,0.524
605,6,0.638,0.4,0.312,0.426,0.462,0.95,0.638,0.674
606,6,0.576,0.25,0.25,0.576,0.824,1.0,1.0,0.824
607,,0.426,0.1,0.1,0.426,0.674,0.85,0.85,0.674
608,,0.276,-0.05,-0.05,0.276,0.524,0.7,0.7,0.524
609,2,0.638,0.95,0.312,0.426,0.462,0.55,0.638,0.674
610,2,1.0,1.0,0.674,0.576,0.4,0.4,0.576,0.824
611,,0.85,0.85,0.524,0.426,0.25,0.25,0.426,0.674
612,,0.7,0.7,0.374,0.276,0.1,0.1,0.276,0.524
613,,0.55,0.55,0.224,0.126,-0.05,-0.05,0.126,0.374
614,5,0.4,0.488,0.374,0.488,0.95,0.312,0.276,0.312
615,5,0.25,0.426,0.524,0.85,1.0,0.674,0.426,0.25
616,,0.1,0.276,0.374,0.7,0.85,0.524,0.276,0.1
617,,-0.05,0.126,0.224,0.55,0.7,0.374,0.126,-0.05
618,8,0.312,0.276,0.162,0.4,0.638,0.524,0.488,0.95
619,8,0.674,0.426,0.1,0.25,0.576,0.674,0.85,1.0
620,,0.524,0.276,-0.05,0.1,0.426,0.524,0.7,0.85
621,3,0.674,0.638,0.95,0.462,0.576,0.462,0.55,0.788
622,3,0.824,1.0,1.0,0.824,0.726,0.4,0.4,0.726
623,,0.674,0.85,0.85,0.674,0.576,0.25,0.25,0.576
624,,0.524,0.7,0.7,0.524,0.426,0.1,0.1,0.426
625,,0.374,0.55,0.55,0.374,0.276,-0.05,-0.05,0.276
626,7,0.524,0.488,0.4,0.312,0.426,0.312,0.95,0.638
627,7,0.674,0.426,0.25,0.25,0.576,0.674,1.0,1.0
628,,0.524,0.276,0.1,0.1,0.426,0.524,0.85,0.85
629,,0.374,0.126,-0.05,-0.05,0.276,0.374,0.7,0.7
630,3,0.524,0.488,0.95,0.312,0.426,0.312,0.55,0.638
631,3,0.674,0.85,1.0,0.674,0.576,0.25,0.4,0.576
632,,0.524,0.7,0.85,0.524,0.426,0.1,0.25,0.426
633,,0.374,0.55,0.7,0.374,0.276,-0.05,0.1,0.276
634,6,0.312,0.4,0.638,0.524,0.638,0.95,0.462,0.426
635,6,0.25,0.25,0.576,0.674,1.0,1.0,0.824,0.576
636,,0.1,0.1,0.426,0.524,0.85,0.85,0.674,0.426
637,,-0.05,-0.05,0.276,0.374,0.7,0.7,0.524,0.276
638,1,0.95,0.312,0.426,0.312,0.55,0.638,0.674,0.638
639,1,1.0,0.674,0.576,0.25,0.4,0.576,0.824,1.0
640,,0.85,0.524,0.426,0.1,0.25,0.426,0.674,0.85
641,,0.7,0.374,0.276,-0.05,0.1,0.276,0.524,0.7
642,4,0.638,0.524,0.638,0.95,0.462,0.426,0.462,0.55
643,4,0.576,0.674,1.0,1.0,0.824,0.576,0.4,0.4
644,,0.426,0.524,0.85,0.85,0.674,0.426,0.25,0.25
645,,0.276,0.374,0.7,0.7,0.524,0.276,0.1,0.1
646,,0.126,0.224,0.55,0.55,0.374,0.126,-0.05,-0.05
647,8,0.488,0.374,0.488,0.4,0.312,0.276,0.312,0.95
648,8,0.85,0.524,0.426,0.25,0.25,0.426,0.674,1.0
649,,0.7,0.374,0.276,0.1,0.1,0.276,0.524,0.85
650,,0.55,0.224,0.126,-0.05,-0.05,0.126,0.374,0.7
651,4,0.488,0.374,0.488,0.95,0.312,0.276,0.312,0.55
652,4,0.426,0.524,0.85,1.0,0.674,0.426,0.25,0.4
653,,0.276,0.374,0.7,0.85,0.524,0.276,0.1,0.25
654,,0.126,0.224,0.55,0.7,0.374,0.126,-0.05,0.1
655,7,0.276,0.162,0.4,0.638,0.524,0.488,0.95,0.462
656,7,0.426,0.1,0.25,0.576,0.674,0.85,1.0,0.824
657,,0.276,-0.05,0.1,0.426,0.524,0.7,0.85,0.674
658,2,0.638,0.95,0.462,0.576,0.462,0.55,0.788,0.824
659,2,1.0,1.0,0.824,0.726,0.4,0.4,0.726,0.974
660,,0.85,0.85,0.674,0.576,0.25,0.25,0.576,0.824
661,,0.7,0.7,0.524,0.426,0.1,0.1,0.426,0.674
662,,0.55,0.55,0.374,0.276,-0.05,-0.05,0.276,0.524
663,6,0.488,0.4,0.312,0.426,0.312,0.95,0.638,0.674
664,6,0.426,0.25,0.25,0.576,0.674,1.0,1.0,0.824
665,,0.276,0.1,0.1,0.426,0.524,0.85,0.85,0.674
666,,0.126,-0.05,-0.05,0.276,0.374,0.7,0.7,0.524
667,3,0.276,0.312,0.95,0.638,0.524,0.638,0.55,0.462
668,3,0.426,0.674,1.0,1.0,0.674,0.576,0.4,0.4
669,,0.276,0.524,0.85,0.85,0.524,0.426,0.25,0.25
670,,0.126,0.374,0.7,0.7,0.374,0.276,0.1,0.1
671,,-0.024,0.224,0.55,0.55,0.224,0.126,-0.05,-0.05
672,8,0.338,0.374,0.488,0.4,0.162,0.276,0.312,0.95
673,8,0.7,0.524,0.426,0.25,0.1,0.426,0.674,1.0
674,,0.55,0.374,0.276,0.1,-0.05,0.276,0.524,0.85
675,5,0.4,0.312,0.426,0.462,0.95,0.638,0.674,0.788
676,5,0.25,0.25,0.576,0.824,1.0,1.0,0.824,0.726
677,,0.1,0.1,0.426,0.674,0.85,0.85,0.674,0.576
678,,-0.05,-0.05,0.276,0.524,0.7,0.7,0.524,0.426
679,2,0.312,0.95,0.638,0.674,0.638,0.55,0.462,0.576
680,2,0.674,1.0,1.0,0.824,0.576,0.4,0.4,0.726
681,,0.524,0.85,0.85,0.674,0.426,0.25,0.25,0.576
682,,0.374,0.7,0.7,0.524,0.276,0.1,0.1,0.426
683,,0.224,0.55,0.55,0.374,0.126,-0.05,-0.05,0.276
684,6,0.162,0.4,0.488,0.524,0.488,0.95,0.312,0.426
685,6,0.1,0.25,0.426,0.674,0.85,1.0,0.674,0.576
686,,-0.05,0.1,0.276,0.524,0.7,0.85,0.524,0.426
687,1,0.95,0.462,0.426,0.462,0.55,0.788,0.674,0.788
688,1,1.0,0.824,0.576,0.4,0.4,0.726,0.824,1.0
689,,0.85,0.674,0.426,0.25,0.25,0.576,0.674,0.85
690,,0.7,0.524,0.276,0.1,0.1,0.426,0.524,0.7
691,,0.55,0.374,0.126,-0.05,-0.05,0.276,0.374,0.55
692,4,0.488,0.524,0.488,0.95,0.312,0.426,0.312,0.4
693,4,0.426,0.674,0.85,1.0,0.674,0.576,0.25,0.25
694,,0.276,0.524,0.7,0.85,0.524,0.426,0.1,0.1
695,,0.126,0.374,0.55,0.7,0.374,0.276,-0.05,-0.05
696,7,0.276,0.312,0.4,0.638,0.524,0.638,0.95,0.312
697,7,0.426,0.25,0.25,0.576,0.674,1.0,1.0,0.674
698,,0.276,0.1,0.1,0.426,0.524,0.85,0.85,0.524
699,,0.126,-0.05,-0.05,0.276,0.374,0.7,0.7,0.374
700,2,0.488,0.95,0.312,0.426,0.312,0.55,0.638,0.524
701,2,0.85,1.0,0.674,0.576,0.25,0.4,0.576,0.674
702,,0.7,0.85,0.524,0.426,0.1,0.25,0.426,0.524
703,,0.55,0.7,0.374,0.276,-0.05,0.1,0.276,0.374
704,5,0.4,0.638,0.524,0.638,0.95,0.462,0.426,0.312
705,5,0.25,0.576,0.674,1.0,1.0,0.824,0.576,0.25
706,,0.1,0.426,0.524,0.85,0.85,0.674,0.426,0.1
707,,-0.05,0.276,0.374,0.7,0.7,0.524,0.276,-0.05
708,1,0.95,0.638,0.524,0.638,0.55,0.462,0.426,0.312
709,1,1.0,1.0,0.674,0.576,0.4,0.4,0.576,0.674
710,,0.85,0.85,0.524,0.426,0.25,0.25,0.426,0.524
711,,0.7,0.7,0.374,0.276,0.1,0.1,0.276,0.374
712,,0.55,0.55,0.224,0.126,-0.05,-0.05,0.126,0.224
713,5,0.4,0.488,0.374,0.488,0.95,0.312,0.276,0.162
714,5,0.25,0.426,0.524,0.85,1.0,0.674,0.426,0.1
715,,0.1,0.276,0.374,0.7,0.85,0.524,0.276,-0.05
716,8,0.462,0.426,0.312,0.55,0.788,0.674,0.638,0.95
717,8,0.824,0.576,0.25,0.4,0.726,0.824,1.0,1.0
718,,0.674,0.426,0.1,0.25,0.576,0.674,0.85,0.85
719,,0.524,0.276,-0.05,0.1,0.426,0.524,0.7,0.7
720,3,0.674,0.638,0.95,0.462,0.576,0.462,0.55,0.638
721,3,0.824,1.0,1.0,0.824,0.726,0.4,0.4,0.576
722,,0.674,0.85,0.85,0.674,0.576,0.25,0.25,0.426
723,,0.524,0.7,0.7,0.524,0.426,0.1,0.1,0.276
724,,0.374,0.55,0.55,0.374,0.276,-0.05,-0.05,0.126
725,6,0.312,0.4,0.488,0.524,0.638,0.95,0.312,0.276
726,6,0.25,0.25,0.426,0.674,1.0,1.0,0.674,0.426
727,,0.1,0.1,0.276,0.524,0.85,0.85,0.524,0.276
728,,-0.05,-0.05,0.126,0.374,0.7,0.7,0.374,0.126
729,2,0.312,0.95,0.488,0.524,0.638,0.55,0.312,0.276
730,2,0.674,1.0,0.85,0.674,0.576,0.4,0.25,0.426
731,,0.524,0.85,0.7,0.524,0.426,0.25,0.1,0.276
732,,0.374,0.7,0.55,0.374,0.276,0.1,-0.05,0.126
733,7,0.524,0.638,0.4,0.312,0.426,0.462,0.95,0.488
734,7,0.674,0.576,0.25,0.25,0.576,0.824,1.0,0.85
735,,0.524,0.426,0.1,0.1,0.426,0.674,0.85,0.7
736,,0.374,0.276,-0.05,-0.05,0.276,0.524,0.7,0.55
737,3,0.524,0.638,0.95,0.312,0.426,0.462,0.55,0.488
738,3,0.674,1.0,1.0,0.674,0.576,0.4,0.4,0.426
739,,0.524,0.85,0.85,0.524,0.426,0.25,0.25,0.276
740,,0.374,0.7,0.7,0.374,0.276,0.1,0.1,0.126
741,,0.224,0.55,0.55,0.224,0.126,-0.05,-0.05,-0.024
742,6,0.162,0.4,0.488,0.374,0.488,0.95,0.312,0.126
743,6,0.1,0.25,0.426,0.524,0.85,1.0,0.674,0.276
744,,-0.05,0.1,0.276,0.374,0.7,0.85,0.524,0.126
745,1,0.95,0.462,0.426,0.312,0.55,0.788,0.674,0.488
746,1,1.0,0.824,0.576,0.25,0.4,0.726,0.824,0.85
747,,0.85,0.674,0.426,0.1,0.25,0.576,0.674,0.7
748,,0.7,0.524,0.276,-0.05,0.1,0.426,0.524,0.55
749,4,0.638,0.674,0.638,0.95,0.462,0.576,0.462,0.4
750,4,0.576,0.824,1.0,1.0,0.824,0.726,0.4,0.25
751,,0.426,0.674,0.85,0.85,0.674,0.576,0.25,0.1
752,,0.276,0.524,0.7,0.7,0.524,0.426,0.1,-0.05
753,8,0.638,0.674,0.638,0.55,0.462,0.576,0.462,0.95
754,8,1.0,0.824,0.576,0.4,0.4,0.726,0.824,1.0
755,,0.85,0.674,0.426,0.25,0.25,0.576,0.674,0.85
756,,0.7,0.524,0.276,0.1,0.1,0.426,0.524,0.7
757,,0.55,0.374,0.126,-0.05,-0.05,0.276,0.374,0.55
758,5,0.4,0.312,0.276,0.312,0.95,0.638,0.524,0.488
759,5,0.25,0.25,0.426,0.674,1.0,1.0,0.674,0.426
760,,0.1,0.1,0.276,0.524,0.85,0.85,0.524,0.276
761,,-0.05,-0.05,0.126,0.374,0.7,0.7,0.374,0.126
762,1,0.95,0.312,0.276,0.312,0.55,0.638,0.524,0.488
763,1,1.0,0.674,0.426,0.25,0.4,0.576,0.674,0.85
764,,0.85,0.524,0.276,0.1,0.25,0.426,0.524,0.7
765,,0.7,0.374,0.126,-0.05,0.1,0.276,0.374,0.55
766,4,0.638,0.524,0.488,0.95,0.462,0.426,0.312,0.4
767,4,0.576,0.674,0.85,1.0,0.824,0.576,0.25,0.25
768,,0.426,0.524,0.7,0.85,0.674,0.426,0.1,0.1
769,,0.276,0.374,0.55,0.7,0.524,0.276,-0.05,-0.05
770,7,0.426,0.312,0.4,0.638,0.674,0.638,0.95,0.312
771,7,0.576,0.25,0.25,0.576,0.824,1.0,1.0,0.674
772,,0.426,0.1,0.1,0.426,0.674,0.85,0.85,0.524
773,,0.276,-0.05,-0.05,0.276,0.524,0.7,0.7,0.374
774,3,0.426,0.312,0.95,0.638,0.674,0.638,0.55,0.312
775,3,0.576,0.674,1.0,1.0,0.824,0.576,0.4,0.25
776,,0.426,0.524,0.85,0.85,0.674,0.426,0.25,0.1
777,,0.276,0.374,0.7,0.7,0.524,0.276,0.1,-0.05
778,8,0.638,0.524,0.638,0.55,0.462,0.426,0.462,0.95
779,8,1.0,0.674,0.576,0.4,0.4,0.576,0.824,1.0
780,,0.85,0.524,0.426,0.25,0.25,0.426,0.674,0.85
781,,0.7,0.374,0.276,0.1,0.1,0.276,0.524,0.7
782,,0.55,0.224,0.126,-0.05,-0.05,0.126,0.374,0.55
783,4,0.488,0.374,0.488,0.95,0.312,0.276,0.312,0.4
784,4,0.426,0.524,0.85,1.0,0.674,0.426,0.25,0.25
785,,0.276,0.374,0.7,0.85,0.524,0.276,0.1,0.1
786,,0.126,0.224,0.55,0.7,0.374,0.126,-0.05,-0.05
787,7,0.276,0.162,0.4,0.638,0.524,0.488,0.95,0.312
788,7,0.426,0.1,0.25,0.576,0.674,0.85,1.0,0.674
789,,0.276,-0.05,0.1,0.426,0.524,0.7,0.85,0.524
790,2,0.638,0.95,0.462,0.576,0.462,0.55,0.788,0.674
791,2,1.0,1.0,0.824,0.726,0.4,0.4,0.726,0.824
792,,0.85,0.85,0.674,0.576,0.25,0.25,0.576,0.674
793,,0.7,0.7,0.524,0.426,0.1,0.1,0.426,0.524
794,,0.55,0.55,0.374,0.276,-0.05,-0.05,0.276,0.374
795,5,0.4,0.488,0.524,0.638,0.95,0.312,0.426,0.312
796,5,0.25,0.426,0.674,1.0,1.0,0.674,0.576,0.25
797,,0.1,0.276,0.524,0.85,0.85,0.524,0.426,0.1
798,,-0.05,0.126,0.374,0.7,0.7,0.374,0.276,-0.05
799,8,0.312,0.276,0.312,0.55,0.638,0.524,0.638,0.95
800,8,0.674,0.426,0.25,0.4,0.576,0.674,1.0,1.0
801,,0.524,0.276,0.1,0.25,0.426,0.524,0.85,0.85
802,,0.374,0.126,-0.05,0.1,0.276,0.374,0.7,0.7
803,3,0.524,0.488,0.95,0.462,0.426,0.312,0.55,0.638
804,3,0.674,0.85,1.0,0.824,0.576,0.25,0.4,0.576
805,,0.524,0.7,0.85,0.674,0.426,0.1,0.25,0.426
806,,0.374,0.55,0.7,0.524,0.276,-0.05,0.1,0.276
807,6,0.312,0.4,0.638,0.674,0.638,0.95,0.462,0.426
808,6,0.25,0.25,0.576,0.824,1.0,1.0,0.824,0.576
809,,0.1,0.1,0.426,0.674,0.85,0.85,0.674,0.426
810,,-0.05,-0.05,0.276,0.524,0.7,0.7,0.524,0.276
811,1,0.95,0.312,0.426,0.462,0.55,0.638,0.674,0.638
812,1,1.0,0.674,0.576,0.4,0.4,0.576,0.824,1.0
813,,0.85,0.524,0.426,0.25,0.25,0.426,0.674,0.85
