step,active_motive,motive_1,motive_2,motive_3,motive_4,motive_5,motive_6,motive_7,motive_8
0,,0.96265,0.83598,0.69597,0.40895,0.17329,0.15644,0.25024,0.54923
1,,0.81265,0.68598,0.54597,0.25895,0.02329,0.00644,0.10024,0.39923
2,,0.66265,0.53598,0.39597,0.10895,-0.12671,-0.14356,-0.04976,0.24923
3,6,0.60065,0.38598,0.33397,0.25895,0.23529,0.85644,0.31224,0.39923
4,6,0.53865,0.23598,0.27197,0.40895,0.59729,1.0,0.67424,0.54923
5,,0.38865,0.08598,0.12197,0.25895,0.44729,0.85,0.52424,0.39923
6,,0.23865,-0.06402,-0.02803,0.10895,0.29729,0.7,0.37424,0.24923
7,2,0.60065,0.93598,0.33397,0.25895,0.23529,0.55,0.31224,0.39923
8,2,0.96265,1.0,0.69597,0.40895,0.17329,0.4,0.25024,0.54923
9,,0.81265,0.85,0.54597,0.25895,0.02329,0.25,0.10024,0.39923
10,,0.66265,0.7,0.39597,0.10895,-0.12671,0.1,-0.04976,0.24923
11,5,0.51265,0.638,0.54597,0.47095,0.87329,0.462,0.10024,0.18723
12,5,0.36265,0.576,0.69597,0.83295,1.0,0.824,0.25024,0.12523
13,,0.21265,0.426,0.54597,0.68295,0.85,0.674,0.10024,-0.02477
14,8,0.57465,0.576,0.48397,0.53295,0.788,0.824,0.46224,0.97523
15,8,0.93665,0.726,0.42197,0.38295,0.726,0.974,0.82424,1.0
16,,0.78665,0.576,0.27197,0.23295,0.576,0.824,0.67424,0.85
17,,0.63665,0.426,0.12197,0.08295,0.426,0.674,0.52424,0.7
18,,0.48665,0.276,-0.02803,-0.06705,0.276,0.524,0.37424,0.55
19,4,0.42465,0.426,0.33397,0.93295,0.638,0.674,0.31224,0.4
20,4,0.36265,0.576,0.69597,1.0,1.0,0.824,0.25024,0.25
21,,0.21265,0.426,0.54597,0.85,0.85,0.674,0.10024,0.1
22,,0.06265,0.276,0.39597,0.7,0.7,0.524,-0.04976,-0.05
23,8,0.42465,0.426,0.33397,0.55,0.638,0.674,0.31224,0.95
24,8,0.78665,0.576,0.27197,0.4,0.576,0.824,0.67424,1.0
25,,0.63665,0.426,0.12197,0.25,0.426,0.674,0.52424,0.85
26,,0.48665,0.276,-0.02803,0.1,0.276,0.524,0.37424,0.7
27,3,0.63665,0.638,0.97197,0.462,0.426,0.462,0.22424,0.638
28,3,0.78665,1.0,1.0,0.824,0.576,0.4,0.07424,0.576
29,,0.63665,0.85,0.85,0.674,0.426,0.25,-0.07576,0.426
30,7,0.78665,0.788,0.7,0.612,0.576,0.612,0.92424,0.788
31,7,0.93665,0.726,0.55,0.55,0.726,0.974,1.0,1.0
32,,0.78665,0.576,0.4,0.4,0.576,0.824,0.85,0.85
33,,0.63665,0.426,0.25,0.25,0.426,0.674,0.7,0.7
34,,0.48665,0.276,0.1,0.1,0.276,0.524,0.55,0.55
35,,0.33665,0.126,-0.05,-0.05,0.126,0.374,0.4,0.4
36,4,0.27465,0.276,0.312,0.95,0.488,0.524,0.338,0.25
37,4,0.21265,0.426,0.674,1.0,0.85,0.674,0.276,0.1
38,,0.06265,0.276,0.524,0.85,0.7,0.524,0.126,-0.05
39,8,0.42465,0.426,0.462,0.7,0.638,0.674,0.488,0.95
40,8,0.78665,0.576,0.4,0.55,0.576,0.824,0.85,1.0
41,,0.63665,0.426,0.25,0.4,0.426,0.674,0.7,0.85
42,,0.48665,0.276,0.1,0.25,0.276,0.524,0.55,0.7
43,,0.33665,0.126,-0.05,0.1,0.126,0.374,0.4,0.55
44,3,0.48665,0.488,0.95,0.462,0.276,0.312,0.25,0.488
45,3,0.63665,0.85,1.0,0.824,0.426,0.25,0.1,0.426
46,,0.48665,0.7,0.85,0.674,0.276,0.1,-0.05,0.276
47,7,0.63665,0.638,0.7,0.612,0.426,0.462,0.95,0.638
48,7,0.78665,0.576,0.55,0.55,0.576,0.824,1.0,1.0
49,,0.63665,0.426,0.4,0.4,0.426,0.674,0.85,0.85
50,,0.48665,0.276,0.25,0.25,0.276,0.524,0.7,0.7
51,,0.33665,0.126,0.1,0.1,0.126,0.374,0.55,0.55
52,,0.18665,-0.024,-0.05,-0.05,-0.024,0.224,0.4,0.4
53,3,0.33665,0.338,0.95,0.312,0.126,0.162,0.25,0.338
54,3,0.48665,0.7,1.0,0.674,0.276,0.1,0.1,0.276
55,,0.33665,0.55,0.85,0.524,0.126,-0.05,-0.05,0.126
56,7,0.48665,0.488,0.7,0.462,0.276,0.312,0.95,0.488
57,7,0.63665,0.426,0.55,0.4,0.426,0.674,1.0,0.85
58,,0.48665,0.276,0.4,0.25,0.276,0.524,0.85,0.7
59,,0.33665,0.126,0.25,0.1,0.126,0.374,0.7,0.55
60,,0.18665,-0.024,0.1,-0.05,-0.024,0.224,0.55,0.4
61,4,0.12465,0.126,0.462,0.95,0.338,0.374,0.488,0.25
62,4,0.06265,0.276,0.824,1.0,0.7,0.524,0.426,0.1
63,,-0.08735,0.126,0.674,0.85,0.55,0.374,0.276,-0.05
64,1,0.91265,0.488,0.824,0.788,0.4,0.312,0.426,0.312
65,1,1.0,0.85,0.974,0.726,0.25,0.25,0.576,0.674
66,,0.85,0.7,0.824,0.576,0.1,0.1,0.426,0.524
67,,0.7,0.55,0.674,0.426,-0.05,-0.05,0.276,0.374
68,5,0.55,0.488,0.824,0.788,0.95,0.312,0.426,0.312
69,5,0.4,0.426,0.974,1.0,1.0,0.674,0.576,0.25
70,,0.25,0.276,0.824,0.85,0.85,0.524,0.426,0.1
71,,0.1,0.126,0.674,0.7,0.7,0.374,0.276,-0.05
72,8,0.462,0.276,0.612,0.55,0.638,0.524,0.638,0.95
73,8,0.824,0.426,0.55,0.4,0.576,0.674,1.0,1.0
74,,0.674,0.276,0.4,0.25,0.426,0.524,0.85,0.85
75,,0.524,0.126,0.25,0.1,0.276,0.374,0.7,0.7
76,,0.374,-0.024,0.1,-0.05,0.126,0.224,0.55,0.55
77,4,0.312,0.126,0.462,0.95,0.488,0.374,0.488,0.4
78,4,0.25,0.276,0.824,1.0,0.85,0.524,0.426,0.25
79,,0.1,0.126,0.674,0.85,0.7,0.374,0.276,0.1
80,,-0.05,-0.024,0.524,0.7,0.55,0.224,0.126,-0.05
81,1,0.95,0.338,0.674,0.638,0.4,0.162,0.276,0.312
82,1,1.0,0.7,0.824,0.576,0.25,0.1,0.426,0.674
83,,0.85,0.55,0.674,0.426,0.1,-0.05,0.276,0.524
84,6,0.788,0.4,0.612,0.576,0.462,0.95,0.638,0.674
85,6,0.726,0.25,0.55,0.726,0.824,1.0,1.0,0.824
86,,0.576,0.1,0.4,0.576,0.674,0.85,0.85,0.674
87,,0.426,-0.05,0.25,0.426,0.524,0.7,0.7,0.524
88,2,0.788,0.95,0.612,0.576,0.462,0.55,0.638,0.674
89,2,1.0,1.0,0.974,0.726,0.4,0.4,0.576,0.824
90,,0.85,0.85,0.824,0.576,0.25,0.25,0.426,0.674
91,,0.7,0.7,0.674,0.426,0.1,0.1,0.276,0.524
92,,0.55,0.55,0.524,0.276,-0.05,-0.05,0.126,0.374
93,5,0.4,0.488,0.674,0.638,0.95,0.312,0.276,0.312
94,5,0.25,0.426,0.824,1.0,1.0,0.674,0.426,0.25
95,,0.1,0.276,0.674,0.85,0.85,0.524,0.276,0.1
96,,-0.05,0.126,0.524,0.7,0.7,0.374,0.126,-0.05
97,8,0.312,0.276,0.462,0.55,0.638,0.524,0.488,0.95
98,8,0.674,0.426,0.4,0.4,0.576,0.674,0.85,1.0
99,,0.524,0.276,0.25,0.25,0.426,0.524,0.7,0.85
100,,0.374,0.126,0.1,0.1,0.276,0.374,0.55,0.7
101,,0.224,-0.024,-0.05,-0.05,0.126,0.224,0.4,0.55
102,3,0.374,0.338,0.95,0.312,0.276,0.162,0.25,0.488
103,3,0.524,0.7,1.0,0.674,0.426,0.1,0.1,0.426
104,,0.374,0.55,0.85,0.524,0.276,-0.05,-0.05,0.276
105,6,0.312,0.4,0.788,0.674,0.638,0.95,0.312,0.426
106,6,0.25,0.25,0.726,0.824,1.0,1.0,0.674,0.576
107,,0.1,0.1,0.576,0.674,0.85,0.85,0.524,0.426
108,,-0.05,-0.05,0.426,0.524,0.7,0.7,0.374,0.276
109,2,0.312,0.95,0.788,0.674,0.638,0.55,0.312,0.426
110,2,0.674,1.0,1.0,0.824,0.576,0.4,0.25,0.576
111,,0.524,0.85,0.85,0.674,0.426,0.25,0.1,0.426
112,,0.374,0.7,0.7,0.524,0.276,0.1,-0.05,0.276
113,7,0.524,0.638,0.55,0.462,0.426,0.462,0.95,0.638
114,7,0.674,0.576,0.4,0.4,0.576,0.824,1.0,1.0
115,,0.524,0.426,0.25,0.25,0.426,0.674,0.85,0.85
116,,0.374,0.276,0.1,0.1,0.276,0.524,0.7,0.7
117,,0.224,0.126,-0.05,-0.05,0.126,0.374,0.55,0.55
118,3,0.374,0.488,0.95,0.312,0.276,0.312,0.4,0.488
119,3,0.524,0.85,1.0,0.674,0.426,0.25,0.25,0.426
120,,0.374,0.7,0.85,0.524,0.276,0.1,0.1,0.276
121,,0.224,0.55,0.7,0.374,0.126,-0.05,-0.05,0.126
122,6,0.162,0.4,0.638,0.524,0.488,0.95,0.312,0.276
123,6,0.1,0.25,0.576,0.674,0.85,1.0,0.674,0.426
124,,-0.05,0.1,0.426,0.524,0.7,0.85,0.524,0.276
125,1,0.95,0.462,0.576,0.462,0.55,0.788,0.674,0.638
126,1,1.0,0.824,0.726,0.4,0.4,0.726,0.824,1.0
127,,0.85,0.674,0.576,0.25,0.25,0.576,0.674,0.85
128,,0.7,0.524,0.426,0.1,0.1,0.426,0.524,0.7
129,,0.55,0.374,0.276,-0.05,-0.05,0.276,0.374,0.55
130,5,0.4,0.312,0.426,0.312,0.95,0.638,0.524,0.488
131,5,0.25,0.25,0.576,0.674,1.0,1.0,0.674,0.426
132,,0.1,0.1,0.426,0.524,0.85,0.85,0.524,0.276
133,,-0.05,-0.05,0.276,0.374,0.7,0.7,0.374,0.126
134,1,0.95,0.312,0.426,0.312,0.55,0.638,0.524,0.488
135,1,1.0,0.674,0.576,0.25,0.4,0.576,0.674,0.85
136,,0.85,0.524,0.426,0.1,0.25,0.426,0.524,0.7
137,,0.7,0.374,0.276,-0.05,0.1,0.276,0.374,0.55
138,4,0.638,0.524,0.638,0.95,0.462,0.426,0.312,0.4
139,4,0.576,0.674,1.0,1.0,0.824,0.576,0.25,0.25
140,,0.426,0.524,0.85,0.85,0.674,0.426,0.1,0.1
141,,0.276,0.374,0.7,0.7,0.524,0.276,-0.05,-0.05
142,7,0.426,0.312,0.55,0.638,0.674,0.638,0.95,0.312
143,7,0.576,0.25,0.4,0.576,0.824,1.0,1.0,0.674
144,,0.426,0.1,0.25,0.426,0.674,0.85,0.85,0.524
145,,0.276,-0.05,0.1,0.276,0.524,0.7,0.7,0.374
146,2,0.638,0.95,0.462,0.426,0.462,0.55,0.638,0.524
147,2,1.0,1.0,0.824,0.576,0.4,0.4,0.576,0.674
148,,0.85,0.85,0.674,0.426,0.25,0.25,0.426,0.524
149,,0.7,0.7,0.524,0.276,0.1,0.1,0.276,0.374
150,,0.55,0.55,0.374,0.126,-0.05,-0.05,0.126,0.224
151,5,0.4,0.488,0.524,0.488,0.95,0.312,0.276,0.162
152,5,0.25,0.426,0.674,0.85,1.0,0.674,0.426,0.1
153,,0.1,0.276,0.524,0.7,0.85,0.524,0.276,-0.05
154,8,0.462,0.426,0.462,0.55,0.788,0.674,0.638,0.95
155,8,0.824,0.576,0.4,0.4,0.726,0.824,1.0,1.0
156,,0.674,0.426,0.25,0.25,0.576,0.674,0.85,0.85
157,,0.524,0.276,0.1,0.1,0.426,0.524,0.7,0.7
158,,0.374,0.126,-0.05,-0.05,0.276,0.374,0.55,0.55
159,4,0.312,0.276,0.312,0.95,0.638,0.524,0.488,0.4
160,4,0.25,0.426,0.674,1.0,1.0,0.674,0.426,0.25
161,,0.1,0.276,0.524,0.85,0.85,0.524,0.276,0.1
162,,-0.05,0.126,0.374,0.7,0.7,0.374,0.126,-0.05
163,8,0.312,0.276,0.312,0.55,0.638,0.524,0.488,0.95
164,8,0.674,0.426,0.25,0.4,0.576,0.674,0.85,1.0
165,,0.524,0.276,0.1,0.25,0.426,0.524,0.7,0.85
166,,0.374,0.126,-0.05,0.1,0.276,0.374,0.55,0.7
167,3,0.524,0.488,0.95,0.462,0.426,0.312,0.4,0.638
168,3,0.674,0.85,1.0,0.824,0.576,0.25,0.25,0.576
169,,0.524,0.7,0.85,0.674,0.426,0.1,0.1,0.426
170,,0.374,0.55,0.7,0.524,0.276,-0.05,-0.05,0.276
171,7,0.524,0.488,0.55,0.462,0.426,0.312,0.95,0.638
172,7,0.674,0.426,0.4,0.4,0.576,0.674,1.0,1.0
173,,0.524,0.276,0.25,0.25,0.426,0.524,0.85,0.85
174,,0.374,0.126,0.1,0.1,0.276,0.374,0.7,0.7
175,,0.224,-0.024,-0.05,-0.05,0.126,0.224,0.55,0.55
176,3,0.374,0.338,0.95,0.312,0.276,0.162,0.4,0.488
177,3,0.524,0.7,1.0,0.674,0.426,0.1,0.25,0.426
178,,0.374,0.55,0.85,0.524,0.276,-0.05,0.1,0.276
179,6,0.312,0.4,0.788,0.674,0.638,0.95,0.462,0.426
180,6,0.25,0.25,0.726,0.824,1.0,1.0,0.824,0.576
181,,0.1,0.1,0.576,0.674,0.85,0.85,0.674,0.426
182,,-0.05,-0.05,0.426,0.524,0.7,0.7,0.524,0.276
183,1,0.95,0.312,0.576,0.462,0.55,0.638,0.674,0.638
184,1,1.0,0.674,0.726,0.4,0.4,0.576,0.824,1.0
185,,0.85,0.524,0.576,0.25,0.25,0.426,0.674,0.85
186,,0.7,0.374,0.426,0.1,0.1,0.276,0.524,0.7
187,,0.55,0.224,0.276,-0.05,-0.05,0.126,0.374,0.55
188,5,0.4,0.162,0.426,0.312,0.95,0.488,0.524,0.488
189,5,0.25,0.1,0.576,0.674,1.0,0.85,0.674,0.426
190,,0.1,-0.05,0.426,0.524,0.85,0.7,0.524,0.276
191,2,0.462,0.95,0.788,0.674,0.788,0.55,0.462,0.426
192,2,0.824,1.0,1.0,0.824,0.726,0.4,0.4,0.576
193,,0.674,0.85,0.85,0.674,0.576,0.25,0.25,0.426
194,,0.524,0.7,0.7,0.524,0.426,0.1,0.1,0.276
195,,0.374,0.55,0.55,0.374,0.276,-0.05,-0.05,0.126
196,6,0.312,0.4,0.488,0.524,0.638,0.95,0.312,0.276
197,6,0.25,0.25,0.426,0.674,1.0,1.0,0.674,0.426
198,,0.1,0.1,0.276,0.524,0.85,0.85,0.524,0.276
199,,-0.05,-0.05,0.126,0.374,0.7,0.7,0.374,0.126
200,1,0.95,0.312,0.276,0.312,0.55,0.638,0.524,0.488
201,1,1.0,0.674,0.426,0.25,0.4,0.576,0.674,0.85
202,,0.85,0.524,0.276,0.1,0.25,0.426,0.524,0.7
203,,0.7,0.374,0.126,-0.05,0.1,0.276,0.374,0.55
204,4,0.638,0.524,0.488,0.95,0.462,0.426,0.312,0.4
205,4,0.576,0.674,0.85,1.0,0.824,0.576,0.25,0.25
206,,0.426,0.524,0.7,0.85,0.674,0.426,0.1,0.1
207,,0.276,0.374,0.55,0.7,0.524,0.276,-0.05,-0.05
208,8,0.638,0.524,0.488,0.55,0.462,0.426,0.312,0.95
209,8,1.0,0.674,0.426,0.4,0.4,0.576,0.674,1.0
210,,0.85,0.524,0.276,0.25,0.25,0.426,0.524,0.85
211,,0.7,0.374,0.126,0.1,0.1,0.276,0.374,0.7
212,,0.55,0.224,-0.024,-0.05,-0.05,0.126,0.224,0.55
213,5,0.4,0.162,0.126,0.312,0.95,0.488,0.374,0.488
214,5,0.25,0.1,0.276,0.674,1.0,0.85,0.524,0.426
215,,0.1,-0.05,0.126,0.524,0.85,0.7,0.374,0.276
216,2,0.462,0.95,0.488,0.674,0.788,0.55,0.312,0.426
217,2,0.824,1.0,0.85,0.824,0.726,0.4,0.25,0.576
218,,0.674,0.85,0.7,0.674,0.576,0.25,0.1,0.426
219,,0.524,0.7,0.55,0.524,0.426,0.1,-0.05,0.276
220,7,0.674,0.638,0.4,0.462,0.576,0.462,0.95,0.638
221,7,0.824,0.576,0.25,0.4,0.726,0.824,1.0,1.0
222,,0.674,0.426,0.1,0.25,0.576,0.674,0.85,0.85
223,,0.524,0.276,-0.05,0.1,0.426,0.524,0.7,0.7
224,3,0.674,0.638,0.95,0.462,0.576,0.462,0.55,0.638
225,3,0.824,1.0,1.0,0.824,0.726,0.4,0.4,0.576
226,,0.674,0.85,0.85,0.674,0.576,0.25,0.25,0.426
227,,0.524,0.7,0.7,0.524,0.426,0.1,0.1,0.276
228,,0.374,0.55,0.55,0.374,0.276,-0.05,-0.05,0.126
229,6,0.312,0.4,0.488,0.524,0.638,0.95,0.312,0.276
230,6,0.25,0.25,0.426,0.674,1.0,1.0,0.674,0.426
231,,0.1,0.1,0.276,0.524,0.85,0.85,0.524,0.276
232,,-0.05,-0.05,0.126,0.374,0.7,0.7,0.374,0.126
233,1,0.95,0.312,0.276,0.312,0.55,0.638,0.524,0.488
234,1,1.0,0.674,0.426,0.25,0.4,0.576,0.674,0.85
235,,0.85,0.524,0.276,0.1,0.25,0.426,0.524,0.7
236,,0.7,0.374,0.126,-0.05,0.1,0.276,0.374,0.55
237,4,0.638,0.524,0.488,0.95,0.462,0.426,0.312,0.4
238,4,0.576,0.674,0.85,1.0,0.824,0.576,0.25,0.25
239,,0.426,0.524,0.7,0.85,0.674,0.426,0.1,0.1
240,,0.276,0.374,0.55,0.7,0.524,0.276,-0.05,-0.05
241,7,0.426,0.312,0.4,0.638,0.674,0.638,0.95,0.312
242,7,0.576,0.25,0.25,0.576,0.824,1.0,1.0,0.674
243,,0.426,0.1,0.1,0.426,0.674,0.85,0.85,0.524
244,,0.276,-0.05,-0.05,0.276,0.524,0.7,0.7,0.374
245,3,0.426,0.312,0.95,0.638,0.674,0.638,0.55,0.312
246,3,0.576,0.674,1.0,1.0,0.824,0.576,0.4,0.25
247,,0.426,0.524,0.85,0.85,0.674,0.426,0.25,0.1
248,,0.276,0.374,0.7,0.7,0.524,0.276,0.1,-0.05
249,8,0.638,0.524,0.638,0.55,0.462,0.426,0.462,0.95
250,8,1.0,0.674,0.576,0.4,0.4,0.576,0.824,1.0
251,,0.85,0.524,0.426,0.25,0.25,0.426,0.674,0.85
252,,0.7,0.374,0.276,0.1,0.1,0.276,0.524,0.7
253,,0.55,0.224,0.126,-0.05,-0.05,0.126,0.374,0.55
254,5,0.4,0.162,0.276,0.312,0.95,0.488,0.524,0.488
255,5,0.25,0.1,0.426,0.674,1.0,0.85,0.674,0.426
256,,0.1,-0.05,0.276,0.524,0.85,0.7,0.524,0.276
257,2,0.462,0.95,0.638,0.674,0.788,0.55,0.462,0.426
258,2,0.824,1.0,1.0,0.824,0.726,0.4,0.4,0.576
259,,0.674,0.85,0.85,0.674,0.576,0.25,0.25,0.426
260,,0.524,0.7,0.7,0.524,0.426,0.1,0.1,0.276
261,,0.374,0.55,0.55,0.374,0.276,-0.05,-0.05,0.126
262,7,0.524,0.488,0.4,0.312,0.426,0.312,0.95,0.488
263,7,0.674,0.426,0.25,0.25,0.576,0.674,1.0,0.85
264,,0.524,0.276,0.1,0.1,0.426,0.524,0.85,0.7
265,,0.374,0.126,-0.05,-0.05,0.276,0.374,0.7,0.55
266,4,0.312,0.276,0.312,0.95,0.638,0.524,0.638,0.4
267,4,0.25,0.426,0.674,1.0,1.0,0.674,0.576,0.25
268,,0.1,0.276,0.524,0.85,0.85,0.524,0.426,0.1
269,,-0.05,0.126,0.374,0.7,0.7,0.374,0.276,-0.05
270,1,0.95,0.488,0.524,0.638,0.55,0.312,0.426,0.312
271,1,1.0,0.85,0.674,0.576,0.4,0.25,0.576,0.674
272,,0.85,0.7,0.524,0.426,0.25,0.1,0.426,0.524
273,,0.7,0.55,0.374,0.276,0.1,-0.05,0.276,0.374
274,6,0.638,0.4,0.312,0.426,0.462,0.95,0.638,0.524
275,6,0.576,0.25,0.25,0.576,0.824,1.0,1.0,0.674
276,,0.426,0.1,0.1,0.426,0.674,0.85,0.85,0.524
277,,0.276,-0.05,-0.05,0.276,0.524,0.7,0.7,0.374
278,3,0.426,0.312,0.95,0.638,0.674,0.638,0.55,0.312
279,3,0.576,0.674,1.0,1.0,0.824,0.576,0.4,0.25
280,,0.426,0.524,0.85,0.85,0.674,0.426,0.25,0.1
281,,0.276,0.374,0.7,0.7,0.524,0.276,0.1,-0.05
282,8,0.638,0.524,0.638,0.55,0.462,0.426,0.462,0.95
283,8,1.0,0.674,0.576,0.4,0.4,0.576,0.824,1.0
284,,0.85,0.524,0.426,0.25,0.25,0.426,0.674,0.85
285,,0.7,0.374,0.276,0.1,0.1,0.276,0.524,0.7
286,,0.55,0.224,0.126,-0.05,-0.05,0.126,0.374,0.55
287,5,0.4,0.162,0.276,0.312,0.95,0.488,0.524,0.488
288,5,0.25,0.1,0.426,0.674,1.0,0.85,0.674,0.426
289,,0.1,-0.05,0.276,0.524,0.85,0.7,0.524,0.276
290,2,0.462,0.95,0.638,0.674,0.788,0.55,0.462,0.426
291,2,0.824,1.0,1.0,0.824,0.726,0.4,0.4,0.576
292,,0.674,0.85,0.85,0.674,0.576,0.25,0.25,0.426
293,,0.524,0.7,0.7,0.524,0.426,0.1,0.1,0.276
294,,0.374,0.55,0.55,0.374,0.276,-0.05,-0.05,0.126
295,7,0.524,0.488,0.4,0.312,0.426,0.312,0.95,0.488
296,7,0.674,0.426,0.25,0.25,0.576,0.674,1.0,0.85
297,,0.524,0.276,0.1,0.1,0.426,0.524,0.85,0.7
298,,0.374,0.126,-0.05,-0.05,0.276,0.374,0.7,0.55
299,4,0.312,0.276,0.312,0.95,0.638,0.524,0.638,0.4
300,4,0.25,0.426,0.674,1.0,1.0,0.674,0.576,0.25
301,,0.1,0.276,0.524,0.85,0.85,0.524,0.426,0.1
302,,-0.05,0.126,0.374,0.7,0.7,0.374,0.276,-0.05
303,8,0.312,0.276,0.312,0.55,0.638,0.524,0.638,0.95
304,8,0.674,0.426,0.25,0.4,0.576,0.674,1.0,1.0
305,,0.524,0.276,0.1,0.25,0.426,0.524,0.85,0.85
306,,0.374,0.126,-0.05,0.1,0.276,0.374,0.7,0.7
307,3,0.524,0.488,0.95,0.462,0.426,0.312,0.55,0.638
308,3,0.674,0.85,1.0,0.824,0.576,0.25,0.4,0.576
309,,0.524,0.7,0.85,0.674,0.426,0.1,0.25,0.426
310,,0.374,0.55,0.7,0.524,0.276,-0.05,0.1,0.276
311,6,0.312,0.4,0.638,0.674,0.638,0.95,0.462,0.426
312,6,0.25,0.25,0.576,0.824,1.0,1.0,0.824,0.576
313,,0.1,0.1,0.426,0.674,0.85,0.85,0.674,0.426
314,,-0.05,-0.05,0.276,0.524,0.7,0.7,0.524,0.276
315,1,0.95,0.312,0.426,0.462,0.55,0.638,0.674,0.638
316,1,1.0,0.674,0.576,0.4,0.4,0.576,0.824,1.0
317,,0.85,0.524,0.426,0.25,0.25,0.426,0.674,0.85
318,,0.7,0.374,0.276,0.1,0.1,0.276,0.524,0.7
319,,0.55,0.224,0.126,-0.05,-0.05,0.126,0.374,0.55
320,4,0.488,0.374,0.488,0.95,0.312,0.276,0.312,0.4
321,4,0.426,0.524,0.85,1.0,0.674,0.426,0.25,0.25
322,,0.276,0.374,0.7,0.85,0.524,0.276,0.1,0.1
323,,0.126,0.224,0.55,0.7,0.374,0.126,-0.05,-0.05
324,8,0.488,0.374,0.488,0.55,0.312,0.276,0.312,0.95
325,8,0.85,0.524,0.426,0.4,0.25,0.426,0.674,1.0
326,,0.7,0.374,0.276,0.25,0.1,0.276,0.524,0.85
327,,0.55,0.224,0.126,0.1,-0.05,0.126,0.374,0.7
328,5,0.4,0.162,0.276,0.462,0.95,0.488,0.524,0.638
329,5,0.25,0.1,0.426,0.824,1.0,0.85,0.674,0.576
330,,0.1,-0.05,0.276,0.674,0.85,0.7,0.524,0.426
331,2,0.462,0.95,0.638,0.824,0.788,0.55,0.462,0.576
332,2,0.824,1.0,1.0,0.974,0.726,0.4,0.4,0.726
333,,0.674,0.85,0.85,0.824,0.576,0.25,0.25,0.576
334,,0.524,0.7,0.7,0.674,0.426,0.1,0.1,0.426
335,,0.374,0.55,0.55,0.524,0.276,-0.05,-0.05,0.276
336,6,0.312,0.4,0.488,0.674,0.638,0.95,0.312,0.426
337,6,0.25,0.25,0.426,0.824,1.0,1.0,0.674,0.576
338,,0.1,0.1,0.276,0.674,0.85,0.85,0.524,0.426
339,,-0.05,-0.05,0.126,0.524,0.7,0.7,0.374,0.276
340,2,0.312,0.95,0.488,0.674,0.638,0.55,0.312,0.426
341,2,0.674,1.0,0.85,0.824,0.576,0.4,0.25,0.576
342,,0.524,0.85,0.7,0.674,0.426,0.25,0.1,0.426
343,,0.374,0.7,0.55,0.524,0.276,0.1,-0.05,0.276
344,7,0.524,0.638,0.4,0.462,0.426,0.462,0.95,0.638
345,7,0.674,0.576,0.25,0.4,0.576,0.824,1.0,1.0
346,,0.524,0.426,0.1,0.25,0.426,0.674,0.85,0.85
347,,0.374,0.276,-0.05,0.1,0.276,0.524,0.7,0.7
348,3,0.524,0.638,0.95,0.462,0.426,0.462,0.55,0.638
349,3,0.674,1.0,1.0,0.824,0.576,0.4,0.4,0.576
350,,0.524,0.85,0.85,0.674,0.426,0.25,0.25,0.426
351,,0.374,0.7,0.7,0.524,0.276,0.1,0.1,0.276
352,,0.224,0.55,0.55,0.374,0.126,-0.05,-0.05,0.126
353,7,0.374,0.488,0.4,0.312,0.276,0.312,0.95,0.488
354,7,0.524,0.426,0.25,0.25,0.426,0.674,1.0,0.85
355,,0.374,0.276,0.1,0.1,0.276,0.524,0.85,0.7
356,,0.224,0.126,-0.05,-0.05,0.126,0.374,0.7,0.55
357,3,0.374,0.488,0.95,0.312,0.276,0.312,0.55,0.488
358,3,0.524,0.85,1.0,0.674,0.426,0.25,0.4,0.426
359,,0.374,0.7,0.85,0.524,0.276,0.1,0.25,0.276
360,,0.224,0.55,0.7,0.374,0.126,-0.05,0.1,0.126
361,6,0.162,0.4,0.638,0.524,0.488,0.95,0.462,0.276
362,6,0.1,0.25,0.576,0.674,0.85,1.0,0.824,0.426
363,,-0.05,0.1,0.426,0.524,0.7,0.85,0.674,0.276
364,1,0.95,0.462,0.576,0.462,0.55,0.788,0.824,0.638
365,1,1.0,0.824,0.726,0.4,0.4,0.726,0.974,1.0
366,,0.85,0.674,0.576,0.25,0.25,0.576,0.824,0.85
367,,0.7,0.524,0.426,0.1,0.1,0.426,0.674,0.7
368,,0.55,0.374,0.276,-0.05,-0.05,0.276,0.524,0.55
369,4,0.488,0.524,0.638,0.95,0.312,0.426,0.462,0.4
370,4,0.426,0.674,1.0,1.0,0.674,0.576,0.4,0.25
371,,0.276,0.524,0.85,0.85,0.524,0.426,0.25,0.1
372,,0.126,0.374,0.7,0.7,0.374,0.276,0.1,-0.05
373,8,0.488,0.524,0.638,0.55,0.312,0.426,0.462,0.95
374,8,0.85,0.674,0.576,0.4,0.25,0.576,0.824,1.0
375,,0.7,0.524,0.426,0.25,0.1,0.426,0.674,0.85
376,,0.55,0.374,0.276,0.1,-0.05,0.276,0.524,0.7
377,5,0.4,0.312,0.426,0.462,0.95,0.638,0.674,0.638
378,5,0.25,0.25,0.576,0.824,1.0,1.0,0.824,0.576
379,,0.1,0.1,0.426,0.674,0.85,0.85,0.674,0.426
380,,-0.05,-0.05,0.276,0.524,0.7,0.7,0.524,0.276
381,2,0.312,0.95,0.638,0.674,0.638,0.55,0.462,0.426
382,2,0.674,1.0,1.0,0.824,0.576,0.4,0.4,0.576
383,,0.524,0.85,0.85,0.674,0.426,0.25,0.25,0.426
384,,0.374,0.7,0.7,0.524,0.276,0.1,0.1,0.276
385,,0.224,0.55,0.55,0.374,0.126,-0.05,-0.05,0.126
386,7,0.374,0.488,0.4,0.312,0.276,0.312,0.95,0.488
387,7,0.524,0.426,0.25,0.25,0.426,0.674,1.0,0.85
388,,0.374,0.276,0.1,0.1,0.276,0.524,0.85,0.7
389,,0.224,0.126,-0.05,-0.05,0.126,0.374,0.7,0.55
390,4,0.162,0.276,0.312,0.95,0.488,0.524,0.638,0.4
391,4,0.1,0.426,0.674,1.0,0.85,0.674,0.576,0.25
392,,-0.05,0.276,0.524,0.85,0.7,0.524,0.426,0.1
393,1,0.95,0.638,0.674,0.788,0.55,0.462,0.576,0.462
394,1,1.0,1.0,0.824,0.726,0.4,0.4,0.726,0.824
395,,0.85,0.85,0.674,0.576,0.25,0.25,0.576,0.674
396,,0.7,0.7,0.524,0.426,0.1,0.1,0.426,0.524
397,,0.55,0.55,0.374,0.276,-0.05,-0.05,0.276,0.374
398,5,0.4,0.488,0.524,0.638,0.95,0.312,0.426,0.312
399,5,0.25,0.426,0.674,1.0,1.0,0.674,0.576,0.25
400,,0.1,0.276,0.524,0.85,0.85,0.524,0.426,0.1
401,,-0.05,0.126,0.374,0.7,0.7,0.374,0.276,-0.05
402,8,0.312,0.276,0.312,0.55,0.638,0.524,0.638,0.95
403,8,0.674,0.426,0.25,0.4,0.576,0.674,1.0,1.0
404,,0.524,0.276,0.1,0.25,0.426,0.524,0.85,0.85
405,,0.374,0.126,-0.05,0.1,0.276,0.374,0.7,0.7
406,3,0.524,0.488,0.95,0.462,0.426,0.312,0.55,0.638
407,3,0.674,0.85,1.0,0.824,0.576,0.25,0.4,0.576
408,,0.524,0.7,0.85,0.674,0.426,0.1,0.25,0.426
409,,0.374,0.55,0.7,0.524,0.276,-0.05,0.1,0.276
410,6,0.312,0.4,0.638,0.674,0.638,0.95,0.462,0.426
411,6,0.25,0.25,0.576,0.824,1.0,1.0,0.824,0.576
412,,0.1,0.1,0.426,0.674,0.85,0.85,0.674,0.426
413,,-0.05,-0.05,0.276,0.524,0.7,0.7,0.524,0.276
414,2,0.312,0.95,0.638,0.674,0.638,0.55,0.462,0.426
415,2,0.674,1.0,1.0,0.824,0.576,0.4,0.4,0.576
416,,0.524,0.85,0.85,0.674,0.426,0.25,0.25,0.426
417,,0.374,0.7,0.7,0.524,0.276,0.1,0.1,0.276
418,,0.224,0.55,0.55,0.374,0.126,-0.05,-0.05,0.126
419,7,0.374,0.488,0.4,0.312,0.276,0.312,0.95,0.488
420,7,0.524,0.426,0.25,0.25,0.426,0.674,1.0,0.85
421,,0.374,0.276,0.1,0.1,0.276,0.524,0.85,0.7
422,,0.224,0.126,-0.05,-0.05,0.126,0.374,0.7,0.55
423,3,0.374,0.488,0.95,0.312,0.276,0.312,0.55,0.488
424,3,0.524,0.85,1.0,0.674,0.426,0.25,0.4,0.426
425,,0.374,0.7,0.85,0.524,0.276,0.1,0.25,0.276
426,,0.224,0.55,0.7,0.374,0.126,-0.05,0.1,0.126
427,6,0.162,0.4,0.638,0.524,0.488,0.95,0.462,0.276
428,6,0.1,0.25,0.576,0.674,0.85,1.0,0.824,0.426
429,,-0.05,0.1,0.426,0.524,0.7,0.85,0.674,0.276
430,1,0.95,0.462,0.576,0.462,0.55,0.788,0.824,0.638
431,1,1.0,0.824,0.726,0.4,0.4,0.726,0.974,1.0
432,,0.85,0.674,0.576,0.25,0.25,0.576,0.824,0.85
433,,0.7,0.524,0.426,0.1,0.1,0.426,0.674,0.7
434,,0.55,0.374,0.276,-0.05,-0.05,0.276,0.524,0.55
435,5,0.4,0.312,0.426,0.312,0.95,0.638,0.674,0.488
436,5,0.25,0.25,0.576,0.674,1.0,1.0,0.824,0.426
437,,0.1,0.1,0.426,0.524,0.85,0.85,0.674,0.276
438,,-0.05,-0.05,0.276,0.374,0.7,0.7,0.524,0.126
439,2,0.312,0.95,0.638,0.524,0.638,0.55,0.462,0.276
440,2,0.674,1.0,1.0,0.674,0.576,0.4,0.4,0.426
441,,0.524,0.85,0.85,0.524,0.426,0.25,0.25,0.276
442,,0.374,0.7,0.7,0.374,0.276,0.1,0.1,0.126
443,,0.224,0.55,0.55,0.224,0.126,-0.05,-0.05,-0.024
444,6,0.162,0.4,0.488,0.374,0.488,0.95,0.312,0.126
445,6,0.1,0.25,0.426,0.524,0.85,1.0,0.674,0.276
446,,-0.05,0.1,0.276,0.374,0.7,0.85,0.524,0.126
447,1,0.95,0.462,0.426,0.312,0.55,0.788,0.674,0.488
448,1,1.0,0.824,0.576,0.25,0.4,0.726,0.824,0.85
449,,0.85,0.674,0.426,0.1,0.25,0.576,0.674,0.7
450,,0.7,0.524,0.276,-0.05,0.1,0.426,0.524,0.55
451,4,0.638,0.674,0.638,0.95,0.462,0.576,0.462,0.4
452,4,0.576,0.824,1.0,1.0,0.824,0.726,0.4,0.25
453,,0.426,0.674,0.85,0.85,0.674,0.576,0.25,0.1
454,,0.276,0.524,0.7,0.7,0.524,0.426,0.1,-0.05
455,8,0.638,0.674,0.638,0.55,0.462,0.576,0.462,0.95
456,8,1.0,0.824,0.576,0.4,0.4,0.726,0.824,1.0
457,,0.85,0.674,0.426,0.25,0.25,0.576,0.674,0.85
458,,0.7,0.524,0.276,0.1,0.1,0.426,0.524,0.7
459,,0.55,0.374,0.126,-0.05,-0.05,0.276,0.374,0.55
460,5,0.4,0.312,0.276,0.312,0.95,0.638,0.524,0.488
461,5,0.25,0.25,0.426,0.674,1.0,1.0,0.674,0.426
462,,0.1,0.1,0.276,0.524,0.85,0.85,0.524,0.276
463,,-0.05,-0.05,0.126,0.374,0.7,0.7,0.374,0.126
464,2,0.312,0.95,0.488,0.524,0.638,0.55,0.312,0.276
465,2,0.674,1.0,0.85,0.674,0.576,0.4,0.25,0.426
466,,0.524,0.85,0.7,0.524,0.426,0.25,0.1,0.276
467,,0.374,0.7,0.55,0.374,0.276,0.1,-0.05,0.126
468,7,0.524,0.638,0.4,0.312,0.426,0.462,0.95,0.488
469,7,0.674,0.576,0.25,0.25,0.576,0.824,1.0,0.85
470,,0.524,0.426,0.1,0.1,0.426,0.674,0.85,0.7
471,,0.374,0.276,-0.05,-0.05,0.276,0.524,0.7,0.55
472,3,0.524,0.638,0.95,0.312,0.426,0.462,0.55,0.488
473,3,0.674,1.0,1.0,0.674,0.576,0.4,0.4,0.426
474,,0.524,0.85,0.85,0.524,0.426,0.25,0.25,0.276
475,,0.374,0.7,0.7,0.374,0.276,0.1,0.1,0.126
476,,0.224,0.55,0.55,0.224,0.126,-0.05,-0.05,-0.024
477,7,0.374,0.488,0.4,0.162,0.276,0.312,0.95,0.338
478,7,0.524,0.426,0.25,0.1,0.426,0.674,1.0,0.7
479,,0.374,0.276,0.1,-0.05,0.276,0.524,0.85,0.55
480,4,0.312,0.426,0.462,0.95,0.638,0.674,0.788,0.4
481,4,0.25,0.576,0.824,1.0,1.0,0.824,0.726,0.25
482,,0.1,0.426,0.674,0.85,0.85,0.674,0.576,0.1
483,,-0.05,0.276,0.524,0.7,0.7,0.524,0.426,-0.05
484,1,0.95,0.638,0.674,0.638,0.55,0.462,0.576,0.312
485,1,1.0,1.0,0.824,0.576,0.4,0.4,0.726,0.674
486,,0.85,0.85,0.674,0.426,0.25,0.25,0.576,0.524
487,,0.7,0.7,0.524,0.276,0.1,0.1,0.426,0.374
488,,0.55,0.55,0.374,0.126,-0.05,-0.05,0.276,0.224
489,5,0.4,0.488,0.524,0.488,0.95,0.312,0.426,0.162
490,5,0.25,0.426,0.674,0.85,1.0,0.674,0.576,0.1
491,,0.1,0.276,0.524,0.7,0.85,0.524,0.426,-0.05
492,8,0.462,0.426,0.462,0.55,0.788,0.674,0.788,0.95
493,8,0.824,0.576,0.4,0.4,0.726,0.824,1.0,1.0
494,,0.674,0.426,0.25,0.25,0.576,0.674,0.85,0.85
495,,0.524,0.276,0.1,0.1,0.426,0.524,0.7,0.7
496,,0.374,0.126,-0.05,-0.05,0.276,0.374,0.55,0.55
497,4,0.312,0.276,0.312,0.95,0.638,0.524,0.488,0.4
498,4,0.25,0.426,0.674,1.0,1.0,0.674,0.426,0.25
499,,0.1,0.276,0.524,0.85,0.85,0.524,0.276,0.1
500,,-0.05,0.126,0.374,0.7,0.7,0.374,0.126,-0.05
501,8,0.312,0.276,0.312,0.55,0.638,0.524,0.488,0.95
502,8,0.674,0.426,0.25,0.4,0.576,0.674,0.85,1.0
503,,0.524,0.276,0.1,0.25,0.426,0.524,0.7,0.85
504,,0.374,0.126,-0.05,0.1,0.276,0.374,0.55,0.7
505,3,0.524,0.488,0.95,0.462,0.426,0.312,0.4,0.638
506,3,0.674,0.85,1.0,0.824,0.576,0.25,0.25,0.576
507,,0.524,0.7,0.85,0.674,0.426,0.1,0.1,0.426
508,,0.374,0.55,0.7,0.524,0.276,-0.05,-0.05,0.276
509,7,0.524,0.488,0.55,0.462,0.426,0.312,0.95,0.638
510,7,0.674,0.426,0.4,0.4,0.576,0.674,1.0,1.0
511,,0.524,0.276,0.25,0.25,0.426,0.524,0.85,0.85
512,,0.374,0.126,0.1,0.1,0.276,0.374,0.7,0.7
513,,0.224,-0.024,-0.05,-0.05,0.126,0.224,0.55,0.55
514,4,0.162,0.126,0.312,0.95,0.488,0.374,0.488,0.4
515,4,0.1,0.276,0.674,1.0,0.85,0.524,0.426,0.25
516,,-0.05,0.126,0.524,0.85,0.7,0.374,0.276,0.1
517,1,0.95,0.488,0.674,0.788,0.55,0.312,0.426,0.462
518,1,1.0,0.85,0.824,0.726,0.4,0.25,0.576,0.824
519,,0.85,0.7,0.674,0.576,0.25,0.1,0.426,0.674
520,,0.7,0.55,0.524,0.426,0.1,-0.05,0.276,0.524
521,6,0.638,0.4,0.462,0.576,0.462,0.95,0.638,0.674
522,6,0.576,0.25,0.4,0.726,0.824,1.0,1.0,0.824
523,,0.426,0.1,0.25,0.576,0.674,0.85,0.85,0.674
524,,0.276,-0.05,0.1,0.426,0.524,0.7,0.7,0.524
525,2,0.638,0.95,0.462,0.576,0.462,0.55,0.638,0.674
526,2,1.0,1.0,0.824,0.726,0.4,0.4,0.576,0.824
527,,0.85,0.85,0.674,0.576,0.25,0.25,0.426,0.674
528,,0.7,0.7,0.524,0.426,0.1,0.1,0.276,0.524
529,,0.55,0.55,0.374,0.276,-0.05,-0.05,0.126,0.374
530,5,0.4,0.488,0.524,0.638,0.95,0.312,0.276,0.312
531,5,0.25,0.426,0.674,1.0,1.0,0.674,0.426,0.25
532,,0.1,0.276,0.524,0.85,0.85,0.524,0.276,0.1
533,,-0.05,0.126,0.374,0.7,0.7,0.374,0.126,-0.05
534,8,0.312,0.276,0.312,0.55,0.638,0.524,0.488,0.95
535,8,0.674,0.426,0.25,0.4,0.576,0.674,0.85,1.0
536,,0.524,0.276,0.1,0.25,0.426,0.524,0.7,0.85
537,,0.374,0.126,-0.05,0.1,0.276,0.374,0.55,0.7
538,3,0.524,0.488,0.95,0.462,0.426,0.312,0.4,0.638
539,3,0.674,0.85,1.0,0.824,0.576,0.25,0.25,0.576
540,,0.524,0.7,0.85,0.674,0.426,0.1,0.1,0.426
541,,0.374,0.55,0.7,0.524,0.276,-0.05,-0.05,0.276
542,6,0.312,0.4,0.638,0.674,0.638,0.95,0.312,0.426
543,6,0.25,0.25,0.576,0.824,1.0,1.0,0.674,0.576
544,,0.1,0.1,0.426,0.674,0.85,0.85,0.524,0.426
545,,-0.05,-0.05,0.276,0.524,0.7,0.7,0.374,0.276
546,2,0.312,0.95,0.638,0.674,0.638,0.55,0.312,0.426
547,2,0.674,1.0,1.0,0.824,0.576,0.4,0.25,0.576
548,,0.524,0.85,0.85,0.674,0.426,0.25,0.1,0.426
549,,0.374,0.7,0.7,0.524,0.276,0.1,-0.05,0.276
550,7,0.524,0.638,0.55,0.462,0.426,0.462,0.95,0.638
551,7,0.674,0.576,0.4,0.4,0.576,0.824,1.0,1.0
552,,0.524,0.426,0.25,0.25,0.426,0.674,0.85,0.85
553,,0.374,0.276,0.1,0.1,0.276,0.524,0.7,0.7
554,,0.224,0.126,-0.05,-0.05,0.126,0.374,0.55,0.55
555,4,0.162,0.276,0.312,0.95,0.488,0.524,0.488,0.4
556,4,0.1,0.426,0.674,1.0,0.85,0.674,0.426,0.25
557,,-0.05,0.276,0.524,0.85,0.7,0.524,0.276,0.1
558,1,0.95,0.638,0.674,0.788,0.55,0.462,0.426,0.462
559,1,1.0,1.0,0.824,0.726,0.4,0.4,0.576,0.824
560,,0.85,0.85,0.674,0.576,0.25,0.25,0.426,0.674
561,,0.7,0.7,0.524,0.426,0.1,0.1,0.276,0.524
562,,0.55,0.55,0.374,0.276,-0.05,-0.05,0.126,0.374
563,6,0.488,0.4,0.312,0.426,0.312,0.95,0.488,0.524
564,6,0.426,0.25,0.25,0.576,0.674,1.0,0.85,0.674
565,,0.276,0.1,0.1,0.426,0.524,0.85,0.7,0.524
566,,0.126,-0.05,-0.05,0.276,0.374,0.7,0.55,0.374
567,2,0.488,0.95,0.312,0.426,0.312,0.55,0.488,0.524
568,2,0.85,1.0,0.674,0.576,0.25,0.4,0.426,0.674
569,,0.7,0.85,0.524,0.426,0.1,0.25,0.276,0.524
570,,0.55,0.7,0.374,0.276,-0.05,0.1,0.126,0.374
571,5,0.4,0.638,0.524,0.638,0.95,0.462,0.276,0.312
572,5,0.25,0.576,0.674,1.0,1.0,0.824,0.426,0.25
573,,0.1,0.426,0.524,0.85,0.85,0.674,0.276,0.1
574,,-0.05,0.276,0.374,0.7,0.7,0.524,0.126,-0.05
575,8,0.312,0.426,0.312,0.55,0.638,0.674,0.488,0.95
576,8,0.674,0.576,0.25,0.4,0.576,0.824,0.85,1.0
577,,0.524,0.426,0.1,0.25,0.426,0.674,0.7,0.85
578,,0.374,0.276,-0.05,0.1,0.276,0.524,0.55,0.7
579,3,0.524,0.638,0.95,0.462,0.426,0.462,0.4,0.638
580,3,0.674,1.0,1.0,0.824,0.576,0.4,0.25,0.576
581,,0.524,0.85,0.85,0.674,0.426,0.25,0.1,0.426
582,,0.374,0.7,0.7,0.524,0.276,0.1,-0.05,0.276
583,7,0.524,0.638,0.55,0.462,0.426,0.462,0.95,0.638
584,7,0.674,0.576,0.4,0.4,0.576,0.824,1.0,1.0
585,,0.524,0.426,0.25,0.25,0.426,0.674,0.85,0.85
586,,0.374,0.276,0.1,0.1,0.276,0.524,0.7,0.7
587,,0.224,0.126,-0.05,-0.05,0.126,0.374,0.55,0.55
588,4,0.162,0.276,0.312,0.95,0.488,0.524,0.488,0.4
589,4,0.1,0.426,0.674,1.0,0.85,0.674,0.426,0.25
590,,-0.05,0.276,0.524,0.85,0.7,0.524,0.276,0.1
591,1,0.95,0.638,0.674,0.788,0.55,0.462,0.426,0.462
592,1,1.0,1.0,0.824,0.726,0.4,0.4,0.576,0.824
593,,0.85,0.85,0.674,0.576,0.25,0.25,0.426,0.674
594,,0.7,0.7,0.524,0.426,0.1,0.1,0.276,0.524
595,,0.55,0.55,0.374,0.276,-0.05,-0.05,0.126,0.374
596,6,0.488,0.4,0.312,0.426,0.312,0.95,0.488,0.524
597,6,0.426,0.25,0.25,0.576,0.674,1.0,0.85,0.674
598,,0.276,0.1,0.1,0.426,0.524,0.85,0.7,0.524
599,,0.126,-0.05,-0.05,0.276,0.374,0.7,0.55,0.374
600,3,0.276,0.312,0.95,0.638,0.524,0.638,0.4,0.312
601,3,0.426,0.674,1.0,1.0,0.674,0.576,0.25,0.25
602,,0.276,0.524,0.85,0.85,0.524,0.426,0.1,0.1
603,,0.126,0.374,0.7,0.7,0.374,0.276,-0.05,-0.05
604,7,0.276,0.312,0.55,0.638,0.524,0.638,0.95,0.312
605,7,0.426,0.25,0.4,0.576,0.674,1.0,1.0,0.674
606,,0.276,0.1,0.25,0.426,0.524,0.85,0.85,0.524
607,,0.126,-0.05,0.1,0.276,0.374,0.7,0.7,0.374
608,2,0.488,0.95,0.462,0.426,0.312,0.55,0.638,0.524
609,2,0.85,1.0,0.824,0.576,0.25,0.4,0.576,0.674
610,,0.7,0.85,0.674,0.426,0.1,0.25,0.426,0.524
611,,0.55,0.7,0.524,0.276,-0.05,0.1,0.276,0.374
612,5,0.4,0.638,0.674,0.638,0.95,0.462,0.426,0.312
613,5,0.25,0.576,0.824,1.0,1.0,0.824,0.576,0.25
614,,0.1,0.426,0.674,0.85,0.85,0.674,0.426,0.1
615,,-0.05,0.276,0.524,0.7,0.7,0.524,0.276,-0.05
616,8,0.312,0.426,0.462,0.55,0.638,0.674,0.638,0.95
617,8,0.674,0.576,0.4,0.4,0.576,0.824,1.0,1.0
618,,0.524,0.426,0.25,0.25,0.426,0.674,0.85,0.85
619,,0.374,0.276,0.1,0.1,0.276,0.524,0.7,0.7
620,,0.224,0.126,-0.05,-0.05,0.126,0.374,0.55,0.55
621,3,0.374,0.488,0.95,0.312,0.276,0.312,0.4,0.488
622,3,0.524,0.85,1.0,0.674,0.426,0.25,0.25,0.426
623,,0.374,0.7,0.85,0.524,0.276,0.1,0.1,0.276
624,,0.224,0.55,0.7,0.374,0.126,-0.05,-0.05,0.126
625,6,0.162,0.4,0.638,0.524,0.488,0.95,0.312,0.276
626,6,0.1,0.25,0.576,0.674,0.85,1.0,0.674,0.426
627,,-0.05,0.1,0.426,0.524,0.7,0.85,0.524,0.276
628,1,0.95,0.462,0.576,0.462,0.55,0.788,0.674,0.638
629,1,1.0,0.824,0.726,0.4,0.4,0.726,0.824,1.0
630,,0.85,0.674,0.576,0.25,0.25,0.576,0.674,0.85
631,,0.7,0.524,0.426,0.1,0.1,0.426,0.524,0.7
632,,0.55,0.374,0.276,-0.05,-0.05,0.276,0.374,0.55
633,4,0.488,0.524,0.638,0.95,0.312,0.426,0.312,0.4
634,4,0.426,0.674,1.0,1.0,0.674,0.576,0.25,0.25
635,,0.276,0.524,0.85,0.85,0.524,0.426,0.1,0.1
636,,0.126,0.374,0.7,0.7,0.374,0.276,-0.05,-0.05
637,7,0.276,0.312,0.55,0.638,0.524,0.638,0.95,0.312
638,7,0.426,0.25,0.4,0.576,0.674,1.0,1.0,0.674
639,,0.276,0.1,0.25,0.426,0.524,0.85,0.85,0.524
640,,0.126,-0.05,0.1,0.276,0.374,0.7,0.7,0.374
641,2,0.488,0.95,0.462,0.426,0.312,0.55,0.638,0.524
642,2,0.85,1.0,0.824,0.576,0.25,0.4,0.576,0.674
643,,0.7,0.85,0.674,0.426,0.1,0.25,0.426,0.524
644,,0.55,0.7,0.524,0.276,-0.05,0.1,0.276,0.374
645,5,0.4,0.638,0.674,0.638,0.95,0.462,0.426,0.312
646,5,0.25,0.576,0.824,1.0,1.0,0.824,0.576,0.25
647,,0.1,0.426,0.674,0.85,0.85,0.674,0.426,0.1
648,,-0.05,0.276,0.524,0.7,0.7,0.524,0.276,-0.05
649,1,0.95,0.638,0.674,0.638,0.55,0.462,0.426,0.312
650,1,1.0,1.0,0.824,0.576,0.4,0.4,0.576,0.674
651,,0.85,0.85,0.674,0.426,0.25,0.25,0.426,0.524
652,,0.7,0.7,0.524,0.276,0.1,0.1,0.276,0.374
653,,0.55,0.55,0.374,0.126,-0.05,-0.05,0.126,0.224
654,5,0.4,0.488,0.524,0.488,0.95,0.312,0.276,0.162
655,5,0.25,0.426,0.674,0.85,1.0,0.674,0.426,0.1
656,,0.1,0.276,0.524,0.7,0.85,0.524,0.276,-0.05
657,8,0.462,0.426,0.462,0.55,0.788,0.674,0.638,0.95
658,8,0.824,0.576,0.4,0.4,0.726,0.824,1.0,1.0
659,,0.674,0.426,0.25,0.25,0.576,0.674,0.85,0.85
660,,0.524,0.276,0.1,0.1,0.426,0.524,0.7,0.7
661,,0.374,0.126,-0.05,-0.05,0.276,0.374,0.55,0.55
662,4,0.312,0.276,0.312,0.95,0.638,0.524,0.488,0.4
663,4,0.25,0.426,0.674,1.0,1.0,0.674,0.426,0.25
664,,0.1,0.276,0.524,0.85,0.85,0.524,0.276,0.1
665,,-0.05,0.126,0.374,0.7,0.7,0.374,0.126,-0.05
666,1,0.95,0.488,0.524,0.638,0.55,0.312,0.276,0.312
667,1,1.0,0.85,0.674,0.576,0.4,0.25,0.426,0.674
668,,0.85,0.7,0.524,0.426,0.25,0.1,0.276,0.524
669,,0.7,0.55,0.374,0.276,0.1,-0.05,0.126,0.374
670,6,0.638,0.4,0.312,0.426,0.462,0.95,0.488,0.524
671,6,0.576,0.25,0.25,0.576,0.824,1.0,0.85,0.674
672,,0.426,0.1,0.1,0.426,0.674,0.85,0.7,0.524
673,,0.276,-0.05,-0.05,0.276,0.524,0.7,0.55,0.374
674,2,0.638,0.95,0.312,0.426,0.462,0.55,0.488,0.524
675,2,1.0,1.0,0.674,0.576,0.4,0.4,0.426,0.674
676,,0.85,0.85,0.524,0.426,0.25,0.25,0.276,0.524
677,,0.7,0.7,0.374,0.276,0.1,0.1,0.126,0.374
678,,0.55,0.55,0.224,0.126,-0.05,-0.05,-0.024,0.224
679,5,0.4,0.488,0.374,0.488,0.95,0.312,0.126,0.162
680,5,0.25,0.426,0.524,0.85,1.0,0.674,0.276,0.1
681,,0.1,0.276,0.374,0.7,0.85,0.524,0.126,-0.05
682,8,0.462,0.426,0.312,0.55,0.788,0.674,0.488,0.95
683,8,0.824,0.576,0.25,0.4,0.726,0.824,0.85,1.0
684,,0.674,0.426,0.1,0.25,0.576,0.674,0.7,0.85
685,,0.524,0.276,-0.05,0.1,0.426,0.524,0.55,0.7
686,3,0.674,0.638,0.95,0.462,0.576,0.462,0.4,0.638
687,3,0.824,1.0,1.0,0.824,0.726,0.4,0.25,0.576
688,,0.674,0.85,0.85,0.674,0.576,0.25,0.1,0.426
689,,0.524,0.7,0.7,0.524,0.426,0.1,-0.05,0.276
690,7,0.674,0.638,0.55,0.462,0.576,0.462,0.95,0.638
691,7,0.824,0.576,0.4,0.4,0.726,0.824,1.0,1.0
692,,0.674,0.426,0.25,0.25,0.576,0.674,0.85,0.85
693,,0.524,0.276,0.1,0.1,0.426,0.524,0.7,0.7
694,,0.374,0.126,-0.05,-0.05,0.276,0.374,0.55,0.55
695,4,0.312,0.276,0.312,0.95,0.638,0.524,0.488,0.4
696,4,0.25,0.426,0.674,1.0,1.0,0.674,0.426,0.25
697,,0.1,0.276,0.524,0.85,0.85,0.524,0.276,0.1
698,,-0.05,0.126,0.374,0.7,0.7,0.374,0.126,-0.05
699,8,0.312,0.276,0.312,0.55,0.638,0.524,0.488,0.95
700,8,0.674,0.426,0.25,0.4,0.576,0.674,0.85,1.0
701,,0.524,0.276,0.1,0.25,0.426,0.524,0.7,0.85
702,,0.374,0.126,-0.05,0.1,0.276,0.374,0.55,0.7
703,3,0.524,0.488,0.95,0.462,0.426,0.312,0.4,0.638
704,3,0.674,0.85,1.0,0.824,0.576,0.25,0.25,0.576
705,,0.524,0.7,0.85,0.674,0.426,0.1,0.1,0.426
706,,0.374,0.55,0.7,0.524,0.276,-0.05,-0.05,0.276
707,6,0.312,0.4,0.638,0.674,0.638,0.95,0.312,0.426
708,6,0.25,0.25,0.576,0.824,1.0,1.0,0.674,0.576
709,,0.1,0.1,0.426,0.674,0.85,0.85,0.524,0.426
710,,-0.05,-0.05,0.276,0.524,0.7,0.7,0.374,0.276
711,2,0.312,0.95,0.638,0.674,0.638,0.55,0.312,0.426
712,2,0.674,1.0,1.0,0.824,0.576,0.4,0.25,0.576
713,,0.524,0.85,0.85,0.674,0.426,0.25,0.1,0.426
714,,0.374,0.7,0.7,0.524,0.276,0.1,-0.05,0.276
715,7,0.524,0.638,0.55,0.462,0.426,0.462,0.95,0.638
716,7,0.674,0.576,0.4,0.4,0.576,0.824,1.0,1.0
717,,0.524,0.426,0.25,0.25,0.426,0.674,0.85,0.85
718,,0.374,0.276,0.1,0.1,0.276,0.524,0.7,0.7
719,,0.224,0.126,-0.05,-0.05,0.126,0.374,0.55,0.55
720,3,0.374,0.488,0.95,0.312,0.276,0.312,0.4,0.488
721,3,0.524,0.85,1.0,0.674,0.426,0.25,0.25,0.426
722,,0.374,0.7,0.85,0.524,0.276,0.1,0.1,0.276
723,,0.224,0.55,0.7,0.374,0.126,-0.05,-0.05,0.126
724,6,0.162,0.4,0.638,0.524,0.488,0.95,0.312,0.276
725,6,0.1,0.25,0.576,0.674,0.85,1.0,0.674,0.426
726,,-0.05,0.1,0.426,0.524,0.7,0.85,0.524,0.276
727,1,0.95,0.462,0.576,0.462,0.55,0.788,0.674,0.638
728,1,1.0,0.824,0.726,0.4,0.4,0.726,0.824,1.0
729,,0.85,0.674,0.576,0.25,0.25,0.576,0.674,0.85
730,,0.7,0.524,0.426,0.1,0.1,0.426,0.524,0.7
731,,0.55,0.374,0.276,-0.05,-0.05,0.276,0.374,0.55
732,5,0.4,0.312,0.426,0.312,0.95,0.638,0.524,0.488
733,5,0.25,0.25,0.576,0.674,1.0,1.0,0.674,0.426
734,,0.1,0.1,0.426,0.524,0.85,0.85,0.524,0.276
735,,-0.05,-0.05,0.276,0.374,0.7,0.7,0.374,0.126
736,1,0.95,0.312,0.426,0.312,0.55,0.638,0.524,0.488
737,1,1.0,0.674,0.576,0.25,0.4,0.576,0.674,0.85
738,,0.85,0.524,0.426,0.1,0.25,0.426,0.524,0.7
739,,0.7,0.374,0.276,-0.05,0.1,0.276,0.374,0.55
740,4,0.638,0.524,0.638,0.95,0.462,0.426,0.312,0.4
741,4,0.576,0.674,1.0,1.0,0.824,0.576,0.25,0.25
742,,0.426,0.524,0.85,0.85,0.674,0.426,0.1,0.1
743,,0.276,0.374,0.7,0.7,0.524,0.276,-0.05,-0.05
744,8,0.638,0.524,0.638,0.55,0.462,0.426,0.312,0.95
745,8,1.0,0.674,0.576,0.4,0.4,0.576,0.674,1.0
746,,0.85,0.524,0.426,0.25,0.25,0.426,0.524,0.85
747,,0.7,0.374,0.276,0.1,0.1,0.276,0.374,0.7
748,,0.55,0.224,0.126,-0.05,-0.05,0.126,0.224,0.55
749,5,0.4,0.162,0.276,0.312,0.95,0.488,0.374,0.488
750,5,0.25,0.1,0.426,0.674,1.0,0.85,0.524,0.426
751,,0.1,-0.05,0.276,0.524,0.85,0.7,0.374,0.276
752,2,0.462,0.95,0.638,0.674,0.788,0.55,0.312,0.426
753,2,0.824,1.0,1.0,0.824,0.726,0.4,0.25,0.576
754,,0.674,0.85,0.85,0.674,0.576,0.25,0.1,0.426
755,,0.524,0.7,0.7,0.524,0.426,0.1,-0.05,0.276
756,7,0.674,0.638,0.55,0.462,0.576,0.462,0.95,0.638
757,7,0.824,0.576,0.4,0.4,0.726,0.824,1.0,1.0
758,,0.674,0.426,0.25,0.25,0.576,0.674,0.85,0.85
759,,0.524,0.276,0.1,0.1,0.426,0.524,0.7,0.7
760,,0.374,0.126,-0.05,-0.05,0.276,0.374,0.55,0.55
761,3,0.524,0.488,0.95,0.312,0.426,0.312,0.4,0.488
762,3,0.674,0.85,1.0,0.674,0.576,0.25,0.25,0.426
763,,0.524,0.7,0.85,0.524,0.426,0.1,0.1,0.276
764,,0.374,0.55,0.7,0.374,0.276,-0.05,-0.05,0.126
765,6,0.312,0.4,0.638,0.524,0.638,0.95,0.312,0.276
766,6,0.25,0.25,0.576,0.674,1.0,1.0,0.674,0.426
767,,0.1,0.1,0.426,0.524,0.85,0.85,0.524,0.276
768,,-0.05,-0.05,0.276,0.374,0.7,0.7,0.374,0.126
769,2,0.312,0.95,0.638,0.524,0.638,0.55,0.312,0.276
770,2,0.674,1.0,1.0,0.674,0.576,0.4,0.25,0.426
771,,0.524,0.85,0.85,0.524,0.426,0.25,0.1,0.276
772,,0.374,0.7,0.7,0.374,0.276,0.1,-0.05,0.126
773,7,0.524,0.638,0.55,0.312,0.426,0.462,0.95,0.488
774,7,0.674,0.576,0.4,0.25,0.576,0.824,1.0,0.85
775,,0.524,0.426,0.25,0.1,0.426,0.674,0.85,0.7
776,,0.374,0.276,0.1,-0.05,0.276,0.524,0.7,0.55
777,4,0.312,0.426,0.462,0.95,0.638,0.674,0.638,0.4
778,4,0.25,0.576,0.824,1.0,1.0,0.824,0.576,0.25
779,,0.1,0.426,0.674,0.85,0.85,0.674,0.426,0.1
780,,-0.05,0.276,0.524,0.7,0.7,0.524,0.276,-0.05
781,1,0.95,0.638,0.674,0.638,0.55,0.462,0.426,0.312
782,1,1.0,1.0,0.824,0.576,0.4,0.4,0.576,0.674
783,,0.85,0.85,0.674,0.426,0.25,0.25,0.426,0.524
784,,0.7,0.7,0.524,0.276,0.1,0.1,0.276,0.374
785,,0.55,0.55,0.374,0.126,-0.05,-0.05,0.126,0.224
786,5,0.4,0.488,0.524,0.488,0.95,0.312,0.276,0.162
787,5,0.25,0.426,0.674,0.85,1.0,0.674,0.426,0.1
788,,0.1,0.276,0.524,0.7,0.85,0.524,0.276,-0.05
789,8,0.462,0.426,0.462,0.55,0.788,0.674,0.638,0.95
790,8,0.824,0.576,0.4,0.4,0.726,0.824,1.0,1.0
791,,0.674,0.426,0.25,0.25,0.576,0.674,0.85,0.85
792,,0.524,0.276,0.1,0.1,0.426,0.524,0.7,0.7
793,,0.374,0.126,-0.05,-0.05,0.276,0.374,0.55,0.55
794,3,0.524,0.488,0.95,0.312,0.426,0.312,0.4,0.488
795,3,0.674,0.85,1.0,0.674,0.576,0.25,0.25,0.426
796,,0.524,0.7,0.85,0.524,0.426,0.1,0.1,0.276
797,,0.374,0.55,0.7,0.374,0.276,-0.05,-0.05,0.126
798,7,0.524,0.488,0.55,0.312,0.426,0.312,0.95,0.488
799,7,0.674,0.426,0.4,0.25,0.576,0.674,1.0,0.85
800,,0.524,0.276,0.25,0.1,0.426,0.524,0.85,0.7
801,,0.374,0.126,0.1,-0.05,0.276,0.374,0.7,0.55
802,4,0.312,0.276,0.462,0.95,0.638,0.524,0.638,0.4
803,4,0.25,0.426,0.824,1.0,1.0,0.674,0.576,0.25
804,,0.1,0.276,0.674,0.85,0.85,0.524,0.426,0.1
805,,-0.05,0.126,0.524,0.7,0.7,0.374,0.276,-0.05
806,8,0.312,0.276,0.462,0.55,0.638,0.524,0.638,0.95
807,8,0.674,0.426,0.4,0.4,0.576,0.674,1.0,1.0
808,,0.524,0.276,0.25,0.25,0.426,0.524,0.85,0.85
809,,0.374,0.126,0.1,0.1,0.276,0.374,0.7,0.7
810,,0.224,-0.024,-0.05,-0.05,0.126,0.224,0.55,0.55
