step,active_motive,motive_1,motive_2,motive_3,motive_4,motive_5,motive_6,motive_7,motive_8
0,,0.31172,0.24849,0.74395,0.03353,0.56989,0.76246,0.87677,0.34208
1,,0.16172,0.09849,0.59395,-0.11647,0.41989,0.61246,0.72677,0.19208
2,4,0.09972,0.24849,0.95595,0.88353,0.78189,0.76246,0.66477,0.04208
3,4,0.03772,0.39849,1.0,1.0,1.0,0.91246,0.60277,-0.10792
4,8,0.39972,0.54849,0.938,0.85,0.938,1.0,0.96477,0.89208
5,8,0.76172,0.69849,0.876,0.7,0.876,1.0,1.0,1.0
6,,0.61172,0.54849,0.726,0.55,0.726,0.85,0.85,0.85
7,,0.46172,0.39849,0.576,0.4,0.576,0.7,0.7,0.7
8,,0.31172,0.24849,0.426,0.25,0.426,0.55,0.55,0.55
9,,0.16172,0.09849,0.276,0.1,0.276,0.4,0.4,0.4
10,,0.01172,-0.05151,0.126,-0.05,0.126,0.25,0.25,0.25
11,2,0.37372,0.94849,0.488,0.1,0.064,0.1,0.188,0.4
12,2,0.73572,1.0,0.85,0.25,0.002,-0.05,0.126,0.55
13,6,0.67372,0.85,0.788,0.4,0.364,0.95,0.488,0.7
14,6,0.61172,0.7,0.726,0.55,0.726,1.0,0.85,0.85
15,,0.46172,0.55,0.576,0.4,0.576,0.85,0.7,0.7
16,,0.31172,0.4,0.426,0.25,0.426,0.7,0.55,0.55
17,,0.16172,0.25,0.276,0.1,0.276,0.55,0.4,0.4
18,,0.01172,0.1,0.126,-0.05,0.126,0.4,0.25,0.25
19,4,-0.05028,0.25,0.488,0.95,0.488,0.55,0.188,0.1
20,4,-0.11228,0.4,0.85,1.0,0.85,0.7,0.126,-0.05
21,1,0.88772,0.762,1.0,0.938,0.7,0.638,0.276,0.312
22,1,1.0,1.0,1.0,0.876,0.55,0.576,0.426,0.674
23,,0.85,0.85,0.85,0.726,0.4,0.426,0.276,0.524
24,,0.7,0.7,0.7,0.576,0.25,0.276,0.126,0.374
25,,0.55,0.55,0.55,0.426,0.1,0.126,-0.024,0.224
26,7,0.7,0.488,0.4,0.364,0.25,0.488,0.976,0.586
27,7,0.85,0.426,0.25,0.302,0.4,0.85,1.0,0.948
28,,0.7,0.276,0.1,0.152,0.25,0.7,0.85,0.798
29,,0.55,0.126,-0.05,0.002,0.1,0.55,0.7,0.648
30,3,0.7,0.488,0.95,0.364,0.25,0.488,0.55,0.586
31,3,0.85,0.85,1.0,0.726,0.4,0.426,0.4,0.524
32,,0.7,0.7,0.85,0.576,0.25,0.276,0.25,0.374
33,,0.55,0.55,0.7,0.426,0.1,0.126,0.1,0.224
34,,0.4,0.4,0.55,0.276,-0.05,-0.024,-0.05,0.074
35,7,0.55,0.338,0.4,0.214,0.1,0.338,0.95,0.436
36,7,0.7,0.276,0.25,0.152,0.25,0.7,1.0,0.798
37,,0.55,0.126,0.1,0.002,0.1,0.55,0.85,0.648
38,,0.4,-0.024,-0.05,-0.148,-0.05,0.4,0.7,0.498
39,4,0.338,0.126,0.312,0.852,0.312,0.55,0.638,0.348
40,4,0.276,0.276,0.674,1.0,0.674,0.7,0.576,0.198
41,,0.126,0.126,0.524,0.85,0.524,0.55,0.426,0.048
42,,-0.024,-0.024,0.374,0.7,0.374,0.4,0.276,-0.102
43,8,0.338,0.126,0.312,0.55,0.312,0.55,0.638,0.898
44,8,0.7,0.276,0.25,0.4,0.25,0.7,1.0,1.0
45,,0.55,0.126,0.1,0.25,0.1,0.55,0.85,0.85
46,,0.4,-0.024,-0.05,0.1,-0.05,0.4,0.7,0.7
47,3,0.55,0.338,0.95,0.462,0.1,0.338,0.55,0.638
48,3,0.7,0.7,1.0,0.824,0.25,0.276,0.4,0.576
49,,0.55,0.55,0.85,0.674,0.1,0.126,0.25,0.426
50,,0.4,0.4,0.7,0.524,-0.05,-0.024,0.1,0.276
51,5,0.25,0.338,0.85,0.886,0.95,0.338,0.25,0.214
52,5,0.1,0.276,1.0,1.0,1.0,0.7,0.4,0.152
53,,-0.05,0.126,0.85,0.85,0.85,0.55,0.25,0.002
54,1,0.95,0.488,1.0,0.788,0.7,0.488,0.4,0.364
55,1,1.0,0.85,1.0,0.726,0.55,0.426,0.55,0.726
56,,0.85,0.7,0.85,0.576,0.4,0.276,0.4,0.576
57,,0.7,0.55,0.7,0.426,0.25,0.126,0.25,0.426
58,,0.55,0.4,0.55,0.276,0.1,-0.024,0.1,0.276
59,6,0.488,0.25,0.488,0.426,0.462,0.976,0.462,0.426
60,6,0.426,0.1,0.426,0.576,0.824,1.0,0.824,0.576
61,,0.276,-0.05,0.276,0.426,0.674,0.85,0.674,0.426
62,2,0.638,0.95,0.638,0.576,0.612,0.7,0.612,0.576
63,2,1.0,1.0,1.0,0.726,0.55,0.55,0.55,0.726
64,,0.85,0.85,0.85,0.576,0.4,0.4,0.4,0.576
65,,0.7,0.7,0.7,0.426,0.25,0.25,0.25,0.426
66,,0.55,0.55,0.55,0.276,0.1,0.1,0.1,0.276
67,,0.4,0.4,0.4,0.126,-0.05,-0.05,-0.05,0.126
68,7,0.55,0.338,0.25,0.064,0.1,0.312,0.95,0.488
69,7,0.7,0.276,0.1,0.002,0.25,0.674,1.0,0.85
70,,0.55,0.126,-0.05,-0.148,0.1,0.524,0.85,0.7
71,4,0.488,0.276,0.312,0.852,0.462,0.674,0.788,0.55
72,4,0.426,0.426,0.674,1.0,0.824,0.824,0.726,0.4
73,,0.276,0.276,0.524,0.85,0.674,0.674,0.576,0.25
74,,0.126,0.126,0.374,0.7,0.524,0.524,0.426,0.1
75,,-0.024,-0.024,0.224,0.55,0.374,0.374,0.276,-0.05
76,8,0.338,0.126,0.162,0.4,0.312,0.524,0.638,0.95
77,8,0.7,0.276,0.1,0.25,0.25,0.674,1.0,1.0
78,,0.55,0.126,-0.05,0.1,0.1,0.524,0.85,0.85
79,3,0.7,0.488,0.95,0.462,0.25,0.462,0.7,0.788
80,3,0.85,0.85,1.0,0.824,0.4,0.4,0.55,0.726
81,,0.7,0.7,0.85,0.674,0.25,0.25,0.4,0.576
82,,0.55,0.55,0.7,0.524,0.1,0.1,0.25,0.426
83,,0.4,0.4,0.55,0.374,-0.05,-0.05,0.1,0.276
84,5,0.25,0.338,0.7,0.736,0.95,0.312,0.25,0.214
85,5,0.1,0.276,0.85,1.0,1.0,0.674,0.4,0.152
86,,-0.05,0.126,0.7,0.85,0.85,0.524,0.25,0.002
87,1,0.95,0.488,0.85,0.788,0.7,0.462,0.4,0.364
88,1,1.0,0.85,1.0,0.726,0.55,0.4,0.55,0.726
89,,0.85,0.7,0.85,0.576,0.4,0.25,0.4,0.576
90,,0.7,0.55,0.7,0.426,0.25,0.1,0.25,0.426
91,,0.55,0.4,0.55,0.276,0.1,-0.05,0.1,0.276
92,6,0.488,0.25,0.488,0.426,0.462,0.95,0.462,0.426
93,6,0.426,0.1,0.426,0.576,0.824,1.0,0.824,0.576
94,,0.276,-0.05,0.276,0.426,0.674,0.85,0.674,0.426
95,2,0.638,0.95,0.638,0.576,0.612,0.7,0.612,0.576
96,2,1.0,1.0,1.0,0.726,0.55,0.55,0.55,0.726
97,,0.85,0.85,0.85,0.576,0.4,0.4,0.4,0.576
98,,0.7,0.7,0.7,0.426,0.25,0.25,0.25,0.426
99,,0.55,0.55,0.55,0.276,0.1,0.1,0.1,0.276
100,,0.4,0.4,0.4,0.126,-0.05,-0.05,-0.05,0.126
101,5,0.25,0.338,0.55,0.488,0.95,0.312,0.1,0.064
102,5,0.1,0.276,0.7,0.85,1.0,0.674,0.25,0.002
103,,-0.05,0.126,0.55,0.7,0.85,0.524,0.1,-0.148
104,8,0.312,0.276,0.488,0.55,0.788,0.674,0.462,0.852
105,8,0.674,0.426,0.426,0.4,0.726,0.824,0.824,1.0
106,,0.524,0.276,0.276,0.25,0.576,0.674,0.674,0.85
107,,0.374,0.126,0.126,0.1,0.426,0.524,0.524,0.7
108,,0.224,-0.024,-0.024,-0.05,0.276,0.374,0.374,0.55
109,4,0.162,0.126,0.338,0.95,0.638,0.524,0.312,0.4
110,4,0.1,0.276,0.7,1.0,1.0,0.674,0.25,0.25
111,,-0.05,0.126,0.55,0.85,0.85,0.524,0.1,0.1
112,1,0.95,0.488,0.7,0.788,0.7,0.462,0.25,0.462
113,1,1.0,0.85,0.85,0.726,0.55,0.4,0.4,0.824
114,,0.85,0.7,0.7,0.576,0.4,0.25,0.25,0.674
115,,0.7,0.55,0.55,0.426,0.25,0.1,0.1,0.524
116,,0.55,0.4,0.4,0.276,0.1,-0.05,-0.05,0.374
117,7,0.7,0.338,0.25,0.214,0.25,0.312,0.95,0.736
118,7,0.85,0.276,0.1,0.152,0.4,0.674,1.0,1.0
119,,0.7,0.126,-0.05,0.002,0.25,0.524,0.85,0.85
120,3,0.85,0.488,0.95,0.364,0.4,0.462,0.7,0.788
121,3,1.0,0.85,1.0,0.726,0.55,0.4,0.55,0.726
122,,0.85,0.7,0.85,0.576,0.4,0.25,0.4,0.576
123,,0.7,0.55,0.7,0.426,0.25,0.1,0.25,0.426
124,,0.55,0.4,0.55,0.276,0.1,-0.05,0.1,0.276
125,6,0.488,0.25,0.488,0.426,0.462,0.95,0.462,0.426
126,6,0.426,0.1,0.426,0.576,0.824,1.0,0.824,0.576
127,,0.276,-0.05,0.276,0.426,0.674,0.85,0.674,0.426
128,2,0.638,0.95,0.638,0.576,0.612,0.7,0.612,0.576
129,2,1.0,1.0,1.0,0.726,0.55,0.55,0.55,0.726
130,,0.85,0.85,0.85,0.576,0.4,0.4,0.4,0.576
131,,0.7,0.7,0.7,0.426,0.25,0.25,0.25,0.426
132,,0.55,0.55,0.55,0.276,0.1,0.1,0.1,0.276
133,,0.4,0.4,0.4,0.126,-0.05,-0.05,-0.05,0.126
134,7,0.55,0.338,0.25,0.064,0.1,0.312,0.95,0.488
135,7,0.7,0.276,0.1,0.002,0.25,0.674,1.0,0.85
136,,0.55,0.126,-0.05,-0.148,0.1,0.524,0.85,0.7
137,4,0.488,0.276,0.312,0.852,0.462,0.674,0.788,0.55
138,4,0.426,0.426,0.674,1.0,0.824,0.824,0.726,0.4
139,,0.276,0.276,0.524,0.85,0.674,0.674,0.576,0.25
140,,0.126,0.126,0.374,0.7,0.524,0.524,0.426,0.1
141,,-0.024,-0.024,0.224,0.55,0.374,0.374,0.276,-0.05
142,8,0.338,0.126,0.162,0.4,0.312,0.524,0.638,0.95
143,8,0.7,0.276,0.1,0.25,0.25,0.674,1.0,1.0
144,,0.55,0.126,-0.05,0.1,0.1,0.524,0.85,0.85
145,3,0.7,0.488,0.95,0.462,0.25,0.462,0.7,0.788
146,3,0.85,0.85,1.0,0.824,0.4,0.4,0.55,0.726
147,,0.7,0.7,0.85,0.674,0.25,0.25,0.4,0.576
148,,0.55,0.55,0.7,0.524,0.1,0.1,0.25,0.426
149,,0.4,0.4,0.55,0.374,-0.05,-0.05,0.1,0.276
150,5,0.25,0.338,0.7,0.736,0.95,0.312,0.25,0.214
151,5,0.1,0.276,0.85,1.0,1.0,0.674,0.4,0.152
152,,-0.05,0.126,0.7,0.85,0.85,0.524,0.25,0.002
153,1,0.95,0.488,0.85,0.788,0.7,0.462,0.4,0.364
154,1,1.0,0.85,1.0,0.726,0.55,0.4,0.55,0.726
155,,0.85,0.7,0.85,0.576,0.4,0.25,0.4,0.576
156,,0.7,0.55,0.7,0.426,0.25,0.1,0.25,0.426
157,,0.55,0.4,0.55,0.276,0.1,-0.05,0.1,0.276
158,6,0.488,0.25,0.488,0.426,0.462,0.95,0.462,0.426
159,6,0.426,0.1,0.426,0.576,0.824,1.0,0.824,0.576
160,,0.276,-0.05,0.276,0.426,0.674,0.85,0.674,0.426
161,2,0.638,0.95,0.638,0.576,0.612,0.7,0.612,0.576
162,2,1.0,1.0,1.0,0.726,0.55,0.55,0.55,0.726
163,,0.85,0.85,0.85,0.576,0.4,0.4,0.4,0.576
164,,0.7,0.7,0.7,0.426,0.25,0.25,0.25,0.426
165,,0.55,0.55,0.55,0.276,0.1,0.1,0.1,0.276
166,,0.4,0.4,0.4,0.126,-0.05,-0.05,-0.05,0.126
167,5,0.25,0.338,0.55,0.488,0.95,0.312,0.1,0.064
168,5,0.1,0.276,0.7,0.85,1.0,0.674,0.25,0.002
169,,-0.05,0.126,0.55,0.7,0.85,0.524,0.1,-0.148
170,8,0.312,0.276,0.488,0.55,0.788,0.674,0.462,0.852
171,8,0.674,0.426,0.426,0.4,0.726,0.824,0.824,1.0
172,,0.524,0.276,0.276,0.25,0.576,0.674,0.674,0.85
173,,0.374,0.126,0.126,0.1,0.426,0.524,0.524,0.7
174,,0.224,-0.024,-0.024,-0.05,0.276,0.374,0.374,0.55
175,4,0.162,0.126,0.338,0.95,0.638,0.524,0.312,0.4
176,4,0.1,0.276,0.7,1.0,1.0,0.674,0.25,0.25
177,,-0.05,0.126,0.55,0.85,0.85,0.524,0.1,0.1
178,1,0.95,0.488,0.7,0.788,0.7,0.462,0.25,0.462
179,1,1.0,0.85,0.85,0.726,0.55,0.4,0.4,0.824
180,,0.85,0.7,0.7,0.576,0.4,0.25,0.25,0.674
181,,0.7,0.55,0.55,0.426,0.25,0.1,0.1,0.524
182,,0.55,0.4,0.4,0.276,0.1,-0.05,-0.05,0.374
183,6,0.488,0.25,0.338,0.426,0.462,0.95,0.312,0.524
184,6,0.426,0.1,0.276,0.576,0.824,1.0,0.674,0.674
185,,0.276,-0.05,0.126,0.426,0.674,0.85,0.524,0.524
186,2,0.638,0.95,0.488,0.576,0.612,0.7,0.462,0.674
187,2,1.0,1.0,0.85,0.726,0.55,0.55,0.4,0.824
188,,0.85,0.85,0.7,0.576,0.4,0.4,0.25,0.674
189,,0.7,0.7,0.55,0.426,0.25,0.25,0.1,0.524
190,,0.55,0.55,0.4,0.276,0.1,0.1,-0.05,0.374
191,7,0.7,0.488,0.25,0.214,0.25,0.462,0.95,0.736
192,7,0.85,0.426,0.1,0.152,0.4,0.824,1.0,1.0
193,,0.7,0.276,-0.05,0.002,0.25,0.674,0.85,0.85
194,3,0.85,0.638,0.95,0.364,0.4,0.612,0.7,0.788
195,3,1.0,1.0,1.0,0.726,0.55,0.55,0.55,0.726
196,,0.85,0.85,0.85,0.576,0.4,0.4,0.4,0.576
197,,0.7,0.7,0.7,0.426,0.25,0.25,0.25,0.426
198,,0.55,0.55,0.55,0.276,0.1,0.1,0.1,0.276
199,,0.4,0.4,0.4,0.126,-0.05,-0.05,-0.05,0.126
200,7,0.55,0.338,0.25,0.064,0.1,0.312,0.95,0.488
201,7,0.7,0.276,0.1,0.002,0.25,0.674,1.0,0.85
202,,0.55,0.126,-0.05,-0.148,0.1,0.524,0.85,0.7
203,4,0.488,0.276,0.312,0.852,0.462,0.674,0.788,0.55
204,4,0.426,0.426,0.674,1.0,0.824,0.824,0.726,0.4
205,,0.276,0.276,0.524,0.85,0.674,0.674,0.576,0.25
206,,0.126,0.126,0.374,0.7,0.524,0.524,0.426,0.1
207,,-0.024,-0.024,0.224,0.55,0.374,0.374,0.276,-0.05
208,8,0.338,0.126,0.162,0.4,0.312,0.524,0.638,0.95
209,8,0.7,0.276,0.1,0.25,0.25,0.674,1.0,1.0
210,,0.55,0.126,-0.05,0.1,0.1,0.524,0.85,0.85
211,3,0.7,0.488,0.95,0.462,0.25,0.462,0.7,0.788
212,3,0.85,0.85,1.0,0.824,0.4,0.4,0.55,0.726
213,,0.7,0.7,0.85,0.674,0.25,0.25,0.4,0.576
214,,0.55,0.55,0.7,0.524,0.1,0.1,0.25,0.426
215,,0.4,0.4,0.55,0.374,-0.05,-0.05,0.1,0.276
216,6,0.338,0.25,0.488,0.524,0.312,0.95,0.462,0.426
217,6,0.276,0.1,0.426,0.674,0.674,1.0,0.824,0.576
218,,0.126,-0.05,0.276,0.524,0.524,0.85,0.674,0.426
219,2,0.488,0.95,0.638,0.674,0.462,0.7,0.612,0.576
220,2,0.85,1.0,1.0,0.824,0.4,0.55,0.55,0.726
221,,0.7,0.85,0.85,0.674,0.25,0.4,0.4,0.576
222,,0.55,0.7,0.7,0.524,0.1,0.25,0.25,0.426
223,,0.4,0.55,0.55,0.374,-0.05,0.1,0.1,0.276
224,5,0.25,0.488,0.7,0.736,0.95,0.462,0.25,0.214
225,5,0.1,0.426,0.85,1.0,1.0,0.824,0.4,0.152
226,,-0.05,0.276,0.7,0.85,0.85,0.674,0.25,0.002
227,1,0.95,0.638,0.85,0.788,0.7,0.612,0.4,0.364
228,1,1.0,1.0,1.0,0.726,0.55,0.55,0.55,0.726
229,,0.85,0.85,0.85,0.576,0.4,0.4,0.4,0.576
230,,0.7,0.7,0.7,0.426,0.25,0.25,0.25,0.426
231,,0.55,0.55,0.55,0.276,0.1,0.1,0.1,0.276
232,,0.4,0.4,0.4,0.126,-0.05,-0.05,-0.05,0.126
233,5,0.25,0.338,0.55,0.488,0.95,0.312,0.1,0.064
234,5,0.1,0.276,0.7,0.85,1.0,0.674,0.25,0.002
235,,-0.05,0.126,0.55,0.7,0.85,0.524,0.1,-0.148
236,8,0.312,0.276,0.488,0.55,0.788,0.674,0.462,0.852
237,8,0.674,0.426,0.426,0.4,0.726,0.824,0.824,1.0
238,,0.524,0.276,0.276,0.25,0.576,0.674,0.674,0.85
239,,0.374,0.126,0.126,0.1,0.426,0.524,0.524,0.7
240,,0.224,-0.024,-0.024,-0.05,0.276,0.374,0.374,0.55
241,4,0.162,0.126,0.338,0.95,0.638,0.524,0.312,0.4
242,4,0.1,0.276,0.7,1.0,1.0,0.674,0.25,0.25
243,,-0.05,0.126,0.55,0.85,0.85,0.524,0.1,0.1
244,1,0.95,0.488,0.7,0.788,0.7,0.462,0.25,0.462
245,1,1.0,0.85,0.85,0.726,0.55,0.4,0.4,0.824
246,,0.85,0.7,0.7,0.576,0.4,0.25,0.25,0.674
247,,0.7,0.55,0.55,0.426,0.25,0.1,0.1,0.524
248,,0.55,0.4,0.4,0.276,0.1,-0.05,-0.05,0.374
249,7,0.7,0.338,0.25,0.214,0.25,0.312,0.95,0.736
250,7,0.85,0.276,0.1,0.152,0.4,0.674,1.0,1.0
251,,0.7,0.126,-0.05,0.002,0.25,0.524,0.85,0.85
252,3,0.85,0.488,0.95,0.364,0.4,0.462,0.7,0.788
253,3,1.0,0.85,1.0,0.726,0.55,0.4,0.55,0.726
254,,0.85,0.7,0.85,0.576,0.4,0.25,0.4,0.576
255,,0.7,0.55,0.7,0.426,0.25,0.1,0.25,0.426
256,,0.55,0.4,0.55,0.276,0.1,-0.05,0.1,0.276
257,6,0.488,0.25,0.488,0.426,0.462,0.95,0.462,0.426
258,6,0.426,0.1,0.426,0.576,0.824,1.0,0.824,0.576
259,,0.276,-0.05,0.276,0.426,0.674,0.85,0.674,0.426
260,2,0.638,0.95,0.638,0.576,0.612,0.7,0.612,0.576
261,2,1.0,1.0,1.0,0.726,0.55,0.55,0.55,0.726
262,,0.85,0.85,0.85,0.576,0.4,0.4,0.4,0.576
263,,0.7,0.7,0.7,0.426,0.25,0.25,0.25,0.426
264,,0.55,0.55,0.55,0.276,0.1,0.1,0.1,0.276
265,,0.4,0.4,0.4,0.126,-0.05,-0.05,-0.05,0.126
266,7,0.55,0.338,0.25,0.064,0.1,0.312,0.95,0.488
267,7,0.7,0.276,0.1,0.002,0.25,0.674,1.0,0.85
268,,0.55,0.126,-0.05,-0.148,0.1,0.524,0.85,0.7
269,4,0.488,0.276,0.312,0.852,0.462,0.674,0.788,0.55
270,4,0.426,0.426,0.674,1.0,0.824,0.824,0.726,0.4
271,,0.276,0.276,0.524,0.85,0.674,0.674,0.576,0.25
272,,0.126,0.126,0.374,0.7,0.524,0.524,0.426,0.1
273,,-0.024,-0.024,0.224,0.55,0.374,0.374,0.276,-0.05
274,8,0.338,0.126,0.162,0.4,0.312,0.524,0.638,0.95
275,8,0.7,0.276,0.1,0.25,0.25,0.674,1.0,1.0
276,,0.55,0.126,-0.05,0.1,0.1,0.524,0.85,0.85
277,3,0.7,0.488,0.95,0.462,0.25,0.462,0.7,0.788
278,3,0.85,0.85,1.0,0.824,0.4,0.4,0.55,0.726
279,,0.7,0.7,0.85,0.674,0.25,0.25,0.4,0.576
280,,0.55,0.55,0.7,0.524,0.1,0.1,0.25,0.426
281,,0.4,0.4,0.55,0.374,-0.05,-0.05,0.1,0.276
282,5,0.25,0.338,0.7,0.736,0.95,0.312,0.25,0.214
283,5,0.1,0.276,0.85,1.0,1.0,0.674,0.4,0.152
284,,-0.05,0.126,0.7,0.85,0.85,0.524,0.25,0.002
285,1,0.95,0.488,0.85,0.788,0.7,0.462,0.4,0.364
286,1,1.0,0.85,1.0,0.726,0.55,0.4,0.55,0.726
287,,0.85,0.7,0.85,0.576,0.4,0.25,0.4,0.576
288,,0.7,0.55,0.7,0.426,0.25,0.1,0.25,0.426
289,,0.55,0.4,0.55,0.276,0.1,-0.05,0.1,0.276
290,6,0.488,0.25,0.488,0.426,0.462,0.95,0.462,0.426
291,6,0.426,0.1,0.426,0.576,0.824,1.0,0.824,0.576
292,,0.276,-0.05,0.276,0.426,0.674,0.85,0.674,0.426
293,2,0.638,0.95,0.638,0.576,0.612,0.7,0.612,0.576
294,2,1.0,1.0,1.0,0.726,0.55,0.55,0.55,0.726
295,,0.85,0.85,0.85,0.576,0.4,0.4,0.4,0.576
296,,0.7,0.7,0.7,0.426,0.25,0.25,0.25,0.426
297,,0.55,0.55,0.55,0.276,0.1,0.1,0.1,0.276
298,,0.4,0.4,0.4,0.126,-0.05,-0.05,-0.05,0.126
299,7,0.55,0.338,0.25,0.064,0.1,0.312,0.95,0.488
300,7,0.7,0.276,0.1,0.002,0.25,0.674,1.0,0.85
301,,0.55,0.126,-0.05,-0.148,0.1,0.524,0.85,0.7
302,4,0.488,0.276,0.312,0.852,0.462,0.674,0.788,0.55
303,4,0.426,0.426,0.674,1.0,0.824,0.824,0.726,0.4
304,,0.276,0.276,0.524,0.85,0.674,0.674,0.576,0.25
305,,0.126,0.126,0.374,0.7,0.524,0.524,0.426,0.1
306,,-0.024,-0.024,0.224,0.55,0.374,0.374,0.276,-0.05
307,8,0.338,0.126,0.162,0.4,0.312,0.524,0.638,0.95
308,8,0.7,0.276,0.1,0.25,0.25,0.674,1.0,1.0
309,,0.55,0.126,-0.05,0.1,0.1,0.524,0.85,0.85
310,3,0.7,0.488,0.95,0.462,0.25,0.462,0.7,0.788
311,3,0.85,0.85,1.0,0.824,0.4,0.4,0.55,0.726
312,,0.7,0.7,0.85,0.674,0.25,0.25,0.4,0.576
313,,0.55,0.55,0.7,0.524,0.1,0.1,0.25,0.426
314,,0.4,0.4,0.55,0.374,-0.05,-0.05,0.1,0.276
315,5,0.25,0.338,0.7,0.736,0.95,0.312,0.25,0.214
316,5,0.1,0.276,0.85,1.0,1.0,0.674,0.4,0.152
317,,-0.05,0.126,0.7,0.85,0.85,0.524,0.25,0.002
318,1,0.95,0.488,0.85,0.788,0.7,0.462,0.4,0.364
319,1,1.0,0.85,1.0,0.726,0.55,0.4,0.55,0.726
320,,0.85,0.7,0.85,0.576,0.4,0.25,0.4,0.576
321,,0.7,0.55,0.7,0.426,0.25,0.1,0.25,0.426
322,,0.55,0.4,0.55,0.276,0.1,-0.05,0.1,0.276
323,6,0.488,0.25,0.488,0.426,0.462,0.95,0.462,0.426
324,6,0.426,0.1,0.426,0.576,0.824,1.0,0.824,0.576
325,,0.276,-0.05,0.276,0.426,0.674,0.85,0.674,0.426
326,2,0.638,0.95,0.638,0.576,0.612,0.7,0.612,0.576
327,2,1.0,1.0,1.0,0.726,0.55,0.55,0.55,0.726
328,,0.85,0.85,0.85,0.576,0.4,0.4,0.4,0.576
329,,0.7,0.7,0.7,0.426,0.25,0.25,0.25,0.426
330,,0.55,0.55,0.55,0.276,0.1,0.1,0.1,0.276
331,,0.4,0.4,0.4,0.126,-0.05,-0.05,-0.05,0.126
332,6,0.338,0.25,0.338,0.276,0.312,0.95,0.312,0.276
333,6,0.276,0.1,0.276,0.426,0.674,1.0,0.674,0.426
334,,0.126,-0.05,0.126,0.276,0.524,0.85,0.524,0.276
335,2,0.488,0.95,0.488,0.426,0.462,0.7,0.462,0.426
336,2,0.85,1.0,0.85,0.576,0.4,0.55,0.4,0.576
337,,0.7,0.85,0.7,0.426,0.25,0.4,0.25,0.426
338,,0.55,0.7,0.55,0.276,0.1,0.25,0.1,0.276
339,,0.4,0.55,0.4,0.126,-0.05,0.1,-0.05,0.126
340,5,0.25,0.488,0.55,0.488,0.95,0.462,0.1,0.064
341,5,0.1,0.426,0.7,0.85,1.0,0.824,0.25,0.002
342,,-0.05,0.276,0.55,0.7,0.85,0.674,0.1,-0.148
343,8,0.312,0.426,0.488,0.55,0.788,0.824,0.462,0.852
344,8,0.674,0.576,0.426,0.4,0.726,0.974,0.824,1.0
345,,0.524,0.426,0.276,0.25,0.576,0.824,0.674,0.85
346,,0.374,0.276,0.126,0.1,0.426,0.674,0.524,0.7
347,,0.224,0.126,-0.024,-0.05,0.276,0.524,0.374,0.55
348,4,0.162,0.276,0.338,0.95,0.638,0.674,0.312,0.4
349,4,0.1,0.426,0.7,1.0,1.0,0.824,0.25,0.25
350,,-0.05,0.276,0.55,0.85,0.85,0.674,0.1,0.1
351,1,0.95,0.638,0.7,0.788,0.7,0.612,0.25,0.462
352,1,1.0,1.0,0.85,0.726,0.55,0.55,0.4,0.824
353,,0.85,0.85,0.7,0.576,0.4,0.4,0.25,0.674
354,,0.7,0.7,0.55,0.426,0.25,0.25,0.1,0.524
355,,0.55,0.55,0.4,0.276,0.1,0.1,-0.05,0.374
356,7,0.7,0.488,0.25,0.214,0.25,0.462,0.95,0.736
357,7,0.85,0.426,0.1,0.152,0.4,0.824,1.0,1.0
358,,0.7,0.276,-0.05,0.002,0.25,0.674,0.85,0.85
359,3,0.85,0.638,0.95,0.364,0.4,0.612,0.7,0.788
360,3,1.0,1.0,1.0,0.726,0.55,0.55,0.55,0.726
361,,0.85,0.85,0.85,0.576,0.4,0.4,0.4,0.576
362,,0.7,0.7,0.7,0.426,0.25,0.25,0.25,0.426
363,,0.55,0.55,0.55,0.276,0.1,0.1,0.1,0.276
364,,0.4,0.4,0.4,0.126,-0.05,-0.05,-0.05,0.126
365,7,0.55,0.338,0.25,0.064,0.1,0.312,0.95,0.488
366,7,0.7,0.276,0.1,0.002,0.25,0.674,1.0,0.85
367,,0.55,0.126,-0.05,-0.148,0.1,0.524,0.85,0.7
368,4,0.488,0.276,0.312,0.852,0.462,0.674,0.788,0.55
369,4,0.426,0.426,0.674,1.0,0.824,0.824,0.726,0.4
370,,0.276,0.276,0.524,0.85,0.674,0.674,0.576,0.25
371,,0.126,0.126,0.374,0.7,0.524,0.524,0.426,0.1
372,,-0.024,-0.024,0.224,0.55,0.374,0.374,0.276,-0.05
373,8,0.338,0.126,0.162,0.4,0.312,0.524,0.638,0.95
374,8,0.7,0.276,0.1,0.25,0.25,0.674,1.0,1.0
375,,0.55,0.126,-0.05,0.1,0.1,0.524,0.85,0.85
376,3,0.7,0.488,0.95,0.462,0.25,0.462,0.7,0.788
377,3,0.85,0.85,1.0,0.824,0.4,0.4,0.55,0.726
378,,0.7,0.7,0.85,0.674,0.25,0.25,0.4,0.576
379,,0.55,0.55,0.7,0.524,0.1,0.1,0.25,0.426
380,,0.4,0.4,0.55,0.374,-0.05,-0.05,0.1,0.276
381,5,0.25,0.338,0.7,0.736,0.95,0.312,0.25,0.214
382,5,0.1,0.276,0.85,1.0,1.0,0.674,0.4,0.152
383,,-0.05,0.126,0.7,0.85,0.85,0.524,0.25,0.002
384,1,0.95,0.488,0.85,0.788,0.7,0.462,0.4,0.364
385,1,1.0,0.85,1.0,0.726,0.55,0.4,0.55,0.726
386,,0.85,0.7,0.85,0.576,0.4,0.25,0.4,0.576
387,,0.7,0.55,0.7,0.426,0.25,0.1,0.25,0.426
388,,0.55,0.4,0.55,0.276,0.1,-0.05,0.1,0.276
389,6,0.488,0.25,0.488,0.426,0.462,0.95,0.462,0.426
390,6,0.426,0.1,0.426,0.576,0.824,1.0,0.824,0.576
391,,0.276,-0.05,0.276,0.426,0.674,0.85,0.674,0.426
392,2,0.638,0.95,0.638,0.576,0.612,0.7,0.612,0.576
393,2,1.0,1.0,1.0,0.726,0.55,0.55,0.55,0.726
394,,0.85,0.85,0.85,0.576,0.4,0.4,0.4,0.576
395,,0.7,0.7,0.7,0.426,0.25,0.25,0.25,0.426
396,,0.55,0.55,0.55,0.276,0.1,0.1,0.1,0.276
397,,0.4,0.4,0.4,0.126,-0.05,-0.05,-0.05,0.126
398,7,0.55,0.338,0.25,0.064,0.1,0.312,0.95,0.488
399,7,0.7,0.276,0.1,0.002,0.25,0.674,1.0,0.85
400,,0.55,0.126,-0.05,-0.148,0.1,0.524,0.85,0.7
401,4,0.488,0.276,0.312,0.852,0.462,0.674,0.788,0.55
402,4,0.426,0.426,0.674,1.0,0.824,0.824,0.726,0.4
403,,0.276,0.276,0.524,0.85,0.674,0.674,0.576,0.25
404,,0.126,0.126,0.374,0.7,0.524,0.524,0.426,0.1
405,,-0.024,-0.024,0.224,0.55,0.374,0.374,0.276,-0.05
406,8,0.338,0.126,0.162,0.4,0.312,0.524,0.638,0.95
407,8,0.7,0.276,0.1,0.25,0.25,0.674,1.0,1.0
408,,0.55,0.126,-0.05,0.1,0.1,0.524,0.85,0.85
409,3,0.7,0.488,0.95,0.462,0.25,0.462,0.7,0.788
410,3,0.85,0.85,1.0,0.824,0.4,0.4,0.55,0.726
411,,0.7,0.7,0.85,0.674,0.25,0.25,0.4,0.576
412,,0.55,0.55,0.7,0.524,0.1,0.1,0.25,0.426
413,,0.4,0.4,0.55,0.374,-0.05,-0.05,0.1,0.276
414,6,0.338,0.25,0.488,0.524,0.312,0.95,0.462,0.426
415,6,0.276,0.1,0.426,0.674,0.674,1.0,0.824,0.576
416,,0.126,-0.05,0.276,0.524,0.524,0.85,0.674,0.426
417,2,0.488,0.95,0.638,0.674,0.462,0.7,0.612,0.576
418,2,0.85,1.0,1.0,0.824,0.4,0.55,0.55,0.726
419,,0.7,0.85,0.85,0.674,0.25,0.4,0.4,0.576
420,,0.55,0.7,0.7,0.524,0.1,0.25,0.25,0.426
421,,0.4,0.55,0.55,0.374,-0.05,0.1,0.1,0.276
422,5,0.25,0.488,0.7,0.736,0.95,0.462,0.25,0.214
423,5,0.1,0.426,0.85,1.0,1.0,0.824,0.4,0.152
424,,-0.05,0.276,0.7,0.85,0.85,0.674,0.25,0.002
425,1,0.95,0.638,0.85,0.788,0.7,0.612,0.4,0.364
426,1,1.0,1.0,1.0,0.726,0.55,0.55,0.55,0.726
427,,0.85,0.85,0.85,0.576,0.4,0.4,0.4,0.576
428,,0.7,0.7,0.7,0.426,0.25,0.25,0.25,0.426
429,,0.55,0.55,0.55,0.276,0.1,0.1,0.1,0.276
430,,0.4,0.4,0.4,0.126,-0.05,-0.05,-0.05,0.126
431,6,0.338,0.25,0.338,0.276,0.312,0.95,0.312,0.276
432,6,0.276,0.1,0.276,0.426,0.674,1.0,0.674,0.426
433,,0.126,-0.05,0.126,0.276,0.524,0.85,0.524,0.276
434,2,0.488,0.95,0.488,0.426,0.462,0.7,0.462,0.426
435,2,0.85,1.0,0.85,0.576,0.4,0.55,0.4,0.576
436,,0.7,0.85,0.7,0.426,0.25,0.4,0.25,0.426
437,,0.55,0.7,0.55,0.276,0.1,0.25,0.1,0.276
438,,0.4,0.55,0.4,0.126,-0.05,0.1,-0.05,0.126
439,7,0.55,0.488,0.25,0.064,0.1,0.462,0.95,0.488
440,7,0.7,0.426,0.1,0.002,0.25,0.824,1.0,0.85
441,,0.55,0.276,-0.05,-0.148,0.1,0.674,0.85,0.7
442,4,0.488,0.426,0.312,0.852,0.462,0.824,0.788,0.55
443,4,0.426,0.576,0.674,1.0,0.824,0.974,0.726,0.4
444,,0.276,0.426,0.524,0.85,0.674,0.824,0.576,0.25
445,,0.126,0.276,0.374,0.7,0.524,0.674,0.426,0.1
446,,-0.024,0.126,0.224,0.55,0.374,0.524,0.276,-0.05
447,8,0.338,0.276,0.162,0.4,0.312,0.674,0.638,0.95
448,8,0.7,0.426,0.1,0.25,0.25,0.824,1.0,1.0
449,,0.55,0.276,-0.05,0.1,0.1,0.674,0.85,0.85
450,3,0.7,0.638,0.95,0.462,0.25,0.612,0.7,0.788
451,3,0.85,1.0,1.0,0.824,0.4,0.55,0.55,0.726
452,,0.7,0.85,0.85,0.674,0.25,0.4,0.4,0.576
453,,0.55,0.7,0.7,0.524,0.1,0.25,0.25,0.426
454,,0.4,0.55,0.55,0.374,-0.05,0.1,0.1,0.276
455,5,0.25,0.488,0.7,0.736,0.95,0.462,0.25,0.214
456,5,0.1,0.426,0.85,1.0,1.0,0.824,0.4,0.152
457,,-0.05,0.276,0.7,0.85,0.85,0.674,0.25,0.002
458,1,0.95,0.638,0.85,0.788,0.7,0.612,0.4,0.364
459,1,1.0,1.0,1.0,0.726,0.55,0.55,0.55,0.726
460,,0.85,0.85,0.85,0.576,0.4,0.4,0.4,0.576
461,,0.7,0.7,0.7,0.426,0.25,0.25,0.25,0.426
462,,0.55,0.55,0.55,0.276,0.1,0.1,0.1,0.276
463,,0.4,0.4,0.4,0.126,-0.05,-0.05,-0.05,0.126
464,6,0.338,0.25,0.338,0.276,0.312,0.95,0.312,0.276
465,6,0.276,0.1,0.276,0.426,0.674,1.0,0.674,0.426
466,,0.126,-0.05,0.126,0.276,0.524,0.85,0.524,0.276
467,2,0.488,0.95,0.488,0.426,0.462,0.7,0.462,0.426
468,2,0.85,1.0,0.85,0.576,0.4,0.55,0.4,0.576
469,,0.7,0.85,0.7,0.426,0.25,0.4,0.25,0.426
470,,0.55,0.7,0.55,0.276,0.1,0.25,0.1,0.276
471,,0.4,0.55,0.4,0.126,-0.05,0.1,-0.05,0.126
472,7,0.55,0.488,0.25,0.064,0.1,0.462,0.95,0.488
473,7,0.7,0.426,0.1,0.002,0.25,0.824,1.0,0.85
474,,0.55,0.276,-0.05,-0.148,0.1,0.674,0.85,0.7
475,4,0.488,0.426,0.312,0.852,0.462,0.824,0.788,0.55
476,4,0.426,0.576,0.674,1.0,0.824,0.974,0.726,0.4
477,,0.276,0.426,0.524,0.85,0.674,0.824,0.576,0.25
478,,0.126,0.276,0.374,0.7,0.524,0.674,0.426,0.1
479,,-0.024,0.126,0.224,0.55,0.374,0.524,0.276,-0.05
480,8,0.338,0.276,0.162,0.4,0.312,0.674,0.638,0.95
481,8,0.7,0.426,0.1,0.25,0.25,0.824,1.0,1.0
482,,0.55,0.276,-0.05,0.1,0.1,0.674,0.85,0.85
483,3,0.7,0.638,0.95,0.462,0.25,0.612,0.7,0.788
484,3,0.85,1.0,1.0,0.824,0.4,0.55,0.55,0.726
485,,0.7,0.85,0.85,0.674,0.25,0.4,0.4,0.576
486,,0.55,0.7,0.7,0.524,0.1,0.25,0.25,0.426
487,,0.4,0.55,0.55,0.374,-0.05,0.1,0.1,0.276
488,5,0.25,0.488,0.7,0.736,0.95,0.462,0.25,0.214
489,5,0.1,0.426,0.85,1.0,1.0,0.824,0.4,0.152
490,,-0.05,0.276,0.7,0.85,0.85,0.674,0.25,0.002
491,1,0.95,0.638,0.85,0.788,0.7,0.612,0.4,0.364
492,1,1.0,1.0,1.0,0.726,0.55,0.55,0.55,0.726
493,,0.85,0.85,0.85,0.576,0.4,0.4,0.4,0.576
494,,0.7,0.7,0.7,0.426,0.25,0.25,0.25,0.426
495,,0.55,0.55,0.55,0.276,0.1,0.1,0.1,0.276
496,,0.4,0.4,0.4,0.126,-0.05,-0.05,-0.05,0.126
497,7,0.55,0.338,0.25,0.064,0.1,0.312,0.95,0.488
498,7,0.7,0.276,0.1,0.002,0.25,0.674,1.0,0.85
499,,0.55,0.126,-0.05,-0.148,0.1,0.524,0.85,0.7
500,4,0.488,0.276,0.312,0.852,0.462,0.674,0.788,0.55
501,4,0.426,0.426,0.674,1.0,0.824,0.824,0.726,0.4
502,,0.276,0.276,0.524,0.85,0.674,0.674,0.576,0.25
503,,0.126,0.126,0.374,0.7,0.524,0.524,0.426,0.1
504,,-0.024,-0.024,0.224,0.55,0.374,0.374,0.276,-0.05
505,8,0.338,0.126,0.162,0.4,0.312,0.524,0.638,0.95
506,8,0.7,0.276,0.1,0.25,0.25,0.674,1.0,1.0
507,,0.55,0.126,-0.05,0.1,0.1,0.524,0.85,0.85
508,3,0.7,0.488,0.95,0.462,0.25,0.462,0.7,0.788
509,3,0.85,0.85,1.0,0.824,0.4,0.4,0.55,0.726
510,,0.7,0.7,0.85,0.674,0.25,0.25,0.4,0.576
511,,0.55,0.55,0.7,0.524,0.1,0.1,0.25,0.426
512,,0.4,0.4,0.55,0.374,-0.05,-0.05,0.1,0.276
513,5,0.25,0.338,0.7,0.736,0.95,0.312,0.25,0.214
514,5,0.1,0.276,0.85,1.0,1.0,0.674,0.4,0.152
515,,-0.05,0.126,0.7,0.85,0.85,0.524,0.25,0.002
516,1,0.95,0.488,0.85,0.788,0.7,0.462,0.4,0.364
517,1,1.0,0.85,1.0,0.726,0.55,0.4,0.55,0.726
518,,0.85,0.7,0.85,0.576,0.4,0.25,0.4,0.576
519,,0.7,0.55,0.7,0.426,0.25,0.1,0.25,0.426
520,,0.55,0.4,0.55,0.276,0.1,-0.05,0.1,0.276
521,6,0.488,0.25,0.488,0.426,0.462,0.95,0.462,0.426
522,6,0.426,0.1,0.426,0.576,0.824,1.0,0.824,0.576
523,,0.276,-0.05,0.276,0.426,0.674,0.85,0.674,0.426
524,2,0.638,0.95,0.638,0.576,0.612,0.7,0.612,0.576
525,2,1.0,1.0,1.0,0.726,0.55,0.55,0.55,0.726
526,,0.85,0.85,0.85,0.576,0.4,0.4,0.4,0.576
527,,0.7,0.7,0.7,0.426,0.25,0.25,0.25,0.426
528,,0.55,0.55,0.55,0.276,0.1,0.1,0.1,0.276
529,,0.4,0.4,0.4,0.126,-0.05,-0.05,-0.05,0.126
530,6,0.338,0.25,0.338,0.276,0.312,0.95,0.312,0.276
531,6,0.276,0.1,0.276,0.426,0.674,1.0,0.674,0.426
532,,0.126,-0.05,0.126,0.276,0.524,0.85,0.524,0.276
533,2,0.488,0.95,0.488,0.426,0.462,0.7,0.462,0.426
534,2,0.85,1.0,0.85,0.576,0.4,0.55,0.4,0.576
535,,0.7,0.85,0.7,0.426,0.25,0.4,0.25,0.426
536,,0.55,0.7,0.55,0.276,0.1,0.25,0.1,0.276
537,,0.4,0.55,0.4,0.126,-0.05,0.1,-0.05,0.126
538,7,0.55,0.488,0.25,0.064,0.1,0.462,0.95,0.488
539,7,0.7,0.426,0.1,0.002,0.25,0.824,1.0,0.85
540,,0.55,0.276,-0.05,-0.148,0.1,0.674,0.85,0.7
541,4,0.488,0.426,0.312,0.852,0.462,0.824,0.788,0.55
542,4,0.426,0.576,0.674,1.0,0.824,0.974,0.726,0.4
543,,0.276,0.426,0.524,0.85,0.674,0.824,0.576,0.25
544,,0.126,0.276,0.374,0.7,0.524,0.674,0.426,0.1
545,,-0.024,0.126,0.224,0.55,0.374,0.524,0.276,-0.05
546,8,0.338,0.276,0.162,0.4,0.312,0.674,0.638,0.95
547,8,0.7,0.426,0.1,0.25,0.25,0.824,1.0,1.0
548,,0.55,0.276,-0.05,0.1,0.1,0.674,0.85,0.85
549,3,0.7,0.638,0.95,0.462,0.25,0.612,0.7,0.788
550,3,0.85,1.0,1.0,0.824,0.4,0.55,0.55,0.726
551,,0.7,0.85,0.85,0.674,0.25,0.4,0.4,0.576
552,,0.55,0.7,0.7,0.524,0.1,0.25,0.25,0.426
553,,0.4,0.55,0.55,0.374,-0.05,0.1,0.1,0.276
554,5,0.25,0.488,0.7,0.736,0.95,0.462,0.25,0.214
555,5,0.1,0.426,0.85,1.0,1.0,0.824,0.4,0.152
556,,-0.05,0.276,0.7,0.85,0.85,0.674,0.25,0.002
557,1,0.95,0.638,0.85,0.788,0.7,0.612,0.4,0.364
558,1,1.0,1.0,1.0,0.726,0.55,0.55,0.55,0.726
559,,0.85,0.85,0.85,0.576,0.4,0.4,0.4,0.576
560,,0.7,0.7,0.7,0.426,0.25,0.25,0.25,0.426
561,,0.55,0.55,0.55,0.276,0.1,0.1,0.1,0.276
562,,0.4,0.4,0.4,0.126,-0.05,-0.05,-0.05,0.126
563,7,0.55,0.338,0.25,0.064,0.1,0.312,0.95,0.488
564,7,0.7,0.276,0.1,0.002,0.25,0.674,1.0,0.85
565,,0.55,0.126,-0.05,-0.148,0.1,0.524,0.85,0.7
566,4,0.488,0.276,0.312,0.852,0.462,0.674,0.788,0.55
567,4,0.426,0.426,0.674,1.0,0.824,0.824,0.726,0.4
568,,0.276,0.276,0.524,0.85,0.674,0.674,0.576,0.25
569,,0.126,0.126,0.374,0.7,0.524,0.524,0.426,0.1
570,,-0.024,-0.024,0.224,0.55,0.374,0.374,0.276,-0.05
571,8,0.338,0.126,0.162,0.4,0.312,0.524,0.638,0.95
572,8,0.7,0.276,0.1,0.25,0.25,0.674,1.0,1.0
573,,0.55,0.126,-0.05,0.1,0.1,0.524,0.85,0.85
574,3,0.7,0.488,0.95,0.462,0.25,0.462,0.7,0.788
575,3,0.85,0.85,1.0,0.824,0.4,0.4,0.55,0.726
576,,0.7,0.7,0.85,0.674,0.25,0.25,0.4,0.576
577,,0.55,0.55,0.7,0.524,0.1,0.1,0.25,0.426
578,,0.4,0.4,0.55,0.374,-0.05,-0.05,0.1,0.276
579,6,0.338,0.25,0.488,0.524,0.312,0.95,0.462,0.426
580,6,0.276,0.1,0.426,0.674,0.674,1.0,0.824,0.576
581,,0.126,-0.05,0.276,0.524,0.524,0.85,0.674,0.426
582,2,0.488,0.95,0.638,0.674,0.462,0.7,0.612,0.576
583,2,0.85,1.0,1.0,0.824,0.4,0.55,0.55,0.726
584,,0.7,0.85,0.85,0.674,0.25,0.4,0.4,0.576
585,,0.55,0.7,0.7,0.524,0.1,0.25,0.25,0.426
586,,0.4,0.55,0.55,0.374,-0.05,0.1,0.1,0.276
587,5,0.25,0.488,0.7,0.736,0.95,0.462,0.25,0.214
588,5,0.1,0.426,0.85,1.0,1.0,0.824,0.4,0.152
589,,-0.05,0.276,0.7,0.85,0.85,0.674,0.25,0.002
590,1,0.95,0.638,0.85,0.788,0.7,0.612,0.4,0.364
591,1,1.0,1.0,1.0,0.726,0.55,0.55,0.55,0.726
592,,0.85,0.85,0.85,0.576,0.4,0.4,0.4,0.576
593,,0.7,0.7,0.7,0.426,0.25,0.25,0.25,0.426
594,,0.55,0.55,0.55,0.276,0.1,0.1,0.1,0.276
595,,0.4,0.4,0.4,0.126,-0.05,-0.05,-0.05,0.126
596,6,0.338,0.25,0.338,0.276,0.312,0.95,0.312,0.276
597,6,0.276,0.1,0.276,0.426,0.674,1.0,0.674,0.426
598,,0.126,-0.05,0.126,0.276,0.524,0.85,0.524,0.276
599,2,0.488,0.95,0.488,0.426,0.462,0.7,0.462,0.426
600,2,0.85,1.0,0.85,0.576,0.4,0.55,0.4,0.576
601,,0.7,0.85,0.7,0.426,0.25,0.4,0.25,0.426
602,,0.55,0.7,0.55,0.276,0.1,0.25,0.1,0.276
603,,0.4,0.55,0.4,0.126,-0.05,0.1,-0.05,0.126
604,5,0.25,0.488,0.55,0.488,0.95,0.462,0.1,0.064
605,5,0.1,0.426,0.7,0.85,1.0,0.824,0.25,0.002
606,,-0.05,0.276,0.55,0.7,0.85,0.674,0.1,-0.148
607,8,0.312,0.426,0.488,0.55,0.788,0.824,0.462,0.852
608,8,0.674,0.576,0.426,0.4,0.726,0.974,0.824,1.0
609,,0.524,0.426,0.276,0.25,0.576,0.824,0.674,0.85
610,,0.374,0.276,0.126,0.1,0.426,0.674,0.524,0.7
611,,0.224,0.126,-0.024,-0.05,0.276,0.524,0.374,0.55
612,4,0.162,0.276,0.338,0.95,0.638,0.674,0.312,0.4
613,4,0.1,0.426,0.7,1.0,1.0,0.824,0.25,0.25
614,,-0.05,0.276,0.55,0.85,0.85,0.674,0.1,0.1
615,1,0.95,0.638,0.7,0.788,0.7,0.612,0.25,0.462
616,1,1.0,1.0,0.85,0.726,0.55,0.55,0.4,0.824
617,,0.85,0.85,0.7,0.576,0.4,0.4,0.25,0.674
618,,0.7,0.7,0.55,0.426,0.25,0.25,0.1,0.524
619,,0.55,0.55,0.4,0.276,0.1,0.1,-0.05,0.374
620,7,0.7,0.488,0.25,0.214,0.25,0.462,0.95,0.736
621,7,0.85,0.426,0.1,0.152,0.4,0.824,1.0,1.0
622,,0.7,0.276,-0.05,0.002,0.25,0.674,0.85,0.85
623,3,0.85,0.638,0.95,0.364,0.4,0.612,0.7,0.788
624,3,1.0,1.0,1.0,0.726,0.55,0.55,0.55,0.726
625,,0.85,0.85,0.85,0.576,0.4,0.4,0.4,0.576
626,,0.7,0.7,0.7,0.426,0.25,0.25,0.25,0.426
627,,0.55,0.55,0.55,0.276,0.1,0.1,0.1,0.276
628,,0.4,0.4,0.4,0.126,-0.05,-0.05,-0.05,0.126
629,6,0.338,0.25,0.338,0.276,0.312,0.95,0.312,0.276
630,6,0.276,0.1,0.276,0.426,0.674,1.0,0.674,0.426
631,,0.126,-0.05,0.126,0.276,0.524,0.85,0.524,0.276
632,2,0.488,0.95,0.488,0.426,0.462,0.7,0.462,0.426
633,2,0.85,1.0,0.85,0.576,0.4,0.55,0.4,0.576
634,,0.7,0.85,0.7,0.426,0.25,0.4,0.25,0.426
635,,0.55,0.7,0.55,0.276,0.1,0.25,0.1,0.276
636,,0.4,0.55,0.4,0.126,-0.05,0.1,-0.05,0.126
637,7,0.55,0.488,0.25,0.064,0.1,0.462,0.95,0.488
638,7,0.7,0.426,0.1,0.002,0.25,0.824,1.0,0.85
639,,0.55,0.276,-0.05,-0.148,0.1,0.674,0.85,0.7
640,4,0.488,0.426,0.312,0.852,0.462,0.824,0.788,0.55
641,4,0.426,0.576,0.674,1.0,0.824,0.974,0.726,0.4
642,,0.276,0.426,0.524,0.85,0.674,0.824,0.576,0.25
643,,0.126,0.276,0.374,0.7,0.524,0.674,0.426,0.1
644,,-0.024,0.126,0.224,0.55,0.374,0.524,0.276,-0.05
645,8,0.338,0.276,0.162,0.4,0.312,0.674,0.638,0.95
646,8,0.7,0.426,0.1,0.25,0.25,0.824,1.0,1.0
647,,0.55,0.276,-0.05,0.1,0.1,0.674,0.85,0.85
648,3,0.7,0.638,0.95,0.462,0.25,0.612,0.7,0.788
649,3,0.85,1.0,1.0,0.824,0.4,0.55,0.55,0.726
650,,0.7,0.85,0.85,0.674,0.25,0.4,0.4,0.576
651,,0.55,0.7,0.7,0.524,0.1,0.25,0.25,0.426
652,,0.4,0.55,0.55,0.374,-0.05,0.1,0.1,0.276
653,5,0.25,0.488,0.7,0.736,0.95,0.462,0.25,0.214
654,5,0.1,0.426,0.85,1.0,1.0,0.824,0.4,0.152
655,,-0.05,0.276,0.7,0.85,0.85,0.674,0.25,0.002
656,1,0.95,0.638,0.85,0.788,0.7,0.612,0.4,0.364
657,1,1.0,1.0,1.0,0.726,0.55,0.55,0.55,0.726
658,,0.85,0.85,0.85,0.576,0.4,0.4,0.4,0.576
659,,0.7,0.7,0.7,0.426,0.25,0.25,0.25,0.426
660,,0.55,0.55,0.55,0.276,0.1,0.1,0.1,0.276
661,,0.4,0.4,0.4,0.126,-0.05,-0.05,-0.05,0.126
662,5,0.25,0.338,0.55,0.488,0.95,0.312,0.1,0.064
663,5,0.1,0.276,0.7,0.85,1.0,0.674,0.25,0.002
664,,-0.05,0.126,0.55,0.7,0.85,0.524,0.1,-0.148
665,8,0.312,0.276,0.488,0.55,0.788,0.674,0.462,0.852
666,8,0.674,0.426,0.426,0.4,0.726,0.824,0.824,1.0
667,,0.524,0.276,0.276,0.25,0.576,0.674,0.674,0.85
668,,0.374,0.126,0.126,0.1,0.426,0.524,0.524,0.7
669,,0.224,-0.024,-0.024,-0.05,0.276,0.374,0.374,0.55
670,4,0.162,0.126,0.338,0.95,0.638,0.524,0.312,0.4
671,4,0.1,0.276,0.7,1.0,1.0,0.674,0.25,0.25
672,,-0.05,0.126,0.55,0.85,0.85,0.524,0.1,0.1
673,1,0.95,0.488,0.7,0.788,0.7,0.462,0.25,0.462
674,1,1.0,0.85,0.85,0.726,0.55,0.4,0.4,0.824
675,,0.85,0.7,0.7,0.576,0.4,0.25,0.25,0.674
676,,0.7,0.55,0.55,0.426,0.25,0.1,0.1,0.524
677,,0.55,0.4,0.4,0.276,0.1,-0.05,-0.05,0.374
678,6,0.488,0.25,0.338,0.426,0.462,0.95,0.312,0.524
679,6,0.426,0.1,0.276,0.576,0.824,1.0,0.674,0.674
680,,0.276,-0.05,0.126,0.426,0.674,0.85,0.524,0.524
681,2,0.638,0.95,0.488,0.576,0.612,0.7,0.462,0.674
682,2,1.0,1.0,0.85,0.726,0.55,0.55,0.4,0.824
683,,0.85,0.85,0.7,0.576,0.4,0.4,0.25,0.674
684,,0.7,0.7,0.55,0.426,0.25,0.25,0.1,0.524
685,,0.55,0.55,0.4,0.276,0.1,0.1,-0.05,0.374
686,7,0.7,0.488,0.25,0.214,0.25,0.462,0.95,0.736
687,7,0.85,0.426,0.1,0.152,0.4,0.824,1.0,1.0
688,,0.7,0.276,-0.05,0.002,0.25,0.674,0.85,0.85
689,3,0.85,0.638,0.95,0.364,0.4,0.612,0.7,0.788
690,3,1.0,1.0,1.0,0.726,0.55,0.55,0.55,0.726
691,,0.85,0.85,0.85,0.576,0.4,0.4,0.4,0.576
692,,0.7,0.7,0.7,0.426,0.25,0.25,0.25,0.426
693,,0.55,0.55,0.55,0.276,0.1,0.1,0.1,0.276
694,,0.4,0.4,0.4,0.126,-0.05,-0.05,-0.05,0.126
695,7,0.55,0.338,0.25,0.064,0.1,0.312,0.95,0.488
696,7,0.7,0.276,0.1,0.002,0.25,0.674,1.0,0.85
697,,0.55,0.126,-0.05,-0.148,0.1,0.524,0.85,0.7
698,4,0.488,0.276,0.312,0.852,0.462,0.674,0.788,0.55
699,4,0.426,0.426,0.674,1.0,0.824,0.824,0.726,0.4
700,,0.276,0.276,0.524,0.85,0.674,0.674,0.576,0.25
701,,0.126,0.126,0.374,0.7,0.524,0.524,0.426,0.1
702,,-0.024,-0.024,0.224,0.55,0.374,0.374,0.276,-0.05
703,8,0.338,0.126,0.162,0.4,0.312,0.524,0.638,0.95
704,8,0.7,0.276,0.1,0.25,0.25,0.674,1.0,1.0
705,,0.55,0.126,-0.05,0.1,0.1,0.524,0.85,0.85
706,3,0.7,0.488,0.95,0.462,0.25,0.462,0.7,0.788
707,3,0.85,0.85,1.0,0.824,0.4,0.4,0.55,0.726
708,,0.7,0.7,0.85,0.674,0.25,0.25,0.4,0.576
709,,0.55,0.55,0.7,0.524,0.1,0.1,0.25,0.426
710,,0.4,0.4,0.55,0.374,-0.05,-0.05,0.1,0.276
711,6,0.338,0.25,0.488,0.524,0.312,0.95,0.462,0.426
712,6,0.276,0.1,0.426,0.674,0.674,1.0,0.824,0.576
713,,0.126,-0.05,0.276,0.524,0.524,0.85,0.674,0.426
714,2,0.488,0.95,0.638,0.674,0.462,0.7,0.612,0.576
715,2,0.85,1.0,1.0,0.824,0.4,0.55,0.55,0.726
716,,0.7,0.85,0.85,0.674,0.25,0.4,0.4,0.576
717,,0.55,0.7,0.7,0.524,0.1,0.25,0.25,0.426
718,,0.4,0.55,0.55,0.374,-0.05,0.1,0.1,0.276
719,5,0.25,0.488,0.7,0.736,0.95,0.462,0.25,0.214
720,5,0.1,0.426,0.85,1.0,1.0,0.824,0.4,0.152
721,,-0.05,0.276,0.7,0.85,0.85,0.674,0.25,0.002
722,1,0.95,0.638,0.85,0.788,0.7,0.612,0.4,0.364
723,1,1.0,1.0,1.0,0.726,0.55,0.55,0.55,0.726
724,,0.85,0.85,0.85,0.576,0.4,0.4,0.4,0.576
725,,0.7,0.7,0.7,0.426,0.25,0.25,0.25,0.426
726,,0.55,0.55,0.55,0.276,0.1,0.1,0.1,0.276
727,,0.4,0.4,0.4,0.126,-0.05,-0.05,-0.05,0.126
728,7,0.55,0.338,0.25,0.064,0.1,0.312,0.95,0.488
729,7,0.7,0.276,0.1,0.002,0.25,0.674,1.0,0.85
730,,0.55,0.126,-0.05,-0.148,0.1,0.524,0.85,0.7
731,4,0.488,0.276,0.312,0.852,0.462,0.674,0.788,0.55
732,4,0.426,0.426,0.674,1.0,0.824,0.824,0.726,0.4
733,,0.276,0.276,0.524,0.85,0.674,0.674,0.576,0.25
734,,0.126,0.126,0.374,0.7,0.524,0.524,0.426,0.1
735,,-0.024,-0.024,0.224,0.55,0.374,0.374,0.276,-0.05
736,8,0.338,0.126,0.162,0.4,0.312,0.524,0.638,0.95
737,8,0.7,0.276,0.1,0.25,0.25,0.674,1.0,1.0
738,,0.55,0.126,-0.05,0.1,0.1,0.524,0.85,0.85
739,3,0.7,0.488,0.95,0.462,0.25,0.462,0.7,0.788
740,3,0.85,0.85,1.0,0.824,0.4,0.4,0.55,0.726
741,,0.7,0.7,0.85,0.674,0.25,0.25,0.4,0.576
742,,0.55,0.55,0.7,0.524,0.1,0.1,0.25,0.426
743,,0.4,0.4,0.55,0.374,-0.05,-0.05,0.1,0.276
744,6,0.338,0.25,0.488,0.524,0.312,0.95,0.462,0.426
745,6,0.276,0.1,0.426,0.674,0.674,1.0,0.824,0.576
746,,0.126,-0.05,0.276,0.524,0.524,0.85,0.674,0.426
747,2,0.488,0.95,0.638,0.674,0.462,0.7,0.612,0.576
748,2,0.85,1.0,1.0,0.824,0.4,0.55,0.55,0.726
749,,0.7,0.85,0.85,0.674,0.25,0.4,0.4,0.576
750,,0.55,0.7,0.7,0.524,0.1,0.25,0.25,0.426
751,,0.4,0.55,0.55,0.374,-0.05,0.1,0.1,0.276
752,5,0.25,0.488,0.7,0.736,0.95,0.462,0.25,0.214
753,5,0.1,0.426,0.85,1.0,1.0,0.824,0.4,0.152
754,,-0.05,0.276,0.7,0.85,0.85,0.674,0.25,0.002
755,1,0.95,0.638,0.85,0.788,0.7,0.612,0.4,0.364
756,1,1.0,1.0,1.0,0.726,0.55,0.55,0.55,0.726
757,,0.85,0.85,0.85,0.576,0.4,0.4,0.4,0.576
758,,0.7,0.7,0.7,0.426,0.25,0.25,0.25,0.426
759,,0.55,0.55,0.55,0.276,0.1,0.1,0.1,0.276
760,,0.4,0.4,0.4,0.126,-0.05,-0.05,-0.05,0.126
761,5,0.25,0.338,0.55,0.488,0.95,0.312,0.1,0.064
762,5,0.1,0.276,0.7,0.85,1.0,0.674,0.25,0.002
763,,-0.05,0.126,0.55,0.7,0.85,0.524,0.1,-0.148
764,8,0.312,0.276,0.488,0.55,0.788,0.674,0.462,0.852
765,8,0.674,0.426,0.426,0.4,0.726,0.824,0.824,1.0
766,,0.524,0.276,0.276,0.25,0.576,0.674,0.674,0.85
767,,0.374,0.126,0.126,0.1,0.426,0.524,0.524,0.7
768,,0.224,-0.024,-0.024,-0.05,0.276,0.374,0.374,0.55
769,4,0.162,0.126,0.338,0.95,0.638,0.524,0.312,0.4
770,4,0.1,0.276,0.7,1.0,1.0,0.674,0.25,0.25
771,,-0.05,0.126,0.55,0.85,0.85,0.524,0.1,0.1
772,1,0.95,0.488,0.7,0.788,0.7,0.462,0.25,0.462
773,1,1.0,0.85,0.85,0.726,0.55,0.4,0.4,0.824
774,,0.85,0.7,0.7,0.576,0.4,0.25,0.25,0.674
775,,0.7,0.55,0.55,0.426,0.25,0.1,0.1,0.524
776,,0.55,0.4,0.4,0.276,0.1,-0.05,-0.05,0.374
777,7,0.7,0.338,0.25,0.214,0.25,0.312,0.95,0.736
778,7,0.85,0.276,0.1,0.152,0.4,0.674,1.0,1.0
779,,0.7,0.126,-0.05,0.002,0.25,0.524,0.85,0.85
780,3,0.85,0.488,0.95,0.364,0.4,0.462,0.7,0.788
781,3,1.0,0.85,1.0,0.726,0.55,0.4,0.55,0.726
782,,0.85,0.7,0.85,0.576,0.4,0.25,0.4,0.576
783,,0.7,0.55,0.7,0.426,0.25,0.1,0.25,0.426
784,,0.55,0.4,0.55,0.276,0.1,-0.05,0.1,0.276
785,6,0.488,0.25,0.488,0.426,0.462,0.95,0.462,0.426
786,6,0.426,0.1,0.426,0.576,0.824,1.0,0.824,0.576
787,,0.276,-0.05,0.276,0.426,0.674,0.85,0.674,0.426
788,2,0.638,0.95,0.638,0.576,0.612,0.7,0.612,0.576
789,2,1.0,1.0,1.0,0.726,0.55,0.55,0.55,0.726
790,,0.85,0.85,0.85,0.576,0.4,0.4,0.4,0.576
791,,0.7,0.7,0.7,0.426,0.25,0.25,0.25,0.426
792,,0.55,0.55,0.55,0.276,0.1,0.1,0.1,0.276
793,,0.4,0.4,0.4,0.126,-0.05,-0.05,-0.05,0.126
794,5,0.25,0.338,0.55,0.488,0.95,0.312,0.1,0.064
795,5,0.1,0.276,0.7,0.85,1.0,0.674,0.25,0.002
796,,-0.05,0.126,0.55,0.7,0.85,0.524,0.1,-0.148
797,8,0.312,0.276,0.488,0.55,0.788,0.674,0.462,0.852
798,8,0.674,0.426,0.426,0.4,0.726,0.824,0.824,1.0
799,,0.524,0.276,0.276,0.25,0.576,0.674,0.674,0.85
800,,0.374,0.126,0.126,0.1,0.426,0.524,0.524,0.7
801,,0.224,-0.024,-0.024,-0.05,0.276,0.374,0.374,0.55
802,4,0.162,0.126,0.338,0.95,0.638,0.524,0.312,0.4
803,4,0.1,0.276,0.7,1.0,1.0,0.674,0.25,0.25
804,,-0.05,0.126,0.55,0.85,0.85,0.524,0.1,0.1
805,1,0.95,0.488,0.7,0.788,0.7,0.462,0.25,0.462
806,1,1.0,0.85,0.85,0.726,0.55,0.4,0.4,0.824
807,,0.85,0.7,0.7,0.576,0.4,0.25,0.25,0.674
808,,0.7,0.55,0.55,0.426,0.25,0.1,0.1,0.524
809,,0.55,0.4,0.4,0.276,0.1,-0.05,-0.05,0.374
810,7,0.7,0.338,0.25,0.214,0.25,0.312,0.95,0.736
811,7,0.85,0.276,0.1,0.152,0.4,0.674,1.0,1.0
812,,0.7,0.126,-0.05,0.002,0.25,0.524,0.85,0.85
813,3,0.85,0.488,0.95,0.364,0.4,0.462,0.7,0.788
814,3,1.0,0.85,1.0,0.726,0.55,0.4,0.55,0.726
815,,0.85,0.7,0.85,0.576,0.4,0.25,0.4,0.576
816,,0.7,0.55,0.7,0.426,0.25,0.1,0.25,0.426
817,,0.55,0.4,0.55,0.276,0.1,-0.05,0.1,0.276
818,6,0.488,0.25,0.488,0.426,0.462,0.95,0.462,0.426
819,6,0.426,0.1,0.426,0.576,0.824,1.0,0.824,0.576
820,,0.276,-0.05,0.276,0.426,0.674,0.85,0.674,0.426
821,2,0.638,0.95,0.638,0.576,0.612,0.7,0.612,0.576
822,2,1.0,1.0,1.0,0.726,0.55,0.55,0.55,0.726
823,,0.85,0.85,0.85,0.576,0.4,0.4,0.4,0.576
824,,0.7,0.7,0.7,0.426,0.25,0.25,0.25,0.426
825,,0.55,0.55,0.55,0.276,0.1,0.1,0.1,0.276
826,,0.4,0.4,0.4,0.126,-0.05,-0.05,-0.05,0.126
827,7,0.55,0.338,0.25,0.064,0.1,0.312,0.95,0.488
828,7,0.7,0.276,0.1,0.002,0.25,0.674,1.0,0.85
829,,0.55,0.126,-0.05,-0.148,0.1,0.524,0.85,0.7
830,4,0.488,0.276,0.312,0.852,0.462,0.674,0.788,0.55
831,4,0.426,0.426,0.674,1.0,0.824,0.824,0.726,0.4
832,,0.276,0.276,0.524,0.85,0.674,0.674,0.576,0.25
833,,0.126,0.126,0.374,0.7,0.524,0.524,0.426,0.1
834,,-0.024,-0.024,0.224,0.55,0.374,0.374,0.276,-0.05
835,8,0.338,0.126,0.162,0.4,0.312,0.524,0.638,0.95
836,8,0.7,0.276,0.1,0.25,0.25,0.674,1.0,1.0
837,,0.55,0.126,-0.05,0.1,0.1,0.524,0.85,0.85
838,3,0.7,0.488,0.95,0.462,0.25,0.462,0.7,0.788
839,3,0.85,0.85,1.0,0.824,0.4,0.4,0.55,0.726
