step,active_motive,motive_1,motive_2,motive_3,motive_4,motive_5,motive_6,motive_7,motive_8
0,,0.02542,0.10789,0.03143,0.63641,0.31436,0.50857,0.90757,0.24929
1,,-0.12458,-0.04211,-0.11857,0.48641,0.16436,0.35857,0.75757,0.09929
2,1,0.87542,0.39089,0.03143,0.35341,-0.08564,0.22557,0.90757,0.53229
3,1,1.0,0.82389,0.18143,0.22041,-0.33564,0.09257,1.0,0.96529
4,5,0.75,0.69089,0.33143,0.65341,0.66436,0.52557,1.0,0.83229
5,5,0.5,0.55789,0.48143,1.0,1.0,0.95857,1.0,0.69929
6,,0.35,0.40789,0.33143,0.85,0.85,0.80857,0.85,0.54929
7,,0.2,0.25789,0.18143,0.7,0.7,0.65857,0.7,0.39929
8,,0.05,0.10789,0.03143,0.55,0.55,0.50857,0.55,0.24929
9,,-0.1,-0.04211,-0.11857,0.4,0.4,0.35857,0.4,0.09929
10,3,0.05,0.39089,0.88143,0.833,0.55,0.22557,0.15,-0.03371
11,3,0.2,0.82389,1.0,1.0,0.7,0.09257,-0.1,-0.16671
12,8,0.633,0.97389,0.867,0.75,0.567,0.24257,0.333,0.83329
13,8,1.0,1.0,0.734,0.5,0.434,0.39257,0.766,1.0
14,,0.85,0.85,0.584,0.35,0.284,0.24257,0.616,0.85
15,,0.7,0.7,0.434,0.2,0.134,0.09257,0.466,0.7
16,,0.55,0.55,0.284,0.05,-0.016,-0.05743,0.316,0.55
17,6,0.417,0.3,0.151,0.2,0.417,0.94257,0.749,0.7
18,6,0.284,0.05,0.018,0.35,0.85,1.0,1.0,0.85
19,,0.134,-0.1,-0.132,0.2,0.7,0.85,0.85,0.7
20,3,0.284,0.333,0.868,0.633,0.85,0.717,0.6,0.567
21,3,0.434,0.766,1.0,1.0,1.0,0.584,0.35,0.434
22,,0.284,0.616,0.85,0.85,0.85,0.434,0.2,0.284
23,,0.134,0.466,0.7,0.7,0.7,0.284,0.05,0.134
24,,-0.016,0.316,0.55,0.55,0.55,0.134,-0.1,-0.016
25,7,0.134,0.183,0.3,0.417,0.7,0.567,0.9,0.417
26,7,0.284,0.05,0.05,0.284,0.85,1.0,1.0,0.85
27,,0.134,-0.1,-0.1,0.134,0.7,0.85,0.85,0.7
28,2,0.567,0.9,0.333,0.284,0.567,0.6,0.717,0.85
29,2,1.0,1.0,0.766,0.434,0.434,0.35,0.584,1.0
30,,0.85,0.85,0.616,0.284,0.284,0.2,0.434,0.85
31,,0.7,0.7,0.466,0.134,0.134,0.05,0.284,0.7
32,,0.55,0.55,0.316,-0.016,-0.016,-0.1,0.134,0.55
33,6,0.417,0.3,0.183,0.134,0.417,0.9,0.567,0.7
34,6,0.284,0.05,0.05,0.284,0.85,1.0,1.0,0.85
35,,0.134,-0.1,-0.1,0.134,0.7,0.85,0.85,0.7
36,2,0.567,0.9,0.333,0.284,0.567,0.6,0.717,0.85
37,2,1.0,1.0,0.766,0.434,0.434,0.35,0.584,1.0
38,,0.85,0.85,0.616,0.284,0.284,0.2,0.434,0.85
39,,0.7,0.7,0.466,0.134,0.134,0.05,0.284,0.7
40,,0.55,0.55,0.316,-0.016,-0.016,-0.1,0.134,0.55
41,6,0.417,0.3,0.183,0.134,0.417,0.9,0.567,0.7
42,6,0.284,0.05,0.05,0.284,0.85,1.0,1.0,0.85
43,,0.134,-0.1,-0.1,0.134,0.7,0.85,0.85,0.7
44,2,0.567,0.9,0.333,0.284,0.567,0.6,0.717,0.85
45,2,1.0,1.0,0.766,0.434,0.434,0.35,0.584,1.0
46,,0.85,0.85,0.616,0.284,0.284,0.2,0.434,0.85
47,,0.7,0.7,0.466,0.134,0.134,0.05,0.284,0.7
48,,0.55,0.55,0.316,-0.016,-0.016,-0.1,0.134,0.55
49,6,0.417,0.3,0.183,0.134,0.417,0.9,0.567,0.7
50,6,0.284,0.05,0.05,0.284,0.85,1.0,1.0,0.85
51,,0.134,-0.1,-0.1,0.134,0.7,0.85,0.85,0.7
52,2,0.567,0.9,0.333,0.284,0.567,0.6,0.717,0.85
53,2,1.0,1.0,0.766,0.434,0.434,0.35,0.584,1.0
54,,0.85,0.85,0.616,0.284,0.284,0.2,0.434,0.85
55,,0.7,0.7,0.466,0.134,0.134,0.05,0.284,0.7
56,,0.55,0.55,0.316,-0.016,-0.016,-0.1,0.134,0.55
57,6,0.417,0.3,0.183,0.134,0.417,0.9,0.567,0.7
58,6,0.284,0.05,0.05,0.284,0.85,1.0,1.0,0.85
59,,0.134,-0.1,-0.1,0.134,0.7,0.85,0.85,0.7
60,3,0.284,0.333,0.9,0.567,0.85,0.717,0.6,0.567
61,3,0.434,0.766,1.0,1.0,1.0,0.584,0.35,0.434
62,,0.284,0.616,0.85,0.85,0.85,0.434,0.2,0.284
63,,0.134,0.466,0.7,0.7,0.7,0.284,0.05,0.134
64,,-0.016,0.316,0.55,0.55,0.55,0.134,-0.1,-0.016
65,7,0.134,0.183,0.3,0.417,0.7,0.567,0.9,0.417
66,7,0.284,0.05,0.05,0.284,0.85,1.0,1.0,0.85
67,,0.134,-0.1,-0.1,0.134,0.7,0.85,0.85,0.7
68,2,0.567,0.9,0.333,0.284,0.567,0.6,0.717,0.85
69,2,1.0,1.0,0.766,0.434,0.434,0.35,0.584,1.0
70,,0.85,0.85,0.616,0.284,0.284,0.2,0.434,0.85
71,,0.7,0.7,0.466,0.134,0.134,0.05,0.284,0.7
72,,0.55,0.55,0.316,-0.016,-0.016,-0.1,0.134,0.55
73,6,0.417,0.3,0.183,0.134,0.417,0.9,0.567,0.7
74,6,0.284,0.05,0.05,0.284,0.85,1.0,1.0,0.85
75,,0.134,-0.1,-0.1,0.134,0.7,0.85,0.85,0.7
76,3,0.284,0.333,0.9,0.567,0.85,0.717,0.6,0.567
77,3,0.434,0.766,1.0,1.0,1.0,0.584,0.35,0.434
78,,0.284,0.616,0.85,0.85,0.85,0.434,0.2,0.284
79,,0.134,0.466,0.7,0.7,0.7,0.284,0.05,0.134
80,,-0.016,0.316,0.55,0.55,0.55,0.134,-0.1,-0.016
81,7,0.134,0.183,0.3,0.417,0.7,0.567,0.9,0.417
82,7,0.284,0.05,0.05,0.284,0.85,1.0,1.0,0.85
83,,0.134,-0.1,-0.1,0.134,0.7,0.85,0.85,0.7
84,2,0.567,0.9,0.333,0.284,0.567,0.6,0.717,0.85
85,2,1.0,1.0,0.766,0.434,0.434,0.35,0.584,1.0
86,,0.85,0.85,0.616,0.284,0.284,0.2,0.434,0.85
87,,0.7,0.7,0.466,0.134,0.134,0.05,0.284,0.7
88,,0.55,0.55,0.316,-0.016,-0.016,-0.1,0.134,0.55
89,6,0.417,0.3,0.183,0.134,0.417,0.9,0.567,0.7
90,6,0.284,0.05,0.05,0.284,0.85,1.0,1.0,0.85
91,,0.134,-0.1,-0.1,0.134,0.7,0.85,0.85,0.7
92,2,0.567,0.9,0.333,0.284,0.567,0.6,0.717,0.85
93,2,1.0,1.0,0.766,0.434,0.434,0.35,0.584,1.0
94,,0.85,0.85,0.616,0.284,0.284,0.2,0.434,0.85
95,,0.7,0.7,0.466,0.134,0.134,0.05,0.284,0.7
96,,0.55,0.55,0.316,-0.016,-0.016,-0.1,0.134,0.55
97,6,0.417,0.3,0.183,0.134,0.417,0.9,0.567,0.7
98,6,0.284,0.05,0.05,0.284,0.85,1.0,1.0,0.85
99,,0.134,-0.1,-0.1,0.134,0.7,0.85,0.85,0.7
100,2,0.567,0.9,0.333,0.284,0.567,0.6,0.717,0.85
101,2,1.0,1.0,0.766,0.434,0.434,0.35,0.584,1.0
102,,0.85,0.85,0.616,0.284,0.284,0.2,0.434,0.85
103,,0.7,0.7,0.466,0.134,0.134,0.05,0.284,0.7
104,,0.55,0.55,0.316,-0.016,-0.016,-0.1,0.134,0.55
105,6,0.417,0.3,0.183,0.134,0.417,0.9,0.567,0.7
106,6,0.284,0.05,0.05,0.284,0.85,1.0,1.0,0.85
107,,0.134,-0.1,-0.1,0.134,0.7,0.85,0.85,0.7
108,3,0.284,0.333,0.9,0.567,0.85,0.717,0.6,0.567
109,3,0.434,0.766,1.0,1.0,1.0,0.584,0.35,0.434
110,,0.284,0.616,0.85,0.85,0.85,0.434,0.2,0.284
111,,0.134,0.466,0.7,0.7,0.7,0.284,0.05,0.134
112,,-0.016,0.316,0.55,0.55,0.55,0.134,-0.1,-0.016
113,7,0.134,0.183,0.3,0.417,0.7,0.567,0.9,0.417
114,7,0.284,0.05,0.05,0.284,0.85,1.0,1.0,0.85
115,,0.134,-0.1,-0.1,0.134,0.7,0.85,0.85,0.7
116,3,0.284,0.333,0.9,0.567,0.85,0.717,0.6,0.567
117,3,0.434,0.766,1.0,1.0,1.0,0.584,0.35,0.434
118,,0.284,0.616,0.85,0.85,0.85,0.434,0.2,0.284
119,,0.134,0.466,0.7,0.7,0.7,0.284,0.05,0.134
120,,-0.016,0.316,0.55,0.55,0.55,0.134,-0.1,-0.016
121,7,0.134,0.183,0.3,0.417,0.7,0.567,0.9,0.417
122,7,0.284,0.05,0.05,0.284,0.85,1.0,1.0,0.85
123,,0.134,-0.1,-0.1,0.134,0.7,0.85,0.85,0.7
124,3,0.284,0.333,0.9,0.567,0.85,0.717,0.6,0.567
125,3,0.434,0.766,1.0,1.0,1.0,0.584,0.35,0.434
126,,0.284,0.616,0.85,0.85,0.85,0.434,0.2,0.284
127,,0.134,0.466,0.7,0.7,0.7,0.284,0.05,0.134
128,,-0.016,0.316,0.55,0.55,0.55,0.134,-0.1,-0.016
129,7,0.134,0.183,0.3,0.417,0.7,0.567,0.9,0.417
130,7,0.284,0.05,0.05,0.284,0.85,1.0,1.0,0.85
131,,0.134,-0.1,-0.1,0.134,0.7,0.85,0.85,0.7
132,3,0.284,0.333,0.9,0.567,0.85,0.717,0.6,0.567
133,3,0.434,0.766,1.0,1.0,1.0,0.584,0.35,0.434
134,,0.284,0.616,0.85,0.85,0.85,0.434,0.2,0.284
135,,0.134,0.466,0.7,0.7,0.7,0.284,0.05,0.134
136,,-0.016,0.316,0.55,0.55,0.55,0.134,-0.1,-0.016
137,7,0.134,0.183,0.3,0.417,0.7,0.567,0.9,0.417
138,7,0.284,0.05,0.05,0.284,0.85,1.0,1.0,0.85
139,,0.134,-0.1,-0.1,0.134,0.7,0.85,0.85,0.7
140,2,0.567,0.9,0.333,0.284,0.567,0.6,0.717,0.85
141,2,1.0,1.0,0.766,0.434,0.434,0.35,0.584,1.0
142,,0.85,0.85,0.616,0.284,0.284,0.2,0.434,0.85
143,,0.7,0.7,0.466,0.134,0.134,0.05,0.284,0.7
144,,0.55,0.55,0.316,-0.016,-0.016,-0.1,0.134,0.55
145,6,0.417,0.3,0.183,0.134,0.417,0.9,0.567,0.7
146,6,0.284,0.05,0.05,0.284,0.85,1.0,1.0,0.85
147,,0.134,-0.1,-0.1,0.134,0.7,0.85,0.85,0.7
148,3,0.284,0.333,0.9,0.567,0.85,0.717,0.6,0.567
149,3,0.434,0.766,1.0,1.0,1.0,0.584,0.35,0.434
150,,0.284,0.616,0.85,0.85,0.85,0.434,0.2,0.284
151,,0.134,0.466,0.7,0.7,0.7,0.284,0.05,0.134
152,,-0.016,0.316,0.55,0.55,0.55,0.134,-0.1,-0.016
153,7,0.134,0.183,0.3,0.417,0.7,0.567,0.9,0.417
154,7,0.284,0.05,0.05,0.284,0.85,1.0,1.0,0.85
155,,0.134,-0.1,-0.1,0.134,0.7,0.85,0.85,0.7
156,2,0.567,0.9,0.333,0.284,0.567,0.6,0.717,0.85
157,2,1.0,1.0,0.766,0.434,0.434,0.35,0.584,1.0
158,,0.85,0.85,0.616,0.284,0.284,0.2,0.434,0.85
159,,0.7,0.7,0.466,0.134,0.134,0.05,0.284,0.7
160,,0.55,0.55,0.316,-0.016,-0.016,-0.1,0.134,0.55
161,6,0.417,0.3,0.183,0.134,0.417,0.9,0.567,0.7
162,6,0.284,0.05,0.05,0.284,0.85,1.0,1.0,0.85
163,,0.134,-0.1,-0.1,0.134,0.7,0.85,0.85,0.7
164,2,0.567,0.9,0.333,0.284,0.567,0.6,0.717,0.85
165,2,1.0,1.0,0.766,0.434,0.434,0.35,0.584,1.0
166,,0.85,0.85,0.616,0.284,0.284,0.2,0.434,0.85
167,,0.7,0.7,0.466,0.134,0.134,0.05,0.284,0.7
168,,0.55,0.55,0.316,-0.016,-0.016,-0.1,0.134,0.55
169,6,0.417,0.3,0.183,0.134,0.417,0.9,0.567,0.7
170,6,0.284,0.05,0.05,0.284,0.85,1.0,1.0,0.85
171,,0.134,-0.1,-0.1,0.134,0.7,0.85,0.85,0.7
172,3,0.284,0.333,0.9,0.567,0.85,0.717,0.6,0.567
173,3,0.434,0.766,1.0,1.0,1.0,0.584,0.35,0.434
174,,0.284,0.616,0.85,0.85,0.85,0.434,0.2,0.284
175,,0.134,0.466,0.7,0.7,0.7,0.284,0.05,0.134
176,,-0.016,0.316,0.55,0.55,0.55,0.134,-0.1,-0.016
177,7,0.134,0.183,0.3,0.417,0.7,0.567,0.9,0.417
178,7,0.284,0.05,0.05,0.284,0.85,1.0,1.0,0.85
179,,0.134,-0.1,-0.1,0.134,0.7,0.85,0.85,0.7
180,3,0.284,0.333,0.9,0.567,0.85,0.717,0.6,0.567
181,3,0.434,0.766,1.0,1.0,1.0,0.584,0.35,0.434
182,,0.284,0.616,0.85,0.85,0.85,0.434,0.2,0.284
183,,0.134,0.466,0.7,0.7,0.7,0.284,0.05,0.134
184,,-0.016,0.316,0.55,0.55,0.55,0.134,-0.1,-0.016
185,7,0.134,0.183,0.3,0.417,0.7,0.567,0.9,0.417
186,7,0.284,0.05,0.05,0.284,0.85,1.0,1.0,0.85
187,,0.134,-0.1,-0.1,0.134,0.7,0.85,0.85,0.7
188,3,0.284,0.333,0.9,0.567,0.85,0.717,0.6,0.567
189,3,0.434,0.766,1.0,1.0,1.0,0.584,0.35,0.434
190,,0.284,0.616,0.85,0.85,0.85,0.434,0.2,0.284
191,,0.134,0.466,0.7,0.7,0.7,0.284,0.05,0.134
192,,-0.016,0.316,0.55,0.55,0.55,0.134,-0.1,-0.016
193,7,0.134,0.183,0.3,0.417,0.7,0.567,0.9,0.417
194,7,0.284,0.05,0.05,0.284,0.85,1.0,1.0,0.85
195,,0.134,-0.1,-0.1,0.134,0.7,0.85,0.85,0.7
196,3,0.284,0.333,0.9,0.567,0.85,0.717,0.6,0.567
197,3,0.434,0.766,1.0,1.0,1.0,0.584,0.35,0.434
198,,0.284,0.616,0.85,0.85,0.85,0.434,0.2,0.284
199,,0.134,0.466,0.7,0.7,0.7,0.284,0.05,0.134
