step,active_motive,motive_1,motive_2,motive_3,motive_4,motive_5,motive_6,motive_7,motive_8
0,,0.07799,0.0642,0.00841,0.01616,0.08986,0.06064,0.00092,0.01015
1,,0.05799,0.0442,-0.01159,-0.00384,0.06986,0.04064,-0.01908,-0.00985
2,7,0.43799,0.2832,0.16841,0.23516,0.44986,0.56164,0.98092,0.51115
3,7,0.81799,0.5222,0.34841,0.47416,0.82986,1.0,1.0,1.0
4,,0.79799,0.5022,0.32841,0.45416,0.80986,0.98,0.98,0.98
5,,0.77799,0.4822,0.30841,0.43416,0.78986,0.96,0.96,0.96
6,,0.75799,0.4622,0.28841,0.41416,0.76986,0.94,0.94,0.94
7,,0.73799,0.4422,0.26841,0.39416,0.74986,0.92,0.92,0.92
8,,0.71799,0.4222,0.24841,0.37416,0.72986,0.9,0.9,0.9
9,,0.69799,0.4022,0.22841,0.35416,0.70986,0.88,0.88,0.88
10,,0.67799,0.3822,0.20841,0.33416,0.68986,0.86,0.86,0.86
11,,0.65799,0.3622,0.18841,0.31416,0.66986,0.84,0.84,0.84
12,,0.63799,0.3422,0.16841,0.29416,0.64986,0.82,0.82,0.82
13,,0.61799,0.3222,0.14841,0.27416,0.62986,0.8,0.8,0.8
14,,0.59799,0.3022,0.12841,0.25416,0.60986,0.78,0.78,0.78
15,,0.57799,0.2822,0.10841,0.23416,0.58986,0.76,0.76,0.76
16,,0.55799,0.2622,0.08841,0.21416,0.56986,0.74,0.74,0.74
17,,0.53799,0.2422,0.06841,0.19416,0.54986,0.72,0.72,0.72
18,,0.51799,0.2222,0.04841,0.17416,0.52986,0.7,0.7,0.7
19,,0.49799,0.2022,0.02841,0.15416,0.50986,0.68,0.68,0.68
20,,0.47799,0.1822,0.00841,0.13416,0.48986,0.66,0.66,0.66
21,,0.45799,0.1622,-0.01159,0.11416,0.46986,0.64,0.64,0.64
22,3,0.83799,0.6832,0.98841,0.63516,0.84986,0.879,0.82,0.879
23,3,1.0,1.0,1.0,1.0,1.0,1.0,1.0,1.0
24,,0.98,0.98,0.98,0.98,0.98,0.98,0.98,0.98
25,,0.96,0.96,0.96,0.96,0.96,0.96,0.96,0.96
26,,0.94,0.94,0.94,0.94,0.94,0.94,0.94,0.94
27,,0.92,0.92,0.92,0.92,0.92,0.92,0.92,0.92
28,,0.9,0.9,0.9,0.9,0.9,0.9,0.9,0.9
29,,0.88,0.88,0.88,0.88,0.88,0.88,0.88,0.88
30,,0.86,0.86,0.86,0.86,0.86,0.86,0.86,0.86
31,,0.84,0.84,0.84,0.84,0.84,0.84,0.84,0.84
32,,0.82,0.82,0.82,0.82,0.82,0.82,0.82,0.82
33,,0.8,0.8,0.8,0.8,0.8,0.8,0.8,0.8
34,,0.78,0.78,0.78,0.78,0.78,0.78,0.78,0.78
35,,0.76,0.76,0.76,0.76,0.76,0.76,0.76,0.76
36,,0.74,0.74,0.74,0.74,0.74,0.74,0.74,0.74
37,,0.72,0.72,0.72,0.72,0.72,0.72,0.72,0.72
38,,0.7,0.7,0.7,0.7,0.7,0.7,0.7,0.7
39,,0.68,0.68,0.68,0.68,0.68,0.68,0.68,0.68
40,,0.66,0.66,0.66,0.66,0.66,0.66,0.66,0.66
41,,0.64,0.64,0.64,0.64,0.64,0.64,0.64,0.64
42,,0.62,0.62,0.62,0.62,0.62,0.62,0.62,0.62
43,,0.6,0.6,0.6,0.6,0.6,0.6,0.6,0.6
44,,0.58,0.58,0.58,0.58,0.58,0.58,0.58,0.58
45,,0.56,0.56,0.56,0.56,0.56,0.56,0.56,0.56
46,,0.54,0.54,0.54,0.54,0.54,0.54,0.54,0.54
47,,0.52,0.52,0.52,0.52,0.52,0.52,0.52,0.52
48,,0.5,0.5,0.5,0.5,0.5,0.5,0.5,0.5
49,,0.48,0.48,0.48,0.48,0.48,0.48,0.48,0.48
50,,0.46,0.46,0.46,0.46,0.46,0.46,0.46,0.46
51,,0.44,0.44,0.44,0.44,0.44,0.44,0.44,0.44
52,,0.42,0.42,0.42,0.42,0.42,0.42,0.42,0.42
53,,0.4,0.4,0.4,0.4,0.4,0.4,0.4,0.4
54,,0.38,0.38,0.38,0.38,0.38,0.38,0.38,0.38
55,,0.36,0.36,0.36,0.36,0.36,0.36,0.36,0.36
56,,0.34,0.34,0.34,0.34,0.34,0.34,0.34,0.34
57,,0.32,0.32,0.32,0.32,0.32,0.32,0.32,0.32
58,,0.3,0.3,0.3,0.3,0.3,0.3,0.3,0.3
59,,0.28,0.28,0.28,0.28,0.28,0.28,0.28,0.28
60,,0.26,0.26,0.26,0.26,0.26,0.26,0.26,0.26
61,,0.24,0.24,0.24,0.24,0.24,0.24,0.24,0.24
62,,0.22,0.22,0.22,0.22,0.22,0.22,0.22,0.22
63,,0.2,0.2,0.2,0.2,0.2,0.2,0.2,0.2
64,,0.18,0.18,0.18,0.18,0.18,0.18,0.18,0.18
65,,0.16,0.16,0.16,0.16,0.16,0.16,0.16,0.16
66,,0.14,0.14,0.14,0.14,0.14,0.14,0.14,0.14
67,,0.12,0.12,0.12,0.12,0.12,0.12,0.12,0.12
68,,0.1,0.1,0.1,0.1,0.1,0.1,0.1,0.1
69,,0.08,0.08,0.08,0.08,0.08,0.08,0.08,0.08
70,,0.06,0.06,0.06,0.06,0.06,0.06,0.06,0.06
71,,0.04,0.04,0.04,0.04,0.04,0.04,0.04,0.04
72,,0.02,0.02,0.02,0.02,0.02,0.02,0.02,0.02
73,,0.0,0.0,0.0,0.0,0.0,0.0,0.0,0.0
74,,-0.02,-0.02,-0.02,-0.02,-0.02,-0.02,-0.02,-0.02
75,3,0.36,0.501,0.98,0.501,0.36,0.219,0.16,0.219
76,3,0.74,1.0,1.0,1.0,0.74,0.458,0.34,0.458
77,,0.72,0.98,0.98,0.98,0.72,0.438,0.32,0.438
78,,0.7,0.96,0.96,0.96,0.7,0.418,0.3,0.418
79,,0.68,0.94,0.94,0.94,0.68,0.398,0.28,0.398
80,,0.66,0.92,0.92,0.92,0.66,0.378,0.26,0.378
81,,0.64,0.9,0.9,0.9,0.64,0.358,0.24,0.358
82,,0.62,0.88,0.88,0.88,0.62,0.338,0.22,0.338
83,,0.6,0.86,0.86,0.86,0.6,0.318,0.2,0.318
84,,0.58,0.84,0.84,0.84,0.58,0.298,0.18,0.298
85,,0.56,0.82,0.82,0.82,0.56,0.278,0.16,0.278
86,,0.54,0.8,0.8,0.8,0.54,0.258,0.14,0.258
87,,0.52,0.78,0.78,0.78,0.52,0.238,0.12,0.238
88,,0.5,0.76,0.76,0.76,0.5,0.218,0.1,0.218
89,,0.48,0.74,0.74,0.74,0.48,0.198,0.08,0.198
90,,0.46,0.72,0.72,0.72,0.46,0.178,0.06,0.178
91,,0.44,0.7,0.7,0.7,0.44,0.158,0.04,0.158
92,,0.42,0.68,0.68,0.68,0.42,0.138,0.02,0.138
93,,0.4,0.66,0.66,0.66,0.4,0.118,0.0,0.118
94,,0.38,0.64,0.64,0.64,0.38,0.098,-0.02,0.098
95,7,0.76,0.879,0.82,0.879,0.76,0.619,0.98,0.619
96,7,1.0,1.0,1.0,1.0,1.0,1.0,1.0,1.0
97,,0.98,0.98,0.98,0.98,0.98,0.98,0.98,0.98
98,,0.96,0.96,0.96,0.96,0.96,0.96,0.96,0.96
99,,0.94,0.94,0.94,0.94,0.94,0.94,0.94,0.94
100,,0.92,0.92,0.92,0.92,0.92,0.92,0.92,0.92
101,,0.9,0.9,0.9,0.9,0.9,0.9,0.9,0.9
102,,0.88,0.88,0.88,0.88,0.88,0.88,0.88,0.88
103,,0.86,0.86,0.86,0.86,0.86,0.86,0.86,0.86
104,,0.84,0.84,0.84,0.84,0.84,0.84,0.84,0.84
105,,0.82,0.82,0.82,0.82,0.82,0.82,0.82,0.82
106,,0.8,0.8,0.8,0.8,0.8,0.8,0.8,0.8
107,,0.78,0.78,0.78,0.78,0.78,0.78,0.78,0.78
108,,0.76,0.76,0.76,0.76,0.76,0.76,0.76,0.76
109,,0.74,0.74,0.74,0.74,0.74,0.74,0.74,0.74
110,,0.72,0.72,0.72,0.72,0.72,0.72,0.72,0.72
111,,0.7,0.7,0.7,0.7,0.7,0.7,0.7,0.7
112,,0.68,0.68,0.68,0.68,0.68,0.68,0.68,0.68
113,,0.66,0.66,0.66,0.66,0.66,0.66,0.66,0.66
114,,0.64,0.64,0.64,0.64,0.64,0.64,0.64,0.64
115,,0.62,0.62,0.62,0.62,0.62,0.62,0.62,0.62
116,,0.6,0.6,0.6,0.6,0.6,0.6,0.6,0.6
117,,0.58,0.58,0.58,0.58,0.58,0.58,0.58,0.58
118,,0.56,0.56,0.56,0.56,0.56,0.56,0.56,0.56
119,,0.54,0.54,0.54,0.54,0.54,0.54,0.54,0.54
120,,0.52,0.52,0.52,0.52,0.52,0.52,0.52,0.52
121,,0.5,0.5,0.5,0.5,0.5,0.5,0.5,0.5
122,,0.48,0.48,0.48,0.48,0.48,0.48,0.48,0.48
123,,0.46,0.46,0.46,0.46,0.46,0.46,0.46,0.46
124,,0.44,0.44,0.44,0.44,0.44,0.44,0.44,0.44
125,,0.42,0.42,0.42,0.42,0.42,0.42,0.42,0.42
126,,0.4,0.4,0.4,0.4,0.4,0.4,0.4,0.4
127,,0.38,0.38,0.38,0.38,0.38,0.38,0.38,0.38
128,,0.36,0.36,0.36,0.36,0.36,0.36,0.36,0.36
129,,0.34,0.34,0.34,0.34,0.34,0.34,0.34,0.34
130,,0.32,0.32,0.32,0.32,0.32,0.32,0.32,0.32
131,,0.3,0.3,0.3,0.3,0.3,0.3,0.3,0.3
132,,0.28,0.28,0.28,0.28,0.28,0.28,0.28,0.28
133,,0.26,0.26,0.26,0.26,0.26,0.26,0.26,0.26
134,,0.24,0.24,0.24,0.24,0.24,0.24,0.24,0.24
135,,0.22,0.22,0.22,0.22,0.22,0.22,0.22,0.22
136,,0.2,0.2,0.2,0.2,0.2,0.2,0.2,0.2
137,,0.18,0.18,0.18,0.18,0.18,0.18,0.18,0.18
138,,0.16,0.16,0.16,0.16,0.16,0.16,0.16,0.16
139,,0.14,0.14,0.14,0.14,0.14,0.14,0.14,0.14
140,,0.12,0.12,0.12,0.12,0.12,0.12,0.12,0.12
141,,0.1,0.1,0.1,0.1,0.1,0.1,0.1,0.1
142,,0.08,0.08,0.08,0.08,0.08,0.08,0.08,0.08
143,,0.06,0.06,0.06,0.06,0.06,0.06,0.06,0.06
144,,0.04,0.04,0.04,0.04,0.04,0.04,0.04,0.04
145,,0.02,0.02,0.02,0.02,0.02,0.02,0.02,0.02
146,,0.0,0.0,0.0,0.0,0.0,0.0,0.0,0.0
147,,-0.02,-0.02,-0.02,-0.02,-0.02,-0.02,-0.02,-0.02
148,1,0.98,0.501,0.36,0.219,0.16,0.219,0.36,0.501
149,1,1.0,1.0,0.74,0.458,0.34,0.458,0.74,1.0
150,,0.98,0.98,0.72,0.438,0.32,0.438,0.72,0.98
151,,0.96,0.96,0.7,0.418,0.3,0.418,0.7,0.96
152,,0.94,0.94,0.68,0.398,0.28,0.398,0.68,0.94
153,,0.92,0.92,0.66,0.378,0.26,0.378,0.66,0.92
154,,0.9,0.9,0.64,0.358,0.24,0.358,0.64,0.9
155,,0.88,0.88,0.62,0.338,0.22,0.338,0.62,0.88
156,,0.86,0.86,0.6,0.318,0.2,0.318,0.6,0.86
157,,0.84,0.84,0.58,0.298,0.18,0.298,0.58,0.84
158,,0.82,0.82,0.56,0.278,0.16,0.278,0.56,0.82
159,,0.8,0.8,0.54,0.258,0.14,0.258,0.54,0.8
160,,0.78,0.78,0.52,0.238,0.12,0.238,0.52,0.78
161,,0.76,0.76,0.5,0.218,0.1,0.218,0.5,0.76
162,,0.74,0.74,0.48,0.198,0.08,0.198,0.48,0.74
163,,0.72,0.72,0.46,0.178,0.06,0.178,0.46,0.72
164,,0.7,0.7,0.44,0.158,0.04,0.158,0.44,0.7
165,,0.68,0.68,0.42,0.138,0.02,0.138,0.42,0.68
166,,0.66,0.66,0.4,0.118,0.0,0.118,0.4,0.66
167,,0.64,0.64,0.38,0.098,-0.02,0.098,0.38,0.64
168,5,0.82,0.879,0.76,0.619,0.98,0.619,0.76,0.879
169,5,1.0,1.0,1.0,1.0,1.0,1.0,1.0,1.0
170,,0.98,0.98,0.98,0.98,0.98,0.98,0.98,0.98
171,,0.96,0.96,0.96,0.96,0.96,0.96,0.96,0.96
172,,0.94,0.94,0.94,0.94,0.94,0.94,0.94,0.94
173,,0.92,0.92,0.92,0.92,0.92,0.92,0.92,0.92
174,,0.9,0.9,0.9,0.9,0.9,0.9,0.9,0.9
175,,0.88,0.88,0.88,0.88,0.88,0.88,0.88,0.88
176,,0.86,0.86,0.86,0.86,0.86,0.86,0.86,0.86
177,,0.84,0.84,0.84,0.84,0.84,0.84,0.84,0.84
178,,0.82,0.82,0.82,0.82,0.82,0.82,0.82,0.82
179,,0.8,0.8,0.8,0.8,0.8,0.8,0.8,0.8
180,,0.78,0.78,0.78,0.78,0.78,0.78,0.78,0.78
181,,0.76,0.76,0.76,0.76,0.76,0.76,0.76,0.76
182,,0.74,0.74,0.74,0.74,0.74,0.74,0.74,0.74
183,,0.72,0.72,0.72,0.72,0.72,0.72,0.72,0.72
184,,0.7,0.7,0.7,0.7,0.7,0.7,0.7,0.7
185,,0.68,0.68,0.68,0.68,0.68,0.68,0.68,0.68
186,,0.66,0.66,0.66,0.66,0.66,0.66,0.66,0.66
187,,0.64,0.64,0.64,0.64,0.64,0.64,0.64,0.64
188,,0.62,0.62,0.62,0.62,0.62,0.62,0.62,0.62
189,,0.6,0.6,0.6,0.6,0.6,0.6,0.6,0.6
190,,0.58,0.58,0.58,0.58,0.58,0.58,0.58,0.58
191,,0.56,0.56,0.56,0.56,0.56,0.56,0.56,0.56
192,,0.54,0.54,0.54,0.54,0.54,0.54,0.54,0.54
193,,0.52,0.52,0.52,0.52,0.52,0.52,0.52,0.52
194,,0.5,0.5,0.5,0.5,0.5,0.5,0.5,0.5
195,,0.48,0.48,0.48,0.48,0.48,0.48,0.48,0.48
196,,0.46,0.46,0.46,0.46,0.46,0.46,0.46,0.46
197,,0.44,0.44,0.44,0.44,0.44,0.44,0.44,0.44
198,,0.42,0.42,0.42,0.42,0.42,0.42,0.42,0.42
199,,0.4,0.4,0.4,0.4,0.4,0.4,0.4,0.4
200,,0.38,0.38,0.38,0.38,0.38,0.38,0.38,0.38
201,,0.36,0.36,0.36,0.36,0.36,0.36,0.36,0.36
202,,0.34,0.34,0.34,0.34,0.34,0.34,0.34,0.34
203,,0.32,0.32,0.32,0.32,0.32,0.32,0.32,0.32
204,,0.3,0.3,0.3,0.3,0.3,0.3,0.3,0.3
205,,0.28,0.28,0.28,0.28,0.28,0.28,0.28,0.28
206,,0.26,0.26,0.26,0.26,0.26,0.26,0.26,0.26
207,,0.24,0.24,0.24,0.24,0.24,0.24,0.24,0.24
208,,0.22,0.22,0.22,0.22,0.22,0.22,0.22,0.22
209,,0.2,0.2,0.2,0.2,0.2,0.2,0.2,0.2
210,,0.18,0.18,0.18,0.18,0.18,0.18,0.18,0.18
211,,0.16,0.16,0.16,0.16,0.16,0.16,0.16,0.16
212,,0.14,0.14,0.14,0.14,0.14,0.14,0.14,0.14
213,,0.12,0.12,0.12,0.12,0.12,0.12,0.12,0.12
214,,0.1,0.1,0.1,0.1,0.1,0.1,0.1,0.1
215,,0.08,0.08,0.08,0.08,0.08,0.08,0.08,0.08
216,,0.06,0.06,0.06,0.06,0.06,0.06,0.06,0.06
217,,0.04,0.04,0.04,0.04,0.04,0.04,0.04,0.04
218,,0.02,0.02,0.02,0.02,0.02,0.02,0.02,0.02
219,,0.0,0.0,0.0,0.0,0.0,0.0,0.0,0.0
220,,-0.02,-0.02,-0.02,-0.02,-0.02,-0.02,-0.02,-0.02
221,5,0.16,0.219,0.36,0.501,0.98,0.501,0.36,0.219
222,5,0.34,0.458,0.74,1.0,1.0,1.0,0.74,0.458
223,,0.32,0.438,0.72,0.98,0.98,0.98,0.72,0.438
224,,0.3,0.418,0.7,0.96,0.96,0.96,0.7,0.418
225,,0.28,0.398,0.68,0.94,0.94,0.94,0.68,0.398
226,,0.26,0.378,0.66,0.92,0.92,0.92,0.66,0.378
227,,0.24,0.358,0.64,0.9,0.9,0.9,0.64,0.358
228,,0.22,0.338,0.62,0.88,0.88,0.88,0.62,0.338
229,,0.2,0.318,0.6,0.86,0.86,0.86,0.6,0.318
230,,0.18,0.298,0.58,0.84,0.84,0.84,0.58,0.298
231,,0.16,0.278,0.56,0.82,0.82,0.82,0.56,0.278
232,,0.14,0.258,0.54,0.8,0.8,0.8,0.54,0.258
233,,0.12,0.238,0.52,0.78,0.78,0.78,0.52,0.238
234,,0.1,0.218,0.5,0.76,0.76,0.76,0.5,0.218
235,,0.08,0.198,0.48,0.74,0.74,0.74,0.48,0.198
236,,0.06,0.178,0.46,0.72,0.72,0.72,0.46,0.178
237,,0.04,0.158,0.44,0.7,0.7,0.7,0.44,0.158
238,,0.02,0.138,0.42,0.68,0.68,0.68,0.42,0.138
239,,0.0,0.118,0.4,0.66,0.66,0.66,0.4,0.118
240,,-0.02,0.098,0.38,0.64,0.64,0.64,0.38,0.098
241,1,0.98,0.619,0.76,0.879,0.82,0.879,0.76,0.619
242,1,1.0,1.0,1.0,1.0,1.0,1.0,1.0,1.0
243,,0.98,0.98,0.98,0.98,0.98,0.98,0.98,0.98
244,,0.96,0.96,0.96,0.96,0.96,0.96,0.96,0.96
245,,0.94,0.94,0.94,0.94,0.94,0.94,0.94,0.94
246,,0.92,0.92,0.92,0.92,0.92,0.92,0.92,0.92
247,,0.9,0.9,0.9,0.9,0.9,0.9,0.9,0.9
248,,0.88,0.88,0.88,0.88,0.88,0.88,0.88,0.88
249,,0.86,0.86,0.86,0.86,0.86,0.86,0.86,0.86
250,,0.84,0.84,0.84,0.84,0.84,0.84,0.84,0.84
251,,0.82,0.82,0.82,0.82,0.82,0.82,0.82,0.82
252,,0.8,0.8,0.8,0.8,0.8,0.8,0.8,0.8
253,,0.78,0.78,0.78,0.78,0.78,0.78,0.78,0.78
254,,0.76,0.76,0.76,0.76,0.76,0.76,0.76,0.76
255,,0.74,0.74,0.74,0.74,0.74,0.74,0.74,0.74
256,,0.72,0.72,0.72,0.72,0.72,0.72,0.72,0.72
257,,0.7,0.7,0.7,0.7,0.7,0.7,0.7,0.7
258,,0.68,0.68,0.68,0.68,0.68,0.68,0.68,0.68
259,,0.66,0.66,0.66,0.66,0.66,0.66,0.66,0.66
260,,0.64,0.64,0.64,0.64,0.64,0.64,0.64,0.64
261,,0.62,0.62,0.62,0.62,0.62,0.62,0.62,0.62
262,,0.6,0.6,0.6,0.6,0.6,0.6,0.6,0.6
263,,0.58,0.58,0.58,0.58,0.58,0.58,0.58,0.58
264,,0.56,0.56,0.56,0.56,0.56,0.56,0.56,0.56
265,,0.54,0.54,0.54,0.54,0.54,0.54,0.54,0.54
266,,0.52,0.52,0.52,0.52,0.52,0.52,0.52,0.52
267,,0.5,0.5,0.5,0.5,0.5,0.5,0.5,0.5
268,,0.48,0.48,0.48,0.48,0.48,0.48,0.48,0.48
269,,0.46,0.46,0.46,0.46,0.46,0.46,0.46,0.46
270,,0.44,0.44,0.44,0.44,0.44,0.44,0.44,0.44
271,,0.42,0.42,0.42,0.42,0.42,0.42,0.42,0.42
272,,0.4,0.4,0.4,0.4,0.4,0.4,0.4,0.4
273,,0.38,0.38,0.38,0.38,0.38,0.38,0.38,0.38
274,,0.36,0.36,0.36,0.36,0.36,0.36,0.36,0.36
275,,0.34,0.34,0.34,0.34,0.34,0.34,0.34,0.34
276,,0.32,0.32,0.32,0.32,0.32,0.32,0.32,0.32
277,,0.3,0.3,0.3,0.3,0.3,0.3,0.3,0.3
278,,0.28,0.28,0.28,0.28,0.28,0.28,0.28,0.28
279,,0.26,0.26,0.26,0.26,0.26,0.26,0.26,0.26
280,,0.24,0.24,0.24,0.24,0.24,0.24,0.24,0.24
281,,0.22,0.22,0.22,0.22,0.22,0.22,0.22,0.22
282,,0.2,0.2,0.2,0.2,0.2,0.2,0.2,0.2
283,,0.18,0.18,0.18,0.18,0.18,0.18,0.18,0.18
284,,0.16,0.16,0.16,0.16,0.16,0.16,0.16,0.16
285,,0.14,0.14,0.14,0.14,0.14,0.14,0.14,0.14
286,,0.12,0.12,0.12,0.12,0.12,0.12,0.12,0.12
287,,0.1,0.1,0.1,0.1,0.1,0.1,0.1,0.1
288,,0.08,0.08,0.08,0.08,0.08,0.08,0.08,0.08
289,,0.06,0.06,0.06,0.06,0.06,0.06,0.06,0.06
290,,0.04,0.04,0.04,0.04,0.04,0.04,0.04,0.04
291,,0.02,0.02,0.02,0.02,0.02,0.02,0.02,0.02
292,,0.0,0.0,0.0,0.0,0.0,0.0,0.0,0.0
293,,-0.02,-0.02,-0.02,-0.02,-0.02,-0.02,-0.02,-0.02
294,2,0.501,0.98,0.501,0.36,0.219,0.16,0.219,0.36
295,2,1.0,1.0,1.0,0.74,0.458,0.34,0.458,0.74
296,,0.98,0.98,0.98,0.72,0.438,0.32,0.438,0.72
297,,0.96,0.96,0.96,0.7,0.418,0.3,0.418,0.7
298,,0.94,0.94,0.94,0.68,0.398,0.28,0.398,0.68
299,,0.92,0.92,0.92,0.66,0.378,0.26,0.378,0.66
300,,0.9,0.9,0.9,0.64,0.358,0.24,0.358,0.64
301,,0.88,0.88,0.88,0.62,0.338,0.22,0.338,0.62
302,,0.86,0.86,0.86,0.6,0.318,0.2,0.318,0.6
303,,0.84,0.84,0.84,0.58,0.298,0.18,0.298,0.58
304,,0.82,0.82,0.82,0.56,0.278,0.16,0.278,0.56
305,,0.8,0.8,0.8,0.54,0.258,0.14,0.258,0.54
306,,0.78,0.78,0.78,0.52,0.238,0.12,0.238,0.52
307,,0.76,0.76,0.76,0.5,0.218,0.1,0.218,0.5
308,,0.74,0.74,0.74,0.48,0.198,0.08,0.198,0.48
309,,0.72,0.72,0.72,0.46,0.178,0.06,0.178,0.46
310,,0.7,0.7,0.7,0.44,0.158,0.04,0.158,0.44
311,,0.68,0.68,0.68,0.42,0.138,0.02,0.138,0.42
312,,0.66,0.66,0.66,0.4,0.118,0.0,0.118,0.4
313,,0.64,0.64,0.64,0.38,0.098,-0.02,0.098,0.38
314,6,0.879,0.82,0.879,0.76,0.619,0.98,0.619,0.76
315,6,1.0,1.0,1.0,1.0,1.0,1.0,1.0,1.0
316,,0.98,0.98,0.98,0.98,0.98,0.98,0.98,0.98
317,,0.96,0.96,0.96,0.96,0.96,0.96,0.96,0.96
318,,0.94,0.94,0.94,0.94,0.94,0.94,0.94,0.94
319,,0.92,0.92,0.92,0.92,0.92,0.92,0.92,0.92
320,,0.9,0.9,0.9,0.9,0.9,0.9,0.9,0.9
321,,0.88,0.88,0.88,0.88,0.88,0.88,0.88,0.88
322,,0.86,0.86,0.86,0.86,0.86,0.86,0.86,0.86
323,,0.84,0.84,0.84,0.84,0.84,0.84,0.84,0.84
324,,0.82,0.82,0.82,0.82,0.82,0.82,0.82,0.82
325,,0.8,0.8,0.8,0.8,0.8,0.8,0.8,0.8
326,,0.78,0.78,0.78,0.78,0.78,0.78,0.78,0.78
327,,0.76,0.76,0.76,0.76,0.76,0.76,0.76,0.76
328,,0.74,0.74,0.74,0.74,0.74,0.74,0.74,0.74
329,,0.72,0.72,0.72,0.72,0.72,0.72,0.72,0.72
330,,0.7,0.7,0.7,0.7,0.7,0.7,0.7,0.7
331,,0.68,0.68,0.68,0.68,0.68,0.68,0.68,0.68
332,,0.66,0.66,0.66,0.66,0.66,0.66,0.66,0.66
333,,0.64,0.64,0.64,0.64,0.64,0.64,0.64,0.64
334,,0.62,0.62,0.62,0.62,0.62,0.62,0.62,0.62
335,,0.6,0.6,0.6,0.6,0.6,0.6,0.6,0.6
336,,0.58,0.58,0.58,0.58,0.58,0.58,0.58,0.58
337,,0.56,0.56,0.56,0.56,0.56,0.56,0.56,0.56
338,,0.54,0.54,0.54,0.54,0.54,0.54,0.54,0.54
339,,0.52,0.52,0.52,0.52,0.52,0.52,0.52,0.52
340,,0.5,0.5,0.5,0.5,0.5,0.5,0.5,0.5
341,,0.48,0.48,0.48,0.48,0.48,0.48,0.48,0.48
342,,0.46,0.46,0.46,0.46,0.46,0.46,0.46,0.46
343,,0.44,0.44,0.44,0.44,0.44,0.44,0.44,0.44
344,,0.42,0.42,0.42,0.42,0.42,0.42,0.42,0.42
345,,0.4,0.4,0.4,0.4,0.4,0.4,0.4,0.4
346,,0.38,0.38,0.38,0.38,0.38,0.38,0.38,0.38
347,,0.36,0.36,0.36,0.36,0.36,0.36,0.36,0.36
348,,0.34,0.34,0.34,0.34,0.34,0.34,0.34,0.34
349,,0.32,0.32,0.32,0.32,0.32,0.32,0.32,0.32
350,,0.3,0.3,0.3,0.3,0.3,0.3,0.3,0.3
351,,0.28,0.28,0.28,0.28,0.28,0.28,0.28,0.28
352,,0.26,0.26,0.26,0.26,0.26,0.26,0.26,0.26
353,,0.24,0.24,0.24,0.24,0.24,0.24,0.24,0.24
354,,0.22,0.22,0.22,0.22,0.22,0.22,0.22,0.22
355,,0.2,0.2,0.2,0.2,0.2,0.2,0.2,0.2
356,,0.18,0.18,0.18,0.18,0.18,0.18,0.18,0.18
357,,0.16,0.16,0.16,0.16,0.16,0.16,0.16,0.16
358,,0.14,0.14,0.14,0.14,0.14,0.14,0.14,0.14
359,,0.12,0.12,0.12,0.12,0.12,0.12,0.12,0.12
360,,0.1,0.1,0.1,0.1,0.1,0.1,0.1,0.1
361,,0.08,0.08,0.08,0.08,0.08,0.08,0.08,0.08
362,,0.06,0.06,0.06,0.06,0.06,0.06,0.06,0.06
363,,0.04,0.04,0.04,0.04,0.04,0.04,0.04,0.04
364,,0.02,0.02,0.02,0.02,0.02,0.02,0.02,0.02
365,,0.0,0.0,0.0,0.0,0.0,0.0,0.0,0.0
366,,-0.02,-0.02,-0.02,-0.02,-0.02,-0.02,-0.02,-0.02
367,8,0.501,0.36,0.219,0.16,0.219,0.36,0.501,0.98
368,8,1.0,0.74,0.458,0.34,0.458,0.74,1.0,1.0
369,,0.98,0.72,0.438,0.32,0.438,0.72,0.98,0.98
370,,0.96,0.7,0.418,0.3,0.418,0.7,0.96,0.96
371,,0.94,0.68,0.398,0.28,0.398,0.68,0.94,0.94
372,,0.92,0.66,0.378,0.26,0.378,0.66,0.92,0.92
373,,0.9,0.64,0.358,0.24,0.358,0.64,0.9,0.9
374,,0.88,0.62,0.338,0.22,0.338,0.62,0.88,0.88
375,,0.86,0.6,0.318,0.2,0.318,0.6,0.86,0.86
376,,0.84,0.58,0.298,0.18,0.298,0.58,0.84,0.84
377,,0.82,0.56,0.278,0.16,0.278,0.56,0.82,0.82
378,,0.8,0.54,0.258,0.14,0.258,0.54,0.8,0.8
379,,0.78,0.52,0.238,0.12,0.238,0.52,0.78,0.78
380,,0.76,0.5,0.218,0.1,0.218,0.5,0.76,0.76
381,,0.74,0.48,0.198,0.08,0.198,0.48,0.74,0.74
382,,0.72,0.46,0.178,0.06,0.178,0.46,0.72,0.72
383,,0.7,0.44,0.158,0.04,0.158,0.44,0.7,0.7
384,,0.68,0.42,0.138,0.02,0.138,0.42,0.68,0.68
385,,0.66,0.4,0.118,0.0,0.118,0.4,0.66,0.66
386,,0.64,0.38,0.098,-0.02,0.098,0.38,0.64,0.64
387,4,0.879,0.76,0.619,0.98,0.619,0.76,0.879,0.82
388,4,1.0,1.0,1.0,1.0,1.0,1.0,1.0,1.0
389,,0.98,0.98,0.98,0.98,0.98,0.98,0.98,0.98
390,,0.96,0.96,0.96,0.96,0.96,0.96,0.96,0.96
391,,0.94,0.94,0.94,0.94,0.94,0.94,0.94,0.94
392,,0.92,0.92,0.92,0.92,0.92,0.92,0.92,0.92
393,,0.9,0.9,0.9,0.9,0.9,0.9,0.9,0.9
394,,0.88,0.88,0.88,0.88,0.88,0.88,0.88,0.88
395,,0.86,0.86,0.86,0.86,0.86,0.86,0.86,0.86
396,,0.84,0.84,0.84,0.84,0.84,0.84,0.84,0.84
397,,0.82,0.82,0.82,0.82,0.82,0.82,0.82,0.82
398,,0.8,0.8,0.8,0.8,0.8,0.8,0.8,0.8
399,,0.78,0.78,0.78,0.78,0.78,0.78,0.78,0.78
400,,0.76,0.76,0.76,0.76,0.76,0.76,0.76,0.76
401,,0.74,0.74,0.74,0.74,0.74,0.74,0.74,0.74
402,,0.72,0.72,0.72,0.72,0.72,0.72,0.72,0.72
403,,0.7,0.7,0.7,0.7,0.7,0.7,0.7,0.7
404,,0.68,0.68,0.68,0.68,0.68,0.68,0.68,0.68
405,,0.66,0.66,0.66,0.66,0.66,0.66,0.66,0.66
406,,0.64,0.64,0.64,0.64,0.64,0.64,0.64,0.64
407,,0.62,0.62,0.62,0.62,0.62,0.62,0.62,0.62
408,,0.6,0.6,0.6,0.6,0.6,0.6,0.6,0.6
409,,0.58,0.58,0.58,0.58,0.58,0.58,0.58,0.58
410,,0.56,0.56,0.56,0.56,0.56,0.56,0.56,0.56
411,,0.54,0.54,0.54,0.54,0.54,0.54,0.54,0.54
412,,0.52,0.52,0.52,0.52,0.52,0.52,0.52,0.52
413,,0.5,0.5,0.5,0.5,0.5,0.5,0.5,0.5
414,,0.48,0.48,0.48,0.48,0.48,0.48,0.48,0.48
415,,0.46,0.46,0.46,0.46,0.46,0.46,0.46,0.46
416,,0.44,0.44,0.44,0.44,0.44,0.44,0.44,0.44
417,,0.42,0.42,0.42,0.42,0.42,0.42,0.42,0.42
418,,0.4,0.4,0.4,0.4,0.4,0.4,0.4,0.4
419,,0.38,0.38,0.38,0.38,0.38,0.38,0.38,0.38
420,,0.36,0.36,0.36,0.36,0.36,0.36,0.36,0.36
421,,0.34,0.34,0.34,0.34,0.34,0.34,0.34,0.34
422,,0.32,0.32,0.32,0.32,0.32,0.32,0.32,0.32
423,,0.3,0.3,0.3,0.3,0.3,0.3,0.3,0.3
424,,0.28,0.28,0.28,0.28,0.28,0.28,0.28,0.28
425,,0.26,0.26,0.26,0.26,0.26,0.26,0.26,0.26
426,,0.24,0.24,0.24,0.24,0.24,0.24,0.24,0.24
427,,0.22,0.22,0.22,0.22,0.22,0.22,0.22,0.22
428,,0.2,0.2,0.2,0.2,0.2,0.2,0.2,0.2
429,,0.18,0.18,0.18,0.18,0.18,0.18,0.18,0.18
430,,0.16,0.16,0.16,0.16,0.16,0.16,0.16,0.16
431,,0.14,0.14,0.14,0.14,0.14,0.14,0.14,0.14
432,,0.12,0.12,0.12,0.12,0.12,0.12,0.12,0.12
433,,0.1,0.1,0.1,0.1,0.1,0.1,0.1,0.1
434,,0.08,0.08,0.08,0.08,0.08,0.08,0.08,0.08
435,,0.06,0.06,0.06,0.06,0.06,0.06,0.06,0.06
436,,0.04,0.04,0.04,0.04,0.04,0.04,0.04,0.04
437,,0.02,0.02,0.02,0.02,0.02,0.02,0.02,0.02
438,,0.0,0.0,0.0,0.0,0.0,0.0,0.0,0.0
439,,-0.02,-0.02,-0.02,-0.02,-0.02,-0.02,-0.02,-0.02
440,6,0.219,0.16,0.219,0.36,0.501,0.98,0.501,0.36
441,6,0.458,0.34,0.458,0.74,1.0,1.0,1.0,0.74
442,,0.438,0.32,0.438,0.72,0.98,0.98,0.98,0.72
443,,0.418,0.3,0.418,0.7,0.96,0.96,0.96,0.7
444,,0.398,0.28,0.398,0.68,0.94,0.94,0.94,0.68
445,,0.378,0.26,0.378,0.66,0.92,0.92,0.92,0.66
446,,0.358,0.24,0.358,0.64,0.9,0.9,0.9,0.64
447,,0.338,0.22,0.338,0.62,0.88,0.88,0.88,0.62
448,,0.318,0.2,0.318,0.6,0.86,0.86,0.86,0.6
449,,0.298,0.18,0.298,0.58,0.84,0.84,0.84,0.58
450,,0.278,0.16,0.278,0.56,0.82,0.82,0.82,0.56
451,,0.258,0.14,0.258,0.54,0.8,0.8,0.8,0.54
452,,0.238,0.12,0.238,0.52,0.78,0.78,0.78,0.52
453,,0.218,0.1,0.218,0.5,0.76,0.76,0.76,0.5
454,,0.198,0.08,0.198,0.48,0.74,0.74,0.74,0.48
455,,0.178,0.06,0.178,0.46,0.72,0.72,0.72,0.46
456,,0.158,0.04,0.158,0.44,0.7,0.7,0.7,0.44
457,,0.138,0.02,0.138,0.42,0.68,0.68,0.68,0.42
458,,0.118,0.0,0.118,0.4,0.66,0.66,0.66,0.4
459,,0.098,-0.02,0.098,0.38,0.64,0.64,0.64,0.38
460,2,0.619,0.98,0.619,0.76,0.879,0.82,0.879,0.76
461,2,1.0,1.0,1.0,1.0,1.0,1.0,1.0,1.0
462,,0.98,0.98,0.98,0.98,0.98,0.98,0.98,0.98
463,,0.96,0.96,0.96,0.96,0.96,0.96,0.96,0.96
464,,0.94,0.94,0.94,0.94,0.94,0.94,0.94,0.94
465,,0.92,0.92,0.92,0.92,0.92,0.92,0.92,0.92
466,,0.9,0.9,0.9,0.9,0.9,0.9,0.9,0.9
467,,0.88,0.88,0.88,0.88,0.88,0.88,0.88,0.88
468,,0.86,0.86,0.86,0.86,0.86,0.86,0.86,0.86
469,,0.84,0.84,0.84,0.84,0.84,0.84,0.84,0.84
470,,0.82,0.82,0.82,0.82,0.82,0.82,0.82,0.82
471,,0.8,0.8,0.8,0.8,0.8,0.8,0.8,0.8
472,,0.78,0.78,0.78,0.78,0.78,0.78,0.78,0.78
473,,0.76,0.76,0.76,0.76,0.76,0.76,0.76,0.76
474,,0.74,0.74,0.74,0.74,0.74,0.74,0.74,0.74
475,,0.72,0.72,0.72,0.72,0.72,0.72,0.72,0.72
476,,0.7,0.7,0.7,0.7,0.7,0.7,0.7,0.7
477,,0.68,0.68,0.68,0.68,0.68,0.68,0.68,0.68
478,,0.66,0.66,0.66,0.66,0.66,0.66,0.66,0.66
479,,0.64,0.64,0.64,0.64,0.64,0.64,0.64,0.64
480,,0.62,0.62,0.62,0.62,0.62,0.62,0.62,0.62
481,,0.6,0.6,0.6,0.6,0.6,0.6,0.6,0.6
482,,0.58,0.58,0.58,0.58,0.58,0.58,0.58,0.58
483,,0.56,0.56,0.56,0.56,0.56,0.56,0.56,0.56
484,,0.54,0.54,0.54,0.54,0.54,0.54,0.54,0.54
485,,0.52,0.52,0.52,0.52,0.52,0.52,0.52,0.52
486,,0.5,0.5,0.5,0.5,0.5,0.5,0.5,0.5
487,,0.48,0.48,0.48,0.48,0.48,0.48,0.48,0.48
488,,0.46,0.46,0.46,0.46,0.46,0.46,0.46,0.46
489,,0.44,0.44,0.44,0.44,0.44,0.44,0.44,0.44
490,,0.42,0.42,0.42,0.42,0.42,0.42,0.42,0.42
491,,0.4,0.4,0.4,0.4,0.4,0.4,0.4,0.4
492,,0.38,0.38,0.38,0.38,0.38,0.38,0.38,0.38
493,,0.36,0.36,0.36,0.36,0.36,0.36,0.36,0.36
494,,0.34,0.34,0.34,0.34,0.34,0.34,0.34,0.34
495,,0.32,0.32,0.32,0.32,0.32,0.32,0.32,0.32
496,,0.3,0.3,0.3,0.3,0.3,0.3,0.3,0.3
497,,0.28,0.28,0.28,0.28,0.28,0.28,0.28,0.28
498,,0.26,0.26,0.26,0.26,0.26,0.26,0.26,0.26
499,,0.24,0.24,0.24,0.24,0.24,0.24,0.24,0.24
