step,active_motive,motive_1,motive_2,motive_3,motive_4,motive_5,motive_6,motive_7,motive_8
0,,0.03585,0.01159,0.08631,0.06233,0.03309,0.00636,0.0311,0.03252
1,,0.01585,-0.00841,0.06631,0.04233,0.01309,-0.01364,0.0111,0.01252
2,6,0.25485,0.17159,0.30531,0.42233,0.53409,0.98636,0.5321,0.39252
3,6,0.49385,0.35159,0.54431,0.80233,1.0,1.0,1.0,0.77252
4,,0.47385,0.33159,0.52431,0.78233,0.98,0.98,0.98,0.75252
5,,0.45385,0.31159,0.50431,0.76233,0.96,0.96,0.96,0.73252
6,,0.43385,0.29159,0.48431,0.74233,0.94,0.94,0.94,0.71252
7,,0.41385,0.27159,0.46431,0.72233,0.92,0.92,0.92,0.69252
8,,0.39385,0.25159,0.44431,0.70233,0.9,0.9,0.9,0.67252
9,,0.37385,0.23159,0.42431,0.68233,0.88,0.88,0.88,0.65252
10,,0.35385,0.21159,0.40431,0.66233,0.86,0.86,0.86,0.63252
11,,0.33385,0.19159,0.38431,0.64233,0.84,0.84,0.84,0.61252
12,,0.31385,0.17159,0.36431,0.62233,0.82,0.82,0.82,0.59252
13,,0.29385,0.15159,0.34431,0.60233,0.8,0.8,0.8,0.57252
14,,0.27385,0.13159,0.32431,0.58233,0.78,0.78,0.78,0.55252
15,,0.25385,0.11159,0.30431,0.56233,0.76,0.76,0.76,0.53252
16,,0.23385,0.09159,0.28431,0.54233,0.74,0.74,0.74,0.51252
17,,0.21385,0.07159,0.26431,0.52233,0.72,0.72,0.72,0.49252
18,,0.19385,0.05159,0.24431,0.50233,0.7,0.7,0.7,0.47252
19,,0.17385,0.03159,0.22431,0.48233,0.68,0.68,0.68,0.45252
20,,0.15385,0.01159,0.20431,0.46233,0.66,0.66,0.66,0.43252
21,,0.13385,-0.00841,0.18431,0.44233,0.64,0.64,0.64,0.41252
22,2,0.65485,0.99159,0.70531,0.82233,0.879,0.82,0.879,0.79252
23,2,1.0,1.0,1.0,1.0,1.0,1.0,1.0,1.0
24,,0.98,0.98,0.98,0.98,0.98,0.98,0.98,0.98
25,,0.96,0.96,0.96,0.96,0.96,0.96,0.96,0.96
26,,0.94,0.94,0.94,0.94,0.94,0.94,0.94,0.94
27,,0.92,0.92,0.92,0.92,0.92,0.92,0.92,0.92
28,,0.9,0.9,0.9,0.9,0.9,0.9,0.9,0.9
29,,0.88,0.88,0.88,0.88,0.88,0.88,0.88,0.88
30,,0.86,0.86,0.86,0.86,0.86,0.86,0.86,0.86
31,,0.84,0.84,0.84,0.84,0.84,0.84,0.84,0.84
32,,0.82,0.82,0.82,0.82,0.82,0.82,0.82,0.82
33,,0.8,0.8,0.8,0.8,0.8,0.8,0.8,0.8
34,,0.78,0.78,0.78,0.78,0.78,0.78,0.78,0.78
35,,0.76,0.76,0.76,0.76,0.76,0.76,0.76,0.76
36,,0.74,0.74,0.74,0.74,0.74,0.74,0.74,0.74
37,,0.72,0.72,0.72,0.72,0.72,0.72,0.72,0.72
38,,0.7,0.7,0.7,0.7,0.7,0.7,0.7,0.7
39,,0.68,0.68,0.68,0.68,0.68,0.68,0.68,0.68
40,,0.66,0.66,0.66,0.66,0.66,0.66,0.66,0.66
41,,0.64,0.64,0.64,0.64,0.64,0.64,0.64,0.64
42,,0.62,0.62,0.62,0.62,0.62,0.62,0.62,0.62
43,,0.6,0.6,0.6,0.6,0.6,0.6,0.6,0.6
44,,0.58,0.58,0.58,0.58,0.58,0.58,0.58,0.58
45,,0.56,0.56,0.56,0.56,0.56,0.56,0.56,0.56
46,,0.54,0.54,0.54,0.54,0.54,0.54,0.54,0.54
47,,0.52,0.52,0.52,0.52,0.52,0.52,0.52,0.52
48,,0.5,0.5,0.5,0.5,0.5,0.5,0.5,0.5
49,,0.48,0.48,0.48,0.48,0.48,0.48,0.48,0.48
50,,0.46,0.46,0.46,0.46,0.46,0.46,0.46,0.46
51,,0.44,0.44,0.44,0.44,0.44,0.44,0.44,0.44
52,,0.42,0.42,0.42,0.42,0.42,0.42,0.42,0.42
53,,0.4,0.4,0.4,0.4,0.4,0.4,0.4,0.4
54,,0.38,0.38,0.38,0.38,0.38,0.38,0.38,0.38
55,,0.36,0.36,0.36,0.36,0.36,0.36,0.36,0.36
56,,0.34,0.34,0.34,0.34,0.34,0.34,0.34,0.34
57,,0.32,0.32,0.32,0.32,0.32,0.32,0.32,0.32
58,,0.3,0.3,0.3,0.3,0.3,0.3,0.3,0.3
59,,0.28,0.28,0.28,0.28,0.28,0.28,0.28,0.28
60,,0.26,0.26,0.26,0.26,0.26,0.26,0.26,0.26
61,,0.24,0.24,0.24,0.24,0.24,0.24,0.24,0.24
62,,0.22,0.22,0.22,0.22,0.22,0.22,0.22,0.22
63,,0.2,0.2,0.2,0.2,0.2,0.2,0.2,0.2
64,,0.18,0.18,0.18,0.18,0.18,0.18,0.18,0.18
65,,0.16,0.16,0.16,0.16,0.16,0.16,0.16,0.16
66,,0.14,0.14,0.14,0.14,0.14,0.14,0.14,0.14
67,,0.12,0.12,0.12,0.12,0.12,0.12,0.12,0.12
68,,0.1,0.1,0.1,0.1,0.1,0.1,0.1,0.1
69,,0.08,0.08,0.08,0.08,0.08,0.08,0.08,0.08
70,,0.06,0.06,0.06,0.06,0.06,0.06,0.06,0.06
71,,0.04,0.04,0.04,0.04,0.04,0.04,0.04,0.04
72,,0.02,0.02,0.02,0.02,0.02,0.02,0.02,0.02
73,,0.0,0.0,0.0,0.0,0.0,0.0,0.0,0.0
74,,-0.02,-0.02,-0.02,-0.02,-0.02,-0.02,-0.02,-0.02
75,3,0.36,0.501,0.98,0.501,0.36,0.219,0.16,0.219
76,3,0.74,1.0,1.0,1.0,0.74,0.458,0.34,0.458
77,,0.72,0.98,0.98,0.98,0.72,0.438,0.32,0.438
78,,0.7,0.96,0.96,0.96,0.7,0.418,0.3,0.418
79,,0.68,0.94,0.94,0.94,0.68,0.398,0.28,0.398
80,,0.66,0.92,0.92,0.92,0.66,0.378,0.26,0.378
81,,0.64,0.9,0.9,0.9,0.64,0.358,0.24,0.358
82,,0.62,0.88,0.88,0.88,0.62,0.338,0.22,0.338
83,,0.6,0.86,0.86,0.86,0.6,0.318,0.2,0.318
84,,0.58,0.84,0.84,0.84,0.58,0.298,0.18,0.298
85,,0.56,0.82,0.82,0.82,0.56,0.278,0.16,0.278
86,,0.54,0.8,0.8,0.8,0.54,0.258,0.14,0.258
87,,0.52,0.78,0.78,0.78,0.52,0.238,0.12,0.238
88,,0.5,0.76,0.76,0.76,0.5,0.218,0.1,0.218
89,,0.48,0.74,0.74,0.74,0.48,0.198,0.08,0.198
90,,0.46,0.72,0.72,0.72,0.46,0.178,0.06,0.178
91,,0.44,0.7,0.7,0.7,0.44,0.158,0.04,0.158
92,,0.42,0.68,0.68,0.68,0.42,0.138,0.02,0.138
93,,0.4,0.66,0.66,0.66,0.4,0.118,0.0,0.118
94,,0.38,0.64,0.64,0.64,0.38,0.098,-0.02,0.098
95,7,0.76,0.879,0.82,0.879,0.76,0.619,0.98,0.619
96,7,1.0,1.0,1.0,1.0,1.0,1.0,1.0,1.0
97,,0.98,0.98,0.98,0.98,0.98,0.98,0.98,0.98
98,,0.96,0.96,0.96,0.96,0.96,0.96,0.96,0.96
99,,0.94,0.94,0.94,0.94,0.94,0.94,0.94,0.94
100,,0.92,0.92,0.92,0.92,0.92,0.92,0.92,0.92
101,,0.9,0.9,0.9,0.9,0.9,0.9,0.9,0.9
102,,0.88,0.88,0.88,0.88,0.88,0.88,0.88,0.88
103,,0.86,0.86,0.86,0.86,0.86,0.86,0.86,0.86
104,,0.84,0.84,0.84,0.84,0.84,0.84,0.84,0.84
105,,0.82,0.82,0.82,0.82,0.82,0.82,0.82,0.82
106,,0.8,0.8,0.8,0.8,0.8,0.8,0.8,0.8
107,,0.78,0.78,0.78,0.78,0.78,0.78,0.78,0.78
108,,0.76,0.76,0.76,0.76,0.76,0.76,0.76,0.76
109,,0.74,0.74,0.74,0.74,0.74,0.74,0.74,0.74
110,,0.72,0.72,0.72,0.72,0.72,0.72,0.72,0.72
111,,0.7,0.7,0.7,0.7,0.7,0.7,0.7,0.7
112,,0.68,0.68,0.68,0.68,0.68,0.68,0.68,0.68
113,,0.66,0.66,0.66,0.66,0.66,0.66,0.66,0.66
114,,0.64,0.64,0.64,0.64,0.64,0.64,0.64,0.64
115,,0.62,0.62,0.62,0.62,0.62,0.62,0.62,0.62
116,,0.6,0.6,0.6,0.6,0.6,0.6,0.6,0.6
117,,0.58,0.58,0.58,0.58,0.58,0.58,0.58,0.58
118,,0.56,0.56,0.56,0.56,0.56,0.56,0.56,0.56
119,,0.54,0.54,0.54,0.54,0.54,0.54,0.54,0.54
120,,0.52,0.52,0.52,0.52,0.52,0.52,0.52,0.52
121,,0.5,0.5,0.5,0.5,0.5,0.5,0.5,0.5
122,,0.48,0.48,0.48,0.48,0.48,0.48,0.48,0.48
123,,0.46,0.46,0.46,0.46,0.46,0.46,0.46,0.46
124,,0.44,0.44,0.44,0.44,0.44,0.44,0.44,0.44
125,,0.42,0.42,0.42,0.42,0.42,0.42,0.42,0.42
126,,0.4,0.4,0.4,0.4,0.4,0.4,0.4,0.4
127,,0.38,0.38,0.38,0.38,0.38,0.38,0.38,0.38
128,,0.36,0.36,0.36,0.36,0.36,0.36,0.36,0.36
129,,0.34,0.34,0.34,0.34,0.34,0.34,0.34,0.34
130,,0.32,0.32,0.32,0.32,0.32,0.32,0.32,0.32
131,,0.3,0.3,0.3,0.3,0.3,0.3,0.3,0.3
132,,0.28,0.28,0.28,0.28,0.28,0.28,0.28,0.28
133,,0.26,0.26,0.26,0.26,0.26,0.26,0.26,0.26
134,,0.24,0.24,0.24,0.24,0.24,0.24,0.24,0.24
135,,0.22,0.22,0.22,0.22,0.22,0.22,0.22,0.22
136,,0.2,0.2,0.2,0.2,0.2,0.2,0.2,0.2
137,,0.18,0.18,0.18,0.18,0.18,0.18,0.18,0.18
138,,0.16,0.16,0.16,0.16,0.16,0.16,0.16,0.16
139,,0.14,0.14,0.14,0.14,0.14,0.14,0.14,0.14
140,,0.12,0.12,0.12,0.12,0.12,0.12,0.12,0.12
141,,0.1,0.1,0.1,0.1,0.1,0.1,0.1,0.1
142,,0.08,0.08,0.08,0.08,0.08,0.08,0.08,0.08
143,,0.06,0.06,0.06,0.06,0.06,0.06,0.06,0.06
144,,0.04,0.04,0.04,0.04,0.04,0.04,0.04,0.04
145,,0.02,0.02,0.02,0.02,0.02,0.02,0.02,0.02
146,,0.0,0.0,0.0,0.0,0.0,0.0,0.0,0.0
147,,-0.02,-0.02,-0.02,-0.02,-0.02,-0.02,-0.02,-0.02
148,4,0.219,0.36,0.501,0.98,0.501,0.36,0.219,0.16
149,4,0.458,0.74,1.0,1.0,1.0,0.74,0.458,0.34
150,,0.438,0.72,0.98,0.98,0.98,0.72,0.438,0.32
151,,0.418,0.7,0.96,0.96,0.96,0.7,0.418,0.3
152,,0.398,0.68,0.94,0.94,0.94,0.68,0.398,0.28
153,,0.378,0.66,0.92,0.92,0.92,0.66,0.378,0.26
154,,0.358,0.64,0.9,0.9,0.9,0.64,0.358,0.24
155,,0.338,0.62,0.88,0.88,0.88,0.62,0.338,0.22
156,,0.318,0.6,0.86,0.86,0.86,0.6,0.318,0.2
157,,0.298,0.58,0.84,0.84,0.84,0.58,0.298,0.18
158,,0.278,0.56,0.82,0.82,0.82,0.56,0.278,0.16
159,,0.258,0.54,0.8,0.8,0.8,0.54,0.258,0.14
160,,0.238,0.52,0.78,0.78,0.78,0.52,0.238,0.12
161,,0.218,0.5,0.76,0.76,0.76,0.5,0.218,0.1
162,,0.198,0.48,0.74,0.74,0.74,0.48,0.198,0.08
163,,0.178,0.46,0.72,0.72,0.72,0.46,0.178,0.06
164,,0.158,0.44,0.7,0.7,0.7,0.44,0.158,0.04
165,,0.138,0.42,0.68,0.68,0.68,0.42,0.138,0.02
166,,0.118,0.4,0.66,0.66,0.66,0.4,0.118,0.0
167,,0.098,0.38,0.64,0.64,0.64,0.38,0.098,-0.02
168,8,0.619,0.76,0.879,0.82,0.879,0.76,0.619,0.98
169,8,1.0,1.0,1.0,1.0,1.0,1.0,1.0,1.0
170,,0.98,0.98,0.98,0.98,0.98,0.98,0.98,0.98
171,,0.96,0.96,0.96,0.96,0.96,0.96,0.96,0.96
172,,0.94,0.94,0.94,0.94,0.94,0.94,0.94,0.94
173,,0.92,0.92,0.92,0.92,0.92,0.92,0.92,0.92
174,,0.9,0.9,0.9,0.9,0.9,0.9,0.9,0.9
175,,0.88,0.88,0.88,0.88,0.88,0.88,0.88,0.88
176,,0.86,0.86,0.86,0.86,0.86,0.86,0.86,0.86
177,,0.84,0.84,0.84,0.84,0.84,0.84,0.84,0.84
178,,0.82,0.82,0.82,0.82,0.82,0.82,0.82,0.82
179,,0.8,0.8,0.8,0.8,0.8,0.8,0.8,0.8
180,,0.78,0.78,0.78,0.78,0.78,0.78,0.78,0.78
181,,0.76,0.76,0.76,0.76,0.76,0.76,0.76,0.76
182,,0.74,0.74,0.74,0.74,0.74,0.74,0.74,0.74
183,,0.72,0.72,0.72,0.72,0.72,0.72,0.72,0.72
184,,0.7,0.7,0.7,0.7,0.7,0.7,0.7,0.7
185,,0.68,0.68,0.68,0.68,0.68,0.68,0.68,0.68
186,,0.66,0.66,0.66,0.66,0.66,0.66,0.66,0.66
187,,0.64,0.64,0.64,0.64,0.64,0.64,0.64,0.64
188,,0.62,0.62,0.62,0.62,0.62,0.62,0.62,0.62
189,,0.6,0.6,0.6,0.6,0.6,0.6,0.6,0.6
190,,0.58,0.58,0.58,0.58,0.58,0.58,0.58,0.58
191,,0.56,0.56,0.56,0.56,0.56,0.56,0.56,0.56
192,,0.54,0.54,0.54,0.54,0.54,0.54,0.54,0.54
193,,0.52,0.52,0.52,0.52,0.52,0.52,0.52,0.52
194,,0.5,0.5,0.5,0.5,0.5,0.5,0.5,0.5
195,,0.48,0.48,0.48,0.48,0.48,0.48,0.48,0.48
196,,0.46,0.46,0.46,0.46,0.46,0.46,0.46,0.46
197,,0.44,0.44,0.44,0.44,0.44,0.44,0.44,0.44
198,,0.42,0.42,0.42,0.42,0.42,0.42,0.42,0.42
199,,0.4,0.4,0.4,0.4,0.4,0.4,0.4,0.4
200,,0.38,0.38,0.38,0.38,0.38,0.38,0.38,0.38
201,,0.36,0.36,0.36,0.36,0.36,0.36,0.36,0.36
202,,0.34,0.34,0.34,0.34,0.34,0.34,0.34,0.34
203,,0.32,0.32,0.32,0.32,0.32,0.32,0.32,0.32
204,,0.3,0.3,0.3,0.3,0.3,0.3,0.3,0.3
205,,0.28,0.28,0.28,0.28,0.28,0.28,0.28,0.28
206,,0.26,0.26,0.26,0.26,0.26,0.26,0.26,0.26
207,,0.24,0.24,0.24,0.24,0.24,0.24,0.24,0.24
208,,0.22,0.22,0.22,0.22,0.22,0.22,0.22,0.22
209,,0.2,0.2,0.2,0.2,0.2,0.2,0.2,0.2
210,,0.18,0.18,0.18,0.18,0.18,0.18,0.18,0.18
211,,0.16,0.16,0.16,0.16,0.16,0.16,0.16,0.16
212,,0.14,0.14,0.14,0.14,0.14,0.14,0.14,0.14
213,,0.12,0.12,0.12,0.12,0.12,0.12,0.12,0.12
214,,0.1,0.1,0.1,0.1,0.1,0.1,0.1,0.1
215,,0.08,0.08,0.08,0.08,0.08,0.08,0.08,0.08
216,,0.06,0.06,0.06,0.06,0.06,0.06,0.06,0.06
217,,0.04,0.04,0.04,0.04,0.04,0.04,0.04,0.04
218,,0.02,0.02,0.02,0.02,0.02,0.02,0.02,0.02
219,,0.0,0.0,0.0,0.0,0.0,0.0,0.0,0.0
220,,-0.02,-0.02,-0.02,-0.02,-0.02,-0.02,-0.02,-0.02
221,8,0.501,0.36,0.219,0.16,0.219,0.36,0.501,0.98
222,8,1.0,0.74,0.458,0.34,0.458,0.74,1.0,1.0
223,,0.98,0.72,0.438,0.32,0.438,0.72,0.98,0.98
224,,0.96,0.7,0.418,0.3,0.418,0.7,0.96,0.96
225,,0.94,0.68,0.398,0.28,0.398,0.68,0.94,0.94
226,,0.92,0.66,0.378,0.26,0.378,0.66,0.92,0.92
227,,0.9,0.64,0.358,0.24,0.358,0.64,0.9,0.9
228,,0.88,0.62,0.338,0.22,0.338,0.62,0.88,0.88
229,,0.86,0.6,0.318,0.2,0.318,0.6,0.86,0.86
230,,0.84,0.58,0.298,0.18,0.298,0.58,0.84,0.84
231,,0.82,0.56,0.278,0.16,0.278,0.56,0.82,0.82
232,,0.8,0.54,0.258,0.14,0.258,0.54,0.8,0.8
233,,0.78,0.52,0.238,0.12,0.238,0.52,0.78,0.78
234,,0.76,0.5,0.218,0.1,0.218,0.5,0.76,0.76
235,,0.74,0.48,0.198,0.08,0.198,0.48,0.74,0.74
236,,0.72,0.46,0.178,0.06,0.178,0.46,0.72,0.72
237,,0.7,0.44,0.158,0.04,0.158,0.44,0.7,0.7
238,,0.68,0.42,0.138,0.02,0.138,0.42,0.68,0.68
239,,0.66,0.4,0.118,0.0,0.118,0.4,0.66,0.66
240,,0.64,0.38,0.098,-0.02,0.098,0.38,0.64,0.64
241,4,0.879,0.76,0.619,0.98,0.619,0.76,0.879,0.82
242,4,1.0,1.0,1.0,1.0,1.0,1.0,1.0,1.0
243,,0.98,0.98,0.98,0.98,0.98,0.98,0.98,0.98
244,,0.96,0.96,0.96,0.96,0.96,0.96,0.96,0.96
245,,0.94,0.94,0.94,0.94,0.94,0.94,0.94,0.94
246,,0.92,0.92,0.92,0.92,0.92,0.92,0.92,0.92
247,,0.9,0.9,0.9,0.9,0.9,0.9,0.9,0.9
248,,0.88,0.88,0.88,0.88,0.88,0.88,0.88,0.88
249,,0.86,0.86,0.86,0.86,0.86,0.86,0.86,0.86
250,,0.84,0.84,0.84,0.84,0.84,0.84,0.84,0.84
251,,0.82,0.82,0.82,0.82,0.82,0.82,0.82,0.82
252,,0.8,0.8,0.8,0.8,0.8,0.8,0.8,0.8
253,,0.78,0.78,0.78,0.78,0.78,0.78,0.78,0.78
254,,0.76,0.76,0.76,0.76,0.76,0.76,0.76,0.76
255,,0.74,0.74,0.74,0.74,0.74,0.74,0.74,0.74
256,,0.72,0.72,0.72,0.72,0.72,0.72,0.72,0.72
257,,0.7,0.7,0.7,0.7,0.7,0.7,0.7,0.7
258,,0.68,0.68,0.68,0.68,0.68,0.68,0.68,0.68
259,,0.66,0.66,0.66,0.66,0.66,0.66,0.66,0.66
260,,0.64,0.64,0.64,0.64,0.64,0.64,0.64,0.64
261,,0.62,0.62,0.62,0.62,0.62,0.62,0.62,0.62
262,,0.6,0.6,0.6,0.6,0.6,0.6,0.6,0.6
263,,0.58,0.58,0.58,0.58,0.58,0.58,0.58,0.58
264,,0.56,0.56,0.56,0.56,0.56,0.56,0.56,0.56
265,,0.54,0.54,0.54,0.54,0.54,0.54,0.54,0.54
266,,0.52,0.52,0.52,0.52,0.52,0.52,0.52,0.52
267,,0.5,0.5,0.5,0.5,0.5,0.5,0.5,0.5
268,,0.48,0.48,0.48,0.48,0.48,0.48,0.48,0.48
269,,0.46,0.46,0.46,0.46,0.46,0.46,0.46,0.46
270,,0.44,0.44,0.44,0.44,0.44,0.44,0.44,0.44
271,,0.42,0.42,0.42,0.42,0.42,0.42,0.42,0.42
272,,0.4,0.4,0.4,0.4,0.4,0.4,0.4,0.4
273,,0.38,0.38,0.38,0.38,0.38,0.38,0.38,0.38
274,,0.36,0.36,0.36,0.36,0.36,0.36,0.36,0.36
275,,0.34,0.34,0.34,0.34,0.34,0.34,0.34,0.34
276,,0.32,0.32,0.32,0.32,0.32,0.32,0.32,0.32
277,,0.3,0.3,0.3,0.3,0.3,0.3,0.3,0.3
278,,0.28,0.28,0.28,0.28,0.28,0.28,0.28,0.28
279,,0.26,0.26,0.26,0.26,0.26,0.26,0.26,0.26
280,,0.24,0.24,0.24,0.24,0.24,0.24,0.24,0.24
281,,0.22,0.22,0.22,0.22,0.22,0.22,0.22,0.22
282,,0.2,0.2,0.2,0.2,0.2,0.2,0.2,0.2
283,,0.18,0.18,0.18,0.18,0.18,0.18,0.18,0.18
284,,0.16,0.16,0.16,0.16,0.16,0.16,0.16,0.16
285,,0.14,0.14,0.14,0.14,0.14,0.14,0.14,0.14
286,,0.12,0.12,0.12,0.12,0.12,0.12,0.12,0.12
287,,0.1,0.1,0.1,0.1,0.1,0.1,0.1,0.1
288,,0.08,0.08,0.08,0.08,0.08,0.08,0.08,0.08
289,,0.06,0.06,0.06,0.06,0.06,0.06,0.06,0.06
290,,0.04,0.04,0.04,0.04,0.04,0.04,0.04,0.04
291,,0.02,0.02,0.02,0.02,0.02,0.02,0.02,0.02
292,,0.0,0.0,0.0,0.0,0.0,0.0,0.0,0.0
293,,-0.02,-0.02,-0.02,-0.02,-0.02,-0.02,-0.02,-0.02
294,6,0.219,0.16,0.219,0.36,0.501,0.98,0.501,0.36
295,6,0.458,0.34,0.458,0.74,1.0,1.0,1.0,0.74
296,,0.438,0.32,0.438,0.72,0.98,0.98,0.98,0.72
297,,0.418,0.3,0.418,0.7,0.96,0.96,0.96,0.7
298,,0.398,0.28,0.398,0.68,0.94,0.94,0.94,0.68
299,,0.378,0.26,0.378,0.66,0.92,0.92,0.92,0.66
300,,0.358,0.24,0.358,0.64,0.9,0.9,0.9,0.64
301,,0.338,0.22,0.338,0.62,0.88,0.88,0.88,0.62
302,,0.318,0.2,0.318,0.6,0.86,0.86,0.86,0.6
303,,0.298,0.18,0.298,0.58,0.84,0.84,0.84,0.58
304,,0.278,0.16,0.278,0.56,0.82,0.82,0.82,0.56
305,,0.258,0.14,0.258,0.54,0.8,0.8,0.8,0.54
306,,0.238,0.12,0.238,0.52,0.78,0.78,0.78,0.52
307,,0.218,0.1,0.218,0.5,0.76,0.76,0.76,0.5
308,,0.198,0.08,0.198,0.48,0.74,0.74,0.74,0.48
309,,0.178,0.06,0.178,0.46,0.72,0.72,0.72,0.46
310,,0.158,0.04,0.158,0.44,0.7,0.7,0.7,0.44
311,,0.138,0.02,0.138,0.42,0.68,0.68,0.68,0.42
312,,0.118,0.0,0.118,0.4,0.66,0.66,0.66,0.4
313,,0.098,-0.02,0.098,0.38,0.64,0.64,0.64,0.38
314,2,0.619,0.98,0.619,0.76,0.879,0.82,0.879,0.76
315,2,1.0,1.0,1.0,1.0,1.0,1.0,1.0,1.0
316,,0.98,0.98,0.98,0.98,0.98,0.98,0.98,0.98
317,,0.96,0.96,0.96,0.96,0.96,0.96,0.96,0.96
318,,0.94,0.94,0.94,0.94,0.94,0.94,0.94,0.94
319,,0.92,0.92,0.92,0.92,0.92,0.92,0.92,0.92
320,,0.9,0.9,0.9,0.9,0.9,0.9,0.9,0.9
321,,0.88,0.88,0.88,0.88,0.88,0.88,0.88,0.88
322,,0.86,0.86,0.86,0.86,0.86,0.86,0.86,0.86
323,,0.84,0.84,0.84,0.84,0.84,0.84,0.84,0.84
324,,0.82,0.82,0.82,0.82,0.82,0.82,0.82,0.82
325,,0.8,0.8,0.8,0.8,0.8,0.8,0.8,0.8
326,,0.78,0.78,0.78,0.78,0.78,0.78,0.78,0.78
327,,0.76,0.76,0.76,0.76,0.76,0.76,0.76,0.76
328,,0.74,0.74,0.74,0.74,0.74,0.74,0.74,0.74
329,,0.72,0.72,0.72,0.72,0.72,0.72,0.72,0.72
330,,0.7,0.7,0.7,0.7,0.7,0.7,0.7,0.7
331,,0.68,0.68,0.68,0.68,0.68,0.68,0.68,0.68
332,,0.66,0.66,0.66,0.66,0.66,0.66,0.66,0.66
333,,0.64,0.64,0.64,0.64,0.64,0.64,0.64,0.64
334,,0.62,0.62,0.62,0.62,0.62,0.62,0.62,0.62
335,,0.6,0.6,0.6,0.6,0.6,0.6,0.6,0.6
336,,0.58,0.58,0.58,0.58,0.58,0.58,0.58,0.58
337,,0.56,0.56,0.56,0.56,0.56,0.56,0.56,0.56
338,,0.54,0.54,0.54,0.54,0.54,0.54,0.54,0.54
339,,0.52,0.52,0.52,0.52,0.52,0.52,0.52,0.52
340,,0.5,0.5,0.5,0.5,0.5,0.5,0.5,0.5
341,,0.48,0.48,0.48,0.48,0.48,0.48,0.48,0.48
342,,0.46,0.46,0.46,0.46,0.46,0.46,0.46,0.46
343,,0.44,0.44,0.44,0.44,0.44,0.44,0.44,0.44
344,,0.42,0.42,0.42,0.42,0.42,0.42,0.42,0.42
345,,0.4,0.4,0.4,0.4,0.4,0.4,0.4,0.4
346,,0.38,0.38,0.38,0.38,0.38,0.38,0.38,0.38
347,,0.36,0.36,0.36,0.36,0.36,0.36,0.36,0.36
348,,0.34,0.34,0.34,0.34,0.34,0.34,0.34,0.34
349,,0.32,0.32,0.32,0.32,0.32,0.32,0.32,0.32
350,,0.3,0.3,0.3,0.3,0.3,0.3,0.3,0.3
351,,0.28,0.28,0.28,0.28,0.28,0.28,0.28,0.28
352,,0.26,0.26,0.26,0.26,0.26,0.26,0.26,0.26
353,,0.24,0.24,0.24,0.24,0.24,0.24,0.24,0.24
354,,0.22,0.22,0.22,0.22,0.22,0.22,0.22,0.22
355,,0.2,0.2,0.2,0.2,0.2,0.2,0.2,0.2
356,,0.18,0.18,0.18,0.18,0.18,0.18,0.18,0.18
357,,0.16,0.16,0.16,0.16,0.16,0.16,0.16,0.16
358,,0.14,0.14,0.14,0.14,0.14,0.14,0.14,0.14
359,,0.12,0.12,0.12,0.12,0.12,0.12,0.12,0.12
360,,0.1,0.1,0.1,0.1,0.1,0.1,0.1,0.1
361,,0.08,0.08,0.08,0.08,0.08,0.08,0.08,0.08
362,,0.06,0.06,0.06,0.06,0.06,0.06,0.06,0.06
363,,0.04,0.04,0.04,0.04,0.04,0.04,0.04,0.04
364,,0.02,0.02,0.02,0.02,0.02,0.02,0.02,0.02
365,,0.0,0.0,0.0,0.0,0.0,0.0,0.0,0.0
366,,-0.02,-0.02,-0.02,-0.02,-0.02,-0.02,-0.02,-0.02
367,3,0.36,0.501,0.98,0.501,0.36,0.219,0.16,0.219
368,3,0.74,1.0,1.0,1.0,0.74,0.458,0.34,0.458
369,,0.72,0.98,0.98,0.98,0.72,0.438,0.32,0.438
370,,0.7,0.96,0.96,0.96,0.7,0.418,0.3,0.418
371,,0.68,0.94,0.94,0.94,0.68,0.398,0.28,0.398
372,,0.66,0.92,0.92,0.92,0.66,0.378,0.26,0.378
373,,0.64,0.9,0.9,0.9,0.64,0.358,0.24,0.358
374,,0.62,0.88,0.88,0.88,0.62,0.338,0.22,0.338
375,,0.6,0.86,0.86,0.86,0.6,0.318,0.2,0.318
376,,0.58,0.84,0.84,0.84,0.58,0.298,0.18,0.298
377,,0.56,0.82,0.82,0.82,0.56,0.278,0.16,0.278
378,,0.54,0.8,0.8,0.8,0.54,0.258,0.14,0.258
379,,0.52,0.78,0.78,0.78,0.52,0.238,0.12,0.238
380,,0.5,0.76,0.76,0.76,0.5,0.218,0.1,0.218
381,,0.48,0.74,0.74,0.74,0.48,0.198,0.08,0.198
382,,0.46,0.72,0.72,0.72,0.46,0.178,0.06,0.178
383,,0.44,0.7,0.7,0.7,0.44,0.158,0.04,0.158
384,,0.42,0.68,0.68,0.68,0.42,0.138,0.02,0.138
385,,0.4,0.66,0.66,0.66,0.4,0.118,0.0,0.118
386,,0.38,0.64,0.64,0.64,0.38,0.098,-0.02,0.098
387,7,0.76,0.879,0.82,0.879,0.76,0.619,0.98,0.619
388,7,1.0,1.0,1.0,1.0,1.0,1.0,1.0,1.0
389,,0.98,0.98,0.98,0.98,0.98,0.98,0.98,0.98
390,,0.96,0.96,0.96,0.96,0.96,0.96,0.96,0.96
391,,0.94,0.94,0.94,0.94,0.94,0.94,0.94,0.94
392,,0.92,0.92,0.92,0.92,0.92,0.92,0.92,0.92
393,,0.9,0.9,0.9,0.9,0.9,0.9,0.9,0.9
394,,0.88,0.88,0.88,0.88,0.88,0.88,0.88,0.88
395,,0.86,0.86,0.86,0.86,0.86,0.86,0.86,0.86
396,,0.84,0.84,0.84,0.84,0.84,0.84,0.84,0.84
397,,0.82,0.82,0.82,0.82,0.82,0.82,0.82,0.82
398,,0.8,0.8,0.8,0.8,0.8,0.8,0.8,0.8
399,,0.78,0.78,0.78,0.78,0.78,0.78,0.78,0.78
400,,0.76,0.76,0.76,0.76,0.76,0.76,0.76,0.76
401,,0.74,0.74,0.74,0.74,0.74,0.74,0.74,0.74
402,,0.72,0.72,0.72,0.72,0.72,0.72,0.72,0.72
403,,0.7,0.7,0.7,0.7,0.7,0.7,0.7,0.7
404,,0.68,0.68,0.68,0.68,0.68,0.68,0.68,0.68
405,,0.66,0.66,0.66,0.66,0.66,0.66,0.66,0.66
406,,0.64,0.64,0.64,0.64,0.64,0.64,0.64,0.64
407,,0.62,0.62,0.62,0.62,0.62,0.62,0.62,0.62
408,,0.6,0.6,0.6,0.6,0.6,0.6,0.6,0.6
409,,0.58,0.58,0.58,0.58,0.58,0.58,0.58,0.58
410,,0.56,0.56,0.56,0.56,0.56,0.56,0.56,0.56
411,,0.54,0.54,0.54,0.54,0.54,0.54,0.54,0.54
412,,0.52,0.52,0.52,0.52,0.52,0.52,0.52,0.52
413,,0.5,0.5,0.5,0.5,0.5,0.5,0.5,0.5
414,,0.48,0.48,0.48,0.48,0.48,0.48,0.48,0.48
415,,0.46,0.46,0.46,0.46,0.46,0.46,0.46,0.46
416,,0.44,0.44,0.44,0.44,0.44,0.44,0.44,0.44
417,,0.42,0.42,0.42,0.42,0.42,0.42,0.42,0.42
418,,0.4,0.4,0.4,0.4,0.4,0.4,0.4,0.4
419,,0.38,0.38,0.38,0.38,0.38,0.38,0.38,0.38
420,,0.36,0.36,0.36,0.36,0.36,0.36,0.36,0.36
421,,0.34,0.34,0.34,0.34,0.34,0.34,0.34,0.34
422,,0.32,0.32,0.32,0.32,0.32,0.32,0.32,0.32
423,,0.3,0.3,0.3,0.3,0.3,0.3,0.3,0.3
424,,0.28,0.28,0.28,0.28,0.28,0.28,0.28,0.28
425,,0.26,0.26,0.26,0.26,0.26,0.26,0.26,0.26
426,,0.24,0.24,0.24,0.24,0.24,0.24,0.24,0.24
427,,0.22,0.22,0.22,0.22,0.22,0.22,0.22,0.22
428,,0.2,0.2,0.2,0.2,0.2,0.2,0.2,0.2
429,,0.18,0.18,0.18,0.18,0.18,0.18,0.18,0.18
430,,0.16,0.16,0.16,0.16,0.16,0.16,0.16,0.16
431,,0.14,0.14,0.14,0.14,0.14,0.14,0.14,0.14
432,,0.12,0.12,0.12,0.12,0.12,0.12,0.12,0.12
433,,0.1,0.1,0.1,0.1,0.1,0.1,0.1,0.1
434,,0.08,0.08,0.08,0.08,0.08,0.08,0.08,0.08
435,,0.06,0.06,0.06,0.06,0.06,0.06,0.06,0.06
436,,0.04,0.04,0.04,0.04,0.04,0.04,0.04,0.04
437,,0.02,0.02,0.02,0.02,0.02,0.02,0.02,0.02
438,,0.0,0.0,0.0,0.0,0.0,0.0,0.0,0.0
439,,-0.02,-0.02,-0.02,-0.02,-0.02,-0.02,-0.02,-0.02
440,3,0.36,0.501,0.98,0.501,0.36,0.219,0.16,0.219
441,3,0.74,1.0,1.0,1.0,0.74,0.458,0.34,0.458
442,,0.72,0.98,0.98,0.98,0.72,0.438,0.32,0.438
443,,0.7,0.96,0.96,0.96,0.7,0.418,0.3,0.418
444,,0.68,0.94,0.94,0.94,0.68,0.398,0.28,0.398
445,,0.66,0.92,0.92,0.92,0.66,0.378,0.26,0.378
446,,0.64,0.9,0.9,0.9,0.64,0.358,0.24,0.358
447,,0.62,0.88,0.88,0.88,0.62,0.338,0.22,0.338
448,,0.6,0.86,0.86,0.86,0.6,0.318,0.2,0.318
449,,0.58,0.84,0.84,0.84,0.58,0.298,0.18,0.298
450,,0.56,0.82,0.82,0.82,0.56,0.278,0.16,0.278
451,,0.54,0.8,0.8,0.8,0.54,0.258,0.14,0.258
452,,0.52,0.78,0.78,0.78,0.52,0.238,0.12,0.238
453,,0.5,0.76,0.76,0.76,0.5,0.218,0.1,0.218
454,,0.48,0.74,0.74,0.74,0.48,0.198,0.08,0.198
455,,0.46,0.72,0.72,0.72,0.46,0.178,0.06,0.178
456,,0.44,0.7,0.7,0.7,0.44,0.158,0.04,0.158
457,,0.42,0.68,0.68,0.68,0.42,0.138,0.02,0.138
458,,0.4,0.66,0.66,0.66,0.4,0.118,0.0,0.118
459,,0.38,0.64,0.64,0.64,0.38,0.098,-0.02,0.098
460,7,0.76,0.879,0.82,0.879,0.76,0.619,0.98,0.619
461,7,1.0,1.0,1.0,1.0,1.0,1.0,1.0,1.0
462,,0.98,0.98,0.98,0.98,0.98,0.98,0.98,0.98
463,,0.96,0.96,0.96,0.96,0.96,0.96,0.96,0.96
464,,0.94,0.94,0.94,0.94,0.94,0.94,0.94,0.94
465,,0.92,0.92,0.92,0.92,0.92,0.92,0.92,0.92
466,,0.9,0.9,0.9,0.9,0.9,0.9,0.9,0.9
467,,0.88,0.88,0.88,0.88,0.88,0.88,0.88,0.88
468,,0.86,0.86,0.86,0.86,0.86,0.86,0.86,0.86
469,,0.84,0.84,0.84,0.84,0.84,0.84,0.84,0.84
470,,0.82,0.82,0.82,0.82,0.82,0.82,0.82,0.82
471,,0.8,0.8,0.8,0.8,0.8,0.8,0.8,0.8
472,,0.78,0.78,0.78,0.78,0.78,0.78,0.78,0.78
473,,0.76,0.76,0.76,0.76,0.76,0.76,0.76,0.76
474,,0.74,0.74,0.74,0.74,0.74,0.74,0.74,0.74
475,,0.72,0.72,0.72,0.72,0.72,0.72,0.72,0.72
476,,0.7,0.7,0.7,0.7,0.7,0.7,0.7,0.7
477,,0.68,0.68,0.68,0.68,0.68,0.68,0.68,0.68
478,,0.66,0.66,0.66,0.66,0.66,0.66,0.66,0.66
479,,0.64,0.64,0.64,0.64,0.64,0.64,0.64,0.64
480,,0.62,0.62,0.62,0.62,0.62,0.62,0.62,0.62
481,,0.6,0.6,0.6,0.6,0.6,0.6,0.6,0.6
482,,0.58,0.58,0.58,0.58,0.58,0.58,0.58,0.58
483,,0.56,0.56,0.56,0.56,0.56,0.56,0.56,0.56
484,,0.54,0.54,0.54,0.54,0.54,0.54,0.54,0.54
485,,0.52,0.52,0.52,0.52,0.52,0.52,0.52,0.52
486,,0.5,0.5,0.5,0.5,0.5,0.5,0.5,0.5
487,,0.48,0.48,0.48,0.48,0.48,0.48,0.48,0.48
488,,0.46,0.46,0.46,0.46,0.46,0.46,0.46,0.46
489,,0.44,0.44,0.44,0.44,0.44,0.44,0.44,0.44
490,,0.42,0.42,0.42,0.42,0.42,0.42,0.42,0.42
491,,0.4,0.4,0.4,0.4,0.4,0.4,0.4,0.4
492,,0.38,0.38,0.38,0.38,0.38,0.38,0.38,0.38
493,,0.36,0.36,0.36,0.36,0.36,0.36,0.36,0.36
494,,0.34,0.34,0.34,0.34,0.34,0.34,0.34,0.34
495,,0.32,0.32,0.32,0.32,0.32,0.32,0.32,0.32
496,,0.3,0.3,0.3,0.3,0.3,0.3,0.3,0.3
497,,0.28,0.28,0.28,0.28,0.28,0.28,0.28,0.28
498,,0.26,0.26,0.26,0.26,0.26,0.26,0.26,0.26
499,,0.24,0.24,0.24,0.24,0.24,0.24,0.24,0.24
