step,active_motive,motive_1,motive_2,motive_3,motive_4,motive_5,motive_6,motive_7,motive_8
0,,0.03887,0.4872,0.49311,0.34908,0.26805,0.15476,0.4069,0.34237
1,,-0.01113,0.4372,0.44311,0.29908,0.21805,0.10476,0.3569,0.29237
2,1,0.98887,0.6872,0.69311,0.54908,0.46805,0.35476,0.6069,0.54237
3,1,1.0,0.9372,0.94311,0.79908,0.71805,0.60476,0.8569,0.79237
4,,0.95,0.8872,0.89311,0.74908,0.66805,0.55476,0.8069,0.74237
5,,0.9,0.8372,0.84311,0.69908,0.61805,0.50476,0.7569,0.69237
6,,0.85,0.7872,0.79311,0.64908,0.56805,0.45476,0.7069,0.64237
7,,0.8,0.7372,0.74311,0.59908,0.51805,0.40476,0.6569,0.59237
8,,0.75,0.6872,0.69311,0.54908,0.46805,0.35476,0.6069,0.54237
9,,0.7,0.6372,0.64311,0.49908,0.41805,0.30476,0.5569,0.49237
10,,0.65,0.5872,0.59311,0.44908,0.36805,0.25476,0.5069,0.44237
11,,0.6,0.5372,0.54311,0.39908,0.31805,0.20476,0.4569,0.39237
12,,0.55,0.4872,0.49311,0.34908,0.26805,0.15476,0.4069,0.34237
13,,0.5,0.4372,0.44311,0.29908,0.21805,0.10476,0.3569,0.29237
14,,0.45,0.3872,0.39311,0.24908,0.16805,0.05476,0.3069,0.24237
15,,0.4,0.3372,0.34311,0.19908,0.11805,0.00476,0.2569,0.19237
16,,0.35,0.2872,0.29311,0.14908,0.06805,-0.04524,0.2069,0.14237
17,6,0.6,0.5372,0.54311,0.39908,0.31805,0.95476,0.4569,0.39237
18,6,0.85,0.7872,0.79311,0.64908,0.56805,1.0,0.7069,0.64237
19,,0.8,0.7372,0.74311,0.59908,0.51805,0.95,0.6569,0.59237
20,,0.75,0.6872,0.69311,0.54908,0.46805,0.9,0.6069,0.54237
21,,0.7,0.6372,0.64311,0.49908,0.41805,0.85,0.5569,0.49237
22,,0.65,0.5872,0.59311,0.44908,0.36805,0.8,0.5069,0.44237
23,,0.6,0.5372,0.54311,0.39908,0.31805,0.75,0.4569,0.39237
24,,0.55,0.4872,0.49311,0.34908,0.26805,0.7,0.4069,0.34237
25,,0.5,0.4372,0.44311,0.29908,0.21805,0.65,0.3569,0.29237
26,,0.45,0.3872,0.39311,0.24908,0.16805,0.6,0.3069,0.24237
27,,0.4,0.3372,0.34311,0.19908,0.11805,0.55,0.2569,0.19237
28,,0.35,0.2872,0.29311,0.14908,0.06805,0.5,0.2069,0.14237
29,,0.3,0.2372,0.24311,0.09908,0.01805,0.45,0.1569,0.09237
30,,0.25,0.1872,0.19311,0.04908,-0.03195,0.4,0.1069,0.04237
31,5,0.5,0.4372,0.44311,0.29908,0.96805,0.65,0.3569,0.29237
32,5,0.75,0.6872,0.69311,0.54908,1.0,0.9,0.6069,0.54237
33,,0.7,0.6372,0.64311,0.49908,0.95,0.85,0.5569,0.49237
34,,0.65,0.5872,0.59311,0.44908,0.9,0.8,0.5069,0.44237
35,,0.6,0.5372,0.54311,0.39908,0.85,0.75,0.4569,0.39237
36,,0.55,0.4872,0.49311,0.34908,0.8,0.7,0.4069,0.34237
37,,0.5,0.4372,0.44311,0.29908,0.75,0.65,0.3569,0.29237
38,,0.45,0.3872,0.39311,0.24908,0.7,0.6,0.3069,0.24237
39,,0.4,0.3372,0.34311,0.19908,0.65,0.55,0.2569,0.19237
40,,0.35,0.2872,0.29311,0.14908,0.6,0.5,0.2069,0.14237
41,,0.3,0.2372,0.24311,0.09908,0.55,0.45,0.1569,0.09237
42,,0.25,0.1872,0.19311,0.04908,0.5,0.4,0.1069,0.04237
43,,0.2,0.1372,0.14311,-0.00092,0.45,0.35,0.0569,-0.00763
44,8,0.45,0.3872,0.39311,0.24908,0.7,0.6,0.3069,0.99237
45,8,0.7,0.6372,0.64311,0.49908,0.95,0.85,0.5569,1.0
46,,0.65,0.5872,0.59311,0.44908,0.9,0.8,0.5069,0.95
47,,0.6,0.5372,0.54311,0.39908,0.85,0.75,0.4569,0.9
48,,0.55,0.4872,0.49311,0.34908,0.8,0.7,0.4069,0.85
49,,0.5,0.4372,0.44311,0.29908,0.75,0.65,0.3569,0.8
50,,0.45,0.3872,0.39311,0.24908,0.7,0.6,0.3069,0.75
51,,0.4,0.3372,0.34311,0.19908,0.65,0.55,0.2569,0.7
52,,0.35,0.2872,0.29311,0.14908,0.6,0.5,0.2069,0.65
53,,0.3,0.2372,0.24311,0.09908,0.55,0.45,0.1569,0.6
54,,0.25,0.1872,0.19311,0.04908,0.5,0.4,0.1069,0.55
55,,0.2,0.1372,0.14311,-0.00092,0.45,0.35,0.0569,0.5
56,4,0.45,0.3872,0.39311,0.99908,0.7,0.6,0.3069,0.75
57,4,0.7,0.6372,0.64311,1.0,0.95,0.85,0.5569,1.0
58,,0.65,0.5872,0.59311,0.95,0.9,0.8,0.5069,0.95
59,,0.6,0.5372,0.54311,0.9,0.85,0.75,0.4569,0.9
60,,0.55,0.4872,0.49311,0.85,0.8,0.7,0.4069,0.85
61,,0.5,0.4372,0.44311,0.8,0.75,0.65,0.3569,0.8
62,,0.45,0.3872,0.39311,0.75,0.7,0.6,0.3069,0.75
63,,0.4,0.3372,0.34311,0.7,0.65,0.55,0.2569,0.7
64,,0.35,0.2872,0.29311,0.65,0.6,0.5,0.2069,0.65
65,,0.3,0.2372,0.24311,0.6,0.55,0.45,0.1569,0.6
66,,0.25,0.1872,0.19311,0.55,0.5,0.4,0.1069,0.55
67,,0.2,0.1372,0.14311,0.5,0.45,0.35,0.0569,0.5
68,,0.15,0.0872,0.09311,0.45,0.4,0.3,0.0069,0.45
69,,0.1,0.0372,0.04311,0.4,0.35,0.25,-0.0431,0.4
70,7,0.35,0.2872,0.29311,0.65,0.6,0.5,0.9569,0.65
71,7,0.6,0.5372,0.54311,0.9,0.85,0.75,1.0,0.9
72,,0.55,0.4872,0.49311,0.85,0.8,0.7,0.95,0.85
73,,0.5,0.4372,0.44311,0.8,0.75,0.65,0.9,0.8
74,,0.45,0.3872,0.39311,0.75,0.7,0.6,0.85,0.75
75,,0.4,0.3372,0.34311,0.7,0.65,0.55,0.8,0.7
76,,0.35,0.2872,0.29311,0.65,0.6,0.5,0.75,0.65
77,,0.3,0.2372,0.24311,0.6,0.55,0.45,0.7,0.6
78,,0.25,0.1872,0.19311,0.55,0.5,0.4,0.65,0.55
79,,0.2,0.1372,0.14311,0.5,0.45,0.35,0.6,0.5
80,,0.15,0.0872,0.09311,0.45,0.4,0.3,0.55,0.45
81,,0.1,0.0372,0.04311,0.4,0.35,0.25,0.5,0.4
82,,0.05,-0.0128,-0.00689,0.35,0.3,0.2,0.45,0.35
83,2,0.3,0.9872,0.24311,0.6,0.55,0.45,0.7,0.6
84,2,0.55,1.0,0.49311,0.85,0.8,0.7,0.95,0.85
85,,0.5,0.95,0.44311,0.8,0.75,0.65,0.9,0.8
86,,0.45,0.9,0.39311,0.75,0.7,0.6,0.85,0.75
87,,0.4,0.85,0.34311,0.7,0.65,0.55,0.8,0.7
88,,0.35,0.8,0.29311,0.65,0.6,0.5,0.75,0.65
89,,0.3,0.75,0.24311,0.6,0.55,0.45,0.7,0.6
90,,0.25,0.7,0.19311,0.55,0.5,0.4,0.65,0.55
91,,0.2,0.65,0.14311,0.5,0.45,0.35,0.6,0.5
92,,0.15,0.6,0.09311,0.45,0.4,0.3,0.55,0.45
93,,0.1,0.55,0.04311,0.4,0.35,0.25,0.5,0.4
94,,0.05,0.5,-0.00689,0.35,0.3,0.2,0.45,0.35
95,3,0.3,0.75,0.99311,0.6,0.55,0.45,0.7,0.6
96,3,0.55,1.0,1.0,0.85,0.8,0.7,0.95,0.85
97,,0.5,0.95,0.95,0.8,0.75,0.65,0.9,0.8
98,,0.45,0.9,0.9,0.75,0.7,0.6,0.85,0.75
99,,0.4,0.85,0.85,0.7,0.65,0.55,0.8,0.7
100,,0.35,0.8,0.8,0.65,0.6,0.5,0.75,0.65
101,,0.3,0.75,0.75,0.6,0.55,0.45,0.7,0.6
102,,0.25,0.7,0.7,0.55,0.5,0.4,0.65,0.55
103,,0.2,0.65,0.65,0.5,0.45,0.35,0.6,0.5
104,,0.15,0.6,0.6,0.45,0.4,0.3,0.55,0.45
105,,0.1,0.55,0.55,0.4,0.35,0.25,0.5,0.4
106,,0.05,0.5,0.5,0.35,0.3,0.2,0.45,0.35
107,,0.0,0.45,0.45,0.3,0.25,0.15,0.4,0.3
108,,-0.05,0.4,0.4,0.25,0.2,0.1,0.35,0.25
109,1,0.95,0.65,0.65,0.5,0.45,0.35,0.6,0.5
110,1,1.0,0.9,0.9,0.75,0.7,0.6,0.85,0.75
111,,0.95,0.85,0.85,0.7,0.65,0.55,0.8,0.7
112,,0.9,0.8,0.8,0.65,0.6,0.5,0.75,0.65
113,,0.85,0.75,0.75,0.6,0.55,0.45,0.7,0.6
114,,0.8,0.7,0.7,0.55,0.5,0.4,0.65,0.55
115,,0.75,0.65,0.65,0.5,0.45,0.35,0.6,0.5
116,,0.7,0.6,0.6,0.45,0.4,0.3,0.55,0.45
117,,0.65,0.55,0.55,0.4,0.35,0.25,0.5,0.4
118,,0.6,0.5,0.5,0.35,0.3,0.2,0.45,0.35
119,,0.55,0.45,0.45,0.3,0.25,0.15,0.4,0.3
120,,0.5,0.4,0.4,0.25,0.2,0.1,0.35,0.25
121,,0.45,0.35,0.35,0.2,0.15,0.05,0.3,0.2
122,,0.4,0.3,0.3,0.15,0.1,0.0,0.25,0.15
123,,0.35,0.25,0.25,0.1,0.05,-0.05,0.2,0.1
124,6,0.6,0.5,0.5,0.35,0.3,0.95,0.45,0.35
125,6,0.85,0.75,0.75,0.6,0.55,1.0,0.7,0.6
126,,0.8,0.7,0.7,0.55,0.5,0.95,0.65,0.55
127,,0.75,0.65,0.65,0.5,0.45,0.9,0.6,0.5
128,,0.7,0.6,0.6,0.45,0.4,0.85,0.55,0.45
129,,0.65,0.55,0.55,0.4,0.35,0.8,0.5,0.4
130,,0.6,0.5,0.5,0.35,0.3,0.75,0.45,0.35
131,,0.55,0.45,0.45,0.3,0.25,0.7,0.4,0.3
132,,0.5,0.4,0.4,0.25,0.2,0.65,0.35,0.25
133,,0.45,0.35,0.35,0.2,0.15,0.6,0.3,0.2
134,,0.4,0.3,0.3,0.15,0.1,0.55,0.25,0.15
135,,0.35,0.25,0.25,0.1,0.05,0.5,0.2,0.1
136,,0.3,0.2,0.2,0.05,0.0,0.45,0.15,0.05
137,,0.25,0.15,0.15,0.0,-0.05,0.4,0.1,0.0
138,5,0.5,0.4,0.4,0.25,0.95,0.65,0.35,0.25
139,5,0.75,0.65,0.65,0.5,1.0,0.9,0.6,0.5
140,,0.7,0.6,0.6,0.45,0.95,0.85,0.55,0.45
141,,0.65,0.55,0.55,0.4,0.9,0.8,0.5,0.4
142,,0.6,0.5,0.5,0.35,0.85,0.75,0.45,0.35
143,,0.55,0.45,0.45,0.3,0.8,0.7,0.4,0.3
144,,0.5,0.4,0.4,0.25,0.75,0.65,0.35,0.25
145,,0.45,0.35,0.35,0.2,0.7,0.6,0.3,0.2
146,,0.4,0.3,0.3,0.15,0.65,0.55,0.25,0.15
147,,0.35,0.25,0.25,0.1,0.6,0.5,0.2,0.1
148,,0.3,0.2,0.2,0.05,0.55,0.45,0.15,0.05
149,,0.25,0.15,0.15,0.0,0.5,0.4,0.1,0.0
150,,0.2,0.1,0.1,-0.05,0.45,0.35,0.05,-0.05
151,4,0.45,0.35,0.35,0.95,0.7,0.6,0.3,0.2
152,4,0.7,0.6,0.6,1.0,0.95,0.85,0.55,0.45
153,,0.65,0.55,0.55,0.95,0.9,0.8,0.5,0.4
154,,0.6,0.5,0.5,0.9,0.85,0.75,0.45,0.35
155,,0.55,0.45,0.45,0.85,0.8,0.7,0.4,0.3
156,,0.5,0.4,0.4,0.8,0.75,0.65,0.35,0.25
157,,0.45,0.35,0.35,0.75,0.7,0.6,0.3,0.2
158,,0.4,0.3,0.3,0.7,0.65,0.55,0.25,0.15
159,,0.35,0.25,0.25,0.65,0.6,0.5,0.2,0.1
160,,0.3,0.2,0.2,0.6,0.55,0.45,0.15,0.05
161,,0.25,0.15,0.15,0.55,0.5,0.4,0.1,0.0
162,,0.2,0.1,0.1,0.5,0.45,0.35,0.05,-0.05
163,8,0.45,0.35,0.35,0.75,0.7,0.6,0.3,0.95
164,8,0.7,0.6,0.6,1.0,0.95,0.85,0.55,1.0
165,,0.65,0.55,0.55,0.95,0.9,0.8,0.5,0.95
166,,0.6,0.5,0.5,0.9,0.85,0.75,0.45,0.9
167,,0.55,0.45,0.45,0.85,0.8,0.7,0.4,0.85
168,,0.5,0.4,0.4,0.8,0.75,0.65,0.35,0.8
169,,0.45,0.35,0.35,0.75,0.7,0.6,0.3,0.75
170,,0.4,0.3,0.3,0.7,0.65,0.55,0.25,0.7
171,,0.35,0.25,0.25,0.65,0.6,0.5,0.2,0.65
172,,0.3,0.2,0.2,0.6,0.55,0.45,0.15,0.6
173,,0.25,0.15,0.15,0.55,0.5,0.4,0.1,0.55
174,,0.2,0.1,0.1,0.5,0.45,0.35,0.05,0.5
175,,0.15,0.05,0.05,0.45,0.4,0.3,0.0,0.45
176,,0.1,0.0,0.0,0.4,0.35,0.25,-0.05,0.4
177,7,0.35,0.25,0.25,0.65,0.6,0.5,0.95,0.65
178,7,0.6,0.5,0.5,0.9,0.85,0.75,1.0,0.9
179,,0.55,0.45,0.45,0.85,0.8,0.7,0.95,0.85
180,,0.5,0.4,0.4,0.8,0.75,0.65,0.9,0.8
181,,0.45,0.35,0.35,0.75,0.7,0.6,0.85,0.75
182,,0.4,0.3,0.3,0.7,0.65,0.55,0.8,0.7
183,,0.35,0.25,0.25,0.65,0.6,0.5,0.75,0.65
184,,0.3,0.2,0.2,0.6,0.55,0.45,0.7,0.6
185,,0.25,0.15,0.15,0.55,0.5,0.4,0.65,0.55
186,,0.2,0.1,0.1,0.5,0.45,0.35,0.6,0.5
187,,0.15,0.05,0.05,0.45,0.4,0.3,0.55,0.45
188,,0.1,0.0,0.0,0.4,0.35,0.25,0.5,0.4
189,,0.05,-0.05,-0.05,0.35,0.3,0.2,0.45,0.35
190,2,0.3,0.95,0.2,0.6,0.55,0.45,0.7,0.6
191,2,0.55,1.0,0.45,0.85,0.8,0.7,0.95,0.85
192,,0.5,0.95,0.4,0.8,0.75,0.65,0.9,0.8
193,,0.45,0.9,0.35,0.75,0.7,0.6,0.85,0.75
194,,0.4,0.85,0.3,0.7,0.65,0.55,0.8,0.7
195,,0.35,0.8,0.25,0.65,0.6,0.5,0.75,0.65
196,,0.3,0.75,0.2,0.6,0.55,0.45,0.7,0.6
197,,0.25,0.7,0.15,0.55,0.5,0.4,0.65,0.55
198,,0.2,0.65,0.1,0.5,0.45,0.35,0.6,0.5
199,,0.15,0.6,0.05,0.45,0.4,0.3,0.55,0.45
200,,0.1,0.55,0.0,0.4,0.35,0.25,0.5,0.4
201,,0.05,0.5,-0.05,0.35,0.3,0.2,0.45,0.35
202,3,0.3,0.75,0.95,0.6,0.55,0.45,0.7,0.6
203,3,0.55,1.0,1.0,0.85,0.8,0.7,0.95,0.85
204,,0.5,0.95,0.95,0.8,0.75,0.65,0.9,0.8
205,,0.45,0.9,0.9,0.75,0.7,0.6,0.85,0.75
206,,0.4,0.85,0.85,0.7,0.65,0.55,0.8,0.7
207,,0.35,0.8,0.8,0.65,0.6,0.5,0.75,0.65
208,,0.3,0.75,0.75,0.6,0.55,0.45,0.7,0.6
209,,0.25,0.7,0.7,0.55,0.5,0.4,0.65,0.55
210,,0.2,0.65,0.65,0.5,0.45,0.35,0.6,0.5
211,,0.15,0.6,0.6,0.45,0.4,0.3,0.55,0.45
212,,0.1,0.55,0.55,0.4,0.35,0.25,0.5,0.4
213,,0.05,0.5,0.5,0.35,0.3,0.2,0.45,0.35
214,,0.0,0.45,0.45,0.3,0.25,0.15,0.4,0.3
215,,-0.05,0.4,0.4,0.25,0.2,0.1,0.35,0.25
216,1,0.95,0.65,0.65,0.5,0.45,0.35,0.6,0.5
217,1,1.0,0.9,0.9,0.75,0.7,0.6,0.85,0.75
218,,0.95,0.85,0.85,0.7,0.65,0.55,0.8,0.7
219,,0.9,0.8,0.8,0.65,0.6,0.5,0.75,0.65
220,,0.85,0.75,0.75,0.6,0.55,0.45,0.7,0.6
221,,0.8,0.7,0.7,0.55,0.5,0.4,0.65,0.55
222,,0.75,0.65,0.65,0.5,0.45,0.35,0.6,0.5
223,,0.7,0.6,0.6,0.45,0.4,0.3,0.55,0.45
224,,0.65,0.55,0.55,0.4,0.35,0.25,0.5,0.4
225,,0.6,0.5,0.5,0.35,0.3,0.2,0.45,0.35
226,,0.55,0.45,0.45,0.3,0.25,0.15,0.4,0.3
227,,0.5,0.4,0.4,0.25,0.2,0.1,0.35,0.25
228,,0.45,0.35,0.35,0.2,0.15,0.05,0.3,0.2
229,,0.4,0.3,0.3,0.15,0.1,0.0,0.25,0.15
230,,0.35,0.25,0.25,0.1,0.05,-0.05,0.2,0.1
231,6,0.6,0.5,0.5,0.35,0.3,0.95,0.45,0.35
232,6,0.85,0.75,0.75,0.6,0.55,1.0,0.7,0.6
233,,0.8,0.7,0.7,0.55,0.5,0.95,0.65,0.55
234,,0.75,0.65,0.65,0.5,0.45,0.9,0.6,0.5
235,,0.7,0.6,0.6,0.45,0.4,0.85,0.55,0.45
236,,0.65,0.55,0.55,0.4,0.35,0.8,0.5,0.4
237,,0.6,0.5,0.5,0.35,0.3,0.75,0.45,0.35
238,,0.55,0.45,0.45,0.3,0.25,0.7,0.4,0.3
239,,0.5,0.4,0.4,0.25,0.2,0.65,0.35,0.25
240,,0.45,0.35,0.35,0.2,0.15,0.6,0.3,0.2
241,,0.4,0.3,0.3,0.15,0.1,0.55,0.25,0.15
242,,0.35,0.25,0.25,0.1,0.05,0.5,0.2,0.1
243,,0.3,0.2,0.2,0.05,0.0,0.45,0.15,0.05
244,,0.25,0.15,0.15,0.0,-0.05,0.4,0.1,0.0
245,5,0.5,0.4,0.4,0.25,0.95,0.65,0.35,0.25
246,5,0.75,0.65,0.65,0.5,1.0,0.9,0.6,0.5
247,,0.7,0.6,0.6,0.45,0.95,0.85,0.55,0.45
248,,0.65,0.55,0.55,0.4,0.9,0.8,0.5,0.4
249,,0.6,0.5,0.5,0.35,0.85,0.75,0.45,0.35
250,,0.55,0.45,0.45,0.3,0.8,0.7,0.4,0.3
251,,0.5,0.4,0.4,0.25,0.75,0.65,0.35,0.25
252,,0.45,0.35,0.35,0.2,0.7,0.6,0.3,0.2
253,,0.4,0.3,0.3,0.15,0.65,0.55,0.25,0.15
254,,0.35,0.25,0.25,0.1,0.6,0.5,0.2,0.1
255,,0.3,0.2,0.2,0.05,0.55,0.45,0.15,0.05
256,,0.25,0.15,0.15,0.0,0.5,0.4,0.1,0.0
257,,0.2,0.1,0.1,-0.05,0.45,0.35,0.05,-0.05
258,8,0.45,0.35,0.35,0.2,0.7,0.6,0.3,0.95
259,8,0.7,0.6,0.6,0.45,0.95,0.85,0.55,1.0
260,,0.65,0.55,0.55,0.4,0.9,0.8,0.5,0.95
261,,0.6,0.5,0.5,0.35,0.85,0.75,0.45,0.9
262,,0.55,0.45,0.45,0.3,0.8,0.7,0.4,0.85
263,,0.5,0.4,0.4,0.25,0.75,0.65,0.35,0.8
264,,0.45,0.35,0.35,0.2,0.7,0.6,0.3,0.75
265,,0.4,0.3,0.3,0.15,0.65,0.55,0.25,0.7
266,,0.35,0.25,0.25,0.1,0.6,0.5,0.2,0.65
267,,0.3,0.2,0.2,0.05,0.55,0.45,0.15,0.6
268,,0.25,0.15,0.15,0.0,0.5,0.4,0.1,0.55
269,,0.2,0.1,0.1,-0.05,0.45,0.35,0.05,0.5
270,4,0.45,0.35,0.35,0.95,0.7,0.6,0.3,0.75
271,4,0.7,0.6,0.6,1.0,0.95,0.85,0.55,1.0
272,,0.65,0.55,0.55,0.95,0.9,0.8,0.5,0.95
273,,0.6,0.5,0.5,0.9,0.85,0.75,0.45,0.9
274,,0.55,0.45,0.45,0.85,0.8,0.7,0.4,0.85
275,,0.5,0.4,0.4,0.8,0.75,0.65,0.35,0.8
276,,0.45,0.35,0.35,0.75,0.7,0.6,0.3,0.75
277,,0.4,0.3,0.3,0.7,0.65,0.55,0.25,0.7
278,,0.35,0.25,0.25,0.65,0.6,0.5,0.2,0.65
279,,0.3,0.2,0.2,0.6,0.55,0.45,0.15,0.6
280,,0.25,0.15,0.15,0.55,0.5,0.4,0.1,0.55
281,,0.2,0.1,0.1,0.5,0.45,0.35,0.05,0.5
282,,0.15,0.05,0.05,0.45,0.4,0.3,0.0,0.45
283,,0.1,0.0,0.0,0.4,0.35,0.25,-0.05,0.4
284,7,0.35,0.25,0.25,0.65,0.6,0.5,0.95,0.65
285,7,0.6,0.5,0.5,0.9,0.85,0.75,1.0,0.9
286,,0.55,0.45,0.45,0.85,0.8,0.7,0.95,0.85
287,,0.5,0.4,0.4,0.8,0.75,0.65,0.9,0.8
288,,0.45,0.35,0.35,0.75,0.7,0.6,0.85,0.75
289,,0.4,0.3,0.3,0.7,0.65,0.55,0.8,0.7
290,,0.35,0.25,0.25,0.65,0.6,0.5,0.75,0.65
291,,0.3,0.2,0.2,0.6,0.55,0.45,0.7,0.6
292,,0.25,0.15,0.15,0.55,0.5,0.4,0.65,0.55
293,,0.2,0.1,0.1,0.5,0.45,0.35,0.6,0.5
294,,0.15,0.05,0.05,0.45,0.4,0.3,0.55,0.45
295,,0.1,0.0,0.0,0.4,0.35,0.25,0.5,0.4
296,,0.05,-0.05,-0.05,0.35,0.3,0.2,0.45,0.35
297,2,0.3,0.95,0.2,0.6,0.55,0.45,0.7,0.6
298,2,0.55,1.0,0.45,0.85,0.8,0.7,0.95,0.85
299,,0.5,0.95,0.4,0.8,0.75,0.65,0.9,0.8
300,,0.45,0.9,0.35,0.75,0.7,0.6,0.85,0.75
301,,0.4,0.85,0.3,0.7,0.65,0.55,0.8,0.7
302,,0.35,0.8,0.25,0.65,0.6,0.5,0.75,0.65
303,,0.3,0.75,0.2,0.6,0.55,0.45,0.7,0.6
304,,0.25,0.7,0.15,0.55,0.5,0.4,0.65,0.55
305,,0.2,0.65,0.1,0.5,0.45,0.35,0.6,0.5
306,,0.15,0.6,0.05,0.45,0.4,0.3,0.55,0.45
307,,0.1,0.55,0.0,0.4,0.35,0.25,0.5,0.4
308,,0.05,0.5,-0.05,0.35,0.3,0.2,0.45,0.35
309,3,0.3,0.75,0.95,0.6,0.55,0.45,0.7,0.6
310,3,0.55,1.0,1.0,0.85,0.8,0.7,0.95,0.85
311,,0.5,0.95,0.95,0.8,0.75,0.65,0.9,0.8
312,,0.45,0.9,0.9,0.75,0.7,0.6,0.85,0.75
313,,0.4,0.85,0.85,0.7,0.65,0.55,0.8,0.7
314,,0.35,0.8,0.8,0.65,0.6,0.5,0.75,0.65
315,,0.3,0.75,0.75,0.6,0.55,0.45,0.7,0.6
316,,0.25,0.7,0.7,0.55,0.5,0.4,0.65,0.55
317,,0.2,0.65,0.65,0.5,0.45,0.35,0.6,0.5
318,,0.15,0.6,0.6,0.45,0.4,0.3,0.55,0.45
319,,0.1,0.55,0.55,0.4,0.35,0.25,0.5,0.4
320,,0.05,0.5,0.5,0.35,0.3,0.2,0.45,0.35
321,,0.0,0.45,0.45,0.3,0.25,0.15,0.4,0.3
322,,-0.05,0.4,0.4,0.25,0.2,0.1,0.35,0.25
323,1,0.95,0.65,0.65,0.5,0.45,0.35,0.6,0.5
324,1,1.0,0.9,0.9,0.75,0.7,0.6,0.85,0.75
325,,0.95,0.85,0.85,0.7,0.65,0.55,0.8,0.7
326,,0.9,0.8,0.8,0.65,0.6,0.5,0.75,0.65
327,,0.85,0.75,0.75,0.6,0.55,0.45,0.7,0.6
328,,0.8,0.7,0.7,0.55,0.5,0.4,0.65,0.55
329,,0.75,0.65,0.65,0.5,0.45,0.35,0.6,0.5
330,,0.7,0.6,0.6,0.45,0.4,0.3,0.55,0.45
331,,0.65,0.55,0.55,0.4,0.35,0.25,0.5,0.4
332,,0.6,0.5,0.5,0.35,0.3,0.2,0.45,0.35
333,,0.55,0.45,0.45,0.3,0.25,0.15,0.4,0.3
334,,0.5,0.4,0.4,0.25,0.2,0.1,0.35,0.25
335,,0.45,0.35,0.35,0.2,0.15,0.05,0.3,0.2
336,,0.4,0.3,0.3,0.15,0.1,0.0,0.25,0.15
337,,0.35,0.25,0.25,0.1,0.05,-0.05,0.2,0.1
338,6,0.6,0.5,0.5,0.35,0.3,0.95,0.45,0.35
339,6,0.85,0.75,0.75,0.6,0.55,1.0,0.7,0.6
340,,0.8,0.7,0.7,0.55,0.5,0.95,0.65,0.55
341,,0.75,0.65,0.65,0.5,0.45,0.9,0.6,0.5
342,,0.7,0.6,0.6,0.45,0.4,0.85,0.55,0.45
343,,0.65,0.55,0.55,0.4,0.35,0.8,0.5,0.4
344,,0.6,0.5,0.5,0.35,0.3,0.75,0.45,0.35
345,,0.55,0.45,0.45,0.3,0.25,0.7,0.4,0.3
346,,0.5,0.4,0.4,0.25,0.2,0.65,0.35,0.25
347,,0.45,0.35,0.35,0.2,0.15,0.6,0.3,0.2
348,,0.4,0.3,0.3,0.15,0.1,0.55,0.25,0.15
349,,0.35,0.25,0.25,0.1,0.05,0.5,0.2,0.1
350,,0.3,0.2,0.2,0.05,0.0,0.45,0.15,0.05
351,,0.25,0.15,0.15,0.0,-0.05,0.4,0.1,0.0
352,5,0.5,0.4,0.4,0.25,0.95,0.65,0.35,0.25
353,5,0.75,0.65,0.65,0.5,1.0,0.9,0.6,0.5
354,,0.7,0.6,0.6,0.45,0.95,0.85,0.55,0.45
355,,0.65,0.55,0.55,0.4,0.9,0.8,0.5,0.4
356,,0.6,0.5,0.5,0.35,0.85,0.75,0.45,0.35
357,,0.55,0.45,0.45,0.3,0.8,0.7,0.4,0.3
358,,0.5,0.4,0.4,0.25,0.75,0.65,0.35,0.25
359,,0.45,0.35,0.35,0.2,0.7,0.6,0.3,0.2
360,,0.4,0.3,0.3,0.15,0.65,0.55,0.25,0.15
361,,0.35,0.25,0.25,0.1,0.6,0.5,0.2,0.1
362,,0.3,0.2,0.2,0.05,0.55,0.45,0.15,0.05
363,,0.25,0.15,0.15,0.0,0.5,0.4,0.1,0.0
364,,0.2,0.1,0.1,-0.05,0.45,0.35,0.05,-0.05
365,4,0.45,0.35,0.35,0.95,0.7,0.6,0.3,0.2
366,4,0.7,0.6,0.6,1.0,0.95,0.85,0.55,0.45
367,,0.65,0.55,0.55,0.95,0.9,0.8,0.5,0.4
368,,0.6,0.5,0.5,0.9,0.85,0.75,0.45,0.35
369,,0.55,0.45,0.45,0.85,0.8,0.7,0.4,0.3
370,,0.5,0.4,0.4,0.8,0.75,0.65,0.35,0.25
371,,0.45,0.35,0.35,0.75,0.7,0.6,0.3,0.2
372,,0.4,0.3,0.3,0.7,0.65,0.55,0.25,0.15
373,,0.35,0.25,0.25,0.65,0.6,0.5,0.2,0.1
374,,0.3,0.2,0.2,0.6,0.55,0.45,0.15,0.05
375,,0.25,0.15,0.15,0.55,0.5,0.4,0.1,0.0
376,,0.2,0.1,0.1,0.5,0.45,0.35,0.05,-0.05
377,8,0.45,0.35,0.35,0.75,0.7,0.6,0.3,0.95
378,8,0.7,0.6,0.6,1.0,0.95,0.85,0.55,1.0
379,,0.65,0.55,0.55,0.95,0.9,0.8,0.5,0.95
380,,0.6,0.5,0.5,0.9,0.85,0.75,0.45,0.9
381,,0.55,0.45,0.45,0.85,0.8,0.7,0.4,0.85
382,,0.5,0.4,0.4,0.8,0.75,0.65,0.35,0.8
383,,0.45,0.35,0.35,0.75,0.7,0.6,0.3,0.75
384,,0.4,0.3,0.3,0.7,0.65,0.55,0.25,0.7
385,,0.35,0.25,0.25,0.65,0.6,0.5,0.2,0.65
386,,0.3,0.2,0.2,0.6,0.55,0.45,0.15,0.6
387,,0.25,0.15,0.15,0.55,0.5,0.4,0.1,0.55
388,,0.2,0.1,0.1,0.5,0.45,0.35,0.05,0.5
389,,0.15,0.05,0.05,0.45,0.4,0.3,0.0,0.45
390,,0.1,0.0,0.0,0.4,0.35,0.25,-0.05,0.4
391,7,0.35,0.25,0.25,0.65,0.6,0.5,0.95,0.65
392,7,0.6,0.5,0.5,0.9,0.85,0.75,1.0,0.9
393,,0.55,0.45,0.45,0.85,0.8,0.7,0.95,0.85
394,,0.5,0.4,0.4,0.8,0.75,0.65,0.9,0.8
395,,0.45,0.35,0.35,0.75,0.7,0.6,0.85,0.75
396,,0.4,0.3,0.3,0.7,0.65,0.55,0.8,0.7
397,,0.35,0.25,0.25,0.65,0.6,0.5,0.75,0.65
398,,0.3,0.2,0.2,0.6,0.55,0.45,0.7,0.6
399,,0.25,0.15,0.15,0.55,0.5,0.4,0.65,0.55
400,,0.2,0.1,0.1,0.5,0.45,0.35,0.6,0.5
401,,0.15,0.05,0.05,0.45,0.4,0.3,0.55,0.45
402,,0.1,0.0,0.0,0.4,0.35,0.25,0.5,0.4
403,,0.05,-0.05,-0.05,0.35,0.3,0.2,0.45,0.35
404,3,0.3,0.2,0.95,0.6,0.55,0.45,0.7,0.6
405,3,0.55,0.45,1.0,0.85,0.8,0.7,0.95,0.85
406,,0.5,0.4,0.95,0.8,0.75,0.65,0.9,0.8
407,,0.45,0.35,0.9,0.75,0.7,0.6,0.85,0.75
408,,0.4,0.3,0.85,0.7,0.65,0.55,0.8,0.7
409,,0.35,0.25,0.8,0.65,0.6,0.5,0.75,0.65
410,,0.3,0.2,0.75,0.6,0.55,0.45,0.7,0.6
411,,0.25,0.15,0.7,0.55,0.5,0.4,0.65,0.55
412,,0.2,0.1,0.65,0.5,0.45,0.35,0.6,0.5
413,,0.15,0.05,0.6,0.45,0.4,0.3,0.55,0.45
414,,0.1,0.0,0.55,0.4,0.35,0.25,0.5,0.4
415,,0.05,-0.05,0.5,0.35,0.3,0.2,0.45,0.35
416,2,0.3,0.95,0.75,0.6,0.55,0.45,0.7,0.6
417,2,0.55,1.0,1.0,0.85,0.8,0.7,0.95,0.85
418,,0.5,0.95,0.95,0.8,0.75,0.65,0.9,0.8
419,,0.45,0.9,0.9,0.75,0.7,0.6,0.85,0.75
420,,0.4,0.85,0.85,0.7,0.65,0.55,0.8,0.7
421,,0.35,0.8,0.8,0.65,0.6,0.5,0.75,0.65
422,,0.3,0.75,0.75,0.6,0.55,0.45,0.7,0.6
423,,0.25,0.7,0.7,0.55,0.5,0.4,0.65,0.55
424,,0.2,0.65,0.65,0.5,0.45,0.35,0.6,0.5
425,,0.15,0.6,0.6,0.45,0.4,0.3,0.55,0.45
426,,0.1,0.55,0.55,0.4,0.35,0.25,0.5,0.4
427,,0.05,0.5,0.5,0.35,0.3,0.2,0.45,0.35
428,,0.0,0.45,0.45,0.3,0.25,0.15,0.4,0.3
429,,-0.05,0.4,0.4,0.25,0.2,0.1,0.35,0.25
430,1,0.95,0.65,0.65,0.5,0.45,0.35,0.6,0.5
431,1,1.0,0.9,0.9,0.75,0.7,0.6,0.85,0.75
432,,0.95,0.85,0.85,0.7,0.65,0.55,0.8,0.7
433,,0.9,0.8,0.8,0.65,0.6,0.5,0.75,0.65
434,,0.85,0.75,0.75,0.6,0.55,0.45,0.7,0.6
435,,0.8,0.7,0.7,0.55,0.5,0.4,0.65,0.55
436,,0.75,0.65,0.65,0.5,0.45,0.35,0.6,0.5
437,,0.7,0.6,0.6,0.45,0.4,0.3,0.55,0.45
438,,0.65,0.55,0.55,0.4,0.35,0.25,0.5,0.4
439,,0.6,0.5,0.5,0.35,0.3,0.2,0.45,0.35
440,,0.55,0.45,0.45,0.3,0.25,0.15,0.4,0.3
441,,0.5,0.4,0.4,0.25,0.2,0.1,0.35,0.25
442,,0.45,0.35,0.35,0.2,0.15,0.05,0.3,0.2
443,,0.4,0.3,0.3,0.15,0.1,0.0,0.25,0.15
444,,0.35,0.25,0.25,0.1,0.05,-0.05,0.2,0.1
445,6,0.6,0.5,0.5,0.35,0.3,0.95,0.45,0.35
446,6,0.85,0.75,0.75,0.6,0.55,1.0,0.7,0.6
447,,0.8,0.7,0.7,0.55,0.5,0.95,0.65,0.55
448,,0.75,0.65,0.65,0.5,0.45,0.9,0.6,0.5
449,,0.7,0.6,0.6,0.45,0.4,0.85,0.55,0.45
450,,0.65,0.55,0.55,0.4,0.35,0.8,0.5,0.4
451,,0.6,0.5,0.5,0.35,0.3,0.75,0.45,0.35
452,,0.55,0.45,0.45,0.3,0.25,0.7,0.4,0.3
453,,0.5,0.4,0.4,0.25,0.2,0.65,0.35,0.25
454,,0.45,0.35,0.35,0.2,0.15,0.6,0.3,0.2
455,,0.4,0.3,0.3,0.15,0.1,0.55,0.25,0.15
456,,0.35,0.25,0.25,0.1,0.05,0.5,0.2,0.1
457,,0.3,0.2,0.2,0.05,0.0,0.45,0.15,0.05
458,,0.25,0.15,0.15,0.0,-0.05,0.4,0.1,0.0
459,5,0.5,0.4,0.4,0.25,0.95,0.65,0.35,0.25
460,5,0.75,0.65,0.65,0.5,1.0,0.9,0.6,0.5
461,,0.7,0.6,0.6,0.45,0.95,0.85,0.55,0.45
462,,0.65,0.55,0.55,0.4,0.9,0.8,0.5,0.4
463,,0.6,0.5,0.5,0.35,0.85,0.75,0.45,0.35
464,,0.55,0.45,0.45,0.3,0.8,0.7,0.4,0.3
465,,0.5,0.4,0.4,0.25,0.75,0.65,0.35,0.25
466,,0.45,0.35,0.35,0.2,0.7,0.6,0.3,0.2
467,,0.4,0.3,0.3,0.15,0.65,0.55,0.25,0.15
468,,0.35,0.25,0.25,0.1,0.6,0.5,0.2,0.1
469,,0.3,0.2,0.2,0.05,0.55,0.45,0.15,0.05
470,,0.25,0.15,0.15,0.0,0.5,0.4,0.1,0.0
471,,0.2,0.1,0.1,-0.05,0.45,0.35,0.05,-0.05
472,8,0.45,0.35,0.35,0.2,0.7,0.6,0.3,0.95
473,8,0.7,0.6,0.6,0.45,0.95,0.85,0.55,1.0
474,,0.65,0.55,0.55,0.4,0.9,0.8,0.5,0.95
475,,0.6,0.5,0.5,0.35,0.85,0.75,0.45,0.9
476,,0.55,0.45,0.45,0.3,0.8,0.7,0.4,0.85
477,,0.5,0.4,0.4,0.25,0.75,0.65,0.35,0.8
478,,0.45,0.35,0.35,0.2,0.7,0.6,0.3,0.75
479,,0.4,0.3,0.3,0.15,0.65,0.55,0.25,0.7
480,,0.35,0.25,0.25,0.1,0.6,0.5,0.2,0.65
481,,0.3,0.2,0.2,0.05,0.55,0.45,0.15,0.6
482,,0.25,0.15,0.15,0.0,0.5,0.4,0.1,0.55
483,,0.2,0.1,0.1,-0.05,0.45,0.35,0.05,0.5
484,4,0.45,0.35,0.35,0.95,0.7,0.6,0.3,0.75
485,4,0.7,0.6,0.6,1.0,0.95,0.85,0.55,1.0
486,,0.65,0.55,0.55,0.95,0.9,0.8,0.5,0.95
487,,0.6,0.5,0.5,0.9,0.85,0.75,0.45,0.9
488,,0.55,0.45,0.45,0.85,0.8,0.7,0.4,0.85
489,,0.5,0.4,0.4,0.8,0.75,0.65,0.35,0.8
490,,0.45,0.35,0.35,0.75,0.7,0.6,0.3,0.75
491,,0.4,0.3,0.3,0.7,0.65,0.55,0.25,0.7
492,,0.35,0.25,0.25,0.65,0.6,0.5,0.2,0.65
493,,0.3,0.2,0.2,0.6,0.55,0.45,0.15,0.6
494,,0.25,0.15,0.15,0.55,0.5,0.4,0.1,0.55
495,,0.2,0.1,0.1,0.5,0.45,0.35,0.05,0.5
496,,0.15,0.05,0.05,0.45,0.4,0.3,0.0,0.45
497,,0.1,0.0,0.0,0.4,0.35,0.25,-0.05,0.4
498,7,0.35,0.25,0.25,0.65,0.6,0.5,0.95,0.65
499,7,0.6,0.5,0.5,0.9,0.85,0.75,1.0,0.9
500,,0.55,0.45,0.45,0.85,0.8,0.7,0.95,0.85
501,,0.5,0.4,0.4,0.8,0.75,0.65,0.9,0.8
502,,0.45,0.35,0.35,0.75,0.7,0.6,0.85,0.75
503,,0.4,0.3,0.3,0.7,0.65,0.55,0.8,0.7
504,,0.35,0.25,0.25,0.65,0.6,0.5,0.75,0.65
505,,0.3,0.2,0.2,0.6,0.55,0.45,0.7,0.6
506,,0.25,0.15,0.15,0.55,0.5,0.4,0.65,0.55
507,,0.2,0.1,0.1,0.5,0.45,0.35,0.6,0.5
508,,0.15,0.05,0.05,0.45,0.4,0.3,0.55,0.45
509,,0.1,0.0,0.0,0.4,0.35,0.25,0.5,0.4
510,,0.05,-0.05,-0.05,0.35,0.3,0.2,0.45,0.35
511,2,0.3,0.95,0.2,0.6,0.55,0.45,0.7,0.6
512,2,0.55,1.0,0.45,0.85,0.8,0.7,0.95,0.85
513,,0.5,0.95,0.4,0.8,0.75,0.65,0.9,0.8
514,,0.45,0.9,0.35,0.75,0.7,0.6,0.85,0.75
515,,0.4,0.85,0.3,0.7,0.65,0.55,0.8,0.7
516,,0.35,0.8,0.25,0.65,0.6,0.5,0.75,0.65
517,,0.3,0.75,0.2,0.6,0.55,0.45,0.7,0.6
518,,0.25,0.7,0.15,0.55,0.5,0.4,0.65,0.55
519,,0.2,0.65,0.1,0.5,0.45,0.35,0.6,0.5
520,,0.15,0.6,0.05,0.45,0.4,0.3,0.55,0.45
521,,0.1,0.55,0.0,0.4,0.35,0.25,0.5,0.4
522,,0.05,0.5,-0.05,0.35,0.3,0.2,0.45,0.35
523,3,0.3,0.75,0.95,0.6,0.55,0.45,0.7,0.6
524,3,0.55,1.0,1.0,0.85,0.8,0.7,0.95,0.85
525,,0.5,0.95,0.95,0.8,0.75,0.65,0.9,0.8
526,,0.45,0.9,0.9,0.75,0.7,0.6,0.85,0.75
527,,0.4,0.85,0.85,0.7,0.65,0.55,0.8,0.7
528,,0.35,0.8,0.8,0.65,0.6,0.5,0.75,0.65
529,,0.3,0.75,0.75,0.6,0.55,0.45,0.7,0.6
530,,0.25,0.7,0.7,0.55,0.5,0.4,0.65,0.55
531,,0.2,0.65,0.65,0.5,0.45,0.35,0.6,0.5
532,,0.15,0.6,0.6,0.45,0.4,0.3,0.55,0.45
533,,0.1,0.55,0.55,0.4,0.35,0.25,0.5,0.4
534,,0.05,0.5,0.5,0.35,0.3,0.2,0.45,0.35
535,,0.0,0.45,0.45,0.3,0.25,0.15,0.4,0.3
536,,-0.05,0.4,0.4,0.25,0.2,0.1,0.35,0.25
537,1,0.95,0.65,0.65,0.5,0.45,0.35,0.6,0.5
538,1,1.0,0.9,0.9,0.75,0.7,0.6,0.85,0.75
539,,0.95,0.85,0.85,0.7,0.65,0.55,0.8,0.7
540,,0.9,0.8,0.8,0.65,0.6,0.5,0.75,0.65
541,,0.85,0.75,0.75,0.6,0.55,0.45,0.7,0.6
542,,0.8,0.7,0.7,0.55,0.5,0.4,0.65,0.55
543,,0.75,0.65,0.65,0.5,0.45,0.35,0.6,0.5
544,,0.7,0.6,0.6,0.45,0.4,0.3,0.55,0.45
545,,0.65,0.55,0.55,0.4,0.35,0.25,0.5,0.4
546,,0.6,0.5,0.5,0.35,0.3,0.2,0.45,0.35
547,,0.55,0.45,0.45,0.3,0.25,0.15,0.4,0.3
548,,0.5,0.4,0.4,0.25,0.2,0.1,0.35,0.25
549,,0.45,0.35,0.35,0.2,0.15,0.05,0.3,0.2
550,,0.4,0.3,0.3,0.15,0.1,0.0,0.25,0.15
551,,0.35,0.25,0.25,0.1,0.05,-0.05,0.2,0.1
552,6,0.6,0.5,0.5,0.35,0.3,0.95,0.45,0.35
553,6,0.85,0.75,0.75,0.6,0.55,1.0,0.7,0.6
554,,0.8,0.7,0.7,0.55,0.5,0.95,0.65,0.55
555,,0.75,0.65,0.65,0.5,0.45,0.9,0.6,0.5
556,,0.7,0.6,0.6,0.45,0.4,0.85,0.55,0.45
557,,0.65,0.55,0.55,0.4,0.35,0.8,0.5,0.4
558,,0.6,0.5,0.5,0.35,0.3,0.75,0.45,0.35
559,,0.55,0.45,0.45,0.3,0.25,0.7,0.4,0.3
560,,0.5,0.4,0.4,0.25,0.2,0.65,0.35,0.25
561,,0.45,0.35,0.35,0.2,0.15,0.6,0.3,0.2
562,,0.4,0.3,0.3,0.15,0.1,0.55,0.25,0.15
563,,0.35,0.25,0.25,0.1,0.05,0.5,0.2,0.1
564,,0.3,0.2,0.2,0.05,0.0,0.45,0.15,0.05
565,,0.25,0.15,0.15,0.0,-0.05,0.4,0.1,0.0
566,5,0.5,0.4,0.4,0.25,0.95,0.65,0.35,0.25
567,5,0.75,0.65,0.65,0.5,1.0,0.9,0.6,0.5
568,,0.7,0.6,0.6,0.45,0.95,0.85,0.55,0.45
569,,0.65,0.55,0.55,0.4,0.9,0.8,0.5,0.4
570,,0.6,0.5,0.5,0.35,0.85,0.75,0.45,0.35
571,,0.55,0.45,0.45,0.3,0.8,0.7,0.4,0.3
572,,0.5,0.4,0.4,0.25,0.75,0.65,0.35,0.25
573,,0.45,0.35,0.35,0.2,0.7,0.6,0.3,0.2
574,,0.4,0.3,0.3,0.15,0.65,0.55,0.25,0.15
575,,0.35,0.25,0.25,0.1,0.6,0.5,0.2,0.1
576,,0.3,0.2,0.2,0.05,0.55,0.45,0.15,0.05
577,,0.25,0.15,0.15,0.0,0.5,0.4,0.1,0.0
578,,0.2,0.1,0.1,-0.05,0.45,0.35,0.05,-0.05
579,8,0.45,0.35,0.35,0.2,0.7,0.6,0.3,0.95
580,8,0.7,0.6,0.6,0.45,0.95,0.85,0.55,1.0
581,,0.65,0.55,0.55,0.4,0.9,0.8,0.5,0.95
582,,0.6,0.5,0.5,0.35,0.85,0.75,0.45,0.9
583,,0.55,0.45,0.45,0.3,0.8,0.7,0.4,0.85
584,,0.5,0.4,0.4,0.25,0.75,0.65,0.35,0.8
585,,0.45,0.35,0.35,0.2,0.7,0.6,0.3,0.75
586,,0.4,0.3,0.3,0.15,0.65,0.55,0.25,0.7
587,,0.35,0.25,0.25,0.1,0.6,0.5,0.2,0.65
588,,0.3,0.2,0.2,0.05,0.55,0.45,0.15,0.6
589,,0.25,0.15,0.15,0.0,0.5,0.4,0.1,0.55
590,,0.2,0.1,0.1,-0.05,0.45,0.35,0.05,0.5
591,4,0.45,0.35,0.35,0.95,0.7,0.6,0.3,0.75
592,4,0.7,0.6,0.6,1.0,0.95,0.85,0.55,1.0
593,,0.65,0.55,0.55,0.95,0.9,0.8,0.5,0.95
594,,0.6,0.5,0.5,0.9,0.85,0.75,0.45,0.9
595,,0.55,0.45,0.45,0.85,0.8,0.7,0.4,0.85
596,,0.5,0.4,0.4,0.8,0.75,0.65,0.35,0.8
597,,0.45,0.35,0.35,0.75,0.7,0.6,0.3,0.75
598,,0.4,0.3,0.3,0.7,0.65,0.55,0.25,0.7
599,,0.35,0.25,0.25,0.65,0.6,0.5,0.2,0.65
600,,0.3,0.2,0.2,0.6,0.55,0.45,0.15,0.6
601,,0.25,0.15,0.15,0.55,0.5,0.4,0.1,0.55
602,,0.2,0.1,0.1,0.5,0.45,0.35,0.05,0.5
603,,0.15,0.05,0.05,0.45,0.4,0.3,0.0,0.45
604,,0.1,0.0,0.0,0.4,0.35,0.25,-0.05,0.4
605,7,0.35,0.25,0.25,0.65,0.6,0.5,0.95,0.65
606,7,0.6,0.5,0.5,0.9,0.85,0.75,1.0,0.9
607,,0.55,0.45,0.45,0.85,0.8,0.7,0.95,0.85
608,,0.5,0.4,0.4,0.8,0.75,0.65,0.9,0.8
609,,0.45,0.35,0.35,0.75,0.7,0.6,0.85,0.75
610,,0.4,0.3,0.3,0.7,0.65,0.55,0.8,0.7
611,,0.35,0.25,0.25,0.65,0.6,0.5,0.75,0.65
612,,0.3,0.2,0.2,0.6,0.55,0.45,0.7,0.6
613,,0.25,0.15,0.15,0.55,0.5,0.4,0.65,0.55
614,,0.2,0.1,0.1,0.5,0.45,0.35,0.6,0.5
615,,0.15,0.05,0.05,0.45,0.4,0.3,0.55,0.45
616,,0.1,0.0,0.0,0.4,0.35,0.25,0.5,0.4
617,,0.05,-0.05,-0.05,0.35,0.3,0.2,0.45,0.35
618,2,0.3,0.95,0.2,0.6,0.55,0.45,0.7,0.6
619,2,0.55,1.0,0.45,0.85,0.8,0.7,0.95,0.85
620,,0.5,0.95,0.4,0.8,0.75,0.65,0.9,0.8
621,,0.45,0.9,0.35,0.75,0.7,0.6,0.85,0.75
622,,0.4,0.85,0.3,0.7,0.65,0.55,0.8,0.7
623,,0.35,0.8,0.25,0.65,0.6,0.5,0.75,0.65
624,,0.3,0.75,0.2,0.6,0.55,0.45,0.7,0.6
625,,0.25,0.7,0.15,0.55,0.5,0.4,0.65,0.55
626,,0.2,0.65,0.1,0.5,0.45,0.35,0.6,0.5
627,,0.15,0.6,0.05,0.45,0.4,0.3,0.55,0.45
628,,0.1,0.55,0.0,0.4,0.35,0.25,0.5,0.4
629,,0.05,0.5,-0.05,0.35,0.3,0.2,0.45,0.35
630,3,0.3,0.75,0.95,0.6,0.55,0.45,0.7,0.6
631,3,0.55,1.0,1.0,0.85,0.8,0.7,0.95,0.85
632,,0.5,0.95,0.95,0.8,0.75,0.65,0.9,0.8
633,,0.45,0.9,0.9,0.75,0.7,0.6,0.85,0.75
634,,0.4,0.85,0.85,0.7,0.65,0.55,0.8,0.7
635,,0.35,0.8,0.8,0.65,0.6,0.5,0.75,0.65
636,,0.3,0.75,0.75,0.6,0.55,0.45,0.7,0.6
637,,0.25,0.7,0.7,0.55,0.5,0.4,0.65,0.55
638,,0.2,0.65,0.65,0.5,0.45,0.35,0.6,0.5
639,,0.15,0.6,0.6,0.45,0.4,0.3,0.55,0.45
640,,0.1,0.55,0.55,0.4,0.35,0.25,0.5,0.4
641,,0.05,0.5,0.5,0.35,0.3,0.2,0.45,0.35
642,,0.0,0.45,0.45,0.3,0.25,0.15,0.4,0.3
643,,-0.05,0.4,0.4,0.25,0.2,0.1,0.35,0.25
644,1,0.95,0.65,0.65,0.5,0.45,0.35,0.6,0.5
645,1,1.0,0.9,0.9,0.75,0.7,0.6,0.85,0.75
646,,0.95,0.85,0.85,0.7,0.65,0.55,0.8,0.7
647,,0.9,0.8,0.8,0.65,0.6,0.5,0.75,0.65
648,,0.85,0.75,0.75,0.6,0.55,0.45,0.7,0.6
649,,0.8,0.7,0.7,0.55,0.5,0.4,0.65,0.55
650,,0.75,0.65,0.65,0.5,0.45,0.35,0.6,0.5
651,,0.7,0.6,0.6,0.45,0.4,0.3,0.55,0.45
652,,0.65,0.55,0.55,0.4,0.35,0.25,0.5,0.4
653,,0.6,0.5,0.5,0.35,0.3,0.2,0.45,0.35
654,,0.55,0.45,0.45,0.3,0.25,0.15,0.4,0.3
655,,0.5,0.4,0.4,0.25,0.2,0.1,0.35,0.25
656,,0.45,0.35,0.35,0.2,0.15,0.05,0.3,0.2
657,,0.4,0.3,0.3,0.15,0.1,0.0,0.25,0.15
658,,0.35,0.25,0.25,0.1,0.05,-0.05,0.2,0.1
659,6,0.6,0.5,0.5,0.35,0.3,0.95,0.45,0.35
660,6,0.85,0.75,0.75,0.6,0.55,1.0,0.7,0.6
661,,0.8,0.7,0.7,0.55,0.5,0.95,0.65,0.55
662,,0.75,0.65,0.65,0.5,0.45,0.9,0.6,0.5
663,,0.7,0.6,0.6,0.45,0.4,0.85,0.55,0.45
664,,0.65,0.55,0.55,0.4,0.35,0.8,0.5,0.4
665,,0.6,0.5,0.5,0.35,0.3,0.75,0.45,0.35
666,,0.55,0.45,0.45,0.3,0.25,0.7,0.4,0.3
667,,0.5,0.4,0.4,0.25,0.2,0.65,0.35,0.25
668,,0.45,0.35,0.35,0.2,0.15,0.6,0.3,0.2
669,,0.4,0.3,0.3,0.15,0.1,0.55,0.25,0.15
670,,0.35,0.25,0.25,0.1,0.05,0.5,0.2,0.1
671,,0.3,0.2,0.2,0.05,0.0,0.45,0.15,0.05
672,,0.25,0.15,0.15,0.0,-0.05,0.4,0.1,0.0
673,5,0.5,0.4,0.4,0.25,0.95,0.65,0.35,0.25
674,5,0.75,0.65,0.65,0.5,1.0,0.9,0.6,0.5
675,,0.7,0.6,0.6,0.45,0.95,0.85,0.55,0.45
676,,0.65,0.55,0.55,0.4,0.9,0.8,0.5,0.4
677,,0.6,0.5,0.5,0.35,0.85,0.75,0.45,0.35
678,,0.55,0.45,0.45,0.3,0.8,0.7,0.4,0.3
679,,0.5,0.4,0.4,0.25,0.75,0.65,0.35,0.25
680,,0.45,0.35,0.35,0.2,0.7,0.6,0.3,0.2
681,,0.4,0.3,0.3,0.15,0.65,0.55,0.25,0.15
682,,0.35,0.25,0.25,0.1,0.6,0.5,0.2,0.1
683,,0.3,0.2,0.2,0.05,0.55,0.45,0.15,0.05
684,,0.25,0.15,0.15,0.0,0.5,0.4,0.1,0.0
685,,0.2,0.1,0.1,-0.05,0.45,0.35,0.05,-0.05
686,4,0.45,0.35,0.35,0.95,0.7,0.6,0.3,0.2
687,4,0.7,0.6,0.6,1.0,0.95,0.85,0.55,0.45
688,,0.65,0.55,0.55,0.95,0.9,0.8,0.5,0.4
689,,0.6,0.5,0.5,0.9,0.85,0.75,0.45,0.35
690,,0.55,0.45,0.45,0.85,0.8,0.7,0.4,0.3
691,,0.5,0.4,0.4,0.8,0.75,0.65,0.35,0.25
692,,0.45,0.35,0.35,0.75,0.7,0.6,0.3,0.2
693,,0.4,0.3,0.3,0.7,0.65,0.55,0.25,0.15
694,,0.35,0.25,0.25,0.65,0.6,0.5,0.2,0.1
695,,0.3,0.2,0.2,0.6,0.55,0.45,0.15,0.05
696,,0.25,0.15,0.15,0.55,0.5,0.4,0.1,0.0
697,,0.2,0.1,0.1,0.5,0.45,0.35,0.05,-0.05
698,8,0.45,0.35,0.35,0.75,0.7,0.6,0.3,0.95
699,8,0.7,0.6,0.6,1.0,0.95,0.85,0.55,1.0
700,,0.65,0.55,0.55,0.95,0.9,0.8,0.5,0.95
701,,0.6,0.5,0.5,0.9,0.85,0.75,0.45,0.9
702,,0.55,0.45,0.45,0.85,0.8,0.7,0.4,0.85
703,,0.5,0.4,0.4,0.8,0.75,0.65,0.35,0.8
704,,0.45,0.35,0.35,0.75,0.7,0.6,0.3,0.75
705,,0.4,0.3,0.3,0.7,0.65,0.55,0.25,0.7
706,,0.35,0.25,0.25,0.65,0.6,0.5,0.2,0.65
707,,0.3,0.2,0.2,0.6,0.55,0.45,0.15,0.6
708,,0.25,0.15,0.15,0.55,0.5,0.4,0.1,0.55
709,,0.2,0.1,0.1,0.5,0.45,0.35,0.05,0.5
710,,0.15,0.05,0.05,0.45,0.4,0.3,0.0,0.45
711,,0.1,0.0,0.0,0.4,0.35,0.25,-0.05,0.4
712,7,0.35,0.25,0.25,0.65,0.6,0.5,0.95,0.65
713,7,0.6,0.5,0.5,0.9,0.85,0.75,1.0,0.9
714,,0.55,0.45,0.45,0.85,0.8,0.7,0.95,0.85
715,,0.5,0.4,0.4,0.8,0.75,0.65,0.9,0.8
716,,0.45,0.35,0.35,0.75,0.7,0.6,0.85,0.75
717,,0.4,0.3,0.3,0.7,0.65,0.55,0.8,0.7
718,,0.35,0.25,0.25,0.65,0.6,0.5,0.75,0.65
719,,0.3,0.2,0.2,0.6,0.55,0.45,0.7,0.6
720,,0.25,0.15,0.15,0.55,0.5,0.4,0.65,0.55
721,,0.2,0.1,0.1,0.5,0.45,0.35,0.6,0.5
722,,0.15,0.05,0.05,0.45,0.4,0.3,0.55,0.45
723,,0.1,0.0,0.0,0.4,0.35,0.25,0.5,0.4
724,,0.05,-0.05,-0.05,0.35,0.3,0.2,0.45,0.35
725,2,0.3,0.95,0.2,0.6,0.55,0.45,0.7,0.6
726,2,0.55,1.0,0.45,0.85,0.8,0.7,0.95,0.85
727,,0.5,0.95,0.4,0.8,0.75,0.65,0.9,0.8
728,,0.45,0.9,0.35,0.75,0.7,0.6,0.85,0.75
729,,0.4,0.85,0.3,0.7,0.65,0.55,0.8,0.7
730,,0.35,0.8,0.25,0.65,0.6,0.5,0.75,0.65
731,,0.3,0.75,0.2,0.6,0.55,0.45,0.7,0.6
732,,0.25,0.7,0.15,0.55,0.5,0.4,0.65,0.55
733,,0.2,0.65,0.1,0.5,0.45,0.35,0.6,0.5
734,,0.15,0.6,0.05,0.45,0.4,0.3,0.55,0.45
735,,0.1,0.55,0.0,0.4,0.35,0.25,0.5,0.4
736,,0.05,0.5,-0.05,0.35,0.3,0.2,0.45,0.35
737,3,0.3,0.75,0.95,0.6,0.55,0.45,0.7,0.6
738,3,0.55,1.0,1.0,0.85,0.8,0.7,0.95,0.85
739,,0.5,0.95,0.95,0.8,0.75,0.65,0.9,0.8
740,,0.45,0.9,0.9,0.75,0.7,0.6,0.85,0.75
741,,0.4,0.85,0.85,0.7,0.65,0.55,0.8,0.7
742,,0.35,0.8,0.8,0.65,0.6,0.5,0.75,0.65
743,,0.3,0.75,0.75,0.6,0.55,0.45,0.7,0.6
744,,0.25,0.7,0.7,0.55,0.5,0.4,0.65,0.55
745,,0.2,0.65,0.65,0.5,0.45,0.35,0.6,0.5
746,,0.15,0.6,0.6,0.45,0.4,0.3,0.55,0.45
747,,0.1,0.55,0.55,0.4,0.35,0.25,0.5,0.4
748,,0.05,0.5,0.5,0.35,0.3,0.2,0.45,0.35
749,,0.0,0.45,0.45,0.3,0.25,0.15,0.4,0.3
750,,-0.05,0.4,0.4,0.25,0.2,0.1,0.35,0.25
751,1,0.95,0.65,0.65,0.5,0.45,0.35,0.6,0.5
752,1,1.0,0.9,0.9,0.75,0.7,0.6,0.85,0.75
753,,0.95,0.85,0.85,0.7,0.65,0.55,0.8,0.7
754,,0.9,0.8,0.8,0.65,0.6,0.5,0.75,0.65
755,,0.85,0.75,0.75,0.6,0.55,0.45,0.7,0.6
756,,0.8,0.7,0.7,0.55,0.5,0.4,0.65,0.55
757,,0.75,0.65,0.65,0.5,0.45,0.35,0.6,0.5
758,,0.7,0.6,0.6,0.45,0.4,0.3,0.55,0.45
759,,0.65,0.55,0.55,0.4,0.35,0.25,0.5,0.4
760,,0.6,0.5,0.5,0.35,0.3,0.2,0.45,0.35
761,,0.55,0.45,0.45,0.3,0.25,0.15,0.4,0.3
762,,0.5,0.4,0.4,0.25,0.2,0.1,0.35,0.25
763,,0.45,0.35,0.35,0.2,0.15,0.05,0.3,0.2
764,,0.4,0.3,0.3,0.15,0.1,0.0,0.25,0.15
765,,0.35,0.25,0.25,0.1,0.05,-0.05,0.2,0.1
766,6,0.6,0.5,0.5,0.35,0.3,0.95,0.45,0.35
767,6,0.85,0.75,0.75,0.6,0.55,1.0,0.7,0.6
768,,0.8,0.7,0.7,0.55,0.5,0.95,0.65,0.55
769,,0.75,0.65,0.65,0.5,0.45,0.9,0.6,0.5
770,,0.7,0.6,0.6,0.45,0.4,0.85,0.55,0.45
771,,0.65,0.55,0.55,0.4,0.35,0.8,0.5,0.4
772,,0.6,0.5,0.5,0.35,0.3,0.75,0.45,0.35
773,,0.55,0.45,0.45,0.3,0.25,0.7,0.4,0.3
774,,0.5,0.4,0.4,0.25,0.2,0.65,0.35,0.25
775,,0.45,0.35,0.35,0.2,0.15,0.6,0.3,0.2
776,,0.4,0.3,0.3,0.15,0.1,0.55,0.25,0.15
777,,0.35,0.25,0.25,0.1,0.05,0.5,0.2,0.1
778,,0.3,0.2,0.2,0.05,0.0,0.45,0.15,0.05
779,,0.25,0.15,0.15,0.0,-0.05,0.4,0.1,0.0
780,5,0.5,0.4,0.4,0.25,0.95,0.65,0.35,0.25
781,5,0.75,0.65,0.65,0.5,1.0,0.9,0.6,0.5
782,,0.7,0.6,0.6,0.45,0.95,0.85,0.55,0.45
783,,0.65,0.55,0.55,0.4,0.9,0.8,0.5,0.4
784,,0.6,0.5,0.5,0.35,0.85,0.75,0.45,0.35
785,,0.55,0.45,0.45,0.3,0.8,0.7,0.4,0.3
786,,0.5,0.4,0.4,0.25,0.75,0.65,0.35,0.25
787,,0.45,0.35,0.35,0.2,0.7,0.6,0.3,0.2
788,,0.4,0.3,0.3,0.15,0.65,0.55,0.25,0.15
789,,0.35,0.25,0.25,0.1,0.6,0.5,0.2,0.1
790,,0.3,0.2,0.2,0.05,0.55,0.45,0.15,0.05
791,,0.25,0.15,0.15,0.0,0.5,0.4,0.1,0.0
792,,0.2,0.1,0.1,-0.05,0.45,0.35,0.05,-0.05
793,8,0.45,0.35,0.35,0.2,0.7,0.6,0.3,0.95
794,8,0.7,0.6,0.6,0.45,0.95,0.85,0.55,1.0
795,,0.65,0.55,0.55,0.4,0.9,0.8,0.5,0.95
796,,0.6,0.5,0.5,0.35,0.85,0.75,0.45,0.9
797,,0.55,0.45,0.45,0.3,0.8,0.7,0.4,0.85
798,,0.5,0.4,0.4,0.25,0.75,0.65,0.35,0.8
799,,0.45,0.35,0.35,0.2,0.7,0.6,0.3,0.75
800,,0.4,0.3,0.3,0.15,0.65,0.55,0.25,0.7
801,,0.35,0.25,0.25,0.1,0.6,0.5,0.2,0.65
802,,0.3,0.2,0.2,0.05,0.55,0.45,0.15,0.6
803,,0.25,0.15,0.15,0.0,0.5,0.4,0.1,0.55
804,,0.2,0.1,0.1,-0.05,0.45,0.35,0.05,0.5
805,4,0.45,0.35,0.35,0.95,0.7,0.6,0.3,0.75
806,4,0.7,0.6,0.6,1.0,0.95,0.85,0.55,1.0
807,,0.65,0.55,0.55,0.95,0.9,0.8,0.5,0.95
808,,0.6,0.5,0.5,0.9,0.85,0.75,0.45,0.9
809,,0.55,0.45,0.45,0.85,0.8,0.7,0.4,0.85
810,,0.5,0.4,0.4,0.8,0.75,0.65,0.35,0.8
811,,0.45,0.35,0.35,0.75,0.7,0.6,0.3,0.75
812,,0.4,0.3,0.3,0.7,0.65,0.55,0.25,0.7
813,,0.35,0.25,0.25,0.65,0.6,0.5,0.2,0.65
814,,0.3,0.2,0.2,0.6,0.55,0.45,0.15,0.6
815,,0.25,0.15,0.15,0.55,0.5,0.4,0.1,0.55
816,,0.2,0.1,0.1,0.5,0.45,0.35,0.05,0.5
817,,0.15,0.05,0.05,0.45,0.4,0.3,0.0,0.45
818,,0.1,0.0,0.0,0.4,0.35,0.25,-0.05,0.4
819,7,0.35,0.25,0.25,0.65,0.6,0.5,0.95,0.65
820,7,0.6,0.5,0.5,0.9,0.85,0.75,1.0,0.9
821,,0.55,0.45,0.45,0.85,0.8,0.7,0.95,0.85
822,,0.5,0.4,0.4,0.8,0.75,0.65,0.9,0.8
823,,0.45,0.35,0.35,0.75,0.7,0.6,0.85,0.75
824,,0.4,0.3,0.3,0.7,0.65,0.55,0.8,0.7
825,,0.35,0.25,0.25,0.65,0.6,0.5,0.75,0.65
826,,0.3,0.2,0.2,0.6,0.55,0.45,0.7,0.6
827,,0.25,0.15,0.15,0.55,0.5,0.4,0.65,0.55
828,,0.2,0.1,0.1,0.5,0.45,0.35,0.6,0.5
829,,0.15,0.05,0.05,0.45,0.4,0.3,0.55,0.45
830,,0.1,0.0,0.0,0.4,0.35,0.25,0.5,0.4
831,,0.05,-0.05,-0.05,0.35,0.3,0.2,0.45,0.35
832,3,0.3,0.2,0.95,0.6,0.55,0.45,0.7,0.6
833,3,0.55,0.45,1.0,0.85,0.8,0.7,0.95,0.85
834,,0.5,0.4,0.95,0.8,0.75,0.65,0.9,0.8
835,,0.45,0.35,0.9,0.75,0.7,0.6,0.85,0.75
836,,0.4,0.3,0.85,0.7,0.65,0.55,0.8,0.7
837,,0.35,0.25,0.8,0.65,0.6,0.5,0.75,0.65
838,,0.3,0.2,0.75,0.6,0.55,0.45,0.7,0.6
839,,0.25,0.15,0.7,0.55,0.5,0.4,0.65,0.55
840,,0.2,0.1,0.65,0.5,0.45,0.35,0.6,0.5
841,,0.15,0.05,0.6,0.45,0.4,0.3,0.55,0.45
842,,0.1,0.0,0.55,0.4,0.35,0.25,0.5,0.4
843,,0.05,-0.05,0.5,0.35,0.3,0.2,0.45,0.35
844,2,0.3,0.95,0.75,0.6,0.55,0.45,0.7,0.6
845,2,0.55,1.0,1.0,0.85,0.8,0.7,0.95,0.85
846,,0.5,0.95,0.95,0.8,0.75,0.65,0.9,0.8
847,,0.45,0.9,0.9,0.75,0.7,0.6,0.85,0.75
848,,0.4,0.85,0.85,0.7,0.65,0.55,0.8,0.7
849,,0.35,0.8,0.8,0.65,0.6,0.5,0.75,0.65
850,,0.3,0.75,0.75,0.6,0.55,0.45,0.7,0.6
851,,0.25,0.7,0.7,0.55,0.5,0.4,0.65,0.55
852,,0.2,0.65,0.65,0.5,0.45,0.35,0.6,0.5
853,,0.15,0.6,0.6,0.45,0.4,0.3,0.55,0.45
854,,0.1,0.55,0.55,0.4,0.35,0.25,0.5,0.4
855,,0.05,0.5,0.5,0.35,0.3,0.2,0.45,0.35
856,,0.0,0.45,0.45,0.3,0.25,0.15,0.4,0.3
857,,-0.05,0.4,0.4,0.25,0.2,0.1,0.35,0.25
858,1,0.95,0.65,0.65,0.5,0.45,0.35,0.6,0.5
859,1,1.0,0.9,0.9,0.75,0.7,0.6,0.85,0.75
860,,0.95,0.85,0.85,0.7,0.65,0.55,0.8,0.7
861,,0.9,0.8,0.8,0.65,0.6,0.5,0.75,0.65
862,,0.85,0.75,0.75,0.6,0.55,0.45,0.7,0.6
863,,0.8,0.7,0.7,0.55,0.5,0.4,0.65,0.55
864,,0.75,0.65,0.65,0.5,0.45,0.35,0.6,0.5
865,,0.7,0.6,0.6,0.45,0.4,0.3,0.55,0.45
866,,0.65,0.55,0.55,0.4,0.35,0.25,0.5,0.4
867,,0.6,0.5,0.5,0.35,0.3,0.2,0.45,0.35
868,,0.55,0.45,0.45,0.3,0.25,0.15,0.4,0.3
869,,0.5,0.4,0.4,0.25,0.2,0.1,0.35,0.25
870,,0.45,0.35,0.35,0.2,0.15,0.05,0.3,0.2
871,,0.4,0.3,0.3,0.15,0.1,0.0,0.25,0.15
872,,0.35,0.25,0.25,0.1,0.05,-0.05,0.2,0.1
873,6,0.6,0.5,0.5,0.35,0.3,0.95,0.45,0.35
874,6,0.85,0.75,0.75,0.6,0.55,1.0,0.7,0.6
875,,0.8,0.7,0.7,0.55,0.5,0.95,0.65,0.55
876,,0.75,0.65,0.65,0.5,0.45,0.9,0.6,0.5
877,,0.7,0.6,0.6,0.45,0.4,0.85,0.55,0.45
878,,0.65,0.55,0.55,0.4,0.35,0.8,0.5,0.4
879,,0.6,0.5,0.5,0.35,0.3,0.75,0.45,0.35
880,,0.55,0.45,0.45,0.3,0.25,0.7,0.4,0.3
881,,0.5,0.4,0.4,0.25,0.2,0.65,0.35,0.25
882,,0.45,0.35,0.35,0.2,0.15,0.6,0.3,0.2
883,,0.4,0.3,0.3,0.15,0.1,0.55,0.25,0.15
884,,0.35,0.25,0.25,0.1,0.05,0.5,0.2,0.1
885,,0.3,0.2,0.2,0.05,0.0,0.45,0.15,0.05
886,,0.25,0.15,0.15,0.0,-0.05,0.4,0.1,0.0
887,5,0.5,0.4,0.4,0.25,0.95,0.65,0.35,0.25
888,5,0.75,0.65,0.65,0.5,1.0,0.9,0.6,0.5
889,,0.7,0.6,0.6,0.45,0.95,0.85,0.55,0.45
890,,0.65,0.55,0.55,0.4,0.9,0.8,0.5,0.4
891,,0.6,0.5,0.5,0.35,0.85,0.75,0.45,0.35
892,,0.55,0.45,0.45,0.3,0.8,0.7,0.4,0.3
893,,0.5,0.4,0.4,0.25,0.75,0.65,0.35,0.25
894,,0.45,0.35,0.35,0.2,0.7,0.6,0.3,0.2
895,,0.4,0.3,0.3,0.15,0.65,0.55,0.25,0.15
896,,0.35,0.25,0.25,0.1,0.6,0.5,0.2,0.1
897,,0.3,0.2,0.2,0.05,0.55,0.45,0.15,0.05
898,,0.25,0.15,0.15,0.0,0.5,0.4,0.1,0.0
899,,0.2,0.1,0.1,-0.05,0.45,0.35,0.05,-0.05
900,8,0.45,0.35,0.35,0.2,0.7,0.6,0.3,0.95
901,8,0.7,0.6,0.6,0.45,0.95,0.85,0.55,1.0
902,,0.65,0.55,0.55,0.4,0.9,0.8,0.5,0.95
903,,0.6,0.5,0.5,0.35,0.85,0.75,0.45,0.9
904,,0.55,0.45,0.45,0.3,0.8,0.7,0.4,0.85
905,,0.5,0.4,0.4,0.25,0.75,0.65,0.35,0.8
906,,0.45,0.35,0.35,0.2,0.7,0.6,0.3,0.75
907,,0.4,0.3,0.3,0.15,0.65,0.55,0.25,0.7
908,,0.35,0.25,0.25,0.1,0.6,0.5,0.2,0.65
909,,0.3,0.2,0.2,0.05,0.55,0.45,0.15,0.6
910,,0.25,0.15,0.15,0.0,0.5,0.4,0.1,0.55
911,,0.2,0.1,0.1,-0.05,0.45,0.35,0.05,0.5
912,4,0.45,0.35,0.35,0.95,0.7,0.6,0.3,0.75
913,4,0.7,0.6,0.6,1.0,0.95,0.85,0.55,1.0
914,,0.65,0.55,0.55,0.95,0.9,0.8,0.5,0.95
915,,0.6,0.5,0.5,0.9,0.85,0.75,0.45,0.9
916,,0.55,0.45,0.45,0.85,0.8,0.7,0.4,0.85
917,,0.5,0.4,0.4,0.8,0.75,0.65,0.35,0.8
918,,0.45,0.35,0.35,0.75,0.7,0.6,0.3,0.75
919,,0.4,0.3,0.3,0.7,0.65,0.55,0.25,0.7
920,,0.35,0.25,0.25,0.65,0.6,0.5,0.2,0.65
921,,0.3,0.2,0.2,0.6,0.55,0.45,0.15,0.6
922,,0.25,0.15,0.15,0.55,0.5,0.4,0.1,0.55
923,,0.2,0.1,0.1,0.5,0.45,0.35,0.05,0.5
924,,0.15,0.05,0.05,0.45,0.4,0.3,0.0,0.45
925,,0.1,0.0,0.0,0.4,0.35,0.25,-0.05,0.4
926,7,0.35,0.25,0.25,0.65,0.6,0.5,0.95,0.65
927,7,0.6,0.5,0.5,0.9,0.85,0.75,1.0,0.9
928,,0.55,0.45,0.45,0.85,0.8,0.7,0.95,0.85
929,,0.5,0.4,0.4,0.8,0.75,0.65,0.9,0.8
930,,0.45,0.35,0.35,0.75,0.7,0.6,0.85,0.75
931,,0.4,0.3,0.3,0.7,0.65,0.55,0.8,0.7
932,,0.35,0.25,0.25,0.65,0.6,0.5,0.75,0.65
933,,0.3,0.2,0.2,0.6,0.55,0.45,0.7,0.6
934,,0.25,0.15,0.15,0.55,0.5,0.4,0.65,0.55
935,,0.2,0.1,0.1,0.5,0.45,0.35,0.6,0.5
936,,0.15,0.05,0.05,0.45,0.4,0.3,0.55,0.45
937,,0.1,0.0,0.0,0.4,0.35,0.25,0.5,0.4
938,,0.05,-0.05,-0.05,0.35,0.3,0.2,0.45,0.35
939,3,0.3,0.2,0.95,0.6,0.55,0.45,0.7,0.6
940,3,0.55,0.45,1.0,0.85,0.8,0.7,0.95,0.85
941,,0.5,0.4,0.95,0.8,0.75,0.65,0.9,0.8
942,,0.45,0.35,0.9,0.75,0.7,0.6,0.85,0.75
943,,0.4,0.3,0.85,0.7,0.65,0.55,0.8,0.7
944,,0.35,0.25,0.8,0.65,0.6,0.5,0.75,0.65
945,,0.3,0.2,0.75,0.6,0.55,0.45,0.7,0.6
946,,0.25,0.15,0.7,0.55,0.5,0.4,0.65,0.55
947,,0.2,0.1,0.65,0.5,0.45,0.35,0.6,0.5
948,,0.15,0.05,0.6,0.45,0.4,0.3,0.55,0.45
949,,0.1,0.0,0.55,0.4,0.35,0.25,0.5,0.4
950,,0.05,-0.05,0.5,0.35,0.3,0.2,0.45,0.35
951,2,0.3,0.95,0.75,0.6,0.55,0.45,0.7,0.6
952,2,0.55,1.0,1.0,0.85,0.8,0.7,0.95,0.85
953,,0.5,0.95,0.95,0.8,0.75,0.65,0.9,0.8
954,,0.45,0.9,0.9,0.75,0.7,0.6,0.85,0.75
955,,0.4,0.85,0.85,0.7,0.65,0.55,0.8,0.7
956,,0.35,0.8,0.8,0.65,0.6,0.5,0.75,0.65
957,,0.3,0.75,0.75,0.6,0.55,0.45,0.7,0.6
958,,0.25,0.7,0.7,0.55,0.5,0.4,0.65,0.55
959,,0.2,0.65,0.65,0.5,0.45,0.35,0.6,0.5
960,,0.15,0.6,0.6,0.45,0.4,0.3,0.55,0.45
961,,0.1,0.55,0.55,0.4,0.35,0.25,0.5,0.4
962,,0.05,0.5,0.5,0.35,0.3,0.2,0.45,0.35
963,,0.0,0.45,0.45,0.3,0.25,0.15,0.4,0.3
964,,-0.05,0.4,0.4,0.25,0.2,0.1,0.35,0.25
965,1,0.95,0.65,0.65,0.5,0.45,0.35,0.6,0.5
966,1,1.0,0.9,0.9,0.75,0.7,0.6,0.85,0.75
967,,0.95,0.85,0.85,0.7,0.65,0.55,0.8,0.7
968,,0.9,0.8,0.8,0.65,0.6,0.5,0.75,0.65
969,,0.85,0.75,0.75,0.6,0.55,0.45,0.7,0.6
970,,0.8,0.7,0.7,0.55,0.5,0.4,0.65,0.55
971,,0.75,0.65,0.65,0.5,0.45,0.35,0.6,0.5
972,,0.7,0.6,0.6,0.45,0.4,0.3,0.55,0.45
973,,0.65,0.55,0.55,0.4,0.35,0.25,0.5,0.4
974,,0.6,0.5,0.5,0.35,0.3,0.2,0.45,0.35
975,,0.55,0.45,0.45,0.3,0.25,0.15,0.4,0.3
976,,0.5,0.4,0.4,0.25,0.2,0.1,0.35,0.25
977,,0.45,0.35,0.35,0.2,0.15,0.05,0.3,0.2
978,,0.4,0.3,0.3,0.15,0.1,0.0,0.25,0.15
979,,0.35,0.25,0.25,0.1,0.05,-0.05,0.2,0.1
980,6,0.6,0.5,0.5,0.35,0.3,0.95,0.45,0.35
981,6,0.85,0.75,0.75,0.6,0.55,1.0,0.7,0.6
982,,0.8,0.7,0.7,0.55,0.5,0.95,0.65,0.55
983,,0.75,0.65,0.65,0.5,0.45,0.9,0.6,0.5
984,,0.7,0.6,0.6,0.45,0.4,0.85,0.55,0.45
985,,0.65,0.55,0.55,0.4,0.35,0.8,0.5,0.4
986,,0.6,0.5,0.5,0.35,0.3,0.75,0.45,0.35
987,,0.55,0.45,0.45,0.3,0.25,0.7,0.4,0.3
988,,0.5,0.4,0.4,0.25,0.2,0.65,0.35,0.25
989,,0.45,0.35,0.35,0.2,0.15,0.6,0.3,0.2
990,,0.4,0.3,0.3,0.15,0.1,0.55,0.25,0.15
991,,0.35,0.25,0.25,0.1,0.05,0.5,0.2,0.1
992,,0.3,0.2,0.2,0.05,0.0,0.45,0.15,0.05
993,,0.25,0.15,0.15,0.0,-0.05,0.4,0.1,0.0
994,5,0.5,0.4,0.4,0.25,0.95,0.65,0.35,0.25
995,5,0.75,0.65,0.65,0.5,1.0,0.9,0.6,0.5
996,,0.7,0.6,0.6,0.45,0.95,0.85,0.55,0.45
997,,0.65,0.55,0.55,0.4,0.9,0.8,0.5,0.4
998,,0.6,0.5,0.5,0.35,0.85,0.75,0.45,0.35
999,,0.55,0.45,0.45,0.3,0.8,0.7,0.4,0.3
