step,active_motive,motive_1,motive_2,motive_3,motive_4,motive_5,motive_6,motive_7,motive_8
0,,0.12051,0.34163,0.305,0.4166,0.08668,0.19553,0.09112,0.37768
1,,0.10051,0.32163,0.285,0.3966,0.06668,0.17553,0.07112,0.35768
2,,0.08051,0.30163,0.265,0.3766,0.04668,0.15553,0.05112,0.33768
3,,0.06051,0.28163,0.245,0.3566,0.02668,0.13553,0.03112,0.31768
4,,0.04051,0.26163,0.225,0.3366,0.00668,0.11553,0.01112,0.29768
5,,0.02051,0.24163,0.205,0.3166,-0.01332,0.09553,-0.00888,0.27768
6,5,0.10051,0.38063,0.485,0.7376,0.98668,0.51653,0.27112,0.41668
7,5,0.18051,0.51963,0.765,1.0,1.0,0.93753,0.55112,0.55568
8,,0.16051,0.49963,0.745,0.98,0.98,0.91753,0.53112,0.53568
9,,0.14051,0.47963,0.725,0.96,0.96,0.89753,0.51112,0.51568
10,,0.12051,0.45963,0.705,0.94,0.94,0.87753,0.49112,0.49568
11,,0.10051,0.43963,0.685,0.92,0.92,0.85753,0.47112,0.47568
12,,0.08051,0.41963,0.665,0.9,0.9,0.83753,0.45112,0.45568
13,,0.06051,0.39963,0.645,0.88,0.88,0.81753,0.43112,0.43568
14,,0.04051,0.37963,0.625,0.86,0.86,0.79753,0.41112,0.41568
15,,0.02051,0.35963,0.605,0.84,0.84,0.77753,0.39112,0.39568
16,,0.00051,0.33963,0.585,0.82,0.82,0.75753,0.37112,0.37568
17,,-0.01949,0.31963,0.565,0.8,0.8,0.73753,0.35112,0.35568
18,1,0.98051,0.74063,0.845,0.939,0.88,0.87653,0.63112,0.77668
19,1,1.0,1.0,1.0,1.0,0.96,1.0,0.91112,1.0
20,,0.98,0.98,0.98,0.98,0.94,0.98,0.89112,0.98
21,,0.96,0.96,0.96,0.96,0.92,0.96,0.87112,0.96
22,,0.94,0.94,0.94,0.94,0.9,0.94,0.85112,0.94
23,,0.92,0.92,0.92,0.92,0.88,0.92,0.83112,0.92
24,,0.9,0.9,0.9,0.9,0.86,0.9,0.81112,0.9
25,,0.88,0.88,0.88,0.88,0.84,0.88,0.79112,0.88
26,,0.86,0.86,0.86,0.86,0.82,0.86,0.77112,0.86
27,,0.84,0.84,0.84,0.84,0.8,0.84,0.75112,0.84
28,,0.82,0.82,0.82,0.82,0.78,0.82,0.73112,0.82
29,,0.8,0.8,0.8,0.8,0.76,0.8,0.71112,0.8
30,,0.78,0.78,0.78,0.78,0.74,0.78,0.69112,0.78
31,,0.76,0.76,0.76,0.76,0.72,0.76,0.67112,0.76
32,,0.74,0.74,0.74,0.74,0.7,0.74,0.65112,0.74
33,,0.72,0.72,0.72,0.72,0.68,0.72,0.63112,0.72
34,,0.7,0.7,0.7,0.7,0.66,0.7,0.61112,0.7
35,,0.68,0.68,0.68,0.68,0.64,0.68,0.59112,0.68
36,,0.66,0.66,0.66,0.66,0.62,0.66,0.57112,0.66
37,,0.64,0.64,0.64,0.64,0.6,0.64,0.55112,0.64
38,,0.62,0.62,0.62,0.62,0.58,0.62,0.53112,0.62
39,,0.6,0.6,0.6,0.6,0.56,0.6,0.51112,0.6
40,,0.58,0.58,0.58,0.58,0.54,0.58,0.49112,0.58
41,,0.56,0.56,0.56,0.56,0.52,0.56,0.47112,0.56
42,,0.54,0.54,0.54,0.54,0.5,0.54,0.45112,0.54
43,,0.52,0.52,0.52,0.52,0.48,0.52,0.43112,0.52
44,,0.5,0.5,0.5,0.5,0.46,0.5,0.41112,0.5
45,,0.48,0.48,0.48,0.48,0.44,0.48,0.39112,0.48
46,,0.46,0.46,0.46,0.46,0.42,0.46,0.37112,0.46
47,,0.44,0.44,0.44,0.44,0.4,0.44,0.35112,0.44
48,,0.42,0.42,0.42,0.42,0.38,0.42,0.33112,0.42
49,,0.4,0.4,0.4,0.4,0.36,0.4,0.31112,0.4
50,,0.38,0.38,0.38,0.38,0.34,0.38,0.29112,0.38
51,,0.36,0.36,0.36,0.36,0.32,0.36,0.27112,0.36
52,,0.34,0.34,0.34,0.34,0.3,0.34,0.25112,0.34
53,,0.32,0.32,0.32,0.32,0.28,0.32,0.23112,0.32
54,,0.3,0.3,0.3,0.3,0.26,0.3,0.21112,0.3
55,,0.28,0.28,0.28,0.28,0.24,0.28,0.19112,0.28
56,,0.26,0.26,0.26,0.26,0.22,0.26,0.17112,0.26
57,,0.24,0.24,0.24,0.24,0.2,0.24,0.15112,0.24
58,,0.22,0.22,0.22,0.22,0.18,0.22,0.13112,0.22
59,,0.2,0.2,0.2,0.2,0.16,0.2,0.11112,0.2
60,,0.18,0.18,0.18,0.18,0.14,0.18,0.09112,0.18
61,,0.16,0.16,0.16,0.16,0.12,0.16,0.07112,0.16
62,,0.14,0.14,0.14,0.14,0.1,0.14,0.05112,0.14
63,,0.12,0.12,0.12,0.12,0.08,0.12,0.03112,0.12
64,,0.1,0.1,0.1,0.1,0.06,0.1,0.01112,0.1
65,,0.08,0.08,0.08,0.08,0.04,0.08,-0.00888,0.08
66,7,0.36,0.219,0.16,0.219,0.32,0.501,0.99112,0.501
67,7,0.64,0.358,0.24,0.358,0.6,0.922,1.0,0.922
68,,0.62,0.338,0.22,0.338,0.58,0.902,0.98,0.902
69,,0.6,0.318,0.2,0.318,0.56,0.882,0.96,0.882
70,,0.58,0.298,0.18,0.298,0.54,0.862,0.94,0.862
71,,0.56,0.278,0.16,0.278,0.52,0.842,0.92,0.842
72,,0.54,0.258,0.14,0.258,0.5,0.822,0.9,0.822
73,,0.52,0.238,0.12,0.238,0.48,0.802,0.88,0.802
74,,0.5,0.218,0.1,0.218,0.46,0.782,0.86,0.782
75,,0.48,0.198,0.08,0.198,0.44,0.762,0.84,0.762
76,,0.46,0.178,0.06,0.178,0.42,0.742,0.82,0.742
77,,0.44,0.158,0.04,0.158,0.4,0.722,0.8,0.722
78,,0.42,0.138,0.02,0.138,0.38,0.702,0.78,0.702
79,,0.4,0.118,0.0,0.118,0.36,0.682,0.76,0.682
80,,0.38,0.098,-0.02,0.098,0.34,0.662,0.74,0.662
81,3,0.66,0.519,0.98,0.519,0.62,0.801,0.82,0.801
82,3,0.94,0.94,1.0,0.94,0.9,0.94,0.9,0.94
83,,0.92,0.92,0.98,0.92,0.88,0.92,0.88,0.92
84,,0.9,0.9,0.96,0.9,0.86,0.9,0.86,0.9
85,,0.88,0.88,0.94,0.88,0.84,0.88,0.84,0.88
86,,0.86,0.86,0.92,0.86,0.82,0.86,0.82,0.86
87,,0.84,0.84,0.9,0.84,0.8,0.84,0.8,0.84
88,,0.82,0.82,0.88,0.82,0.78,0.82,0.78,0.82
89,,0.8,0.8,0.86,0.8,0.76,0.8,0.76,0.8
90,,0.78,0.78,0.84,0.78,0.74,0.78,0.74,0.78
91,,0.76,0.76,0.82,0.76,0.72,0.76,0.72,0.76
92,,0.74,0.74,0.8,0.74,0.7,0.74,0.7,0.74
93,,0.72,0.72,0.78,0.72,0.68,0.72,0.68,0.72
94,,0.7,0.7,0.76,0.7,0.66,0.7,0.66,0.7
95,,0.68,0.68,0.74,0.68,0.64,0.68,0.64,0.68
96,,0.66,0.66,0.72,0.66,0.62,0.66,0.62,0.66
97,,0.64,0.64,0.7,0.64,0.6,0.64,0.6,0.64
98,,0.62,0.62,0.68,0.62,0.58,0.62,0.58,0.62
99,,0.6,0.6,0.66,0.6,0.56,0.6,0.56,0.6
100,,0.58,0.58,0.64,0.58,0.54,0.58,0.54,0.58
101,,0.56,0.56,0.62,0.56,0.52,0.56,0.52,0.56
102,,0.54,0.54,0.6,0.54,0.5,0.54,0.5,0.54
103,,0.52,0.52,0.58,0.52,0.48,0.52,0.48,0.52
104,,0.5,0.5,0.56,0.5,0.46,0.5,0.46,0.5
105,,0.48,0.48,0.54,0.48,0.44,0.48,0.44,0.48
106,,0.46,0.46,0.52,0.46,0.42,0.46,0.42,0.46
107,,0.44,0.44,0.5,0.44,0.4,0.44,0.4,0.44
108,,0.42,0.42,0.48,0.42,0.38,0.42,0.38,0.42
109,,0.4,0.4,0.46,0.4,0.36,0.4,0.36,0.4
110,,0.38,0.38,0.44,0.38,0.34,0.38,0.34,0.38
111,,0.36,0.36,0.42,0.36,0.32,0.36,0.32,0.36
112,,0.34,0.34,0.4,0.34,0.3,0.34,0.3,0.34
113,,0.32,0.32,0.38,0.32,0.28,0.32,0.28,0.32
114,,0.3,0.3,0.36,0.3,0.26,0.3,0.26,0.3
115,,0.28,0.28,0.34,0.28,0.24,0.28,0.24,0.28
116,,0.26,0.26,0.32,0.26,0.22,0.26,0.22,0.26
117,,0.24,0.24,0.3,0.24,0.2,0.24,0.2,0.24
118,,0.22,0.22,0.28,0.22,0.18,0.22,0.18,0.22
119,,0.2,0.2,0.26,0.2,0.16,0.2,0.16,0.2
120,,0.18,0.18,0.24,0.18,0.14,0.18,0.14,0.18
121,,0.16,0.16,0.22,0.16,0.12,0.16,0.12,0.16
122,,0.14,0.14,0.2,0.14,0.1,0.14,0.1,0.14
123,,0.12,0.12,0.18,0.12,0.08,0.12,0.08,0.12
124,,0.1,0.1,0.16,0.1,0.06,0.1,0.06,0.1
125,,0.08,0.08,0.14,0.08,0.04,0.08,0.04,0.08
126,,0.06,0.06,0.12,0.06,0.02,0.06,0.02,0.06
127,,0.04,0.04,0.1,0.04,0.0,0.04,0.0,0.04
128,,0.02,0.02,0.08,0.02,-0.02,0.02,-0.02,0.02
129,7,0.3,0.159,0.16,0.159,0.26,0.441,0.98,0.441
130,7,0.58,0.298,0.24,0.298,0.54,0.862,1.0,0.862
131,,0.56,0.278,0.22,0.278,0.52,0.842,0.98,0.842
132,,0.54,0.258,0.2,0.258,0.5,0.822,0.96,0.822
133,,0.52,0.238,0.18,0.238,0.48,0.802,0.94,0.802
134,,0.5,0.218,0.16,0.218,0.46,0.782,0.92,0.782
135,,0.48,0.198,0.14,0.198,0.44,0.762,0.9,0.762
136,,0.46,0.178,0.12,0.178,0.42,0.742,0.88,0.742
137,,0.44,0.158,0.1,0.158,0.4,0.722,0.86,0.722
138,,0.42,0.138,0.08,0.138,0.38,0.702,0.84,0.702
139,,0.4,0.118,0.06,0.118,0.36,0.682,0.82,0.682
140,,0.38,0.098,0.04,0.098,0.34,0.662,0.8,0.662
141,,0.36,0.078,0.02,0.078,0.32,0.642,0.78,0.642
142,,0.34,0.058,0.0,0.058,0.3,0.622,0.76,0.622
143,,0.32,0.038,-0.02,0.038,0.28,0.602,0.74,0.602
144,3,0.6,0.459,0.98,0.459,0.56,0.741,0.82,0.741
145,3,0.88,0.88,1.0,0.88,0.84,0.88,0.9,0.88
146,,0.86,0.86,0.98,0.86,0.82,0.86,0.88,0.86
147,,0.84,0.84,0.96,0.84,0.8,0.84,0.86,0.84
148,,0.82,0.82,0.94,0.82,0.78,0.82,0.84,0.82
149,,0.8,0.8,0.92,0.8,0.76,0.8,0.82,0.8
150,,0.78,0.78,0.9,0.78,0.74,0.78,0.8,0.78
151,,0.76,0.76,0.88,0.76,0.72,0.76,0.78,0.76
152,,0.74,0.74,0.86,0.74,0.7,0.74,0.76,0.74
153,,0.72,0.72,0.84,0.72,0.68,0.72,0.74,0.72
154,,0.7,0.7,0.82,0.7,0.66,0.7,0.72,0.7
155,,0.68,0.68,0.8,0.68,0.64,0.68,0.7,0.68
156,,0.66,0.66,0.78,0.66,0.62,0.66,0.68,0.66
157,,0.64,0.64,0.76,0.64,0.6,0.64,0.66,0.64
158,,0.62,0.62,0.74,0.62,0.58,0.62,0.64,0.62
159,,0.6,0.6,0.72,0.6,0.56,0.6,0.62,0.6
160,,0.58,0.58,0.7,0.58,0.54,0.58,0.6,0.58
161,,0.56,0.56,0.68,0.56,0.52,0.56,0.58,0.56
162,,0.54,0.54,0.66,0.54,0.5,0.54,0.56,0.54
163,,0.52,0.52,0.64,0.52,0.48,0.52,0.54,0.52
164,,0.5,0.5,0.62,0.5,0.46,0.5,0.52,0.5
165,,0.48,0.48,0.6,0.48,0.44,0.48,0.5,0.48
166,,0.46,0.46,0.58,0.46,0.42,0.46,0.48,0.46
167,,0.44,0.44,0.56,0.44,0.4,0.44,0.46,0.44
168,,0.42,0.42,0.54,0.42,0.38,0.42,0.44,0.42
169,,0.4,0.4,0.52,0.4,0.36,0.4,0.42,0.4
170,,0.38,0.38,0.5,0.38,0.34,0.38,0.4,0.38
171,,0.36,0.36,0.48,0.36,0.32,0.36,0.38,0.36
172,,0.34,0.34,0.46,0.34,0.3,0.34,0.36,0.34
173,,0.32,0.32,0.44,0.32,0.28,0.32,0.34,0.32
174,,0.3,0.3,0.42,0.3,0.26,0.3,0.32,0.3
175,,0.28,0.28,0.4,0.28,0.24,0.28,0.3,0.28
176,,0.26,0.26,0.38,0.26,0.22,0.26,0.28,0.26
177,,0.24,0.24,0.36,0.24,0.2,0.24,0.26,0.24
178,,0.22,0.22,0.34,0.22,0.18,0.22,0.24,0.22
179,,0.2,0.2,0.32,0.2,0.16,0.2,0.22,0.2
180,,0.18,0.18,0.3,0.18,0.14,0.18,0.2,0.18
181,,0.16,0.16,0.28,0.16,0.12,0.16,0.18,0.16
182,,0.14,0.14,0.26,0.14,0.1,0.14,0.16,0.14
183,,0.12,0.12,0.24,0.12,0.08,0.12,0.14,0.12
184,,0.1,0.1,0.22,0.1,0.06,0.1,0.12,0.1
185,,0.08,0.08,0.2,0.08,0.04,0.08,0.1,0.08
186,,0.06,0.06,0.18,0.06,0.02,0.06,0.08,0.06
187,,0.04,0.04,0.16,0.04,0.0,0.04,0.06,0.04
188,,0.02,0.02,0.14,0.02,-0.02,0.02,0.04,0.02
189,5,0.1,0.159,0.42,0.441,0.98,0.441,0.32,0.159
190,5,0.18,0.298,0.7,0.862,1.0,0.862,0.6,0.298
191,,0.16,0.278,0.68,0.842,0.98,0.842,0.58,0.278
192,,0.14,0.258,0.66,0.822,0.96,0.822,0.56,0.258
193,,0.12,0.238,0.64,0.802,0.94,0.802,0.54,0.238
194,,0.1,0.218,0.62,0.782,0.92,0.782,0.52,0.218
195,,0.08,0.198,0.6,0.762,0.9,0.762,0.5,0.198
196,,0.06,0.178,0.58,0.742,0.88,0.742,0.48,0.178
197,,0.04,0.158,0.56,0.722,0.86,0.722,0.46,0.158
198,,0.02,0.138,0.54,0.702,0.84,0.702,0.44,0.138
199,,0.0,0.118,0.52,0.682,0.82,0.682,0.42,0.118
200,,-0.02,0.098,0.5,0.662,0.8,0.662,0.4,0.098
201,1,0.98,0.519,0.78,0.801,0.88,0.801,0.68,0.519
202,1,1.0,0.94,1.0,0.94,0.96,0.94,0.96,0.94
203,,0.98,0.92,0.98,0.92,0.94,0.92,0.94,0.92
204,,0.96,0.9,0.96,0.9,0.92,0.9,0.92,0.9
205,,0.94,0.88,0.94,0.88,0.9,0.88,0.9,0.88
206,,0.92,0.86,0.92,0.86,0.88,0.86,0.88,0.86
207,,0.9,0.84,0.9,0.84,0.86,0.84,0.86,0.84
208,,0.88,0.82,0.88,0.82,0.84,0.82,0.84,0.82
209,,0.86,0.8,0.86,0.8,0.82,0.8,0.82,0.8
210,,0.84,0.78,0.84,0.78,0.8,0.78,0.8,0.78
211,,0.82,0.76,0.82,0.76,0.78,0.76,0.78,0.76
212,,0.8,0.74,0.8,0.74,0.76,0.74,0.76,0.74
213,,0.78,0.72,0.78,0.72,0.74,0.72,0.74,0.72
214,,0.76,0.7,0.76,0.7,0.72,0.7,0.72,0.7
215,,0.74,0.68,0.74,0.68,0.7,0.68,0.7,0.68
216,,0.72,0.66,0.72,0.66,0.68,0.66,0.68,0.66
217,,0.7,0.64,0.7,0.64,0.66,0.64,0.66,0.64
218,,0.68,0.62,0.68,0.62,0.64,0.62,0.64,0.62
219,,0.66,0.6,0.66,0.6,0.62,0.6,0.62,0.6
220,,0.64,0.58,0.64,0.58,0.6,0.58,0.6,0.58
221,,0.62,0.56,0.62,0.56,0.58,0.56,0.58,0.56
222,,0.6,0.54,0.6,0.54,0.56,0.54,0.56,0.54
223,,0.58,0.52,0.58,0.52,0.54,0.52,0.54,0.52
224,,0.56,0.5,0.56,0.5,0.52,0.5,0.52,0.5
225,,0.54,0.48,0.54,0.48,0.5,0.48,0.5,0.48
226,,0.52,0.46,0.52,0.46,0.48,0.46,0.48,0.46
227,,0.5,0.44,0.5,0.44,0.46,0.44,0.46,0.44
228,,0.48,0.42,0.48,0.42,0.44,0.42,0.44,0.42
229,,0.46,0.4,0.46,0.4,0.42,0.4,0.42,0.4
230,,0.44,0.38,0.44,0.38,0.4,0.38,0.4,0.38
231,,0.42,0.36,0.42,0.36,0.38,0.36,0.38,0.36
232,,0.4,0.34,0.4,0.34,0.36,0.34,0.36,0.34
233,,0.38,0.32,0.38,0.32,0.34,0.32,0.34,0.32
234,,0.36,0.3,0.36,0.3,0.32,0.3,0.32,0.3
235,,0.34,0.28,0.34,0.28,0.3,0.28,0.3,0.28
236,,0.32,0.26,0.32,0.26,0.28,0.26,0.28,0.26
237,,0.3,0.24,0.3,0.24,0.26,0.24,0.26,0.24
238,,0.28,0.22,0.28,0.22,0.24,0.22,0.24,0.22
239,,0.26,0.2,0.26,0.2,0.22,0.2,0.22,0.2
240,,0.24,0.18,0.24,0.18,0.2,0.18,0.2,0.18
241,,0.22,0.16,0.22,0.16,0.18,0.16,0.18,0.16
242,,0.2,0.14,0.2,0.14,0.16,0.14,0.16,0.14
243,,0.18,0.12,0.18,0.12,0.14,0.12,0.14,0.12
244,,0.16,0.1,0.16,0.1,0.12,0.1,0.12,0.1
245,,0.14,0.08,0.14,0.08,0.1,0.08,0.1,0.08
246,,0.12,0.06,0.12,0.06,0.08,0.06,0.08,0.06
247,,0.1,0.04,0.1,0.04,0.06,0.04,0.06,0.04
248,,0.08,0.02,0.08,0.02,0.04,0.02,0.04,0.02
249,,0.06,0.0,0.06,0.0,0.02,0.0,0.02,0.0
250,,0.04,-0.02,0.04,-0.02,0.0,-0.02,0.0,-0.02
251,4,0.179,0.26,0.461,0.98,0.421,0.26,0.139,0.06
252,4,0.318,0.54,0.882,1.0,0.842,0.54,0.278,0.14
253,,0.298,0.52,0.862,0.98,0.822,0.52,0.258,0.12
254,,0.278,0.5,0.842,0.96,0.802,0.5,0.238,0.1
255,,0.258,0.48,0.822,0.94,0.782,0.48,0.218,0.08
256,,0.238,0.46,0.802,0.92,0.762,0.46,0.198,0.06
257,,0.218,0.44,0.782,0.9,0.742,0.44,0.178,0.04
258,,0.198,0.42,0.762,0.88,0.722,0.42,0.158,0.02
259,,0.178,0.4,0.742,0.86,0.702,0.4,0.138,0.0
260,,0.158,0.38,0.722,0.84,0.682,0.38,0.118,-0.02
261,8,0.579,0.66,0.861,0.92,0.821,0.66,0.539,0.98
262,8,1.0,0.94,1.0,1.0,0.96,0.94,0.96,1.0
263,,0.98,0.92,0.98,0.98,0.94,0.92,0.94,0.98
264,,0.96,0.9,0.96,0.96,0.92,0.9,0.92,0.96
265,,0.94,0.88,0.94,0.94,0.9,0.88,0.9,0.94
266,,0.92,0.86,0.92,0.92,0.88,0.86,0.88,0.92
267,,0.9,0.84,0.9,0.9,0.86,0.84,0.86,0.9
268,,0.88,0.82,0.88,0.88,0.84,0.82,0.84,0.88
269,,0.86,0.8,0.86,0.86,0.82,0.8,0.82,0.86
270,,0.84,0.78,0.84,0.84,0.8,0.78,0.8,0.84
271,,0.82,0.76,0.82,0.82,0.78,0.76,0.78,0.82
272,,0.8,0.74,0.8,0.8,0.76,0.74,0.76,0.8
273,,0.78,0.72,0.78,0.78,0.74,0.72,0.74,0.78
274,,0.76,0.7,0.76,0.76,0.72,0.7,0.72,0.76
275,,0.74,0.68,0.74,0.74,0.7,0.68,0.7,0.74
276,,0.72,0.66,0.72,0.72,0.68,0.66,0.68,0.72
277,,0.7,0.64,0.7,0.7,0.66,0.64,0.66,0.7
278,,0.68,0.62,0.68,0.68,0.64,0.62,0.64,0.68
279,,0.66,0.6,0.66,0.66,0.62,0.6,0.62,0.66
280,,0.64,0.58,0.64,0.64,0.6,0.58,0.6,0.64
281,,0.62,0.56,0.62,0.62,0.58,0.56,0.58,0.62
282,,0.6,0.54,0.6,0.6,0.56,0.54,0.56,0.6
283,,0.58,0.52,0.58,0.58,0.54,0.52,0.54,0.58
284,,0.56,0.5,0.56,0.56,0.52,0.5,0.52,0.56
285,,0.54,0.48,0.54,0.54,0.5,0.48,0.5,0.54
286,,0.52,0.46,0.52,0.52,0.48,0.46,0.48,0.52
287,,0.5,0.44,0.5,0.5,0.46,0.44,0.46,0.5
288,,0.48,0.42,0.48,0.48,0.44,0.42,0.44,0.48
289,,0.46,0.4,0.46,0.46,0.42,0.4,0.42,0.46
290,,0.44,0.38,0.44,0.44,0.4,0.38,0.4,0.44
291,,0.42,0.36,0.42,0.42,0.38,0.36,0.38,0.42
292,,0.4,0.34,0.4,0.4,0.36,0.34,0.36,0.4
293,,0.38,0.32,0.38,0.38,0.34,0.32,0.34,0.38
294,,0.36,0.3,0.36,0.36,0.32,0.3,0.32,0.36
295,,0.34,0.28,0.34,0.34,0.3,0.28,0.3,0.34
296,,0.32,0.26,0.32,0.32,0.28,0.26,0.28,0.32
297,,0.3,0.24,0.3,0.3,0.26,0.24,0.26,0.3
298,,0.28,0.22,0.28,0.28,0.24,0.22,0.24,0.28
299,,0.26,0.2,0.26,0.26,0.22,0.2,0.22,0.26
300,,0.24,0.18,0.24,0.24,0.2,0.18,0.2,0.24
301,,0.22,0.16,0.22,0.22,0.18,0.16,0.18,0.22
302,,0.2,0.14,0.2,0.2,0.16,0.14,0.16,0.2
303,,0.18,0.12,0.18,0.18,0.14,0.12,0.14,0.18
304,,0.16,0.1,0.16,0.16,0.12,0.1,0.12,0.16
305,,0.14,0.08,0.14,0.14,0.1,0.08,0.1,0.14
306,,0.12,0.06,0.12,0.12,0.08,0.06,0.08,0.12
307,,0.1,0.04,0.1,0.1,0.06,0.04,0.06,0.1
308,,0.08,0.02,0.08,0.08,0.04,0.02,0.04,0.08
309,,0.06,0.0,0.06,0.06,0.02,0.0,0.02,0.06
310,,0.04,-0.02,0.04,0.04,0.0,-0.02,0.0,0.04
311,6,0.179,0.06,0.179,0.32,0.421,0.98,0.421,0.32
312,6,0.318,0.14,0.318,0.6,0.842,1.0,0.842,0.6
313,,0.298,0.12,0.298,0.58,0.822,0.98,0.822,0.58
314,,0.278,0.1,0.278,0.56,0.802,0.96,0.802,0.56
315,,0.258,0.08,0.258,0.54,0.782,0.94,0.782,0.54
316,,0.238,0.06,0.238,0.52,0.762,0.92,0.762,0.52
317,,0.218,0.04,0.218,0.5,0.742,0.9,0.742,0.5
318,,0.198,0.02,0.198,0.48,0.722,0.88,0.722,0.48
319,,0.178,0.0,0.178,0.46,0.702,0.86,0.702,0.46
320,,0.158,-0.02,0.158,0.44,0.682,0.84,0.682,0.44
321,2,0.579,0.98,0.579,0.72,0.821,0.92,0.821,0.72
322,2,1.0,1.0,1.0,1.0,0.96,1.0,0.96,1.0
323,,0.98,0.98,0.98,0.98,0.94,0.98,0.94,0.98
324,,0.96,0.96,0.96,0.96,0.92,0.96,0.92,0.96
325,,0.94,0.94,0.94,0.94,0.9,0.94,0.9,0.94
326,,0.92,0.92,0.92,0.92,0.88,0.92,0.88,0.92
327,,0.9,0.9,0.9,0.9,0.86,0.9,0.86,0.9
328,,0.88,0.88,0.88,0.88,0.84,0.88,0.84,0.88
329,,0.86,0.86,0.86,0.86,0.82,0.86,0.82,0.86
330,,0.84,0.84,0.84,0.84,0.8,0.84,0.8,0.84
331,,0.82,0.82,0.82,0.82,0.78,0.82,0.78,0.82
332,,0.8,0.8,0.8,0.8,0.76,0.8,0.76,0.8
333,,0.78,0.78,0.78,0.78,0.74,0.78,0.74,0.78
334,,0.76,0.76,0.76,0.76,0.72,0.76,0.72,0.76
335,,0.74,0.74,0.74,0.74,0.7,0.74,0.7,0.74
336,,0.72,0.72,0.72,0.72,0.68,0.72,0.68,0.72
337,,0.7,0.7,0.7,0.7,0.66,0.7,0.66,0.7
338,,0.68,0.68,0.68,0.68,0.64,0.68,0.64,0.68
339,,0.66,0.66,0.66,0.66,0.62,0.66,0.62,0.66
340,,0.64,0.64,0.64,0.64,0.6,0.64,0.6,0.64
341,,0.62,0.62,0.62,0.62,0.58,0.62,0.58,0.62
342,,0.6,0.6,0.6,0.6,0.56,0.6,0.56,0.6
343,,0.58,0.58,0.58,0.58,0.54,0.58,0.54,0.58
344,,0.56,0.56,0.56,0.56,0.52,0.56,0.52,0.56
345,,0.54,0.54,0.54,0.54,0.5,0.54,0.5,0.54
346,,0.52,0.52,0.52,0.52,0.48,0.52,0.48,0.52
347,,0.5,0.5,0.5,0.5,0.46,0.5,0.46,0.5
348,,0.48,0.48,0.48,0.48,0.44,0.48,0.44,0.48
349,,0.46,0.46,0.46,0.46,0.42,0.46,0.42,0.46
350,,0.44,0.44,0.44,0.44,0.4,0.44,0.4,0.44
351,,0.42,0.42,0.42,0.42,0.38,0.42,0.38,0.42
352,,0.4,0.4,0.4,0.4,0.36,0.4,0.36,0.4
353,,0.38,0.38,0.38,0.38,0.34,0.38,0.34,0.38
354,,0.36,0.36,0.36,0.36,0.32,0.36,0.32,0.36
355,,0.34,0.34,0.34,0.34,0.3,0.34,0.3,0.34
356,,0.32,0.32,0.32,0.32,0.28,0.32,0.28,0.32
357,,0.3,0.3,0.3,0.3,0.26,0.3,0.26,0.3
358,,0.28,0.28,0.28,0.28,0.24,0.28,0.24,0.28
359,,0.26,0.26,0.26,0.26,0.22,0.26,0.22,0.26
360,,0.24,0.24,0.24,0.24,0.2,0.24,0.2,0.24
361,,0.22,0.22,0.22,0.22,0.18,0.22,0.18,0.22
362,,0.2,0.2,0.2,0.2,0.16,0.2,0.16,0.2
363,,0.18,0.18,0.18,0.18,0.14,0.18,0.14,0.18
364,,0.16,0.16,0.16,0.16,0.12,0.16,0.12,0.16
365,,0.14,0.14,0.14,0.14,0.1,0.14,0.1,0.14
366,,0.12,0.12,0.12,0.12,0.08,0.12,0.08,0.12
367,,0.1,0.1,0.1,0.1,0.06,0.1,0.06,0.1
368,,0.08,0.08,0.08,0.08,0.04,0.08,0.04,0.08
369,,0.06,0.06,0.06,0.06,0.02,0.06,0.02,0.06
370,,0.04,0.04,0.04,0.04,0.0,0.04,0.0,0.04
371,,0.02,0.02,0.02,0.02,-0.02,0.02,-0.02,0.02
372,7,0.3,0.159,0.1,0.159,0.26,0.441,0.98,0.441
373,7,0.58,0.298,0.18,0.298,0.54,0.862,1.0,0.862
374,,0.56,0.278,0.16,0.278,0.52,0.842,0.98,0.842
375,,0.54,0.258,0.14,0.258,0.5,0.822,0.96,0.822
376,,0.52,0.238,0.12,0.238,0.48,0.802,0.94,0.802
377,,0.5,0.218,0.1,0.218,0.46,0.782,0.92,0.782
378,,0.48,0.198,0.08,0.198,0.44,0.762,0.9,0.762
379,,0.46,0.178,0.06,0.178,0.42,0.742,0.88,0.742
380,,0.44,0.158,0.04,0.158,0.4,0.722,0.86,0.722
381,,0.42,0.138,0.02,0.138,0.38,0.702,0.84,0.702
382,,0.4,0.118,0.0,0.118,0.36,0.682,0.82,0.682
383,,0.38,0.098,-0.02,0.098,0.34,0.662,0.8,0.662
384,3,0.66,0.519,0.98,0.519,0.62,0.801,0.88,0.801
385,3,0.94,0.94,1.0,0.94,0.9,0.94,0.96,0.94
386,,0.92,0.92,0.98,0.92,0.88,0.92,0.94,0.92
387,,0.9,0.9,0.96,0.9,0.86,0.9,0.92,0.9
388,,0.88,0.88,0.94,0.88,0.84,0.88,0.9,0.88
389,,0.86,0.86,0.92,0.86,0.82,0.86,0.88,0.86
390,,0.84,0.84,0.9,0.84,0.8,0.84,0.86,0.84
391,,0.82,0.82,0.88,0.82,0.78,0.82,0.84,0.82
392,,0.8,0.8,0.86,0.8,0.76,0.8,0.82,0.8
393,,0.78,0.78,0.84,0.78,0.74,0.78,0.8,0.78
394,,0.76,0.76,0.82,0.76,0.72,0.76,0.78,0.76
395,,0.74,0.74,0.8,0.74,0.7,0.74,0.76,0.74
396,,0.72,0.72,0.78,0.72,0.68,0.72,0.74,0.72
397,,0.7,0.7,0.76,0.7,0.66,0.7,0.72,0.7
398,,0.68,0.68,0.74,0.68,0.64,0.68,0.7,0.68
399,,0.66,0.66,0.72,0.66,0.62,0.66,0.68,0.66
400,,0.64,0.64,0.7,0.64,0.6,0.64,0.66,0.64
401,,0.62,0.62,0.68,0.62,0.58,0.62,0.64,0.62
402,,0.6,0.6,0.66,0.6,0.56,0.6,0.62,0.6
403,,0.58,0.58,0.64,0.58,0.54,0.58,0.6,0.58
404,,0.56,0.56,0.62,0.56,0.52,0.56,0.58,0.56
405,,0.54,0.54,0.6,0.54,0.5,0.54,0.56,0.54
406,,0.52,0.52,0.58,0.52,0.48,0.52,0.54,0.52
407,,0.5,0.5,0.56,0.5,0.46,0.5,0.52,0.5
408,,0.48,0.48,0.54,0.48,0.44,0.48,0.5,0.48
409,,0.46,0.46,0.52,0.46,0.42,0.46,0.48,0.46
410,,0.44,0.44,0.5,0.44,0.4,0.44,0.46,0.44
411,,0.42,0.42,0.48,0.42,0.38,0.42,0.44,0.42
412,,0.4,0.4,0.46,0.4,0.36,0.4,0.42,0.4
413,,0.38,0.38,0.44,0.38,0.34,0.38,0.4,0.38
414,,0.36,0.36,0.42,0.36,0.32,0.36,0.38,0.36
415,,0.34,0.34,0.4,0.34,0.3,0.34,0.36,0.34
416,,0.32,0.32,0.38,0.32,0.28,0.32,0.34,0.32
417,,0.3,0.3,0.36,0.3,0.26,0.3,0.32,0.3
418,,0.28,0.28,0.34,0.28,0.24,0.28,0.3,0.28
419,,0.26,0.26,0.32,0.26,0.22,0.26,0.28,0.26
420,,0.24,0.24,0.3,0.24,0.2,0.24,0.26,0.24
421,,0.22,0.22,0.28,0.22,0.18,0.22,0.24,0.22
422,,0.2,0.2,0.26,0.2,0.16,0.2,0.22,0.2
423,,0.18,0.18,0.24,0.18,0.14,0.18,0.2,0.18
424,,0.16,0.16,0.22,0.16,0.12,0.16,0.18,0.16
425,,0.14,0.14,0.2,0.14,0.1,0.14,0.16,0.14
426,,0.12,0.12,0.18,0.12,0.08,0.12,0.14,0.12
427,,0.1,0.1,0.16,0.1,0.06,0.1,0.12,0.1
428,,0.08,0.08,0.14,0.08,0.04,0.08,0.1,0.08
429,,0.06,0.06,0.12,0.06,0.02,0.06,0.08,0.06
430,,0.04,0.04,0.1,0.04,0.0,0.04,0.06,0.04
431,,0.02,0.02,0.08,0.02,-0.02,0.02,0.04,0.02
432,5,0.1,0.159,0.36,0.441,0.98,0.441,0.32,0.159
433,5,0.18,0.298,0.64,0.862,1.0,0.862,0.6,0.298
434,,0.16,0.278,0.62,0.842,0.98,0.842,0.58,0.278
435,,0.14,0.258,0.6,0.822,0.96,0.822,0.56,0.258
436,,0.12,0.238,0.58,0.802,0.94,0.802,0.54,0.238
437,,0.1,0.218,0.56,0.782,0.92,0.782,0.52,0.218
438,,0.08,0.198,0.54,0.762,0.9,0.762,0.5,0.198
439,,0.06,0.178,0.52,0.742,0.88,0.742,0.48,0.178
440,,0.04,0.158,0.5,0.722,0.86,0.722,0.46,0.158
441,,0.02,0.138,0.48,0.702,0.84,0.702,0.44,0.138
442,,0.0,0.118,0.46,0.682,0.82,0.682,0.42,0.118
443,,-0.02,0.098,0.44,0.662,0.8,0.662,0.4,0.098
444,1,0.98,0.519,0.72,0.801,0.88,0.801,0.68,0.519
445,1,1.0,0.94,1.0,0.94,0.96,0.94,0.96,0.94
446,,0.98,0.92,0.98,0.92,0.94,0.92,0.94,0.92
447,,0.96,0.9,0.96,0.9,0.92,0.9,0.92,0.9
448,,0.94,0.88,0.94,0.88,0.9,0.88,0.9,0.88
449,,0.92,0.86,0.92,0.86,0.88,0.86,0.88,0.86
450,,0.9,0.84,0.9,0.84,0.86,0.84,0.86,0.84
451,,0.88,0.82,0.88,0.82,0.84,0.82,0.84,0.82
452,,0.86,0.8,0.86,0.8,0.82,0.8,0.82,0.8
453,,0.84,0.78,0.84,0.78,0.8,0.78,0.8,0.78
454,,0.82,0.76,0.82,0.76,0.78,0.76,0.78,0.76
455,,0.8,0.74,0.8,0.74,0.76,0.74,0.76,0.74
456,,0.78,0.72,0.78,0.72,0.74,0.72,0.74,0.72
457,,0.76,0.7,0.76,0.7,0.72,0.7,0.72,0.7
458,,0.74,0.68,0.74,0.68,0.7,0.68,0.7,0.68
459,,0.72,0.66,0.72,0.66,0.68,0.66,0.68,0.66
460,,0.7,0.64,0.7,0.64,0.66,0.64,0.66,0.64
461,,0.68,0.62,0.68,0.62,0.64,0.62,0.64,0.62
462,,0.66,0.6,0.66,0.6,0.62,0.6,0.62,0.6
463,,0.64,0.58,0.64,0.58,0.6,0.58,0.6,0.58
464,,0.62,0.56,0.62,0.56,0.58,0.56,0.58,0.56
465,,0.6,0.54,0.6,0.54,0.56,0.54,0.56,0.54
466,,0.58,0.52,0.58,0.52,0.54,0.52,0.54,0.52
467,,0.56,0.5,0.56,0.5,0.52,0.5,0.52,0.5
468,,0.54,0.48,0.54,0.48,0.5,0.48,0.5,0.48
469,,0.52,0.46,0.52,0.46,0.48,0.46,0.48,0.46
470,,0.5,0.44,0.5,0.44,0.46,0.44,0.46,0.44
471,,0.48,0.42,0.48,0.42,0.44,0.42,0.44,0.42
472,,0.46,0.4,0.46,0.4,0.42,0.4,0.42,0.4
473,,0.44,0.38,0.44,0.38,0.4,0.38,0.4,0.38
474,,0.42,0.36,0.42,0.36,0.38,0.36,0.38,0.36
475,,0.4,0.34,0.4,0.34,0.36,0.34,0.36,0.34
476,,0.38,0.32,0.38,0.32,0.34,0.32,0.34,0.32
477,,0.36,0.3,0.36,0.3,0.32,0.3,0.32,0.3
478,,0.34,0.28,0.34,0.28,0.3,0.28,0.3,0.28
479,,0.32,0.26,0.32,0.26,0.28,0.26,0.28,0.26
480,,0.3,0.24,0.3,0.24,0.26,0.24,0.26,0.24
481,,0.28,0.22,0.28,0.22,0.24,0.22,0.24,0.22
482,,0.26,0.2,0.26,0.2,0.22,0.2,0.22,0.2
483,,0.24,0.18,0.24,0.18,0.2,0.18,0.2,0.18
484,,0.22,0.16,0.22,0.16,0.18,0.16,0.18,0.16
485,,0.2,0.14,0.2,0.14,0.16,0.14,0.16,0.14
486,,0.18,0.12,0.18,0.12,0.14,0.12,0.14,0.12
487,,0.16,0.1,0.16,0.1,0.12,0.1,0.12,0.1
488,,0.14,0.08,0.14,0.08,0.1,0.08,0.1,0.08
489,,0.12,0.06,0.12,0.06,0.08,0.06,0.08,0.06
490,,0.1,0.04,0.1,0.04,0.06,0.04,0.06,0.04
491,,0.08,0.02,0.08,0.02,0.04,0.02,0.04,0.02
492,,0.06,0.0,0.06,0.0,0.02,0.0,0.02,0.0
493,,0.04,-0.02,0.04,-0.02,0.0,-0.02,0.0,-0.02
494,8,0.461,0.26,0.179,0.06,0.139,0.26,0.421,0.98
495,8,0.882,0.54,0.318,0.14,0.278,0.54,0.842,1.0
496,,0.862,0.52,0.298,0.12,0.258,0.52,0.822,0.98
497,,0.842,0.5,0.278,0.1,0.238,0.5,0.802,0.96
498,,0.822,0.48,0.258,0.08,0.218,0.48,0.782,0.94
499,,0.802,0.46,0.238,0.06,0.198,0.46,0.762,0.92
500,,0.782,0.44,0.218,0.04,0.178,0.44,0.742,0.9
501,,0.762,0.42,0.198,0.02,0.158,0.42,0.722,0.88
502,,0.742,0.4,0.178,0.0,0.138,0.4,0.702,0.86
503,,0.722,0.38,0.158,-0.02,0.118,0.38,0.682,0.84
504,4,0.861,0.66,0.579,0.98,0.539,0.66,0.821,0.92
505,4,1.0,0.94,1.0,1.0,0.96,0.94,0.96,1.0
506,,0.98,0.92,0.98,0.98,0.94,0.92,0.94,0.98
507,,0.96,0.9,0.96,0.96,0.92,0.9,0.92,0.96
508,,0.94,0.88,0.94,0.94,0.9,0.88,0.9,0.94
509,,0.92,0.86,0.92,0.92,0.88,0.86,0.88,0.92
510,,0.9,0.84,0.9,0.9,0.86,0.84,0.86,0.9
511,,0.88,0.82,0.88,0.88,0.84,0.82,0.84,0.88
512,,0.86,0.8,0.86,0.86,0.82,0.8,0.82,0.86
513,,0.84,0.78,0.84,0.84,0.8,0.78,0.8,0.84
514,,0.82,0.76,0.82,0.82,0.78,0.76,0.78,0.82
515,,0.8,0.74,0.8,0.8,0.76,0.74,0.76,0.8
516,,0.78,0.72,0.78,0.78,0.74,0.72,0.74,0.78
517,,0.76,0.7,0.76,0.76,0.72,0.7,0.72,0.76
518,,0.74,0.68,0.74,0.74,0.7,0.68,0.7,0.74
519,,0.72,0.66,0.72,0.72,0.68,0.66,0.68,0.72
520,,0.7,0.64,0.7,0.7,0.66,0.64,0.66,0.7
521,,0.68,0.62,0.68,0.68,0.64,0.62,0.64,0.68
522,,0.66,0.6,0.66,0.66,0.62,0.6,0.62,0.66
523,,0.64,0.58,0.64,0.64,0.6,0.58,0.6,0.64
524,,0.62,0.56,0.62,0.62,0.58,0.56,0.58,0.62
525,,0.6,0.54,0.6,0.6,0.56,0.54,0.56,0.6
526,,0.58,0.52,0.58,0.58,0.54,0.52,0.54,0.58
527,,0.56,0.5,0.56,0.56,0.52,0.5,0.52,0.56
528,,0.54,0.48,0.54,0.54,0.5,0.48,0.5,0.54
529,,0.52,0.46,0.52,0.52,0.48,0.46,0.48,0.52
530,,0.5,0.44,0.5,0.5,0.46,0.44,0.46,0.5
531,,0.48,0.42,0.48,0.48,0.44,0.42,0.44,0.48
532,,0.46,0.4,0.46,0.46,0.42,0.4,0.42,0.46
533,,0.44,0.38,0.44,0.44,0.4,0.38,0.4,0.44
534,,0.42,0.36,0.42,0.42,0.38,0.36,0.38,0.42
535,,0.4,0.34,0.4,0.4,0.36,0.34,0.36,0.4
536,,0.38,0.32,0.38,0.38,0.34,0.32,0.34,0.38
537,,0.36,0.3,0.36,0.36,0.32,0.3,0.32,0.36
538,,0.34,0.28,0.34,0.34,0.3,0.28,0.3,0.34
539,,0.32,0.26,0.32,0.32,0.28,0.26,0.28,0.32
540,,0.3,0.24,0.3,0.3,0.26,0.24,0.26,0.3
541,,0.28,0.22,0.28,0.28,0.24,0.22,0.24,0.28
542,,0.26,0.2,0.26,0.26,0.22,0.2,0.22,0.26
543,,0.24,0.18,0.24,0.24,0.2,0.18,0.2,0.24
544,,0.22,0.16,0.22,0.22,0.18,0.16,0.18,0.22
545,,0.2,0.14,0.2,0.2,0.16,0.14,0.16,0.2
546,,0.18,0.12,0.18,0.18,0.14,0.12,0.14,0.18
547,,0.16,0.1,0.16,0.16,0.12,0.1,0.12,0.16
548,,0.14,0.08,0.14,0.14,0.1,0.08,0.1,0.14
549,,0.12,0.06,0.12,0.12,0.08,0.06,0.08,0.12
550,,0.1,0.04,0.1,0.1,0.06,0.04,0.06,0.1
551,,0.08,0.02,0.08,0.08,0.04,0.02,0.04,0.08
552,,0.06,0.0,0.06,0.06,0.02,0.0,0.02,0.06
553,,0.04,-0.02,0.04,0.04,0.0,-0.02,0.0,0.04
554,6,0.179,0.06,0.179,0.32,0.421,0.98,0.421,0.32
555,6,0.318,0.14,0.318,0.6,0.842,1.0,0.842,0.6
556,,0.298,0.12,0.298,0.58,0.822,0.98,0.822,0.58
557,,0.278,0.1,0.278,0.56,0.802,0.96,0.802,0.56
558,,0.258,0.08,0.258,0.54,0.782,0.94,0.782,0.54
559,,0.238,0.06,0.238,0.52,0.762,0.92,0.762,0.52
560,,0.218,0.04,0.218,0.5,0.742,0.9,0.742,0.5
561,,0.198,0.02,0.198,0.48,0.722,0.88,0.722,0.48
562,,0.178,0.0,0.178,0.46,0.702,0.86,0.702,0.46
563,,0.158,-0.02,0.158,0.44,0.682,0.84,0.682,0.44
564,2,0.579,0.98,0.579,0.72,0.821,0.92,0.821,0.72
565,2,1.0,1.0,1.0,1.0,0.96,1.0,0.96,1.0
566,,0.98,0.98,0.98,0.98,0.94,0.98,0.94,0.98
567,,0.96,0.96,0.96,0.96,0.92,0.96,0.92,0.96
568,,0.94,0.94,0.94,0.94,0.9,0.94,0.9,0.94
569,,0.92,0.92,0.92,0.92,0.88,0.92,0.88,0.92
570,,0.9,0.9,0.9,0.9,0.86,0.9,0.86,0.9
571,,0.88,0.88,0.88,0.88,0.84,0.88,0.84,0.88
572,,0.86,0.86,0.86,0.86,0.82,0.86,0.82,0.86
573,,0.84,0.84,0.84,0.84,0.8,0.84,0.8,0.84
574,,0.82,0.82,0.82,0.82,0.78,0.82,0.78,0.82
575,,0.8,0.8,0.8,0.8,0.76,0.8,0.76,0.8
576,,0.78,0.78,0.78,0.78,0.74,0.78,0.74,0.78
577,,0.76,0.76,0.76,0.76,0.72,0.76,0.72,0.76
578,,0.74,0.74,0.74,0.74,0.7,0.74,0.7,0.74
579,,0.72,0.72,0.72,0.72,0.68,0.72,0.68,0.72
580,,0.7,0.7,0.7,0.7,0.66,0.7,0.66,0.7
581,,0.68,0.68,0.68,0.68,0.64,0.68,0.64,0.68
582,,0.66,0.66,0.66,0.66,0.62,0.66,0.62,0.66
583,,0.64,0.64,0.64,0.64,0.6,0.64,0.6,0.64
584,,0.62,0.62,0.62,0.62,0.58,0.62,0.58,0.62
585,,0.6,0.6,0.6,0.6,0.56,0.6,0.56,0.6
586,,0.58,0.58,0.58,0.58,0.54,0.58,0.54,0.58
587,,0.56,0.56,0.56,0.56,0.52,0.56,0.52,0.56
588,,0.54,0.54,0.54,0.54,0.5,0.54,0.5,0.54
589,,0.52,0.52,0.52,0.52,0.48,0.52,0.48,0.52
590,,0.5,0.5,0.5,0.5,0.46,0.5,0.46,0.5
591,,0.48,0.48,0.48,0.48,0.44,0.48,0.44,0.48
592,,0.46,0.46,0.46,0.46,0.42,0.46,0.42,0.46
593,,0.44,0.44,0.44,0.44,0.4,0.44,0.4,0.44
594,,0.42,0.42,0.42,0.42,0.38,0.42,0.38,0.42
595,,0.4,0.4,0.4,0.4,0.36,0.4,0.36,0.4
596,,0.38,0.38,0.38,0.38,0.34,0.38,0.34,0.38
597,,0.36,0.36,0.36,0.36,0.32,0.36,0.32,0.36
598,,0.34,0.34,0.34,0.34,0.3,0.34,0.3,0.34
599,,0.32,0.32,0.32,0.32,0.28,0.32,0.28,0.32
600,,0.3,0.3,0.3,0.3,0.26,0.3,0.26,0.3
601,,0.28,0.28,0.28,0.28,0.24,0.28,0.24,0.28
602,,0.26,0.26,0.26,0.26,0.22,0.26,0.22,0.26
603,,0.24,0.24,0.24,0.24,0.2,0.24,0.2,0.24
604,,0.22,0.22,0.22,0.22,0.18,0.22,0.18,0.22
605,,0.2,0.2,0.2,0.2,0.16,0.2,0.16,0.2
606,,0.18,0.18,0.18,0.18,0.14,0.18,0.14,0.18
607,,0.16,0.16,0.16,0.16,0.12,0.16,0.12,0.16
608,,0.14,0.14,0.14,0.14,0.1,0.14,0.1,0.14
609,,0.12,0.12,0.12,0.12,0.08,0.12,0.08,0.12
610,,0.1,0.1,0.1,0.1,0.06,0.1,0.06,0.1
611,,0.08,0.08,0.08,0.08,0.04,0.08,0.04,0.08
612,,0.06,0.06,0.06,0.06,0.02,0.06,0.02,0.06
613,,0.04,0.04,0.04,0.04,0.0,0.04,0.0,0.04
614,,0.02,0.02,0.02,0.02,-0.02,0.02,-0.02,0.02
615,5,0.1,0.159,0.3,0.441,0.98,0.441,0.26,0.159
616,5,0.18,0.298,0.58,0.862,1.0,0.862,0.54,0.298
617,,0.16,0.278,0.56,0.842,0.98,0.842,0.52,0.278
618,,0.14,0.258,0.54,0.822,0.96,0.822,0.5,0.258
619,,0.12,0.238,0.52,0.802,0.94,0.802,0.48,0.238
620,,0.1,0.218,0.5,0.782,0.92,0.782,0.46,0.218
621,,0.08,0.198,0.48,0.762,0.9,0.762,0.44,0.198
622,,0.06,0.178,0.46,0.742,0.88,0.742,0.42,0.178
623,,0.04,0.158,0.44,0.722,0.86,0.722,0.4,0.158
624,,0.02,0.138,0.42,0.702,0.84,0.702,0.38,0.138
625,,0.0,0.118,0.4,0.682,0.82,0.682,0.36,0.118
626,,-0.02,0.098,0.38,0.662,0.8,0.662,0.34,0.098
627,1,0.98,0.519,0.66,0.801,0.88,0.801,0.62,0.519
628,1,1.0,0.94,0.94,0.94,0.96,0.94,0.9,0.94
629,,0.98,0.92,0.92,0.92,0.94,0.92,0.88,0.92
630,,0.96,0.9,0.9,0.9,0.92,0.9,0.86,0.9
631,,0.94,0.88,0.88,0.88,0.9,0.88,0.84,0.88
632,,0.92,0.86,0.86,0.86,0.88,0.86,0.82,0.86
633,,0.9,0.84,0.84,0.84,0.86,0.84,0.8,0.84
634,,0.88,0.82,0.82,0.82,0.84,0.82,0.78,0.82
635,,0.86,0.8,0.8,0.8,0.82,0.8,0.76,0.8
636,,0.84,0.78,0.78,0.78,0.8,0.78,0.74,0.78
637,,0.82,0.76,0.76,0.76,0.78,0.76,0.72,0.76
638,,0.8,0.74,0.74,0.74,0.76,0.74,0.7,0.74
639,,0.78,0.72,0.72,0.72,0.74,0.72,0.68,0.72
640,,0.76,0.7,0.7,0.7,0.72,0.7,0.66,0.7
641,,0.74,0.68,0.68,0.68,0.7,0.68,0.64,0.68
642,,0.72,0.66,0.66,0.66,0.68,0.66,0.62,0.66
643,,0.7,0.64,0.64,0.64,0.66,0.64,0.6,0.64
644,,0.68,0.62,0.62,0.62,0.64,0.62,0.58,0.62
645,,0.66,0.6,0.6,0.6,0.62,0.6,0.56,0.6
646,,0.64,0.58,0.58,0.58,0.6,0.58,0.54,0.58
647,,0.62,0.56,0.56,0.56,0.58,0.56,0.52,0.56
648,,0.6,0.54,0.54,0.54,0.56,0.54,0.5,0.54
649,,0.58,0.52,0.52,0.52,0.54,0.52,0.48,0.52
650,,0.56,0.5,0.5,0.5,0.52,0.5,0.46,0.5
651,,0.54,0.48,0.48,0.48,0.5,0.48,0.44,0.48
652,,0.52,0.46,0.46,0.46,0.48,0.46,0.42,0.46
653,,0.5,0.44,0.44,0.44,0.46,0.44,0.4,0.44
654,,0.48,0.42,0.42,0.42,0.44,0.42,0.38,0.42
655,,0.46,0.4,0.4,0.4,0.42,0.4,0.36,0.4
656,,0.44,0.38,0.38,0.38,0.4,0.38,0.34,0.38
657,,0.42,0.36,0.36,0.36,0.38,0.36,0.32,0.36
658,,0.4,0.34,0.34,0.34,0.36,0.34,0.3,0.34
659,,0.38,0.32,0.32,0.32,0.34,0.32,0.28,0.32
660,,0.36,0.3,0.3,0.3,0.32,0.3,0.26,0.3
661,,0.34,0.28,0.28,0.28,0.3,0.28,0.24,0.28
662,,0.32,0.26,0.26,0.26,0.28,0.26,0.22,0.26
663,,0.3,0.24,0.24,0.24,0.26,0.24,0.2,0.24
664,,0.28,0.22,0.22,0.22,0.24,0.22,0.18,0.22
665,,0.26,0.2,0.2,0.2,0.22,0.2,0.16,0.2
666,,0.24,0.18,0.18,0.18,0.2,0.18,0.14,0.18
667,,0.22,0.16,0.16,0.16,0.18,0.16,0.12,0.16
668,,0.2,0.14,0.14,0.14,0.16,0.14,0.1,0.14
669,,0.18,0.12,0.12,0.12,0.14,0.12,0.08,0.12
670,,0.16,0.1,0.1,0.1,0.12,0.1,0.06,0.1
671,,0.14,0.08,0.08,0.08,0.1,0.08,0.04,0.08
672,,0.12,0.06,0.06,0.06,0.08,0.06,0.02,0.06
673,,0.1,0.04,0.04,0.04,0.06,0.04,0.0,0.04
674,,0.08,0.02,0.02,0.02,0.04,0.02,-0.02,0.02
675,7,0.36,0.159,0.1,0.159,0.32,0.441,0.98,0.441
676,7,0.64,0.298,0.18,0.298,0.6,0.862,1.0,0.862
677,,0.62,0.278,0.16,0.278,0.58,0.842,0.98,0.842
678,,0.6,0.258,0.14,0.258,0.56,0.822,0.96,0.822
679,,0.58,0.238,0.12,0.238,0.54,0.802,0.94,0.802
680,,0.56,0.218,0.1,0.218,0.52,0.782,0.92,0.782
681,,0.54,0.198,0.08,0.198,0.5,0.762,0.9,0.762
682,,0.52,0.178,0.06,0.178,0.48,0.742,0.88,0.742
683,,0.5,0.158,0.04,0.158,0.46,0.722,0.86,0.722
684,,0.48,0.138,0.02,0.138,0.44,0.702,0.84,0.702
685,,0.46,0.118,0.0,0.118,0.42,0.682,0.82,0.682
686,,0.44,0.098,-0.02,0.098,0.4,0.662,0.8,0.662
687,3,0.72,0.519,0.98,0.519,0.68,0.801,0.88,0.801
688,3,1.0,0.94,1.0,0.94,0.96,0.94,0.96,0.94
689,,0.98,0.92,0.98,0.92,0.94,0.92,0.94,0.92
690,,0.96,0.9,0.96,0.9,0.92,0.9,0.92,0.9
691,,0.94,0.88,0.94,0.88,0.9,0.88,0.9,0.88
692,,0.92,0.86,0.92,0.86,0.88,0.86,0.88,0.86
693,,0.9,0.84,0.9,0.84,0.86,0.84,0.86,0.84
694,,0.88,0.82,0.88,0.82,0.84,0.82,0.84,0.82
695,,0.86,0.8,0.86,0.8,0.82,0.8,0.82,0.8
696,,0.84,0.78,0.84,0.78,0.8,0.78,0.8,0.78
697,,0.82,0.76,0.82,0.76,0.78,0.76,0.78,0.76
698,,0.8,0.74,0.8,0.74,0.76,0.74,0.76,0.74
699,,0.78,0.72,0.78,0.72,0.74,0.72,0.74,0.72
700,,0.76,0.7,0.76,0.7,0.72,0.7,0.72,0.7
701,,0.74,0.68,0.74,0.68,0.7,0.68,0.7,0.68
702,,0.72,0.66,0.72,0.66,0.68,0.66,0.68,0.66
703,,0.7,0.64,0.7,0.64,0.66,0.64,0.66,0.64
704,,0.68,0.62,0.68,0.62,0.64,0.62,0.64,0.62
705,,0.66,0.6,0.66,0.6,0.62,0.6,0.62,0.6
706,,0.64,0.58,0.64,0.58,0.6,0.58,0.6,0.58
707,,0.62,0.56,0.62,0.56,0.58,0.56,0.58,0.56
708,,0.6,0.54,0.6,0.54,0.56,0.54,0.56,0.54
709,,0.58,0.52,0.58,0.52,0.54,0.52,0.54,0.52
710,,0.56,0.5,0.56,0.5,0.52,0.5,0.52,0.5
711,,0.54,0.48,0.54,0.48,0.5,0.48,0.5,0.48
712,,0.52,0.46,0.52,0.46,0.48,0.46,0.48,0.46
713,,0.5,0.44,0.5,0.44,0.46,0.44,0.46,0.44
714,,0.48,0.42,0.48,0.42,0.44,0.42,0.44,0.42
715,,0.46,0.4,0.46,0.4,0.42,0.4,0.42,0.4
716,,0.44,0.38,0.44,0.38,0.4,0.38,0.4,0.38
717,,0.42,0.36,0.42,0.36,0.38,0.36,0.38,0.36
718,,0.4,0.34,0.4,0.34,0.36,0.34,0.36,0.34
719,,0.38,0.32,0.38,0.32,0.34,0.32,0.34,0.32
720,,0.36,0.3,0.36,0.3,0.32,0.3,0.32,0.3
721,,0.34,0.28,0.34,0.28,0.3,0.28,0.3,0.28
722,,0.32,0.26,0.32,0.26,0.28,0.26,0.28,0.26
723,,0.3,0.24,0.3,0.24,0.26,0.24,0.26,0.24
724,,0.28,0.22,0.28,0.22,0.24,0.22,0.24,0.22
725,,0.26,0.2,0.26,0.2,0.22,0.2,0.22,0.2
726,,0.24,0.18,0.24,0.18,0.2,0.18,0.2,0.18
727,,0.22,0.16,0.22,0.16,0.18,0.16,0.18,0.16
728,,0.2,0.14,0.2,0.14,0.16,0.14,0.16,0.14
729,,0.18,0.12,0.18,0.12,0.14,0.12,0.14,0.12
730,,0.16,0.1,0.16,0.1,0.12,0.1,0.12,0.1
731,,0.14,0.08,0.14,0.08,0.1,0.08,0.1,0.08
732,,0.12,0.06,0.12,0.06,0.08,0.06,0.08,0.06
733,,0.1,0.04,0.1,0.04,0.06,0.04,0.06,0.04
734,,0.08,0.02,0.08,0.02,0.04,0.02,0.04,0.02
735,,0.06,0.0,0.06,0.0,0.02,0.0,0.02,0.0
736,,0.04,-0.02,0.04,-0.02,0.0,-0.02,0.0,-0.02
737,6,0.179,0.06,0.179,0.26,0.421,0.98,0.421,0.26
738,6,0.318,0.14,0.318,0.54,0.842,1.0,0.842,0.54
739,,0.298,0.12,0.298,0.52,0.822,0.98,0.822,0.52
740,,0.278,0.1,0.278,0.5,0.802,0.96,0.802,0.5
741,,0.258,0.08,0.258,0.48,0.782,0.94,0.782,0.48
742,,0.238,0.06,0.238,0.46,0.762,0.92,0.762,0.46
743,,0.218,0.04,0.218,0.44,0.742,0.9,0.742,0.44
744,,0.198,0.02,0.198,0.42,0.722,0.88,0.722,0.42
745,,0.178,0.0,0.178,0.4,0.702,0.86,0.702,0.4
746,,0.158,-0.02,0.158,0.38,0.682,0.84,0.682,0.38
747,2,0.579,0.98,0.579,0.66,0.821,0.92,0.821,0.66
748,2,1.0,1.0,1.0,0.94,0.96,1.0,0.96,0.94
749,,0.98,0.98,0.98,0.92,0.94,0.98,0.94,0.92
750,,0.96,0.96,0.96,0.9,0.92,0.96,0.92,0.9
751,,0.94,0.94,0.94,0.88,0.9,0.94,0.9,0.88
752,,0.92,0.92,0.92,0.86,0.88,0.92,0.88,0.86
753,,0.9,0.9,0.9,0.84,0.86,0.9,0.86,0.84
754,,0.88,0.88,0.88,0.82,0.84,0.88,0.84,0.82
755,,0.86,0.86,0.86,0.8,0.82,0.86,0.82,0.8
756,,0.84,0.84,0.84,0.78,0.8,0.84,0.8,0.78
757,,0.82,0.82,0.82,0.76,0.78,0.82,0.78,0.76
758,,0.8,0.8,0.8,0.74,0.76,0.8,0.76,0.74
759,,0.78,0.78,0.78,0.72,0.74,0.78,0.74,0.72
760,,0.76,0.76,0.76,0.7,0.72,0.76,0.72,0.7
761,,0.74,0.74,0.74,0.68,0.7,0.74,0.7,0.68
762,,0.72,0.72,0.72,0.66,0.68,0.72,0.68,0.66
763,,0.7,0.7,0.7,0.64,0.66,0.7,0.66,0.64
764,,0.68,0.68,0.68,0.62,0.64,0.68,0.64,0.62
765,,0.66,0.66,0.66,0.6,0.62,0.66,0.62,0.6
766,,0.64,0.64,0.64,0.58,0.6,0.64,0.6,0.58
767,,0.62,0.62,0.62,0.56,0.58,0.62,0.58,0.56
768,,0.6,0.6,0.6,0.54,0.56,0.6,0.56,0.54
769,,0.58,0.58,0.58,0.52,0.54,0.58,0.54,0.52
770,,0.56,0.56,0.56,0.5,0.52,0.56,0.52,0.5
771,,0.54,0.54,0.54,0.48,0.5,0.54,0.5,0.48
772,,0.52,0.52,0.52,0.46,0.48,0.52,0.48,0.46
773,,0.5,0.5,0.5,0.44,0.46,0.5,0.46,0.44
774,,0.48,0.48,0.48,0.42,0.44,0.48,0.44,0.42
775,,0.46,0.46,0.46,0.4,0.42,0.46,0.42,0.4
776,,0.44,0.44,0.44,0.38,0.4,0.44,0.4,0.38
777,,0.42,0.42,0.42,0.36,0.38,0.42,0.38,0.36
778,,0.4,0.4,0.4,0.34,0.36,0.4,0.36,0.34
779,,0.38,0.38,0.38,0.32,0.34,0.38,0.34,0.32
780,,0.36,0.36,0.36,0.3,0.32,0.36,0.32,0.3
781,,0.34,0.34,0.34,0.28,0.3,0.34,0.3,0.28
782,,0.32,0.32,0.32,0.26,0.28,0.32,0.28,0.26
783,,0.3,0.3,0.3,0.24,0.26,0.3,0.26,0.24
784,,0.28,0.28,0.28,0.22,0.24,0.28,0.24,0.22
785,,0.26,0.26,0.26,0.2,0.22,0.26,0.22,0.2
786,,0.24,0.24,0.24,0.18,0.2,0.24,0.2,0.18
787,,0.22,0.22,0.22,0.16,0.18,0.22,0.18,0.16
788,,0.2,0.2,0.2,0.14,0.16,0.2,0.16,0.14
789,,0.18,0.18,0.18,0.12,0.14,0.18,0.14,0.12
790,,0.16,0.16,0.16,0.1,0.12,0.16,0.12,0.1
791,,0.14,0.14,0.14,0.08,0.1,0.14,0.1,0.08
792,,0.12,0.12,0.12,0.06,0.08,0.12,0.08,0.06
793,,0.1,0.1,0.1,0.04,0.06,0.1,0.06,0.04
794,,0.08,0.08,0.08,0.02,0.04,0.08,0.04,0.02
795,,0.06,0.06,0.06,0.0,0.02,0.06,0.02,0.0
796,,0.04,0.04,0.04,-0.02,0.0,0.04,0.0,-0.02
797,8,0.461,0.32,0.179,0.06,0.139,0.32,0.421,0.98
798,8,0.882,0.6,0.318,0.14,0.278,0.6,0.842,1.0
799,,0.862,0.58,0.298,0.12,0.258,0.58,0.822,0.98
800,,0.842,0.56,0.278,0.1,0.238,0.56,0.802,0.96
801,,0.822,0.54,0.258,0.08,0.218,0.54,0.782,0.94
802,,0.802,0.52,0.238,0.06,0.198,0.52,0.762,0.92
803,,0.782,0.5,0.218,0.04,0.178,0.5,0.742,0.9
804,,0.762,0.48,0.198,0.02,0.158,0.48,0.722,0.88
805,,0.742,0.46,0.178,0.0,0.138,0.46,0.702,0.86
806,,0.722,0.44,0.158,-0.02,0.118,0.44,0.682,0.84
807,4,0.861,0.72,0.579,0.98,0.539,0.72,0.821,0.92
808,4,1.0,1.0,1.0,1.0,0.96,1.0,0.96,1.0
809,,0.98,0.98,0.98,0.98,0.94,0.98,0.94,0.98
810,,0.96,0.96,0.96,0.96,0.92,0.96,0.92,0.96
811,,0.94,0.94,0.94,0.94,0.9,0.94,0.9,0.94
812,,0.92,0.92,0.92,0.92,0.88,0.92,0.88,0.92
813,,0.9,0.9,0.9,0.9,0.86,0.9,0.86,0.9
814,,0.88,0.88,0.88,0.88,0.84,0.88,0.84,0.88
815,,0.86,0.86,0.86,0.86,0.82,0.86,0.82,0.86
816,,0.84,0.84,0.84,0.84,0.8,0.84,0.8,0.84
817,,0.82,0.82,0.82,0.82,0.78,0.82,0.78,0.82
818,,0.8,0.8,0.8,0.8,0.76,0.8,0.76,0.8
819,,0.78,0.78,0.78,0.78,0.74,0.78,0.74,0.78
820,,0.76,0.76,0.76,0.76,0.72,0.76,0.72,0.76
821,,0.74,0.74,0.74,0.74,0.7,0.74,0.7,0.74
822,,0.72,0.72,0.72,0.72,0.68,0.72,0.68,0.72
823,,0.7,0.7,0.7,0.7,0.66,0.7,0.66,0.7
824,,0.68,0.68,0.68,0.68,0.64,0.68,0.64,0.68
825,,0.66,0.66,0.66,0.66,0.62,0.66,0.62,0.66
826,,0.64,0.64,0.64,0.64,0.6,0.64,0.6,0.64
827,,0.62,0.62,0.62,0.62,0.58,0.62,0.58,0.62
828,,0.6,0.6,0.6,0.6,0.56,0.6,0.56,0.6
829,,0.58,0.58,0.58,0.58,0.54,0.58,0.54,0.58
830,,0.56,0.56,0.56,0.56,0.52,0.56,0.52,0.56
831,,0.54,0.54,0.54,0.54,0.5,0.54,0.5,0.54
832,,0.52,0.52,0.52,0.52,0.48,0.52,0.48,0.52
833,,0.5,0.5,0.5,0.5,0.46,0.5,0.46,0.5
834,,0.48,0.48,0.48,0.48,0.44,0.48,0.44,0.48
835,,0.46,0.46,0.46,0.46,0.42,0.46,0.42,0.46
836,,0.44,0.44,0.44,0.44,0.4,0.44,0.4,0.44
837,,0.42,0.42,0.42,0.42,0.38,0.42,0.38,0.42
838,,0.4,0.4,0.4,0.4,0.36,0.4,0.36,0.4
839,,0.38,0.38,0.38,0.38,0.34,0.38,0.34,0.38
840,,0.36,0.36,0.36,0.36,0.32,0.36,0.32,0.36
841,,0.34,0.34,0.34,0.34,0.3,0.34,0.3,0.34
842,,0.32,0.32,0.32,0.32,0.28,0.32,0.28,0.32
843,,0.3,0.3,0.3,0.3,0.26,0.3,0.26,0.3
844,,0.28,0.28,0.28,0.28,0.24,0.28,0.24,0.28
845,,0.26,0.26,0.26,0.26,0.22,0.26,0.22,0.26
846,,0.24,0.24,0.24,0.24,0.2,0.24,0.2,0.24
847,,0.22,0.22,0.22,0.22,0.18,0.22,0.18,0.22
848,,0.2,0.2,0.2,0.2,0.16,0.2,0.16,0.2
849,,0.18,0.18,0.18,0.18,0.14,0.18,0.14,0.18
850,,0.16,0.16,0.16,0.16,0.12,0.16,0.12,0.16
851,,0.14,0.14,0.14,0.14,0.1,0.14,0.1,0.14
852,,0.12,0.12,0.12,0.12,0.08,0.12,0.08,0.12
853,,0.1,0.1,0.1,0.1,0.06,0.1,0.06,0.1
854,,0.08,0.08,0.08,0.08,0.04,0.08,0.04,0.08
855,,0.06,0.06,0.06,0.06,0.02,0.06,0.02,0.06
856,,0.04,0.04,0.04,0.04,0.0,0.04,0.0,0.04
857,,0.02,0.02,0.02,0.02,-0.02,0.02,-0.02,0.02
858,7,0.3,0.159,0.1,0.159,0.26,0.441,0.98,0.441
859,7,0.58,0.298,0.18,0.298,0.54,0.862,1.0,0.862
860,,0.56,0.278,0.16,0.278,0.52,0.842,0.98,0.842
861,,0.54,0.258,0.14,0.258,0.5,0.822,0.96,0.822
862,,0.52,0.238,0.12,0.238,0.48,0.802,0.94,0.802
863,,0.5,0.218,0.1,0.218,0.46,0.782,0.92,0.782
864,,0.48,0.198,0.08,0.198,0.44,0.762,0.9,0.762
865,,0.46,0.178,0.06,0.178,0.42,0.742,0.88,0.742
866,,0.44,0.158,0.04,0.158,0.4,0.722,0.86,0.722
867,,0.42,0.138,0.02,0.138,0.38,0.702,0.84,0.702
868,,0.4,0.118,0.0,0.118,0.36,0.682,0.82,0.682
869,,0.38,0.098,-0.02,0.098,0.34,0.662,0.8,0.662
870,3,0.66,0.519,0.98,0.519,0.62,0.801,0.88,0.801
871,3,0.94,0.94,1.0,0.94,0.9,0.94,0.96,0.94
872,,0.92,0.92,0.98,0.92,0.88,0.92,0.94,0.92
873,,0.9,0.9,0.96,0.9,0.86,0.9,0.92,0.9
874,,0.88,0.88,0.94,0.88,0.84,0.88,0.9,0.88
875,,0.86,0.86,0.92,0.86,0.82,0.86,0.88,0.86
876,,0.84,0.84,0.9,0.84,0.8,0.84,0.86,0.84
877,,0.82,0.82,0.88,0.82,0.78,0.82,0.84,0.82
878,,0.8,0.8,0.86,0.8,0.76,0.8,0.82,0.8
879,,0.78,0.78,0.84,0.78,0.74,0.78,0.8,0.78
880,,0.76,0.76,0.82,0.76,0.72,0.76,0.78,0.76
881,,0.74,0.74,0.8,0.74,0.7,0.74,0.76,0.74
882,,0.72,0.72,0.78,0.72,0.68,0.72,0.74,0.72
883,,0.7,0.7,0.76,0.7,0.66,0.7,0.72,0.7
884,,0.68,0.68,0.74,0.68,0.64,0.68,0.7,0.68
885,,0.66,0.66,0.72,0.66,0.62,0.66,0.68,0.66
886,,0.64,0.64,0.7,0.64,0.6,0.64,0.66,0.64
887,,0.62,0.62,0.68,0.62,0.58,0.62,0.64,0.62
