step,active_motive,motive_1,motive_2,motive_3,motive_4,motive_5,motive_6,motive_7,motive_8
0,,0.39915,0.32498,0.35098,0.3979,0.445,0.169,0.18779,0.04699
1,,0.34915,0.27498,0.30098,0.3479,0.395,0.119,0.13779,-0.00301
2,8,0.64015,0.42498,0.30998,0.2979,0.404,0.269,0.42879,0.99699
3,8,0.93115,0.57498,0.31898,0.2479,0.413,0.419,0.71979,1.0
4,,0.88115,0.52498,0.26898,0.1979,0.363,0.369,0.66979,0.95
5,,0.83115,0.47498,0.21898,0.1479,0.313,0.319,0.61979,0.9
6,,0.78115,0.42498,0.16898,0.0979,0.263,0.269,0.56979,0.85
7,,0.73115,0.37498,0.11898,0.0479,0.213,0.219,0.51979,0.8
8,,0.68115,0.32498,0.06898,-0.0021,0.163,0.169,0.46979,0.75
9,4,0.69015,0.47498,0.35998,0.9979,0.454,0.319,0.47879,0.7
10,4,0.69915,0.62498,0.65098,1.0,0.745,0.469,0.48779,0.65
11,,0.64915,0.57498,0.60098,0.95,0.695,0.419,0.43779,0.6
12,,0.59915,0.52498,0.55098,0.9,0.645,0.369,0.38779,0.55
13,,0.54915,0.47498,0.50098,0.85,0.595,0.319,0.33779,0.5
14,,0.49915,0.42498,0.45098,0.8,0.545,0.269,0.28779,0.45
15,,0.44915,0.37498,0.40098,0.75,0.495,0.219,0.23779,0.4
16,,0.39915,0.32498,0.35098,0.7,0.445,0.169,0.18779,0.35
17,,0.34915,0.27498,0.30098,0.65,0.395,0.119,0.13779,0.3
18,,0.29915,0.22498,0.25098,0.6,0.345,0.069,0.08779,0.25
19,,0.24915,0.17498,0.20098,0.55,0.295,0.019,0.03779,0.2
20,,0.19915,0.12498,0.15098,0.5,0.245,-0.031,-0.01221,0.15
21,6,0.20815,0.07498,0.15998,0.65,0.536,0.969,0.27879,0.3
22,6,0.21715,0.02498,0.16898,0.8,0.827,1.0,0.56979,0.45
23,,0.16715,-0.02502,0.11898,0.75,0.777,0.95,0.51979,0.4
24,2,0.45815,0.97498,0.40998,0.9,0.786,0.9,0.52879,0.55
25,2,0.74915,1.0,0.70098,1.0,0.795,0.85,0.53779,0.7
26,,0.69915,0.95,0.65098,0.95,0.745,0.8,0.48779,0.65
27,,0.64915,0.9,0.60098,0.9,0.695,0.75,0.43779,0.6
28,,0.59915,0.85,0.55098,0.85,0.645,0.7,0.38779,0.55
29,,0.54915,0.8,0.50098,0.8,0.595,0.65,0.33779,0.5
30,,0.49915,0.75,0.45098,0.75,0.545,0.6,0.28779,0.45
31,,0.44915,0.7,0.40098,0.7,0.495,0.55,0.23779,0.4
32,,0.39915,0.65,0.35098,0.65,0.445,0.5,0.18779,0.35
33,,0.34915,0.6,0.30098,0.6,0.395,0.45,0.13779,0.3
34,,0.29915,0.55,0.25098,0.55,0.345,0.4,0.08779,0.25
35,,0.24915,0.5,0.20098,0.5,0.295,0.35,0.03779,0.2
36,,0.19915,0.45,0.15098,0.45,0.245,0.3,-0.01221,0.15
37,7,0.34915,0.459,0.10098,0.459,0.395,0.591,0.98779,0.441
38,7,0.49915,0.468,0.05098,0.468,0.545,0.882,1.0,0.732
39,,0.44915,0.418,0.00098,0.418,0.495,0.832,0.95,0.682
40,,0.39915,0.368,-0.04902,0.368,0.445,0.782,0.9,0.632
41,3,0.54915,0.659,0.95098,0.659,0.595,0.791,0.85,0.641
42,3,0.69915,0.95,1.0,0.95,0.745,0.8,0.8,0.65
43,,0.64915,0.9,0.95,0.9,0.695,0.75,0.75,0.6
44,,0.59915,0.85,0.9,0.85,0.645,0.7,0.7,0.55
45,,0.54915,0.8,0.85,0.8,0.595,0.65,0.65,0.5
46,,0.49915,0.75,0.8,0.75,0.545,0.6,0.6,0.45
47,,0.44915,0.7,0.75,0.7,0.495,0.55,0.55,0.4
48,,0.39915,0.65,0.7,0.65,0.445,0.5,0.5,0.35
49,,0.34915,0.6,0.65,0.6,0.395,0.45,0.45,0.3
50,,0.29915,0.55,0.6,0.55,0.345,0.4,0.4,0.25
51,,0.24915,0.5,0.55,0.5,0.295,0.35,0.35,0.2
52,,0.19915,0.45,0.5,0.45,0.245,0.3,0.3,0.15
53,,0.14915,0.4,0.45,0.4,0.195,0.25,0.25,0.1
54,,0.09915,0.35,0.4,0.35,0.145,0.2,0.2,0.05
55,,0.04915,0.3,0.35,0.3,0.095,0.15,0.15,0.0
56,,-0.00085,0.25,0.3,0.25,0.045,0.1,0.1,-0.05
57,8,0.29015,0.4,0.309,0.2,0.054,0.25,0.391,0.95
58,8,0.58115,0.55,0.318,0.15,0.063,0.4,0.682,1.0
59,,0.53115,0.5,0.268,0.1,0.013,0.35,0.632,0.95
60,,0.48115,0.45,0.218,0.05,-0.037,0.3,0.582,0.9
61,5,0.43115,0.459,0.368,0.341,0.963,0.591,0.732,0.909
62,5,0.38115,0.468,0.518,0.632,1.0,0.882,0.882,0.918
63,,0.33115,0.418,0.468,0.582,0.95,0.832,0.832,0.868
64,,0.28115,0.368,0.418,0.532,0.9,0.782,0.782,0.818
65,,0.23115,0.318,0.368,0.482,0.85,0.732,0.732,0.768
66,,0.18115,0.268,0.318,0.432,0.8,0.682,0.682,0.718
67,,0.13115,0.218,0.268,0.382,0.75,0.632,0.632,0.668
68,,0.08115,0.168,0.218,0.332,0.7,0.582,0.582,0.618
69,,0.03115,0.118,0.168,0.282,0.65,0.532,0.532,0.568
70,,-0.01885,0.068,0.118,0.232,0.6,0.482,0.482,0.518
71,1,0.98115,0.359,0.268,0.241,0.55,0.491,0.632,0.809
72,1,1.0,0.65,0.418,0.25,0.5,0.5,0.782,1.0
73,,0.95,0.6,0.368,0.2,0.45,0.45,0.732,0.95
74,,0.9,0.55,0.318,0.15,0.4,0.4,0.682,0.9
75,,0.85,0.5,0.268,0.1,0.35,0.35,0.632,0.85
76,,0.8,0.45,0.218,0.05,0.3,0.3,0.582,0.8
77,,0.75,0.4,0.168,0.0,0.25,0.25,0.532,0.75
78,,0.7,0.35,0.118,-0.05,0.2,0.2,0.482,0.7
79,4,0.709,0.5,0.409,0.95,0.491,0.35,0.491,0.65
80,4,0.718,0.65,0.7,1.0,0.782,0.5,0.5,0.6
81,,0.668,0.6,0.65,0.95,0.732,0.45,0.45,0.55
82,,0.618,0.55,0.6,0.9,0.682,0.4,0.4,0.5
83,,0.568,0.5,0.55,0.85,0.632,0.35,0.35,0.45
84,,0.518,0.45,0.5,0.8,0.582,0.3,0.3,0.4
85,,0.468,0.4,0.45,0.75,0.532,0.25,0.25,0.35
86,,0.418,0.35,0.4,0.7,0.482,0.2,0.2,0.3
87,,0.368,0.3,0.35,0.65,0.432,0.15,0.15,0.25
88,,0.318,0.25,0.3,0.6,0.382,0.1,0.1,0.2
89,,0.268,0.2,0.25,0.55,0.332,0.05,0.05,0.15
90,,0.218,0.15,0.2,0.5,0.282,0.0,0.0,0.1
91,,0.168,0.1,0.15,0.45,0.232,-0.05,-0.05,0.05
92,6,0.177,0.05,0.159,0.6,0.523,0.95,0.241,0.2
93,6,0.186,0.0,0.168,0.75,0.814,1.0,0.532,0.35
94,,0.136,-0.05,0.118,0.7,0.764,0.95,0.482,0.3
95,2,0.427,0.95,0.409,0.85,0.773,0.9,0.491,0.45
96,2,0.718,1.0,0.7,1.0,0.782,0.85,0.5,0.6
97,,0.668,0.95,0.65,0.95,0.732,0.8,0.45,0.55
98,,0.618,0.9,0.6,0.9,0.682,0.75,0.4,0.5
99,,0.568,0.85,0.55,0.85,0.632,0.7,0.35,0.45
100,,0.518,0.8,0.5,0.8,0.582,0.65,0.3,0.4
101,,0.468,0.75,0.45,0.75,0.532,0.6,0.25,0.35
102,,0.418,0.7,0.4,0.7,0.482,0.55,0.2,0.3
103,,0.368,0.65,0.35,0.65,0.432,0.5,0.15,0.25
104,,0.318,0.6,0.3,0.6,0.382,0.45,0.1,0.2
105,,0.268,0.55,0.25,0.55,0.332,0.4,0.05,0.15
106,,0.218,0.5,0.2,0.5,0.282,0.35,0.0,0.1
107,,0.168,0.45,0.15,0.45,0.232,0.3,-0.05,0.05
108,7,0.318,0.459,0.1,0.459,0.382,0.591,0.95,0.341
109,7,0.468,0.468,0.05,0.468,0.532,0.882,1.0,0.632
110,,0.418,0.418,0.0,0.418,0.482,0.832,0.95,0.582
111,,0.368,0.368,-0.05,0.368,0.432,0.782,0.9,0.532
112,3,0.518,0.659,0.95,0.659,0.582,0.791,0.85,0.541
113,3,0.668,0.95,1.0,0.95,0.732,0.8,0.8,0.55
114,,0.618,0.9,0.95,0.9,0.682,0.75,0.75,0.5
115,,0.568,0.85,0.9,0.85,0.632,0.7,0.7,0.45
116,,0.518,0.8,0.85,0.8,0.582,0.65,0.65,0.4
117,,0.468,0.75,0.8,0.75,0.532,0.6,0.6,0.35
118,,0.418,0.7,0.75,0.7,0.482,0.55,0.55,0.3
119,,0.368,0.65,0.7,0.65,0.432,0.5,0.5,0.25
120,,0.318,0.6,0.65,0.6,0.382,0.45,0.45,0.2
121,,0.268,0.55,0.6,0.55,0.332,0.4,0.4,0.15
122,,0.218,0.5,0.55,0.5,0.282,0.35,0.35,0.1
123,,0.168,0.45,0.5,0.45,0.232,0.3,0.3,0.05
124,,0.118,0.4,0.45,0.4,0.182,0.25,0.25,0.0
125,,0.068,0.35,0.4,0.35,0.132,0.2,0.2,-0.05
126,8,0.359,0.5,0.409,0.3,0.141,0.35,0.491,0.95
127,8,0.65,0.65,0.418,0.25,0.15,0.5,0.782,1.0
128,,0.6,0.6,0.368,0.2,0.1,0.45,0.732,0.95
129,,0.55,0.55,0.318,0.15,0.05,0.4,0.682,0.9
130,,0.5,0.5,0.268,0.1,0.0,0.35,0.632,0.85
131,,0.45,0.45,0.218,0.05,-0.05,0.3,0.582,0.8
132,5,0.4,0.459,0.368,0.341,0.95,0.591,0.732,0.809
133,5,0.35,0.468,0.518,0.632,1.0,0.882,0.882,0.818
134,,0.3,0.418,0.468,0.582,0.95,0.832,0.832,0.768
135,,0.25,0.368,0.418,0.532,0.9,0.782,0.782,0.718
136,,0.2,0.318,0.368,0.482,0.85,0.732,0.732,0.668
137,,0.15,0.268,0.318,0.432,0.8,0.682,0.682,0.618
138,,0.1,0.218,0.268,0.382,0.75,0.632,0.632,0.568
139,,0.05,0.168,0.218,0.332,0.7,0.582,0.582,0.518
140,,0.0,0.118,0.168,0.282,0.65,0.532,0.532,0.468
141,,-0.05,0.068,0.118,0.232,0.6,0.482,0.482,0.418
142,1,0.95,0.359,0.268,0.241,0.55,0.491,0.632,0.709
143,1,1.0,0.65,0.418,0.25,0.5,0.5,0.782,1.0
144,,0.95,0.6,0.368,0.2,0.45,0.45,0.732,0.95
145,,0.9,0.55,0.318,0.15,0.4,0.4,0.682,0.9
146,,0.85,0.5,0.268,0.1,0.35,0.35,0.632,0.85
147,,0.8,0.45,0.218,0.05,0.3,0.3,0.582,0.8
148,,0.75,0.4,0.168,0.0,0.25,0.25,0.532,0.75
149,,0.7,0.35,0.118,-0.05,0.2,0.2,0.482,0.7
150,4,0.709,0.5,0.409,0.95,0.491,0.35,0.491,0.65
151,4,0.718,0.65,0.7,1.0,0.782,0.5,0.5,0.6
152,,0.668,0.6,0.65,0.95,0.732,0.45,0.45,0.55
153,,0.618,0.55,0.6,0.9,0.682,0.4,0.4,0.5
154,,0.568,0.5,0.55,0.85,0.632,0.35,0.35,0.45
155,,0.518,0.45,0.5,0.8,0.582,0.3,0.3,0.4
156,,0.468,0.4,0.45,0.75,0.532,0.25,0.25,0.35
157,,0.418,0.35,0.4,0.7,0.482,0.2,0.2,0.3
158,,0.368,0.3,0.35,0.65,0.432,0.15,0.15,0.25
159,,0.318,0.25,0.3,0.6,0.382,0.1,0.1,0.2
160,,0.268,0.2,0.25,0.55,0.332,0.05,0.05,0.15
161,,0.218,0.15,0.2,0.5,0.282,0.0,0.0,0.1
162,,0.168,0.1,0.15,0.45,0.232,-0.05,-0.05,0.05
163,6,0.177,0.05,0.159,0.6,0.523,0.95,0.241,0.2
164,6,0.186,0.0,0.168,0.75,0.814,1.0,0.532,0.35
165,,0.136,-0.05,0.118,0.7,0.764,0.95,0.482,0.3
166,2,0.427,0.95,0.409,0.85,0.773,0.9,0.491,0.45
167,2,0.718,1.0,0.7,1.0,0.782,0.85,0.5,0.6
168,,0.668,0.95,0.65,0.95,0.732,0.8,0.45,0.55
169,,0.618,0.9,0.6,0.9,0.682,0.75,0.4,0.5
170,,0.568,0.85,0.55,0.85,0.632,0.7,0.35,0.45
171,,0.518,0.8,0.5,0.8,0.582,0.65,0.3,0.4
172,,0.468,0.75,0.45,0.75,0.532,0.6,0.25,0.35
173,,0.418,0.7,0.4,0.7,0.482,0.55,0.2,0.3
174,,0.368,0.65,0.35,0.65,0.432,0.5,0.15,0.25
175,,0.318,0.6,0.3,0.6,0.382,0.45,0.1,0.2
176,,0.268,0.55,0.25,0.55,0.332,0.4,0.05,0.15
177,,0.218,0.5,0.2,0.5,0.282,0.35,0.0,0.1
178,,0.168,0.45,0.15,0.45,0.232,0.3,-0.05,0.05
179,7,0.318,0.459,0.1,0.459,0.382,0.591,0.95,0.341
180,7,0.468,0.468,0.05,0.468,0.532,0.882,1.0,0.632
181,,0.418,0.418,0.0,0.418,0.482,0.832,0.95,0.582
182,,0.368,0.368,-0.05,0.368,0.432,0.782,0.9,0.532
183,3,0.518,0.659,0.95,0.659,0.582,0.791,0.85,0.541
184,3,0.668,0.95,1.0,0.95,0.732,0.8,0.8,0.55
185,,0.618,0.9,0.95,0.9,0.682,0.75,0.75,0.5
186,,0.568,0.85,0.9,0.85,0.632,0.7,0.7,0.45
187,,0.518,0.8,0.85,0.8,0.582,0.65,0.65,0.4
188,,0.468,0.75,0.8,0.75,0.532,0.6,0.6,0.35
189,,0.418,0.7,0.75,0.7,0.482,0.55,0.55,0.3
190,,0.368,0.65,0.7,0.65,0.432,0.5,0.5,0.25
191,,0.318,0.6,0.65,0.6,0.382,0.45,0.45,0.2
192,,0.268,0.55,0.6,0.55,0.332,0.4,0.4,0.15
193,,0.218,0.5,0.55,0.5,0.282,0.35,0.35,0.1
194,,0.168,0.45,0.5,0.45,0.232,0.3,0.3,0.05
195,,0.118,0.4,0.45,0.4,0.182,0.25,0.25,0.0
196,,0.068,0.35,0.4,0.35,0.132,0.2,0.2,-0.05
197,8,0.359,0.5,0.409,0.3,0.141,0.35,0.491,0.95
198,8,0.65,0.65,0.418,0.25,0.15,0.5,0.782,1.0
199,,0.6,0.6,0.368,0.2,0.1,0.45,0.732,0.95
200,,0.55,0.55,0.318,0.15,0.05,0.4,0.682,0.9
201,,0.5,0.5,0.268,0.1,0.0,0.35,0.632,0.85
202,,0.45,0.45,0.218,0.05,-0.05,0.3,0.582,0.8
203,5,0.4,0.459,0.368,0.341,0.95,0.591,0.732,0.809
204,5,0.35,0.468,0.518,0.632,1.0,0.882,0.882,0.818
205,,0.3,0.418,0.468,0.582,0.95,0.832,0.832,0.768
206,,0.25,0.368,0.418,0.532,0.9,0.782,0.782,0.718
207,,0.2,0.318,0.368,0.482,0.85,0.732,0.732,0.668
208,,0.15,0.268,0.318,0.432,0.8,0.682,0.682,0.618
209,,0.1,0.218,0.268,0.382,0.75,0.632,0.632,0.568
210,,0.05,0.168,0.218,0.332,0.7,0.582,0.582,0.518
211,,0.0,0.118,0.168,0.282,0.65,0.532,0.532,0.468
212,,-0.05,0.068,0.118,0.232,0.6,0.482,0.482,0.418
213,1,0.95,0.359,0.268,0.241,0.55,0.491,0.632,0.709
214,1,1.0,0.65,0.418,0.25,0.5,0.5,0.782,1.0
215,,0.95,0.6,0.368,0.2,0.45,0.45,0.732,0.95
216,,0.9,0.55,0.318,0.15,0.4,0.4,0.682,0.9
217,,0.85,0.5,0.268,0.1,0.35,0.35,0.632,0.85
218,,0.8,0.45,0.218,0.05,0.3,0.3,0.582,0.8
219,,0.75,0.4,0.168,0.0,0.25,0.25,0.532,0.75
220,,0.7,0.35,0.118,-0.05,0.2,0.2,0.482,0.7
221,4,0.709,0.5,0.409,0.95,0.491,0.35,0.491,0.65
222,4,0.718,0.65,0.7,1.0,0.782,0.5,0.5,0.6
223,,0.668,0.6,0.65,0.95,0.732,0.45,0.45,0.55
224,,0.618,0.55,0.6,0.9,0.682,0.4,0.4,0.5
225,,0.568,0.5,0.55,0.85,0.632,0.35,0.35,0.45
226,,0.518,0.45,0.5,0.8,0.582,0.3,0.3,0.4
227,,0.468,0.4,0.45,0.75,0.532,0.25,0.25,0.35
228,,0.418,0.35,0.4,0.7,0.482,0.2,0.2,0.3
229,,0.368,0.3,0.35,0.65,0.432,0.15,0.15,0.25
230,,0.318,0.25,0.3,0.6,0.382,0.1,0.1,0.2
231,,0.268,0.2,0.25,0.55,0.332,0.05,0.05,0.15
232,,0.218,0.15,0.2,0.5,0.282,0.0,0.0,0.1
233,,0.168,0.1,0.15,0.45,0.232,-0.05,-0.05,0.05
234,7,0.318,0.109,0.1,0.459,0.382,0.241,0.95,0.341
235,7,0.468,0.118,0.05,0.468,0.532,0.532,1.0,0.632
236,,0.418,0.068,0.0,0.418,0.482,0.482,0.95,0.582
237,,0.368,0.018,-0.05,0.368,0.432,0.432,0.9,0.532
238,3,0.518,0.309,0.95,0.659,0.582,0.441,0.85,0.541
239,3,0.668,0.6,1.0,0.95,0.732,0.45,0.8,0.55
240,,0.618,0.55,0.95,0.9,0.682,0.4,0.75,0.5
241,,0.568,0.5,0.9,0.85,0.632,0.35,0.7,0.45
242,,0.518,0.45,0.85,0.8,0.582,0.3,0.65,0.4
243,,0.468,0.4,0.8,0.75,0.532,0.25,0.6,0.35
244,,0.418,0.35,0.75,0.7,0.482,0.2,0.55,0.3
245,,0.368,0.3,0.7,0.65,0.432,0.15,0.5,0.25
246,,0.318,0.25,0.65,0.6,0.382,0.1,0.45,0.2
247,,0.268,0.2,0.6,0.55,0.332,0.05,0.4,0.15
248,,0.218,0.15,0.55,0.5,0.282,0.0,0.35,0.1
249,,0.168,0.1,0.5,0.45,0.232,-0.05,0.3,0.05
250,6,0.177,0.05,0.509,0.6,0.523,0.95,0.591,0.2
251,6,0.186,0.0,0.518,0.75,0.814,1.0,0.882,0.35
252,,0.136,-0.05,0.468,0.7,0.764,0.95,0.832,0.3
253,2,0.427,0.95,0.759,0.85,0.773,0.9,0.841,0.45
254,2,0.718,1.0,1.0,1.0,0.782,0.85,0.85,0.6
255,,0.668,0.95,0.95,0.95,0.732,0.8,0.8,0.55
256,,0.618,0.9,0.9,0.9,0.682,0.75,0.75,0.5
257,,0.568,0.85,0.85,0.85,0.632,0.7,0.7,0.45
258,,0.518,0.8,0.8,0.8,0.582,0.65,0.65,0.4
259,,0.468,0.75,0.75,0.75,0.532,0.6,0.6,0.35
260,,0.418,0.7,0.7,0.7,0.482,0.55,0.55,0.3
261,,0.368,0.65,0.65,0.65,0.432,0.5,0.5,0.25
262,,0.318,0.6,0.6,0.6,0.382,0.45,0.45,0.2
263,,0.268,0.55,0.55,0.55,0.332,0.4,0.4,0.15
264,,0.218,0.5,0.5,0.5,0.282,0.35,0.35,0.1
265,,0.168,0.45,0.45,0.45,0.232,0.3,0.3,0.05
266,,0.118,0.4,0.4,0.4,0.182,0.25,0.25,0.0
267,,0.068,0.35,0.35,0.35,0.132,0.2,0.2,-0.05
268,8,0.359,0.5,0.359,0.3,0.141,0.35,0.491,0.95
269,8,0.65,0.65,0.368,0.25,0.15,0.5,0.782,1.0
270,,0.6,0.6,0.318,0.2,0.1,0.45,0.732,0.95
271,,0.55,0.55,0.268,0.15,0.05,0.4,0.682,0.9
272,,0.5,0.5,0.218,0.1,0.0,0.35,0.632,0.85
273,,0.45,0.45,0.168,0.05,-0.05,0.3,0.582,0.8
274,5,0.4,0.459,0.318,0.341,0.95,0.591,0.732,0.809
275,5,0.35,0.468,0.468,0.632,1.0,0.882,0.882,0.818
276,,0.3,0.418,0.418,0.582,0.95,0.832,0.832,0.768
277,,0.25,0.368,0.368,0.532,0.9,0.782,0.782,0.718
278,,0.2,0.318,0.318,0.482,0.85,0.732,0.732,0.668
279,,0.15,0.268,0.268,0.432,0.8,0.682,0.682,0.618
280,,0.1,0.218,0.218,0.382,0.75,0.632,0.632,0.568
281,,0.05,0.168,0.168,0.332,0.7,0.582,0.582,0.518
282,,0.0,0.118,0.118,0.282,0.65,0.532,0.532,0.468
283,,-0.05,0.068,0.068,0.232,0.6,0.482,0.482,0.418
284,1,0.95,0.359,0.218,0.241,0.55,0.491,0.632,0.709
285,1,1.0,0.65,0.368,0.25,0.5,0.5,0.782,1.0
286,,0.95,0.6,0.318,0.2,0.45,0.45,0.732,0.95
287,,0.9,0.55,0.268,0.15,0.4,0.4,0.682,0.9
288,,0.85,0.5,0.218,0.1,0.35,0.35,0.632,0.85
289,,0.8,0.45,0.168,0.05,0.3,0.3,0.582,0.8
290,,0.75,0.4,0.118,0.0,0.25,0.25,0.532,0.75
291,,0.7,0.35,0.068,-0.05,0.2,0.2,0.482,0.7
292,4,0.709,0.5,0.359,0.95,0.491,0.35,0.491,0.65
293,4,0.718,0.65,0.65,1.0,0.782,0.5,0.5,0.6
294,,0.668,0.6,0.6,0.95,0.732,0.45,0.45,0.55
295,,0.618,0.55,0.55,0.9,0.682,0.4,0.4,0.5
296,,0.568,0.5,0.5,0.85,0.632,0.35,0.35,0.45
297,,0.518,0.45,0.45,0.8,0.582,0.3,0.3,0.4
298,,0.468,0.4,0.4,0.75,0.532,0.25,0.25,0.35
299,,0.418,0.35,0.35,0.7,0.482,0.2,0.2,0.3
300,,0.368,0.3,0.3,0.65,0.432,0.15,0.15,0.25
301,,0.318,0.25,0.25,0.6,0.382,0.1,0.1,0.2
302,,0.268,0.2,0.2,0.55,0.332,0.05,0.05,0.15
303,,0.218,0.15,0.15,0.5,0.282,0.0,0.0,0.1
304,,0.168,0.1,0.1,0.45,0.232,-0.05,-0.05,0.05
305,6,0.177,0.05,0.109,0.6,0.523,0.95,0.241,0.2
306,6,0.186,0.0,0.118,0.75,0.814,1.0,0.532,0.35
307,,0.136,-0.05,0.068,0.7,0.764,0.95,0.482,0.3
308,2,0.427,0.95,0.359,0.85,0.773,0.9,0.491,0.45
309,2,0.718,1.0,0.65,1.0,0.782,0.85,0.5,0.6
310,,0.668,0.95,0.6,0.95,0.732,0.8,0.45,0.55
311,,0.618,0.9,0.55,0.9,0.682,0.75,0.4,0.5
312,,0.568,0.85,0.5,0.85,0.632,0.7,0.35,0.45
313,,0.518,0.8,0.45,0.8,0.582,0.65,0.3,0.4
314,,0.468,0.75,0.4,0.75,0.532,0.6,0.25,0.35
315,,0.418,0.7,0.35,0.7,0.482,0.55,0.2,0.3
316,,0.368,0.65,0.3,0.65,0.432,0.5,0.15,0.25
317,,0.318,0.6,0.25,0.6,0.382,0.45,0.1,0.2
318,,0.268,0.55,0.2,0.55,0.332,0.4,0.05,0.15
319,,0.218,0.5,0.15,0.5,0.282,0.35,0.0,0.1
320,,0.168,0.45,0.1,0.45,0.232,0.3,-0.05,0.05
321,7,0.318,0.459,0.05,0.459,0.382,0.591,0.95,0.341
322,7,0.468,0.468,0.0,0.468,0.532,0.882,1.0,0.632
323,,0.418,0.418,-0.05,0.418,0.482,0.832,0.95,0.582
324,3,0.568,0.709,0.95,0.709,0.632,0.841,0.9,0.591
325,3,0.718,1.0,1.0,1.0,0.782,0.85,0.85,0.6
326,,0.668,0.95,0.95,0.95,0.732,0.8,0.8,0.55
327,,0.618,0.9,0.9,0.9,0.682,0.75,0.75,0.5
328,,0.568,0.85,0.85,0.85,0.632,0.7,0.7,0.45
329,,0.518,0.8,0.8,0.8,0.582,0.65,0.65,0.4
330,,0.468,0.75,0.75,0.75,0.532,0.6,0.6,0.35
331,,0.418,0.7,0.7,0.7,0.482,0.55,0.55,0.3
332,,0.368,0.65,0.65,0.65,0.432,0.5,0.5,0.25
333,,0.318,0.6,0.6,0.6,0.382,0.45,0.45,0.2
334,,0.268,0.55,0.55,0.55,0.332,0.4,0.4,0.15
335,,0.218,0.5,0.5,0.5,0.282,0.35,0.35,0.1
336,,0.168,0.45,0.45,0.45,0.232,0.3,0.3,0.05
337,,0.118,0.4,0.4,0.4,0.182,0.25,0.25,0.0
338,,0.068,0.35,0.35,0.35,0.132,0.2,0.2,-0.05
339,8,0.359,0.5,0.359,0.3,0.141,0.35,0.491,0.95
340,8,0.65,0.65,0.368,0.25,0.15,0.5,0.782,1.0
341,,0.6,0.6,0.318,0.2,0.1,0.45,0.732,0.95
342,,0.55,0.55,0.268,0.15,0.05,0.4,0.682,0.9
343,,0.5,0.5,0.218,0.1,0.0,0.35,0.632,0.85
344,,0.45,0.45,0.168,0.05,-0.05,0.3,0.582,0.8
345,5,0.4,0.459,0.318,0.341,0.95,0.591,0.732,0.809
346,5,0.35,0.468,0.468,0.632,1.0,0.882,0.882,0.818
347,,0.3,0.418,0.418,0.582,0.95,0.832,0.832,0.768
348,,0.25,0.368,0.368,0.532,0.9,0.782,0.782,0.718
349,,0.2,0.318,0.318,0.482,0.85,0.732,0.732,0.668
350,,0.15,0.268,0.268,0.432,0.8,0.682,0.682,0.618
351,,0.1,0.218,0.218,0.382,0.75,0.632,0.632,0.568
352,,0.05,0.168,0.168,0.332,0.7,0.582,0.582,0.518
353,,0.0,0.118,0.118,0.282,0.65,0.532,0.532,0.468
354,,-0.05,0.068,0.068,0.232,0.6,0.482,0.482,0.418
355,1,0.95,0.359,0.218,0.241,0.55,0.491,0.632,0.709
356,1,1.0,0.65,0.368,0.25,0.5,0.5,0.782,1.0
357,,0.95,0.6,0.318,0.2,0.45,0.45,0.732,0.95
358,,0.9,0.55,0.268,0.15,0.4,0.4,0.682,0.9
359,,0.85,0.5,0.218,0.1,0.35,0.35,0.632,0.85
360,,0.8,0.45,0.168,0.05,0.3,0.3,0.582,0.8
361,,0.75,0.4,0.118,0.0,0.25,0.25,0.532,0.75
362,,0.7,0.35,0.068,-0.05,0.2,0.2,0.482,0.7
363,4,0.709,0.5,0.359,0.95,0.491,0.35,0.491,0.65
364,4,0.718,0.65,0.65,1.0,0.782,0.5,0.5,0.6
365,,0.668,0.6,0.6,0.95,0.732,0.45,0.45,0.55
366,,0.618,0.55,0.55,0.9,0.682,0.4,0.4,0.5
367,,0.568,0.5,0.5,0.85,0.632,0.35,0.35,0.45
368,,0.518,0.45,0.45,0.8,0.582,0.3,0.3,0.4
369,,0.468,0.4,0.4,0.75,0.532,0.25,0.25,0.35
370,,0.418,0.35,0.35,0.7,0.482,0.2,0.2,0.3
371,,0.368,0.3,0.3,0.65,0.432,0.15,0.15,0.25
372,,0.318,0.25,0.25,0.6,0.382,0.1,0.1,0.2
373,,0.268,0.2,0.2,0.55,0.332,0.05,0.05,0.15
374,,0.218,0.15,0.15,0.5,0.282,0.0,0.0,0.1
375,,0.168,0.1,0.1,0.45,0.232,-0.05,-0.05,0.05
376,6,0.177,0.05,0.109,0.6,0.523,0.95,0.241,0.2
377,6,0.186,0.0,0.118,0.75,0.814,1.0,0.532,0.35
378,,0.136,-0.05,0.068,0.7,0.764,0.95,0.482,0.3
379,2,0.427,0.95,0.359,0.85,0.773,0.9,0.491,0.45
380,2,0.718,1.0,0.65,1.0,0.782,0.85,0.5,0.6
381,,0.668,0.95,0.6,0.95,0.732,0.8,0.45,0.55
382,,0.618,0.9,0.55,0.9,0.682,0.75,0.4,0.5
383,,0.568,0.85,0.5,0.85,0.632,0.7,0.35,0.45
384,,0.518,0.8,0.45,0.8,0.582,0.65,0.3,0.4
385,,0.468,0.75,0.4,0.75,0.532,0.6,0.25,0.35
386,,0.418,0.7,0.35,0.7,0.482,0.55,0.2,0.3
387,,0.368,0.65,0.3,0.65,0.432,0.5,0.15,0.25
388,,0.318,0.6,0.25,0.6,0.382,0.45,0.1,0.2
389,,0.268,0.55,0.2,0.55,0.332,0.4,0.05,0.15
390,,0.218,0.5,0.15,0.5,0.282,0.35,0.0,0.1
391,,0.168,0.45,0.1,0.45,0.232,0.3,-0.05,0.05
392,7,0.318,0.459,0.05,0.459,0.382,0.591,0.95,0.341
393,7,0.468,0.468,0.0,0.468,0.532,0.882,1.0,0.632
394,,0.418,0.418,-0.05,0.418,0.482,0.832,0.95,0.582
395,3,0.568,0.709,0.95,0.709,0.632,0.841,0.9,0.591
396,3,0.718,1.0,1.0,1.0,0.782,0.85,0.85,0.6
397,,0.668,0.95,0.95,0.95,0.732,0.8,0.8,0.55
398,,0.618,0.9,0.9,0.9,0.682,0.75,0.75,0.5
399,,0.568,0.85,0.85,0.85,0.632,0.7,0.7,0.45
400,,0.518,0.8,0.8,0.8,0.582,0.65,0.65,0.4
401,,0.468,0.75,0.75,0.75,0.532,0.6,0.6,0.35
402,,0.418,0.7,0.7,0.7,0.482,0.55,0.55,0.3
403,,0.368,0.65,0.65,0.65,0.432,0.5,0.5,0.25
404,,0.318,0.6,0.6,0.6,0.382,0.45,0.45,0.2
405,,0.268,0.55,0.55,0.55,0.332,0.4,0.4,0.15
406,,0.218,0.5,0.5,0.5,0.282,0.35,0.35,0.1
407,,0.168,0.45,0.45,0.45,0.232,0.3,0.3,0.05
408,,0.118,0.4,0.4,0.4,0.182,0.25,0.25,0.0
409,,0.068,0.35,0.35,0.35,0.132,0.2,0.2,-0.05
410,8,0.359,0.5,0.359,0.3,0.141,0.35,0.491,0.95
411,8,0.65,0.65,0.368,0.25,0.15,0.5,0.782,1.0
412,,0.6,0.6,0.318,0.2,0.1,0.45,0.732,0.95
413,,0.55,0.55,0.268,0.15,0.05,0.4,0.682,0.9
414,,0.5,0.5,0.218,0.1,0.0,0.35,0.632,0.85
415,,0.45,0.45,0.168,0.05,-0.05,0.3,0.582,0.8
416,5,0.4,0.459,0.318,0.341,0.95,0.591,0.732,0.809
417,5,0.35,0.468,0.468,0.632,1.0,0.882,0.882,0.818
418,,0.3,0.418,0.418,0.582,0.95,0.832,0.832,0.768
419,,0.25,0.368,0.368,0.532,0.9,0.782,0.782,0.718
420,,0.2,0.318,0.318,0.482,0.85,0.732,0.732,0.668
421,,0.15,0.268,0.268,0.432,0.8,0.682,0.682,0.618
422,,0.1,0.218,0.218,0.382,0.75,0.632,0.632,0.568
423,,0.05,0.168,0.168,0.332,0.7,0.582,0.582,0.518
424,,0.0,0.118,0.118,0.282,0.65,0.532,0.532,0.468
425,,-0.05,0.068,0.068,0.232,0.6,0.482,0.482,0.418
426,1,0.95,0.359,0.218,0.241,0.55,0.491,0.632,0.709
427,1,1.0,0.65,0.368,0.25,0.5,0.5,0.782,1.0
428,,0.95,0.6,0.318,0.2,0.45,0.45,0.732,0.95
429,,0.9,0.55,0.268,0.15,0.4,0.4,0.682,0.9
430,,0.85,0.5,0.218,0.1,0.35,0.35,0.632,0.85
431,,0.8,0.45,0.168,0.05,0.3,0.3,0.582,0.8
432,,0.75,0.4,0.118,0.0,0.25,0.25,0.532,0.75
433,,0.7,0.35,0.068,-0.05,0.2,0.2,0.482,0.7
434,4,0.709,0.5,0.359,0.95,0.491,0.35,0.491,0.65
435,4,0.718,0.65,0.65,1.0,0.782,0.5,0.5,0.6
436,,0.668,0.6,0.6,0.95,0.732,0.45,0.45,0.55
437,,0.618,0.55,0.55,0.9,0.682,0.4,0.4,0.5
438,,0.568,0.5,0.5,0.85,0.632,0.35,0.35,0.45
439,,0.518,0.45,0.45,0.8,0.582,0.3,0.3,0.4
440,,0.468,0.4,0.4,0.75,0.532,0.25,0.25,0.35
441,,0.418,0.35,0.35,0.7,0.482,0.2,0.2,0.3
442,,0.368,0.3,0.3,0.65,0.432,0.15,0.15,0.25
443,,0.318,0.25,0.25,0.6,0.382,0.1,0.1,0.2
444,,0.268,0.2,0.2,0.55,0.332,0.05,0.05,0.15
445,,0.218,0.15,0.15,0.5,0.282,0.0,0.0,0.1
446,,0.168,0.1,0.1,0.45,0.232,-0.05,-0.05,0.05
447,7,0.318,0.109,0.05,0.459,0.382,0.241,0.95,0.341
448,7,0.468,0.118,0.0,0.468,0.532,0.532,1.0,0.632
449,,0.418,0.068,-0.05,0.418,0.482,0.482,0.95,0.582
450,3,0.568,0.359,0.95,0.709,0.632,0.491,0.9,0.591
451,3,0.718,0.65,1.0,1.0,0.782,0.5,0.85,0.6
452,,0.668,0.6,0.95,0.95,0.732,0.45,0.8,0.55
453,,0.618,0.55,0.9,0.9,0.682,0.4,0.75,0.5
454,,0.568,0.5,0.85,0.85,0.632,0.35,0.7,0.45
455,,0.518,0.45,0.8,0.8,0.582,0.3,0.65,0.4
456,,0.468,0.4,0.75,0.75,0.532,0.25,0.6,0.35
457,,0.418,0.35,0.7,0.7,0.482,0.2,0.55,0.3
458,,0.368,0.3,0.65,0.65,0.432,0.15,0.5,0.25
459,,0.318,0.25,0.6,0.6,0.382,0.1,0.45,0.2
460,,0.268,0.2,0.55,0.55,0.332,0.05,0.4,0.15
461,,0.218,0.15,0.5,0.5,0.282,0.0,0.35,0.1
462,,0.168,0.1,0.45,0.45,0.232,-0.05,0.3,0.05
463,6,0.177,0.05,0.459,0.6,0.523,0.95,0.591,0.2
464,6,0.186,0.0,0.468,0.75,0.814,1.0,0.882,0.35
465,,0.136,-0.05,0.418,0.7,0.764,0.95,0.832,0.3
466,2,0.427,0.95,0.709,0.85,0.773,0.9,0.841,0.45
467,2,0.718,1.0,1.0,1.0,0.782,0.85,0.85,0.6
468,,0.668,0.95,0.95,0.95,0.732,0.8,0.8,0.55
469,,0.618,0.9,0.9,0.9,0.682,0.75,0.75,0.5
470,,0.568,0.85,0.85,0.85,0.632,0.7,0.7,0.45
471,,0.518,0.8,0.8,0.8,0.582,0.65,0.65,0.4
472,,0.468,0.75,0.75,0.75,0.532,0.6,0.6,0.35
473,,0.418,0.7,0.7,0.7,0.482,0.55,0.55,0.3
474,,0.368,0.65,0.65,0.65,0.432,0.5,0.5,0.25
475,,0.318,0.6,0.6,0.6,0.382,0.45,0.45,0.2
476,,0.268,0.55,0.55,0.55,0.332,0.4,0.4,0.15
477,,0.218,0.5,0.5,0.5,0.282,0.35,0.35,0.1
478,,0.168,0.45,0.45,0.45,0.232,0.3,0.3,0.05
479,,0.118,0.4,0.4,0.4,0.182,0.25,0.25,0.0
480,,0.068,0.35,0.35,0.35,0.132,0.2,0.2,-0.05
481,8,0.359,0.5,0.359,0.3,0.141,0.35,0.491,0.95
482,8,0.65,0.65,0.368,0.25,0.15,0.5,0.782,1.0
483,,0.6,0.6,0.318,0.2,0.1,0.45,0.732,0.95
484,,0.55,0.55,0.268,0.15,0.05,0.4,0.682,0.9
485,,0.5,0.5,0.218,0.1,0.0,0.35,0.632,0.85
486,,0.45,0.45,0.168,0.05,-0.05,0.3,0.582,0.8
487,5,0.4,0.459,0.318,0.341,0.95,0.591,0.732,0.809
488,5,0.35,0.468,0.468,0.632,1.0,0.882,0.882,0.818
489,,0.3,0.418,0.418,0.582,0.95,0.832,0.832,0.768
490,,0.25,0.368,0.368,0.532,0.9,0.782,0.782,0.718
491,,0.2,0.318,0.318,0.482,0.85,0.732,0.732,0.668
492,,0.15,0.268,0.268,0.432,0.8,0.682,0.682,0.618
493,,0.1,0.218,0.218,0.382,0.75,0.632,0.632,0.568
494,,0.05,0.168,0.168,0.332,0.7,0.582,0.582,0.518
495,,0.0,0.118,0.118,0.282,0.65,0.532,0.532,0.468
496,,-0.05,0.068,0.068,0.232,0.6,0.482,0.482,0.418
497,1,0.95,0.359,0.218,0.241,0.55,0.491,0.632,0.709
498,1,1.0,0.65,0.368,0.25,0.5,0.5,0.782,1.0
499,,0.95,0.6,0.318,0.2,0.45,0.45,0.732,0.95
500,,0.9,0.55,0.268,0.15,0.4,0.4,0.682,0.9
501,,0.85,0.5,0.218,0.1,0.35,0.35,0.632,0.85
502,,0.8,0.45,0.168,0.05,0.3,0.3,0.582,0.8
503,,0.75,0.4,0.118,0.0,0.25,0.25,0.532,0.75
504,,0.7,0.35,0.068,-0.05,0.2,0.2,0.482,0.7
505,4,0.709,0.5,0.359,0.95,0.491,0.35,0.491,0.65
506,4,0.718,0.65,0.65,1.0,0.782,0.5,0.5,0.6
507,,0.668,0.6,0.6,0.95,0.732,0.45,0.45,0.55
508,,0.618,0.55,0.55,0.9,0.682,0.4,0.4,0.5
509,,0.568,0.5,0.5,0.85,0.632,0.35,0.35,0.45
510,,0.518,0.45,0.45,0.8,0.582,0.3,0.3,0.4
511,,0.468,0.4,0.4,0.75,0.532,0.25,0.25,0.35
512,,0.418,0.35,0.35,0.7,0.482,0.2,0.2,0.3
513,,0.368,0.3,0.3,0.65,0.432,0.15,0.15,0.25
514,,0.318,0.25,0.25,0.6,0.382,0.1,0.1,0.2
515,,0.268,0.2,0.2,0.55,0.332,0.05,0.05,0.15
516,,0.218,0.15,0.15,0.5,0.282,0.0,0.0,0.1
517,,0.168,0.1,0.1,0.45,0.232,-0.05,-0.05,0.05
518,6,0.177,0.05,0.109,0.6,0.523,0.95,0.241,0.2
519,6,0.186,0.0,0.118,0.75,0.814,1.0,0.532,0.35
520,,0.136,-0.05,0.068,0.7,0.764,0.95,0.482,0.3
521,2,0.427,0.95,0.359,0.85,0.773,0.9,0.491,0.45
522,2,0.718,1.0,0.65,1.0,0.782,0.85,0.5,0.6
523,,0.668,0.95,0.6,0.95,0.732,0.8,0.45,0.55
524,,0.618,0.9,0.55,0.9,0.682,0.75,0.4,0.5
525,,0.568,0.85,0.5,0.85,0.632,0.7,0.35,0.45
526,,0.518,0.8,0.45,0.8,0.582,0.65,0.3,0.4
527,,0.468,0.75,0.4,0.75,0.532,0.6,0.25,0.35
528,,0.418,0.7,0.35,0.7,0.482,0.55,0.2,0.3
529,,0.368,0.65,0.3,0.65,0.432,0.5,0.15,0.25
530,,0.318,0.6,0.25,0.6,0.382,0.45,0.1,0.2
531,,0.268,0.55,0.2,0.55,0.332,0.4,0.05,0.15
532,,0.218,0.5,0.15,0.5,0.282,0.35,0.0,0.1
533,,0.168,0.45,0.1,0.45,0.232,0.3,-0.05,0.05
534,7,0.318,0.459,0.05,0.459,0.382,0.591,0.95,0.341
535,7,0.468,0.468,0.0,0.468,0.532,0.882,1.0,0.632
536,,0.418,0.418,-0.05,0.418,0.482,0.832,0.95,0.582
537,3,0.568,0.709,0.95,0.709,0.632,0.841,0.9,0.591
538,3,0.718,1.0,1.0,1.0,0.782,0.85,0.85,0.6
539,,0.668,0.95,0.95,0.95,0.732,0.8,0.8,0.55
540,,0.618,0.9,0.9,0.9,0.682,0.75,0.75,0.5
541,,0.568,0.85,0.85,0.85,0.632,0.7,0.7,0.45
542,,0.518,0.8,0.8,0.8,0.582,0.65,0.65,0.4
543,,0.468,0.75,0.75,0.75,0.532,0.6,0.6,0.35
544,,0.418,0.7,0.7,0.7,0.482,0.55,0.55,0.3
545,,0.368,0.65,0.65,0.65,0.432,0.5,0.5,0.25
546,,0.318,0.6,0.6,0.6,0.382,0.45,0.45,0.2
547,,0.268,0.55,0.55,0.55,0.332,0.4,0.4,0.15
548,,0.218,0.5,0.5,0.5,0.282,0.35,0.35,0.1
549,,0.168,0.45,0.45,0.45,0.232,0.3,0.3,0.05
550,,0.118,0.4,0.4,0.4,0.182,0.25,0.25,0.0
551,,0.068,0.35,0.35,0.35,0.132,0.2,0.2,-0.05
552,8,0.359,0.5,0.359,0.3,0.141,0.35,0.491,0.95
553,8,0.65,0.65,0.368,0.25,0.15,0.5,0.782,1.0
554,,0.6,0.6,0.318,0.2,0.1,0.45,0.732,0.95
555,,0.55,0.55,0.268,0.15,0.05,0.4,0.682,0.9
556,,0.5,0.5,0.218,0.1,0.0,0.35,0.632,0.85
557,,0.45,0.45,0.168,0.05,-0.05,0.3,0.582,0.8
558,5,0.4,0.459,0.318,0.341,0.95,0.591,0.732,0.809
559,5,0.35,0.468,0.468,0.632,1.0,0.882,0.882,0.818
560,,0.3,0.418,0.418,0.582,0.95,0.832,0.832,0.768
561,,0.25,0.368,0.368,0.532,0.9,0.782,0.782,0.718
562,,0.2,0.318,0.318,0.482,0.85,0.732,0.732,0.668
563,,0.15,0.268,0.268,0.432,0.8,0.682,0.682,0.618
564,,0.1,0.218,0.218,0.382,0.75,0.632,0.632,0.568
565,,0.05,0.168,0.168,0.332,0.7,0.582,0.582,0.518
566,,0.0,0.118,0.118,0.282,0.65,0.532,0.532,0.468
567,,-0.05,0.068,0.068,0.232,0.6,0.482,0.482,0.418
568,1,0.95,0.359,0.218,0.241,0.55,0.491,0.632,0.709
569,1,1.0,0.65,0.368,0.25,0.5,0.5,0.782,1.0
570,,0.95,0.6,0.318,0.2,0.45,0.45,0.732,0.95
571,,0.9,0.55,0.268,0.15,0.4,0.4,0.682,0.9
572,,0.85,0.5,0.218,0.1,0.35,0.35,0.632,0.85
573,,0.8,0.45,0.168,0.05,0.3,0.3,0.582,0.8
574,,0.75,0.4,0.118,0.0,0.25,0.25,0.532,0.75
575,,0.7,0.35,0.068,-0.05,0.2,0.2,0.482,0.7
576,4,0.709,0.5,0.359,0.95,0.491,0.35,0.491,0.65
577,4,0.718,0.65,0.65,1.0,0.782,0.5,0.5,0.6
578,,0.668,0.6,0.6,0.95,0.732,0.45,0.45,0.55
579,,0.618,0.55,0.55,0.9,0.682,0.4,0.4,0.5
580,,0.568,0.5,0.5,0.85,0.632,0.35,0.35,0.45
581,,0.518,0.45,0.45,0.8,0.582,0.3,0.3,0.4
582,,0.468,0.4,0.4,0.75,0.532,0.25,0.25,0.35
583,,0.418,0.35,0.35,0.7,0.482,0.2,0.2,0.3
584,,0.368,0.3,0.3,0.65,0.432,0.15,0.15,0.25
585,,0.318,0.25,0.25,0.6,0.382,0.1,0.1,0.2
586,,0.268,0.2,0.2,0.55,0.332,0.05,0.05,0.15
587,,0.218,0.15,0.15,0.5,0.282,0.0,0.0,0.1
588,,0.168,0.1,0.1,0.45,0.232,-0.05,-0.05,0.05
589,7,0.318,0.109,0.05,0.459,0.382,0.241,0.95,0.341
590,7,0.468,0.118,0.0,0.468,0.532,0.532,1.0,0.632
591,,0.418,0.068,-0.05,0.418,0.482,0.482,0.95,0.582
592,3,0.568,0.359,0.95,0.709,0.632,0.491,0.9,0.591
593,3,0.718,0.65,1.0,1.0,0.782,0.5,0.85,0.6
594,,0.668,0.6,0.95,0.95,0.732,0.45,0.8,0.55
595,,0.618,0.55,0.9,0.9,0.682,0.4,0.75,0.5
596,,0.568,0.5,0.85,0.85,0.632,0.35,0.7,0.45
597,,0.518,0.45,0.8,0.8,0.582,0.3,0.65,0.4
598,,0.468,0.4,0.75,0.75,0.532,0.25,0.6,0.35
599,,0.418,0.35,0.7,0.7,0.482,0.2,0.55,0.3
600,,0.368,0.3,0.65,0.65,0.432,0.15,0.5,0.25
601,,0.318,0.25,0.6,0.6,0.382,0.1,0.45,0.2
602,,0.268,0.2,0.55,0.55,0.332,0.05,0.4,0.15
603,,0.218,0.15,0.5,0.5,0.282,0.0,0.35,0.1
604,,0.168,0.1,0.45,0.45,0.232,-0.05,0.3,0.05
605,6,0.177,0.05,0.459,0.6,0.523,0.95,0.591,0.2
606,6,0.186,0.0,0.468,0.75,0.814,1.0,0.882,0.35
607,,0.136,-0.05,0.418,0.7,0.764,0.95,0.832,0.3
608,2,0.427,0.95,0.709,0.85,0.773,0.9,0.841,0.45
609,2,0.718,1.0,1.0,1.0,0.782,0.85,0.85,0.6
610,,0.668,0.95,0.95,0.95,0.732,0.8,0.8,0.55
611,,0.618,0.9,0.9,0.9,0.682,0.75,0.75,0.5
612,,0.568,0.85,0.85,0.85,0.632,0.7,0.7,0.45
613,,0.518,0.8,0.8,0.8,0.582,0.65,0.65,0.4
614,,0.468,0.75,0.75,0.75,0.532,0.6,0.6,0.35
615,,0.418,0.7,0.7,0.7,0.482,0.55,0.55,0.3
616,,0.368,0.65,0.65,0.65,0.432,0.5,0.5,0.25
617,,0.318,0.6,0.6,0.6,0.382,0.45,0.45,0.2
618,,0.268,0.55,0.55,0.55,0.332,0.4,0.4,0.15
619,,0.218,0.5,0.5,0.5,0.282,0.35,0.35,0.1
620,,0.168,0.45,0.45,0.45,0.232,0.3,0.3,0.05
621,,0.118,0.4,0.4,0.4,0.182,0.25,0.25,0.0
622,,0.068,0.35,0.35,0.35,0.132,0.2,0.2,-0.05
623,8,0.359,0.5,0.359,0.3,0.141,0.35,0.491,0.95
624,8,0.65,0.65,0.368,0.25,0.15,0.5,0.782,1.0
625,,0.6,0.6,0.318,0.2,0.1,0.45,0.732,0.95
626,,0.55,0.55,0.268,0.15,0.05,0.4,0.682,0.9
627,,0.5,0.5,0.218,0.1,0.0,0.35,0.632,0.85
628,,0.45,0.45,0.168,0.05,-0.05,0.3,0.582,0.8
629,5,0.4,0.459,0.318,0.341,0.95,0.591,0.732,0.809
630,5,0.35,0.468,0.468,0.632,1.0,0.882,0.882,0.818
631,,0.3,0.418,0.418,0.582,0.95,0.832,0.832,0.768
632,,0.25,0.368,0.368,0.532,0.9,0.782,0.782,0.718
633,,0.2,0.318,0.318,0.482,0.85,0.732,0.732,0.668
634,,0.15,0.268,0.268,0.432,0.8,0.682,0.682,0.618
635,,0.1,0.218,0.218,0.382,0.75,0.632,0.632,0.568
636,,0.05,0.168,0.168,0.332,0.7,0.582,0.582,0.518
637,,0.0,0.118,0.118,0.282,0.65,0.532,0.532,0.468
638,,-0.05,0.068,0.068,0.232,0.6,0.482,0.482,0.418
639,1,0.95,0.359,0.218,0.241,0.55,0.491,0.632,0.709
640,1,1.0,0.65,0.368,0.25,0.5,0.5,0.782,1.0
641,,0.95,0.6,0.318,0.2,0.45,0.45,0.732,0.95
642,,0.9,0.55,0.268,0.15,0.4,0.4,0.682,0.9
643,,0.85,0.5,0.218,0.1,0.35,0.35,0.632,0.85
644,,0.8,0.45,0.168,0.05,0.3,0.3,0.582,0.8
645,,0.75,0.4,0.118,0.0,0.25,0.25,0.532,0.75
646,,0.7,0.35,0.068,-0.05,0.2,0.2,0.482,0.7
647,4,0.709,0.5,0.359,0.95,0.491,0.35,0.491,0.65
648,4,0.718,0.65,0.65,1.0,0.782,0.5,0.5,0.6
649,,0.668,0.6,0.6,0.95,0.732,0.45,0.45,0.55
650,,0.618,0.55,0.55,0.9,0.682,0.4,0.4,0.5
651,,0.568,0.5,0.5,0.85,0.632,0.35,0.35,0.45
652,,0.518,0.45,0.45,0.8,0.582,0.3,0.3,0.4
653,,0.468,0.4,0.4,0.75,0.532,0.25,0.25,0.35
654,,0.418,0.35,0.35,0.7,0.482,0.2,0.2,0.3
655,,0.368,0.3,0.3,0.65,0.432,0.15,0.15,0.25
656,,0.318,0.25,0.25,0.6,0.382,0.1,0.1,0.2
657,,0.268,0.2,0.2,0.55,0.332,0.05,0.05,0.15
658,,0.218,0.15,0.15,0.5,0.282,0.0,0.0,0.1
659,,0.168,0.1,0.1,0.45,0.232,-0.05,-0.05,0.05
660,6,0.177,0.05,0.109,0.6,0.523,0.95,0.241,0.2
661,6,0.186,0.0,0.118,0.75,0.814,1.0,0.532,0.35
662,,0.136,-0.05,0.068,0.7,0.764,0.95,0.482,0.3
663,2,0.427,0.95,0.359,0.85,0.773,0.9,0.491,0.45
664,2,0.718,1.0,0.65,1.0,0.782,0.85,0.5,0.6
665,,0.668,0.95,0.6,0.95,0.732,0.8,0.45,0.55
666,,0.618,0.9,0.55,0.9,0.682,0.75,0.4,0.5
667,,0.568,0.85,0.5,0.85,0.632,0.7,0.35,0.45
668,,0.518,0.8,0.45,0.8,0.582,0.65,0.3,0.4
669,,0.468,0.75,0.4,0.75,0.532,0.6,0.25,0.35
670,,0.418,0.7,0.35,0.7,0.482,0.55,0.2,0.3
671,,0.368,0.65,0.3,0.65,0.432,0.5,0.15,0.25
672,,0.318,0.6,0.25,0.6,0.382,0.45,0.1,0.2
673,,0.268,0.55,0.2,0.55,0.332,0.4,0.05,0.15
674,,0.218,0.5,0.15,0.5,0.282,0.35,0.0,0.1
675,,0.168,0.45,0.1,0.45,0.232,0.3,-0.05,0.05
676,7,0.318,0.459,0.05,0.459,0.382,0.591,0.95,0.341
677,7,0.468,0.468,0.0,0.468,0.532,0.882,1.0,0.632
678,,0.418,0.418,-0.05,0.418,0.482,0.832,0.95,0.582
679,3,0.568,0.709,0.95,0.709,0.632,0.841,0.9,0.591
680,3,0.718,1.0,1.0,1.0,0.782,0.85,0.85,0.6
681,,0.668,0.95,0.95,0.95,0.732,0.8,0.8,0.55
682,,0.618,0.9,0.9,0.9,0.682,0.75,0.75,0.5
683,,0.568,0.85,0.85,0.85,0.632,0.7,0.7,0.45
684,,0.518,0.8,0.8,0.8,0.582,0.65,0.65,0.4
685,,0.468,0.75,0.75,0.75,0.532,0.6,0.6,0.35
686,,0.418,0.7,0.7,0.7,0.482,0.55,0.55,0.3
687,,0.368,0.65,0.65,0.65,0.432,0.5,0.5,0.25
688,,0.318,0.6,0.6,0.6,0.382,0.45,0.45,0.2
689,,0.268,0.55,0.55,0.55,0.332,0.4,0.4,0.15
690,,0.218,0.5,0.5,0.5,0.282,0.35,0.35,0.1
691,,0.168,0.45,0.45,0.45,0.232,0.3,0.3,0.05
692,,0.118,0.4,0.4,0.4,0.182,0.25,0.25,0.0
693,,0.068,0.35,0.35,0.35,0.132,0.2,0.2,-0.05
694,8,0.359,0.5,0.359,0.3,0.141,0.35,0.491,0.95
695,8,0.65,0.65,0.368,0.25,0.15,0.5,0.782,1.0
696,,0.6,0.6,0.318,0.2,0.1,0.45,0.732,0.95
697,,0.55,0.55,0.268,0.15,0.05,0.4,0.682,0.9
698,,0.5,0.5,0.218,0.1,0.0,0.35,0.632,0.85
699,,0.45,0.45,0.168,0.05,-0.05,0.3,0.582,0.8
700,5,0.4,0.459,0.318,0.341,0.95,0.591,0.732,0.809
701,5,0.35,0.468,0.468,0.632,1.0,0.882,0.882,0.818
702,,0.3,0.418,0.418,0.582,0.95,0.832,0.832,0.768
703,,0.25,0.368,0.368,0.532,0.9,0.782,0.782,0.718
704,,0.2,0.318,0.318,0.482,0.85,0.732,0.732,0.668
705,,0.15,0.268,0.268,0.432,0.8,0.682,0.682,0.618
706,,0.1,0.218,0.218,0.382,0.75,0.632,0.632,0.568
707,,0.05,0.168,0.168,0.332,0.7,0.582,0.582,0.518
708,,0.0,0.118,0.118,0.282,0.65,0.532,0.532,0.468
709,,-0.05,0.068,0.068,0.232,0.6,0.482,0.482,0.418
710,1,0.95,0.359,0.218,0.241,0.55,0.491,0.632,0.709
711,1,1.0,0.65,0.368,0.25,0.5,0.5,0.782,1.0
712,,0.95,0.6,0.318,0.2,0.45,0.45,0.732,0.95
713,,0.9,0.55,0.268,0.15,0.4,0.4,0.682,0.9
714,,0.85,0.5,0.218,0.1,0.35,0.35,0.632,0.85
715,,0.8,0.45,0.168,0.05,0.3,0.3,0.582,0.8
716,,0.75,0.4,0.118,0.0,0.25,0.25,0.532,0.75
717,,0.7,0.35,0.068,-0.05,0.2,0.2,0.482,0.7
718,4,0.709,0.5,0.359,0.95,0.491,0.35,0.491,0.65
719,4,0.718,0.65,0.65,1.0,0.782,0.5,0.5,0.6
720,,0.668,0.6,0.6,0.95,0.732,0.45,0.45,0.55
721,,0.618,0.55,0.55,0.9,0.682,0.4,0.4,0.5
722,,0.568,0.5,0.5,0.85,0.632,0.35,0.35,0.45
723,,0.518,0.45,0.45,0.8,0.582,0.3,0.3,0.4
724,,0.468,0.4,0.4,0.75,0.532,0.25,0.25,0.35
725,,0.418,0.35,0.35,0.7,0.482,0.2,0.2,0.3
726,,0.368,0.3,0.3,0.65,0.432,0.15,0.15,0.25
727,,0.318,0.25,0.25,0.6,0.382,0.1,0.1,0.2
728,,0.268,0.2,0.2,0.55,0.332,0.05,0.05,0.15
729,,0.218,0.15,0.15,0.5,0.282,0.0,0.0,0.1
730,,0.168,0.1,0.1,0.45,0.232,-0.05,-0.05,0.05
731,7,0.318,0.109,0.05,0.459,0.382,0.241,0.95,0.341
732,7,0.468,0.118,0.0,0.468,0.532,0.532,1.0,0.632
733,,0.418,0.068,-0.05,0.418,0.482,0.482,0.95,0.582
734,3,0.568,0.359,0.95,0.709,0.632,0.491,0.9,0.591
735,3,0.718,0.65,1.0,1.0,0.782,0.5,0.85,0.6
736,,0.668,0.6,0.95,0.95,0.732,0.45,0.8,0.55
737,,0.618,0.55,0.9,0.9,0.682,0.4,0.75,0.5
738,,0.568,0.5,0.85,0.85,0.632,0.35,0.7,0.45
739,,0.518,0.45,0.8,0.8,0.582,0.3,0.65,0.4
740,,0.468,0.4,0.75,0.75,0.532,0.25,0.6,0.35
741,,0.418,0.35,0.7,0.7,0.482,0.2,0.55,0.3
742,,0.368,0.3,0.65,0.65,0.432,0.15,0.5,0.25
743,,0.318,0.25,0.6,0.6,0.382,0.1,0.45,0.2
744,,0.268,0.2,0.55,0.55,0.332,0.05,0.4,0.15
745,,0.218,0.15,0.5,0.5,0.282,0.0,0.35,0.1
746,,0.168,0.1,0.45,0.45,0.232,-0.05,0.3,0.05
747,6,0.177,0.05,0.459,0.6,0.523,0.95,0.591,0.2
748,6,0.186,0.0,0.468,0.75,0.814,1.0,0.882,0.35
749,,0.136,-0.05,0.418,0.7,0.764,0.95,0.832,0.3
750,2,0.427,0.95,0.709,0.85,0.773,0.9,0.841,0.45
751,2,0.718,1.0,1.0,1.0,0.782,0.85,0.85,0.6
752,,0.668,0.95,0.95,0.95,0.732,0.8,0.8,0.55
753,,0.618,0.9,0.9,0.9,0.682,0.75,0.75,0.5
754,,0.568,0.85,0.85,0.85,0.632,0.7,0.7,0.45
755,,0.518,0.8,0.8,0.8,0.582,0.65,0.65,0.4
756,,0.468,0.75,0.75,0.75,0.532,0.6,0.6,0.35
757,,0.418,0.7,0.7,0.7,0.482,0.55,0.55,0.3
758,,0.368,0.65,0.65,0.65,0.432,0.5,0.5,0.25
759,,0.318,0.6,0.6,0.6,0.382,0.45,0.45,0.2
760,,0.268,0.55,0.55,0.55,0.332,0.4,0.4,0.15
761,,0.218,0.5,0.5,0.5,0.282,0.35,0.35,0.1
762,,0.168,0.45,0.45,0.45,0.232,0.3,0.3,0.05
763,,0.118,0.4,0.4,0.4,0.182,0.25,0.25,0.0
764,,0.068,0.35,0.35,0.35,0.132,0.2,0.2,-0.05
765,8,0.359,0.5,0.359,0.3,0.141,0.35,0.491,0.95
766,8,0.65,0.65,0.368,0.25,0.15,0.5,0.782,1.0
767,,0.6,0.6,0.318,0.2,0.1,0.45,0.732,0.95
768,,0.55,0.55,0.268,0.15,0.05,0.4,0.682,0.9
769,,0.5,0.5,0.218,0.1,0.0,0.35,0.632,0.85
770,,0.45,0.45,0.168,0.05,-0.05,0.3,0.582,0.8
771,5,0.4,0.459,0.318,0.341,0.95,0.591,0.732,0.809
772,5,0.35,0.468,0.468,0.632,1.0,0.882,0.882,0.818
773,,0.3,0.418,0.418,0.582,0.95,0.832,0.832,0.768
774,,0.25,0.368,0.368,0.532,0.9,0.782,0.782,0.718
775,,0.2,0.318,0.318,0.482,0.85,0.732,0.732,0.668
776,,0.15,0.268,0.268,0.432,0.8,0.682,0.682,0.618
777,,0.1,0.218,0.218,0.382,0.75,0.632,0.632,0.568
778,,0.05,0.168,0.168,0.332,0.7,0.582,0.582,0.518
779,,0.0,0.118,0.118,0.282,0.65,0.532,0.532,0.468
780,,-0.05,0.068,0.068,0.232,0.6,0.482,0.482,0.418
781,1,0.95,0.359,0.218,0.241,0.55,0.491,0.632,0.709
782,1,1.0,0.65,0.368,0.25,0.5,0.5,0.782,1.0
783,,0.95,0.6,0.318,0.2,0.45,0.45,0.732,0.95
784,,0.9,0.55,0.268,0.15,0.4,0.4,0.682,0.9
785,,0.85,0.5,0.218,0.1,0.35,0.35,0.632,0.85
786,,0.8,0.45,0.168,0.05,0.3,0.3,0.582,0.8
787,,0.75,0.4,0.118,0.0,0.25,0.25,0.532,0.75
788,,0.7,0.35,0.068,-0.05,0.2,0.2,0.482,0.7
789,4,0.709,0.5,0.359,0.95,0.491,0.35,0.491,0.65
790,4,0.718,0.65,0.65,1.0,0.782,0.5,0.5,0.6
791,,0.668,0.6,0.6,0.95,0.732,0.45,0.45,0.55
792,,0.618,0.55,0.55,0.9,0.682,0.4,0.4,0.5
793,,0.568,0.5,0.5,0.85,0.632,0.35,0.35,0.45
794,,0.518,0.45,0.45,0.8,0.582,0.3,0.3,0.4
795,,0.468,0.4,0.4,0.75,0.532,0.25,0.25,0.35
796,,0.418,0.35,0.35,0.7,0.482,0.2,0.2,0.3
797,,0.368,0.3,0.3,0.65,0.432,0.15,0.15,0.25
798,,0.318,0.25,0.25,0.6,0.382,0.1,0.1,0.2
799,,0.268,0.2,0.2,0.55,0.332,0.05,0.05,0.15
800,,0.218,0.15,0.15,0.5,0.282,0.0,0.0,0.1
801,,0.168,0.1,0.1,0.45,0.232,-0.05,-0.05,0.05
802,7,0.318,0.109,0.05,0.459,0.382,0.241,0.95,0.341
803,7,0.468,0.118,0.0,0.468,0.532,0.532,1.0,0.632
804,,0.418,0.068,-0.05,0.418,0.482,0.482,0.95,0.582
805,3,0.568,0.359,0.95,0.709,0.632,0.491,0.9,0.591
806,3,0.718,0.65,1.0,1.0,0.782,0.5,0.85,0.6
807,,0.668,0.6,0.95,0.95,0.732,0.45,0.8,0.55
808,,0.618,0.55,0.9,0.9,0.682,0.4,0.75,0.5
809,,0.568,0.5,0.85,0.85,0.632,0.35,0.7,0.45
810,,0.518,0.45,0.8,0.8,0.582,0.3,0.65,0.4
811,,0.468,0.4,0.75,0.75,0.532,0.25,0.6,0.35
812,,0.418,0.35,0.7,0.7,0.482,0.2,0.55,0.3
813,,0.368,0.3,0.65,0.65,0.432,0.15,0.5,0.25
814,,0.318,0.25,0.6,0.6,0.382,0.1,0.45,0.2
815,,0.268,0.2,0.55,0.55,0.332,0.05,0.4,0.15
816,,0.218,0.15,0.5,0.5,0.282,0.0,0.35,0.1
817,,0.168,0.1,0.45,0.45,0.232,-0.05,0.3,0.05
818,6,0.177,0.05,0.459,0.6,0.523,0.95,0.591,0.2
819,6,0.186,0.0,0.468,0.75,0.814,1.0,0.882,0.35
820,,0.136,-0.05,0.418,0.7,0.764,0.95,0.832,0.3
821,2,0.427,0.95,0.709,0.85,0.773,0.9,0.841,0.45
822,2,0.718,1.0,1.0,1.0,0.782,0.85,0.85,0.6
823,,0.668,0.95,0.95,0.95,0.732,0.8,0.8,0.55
824,,0.618,0.9,0.9,0.9,0.682,0.75,0.75,0.5
825,,0.568,0.85,0.85,0.85,0.632,0.7,0.7,0.45
826,,0.518,0.8,0.8,0.8,0.582,0.65,0.65,0.4
827,,0.468,0.75,0.75,0.75,0.532,0.6,0.6,0.35
828,,0.418,0.7,0.7,0.7,0.482,0.55,0.55,0.3
829,,0.368,0.65,0.65,0.65,0.432,0.5,0.5,0.25
830,,0.318,0.6,0.6,0.6,0.382,0.45,0.45,0.2
831,,0.268,0.55,0.55,0.55,0.332,0.4,0.4,0.15
832,,0.218,0.5,0.5,0.5,0.282,0.35,0.35,0.1
833,,0.168,0.45,0.45,0.45,0.232,0.3,0.3,0.05
834,,0.118,0.4,0.4,0.4,0.182,0.25,0.25,0.0
835,,0.068,0.35,0.35,0.35,0.132,0.2,0.2,-0.05
836,8,0.359,0.5,0.359,0.3,0.141,0.35,0.491,0.95
837,8,0.65,0.65,0.368,0.25,0.15,0.5,0.782,1.0
838,,0.6,0.6,0.318,0.2,0.1,0.45,0.732,0.95
839,,0.55,0.55,0.268,0.15,0.05,0.4,0.682,0.9
840,,0.5,0.5,0.218,0.1,0.0,0.35,0.632,0.85
841,,0.45,0.45,0.168,0.05,-0.05,0.3,0.582,0.8
842,5,0.4,0.459,0.318,0.341,0.95,0.591,0.732,0.809
843,5,0.35,0.468,0.468,0.632,1.0,0.882,0.882,0.818
844,,0.3,0.418,0.418,0.582,0.95,0.832,0.832,0.768
845,,0.25,0.368,0.368,0.532,0.9,0.782,0.782,0.718
846,,0.2,0.318,0.318,0.482,0.85,0.732,0.732,0.668
847,,0.15,0.268,0.268,0.432,0.8,0.682,0.682,0.618
848,,0.1,0.218,0.218,0.382,0.75,0.632,0.632,0.568
849,,0.05,0.168,0.168,0.332,0.7,0.582,0.582,0.518
850,,0.0,0.118,0.118,0.282,0.65,0.532,0.532,0.468
851,,-0.05,0.068,0.068,0.232,0.6,0.482,0.482,0.418
852,1,0.95,0.359,0.218,0.241,0.55,0.491,0.632,0.709
853,1,1.0,0.65,0.368,0.25,0.5,0.5,0.782,1.0
854,,0.95,0.6,0.318,0.2,0.45,0.45,0.732,0.95
855,,0.9,0.55,0.268,0.15,0.4,0.4,0.682,0.9
856,,0.85,0.5,0.218,0.1,0.35,0.35,0.632,0.85
857,,0.8,0.45,0.168,0.05,0.3,0.3,0.582,0.8
