step,active_motive,motive_1,motive_2,motive_3,motive_4,motive_5,motive_6,motive_7,motive_8
0,,0.0072,0.05804,0.023,0.02036,0.42773,0.35183,0.23709,0.04892
1,,-0.0428,0.00804,-0.027,-0.02964,0.37773,0.30183,0.18709,-0.00108
2,1,0.9572,0.29904,0.123,-0.02064,0.32773,0.31083,0.33709,0.28992
3,1,1.0,0.59004,0.273,-0.01164,0.27773,0.31983,0.48709,0.58092
4,4,1.0,0.74004,0.564,0.98836,0.56873,0.46983,0.49609,0.53092
5,4,1.0,0.89004,0.855,1.0,0.85973,0.61983,0.50509,0.48092
6,,0.95,0.84004,0.805,0.95,0.80973,0.56983,0.45509,0.43092
7,,0.9,0.79004,0.755,0.9,0.75973,0.51983,0.40509,0.38092
8,,0.85,0.74004,0.705,0.85,0.70973,0.46983,0.35509,0.33092
9,,0.8,0.69004,0.655,0.8,0.65973,0.41983,0.30509,0.28092
10,,0.75,0.64004,0.605,0.75,0.60973,0.36983,0.25509,0.23092
11,,0.7,0.59004,0.555,0.7,0.55973,0.31983,0.20509,0.18092
12,,0.65,0.54004,0.505,0.65,0.50973,0.26983,0.15509,0.13092
13,,0.6,0.49004,0.455,0.6,0.45973,0.21983,0.10509,0.08092
14,,0.55,0.44004,0.405,0.55,0.40973,0.16983,0.05509,0.03092
15,,0.5,0.39004,0.355,0.5,0.35973,0.11983,0.00509,-0.01908
16,8,0.791,0.54004,0.364,0.45,0.36873,0.26983,0.29609,0.98092
17,8,1.0,0.69004,0.373,0.4,0.37773,0.41983,0.58709,1.0
18,,0.95,0.64004,0.323,0.35,0.32773,0.36983,0.53709,0.95
19,,0.9,0.59004,0.273,0.3,0.27773,0.31983,0.48709,0.9
20,,0.85,0.54004,0.223,0.25,0.22773,0.26983,0.43709,0.85
21,,0.8,0.49004,0.173,0.2,0.17773,0.21983,0.38709,0.8
22,,0.75,0.44004,0.123,0.15,0.12773,0.16983,0.33709,0.75
23,,0.7,0.39004,0.073,0.1,0.07773,0.11983,0.28709,0.7
24,,0.65,0.34004,0.023,0.05,0.02773,0.06983,0.23709,0.65
25,,0.6,0.29004,-0.027,0.0,-0.02227,0.01983,0.18709,0.6
26,3,0.75,0.58104,0.973,0.291,0.12773,0.02883,0.13709,0.609
27,3,0.9,0.87204,1.0,0.582,0.27773,0.03783,0.08709,0.618
28,,0.85,0.82204,0.95,0.532,0.22773,-0.01217,0.03709,0.568
29,6,0.859,0.77204,0.959,0.682,0.51873,0.98783,0.32809,0.718
30,6,0.868,0.72204,0.968,0.832,0.80973,1.0,0.61909,0.868
31,,0.818,0.67204,0.918,0.782,0.75973,0.95,0.56909,0.818
32,,0.768,0.62204,0.868,0.732,0.70973,0.9,0.51909,0.768
33,,0.718,0.57204,0.818,0.682,0.65973,0.85,0.46909,0.718
34,,0.668,0.52204,0.768,0.632,0.60973,0.8,0.41909,0.668
35,,0.618,0.47204,0.718,0.582,0.55973,0.75,0.36909,0.618
36,,0.568,0.42204,0.668,0.532,0.50973,0.7,0.31909,0.568
37,,0.518,0.37204,0.618,0.482,0.45973,0.65,0.26909,0.518
38,,0.468,0.32204,0.568,0.432,0.40973,0.6,0.21909,0.468
39,,0.418,0.27204,0.518,0.382,0.35973,0.55,0.16909,0.418
40,,0.368,0.22204,0.468,0.332,0.30973,0.5,0.11909,0.368
41,,0.318,0.17204,0.418,0.282,0.25973,0.45,0.06909,0.318
42,,0.268,0.12204,0.368,0.232,0.20973,0.4,0.01909,0.268
43,,0.218,0.07204,0.318,0.182,0.15973,0.35,-0.03091,0.218
44,7,0.368,0.08104,0.268,0.191,0.30973,0.641,0.96909,0.509
45,7,0.518,0.09004,0.218,0.2,0.45973,0.932,1.0,0.8
46,,0.468,0.04004,0.168,0.15,0.40973,0.882,0.95,0.75
47,,0.418,-0.00996,0.118,0.1,0.35973,0.832,0.9,0.7
48,2,0.709,0.99004,0.409,0.25,0.36873,0.782,0.909,0.85
49,2,1.0,1.0,0.7,0.4,0.37773,0.732,0.918,1.0
50,,0.95,0.95,0.65,0.35,0.32773,0.682,0.868,0.95
51,,0.9,0.9,0.6,0.3,0.27773,0.632,0.818,0.9
52,,0.85,0.85,0.55,0.25,0.22773,0.582,0.768,0.85
53,,0.8,0.8,0.5,0.2,0.17773,0.532,0.718,0.8
54,,0.75,0.75,0.45,0.15,0.12773,0.482,0.668,0.75
55,,0.7,0.7,0.4,0.1,0.07773,0.432,0.618,0.7
56,,0.65,0.65,0.35,0.05,0.02773,0.382,0.568,0.65
57,,0.6,0.6,0.3,0.0,-0.02227,0.332,0.518,0.6
58,5,0.55,0.609,0.45,0.291,0.97773,0.623,0.668,0.609
59,5,0.5,0.618,0.6,0.582,1.0,0.914,0.818,0.618
60,,0.45,0.568,0.55,0.532,0.95,0.864,0.768,0.568
61,,0.4,0.518,0.5,0.482,0.9,0.814,0.718,0.518
62,,0.35,0.468,0.45,0.432,0.85,0.764,0.668,0.468
63,,0.3,0.418,0.4,0.382,0.8,0.714,0.618,0.418
64,,0.25,0.368,0.35,0.332,0.75,0.664,0.568,0.368
65,,0.2,0.318,0.3,0.282,0.7,0.614,0.518,0.318
66,,0.15,0.268,0.25,0.232,0.65,0.564,0.468,0.268
67,,0.1,0.218,0.2,0.182,0.6,0.514,0.418,0.218
68,,0.05,0.168,0.15,0.132,0.55,0.464,0.368,0.168
69,,0.0,0.118,0.1,0.082,0.5,0.414,0.318,0.118
70,,-0.05,0.068,0.05,0.032,0.45,0.364,0.268,0.068
71,1,0.95,0.359,0.2,0.041,0.4,0.373,0.418,0.359
72,1,1.0,0.65,0.35,0.05,0.35,0.382,0.568,0.65
73,,0.95,0.6,0.3,0.0,0.3,0.332,0.518,0.6
74,,0.9,0.55,0.25,-0.05,0.25,0.282,0.468,0.55
75,4,0.909,0.7,0.541,0.95,0.541,0.432,0.477,0.5
76,4,0.918,0.85,0.832,1.0,0.832,0.582,0.486,0.45
77,,0.868,0.8,0.782,0.95,0.782,0.532,0.436,0.4
78,,0.818,0.75,0.732,0.9,0.732,0.482,0.386,0.35
79,,0.768,0.7,0.682,0.85,0.682,0.432,0.336,0.3
80,,0.718,0.65,0.632,0.8,0.632,0.382,0.286,0.25
81,,0.668,0.6,0.582,0.75,0.582,0.332,0.236,0.2
82,,0.618,0.55,0.532,0.7,0.532,0.282,0.186,0.15
83,,0.568,0.5,0.482,0.65,0.482,0.232,0.136,0.1
84,,0.518,0.45,0.432,0.6,0.432,0.182,0.086,0.05
85,,0.468,0.4,0.382,0.55,0.382,0.132,0.036,0.0
86,,0.418,0.35,0.332,0.5,0.332,0.082,-0.014,-0.05
87,8,0.709,0.5,0.341,0.45,0.341,0.232,0.277,0.95
88,8,1.0,0.65,0.35,0.4,0.35,0.382,0.568,1.0
89,,0.95,0.6,0.3,0.35,0.3,0.332,0.518,0.95
90,,0.9,0.55,0.25,0.3,0.25,0.282,0.468,0.9
91,,0.85,0.5,0.2,0.25,0.2,0.232,0.418,0.85
92,,0.8,0.45,0.15,0.2,0.15,0.182,0.368,0.8
93,,0.75,0.4,0.1,0.15,0.1,0.132,0.318,0.75
94,,0.7,0.35,0.05,0.1,0.05,0.082,0.268,0.7
95,,0.65,0.3,0.0,0.05,0.0,0.032,0.218,0.65
96,,0.6,0.25,-0.05,0.0,-0.05,-0.018,0.168,0.6
97,5,0.55,0.259,0.1,0.291,0.95,0.273,0.318,0.609
98,5,0.5,0.268,0.25,0.582,1.0,0.564,0.468,0.618
99,,0.45,0.218,0.2,0.532,0.95,0.514,0.418,0.568
100,,0.4,0.168,0.15,0.482,0.9,0.464,0.368,0.518
101,,0.35,0.118,0.1,0.432,0.85,0.414,0.318,0.468
102,,0.3,0.068,0.05,0.382,0.8,0.364,0.268,0.418
103,,0.25,0.018,0.0,0.332,0.75,0.314,0.218,0.368
104,,0.2,-0.032,-0.05,0.282,0.7,0.264,0.168,0.318
105,3,0.35,0.259,0.95,0.573,0.85,0.273,0.118,0.327
106,3,0.5,0.55,1.0,0.864,1.0,0.282,0.068,0.336
107,,0.45,0.5,0.95,0.814,0.95,0.232,0.018,0.286
108,,0.4,0.45,0.9,0.764,0.9,0.182,-0.032,0.236
109,7,0.55,0.459,0.85,0.773,1.0,0.473,0.968,0.527
110,7,0.7,0.468,0.8,0.782,1.0,0.764,1.0,0.818
111,,0.65,0.418,0.75,0.732,0.95,0.714,0.95,0.768
112,,0.6,0.368,0.7,0.682,0.9,0.664,0.9,0.718
113,,0.55,0.318,0.65,0.632,0.85,0.614,0.85,0.668
114,,0.5,0.268,0.6,0.582,0.8,0.564,0.8,0.618
115,,0.45,0.218,0.55,0.532,0.75,0.514,0.75,0.568
116,,0.4,0.168,0.5,0.482,0.7,0.464,0.7,0.518
117,,0.35,0.118,0.45,0.432,0.65,0.414,0.65,0.468
118,,0.3,0.068,0.4,0.382,0.6,0.364,0.6,0.418
119,,0.25,0.018,0.35,0.332,0.55,0.314,0.55,0.368
120,,0.2,-0.032,0.3,0.282,0.5,0.264,0.5,0.318
121,2,0.491,0.968,0.591,0.432,0.509,0.214,0.509,0.468
122,2,0.782,1.0,0.882,0.582,0.518,0.164,0.518,0.618
123,,0.732,0.95,0.832,0.532,0.468,0.114,0.468,0.568
124,,0.682,0.9,0.782,0.482,0.418,0.064,0.418,0.518
125,,0.632,0.85,0.732,0.432,0.368,0.014,0.368,0.468
126,,0.582,0.8,0.682,0.382,0.318,-0.036,0.318,0.418
127,6,0.591,0.75,0.691,0.532,0.609,0.964,0.609,0.568
128,6,0.6,0.7,0.7,0.682,0.9,1.0,0.9,0.718
129,,0.55,0.65,0.65,0.632,0.85,0.95,0.85,0.668
130,,0.5,0.6,0.6,0.582,0.8,0.9,0.8,0.618
131,,0.45,0.55,0.55,0.532,0.75,0.85,0.75,0.568
132,,0.4,0.5,0.5,0.482,0.7,0.8,0.7,0.518
133,,0.35,0.45,0.45,0.432,0.65,0.75,0.65,0.468
134,,0.3,0.4,0.4,0.382,0.6,0.7,0.6,0.418
135,,0.25,0.35,0.35,0.332,0.55,0.65,0.55,0.368
136,,0.2,0.3,0.3,0.282,0.5,0.6,0.5,0.318
137,,0.15,0.25,0.25,0.232,0.45,0.55,0.45,0.268
138,,0.1,0.2,0.2,0.182,0.4,0.5,0.4,0.218
139,,0.05,0.15,0.15,0.132,0.35,0.45,0.35,0.168
140,,0.0,0.1,0.1,0.082,0.3,0.4,0.3,0.118
141,,-0.05,0.05,0.05,0.032,0.25,0.35,0.25,0.068
142,1,0.95,0.341,0.2,0.041,0.2,0.359,0.4,0.359
143,1,1.0,0.632,0.35,0.05,0.15,0.368,0.55,0.65
144,,0.95,0.582,0.3,0.0,0.1,0.318,0.5,0.6
145,,0.9,0.532,0.25,-0.05,0.05,0.268,0.45,0.55
146,4,0.909,0.682,0.541,0.95,0.341,0.418,0.459,0.5
147,4,0.918,0.832,0.832,1.0,0.632,0.568,0.468,0.45
148,,0.868,0.782,0.782,0.95,0.582,0.518,0.418,0.4
149,,0.818,0.732,0.732,0.9,0.532,0.468,0.368,0.35
150,,0.768,0.682,0.682,0.85,0.482,0.418,0.318,0.3
151,,0.718,0.632,0.632,0.8,0.432,0.368,0.268,0.25
152,,0.668,0.582,0.582,0.75,0.382,0.318,0.218,0.2
153,,0.618,0.532,0.532,0.7,0.332,0.268,0.168,0.15
154,,0.568,0.482,0.482,0.65,0.282,0.218,0.118,0.1
155,,0.518,0.432,0.432,0.6,0.232,0.168,0.068,0.05
156,,0.468,0.382,0.382,0.55,0.182,0.118,0.018,0.0
157,,0.418,0.332,0.332,0.5,0.132,0.068,-0.032,-0.05
158,8,0.709,0.482,0.341,0.45,0.141,0.218,0.259,0.95
159,8,1.0,0.632,0.35,0.4,0.15,0.368,0.55,1.0
160,,0.95,0.582,0.3,0.35,0.1,0.318,0.5,0.95
161,,0.9,0.532,0.25,0.3,0.05,0.268,0.45,0.9
162,,0.85,0.482,0.2,0.25,0.0,0.218,0.4,0.85
163,,0.8,0.432,0.15,0.2,-0.05,0.168,0.35,0.8
164,5,0.75,0.441,0.3,0.491,0.95,0.459,0.5,0.809
165,5,0.7,0.45,0.45,0.782,1.0,0.75,0.65,0.818
166,,0.65,0.4,0.4,0.732,0.95,0.7,0.6,0.768
167,,0.6,0.35,0.35,0.682,0.9,0.65,0.55,0.718
168,,0.55,0.3,0.3,0.632,0.85,0.6,0.5,0.668
169,,0.5,0.25,0.25,0.582,0.8,0.55,0.45,0.618
170,,0.45,0.2,0.2,0.532,0.75,0.5,0.4,0.568
171,,0.4,0.15,0.15,0.482,0.7,0.45,0.35,0.518
172,,0.35,0.1,0.1,0.432,0.65,0.4,0.3,0.468
173,,0.3,0.05,0.05,0.382,0.6,0.35,0.25,0.418
174,,0.25,0.0,0.0,0.332,0.55,0.3,0.2,0.368
175,,0.2,-0.05,-0.05,0.282,0.5,0.25,0.15,0.318
176,2,0.491,0.95,0.241,0.432,0.509,0.2,0.159,0.468
177,2,0.782,1.0,0.532,0.582,0.518,0.15,0.168,0.618
178,,0.732,0.95,0.482,0.532,0.468,0.1,0.118,0.568
179,,0.682,0.9,0.432,0.482,0.418,0.05,0.068,0.518
180,,0.632,0.85,0.382,0.432,0.368,0.0,0.018,0.468
181,,0.582,0.8,0.332,0.382,0.318,-0.05,-0.032,0.418
182,6,0.591,0.75,0.341,0.532,0.609,0.95,0.259,0.568
183,6,0.6,0.7,0.35,0.682,0.9,1.0,0.55,0.718
184,,0.55,0.65,0.3,0.632,0.85,0.95,0.5,0.668
185,,0.5,0.6,0.25,0.582,0.8,0.9,0.45,0.618
186,,0.45,0.55,0.2,0.532,0.75,0.85,0.4,0.568
187,,0.4,0.5,0.15,0.482,0.7,0.8,0.35,0.518
188,,0.35,0.45,0.1,0.432,0.65,0.75,0.3,0.468
189,,0.3,0.4,0.05,0.382,0.6,0.7,0.25,0.418
190,,0.25,0.35,0.0,0.332,0.55,0.65,0.2,0.368
191,,0.2,0.3,-0.05,0.282,0.5,0.6,0.15,0.318
192,3,0.35,0.591,0.95,0.573,0.65,0.609,0.1,0.327
193,3,0.5,0.882,1.0,0.864,0.8,0.618,0.05,0.336
194,,0.45,0.832,0.95,0.814,0.75,0.568,0.0,0.286
195,,0.4,0.782,0.9,0.764,0.7,0.518,-0.05,0.236
196,7,0.55,0.791,0.85,0.773,0.85,0.809,0.95,0.527
197,7,0.7,0.8,0.8,0.782,1.0,1.0,1.0,0.818
198,,0.65,0.75,0.75,0.732,0.95,0.95,0.95,0.768
199,,0.6,0.7,0.7,0.682,0.9,0.9,0.9,0.718
200,,0.55,0.65,0.65,0.632,0.85,0.85,0.85,0.668
201,,0.5,0.6,0.6,0.582,0.8,0.8,0.8,0.618
202,,0.45,0.55,0.55,0.532,0.75,0.75,0.75,0.568
203,,0.4,0.5,0.5,0.482,0.7,0.7,0.7,0.518
204,,0.35,0.45,0.45,0.432,0.65,0.65,0.65,0.468
205,,0.3,0.4,0.4,0.382,0.6,0.6,0.6,0.418
206,,0.25,0.35,0.35,0.332,0.55,0.55,0.55,0.368
207,,0.2,0.3,0.3,0.282,0.5,0.5,0.5,0.318
208,,0.15,0.25,0.25,0.232,0.45,0.45,0.45,0.268
209,,0.1,0.2,0.2,0.182,0.4,0.4,0.4,0.218
210,,0.05,0.15,0.15,0.132,0.35,0.35,0.35,0.168
211,,0.0,0.1,0.1,0.082,0.3,0.3,0.3,0.118
212,,-0.05,0.05,0.05,0.032,0.25,0.25,0.25,0.068
213,1,0.95,0.341,0.2,0.041,0.2,0.259,0.4,0.359
214,1,1.0,0.632,0.35,0.05,0.15,0.268,0.55,0.65
215,,0.95,0.582,0.3,0.0,0.1,0.218,0.5,0.6
216,,0.9,0.532,0.25,-0.05,0.05,0.168,0.45,0.55
217,4,0.909,0.682,0.541,0.95,0.341,0.318,0.459,0.5
218,4,0.918,0.832,0.832,1.0,0.632,0.468,0.468,0.45
219,,0.868,0.782,0.782,0.95,0.582,0.418,0.418,0.4
220,,0.818,0.732,0.732,0.9,0.532,0.368,0.368,0.35
221,,0.768,0.682,0.682,0.85,0.482,0.318,0.318,0.3
222,,0.718,0.632,0.632,0.8,0.432,0.268,0.268,0.25
223,,0.668,0.582,0.582,0.75,0.382,0.218,0.218,0.2
224,,0.618,0.532,0.532,0.7,0.332,0.168,0.168,0.15
225,,0.568,0.482,0.482,0.65,0.282,0.118,0.118,0.1
226,,0.518,0.432,0.432,0.6,0.232,0.068,0.068,0.05
227,,0.468,0.382,0.382,0.55,0.182,0.018,0.018,0.0
228,,0.418,0.332,0.332,0.5,0.132,-0.032,-0.032,-0.05
229,8,0.709,0.482,0.341,0.45,0.141,0.118,0.259,0.95
230,8,1.0,0.632,0.35,0.4,0.15,0.268,0.55,1.0
231,,0.95,0.582,0.3,0.35,0.1,0.218,0.5,0.95
232,,0.9,0.532,0.25,0.3,0.05,0.168,0.45,0.9
233,,0.85,0.482,0.2,0.25,0.0,0.118,0.4,0.85
234,,0.8,0.432,0.15,0.2,-0.05,0.068,0.35,0.8
235,5,0.75,0.441,0.3,0.491,0.95,0.359,0.5,0.809
236,5,0.7,0.45,0.45,0.782,1.0,0.65,0.65,0.818
237,,0.65,0.4,0.4,0.732,0.95,0.6,0.6,0.768
238,,0.6,0.35,0.35,0.682,0.9,0.55,0.55,0.718
239,,0.55,0.3,0.3,0.632,0.85,0.5,0.5,0.668
240,,0.5,0.25,0.25,0.582,0.8,0.45,0.45,0.618
241,,0.45,0.2,0.2,0.532,0.75,0.4,0.4,0.568
242,,0.4,0.15,0.15,0.482,0.7,0.35,0.35,0.518
243,,0.35,0.1,0.1,0.432,0.65,0.3,0.3,0.468
244,,0.3,0.05,0.05,0.382,0.6,0.25,0.25,0.418
245,,0.25,0.0,0.0,0.332,0.55,0.2,0.2,0.368
246,,0.2,-0.05,-0.05,0.282,0.5,0.15,0.15,0.318
247,2,0.491,0.95,0.241,0.432,0.509,0.1,0.159,0.468
248,2,0.782,1.0,0.532,0.582,0.518,0.05,0.168,0.618
249,,0.732,0.95,0.482,0.532,0.468,0.0,0.118,0.568
250,,0.682,0.9,0.432,0.482,0.418,-0.05,0.068,0.518
251,6,0.691,0.85,0.441,0.632,0.709,0.95,0.359,0.668
252,6,0.7,0.8,0.45,0.782,1.0,1.0,0.65,0.818
253,,0.65,0.75,0.4,0.732,0.95,0.95,0.6,0.768
254,,0.6,0.7,0.35,0.682,0.9,0.9,0.55,0.718
255,,0.55,0.65,0.3,0.632,0.85,0.85,0.5,0.668
256,,0.5,0.6,0.25,0.582,0.8,0.8,0.45,0.618
257,,0.45,0.55,0.2,0.532,0.75,0.75,0.4,0.568
258,,0.4,0.5,0.15,0.482,0.7,0.7,0.35,0.518
259,,0.35,0.45,0.1,0.432,0.65,0.65,0.3,0.468
260,,0.3,0.4,0.05,0.382,0.6,0.6,0.25,0.418
261,,0.25,0.35,0.0,0.332,0.55,0.55,0.2,0.368
262,,0.2,0.3,-0.05,0.282,0.5,0.5,0.15,0.318
263,3,0.35,0.591,0.95,0.573,0.65,0.509,0.1,0.327
264,3,0.5,0.882,1.0,0.864,0.8,0.518,0.05,0.336
265,,0.45,0.832,0.95,0.814,0.75,0.468,0.0,0.286
266,,0.4,0.782,0.9,0.764,0.7,0.418,-0.05,0.236
267,7,0.55,0.791,0.85,0.773,0.85,0.709,0.95,0.527
268,7,0.7,0.8,0.8,0.782,1.0,1.0,1.0,0.818
269,,0.65,0.75,0.75,0.732,0.95,0.95,0.95,0.768
270,,0.6,0.7,0.7,0.682,0.9,0.9,0.9,0.718
271,,0.55,0.65,0.65,0.632,0.85,0.85,0.85,0.668
272,,0.5,0.6,0.6,0.582,0.8,0.8,0.8,0.618
273,,0.45,0.55,0.55,0.532,0.75,0.75,0.75,0.568
274,,0.4,0.5,0.5,0.482,0.7,0.7,0.7,0.518
275,,0.35,0.45,0.45,0.432,0.65,0.65,0.65,0.468
276,,0.3,0.4,0.4,0.382,0.6,0.6,0.6,0.418
277,,0.25,0.35,0.35,0.332,0.55,0.55,0.55,0.368
278,,0.2,0.3,0.3,0.282,0.5,0.5,0.5,0.318
279,,0.15,0.25,0.25,0.232,0.45,0.45,0.45,0.268
280,,0.1,0.2,0.2,0.182,0.4,0.4,0.4,0.218
281,,0.05,0.15,0.15,0.132,0.35,0.35,0.35,0.168
282,,0.0,0.1,0.1,0.082,0.3,0.3,0.3,0.118
283,,-0.05,0.05,0.05,0.032,0.25,0.25,0.25,0.068
284,1,0.95,0.341,0.2,0.041,0.2,0.259,0.4,0.359
285,1,1.0,0.632,0.35,0.05,0.15,0.268,0.55,0.65
286,,0.95,0.582,0.3,0.0,0.1,0.218,0.5,0.6
287,,0.9,0.532,0.25,-0.05,0.05,0.168,0.45,0.55
288,4,0.909,0.682,0.541,0.95,0.341,0.318,0.459,0.5
289,4,0.918,0.832,0.832,1.0,0.632,0.468,0.468,0.45
290,,0.868,0.782,0.782,0.95,0.582,0.418,0.418,0.4
291,,0.818,0.732,0.732,0.9,0.532,0.368,0.368,0.35
292,,0.768,0.682,0.682,0.85,0.482,0.318,0.318,0.3
293,,0.718,0.632,0.632,0.8,0.432,0.268,0.268,0.25
294,,0.668,0.582,0.582,0.75,0.382,0.218,0.218,0.2
295,,0.618,0.532,0.532,0.7,0.332,0.168,0.168,0.15
296,,0.568,0.482,0.482,0.65,0.282,0.118,0.118,0.1
297,,0.518,0.432,0.432,0.6,0.232,0.068,0.068,0.05
298,,0.468,0.382,0.382,0.55,0.182,0.018,0.018,0.0
299,,0.418,0.332,0.332,0.5,0.132,-0.032,-0.032,-0.05
300,8,0.709,0.482,0.341,0.45,0.141,0.118,0.259,0.95
301,8,1.0,0.632,0.35,0.4,0.15,0.268,0.55,1.0
302,,0.95,0.582,0.3,0.35,0.1,0.218,0.5,0.95
303,,0.9,0.532,0.25,0.3,0.05,0.168,0.45,0.9
304,,0.85,0.482,0.2,0.25,0.0,0.118,0.4,0.85
305,,0.8,0.432,0.15,0.2,-0.05,0.068,0.35,0.8
306,5,0.75,0.441,0.3,0.491,0.95,0.359,0.5,0.809
307,5,0.7,0.45,0.45,0.782,1.0,0.65,0.65,0.818
308,,0.65,0.4,0.4,0.732,0.95,0.6,0.6,0.768
309,,0.6,0.35,0.35,0.682,0.9,0.55,0.55,0.718
310,,0.55,0.3,0.3,0.632,0.85,0.5,0.5,0.668
311,,0.5,0.25,0.25,0.582,0.8,0.45,0.45,0.618
312,,0.45,0.2,0.2,0.532,0.75,0.4,0.4,0.568
313,,0.4,0.15,0.15,0.482,0.7,0.35,0.35,0.518
314,,0.35,0.1,0.1,0.432,0.65,0.3,0.3,0.468
315,,0.3,0.05,0.05,0.382,0.6,0.25,0.25,0.418
316,,0.25,0.0,0.0,0.332,0.55,0.2,0.2,0.368
317,,0.2,-0.05,-0.05,0.282,0.5,0.15,0.15,0.318
318,3,0.35,0.241,0.95,0.573,0.65,0.159,0.1,0.327
319,3,0.5,0.532,1.0,0.864,0.8,0.168,0.05,0.336
320,,0.45,0.482,0.95,0.814,0.75,0.118,0.0,0.286
321,,0.4,0.432,0.9,0.764,0.7,0.068,-0.05,0.236
322,7,0.55,0.441,0.85,0.773,0.85,0.359,0.95,0.527
323,7,0.7,0.45,0.8,0.782,1.0,0.65,1.0,0.818
324,,0.65,0.4,0.75,0.732,0.95,0.6,0.95,0.768
325,,0.6,0.35,0.7,0.682,0.9,0.55,0.9,0.718
326,,0.55,0.3,0.65,0.632,0.85,0.5,0.85,0.668
327,,0.5,0.25,0.6,0.582,0.8,0.45,0.8,0.618
328,,0.45,0.2,0.55,0.532,0.75,0.4,0.75,0.568
329,,0.4,0.15,0.5,0.482,0.7,0.35,0.7,0.518
330,,0.35,0.1,0.45,0.432,0.65,0.3,0.65,0.468
331,,0.3,0.05,0.4,0.382,0.6,0.25,0.6,0.418
332,,0.25,0.0,0.35,0.332,0.55,0.2,0.55,0.368
333,,0.2,-0.05,0.3,0.282,0.5,0.15,0.5,0.318
334,2,0.491,0.95,0.591,0.432,0.509,0.1,0.509,0.468
335,2,0.782,1.0,0.882,0.582,0.518,0.05,0.518,0.618
336,,0.732,0.95,0.832,0.532,0.468,0.0,0.468,0.568
337,,0.682,0.9,0.782,0.482,0.418,-0.05,0.418,0.518
338,6,0.691,0.85,0.791,0.632,0.709,0.95,0.709,0.668
339,6,0.7,0.8,0.8,0.782,1.0,1.0,1.0,0.818
340,,0.65,0.75,0.75,0.732,0.95,0.95,0.95,0.768
341,,0.6,0.7,0.7,0.682,0.9,0.9,0.9,0.718
342,,0.55,0.65,0.65,0.632,0.85,0.85,0.85,0.668
343,,0.5,0.6,0.6,0.582,0.8,0.8,0.8,0.618
344,,0.45,0.55,0.55,0.532,0.75,0.75,0.75,0.568
345,,0.4,0.5,0.5,0.482,0.7,0.7,0.7,0.518
346,,0.35,0.45,0.45,0.432,0.65,0.65,0.65,0.468
347,,0.3,0.4,0.4,0.382,0.6,0.6,0.6,0.418
348,,0.25,0.35,0.35,0.332,0.55,0.55,0.55,0.368
349,,0.2,0.3,0.3,0.282,0.5,0.5,0.5,0.318
350,,0.15,0.25,0.25,0.232,0.45,0.45,0.45,0.268
351,,0.1,0.2,0.2,0.182,0.4,0.4,0.4,0.218
352,,0.05,0.15,0.15,0.132,0.35,0.35,0.35,0.168
353,,0.0,0.1,0.1,0.082,0.3,0.3,0.3,0.118
354,,-0.05,0.05,0.05,0.032,0.25,0.25,0.25,0.068
355,1,0.95,0.341,0.2,0.041,0.2,0.259,0.4,0.359
356,1,1.0,0.632,0.35,0.05,0.15,0.268,0.55,0.65
357,,0.95,0.582,0.3,0.0,0.1,0.218,0.5,0.6
358,,0.9,0.532,0.25,-0.05,0.05,0.168,0.45,0.55
359,4,0.909,0.682,0.541,0.95,0.341,0.318,0.459,0.5
360,4,0.918,0.832,0.832,1.0,0.632,0.468,0.468,0.45
361,,0.868,0.782,0.782,0.95,0.582,0.418,0.418,0.4
362,,0.818,0.732,0.732,0.9,0.532,0.368,0.368,0.35
363,,0.768,0.682,0.682,0.85,0.482,0.318,0.318,0.3
364,,0.718,0.632,0.632,0.8,0.432,0.268,0.268,0.25
365,,0.668,0.582,0.582,0.75,0.382,0.218,0.218,0.2
366,,0.618,0.532,0.532,0.7,0.332,0.168,0.168,0.15
367,,0.568,0.482,0.482,0.65,0.282,0.118,0.118,0.1
368,,0.518,0.432,0.432,0.6,0.232,0.068,0.068,0.05
369,,0.468,0.382,0.382,0.55,0.182,0.018,0.018,0.0
370,,0.418,0.332,0.332,0.5,0.132,-0.032,-0.032,-0.05
371,8,0.709,0.482,0.341,0.45,0.141,0.118,0.259,0.95
372,8,1.0,0.632,0.35,0.4,0.15,0.268,0.55,1.0
373,,0.95,0.582,0.3,0.35,0.1,0.218,0.5,0.95
374,,0.9,0.532,0.25,0.3,0.05,0.168,0.45,0.9
375,,0.85,0.482,0.2,0.25,0.0,0.118,0.4,0.85
376,,0.8,0.432,0.15,0.2,-0.05,0.068,0.35,0.8
377,5,0.75,0.441,0.3,0.491,0.95,0.359,0.5,0.809
378,5,0.7,0.45,0.45,0.782,1.0,0.65,0.65,0.818
379,,0.65,0.4,0.4,0.732,0.95,0.6,0.6,0.768
380,,0.6,0.35,0.35,0.682,0.9,0.55,0.55,0.718
381,,0.55,0.3,0.3,0.632,0.85,0.5,0.5,0.668
382,,0.5,0.25,0.25,0.582,0.8,0.45,0.45,0.618
383,,0.45,0.2,0.2,0.532,0.75,0.4,0.4,0.568
384,,0.4,0.15,0.15,0.482,0.7,0.35,0.35,0.518
385,,0.35,0.1,0.1,0.432,0.65,0.3,0.3,0.468
386,,0.3,0.05,0.05,0.382,0.6,0.25,0.25,0.418
387,,0.25,0.0,0.0,0.332,0.55,0.2,0.2,0.368
388,,0.2,-0.05,-0.05,0.282,0.5,0.15,0.15,0.318
389,2,0.491,0.95,0.241,0.432,0.509,0.1,0.159,0.468
390,2,0.782,1.0,0.532,0.582,0.518,0.05,0.168,0.618
391,,0.732,0.95,0.482,0.532,0.468,0.0,0.118,0.568
392,,0.682,0.9,0.432,0.482,0.418,-0.05,0.068,0.518
393,6,0.691,0.85,0.441,0.632,0.709,0.95,0.359,0.668
394,6,0.7,0.8,0.45,0.782,1.0,1.0,0.65,0.818
395,,0.65,0.75,0.4,0.732,0.95,0.95,0.6,0.768
396,,0.6,0.7,0.35,0.682,0.9,0.9,0.55,0.718
397,,0.55,0.65,0.3,0.632,0.85,0.85,0.5,0.668
398,,0.5,0.6,0.25,0.582,0.8,0.8,0.45,0.618
399,,0.45,0.55,0.2,0.532,0.75,0.75,0.4,0.568
400,,0.4,0.5,0.15,0.482,0.7,0.7,0.35,0.518
401,,0.35,0.45,0.1,0.432,0.65,0.65,0.3,0.468
402,,0.3,0.4,0.05,0.382,0.6,0.6,0.25,0.418
403,,0.25,0.35,0.0,0.332,0.55,0.55,0.2,0.368
404,,0.2,0.3,-0.05,0.282,0.5,0.5,0.15,0.318
405,3,0.35,0.591,0.95,0.573,0.65,0.509,0.1,0.327
406,3,0.5,0.882,1.0,0.864,0.8,0.518,0.05,0.336
407,,0.45,0.832,0.95,0.814,0.75,0.468,0.0,0.286
408,,0.4,0.782,0.9,0.764,0.7,0.418,-0.05,0.236
409,7,0.55,0.791,0.85,0.773,0.85,0.709,0.95,0.527
410,7,0.7,0.8,0.8,0.782,1.0,1.0,1.0,0.818
411,,0.65,0.75,0.75,0.732,0.95,0.95,0.95,0.768
412,,0.6,0.7,0.7,0.682,0.9,0.9,0.9,0.718
413,,0.55,0.65,0.65,0.632,0.85,0.85,0.85,0.668
414,,0.5,0.6,0.6,0.582,0.8,0.8,0.8,0.618
415,,0.45,0.55,0.55,0.532,0.75,0.75,0.75,0.568
416,,0.4,0.5,0.5,0.482,0.7,0.7,0.7,0.518
417,,0.35,0.45,0.45,0.432,0.65,0.65,0.65,0.468
418,,0.3,0.4,0.4,0.382,0.6,0.6,0.6,0.418
419,,0.25,0.35,0.35,0.332,0.55,0.55,0.55,0.368
420,,0.2,0.3,0.3,0.282,0.5,0.5,0.5,0.318
421,,0.15,0.25,0.25,0.232,0.45,0.45,0.45,0.268
422,,0.1,0.2,0.2,0.182,0.4,0.4,0.4,0.218
423,,0.05,0.15,0.15,0.132,0.35,0.35,0.35,0.168
424,,0.0,0.1,0.1,0.082,0.3,0.3,0.3,0.118
425,,-0.05,0.05,0.05,0.032,0.25,0.25,0.25,0.068
426,1,0.95,0.341,0.2,0.041,0.2,0.259,0.4,0.359
427,1,1.0,0.632,0.35,0.05,0.15,0.268,0.55,0.65
428,,0.95,0.582,0.3,0.0,0.1,0.218,0.5,0.6
429,,0.9,0.532,0.25,-0.05,0.05,0.168,0.45,0.55
430,4,0.909,0.682,0.541,0.95,0.341,0.318,0.459,0.5
431,4,0.918,0.832,0.832,1.0,0.632,0.468,0.468,0.45
432,,0.868,0.782,0.782,0.95,0.582,0.418,0.418,0.4
433,,0.818,0.732,0.732,0.9,0.532,0.368,0.368,0.35
434,,0.768,0.682,0.682,0.85,0.482,0.318,0.318,0.3
435,,0.718,0.632,0.632,0.8,0.432,0.268,0.268,0.25
436,,0.668,0.582,0.582,0.75,0.382,0.218,0.218,0.2
437,,0.618,0.532,0.532,0.7,0.332,0.168,0.168,0.15
438,,0.568,0.482,0.482,0.65,0.282,0.118,0.118,0.1
439,,0.518,0.432,0.432,0.6,0.232,0.068,0.068,0.05
440,,0.468,0.382,0.382,0.55,0.182,0.018,0.018,0.0
441,,0.418,0.332,0.332,0.5,0.132,-0.032,-0.032,-0.05
442,8,0.709,0.482,0.341,0.45,0.141,0.118,0.259,0.95
443,8,1.0,0.632,0.35,0.4,0.15,0.268,0.55,1.0
444,,0.95,0.582,0.3,0.35,0.1,0.218,0.5,0.95
445,,0.9,0.532,0.25,0.3,0.05,0.168,0.45,0.9
446,,0.85,0.482,0.2,0.25,0.0,0.118,0.4,0.85
447,,0.8,0.432,0.15,0.2,-0.05,0.068,0.35,0.8
448,5,0.75,0.441,0.3,0.491,0.95,0.359,0.5,0.809
449,5,0.7,0.45,0.45,0.782,1.0,0.65,0.65,0.818
450,,0.65,0.4,0.4,0.732,0.95,0.6,0.6,0.768
451,,0.6,0.35,0.35,0.682,0.9,0.55,0.55,0.718
452,,0.55,0.3,0.3,0.632,0.85,0.5,0.5,0.668
453,,0.5,0.25,0.25,0.582,0.8,0.45,0.45,0.618
454,,0.45,0.2,0.2,0.532,0.75,0.4,0.4,0.568
455,,0.4,0.15,0.15,0.482,0.7,0.35,0.35,0.518
456,,0.35,0.1,0.1,0.432,0.65,0.3,0.3,0.468
457,,0.3,0.05,0.05,0.382,0.6,0.25,0.25,0.418
458,,0.25,0.0,0.0,0.332,0.55,0.2,0.2,0.368
459,,0.2,-0.05,-0.05,0.282,0.5,0.15,0.15,0.318
460,3,0.35,0.241,0.95,0.573,0.65,0.159,0.1,0.327
461,3,0.5,0.532,1.0,0.864,0.8,0.168,0.05,0.336
462,,0.45,0.482,0.95,0.814,0.75,0.118,0.0,0.286
463,,0.4,0.432,0.9,0.764,0.7,0.068,-0.05,0.236
464,7,0.55,0.441,0.85,0.773,0.85,0.359,0.95,0.527
465,7,0.7,0.45,0.8,0.782,1.0,0.65,1.0,0.818
466,,0.65,0.4,0.75,0.732,0.95,0.6,0.95,0.768
467,,0.6,0.35,0.7,0.682,0.9,0.55,0.9,0.718
468,,0.55,0.3,0.65,0.632,0.85,0.5,0.85,0.668
469,,0.5,0.25,0.6,0.582,0.8,0.45,0.8,0.618
470,,0.45,0.2,0.55,0.532,0.75,0.4,0.75,0.568
471,,0.4,0.15,0.5,0.482,0.7,0.35,0.7,0.518
472,,0.35,0.1,0.45,0.432,0.65,0.3,0.65,0.468
473,,0.3,0.05,0.4,0.382,0.6,0.25,0.6,0.418
474,,0.25,0.0,0.35,0.332,0.55,0.2,0.55,0.368
475,,0.2,-0.05,0.3,0.282,0.5,0.15,0.5,0.318
476,2,0.491,0.95,0.591,0.432,0.509,0.1,0.509,0.468
477,2,0.782,1.0,0.882,0.582,0.518,0.05,0.518,0.618
478,,0.732,0.95,0.832,0.532,0.468,0.0,0.468,0.568
479,,0.682,0.9,0.782,0.482,0.418,-0.05,0.418,0.518
480,6,0.691,0.85,0.791,0.632,0.709,0.95,0.709,0.668
481,6,0.7,0.8,0.8,0.782,1.0,1.0,1.0,0.818
482,,0.65,0.75,0.75,0.732,0.95,0.95,0.95,0.768
483,,0.6,0.7,0.7,0.682,0.9,0.9,0.9,0.718
484,,0.55,0.65,0.65,0.632,0.85,0.85,0.85,0.668
485,,0.5,0.6,0.6,0.582,0.8,0.8,0.8,0.618
486,,0.45,0.55,0.55,0.532,0.75,0.75,0.75,0.568
487,,0.4,0.5,0.5,0.482,0.7,0.7,0.7,0.518
488,,0.35,0.45,0.45,0.432,0.65,0.65,0.65,0.468
489,,0.3,0.4,0.4,0.382,0.6,0.6,0.6,0.418
490,,0.25,0.35,0.35,0.332,0.55,0.55,0.55,0.368
491,,0.2,0.3,0.3,0.282,0.5,0.5,0.5,0.318
492,,0.15,0.25,0.25,0.232,0.45,0.45,0.45,0.268
493,,0.1,0.2,0.2,0.182,0.4,0.4,0.4,0.218
494,,0.05,0.15,0.15,0.132,0.35,0.35,0.35,0.168
495,,0.0,0.1,0.1,0.082,0.3,0.3,0.3,0.118
496,,-0.05,0.05,0.05,0.032,0.25,0.25,0.25,0.068
497,1,0.95,0.341,0.2,0.041,0.2,0.259,0.4,0.359
498,1,1.0,0.632,0.35,0.05,0.15,0.268,0.55,0.65
499,,0.95,0.582,0.3,0.0,0.1,0.218,0.5,0.6
500,,0.9,0.532,0.25,-0.05,0.05,0.168,0.45,0.55
501,4,0.909,0.682,0.541,0.95,0.341,0.318,0.459,0.5
502,4,0.918,0.832,0.832,1.0,0.632,0.468,0.468,0.45
503,,0.868,0.782,0.782,0.95,0.582,0.418,0.418,0.4
504,,0.818,0.732,0.732,0.9,0.532,0.368,0.368,0.35
505,,0.768,0.682,0.682,0.85,0.482,0.318,0.318,0.3
506,,0.718,0.632,0.632,0.8,0.432,0.268,0.268,0.25
507,,0.668,0.582,0.582,0.75,0.382,0.218,0.218,0.2
508,,0.618,0.532,0.532,0.7,0.332,0.168,0.168,0.15
509,,0.568,0.482,0.482,0.65,0.282,0.118,0.118,0.1
510,,0.518,0.432,0.432,0.6,0.232,0.068,0.068,0.05
511,,0.468,0.382,0.382,0.55,0.182,0.018,0.018,0.0
512,,0.418,0.332,0.332,0.5,0.132,-0.032,-0.032,-0.05
513,8,0.709,0.482,0.341,0.45,0.141,0.118,0.259,0.95
514,8,1.0,0.632,0.35,0.4,0.15,0.268,0.55,1.0
515,,0.95,0.582,0.3,0.35,0.1,0.218,0.5,0.95
516,,0.9,0.532,0.25,0.3,0.05,0.168,0.45,0.9
517,,0.85,0.482,0.2,0.25,0.0,0.118,0.4,0.85
518,,0.8,0.432,0.15,0.2,-0.05,0.068,0.35,0.8
519,5,0.75,0.441,0.3,0.491,0.95,0.359,0.5,0.809
520,5,0.7,0.45,0.45,0.782,1.0,0.65,0.65,0.818
521,,0.65,0.4,0.4,0.732,0.95,0.6,0.6,0.768
522,,0.6,0.35,0.35,0.682,0.9,0.55,0.55,0.718
523,,0.55,0.3,0.3,0.632,0.85,0.5,0.5,0.668
524,,0.5,0.25,0.25,0.582,0.8,0.45,0.45,0.618
525,,0.45,0.2,0.2,0.532,0.75,0.4,0.4,0.568
526,,0.4,0.15,0.15,0.482,0.7,0.35,0.35,0.518
527,,0.35,0.1,0.1,0.432,0.65,0.3,0.3,0.468
528,,0.3,0.05,0.05,0.382,0.6,0.25,0.25,0.418
529,,0.25,0.0,0.0,0.332,0.55,0.2,0.2,0.368
530,,0.2,-0.05,-0.05,0.282,0.5,0.15,0.15,0.318
531,3,0.35,0.241,0.95,0.573,0.65,0.159,0.1,0.327
532,3,0.5,0.532,1.0,0.864,0.8,0.168,0.05,0.336
533,,0.45,0.482,0.95,0.814,0.75,0.118,0.0,0.286
534,,0.4,0.432,0.9,0.764,0.7,0.068,-0.05,0.236
535,7,0.55,0.441,0.85,0.773,0.85,0.359,0.95,0.527
536,7,0.7,0.45,0.8,0.782,1.0,0.65,1.0,0.818
537,,0.65,0.4,0.75,0.732,0.95,0.6,0.95,0.768
538,,0.6,0.35,0.7,0.682,0.9,0.55,0.9,0.718
539,,0.55,0.3,0.65,0.632,0.85,0.5,0.85,0.668
540,,0.5,0.25,0.6,0.582,0.8,0.45,0.8,0.618
541,,0.45,0.2,0.55,0.532,0.75,0.4,0.75,0.568
542,,0.4,0.15,0.5,0.482,0.7,0.35,0.7,0.518
543,,0.35,0.1,0.45,0.432,0.65,0.3,0.65,0.468
544,,0.3,0.05,0.4,0.382,0.6,0.25,0.6,0.418
545,,0.25,0.0,0.35,0.332,0.55,0.2,0.55,0.368
546,,0.2,-0.05,0.3,0.282,0.5,0.15,0.5,0.318
547,2,0.491,0.95,0.591,0.432,0.509,0.1,0.509,0.468
548,2,0.782,1.0,0.882,0.582,0.518,0.05,0.518,0.618
549,,0.732,0.95,0.832,0.532,0.468,0.0,0.468,0.568
550,,0.682,0.9,0.782,0.482,0.418,-0.05,0.418,0.518
551,6,0.691,0.85,0.791,0.632,0.709,0.95,0.709,0.668
552,6,0.7,0.8,0.8,0.782,1.0,1.0,1.0,0.818
553,,0.65,0.75,0.75,0.732,0.95,0.95,0.95,0.768
554,,0.6,0.7,0.7,0.682,0.9,0.9,0.9,0.718
555,,0.55,0.65,0.65,0.632,0.85,0.85,0.85,0.668
556,,0.5,0.6,0.6,0.582,0.8,0.8,0.8,0.618
557,,0.45,0.55,0.55,0.532,0.75,0.75,0.75,0.568
558,,0.4,0.5,0.5,0.482,0.7,0.7,0.7,0.518
559,,0.35,0.45,0.45,0.432,0.65,0.65,0.65,0.468
560,,0.3,0.4,0.4,0.382,0.6,0.6,0.6,0.418
561,,0.25,0.35,0.35,0.332,0.55,0.55,0.55,0.368
562,,0.2,0.3,0.3,0.282,0.5,0.5,0.5,0.318
563,,0.15,0.25,0.25,0.232,0.45,0.45,0.45,0.268
564,,0.1,0.2,0.2,0.182,0.4,0.4,0.4,0.218
565,,0.05,0.15,0.15,0.132,0.35,0.35,0.35,0.168
566,,0.0,0.1,0.1,0.082,0.3,0.3,0.3,0.118
567,,-0.05,0.05,0.05,0.032,0.25,0.25,0.25,0.068
568,1,0.95,0.341,0.2,0.041,0.2,0.259,0.4,0.359
569,1,1.0,0.632,0.35,0.05,0.15,0.268,0.55,0.65
570,,0.95,0.582,0.3,0.0,0.1,0.218,0.5,0.6
571,,0.9,0.532,0.25,-0.05,0.05,0.168,0.45,0.55
572,4,0.909,0.682,0.541,0.95,0.341,0.318,0.459,0.5
573,4,0.918,0.832,0.832,1.0,0.632,0.468,0.468,0.45
574,,0.868,0.782,0.782,0.95,0.582,0.418,0.418,0.4
575,,0.818,0.732,0.732,0.9,0.532,0.368,0.368,0.35
576,,0.768,0.682,0.682,0.85,0.482,0.318,0.318,0.3
577,,0.718,0.632,0.632,0.8,0.432,0.268,0.268,0.25
578,,0.668,0.582,0.582,0.75,0.382,0.218,0.218,0.2
579,,0.618,0.532,0.532,0.7,0.332,0.168,0.168,0.15
580,,0.568,0.482,0.482,0.65,0.282,0.118,0.118,0.1
581,,0.518,0.432,0.432,0.6,0.232,0.068,0.068,0.05
582,,0.468,0.382,0.382,0.55,0.182,0.018,0.018,0.0
583,,0.418,0.332,0.332,0.5,0.132,-0.032,-0.032,-0.05
584,8,0.709,0.482,0.341,0.45,0.141,0.118,0.259,0.95
585,8,1.0,0.632,0.35,0.4,0.15,0.268,0.55,1.0
586,,0.95,0.582,0.3,0.35,0.1,0.218,0.5,0.95
587,,0.9,0.532,0.25,0.3,0.05,0.168,0.45,0.9
588,,0.85,0.482,0.2,0.25,0.0,0.118,0.4,0.85
589,,0.8,0.432,0.15,0.2,-0.05,0.068,0.35,0.8
590,5,0.75,0.441,0.3,0.491,0.95,0.359,0.5,0.809
591,5,0.7,0.45,0.45,0.782,1.0,0.65,0.65,0.818
592,,0.65,0.4,0.4,0.732,0.95,0.6,0.6,0.768
593,,0.6,0.35,0.35,0.682,0.9,0.55,0.55,0.718
594,,0.55,0.3,0.3,0.632,0.85,0.5,0.5,0.668
595,,0.5,0.25,0.25,0.582,0.8,0.45,0.45,0.618
596,,0.45,0.2,0.2,0.532,0.75,0.4,0.4,0.568
597,,0.4,0.15,0.15,0.482,0.7,0.35,0.35,0.518
598,,0.35,0.1,0.1,0.432,0.65,0.3,0.3,0.468
599,,0.3,0.05,0.05,0.382,0.6,0.25,0.25,0.418
600,,0.25,0.0,0.0,0.332,0.55,0.2,0.2,0.368
601,,0.2,-0.05,-0.05,0.282,0.5,0.15,0.15,0.318
602,2,0.491,0.95,0.241,0.432,0.509,0.1,0.159,0.468
603,2,0.782,1.0,0.532,0.582,0.518,0.05,0.168,0.618
604,,0.732,0.95,0.482,0.532,0.468,0.0,0.118,0.568
605,,0.682,0.9,0.432,0.482,0.418,-0.05,0.068,0.518
606,6,0.691,0.85,0.441,0.632,0.709,0.95,0.359,0.668
607,6,0.7,0.8,0.45,0.782,1.0,1.0,0.65,0.818
608,,0.65,0.75,0.4,0.732,0.95,0.95,0.6,0.768
609,,0.6,0.7,0.35,0.682,0.9,0.9,0.55,0.718
610,,0.55,0.65,0.3,0.632,0.85,0.85,0.5,0.668
611,,0.5,0.6,0.25,0.582,0.8,0.8,0.45,0.618
612,,0.45,0.55,0.2,0.532,0.75,0.75,0.4,0.568
613,,0.4,0.5,0.15,0.482,0.7,0.7,0.35,0.518
614,,0.35,0.45,0.1,0.432,0.65,0.65,0.3,0.468
615,,0.3,0.4,0.05,0.382,0.6,0.6,0.25,0.418
616,,0.25,0.35,0.0,0.332,0.55,0.55,0.2,0.368
617,,0.2,0.3,-0.05,0.282,0.5,0.5,0.15,0.318
618,3,0.35,0.591,0.95,0.573,0.65,0.509,0.1,0.327
619,3,0.5,0.882,1.0,0.864,0.8,0.518,0.05,0.336
620,,0.45,0.832,0.95,0.814,0.75,0.468,0.0,0.286
621,,0.4,0.782,0.9,0.764,0.7,0.418,-0.05,0.236
622,7,0.55,0.791,0.85,0.773,0.85,0.709,0.95,0.527
623,7,0.7,0.8,0.8,0.782,1.0,1.0,1.0,0.818
624,,0.65,0.75,0.75,0.732,0.95,0.95,0.95,0.768
625,,0.6,0.7,0.7,0.682,0.9,0.9,0.9,0.718
626,,0.55,0.65,0.65,0.632,0.85,0.85,0.85,0.668
627,,0.5,0.6,0.6,0.582,0.8,0.8,0.8,0.618
628,,0.45,0.55,0.55,0.532,0.75,0.75,0.75,0.568
629,,0.4,0.5,0.5,0.482,0.7,0.7,0.7,0.518
630,,0.35,0.45,0.45,0.432,0.65,0.65,0.65,0.468
631,,0.3,0.4,0.4,0.382,0.6,0.6,0.6,0.418
632,,0.25,0.35,0.35,0.332,0.55,0.55,0.55,0.368
633,,0.2,0.3,0.3,0.282,0.5,0.5,0.5,0.318
634,,0.15,0.25,0.25,0.232,0.45,0.45,0.45,0.268
635,,0.1,0.2,0.2,0.182,0.4,0.4,0.4,0.218
636,,0.05,0.15,0.15,0.132,0.35,0.35,0.35,0.168
637,,0.0,0.1,0.1,0.082,0.3,0.3,0.3,0.118
638,,-0.05,0.05,0.05,0.032,0.25,0.25,0.25,0.068
639,1,0.95,0.341,0.2,0.041,0.2,0.259,0.4,0.359
640,1,1.0,0.632,0.35,0.05,0.15,0.268,0.55,0.65
641,,0.95,0.582,0.3,0.0,0.1,0.218,0.5,0.6
642,,0.9,0.532,0.25,-0.05,0.05,0.168,0.45,0.55
643,4,0.909,0.682,0.541,0.95,0.341,0.318,0.459,0.5
644,4,0.918,0.832,0.832,1.0,0.632,0.468,0.468,0.45
645,,0.868,0.782,0.782,0.95,0.582,0.418,0.418,0.4
646,,0.818,0.732,0.732,0.9,0.532,0.368,0.368,0.35
647,,0.768,0.682,0.682,0.85,0.482,0.318,0.318,0.3
648,,0.718,0.632,0.632,0.8,0.432,0.268,0.268,0.25
649,,0.668,0.582,0.582,0.75,0.382,0.218,0.218,0.2
650,,0.618,0.532,0.532,0.7,0.332,0.168,0.168,0.15
651,,0.568,0.482,0.482,0.65,0.282,0.118,0.118,0.1
652,,0.518,0.432,0.432,0.6,0.232,0.068,0.068,0.05
653,,0.468,0.382,0.382,0.55,0.182,0.018,0.018,0.0
654,,0.418,0.332,0.332,0.5,0.132,-0.032,-0.032,-0.05
655,8,0.709,0.482,0.341,0.45,0.141,0.118,0.259,0.95
656,8,1.0,0.632,0.35,0.4,0.15,0.268,0.55,1.0
657,,0.95,0.582,0.3,0.35,0.1,0.218,0.5,0.95
658,,0.9,0.532,0.25,0.3,0.05,0.168,0.45,0.9
659,,0.85,0.482,0.2,0.25,0.0,0.118,0.4,0.85
660,,0.8,0.432,0.15,0.2,-0.05,0.068,0.35,0.8
661,5,0.75,0.441,0.3,0.491,0.95,0.359,0.5,0.809
662,5,0.7,0.45,0.45,0.782,1.0,0.65,0.65,0.818
663,,0.65,0.4,0.4,0.732,0.95,0.6,0.6,0.768
664,,0.6,0.35,0.35,0.682,0.9,0.55,0.55,0.718
665,,0.55,0.3,0.3,0.632,0.85,0.5,0.5,0.668
666,,0.5,0.25,0.25,0.582,0.8,0.45,0.45,0.618
667,,0.45,0.2,0.2,0.532,0.75,0.4,0.4,0.568
668,,0.4,0.15,0.15,0.482,0.7,0.35,0.35,0.518
669,,0.35,0.1,0.1,0.432,0.65,0.3,0.3,0.468
670,,0.3,0.05,0.05,0.382,0.6,0.25,0.25,0.418
671,,0.25,0.0,0.0,0.332,0.55,0.2,0.2,0.368
672,,0.2,-0.05,-0.05,0.282,0.5,0.15,0.15,0.318
673,2,0.491,0.95,0.241,0.432,0.509,0.1,0.159,0.468
674,2,0.782,1.0,0.532,0.582,0.518,0.05,0.168,0.618
675,,0.732,0.95,0.482,0.532,0.468,0.0,0.118,0.568
676,,0.682,0.9,0.432,0.482,0.418,-0.05,0.068,0.518
677,6,0.691,0.85,0.441,0.632,0.709,0.95,0.359,0.668
678,6,0.7,0.8,0.45,0.782,1.0,1.0,0.65,0.818
679,,0.65,0.75,0.4,0.732,0.95,0.95,0.6,0.768
680,,0.6,0.7,0.35,0.682,0.9,0.9,0.55,0.718
681,,0.55,0.65,0.3,0.632,0.85,0.85,0.5,0.668
682,,0.5,0.6,0.25,0.582,0.8,0.8,0.45,0.618
683,,0.45,0.55,0.2,0.532,0.75,0.75,0.4,0.568
684,,0.4,0.5,0.15,0.482,0.7,0.7,0.35,0.518
685,,0.35,0.45,0.1,0.432,0.65,0.65,0.3,0.468
686,,0.3,0.4,0.05,0.382,0.6,0.6,0.25,0.418
687,,0.25,0.35,0.0,0.332,0.55,0.55,0.2,0.368
688,,0.2,0.3,-0.05,0.282,0.5,0.5,0.15,0.318
689,3,0.35,0.591,0.95,0.573,0.65,0.509,0.1,0.327
690,3,0.5,0.882,1.0,0.864,0.8,0.518,0.05,0.336
691,,0.45,0.832,0.95,0.814,0.75,0.468,0.0,0.286
692,,0.4,0.782,0.9,0.764,0.7,0.418,-0.05,0.236
693,7,0.55,0.791,0.85,0.773,0.85,0.709,0.95,0.527
694,7,0.7,0.8,0.8,0.782,1.0,1.0,1.0,0.818
695,,0.65,0.75,0.75,0.732,0.95,0.95,0.95,0.768
696,,0.6,0.7,0.7,0.682,0.9,0.9,0.9,0.718
697,,0.55,0.65,0.65,0.632,0.85,0.85,0.85,0.668
698,,0.5,0.6,0.6,0.582,0.8,0.8,0.8,0.618
699,,0.45,0.55,0.55,0.532,0.75,0.75,0.75,0.568
700,,0.4,0.5,0.5,0.482,0.7,0.7,0.7,0.518
701,,0.35,0.45,0.45,0.432,0.65,0.65,0.65,0.468
702,,0.3,0.4,0.4,0.382,0.6,0.6,0.6,0.418
703,,0.25,0.35,0.35,0.332,0.55,0.55,0.55,0.368
704,,0.2,0.3,0.3,0.282,0.5,0.5,0.5,0.318
705,,0.15,0.25,0.25,0.232,0.45,0.45,0.45,0.268
706,,0.1,0.2,0.2,0.182,0.4,0.4,0.4,0.218
707,,0.05,0.15,0.15,0.132,0.35,0.35,0.35,0.168
708,,0.0,0.1,0.1,0.082,0.3,0.3,0.3,0.118
709,,-0.05,0.05,0.05,0.032,0.25,0.25,0.25,0.068
710,1,0.95,0.341,0.2,0.041,0.2,0.259,0.4,0.359
711,1,1.0,0.632,0.35,0.05,0.15,0.268,0.55,0.65
712,,0.95,0.582,0.3,0.0,0.1,0.218,0.5,0.6
713,,0.9,0.532,0.25,-0.05,0.05,0.168,0.45,0.55
714,4,0.909,0.682,0.541,0.95,0.341,0.318,0.459,0.5
715,4,0.918,0.832,0.832,1.0,0.632,0.468,0.468,0.45
716,,0.868,0.782,0.782,0.95,0.582,0.418,0.418,0.4
717,,0.818,0.732,0.732,0.9,0.532,0.368,0.368,0.35
718,,0.768,0.682,0.682,0.85,0.482,0.318,0.318,0.3
719,,0.718,0.632,0.632,0.8,0.432,0.268,0.268,0.25
720,,0.668,0.582,0.582,0.75,0.382,0.218,0.218,0.2
721,,0.618,0.532,0.532,0.7,0.332,0.168,0.168,0.15
722,,0.568,0.482,0.482,0.65,0.282,0.118,0.118,0.1
723,,0.518,0.432,0.432,0.6,0.232,0.068,0.068,0.05
724,,0.468,0.382,0.382,0.55,0.182,0.018,0.018,0.0
725,,0.418,0.332,0.332,0.5,0.132,-0.032,-0.032,-0.05
726,8,0.709,0.482,0.341,0.45,0.141,0.118,0.259,0.95
727,8,1.0,0.632,0.35,0.4,0.15,0.268,0.55,1.0
728,,0.95,0.582,0.3,0.35,0.1,0.218,0.5,0.95
729,,0.9,0.532,0.25,0.3,0.05,0.168,0.45,0.9
730,,0.85,0.482,0.2,0.25,0.0,0.118,0.4,0.85
731,,0.8,0.432,0.15,0.2,-0.05,0.068,0.35,0.8
732,5,0.75,0.441,0.3,0.491,0.95,0.359,0.5,0.809
733,5,0.7,0.45,0.45,0.782,1.0,0.65,0.65,0.818
734,,0.65,0.4,0.4,0.732,0.95,0.6,0.6,0.768
735,,0.6,0.35,0.35,0.682,0.9,0.55,0.55,0.718
736,,0.55,0.3,0.3,0.632,0.85,0.5,0.5,0.668
737,,0.5,0.25,0.25,0.582,0.8,0.45,0.45,0.618
738,,0.45,0.2,0.2,0.532,0.75,0.4,0.4,0.568
739,,0.4,0.15,0.15,0.482,0.7,0.35,0.35,0.518
740,,0.35,0.1,0.1,0.432,0.65,0.3,0.3,0.468
741,,0.3,0.05,0.05,0.382,0.6,0.25,0.25,0.418
742,,0.25,0.0,0.0,0.332,0.55,0.2,0.2,0.368
743,,0.2,-0.05,-0.05,0.282,0.5,0.15,0.15,0.318
744,3,0.35,0.241,0.95,0.573,0.65,0.159,0.1,0.327
745,3,0.5,0.532,1.0,0.864,0.8,0.168,0.05,0.336
746,,0.45,0.482,0.95,0.814,0.75,0.118,0.0,0.286
747,,0.4,0.432,0.9,0.764,0.7,0.068,-0.05,0.236
748,7,0.55,0.441,0.85,0.773,0.85,0.359,0.95,0.527
749,7,0.7,0.45,0.8,0.782,1.0,0.65,1.0,0.818
750,,0.65,0.4,0.75,0.732,0.95,0.6,0.95,0.768
751,,0.6,0.35,0.7,0.682,0.9,0.55,0.9,0.718
752,,0.55,0.3,0.65,0.632,0.85,0.5,0.85,0.668
753,,0.5,0.25,0.6,0.582,0.8,0.45,0.8,0.618
754,,0.45,0.2,0.55,0.532,0.75,0.4,0.75,0.568
755,,0.4,0.15,0.5,0.482,0.7,0.35,0.7,0.518
756,,0.35,0.1,0.45,0.432,0.65,0.3,0.65,0.468
757,,0.3,0.05,0.4,0.382,0.6,0.25,0.6,0.418
758,,0.25,0.0,0.35,0.332,0.55,0.2,0.55,0.368
759,,0.2,-0.05,0.3,0.282,0.5,0.15,0.5,0.318
760,2,0.491,0.95,0.591,0.432,0.509,0.1,0.509,0.468
761,2,0.782,1.0,0.882,0.582,0.518,0.05,0.518,0.618
762,,0.732,0.95,0.832,0.532,0.468,0.0,0.468,0.568
763,,0.682,0.9,0.782,0.482,0.418,-0.05,0.418,0.518
764,6,0.691,0.85,0.791,0.632,0.709,0.95,0.709,0.668
765,6,0.7,0.8,0.8,0.782,1.0,1.0,1.0,0.818
766,,0.65,0.75,0.75,0.732,0.95,0.95,0.95,0.768
767,,0.6,0.7,0.7,0.682,0.9,0.9,0.9,0.718
768,,0.55,0.65,0.65,0.632,0.85,0.85,0.85,0.668
769,,0.5,0.6,0.6,0.582,0.8,0.8,0.8,0.618
770,,0.45,0.55,0.55,0.532,0.75,0.75,0.75,0.568
771,,0.4,0.5,0.5,0.482,0.7,0.7,0.7,0.518
772,,0.35,0.45,0.45,0.432,0.65,0.65,0.65,0.468
773,,0.3,0.4,0.4,0.382,0.6,0.6,0.6,0.418
774,,0.25,0.35,0.35,0.332,0.55,0.55,0.55,0.368
775,,0.2,0.3,0.3,0.282,0.5,0.5,0.5,0.318
776,,0.15,0.25,0.25,0.232,0.45,0.45,0.45,0.268
777,,0.1,0.2,0.2,0.182,0.4,0.4,0.4,0.218
778,,0.05,0.15,0.15,0.132,0.35,0.35,0.35,0.168
779,,0.0,0.1,0.1,0.082,0.3,0.3,0.3,0.118
780,,-0.05,0.05,0.05,0.032,0.25,0.25,0.25,0.068
781,1,0.95,0.341,0.2,0.041,0.2,0.259,0.4,0.359
782,1,1.0,0.632,0.35,0.05,0.15,0.268,0.55,0.65
783,,0.95,0.582,0.3,0.0,0.1,0.218,0.5,0.6
784,,0.9,0.532,0.25,-0.05,0.05,0.168,0.45,0.55
785,4,0.909,0.682,0.541,0.95,0.341,0.318,0.459,0.5
786,4,0.918,0.832,0.832,1.0,0.632,0.468,0.468,0.45
787,,0.868,0.782,0.782,0.95,0.582,0.418,0.418,0.4
788,,0.818,0.732,0.732,0.9,0.532,0.368,0.368,0.35
789,,0.768,0.682,0.682,0.85,0.482,0.318,0.318,0.3
790,,0.718,0.632,0.632,0.8,0.432,0.268,0.268,0.25
791,,0.668,0.582,0.582,0.75,0.382,0.218,0.218,0.2
792,,0.618,0.532,0.532,0.7,0.332,0.168,0.168,0.15
793,,0.568,0.482,0.482,0.65,0.282,0.118,0.118,0.1
794,,0.518,0.432,0.432,0.6,0.232,0.068,0.068,0.05
795,,0.468,0.382,0.382,0.55,0.182,0.018,0.018,0.0
796,,0.418,0.332,0.332,0.5,0.132,-0.032,-0.032,-0.05
797,8,0.709,0.482,0.341,0.45,0.141,0.118,0.259,0.95
798,8,1.0,0.632,0.35,0.4,0.15,0.268,0.55,1.0
799,,0.95,0.582,0.3,0.35,0.1,0.218,0.5,0.95
800,,0.9,0.532,0.25,0.3,0.05,0.168,0.45,0.9
801,,0.85,0.482,0.2,0.25,0.0,0.118,0.4,0.85
802,,0.8,0.432,0.15,0.2,-0.05,0.068,0.35,0.8
803,5,0.75,0.441,0.3,0.491,0.95,0.359,0.5,0.809
804,5,0.7,0.45,0.45,0.782,1.0,0.65,0.65,0.818
805,,0.65,0.4,0.4,0.732,0.95,0.6,0.6,0.768
806,,0.6,0.35,0.35,0.682,0.9,0.55,0.55,0.718
807,,0.55,0.3,0.3,0.632,0.85,0.5,0.5,0.668
808,,0.5,0.25,0.25,0.582,0.8,0.45,0.45,0.618
809,,0.45,0.2,0.2,0.532,0.75,0.4,0.4,0.568
810,,0.4,0.15,0.15,0.482,0.7,0.35,0.35,0.518
811,,0.35,0.1,0.1,0.432,0.65,0.3,0.3,0.468
812,,0.3,0.05,0.05,0.382,0.6,0.25,0.25,0.418
813,,0.25,0.0,0.0,0.332,0.55,0.2,0.2,0.368
814,,0.2,-0.05,-0.05,0.282,0.5,0.15,0.15,0.318
815,3,0.35,0.241,0.95,0.573,0.65,0.159,0.1,0.327
816,3,0.5,0.532,1.0,0.864,0.8,0.168,0.05,0.336
817,,0.45,0.482,0.95,0.814,0.75,0.118,0.0,0.286
818,,0.4,0.432,0.9,0.764,0.7,0.068,-0.05,0.236
819,7,0.55,0.441,0.85,0.773,0.85,0.359,0.95,0.527
820,7,0.7,0.45,0.8,0.782,1.0,0.65,1.0,0.818
821,,0.65,0.4,0.75,0.732,0.95,0.6,0.95,0.768
822,,0.6,0.35,0.7,0.682,0.9,0.55,0.9,0.718
823,,0.55,0.3,0.65,0.632,0.85,0.5,0.85,0.668
824,,0.5,0.25,0.6,0.582,0.8,0.45,0.8,0.618
825,,0.45,0.2,0.55,0.532,0.75,0.4,0.75,0.568
826,,0.4,0.15,0.5,0.482,0.7,0.35,0.7,0.518
827,,0.35,0.1,0.45,0.432,0.65,0.3,0.65,0.468
828,,0.3,0.05,0.4,0.382,0.6,0.25,0.6,0.418
829,,0.25,0.0,0.35,0.332,0.55,0.2,0.55,0.368
830,,0.2,-0.05,0.3,0.282,0.5,0.15,0.5,0.318
831,2,0.491,0.95,0.591,0.432,0.509,0.1,0.509,0.468
832,2,0.782,1.0,0.882,0.582,0.518,0.05,0.518,0.618
833,,0.732,0.95,0.832,0.532,0.468,0.0,0.468,0.568
834,,0.682,0.9,0.782,0.482,0.418,-0.05,0.418,0.518
835,6,0.691,0.85,0.791,0.632,0.709,0.95,0.709,0.668
836,6,0.7,0.8,0.8,0.782,1.0,1.0,1.0,0.818
837,,0.65,0.75,0.75,0.732,0.95,0.95,0.95,0.768
838,,0.6,0.7,0.7,0.682,0.9,0.9,0.9,0.718
839,,0.55,0.65,0.65,0.632,0.85,0.85,0.85,0.668
840,,0.5,0.6,0.6,0.582,0.8,0.8,0.8,0.618
841,,0.45,0.55,0.55,0.532,0.75,0.75,0.75,0.568
842,,0.4,0.5,0.5,0.482,0.7,0.7,0.7,0.518
843,,0.35,0.45,0.45,0.432,0.65,0.65,0.65,0.468
844,,0.3,0.4,0.4,0.382,0.6,0.6,0.6,0.418
845,,0.25,0.35,0.35,0.332,0.55,0.55,0.55,0.368
846,,0.2,0.3,0.3,0.282,0.5,0.5,0.5,0.318
847,,0.15,0.25,0.25,0.232,0.45,0.45,0.45,0.268
