step,active_motive,motive_1,motive_2,motive_3,motive_4,motive_5,motive_6,motive_7,motive_8
0,,0.14489,0.48945,0.98565,0.24206,0.67214,0.76162,0.23764,0.72822
1,,-0.00511,0.33945,0.83565,0.09206,0.52214,0.61162,0.08764,0.57822
2,1,0.99489,0.70145,0.98565,0.03006,0.37214,0.54962,0.23764,0.94022
3,1,1.0,1.0,1.0,-0.03194,0.22214,0.48762,0.38764,1.0
4,4,0.938,1.0,1.0,0.96806,0.58414,0.63762,0.32564,0.85
5,4,0.876,1.0,1.0,1.0,0.94614,0.78762,0.26364,0.7
6,,0.726,0.85,0.85,0.85,0.79614,0.63762,0.11364,0.55
7,,0.576,0.7,0.7,0.7,0.64614,0.48762,-0.03636,0.4
8,7,0.726,0.638,0.55,0.638,0.79614,0.84962,0.96364,0.762
9,7,0.876,0.576,0.4,0.576,0.94614,1.0,1.0,1.0
10,,0.726,0.426,0.25,0.426,0.79614,0.85,0.85,0.85
11,,0.576,0.276,0.1,0.276,0.64614,0.7,0.7,0.7
12,,0.426,0.126,-0.05,0.126,0.49614,0.55,0.55,0.55
13,3,0.576,0.488,0.95,0.488,0.64614,0.488,0.4,0.488
14,3,0.726,0.85,1.0,0.85,0.79614,0.426,0.25,0.426
15,,0.576,0.7,0.85,0.7,0.64614,0.276,0.1,0.276
16,,0.426,0.55,0.7,0.55,0.49614,0.126,-0.05,0.126
17,7,0.576,0.488,0.55,0.488,0.64614,0.488,0.95,0.488
18,7,0.726,0.426,0.4,0.426,0.79614,0.85,1.0,0.85
19,,0.576,0.276,0.25,0.276,0.64614,0.7,0.85,0.7
20,,0.426,0.126,0.1,0.126,0.49614,0.55,0.7,0.55
21,,0.276,-0.024,-0.05,-0.024,0.34614,0.4,0.55,0.4
22,3,0.426,0.338,0.95,0.338,0.49614,0.338,0.4,0.338
23,3,0.576,0.7,1.0,0.7,0.64614,0.276,0.25,0.276
24,,0.426,0.55,0.85,0.55,0.49614,0.126,0.1,0.126
25,,0.276,0.4,0.7,0.4,0.34614,-0.024,-0.05,-0.024
26,7,0.426,0.338,0.55,0.338,0.49614,0.338,0.95,0.338
27,7,0.576,0.276,0.4,0.276,0.64614,0.7,1.0,0.7
28,,0.426,0.126,0.25,0.126,0.49614,0.55,0.85,0.55
29,,0.276,-0.024,0.1,-0.024,0.34614,0.4,0.7,0.4
30,4,0.214,0.126,0.462,0.976,0.70814,0.55,0.638,0.25
31,4,0.152,0.276,0.824,1.0,1.0,0.7,0.576,0.1
32,,0.002,0.126,0.674,0.85,0.85,0.55,0.426,-0.05
33,8,0.364,0.276,0.612,0.7,0.788,0.7,0.788,0.95
34,8,0.726,0.426,0.55,0.55,0.726,0.85,1.0,1.0
35,,0.576,0.276,0.4,0.4,0.576,0.7,0.85,0.85
36,,0.426,0.126,0.25,0.25,0.426,0.55,0.7,0.7
37,,0.276,-0.024,0.1,0.1,0.276,0.4,0.55,0.55
38,2,0.638,0.976,0.462,0.25,0.214,0.25,0.488,0.7
39,2,1.0,1.0,0.824,0.4,0.152,0.1,0.426,0.85
40,,0.85,0.85,0.674,0.25,0.002,-0.05,0.276,0.7
41,6,0.788,0.7,0.612,0.4,0.364,0.95,0.638,0.85
42,6,0.726,0.55,0.55,0.55,0.726,1.0,1.0,1.0
43,,0.576,0.4,0.4,0.4,0.576,0.85,0.85,0.85
44,,0.426,0.25,0.25,0.25,0.426,0.7,0.7,0.7
45,,0.276,0.1,0.1,0.1,0.276,0.55,0.55,0.55
46,,0.126,-0.05,-0.05,-0.05,0.126,0.4,0.4,0.4
47,2,0.488,0.95,0.312,0.1,0.064,0.25,0.338,0.55
48,2,0.85,1.0,0.674,0.25,0.002,0.1,0.276,0.7
49,,0.7,0.85,0.524,0.1,-0.148,-0.05,0.126,0.55
50,5,0.55,0.788,0.674,0.462,0.852,0.312,0.276,0.488
51,5,0.4,0.726,0.824,0.824,1.0,0.674,0.426,0.426
52,,0.25,0.576,0.674,0.674,0.85,0.524,0.276,0.276
53,,0.1,0.426,0.524,0.524,0.7,0.374,0.126,0.126
54,,-0.05,0.276,0.374,0.374,0.55,0.224,-0.024,-0.024
55,1,0.95,0.638,0.524,0.312,0.4,0.162,0.126,0.338
56,1,1.0,1.0,0.674,0.25,0.25,0.1,0.276,0.7
57,,0.85,0.85,0.524,0.1,0.1,-0.05,0.126,0.55
58,6,0.788,0.7,0.462,0.25,0.462,0.95,0.488,0.7
59,6,0.726,0.55,0.4,0.4,0.824,1.0,0.85,0.85
60,,0.576,0.4,0.25,0.25,0.674,0.85,0.7,0.7
61,,0.426,0.25,0.1,0.1,0.524,0.7,0.55,0.55
62,,0.276,0.1,-0.05,-0.05,0.374,0.55,0.4,0.4
63,4,0.214,0.25,0.312,0.95,0.736,0.7,0.338,0.25
64,4,0.152,0.4,0.674,1.0,1.0,0.85,0.276,0.1
65,,0.002,0.25,0.524,0.85,0.85,0.7,0.126,-0.05
66,8,0.364,0.4,0.462,0.7,0.788,0.85,0.488,0.95
67,8,0.726,0.55,0.4,0.55,0.726,1.0,0.85,1.0
68,,0.576,0.4,0.25,0.4,0.576,0.85,0.7,0.85
69,,0.426,0.25,0.1,0.25,0.426,0.7,0.55,0.7
70,,0.276,0.1,-0.05,0.1,0.276,0.55,0.4,0.55
71,3,0.426,0.462,0.95,0.462,0.426,0.488,0.25,0.488
72,3,0.576,0.824,1.0,0.824,0.576,0.426,0.1,0.426
73,,0.426,0.674,0.85,0.674,0.426,0.276,-0.05,0.276
74,7,0.576,0.612,0.7,0.612,0.576,0.638,0.95,0.638
75,7,0.726,0.55,0.55,0.55,0.726,1.0,1.0,1.0
76,,0.576,0.4,0.4,0.4,0.576,0.85,0.85,0.85
77,,0.426,0.25,0.25,0.25,0.426,0.7,0.7,0.7
78,,0.276,0.1,0.1,0.1,0.276,0.55,0.55,0.55
79,,0.126,-0.05,-0.05,-0.05,0.126,0.4,0.4,0.4
80,3,0.276,0.312,0.95,0.312,0.276,0.338,0.25,0.338
81,3,0.426,0.674,1.0,0.674,0.426,0.276,0.1,0.276
82,,0.276,0.524,0.85,0.524,0.276,0.126,-0.05,0.126
83,7,0.426,0.462,0.7,0.462,0.426,0.488,0.95,0.488
84,7,0.576,0.4,0.55,0.4,0.576,0.85,1.0,0.85
85,,0.426,0.25,0.4,0.25,0.426,0.7,0.85,0.7
86,,0.276,0.1,0.25,0.1,0.276,0.55,0.7,0.55
87,,0.126,-0.05,0.1,-0.05,0.126,0.4,0.55,0.4
88,4,0.064,0.1,0.462,0.95,0.488,0.55,0.488,0.25
89,4,0.002,0.25,0.824,1.0,0.85,0.7,0.426,0.1
90,,-0.148,0.1,0.674,0.85,0.7,0.55,0.276,-0.05
91,1,0.852,0.462,0.824,0.788,0.55,0.488,0.426,0.312
92,1,1.0,0.824,0.974,0.726,0.4,0.426,0.576,0.674
93,,0.85,0.674,0.824,0.576,0.25,0.276,0.426,0.524
94,,0.7,0.524,0.674,0.426,0.1,0.126,0.276,0.374
95,,0.55,0.374,0.524,0.276,-0.05,-0.024,0.126,0.224
96,5,0.4,0.312,0.674,0.638,0.95,0.338,0.276,0.162
97,5,0.25,0.25,0.824,1.0,1.0,0.7,0.426,0.1
98,,0.1,0.1,0.674,0.85,0.85,0.55,0.276,-0.05
99,8,0.462,0.25,0.612,0.7,0.788,0.7,0.638,0.95
100,8,0.824,0.4,0.55,0.55,0.726,0.85,1.0,1.0
101,,0.674,0.25,0.4,0.4,0.576,0.7,0.85,0.85
102,,0.524,0.1,0.25,0.25,0.426,0.55,0.7,0.7
103,,0.374,-0.05,0.1,0.1,0.276,0.4,0.55,0.55
104,2,0.736,0.95,0.462,0.25,0.214,0.25,0.488,0.7
105,2,1.0,1.0,0.824,0.4,0.152,0.1,0.426,0.85
106,,0.85,0.85,0.674,0.25,0.002,-0.05,0.276,0.7
107,6,0.788,0.7,0.612,0.4,0.364,0.95,0.638,0.85
108,6,0.726,0.55,0.55,0.55,0.726,1.0,1.0,1.0
109,,0.576,0.4,0.4,0.4,0.576,0.85,0.85,0.85
110,,0.426,0.25,0.25,0.25,0.426,0.7,0.7,0.7
111,,0.276,0.1,0.1,0.1,0.276,0.55,0.55,0.55
112,,0.126,-0.05,-0.05,-0.05,0.126,0.4,0.4,0.4
113,3,0.276,0.312,0.95,0.312,0.276,0.338,0.25,0.338
114,3,0.426,0.674,1.0,0.674,0.426,0.276,0.1,0.276
115,,0.276,0.524,0.85,0.524,0.276,0.126,-0.05,0.126
116,7,0.426,0.462,0.7,0.462,0.426,0.488,0.95,0.488
117,7,0.576,0.4,0.55,0.4,0.576,0.85,1.0,0.85
118,,0.426,0.25,0.4,0.25,0.426,0.7,0.85,0.7
119,,0.276,0.1,0.25,0.1,0.276,0.55,0.7,0.55
120,,0.126,-0.05,0.1,-0.05,0.126,0.4,0.55,0.4
121,2,0.488,0.95,0.462,0.1,0.064,0.25,0.488,0.55
122,2,0.85,1.0,0.824,0.25,0.002,0.1,0.426,0.7
123,,0.7,0.85,0.674,0.1,-0.148,-0.05,0.276,0.55
124,5,0.55,0.788,0.824,0.462,0.852,0.312,0.426,0.488
125,5,0.4,0.726,0.974,0.824,1.0,0.674,0.576,0.426
126,,0.25,0.576,0.824,0.674,0.85,0.524,0.426,0.276
127,,0.1,0.426,0.674,0.524,0.7,0.374,0.276,0.126
128,,-0.05,0.276,0.524,0.374,0.55,0.224,0.126,-0.024
129,1,0.95,0.638,0.674,0.312,0.4,0.162,0.276,0.338
130,1,1.0,1.0,0.824,0.25,0.25,0.1,0.426,0.7
131,,0.85,0.85,0.674,0.1,0.1,-0.05,0.276,0.55
132,6,0.788,0.7,0.612,0.25,0.462,0.95,0.638,0.7
133,6,0.726,0.55,0.55,0.4,0.824,1.0,1.0,0.85
134,,0.576,0.4,0.4,0.25,0.674,0.85,0.85,0.7
135,,0.426,0.25,0.25,0.1,0.524,0.7,0.7,0.55
136,,0.276,0.1,0.1,-0.05,0.374,0.55,0.55,0.4
137,4,0.214,0.25,0.462,0.95,0.736,0.7,0.488,0.25
138,4,0.152,0.4,0.824,1.0,1.0,0.85,0.426,0.1
139,,0.002,0.25,0.674,0.85,0.85,0.7,0.276,-0.05
140,8,0.364,0.4,0.612,0.7,0.788,0.85,0.638,0.95
141,8,0.726,0.55,0.55,0.55,0.726,1.0,1.0,1.0
142,,0.576,0.4,0.4,0.4,0.576,0.85,0.85,0.85
143,,0.426,0.25,0.25,0.25,0.426,0.7,0.7,0.7
144,,0.276,0.1,0.1,0.1,0.276,0.55,0.55,0.55
145,,0.126,-0.05,-0.05,-0.05,0.126,0.4,0.4,0.4
146,4,0.064,0.1,0.312,0.95,0.488,0.55,0.338,0.25
147,4,0.002,0.25,0.674,1.0,0.85,0.7,0.276,0.1
148,,-0.148,0.1,0.524,0.85,0.7,0.55,0.126,-0.05
149,1,0.852,0.462,0.674,0.788,0.55,0.488,0.276,0.312
150,1,1.0,0.824,0.824,0.726,0.4,0.426,0.426,0.674
151,,0.85,0.674,0.674,0.576,0.25,0.276,0.276,0.524
152,,0.7,0.524,0.524,0.426,0.1,0.126,0.126,0.374
153,,0.55,0.374,0.374,0.276,-0.05,-0.024,-0.024,0.224
154,5,0.4,0.312,0.524,0.638,0.95,0.338,0.126,0.162
155,5,0.25,0.25,0.674,1.0,1.0,0.7,0.276,0.1
156,,0.1,0.1,0.524,0.85,0.85,0.55,0.126,-0.05
157,8,0.462,0.25,0.462,0.7,0.788,0.7,0.488,0.95
158,8,0.824,0.4,0.4,0.55,0.726,0.85,0.85,1.0
159,,0.674,0.25,0.25,0.4,0.576,0.7,0.7,0.85
160,,0.524,0.1,0.1,0.25,0.426,0.55,0.55,0.7
161,,0.374,-0.05,-0.05,0.1,0.276,0.4,0.4,0.55
162,3,0.524,0.312,0.95,0.462,0.426,0.338,0.25,0.488
163,3,0.674,0.674,1.0,0.824,0.576,0.276,0.1,0.426
164,,0.524,0.524,0.85,0.674,0.426,0.126,-0.05,0.276
165,7,0.674,0.462,0.7,0.612,0.576,0.488,0.95,0.638
166,7,0.824,0.4,0.55,0.55,0.726,0.85,1.0,1.0
167,,0.674,0.25,0.4,0.4,0.576,0.7,0.85,0.85
168,,0.524,0.1,0.25,0.25,0.426,0.55,0.7,0.7
169,,0.374,-0.05,0.1,0.1,0.276,0.4,0.55,0.55
170,2,0.736,0.95,0.462,0.25,0.214,0.25,0.488,0.7
171,2,1.0,1.0,0.824,0.4,0.152,0.1,0.426,0.85
172,,0.85,0.85,0.674,0.25,0.002,-0.05,0.276,0.7
173,6,0.788,0.7,0.612,0.4,0.364,0.95,0.638,0.85
174,6,0.726,0.55,0.55,0.55,0.726,1.0,1.0,1.0
175,,0.576,0.4,0.4,0.4,0.576,0.85,0.85,0.85
176,,0.426,0.25,0.25,0.25,0.426,0.7,0.7,0.7
177,,0.276,0.1,0.1,0.1,0.276,0.55,0.55,0.55
178,,0.126,-0.05,-0.05,-0.05,0.126,0.4,0.4,0.4
179,2,0.488,0.95,0.312,0.1,0.064,0.25,0.338,0.55
180,2,0.85,1.0,0.674,0.25,0.002,0.1,0.276,0.7
181,,0.7,0.85,0.524,0.1,-0.148,-0.05,0.126,0.55
182,5,0.55,0.788,0.674,0.462,0.852,0.312,0.276,0.488
183,5,0.4,0.726,0.824,0.824,1.0,0.674,0.426,0.426
184,,0.25,0.576,0.674,0.674,0.85,0.524,0.276,0.276
185,,0.1,0.426,0.524,0.524,0.7,0.374,0.126,0.126
186,,-0.05,0.276,0.374,0.374,0.55,0.224,-0.024,-0.024
187,1,0.95,0.638,0.524,0.312,0.4,0.162,0.126,0.338
188,1,1.0,1.0,0.674,0.25,0.25,0.1,0.276,0.7
189,,0.85,0.85,0.524,0.1,0.1,-0.05,0.126,0.55
190,6,0.788,0.7,0.462,0.25,0.462,0.95,0.488,0.7
191,6,0.726,0.55,0.4,0.4,0.824,1.0,0.85,0.85
192,,0.576,0.4,0.25,0.25,0.674,0.85,0.7,0.7
193,,0.426,0.25,0.1,0.1,0.524,0.7,0.55,0.55
194,,0.276,0.1,-0.05,-0.05,0.374,0.55,0.4,0.4
195,3,0.426,0.462,0.95,0.312,0.524,0.488,0.25,0.338
196,3,0.576,0.824,1.0,0.674,0.674,0.426,0.1,0.276
197,,0.426,0.674,0.85,0.524,0.524,0.276,-0.05,0.126
198,7,0.576,0.612,0.7,0.462,0.674,0.638,0.95,0.488
199,7,0.726,0.55,0.55,0.4,0.824,1.0,1.0,0.85
200,,0.576,0.4,0.4,0.25,0.674,0.85,0.85,0.7
201,,0.426,0.25,0.25,0.1,0.524,0.7,0.7,0.55
202,,0.276,0.1,0.1,-0.05,0.374,0.55,0.55,0.4
203,4,0.214,0.25,0.462,0.95,0.736,0.7,0.488,0.25
204,4,0.152,0.4,0.824,1.0,1.0,0.85,0.426,0.1
205,,0.002,0.25,0.674,0.85,0.85,0.7,0.276,-0.05
206,8,0.364,0.4,0.612,0.7,0.788,0.85,0.638,0.95
207,8,0.726,0.55,0.55,0.55,0.726,1.0,1.0,1.0
208,,0.576,0.4,0.4,0.4,0.576,0.85,0.85,0.85
209,,0.426,0.25,0.25,0.25,0.426,0.7,0.7,0.7
210,,0.276,0.1,0.1,0.1,0.276,0.55,0.55,0.55
211,,0.126,-0.05,-0.05,-0.05,0.126,0.4,0.4,0.4
212,4,0.064,0.1,0.312,0.95,0.488,0.55,0.338,0.25
213,4,0.002,0.25,0.674,1.0,0.85,0.7,0.276,0.1
214,,-0.148,0.1,0.524,0.85,0.7,0.55,0.126,-0.05
215,1,0.852,0.462,0.674,0.788,0.55,0.488,0.276,0.312
216,1,1.0,0.824,0.824,0.726,0.4,0.426,0.426,0.674
217,,0.85,0.674,0.674,0.576,0.25,0.276,0.276,0.524
218,,0.7,0.524,0.524,0.426,0.1,0.126,0.126,0.374
219,,0.55,0.374,0.374,0.276,-0.05,-0.024,-0.024,0.224
220,5,0.4,0.312,0.524,0.638,0.95,0.338,0.126,0.162
221,5,0.25,0.25,0.674,1.0,1.0,0.7,0.276,0.1
222,,0.1,0.1,0.524,0.85,0.85,0.55,0.126,-0.05
223,8,0.462,0.25,0.462,0.7,0.788,0.7,0.488,0.95
224,8,0.824,0.4,0.4,0.55,0.726,0.85,0.85,1.0
225,,0.674,0.25,0.25,0.4,0.576,0.7,0.7,0.85
226,,0.524,0.1,0.1,0.25,0.426,0.55,0.55,0.7
227,,0.374,-0.05,-0.05,0.1,0.276,0.4,0.4,0.55
228,3,0.524,0.312,0.95,0.462,0.426,0.338,0.25,0.488
229,3,0.674,0.674,1.0,0.824,0.576,0.276,0.1,0.426
230,,0.524,0.524,0.85,0.674,0.426,0.126,-0.05,0.276
231,7,0.674,0.462,0.7,0.612,0.576,0.488,0.95,0.638
232,7,0.824,0.4,0.55,0.55,0.726,0.85,1.0,1.0
233,,0.674,0.25,0.4,0.4,0.576,0.7,0.85,0.85
234,,0.524,0.1,0.25,0.25,0.426,0.55,0.7,0.7
235,,0.374,-0.05,0.1,0.1,0.276,0.4,0.55,0.55
236,2,0.736,0.95,0.462,0.25,0.214,0.25,0.488,0.7
237,2,1.0,1.0,0.824,0.4,0.152,0.1,0.426,0.85
238,,0.85,0.85,0.674,0.25,0.002,-0.05,0.276,0.7
239,6,0.788,0.7,0.612,0.4,0.364,0.95,0.638,0.85
240,6,0.726,0.55,0.55,0.55,0.726,1.0,1.0,1.0
241,,0.576,0.4,0.4,0.4,0.576,0.85,0.85,0.85
242,,0.426,0.25,0.25,0.25,0.426,0.7,0.7,0.7
243,,0.276,0.1,0.1,0.1,0.276,0.55,0.55,0.55
244,,0.126,-0.05,-0.05,-0.05,0.126,0.4,0.4,0.4
245,2,0.488,0.95,0.312,0.1,0.064,0.25,0.338,0.55
246,2,0.85,1.0,0.674,0.25,0.002,0.1,0.276,0.7
247,,0.7,0.85,0.524,0.1,-0.148,-0.05,0.126,0.55
248,5,0.55,0.788,0.674,0.462,0.852,0.312,0.276,0.488
249,5,0.4,0.726,0.824,0.824,1.0,0.674,0.426,0.426
250,,0.25,0.576,0.674,0.674,0.85,0.524,0.276,0.276
251,,0.1,0.426,0.524,0.524,0.7,0.374,0.126,0.126
252,,-0.05,0.276,0.374,0.374,0.55,0.224,-0.024,-0.024
253,1,0.95,0.638,0.524,0.312,0.4,0.162,0.126,0.338
254,1,1.0,1.0,0.674,0.25,0.25,0.1,0.276,0.7
255,,0.85,0.85,0.524,0.1,0.1,-0.05,0.126,0.55
256,6,0.788,0.7,0.462,0.25,0.462,0.95,0.488,0.7
257,6,0.726,0.55,0.4,0.4,0.824,1.0,0.85,0.85
258,,0.576,0.4,0.25,0.25,0.674,0.85,0.7,0.7
259,,0.426,0.25,0.1,0.1,0.524,0.7,0.55,0.55
260,,0.276,0.1,-0.05,-0.05,0.374,0.55,0.4,0.4
261,3,0.426,0.462,0.95,0.312,0.524,0.488,0.25,0.338
262,3,0.576,0.824,1.0,0.674,0.674,0.426,0.1,0.276
263,,0.426,0.674,0.85,0.524,0.524,0.276,-0.05,0.126
264,7,0.576,0.612,0.7,0.462,0.674,0.638,0.95,0.488
265,7,0.726,0.55,0.55,0.4,0.824,1.0,1.0,0.85
266,,0.576,0.4,0.4,0.25,0.674,0.85,0.85,0.7
267,,0.426,0.25,0.25,0.1,0.524,0.7,0.7,0.55
268,,0.276,0.1,0.1,-0.05,0.374,0.55,0.55,0.4
269,4,0.214,0.25,0.462,0.95,0.736,0.7,0.488,0.25
270,4,0.152,0.4,0.824,1.0,1.0,0.85,0.426,0.1
271,,0.002,0.25,0.674,0.85,0.85,0.7,0.276,-0.05
272,8,0.364,0.4,0.612,0.7,0.788,0.85,0.638,0.95
273,8,0.726,0.55,0.55,0.55,0.726,1.0,1.0,1.0
274,,0.576,0.4,0.4,0.4,0.576,0.85,0.85,0.85
275,,0.426,0.25,0.25,0.25,0.426,0.7,0.7,0.7
276,,0.276,0.1,0.1,0.1,0.276,0.55,0.55,0.55
277,,0.126,-0.05,-0.05,-0.05,0.126,0.4,0.4,0.4
278,4,0.064,0.1,0.312,0.95,0.488,0.55,0.338,0.25
279,4,0.002,0.25,0.674,1.0,0.85,0.7,0.276,0.1
280,,-0.148,0.1,0.524,0.85,0.7,0.55,0.126,-0.05
281,1,0.852,0.462,0.674,0.788,0.55,0.488,0.276,0.312
282,1,1.0,0.824,0.824,0.726,0.4,0.426,0.426,0.674
283,,0.85,0.674,0.674,0.576,0.25,0.276,0.276,0.524
284,,0.7,0.524,0.524,0.426,0.1,0.126,0.126,0.374
285,,0.55,0.374,0.374,0.276,-0.05,-0.024,-0.024,0.224
286,5,0.4,0.312,0.524,0.638,0.95,0.338,0.126,0.162
287,5,0.25,0.25,0.674,1.0,1.0,0.7,0.276,0.1
288,,0.1,0.1,0.524,0.85,0.85,0.55,0.126,-0.05
289,8,0.462,0.25,0.462,0.7,0.788,0.7,0.488,0.95
290,8,0.824,0.4,0.4,0.55,0.726,0.85,0.85,1.0
291,,0.674,0.25,0.25,0.4,0.576,0.7,0.7,0.85
292,,0.524,0.1,0.1,0.25,0.426,0.55,0.55,0.7
293,,0.374,-0.05,-0.05,0.1,0.276,0.4,0.4,0.55
294,3,0.524,0.312,0.95,0.462,0.426,0.338,0.25,0.488
295,3,0.674,0.674,1.0,0.824,0.576,0.276,0.1,0.426
296,,0.524,0.524,0.85,0.674,0.426,0.126,-0.05,0.276
297,7,0.674,0.462,0.7,0.612,0.576,0.488,0.95,0.638
298,7,0.824,0.4,0.55,0.55,0.726,0.85,1.0,1.0
299,,0.674,0.25,0.4,0.4,0.576,0.7,0.85,0.85
300,,0.524,0.1,0.25,0.25,0.426,0.55,0.7,0.7
301,,0.374,-0.05,0.1,0.1,0.276,0.4,0.55,0.55
302,2,0.736,0.95,0.462,0.25,0.214,0.25,0.488,0.7
303,2,1.0,1.0,0.824,0.4,0.152,0.1,0.426,0.85
304,,0.85,0.85,0.674,0.25,0.002,-0.05,0.276,0.7
305,6,0.788,0.7,0.612,0.4,0.364,0.95,0.638,0.85
306,6,0.726,0.55,0.55,0.55,0.726,1.0,1.0,1.0
307,,0.576,0.4,0.4,0.4,0.576,0.85,0.85,0.85
308,,0.426,0.25,0.25,0.25,0.426,0.7,0.7,0.7
309,,0.276,0.1,0.1,0.1,0.276,0.55,0.55,0.55
310,,0.126,-0.05,-0.05,-0.05,0.126,0.4,0.4,0.4
311,4,0.064,0.1,0.312,0.95,0.488,0.55,0.338,0.25
312,4,0.002,0.25,0.674,1.0,0.85,0.7,0.276,0.1
313,,-0.148,0.1,0.524,0.85,0.7,0.55,0.126,-0.05
314,1,0.852,0.462,0.674,0.788,0.55,0.488,0.276,0.312
315,1,1.0,0.824,0.824,0.726,0.4,0.426,0.426,0.674
316,,0.85,0.674,0.674,0.576,0.25,0.276,0.276,0.524
317,,0.7,0.524,0.524,0.426,0.1,0.126,0.126,0.374
318,,0.55,0.374,0.374,0.276,-0.05,-0.024,-0.024,0.224
319,5,0.4,0.312,0.524,0.638,0.95,0.338,0.126,0.162
320,5,0.25,0.25,0.674,1.0,1.0,0.7,0.276,0.1
321,,0.1,0.1,0.524,0.85,0.85,0.55,0.126,-0.05
322,8,0.462,0.25,0.462,0.7,0.788,0.7,0.488,0.95
323,8,0.824,0.4,0.4,0.55,0.726,0.85,0.85,1.0
324,,0.674,0.25,0.25,0.4,0.576,0.7,0.7,0.85
325,,0.524,0.1,0.1,0.25,0.426,0.55,0.55,0.7
326,,0.374,-0.05,-0.05,0.1,0.276,0.4,0.4,0.55
327,3,0.524,0.312,0.95,0.462,0.426,0.338,0.25,0.488
328,3,0.674,0.674,1.0,0.824,0.576,0.276,0.1,0.426
329,,0.524,0.524,0.85,0.674,0.426,0.126,-0.05,0.276
330,7,0.674,0.462,0.7,0.612,0.576,0.488,0.95,0.638
331,7,0.824,0.4,0.55,0.55,0.726,0.85,1.0,1.0
332,,0.674,0.25,0.4,0.4,0.576,0.7,0.85,0.85
333,,0.524,0.1,0.25,0.25,0.426,0.55,0.7,0.7
334,,0.374,-0.05,0.1,0.1,0.276,0.4,0.55,0.55
335,2,0.736,0.95,0.462,0.25,0.214,0.25,0.488,0.7
336,2,1.0,1.0,0.824,0.4,0.152,0.1,0.426,0.85
337,,0.85,0.85,0.674,0.25,0.002,-0.05,0.276,0.7
338,6,0.788,0.7,0.612,0.4,0.364,0.95,0.638,0.85
339,6,0.726,0.55,0.55,0.55,0.726,1.0,1.0,1.0
340,,0.576,0.4,0.4,0.4,0.576,0.85,0.85,0.85
341,,0.426,0.25,0.25,0.25,0.426,0.7,0.7,0.7
342,,0.276,0.1,0.1,0.1,0.276,0.55,0.55,0.55
343,,0.126,-0.05,-0.05,-0.05,0.126,0.4,0.4,0.4
344,4,0.064,0.1,0.312,0.95,0.488,0.55,0.338,0.25
345,4,0.002,0.25,0.674,1.0,0.85,0.7,0.276,0.1
346,,-0.148,0.1,0.524,0.85,0.7,0.55,0.126,-0.05
347,1,0.852,0.462,0.674,0.788,0.55,0.488,0.276,0.312
348,1,1.0,0.824,0.824,0.726,0.4,0.426,0.426,0.674
349,,0.85,0.674,0.674,0.576,0.25,0.276,0.276,0.524
350,,0.7,0.524,0.524,0.426,0.1,0.126,0.126,0.374
351,,0.55,0.374,0.374,0.276,-0.05,-0.024,-0.024,0.224
352,5,0.4,0.312,0.524,0.638,0.95,0.338,0.126,0.162
353,5,0.25,0.25,0.674,1.0,1.0,0.7,0.276,0.1
354,,0.1,0.1,0.524,0.85,0.85,0.55,0.126,-0.05
355,8,0.462,0.25,0.462,0.7,0.788,0.7,0.488,0.95
356,8,0.824,0.4,0.4,0.55,0.726,0.85,0.85,1.0
357,,0.674,0.25,0.25,0.4,0.576,0.7,0.7,0.85
358,,0.524,0.1,0.1,0.25,0.426,0.55,0.55,0.7
359,,0.374,-0.05,-0.05,0.1,0.276,0.4,0.4,0.55
360,2,0.736,0.95,0.312,0.25,0.214,0.25,0.338,0.7
361,2,1.0,1.0,0.674,0.4,0.152,0.1,0.276,0.85
362,,0.85,0.85,0.524,0.25,0.002,-0.05,0.126,0.7
363,6,0.788,0.7,0.462,0.4,0.364,0.95,0.488,0.85
364,6,0.726,0.55,0.4,0.55,0.726,1.0,0.85,1.0
365,,0.576,0.4,0.25,0.4,0.576,0.85,0.7,0.85
366,,0.426,0.25,0.1,0.25,0.426,0.7,0.55,0.7
367,,0.276,0.1,-0.05,0.1,0.276,0.55,0.4,0.55
368,3,0.426,0.462,0.95,0.462,0.426,0.488,0.25,0.488
369,3,0.576,0.824,1.0,0.824,0.576,0.426,0.1,0.426
370,,0.426,0.674,0.85,0.674,0.426,0.276,-0.05,0.276
371,7,0.576,0.612,0.7,0.612,0.576,0.638,0.95,0.638
372,7,0.726,0.55,0.55,0.55,0.726,1.0,1.0,1.0
373,,0.576,0.4,0.4,0.4,0.576,0.85,0.85,0.85
374,,0.426,0.25,0.25,0.25,0.426,0.7,0.7,0.7
375,,0.276,0.1,0.1,0.1,0.276,0.55,0.55,0.55
376,,0.126,-0.05,-0.05,-0.05,0.126,0.4,0.4,0.4
377,4,0.064,0.1,0.312,0.95,0.488,0.55,0.338,0.25
378,4,0.002,0.25,0.674,1.0,0.85,0.7,0.276,0.1
379,,-0.148,0.1,0.524,0.85,0.7,0.55,0.126,-0.05
380,1,0.852,0.462,0.674,0.788,0.55,0.488,0.276,0.312
381,1,1.0,0.824,0.824,0.726,0.4,0.426,0.426,0.674
382,,0.85,0.674,0.674,0.576,0.25,0.276,0.276,0.524
383,,0.7,0.524,0.524,0.426,0.1,0.126,0.126,0.374
384,,0.55,0.374,0.374,0.276,-0.05,-0.024,-0.024,0.224
385,5,0.4,0.312,0.524,0.638,0.95,0.338,0.126,0.162
386,5,0.25,0.25,0.674,1.0,1.0,0.7,0.276,0.1
387,,0.1,0.1,0.524,0.85,0.85,0.55,0.126,-0.05
388,8,0.462,0.25,0.462,0.7,0.788,0.7,0.488,0.95
389,8,0.824,0.4,0.4,0.55,0.726,0.85,0.85,1.0
390,,0.674,0.25,0.25,0.4,0.576,0.7,0.7,0.85
391,,0.524,0.1,0.1,0.25,0.426,0.55,0.55,0.7
392,,0.374,-0.05,-0.05,0.1,0.276,0.4,0.4,0.55
393,3,0.524,0.312,0.95,0.462,0.426,0.338,0.25,0.488
394,3,0.674,0.674,1.0,0.824,0.576,0.276,0.1,0.426
395,,0.524,0.524,0.85,0.674,0.426,0.126,-0.05,0.276
396,7,0.674,0.462,0.7,0.612,0.576,0.488,0.95,0.638
397,7,0.824,0.4,0.55,0.55,0.726,0.85,1.0,1.0
398,,0.674,0.25,0.4,0.4,0.576,0.7,0.85,0.85
399,,0.524,0.1,0.25,0.25,0.426,0.55,0.7,0.7
400,,0.374,-0.05,0.1,0.1,0.276,0.4,0.55,0.55
401,2,0.736,0.95,0.462,0.25,0.214,0.25,0.488,0.7
402,2,1.0,1.0,0.824,0.4,0.152,0.1,0.426,0.85
403,,0.85,0.85,0.674,0.25,0.002,-0.05,0.276,0.7
404,6,0.788,0.7,0.612,0.4,0.364,0.95,0.638,0.85
405,6,0.726,0.55,0.55,0.55,0.726,1.0,1.0,1.0
406,,0.576,0.4,0.4,0.4,0.576,0.85,0.85,0.85
407,,0.426,0.25,0.25,0.25,0.426,0.7,0.7,0.7
408,,0.276,0.1,0.1,0.1,0.276,0.55,0.55,0.55
409,,0.126,-0.05,-0.05,-0.05,0.126,0.4,0.4,0.4
410,4,0.064,0.1,0.312,0.95,0.488,0.55,0.338,0.25
411,4,0.002,0.25,0.674,1.0,0.85,0.7,0.276,0.1
412,,-0.148,0.1,0.524,0.85,0.7,0.55,0.126,-0.05
413,1,0.852,0.462,0.674,0.788,0.55,0.488,0.276,0.312
414,1,1.0,0.824,0.824,0.726,0.4,0.426,0.426,0.674
415,,0.85,0.674,0.674,0.576,0.25,0.276,0.276,0.524
416,,0.7,0.524,0.524,0.426,0.1,0.126,0.126,0.374
417,,0.55,0.374,0.374,0.276,-0.05,-0.024,-0.024,0.224
418,5,0.4,0.312,0.524,0.638,0.95,0.338,0.126,0.162
419,5,0.25,0.25,0.674,1.0,1.0,0.7,0.276,0.1
420,,0.1,0.1,0.524,0.85,0.85,0.55,0.126,-0.05
421,8,0.462,0.25,0.462,0.7,0.788,0.7,0.488,0.95
422,8,0.824,0.4,0.4,0.55,0.726,0.85,0.85,1.0
423,,0.674,0.25,0.25,0.4,0.576,0.7,0.7,0.85
424,,0.524,0.1,0.1,0.25,0.426,0.55,0.55,0.7
425,,0.374,-0.05,-0.05,0.1,0.276,0.4,0.4,0.55
426,3,0.524,0.312,0.95,0.462,0.426,0.338,0.25,0.488
427,3,0.674,0.674,1.0,0.824,0.576,0.276,0.1,0.426
428,,0.524,0.524,0.85,0.674,0.426,0.126,-0.05,0.276
429,7,0.674,0.462,0.7,0.612,0.576,0.488,0.95,0.638
430,7,0.824,0.4,0.55,0.55,0.726,0.85,1.0,1.0
431,,0.674,0.25,0.4,0.4,0.576,0.7,0.85,0.85
432,,0.524,0.1,0.25,0.25,0.426,0.55,0.7,0.7
433,,0.374,-0.05,0.1,0.1,0.276,0.4,0.55,0.55
434,2,0.736,0.95,0.462,0.25,0.214,0.25,0.488,0.7
435,2,1.0,1.0,0.824,0.4,0.152,0.1,0.426,0.85
436,,0.85,0.85,0.674,0.25,0.002,-0.05,0.276,0.7
437,6,0.788,0.7,0.612,0.4,0.364,0.95,0.638,0.85
438,6,0.726,0.55,0.55,0.55,0.726,1.0,1.0,1.0
439,,0.576,0.4,0.4,0.4,0.576,0.85,0.85,0.85
440,,0.426,0.25,0.25,0.25,0.426,0.7,0.7,0.7
441,,0.276,0.1,0.1,0.1,0.276,0.55,0.55,0.55
442,,0.126,-0.05,-0.05,-0.05,0.126,0.4,0.4,0.4
443,2,0.488,0.95,0.312,0.1,0.064,0.25,0.338,0.55
444,2,0.85,1.0,0.674,0.25,0.002,0.1,0.276,0.7
445,,0.7,0.85,0.524,0.1,-0.148,-0.05,0.126,0.55
446,5,0.55,0.788,0.674,0.462,0.852,0.312,0.276,0.488
447,5,0.4,0.726,0.824,0.824,1.0,0.674,0.426,0.426
448,,0.25,0.576,0.674,0.674,0.85,0.524,0.276,0.276
449,,0.1,0.426,0.524,0.524,0.7,0.374,0.126,0.126
450,,-0.05,0.276,0.374,0.374,0.55,0.224,-0.024,-0.024
451,1,0.95,0.638,0.524,0.312,0.4,0.162,0.126,0.338
452,1,1.0,1.0,0.674,0.25,0.25,0.1,0.276,0.7
453,,0.85,0.85,0.524,0.1,0.1,-0.05,0.126,0.55
454,6,0.788,0.7,0.462,0.25,0.462,0.95,0.488,0.7
455,6,0.726,0.55,0.4,0.4,0.824,1.0,0.85,0.85
456,,0.576,0.4,0.25,0.25,0.674,0.85,0.7,0.7
457,,0.426,0.25,0.1,0.1,0.524,0.7,0.55,0.55
458,,0.276,0.1,-0.05,-0.05,0.374,0.55,0.4,0.4
459,3,0.426,0.462,0.95,0.312,0.524,0.488,0.25,0.338
460,3,0.576,0.824,1.0,0.674,0.674,0.426,0.1,0.276
461,,0.426,0.674,0.85,0.524,0.524,0.276,-0.05,0.126
462,7,0.576,0.612,0.7,0.462,0.674,0.638,0.95,0.488
463,7,0.726,0.55,0.55,0.4,0.824,1.0,1.0,0.85
464,,0.576,0.4,0.4,0.25,0.674,0.85,0.85,0.7
465,,0.426,0.25,0.25,0.1,0.524,0.7,0.7,0.55
466,,0.276,0.1,0.1,-0.05,0.374,0.55,0.55,0.4
467,4,0.214,0.25,0.462,0.95,0.736,0.7,0.488,0.25
468,4,0.152,0.4,0.824,1.0,1.0,0.85,0.426,0.1
469,,0.002,0.25,0.674,0.85,0.85,0.7,0.276,-0.05
470,8,0.364,0.4,0.612,0.7,0.788,0.85,0.638,0.95
471,8,0.726,0.55,0.55,0.55,0.726,1.0,1.0,1.0
472,,0.576,0.4,0.4,0.4,0.576,0.85,0.85,0.85
473,,0.426,0.25,0.25,0.25,0.426,0.7,0.7,0.7
474,,0.276,0.1,0.1,0.1,0.276,0.55,0.55,0.55
475,,0.126,-0.05,-0.05,-0.05,0.126,0.4,0.4,0.4
476,4,0.064,0.1,0.312,0.95,0.488,0.55,0.338,0.25
477,4,0.002,0.25,0.674,1.0,0.85,0.7,0.276,0.1
478,,-0.148,0.1,0.524,0.85,0.7,0.55,0.126,-0.05
479,1,0.852,0.462,0.674,0.788,0.55,0.488,0.276,0.312
480,1,1.0,0.824,0.824,0.726,0.4,0.426,0.426,0.674
481,,0.85,0.674,0.674,0.576,0.25,0.276,0.276,0.524
482,,0.7,0.524,0.524,0.426,0.1,0.126,0.126,0.374
483,,0.55,0.374,0.374,0.276,-0.05,-0.024,-0.024,0.224
484,5,0.4,0.312,0.524,0.638,0.95,0.338,0.126,0.162
485,5,0.25,0.25,0.674,1.0,1.0,0.7,0.276,0.1
486,,0.1,0.1,0.524,0.85,0.85,0.55,0.126,-0.05
487,8,0.462,0.25,0.462,0.7,0.788,0.7,0.488,0.95
488,8,0.824,0.4,0.4,0.55,0.726,0.85,0.85,1.0
489,,0.674,0.25,0.25,0.4,0.576,0.7,0.7,0.85
490,,0.524,0.1,0.1,0.25,0.426,0.55,0.55,0.7
491,,0.374,-0.05,-0.05,0.1,0.276,0.4,0.4,0.55
492,3,0.524,0.312,0.95,0.462,0.426,0.338,0.25,0.488
493,3,0.674,0.674,1.0,0.824,0.576,0.276,0.1,0.426
494,,0.524,0.524,0.85,0.674,0.426,0.126,-0.05,0.276
495,7,0.674,0.462,0.7,0.612,0.576,0.488,0.95,0.638
496,7,0.824,0.4,0.55,0.55,0.726,0.85,1.0,1.0
497,,0.674,0.25,0.4,0.4,0.576,0.7,0.85,0.85
498,,0.524,0.1,0.25,0.25,0.426,0.55,0.7,0.7
499,,0.374,-0.05,0.1,0.1,0.276,0.4,0.55,0.55
