step,active_motive,motive_1,motive_2,motive_3,motive_4,motive_5,motive_6,motive_7,motive_8
0,,0.82179,0.34508,0.34762,0.0318,0.54872,0.53442,0.35599,0.89422
1,,0.67179,0.19508,0.19762,-0.1182,0.39872,0.38442,0.20599,0.74422
2,4,0.60979,0.34508,0.55962,0.8818,0.76072,0.53442,0.14399,0.59422
3,4,0.54779,0.49508,0.92162,1.0,1.0,0.68442,0.08199,0.44422
4,,0.39779,0.34508,0.77162,0.85,0.85,0.53442,-0.06801,0.29422
5,7,0.54779,0.28308,0.62162,0.788,1.0,0.89642,0.93199,0.65622
6,7,0.69779,0.22108,0.47162,0.726,1.0,1.0,1.0,1.0
7,,0.54779,0.07108,0.32162,0.576,0.85,0.85,0.85,0.85
8,,0.39779,-0.07892,0.17162,0.426,0.7,0.7,0.7,0.7
9,2,0.75979,0.92108,0.53362,0.576,0.638,0.55,0.638,0.85
10,2,1.0,1.0,0.89562,0.726,0.576,0.4,0.576,1.0
11,,0.85,0.85,0.74562,0.576,0.426,0.25,0.426,0.85
12,,0.7,0.7,0.59562,0.426,0.276,0.1,0.276,0.7
13,,0.55,0.55,0.44562,0.276,0.126,-0.05,0.126,0.55
14,6,0.488,0.4,0.38362,0.426,0.488,0.95,0.488,0.7
15,6,0.426,0.25,0.32162,0.576,0.85,1.0,0.85,0.85
16,,0.276,0.1,0.17162,0.426,0.7,0.85,0.7,0.7
17,,0.126,-0.05,0.02162,0.276,0.55,0.7,0.55,0.55
18,2,0.488,0.95,0.38362,0.426,0.488,0.55,0.488,0.7
19,2,0.85,1.0,0.74562,0.576,0.426,0.4,0.426,0.85
20,,0.7,0.85,0.59562,0.426,0.276,0.25,0.276,0.7
21,,0.55,0.7,0.44562,0.276,0.126,0.1,0.126,0.55
22,,0.4,0.55,0.29562,0.126,-0.024,-0.05,-0.024,0.4
23,6,0.338,0.4,0.23362,0.276,0.338,0.95,0.338,0.55
24,6,0.276,0.25,0.17162,0.426,0.7,1.0,0.7,0.7
25,,0.126,0.1,0.02162,0.276,0.55,0.85,0.55,0.55
26,,-0.024,-0.05,-0.12838,0.126,0.4,0.7,0.4,0.4
27,3,0.126,0.312,0.87162,0.488,0.55,0.638,0.25,0.338
28,3,0.276,0.674,1.0,0.85,0.7,0.576,0.1,0.276
29,,0.126,0.524,0.85,0.7,0.55,0.426,-0.05,0.126
30,7,0.276,0.462,0.7,0.638,0.7,0.788,0.95,0.488
31,7,0.426,0.4,0.55,0.576,0.85,1.0,1.0,0.85
32,,0.276,0.25,0.4,0.426,0.7,0.85,0.85,0.7
33,,0.126,0.1,0.25,0.276,0.55,0.7,0.7,0.55
34,,-0.024,-0.05,0.1,0.126,0.4,0.55,0.55,0.4
35,2,0.338,0.95,0.462,0.276,0.338,0.4,0.488,0.55
36,2,0.7,1.0,0.824,0.426,0.276,0.25,0.426,0.7
37,,0.55,0.85,0.674,0.276,0.126,0.1,0.276,0.55
38,,0.4,0.7,0.524,0.126,-0.024,-0.05,0.126,0.4
39,6,0.338,0.55,0.462,0.276,0.338,0.95,0.488,0.55
40,6,0.276,0.4,0.4,0.426,0.7,1.0,0.85,0.7
41,,0.126,0.25,0.25,0.276,0.55,0.85,0.7,0.55
42,,-0.024,0.1,0.1,0.126,0.4,0.7,0.55,0.4
43,1,0.976,0.462,0.25,0.064,0.25,0.638,0.7,0.762
44,1,1.0,0.824,0.4,0.002,0.1,0.576,0.85,1.0
45,,0.85,0.674,0.25,-0.148,-0.05,0.426,0.7,0.85
46,4,0.788,0.824,0.612,0.852,0.312,0.576,0.638,0.7
47,4,0.726,0.974,0.974,1.0,0.674,0.726,0.576,0.55
48,,0.576,0.824,0.824,0.85,0.524,0.576,0.426,0.4
49,,0.426,0.674,0.674,0.7,0.374,0.426,0.276,0.25
50,,0.276,0.524,0.524,0.55,0.224,0.276,0.126,0.1
51,,0.126,0.374,0.374,0.4,0.074,0.126,-0.024,-0.05
52,8,0.488,0.524,0.312,0.25,0.012,0.276,0.338,0.95
53,8,0.85,0.674,0.25,0.1,-0.05,0.426,0.7,1.0
54,5,0.7,0.612,0.4,0.462,0.95,0.788,0.85,0.938
55,5,0.55,0.55,0.55,0.824,1.0,1.0,1.0,0.876
56,,0.4,0.4,0.4,0.674,0.85,0.85,0.85,0.726
57,,0.25,0.25,0.25,0.524,0.7,0.7,0.7,0.576
58,,0.1,0.1,0.1,0.374,0.55,0.55,0.55,0.426
59,,-0.05,-0.05,-0.05,0.224,0.4,0.4,0.4,0.276
60,1,0.95,0.312,0.1,0.162,0.25,0.338,0.55,0.638
61,1,1.0,0.674,0.25,0.1,0.1,0.276,0.7,1.0
62,,0.85,0.524,0.1,-0.05,-0.05,0.126,0.55,0.85
63,5,0.7,0.462,0.25,0.312,0.95,0.488,0.7,0.788
64,5,0.55,0.4,0.4,0.674,1.0,0.85,0.85,0.726
65,,0.4,0.25,0.25,0.524,0.85,0.7,0.7,0.576
66,,0.25,0.1,0.1,0.374,0.7,0.55,0.55,0.426
67,,0.1,-0.05,-0.05,0.224,0.55,0.4,0.4,0.276
68,3,0.25,0.312,0.95,0.586,0.7,0.338,0.25,0.214
69,3,0.4,0.674,1.0,0.948,0.85,0.276,0.1,0.152
70,,0.25,0.524,0.85,0.798,0.7,0.126,-0.05,0.002
71,7,0.4,0.462,0.7,0.736,0.85,0.488,0.95,0.364
72,7,0.55,0.4,0.55,0.674,1.0,0.85,1.0,0.726
73,,0.4,0.25,0.4,0.524,0.85,0.7,0.85,0.576
74,,0.25,0.1,0.25,0.374,0.7,0.55,0.7,0.426
75,,0.1,-0.05,0.1,0.224,0.55,0.4,0.55,0.276
76,2,0.462,0.95,0.462,0.374,0.488,0.25,0.488,0.426
77,2,0.824,1.0,0.824,0.524,0.426,0.1,0.426,0.576
78,,0.674,0.85,0.674,0.374,0.276,-0.05,0.276,0.426
79,6,0.612,0.7,0.612,0.524,0.638,0.95,0.638,0.576
80,6,0.55,0.55,0.55,0.674,1.0,1.0,1.0,0.726
81,,0.4,0.4,0.4,0.524,0.85,0.85,0.85,0.576
82,,0.25,0.25,0.25,0.374,0.7,0.7,0.7,0.426
83,,0.1,0.1,0.1,0.224,0.55,0.55,0.55,0.276
84,,-0.05,-0.05,-0.05,0.074,0.4,0.4,0.4,0.126
85,1,0.95,0.312,0.1,0.012,0.25,0.338,0.55,0.488
86,1,1.0,0.674,0.25,-0.05,0.1,0.276,0.7,0.85
87,4,0.938,0.824,0.612,0.95,0.462,0.426,0.638,0.7
88,4,0.876,0.974,0.974,1.0,0.824,0.576,0.576,0.55
89,,0.726,0.824,0.824,0.85,0.674,0.426,0.426,0.4
90,,0.576,0.674,0.674,0.7,0.524,0.276,0.276,0.25
91,,0.426,0.524,0.524,0.55,0.374,0.126,0.126,0.1
92,,0.276,0.374,0.374,0.4,0.224,-0.024,-0.024,-0.05
93,8,0.638,0.524,0.312,0.25,0.162,0.126,0.338,0.95
94,8,1.0,0.674,0.25,0.1,0.1,0.276,0.7,1.0
95,,0.85,0.524,0.1,-0.05,-0.05,0.126,0.55,0.85
96,4,0.788,0.674,0.462,0.95,0.312,0.276,0.488,0.7
97,4,0.726,0.824,0.824,1.0,0.674,0.426,0.426,0.55
98,,0.576,0.674,0.674,0.85,0.524,0.276,0.276,0.4
99,,0.426,0.524,0.524,0.7,0.374,0.126,0.126,0.25
100,,0.276,0.374,0.374,0.55,0.224,-0.024,-0.024,0.1
101,6,0.214,0.224,0.312,0.7,0.586,0.976,0.338,0.25
102,6,0.152,0.074,0.25,0.85,0.948,1.0,0.7,0.4
103,,0.002,-0.076,0.1,0.7,0.798,0.85,0.55,0.25
104,2,0.364,0.924,0.462,0.85,0.736,0.7,0.488,0.4
105,2,0.726,1.0,0.824,1.0,0.674,0.55,0.426,0.55
106,,0.576,0.85,0.674,0.85,0.524,0.4,0.276,0.4
107,,0.426,0.7,0.524,0.7,0.374,0.25,0.126,0.25
108,,0.276,0.55,0.374,0.55,0.224,0.1,-0.024,0.1
109,7,0.426,0.488,0.224,0.488,0.374,0.462,0.976,0.462
110,7,0.576,0.426,0.074,0.426,0.524,0.824,1.0,0.824
111,,0.426,0.276,-0.076,0.276,0.374,0.674,0.85,0.674
112,3,0.576,0.638,0.924,0.638,0.524,0.612,0.7,0.612
113,3,0.726,1.0,1.0,1.0,0.674,0.55,0.55,0.55
114,,0.576,0.85,0.85,0.85,0.524,0.4,0.4,0.4
115,,0.426,0.7,0.7,0.7,0.374,0.25,0.25,0.25
116,,0.276,0.55,0.55,0.55,0.224,0.1,0.1,0.1
117,,0.126,0.4,0.4,0.4,0.074,-0.05,-0.05,-0.05
118,7,0.276,0.338,0.25,0.338,0.224,0.312,0.95,0.312
119,7,0.426,0.276,0.1,0.276,0.374,0.674,1.0,0.674
120,,0.276,0.126,-0.05,0.126,0.224,0.524,0.85,0.524
121,3,0.426,0.488,0.95,0.488,0.374,0.462,0.7,0.462
122,3,0.576,0.85,1.0,0.85,0.524,0.4,0.55,0.4
123,,0.426,0.7,0.85,0.7,0.374,0.25,0.4,0.25
124,,0.276,0.55,0.7,0.55,0.224,0.1,0.25,0.1
125,,0.126,0.4,0.55,0.4,0.074,-0.05,0.1,-0.05
126,6,0.064,0.25,0.488,0.55,0.436,0.95,0.462,0.1
127,6,0.002,0.1,0.426,0.7,0.798,1.0,0.824,0.25
128,,-0.148,-0.05,0.276,0.55,0.648,0.85,0.674,0.1
129,1,0.852,0.312,0.426,0.488,0.498,0.788,0.824,0.462
130,1,1.0,0.674,0.576,0.426,0.348,0.726,0.974,0.824
131,,0.85,0.524,0.426,0.276,0.198,0.576,0.824,0.674
132,,0.7,0.374,0.276,0.126,0.048,0.426,0.674,0.524
133,,0.55,0.224,0.126,-0.024,-0.102,0.276,0.524,0.374
134,5,0.4,0.162,0.276,0.338,0.898,0.638,0.674,0.312
135,5,0.25,0.1,0.426,0.7,1.0,1.0,0.824,0.25
136,,0.1,-0.05,0.276,0.55,0.85,0.85,0.674,0.1
137,2,0.462,0.95,0.638,0.7,0.788,0.7,0.612,0.25
138,2,0.824,1.0,1.0,0.85,0.726,0.55,0.55,0.4
139,,0.674,0.85,0.85,0.7,0.576,0.4,0.4,0.25
140,,0.524,0.7,0.7,0.55,0.426,0.25,0.25,0.1
141,,0.374,0.55,0.55,0.4,0.276,0.1,0.1,-0.05
142,8,0.736,0.7,0.488,0.25,0.214,0.25,0.462,0.95
143,8,1.0,0.85,0.426,0.1,0.152,0.4,0.824,1.0
144,,0.85,0.7,0.276,-0.05,0.002,0.25,0.674,0.85
145,4,0.788,0.85,0.638,0.95,0.364,0.4,0.612,0.7
146,4,0.726,1.0,1.0,1.0,0.726,0.55,0.55,0.55
147,,0.576,0.85,0.85,0.85,0.576,0.4,0.4,0.4
148,,0.426,0.7,0.7,0.7,0.426,0.25,0.25,0.25
149,,0.276,0.55,0.55,0.55,0.276,0.1,0.1,0.1
150,,0.126,0.4,0.4,0.4,0.126,-0.05,-0.05,-0.05
151,8,0.488,0.55,0.338,0.25,0.064,0.1,0.312,0.95
152,8,0.85,0.7,0.276,0.1,0.002,0.25,0.674,1.0
153,,0.7,0.55,0.126,-0.05,-0.148,0.1,0.524,0.85
154,5,0.55,0.488,0.276,0.312,0.852,0.462,0.674,0.788
155,5,0.4,0.426,0.426,0.674,1.0,0.824,0.824,0.726
156,,0.25,0.276,0.276,0.524,0.85,0.674,0.674,0.576
157,,0.1,0.126,0.126,0.374,0.7,0.524,0.524,0.426
158,,-0.05,-0.024,-0.024,0.224,0.55,0.374,0.374,0.276
159,1,0.95,0.338,0.126,0.162,0.4,0.312,0.524,0.638
160,1,1.0,0.7,0.276,0.1,0.25,0.25,0.674,1.0
161,,0.85,0.55,0.126,-0.05,0.1,0.1,0.524,0.85
162,4,0.788,0.7,0.488,0.95,0.462,0.25,0.462,0.7
163,4,0.726,0.85,0.85,1.0,0.824,0.4,0.4,0.55
164,,0.576,0.7,0.7,0.85,0.674,0.25,0.25,0.4
165,,0.426,0.55,0.55,0.7,0.524,0.1,0.1,0.25
166,,0.276,0.4,0.4,0.55,0.374,-0.05,-0.05,0.1
167,6,0.214,0.25,0.338,0.7,0.736,0.95,0.312,0.25
168,6,0.152,0.1,0.276,0.85,1.0,1.0,0.674,0.4
169,,0.002,-0.05,0.126,0.7,0.85,0.85,0.524,0.25
170,2,0.364,0.95,0.488,0.85,0.788,0.7,0.462,0.4
171,2,0.726,1.0,0.85,1.0,0.726,0.55,0.4,0.55
172,,0.576,0.85,0.7,0.85,0.576,0.4,0.25,0.4
173,,0.426,0.7,0.55,0.7,0.426,0.25,0.1,0.25
174,,0.276,0.55,0.4,0.55,0.276,0.1,-0.05,0.1
175,7,0.426,0.488,0.25,0.488,0.426,0.462,0.95,0.462
176,7,0.576,0.426,0.1,0.426,0.576,0.824,1.0,0.824
177,,0.426,0.276,-0.05,0.276,0.426,0.674,0.85,0.674
178,3,0.576,0.638,0.95,0.638,0.576,0.612,0.7,0.612
179,3,0.726,1.0,1.0,1.0,0.726,0.55,0.55,0.55
180,,0.576,0.85,0.85,0.85,0.576,0.4,0.4,0.4
181,,0.426,0.7,0.7,0.7,0.426,0.25,0.25,0.25
182,,0.276,0.55,0.55,0.55,0.276,0.1,0.1,0.1
183,,0.126,0.4,0.4,0.4,0.126,-0.05,-0.05,-0.05
184,7,0.276,0.338,0.25,0.338,0.276,0.312,0.95,0.312
185,7,0.426,0.276,0.1,0.276,0.426,0.674,1.0,0.674
186,,0.276,0.126,-0.05,0.126,0.276,0.524,0.85,0.524
187,3,0.426,0.488,0.95,0.488,0.426,0.462,0.7,0.462
188,3,0.576,0.85,1.0,0.85,0.576,0.4,0.55,0.4
189,,0.426,0.7,0.85,0.7,0.426,0.25,0.4,0.25
190,,0.276,0.55,0.7,0.55,0.276,0.1,0.25,0.1
191,,0.126,0.4,0.55,0.4,0.126,-0.05,0.1,-0.05
192,6,0.064,0.25,0.488,0.55,0.488,0.95,0.462,0.1
193,6,0.002,0.1,0.426,0.7,0.85,1.0,0.824,0.25
194,,-0.148,-0.05,0.276,0.55,0.7,0.85,0.674,0.1
195,1,0.852,0.312,0.426,0.488,0.55,0.788,0.824,0.462
196,1,1.0,0.674,0.576,0.426,0.4,0.726,0.974,0.824
197,,0.85,0.524,0.426,0.276,0.25,0.576,0.824,0.674
198,,0.7,0.374,0.276,0.126,0.1,0.426,0.674,0.524
199,,0.55,0.224,0.126,-0.024,-0.05,0.276,0.524,0.374
200,5,0.4,0.162,0.276,0.338,0.95,0.638,0.674,0.312
201,5,0.25,0.1,0.426,0.7,1.0,1.0,0.824,0.25
202,,0.1,-0.05,0.276,0.55,0.85,0.85,0.674,0.1
203,2,0.462,0.95,0.638,0.7,0.788,0.7,0.612,0.25
204,2,0.824,1.0,1.0,0.85,0.726,0.55,0.55,0.4
205,,0.674,0.85,0.85,0.7,0.576,0.4,0.4,0.25
206,,0.524,0.7,0.7,0.55,0.426,0.25,0.25,0.1
207,,0.374,0.55,0.55,0.4,0.276,0.1,0.1,-0.05
208,8,0.736,0.7,0.488,0.25,0.214,0.25,0.462,0.95
209,8,1.0,0.85,0.426,0.1,0.152,0.4,0.824,1.0
210,,0.85,0.7,0.276,-0.05,0.002,0.25,0.674,0.85
211,4,0.788,0.85,0.638,0.95,0.364,0.4,0.612,0.7
212,4,0.726,1.0,1.0,1.0,0.726,0.55,0.55,0.55
213,,0.576,0.85,0.85,0.85,0.576,0.4,0.4,0.4
214,,0.426,0.7,0.7,0.7,0.426,0.25,0.25,0.25
215,,0.276,0.55,0.55,0.55,0.276,0.1,0.1,0.1
216,,0.126,0.4,0.4,0.4,0.126,-0.05,-0.05,-0.05
217,7,0.276,0.338,0.25,0.338,0.276,0.312,0.95,0.312
218,7,0.426,0.276,0.1,0.276,0.426,0.674,1.0,0.674
219,,0.276,0.126,-0.05,0.126,0.276,0.524,0.85,0.524
220,3,0.426,0.488,0.95,0.488,0.426,0.462,0.7,0.462
221,3,0.576,0.85,1.0,0.85,0.576,0.4,0.55,0.4
222,,0.426,0.7,0.85,0.7,0.426,0.25,0.4,0.25
223,,0.276,0.55,0.7,0.55,0.276,0.1,0.25,0.1
224,,0.126,0.4,0.55,0.4,0.126,-0.05,0.1,-0.05
225,6,0.064,0.25,0.488,0.55,0.488,0.95,0.462,0.1
226,6,0.002,0.1,0.426,0.7,0.85,1.0,0.824,0.25
227,,-0.148,-0.05,0.276,0.55,0.7,0.85,0.674,0.1
228,1,0.852,0.312,0.426,0.488,0.55,0.788,0.824,0.462
229,1,1.0,0.674,0.576,0.426,0.4,0.726,0.974,0.824
230,,0.85,0.524,0.426,0.276,0.25,0.576,0.824,0.674
231,,0.7,0.374,0.276,0.126,0.1,0.426,0.674,0.524
232,,0.55,0.224,0.126,-0.024,-0.05,0.276,0.524,0.374
233,5,0.4,0.162,0.276,0.338,0.95,0.638,0.674,0.312
234,5,0.25,0.1,0.426,0.7,1.0,1.0,0.824,0.25
235,,0.1,-0.05,0.276,0.55,0.85,0.85,0.674,0.1
236,2,0.462,0.95,0.638,0.7,0.788,0.7,0.612,0.25
237,2,0.824,1.0,1.0,0.85,0.726,0.55,0.55,0.4
238,,0.674,0.85,0.85,0.7,0.576,0.4,0.4,0.25
239,,0.524,0.7,0.7,0.55,0.426,0.25,0.25,0.1
240,,0.374,0.55,0.55,0.4,0.276,0.1,0.1,-0.05
241,8,0.736,0.7,0.488,0.25,0.214,0.25,0.462,0.95
242,8,1.0,0.85,0.426,0.1,0.152,0.4,0.824,1.0
243,,0.85,0.7,0.276,-0.05,0.002,0.25,0.674,0.85
244,4,0.788,0.85,0.638,0.95,0.364,0.4,0.612,0.7
245,4,0.726,1.0,1.0,1.0,0.726,0.55,0.55,0.55
246,,0.576,0.85,0.85,0.85,0.576,0.4,0.4,0.4
247,,0.426,0.7,0.7,0.7,0.426,0.25,0.25,0.25
248,,0.276,0.55,0.55,0.55,0.276,0.1,0.1,0.1
249,,0.126,0.4,0.4,0.4,0.126,-0.05,-0.05,-0.05
250,8,0.488,0.55,0.338,0.25,0.064,0.1,0.312,0.95
251,8,0.85,0.7,0.276,0.1,0.002,0.25,0.674,1.0
252,,0.7,0.55,0.126,-0.05,-0.148,0.1,0.524,0.85
253,5,0.55,0.488,0.276,0.312,0.852,0.462,0.674,0.788
254,5,0.4,0.426,0.426,0.674,1.0,0.824,0.824,0.726
255,,0.25,0.276,0.276,0.524,0.85,0.674,0.674,0.576
256,,0.1,0.126,0.126,0.374,0.7,0.524,0.524,0.426
257,,-0.05,-0.024,-0.024,0.224,0.55,0.374,0.374,0.276
258,1,0.95,0.338,0.126,0.162,0.4,0.312,0.524,0.638
259,1,1.0,0.7,0.276,0.1,0.25,0.25,0.674,1.0
260,,0.85,0.55,0.126,-0.05,0.1,0.1,0.524,0.85
261,4,0.788,0.7,0.488,0.95,0.462,0.25,0.462,0.7
262,4,0.726,0.85,0.85,1.0,0.824,0.4,0.4,0.55
263,,0.576,0.7,0.7,0.85,0.674,0.25,0.25,0.4
264,,0.426,0.55,0.55,0.7,0.524,0.1,0.1,0.25
265,,0.276,0.4,0.4,0.55,0.374,-0.05,-0.05,0.1
266,7,0.426,0.338,0.25,0.488,0.524,0.312,0.95,0.462
267,7,0.576,0.276,0.1,0.426,0.674,0.674,1.0,0.824
268,,0.426,0.126,-0.05,0.276,0.524,0.524,0.85,0.674
269,3,0.576,0.488,0.95,0.638,0.674,0.462,0.7,0.612
270,3,0.726,0.85,1.0,1.0,0.824,0.4,0.55,0.55
271,,0.576,0.7,0.85,0.85,0.674,0.25,0.4,0.4
272,,0.426,0.55,0.7,0.7,0.524,0.1,0.25,0.25
273,,0.276,0.4,0.55,0.55,0.374,-0.05,0.1,0.1
274,6,0.214,0.25,0.488,0.7,0.736,0.95,0.462,0.25
275,6,0.152,0.1,0.426,0.85,1.0,1.0,0.824,0.4
276,,0.002,-0.05,0.276,0.7,0.85,0.85,0.674,0.25
277,2,0.364,0.95,0.638,0.85,0.788,0.7,0.612,0.4
278,2,0.726,1.0,1.0,1.0,0.726,0.55,0.55,0.55
279,,0.576,0.85,0.85,0.85,0.576,0.4,0.4,0.4
280,,0.426,0.7,0.7,0.7,0.426,0.25,0.25,0.25
281,,0.276,0.55,0.55,0.55,0.276,0.1,0.1,0.1
282,,0.126,0.4,0.4,0.4,0.126,-0.05,-0.05,-0.05
283,6,0.064,0.25,0.338,0.55,0.488,0.95,0.312,0.1
284,6,0.002,0.1,0.276,0.7,0.85,1.0,0.674,0.25
285,,-0.148,-0.05,0.126,0.55,0.7,0.85,0.524,0.1
286,1,0.852,0.312,0.276,0.488,0.55,0.788,0.674,0.462
287,1,1.0,0.674,0.426,0.426,0.4,0.726,0.824,0.824
288,,0.85,0.524,0.276,0.276,0.25,0.576,0.674,0.674
289,,0.7,0.374,0.126,0.126,0.1,0.426,0.524,0.524
290,,0.55,0.224,-0.024,-0.024,-0.05,0.276,0.374,0.374
291,5,0.4,0.162,0.126,0.338,0.95,0.638,0.524,0.312
292,5,0.25,0.1,0.276,0.7,1.0,1.0,0.674,0.25
293,,0.1,-0.05,0.126,0.55,0.85,0.85,0.524,0.1
294,2,0.462,0.95,0.488,0.7,0.788,0.7,0.462,0.25
295,2,0.824,1.0,0.85,0.85,0.726,0.55,0.4,0.4
296,,0.674,0.85,0.7,0.7,0.576,0.4,0.25,0.25
297,,0.524,0.7,0.55,0.55,0.426,0.25,0.1,0.1
298,,0.374,0.55,0.4,0.4,0.276,0.1,-0.05,-0.05
299,7,0.524,0.488,0.25,0.338,0.426,0.462,0.95,0.312
300,7,0.674,0.426,0.1,0.276,0.576,0.824,1.0,0.674
301,,0.524,0.276,-0.05,0.126,0.426,0.674,0.85,0.524
302,3,0.674,0.638,0.95,0.488,0.576,0.612,0.7,0.462
303,3,0.824,1.0,1.0,0.85,0.726,0.55,0.55,0.4
304,,0.674,0.85,0.85,0.7,0.576,0.4,0.4,0.25
305,,0.524,0.7,0.7,0.55,0.426,0.25,0.25,0.1
306,,0.374,0.55,0.55,0.4,0.276,0.1,0.1,-0.05
307,8,0.736,0.7,0.488,0.25,0.214,0.25,0.462,0.95
308,8,1.0,0.85,0.426,0.1,0.152,0.4,0.824,1.0
309,,0.85,0.7,0.276,-0.05,0.002,0.25,0.674,0.85
310,4,0.788,0.85,0.638,0.95,0.364,0.4,0.612,0.7
311,4,0.726,1.0,1.0,1.0,0.726,0.55,0.55,0.55
312,,0.576,0.85,0.85,0.85,0.576,0.4,0.4,0.4
313,,0.426,0.7,0.7,0.7,0.426,0.25,0.25,0.25
314,,0.276,0.55,0.55,0.55,0.276,0.1,0.1,0.1
315,,0.126,0.4,0.4,0.4,0.126,-0.05,-0.05,-0.05
316,7,0.276,0.338,0.25,0.338,0.276,0.312,0.95,0.312
317,7,0.426,0.276,0.1,0.276,0.426,0.674,1.0,0.674
318,,0.276,0.126,-0.05,0.126,0.276,0.524,0.85,0.524
319,3,0.426,0.488,0.95,0.488,0.426,0.462,0.7,0.462
320,3,0.576,0.85,1.0,0.85,0.576,0.4,0.55,0.4
321,,0.426,0.7,0.85,0.7,0.426,0.25,0.4,0.25
322,,0.276,0.55,0.7,0.55,0.276,0.1,0.25,0.1
323,,0.126,0.4,0.55,0.4,0.126,-0.05,0.1,-0.05
324,8,0.488,0.55,0.488,0.25,0.064,0.1,0.462,0.95
325,8,0.85,0.7,0.426,0.1,0.002,0.25,0.824,1.0
326,,0.7,0.55,0.276,-0.05,-0.148,0.1,0.674,0.85
327,5,0.55,0.488,0.426,0.312,0.852,0.462,0.824,0.788
328,5,0.4,0.426,0.576,0.674,1.0,0.824,0.974,0.726
329,,0.25,0.276,0.426,0.524,0.85,0.674,0.824,0.576
330,,0.1,0.126,0.276,0.374,0.7,0.524,0.674,0.426
331,,-0.05,-0.024,0.126,0.224,0.55,0.374,0.524,0.276
332,1,0.95,0.338,0.276,0.162,0.4,0.312,0.674,0.638
333,1,1.0,0.7,0.426,0.1,0.25,0.25,0.824,1.0
334,,0.85,0.55,0.276,-0.05,0.1,0.1,0.674,0.85
335,4,0.788,0.7,0.638,0.95,0.462,0.25,0.612,0.7
336,4,0.726,0.85,1.0,1.0,0.824,0.4,0.55,0.55
337,,0.576,0.7,0.85,0.85,0.674,0.25,0.4,0.4
338,,0.426,0.55,0.7,0.7,0.524,0.1,0.25,0.25
339,,0.276,0.4,0.55,0.55,0.374,-0.05,0.1,0.1
340,6,0.214,0.25,0.488,0.7,0.736,0.95,0.462,0.25
341,6,0.152,0.1,0.426,0.85,1.0,1.0,0.824,0.4
342,,0.002,-0.05,0.276,0.7,0.85,0.85,0.674,0.25
343,2,0.364,0.95,0.638,0.85,0.788,0.7,0.612,0.4
344,2,0.726,1.0,1.0,1.0,0.726,0.55,0.55,0.55
345,,0.576,0.85,0.85,0.85,0.576,0.4,0.4,0.4
346,,0.426,0.7,0.7,0.7,0.426,0.25,0.25,0.25
347,,0.276,0.55,0.55,0.55,0.276,0.1,0.1,0.1
348,,0.126,0.4,0.4,0.4,0.126,-0.05,-0.05,-0.05
349,6,0.064,0.25,0.338,0.55,0.488,0.95,0.312,0.1
350,6,0.002,0.1,0.276,0.7,0.85,1.0,0.674,0.25
351,,-0.148,-0.05,0.126,0.55,0.7,0.85,0.524,0.1
352,1,0.852,0.312,0.276,0.488,0.55,0.788,0.674,0.462
353,1,1.0,0.674,0.426,0.426,0.4,0.726,0.824,0.824
354,,0.85,0.524,0.276,0.276,0.25,0.576,0.674,0.674
355,,0.7,0.374,0.126,0.126,0.1,0.426,0.524,0.524
356,,0.55,0.224,-0.024,-0.024,-0.05,0.276,0.374,0.374
357,5,0.4,0.162,0.126,0.338,0.95,0.638,0.524,0.312
358,5,0.25,0.1,0.276,0.7,1.0,1.0,0.674,0.25
359,,0.1,-0.05,0.126,0.55,0.85,0.85,0.524,0.1
360,2,0.462,0.95,0.488,0.7,0.788,0.7,0.462,0.25
361,2,0.824,1.0,0.85,0.85,0.726,0.55,0.4,0.4
362,,0.674,0.85,0.7,0.7,0.576,0.4,0.25,0.25
363,,0.524,0.7,0.55,0.55,0.426,0.25,0.1,0.1
364,,0.374,0.55,0.4,0.4,0.276,0.1,-0.05,-0.05
365,8,0.736,0.7,0.338,0.25,0.214,0.25,0.312,0.95
366,8,1.0,0.85,0.276,0.1,0.152,0.4,0.674,1.0
367,,0.85,0.7,0.126,-0.05,0.002,0.25,0.524,0.85
368,4,0.788,0.85,0.488,0.95,0.364,0.4,0.462,0.7
369,4,0.726,1.0,0.85,1.0,0.726,0.55,0.4,0.55
370,,0.576,0.85,0.7,0.85,0.576,0.4,0.25,0.4
371,,0.426,0.7,0.55,0.7,0.426,0.25,0.1,0.25
372,,0.276,0.55,0.4,0.55,0.276,0.1,-0.05,0.1
373,7,0.426,0.488,0.25,0.488,0.426,0.462,0.95,0.462
374,7,0.576,0.426,0.1,0.426,0.576,0.824,1.0,0.824
375,,0.426,0.276,-0.05,0.276,0.426,0.674,0.85,0.674
376,3,0.576,0.638,0.95,0.638,0.576,0.612,0.7,0.612
377,3,0.726,1.0,1.0,1.0,0.726,0.55,0.55,0.55
378,,0.576,0.85,0.85,0.85,0.576,0.4,0.4,0.4
379,,0.426,0.7,0.7,0.7,0.426,0.25,0.25,0.25
380,,0.276,0.55,0.55,0.55,0.276,0.1,0.1,0.1
381,,0.126,0.4,0.4,0.4,0.126,-0.05,-0.05,-0.05
382,6,0.064,0.25,0.338,0.55,0.488,0.95,0.312,0.1
383,6,0.002,0.1,0.276,0.7,0.85,1.0,0.674,0.25
384,,-0.148,-0.05,0.126,0.55,0.7,0.85,0.524,0.1
385,1,0.852,0.312,0.276,0.488,0.55,0.788,0.674,0.462
386,1,1.0,0.674,0.426,0.426,0.4,0.726,0.824,0.824
387,,0.85,0.524,0.276,0.276,0.25,0.576,0.674,0.674
388,,0.7,0.374,0.126,0.126,0.1,0.426,0.524,0.524
389,,0.55,0.224,-0.024,-0.024,-0.05,0.276,0.374,0.374
390,5,0.4,0.162,0.126,0.338,0.95,0.638,0.524,0.312
391,5,0.25,0.1,0.276,0.7,1.0,1.0,0.674,0.25
392,,0.1,-0.05,0.126,0.55,0.85,0.85,0.524,0.1
393,2,0.462,0.95,0.488,0.7,0.788,0.7,0.462,0.25
394,2,0.824,1.0,0.85,0.85,0.726,0.55,0.4,0.4
395,,0.674,0.85,0.7,0.7,0.576,0.4,0.25,0.25
396,,0.524,0.7,0.55,0.55,0.426,0.25,0.1,0.1
397,,0.374,0.55,0.4,0.4,0.276,0.1,-0.05,-0.05
398,7,0.524,0.488,0.25,0.338,0.426,0.462,0.95,0.312
399,7,0.674,0.426,0.1,0.276,0.576,0.824,1.0,0.674
400,,0.524,0.276,-0.05,0.126,0.426,0.674,0.85,0.524
401,3,0.674,0.638,0.95,0.488,0.576,0.612,0.7,0.462
402,3,0.824,1.0,1.0,0.85,0.726,0.55,0.55,0.4
403,,0.674,0.85,0.85,0.7,0.576,0.4,0.4,0.25
404,,0.524,0.7,0.7,0.55,0.426,0.25,0.25,0.1
405,,0.374,0.55,0.55,0.4,0.276,0.1,0.1,-0.05
406,8,0.736,0.7,0.488,0.25,0.214,0.25,0.462,0.95
407,8,1.0,0.85,0.426,0.1,0.152,0.4,0.824,1.0
408,,0.85,0.7,0.276,-0.05,0.002,0.25,0.674,0.85
409,4,0.788,0.85,0.638,0.95,0.364,0.4,0.612,0.7
410,4,0.726,1.0,1.0,1.0,0.726,0.55,0.55,0.55
411,,0.576,0.85,0.85,0.85,0.576,0.4,0.4,0.4
412,,0.426,0.7,0.7,0.7,0.426,0.25,0.25,0.25
413,,0.276,0.55,0.55,0.55,0.276,0.1,0.1,0.1
414,,0.126,0.4,0.4,0.4,0.126,-0.05,-0.05,-0.05
415,6,0.064,0.25,0.338,0.55,0.488,0.95,0.312,0.1
416,6,0.002,0.1,0.276,0.7,0.85,1.0,0.674,0.25
417,,-0.148,-0.05,0.126,0.55,0.7,0.85,0.524,0.1
418,1,0.852,0.312,0.276,0.488,0.55,0.788,0.674,0.462
419,1,1.0,0.674,0.426,0.426,0.4,0.726,0.824,0.824
420,,0.85,0.524,0.276,0.276,0.25,0.576,0.674,0.674
421,,0.7,0.374,0.126,0.126,0.1,0.426,0.524,0.524
422,,0.55,0.224,-0.024,-0.024,-0.05,0.276,0.374,0.374
423,5,0.4,0.162,0.126,0.338,0.95,0.638,0.524,0.312
424,5,0.25,0.1,0.276,0.7,1.0,1.0,0.674,0.25
425,,0.1,-0.05,0.126,0.55,0.85,0.85,0.524,0.1
426,2,0.462,0.95,0.488,0.7,0.788,0.7,0.462,0.25
427,2,0.824,1.0,0.85,0.85,0.726,0.55,0.4,0.4
428,,0.674,0.85,0.7,0.7,0.576,0.4,0.25,0.25
429,,0.524,0.7,0.55,0.55,0.426,0.25,0.1,0.1
430,,0.374,0.55,0.4,0.4,0.276,0.1,-0.05,-0.05
431,8,0.736,0.7,0.338,0.25,0.214,0.25,0.312,0.95
432,8,1.0,0.85,0.276,0.1,0.152,0.4,0.674,1.0
433,,0.85,0.7,0.126,-0.05,0.002,0.25,0.524,0.85
434,4,0.788,0.85,0.488,0.95,0.364,0.4,0.462,0.7
435,4,0.726,1.0,0.85,1.0,0.726,0.55,0.4,0.55
436,,0.576,0.85,0.7,0.85,0.576,0.4,0.25,0.4
437,,0.426,0.7,0.55,0.7,0.426,0.25,0.1,0.25
438,,0.276,0.55,0.4,0.55,0.276,0.1,-0.05,0.1
439,7,0.426,0.488,0.25,0.488,0.426,0.462,0.95,0.462
440,7,0.576,0.426,0.1,0.426,0.576,0.824,1.0,0.824
441,,0.426,0.276,-0.05,0.276,0.426,0.674,0.85,0.674
442,3,0.576,0.638,0.95,0.638,0.576,0.612,0.7,0.612
443,3,0.726,1.0,1.0,1.0,0.726,0.55,0.55,0.55
444,,0.576,0.85,0.85,0.85,0.576,0.4,0.4,0.4
445,,0.426,0.7,0.7,0.7,0.426,0.25,0.25,0.25
446,,0.276,0.55,0.55,0.55,0.276,0.1,0.1,0.1
447,,0.126,0.4,0.4,0.4,0.126,-0.05,-0.05,-0.05
448,8,0.488,0.55,0.338,0.25,0.064,0.1,0.312,0.95
449,8,0.85,0.7,0.276,0.1,0.002,0.25,0.674,1.0
450,,0.7,0.55,0.126,-0.05,-0.148,0.1,0.524,0.85
451,5,0.55,0.488,0.276,0.312,0.852,0.462,0.674,0.788
452,5,0.4,0.426,0.426,0.674,1.0,0.824,0.824,0.726
453,,0.25,0.276,0.276,0.524,0.85,0.674,0.674,0.576
454,,0.1,0.126,0.126,0.374,0.7,0.524,0.524,0.426
455,,-0.05,-0.024,-0.024,0.224,0.55,0.374,0.374,0.276
456,1,0.95,0.338,0.126,0.162,0.4,0.312,0.524,0.638
457,1,1.0,0.7,0.276,0.1,0.25,0.25,0.674,1.0
458,,0.85,0.55,0.126,-0.05,0.1,0.1,0.524,0.85
459,4,0.788,0.7,0.488,0.95,0.462,0.25,0.462,0.7
460,4,0.726,0.85,0.85,1.0,0.824,0.4,0.4,0.55
461,,0.576,0.7,0.7,0.85,0.674,0.25,0.25,0.4
462,,0.426,0.55,0.55,0.7,0.524,0.1,0.1,0.25
463,,0.276,0.4,0.4,0.55,0.374,-0.05,-0.05,0.1
464,6,0.214,0.25,0.338,0.7,0.736,0.95,0.312,0.25
465,6,0.152,0.1,0.276,0.85,1.0,1.0,0.674,0.4
466,,0.002,-0.05,0.126,0.7,0.85,0.85,0.524,0.25
467,2,0.364,0.95,0.488,0.85,0.788,0.7,0.462,0.4
468,2,0.726,1.0,0.85,1.0,0.726,0.55,0.4,0.55
469,,0.576,0.85,0.7,0.85,0.576,0.4,0.25,0.4
470,,0.426,0.7,0.55,0.7,0.426,0.25,0.1,0.25
471,,0.276,0.55,0.4,0.55,0.276,0.1,-0.05,0.1
472,7,0.426,0.488,0.25,0.488,0.426,0.462,0.95,0.462
473,7,0.576,0.426,0.1,0.426,0.576,0.824,1.0,0.824
474,,0.426,0.276,-0.05,0.276,0.426,0.674,0.85,0.674
475,3,0.576,0.638,0.95,0.638,0.576,0.612,0.7,0.612
476,3,0.726,1.0,1.0,1.0,0.726,0.55,0.55,0.55
477,,0.576,0.85,0.85,0.85,0.576,0.4,0.4,0.4
478,,0.426,0.7,0.7,0.7,0.426,0.25,0.25,0.25
479,,0.276,0.55,0.55,0.55,0.276,0.1,0.1,0.1
480,,0.126,0.4,0.4,0.4,0.126,-0.05,-0.05,-0.05
481,8,0.488,0.55,0.338,0.25,0.064,0.1,0.312,0.95
482,8,0.85,0.7,0.276,0.1,0.002,0.25,0.674,1.0
483,,0.7,0.55,0.126,-0.05,-0.148,0.1,0.524,0.85
484,5,0.55,0.488,0.276,0.312,0.852,0.462,0.674,0.788
485,5,0.4,0.426,0.426,0.674,1.0,0.824,0.824,0.726
486,,0.25,0.276,0.276,0.524,0.85,0.674,0.674,0.576
487,,0.1,0.126,0.126,0.374,0.7,0.524,0.524,0.426
488,,-0.05,-0.024,-0.024,0.224,0.55,0.374,0.374,0.276
489,1,0.95,0.338,0.126,0.162,0.4,0.312,0.524,0.638
490,1,1.0,0.7,0.276,0.1,0.25,0.25,0.674,1.0
491,,0.85,0.55,0.126,-0.05,0.1,0.1,0.524,0.85
492,4,0.788,0.7,0.488,0.95,0.462,0.25,0.462,0.7
493,4,0.726,0.85,0.85,1.0,0.824,0.4,0.4,0.55
494,,0.576,0.7,0.7,0.85,0.674,0.25,0.25,0.4
495,,0.426,0.55,0.55,0.7,0.524,0.1,0.1,0.25
496,,0.276,0.4,0.4,0.55,0.374,-0.05,-0.05,0.1
497,7,0.426,0.338,0.25,0.488,0.524,0.312,0.95,0.462
498,7,0.576,0.276,0.1,0.426,0.674,0.674,1.0,0.824
499,,0.426,0.126,-0.05,0.276,0.524,0.524,0.85,0.674
