step,active_motive,motive_1,motive_2,motive_3,motive_4,motive_5,motive_6,motive_7,motive_8
0,,0.25002,0.58054,0.86712,0.56187,0.2386,0.67984,0.73991,0.23824
1,,0.10002,0.43054,0.71712,0.41187,0.0886,0.52984,0.58991,0.08824
2,,-0.04998,0.28054,0.56712,0.26187,-0.0614,0.37984,0.43991,-0.06176
3,8,0.31202,0.43054,0.50512,0.11187,-0.1234,0.52984,0.80191,0.93824
4,8,0.67402,0.58054,0.44312,-0.03813,-0.1854,0.67984,1.0,1.0
5,5,0.52402,0.51854,0.59312,0.32387,0.8146,1.0,1.0,0.938
6,5,0.37402,0.45654,0.74312,0.68587,1.0,1.0,1.0,0.876
7,,0.22402,0.30654,0.59312,0.53587,0.85,0.85,0.85,0.726
8,,0.07402,0.15654,0.44312,0.38587,0.7,0.7,0.7,0.576
9,,-0.07598,0.00654,0.29312,0.23587,0.55,0.55,0.55,0.426
10,1,0.92402,0.36854,0.44312,0.17387,0.4,0.488,0.7,0.788
11,1,1.0,0.73054,0.59312,0.11187,0.25,0.426,0.85,1.0
12,,0.85,0.58054,0.44312,-0.03813,0.1,0.276,0.7,0.85
13,4,0.788,0.73054,0.80512,0.96187,0.462,0.426,0.638,0.7
14,4,0.726,0.88054,1.0,1.0,0.824,0.576,0.576,0.55
15,,0.576,0.73054,0.85,0.85,0.674,0.426,0.426,0.4
16,,0.426,0.58054,0.7,0.7,0.524,0.276,0.276,0.25
17,,0.276,0.43054,0.55,0.55,0.374,0.126,0.126,0.1
18,,0.126,0.28054,0.4,0.4,0.224,-0.024,-0.024,-0.05
19,8,0.488,0.43054,0.338,0.25,0.162,0.126,0.338,0.95
20,8,0.85,0.58054,0.276,0.1,0.1,0.276,0.7,1.0
21,,0.7,0.43054,0.126,-0.05,-0.05,0.126,0.55,0.85
22,5,0.55,0.36854,0.276,0.312,0.95,0.488,0.7,0.788
23,5,0.4,0.30654,0.426,0.674,1.0,0.85,0.85,0.726
24,,0.25,0.15654,0.276,0.524,0.85,0.7,0.7,0.576
25,,0.1,0.00654,0.126,0.374,0.7,0.55,0.55,0.426
26,,-0.05,-0.14346,-0.024,0.224,0.55,0.4,0.4,0.276
27,2,0.312,0.85654,0.338,0.374,0.488,0.25,0.338,0.426
28,2,0.674,1.0,0.7,0.524,0.426,0.1,0.276,0.576
29,,0.524,0.85,0.55,0.374,0.276,-0.05,0.126,0.426
30,6,0.462,0.7,0.488,0.524,0.638,0.95,0.488,0.576
31,6,0.4,0.55,0.426,0.674,1.0,1.0,0.85,0.726
32,,0.25,0.4,0.276,0.524,0.85,0.85,0.7,0.576
33,,0.1,0.25,0.126,0.374,0.7,0.7,0.55,0.426
34,,-0.05,0.1,-0.024,0.224,0.55,0.55,0.4,0.276
35,1,0.95,0.462,0.126,0.162,0.4,0.488,0.55,0.638
36,1,1.0,0.824,0.276,0.1,0.25,0.426,0.7,1.0
37,,0.85,0.674,0.126,-0.05,0.1,0.276,0.55,0.85
38,4,0.788,0.824,0.488,0.95,0.462,0.426,0.488,0.7
39,4,0.726,0.974,0.85,1.0,0.824,0.576,0.426,0.55
40,,0.576,0.824,0.7,0.85,0.674,0.426,0.276,0.4
41,,0.426,0.674,0.55,0.7,0.524,0.276,0.126,0.25
42,,0.276,0.524,0.4,0.55,0.374,0.126,-0.024,0.1
43,7,0.426,0.462,0.25,0.488,0.524,0.488,0.976,0.462
44,7,0.576,0.4,0.1,0.426,0.674,0.85,1.0,0.824
45,,0.426,0.25,-0.05,0.276,0.524,0.7,0.85,0.674
46,3,0.576,0.612,0.95,0.638,0.674,0.638,0.7,0.612
47,3,0.726,0.974,1.0,1.0,0.824,0.576,0.55,0.55
48,,0.576,0.824,0.85,0.85,0.674,0.426,0.4,0.4
49,,0.426,0.674,0.7,0.7,0.524,0.276,0.25,0.25
50,,0.276,0.524,0.55,0.55,0.374,0.126,0.1,0.1
51,,0.126,0.374,0.4,0.4,0.224,-0.024,-0.05,-0.05
52,7,0.276,0.312,0.25,0.338,0.374,0.338,0.95,0.312
53,7,0.426,0.25,0.1,0.276,0.524,0.7,1.0,0.674
54,,0.276,0.1,-0.05,0.126,0.374,0.55,0.85,0.524
55,3,0.426,0.462,0.95,0.488,0.524,0.488,0.7,0.462
56,3,0.576,0.824,1.0,0.85,0.674,0.426,0.55,0.4
57,,0.426,0.674,0.85,0.7,0.524,0.276,0.4,0.25
58,,0.276,0.524,0.7,0.55,0.374,0.126,0.25,0.1
59,,0.126,0.374,0.55,0.4,0.224,-0.024,0.1,-0.05
60,8,0.488,0.524,0.488,0.25,0.162,0.126,0.462,0.95
61,8,0.85,0.674,0.426,0.1,0.1,0.276,0.824,1.0
62,,0.7,0.524,0.276,-0.05,-0.05,0.126,0.674,0.85
63,4,0.638,0.674,0.638,0.95,0.312,0.276,0.612,0.7
64,4,0.576,0.824,1.0,1.0,0.674,0.426,0.55,0.55
65,,0.426,0.674,0.85,0.85,0.524,0.276,0.4,0.4
66,,0.276,0.524,0.7,0.7,0.374,0.126,0.25,0.25
67,,0.126,0.374,0.55,0.55,0.224,-0.024,0.1,0.1
68,6,0.064,0.224,0.488,0.7,0.586,0.976,0.462,0.25
69,6,0.002,0.074,0.426,0.85,0.948,1.0,0.824,0.4
70,,-0.148,-0.076,0.276,0.7,0.798,0.85,0.674,0.25
71,1,0.852,0.286,0.426,0.638,0.648,0.788,0.824,0.612
72,1,1.0,0.648,0.576,0.576,0.498,0.726,0.974,0.974
73,,0.85,0.498,0.426,0.426,0.348,0.576,0.824,0.824
74,,0.7,0.348,0.276,0.276,0.198,0.426,0.674,0.674
75,,0.55,0.198,0.126,0.126,0.048,0.276,0.524,0.524
76,,0.4,0.048,-0.024,-0.024,-0.102,0.126,0.374,0.374
77,5,0.25,-0.014,0.126,0.338,0.898,0.488,0.524,0.312
78,5,0.1,-0.076,0.276,0.7,1.0,0.85,0.674,0.25
79,2,0.462,0.924,0.638,0.85,0.938,0.7,0.612,0.4
80,2,0.824,1.0,1.0,1.0,0.876,0.55,0.55,0.55
81,,0.674,0.85,0.85,0.85,0.726,0.4,0.4,0.4
82,,0.524,0.7,0.7,0.7,0.576,0.25,0.25,0.25
83,,0.374,0.55,0.55,0.55,0.426,0.1,0.1,0.1
84,,0.224,0.4,0.4,0.4,0.276,-0.05,-0.05,-0.05
85,7,0.374,0.338,0.25,0.338,0.426,0.312,0.95,0.312
86,7,0.524,0.276,0.1,0.276,0.576,0.674,1.0,0.674
87,,0.374,0.126,-0.05,0.126,0.426,0.524,0.85,0.524
88,3,0.524,0.488,0.95,0.488,0.576,0.462,0.7,0.462
89,3,0.674,0.85,1.0,0.85,0.726,0.4,0.55,0.4
90,,0.524,0.7,0.85,0.7,0.576,0.25,0.4,0.25
91,,0.374,0.55,0.7,0.55,0.426,0.1,0.25,0.1
92,,0.224,0.4,0.55,0.4,0.276,-0.05,0.1,-0.05
93,8,0.586,0.55,0.488,0.25,0.214,0.1,0.462,0.95
94,8,0.948,0.7,0.426,0.1,0.152,0.25,0.824,1.0
95,,0.798,0.55,0.276,-0.05,0.002,0.1,0.674,0.85
96,4,0.736,0.7,0.638,0.95,0.364,0.25,0.612,0.7
97,4,0.674,0.85,1.0,1.0,0.726,0.4,0.55,0.55
98,,0.524,0.7,0.85,0.85,0.576,0.25,0.4,0.4
99,,0.374,0.55,0.7,0.7,0.426,0.1,0.25,0.25
100,,0.224,0.4,0.55,0.55,0.276,-0.05,0.1,0.1
101,6,0.162,0.25,0.488,0.7,0.638,0.95,0.462,0.25
102,6,0.1,0.1,0.426,0.85,1.0,1.0,0.824,0.4
103,,-0.05,-0.05,0.276,0.7,0.85,0.85,0.674,0.25
104,2,0.312,0.95,0.638,0.85,0.788,0.7,0.612,0.4
105,2,0.674,1.0,1.0,1.0,0.726,0.55,0.55,0.55
106,,0.524,0.85,0.85,0.85,0.576,0.4,0.4,0.4
107,,0.374,0.7,0.7,0.7,0.426,0.25,0.25,0.25
108,,0.224,0.55,0.55,0.55,0.276,0.1,0.1,0.1
109,,0.074,0.4,0.4,0.4,0.126,-0.05,-0.05,-0.05
110,6,0.012,0.25,0.338,0.55,0.488,0.95,0.312,0.1
111,6,-0.05,0.1,0.276,0.7,0.85,1.0,0.674,0.25
112,1,0.95,0.462,0.426,0.638,0.7,0.938,0.824,0.612
113,1,1.0,0.824,0.576,0.576,0.55,0.876,0.974,0.974
114,,0.85,0.674,0.426,0.426,0.4,0.726,0.824,0.824
115,,0.7,0.524,0.276,0.276,0.25,0.576,0.674,0.674
116,,0.55,0.374,0.126,0.126,0.1,0.426,0.524,0.524
117,,0.4,0.224,-0.024,-0.024,-0.05,0.276,0.374,0.374
118,5,0.25,0.162,0.126,0.338,0.95,0.638,0.524,0.312
119,5,0.1,0.1,0.276,0.7,1.0,1.0,0.674,0.25
120,,-0.05,-0.05,0.126,0.55,0.85,0.85,0.524,0.1
121,2,0.312,0.95,0.488,0.7,0.788,0.7,0.462,0.25
122,2,0.674,1.0,0.85,0.85,0.726,0.55,0.4,0.4
123,,0.524,0.85,0.7,0.7,0.576,0.4,0.25,0.25
124,,0.374,0.7,0.55,0.55,0.426,0.25,0.1,0.1
125,,0.224,0.55,0.4,0.4,0.276,0.1,-0.05,-0.05
126,7,0.374,0.488,0.25,0.338,0.426,0.462,0.95,0.312
127,7,0.524,0.426,0.1,0.276,0.576,0.824,1.0,0.674
128,,0.374,0.276,-0.05,0.126,0.426,0.674,0.85,0.524
129,3,0.524,0.638,0.95,0.488,0.576,0.612,0.7,0.462
130,3,0.674,1.0,1.0,0.85,0.726,0.55,0.55,0.4
131,,0.524,0.85,0.85,0.7,0.576,0.4,0.4,0.25
132,,0.374,0.7,0.7,0.55,0.426,0.25,0.25,0.1
133,,0.224,0.55,0.55,0.4,0.276,0.1,0.1,-0.05
134,8,0.586,0.7,0.488,0.25,0.214,0.25,0.462,0.95
135,8,0.948,0.85,0.426,0.1,0.152,0.4,0.824,1.0
136,,0.798,0.7,0.276,-0.05,0.002,0.25,0.674,0.85
137,4,0.736,0.85,0.638,0.95,0.364,0.4,0.612,0.7
138,4,0.674,1.0,1.0,1.0,0.726,0.55,0.55,0.55
139,,0.524,0.85,0.85,0.85,0.576,0.4,0.4,0.4
140,,0.374,0.7,0.7,0.7,0.426,0.25,0.25,0.25
141,,0.224,0.55,0.55,0.55,0.276,0.1,0.1,0.1
142,,0.074,0.4,0.4,0.4,0.126,-0.05,-0.05,-0.05
143,8,0.436,0.55,0.338,0.25,0.064,0.1,0.312,0.95
144,8,0.798,0.7,0.276,0.1,0.002,0.25,0.674,1.0
145,,0.648,0.55,0.126,-0.05,-0.148,0.1,0.524,0.85
146,5,0.498,0.488,0.276,0.312,0.852,0.462,0.674,0.788
147,5,0.348,0.426,0.426,0.674,1.0,0.824,0.824,0.726
148,,0.198,0.276,0.276,0.524,0.85,0.674,0.674,0.576
149,,0.048,0.126,0.126,0.374,0.7,0.524,0.524,0.426
150,,-0.102,-0.024,-0.024,0.224,0.55,0.374,0.374,0.276
151,1,0.898,0.338,0.126,0.162,0.4,0.312,0.524,0.638
152,1,1.0,0.7,0.276,0.1,0.25,0.25,0.674,1.0
153,,0.85,0.55,0.126,-0.05,0.1,0.1,0.524,0.85
154,4,0.788,0.7,0.488,0.95,0.462,0.25,0.462,0.7
155,4,0.726,0.85,0.85,1.0,0.824,0.4,0.4,0.55
156,,0.576,0.7,0.7,0.85,0.674,0.25,0.25,0.4
157,,0.426,0.55,0.55,0.7,0.524,0.1,0.1,0.25
158,,0.276,0.4,0.4,0.55,0.374,-0.05,-0.05,0.1
159,6,0.214,0.25,0.338,0.7,0.736,0.95,0.312,0.25
160,6,0.152,0.1,0.276,0.85,1.0,1.0,0.674,0.4
161,,0.002,-0.05,0.126,0.7,0.85,0.85,0.524,0.25
162,2,0.364,0.95,0.488,0.85,0.788,0.7,0.462,0.4
163,2,0.726,1.0,0.85,1.0,0.726,0.55,0.4,0.55
164,,0.576,0.85,0.7,0.85,0.576,0.4,0.25,0.4
165,,0.426,0.7,0.55,0.7,0.426,0.25,0.1,0.25
166,,0.276,0.55,0.4,0.55,0.276,0.1,-0.05,0.1
167,7,0.426,0.488,0.25,0.488,0.426,0.462,0.95,0.462
168,7,0.576,0.426,0.1,0.426,0.576,0.824,1.0,0.824
169,,0.426,0.276,-0.05,0.276,0.426,0.674,0.85,0.674
170,3,0.576,0.638,0.95,0.638,0.576,0.612,0.7,0.612
171,3,0.726,1.0,1.0,1.0,0.726,0.55,0.55,0.55
172,,0.576,0.85,0.85,0.85,0.576,0.4,0.4,0.4
173,,0.426,0.7,0.7,0.7,0.426,0.25,0.25,0.25
174,,0.276,0.55,0.55,0.55,0.276,0.1,0.1,0.1
175,,0.126,0.4,0.4,0.4,0.126,-0.05,-0.05,-0.05
176,6,0.064,0.25,0.338,0.55,0.488,0.95,0.312,0.1
177,6,0.002,0.1,0.276,0.7,0.85,1.0,0.674,0.25
178,,-0.148,-0.05,0.126,0.55,0.7,0.85,0.524,0.1
179,1,0.852,0.312,0.276,0.488,0.55,0.788,0.674,0.462
180,1,1.0,0.674,0.426,0.426,0.4,0.726,0.824,0.824
181,,0.85,0.524,0.276,0.276,0.25,0.576,0.674,0.674
182,,0.7,0.374,0.126,0.126,0.1,0.426,0.524,0.524
183,,0.55,0.224,-0.024,-0.024,-0.05,0.276,0.374,0.374
184,5,0.4,0.162,0.126,0.338,0.95,0.638,0.524,0.312
185,5,0.25,0.1,0.276,0.7,1.0,1.0,0.674,0.25
186,,0.1,-0.05,0.126,0.55,0.85,0.85,0.524,0.1
187,2,0.462,0.95,0.488,0.7,0.788,0.7,0.462,0.25
188,2,0.824,1.0,0.85,0.85,0.726,0.55,0.4,0.4
189,,0.674,0.85,0.7,0.7,0.576,0.4,0.25,0.25
190,,0.524,0.7,0.55,0.55,0.426,0.25,0.1,0.1
191,,0.374,0.55,0.4,0.4,0.276,0.1,-0.05,-0.05
192,8,0.736,0.7,0.338,0.25,0.214,0.25,0.312,0.95
193,8,1.0,0.85,0.276,0.1,0.152,0.4,0.674,1.0
194,,0.85,0.7,0.126,-0.05,0.002,0.25,0.524,0.85
195,4,0.788,0.85,0.488,0.95,0.364,0.4,0.462,0.7
196,4,0.726,1.0,0.85,1.0,0.726,0.55,0.4,0.55
197,,0.576,0.85,0.7,0.85,0.576,0.4,0.25,0.4
198,,0.426,0.7,0.55,0.7,0.426,0.25,0.1,0.25
199,,0.276,0.55,0.4,0.55,0.276,0.1,-0.05,0.1
200,7,0.426,0.488,0.25,0.488,0.426,0.462,0.95,0.462
201,7,0.576,0.426,0.1,0.426,0.576,0.824,1.0,0.824
202,,0.426,0.276,-0.05,0.276,0.426,0.674,0.85,0.674
203,3,0.576,0.638,0.95,0.638,0.576,0.612,0.7,0.612
204,3,0.726,1.0,1.0,1.0,0.726,0.55,0.55,0.55
205,,0.576,0.85,0.85,0.85,0.576,0.4,0.4,0.4
206,,0.426,0.7,0.7,0.7,0.426,0.25,0.25,0.25
207,,0.276,0.55,0.55,0.55,0.276,0.1,0.1,0.1
208,,0.126,0.4,0.4,0.4,0.126,-0.05,-0.05,-0.05
209,6,0.064,0.25,0.338,0.55,0.488,0.95,0.312,0.1
210,6,0.002,0.1,0.276,0.7,0.85,1.0,0.674,0.25
211,,-0.148,-0.05,0.126,0.55,0.7,0.85,0.524,0.1
212,1,0.852,0.312,0.276,0.488,0.55,0.788,0.674,0.462
213,1,1.0,0.674,0.426,0.426,0.4,0.726,0.824,0.824
214,,0.85,0.524,0.276,0.276,0.25,0.576,0.674,0.674
215,,0.7,0.374,0.126,0.126,0.1,0.426,0.524,0.524
216,,0.55,0.224,-0.024,-0.024,-0.05,0.276,0.374,0.374
217,5,0.4,0.162,0.126,0.338,0.95,0.638,0.524,0.312
218,5,0.25,0.1,0.276,0.7,1.0,1.0,0.674,0.25
219,,0.1,-0.05,0.126,0.55,0.85,0.85,0.524,0.1
220,2,0.462,0.95,0.488,0.7,0.788,0.7,0.462,0.25
221,2,0.824,1.0,0.85,0.85,0.726,0.55,0.4,0.4
222,,0.674,0.85,0.7,0.7,0.576,0.4,0.25,0.25
223,,0.524,0.7,0.55,0.55,0.426,0.25,0.1,0.1
224,,0.374,0.55,0.4,0.4,0.276,0.1,-0.05,-0.05
225,7,0.524,0.488,0.25,0.338,0.426,0.462,0.95,0.312
226,7,0.674,0.426,0.1,0.276,0.576,0.824,1.0,0.674
227,,0.524,0.276,-0.05,0.126,0.426,0.674,0.85,0.524
228,3,0.674,0.638,0.95,0.488,0.576,0.612,0.7,0.462
229,3,0.824,1.0,1.0,0.85,0.726,0.55,0.55,0.4
230,,0.674,0.85,0.85,0.7,0.576,0.4,0.4,0.25
231,,0.524,0.7,0.7,0.55,0.426,0.25,0.25,0.1
232,,0.374,0.55,0.55,0.4,0.276,0.1,0.1,-0.05
233,8,0.736,0.7,0.488,0.25,0.214,0.25,0.462,0.95
234,8,1.0,0.85,0.426,0.1,0.152,0.4,0.824,1.0
235,,0.85,0.7,0.276,-0.05,0.002,0.25,0.674,0.85
236,4,0.788,0.85,0.638,0.95,0.364,0.4,0.612,0.7
237,4,0.726,1.0,1.0,1.0,0.726,0.55,0.55,0.55
238,,0.576,0.85,0.85,0.85,0.576,0.4,0.4,0.4
239,,0.426,0.7,0.7,0.7,0.426,0.25,0.25,0.25
240,,0.276,0.55,0.55,0.55,0.276,0.1,0.1,0.1
241,,0.126,0.4,0.4,0.4,0.126,-0.05,-0.05,-0.05
242,8,0.488,0.55,0.338,0.25,0.064,0.1,0.312,0.95
243,8,0.85,0.7,0.276,0.1,0.002,0.25,0.674,1.0
244,,0.7,0.55,0.126,-0.05,-0.148,0.1,0.524,0.85
245,5,0.55,0.488,0.276,0.312,0.852,0.462,0.674,0.788
246,5,0.4,0.426,0.426,0.674,1.0,0.824,0.824,0.726
247,,0.25,0.276,0.276,0.524,0.85,0.674,0.674,0.576
248,,0.1,0.126,0.126,0.374,0.7,0.524,0.524,0.426
249,,-0.05,-0.024,-0.024,0.224,0.55,0.374,0.374,0.276
250,1,0.95,0.338,0.126,0.162,0.4,0.312,0.524,0.638
251,1,1.0,0.7,0.276,0.1,0.25,0.25,0.674,1.0
252,,0.85,0.55,0.126,-0.05,0.1,0.1,0.524,0.85
253,4,0.788,0.7,0.488,0.95,0.462,0.25,0.462,0.7
254,4,0.726,0.85,0.85,1.0,0.824,0.4,0.4,0.55
255,,0.576,0.7,0.7,0.85,0.674,0.25,0.25,0.4
256,,0.426,0.55,0.55,0.7,0.524,0.1,0.1,0.25
257,,0.276,0.4,0.4,0.55,0.374,-0.05,-0.05,0.1
258,7,0.426,0.338,0.25,0.488,0.524,0.312,0.95,0.462
259,7,0.576,0.276,0.1,0.426,0.674,0.674,1.0,0.824
260,,0.426,0.126,-0.05,0.276,0.524,0.524,0.85,0.674
261,3,0.576,0.488,0.95,0.638,0.674,0.462,0.7,0.612
262,3,0.726,0.85,1.0,1.0,0.824,0.4,0.55,0.55
263,,0.576,0.7,0.85,0.85,0.674,0.25,0.4,0.4
264,,0.426,0.55,0.7,0.7,0.524,0.1,0.25,0.25
265,,0.276,0.4,0.55,0.55,0.374,-0.05,0.1,0.1
266,6,0.214,0.25,0.488,0.7,0.736,0.95,0.462,0.25
267,6,0.152,0.1,0.426,0.85,1.0,1.0,0.824,0.4
268,,0.002,-0.05,0.276,0.7,0.85,0.85,0.674,0.25
269,2,0.364,0.95,0.638,0.85,0.788,0.7,0.612,0.4
270,2,0.726,1.0,1.0,1.0,0.726,0.55,0.55,0.55
271,,0.576,0.85,0.85,0.85,0.576,0.4,0.4,0.4
272,,0.426,0.7,0.7,0.7,0.426,0.25,0.25,0.25
273,,0.276,0.55,0.55,0.55,0.276,0.1,0.1,0.1
274,,0.126,0.4,0.4,0.4,0.126,-0.05,-0.05,-0.05
275,6,0.064,0.25,0.338,0.55,0.488,0.95,0.312,0.1
276,6,0.002,0.1,0.276,0.7,0.85,1.0,0.674,0.25
277,,-0.148,-0.05,0.126,0.55,0.7,0.85,0.524,0.1
278,1,0.852,0.312,0.276,0.488,0.55,0.788,0.674,0.462
279,1,1.0,0.674,0.426,0.426,0.4,0.726,0.824,0.824
280,,0.85,0.524,0.276,0.276,0.25,0.576,0.674,0.674
281,,0.7,0.374,0.126,0.126,0.1,0.426,0.524,0.524
282,,0.55,0.224,-0.024,-0.024,-0.05,0.276,0.374,0.374
283,5,0.4,0.162,0.126,0.338,0.95,0.638,0.524,0.312
284,5,0.25,0.1,0.276,0.7,1.0,1.0,0.674,0.25
285,,0.1,-0.05,0.126,0.55,0.85,0.85,0.524,0.1
286,2,0.462,0.95,0.488,0.7,0.788,0.7,0.462,0.25
287,2,0.824,1.0,0.85,0.85,0.726,0.55,0.4,0.4
288,,0.674,0.85,0.7,0.7,0.576,0.4,0.25,0.25
289,,0.524,0.7,0.55,0.55,0.426,0.25,0.1,0.1
290,,0.374,0.55,0.4,0.4,0.276,0.1,-0.05,-0.05
291,7,0.524,0.488,0.25,0.338,0.426,0.462,0.95,0.312
292,7,0.674,0.426,0.1,0.276,0.576,0.824,1.0,0.674
293,,0.524,0.276,-0.05,0.126,0.426,0.674,0.85,0.524
294,3,0.674,0.638,0.95,0.488,0.576,0.612,0.7,0.462
295,3,0.824,1.0,1.0,0.85,0.726,0.55,0.55,0.4
296,,0.674,0.85,0.85,0.7,0.576,0.4,0.4,0.25
297,,0.524,0.7,0.7,0.55,0.426,0.25,0.25,0.1
298,,0.374,0.55,0.55,0.4,0.276,0.1,0.1,-0.05
299,8,0.736,0.7,0.488,0.25,0.214,0.25,0.462,0.95
300,8,1.0,0.85,0.426,0.1,0.152,0.4,0.824,1.0
301,,0.85,0.7,0.276,-0.05,0.002,0.25,0.674,0.85
302,4,0.788,0.85,0.638,0.95,0.364,0.4,0.612,0.7
303,4,0.726,1.0,1.0,1.0,0.726,0.55,0.55,0.55
304,,0.576,0.85,0.85,0.85,0.576,0.4,0.4,0.4
305,,0.426,0.7,0.7,0.7,0.426,0.25,0.25,0.25
306,,0.276,0.55,0.55,0.55,0.276,0.1,0.1,0.1
307,,0.126,0.4,0.4,0.4,0.126,-0.05,-0.05,-0.05
308,7,0.276,0.338,0.25,0.338,0.276,0.312,0.95,0.312
309,7,0.426,0.276,0.1,0.276,0.426,0.674,1.0,0.674
310,,0.276,0.126,-0.05,0.126,0.276,0.524,0.85,0.524
311,3,0.426,0.488,0.95,0.488,0.426,0.462,0.7,0.462
312,3,0.576,0.85,1.0,0.85,0.576,0.4,0.55,0.4
313,,0.426,0.7,0.85,0.7,0.426,0.25,0.4,0.25
314,,0.276,0.55,0.7,0.55,0.276,0.1,0.25,0.1
315,,0.126,0.4,0.55,0.4,0.126,-0.05,0.1,-0.05
316,6,0.064,0.25,0.488,0.55,0.488,0.95,0.462,0.1
317,6,0.002,0.1,0.426,0.7,0.85,1.0,0.824,0.25
318,,-0.148,-0.05,0.276,0.55,0.7,0.85,0.674,0.1
319,1,0.852,0.312,0.426,0.488,0.55,0.788,0.824,0.462
320,1,1.0,0.674,0.576,0.426,0.4,0.726,0.974,0.824
321,,0.85,0.524,0.426,0.276,0.25,0.576,0.824,0.674
322,,0.7,0.374,0.276,0.126,0.1,0.426,0.674,0.524
323,,0.55,0.224,0.126,-0.024,-0.05,0.276,0.524,0.374
324,5,0.4,0.162,0.276,0.338,0.95,0.638,0.674,0.312
325,5,0.25,0.1,0.426,0.7,1.0,1.0,0.824,0.25
326,,0.1,-0.05,0.276,0.55,0.85,0.85,0.674,0.1
327,2,0.462,0.95,0.638,0.7,0.788,0.7,0.612,0.25
328,2,0.824,1.0,1.0,0.85,0.726,0.55,0.55,0.4
329,,0.674,0.85,0.85,0.7,0.576,0.4,0.4,0.25
330,,0.524,0.7,0.7,0.55,0.426,0.25,0.25,0.1
331,,0.374,0.55,0.55,0.4,0.276,0.1,0.1,-0.05
332,8,0.736,0.7,0.488,0.25,0.214,0.25,0.462,0.95
333,8,1.0,0.85,0.426,0.1,0.152,0.4,0.824,1.0
334,,0.85,0.7,0.276,-0.05,0.002,0.25,0.674,0.85
335,4,0.788,0.85,0.638,0.95,0.364,0.4,0.612,0.7
336,4,0.726,1.0,1.0,1.0,0.726,0.55,0.55,0.55
337,,0.576,0.85,0.85,0.85,0.576,0.4,0.4,0.4
338,,0.426,0.7,0.7,0.7,0.426,0.25,0.25,0.25
339,,0.276,0.55,0.55,0.55,0.276,0.1,0.1,0.1
340,,0.126,0.4,0.4,0.4,0.126,-0.05,-0.05,-0.05
341,8,0.488,0.55,0.338,0.25,0.064,0.1,0.312,0.95
342,8,0.85,0.7,0.276,0.1,0.002,0.25,0.674,1.0
343,,0.7,0.55,0.126,-0.05,-0.148,0.1,0.524,0.85
344,5,0.55,0.488,0.276,0.312,0.852,0.462,0.674,0.788
345,5,0.4,0.426,0.426,0.674,1.0,0.824,0.824,0.726
346,,0.25,0.276,0.276,0.524,0.85,0.674,0.674,0.576
347,,0.1,0.126,0.126,0.374,0.7,0.524,0.524,0.426
348,,-0.05,-0.024,-0.024,0.224,0.55,0.374,0.374,0.276
349,1,0.95,0.338,0.126,0.162,0.4,0.312,0.524,0.638
350,1,1.0,0.7,0.276,0.1,0.25,0.25,0.674,1.0
351,,0.85,0.55,0.126,-0.05,0.1,0.1,0.524,0.85
352,4,0.788,0.7,0.488,0.95,0.462,0.25,0.462,0.7
353,4,0.726,0.85,0.85,1.0,0.824,0.4,0.4,0.55
354,,0.576,0.7,0.7,0.85,0.674,0.25,0.25,0.4
355,,0.426,0.55,0.55,0.7,0.524,0.1,0.1,0.25
356,,0.276,0.4,0.4,0.55,0.374,-0.05,-0.05,0.1
357,7,0.426,0.338,0.25,0.488,0.524,0.312,0.95,0.462
358,7,0.576,0.276,0.1,0.426,0.674,0.674,1.0,0.824
359,,0.426,0.126,-0.05,0.276,0.524,0.524,0.85,0.674
360,3,0.576,0.488,0.95,0.638,0.674,0.462,0.7,0.612
361,3,0.726,0.85,1.0,1.0,0.824,0.4,0.55,0.55
362,,0.576,0.7,0.85,0.85,0.674,0.25,0.4,0.4
363,,0.426,0.55,0.7,0.7,0.524,0.1,0.25,0.25
364,,0.276,0.4,0.55,0.55,0.374,-0.05,0.1,0.1
365,6,0.214,0.25,0.488,0.7,0.736,0.95,0.462,0.25
366,6,0.152,0.1,0.426,0.85,1.0,1.0,0.824,0.4
367,,0.002,-0.05,0.276,0.7,0.85,0.85,0.674,0.25
368,2,0.364,0.95,0.638,0.85,0.788,0.7,0.612,0.4
369,2,0.726,1.0,1.0,1.0,0.726,0.55,0.55,0.55
370,,0.576,0.85,0.85,0.85,0.576,0.4,0.4,0.4
371,,0.426,0.7,0.7,0.7,0.426,0.25,0.25,0.25
372,,0.276,0.55,0.55,0.55,0.276,0.1,0.1,0.1
373,,0.126,0.4,0.4,0.4,0.126,-0.05,-0.05,-0.05
374,8,0.488,0.55,0.338,0.25,0.064,0.1,0.312,0.95
375,8,0.85,0.7,0.276,0.1,0.002,0.25,0.674,1.0
376,,0.7,0.55,0.126,-0.05,-0.148,0.1,0.524,0.85
377,5,0.55,0.488,0.276,0.312,0.852,0.462,0.674,0.788
378,5,0.4,0.426,0.426,0.674,1.0,0.824,0.824,0.726
379,,0.25,0.276,0.276,0.524,0.85,0.674,0.674,0.576
380,,0.1,0.126,0.126,0.374,0.7,0.524,0.524,0.426
381,,-0.05,-0.024,-0.024,0.224,0.55,0.374,0.374,0.276
382,1,0.95,0.338,0.126,0.162,0.4,0.312,0.524,0.638
383,1,1.0,0.7,0.276,0.1,0.25,0.25,0.674,1.0
384,,0.85,0.55,0.126,-0.05,0.1,0.1,0.524,0.85
385,4,0.788,0.7,0.488,0.95,0.462,0.25,0.462,0.7
386,4,0.726,0.85,0.85,1.0,0.824,0.4,0.4,0.55
387,,0.576,0.7,0.7,0.85,0.674,0.25,0.25,0.4
388,,0.426,0.55,0.55,0.7,0.524,0.1,0.1,0.25
389,,0.276,0.4,0.4,0.55,0.374,-0.05,-0.05,0.1
390,7,0.426,0.338,0.25,0.488,0.524,0.312,0.95,0.462
391,7,0.576,0.276,0.1,0.426,0.674,0.674,1.0,0.824
392,,0.426,0.126,-0.05,0.276,0.524,0.524,0.85,0.674
393,3,0.576,0.488,0.95,0.638,0.674,0.462,0.7,0.612
394,3,0.726,0.85,1.0,1.0,0.824,0.4,0.55,0.55
395,,0.576,0.7,0.85,0.85,0.674,0.25,0.4,0.4
396,,0.426,0.55,0.7,0.7,0.524,0.1,0.25,0.25
397,,0.276,0.4,0.55,0.55,0.374,-0.05,0.1,0.1
398,6,0.214,0.25,0.488,0.7,0.736,0.95,0.462,0.25
399,6,0.152,0.1,0.426,0.85,1.0,1.0,0.824,0.4
400,,0.002,-0.05,0.276,0.7,0.85,0.85,0.674,0.25
401,2,0.364,0.95,0.638,0.85,0.788,0.7,0.612,0.4
402,2,0.726,1.0,1.0,1.0,0.726,0.55,0.55,0.55
403,,0.576,0.85,0.85,0.85,0.576,0.4,0.4,0.4
404,,0.426,0.7,0.7,0.7,0.426,0.25,0.25,0.25
405,,0.276,0.55,0.55,0.55,0.276,0.1,0.1,0.1
406,,0.126,0.4,0.4,0.4,0.126,-0.05,-0.05,-0.05
407,6,0.064,0.25,0.338,0.55,0.488,0.95,0.312,0.1
408,6,0.002,0.1,0.276,0.7,0.85,1.0,0.674,0.25
409,,-0.148,-0.05,0.126,0.55,0.7,0.85,0.524,0.1
410,1,0.852,0.312,0.276,0.488,0.55,0.788,0.674,0.462
411,1,1.0,0.674,0.426,0.426,0.4,0.726,0.824,0.824
412,,0.85,0.524,0.276,0.276,0.25,0.576,0.674,0.674
413,,0.7,0.374,0.126,0.126,0.1,0.426,0.524,0.524
414,,0.55,0.224,-0.024,-0.024,-0.05,0.276,0.374,0.374
415,5,0.4,0.162,0.126,0.338,0.95,0.638,0.524,0.312
416,5,0.25,0.1,0.276,0.7,1.0,1.0,0.674,0.25
417,,0.1,-0.05,0.126,0.55,0.85,0.85,0.524,0.1
418,2,0.462,0.95,0.488,0.7,0.788,0.7,0.462,0.25
419,2,0.824,1.0,0.85,0.85,0.726,0.55,0.4,0.4
420,,0.674,0.85,0.7,0.7,0.576,0.4,0.25,0.25
421,,0.524,0.7,0.55,0.55,0.426,0.25,0.1,0.1
422,,0.374,0.55,0.4,0.4,0.276,0.1,-0.05,-0.05
423,7,0.524,0.488,0.25,0.338,0.426,0.462,0.95,0.312
424,7,0.674,0.426,0.1,0.276,0.576,0.824,1.0,0.674
425,,0.524,0.276,-0.05,0.126,0.426,0.674,0.85,0.524
426,3,0.674,0.638,0.95,0.488,0.576,0.612,0.7,0.462
427,3,0.824,1.0,1.0,0.85,0.726,0.55,0.55,0.4
428,,0.674,0.85,0.85,0.7,0.576,0.4,0.4,0.25
429,,0.524,0.7,0.7,0.55,0.426,0.25,0.25,0.1
430,,0.374,0.55,0.55,0.4,0.276,0.1,0.1,-0.05
431,8,0.736,0.7,0.488,0.25,0.214,0.25,0.462,0.95
432,8,1.0,0.85,0.426,0.1,0.152,0.4,0.824,1.0
433,,0.85,0.7,0.276,-0.05,0.002,0.25,0.674,0.85
434,4,0.788,0.85,0.638,0.95,0.364,0.4,0.612,0.7
435,4,0.726,1.0,1.0,1.0,0.726,0.55,0.55,0.55
436,,0.576,0.85,0.85,0.85,0.576,0.4,0.4,0.4
437,,0.426,0.7,0.7,0.7,0.426,0.25,0.25,0.25
438,,0.276,0.55,0.55,0.55,0.276,0.1,0.1,0.1
439,,0.126,0.4,0.4,0.4,0.126,-0.05,-0.05,-0.05
440,8,0.488,0.55,0.338,0.25,0.064,0.1,0.312,0.95
441,8,0.85,0.7,0.276,0.1,0.002,0.25,0.674,1.0
442,,0.7,0.55,0.126,-0.05,-0.148,0.1,0.524,0.85
443,5,0.55,0.488,0.276,0.312,0.852,0.462,0.674,0.788
444,5,0.4,0.426,0.426,0.674,1.0,0.824,0.824,0.726
445,,0.25,0.276,0.276,0.524,0.85,0.674,0.674,0.576
446,,0.1,0.126,0.126,0.374,0.7,0.524,0.524,0.426
447,,-0.05,-0.024,-0.024,0.224,0.55,0.374,0.374,0.276
448,1,0.95,0.338,0.126,0.162,0.4,0.312,0.524,0.638
449,1,1.0,0.7,0.276,0.1,0.25,0.25,0.674,1.0
450,,0.85,0.55,0.126,-0.05,0.1,0.1,0.524,0.85
451,4,0.788,0.7,0.488,0.95,0.462,0.25,0.462,0.7
452,4,0.726,0.85,0.85,1.0,0.824,0.4,0.4,0.55
453,,0.576,0.7,0.7,0.85,0.674,0.25,0.25,0.4
454,,0.426,0.55,0.55,0.7,0.524,0.1,0.1,0.25
455,,0.276,0.4,0.4,0.55,0.374,-0.05,-0.05,0.1
456,7,0.426,0.338,0.25,0.488,0.524,0.312,0.95,0.462
457,7,0.576,0.276,0.1,0.426,0.674,0.674,1.0,0.824
458,,0.426,0.126,-0.05,0.276,0.524,0.524,0.85,0.674
459,3,0.576,0.488,0.95,0.638,0.674,0.462,0.7,0.612
460,3,0.726,0.85,1.0,1.0,0.824,0.4,0.55,0.55
461,,0.576,0.7,0.85,0.85,0.674,0.25,0.4,0.4
462,,0.426,0.55,0.7,0.7,0.524,0.1,0.25,0.25
463,,0.276,0.4,0.55,0.55,0.374,-0.05,0.1,0.1
464,6,0.214,0.25,0.488,0.7,0.736,0.95,0.462,0.25
465,6,0.152,0.1,0.426,0.85,1.0,1.0,0.824,0.4
466,,0.002,-0.05,0.276,0.7,0.85,0.85,0.674,0.25
467,2,0.364,0.95,0.638,0.85,0.788,0.7,0.612,0.4
468,2,0.726,1.0,1.0,1.0,0.726,0.55,0.55,0.55
469,,0.576,0.85,0.85,0.85,0.576,0.4,0.4,0.4
470,,0.426,0.7,0.7,0.7,0.426,0.25,0.25,0.25
471,,0.276,0.55,0.55,0.55,0.276,0.1,0.1,0.1
472,,0.126,0.4,0.4,0.4,0.126,-0.05,-0.05,-0.05
473,6,0.064,0.25,0.338,0.55,0.488,0.95,0.312,0.1
474,6,0.002,0.1,0.276,0.7,0.85,1.0,0.674,0.25
475,,-0.148,-0.05,0.126,0.55,0.7,0.85,0.524,0.1
476,1,0.852,0.312,0.276,0.488,0.55,0.788,0.674,0.462
477,1,1.0,0.674,0.426,0.426,0.4,0.726,0.824,0.824
478,,0.85,0.524,0.276,0.276,0.25,0.576,0.674,0.674
479,,0.7,0.374,0.126,0.126,0.1,0.426,0.524,0.524
480,,0.55,0.224,-0.024,-0.024,-0.05,0.276,0.374,0.374
481,5,0.4,0.162,0.126,0.338,0.95,0.638,0.524,0.312
482,5,0.25,0.1,0.276,0.7,1.0,1.0,0.674,0.25
483,,0.1,-0.05,0.126,0.55,0.85,0.85,0.524,0.1
484,2,0.462,0.95,0.488,0.7,0.788,0.7,0.462,0.25
485,2,0.824,1.0,0.85,0.85,0.726,0.55,0.4,0.4
486,,0.674,0.85,0.7,0.7,0.576,0.4,0.25,0.25
487,,0.524,0.7,0.55,0.55,0.426,0.25,0.1,0.1
488,,0.374,0.55,0.4,0.4,0.276,0.1,-0.05,-0.05
489,8,0.736,0.7,0.338,0.25,0.214,0.25,0.312,0.95
490,8,1.0,0.85,0.276,0.1,0.152,0.4,0.674,1.0
491,,0.85,0.7,0.126,-0.05,0.002,0.25,0.524,0.85
492,4,0.788,0.85,0.488,0.95,0.364,0.4,0.462,0.7
493,4,0.726,1.0,0.85,1.0,0.726,0.55,0.4,0.55
494,,0.576,0.85,0.7,0.85,0.576,0.4,0.25,0.4
495,,0.426,0.7,0.55,0.7,0.426,0.25,0.1,0.25
496,,0.276,0.55,0.4,0.55,0.276,0.1,-0.05,0.1
497,7,0.426,0.488,0.25,0.488,0.426,0.462,0.95,0.462
498,7,0.576,0.426,0.1,0.426,0.576,0.824,1.0,0.824
499,,0.426,0.276,-0.05,0.276,0.426,0.674,0.85,0.674
