step,active_motive,motive_1,motive_2,motive_3,motive_4,motive_5,motive_6,motive_7,motive_8
0,,0.31141,0.97951,0.17533,0.01716,0.76336,0.80691,0.3463,0.46467
1,,0.16141,0.82951,0.02533,-0.13284,0.61336,0.65691,0.1963,0.31467
2,4,0.09941,0.97951,0.38733,0.86716,0.97536,0.80691,0.1343,0.16467
3,4,0.03741,1.0,0.74933,1.0,1.0,0.95691,0.0723,0.01467
4,,-0.11259,0.85,0.59933,0.85,0.85,0.80691,-0.0777,-0.13533
5,8,0.24941,1.0,0.53733,0.7,0.788,0.95691,0.2843,0.86467
6,8,0.61141,1.0,0.47533,0.55,0.726,1.0,0.6463,1.0
7,,0.46141,0.85,0.32533,0.4,0.576,0.85,0.4963,0.85
8,,0.31141,0.7,0.17533,0.25,0.426,0.7,0.3463,0.7
9,,0.16141,0.55,0.02533,0.1,0.276,0.55,0.1963,0.55
10,,0.01141,0.4,-0.12467,-0.05,0.126,0.4,0.0463,0.4
11,3,0.16141,0.762,0.87533,0.312,0.276,0.338,-0.1037,0.338
12,3,0.31141,1.0,1.0,0.674,0.426,0.276,-0.2537,0.276
13,7,0.46141,0.938,0.85,0.612,0.576,0.638,0.7463,0.638
14,7,0.61141,0.876,0.7,0.55,0.726,1.0,1.0,1.0
15,,0.46141,0.726,0.55,0.4,0.576,0.85,0.85,0.85
16,,0.31141,0.576,0.4,0.25,0.426,0.7,0.7,0.7
17,,0.16141,0.426,0.25,0.1,0.276,0.55,0.55,0.55
18,,0.01141,0.276,0.1,-0.05,0.126,0.4,0.4,0.4
19,4,-0.05059,0.426,0.462,0.95,0.488,0.55,0.338,0.25
20,4,-0.11259,0.576,0.824,1.0,0.85,0.7,0.276,0.1
21,1,0.88741,0.938,0.974,0.938,0.7,0.638,0.426,0.462
22,1,1.0,1.0,1.0,0.876,0.55,0.576,0.576,0.824
23,,0.85,0.85,0.85,0.726,0.4,0.426,0.426,0.674
24,,0.7,0.7,0.7,0.576,0.25,0.276,0.276,0.524
25,,0.55,0.55,0.55,0.426,0.1,0.126,0.126,0.374
26,,0.4,0.4,0.4,0.276,-0.05,-0.024,-0.024,0.224
27,5,0.25,0.338,0.55,0.638,0.95,0.338,0.126,0.162
28,5,0.1,0.276,0.7,1.0,1.0,0.7,0.276,0.1
29,,-0.05,0.126,0.55,0.85,0.85,0.55,0.126,-0.05
30,1,0.95,0.488,0.7,0.788,0.7,0.488,0.276,0.312
31,1,1.0,0.85,0.85,0.726,0.55,0.426,0.426,0.674
32,,0.85,0.7,0.7,0.576,0.4,0.276,0.276,0.524
33,,0.7,0.55,0.55,0.426,0.25,0.126,0.126,0.374
34,,0.55,0.4,0.4,0.276,0.1,-0.024,-0.024,0.224
35,6,0.488,0.25,0.338,0.426,0.462,0.976,0.338,0.374
36,6,0.426,0.1,0.276,0.576,0.824,1.0,0.7,0.524
37,,0.276,-0.05,0.126,0.426,0.674,0.85,0.55,0.374
38,2,0.638,0.95,0.488,0.576,0.612,0.7,0.488,0.524
39,2,1.0,1.0,0.85,0.726,0.55,0.55,0.426,0.674
40,,0.85,0.85,0.7,0.576,0.4,0.4,0.276,0.524
41,,0.7,0.7,0.55,0.426,0.25,0.25,0.126,0.374
42,,0.55,0.55,0.4,0.276,0.1,0.1,-0.024,0.224
43,7,0.7,0.488,0.25,0.214,0.25,0.462,0.976,0.586
44,7,0.85,0.426,0.1,0.152,0.4,0.824,1.0,0.948
45,,0.7,0.276,-0.05,0.002,0.25,0.674,0.85,0.798
46,3,0.85,0.638,0.95,0.364,0.4,0.612,0.7,0.736
47,3,1.0,1.0,1.0,0.726,0.55,0.55,0.55,0.674
48,,0.85,0.85,0.85,0.576,0.4,0.4,0.4,0.524
49,,0.7,0.7,0.7,0.426,0.25,0.25,0.25,0.374
50,,0.55,0.55,0.55,0.276,0.1,0.1,0.1,0.224
51,,0.4,0.4,0.4,0.126,-0.05,-0.05,-0.05,0.074
52,6,0.338,0.25,0.338,0.276,0.312,0.95,0.312,0.224
53,6,0.276,0.1,0.276,0.426,0.674,1.0,0.674,0.374
54,,0.126,-0.05,0.126,0.276,0.524,0.85,0.524,0.224
55,2,0.488,0.95,0.488,0.426,0.462,0.7,0.462,0.374
56,2,0.85,1.0,0.85,0.576,0.4,0.55,0.4,0.524
57,,0.7,0.85,0.7,0.426,0.25,0.4,0.25,0.374
58,,0.55,0.7,0.55,0.276,0.1,0.25,0.1,0.224
59,,0.4,0.55,0.4,0.126,-0.05,0.1,-0.05,0.074
60,7,0.55,0.488,0.25,0.064,0.1,0.462,0.95,0.436
61,7,0.7,0.426,0.1,0.002,0.25,0.824,1.0,0.798
62,,0.55,0.276,-0.05,-0.148,0.1,0.674,0.85,0.648
63,4,0.488,0.426,0.312,0.852,0.462,0.824,0.788,0.498
64,4,0.426,0.576,0.674,1.0,0.824,0.974,0.726,0.348
65,,0.276,0.426,0.524,0.85,0.674,0.824,0.576,0.198
66,,0.126,0.276,0.374,0.7,0.524,0.674,0.426,0.048
67,,-0.024,0.126,0.224,0.55,0.374,0.524,0.276,-0.102
68,8,0.338,0.276,0.162,0.4,0.312,0.674,0.638,0.898
69,8,0.7,0.426,0.1,0.25,0.25,0.824,1.0,1.0
70,,0.55,0.276,-0.05,0.1,0.1,0.674,0.85,0.85
71,3,0.7,0.638,0.95,0.462,0.25,0.612,0.7,0.788
72,3,0.85,1.0,1.0,0.824,0.4,0.55,0.55,0.726
73,,0.7,0.85,0.85,0.674,0.25,0.4,0.4,0.576
74,,0.55,0.7,0.7,0.524,0.1,0.25,0.25,0.426
75,,0.4,0.55,0.55,0.374,-0.05,0.1,0.1,0.276
76,5,0.25,0.488,0.7,0.736,0.95,0.462,0.25,0.214
77,5,0.1,0.426,0.85,1.0,1.0,0.824,0.4,0.152
78,,-0.05,0.276,0.7,0.85,0.85,0.674,0.25,0.002
79,1,0.95,0.638,0.85,0.788,0.7,0.612,0.4,0.364
80,1,1.0,1.0,1.0,0.726,0.55,0.55,0.55,0.726
81,,0.85,0.85,0.85,0.576,0.4,0.4,0.4,0.576
82,,0.7,0.7,0.7,0.426,0.25,0.25,0.25,0.426
83,,0.55,0.55,0.55,0.276,0.1,0.1,0.1,0.276
84,,0.4,0.4,0.4,0.126,-0.05,-0.05,-0.05,0.126
85,6,0.338,0.25,0.338,0.276,0.312,0.95,0.312,0.276
86,6,0.276,0.1,0.276,0.426,0.674,1.0,0.674,0.426
87,,0.126,-0.05,0.126,0.276,0.524,0.85,0.524,0.276
88,2,0.488,0.95,0.488,0.426,0.462,0.7,0.462,0.426
89,2,0.85,1.0,0.85,0.576,0.4,0.55,0.4,0.576
90,,0.7,0.85,0.7,0.426,0.25,0.4,0.25,0.426
91,,0.55,0.7,0.55,0.276,0.1,0.25,0.1,0.276
92,,0.4,0.55,0.4,0.126,-0.05,0.1,-0.05,0.126
93,5,0.25,0.488,0.55,0.488,0.95,0.462,0.1,0.064
94,5,0.1,0.426,0.7,0.85,1.0,0.824,0.25,0.002
95,,-0.05,0.276,0.55,0.7,0.85,0.674,0.1,-0.148
96,8,0.312,0.426,0.488,0.55,0.788,0.824,0.462,0.852
97,8,0.674,0.576,0.426,0.4,0.726,0.974,0.824,1.0
98,,0.524,0.426,0.276,0.25,0.576,0.824,0.674,0.85
99,,0.374,0.276,0.126,0.1,0.426,0.674,0.524,0.7
100,,0.224,0.126,-0.024,-0.05,0.276,0.524,0.374,0.55
101,4,0.162,0.276,0.338,0.95,0.638,0.674,0.312,0.4
102,4,0.1,0.426,0.7,1.0,1.0,0.824,0.25,0.25
103,,-0.05,0.276,0.55,0.85,0.85,0.674,0.1,0.1
104,1,0.95,0.638,0.7,0.788,0.7,0.612,0.25,0.462
105,1,1.0,1.0,0.85,0.726,0.55,0.55,0.4,0.824
106,,0.85,0.85,0.7,0.576,0.4,0.4,0.25,0.674
107,,0.7,0.7,0.55,0.426,0.25,0.25,0.1,0.524
108,,0.55,0.55,0.4,0.276,0.1,0.1,-0.05,0.374
109,7,0.7,0.488,0.25,0.214,0.25,0.462,0.95,0.736
110,7,0.85,0.426,0.1,0.152,0.4,0.824,1.0,1.0
111,,0.7,0.276,-0.05,0.002,0.25,0.674,0.85,0.85
112,3,0.85,0.638,0.95,0.364,0.4,0.612,0.7,0.788
113,3,1.0,1.0,1.0,0.726,0.55,0.55,0.55,0.726
114,,0.85,0.85,0.85,0.576,0.4,0.4,0.4,0.576
115,,0.7,0.7,0.7,0.426,0.25,0.25,0.25,0.426
116,,0.55,0.55,0.55,0.276,0.1,0.1,0.1,0.276
117,,0.4,0.4,0.4,0.126,-0.05,-0.05,-0.05,0.126
118,6,0.338,0.25,0.338,0.276,0.312,0.95,0.312,0.276
119,6,0.276,0.1,0.276,0.426,0.674,1.0,0.674,0.426
120,,0.126,-0.05,0.126,0.276,0.524,0.85,0.524,0.276
121,2,0.488,0.95,0.488,0.426,0.462,0.7,0.462,0.426
122,2,0.85,1.0,0.85,0.576,0.4,0.55,0.4,0.576
123,,0.7,0.85,0.7,0.426,0.25,0.4,0.25,0.426
124,,0.55,0.7,0.55,0.276,0.1,0.25,0.1,0.276
125,,0.4,0.55,0.4,0.126,-0.05,0.1,-0.05,0.126
126,7,0.55,0.488,0.25,0.064,0.1,0.462,0.95,0.488
127,7,0.7,0.426,0.1,0.002,0.25,0.824,1.0,0.85
128,,0.55,0.276,-0.05,-0.148,0.1,0.674,0.85,0.7
129,4,0.488,0.426,0.312,0.852,0.462,0.824,0.788,0.55
130,4,0.426,0.576,0.674,1.0,0.824,0.974,0.726,0.4
131,,0.276,0.426,0.524,0.85,0.674,0.824,0.576,0.25
132,,0.126,0.276,0.374,0.7,0.524,0.674,0.426,0.1
133,,-0.024,0.126,0.224,0.55,0.374,0.524,0.276,-0.05
134,8,0.338,0.276,0.162,0.4,0.312,0.674,0.638,0.95
135,8,0.7,0.426,0.1,0.25,0.25,0.824,1.0,1.0
136,,0.55,0.276,-0.05,0.1,0.1,0.674,0.85,0.85
137,3,0.7,0.638,0.95,0.462,0.25,0.612,0.7,0.788
138,3,0.85,1.0,1.0,0.824,0.4,0.55,0.55,0.726
139,,0.7,0.85,0.85,0.674,0.25,0.4,0.4,0.576
140,,0.55,0.7,0.7,0.524,0.1,0.25,0.25,0.426
141,,0.4,0.55,0.55,0.374,-0.05,0.1,0.1,0.276
142,5,0.25,0.488,0.7,0.736,0.95,0.462,0.25,0.214
143,5,0.1,0.426,0.85,1.0,1.0,0.824,0.4,0.152
144,,-0.05,0.276,0.7,0.85,0.85,0.674,0.25,0.002
145,1,0.95,0.638,0.85,0.788,0.7,0.612,0.4,0.364
146,1,1.0,1.0,1.0,0.726,0.55,0.55,0.55,0.726
147,,0.85,0.85,0.85,0.576,0.4,0.4,0.4,0.576
148,,0.7,0.7,0.7,0.426,0.25,0.25,0.25,0.426
149,,0.55,0.55,0.55,0.276,0.1,0.1,0.1,0.276
150,,0.4,0.4,0.4,0.126,-0.05,-0.05,-0.05,0.126
151,7,0.55,0.338,0.25,0.064,0.1,0.312,0.95,0.488
152,7,0.7,0.276,0.1,0.002,0.25,0.674,1.0,0.85
153,,0.55,0.126,-0.05,-0.148,0.1,0.524,0.85,0.7
154,4,0.488,0.276,0.312,0.852,0.462,0.674,0.788,0.55
155,4,0.426,0.426,0.674,1.0,0.824,0.824,0.726,0.4
156,,0.276,0.276,0.524,0.85,0.674,0.674,0.576,0.25
157,,0.126,0.126,0.374,0.7,0.524,0.524,0.426,0.1
158,,-0.024,-0.024,0.224,0.55,0.374,0.374,0.276,-0.05
159,8,0.338,0.126,0.162,0.4,0.312,0.524,0.638,0.95
160,8,0.7,0.276,0.1,0.25,0.25,0.674,1.0,1.0
161,,0.55,0.126,-0.05,0.1,0.1,0.524,0.85,0.85
162,3,0.7,0.488,0.95,0.462,0.25,0.462,0.7,0.788
163,3,0.85,0.85,1.0,0.824,0.4,0.4,0.55,0.726
164,,0.7,0.7,0.85,0.674,0.25,0.25,0.4,0.576
165,,0.55,0.55,0.7,0.524,0.1,0.1,0.25,0.426
166,,0.4,0.4,0.55,0.374,-0.05,-0.05,0.1,0.276
167,6,0.338,0.25,0.488,0.524,0.312,0.95,0.462,0.426
168,6,0.276,0.1,0.426,0.674,0.674,1.0,0.824,0.576
169,,0.126,-0.05,0.276,0.524,0.524,0.85,0.674,0.426
170,2,0.488,0.95,0.638,0.674,0.462,0.7,0.612,0.576
171,2,0.85,1.0,1.0,0.824,0.4,0.55,0.55,0.726
172,,0.7,0.85,0.85,0.674,0.25,0.4,0.4,0.576
173,,0.55,0.7,0.7,0.524,0.1,0.25,0.25,0.426
174,,0.4,0.55,0.55,0.374,-0.05,0.1,0.1,0.276
175,5,0.25,0.488,0.7,0.736,0.95,0.462,0.25,0.214
176,5,0.1,0.426,0.85,1.0,1.0,0.824,0.4,0.152
177,,-0.05,0.276,0.7,0.85,0.85,0.674,0.25,0.002
178,1,0.95,0.638,0.85,0.788,0.7,0.612,0.4,0.364
179,1,1.0,1.0,1.0,0.726,0.55,0.55,0.55,0.726
180,,0.85,0.85,0.85,0.576,0.4,0.4,0.4,0.576
181,,0.7,0.7,0.7,0.426,0.25,0.25,0.25,0.426
182,,0.55,0.55,0.55,0.276,0.1,0.1,0.1,0.276
183,,0.4,0.4,0.4,0.126,-0.05,-0.05,-0.05,0.126
184,6,0.338,0.25,0.338,0.276,0.312,0.95,0.312,0.276
185,6,0.276,0.1,0.276,0.426,0.674,1.0,0.674,0.426
186,,0.126,-0.05,0.126,0.276,0.524,0.85,0.524,0.276
187,2,0.488,0.95,0.488,0.426,0.462,0.7,0.462,0.426
188,2,0.85,1.0,0.85,0.576,0.4,0.55,0.4,0.576
189,,0.7,0.85,0.7,0.426,0.25,0.4,0.25,0.426
190,,0.55,0.7,0.55,0.276,0.1,0.25,0.1,0.276
191,,0.4,0.55,0.4,0.126,-0.05,0.1,-0.05,0.126
192,5,0.25,0.488,0.55,0.488,0.95,0.462,0.1,0.064
193,5,0.1,0.426,0.7,0.85,1.0,0.824,0.25,0.002
194,,-0.05,0.276,0.55,0.7,0.85,0.674,0.1,-0.148
195,8,0.312,0.426,0.488,0.55,0.788,0.824,0.462,0.852
196,8,0.674,0.576,0.426,0.4,0.726,0.974,0.824,1.0
197,,0.524,0.426,0.276,0.25,0.576,0.824,0.674,0.85
198,,0.374,0.276,0.126,0.1,0.426,0.674,0.524,0.7
199,,0.224,0.126,-0.024,-0.05,0.276,0.524,0.374,0.55
200,4,0.162,0.276,0.338,0.95,0.638,0.674,0.312,0.4
201,4,0.1,0.426,0.7,1.0,1.0,0.824,0.25,0.25
202,,-0.05,0.276,0.55,0.85,0.85,0.674,0.1,0.1
203,1,0.95,0.638,0.7,0.788,0.7,0.612,0.25,0.462
204,1,1.0,1.0,0.85,0.726,0.55,0.55,0.4,0.824
205,,0.85,0.85,0.7,0.576,0.4,0.4,0.25,0.674
206,,0.7,0.7,0.55,0.426,0.25,0.25,0.1,0.524
207,,0.55,0.55,0.4,0.276,0.1,0.1,-0.05,0.374
208,7,0.7,0.488,0.25,0.214,0.25,0.462,0.95,0.736
209,7,0.85,0.426,0.1,0.152,0.4,0.824,1.0,1.0
210,,0.7,0.276,-0.05,0.002,0.25,0.674,0.85,0.85
211,3,0.85,0.638,0.95,0.364,0.4,0.612,0.7,0.788
212,3,1.0,1.0,1.0,0.726,0.55,0.55,0.55,0.726
213,,0.85,0.85,0.85,0.576,0.4,0.4,0.4,0.576
214,,0.7,0.7,0.7,0.426,0.25,0.25,0.25,0.426
215,,0.55,0.55,0.55,0.276,0.1,0.1,0.1,0.276
216,,0.4,0.4,0.4,0.126,-0.05,-0.05,-0.05,0.126
217,6,0.338,0.25,0.338,0.276,0.312,0.95,0.312,0.276
218,6,0.276,0.1,0.276,0.426,0.674,1.0,0.674,0.426
219,,0.126,-0.05,0.126,0.276,0.524,0.85,0.524,0.276
220,2,0.488,0.95,0.488,0.426,0.462,0.7,0.462,0.426
221,2,0.85,1.0,0.85,0.576,0.4,0.55,0.4,0.576
222,,0.7,0.85,0.7,0.426,0.25,0.4,0.25,0.426
223,,0.55,0.7,0.55,0.276,0.1,0.25,0.1,0.276
224,,0.4,0.55,0.4,0.126,-0.05,0.1,-0.05,0.126
225,7,0.55,0.488,0.25,0.064,0.1,0.462,0.95,0.488
226,7,0.7,0.426,0.1,0.002,0.25,0.824,1.0,0.85
227,,0.55,0.276,-0.05,-0.148,0.1,0.674,0.85,0.7
228,4,0.488,0.426,0.312,0.852,0.462,0.824,0.788,0.55
229,4,0.426,0.576,0.674,1.0,0.824,0.974,0.726,0.4
230,,0.276,0.426,0.524,0.85,0.674,0.824,0.576,0.25
231,,0.126,0.276,0.374,0.7,0.524,0.674,0.426,0.1
232,,-0.024,0.126,0.224,0.55,0.374,0.524,0.276,-0.05
233,8,0.338,0.276,0.162,0.4,0.312,0.674,0.638,0.95
234,8,0.7,0.426,0.1,0.25,0.25,0.824,1.0,1.0
235,,0.55,0.276,-0.05,0.1,0.1,0.674,0.85,0.85
236,3,0.7,0.638,0.95,0.462,0.25,0.612,0.7,0.788
237,3,0.85,1.0,1.0,0.824,0.4,0.55,0.55,0.726
238,,0.7,0.85,0.85,0.674,0.25,0.4,0.4,0.576
239,,0.55,0.7,0.7,0.524,0.1,0.25,0.25,0.426
240,,0.4,0.55,0.55,0.374,-0.05,0.1,0.1,0.276
241,5,0.25,0.488,0.7,0.736,0.95,0.462,0.25,0.214
242,5,0.1,0.426,0.85,1.0,1.0,0.824,0.4,0.152
243,,-0.05,0.276,0.7,0.85,0.85,0.674,0.25,0.002
244,1,0.95,0.638,0.85,0.788,0.7,0.612,0.4,0.364
245,1,1.0,1.0,1.0,0.726,0.55,0.55,0.55,0.726
246,,0.85,0.85,0.85,0.576,0.4,0.4,0.4,0.576
247,,0.7,0.7,0.7,0.426,0.25,0.25,0.25,0.426
248,,0.55,0.55,0.55,0.276,0.1,0.1,0.1,0.276
249,,0.4,0.4,0.4,0.126,-0.05,-0.05,-0.05,0.126
250,5,0.25,0.338,0.55,0.488,0.95,0.312,0.1,0.064
251,5,0.1,0.276,0.7,0.85,1.0,0.674,0.25,0.002
252,,-0.05,0.126,0.55,0.7,0.85,0.524,0.1,-0.148
253,8,0.312,0.276,0.488,0.55,0.788,0.674,0.462,0.852
254,8,0.674,0.426,0.426,0.4,0.726,0.824,0.824,1.0
255,,0.524,0.276,0.276,0.25,0.576,0.674,0.674,0.85
256,,0.374,0.126,0.126,0.1,0.426,0.524,0.524,0.7
257,,0.224,-0.024,-0.024,-0.05,0.276,0.374,0.374,0.55
258,4,0.162,0.126,0.338,0.95,0.638,0.524,0.312,0.4
259,4,0.1,0.276,0.7,1.0,1.0,0.674,0.25,0.25
260,,-0.05,0.126,0.55,0.85,0.85,0.524,0.1,0.1
261,1,0.95,0.488,0.7,0.788,0.7,0.462,0.25,0.462
262,1,1.0,0.85,0.85,0.726,0.55,0.4,0.4,0.824
263,,0.85,0.7,0.7,0.576,0.4,0.25,0.25,0.674
264,,0.7,0.55,0.55,0.426,0.25,0.1,0.1,0.524
265,,0.55,0.4,0.4,0.276,0.1,-0.05,-0.05,0.374
266,7,0.7,0.338,0.25,0.214,0.25,0.312,0.95,0.736
267,7,0.85,0.276,0.1,0.152,0.4,0.674,1.0,1.0
268,,0.7,0.126,-0.05,0.002,0.25,0.524,0.85,0.85
269,3,0.85,0.488,0.95,0.364,0.4,0.462,0.7,0.788
270,3,1.0,0.85,1.0,0.726,0.55,0.4,0.55,0.726
271,,0.85,0.7,0.85,0.576,0.4,0.25,0.4,0.576
272,,0.7,0.55,0.7,0.426,0.25,0.1,0.25,0.426
273,,0.55,0.4,0.55,0.276,0.1,-0.05,0.1,0.276
274,6,0.488,0.25,0.488,0.426,0.462,0.95,0.462,0.426
275,6,0.426,0.1,0.426,0.576,0.824,1.0,0.824,0.576
276,,0.276,-0.05,0.276,0.426,0.674,0.85,0.674,0.426
277,2,0.638,0.95,0.638,0.576,0.612,0.7,0.612,0.576
278,2,1.0,1.0,1.0,0.726,0.55,0.55,0.55,0.726
279,,0.85,0.85,0.85,0.576,0.4,0.4,0.4,0.576
280,,0.7,0.7,0.7,0.426,0.25,0.25,0.25,0.426
281,,0.55,0.55,0.55,0.276,0.1,0.1,0.1,0.276
282,,0.4,0.4,0.4,0.126,-0.05,-0.05,-0.05,0.126
283,5,0.25,0.338,0.55,0.488,0.95,0.312,0.1,0.064
284,5,0.1,0.276,0.7,0.85,1.0,0.674,0.25,0.002
285,,-0.05,0.126,0.55,0.7,0.85,0.524,0.1,-0.148
286,8,0.312,0.276,0.488,0.55,0.788,0.674,0.462,0.852
287,8,0.674,0.426,0.426,0.4,0.726,0.824,0.824,1.0
288,,0.524,0.276,0.276,0.25,0.576,0.674,0.674,0.85
289,,0.374,0.126,0.126,0.1,0.426,0.524,0.524,0.7
290,,0.224,-0.024,-0.024,-0.05,0.276,0.374,0.374,0.55
291,4,0.162,0.126,0.338,0.95,0.638,0.524,0.312,0.4
292,4,0.1,0.276,0.7,1.0,1.0,0.674,0.25,0.25
293,,-0.05,0.126,0.55,0.85,0.85,0.524,0.1,0.1
294,1,0.95,0.488,0.7,0.788,0.7,0.462,0.25,0.462
295,1,1.0,0.85,0.85,0.726,0.55,0.4,0.4,0.824
296,,0.85,0.7,0.7,0.576,0.4,0.25,0.25,0.674
297,,0.7,0.55,0.55,0.426,0.25,0.1,0.1,0.524
298,,0.55,0.4,0.4,0.276,0.1,-0.05,-0.05,0.374
299,6,0.488,0.25,0.338,0.426,0.462,0.95,0.312,0.524
300,6,0.426,0.1,0.276,0.576,0.824,1.0,0.674,0.674
301,,0.276,-0.05,0.126,0.426,0.674,0.85,0.524,0.524
302,2,0.638,0.95,0.488,0.576,0.612,0.7,0.462,0.674
303,2,1.0,1.0,0.85,0.726,0.55,0.55,0.4,0.824
304,,0.85,0.85,0.7,0.576,0.4,0.4,0.25,0.674
305,,0.7,0.7,0.55,0.426,0.25,0.25,0.1,0.524
306,,0.55,0.55,0.4,0.276,0.1,0.1,-0.05,0.374
307,7,0.7,0.488,0.25,0.214,0.25,0.462,0.95,0.736
308,7,0.85,0.426,0.1,0.152,0.4,0.824,1.0,1.0
309,,0.7,0.276,-0.05,0.002,0.25,0.674,0.85,0.85
310,3,0.85,0.638,0.95,0.364,0.4,0.612,0.7,0.788
311,3,1.0,1.0,1.0,0.726,0.55,0.55,0.55,0.726
312,,0.85,0.85,0.85,0.576,0.4,0.4,0.4,0.576
313,,0.7,0.7,0.7,0.426,0.25,0.25,0.25,0.426
314,,0.55,0.55,0.55,0.276,0.1,0.1,0.1,0.276
315,,0.4,0.4,0.4,0.126,-0.05,-0.05,-0.05,0.126
316,7,0.55,0.338,0.25,0.064,0.1,0.312,0.95,0.488
317,7,0.7,0.276,0.1,0.002,0.25,0.674,1.0,0.85
318,,0.55,0.126,-0.05,-0.148,0.1,0.524,0.85,0.7
319,4,0.488,0.276,0.312,0.852,0.462,0.674,0.788,0.55
320,4,0.426,0.426,0.674,1.0,0.824,0.824,0.726,0.4
321,,0.276,0.276,0.524,0.85,0.674,0.674,0.576,0.25
322,,0.126,0.126,0.374,0.7,0.524,0.524,0.426,0.1
323,,-0.024,-0.024,0.224,0.55,0.374,0.374,0.276,-0.05
324,8,0.338,0.126,0.162,0.4,0.312,0.524,0.638,0.95
325,8,0.7,0.276,0.1,0.25,0.25,0.674,1.0,1.0
326,,0.55,0.126,-0.05,0.1,0.1,0.524,0.85,0.85
327,3,0.7,0.488,0.95,0.462,0.25,0.462,0.7,0.788
328,3,0.85,0.85,1.0,0.824,0.4,0.4,0.55,0.726
329,,0.7,0.7,0.85,0.674,0.25,0.25,0.4,0.576
330,,0.55,0.55,0.7,0.524,0.1,0.1,0.25,0.426
331,,0.4,0.4,0.55,0.374,-0.05,-0.05,0.1,0.276
332,6,0.338,0.25,0.488,0.524,0.312,0.95,0.462,0.426
333,6,0.276,0.1,0.426,0.674,0.674,1.0,0.824,0.576
334,,0.126,-0.05,0.276,0.524,0.524,0.85,0.674,0.426
335,2,0.488,0.95,0.638,0.674,0.462,0.7,0.612,0.576
336,2,0.85,1.0,1.0,0.824,0.4,0.55,0.55,0.726
337,,0.7,0.85,0.85,0.674,0.25,0.4,0.4,0.576
338,,0.55,0.7,0.7,0.524,0.1,0.25,0.25,0.426
339,,0.4,0.55,0.55,0.374,-0.05,0.1,0.1,0.276
340,5,0.25,0.488,0.7,0.736,0.95,0.462,0.25,0.214
341,5,0.1,0.426,0.85,1.0,1.0,0.824,0.4,0.152
342,,-0.05,0.276,0.7,0.85,0.85,0.674,0.25,0.002
343,1,0.95,0.638,0.85,0.788,0.7,0.612,0.4,0.364
344,1,1.0,1.0,1.0,0.726,0.55,0.55,0.55,0.726
345,,0.85,0.85,0.85,0.576,0.4,0.4,0.4,0.576
346,,0.7,0.7,0.7,0.426,0.25,0.25,0.25,0.426
347,,0.55,0.55,0.55,0.276,0.1,0.1,0.1,0.276
348,,0.4,0.4,0.4,0.126,-0.05,-0.05,-0.05,0.126
349,5,0.25,0.338,0.55,0.488,0.95,0.312,0.1,0.064
350,5,0.1,0.276,0.7,0.85,1.0,0.674,0.25,0.002
351,,-0.05,0.126,0.55,0.7,0.85,0.524,0.1,-0.148
352,8,0.312,0.276,0.488,0.55,0.788,0.674,0.462,0.852
353,8,0.674,0.426,0.426,0.4,0.726,0.824,0.824,1.0
354,,0.524,0.276,0.276,0.25,0.576,0.674,0.674,0.85
355,,0.374,0.126,0.126,0.1,0.426,0.524,0.524,0.7
356,,0.224,-0.024,-0.024,-0.05,0.276,0.374,0.374,0.55
357,4,0.162,0.126,0.338,0.95,0.638,0.524,0.312,0.4
358,4,0.1,0.276,0.7,1.0,1.0,0.674,0.25,0.25
359,,-0.05,0.126,0.55,0.85,0.85,0.524,0.1,0.1
360,1,0.95,0.488,0.7,0.788,0.7,0.462,0.25,0.462
361,1,1.0,0.85,0.85,0.726,0.55,0.4,0.4,0.824
362,,0.85,0.7,0.7,0.576,0.4,0.25,0.25,0.674
363,,0.7,0.55,0.55,0.426,0.25,0.1,0.1,0.524
364,,0.55,0.4,0.4,0.276,0.1,-0.05,-0.05,0.374
365,7,0.7,0.338,0.25,0.214,0.25,0.312,0.95,0.736
366,7,0.85,0.276,0.1,0.152,0.4,0.674,1.0,1.0
367,,0.7,0.126,-0.05,0.002,0.25,0.524,0.85,0.85
368,3,0.85,0.488,0.95,0.364,0.4,0.462,0.7,0.788
369,3,1.0,0.85,1.0,0.726,0.55,0.4,0.55,0.726
370,,0.85,0.7,0.85,0.576,0.4,0.25,0.4,0.576
371,,0.7,0.55,0.7,0.426,0.25,0.1,0.25,0.426
372,,0.55,0.4,0.55,0.276,0.1,-0.05,0.1,0.276
373,6,0.488,0.25,0.488,0.426,0.462,0.95,0.462,0.426
374,6,0.426,0.1,0.426,0.576,0.824,1.0,0.824,0.576
375,,0.276,-0.05,0.276,0.426,0.674,0.85,0.674,0.426
376,2,0.638,0.95,0.638,0.576,0.612,0.7,0.612,0.576
377,2,1.0,1.0,1.0,0.726,0.55,0.55,0.55,0.726
378,,0.85,0.85,0.85,0.576,0.4,0.4,0.4,0.576
379,,0.7,0.7,0.7,0.426,0.25,0.25,0.25,0.426
380,,0.55,0.55,0.55,0.276,0.1,0.1,0.1,0.276
381,,0.4,0.4,0.4,0.126,-0.05,-0.05,-0.05,0.126
382,7,0.55,0.338,0.25,0.064,0.1,0.312,0.95,0.488
383,7,0.7,0.276,0.1,0.002,0.25,0.674,1.0,0.85
384,,0.55,0.126,-0.05,-0.148,0.1,0.524,0.85,0.7
385,4,0.488,0.276,0.312,0.852,0.462,0.674,0.788,0.55
386,4,0.426,0.426,0.674,1.0,0.824,0.824,0.726,0.4
387,,0.276,0.276,0.524,0.85,0.674,0.674,0.576,0.25
388,,0.126,0.126,0.374,0.7,0.524,0.524,0.426,0.1
389,,-0.024,-0.024,0.224,0.55,0.374,0.374,0.276,-0.05
390,8,0.338,0.126,0.162,0.4,0.312,0.524,0.638,0.95
391,8,0.7,0.276,0.1,0.25,0.25,0.674,1.0,1.0
392,,0.55,0.126,-0.05,0.1,0.1,0.524,0.85,0.85
393,3,0.7,0.488,0.95,0.462,0.25,0.462,0.7,0.788
394,3,0.85,0.85,1.0,0.824,0.4,0.4,0.55,0.726
395,,0.7,0.7,0.85,0.674,0.25,0.25,0.4,0.576
396,,0.55,0.55,0.7,0.524,0.1,0.1,0.25,0.426
397,,0.4,0.4,0.55,0.374,-0.05,-0.05,0.1,0.276
398,6,0.338,0.25,0.488,0.524,0.312,0.95,0.462,0.426
399,6,0.276,0.1,0.426,0.674,0.674,1.0,0.824,0.576
400,,0.126,-0.05,0.276,0.524,0.524,0.85,0.674,0.426
401,2,0.488,0.95,0.638,0.674,0.462,0.7,0.612,0.576
402,2,0.85,1.0,1.0,0.824,0.4,0.55,0.55,0.726
403,,0.7,0.85,0.85,0.674,0.25,0.4,0.4,0.576
404,,0.55,0.7,0.7,0.524,0.1,0.25,0.25,0.426
405,,0.4,0.55,0.55,0.374,-0.05,0.1,0.1,0.276
406,5,0.25,0.488,0.7,0.736,0.95,0.462,0.25,0.214
407,5,0.1,0.426,0.85,1.0,1.0,0.824,0.4,0.152
408,,-0.05,0.276,0.7,0.85,0.85,0.674,0.25,0.002
409,1,0.95,0.638,0.85,0.788,0.7,0.612,0.4,0.364
410,1,1.0,1.0,1.0,0.726,0.55,0.55,0.55,0.726
411,,0.85,0.85,0.85,0.576,0.4,0.4,0.4,0.576
412,,0.7,0.7,0.7,0.426,0.25,0.25,0.25,0.426
413,,0.55,0.55,0.55,0.276,0.1,0.1,0.1,0.276
414,,0.4,0.4,0.4,0.126,-0.05,-0.05,-0.05,0.126
415,6,0.338,0.25,0.338,0.276,0.312,0.95,0.312,0.276
416,6,0.276,0.1,0.276,0.426,0.674,1.0,0.674,0.426
417,,0.126,-0.05,0.126,0.276,0.524,0.85,0.524,0.276
418,2,0.488,0.95,0.488,0.426,0.462,0.7,0.462,0.426
419,2,0.85,1.0,0.85,0.576,0.4,0.55,0.4,0.576
420,,0.7,0.85,0.7,0.426,0.25,0.4,0.25,0.426
421,,0.55,0.7,0.55,0.276,0.1,0.25,0.1,0.276
422,,0.4,0.55,0.4,0.126,-0.05,0.1,-0.05,0.126
423,5,0.25,0.488,0.55,0.488,0.95,0.462,0.1,0.064
424,5,0.1,0.426,0.7,0.85,1.0,0.824,0.25,0.002
425,,-0.05,0.276,0.55,0.7,0.85,0.674,0.1,-0.148
426,8,0.312,0.426,0.488,0.55,0.788,0.824,0.462,0.852
427,8,0.674,0.576,0.426,0.4,0.726,0.974,0.824,1.0
428,,0.524,0.426,0.276,0.25,0.576,0.824,0.674,0.85
429,,0.374,0.276,0.126,0.1,0.426,0.674,0.524,0.7
430,,0.224,0.126,-0.024,-0.05,0.276,0.524,0.374,0.55
431,4,0.162,0.276,0.338,0.95,0.638,0.674,0.312,0.4
432,4,0.1,0.426,0.7,1.0,1.0,0.824,0.25,0.25
433,,-0.05,0.276,0.55,0.85,0.85,0.674,0.1,0.1
434,1,0.95,0.638,0.7,0.788,0.7,0.612,0.25,0.462
435,1,1.0,1.0,0.85,0.726,0.55,0.55,0.4,0.824
436,,0.85,0.85,0.7,0.576,0.4,0.4,0.25,0.674
437,,0.7,0.7,0.55,0.426,0.25,0.25,0.1,0.524
438,,0.55,0.55,0.4,0.276,0.1,0.1,-0.05,0.374
439,7,0.7,0.488,0.25,0.214,0.25,0.462,0.95,0.736
440,7,0.85,0.426,0.1,0.152,0.4,0.824,1.0,1.0
441,,0.7,0.276,-0.05,0.002,0.25,0.674,0.85,0.85
442,3,0.85,0.638,0.95,0.364,0.4,0.612,0.7,0.788
443,3,1.0,1.0,1.0,0.726,0.55,0.55,0.55,0.726
444,,0.85,0.85,0.85,0.576,0.4,0.4,0.4,0.576
445,,0.7,0.7,0.7,0.426,0.25,0.25,0.25,0.426
446,,0.55,0.55,0.55,0.276,0.1,0.1,0.1,0.276
447,,0.4,0.4,0.4,0.126,-0.05,-0.05,-0.05,0.126
448,5,0.25,0.338,0.55,0.488,0.95,0.312,0.1,0.064
449,5,0.1,0.276,0.7,0.85,1.0,0.674,0.25,0.002
450,,-0.05,0.126,0.55,0.7,0.85,0.524,0.1,-0.148
451,8,0.312,0.276,0.488,0.55,0.788,0.674,0.462,0.852
452,8,0.674,0.426,0.426,0.4,0.726,0.824,0.824,1.0
453,,0.524,0.276,0.276,0.25,0.576,0.674,0.674,0.85
454,,0.374,0.126,0.126,0.1,0.426,0.524,0.524,0.7
455,,0.224,-0.024,-0.024,-0.05,0.276,0.374,0.374,0.55
456,4,0.162,0.126,0.338,0.95,0.638,0.524,0.312,0.4
457,4,0.1,0.276,0.7,1.0,1.0,0.674,0.25,0.25
458,,-0.05,0.126,0.55,0.85,0.85,0.524,0.1,0.1
459,1,0.95,0.488,0.7,0.788,0.7,0.462,0.25,0.462
460,1,1.0,0.85,0.85,0.726,0.55,0.4,0.4,0.824
461,,0.85,0.7,0.7,0.576,0.4,0.25,0.25,0.674
462,,0.7,0.55,0.55,0.426,0.25,0.1,0.1,0.524
463,,0.55,0.4,0.4,0.276,0.1,-0.05,-0.05,0.374
464,6,0.488,0.25,0.338,0.426,0.462,0.95,0.312,0.524
465,6,0.426,0.1,0.276,0.576,0.824,1.0,0.674,0.674
466,,0.276,-0.05,0.126,0.426,0.674,0.85,0.524,0.524
467,2,0.638,0.95,0.488,0.576,0.612,0.7,0.462,0.674
468,2,1.0,1.0,0.85,0.726,0.55,0.55,0.4,0.824
469,,0.85,0.85,0.7,0.576,0.4,0.4,0.25,0.674
470,,0.7,0.7,0.55,0.426,0.25,0.25,0.1,0.524
471,,0.55,0.55,0.4,0.276,0.1,0.1,-0.05,0.374
472,7,0.7,0.488,0.25,0.214,0.25,0.462,0.95,0.736
473,7,0.85,0.426,0.1,0.152,0.4,0.824,1.0,1.0
474,,0.7,0.276,-0.05,0.002,0.25,0.674,0.85,0.85
475,3,0.85,0.638,0.95,0.364,0.4,0.612,0.7,0.788
476,3,1.0,1.0,1.0,0.726,0.55,0.55,0.55,0.726
477,,0.85,0.85,0.85,0.576,0.4,0.4,0.4,0.576
478,,0.7,0.7,0.7,0.426,0.25,0.25,0.25,0.426
479,,0.55,0.55,0.55,0.276,0.1,0.1,0.1,0.276
480,,0.4,0.4,0.4,0.126,-0.05,-0.05,-0.05,0.126
481,5,0.25,0.338,0.55,0.488,0.95,0.312,0.1,0.064
482,5,0.1,0.276,0.7,0.85,1.0,0.674,0.25,0.002
483,,-0.05,0.126,0.55,0.7,0.85,0.524,0.1,-0.148
484,8,0.312,0.276,0.488,0.55,0.788,0.674,0.462,0.852
485,8,0.674,0.426,0.426,0.4,0.726,0.824,0.824,1.0
486,,0.524,0.276,0.276,0.25,0.576,0.674,0.674,0.85
487,,0.374,0.126,0.126,0.1,0.426,0.524,0.524,0.7
488,,0.224,-0.024,-0.024,-0.05,0.276,0.374,0.374,0.55
489,4,0.162,0.126,0.338,0.95,0.638,0.524,0.312,0.4
490,4,0.1,0.276,0.7,1.0,1.0,0.674,0.25,0.25
491,,-0.05,0.126,0.55,0.85,0.85,0.524,0.1,0.1
492,1,0.95,0.488,0.7,0.788,0.7,0.462,0.25,0.462
493,1,1.0,0.85,0.85,0.726,0.55,0.4,0.4,0.824
494,,0.85,0.7,0.7,0.576,0.4,0.25,0.25,0.674
495,,0.7,0.55,0.55,0.426,0.25,0.1,0.1,0.524
496,,0.55,0.4,0.4,0.276,0.1,-0.05,-0.05,0.374
497,6,0.488,0.25,0.338,0.426,0.462,0.95,0.312,0.524
498,6,0.426,0.1,0.276,0.576,0.824,1.0,0.674,0.674
499,,0.276,-0.05,0.126,0.426,0.674,0.85,0.524,0.524
