step,active_motive,motive_1,motive_2,motive_3,motive_4,motive_5,motive_6,motive_7,motive_8
0,,0.91069,0.12281,0.23591,0.16552,0.18632,0.83749,0.33215,0.31144
1,,0.76069,-0.02719,0.08591,0.01552,0.03632,0.68749,0.18215,0.16144
2,2,1.0,0.97281,0.44791,0.16552,-0.02568,0.53749,0.12015,0.31144
3,2,1.0,1.0,0.80991,0.31552,-0.08768,0.38749,0.05815,0.46144
4,5,0.85,0.938,0.95991,0.67752,0.91232,0.74949,0.20815,0.39944
5,5,0.7,0.876,1.0,1.0,1.0,1.0,0.35815,0.33744
6,,0.55,0.726,0.85,0.85,0.85,0.85,0.20815,0.18744
7,,0.4,0.576,0.7,0.7,0.7,0.7,0.05815,0.03744
8,,0.25,0.426,0.55,0.55,0.55,0.55,-0.09185,-0.11256
9,8,0.612,0.576,0.488,0.4,0.488,0.7,0.27015,0.88744
10,8,0.974,0.726,0.426,0.25,0.426,0.85,0.63215,1.0
11,,0.824,0.576,0.276,0.1,0.276,0.7,0.48215,0.85
12,,0.674,0.426,0.126,-0.05,0.126,0.55,0.33215,0.7
13,4,0.612,0.576,0.488,0.95,0.488,0.7,0.27015,0.55
14,4,0.55,0.726,0.85,1.0,0.85,0.85,0.20815,0.4
15,,0.4,0.576,0.7,0.85,0.7,0.7,0.05815,0.25
16,,0.25,0.426,0.55,0.7,0.55,0.55,-0.09185,0.1
17,7,0.4,0.364,0.4,0.638,0.7,0.912,0.90815,0.462
18,7,0.55,0.302,0.25,0.576,0.85,1.0,1.0,0.824
19,,0.4,0.152,0.1,0.426,0.7,0.85,0.85,0.674
20,,0.25,0.002,-0.05,0.276,0.55,0.7,0.7,0.524
21,3,0.4,0.364,0.95,0.638,0.7,0.638,0.55,0.462
22,3,0.55,0.726,1.0,1.0,0.85,0.576,0.4,0.4
23,,0.4,0.576,0.85,0.85,0.7,0.426,0.25,0.25
24,,0.25,0.426,0.7,0.7,0.55,0.276,0.1,0.1
25,,0.1,0.276,0.55,0.55,0.4,0.126,-0.05,-0.05
26,7,0.25,0.214,0.4,0.488,0.55,0.488,0.95,0.312
27,7,0.4,0.152,0.25,0.426,0.7,0.85,1.0,0.674
28,,0.25,0.002,0.1,0.276,0.55,0.7,0.85,0.524
29,,0.1,-0.148,-0.05,0.126,0.4,0.55,0.7,0.374
30,2,0.462,0.852,0.312,0.276,0.338,0.4,0.638,0.524
31,2,0.824,1.0,0.674,0.426,0.276,0.25,0.576,0.674
32,,0.674,0.85,0.524,0.276,0.126,0.1,0.426,0.524
33,,0.524,0.7,0.374,0.126,-0.024,-0.05,0.276,0.374
34,6,0.462,0.55,0.312,0.276,0.338,0.95,0.638,0.524
35,6,0.4,0.4,0.25,0.426,0.7,1.0,1.0,0.674
36,,0.25,0.25,0.1,0.276,0.55,0.85,0.85,0.524
37,,0.1,0.1,-0.05,0.126,0.4,0.7,0.7,0.374
38,3,0.25,0.462,0.95,0.488,0.55,0.638,0.55,0.312
39,3,0.4,0.824,1.0,0.85,0.7,0.576,0.4,0.25
40,,0.25,0.674,0.85,0.7,0.55,0.426,0.25,0.1
41,,0.1,0.524,0.7,0.55,0.4,0.276,0.1,-0.05
42,8,0.462,0.674,0.638,0.4,0.338,0.426,0.462,0.95
43,8,0.824,0.824,0.576,0.25,0.276,0.576,0.824,1.0
44,,0.674,0.674,0.426,0.1,0.126,0.426,0.674,0.85
45,,0.524,0.524,0.276,-0.05,-0.024,0.276,0.524,0.7
46,4,0.462,0.674,0.638,0.95,0.338,0.426,0.462,0.55
47,4,0.4,0.824,1.0,1.0,0.7,0.576,0.4,0.4
48,,0.25,0.674,0.85,0.85,0.55,0.426,0.25,0.25
49,,0.1,0.524,0.7,0.7,0.4,0.276,0.1,0.1
50,,-0.05,0.374,0.55,0.55,0.25,0.126,-0.05,-0.05
51,8,0.312,0.524,0.488,0.4,0.188,0.276,0.312,0.95
52,8,0.674,0.674,0.426,0.25,0.126,0.426,0.674,1.0
53,,0.524,0.524,0.276,0.1,-0.024,0.276,0.524,0.85
54,5,0.374,0.462,0.426,0.462,0.976,0.638,0.674,0.788
55,5,0.224,0.4,0.576,0.824,1.0,1.0,0.824,0.726
56,,0.074,0.25,0.426,0.674,0.85,0.85,0.674,0.576
57,,-0.076,0.1,0.276,0.524,0.7,0.7,0.524,0.426
58,1,0.924,0.462,0.426,0.462,0.55,0.638,0.674,0.788
59,1,1.0,0.824,0.576,0.4,0.4,0.576,0.824,1.0
60,,0.85,0.674,0.426,0.25,0.25,0.426,0.674,0.85
61,,0.7,0.524,0.276,0.1,0.1,0.276,0.524,0.7
62,,0.55,0.374,0.126,-0.05,-0.05,0.126,0.374,0.55
63,4,0.488,0.524,0.488,0.95,0.312,0.276,0.312,0.4
64,4,0.426,0.674,0.85,1.0,0.674,0.426,0.25,0.25
65,,0.276,0.524,0.7,0.85,0.524,0.276,0.1,0.1
66,,0.126,0.374,0.55,0.7,0.374,0.126,-0.05,-0.05
67,7,0.276,0.312,0.4,0.638,0.524,0.488,0.95,0.312
68,7,0.426,0.25,0.25,0.576,0.674,0.85,1.0,0.674
69,,0.276,0.1,0.1,0.426,0.524,0.7,0.85,0.524
70,,0.126,-0.05,-0.05,0.276,0.374,0.55,0.7,0.374
71,2,0.488,0.95,0.312,0.426,0.312,0.4,0.638,0.524
72,2,0.85,1.0,0.674,0.576,0.25,0.25,0.576,0.674
73,,0.7,0.85,0.524,0.426,0.1,0.1,0.426,0.524
74,,0.55,0.7,0.374,0.276,-0.05,-0.05,0.276,0.374
75,5,0.4,0.638,0.524,0.638,0.95,0.312,0.426,0.312
76,5,0.25,0.576,0.674,1.0,1.0,0.674,0.576,0.25
77,,0.1,0.426,0.524,0.85,0.85,0.524,0.426,0.1
78,,-0.05,0.276,0.374,0.7,0.7,0.374,0.276,-0.05
79,1,0.95,0.638,0.524,0.638,0.55,0.312,0.426,0.312
80,1,1.0,1.0,0.674,0.576,0.4,0.25,0.576,0.674
81,,0.85,0.85,0.524,0.426,0.25,0.1,0.426,0.524
82,,0.7,0.7,0.374,0.276,0.1,-0.05,0.276,0.374
83,6,0.638,0.55,0.312,0.426,0.462,0.95,0.638,0.524
84,6,0.576,0.4,0.25,0.576,0.824,1.0,1.0,0.674
85,,0.426,0.25,0.1,0.426,0.674,0.85,0.85,0.524
86,,0.276,0.1,-0.05,0.276,0.524,0.7,0.7,0.374
87,3,0.426,0.462,0.95,0.638,0.674,0.638,0.55,0.312
88,3,0.576,0.824,1.0,1.0,0.824,0.576,0.4,0.25
89,,0.426,0.674,0.85,0.85,0.674,0.426,0.25,0.1
90,,0.276,0.524,0.7,0.7,0.524,0.276,0.1,-0.05
91,8,0.638,0.674,0.638,0.55,0.462,0.426,0.462,0.95
92,8,1.0,0.824,0.576,0.4,0.4,0.576,0.824,1.0
93,,0.85,0.674,0.426,0.25,0.25,0.426,0.674,0.85
94,,0.7,0.524,0.276,0.1,0.1,0.276,0.524,0.7
95,,0.55,0.374,0.126,-0.05,-0.05,0.126,0.374,0.55
96,5,0.4,0.312,0.276,0.312,0.95,0.488,0.524,0.488
97,5,0.25,0.25,0.426,0.674,1.0,0.85,0.674,0.426
98,,0.1,0.1,0.276,0.524,0.85,0.7,0.524,0.276
99,,-0.05,-0.05,0.126,0.374,0.7,0.55,0.374,0.126
100,2,0.312,0.95,0.488,0.524,0.638,0.4,0.312,0.276
101,2,0.674,1.0,0.85,0.674,0.576,0.25,0.25,0.426
102,,0.524,0.85,0.7,0.524,0.426,0.1,0.1,0.276
103,,0.374,0.7,0.55,0.374,0.276,-0.05,-0.05,0.126
104,6,0.312,0.55,0.488,0.524,0.638,0.95,0.312,0.276
105,6,0.25,0.4,0.426,0.674,1.0,1.0,0.674,0.426
106,,0.1,0.25,0.276,0.524,0.85,0.85,0.524,0.276
107,,-0.05,0.1,0.126,0.374,0.7,0.7,0.374,0.126
108,1,0.95,0.462,0.276,0.312,0.55,0.638,0.524,0.488
109,1,1.0,0.824,0.426,0.25,0.4,0.576,0.674,0.85
110,,0.85,0.674,0.276,0.1,0.25,0.426,0.524,0.7
111,,0.7,0.524,0.126,-0.05,0.1,0.276,0.374,0.55
112,4,0.638,0.674,0.488,0.95,0.462,0.426,0.312,0.4
113,4,0.576,0.824,0.85,1.0,0.824,0.576,0.25,0.25
114,,0.426,0.674,0.7,0.85,0.674,0.426,0.1,0.1
115,,0.276,0.524,0.55,0.7,0.524,0.276,-0.05,-0.05
116,7,0.426,0.462,0.4,0.638,0.674,0.638,0.95,0.312
117,7,0.576,0.4,0.25,0.576,0.824,1.0,1.0,0.674
118,,0.426,0.25,0.1,0.426,0.674,0.85,0.85,0.524
119,,0.276,0.1,-0.05,0.276,0.524,0.7,0.7,0.374
120,3,0.426,0.462,0.95,0.638,0.674,0.638,0.55,0.312
121,3,0.576,0.824,1.0,1.0,0.824,0.576,0.4,0.25
122,,0.426,0.674,0.85,0.85,0.674,0.426,0.25,0.1
123,,0.276,0.524,0.7,0.7,0.524,0.276,0.1,-0.05
124,8,0.638,0.674,0.638,0.55,0.462,0.426,0.462,0.95
125,8,1.0,0.824,0.576,0.4,0.4,0.576,0.824,1.0
126,,0.85,0.674,0.426,0.25,0.25,0.426,0.674,0.85
127,,0.7,0.524,0.276,0.1,0.1,0.276,0.524,0.7
128,,0.55,0.374,0.126,-0.05,-0.05,0.126,0.374,0.55
129,5,0.4,0.312,0.276,0.312,0.95,0.488,0.524,0.488
130,5,0.25,0.25,0.426,0.674,1.0,0.85,0.674,0.426
131,,0.1,0.1,0.276,0.524,0.85,0.7,0.524,0.276
132,,-0.05,-0.05,0.126,0.374,0.7,0.55,0.374,0.126
133,1,0.95,0.312,0.276,0.312,0.55,0.488,0.524,0.488
134,1,1.0,0.674,0.426,0.25,0.4,0.426,0.674,0.85
135,,0.85,0.524,0.276,0.1,0.25,0.276,0.524,0.7
136,,0.7,0.374,0.126,-0.05,0.1,0.126,0.374,0.55
137,4,0.638,0.524,0.488,0.95,0.462,0.276,0.312,0.4
138,4,0.576,0.674,0.85,1.0,0.824,0.426,0.25,0.25
139,,0.426,0.524,0.7,0.85,0.674,0.276,0.1,0.1
140,,0.276,0.374,0.55,0.7,0.524,0.126,-0.05,-0.05
141,7,0.426,0.312,0.4,0.638,0.674,0.488,0.95,0.312
142,7,0.576,0.25,0.25,0.576,0.824,0.85,1.0,0.674
143,,0.426,0.1,0.1,0.426,0.674,0.7,0.85,0.524
144,,0.276,-0.05,-0.05,0.276,0.524,0.55,0.7,0.374
145,2,0.638,0.95,0.312,0.426,0.462,0.4,0.638,0.524
146,2,1.0,1.0,0.674,0.576,0.4,0.25,0.576,0.674
147,,0.85,0.85,0.524,0.426,0.25,0.1,0.426,0.524
148,,0.7,0.7,0.374,0.276,0.1,-0.05,0.276,0.374
149,6,0.638,0.55,0.312,0.426,0.462,0.95,0.638,0.524
150,6,0.576,0.4,0.25,0.576,0.824,1.0,1.0,0.674
151,,0.426,0.25,0.1,0.426,0.674,0.85,0.85,0.524
152,,0.276,0.1,-0.05,0.276,0.524,0.7,0.7,0.374
153,3,0.426,0.462,0.95,0.638,0.674,0.638,0.55,0.312
154,3,0.576,0.824,1.0,1.0,0.824,0.576,0.4,0.25
155,,0.426,0.674,0.85,0.85,0.674,0.426,0.25,0.1
156,,0.276,0.524,0.7,0.7,0.524,0.276,0.1,-0.05
157,8,0.638,0.674,0.638,0.55,0.462,0.426,0.462,0.95
158,8,1.0,0.824,0.576,0.4,0.4,0.576,0.824,1.0
159,,0.85,0.674,0.426,0.25,0.25,0.426,0.674,0.85
160,,0.7,0.524,0.276,0.1,0.1,0.276,0.524,0.7
161,,0.55,0.374,0.126,-0.05,-0.05,0.126,0.374,0.55
162,5,0.4,0.312,0.276,0.312,0.95,0.488,0.524,0.488
163,5,0.25,0.25,0.426,0.674,1.0,0.85,0.674,0.426
164,,0.1,0.1,0.276,0.524,0.85,0.7,0.524,0.276
165,,-0.05,-0.05,0.126,0.374,0.7,0.55,0.374,0.126
166,1,0.95,0.312,0.276,0.312,0.55,0.488,0.524,0.488
167,1,1.0,0.674,0.426,0.25,0.4,0.426,0.674,0.85
168,,0.85,0.524,0.276,0.1,0.25,0.276,0.524,0.7
169,,0.7,0.374,0.126,-0.05,0.1,0.126,0.374,0.55
170,4,0.638,0.524,0.488,0.95,0.462,0.276,0.312,0.4
171,4,0.576,0.674,0.85,1.0,0.824,0.426,0.25,0.25
172,,0.426,0.524,0.7,0.85,0.674,0.276,0.1,0.1
173,,0.276,0.374,0.55,0.7,0.524,0.126,-0.05,-0.05
174,8,0.638,0.524,0.488,0.55,0.462,0.276,0.312,0.95
175,8,1.0,0.674,0.426,0.4,0.4,0.426,0.674,1.0
176,,0.85,0.524,0.276,0.25,0.25,0.276,0.524,0.85
177,,0.7,0.374,0.126,0.1,0.1,0.126,0.374,0.7
178,,0.55,0.224,-0.024,-0.05,-0.05,-0.024,0.224,0.55
179,4,0.488,0.374,0.338,0.95,0.312,0.126,0.162,0.4
180,4,0.426,0.524,0.7,1.0,0.674,0.276,0.1,0.25
181,,0.276,0.374,0.55,0.85,0.524,0.126,-0.05,0.1
182,7,0.426,0.312,0.4,0.788,0.674,0.488,0.95,0.462
183,7,0.576,0.25,0.25,0.726,0.824,0.85,1.0,0.824
184,,0.426,0.1,0.1,0.576,0.674,0.7,0.85,0.674
185,,0.276,-0.05,-0.05,0.426,0.524,0.55,0.7,0.524
186,3,0.426,0.312,0.95,0.788,0.674,0.488,0.55,0.462
187,3,0.576,0.674,1.0,1.0,0.824,0.426,0.4,0.4
188,,0.426,0.524,0.85,0.85,0.674,0.276,0.25,0.25
189,,0.276,0.374,0.7,0.7,0.524,0.126,0.1,0.1
190,,0.126,0.224,0.55,0.55,0.374,-0.024,-0.05,-0.05
191,8,0.488,0.374,0.488,0.4,0.312,0.126,0.312,0.95
192,8,0.85,0.524,0.426,0.25,0.25,0.276,0.674,1.0
193,,0.7,0.374,0.276,0.1,0.1,0.126,0.524,0.85
194,,0.55,0.224,0.126,-0.05,-0.05,-0.024,0.374,0.7
195,4,0.488,0.374,0.488,0.95,0.312,0.126,0.312,0.55
196,4,0.426,0.524,0.85,1.0,0.674,0.276,0.25,0.4
197,,0.276,0.374,0.7,0.85,0.524,0.126,0.1,0.25
198,,0.126,0.224,0.55,0.7,0.374,-0.024,-0.05,0.1
199,7,0.276,0.162,0.4,0.638,0.524,0.338,0.95,0.462
200,7,0.426,0.1,0.25,0.576,0.674,0.7,1.0,0.824
201,,0.276,-0.05,0.1,0.426,0.524,0.55,0.85,0.674
202,2,0.638,0.95,0.462,0.576,0.462,0.4,0.788,0.824
203,2,1.0,1.0,0.824,0.726,0.4,0.25,0.726,0.974
204,,0.85,0.85,0.674,0.576,0.25,0.1,0.576,0.824
205,,0.7,0.7,0.524,0.426,0.1,-0.05,0.426,0.674
206,6,0.638,0.55,0.462,0.576,0.462,0.95,0.788,0.824
207,6,0.576,0.4,0.4,0.726,0.824,1.0,1.0,0.974
208,,0.426,0.25,0.25,0.576,0.674,0.85,0.85,0.824
209,,0.276,0.1,0.1,0.426,0.524,0.7,0.7,0.674
210,,0.126,-0.05,-0.05,0.276,0.374,0.55,0.55,0.524
211,3,0.276,0.312,0.95,0.638,0.524,0.488,0.4,0.462
212,3,0.426,0.674,1.0,1.0,0.674,0.426,0.25,0.4
213,,0.276,0.524,0.85,0.85,0.524,0.276,0.1,0.25
214,,0.126,0.374,0.7,0.7,0.374,0.126,-0.05,0.1
215,7,0.276,0.312,0.55,0.638,0.524,0.488,0.95,0.462
216,7,0.426,0.25,0.4,0.576,0.674,0.85,1.0,0.824
217,,0.276,0.1,0.25,0.426,0.524,0.7,0.85,0.674
218,,0.126,-0.05,0.1,0.276,0.374,0.55,0.7,0.524
219,2,0.488,0.95,0.462,0.426,0.312,0.4,0.638,0.674
220,2,0.85,1.0,0.824,0.576,0.25,0.25,0.576,0.824
221,,0.7,0.85,0.674,0.426,0.1,0.1,0.426,0.674
222,,0.55,0.7,0.524,0.276,-0.05,-0.05,0.276,0.524
223,5,0.4,0.638,0.674,0.638,0.95,0.312,0.426,0.462
224,5,0.25,0.576,0.824,1.0,1.0,0.674,0.576,0.4
225,,0.1,0.426,0.674,0.85,0.85,0.524,0.426,0.25
226,,-0.05,0.276,0.524,0.7,0.7,0.374,0.276,0.1
227,1,0.95,0.638,0.674,0.638,0.55,0.312,0.426,0.462
228,1,1.0,1.0,0.824,0.576,0.4,0.25,0.576,0.824
229,,0.85,0.85,0.674,0.426,0.25,0.1,0.426,0.674
230,,0.7,0.7,0.524,0.276,0.1,-0.05,0.276,0.524
231,6,0.638,0.55,0.462,0.426,0.462,0.95,0.638,0.674
232,6,0.576,0.4,0.4,0.576,0.824,1.0,1.0,0.824
233,,0.426,0.25,0.25,0.426,0.674,0.85,0.85,0.674
234,,0.276,0.1,0.1,0.276,0.524,0.7,0.7,0.524
235,,0.126,-0.05,-0.05,0.126,0.374,0.55,0.55,0.374
236,3,0.276,0.312,0.95,0.488,0.524,0.488,0.4,0.312
237,3,0.426,0.674,1.0,0.85,0.674,0.426,0.25,0.25
238,,0.276,0.524,0.85,0.7,0.524,0.276,0.1,0.1
239,,0.126,0.374,0.7,0.55,0.374,0.126,-0.05,-0.05
240,7,0.276,0.312,0.55,0.488,0.524,0.488,0.95,0.312
241,7,0.426,0.25,0.4,0.426,0.674,0.85,1.0,0.674
242,,0.276,0.1,0.25,0.276,0.524,0.7,0.85,0.524
243,,0.126,-0.05,0.1,0.126,0.374,0.55,0.7,0.374
244,2,0.488,0.95,0.462,0.276,0.312,0.4,0.638,0.524
245,2,0.85,1.0,0.824,0.426,0.25,0.25,0.576,0.674
246,,0.7,0.85,0.674,0.276,0.1,0.1,0.426,0.524
247,,0.55,0.7,0.524,0.126,-0.05,-0.05,0.276,0.374
248,5,0.4,0.638,0.674,0.488,0.95,0.312,0.426,0.312
249,5,0.25,0.576,0.824,0.85,1.0,0.674,0.576,0.25
250,,0.1,0.426,0.674,0.7,0.85,0.524,0.426,0.1
251,,-0.05,0.276,0.524,0.55,0.7,0.374,0.276,-0.05
252,8,0.312,0.426,0.462,0.4,0.638,0.524,0.638,0.95
253,8,0.674,0.576,0.4,0.25,0.576,0.674,1.0,1.0
254,,0.524,0.426,0.25,0.1,0.426,0.524,0.85,0.85
255,,0.374,0.276,0.1,-0.05,0.276,0.374,0.7,0.7
256,4,0.312,0.426,0.462,0.95,0.638,0.524,0.638,0.55
257,4,0.25,0.576,0.824,1.0,1.0,0.674,0.576,0.4
258,,0.1,0.426,0.674,0.85,0.85,0.524,0.426,0.25
259,,-0.05,0.276,0.524,0.7,0.7,0.374,0.276,0.1
260,1,0.95,0.638,0.674,0.638,0.55,0.312,0.426,0.462
261,1,1.0,1.0,0.824,0.576,0.4,0.25,0.576,0.824
262,,0.85,0.85,0.674,0.426,0.25,0.1,0.426,0.674
263,,0.7,0.7,0.524,0.276,0.1,-0.05,0.276,0.524
264,6,0.638,0.55,0.462,0.426,0.462,0.95,0.638,0.674
265,6,0.576,0.4,0.4,0.576,0.824,1.0,1.0,0.824
266,,0.426,0.25,0.25,0.426,0.674,0.85,0.85,0.674
267,,0.276,0.1,0.1,0.276,0.524,0.7,0.7,0.524
268,,0.126,-0.05,-0.05,0.126,0.374,0.55,0.55,0.374
269,2,0.488,0.95,0.312,0.276,0.312,0.4,0.488,0.524
270,2,0.85,1.0,0.674,0.426,0.25,0.25,0.426,0.674
271,,0.7,0.85,0.524,0.276,0.1,0.1,0.276,0.524
272,,0.55,0.7,0.374,0.126,-0.05,-0.05,0.126,0.374
273,5,0.4,0.638,0.524,0.488,0.95,0.312,0.276,0.312
274,5,0.25,0.576,0.674,0.85,1.0,0.674,0.426,0.25
275,,0.1,0.426,0.524,0.7,0.85,0.524,0.276,0.1
276,,-0.05,0.276,0.374,0.55,0.7,0.374,0.126,-0.05
277,8,0.312,0.426,0.312,0.4,0.638,0.524,0.488,0.95
278,8,0.674,0.576,0.25,0.25,0.576,0.674,0.85,1.0
279,,0.524,0.426,0.1,0.1,0.426,0.524,0.7,0.85
280,,0.374,0.276,-0.05,-0.05,0.276,0.374,0.55,0.7
281,3,0.524,0.638,0.95,0.312,0.426,0.312,0.4,0.638
282,3,0.674,1.0,1.0,0.674,0.576,0.25,0.25,0.576
283,,0.524,0.85,0.85,0.524,0.426,0.1,0.1,0.426
284,,0.374,0.7,0.7,0.374,0.276,-0.05,-0.05,0.276
285,6,0.312,0.55,0.638,0.524,0.638,0.95,0.312,0.426
286,6,0.25,0.4,0.576,0.674,1.0,1.0,0.674,0.576
287,,0.1,0.25,0.426,0.524,0.85,0.85,0.524,0.426
288,,-0.05,0.1,0.276,0.374,0.7,0.7,0.374,0.276
289,1,0.95,0.462,0.426,0.312,0.55,0.638,0.524,0.638
290,1,1.0,0.824,0.576,0.25,0.4,0.576,0.674,1.0
291,,0.85,0.674,0.426,0.1,0.25,0.426,0.524,0.85
292,,0.7,0.524,0.276,-0.05,0.1,0.276,0.374,0.7
293,4,0.638,0.674,0.638,0.95,0.462,0.426,0.312,0.55
294,4,0.576,0.824,1.0,1.0,0.824,0.576,0.25,0.4
295,,0.426,0.674,0.85,0.85,0.674,0.426,0.1,0.25
296,,0.276,0.524,0.7,0.7,0.524,0.276,-0.05,0.1
297,7,0.426,0.462,0.55,0.638,0.674,0.638,0.95,0.462
298,7,0.576,0.4,0.4,0.576,0.824,1.0,1.0,0.824
299,,0.426,0.25,0.25,0.426,0.674,0.85,0.85,0.674
300,,0.276,0.1,0.1,0.276,0.524,0.7,0.7,0.524
301,,0.126,-0.05,-0.05,0.126,0.374,0.55,0.55,0.374
302,3,0.276,0.312,0.95,0.488,0.524,0.488,0.4,0.312
303,3,0.426,0.674,1.0,0.85,0.674,0.426,0.25,0.25
304,,0.276,0.524,0.85,0.7,0.524,0.276,0.1,0.1
305,,0.126,0.374,0.7,0.55,0.374,0.126,-0.05,-0.05
306,8,0.488,0.524,0.638,0.4,0.312,0.276,0.312,0.95
307,8,0.85,0.674,0.576,0.25,0.25,0.426,0.674,1.0
308,,0.7,0.524,0.426,0.1,0.1,0.276,0.524,0.85
309,,0.55,0.374,0.276,-0.05,-0.05,0.126,0.374,0.7
310,4,0.488,0.524,0.638,0.95,0.312,0.276,0.312,0.55
311,4,0.426,0.674,1.0,1.0,0.674,0.426,0.25,0.4
312,,0.276,0.524,0.85,0.85,0.524,0.276,0.1,0.25
313,,0.126,0.374,0.7,0.7,0.374,0.126,-0.05,0.1
314,7,0.276,0.312,0.55,0.638,0.524,0.488,0.95,0.462
315,7,0.426,0.25,0.4,0.576,0.674,0.85,1.0,0.824
316,,0.276,0.1,0.25,0.426,0.524,0.7,0.85,0.674
317,,0.126,-0.05,0.1,0.276,0.374,0.55,0.7,0.524
318,2,0.488,0.95,0.462,0.426,0.312,0.4,0.638,0.674
319,2,0.85,1.0,0.824,0.576,0.25,0.25,0.576,0.824
320,,0.7,0.85,0.674,0.426,0.1,0.1,0.426,0.674
321,,0.55,0.7,0.524,0.276,-0.05,-0.05,0.276,0.524
322,5,0.4,0.638,0.674,0.638,0.95,0.312,0.426,0.462
323,5,0.25,0.576,0.824,1.0,1.0,0.674,0.576,0.4
324,,0.1,0.426,0.674,0.85,0.85,0.524,0.426,0.25
325,,-0.05,0.276,0.524,0.7,0.7,0.374,0.276,0.1
326,1,0.95,0.638,0.674,0.638,0.55,0.312,0.426,0.462
327,1,1.0,1.0,0.824,0.576,0.4,0.25,0.576,0.824
328,,0.85,0.85,0.674,0.426,0.25,0.1,0.426,0.674
329,,0.7,0.7,0.524,0.276,0.1,-0.05,0.276,0.524
330,6,0.638,0.55,0.462,0.426,0.462,0.95,0.638,0.674
331,6,0.576,0.4,0.4,0.576,0.824,1.0,1.0,0.824
332,,0.426,0.25,0.25,0.426,0.674,0.85,0.85,0.674
333,,0.276,0.1,0.1,0.276,0.524,0.7,0.7,0.524
334,,0.126,-0.05,-0.05,0.126,0.374,0.55,0.55,0.374
335,3,0.276,0.312,0.95,0.488,0.524,0.488,0.4,0.312
336,3,0.426,0.674,1.0,0.85,0.674,0.426,0.25,0.25
337,,0.276,0.524,0.85,0.7,0.524,0.276,0.1,0.1
338,,0.126,0.374,0.7,0.55,0.374,0.126,-0.05,-0.05
339,8,0.488,0.524,0.638,0.4,0.312,0.276,0.312,0.95
340,8,0.85,0.674,0.576,0.25,0.25,0.426,0.674,1.0
341,,0.7,0.524,0.426,0.1,0.1,0.276,0.524,0.85
342,,0.55,0.374,0.276,-0.05,-0.05,0.126,0.374,0.7
343,4,0.488,0.524,0.638,0.95,0.312,0.276,0.312,0.55
344,4,0.426,0.674,1.0,1.0,0.674,0.426,0.25,0.4
345,,0.276,0.524,0.85,0.85,0.524,0.276,0.1,0.25
346,,0.126,0.374,0.7,0.7,0.374,0.126,-0.05,0.1
347,7,0.276,0.312,0.55,0.638,0.524,0.488,0.95,0.462
348,7,0.426,0.25,0.4,0.576,0.674,0.85,1.0,0.824
349,,0.276,0.1,0.25,0.426,0.524,0.7,0.85,0.674
350,,0.126,-0.05,0.1,0.276,0.374,0.55,0.7,0.524
351,2,0.488,0.95,0.462,0.426,0.312,0.4,0.638,0.674
352,2,0.85,1.0,0.824,0.576,0.25,0.25,0.576,0.824
353,,0.7,0.85,0.674,0.426,0.1,0.1,0.426,0.674
354,,0.55,0.7,0.524,0.276,-0.05,-0.05,0.276,0.524
355,6,0.488,0.55,0.462,0.426,0.312,0.95,0.638,0.674
356,6,0.426,0.4,0.4,0.576,0.674,1.0,1.0,0.824
357,,0.276,0.25,0.25,0.426,0.524,0.85,0.85,0.674
358,,0.126,0.1,0.1,0.276,0.374,0.7,0.7,0.524
359,,-0.024,-0.05,-0.05,0.126,0.224,0.55,0.55,0.374
360,2,0.338,0.95,0.312,0.276,0.162,0.4,0.488,0.524
361,2,0.7,1.0,0.674,0.426,0.1,0.25,0.426,0.674
362,,0.55,0.85,0.524,0.276,-0.05,0.1,0.276,0.524
363,5,0.4,0.788,0.674,0.638,0.95,0.462,0.426,0.462
364,5,0.25,0.726,0.824,1.0,1.0,0.824,0.576,0.4
365,,0.1,0.576,0.674,0.85,0.85,0.674,0.426,0.25
366,,-0.05,0.426,0.524,0.7,0.7,0.524,0.276,0.1
367,1,0.95,0.788,0.674,0.638,0.55,0.462,0.426,0.462
368,1,1.0,1.0,0.824,0.576,0.4,0.4,0.576,0.824
369,,0.85,0.85,0.674,0.426,0.25,0.25,0.426,0.674
370,,0.7,0.7,0.524,0.276,0.1,0.1,0.276,0.524
371,,0.55,0.55,0.374,0.126,-0.05,-0.05,0.126,0.374
372,5,0.4,0.488,0.524,0.488,0.95,0.312,0.276,0.312
373,5,0.25,0.426,0.674,0.85,1.0,0.674,0.426,0.25
374,,0.1,0.276,0.524,0.7,0.85,0.524,0.276,0.1
375,,-0.05,0.126,0.374,0.55,0.7,0.374,0.126,-0.05
376,1,0.95,0.488,0.524,0.488,0.55,0.312,0.276,0.312
377,1,1.0,0.85,0.674,0.426,0.4,0.25,0.426,0.674
378,,0.85,0.7,0.524,0.276,0.25,0.1,0.276,0.524
379,,0.7,0.55,0.374,0.126,0.1,-0.05,0.126,0.374
380,6,0.638,0.4,0.312,0.276,0.462,0.95,0.488,0.524
381,6,0.576,0.25,0.25,0.426,0.824,1.0,0.85,0.674
382,,0.426,0.1,0.1,0.276,0.674,0.85,0.7,0.524
383,,0.276,-0.05,-0.05,0.126,0.524,0.7,0.55,0.374
384,2,0.638,0.95,0.312,0.276,0.462,0.55,0.488,0.524
385,2,1.0,1.0,0.674,0.426,0.4,0.4,0.426,0.674
386,,0.85,0.85,0.524,0.276,0.25,0.25,0.276,0.524
387,,0.7,0.7,0.374,0.126,0.1,0.1,0.126,0.374
388,,0.55,0.55,0.224,-0.024,-0.05,-0.05,-0.024,0.224
389,5,0.4,0.488,0.374,0.338,0.95,0.312,0.126,0.162
390,5,0.25,0.426,0.524,0.7,1.0,0.674,0.276,0.1
391,,0.1,0.276,0.374,0.55,0.85,0.524,0.126,-0.05
392,8,0.462,0.426,0.312,0.4,0.788,0.674,0.488,0.95
393,8,0.824,0.576,0.25,0.25,0.726,0.824,0.85,1.0
394,,0.674,0.426,0.1,0.1,0.576,0.674,0.7,0.85
395,,0.524,0.276,-0.05,-0.05,0.426,0.524,0.55,0.7
396,4,0.462,0.426,0.312,0.95,0.788,0.674,0.488,0.55
397,4,0.4,0.576,0.674,1.0,1.0,0.824,0.426,0.4
398,,0.25,0.426,0.524,0.85,0.85,0.674,0.276,0.25
399,,0.1,0.276,0.374,0.7,0.7,0.524,0.126,0.1
400,,-0.05,0.126,0.224,0.55,0.55,0.374,-0.024,-0.05
401,8,0.312,0.276,0.162,0.4,0.488,0.524,0.338,0.95
402,8,0.674,0.426,0.1,0.25,0.426,0.674,0.7,1.0
403,,0.524,0.276,-0.05,0.1,0.276,0.524,0.55,0.85
404,3,0.674,0.638,0.95,0.462,0.426,0.462,0.4,0.788
405,3,0.824,1.0,1.0,0.824,0.576,0.4,0.25,0.726
406,,0.674,0.85,0.85,0.674,0.426,0.25,0.1,0.576
407,,0.524,0.7,0.7,0.524,0.276,0.1,-0.05,0.426
408,7,0.674,0.638,0.55,0.462,0.426,0.462,0.95,0.788
409,7,0.824,0.576,0.4,0.4,0.576,0.824,1.0,1.0
410,,0.674,0.426,0.25,0.25,0.426,0.674,0.85,0.85
411,,0.524,0.276,0.1,0.1,0.276,0.524,0.7,0.7
412,,0.374,0.126,-0.05,-0.05,0.126,0.374,0.55,0.55
413,4,0.312,0.276,0.312,0.95,0.488,0.524,0.488,0.4
414,4,0.25,0.426,0.674,1.0,0.85,0.674,0.426,0.25
415,,0.1,0.276,0.524,0.85,0.7,0.524,0.276,0.1
416,,-0.05,0.126,0.374,0.7,0.55,0.374,0.126,-0.05
417,8,0.312,0.276,0.312,0.55,0.488,0.524,0.488,0.95
418,8,0.674,0.426,0.25,0.4,0.426,0.674,0.85,1.0
419,,0.524,0.276,0.1,0.25,0.276,0.524,0.7,0.85
420,,0.374,0.126,-0.05,0.1,0.126,0.374,0.55,0.7
421,3,0.524,0.488,0.95,0.462,0.276,0.312,0.4,0.638
422,3,0.674,0.85,1.0,0.824,0.426,0.25,0.25,0.576
423,,0.524,0.7,0.85,0.674,0.276,0.1,0.1,0.426
424,,0.374,0.55,0.7,0.524,0.126,-0.05,-0.05,0.276
425,6,0.312,0.4,0.638,0.674,0.488,0.95,0.312,0.426
426,6,0.25,0.25,0.576,0.824,0.85,1.0,0.674,0.576
427,,0.1,0.1,0.426,0.674,0.7,0.85,0.524,0.426
428,,-0.05,-0.05,0.276,0.524,0.55,0.7,0.374,0.276
429,1,0.95,0.312,0.426,0.462,0.4,0.638,0.524,0.638
430,1,1.0,0.674,0.576,0.4,0.25,0.576,0.674,1.0
431,,0.85,0.524,0.426,0.25,0.1,0.426,0.524,0.85
432,,0.7,0.374,0.276,0.1,-0.05,0.276,0.374,0.7
433,5,0.55,0.312,0.426,0.462,0.95,0.638,0.524,0.638
434,5,0.4,0.25,0.576,0.824,1.0,1.0,0.674,0.576
435,,0.25,0.1,0.426,0.674,0.85,0.85,0.524,0.426
436,,0.1,-0.05,0.276,0.524,0.7,0.7,0.374,0.276
437,2,0.462,0.95,0.638,0.674,0.638,0.55,0.312,0.426
438,2,0.824,1.0,1.0,0.824,0.576,0.4,0.25,0.576
439,,0.674,0.85,0.85,0.674,0.426,0.25,0.1,0.426
440,,0.524,0.7,0.7,0.524,0.276,0.1,-0.05,0.276
441,7,0.674,0.638,0.55,0.462,0.426,0.462,0.95,0.638
442,7,0.824,0.576,0.4,0.4,0.576,0.824,1.0,1.0
443,,0.674,0.426,0.25,0.25,0.426,0.674,0.85,0.85
444,,0.524,0.276,0.1,0.1,0.276,0.524,0.7,0.7
445,,0.374,0.126,-0.05,-0.05,0.126,0.374,0.55,0.55
446,3,0.524,0.488,0.95,0.312,0.276,0.312,0.4,0.488
447,3,0.674,0.85,1.0,0.674,0.426,0.25,0.25,0.426
448,,0.524,0.7,0.85,0.524,0.276,0.1,0.1,0.276
449,,0.374,0.55,0.7,0.374,0.126,-0.05,-0.05,0.126
450,6,0.312,0.4,0.638,0.524,0.488,0.95,0.312,0.276
451,6,0.25,0.25,0.576,0.674,0.85,1.0,0.674,0.426
452,,0.1,0.1,0.426,0.524,0.7,0.85,0.524,0.276
453,,-0.05,-0.05,0.276,0.374,0.55,0.7,0.374,0.126
454,2,0.312,0.95,0.638,0.524,0.488,0.55,0.312,0.276
455,2,0.674,1.0,1.0,0.674,0.426,0.4,0.25,0.426
456,,0.524,0.85,0.85,0.524,0.276,0.25,0.1,0.276
457,,0.374,0.7,0.7,0.374,0.126,0.1,-0.05,0.126
458,7,0.524,0.638,0.55,0.312,0.276,0.462,0.95,0.488
459,7,0.674,0.576,0.4,0.25,0.426,0.824,1.0,0.85
460,,0.524,0.426,0.25,0.1,0.276,0.674,0.85,0.7
461,,0.374,0.276,0.1,-0.05,0.126,0.524,0.7,0.55
462,4,0.312,0.426,0.462,0.95,0.488,0.674,0.638,0.4
463,4,0.25,0.576,0.824,1.0,0.85,0.824,0.576,0.25
464,,0.1,0.426,0.674,0.85,0.7,0.674,0.426,0.1
465,,-0.05,0.276,0.524,0.7,0.55,0.524,0.276,-0.05
466,1,0.95,0.638,0.674,0.638,0.4,0.462,0.426,0.312
467,1,1.0,1.0,0.824,0.576,0.25,0.4,0.576,0.674
468,,0.85,0.85,0.674,0.426,0.1,0.25,0.426,0.524
469,,0.7,0.7,0.524,0.276,-0.05,0.1,0.276,0.374
470,5,0.55,0.638,0.674,0.638,0.95,0.462,0.426,0.312
471,5,0.4,0.576,0.824,1.0,1.0,0.824,0.576,0.25
472,,0.25,0.426,0.674,0.85,0.85,0.674,0.426,0.1
473,,0.1,0.276,0.524,0.7,0.7,0.524,0.276,-0.05
474,8,0.462,0.426,0.462,0.55,0.638,0.674,0.638,0.95
475,8,0.824,0.576,0.4,0.4,0.576,0.824,1.0,1.0
476,,0.674,0.426,0.25,0.25,0.426,0.674,0.85,0.85
477,,0.524,0.276,0.1,0.1,0.276,0.524,0.7,0.7
478,,0.374,0.126,-0.05,-0.05,0.126,0.374,0.55,0.55
479,3,0.524,0.488,0.95,0.312,0.276,0.312,0.4,0.488
480,3,0.674,0.85,1.0,0.674,0.426,0.25,0.25,0.426
481,,0.524,0.7,0.85,0.524,0.276,0.1,0.1,0.276
482,,0.374,0.55,0.7,0.374,0.126,-0.05,-0.05,0.126
483,7,0.524,0.488,0.55,0.312,0.276,0.312,0.95,0.488
484,7,0.674,0.426,0.4,0.25,0.426,0.674,1.0,0.85
485,,0.524,0.276,0.25,0.1,0.276,0.524,0.85,0.7
486,,0.374,0.126,0.1,-0.05,0.126,0.374,0.7,0.55
487,4,0.312,0.276,0.462,0.95,0.488,0.524,0.638,0.4
488,4,0.25,0.426,0.824,1.0,0.85,0.674,0.576,0.25
489,,0.1,0.276,0.674,0.85,0.7,0.524,0.426,0.1
490,,-0.05,0.126,0.524,0.7,0.55,0.374,0.276,-0.05
491,8,0.312,0.276,0.462,0.55,0.488,0.524,0.638,0.95
492,8,0.674,0.426,0.4,0.4,0.426,0.674,1.0,1.0
493,,0.524,0.276,0.25,0.25,0.276,0.524,0.85,0.85
494,,0.374,0.126,0.1,0.1,0.126,0.374,0.7,0.7
495,,0.224,-0.024,-0.05,-0.05,-0.024,0.224,0.55,0.55
496,4,0.162,0.126,0.312,0.95,0.338,0.374,0.488,0.4
497,4,0.1,0.276,0.674,1.0,0.7,0.524,0.426,0.25
498,,-0.05,0.126,0.524,0.85,0.55,0.374,0.276,0.1
499,1,0.95,0.488,0.674,0.788,0.4,0.312,0.426,0.462
