step,active_motive,motive_1,motive_2,motive_3,motive_4,motive_5,motive_6,motive_7,motive_8
0,,0.24695,0.08941,0.18323,0.37209,0.36047,0.15403,0.27127,0.25441
1,,0.22695,0.06941,0.16323,0.35209,0.34047,0.13403,0.25127,0.23441
2,,0.20695,0.04941,0.14323,0.33209,0.32047,0.11403,0.23127,0.21441
3,,0.18695,0.02941,0.12323,0.31209,0.30047,0.09403,0.21127,0.19441
4,,0.16695,0.00941,0.10323,0.29209,0.28047,0.07403,0.19127,0.17441
5,,0.14695,-0.01059,0.08323,0.27209,0.26047,0.05403,0.17127,0.15441
6,2,0.29795,0.98941,0.23423,0.35209,0.26947,0.03403,0.18027,0.23441
7,2,0.44895,1.0,0.38523,0.43209,0.27847,0.01403,0.18927,0.31441
8,,0.42895,0.98,0.36523,0.41209,0.25847,-0.00597,0.16927,0.29441
9,6,0.43795,0.96,0.37423,0.49209,0.40947,0.99403,0.32027,0.37441
10,6,0.44695,0.94,0.38323,0.57209,0.56047,1.0,0.47127,0.45441
11,,0.42695,0.92,0.36323,0.55209,0.54047,0.98,0.45127,0.43441
12,,0.40695,0.9,0.34323,0.53209,0.52047,0.96,0.43127,0.41441
13,,0.38695,0.88,0.32323,0.51209,0.50047,0.94,0.41127,0.39441
14,,0.36695,0.86,0.30323,0.49209,0.48047,0.92,0.39127,0.37441
15,,0.34695,0.84,0.28323,0.47209,0.46047,0.9,0.37127,0.35441
16,,0.32695,0.82,0.26323,0.45209,0.44047,0.88,0.35127,0.33441
17,,0.30695,0.8,0.24323,0.43209,0.42047,0.86,0.33127,0.31441
18,,0.28695,0.78,0.22323,0.41209,0.40047,0.84,0.31127,0.29441
19,,0.26695,0.76,0.20323,0.39209,0.38047,0.82,0.29127,0.27441
20,,0.24695,0.74,0.18323,0.37209,0.36047,0.8,0.27127,0.25441
21,,0.22695,0.72,0.16323,0.35209,0.34047,0.78,0.25127,0.23441
22,,0.20695,0.7,0.14323,0.33209,0.32047,0.76,0.23127,0.21441
23,,0.18695,0.68,0.12323,0.31209,0.30047,0.74,0.21127,0.19441
24,,0.16695,0.66,0.10323,0.29209,0.28047,0.72,0.19127,0.17441
25,,0.14695,0.64,0.08323,0.27209,0.26047,0.7,0.17127,0.15441
26,,0.12695,0.62,0.06323,0.25209,0.24047,0.68,0.15127,0.13441
27,,0.10695,0.6,0.04323,0.23209,0.22047,0.66,0.13127,0.11441
28,,0.08695,0.58,0.02323,0.21209,0.20047,0.64,0.11127,0.09441
29,,0.06695,0.56,0.00323,0.19209,0.18047,0.62,0.09127,0.07441
30,,0.04695,0.54,-0.01677,0.17209,0.16047,0.6,0.07127,0.05441
31,3,0.12695,0.691,0.98323,0.32309,0.24047,0.609,0.05127,0.06341
32,3,0.20695,0.842,1.0,0.47409,0.32047,0.618,0.03127,0.07241
33,,0.18695,0.822,0.98,0.45409,0.30047,0.598,0.01127,0.05241
34,,0.16695,0.802,0.96,0.43409,0.28047,0.578,-0.00873,0.03241
35,7,0.24695,0.811,0.94,0.44309,0.36047,0.729,0.99127,0.18341
36,7,0.32695,0.82,0.92,0.45209,0.44047,0.88,1.0,0.33441
37,,0.30695,0.8,0.9,0.43209,0.42047,0.86,0.98,0.31441
38,,0.28695,0.78,0.88,0.41209,0.40047,0.84,0.96,0.29441
39,,0.26695,0.76,0.86,0.39209,0.38047,0.82,0.94,0.27441
40,,0.24695,0.74,0.84,0.37209,0.36047,0.8,0.92,0.25441
41,,0.22695,0.72,0.82,0.35209,0.34047,0.78,0.9,0.23441
42,,0.20695,0.7,0.8,0.33209,0.32047,0.76,0.88,0.21441
43,,0.18695,0.68,0.78,0.31209,0.30047,0.74,0.86,0.19441
44,,0.16695,0.66,0.76,0.29209,0.28047,0.72,0.84,0.17441
45,,0.14695,0.64,0.74,0.27209,0.26047,0.7,0.82,0.15441
46,,0.12695,0.62,0.72,0.25209,0.24047,0.68,0.8,0.13441
47,,0.10695,0.6,0.7,0.23209,0.22047,0.66,0.78,0.11441
48,,0.08695,0.58,0.68,0.21209,0.20047,0.64,0.76,0.09441
49,,0.06695,0.56,0.66,0.19209,0.18047,0.62,0.74,0.07441
50,,0.04695,0.54,0.64,0.17209,0.16047,0.6,0.72,0.05441
51,,0.02695,0.52,0.62,0.15209,0.14047,0.58,0.7,0.03441
52,,0.00695,0.5,0.6,0.13209,0.12047,0.56,0.68,0.01441
53,,-0.01305,0.48,0.58,0.11209,0.10047,0.54,0.66,-0.00559
54,1,0.98695,0.631,0.66,0.12109,0.08047,0.549,0.74,0.14541
55,1,1.0,0.782,0.74,0.13009,0.06047,0.558,0.82,0.29641
56,,0.98,0.762,0.72,0.11009,0.04047,0.538,0.8,0.27641
57,,0.96,0.742,0.7,0.09009,0.02047,0.518,0.78,0.25641
58,,0.94,0.722,0.68,0.07009,0.00047,0.498,0.76,0.23641
59,,0.92,0.702,0.66,0.05009,-0.01953,0.478,0.74,0.21641
60,5,0.9,0.711,0.74,0.20109,0.98047,0.629,0.82,0.22541
61,5,0.88,0.72,0.82,0.35209,1.0,0.78,0.9,0.23441
62,,0.86,0.7,0.8,0.33209,0.98,0.76,0.88,0.21441
63,,0.84,0.68,0.78,0.31209,0.96,0.74,0.86,0.19441
64,,0.82,0.66,0.76,0.29209,0.94,0.72,0.84,0.17441
65,,0.8,0.64,0.74,0.27209,0.92,0.7,0.82,0.15441
66,,0.78,0.62,0.72,0.25209,0.9,0.68,0.8,0.13441
67,,0.76,0.6,0.7,0.23209,0.88,0.66,0.78,0.11441
68,,0.74,0.58,0.68,0.21209,0.86,0.64,0.76,0.09441
69,,0.72,0.56,0.66,0.19209,0.84,0.62,0.74,0.07441
70,,0.7,0.54,0.64,0.17209,0.82,0.6,0.72,0.05441
71,,0.68,0.52,0.62,0.15209,0.8,0.58,0.7,0.03441
72,,0.66,0.5,0.6,0.13209,0.78,0.56,0.68,0.01441
73,,0.64,0.48,0.58,0.11209,0.76,0.54,0.66,-0.00559
74,8,0.791,0.56,0.589,0.09209,0.769,0.62,0.811,0.99441
75,8,0.942,0.64,0.598,0.07209,0.778,0.7,0.962,1.0
76,,0.922,0.62,0.578,0.05209,0.758,0.68,0.942,0.98
77,,0.902,0.6,0.558,0.03209,0.738,0.66,0.922,0.96
78,,0.882,0.58,0.538,0.01209,0.718,0.64,0.902,0.94
79,,0.862,0.56,0.518,-0.00791,0.698,0.62,0.882,0.92
80,4,0.871,0.64,0.669,0.99209,0.849,0.7,0.891,0.9
81,4,0.88,0.72,0.82,1.0,1.0,0.78,0.9,0.88
82,,0.86,0.7,0.8,0.98,0.98,0.76,0.88,0.86
83,,0.84,0.68,0.78,0.96,0.96,0.74,0.86,0.84
84,,0.82,0.66,0.76,0.94,0.94,0.72,0.84,0.82
85,,0.8,0.64,0.74,0.92,0.92,0.7,0.82,0.8
86,,0.78,0.62,0.72,0.9,0.9,0.68,0.8,0.78
87,,0.76,0.6,0.7,0.88,0.88,0.66,0.78,0.76
88,,0.74,0.58,0.68,0.86,0.86,0.64,0.76,0.74
89,,0.72,0.56,0.66,0.84,0.84,0.62,0.74,0.72
90,,0.7,0.54,0.64,0.82,0.82,0.6,0.72,0.7
91,,0.68,0.52,0.62,0.8,0.8,0.58,0.7,0.68
92,,0.66,0.5,0.6,0.78,0.78,0.56,0.68,0.66
93,,0.64,0.48,0.58,0.76,0.76,0.54,0.66,0.64
94,,0.62,0.46,0.56,0.74,0.74,0.52,0.64,0.62
95,,0.6,0.44,0.54,0.72,0.72,0.5,0.62,0.6
96,,0.58,0.42,0.52,0.7,0.7,0.48,0.6,0.58
97,,0.56,0.4,0.5,0.68,0.68,0.46,0.58,0.56
98,,0.54,0.38,0.48,0.66,0.66,0.44,0.56,0.54
99,,0.52,0.36,0.46,0.64,0.64,0.42,0.54,0.52
100,,0.5,0.34,0.44,0.62,0.62,0.4,0.52,0.5
101,,0.48,0.32,0.42,0.6,0.6,0.38,0.5,0.48
102,,0.46,0.3,0.4,0.58,0.58,0.36,0.48,0.46
103,,0.44,0.28,0.38,0.56,0.56,0.34,0.46,0.44
104,,0.42,0.26,0.36,0.54,0.54,0.32,0.44,0.42
105,,0.4,0.24,0.34,0.52,0.52,0.3,0.42,0.4
106,,0.38,0.22,0.32,0.5,0.5,0.28,0.4,0.38
107,,0.36,0.2,0.3,0.48,0.48,0.26,0.38,0.36
108,,0.34,0.18,0.28,0.46,0.46,0.24,0.36,0.34
109,,0.32,0.16,0.26,0.44,0.44,0.22,0.34,0.32
110,,0.3,0.14,0.24,0.42,0.42,0.2,0.32,0.3
111,,0.28,0.12,0.22,0.4,0.4,0.18,0.3,0.28
112,,0.26,0.1,0.2,0.38,0.38,0.16,0.28,0.26
113,,0.24,0.08,0.18,0.36,0.36,0.14,0.26,0.24
114,,0.22,0.06,0.16,0.34,0.34,0.12,0.24,0.22
115,,0.2,0.04,0.14,0.32,0.32,0.1,0.22,0.2
116,,0.18,0.02,0.12,0.3,0.3,0.08,0.2,0.18
117,,0.16,0.0,0.1,0.28,0.28,0.06,0.18,0.16
118,,0.14,-0.02,0.08,0.26,0.26,0.04,0.16,0.14
119,2,0.291,0.98,0.231,0.34,0.269,0.02,0.169,0.22
120,2,0.442,1.0,0.382,0.42,0.278,0.0,0.178,0.3
121,,0.422,0.98,0.362,0.4,0.258,-0.02,0.158,0.28
122,6,0.431,0.96,0.371,0.48,0.409,0.98,0.309,0.36
123,6,0.44,0.94,0.38,0.56,0.56,1.0,0.46,0.44
124,,0.42,0.92,0.36,0.54,0.54,0.98,0.44,0.42
125,,0.4,0.9,0.34,0.52,0.52,0.96,0.42,0.4
126,,0.38,0.88,0.32,0.5,0.5,0.94,0.4,0.38
127,,0.36,0.86,0.3,0.48,0.48,0.92,0.38,0.36
128,,0.34,0.84,0.28,0.46,0.46,0.9,0.36,0.34
129,,0.32,0.82,0.26,0.44,0.44,0.88,0.34,0.32
130,,0.3,0.8,0.24,0.42,0.42,0.86,0.32,0.3
131,,0.28,0.78,0.22,0.4,0.4,0.84,0.3,0.28
132,,0.26,0.76,0.2,0.38,0.38,0.82,0.28,0.26
133,,0.24,0.74,0.18,0.36,0.36,0.8,0.26,0.24
134,,0.22,0.72,0.16,0.34,0.34,0.78,0.24,0.22
135,,0.2,0.7,0.14,0.32,0.32,0.76,0.22,0.2
136,,0.18,0.68,0.12,0.3,0.3,0.74,0.2,0.18
137,,0.16,0.66,0.1,0.28,0.28,0.72,0.18,0.16
138,,0.14,0.64,0.08,0.26,0.26,0.7,0.16,0.14
139,,0.12,0.62,0.06,0.24,0.24,0.68,0.14,0.12
140,,0.1,0.6,0.04,0.22,0.22,0.66,0.12,0.1
141,,0.08,0.58,0.02,0.2,0.2,0.64,0.1,0.08
142,,0.06,0.56,0.0,0.18,0.18,0.62,0.08,0.06
143,,0.04,0.54,-0.02,0.16,0.16,0.6,0.06,0.04
144,3,0.12,0.691,0.98,0.311,0.24,0.609,0.04,0.049
145,3,0.2,0.842,1.0,0.462,0.32,0.618,0.02,0.058
146,,0.18,0.822,0.98,0.442,0.3,0.598,0.0,0.038
147,,0.16,0.802,0.96,0.422,0.28,0.578,-0.02,0.018
148,7,0.24,0.811,0.94,0.431,0.36,0.729,0.98,0.169
149,7,0.32,0.82,0.92,0.44,0.44,0.88,1.0,0.32
150,,0.3,0.8,0.9,0.42,0.42,0.86,0.98,0.3
151,,0.28,0.78,0.88,0.4,0.4,0.84,0.96,0.28
152,,0.26,0.76,0.86,0.38,0.38,0.82,0.94,0.26
153,,0.24,0.74,0.84,0.36,0.36,0.8,0.92,0.24
154,,0.22,0.72,0.82,0.34,0.34,0.78,0.9,0.22
155,,0.2,0.7,0.8,0.32,0.32,0.76,0.88,0.2
156,,0.18,0.68,0.78,0.3,0.3,0.74,0.86,0.18
157,,0.16,0.66,0.76,0.28,0.28,0.72,0.84,0.16
158,,0.14,0.64,0.74,0.26,0.26,0.7,0.82,0.14
159,,0.12,0.62,0.72,0.24,0.24,0.68,0.8,0.12
160,,0.1,0.6,0.7,0.22,0.22,0.66,0.78,0.1
161,,0.08,0.58,0.68,0.2,0.2,0.64,0.76,0.08
162,,0.06,0.56,0.66,0.18,0.18,0.62,0.74,0.06
163,,0.04,0.54,0.64,0.16,0.16,0.6,0.72,0.04
164,,0.02,0.52,0.62,0.14,0.14,0.58,0.7,0.02
165,,0.0,0.5,0.6,0.12,0.12,0.56,0.68,0.0
166,,-0.02,0.48,0.58,0.1,0.1,0.54,0.66,-0.02
167,8,0.131,0.56,0.589,0.08,0.109,0.62,0.811,0.98
168,8,0.282,0.64,0.598,0.06,0.118,0.7,0.962,1.0
169,,0.262,0.62,0.578,0.04,0.098,0.68,0.942,0.98
170,,0.242,0.6,0.558,0.02,0.078,0.66,0.922,0.96
171,,0.222,0.58,0.538,0.0,0.058,0.64,0.902,0.94
172,,0.202,0.56,0.518,-0.02,0.038,0.62,0.882,0.92
173,4,0.211,0.64,0.669,0.98,0.189,0.7,0.891,0.9
174,4,0.22,0.72,0.82,1.0,0.34,0.78,0.9,0.88
175,,0.2,0.7,0.8,0.98,0.32,0.76,0.88,0.86
176,,0.18,0.68,0.78,0.96,0.3,0.74,0.86,0.84
177,,0.16,0.66,0.76,0.94,0.28,0.72,0.84,0.82
178,,0.14,0.64,0.74,0.92,0.26,0.7,0.82,0.8
179,,0.12,0.62,0.72,0.9,0.24,0.68,0.8,0.78
180,,0.1,0.6,0.7,0.88,0.22,0.66,0.78,0.76
181,,0.08,0.58,0.68,0.86,0.2,0.64,0.76,0.74
182,,0.06,0.56,0.66,0.84,0.18,0.62,0.74,0.72
183,,0.04,0.54,0.64,0.82,0.16,0.6,0.72,0.7
184,,0.02,0.52,0.62,0.8,0.14,0.58,0.7,0.68
185,,0.0,0.5,0.6,0.78,0.12,0.56,0.68,0.66
186,,-0.02,0.48,0.58,0.76,0.1,0.54,0.66,0.64
187,1,0.98,0.631,0.66,0.769,0.08,0.549,0.74,0.791
188,1,1.0,0.782,0.74,0.778,0.06,0.558,0.82,0.942
189,,0.98,0.762,0.72,0.758,0.04,0.538,0.8,0.922
190,,0.96,0.742,0.7,0.738,0.02,0.518,0.78,0.902
191,,0.94,0.722,0.68,0.718,0.0,0.498,0.76,0.882
192,,0.92,0.702,0.66,0.698,-0.02,0.478,0.74,0.862
193,5,0.9,0.711,0.74,0.849,0.98,0.629,0.82,0.871
194,5,0.88,0.72,0.82,1.0,1.0,0.78,0.9,0.88
195,,0.86,0.7,0.8,0.98,0.98,0.76,0.88,0.86
196,,0.84,0.68,0.78,0.96,0.96,0.74,0.86,0.84
197,,0.82,0.66,0.76,0.94,0.94,0.72,0.84,0.82
198,,0.8,0.64,0.74,0.92,0.92,0.7,0.82,0.8
199,,0.78,0.62,0.72,0.9,0.9,0.68,0.8,0.78
200,,0.76,0.6,0.7,0.88,0.88,0.66,0.78,0.76
201,,0.74,0.58,0.68,0.86,0.86,0.64,0.76,0.74
202,,0.72,0.56,0.66,0.84,0.84,0.62,0.74,0.72
203,,0.7,0.54,0.64,0.82,0.82,0.6,0.72,0.7
204,,0.68,0.52,0.62,0.8,0.8,0.58,0.7,0.68
205,,0.66,0.5,0.6,0.78,0.78,0.56,0.68,0.66
206,,0.64,0.48,0.58,0.76,0.76,0.54,0.66,0.64
207,,0.62,0.46,0.56,0.74,0.74,0.52,0.64,0.62
208,,0.6,0.44,0.54,0.72,0.72,0.5,0.62,0.6
209,,0.58,0.42,0.52,0.7,0.7,0.48,0.6,0.58
210,,0.56,0.4,0.5,0.68,0.68,0.46,0.58,0.56
211,,0.54,0.38,0.48,0.66,0.66,0.44,0.56,0.54
212,,0.52,0.36,0.46,0.64,0.64,0.42,0.54,0.52
213,,0.5,0.34,0.44,0.62,0.62,0.4,0.52,0.5
214,,0.48,0.32,0.42,0.6,0.6,0.38,0.5,0.48
215,,0.46,0.3,0.4,0.58,0.58,0.36,0.48,0.46
216,,0.44,0.28,0.38,0.56,0.56,0.34,0.46,0.44
217,,0.42,0.26,0.36,0.54,0.54,0.32,0.44,0.42
218,,0.4,0.24,0.34,0.52,0.52,0.3,0.42,0.4
219,,0.38,0.22,0.32,0.5,0.5,0.28,0.4,0.38
220,,0.36,0.2,0.3,0.48,0.48,0.26,0.38,0.36
221,,0.34,0.18,0.28,0.46,0.46,0.24,0.36,0.34
222,,0.32,0.16,0.26,0.44,0.44,0.22,0.34,0.32
223,,0.3,0.14,0.24,0.42,0.42,0.2,0.32,0.3
224,,0.28,0.12,0.22,0.4,0.4,0.18,0.3,0.28
225,,0.26,0.1,0.2,0.38,0.38,0.16,0.28,0.26
226,,0.24,0.08,0.18,0.36,0.36,0.14,0.26,0.24
227,,0.22,0.06,0.16,0.34,0.34,0.12,0.24,0.22
228,,0.2,0.04,0.14,0.32,0.32,0.1,0.22,0.2
229,,0.18,0.02,0.12,0.3,0.3,0.08,0.2,0.18
230,,0.16,0.0,0.1,0.28,0.28,0.06,0.18,0.16
231,,0.14,-0.02,0.08,0.26,0.26,0.04,0.16,0.14
232,2,0.291,0.98,0.231,0.34,0.269,0.02,0.169,0.22
233,2,0.442,1.0,0.382,0.42,0.278,0.0,0.178,0.3
234,,0.422,0.98,0.362,0.4,0.258,-0.02,0.158,0.28
235,6,0.431,0.96,0.371,0.48,0.409,0.98,0.309,0.36
236,6,0.44,0.94,0.38,0.56,0.56,1.0,0.46,0.44
237,,0.42,0.92,0.36,0.54,0.54,0.98,0.44,0.42
238,,0.4,0.9,0.34,0.52,0.52,0.96,0.42,0.4
239,,0.38,0.88,0.32,0.5,0.5,0.94,0.4,0.38
240,,0.36,0.86,0.3,0.48,0.48,0.92,0.38,0.36
241,,0.34,0.84,0.28,0.46,0.46,0.9,0.36,0.34
242,,0.32,0.82,0.26,0.44,0.44,0.88,0.34,0.32
243,,0.3,0.8,0.24,0.42,0.42,0.86,0.32,0.3
244,,0.28,0.78,0.22,0.4,0.4,0.84,0.3,0.28
245,,0.26,0.76,0.2,0.38,0.38,0.82,0.28,0.26
246,,0.24,0.74,0.18,0.36,0.36,0.8,0.26,0.24
247,,0.22,0.72,0.16,0.34,0.34,0.78,0.24,0.22
248,,0.2,0.7,0.14,0.32,0.32,0.76,0.22,0.2
249,,0.18,0.68,0.12,0.3,0.3,0.74,0.2,0.18
250,,0.16,0.66,0.1,0.28,0.28,0.72,0.18,0.16
251,,0.14,0.64,0.08,0.26,0.26,0.7,0.16,0.14
252,,0.12,0.62,0.06,0.24,0.24,0.68,0.14,0.12
253,,0.1,0.6,0.04,0.22,0.22,0.66,0.12,0.1
254,,0.08,0.58,0.02,0.2,0.2,0.64,0.1,0.08
255,,0.06,0.56,0.0,0.18,0.18,0.62,0.08,0.06
256,,0.04,0.54,-0.02,0.16,0.16,0.6,0.06,0.04
257,3,0.12,0.691,0.98,0.311,0.24,0.609,0.04,0.049
258,3,0.2,0.842,1.0,0.462,0.32,0.618,0.02,0.058
259,,0.18,0.822,0.98,0.442,0.3,0.598,0.0,0.038
260,,0.16,0.802,0.96,0.422,0.28,0.578,-0.02,0.018
261,7,0.24,0.811,0.94,0.431,0.36,0.729,0.98,0.169
262,7,0.32,0.82,0.92,0.44,0.44,0.88,1.0,0.32
263,,0.3,0.8,0.9,0.42,0.42,0.86,0.98,0.3
264,,0.28,0.78,0.88,0.4,0.4,0.84,0.96,0.28
265,,0.26,0.76,0.86,0.38,0.38,0.82,0.94,0.26
266,,0.24,0.74,0.84,0.36,0.36,0.8,0.92,0.24
267,,0.22,0.72,0.82,0.34,0.34,0.78,0.9,0.22
268,,0.2,0.7,0.8,0.32,0.32,0.76,0.88,0.2
269,,0.18,0.68,0.78,0.3,0.3,0.74,0.86,0.18
270,,0.16,0.66,0.76,0.28,0.28,0.72,0.84,0.16
271,,0.14,0.64,0.74,0.26,0.26,0.7,0.82,0.14
272,,0.12,0.62,0.72,0.24,0.24,0.68,0.8,0.12
273,,0.1,0.6,0.7,0.22,0.22,0.66,0.78,0.1
274,,0.08,0.58,0.68,0.2,0.2,0.64,0.76,0.08
275,,0.06,0.56,0.66,0.18,0.18,0.62,0.74,0.06
276,,0.04,0.54,0.64,0.16,0.16,0.6,0.72,0.04
277,,0.02,0.52,0.62,0.14,0.14,0.58,0.7,0.02
278,,0.0,0.5,0.6,0.12,0.12,0.56,0.68,0.0
279,,-0.02,0.48,0.58,0.1,0.1,0.54,0.66,-0.02
280,1,0.98,0.631,0.66,0.109,0.08,0.549,0.74,0.131
281,1,1.0,0.782,0.74,0.118,0.06,0.558,0.82,0.282
282,,0.98,0.762,0.72,0.098,0.04,0.538,0.8,0.262
283,,0.96,0.742,0.7,0.078,0.02,0.518,0.78,0.242
284,,0.94,0.722,0.68,0.058,0.0,0.498,0.76,0.222
285,,0.92,0.702,0.66,0.038,-0.02,0.478,0.74,0.202
286,5,0.9,0.711,0.74,0.189,0.98,0.629,0.82,0.211
287,5,0.88,0.72,0.82,0.34,1.0,0.78,0.9,0.22
288,,0.86,0.7,0.8,0.32,0.98,0.76,0.88,0.2
289,,0.84,0.68,0.78,0.3,0.96,0.74,0.86,0.18
290,,0.82,0.66,0.76,0.28,0.94,0.72,0.84,0.16
291,,0.8,0.64,0.74,0.26,0.92,0.7,0.82,0.14
292,,0.78,0.62,0.72,0.24,0.9,0.68,0.8,0.12
293,,0.76,0.6,0.7,0.22,0.88,0.66,0.78,0.1
294,,0.74,0.58,0.68,0.2,0.86,0.64,0.76,0.08
295,,0.72,0.56,0.66,0.18,0.84,0.62,0.74,0.06
296,,0.7,0.54,0.64,0.16,0.82,0.6,0.72,0.04
297,,0.68,0.52,0.62,0.14,0.8,0.58,0.7,0.02
298,,0.66,0.5,0.6,0.12,0.78,0.56,0.68,0.0
299,,0.64,0.48,0.58,0.1,0.76,0.54,0.66,-0.02
300,8,0.791,0.56,0.589,0.08,0.769,0.62,0.811,0.98
301,8,0.942,0.64,0.598,0.06,0.778,0.7,0.962,1.0
302,,0.922,0.62,0.578,0.04,0.758,0.68,0.942,0.98
303,,0.902,0.6,0.558,0.02,0.738,0.66,0.922,0.96
304,,0.882,0.58,0.538,0.0,0.718,0.64,0.902,0.94
305,,0.862,0.56,0.518,-0.02,0.698,0.62,0.882,0.92
306,4,0.871,0.64,0.669,0.98,0.849,0.7,0.891,0.9
307,4,0.88,0.72,0.82,1.0,1.0,0.78,0.9,0.88
308,,0.86,0.7,0.8,0.98,0.98,0.76,0.88,0.86
309,,0.84,0.68,0.78,0.96,0.96,0.74,0.86,0.84
310,,0.82,0.66,0.76,0.94,0.94,0.72,0.84,0.82
311,,0.8,0.64,0.74,0.92,0.92,0.7,0.82,0.8
312,,0.78,0.62,0.72,0.9,0.9,0.68,0.8,0.78
313,,0.76,0.6,0.7,0.88,0.88,0.66,0.78,0.76
314,,0.74,0.58,0.68,0.86,0.86,0.64,0.76,0.74
315,,0.72,0.56,0.66,0.84,0.84,0.62,0.74,0.72
316,,0.7,0.54,0.64,0.82,0.82,0.6,0.72,0.7
317,,0.68,0.52,0.62,0.8,0.8,0.58,0.7,0.68
318,,0.66,0.5,0.6,0.78,0.78,0.56,0.68,0.66
319,,0.64,0.48,0.58,0.76,0.76,0.54,0.66,0.64
320,,0.62,0.46,0.56,0.74,0.74,0.52,0.64,0.62
321,,0.6,0.44,0.54,0.72,0.72,0.5,0.62,0.6
322,,0.58,0.42,0.52,0.7,0.7,0.48,0.6,0.58
323,,0.56,0.4,0.5,0.68,0.68,0.46,0.58,0.56
324,,0.54,0.38,0.48,0.66,0.66,0.44,0.56,0.54
325,,0.52,0.36,0.46,0.64,0.64,0.42,0.54,0.52
326,,0.5,0.34,0.44,0.62,0.62,0.4,0.52,0.5
327,,0.48,0.32,0.42,0.6,0.6,0.38,0.5,0.48
328,,0.46,0.3,0.4,0.58,0.58,0.36,0.48,0.46
329,,0.44,0.28,0.38,0.56,0.56,0.34,0.46,0.44
330,,0.42,0.26,0.36,0.54,0.54,0.32,0.44,0.42
331,,0.4,0.24,0.34,0.52,0.52,0.3,0.42,0.4
332,,0.38,0.22,0.32,0.5,0.5,0.28,0.4,0.38
333,,0.36,0.2,0.3,0.48,0.48,0.26,0.38,0.36
334,,0.34,0.18,0.28,0.46,0.46,0.24,0.36,0.34
335,,0.32,0.16,0.26,0.44,0.44,0.22,0.34,0.32
336,,0.3,0.14,0.24,0.42,0.42,0.2,0.32,0.3
337,,0.28,0.12,0.22,0.4,0.4,0.18,0.3,0.28
338,,0.26,0.1,0.2,0.38,0.38,0.16,0.28,0.26
339,,0.24,0.08,0.18,0.36,0.36,0.14,0.26,0.24
340,,0.22,0.06,0.16,0.34,0.34,0.12,0.24,0.22
341,,0.2,0.04,0.14,0.32,0.32,0.1,0.22,0.2
342,,0.18,0.02,0.12,0.3,0.3,0.08,0.2,0.18
343,,0.16,0.0,0.1,0.28,0.28,0.06,0.18,0.16
344,,0.14,-0.02,0.08,0.26,0.26,0.04,0.16,0.14
345,2,0.291,0.98,0.231,0.34,0.269,0.02,0.169,0.22
346,2,0.442,1.0,0.382,0.42,0.278,0.0,0.178,0.3
347,,0.422,0.98,0.362,0.4,0.258,-0.02,0.158,0.28
348,6,0.431,0.96,0.371,0.48,0.409,0.98,0.309,0.36
349,6,0.44,0.94,0.38,0.56,0.56,1.0,0.46,0.44
350,,0.42,0.92,0.36,0.54,0.54,0.98,0.44,0.42
351,,0.4,0.9,0.34,0.52,0.52,0.96,0.42,0.4
352,,0.38,0.88,0.32,0.5,0.5,0.94,0.4,0.38
353,,0.36,0.86,0.3,0.48,0.48,0.92,0.38,0.36
354,,0.34,0.84,0.28,0.46,0.46,0.9,0.36,0.34
355,,0.32,0.82,0.26,0.44,0.44,0.88,0.34,0.32
356,,0.3,0.8,0.24,0.42,0.42,0.86,0.32,0.3
357,,0.28,0.78,0.22,0.4,0.4,0.84,0.3,0.28
358,,0.26,0.76,0.2,0.38,0.38,0.82,0.28,0.26
359,,0.24,0.74,0.18,0.36,0.36,0.8,0.26,0.24
360,,0.22,0.72,0.16,0.34,0.34,0.78,0.24,0.22
361,,0.2,0.7,0.14,0.32,0.32,0.76,0.22,0.2
362,,0.18,0.68,0.12,0.3,0.3,0.74,0.2,0.18
363,,0.16,0.66,0.1,0.28,0.28,0.72,0.18,0.16
364,,0.14,0.64,0.08,0.26,0.26,0.7,0.16,0.14
365,,0.12,0.62,0.06,0.24,0.24,0.68,0.14,0.12
366,,0.1,0.6,0.04,0.22,0.22,0.66,0.12,0.1
367,,0.08,0.58,0.02,0.2,0.2,0.64,0.1,0.08
368,,0.06,0.56,0.0,0.18,0.18,0.62,0.08,0.06
369,,0.04,0.54,-0.02,0.16,0.16,0.6,0.06,0.04
370,3,0.12,0.691,0.98,0.311,0.24,0.609,0.04,0.049
371,3,0.2,0.842,1.0,0.462,0.32,0.618,0.02,0.058
372,,0.18,0.822,0.98,0.442,0.3,0.598,0.0,0.038
373,,0.16,0.802,0.96,0.422,0.28,0.578,-0.02,0.018
374,7,0.24,0.811,0.94,0.431,0.36,0.729,0.98,0.169
375,7,0.32,0.82,0.92,0.44,0.44,0.88,1.0,0.32
376,,0.3,0.8,0.9,0.42,0.42,0.86,0.98,0.3
377,,0.28,0.78,0.88,0.4,0.4,0.84,0.96,0.28
378,,0.26,0.76,0.86,0.38,0.38,0.82,0.94,0.26
379,,0.24,0.74,0.84,0.36,0.36,0.8,0.92,0.24
380,,0.22,0.72,0.82,0.34,0.34,0.78,0.9,0.22
381,,0.2,0.7,0.8,0.32,0.32,0.76,0.88,0.2
382,,0.18,0.68,0.78,0.3,0.3,0.74,0.86,0.18
383,,0.16,0.66,0.76,0.28,0.28,0.72,0.84,0.16
384,,0.14,0.64,0.74,0.26,0.26,0.7,0.82,0.14
385,,0.12,0.62,0.72,0.24,0.24,0.68,0.8,0.12
386,,0.1,0.6,0.7,0.22,0.22,0.66,0.78,0.1
387,,0.08,0.58,0.68,0.2,0.2,0.64,0.76,0.08
388,,0.06,0.56,0.66,0.18,0.18,0.62,0.74,0.06
389,,0.04,0.54,0.64,0.16,0.16,0.6,0.72,0.04
390,,0.02,0.52,0.62,0.14,0.14,0.58,0.7,0.02
391,,0.0,0.5,0.6,0.12,0.12,0.56,0.68,0.0
392,,-0.02,0.48,0.58,0.1,0.1,0.54,0.66,-0.02
393,8,0.131,0.56,0.589,0.08,0.109,0.62,0.811,0.98
394,8,0.282,0.64,0.598,0.06,0.118,0.7,0.962,1.0
395,,0.262,0.62,0.578,0.04,0.098,0.68,0.942,0.98
396,,0.242,0.6,0.558,0.02,0.078,0.66,0.922,0.96
397,,0.222,0.58,0.538,0.0,0.058,0.64,0.902,0.94
398,,0.202,0.56,0.518,-0.02,0.038,0.62,0.882,0.92
399,4,0.211,0.64,0.669,0.98,0.189,0.7,0.891,0.9
400,4,0.22,0.72,0.82,1.0,0.34,0.78,0.9,0.88
401,,0.2,0.7,0.8,0.98,0.32,0.76,0.88,0.86
402,,0.18,0.68,0.78,0.96,0.3,0.74,0.86,0.84
403,,0.16,0.66,0.76,0.94,0.28,0.72,0.84,0.82
404,,0.14,0.64,0.74,0.92,0.26,0.7,0.82,0.8
405,,0.12,0.62,0.72,0.9,0.24,0.68,0.8,0.78
406,,0.1,0.6,0.7,0.88,0.22,0.66,0.78,0.76
407,,0.08,0.58,0.68,0.86,0.2,0.64,0.76,0.74
408,,0.06,0.56,0.66,0.84,0.18,0.62,0.74,0.72
409,,0.04,0.54,0.64,0.82,0.16,0.6,0.72,0.7
410,,0.02,0.52,0.62,0.8,0.14,0.58,0.7,0.68
411,,0.0,0.5,0.6,0.78,0.12,0.56,0.68,0.66
412,,-0.02,0.48,0.58,0.76,0.1,0.54,0.66,0.64
413,1,0.98,0.631,0.66,0.769,0.08,0.549,0.74,0.791
414,1,1.0,0.782,0.74,0.778,0.06,0.558,0.82,0.942
415,,0.98,0.762,0.72,0.758,0.04,0.538,0.8,0.922
416,,0.96,0.742,0.7,0.738,0.02,0.518,0.78,0.902
417,,0.94,0.722,0.68,0.718,0.0,0.498,0.76,0.882
418,,0.92,0.702,0.66,0.698,-0.02,0.478,0.74,0.862
419,5,0.9,0.711,0.74,0.849,0.98,0.629,0.82,0.871
420,5,0.88,0.72,0.82,1.0,1.0,0.78,0.9,0.88
421,,0.86,0.7,0.8,0.98,0.98,0.76,0.88,0.86
422,,0.84,0.68,0.78,0.96,0.96,0.74,0.86,0.84
423,,0.82,0.66,0.76,0.94,0.94,0.72,0.84,0.82
424,,0.8,0.64,0.74,0.92,0.92,0.7,0.82,0.8
425,,0.78,0.62,0.72,0.9,0.9,0.68,0.8,0.78
426,,0.76,0.6,0.7,0.88,0.88,0.66,0.78,0.76
427,,0.74,0.58,0.68,0.86,0.86,0.64,0.76,0.74
428,,0.72,0.56,0.66,0.84,0.84,0.62,0.74,0.72
429,,0.7,0.54,0.64,0.82,0.82,0.6,0.72,0.7
430,,0.68,0.52,0.62,0.8,0.8,0.58,0.7,0.68
431,,0.66,0.5,0.6,0.78,0.78,0.56,0.68,0.66
432,,0.64,0.48,0.58,0.76,0.76,0.54,0.66,0.64
433,,0.62,0.46,0.56,0.74,0.74,0.52,0.64,0.62
434,,0.6,0.44,0.54,0.72,0.72,0.5,0.62,0.6
435,,0.58,0.42,0.52,0.7,0.7,0.48,0.6,0.58
436,,0.56,0.4,0.5,0.68,0.68,0.46,0.58,0.56
437,,0.54,0.38,0.48,0.66,0.66,0.44,0.56,0.54
438,,0.52,0.36,0.46,0.64,0.64,0.42,0.54,0.52
439,,0.5,0.34,0.44,0.62,0.62,0.4,0.52,0.5
440,,0.48,0.32,0.42,0.6,0.6,0.38,0.5,0.48
441,,0.46,0.3,0.4,0.58,0.58,0.36,0.48,0.46
442,,0.44,0.28,0.38,0.56,0.56,0.34,0.46,0.44
443,,0.42,0.26,0.36,0.54,0.54,0.32,0.44,0.42
444,,0.4,0.24,0.34,0.52,0.52,0.3,0.42,0.4
445,,0.38,0.22,0.32,0.5,0.5,0.28,0.4,0.38
446,,0.36,0.2,0.3,0.48,0.48,0.26,0.38,0.36
447,,0.34,0.18,0.28,0.46,0.46,0.24,0.36,0.34
448,,0.32,0.16,0.26,0.44,0.44,0.22,0.34,0.32
449,,0.3,0.14,0.24,0.42,0.42,0.2,0.32,0.3
450,,0.28,0.12,0.22,0.4,0.4,0.18,0.3,0.28
451,,0.26,0.1,0.2,0.38,0.38,0.16,0.28,0.26
452,,0.24,0.08,0.18,0.36,0.36,0.14,0.26,0.24
453,,0.22,0.06,0.16,0.34,0.34,0.12,0.24,0.22
454,,0.2,0.04,0.14,0.32,0.32,0.1,0.22,0.2
455,,0.18,0.02,0.12,0.3,0.3,0.08,0.2,0.18
456,,0.16,0.0,0.1,0.28,0.28,0.06,0.18,0.16
457,,0.14,-0.02,0.08,0.26,0.26,0.04,0.16,0.14
458,2,0.291,0.98,0.231,0.34,0.269,0.02,0.169,0.22
459,2,0.442,1.0,0.382,0.42,0.278,0.0,0.178,0.3
460,,0.422,0.98,0.362,0.4,0.258,-0.02,0.158,0.28
461,6,0.431,0.96,0.371,0.48,0.409,0.98,0.309,0.36
462,6,0.44,0.94,0.38,0.56,0.56,1.0,0.46,0.44
463,,0.42,0.92,0.36,0.54,0.54,0.98,0.44,0.42
464,,0.4,0.9,0.34,0.52,0.52,0.96,0.42,0.4
465,,0.38,0.88,0.32,0.5,0.5,0.94,0.4,0.38
466,,0.36,0.86,0.3,0.48,0.48,0.92,0.38,0.36
467,,0.34,0.84,0.28,0.46,0.46,0.9,0.36,0.34
468,,0.32,0.82,0.26,0.44,0.44,0.88,0.34,0.32
469,,0.3,0.8,0.24,0.42,0.42,0.86,0.32,0.3
470,,0.28,0.78,0.22,0.4,0.4,0.84,0.3,0.28
471,,0.26,0.76,0.2,0.38,0.38,0.82,0.28,0.26
472,,0.24,0.74,0.18,0.36,0.36,0.8,0.26,0.24
473,,0.22,0.72,0.16,0.34,0.34,0.78,0.24,0.22
474,,0.2,0.7,0.14,0.32,0.32,0.76,0.22,0.2
475,,0.18,0.68,0.12,0.3,0.3,0.74,0.2,0.18
476,,0.16,0.66,0.1,0.28,0.28,0.72,0.18,0.16
477,,0.14,0.64,0.08,0.26,0.26,0.7,0.16,0.14
478,,0.12,0.62,0.06,0.24,0.24,0.68,0.14,0.12
479,,0.1,0.6,0.04,0.22,0.22,0.66,0.12,0.1
480,,0.08,0.58,0.02,0.2,0.2,0.64,0.1,0.08
481,,0.06,0.56,0.0,0.18,0.18,0.62,0.08,0.06
482,,0.04,0.54,-0.02,0.16,0.16,0.6,0.06,0.04
483,3,0.12,0.691,0.98,0.311,0.24,0.609,0.04,0.049
484,3,0.2,0.842,1.0,0.462,0.32,0.618,0.02,0.058
485,,0.18,0.822,0.98,0.442,0.3,0.598,0.0,0.038
486,,0.16,0.802,0.96,0.422,0.28,0.578,-0.02,0.018
487,7,0.24,0.811,0.94,0.431,0.36,0.729,0.98,0.169
488,7,0.32,0.82,0.92,0.44,0.44,0.88,1.0,0.32
489,,0.3,0.8,0.9,0.42,0.42,0.86,0.98,0.3
490,,0.28,0.78,0.88,0.4,0.4,0.84,0.96,0.28
491,,0.26,0.76,0.86,0.38,0.38,0.82,0.94,0.26
492,,0.24,0.74,0.84,0.36,0.36,0.8,0.92,0.24
493,,0.22,0.72,0.82,0.34,0.34,0.78,0.9,0.22
494,,0.2,0.7,0.8,0.32,0.32,0.76,0.88,0.2
495,,0.18,0.68,0.78,0.3,0.3,0.74,0.86,0.18
496,,0.16,0.66,0.76,0.28,0.28,0.72,0.84,0.16
497,,0.14,0.64,0.74,0.26,0.26,0.7,0.82,0.14
498,,0.12,0.62,0.72,0.24,0.24,0.68,0.8,0.12
499,,0.1,0.6,0.7,0.22,0.22,0.66,0.78,0.1
