step,active_motive,motive_1,motive_2,motive_3,motive_4,motive_5,motive_6,motive_7,motive_8
0,,0.70686,0.72901,0.77127,0.07404,0.35847,0.11587,0.8631,0.6233
1,,0.69686,0.71901,0.76127,0.06404,0.34847,0.10587,0.8531,0.6133
2,,0.68686,0.70901,0.75127,0.05404,0.33847,0.09587,0.8431,0.6033
3,,0.67686,0.69901,0.74127,0.04404,0.32847,0.08587,0.8331,0.5933
4,,0.66686,0.68901,0.73127,0.03404,0.31847,0.07587,0.8231,0.5833
5,,0.65686,0.67901,0.72127,0.02404,0.30847,0.06587,0.8131,0.5733
6,,0.64686,0.66901,0.71127,0.01404,0.29847,0.05587,0.8031,0.5633
7,,0.63686,0.65901,0.70127,0.00404,0.28847,0.04587,0.7931,0.5533
8,,0.62686,0.64901,0.69127,-0.00596,0.27847,0.03587,0.7831,0.5433
9,4,0.43386,0.73901,1.0,0.99404,0.65147,0.12587,0.5901,0.2333
10,4,0.24086,0.82901,1.0,1.0,1.0,0.21587,0.3971,-0.0767
11,8,0.61386,0.91901,0.807,0.69,0.807,0.30587,0.7701,0.9233
12,8,0.98686,1.0,0.614,0.38,0.614,0.39587,1.0,1.0
13,,0.97686,0.99,0.604,0.37,0.604,0.38587,0.99,0.99
14,,0.96686,0.98,0.594,0.36,0.594,0.37587,0.98,0.98
15,,0.95686,0.97,0.584,0.35,0.584,0.36587,0.97,0.97
16,,0.94686,0.96,0.574,0.34,0.574,0.35587,0.96,0.96
17,,0.93686,0.95,0.564,0.33,0.564,0.34587,0.95,0.95
18,,0.92686,0.94,0.554,0.32,0.554,0.33587,0.94,0.94
19,,0.91686,0.93,0.544,0.31,0.544,0.32587,0.93,0.93
20,,0.90686,0.92,0.534,0.3,0.534,0.31587,0.92,0.92
21,,0.89686,0.91,0.524,0.29,0.524,0.30587,0.91,0.91
22,,0.88686,0.9,0.514,0.28,0.514,0.29587,0.9,0.9
23,,0.87686,0.89,0.504,0.27,0.504,0.28587,0.89,0.89
24,,0.86686,0.88,0.494,0.26,0.494,0.27587,0.88,0.88
25,,0.85686,0.87,0.484,0.25,0.484,0.26587,0.87,0.87
26,,0.84686,0.86,0.474,0.24,0.474,0.25587,0.86,0.86
27,,0.83686,0.85,0.464,0.23,0.464,0.24587,0.85,0.85
28,,0.82686,0.84,0.454,0.22,0.454,0.23587,0.84,0.84
29,,0.81686,0.83,0.444,0.21,0.444,0.22587,0.83,0.83
30,,0.80686,0.82,0.434,0.2,0.434,0.21587,0.82,0.82
31,,0.79686,0.81,0.424,0.19,0.424,0.20587,0.81,0.81
32,,0.78686,0.8,0.414,0.18,0.414,0.19587,0.8,0.8
33,,0.77686,0.79,0.404,0.17,0.404,0.18587,0.79,0.79
34,,0.76686,0.78,0.394,0.16,0.394,0.17587,0.78,0.78
35,,0.75686,0.77,0.384,0.15,0.384,0.16587,0.77,0.77
36,,0.74686,0.76,0.374,0.14,0.374,0.15587,0.76,0.76
37,,0.73686,0.75,0.364,0.13,0.364,0.14587,0.75,0.75
38,,0.72686,0.74,0.354,0.12,0.354,0.13587,0.74,0.74
39,,0.71686,0.73,0.344,0.11,0.344,0.12587,0.73,0.73
40,,0.70686,0.72,0.334,0.1,0.334,0.11587,0.72,0.72
41,,0.69686,0.71,0.324,0.09,0.324,0.10587,0.71,0.71
42,,0.68686,0.7,0.314,0.08,0.314,0.09587,0.7,0.7
43,,0.67686,0.69,0.304,0.07,0.304,0.08587,0.69,0.69
44,,0.66686,0.68,0.294,0.06,0.294,0.07587,0.68,0.68
45,,0.65686,0.67,0.284,0.05,0.284,0.06587,0.67,0.67
46,,0.64686,0.66,0.274,0.04,0.274,0.05587,0.66,0.66
47,,0.63686,0.65,0.264,0.03,0.264,0.04587,0.65,0.65
48,,0.62686,0.64,0.254,0.02,0.254,0.03587,0.64,0.64
49,,0.61686,0.63,0.244,0.01,0.244,0.02587,0.63,0.63
50,,0.60686,0.62,0.234,0.0,0.234,0.01587,0.62,0.62
51,,0.59686,0.61,0.224,-0.01,0.224,0.00587,0.61,0.61
52,4,0.40386,0.7,0.597,0.99,0.597,0.09587,0.417,0.3
53,4,0.21086,0.79,0.97,1.0,0.97,0.18587,0.224,-0.01
54,8,0.58386,0.88,0.777,0.69,0.777,0.27587,0.597,0.99
55,8,0.95686,0.97,0.584,0.38,0.584,0.36587,0.97,1.0
56,,0.94686,0.96,0.574,0.37,0.574,0.35587,0.96,0.99
57,,0.93686,0.95,0.564,0.36,0.564,0.34587,0.95,0.98
58,,0.92686,0.94,0.554,0.35,0.554,0.33587,0.94,0.97
59,,0.91686,0.93,0.544,0.34,0.544,0.32587,0.93,0.96
60,,0.90686,0.92,0.534,0.33,0.534,0.31587,0.92,0.95
61,,0.89686,0.91,0.524,0.32,0.524,0.30587,0.91,0.94
62,,0.88686,0.9,0.514,0.31,0.514,0.29587,0.9,0.93
63,,0.87686,0.89,0.504,0.3,0.504,0.28587,0.89,0.92
64,,0.86686,0.88,0.494,0.29,0.494,0.27587,0.88,0.91
65,,0.85686,0.87,0.484,0.28,0.484,0.26587,0.87,0.9
66,,0.84686,0.86,0.474,0.27,0.474,0.25587,0.86,0.89
67,,0.83686,0.85,0.464,0.26,0.464,0.24587,0.85,0.88
68,,0.82686,0.84,0.454,0.25,0.454,0.23587,0.84,0.87
69,,0.81686,0.83,0.444,0.24,0.444,0.22587,0.83,0.86
70,,0.80686,0.82,0.434,0.23,0.434,0.21587,0.82,0.85
71,,0.79686,0.81,0.424,0.22,0.424,0.20587,0.81,0.84
72,,0.78686,0.8,0.414,0.21,0.414,0.19587,0.8,0.83
73,,0.77686,0.79,0.404,0.2,0.404,0.18587,0.79,0.82
74,,0.76686,0.78,0.394,0.19,0.394,0.17587,0.78,0.81
75,,0.75686,0.77,0.384,0.18,0.384,0.16587,0.77,0.8
76,,0.74686,0.76,0.374,0.17,0.374,0.15587,0.76,0.79
77,,0.73686,0.75,0.364,0.16,0.364,0.14587,0.75,0.78
78,,0.72686,0.74,0.354,0.15,0.354,0.13587,0.74,0.77
79,,0.71686,0.73,0.344,0.14,0.344,0.12587,0.73,0.76
80,,0.70686,0.72,0.334,0.13,0.334,0.11587,0.72,0.75
81,,0.69686,0.71,0.324,0.12,0.324,0.10587,0.71,0.74
82,,0.68686,0.7,0.314,0.11,0.314,0.09587,0.7,0.73
83,,0.67686,0.69,0.304,0.1,0.304,0.08587,0.69,0.72
84,,0.66686,0.68,0.294,0.09,0.294,0.07587,0.68,0.71
85,,0.65686,0.67,0.284,0.08,0.284,0.06587,0.67,0.7
86,,0.64686,0.66,0.274,0.07,0.274,0.05587,0.66,0.69
87,,0.63686,0.65,0.264,0.06,0.264,0.04587,0.65,0.68
88,,0.62686,0.64,0.254,0.05,0.254,0.03587,0.64,0.67
89,,0.61686,0.63,0.244,0.04,0.244,0.02587,0.63,0.66
90,,0.60686,0.62,0.234,0.03,0.234,0.01587,0.62,0.65
91,,0.59686,0.61,0.224,0.02,0.224,0.00587,0.61,0.64
92,,0.58686,0.6,0.214,0.01,0.214,-0.00413,0.6,0.63
93,6,0.39386,0.29,0.021,0.1,0.587,0.99587,0.973,0.72
94,6,0.20086,-0.02,-0.172,0.19,0.96,1.0,1.0,0.81
95,3,0.29086,0.353,0.828,0.563,1.0,0.807,0.69,0.617
96,3,0.38086,0.726,1.0,0.936,1.0,0.614,0.38,0.424
97,,0.37086,0.716,0.99,0.926,0.99,0.604,0.37,0.414
98,,0.36086,0.706,0.98,0.916,0.98,0.594,0.36,0.404
99,,0.35086,0.696,0.97,0.906,0.97,0.584,0.35,0.394
100,,0.34086,0.686,0.96,0.896,0.96,0.574,0.34,0.384
101,,0.33086,0.676,0.95,0.886,0.95,0.564,0.33,0.374
102,,0.32086,0.666,0.94,0.876,0.94,0.554,0.32,0.364
103,,0.31086,0.656,0.93,0.866,0.93,0.544,0.31,0.354
104,,0.30086,0.646,0.92,0.856,0.92,0.534,0.3,0.344
105,,0.29086,0.636,0.91,0.846,0.91,0.524,0.29,0.334
106,,0.28086,0.626,0.9,0.836,0.9,0.514,0.28,0.324
107,,0.27086,0.616,0.89,0.826,0.89,0.504,0.27,0.314
108,,0.26086,0.606,0.88,0.816,0.88,0.494,0.26,0.304
109,,0.25086,0.596,0.87,0.806,0.87,0.484,0.25,0.294
110,,0.24086,0.586,0.86,0.796,0.86,0.474,0.24,0.284
111,,0.23086,0.576,0.85,0.786,0.85,0.464,0.23,0.274
112,,0.22086,0.566,0.84,0.776,0.84,0.454,0.22,0.264
113,,0.21086,0.556,0.83,0.766,0.83,0.444,0.21,0.254
114,,0.20086,0.546,0.82,0.756,0.82,0.434,0.2,0.244
115,,0.19086,0.536,0.81,0.746,0.81,0.424,0.19,0.234
116,,0.18086,0.526,0.8,0.736,0.8,0.414,0.18,0.224
117,,0.17086,0.516,0.79,0.726,0.79,0.404,0.17,0.214
118,,0.16086,0.506,0.78,0.716,0.78,0.394,0.16,0.204
119,,0.15086,0.496,0.77,0.706,0.77,0.384,0.15,0.194
120,,0.14086,0.486,0.76,0.696,0.76,0.374,0.14,0.184
121,,0.13086,0.476,0.75,0.686,0.75,0.364,0.13,0.174
122,,0.12086,0.466,0.74,0.676,0.74,0.354,0.12,0.164
123,,0.11086,0.456,0.73,0.666,0.73,0.344,0.11,0.154
124,,0.10086,0.446,0.72,0.656,0.72,0.334,0.1,0.144
125,,0.09086,0.436,0.71,0.646,0.71,0.324,0.09,0.134
126,,0.08086,0.426,0.7,0.636,0.7,0.314,0.08,0.124
127,,0.07086,0.416,0.69,0.626,0.69,0.304,0.07,0.114
128,,0.06086,0.406,0.68,0.616,0.68,0.294,0.06,0.104
129,,0.05086,0.396,0.67,0.606,0.67,0.284,0.05,0.094
130,,0.04086,0.386,0.66,0.596,0.66,0.274,0.04,0.084
131,,0.03086,0.376,0.65,0.586,0.65,0.264,0.03,0.074
132,,0.02086,0.366,0.64,0.576,0.64,0.254,0.02,0.064
133,,0.01086,0.356,0.63,0.566,0.63,0.244,0.01,0.054
134,,0.00086,0.346,0.62,0.556,0.62,0.234,0.0,0.044
135,,-0.00914,0.336,0.61,0.546,0.61,0.224,-0.01,0.034
136,7,0.08086,0.143,0.3,0.353,0.7,0.597,0.99,0.407
137,7,0.17086,-0.05,-0.01,0.16,0.79,0.97,1.0,0.78
138,2,0.54386,0.95,0.363,0.25,0.597,0.66,0.807,0.87
139,2,0.91686,1.0,0.736,0.34,0.404,0.35,0.614,0.96
140,,0.90686,0.99,0.726,0.33,0.394,0.34,0.604,0.95
141,,0.89686,0.98,0.716,0.32,0.384,0.33,0.594,0.94
142,,0.88686,0.97,0.706,0.31,0.374,0.32,0.584,0.93
143,,0.87686,0.96,0.696,0.3,0.364,0.31,0.574,0.92
144,,0.86686,0.95,0.686,0.29,0.354,0.3,0.564,0.91
145,,0.85686,0.94,0.676,0.28,0.344,0.29,0.554,0.9
146,,0.84686,0.93,0.666,0.27,0.334,0.28,0.544,0.89
147,,0.83686,0.92,0.656,0.26,0.324,0.27,0.534,0.88
148,,0.82686,0.91,0.646,0.25,0.314,0.26,0.524,0.87
149,,0.81686,0.9,0.636,0.24,0.304,0.25,0.514,0.86
150,,0.80686,0.89,0.626,0.23,0.294,0.24,0.504,0.85
151,,0.79686,0.88,0.616,0.22,0.284,0.23,0.494,0.84
152,,0.78686,0.87,0.606,0.21,0.274,0.22,0.484,0.83
153,,0.77686,0.86,0.596,0.2,0.264,0.21,0.474,0.82
154,,0.76686,0.85,0.586,0.19,0.254,0.2,0.464,0.81
155,,0.75686,0.84,0.576,0.18,0.244,0.19,0.454,0.8
156,,0.74686,0.83,0.566,0.17,0.234,0.18,0.444,0.79
157,,0.73686,0.82,0.556,0.16,0.224,0.17,0.434,0.78
158,,0.72686,0.81,0.546,0.15,0.214,0.16,0.424,0.77
159,,0.71686,0.8,0.536,0.14,0.204,0.15,0.414,0.76
160,,0.70686,0.79,0.526,0.13,0.194,0.14,0.404,0.75
161,,0.69686,0.78,0.516,0.12,0.184,0.13,0.394,0.74
162,,0.68686,0.77,0.506,0.11,0.174,0.12,0.384,0.73
163,,0.67686,0.76,0.496,0.1,0.164,0.11,0.374,0.72
164,,0.66686,0.75,0.486,0.09,0.154,0.1,0.364,0.71
165,,0.65686,0.74,0.476,0.08,0.144,0.09,0.354,0.7
166,,0.64686,0.73,0.466,0.07,0.134,0.08,0.344,0.69
167,,0.63686,0.72,0.456,0.06,0.124,0.07,0.334,0.68
168,,0.62686,0.71,0.446,0.05,0.114,0.06,0.324,0.67
169,,0.61686,0.7,0.436,0.04,0.104,0.05,0.314,0.66
170,,0.60686,0.69,0.426,0.03,0.094,0.04,0.304,0.65
171,,0.59686,0.68,0.416,0.02,0.084,0.03,0.294,0.64
172,,0.58686,0.67,0.406,0.01,0.074,0.02,0.284,0.63
173,,0.57686,0.66,0.396,0.0,0.064,0.01,0.274,0.62
174,,0.56686,0.65,0.386,-0.01,0.054,0.0,0.264,0.61
175,4,0.37386,0.74,0.759,0.99,0.427,0.09,0.071,0.3
176,4,0.18086,0.83,1.0,1.0,0.8,0.18,-0.122,-0.01
177,7,0.27086,0.637,0.69,0.807,0.89,0.553,0.878,0.363
178,7,0.36086,0.444,0.38,0.614,0.98,0.926,1.0,0.736
179,,0.35086,0.434,0.37,0.604,0.97,0.916,0.99,0.726
180,,0.34086,0.424,0.36,0.594,0.96,0.906,0.98,0.716
181,,0.33086,0.414,0.35,0.584,0.95,0.896,0.97,0.706
182,,0.32086,0.404,0.34,0.574,0.94,0.886,0.96,0.696
183,,0.31086,0.394,0.33,0.564,0.93,0.876,0.95,0.686
184,,0.30086,0.384,0.32,0.554,0.92,0.866,0.94,0.676
185,,0.29086,0.374,0.31,0.544,0.91,0.856,0.93,0.666
186,,0.28086,0.364,0.3,0.534,0.9,0.846,0.92,0.656
187,,0.27086,0.354,0.29,0.524,0.89,0.836,0.91,0.646
188,,0.26086,0.344,0.28,0.514,0.88,0.826,0.9,0.636
189,,0.25086,0.334,0.27,0.504,0.87,0.816,0.89,0.626
190,,0.24086,0.324,0.26,0.494,0.86,0.806,0.88,0.616
191,,0.23086,0.314,0.25,0.484,0.85,0.796,0.87,0.606
192,,0.22086,0.304,0.24,0.474,0.84,0.786,0.86,0.596
193,,0.21086,0.294,0.23,0.464,0.83,0.776,0.85,0.586
194,,0.20086,0.284,0.22,0.454,0.82,0.766,0.84,0.576
195,,0.19086,0.274,0.21,0.444,0.81,0.756,0.83,0.566
196,,0.18086,0.264,0.2,0.434,0.8,0.746,0.82,0.556
197,,0.17086,0.254,0.19,0.424,0.79,0.736,0.81,0.546
198,,0.16086,0.244,0.18,0.414,0.78,0.726,0.8,0.536
199,,0.15086,0.234,0.17,0.404,0.77,0.716,0.79,0.526
200,,0.14086,0.224,0.16,0.394,0.76,0.706,0.78,0.516
201,,0.13086,0.214,0.15,0.384,0.75,0.696,0.77,0.506
202,,0.12086,0.204,0.14,0.374,0.74,0.686,0.76,0.496
203,,0.11086,0.194,0.13,0.364,0.73,0.676,0.75,0.486
204,,0.10086,0.184,0.12,0.354,0.72,0.666,0.74,0.476
205,,0.09086,0.174,0.11,0.344,0.71,0.656,0.73,0.466
206,,0.08086,0.164,0.1,0.334,0.7,0.646,0.72,0.456
207,,0.07086,0.154,0.09,0.324,0.69,0.636,0.71,0.446
208,,0.06086,0.144,0.08,0.314,0.68,0.626,0.7,0.436
209,,0.05086,0.134,0.07,0.304,0.67,0.616,0.69,0.426
210,,0.04086,0.124,0.06,0.294,0.66,0.606,0.68,0.416
211,,0.03086,0.114,0.05,0.284,0.65,0.596,0.67,0.406
212,,0.02086,0.104,0.04,0.274,0.64,0.586,0.66,0.396
213,,0.01086,0.094,0.03,0.264,0.63,0.576,0.65,0.386
214,,0.00086,0.084,0.02,0.254,0.62,0.566,0.64,0.376
215,,-0.00914,0.074,0.01,0.244,0.61,0.556,0.63,0.366
216,1,0.99086,0.447,0.1,0.051,0.3,0.363,0.72,0.739
217,1,1.0,0.82,0.19,-0.142,-0.01,0.17,0.81,1.0
218,4,0.807,0.91,0.563,0.858,0.363,0.26,0.617,0.69
219,4,0.614,1.0,0.936,1.0,0.736,0.35,0.424,0.38
220,,0.604,0.99,0.926,0.99,0.726,0.34,0.414,0.37
221,,0.594,0.98,0.916,0.98,0.716,0.33,0.404,0.36
222,,0.584,0.97,0.906,0.97,0.706,0.32,0.394,0.35
223,,0.574,0.96,0.896,0.96,0.696,0.31,0.384,0.34
224,,0.564,0.95,0.886,0.95,0.686,0.3,0.374,0.33
225,,0.554,0.94,0.876,0.94,0.676,0.29,0.364,0.32
226,,0.544,0.93,0.866,0.93,0.666,0.28,0.354,0.31
227,,0.534,0.92,0.856,0.92,0.656,0.27,0.344,0.3
228,,0.524,0.91,0.846,0.91,0.646,0.26,0.334,0.29
229,,0.514,0.9,0.836,0.9,0.636,0.25,0.324,0.28
230,,0.504,0.89,0.826,0.89,0.626,0.24,0.314,0.27
231,,0.494,0.88,0.816,0.88,0.616,0.23,0.304,0.26
232,,0.484,0.87,0.806,0.87,0.606,0.22,0.294,0.25
233,,0.474,0.86,0.796,0.86,0.596,0.21,0.284,0.24
234,,0.464,0.85,0.786,0.85,0.586,0.2,0.274,0.23
235,,0.454,0.84,0.776,0.84,0.576,0.19,0.264,0.22
236,,0.444,0.83,0.766,0.83,0.566,0.18,0.254,0.21
237,,0.434,0.82,0.756,0.82,0.556,0.17,0.244,0.2
238,,0.424,0.81,0.746,0.81,0.546,0.16,0.234,0.19
239,,0.414,0.8,0.736,0.8,0.536,0.15,0.224,0.18
240,,0.404,0.79,0.726,0.79,0.526,0.14,0.214,0.17
241,,0.394,0.78,0.716,0.78,0.516,0.13,0.204,0.16
242,,0.384,0.77,0.706,0.77,0.506,0.12,0.194,0.15
243,,0.374,0.76,0.696,0.76,0.496,0.11,0.184,0.14
244,,0.364,0.75,0.686,0.75,0.486,0.1,0.174,0.13
245,,0.354,0.74,0.676,0.74,0.476,0.09,0.164,0.12
246,,0.344,0.73,0.666,0.73,0.466,0.08,0.154,0.11
247,,0.334,0.72,0.656,0.72,0.456,0.07,0.144,0.1
248,,0.324,0.71,0.646,0.71,0.446,0.06,0.134,0.09
249,,0.314,0.7,0.636,0.7,0.436,0.05,0.124,0.08
250,,0.304,0.69,0.626,0.69,0.426,0.04,0.114,0.07
251,,0.294,0.68,0.616,0.68,0.416,0.03,0.104,0.06
252,,0.284,0.67,0.606,0.67,0.406,0.02,0.094,0.05
253,,0.274,0.66,0.596,0.66,0.396,0.01,0.084,0.04
254,,0.264,0.65,0.586,0.65,0.386,0.0,0.074,0.03
255,,0.254,0.64,0.576,0.64,0.376,-0.01,0.064,0.02
256,6,0.061,0.33,0.383,0.73,0.749,0.99,0.437,0.11
257,6,-0.132,0.02,0.19,0.82,1.0,1.0,0.81,0.2
258,1,0.868,0.393,0.28,0.627,0.69,0.807,0.9,0.573
259,1,1.0,0.766,0.37,0.434,0.38,0.614,0.99,0.946
260,,0.99,0.756,0.36,0.424,0.37,0.604,0.98,0.936
261,,0.98,0.746,0.35,0.414,0.36,0.594,0.97,0.926
262,,0.97,0.736,0.34,0.404,0.35,0.584,0.96,0.916
263,,0.96,0.726,0.33,0.394,0.34,0.574,0.95,0.906
264,,0.95,0.716,0.32,0.384,0.33,0.564,0.94,0.896
265,,0.94,0.706,0.31,0.374,0.32,0.554,0.93,0.886
266,,0.93,0.696,0.3,0.364,0.31,0.544,0.92,0.876
267,,0.92,0.686,0.29,0.354,0.3,0.534,0.91,0.866
268,,0.91,0.676,0.28,0.344,0.29,0.524,0.9,0.856
269,,0.9,0.666,0.27,0.334,0.28,0.514,0.89,0.846
270,,0.89,0.656,0.26,0.324,0.27,0.504,0.88,0.836
271,,0.88,0.646,0.25,0.314,0.26,0.494,0.87,0.826
272,,0.87,0.636,0.24,0.304,0.25,0.484,0.86,0.816
273,,0.86,0.626,0.23,0.294,0.24,0.474,0.85,0.806
274,,0.85,0.616,0.22,0.284,0.23,0.464,0.84,0.796
275,,0.84,0.606,0.21,0.274,0.22,0.454,0.83,0.786
276,,0.83,0.596,0.2,0.264,0.21,0.444,0.82,0.776
277,,0.82,0.586,0.19,0.254,0.2,0.434,0.81,0.766
278,,0.81,0.576,0.18,0.244,0.19,0.424,0.8,0.756
279,,0.8,0.566,0.17,0.234,0.18,0.414,0.79,0.746
280,,0.79,0.556,0.16,0.224,0.17,0.404,0.78,0.736
281,,0.78,0.546,0.15,0.214,0.16,0.394,0.77,0.726
282,,0.77,0.536,0.14,0.204,0.15,0.384,0.76,0.716
283,,0.76,0.526,0.13,0.194,0.14,0.374,0.75,0.706
284,,0.75,0.516,0.12,0.184,0.13,0.364,0.74,0.696
285,,0.74,0.506,0.11,0.174,0.12,0.354,0.73,0.686
286,,0.73,0.496,0.1,0.164,0.11,0.344,0.72,0.676
287,,0.72,0.486,0.09,0.154,0.1,0.334,0.71,0.666
288,,0.71,0.476,0.08,0.144,0.09,0.324,0.7,0.656
289,,0.7,0.466,0.07,0.134,0.08,0.314,0.69,0.646
290,,0.69,0.456,0.06,0.124,0.07,0.304,0.68,0.636
291,,0.68,0.446,0.05,0.114,0.06,0.294,0.67,0.626
292,,0.67,0.436,0.04,0.104,0.05,0.284,0.66,0.616
293,,0.66,0.426,0.03,0.094,0.04,0.274,0.65,0.606
294,,0.65,0.416,0.02,0.084,0.03,0.264,0.64,0.596
295,,0.64,0.406,0.01,0.074,0.02,0.254,0.63,0.586
296,,0.63,0.396,0.0,0.064,0.01,0.244,0.62,0.576
297,,0.62,0.386,-0.01,0.054,0.0,0.234,0.61,0.566
298,3,0.71,0.759,0.99,0.427,0.09,0.041,0.3,0.373
299,3,0.8,1.0,1.0,0.8,0.18,-0.152,-0.01,0.18
300,6,0.607,0.69,0.807,0.89,0.553,0.848,0.363,0.27
301,6,0.414,0.38,0.614,0.98,0.926,1.0,0.736,0.36
302,,0.404,0.37,0.604,0.97,0.916,0.99,0.726,0.35
303,,0.394,0.36,0.594,0.96,0.906,0.98,0.716,0.34
304,,0.384,0.35,0.584,0.95,0.896,0.97,0.706,0.33
305,,0.374,0.34,0.574,0.94,0.886,0.96,0.696,0.32
306,,0.364,0.33,0.564,0.93,0.876,0.95,0.686,0.31
307,,0.354,0.32,0.554,0.92,0.866,0.94,0.676,0.3
308,,0.344,0.31,0.544,0.91,0.856,0.93,0.666,0.29
309,,0.334,0.3,0.534,0.9,0.846,0.92,0.656,0.28
310,,0.324,0.29,0.524,0.89,0.836,0.91,0.646,0.27
311,,0.314,0.28,0.514,0.88,0.826,0.9,0.636,0.26
312,,0.304,0.27,0.504,0.87,0.816,0.89,0.626,0.25
313,,0.294,0.26,0.494,0.86,0.806,0.88,0.616,0.24
314,,0.284,0.25,0.484,0.85,0.796,0.87,0.606,0.23
315,,0.274,0.24,0.474,0.84,0.786,0.86,0.596,0.22
316,,0.264,0.23,0.464,0.83,0.776,0.85,0.586,0.21
317,,0.254,0.22,0.454,0.82,0.766,0.84,0.576,0.2
318,,0.244,0.21,0.444,0.81,0.756,0.83,0.566,0.19
319,,0.234,0.2,0.434,0.8,0.746,0.82,0.556,0.18
320,,0.224,0.19,0.424,0.79,0.736,0.81,0.546,0.17
321,,0.214,0.18,0.414,0.78,0.726,0.8,0.536,0.16
322,,0.204,0.17,0.404,0.77,0.716,0.79,0.526,0.15
323,,0.194,0.16,0.394,0.76,0.706,0.78,0.516,0.14
324,,0.184,0.15,0.384,0.75,0.696,0.77,0.506,0.13
325,,0.174,0.14,0.374,0.74,0.686,0.76,0.496,0.12
326,,0.164,0.13,0.364,0.73,0.676,0.75,0.486,0.11
327,,0.154,0.12,0.354,0.72,0.666,0.74,0.476,0.1
328,,0.144,0.11,0.344,0.71,0.656,0.73,0.466,0.09
329,,0.134,0.1,0.334,0.7,0.646,0.72,0.456,0.08
330,,0.124,0.09,0.324,0.69,0.636,0.71,0.446,0.07
331,,0.114,0.08,0.314,0.68,0.626,0.7,0.436,0.06
332,,0.104,0.07,0.304,0.67,0.616,0.69,0.426,0.05
333,,0.094,0.06,0.294,0.66,0.606,0.68,0.416,0.04
334,,0.084,0.05,0.284,0.65,0.596,0.67,0.406,0.03
335,,0.074,0.04,0.274,0.64,0.586,0.66,0.396,0.02
336,,0.064,0.03,0.264,0.63,0.576,0.65,0.386,0.01
337,,0.054,0.02,0.254,0.62,0.566,0.64,0.376,0.0
338,,0.044,0.01,0.244,0.61,0.556,0.63,0.366,-0.01
339,8,0.417,0.1,0.051,0.3,0.363,0.72,0.739,0.99
340,8,0.79,0.19,-0.142,-0.01,0.17,0.81,1.0,1.0
341,3,0.88,0.563,0.858,0.363,0.26,0.617,0.69,0.807
342,3,0.97,0.936,1.0,0.736,0.35,0.424,0.38,0.614
343,,0.96,0.926,0.99,0.726,0.34,0.414,0.37,0.604
344,,0.95,0.916,0.98,0.716,0.33,0.404,0.36,0.594
345,,0.94,0.906,0.97,0.706,0.32,0.394,0.35,0.584
346,,0.93,0.896,0.96,0.696,0.31,0.384,0.34,0.574
347,,0.92,0.886,0.95,0.686,0.3,0.374,0.33,0.564
348,,0.91,0.876,0.94,0.676,0.29,0.364,0.32,0.554
349,,0.9,0.866,0.93,0.666,0.28,0.354,0.31,0.544
350,,0.89,0.856,0.92,0.656,0.27,0.344,0.3,0.534
351,,0.88,0.846,0.91,0.646,0.26,0.334,0.29,0.524
352,,0.87,0.836,0.9,0.636,0.25,0.324,0.28,0.514
353,,0.86,0.826,0.89,0.626,0.24,0.314,0.27,0.504
354,,0.85,0.816,0.88,0.616,0.23,0.304,0.26,0.494
355,,0.84,0.806,0.87,0.606,0.22,0.294,0.25,0.484
356,,0.83,0.796,0.86,0.596,0.21,0.284,0.24,0.474
357,,0.82,0.786,0.85,0.586,0.2,0.274,0.23,0.464
358,,0.81,0.776,0.84,0.576,0.19,0.264,0.22,0.454
359,,0.8,0.766,0.83,0.566,0.18,0.254,0.21,0.444
360,,0.79,0.756,0.82,0.556,0.17,0.244,0.2,0.434
361,,0.78,0.746,0.81,0.546,0.16,0.234,0.19,0.424
362,,0.77,0.736,0.8,0.536,0.15,0.224,0.18,0.414
363,,0.76,0.726,0.79,0.526,0.14,0.214,0.17,0.404
364,,0.75,0.716,0.78,0.516,0.13,0.204,0.16,0.394
365,,0.74,0.706,0.77,0.506,0.12,0.194,0.15,0.384
366,,0.73,0.696,0.76,0.496,0.11,0.184,0.14,0.374
367,,0.72,0.686,0.75,0.486,0.1,0.174,0.13,0.364
368,,0.71,0.676,0.74,0.476,0.09,0.164,0.12,0.354
369,,0.7,0.666,0.73,0.466,0.08,0.154,0.11,0.344
370,,0.69,0.656,0.72,0.456,0.07,0.144,0.1,0.334
371,,0.68,0.646,0.71,0.446,0.06,0.134,0.09,0.324
372,,0.67,0.636,0.7,0.436,0.05,0.124,0.08,0.314
373,,0.66,0.626,0.69,0.426,0.04,0.114,0.07,0.304
374,,0.65,0.616,0.68,0.416,0.03,0.104,0.06,0.294
375,,0.64,0.606,0.67,0.406,0.02,0.094,0.05,0.284
376,,0.63,0.596,0.66,0.396,0.01,0.084,0.04,0.274
377,,0.62,0.586,0.65,0.386,0.0,0.074,0.03,0.264
378,,0.61,0.576,0.64,0.376,-0.01,0.064,0.02,0.254
379,5,0.3,0.383,0.73,0.749,0.99,0.437,0.11,0.061
380,5,-0.01,0.19,0.82,1.0,1.0,0.81,0.2,-0.132
381,8,0.363,0.28,0.627,0.69,0.807,0.9,0.573,0.868
382,8,0.736,0.37,0.434,0.38,0.614,0.99,0.946,1.0
383,,0.726,0.36,0.424,0.37,0.604,0.98,0.936,0.99
384,,0.716,0.35,0.414,0.36,0.594,0.97,0.926,0.98
385,,0.706,0.34,0.404,0.35,0.584,0.96,0.916,0.97
386,,0.696,0.33,0.394,0.34,0.574,0.95,0.906,0.96
387,,0.686,0.32,0.384,0.33,0.564,0.94,0.896,0.95
388,,0.676,0.31,0.374,0.32,0.554,0.93,0.886,0.94
389,,0.666,0.3,0.364,0.31,0.544,0.92,0.876,0.93
390,,0.656,0.29,0.354,0.3,0.534,0.91,0.866,0.92
391,,0.646,0.28,0.344,0.29,0.524,0.9,0.856,0.91
392,,0.636,0.27,0.334,0.28,0.514,0.89,0.846,0.9
393,,0.626,0.26,0.324,0.27,0.504,0.88,0.836,0.89
394,,0.616,0.25,0.314,0.26,0.494,0.87,0.826,0.88
395,,0.606,0.24,0.304,0.25,0.484,0.86,0.816,0.87
396,,0.596,0.23,0.294,0.24,0.474,0.85,0.806,0.86
397,,0.586,0.22,0.284,0.23,0.464,0.84,0.796,0.85
398,,0.576,0.21,0.274,0.22,0.454,0.83,0.786,0.84
399,,0.566,0.2,0.264,0.21,0.444,0.82,0.776,0.83
400,,0.556,0.19,0.254,0.2,0.434,0.81,0.766,0.82
401,,0.546,0.18,0.244,0.19,0.424,0.8,0.756,0.81
402,,0.536,0.17,0.234,0.18,0.414,0.79,0.746,0.8
403,,0.526,0.16,0.224,0.17,0.404,0.78,0.736,0.79
404,,0.516,0.15,0.214,0.16,0.394,0.77,0.726,0.78
405,,0.506,0.14,0.204,0.15,0.384,0.76,0.716,0.77
406,,0.496,0.13,0.194,0.14,0.374,0.75,0.706,0.76
407,,0.486,0.12,0.184,0.13,0.364,0.74,0.696,0.75
408,,0.476,0.11,0.174,0.12,0.354,0.73,0.686,0.74
409,,0.466,0.1,0.164,0.11,0.344,0.72,0.676,0.73
410,,0.456,0.09,0.154,0.1,0.334,0.71,0.666,0.72
411,,0.446,0.08,0.144,0.09,0.324,0.7,0.656,0.71
412,,0.436,0.07,0.134,0.08,0.314,0.69,0.646,0.7
413,,0.426,0.06,0.124,0.07,0.304,0.68,0.636,0.69
414,,0.416,0.05,0.114,0.06,0.294,0.67,0.626,0.68
415,,0.406,0.04,0.104,0.05,0.284,0.66,0.616,0.67
416,,0.396,0.03,0.094,0.04,0.274,0.65,0.606,0.66
417,,0.386,0.02,0.084,0.03,0.264,0.64,0.596,0.65
418,,0.376,0.01,0.074,0.02,0.254,0.63,0.586,0.64
419,,0.366,0.0,0.064,0.01,0.244,0.62,0.576,0.63
420,,0.356,-0.01,0.054,0.0,0.234,0.61,0.566,0.62
421,2,0.729,0.99,0.427,0.09,0.041,0.3,0.373,0.71
422,2,1.0,1.0,0.8,0.18,-0.152,-0.01,0.18,0.8
423,5,0.69,0.807,0.89,0.553,0.848,0.363,0.27,0.607
424,5,0.38,0.614,0.98,0.926,1.0,0.736,0.36,0.414
425,,0.37,0.604,0.97,0.916,0.99,0.726,0.35,0.404
426,,0.36,0.594,0.96,0.906,0.98,0.716,0.34,0.394
427,,0.35,0.584,0.95,0.896,0.97,0.706,0.33,0.384
428,,0.34,0.574,0.94,0.886,0.96,0.696,0.32,0.374
429,,0.33,0.564,0.93,0.876,0.95,0.686,0.31,0.364
430,,0.32,0.554,0.92,0.866,0.94,0.676,0.3,0.354
431,,0.31,0.544,0.91,0.856,0.93,0.666,0.29,0.344
432,,0.3,0.534,0.9,0.846,0.92,0.656,0.28,0.334
433,,0.29,0.524,0.89,0.836,0.91,0.646,0.27,0.324
434,,0.28,0.514,0.88,0.826,0.9,0.636,0.26,0.314
435,,0.27,0.504,0.87,0.816,0.89,0.626,0.25,0.304
436,,0.26,0.494,0.86,0.806,0.88,0.616,0.24,0.294
437,,0.25,0.484,0.85,0.796,0.87,0.606,0.23,0.284
438,,0.24,0.474,0.84,0.786,0.86,0.596,0.22,0.274
439,,0.23,0.464,0.83,0.776,0.85,0.586,0.21,0.264
440,,0.22,0.454,0.82,0.766,0.84,0.576,0.2,0.254
441,,0.21,0.444,0.81,0.756,0.83,0.566,0.19,0.244
442,,0.2,0.434,0.8,0.746,0.82,0.556,0.18,0.234
443,,0.19,0.424,0.79,0.736,0.81,0.546,0.17,0.224
444,,0.18,0.414,0.78,0.726,0.8,0.536,0.16,0.214
445,,0.17,0.404,0.77,0.716,0.79,0.526,0.15,0.204
446,,0.16,0.394,0.76,0.706,0.78,0.516,0.14,0.194
447,,0.15,0.384,0.75,0.696,0.77,0.506,0.13,0.184
448,,0.14,0.374,0.74,0.686,0.76,0.496,0.12,0.174
449,,0.13,0.364,0.73,0.676,0.75,0.486,0.11,0.164
450,,0.12,0.354,0.72,0.666,0.74,0.476,0.1,0.154
451,,0.11,0.344,0.71,0.656,0.73,0.466,0.09,0.144
452,,0.1,0.334,0.7,0.646,0.72,0.456,0.08,0.134
453,,0.09,0.324,0.69,0.636,0.71,0.446,0.07,0.124
454,,0.08,0.314,0.68,0.626,0.7,0.436,0.06,0.114
455,,0.07,0.304,0.67,0.616,0.69,0.426,0.05,0.104
456,,0.06,0.294,0.66,0.606,0.68,0.416,0.04,0.094
457,,0.05,0.284,0.65,0.596,0.67,0.406,0.03,0.084
458,,0.04,0.274,0.64,0.586,0.66,0.396,0.02,0.074
459,,0.03,0.264,0.63,0.576,0.65,0.386,0.01,0.064
460,,0.02,0.254,0.62,0.566,0.64,0.376,0.0,0.054
461,,0.01,0.244,0.61,0.556,0.63,0.366,-0.01,0.044
462,7,0.1,0.051,0.3,0.363,0.72,0.739,0.99,0.417
463,7,0.19,-0.142,-0.01,0.17,0.81,1.0,1.0,0.79
464,2,0.563,0.858,0.363,0.26,0.617,0.69,0.807,0.88
465,2,0.936,1.0,0.736,0.35,0.424,0.38,0.614,0.97
466,,0.926,0.99,0.726,0.34,0.414,0.37,0.604,0.96
467,,0.916,0.98,0.716,0.33,0.404,0.36,0.594,0.95
468,,0.906,0.97,0.706,0.32,0.394,0.35,0.584,0.94
469,,0.896,0.96,0.696,0.31,0.384,0.34,0.574,0.93
470,,0.886,0.95,0.686,0.3,0.374,0.33,0.564,0.92
471,,0.876,0.94,0.676,0.29,0.364,0.32,0.554,0.91
472,,0.866,0.93,0.666,0.28,0.354,0.31,0.544,0.9
473,,0.856,0.92,0.656,0.27,0.344,0.3,0.534,0.89
474,,0.846,0.91,0.646,0.26,0.334,0.29,0.524,0.88
475,,0.836,0.9,0.636,0.25,0.324,0.28,0.514,0.87
476,,0.826,0.89,0.626,0.24,0.314,0.27,0.504,0.86
477,,0.816,0.88,0.616,0.23,0.304,0.26,0.494,0.85
478,,0.806,0.87,0.606,0.22,0.294,0.25,0.484,0.84
479,,0.796,0.86,0.596,0.21,0.284,0.24,0.474,0.83
480,,0.786,0.85,0.586,0.2,0.274,0.23,0.464,0.82
481,,0.776,0.84,0.576,0.19,0.264,0.22,0.454,0.81
482,,0.766,0.83,0.566,0.18,0.254,0.21,0.444,0.8
483,,0.756,0.82,0.556,0.17,0.244,0.2,0.434,0.79
484,,0.746,0.81,0.546,0.16,0.234,0.19,0.424,0.78
485,,0.736,0.8,0.536,0.15,0.224,0.18,0.414,0.77
486,,0.726,0.79,0.526,0.14,0.214,0.17,0.404,0.76
487,,0.716,0.78,0.516,0.13,0.204,0.16,0.394,0.75
488,,0.706,0.77,0.506,0.12,0.194,0.15,0.384,0.74
489,,0.696,0.76,0.496,0.11,0.184,0.14,0.374,0.73
490,,0.686,0.75,0.486,0.1,0.174,0.13,0.364,0.72
491,,0.676,0.74,0.476,0.09,0.164,0.12,0.354,0.71
492,,0.666,0.73,0.466,0.08,0.154,0.11,0.344,0.7
493,,0.656,0.72,0.456,0.07,0.144,0.1,0.334,0.69
494,,0.646,0.71,0.446,0.06,0.134,0.09,0.324,0.68
495,,0.636,0.7,0.436,0.05,0.124,0.08,0.314,0.67
496,,0.626,0.69,0.426,0.04,0.114,0.07,0.304,0.66
497,,0.616,0.68,0.416,0.03,0.104,0.06,0.294,0.65
498,,0.606,0.67,0.406,0.02,0.094,0.05,0.284,0.64
499,,0.596,0.66,0.396,0.01,0.084,0.04,0.274,0.63
