step,active_motive,motive_1,motive_2,motive_3,motive_4,motive_5,motive_6,motive_7,motive_8
0,,0.26631,0.12124,0.13462,0.18864,0.01004,0.16104,0.10572,0.16375
1,,0.16631,0.02124,0.03462,0.08864,-0.08996,0.06104,0.00572,0.06375
2,5,0.06631,-0.04976,0.03462,0.15964,0.91004,0.13204,0.00572,-0.00725
3,5,-0.03369,-0.12076,0.03462,0.23064,1.0,0.20304,0.00572,-0.07825
4,2,0.03731,0.87924,0.10562,0.23064,0.929,0.10304,-0.06528,-0.07825
5,2,0.10831,1.0,0.17662,0.23064,0.858,0.00304,-0.13628,-0.07825
6,7,0.10831,0.929,0.07662,0.15964,0.858,0.07404,0.86372,-0.00725
7,7,0.10831,0.858,-0.02338,0.08864,0.858,0.14504,1.0,0.06375
8,3,0.10831,0.929,0.97662,0.15964,0.858,0.07404,0.9,-0.00725
9,3,0.10831,1.0,1.0,0.23064,0.858,0.00304,0.8,-0.07825
10,8,0.17931,1.0,0.929,0.13064,0.787,0.00304,0.871,0.92175
11,8,0.25031,1.0,0.858,0.03064,0.716,0.00304,0.942,1.0
12,,0.15031,0.9,0.758,-0.06936,0.616,-0.09696,0.842,0.9
13,6,0.07931,0.8,0.687,-0.06936,0.687,0.90304,0.913,0.9
14,6,0.00831,0.7,0.616,-0.06936,0.758,1.0,0.984,0.9
15,4,-0.06269,0.7,0.687,0.93064,0.829,1.0,0.913,0.8
16,4,-0.13369,0.7,0.758,1.0,0.9,1.0,0.842,0.7
17,1,0.86631,0.771,0.758,0.929,0.8,0.929,0.842,0.771
18,1,1.0,0.842,0.758,0.858,0.7,0.858,0.842,0.842
19,,0.9,0.742,0.658,0.758,0.6,0.758,0.742,0.742
20,,0.8,0.642,0.558,0.658,0.5,0.658,0.642,0.642
21,,0.7,0.542,0.458,0.558,0.4,0.558,0.542,0.542
22,,0.6,0.442,0.358,0.458,0.3,0.458,0.442,0.442
23,,0.5,0.342,0.258,0.358,0.2,0.358,0.342,0.342
24,,0.4,0.242,0.158,0.258,0.1,0.258,0.242,0.242
25,,0.3,0.142,0.058,0.158,0.0,0.158,0.142,0.142
26,,0.2,0.042,-0.042,0.058,-0.1,0.058,0.042,0.042
27,5,0.1,-0.029,-0.042,0.129,0.9,0.129,0.042,-0.029
28,5,0.0,-0.1,-0.042,0.2,1.0,0.2,0.042,-0.1
29,8,0.071,-0.1,-0.113,0.1,0.929,0.2,0.113,0.9
30,8,0.142,-0.1,-0.184,0.0,0.858,0.2,0.184,1.0
31,3,0.142,-0.029,0.816,0.071,0.858,0.129,0.084,0.929
32,3,0.142,0.042,1.0,0.142,0.858,0.058,-0.016,0.858
33,7,0.142,-0.029,0.9,0.071,0.858,0.129,0.984,0.929
34,7,0.142,-0.1,0.8,-0.0,0.858,0.2,1.0,1.0
35,2,0.213,0.9,0.871,0.0,0.787,0.1,0.929,1.0
36,2,0.284,1.0,0.942,0.0,0.716,0.0,0.858,1.0
37,,0.184,0.9,0.842,-0.1,0.616,-0.1,0.758,0.9
38,4,0.113,0.9,0.913,0.9,0.687,-0.1,0.687,0.8
39,4,0.042,0.9,0.984,1.0,0.758,-0.1,0.616,0.7
40,6,-0.029,0.8,0.913,1.0,0.829,0.9,0.687,0.7
41,6,-0.1,0.7,0.842,1.0,0.9,1.0,0.758,0.7
42,1,0.9,0.771,0.842,0.929,0.8,0.929,0.758,0.771
43,1,1.0,0.842,0.842,0.858,0.7,0.858,0.758,0.842
44,,0.9,0.742,0.742,0.758,0.6,0.758,0.658,0.742
45,,0.8,0.642,0.642,0.658,0.5,0.658,0.558,0.642
46,,0.7,0.542,0.542,0.558,0.4,0.558,0.458,0.542
47,,0.6,0.442,0.442,0.458,0.3,0.458,0.358,0.442
48,,0.5,0.342,0.342,0.358,0.2,0.358,0.258,0.342
49,,0.4,0.242,0.242,0.258,0.1,0.258,0.158,0.242
50,,0.3,0.142,0.142,0.158,0.0,0.158,0.058,0.142
51,,0.2,0.042,0.042,0.058,-0.1,0.058,-0.042,0.042
52,5,0.1,-0.029,0.042,0.129,0.9,0.129,-0.042,-0.029
53,5,0.0,-0.1,0.042,0.2,1.0,0.2,-0.042,-0.1
54,2,0.071,0.9,0.113,0.2,0.929,0.1,-0.113,-0.1
55,2,0.142,1.0,0.184,0.2,0.858,0.0,-0.184,-0.1
56,7,0.142,0.929,0.084,0.129,0.858,0.071,0.816,-0.029
57,7,0.142,0.858,-0.016,0.058,0.858,0.142,1.0,0.042
58,3,0.142,0.929,0.984,0.129,0.858,0.071,0.9,-0.029
59,3,0.142,1.0,1.0,0.2,0.858,-0.0,0.8,-0.1
60,8,0.213,1.0,0.929,0.1,0.787,0.0,0.871,0.9
61,8,0.284,1.0,0.858,0.0,0.716,0.0,0.942,1.0
62,,0.184,0.9,0.758,-0.1,0.616,-0.1,0.842,0.9
63,4,0.113,0.9,0.829,0.9,0.687,-0.1,0.771,0.8
64,4,0.042,0.9,0.9,1.0,0.758,-0.1,0.7,0.7
65,6,-0.029,0.8,0.829,1.0,0.829,0.9,0.771,0.7
66,6,-0.1,0.7,0.758,1.0,0.9,1.0,0.842,0.7
67,1,0.9,0.771,0.758,0.929,0.8,0.929,0.842,0.771
68,1,1.0,0.842,0.758,0.858,0.7,0.858,0.842,0.842
69,,0.9,0.742,0.658,0.758,0.6,0.758,0.742,0.742
70,,0.8,0.642,0.558,0.658,0.5,0.658,0.642,0.642
71,,0.7,0.542,0.458,0.558,0.4,0.558,0.542,0.542
72,,0.6,0.442,0.358,0.458,0.3,0.458,0.442,0.442
73,,0.5,0.342,0.258,0.358,0.2,0.358,0.342,0.342
74,,0.4,0.242,0.158,0.258,0.1,0.258,0.242,0.242
75,,0.3,0.142,0.058,0.158,0.0,0.158,0.142,0.142
76,,0.2,0.042,-0.042,0.058,-0.1,0.058,0.042,0.042
77,5,0.1,-0.029,-0.042,0.129,0.9,0.129,0.042,-0.029
78,5,0.0,-0.1,-0.042,0.2,1.0,0.2,0.042,-0.1
79,8,0.071,-0.1,-0.113,0.1,0.929,0.2,0.113,0.9
80,8,0.142,-0.1,-0.184,0.0,0.858,0.2,0.184,1.0
81,3,0.142,-0.029,0.816,0.071,0.858,0.129,0.084,0.929
82,3,0.142,0.042,1.0,0.142,0.858,0.058,-0.016,0.858
83,7,0.142,-0.029,0.9,0.071,0.858,0.129,0.984,0.929
84,7,0.142,-0.1,0.8,-0.0,0.858,0.2,1.0,1.0
85,2,0.213,0.9,0.871,0.0,0.787,0.1,0.929,1.0
86,2,0.284,1.0,0.942,0.0,0.716,0.0,0.858,1.0
87,,0.184,0.9,0.842,-0.1,0.616,-0.1,0.758,0.9
88,4,0.113,0.9,0.913,0.9,0.687,-0.1,0.687,0.8
89,4,0.042,0.9,0.984,1.0,0.758,-0.1,0.616,0.7
90,6,-0.029,0.8,0.913,1.0,0.829,0.9,0.687,0.7
91,6,-0.1,0.7,0.842,1.0,0.9,1.0,0.758,0.7
92,1,0.9,0.771,0.842,0.929,0.8,0.929,0.758,0.771
93,1,1.0,0.842,0.842,0.858,0.7,0.858,0.758,0.842
94,,0.9,0.742,0.742,0.758,0.6,0.758,0.658,0.742
95,,0.8,0.642,0.642,0.658,0.5,0.658,0.558,0.642
96,,0.7,0.542,0.542,0.558,0.4,0.558,0.458,0.542
97,,0.6,0.442,0.442,0.458,0.3,0.458,0.358,0.442
98,,0.5,0.342,0.342,0.358,0.2,0.358,0.258,0.342
99,,0.4,0.242,0.242,0.258,0.1,0.258,0.158,0.242
100,,0.3,0.142,0.142,0.158,0.0,0.158,0.058,0.142
101,,0.2,0.042,0.042,0.058,-0.1,0.058,-0.042,0.042
102,5,0.1,-0.029,0.042,0.129,0.9,0.129,-0.042,-0.029
103,5,0.0,-0.1,0.042,0.2,1.0,0.2,-0.042,-0.1
104,8,0.071,-0.1,-0.029,0.1,0.929,0.2,0.029,0.9
105,8,0.142,-0.1,-0.1,0.0,0.858,0.2,0.1,1.0
106,3,0.142,-0.029,0.9,0.071,0.858,0.129,0.0,0.929
107,3,0.142,0.042,1.0,0.142,0.858,0.058,-0.1,0.858
108,7,0.142,-0.029,0.9,0.071,0.858,0.129,0.9,0.929
109,7,0.142,-0.1,0.8,-0.0,0.858,0.2,1.0,1.0
110,2,0.213,0.9,0.871,0.0,0.787,0.1,0.929,1.0
111,2,0.284,1.0,0.942,0.0,0.716,0.0,0.858,1.0
112,,0.184,0.9,0.842,-0.1,0.616,-0.1,0.758,0.9
113,4,0.113,0.9,0.913,0.9,0.687,-0.1,0.687,0.8
114,4,0.042,0.9,0.984,1.0,0.758,-0.1,0.616,0.7
115,6,-0.029,0.8,0.913,1.0,0.829,0.9,0.687,0.7
116,6,-0.1,0.7,0.842,1.0,0.9,1.0,0.758,0.7
117,1,0.9,0.771,0.842,0.929,0.8,0.929,0.758,0.771
118,1,1.0,0.842,0.842,0.858,0.7,0.858,0.758,0.842
119,,0.9,0.742,0.742,0.758,0.6,0.758,0.658,0.742
120,,0.8,0.642,0.642,0.658,0.5,0.658,0.558,0.642
121,,0.7,0.542,0.542,0.558,0.4,0.558,0.458,0.542
122,,0.6,0.442,0.442,0.458,0.3,0.458,0.358,0.442
123,,0.5,0.342,0.342,0.358,0.2,0.358,0.258,0.342
124,,0.4,0.242,0.242,0.258,0.1,0.258,0.158,0.242
125,,0.3,0.142,0.142,0.158,0.0,0.158,0.058,0.142
126,,0.2,0.042,0.042,0.058,-0.1,0.058,-0.042,0.042
127,5,0.1,-0.029,0.042,0.129,0.9,0.129,-0.042,-0.029
128,5,0.0,-0.1,0.042,0.2,1.0,0.2,-0.042,-0.1
129,2,0.071,0.9,0.113,0.2,0.929,0.1,-0.113,-0.1
130,2,0.142,1.0,0.184,0.2,0.858,0.0,-0.184,-0.1
131,7,0.142,0.929,0.084,0.129,0.858,0.071,0.816,-0.029
132,7,0.142,0.858,-0.016,0.058,0.858,0.142,1.0,0.042
133,3,0.142,0.929,0.984,0.129,0.858,0.071,0.9,-0.029
134,3,0.142,1.0,1.0,0.2,0.858,-0.0,0.8,-0.1
135,8,0.213,1.0,0.929,0.1,0.787,0.0,0.871,0.9
136,8,0.284,1.0,0.858,0.0,0.716,0.0,0.942,1.0
137,,0.184,0.9,0.758,-0.1,0.616,-0.1,0.842,0.9
138,4,0.113,0.9,0.829,0.9,0.687,-0.1,0.771,0.8
139,4,0.042,0.9,0.9,1.0,0.758,-0.1,0.7,0.7
140,6,-0.029,0.8,0.829,1.0,0.829,0.9,0.771,0.7
141,6,-0.1,0.7,0.758,1.0,0.9,1.0,0.842,0.7
142,1,0.9,0.771,0.758,0.929,0.8,0.929,0.842,0.771
143,1,1.0,0.842,0.758,0.858,0.7,0.858,0.842,0.842
144,,0.9,0.742,0.658,0.758,0.6,0.758,0.742,0.742
145,,0.8,0.642,0.558,0.658,0.5,0.658,0.642,0.642
146,,0.7,0.542,0.458,0.558,0.4,0.558,0.542,0.542
147,,0.6,0.442,0.358,0.458,0.3,0.458,0.442,0.442
148,,0.5,0.342,0.258,0.358,0.2,0.358,0.342,0.342
149,,0.4,0.242,0.158,0.258,0.1,0.258,0.242,0.242
150,,0.3,0.142,0.058,0.158,0.0,0.158,0.142,0.142
151,,0.2,0.042,-0.042,0.058,-0.1,0.058,0.042,0.042
152,5,0.1,-0.029,-0.042,0.129,0.9,0.129,0.042,-0.029
153,5,0.0,-0.1,-0.042,0.2,1.0,0.2,0.042,-0.1
154,8,0.071,-0.1,-0.113,0.1,0.929,0.2,0.113,0.9
155,8,0.142,-0.1,-0.184,0.0,0.858,0.2,0.184,1.0
156,3,0.142,-0.029,0.816,0.071,0.858,0.129,0.084,0.929
157,3,0.142,0.042,1.0,0.142,0.858,0.058,-0.016,0.858
158,7,0.142,-0.029,0.9,0.071,0.858,0.129,0.984,0.929
159,7,0.142,-0.1,0.8,-0.0,0.858,0.2,1.0,1.0
160,2,0.213,0.9,0.871,0.0,0.787,0.1,0.929,1.0
161,2,0.284,1.0,0.942,0.0,0.716,0.0,0.858,1.0
162,,0.184,0.9,0.842,-0.1,0.616,-0.1,0.758,0.9
163,4,0.113,0.9,0.913,0.9,0.687,-0.1,0.687,0.8
164,4,0.042,0.9,0.984,1.0,0.758,-0.1,0.616,0.7
165,6,-0.029,0.8,0.913,1.0,0.829,0.9,0.687,0.7
166,6,-0.1,0.7,0.842,1.0,0.9,1.0,0.758,0.7
167,1,0.9,0.771,0.842,0.929,0.8,0.929,0.758,0.771
168,1,1.0,0.842,0.842,0.858,0.7,0.858,0.758,0.842
169,,0.9,0.742,0.742,0.758,0.6,0.758,0.658,0.742
170,,0.8,0.642,0.642,0.658,0.5,0.658,0.558,0.642
171,,0.7,0.542,0.542,0.558,0.4,0.558,0.458,0.542
172,,0.6,0.442,0.442,0.458,0.3,0.458,0.358,0.442
173,,0.5,0.342,0.342,0.358,0.2,0.358,0.258,0.342
174,,0.4,0.242,0.242,0.258,0.1,0.258,0.158,0.242
175,,0.3,0.142,0.142,0.158,0.0,0.158,0.058,0.142
176,,0.2,0.042,0.042,0.058,-0.1,0.058,-0.042,0.042
177,5,0.1,-0.029,0.042,0.129,0.9,0.129,-0.042,-0.029
178,5,0.0,-0.1,0.042,0.2,1.0,0.2,-0.042,-0.1
179,8,0.071,-0.1,-0.029,0.1,0.929,0.2,0.029,0.9
180,8,0.142,-0.1,-0.1,0.0,0.858,0.2,0.1,1.0
181,2,0.213,0.9,-0.029,0.0,0.787,0.1,0.029,1.0
182,2,0.284,1.0,0.042,0.0,0.716,0.0,-0.042,1.0
183,7,0.284,0.929,-0.058,-0.071,0.716,0.071,0.958,1.0
184,7,0.284,0.858,-0.158,-0.142,0.716,0.142,1.0,1.0
185,3,0.284,0.929,0.842,-0.071,0.716,0.071,0.9,0.929
186,3,0.284,1.0,1.0,0.0,0.716,-0.0,0.8,0.858
187,,0.184,0.9,0.9,-0.1,0.616,-0.1,0.7,0.758
188,6,0.113,0.8,0.829,-0.1,0.687,0.9,0.771,0.758
189,6,0.042,0.7,0.758,-0.1,0.758,1.0,0.842,0.758
190,4,-0.029,0.7,0.829,0.9,0.829,1.0,0.771,0.658
191,4,-0.1,0.7,0.9,1.0,0.9,1.0,0.7,0.558
192,1,0.9,0.771,0.9,0.929,0.8,0.929,0.7,0.629
193,1,1.0,0.842,0.9,0.858,0.7,0.858,0.7,0.7
194,,0.9,0.742,0.8,0.758,0.6,0.758,0.6,0.6
195,,0.8,0.642,0.7,0.658,0.5,0.658,0.5,0.5
196,,0.7,0.542,0.6,0.558,0.4,0.558,0.4,0.4
197,,0.6,0.442,0.5,0.458,0.3,0.458,0.3,0.3
198,,0.5,0.342,0.4,0.358,0.2,0.358,0.2,0.2
199,,0.4,0.242,0.3,0.258,0.1,0.258,0.1,0.1
200,,0.3,0.142,0.2,0.158,0.0,0.158,0.0,0.0
201,,0.2,0.042,0.1,0.058,-0.1,0.058,-0.1,-0.1
202,7,0.2,-0.029,0.0,-0.013,-0.1,0.129,0.9,-0.029
203,7,0.2,-0.1,-0.1,-0.084,-0.1,0.2,1.0,0.042
204,5,0.1,-0.171,-0.1,-0.013,0.9,0.271,1.0,-0.029
205,5,0.0,-0.242,-0.1,0.058,1.0,0.342,1.0,-0.1
206,2,0.071,0.758,-0.029,0.058,0.929,0.242,0.929,-0.1
207,2,0.142,1.0,0.042,0.058,0.858,0.142,0.858,-0.1
208,8,0.213,1.0,-0.029,-0.042,0.787,0.142,0.929,0.9
209,8,0.284,1.0,-0.1,-0.142,0.716,0.142,1.0,1.0
210,4,0.213,1.0,-0.029,0.858,0.787,0.142,0.929,0.9
211,4,0.142,1.0,0.042,1.0,0.858,0.142,0.858,0.8
212,,0.042,0.9,-0.058,0.9,0.758,0.042,0.758,0.7
213,3,0.042,0.971,0.942,0.971,0.758,-0.029,0.658,0.629
214,3,0.042,1.0,1.0,1.0,0.758,-0.1,0.558,0.558
215,6,-0.029,0.9,0.929,1.0,0.829,0.9,0.629,0.558
216,6,-0.1,0.8,0.858,1.0,0.9,1.0,0.7,0.558
217,1,0.9,0.871,0.858,0.929,0.8,0.929,0.7,0.629
218,1,1.0,0.942,0.858,0.858,0.7,0.858,0.7,0.7
219,,0.9,0.842,0.758,0.758,0.6,0.758,0.6,0.6
220,,0.8,0.742,0.658,0.658,0.5,0.658,0.5,0.5
221,,0.7,0.642,0.558,0.558,0.4,0.558,0.4,0.4
222,,0.6,0.542,0.458,0.458,0.3,0.458,0.3,0.3
223,,0.5,0.442,0.358,0.358,0.2,0.358,0.2,0.2
224,,0.4,0.342,0.258,0.258,0.1,0.258,0.1,0.1
225,,0.3,0.242,0.158,0.158,0.0,0.158,0.0,0.0
226,,0.2,0.142,0.058,0.058,-0.1,0.058,-0.1,-0.1
227,5,0.1,0.071,0.058,0.129,0.9,0.129,-0.1,-0.171
228,5,0.0,-0.0,0.058,0.2,1.0,0.2,-0.1,-0.242
229,8,0.071,0.0,-0.013,0.1,0.929,0.2,-0.029,0.758
230,8,0.142,0.0,-0.084,0.0,0.858,0.2,0.042,1.0
231,3,0.142,0.071,0.916,0.071,0.858,0.129,-0.058,0.929
232,3,0.142,0.142,1.0,0.142,0.858,0.058,-0.158,0.858
233,7,0.142,0.071,0.9,0.071,0.858,0.129,0.842,0.929
234,7,0.142,-0.0,0.8,-0.0,0.858,0.2,1.0,1.0
235,,0.042,-0.1,0.7,-0.1,0.758,0.1,0.9,0.9
236,4,-0.029,-0.1,0.771,0.9,0.829,0.1,0.829,0.8
237,4,-0.1,-0.1,0.842,1.0,0.9,0.1,0.758,0.7
238,1,0.9,-0.029,0.842,0.929,0.8,0.029,0.758,0.771
239,1,1.0,0.042,0.842,0.858,0.7,-0.042,0.758,0.842
240,6,0.929,-0.058,0.771,0.858,0.771,0.958,0.829,0.842
241,6,0.858,-0.158,0.7,0.858,0.842,1.0,0.9,0.842
242,2,0.929,0.842,0.771,0.858,0.771,0.9,0.829,0.842
243,2,1.0,1.0,0.842,0.858,0.7,0.8,0.758,0.842
244,,0.9,0.9,0.742,0.758,0.6,0.7,0.658,0.742
245,,0.8,0.8,0.642,0.658,0.5,0.6,0.558,0.642
246,,0.7,0.7,0.542,0.558,0.4,0.5,0.458,0.542
247,,0.6,0.6,0.442,0.458,0.3,0.4,0.358,0.442
248,,0.5,0.5,0.342,0.358,0.2,0.3,0.258,0.342
249,,0.4,0.4,0.242,0.258,0.1,0.2,0.158,0.242
250,,0.3,0.3,0.142,0.158,0.0,0.1,0.058,0.142
251,,0.2,0.2,0.042,0.058,-0.1,0.0,-0.042,0.042
252,5,0.1,0.129,0.042,0.129,0.9,0.071,-0.042,-0.029
253,5,0.0,0.058,0.042,0.2,1.0,0.142,-0.042,-0.1
254,8,0.071,0.058,-0.029,0.1,0.929,0.142,0.029,0.9
255,8,0.142,0.058,-0.1,0.0,0.858,0.142,0.1,1.0
256,3,0.142,0.129,0.9,0.071,0.858,0.071,0.0,0.929
257,3,0.142,0.2,1.0,0.142,0.858,-0.0,-0.1,0.858
258,7,0.142,0.129,0.9,0.071,0.858,0.071,0.9,0.929
259,7,0.142,0.058,0.8,-0.0,0.858,0.142,1.0,1.0
260,,0.042,-0.042,0.7,-0.1,0.758,0.042,0.9,0.9
261,4,-0.029,-0.042,0.771,0.9,0.829,0.042,0.829,0.8
262,4,-0.1,-0.042,0.842,1.0,0.9,0.042,0.758,0.7
263,1,0.9,0.029,0.842,0.929,0.8,-0.029,0.758,0.771
264,1,1.0,0.1,0.842,0.858,0.7,-0.1,0.758,0.842
265,6,0.929,0.0,0.771,0.858,0.771,0.9,0.829,0.842
266,6,0.858,-0.1,0.7,0.858,0.842,1.0,0.9,0.842
267,2,0.929,0.9,0.771,0.858,0.771,0.9,0.829,0.842
268,2,1.0,1.0,0.842,0.858,0.7,0.8,0.758,0.842
269,,0.9,0.9,0.742,0.758,0.6,0.7,0.658,0.742
270,,0.8,0.8,0.642,0.658,0.5,0.6,0.558,0.642
271,,0.7,0.7,0.542,0.558,0.4,0.5,0.458,0.542
272,,0.6,0.6,0.442,0.458,0.3,0.4,0.358,0.442
273,,0.5,0.5,0.342,0.358,0.2,0.3,0.258,0.342
274,,0.4,0.4,0.242,0.258,0.1,0.2,0.158,0.242
275,,0.3,0.3,0.142,0.158,0.0,0.1,0.058,0.142
276,,0.2,0.2,0.042,0.058,-0.1,0.0,-0.042,0.042
277,5,0.1,0.129,0.042,0.129,0.9,0.071,-0.042,-0.029
278,5,0.0,0.058,0.042,0.2,1.0,0.142,-0.042,-0.1
279,8,0.071,0.058,-0.029,0.1,0.929,0.142,0.029,0.9
280,8,0.142,0.058,-0.1,0.0,0.858,0.142,0.1,1.0
281,3,0.142,0.129,0.9,0.071,0.858,0.071,0.0,0.929
282,3,0.142,0.2,1.0,0.142,0.858,-0.0,-0.1,0.858
283,7,0.142,0.129,0.9,0.071,0.858,0.071,0.9,0.929
284,7,0.142,0.058,0.8,-0.0,0.858,0.142,1.0,1.0
285,,0.042,-0.042,0.7,-0.1,0.758,0.042,0.9,0.9
286,4,-0.029,-0.042,0.771,0.9,0.829,0.042,0.829,0.8
287,4,-0.1,-0.042,0.842,1.0,0.9,0.042,0.758,0.7
288,1,0.9,0.029,0.842,0.929,0.8,-0.029,0.758,0.771
289,1,1.0,0.1,0.842,0.858,0.7,-0.1,0.758,0.842
290,6,0.929,0.0,0.771,0.858,0.771,0.9,0.829,0.842
291,6,0.858,-0.1,0.7,0.858,0.842,1.0,0.9,0.842
292,2,0.929,0.9,0.771,0.858,0.771,0.9,0.829,0.842
293,2,1.0,1.0,0.842,0.858,0.7,0.8,0.758,0.842
294,,0.9,0.9,0.742,0.758,0.6,0.7,0.658,0.742
295,,0.8,0.8,0.642,0.658,0.5,0.6,0.558,0.642
296,,0.7,0.7,0.542,0.558,0.4,0.5,0.458,0.542
297,,0.6,0.6,0.442,0.458,0.3,0.4,0.358,0.442
298,,0.5,0.5,0.342,0.358,0.2,0.3,0.258,0.342
299,,0.4,0.4,0.242,0.258,0.1,0.2,0.158,0.242
300,,0.3,0.3,0.142,0.158,0.0,0.1,0.058,0.142
301,,0.2,0.2,0.042,0.058,-0.1,0.0,-0.042,0.042
302,5,0.1,0.129,0.042,0.129,0.9,0.071,-0.042,-0.029
303,5,0.0,0.058,0.042,0.2,1.0,0.142,-0.042,-0.1
304,8,0.071,0.058,-0.029,0.1,0.929,0.142,0.029,0.9
305,8,0.142,0.058,-0.1,0.0,0.858,0.142,0.1,1.0
306,3,0.142,0.129,0.9,0.071,0.858,0.071,0.0,0.929
307,3,0.142,0.2,1.0,0.142,0.858,-0.0,-0.1,0.858
308,7,0.142,0.129,0.9,0.071,0.858,0.071,0.9,0.929
309,7,0.142,0.058,0.8,-0.0,0.858,0.142,1.0,1.0
310,,0.042,-0.042,0.7,-0.1,0.758,0.042,0.9,0.9
311,4,-0.029,-0.042,0.771,0.9,0.829,0.042,0.829,0.8
312,4,-0.1,-0.042,0.842,1.0,0.9,0.042,0.758,0.7
313,1,0.9,0.029,0.842,0.929,0.8,-0.029,0.758,0.771
314,1,1.0,0.1,0.842,0.858,0.7,-0.1,0.758,0.842
315,6,0.929,0.0,0.771,0.858,0.771,0.9,0.829,0.842
316,6,0.858,-0.1,0.7,0.858,0.842,1.0,0.9,0.842
317,2,0.929,0.9,0.771,0.858,0.771,0.9,0.829,0.842
318,2,1.0,1.0,0.842,0.858,0.7,0.8,0.758,0.842
319,,0.9,0.9,0.742,0.758,0.6,0.7,0.658,0.742
320,,0.8,0.8,0.642,0.658,0.5,0.6,0.558,0.642
321,,0.7,0.7,0.542,0.558,0.4,0.5,0.458,0.542
322,,0.6,0.6,0.442,0.458,0.3,0.4,0.358,0.442
323,,0.5,0.5,0.342,0.358,0.2,0.3,0.258,0.342
324,,0.4,0.4,0.242,0.258,0.1,0.2,0.158,0.242
325,,0.3,0.3,0.142,0.158,0.0,0.1,0.058,0.142
326,,0.2,0.2,0.042,0.058,-0.1,0.0,-0.042,0.042
327,5,0.1,0.129,0.042,0.129,0.9,0.071,-0.042,-0.029
328,5,0.0,0.058,0.042,0.2,1.0,0.142,-0.042,-0.1
329,8,0.071,0.058,-0.029,0.1,0.929,0.142,0.029,0.9
330,8,0.142,0.058,-0.1,0.0,0.858,0.142,0.1,1.0
331,3,0.142,0.129,0.9,0.071,0.858,0.071,0.0,0.929
332,3,0.142,0.2,1.0,0.142,0.858,-0.0,-0.1,0.858
333,7,0.142,0.129,0.9,0.071,0.858,0.071,0.9,0.929
334,7,0.142,0.058,0.8,-0.0,0.858,0.142,1.0,1.0
335,,0.042,-0.042,0.7,-0.1,0.758,0.042,0.9,0.9
336,4,-0.029,-0.042,0.771,0.9,0.829,0.042,0.829,0.8
337,4,-0.1,-0.042,0.842,1.0,0.9,0.042,0.758,0.7
338,1,0.9,0.029,0.842,0.929,0.8,-0.029,0.758,0.771
339,1,1.0,0.1,0.842,0.858,0.7,-0.1,0.758,0.842
340,6,0.929,0.0,0.771,0.858,0.771,0.9,0.829,0.842
341,6,0.858,-0.1,0.7,0.858,0.842,1.0,0.9,0.842
342,2,0.929,0.9,0.771,0.858,0.771,0.9,0.829,0.842
343,2,1.0,1.0,0.842,0.858,0.7,0.8,0.758,0.842
344,,0.9,0.9,0.742,0.758,0.6,0.7,0.658,0.742
345,,0.8,0.8,0.642,0.658,0.5,0.6,0.558,0.642
346,,0.7,0.7,0.542,0.558,0.4,0.5,0.458,0.542
347,,0.6,0.6,0.442,0.458,0.3,0.4,0.358,0.442
348,,0.5,0.5,0.342,0.358,0.2,0.3,0.258,0.342
349,,0.4,0.4,0.242,0.258,0.1,0.2,0.158,0.242
350,,0.3,0.3,0.142,0.158,0.0,0.1,0.058,0.142
351,,0.2,0.2,0.042,0.058,-0.1,0.0,-0.042,0.042
352,5,0.1,0.129,0.042,0.129,0.9,0.071,-0.042,-0.029
353,5,0.0,0.058,0.042,0.2,1.0,0.142,-0.042,-0.1
354,8,0.071,0.058,-0.029,0.1,0.929,0.142,0.029,0.9
355,8,0.142,0.058,-0.1,0.0,0.858,0.142,0.1,1.0
356,3,0.142,0.129,0.9,0.071,0.858,0.071,0.0,0.929
357,3,0.142,0.2,1.0,0.142,0.858,-0.0,-0.1,0.858
358,7,0.142,0.129,0.9,0.071,0.858,0.071,0.9,0.929
359,7,0.142,0.058,0.8,-0.0,0.858,0.142,1.0,1.0
360,,0.042,-0.042,0.7,-0.1,0.758,0.042,0.9,0.9
361,4,-0.029,-0.042,0.771,0.9,0.829,0.042,0.829,0.8
362,4,-0.1,-0.042,0.842,1.0,0.9,0.042,0.758,0.7
363,1,0.9,0.029,0.842,0.929,0.8,-0.029,0.758,0.771
364,1,1.0,0.1,0.842,0.858,0.7,-0.1,0.758,0.842
365,6,0.929,0.0,0.771,0.858,0.771,0.9,0.829,0.842
366,6,0.858,-0.1,0.7,0.858,0.842,1.0,0.9,0.842
367,2,0.929,0.9,0.771,0.858,0.771,0.9,0.829,0.842
368,2,1.0,1.0,0.842,0.858,0.7,0.8,0.758,0.842
369,,0.9,0.9,0.742,0.758,0.6,0.7,0.658,0.742
370,,0.8,0.8,0.642,0.658,0.5,0.6,0.558,0.642
371,,0.7,0.7,0.542,0.558,0.4,0.5,0.458,0.542
372,,0.6,0.6,0.442,0.458,0.3,0.4,0.358,0.442
373,,0.5,0.5,0.342,0.358,0.2,0.3,0.258,0.342
374,,0.4,0.4,0.242,0.258,0.1,0.2,0.158,0.242
375,,0.3,0.3,0.142,0.158,0.0,0.1,0.058,0.142
376,,0.2,0.2,0.042,0.058,-0.1,0.0,-0.042,0.042
377,5,0.1,0.129,0.042,0.129,0.9,0.071,-0.042,-0.029
378,5,0.0,0.058,0.042,0.2,1.0,0.142,-0.042,-0.1
379,8,0.071,0.058,-0.029,0.1,0.929,0.142,0.029,0.9
380,8,0.142,0.058,-0.1,0.0,0.858,0.142,0.1,1.0
381,3,0.142,0.129,0.9,0.071,0.858,0.071,0.0,0.929
382,3,0.142,0.2,1.0,0.142,0.858,-0.0,-0.1,0.858
383,7,0.142,0.129,0.9,0.071,0.858,0.071,0.9,0.929
384,7,0.142,0.058,0.8,-0.0,0.858,0.142,1.0,1.0
385,,0.042,-0.042,0.7,-0.1,0.758,0.042,0.9,0.9
386,4,-0.029,-0.042,0.771,0.9,0.829,0.042,0.829,0.8
387,4,-0.1,-0.042,0.842,1.0,0.9,0.042,0.758,0.7
388,1,0.9,0.029,0.842,0.929,0.8,-0.029,0.758,0.771
389,1,1.0,0.1,0.842,0.858,0.7,-0.1,0.758,0.842
390,6,0.929,0.0,0.771,0.858,0.771,0.9,0.829,0.842
391,6,0.858,-0.1,0.7,0.858,0.842,1.0,0.9,0.842
392,2,0.929,0.9,0.771,0.858,0.771,0.9,0.829,0.842
393,2,1.0,1.0,0.842,0.858,0.7,0.8,0.758,0.842
394,,0.9,0.9,0.742,0.758,0.6,0.7,0.658,0.742
395,,0.8,0.8,0.642,0.658,0.5,0.6,0.558,0.642
396,,0.7,0.7,0.542,0.558,0.4,0.5,0.458,0.542
397,,0.6,0.6,0.442,0.458,0.3,0.4,0.358,0.442
398,,0.5,0.5,0.342,0.358,0.2,0.3,0.258,0.342
399,,0.4,0.4,0.242,0.258,0.1,0.2,0.158,0.242
400,,0.3,0.3,0.142,0.158,0.0,0.1,0.058,0.142
401,,0.2,0.2,0.042,0.058,-0.1,0.0,-0.042,0.042
402,5,0.1,0.129,0.042,0.129,0.9,0.071,-0.042,-0.029
403,5,0.0,0.058,0.042,0.2,1.0,0.142,-0.042,-0.1
404,8,0.071,0.058,-0.029,0.1,0.929,0.142,0.029,0.9
405,8,0.142,0.058,-0.1,0.0,0.858,0.142,0.1,1.0
406,3,0.142,0.129,0.9,0.071,0.858,0.071,0.0,0.929
407,3,0.142,0.2,1.0,0.142,0.858,-0.0,-0.1,0.858
408,7,0.142,0.129,0.9,0.071,0.858,0.071,0.9,0.929
409,7,0.142,0.058,0.8,-0.0,0.858,0.142,1.0,1.0
410,,0.042,-0.042,0.7,-0.1,0.758,0.042,0.9,0.9
411,4,-0.029,-0.042,0.771,0.9,0.829,0.042,0.829,0.8
412,4,-0.1,-0.042,0.842,1.0,0.9,0.042,0.758,0.7
413,1,0.9,0.029,0.842,0.929,0.8,-0.029,0.758,0.771
414,1,1.0,0.1,0.842,0.858,0.7,-0.1,0.758,0.842
415,6,0.929,0.0,0.771,0.858,0.771,0.9,0.829,0.842
416,6,0.858,-0.1,0.7,0.858,0.842,1.0,0.9,0.842
417,2,0.929,0.9,0.771,0.858,0.771,0.9,0.829,0.842
418,2,1.0,1.0,0.842,0.858,0.7,0.8,0.758,0.842
419,,0.9,0.9,0.742,0.758,0.6,0.7,0.658,0.742
420,,0.8,0.8,0.642,0.658,0.5,0.6,0.558,0.642
421,,0.7,0.7,0.542,0.558,0.4,0.5,0.458,0.542
422,,0.6,0.6,0.442,0.458,0.3,0.4,0.358,0.442
423,,0.5,0.5,0.342,0.358,0.2,0.3,0.258,0.342
424,,0.4,0.4,0.242,0.258,0.1,0.2,0.158,0.242
425,,0.3,0.3,0.142,0.158,0.0,0.1,0.058,0.142
426,,0.2,0.2,0.042,0.058,-0.1,0.0,-0.042,0.042
427,5,0.1,0.129,0.042,0.129,0.9,0.071,-0.042,-0.029
428,5,0.0,0.058,0.042,0.2,1.0,0.142,-0.042,-0.1
429,8,0.071,0.058,-0.029,0.1,0.929,0.142,0.029,0.9
430,8,0.142,0.058,-0.1,0.0,0.858,0.142,0.1,1.0
431,3,0.142,0.129,0.9,0.071,0.858,0.071,0.0,0.929
432,3,0.142,0.2,1.0,0.142,0.858,-0.0,-0.1,0.858
433,7,0.142,0.129,0.9,0.071,0.858,0.071,0.9,0.929
434,7,0.142,0.058,0.8,-0.0,0.858,0.142,1.0,1.0
435,,0.042,-0.042,0.7,-0.1,0.758,0.042,0.9,0.9
436,4,-0.029,-0.042,0.771,0.9,0.829,0.042,0.829,0.8
437,4,-0.1,-0.042,0.842,1.0,0.9,0.042,0.758,0.7
438,1,0.9,0.029,0.842,0.929,0.8,-0.029,0.758,0.771
439,1,1.0,0.1,0.842,0.858,0.7,-0.1,0.758,0.842
440,6,0.929,0.0,0.771,0.858,0.771,0.9,0.829,0.842
441,6,0.858,-0.1,0.7,0.858,0.842,1.0,0.9,0.842
442,2,0.929,0.9,0.771,0.858,0.771,0.9,0.829,0.842
443,2,1.0,1.0,0.842,0.858,0.7,0.8,0.758,0.842
444,,0.9,0.9,0.742,0.758,0.6,0.7,0.658,0.742
445,,0.8,0.8,0.642,0.658,0.5,0.6,0.558,0.642
446,,0.7,0.7,0.542,0.558,0.4,0.5,0.458,0.542
447,,0.6,0.6,0.442,0.458,0.3,0.4,0.358,0.442
448,,0.5,0.5,0.342,0.358,0.2,0.3,0.258,0.342
449,,0.4,0.4,0.242,0.258,0.1,0.2,0.158,0.242
450,,0.3,0.3,0.142,0.158,0.0,0.1,0.058,0.142
451,,0.2,0.2,0.042,0.058,-0.1,0.0,-0.042,0.042
452,5,0.1,0.129,0.042,0.129,0.9,0.071,-0.042,-0.029
453,5,0.0,0.058,0.042,0.2,1.0,0.142,-0.042,-0.1
454,8,0.071,0.058,-0.029,0.1,0.929,0.142,0.029,0.9
455,8,0.142,0.058,-0.1,0.0,0.858,0.142,0.1,1.0
456,3,0.142,0.129,0.9,0.071,0.858,0.071,0.0,0.929
457,3,0.142,0.2,1.0,0.142,0.858,-0.0,-0.1,0.858
458,7,0.142,0.129,0.9,0.071,0.858,0.071,0.9,0.929
459,7,0.142,0.058,0.8,-0.0,0.858,0.142,1.0,1.0
460,,0.042,-0.042,0.7,-0.1,0.758,0.042,0.9,0.9
461,4,-0.029,-0.042,0.771,0.9,0.829,0.042,0.829,0.8
462,4,-0.1,-0.042,0.842,1.0,0.9,0.042,0.758,0.7
463,1,0.9,0.029,0.842,0.929,0.8,-0.029,0.758,0.771
464,1,1.0,0.1,0.842,0.858,0.7,-0.1,0.758,0.842
465,6,0.929,0.0,0.771,0.858,0.771,0.9,0.829,0.842
466,6,0.858,-0.1,0.7,0.858,0.842,1.0,0.9,0.842
467,2,0.929,0.9,0.771,0.858,0.771,0.9,0.829,0.842
468,2,1.0,1.0,0.842,0.858,0.7,0.8,0.758,0.842
469,,0.9,0.9,0.742,0.758,0.6,0.7,0.658,0.742
470,,0.8,0.8,0.642,0.658,0.5,0.6,0.558,0.642
471,,0.7,0.7,0.542,0.558,0.4,0.5,0.458,0.542
472,,0.6,0.6,0.442,0.458,0.3,0.4,0.358,0.442
473,,0.5,0.5,0.342,0.358,0.2,0.3,0.258,0.342
474,,0.4,0.4,0.242,0.258,0.1,0.2,0.158,0.242
475,,0.3,0.3,0.142,0.158,0.0,0.1,0.058,0.142
476,,0.2,0.2,0.042,0.058,-0.1,0.0,-0.042,0.042
477,5,0.1,0.129,0.042,0.129,0.9,0.071,-0.042,-0.029
478,5,0.0,0.058,0.042,0.2,1.0,0.142,-0.042,-0.1
479,8,0.071,0.058,-0.029,0.1,0.929,0.142,0.029,0.9
480,8,0.142,0.058,-0.1,0.0,0.858,0.142,0.1,1.0
481,3,0.142,0.129,0.9,0.071,0.858,0.071,0.0,0.929
482,3,0.142,0.2,1.0,0.142,0.858,-0.0,-0.1,0.858
483,7,0.142,0.129,0.9,0.071,0.858,0.071,0.9,0.929
484,7,0.142,0.058,0.8,-0.0,0.858,0.142,1.0,1.0
485,,0.042,-0.042,0.7,-0.1,0.758,0.042,0.9,0.9
486,4,-0.029,-0.042,0.771,0.9,0.829,0.042,0.829,0.8
487,4,-0.1,-0.042,0.842,1.0,0.9,0.042,0.758,0.7
488,1,0.9,0.029,0.842,0.929,0.8,-0.029,0.758,0.771
489,1,1.0,0.1,0.842,0.858,0.7,-0.1,0.758,0.842
490,6,0.929,0.0,0.771,0.858,0.771,0.9,0.829,0.842
491,6,0.858,-0.1,0.7,0.858,0.842,1.0,0.9,0.842
492,2,0.929,0.9,0.771,0.858,0.771,0.9,0.829,0.842
493,2,1.0,1.0,0.842,0.858,0.7,0.8,0.758,0.842
494,,0.9,0.9,0.742,0.758,0.6,0.7,0.658,0.742
495,,0.8,0.8,0.642,0.658,0.5,0.6,0.558,0.642
496,,0.7,0.7,0.542,0.558,0.4,0.5,0.458,0.542
497,,0.6,0.6,0.442,0.458,0.3,0.4,0.358,0.442
498,,0.5,0.5,0.342,0.358,0.2,0.3,0.258,0.342
499,,0.4,0.4,0.242,0.258,0.1,0.2,0.158,0.242
