step,active_motive,motive_1,motive_2,motive_3,motive_4,motive_5,motive_6,motive_7,motive_8
0,,0.09762,0.36123,0.14039,0.01216,0.32274,0.08856,0.47023,0.47696
1,,-0.05238,0.21123,-0.00961,-0.13784,0.17274,-0.06144,0.32023,0.32696
2,4,0.05662,0.46123,0.38139,0.86216,0.56374,0.18856,0.42923,0.37696
3,4,0.16562,0.71123,0.77239,1.0,0.95474,0.43856,0.53823,0.42696
4,,0.01562,0.56123,0.62239,0.85,0.80474,0.28856,0.38823,0.27696
5,,-0.13438,0.41123,0.47239,0.7,0.65474,0.13856,0.23823,0.12696
6,1,0.86562,0.80223,0.72239,0.809,0.70474,0.24756,0.48823,0.51796
7,1,1.0,1.0,0.97239,0.918,0.75474,0.35656,0.73823,0.90896
8,,0.85,0.85,0.82239,0.768,0.60474,0.20656,0.58823,0.75896
9,,0.7,0.7,0.67239,0.618,0.45474,0.05656,0.43823,0.60896
10,,0.55,0.55,0.52239,0.468,0.30474,-0.09344,0.28823,0.45896
11,6,0.659,0.6,0.63139,0.718,0.69574,0.90656,0.67923,0.70896
12,6,0.768,0.65,0.74039,0.968,1.0,1.0,1.0,0.95896
13,,0.618,0.5,0.59039,0.818,0.85,0.85,0.85,0.80896
14,,0.468,0.35,0.44039,0.668,0.7,0.7,0.7,0.65896
15,,0.318,0.2,0.29039,0.518,0.55,0.55,0.55,0.50896
16,,0.168,0.05,0.14039,0.368,0.4,0.4,0.4,0.35896
17,,0.018,-0.1,-0.00961,0.218,0.25,0.25,0.25,0.20896
18,2,0.409,0.9,0.38139,0.468,0.359,0.3,0.359,0.45896
19,2,0.8,1.0,0.77239,0.718,0.468,0.35,0.468,0.70896
20,,0.65,0.85,0.62239,0.568,0.318,0.2,0.318,0.55896
21,,0.5,0.7,0.47239,0.418,0.168,0.05,0.168,0.40896
22,,0.35,0.55,0.32239,0.268,0.018,-0.1,0.018,0.25896
23,6,0.459,0.6,0.43139,0.518,0.409,0.9,0.409,0.50896
24,6,0.568,0.65,0.54039,0.768,0.8,1.0,0.8,0.75896
25,,0.418,0.5,0.39039,0.618,0.65,0.85,0.65,0.60896
26,,0.268,0.35,0.24039,0.468,0.5,0.7,0.5,0.45896
27,,0.118,0.2,0.09039,0.318,0.35,0.55,0.35,0.30896
28,,-0.032,0.05,-0.05961,0.168,0.2,0.4,0.2,0.15896
29,3,0.218,0.441,0.94039,0.559,0.45,0.509,0.25,0.26796
30,3,0.468,0.832,1.0,0.95,0.7,0.618,0.3,0.37696
31,,0.318,0.682,0.85,0.8,0.55,0.468,0.15,0.22696
32,,0.168,0.532,0.7,0.65,0.4,0.318,0.0,0.07696
33,,0.018,0.382,0.55,0.5,0.25,0.168,-0.15,-0.07304
34,7,0.268,0.491,0.6,0.609,0.5,0.559,0.85,0.31796
35,7,0.518,0.6,0.65,0.718,0.75,0.95,1.0,0.70896
36,,0.368,0.45,0.5,0.568,0.6,0.8,0.85,0.55896
37,,0.218,0.3,0.35,0.418,0.45,0.65,0.7,0.40896
38,,0.068,0.15,0.2,0.268,0.3,0.5,0.55,0.25896
39,,-0.082,0.0,0.05,0.118,0.15,0.35,0.4,0.10896
40,1,0.918,0.391,0.3,0.227,0.2,0.459,0.65,0.49996
41,1,1.0,0.782,0.55,0.336,0.25,0.568,0.9,0.89096
42,,0.85,0.632,0.4,0.186,0.1,0.418,0.75,0.74096
43,,0.7,0.482,0.25,0.036,-0.05,0.268,0.6,0.59096
44,5,0.75,0.591,0.5,0.427,0.95,0.659,0.85,0.69996
45,5,0.8,0.7,0.75,0.818,1.0,1.0,1.0,0.80896
46,,0.65,0.55,0.6,0.668,0.85,0.85,0.85,0.65896
47,,0.5,0.4,0.45,0.518,0.7,0.7,0.7,0.50896
48,,0.35,0.25,0.3,0.368,0.55,0.55,0.55,0.35896
49,,0.2,0.1,0.15,0.218,0.4,0.4,0.4,0.20896
50,,0.05,-0.05,0.0,0.068,0.25,0.25,0.25,0.05896
51,2,0.441,0.95,0.391,0.318,0.359,0.3,0.359,0.30896
52,2,0.832,1.0,0.782,0.568,0.468,0.35,0.468,0.55896
53,,0.682,0.85,0.632,0.418,0.318,0.2,0.318,0.40896
54,,0.532,0.7,0.482,0.268,0.168,0.05,0.168,0.25896
55,,0.382,0.55,0.332,0.118,0.018,-0.1,0.018,0.10896
56,6,0.491,0.6,0.441,0.368,0.409,0.9,0.409,0.35896
57,6,0.6,0.65,0.55,0.618,0.8,1.0,0.8,0.60896
58,,0.45,0.5,0.4,0.468,0.65,0.85,0.65,0.45896
59,,0.3,0.35,0.25,0.318,0.5,0.7,0.5,0.30896
60,,0.15,0.2,0.1,0.168,0.35,0.55,0.35,0.15896
61,,0.0,0.05,-0.05,0.018,0.2,0.4,0.2,0.00896
62,3,0.25,0.441,0.95,0.409,0.45,0.509,0.25,0.11796
63,3,0.5,0.832,1.0,0.8,0.7,0.618,0.3,0.22696
64,,0.35,0.682,0.85,0.65,0.55,0.468,0.15,0.07696
65,,0.2,0.532,0.7,0.5,0.4,0.318,0.0,-0.07304
66,8,0.591,0.782,0.809,0.55,0.509,0.568,0.391,0.92696
67,8,0.982,1.0,0.918,0.6,0.618,0.818,0.782,1.0
68,,0.832,0.85,0.768,0.45,0.468,0.668,0.632,0.85
69,,0.682,0.7,0.618,0.3,0.318,0.518,0.482,0.7
70,,0.532,0.55,0.468,0.15,0.168,0.368,0.332,0.55
71,,0.382,0.4,0.318,0.0,0.018,0.218,0.182,0.4
72,,0.232,0.25,0.168,-0.15,-0.132,0.068,0.032,0.25
73,4,0.341,0.5,0.559,0.85,0.259,0.318,0.141,0.3
74,4,0.45,0.75,0.95,1.0,0.65,0.568,0.25,0.35
75,,0.3,0.6,0.8,0.85,0.5,0.418,0.1,0.2
76,,0.15,0.45,0.65,0.7,0.35,0.268,-0.05,0.05
77,7,0.4,0.559,0.7,0.809,0.6,0.659,0.95,0.441
78,7,0.65,0.668,0.75,0.918,0.85,1.0,1.0,0.832
79,,0.5,0.518,0.6,0.768,0.7,0.85,0.85,0.682
80,,0.35,0.368,0.45,0.618,0.55,0.7,0.7,0.532
81,,0.2,0.218,0.3,0.468,0.4,0.55,0.55,0.382
82,,0.05,0.068,0.15,0.318,0.25,0.4,0.4,0.232
83,,-0.1,-0.082,0.0,0.168,0.1,0.25,0.25,0.082
84,1,0.9,0.309,0.25,0.277,0.15,0.359,0.5,0.473
85,1,1.0,0.7,0.5,0.386,0.2,0.468,0.75,0.864
86,,0.85,0.55,0.35,0.236,0.05,0.318,0.6,0.714
87,,0.7,0.4,0.2,0.086,-0.1,0.168,0.45,0.564
88,5,0.75,0.509,0.45,0.477,0.9,0.559,0.7,0.673
89,5,0.8,0.618,0.7,0.868,1.0,0.95,0.95,0.782
90,,0.65,0.468,0.55,0.718,0.85,0.8,0.8,0.632
91,,0.5,0.318,0.4,0.568,0.7,0.65,0.65,0.482
92,,0.35,0.168,0.25,0.418,0.55,0.5,0.5,0.332
93,,0.2,0.018,0.1,0.268,0.4,0.35,0.35,0.182
94,,0.05,-0.132,-0.05,0.118,0.25,0.2,0.2,0.032
95,2,0.441,0.868,0.341,0.368,0.359,0.25,0.309,0.282
96,2,0.832,1.0,0.732,0.618,0.468,0.3,0.418,0.532
97,,0.682,0.85,0.582,0.468,0.318,0.15,0.268,0.382
98,,0.532,0.7,0.432,0.318,0.168,0.0,0.118,0.232
99,,0.382,0.55,0.282,0.168,0.018,-0.15,-0.032,0.082
100,6,0.491,0.6,0.391,0.418,0.409,0.85,0.359,0.332
101,6,0.6,0.65,0.5,0.668,0.8,1.0,0.75,0.582
102,,0.45,0.5,0.35,0.518,0.65,0.85,0.6,0.432
103,,0.3,0.35,0.2,0.368,0.5,0.7,0.45,0.282
104,,0.15,0.2,0.05,0.218,0.35,0.55,0.3,0.132
105,,0.0,0.05,-0.1,0.068,0.2,0.4,0.15,-0.018
106,3,0.25,0.441,0.9,0.459,0.45,0.509,0.2,0.091
107,3,0.5,0.832,1.0,0.85,0.7,0.618,0.25,0.2
108,,0.35,0.682,0.85,0.7,0.55,0.468,0.1,0.05
109,,0.2,0.532,0.7,0.55,0.4,0.318,-0.05,-0.1
110,8,0.591,0.782,0.809,0.6,0.509,0.568,0.341,0.9
111,8,0.982,1.0,0.918,0.65,0.618,0.818,0.732,1.0
112,,0.832,0.85,0.768,0.5,0.468,0.668,0.582,0.85
113,,0.682,0.7,0.618,0.35,0.318,0.518,0.432,0.7
114,,0.532,0.55,0.468,0.2,0.168,0.368,0.282,0.55
115,,0.382,0.4,0.318,0.05,0.018,0.218,0.132,0.4
116,,0.232,0.25,0.168,-0.1,-0.132,0.068,-0.018,0.25
117,5,0.282,0.359,0.418,0.291,0.868,0.459,0.232,0.359
118,5,0.332,0.468,0.668,0.682,1.0,0.85,0.482,0.468
119,,0.182,0.318,0.518,0.532,0.85,0.7,0.332,0.318
120,,0.032,0.168,0.368,0.382,0.7,0.55,0.182,0.168
121,,-0.118,0.018,0.218,0.232,0.55,0.4,0.032,0.018
122,1,0.882,0.409,0.468,0.341,0.6,0.509,0.282,0.409
123,1,1.0,0.8,0.718,0.45,0.65,0.618,0.532,0.8
124,,0.85,0.65,0.568,0.3,0.5,0.468,0.382,0.65
125,,0.7,0.5,0.418,0.15,0.35,0.318,0.232,0.5
126,,0.55,0.35,0.268,0.0,0.2,0.168,0.082,0.35
127,,0.4,0.2,0.118,-0.15,0.05,0.018,-0.068,0.2
128,4,0.509,0.45,0.509,0.85,0.441,0.268,0.041,0.25
129,4,0.618,0.7,0.9,1.0,0.832,0.518,0.15,0.3
130,,0.468,0.55,0.75,0.85,0.682,0.368,0.0,0.15
131,,0.318,0.4,0.6,0.7,0.532,0.218,-0.15,0.0
132,7,0.568,0.509,0.65,0.809,0.782,0.609,0.85,0.391
133,7,0.818,0.618,0.7,0.918,1.0,1.0,1.0,0.782
134,,0.668,0.468,0.55,0.768,0.85,0.85,0.85,0.632
135,,0.518,0.318,0.4,0.618,0.7,0.7,0.7,0.482
136,,0.368,0.168,0.25,0.468,0.55,0.55,0.55,0.332
137,,0.218,0.018,0.1,0.318,0.4,0.4,0.4,0.182
138,,0.068,-0.132,-0.05,0.168,0.25,0.25,0.25,0.032
139,2,0.459,0.868,0.341,0.418,0.359,0.3,0.359,0.282
140,2,0.85,1.0,0.732,0.668,0.468,0.35,0.468,0.532
141,,0.7,0.85,0.582,0.518,0.318,0.2,0.318,0.382
142,,0.55,0.7,0.432,0.368,0.168,0.05,0.168,0.232
143,,0.4,0.55,0.282,0.218,0.018,-0.1,0.018,0.082
144,6,0.509,0.6,0.391,0.468,0.409,0.9,0.409,0.332
145,6,0.618,0.65,0.5,0.718,0.8,1.0,0.8,0.582
146,,0.468,0.5,0.35,0.568,0.65,0.85,0.65,0.432
147,,0.318,0.35,0.2,0.418,0.5,0.7,0.5,0.282
148,,0.168,0.2,0.05,0.268,0.35,0.55,0.35,0.132
149,,0.018,0.05,-0.1,0.118,0.2,0.4,0.2,-0.018
150,3,0.268,0.441,0.9,0.509,0.45,0.509,0.25,0.091
151,3,0.518,0.832,1.0,0.9,0.7,0.618,0.3,0.2
152,,0.368,0.682,0.85,0.75,0.55,0.468,0.15,0.05
153,,0.218,0.532,0.7,0.6,0.4,0.318,0.0,-0.1
154,8,0.609,0.782,0.809,0.65,0.509,0.568,0.391,0.9
155,8,1.0,1.0,0.918,0.7,0.618,0.818,0.782,1.0
156,,0.85,0.85,0.768,0.55,0.468,0.668,0.632,0.85
157,,0.7,0.7,0.618,0.4,0.318,0.518,0.482,0.7
158,,0.55,0.55,0.468,0.25,0.168,0.368,0.332,0.55
159,,0.4,0.4,0.318,0.1,0.018,0.218,0.182,0.4
160,,0.25,0.25,0.168,-0.05,-0.132,0.068,0.032,0.25
161,5,0.3,0.359,0.418,0.341,0.868,0.459,0.282,0.359
162,5,0.35,0.468,0.668,0.732,1.0,0.85,0.532,0.468
163,,0.2,0.318,0.518,0.582,0.85,0.7,0.382,0.318
164,,0.05,0.168,0.368,0.432,0.7,0.55,0.232,0.168
165,,-0.1,0.018,0.218,0.282,0.55,0.4,0.082,0.018
166,1,0.9,0.409,0.468,0.391,0.6,0.509,0.332,0.409
167,1,1.0,0.8,0.718,0.5,0.65,0.618,0.582,0.8
168,,0.85,0.65,0.568,0.35,0.5,0.468,0.432,0.65
169,,0.7,0.5,0.418,0.2,0.35,0.318,0.282,0.5
170,,0.55,0.35,0.268,0.05,0.2,0.168,0.132,0.35
171,,0.4,0.2,0.118,-0.1,0.05,0.018,-0.018,0.2
172,4,0.509,0.45,0.509,0.9,0.441,0.268,0.091,0.25
173,4,0.618,0.7,0.9,1.0,0.832,0.518,0.2,0.3
174,,0.468,0.55,0.75,0.85,0.682,0.368,0.05,0.15
175,,0.318,0.4,0.6,0.7,0.532,0.218,-0.1,0.0
176,7,0.568,0.509,0.65,0.809,0.782,0.609,0.9,0.391
177,7,0.818,0.618,0.7,0.918,1.0,1.0,1.0,0.782
178,,0.668,0.468,0.55,0.768,0.85,0.85,0.85,0.632
179,,0.518,0.318,0.4,0.618,0.7,0.7,0.7,0.482
180,,0.368,0.168,0.25,0.468,0.55,0.55,0.55,0.332
181,,0.218,0.018,0.1,0.318,0.4,0.4,0.4,0.182
182,,0.068,-0.132,-0.05,0.168,0.25,0.25,0.25,0.032
183,2,0.459,0.868,0.341,0.418,0.359,0.3,0.359,0.282
184,2,0.85,1.0,0.732,0.668,0.468,0.35,0.468,0.532
185,,0.7,0.85,0.582,0.518,0.318,0.2,0.318,0.382
186,,0.55,0.7,0.432,0.368,0.168,0.05,0.168,0.232
187,,0.4,0.55,0.282,0.218,0.018,-0.1,0.018,0.082
188,6,0.509,0.6,0.391,0.468,0.409,0.9,0.409,0.332
189,6,0.618,0.65,0.5,0.718,0.8,1.0,0.8,0.582
190,,0.468,0.5,0.35,0.568,0.65,0.85,0.65,0.432
191,,0.318,0.35,0.2,0.418,0.5,0.7,0.5,0.282
192,,0.168,0.2,0.05,0.268,0.35,0.55,0.35,0.132
193,,0.018,0.05,-0.1,0.118,0.2,0.4,0.2,-0.018
194,3,0.268,0.441,0.9,0.509,0.45,0.509,0.25,0.091
195,3,0.518,0.832,1.0,0.9,0.7,0.618,0.3,0.2
196,,0.368,0.682,0.85,0.75,0.55,0.468,0.15,0.05
197,,0.218,0.532,0.7,0.6,0.4,0.318,0.0,-0.1
198,8,0.609,0.782,0.809,0.65,0.509,0.568,0.391,0.9
199,8,1.0,1.0,0.918,0.7,0.618,0.818,0.782,1.0
200,,0.85,0.85,0.768,0.55,0.468,0.668,0.632,0.85
201,,0.7,0.7,0.618,0.4,0.318,0.518,0.482,0.7
202,,0.55,0.55,0.468,0.25,0.168,0.368,0.332,0.55
203,,0.4,0.4,0.318,0.1,0.018,0.218,0.182,0.4
204,,0.25,0.25,0.168,-0.05,-0.132,0.068,0.032,0.25
205,5,0.3,0.359,0.418,0.341,0.868,0.459,0.282,0.359
206,5,0.35,0.468,0.668,0.732,1.0,0.85,0.532,0.468
207,,0.2,0.318,0.518,0.582,0.85,0.7,0.382,0.318
208,,0.05,0.168,0.368,0.432,0.7,0.55,0.232,0.168
209,,-0.1,0.018,0.218,0.282,0.55,0.4,0.082,0.018
210,1,0.9,0.409,0.468,0.391,0.6,0.509,0.332,0.409
211,1,1.0,0.8,0.718,0.5,0.65,0.618,0.582,0.8
212,,0.85,0.65,0.568,0.35,0.5,0.468,0.432,0.65
213,,0.7,0.5,0.418,0.2,0.35,0.318,0.282,0.5
214,,0.55,0.35,0.268,0.05,0.2,0.168,0.132,0.35
215,,0.4,0.2,0.118,-0.1,0.05,0.018,-0.018,0.2
216,4,0.509,0.45,0.509,0.9,0.441,0.268,0.091,0.25
217,4,0.618,0.7,0.9,1.0,0.832,0.518,0.2,0.3
218,,0.468,0.55,0.75,0.85,0.682,0.368,0.05,0.15
219,,0.318,0.4,0.6,0.7,0.532,0.218,-0.1,0.0
220,7,0.568,0.509,0.65,0.809,0.782,0.609,0.9,0.391
221,7,0.818,0.618,0.7,0.918,1.0,1.0,1.0,0.782
222,,0.668,0.468,0.55,0.768,0.85,0.85,0.85,0.632
223,,0.518,0.318,0.4,0.618,0.7,0.7,0.7,0.482
224,,0.368,0.168,0.25,0.468,0.55,0.55,0.55,0.332
225,,0.218,0.018,0.1,0.318,0.4,0.4,0.4,0.182
226,,0.068,-0.132,-0.05,0.168,0.25,0.25,0.25,0.032
227,2,0.459,0.868,0.341,0.418,0.359,0.3,0.359,0.282
228,2,0.85,1.0,0.732,0.668,0.468,0.35,0.468,0.532
229,,0.7,0.85,0.582,0.518,0.318,0.2,0.318,0.382
230,,0.55,0.7,0.432,0.368,0.168,0.05,0.168,0.232
231,,0.4,0.55,0.282,0.218,0.018,-0.1,0.018,0.082
232,6,0.509,0.6,0.391,0.468,0.409,0.9,0.409,0.332
233,6,0.618,0.65,0.5,0.718,0.8,1.0,0.8,0.582
234,,0.468,0.5,0.35,0.568,0.65,0.85,0.65,0.432
235,,0.318,0.35,0.2,0.418,0.5,0.7,0.5,0.282
236,,0.168,0.2,0.05,0.268,0.35,0.55,0.35,0.132
237,,0.018,0.05,-0.1,0.118,0.2,0.4,0.2,-0.018
238,3,0.268,0.441,0.9,0.509,0.45,0.509,0.25,0.091
239,3,0.518,0.832,1.0,0.9,0.7,0.618,0.3,0.2
240,,0.368,0.682,0.85,0.75,0.55,0.468,0.15,0.05
241,,0.218,0.532,0.7,0.6,0.4,0.318,0.0,-0.1
242,8,0.609,0.782,0.809,0.65,0.509,0.568,0.391,0.9
243,8,1.0,1.0,0.918,0.7,0.618,0.818,0.782,1.0
244,,0.85,0.85,0.768,0.55,0.468,0.668,0.632,0.85
245,,0.7,0.7,0.618,0.4,0.318,0.518,0.482,0.7
246,,0.55,0.55,0.468,0.25,0.168,0.368,0.332,0.55
247,,0.4,0.4,0.318,0.1,0.018,0.218,0.182,0.4
248,,0.25,0.25,0.168,-0.05,-0.132,0.068,0.032,0.25
249,5,0.3,0.359,0.418,0.341,0.868,0.459,0.282,0.359
250,5,0.35,0.468,0.668,0.732,1.0,0.85,0.532,0.468
251,,0.2,0.318,0.518,0.582,0.85,0.7,0.382,0.318
252,,0.05,0.168,0.368,0.432,0.7,0.55,0.232,0.168
253,,-0.1,0.018,0.218,0.282,0.55,0.4,0.082,0.018
254,1,0.9,0.409,0.468,0.391,0.6,0.509,0.332,0.409
255,1,1.0,0.8,0.718,0.5,0.65,0.618,0.582,0.8
256,,0.85,0.65,0.568,0.35,0.5,0.468,0.432,0.65
257,,0.7,0.5,0.418,0.2,0.35,0.318,0.282,0.5
258,,0.55,0.35,0.268,0.05,0.2,0.168,0.132,0.35
259,,0.4,0.2,0.118,-0.1,0.05,0.018,-0.018,0.2
260,4,0.509,0.45,0.509,0.9,0.441,0.268,0.091,0.25
261,4,0.618,0.7,0.9,1.0,0.832,0.518,0.2,0.3
262,,0.468,0.55,0.75,0.85,0.682,0.368,0.05,0.15
263,,0.318,0.4,0.6,0.7,0.532,0.218,-0.1,0.0
264,7,0.568,0.509,0.65,0.809,0.782,0.609,0.9,0.391
265,7,0.818,0.618,0.7,0.918,1.0,1.0,1.0,0.782
266,,0.668,0.468,0.55,0.768,0.85,0.85,0.85,0.632
267,,0.518,0.318,0.4,0.618,0.7,0.7,0.7,0.482
268,,0.368,0.168,0.25,0.468,0.55,0.55,0.55,0.332
269,,0.218,0.018,0.1,0.318,0.4,0.4,0.4,0.182
270,,0.068,-0.132,-0.05,0.168,0.25,0.25,0.25,0.032
271,2,0.459,0.868,0.341,0.418,0.359,0.3,0.359,0.282
272,2,0.85,1.0,0.732,0.668,0.468,0.35,0.468,0.532
273,,0.7,0.85,0.582,0.518,0.318,0.2,0.318,0.382
274,,0.55,0.7,0.432,0.368,0.168,0.05,0.168,0.232
275,,0.4,0.55,0.282,0.218,0.018,-0.1,0.018,0.082
276,6,0.509,0.6,0.391,0.468,0.409,0.9,0.409,0.332
277,6,0.618,0.65,0.5,0.718,0.8,1.0,0.8,0.582
278,,0.468,0.5,0.35,0.568,0.65,0.85,0.65,0.432
279,,0.318,0.35,0.2,0.418,0.5,0.7,0.5,0.282
280,,0.168,0.2,0.05,0.268,0.35,0.55,0.35,0.132
281,,0.018,0.05,-0.1,0.118,0.2,0.4,0.2,-0.018
282,3,0.268,0.441,0.9,0.509,0.45,0.509,0.25,0.091
283,3,0.518,0.832,1.0,0.9,0.7,0.618,0.3,0.2
284,,0.368,0.682,0.85,0.75,0.55,0.468,0.15,0.05
285,,0.218,0.532,0.7,0.6,0.4,0.318,0.0,-0.1
286,8,0.609,0.782,0.809,0.65,0.509,0.568,0.391,0.9
287,8,1.0,1.0,0.918,0.7,0.618,0.818,0.782,1.0
288,,0.85,0.85,0.768,0.55,0.468,0.668,0.632,0.85
289,,0.7,0.7,0.618,0.4,0.318,0.518,0.482,0.7
290,,0.55,0.55,0.468,0.25,0.168,0.368,0.332,0.55
291,,0.4,0.4,0.318,0.1,0.018,0.218,0.182,0.4
292,,0.25,0.25,0.168,-0.05,-0.132,0.068,0.032,0.25
293,5,0.3,0.359,0.418,0.341,0.868,0.459,0.282,0.359
294,5,0.35,0.468,0.668,0.732,1.0,0.85,0.532,0.468
295,,0.2,0.318,0.518,0.582,0.85,0.7,0.382,0.318
296,,0.05,0.168,0.368,0.432,0.7,0.55,0.232,0.168
297,,-0.1,0.018,0.218,0.282,0.55,0.4,0.082,0.018
298,1,0.9,0.409,0.468,0.391,0.6,0.509,0.332,0.409
299,1,1.0,0.8,0.718,0.5,0.65,0.618,0.582,0.8
300,,0.85,0.65,0.568,0.35,0.5,0.468,0.432,0.65
301,,0.7,0.5,0.418,0.2,0.35,0.318,0.282,0.5
302,,0.55,0.35,0.268,0.05,0.2,0.168,0.132,0.35
303,,0.4,0.2,0.118,-0.1,0.05,0.018,-0.018,0.2
304,4,0.509,0.45,0.509,0.9,0.441,0.268,0.091,0.25
305,4,0.618,0.7,0.9,1.0,0.832,0.518,0.2,0.3
306,,0.468,0.55,0.75,0.85,0.682,0.368,0.05,0.15
307,,0.318,0.4,0.6,0.7,0.532,0.218,-0.1,0.0
308,7,0.568,0.509,0.65,0.809,0.782,0.609,0.9,0.391
309,7,0.818,0.618,0.7,0.918,1.0,1.0,1.0,0.782
310,,0.668,0.468,0.55,0.768,0.85,0.85,0.85,0.632
311,,0.518,0.318,0.4,0.618,0.7,0.7,0.7,0.482
312,,0.368,0.168,0.25,0.468,0.55,0.55,0.55,0.332
313,,0.218,0.018,0.1,0.318,0.4,0.4,0.4,0.182
314,,0.068,-0.132,-0.05,0.168,0.25,0.25,0.25,0.032
315,2,0.459,0.868,0.341,0.418,0.359,0.3,0.359,0.282
316,2,0.85,1.0,0.732,0.668,0.468,0.35,0.468,0.532
317,,0.7,0.85,0.582,0.518,0.318,0.2,0.318,0.382
318,,0.55,0.7,0.432,0.368,0.168,0.05,0.168,0.232
319,,0.4,0.55,0.282,0.218,0.018,-0.1,0.018,0.082
320,6,0.509,0.6,0.391,0.468,0.409,0.9,0.409,0.332
321,6,0.618,0.65,0.5,0.718,0.8,1.0,0.8,0.582
322,,0.468,0.5,0.35,0.568,0.65,0.85,0.65,0.432
323,,0.318,0.35,0.2,0.418,0.5,0.7,0.5,0.282
324,,0.168,0.2,0.05,0.268,0.35,0.55,0.35,0.132
325,,0.018,0.05,-0.1,0.118,0.2,0.4,0.2,-0.018
326,3,0.268,0.441,0.9,0.509,0.45,0.509,0.25,0.091
327,3,0.518,0.832,1.0,0.9,0.7,0.618,0.3,0.2
328,,0.368,0.682,0.85,0.75,0.55,0.468,0.15,0.05
329,,0.218,0.532,0.7,0.6,0.4,0.318,0.0,-0.1
330,8,0.609,0.782,0.809,0.65,0.509,0.568,0.391,0.9
331,8,1.0,1.0,0.918,0.7,0.618,0.818,0.782,1.0
332,,0.85,0.85,0.768,0.55,0.468,0.668,0.632,0.85
333,,0.7,0.7,0.618,0.4,0.318,0.518,0.482,0.7
334,,0.55,0.55,0.468,0.25,0.168,0.368,0.332,0.55
335,,0.4,0.4,0.318,0.1,0.018,0.218,0.182,0.4
336,,0.25,0.25,0.168,-0.05,-0.132,0.068,0.032,0.25
337,5,0.3,0.359,0.418,0.341,0.868,0.459,0.282,0.359
338,5,0.35,0.468,0.668,0.732,1.0,0.85,0.532,0.468
339,,0.2,0.318,0.518,0.582,0.85,0.7,0.382,0.318
340,,0.05,0.168,0.368,0.432,0.7,0.55,0.232,0.168
341,,-0.1,0.018,0.218,0.282,0.55,0.4,0.082,0.018
342,1,0.9,0.409,0.468,0.391,0.6,0.509,0.332,0.409
343,1,1.0,0.8,0.718,0.5,0.65,0.618,0.582,0.8
344,,0.85,0.65,0.568,0.35,0.5,0.468,0.432,0.65
345,,0.7,0.5,0.418,0.2,0.35,0.318,0.282,0.5
346,,0.55,0.35,0.268,0.05,0.2,0.168,0.132,0.35
347,,0.4,0.2,0.118,-0.1,0.05,0.018,-0.018,0.2
348,4,0.509,0.45,0.509,0.9,0.441,0.268,0.091,0.25
349,4,0.618,0.7,0.9,1.0,0.832,0.518,0.2,0.3
350,,0.468,0.55,0.75,0.85,0.682,0.368,0.05,0.15
351,,0.318,0.4,0.6,0.7,0.532,0.218,-0.1,0.0
352,7,0.568,0.509,0.65,0.809,0.782,0.609,0.9,0.391
353,7,0.818,0.618,0.7,0.918,1.0,1.0,1.0,0.782
354,,0.668,0.468,0.55,0.768,0.85,0.85,0.85,0.632
355,,0.518,0.318,0.4,0.618,0.7,0.7,0.7,0.482
356,,0.368,0.168,0.25,0.468,0.55,0.55,0.55,0.332
357,,0.218,0.018,0.1,0.318,0.4,0.4,0.4,0.182
358,,0.068,-0.132,-0.05,0.168,0.25,0.25,0.25,0.032
359,2,0.459,0.868,0.341,0.418,0.359,0.3,0.359,0.282
360,2,0.85,1.0,0.732,0.668,0.468,0.35,0.468,0.532
361,,0.7,0.85,0.582,0.518,0.318,0.2,0.318,0.382
362,,0.55,0.7,0.432,0.368,0.168,0.05,0.168,0.232
363,,0.4,0.55,0.282,0.218,0.018,-0.1,0.018,0.082
364,6,0.509,0.6,0.391,0.468,0.409,0.9,0.409,0.332
365,6,0.618,0.65,0.5,0.718,0.8,1.0,0.8,0.582
366,,0.468,0.5,0.35,0.568,0.65,0.85,0.65,0.432
367,,0.318,0.35,0.2,0.418,0.5,0.7,0.5,0.282
368,,0.168,0.2,0.05,0.268,0.35,0.55,0.35,0.132
369,,0.018,0.05,-0.1,0.118,0.2,0.4,0.2,-0.018
370,3,0.268,0.441,0.9,0.509,0.45,0.509,0.25,0.091
371,3,0.518,0.832,1.0,0.9,0.7,0.618,0.3,0.2
372,,0.368,0.682,0.85,0.75,0.55,0.468,0.15,0.05
373,,0.218,0.532,0.7,0.6,0.4,0.318,0.0,-0.1
374,8,0.609,0.782,0.809,0.65,0.509,0.568,0.391,0.9
375,8,1.0,1.0,0.918,0.7,0.618,0.818,0.782,1.0
376,,0.85,0.85,0.768,0.55,0.468,0.668,0.632,0.85
377,,0.7,0.7,0.618,0.4,0.318,0.518,0.482,0.7
378,,0.55,0.55,0.468,0.25,0.168,0.368,0.332,0.55
379,,0.4,0.4,0.318,0.1,0.018,0.218,0.182,0.4
380,,0.25,0.25,0.168,-0.05,-0.132,0.068,0.032,0.25
381,5,0.3,0.359,0.418,0.341,0.868,0.459,0.282,0.359
382,5,0.35,0.468,0.668,0.732,1.0,0.85,0.532,0.468
383,,0.2,0.318,0.518,0.582,0.85,0.7,0.382,0.318
384,,0.05,0.168,0.368,0.432,0.7,0.55,0.232,0.168
385,,-0.1,0.018,0.218,0.282,0.55,0.4,0.082,0.018
386,1,0.9,0.409,0.468,0.391,0.6,0.509,0.332,0.409
387,1,1.0,0.8,0.718,0.5,0.65,0.618,0.582,0.8
388,,0.85,0.65,0.568,0.35,0.5,0.468,0.432,0.65
389,,0.7,0.5,0.418,0.2,0.35,0.318,0.282,0.5
390,,0.55,0.35,0.268,0.05,0.2,0.168,0.132,0.35
391,,0.4,0.2,0.118,-0.1,0.05,0.018,-0.018,0.2
392,4,0.509,0.45,0.509,0.9,0.441,0.268,0.091,0.25
393,4,0.618,0.7,0.9,1.0,0.832,0.518,0.2,0.3
394,,0.468,0.55,0.75,0.85,0.682,0.368,0.05,0.15
395,,0.318,0.4,0.6,0.7,0.532,0.218,-0.1,0.0
396,7,0.568,0.509,0.65,0.809,0.782,0.609,0.9,0.391
397,7,0.818,0.618,0.7,0.918,1.0,1.0,1.0,0.782
398,,0.668,0.468,0.55,0.768,0.85,0.85,0.85,0.632
399,,0.518,0.318,0.4,0.618,0.7,0.7,0.7,0.482
400,,0.368,0.168,0.25,0.468,0.55,0.55,0.55,0.332
401,,0.218,0.018,0.1,0.318,0.4,0.4,0.4,0.182
402,,0.068,-0.132,-0.05,0.168,0.25,0.25,0.25,0.032
403,2,0.459,0.868,0.341,0.418,0.359,0.3,0.359,0.282
404,2,0.85,1.0,0.732,0.668,0.468,0.35,0.468,0.532
405,,0.7,0.85,0.582,0.518,0.318,0.2,0.318,0.382
406,,0.55,0.7,0.432,0.368,0.168,0.05,0.168,0.232
407,,0.4,0.55,0.282,0.218,0.018,-0.1,0.018,0.082
408,6,0.509,0.6,0.391,0.468,0.409,0.9,0.409,0.332
409,6,0.618,0.65,0.5,0.718,0.8,1.0,0.8,0.582
410,,0.468,0.5,0.35,0.568,0.65,0.85,0.65,0.432
411,,0.318,0.35,0.2,0.418,0.5,0.7,0.5,0.282
412,,0.168,0.2,0.05,0.268,0.35,0.55,0.35,0.132
413,,0.018,0.05,-0.1,0.118,0.2,0.4,0.2,-0.018
414,3,0.268,0.441,0.9,0.509,0.45,0.509,0.25,0.091
415,3,0.518,0.832,1.0,0.9,0.7,0.618,0.3,0.2
416,,0.368,0.682,0.85,0.75,0.55,0.468,0.15,0.05
417,,0.218,0.532,0.7,0.6,0.4,0.318,0.0,-0.1
418,8,0.609,0.782,0.809,0.65,0.509,0.568,0.391,0.9
419,8,1.0,1.0,0.918,0.7,0.618,0.818,0.782,1.0
420,,0.85,0.85,0.768,0.55,0.468,0.668,0.632,0.85
421,,0.7,0.7,0.618,0.4,0.318,0.518,0.482,0.7
422,,0.55,0.55,0.468,0.25,0.168,0.368,0.332,0.55
423,,0.4,0.4,0.318,0.1,0.018,0.218,0.182,0.4
424,,0.25,0.25,0.168,-0.05,-0.132,0.068,0.032,0.25
425,5,0.3,0.359,0.418,0.341,0.868,0.459,0.282,0.359
426,5,0.35,0.468,0.668,0.732,1.0,0.85,0.532,0.468
427,,0.2,0.318,0.518,0.582,0.85,0.7,0.382,0.318
428,,0.05,0.168,0.368,0.432,0.7,0.55,0.232,0.168
429,,-0.1,0.018,0.218,0.282,0.55,0.4,0.082,0.018
430,1,0.9,0.409,0.468,0.391,0.6,0.509,0.332,0.409
431,1,1.0,0.8,0.718,0.5,0.65,0.618,0.582,0.8
432,,0.85,0.65,0.568,0.35,0.5,0.468,0.432,0.65
433,,0.7,0.5,0.418,0.2,0.35,0.318,0.282,0.5
434,,0.55,0.35,0.268,0.05,0.2,0.168,0.132,0.35
435,,0.4,0.2,0.118,-0.1,0.05,0.018,-0.018,0.2
436,4,0.509,0.45,0.509,0.9,0.441,0.268,0.091,0.25
437,4,0.618,0.7,0.9,1.0,0.832,0.518,0.2,0.3
438,,0.468,0.55,0.75,0.85,0.682,0.368,0.05,0.15
439,,0.318,0.4,0.6,0.7,0.532,0.218,-0.1,0.0
440,7,0.568,0.509,0.65,0.809,0.782,0.609,0.9,0.391
441,7,0.818,0.618,0.7,0.918,1.0,1.0,1.0,0.782
442,,0.668,0.468,0.55,0.768,0.85,0.85,0.85,0.632
443,,0.518,0.318,0.4,0.618,0.7,0.7,0.7,0.482
444,,0.368,0.168,0.25,0.468,0.55,0.55,0.55,0.332
445,,0.218,0.018,0.1,0.318,0.4,0.4,0.4,0.182
446,,0.068,-0.132,-0.05,0.168,0.25,0.25,0.25,0.032
447,2,0.459,0.868,0.341,0.418,0.359,0.3,0.359,0.282
448,2,0.85,1.0,0.732,0.668,0.468,0.35,0.468,0.532
449,,0.7,0.85,0.582,0.518,0.318,0.2,0.318,0.382
450,,0.55,0.7,0.432,0.368,0.168,0.05,0.168,0.232
451,,0.4,0.55,0.282,0.218,0.018,-0.1,0.018,0.082
452,6,0.509,0.6,0.391,0.468,0.409,0.9,0.409,0.332
453,6,0.618,0.65,0.5,0.718,0.8,1.0,0.8,0.582
454,,0.468,0.5,0.35,0.568,0.65,0.85,0.65,0.432
455,,0.318,0.35,0.2,0.418,0.5,0.7,0.5,0.282
456,,0.168,0.2,0.05,0.268,0.35,0.55,0.35,0.132
457,,0.018,0.05,-0.1,0.118,0.2,0.4,0.2,-0.018
458,3,0.268,0.441,0.9,0.509,0.45,0.509,0.25,0.091
459,3,0.518,0.832,1.0,0.9,0.7,0.618,0.3,0.2
460,,0.368,0.682,0.85,0.75,0.55,0.468,0.15,0.05
461,,0.218,0.532,0.7,0.6,0.4,0.318,0.0,-0.1
462,8,0.609,0.782,0.809,0.65,0.509,0.568,0.391,0.9
463,8,1.0,1.0,0.918,0.7,0.618,0.818,0.782,1.0
464,,0.85,0.85,0.768,0.55,0.468,0.668,0.632,0.85
465,,0.7,0.7,0.618,0.4,0.318,0.518,0.482,0.7
466,,0.55,0.55,0.468,0.25,0.168,0.368,0.332,0.55
467,,0.4,0.4,0.318,0.1,0.018,0.218,0.182,0.4
468,,0.25,0.25,0.168,-0.05,-0.132,0.068,0.032,0.25
469,5,0.3,0.359,0.418,0.341,0.868,0.459,0.282,0.359
470,5,0.35,0.468,0.668,0.732,1.0,0.85,0.532,0.468
471,,0.2,0.318,0.518,0.582,0.85,0.7,0.382,0.318
472,,0.05,0.168,0.368,0.432,0.7,0.55,0.232,0.168
473,,-0.1,0.018,0.218,0.282,0.55,0.4,0.082,0.018
474,1,0.9,0.409,0.468,0.391,0.6,0.509,0.332,0.409
475,1,1.0,0.8,0.718,0.5,0.65,0.618,0.582,0.8
476,,0.85,0.65,0.568,0.35,0.5,0.468,0.432,0.65
477,,0.7,0.5,0.418,0.2,0.35,0.318,0.282,0.5
478,,0.55,0.35,0.268,0.05,0.2,0.168,0.132,0.35
479,,0.4,0.2,0.118,-0.1,0.05,0.018,-0.018,0.2
480,4,0.509,0.45,0.509,0.9,0.441,0.268,0.091,0.25
481,4,0.618,0.7,0.9,1.0,0.832,0.518,0.2,0.3
482,,0.468,0.55,0.75,0.85,0.682,0.368,0.05,0.15
483,,0.318,0.4,0.6,0.7,0.532,0.218,-0.1,0.0
484,7,0.568,0.509,0.65,0.809,0.782,0.609,0.9,0.391
485,7,0.818,0.618,0.7,0.918,1.0,1.0,1.0,0.782
486,,0.668,0.468,0.55,0.768,0.85,0.85,0.85,0.632
487,,0.518,0.318,0.4,0.618,0.7,0.7,0.7,0.482
488,,0.368,0.168,0.25,0.468,0.55,0.55,0.55,0.332
489,,0.218,0.018,0.1,0.318,0.4,0.4,0.4,0.182
490,,0.068,-0.132,-0.05,0.168,0.25,0.25,0.25,0.032
491,2,0.459,0.868,0.341,0.418,0.359,0.3,0.359,0.282
492,2,0.85,1.0,0.732,0.668,0.468,0.35,0.468,0.532
493,,0.7,0.85,0.582,0.518,0.318,0.2,0.318,0.382
494,,0.55,0.7,0.432,0.368,0.168,0.05,0.168,0.232
495,,0.4,0.55,0.282,0.218,0.018,-0.1,0.018,0.082
496,6,0.509,0.6,0.391,0.468,0.409,0.9,0.409,0.332
497,6,0.618,0.65,0.5,0.718,0.8,1.0,0.8,0.582
498,,0.468,0.5,0.35,0.568,0.65,0.85,0.65,0.432
499,,0.318,0.35,0.2,0.418,0.5,0.7,0.5,0.282
500,,0.168,0.2,0.05,0.268,0.35,0.55,0.35,0.132
501,,0.018,0.05,-0.1,0.118,0.2,0.4,0.2,-0.018
502,3,0.268,0.441,0.9,0.509,0.45,0.509,0.25,0.091
503,3,0.518,0.832,1.0,0.9,0.7,0.618,0.3,0.2
504,,0.368,0.682,0.85,0.75,0.55,0.468,0.15,0.05
505,,0.218,0.532,0.7,0.6,0.4,0.318,0.0,-0.1
506,8,0.609,0.782,0.809,0.65,0.509,0.568,0.391,0.9
507,8,1.0,1.0,0.918,0.7,0.618,0.818,0.782,1.0
508,,0.85,0.85,0.768,0.55,0.468,0.668,0.632,0.85
509,,0.7,0.7,0.618,0.4,0.318,0.518,0.482,0.7
510,,0.55,0.55,0.468,0.25,0.168,0.368,0.332,0.55
511,,0.4,0.4,0.318,0.1,0.018,0.218,0.182,0.4
512,,0.25,0.25,0.168,-0.05,-0.132,0.068,0.032,0.25
513,5,0.3,0.359,0.418,0.341,0.868,0.459,0.282,0.359
514,5,0.35,0.468,0.668,0.732,1.0,0.85,0.532,0.468
515,,0.2,0.318,0.518,0.582,0.85,0.7,0.382,0.318
516,,0.05,0.168,0.368,0.432,0.7,0.55,0.232,0.168
517,,-0.1,0.018,0.218,0.282,0.55,0.4,0.082,0.018
518,1,0.9,0.409,0.468,0.391,0.6,0.509,0.332,0.409
519,1,1.0,0.8,0.718,0.5,0.65,0.618,0.582,0.8
520,,0.85,0.65,0.568,0.35,0.5,0.468,0.432,0.65
521,,0.7,0.5,0.418,0.2,0.35,0.318,0.282,0.5
522,,0.55,0.35,0.268,0.05,0.2,0.168,0.132,0.35
523,,0.4,0.2,0.118,-0.1,0.05,0.018,-0.018,0.2
524,4,0.509,0.45,0.509,0.9,0.441,0.268,0.091,0.25
525,4,0.618,0.7,0.9,1.0,0.832,0.518,0.2,0.3
526,,0.468,0.55,0.75,0.85,0.682,0.368,0.05,0.15
527,,0.318,0.4,0.6,0.7,0.532,0.218,-0.1,0.0
528,7,0.568,0.509,0.65,0.809,0.782,0.609,0.9,0.391
529,7,0.818,0.618,0.7,0.918,1.0,1.0,1.0,0.782
530,,0.668,0.468,0.55,0.768,0.85,0.85,0.85,0.632
531,,0.518,0.318,0.4,0.618,0.7,0.7,0.7,0.482
532,,0.368,0.168,0.25,0.468,0.55,0.55,0.55,0.332
533,,0.218,0.018,0.1,0.318,0.4,0.4,0.4,0.182
534,,0.068,-0.132,-0.05,0.168,0.25,0.25,0.25,0.032
535,2,0.459,0.868,0.341,0.418,0.359,0.3,0.359,0.282
536,2,0.85,1.0,0.732,0.668,0.468,0.35,0.468,0.532
537,,0.7,0.85,0.582,0.518,0.318,0.2,0.318,0.382
538,,0.55,0.7,0.432,0.368,0.168,0.05,0.168,0.232
539,,0.4,0.55,0.282,0.218,0.018,-0.1,0.018,0.082
540,6,0.509,0.6,0.391,0.468,0.409,0.9,0.409,0.332
541,6,0.618,0.65,0.5,0.718,0.8,1.0,0.8,0.582
542,,0.468,0.5,0.35,0.568,0.65,0.85,0.65,0.432
543,,0.318,0.35,0.2,0.418,0.5,0.7,0.5,0.282
544,,0.168,0.2,0.05,0.268,0.35,0.55,0.35,0.132
545,,0.018,0.05,-0.1,0.118,0.2,0.4,0.2,-0.018
546,3,0.268,0.441,0.9,0.509,0.45,0.509,0.25,0.091
547,3,0.518,0.832,1.0,0.9,0.7,0.618,0.3,0.2
548,,0.368,0.682,0.85,0.75,0.55,0.468,0.15,0.05
549,,0.218,0.532,0.7,0.6,0.4,0.318,0.0,-0.1
550,8,0.609,0.782,0.809,0.65,0.509,0.568,0.391,0.9
551,8,1.0,1.0,0.918,0.7,0.618,0.818,0.782,1.0
552,,0.85,0.85,0.768,0.55,0.468,0.668,0.632,0.85
553,,0.7,0.7,0.618,0.4,0.318,0.518,0.482,0.7
554,,0.55,0.55,0.468,0.25,0.168,0.368,0.332,0.55
555,,0.4,0.4,0.318,0.1,0.018,0.218,0.182,0.4
556,,0.25,0.25,0.168,-0.05,-0.132,0.068,0.032,0.25
557,5,0.3,0.359,0.418,0.341,0.868,0.459,0.282,0.359
558,5,0.35,0.468,0.668,0.732,1.0,0.85,0.532,0.468
559,,0.2,0.318,0.518,0.582,0.85,0.7,0.382,0.318
560,,0.05,0.168,0.368,0.432,0.7,0.55,0.232,0.168
561,,-0.1,0.018,0.218,0.282,0.55,0.4,0.082,0.018
562,1,0.9,0.409,0.468,0.391,0.6,0.509,0.332,0.409
563,1,1.0,0.8,0.718,0.5,0.65,0.618,0.582,0.8
564,,0.85,0.65,0.568,0.35,0.5,0.468,0.432,0.65
565,,0.7,0.5,0.418,0.2,0.35,0.318,0.282,0.5
566,,0.55,0.35,0.268,0.05,0.2,0.168,0.132,0.35
567,,0.4,0.2,0.118,-0.1,0.05,0.018,-0.018,0.2
568,4,0.509,0.45,0.509,0.9,0.441,0.268,0.091,0.25
569,4,0.618,0.7,0.9,1.0,0.832,0.518,0.2,0.3
570,,0.468,0.55,0.75,0.85,0.682,0.368,0.05,0.15
571,,0.318,0.4,0.6,0.7,0.532,0.218,-0.1,0.0
572,7,0.568,0.509,0.65,0.809,0.782,0.609,0.9,0.391
573,7,0.818,0.618,0.7,0.918,1.0,1.0,1.0,0.782
574,,0.668,0.468,0.55,0.768,0.85,0.85,0.85,0.632
575,,0.518,0.318,0.4,0.618,0.7,0.7,0.7,0.482
576,,0.368,0.168,0.25,0.468,0.55,0.55,0.55,0.332
577,,0.218,0.018,0.1,0.318,0.4,0.4,0.4,0.182
578,,0.068,-0.132,-0.05,0.168,0.25,0.25,0.25,0.032
579,2,0.459,0.868,0.341,0.418,0.359,0.3,0.359,0.282
580,2,0.85,1.0,0.732,0.668,0.468,0.35,0.468,0.532
581,,0.7,0.85,0.582,0.518,0.318,0.2,0.318,0.382
582,,0.55,0.7,0.432,0.368,0.168,0.05,0.168,0.232
583,,0.4,0.55,0.282,0.218,0.018,-0.1,0.018,0.082
584,6,0.509,0.6,0.391,0.468,0.409,0.9,0.409,0.332
585,6,0.618,0.65,0.5,0.718,0.8,1.0,0.8,0.582
586,,0.468,0.5,0.35,0.568,0.65,0.85,0.65,0.432
587,,0.318,0.35,0.2,0.418,0.5,0.7,0.5,0.282
588,,0.168,0.2,0.05,0.268,0.35,0.55,0.35,0.132
589,,0.018,0.05,-0.1,0.118,0.2,0.4,0.2,-0.018
590,3,0.268,0.441,0.9,0.509,0.45,0.509,0.25,0.091
591,3,0.518,0.832,1.0,0.9,0.7,0.618,0.3,0.2
592,,0.368,0.682,0.85,0.75,0.55,0.468,0.15,0.05
593,,0.218,0.532,0.7,0.6,0.4,0.318,0.0,-0.1
594,8,0.609,0.782,0.809,0.65,0.509,0.568,0.391,0.9
595,8,1.0,1.0,0.918,0.7,0.618,0.818,0.782,1.0
596,,0.85,0.85,0.768,0.55,0.468,0.668,0.632,0.85
597,,0.7,0.7,0.618,0.4,0.318,0.518,0.482,0.7
598,,0.55,0.55,0.468,0.25,0.168,0.368,0.332,0.55
599,,0.4,0.4,0.318,0.1,0.018,0.218,0.182,0.4
600,,0.25,0.25,0.168,-0.05,-0.132,0.068,0.032,0.25
601,5,0.3,0.359,0.418,0.341,0.868,0.459,0.282,0.359
602,5,0.35,0.468,0.668,0.732,1.0,0.85,0.532,0.468
603,,0.2,0.318,0.518,0.582,0.85,0.7,0.382,0.318
604,,0.05,0.168,0.368,0.432,0.7,0.55,0.232,0.168
605,,-0.1,0.018,0.218,0.282,0.55,0.4,0.082,0.018
606,1,0.9,0.409,0.468,0.391,0.6,0.509,0.332,0.409
607,1,1.0,0.8,0.718,0.5,0.65,0.618,0.582,0.8
608,,0.85,0.65,0.568,0.35,0.5,0.468,0.432,0.65
609,,0.7,0.5,0.418,0.2,0.35,0.318,0.282,0.5
610,,0.55,0.35,0.268,0.05,0.2,0.168,0.132,0.35
611,,0.4,0.2,0.118,-0.1,0.05,0.018,-0.018,0.2
612,4,0.509,0.45,0.509,0.9,0.441,0.268,0.091,0.25
613,4,0.618,0.7,0.9,1.0,0.832,0.518,0.2,0.3
614,,0.468,0.55,0.75,0.85,0.682,0.368,0.05,0.15
615,,0.318,0.4,0.6,0.7,0.532,0.218,-0.1,0.0
616,7,0.568,0.509,0.65,0.809,0.782,0.609,0.9,0.391
617,7,0.818,0.618,0.7,0.918,1.0,1.0,1.0,0.782
618,,0.668,0.468,0.55,0.768,0.85,0.85,0.85,0.632
619,,0.518,0.318,0.4,0.618,0.7,0.7,0.7,0.482
620,,0.368,0.168,0.25,0.468,0.55,0.55,0.55,0.332
621,,0.218,0.018,0.1,0.318,0.4,0.4,0.4,0.182
622,,0.068,-0.132,-0.05,0.168,0.25,0.25,0.25,0.032
623,2,0.459,0.868,0.341,0.418,0.359,0.3,0.359,0.282
624,2,0.85,1.0,0.732,0.668,0.468,0.35,0.468,0.532
625,,0.7,0.85,0.582,0.518,0.318,0.2,0.318,0.382
626,,0.55,0.7,0.432,0.368,0.168,0.05,0.168,0.232
627,,0.4,0.55,0.282,0.218,0.018,-0.1,0.018,0.082
628,6,0.509,0.6,0.391,0.468,0.409,0.9,0.409,0.332
629,6,0.618,0.65,0.5,0.718,0.8,1.0,0.8,0.582
630,,0.468,0.5,0.35,0.568,0.65,0.85,0.65,0.432
631,,0.318,0.35,0.2,0.418,0.5,0.7,0.5,0.282
632,,0.168,0.2,0.05,0.268,0.35,0.55,0.35,0.132
633,,0.018,0.05,-0.1,0.118,0.2,0.4,0.2,-0.018
634,3,0.268,0.441,0.9,0.509,0.45,0.509,0.25,0.091
635,3,0.518,0.832,1.0,0.9,0.7,0.618,0.3,0.2
636,,0.368,0.682,0.85,0.75,0.55,0.468,0.15,0.05
637,,0.218,0.532,0.7,0.6,0.4,0.318,0.0,-0.1
638,8,0.609,0.782,0.809,0.65,0.509,0.568,0.391,0.9
639,8,1.0,1.0,0.918,0.7,0.618,0.818,0.782,1.0
640,,0.85,0.85,0.768,0.55,0.468,0.668,0.632,0.85
641,,0.7,0.7,0.618,0.4,0.318,0.518,0.482,0.7
642,,0.55,0.55,0.468,0.25,0.168,0.368,0.332,0.55
643,,0.4,0.4,0.318,0.1,0.018,0.218,0.182,0.4
644,,0.25,0.25,0.168,-0.05,-0.132,0.068,0.032,0.25
645,5,0.3,0.359,0.418,0.341,0.868,0.459,0.282,0.359
646,5,0.35,0.468,0.668,0.732,1.0,0.85,0.532,0.468
647,,0.2,0.318,0.518,0.582,0.85,0.7,0.382,0.318
648,,0.05,0.168,0.368,0.432,0.7,0.55,0.232,0.168
649,,-0.1,0.018,0.218,0.282,0.55,0.4,0.082,0.018
650,1,0.9,0.409,0.468,0.391,0.6,0.509,0.332,0.409
651,1,1.0,0.8,0.718,0.5,0.65,0.618,0.582,0.8
652,,0.85,0.65,0.568,0.35,0.5,0.468,0.432,0.65
653,,0.7,0.5,0.418,0.2,0.35,0.318,0.282,0.5
654,,0.55,0.35,0.268,0.05,0.2,0.168,0.132,0.35
655,,0.4,0.2,0.118,-0.1,0.05,0.018,-0.018,0.2
656,4,0.509,0.45,0.509,0.9,0.441,0.268,0.091,0.25
657,4,0.618,0.7,0.9,1.0,0.832,0.518,0.2,0.3
658,,0.468,0.55,0.75,0.85,0.682,0.368,0.05,0.15
659,,0.318,0.4,0.6,0.7,0.532,0.218,-0.1,0.0
660,7,0.568,0.509,0.65,0.809,0.782,0.609,0.9,0.391
661,7,0.818,0.618,0.7,0.918,1.0,1.0,1.0,0.782
662,,0.668,0.468,0.55,0.768,0.85,0.85,0.85,0.632
663,,0.518,0.318,0.4,0.618,0.7,0.7,0.7,0.482
664,,0.368,0.168,0.25,0.468,0.55,0.55,0.55,0.332
665,,0.218,0.018,0.1,0.318,0.4,0.4,0.4,0.182
666,,0.068,-0.132,-0.05,0.168,0.25,0.25,0.25,0.032
667,2,0.459,0.868,0.341,0.418,0.359,0.3,0.359,0.282
668,2,0.85,1.0,0.732,0.668,0.468,0.35,0.468,0.532
669,,0.7,0.85,0.582,0.518,0.318,0.2,0.318,0.382
670,,0.55,0.7,0.432,0.368,0.168,0.05,0.168,0.232
671,,0.4,0.55,0.282,0.218,0.018,-0.1,0.018,0.082
672,6,0.509,0.6,0.391,0.468,0.409,0.9,0.409,0.332
673,6,0.618,0.65,0.5,0.718,0.8,1.0,0.8,0.582
674,,0.468,0.5,0.35,0.568,0.65,0.85,0.65,0.432
675,,0.318,0.35,0.2,0.418,0.5,0.7,0.5,0.282
676,,0.168,0.2,0.05,0.268,0.35,0.55,0.35,0.132
677,,0.018,0.05,-0.1,0.118,0.2,0.4,0.2,-0.018
678,3,0.268,0.441,0.9,0.509,0.45,0.509,0.25,0.091
679,3,0.518,0.832,1.0,0.9,0.7,0.618,0.3,0.2
680,,0.368,0.682,0.85,0.75,0.55,0.468,0.15,0.05
681,,0.218,0.532,0.7,0.6,0.4,0.318,0.0,-0.1
682,8,0.609,0.782,0.809,0.65,0.509,0.568,0.391,0.9
683,8,1.0,1.0,0.918,0.7,0.618,0.818,0.782,1.0
684,,0.85,0.85,0.768,0.55,0.468,0.668,0.632,0.85
685,,0.7,0.7,0.618,0.4,0.318,0.518,0.482,0.7
686,,0.55,0.55,0.468,0.25,0.168,0.368,0.332,0.55
687,,0.4,0.4,0.318,0.1,0.018,0.218,0.182,0.4
688,,0.25,0.25,0.168,-0.05,-0.132,0.068,0.032,0.25
689,5,0.3,0.359,0.418,0.341,0.868,0.459,0.282,0.359
690,5,0.35,0.468,0.668,0.732,1.0,0.85,0.532,0.468
691,,0.2,0.318,0.518,0.582,0.85,0.7,0.382,0.318
692,,0.05,0.168,0.368,0.432,0.7,0.55,0.232,0.168
693,,-0.1,0.018,0.218,0.282,0.55,0.4,0.082,0.018
694,1,0.9,0.409,0.468,0.391,0.6,0.509,0.332,0.409
695,1,1.0,0.8,0.718,0.5,0.65,0.618,0.582,0.8
696,,0.85,0.65,0.568,0.35,0.5,0.468,0.432,0.65
697,,0.7,0.5,0.418,0.2,0.35,0.318,0.282,0.5
698,,0.55,0.35,0.268,0.05,0.2,0.168,0.132,0.35
699,,0.4,0.2,0.118,-0.1,0.05,0.018,-0.018,0.2
700,4,0.509,0.45,0.509,0.9,0.441,0.268,0.091,0.25
701,4,0.618,0.7,0.9,1.0,0.832,0.518,0.2,0.3
702,,0.468,0.55,0.75,0.85,0.682,0.368,0.05,0.15
703,,0.318,0.4,0.6,0.7,0.532,0.218,-0.1,0.0
704,7,0.568,0.509,0.65,0.809,0.782,0.609,0.9,0.391
705,7,0.818,0.618,0.7,0.918,1.0,1.0,1.0,0.782
706,,0.668,0.468,0.55,0.768,0.85,0.85,0.85,0.632
707,,0.518,0.318,0.4,0.618,0.7,0.7,0.7,0.482
708,,0.368,0.168,0.25,0.468,0.55,0.55,0.55,0.332
709,,0.218,0.018,0.1,0.318,0.4,0.4,0.4,0.182
710,,0.068,-0.132,-0.05,0.168,0.25,0.25,0.25,0.032
711,2,0.459,0.868,0.341,0.418,0.359,0.3,0.359,0.282
712,2,0.85,1.0,0.732,0.668,0.468,0.35,0.468,0.532
713,,0.7,0.85,0.582,0.518,0.318,0.2,0.318,0.382
714,,0.55,0.7,0.432,0.368,0.168,0.05,0.168,0.232
715,,0.4,0.55,0.282,0.218,0.018,-0.1,0.018,0.082
716,6,0.509,0.6,0.391,0.468,0.409,0.9,0.409,0.332
717,6,0.618,0.65,0.5,0.718,0.8,1.0,0.8,0.582
718,,0.468,0.5,0.35,0.568,0.65,0.85,0.65,0.432
719,,0.318,0.35,0.2,0.418,0.5,0.7,0.5,0.282
720,,0.168,0.2,0.05,0.268,0.35,0.55,0.35,0.132
721,,0.018,0.05,-0.1,0.118,0.2,0.4,0.2,-0.018
722,3,0.268,0.441,0.9,0.509,0.45,0.509,0.25,0.091
723,3,0.518,0.832,1.0,0.9,0.7,0.618,0.3,0.2
724,,0.368,0.682,0.85,0.75,0.55,0.468,0.15,0.05
725,,0.218,0.532,0.7,0.6,0.4,0.318,0.0,-0.1
726,8,0.609,0.782,0.809,0.65,0.509,0.568,0.391,0.9
727,8,1.0,1.0,0.918,0.7,0.618,0.818,0.782,1.0
728,,0.85,0.85,0.768,0.55,0.468,0.668,0.632,0.85
729,,0.7,0.7,0.618,0.4,0.318,0.518,0.482,0.7
730,,0.55,0.55,0.468,0.25,0.168,0.368,0.332,0.55
731,,0.4,0.4,0.318,0.1,0.018,0.218,0.182,0.4
732,,0.25,0.25,0.168,-0.05,-0.132,0.068,0.032,0.25
733,5,0.3,0.359,0.418,0.341,0.868,0.459,0.282,0.359
734,5,0.35,0.468,0.668,0.732,1.0,0.85,0.532,0.468
735,,0.2,0.318,0.518,0.582,0.85,0.7,0.382,0.318
736,,0.05,0.168,0.368,0.432,0.7,0.55,0.232,0.168
737,,-0.1,0.018,0.218,0.282,0.55,0.4,0.082,0.018
738,1,0.9,0.409,0.468,0.391,0.6,0.509,0.332,0.409
739,1,1.0,0.8,0.718,0.5,0.65,0.618,0.582,0.8
740,,0.85,0.65,0.568,0.35,0.5,0.468,0.432,0.65
741,,0.7,0.5,0.418,0.2,0.35,0.318,0.282,0.5
742,,0.55,0.35,0.268,0.05,0.2,0.168,0.132,0.35
743,,0.4,0.2,0.118,-0.1,0.05,0.018,-0.018,0.2
744,4,0.509,0.45,0.509,0.9,0.441,0.268,0.091,0.25
745,4,0.618,0.7,0.9,1.0,0.832,0.518,0.2,0.3
746,,0.468,0.55,0.75,0.85,0.682,0.368,0.05,0.15
747,,0.318,0.4,0.6,0.7,0.532,0.218,-0.1,0.0
748,7,0.568,0.509,0.65,0.809,0.782,0.609,0.9,0.391
749,7,0.818,0.618,0.7,0.918,1.0,1.0,1.0,0.782
750,,0.668,0.468,0.55,0.768,0.85,0.85,0.85,0.632
751,,0.518,0.318,0.4,0.618,0.7,0.7,0.7,0.482
752,,0.368,0.168,0.25,0.468,0.55,0.55,0.55,0.332
753,,0.218,0.018,0.1,0.318,0.4,0.4,0.4,0.182
754,,0.068,-0.132,-0.05,0.168,0.25,0.25,0.25,0.032
755,2,0.459,0.868,0.341,0.418,0.359,0.3,0.359,0.282
756,2,0.85,1.0,0.732,0.668,0.468,0.35,0.468,0.532
757,,0.7,0.85,0.582,0.518,0.318,0.2,0.318,0.382
758,,0.55,0.7,0.432,0.368,0.168,0.05,0.168,0.232
759,,0.4,0.55,0.282,0.218,0.018,-0.1,0.018,0.082
760,6,0.509,0.6,0.391,0.468,0.409,0.9,0.409,0.332
761,6,0.618,0.65,0.5,0.718,0.8,1.0,0.8,0.582
762,,0.468,0.5,0.35,0.568,0.65,0.85,0.65,0.432
763,,0.318,0.35,0.2,0.418,0.5,0.7,0.5,0.282
764,,0.168,0.2,0.05,0.268,0.35,0.55,0.35,0.132
765,,0.018,0.05,-0.1,0.118,0.2,0.4,0.2,-0.018
766,3,0.268,0.441,0.9,0.509,0.45,0.509,0.25,0.091
767,3,0.518,0.832,1.0,0.9,0.7,0.618,0.3,0.2
768,,0.368,0.682,0.85,0.75,0.55,0.468,0.15,0.05
769,,0.218,0.532,0.7,0.6,0.4,0.318,0.0,-0.1
770,8,0.609,0.782,0.809,0.65,0.509,0.568,0.391,0.9
771,8,1.0,1.0,0.918,0.7,0.618,0.818,0.782,1.0
772,,0.85,0.85,0.768,0.55,0.468,0.668,0.632,0.85
773,,0.7,0.7,0.618,0.4,0.318,0.518,0.482,0.7
774,,0.55,0.55,0.468,0.25,0.168,0.368,0.332,0.55
775,,0.4,0.4,0.318,0.1,0.018,0.218,0.182,0.4
776,,0.25,0.25,0.168,-0.05,-0.132,0.068,0.032,0.25
777,5,0.3,0.359,0.418,0.341,0.868,0.459,0.282,0.359
778,5,0.35,0.468,0.668,0.732,1.0,0.85,0.532,0.468
779,,0.2,0.318,0.518,0.582,0.85,0.7,0.382,0.318
780,,0.05,0.168,0.368,0.432,0.7,0.55,0.232,0.168
781,,-0.1,0.018,0.218,0.282,0.55,0.4,0.082,0.018
782,1,0.9,0.409,0.468,0.391,0.6,0.509,0.332,0.409
783,1,1.0,0.8,0.718,0.5,0.65,0.618,0.582,0.8
784,,0.85,0.65,0.568,0.35,0.5,0.468,0.432,0.65
785,,0.7,0.5,0.418,0.2,0.35,0.318,0.282,0.5
786,,0.55,0.35,0.268,0.05,0.2,0.168,0.132,0.35
787,,0.4,0.2,0.118,-0.1,0.05,0.018,-0.018,0.2
788,4,0.509,0.45,0.509,0.9,0.441,0.268,0.091,0.25
789,4,0.618,0.7,0.9,1.0,0.832,0.518,0.2,0.3
790,,0.468,0.55,0.75,0.85,0.682,0.368,0.05,0.15
791,,0.318,0.4,0.6,0.7,0.532,0.218,-0.1,0.0
792,7,0.568,0.509,0.65,0.809,0.782,0.609,0.9,0.391
793,7,0.818,0.618,0.7,0.918,1.0,1.0,1.0,0.782
794,,0.668,0.468,0.55,0.768,0.85,0.85,0.85,0.632
795,,0.518,0.318,0.4,0.618,0.7,0.7,0.7,0.482
796,,0.368,0.168,0.25,0.468,0.55,0.55,0.55,0.332
797,,0.218,0.018,0.1,0.318,0.4,0.4,0.4,0.182
798,,0.068,-0.132,-0.05,0.168,0.25,0.25,0.25,0.032
799,2,0.459,0.868,0.341,0.418,0.359,0.3,0.359,0.282
800,2,0.85,1.0,0.732,0.668,0.468,0.35,0.468,0.532
801,,0.7,0.85,0.582,0.518,0.318,0.2,0.318,0.382
802,,0.55,0.7,0.432,0.368,0.168,0.05,0.168,0.232
803,,0.4,0.55,0.282,0.218,0.018,-0.1,0.018,0.082
804,6,0.509,0.6,0.391,0.468,0.409,0.9,0.409,0.332
805,6,0.618,0.65,0.5,0.718,0.8,1.0,0.8,0.582
806,,0.468,0.5,0.35,0.568,0.65,0.85,0.65,0.432
807,,0.318,0.35,0.2,0.418,0.5,0.7,0.5,0.282
808,,0.168,0.2,0.05,0.268,0.35,0.55,0.35,0.132
809,,0.018,0.05,-0.1,0.118,0.2,0.4,0.2,-0.018
810,3,0.268,0.441,0.9,0.509,0.45,0.509,0.25,0.091
811,3,0.518,0.832,1.0,0.9,0.7,0.618,0.3,0.2
812,,0.368,0.682,0.85,0.75,0.55,0.468,0.15,0.05
813,,0.218,0.532,0.7,0.6,0.4,0.318,0.0,-0.1
814,8,0.609,0.782,0.809,0.65,0.509,0.568,0.391,0.9
815,8,1.0,1.0,0.918,0.7,0.618,0.818,0.782,1.0
816,,0.85,0.85,0.768,0.55,0.468,0.668,0.632,0.85
817,,0.7,0.7,0.618,0.4,0.318,0.518,0.482,0.7
818,,0.55,0.55,0.468,0.25,0.168,0.368,0.332,0.55
819,,0.4,0.4,0.318,0.1,0.018,0.218,0.182,0.4
820,,0.25,0.25,0.168,-0.05,-0.132,0.068,0.032,0.25
821,5,0.3,0.359,0.418,0.341,0.868,0.459,0.282,0.359
822,5,0.35,0.468,0.668,0.732,1.0,0.85,0.532,0.468
823,,0.2,0.318,0.518,0.582,0.85,0.7,0.382,0.318
824,,0.05,0.168,0.368,0.432,0.7,0.55,0.232,0.168
825,,-0.1,0.018,0.218,0.282,0.55,0.4,0.082,0.018
826,1,0.9,0.409,0.468,0.391,0.6,0.509,0.332,0.409
827,1,1.0,0.8,0.718,0.5,0.65,0.618,0.582,0.8
828,,0.85,0.65,0.568,0.35,0.5,0.468,0.432,0.65
829,,0.7,0.5,0.418,0.2,0.35,0.318,0.282,0.5
830,,0.55,0.35,0.268,0.05,0.2,0.168,0.132,0.35
831,,0.4,0.2,0.118,-0.1,0.05,0.018,-0.018,0.2
