step,active_motive,motive_1,motive_2,motive_3,motive_4,motive_5,motive_6,motive_7,motive_8
0,,0.26967,0.40372,0.44805,0.159,0.05503,0.11397,0.21355,0.40901
1,,0.11967,0.25372,0.29805,0.009,-0.09497,-0.03603,0.06355,0.25901
2,5,0.16967,0.36272,0.54805,0.4,0.90503,0.35497,0.31355,0.36801
3,5,0.21967,0.47172,0.79805,0.791,1.0,0.74597,0.56355,0.47701
4,,0.06967,0.32172,0.64805,0.641,0.85,0.59597,0.41355,0.32701
5,,-0.08033,0.17172,0.49805,0.491,0.7,0.44597,0.26355,0.17701
6,1,0.91967,0.56272,0.74805,0.6,0.75,0.55497,0.51355,0.56801
7,1,1.0,0.95372,0.99805,0.709,0.8,0.66397,0.76355,0.95901
8,,0.85,0.80372,0.84805,0.559,0.65,0.51397,0.61355,0.80901
9,,0.7,0.65372,0.69805,0.409,0.5,0.36397,0.46355,0.65901
10,,0.55,0.50372,0.54805,0.259,0.35,0.21397,0.31355,0.50901
11,,0.4,0.35372,0.39805,0.109,0.2,0.06397,0.16355,0.35901
12,,0.25,0.20372,0.24805,-0.041,0.05,-0.08603,0.01355,0.20901
13,6,0.359,0.25372,0.35705,0.209,0.441,0.91397,0.40455,0.45901
14,6,0.468,0.30372,0.46605,0.459,0.832,1.0,0.79555,0.70901
15,,0.318,0.15372,0.31605,0.309,0.682,0.85,0.64555,0.55901
16,,0.168,0.00372,0.16605,0.159,0.532,0.7,0.49555,0.40901
17,,0.018,-0.14628,0.01605,0.009,0.382,0.55,0.34555,0.25901
18,2,0.409,0.85372,0.40705,0.259,0.491,0.6,0.45455,0.50901
19,2,0.8,1.0,0.79805,0.509,0.6,0.65,0.56355,0.75901
20,,0.65,0.85,0.64805,0.359,0.45,0.5,0.41355,0.60901
21,,0.5,0.7,0.49805,0.209,0.3,0.35,0.26355,0.45901
22,,0.35,0.55,0.34805,0.059,0.15,0.2,0.11355,0.30901
23,,0.2,0.4,0.19805,-0.091,0.0,0.05,-0.03645,0.15901
24,4,0.309,0.65,0.58905,0.909,0.391,0.3,0.07255,0.20901
25,4,0.418,0.9,0.98005,1.0,0.782,0.55,0.18155,0.25901
26,,0.268,0.75,0.83005,0.85,0.632,0.4,0.03155,0.10901
27,,0.118,0.6,0.68005,0.7,0.482,0.25,-0.11845,-0.04099
28,7,0.368,0.709,0.73005,0.809,0.732,0.641,0.88155,0.35001
29,7,0.618,0.818,0.78005,0.918,0.982,1.0,1.0,0.74101
30,,0.468,0.668,0.63005,0.768,0.832,0.85,0.85,0.59101
31,,0.318,0.518,0.48005,0.618,0.682,0.7,0.7,0.44101
32,,0.168,0.368,0.33005,0.468,0.532,0.55,0.55,0.29101
33,,0.018,0.218,0.18005,0.318,0.382,0.4,0.4,0.14101
34,,-0.132,0.068,0.03005,0.168,0.232,0.25,0.25,-0.00899
35,1,0.868,0.459,0.28005,0.277,0.282,0.359,0.5,0.38201
36,1,1.0,0.85,0.53005,0.386,0.332,0.468,0.75,0.77301
37,,0.85,0.7,0.38005,0.236,0.182,0.318,0.6,0.62301
38,,0.7,0.55,0.23005,0.086,0.032,0.168,0.45,0.47301
39,,0.55,0.4,0.08005,-0.064,-0.118,0.018,0.3,0.32301
40,5,0.6,0.509,0.33005,0.327,0.882,0.409,0.55,0.43201
41,5,0.65,0.618,0.58005,0.718,1.0,0.8,0.8,0.54101
42,,0.5,0.468,0.43005,0.568,0.85,0.65,0.65,0.39101
43,,0.35,0.318,0.28005,0.418,0.7,0.5,0.5,0.24101
44,,0.2,0.168,0.13005,0.268,0.55,0.35,0.35,0.09101
45,,0.05,0.018,-0.01995,0.118,0.4,0.2,0.2,-0.05899
46,8,0.441,0.268,0.08905,0.168,0.509,0.45,0.591,0.94101
47,8,0.832,0.518,0.19805,0.218,0.618,0.7,0.982,1.0
48,,0.682,0.368,0.04805,0.068,0.468,0.55,0.832,0.85
49,,0.532,0.218,-0.10195,-0.082,0.318,0.4,0.682,0.7
50,3,0.782,0.609,0.89805,0.309,0.568,0.509,0.732,0.809
51,3,1.0,1.0,1.0,0.7,0.818,0.618,0.782,0.918
52,,0.85,0.85,0.85,0.55,0.668,0.468,0.632,0.768
53,,0.7,0.7,0.7,0.4,0.518,0.318,0.482,0.618
54,,0.55,0.55,0.55,0.25,0.368,0.168,0.332,0.468
55,,0.4,0.4,0.4,0.1,0.218,0.018,0.182,0.318
56,,0.25,0.25,0.25,-0.05,0.068,-0.132,0.032,0.168
57,6,0.359,0.3,0.359,0.2,0.459,0.868,0.423,0.418
58,6,0.468,0.35,0.468,0.45,0.85,1.0,0.814,0.668
59,,0.318,0.2,0.318,0.3,0.7,0.85,0.664,0.518
60,,0.168,0.05,0.168,0.15,0.55,0.7,0.514,0.368
61,,0.018,-0.1,0.018,0.0,0.4,0.55,0.364,0.218
62,2,0.409,0.9,0.409,0.25,0.509,0.6,0.473,0.468
63,2,0.8,1.0,0.8,0.5,0.618,0.65,0.582,0.718
64,,0.65,0.85,0.65,0.35,0.468,0.5,0.432,0.568
65,,0.5,0.7,0.5,0.2,0.318,0.35,0.282,0.418
66,,0.35,0.55,0.35,0.05,0.168,0.2,0.132,0.268
67,,0.2,0.4,0.2,-0.1,0.018,0.05,-0.018,0.118
68,4,0.309,0.65,0.591,0.9,0.409,0.3,0.091,0.168
69,4,0.418,0.9,0.982,1.0,0.8,0.55,0.2,0.218
70,,0.268,0.75,0.832,0.85,0.65,0.4,0.05,0.068
71,,0.118,0.6,0.682,0.7,0.5,0.25,-0.1,-0.082
72,7,0.368,0.709,0.732,0.809,0.75,0.641,0.9,0.309
73,7,0.618,0.818,0.782,0.918,1.0,1.0,1.0,0.7
74,,0.468,0.668,0.632,0.768,0.85,0.85,0.85,0.55
75,,0.318,0.518,0.482,0.618,0.7,0.7,0.7,0.4
76,,0.168,0.368,0.332,0.468,0.55,0.55,0.55,0.25
77,,0.018,0.218,0.182,0.318,0.4,0.4,0.4,0.1
78,,-0.132,0.068,0.032,0.168,0.25,0.25,0.25,-0.05
79,1,0.868,0.459,0.282,0.277,0.3,0.359,0.5,0.341
80,1,1.0,0.85,0.532,0.386,0.35,0.468,0.75,0.732
81,,0.85,0.7,0.382,0.236,0.2,0.318,0.6,0.582
82,,0.7,0.55,0.232,0.086,0.05,0.168,0.45,0.432
83,,0.55,0.4,0.082,-0.064,-0.1,0.018,0.3,0.282
84,5,0.6,0.509,0.332,0.327,0.9,0.409,0.55,0.391
85,5,0.65,0.618,0.582,0.718,1.0,0.8,0.8,0.5
86,,0.5,0.468,0.432,0.568,0.85,0.65,0.65,0.35
87,,0.35,0.318,0.282,0.418,0.7,0.5,0.5,0.2
88,,0.2,0.168,0.132,0.268,0.55,0.35,0.35,0.05
89,,0.05,0.018,-0.018,0.118,0.4,0.2,0.2,-0.1
90,8,0.441,0.268,0.091,0.168,0.509,0.45,0.591,0.9
91,8,0.832,0.518,0.2,0.218,0.618,0.7,0.982,1.0
92,,0.682,0.368,0.05,0.068,0.468,0.55,0.832,0.85
93,,0.532,0.218,-0.1,-0.082,0.318,0.4,0.682,0.7
94,3,0.782,0.609,0.9,0.309,0.568,0.509,0.732,0.809
95,3,1.0,1.0,1.0,0.7,0.818,0.618,0.782,0.918
96,,0.85,0.85,0.85,0.55,0.668,0.468,0.632,0.768
97,,0.7,0.7,0.7,0.4,0.518,0.318,0.482,0.618
98,,0.55,0.55,0.55,0.25,0.368,0.168,0.332,0.468
99,,0.4,0.4,0.4,0.1,0.218,0.018,0.182,0.318
100,,0.25,0.25,0.25,-0.05,0.068,-0.132,0.032,0.168
101,6,0.359,0.3,0.359,0.2,0.459,0.868,0.423,0.418
102,6,0.468,0.35,0.468,0.45,0.85,1.0,0.814,0.668
103,,0.318,0.2,0.318,0.3,0.7,0.85,0.664,0.518
104,,0.168,0.05,0.168,0.15,0.55,0.7,0.514,0.368
105,,0.018,-0.1,0.018,0.0,0.4,0.55,0.364,0.218
106,2,0.409,0.9,0.409,0.25,0.509,0.6,0.473,0.468
107,2,0.8,1.0,0.8,0.5,0.618,0.65,0.582,0.718
108,,0.65,0.85,0.65,0.35,0.468,0.5,0.432,0.568
109,,0.5,0.7,0.5,0.2,0.318,0.35,0.282,0.418
110,,0.35,0.55,0.35,0.05,0.168,0.2,0.132,0.268
111,,0.2,0.4,0.2,-0.1,0.018,0.05,-0.018,0.118
112,4,0.309,0.65,0.591,0.9,0.409,0.3,0.091,0.168
113,4,0.418,0.9,0.982,1.0,0.8,0.55,0.2,0.218
114,,0.268,0.75,0.832,0.85,0.65,0.4,0.05,0.068
115,,0.118,0.6,0.682,0.7,0.5,0.25,-0.1,-0.082
116,7,0.368,0.709,0.732,0.809,0.75,0.641,0.9,0.309
117,7,0.618,0.818,0.782,0.918,1.0,1.0,1.0,0.7
118,,0.468,0.668,0.632,0.768,0.85,0.85,0.85,0.55
119,,0.318,0.518,0.482,0.618,0.7,0.7,0.7,0.4
120,,0.168,0.368,0.332,0.468,0.55,0.55,0.55,0.25
121,,0.018,0.218,0.182,0.318,0.4,0.4,0.4,0.1
122,,-0.132,0.068,0.032,0.168,0.25,0.25,0.25,-0.05
123,1,0.868,0.459,0.282,0.277,0.3,0.359,0.5,0.341
124,1,1.0,0.85,0.532,0.386,0.35,0.468,0.75,0.732
125,,0.85,0.7,0.382,0.236,0.2,0.318,0.6,0.582
126,,0.7,0.55,0.232,0.086,0.05,0.168,0.45,0.432
127,,0.55,0.4,0.082,-0.064,-0.1,0.018,0.3,0.282
128,5,0.6,0.509,0.332,0.327,0.9,0.409,0.55,0.391
129,5,0.65,0.618,0.582,0.718,1.0,0.8,0.8,0.5
130,,0.5,0.468,0.432,0.568,0.85,0.65,0.65,0.35
131,,0.35,0.318,0.282,0.418,0.7,0.5,0.5,0.2
132,,0.2,0.168,0.132,0.268,0.55,0.35,0.35,0.05
133,,0.05,0.018,-0.018,0.118,0.4,0.2,0.2,-0.1
134,8,0.441,0.268,0.091,0.168,0.509,0.45,0.591,0.9
135,8,0.832,0.518,0.2,0.218,0.618,0.7,0.982,1.0
136,,0.682,0.368,0.05,0.068,0.468,0.55,0.832,0.85
137,,0.532,0.218,-0.1,-0.082,0.318,0.4,0.682,0.7
138,3,0.782,0.609,0.9,0.309,0.568,0.509,0.732,0.809
139,3,1.0,1.0,1.0,0.7,0.818,0.618,0.782,0.918
140,,0.85,0.85,0.85,0.55,0.668,0.468,0.632,0.768
141,,0.7,0.7,0.7,0.4,0.518,0.318,0.482,0.618
142,,0.55,0.55,0.55,0.25,0.368,0.168,0.332,0.468
143,,0.4,0.4,0.4,0.1,0.218,0.018,0.182,0.318
144,,0.25,0.25,0.25,-0.05,0.068,-0.132,0.032,0.168
145,6,0.359,0.3,0.359,0.2,0.459,0.868,0.423,0.418
146,6,0.468,0.35,0.468,0.45,0.85,1.0,0.814,0.668
147,,0.318,0.2,0.318,0.3,0.7,0.85,0.664,0.518
148,,0.168,0.05,0.168,0.15,0.55,0.7,0.514,0.368
149,,0.018,-0.1,0.018,0.0,0.4,0.55,0.364,0.218
150,2,0.409,0.9,0.409,0.25,0.509,0.6,0.473,0.468
151,2,0.8,1.0,0.8,0.5,0.618,0.65,0.582,0.718
152,,0.65,0.85,0.65,0.35,0.468,0.5,0.432,0.568
153,,0.5,0.7,0.5,0.2,0.318,0.35,0.282,0.418
154,,0.35,0.55,0.35,0.05,0.168,0.2,0.132,0.268
155,,0.2,0.4,0.2,-0.1,0.018,0.05,-0.018,0.118
156,4,0.309,0.65,0.591,0.9,0.409,0.3,0.091,0.168
157,4,0.418,0.9,0.982,1.0,0.8,0.55,0.2,0.218
158,,0.268,0.75,0.832,0.85,0.65,0.4,0.05,0.068
159,,0.118,0.6,0.682,0.7,0.5,0.25,-0.1,-0.082
160,7,0.368,0.709,0.732,0.809,0.75,0.641,0.9,0.309
161,7,0.618,0.818,0.782,0.918,1.0,1.0,1.0,0.7
162,,0.468,0.668,0.632,0.768,0.85,0.85,0.85,0.55
163,,0.318,0.518,0.482,0.618,0.7,0.7,0.7,0.4
164,,0.168,0.368,0.332,0.468,0.55,0.55,0.55,0.25
165,,0.018,0.218,0.182,0.318,0.4,0.4,0.4,0.1
166,,-0.132,0.068,0.032,0.168,0.25,0.25,0.25,-0.05
167,1,0.868,0.459,0.282,0.277,0.3,0.359,0.5,0.341
168,1,1.0,0.85,0.532,0.386,0.35,0.468,0.75,0.732
169,,0.85,0.7,0.382,0.236,0.2,0.318,0.6,0.582
170,,0.7,0.55,0.232,0.086,0.05,0.168,0.45,0.432
171,,0.55,0.4,0.082,-0.064,-0.1,0.018,0.3,0.282
172,5,0.6,0.509,0.332,0.327,0.9,0.409,0.55,0.391
173,5,0.65,0.618,0.582,0.718,1.0,0.8,0.8,0.5
174,,0.5,0.468,0.432,0.568,0.85,0.65,0.65,0.35
175,,0.35,0.318,0.282,0.418,0.7,0.5,0.5,0.2
176,,0.2,0.168,0.132,0.268,0.55,0.35,0.35,0.05
177,,0.05,0.018,-0.018,0.118,0.4,0.2,0.2,-0.1
178,8,0.441,0.268,0.091,0.168,0.509,0.45,0.591,0.9
179,8,0.832,0.518,0.2,0.218,0.618,0.7,0.982,1.0
180,,0.682,0.368,0.05,0.068,0.468,0.55,0.832,0.85
181,,0.532,0.218,-0.1,-0.082,0.318,0.4,0.682,0.7
182,3,0.782,0.609,0.9,0.309,0.568,0.509,0.732,0.809
183,3,1.0,1.0,1.0,0.7,0.818,0.618,0.782,0.918
184,,0.85,0.85,0.85,0.55,0.668,0.468,0.632,0.768
185,,0.7,0.7,0.7,0.4,0.518,0.318,0.482,0.618
186,,0.55,0.55,0.55,0.25,0.368,0.168,0.332,0.468
187,,0.4,0.4,0.4,0.1,0.218,0.018,0.182,0.318
188,,0.25,0.25,0.25,-0.05,0.068,-0.132,0.032,0.168
189,6,0.359,0.3,0.359,0.2,0.459,0.868,0.423,0.418
190,6,0.468,0.35,0.468,0.45,0.85,1.0,0.814,0.668
191,,0.318,0.2,0.318,0.3,0.7,0.85,0.664,0.518
192,,0.168,0.05,0.168,0.15,0.55,0.7,0.514,0.368
193,,0.018,-0.1,0.018,0.0,0.4,0.55,0.364,0.218
194,2,0.409,0.9,0.409,0.25,0.509,0.6,0.473,0.468
195,2,0.8,1.0,0.8,0.5,0.618,0.65,0.582,0.718
196,,0.65,0.85,0.65,0.35,0.468,0.5,0.432,0.568
197,,0.5,0.7,0.5,0.2,0.318,0.35,0.282,0.418
198,,0.35,0.55,0.35,0.05,0.168,0.2,0.132,0.268
199,,0.2,0.4,0.2,-0.1,0.018,0.05,-0.018,0.118
200,4,0.309,0.65,0.591,0.9,0.409,0.3,0.091,0.168
201,4,0.418,0.9,0.982,1.0,0.8,0.55,0.2,0.218
202,,0.268,0.75,0.832,0.85,0.65,0.4,0.05,0.068
203,,0.118,0.6,0.682,0.7,0.5,0.25,-0.1,-0.082
204,7,0.368,0.709,0.732,0.809,0.75,0.641,0.9,0.309
205,7,0.618,0.818,0.782,0.918,1.0,1.0,1.0,0.7
206,,0.468,0.668,0.632,0.768,0.85,0.85,0.85,0.55
207,,0.318,0.518,0.482,0.618,0.7,0.7,0.7,0.4
208,,0.168,0.368,0.332,0.468,0.55,0.55,0.55,0.25
209,,0.018,0.218,0.182,0.318,0.4,0.4,0.4,0.1
210,,-0.132,0.068,0.032,0.168,0.25,0.25,0.25,-0.05
211,1,0.868,0.459,0.282,0.277,0.3,0.359,0.5,0.341
212,1,1.0,0.85,0.532,0.386,0.35,0.468,0.75,0.732
213,,0.85,0.7,0.382,0.236,0.2,0.318,0.6,0.582
214,,0.7,0.55,0.232,0.086,0.05,0.168,0.45,0.432
215,,0.55,0.4,0.082,-0.064,-0.1,0.018,0.3,0.282
216,5,0.6,0.509,0.332,0.327,0.9,0.409,0.55,0.391
217,5,0.65,0.618,0.582,0.718,1.0,0.8,0.8,0.5
218,,0.5,0.468,0.432,0.568,0.85,0.65,0.65,0.35
219,,0.35,0.318,0.282,0.418,0.7,0.5,0.5,0.2
220,,0.2,0.168,0.132,0.268,0.55,0.35,0.35,0.05
221,,0.05,0.018,-0.018,0.118,0.4,0.2,0.2,-0.1
222,8,0.441,0.268,0.091,0.168,0.509,0.45,0.591,0.9
223,8,0.832,0.518,0.2,0.218,0.618,0.7,0.982,1.0
224,,0.682,0.368,0.05,0.068,0.468,0.55,0.832,0.85
225,,0.532,0.218,-0.1,-0.082,0.318,0.4,0.682,0.7
226,3,0.782,0.609,0.9,0.309,0.568,0.509,0.732,0.809
227,3,1.0,1.0,1.0,0.7,0.818,0.618,0.782,0.918
228,,0.85,0.85,0.85,0.55,0.668,0.468,0.632,0.768
229,,0.7,0.7,0.7,0.4,0.518,0.318,0.482,0.618
230,,0.55,0.55,0.55,0.25,0.368,0.168,0.332,0.468
231,,0.4,0.4,0.4,0.1,0.218,0.018,0.182,0.318
232,,0.25,0.25,0.25,-0.05,0.068,-0.132,0.032,0.168
233,6,0.359,0.3,0.359,0.2,0.459,0.868,0.423,0.418
234,6,0.468,0.35,0.468,0.45,0.85,1.0,0.814,0.668
235,,0.318,0.2,0.318,0.3,0.7,0.85,0.664,0.518
236,,0.168,0.05,0.168,0.15,0.55,0.7,0.514,0.368
237,,0.018,-0.1,0.018,0.0,0.4,0.55,0.364,0.218
238,2,0.409,0.9,0.409,0.25,0.509,0.6,0.473,0.468
239,2,0.8,1.0,0.8,0.5,0.618,0.65,0.582,0.718
240,,0.65,0.85,0.65,0.35,0.468,0.5,0.432,0.568
241,,0.5,0.7,0.5,0.2,0.318,0.35,0.282,0.418
242,,0.35,0.55,0.35,0.05,0.168,0.2,0.132,0.268
243,,0.2,0.4,0.2,-0.1,0.018,0.05,-0.018,0.118
244,4,0.309,0.65,0.591,0.9,0.409,0.3,0.091,0.168
245,4,0.418,0.9,0.982,1.0,0.8,0.55,0.2,0.218
246,,0.268,0.75,0.832,0.85,0.65,0.4,0.05,0.068
247,,0.118,0.6,0.682,0.7,0.5,0.25,-0.1,-0.082
248,7,0.368,0.709,0.732,0.809,0.75,0.641,0.9,0.309
249,7,0.618,0.818,0.782,0.918,1.0,1.0,1.0,0.7
250,,0.468,0.668,0.632,0.768,0.85,0.85,0.85,0.55
251,,0.318,0.518,0.482,0.618,0.7,0.7,0.7,0.4
252,,0.168,0.368,0.332,0.468,0.55,0.55,0.55,0.25
253,,0.018,0.218,0.182,0.318,0.4,0.4,0.4,0.1
254,,-0.132,0.068,0.032,0.168,0.25,0.25,0.25,-0.05
255,1,0.868,0.459,0.282,0.277,0.3,0.359,0.5,0.341
256,1,1.0,0.85,0.532,0.386,0.35,0.468,0.75,0.732
257,,0.85,0.7,0.382,0.236,0.2,0.318,0.6,0.582
258,,0.7,0.55,0.232,0.086,0.05,0.168,0.45,0.432
259,,0.55,0.4,0.082,-0.064,-0.1,0.018,0.3,0.282
260,5,0.6,0.509,0.332,0.327,0.9,0.409,0.55,0.391
261,5,0.65,0.618,0.582,0.718,1.0,0.8,0.8,0.5
262,,0.5,0.468,0.432,0.568,0.85,0.65,0.65,0.35
263,,0.35,0.318,0.282,0.418,0.7,0.5,0.5,0.2
264,,0.2,0.168,0.132,0.268,0.55,0.35,0.35,0.05
265,,0.05,0.018,-0.018,0.118,0.4,0.2,0.2,-0.1
266,8,0.441,0.268,0.091,0.168,0.509,0.45,0.591,0.9
267,8,0.832,0.518,0.2,0.218,0.618,0.7,0.982,1.0
268,,0.682,0.368,0.05,0.068,0.468,0.55,0.832,0.85
269,,0.532,0.218,-0.1,-0.082,0.318,0.4,0.682,0.7
270,3,0.782,0.609,0.9,0.309,0.568,0.509,0.732,0.809
271,3,1.0,1.0,1.0,0.7,0.818,0.618,0.782,0.918
272,,0.85,0.85,0.85,0.55,0.668,0.468,0.632,0.768
273,,0.7,0.7,0.7,0.4,0.518,0.318,0.482,0.618
274,,0.55,0.55,0.55,0.25,0.368,0.168,0.332,0.468
275,,0.4,0.4,0.4,0.1,0.218,0.018,0.182,0.318
276,,0.25,0.25,0.25,-0.05,0.068,-0.132,0.032,0.168
277,6,0.359,0.3,0.359,0.2,0.459,0.868,0.423,0.418
278,6,0.468,0.35,0.468,0.45,0.85,1.0,0.814,0.668
279,,0.318,0.2,0.318,0.3,0.7,0.85,0.664,0.518
280,,0.168,0.05,0.168,0.15,0.55,0.7,0.514,0.368
281,,0.018,-0.1,0.018,0.0,0.4,0.55,0.364,0.218
282,2,0.409,0.9,0.409,0.25,0.509,0.6,0.473,0.468
283,2,0.8,1.0,0.8,0.5,0.618,0.65,0.582,0.718
284,,0.65,0.85,0.65,0.35,0.468,0.5,0.432,0.568
285,,0.5,0.7,0.5,0.2,0.318,0.35,0.282,0.418
286,,0.35,0.55,0.35,0.05,0.168,0.2,0.132,0.268
287,,0.2,0.4,0.2,-0.1,0.018,0.05,-0.018,0.118
288,4,0.309,0.65,0.591,0.9,0.409,0.3,0.091,0.168
289,4,0.418,0.9,0.982,1.0,0.8,0.55,0.2,0.218
290,,0.268,0.75,0.832,0.85,0.65,0.4,0.05,0.068
291,,0.118,0.6,0.682,0.7,0.5,0.25,-0.1,-0.082
292,7,0.368,0.709,0.732,0.809,0.75,0.641,0.9,0.309
293,7,0.618,0.818,0.782,0.918,1.0,1.0,1.0,0.7
294,,0.468,0.668,0.632,0.768,0.85,0.85,0.85,0.55
295,,0.318,0.518,0.482,0.618,0.7,0.7,0.7,0.4
296,,0.168,0.368,0.332,0.468,0.55,0.55,0.55,0.25
297,,0.018,0.218,0.182,0.318,0.4,0.4,0.4,0.1
298,,-0.132,0.068,0.032,0.168,0.25,0.25,0.25,-0.05
299,1,0.868,0.459,0.282,0.277,0.3,0.359,0.5,0.341
300,1,1.0,0.85,0.532,0.386,0.35,0.468,0.75,0.732
301,,0.85,0.7,0.382,0.236,0.2,0.318,0.6,0.582
302,,0.7,0.55,0.232,0.086,0.05,0.168,0.45,0.432
303,,0.55,0.4,0.082,-0.064,-0.1,0.018,0.3,0.282
304,5,0.6,0.509,0.332,0.327,0.9,0.409,0.55,0.391
305,5,0.65,0.618,0.582,0.718,1.0,0.8,0.8,0.5
306,,0.5,0.468,0.432,0.568,0.85,0.65,0.65,0.35
307,,0.35,0.318,0.282,0.418,0.7,0.5,0.5,0.2
308,,0.2,0.168,0.132,0.268,0.55,0.35,0.35,0.05
309,,0.05,0.018,-0.018,0.118,0.4,0.2,0.2,-0.1
310,8,0.441,0.268,0.091,0.168,0.509,0.45,0.591,0.9
311,8,0.832,0.518,0.2,0.218,0.618,0.7,0.982,1.0
312,,0.682,0.368,0.05,0.068,0.468,0.55,0.832,0.85
313,,0.532,0.218,-0.1,-0.082,0.318,0.4,0.682,0.7
314,3,0.782,0.609,0.9,0.309,0.568,0.509,0.732,0.809
315,3,1.0,1.0,1.0,0.7,0.818,0.618,0.782,0.918
316,,0.85,0.85,0.85,0.55,0.668,0.468,0.632,0.768
317,,0.7,0.7,0.7,0.4,0.518,0.318,0.482,0.618
318,,0.55,0.55,0.55,0.25,0.368,0.168,0.332,0.468
319,,0.4,0.4,0.4,0.1,0.218,0.018,0.182,0.318
320,,0.25,0.25,0.25,-0.05,0.068,-0.132,0.032,0.168
321,6,0.359,0.3,0.359,0.2,0.459,0.868,0.423,0.418
322,6,0.468,0.35,0.468,0.45,0.85,1.0,0.814,0.668
323,,0.318,0.2,0.318,0.3,0.7,0.85,0.664,0.518
324,,0.168,0.05,0.168,0.15,0.55,0.7,0.514,0.368
325,,0.018,-0.1,0.018,0.0,0.4,0.55,0.364,0.218
326,2,0.409,0.9,0.409,0.25,0.509,0.6,0.473,0.468
327,2,0.8,1.0,0.8,0.5,0.618,0.65,0.582,0.718
328,,0.65,0.85,0.65,0.35,0.468,0.5,0.432,0.568
329,,0.5,0.7,0.5,0.2,0.318,0.35,0.282,0.418
330,,0.35,0.55,0.35,0.05,0.168,0.2,0.132,0.268
331,,0.2,0.4,0.2,-0.1,0.018,0.05,-0.018,0.118
332,4,0.309,0.65,0.591,0.9,0.409,0.3,0.091,0.168
333,4,0.418,0.9,0.982,1.0,0.8,0.55,0.2,0.218
334,,0.268,0.75,0.832,0.85,0.65,0.4,0.05,0.068
335,,0.118,0.6,0.682,0.7,0.5,0.25,-0.1,-0.082
336,7,0.368,0.709,0.732,0.809,0.75,0.641,0.9,0.309
337,7,0.618,0.818,0.782,0.918,1.0,1.0,1.0,0.7
338,,0.468,0.668,0.632,0.768,0.85,0.85,0.85,0.55
339,,0.318,0.518,0.482,0.618,0.7,0.7,0.7,0.4
340,,0.168,0.368,0.332,0.468,0.55,0.55,0.55,0.25
341,,0.018,0.218,0.182,0.318,0.4,0.4,0.4,0.1
342,,-0.132,0.068,0.032,0.168,0.25,0.25,0.25,-0.05
343,1,0.868,0.459,0.282,0.277,0.3,0.359,0.5,0.341
344,1,1.0,0.85,0.532,0.386,0.35,0.468,0.75,0.732
345,,0.85,0.7,0.382,0.236,0.2,0.318,0.6,0.582
346,,0.7,0.55,0.232,0.086,0.05,0.168,0.45,0.432
347,,0.55,0.4,0.082,-0.064,-0.1,0.018,0.3,0.282
348,5,0.6,0.509,0.332,0.327,0.9,0.409,0.55,0.391
349,5,0.65,0.618,0.582,0.718,1.0,0.8,0.8,0.5
350,,0.5,0.468,0.432,0.568,0.85,0.65,0.65,0.35
351,,0.35,0.318,0.282,0.418,0.7,0.5,0.5,0.2
352,,0.2,0.168,0.132,0.268,0.55,0.35,0.35,0.05
353,,0.05,0.018,-0.018,0.118,0.4,0.2,0.2,-0.1
354,8,0.441,0.268,0.091,0.168,0.509,0.45,0.591,0.9
355,8,0.832,0.518,0.2,0.218,0.618,0.7,0.982,1.0
356,,0.682,0.368,0.05,0.068,0.468,0.55,0.832,0.85
357,,0.532,0.218,-0.1,-0.082,0.318,0.4,0.682,0.7
358,3,0.782,0.609,0.9,0.309,0.568,0.509,0.732,0.809
359,3,1.0,1.0,1.0,0.7,0.818,0.618,0.782,0.918
360,,0.85,0.85,0.85,0.55,0.668,0.468,0.632,0.768
361,,0.7,0.7,0.7,0.4,0.518,0.318,0.482,0.618
362,,0.55,0.55,0.55,0.25,0.368,0.168,0.332,0.468
363,,0.4,0.4,0.4,0.1,0.218,0.018,0.182,0.318
364,,0.25,0.25,0.25,-0.05,0.068,-0.132,0.032,0.168
365,6,0.359,0.3,0.359,0.2,0.459,0.868,0.423,0.418
366,6,0.468,0.35,0.468,0.45,0.85,1.0,0.814,0.668
367,,0.318,0.2,0.318,0.3,0.7,0.85,0.664,0.518
368,,0.168,0.05,0.168,0.15,0.55,0.7,0.514,0.368
369,,0.018,-0.1,0.018,0.0,0.4,0.55,0.364,0.218
370,2,0.409,0.9,0.409,0.25,0.509,0.6,0.473,0.468
371,2,0.8,1.0,0.8,0.5,0.618,0.65,0.582,0.718
372,,0.65,0.85,0.65,0.35,0.468,0.5,0.432,0.568
373,,0.5,0.7,0.5,0.2,0.318,0.35,0.282,0.418
374,,0.35,0.55,0.35,0.05,0.168,0.2,0.132,0.268
375,,0.2,0.4,0.2,-0.1,0.018,0.05,-0.018,0.118
376,4,0.309,0.65,0.591,0.9,0.409,0.3,0.091,0.168
377,4,0.418,0.9,0.982,1.0,0.8,0.55,0.2,0.218
378,,0.268,0.75,0.832,0.85,0.65,0.4,0.05,0.068
379,,0.118,0.6,0.682,0.7,0.5,0.25,-0.1,-0.082
380,7,0.368,0.709,0.732,0.809,0.75,0.641,0.9,0.309
381,7,0.618,0.818,0.782,0.918,1.0,1.0,1.0,0.7
382,,0.468,0.668,0.632,0.768,0.85,0.85,0.85,0.55
383,,0.318,0.518,0.482,0.618,0.7,0.7,0.7,0.4
384,,0.168,0.368,0.332,0.468,0.55,0.55,0.55,0.25
385,,0.018,0.218,0.182,0.318,0.4,0.4,0.4,0.1
386,,-0.132,0.068,0.032,0.168,0.25,0.25,0.25,-0.05
387,1,0.868,0.459,0.282,0.277,0.3,0.359,0.5,0.341
388,1,1.0,0.85,0.532,0.386,0.35,0.468,0.75,0.732
389,,0.85,0.7,0.382,0.236,0.2,0.318,0.6,0.582
390,,0.7,0.55,0.232,0.086,0.05,0.168,0.45,0.432
391,,0.55,0.4,0.082,-0.064,-0.1,0.018,0.3,0.282
392,5,0.6,0.509,0.332,0.327,0.9,0.409,0.55,0.391
393,5,0.65,0.618,0.582,0.718,1.0,0.8,0.8,0.5
394,,0.5,0.468,0.432,0.568,0.85,0.65,0.65,0.35
395,,0.35,0.318,0.282,0.418,0.7,0.5,0.5,0.2
396,,0.2,0.168,0.132,0.268,0.55,0.35,0.35,0.05
397,,0.05,0.018,-0.018,0.118,0.4,0.2,0.2,-0.1
398,8,0.441,0.268,0.091,0.168,0.509,0.45,0.591,0.9
399,8,0.832,0.518,0.2,0.218,0.618,0.7,0.982,1.0
400,,0.682,0.368,0.05,0.068,0.468,0.55,0.832,0.85
401,,0.532,0.218,-0.1,-0.082,0.318,0.4,0.682,0.7
402,3,0.782,0.609,0.9,0.309,0.568,0.509,0.732,0.809
403,3,1.0,1.0,1.0,0.7,0.818,0.618,0.782,0.918
404,,0.85,0.85,0.85,0.55,0.668,0.468,0.632,0.768
405,,0.7,0.7,0.7,0.4,0.518,0.318,0.482,0.618
406,,0.55,0.55,0.55,0.25,0.368,0.168,0.332,0.468
407,,0.4,0.4,0.4,0.1,0.218,0.018,0.182,0.318
408,,0.25,0.25,0.25,-0.05,0.068,-0.132,0.032,0.168
409,6,0.359,0.3,0.359,0.2,0.459,0.868,0.423,0.418
410,6,0.468,0.35,0.468,0.45,0.85,1.0,0.814,0.668
411,,0.318,0.2,0.318,0.3,0.7,0.85,0.664,0.518
412,,0.168,0.05,0.168,0.15,0.55,0.7,0.514,0.368
413,,0.018,-0.1,0.018,0.0,0.4,0.55,0.364,0.218
414,2,0.409,0.9,0.409,0.25,0.509,0.6,0.473,0.468
415,2,0.8,1.0,0.8,0.5,0.618,0.65,0.582,0.718
416,,0.65,0.85,0.65,0.35,0.468,0.5,0.432,0.568
417,,0.5,0.7,0.5,0.2,0.318,0.35,0.282,0.418
418,,0.35,0.55,0.35,0.05,0.168,0.2,0.132,0.268
419,,0.2,0.4,0.2,-0.1,0.018,0.05,-0.018,0.118
420,4,0.309,0.65,0.591,0.9,0.409,0.3,0.091,0.168
421,4,0.418,0.9,0.982,1.0,0.8,0.55,0.2,0.218
422,,0.268,0.75,0.832,0.85,0.65,0.4,0.05,0.068
423,,0.118,0.6,0.682,0.7,0.5,0.25,-0.1,-0.082
424,7,0.368,0.709,0.732,0.809,0.75,0.641,0.9,0.309
425,7,0.618,0.818,0.782,0.918,1.0,1.0,1.0,0.7
426,,0.468,0.668,0.632,0.768,0.85,0.85,0.85,0.55
427,,0.318,0.518,0.482,0.618,0.7,0.7,0.7,0.4
428,,0.168,0.368,0.332,0.468,0.55,0.55,0.55,0.25
429,,0.018,0.218,0.182,0.318,0.4,0.4,0.4,0.1
430,,-0.132,0.068,0.032,0.168,0.25,0.25,0.25,-0.05
431,1,0.868,0.459,0.282,0.277,0.3,0.359,0.5,0.341
432,1,1.0,0.85,0.532,0.386,0.35,0.468,0.75,0.732
433,,0.85,0.7,0.382,0.236,0.2,0.318,0.6,0.582
434,,0.7,0.55,0.232,0.086,0.05,0.168,0.45,0.432
435,,0.55,0.4,0.082,-0.064,-0.1,0.018,0.3,0.282
436,5,0.6,0.509,0.332,0.327,0.9,0.409,0.55,0.391
437,5,0.65,0.618,0.582,0.718,1.0,0.8,0.8,0.5
438,,0.5,0.468,0.432,0.568,0.85,0.65,0.65,0.35
439,,0.35,0.318,0.282,0.418,0.7,0.5,0.5,0.2
440,,0.2,0.168,0.132,0.268,0.55,0.35,0.35,0.05
441,,0.05,0.018,-0.018,0.118,0.4,0.2,0.2,-0.1
442,8,0.441,0.268,0.091,0.168,0.509,0.45,0.591,0.9
443,8,0.832,0.518,0.2,0.218,0.618,0.7,0.982,1.0
444,,0.682,0.368,0.05,0.068,0.468,0.55,0.832,0.85
445,,0.532,0.218,-0.1,-0.082,0.318,0.4,0.682,0.7
446,3,0.782,0.609,0.9,0.309,0.568,0.509,0.732,0.809
447,3,1.0,1.0,1.0,0.7,0.818,0.618,0.782,0.918
448,,0.85,0.85,0.85,0.55,0.668,0.468,0.632,0.768
449,,0.7,0.7,0.7,0.4,0.518,0.318,0.482,0.618
450,,0.55,0.55,0.55,0.25,0.368,0.168,0.332,0.468
451,,0.4,0.4,0.4,0.1,0.218,0.018,0.182,0.318
452,,0.25,0.25,0.25,-0.05,0.068,-0.132,0.032,0.168
453,6,0.359,0.3,0.359,0.2,0.459,0.868,0.423,0.418
454,6,0.468,0.35,0.468,0.45,0.85,1.0,0.814,0.668
455,,0.318,0.2,0.318,0.3,0.7,0.85,0.664,0.518
456,,0.168,0.05,0.168,0.15,0.55,0.7,0.514,0.368
457,,0.018,-0.1,0.018,0.0,0.4,0.55,0.364,0.218
458,2,0.409,0.9,0.409,0.25,0.509,0.6,0.473,0.468
459,2,0.8,1.0,0.8,0.5,0.618,0.65,0.582,0.718
460,,0.65,0.85,0.65,0.35,0.468,0.5,0.432,0.568
461,,0.5,0.7,0.5,0.2,0.318,0.35,0.282,0.418
462,,0.35,0.55,0.35,0.05,0.168,0.2,0.132,0.268
463,,0.2,0.4,0.2,-0.1,0.018,0.05,-0.018,0.118
464,4,0.309,0.65,0.591,0.9,0.409,0.3,0.091,0.168
465,4,0.418,0.9,0.982,1.0,0.8,0.55,0.2,0.218
466,,0.268,0.75,0.832,0.85,0.65,0.4,0.05,0.068
467,,0.118,0.6,0.682,0.7,0.5,0.25,-0.1,-0.082
468,7,0.368,0.709,0.732,0.809,0.75,0.641,0.9,0.309
469,7,0.618,0.818,0.782,0.918,1.0,1.0,1.0,0.7
470,,0.468,0.668,0.632,0.768,0.85,0.85,0.85,0.55
471,,0.318,0.518,0.482,0.618,0.7,0.7,0.7,0.4
472,,0.168,0.368,0.332,0.468,0.55,0.55,0.55,0.25
473,,0.018,0.218,0.182,0.318,0.4,0.4,0.4,0.1
474,,-0.132,0.068,0.032,0.168,0.25,0.25,0.25,-0.05
475,1,0.868,0.459,0.282,0.277,0.3,0.359,0.5,0.341
476,1,1.0,0.85,0.532,0.386,0.35,0.468,0.75,0.732
477,,0.85,0.7,0.382,0.236,0.2,0.318,0.6,0.582
478,,0.7,0.55,0.232,0.086,0.05,0.168,0.45,0.432
479,,0.55,0.4,0.082,-0.064,-0.1,0.018,0.3,0.282
480,5,0.6,0.509,0.332,0.327,0.9,0.409,0.55,0.391
481,5,0.65,0.618,0.582,0.718,1.0,0.8,0.8,0.5
482,,0.5,0.468,0.432,0.568,0.85,0.65,0.65,0.35
483,,0.35,0.318,0.282,0.418,0.7,0.5,0.5,0.2
484,,0.2,0.168,0.132,0.268,0.55,0.35,0.35,0.05
485,,0.05,0.018,-0.018,0.118,0.4,0.2,0.2,-0.1
486,8,0.441,0.268,0.091,0.168,0.509,0.45,0.591,0.9
487,8,0.832,0.518,0.2,0.218,0.618,0.7,0.982,1.0
488,,0.682,0.368,0.05,0.068,0.468,0.55,0.832,0.85
489,,0.532,0.218,-0.1,-0.082,0.318,0.4,0.682,0.7
490,3,0.782,0.609,0.9,0.309,0.568,0.509,0.732,0.809
491,3,1.0,1.0,1.0,0.7,0.818,0.618,0.782,0.918
492,,0.85,0.85,0.85,0.55,0.668,0.468,0.632,0.768
493,,0.7,0.7,0.7,0.4,0.518,0.318,0.482,0.618
494,,0.55,0.55,0.55,0.25,0.368,0.168,0.332,0.468
495,,0.4,0.4,0.4,0.1,0.218,0.018,0.182,0.318
496,,0.25,0.25,0.25,-0.05,0.068,-0.132,0.032,0.168
497,6,0.359,0.3,0.359,0.2,0.459,0.868,0.423,0.418
498,6,0.468,0.35,0.468,0.45,0.85,1.0,0.814,0.668
499,,0.318,0.2,0.318,0.3,0.7,0.85,0.664,0.518
500,,0.168,0.05,0.168,0.15,0.55,0.7,0.514,0.368
501,,0.018,-0.1,0.018,0.0,0.4,0.55,0.364,0.218
502,2,0.409,0.9,0.409,0.25,0.509,0.6,0.473,0.468
503,2,0.8,1.0,0.8,0.5,0.618,0.65,0.582,0.718
504,,0.65,0.85,0.65,0.35,0.468,0.5,0.432,0.568
505,,0.5,0.7,0.5,0.2,0.318,0.35,0.282,0.418
506,,0.35,0.55,0.35,0.05,0.168,0.2,0.132,0.268
507,,0.2,0.4,0.2,-0.1,0.018,0.05,-0.018,0.118
508,4,0.309,0.65,0.591,0.9,0.409,0.3,0.091,0.168
509,4,0.418,0.9,0.982,1.0,0.8,0.55,0.2,0.218
510,,0.268,0.75,0.832,0.85,0.65,0.4,0.05,0.068
511,,0.118,0.6,0.682,0.7,0.5,0.25,-0.1,-0.082
512,7,0.368,0.709,0.732,0.809,0.75,0.641,0.9,0.309
513,7,0.618,0.818,0.782,0.918,1.0,1.0,1.0,0.7
514,,0.468,0.668,0.632,0.768,0.85,0.85,0.85,0.55
515,,0.318,0.518,0.482,0.618,0.7,0.7,0.7,0.4
516,,0.168,0.368,0.332,0.468,0.55,0.55,0.55,0.25
517,,0.018,0.218,0.182,0.318,0.4,0.4,0.4,0.1
518,,-0.132,0.068,0.032,0.168,0.25,0.25,0.25,-0.05
519,1,0.868,0.459,0.282,0.277,0.3,0.359,0.5,0.341
520,1,1.0,0.85,0.532,0.386,0.35,0.468,0.75,0.732
521,,0.85,0.7,0.382,0.236,0.2,0.318,0.6,0.582
522,,0.7,0.55,0.232,0.086,0.05,0.168,0.45,0.432
523,,0.55,0.4,0.082,-0.064,-0.1,0.018,0.3,0.282
524,5,0.6,0.509,0.332,0.327,0.9,0.409,0.55,0.391
525,5,0.65,0.618,0.582,0.718,1.0,0.8,0.8,0.5
526,,0.5,0.468,0.432,0.568,0.85,0.65,0.65,0.35
527,,0.35,0.318,0.282,0.418,0.7,0.5,0.5,0.2
528,,0.2,0.168,0.132,0.268,0.55,0.35,0.35,0.05
529,,0.05,0.018,-0.018,0.118,0.4,0.2,0.2,-0.1
530,8,0.441,0.268,0.091,0.168,0.509,0.45,0.591,0.9
531,8,0.832,0.518,0.2,0.218,0.618,0.7,0.982,1.0
532,,0.682,0.368,0.05,0.068,0.468,0.55,0.832,0.85
533,,0.532,0.218,-0.1,-0.082,0.318,0.4,0.682,0.7
534,3,0.782,0.609,0.9,0.309,0.568,0.509,0.732,0.809
535,3,1.0,1.0,1.0,0.7,0.818,0.618,0.782,0.918
536,,0.85,0.85,0.85,0.55,0.668,0.468,0.632,0.768
537,,0.7,0.7,0.7,0.4,0.518,0.318,0.482,0.618
538,,0.55,0.55,0.55,0.25,0.368,0.168,0.332,0.468
539,,0.4,0.4,0.4,0.1,0.218,0.018,0.182,0.318
540,,0.25,0.25,0.25,-0.05,0.068,-0.132,0.032,0.168
541,6,0.359,0.3,0.359,0.2,0.459,0.868,0.423,0.418
542,6,0.468,0.35,0.468,0.45,0.85,1.0,0.814,0.668
543,,0.318,0.2,0.318,0.3,0.7,0.85,0.664,0.518
544,,0.168,0.05,0.168,0.15,0.55,0.7,0.514,0.368
545,,0.018,-0.1,0.018,0.0,0.4,0.55,0.364,0.218
546,2,0.409,0.9,0.409,0.25,0.509,0.6,0.473,0.468
547,2,0.8,1.0,0.8,0.5,0.618,0.65,0.582,0.718
548,,0.65,0.85,0.65,0.35,0.468,0.5,0.432,0.568
549,,0.5,0.7,0.5,0.2,0.318,0.35,0.282,0.418
550,,0.35,0.55,0.35,0.05,0.168,0.2,0.132,0.268
551,,0.2,0.4,0.2,-0.1,0.018,0.05,-0.018,0.118
552,4,0.309,0.65,0.591,0.9,0.409,0.3,0.091,0.168
553,4,0.418,0.9,0.982,1.0,0.8,0.55,0.2,0.218
554,,0.268,0.75,0.832,0.85,0.65,0.4,0.05,0.068
555,,0.118,0.6,0.682,0.7,0.5,0.25,-0.1,-0.082
556,7,0.368,0.709,0.732,0.809,0.75,0.641,0.9,0.309
557,7,0.618,0.818,0.782,0.918,1.0,1.0,1.0,0.7
558,,0.468,0.668,0.632,0.768,0.85,0.85,0.85,0.55
559,,0.318,0.518,0.482,0.618,0.7,0.7,0.7,0.4
560,,0.168,0.368,0.332,0.468,0.55,0.55,0.55,0.25
561,,0.018,0.218,0.182,0.318,0.4,0.4,0.4,0.1
562,,-0.132,0.068,0.032,0.168,0.25,0.25,0.25,-0.05
563,1,0.868,0.459,0.282,0.277,0.3,0.359,0.5,0.341
564,1,1.0,0.85,0.532,0.386,0.35,0.468,0.75,0.732
565,,0.85,0.7,0.382,0.236,0.2,0.318,0.6,0.582
566,,0.7,0.55,0.232,0.086,0.05,0.168,0.45,0.432
567,,0.55,0.4,0.082,-0.064,-0.1,0.018,0.3,0.282
568,5,0.6,0.509,0.332,0.327,0.9,0.409,0.55,0.391
569,5,0.65,0.618,0.582,0.718,1.0,0.8,0.8,0.5
570,,0.5,0.468,0.432,0.568,0.85,0.65,0.65,0.35
571,,0.35,0.318,0.282,0.418,0.7,0.5,0.5,0.2
572,,0.2,0.168,0.132,0.268,0.55,0.35,0.35,0.05
573,,0.05,0.018,-0.018,0.118,0.4,0.2,0.2,-0.1
574,8,0.441,0.268,0.091,0.168,0.509,0.45,0.591,0.9
575,8,0.832,0.518,0.2,0.218,0.618,0.7,0.982,1.0
576,,0.682,0.368,0.05,0.068,0.468,0.55,0.832,0.85
577,,0.532,0.218,-0.1,-0.082,0.318,0.4,0.682,0.7
578,3,0.782,0.609,0.9,0.309,0.568,0.509,0.732,0.809
579,3,1.0,1.0,1.0,0.7,0.818,0.618,0.782,0.918
580,,0.85,0.85,0.85,0.55,0.668,0.468,0.632,0.768
581,,0.7,0.7,0.7,0.4,0.518,0.318,0.482,0.618
582,,0.55,0.55,0.55,0.25,0.368,0.168,0.332,0.468
583,,0.4,0.4,0.4,0.1,0.218,0.018,0.182,0.318
584,,0.25,0.25,0.25,-0.05,0.068,-0.132,0.032,0.168
585,6,0.359,0.3,0.359,0.2,0.459,0.868,0.423,0.418
586,6,0.468,0.35,0.468,0.45,0.85,1.0,0.814,0.668
587,,0.318,0.2,0.318,0.3,0.7,0.85,0.664,0.518
588,,0.168,0.05,0.168,0.15,0.55,0.7,0.514,0.368
589,,0.018,-0.1,0.018,0.0,0.4,0.55,0.364,0.218
590,2,0.409,0.9,0.409,0.25,0.509,0.6,0.473,0.468
591,2,0.8,1.0,0.8,0.5,0.618,0.65,0.582,0.718
592,,0.65,0.85,0.65,0.35,0.468,0.5,0.432,0.568
593,,0.5,0.7,0.5,0.2,0.318,0.35,0.282,0.418
594,,0.35,0.55,0.35,0.05,0.168,0.2,0.132,0.268
595,,0.2,0.4,0.2,-0.1,0.018,0.05,-0.018,0.118
596,4,0.309,0.65,0.591,0.9,0.409,0.3,0.091,0.168
597,4,0.418,0.9,0.982,1.0,0.8,0.55,0.2,0.218
598,,0.268,0.75,0.832,0.85,0.65,0.4,0.05,0.068
599,,0.118,0.6,0.682,0.7,0.5,0.25,-0.1,-0.082
600,7,0.368,0.709,0.732,0.809,0.75,0.641,0.9,0.309
601,7,0.618,0.818,0.782,0.918,1.0,1.0,1.0,0.7
602,,0.468,0.668,0.632,0.768,0.85,0.85,0.85,0.55
603,,0.318,0.518,0.482,0.618,0.7,0.7,0.7,0.4
604,,0.168,0.368,0.332,0.468,0.55,0.55,0.55,0.25
605,,0.018,0.218,0.182,0.318,0.4,0.4,0.4,0.1
606,,-0.132,0.068,0.032,0.168,0.25,0.25,0.25,-0.05
607,1,0.868,0.459,0.282,0.277,0.3,0.359,0.5,0.341
608,1,1.0,0.85,0.532,0.386,0.35,0.468,0.75,0.732
609,,0.85,0.7,0.382,0.236,0.2,0.318,0.6,0.582
610,,0.7,0.55,0.232,0.086,0.05,0.168,0.45,0.432
611,,0.55,0.4,0.082,-0.064,-0.1,0.018,0.3,0.282
612,5,0.6,0.509,0.332,0.327,0.9,0.409,0.55,0.391
613,5,0.65,0.618,0.582,0.718,1.0,0.8,0.8,0.5
614,,0.5,0.468,0.432,0.568,0.85,0.65,0.65,0.35
615,,0.35,0.318,0.282,0.418,0.7,0.5,0.5,0.2
616,,0.2,0.168,0.132,0.268,0.55,0.35,0.35,0.05
617,,0.05,0.018,-0.018,0.118,0.4,0.2,0.2,-0.1
618,8,0.441,0.268,0.091,0.168,0.509,0.45,0.591,0.9
619,8,0.832,0.518,0.2,0.218,0.618,0.7,0.982,1.0
620,,0.682,0.368,0.05,0.068,0.468,0.55,0.832,0.85
621,,0.532,0.218,-0.1,-0.082,0.318,0.4,0.682,0.7
622,3,0.782,0.609,0.9,0.309,0.568,0.509,0.732,0.809
623,3,1.0,1.0,1.0,0.7,0.818,0.618,0.782,0.918
624,,0.85,0.85,0.85,0.55,0.668,0.468,0.632,0.768
625,,0.7,0.7,0.7,0.4,0.518,0.318,0.482,0.618
626,,0.55,0.55,0.55,0.25,0.368,0.168,0.332,0.468
627,,0.4,0.4,0.4,0.1,0.218,0.018,0.182,0.318
628,,0.25,0.25,0.25,-0.05,0.068,-0.132,0.032,0.168
629,6,0.359,0.3,0.359,0.2,0.459,0.868,0.423,0.418
630,6,0.468,0.35,0.468,0.45,0.85,1.0,0.814,0.668
631,,0.318,0.2,0.318,0.3,0.7,0.85,0.664,0.518
632,,0.168,0.05,0.168,0.15,0.55,0.7,0.514,0.368
633,,0.018,-0.1,0.018,0.0,0.4,0.55,0.364,0.218
634,2,0.409,0.9,0.409,0.25,0.509,0.6,0.473,0.468
635,2,0.8,1.0,0.8,0.5,0.618,0.65,0.582,0.718
636,,0.65,0.85,0.65,0.35,0.468,0.5,0.432,0.568
637,,0.5,0.7,0.5,0.2,0.318,0.35,0.282,0.418
638,,0.35,0.55,0.35,0.05,0.168,0.2,0.132,0.268
639,,0.2,0.4,0.2,-0.1,0.018,0.05,-0.018,0.118
640,4,0.309,0.65,0.591,0.9,0.409,0.3,0.091,0.168
641,4,0.418,0.9,0.982,1.0,0.8,0.55,0.2,0.218
642,,0.268,0.75,0.832,0.85,0.65,0.4,0.05,0.068
643,,0.118,0.6,0.682,0.7,0.5,0.25,-0.1,-0.082
644,7,0.368,0.709,0.732,0.809,0.75,0.641,0.9,0.309
645,7,0.618,0.818,0.782,0.918,1.0,1.0,1.0,0.7
646,,0.468,0.668,0.632,0.768,0.85,0.85,0.85,0.55
647,,0.318,0.518,0.482,0.618,0.7,0.7,0.7,0.4
648,,0.168,0.368,0.332,0.468,0.55,0.55,0.55,0.25
649,,0.018,0.218,0.182,0.318,0.4,0.4,0.4,0.1
650,,-0.132,0.068,0.032,0.168,0.25,0.25,0.25,-0.05
651,1,0.868,0.459,0.282,0.277,0.3,0.359,0.5,0.341
652,1,1.0,0.85,0.532,0.386,0.35,0.468,0.75,0.732
653,,0.85,0.7,0.382,0.236,0.2,0.318,0.6,0.582
654,,0.7,0.55,0.232,0.086,0.05,0.168,0.45,0.432
655,,0.55,0.4,0.082,-0.064,-0.1,0.018,0.3,0.282
656,5,0.6,0.509,0.332,0.327,0.9,0.409,0.55,0.391
657,5,0.65,0.618,0.582,0.718,1.0,0.8,0.8,0.5
658,,0.5,0.468,0.432,0.568,0.85,0.65,0.65,0.35
659,,0.35,0.318,0.282,0.418,0.7,0.5,0.5,0.2
660,,0.2,0.168,0.132,0.268,0.55,0.35,0.35,0.05
661,,0.05,0.018,-0.018,0.118,0.4,0.2,0.2,-0.1
662,8,0.441,0.268,0.091,0.168,0.509,0.45,0.591,0.9
663,8,0.832,0.518,0.2,0.218,0.618,0.7,0.982,1.0
664,,0.682,0.368,0.05,0.068,0.468,0.55,0.832,0.85
665,,0.532,0.218,-0.1,-0.082,0.318,0.4,0.682,0.7
666,3,0.782,0.609,0.9,0.309,0.568,0.509,0.732,0.809
667,3,1.0,1.0,1.0,0.7,0.818,0.618,0.782,0.918
668,,0.85,0.85,0.85,0.55,0.668,0.468,0.632,0.768
669,,0.7,0.7,0.7,0.4,0.518,0.318,0.482,0.618
670,,0.55,0.55,0.55,0.25,0.368,0.168,0.332,0.468
671,,0.4,0.4,0.4,0.1,0.218,0.018,0.182,0.318
672,,0.25,0.25,0.25,-0.05,0.068,-0.132,0.032,0.168
673,6,0.359,0.3,0.359,0.2,0.459,0.868,0.423,0.418
674,6,0.468,0.35,0.468,0.45,0.85,1.0,0.814,0.668
675,,0.318,0.2,0.318,0.3,0.7,0.85,0.664,0.518
676,,0.168,0.05,0.168,0.15,0.55,0.7,0.514,0.368
677,,0.018,-0.1,0.018,0.0,0.4,0.55,0.364,0.218
678,2,0.409,0.9,0.409,0.25,0.509,0.6,0.473,0.468
679,2,0.8,1.0,0.8,0.5,0.618,0.65,0.582,0.718
680,,0.65,0.85,0.65,0.35,0.468,0.5,0.432,0.568
681,,0.5,0.7,0.5,0.2,0.318,0.35,0.282,0.418
682,,0.35,0.55,0.35,0.05,0.168,0.2,0.132,0.268
683,,0.2,0.4,0.2,-0.1,0.018,0.05,-0.018,0.118
684,4,0.309,0.65,0.591,0.9,0.409,0.3,0.091,0.168
685,4,0.418,0.9,0.982,1.0,0.8,0.55,0.2,0.218
686,,0.268,0.75,0.832,0.85,0.65,0.4,0.05,0.068
687,,0.118,0.6,0.682,0.7,0.5,0.25,-0.1,-0.082
688,7,0.368,0.709,0.732,0.809,0.75,0.641,0.9,0.309
689,7,0.618,0.818,0.782,0.918,1.0,1.0,1.0,0.7
690,,0.468,0.668,0.632,0.768,0.85,0.85,0.85,0.55
691,,0.318,0.518,0.482,0.618,0.7,0.7,0.7,0.4
692,,0.168,0.368,0.332,0.468,0.55,0.55,0.55,0.25
693,,0.018,0.218,0.182,0.318,0.4,0.4,0.4,0.1
694,,-0.132,0.068,0.032,0.168,0.25,0.25,0.25,-0.05
695,1,0.868,0.459,0.282,0.277,0.3,0.359,0.5,0.341
696,1,1.0,0.85,0.532,0.386,0.35,0.468,0.75,0.732
697,,0.85,0.7,0.382,0.236,0.2,0.318,0.6,0.582
698,,0.7,0.55,0.232,0.086,0.05,0.168,0.45,0.432
699,,0.55,0.4,0.082,-0.064,-0.1,0.018,0.3,0.282
700,5,0.6,0.509,0.332,0.327,0.9,0.409,0.55,0.391
701,5,0.65,0.618,0.582,0.718,1.0,0.8,0.8,0.5
702,,0.5,0.468,0.432,0.568,0.85,0.65,0.65,0.35
703,,0.35,0.318,0.282,0.418,0.7,0.5,0.5,0.2
704,,0.2,0.168,0.132,0.268,0.55,0.35,0.35,0.05
705,,0.05,0.018,-0.018,0.118,0.4,0.2,0.2,-0.1
706,8,0.441,0.268,0.091,0.168,0.509,0.45,0.591,0.9
707,8,0.832,0.518,0.2,0.218,0.618,0.7,0.982,1.0
708,,0.682,0.368,0.05,0.068,0.468,0.55,0.832,0.85
709,,0.532,0.218,-0.1,-0.082,0.318,0.4,0.682,0.7
710,3,0.782,0.609,0.9,0.309,0.568,0.509,0.732,0.809
711,3,1.0,1.0,1.0,0.7,0.818,0.618,0.782,0.918
712,,0.85,0.85,0.85,0.55,0.668,0.468,0.632,0.768
713,,0.7,0.7,0.7,0.4,0.518,0.318,0.482,0.618
714,,0.55,0.55,0.55,0.25,0.368,0.168,0.332,0.468
715,,0.4,0.4,0.4,0.1,0.218,0.018,0.182,0.318
716,,0.25,0.25,0.25,-0.05,0.068,-0.132,0.032,0.168
717,6,0.359,0.3,0.359,0.2,0.459,0.868,0.423,0.418
718,6,0.468,0.35,0.468,0.45,0.85,1.0,0.814,0.668
719,,0.318,0.2,0.318,0.3,0.7,0.85,0.664,0.518
720,,0.168,0.05,0.168,0.15,0.55,0.7,0.514,0.368
721,,0.018,-0.1,0.018,0.0,0.4,0.55,0.364,0.218
722,2,0.409,0.9,0.409,0.25,0.509,0.6,0.473,0.468
723,2,0.8,1.0,0.8,0.5,0.618,0.65,0.582,0.718
724,,0.65,0.85,0.65,0.35,0.468,0.5,0.432,0.568
725,,0.5,0.7,0.5,0.2,0.318,0.35,0.282,0.418
726,,0.35,0.55,0.35,0.05,0.168,0.2,0.132,0.268
727,,0.2,0.4,0.2,-0.1,0.018,0.05,-0.018,0.118
728,4,0.309,0.65,0.591,0.9,0.409,0.3,0.091,0.168
729,4,0.418,0.9,0.982,1.0,0.8,0.55,0.2,0.218
730,,0.268,0.75,0.832,0.85,0.65,0.4,0.05,0.068
731,,0.118,0.6,0.682,0.7,0.5,0.25,-0.1,-0.082
732,7,0.368,0.709,0.732,0.809,0.75,0.641,0.9,0.309
733,7,0.618,0.818,0.782,0.918,1.0,1.0,1.0,0.7
734,,0.468,0.668,0.632,0.768,0.85,0.85,0.85,0.55
735,,0.318,0.518,0.482,0.618,0.7,0.7,0.7,0.4
736,,0.168,0.368,0.332,0.468,0.55,0.55,0.55,0.25
737,,0.018,0.218,0.182,0.318,0.4,0.4,0.4,0.1
738,,-0.132,0.068,0.032,0.168,0.25,0.25,0.25,-0.05
739,1,0.868,0.459,0.282,0.277,0.3,0.359,0.5,0.341
740,1,1.0,0.85,0.532,0.386,0.35,0.468,0.75,0.732
741,,0.85,0.7,0.382,0.236,0.2,0.318,0.6,0.582
742,,0.7,0.55,0.232,0.086,0.05,0.168,0.45,0.432
743,,0.55,0.4,0.082,-0.064,-0.1,0.018,0.3,0.282
744,5,0.6,0.509,0.332,0.327,0.9,0.409,0.55,0.391
745,5,0.65,0.618,0.582,0.718,1.0,0.8,0.8,0.5
746,,0.5,0.468,0.432,0.568,0.85,0.65,0.65,0.35
747,,0.35,0.318,0.282,0.418,0.7,0.5,0.5,0.2
748,,0.2,0.168,0.132,0.268,0.55,0.35,0.35,0.05
749,,0.05,0.018,-0.018,0.118,0.4,0.2,0.2,-0.1
750,8,0.441,0.268,0.091,0.168,0.509,0.45,0.591,0.9
751,8,0.832,0.518,0.2,0.218,0.618,0.7,0.982,1.0
752,,0.682,0.368,0.05,0.068,0.468,0.55,0.832,0.85
753,,0.532,0.218,-0.1,-0.082,0.318,0.4,0.682,0.7
754,3,0.782,0.609,0.9,0.309,0.568,0.509,0.732,0.809
755,3,1.0,1.0,1.0,0.7,0.818,0.618,0.782,0.918
756,,0.85,0.85,0.85,0.55,0.668,0.468,0.632,0.768
757,,0.7,0.7,0.7,0.4,0.518,0.318,0.482,0.618
758,,0.55,0.55,0.55,0.25,0.368,0.168,0.332,0.468
759,,0.4,0.4,0.4,0.1,0.218,0.018,0.182,0.318
760,,0.25,0.25,0.25,-0.05,0.068,-0.132,0.032,0.168
761,6,0.359,0.3,0.359,0.2,0.459,0.868,0.423,0.418
762,6,0.468,0.35,0.468,0.45,0.85,1.0,0.814,0.668
763,,0.318,0.2,0.318,0.3,0.7,0.85,0.664,0.518
764,,0.168,0.05,0.168,0.15,0.55,0.7,0.514,0.368
765,,0.018,-0.1,0.018,0.0,0.4,0.55,0.364,0.218
766,2,0.409,0.9,0.409,0.25,0.509,0.6,0.473,0.468
767,2,0.8,1.0,0.8,0.5,0.618,0.65,0.582,0.718
768,,0.65,0.85,0.65,0.35,0.468,0.5,0.432,0.568
769,,0.5,0.7,0.5,0.2,0.318,0.35,0.282,0.418
770,,0.35,0.55,0.35,0.05,0.168,0.2,0.132,0.268
771,,0.2,0.4,0.2,-0.1,0.018,0.05,-0.018,0.118
772,4,0.309,0.65,0.591,0.9,0.409,0.3,0.091,0.168
773,4,0.418,0.9,0.982,1.0,0.8,0.55,0.2,0.218
774,,0.268,0.75,0.832,0.85,0.65,0.4,0.05,0.068
775,,0.118,0.6,0.682,0.7,0.5,0.25,-0.1,-0.082
776,7,0.368,0.709,0.732,0.809,0.75,0.641,0.9,0.309
777,7,0.618,0.818,0.782,0.918,1.0,1.0,1.0,0.7
778,,0.468,0.668,0.632,0.768,0.85,0.85,0.85,0.55
779,,0.318,0.518,0.482,0.618,0.7,0.7,0.7,0.4
780,,0.168,0.368,0.332,0.468,0.55,0.55,0.55,0.25
781,,0.018,0.218,0.182,0.318,0.4,0.4,0.4,0.1
782,,-0.132,0.068,0.032,0.168,0.25,0.25,0.25,-0.05
783,1,0.868,0.459,0.282,0.277,0.3,0.359,0.5,0.341
784,1,1.0,0.85,0.532,0.386,0.35,0.468,0.75,0.732
785,,0.85,0.7,0.382,0.236,0.2,0.318,0.6,0.582
786,,0.7,0.55,0.232,0.086,0.05,0.168,0.45,0.432
787,,0.55,0.4,0.082,-0.064,-0.1,0.018,0.3,0.282
788,5,0.6,0.509,0.332,0.327,0.9,0.409,0.55,0.391
789,5,0.65,0.618,0.582,0.718,1.0,0.8,0.8,0.5
790,,0.5,0.468,0.432,0.568,0.85,0.65,0.65,0.35
791,,0.35,0.318,0.282,0.418,0.7,0.5,0.5,0.2
792,,0.2,0.168,0.132,0.268,0.55,0.35,0.35,0.05
793,,0.05,0.018,-0.018,0.118,0.4,0.2,0.2,-0.1
794,8,0.441,0.268,0.091,0.168,0.509,0.45,0.591,0.9
795,8,0.832,0.518,0.2,0.218,0.618,0.7,0.982,1.0
796,,0.682,0.368,0.05,0.068,0.468,0.55,0.832,0.85
797,,0.532,0.218,-0.1,-0.082,0.318,0.4,0.682,0.7
798,3,0.782,0.609,0.9,0.309,0.568,0.509,0.732,0.809
799,3,1.0,1.0,1.0,0.7,0.818,0.618,0.782,0.918
800,,0.85,0.85,0.85,0.55,0.668,0.468,0.632,0.768
801,,0.7,0.7,0.7,0.4,0.518,0.318,0.482,0.618
802,,0.55,0.55,0.55,0.25,0.368,0.168,0.332,0.468
803,,0.4,0.4,0.4,0.1,0.218,0.018,0.182,0.318
804,,0.25,0.25,0.25,-0.05,0.068,-0.132,0.032,0.168
805,6,0.359,0.3,0.359,0.2,0.459,0.868,0.423,0.418
806,6,0.468,0.35,0.468,0.45,0.85,1.0,0.814,0.668
807,,0.318,0.2,0.318,0.3,0.7,0.85,0.664,0.518
808,,0.168,0.05,0.168,0.15,0.55,0.7,0.514,0.368
809,,0.018,-0.1,0.018,0.0,0.4,0.55,0.364,0.218
810,2,0.409,0.9,0.409,0.25,0.509,0.6,0.473,0.468
811,2,0.8,1.0,0.8,0.5,0.618,0.65,0.582,0.718
812,,0.65,0.85,0.65,0.35,0.468,0.5,0.432,0.568
813,,0.5,0.7,0.5,0.2,0.318,0.35,0.282,0.418
814,,0.35,0.55,0.35,0.05,0.168,0.2,0.132,0.268
815,,0.2,0.4,0.2,-0.1,0.018,0.05,-0.018,0.118
816,4,0.309,0.65,0.591,0.9,0.409,0.3,0.091,0.168
817,4,0.418,0.9,0.982,1.0,0.8,0.55,0.2,0.218
818,,0.268,0.75,0.832,0.85,0.65,0.4,0.05,0.068
819,,0.118,0.6,0.682,0.7,0.5,0.25,-0.1,-0.082
820,7,0.368,0.709,0.732,0.809,0.75,0.641,0.9,0.309
821,7,0.618,0.818,0.782,0.918,1.0,1.0,1.0,0.7
822,,0.468,0.668,0.632,0.768,0.85,0.85,0.85,0.55
823,,0.318,0.518,0.482,0.618,0.7,0.7,0.7,0.4
824,,0.168,0.368,0.332,0.468,0.55,0.55,0.55,0.25
825,,0.018,0.218,0.182,0.318,0.4,0.4,0.4,0.1
826,,-0.132,0.068,0.032,0.168,0.25,0.25,0.25,-0.05
827,1,0.868,0.459,0.282,0.277,0.3,0.359,0.5,0.341
828,1,1.0,0.85,0.532,0.386,0.35,0.468,0.75,0.732
829,,0.85,0.7,0.382,0.236,0.2,0.318,0.6,0.582
