step,active_motive,motive_1,motive_2,motive_3,motive_4,motive_5,motive_6,motive_7,motive_8
0,,0.45743,0.18508,0.00773,0.46416,0.21409,0.48333,0.48181,0.4265
1,,0.30743,0.03508,-0.14227,0.31416,0.06409,0.33333,0.33181,0.2765
2,3,0.55743,0.42608,0.85773,0.70516,0.31409,0.44233,0.38181,0.3855
3,3,0.80743,0.81708,1.0,1.0,0.56409,0.55133,0.43181,0.4945
4,,0.65743,0.66708,0.85,0.85,0.41409,0.40133,0.28181,0.3445
5,,0.50743,0.51708,0.7,0.7,0.26409,0.25133,0.13181,0.1945
6,,0.35743,0.36708,0.55,0.55,0.11409,0.10133,-0.01819,0.0445
7,7,0.60743,0.47608,0.6,0.659,0.36409,0.49233,0.98181,0.4355
8,7,0.85743,0.58508,0.65,0.768,0.61409,0.88333,1.0,0.8265
9,,0.70743,0.43508,0.5,0.618,0.46409,0.73333,0.85,0.6765
10,,0.55743,0.28508,0.35,0.468,0.31409,0.58333,0.7,0.5265
11,,0.40743,0.13508,0.2,0.318,0.16409,0.43333,0.55,0.3765
12,,0.25743,-0.01492,0.05,0.168,0.01409,0.28333,0.4,0.2265
13,2,0.64843,0.98508,0.441,0.418,0.12309,0.33333,0.509,0.4765
14,2,1.0,1.0,0.832,0.668,0.23209,0.38333,0.618,0.7265
15,,0.85,0.85,0.682,0.518,0.08209,0.23333,0.468,0.5765
16,,0.7,0.7,0.532,0.368,-0.06791,0.08333,0.318,0.4265
17,5,0.75,0.809,0.782,0.759,0.93209,0.47433,0.568,0.5355
18,5,0.8,0.918,1.0,1.0,1.0,0.86533,0.818,0.6445
19,,0.65,0.768,0.85,0.85,0.85,0.71533,0.668,0.4945
20,,0.5,0.618,0.7,0.7,0.7,0.56533,0.518,0.3445
21,,0.35,0.468,0.55,0.55,0.55,0.41533,0.368,0.1945
22,,0.2,0.318,0.4,0.4,0.4,0.26533,0.218,0.0445
23,,0.05,0.168,0.25,0.25,0.25,0.11533,0.068,-0.1055
24,8,0.441,0.418,0.359,0.3,0.359,0.36533,0.459,0.8945
25,8,0.832,0.668,0.468,0.35,0.468,0.61533,0.85,1.0
26,,0.682,0.518,0.318,0.2,0.318,0.46533,0.7,0.85
27,,0.532,0.368,0.168,0.05,0.168,0.31533,0.55,0.7
28,,0.382,0.218,0.018,-0.1,0.018,0.16533,0.4,0.55
29,4,0.491,0.468,0.409,0.9,0.409,0.41533,0.509,0.6
30,4,0.6,0.718,0.8,1.0,0.8,0.66533,0.618,0.65
31,,0.45,0.568,0.65,0.85,0.65,0.51533,0.468,0.5
32,,0.3,0.418,0.5,0.7,0.5,0.36533,0.318,0.35
33,,0.15,0.268,0.35,0.55,0.35,0.21533,0.168,0.2
34,,0.0,0.118,0.2,0.4,0.2,0.06533,0.018,0.05
35,,-0.15,-0.032,0.05,0.25,0.05,-0.08467,-0.132,-0.1
36,1,0.85,0.359,0.3,0.359,0.1,0.02433,0.118,0.291
37,1,1.0,0.75,0.55,0.468,0.15,0.13333,0.368,0.682
38,,0.85,0.6,0.4,0.318,0.0,-0.01667,0.218,0.532
39,6,0.959,0.65,0.509,0.568,0.391,0.98333,0.609,0.782
40,6,1.0,0.7,0.618,0.818,0.782,1.0,1.0,1.0
41,,0.85,0.55,0.468,0.668,0.632,0.85,0.85,0.85
42,,0.7,0.4,0.318,0.518,0.482,0.7,0.7,0.7
43,,0.55,0.25,0.168,0.368,0.332,0.55,0.55,0.55
44,,0.4,0.1,0.018,0.218,0.182,0.4,0.4,0.4
45,,0.25,-0.05,-0.132,0.068,0.032,0.25,0.25,0.25
46,3,0.5,0.341,0.868,0.459,0.282,0.359,0.3,0.359
47,3,0.75,0.732,1.0,0.85,0.532,0.468,0.35,0.468
48,,0.6,0.582,0.85,0.7,0.382,0.318,0.2,0.318
49,,0.45,0.432,0.7,0.55,0.232,0.168,0.05,0.168
50,,0.3,0.282,0.55,0.4,0.082,0.018,-0.1,0.018
51,7,0.55,0.391,0.6,0.509,0.332,0.409,0.9,0.409
52,7,0.8,0.5,0.65,0.618,0.582,0.8,1.0,0.8
53,,0.65,0.35,0.5,0.468,0.432,0.65,0.85,0.65
54,,0.5,0.2,0.35,0.318,0.282,0.5,0.7,0.5
55,,0.35,0.05,0.2,0.168,0.132,0.35,0.55,0.35
56,,0.2,-0.1,0.05,0.018,-0.018,0.2,0.4,0.2
57,2,0.591,0.9,0.441,0.268,0.091,0.25,0.509,0.45
58,2,0.982,1.0,0.832,0.518,0.2,0.3,0.618,0.7
59,,0.832,0.85,0.682,0.368,0.05,0.15,0.468,0.55
60,,0.682,0.7,0.532,0.218,-0.1,0.0,0.318,0.4
61,5,0.732,0.809,0.782,0.609,0.9,0.391,0.568,0.509
62,5,0.782,0.918,1.0,1.0,1.0,0.782,0.818,0.618
63,,0.632,0.768,0.85,0.85,0.85,0.632,0.668,0.468
64,,0.482,0.618,0.7,0.7,0.7,0.482,0.518,0.318
65,,0.332,0.468,0.55,0.55,0.55,0.332,0.368,0.168
66,,0.182,0.318,0.4,0.4,0.4,0.182,0.218,0.018
67,,0.032,0.168,0.25,0.25,0.25,0.032,0.068,-0.132
68,8,0.423,0.418,0.359,0.3,0.359,0.282,0.459,0.868
69,8,0.814,0.668,0.468,0.35,0.468,0.532,0.85,1.0
70,,0.664,0.518,0.318,0.2,0.318,0.382,0.7,0.85
71,,0.514,0.368,0.168,0.05,0.168,0.232,0.55,0.7
72,,0.364,0.218,0.018,-0.1,0.018,0.082,0.4,0.55
73,4,0.473,0.468,0.409,0.9,0.409,0.332,0.509,0.6
74,4,0.582,0.718,0.8,1.0,0.8,0.582,0.618,0.65
75,,0.432,0.568,0.65,0.85,0.65,0.432,0.468,0.5
76,,0.282,0.418,0.5,0.7,0.5,0.282,0.318,0.35
77,,0.132,0.268,0.35,0.55,0.35,0.132,0.168,0.2
78,,-0.018,0.118,0.2,0.4,0.2,-0.018,0.018,0.05
79,1,0.982,0.509,0.45,0.509,0.25,0.091,0.268,0.441
80,1,1.0,0.9,0.7,0.618,0.3,0.2,0.518,0.832
81,,0.85,0.75,0.55,0.468,0.15,0.05,0.368,0.682
82,,0.7,0.6,0.4,0.318,0.0,-0.1,0.218,0.532
83,6,0.809,0.65,0.509,0.568,0.391,0.9,0.609,0.782
84,6,0.918,0.7,0.618,0.818,0.782,1.0,1.0,1.0
85,,0.768,0.55,0.468,0.668,0.632,0.85,0.85,0.85
86,,0.618,0.4,0.318,0.518,0.482,0.7,0.7,0.7
87,,0.468,0.25,0.168,0.368,0.332,0.55,0.55,0.55
88,,0.318,0.1,0.018,0.218,0.182,0.4,0.4,0.4
89,,0.168,-0.05,-0.132,0.068,0.032,0.25,0.25,0.25
90,3,0.418,0.341,0.868,0.459,0.282,0.359,0.3,0.359
91,3,0.668,0.732,1.0,0.85,0.532,0.468,0.35,0.468
92,,0.518,0.582,0.85,0.7,0.382,0.318,0.2,0.318
93,,0.368,0.432,0.7,0.55,0.232,0.168,0.05,0.168
94,,0.218,0.282,0.55,0.4,0.082,0.018,-0.1,0.018
95,7,0.468,0.391,0.6,0.509,0.332,0.409,0.9,0.409
96,7,0.718,0.5,0.65,0.618,0.582,0.8,1.0,0.8
97,,0.568,0.35,0.5,0.468,0.432,0.65,0.85,0.65
98,,0.418,0.2,0.35,0.318,0.282,0.5,0.7,0.5
99,,0.268,0.05,0.2,0.168,0.132,0.35,0.55,0.35
100,,0.118,-0.1,0.05,0.018,-0.018,0.2,0.4,0.2
101,2,0.509,0.9,0.441,0.268,0.091,0.25,0.509,0.45
102,2,0.9,1.0,0.832,0.518,0.2,0.3,0.618,0.7
103,,0.75,0.85,0.682,0.368,0.05,0.15,0.468,0.55
104,,0.6,0.7,0.532,0.218,-0.1,0.0,0.318,0.4
105,5,0.65,0.809,0.782,0.609,0.9,0.391,0.568,0.509
106,5,0.7,0.918,1.0,1.0,1.0,0.782,0.818,0.618
107,,0.55,0.768,0.85,0.85,0.85,0.632,0.668,0.468
108,,0.4,0.618,0.7,0.7,0.7,0.482,0.518,0.318
109,,0.25,0.468,0.55,0.55,0.55,0.332,0.368,0.168
110,,0.1,0.318,0.4,0.4,0.4,0.182,0.218,0.018
111,,-0.05,0.168,0.25,0.25,0.25,0.032,0.068,-0.132
112,8,0.341,0.418,0.359,0.3,0.359,0.282,0.459,0.868
113,8,0.732,0.668,0.468,0.35,0.468,0.532,0.85,1.0
114,,0.582,0.518,0.318,0.2,0.318,0.382,0.7,0.85
115,,0.432,0.368,0.168,0.05,0.168,0.232,0.55,0.7
116,,0.282,0.218,0.018,-0.1,0.018,0.082,0.4,0.55
117,4,0.391,0.468,0.409,0.9,0.409,0.332,0.509,0.6
118,4,0.5,0.718,0.8,1.0,0.8,0.582,0.618,0.65
119,,0.35,0.568,0.65,0.85,0.65,0.432,0.468,0.5
120,,0.2,0.418,0.5,0.7,0.5,0.282,0.318,0.35
121,,0.05,0.268,0.35,0.55,0.35,0.132,0.168,0.2
122,,-0.1,0.118,0.2,0.4,0.2,-0.018,0.018,0.05
123,1,0.9,0.509,0.45,0.509,0.25,0.091,0.268,0.441
124,1,1.0,0.9,0.7,0.618,0.3,0.2,0.518,0.832
125,,0.85,0.75,0.55,0.468,0.15,0.05,0.368,0.682
126,,0.7,0.6,0.4,0.318,0.0,-0.1,0.218,0.532
127,6,0.809,0.65,0.509,0.568,0.391,0.9,0.609,0.782
128,6,0.918,0.7,0.618,0.818,0.782,1.0,1.0,1.0
129,,0.768,0.55,0.468,0.668,0.632,0.85,0.85,0.85
130,,0.618,0.4,0.318,0.518,0.482,0.7,0.7,0.7
131,,0.468,0.25,0.168,0.368,0.332,0.55,0.55,0.55
132,,0.318,0.1,0.018,0.218,0.182,0.4,0.4,0.4
133,,0.168,-0.05,-0.132,0.068,0.032,0.25,0.25,0.25
134,3,0.418,0.341,0.868,0.459,0.282,0.359,0.3,0.359
135,3,0.668,0.732,1.0,0.85,0.532,0.468,0.35,0.468
136,,0.518,0.582,0.85,0.7,0.382,0.318,0.2,0.318
137,,0.368,0.432,0.7,0.55,0.232,0.168,0.05,0.168
138,,0.218,0.282,0.55,0.4,0.082,0.018,-0.1,0.018
139,7,0.468,0.391,0.6,0.509,0.332,0.409,0.9,0.409
140,7,0.718,0.5,0.65,0.618,0.582,0.8,1.0,0.8
141,,0.568,0.35,0.5,0.468,0.432,0.65,0.85,0.65
142,,0.418,0.2,0.35,0.318,0.282,0.5,0.7,0.5
143,,0.268,0.05,0.2,0.168,0.132,0.35,0.55,0.35
144,,0.118,-0.1,0.05,0.018,-0.018,0.2,0.4,0.2
145,2,0.509,0.9,0.441,0.268,0.091,0.25,0.509,0.45
146,2,0.9,1.0,0.832,0.518,0.2,0.3,0.618,0.7
147,,0.75,0.85,0.682,0.368,0.05,0.15,0.468,0.55
148,,0.6,0.7,0.532,0.218,-0.1,0.0,0.318,0.4
149,5,0.65,0.809,0.782,0.609,0.9,0.391,0.568,0.509
150,5,0.7,0.918,1.0,1.0,1.0,0.782,0.818,0.618
151,,0.55,0.768,0.85,0.85,0.85,0.632,0.668,0.468
152,,0.4,0.618,0.7,0.7,0.7,0.482,0.518,0.318
153,,0.25,0.468,0.55,0.55,0.55,0.332,0.368,0.168
154,,0.1,0.318,0.4,0.4,0.4,0.182,0.218,0.018
155,,-0.05,0.168,0.25,0.25,0.25,0.032,0.068,-0.132
156,8,0.341,0.418,0.359,0.3,0.359,0.282,0.459,0.868
157,8,0.732,0.668,0.468,0.35,0.468,0.532,0.85,1.0
158,,0.582,0.518,0.318,0.2,0.318,0.382,0.7,0.85
159,,0.432,0.368,0.168,0.05,0.168,0.232,0.55,0.7
160,,0.282,0.218,0.018,-0.1,0.018,0.082,0.4,0.55
161,4,0.391,0.468,0.409,0.9,0.409,0.332,0.509,0.6
162,4,0.5,0.718,0.8,1.0,0.8,0.582,0.618,0.65
163,,0.35,0.568,0.65,0.85,0.65,0.432,0.468,0.5
164,,0.2,0.418,0.5,0.7,0.5,0.282,0.318,0.35
165,,0.05,0.268,0.35,0.55,0.35,0.132,0.168,0.2
166,,-0.1,0.118,0.2,0.4,0.2,-0.018,0.018,0.05
167,1,0.9,0.509,0.45,0.509,0.25,0.091,0.268,0.441
168,1,1.0,0.9,0.7,0.618,0.3,0.2,0.518,0.832
169,,0.85,0.75,0.55,0.468,0.15,0.05,0.368,0.682
170,,0.7,0.6,0.4,0.318,0.0,-0.1,0.218,0.532
171,6,0.809,0.65,0.509,0.568,0.391,0.9,0.609,0.782
172,6,0.918,0.7,0.618,0.818,0.782,1.0,1.0,1.0
173,,0.768,0.55,0.468,0.668,0.632,0.85,0.85,0.85
174,,0.618,0.4,0.318,0.518,0.482,0.7,0.7,0.7
175,,0.468,0.25,0.168,0.368,0.332,0.55,0.55,0.55
176,,0.318,0.1,0.018,0.218,0.182,0.4,0.4,0.4
177,,0.168,-0.05,-0.132,0.068,0.032,0.25,0.25,0.25
178,3,0.418,0.341,0.868,0.459,0.282,0.359,0.3,0.359
179,3,0.668,0.732,1.0,0.85,0.532,0.468,0.35,0.468
180,,0.518,0.582,0.85,0.7,0.382,0.318,0.2,0.318
181,,0.368,0.432,0.7,0.55,0.232,0.168,0.05,0.168
182,,0.218,0.282,0.55,0.4,0.082,0.018,-0.1,0.018
183,7,0.468,0.391,0.6,0.509,0.332,0.409,0.9,0.409
184,7,0.718,0.5,0.65,0.618,0.582,0.8,1.0,0.8
185,,0.568,0.35,0.5,0.468,0.432,0.65,0.85,0.65
186,,0.418,0.2,0.35,0.318,0.282,0.5,0.7,0.5
187,,0.268,0.05,0.2,0.168,0.132,0.35,0.55,0.35
188,,0.118,-0.1,0.05,0.018,-0.018,0.2,0.4,0.2
189,2,0.509,0.9,0.441,0.268,0.091,0.25,0.509,0.45
190,2,0.9,1.0,0.832,0.518,0.2,0.3,0.618,0.7
191,,0.75,0.85,0.682,0.368,0.05,0.15,0.468,0.55
192,,0.6,0.7,0.532,0.218,-0.1,0.0,0.318,0.4
193,5,0.65,0.809,0.782,0.609,0.9,0.391,0.568,0.509
194,5,0.7,0.918,1.0,1.0,1.0,0.782,0.818,0.618
195,,0.55,0.768,0.85,0.85,0.85,0.632,0.668,0.468
196,,0.4,0.618,0.7,0.7,0.7,0.482,0.518,0.318
197,,0.25,0.468,0.55,0.55,0.55,0.332,0.368,0.168
198,,0.1,0.318,0.4,0.4,0.4,0.182,0.218,0.018
199,,-0.05,0.168,0.25,0.25,0.25,0.032,0.068,-0.132
200,8,0.341,0.418,0.359,0.3,0.359,0.282,0.459,0.868
201,8,0.732,0.668,0.468,0.35,0.468,0.532,0.85,1.0
202,,0.582,0.518,0.318,0.2,0.318,0.382,0.7,0.85
203,,0.432,0.368,0.168,0.05,0.168,0.232,0.55,0.7
204,,0.282,0.218,0.018,-0.1,0.018,0.082,0.4,0.55
205,4,0.391,0.468,0.409,0.9,0.409,0.332,0.509,0.6
206,4,0.5,0.718,0.8,1.0,0.8,0.582,0.618,0.65
207,,0.35,0.568,0.65,0.85,0.65,0.432,0.468,0.5
208,,0.2,0.418,0.5,0.7,0.5,0.282,0.318,0.35
209,,0.05,0.268,0.35,0.55,0.35,0.132,0.168,0.2
210,,-0.1,0.118,0.2,0.4,0.2,-0.018,0.018,0.05
211,1,0.9,0.509,0.45,0.509,0.25,0.091,0.268,0.441
212,1,1.0,0.9,0.7,0.618,0.3,0.2,0.518,0.832
213,,0.85,0.75,0.55,0.468,0.15,0.05,0.368,0.682
214,,0.7,0.6,0.4,0.318,0.0,-0.1,0.218,0.532
215,6,0.809,0.65,0.509,0.568,0.391,0.9,0.609,0.782
216,6,0.918,0.7,0.618,0.818,0.782,1.0,1.0,1.0
217,,0.768,0.55,0.468,0.668,0.632,0.85,0.85,0.85
218,,0.618,0.4,0.318,0.518,0.482,0.7,0.7,0.7
219,,0.468,0.25,0.168,0.368,0.332,0.55,0.55,0.55
220,,0.318,0.1,0.018,0.218,0.182,0.4,0.4,0.4
221,,0.168,-0.05,-0.132,0.068,0.032,0.25,0.25,0.25
222,3,0.418,0.341,0.868,0.459,0.282,0.359,0.3,0.359
223,3,0.668,0.732,1.0,0.85,0.532,0.468,0.35,0.468
224,,0.518,0.582,0.85,0.7,0.382,0.318,0.2,0.318
225,,0.368,0.432,0.7,0.55,0.232,0.168,0.05,0.168
226,,0.218,0.282,0.55,0.4,0.082,0.018,-0.1,0.018
227,7,0.468,0.391,0.6,0.509,0.332,0.409,0.9,0.409
228,7,0.718,0.5,0.65,0.618,0.582,0.8,1.0,0.8
229,,0.568,0.35,0.5,0.468,0.432,0.65,0.85,0.65
230,,0.418,0.2,0.35,0.318,0.282,0.5,0.7,0.5
231,,0.268,0.05,0.2,0.168,0.132,0.35,0.55,0.35
232,,0.118,-0.1,0.05,0.018,-0.018,0.2,0.4,0.2
233,2,0.509,0.9,0.441,0.268,0.091,0.25,0.509,0.45
234,2,0.9,1.0,0.832,0.518,0.2,0.3,0.618,0.7
235,,0.75,0.85,0.682,0.368,0.05,0.15,0.468,0.55
236,,0.6,0.7,0.532,0.218,-0.1,0.0,0.318,0.4
237,5,0.65,0.809,0.782,0.609,0.9,0.391,0.568,0.509
238,5,0.7,0.918,1.0,1.0,1.0,0.782,0.818,0.618
239,,0.55,0.768,0.85,0.85,0.85,0.632,0.668,0.468
240,,0.4,0.618,0.7,0.7,0.7,0.482,0.518,0.318
241,,0.25,0.468,0.55,0.55,0.55,0.332,0.368,0.168
242,,0.1,0.318,0.4,0.4,0.4,0.182,0.218,0.018
243,,-0.05,0.168,0.25,0.25,0.25,0.032,0.068,-0.132
244,8,0.341,0.418,0.359,0.3,0.359,0.282,0.459,0.868
245,8,0.732,0.668,0.468,0.35,0.468,0.532,0.85,1.0
246,,0.582,0.518,0.318,0.2,0.318,0.382,0.7,0.85
247,,0.432,0.368,0.168,0.05,0.168,0.232,0.55,0.7
248,,0.282,0.218,0.018,-0.1,0.018,0.082,0.4,0.55
249,4,0.391,0.468,0.409,0.9,0.409,0.332,0.509,0.6
250,4,0.5,0.718,0.8,1.0,0.8,0.582,0.618,0.65
251,,0.35,0.568,0.65,0.85,0.65,0.432,0.468,0.5
252,,0.2,0.418,0.5,0.7,0.5,0.282,0.318,0.35
253,,0.05,0.268,0.35,0.55,0.35,0.132,0.168,0.2
254,,-0.1,0.118,0.2,0.4,0.2,-0.018,0.018,0.05
255,1,0.9,0.509,0.45,0.509,0.25,0.091,0.268,0.441
256,1,1.0,0.9,0.7,0.618,0.3,0.2,0.518,0.832
257,,0.85,0.75,0.55,0.468,0.15,0.05,0.368,0.682
258,,0.7,0.6,0.4,0.318,0.0,-0.1,0.218,0.532
259,6,0.809,0.65,0.509,0.568,0.391,0.9,0.609,0.782
260,6,0.918,0.7,0.618,0.818,0.782,1.0,1.0,1.0
261,,0.768,0.55,0.468,0.668,0.632,0.85,0.85,0.85
262,,0.618,0.4,0.318,0.518,0.482,0.7,0.7,0.7
263,,0.468,0.25,0.168,0.368,0.332,0.55,0.55,0.55
264,,0.318,0.1,0.018,0.218,0.182,0.4,0.4,0.4
265,,0.168,-0.05,-0.132,0.068,0.032,0.25,0.25,0.25
266,3,0.418,0.341,0.868,0.459,0.282,0.359,0.3,0.359
267,3,0.668,0.732,1.0,0.85,0.532,0.468,0.35,0.468
268,,0.518,0.582,0.85,0.7,0.382,0.318,0.2,0.318
269,,0.368,0.432,0.7,0.55,0.232,0.168,0.05,0.168
270,,0.218,0.282,0.55,0.4,0.082,0.018,-0.1,0.018
271,7,0.468,0.391,0.6,0.509,0.332,0.409,0.9,0.409
272,7,0.718,0.5,0.65,0.618,0.582,0.8,1.0,0.8
273,,0.568,0.35,0.5,0.468,0.432,0.65,0.85,0.65
274,,0.418,0.2,0.35,0.318,0.282,0.5,0.7,0.5
275,,0.268,0.05,0.2,0.168,0.132,0.35,0.55,0.35
276,,0.118,-0.1,0.05,0.018,-0.018,0.2,0.4,0.2
277,2,0.509,0.9,0.441,0.268,0.091,0.25,0.509,0.45
278,2,0.9,1.0,0.832,0.518,0.2,0.3,0.618,0.7
279,,0.75,0.85,0.682,0.368,0.05,0.15,0.468,0.55
280,,0.6,0.7,0.532,0.218,-0.1,0.0,0.318,0.4
281,5,0.65,0.809,0.782,0.609,0.9,0.391,0.568,0.509
282,5,0.7,0.918,1.0,1.0,1.0,0.782,0.818,0.618
283,,0.55,0.768,0.85,0.85,0.85,0.632,0.668,0.468
284,,0.4,0.618,0.7,0.7,0.7,0.482,0.518,0.318
285,,0.25,0.468,0.55,0.55,0.55,0.332,0.368,0.168
286,,0.1,0.318,0.4,0.4,0.4,0.182,0.218,0.018
287,,-0.05,0.168,0.25,0.25,0.25,0.032,0.068,-0.132
288,8,0.341,0.418,0.359,0.3,0.359,0.282,0.459,0.868
289,8,0.732,0.668,0.468,0.35,0.468,0.532,0.85,1.0
290,,0.582,0.518,0.318,0.2,0.318,0.382,0.7,0.85
291,,0.432,0.368,0.168,0.05,0.168,0.232,0.55,0.7
292,,0.282,0.218,0.018,-0.1,0.018,0.082,0.4,0.55
293,4,0.391,0.468,0.409,0.9,0.409,0.332,0.509,0.6
294,4,0.5,0.718,0.8,1.0,0.8,0.582,0.618,0.65
295,,0.35,0.568,0.65,0.85,0.65,0.432,0.468,0.5
296,,0.2,0.418,0.5,0.7,0.5,0.282,0.318,0.35
297,,0.05,0.268,0.35,0.55,0.35,0.132,0.168,0.2
298,,-0.1,0.118,0.2,0.4,0.2,-0.018,0.018,0.05
299,1,0.9,0.509,0.45,0.509,0.25,0.091,0.268,0.441
300,1,1.0,0.9,0.7,0.618,0.3,0.2,0.518,0.832
301,,0.85,0.75,0.55,0.468,0.15,0.05,0.368,0.682
302,,0.7,0.6,0.4,0.318,0.0,-0.1,0.218,0.532
303,6,0.809,0.65,0.509,0.568,0.391,0.9,0.609,0.782
304,6,0.918,0.7,0.618,0.818,0.782,1.0,1.0,1.0
305,,0.768,0.55,0.468,0.668,0.632,0.85,0.85,0.85
306,,0.618,0.4,0.318,0.518,0.482,0.7,0.7,0.7
307,,0.468,0.25,0.168,0.368,0.332,0.55,0.55,0.55
308,,0.318,0.1,0.018,0.218,0.182,0.4,0.4,0.4
309,,0.168,-0.05,-0.132,0.068,0.032,0.25,0.25,0.25
310,3,0.418,0.341,0.868,0.459,0.282,0.359,0.3,0.359
311,3,0.668,0.732,1.0,0.85,0.532,0.468,0.35,0.468
312,,0.518,0.582,0.85,0.7,0.382,0.318,0.2,0.318
313,,0.368,0.432,0.7,0.55,0.232,0.168,0.05,0.168
314,,0.218,0.282,0.55,0.4,0.082,0.018,-0.1,0.018
315,7,0.468,0.391,0.6,0.509,0.332,0.409,0.9,0.409
316,7,0.718,0.5,0.65,0.618,0.582,0.8,1.0,0.8
317,,0.568,0.35,0.5,0.468,0.432,0.65,0.85,0.65
318,,0.418,0.2,0.35,0.318,0.282,0.5,0.7,0.5
319,,0.268,0.05,0.2,0.168,0.132,0.35,0.55,0.35
320,,0.118,-0.1,0.05,0.018,-0.018,0.2,0.4,0.2
321,2,0.509,0.9,0.441,0.268,0.091,0.25,0.509,0.45
322,2,0.9,1.0,0.832,0.518,0.2,0.3,0.618,0.7
323,,0.75,0.85,0.682,0.368,0.05,0.15,0.468,0.55
324,,0.6,0.7,0.532,0.218,-0.1,0.0,0.318,0.4
325,5,0.65,0.809,0.782,0.609,0.9,0.391,0.568,0.509
326,5,0.7,0.918,1.0,1.0,1.0,0.782,0.818,0.618
327,,0.55,0.768,0.85,0.85,0.85,0.632,0.668,0.468
328,,0.4,0.618,0.7,0.7,0.7,0.482,0.518,0.318
329,,0.25,0.468,0.55,0.55,0.55,0.332,0.368,0.168
330,,0.1,0.318,0.4,0.4,0.4,0.182,0.218,0.018
331,,-0.05,0.168,0.25,0.25,0.25,0.032,0.068,-0.132
332,8,0.341,0.418,0.359,0.3,0.359,0.282,0.459,0.868
333,8,0.732,0.668,0.468,0.35,0.468,0.532,0.85,1.0
334,,0.582,0.518,0.318,0.2,0.318,0.382,0.7,0.85
335,,0.432,0.368,0.168,0.05,0.168,0.232,0.55,0.7
336,,0.282,0.218,0.018,-0.1,0.018,0.082,0.4,0.55
337,4,0.391,0.468,0.409,0.9,0.409,0.332,0.509,0.6
338,4,0.5,0.718,0.8,1.0,0.8,0.582,0.618,0.65
339,,0.35,0.568,0.65,0.85,0.65,0.432,0.468,0.5
340,,0.2,0.418,0.5,0.7,0.5,0.282,0.318,0.35
341,,0.05,0.268,0.35,0.55,0.35,0.132,0.168,0.2
342,,-0.1,0.118,0.2,0.4,0.2,-0.018,0.018,0.05
343,1,0.9,0.509,0.45,0.509,0.25,0.091,0.268,0.441
344,1,1.0,0.9,0.7,0.618,0.3,0.2,0.518,0.832
345,,0.85,0.75,0.55,0.468,0.15,0.05,0.368,0.682
346,,0.7,0.6,0.4,0.318,0.0,-0.1,0.218,0.532
347,6,0.809,0.65,0.509,0.568,0.391,0.9,0.609,0.782
348,6,0.918,0.7,0.618,0.818,0.782,1.0,1.0,1.0
349,,0.768,0.55,0.468,0.668,0.632,0.85,0.85,0.85
350,,0.618,0.4,0.318,0.518,0.482,0.7,0.7,0.7
351,,0.468,0.25,0.168,0.368,0.332,0.55,0.55,0.55
352,,0.318,0.1,0.018,0.218,0.182,0.4,0.4,0.4
353,,0.168,-0.05,-0.132,0.068,0.032,0.25,0.25,0.25
354,3,0.418,0.341,0.868,0.459,0.282,0.359,0.3,0.359
355,3,0.668,0.732,1.0,0.85,0.532,0.468,0.35,0.468
356,,0.518,0.582,0.85,0.7,0.382,0.318,0.2,0.318
357,,0.368,0.432,0.7,0.55,0.232,0.168,0.05,0.168
358,,0.218,0.282,0.55,0.4,0.082,0.018,-0.1,0.018
359,7,0.468,0.391,0.6,0.509,0.332,0.409,0.9,0.409
360,7,0.718,0.5,0.65,0.618,0.582,0.8,1.0,0.8
361,,0.568,0.35,0.5,0.468,0.432,0.65,0.85,0.65
362,,0.418,0.2,0.35,0.318,0.282,0.5,0.7,0.5
363,,0.268,0.05,0.2,0.168,0.132,0.35,0.55,0.35
364,,0.118,-0.1,0.05,0.018,-0.018,0.2,0.4,0.2
365,2,0.509,0.9,0.441,0.268,0.091,0.25,0.509,0.45
366,2,0.9,1.0,0.832,0.518,0.2,0.3,0.618,0.7
367,,0.75,0.85,0.682,0.368,0.05,0.15,0.468,0.55
368,,0.6,0.7,0.532,0.218,-0.1,0.0,0.318,0.4
369,5,0.65,0.809,0.782,0.609,0.9,0.391,0.568,0.509
370,5,0.7,0.918,1.0,1.0,1.0,0.782,0.818,0.618
371,,0.55,0.768,0.85,0.85,0.85,0.632,0.668,0.468
372,,0.4,0.618,0.7,0.7,0.7,0.482,0.518,0.318
373,,0.25,0.468,0.55,0.55,0.55,0.332,0.368,0.168
374,,0.1,0.318,0.4,0.4,0.4,0.182,0.218,0.018
375,,-0.05,0.168,0.25,0.25,0.25,0.032,0.068,-0.132
376,8,0.341,0.418,0.359,0.3,0.359,0.282,0.459,0.868
377,8,0.732,0.668,0.468,0.35,0.468,0.532,0.85,1.0
378,,0.582,0.518,0.318,0.2,0.318,0.382,0.7,0.85
379,,0.432,0.368,0.168,0.05,0.168,0.232,0.55,0.7
380,,0.282,0.218,0.018,-0.1,0.018,0.082,0.4,0.55
381,4,0.391,0.468,0.409,0.9,0.409,0.332,0.509,0.6
382,4,0.5,0.718,0.8,1.0,0.8,0.582,0.618,0.65
383,,0.35,0.568,0.65,0.85,0.65,0.432,0.468,0.5
384,,0.2,0.418,0.5,0.7,0.5,0.282,0.318,0.35
385,,0.05,0.268,0.35,0.55,0.35,0.132,0.168,0.2
386,,-0.1,0.118,0.2,0.4,0.2,-0.018,0.018,0.05
387,1,0.9,0.509,0.45,0.509,0.25,0.091,0.268,0.441
388,1,1.0,0.9,0.7,0.618,0.3,0.2,0.518,0.832
389,,0.85,0.75,0.55,0.468,0.15,0.05,0.368,0.682
390,,0.7,0.6,0.4,0.318,0.0,-0.1,0.218,0.532
391,6,0.809,0.65,0.509,0.568,0.391,0.9,0.609,0.782
392,6,0.918,0.7,0.618,0.818,0.782,1.0,1.0,1.0
393,,0.768,0.55,0.468,0.668,0.632,0.85,0.85,0.85
394,,0.618,0.4,0.318,0.518,0.482,0.7,0.7,0.7
395,,0.468,0.25,0.168,0.368,0.332,0.55,0.55,0.55
396,,0.318,0.1,0.018,0.218,0.182,0.4,0.4,0.4
397,,0.168,-0.05,-0.132,0.068,0.032,0.25,0.25,0.25
398,3,0.418,0.341,0.868,0.459,0.282,0.359,0.3,0.359
399,3,0.668,0.732,1.0,0.85,0.532,0.468,0.35,0.468
400,,0.518,0.582,0.85,0.7,0.382,0.318,0.2,0.318
401,,0.368,0.432,0.7,0.55,0.232,0.168,0.05,0.168
402,,0.218,0.282,0.55,0.4,0.082,0.018,-0.1,0.018
403,7,0.468,0.391,0.6,0.509,0.332,0.409,0.9,0.409
404,7,0.718,0.5,0.65,0.618,0.582,0.8,1.0,0.8
405,,0.568,0.35,0.5,0.468,0.432,0.65,0.85,0.65
406,,0.418,0.2,0.35,0.318,0.282,0.5,0.7,0.5
407,,0.268,0.05,0.2,0.168,0.132,0.35,0.55,0.35
408,,0.118,-0.1,0.05,0.018,-0.018,0.2,0.4,0.2
409,2,0.509,0.9,0.441,0.268,0.091,0.25,0.509,0.45
410,2,0.9,1.0,0.832,0.518,0.2,0.3,0.618,0.7
411,,0.75,0.85,0.682,0.368,0.05,0.15,0.468,0.55
412,,0.6,0.7,0.532,0.218,-0.1,0.0,0.318,0.4
413,5,0.65,0.809,0.782,0.609,0.9,0.391,0.568,0.509
414,5,0.7,0.918,1.0,1.0,1.0,0.782,0.818,0.618
415,,0.55,0.768,0.85,0.85,0.85,0.632,0.668,0.468
416,,0.4,0.618,0.7,0.7,0.7,0.482,0.518,0.318
417,,0.25,0.468,0.55,0.55,0.55,0.332,0.368,0.168
418,,0.1,0.318,0.4,0.4,0.4,0.182,0.218,0.018
419,,-0.05,0.168,0.25,0.25,0.25,0.032,0.068,-0.132
420,8,0.341,0.418,0.359,0.3,0.359,0.282,0.459,0.868
421,8,0.732,0.668,0.468,0.35,0.468,0.532,0.85,1.0
422,,0.582,0.518,0.318,0.2,0.318,0.382,0.7,0.85
423,,0.432,0.368,0.168,0.05,0.168,0.232,0.55,0.7
424,,0.282,0.218,0.018,-0.1,0.018,0.082,0.4,0.55
425,4,0.391,0.468,0.409,0.9,0.409,0.332,0.509,0.6
426,4,0.5,0.718,0.8,1.0,0.8,0.582,0.618,0.65
427,,0.35,0.568,0.65,0.85,0.65,0.432,0.468,0.5
428,,0.2,0.418,0.5,0.7,0.5,0.282,0.318,0.35
429,,0.05,0.268,0.35,0.55,0.35,0.132,0.168,0.2
430,,-0.1,0.118,0.2,0.4,0.2,-0.018,0.018,0.05
431,1,0.9,0.509,0.45,0.509,0.25,0.091,0.268,0.441
432,1,1.0,0.9,0.7,0.618,0.3,0.2,0.518,0.832
433,,0.85,0.75,0.55,0.468,0.15,0.05,0.368,0.682
434,,0.7,0.6,0.4,0.318,0.0,-0.1,0.218,0.532
435,6,0.809,0.65,0.509,0.568,0.391,0.9,0.609,0.782
436,6,0.918,0.7,0.618,0.818,0.782,1.0,1.0,1.0
437,,0.768,0.55,0.468,0.668,0.632,0.85,0.85,0.85
438,,0.618,0.4,0.318,0.518,0.482,0.7,0.7,0.7
439,,0.468,0.25,0.168,0.368,0.332,0.55,0.55,0.55
440,,0.318,0.1,0.018,0.218,0.182,0.4,0.4,0.4
441,,0.168,-0.05,-0.132,0.068,0.032,0.25,0.25,0.25
442,3,0.418,0.341,0.868,0.459,0.282,0.359,0.3,0.359
443,3,0.668,0.732,1.0,0.85,0.532,0.468,0.35,0.468
444,,0.518,0.582,0.85,0.7,0.382,0.318,0.2,0.318
445,,0.368,0.432,0.7,0.55,0.232,0.168,0.05,0.168
446,,0.218,0.282,0.55,0.4,0.082,0.018,-0.1,0.018
447,7,0.468,0.391,0.6,0.509,0.332,0.409,0.9,0.409
448,7,0.718,0.5,0.65,0.618,0.582,0.8,1.0,0.8
449,,0.568,0.35,0.5,0.468,0.432,0.65,0.85,0.65
450,,0.418,0.2,0.35,0.318,0.282,0.5,0.7,0.5
451,,0.268,0.05,0.2,0.168,0.132,0.35,0.55,0.35
452,,0.118,-0.1,0.05,0.018,-0.018,0.2,0.4,0.2
453,2,0.509,0.9,0.441,0.268,0.091,0.25,0.509,0.45
454,2,0.9,1.0,0.832,0.518,0.2,0.3,0.618,0.7
455,,0.75,0.85,0.682,0.368,0.05,0.15,0.468,0.55
456,,0.6,0.7,0.532,0.218,-0.1,0.0,0.318,0.4
457,5,0.65,0.809,0.782,0.609,0.9,0.391,0.568,0.509
458,5,0.7,0.918,1.0,1.0,1.0,0.782,0.818,0.618
459,,0.55,0.768,0.85,0.85,0.85,0.632,0.668,0.468
460,,0.4,0.618,0.7,0.7,0.7,0.482,0.518,0.318
461,,0.25,0.468,0.55,0.55,0.55,0.332,0.368,0.168
462,,0.1,0.318,0.4,0.4,0.4,0.182,0.218,0.018
463,,-0.05,0.168,0.25,0.25,0.25,0.032,0.068,-0.132
464,8,0.341,0.418,0.359,0.3,0.359,0.282,0.459,0.868
465,8,0.732,0.668,0.468,0.35,0.468,0.532,0.85,1.0
466,,0.582,0.518,0.318,0.2,0.318,0.382,0.7,0.85
467,,0.432,0.368,0.168,0.05,0.168,0.232,0.55,0.7
468,,0.282,0.218,0.018,-0.1,0.018,0.082,0.4,0.55
469,4,0.391,0.468,0.409,0.9,0.409,0.332,0.509,0.6
470,4,0.5,0.718,0.8,1.0,0.8,0.582,0.618,0.65
471,,0.35,0.568,0.65,0.85,0.65,0.432,0.468,0.5
472,,0.2,0.418,0.5,0.7,0.5,0.282,0.318,0.35
473,,0.05,0.268,0.35,0.55,0.35,0.132,0.168,0.2
474,,-0.1,0.118,0.2,0.4,0.2,-0.018,0.018,0.05
475,1,0.9,0.509,0.45,0.509,0.25,0.091,0.268,0.441
476,1,1.0,0.9,0.7,0.618,0.3,0.2,0.518,0.832
477,,0.85,0.75,0.55,0.468,0.15,0.05,0.368,0.682
478,,0.7,0.6,0.4,0.318,0.0,-0.1,0.218,0.532
479,6,0.809,0.65,0.509,0.568,0.391,0.9,0.609,0.782
480,6,0.918,0.7,0.618,0.818,0.782,1.0,1.0,1.0
481,,0.768,0.55,0.468,0.668,0.632,0.85,0.85,0.85
482,,0.618,0.4,0.318,0.518,0.482,0.7,0.7,0.7
483,,0.468,0.25,0.168,0.368,0.332,0.55,0.55,0.55
484,,0.318,0.1,0.018,0.218,0.182,0.4,0.4,0.4
485,,0.168,-0.05,-0.132,0.068,0.032,0.25,0.25,0.25
486,3,0.418,0.341,0.868,0.459,0.282,0.359,0.3,0.359
487,3,0.668,0.732,1.0,0.85,0.532,0.468,0.35,0.468
488,,0.518,0.582,0.85,0.7,0.382,0.318,0.2,0.318
489,,0.368,0.432,0.7,0.55,0.232,0.168,0.05,0.168
490,,0.218,0.282,0.55,0.4,0.082,0.018,-0.1,0.018
491,7,0.468,0.391,0.6,0.509,0.332,0.409,0.9,0.409
492,7,0.718,0.5,0.65,0.618,0.582,0.8,1.0,0.8
493,,0.568,0.35,0.5,0.468,0.432,0.65,0.85,0.65
494,,0.418,0.2,0.35,0.318,0.282,0.5,0.7,0.5
495,,0.268,0.05,0.2,0.168,0.132,0.35,0.55,0.35
496,,0.118,-0.1,0.05,0.018,-0.018,0.2,0.4,0.2
497,2,0.509,0.9,0.441,0.268,0.091,0.25,0.509,0.45
498,2,0.9,1.0,0.832,0.518,0.2,0.3,0.618,0.7
499,,0.75,0.85,0.682,0.368,0.05,0.15,0.468,0.55
500,,0.6,0.7,0.532,0.218,-0.1,0.0,0.318,0.4
501,5,0.65,0.809,0.782,0.609,0.9,0.391,0.568,0.509
502,5,0.7,0.918,1.0,1.0,1.0,0.782,0.818,0.618
503,,0.55,0.768,0.85,0.85,0.85,0.632,0.668,0.468
504,,0.4,0.618,0.7,0.7,0.7,0.482,0.518,0.318
505,,0.25,0.468,0.55,0.55,0.55,0.332,0.368,0.168
506,,0.1,0.318,0.4,0.4,0.4,0.182,0.218,0.018
507,,-0.05,0.168,0.25,0.25,0.25,0.032,0.068,-0.132
508,8,0.341,0.418,0.359,0.3,0.359,0.282,0.459,0.868
509,8,0.732,0.668,0.468,0.35,0.468,0.532,0.85,1.0
510,,0.582,0.518,0.318,0.2,0.318,0.382,0.7,0.85
511,,0.432,0.368,0.168,0.05,0.168,0.232,0.55,0.7
512,,0.282,0.218,0.018,-0.1,0.018,0.082,0.4,0.55
513,4,0.391,0.468,0.409,0.9,0.409,0.332,0.509,0.6
514,4,0.5,0.718,0.8,1.0,0.8,0.582,0.618,0.65
515,,0.35,0.568,0.65,0.85,0.65,0.432,0.468,0.5
516,,0.2,0.418,0.5,0.7,0.5,0.282,0.318,0.35
517,,0.05,0.268,0.35,0.55,0.35,0.132,0.168,0.2
518,,-0.1,0.118,0.2,0.4,0.2,-0.018,0.018,0.05
519,1,0.9,0.509,0.45,0.509,0.25,0.091,0.268,0.441
520,1,1.0,0.9,0.7,0.618,0.3,0.2,0.518,0.832
521,,0.85,0.75,0.55,0.468,0.15,0.05,0.368,0.682
522,,0.7,0.6,0.4,0.318,0.0,-0.1,0.218,0.532
523,6,0.809,0.65,0.509,0.568,0.391,0.9,0.609,0.782
524,6,0.918,0.7,0.618,0.818,0.782,1.0,1.0,1.0
525,,0.768,0.55,0.468,0.668,0.632,0.85,0.85,0.85
526,,0.618,0.4,0.318,0.518,0.482,0.7,0.7,0.7
527,,0.468,0.25,0.168,0.368,0.332,0.55,0.55,0.55
528,,0.318,0.1,0.018,0.218,0.182,0.4,0.4,0.4
529,,0.168,-0.05,-0.132,0.068,0.032,0.25,0.25,0.25
530,3,0.418,0.341,0.868,0.459,0.282,0.359,0.3,0.359
531,3,0.668,0.732,1.0,0.85,0.532,0.468,0.35,0.468
532,,0.518,0.582,0.85,0.7,0.382,0.318,0.2,0.318
533,,0.368,0.432,0.7,0.55,0.232,0.168,0.05,0.168
534,,0.218,0.282,0.55,0.4,0.082,0.018,-0.1,0.018
535,7,0.468,0.391,0.6,0.509,0.332,0.409,0.9,0.409
536,7,0.718,0.5,0.65,0.618,0.582,0.8,1.0,0.8
537,,0.568,0.35,0.5,0.468,0.432,0.65,0.85,0.65
538,,0.418,0.2,0.35,0.318,0.282,0.5,0.7,0.5
539,,0.268,0.05,0.2,0.168,0.132,0.35,0.55,0.35
540,,0.118,-0.1,0.05,0.018,-0.018,0.2,0.4,0.2
541,2,0.509,0.9,0.441,0.268,0.091,0.25,0.509,0.45
542,2,0.9,1.0,0.832,0.518,0.2,0.3,0.618,0.7
543,,0.75,0.85,0.682,0.368,0.05,0.15,0.468,0.55
544,,0.6,0.7,0.532,0.218,-0.1,0.0,0.318,0.4
545,5,0.65,0.809,0.782,0.609,0.9,0.391,0.568,0.509
546,5,0.7,0.918,1.0,1.0,1.0,0.782,0.818,0.618
547,,0.55,0.768,0.85,0.85,0.85,0.632,0.668,0.468
548,,0.4,0.618,0.7,0.7,0.7,0.482,0.518,0.318
549,,0.25,0.468,0.55,0.55,0.55,0.332,0.368,0.168
550,,0.1,0.318,0.4,0.4,0.4,0.182,0.218,0.018
551,,-0.05,0.168,0.25,0.25,0.25,0.032,0.068,-0.132
552,8,0.341,0.418,0.359,0.3,0.359,0.282,0.459,0.868
553,8,0.732,0.668,0.468,0.35,0.468,0.532,0.85,1.0
554,,0.582,0.518,0.318,0.2,0.318,0.382,0.7,0.85
555,,0.432,0.368,0.168,0.05,0.168,0.232,0.55,0.7
556,,0.282,0.218,0.018,-0.1,0.018,0.082,0.4,0.55
557,4,0.391,0.468,0.409,0.9,0.409,0.332,0.509,0.6
558,4,0.5,0.718,0.8,1.0,0.8,0.582,0.618,0.65
559,,0.35,0.568,0.65,0.85,0.65,0.432,0.468,0.5
560,,0.2,0.418,0.5,0.7,0.5,0.282,0.318,0.35
561,,0.05,0.268,0.35,0.55,0.35,0.132,0.168,0.2
562,,-0.1,0.118,0.2,0.4,0.2,-0.018,0.018,0.05
563,1,0.9,0.509,0.45,0.509,0.25,0.091,0.268,0.441
564,1,1.0,0.9,0.7,0.618,0.3,0.2,0.518,0.832
565,,0.85,0.75,0.55,0.468,0.15,0.05,0.368,0.682
566,,0.7,0.6,0.4,0.318,0.0,-0.1,0.218,0.532
567,6,0.809,0.65,0.509,0.568,0.391,0.9,0.609,0.782
568,6,0.918,0.7,0.618,0.818,0.782,1.0,1.0,1.0
569,,0.768,0.55,0.468,0.668,0.632,0.85,0.85,0.85
570,,0.618,0.4,0.318,0.518,0.482,0.7,0.7,0.7
571,,0.468,0.25,0.168,0.368,0.332,0.55,0.55,0.55
572,,0.318,0.1,0.018,0.218,0.182,0.4,0.4,0.4
573,,0.168,-0.05,-0.132,0.068,0.032,0.25,0.25,0.25
574,3,0.418,0.341,0.868,0.459,0.282,0.359,0.3,0.359
575,3,0.668,0.732,1.0,0.85,0.532,0.468,0.35,0.468
576,,0.518,0.582,0.85,0.7,0.382,0.318,0.2,0.318
577,,0.368,0.432,0.7,0.55,0.232,0.168,0.05,0.168
578,,0.218,0.282,0.55,0.4,0.082,0.018,-0.1,0.018
579,7,0.468,0.391,0.6,0.509,0.332,0.409,0.9,0.409
580,7,0.718,0.5,0.65,0.618,0.582,0.8,1.0,0.8
581,,0.568,0.35,0.5,0.468,0.432,0.65,0.85,0.65
582,,0.418,0.2,0.35,0.318,0.282,0.5,0.7,0.5
583,,0.268,0.05,0.2,0.168,0.132,0.35,0.55,0.35
584,,0.118,-0.1,0.05,0.018,-0.018,0.2,0.4,0.2
585,2,0.509,0.9,0.441,0.268,0.091,0.25,0.509,0.45
586,2,0.9,1.0,0.832,0.518,0.2,0.3,0.618,0.7
587,,0.75,0.85,0.682,0.368,0.05,0.15,0.468,0.55
588,,0.6,0.7,0.532,0.218,-0.1,0.0,0.318,0.4
589,5,0.65,0.809,0.782,0.609,0.9,0.391,0.568,0.509
590,5,0.7,0.918,1.0,1.0,1.0,0.782,0.818,0.618
591,,0.55,0.768,0.85,0.85,0.85,0.632,0.668,0.468
592,,0.4,0.618,0.7,0.7,0.7,0.482,0.518,0.318
593,,0.25,0.468,0.55,0.55,0.55,0.332,0.368,0.168
594,,0.1,0.318,0.4,0.4,0.4,0.182,0.218,0.018
595,,-0.05,0.168,0.25,0.25,0.25,0.032,0.068,-0.132
596,8,0.341,0.418,0.359,0.3,0.359,0.282,0.459,0.868
597,8,0.732,0.668,0.468,0.35,0.468,0.532,0.85,1.0
598,,0.582,0.518,0.318,0.2,0.318,0.382,0.7,0.85
599,,0.432,0.368,0.168,0.05,0.168,0.232,0.55,0.7
600,,0.282,0.218,0.018,-0.1,0.018,0.082,0.4,0.55
601,4,0.391,0.468,0.409,0.9,0.409,0.332,0.509,0.6
602,4,0.5,0.718,0.8,1.0,0.8,0.582,0.618,0.65
603,,0.35,0.568,0.65,0.85,0.65,0.432,0.468,0.5
604,,0.2,0.418,0.5,0.7,0.5,0.282,0.318,0.35
605,,0.05,0.268,0.35,0.55,0.35,0.132,0.168,0.2
606,,-0.1,0.118,0.2,0.4,0.2,-0.018,0.018,0.05
607,1,0.9,0.509,0.45,0.509,0.25,0.091,0.268,0.441
608,1,1.0,0.9,0.7,0.618,0.3,0.2,0.518,0.832
609,,0.85,0.75,0.55,0.468,0.15,0.05,0.368,0.682
610,,0.7,0.6,0.4,0.318,0.0,-0.1,0.218,0.532
611,6,0.809,0.65,0.509,0.568,0.391,0.9,0.609,0.782
612,6,0.918,0.7,0.618,0.818,0.782,1.0,1.0,1.0
613,,0.768,0.55,0.468,0.668,0.632,0.85,0.85,0.85
614,,0.618,0.4,0.318,0.518,0.482,0.7,0.7,0.7
615,,0.468,0.25,0.168,0.368,0.332,0.55,0.55,0.55
616,,0.318,0.1,0.018,0.218,0.182,0.4,0.4,0.4
617,,0.168,-0.05,-0.132,0.068,0.032,0.25,0.25,0.25
618,3,0.418,0.341,0.868,0.459,0.282,0.359,0.3,0.359
619,3,0.668,0.732,1.0,0.85,0.532,0.468,0.35,0.468
620,,0.518,0.582,0.85,0.7,0.382,0.318,0.2,0.318
621,,0.368,0.432,0.7,0.55,0.232,0.168,0.05,0.168
622,,0.218,0.282,0.55,0.4,0.082,0.018,-0.1,0.018
623,7,0.468,0.391,0.6,0.509,0.332,0.409,0.9,0.409
624,7,0.718,0.5,0.65,0.618,0.582,0.8,1.0,0.8
625,,0.568,0.35,0.5,0.468,0.432,0.65,0.85,0.65
626,,0.418,0.2,0.35,0.318,0.282,0.5,0.7,0.5
627,,0.268,0.05,0.2,0.168,0.132,0.35,0.55,0.35
628,,0.118,-0.1,0.05,0.018,-0.018,0.2,0.4,0.2
629,2,0.509,0.9,0.441,0.268,0.091,0.25,0.509,0.45
630,2,0.9,1.0,0.832,0.518,0.2,0.3,0.618,0.7
631,,0.75,0.85,0.682,0.368,0.05,0.15,0.468,0.55
632,,0.6,0.7,0.532,0.218,-0.1,0.0,0.318,0.4
633,5,0.65,0.809,0.782,0.609,0.9,0.391,0.568,0.509
634,5,0.7,0.918,1.0,1.0,1.0,0.782,0.818,0.618
635,,0.55,0.768,0.85,0.85,0.85,0.632,0.668,0.468
636,,0.4,0.618,0.7,0.7,0.7,0.482,0.518,0.318
637,,0.25,0.468,0.55,0.55,0.55,0.332,0.368,0.168
638,,0.1,0.318,0.4,0.4,0.4,0.182,0.218,0.018
639,,-0.05,0.168,0.25,0.25,0.25,0.032,0.068,-0.132
640,8,0.341,0.418,0.359,0.3,0.359,0.282,0.459,0.868
641,8,0.732,0.668,0.468,0.35,0.468,0.532,0.85,1.0
642,,0.582,0.518,0.318,0.2,0.318,0.382,0.7,0.85
643,,0.432,0.368,0.168,0.05,0.168,0.232,0.55,0.7
644,,0.282,0.218,0.018,-0.1,0.018,0.082,0.4,0.55
645,4,0.391,0.468,0.409,0.9,0.409,0.332,0.509,0.6
646,4,0.5,0.718,0.8,1.0,0.8,0.582,0.618,0.65
647,,0.35,0.568,0.65,0.85,0.65,0.432,0.468,0.5
648,,0.2,0.418,0.5,0.7,0.5,0.282,0.318,0.35
649,,0.05,0.268,0.35,0.55,0.35,0.132,0.168,0.2
650,,-0.1,0.118,0.2,0.4,0.2,-0.018,0.018,0.05
651,1,0.9,0.509,0.45,0.509,0.25,0.091,0.268,0.441
652,1,1.0,0.9,0.7,0.618,0.3,0.2,0.518,0.832
653,,0.85,0.75,0.55,0.468,0.15,0.05,0.368,0.682
654,,0.7,0.6,0.4,0.318,0.0,-0.1,0.218,0.532
655,6,0.809,0.65,0.509,0.568,0.391,0.9,0.609,0.782
656,6,0.918,0.7,0.618,0.818,0.782,1.0,1.0,1.0
657,,0.768,0.55,0.468,0.668,0.632,0.85,0.85,0.85
658,,0.618,0.4,0.318,0.518,0.482,0.7,0.7,0.7
659,,0.468,0.25,0.168,0.368,0.332,0.55,0.55,0.55
660,,0.318,0.1,0.018,0.218,0.182,0.4,0.4,0.4
661,,0.168,-0.05,-0.132,0.068,0.032,0.25,0.25,0.25
662,3,0.418,0.341,0.868,0.459,0.282,0.359,0.3,0.359
663,3,0.668,0.732,1.0,0.85,0.532,0.468,0.35,0.468
664,,0.518,0.582,0.85,0.7,0.382,0.318,0.2,0.318
665,,0.368,0.432,0.7,0.55,0.232,0.168,0.05,0.168
666,,0.218,0.282,0.55,0.4,0.082,0.018,-0.1,0.018
667,7,0.468,0.391,0.6,0.509,0.332,0.409,0.9,0.409
668,7,0.718,0.5,0.65,0.618,0.582,0.8,1.0,0.8
669,,0.568,0.35,0.5,0.468,0.432,0.65,0.85,0.65
670,,0.418,0.2,0.35,0.318,0.282,0.5,0.7,0.5
671,,0.268,0.05,0.2,0.168,0.132,0.35,0.55,0.35
672,,0.118,-0.1,0.05,0.018,-0.018,0.2,0.4,0.2
673,2,0.509,0.9,0.441,0.268,0.091,0.25,0.509,0.45
674,2,0.9,1.0,0.832,0.518,0.2,0.3,0.618,0.7
675,,0.75,0.85,0.682,0.368,0.05,0.15,0.468,0.55
676,,0.6,0.7,0.532,0.218,-0.1,0.0,0.318,0.4
677,5,0.65,0.809,0.782,0.609,0.9,0.391,0.568,0.509
678,5,0.7,0.918,1.0,1.0,1.0,0.782,0.818,0.618
679,,0.55,0.768,0.85,0.85,0.85,0.632,0.668,0.468
680,,0.4,0.618,0.7,0.7,0.7,0.482,0.518,0.318
681,,0.25,0.468,0.55,0.55,0.55,0.332,0.368,0.168
682,,0.1,0.318,0.4,0.4,0.4,0.182,0.218,0.018
683,,-0.05,0.168,0.25,0.25,0.25,0.032,0.068,-0.132
684,8,0.341,0.418,0.359,0.3,0.359,0.282,0.459,0.868
685,8,0.732,0.668,0.468,0.35,0.468,0.532,0.85,1.0
686,,0.582,0.518,0.318,0.2,0.318,0.382,0.7,0.85
687,,0.432,0.368,0.168,0.05,0.168,0.232,0.55,0.7
688,,0.282,0.218,0.018,-0.1,0.018,0.082,0.4,0.55
689,4,0.391,0.468,0.409,0.9,0.409,0.332,0.509,0.6
690,4,0.5,0.718,0.8,1.0,0.8,0.582,0.618,0.65
691,,0.35,0.568,0.65,0.85,0.65,0.432,0.468,0.5
692,,0.2,0.418,0.5,0.7,0.5,0.282,0.318,0.35
693,,0.05,0.268,0.35,0.55,0.35,0.132,0.168,0.2
694,,-0.1,0.118,0.2,0.4,0.2,-0.018,0.018,0.05
695,1,0.9,0.509,0.45,0.509,0.25,0.091,0.268,0.441
696,1,1.0,0.9,0.7,0.618,0.3,0.2,0.518,0.832
697,,0.85,0.75,0.55,0.468,0.15,0.05,0.368,0.682
698,,0.7,0.6,0.4,0.318,0.0,-0.1,0.218,0.532
699,6,0.809,0.65,0.509,0.568,0.391,0.9,0.609,0.782
700,6,0.918,0.7,0.618,0.818,0.782,1.0,1.0,1.0
701,,0.768,0.55,0.468,0.668,0.632,0.85,0.85,0.85
702,,0.618,0.4,0.318,0.518,0.482,0.7,0.7,0.7
703,,0.468,0.25,0.168,0.368,0.332,0.55,0.55,0.55
704,,0.318,0.1,0.018,0.218,0.182,0.4,0.4,0.4
705,,0.168,-0.05,-0.132,0.068,0.032,0.25,0.25,0.25
706,3,0.418,0.341,0.868,0.459,0.282,0.359,0.3,0.359
707,3,0.668,0.732,1.0,0.85,0.532,0.468,0.35,0.468
708,,0.518,0.582,0.85,0.7,0.382,0.318,0.2,0.318
709,,0.368,0.432,0.7,0.55,0.232,0.168,0.05,0.168
710,,0.218,0.282,0.55,0.4,0.082,0.018,-0.1,0.018
711,7,0.468,0.391,0.6,0.509,0.332,0.409,0.9,0.409
712,7,0.718,0.5,0.65,0.618,0.582,0.8,1.0,0.8
713,,0.568,0.35,0.5,0.468,0.432,0.65,0.85,0.65
714,,0.418,0.2,0.35,0.318,0.282,0.5,0.7,0.5
715,,0.268,0.05,0.2,0.168,0.132,0.35,0.55,0.35
716,,0.118,-0.1,0.05,0.018,-0.018,0.2,0.4,0.2
717,2,0.509,0.9,0.441,0.268,0.091,0.25,0.509,0.45
718,2,0.9,1.0,0.832,0.518,0.2,0.3,0.618,0.7
719,,0.75,0.85,0.682,0.368,0.05,0.15,0.468,0.55
720,,0.6,0.7,0.532,0.218,-0.1,0.0,0.318,0.4
721,5,0.65,0.809,0.782,0.609,0.9,0.391,0.568,0.509
722,5,0.7,0.918,1.0,1.0,1.0,0.782,0.818,0.618
723,,0.55,0.768,0.85,0.85,0.85,0.632,0.668,0.468
724,,0.4,0.618,0.7,0.7,0.7,0.482,0.518,0.318
725,,0.25,0.468,0.55,0.55,0.55,0.332,0.368,0.168
726,,0.1,0.318,0.4,0.4,0.4,0.182,0.218,0.018
727,,-0.05,0.168,0.25,0.25,0.25,0.032,0.068,-0.132
728,8,0.341,0.418,0.359,0.3,0.359,0.282,0.459,0.868
729,8,0.732,0.668,0.468,0.35,0.468,0.532,0.85,1.0
730,,0.582,0.518,0.318,0.2,0.318,0.382,0.7,0.85
731,,0.432,0.368,0.168,0.05,0.168,0.232,0.55,0.7
732,,0.282,0.218,0.018,-0.1,0.018,0.082,0.4,0.55
733,4,0.391,0.468,0.409,0.9,0.409,0.332,0.509,0.6
734,4,0.5,0.718,0.8,1.0,0.8,0.582,0.618,0.65
735,,0.35,0.568,0.65,0.85,0.65,0.432,0.468,0.5
736,,0.2,0.418,0.5,0.7,0.5,0.282,0.318,0.35
737,,0.05,0.268,0.35,0.55,0.35,0.132,0.168,0.2
738,,-0.1,0.118,0.2,0.4,0.2,-0.018,0.018,0.05
739,1,0.9,0.509,0.45,0.509,0.25,0.091,0.268,0.441
740,1,1.0,0.9,0.7,0.618,0.3,0.2,0.518,0.832
741,,0.85,0.75,0.55,0.468,0.15,0.05,0.368,0.682
742,,0.7,0.6,0.4,0.318,0.0,-0.1,0.218,0.532
743,6,0.809,0.65,0.509,0.568,0.391,0.9,0.609,0.782
744,6,0.918,0.7,0.618,0.818,0.782,1.0,1.0,1.0
745,,0.768,0.55,0.468,0.668,0.632,0.85,0.85,0.85
746,,0.618,0.4,0.318,0.518,0.482,0.7,0.7,0.7
747,,0.468,0.25,0.168,0.368,0.332,0.55,0.55,0.55
748,,0.318,0.1,0.018,0.218,0.182,0.4,0.4,0.4
749,,0.168,-0.05,-0.132,0.068,0.032,0.25,0.25,0.25
750,3,0.418,0.341,0.868,0.459,0.282,0.359,0.3,0.359
751,3,0.668,0.732,1.0,0.85,0.532,0.468,0.35,0.468
752,,0.518,0.582,0.85,0.7,0.382,0.318,0.2,0.318
753,,0.368,0.432,0.7,0.55,0.232,0.168,0.05,0.168
754,,0.218,0.282,0.55,0.4,0.082,0.018,-0.1,0.018
755,7,0.468,0.391,0.6,0.509,0.332,0.409,0.9,0.409
756,7,0.718,0.5,0.65,0.618,0.582,0.8,1.0,0.8
757,,0.568,0.35,0.5,0.468,0.432,0.65,0.85,0.65
758,,0.418,0.2,0.35,0.318,0.282,0.5,0.7,0.5
759,,0.268,0.05,0.2,0.168,0.132,0.35,0.55,0.35
760,,0.118,-0.1,0.05,0.018,-0.018,0.2,0.4,0.2
761,2,0.509,0.9,0.441,0.268,0.091,0.25,0.509,0.45
762,2,0.9,1.0,0.832,0.518,0.2,0.3,0.618,0.7
763,,0.75,0.85,0.682,0.368,0.05,0.15,0.468,0.55
764,,0.6,0.7,0.532,0.218,-0.1,0.0,0.318,0.4
765,5,0.65,0.809,0.782,0.609,0.9,0.391,0.568,0.509
766,5,0.7,0.918,1.0,1.0,1.0,0.782,0.818,0.618
767,,0.55,0.768,0.85,0.85,0.85,0.632,0.668,0.468
768,,0.4,0.618,0.7,0.7,0.7,0.482,0.518,0.318
769,,0.25,0.468,0.55,0.55,0.55,0.332,0.368,0.168
770,,0.1,0.318,0.4,0.4,0.4,0.182,0.218,0.018
771,,-0.05,0.168,0.25,0.25,0.25,0.032,0.068,-0.132
772,8,0.341,0.418,0.359,0.3,0.359,0.282,0.459,0.868
773,8,0.732,0.668,0.468,0.35,0.468,0.532,0.85,1.0
774,,0.582,0.518,0.318,0.2,0.318,0.382,0.7,0.85
775,,0.432,0.368,0.168,0.05,0.168,0.232,0.55,0.7
776,,0.282,0.218,0.018,-0.1,0.018,0.082,0.4,0.55
777,4,0.391,0.468,0.409,0.9,0.409,0.332,0.509,0.6
778,4,0.5,0.718,0.8,1.0,0.8,0.582,0.618,0.65
779,,0.35,0.568,0.65,0.85,0.65,0.432,0.468,0.5
780,,0.2,0.418,0.5,0.7,0.5,0.282,0.318,0.35
781,,0.05,0.268,0.35,0.55,0.35,0.132,0.168,0.2
782,,-0.1,0.118,0.2,0.4,0.2,-0.018,0.018,0.05
783,1,0.9,0.509,0.45,0.509,0.25,0.091,0.268,0.441
784,1,1.0,0.9,0.7,0.618,0.3,0.2,0.518,0.832
785,,0.85,0.75,0.55,0.468,0.15,0.05,0.368,0.682
786,,0.7,0.6,0.4,0.318,0.0,-0.1,0.218,0.532
787,6,0.809,0.65,0.509,0.568,0.391,0.9,0.609,0.782
788,6,0.918,0.7,0.618,0.818,0.782,1.0,1.0,1.0
789,,0.768,0.55,0.468,0.668,0.632,0.85,0.85,0.85
790,,0.618,0.4,0.318,0.518,0.482,0.7,0.7,0.7
791,,0.468,0.25,0.168,0.368,0.332,0.55,0.55,0.55
792,,0.318,0.1,0.018,0.218,0.182,0.4,0.4,0.4
793,,0.168,-0.05,-0.132,0.068,0.032,0.25,0.25,0.25
794,3,0.418,0.341,0.868,0.459,0.282,0.359,0.3,0.359
795,3,0.668,0.732,1.0,0.85,0.532,0.468,0.35,0.468
796,,0.518,0.582,0.85,0.7,0.382,0.318,0.2,0.318
797,,0.368,0.432,0.7,0.55,0.232,0.168,0.05,0.168
798,,0.218,0.282,0.55,0.4,0.082,0.018,-0.1,0.018
799,7,0.468,0.391,0.6,0.509,0.332,0.409,0.9,0.409
800,7,0.718,0.5,0.65,0.618,0.582,0.8,1.0,0.8
801,,0.568,0.35,0.5,0.468,0.432,0.65,0.85,0.65
802,,0.418,0.2,0.35,0.318,0.282,0.5,0.7,0.5
803,,0.268,0.05,0.2,0.168,0.132,0.35,0.55,0.35
804,,0.118,-0.1,0.05,0.018,-0.018,0.2,0.4,0.2
805,2,0.509,0.9,0.441,0.268,0.091,0.25,0.509,0.45
806,2,0.9,1.0,0.832,0.518,0.2,0.3,0.618,0.7
807,,0.75,0.85,0.682,0.368,0.05,0.15,0.468,0.55
808,,0.6,0.7,0.532,0.218,-0.1,0.0,0.318,0.4
809,5,0.65,0.809,0.782,0.609,0.9,0.391,0.568,0.509
810,5,0.7,0.918,1.0,1.0,1.0,0.782,0.818,0.618
811,,0.55,0.768,0.85,0.85,0.85,0.632,0.668,0.468
812,,0.4,0.618,0.7,0.7,0.7,0.482,0.518,0.318
813,,0.25,0.468,0.55,0.55,0.55,0.332,0.368,0.168
814,,0.1,0.318,0.4,0.4,0.4,0.182,0.218,0.018
815,,-0.05,0.168,0.25,0.25,0.25,0.032,0.068,-0.132
816,8,0.341,0.418,0.359,0.3,0.359,0.282,0.459,0.868
817,8,0.732,0.668,0.468,0.35,0.468,0.532,0.85,1.0
818,,0.582,0.518,0.318,0.2,0.318,0.382,0.7,0.85
819,,0.432,0.368,0.168,0.05,0.168,0.232,0.55,0.7
820,,0.282,0.218,0.018,-0.1,0.018,0.082,0.4,0.55
821,4,0.391,0.468,0.409,0.9,0.409,0.332,0.509,0.6
822,4,0.5,0.718,0.8,1.0,0.8,0.582,0.618,0.65
823,,0.35,0.568,0.65,0.85,0.65,0.432,0.468,0.5
824,,0.2,0.418,0.5,0.7,0.5,0.282,0.318,0.35
825,,0.05,0.268,0.35,0.55,0.35,0.132,0.168,0.2
826,,-0.1,0.118,0.2,0.4,0.2,-0.018,0.018,0.05
827,1,0.9,0.509,0.45,0.509,0.25,0.091,0.268,0.441
828,1,1.0,0.9,0.7,0.618,0.3,0.2,0.518,0.832
829,,0.85,0.75,0.55,0.468,0.15,0.05,0.368,0.682
830,,0.7,0.6,0.4,0.318,0.0,-0.1,0.218,0.532
831,6,0.809,0.65,0.509,0.568,0.391,0.9,0.609,0.782
832,6,0.918,0.7,0.618,0.818,0.782,1.0,1.0,1.0
