step,active_motive,motive_1,motive_2,motive_3,motive_4,motive_5,motive_6,motive_7,motive_8
0,,0.09766,0.0411,0.00331,0.03451,0.06344,0.06807,0.05309,0.04478
1,,0.08766,0.0311,-0.00669,0.02451,0.05344,0.05807,0.04309,0.03478
2,3,0.07766,0.3041,0.99331,0.29751,0.04344,-0.23493,-0.36691,-0.25822
3,3,0.06766,0.5771,1.0,0.57051,0.03344,-0.52793,-0.77691,-0.55122
4,7,0.05766,0.2841,0.59,0.27751,0.02344,-0.25493,0.22309,-0.27822
5,7,0.04766,-0.0089,0.18,-0.01549,0.01344,0.01807,1.0,-0.00522
6,4,-0.24534,-0.0189,0.453,0.98451,0.28644,0.00807,0.707,-0.41522
7,4,-0.53834,-0.0289,0.726,1.0,0.55944,-0.00193,0.414,-0.82522
8,8,-0.26534,-0.0389,0.433,0.59,0.26644,-0.01193,0.687,0.17478
9,8,0.00766,-0.0489,0.14,0.18,-0.02656,-0.02193,0.96,1.0
10,2,0.28066,0.9511,0.413,0.17,-0.31956,-0.43193,0.667,0.99
11,2,0.55366,1.0,0.686,0.16,-0.61256,-0.84193,0.374,0.98
12,6,0.26066,0.59,0.393,0.15,-0.33956,0.15807,0.647,0.97
13,6,-0.03234,0.18,0.1,0.14,-0.06656,1.0,0.92,0.96
14,5,-0.44234,-0.113,0.09,0.413,0.93344,1.0,0.91,0.667
15,5,-0.85234,-0.406,0.08,0.686,1.0,1.0,0.9,0.374
16,1,0.14766,-0.133,0.07,0.393,0.59,0.707,0.89,0.647
17,1,1.0,0.14,0.06,0.1,0.18,0.414,0.88,0.92
18,,0.99,0.13,0.05,0.09,0.17,0.404,0.87,0.91
19,,0.98,0.12,0.04,0.08,0.16,0.394,0.86,0.9
20,,0.97,0.11,0.03,0.07,0.15,0.384,0.85,0.89
21,,0.96,0.1,0.02,0.06,0.14,0.374,0.84,0.88
22,,0.95,0.09,0.01,0.05,0.13,0.364,0.83,0.87
23,,0.94,0.08,0.0,0.04,0.12,0.354,0.82,0.86
24,,0.93,0.07,-0.01,0.03,0.11,0.344,0.81,0.85
25,3,0.92,0.343,0.99,0.303,0.1,0.051,0.4,0.557
26,3,0.91,0.616,1.0,0.576,0.09,-0.242,-0.01,0.264
27,6,0.617,0.206,0.707,0.566,0.363,0.758,0.263,0.254
28,6,0.324,-0.204,0.414,0.556,0.636,1.0,0.536,0.244
29,2,0.597,0.796,0.687,0.546,0.343,0.59,0.243,0.234
30,2,0.87,1.0,0.96,0.536,0.05,0.18,-0.05,0.224
31,7,0.86,0.707,0.55,0.243,0.04,0.453,0.95,0.497
32,7,0.85,0.414,0.14,-0.05,0.03,0.726,1.0,0.77
33,4,0.557,0.404,0.413,0.95,0.303,0.716,0.707,0.36
34,4,0.264,0.394,0.686,1.0,0.576,0.706,0.414,-0.05
35,8,0.537,0.384,0.393,0.59,0.283,0.696,0.687,0.95
36,8,0.81,0.374,0.1,0.18,-0.01,0.686,0.96,1.0
37,5,0.4,0.081,0.09,0.453,0.99,0.959,0.95,0.707
38,5,-0.01,-0.212,0.08,0.726,1.0,1.0,0.94,0.414
39,2,0.263,0.788,0.353,0.716,0.707,0.59,0.647,0.404
40,2,0.536,1.0,0.626,0.706,0.414,0.18,0.354,0.394
41,,0.526,0.99,0.616,0.696,0.404,0.17,0.344,0.384
42,,0.516,0.98,0.606,0.686,0.394,0.16,0.334,0.374
43,,0.506,0.97,0.596,0.676,0.384,0.15,0.324,0.364
44,,0.496,0.96,0.586,0.666,0.374,0.14,0.314,0.354
45,,0.486,0.95,0.576,0.656,0.364,0.13,0.304,0.344
46,,0.476,0.94,0.566,0.646,0.354,0.12,0.294,0.334
47,,0.466,0.93,0.556,0.636,0.344,0.11,0.284,0.324
48,,0.456,0.92,0.546,0.626,0.334,0.1,0.274,0.314
49,,0.446,0.91,0.536,0.616,0.324,0.09,0.264,0.304
50,,0.436,0.9,0.526,0.606,0.314,0.08,0.254,0.294
51,,0.426,0.89,0.516,0.596,0.304,0.07,0.244,0.284
52,,0.416,0.88,0.506,0.586,0.294,0.06,0.234,0.274
53,,0.406,0.87,0.496,0.576,0.284,0.05,0.224,0.264
54,,0.396,0.86,0.486,0.566,0.274,0.04,0.214,0.254
55,,0.386,0.85,0.476,0.556,0.264,0.03,0.204,0.244
56,,0.376,0.84,0.466,0.546,0.254,0.02,0.194,0.234
57,,0.366,0.83,0.456,0.536,0.244,0.01,0.184,0.224
58,,0.356,0.82,0.446,0.526,0.234,0.0,0.174,0.214
59,,0.346,0.81,0.436,0.516,0.224,-0.01,0.164,0.204
60,6,0.053,0.4,0.143,0.506,0.497,0.99,0.437,0.194
61,6,-0.24,-0.01,-0.15,0.496,0.77,1.0,0.71,0.184
62,1,0.76,0.263,-0.16,0.203,0.36,0.707,0.7,0.457
63,1,1.0,0.536,-0.17,-0.09,-0.05,0.414,0.69,0.73
64,3,0.99,0.809,0.83,0.183,-0.06,0.121,0.28,0.437
65,3,0.98,1.0,1.0,0.456,-0.07,-0.172,-0.13,0.144
66,6,0.687,0.59,0.707,0.446,0.203,0.828,0.143,0.134
67,6,0.394,0.18,0.414,0.436,0.476,1.0,0.416,0.124
68,,0.384,0.17,0.404,0.426,0.466,0.99,0.406,0.114
69,,0.374,0.16,0.394,0.416,0.456,0.98,0.396,0.104
70,,0.364,0.15,0.384,0.406,0.446,0.97,0.386,0.094
71,,0.354,0.14,0.374,0.396,0.436,0.96,0.376,0.084
72,,0.344,0.13,0.364,0.386,0.426,0.95,0.366,0.074
73,,0.334,0.12,0.354,0.376,0.416,0.94,0.356,0.064
74,,0.324,0.11,0.344,0.366,0.406,0.93,0.346,0.054
75,,0.314,0.1,0.334,0.356,0.396,0.92,0.336,0.044
76,,0.304,0.09,0.324,0.346,0.386,0.91,0.326,0.034
77,,0.294,0.08,0.314,0.336,0.376,0.9,0.316,0.024
78,,0.284,0.07,0.304,0.326,0.366,0.89,0.306,0.014
79,,0.274,0.06,0.294,0.316,0.356,0.88,0.296,0.004
80,,0.264,0.05,0.284,0.306,0.346,0.87,0.286,-0.006
81,8,0.537,0.04,-0.009,-0.104,0.053,0.86,0.559,0.994
82,8,0.81,0.03,-0.302,-0.514,-0.24,0.85,0.832,1.0
83,4,0.517,0.02,-0.029,0.486,0.033,0.84,0.539,0.59
84,4,0.224,0.01,0.244,1.0,0.306,0.83,0.246,0.18
85,,0.214,0.0,0.234,0.99,0.296,0.82,0.236,0.17
86,,0.204,-0.01,0.224,0.98,0.286,0.81,0.226,0.16
87,2,0.477,0.99,0.497,0.97,-0.007,0.4,-0.067,0.15
88,2,0.75,1.0,0.77,0.96,-0.3,-0.01,-0.36,0.14
89,7,0.74,0.707,0.36,0.667,-0.31,0.263,0.64,0.413
90,7,0.73,0.414,-0.05,0.374,-0.32,0.536,1.0,0.686
91,5,0.32,0.121,-0.06,0.647,0.68,0.809,0.99,0.393
92,5,-0.09,-0.172,-0.07,0.92,1.0,1.0,0.98,0.1
93,2,0.183,0.828,0.203,0.91,0.707,0.59,0.687,0.09
94,2,0.456,1.0,0.476,0.9,0.414,0.18,0.394,0.08
95,,0.446,0.99,0.466,0.89,0.404,0.17,0.384,0.07
96,,0.436,0.98,0.456,0.88,0.394,0.16,0.374,0.06
97,,0.426,0.97,0.446,0.87,0.384,0.15,0.364,0.05
98,,0.416,0.96,0.436,0.86,0.374,0.14,0.354,0.04
99,,0.406,0.95,0.426,0.85,0.364,0.13,0.344,0.03
100,,0.396,0.94,0.416,0.84,0.354,0.12,0.334,0.02
101,,0.386,0.93,0.406,0.83,0.344,0.11,0.324,0.01
102,,0.376,0.92,0.396,0.82,0.334,0.1,0.314,0.0
103,,0.366,0.91,0.386,0.81,0.324,0.09,0.304,-0.01
104,8,0.639,0.9,0.093,0.4,0.031,0.08,0.577,0.99
105,8,0.912,0.89,-0.2,-0.01,-0.262,0.07,0.85,1.0
106,5,0.502,0.597,-0.21,0.263,0.738,0.343,0.84,0.707
107,5,0.092,0.304,-0.22,0.536,1.0,0.616,0.83,0.414
108,3,0.082,0.577,0.78,0.809,0.99,0.323,0.42,0.121
109,3,0.072,0.85,1.0,1.0,0.98,0.03,0.01,-0.172
110,8,0.345,0.84,0.707,0.59,0.687,0.02,0.283,0.828
111,8,0.618,0.83,0.414,0.18,0.394,0.01,0.556,1.0
112,,0.608,0.82,0.404,0.17,0.384,0.0,0.546,0.99
113,,0.598,0.81,0.394,0.16,0.374,-0.01,0.536,0.98
114,6,0.305,0.4,0.101,0.15,0.647,0.99,0.809,0.97
115,6,0.012,-0.01,-0.192,0.14,0.92,1.0,1.0,0.96
116,3,0.002,0.263,0.808,0.413,0.91,0.707,0.59,0.667
117,3,-0.008,0.536,1.0,0.686,0.9,0.414,0.18,0.374
118,1,0.992,0.809,0.99,0.393,0.49,0.121,0.17,0.647
119,1,1.0,1.0,0.98,0.1,0.08,-0.172,0.16,0.92
120,6,0.707,0.59,0.687,0.09,0.353,0.828,0.433,0.91
121,6,0.414,0.18,0.394,0.08,0.626,1.0,0.706,0.9
122,,0.404,0.17,0.384,0.07,0.616,0.99,0.696,0.89
123,,0.394,0.16,0.374,0.06,0.606,0.98,0.686,0.88
124,,0.384,0.15,0.364,0.05,0.596,0.97,0.676,0.87
125,,0.374,0.14,0.354,0.04,0.586,0.96,0.666,0.86
126,,0.364,0.13,0.344,0.03,0.576,0.95,0.656,0.85
127,,0.354,0.12,0.334,0.02,0.566,0.94,0.646,0.84
128,,0.344,0.11,0.324,0.01,0.556,0.93,0.636,0.83
129,,0.334,0.1,0.314,0.0,0.546,0.92,0.626,0.82
130,,0.324,0.09,0.304,-0.01,0.536,0.91,0.616,0.81
131,4,0.031,0.08,0.577,0.99,0.809,0.9,0.323,0.4
132,4,-0.262,0.07,0.85,1.0,1.0,0.89,0.03,-0.01
133,1,0.738,0.343,0.84,0.707,0.59,0.597,0.02,0.263
134,1,1.0,0.616,0.83,0.414,0.18,0.304,0.01,0.536
135,,0.99,0.606,0.82,0.404,0.17,0.294,0.0,0.526
136,,0.98,0.596,0.81,0.394,0.16,0.284,-0.01,0.516
137,7,0.97,0.303,0.4,0.101,0.15,0.557,0.99,0.789
138,7,0.96,0.01,-0.01,-0.192,0.14,0.83,1.0,1.0
139,4,0.667,0.0,0.263,0.808,0.413,0.82,0.707,0.59
140,4,0.374,-0.01,0.536,1.0,0.686,0.81,0.414,0.18
141,2,0.647,0.99,0.809,0.99,0.393,0.4,0.121,0.17
142,2,0.92,1.0,1.0,0.98,0.1,-0.01,-0.172,0.16
143,7,0.91,0.707,0.59,0.687,0.09,0.263,0.828,0.433
144,7,0.9,0.414,0.18,0.394,0.08,0.536,1.0,0.706
145,,0.89,0.404,0.17,0.384,0.07,0.526,0.99,0.696
146,,0.88,0.394,0.16,0.374,0.06,0.516,0.98,0.686
147,,0.87,0.384,0.15,0.364,0.05,0.506,0.97,0.676
148,,0.86,0.374,0.14,0.354,0.04,0.496,0.96,0.666
149,,0.85,0.364,0.13,0.344,0.03,0.486,0.95,0.656
150,,0.84,0.354,0.12,0.334,0.02,0.476,0.94,0.646
151,,0.83,0.344,0.11,0.324,0.01,0.466,0.93,0.636
152,,0.82,0.334,0.1,0.314,0.0,0.456,0.92,0.626
153,,0.81,0.324,0.09,0.304,-0.01,0.446,0.91,0.616
154,5,0.4,0.031,0.08,0.577,0.99,0.719,0.9,0.323
155,5,-0.01,-0.262,0.07,0.85,1.0,0.992,0.89,0.03
156,2,0.263,0.738,0.343,0.84,0.707,0.582,0.597,0.02
157,2,0.536,1.0,0.616,0.83,0.414,0.172,0.304,0.01
158,,0.526,0.99,0.606,0.82,0.404,0.162,0.294,0.0
159,,0.516,0.98,0.596,0.81,0.394,0.152,0.284,-0.01
160,8,0.789,0.97,0.303,0.4,0.101,0.142,0.557,0.99
161,8,1.0,0.96,0.01,-0.01,-0.192,0.132,0.83,1.0
162,5,0.59,0.667,0.0,0.263,0.808,0.405,0.82,0.707
163,5,0.18,0.374,-0.01,0.536,1.0,0.678,0.81,0.414
164,3,0.17,0.647,0.99,0.809,0.99,0.385,0.4,0.121
165,3,0.16,0.92,1.0,1.0,0.98,0.092,-0.01,-0.172
166,8,0.433,0.91,0.707,0.59,0.687,0.082,0.263,0.828
167,8,0.706,0.9,0.414,0.18,0.394,0.072,0.536,1.0
168,,0.696,0.89,0.404,0.17,0.384,0.062,0.526,0.99
169,,0.686,0.88,0.394,0.16,0.374,0.052,0.516,0.98
170,,0.676,0.87,0.384,0.15,0.364,0.042,0.506,0.97
171,,0.666,0.86,0.374,0.14,0.354,0.032,0.496,0.96
172,,0.656,0.85,0.364,0.13,0.344,0.022,0.486,0.95
173,,0.646,0.84,0.354,0.12,0.334,0.012,0.476,0.94
174,,0.636,0.83,0.344,0.11,0.324,0.002,0.466,0.93
175,,0.626,0.82,0.334,0.1,0.314,-0.008,0.456,0.92
176,6,0.333,0.41,0.041,0.09,0.587,0.992,0.729,0.91
177,6,0.04,-0.0,-0.252,0.08,0.86,1.0,1.0,0.9
178,3,0.03,0.273,0.748,0.353,0.85,0.707,0.59,0.607
179,3,0.02,0.546,1.0,0.626,0.84,0.414,0.18,0.314
180,,0.01,0.536,0.99,0.616,0.83,0.404,0.17,0.304
181,,0.0,0.526,0.98,0.606,0.82,0.394,0.16,0.294
182,,-0.01,0.516,0.97,0.596,0.81,0.384,0.15,0.284
183,1,0.99,0.789,0.96,0.303,0.4,0.091,0.14,0.557
184,1,1.0,1.0,0.95,0.01,-0.01,-0.202,0.13,0.83
185,6,0.707,0.59,0.657,0.0,0.263,0.798,0.403,0.82
186,6,0.414,0.18,0.364,-0.01,0.536,1.0,0.676,0.81
187,4,0.121,0.17,0.637,0.99,0.809,0.99,0.383,0.4
188,4,-0.172,0.16,0.91,1.0,1.0,0.98,0.09,-0.01
189,1,0.828,0.433,0.9,0.707,0.59,0.687,0.08,0.263
190,1,1.0,0.706,0.89,0.414,0.18,0.394,0.07,0.536
191,,0.99,0.696,0.88,0.404,0.17,0.384,0.06,0.526
192,,0.98,0.686,0.87,0.394,0.16,0.374,0.05,0.516
193,,0.97,0.676,0.86,0.384,0.15,0.364,0.04,0.506
194,,0.96,0.666,0.85,0.374,0.14,0.354,0.03,0.496
195,,0.95,0.656,0.84,0.364,0.13,0.344,0.02,0.486
196,,0.94,0.646,0.83,0.354,0.12,0.334,0.01,0.476
197,,0.93,0.636,0.82,0.344,0.11,0.324,0.0,0.466
198,,0.92,0.626,0.81,0.334,0.1,0.314,-0.01,0.456
199,7,0.91,0.333,0.4,0.041,0.09,0.587,0.99,0.729
200,7,0.9,0.04,-0.01,-0.252,0.08,0.86,1.0,1.0
201,4,0.607,0.03,0.263,0.748,0.353,0.85,0.707,0.59
202,4,0.314,0.02,0.536,1.0,0.626,0.84,0.414,0.18
203,,0.304,0.01,0.526,0.99,0.616,0.83,0.404,0.17
204,,0.294,0.0,0.516,0.98,0.606,0.82,0.394,0.16
205,,0.284,-0.01,0.506,0.97,0.596,0.81,0.384,0.15
206,2,0.557,0.99,0.779,0.96,0.303,0.4,0.091,0.14
207,2,0.83,1.0,1.0,0.95,0.01,-0.01,-0.202,0.13
208,7,0.82,0.707,0.59,0.657,0.0,0.263,0.798,0.403
209,7,0.81,0.414,0.18,0.364,-0.01,0.536,1.0,0.676
210,5,0.4,0.121,0.17,0.637,0.99,0.809,0.99,0.383
211,5,-0.01,-0.172,0.16,0.91,1.0,1.0,0.98,0.09
212,2,0.263,0.828,0.433,0.9,0.707,0.59,0.687,0.08
213,2,0.536,1.0,0.706,0.89,0.414,0.18,0.394,0.07
214,,0.526,0.99,0.696,0.88,0.404,0.17,0.384,0.06
215,,0.516,0.98,0.686,0.87,0.394,0.16,0.374,0.05
216,,0.506,0.97,0.676,0.86,0.384,0.15,0.364,0.04
217,,0.496,0.96,0.666,0.85,0.374,0.14,0.354,0.03
218,,0.486,0.95,0.656,0.84,0.364,0.13,0.344,0.02
219,,0.476,0.94,0.646,0.83,0.354,0.12,0.334,0.01
220,,0.466,0.93,0.636,0.82,0.344,0.11,0.324,0.0
221,,0.456,0.92,0.626,0.81,0.334,0.1,0.314,-0.01
222,8,0.729,0.91,0.333,0.4,0.041,0.09,0.587,0.99
223,8,1.0,0.9,0.04,-0.01,-0.252,0.08,0.86,1.0
224,5,0.59,0.607,0.03,0.263,0.748,0.353,0.85,0.707
225,5,0.18,0.314,0.02,0.536,1.0,0.626,0.84,0.414
226,,0.17,0.304,0.01,0.526,0.99,0.616,0.83,0.404
227,,0.16,0.294,0.0,0.516,0.98,0.606,0.82,0.394
228,,0.15,0.284,-0.01,0.506,0.97,0.596,0.81,0.384
229,3,0.14,0.557,0.99,0.779,0.96,0.303,0.4,0.091
230,3,0.13,0.83,1.0,1.0,0.95,0.01,-0.01,-0.202
231,8,0.403,0.82,0.707,0.59,0.657,0.0,0.263,0.798
232,8,0.676,0.81,0.414,0.18,0.364,-0.01,0.536,1.0
233,6,0.383,0.4,0.121,0.17,0.637,0.99,0.809,0.99
234,6,0.09,-0.01,-0.172,0.16,0.91,1.0,1.0,0.98
235,3,0.08,0.263,0.828,0.433,0.9,0.707,0.59,0.687
236,3,0.07,0.536,1.0,0.706,0.89,0.414,0.18,0.394
237,,0.06,0.526,0.99,0.696,0.88,0.404,0.17,0.384
238,,0.05,0.516,0.98,0.686,0.87,0.394,0.16,0.374
239,,0.04,0.506,0.97,0.676,0.86,0.384,0.15,0.364
240,,0.03,0.496,0.96,0.666,0.85,0.374,0.14,0.354
241,,0.02,0.486,0.95,0.656,0.84,0.364,0.13,0.344
242,,0.01,0.476,0.94,0.646,0.83,0.354,0.12,0.334
243,,0.0,0.466,0.93,0.636,0.82,0.344,0.11,0.324
244,,-0.01,0.456,0.92,0.626,0.81,0.334,0.1,0.314
245,1,0.99,0.729,0.91,0.333,0.4,0.041,0.09,0.587
246,1,1.0,1.0,0.9,0.04,-0.01,-0.252,0.08,0.86
247,6,0.707,0.59,0.607,0.03,0.263,0.748,0.353,0.85
248,6,0.414,0.18,0.314,0.02,0.536,1.0,0.626,0.84
249,,0.404,0.17,0.304,0.01,0.526,0.99,0.616,0.83
250,,0.394,0.16,0.294,0.0,0.516,0.98,0.606,0.82
251,,0.384,0.15,0.284,-0.01,0.506,0.97,0.596,0.81
252,4,0.091,0.14,0.557,0.99,0.779,0.96,0.303,0.4
253,4,-0.202,0.13,0.83,1.0,1.0,0.95,0.01,-0.01
254,1,0.798,0.403,0.82,0.707,0.59,0.657,0.0,0.263
255,1,1.0,0.676,0.81,0.414,0.18,0.364,-0.01,0.536
256,7,0.99,0.383,0.4,0.121,0.17,0.637,0.99,0.809
257,7,0.98,0.09,-0.01,-0.172,0.16,0.91,1.0,1.0
258,4,0.687,0.08,0.263,0.828,0.433,0.9,0.707,0.59
259,4,0.394,0.07,0.536,1.0,0.706,0.89,0.414,0.18
260,,0.384,0.06,0.526,0.99,0.696,0.88,0.404,0.17
261,,0.374,0.05,0.516,0.98,0.686,0.87,0.394,0.16
262,,0.364,0.04,0.506,0.97,0.676,0.86,0.384,0.15
263,,0.354,0.03,0.496,0.96,0.666,0.85,0.374,0.14
264,,0.344,0.02,0.486,0.95,0.656,0.84,0.364,0.13
265,,0.334,0.01,0.476,0.94,0.646,0.83,0.354,0.12
266,,0.324,0.0,0.466,0.93,0.636,0.82,0.344,0.11
267,,0.314,-0.01,0.456,0.92,0.626,0.81,0.334,0.1
268,2,0.587,0.99,0.729,0.91,0.333,0.4,0.041,0.09
269,2,0.86,1.0,1.0,0.9,0.04,-0.01,-0.252,0.08
270,7,0.85,0.707,0.59,0.607,0.03,0.263,0.748,0.353
271,7,0.84,0.414,0.18,0.314,0.02,0.536,1.0,0.626
272,,0.83,0.404,0.17,0.304,0.01,0.526,0.99,0.616
273,,0.82,0.394,0.16,0.294,0.0,0.516,0.98,0.606
274,,0.81,0.384,0.15,0.284,-0.01,0.506,0.97,0.596
275,5,0.4,0.091,0.14,0.557,0.99,0.779,0.96,0.303
276,5,-0.01,-0.202,0.13,0.83,1.0,1.0,0.95,0.01
277,2,0.263,0.798,0.403,0.82,0.707,0.59,0.657,0.0
278,2,0.536,1.0,0.676,0.81,0.414,0.18,0.364,-0.01
279,8,0.809,0.99,0.383,0.4,0.121,0.17,0.637,0.99
280,8,1.0,0.98,0.09,-0.01,-0.172,0.16,0.91,1.0
281,5,0.59,0.687,0.08,0.263,0.828,0.433,0.9,0.707
282,5,0.18,0.394,0.07,0.536,1.0,0.706,0.89,0.414
283,,0.17,0.384,0.06,0.526,0.99,0.696,0.88,0.404
284,,0.16,0.374,0.05,0.516,0.98,0.686,0.87,0.394
285,,0.15,0.364,0.04,0.506,0.97,0.676,0.86,0.384
286,,0.14,0.354,0.03,0.496,0.96,0.666,0.85,0.374
287,,0.13,0.344,0.02,0.486,0.95,0.656,0.84,0.364
288,,0.12,0.334,0.01,0.476,0.94,0.646,0.83,0.354
289,,0.11,0.324,0.0,0.466,0.93,0.636,0.82,0.344
290,,0.1,0.314,-0.01,0.456,0.92,0.626,0.81,0.334
291,3,0.09,0.587,0.99,0.729,0.91,0.333,0.4,0.041
292,3,0.08,0.86,1.0,1.0,0.9,0.04,-0.01,-0.252
293,8,0.353,0.85,0.707,0.59,0.607,0.03,0.263,0.748
294,8,0.626,0.84,0.414,0.18,0.314,0.02,0.536,1.0
295,,0.616,0.83,0.404,0.17,0.304,0.01,0.526,0.99
296,,0.606,0.82,0.394,0.16,0.294,0.0,0.516,0.98
297,,0.596,0.81,0.384,0.15,0.284,-0.01,0.506,0.97
298,6,0.303,0.4,0.091,0.14,0.557,0.99,0.779,0.96
299,6,0.01,-0.01,-0.202,0.13,0.83,1.0,1.0,0.95
300,3,0.0,0.263,0.798,0.403,0.82,0.707,0.59,0.657
301,3,-0.01,0.536,1.0,0.676,0.81,0.414,0.18,0.364
302,1,0.99,0.809,0.99,0.383,0.4,0.121,0.17,0.637
303,1,1.0,1.0,0.98,0.09,-0.01,-0.172,0.16,0.91
304,6,0.707,0.59,0.687,0.08,0.263,0.828,0.433,0.9
305,6,0.414,0.18,0.394,0.07,0.536,1.0,0.706,0.89
306,,0.404,0.17,0.384,0.06,0.526,0.99,0.696,0.88
307,,0.394,0.16,0.374,0.05,0.516,0.98,0.686,0.87
308,,0.384,0.15,0.364,0.04,0.506,0.97,0.676,0.86
309,,0.374,0.14,0.354,0.03,0.496,0.96,0.666,0.85
310,,0.364,0.13,0.344,0.02,0.486,0.95,0.656,0.84
311,,0.354,0.12,0.334,0.01,0.476,0.94,0.646,0.83
312,,0.344,0.11,0.324,0.0,0.466,0.93,0.636,0.82
313,,0.334,0.1,0.314,-0.01,0.456,0.92,0.626,0.81
314,4,0.041,0.09,0.587,0.99,0.729,0.91,0.333,0.4
315,4,-0.252,0.08,0.86,1.0,1.0,0.9,0.04,-0.01
316,1,0.748,0.353,0.85,0.707,0.59,0.607,0.03,0.263
317,1,1.0,0.626,0.84,0.414,0.18,0.314,0.02,0.536
318,,0.99,0.616,0.83,0.404,0.17,0.304,0.01,0.526
319,,0.98,0.606,0.82,0.394,0.16,0.294,0.0,0.516
320,,0.97,0.596,0.81,0.384,0.15,0.284,-0.01,0.506
321,7,0.96,0.303,0.4,0.091,0.14,0.557,0.99,0.779
322,7,0.95,0.01,-0.01,-0.202,0.13,0.83,1.0,1.0
323,4,0.657,0.0,0.263,0.798,0.403,0.82,0.707,0.59
324,4,0.364,-0.01,0.536,1.0,0.676,0.81,0.414,0.18
325,2,0.637,0.99,0.809,0.99,0.383,0.4,0.121,0.17
326,2,0.91,1.0,1.0,0.98,0.09,-0.01,-0.172,0.16
327,7,0.9,0.707,0.59,0.687,0.08,0.263,0.828,0.433
328,7,0.89,0.414,0.18,0.394,0.07,0.536,1.0,0.706
329,,0.88,0.404,0.17,0.384,0.06,0.526,0.99,0.696
330,,0.87,0.394,0.16,0.374,0.05,0.516,0.98,0.686
331,,0.86,0.384,0.15,0.364,0.04,0.506,0.97,0.676
332,,0.85,0.374,0.14,0.354,0.03,0.496,0.96,0.666
333,,0.84,0.364,0.13,0.344,0.02,0.486,0.95,0.656
334,,0.83,0.354,0.12,0.334,0.01,0.476,0.94,0.646
335,,0.82,0.344,0.11,0.324,0.0,0.466,0.93,0.636
336,,0.81,0.334,0.1,0.314,-0.01,0.456,0.92,0.626
337,5,0.4,0.041,0.09,0.587,0.99,0.729,0.91,0.333
338,5,-0.01,-0.252,0.08,0.86,1.0,1.0,0.9,0.04
339,2,0.263,0.748,0.353,0.85,0.707,0.59,0.607,0.03
340,2,0.536,1.0,0.626,0.84,0.414,0.18,0.314,0.02
341,,0.526,0.99,0.616,0.83,0.404,0.17,0.304,0.01
342,,0.516,0.98,0.606,0.82,0.394,0.16,0.294,0.0
343,,0.506,0.97,0.596,0.81,0.384,0.15,0.284,-0.01
344,8,0.779,0.96,0.303,0.4,0.091,0.14,0.557,0.99
345,8,1.0,0.95,0.01,-0.01,-0.202,0.13,0.83,1.0
346,5,0.59,0.657,0.0,0.263,0.798,0.403,0.82,0.707
347,5,0.18,0.364,-0.01,0.536,1.0,0.676,0.81,0.414
348,3,0.17,0.637,0.99,0.809,0.99,0.383,0.4,0.121
349,3,0.16,0.91,1.0,1.0,0.98,0.09,-0.01,-0.172
350,8,0.433,0.9,0.707,0.59,0.687,0.08,0.263,0.828
351,8,0.706,0.89,0.414,0.18,0.394,0.07,0.536,1.0
352,,0.696,0.88,0.404,0.17,0.384,0.06,0.526,0.99
353,,0.686,0.87,0.394,0.16,0.374,0.05,0.516,0.98
354,,0.676,0.86,0.384,0.15,0.364,0.04,0.506,0.97
355,,0.666,0.85,0.374,0.14,0.354,0.03,0.496,0.96
356,,0.656,0.84,0.364,0.13,0.344,0.02,0.486,0.95
357,,0.646,0.83,0.354,0.12,0.334,0.01,0.476,0.94
358,,0.636,0.82,0.344,0.11,0.324,0.0,0.466,0.93
359,,0.626,0.81,0.334,0.1,0.314,-0.01,0.456,0.92
360,6,0.333,0.4,0.041,0.09,0.587,0.99,0.729,0.91
361,6,0.04,-0.01,-0.252,0.08,0.86,1.0,1.0,0.9
362,3,0.03,0.263,0.748,0.353,0.85,0.707,0.59,0.607
363,3,0.02,0.536,1.0,0.626,0.84,0.414,0.18,0.314
364,,0.01,0.526,0.99,0.616,0.83,0.404,0.17,0.304
365,,0.0,0.516,0.98,0.606,0.82,0.394,0.16,0.294
366,,-0.01,0.506,0.97,0.596,0.81,0.384,0.15,0.284
367,1,0.99,0.779,0.96,0.303,0.4,0.091,0.14,0.557
368,1,1.0,1.0,0.95,0.01,-0.01,-0.202,0.13,0.83
369,6,0.707,0.59,0.657,0.0,0.263,0.798,0.403,0.82
370,6,0.414,0.18,0.364,-0.01,0.536,1.0,0.676,0.81
371,4,0.121,0.17,0.637,0.99,0.809,0.99,0.383,0.4
372,4,-0.172,0.16,0.91,1.0,1.0,0.98,0.09,-0.01
373,1,0.828,0.433,0.9,0.707,0.59,0.687,0.08,0.263
374,1,1.0,0.706,0.89,0.414,0.18,0.394,0.07,0.536
375,,0.99,0.696,0.88,0.404,0.17,0.384,0.06,0.526
376,,0.98,0.686,0.87,0.394,0.16,0.374,0.05,0.516
377,,0.97,0.676,0.86,0.384,0.15,0.364,0.04,0.506
378,,0.96,0.666,0.85,0.374,0.14,0.354,0.03,0.496
379,,0.95,0.656,0.84,0.364,0.13,0.344,0.02,0.486
380,,0.94,0.646,0.83,0.354,0.12,0.334,0.01,0.476
381,,0.93,0.636,0.82,0.344,0.11,0.324,0.0,0.466
382,,0.92,0.626,0.81,0.334,0.1,0.314,-0.01,0.456
383,7,0.91,0.333,0.4,0.041,0.09,0.587,0.99,0.729
384,7,0.9,0.04,-0.01,-0.252,0.08,0.86,1.0,1.0
385,4,0.607,0.03,0.263,0.748,0.353,0.85,0.707,0.59
386,4,0.314,0.02,0.536,1.0,0.626,0.84,0.414,0.18
387,,0.304,0.01,0.526,0.99,0.616,0.83,0.404,0.17
388,,0.294,0.0,0.516,0.98,0.606,0.82,0.394,0.16
389,,0.284,-0.01,0.506,0.97,0.596,0.81,0.384,0.15
390,2,0.557,0.99,0.779,0.96,0.303,0.4,0.091,0.14
391,2,0.83,1.0,1.0,0.95,0.01,-0.01,-0.202,0.13
392,7,0.82,0.707,0.59,0.657,0.0,0.263,0.798,0.403
393,7,0.81,0.414,0.18,0.364,-0.01,0.536,1.0,0.676
394,5,0.4,0.121,0.17,0.637,0.99,0.809,0.99,0.383
395,5,-0.01,-0.172,0.16,0.91,1.0,1.0,0.98,0.09
396,2,0.263,0.828,0.433,0.9,0.707,0.59,0.687,0.08
397,2,0.536,1.0,0.706,0.89,0.414,0.18,0.394,0.07
398,,0.526,0.99,0.696,0.88,0.404,0.17,0.384,0.06
399,,0.516,0.98,0.686,0.87,0.394,0.16,0.374,0.05
400,,0.506,0.97,0.676,0.86,0.384,0.15,0.364,0.04
401,,0.496,0.96,0.666,0.85,0.374,0.14,0.354,0.03
402,,0.486,0.95,0.656,0.84,0.364,0.13,0.344,0.02
403,,0.476,0.94,0.646,0.83,0.354,0.12,0.334,0.01
404,,0.466,0.93,0.636,0.82,0.344,0.11,0.324,0.0
405,,0.456,0.92,0.626,0.81,0.334,0.1,0.314,-0.01
406,8,0.729,0.91,0.333,0.4,0.041,0.09,0.587,0.99
407,8,1.0,0.9,0.04,-0.01,-0.252,0.08,0.86,1.0
408,5,0.59,0.607,0.03,0.263,0.748,0.353,0.85,0.707
409,5,0.18,0.314,0.02,0.536,1.0,0.626,0.84,0.414
410,,0.17,0.304,0.01,0.526,0.99,0.616,0.83,0.404
411,,0.16,0.294,0.0,0.516,0.98,0.606,0.82,0.394
412,,0.15,0.284,-0.01,0.506,0.97,0.596,0.81,0.384
413,3,0.14,0.557,0.99,0.779,0.96,0.303,0.4,0.091
414,3,0.13,0.83,1.0,1.0,0.95,0.01,-0.01,-0.202
415,8,0.403,0.82,0.707,0.59,0.657,0.0,0.263,0.798
416,8,0.676,0.81,0.414,0.18,0.364,-0.01,0.536,1.0
417,6,0.383,0.4,0.121,0.17,0.637,0.99,0.809,0.99
418,6,0.09,-0.01,-0.172,0.16,0.91,1.0,1.0,0.98
419,3,0.08,0.263,0.828,0.433,0.9,0.707,0.59,0.687
420,3,0.07,0.536,1.0,0.706,0.89,0.414,0.18,0.394
421,,0.06,0.526,0.99,0.696,0.88,0.404,0.17,0.384
422,,0.05,0.516,0.98,0.686,0.87,0.394,0.16,0.374
423,,0.04,0.506,0.97,0.676,0.86,0.384,0.15,0.364
424,,0.03,0.496,0.96,0.666,0.85,0.374,0.14,0.354
425,,0.02,0.486,0.95,0.656,0.84,0.364,0.13,0.344
426,,0.01,0.476,0.94,0.646,0.83,0.354,0.12,0.334
427,,0.0,0.466,0.93,0.636,0.82,0.344,0.11,0.324
428,,-0.01,0.456,0.92,0.626,0.81,0.334,0.1,0.314
429,1,0.99,0.729,0.91,0.333,0.4,0.041,0.09,0.587
430,1,1.0,1.0,0.9,0.04,-0.01,-0.252,0.08,0.86
431,6,0.707,0.59,0.607,0.03,0.263,0.748,0.353,0.85
432,6,0.414,0.18,0.314,0.02,0.536,1.0,0.626,0.84
433,,0.404,0.17,0.304,0.01,0.526,0.99,0.616,0.83
434,,0.394,0.16,0.294,0.0,0.516,0.98,0.606,0.82
435,,0.384,0.15,0.284,-0.01,0.506,0.97,0.596,0.81
436,4,0.091,0.14,0.557,0.99,0.779,0.96,0.303,0.4
437,4,-0.202,0.13,0.83,1.0,1.0,0.95,0.01,-0.01
438,1,0.798,0.403,0.82,0.707,0.59,0.657,0.0,0.263
439,1,1.0,0.676,0.81,0.414,0.18,0.364,-0.01,0.536
440,7,0.99,0.383,0.4,0.121,0.17,0.637,0.99,0.809
441,7,0.98,0.09,-0.01,-0.172,0.16,0.91,1.0,1.0
442,4,0.687,0.08,0.263,0.828,0.433,0.9,0.707,0.59
443,4,0.394,0.07,0.536,1.0,0.706,0.89,0.414,0.18
444,,0.384,0.06,0.526,0.99,0.696,0.88,0.404,0.17
445,,0.374,0.05,0.516,0.98,0.686,0.87,0.394,0.16
446,,0.364,0.04,0.506,0.97,0.676,0.86,0.384,0.15
447,,0.354,0.03,0.496,0.96,0.666,0.85,0.374,0.14
448,,0.344,0.02,0.486,0.95,0.656,0.84,0.364,0.13
449,,0.334,0.01,0.476,0.94,0.646,0.83,0.354,0.12
450,,0.324,0.0,0.466,0.93,0.636,0.82,0.344,0.11
451,,0.314,-0.01,0.456,0.92,0.626,0.81,0.334,0.1
452,2,0.587,0.99,0.729,0.91,0.333,0.4,0.041,0.09
453,2,0.86,1.0,1.0,0.9,0.04,-0.01,-0.252,0.08
454,7,0.85,0.707,0.59,0.607,0.03,0.263,0.748,0.353
455,7,0.84,0.414,0.18,0.314,0.02,0.536,1.0,0.626
456,,0.83,0.404,0.17,0.304,0.01,0.526,0.99,0.616
457,,0.82,0.394,0.16,0.294,0.0,0.516,0.98,0.606
458,,0.81,0.384,0.15,0.284,-0.01,0.506,0.97,0.596
459,5,0.4,0.091,0.14,0.557,0.99,0.779,0.96,0.303
460,5,-0.01,-0.202,0.13,0.83,1.0,1.0,0.95,0.01
461,2,0.263,0.798,0.403,0.82,0.707,0.59,0.657,0.0
462,2,0.536,1.0,0.676,0.81,0.414,0.18,0.364,-0.01
463,8,0.809,0.99,0.383,0.4,0.121,0.17,0.637,0.99
464,8,1.0,0.98,0.09,-0.01,-0.172,0.16,0.91,1.0
465,5,0.59,0.687,0.08,0.263,0.828,0.433,0.9,0.707
466,5,0.18,0.394,0.07,0.536,1.0,0.706,0.89,0.414
467,,0.17,0.384,0.06,0.526,0.99,0.696,0.88,0.404
468,,0.16,0.374,0.05,0.516,0.98,0.686,0.87,0.394
469,,0.15,0.364,0.04,0.506,0.97,0.676,0.86,0.384
470,,0.14,0.354,0.03,0.496,0.96,0.666,0.85,0.374
471,,0.13,0.344,0.02,0.486,0.95,0.656,0.84,0.364
472,,0.12,0.334,0.01,0.476,0.94,0.646,0.83,0.354
473,,0.11,0.324,0.0,0.466,0.93,0.636,0.82,0.344
474,,0.1,0.314,-0.01,0.456,0.92,0.626,0.81,0.334
475,3,0.09,0.587,0.99,0.729,0.91,0.333,0.4,0.041
476,3,0.08,0.86,1.0,1.0,0.9,0.04,-0.01,-0.252
477,8,0.353,0.85,0.707,0.59,0.607,0.03,0.263,0.748
478,8,0.626,0.84,0.414,0.18,0.314,0.02,0.536,1.0
479,,0.616,0.83,0.404,0.17,0.304,0.01,0.526,0.99
480,,0.606,0.82,0.394,0.16,0.294,0.0,0.516,0.98
481,,0.596,0.81,0.384,0.15,0.284,-0.01,0.506,0.97
482,6,0.303,0.4,0.091,0.14,0.557,0.99,0.779,0.96
483,6,0.01,-0.01,-0.202,0.13,0.83,1.0,1.0,0.95
484,3,0.0,0.263,0.798,0.403,0.82,0.707,0.59,0.657
485,3,-0.01,0.536,1.0,0.676,0.81,0.414,0.18,0.364
486,1,0.99,0.809,0.99,0.383,0.4,0.121,0.17,0.637
487,1,1.0,1.0,0.98,0.09,-0.01,-0.172,0.16,0.91
488,6,0.707,0.59,0.687,0.08,0.263,0.828,0.433,0.9
489,6,0.414,0.18,0.394,0.07,0.536,1.0,0.706,0.89
490,,0.404,0.17,0.384,0.06,0.526,0.99,0.696,0.88
491,,0.394,0.16,0.374,0.05,0.516,0.98,0.686,0.87
492,,0.384,0.15,0.364,0.04,0.506,0.97,0.676,0.86
493,,0.374,0.14,0.354,0.03,0.496,0.96,0.666,0.85
494,,0.364,0.13,0.344,0.02,0.486,0.95,0.656,0.84
495,,0.354,0.12,0.334,0.01,0.476,0.94,0.646,0.83
496,,0.344,0.11,0.324,0.0,0.466,0.93,0.636,0.82
497,,0.334,0.1,0.314,-0.01,0.456,0.92,0.626,0.81
498,4,0.041,0.09,0.587,0.99,0.729,0.91,0.333,0.4
499,4,-0.252,0.08,0.86,1.0,1.0,0.9,0.04,-0.01
500,1,0.748,0.353,0.85,0.707,0.59,0.607,0.03,0.263
501,1,1.0,0.626,0.84,0.414,0.18,0.314,0.02,0.536
502,,0.99,0.616,0.83,0.404,0.17,0.304,0.01,0.526
503,,0.98,0.606,0.82,0.394,0.16,0.294,0.0,0.516
504,,0.97,0.596,0.81,0.384,0.15,0.284,-0.01,0.506
505,7,0.96,0.303,0.4,0.091,0.14,0.557,0.99,0.779
506,7,0.95,0.01,-0.01,-0.202,0.13,0.83,1.0,1.0
507,4,0.657,0.0,0.263,0.798,0.403,0.82,0.707,0.59
508,4,0.364,-0.01,0.536,1.0,0.676,0.81,0.414,0.18
509,2,0.637,0.99,0.809,0.99,0.383,0.4,0.121,0.17
510,2,0.91,1.0,1.0,0.98,0.09,-0.01,-0.172,0.16
511,7,0.9,0.707,0.59,0.687,0.08,0.263,0.828,0.433
512,7,0.89,0.414,0.18,0.394,0.07,0.536,1.0,0.706
513,,0.88,0.404,0.17,0.384,0.06,0.526,0.99,0.696
514,,0.87,0.394,0.16,0.374,0.05,0.516,0.98,0.686
515,,0.86,0.384,0.15,0.364,0.04,0.506,0.97,0.676
516,,0.85,0.374,0.14,0.354,0.03,0.496,0.96,0.666
517,,0.84,0.364,0.13,0.344,0.02,0.486,0.95,0.656
518,,0.83,0.354,0.12,0.334,0.01,0.476,0.94,0.646
519,,0.82,0.344,0.11,0.324,0.0,0.466,0.93,0.636
520,,0.81,0.334,0.1,0.314,-0.01,0.456,0.92,0.626
521,5,0.4,0.041,0.09,0.587,0.99,0.729,0.91,0.333
522,5,-0.01,-0.252,0.08,0.86,1.0,1.0,0.9,0.04
523,2,0.263,0.748,0.353,0.85,0.707,0.59,0.607,0.03
524,2,0.536,1.0,0.626,0.84,0.414,0.18,0.314,0.02
525,,0.526,0.99,0.616,0.83,0.404,0.17,0.304,0.01
526,,0.516,0.98,0.606,0.82,0.394,0.16,0.294,0.0
527,,0.506,0.97,0.596,0.81,0.384,0.15,0.284,-0.01
528,8,0.779,0.96,0.303,0.4,0.091,0.14,0.557,0.99
529,8,1.0,0.95,0.01,-0.01,-0.202,0.13,0.83,1.0
530,5,0.59,0.657,0.0,0.263,0.798,0.403,0.82,0.707
531,5,0.18,0.364,-0.01,0.536,1.0,0.676,0.81,0.414
532,3,0.17,0.637,0.99,0.809,0.99,0.383,0.4,0.121
533,3,0.16,0.91,1.0,1.0,0.98,0.09,-0.01,-0.172
534,8,0.433,0.9,0.707,0.59,0.687,0.08,0.263,0.828
535,8,0.706,0.89,0.414,0.18,0.394,0.07,0.536,1.0
536,,0.696,0.88,0.404,0.17,0.384,0.06,0.526,0.99
537,,0.686,0.87,0.394,0.16,0.374,0.05,0.516,0.98
538,,0.676,0.86,0.384,0.15,0.364,0.04,0.506,0.97
539,,0.666,0.85,0.374,0.14,0.354,0.03,0.496,0.96
540,,0.656,0.84,0.364,0.13,0.344,0.02,0.486,0.95
541,,0.646,0.83,0.354,0.12,0.334,0.01,0.476,0.94
542,,0.636,0.82,0.344,0.11,0.324,0.0,0.466,0.93
543,,0.626,0.81,0.334,0.1,0.314,-0.01,0.456,0.92
544,6,0.333,0.4,0.041,0.09,0.587,0.99,0.729,0.91
545,6,0.04,-0.01,-0.252,0.08,0.86,1.0,1.0,0.9
546,3,0.03,0.263,0.748,0.353,0.85,0.707,0.59,0.607
547,3,0.02,0.536,1.0,0.626,0.84,0.414,0.18,0.314
548,,0.01,0.526,0.99,0.616,0.83,0.404,0.17,0.304
549,,0.0,0.516,0.98,0.606,0.82,0.394,0.16,0.294
550,,-0.01,0.506,0.97,0.596,0.81,0.384,0.15,0.284
551,1,0.99,0.779,0.96,0.303,0.4,0.091,0.14,0.557
552,1,1.0,1.0,0.95,0.01,-0.01,-0.202,0.13,0.83
553,6,0.707,0.59,0.657,0.0,0.263,0.798,0.403,0.82
554,6,0.414,0.18,0.364,-0.01,0.536,1.0,0.676,0.81
555,4,0.121,0.17,0.637,0.99,0.809,0.99,0.383,0.4
556,4,-0.172,0.16,0.91,1.0,1.0,0.98,0.09,-0.01
557,1,0.828,0.433,0.9,0.707,0.59,0.687,0.08,0.263
558,1,1.0,0.706,0.89,0.414,0.18,0.394,0.07,0.536
559,,0.99,0.696,0.88,0.404,0.17,0.384,0.06,0.526
560,,0.98,0.686,0.87,0.394,0.16,0.374,0.05,0.516
561,,0.97,0.676,0.86,0.384,0.15,0.364,0.04,0.506
562,,0.96,0.666,0.85,0.374,0.14,0.354,0.03,0.496
563,,0.95,0.656,0.84,0.364,0.13,0.344,0.02,0.486
564,,0.94,0.646,0.83,0.354,0.12,0.334,0.01,0.476
565,,0.93,0.636,0.82,0.344,0.11,0.324,0.0,0.466
566,,0.92,0.626,0.81,0.334,0.1,0.314,-0.01,0.456
567,7,0.91,0.333,0.4,0.041,0.09,0.587,0.99,0.729
568,7,0.9,0.04,-0.01,-0.252,0.08,0.86,1.0,1.0
569,4,0.607,0.03,0.263,0.748,0.353,0.85,0.707,0.59
570,4,0.314,0.02,0.536,1.0,0.626,0.84,0.414,0.18
571,,0.304,0.01,0.526,0.99,0.616,0.83,0.404,0.17
572,,0.294,0.0,0.516,0.98,0.606,0.82,0.394,0.16
573,,0.284,-0.01,0.506,0.97,0.596,0.81,0.384,0.15
574,2,0.557,0.99,0.779,0.96,0.303,0.4,0.091,0.14
575,2,0.83,1.0,1.0,0.95,0.01,-0.01,-0.202,0.13
576,7,0.82,0.707,0.59,0.657,0.0,0.263,0.798,0.403
577,7,0.81,0.414,0.18,0.364,-0.01,0.536,1.0,0.676
578,5,0.4,0.121,0.17,0.637,0.99,0.809,0.99,0.383
579,5,-0.01,-0.172,0.16,0.91,1.0,1.0,0.98,0.09
580,2,0.263,0.828,0.433,0.9,0.707,0.59,0.687,0.08
581,2,0.536,1.0,0.706,0.89,0.414,0.18,0.394,0.07
582,,0.526,0.99,0.696,0.88,0.404,0.17,0.384,0.06
583,,0.516,0.98,0.686,0.87,0.394,0.16,0.374,0.05
584,,0.506,0.97,0.676,0.86,0.384,0.15,0.364,0.04
585,,0.496,0.96,0.666,0.85,0.374,0.14,0.354,0.03
586,,0.486,0.95,0.656,0.84,0.364,0.13,0.344,0.02
587,,0.476,0.94,0.646,0.83,0.354,0.12,0.334,0.01
588,,0.466,0.93,0.636,0.82,0.344,0.11,0.324,0.0
589,,0.456,0.92,0.626,0.81,0.334,0.1,0.314,-0.01
590,8,0.729,0.91,0.333,0.4,0.041,0.09,0.587,0.99
591,8,1.0,0.9,0.04,-0.01,-0.252,0.08,0.86,1.0
592,5,0.59,0.607,0.03,0.263,0.748,0.353,0.85,0.707
593,5,0.18,0.314,0.02,0.536,1.0,0.626,0.84,0.414
594,,0.17,0.304,0.01,0.526,0.99,0.616,0.83,0.404
595,,0.16,0.294,0.0,0.516,0.98,0.606,0.82,0.394
596,,0.15,0.284,-0.01,0.506,0.97,0.596,0.81,0.384
597,3,0.14,0.557,0.99,0.779,0.96,0.303,0.4,0.091
598,3,0.13,0.83,1.0,1.0,0.95,0.01,-0.01,-0.202
599,8,0.403,0.82,0.707,0.59,0.657,0.0,0.263,0.798
600,8,0.676,0.81,0.414,0.18,0.364,-0.01,0.536,1.0
601,6,0.383,0.4,0.121,0.17,0.637,0.99,0.809,0.99
602,6,0.09,-0.01,-0.172,0.16,0.91,1.0,1.0,0.98
603,3,0.08,0.263,0.828,0.433,0.9,0.707,0.59,0.687
604,3,0.07,0.536,1.0,0.706,0.89,0.414,0.18,0.394
605,,0.06,0.526,0.99,0.696,0.88,0.404,0.17,0.384
606,,0.05,0.516,0.98,0.686,0.87,0.394,0.16,0.374
607,,0.04,0.506,0.97,0.676,0.86,0.384,0.15,0.364
608,,0.03,0.496,0.96,0.666,0.85,0.374,0.14,0.354
609,,0.02,0.486,0.95,0.656,0.84,0.364,0.13,0.344
610,,0.01,0.476,0.94,0.646,0.83,0.354,0.12,0.334
611,,0.0,0.466,0.93,0.636,0.82,0.344,0.11,0.324
612,,-0.01,0.456,0.92,0.626,0.81,0.334,0.1,0.314
613,1,0.99,0.729,0.91,0.333,0.4,0.041,0.09,0.587
614,1,1.0,1.0,0.9,0.04,-0.01,-0.252,0.08,0.86
615,6,0.707,0.59,0.607,0.03,0.263,0.748,0.353,0.85
616,6,0.414,0.18,0.314,0.02,0.536,1.0,0.626,0.84
617,,0.404,0.17,0.304,0.01,0.526,0.99,0.616,0.83
618,,0.394,0.16,0.294,0.0,0.516,0.98,0.606,0.82
619,,0.384,0.15,0.284,-0.01,0.506,0.97,0.596,0.81
620,4,0.091,0.14,0.557,0.99,0.779,0.96,0.303,0.4
621,4,-0.202,0.13,0.83,1.0,1.0,0.95,0.01,-0.01
622,1,0.798,0.403,0.82,0.707,0.59,0.657,0.0,0.263
623,1,1.0,0.676,0.81,0.414,0.18,0.364,-0.01,0.536
624,7,0.99,0.383,0.4,0.121,0.17,0.637,0.99,0.809
625,7,0.98,0.09,-0.01,-0.172,0.16,0.91,1.0,1.0
626,4,0.687,0.08,0.263,0.828,0.433,0.9,0.707,0.59
627,4,0.394,0.07,0.536,1.0,0.706,0.89,0.414,0.18
628,,0.384,0.06,0.526,0.99,0.696,0.88,0.404,0.17
629,,0.374,0.05,0.516,0.98,0.686,0.87,0.394,0.16
630,,0.364,0.04,0.506,0.97,0.676,0.86,0.384,0.15
631,,0.354,0.03,0.496,0.96,0.666,0.85,0.374,0.14
632,,0.344,0.02,0.486,0.95,0.656,0.84,0.364,0.13
633,,0.334,0.01,0.476,0.94,0.646,0.83,0.354,0.12
634,,0.324,0.0,0.466,0.93,0.636,0.82,0.344,0.11
635,,0.314,-0.01,0.456,0.92,0.626,0.81,0.334,0.1
636,2,0.587,0.99,0.729,0.91,0.333,0.4,0.041,0.09
637,2,0.86,1.0,1.0,0.9,0.04,-0.01,-0.252,0.08
638,7,0.85,0.707,0.59,0.607,0.03,0.263,0.748,0.353
639,7,0.84,0.414,0.18,0.314,0.02,0.536,1.0,0.626
640,,0.83,0.404,0.17,0.304,0.01,0.526,0.99,0.616
641,,0.82,0.394,0.16,0.294,0.0,0.516,0.98,0.606
642,,0.81,0.384,0.15,0.284,-0.01,0.506,0.97,0.596
643,5,0.4,0.091,0.14,0.557,0.99,0.779,0.96,0.303
644,5,-0.01,-0.202,0.13,0.83,1.0,1.0,0.95,0.01
645,2,0.263,0.798,0.403,0.82,0.707,0.59,0.657,0.0
646,2,0.536,1.0,0.676,0.81,0.414,0.18,0.364,-0.01
647,8,0.809,0.99,0.383,0.4,0.121,0.17,0.637,0.99
648,8,1.0,0.98,0.09,-0.01,-0.172,0.16,0.91,1.0
649,5,0.59,0.687,0.08,0.263,0.828,0.433,0.9,0.707
650,5,0.18,0.394,0.07,0.536,1.0,0.706,0.89,0.414
651,,0.17,0.384,0.06,0.526,0.99,0.696,0.88,0.404
652,,0.16,0.374,0.05,0.516,0.98,0.686,0.87,0.394
653,,0.15,0.364,0.04,0.506,0.97,0.676,0.86,0.384
654,,0.14,0.354,0.03,0.496,0.96,0.666,0.85,0.374
655,,0.13,0.344,0.02,0.486,0.95,0.656,0.84,0.364
656,,0.12,0.334,0.01,0.476,0.94,0.646,0.83,0.354
657,,0.11,0.324,0.0,0.466,0.93,0.636,0.82,0.344
658,,0.1,0.314,-0.01,0.456,0.92,0.626,0.81,0.334
659,3,0.09,0.587,0.99,0.729,0.91,0.333,0.4,0.041
660,3,0.08,0.86,1.0,1.0,0.9,0.04,-0.01,-0.252
661,8,0.353,0.85,0.707,0.59,0.607,0.03,0.263,0.748
662,8,0.626,0.84,0.414,0.18,0.314,0.02,0.536,1.0
663,,0.616,0.83,0.404,0.17,0.304,0.01,0.526,0.99
664,,0.606,0.82,0.394,0.16,0.294,0.0,0.516,0.98
665,,0.596,0.81,0.384,0.15,0.284,-0.01,0.506,0.97
666,6,0.303,0.4,0.091,0.14,0.557,0.99,0.779,0.96
667,6,0.01,-0.01,-0.202,0.13,0.83,1.0,1.0,0.95
668,3,0.0,0.263,0.798,0.403,0.82,0.707,0.59,0.657
669,3,-0.01,0.536,1.0,0.676,0.81,0.414,0.18,0.364
670,1,0.99,0.809,0.99,0.383,0.4,0.121,0.17,0.637
671,1,1.0,1.0,0.98,0.09,-0.01,-0.172,0.16,0.91
672,6,0.707,0.59,0.687,0.08,0.263,0.828,0.433,0.9
673,6,0.414,0.18,0.394,0.07,0.536,1.0,0.706,0.89
674,,0.404,0.17,0.384,0.06,0.526,0.99,0.696,0.88
675,,0.394,0.16,0.374,0.05,0.516,0.98,0.686,0.87
676,,0.384,0.15,0.364,0.04,0.506,0.97,0.676,0.86
677,,0.374,0.14,0.354,0.03,0.496,0.96,0.666,0.85
678,,0.364,0.13,0.344,0.02,0.486,0.95,0.656,0.84
679,,0.354,0.12,0.334,0.01,0.476,0.94,0.646,0.83
680,,0.344,0.11,0.324,0.0,0.466,0.93,0.636,0.82
681,,0.334,0.1,0.314,-0.01,0.456,0.92,0.626,0.81
682,4,0.041,0.09,0.587,0.99,0.729,0.91,0.333,0.4
683,4,-0.252,0.08,0.86,1.0,1.0,0.9,0.04,-0.01
684,1,0.748,0.353,0.85,0.707,0.59,0.607,0.03,0.263
685,1,1.0,0.626,0.84,0.414,0.18,0.314,0.02,0.536
686,,0.99,0.616,0.83,0.404,0.17,0.304,0.01,0.526
687,,0.98,0.606,0.82,0.394,0.16,0.294,0.0,0.516
688,,0.97,0.596,0.81,0.384,0.15,0.284,-0.01,0.506
689,7,0.96,0.303,0.4,0.091,0.14,0.557,0.99,0.779
690,7,0.95,0.01,-0.01,-0.202,0.13,0.83,1.0,1.0
691,4,0.657,0.0,0.263,0.798,0.403,0.82,0.707,0.59
692,4,0.364,-0.01,0.536,1.0,0.676,0.81,0.414,0.18
693,2,0.637,0.99,0.809,0.99,0.383,0.4,0.121,0.17
694,2,0.91,1.0,1.0,0.98,0.09,-0.01,-0.172,0.16
695,7,0.9,0.707,0.59,0.687,0.08,0.263,0.828,0.433
696,7,0.89,0.414,0.18,0.394,0.07,0.536,1.0,0.706
697,,0.88,0.404,0.17,0.384,0.06,0.526,0.99,0.696
698,,0.87,0.394,0.16,0.374,0.05,0.516,0.98,0.686
699,,0.86,0.384,0.15,0.364,0.04,0.506,0.97,0.676
700,,0.85,0.374,0.14,0.354,0.03,0.496,0.96,0.666
701,,0.84,0.364,0.13,0.344,0.02,0.486,0.95,0.656
702,,0.83,0.354,0.12,0.334,0.01,0.476,0.94,0.646
703,,0.82,0.344,0.11,0.324,0.0,0.466,0.93,0.636
704,,0.81,0.334,0.1,0.314,-0.01,0.456,0.92,0.626
705,5,0.4,0.041,0.09,0.587,0.99,0.729,0.91,0.333
706,5,-0.01,-0.252,0.08,0.86,1.0,1.0,0.9,0.04
707,2,0.263,0.748,0.353,0.85,0.707,0.59,0.607,0.03
708,2,0.536,1.0,0.626,0.84,0.414,0.18,0.314,0.02
709,,0.526,0.99,0.616,0.83,0.404,0.17,0.304,0.01
710,,0.516,0.98,0.606,0.82,0.394,0.16,0.294,0.0
711,,0.506,0.97,0.596,0.81,0.384,0.15,0.284,-0.01
712,8,0.779,0.96,0.303,0.4,0.091,0.14,0.557,0.99
713,8,1.0,0.95,0.01,-0.01,-0.202,0.13,0.83,1.0
714,5,0.59,0.657,0.0,0.263,0.798,0.403,0.82,0.707
715,5,0.18,0.364,-0.01,0.536,1.0,0.676,0.81,0.414
716,3,0.17,0.637,0.99,0.809,0.99,0.383,0.4,0.121
717,3,0.16,0.91,1.0,1.0,0.98,0.09,-0.01,-0.172
718,8,0.433,0.9,0.707,0.59,0.687,0.08,0.263,0.828
719,8,0.706,0.89,0.414,0.18,0.394,0.07,0.536,1.0
720,,0.696,0.88,0.404,0.17,0.384,0.06,0.526,0.99
721,,0.686,0.87,0.394,0.16,0.374,0.05,0.516,0.98
722,,0.676,0.86,0.384,0.15,0.364,0.04,0.506,0.97
723,,0.666,0.85,0.374,0.14,0.354,0.03,0.496,0.96
724,,0.656,0.84,0.364,0.13,0.344,0.02,0.486,0.95
725,,0.646,0.83,0.354,0.12,0.334,0.01,0.476,0.94
726,,0.636,0.82,0.344,0.11,0.324,0.0,0.466,0.93
727,,0.626,0.81,0.334,0.1,0.314,-0.01,0.456,0.92
728,6,0.333,0.4,0.041,0.09,0.587,0.99,0.729,0.91
729,6,0.04,-0.01,-0.252,0.08,0.86,1.0,1.0,0.9
730,3,0.03,0.263,0.748,0.353,0.85,0.707,0.59,0.607
731,3,0.02,0.536,1.0,0.626,0.84,0.414,0.18,0.314
732,,0.01,0.526,0.99,0.616,0.83,0.404,0.17,0.304
733,,0.0,0.516,0.98,0.606,0.82,0.394,0.16,0.294
734,,-0.01,0.506,0.97,0.596,0.81,0.384,0.15,0.284
735,1,0.99,0.779,0.96,0.303,0.4,0.091,0.14,0.557
736,1,1.0,1.0,0.95,0.01,-0.01,-0.202,0.13,0.83
737,6,0.707,0.59,0.657,0.0,0.263,0.798,0.403,0.82
738,6,0.414,0.18,0.364,-0.01,0.536,1.0,0.676,0.81
739,4,0.121,0.17,0.637,0.99,0.809,0.99,0.383,0.4
740,4,-0.172,0.16,0.91,1.0,1.0,0.98,0.09,-0.01
741,1,0.828,0.433,0.9,0.707,0.59,0.687,0.08,0.263
742,1,1.0,0.706,0.89,0.414,0.18,0.394,0.07,0.536
743,,0.99,0.696,0.88,0.404,0.17,0.384,0.06,0.526
744,,0.98,0.686,0.87,0.394,0.16,0.374,0.05,0.516
745,,0.97,0.676,0.86,0.384,0.15,0.364,0.04,0.506
746,,0.96,0.666,0.85,0.374,0.14,0.354,0.03,0.496
747,,0.95,0.656,0.84,0.364,0.13,0.344,0.02,0.486
748,,0.94,0.646,0.83,0.354,0.12,0.334,0.01,0.476
749,,0.93,0.636,0.82,0.344,0.11,0.324,0.0,0.466
750,,0.92,0.626,0.81,0.334,0.1,0.314,-0.01,0.456
751,7,0.91,0.333,0.4,0.041,0.09,0.587,0.99,0.729
752,7,0.9,0.04,-0.01,-0.252,0.08,0.86,1.0,1.0
753,4,0.607,0.03,0.263,0.748,0.353,0.85,0.707,0.59
754,4,0.314,0.02,0.536,1.0,0.626,0.84,0.414,0.18
755,,0.304,0.01,0.526,0.99,0.616,0.83,0.404,0.17
756,,0.294,0.0,0.516,0.98,0.606,0.82,0.394,0.16
757,,0.284,-0.01,0.506,0.97,0.596,0.81,0.384,0.15
758,2,0.557,0.99,0.779,0.96,0.303,0.4,0.091,0.14
759,2,0.83,1.0,1.0,0.95,0.01,-0.01,-0.202,0.13
760,7,0.82,0.707,0.59,0.657,0.0,0.263,0.798,0.403
761,7,0.81,0.414,0.18,0.364,-0.01,0.536,1.0,0.676
762,5,0.4,0.121,0.17,0.637,0.99,0.809,0.99,0.383
763,5,-0.01,-0.172,0.16,0.91,1.0,1.0,0.98,0.09
764,2,0.263,0.828,0.433,0.9,0.707,0.59,0.687,0.08
765,2,0.536,1.0,0.706,0.89,0.414,0.18,0.394,0.07
766,,0.526,0.99,0.696,0.88,0.404,0.17,0.384,0.06
767,,0.516,0.98,0.686,0.87,0.394,0.16,0.374,0.05
768,,0.506,0.97,0.676,0.86,0.384,0.15,0.364,0.04
769,,0.496,0.96,0.666,0.85,0.374,0.14,0.354,0.03
770,,0.486,0.95,0.656,0.84,0.364,0.13,0.344,0.02
771,,0.476,0.94,0.646,0.83,0.354,0.12,0.334,0.01
772,,0.466,0.93,0.636,0.82,0.344,0.11,0.324,0.0
773,,0.456,0.92,0.626,0.81,0.334,0.1,0.314,-0.01
774,8,0.729,0.91,0.333,0.4,0.041,0.09,0.587,0.99
775,8,1.0,0.9,0.04,-0.01,-0.252,0.08,0.86,1.0
776,5,0.59,0.607,0.03,0.263,0.748,0.353,0.85,0.707
777,5,0.18,0.314,0.02,0.536,1.0,0.626,0.84,0.414
778,,0.17,0.304,0.01,0.526,0.99,0.616,0.83,0.404
779,,0.16,0.294,0.0,0.516,0.98,0.606,0.82,0.394
780,,0.15,0.284,-0.01,0.506,0.97,0.596,0.81,0.384
781,3,0.14,0.557,0.99,0.779,0.96,0.303,0.4,0.091
782,3,0.13,0.83,1.0,1.0,0.95,0.01,-0.01,-0.202
783,8,0.403,0.82,0.707,0.59,0.657,0.0,0.263,0.798
784,8,0.676,0.81,0.414,0.18,0.364,-0.01,0.536,1.0
785,6,0.383,0.4,0.121,0.17,0.637,0.99,0.809,0.99
786,6,0.09,-0.01,-0.172,0.16,0.91,1.0,1.0,0.98
787,3,0.08,0.263,0.828,0.433,0.9,0.707,0.59,0.687
788,3,0.07,0.536,1.0,0.706,0.89,0.414,0.18,0.394
789,,0.06,0.526,0.99,0.696,0.88,0.404,0.17,0.384
790,,0.05,0.516,0.98,0.686,0.87,0.394,0.16,0.374
791,,0.04,0.506,0.97,0.676,0.86,0.384,0.15,0.364
792,,0.03,0.496,0.96,0.666,0.85,0.374,0.14,0.354
793,,0.02,0.486,0.95,0.656,0.84,0.364,0.13,0.344
794,,0.01,0.476,0.94,0.646,0.83,0.354,0.12,0.334
795,,0.0,0.466,0.93,0.636,0.82,0.344,0.11,0.324
796,,-0.01,0.456,0.92,0.626,0.81,0.334,0.1,0.314
797,1,0.99,0.729,0.91,0.333,0.4,0.041,0.09,0.587
798,1,1.0,1.0,0.9,0.04,-0.01,-0.252,0.08,0.86
799,6,0.707,0.59,0.607,0.03,0.263,0.748,0.353,0.85
800,6,0.414,0.18,0.314,0.02,0.536,1.0,0.626,0.84
801,,0.404,0.17,0.304,0.01,0.526,0.99,0.616,0.83
802,,0.394,0.16,0.294,0.0,0.516,0.98,0.606,0.82
803,,0.384,0.15,0.284,-0.01,0.506,0.97,0.596,0.81
804,4,0.091,0.14,0.557,0.99,0.779,0.96,0.303,0.4
805,4,-0.202,0.13,0.83,1.0,1.0,0.95,0.01,-0.01
806,1,0.798,0.403,0.82,0.707,0.59,0.657,0.0,0.263
807,1,1.0,0.676,0.81,0.414,0.18,0.364,-0.01,0.536
808,7,0.99,0.383,0.4,0.121,0.17,0.637,0.99,0.809
809,7,0.98,0.09,-0.01,-0.172,0.16,0.91,1.0,1.0
810,4,0.687,0.08,0.263,0.828,0.433,0.9,0.707,0.59
