step,active_motive,motive_1,motive_2,motive_3,motive_4,motive_5,motive_6,motive_7,motive_8
0,,0.08872,0.04722,0.01196,0.07132,0.07608,0.05613,0.0771,0.04938
1,,0.07872,0.03722,0.00196,0.06132,0.06608,0.04613,0.0671,0.03938
2,,0.06872,0.02722,-0.00804,0.05132,0.05608,0.03613,0.0571,0.02938
3,3,0.05872,0.30022,0.99196,0.32432,0.04608,-0.25687,-0.3529,-0.26362
4,3,0.04872,0.57322,1.0,0.59732,0.03608,-0.54987,-0.7629,-0.55662
5,7,0.03872,0.28022,0.59,0.30432,0.02608,-0.27687,0.2371,-0.28362
6,7,0.02872,-0.01278,0.18,0.01132,0.01608,-0.00387,1.0,-0.01062
7,2,0.30172,0.98722,0.453,0.00132,-0.27692,-0.41387,0.707,-0.02062
8,2,0.57472,1.0,0.726,-0.00868,-0.56992,-0.82387,0.414,-0.03062
9,6,0.28172,0.59,0.433,-0.01868,-0.29692,0.17613,0.687,-0.04062
10,6,-0.01128,0.18,0.14,-0.02868,-0.02392,1.0,0.96,-0.05062
11,8,0.26172,0.17,-0.153,-0.43868,-0.31692,0.99,1.0,0.94938
12,8,0.53472,0.16,-0.446,-0.84868,-0.60992,0.98,1.0,1.0
13,4,0.24172,0.15,-0.173,0.15132,-0.33692,0.97,0.707,0.59
14,4,-0.05128,0.14,0.1,1.0,-0.06392,0.96,0.414,0.18
15,5,-0.46128,-0.153,0.09,1.0,0.93608,1.0,0.404,-0.113
16,5,-0.87128,-0.446,0.08,1.0,1.0,1.0,0.394,-0.406
17,1,0.12872,-0.173,0.07,0.707,0.59,0.707,0.384,-0.133
18,1,1.0,0.1,0.06,0.414,0.18,0.414,0.374,0.14
19,,0.99,0.09,0.05,0.404,0.17,0.404,0.364,0.13
20,,0.98,0.08,0.04,0.394,0.16,0.394,0.354,0.12
21,,0.97,0.07,0.03,0.384,0.15,0.384,0.344,0.11
22,,0.96,0.06,0.02,0.374,0.14,0.374,0.334,0.1
23,,0.95,0.05,0.01,0.364,0.13,0.364,0.324,0.09
24,,0.94,0.04,0.0,0.354,0.12,0.354,0.314,0.08
25,,0.93,0.03,-0.01,0.344,0.11,0.344,0.304,0.07
26,3,0.92,0.303,0.99,0.617,0.1,0.051,-0.106,-0.223
27,3,0.91,0.576,1.0,0.89,0.09,-0.242,-0.516,-0.516
28,7,0.9,0.283,0.59,0.597,0.08,0.031,0.484,-0.243
29,7,0.89,-0.01,0.18,0.304,0.07,0.304,1.0,0.03
30,2,1.0,0.99,0.453,0.294,-0.223,-0.106,0.707,0.02
31,2,1.0,1.0,0.726,0.284,-0.516,-0.516,0.414,0.01
32,5,0.59,0.707,0.716,0.557,0.484,-0.243,0.404,-0.283
33,5,0.18,0.414,0.706,0.83,1.0,0.03,0.394,-0.576
34,8,0.453,0.404,0.413,0.42,0.707,0.02,0.667,0.424
35,8,0.726,0.394,0.12,0.01,0.414,0.01,0.94,1.0
36,,0.716,0.384,0.11,0.0,0.404,0.0,0.93,0.99
37,,0.706,0.374,0.1,-0.01,0.394,-0.01,0.92,0.98
38,4,0.413,0.364,0.373,0.99,0.667,-0.02,0.627,0.57
39,4,0.12,0.354,0.646,1.0,0.94,-0.03,0.334,0.16
40,6,-0.173,-0.056,0.353,0.99,1.0,0.97,0.607,0.15
41,6,-0.466,-0.466,0.06,0.98,1.0,1.0,0.88,0.14
42,2,-0.193,0.534,0.333,0.97,0.707,0.59,0.587,0.13
43,2,0.08,1.0,0.606,0.96,0.414,0.18,0.294,0.12
44,,0.07,0.99,0.596,0.95,0.404,0.17,0.284,0.11
45,,0.06,0.98,0.586,0.94,0.394,0.16,0.274,0.1
46,,0.05,0.97,0.576,0.93,0.384,0.15,0.264,0.09
47,,0.04,0.96,0.566,0.92,0.374,0.14,0.254,0.08
48,,0.03,0.95,0.556,0.91,0.364,0.13,0.244,0.07
49,,0.02,0.94,0.546,0.9,0.354,0.12,0.234,0.06
50,,0.01,0.93,0.536,0.89,0.344,0.11,0.224,0.05
51,,0.0,0.92,0.526,0.88,0.334,0.1,0.214,0.04
52,,-0.01,0.91,0.516,0.87,0.324,0.09,0.204,0.03
53,1,0.99,1.0,0.506,0.577,-0.086,-0.203,0.194,0.303
54,1,1.0,1.0,0.496,0.284,-0.496,-0.496,0.184,0.576
55,6,0.707,0.59,0.203,0.274,-0.223,0.504,0.457,0.566
56,6,0.414,0.18,-0.09,0.264,0.05,1.0,0.73,0.556
57,3,0.404,0.453,0.91,0.537,0.04,0.707,0.32,0.263
58,3,0.394,0.726,1.0,0.81,0.03,0.414,-0.09,-0.03
59,7,0.384,0.433,0.59,0.517,0.02,0.687,0.91,0.243
60,7,0.374,0.14,0.18,0.224,0.01,0.96,1.0,0.516
61,,0.364,0.13,0.17,0.214,0.0,0.95,0.99,0.506
62,,0.354,0.12,0.16,0.204,-0.01,0.94,0.98,0.496
63,5,-0.056,-0.173,0.15,0.477,0.99,1.0,0.97,0.203
64,5,-0.466,-0.466,0.14,0.75,1.0,1.0,0.96,-0.09
65,2,-0.193,0.534,0.413,0.74,0.707,0.59,0.667,-0.1
66,2,0.08,1.0,0.686,0.73,0.414,0.18,0.374,-0.11
67,8,0.353,0.99,0.393,0.32,0.121,0.17,0.647,0.89
68,8,0.626,0.98,0.1,-0.09,-0.172,0.16,0.92,1.0
69,5,0.216,0.687,0.09,0.183,0.828,0.433,0.91,0.707
70,5,-0.194,0.394,0.08,0.456,1.0,0.706,0.9,0.414
71,1,0.806,0.667,0.07,0.163,0.59,0.413,0.89,0.687
72,1,1.0,0.94,0.06,-0.13,0.18,0.12,0.88,0.96
73,4,0.707,0.93,0.333,0.87,0.453,0.11,0.587,0.55
74,4,0.414,0.92,0.606,1.0,0.726,0.1,0.294,0.14
75,,0.404,0.91,0.596,0.99,0.716,0.09,0.284,0.13
76,,0.394,0.9,0.586,0.98,0.706,0.08,0.274,0.12
77,,0.384,0.89,0.576,0.97,0.696,0.07,0.264,0.11
78,,0.374,0.88,0.566,0.96,0.686,0.06,0.254,0.1
79,,0.364,0.87,0.556,0.95,0.676,0.05,0.244,0.09
80,,0.354,0.86,0.546,0.94,0.666,0.04,0.234,0.08
81,,0.344,0.85,0.536,0.93,0.656,0.03,0.224,0.07
82,,0.334,0.84,0.526,0.92,0.646,0.02,0.214,0.06
83,,0.324,0.83,0.516,0.91,0.636,0.01,0.204,0.05
84,,0.314,0.82,0.506,0.9,0.626,0.0,0.194,0.04
85,,0.304,0.81,0.496,0.89,0.616,-0.01,0.184,0.03
86,6,0.011,0.4,0.203,0.88,0.889,0.99,0.457,0.02
87,6,-0.282,-0.01,-0.09,0.87,1.0,1.0,0.73,0.01
88,1,0.718,0.263,-0.1,0.577,0.59,0.707,0.72,0.283
89,1,1.0,0.536,-0.11,0.284,0.18,0.414,0.71,0.556
90,3,0.99,0.809,0.89,0.557,0.17,0.121,0.3,0.263
91,3,0.98,1.0,1.0,0.83,0.16,-0.172,-0.11,-0.03
92,6,0.687,0.59,0.707,0.82,0.433,0.828,0.163,-0.04
93,6,0.394,0.18,0.414,0.81,0.706,1.0,0.436,-0.05
94,8,0.667,0.17,0.121,0.4,0.413,0.99,0.709,0.95
95,8,0.94,0.16,-0.172,-0.01,0.12,0.98,0.982,1.0
96,3,0.93,0.433,0.828,0.263,0.11,0.687,0.572,0.707
97,3,0.92,0.706,1.0,0.536,0.1,0.394,0.162,0.414
98,,0.91,0.696,0.99,0.526,0.09,0.384,0.152,0.404
99,,0.9,0.686,0.98,0.516,0.08,0.374,0.142,0.394
100,,0.89,0.676,0.97,0.506,0.07,0.364,0.132,0.384
101,,0.88,0.666,0.96,0.496,0.06,0.354,0.122,0.374
102,,0.87,0.656,0.95,0.486,0.05,0.344,0.112,0.364
103,,0.86,0.646,0.94,0.476,0.04,0.334,0.102,0.354
104,,0.85,0.636,0.93,0.466,0.03,0.324,0.092,0.344
105,,0.84,0.626,0.92,0.456,0.02,0.314,0.082,0.334
106,,0.83,0.616,0.91,0.446,0.01,0.304,0.072,0.324
107,,0.82,0.606,0.9,0.436,0.0,0.294,0.062,0.314
108,,0.81,0.596,0.89,0.426,-0.01,0.284,0.052,0.304
109,5,0.4,0.303,0.88,0.699,0.99,0.557,0.042,0.011
110,5,-0.01,0.01,0.87,0.972,1.0,0.83,0.032,-0.282
111,8,0.263,0.0,0.577,0.562,0.707,0.82,0.305,0.718
112,8,0.536,-0.01,0.284,0.152,0.414,0.81,0.578,1.0
113,2,0.809,0.99,0.557,0.142,0.121,0.4,0.285,0.99
114,2,1.0,1.0,0.83,0.132,-0.172,-0.01,-0.008,0.98
115,5,0.59,0.707,0.82,0.405,0.828,0.263,-0.018,0.687
116,5,0.18,0.414,0.81,0.678,1.0,0.536,-0.028,0.394
117,7,0.17,0.121,0.4,0.385,0.99,0.809,0.972,0.667
118,7,0.16,-0.172,-0.01,0.092,0.98,1.0,1.0,0.94
119,2,0.433,0.828,0.263,0.082,0.687,0.59,0.707,0.93
120,2,0.706,1.0,0.536,0.072,0.394,0.18,0.414,0.92
121,,0.696,0.99,0.526,0.062,0.384,0.17,0.404,0.91
122,,0.686,0.98,0.516,0.052,0.374,0.16,0.394,0.9
123,,0.676,0.97,0.506,0.042,0.364,0.15,0.384,0.89
124,,0.666,0.96,0.496,0.032,0.354,0.14,0.374,0.88
125,,0.656,0.95,0.486,0.022,0.344,0.13,0.364,0.87
126,,0.646,0.94,0.476,0.012,0.334,0.12,0.354,0.86
127,,0.636,0.93,0.466,0.002,0.324,0.11,0.344,0.85
128,,0.626,0.92,0.456,-0.008,0.314,0.1,0.334,0.84
129,4,0.333,0.91,0.729,0.992,0.587,0.09,0.041,0.43
130,4,0.04,0.9,1.0,1.0,0.86,0.08,-0.252,0.02
131,7,0.03,0.607,0.59,0.707,0.85,0.353,0.748,0.293
132,7,0.02,0.314,0.18,0.414,0.84,0.626,1.0,0.566
133,,0.01,0.304,0.17,0.404,0.83,0.616,0.99,0.556
134,,0.0,0.294,0.16,0.394,0.82,0.606,0.98,0.546
135,,-0.01,0.284,0.15,0.384,0.81,0.596,0.97,0.536
136,1,0.99,0.557,0.14,0.091,0.4,0.303,0.96,0.809
137,1,1.0,0.83,0.13,-0.202,-0.01,0.01,0.95,1.0
138,4,0.707,0.82,0.403,0.798,0.263,0.0,0.657,0.59
139,4,0.414,0.81,0.676,1.0,0.536,-0.01,0.364,0.18
140,6,0.121,0.4,0.383,0.99,0.809,0.99,0.637,0.17
141,6,-0.172,-0.01,0.09,0.98,1.0,1.0,0.91,0.16
142,1,0.828,0.263,0.08,0.687,0.59,0.707,0.9,0.433
143,1,1.0,0.536,0.07,0.394,0.18,0.414,0.89,0.706
144,,0.99,0.526,0.06,0.384,0.17,0.404,0.88,0.696
145,,0.98,0.516,0.05,0.374,0.16,0.394,0.87,0.686
146,,0.97,0.506,0.04,0.364,0.15,0.384,0.86,0.676
147,,0.96,0.496,0.03,0.354,0.14,0.374,0.85,0.666
148,,0.95,0.486,0.02,0.344,0.13,0.364,0.84,0.656
149,,0.94,0.476,0.01,0.334,0.12,0.354,0.83,0.646
150,,0.93,0.466,0.0,0.324,0.11,0.344,0.82,0.636
151,,0.92,0.456,-0.01,0.314,0.1,0.334,0.81,0.626
152,3,0.91,0.729,0.99,0.587,0.09,0.041,0.4,0.333
153,3,0.9,1.0,1.0,0.86,0.08,-0.252,-0.01,0.04
154,6,0.607,0.59,0.707,0.85,0.353,0.748,0.263,0.03
155,6,0.314,0.18,0.414,0.84,0.626,1.0,0.536,0.02
156,,0.304,0.17,0.404,0.83,0.616,0.99,0.526,0.01
157,,0.294,0.16,0.394,0.82,0.606,0.98,0.516,0.0
158,,0.284,0.15,0.384,0.81,0.596,0.97,0.506,-0.01
159,8,0.557,0.14,0.091,0.4,0.303,0.96,0.779,0.99
160,8,0.83,0.13,-0.202,-0.01,0.01,0.95,1.0,1.0
161,3,0.82,0.403,0.798,0.263,0.0,0.657,0.59,0.707
162,3,0.81,0.676,1.0,0.536,-0.01,0.364,0.18,0.414
163,5,0.4,0.383,0.99,0.809,0.99,0.637,0.17,0.121
164,5,-0.01,0.09,0.98,1.0,1.0,0.91,0.16,-0.172
165,8,0.263,0.08,0.687,0.59,0.707,0.9,0.433,0.828
166,8,0.536,0.07,0.394,0.18,0.414,0.89,0.706,1.0
167,,0.526,0.06,0.384,0.17,0.404,0.88,0.696,0.99
168,,0.516,0.05,0.374,0.16,0.394,0.87,0.686,0.98
169,,0.506,0.04,0.364,0.15,0.384,0.86,0.676,0.97
170,,0.496,0.03,0.354,0.14,0.374,0.85,0.666,0.96
171,,0.486,0.02,0.344,0.13,0.364,0.84,0.656,0.95
172,,0.476,0.01,0.334,0.12,0.354,0.83,0.646,0.94
173,,0.466,0.0,0.324,0.11,0.344,0.82,0.636,0.93
174,,0.456,-0.01,0.314,0.1,0.334,0.81,0.626,0.92
175,2,0.729,0.99,0.587,0.09,0.041,0.4,0.333,0.91
176,2,1.0,1.0,0.86,0.08,-0.252,-0.01,0.04,0.9
177,5,0.59,0.707,0.85,0.353,0.748,0.263,0.03,0.607
178,5,0.18,0.414,0.84,0.626,1.0,0.536,0.02,0.314
179,,0.17,0.404,0.83,0.616,0.99,0.526,0.01,0.304
180,,0.16,0.394,0.82,0.606,0.98,0.516,0.0,0.294
181,,0.15,0.384,0.81,0.596,0.97,0.506,-0.01,0.284
182,7,0.14,0.091,0.4,0.303,0.96,0.779,0.99,0.557
183,7,0.13,-0.202,-0.01,0.01,0.95,1.0,1.0,0.83
184,2,0.403,0.798,0.263,0.0,0.657,0.59,0.707,0.82
185,2,0.676,1.0,0.536,-0.01,0.364,0.18,0.414,0.81
186,4,0.383,0.99,0.809,0.99,0.637,0.17,0.121,0.4
187,4,0.09,0.98,1.0,1.0,0.91,0.16,-0.172,-0.01
188,7,0.08,0.687,0.59,0.707,0.9,0.433,0.828,0.263
189,7,0.07,0.394,0.18,0.414,0.89,0.706,1.0,0.536
190,,0.06,0.384,0.17,0.404,0.88,0.696,0.99,0.526
191,,0.05,0.374,0.16,0.394,0.87,0.686,0.98,0.516
192,,0.04,0.364,0.15,0.384,0.86,0.676,0.97,0.506
193,,0.03,0.354,0.14,0.374,0.85,0.666,0.96,0.496
194,,0.02,0.344,0.13,0.364,0.84,0.656,0.95,0.486
195,,0.01,0.334,0.12,0.354,0.83,0.646,0.94,0.476
196,,0.0,0.324,0.11,0.344,0.82,0.636,0.93,0.466
197,,-0.01,0.314,0.1,0.334,0.81,0.626,0.92,0.456
198,1,0.99,0.587,0.09,0.041,0.4,0.333,0.91,0.729
199,1,1.0,0.86,0.08,-0.252,-0.01,0.04,0.9,1.0
200,4,0.707,0.85,0.353,0.748,0.263,0.03,0.607,0.59
201,4,0.414,0.84,0.626,1.0,0.536,0.02,0.314,0.18
202,,0.404,0.83,0.616,0.99,0.526,0.01,0.304,0.17
203,,0.394,0.82,0.606,0.98,0.516,0.0,0.294,0.16
204,,0.384,0.81,0.596,0.97,0.506,-0.01,0.284,0.15
205,6,0.091,0.4,0.303,0.96,0.779,0.99,0.557,0.14
206,6,-0.202,-0.01,0.01,0.95,1.0,1.0,0.83,0.13
207,1,0.798,0.263,0.0,0.657,0.59,0.707,0.82,0.403
208,1,1.0,0.536,-0.01,0.364,0.18,0.414,0.81,0.676
209,3,0.99,0.809,0.99,0.637,0.17,0.121,0.4,0.383
210,3,0.98,1.0,1.0,0.91,0.16,-0.172,-0.01,0.09
211,6,0.687,0.59,0.707,0.9,0.433,0.828,0.263,0.08
212,6,0.394,0.18,0.414,0.89,0.706,1.0,0.536,0.07
213,,0.384,0.17,0.404,0.88,0.696,0.99,0.526,0.06
214,,0.374,0.16,0.394,0.87,0.686,0.98,0.516,0.05
215,,0.364,0.15,0.384,0.86,0.676,0.97,0.506,0.04
216,,0.354,0.14,0.374,0.85,0.666,0.96,0.496,0.03
217,,0.344,0.13,0.364,0.84,0.656,0.95,0.486,0.02
218,,0.334,0.12,0.354,0.83,0.646,0.94,0.476,0.01
219,,0.324,0.11,0.344,0.82,0.636,0.93,0.466,0.0
220,,0.314,0.1,0.334,0.81,0.626,0.92,0.456,-0.01
221,8,0.587,0.09,0.041,0.4,0.333,0.91,0.729,0.99
222,8,0.86,0.08,-0.252,-0.01,0.04,0.9,1.0,1.0
223,3,0.85,0.353,0.748,0.263,0.03,0.607,0.59,0.707
224,3,0.84,0.626,1.0,0.536,0.02,0.314,0.18,0.414
225,,0.83,0.616,0.99,0.526,0.01,0.304,0.17,0.404
226,,0.82,0.606,0.98,0.516,0.0,0.294,0.16,0.394
227,,0.81,0.596,0.97,0.506,-0.01,0.284,0.15,0.384
228,5,0.4,0.303,0.96,0.779,0.99,0.557,0.14,0.091
229,5,-0.01,0.01,0.95,1.0,1.0,0.83,0.13,-0.202
230,8,0.263,0.0,0.657,0.59,0.707,0.82,0.403,0.798
231,8,0.536,-0.01,0.364,0.18,0.414,0.81,0.676,1.0
232,2,0.809,0.99,0.637,0.17,0.121,0.4,0.383,0.99
233,2,1.0,1.0,0.91,0.16,-0.172,-0.01,0.09,0.98
234,5,0.59,0.707,0.9,0.433,0.828,0.263,0.08,0.687
235,5,0.18,0.414,0.89,0.706,1.0,0.536,0.07,0.394
236,,0.17,0.404,0.88,0.696,0.99,0.526,0.06,0.384
237,,0.16,0.394,0.87,0.686,0.98,0.516,0.05,0.374
238,,0.15,0.384,0.86,0.676,0.97,0.506,0.04,0.364
239,,0.14,0.374,0.85,0.666,0.96,0.496,0.03,0.354
240,,0.13,0.364,0.84,0.656,0.95,0.486,0.02,0.344
241,,0.12,0.354,0.83,0.646,0.94,0.476,0.01,0.334
242,,0.11,0.344,0.82,0.636,0.93,0.466,0.0,0.324
243,,0.1,0.334,0.81,0.626,0.92,0.456,-0.01,0.314
244,7,0.09,0.041,0.4,0.333,0.91,0.729,0.99,0.587
245,7,0.08,-0.252,-0.01,0.04,0.9,1.0,1.0,0.86
246,2,0.353,0.748,0.263,0.03,0.607,0.59,0.707,0.85
247,2,0.626,1.0,0.536,0.02,0.314,0.18,0.414,0.84
248,,0.616,0.99,0.526,0.01,0.304,0.17,0.404,0.83
249,,0.606,0.98,0.516,0.0,0.294,0.16,0.394,0.82
250,,0.596,0.97,0.506,-0.01,0.284,0.15,0.384,0.81
251,4,0.303,0.96,0.779,0.99,0.557,0.14,0.091,0.4
252,4,0.01,0.95,1.0,1.0,0.83,0.13,-0.202,-0.01
253,7,0.0,0.657,0.59,0.707,0.82,0.403,0.798,0.263
254,7,-0.01,0.364,0.18,0.414,0.81,0.676,1.0,0.536
255,1,0.99,0.637,0.17,0.121,0.4,0.383,0.99,0.809
256,1,1.0,0.91,0.16,-0.172,-0.01,0.09,0.98,1.0
257,4,0.707,0.9,0.433,0.828,0.263,0.08,0.687,0.59
258,4,0.414,0.89,0.706,1.0,0.536,0.07,0.394,0.18
259,,0.404,0.88,0.696,0.99,0.526,0.06,0.384,0.17
260,,0.394,0.87,0.686,0.98,0.516,0.05,0.374,0.16
261,,0.384,0.86,0.676,0.97,0.506,0.04,0.364,0.15
262,,0.374,0.85,0.666,0.96,0.496,0.03,0.354,0.14
263,,0.364,0.84,0.656,0.95,0.486,0.02,0.344,0.13
264,,0.354,0.83,0.646,0.94,0.476,0.01,0.334,0.12
265,,0.344,0.82,0.636,0.93,0.466,0.0,0.324,0.11
266,,0.334,0.81,0.626,0.92,0.456,-0.01,0.314,0.1
267,6,0.041,0.4,0.333,0.91,0.729,0.99,0.587,0.09
268,6,-0.252,-0.01,0.04,0.9,1.0,1.0,0.86,0.08
269,1,0.748,0.263,0.03,0.607,0.59,0.707,0.85,0.353
270,1,1.0,0.536,0.02,0.314,0.18,0.414,0.84,0.626
271,,0.99,0.526,0.01,0.304,0.17,0.404,0.83,0.616
272,,0.98,0.516,0.0,0.294,0.16,0.394,0.82,0.606
273,,0.97,0.506,-0.01,0.284,0.15,0.384,0.81,0.596
274,3,0.96,0.779,0.99,0.557,0.14,0.091,0.4,0.303
275,3,0.95,1.0,1.0,0.83,0.13,-0.202,-0.01,0.01
276,6,0.657,0.59,0.707,0.82,0.403,0.798,0.263,0.0
277,6,0.364,0.18,0.414,0.81,0.676,1.0,0.536,-0.01
278,8,0.637,0.17,0.121,0.4,0.383,0.99,0.809,0.99
279,8,0.91,0.16,-0.172,-0.01,0.09,0.98,1.0,1.0
280,3,0.9,0.433,0.828,0.263,0.08,0.687,0.59,0.707
281,3,0.89,0.706,1.0,0.536,0.07,0.394,0.18,0.414
282,,0.88,0.696,0.99,0.526,0.06,0.384,0.17,0.404
283,,0.87,0.686,0.98,0.516,0.05,0.374,0.16,0.394
284,,0.86,0.676,0.97,0.506,0.04,0.364,0.15,0.384
285,,0.85,0.666,0.96,0.496,0.03,0.354,0.14,0.374
286,,0.84,0.656,0.95,0.486,0.02,0.344,0.13,0.364
287,,0.83,0.646,0.94,0.476,0.01,0.334,0.12,0.354
288,,0.82,0.636,0.93,0.466,0.0,0.324,0.11,0.344
289,,0.81,0.626,0.92,0.456,-0.01,0.314,0.1,0.334
290,5,0.4,0.333,0.91,0.729,0.99,0.587,0.09,0.041
291,5,-0.01,0.04,0.9,1.0,1.0,0.86,0.08,-0.252
292,8,0.263,0.03,0.607,0.59,0.707,0.85,0.353,0.748
293,8,0.536,0.02,0.314,0.18,0.414,0.84,0.626,1.0
294,,0.526,0.01,0.304,0.17,0.404,0.83,0.616,0.99
295,,0.516,0.0,0.294,0.16,0.394,0.82,0.606,0.98
296,,0.506,-0.01,0.284,0.15,0.384,0.81,0.596,0.97
297,2,0.779,0.99,0.557,0.14,0.091,0.4,0.303,0.96
298,2,1.0,1.0,0.83,0.13,-0.202,-0.01,0.01,0.95
299,5,0.59,0.707,0.82,0.403,0.798,0.263,0.0,0.657
300,5,0.18,0.414,0.81,0.676,1.0,0.536,-0.01,0.364
301,7,0.17,0.121,0.4,0.383,0.99,0.809,0.99,0.637
302,7,0.16,-0.172,-0.01,0.09,0.98,1.0,1.0,0.91
303,2,0.433,0.828,0.263,0.08,0.687,0.59,0.707,0.9
304,2,0.706,1.0,0.536,0.07,0.394,0.18,0.414,0.89
305,,0.696,0.99,0.526,0.06,0.384,0.17,0.404,0.88
306,,0.686,0.98,0.516,0.05,0.374,0.16,0.394,0.87
307,,0.676,0.97,0.506,0.04,0.364,0.15,0.384,0.86
308,,0.666,0.96,0.496,0.03,0.354,0.14,0.374,0.85
309,,0.656,0.95,0.486,0.02,0.344,0.13,0.364,0.84
310,,0.646,0.94,0.476,0.01,0.334,0.12,0.354,0.83
311,,0.636,0.93,0.466,0.0,0.324,0.11,0.344,0.82
312,,0.626,0.92,0.456,-0.01,0.314,0.1,0.334,0.81
313,4,0.333,0.91,0.729,0.99,0.587,0.09,0.041,0.4
314,4,0.04,0.9,1.0,1.0,0.86,0.08,-0.252,-0.01
315,7,0.03,0.607,0.59,0.707,0.85,0.353,0.748,0.263
316,7,0.02,0.314,0.18,0.414,0.84,0.626,1.0,0.536
317,,0.01,0.304,0.17,0.404,0.83,0.616,0.99,0.526
318,,0.0,0.294,0.16,0.394,0.82,0.606,0.98,0.516
319,,-0.01,0.284,0.15,0.384,0.81,0.596,0.97,0.506
320,1,0.99,0.557,0.14,0.091,0.4,0.303,0.96,0.779
321,1,1.0,0.83,0.13,-0.202,-0.01,0.01,0.95,1.0
322,4,0.707,0.82,0.403,0.798,0.263,0.0,0.657,0.59
323,4,0.414,0.81,0.676,1.0,0.536,-0.01,0.364,0.18
324,6,0.121,0.4,0.383,0.99,0.809,0.99,0.637,0.17
325,6,-0.172,-0.01,0.09,0.98,1.0,1.0,0.91,0.16
326,1,0.828,0.263,0.08,0.687,0.59,0.707,0.9,0.433
327,1,1.0,0.536,0.07,0.394,0.18,0.414,0.89,0.706
328,,0.99,0.526,0.06,0.384,0.17,0.404,0.88,0.696
329,,0.98,0.516,0.05,0.374,0.16,0.394,0.87,0.686
330,,0.97,0.506,0.04,0.364,0.15,0.384,0.86,0.676
331,,0.96,0.496,0.03,0.354,0.14,0.374,0.85,0.666
332,,0.95,0.486,0.02,0.344,0.13,0.364,0.84,0.656
333,,0.94,0.476,0.01,0.334,0.12,0.354,0.83,0.646
334,,0.93,0.466,0.0,0.324,0.11,0.344,0.82,0.636
335,,0.92,0.456,-0.01,0.314,0.1,0.334,0.81,0.626
336,3,0.91,0.729,0.99,0.587,0.09,0.041,0.4,0.333
337,3,0.9,1.0,1.0,0.86,0.08,-0.252,-0.01,0.04
338,6,0.607,0.59,0.707,0.85,0.353,0.748,0.263,0.03
339,6,0.314,0.18,0.414,0.84,0.626,1.0,0.536,0.02
340,,0.304,0.17,0.404,0.83,0.616,0.99,0.526,0.01
341,,0.294,0.16,0.394,0.82,0.606,0.98,0.516,0.0
342,,0.284,0.15,0.384,0.81,0.596,0.97,0.506,-0.01
343,8,0.557,0.14,0.091,0.4,0.303,0.96,0.779,0.99
344,8,0.83,0.13,-0.202,-0.01,0.01,0.95,1.0,1.0
345,3,0.82,0.403,0.798,0.263,0.0,0.657,0.59,0.707
346,3,0.81,0.676,1.0,0.536,-0.01,0.364,0.18,0.414
347,5,0.4,0.383,0.99,0.809,0.99,0.637,0.17,0.121
348,5,-0.01,0.09,0.98,1.0,1.0,0.91,0.16,-0.172
349,8,0.263,0.08,0.687,0.59,0.707,0.9,0.433,0.828
350,8,0.536,0.07,0.394,0.18,0.414,0.89,0.706,1.0
351,,0.526,0.06,0.384,0.17,0.404,0.88,0.696,0.99
352,,0.516,0.05,0.374,0.16,0.394,0.87,0.686,0.98
353,,0.506,0.04,0.364,0.15,0.384,0.86,0.676,0.97
354,,0.496,0.03,0.354,0.14,0.374,0.85,0.666,0.96
355,,0.486,0.02,0.344,0.13,0.364,0.84,0.656,0.95
356,,0.476,0.01,0.334,0.12,0.354,0.83,0.646,0.94
357,,0.466,0.0,0.324,0.11,0.344,0.82,0.636,0.93
358,,0.456,-0.01,0.314,0.1,0.334,0.81,0.626,0.92
359,2,0.729,0.99,0.587,0.09,0.041,0.4,0.333,0.91
360,2,1.0,1.0,0.86,0.08,-0.252,-0.01,0.04,0.9
361,5,0.59,0.707,0.85,0.353,0.748,0.263,0.03,0.607
362,5,0.18,0.414,0.84,0.626,1.0,0.536,0.02,0.314
363,,0.17,0.404,0.83,0.616,0.99,0.526,0.01,0.304
364,,0.16,0.394,0.82,0.606,0.98,0.516,0.0,0.294
365,,0.15,0.384,0.81,0.596,0.97,0.506,-0.01,0.284
366,7,0.14,0.091,0.4,0.303,0.96,0.779,0.99,0.557
367,7,0.13,-0.202,-0.01,0.01,0.95,1.0,1.0,0.83
368,2,0.403,0.798,0.263,0.0,0.657,0.59,0.707,0.82
369,2,0.676,1.0,0.536,-0.01,0.364,0.18,0.414,0.81
370,4,0.383,0.99,0.809,0.99,0.637,0.17,0.121,0.4
371,4,0.09,0.98,1.0,1.0,0.91,0.16,-0.172,-0.01
372,7,0.08,0.687,0.59,0.707,0.9,0.433,0.828,0.263
373,7,0.07,0.394,0.18,0.414,0.89,0.706,1.0,0.536
374,,0.06,0.384,0.17,0.404,0.88,0.696,0.99,0.526
375,,0.05,0.374,0.16,0.394,0.87,0.686,0.98,0.516
376,,0.04,0.364,0.15,0.384,0.86,0.676,0.97,0.506
377,,0.03,0.354,0.14,0.374,0.85,0.666,0.96,0.496
378,,0.02,0.344,0.13,0.364,0.84,0.656,0.95,0.486
379,,0.01,0.334,0.12,0.354,0.83,0.646,0.94,0.476
380,,0.0,0.324,0.11,0.344,0.82,0.636,0.93,0.466
381,,-0.01,0.314,0.1,0.334,0.81,0.626,0.92,0.456
382,1,0.99,0.587,0.09,0.041,0.4,0.333,0.91,0.729
383,1,1.0,0.86,0.08,-0.252,-0.01,0.04,0.9,1.0
384,4,0.707,0.85,0.353,0.748,0.263,0.03,0.607,0.59
385,4,0.414,0.84,0.626,1.0,0.536,0.02,0.314,0.18
386,,0.404,0.83,0.616,0.99,0.526,0.01,0.304,0.17
387,,0.394,0.82,0.606,0.98,0.516,0.0,0.294,0.16
388,,0.384,0.81,0.596,0.97,0.506,-0.01,0.284,0.15
389,6,0.091,0.4,0.303,0.96,0.779,0.99,0.557,0.14
390,6,-0.202,-0.01,0.01,0.95,1.0,1.0,0.83,0.13
391,1,0.798,0.263,0.0,0.657,0.59,0.707,0.82,0.403
392,1,1.0,0.536,-0.01,0.364,0.18,0.414,0.81,0.676
393,3,0.99,0.809,0.99,0.637,0.17,0.121,0.4,0.383
394,3,0.98,1.0,1.0,0.91,0.16,-0.172,-0.01,0.09
395,6,0.687,0.59,0.707,0.9,0.433,0.828,0.263,0.08
396,6,0.394,0.18,0.414,0.89,0.706,1.0,0.536,0.07
397,,0.384,0.17,0.404,0.88,0.696,0.99,0.526,0.06
398,,0.374,0.16,0.394,0.87,0.686,0.98,0.516,0.05
399,,0.364,0.15,0.384,0.86,0.676,0.97,0.506,0.04
400,,0.354,0.14,0.374,0.85,0.666,0.96,0.496,0.03
401,,0.344,0.13,0.364,0.84,0.656,0.95,0.486,0.02
402,,0.334,0.12,0.354,0.83,0.646,0.94,0.476,0.01
403,,0.324,0.11,0.344,0.82,0.636,0.93,0.466,0.0
404,,0.314,0.1,0.334,0.81,0.626,0.92,0.456,-0.01
405,8,0.587,0.09,0.041,0.4,0.333,0.91,0.729,0.99
406,8,0.86,0.08,-0.252,-0.01,0.04,0.9,1.0,1.0
407,3,0.85,0.353,0.748,0.263,0.03,0.607,0.59,0.707
408,3,0.84,0.626,1.0,0.536,0.02,0.314,0.18,0.414
409,,0.83,0.616,0.99,0.526,0.01,0.304,0.17,0.404
410,,0.82,0.606,0.98,0.516,0.0,0.294,0.16,0.394
411,,0.81,0.596,0.97,0.506,-0.01,0.284,0.15,0.384
412,5,0.4,0.303,0.96,0.779,0.99,0.557,0.14,0.091
413,5,-0.01,0.01,0.95,1.0,1.0,0.83,0.13,-0.202
414,8,0.263,0.0,0.657,0.59,0.707,0.82,0.403,0.798
415,8,0.536,-0.01,0.364,0.18,0.414,0.81,0.676,1.0
416,2,0.809,0.99,0.637,0.17,0.121,0.4,0.383,0.99
417,2,1.0,1.0,0.91,0.16,-0.172,-0.01,0.09,0.98
418,5,0.59,0.707,0.9,0.433,0.828,0.263,0.08,0.687
419,5,0.18,0.414,0.89,0.706,1.0,0.536,0.07,0.394
420,,0.17,0.404,0.88,0.696,0.99,0.526,0.06,0.384
421,,0.16,0.394,0.87,0.686,0.98,0.516,0.05,0.374
422,,0.15,0.384,0.86,0.676,0.97,0.506,0.04,0.364
423,,0.14,0.374,0.85,0.666,0.96,0.496,0.03,0.354
424,,0.13,0.364,0.84,0.656,0.95,0.486,0.02,0.344
425,,0.12,0.354,0.83,0.646,0.94,0.476,0.01,0.334
426,,0.11,0.344,0.82,0.636,0.93,0.466,0.0,0.324
427,,0.1,0.334,0.81,0.626,0.92,0.456,-0.01,0.314
428,7,0.09,0.041,0.4,0.333,0.91,0.729,0.99,0.587
429,7,0.08,-0.252,-0.01,0.04,0.9,1.0,1.0,0.86
430,2,0.353,0.748,0.263,0.03,0.607,0.59,0.707,0.85
431,2,0.626,1.0,0.536,0.02,0.314,0.18,0.414,0.84
432,,0.616,0.99,0.526,0.01,0.304,0.17,0.404,0.83
433,,0.606,0.98,0.516,0.0,0.294,0.16,0.394,0.82
434,,0.596,0.97,0.506,-0.01,0.284,0.15,0.384,0.81
435,4,0.303,0.96,0.779,0.99,0.557,0.14,0.091,0.4
436,4,0.01,0.95,1.0,1.0,0.83,0.13,-0.202,-0.01
437,7,0.0,0.657,0.59,0.707,0.82,0.403,0.798,0.263
438,7,-0.01,0.364,0.18,0.414,0.81,0.676,1.0,0.536
439,1,0.99,0.637,0.17,0.121,0.4,0.383,0.99,0.809
440,1,1.0,0.91,0.16,-0.172,-0.01,0.09,0.98,1.0
441,4,0.707,0.9,0.433,0.828,0.263,0.08,0.687,0.59
442,4,0.414,0.89,0.706,1.0,0.536,0.07,0.394,0.18
443,,0.404,0.88,0.696,0.99,0.526,0.06,0.384,0.17
444,,0.394,0.87,0.686,0.98,0.516,0.05,0.374,0.16
445,,0.384,0.86,0.676,0.97,0.506,0.04,0.364,0.15
446,,0.374,0.85,0.666,0.96,0.496,0.03,0.354,0.14
447,,0.364,0.84,0.656,0.95,0.486,0.02,0.344,0.13
448,,0.354,0.83,0.646,0.94,0.476,0.01,0.334,0.12
449,,0.344,0.82,0.636,0.93,0.466,0.0,0.324,0.11
450,,0.334,0.81,0.626,0.92,0.456,-0.01,0.314,0.1
451,6,0.041,0.4,0.333,0.91,0.729,0.99,0.587,0.09
452,6,-0.252,-0.01,0.04,0.9,1.0,1.0,0.86,0.08
453,1,0.748,0.263,0.03,0.607,0.59,0.707,0.85,0.353
454,1,1.0,0.536,0.02,0.314,0.18,0.414,0.84,0.626
455,,0.99,0.526,0.01,0.304,0.17,0.404,0.83,0.616
456,,0.98,0.516,0.0,0.294,0.16,0.394,0.82,0.606
457,,0.97,0.506,-0.01,0.284,0.15,0.384,0.81,0.596
458,3,0.96,0.779,0.99,0.557,0.14,0.091,0.4,0.303
459,3,0.95,1.0,1.0,0.83,0.13,-0.202,-0.01,0.01
460,6,0.657,0.59,0.707,0.82,0.403,0.798,0.263,0.0
461,6,0.364,0.18,0.414,0.81,0.676,1.0,0.536,-0.01
462,8,0.637,0.17,0.121,0.4,0.383,0.99,0.809,0.99
463,8,0.91,0.16,-0.172,-0.01,0.09,0.98,1.0,1.0
464,3,0.9,0.433,0.828,0.263,0.08,0.687,0.59,0.707
465,3,0.89,0.706,1.0,0.536,0.07,0.394,0.18,0.414
466,,0.88,0.696,0.99,0.526,0.06,0.384,0.17,0.404
467,,0.87,0.686,0.98,0.516,0.05,0.374,0.16,0.394
468,,0.86,0.676,0.97,0.506,0.04,0.364,0.15,0.384
469,,0.85,0.666,0.96,0.496,0.03,0.354,0.14,0.374
470,,0.84,0.656,0.95,0.486,0.02,0.344,0.13,0.364
471,,0.83,0.646,0.94,0.476,0.01,0.334,0.12,0.354
472,,0.82,0.636,0.93,0.466,0.0,0.324,0.11,0.344
473,,0.81,0.626,0.92,0.456,-0.01,0.314,0.1,0.334
474,5,0.4,0.333,0.91,0.729,0.99,0.587,0.09,0.041
475,5,-0.01,0.04,0.9,1.0,1.0,0.86,0.08,-0.252
476,8,0.263,0.03,0.607,0.59,0.707,0.85,0.353,0.748
477,8,0.536,0.02,0.314,0.18,0.414,0.84,0.626,1.0
478,,0.526,0.01,0.304,0.17,0.404,0.83,0.616,0.99
479,,0.516,0.0,0.294,0.16,0.394,0.82,0.606,0.98
480,,0.506,-0.01,0.284,0.15,0.384,0.81,0.596,0.97
481,2,0.779,0.99,0.557,0.14,0.091,0.4,0.303,0.96
482,2,1.0,1.0,0.83,0.13,-0.202,-0.01,0.01,0.95
483,5,0.59,0.707,0.82,0.403,0.798,0.263,0.0,0.657
484,5,0.18,0.414,0.81,0.676,1.0,0.536,-0.01,0.364
485,7,0.17,0.121,0.4,0.383,0.99,0.809,0.99,0.637
486,7,0.16,-0.172,-0.01,0.09,0.98,1.0,1.0,0.91
487,2,0.433,0.828,0.263,0.08,0.687,0.59,0.707,0.9
488,2,0.706,1.0,0.536,0.07,0.394,0.18,0.414,0.89
489,,0.696,0.99,0.526,0.06,0.384,0.17,0.404,0.88
490,,0.686,0.98,0.516,0.05,0.374,0.16,0.394,0.87
491,,0.676,0.97,0.506,0.04,0.364,0.15,0.384,0.86
492,,0.666,0.96,0.496,0.03,0.354,0.14,0.374,0.85
493,,0.656,0.95,0.486,0.02,0.344,0.13,0.364,0.84
494,,0.646,0.94,0.476,0.01,0.334,0.12,0.354,0.83
495,,0.636,0.93,0.466,0.0,0.324,0.11,0.344,0.82
496,,0.626,0.92,0.456,-0.01,0.314,0.1,0.334,0.81
497,4,0.333,0.91,0.729,0.99,0.587,0.09,0.041,0.4
498,4,0.04,0.9,1.0,1.0,0.86,0.08,-0.252,-0.01
499,7,0.03,0.607,0.59,0.707,0.85,0.353,0.748,0.263
500,7,0.02,0.314,0.18,0.414,0.84,0.626,1.0,0.536
501,,0.01,0.304,0.17,0.404,0.83,0.616,0.99,0.526
502,,0.0,0.294,0.16,0.394,0.82,0.606,0.98,0.516
503,,-0.01,0.284,0.15,0.384,0.81,0.596,0.97,0.506
504,1,0.99,0.557,0.14,0.091,0.4,0.303,0.96,0.779
505,1,1.0,0.83,0.13,-0.202,-0.01,0.01,0.95,1.0
506,4,0.707,0.82,0.403,0.798,0.263,0.0,0.657,0.59
507,4,0.414,0.81,0.676,1.0,0.536,-0.01,0.364,0.18
508,6,0.121,0.4,0.383,0.99,0.809,0.99,0.637,0.17
509,6,-0.172,-0.01,0.09,0.98,1.0,1.0,0.91,0.16
510,1,0.828,0.263,0.08,0.687,0.59,0.707,0.9,0.433
511,1,1.0,0.536,0.07,0.394,0.18,0.414,0.89,0.706
512,,0.99,0.526,0.06,0.384,0.17,0.404,0.88,0.696
513,,0.98,0.516,0.05,0.374,0.16,0.394,0.87,0.686
514,,0.97,0.506,0.04,0.364,0.15,0.384,0.86,0.676
515,,0.96,0.496,0.03,0.354,0.14,0.374,0.85,0.666
516,,0.95,0.486,0.02,0.344,0.13,0.364,0.84,0.656
517,,0.94,0.476,0.01,0.334,0.12,0.354,0.83,0.646
518,,0.93,0.466,0.0,0.324,0.11,0.344,0.82,0.636
519,,0.92,0.456,-0.01,0.314,0.1,0.334,0.81,0.626
520,3,0.91,0.729,0.99,0.587,0.09,0.041,0.4,0.333
521,3,0.9,1.0,1.0,0.86,0.08,-0.252,-0.01,0.04
522,6,0.607,0.59,0.707,0.85,0.353,0.748,0.263,0.03
523,6,0.314,0.18,0.414,0.84,0.626,1.0,0.536,0.02
524,,0.304,0.17,0.404,0.83,0.616,0.99,0.526,0.01
525,,0.294,0.16,0.394,0.82,0.606,0.98,0.516,0.0
526,,0.284,0.15,0.384,0.81,0.596,0.97,0.506,-0.01
527,8,0.557,0.14,0.091,0.4,0.303,0.96,0.779,0.99
528,8,0.83,0.13,-0.202,-0.01,0.01,0.95,1.0,1.0
529,3,0.82,0.403,0.798,0.263,0.0,0.657,0.59,0.707
530,3,0.81,0.676,1.0,0.536,-0.01,0.364,0.18,0.414
531,5,0.4,0.383,0.99,0.809,0.99,0.637,0.17,0.121
532,5,-0.01,0.09,0.98,1.0,1.0,0.91,0.16,-0.172
533,8,0.263,0.08,0.687,0.59,0.707,0.9,0.433,0.828
534,8,0.536,0.07,0.394,0.18,0.414,0.89,0.706,1.0
535,,0.526,0.06,0.384,0.17,0.404,0.88,0.696,0.99
536,,0.516,0.05,0.374,0.16,0.394,0.87,0.686,0.98
537,,0.506,0.04,0.364,0.15,0.384,0.86,0.676,0.97
538,,0.496,0.03,0.354,0.14,0.374,0.85,0.666,0.96
539,,0.486,0.02,0.344,0.13,0.364,0.84,0.656,0.95
540,,0.476,0.01,0.334,0.12,0.354,0.83,0.646,0.94
541,,0.466,0.0,0.324,0.11,0.344,0.82,0.636,0.93
542,,0.456,-0.01,0.314,0.1,0.334,0.81,0.626,0.92
543,2,0.729,0.99,0.587,0.09,0.041,0.4,0.333,0.91
544,2,1.0,1.0,0.86,0.08,-0.252,-0.01,0.04,0.9
545,5,0.59,0.707,0.85,0.353,0.748,0.263,0.03,0.607
546,5,0.18,0.414,0.84,0.626,1.0,0.536,0.02,0.314
547,,0.17,0.404,0.83,0.616,0.99,0.526,0.01,0.304
548,,0.16,0.394,0.82,0.606,0.98,0.516,0.0,0.294
549,,0.15,0.384,0.81,0.596,0.97,0.506,-0.01,0.284
550,7,0.14,0.091,0.4,0.303,0.96,0.779,0.99,0.557
551,7,0.13,-0.202,-0.01,0.01,0.95,1.0,1.0,0.83
552,2,0.403,0.798,0.263,0.0,0.657,0.59,0.707,0.82
553,2,0.676,1.0,0.536,-0.01,0.364,0.18,0.414,0.81
554,4,0.383,0.99,0.809,0.99,0.637,0.17,0.121,0.4
555,4,0.09,0.98,1.0,1.0,0.91,0.16,-0.172,-0.01
556,7,0.08,0.687,0.59,0.707,0.9,0.433,0.828,0.263
557,7,0.07,0.394,0.18,0.414,0.89,0.706,1.0,0.536
558,,0.06,0.384,0.17,0.404,0.88,0.696,0.99,0.526
559,,0.05,0.374,0.16,0.394,0.87,0.686,0.98,0.516
560,,0.04,0.364,0.15,0.384,0.86,0.676,0.97,0.506
561,,0.03,0.354,0.14,0.374,0.85,0.666,0.96,0.496
562,,0.02,0.344,0.13,0.364,0.84,0.656,0.95,0.486
563,,0.01,0.334,0.12,0.354,0.83,0.646,0.94,0.476
564,,0.0,0.324,0.11,0.344,0.82,0.636,0.93,0.466
565,,-0.01,0.314,0.1,0.334,0.81,0.626,0.92,0.456
566,1,0.99,0.587,0.09,0.041,0.4,0.333,0.91,0.729
567,1,1.0,0.86,0.08,-0.252,-0.01,0.04,0.9,1.0
568,4,0.707,0.85,0.353,0.748,0.263,0.03,0.607,0.59
569,4,0.414,0.84,0.626,1.0,0.536,0.02,0.314,0.18
570,,0.404,0.83,0.616,0.99,0.526,0.01,0.304,0.17
571,,0.394,0.82,0.606,0.98,0.516,0.0,0.294,0.16
572,,0.384,0.81,0.596,0.97,0.506,-0.01,0.284,0.15
573,6,0.091,0.4,0.303,0.96,0.779,0.99,0.557,0.14
574,6,-0.202,-0.01,0.01,0.95,1.0,1.0,0.83,0.13
575,1,0.798,0.263,0.0,0.657,0.59,0.707,0.82,0.403
576,1,1.0,0.536,-0.01,0.364,0.18,0.414,0.81,0.676
577,3,0.99,0.809,0.99,0.637,0.17,0.121,0.4,0.383
578,3,0.98,1.0,1.0,0.91,0.16,-0.172,-0.01,0.09
579,6,0.687,0.59,0.707,0.9,0.433,0.828,0.263,0.08
580,6,0.394,0.18,0.414,0.89,0.706,1.0,0.536,0.07
581,,0.384,0.17,0.404,0.88,0.696,0.99,0.526,0.06
582,,0.374,0.16,0.394,0.87,0.686,0.98,0.516,0.05
583,,0.364,0.15,0.384,0.86,0.676,0.97,0.506,0.04
584,,0.354,0.14,0.374,0.85,0.666,0.96,0.496,0.03
585,,0.344,0.13,0.364,0.84,0.656,0.95,0.486,0.02
586,,0.334,0.12,0.354,0.83,0.646,0.94,0.476,0.01
587,,0.324,0.11,0.344,0.82,0.636,0.93,0.466,0.0
588,,0.314,0.1,0.334,0.81,0.626,0.92,0.456,-0.01
589,8,0.587,0.09,0.041,0.4,0.333,0.91,0.729,0.99
590,8,0.86,0.08,-0.252,-0.01,0.04,0.9,1.0,1.0
591,3,0.85,0.353,0.748,0.263,0.03,0.607,0.59,0.707
592,3,0.84,0.626,1.0,0.536,0.02,0.314,0.18,0.414
593,,0.83,0.616,0.99,0.526,0.01,0.304,0.17,0.404
594,,0.82,0.606,0.98,0.516,0.0,0.294,0.16,0.394
595,,0.81,0.596,0.97,0.506,-0.01,0.284,0.15,0.384
596,5,0.4,0.303,0.96,0.779,0.99,0.557,0.14,0.091
597,5,-0.01,0.01,0.95,1.0,1.0,0.83,0.13,-0.202
598,8,0.263,0.0,0.657,0.59,0.707,0.82,0.403,0.798
599,8,0.536,-0.01,0.364,0.18,0.414,0.81,0.676,1.0
600,2,0.809,0.99,0.637,0.17,0.121,0.4,0.383,0.99
601,2,1.0,1.0,0.91,0.16,-0.172,-0.01,0.09,0.98
602,5,0.59,0.707,0.9,0.433,0.828,0.263,0.08,0.687
603,5,0.18,0.414,0.89,0.706,1.0,0.536,0.07,0.394
604,,0.17,0.404,0.88,0.696,0.99,0.526,0.06,0.384
605,,0.16,0.394,0.87,0.686,0.98,0.516,0.05,0.374
606,,0.15,0.384,0.86,0.676,0.97,0.506,0.04,0.364
607,,0.14,0.374,0.85,0.666,0.96,0.496,0.03,0.354
608,,0.13,0.364,0.84,0.656,0.95,0.486,0.02,0.344
609,,0.12,0.354,0.83,0.646,0.94,0.476,0.01,0.334
610,,0.11,0.344,0.82,0.636,0.93,0.466,0.0,0.324
611,,0.1,0.334,0.81,0.626,0.92,0.456,-0.01,0.314
612,7,0.09,0.041,0.4,0.333,0.91,0.729,0.99,0.587
613,7,0.08,-0.252,-0.01,0.04,0.9,1.0,1.0,0.86
614,2,0.353,0.748,0.263,0.03,0.607,0.59,0.707,0.85
615,2,0.626,1.0,0.536,0.02,0.314,0.18,0.414,0.84
616,,0.616,0.99,0.526,0.01,0.304,0.17,0.404,0.83
617,,0.606,0.98,0.516,0.0,0.294,0.16,0.394,0.82
618,,0.596,0.97,0.506,-0.01,0.284,0.15,0.384,0.81
619,4,0.303,0.96,0.779,0.99,0.557,0.14,0.091,0.4
620,4,0.01,0.95,1.0,1.0,0.83,0.13,-0.202,-0.01
621,7,0.0,0.657,0.59,0.707,0.82,0.403,0.798,0.263
622,7,-0.01,0.364,0.18,0.414,0.81,0.676,1.0,0.536
623,1,0.99,0.637,0.17,0.121,0.4,0.383,0.99,0.809
624,1,1.0,0.91,0.16,-0.172,-0.01,0.09,0.98,1.0
625,4,0.707,0.9,0.433,0.828,0.263,0.08,0.687,0.59
626,4,0.414,0.89,0.706,1.0,0.536,0.07,0.394,0.18
627,,0.404,0.88,0.696,0.99,0.526,0.06,0.384,0.17
628,,0.394,0.87,0.686,0.98,0.516,0.05,0.374,0.16
629,,0.384,0.86,0.676,0.97,0.506,0.04,0.364,0.15
630,,0.374,0.85,0.666,0.96,0.496,0.03,0.354,0.14
631,,0.364,0.84,0.656,0.95,0.486,0.02,0.344,0.13
632,,0.354,0.83,0.646,0.94,0.476,0.01,0.334,0.12
633,,0.344,0.82,0.636,0.93,0.466,0.0,0.324,0.11
634,,0.334,0.81,0.626,0.92,0.456,-0.01,0.314,0.1
635,6,0.041,0.4,0.333,0.91,0.729,0.99,0.587,0.09
636,6,-0.252,-0.01,0.04,0.9,1.0,1.0,0.86,0.08
637,1,0.748,0.263,0.03,0.607,0.59,0.707,0.85,0.353
638,1,1.0,0.536,0.02,0.314,0.18,0.414,0.84,0.626
639,,0.99,0.526,0.01,0.304,0.17,0.404,0.83,0.616
640,,0.98,0.516,0.0,0.294,0.16,0.394,0.82,0.606
641,,0.97,0.506,-0.01,0.284,0.15,0.384,0.81,0.596
642,3,0.96,0.779,0.99,0.557,0.14,0.091,0.4,0.303
643,3,0.95,1.0,1.0,0.83,0.13,-0.202,-0.01,0.01
644,6,0.657,0.59,0.707,0.82,0.403,0.798,0.263,0.0
645,6,0.364,0.18,0.414,0.81,0.676,1.0,0.536,-0.01
646,8,0.637,0.17,0.121,0.4,0.383,0.99,0.809,0.99
647,8,0.91,0.16,-0.172,-0.01,0.09,0.98,1.0,1.0
648,3,0.9,0.433,0.828,0.263,0.08,0.687,0.59,0.707
649,3,0.89,0.706,1.0,0.536,0.07,0.394,0.18,0.414
650,,0.88,0.696,0.99,0.526,0.06,0.384,0.17,0.404
651,,0.87,0.686,0.98,0.516,0.05,0.374,0.16,0.394
652,,0.86,0.676,0.97,0.506,0.04,0.364,0.15,0.384
653,,0.85,0.666,0.96,0.496,0.03,0.354,0.14,0.374
654,,0.84,0.656,0.95,0.486,0.02,0.344,0.13,0.364
655,,0.83,0.646,0.94,0.476,0.01,0.334,0.12,0.354
656,,0.82,0.636,0.93,0.466,0.0,0.324,0.11,0.344
657,,0.81,0.626,0.92,0.456,-0.01,0.314,0.1,0.334
658,5,0.4,0.333,0.91,0.729,0.99,0.587,0.09,0.041
659,5,-0.01,0.04,0.9,1.0,1.0,0.86,0.08,-0.252
660,8,0.263,0.03,0.607,0.59,0.707,0.85,0.353,0.748
661,8,0.536,0.02,0.314,0.18,0.414,0.84,0.626,1.0
662,,0.526,0.01,0.304,0.17,0.404,0.83,0.616,0.99
663,,0.516,0.0,0.294,0.16,0.394,0.82,0.606,0.98
664,,0.506,-0.01,0.284,0.15,0.384,0.81,0.596,0.97
665,2,0.779,0.99,0.557,0.14,0.091,0.4,0.303,0.96
666,2,1.0,1.0,0.83,0.13,-0.202,-0.01,0.01,0.95
667,5,0.59,0.707,0.82,0.403,0.798,0.263,0.0,0.657
668,5,0.18,0.414,0.81,0.676,1.0,0.536,-0.01,0.364
669,7,0.17,0.121,0.4,0.383,0.99,0.809,0.99,0.637
670,7,0.16,-0.172,-0.01,0.09,0.98,1.0,1.0,0.91
671,2,0.433,0.828,0.263,0.08,0.687,0.59,0.707,0.9
672,2,0.706,1.0,0.536,0.07,0.394,0.18,0.414,0.89
673,,0.696,0.99,0.526,0.06,0.384,0.17,0.404,0.88
674,,0.686,0.98,0.516,0.05,0.374,0.16,0.394,0.87
675,,0.676,0.97,0.506,0.04,0.364,0.15,0.384,0.86
676,,0.666,0.96,0.496,0.03,0.354,0.14,0.374,0.85
677,,0.656,0.95,0.486,0.02,0.344,0.13,0.364,0.84
678,,0.646,0.94,0.476,0.01,0.334,0.12,0.354,0.83
679,,0.636,0.93,0.466,0.0,0.324,0.11,0.344,0.82
680,,0.626,0.92,0.456,-0.01,0.314,0.1,0.334,0.81
681,4,0.333,0.91,0.729,0.99,0.587,0.09,0.041,0.4
682,4,0.04,0.9,1.0,1.0,0.86,0.08,-0.252,-0.01
683,7,0.03,0.607,0.59,0.707,0.85,0.353,0.748,0.263
684,7,0.02,0.314,0.18,0.414,0.84,0.626,1.0,0.536
685,,0.01,0.304,0.17,0.404,0.83,0.616,0.99,0.526
686,,0.0,0.294,0.16,0.394,0.82,0.606,0.98,0.516
687,,-0.01,0.284,0.15,0.384,0.81,0.596,0.97,0.506
688,1,0.99,0.557,0.14,0.091,0.4,0.303,0.96,0.779
689,1,1.0,0.83,0.13,-0.202,-0.01,0.01,0.95,1.0
690,4,0.707,0.82,0.403,0.798,0.263,0.0,0.657,0.59
691,4,0.414,0.81,0.676,1.0,0.536,-0.01,0.364,0.18
692,6,0.121,0.4,0.383,0.99,0.809,0.99,0.637,0.17
693,6,-0.172,-0.01,0.09,0.98,1.0,1.0,0.91,0.16
694,1,0.828,0.263,0.08,0.687,0.59,0.707,0.9,0.433
695,1,1.0,0.536,0.07,0.394,0.18,0.414,0.89,0.706
696,,0.99,0.526,0.06,0.384,0.17,0.404,0.88,0.696
697,,0.98,0.516,0.05,0.374,0.16,0.394,0.87,0.686
698,,0.97,0.506,0.04,0.364,0.15,0.384,0.86,0.676
699,,0.96,0.496,0.03,0.354,0.14,0.374,0.85,0.666
700,,0.95,0.486,0.02,0.344,0.13,0.364,0.84,0.656
701,,0.94,0.476,0.01,0.334,0.12,0.354,0.83,0.646
702,,0.93,0.466,0.0,0.324,0.11,0.344,0.82,0.636
703,,0.92,0.456,-0.01,0.314,0.1,0.334,0.81,0.626
704,3,0.91,0.729,0.99,0.587,0.09,0.041,0.4,0.333
705,3,0.9,1.0,1.0,0.86,0.08,-0.252,-0.01,0.04
706,6,0.607,0.59,0.707,0.85,0.353,0.748,0.263,0.03
707,6,0.314,0.18,0.414,0.84,0.626,1.0,0.536,0.02
708,,0.304,0.17,0.404,0.83,0.616,0.99,0.526,0.01
709,,0.294,0.16,0.394,0.82,0.606,0.98,0.516,0.0
710,,0.284,0.15,0.384,0.81,0.596,0.97,0.506,-0.01
711,8,0.557,0.14,0.091,0.4,0.303,0.96,0.779,0.99
712,8,0.83,0.13,-0.202,-0.01,0.01,0.95,1.0,1.0
713,3,0.82,0.403,0.798,0.263,0.0,0.657,0.59,0.707
714,3,0.81,0.676,1.0,0.536,-0.01,0.364,0.18,0.414
715,5,0.4,0.383,0.99,0.809,0.99,0.637,0.17,0.121
716,5,-0.01,0.09,0.98,1.0,1.0,0.91,0.16,-0.172
717,8,0.263,0.08,0.687,0.59,0.707,0.9,0.433,0.828
718,8,0.536,0.07,0.394,0.18,0.414,0.89,0.706,1.0
719,,0.526,0.06,0.384,0.17,0.404,0.88,0.696,0.99
720,,0.516,0.05,0.374,0.16,0.394,0.87,0.686,0.98
721,,0.506,0.04,0.364,0.15,0.384,0.86,0.676,0.97
722,,0.496,0.03,0.354,0.14,0.374,0.85,0.666,0.96
723,,0.486,0.02,0.344,0.13,0.364,0.84,0.656,0.95
724,,0.476,0.01,0.334,0.12,0.354,0.83,0.646,0.94
725,,0.466,0.0,0.324,0.11,0.344,0.82,0.636,0.93
726,,0.456,-0.01,0.314,0.1,0.334,0.81,0.626,0.92
727,2,0.729,0.99,0.587,0.09,0.041,0.4,0.333,0.91
728,2,1.0,1.0,0.86,0.08,-0.252,-0.01,0.04,0.9
729,5,0.59,0.707,0.85,0.353,0.748,0.263,0.03,0.607
730,5,0.18,0.414,0.84,0.626,1.0,0.536,0.02,0.314
731,,0.17,0.404,0.83,0.616,0.99,0.526,0.01,0.304
732,,0.16,0.394,0.82,0.606,0.98,0.516,0.0,0.294
733,,0.15,0.384,0.81,0.596,0.97,0.506,-0.01,0.284
734,7,0.14,0.091,0.4,0.303,0.96,0.779,0.99,0.557
735,7,0.13,-0.202,-0.01,0.01,0.95,1.0,1.0,0.83
736,2,0.403,0.798,0.263,0.0,0.657,0.59,0.707,0.82
737,2,0.676,1.0,0.536,-0.01,0.364,0.18,0.414,0.81
738,4,0.383,0.99,0.809,0.99,0.637,0.17,0.121,0.4
739,4,0.09,0.98,1.0,1.0,0.91,0.16,-0.172,-0.01
740,7,0.08,0.687,0.59,0.707,0.9,0.433,0.828,0.263
741,7,0.07,0.394,0.18,0.414,0.89,0.706,1.0,0.536
742,,0.06,0.384,0.17,0.404,0.88,0.696,0.99,0.526
743,,0.05,0.374,0.16,0.394,0.87,0.686,0.98,0.516
744,,0.04,0.364,0.15,0.384,0.86,0.676,0.97,0.506
745,,0.03,0.354,0.14,0.374,0.85,0.666,0.96,0.496
746,,0.02,0.344,0.13,0.364,0.84,0.656,0.95,0.486
747,,0.01,0.334,0.12,0.354,0.83,0.646,0.94,0.476
748,,0.0,0.324,0.11,0.344,0.82,0.636,0.93,0.466
749,,-0.01,0.314,0.1,0.334,0.81,0.626,0.92,0.456
750,1,0.99,0.587,0.09,0.041,0.4,0.333,0.91,0.729
751,1,1.0,0.86,0.08,-0.252,-0.01,0.04,0.9,1.0
752,4,0.707,0.85,0.353,0.748,0.263,0.03,0.607,0.59
753,4,0.414,0.84,0.626,1.0,0.536,0.02,0.314,0.18
754,,0.404,0.83,0.616,0.99,0.526,0.01,0.304,0.17
755,,0.394,0.82,0.606,0.98,0.516,0.0,0.294,0.16
756,,0.384,0.81,0.596,0.97,0.506,-0.01,0.284,0.15
757,6,0.091,0.4,0.303,0.96,0.779,0.99,0.557,0.14
758,6,-0.202,-0.01,0.01,0.95,1.0,1.0,0.83,0.13
759,1,0.798,0.263,0.0,0.657,0.59,0.707,0.82,0.403
760,1,1.0,0.536,-0.01,0.364,0.18,0.414,0.81,0.676
761,3,0.99,0.809,0.99,0.637,0.17,0.121,0.4,0.383
762,3,0.98,1.0,1.0,0.91,0.16,-0.172,-0.01,0.09
763,6,0.687,0.59,0.707,0.9,0.433,0.828,0.263,0.08
764,6,0.394,0.18,0.414,0.89,0.706,1.0,0.536,0.07
765,,0.384,0.17,0.404,0.88,0.696,0.99,0.526,0.06
766,,0.374,0.16,0.394,0.87,0.686,0.98,0.516,0.05
767,,0.364,0.15,0.384,0.86,0.676,0.97,0.506,0.04
768,,0.354,0.14,0.374,0.85,0.666,0.96,0.496,0.03
769,,0.344,0.13,0.364,0.84,0.656,0.95,0.486,0.02
770,,0.334,0.12,0.354,0.83,0.646,0.94,0.476,0.01
771,,0.324,0.11,0.344,0.82,0.636,0.93,0.466,0.0
772,,0.314,0.1,0.334,0.81,0.626,0.92,0.456,-0.01
773,8,0.587,0.09,0.041,0.4,0.333,0.91,0.729,0.99
774,8,0.86,0.08,-0.252,-0.01,0.04,0.9,1.0,1.0
775,3,0.85,0.353,0.748,0.263,0.03,0.607,0.59,0.707
776,3,0.84,0.626,1.0,0.536,0.02,0.314,0.18,0.414
777,,0.83,0.616,0.99,0.526,0.01,0.304,0.17,0.404
778,,0.82,0.606,0.98,0.516,0.0,0.294,0.16,0.394
779,,0.81,0.596,0.97,0.506,-0.01,0.284,0.15,0.384
780,5,0.4,0.303,0.96,0.779,0.99,0.557,0.14,0.091
781,5,-0.01,0.01,0.95,1.0,1.0,0.83,0.13,-0.202
782,8,0.263,0.0,0.657,0.59,0.707,0.82,0.403,0.798
783,8,0.536,-0.01,0.364,0.18,0.414,0.81,0.676,1.0
784,2,0.809,0.99,0.637,0.17,0.121,0.4,0.383,0.99
785,2,1.0,1.0,0.91,0.16,-0.172,-0.01,0.09,0.98
786,5,0.59,0.707,0.9,0.433,0.828,0.263,0.08,0.687
787,5,0.18,0.414,0.89,0.706,1.0,0.536,0.07,0.394
788,,0.17,0.404,0.88,0.696,0.99,0.526,0.06,0.384
789,,0.16,0.394,0.87,0.686,0.98,0.516,0.05,0.374
790,,0.15,0.384,0.86,0.676,0.97,0.506,0.04,0.364
791,,0.14,0.374,0.85,0.666,0.96,0.496,0.03,0.354
792,,0.13,0.364,0.84,0.656,0.95,0.486,0.02,0.344
793,,0.12,0.354,0.83,0.646,0.94,0.476,0.01,0.334
794,,0.11,0.344,0.82,0.636,0.93,0.466,0.0,0.324
795,,0.1,0.334,0.81,0.626,0.92,0.456,-0.01,0.314
796,7,0.09,0.041,0.4,0.333,0.91,0.729,0.99,0.587
797,7,0.08,-0.252,-0.01,0.04,0.9,1.0,1.0,0.86
798,2,0.353,0.748,0.263,0.03,0.607,0.59,0.707,0.85
799,2,0.626,1.0,0.536,0.02,0.314,0.18,0.414,0.84
800,,0.616,0.99,0.526,0.01,0.304,0.17,0.404,0.83
801,,0.606,0.98,0.516,0.0,0.294,0.16,0.394,0.82
802,,0.596,0.97,0.506,-0.01,0.284,0.15,0.384,0.81
803,4,0.303,0.96,0.779,0.99,0.557,0.14,0.091,0.4
804,4,0.01,0.95,1.0,1.0,0.83,0.13,-0.202,-0.01
805,7,0.0,0.657,0.59,0.707,0.82,0.403,0.798,0.263
806,7,-0.01,0.364,0.18,0.414,0.81,0.676,1.0,0.536
807,1,0.99,0.637,0.17,0.121,0.4,0.383,0.99,0.809
808,1,1.0,0.91,0.16,-0.172,-0.01,0.09,0.98,1.0
809,4,0.707,0.9,0.433,0.828,0.263,0.08,0.687,0.59
810,4,0.414,0.89,0.706,1.0,0.536,0.07,0.394,0.18
811,,0.404,0.88,0.696,0.99,0.526,0.06,0.384,0.17
