step,active_motive,motive_1,motive_2,motive_3,motive_4,motive_5,motive_6,motive_7,motive_8
0,,0.06509,0.00564,0.0722,0.09386,8e-05,0.09922,0.06175,0.06117
1,,0.05509,-0.00436,0.0622,0.08386,-0.00992,0.08922,0.05175,0.05117
2,5,-0.35491,-0.29736,0.0522,0.35686,0.99008,0.36222,0.04175,-0.24183
3,5,-0.76491,-0.59036,0.0422,0.62986,1.0,0.63522,0.03175,-0.53483
4,1,0.23509,-0.31736,0.0322,0.33686,0.59,0.34222,0.02175,-0.26183
5,1,1.0,-0.04436,0.0222,0.04386,0.18,0.04922,0.01175,0.01117
6,2,1.0,0.95564,0.2952,0.03386,-0.113,-0.36078,-0.28125,0.00117
7,2,1.0,1.0,0.5682,0.02386,-0.406,-0.77078,-0.57425,-0.00883
8,6,0.707,0.59,0.2752,0.01386,-0.133,0.22922,-0.30125,-0.01883
9,6,0.414,0.18,-0.0178,0.00386,0.14,1.0,-0.02825,-0.02883
10,8,0.687,0.17,-0.3108,-0.40614,-0.153,0.99,0.24475,0.97117
11,8,0.96,0.16,-0.6038,-0.81614,-0.446,0.98,0.51775,1.0
12,4,0.667,0.15,-0.3308,0.18386,-0.173,0.97,0.22475,0.59
13,4,0.374,0.14,-0.0578,1.0,0.1,0.96,-0.06825,0.18
14,7,0.364,-0.153,-0.4678,0.707,0.09,1.0,0.93175,0.453
15,7,0.354,-0.446,-0.8778,0.414,0.08,1.0,1.0,0.726
16,3,0.344,-0.173,0.1222,0.687,0.07,0.707,0.59,0.433
17,3,0.334,0.1,1.0,0.96,0.06,0.414,0.18,0.14
18,,0.324,0.09,0.99,0.95,0.05,0.404,0.17,0.13
19,,0.314,0.08,0.98,0.94,0.04,0.394,0.16,0.12
20,,0.304,0.07,0.97,0.93,0.03,0.384,0.15,0.11
21,,0.294,0.06,0.96,0.92,0.02,0.374,0.14,0.1
22,,0.284,0.05,0.95,0.91,0.01,0.364,0.13,0.09
23,,0.274,0.04,0.94,0.9,0.0,0.354,0.12,0.08
24,,0.264,0.03,0.93,0.89,-0.01,0.344,0.11,0.07
25,5,-0.146,-0.263,0.92,1.0,0.99,0.617,0.1,-0.223
26,5,-0.556,-0.556,0.91,1.0,1.0,0.89,0.09,-0.516
27,1,0.444,-0.283,0.9,0.707,0.59,0.597,0.08,-0.243
28,1,1.0,-0.01,0.89,0.414,0.18,0.304,0.07,0.03
29,2,1.0,0.99,1.0,0.404,-0.113,-0.106,-0.223,0.02
30,2,1.0,1.0,1.0,0.394,-0.406,-0.516,-0.516,0.01
31,7,0.99,0.707,0.59,0.101,-0.416,-0.243,0.484,0.283
32,7,0.98,0.414,0.18,-0.192,-0.426,0.03,1.0,0.556
33,5,0.57,0.121,0.17,0.081,0.574,0.303,0.99,0.263
34,5,0.16,-0.172,0.16,0.354,1.0,0.576,0.98,-0.03
35,2,0.433,0.828,0.433,0.344,0.707,0.166,0.687,-0.04
36,2,0.706,1.0,0.706,0.334,0.414,-0.244,0.394,-0.05
37,6,0.413,0.59,0.413,0.324,0.687,0.756,0.667,-0.06
38,6,0.12,0.18,0.12,0.314,0.96,1.0,0.94,-0.07
39,8,0.393,0.17,-0.173,-0.096,0.667,0.99,1.0,0.93
40,8,0.666,0.16,-0.466,-0.506,0.374,0.98,1.0,1.0
41,4,0.373,0.15,-0.193,0.494,0.647,0.97,0.707,0.59
42,4,0.08,0.14,0.08,1.0,0.92,0.96,0.414,0.18
43,,0.07,0.13,0.07,0.99,0.91,0.95,0.404,0.17
44,,0.06,0.12,0.06,0.98,0.9,0.94,0.394,0.16
45,,0.05,0.11,0.05,0.97,0.89,0.93,0.384,0.15
46,,0.04,0.1,0.04,0.96,0.88,0.92,0.374,0.14
47,,0.03,0.09,0.03,0.95,0.87,0.91,0.364,0.13
48,,0.02,0.08,0.02,0.94,0.86,0.9,0.354,0.12
49,,0.01,0.07,0.01,0.93,0.85,0.89,0.344,0.11
50,,0.0,0.06,0.0,0.92,0.84,0.88,0.334,0.1
51,,-0.01,0.05,-0.01,0.91,0.83,0.87,0.324,0.09
52,1,0.99,0.323,-0.02,0.617,0.42,0.577,0.314,0.363
53,1,1.0,0.596,-0.03,0.324,0.01,0.284,0.304,0.636
54,3,0.99,0.869,0.97,0.597,0.0,-0.009,-0.106,0.343
55,3,0.98,1.0,1.0,0.87,-0.01,-0.302,-0.516,0.05
56,7,0.97,0.707,0.59,0.577,-0.02,-0.029,0.484,0.323
57,7,0.96,0.414,0.18,0.284,-0.03,0.244,1.0,0.596
58,5,0.55,0.121,0.17,0.557,0.97,0.517,0.99,0.303
59,5,0.14,-0.172,0.16,0.83,1.0,0.79,0.98,0.01
60,2,0.413,0.828,0.433,0.82,0.707,0.38,0.687,0.0
61,2,0.686,1.0,0.706,0.81,0.414,-0.03,0.394,-0.01
62,6,0.393,0.59,0.413,0.8,0.687,0.97,0.667,-0.02
63,6,0.1,0.18,0.12,0.79,0.96,1.0,0.94,-0.03
64,8,0.373,0.17,-0.173,0.38,0.667,0.99,1.0,0.97
65,8,0.646,0.16,-0.466,-0.03,0.374,0.98,1.0,1.0
66,3,0.636,0.433,0.534,0.243,0.364,0.687,0.59,0.707
67,3,0.626,0.706,1.0,0.516,0.354,0.394,0.18,0.414
68,,0.616,0.696,0.99,0.506,0.344,0.384,0.17,0.404
69,,0.606,0.686,0.98,0.496,0.334,0.374,0.16,0.394
70,,0.596,0.676,0.97,0.486,0.324,0.364,0.15,0.384
71,,0.586,0.666,0.96,0.476,0.314,0.354,0.14,0.374
72,,0.576,0.656,0.95,0.466,0.304,0.344,0.13,0.364
73,,0.566,0.646,0.94,0.456,0.294,0.334,0.12,0.354
74,,0.556,0.636,0.93,0.446,0.284,0.324,0.11,0.344
75,,0.546,0.626,0.92,0.436,0.274,0.314,0.1,0.334
76,,0.536,0.616,0.91,0.426,0.264,0.304,0.09,0.324
77,,0.526,0.606,0.9,0.416,0.254,0.294,0.08,0.314
78,,0.516,0.596,0.89,0.406,0.244,0.284,0.07,0.304
79,,0.506,0.586,0.88,0.396,0.234,0.274,0.06,0.294
80,,0.496,0.576,0.87,0.386,0.224,0.264,0.05,0.284
81,,0.486,0.566,0.86,0.376,0.214,0.254,0.04,0.274
82,,0.476,0.556,0.85,0.366,0.204,0.244,0.03,0.264
83,,0.466,0.546,0.84,0.356,0.194,0.234,0.02,0.254
84,,0.456,0.536,0.83,0.346,0.184,0.224,0.01,0.244
85,,0.446,0.526,0.82,0.336,0.174,0.214,0.0,0.234
86,,0.436,0.516,0.81,0.326,0.164,0.204,-0.01,0.224
87,7,0.426,0.223,0.4,0.033,0.154,0.477,0.99,0.497
88,7,0.416,-0.07,-0.01,-0.26,0.144,0.75,1.0,0.77
89,4,0.123,-0.08,0.263,0.74,0.417,0.74,0.707,0.36
90,4,-0.17,-0.09,0.536,1.0,0.69,0.73,0.414,-0.05
91,1,0.83,0.183,0.526,0.707,0.28,0.437,0.404,0.223
92,1,1.0,0.456,0.516,0.414,-0.13,0.144,0.394,0.496
93,5,0.59,0.163,0.506,0.687,0.87,0.417,0.384,0.203
94,5,0.18,-0.13,0.496,0.96,1.0,0.69,0.374,-0.09
95,2,0.453,0.87,0.769,0.95,0.707,0.28,0.081,-0.1
96,2,0.726,1.0,1.0,0.94,0.414,-0.13,-0.212,-0.11
97,7,0.716,0.707,0.59,0.647,0.404,0.143,0.788,0.163
98,7,0.706,0.414,0.18,0.354,0.394,0.416,1.0,0.436
99,,0.696,0.404,0.17,0.344,0.384,0.406,0.99,0.426
100,,0.686,0.394,0.16,0.334,0.374,0.396,0.98,0.416
101,,0.676,0.384,0.15,0.324,0.364,0.386,0.97,0.406
102,,0.666,0.374,0.14,0.314,0.354,0.376,0.96,0.396
103,,0.656,0.364,0.13,0.304,0.344,0.366,0.95,0.386
104,,0.646,0.354,0.12,0.294,0.334,0.356,0.94,0.376
105,,0.636,0.344,0.11,0.284,0.324,0.346,0.93,0.366
106,,0.626,0.334,0.1,0.274,0.314,0.336,0.92,0.356
107,,0.616,0.324,0.09,0.264,0.304,0.326,0.91,0.346
108,,0.606,0.314,0.08,0.254,0.294,0.316,0.9,0.336
109,,0.596,0.304,0.07,0.244,0.284,0.306,0.89,0.326
110,,0.586,0.294,0.06,0.234,0.274,0.296,0.88,0.316
111,,0.576,0.284,0.05,0.224,0.264,0.286,0.87,0.306
112,,0.566,0.274,0.04,0.214,0.254,0.276,0.86,0.296
113,,0.556,0.264,0.03,0.204,0.244,0.266,0.85,0.286
114,,0.546,0.254,0.02,0.194,0.234,0.256,0.84,0.276
115,,0.536,0.244,0.01,0.184,0.224,0.246,0.83,0.266
116,,0.526,0.234,0.0,0.174,0.214,0.236,0.82,0.256
117,,0.516,0.224,-0.01,0.164,0.204,0.226,0.81,0.246
118,3,0.506,0.497,0.99,0.437,0.194,-0.067,0.4,-0.047
119,3,0.496,0.77,1.0,0.71,0.184,-0.36,-0.01,-0.34
120,6,0.203,0.36,0.707,0.7,0.457,0.64,0.263,-0.35
121,6,-0.09,-0.05,0.414,0.69,0.73,1.0,0.536,-0.36
122,8,0.183,-0.06,0.121,0.28,0.437,0.99,0.809,0.64
123,8,0.456,-0.07,-0.172,-0.13,0.144,0.98,1.0,1.0
124,3,0.446,0.203,0.828,0.143,0.134,0.687,0.59,0.707
125,3,0.436,0.476,1.0,0.416,0.124,0.394,0.18,0.414
126,,0.426,0.466,0.99,0.406,0.114,0.384,0.17,0.404
127,,0.416,0.456,0.98,0.396,0.104,0.374,0.16,0.394
128,,0.406,0.446,0.97,0.386,0.094,0.364,0.15,0.384
129,,0.396,0.436,0.96,0.376,0.084,0.354,0.14,0.374
130,,0.386,0.426,0.95,0.366,0.074,0.344,0.13,0.364
131,,0.376,0.416,0.94,0.356,0.064,0.334,0.12,0.354
132,,0.366,0.406,0.93,0.346,0.054,0.324,0.11,0.344
133,,0.356,0.396,0.92,0.336,0.044,0.314,0.1,0.334
134,,0.346,0.386,0.91,0.326,0.034,0.304,0.09,0.324
135,,0.336,0.376,0.9,0.316,0.024,0.294,0.08,0.314
136,,0.326,0.366,0.89,0.306,0.014,0.284,0.07,0.304
137,,0.316,0.356,0.88,0.296,0.004,0.274,0.06,0.294
138,,0.306,0.346,0.87,0.286,-0.006,0.264,0.05,0.284
139,5,-0.104,0.053,0.86,0.559,0.994,0.537,0.04,-0.009
140,5,-0.514,-0.24,0.85,0.832,1.0,0.81,0.03,-0.302
141,1,0.486,0.033,0.84,0.539,0.59,0.517,0.02,-0.029
142,1,1.0,0.306,0.83,0.246,0.18,0.224,0.01,0.244
143,,0.99,0.296,0.82,0.236,0.17,0.214,0.0,0.234
144,,0.98,0.286,0.81,0.226,0.16,0.204,-0.01,0.224
145,7,0.97,-0.007,0.4,-0.067,0.15,0.477,0.99,0.497
146,7,0.96,-0.3,-0.01,-0.36,0.14,0.75,1.0,0.77
147,4,0.667,-0.31,0.263,0.64,0.413,0.74,0.707,0.36
148,4,0.374,-0.32,0.536,1.0,0.686,0.73,0.414,-0.05
149,2,0.647,0.68,0.809,0.99,0.393,0.32,0.121,-0.06
150,2,0.92,1.0,1.0,0.98,0.1,-0.09,-0.172,-0.07
151,7,0.91,0.707,0.59,0.687,0.09,0.183,0.828,0.203
152,7,0.9,0.414,0.18,0.394,0.08,0.456,1.0,0.476
153,,0.89,0.404,0.17,0.384,0.07,0.446,0.99,0.466
154,,0.88,0.394,0.16,0.374,0.06,0.436,0.98,0.456
155,,0.87,0.384,0.15,0.364,0.05,0.426,0.97,0.446
156,,0.86,0.374,0.14,0.354,0.04,0.416,0.96,0.436
157,,0.85,0.364,0.13,0.344,0.03,0.406,0.95,0.426
158,,0.84,0.354,0.12,0.334,0.02,0.396,0.94,0.416
159,,0.83,0.344,0.11,0.324,0.01,0.386,0.93,0.406
160,,0.82,0.334,0.1,0.314,0.0,0.376,0.92,0.396
161,,0.81,0.324,0.09,0.304,-0.01,0.366,0.91,0.386
162,5,0.4,0.031,0.08,0.577,0.99,0.639,0.9,0.093
163,5,-0.01,-0.262,0.07,0.85,1.0,0.912,0.89,-0.2
164,2,0.263,0.738,0.343,0.84,0.707,0.502,0.597,-0.21
165,2,0.536,1.0,0.616,0.83,0.414,0.092,0.304,-0.22
166,8,0.809,0.99,0.323,0.42,0.121,0.082,0.577,0.78
167,8,1.0,0.98,0.03,0.01,-0.172,0.072,0.85,1.0
168,5,0.59,0.687,0.02,0.283,0.828,0.345,0.84,0.707
169,5,0.18,0.394,0.01,0.556,1.0,0.618,0.83,0.414
170,,0.17,0.384,0.0,0.546,0.99,0.608,0.82,0.404
171,,0.16,0.374,-0.01,0.536,0.98,0.598,0.81,0.394
172,3,0.15,0.647,0.99,0.809,0.97,0.305,0.4,0.101
173,3,0.14,0.92,1.0,1.0,0.96,0.012,-0.01,-0.192
174,8,0.413,0.91,0.707,0.59,0.667,0.002,0.263,0.808
175,8,0.686,0.9,0.414,0.18,0.374,-0.008,0.536,1.0
176,6,0.393,0.49,0.121,0.17,0.647,0.992,0.809,0.99
177,6,0.1,0.08,-0.172,0.16,0.92,1.0,1.0,0.98
178,3,0.09,0.353,0.828,0.433,0.91,0.707,0.59,0.687
179,3,0.08,0.626,1.0,0.706,0.9,0.414,0.18,0.394
180,,0.07,0.616,0.99,0.696,0.89,0.404,0.17,0.384
181,,0.06,0.606,0.98,0.686,0.88,0.394,0.16,0.374
182,,0.05,0.596,0.97,0.676,0.87,0.384,0.15,0.364
183,,0.04,0.586,0.96,0.666,0.86,0.374,0.14,0.354
184,,0.03,0.576,0.95,0.656,0.85,0.364,0.13,0.344
185,,0.02,0.566,0.94,0.646,0.84,0.354,0.12,0.334
186,,0.01,0.556,0.93,0.636,0.83,0.344,0.11,0.324
187,,0.0,0.546,0.92,0.626,0.82,0.334,0.1,0.314
188,,-0.01,0.536,0.91,0.616,0.81,0.324,0.09,0.304
189,1,0.99,0.809,0.9,0.323,0.4,0.031,0.08,0.577
190,1,1.0,1.0,0.89,0.03,-0.01,-0.262,0.07,0.85
191,6,0.707,0.59,0.597,0.02,0.263,0.738,0.343,0.84
192,6,0.414,0.18,0.304,0.01,0.536,1.0,0.616,0.83
193,,0.404,0.17,0.294,0.0,0.526,0.99,0.606,0.82
194,,0.394,0.16,0.284,-0.01,0.516,0.98,0.596,0.81
195,4,0.101,0.15,0.557,0.99,0.789,0.97,0.303,0.4
196,4,-0.192,0.14,0.83,1.0,1.0,0.96,0.01,-0.01
197,1,0.808,0.413,0.82,0.707,0.59,0.667,0.0,0.263
198,1,1.0,0.686,0.81,0.414,0.18,0.374,-0.01,0.536
199,7,0.99,0.393,0.4,0.121,0.17,0.647,0.99,0.809
200,7,0.98,0.1,-0.01,-0.172,0.16,0.92,1.0,1.0
201,4,0.687,0.09,0.263,0.828,0.433,0.91,0.707,0.59
202,4,0.394,0.08,0.536,1.0,0.706,0.9,0.414,0.18
203,,0.384,0.07,0.526,0.99,0.696,0.89,0.404,0.17
204,,0.374,0.06,0.516,0.98,0.686,0.88,0.394,0.16
205,,0.364,0.05,0.506,0.97,0.676,0.87,0.384,0.15
206,,0.354,0.04,0.496,0.96,0.666,0.86,0.374,0.14
207,,0.344,0.03,0.486,0.95,0.656,0.85,0.364,0.13
208,,0.334,0.02,0.476,0.94,0.646,0.84,0.354,0.12
209,,0.324,0.01,0.466,0.93,0.636,0.83,0.344,0.11
210,,0.314,0.0,0.456,0.92,0.626,0.82,0.334,0.1
211,,0.304,-0.01,0.446,0.91,0.616,0.81,0.324,0.09
212,2,0.577,0.99,0.719,0.9,0.323,0.4,0.031,0.08
213,2,0.85,1.0,0.992,0.89,0.03,-0.01,-0.262,0.07
214,7,0.84,0.707,0.582,0.597,0.02,0.263,0.738,0.343
215,7,0.83,0.414,0.172,0.304,0.01,0.536,1.0,0.616
216,,0.82,0.404,0.162,0.294,0.0,0.526,0.99,0.606
217,,0.81,0.394,0.152,0.284,-0.01,0.516,0.98,0.596
218,5,0.4,0.101,0.142,0.557,0.99,0.789,0.97,0.303
219,5,-0.01,-0.192,0.132,0.83,1.0,1.0,0.96,0.01
220,2,0.263,0.808,0.405,0.82,0.707,0.59,0.667,0.0
221,2,0.536,1.0,0.678,0.81,0.414,0.18,0.374,-0.01
222,8,0.809,0.99,0.385,0.4,0.121,0.17,0.647,0.99
223,8,1.0,0.98,0.092,-0.01,-0.172,0.16,0.92,1.0
224,5,0.59,0.687,0.082,0.263,0.828,0.433,0.91,0.707
225,5,0.18,0.394,0.072,0.536,1.0,0.706,0.9,0.414
226,,0.17,0.384,0.062,0.526,0.99,0.696,0.89,0.404
227,,0.16,0.374,0.052,0.516,0.98,0.686,0.88,0.394
228,,0.15,0.364,0.042,0.506,0.97,0.676,0.87,0.384
229,,0.14,0.354,0.032,0.496,0.96,0.666,0.86,0.374
230,,0.13,0.344,0.022,0.486,0.95,0.656,0.85,0.364
231,,0.12,0.334,0.012,0.476,0.94,0.646,0.84,0.354
232,,0.11,0.324,0.002,0.466,0.93,0.636,0.83,0.344
233,,0.1,0.314,-0.008,0.456,0.92,0.626,0.82,0.334
234,3,0.09,0.587,0.992,0.729,0.91,0.333,0.41,0.041
235,3,0.08,0.86,1.0,1.0,0.9,0.04,-0.0,-0.252
236,8,0.353,0.85,0.707,0.59,0.607,0.03,0.273,0.748
237,8,0.626,0.84,0.414,0.18,0.314,0.02,0.546,1.0
238,,0.616,0.83,0.404,0.17,0.304,0.01,0.536,0.99
239,,0.606,0.82,0.394,0.16,0.294,0.0,0.526,0.98
240,,0.596,0.81,0.384,0.15,0.284,-0.01,0.516,0.97
241,6,0.303,0.4,0.091,0.14,0.557,0.99,0.789,0.96
242,6,0.01,-0.01,-0.202,0.13,0.83,1.0,1.0,0.95
243,3,0.0,0.263,0.798,0.403,0.82,0.707,0.59,0.657
244,3,-0.01,0.536,1.0,0.676,0.81,0.414,0.18,0.364
245,1,0.99,0.809,0.99,0.383,0.4,0.121,0.17,0.637
246,1,1.0,1.0,0.98,0.09,-0.01,-0.172,0.16,0.91
247,6,0.707,0.59,0.687,0.08,0.263,0.828,0.433,0.9
248,6,0.414,0.18,0.394,0.07,0.536,1.0,0.706,0.89
249,,0.404,0.17,0.384,0.06,0.526,0.99,0.696,0.88
250,,0.394,0.16,0.374,0.05,0.516,0.98,0.686,0.87
251,,0.384,0.15,0.364,0.04,0.506,0.97,0.676,0.86
252,,0.374,0.14,0.354,0.03,0.496,0.96,0.666,0.85
253,,0.364,0.13,0.344,0.02,0.486,0.95,0.656,0.84
254,,0.354,0.12,0.334,0.01,0.476,0.94,0.646,0.83
255,,0.344,0.11,0.324,0.0,0.466,0.93,0.636,0.82
256,,0.334,0.1,0.314,-0.01,0.456,0.92,0.626,0.81
257,4,0.041,0.09,0.587,0.99,0.729,0.91,0.333,0.4
258,4,-0.252,0.08,0.86,1.0,1.0,0.9,0.04,-0.01
259,1,0.748,0.353,0.85,0.707,0.59,0.607,0.03,0.263
260,1,1.0,0.626,0.84,0.414,0.18,0.314,0.02,0.536
261,,0.99,0.616,0.83,0.404,0.17,0.304,0.01,0.526
262,,0.98,0.606,0.82,0.394,0.16,0.294,0.0,0.516
263,,0.97,0.596,0.81,0.384,0.15,0.284,-0.01,0.506
264,7,0.96,0.303,0.4,0.091,0.14,0.557,0.99,0.779
265,7,0.95,0.01,-0.01,-0.202,0.13,0.83,1.0,1.0
266,4,0.657,0.0,0.263,0.798,0.403,0.82,0.707,0.59
267,4,0.364,-0.01,0.536,1.0,0.676,0.81,0.414,0.18
268,2,0.637,0.99,0.809,0.99,0.383,0.4,0.121,0.17
269,2,0.91,1.0,1.0,0.98,0.09,-0.01,-0.172,0.16
270,7,0.9,0.707,0.59,0.687,0.08,0.263,0.828,0.433
271,7,0.89,0.414,0.18,0.394,0.07,0.536,1.0,0.706
272,,0.88,0.404,0.17,0.384,0.06,0.526,0.99,0.696
273,,0.87,0.394,0.16,0.374,0.05,0.516,0.98,0.686
274,,0.86,0.384,0.15,0.364,0.04,0.506,0.97,0.676
275,,0.85,0.374,0.14,0.354,0.03,0.496,0.96,0.666
276,,0.84,0.364,0.13,0.344,0.02,0.486,0.95,0.656
277,,0.83,0.354,0.12,0.334,0.01,0.476,0.94,0.646
278,,0.82,0.344,0.11,0.324,0.0,0.466,0.93,0.636
279,,0.81,0.334,0.1,0.314,-0.01,0.456,0.92,0.626
280,5,0.4,0.041,0.09,0.587,0.99,0.729,0.91,0.333
281,5,-0.01,-0.252,0.08,0.86,1.0,1.0,0.9,0.04
282,2,0.263,0.748,0.353,0.85,0.707,0.59,0.607,0.03
283,2,0.536,1.0,0.626,0.84,0.414,0.18,0.314,0.02
284,,0.526,0.99,0.616,0.83,0.404,0.17,0.304,0.01
285,,0.516,0.98,0.606,0.82,0.394,0.16,0.294,0.0
286,,0.506,0.97,0.596,0.81,0.384,0.15,0.284,-0.01
287,8,0.779,0.96,0.303,0.4,0.091,0.14,0.557,0.99
288,8,1.0,0.95,0.01,-0.01,-0.202,0.13,0.83,1.0
289,5,0.59,0.657,0.0,0.263,0.798,0.403,0.82,0.707
290,5,0.18,0.364,-0.01,0.536,1.0,0.676,0.81,0.414
291,3,0.17,0.637,0.99,0.809,0.99,0.383,0.4,0.121
292,3,0.16,0.91,1.0,1.0,0.98,0.09,-0.01,-0.172
293,8,0.433,0.9,0.707,0.59,0.687,0.08,0.263,0.828
294,8,0.706,0.89,0.414,0.18,0.394,0.07,0.536,1.0
295,,0.696,0.88,0.404,0.17,0.384,0.06,0.526,0.99
296,,0.686,0.87,0.394,0.16,0.374,0.05,0.516,0.98
297,,0.676,0.86,0.384,0.15,0.364,0.04,0.506,0.97
298,,0.666,0.85,0.374,0.14,0.354,0.03,0.496,0.96
299,,0.656,0.84,0.364,0.13,0.344,0.02,0.486,0.95
300,,0.646,0.83,0.354,0.12,0.334,0.01,0.476,0.94
301,,0.636,0.82,0.344,0.11,0.324,0.0,0.466,0.93
302,,0.626,0.81,0.334,0.1,0.314,-0.01,0.456,0.92
303,6,0.333,0.4,0.041,0.09,0.587,0.99,0.729,0.91
304,6,0.04,-0.01,-0.252,0.08,0.86,1.0,1.0,0.9
305,3,0.03,0.263,0.748,0.353,0.85,0.707,0.59,0.607
306,3,0.02,0.536,1.0,0.626,0.84,0.414,0.18,0.314
307,,0.01,0.526,0.99,0.616,0.83,0.404,0.17,0.304
308,,0.0,0.516,0.98,0.606,0.82,0.394,0.16,0.294
309,,-0.01,0.506,0.97,0.596,0.81,0.384,0.15,0.284
310,1,0.99,0.779,0.96,0.303,0.4,0.091,0.14,0.557
311,1,1.0,1.0,0.95,0.01,-0.01,-0.202,0.13,0.83
312,6,0.707,0.59,0.657,0.0,0.263,0.798,0.403,0.82
313,6,0.414,0.18,0.364,-0.01,0.536,1.0,0.676,0.81
314,4,0.121,0.17,0.637,0.99,0.809,0.99,0.383,0.4
315,4,-0.172,0.16,0.91,1.0,1.0,0.98,0.09,-0.01
316,1,0.828,0.433,0.9,0.707,0.59,0.687,0.08,0.263
317,1,1.0,0.706,0.89,0.414,0.18,0.394,0.07,0.536
318,,0.99,0.696,0.88,0.404,0.17,0.384,0.06,0.526
319,,0.98,0.686,0.87,0.394,0.16,0.374,0.05,0.516
320,,0.97,0.676,0.86,0.384,0.15,0.364,0.04,0.506
321,,0.96,0.666,0.85,0.374,0.14,0.354,0.03,0.496
322,,0.95,0.656,0.84,0.364,0.13,0.344,0.02,0.486
323,,0.94,0.646,0.83,0.354,0.12,0.334,0.01,0.476
324,,0.93,0.636,0.82,0.344,0.11,0.324,0.0,0.466
325,,0.92,0.626,0.81,0.334,0.1,0.314,-0.01,0.456
326,7,0.91,0.333,0.4,0.041,0.09,0.587,0.99,0.729
327,7,0.9,0.04,-0.01,-0.252,0.08,0.86,1.0,1.0
328,4,0.607,0.03,0.263,0.748,0.353,0.85,0.707,0.59
329,4,0.314,0.02,0.536,1.0,0.626,0.84,0.414,0.18
330,,0.304,0.01,0.526,0.99,0.616,0.83,0.404,0.17
331,,0.294,0.0,0.516,0.98,0.606,0.82,0.394,0.16
332,,0.284,-0.01,0.506,0.97,0.596,0.81,0.384,0.15
333,2,0.557,0.99,0.779,0.96,0.303,0.4,0.091,0.14
334,2,0.83,1.0,1.0,0.95,0.01,-0.01,-0.202,0.13
335,7,0.82,0.707,0.59,0.657,0.0,0.263,0.798,0.403
336,7,0.81,0.414,0.18,0.364,-0.01,0.536,1.0,0.676
337,5,0.4,0.121,0.17,0.637,0.99,0.809,0.99,0.383
338,5,-0.01,-0.172,0.16,0.91,1.0,1.0,0.98,0.09
339,2,0.263,0.828,0.433,0.9,0.707,0.59,0.687,0.08
340,2,0.536,1.0,0.706,0.89,0.414,0.18,0.394,0.07
341,,0.526,0.99,0.696,0.88,0.404,0.17,0.384,0.06
342,,0.516,0.98,0.686,0.87,0.394,0.16,0.374,0.05
343,,0.506,0.97,0.676,0.86,0.384,0.15,0.364,0.04
344,,0.496,0.96,0.666,0.85,0.374,0.14,0.354,0.03
345,,0.486,0.95,0.656,0.84,0.364,0.13,0.344,0.02
346,,0.476,0.94,0.646,0.83,0.354,0.12,0.334,0.01
347,,0.466,0.93,0.636,0.82,0.344,0.11,0.324,0.0
348,,0.456,0.92,0.626,0.81,0.334,0.1,0.314,-0.01
349,8,0.729,0.91,0.333,0.4,0.041,0.09,0.587,0.99
350,8,1.0,0.9,0.04,-0.01,-0.252,0.08,0.86,1.0
351,5,0.59,0.607,0.03,0.263,0.748,0.353,0.85,0.707
352,5,0.18,0.314,0.02,0.536,1.0,0.626,0.84,0.414
353,,0.17,0.304,0.01,0.526,0.99,0.616,0.83,0.404
354,,0.16,0.294,0.0,0.516,0.98,0.606,0.82,0.394
355,,0.15,0.284,-0.01,0.506,0.97,0.596,0.81,0.384
356,3,0.14,0.557,0.99,0.779,0.96,0.303,0.4,0.091
357,3,0.13,0.83,1.0,1.0,0.95,0.01,-0.01,-0.202
358,8,0.403,0.82,0.707,0.59,0.657,0.0,0.263,0.798
359,8,0.676,0.81,0.414,0.18,0.364,-0.01,0.536,1.0
360,6,0.383,0.4,0.121,0.17,0.637,0.99,0.809,0.99
361,6,0.09,-0.01,-0.172,0.16,0.91,1.0,1.0,0.98
362,3,0.08,0.263,0.828,0.433,0.9,0.707,0.59,0.687
363,3,0.07,0.536,1.0,0.706,0.89,0.414,0.18,0.394
364,,0.06,0.526,0.99,0.696,0.88,0.404,0.17,0.384
365,,0.05,0.516,0.98,0.686,0.87,0.394,0.16,0.374
366,,0.04,0.506,0.97,0.676,0.86,0.384,0.15,0.364
367,,0.03,0.496,0.96,0.666,0.85,0.374,0.14,0.354
368,,0.02,0.486,0.95,0.656,0.84,0.364,0.13,0.344
369,,0.01,0.476,0.94,0.646,0.83,0.354,0.12,0.334
370,,0.0,0.466,0.93,0.636,0.82,0.344,0.11,0.324
371,,-0.01,0.456,0.92,0.626,0.81,0.334,0.1,0.314
372,1,0.99,0.729,0.91,0.333,0.4,0.041,0.09,0.587
373,1,1.0,1.0,0.9,0.04,-0.01,-0.252,0.08,0.86
374,6,0.707,0.59,0.607,0.03,0.263,0.748,0.353,0.85
375,6,0.414,0.18,0.314,0.02,0.536,1.0,0.626,0.84
376,,0.404,0.17,0.304,0.01,0.526,0.99,0.616,0.83
377,,0.394,0.16,0.294,0.0,0.516,0.98,0.606,0.82
378,,0.384,0.15,0.284,-0.01,0.506,0.97,0.596,0.81
379,4,0.091,0.14,0.557,0.99,0.779,0.96,0.303,0.4
380,4,-0.202,0.13,0.83,1.0,1.0,0.95,0.01,-0.01
381,1,0.798,0.403,0.82,0.707,0.59,0.657,0.0,0.263
382,1,1.0,0.676,0.81,0.414,0.18,0.364,-0.01,0.536
383,7,0.99,0.383,0.4,0.121,0.17,0.637,0.99,0.809
384,7,0.98,0.09,-0.01,-0.172,0.16,0.91,1.0,1.0
385,4,0.687,0.08,0.263,0.828,0.433,0.9,0.707,0.59
386,4,0.394,0.07,0.536,1.0,0.706,0.89,0.414,0.18
387,,0.384,0.06,0.526,0.99,0.696,0.88,0.404,0.17
388,,0.374,0.05,0.516,0.98,0.686,0.87,0.394,0.16
389,,0.364,0.04,0.506,0.97,0.676,0.86,0.384,0.15
390,,0.354,0.03,0.496,0.96,0.666,0.85,0.374,0.14
391,,0.344,0.02,0.486,0.95,0.656,0.84,0.364,0.13
392,,0.334,0.01,0.476,0.94,0.646,0.83,0.354,0.12
393,,0.324,0.0,0.466,0.93,0.636,0.82,0.344,0.11
394,,0.314,-0.01,0.456,0.92,0.626,0.81,0.334,0.1
395,2,0.587,0.99,0.729,0.91,0.333,0.4,0.041,0.09
396,2,0.86,1.0,1.0,0.9,0.04,-0.01,-0.252,0.08
397,7,0.85,0.707,0.59,0.607,0.03,0.263,0.748,0.353
398,7,0.84,0.414,0.18,0.314,0.02,0.536,1.0,0.626
399,,0.83,0.404,0.17,0.304,0.01,0.526,0.99,0.616
400,,0.82,0.394,0.16,0.294,0.0,0.516,0.98,0.606
401,,0.81,0.384,0.15,0.284,-0.01,0.506,0.97,0.596
402,5,0.4,0.091,0.14,0.557,0.99,0.779,0.96,0.303
403,5,-0.01,-0.202,0.13,0.83,1.0,1.0,0.95,0.01
404,2,0.263,0.798,0.403,0.82,0.707,0.59,0.657,0.0
405,2,0.536,1.0,0.676,0.81,0.414,0.18,0.364,-0.01
406,8,0.809,0.99,0.383,0.4,0.121,0.17,0.637,0.99
407,8,1.0,0.98,0.09,-0.01,-0.172,0.16,0.91,1.0
408,5,0.59,0.687,0.08,0.263,0.828,0.433,0.9,0.707
409,5,0.18,0.394,0.07,0.536,1.0,0.706,0.89,0.414
410,,0.17,0.384,0.06,0.526,0.99,0.696,0.88,0.404
411,,0.16,0.374,0.05,0.516,0.98,0.686,0.87,0.394
412,,0.15,0.364,0.04,0.506,0.97,0.676,0.86,0.384
413,,0.14,0.354,0.03,0.496,0.96,0.666,0.85,0.374
414,,0.13,0.344,0.02,0.486,0.95,0.656,0.84,0.364
415,,0.12,0.334,0.01,0.476,0.94,0.646,0.83,0.354
416,,0.11,0.324,0.0,0.466,0.93,0.636,0.82,0.344
417,,0.1,0.314,-0.01,0.456,0.92,0.626,0.81,0.334
418,3,0.09,0.587,0.99,0.729,0.91,0.333,0.4,0.041
419,3,0.08,0.86,1.0,1.0,0.9,0.04,-0.01,-0.252
420,8,0.353,0.85,0.707,0.59,0.607,0.03,0.263,0.748
421,8,0.626,0.84,0.414,0.18,0.314,0.02,0.536,1.0
422,,0.616,0.83,0.404,0.17,0.304,0.01,0.526,0.99
423,,0.606,0.82,0.394,0.16,0.294,0.0,0.516,0.98
424,,0.596,0.81,0.384,0.15,0.284,-0.01,0.506,0.97
425,6,0.303,0.4,0.091,0.14,0.557,0.99,0.779,0.96
426,6,0.01,-0.01,-0.202,0.13,0.83,1.0,1.0,0.95
427,3,0.0,0.263,0.798,0.403,0.82,0.707,0.59,0.657
428,3,-0.01,0.536,1.0,0.676,0.81,0.414,0.18,0.364
429,1,0.99,0.809,0.99,0.383,0.4,0.121,0.17,0.637
430,1,1.0,1.0,0.98,0.09,-0.01,-0.172,0.16,0.91
431,6,0.707,0.59,0.687,0.08,0.263,0.828,0.433,0.9
432,6,0.414,0.18,0.394,0.07,0.536,1.0,0.706,0.89
433,,0.404,0.17,0.384,0.06,0.526,0.99,0.696,0.88
434,,0.394,0.16,0.374,0.05,0.516,0.98,0.686,0.87
435,,0.384,0.15,0.364,0.04,0.506,0.97,0.676,0.86
436,,0.374,0.14,0.354,0.03,0.496,0.96,0.666,0.85
437,,0.364,0.13,0.344,0.02,0.486,0.95,0.656,0.84
438,,0.354,0.12,0.334,0.01,0.476,0.94,0.646,0.83
439,,0.344,0.11,0.324,0.0,0.466,0.93,0.636,0.82
440,,0.334,0.1,0.314,-0.01,0.456,0.92,0.626,0.81
441,4,0.041,0.09,0.587,0.99,0.729,0.91,0.333,0.4
442,4,-0.252,0.08,0.86,1.0,1.0,0.9,0.04,-0.01
443,1,0.748,0.353,0.85,0.707,0.59,0.607,0.03,0.263
444,1,1.0,0.626,0.84,0.414,0.18,0.314,0.02,0.536
445,,0.99,0.616,0.83,0.404,0.17,0.304,0.01,0.526
446,,0.98,0.606,0.82,0.394,0.16,0.294,0.0,0.516
447,,0.97,0.596,0.81,0.384,0.15,0.284,-0.01,0.506
448,7,0.96,0.303,0.4,0.091,0.14,0.557,0.99,0.779
449,7,0.95,0.01,-0.01,-0.202,0.13,0.83,1.0,1.0
450,4,0.657,0.0,0.263,0.798,0.403,0.82,0.707,0.59
451,4,0.364,-0.01,0.536,1.0,0.676,0.81,0.414,0.18
452,2,0.637,0.99,0.809,0.99,0.383,0.4,0.121,0.17
453,2,0.91,1.0,1.0,0.98,0.09,-0.01,-0.172,0.16
454,7,0.9,0.707,0.59,0.687,0.08,0.263,0.828,0.433
455,7,0.89,0.414,0.18,0.394,0.07,0.536,1.0,0.706
456,,0.88,0.404,0.17,0.384,0.06,0.526,0.99,0.696
457,,0.87,0.394,0.16,0.374,0.05,0.516,0.98,0.686
458,,0.86,0.384,0.15,0.364,0.04,0.506,0.97,0.676
459,,0.85,0.374,0.14,0.354,0.03,0.496,0.96,0.666
460,,0.84,0.364,0.13,0.344,0.02,0.486,0.95,0.656
461,,0.83,0.354,0.12,0.334,0.01,0.476,0.94,0.646
462,,0.82,0.344,0.11,0.324,0.0,0.466,0.93,0.636
463,,0.81,0.334,0.1,0.314,-0.01,0.456,0.92,0.626
464,5,0.4,0.041,0.09,0.587,0.99,0.729,0.91,0.333
465,5,-0.01,-0.252,0.08,0.86,1.0,1.0,0.9,0.04
466,2,0.263,0.748,0.353,0.85,0.707,0.59,0.607,0.03
467,2,0.536,1.0,0.626,0.84,0.414,0.18,0.314,0.02
468,,0.526,0.99,0.616,0.83,0.404,0.17,0.304,0.01
469,,0.516,0.98,0.606,0.82,0.394,0.16,0.294,0.0
470,,0.506,0.97,0.596,0.81,0.384,0.15,0.284,-0.01
471,8,0.779,0.96,0.303,0.4,0.091,0.14,0.557,0.99
472,8,1.0,0.95,0.01,-0.01,-0.202,0.13,0.83,1.0
473,5,0.59,0.657,0.0,0.263,0.798,0.403,0.82,0.707
474,5,0.18,0.364,-0.01,0.536,1.0,0.676,0.81,0.414
475,3,0.17,0.637,0.99,0.809,0.99,0.383,0.4,0.121
476,3,0.16,0.91,1.0,1.0,0.98,0.09,-0.01,-0.172
477,8,0.433,0.9,0.707,0.59,0.687,0.08,0.263,0.828
478,8,0.706,0.89,0.414,0.18,0.394,0.07,0.536,1.0
479,,0.696,0.88,0.404,0.17,0.384,0.06,0.526,0.99
480,,0.686,0.87,0.394,0.16,0.374,0.05,0.516,0.98
481,,0.676,0.86,0.384,0.15,0.364,0.04,0.506,0.97
482,,0.666,0.85,0.374,0.14,0.354,0.03,0.496,0.96
483,,0.656,0.84,0.364,0.13,0.344,0.02,0.486,0.95
484,,0.646,0.83,0.354,0.12,0.334,0.01,0.476,0.94
485,,0.636,0.82,0.344,0.11,0.324,0.0,0.466,0.93
486,,0.626,0.81,0.334,0.1,0.314,-0.01,0.456,0.92
487,6,0.333,0.4,0.041,0.09,0.587,0.99,0.729,0.91
488,6,0.04,-0.01,-0.252,0.08,0.86,1.0,1.0,0.9
489,3,0.03,0.263,0.748,0.353,0.85,0.707,0.59,0.607
490,3,0.02,0.536,1.0,0.626,0.84,0.414,0.18,0.314
491,,0.01,0.526,0.99,0.616,0.83,0.404,0.17,0.304
492,,0.0,0.516,0.98,0.606,0.82,0.394,0.16,0.294
493,,-0.01,0.506,0.97,0.596,0.81,0.384,0.15,0.284
494,1,0.99,0.779,0.96,0.303,0.4,0.091,0.14,0.557
495,1,1.0,1.0,0.95,0.01,-0.01,-0.202,0.13,0.83
496,6,0.707,0.59,0.657,0.0,0.263,0.798,0.403,0.82
497,6,0.414,0.18,0.364,-0.01,0.536,1.0,0.676,0.81
498,4,0.121,0.17,0.637,0.99,0.809,0.99,0.383,0.4
499,4,-0.172,0.16,0.91,1.0,1.0,0.98,0.09,-0.01
500,1,0.828,0.433,0.9,0.707,0.59,0.687,0.08,0.263
501,1,1.0,0.706,0.89,0.414,0.18,0.394,0.07,0.536
502,,0.99,0.696,0.88,0.404,0.17,0.384,0.06,0.526
503,,0.98,0.686,0.87,0.394,0.16,0.374,0.05,0.516
504,,0.97,0.676,0.86,0.384,0.15,0.364,0.04,0.506
505,,0.96,0.666,0.85,0.374,0.14,0.354,0.03,0.496
506,,0.95,0.656,0.84,0.364,0.13,0.344,0.02,0.486
507,,0.94,0.646,0.83,0.354,0.12,0.334,0.01,0.476
508,,0.93,0.636,0.82,0.344,0.11,0.324,0.0,0.466
509,,0.92,0.626,0.81,0.334,0.1,0.314,-0.01,0.456
510,7,0.91,0.333,0.4,0.041,0.09,0.587,0.99,0.729
511,7,0.9,0.04,-0.01,-0.252,0.08,0.86,1.0,1.0
512,4,0.607,0.03,0.263,0.748,0.353,0.85,0.707,0.59
513,4,0.314,0.02,0.536,1.0,0.626,0.84,0.414,0.18
514,,0.304,0.01,0.526,0.99,0.616,0.83,0.404,0.17
515,,0.294,0.0,0.516,0.98,0.606,0.82,0.394,0.16
516,,0.284,-0.01,0.506,0.97,0.596,0.81,0.384,0.15
517,2,0.557,0.99,0.779,0.96,0.303,0.4,0.091,0.14
518,2,0.83,1.0,1.0,0.95,0.01,-0.01,-0.202,0.13
519,7,0.82,0.707,0.59,0.657,0.0,0.263,0.798,0.403
520,7,0.81,0.414,0.18,0.364,-0.01,0.536,1.0,0.676
521,5,0.4,0.121,0.17,0.637,0.99,0.809,0.99,0.383
522,5,-0.01,-0.172,0.16,0.91,1.0,1.0,0.98,0.09
523,2,0.263,0.828,0.433,0.9,0.707,0.59,0.687,0.08
524,2,0.536,1.0,0.706,0.89,0.414,0.18,0.394,0.07
525,,0.526,0.99,0.696,0.88,0.404,0.17,0.384,0.06
526,,0.516,0.98,0.686,0.87,0.394,0.16,0.374,0.05
527,,0.506,0.97,0.676,0.86,0.384,0.15,0.364,0.04
528,,0.496,0.96,0.666,0.85,0.374,0.14,0.354,0.03
529,,0.486,0.95,0.656,0.84,0.364,0.13,0.344,0.02
530,,0.476,0.94,0.646,0.83,0.354,0.12,0.334,0.01
531,,0.466,0.93,0.636,0.82,0.344,0.11,0.324,0.0
532,,0.456,0.92,0.626,0.81,0.334,0.1,0.314,-0.01
533,8,0.729,0.91,0.333,0.4,0.041,0.09,0.587,0.99
534,8,1.0,0.9,0.04,-0.01,-0.252,0.08,0.86,1.0
535,5,0.59,0.607,0.03,0.263,0.748,0.353,0.85,0.707
536,5,0.18,0.314,0.02,0.536,1.0,0.626,0.84,0.414
537,,0.17,0.304,0.01,0.526,0.99,0.616,0.83,0.404
538,,0.16,0.294,0.0,0.516,0.98,0.606,0.82,0.394
539,,0.15,0.284,-0.01,0.506,0.97,0.596,0.81,0.384
540,3,0.14,0.557,0.99,0.779,0.96,0.303,0.4,0.091
541,3,0.13,0.83,1.0,1.0,0.95,0.01,-0.01,-0.202
542,8,0.403,0.82,0.707,0.59,0.657,0.0,0.263,0.798
543,8,0.676,0.81,0.414,0.18,0.364,-0.01,0.536,1.0
544,6,0.383,0.4,0.121,0.17,0.637,0.99,0.809,0.99
545,6,0.09,-0.01,-0.172,0.16,0.91,1.0,1.0,0.98
546,3,0.08,0.263,0.828,0.433,0.9,0.707,0.59,0.687
547,3,0.07,0.536,1.0,0.706,0.89,0.414,0.18,0.394
548,,0.06,0.526,0.99,0.696,0.88,0.404,0.17,0.384
549,,0.05,0.516,0.98,0.686,0.87,0.394,0.16,0.374
550,,0.04,0.506,0.97,0.676,0.86,0.384,0.15,0.364
551,,0.03,0.496,0.96,0.666,0.85,0.374,0.14,0.354
552,,0.02,0.486,0.95,0.656,0.84,0.364,0.13,0.344
553,,0.01,0.476,0.94,0.646,0.83,0.354,0.12,0.334
554,,0.0,0.466,0.93,0.636,0.82,0.344,0.11,0.324
555,,-0.01,0.456,0.92,0.626,0.81,0.334,0.1,0.314
556,1,0.99,0.729,0.91,0.333,0.4,0.041,0.09,0.587
557,1,1.0,1.0,0.9,0.04,-0.01,-0.252,0.08,0.86
558,6,0.707,0.59,0.607,0.03,0.263,0.748,0.353,0.85
559,6,0.414,0.18,0.314,0.02,0.536,1.0,0.626,0.84
560,,0.404,0.17,0.304,0.01,0.526,0.99,0.616,0.83
561,,0.394,0.16,0.294,0.0,0.516,0.98,0.606,0.82
562,,0.384,0.15,0.284,-0.01,0.506,0.97,0.596,0.81
563,4,0.091,0.14,0.557,0.99,0.779,0.96,0.303,0.4
564,4,-0.202,0.13,0.83,1.0,1.0,0.95,0.01,-0.01
565,1,0.798,0.403,0.82,0.707,0.59,0.657,0.0,0.263
566,1,1.0,0.676,0.81,0.414,0.18,0.364,-0.01,0.536
567,7,0.99,0.383,0.4,0.121,0.17,0.637,0.99,0.809
568,7,0.98,0.09,-0.01,-0.172,0.16,0.91,1.0,1.0
569,4,0.687,0.08,0.263,0.828,0.433,0.9,0.707,0.59
570,4,0.394,0.07,0.536,1.0,0.706,0.89,0.414,0.18
571,,0.384,0.06,0.526,0.99,0.696,0.88,0.404,0.17
572,,0.374,0.05,0.516,0.98,0.686,0.87,0.394,0.16
573,,0.364,0.04,0.506,0.97,0.676,0.86,0.384,0.15
574,,0.354,0.03,0.496,0.96,0.666,0.85,0.374,0.14
575,,0.344,0.02,0.486,0.95,0.656,0.84,0.364,0.13
576,,0.334,0.01,0.476,0.94,0.646,0.83,0.354,0.12
577,,0.324,0.0,0.466,0.93,0.636,0.82,0.344,0.11
578,,0.314,-0.01,0.456,0.92,0.626,0.81,0.334,0.1
579,2,0.587,0.99,0.729,0.91,0.333,0.4,0.041,0.09
580,2,0.86,1.0,1.0,0.9,0.04,-0.01,-0.252,0.08
581,7,0.85,0.707,0.59,0.607,0.03,0.263,0.748,0.353
582,7,0.84,0.414,0.18,0.314,0.02,0.536,1.0,0.626
583,,0.83,0.404,0.17,0.304,0.01,0.526,0.99,0.616
584,,0.82,0.394,0.16,0.294,0.0,0.516,0.98,0.606
585,,0.81,0.384,0.15,0.284,-0.01,0.506,0.97,0.596
586,5,0.4,0.091,0.14,0.557,0.99,0.779,0.96,0.303
587,5,-0.01,-0.202,0.13,0.83,1.0,1.0,0.95,0.01
588,2,0.263,0.798,0.403,0.82,0.707,0.59,0.657,0.0
589,2,0.536,1.0,0.676,0.81,0.414,0.18,0.364,-0.01
590,8,0.809,0.99,0.383,0.4,0.121,0.17,0.637,0.99
591,8,1.0,0.98,0.09,-0.01,-0.172,0.16,0.91,1.0
592,5,0.59,0.687,0.08,0.263,0.828,0.433,0.9,0.707
593,5,0.18,0.394,0.07,0.536,1.0,0.706,0.89,0.414
594,,0.17,0.384,0.06,0.526,0.99,0.696,0.88,0.404
595,,0.16,0.374,0.05,0.516,0.98,0.686,0.87,0.394
596,,0.15,0.364,0.04,0.506,0.97,0.676,0.86,0.384
597,,0.14,0.354,0.03,0.496,0.96,0.666,0.85,0.374
598,,0.13,0.344,0.02,0.486,0.95,0.656,0.84,0.364
599,,0.12,0.334,0.01,0.476,0.94,0.646,0.83,0.354
600,,0.11,0.324,0.0,0.466,0.93,0.636,0.82,0.344
601,,0.1,0.314,-0.01,0.456,0.92,0.626,0.81,0.334
602,3,0.09,0.587,0.99,0.729,0.91,0.333,0.4,0.041
603,3,0.08,0.86,1.0,1.0,0.9,0.04,-0.01,-0.252
604,8,0.353,0.85,0.707,0.59,0.607,0.03,0.263,0.748
605,8,0.626,0.84,0.414,0.18,0.314,0.02,0.536,1.0
606,,0.616,0.83,0.404,0.17,0.304,0.01,0.526,0.99
607,,0.606,0.82,0.394,0.16,0.294,0.0,0.516,0.98
608,,0.596,0.81,0.384,0.15,0.284,-0.01,0.506,0.97
609,6,0.303,0.4,0.091,0.14,0.557,0.99,0.779,0.96
610,6,0.01,-0.01,-0.202,0.13,0.83,1.0,1.0,0.95
611,3,0.0,0.263,0.798,0.403,0.82,0.707,0.59,0.657
612,3,-0.01,0.536,1.0,0.676,0.81,0.414,0.18,0.364
613,1,0.99,0.809,0.99,0.383,0.4,0.121,0.17,0.637
614,1,1.0,1.0,0.98,0.09,-0.01,-0.172,0.16,0.91
615,6,0.707,0.59,0.687,0.08,0.263,0.828,0.433,0.9
616,6,0.414,0.18,0.394,0.07,0.536,1.0,0.706,0.89
617,,0.404,0.17,0.384,0.06,0.526,0.99,0.696,0.88
618,,0.394,0.16,0.374,0.05,0.516,0.98,0.686,0.87
619,,0.384,0.15,0.364,0.04,0.506,0.97,0.676,0.86
620,,0.374,0.14,0.354,0.03,0.496,0.96,0.666,0.85
621,,0.364,0.13,0.344,0.02,0.486,0.95,0.656,0.84
622,,0.354,0.12,0.334,0.01,0.476,0.94,0.646,0.83
623,,0.344,0.11,0.324,0.0,0.466,0.93,0.636,0.82
624,,0.334,0.1,0.314,-0.01,0.456,0.92,0.626,0.81
625,4,0.041,0.09,0.587,0.99,0.729,0.91,0.333,0.4
626,4,-0.252,0.08,0.86,1.0,1.0,0.9,0.04,-0.01
627,1,0.748,0.353,0.85,0.707,0.59,0.607,0.03,0.263
628,1,1.0,0.626,0.84,0.414,0.18,0.314,0.02,0.536
629,,0.99,0.616,0.83,0.404,0.17,0.304,0.01,0.526
630,,0.98,0.606,0.82,0.394,0.16,0.294,0.0,0.516
631,,0.97,0.596,0.81,0.384,0.15,0.284,-0.01,0.506
632,7,0.96,0.303,0.4,0.091,0.14,0.557,0.99,0.779
633,7,0.95,0.01,-0.01,-0.202,0.13,0.83,1.0,1.0
634,4,0.657,0.0,0.263,0.798,0.403,0.82,0.707,0.59
635,4,0.364,-0.01,0.536,1.0,0.676,0.81,0.414,0.18
636,2,0.637,0.99,0.809,0.99,0.383,0.4,0.121,0.17
637,2,0.91,1.0,1.0,0.98,0.09,-0.01,-0.172,0.16
638,7,0.9,0.707,0.59,0.687,0.08,0.263,0.828,0.433
639,7,0.89,0.414,0.18,0.394,0.07,0.536,1.0,0.706
640,,0.88,0.404,0.17,0.384,0.06,0.526,0.99,0.696
641,,0.87,0.394,0.16,0.374,0.05,0.516,0.98,0.686
642,,0.86,0.384,0.15,0.364,0.04,0.506,0.97,0.676
643,,0.85,0.374,0.14,0.354,0.03,0.496,0.96,0.666
644,,0.84,0.364,0.13,0.344,0.02,0.486,0.95,0.656
645,,0.83,0.354,0.12,0.334,0.01,0.476,0.94,0.646
646,,0.82,0.344,0.11,0.324,0.0,0.466,0.93,0.636
647,,0.81,0.334,0.1,0.314,-0.01,0.456,0.92,0.626
648,5,0.4,0.041,0.09,0.587,0.99,0.729,0.91,0.333
649,5,-0.01,-0.252,0.08,0.86,1.0,1.0,0.9,0.04
650,2,0.263,0.748,0.353,0.85,0.707,0.59,0.607,0.03
651,2,0.536,1.0,0.626,0.84,0.414,0.18,0.314,0.02
652,,0.526,0.99,0.616,0.83,0.404,0.17,0.304,0.01
653,,0.516,0.98,0.606,0.82,0.394,0.16,0.294,0.0
654,,0.506,0.97,0.596,0.81,0.384,0.15,0.284,-0.01
655,8,0.779,0.96,0.303,0.4,0.091,0.14,0.557,0.99
656,8,1.0,0.95,0.01,-0.01,-0.202,0.13,0.83,1.0
657,5,0.59,0.657,0.0,0.263,0.798,0.403,0.82,0.707
658,5,0.18,0.364,-0.01,0.536,1.0,0.676,0.81,0.414
659,3,0.17,0.637,0.99,0.809,0.99,0.383,0.4,0.121
660,3,0.16,0.91,1.0,1.0,0.98,0.09,-0.01,-0.172
661,8,0.433,0.9,0.707,0.59,0.687,0.08,0.263,0.828
662,8,0.706,0.89,0.414,0.18,0.394,0.07,0.536,1.0
663,,0.696,0.88,0.404,0.17,0.384,0.06,0.526,0.99
664,,0.686,0.87,0.394,0.16,0.374,0.05,0.516,0.98
665,,0.676,0.86,0.384,0.15,0.364,0.04,0.506,0.97
666,,0.666,0.85,0.374,0.14,0.354,0.03,0.496,0.96
667,,0.656,0.84,0.364,0.13,0.344,0.02,0.486,0.95
668,,0.646,0.83,0.354,0.12,0.334,0.01,0.476,0.94
669,,0.636,0.82,0.344,0.11,0.324,0.0,0.466,0.93
670,,0.626,0.81,0.334,0.1,0.314,-0.01,0.456,0.92
671,6,0.333,0.4,0.041,0.09,0.587,0.99,0.729,0.91
672,6,0.04,-0.01,-0.252,0.08,0.86,1.0,1.0,0.9
673,3,0.03,0.263,0.748,0.353,0.85,0.707,0.59,0.607
674,3,0.02,0.536,1.0,0.626,0.84,0.414,0.18,0.314
675,,0.01,0.526,0.99,0.616,0.83,0.404,0.17,0.304
676,,0.0,0.516,0.98,0.606,0.82,0.394,0.16,0.294
677,,-0.01,0.506,0.97,0.596,0.81,0.384,0.15,0.284
678,1,0.99,0.779,0.96,0.303,0.4,0.091,0.14,0.557
679,1,1.0,1.0,0.95,0.01,-0.01,-0.202,0.13,0.83
680,6,0.707,0.59,0.657,0.0,0.263,0.798,0.403,0.82
681,6,0.414,0.18,0.364,-0.01,0.536,1.0,0.676,0.81
682,4,0.121,0.17,0.637,0.99,0.809,0.99,0.383,0.4
683,4,-0.172,0.16,0.91,1.0,1.0,0.98,0.09,-0.01
684,1,0.828,0.433,0.9,0.707,0.59,0.687,0.08,0.263
685,1,1.0,0.706,0.89,0.414,0.18,0.394,0.07,0.536
686,,0.99,0.696,0.88,0.404,0.17,0.384,0.06,0.526
687,,0.98,0.686,0.87,0.394,0.16,0.374,0.05,0.516
688,,0.97,0.676,0.86,0.384,0.15,0.364,0.04,0.506
689,,0.96,0.666,0.85,0.374,0.14,0.354,0.03,0.496
690,,0.95,0.656,0.84,0.364,0.13,0.344,0.02,0.486
691,,0.94,0.646,0.83,0.354,0.12,0.334,0.01,0.476
692,,0.93,0.636,0.82,0.344,0.11,0.324,0.0,0.466
693,,0.92,0.626,0.81,0.334,0.1,0.314,-0.01,0.456
694,7,0.91,0.333,0.4,0.041,0.09,0.587,0.99,0.729
695,7,0.9,0.04,-0.01,-0.252,0.08,0.86,1.0,1.0
696,4,0.607,0.03,0.263,0.748,0.353,0.85,0.707,0.59
697,4,0.314,0.02,0.536,1.0,0.626,0.84,0.414,0.18
698,,0.304,0.01,0.526,0.99,0.616,0.83,0.404,0.17
699,,0.294,0.0,0.516,0.98,0.606,0.82,0.394,0.16
700,,0.284,-0.01,0.506,0.97,0.596,0.81,0.384,0.15
701,2,0.557,0.99,0.779,0.96,0.303,0.4,0.091,0.14
702,2,0.83,1.0,1.0,0.95,0.01,-0.01,-0.202,0.13
703,7,0.82,0.707,0.59,0.657,0.0,0.263,0.798,0.403
704,7,0.81,0.414,0.18,0.364,-0.01,0.536,1.0,0.676
705,5,0.4,0.121,0.17,0.637,0.99,0.809,0.99,0.383
706,5,-0.01,-0.172,0.16,0.91,1.0,1.0,0.98,0.09
707,2,0.263,0.828,0.433,0.9,0.707,0.59,0.687,0.08
708,2,0.536,1.0,0.706,0.89,0.414,0.18,0.394,0.07
709,,0.526,0.99,0.696,0.88,0.404,0.17,0.384,0.06
710,,0.516,0.98,0.686,0.87,0.394,0.16,0.374,0.05
711,,0.506,0.97,0.676,0.86,0.384,0.15,0.364,0.04
712,,0.496,0.96,0.666,0.85,0.374,0.14,0.354,0.03
713,,0.486,0.95,0.656,0.84,0.364,0.13,0.344,0.02
714,,0.476,0.94,0.646,0.83,0.354,0.12,0.334,0.01
715,,0.466,0.93,0.636,0.82,0.344,0.11,0.324,0.0
716,,0.456,0.92,0.626,0.81,0.334,0.1,0.314,-0.01
717,8,0.729,0.91,0.333,0.4,0.041,0.09,0.587,0.99
718,8,1.0,0.9,0.04,-0.01,-0.252,0.08,0.86,1.0
719,5,0.59,0.607,0.03,0.263,0.748,0.353,0.85,0.707
720,5,0.18,0.314,0.02,0.536,1.0,0.626,0.84,0.414
721,,0.17,0.304,0.01,0.526,0.99,0.616,0.83,0.404
722,,0.16,0.294,0.0,0.516,0.98,0.606,0.82,0.394
723,,0.15,0.284,-0.01,0.506,0.97,0.596,0.81,0.384
724,3,0.14,0.557,0.99,0.779,0.96,0.303,0.4,0.091
725,3,0.13,0.83,1.0,1.0,0.95,0.01,-0.01,-0.202
726,8,0.403,0.82,0.707,0.59,0.657,0.0,0.263,0.798
727,8,0.676,0.81,0.414,0.18,0.364,-0.01,0.536,1.0
728,6,0.383,0.4,0.121,0.17,0.637,0.99,0.809,0.99
729,6,0.09,-0.01,-0.172,0.16,0.91,1.0,1.0,0.98
730,3,0.08,0.263,0.828,0.433,0.9,0.707,0.59,0.687
731,3,0.07,0.536,1.0,0.706,0.89,0.414,0.18,0.394
732,,0.06,0.526,0.99,0.696,0.88,0.404,0.17,0.384
733,,0.05,0.516,0.98,0.686,0.87,0.394,0.16,0.374
734,,0.04,0.506,0.97,0.676,0.86,0.384,0.15,0.364
735,,0.03,0.496,0.96,0.666,0.85,0.374,0.14,0.354
736,,0.02,0.486,0.95,0.656,0.84,0.364,0.13,0.344
737,,0.01,0.476,0.94,0.646,0.83,0.354,0.12,0.334
738,,0.0,0.466,0.93,0.636,0.82,0.344,0.11,0.324
739,,-0.01,0.456,0.92,0.626,0.81,0.334,0.1,0.314
740,1,0.99,0.729,0.91,0.333,0.4,0.041,0.09,0.587
741,1,1.0,1.0,0.9,0.04,-0.01,-0.252,0.08,0.86
742,6,0.707,0.59,0.607,0.03,0.263,0.748,0.353,0.85
743,6,0.414,0.18,0.314,0.02,0.536,1.0,0.626,0.84
744,,0.404,0.17,0.304,0.01,0.526,0.99,0.616,0.83
745,,0.394,0.16,0.294,0.0,0.516,0.98,0.606,0.82
746,,0.384,0.15,0.284,-0.01,0.506,0.97,0.596,0.81
747,4,0.091,0.14,0.557,0.99,0.779,0.96,0.303,0.4
748,4,-0.202,0.13,0.83,1.0,1.0,0.95,0.01,-0.01
749,1,0.798,0.403,0.82,0.707,0.59,0.657,0.0,0.263
750,1,1.0,0.676,0.81,0.414,0.18,0.364,-0.01,0.536
751,7,0.99,0.383,0.4,0.121,0.17,0.637,0.99,0.809
752,7,0.98,0.09,-0.01,-0.172,0.16,0.91,1.0,1.0
753,4,0.687,0.08,0.263,0.828,0.433,0.9,0.707,0.59
754,4,0.394,0.07,0.536,1.0,0.706,0.89,0.414,0.18
755,,0.384,0.06,0.526,0.99,0.696,0.88,0.404,0.17
756,,0.374,0.05,0.516,0.98,0.686,0.87,0.394,0.16
757,,0.364,0.04,0.506,0.97,0.676,0.86,0.384,0.15
758,,0.354,0.03,0.496,0.96,0.666,0.85,0.374,0.14
759,,0.344,0.02,0.486,0.95,0.656,0.84,0.364,0.13
760,,0.334,0.01,0.476,0.94,0.646,0.83,0.354,0.12
761,,0.324,0.0,0.466,0.93,0.636,0.82,0.344,0.11
762,,0.314,-0.01,0.456,0.92,0.626,0.81,0.334,0.1
763,2,0.587,0.99,0.729,0.91,0.333,0.4,0.041,0.09
764,2,0.86,1.0,1.0,0.9,0.04,-0.01,-0.252,0.08
765,7,0.85,0.707,0.59,0.607,0.03,0.263,0.748,0.353
766,7,0.84,0.414,0.18,0.314,0.02,0.536,1.0,0.626
767,,0.83,0.404,0.17,0.304,0.01,0.526,0.99,0.616
768,,0.82,0.394,0.16,0.294,0.0,0.516,0.98,0.606
769,,0.81,0.384,0.15,0.284,-0.01,0.506,0.97,0.596
770,5,0.4,0.091,0.14,0.557,0.99,0.779,0.96,0.303
771,5,-0.01,-0.202,0.13,0.83,1.0,1.0,0.95,0.01
772,2,0.263,0.798,0.403,0.82,0.707,0.59,0.657,0.0
773,2,0.536,1.0,0.676,0.81,0.414,0.18,0.364,-0.01
774,8,0.809,0.99,0.383,0.4,0.121,0.17,0.637,0.99
775,8,1.0,0.98,0.09,-0.01,-0.172,0.16,0.91,1.0
776,5,0.59,0.687,0.08,0.263,0.828,0.433,0.9,0.707
777,5,0.18,0.394,0.07,0.536,1.0,0.706,0.89,0.414
778,,0.17,0.384,0.06,0.526,0.99,0.696,0.88,0.404
779,,0.16,0.374,0.05,0.516,0.98,0.686,0.87,0.394
780,,0.15,0.364,0.04,0.506,0.97,0.676,0.86,0.384
781,,0.14,0.354,0.03,0.496,0.96,0.666,0.85,0.374
782,,0.13,0.344,0.02,0.486,0.95,0.656,0.84,0.364
783,,0.12,0.334,0.01,0.476,0.94,0.646,0.83,0.354
784,,0.11,0.324,0.0,0.466,0.93,0.636,0.82,0.344
785,,0.1,0.314,-0.01,0.456,0.92,0.626,0.81,0.334
786,3,0.09,0.587,0.99,0.729,0.91,0.333,0.4,0.041
787,3,0.08,0.86,1.0,1.0,0.9,0.04,-0.01,-0.252
788,8,0.353,0.85,0.707,0.59,0.607,0.03,0.263,0.748
789,8,0.626,0.84,0.414,0.18,0.314,0.02,0.536,1.0
790,,0.616,0.83,0.404,0.17,0.304,0.01,0.526,0.99
791,,0.606,0.82,0.394,0.16,0.294,0.0,0.516,0.98
792,,0.596,0.81,0.384,0.15,0.284,-0.01,0.506,0.97
793,6,0.303,0.4,0.091,0.14,0.557,0.99,0.779,0.96
794,6,0.01,-0.01,-0.202,0.13,0.83,1.0,1.0,0.95
795,3,0.0,0.263,0.798,0.403,0.82,0.707,0.59,0.657
796,3,-0.01,0.536,1.0,0.676,0.81,0.414,0.18,0.364
797,1,0.99,0.809,0.99,0.383,0.4,0.121,0.17,0.637
798,1,1.0,1.0,0.98,0.09,-0.01,-0.172,0.16,0.91
799,6,0.707,0.59,0.687,0.08,0.263,0.828,0.433,0.9
800,6,0.414,0.18,0.394,0.07,0.536,1.0,0.706,0.89
801,,0.404,0.17,0.384,0.06,0.526,0.99,0.696,0.88
802,,0.394,0.16,0.374,0.05,0.516,0.98,0.686,0.87
803,,0.384,0.15,0.364,0.04,0.506,0.97,0.676,0.86
804,,0.374,0.14,0.354,0.03,0.496,0.96,0.666,0.85
805,,0.364,0.13,0.344,0.02,0.486,0.95,0.656,0.84
806,,0.354,0.12,0.334,0.01,0.476,0.94,0.646,0.83
807,,0.344,0.11,0.324,0.0,0.466,0.93,0.636,0.82
808,,0.334,0.1,0.314,-0.01,0.456,0.92,0.626,0.81
809,4,0.041,0.09,0.587,0.99,0.729,0.91,0.333,0.4
