step,active_motive,motive_1,motive_2,motive_3,motive_4,motive_5,motive_6,motive_7,motive_8
0,,0.0703,0.03636,0.09718,0.09624,0.02518,0.04972,0.03009,0.02848
1,,0.0603,0.02636,0.08718,0.08624,0.01518,0.03972,0.02009,0.01848
2,,0.0503,0.01636,0.07718,0.07624,0.00518,0.02972,0.01009,0.00848
3,,0.0403,0.00636,0.06718,0.06624,-0.00482,0.01972,9e-05,-0.00152
4,5,-0.3697,-0.28664,0.05718,0.33924,0.99518,0.29272,-0.00991,-0.29452
5,5,-0.7797,-0.57964,0.04718,0.61224,1.0,0.56572,-0.01991,-0.58752
6,1,0.2203,-0.30664,0.03718,0.31924,0.59,0.27272,-0.02991,-0.31452
7,1,1.0,-0.03364,0.02718,0.02624,0.18,-0.02028,-0.03991,-0.04152
8,8,1.0,-0.04364,-0.26582,-0.38376,-0.113,-0.03028,0.23309,0.95848
9,8,1.0,-0.05364,-0.55882,-0.79376,-0.406,-0.04028,0.50609,1.0
10,4,0.707,-0.06364,-0.28582,0.20624,-0.133,-0.05028,0.21309,0.59
11,4,0.414,-0.07364,-0.01282,1.0,0.14,-0.06028,-0.07991,0.18
12,7,0.404,-0.36664,-0.42282,0.707,0.13,0.21272,0.92009,0.453
13,7,0.394,-0.65964,-0.83282,0.414,0.12,0.48572,1.0,0.726
14,3,0.384,-0.38664,0.16718,0.687,0.11,0.19272,0.59,0.433
15,3,0.374,-0.11364,1.0,0.96,0.1,-0.10028,0.18,0.14
16,2,0.647,0.88636,1.0,0.95,-0.193,-0.51028,-0.113,0.13
17,2,0.92,1.0,1.0,0.94,-0.486,-0.92028,-0.406,0.12
18,6,0.627,0.59,0.707,0.93,-0.213,0.07972,-0.133,0.11
19,6,0.334,0.18,0.414,0.92,0.06,1.0,0.14,0.1
20,,0.324,0.17,0.404,0.91,0.05,0.99,0.13,0.09
21,,0.314,0.16,0.394,0.9,0.04,0.98,0.12,0.08
22,,0.304,0.15,0.384,0.89,0.03,0.97,0.11,0.07
23,,0.294,0.14,0.374,0.88,0.02,0.96,0.1,0.06
24,,0.284,0.13,0.364,0.87,0.01,0.95,0.09,0.05
25,,0.274,0.12,0.354,0.86,0.0,0.94,0.08,0.04
26,,0.264,0.11,0.344,0.85,-0.01,0.93,0.07,0.03
27,5,-0.146,-0.183,0.334,1.0,0.99,1.0,0.06,-0.263
28,5,-0.556,-0.476,0.324,1.0,1.0,1.0,0.05,-0.556
29,1,0.444,-0.203,0.314,0.707,0.59,0.707,0.04,-0.283
30,1,1.0,0.07,0.304,0.414,0.18,0.414,0.03,-0.01
31,8,1.0,0.06,0.011,0.004,-0.113,0.404,0.303,0.99
32,8,1.0,0.05,-0.282,-0.406,-0.406,0.394,0.576,1.0
33,4,0.707,0.04,-0.009,0.594,-0.133,0.384,0.283,0.59
34,4,0.414,0.03,0.264,1.0,0.14,0.374,-0.01,0.18
35,7,0.404,-0.263,-0.146,0.707,0.13,0.647,0.99,0.453
36,7,0.394,-0.556,-0.556,0.414,0.12,0.92,1.0,0.726
37,2,0.667,0.444,-0.283,0.404,-0.173,0.51,0.707,0.716
38,2,0.94,1.0,-0.01,0.394,-0.466,0.1,0.414,0.706
39,5,0.53,0.707,-0.02,0.667,0.534,0.373,0.404,0.413
40,5,0.12,0.414,-0.03,0.94,1.0,0.646,0.394,0.12
41,3,0.11,0.687,0.97,1.0,0.99,0.353,-0.016,-0.173
42,3,0.1,0.96,1.0,1.0,0.98,0.06,-0.426,-0.466
43,8,0.373,0.95,0.707,0.59,0.687,0.05,-0.153,0.534
44,8,0.646,0.94,0.414,0.18,0.394,0.04,0.12,1.0
45,,0.636,0.93,0.404,0.17,0.384,0.03,0.11,0.99
46,,0.626,0.92,0.394,0.16,0.374,0.02,0.1,0.98
47,,0.616,0.91,0.384,0.15,0.364,0.01,0.09,0.97
48,,0.606,0.9,0.374,0.14,0.354,0.0,0.08,0.96
49,,0.596,0.89,0.364,0.13,0.344,-0.01,0.07,0.95
50,6,0.303,0.48,0.071,0.12,0.617,0.99,0.343,0.94
51,6,0.01,0.07,-0.222,0.11,0.89,1.0,0.616,0.93
52,3,0.0,0.343,0.778,0.383,0.88,0.707,0.206,0.637
53,3,-0.01,0.616,1.0,0.656,0.87,0.414,-0.204,0.344
54,7,-0.02,0.323,0.59,0.363,0.86,0.687,0.796,0.617
55,7,-0.03,0.03,0.18,0.07,0.85,0.96,1.0,0.89
56,1,0.97,0.303,0.17,-0.223,0.44,0.667,0.99,1.0
57,1,1.0,0.576,0.16,-0.516,0.03,0.374,0.98,1.0
58,4,0.707,0.566,0.433,0.484,0.303,0.364,0.687,0.59
59,4,0.414,0.556,0.706,1.0,0.576,0.354,0.394,0.18
60,,0.404,0.546,0.696,0.99,0.566,0.344,0.384,0.17
61,,0.394,0.536,0.686,0.98,0.556,0.334,0.374,0.16
62,,0.384,0.526,0.676,0.97,0.546,0.324,0.364,0.15
63,,0.374,0.516,0.666,0.96,0.536,0.314,0.354,0.14
64,,0.364,0.506,0.656,0.95,0.526,0.304,0.344,0.13
65,,0.354,0.496,0.646,0.94,0.516,0.294,0.334,0.12
66,,0.344,0.486,0.636,0.93,0.506,0.284,0.324,0.11
67,,0.334,0.476,0.626,0.92,0.496,0.274,0.314,0.1
68,,0.324,0.466,0.616,0.91,0.486,0.264,0.304,0.09
69,,0.314,0.456,0.606,0.9,0.476,0.254,0.294,0.08
70,,0.304,0.446,0.596,0.89,0.466,0.244,0.284,0.07
71,,0.294,0.436,0.586,0.88,0.456,0.234,0.274,0.06
72,,0.284,0.426,0.576,0.87,0.446,0.224,0.264,0.05
73,,0.274,0.416,0.566,0.86,0.436,0.214,0.254,0.04
74,,0.264,0.406,0.556,0.85,0.426,0.204,0.244,0.03
75,,0.254,0.396,0.546,0.84,0.416,0.194,0.234,0.02
76,,0.244,0.386,0.536,0.83,0.406,0.184,0.224,0.01
77,,0.234,0.376,0.526,0.82,0.396,0.174,0.214,0.0
78,,0.224,0.366,0.516,0.81,0.386,0.164,0.204,-0.01
79,8,0.497,0.356,0.223,0.4,0.093,0.154,0.477,0.99
80,8,0.77,0.346,-0.07,-0.01,-0.2,0.144,0.75,1.0
81,5,0.36,0.053,-0.08,0.263,0.8,0.417,0.74,0.707
82,5,-0.05,-0.24,-0.09,0.536,1.0,0.69,0.73,0.414
83,2,0.223,0.76,0.183,0.526,0.707,0.28,0.437,0.404
84,2,0.496,1.0,0.456,0.516,0.414,-0.13,0.144,0.394
85,6,0.203,0.59,0.163,0.506,0.687,0.87,0.417,0.384
86,6,-0.09,0.18,-0.13,0.496,0.96,1.0,0.69,0.374
87,3,-0.1,0.453,0.87,0.769,0.95,0.707,0.28,0.081
88,3,-0.11,0.726,1.0,1.0,0.94,0.414,-0.13,-0.212
89,8,0.163,0.716,0.707,0.59,0.647,0.404,0.143,0.788
90,8,0.436,0.706,0.414,0.18,0.354,0.394,0.416,1.0
91,,0.426,0.696,0.404,0.17,0.344,0.384,0.406,0.99
92,,0.416,0.686,0.394,0.16,0.334,0.374,0.396,0.98
93,,0.406,0.676,0.384,0.15,0.324,0.364,0.386,0.97
94,,0.396,0.666,0.374,0.14,0.314,0.354,0.376,0.96
95,,0.386,0.656,0.364,0.13,0.304,0.344,0.366,0.95
96,,0.376,0.646,0.354,0.12,0.294,0.334,0.356,0.94
97,,0.366,0.636,0.344,0.11,0.284,0.324,0.346,0.93
98,,0.356,0.626,0.334,0.1,0.274,0.314,0.336,0.92
99,,0.346,0.616,0.324,0.09,0.264,0.304,0.326,0.91
100,,0.336,0.606,0.314,0.08,0.254,0.294,0.316,0.9
101,,0.326,0.596,0.304,0.07,0.244,0.284,0.306,0.89
102,,0.316,0.586,0.294,0.06,0.234,0.274,0.296,0.88
103,,0.306,0.576,0.284,0.05,0.224,0.264,0.286,0.87
104,,0.296,0.566,0.274,0.04,0.214,0.254,0.276,0.86
105,,0.286,0.556,0.264,0.03,0.204,0.244,0.266,0.85
106,,0.276,0.546,0.254,0.02,0.194,0.234,0.256,0.84
107,,0.266,0.536,0.244,0.01,0.184,0.224,0.246,0.83
108,,0.256,0.526,0.234,0.0,0.174,0.214,0.236,0.82
109,,0.246,0.516,0.224,-0.01,0.164,0.204,0.226,0.81
110,4,-0.047,0.506,0.497,0.99,0.437,0.194,-0.067,0.4
111,4,-0.34,0.496,0.77,1.0,0.71,0.184,-0.36,-0.01
112,7,-0.35,0.203,0.36,0.707,0.7,0.457,0.64,0.263
113,7,-0.36,-0.09,-0.05,0.414,0.69,0.73,1.0,0.536
114,1,0.64,0.183,-0.06,0.121,0.28,0.437,0.99,0.809
115,1,1.0,0.456,-0.07,-0.172,-0.13,0.144,0.98,1.0
116,4,0.707,0.446,0.203,0.828,0.143,0.134,0.687,0.59
117,4,0.414,0.436,0.476,1.0,0.416,0.124,0.394,0.18
118,,0.404,0.426,0.466,0.99,0.406,0.114,0.384,0.17
119,,0.394,0.416,0.456,0.98,0.396,0.104,0.374,0.16
120,,0.384,0.406,0.446,0.97,0.386,0.094,0.364,0.15
121,,0.374,0.396,0.436,0.96,0.376,0.084,0.354,0.14
122,,0.364,0.386,0.426,0.95,0.366,0.074,0.344,0.13
123,,0.354,0.376,0.416,0.94,0.356,0.064,0.334,0.12
124,,0.344,0.366,0.406,0.93,0.346,0.054,0.324,0.11
125,,0.334,0.356,0.396,0.92,0.336,0.044,0.314,0.1
126,,0.324,0.346,0.386,0.91,0.326,0.034,0.304,0.09
127,,0.314,0.336,0.376,0.9,0.316,0.024,0.294,0.08
128,,0.304,0.326,0.366,0.89,0.306,0.014,0.284,0.07
129,,0.294,0.316,0.356,0.88,0.296,0.004,0.274,0.06
130,,0.284,0.306,0.346,0.87,0.286,-0.006,0.264,0.05
131,6,-0.009,-0.104,0.053,0.86,0.559,0.994,0.537,0.04
132,6,-0.302,-0.514,-0.24,0.85,0.832,1.0,0.81,0.03
133,2,-0.029,0.486,0.033,0.84,0.539,0.59,0.517,0.02
134,2,0.244,1.0,0.306,0.83,0.246,0.18,0.224,0.01
135,,0.234,0.99,0.296,0.82,0.236,0.17,0.214,0.0
136,,0.224,0.98,0.286,0.81,0.226,0.16,0.204,-0.01
137,8,0.497,0.97,-0.007,0.4,-0.067,0.15,0.477,0.99
138,8,0.77,0.96,-0.3,-0.01,-0.36,0.14,0.75,1.0
139,5,0.36,0.667,-0.31,0.263,0.64,0.413,0.74,0.707
140,5,-0.05,0.374,-0.32,0.536,1.0,0.686,0.73,0.414
141,3,-0.06,0.647,0.68,0.809,0.99,0.393,0.32,0.121
142,3,-0.07,0.92,1.0,1.0,0.98,0.1,-0.09,-0.172
143,8,0.203,0.91,0.707,0.59,0.687,0.09,0.183,0.828
144,8,0.476,0.9,0.414,0.18,0.394,0.08,0.456,1.0
145,,0.466,0.89,0.404,0.17,0.384,0.07,0.446,0.99
146,,0.456,0.88,0.394,0.16,0.374,0.06,0.436,0.98
147,,0.446,0.87,0.384,0.15,0.364,0.05,0.426,0.97
148,,0.436,0.86,0.374,0.14,0.354,0.04,0.416,0.96
149,,0.426,0.85,0.364,0.13,0.344,0.03,0.406,0.95
150,,0.416,0.84,0.354,0.12,0.334,0.02,0.396,0.94
151,,0.406,0.83,0.344,0.11,0.324,0.01,0.386,0.93
152,,0.396,0.82,0.334,0.1,0.314,0.0,0.376,0.92
153,,0.386,0.81,0.324,0.09,0.304,-0.01,0.366,0.91
154,6,0.093,0.4,0.031,0.08,0.577,0.99,0.639,0.9
155,6,-0.2,-0.01,-0.262,0.07,0.85,1.0,0.912,0.89
156,3,-0.21,0.263,0.738,0.343,0.84,0.707,0.502,0.597
157,3,-0.22,0.536,1.0,0.616,0.83,0.414,0.092,0.304
158,1,0.78,0.809,0.99,0.323,0.42,0.121,0.082,0.577
159,1,1.0,1.0,0.98,0.03,0.01,-0.172,0.072,0.85
160,6,0.707,0.59,0.687,0.02,0.283,0.828,0.345,0.84
161,6,0.414,0.18,0.394,0.01,0.556,1.0,0.618,0.83
162,,0.404,0.17,0.384,0.0,0.546,0.99,0.608,0.82
163,,0.394,0.16,0.374,-0.01,0.536,0.98,0.598,0.81
164,4,0.101,0.15,0.647,0.99,0.809,0.97,0.305,0.4
165,4,-0.192,0.14,0.92,1.0,1.0,0.96,0.012,-0.01
166,1,0.808,0.413,0.91,0.707,0.59,0.667,0.002,0.263
167,1,1.0,0.686,0.9,0.414,0.18,0.374,-0.008,0.536
168,7,0.99,0.393,0.49,0.121,0.17,0.647,0.992,0.809
169,7,0.98,0.1,0.08,-0.172,0.16,0.92,1.0,1.0
170,4,0.687,0.09,0.353,0.828,0.433,0.91,0.707,0.59
171,4,0.394,0.08,0.626,1.0,0.706,0.9,0.414,0.18
172,,0.384,0.07,0.616,0.99,0.696,0.89,0.404,0.17
173,,0.374,0.06,0.606,0.98,0.686,0.88,0.394,0.16
174,,0.364,0.05,0.596,0.97,0.676,0.87,0.384,0.15
175,,0.354,0.04,0.586,0.96,0.666,0.86,0.374,0.14
176,,0.344,0.03,0.576,0.95,0.656,0.85,0.364,0.13
177,,0.334,0.02,0.566,0.94,0.646,0.84,0.354,0.12
178,,0.324,0.01,0.556,0.93,0.636,0.83,0.344,0.11
179,,0.314,0.0,0.546,0.92,0.626,0.82,0.334,0.1
180,,0.304,-0.01,0.536,0.91,0.616,0.81,0.324,0.09
181,2,0.577,0.99,0.809,0.9,0.323,0.4,0.031,0.08
182,2,0.85,1.0,1.0,0.89,0.03,-0.01,-0.262,0.07
183,7,0.84,0.707,0.59,0.597,0.02,0.263,0.738,0.343
184,7,0.83,0.414,0.18,0.304,0.01,0.536,1.0,0.616
185,,0.82,0.404,0.17,0.294,0.0,0.526,0.99,0.606
186,,0.81,0.394,0.16,0.284,-0.01,0.516,0.98,0.596
187,5,0.4,0.101,0.15,0.557,0.99,0.789,0.97,0.303
188,5,-0.01,-0.192,0.14,0.83,1.0,1.0,0.96,0.01
189,2,0.263,0.808,0.413,0.82,0.707,0.59,0.667,0.0
190,2,0.536,1.0,0.686,0.81,0.414,0.18,0.374,-0.01
191,8,0.809,0.99,0.393,0.4,0.121,0.17,0.647,0.99
192,8,1.0,0.98,0.1,-0.01,-0.172,0.16,0.92,1.0
193,5,0.59,0.687,0.09,0.263,0.828,0.433,0.91,0.707
194,5,0.18,0.394,0.08,0.536,1.0,0.706,0.9,0.414
195,,0.17,0.384,0.07,0.526,0.99,0.696,0.89,0.404
196,,0.16,0.374,0.06,0.516,0.98,0.686,0.88,0.394
197,,0.15,0.364,0.05,0.506,0.97,0.676,0.87,0.384
198,,0.14,0.354,0.04,0.496,0.96,0.666,0.86,0.374
199,,0.13,0.344,0.03,0.486,0.95,0.656,0.85,0.364
200,,0.12,0.334,0.02,0.476,0.94,0.646,0.84,0.354
201,,0.11,0.324,0.01,0.466,0.93,0.636,0.83,0.344
202,,0.1,0.314,0.0,0.456,0.92,0.626,0.82,0.334
203,,0.09,0.304,-0.01,0.446,0.91,0.616,0.81,0.324
204,3,0.08,0.577,0.99,0.719,0.9,0.323,0.4,0.031
205,3,0.07,0.85,1.0,0.992,0.89,0.03,-0.01,-0.262
206,8,0.343,0.84,0.707,0.582,0.597,0.02,0.263,0.738
207,8,0.616,0.83,0.414,0.172,0.304,0.01,0.536,1.0
208,,0.606,0.82,0.404,0.162,0.294,0.0,0.526,0.99
209,,0.596,0.81,0.394,0.152,0.284,-0.01,0.516,0.98
210,6,0.303,0.4,0.101,0.142,0.557,0.99,0.789,0.97
211,6,0.01,-0.01,-0.192,0.132,0.83,1.0,1.0,0.96
212,3,0.0,0.263,0.808,0.405,0.82,0.707,0.59,0.667
213,3,-0.01,0.536,1.0,0.678,0.81,0.414,0.18,0.374
214,1,0.99,0.809,0.99,0.385,0.4,0.121,0.17,0.647
215,1,1.0,1.0,0.98,0.092,-0.01,-0.172,0.16,0.92
216,6,0.707,0.59,0.687,0.082,0.263,0.828,0.433,0.91
217,6,0.414,0.18,0.394,0.072,0.536,1.0,0.706,0.9
218,,0.404,0.17,0.384,0.062,0.526,0.99,0.696,0.89
219,,0.394,0.16,0.374,0.052,0.516,0.98,0.686,0.88
220,,0.384,0.15,0.364,0.042,0.506,0.97,0.676,0.87
221,,0.374,0.14,0.354,0.032,0.496,0.96,0.666,0.86
222,,0.364,0.13,0.344,0.022,0.486,0.95,0.656,0.85
223,,0.354,0.12,0.334,0.012,0.476,0.94,0.646,0.84
224,,0.344,0.11,0.324,0.002,0.466,0.93,0.636,0.83
225,,0.334,0.1,0.314,-0.008,0.456,0.92,0.626,0.82
226,4,0.041,0.09,0.587,0.992,0.729,0.91,0.333,0.41
227,4,-0.252,0.08,0.86,1.0,1.0,0.9,0.04,-0.0
228,1,0.748,0.353,0.85,0.707,0.59,0.607,0.03,0.273
229,1,1.0,0.626,0.84,0.414,0.18,0.314,0.02,0.546
230,,0.99,0.616,0.83,0.404,0.17,0.304,0.01,0.536
231,,0.98,0.606,0.82,0.394,0.16,0.294,0.0,0.526
232,,0.97,0.596,0.81,0.384,0.15,0.284,-0.01,0.516
233,7,0.96,0.303,0.4,0.091,0.14,0.557,0.99,0.789
234,7,0.95,0.01,-0.01,-0.202,0.13,0.83,1.0,1.0
235,4,0.657,0.0,0.263,0.798,0.403,0.82,0.707,0.59
236,4,0.364,-0.01,0.536,1.0,0.676,0.81,0.414,0.18
237,2,0.637,0.99,0.809,0.99,0.383,0.4,0.121,0.17
238,2,0.91,1.0,1.0,0.98,0.09,-0.01,-0.172,0.16
239,7,0.9,0.707,0.59,0.687,0.08,0.263,0.828,0.433
240,7,0.89,0.414,0.18,0.394,0.07,0.536,1.0,0.706
241,,0.88,0.404,0.17,0.384,0.06,0.526,0.99,0.696
242,,0.87,0.394,0.16,0.374,0.05,0.516,0.98,0.686
243,,0.86,0.384,0.15,0.364,0.04,0.506,0.97,0.676
244,,0.85,0.374,0.14,0.354,0.03,0.496,0.96,0.666
245,,0.84,0.364,0.13,0.344,0.02,0.486,0.95,0.656
246,,0.83,0.354,0.12,0.334,0.01,0.476,0.94,0.646
247,,0.82,0.344,0.11,0.324,0.0,0.466,0.93,0.636
248,,0.81,0.334,0.1,0.314,-0.01,0.456,0.92,0.626
249,5,0.4,0.041,0.09,0.587,0.99,0.729,0.91,0.333
250,5,-0.01,-0.252,0.08,0.86,1.0,1.0,0.9,0.04
251,2,0.263,0.748,0.353,0.85,0.707,0.59,0.607,0.03
252,2,0.536,1.0,0.626,0.84,0.414,0.18,0.314,0.02
253,,0.526,0.99,0.616,0.83,0.404,0.17,0.304,0.01
254,,0.516,0.98,0.606,0.82,0.394,0.16,0.294,0.0
255,,0.506,0.97,0.596,0.81,0.384,0.15,0.284,-0.01
256,8,0.779,0.96,0.303,0.4,0.091,0.14,0.557,0.99
257,8,1.0,0.95,0.01,-0.01,-0.202,0.13,0.83,1.0
258,5,0.59,0.657,0.0,0.263,0.798,0.403,0.82,0.707
259,5,0.18,0.364,-0.01,0.536,1.0,0.676,0.81,0.414
260,3,0.17,0.637,0.99,0.809,0.99,0.383,0.4,0.121
261,3,0.16,0.91,1.0,1.0,0.98,0.09,-0.01,-0.172
262,8,0.433,0.9,0.707,0.59,0.687,0.08,0.263,0.828
263,8,0.706,0.89,0.414,0.18,0.394,0.07,0.536,1.0
264,,0.696,0.88,0.404,0.17,0.384,0.06,0.526,0.99
265,,0.686,0.87,0.394,0.16,0.374,0.05,0.516,0.98
266,,0.676,0.86,0.384,0.15,0.364,0.04,0.506,0.97
267,,0.666,0.85,0.374,0.14,0.354,0.03,0.496,0.96
268,,0.656,0.84,0.364,0.13,0.344,0.02,0.486,0.95
269,,0.646,0.83,0.354,0.12,0.334,0.01,0.476,0.94
270,,0.636,0.82,0.344,0.11,0.324,0.0,0.466,0.93
271,,0.626,0.81,0.334,0.1,0.314,-0.01,0.456,0.92
272,6,0.333,0.4,0.041,0.09,0.587,0.99,0.729,0.91
273,6,0.04,-0.01,-0.252,0.08,0.86,1.0,1.0,0.9
274,3,0.03,0.263,0.748,0.353,0.85,0.707,0.59,0.607
275,3,0.02,0.536,1.0,0.626,0.84,0.414,0.18,0.314
276,,0.01,0.526,0.99,0.616,0.83,0.404,0.17,0.304
277,,0.0,0.516,0.98,0.606,0.82,0.394,0.16,0.294
278,,-0.01,0.506,0.97,0.596,0.81,0.384,0.15,0.284
279,1,0.99,0.779,0.96,0.303,0.4,0.091,0.14,0.557
280,1,1.0,1.0,0.95,0.01,-0.01,-0.202,0.13,0.83
281,6,0.707,0.59,0.657,0.0,0.263,0.798,0.403,0.82
282,6,0.414,0.18,0.364,-0.01,0.536,1.0,0.676,0.81
283,4,0.121,0.17,0.637,0.99,0.809,0.99,0.383,0.4
284,4,-0.172,0.16,0.91,1.0,1.0,0.98,0.09,-0.01
285,1,0.828,0.433,0.9,0.707,0.59,0.687,0.08,0.263
286,1,1.0,0.706,0.89,0.414,0.18,0.394,0.07,0.536
287,,0.99,0.696,0.88,0.404,0.17,0.384,0.06,0.526
288,,0.98,0.686,0.87,0.394,0.16,0.374,0.05,0.516
289,,0.97,0.676,0.86,0.384,0.15,0.364,0.04,0.506
290,,0.96,0.666,0.85,0.374,0.14,0.354,0.03,0.496
291,,0.95,0.656,0.84,0.364,0.13,0.344,0.02,0.486
292,,0.94,0.646,0.83,0.354,0.12,0.334,0.01,0.476
293,,0.93,0.636,0.82,0.344,0.11,0.324,0.0,0.466
294,,0.92,0.626,0.81,0.334,0.1,0.314,-0.01,0.456
295,7,0.91,0.333,0.4,0.041,0.09,0.587,0.99,0.729
296,7,0.9,0.04,-0.01,-0.252,0.08,0.86,1.0,1.0
297,4,0.607,0.03,0.263,0.748,0.353,0.85,0.707,0.59
298,4,0.314,0.02,0.536,1.0,0.626,0.84,0.414,0.18
299,,0.304,0.01,0.526,0.99,0.616,0.83,0.404,0.17
300,,0.294,0.0,0.516,0.98,0.606,0.82,0.394,0.16
301,,0.284,-0.01,0.506,0.97,0.596,0.81,0.384,0.15
302,2,0.557,0.99,0.779,0.96,0.303,0.4,0.091,0.14
303,2,0.83,1.0,1.0,0.95,0.01,-0.01,-0.202,0.13
304,7,0.82,0.707,0.59,0.657,0.0,0.263,0.798,0.403
305,7,0.81,0.414,0.18,0.364,-0.01,0.536,1.0,0.676
306,5,0.4,0.121,0.17,0.637,0.99,0.809,0.99,0.383
307,5,-0.01,-0.172,0.16,0.91,1.0,1.0,0.98,0.09
308,2,0.263,0.828,0.433,0.9,0.707,0.59,0.687,0.08
309,2,0.536,1.0,0.706,0.89,0.414,0.18,0.394,0.07
310,,0.526,0.99,0.696,0.88,0.404,0.17,0.384,0.06
311,,0.516,0.98,0.686,0.87,0.394,0.16,0.374,0.05
312,,0.506,0.97,0.676,0.86,0.384,0.15,0.364,0.04
313,,0.496,0.96,0.666,0.85,0.374,0.14,0.354,0.03
314,,0.486,0.95,0.656,0.84,0.364,0.13,0.344,0.02
315,,0.476,0.94,0.646,0.83,0.354,0.12,0.334,0.01
316,,0.466,0.93,0.636,0.82,0.344,0.11,0.324,0.0
317,,0.456,0.92,0.626,0.81,0.334,0.1,0.314,-0.01
318,8,0.729,0.91,0.333,0.4,0.041,0.09,0.587,0.99
319,8,1.0,0.9,0.04,-0.01,-0.252,0.08,0.86,1.0
320,5,0.59,0.607,0.03,0.263,0.748,0.353,0.85,0.707
321,5,0.18,0.314,0.02,0.536,1.0,0.626,0.84,0.414
322,,0.17,0.304,0.01,0.526,0.99,0.616,0.83,0.404
323,,0.16,0.294,0.0,0.516,0.98,0.606,0.82,0.394
324,,0.15,0.284,-0.01,0.506,0.97,0.596,0.81,0.384
325,3,0.14,0.557,0.99,0.779,0.96,0.303,0.4,0.091
326,3,0.13,0.83,1.0,1.0,0.95,0.01,-0.01,-0.202
327,8,0.403,0.82,0.707,0.59,0.657,0.0,0.263,0.798
328,8,0.676,0.81,0.414,0.18,0.364,-0.01,0.536,1.0
329,6,0.383,0.4,0.121,0.17,0.637,0.99,0.809,0.99
330,6,0.09,-0.01,-0.172,0.16,0.91,1.0,1.0,0.98
331,3,0.08,0.263,0.828,0.433,0.9,0.707,0.59,0.687
332,3,0.07,0.536,1.0,0.706,0.89,0.414,0.18,0.394
333,,0.06,0.526,0.99,0.696,0.88,0.404,0.17,0.384
334,,0.05,0.516,0.98,0.686,0.87,0.394,0.16,0.374
335,,0.04,0.506,0.97,0.676,0.86,0.384,0.15,0.364
336,,0.03,0.496,0.96,0.666,0.85,0.374,0.14,0.354
337,,0.02,0.486,0.95,0.656,0.84,0.364,0.13,0.344
338,,0.01,0.476,0.94,0.646,0.83,0.354,0.12,0.334
339,,0.0,0.466,0.93,0.636,0.82,0.344,0.11,0.324
340,,-0.01,0.456,0.92,0.626,0.81,0.334,0.1,0.314
341,1,0.99,0.729,0.91,0.333,0.4,0.041,0.09,0.587
342,1,1.0,1.0,0.9,0.04,-0.01,-0.252,0.08,0.86
343,6,0.707,0.59,0.607,0.03,0.263,0.748,0.353,0.85
344,6,0.414,0.18,0.314,0.02,0.536,1.0,0.626,0.84
345,,0.404,0.17,0.304,0.01,0.526,0.99,0.616,0.83
346,,0.394,0.16,0.294,0.0,0.516,0.98,0.606,0.82
347,,0.384,0.15,0.284,-0.01,0.506,0.97,0.596,0.81
348,4,0.091,0.14,0.557,0.99,0.779,0.96,0.303,0.4
349,4,-0.202,0.13,0.83,1.0,1.0,0.95,0.01,-0.01
350,1,0.798,0.403,0.82,0.707,0.59,0.657,0.0,0.263
351,1,1.0,0.676,0.81,0.414,0.18,0.364,-0.01,0.536
352,7,0.99,0.383,0.4,0.121,0.17,0.637,0.99,0.809
353,7,0.98,0.09,-0.01,-0.172,0.16,0.91,1.0,1.0
354,4,0.687,0.08,0.263,0.828,0.433,0.9,0.707,0.59
355,4,0.394,0.07,0.536,1.0,0.706,0.89,0.414,0.18
356,,0.384,0.06,0.526,0.99,0.696,0.88,0.404,0.17
357,,0.374,0.05,0.516,0.98,0.686,0.87,0.394,0.16
358,,0.364,0.04,0.506,0.97,0.676,0.86,0.384,0.15
359,,0.354,0.03,0.496,0.96,0.666,0.85,0.374,0.14
360,,0.344,0.02,0.486,0.95,0.656,0.84,0.364,0.13
361,,0.334,0.01,0.476,0.94,0.646,0.83,0.354,0.12
362,,0.324,0.0,0.466,0.93,0.636,0.82,0.344,0.11
363,,0.314,-0.01,0.456,0.92,0.626,0.81,0.334,0.1
364,2,0.587,0.99,0.729,0.91,0.333,0.4,0.041,0.09
365,2,0.86,1.0,1.0,0.9,0.04,-0.01,-0.252,0.08
366,7,0.85,0.707,0.59,0.607,0.03,0.263,0.748,0.353
367,7,0.84,0.414,0.18,0.314,0.02,0.536,1.0,0.626
368,,0.83,0.404,0.17,0.304,0.01,0.526,0.99,0.616
369,,0.82,0.394,0.16,0.294,0.0,0.516,0.98,0.606
370,,0.81,0.384,0.15,0.284,-0.01,0.506,0.97,0.596
371,5,0.4,0.091,0.14,0.557,0.99,0.779,0.96,0.303
372,5,-0.01,-0.202,0.13,0.83,1.0,1.0,0.95,0.01
373,2,0.263,0.798,0.403,0.82,0.707,0.59,0.657,0.0
374,2,0.536,1.0,0.676,0.81,0.414,0.18,0.364,-0.01
375,8,0.809,0.99,0.383,0.4,0.121,0.17,0.637,0.99
376,8,1.0,0.98,0.09,-0.01,-0.172,0.16,0.91,1.0
377,5,0.59,0.687,0.08,0.263,0.828,0.433,0.9,0.707
378,5,0.18,0.394,0.07,0.536,1.0,0.706,0.89,0.414
379,,0.17,0.384,0.06,0.526,0.99,0.696,0.88,0.404
380,,0.16,0.374,0.05,0.516,0.98,0.686,0.87,0.394
381,,0.15,0.364,0.04,0.506,0.97,0.676,0.86,0.384
382,,0.14,0.354,0.03,0.496,0.96,0.666,0.85,0.374
383,,0.13,0.344,0.02,0.486,0.95,0.656,0.84,0.364
384,,0.12,0.334,0.01,0.476,0.94,0.646,0.83,0.354
385,,0.11,0.324,0.0,0.466,0.93,0.636,0.82,0.344
386,,0.1,0.314,-0.01,0.456,0.92,0.626,0.81,0.334
387,3,0.09,0.587,0.99,0.729,0.91,0.333,0.4,0.041
388,3,0.08,0.86,1.0,1.0,0.9,0.04,-0.01,-0.252
389,8,0.353,0.85,0.707,0.59,0.607,0.03,0.263,0.748
390,8,0.626,0.84,0.414,0.18,0.314,0.02,0.536,1.0
391,,0.616,0.83,0.404,0.17,0.304,0.01,0.526,0.99
392,,0.606,0.82,0.394,0.16,0.294,0.0,0.516,0.98
393,,0.596,0.81,0.384,0.15,0.284,-0.01,0.506,0.97
394,6,0.303,0.4,0.091,0.14,0.557,0.99,0.779,0.96
395,6,0.01,-0.01,-0.202,0.13,0.83,1.0,1.0,0.95
396,3,0.0,0.263,0.798,0.403,0.82,0.707,0.59,0.657
397,3,-0.01,0.536,1.0,0.676,0.81,0.414,0.18,0.364
398,1,0.99,0.809,0.99,0.383,0.4,0.121,0.17,0.637
399,1,1.0,1.0,0.98,0.09,-0.01,-0.172,0.16,0.91
400,6,0.707,0.59,0.687,0.08,0.263,0.828,0.433,0.9
401,6,0.414,0.18,0.394,0.07,0.536,1.0,0.706,0.89
402,,0.404,0.17,0.384,0.06,0.526,0.99,0.696,0.88
403,,0.394,0.16,0.374,0.05,0.516,0.98,0.686,0.87
404,,0.384,0.15,0.364,0.04,0.506,0.97,0.676,0.86
405,,0.374,0.14,0.354,0.03,0.496,0.96,0.666,0.85
406,,0.364,0.13,0.344,0.02,0.486,0.95,0.656,0.84
407,,0.354,0.12,0.334,0.01,0.476,0.94,0.646,0.83
408,,0.344,0.11,0.324,0.0,0.466,0.93,0.636,0.82
409,,0.334,0.1,0.314,-0.01,0.456,0.92,0.626,0.81
410,4,0.041,0.09,0.587,0.99,0.729,0.91,0.333,0.4
411,4,-0.252,0.08,0.86,1.0,1.0,0.9,0.04,-0.01
412,1,0.748,0.353,0.85,0.707,0.59,0.607,0.03,0.263
413,1,1.0,0.626,0.84,0.414,0.18,0.314,0.02,0.536
414,,0.99,0.616,0.83,0.404,0.17,0.304,0.01,0.526
415,,0.98,0.606,0.82,0.394,0.16,0.294,0.0,0.516
416,,0.97,0.596,0.81,0.384,0.15,0.284,-0.01,0.506
417,7,0.96,0.303,0.4,0.091,0.14,0.557,0.99,0.779
418,7,0.95,0.01,-0.01,-0.202,0.13,0.83,1.0,1.0
419,4,0.657,0.0,0.263,0.798,0.403,0.82,0.707,0.59
420,4,0.364,-0.01,0.536,1.0,0.676,0.81,0.414,0.18
421,2,0.637,0.99,0.809,0.99,0.383,0.4,0.121,0.17
422,2,0.91,1.0,1.0,0.98,0.09,-0.01,-0.172,0.16
423,7,0.9,0.707,0.59,0.687,0.08,0.263,0.828,0.433
424,7,0.89,0.414,0.18,0.394,0.07,0.536,1.0,0.706
425,,0.88,0.404,0.17,0.384,0.06,0.526,0.99,0.696
426,,0.87,0.394,0.16,0.374,0.05,0.516,0.98,0.686
427,,0.86,0.384,0.15,0.364,0.04,0.506,0.97,0.676
428,,0.85,0.374,0.14,0.354,0.03,0.496,0.96,0.666
429,,0.84,0.364,0.13,0.344,0.02,0.486,0.95,0.656
430,,0.83,0.354,0.12,0.334,0.01,0.476,0.94,0.646
431,,0.82,0.344,0.11,0.324,0.0,0.466,0.93,0.636
432,,0.81,0.334,0.1,0.314,-0.01,0.456,0.92,0.626
433,5,0.4,0.041,0.09,0.587,0.99,0.729,0.91,0.333
434,5,-0.01,-0.252,0.08,0.86,1.0,1.0,0.9,0.04
435,2,0.263,0.748,0.353,0.85,0.707,0.59,0.607,0.03
436,2,0.536,1.0,0.626,0.84,0.414,0.18,0.314,0.02
437,,0.526,0.99,0.616,0.83,0.404,0.17,0.304,0.01
438,,0.516,0.98,0.606,0.82,0.394,0.16,0.294,0.0
439,,0.506,0.97,0.596,0.81,0.384,0.15,0.284,-0.01
440,8,0.779,0.96,0.303,0.4,0.091,0.14,0.557,0.99
441,8,1.0,0.95,0.01,-0.01,-0.202,0.13,0.83,1.0
442,5,0.59,0.657,0.0,0.263,0.798,0.403,0.82,0.707
443,5,0.18,0.364,-0.01,0.536,1.0,0.676,0.81,0.414
444,3,0.17,0.637,0.99,0.809,0.99,0.383,0.4,0.121
445,3,0.16,0.91,1.0,1.0,0.98,0.09,-0.01,-0.172
446,8,0.433,0.9,0.707,0.59,0.687,0.08,0.263,0.828
447,8,0.706,0.89,0.414,0.18,0.394,0.07,0.536,1.0
448,,0.696,0.88,0.404,0.17,0.384,0.06,0.526,0.99
449,,0.686,0.87,0.394,0.16,0.374,0.05,0.516,0.98
450,,0.676,0.86,0.384,0.15,0.364,0.04,0.506,0.97
451,,0.666,0.85,0.374,0.14,0.354,0.03,0.496,0.96
452,,0.656,0.84,0.364,0.13,0.344,0.02,0.486,0.95
453,,0.646,0.83,0.354,0.12,0.334,0.01,0.476,0.94
454,,0.636,0.82,0.344,0.11,0.324,0.0,0.466,0.93
455,,0.626,0.81,0.334,0.1,0.314,-0.01,0.456,0.92
456,6,0.333,0.4,0.041,0.09,0.587,0.99,0.729,0.91
457,6,0.04,-0.01,-0.252,0.08,0.86,1.0,1.0,0.9
458,3,0.03,0.263,0.748,0.353,0.85,0.707,0.59,0.607
459,3,0.02,0.536,1.0,0.626,0.84,0.414,0.18,0.314
460,,0.01,0.526,0.99,0.616,0.83,0.404,0.17,0.304
461,,0.0,0.516,0.98,0.606,0.82,0.394,0.16,0.294
462,,-0.01,0.506,0.97,0.596,0.81,0.384,0.15,0.284
463,1,0.99,0.779,0.96,0.303,0.4,0.091,0.14,0.557
464,1,1.0,1.0,0.95,0.01,-0.01,-0.202,0.13,0.83
465,6,0.707,0.59,0.657,0.0,0.263,0.798,0.403,0.82
466,6,0.414,0.18,0.364,-0.01,0.536,1.0,0.676,0.81
467,4,0.121,0.17,0.637,0.99,0.809,0.99,0.383,0.4
468,4,-0.172,0.16,0.91,1.0,1.0,0.98,0.09,-0.01
469,1,0.828,0.433,0.9,0.707,0.59,0.687,0.08,0.263
470,1,1.0,0.706,0.89,0.414,0.18,0.394,0.07,0.536
471,,0.99,0.696,0.88,0.404,0.17,0.384,0.06,0.526
472,,0.98,0.686,0.87,0.394,0.16,0.374,0.05,0.516
473,,0.97,0.676,0.86,0.384,0.15,0.364,0.04,0.506
474,,0.96,0.666,0.85,0.374,0.14,0.354,0.03,0.496
475,,0.95,0.656,0.84,0.364,0.13,0.344,0.02,0.486
476,,0.94,0.646,0.83,0.354,0.12,0.334,0.01,0.476
477,,0.93,0.636,0.82,0.344,0.11,0.324,0.0,0.466
478,,0.92,0.626,0.81,0.334,0.1,0.314,-0.01,0.456
479,7,0.91,0.333,0.4,0.041,0.09,0.587,0.99,0.729
480,7,0.9,0.04,-0.01,-0.252,0.08,0.86,1.0,1.0
481,4,0.607,0.03,0.263,0.748,0.353,0.85,0.707,0.59
482,4,0.314,0.02,0.536,1.0,0.626,0.84,0.414,0.18
483,,0.304,0.01,0.526,0.99,0.616,0.83,0.404,0.17
484,,0.294,0.0,0.516,0.98,0.606,0.82,0.394,0.16
485,,0.284,-0.01,0.506,0.97,0.596,0.81,0.384,0.15
486,2,0.557,0.99,0.779,0.96,0.303,0.4,0.091,0.14
487,2,0.83,1.0,1.0,0.95,0.01,-0.01,-0.202,0.13
488,7,0.82,0.707,0.59,0.657,0.0,0.263,0.798,0.403
489,7,0.81,0.414,0.18,0.364,-0.01,0.536,1.0,0.676
490,5,0.4,0.121,0.17,0.637,0.99,0.809,0.99,0.383
491,5,-0.01,-0.172,0.16,0.91,1.0,1.0,0.98,0.09
492,2,0.263,0.828,0.433,0.9,0.707,0.59,0.687,0.08
493,2,0.536,1.0,0.706,0.89,0.414,0.18,0.394,0.07
494,,0.526,0.99,0.696,0.88,0.404,0.17,0.384,0.06
495,,0.516,0.98,0.686,0.87,0.394,0.16,0.374,0.05
496,,0.506,0.97,0.676,0.86,0.384,0.15,0.364,0.04
497,,0.496,0.96,0.666,0.85,0.374,0.14,0.354,0.03
498,,0.486,0.95,0.656,0.84,0.364,0.13,0.344,0.02
499,,0.476,0.94,0.646,0.83,0.354,0.12,0.334,0.01
500,,0.466,0.93,0.636,0.82,0.344,0.11,0.324,0.0
501,,0.456,0.92,0.626,0.81,0.334,0.1,0.314,-0.01
502,8,0.729,0.91,0.333,0.4,0.041,0.09,0.587,0.99
503,8,1.0,0.9,0.04,-0.01,-0.252,0.08,0.86,1.0
504,5,0.59,0.607,0.03,0.263,0.748,0.353,0.85,0.707
505,5,0.18,0.314,0.02,0.536,1.0,0.626,0.84,0.414
506,,0.17,0.304,0.01,0.526,0.99,0.616,0.83,0.404
507,,0.16,0.294,0.0,0.516,0.98,0.606,0.82,0.394
508,,0.15,0.284,-0.01,0.506,0.97,0.596,0.81,0.384
509,3,0.14,0.557,0.99,0.779,0.96,0.303,0.4,0.091
510,3,0.13,0.83,1.0,1.0,0.95,0.01,-0.01,-0.202
511,8,0.403,0.82,0.707,0.59,0.657,0.0,0.263,0.798
512,8,0.676,0.81,0.414,0.18,0.364,-0.01,0.536,1.0
513,6,0.383,0.4,0.121,0.17,0.637,0.99,0.809,0.99
514,6,0.09,-0.01,-0.172,0.16,0.91,1.0,1.0,0.98
515,3,0.08,0.263,0.828,0.433,0.9,0.707,0.59,0.687
516,3,0.07,0.536,1.0,0.706,0.89,0.414,0.18,0.394
517,,0.06,0.526,0.99,0.696,0.88,0.404,0.17,0.384
518,,0.05,0.516,0.98,0.686,0.87,0.394,0.16,0.374
519,,0.04,0.506,0.97,0.676,0.86,0.384,0.15,0.364
520,,0.03,0.496,0.96,0.666,0.85,0.374,0.14,0.354
521,,0.02,0.486,0.95,0.656,0.84,0.364,0.13,0.344
522,,0.01,0.476,0.94,0.646,0.83,0.354,0.12,0.334
523,,0.0,0.466,0.93,0.636,0.82,0.344,0.11,0.324
524,,-0.01,0.456,0.92,0.626,0.81,0.334,0.1,0.314
525,1,0.99,0.729,0.91,0.333,0.4,0.041,0.09,0.587
526,1,1.0,1.0,0.9,0.04,-0.01,-0.252,0.08,0.86
527,6,0.707,0.59,0.607,0.03,0.263,0.748,0.353,0.85
528,6,0.414,0.18,0.314,0.02,0.536,1.0,0.626,0.84
529,,0.404,0.17,0.304,0.01,0.526,0.99,0.616,0.83
530,,0.394,0.16,0.294,0.0,0.516,0.98,0.606,0.82
531,,0.384,0.15,0.284,-0.01,0.506,0.97,0.596,0.81
532,4,0.091,0.14,0.557,0.99,0.779,0.96,0.303,0.4
533,4,-0.202,0.13,0.83,1.0,1.0,0.95,0.01,-0.01
534,1,0.798,0.403,0.82,0.707,0.59,0.657,0.0,0.263
535,1,1.0,0.676,0.81,0.414,0.18,0.364,-0.01,0.536
536,7,0.99,0.383,0.4,0.121,0.17,0.637,0.99,0.809
537,7,0.98,0.09,-0.01,-0.172,0.16,0.91,1.0,1.0
538,4,0.687,0.08,0.263,0.828,0.433,0.9,0.707,0.59
539,4,0.394,0.07,0.536,1.0,0.706,0.89,0.414,0.18
540,,0.384,0.06,0.526,0.99,0.696,0.88,0.404,0.17
541,,0.374,0.05,0.516,0.98,0.686,0.87,0.394,0.16
542,,0.364,0.04,0.506,0.97,0.676,0.86,0.384,0.15
543,,0.354,0.03,0.496,0.96,0.666,0.85,0.374,0.14
544,,0.344,0.02,0.486,0.95,0.656,0.84,0.364,0.13
545,,0.334,0.01,0.476,0.94,0.646,0.83,0.354,0.12
546,,0.324,0.0,0.466,0.93,0.636,0.82,0.344,0.11
547,,0.314,-0.01,0.456,0.92,0.626,0.81,0.334,0.1
548,2,0.587,0.99,0.729,0.91,0.333,0.4,0.041,0.09
549,2,0.86,1.0,1.0,0.9,0.04,-0.01,-0.252,0.08
550,7,0.85,0.707,0.59,0.607,0.03,0.263,0.748,0.353
551,7,0.84,0.414,0.18,0.314,0.02,0.536,1.0,0.626
552,,0.83,0.404,0.17,0.304,0.01,0.526,0.99,0.616
553,,0.82,0.394,0.16,0.294,0.0,0.516,0.98,0.606
554,,0.81,0.384,0.15,0.284,-0.01,0.506,0.97,0.596
555,5,0.4,0.091,0.14,0.557,0.99,0.779,0.96,0.303
556,5,-0.01,-0.202,0.13,0.83,1.0,1.0,0.95,0.01
557,2,0.263,0.798,0.403,0.82,0.707,0.59,0.657,0.0
558,2,0.536,1.0,0.676,0.81,0.414,0.18,0.364,-0.01
559,8,0.809,0.99,0.383,0.4,0.121,0.17,0.637,0.99
560,8,1.0,0.98,0.09,-0.01,-0.172,0.16,0.91,1.0
561,5,0.59,0.687,0.08,0.263,0.828,0.433,0.9,0.707
562,5,0.18,0.394,0.07,0.536,1.0,0.706,0.89,0.414
563,,0.17,0.384,0.06,0.526,0.99,0.696,0.88,0.404
564,,0.16,0.374,0.05,0.516,0.98,0.686,0.87,0.394
565,,0.15,0.364,0.04,0.506,0.97,0.676,0.86,0.384
566,,0.14,0.354,0.03,0.496,0.96,0.666,0.85,0.374
567,,0.13,0.344,0.02,0.486,0.95,0.656,0.84,0.364
568,,0.12,0.334,0.01,0.476,0.94,0.646,0.83,0.354
569,,0.11,0.324,0.0,0.466,0.93,0.636,0.82,0.344
570,,0.1,0.314,-0.01,0.456,0.92,0.626,0.81,0.334
571,3,0.09,0.587,0.99,0.729,0.91,0.333,0.4,0.041
572,3,0.08,0.86,1.0,1.0,0.9,0.04,-0.01,-0.252
573,8,0.353,0.85,0.707,0.59,0.607,0.03,0.263,0.748
574,8,0.626,0.84,0.414,0.18,0.314,0.02,0.536,1.0
575,,0.616,0.83,0.404,0.17,0.304,0.01,0.526,0.99
576,,0.606,0.82,0.394,0.16,0.294,0.0,0.516,0.98
577,,0.596,0.81,0.384,0.15,0.284,-0.01,0.506,0.97
578,6,0.303,0.4,0.091,0.14,0.557,0.99,0.779,0.96
579,6,0.01,-0.01,-0.202,0.13,0.83,1.0,1.0,0.95
580,3,0.0,0.263,0.798,0.403,0.82,0.707,0.59,0.657
581,3,-0.01,0.536,1.0,0.676,0.81,0.414,0.18,0.364
582,1,0.99,0.809,0.99,0.383,0.4,0.121,0.17,0.637
583,1,1.0,1.0,0.98,0.09,-0.01,-0.172,0.16,0.91
584,6,0.707,0.59,0.687,0.08,0.263,0.828,0.433,0.9
585,6,0.414,0.18,0.394,0.07,0.536,1.0,0.706,0.89
586,,0.404,0.17,0.384,0.06,0.526,0.99,0.696,0.88
587,,0.394,0.16,0.374,0.05,0.516,0.98,0.686,0.87
588,,0.384,0.15,0.364,0.04,0.506,0.97,0.676,0.86
589,,0.374,0.14,0.354,0.03,0.496,0.96,0.666,0.85
590,,0.364,0.13,0.344,0.02,0.486,0.95,0.656,0.84
591,,0.354,0.12,0.334,0.01,0.476,0.94,0.646,0.83
592,,0.344,0.11,0.324,0.0,0.466,0.93,0.636,0.82
593,,0.334,0.1,0.314,-0.01,0.456,0.92,0.626,0.81
594,4,0.041,0.09,0.587,0.99,0.729,0.91,0.333,0.4
595,4,-0.252,0.08,0.86,1.0,1.0,0.9,0.04,-0.01
596,1,0.748,0.353,0.85,0.707,0.59,0.607,0.03,0.263
597,1,1.0,0.626,0.84,0.414,0.18,0.314,0.02,0.536
598,,0.99,0.616,0.83,0.404,0.17,0.304,0.01,0.526
599,,0.98,0.606,0.82,0.394,0.16,0.294,0.0,0.516
600,,0.97,0.596,0.81,0.384,0.15,0.284,-0.01,0.506
601,7,0.96,0.303,0.4,0.091,0.14,0.557,0.99,0.779
602,7,0.95,0.01,-0.01,-0.202,0.13,0.83,1.0,1.0
603,4,0.657,0.0,0.263,0.798,0.403,0.82,0.707,0.59
604,4,0.364,-0.01,0.536,1.0,0.676,0.81,0.414,0.18
605,2,0.637,0.99,0.809,0.99,0.383,0.4,0.121,0.17
606,2,0.91,1.0,1.0,0.98,0.09,-0.01,-0.172,0.16
607,7,0.9,0.707,0.59,0.687,0.08,0.263,0.828,0.433
608,7,0.89,0.414,0.18,0.394,0.07,0.536,1.0,0.706
609,,0.88,0.404,0.17,0.384,0.06,0.526,0.99,0.696
610,,0.87,0.394,0.16,0.374,0.05,0.516,0.98,0.686
611,,0.86,0.384,0.15,0.364,0.04,0.506,0.97,0.676
612,,0.85,0.374,0.14,0.354,0.03,0.496,0.96,0.666
613,,0.84,0.364,0.13,0.344,0.02,0.486,0.95,0.656
614,,0.83,0.354,0.12,0.334,0.01,0.476,0.94,0.646
615,,0.82,0.344,0.11,0.324,0.0,0.466,0.93,0.636
616,,0.81,0.334,0.1,0.314,-0.01,0.456,0.92,0.626
617,5,0.4,0.041,0.09,0.587,0.99,0.729,0.91,0.333
618,5,-0.01,-0.252,0.08,0.86,1.0,1.0,0.9,0.04
619,2,0.263,0.748,0.353,0.85,0.707,0.59,0.607,0.03
620,2,0.536,1.0,0.626,0.84,0.414,0.18,0.314,0.02
621,,0.526,0.99,0.616,0.83,0.404,0.17,0.304,0.01
622,,0.516,0.98,0.606,0.82,0.394,0.16,0.294,0.0
623,,0.506,0.97,0.596,0.81,0.384,0.15,0.284,-0.01
624,8,0.779,0.96,0.303,0.4,0.091,0.14,0.557,0.99
625,8,1.0,0.95,0.01,-0.01,-0.202,0.13,0.83,1.0
626,5,0.59,0.657,0.0,0.263,0.798,0.403,0.82,0.707
627,5,0.18,0.364,-0.01,0.536,1.0,0.676,0.81,0.414
628,3,0.17,0.637,0.99,0.809,0.99,0.383,0.4,0.121
629,3,0.16,0.91,1.0,1.0,0.98,0.09,-0.01,-0.172
630,8,0.433,0.9,0.707,0.59,0.687,0.08,0.263,0.828
631,8,0.706,0.89,0.414,0.18,0.394,0.07,0.536,1.0
632,,0.696,0.88,0.404,0.17,0.384,0.06,0.526,0.99
633,,0.686,0.87,0.394,0.16,0.374,0.05,0.516,0.98
634,,0.676,0.86,0.384,0.15,0.364,0.04,0.506,0.97
635,,0.666,0.85,0.374,0.14,0.354,0.03,0.496,0.96
636,,0.656,0.84,0.364,0.13,0.344,0.02,0.486,0.95
637,,0.646,0.83,0.354,0.12,0.334,0.01,0.476,0.94
638,,0.636,0.82,0.344,0.11,0.324,0.0,0.466,0.93
639,,0.626,0.81,0.334,0.1,0.314,-0.01,0.456,0.92
640,6,0.333,0.4,0.041,0.09,0.587,0.99,0.729,0.91
641,6,0.04,-0.01,-0.252,0.08,0.86,1.0,1.0,0.9
642,3,0.03,0.263,0.748,0.353,0.85,0.707,0.59,0.607
643,3,0.02,0.536,1.0,0.626,0.84,0.414,0.18,0.314
644,,0.01,0.526,0.99,0.616,0.83,0.404,0.17,0.304
645,,0.0,0.516,0.98,0.606,0.82,0.394,0.16,0.294
646,,-0.01,0.506,0.97,0.596,0.81,0.384,0.15,0.284
647,1,0.99,0.779,0.96,0.303,0.4,0.091,0.14,0.557
648,1,1.0,1.0,0.95,0.01,-0.01,-0.202,0.13,0.83
649,6,0.707,0.59,0.657,0.0,0.263,0.798,0.403,0.82
650,6,0.414,0.18,0.364,-0.01,0.536,1.0,0.676,0.81
651,4,0.121,0.17,0.637,0.99,0.809,0.99,0.383,0.4
652,4,-0.172,0.16,0.91,1.0,1.0,0.98,0.09,-0.01
653,1,0.828,0.433,0.9,0.707,0.59,0.687,0.08,0.263
654,1,1.0,0.706,0.89,0.414,0.18,0.394,0.07,0.536
655,,0.99,0.696,0.88,0.404,0.17,0.384,0.06,0.526
656,,0.98,0.686,0.87,0.394,0.16,0.374,0.05,0.516
657,,0.97,0.676,0.86,0.384,0.15,0.364,0.04,0.506
658,,0.96,0.666,0.85,0.374,0.14,0.354,0.03,0.496
659,,0.95,0.656,0.84,0.364,0.13,0.344,0.02,0.486
660,,0.94,0.646,0.83,0.354,0.12,0.334,0.01,0.476
661,,0.93,0.636,0.82,0.344,0.11,0.324,0.0,0.466
662,,0.92,0.626,0.81,0.334,0.1,0.314,-0.01,0.456
663,7,0.91,0.333,0.4,0.041,0.09,0.587,0.99,0.729
664,7,0.9,0.04,-0.01,-0.252,0.08,0.86,1.0,1.0
665,4,0.607,0.03,0.263,0.748,0.353,0.85,0.707,0.59
666,4,0.314,0.02,0.536,1.0,0.626,0.84,0.414,0.18
667,,0.304,0.01,0.526,0.99,0.616,0.83,0.404,0.17
668,,0.294,0.0,0.516,0.98,0.606,0.82,0.394,0.16
669,,0.284,-0.01,0.506,0.97,0.596,0.81,0.384,0.15
670,2,0.557,0.99,0.779,0.96,0.303,0.4,0.091,0.14
671,2,0.83,1.0,1.0,0.95,0.01,-0.01,-0.202,0.13
672,7,0.82,0.707,0.59,0.657,0.0,0.263,0.798,0.403
673,7,0.81,0.414,0.18,0.364,-0.01,0.536,1.0,0.676
674,5,0.4,0.121,0.17,0.637,0.99,0.809,0.99,0.383
675,5,-0.01,-0.172,0.16,0.91,1.0,1.0,0.98,0.09
676,2,0.263,0.828,0.433,0.9,0.707,0.59,0.687,0.08
677,2,0.536,1.0,0.706,0.89,0.414,0.18,0.394,0.07
678,,0.526,0.99,0.696,0.88,0.404,0.17,0.384,0.06
679,,0.516,0.98,0.686,0.87,0.394,0.16,0.374,0.05
680,,0.506,0.97,0.676,0.86,0.384,0.15,0.364,0.04
681,,0.496,0.96,0.666,0.85,0.374,0.14,0.354,0.03
682,,0.486,0.95,0.656,0.84,0.364,0.13,0.344,0.02
683,,0.476,0.94,0.646,0.83,0.354,0.12,0.334,0.01
684,,0.466,0.93,0.636,0.82,0.344,0.11,0.324,0.0
685,,0.456,0.92,0.626,0.81,0.334,0.1,0.314,-0.01
686,8,0.729,0.91,0.333,0.4,0.041,0.09,0.587,0.99
687,8,1.0,0.9,0.04,-0.01,-0.252,0.08,0.86,1.0
688,5,0.59,0.607,0.03,0.263,0.748,0.353,0.85,0.707
689,5,0.18,0.314,0.02,0.536,1.0,0.626,0.84,0.414
690,,0.17,0.304,0.01,0.526,0.99,0.616,0.83,0.404
691,,0.16,0.294,0.0,0.516,0.98,0.606,0.82,0.394
692,,0.15,0.284,-0.01,0.506,0.97,0.596,0.81,0.384
693,3,0.14,0.557,0.99,0.779,0.96,0.303,0.4,0.091
694,3,0.13,0.83,1.0,1.0,0.95,0.01,-0.01,-0.202
695,8,0.403,0.82,0.707,0.59,0.657,0.0,0.263,0.798
696,8,0.676,0.81,0.414,0.18,0.364,-0.01,0.536,1.0
697,6,0.383,0.4,0.121,0.17,0.637,0.99,0.809,0.99
698,6,0.09,-0.01,-0.172,0.16,0.91,1.0,1.0,0.98
699,3,0.08,0.263,0.828,0.433,0.9,0.707,0.59,0.687
700,3,0.07,0.536,1.0,0.706,0.89,0.414,0.18,0.394
701,,0.06,0.526,0.99,0.696,0.88,0.404,0.17,0.384
702,,0.05,0.516,0.98,0.686,0.87,0.394,0.16,0.374
703,,0.04,0.506,0.97,0.676,0.86,0.384,0.15,0.364
704,,0.03,0.496,0.96,0.666,0.85,0.374,0.14,0.354
705,,0.02,0.486,0.95,0.656,0.84,0.364,0.13,0.344
706,,0.01,0.476,0.94,0.646,0.83,0.354,0.12,0.334
707,,0.0,0.466,0.93,0.636,0.82,0.344,0.11,0.324
708,,-0.01,0.456,0.92,0.626,0.81,0.334,0.1,0.314
709,1,0.99,0.729,0.91,0.333,0.4,0.041,0.09,0.587
710,1,1.0,1.0,0.9,0.04,-0.01,-0.252,0.08,0.86
711,6,0.707,0.59,0.607,0.03,0.263,0.748,0.353,0.85
712,6,0.414,0.18,0.314,0.02,0.536,1.0,0.626,0.84
713,,0.404,0.17,0.304,0.01,0.526,0.99,0.616,0.83
714,,0.394,0.16,0.294,0.0,0.516,0.98,0.606,0.82
715,,0.384,0.15,0.284,-0.01,0.506,0.97,0.596,0.81
716,4,0.091,0.14,0.557,0.99,0.779,0.96,0.303,0.4
717,4,-0.202,0.13,0.83,1.0,1.0,0.95,0.01,-0.01
718,1,0.798,0.403,0.82,0.707,0.59,0.657,0.0,0.263
719,1,1.0,0.676,0.81,0.414,0.18,0.364,-0.01,0.536
720,7,0.99,0.383,0.4,0.121,0.17,0.637,0.99,0.809
721,7,0.98,0.09,-0.01,-0.172,0.16,0.91,1.0,1.0
722,4,0.687,0.08,0.263,0.828,0.433,0.9,0.707,0.59
723,4,0.394,0.07,0.536,1.0,0.706,0.89,0.414,0.18
724,,0.384,0.06,0.526,0.99,0.696,0.88,0.404,0.17
725,,0.374,0.05,0.516,0.98,0.686,0.87,0.394,0.16
726,,0.364,0.04,0.506,0.97,0.676,0.86,0.384,0.15
727,,0.354,0.03,0.496,0.96,0.666,0.85,0.374,0.14
728,,0.344,0.02,0.486,0.95,0.656,0.84,0.364,0.13
729,,0.334,0.01,0.476,0.94,0.646,0.83,0.354,0.12
730,,0.324,0.0,0.466,0.93,0.636,0.82,0.344,0.11
731,,0.314,-0.01,0.456,0.92,0.626,0.81,0.334,0.1
732,2,0.587,0.99,0.729,0.91,0.333,0.4,0.041,0.09
733,2,0.86,1.0,1.0,0.9,0.04,-0.01,-0.252,0.08
734,7,0.85,0.707,0.59,0.607,0.03,0.263,0.748,0.353
735,7,0.84,0.414,0.18,0.314,0.02,0.536,1.0,0.626
736,,0.83,0.404,0.17,0.304,0.01,0.526,0.99,0.616
737,,0.82,0.394,0.16,0.294,0.0,0.516,0.98,0.606
738,,0.81,0.384,0.15,0.284,-0.01,0.506,0.97,0.596
739,5,0.4,0.091,0.14,0.557,0.99,0.779,0.96,0.303
740,5,-0.01,-0.202,0.13,0.83,1.0,1.0,0.95,0.01
741,2,0.263,0.798,0.403,0.82,0.707,0.59,0.657,0.0
742,2,0.536,1.0,0.676,0.81,0.414,0.18,0.364,-0.01
743,8,0.809,0.99,0.383,0.4,0.121,0.17,0.637,0.99
744,8,1.0,0.98,0.09,-0.01,-0.172,0.16,0.91,1.0
745,5,0.59,0.687,0.08,0.263,0.828,0.433,0.9,0.707
746,5,0.18,0.394,0.07,0.536,1.0,0.706,0.89,0.414
747,,0.17,0.384,0.06,0.526,0.99,0.696,0.88,0.404
748,,0.16,0.374,0.05,0.516,0.98,0.686,0.87,0.394
749,,0.15,0.364,0.04,0.506,0.97,0.676,0.86,0.384
750,,0.14,0.354,0.03,0.496,0.96,0.666,0.85,0.374
751,,0.13,0.344,0.02,0.486,0.95,0.656,0.84,0.364
752,,0.12,0.334,0.01,0.476,0.94,0.646,0.83,0.354
753,,0.11,0.324,0.0,0.466,0.93,0.636,0.82,0.344
754,,0.1,0.314,-0.01,0.456,0.92,0.626,0.81,0.334
755,3,0.09,0.587,0.99,0.729,0.91,0.333,0.4,0.041
756,3,0.08,0.86,1.0,1.0,0.9,0.04,-0.01,-0.252
757,8,0.353,0.85,0.707,0.59,0.607,0.03,0.263,0.748
758,8,0.626,0.84,0.414,0.18,0.314,0.02,0.536,1.0
759,,0.616,0.83,0.404,0.17,0.304,0.01,0.526,0.99
760,,0.606,0.82,0.394,0.16,0.294,0.0,0.516,0.98
761,,0.596,0.81,0.384,0.15,0.284,-0.01,0.506,0.97
762,6,0.303,0.4,0.091,0.14,0.557,0.99,0.779,0.96
763,6,0.01,-0.01,-0.202,0.13,0.83,1.0,1.0,0.95
764,3,0.0,0.263,0.798,0.403,0.82,0.707,0.59,0.657
765,3,-0.01,0.536,1.0,0.676,0.81,0.414,0.18,0.364
766,1,0.99,0.809,0.99,0.383,0.4,0.121,0.17,0.637
767,1,1.0,1.0,0.98,0.09,-0.01,-0.172,0.16,0.91
768,6,0.707,0.59,0.687,0.08,0.263,0.828,0.433,0.9
769,6,0.414,0.18,0.394,0.07,0.536,1.0,0.706,0.89
770,,0.404,0.17,0.384,0.06,0.526,0.99,0.696,0.88
771,,0.394,0.16,0.374,0.05,0.516,0.98,0.686,0.87
772,,0.384,0.15,0.364,0.04,0.506,0.97,0.676,0.86
773,,0.374,0.14,0.354,0.03,0.496,0.96,0.666,0.85
774,,0.364,0.13,0.344,0.02,0.486,0.95,0.656,0.84
775,,0.354,0.12,0.334,0.01,0.476,0.94,0.646,0.83
776,,0.344,0.11,0.324,0.0,0.466,0.93,0.636,0.82
777,,0.334,0.1,0.314,-0.01,0.456,0.92,0.626,0.81
778,4,0.041,0.09,0.587,0.99,0.729,0.91,0.333,0.4
779,4,-0.252,0.08,0.86,1.0,1.0,0.9,0.04,-0.01
780,1,0.748,0.353,0.85,0.707,0.59,0.607,0.03,0.263
781,1,1.0,0.626,0.84,0.414,0.18,0.314,0.02,0.536
782,,0.99,0.616,0.83,0.404,0.17,0.304,0.01,0.526
783,,0.98,0.606,0.82,0.394,0.16,0.294,0.0,0.516
784,,0.97,0.596,0.81,0.384,0.15,0.284,-0.01,0.506
785,7,0.96,0.303,0.4,0.091,0.14,0.557,0.99,0.779
786,7,0.95,0.01,-0.01,-0.202,0.13,0.83,1.0,1.0
787,4,0.657,0.0,0.263,0.798,0.403,0.82,0.707,0.59
788,4,0.364,-0.01,0.536,1.0,0.676,0.81,0.414,0.18
789,2,0.637,0.99,0.809,0.99,0.383,0.4,0.121,0.17
790,2,0.91,1.0,1.0,0.98,0.09,-0.01,-0.172,0.16
791,7,0.9,0.707,0.59,0.687,0.08,0.263,0.828,0.433
792,7,0.89,0.414,0.18,0.394,0.07,0.536,1.0,0.706
793,,0.88,0.404,0.17,0.384,0.06,0.526,0.99,0.696
794,,0.87,0.394,0.16,0.374,0.05,0.516,0.98,0.686
795,,0.86,0.384,0.15,0.364,0.04,0.506,0.97,0.676
796,,0.85,0.374,0.14,0.354,0.03,0.496,0.96,0.666
797,,0.84,0.364,0.13,0.344,0.02,0.486,0.95,0.656
798,,0.83,0.354,0.12,0.334,0.01,0.476,0.94,0.646
799,,0.82,0.344,0.11,0.324,0.0,0.466,0.93,0.636
800,,0.81,0.334,0.1,0.314,-0.01,0.456,0.92,0.626
801,5,0.4,0.041,0.09,0.587,0.99,0.729,0.91,0.333
802,5,-0.01,-0.252,0.08,0.86,1.0,1.0,0.9,0.04
803,2,0.263,0.748,0.353,0.85,0.707,0.59,0.607,0.03
804,2,0.536,1.0,0.626,0.84,0.414,0.18,0.314,0.02
805,,0.526,0.99,0.616,0.83,0.404,0.17,0.304,0.01
806,,0.516,0.98,0.606,0.82,0.394,0.16,0.294,0.0
807,,0.506,0.97,0.596,0.81,0.384,0.15,0.284,-0.01
