step,active_motive,motive_1,motive_2,motive_3,motive_4,motive_5,motive_6,motive_7,motive_8
0,,0.02912,0.06119,0.01395,0.02921,0.03664,0.04561,0.07852,0.01997
1,,0.01912,0.05119,0.00395,0.01921,0.02664,0.03561,0.06852,0.00997
2,,0.00912,0.04119,-0.00605,0.00921,0.01664,0.02561,0.05852,-3e-05
3,3,-0.00088,0.31419,0.99395,0.28221,0.00664,-0.26739,-0.35148,-0.29303
4,3,-0.01088,0.58719,1.0,0.55521,-0.00336,-0.56039,-0.76148,-0.58603
5,7,-0.02088,0.29419,0.59,0.26221,-0.01336,-0.28739,0.23852,-0.31303
6,7,-0.03088,0.00119,0.18,-0.03079,-0.02336,-0.01439,1.0,-0.04003
7,8,0.24212,-0.00881,-0.113,-0.44079,-0.31636,-0.02439,1.0,0.95997
8,8,0.51512,-0.01881,-0.406,-0.85079,-0.60936,-0.03439,1.0,1.0
9,4,0.22212,-0.02881,-0.133,0.14921,-0.33636,-0.04439,0.707,0.59
10,4,-0.07088,-0.03881,0.14,1.0,-0.06336,-0.05439,0.414,0.18
11,1,0.92912,0.23419,0.13,0.707,-0.47336,-0.34739,0.404,0.453
12,1,1.0,0.50719,0.12,0.414,-0.88336,-0.64039,0.394,0.726
13,5,0.59,0.21419,0.11,0.687,0.11664,-0.36739,0.384,0.433
14,5,0.18,-0.07881,0.1,0.96,1.0,-0.09439,0.374,0.14
15,6,-0.113,-0.48881,-0.193,0.95,1.0,0.90561,0.647,0.13
16,6,-0.406,-0.89881,-0.486,0.94,1.0,1.0,0.92,0.12
17,2,-0.133,0.10119,-0.213,0.93,0.707,0.59,0.627,0.11
18,2,0.14,1.0,0.06,0.92,0.414,0.18,0.334,0.1
19,,0.13,0.99,0.05,0.91,0.404,0.17,0.324,0.09
20,,0.12,0.98,0.04,0.9,0.394,0.16,0.314,0.08
21,,0.11,0.97,0.03,0.89,0.384,0.15,0.304,0.07
22,,0.1,0.96,0.02,0.88,0.374,0.14,0.294,0.06
23,,0.09,0.95,0.01,0.87,0.364,0.13,0.284,0.05
24,,0.08,0.94,0.0,0.86,0.354,0.12,0.274,0.04
25,,0.07,0.93,-0.01,0.85,0.344,0.11,0.264,0.03
26,3,0.06,1.0,0.99,1.0,0.334,-0.183,-0.146,-0.263
27,3,0.05,1.0,1.0,1.0,0.324,-0.476,-0.556,-0.556
28,7,0.04,0.707,0.59,0.707,0.314,-0.203,0.444,-0.283
29,7,0.03,0.414,0.18,0.414,0.304,0.07,1.0,-0.01
30,8,0.303,0.404,-0.113,0.004,0.011,0.06,1.0,0.99
31,8,0.576,0.394,-0.406,-0.406,-0.282,0.05,1.0,1.0
32,4,0.283,0.384,-0.133,0.594,-0.009,0.04,0.707,0.59
33,4,-0.01,0.374,0.14,1.0,0.264,0.03,0.414,0.18
34,1,0.99,0.647,0.13,0.707,-0.146,-0.263,0.404,0.453
35,1,1.0,0.92,0.12,0.414,-0.556,-0.556,0.394,0.726
36,6,0.707,0.51,-0.173,0.404,-0.283,0.444,0.667,0.716
37,6,0.414,0.1,-0.466,0.394,-0.01,1.0,0.94,0.706
38,3,0.404,0.373,0.534,0.667,-0.02,0.707,0.53,0.413
39,3,0.394,0.646,1.0,0.94,-0.03,0.414,0.12,0.12
40,5,-0.016,0.353,0.99,1.0,0.97,0.687,0.11,-0.173
41,5,-0.426,0.06,0.98,1.0,1.0,0.96,0.1,-0.466
42,8,-0.153,0.05,0.687,0.59,0.707,0.95,0.373,0.534
43,8,0.12,0.04,0.394,0.18,0.414,0.94,0.646,1.0
44,,0.11,0.03,0.384,0.17,0.404,0.93,0.636,0.99
45,,0.1,0.02,0.374,0.16,0.394,0.92,0.626,0.98
46,,0.09,0.01,0.364,0.15,0.384,0.91,0.616,0.97
47,,0.08,0.0,0.354,0.14,0.374,0.9,0.606,0.96
48,,0.07,-0.01,0.344,0.13,0.364,0.89,0.596,0.95
49,2,0.343,0.99,0.617,0.12,0.071,0.48,0.303,0.94
50,2,0.616,1.0,0.89,0.11,-0.222,0.07,0.01,0.93
51,5,0.206,0.707,0.88,0.383,0.778,0.343,0.0,0.637
52,5,-0.204,0.414,0.87,0.656,1.0,0.616,-0.01,0.344
53,1,0.796,0.687,0.86,0.363,0.59,0.323,-0.02,0.617
54,1,1.0,0.96,0.85,0.07,0.18,0.03,-0.03,0.89
55,7,0.99,0.667,0.44,-0.223,0.17,0.303,0.97,1.0
56,7,0.98,0.374,0.03,-0.516,0.16,0.576,1.0,1.0
57,4,0.687,0.364,0.303,0.484,0.433,0.566,0.707,0.59
58,4,0.394,0.354,0.576,1.0,0.706,0.556,0.414,0.18
59,,0.384,0.344,0.566,0.99,0.696,0.546,0.404,0.17
60,,0.374,0.334,0.556,0.98,0.686,0.536,0.394,0.16
61,,0.364,0.324,0.546,0.97,0.676,0.526,0.384,0.15
62,,0.354,0.314,0.536,0.96,0.666,0.516,0.374,0.14
63,,0.344,0.304,0.526,0.95,0.656,0.506,0.364,0.13
64,,0.334,0.294,0.516,0.94,0.646,0.496,0.354,0.12
65,,0.324,0.284,0.506,0.93,0.636,0.486,0.344,0.11
66,,0.314,0.274,0.496,0.92,0.626,0.476,0.334,0.1
67,,0.304,0.264,0.486,0.91,0.616,0.466,0.324,0.09
68,,0.294,0.254,0.476,0.9,0.606,0.456,0.314,0.08
69,,0.284,0.244,0.466,0.89,0.596,0.446,0.304,0.07
70,,0.274,0.234,0.456,0.88,0.586,0.436,0.294,0.06
71,,0.264,0.224,0.446,0.87,0.576,0.426,0.284,0.05
72,,0.254,0.214,0.436,0.86,0.566,0.416,0.274,0.04
73,,0.244,0.204,0.426,0.85,0.556,0.406,0.264,0.03
74,,0.234,0.194,0.416,0.84,0.546,0.396,0.254,0.02
75,,0.224,0.184,0.406,0.83,0.536,0.386,0.244,0.01
76,,0.214,0.174,0.396,0.82,0.526,0.376,0.234,0.0
77,,0.204,0.164,0.386,0.81,0.516,0.366,0.224,-0.01
78,8,0.477,0.154,0.093,0.4,0.223,0.356,0.497,0.99
79,8,0.75,0.144,-0.2,-0.01,-0.07,0.346,0.77,1.0
80,3,0.74,0.417,0.8,0.263,-0.08,0.053,0.36,0.707
81,3,0.73,0.69,1.0,0.536,-0.09,-0.24,-0.05,0.414
82,6,0.437,0.28,0.707,0.526,0.183,0.76,0.223,0.404
83,6,0.144,-0.13,0.414,0.516,0.456,1.0,0.496,0.394
84,2,0.417,0.87,0.687,0.506,0.163,0.59,0.203,0.384
85,2,0.69,1.0,0.96,0.496,-0.13,0.18,-0.09,0.374
86,5,0.28,0.707,0.95,0.769,0.87,0.453,-0.1,0.081
87,5,-0.13,0.414,0.94,1.0,1.0,0.726,-0.11,-0.212
88,8,0.143,0.404,0.647,0.59,0.707,0.716,0.163,0.788
89,8,0.416,0.394,0.354,0.18,0.414,0.706,0.436,1.0
90,,0.406,0.384,0.344,0.17,0.404,0.696,0.426,0.99
91,,0.396,0.374,0.334,0.16,0.394,0.686,0.416,0.98
92,,0.386,0.364,0.324,0.15,0.384,0.676,0.406,0.97
93,,0.376,0.354,0.314,0.14,0.374,0.666,0.396,0.96
94,,0.366,0.344,0.304,0.13,0.364,0.656,0.386,0.95
95,,0.356,0.334,0.294,0.12,0.354,0.646,0.376,0.94
96,,0.346,0.324,0.284,0.11,0.344,0.636,0.366,0.93
97,,0.336,0.314,0.274,0.1,0.334,0.626,0.356,0.92
98,,0.326,0.304,0.264,0.09,0.324,0.616,0.346,0.91
99,,0.316,0.294,0.254,0.08,0.314,0.606,0.336,0.9
100,,0.306,0.284,0.244,0.07,0.304,0.596,0.326,0.89
101,,0.296,0.274,0.234,0.06,0.294,0.586,0.316,0.88
102,,0.286,0.264,0.224,0.05,0.284,0.576,0.306,0.87
103,,0.276,0.254,0.214,0.04,0.274,0.566,0.296,0.86
104,,0.266,0.244,0.204,0.03,0.264,0.556,0.286,0.85
105,,0.256,0.234,0.194,0.02,0.254,0.546,0.276,0.84
106,,0.246,0.224,0.184,0.01,0.244,0.536,0.266,0.83
107,,0.236,0.214,0.174,0.0,0.234,0.526,0.256,0.82
108,,0.226,0.204,0.164,-0.01,0.224,0.516,0.246,0.81
109,4,-0.067,0.194,0.437,0.99,0.497,0.506,-0.047,0.4
110,4,-0.36,0.184,0.71,1.0,0.77,0.496,-0.34,-0.01
111,1,0.64,0.457,0.7,0.707,0.36,0.203,-0.35,0.263
112,1,1.0,0.73,0.69,0.414,-0.05,-0.09,-0.36,0.536
113,7,0.99,0.437,0.28,0.121,-0.06,0.183,0.64,0.809
114,7,0.98,0.144,-0.13,-0.172,-0.07,0.456,1.0,1.0
115,4,0.687,0.134,0.143,0.828,0.203,0.446,0.707,0.59
116,4,0.394,0.124,0.416,1.0,0.476,0.436,0.414,0.18
117,,0.384,0.114,0.406,0.99,0.466,0.426,0.404,0.17
118,,0.374,0.104,0.396,0.98,0.456,0.416,0.394,0.16
119,,0.364,0.094,0.386,0.97,0.446,0.406,0.384,0.15
120,,0.354,0.084,0.376,0.96,0.436,0.396,0.374,0.14
121,,0.344,0.074,0.366,0.95,0.426,0.386,0.364,0.13
122,,0.334,0.064,0.356,0.94,0.416,0.376,0.354,0.12
123,,0.324,0.054,0.346,0.93,0.406,0.366,0.344,0.11
124,,0.314,0.044,0.336,0.92,0.396,0.356,0.334,0.1
125,,0.304,0.034,0.326,0.91,0.386,0.346,0.324,0.09
126,,0.294,0.024,0.316,0.9,0.376,0.336,0.314,0.08
127,,0.284,0.014,0.306,0.89,0.366,0.326,0.304,0.07
128,,0.274,0.004,0.296,0.88,0.356,0.316,0.294,0.06
129,,0.264,-0.006,0.286,0.87,0.346,0.306,0.284,0.05
130,2,0.537,0.994,0.559,0.86,0.053,-0.104,-0.009,0.04
131,2,0.81,1.0,0.832,0.85,-0.24,-0.514,-0.302,0.03
132,6,0.517,0.59,0.539,0.84,0.033,0.486,-0.029,0.02
133,6,0.224,0.18,0.246,0.83,0.306,1.0,0.244,0.01
134,,0.214,0.17,0.236,0.82,0.296,0.99,0.234,0.0
135,,0.204,0.16,0.226,0.81,0.286,0.98,0.224,-0.01
136,8,0.477,0.15,-0.067,0.4,-0.007,0.97,0.497,0.99
137,8,0.75,0.14,-0.36,-0.01,-0.3,0.96,0.77,1.0
138,3,0.74,0.413,0.64,0.263,-0.31,0.667,0.36,0.707
139,3,0.73,0.686,1.0,0.536,-0.32,0.374,-0.05,0.414
140,5,0.32,0.393,0.99,0.809,0.68,0.647,-0.06,0.121
141,5,-0.09,0.1,0.98,1.0,1.0,0.92,-0.07,-0.172
142,8,0.183,0.09,0.687,0.59,0.707,0.91,0.203,0.828
143,8,0.456,0.08,0.394,0.18,0.414,0.9,0.476,1.0
144,,0.446,0.07,0.384,0.17,0.404,0.89,0.466,0.99
145,,0.436,0.06,0.374,0.16,0.394,0.88,0.456,0.98
146,,0.426,0.05,0.364,0.15,0.384,0.87,0.446,0.97
147,,0.416,0.04,0.354,0.14,0.374,0.86,0.436,0.96
148,,0.406,0.03,0.344,0.13,0.364,0.85,0.426,0.95
149,,0.396,0.02,0.334,0.12,0.354,0.84,0.416,0.94
150,,0.386,0.01,0.324,0.11,0.344,0.83,0.406,0.93
151,,0.376,0.0,0.314,0.1,0.334,0.82,0.396,0.92
152,,0.366,-0.01,0.304,0.09,0.324,0.81,0.386,0.91
153,2,0.639,0.99,0.577,0.08,0.031,0.4,0.093,0.9
154,2,0.912,1.0,0.85,0.07,-0.262,-0.01,-0.2,0.89
155,5,0.502,0.707,0.84,0.343,0.738,0.263,-0.21,0.597
156,5,0.092,0.414,0.83,0.616,1.0,0.536,-0.22,0.304
157,7,0.082,0.121,0.42,0.323,0.99,0.809,0.78,0.577
158,7,0.072,-0.172,0.01,0.03,0.98,1.0,1.0,0.85
159,2,0.345,0.828,0.283,0.02,0.687,0.59,0.707,0.84
160,2,0.618,1.0,0.556,0.01,0.394,0.18,0.414,0.83
161,,0.608,0.99,0.546,0.0,0.384,0.17,0.404,0.82
162,,0.598,0.98,0.536,-0.01,0.374,0.16,0.394,0.81
163,4,0.305,0.97,0.809,0.99,0.647,0.15,0.101,0.4
164,4,0.012,0.96,1.0,1.0,0.92,0.14,-0.192,-0.01
165,7,0.002,0.667,0.59,0.707,0.91,0.413,0.808,0.263
166,7,-0.008,0.374,0.18,0.414,0.9,0.686,1.0,0.536
167,1,0.992,0.647,0.17,0.121,0.49,0.393,0.99,0.809
168,1,1.0,0.92,0.16,-0.172,0.08,0.1,0.98,1.0
169,4,0.707,0.91,0.433,0.828,0.353,0.09,0.687,0.59
170,4,0.414,0.9,0.706,1.0,0.626,0.08,0.394,0.18
171,,0.404,0.89,0.696,0.99,0.616,0.07,0.384,0.17
172,,0.394,0.88,0.686,0.98,0.606,0.06,0.374,0.16
173,,0.384,0.87,0.676,0.97,0.596,0.05,0.364,0.15
174,,0.374,0.86,0.666,0.96,0.586,0.04,0.354,0.14
175,,0.364,0.85,0.656,0.95,0.576,0.03,0.344,0.13
176,,0.354,0.84,0.646,0.94,0.566,0.02,0.334,0.12
177,,0.344,0.83,0.636,0.93,0.556,0.01,0.324,0.11
178,,0.334,0.82,0.626,0.92,0.546,0.0,0.314,0.1
179,,0.324,0.81,0.616,0.91,0.536,-0.01,0.304,0.09
180,6,0.031,0.4,0.323,0.9,0.809,0.99,0.577,0.08
181,6,-0.262,-0.01,0.03,0.89,1.0,1.0,0.85,0.07
182,1,0.738,0.263,0.02,0.597,0.59,0.707,0.84,0.343
183,1,1.0,0.536,0.01,0.304,0.18,0.414,0.83,0.616
184,,0.99,0.526,0.0,0.294,0.17,0.404,0.82,0.606
185,,0.98,0.516,-0.01,0.284,0.16,0.394,0.81,0.596
186,3,0.97,0.789,0.99,0.557,0.15,0.101,0.4,0.303
187,3,0.96,1.0,1.0,0.83,0.14,-0.192,-0.01,0.01
188,6,0.667,0.59,0.707,0.82,0.413,0.808,0.263,0.0
189,6,0.374,0.18,0.414,0.81,0.686,1.0,0.536,-0.01
190,8,0.647,0.17,0.121,0.4,0.393,0.99,0.809,0.99
191,8,0.92,0.16,-0.172,-0.01,0.1,0.98,1.0,1.0
192,3,0.91,0.433,0.828,0.263,0.09,0.687,0.59,0.707
193,3,0.9,0.706,1.0,0.536,0.08,0.394,0.18,0.414
194,,0.89,0.696,0.99,0.526,0.07,0.384,0.17,0.404
195,,0.88,0.686,0.98,0.516,0.06,0.374,0.16,0.394
196,,0.87,0.676,0.97,0.506,0.05,0.364,0.15,0.384
197,,0.86,0.666,0.96,0.496,0.04,0.354,0.14,0.374
198,,0.85,0.656,0.95,0.486,0.03,0.344,0.13,0.364
199,,0.84,0.646,0.94,0.476,0.02,0.334,0.12,0.354
200,,0.83,0.636,0.93,0.466,0.01,0.324,0.11,0.344
201,,0.82,0.626,0.92,0.456,0.0,0.314,0.1,0.334
202,,0.81,0.616,0.91,0.446,-0.01,0.304,0.09,0.324
203,5,0.4,0.323,0.9,0.719,0.99,0.577,0.08,0.031
204,5,-0.01,0.03,0.89,0.992,1.0,0.85,0.07,-0.262
205,8,0.263,0.02,0.597,0.582,0.707,0.84,0.343,0.738
206,8,0.536,0.01,0.304,0.172,0.414,0.83,0.616,1.0
207,,0.526,0.0,0.294,0.162,0.404,0.82,0.606,0.99
208,,0.516,-0.01,0.284,0.152,0.394,0.81,0.596,0.98
209,2,0.789,0.99,0.557,0.142,0.101,0.4,0.303,0.97
210,2,1.0,1.0,0.83,0.132,-0.192,-0.01,0.01,0.96
211,5,0.59,0.707,0.82,0.405,0.808,0.263,0.0,0.667
212,5,0.18,0.414,0.81,0.678,1.0,0.536,-0.01,0.374
213,7,0.17,0.121,0.4,0.385,0.99,0.809,0.99,0.647
214,7,0.16,-0.172,-0.01,0.092,0.98,1.0,1.0,0.92
215,2,0.433,0.828,0.263,0.082,0.687,0.59,0.707,0.91
216,2,0.706,1.0,0.536,0.072,0.394,0.18,0.414,0.9
217,,0.696,0.99,0.526,0.062,0.384,0.17,0.404,0.89
218,,0.686,0.98,0.516,0.052,0.374,0.16,0.394,0.88
219,,0.676,0.97,0.506,0.042,0.364,0.15,0.384,0.87
220,,0.666,0.96,0.496,0.032,0.354,0.14,0.374,0.86
221,,0.656,0.95,0.486,0.022,0.344,0.13,0.364,0.85
222,,0.646,0.94,0.476,0.012,0.334,0.12,0.354,0.84
223,,0.636,0.93,0.466,0.002,0.324,0.11,0.344,0.83
224,,0.626,0.92,0.456,-0.008,0.314,0.1,0.334,0.82
225,4,0.333,0.91,0.729,0.992,0.587,0.09,0.041,0.41
226,4,0.04,0.9,1.0,1.0,0.86,0.08,-0.252,-0.0
227,7,0.03,0.607,0.59,0.707,0.85,0.353,0.748,0.273
228,7,0.02,0.314,0.18,0.414,0.84,0.626,1.0,0.546
229,,0.01,0.304,0.17,0.404,0.83,0.616,0.99,0.536
230,,0.0,0.294,0.16,0.394,0.82,0.606,0.98,0.526
231,,-0.01,0.284,0.15,0.384,0.81,0.596,0.97,0.516
232,1,0.99,0.557,0.14,0.091,0.4,0.303,0.96,0.789
233,1,1.0,0.83,0.13,-0.202,-0.01,0.01,0.95,1.0
234,4,0.707,0.82,0.403,0.798,0.263,0.0,0.657,0.59
235,4,0.414,0.81,0.676,1.0,0.536,-0.01,0.364,0.18
236,6,0.121,0.4,0.383,0.99,0.809,0.99,0.637,0.17
237,6,-0.172,-0.01,0.09,0.98,1.0,1.0,0.91,0.16
238,1,0.828,0.263,0.08,0.687,0.59,0.707,0.9,0.433
239,1,1.0,0.536,0.07,0.394,0.18,0.414,0.89,0.706
240,,0.99,0.526,0.06,0.384,0.17,0.404,0.88,0.696
241,,0.98,0.516,0.05,0.374,0.16,0.394,0.87,0.686
242,,0.97,0.506,0.04,0.364,0.15,0.384,0.86,0.676
243,,0.96,0.496,0.03,0.354,0.14,0.374,0.85,0.666
244,,0.95,0.486,0.02,0.344,0.13,0.364,0.84,0.656
245,,0.94,0.476,0.01,0.334,0.12,0.354,0.83,0.646
246,,0.93,0.466,0.0,0.324,0.11,0.344,0.82,0.636
247,,0.92,0.456,-0.01,0.314,0.1,0.334,0.81,0.626
248,3,0.91,0.729,0.99,0.587,0.09,0.041,0.4,0.333
249,3,0.9,1.0,1.0,0.86,0.08,-0.252,-0.01,0.04
250,6,0.607,0.59,0.707,0.85,0.353,0.748,0.263,0.03
251,6,0.314,0.18,0.414,0.84,0.626,1.0,0.536,0.02
252,,0.304,0.17,0.404,0.83,0.616,0.99,0.526,0.01
253,,0.294,0.16,0.394,0.82,0.606,0.98,0.516,0.0
254,,0.284,0.15,0.384,0.81,0.596,0.97,0.506,-0.01
255,8,0.557,0.14,0.091,0.4,0.303,0.96,0.779,0.99
256,8,0.83,0.13,-0.202,-0.01,0.01,0.95,1.0,1.0
257,3,0.82,0.403,0.798,0.263,0.0,0.657,0.59,0.707
258,3,0.81,0.676,1.0,0.536,-0.01,0.364,0.18,0.414
259,5,0.4,0.383,0.99,0.809,0.99,0.637,0.17,0.121
260,5,-0.01,0.09,0.98,1.0,1.0,0.91,0.16,-0.172
261,8,0.263,0.08,0.687,0.59,0.707,0.9,0.433,0.828
262,8,0.536,0.07,0.394,0.18,0.414,0.89,0.706,1.0
263,,0.526,0.06,0.384,0.17,0.404,0.88,0.696,0.99
264,,0.516,0.05,0.374,0.16,0.394,0.87,0.686,0.98
265,,0.506,0.04,0.364,0.15,0.384,0.86,0.676,0.97
266,,0.496,0.03,0.354,0.14,0.374,0.85,0.666,0.96
267,,0.486,0.02,0.344,0.13,0.364,0.84,0.656,0.95
268,,0.476,0.01,0.334,0.12,0.354,0.83,0.646,0.94
269,,0.466,0.0,0.324,0.11,0.344,0.82,0.636,0.93
270,,0.456,-0.01,0.314,0.1,0.334,0.81,0.626,0.92
271,2,0.729,0.99,0.587,0.09,0.041,0.4,0.333,0.91
272,2,1.0,1.0,0.86,0.08,-0.252,-0.01,0.04,0.9
273,5,0.59,0.707,0.85,0.353,0.748,0.263,0.03,0.607
274,5,0.18,0.414,0.84,0.626,1.0,0.536,0.02,0.314
275,,0.17,0.404,0.83,0.616,0.99,0.526,0.01,0.304
276,,0.16,0.394,0.82,0.606,0.98,0.516,0.0,0.294
277,,0.15,0.384,0.81,0.596,0.97,0.506,-0.01,0.284
278,7,0.14,0.091,0.4,0.303,0.96,0.779,0.99,0.557
279,7,0.13,-0.202,-0.01,0.01,0.95,1.0,1.0,0.83
280,2,0.403,0.798,0.263,0.0,0.657,0.59,0.707,0.82
281,2,0.676,1.0,0.536,-0.01,0.364,0.18,0.414,0.81
282,4,0.383,0.99,0.809,0.99,0.637,0.17,0.121,0.4
283,4,0.09,0.98,1.0,1.0,0.91,0.16,-0.172,-0.01
284,7,0.08,0.687,0.59,0.707,0.9,0.433,0.828,0.263
285,7,0.07,0.394,0.18,0.414,0.89,0.706,1.0,0.536
286,,0.06,0.384,0.17,0.404,0.88,0.696,0.99,0.526
287,,0.05,0.374,0.16,0.394,0.87,0.686,0.98,0.516
288,,0.04,0.364,0.15,0.384,0.86,0.676,0.97,0.506
289,,0.03,0.354,0.14,0.374,0.85,0.666,0.96,0.496
290,,0.02,0.344,0.13,0.364,0.84,0.656,0.95,0.486
291,,0.01,0.334,0.12,0.354,0.83,0.646,0.94,0.476
292,,0.0,0.324,0.11,0.344,0.82,0.636,0.93,0.466
293,,-0.01,0.314,0.1,0.334,0.81,0.626,0.92,0.456
294,1,0.99,0.587,0.09,0.041,0.4,0.333,0.91,0.729
295,1,1.0,0.86,0.08,-0.252,-0.01,0.04,0.9,1.0
296,4,0.707,0.85,0.353,0.748,0.263,0.03,0.607,0.59
297,4,0.414,0.84,0.626,1.0,0.536,0.02,0.314,0.18
298,,0.404,0.83,0.616,0.99,0.526,0.01,0.304,0.17
299,,0.394,0.82,0.606,0.98,0.516,0.0,0.294,0.16
300,,0.384,0.81,0.596,0.97,0.506,-0.01,0.284,0.15
301,6,0.091,0.4,0.303,0.96,0.779,0.99,0.557,0.14
302,6,-0.202,-0.01,0.01,0.95,1.0,1.0,0.83,0.13
303,1,0.798,0.263,0.0,0.657,0.59,0.707,0.82,0.403
304,1,1.0,0.536,-0.01,0.364,0.18,0.414,0.81,0.676
305,3,0.99,0.809,0.99,0.637,0.17,0.121,0.4,0.383
306,3,0.98,1.0,1.0,0.91,0.16,-0.172,-0.01,0.09
307,6,0.687,0.59,0.707,0.9,0.433,0.828,0.263,0.08
308,6,0.394,0.18,0.414,0.89,0.706,1.0,0.536,0.07
309,,0.384,0.17,0.404,0.88,0.696,0.99,0.526,0.06
310,,0.374,0.16,0.394,0.87,0.686,0.98,0.516,0.05
311,,0.364,0.15,0.384,0.86,0.676,0.97,0.506,0.04
312,,0.354,0.14,0.374,0.85,0.666,0.96,0.496,0.03
313,,0.344,0.13,0.364,0.84,0.656,0.95,0.486,0.02
314,,0.334,0.12,0.354,0.83,0.646,0.94,0.476,0.01
315,,0.324,0.11,0.344,0.82,0.636,0.93,0.466,0.0
316,,0.314,0.1,0.334,0.81,0.626,0.92,0.456,-0.01
317,8,0.587,0.09,0.041,0.4,0.333,0.91,0.729,0.99
318,8,0.86,0.08,-0.252,-0.01,0.04,0.9,1.0,1.0
319,3,0.85,0.353,0.748,0.263,0.03,0.607,0.59,0.707
320,3,0.84,0.626,1.0,0.536,0.02,0.314,0.18,0.414
321,,0.83,0.616,0.99,0.526,0.01,0.304,0.17,0.404
322,,0.82,0.606,0.98,0.516,0.0,0.294,0.16,0.394
323,,0.81,0.596,0.97,0.506,-0.01,0.284,0.15,0.384
324,5,0.4,0.303,0.96,0.779,0.99,0.557,0.14,0.091
325,5,-0.01,0.01,0.95,1.0,1.0,0.83,0.13,-0.202
326,8,0.263,0.0,0.657,0.59,0.707,0.82,0.403,0.798
327,8,0.536,-0.01,0.364,0.18,0.414,0.81,0.676,1.0
328,2,0.809,0.99,0.637,0.17,0.121,0.4,0.383,0.99
329,2,1.0,1.0,0.91,0.16,-0.172,-0.01,0.09,0.98
330,5,0.59,0.707,0.9,0.433,0.828,0.263,0.08,0.687
331,5,0.18,0.414,0.89,0.706,1.0,0.536,0.07,0.394
332,,0.17,0.404,0.88,0.696,0.99,0.526,0.06,0.384
333,,0.16,0.394,0.87,0.686,0.98,0.516,0.05,0.374
334,,0.15,0.384,0.86,0.676,0.97,0.506,0.04,0.364
335,,0.14,0.374,0.85,0.666,0.96,0.496,0.03,0.354
336,,0.13,0.364,0.84,0.656,0.95,0.486,0.02,0.344
337,,0.12,0.354,0.83,0.646,0.94,0.476,0.01,0.334
338,,0.11,0.344,0.82,0.636,0.93,0.466,0.0,0.324
339,,0.1,0.334,0.81,0.626,0.92,0.456,-0.01,0.314
340,7,0.09,0.041,0.4,0.333,0.91,0.729,0.99,0.587
341,7,0.08,-0.252,-0.01,0.04,0.9,1.0,1.0,0.86
342,2,0.353,0.748,0.263,0.03,0.607,0.59,0.707,0.85
343,2,0.626,1.0,0.536,0.02,0.314,0.18,0.414,0.84
344,,0.616,0.99,0.526,0.01,0.304,0.17,0.404,0.83
345,,0.606,0.98,0.516,0.0,0.294,0.16,0.394,0.82
346,,0.596,0.97,0.506,-0.01,0.284,0.15,0.384,0.81
347,4,0.303,0.96,0.779,0.99,0.557,0.14,0.091,0.4
348,4,0.01,0.95,1.0,1.0,0.83,0.13,-0.202,-0.01
349,7,0.0,0.657,0.59,0.707,0.82,0.403,0.798,0.263
350,7,-0.01,0.364,0.18,0.414,0.81,0.676,1.0,0.536
351,1,0.99,0.637,0.17,0.121,0.4,0.383,0.99,0.809
352,1,1.0,0.91,0.16,-0.172,-0.01,0.09,0.98,1.0
353,4,0.707,0.9,0.433,0.828,0.263,0.08,0.687,0.59
354,4,0.414,0.89,0.706,1.0,0.536,0.07,0.394,0.18
355,,0.404,0.88,0.696,0.99,0.526,0.06,0.384,0.17
356,,0.394,0.87,0.686,0.98,0.516,0.05,0.374,0.16
357,,0.384,0.86,0.676,0.97,0.506,0.04,0.364,0.15
358,,0.374,0.85,0.666,0.96,0.496,0.03,0.354,0.14
359,,0.364,0.84,0.656,0.95,0.486,0.02,0.344,0.13
360,,0.354,0.83,0.646,0.94,0.476,0.01,0.334,0.12
361,,0.344,0.82,0.636,0.93,0.466,0.0,0.324,0.11
362,,0.334,0.81,0.626,0.92,0.456,-0.01,0.314,0.1
363,6,0.041,0.4,0.333,0.91,0.729,0.99,0.587,0.09
364,6,-0.252,-0.01,0.04,0.9,1.0,1.0,0.86,0.08
365,1,0.748,0.263,0.03,0.607,0.59,0.707,0.85,0.353
366,1,1.0,0.536,0.02,0.314,0.18,0.414,0.84,0.626
367,,0.99,0.526,0.01,0.304,0.17,0.404,0.83,0.616
368,,0.98,0.516,0.0,0.294,0.16,0.394,0.82,0.606
369,,0.97,0.506,-0.01,0.284,0.15,0.384,0.81,0.596
370,3,0.96,0.779,0.99,0.557,0.14,0.091,0.4,0.303
371,3,0.95,1.0,1.0,0.83,0.13,-0.202,-0.01,0.01
372,6,0.657,0.59,0.707,0.82,0.403,0.798,0.263,0.0
373,6,0.364,0.18,0.414,0.81,0.676,1.0,0.536,-0.01
374,8,0.637,0.17,0.121,0.4,0.383,0.99,0.809,0.99
375,8,0.91,0.16,-0.172,-0.01,0.09,0.98,1.0,1.0
376,3,0.9,0.433,0.828,0.263,0.08,0.687,0.59,0.707
377,3,0.89,0.706,1.0,0.536,0.07,0.394,0.18,0.414
378,,0.88,0.696,0.99,0.526,0.06,0.384,0.17,0.404
379,,0.87,0.686,0.98,0.516,0.05,0.374,0.16,0.394
380,,0.86,0.676,0.97,0.506,0.04,0.364,0.15,0.384
381,,0.85,0.666,0.96,0.496,0.03,0.354,0.14,0.374
382,,0.84,0.656,0.95,0.486,0.02,0.344,0.13,0.364
383,,0.83,0.646,0.94,0.476,0.01,0.334,0.12,0.354
384,,0.82,0.636,0.93,0.466,0.0,0.324,0.11,0.344
385,,0.81,0.626,0.92,0.456,-0.01,0.314,0.1,0.334
386,5,0.4,0.333,0.91,0.729,0.99,0.587,0.09,0.041
387,5,-0.01,0.04,0.9,1.0,1.0,0.86,0.08,-0.252
388,8,0.263,0.03,0.607,0.59,0.707,0.85,0.353,0.748
389,8,0.536,0.02,0.314,0.18,0.414,0.84,0.626,1.0
390,,0.526,0.01,0.304,0.17,0.404,0.83,0.616,0.99
391,,0.516,0.0,0.294,0.16,0.394,0.82,0.606,0.98
392,,0.506,-0.01,0.284,0.15,0.384,0.81,0.596,0.97
393,2,0.779,0.99,0.557,0.14,0.091,0.4,0.303,0.96
394,2,1.0,1.0,0.83,0.13,-0.202,-0.01,0.01,0.95
395,5,0.59,0.707,0.82,0.403,0.798,0.263,0.0,0.657
396,5,0.18,0.414,0.81,0.676,1.0,0.536,-0.01,0.364
397,7,0.17,0.121,0.4,0.383,0.99,0.809,0.99,0.637
398,7,0.16,-0.172,-0.01,0.09,0.98,1.0,1.0,0.91
399,2,0.433,0.828,0.263,0.08,0.687,0.59,0.707,0.9
400,2,0.706,1.0,0.536,0.07,0.394,0.18,0.414,0.89
401,,0.696,0.99,0.526,0.06,0.384,0.17,0.404,0.88
402,,0.686,0.98,0.516,0.05,0.374,0.16,0.394,0.87
403,,0.676,0.97,0.506,0.04,0.364,0.15,0.384,0.86
404,,0.666,0.96,0.496,0.03,0.354,0.14,0.374,0.85
405,,0.656,0.95,0.486,0.02,0.344,0.13,0.364,0.84
406,,0.646,0.94,0.476,0.01,0.334,0.12,0.354,0.83
407,,0.636,0.93,0.466,0.0,0.324,0.11,0.344,0.82
408,,0.626,0.92,0.456,-0.01,0.314,0.1,0.334,0.81
409,4,0.333,0.91,0.729,0.99,0.587,0.09,0.041,0.4
410,4,0.04,0.9,1.0,1.0,0.86,0.08,-0.252,-0.01
411,7,0.03,0.607,0.59,0.707,0.85,0.353,0.748,0.263
412,7,0.02,0.314,0.18,0.414,0.84,0.626,1.0,0.536
413,,0.01,0.304,0.17,0.404,0.83,0.616,0.99,0.526
414,,0.0,0.294,0.16,0.394,0.82,0.606,0.98,0.516
415,,-0.01,0.284,0.15,0.384,0.81,0.596,0.97,0.506
416,1,0.99,0.557,0.14,0.091,0.4,0.303,0.96,0.779
417,1,1.0,0.83,0.13,-0.202,-0.01,0.01,0.95,1.0
418,4,0.707,0.82,0.403,0.798,0.263,0.0,0.657,0.59
419,4,0.414,0.81,0.676,1.0,0.536,-0.01,0.364,0.18
420,6,0.121,0.4,0.383,0.99,0.809,0.99,0.637,0.17
421,6,-0.172,-0.01,0.09,0.98,1.0,1.0,0.91,0.16
422,1,0.828,0.263,0.08,0.687,0.59,0.707,0.9,0.433
423,1,1.0,0.536,0.07,0.394,0.18,0.414,0.89,0.706
424,,0.99,0.526,0.06,0.384,0.17,0.404,0.88,0.696
425,,0.98,0.516,0.05,0.374,0.16,0.394,0.87,0.686
426,,0.97,0.506,0.04,0.364,0.15,0.384,0.86,0.676
427,,0.96,0.496,0.03,0.354,0.14,0.374,0.85,0.666
428,,0.95,0.486,0.02,0.344,0.13,0.364,0.84,0.656
429,,0.94,0.476,0.01,0.334,0.12,0.354,0.83,0.646
430,,0.93,0.466,0.0,0.324,0.11,0.344,0.82,0.636
431,,0.92,0.456,-0.01,0.314,0.1,0.334,0.81,0.626
432,3,0.91,0.729,0.99,0.587,0.09,0.041,0.4,0.333
433,3,0.9,1.0,1.0,0.86,0.08,-0.252,-0.01,0.04
434,6,0.607,0.59,0.707,0.85,0.353,0.748,0.263,0.03
435,6,0.314,0.18,0.414,0.84,0.626,1.0,0.536,0.02
436,,0.304,0.17,0.404,0.83,0.616,0.99,0.526,0.01
437,,0.294,0.16,0.394,0.82,0.606,0.98,0.516,0.0
438,,0.284,0.15,0.384,0.81,0.596,0.97,0.506,-0.01
439,8,0.557,0.14,0.091,0.4,0.303,0.96,0.779,0.99
440,8,0.83,0.13,-0.202,-0.01,0.01,0.95,1.0,1.0
441,3,0.82,0.403,0.798,0.263,0.0,0.657,0.59,0.707
442,3,0.81,0.676,1.0,0.536,-0.01,0.364,0.18,0.414
443,5,0.4,0.383,0.99,0.809,0.99,0.637,0.17,0.121
444,5,-0.01,0.09,0.98,1.0,1.0,0.91,0.16,-0.172
445,8,0.263,0.08,0.687,0.59,0.707,0.9,0.433,0.828
446,8,0.536,0.07,0.394,0.18,0.414,0.89,0.706,1.0
447,,0.526,0.06,0.384,0.17,0.404,0.88,0.696,0.99
448,,0.516,0.05,0.374,0.16,0.394,0.87,0.686,0.98
449,,0.506,0.04,0.364,0.15,0.384,0.86,0.676,0.97
450,,0.496,0.03,0.354,0.14,0.374,0.85,0.666,0.96
451,,0.486,0.02,0.344,0.13,0.364,0.84,0.656,0.95
452,,0.476,0.01,0.334,0.12,0.354,0.83,0.646,0.94
453,,0.466,0.0,0.324,0.11,0.344,0.82,0.636,0.93
454,,0.456,-0.01,0.314,0.1,0.334,0.81,0.626,0.92
455,2,0.729,0.99,0.587,0.09,0.041,0.4,0.333,0.91
456,2,1.0,1.0,0.86,0.08,-0.252,-0.01,0.04,0.9
457,5,0.59,0.707,0.85,0.353,0.748,0.263,0.03,0.607
458,5,0.18,0.414,0.84,0.626,1.0,0.536,0.02,0.314
459,,0.17,0.404,0.83,0.616,0.99,0.526,0.01,0.304
460,,0.16,0.394,0.82,0.606,0.98,0.516,0.0,0.294
461,,0.15,0.384,0.81,0.596,0.97,0.506,-0.01,0.284
462,7,0.14,0.091,0.4,0.303,0.96,0.779,0.99,0.557
463,7,0.13,-0.202,-0.01,0.01,0.95,1.0,1.0,0.83
464,2,0.403,0.798,0.263,0.0,0.657,0.59,0.707,0.82
465,2,0.676,1.0,0.536,-0.01,0.364,0.18,0.414,0.81
466,4,0.383,0.99,0.809,0.99,0.637,0.17,0.121,0.4
467,4,0.09,0.98,1.0,1.0,0.91,0.16,-0.172,-0.01
468,7,0.08,0.687,0.59,0.707,0.9,0.433,0.828,0.263
469,7,0.07,0.394,0.18,0.414,0.89,0.706,1.0,0.536
470,,0.06,0.384,0.17,0.404,0.88,0.696,0.99,0.526
471,,0.05,0.374,0.16,0.394,0.87,0.686,0.98,0.516
472,,0.04,0.364,0.15,0.384,0.86,0.676,0.97,0.506
473,,0.03,0.354,0.14,0.374,0.85,0.666,0.96,0.496
474,,0.02,0.344,0.13,0.364,0.84,0.656,0.95,0.486
475,,0.01,0.334,0.12,0.354,0.83,0.646,0.94,0.476
476,,0.0,0.324,0.11,0.344,0.82,0.636,0.93,0.466
477,,-0.01,0.314,0.1,0.334,0.81,0.626,0.92,0.456
478,1,0.99,0.587,0.09,0.041,0.4,0.333,0.91,0.729
479,1,1.0,0.86,0.08,-0.252,-0.01,0.04,0.9,1.0
480,4,0.707,0.85,0.353,0.748,0.263,0.03,0.607,0.59
481,4,0.414,0.84,0.626,1.0,0.536,0.02,0.314,0.18
482,,0.404,0.83,0.616,0.99,0.526,0.01,0.304,0.17
483,,0.394,0.82,0.606,0.98,0.516,0.0,0.294,0.16
484,,0.384,0.81,0.596,0.97,0.506,-0.01,0.284,0.15
485,6,0.091,0.4,0.303,0.96,0.779,0.99,0.557,0.14
486,6,-0.202,-0.01,0.01,0.95,1.0,1.0,0.83,0.13
487,1,0.798,0.263,0.0,0.657,0.59,0.707,0.82,0.403
488,1,1.0,0.536,-0.01,0.364,0.18,0.414,0.81,0.676
489,3,0.99,0.809,0.99,0.637,0.17,0.121,0.4,0.383
490,3,0.98,1.0,1.0,0.91,0.16,-0.172,-0.01,0.09
491,6,0.687,0.59,0.707,0.9,0.433,0.828,0.263,0.08
492,6,0.394,0.18,0.414,0.89,0.706,1.0,0.536,0.07
493,,0.384,0.17,0.404,0.88,0.696,0.99,0.526,0.06
494,,0.374,0.16,0.394,0.87,0.686,0.98,0.516,0.05
495,,0.364,0.15,0.384,0.86,0.676,0.97,0.506,0.04
496,,0.354,0.14,0.374,0.85,0.666,0.96,0.496,0.03
497,,0.344,0.13,0.364,0.84,0.656,0.95,0.486,0.02
498,,0.334,0.12,0.354,0.83,0.646,0.94,0.476,0.01
499,,0.324,0.11,0.344,0.82,0.636,0.93,0.466,0.0
500,,0.314,0.1,0.334,0.81,0.626,0.92,0.456,-0.01
501,8,0.587,0.09,0.041,0.4,0.333,0.91,0.729,0.99
502,8,0.86,0.08,-0.252,-0.01,0.04,0.9,1.0,1.0
503,3,0.85,0.353,0.748,0.263,0.03,0.607,0.59,0.707
504,3,0.84,0.626,1.0,0.536,0.02,0.314,0.18,0.414
505,,0.83,0.616,0.99,0.526,0.01,0.304,0.17,0.404
506,,0.82,0.606,0.98,0.516,0.0,0.294,0.16,0.394
507,,0.81,0.596,0.97,0.506,-0.01,0.284,0.15,0.384
508,5,0.4,0.303,0.96,0.779,0.99,0.557,0.14,0.091
509,5,-0.01,0.01,0.95,1.0,1.0,0.83,0.13,-0.202
510,8,0.263,0.0,0.657,0.59,0.707,0.82,0.403,0.798
511,8,0.536,-0.01,0.364,0.18,0.414,0.81,0.676,1.0
512,2,0.809,0.99,0.637,0.17,0.121,0.4,0.383,0.99
513,2,1.0,1.0,0.91,0.16,-0.172,-0.01,0.09,0.98
514,5,0.59,0.707,0.9,0.433,0.828,0.263,0.08,0.687
515,5,0.18,0.414,0.89,0.706,1.0,0.536,0.07,0.394
516,,0.17,0.404,0.88,0.696,0.99,0.526,0.06,0.384
517,,0.16,0.394,0.87,0.686,0.98,0.516,0.05,0.374
518,,0.15,0.384,0.86,0.676,0.97,0.506,0.04,0.364
519,,0.14,0.374,0.85,0.666,0.96,0.496,0.03,0.354
520,,0.13,0.364,0.84,0.656,0.95,0.486,0.02,0.344
521,,0.12,0.354,0.83,0.646,0.94,0.476,0.01,0.334
522,,0.11,0.344,0.82,0.636,0.93,0.466,0.0,0.324
523,,0.1,0.334,0.81,0.626,0.92,0.456,-0.01,0.314
524,7,0.09,0.041,0.4,0.333,0.91,0.729,0.99,0.587
525,7,0.08,-0.252,-0.01,0.04,0.9,1.0,1.0,0.86
526,2,0.353,0.748,0.263,0.03,0.607,0.59,0.707,0.85
527,2,0.626,1.0,0.536,0.02,0.314,0.18,0.414,0.84
528,,0.616,0.99,0.526,0.01,0.304,0.17,0.404,0.83
529,,0.606,0.98,0.516,0.0,0.294,0.16,0.394,0.82
530,,0.596,0.97,0.506,-0.01,0.284,0.15,0.384,0.81
531,4,0.303,0.96,0.779,0.99,0.557,0.14,0.091,0.4
532,4,0.01,0.95,1.0,1.0,0.83,0.13,-0.202,-0.01
533,7,0.0,0.657,0.59,0.707,0.82,0.403,0.798,0.263
534,7,-0.01,0.364,0.18,0.414,0.81,0.676,1.0,0.536
535,1,0.99,0.637,0.17,0.121,0.4,0.383,0.99,0.809
536,1,1.0,0.91,0.16,-0.172,-0.01,0.09,0.98,1.0
537,4,0.707,0.9,0.433,0.828,0.263,0.08,0.687,0.59
538,4,0.414,0.89,0.706,1.0,0.536,0.07,0.394,0.18
539,,0.404,0.88,0.696,0.99,0.526,0.06,0.384,0.17
540,,0.394,0.87,0.686,0.98,0.516,0.05,0.374,0.16
541,,0.384,0.86,0.676,0.97,0.506,0.04,0.364,0.15
542,,0.374,0.85,0.666,0.96,0.496,0.03,0.354,0.14
543,,0.364,0.84,0.656,0.95,0.486,0.02,0.344,0.13
544,,0.354,0.83,0.646,0.94,0.476,0.01,0.334,0.12
545,,0.344,0.82,0.636,0.93,0.466,0.0,0.324,0.11
546,,0.334,0.81,0.626,0.92,0.456,-0.01,0.314,0.1
547,6,0.041,0.4,0.333,0.91,0.729,0.99,0.587,0.09
548,6,-0.252,-0.01,0.04,0.9,1.0,1.0,0.86,0.08
549,1,0.748,0.263,0.03,0.607,0.59,0.707,0.85,0.353
550,1,1.0,0.536,0.02,0.314,0.18,0.414,0.84,0.626
551,,0.99,0.526,0.01,0.304,0.17,0.404,0.83,0.616
552,,0.98,0.516,0.0,0.294,0.16,0.394,0.82,0.606
553,,0.97,0.506,-0.01,0.284,0.15,0.384,0.81,0.596
554,3,0.96,0.779,0.99,0.557,0.14,0.091,0.4,0.303
555,3,0.95,1.0,1.0,0.83,0.13,-0.202,-0.01,0.01
556,6,0.657,0.59,0.707,0.82,0.403,0.798,0.263,0.0
557,6,0.364,0.18,0.414,0.81,0.676,1.0,0.536,-0.01
558,8,0.637,0.17,0.121,0.4,0.383,0.99,0.809,0.99
559,8,0.91,0.16,-0.172,-0.01,0.09,0.98,1.0,1.0
560,3,0.9,0.433,0.828,0.263,0.08,0.687,0.59,0.707
561,3,0.89,0.706,1.0,0.536,0.07,0.394,0.18,0.414
562,,0.88,0.696,0.99,0.526,0.06,0.384,0.17,0.404
563,,0.87,0.686,0.98,0.516,0.05,0.374,0.16,0.394
564,,0.86,0.676,0.97,0.506,0.04,0.364,0.15,0.384
565,,0.85,0.666,0.96,0.496,0.03,0.354,0.14,0.374
566,,0.84,0.656,0.95,0.486,0.02,0.344,0.13,0.364
567,,0.83,0.646,0.94,0.476,0.01,0.334,0.12,0.354
568,,0.82,0.636,0.93,0.466,0.0,0.324,0.11,0.344
569,,0.81,0.626,0.92,0.456,-0.01,0.314,0.1,0.334
570,5,0.4,0.333,0.91,0.729,0.99,0.587,0.09,0.041
571,5,-0.01,0.04,0.9,1.0,1.0,0.86,0.08,-0.252
572,8,0.263,0.03,0.607,0.59,0.707,0.85,0.353,0.748
573,8,0.536,0.02,0.314,0.18,0.414,0.84,0.626,1.0
574,,0.526,0.01,0.304,0.17,0.404,0.83,0.616,0.99
575,,0.516,0.0,0.294,0.16,0.394,0.82,0.606,0.98
576,,0.506,-0.01,0.284,0.15,0.384,0.81,0.596,0.97
577,2,0.779,0.99,0.557,0.14,0.091,0.4,0.303,0.96
578,2,1.0,1.0,0.83,0.13,-0.202,-0.01,0.01,0.95
579,5,0.59,0.707,0.82,0.403,0.798,0.263,0.0,0.657
580,5,0.18,0.414,0.81,0.676,1.0,0.536,-0.01,0.364
581,7,0.17,0.121,0.4,0.383,0.99,0.809,0.99,0.637
582,7,0.16,-0.172,-0.01,0.09,0.98,1.0,1.0,0.91
583,2,0.433,0.828,0.263,0.08,0.687,0.59,0.707,0.9
584,2,0.706,1.0,0.536,0.07,0.394,0.18,0.414,0.89
585,,0.696,0.99,0.526,0.06,0.384,0.17,0.404,0.88
586,,0.686,0.98,0.516,0.05,0.374,0.16,0.394,0.87
587,,0.676,0.97,0.506,0.04,0.364,0.15,0.384,0.86
588,,0.666,0.96,0.496,0.03,0.354,0.14,0.374,0.85
589,,0.656,0.95,0.486,0.02,0.344,0.13,0.364,0.84
590,,0.646,0.94,0.476,0.01,0.334,0.12,0.354,0.83
591,,0.636,0.93,0.466,0.0,0.324,0.11,0.344,0.82
592,,0.626,0.92,0.456,-0.01,0.314,0.1,0.334,0.81
593,4,0.333,0.91,0.729,0.99,0.587,0.09,0.041,0.4
594,4,0.04,0.9,1.0,1.0,0.86,0.08,-0.252,-0.01
595,7,0.03,0.607,0.59,0.707,0.85,0.353,0.748,0.263
596,7,0.02,0.314,0.18,0.414,0.84,0.626,1.0,0.536
597,,0.01,0.304,0.17,0.404,0.83,0.616,0.99,0.526
598,,0.0,0.294,0.16,0.394,0.82,0.606,0.98,0.516
599,,-0.01,0.284,0.15,0.384,0.81,0.596,0.97,0.506
600,1,0.99,0.557,0.14,0.091,0.4,0.303,0.96,0.779
601,1,1.0,0.83,0.13,-0.202,-0.01,0.01,0.95,1.0
602,4,0.707,0.82,0.403,0.798,0.263,0.0,0.657,0.59
603,4,0.414,0.81,0.676,1.0,0.536,-0.01,0.364,0.18
604,6,0.121,0.4,0.383,0.99,0.809,0.99,0.637,0.17
605,6,-0.172,-0.01,0.09,0.98,1.0,1.0,0.91,0.16
606,1,0.828,0.263,0.08,0.687,0.59,0.707,0.9,0.433
607,1,1.0,0.536,0.07,0.394,0.18,0.414,0.89,0.706
608,,0.99,0.526,0.06,0.384,0.17,0.404,0.88,0.696
609,,0.98,0.516,0.05,0.374,0.16,0.394,0.87,0.686
610,,0.97,0.506,0.04,0.364,0.15,0.384,0.86,0.676
611,,0.96,0.496,0.03,0.354,0.14,0.374,0.85,0.666
612,,0.95,0.486,0.02,0.344,0.13,0.364,0.84,0.656
613,,0.94,0.476,0.01,0.334,0.12,0.354,0.83,0.646
614,,0.93,0.466,0.0,0.324,0.11,0.344,0.82,0.636
615,,0.92,0.456,-0.01,0.314,0.1,0.334,0.81,0.626
616,3,0.91,0.729,0.99,0.587,0.09,0.041,0.4,0.333
617,3,0.9,1.0,1.0,0.86,0.08,-0.252,-0.01,0.04
618,6,0.607,0.59,0.707,0.85,0.353,0.748,0.263,0.03
619,6,0.314,0.18,0.414,0.84,0.626,1.0,0.536,0.02
620,,0.304,0.17,0.404,0.83,0.616,0.99,0.526,0.01
621,,0.294,0.16,0.394,0.82,0.606,0.98,0.516,0.0
622,,0.284,0.15,0.384,0.81,0.596,0.97,0.506,-0.01
623,8,0.557,0.14,0.091,0.4,0.303,0.96,0.779,0.99
624,8,0.83,0.13,-0.202,-0.01,0.01,0.95,1.0,1.0
625,3,0.82,0.403,0.798,0.263,0.0,0.657,0.59,0.707
626,3,0.81,0.676,1.0,0.536,-0.01,0.364,0.18,0.414
627,5,0.4,0.383,0.99,0.809,0.99,0.637,0.17,0.121
628,5,-0.01,0.09,0.98,1.0,1.0,0.91,0.16,-0.172
629,8,0.263,0.08,0.687,0.59,0.707,0.9,0.433,0.828
630,8,0.536,0.07,0.394,0.18,0.414,0.89,0.706,1.0
631,,0.526,0.06,0.384,0.17,0.404,0.88,0.696,0.99
632,,0.516,0.05,0.374,0.16,0.394,0.87,0.686,0.98
633,,0.506,0.04,0.364,0.15,0.384,0.86,0.676,0.97
634,,0.496,0.03,0.354,0.14,0.374,0.85,0.666,0.96
635,,0.486,0.02,0.344,0.13,0.364,0.84,0.656,0.95
636,,0.476,0.01,0.334,0.12,0.354,0.83,0.646,0.94
637,,0.466,0.0,0.324,0.11,0.344,0.82,0.636,0.93
638,,0.456,-0.01,0.314,0.1,0.334,0.81,0.626,0.92
639,2,0.729,0.99,0.587,0.09,0.041,0.4,0.333,0.91
640,2,1.0,1.0,0.86,0.08,-0.252,-0.01,0.04,0.9
641,5,0.59,0.707,0.85,0.353,0.748,0.263,0.03,0.607
642,5,0.18,0.414,0.84,0.626,1.0,0.536,0.02,0.314
643,,0.17,0.404,0.83,0.616,0.99,0.526,0.01,0.304
644,,0.16,0.394,0.82,0.606,0.98,0.516,0.0,0.294
645,,0.15,0.384,0.81,0.596,0.97,0.506,-0.01,0.284
646,7,0.14,0.091,0.4,0.303,0.96,0.779,0.99,0.557
647,7,0.13,-0.202,-0.01,0.01,0.95,1.0,1.0,0.83
648,2,0.403,0.798,0.263,0.0,0.657,0.59,0.707,0.82
649,2,0.676,1.0,0.536,-0.01,0.364,0.18,0.414,0.81
650,4,0.383,0.99,0.809,0.99,0.637,0.17,0.121,0.4
651,4,0.09,0.98,1.0,1.0,0.91,0.16,-0.172,-0.01
652,7,0.08,0.687,0.59,0.707,0.9,0.433,0.828,0.263
653,7,0.07,0.394,0.18,0.414,0.89,0.706,1.0,0.536
654,,0.06,0.384,0.17,0.404,0.88,0.696,0.99,0.526
655,,0.05,0.374,0.16,0.394,0.87,0.686,0.98,0.516
656,,0.04,0.364,0.15,0.384,0.86,0.676,0.97,0.506
657,,0.03,0.354,0.14,0.374,0.85,0.666,0.96,0.496
658,,0.02,0.344,0.13,0.364,0.84,0.656,0.95,0.486
659,,0.01,0.334,0.12,0.354,0.83,0.646,0.94,0.476
660,,0.0,0.324,0.11,0.344,0.82,0.636,0.93,0.466
661,,-0.01,0.314,0.1,0.334,0.81,0.626,0.92,0.456
662,1,0.99,0.587,0.09,0.041,0.4,0.333,0.91,0.729
663,1,1.0,0.86,0.08,-0.252,-0.01,0.04,0.9,1.0
664,4,0.707,0.85,0.353,0.748,0.263,0.03,0.607,0.59
665,4,0.414,0.84,0.626,1.0,0.536,0.02,0.314,0.18
666,,0.404,0.83,0.616,0.99,0.526,0.01,0.304,0.17
667,,0.394,0.82,0.606,0.98,0.516,0.0,0.294,0.16
668,,0.384,0.81,0.596,0.97,0.506,-0.01,0.284,0.15
669,6,0.091,0.4,0.303,0.96,0.779,0.99,0.557,0.14
670,6,-0.202,-0.01,0.01,0.95,1.0,1.0,0.83,0.13
671,1,0.798,0.263,0.0,0.657,0.59,0.707,0.82,0.403
672,1,1.0,0.536,-0.01,0.364,0.18,0.414,0.81,0.676
673,3,0.99,0.809,0.99,0.637,0.17,0.121,0.4,0.383
674,3,0.98,1.0,1.0,0.91,0.16,-0.172,-0.01,0.09
675,6,0.687,0.59,0.707,0.9,0.433,0.828,0.263,0.08
676,6,0.394,0.18,0.414,0.89,0.706,1.0,0.536,0.07
677,,0.384,0.17,0.404,0.88,0.696,0.99,0.526,0.06
678,,0.374,0.16,0.394,0.87,0.686,0.98,0.516,0.05
679,,0.364,0.15,0.384,0.86,0.676,0.97,0.506,0.04
680,,0.354,0.14,0.374,0.85,0.666,0.96,0.496,0.03
681,,0.344,0.13,0.364,0.84,0.656,0.95,0.486,0.02
682,,0.334,0.12,0.354,0.83,0.646,0.94,0.476,0.01
683,,0.324,0.11,0.344,0.82,0.636,0.93,0.466,0.0
684,,0.314,0.1,0.334,0.81,0.626,0.92,0.456,-0.01
685,8,0.587,0.09,0.041,0.4,0.333,0.91,0.729,0.99
686,8,0.86,0.08,-0.252,-0.01,0.04,0.9,1.0,1.0
687,3,0.85,0.353,0.748,0.263,0.03,0.607,0.59,0.707
688,3,0.84,0.626,1.0,0.536,0.02,0.314,0.18,0.414
689,,0.83,0.616,0.99,0.526,0.01,0.304,0.17,0.404
690,,0.82,0.606,0.98,0.516,0.0,0.294,0.16,0.394
691,,0.81,0.596,0.97,0.506,-0.01,0.284,0.15,0.384
692,5,0.4,0.303,0.96,0.779,0.99,0.557,0.14,0.091
693,5,-0.01,0.01,0.95,1.0,1.0,0.83,0.13,-0.202
694,8,0.263,0.0,0.657,0.59,0.707,0.82,0.403,0.798
695,8,0.536,-0.01,0.364,0.18,0.414,0.81,0.676,1.0
696,2,0.809,0.99,0.637,0.17,0.121,0.4,0.383,0.99
697,2,1.0,1.0,0.91,0.16,-0.172,-0.01,0.09,0.98
698,5,0.59,0.707,0.9,0.433,0.828,0.263,0.08,0.687
699,5,0.18,0.414,0.89,0.706,1.0,0.536,0.07,0.394
700,,0.17,0.404,0.88,0.696,0.99,0.526,0.06,0.384
701,,0.16,0.394,0.87,0.686,0.98,0.516,0.05,0.374
702,,0.15,0.384,0.86,0.676,0.97,0.506,0.04,0.364
703,,0.14,0.374,0.85,0.666,0.96,0.496,0.03,0.354
704,,0.13,0.364,0.84,0.656,0.95,0.486,0.02,0.344
705,,0.12,0.354,0.83,0.646,0.94,0.476,0.01,0.334
706,,0.11,0.344,0.82,0.636,0.93,0.466,0.0,0.324
707,,0.1,0.334,0.81,0.626,0.92,0.456,-0.01,0.314
708,7,0.09,0.041,0.4,0.333,0.91,0.729,0.99,0.587
709,7,0.08,-0.252,-0.01,0.04,0.9,1.0,1.0,0.86
710,2,0.353,0.748,0.263,0.03,0.607,0.59,0.707,0.85
711,2,0.626,1.0,0.536,0.02,0.314,0.18,0.414,0.84
712,,0.616,0.99,0.526,0.01,0.304,0.17,0.404,0.83
713,,0.606,0.98,0.516,0.0,0.294,0.16,0.394,0.82
714,,0.596,0.97,0.506,-0.01,0.284,0.15,0.384,0.81
715,4,0.303,0.96,0.779,0.99,0.557,0.14,0.091,0.4
716,4,0.01,0.95,1.0,1.0,0.83,0.13,-0.202,-0.01
717,7,0.0,0.657,0.59,0.707,0.82,0.403,0.798,0.263
718,7,-0.01,0.364,0.18,0.414,0.81,0.676,1.0,0.536
719,1,0.99,0.637,0.17,0.121,0.4,0.383,0.99,0.809
720,1,1.0,0.91,0.16,-0.172,-0.01,0.09,0.98,1.0
721,4,0.707,0.9,0.433,0.828,0.263,0.08,0.687,0.59
722,4,0.414,0.89,0.706,1.0,0.536,0.07,0.394,0.18
723,,0.404,0.88,0.696,0.99,0.526,0.06,0.384,0.17
724,,0.394,0.87,0.686,0.98,0.516,0.05,0.374,0.16
725,,0.384,0.86,0.676,0.97,0.506,0.04,0.364,0.15
726,,0.374,0.85,0.666,0.96,0.496,0.03,0.354,0.14
727,,0.364,0.84,0.656,0.95,0.486,0.02,0.344,0.13
728,,0.354,0.83,0.646,0.94,0.476,0.01,0.334,0.12
729,,0.344,0.82,0.636,0.93,0.466,0.0,0.324,0.11
730,,0.334,0.81,0.626,0.92,0.456,-0.01,0.314,0.1
731,6,0.041,0.4,0.333,0.91,0.729,0.99,0.587,0.09
732,6,-0.252,-0.01,0.04,0.9,1.0,1.0,0.86,0.08
733,1,0.748,0.263,0.03,0.607,0.59,0.707,0.85,0.353
734,1,1.0,0.536,0.02,0.314,0.18,0.414,0.84,0.626
735,,0.99,0.526,0.01,0.304,0.17,0.404,0.83,0.616
736,,0.98,0.516,0.0,0.294,0.16,0.394,0.82,0.606
737,,0.97,0.506,-0.01,0.284,0.15,0.384,0.81,0.596
738,3,0.96,0.779,0.99,0.557,0.14,0.091,0.4,0.303
739,3,0.95,1.0,1.0,0.83,0.13,-0.202,-0.01,0.01
740,6,0.657,0.59,0.707,0.82,0.403,0.798,0.263,0.0
741,6,0.364,0.18,0.414,0.81,0.676,1.0,0.536,-0.01
742,8,0.637,0.17,0.121,0.4,0.383,0.99,0.809,0.99
743,8,0.91,0.16,-0.172,-0.01,0.09,0.98,1.0,1.0
744,3,0.9,0.433,0.828,0.263,0.08,0.687,0.59,0.707
745,3,0.89,0.706,1.0,0.536,0.07,0.394,0.18,0.414
746,,0.88,0.696,0.99,0.526,0.06,0.384,0.17,0.404
747,,0.87,0.686,0.98,0.516,0.05,0.374,0.16,0.394
748,,0.86,0.676,0.97,0.506,0.04,0.364,0.15,0.384
749,,0.85,0.666,0.96,0.496,0.03,0.354,0.14,0.374
750,,0.84,0.656,0.95,0.486,0.02,0.344,0.13,0.364
751,,0.83,0.646,0.94,0.476,0.01,0.334,0.12,0.354
752,,0.82,0.636,0.93,0.466,0.0,0.324,0.11,0.344
753,,0.81,0.626,0.92,0.456,-0.01,0.314,0.1,0.334
754,5,0.4,0.333,0.91,0.729,0.99,0.587,0.09,0.041
755,5,-0.01,0.04,0.9,1.0,1.0,0.86,0.08,-0.252
756,8,0.263,0.03,0.607,0.59,0.707,0.85,0.353,0.748
757,8,0.536,0.02,0.314,0.18,0.414,0.84,0.626,1.0
758,,0.526,0.01,0.304,0.17,0.404,0.83,0.616,0.99
759,,0.516,0.0,0.294,0.16,0.394,0.82,0.606,0.98
760,,0.506,-0.01,0.284,0.15,0.384,0.81,0.596,0.97
761,2,0.779,0.99,0.557,0.14,0.091,0.4,0.303,0.96
762,2,1.0,1.0,0.83,0.13,-0.202,-0.01,0.01,0.95
763,5,0.59,0.707,0.82,0.403,0.798,0.263,0.0,0.657
764,5,0.18,0.414,0.81,0.676,1.0,0.536,-0.01,0.364
765,7,0.17,0.121,0.4,0.383,0.99,0.809,0.99,0.637
766,7,0.16,-0.172,-0.01,0.09,0.98,1.0,1.0,0.91
767,2,0.433,0.828,0.263,0.08,0.687,0.59,0.707,0.9
768,2,0.706,1.0,0.536,0.07,0.394,0.18,0.414,0.89
769,,0.696,0.99,0.526,0.06,0.384,0.17,0.404,0.88
770,,0.686,0.98,0.516,0.05,0.374,0.16,0.394,0.87
771,,0.676,0.97,0.506,0.04,0.364,0.15,0.384,0.86
772,,0.666,0.96,0.496,0.03,0.354,0.14,0.374,0.85
773,,0.656,0.95,0.486,0.02,0.344,0.13,0.364,0.84
774,,0.646,0.94,0.476,0.01,0.334,0.12,0.354,0.83
775,,0.636,0.93,0.466,0.0,0.324,0.11,0.344,0.82
776,,0.626,0.92,0.456,-0.01,0.314,0.1,0.334,0.81
777,4,0.333,0.91,0.729,0.99,0.587,0.09,0.041,0.4
778,4,0.04,0.9,1.0,1.0,0.86,0.08,-0.252,-0.01
779,7,0.03,0.607,0.59,0.707,0.85,0.353,0.748,0.263
780,7,0.02,0.314,0.18,0.414,0.84,0.626,1.0,0.536
781,,0.01,0.304,0.17,0.404,0.83,0.616,0.99,0.526
782,,0.0,0.294,0.16,0.394,0.82,0.606,0.98,0.516
783,,-0.01,0.284,0.15,0.384,0.81,0.596,0.97,0.506
784,1,0.99,0.557,0.14,0.091,0.4,0.303,0.96,0.779
785,1,1.0,0.83,0.13,-0.202,-0.01,0.01,0.95,1.0
786,4,0.707,0.82,0.403,0.798,0.263,0.0,0.657,0.59
787,4,0.414,0.81,0.676,1.0,0.536,-0.01,0.364,0.18
788,6,0.121,0.4,0.383,0.99,0.809,0.99,0.637,0.17
789,6,-0.172,-0.01,0.09,0.98,1.0,1.0,0.91,0.16
790,1,0.828,0.263,0.08,0.687,0.59,0.707,0.9,0.433
791,1,1.0,0.536,0.07,0.394,0.18,0.414,0.89,0.706
792,,0.99,0.526,0.06,0.384,0.17,0.404,0.88,0.696
793,,0.98,0.516,0.05,0.374,0.16,0.394,0.87,0.686
794,,0.97,0.506,0.04,0.364,0.15,0.384,0.86,0.676
795,,0.96,0.496,0.03,0.354,0.14,0.374,0.85,0.666
796,,0.95,0.486,0.02,0.344,0.13,0.364,0.84,0.656
797,,0.94,0.476,0.01,0.334,0.12,0.354,0.83,0.646
798,,0.93,0.466,0.0,0.324,0.11,0.344,0.82,0.636
799,,0.92,0.456,-0.01,0.314,0.1,0.334,0.81,0.626
800,3,0.91,0.729,0.99,0.587,0.09,0.041,0.4,0.333
801,3,0.9,1.0,1.0,0.86,0.08,-0.252,-0.01,0.04
802,6,0.607,0.59,0.707,0.85,0.353,0.748,0.263,0.03
803,6,0.314,0.18,0.414,0.84,0.626,1.0,0.536,0.02
804,,0.304,0.17,0.404,0.83,0.616,0.99,0.526,0.01
805,,0.294,0.16,0.394,0.82,0.606,0.98,0.516,0.0
806,,0.284,0.15,0.384,0.81,0.596,0.97,0.506,-0.01
807,8,0.557,0.14,0.091,0.4,0.303,0.96,0.779,0.99
