step,active_motive,motive_1,motive_2,motive_3,motive_4,motive_5,motive_6,motive_7,motive_8
0,,0.09004,0.06331,0.0339,0.03492,0.0726,0.08971,0.08871,0.07799
1,,0.08004,0.05331,0.0239,0.02492,0.0626,0.07971,0.07871,0.06799
2,,0.07004,0.04331,0.0139,0.01492,0.0526,0.06971,0.06871,0.05799
3,,0.06004,0.03331,0.0039,0.00492,0.0426,0.05971,0.05871,0.04799
4,,0.05004,0.02331,-0.0061,-0.00508,0.0326,0.04971,0.04871,0.03799
5,3,0.04004,0.29631,0.9939,0.26792,0.0226,-0.24329,-0.36129,-0.25501
6,3,0.03004,0.56931,1.0,0.54092,0.0126,-0.53629,-0.77129,-0.54801
7,7,0.02004,0.27631,0.59,0.24792,0.0026,-0.26329,0.22871,-0.27501
8,7,0.01004,-0.01669,0.18,-0.04508,-0.0074,0.00971,1.0,-0.00201
9,4,-0.28296,-0.02669,0.453,0.95492,0.2656,-0.00029,0.707,-0.41201
10,4,-0.57596,-0.03669,0.726,1.0,0.5386,-0.01029,0.414,-0.82201
11,8,-0.30296,-0.04669,0.433,0.59,0.2456,-0.02029,0.687,0.17799
12,8,-0.02996,-0.05669,0.14,0.18,-0.0474,-0.03029,0.96,1.0
13,2,0.24304,0.94331,0.413,0.17,-0.3404,-0.44029,0.667,0.99
14,2,0.51604,1.0,0.686,0.16,-0.6334,-0.85029,0.374,0.98
15,6,0.22304,0.59,0.393,0.15,-0.3604,0.14971,0.647,0.97
16,6,-0.06996,0.18,0.1,0.14,-0.0874,1.0,0.92,0.96
17,5,-0.47996,-0.113,0.09,0.413,0.9126,1.0,0.91,0.667
18,5,-0.88996,-0.406,0.08,0.686,1.0,1.0,0.9,0.374
19,1,0.11004,-0.133,0.07,0.393,0.59,0.707,0.89,0.647
20,1,1.0,0.14,0.06,0.1,0.18,0.414,0.88,0.92
21,,0.99,0.13,0.05,0.09,0.17,0.404,0.87,0.91
22,,0.98,0.12,0.04,0.08,0.16,0.394,0.86,0.9
23,,0.97,0.11,0.03,0.07,0.15,0.384,0.85,0.89
24,,0.96,0.1,0.02,0.06,0.14,0.374,0.84,0.88
25,,0.95,0.09,0.01,0.05,0.13,0.364,0.83,0.87
26,,0.94,0.08,0.0,0.04,0.12,0.354,0.82,0.86
27,,0.93,0.07,-0.01,0.03,0.11,0.344,0.81,0.85
28,3,0.92,0.343,0.99,0.303,0.1,0.051,0.4,0.557
29,3,0.91,0.616,1.0,0.576,0.09,-0.242,-0.01,0.264
30,6,0.617,0.206,0.707,0.566,0.363,0.758,0.263,0.254
31,6,0.324,-0.204,0.414,0.556,0.636,1.0,0.536,0.244
32,2,0.597,0.796,0.687,0.546,0.343,0.59,0.243,0.234
33,2,0.87,1.0,0.96,0.536,0.05,0.18,-0.05,0.224
34,7,0.86,0.707,0.55,0.243,0.04,0.453,0.95,0.497
35,7,0.85,0.414,0.14,-0.05,0.03,0.726,1.0,0.77
36,4,0.557,0.404,0.413,0.95,0.303,0.716,0.707,0.36
37,4,0.264,0.394,0.686,1.0,0.576,0.706,0.414,-0.05
38,8,0.537,0.384,0.393,0.59,0.283,0.696,0.687,0.95
39,8,0.81,0.374,0.1,0.18,-0.01,0.686,0.96,1.0
40,5,0.4,0.081,0.09,0.453,0.99,0.959,0.95,0.707
41,5,-0.01,-0.212,0.08,0.726,1.0,1.0,0.94,0.414
42,2,0.263,0.788,0.353,0.716,0.707,0.59,0.647,0.404
43,2,0.536,1.0,0.626,0.706,0.414,0.18,0.354,0.394
44,,0.526,0.99,0.616,0.696,0.404,0.17,0.344,0.384
45,,0.516,0.98,0.606,0.686,0.394,0.16,0.334,0.374
46,,0.506,0.97,0.596,0.676,0.384,0.15,0.324,0.364
47,,0.496,0.96,0.586,0.666,0.374,0.14,0.314,0.354
48,,0.486,0.95,0.576,0.656,0.364,0.13,0.304,0.344
49,,0.476,0.94,0.566,0.646,0.354,0.12,0.294,0.334
50,,0.466,0.93,0.556,0.636,0.344,0.11,0.284,0.324
51,,0.456,0.92,0.546,0.626,0.334,0.1,0.274,0.314
52,,0.446,0.91,0.536,0.616,0.324,0.09,0.264,0.304
53,,0.436,0.9,0.526,0.606,0.314,0.08,0.254,0.294
54,,0.426,0.89,0.516,0.596,0.304,0.07,0.244,0.284
55,,0.416,0.88,0.506,0.586,0.294,0.06,0.234,0.274
56,,0.406,0.87,0.496,0.576,0.284,0.05,0.224,0.264
57,,0.396,0.86,0.486,0.566,0.274,0.04,0.214,0.254
58,,0.386,0.85,0.476,0.556,0.264,0.03,0.204,0.244
59,,0.376,0.84,0.466,0.546,0.254,0.02,0.194,0.234
60,,0.366,0.83,0.456,0.536,0.244,0.01,0.184,0.224
61,,0.356,0.82,0.446,0.526,0.234,0.0,0.174,0.214
62,,0.346,0.81,0.436,0.516,0.224,-0.01,0.164,0.204
63,6,0.053,0.4,0.143,0.506,0.497,0.99,0.437,0.194
64,6,-0.24,-0.01,-0.15,0.496,0.77,1.0,0.71,0.184
65,1,0.76,0.263,-0.16,0.203,0.36,0.707,0.7,0.457
66,1,1.0,0.536,-0.17,-0.09,-0.05,0.414,0.69,0.73
67,3,0.99,0.809,0.83,0.183,-0.06,0.121,0.28,0.437
68,3,0.98,1.0,1.0,0.456,-0.07,-0.172,-0.13,0.144
69,6,0.687,0.59,0.707,0.446,0.203,0.828,0.143,0.134
70,6,0.394,0.18,0.414,0.436,0.476,1.0,0.416,0.124
71,,0.384,0.17,0.404,0.426,0.466,0.99,0.406,0.114
72,,0.374,0.16,0.394,0.416,0.456,0.98,0.396,0.104
73,,0.364,0.15,0.384,0.406,0.446,0.97,0.386,0.094
74,,0.354,0.14,0.374,0.396,0.436,0.96,0.376,0.084
75,,0.344,0.13,0.364,0.386,0.426,0.95,0.366,0.074
76,,0.334,0.12,0.354,0.376,0.416,0.94,0.356,0.064
77,,0.324,0.11,0.344,0.366,0.406,0.93,0.346,0.054
78,,0.314,0.1,0.334,0.356,0.396,0.92,0.336,0.044
79,,0.304,0.09,0.324,0.346,0.386,0.91,0.326,0.034
80,,0.294,0.08,0.314,0.336,0.376,0.9,0.316,0.024
81,,0.284,0.07,0.304,0.326,0.366,0.89,0.306,0.014
82,,0.274,0.06,0.294,0.316,0.356,0.88,0.296,0.004
83,,0.264,0.05,0.284,0.306,0.346,0.87,0.286,-0.006
84,8,0.537,0.04,-0.009,-0.104,0.053,0.86,0.559,0.994
85,8,0.81,0.03,-0.302,-0.514,-0.24,0.85,0.832,1.0
86,4,0.517,0.02,-0.029,0.486,0.033,0.84,0.539,0.59
87,4,0.224,0.01,0.244,1.0,0.306,0.83,0.246,0.18
88,,0.214,0.0,0.234,0.99,0.296,0.82,0.236,0.17
89,,0.204,-0.01,0.224,0.98,0.286,0.81,0.226,0.16
90,2,0.477,0.99,0.497,0.97,-0.007,0.4,-0.067,0.15
91,2,0.75,1.0,0.77,0.96,-0.3,-0.01,-0.36,0.14
92,7,0.74,0.707,0.36,0.667,-0.31,0.263,0.64,0.413
93,7,0.73,0.414,-0.05,0.374,-0.32,0.536,1.0,0.686
94,5,0.32,0.121,-0.06,0.647,0.68,0.809,0.99,0.393
95,5,-0.09,-0.172,-0.07,0.92,1.0,1.0,0.98,0.1
96,2,0.183,0.828,0.203,0.91,0.707,0.59,0.687,0.09
97,2,0.456,1.0,0.476,0.9,0.414,0.18,0.394,0.08
98,,0.446,0.99,0.466,0.89,0.404,0.17,0.384,0.07
99,,0.436,0.98,0.456,0.88,0.394,0.16,0.374,0.06
100,,0.426,0.97,0.446,0.87,0.384,0.15,0.364,0.05
101,,0.416,0.96,0.436,0.86,0.374,0.14,0.354,0.04
102,,0.406,0.95,0.426,0.85,0.364,0.13,0.344,0.03
103,,0.396,0.94,0.416,0.84,0.354,0.12,0.334,0.02
104,,0.386,0.93,0.406,0.83,0.344,0.11,0.324,0.01
105,,0.376,0.92,0.396,0.82,0.334,0.1,0.314,0.0
106,,0.366,0.91,0.386,0.81,0.324,0.09,0.304,-0.01
107,8,0.639,0.9,0.093,0.4,0.031,0.08,0.577,0.99
108,8,0.912,0.89,-0.2,-0.01,-0.262,0.07,0.85,1.0
109,5,0.502,0.597,-0.21,0.263,0.738,0.343,0.84,0.707
110,5,0.092,0.304,-0.22,0.536,1.0,0.616,0.83,0.414
111,3,0.082,0.577,0.78,0.809,0.99,0.323,0.42,0.121
112,3,0.072,0.85,1.0,1.0,0.98,0.03,0.01,-0.172
113,8,0.345,0.84,0.707,0.59,0.687,0.02,0.283,0.828
114,8,0.618,0.83,0.414,0.18,0.394,0.01,0.556,1.0
115,,0.608,0.82,0.404,0.17,0.384,0.0,0.546,0.99
116,,0.598,0.81,0.394,0.16,0.374,-0.01,0.536,0.98
117,6,0.305,0.4,0.101,0.15,0.647,0.99,0.809,0.97
118,6,0.012,-0.01,-0.192,0.14,0.92,1.0,1.0,0.96
119,3,0.002,0.263,0.808,0.413,0.91,0.707,0.59,0.667
120,3,-0.008,0.536,1.0,0.686,0.9,0.414,0.18,0.374
121,1,0.992,0.809,0.99,0.393,0.49,0.121,0.17,0.647
122,1,1.0,1.0,0.98,0.1,0.08,-0.172,0.16,0.92
123,6,0.707,0.59,0.687,0.09,0.353,0.828,0.433,0.91
124,6,0.414,0.18,0.394,0.08,0.626,1.0,0.706,0.9
125,,0.404,0.17,0.384,0.07,0.616,0.99,0.696,0.89
126,,0.394,0.16,0.374,0.06,0.606,0.98,0.686,0.88
127,,0.384,0.15,0.364,0.05,0.596,0.97,0.676,0.87
128,,0.374,0.14,0.354,0.04,0.586,0.96,0.666,0.86
129,,0.364,0.13,0.344,0.03,0.576,0.95,0.656,0.85
130,,0.354,0.12,0.334,0.02,0.566,0.94,0.646,0.84
131,,0.344,0.11,0.324,0.01,0.556,0.93,0.636,0.83
132,,0.334,0.1,0.314,0.0,0.546,0.92,0.626,0.82
133,,0.324,0.09,0.304,-0.01,0.536,0.91,0.616,0.81
134,4,0.031,0.08,0.577,0.99,0.809,0.9,0.323,0.4
135,4,-0.262,0.07,0.85,1.0,1.0,0.89,0.03,-0.01
136,1,0.738,0.343,0.84,0.707,0.59,0.597,0.02,0.263
137,1,1.0,0.616,0.83,0.414,0.18,0.304,0.01,0.536
138,,0.99,0.606,0.82,0.404,0.17,0.294,0.0,0.526
139,,0.98,0.596,0.81,0.394,0.16,0.284,-0.01,0.516
140,7,0.97,0.303,0.4,0.101,0.15,0.557,0.99,0.789
141,7,0.96,0.01,-0.01,-0.192,0.14,0.83,1.0,1.0
142,4,0.667,0.0,0.263,0.808,0.413,0.82,0.707,0.59
143,4,0.374,-0.01,0.536,1.0,0.686,0.81,0.414,0.18
144,2,0.647,0.99,0.809,0.99,0.393,0.4,0.121,0.17
145,2,0.92,1.0,1.0,0.98,0.1,-0.01,-0.172,0.16
146,7,0.91,0.707,0.59,0.687,0.09,0.263,0.828,0.433
147,7,0.9,0.414,0.18,0.394,0.08,0.536,1.0,0.706
148,,0.89,0.404,0.17,0.384,0.07,0.526,0.99,0.696
149,,0.88,0.394,0.16,0.374,0.06,0.516,0.98,0.686
150,,0.87,0.384,0.15,0.364,0.05,0.506,0.97,0.676
151,,0.86,0.374,0.14,0.354,0.04,0.496,0.96,0.666
152,,0.85,0.364,0.13,0.344,0.03,0.486,0.95,0.656
153,,0.84,0.354,0.12,0.334,0.02,0.476,0.94,0.646
154,,0.83,0.344,0.11,0.324,0.01,0.466,0.93,0.636
155,,0.82,0.334,0.1,0.314,0.0,0.456,0.92,0.626
156,,0.81,0.324,0.09,0.304,-0.01,0.446,0.91,0.616
157,5,0.4,0.031,0.08,0.577,0.99,0.719,0.9,0.323
158,5,-0.01,-0.262,0.07,0.85,1.0,0.992,0.89,0.03
159,2,0.263,0.738,0.343,0.84,0.707,0.582,0.597,0.02
160,2,0.536,1.0,0.616,0.83,0.414,0.172,0.304,0.01
161,,0.526,0.99,0.606,0.82,0.404,0.162,0.294,0.0
162,,0.516,0.98,0.596,0.81,0.394,0.152,0.284,-0.01
163,8,0.789,0.97,0.303,0.4,0.101,0.142,0.557,0.99
164,8,1.0,0.96,0.01,-0.01,-0.192,0.132,0.83,1.0
165,5,0.59,0.667,0.0,0.263,0.808,0.405,0.82,0.707
166,5,0.18,0.374,-0.01,0.536,1.0,0.678,0.81,0.414
167,3,0.17,0.647,0.99,0.809,0.99,0.385,0.4,0.121
168,3,0.16,0.92,1.0,1.0,0.98,0.092,-0.01,-0.172
169,8,0.433,0.91,0.707,0.59,0.687,0.082,0.263,0.828
170,8,0.706,0.9,0.414,0.18,0.394,0.072,0.536,1.0
171,,0.696,0.89,0.404,0.17,0.384,0.062,0.526,0.99
172,,0.686,0.88,0.394,0.16,0.374,0.052,0.516,0.98
173,,0.676,0.87,0.384,0.15,0.364,0.042,0.506,0.97
174,,0.666,0.86,0.374,0.14,0.354,0.032,0.496,0.96
175,,0.656,0.85,0.364,0.13,0.344,0.022,0.486,0.95
176,,0.646,0.84,0.354,0.12,0.334,0.012,0.476,0.94
177,,0.636,0.83,0.344,0.11,0.324,0.002,0.466,0.93
178,,0.626,0.82,0.334,0.1,0.314,-0.008,0.456,0.92
179,6,0.333,0.41,0.041,0.09,0.587,0.992,0.729,0.91
180,6,0.04,-0.0,-0.252,0.08,0.86,1.0,1.0,0.9
181,3,0.03,0.273,0.748,0.353,0.85,0.707,0.59,0.607
182,3,0.02,0.546,1.0,0.626,0.84,0.414,0.18,0.314
183,,0.01,0.536,0.99,0.616,0.83,0.404,0.17,0.304
184,,0.0,0.526,0.98,0.606,0.82,0.394,0.16,0.294
185,,-0.01,0.516,0.97,0.596,0.81,0.384,0.15,0.284
186,1,0.99,0.789,0.96,0.303,0.4,0.091,0.14,0.557
187,1,1.0,1.0,0.95,0.01,-0.01,-0.202,0.13,0.83
188,6,0.707,0.59,0.657,0.0,0.263,0.798,0.403,0.82
189,6,0.414,0.18,0.364,-0.01,0.536,1.0,0.676,0.81
190,4,0.121,0.17,0.637,0.99,0.809,0.99,0.383,0.4
191,4,-0.172,0.16,0.91,1.0,1.0,0.98,0.09,-0.01
192,1,0.828,0.433,0.9,0.707,0.59,0.687,0.08,0.263
193,1,1.0,0.706,0.89,0.414,0.18,0.394,0.07,0.536
194,,0.99,0.696,0.88,0.404,0.17,0.384,0.06,0.526
195,,0.98,0.686,0.87,0.394,0.16,0.374,0.05,0.516
196,,0.97,0.676,0.86,0.384,0.15,0.364,0.04,0.506
197,,0.96,0.666,0.85,0.374,0.14,0.354,0.03,0.496
198,,0.95,0.656,0.84,0.364,0.13,0.344,0.02,0.486
199,,0.94,0.646,0.83,0.354,0.12,0.334,0.01,0.476
200,,0.93,0.636,0.82,0.344,0.11,0.324,0.0,0.466
201,,0.92,0.626,0.81,0.334,0.1,0.314,-0.01,0.456
202,7,0.91,0.333,0.4,0.041,0.09,0.587,0.99,0.729
203,7,0.9,0.04,-0.01,-0.252,0.08,0.86,1.0,1.0
204,4,0.607,0.03,0.263,0.748,0.353,0.85,0.707,0.59
205,4,0.314,0.02,0.536,1.0,0.626,0.84,0.414,0.18
206,,0.304,0.01,0.526,0.99,0.616,0.83,0.404,0.17
207,,0.294,0.0,0.516,0.98,0.606,0.82,0.394,0.16
208,,0.284,-0.01,0.506,0.97,0.596,0.81,0.384,0.15
209,2,0.557,0.99,0.779,0.96,0.303,0.4,0.091,0.14
210,2,0.83,1.0,1.0,0.95,0.01,-0.01,-0.202,0.13
211,7,0.82,0.707,0.59,0.657,0.0,0.263,0.798,0.403
212,7,0.81,0.414,0.18,0.364,-0.01,0.536,1.0,0.676
213,5,0.4,0.121,0.17,0.637,0.99,0.809,0.99,0.383
214,5,-0.01,-0.172,0.16,0.91,1.0,1.0,0.98,0.09
215,2,0.263,0.828,0.433,0.9,0.707,0.59,0.687,0.08
216,2,0.536,1.0,0.706,0.89,0.414,0.18,0.394,0.07
217,,0.526,0.99,0.696,0.88,0.404,0.17,0.384,0.06
218,,0.516,0.98,0.686,0.87,0.394,0.16,0.374,0.05
219,,0.506,0.97,0.676,0.86,0.384,0.15,0.364,0.04
220,,0.496,0.96,0.666,0.85,0.374,0.14,0.354,0.03
221,,0.486,0.95,0.656,0.84,0.364,0.13,0.344,0.02
222,,0.476,0.94,0.646,0.83,0.354,0.12,0.334,0.01
223,,0.466,0.93,0.636,0.82,0.344,0.11,0.324,0.0
224,,0.456,0.92,0.626,0.81,0.334,0.1,0.314,-0.01
225,8,0.729,0.91,0.333,0.4,0.041,0.09,0.587,0.99
226,8,1.0,0.9,0.04,-0.01,-0.252,0.08,0.86,1.0
227,5,0.59,0.607,0.03,0.263,0.748,0.353,0.85,0.707
228,5,0.18,0.314,0.02,0.536,1.0,0.626,0.84,0.414
229,,0.17,0.304,0.01,0.526,0.99,0.616,0.83,0.404
230,,0.16,0.294,0.0,0.516,0.98,0.606,0.82,0.394
231,,0.15,0.284,-0.01,0.506,0.97,0.596,0.81,0.384
232,3,0.14,0.557,0.99,0.779,0.96,0.303,0.4,0.091
233,3,0.13,0.83,1.0,1.0,0.95,0.01,-0.01,-0.202
234,8,0.403,0.82,0.707,0.59,0.657,0.0,0.263,0.798
235,8,0.676,0.81,0.414,0.18,0.364,-0.01,0.536,1.0
236,6,0.383,0.4,0.121,0.17,0.637,0.99,0.809,0.99
237,6,0.09,-0.01,-0.172,0.16,0.91,1.0,1.0,0.98
238,3,0.08,0.263,0.828,0.433,0.9,0.707,0.59,0.687
239,3,0.07,0.536,1.0,0.706,0.89,0.414,0.18,0.394
240,,0.06,0.526,0.99,0.696,0.88,0.404,0.17,0.384
241,,0.05,0.516,0.98,0.686,0.87,0.394,0.16,0.374
242,,0.04,0.506,0.97,0.676,0.86,0.384,0.15,0.364
243,,0.03,0.496,0.96,0.666,0.85,0.374,0.14,0.354
244,,0.02,0.486,0.95,0.656,0.84,0.364,0.13,0.344
245,,0.01,0.476,0.94,0.646,0.83,0.354,0.12,0.334
246,,0.0,0.466,0.93,0.636,0.82,0.344,0.11,0.324
247,,-0.01,0.456,0.92,0.626,0.81,0.334,0.1,0.314
248,1,0.99,0.729,0.91,0.333,0.4,0.041,0.09,0.587
249,1,1.0,1.0,0.9,0.04,-0.01,-0.252,0.08,0.86
250,6,0.707,0.59,0.607,0.03,0.263,0.748,0.353,0.85
251,6,0.414,0.18,0.314,0.02,0.536,1.0,0.626,0.84
252,,0.404,0.17,0.304,0.01,0.526,0.99,0.616,0.83
253,,0.394,0.16,0.294,0.0,0.516,0.98,0.606,0.82
254,,0.384,0.15,0.284,-0.01,0.506,0.97,0.596,0.81
255,4,0.091,0.14,0.557,0.99,0.779,0.96,0.303,0.4
256,4,-0.202,0.13,0.83,1.0,1.0,0.95,0.01,-0.01
257,1,0.798,0.403,0.82,0.707,0.59,0.657,0.0,0.263
258,1,1.0,0.676,0.81,0.414,0.18,0.364,-0.01,0.536
259,7,0.99,0.383,0.4,0.121,0.17,0.637,0.99,0.809
260,7,0.98,0.09,-0.01,-0.172,0.16,0.91,1.0,1.0
261,4,0.687,0.08,0.263,0.828,0.433,0.9,0.707,0.59
262,4,0.394,0.07,0.536,1.0,0.706,0.89,0.414,0.18
263,,0.384,0.06,0.526,0.99,0.696,0.88,0.404,0.17
264,,0.374,0.05,0.516,0.98,0.686,0.87,0.394,0.16
265,,0.364,0.04,0.506,0.97,0.676,0.86,0.384,0.15
266,,0.354,0.03,0.496,0.96,0.666,0.85,0.374,0.14
267,,0.344,0.02,0.486,0.95,0.656,0.84,0.364,0.13
268,,0.334,0.01,0.476,0.94,0.646,0.83,0.354,0.12
269,,0.324,0.0,0.466,0.93,0.636,0.82,0.344,0.11
270,,0.314,-0.01,0.456,0.92,0.626,0.81,0.334,0.1
271,2,0.587,0.99,0.729,0.91,0.333,0.4,0.041,0.09
272,2,0.86,1.0,1.0,0.9,0.04,-0.01,-0.252,0.08
273,7,0.85,0.707,0.59,0.607,0.03,0.263,0.748,0.353
274,7,0.84,0.414,0.18,0.314,0.02,0.536,1.0,0.626
275,,0.83,0.404,0.17,0.304,0.01,0.526,0.99,0.616
276,,0.82,0.394,0.16,0.294,0.0,0.516,0.98,0.606
277,,0.81,0.384,0.15,0.284,-0.01,0.506,0.97,0.596
278,5,0.4,0.091,0.14,0.557,0.99,0.779,0.96,0.303
279,5,-0.01,-0.202,0.13,0.83,1.0,1.0,0.95,0.01
280,2,0.263,0.798,0.403,0.82,0.707,0.59,0.657,0.0
281,2,0.536,1.0,0.676,0.81,0.414,0.18,0.364,-0.01
282,8,0.809,0.99,0.383,0.4,0.121,0.17,0.637,0.99
283,8,1.0,0.98,0.09,-0.01,-0.172,0.16,0.91,1.0
284,5,0.59,0.687,0.08,0.263,0.828,0.433,0.9,0.707
285,5,0.18,0.394,0.07,0.536,1.0,0.706,0.89,0.414
286,,0.17,0.384,0.06,0.526,0.99,0.696,0.88,0.404
287,,0.16,0.374,0.05,0.516,0.98,0.686,0.87,0.394
288,,0.15,0.364,0.04,0.506,0.97,0.676,0.86,0.384
289,,0.14,0.354,0.03,0.496,0.96,0.666,0.85,0.374
290,,0.13,0.344,0.02,0.486,0.95,0.656,0.84,0.364
291,,0.12,0.334,0.01,0.476,0.94,0.646,0.83,0.354
292,,0.11,0.324,0.0,0.466,0.93,0.636,0.82,0.344
293,,0.1,0.314,-0.01,0.456,0.92,0.626,0.81,0.334
294,3,0.09,0.587,0.99,0.729,0.91,0.333,0.4,0.041
295,3,0.08,0.86,1.0,1.0,0.9,0.04,-0.01,-0.252
296,8,0.353,0.85,0.707,0.59,0.607,0.03,0.263,0.748
297,8,0.626,0.84,0.414,0.18,0.314,0.02,0.536,1.0
298,,0.616,0.83,0.404,0.17,0.304,0.01,0.526,0.99
299,,0.606,0.82,0.394,0.16,0.294,0.0,0.516,0.98
300,,0.596,0.81,0.384,0.15,0.284,-0.01,0.506,0.97
301,6,0.303,0.4,0.091,0.14,0.557,0.99,0.779,0.96
302,6,0.01,-0.01,-0.202,0.13,0.83,1.0,1.0,0.95
303,3,0.0,0.263,0.798,0.403,0.82,0.707,0.59,0.657
304,3,-0.01,0.536,1.0,0.676,0.81,0.414,0.18,0.364
305,1,0.99,0.809,0.99,0.383,0.4,0.121,0.17,0.637
306,1,1.0,1.0,0.98,0.09,-0.01,-0.172,0.16,0.91
307,6,0.707,0.59,0.687,0.08,0.263,0.828,0.433,0.9
308,6,0.414,0.18,0.394,0.07,0.536,1.0,0.706,0.89
309,,0.404,0.17,0.384,0.06,0.526,0.99,0.696,0.88
310,,0.394,0.16,0.374,0.05,0.516,0.98,0.686,0.87
311,,0.384,0.15,0.364,0.04,0.506,0.97,0.676,0.86
312,,0.374,0.14,0.354,0.03,0.496,0.96,0.666,0.85
313,,0.364,0.13,0.344,0.02,0.486,0.95,0.656,0.84
314,,0.354,0.12,0.334,0.01,0.476,0.94,0.646,0.83
315,,0.344,0.11,0.324,0.0,0.466,0.93,0.636,0.82
316,,0.334,0.1,0.314,-0.01,0.456,0.92,0.626,0.81
317,4,0.041,0.09,0.587,0.99,0.729,0.91,0.333,0.4
318,4,-0.252,0.08,0.86,1.0,1.0,0.9,0.04,-0.01
319,1,0.748,0.353,0.85,0.707,0.59,0.607,0.03,0.263
320,1,1.0,0.626,0.84,0.414,0.18,0.314,0.02,0.536
321,,0.99,0.616,0.83,0.404,0.17,0.304,0.01,0.526
322,,0.98,0.606,0.82,0.394,0.16,0.294,0.0,0.516
323,,0.97,0.596,0.81,0.384,0.15,0.284,-0.01,0.506
324,7,0.96,0.303,0.4,0.091,0.14,0.557,0.99,0.779
325,7,0.95,0.01,-0.01,-0.202,0.13,0.83,1.0,1.0
326,4,0.657,0.0,0.263,0.798,0.403,0.82,0.707,0.59
327,4,0.364,-0.01,0.536,1.0,0.676,0.81,0.414,0.18
328,2,0.637,0.99,0.809,0.99,0.383,0.4,0.121,0.17
329,2,0.91,1.0,1.0,0.98,0.09,-0.01,-0.172,0.16
330,7,0.9,0.707,0.59,0.687,0.08,0.263,0.828,0.433
331,7,0.89,0.414,0.18,0.394,0.07,0.536,1.0,0.706
332,,0.88,0.404,0.17,0.384,0.06,0.526,0.99,0.696
333,,0.87,0.394,0.16,0.374,0.05,0.516,0.98,0.686
334,,0.86,0.384,0.15,0.364,0.04,0.506,0.97,0.676
335,,0.85,0.374,0.14,0.354,0.03,0.496,0.96,0.666
336,,0.84,0.364,0.13,0.344,0.02,0.486,0.95,0.656
337,,0.83,0.354,0.12,0.334,0.01,0.476,0.94,0.646
338,,0.82,0.344,0.11,0.324,0.0,0.466,0.93,0.636
339,,0.81,0.334,0.1,0.314,-0.01,0.456,0.92,0.626
340,5,0.4,0.041,0.09,0.587,0.99,0.729,0.91,0.333
341,5,-0.01,-0.252,0.08,0.86,1.0,1.0,0.9,0.04
342,2,0.263,0.748,0.353,0.85,0.707,0.59,0.607,0.03
343,2,0.536,1.0,0.626,0.84,0.414,0.18,0.314,0.02
344,,0.526,0.99,0.616,0.83,0.404,0.17,0.304,0.01
345,,0.516,0.98,0.606,0.82,0.394,0.16,0.294,0.0
346,,0.506,0.97,0.596,0.81,0.384,0.15,0.284,-0.01
347,8,0.779,0.96,0.303,0.4,0.091,0.14,0.557,0.99
348,8,1.0,0.95,0.01,-0.01,-0.202,0.13,0.83,1.0
349,5,0.59,0.657,0.0,0.263,0.798,0.403,0.82,0.707
350,5,0.18,0.364,-0.01,0.536,1.0,0.676,0.81,0.414
351,3,0.17,0.637,0.99,0.809,0.99,0.383,0.4,0.121
352,3,0.16,0.91,1.0,1.0,0.98,0.09,-0.01,-0.172
353,8,0.433,0.9,0.707,0.59,0.687,0.08,0.263,0.828
354,8,0.706,0.89,0.414,0.18,0.394,0.07,0.536,1.0
355,,0.696,0.88,0.404,0.17,0.384,0.06,0.526,0.99
356,,0.686,0.87,0.394,0.16,0.374,0.05,0.516,0.98
357,,0.676,0.86,0.384,0.15,0.364,0.04,0.506,0.97
358,,0.666,0.85,0.374,0.14,0.354,0.03,0.496,0.96
359,,0.656,0.84,0.364,0.13,0.344,0.02,0.486,0.95
360,,0.646,0.83,0.354,0.12,0.334,0.01,0.476,0.94
361,,0.636,0.82,0.344,0.11,0.324,0.0,0.466,0.93
362,,0.626,0.81,0.334,0.1,0.314,-0.01,0.456,0.92
363,6,0.333,0.4,0.041,0.09,0.587,0.99,0.729,0.91
364,6,0.04,-0.01,-0.252,0.08,0.86,1.0,1.0,0.9
365,3,0.03,0.263,0.748,0.353,0.85,0.707,0.59,0.607
366,3,0.02,0.536,1.0,0.626,0.84,0.414,0.18,0.314
367,,0.01,0.526,0.99,0.616,0.83,0.404,0.17,0.304
368,,0.0,0.516,0.98,0.606,0.82,0.394,0.16,0.294
369,,-0.01,0.506,0.97,0.596,0.81,0.384,0.15,0.284
370,1,0.99,0.779,0.96,0.303,0.4,0.091,0.14,0.557
371,1,1.0,1.0,0.95,0.01,-0.01,-0.202,0.13,0.83
372,6,0.707,0.59,0.657,0.0,0.263,0.798,0.403,0.82
373,6,0.414,0.18,0.364,-0.01,0.536,1.0,0.676,0.81
374,4,0.121,0.17,0.637,0.99,0.809,0.99,0.383,0.4
375,4,-0.172,0.16,0.91,1.0,1.0,0.98,0.09,-0.01
376,1,0.828,0.433,0.9,0.707,0.59,0.687,0.08,0.263
377,1,1.0,0.706,0.89,0.414,0.18,0.394,0.07,0.536
378,,0.99,0.696,0.88,0.404,0.17,0.384,0.06,0.526
379,,0.98,0.686,0.87,0.394,0.16,0.374,0.05,0.516
380,,0.97,0.676,0.86,0.384,0.15,0.364,0.04,0.506
381,,0.96,0.666,0.85,0.374,0.14,0.354,0.03,0.496
382,,0.95,0.656,0.84,0.364,0.13,0.344,0.02,0.486
383,,0.94,0.646,0.83,0.354,0.12,0.334,0.01,0.476
384,,0.93,0.636,0.82,0.344,0.11,0.324,0.0,0.466
385,,0.92,0.626,0.81,0.334,0.1,0.314,-0.01,0.456
386,7,0.91,0.333,0.4,0.041,0.09,0.587,0.99,0.729
387,7,0.9,0.04,-0.01,-0.252,0.08,0.86,1.0,1.0
388,4,0.607,0.03,0.263,0.748,0.353,0.85,0.707,0.59
389,4,0.314,0.02,0.536,1.0,0.626,0.84,0.414,0.18
390,,0.304,0.01,0.526,0.99,0.616,0.83,0.404,0.17
391,,0.294,0.0,0.516,0.98,0.606,0.82,0.394,0.16
392,,0.284,-0.01,0.506,0.97,0.596,0.81,0.384,0.15
393,2,0.557,0.99,0.779,0.96,0.303,0.4,0.091,0.14
394,2,0.83,1.0,1.0,0.95,0.01,-0.01,-0.202,0.13
395,7,0.82,0.707,0.59,0.657,0.0,0.263,0.798,0.403
396,7,0.81,0.414,0.18,0.364,-0.01,0.536,1.0,0.676
397,5,0.4,0.121,0.17,0.637,0.99,0.809,0.99,0.383
398,5,-0.01,-0.172,0.16,0.91,1.0,1.0,0.98,0.09
399,2,0.263,0.828,0.433,0.9,0.707,0.59,0.687,0.08
400,2,0.536,1.0,0.706,0.89,0.414,0.18,0.394,0.07
401,,0.526,0.99,0.696,0.88,0.404,0.17,0.384,0.06
402,,0.516,0.98,0.686,0.87,0.394,0.16,0.374,0.05
403,,0.506,0.97,0.676,0.86,0.384,0.15,0.364,0.04
404,,0.496,0.96,0.666,0.85,0.374,0.14,0.354,0.03
405,,0.486,0.95,0.656,0.84,0.364,0.13,0.344,0.02
406,,0.476,0.94,0.646,0.83,0.354,0.12,0.334,0.01
407,,0.466,0.93,0.636,0.82,0.344,0.11,0.324,0.0
408,,0.456,0.92,0.626,0.81,0.334,0.1,0.314,-0.01
409,8,0.729,0.91,0.333,0.4,0.041,0.09,0.587,0.99
410,8,1.0,0.9,0.04,-0.01,-0.252,0.08,0.86,1.0
411,5,0.59,0.607,0.03,0.263,0.748,0.353,0.85,0.707
412,5,0.18,0.314,0.02,0.536,1.0,0.626,0.84,0.414
413,,0.17,0.304,0.01,0.526,0.99,0.616,0.83,0.404
414,,0.16,0.294,0.0,0.516,0.98,0.606,0.82,0.394
415,,0.15,0.284,-0.01,0.506,0.97,0.596,0.81,0.384
416,3,0.14,0.557,0.99,0.779,0.96,0.303,0.4,0.091
417,3,0.13,0.83,1.0,1.0,0.95,0.01,-0.01,-0.202
418,8,0.403,0.82,0.707,0.59,0.657,0.0,0.263,0.798
419,8,0.676,0.81,0.414,0.18,0.364,-0.01,0.536,1.0
420,6,0.383,0.4,0.121,0.17,0.637,0.99,0.809,0.99
421,6,0.09,-0.01,-0.172,0.16,0.91,1.0,1.0,0.98
422,3,0.08,0.263,0.828,0.433,0.9,0.707,0.59,0.687
423,3,0.07,0.536,1.0,0.706,0.89,0.414,0.18,0.394
424,,0.06,0.526,0.99,0.696,0.88,0.404,0.17,0.384
425,,0.05,0.516,0.98,0.686,0.87,0.394,0.16,0.374
426,,0.04,0.506,0.97,0.676,0.86,0.384,0.15,0.364
427,,0.03,0.496,0.96,0.666,0.85,0.374,0.14,0.354
428,,0.02,0.486,0.95,0.656,0.84,0.364,0.13,0.344
429,,0.01,0.476,0.94,0.646,0.83,0.354,0.12,0.334
430,,0.0,0.466,0.93,0.636,0.82,0.344,0.11,0.324
431,,-0.01,0.456,0.92,0.626,0.81,0.334,0.1,0.314
432,1,0.99,0.729,0.91,0.333,0.4,0.041,0.09,0.587
433,1,1.0,1.0,0.9,0.04,-0.01,-0.252,0.08,0.86
434,6,0.707,0.59,0.607,0.03,0.263,0.748,0.353,0.85
435,6,0.414,0.18,0.314,0.02,0.536,1.0,0.626,0.84
436,,0.404,0.17,0.304,0.01,0.526,0.99,0.616,0.83
437,,0.394,0.16,0.294,0.0,0.516,0.98,0.606,0.82
438,,0.384,0.15,0.284,-0.01,0.506,0.97,0.596,0.81
439,4,0.091,0.14,0.557,0.99,0.779,0.96,0.303,0.4
440,4,-0.202,0.13,0.83,1.0,1.0,0.95,0.01,-0.01
441,1,0.798,0.403,0.82,0.707,0.59,0.657,0.0,0.263
442,1,1.0,0.676,0.81,0.414,0.18,0.364,-0.01,0.536
443,7,0.99,0.383,0.4,0.121,0.17,0.637,0.99,0.809
444,7,0.98,0.09,-0.01,-0.172,0.16,0.91,1.0,1.0
445,4,0.687,0.08,0.263,0.828,0.433,0.9,0.707,0.59
446,4,0.394,0.07,0.536,1.0,0.706,0.89,0.414,0.18
447,,0.384,0.06,0.526,0.99,0.696,0.88,0.404,0.17
448,,0.374,0.05,0.516,0.98,0.686,0.87,0.394,0.16
449,,0.364,0.04,0.506,0.97,0.676,0.86,0.384,0.15
450,,0.354,0.03,0.496,0.96,0.666,0.85,0.374,0.14
451,,0.344,0.02,0.486,0.95,0.656,0.84,0.364,0.13
452,,0.334,0.01,0.476,0.94,0.646,0.83,0.354,0.12
453,,0.324,0.0,0.466,0.93,0.636,0.82,0.344,0.11
454,,0.314,-0.01,0.456,0.92,0.626,0.81,0.334,0.1
455,2,0.587,0.99,0.729,0.91,0.333,0.4,0.041,0.09
456,2,0.86,1.0,1.0,0.9,0.04,-0.01,-0.252,0.08
457,7,0.85,0.707,0.59,0.607,0.03,0.263,0.748,0.353
458,7,0.84,0.414,0.18,0.314,0.02,0.536,1.0,0.626
459,,0.83,0.404,0.17,0.304,0.01,0.526,0.99,0.616
460,,0.82,0.394,0.16,0.294,0.0,0.516,0.98,0.606
461,,0.81,0.384,0.15,0.284,-0.01,0.506,0.97,0.596
462,5,0.4,0.091,0.14,0.557,0.99,0.779,0.96,0.303
463,5,-0.01,-0.202,0.13,0.83,1.0,1.0,0.95,0.01
464,2,0.263,0.798,0.403,0.82,0.707,0.59,0.657,0.0
465,2,0.536,1.0,0.676,0.81,0.414,0.18,0.364,-0.01
466,8,0.809,0.99,0.383,0.4,0.121,0.17,0.637,0.99
467,8,1.0,0.98,0.09,-0.01,-0.172,0.16,0.91,1.0
468,5,0.59,0.687,0.08,0.263,0.828,0.433,0.9,0.707
469,5,0.18,0.394,0.07,0.536,1.0,0.706,0.89,0.414
470,,0.17,0.384,0.06,0.526,0.99,0.696,0.88,0.404
471,,0.16,0.374,0.05,0.516,0.98,0.686,0.87,0.394
472,,0.15,0.364,0.04,0.506,0.97,0.676,0.86,0.384
473,,0.14,0.354,0.03,0.496,0.96,0.666,0.85,0.374
474,,0.13,0.344,0.02,0.486,0.95,0.656,0.84,0.364
475,,0.12,0.334,0.01,0.476,0.94,0.646,0.83,0.354
476,,0.11,0.324,0.0,0.466,0.93,0.636,0.82,0.344
477,,0.1,0.314,-0.01,0.456,0.92,0.626,0.81,0.334
478,3,0.09,0.587,0.99,0.729,0.91,0.333,0.4,0.041
479,3,0.08,0.86,1.0,1.0,0.9,0.04,-0.01,-0.252
480,8,0.353,0.85,0.707,0.59,0.607,0.03,0.263,0.748
481,8,0.626,0.84,0.414,0.18,0.314,0.02,0.536,1.0
482,,0.616,0.83,0.404,0.17,0.304,0.01,0.526,0.99
483,,0.606,0.82,0.394,0.16,0.294,0.0,0.516,0.98
484,,0.596,0.81,0.384,0.15,0.284,-0.01,0.506,0.97
485,6,0.303,0.4,0.091,0.14,0.557,0.99,0.779,0.96
486,6,0.01,-0.01,-0.202,0.13,0.83,1.0,1.0,0.95
487,3,0.0,0.263,0.798,0.403,0.82,0.707,0.59,0.657
488,3,-0.01,0.536,1.0,0.676,0.81,0.414,0.18,0.364
489,1,0.99,0.809,0.99,0.383,0.4,0.121,0.17,0.637
490,1,1.0,1.0,0.98,0.09,-0.01,-0.172,0.16,0.91
491,6,0.707,0.59,0.687,0.08,0.263,0.828,0.433,0.9
492,6,0.414,0.18,0.394,0.07,0.536,1.0,0.706,0.89
493,,0.404,0.17,0.384,0.06,0.526,0.99,0.696,0.88
494,,0.394,0.16,0.374,0.05,0.516,0.98,0.686,0.87
495,,0.384,0.15,0.364,0.04,0.506,0.97,0.676,0.86
496,,0.374,0.14,0.354,0.03,0.496,0.96,0.666,0.85
497,,0.364,0.13,0.344,0.02,0.486,0.95,0.656,0.84
498,,0.354,0.12,0.334,0.01,0.476,0.94,0.646,0.83
499,,0.344,0.11,0.324,0.0,0.466,0.93,0.636,0.82
500,,0.334,0.1,0.314,-0.01,0.456,0.92,0.626,0.81
501,4,0.041,0.09,0.587,0.99,0.729,0.91,0.333,0.4
502,4,-0.252,0.08,0.86,1.0,1.0,0.9,0.04,-0.01
503,1,0.748,0.353,0.85,0.707,0.59,0.607,0.03,0.263
504,1,1.0,0.626,0.84,0.414,0.18,0.314,0.02,0.536
505,,0.99,0.616,0.83,0.404,0.17,0.304,0.01,0.526
506,,0.98,0.606,0.82,0.394,0.16,0.294,0.0,0.516
507,,0.97,0.596,0.81,0.384,0.15,0.284,-0.01,0.506
508,7,0.96,0.303,0.4,0.091,0.14,0.557,0.99,0.779
509,7,0.95,0.01,-0.01,-0.202,0.13,0.83,1.0,1.0
510,4,0.657,0.0,0.263,0.798,0.403,0.82,0.707,0.59
511,4,0.364,-0.01,0.536,1.0,0.676,0.81,0.414,0.18
512,2,0.637,0.99,0.809,0.99,0.383,0.4,0.121,0.17
513,2,0.91,1.0,1.0,0.98,0.09,-0.01,-0.172,0.16
514,7,0.9,0.707,0.59,0.687,0.08,0.263,0.828,0.433
515,7,0.89,0.414,0.18,0.394,0.07,0.536,1.0,0.706
516,,0.88,0.404,0.17,0.384,0.06,0.526,0.99,0.696
517,,0.87,0.394,0.16,0.374,0.05,0.516,0.98,0.686
518,,0.86,0.384,0.15,0.364,0.04,0.506,0.97,0.676
519,,0.85,0.374,0.14,0.354,0.03,0.496,0.96,0.666
520,,0.84,0.364,0.13,0.344,0.02,0.486,0.95,0.656
521,,0.83,0.354,0.12,0.334,0.01,0.476,0.94,0.646
522,,0.82,0.344,0.11,0.324,0.0,0.466,0.93,0.636
523,,0.81,0.334,0.1,0.314,-0.01,0.456,0.92,0.626
524,5,0.4,0.041,0.09,0.587,0.99,0.729,0.91,0.333
525,5,-0.01,-0.252,0.08,0.86,1.0,1.0,0.9,0.04
526,2,0.263,0.748,0.353,0.85,0.707,0.59,0.607,0.03
527,2,0.536,1.0,0.626,0.84,0.414,0.18,0.314,0.02
528,,0.526,0.99,0.616,0.83,0.404,0.17,0.304,0.01
529,,0.516,0.98,0.606,0.82,0.394,0.16,0.294,0.0
530,,0.506,0.97,0.596,0.81,0.384,0.15,0.284,-0.01
531,8,0.779,0.96,0.303,0.4,0.091,0.14,0.557,0.99
532,8,1.0,0.95,0.01,-0.01,-0.202,0.13,0.83,1.0
533,5,0.59,0.657,0.0,0.263,0.798,0.403,0.82,0.707
534,5,0.18,0.364,-0.01,0.536,1.0,0.676,0.81,0.414
535,3,0.17,0.637,0.99,0.809,0.99,0.383,0.4,0.121
536,3,0.16,0.91,1.0,1.0,0.98,0.09,-0.01,-0.172
537,8,0.433,0.9,0.707,0.59,0.687,0.08,0.263,0.828
538,8,0.706,0.89,0.414,0.18,0.394,0.07,0.536,1.0
539,,0.696,0.88,0.404,0.17,0.384,0.06,0.526,0.99
540,,0.686,0.87,0.394,0.16,0.374,0.05,0.516,0.98
541,,0.676,0.86,0.384,0.15,0.364,0.04,0.506,0.97
542,,0.666,0.85,0.374,0.14,0.354,0.03,0.496,0.96
543,,0.656,0.84,0.364,0.13,0.344,0.02,0.486,0.95
544,,0.646,0.83,0.354,0.12,0.334,0.01,0.476,0.94
545,,0.636,0.82,0.344,0.11,0.324,0.0,0.466,0.93
546,,0.626,0.81,0.334,0.1,0.314,-0.01,0.456,0.92
547,6,0.333,0.4,0.041,0.09,0.587,0.99,0.729,0.91
548,6,0.04,-0.01,-0.252,0.08,0.86,1.0,1.0,0.9
549,3,0.03,0.263,0.748,0.353,0.85,0.707,0.59,0.607
550,3,0.02,0.536,1.0,0.626,0.84,0.414,0.18,0.314
551,,0.01,0.526,0.99,0.616,0.83,0.404,0.17,0.304
552,,0.0,0.516,0.98,0.606,0.82,0.394,0.16,0.294
553,,-0.01,0.506,0.97,0.596,0.81,0.384,0.15,0.284
554,1,0.99,0.779,0.96,0.303,0.4,0.091,0.14,0.557
555,1,1.0,1.0,0.95,0.01,-0.01,-0.202,0.13,0.83
556,6,0.707,0.59,0.657,0.0,0.263,0.798,0.403,0.82
557,6,0.414,0.18,0.364,-0.01,0.536,1.0,0.676,0.81
558,4,0.121,0.17,0.637,0.99,0.809,0.99,0.383,0.4
559,4,-0.172,0.16,0.91,1.0,1.0,0.98,0.09,-0.01
560,1,0.828,0.433,0.9,0.707,0.59,0.687,0.08,0.263
561,1,1.0,0.706,0.89,0.414,0.18,0.394,0.07,0.536
562,,0.99,0.696,0.88,0.404,0.17,0.384,0.06,0.526
563,,0.98,0.686,0.87,0.394,0.16,0.374,0.05,0.516
564,,0.97,0.676,0.86,0.384,0.15,0.364,0.04,0.506
565,,0.96,0.666,0.85,0.374,0.14,0.354,0.03,0.496
566,,0.95,0.656,0.84,0.364,0.13,0.344,0.02,0.486
567,,0.94,0.646,0.83,0.354,0.12,0.334,0.01,0.476
568,,0.93,0.636,0.82,0.344,0.11,0.324,0.0,0.466
569,,0.92,0.626,0.81,0.334,0.1,0.314,-0.01,0.456
570,7,0.91,0.333,0.4,0.041,0.09,0.587,0.99,0.729
571,7,0.9,0.04,-0.01,-0.252,0.08,0.86,1.0,1.0
572,4,0.607,0.03,0.263,0.748,0.353,0.85,0.707,0.59
573,4,0.314,0.02,0.536,1.0,0.626,0.84,0.414,0.18
574,,0.304,0.01,0.526,0.99,0.616,0.83,0.404,0.17
575,,0.294,0.0,0.516,0.98,0.606,0.82,0.394,0.16
576,,0.284,-0.01,0.506,0.97,0.596,0.81,0.384,0.15
577,2,0.557,0.99,0.779,0.96,0.303,0.4,0.091,0.14
578,2,0.83,1.0,1.0,0.95,0.01,-0.01,-0.202,0.13
579,7,0.82,0.707,0.59,0.657,0.0,0.263,0.798,0.403
580,7,0.81,0.414,0.18,0.364,-0.01,0.536,1.0,0.676
581,5,0.4,0.121,0.17,0.637,0.99,0.809,0.99,0.383
582,5,-0.01,-0.172,0.16,0.91,1.0,1.0,0.98,0.09
583,2,0.263,0.828,0.433,0.9,0.707,0.59,0.687,0.08
584,2,0.536,1.0,0.706,0.89,0.414,0.18,0.394,0.07
585,,0.526,0.99,0.696,0.88,0.404,0.17,0.384,0.06
586,,0.516,0.98,0.686,0.87,0.394,0.16,0.374,0.05
587,,0.506,0.97,0.676,0.86,0.384,0.15,0.364,0.04
588,,0.496,0.96,0.666,0.85,0.374,0.14,0.354,0.03
589,,0.486,0.95,0.656,0.84,0.364,0.13,0.344,0.02
590,,0.476,0.94,0.646,0.83,0.354,0.12,0.334,0.01
591,,0.466,0.93,0.636,0.82,0.344,0.11,0.324,0.0
592,,0.456,0.92,0.626,0.81,0.334,0.1,0.314,-0.01
593,8,0.729,0.91,0.333,0.4,0.041,0.09,0.587,0.99
594,8,1.0,0.9,0.04,-0.01,-0.252,0.08,0.86,1.0
595,5,0.59,0.607,0.03,0.263,0.748,0.353,0.85,0.707
596,5,0.18,0.314,0.02,0.536,1.0,0.626,0.84,0.414
597,,0.17,0.304,0.01,0.526,0.99,0.616,0.83,0.404
598,,0.16,0.294,0.0,0.516,0.98,0.606,0.82,0.394
599,,0.15,0.284,-0.01,0.506,0.97,0.596,0.81,0.384
600,3,0.14,0.557,0.99,0.779,0.96,0.303,0.4,0.091
601,3,0.13,0.83,1.0,1.0,0.95,0.01,-0.01,-0.202
602,8,0.403,0.82,0.707,0.59,0.657,0.0,0.263,0.798
603,8,0.676,0.81,0.414,0.18,0.364,-0.01,0.536,1.0
604,6,0.383,0.4,0.121,0.17,0.637,0.99,0.809,0.99
605,6,0.09,-0.01,-0.172,0.16,0.91,1.0,1.0,0.98
606,3,0.08,0.263,0.828,0.433,0.9,0.707,0.59,0.687
607,3,0.07,0.536,1.0,0.706,0.89,0.414,0.18,0.394
608,,0.06,0.526,0.99,0.696,0.88,0.404,0.17,0.384
609,,0.05,0.516,0.98,0.686,0.87,0.394,0.16,0.374
610,,0.04,0.506,0.97,0.676,0.86,0.384,0.15,0.364
611,,0.03,0.496,0.96,0.666,0.85,0.374,0.14,0.354
612,,0.02,0.486,0.95,0.656,0.84,0.364,0.13,0.344
613,,0.01,0.476,0.94,0.646,0.83,0.354,0.12,0.334
614,,0.0,0.466,0.93,0.636,0.82,0.344,0.11,0.324
615,,-0.01,0.456,0.92,0.626,0.81,0.334,0.1,0.314
616,1,0.99,0.729,0.91,0.333,0.4,0.041,0.09,0.587
617,1,1.0,1.0,0.9,0.04,-0.01,-0.252,0.08,0.86
618,6,0.707,0.59,0.607,0.03,0.263,0.748,0.353,0.85
619,6,0.414,0.18,0.314,0.02,0.536,1.0,0.626,0.84
620,,0.404,0.17,0.304,0.01,0.526,0.99,0.616,0.83
621,,0.394,0.16,0.294,0.0,0.516,0.98,0.606,0.82
622,,0.384,0.15,0.284,-0.01,0.506,0.97,0.596,0.81
623,4,0.091,0.14,0.557,0.99,0.779,0.96,0.303,0.4
624,4,-0.202,0.13,0.83,1.0,1.0,0.95,0.01,-0.01
625,1,0.798,0.403,0.82,0.707,0.59,0.657,0.0,0.263
626,1,1.0,0.676,0.81,0.414,0.18,0.364,-0.01,0.536
627,7,0.99,0.383,0.4,0.121,0.17,0.637,0.99,0.809
628,7,0.98,0.09,-0.01,-0.172,0.16,0.91,1.0,1.0
629,4,0.687,0.08,0.263,0.828,0.433,0.9,0.707,0.59
630,4,0.394,0.07,0.536,1.0,0.706,0.89,0.414,0.18
631,,0.384,0.06,0.526,0.99,0.696,0.88,0.404,0.17
632,,0.374,0.05,0.516,0.98,0.686,0.87,0.394,0.16
633,,0.364,0.04,0.506,0.97,0.676,0.86,0.384,0.15
634,,0.354,0.03,0.496,0.96,0.666,0.85,0.374,0.14
635,,0.344,0.02,0.486,0.95,0.656,0.84,0.364,0.13
636,,0.334,0.01,0.476,0.94,0.646,0.83,0.354,0.12
637,,0.324,0.0,0.466,0.93,0.636,0.82,0.344,0.11
638,,0.314,-0.01,0.456,0.92,0.626,0.81,0.334,0.1
639,2,0.587,0.99,0.729,0.91,0.333,0.4,0.041,0.09
640,2,0.86,1.0,1.0,0.9,0.04,-0.01,-0.252,0.08
641,7,0.85,0.707,0.59,0.607,0.03,0.263,0.748,0.353
642,7,0.84,0.414,0.18,0.314,0.02,0.536,1.0,0.626
643,,0.83,0.404,0.17,0.304,0.01,0.526,0.99,0.616
644,,0.82,0.394,0.16,0.294,0.0,0.516,0.98,0.606
645,,0.81,0.384,0.15,0.284,-0.01,0.506,0.97,0.596
646,5,0.4,0.091,0.14,0.557,0.99,0.779,0.96,0.303
647,5,-0.01,-0.202,0.13,0.83,1.0,1.0,0.95,0.01
648,2,0.263,0.798,0.403,0.82,0.707,0.59,0.657,0.0
649,2,0.536,1.0,0.676,0.81,0.414,0.18,0.364,-0.01
650,8,0.809,0.99,0.383,0.4,0.121,0.17,0.637,0.99
651,8,1.0,0.98,0.09,-0.01,-0.172,0.16,0.91,1.0
652,5,0.59,0.687,0.08,0.263,0.828,0.433,0.9,0.707
653,5,0.18,0.394,0.07,0.536,1.0,0.706,0.89,0.414
654,,0.17,0.384,0.06,0.526,0.99,0.696,0.88,0.404
655,,0.16,0.374,0.05,0.516,0.98,0.686,0.87,0.394
656,,0.15,0.364,0.04,0.506,0.97,0.676,0.86,0.384
657,,0.14,0.354,0.03,0.496,0.96,0.666,0.85,0.374
658,,0.13,0.344,0.02,0.486,0.95,0.656,0.84,0.364
659,,0.12,0.334,0.01,0.476,0.94,0.646,0.83,0.354
660,,0.11,0.324,0.0,0.466,0.93,0.636,0.82,0.344
661,,0.1,0.314,-0.01,0.456,0.92,0.626,0.81,0.334
662,3,0.09,0.587,0.99,0.729,0.91,0.333,0.4,0.041
663,3,0.08,0.86,1.0,1.0,0.9,0.04,-0.01,-0.252
664,8,0.353,0.85,0.707,0.59,0.607,0.03,0.263,0.748
665,8,0.626,0.84,0.414,0.18,0.314,0.02,0.536,1.0
666,,0.616,0.83,0.404,0.17,0.304,0.01,0.526,0.99
667,,0.606,0.82,0.394,0.16,0.294,0.0,0.516,0.98
668,,0.596,0.81,0.384,0.15,0.284,-0.01,0.506,0.97
669,6,0.303,0.4,0.091,0.14,0.557,0.99,0.779,0.96
670,6,0.01,-0.01,-0.202,0.13,0.83,1.0,1.0,0.95
671,3,0.0,0.263,0.798,0.403,0.82,0.707,0.59,0.657
672,3,-0.01,0.536,1.0,0.676,0.81,0.414,0.18,0.364
673,1,0.99,0.809,0.99,0.383,0.4,0.121,0.17,0.637
674,1,1.0,1.0,0.98,0.09,-0.01,-0.172,0.16,0.91
675,6,0.707,0.59,0.687,0.08,0.263,0.828,0.433,0.9
676,6,0.414,0.18,0.394,0.07,0.536,1.0,0.706,0.89
677,,0.404,0.17,0.384,0.06,0.526,0.99,0.696,0.88
678,,0.394,0.16,0.374,0.05,0.516,0.98,0.686,0.87
679,,0.384,0.15,0.364,0.04,0.506,0.97,0.676,0.86
680,,0.374,0.14,0.354,0.03,0.496,0.96,0.666,0.85
681,,0.364,0.13,0.344,0.02,0.486,0.95,0.656,0.84
682,,0.354,0.12,0.334,0.01,0.476,0.94,0.646,0.83
683,,0.344,0.11,0.324,0.0,0.466,0.93,0.636,0.82
684,,0.334,0.1,0.314,-0.01,0.456,0.92,0.626,0.81
685,4,0.041,0.09,0.587,0.99,0.729,0.91,0.333,0.4
686,4,-0.252,0.08,0.86,1.0,1.0,0.9,0.04,-0.01
687,1,0.748,0.353,0.85,0.707,0.59,0.607,0.03,0.263
688,1,1.0,0.626,0.84,0.414,0.18,0.314,0.02,0.536
689,,0.99,0.616,0.83,0.404,0.17,0.304,0.01,0.526
690,,0.98,0.606,0.82,0.394,0.16,0.294,0.0,0.516
691,,0.97,0.596,0.81,0.384,0.15,0.284,-0.01,0.506
692,7,0.96,0.303,0.4,0.091,0.14,0.557,0.99,0.779
693,7,0.95,0.01,-0.01,-0.202,0.13,0.83,1.0,1.0
694,4,0.657,0.0,0.263,0.798,0.403,0.82,0.707,0.59
695,4,0.364,-0.01,0.536,1.0,0.676,0.81,0.414,0.18
696,2,0.637,0.99,0.809,0.99,0.383,0.4,0.121,0.17
697,2,0.91,1.0,1.0,0.98,0.09,-0.01,-0.172,0.16
698,7,0.9,0.707,0.59,0.687,0.08,0.263,0.828,0.433
699,7,0.89,0.414,0.18,0.394,0.07,0.536,1.0,0.706
700,,0.88,0.404,0.17,0.384,0.06,0.526,0.99,0.696
701,,0.87,0.394,0.16,0.374,0.05,0.516,0.98,0.686
702,,0.86,0.384,0.15,0.364,0.04,0.506,0.97,0.676
703,,0.85,0.374,0.14,0.354,0.03,0.496,0.96,0.666
704,,0.84,0.364,0.13,0.344,0.02,0.486,0.95,0.656
705,,0.83,0.354,0.12,0.334,0.01,0.476,0.94,0.646
706,,0.82,0.344,0.11,0.324,0.0,0.466,0.93,0.636
707,,0.81,0.334,0.1,0.314,-0.01,0.456,0.92,0.626
708,5,0.4,0.041,0.09,0.587,0.99,0.729,0.91,0.333
709,5,-0.01,-0.252,0.08,0.86,1.0,1.0,0.9,0.04
710,2,0.263,0.748,0.353,0.85,0.707,0.59,0.607,0.03
711,2,0.536,1.0,0.626,0.84,0.414,0.18,0.314,0.02
712,,0.526,0.99,0.616,0.83,0.404,0.17,0.304,0.01
713,,0.516,0.98,0.606,0.82,0.394,0.16,0.294,0.0
714,,0.506,0.97,0.596,0.81,0.384,0.15,0.284,-0.01
715,8,0.779,0.96,0.303,0.4,0.091,0.14,0.557,0.99
716,8,1.0,0.95,0.01,-0.01,-0.202,0.13,0.83,1.0
717,5,0.59,0.657,0.0,0.263,0.798,0.403,0.82,0.707
718,5,0.18,0.364,-0.01,0.536,1.0,0.676,0.81,0.414
719,3,0.17,0.637,0.99,0.809,0.99,0.383,0.4,0.121
720,3,0.16,0.91,1.0,1.0,0.98,0.09,-0.01,-0.172
721,8,0.433,0.9,0.707,0.59,0.687,0.08,0.263,0.828
722,8,0.706,0.89,0.414,0.18,0.394,0.07,0.536,1.0
723,,0.696,0.88,0.404,0.17,0.384,0.06,0.526,0.99
724,,0.686,0.87,0.394,0.16,0.374,0.05,0.516,0.98
725,,0.676,0.86,0.384,0.15,0.364,0.04,0.506,0.97
726,,0.666,0.85,0.374,0.14,0.354,0.03,0.496,0.96
727,,0.656,0.84,0.364,0.13,0.344,0.02,0.486,0.95
728,,0.646,0.83,0.354,0.12,0.334,0.01,0.476,0.94
729,,0.636,0.82,0.344,0.11,0.324,0.0,0.466,0.93
730,,0.626,0.81,0.334,0.1,0.314,-0.01,0.456,0.92
731,6,0.333,0.4,0.041,0.09,0.587,0.99,0.729,0.91
732,6,0.04,-0.01,-0.252,0.08,0.86,1.0,1.0,0.9
733,3,0.03,0.263,0.748,0.353,0.85,0.707,0.59,0.607
734,3,0.02,0.536,1.0,0.626,0.84,0.414,0.18,0.314
735,,0.01,0.526,0.99,0.616,0.83,0.404,0.17,0.304
736,,0.0,0.516,0.98,0.606,0.82,0.394,0.16,0.294
737,,-0.01,0.506,0.97,0.596,0.81,0.384,0.15,0.284
738,1,0.99,0.779,0.96,0.303,0.4,0.091,0.14,0.557
739,1,1.0,1.0,0.95,0.01,-0.01,-0.202,0.13,0.83
740,6,0.707,0.59,0.657,0.0,0.263,0.798,0.403,0.82
741,6,0.414,0.18,0.364,-0.01,0.536,1.0,0.676,0.81
742,4,0.121,0.17,0.637,0.99,0.809,0.99,0.383,0.4
743,4,-0.172,0.16,0.91,1.0,1.0,0.98,0.09,-0.01
744,1,0.828,0.433,0.9,0.707,0.59,0.687,0.08,0.263
745,1,1.0,0.706,0.89,0.414,0.18,0.394,0.07,0.536
746,,0.99,0.696,0.88,0.404,0.17,0.384,0.06,0.526
747,,0.98,0.686,0.87,0.394,0.16,0.374,0.05,0.516
748,,0.97,0.676,0.86,0.384,0.15,0.364,0.04,0.506
749,,0.96,0.666,0.85,0.374,0.14,0.354,0.03,0.496
750,,0.95,0.656,0.84,0.364,0.13,0.344,0.02,0.486
751,,0.94,0.646,0.83,0.354,0.12,0.334,0.01,0.476
752,,0.93,0.636,0.82,0.344,0.11,0.324,0.0,0.466
753,,0.92,0.626,0.81,0.334,0.1,0.314,-0.01,0.456
754,7,0.91,0.333,0.4,0.041,0.09,0.587,0.99,0.729
755,7,0.9,0.04,-0.01,-0.252,0.08,0.86,1.0,1.0
756,4,0.607,0.03,0.263,0.748,0.353,0.85,0.707,0.59
757,4,0.314,0.02,0.536,1.0,0.626,0.84,0.414,0.18
758,,0.304,0.01,0.526,0.99,0.616,0.83,0.404,0.17
759,,0.294,0.0,0.516,0.98,0.606,0.82,0.394,0.16
760,,0.284,-0.01,0.506,0.97,0.596,0.81,0.384,0.15
761,2,0.557,0.99,0.779,0.96,0.303,0.4,0.091,0.14
762,2,0.83,1.0,1.0,0.95,0.01,-0.01,-0.202,0.13
763,7,0.82,0.707,0.59,0.657,0.0,0.263,0.798,0.403
764,7,0.81,0.414,0.18,0.364,-0.01,0.536,1.0,0.676
765,5,0.4,0.121,0.17,0.637,0.99,0.809,0.99,0.383
766,5,-0.01,-0.172,0.16,0.91,1.0,1.0,0.98,0.09
767,2,0.263,0.828,0.433,0.9,0.707,0.59,0.687,0.08
768,2,0.536,1.0,0.706,0.89,0.414,0.18,0.394,0.07
769,,0.526,0.99,0.696,0.88,0.404,0.17,0.384,0.06
770,,0.516,0.98,0.686,0.87,0.394,0.16,0.374,0.05
771,,0.506,0.97,0.676,0.86,0.384,0.15,0.364,0.04
772,,0.496,0.96,0.666,0.85,0.374,0.14,0.354,0.03
773,,0.486,0.95,0.656,0.84,0.364,0.13,0.344,0.02
774,,0.476,0.94,0.646,0.83,0.354,0.12,0.334,0.01
775,,0.466,0.93,0.636,0.82,0.344,0.11,0.324,0.0
776,,0.456,0.92,0.626,0.81,0.334,0.1,0.314,-0.01
777,8,0.729,0.91,0.333,0.4,0.041,0.09,0.587,0.99
778,8,1.0,0.9,0.04,-0.01,-0.252,0.08,0.86,1.0
779,5,0.59,0.607,0.03,0.263,0.748,0.353,0.85,0.707
780,5,0.18,0.314,0.02,0.536,1.0,0.626,0.84,0.414
781,,0.17,0.304,0.01,0.526,0.99,0.616,0.83,0.404
782,,0.16,0.294,0.0,0.516,0.98,0.606,0.82,0.394
783,,0.15,0.284,-0.01,0.506,0.97,0.596,0.81,0.384
784,3,0.14,0.557,0.99,0.779,0.96,0.303,0.4,0.091
785,3,0.13,0.83,1.0,1.0,0.95,0.01,-0.01,-0.202
786,8,0.403,0.82,0.707,0.59,0.657,0.0,0.263,0.798
787,8,0.676,0.81,0.414,0.18,0.364,-0.01,0.536,1.0
788,6,0.383,0.4,0.121,0.17,0.637,0.99,0.809,0.99
789,6,0.09,-0.01,-0.172,0.16,0.91,1.0,1.0,0.98
790,3,0.08,0.263,0.828,0.433,0.9,0.707,0.59,0.687
791,3,0.07,0.536,1.0,0.706,0.89,0.414,0.18,0.394
792,,0.06,0.526,0.99,0.696,0.88,0.404,0.17,0.384
793,,0.05,0.516,0.98,0.686,0.87,0.394,0.16,0.374
794,,0.04,0.506,0.97,0.676,0.86,0.384,0.15,0.364
795,,0.03,0.496,0.96,0.666,0.85,0.374,0.14,0.354
796,,0.02,0.486,0.95,0.656,0.84,0.364,0.13,0.344
797,,0.01,0.476,0.94,0.646,0.83,0.354,0.12,0.334
798,,0.0,0.466,0.93,0.636,0.82,0.344,0.11,0.324
799,,-0.01,0.456,0.92,0.626,0.81,0.334,0.1,0.314
800,1,0.99,0.729,0.91,0.333,0.4,0.041,0.09,0.587
801,1,1.0,1.0,0.9,0.04,-0.01,-0.252,0.08,0.86
802,6,0.707,0.59,0.607,0.03,0.263,0.748,0.353,0.85
803,6,0.414,0.18,0.314,0.02,0.536,1.0,0.626,0.84
804,,0.404,0.17,0.304,0.01,0.526,0.99,0.616,0.83
805,,0.394,0.16,0.294,0.0,0.516,0.98,0.606,0.82
806,,0.384,0.15,0.284,-0.01,0.506,0.97,0.596,0.81
807,4,0.091,0.14,0.557,0.99,0.779,0.96,0.303,0.4
808,4,-0.202,0.13,0.83,1.0,1.0,0.95,0.01,-0.01
809,1,0.798,0.403,0.82,0.707,0.59,0.657,0.0,0.263
