step,active_motive,motive_1,motive_2,motive_3,motive_4,motive_5,motive_6,motive_7,motive_8
0,,0.01401,0.05183,0.08774,0.07408,0.0697,0.07025,0.03595,0.02936
1,,0.00401,0.04183,0.07774,0.06408,0.0597,0.06025,0.02595,0.01936
2,,-0.00599,0.03183,0.06774,0.05408,0.0497,0.05025,0.01595,0.00936
3,1,0.99401,0.30483,0.05774,-0.23892,-0.3603,-0.24275,0.00595,0.28236
4,1,1.0,0.57783,0.04774,-0.53192,-0.7703,-0.53575,-0.00405,0.55536
5,5,0.59,0.28483,0.03774,-0.25892,0.2297,-0.26275,-0.01405,0.26236
6,5,0.18,-0.00817,0.02774,0.01408,1.0,0.01025,-0.02405,-0.03064
7,8,0.453,-0.01817,-0.26526,-0.39592,0.707,0.00025,0.24895,0.96936
8,8,0.726,-0.02817,-0.55826,-0.80592,0.414,-0.00975,0.52195,1.0
9,4,0.433,-0.03817,-0.28526,0.19408,0.687,-0.01975,0.22895,0.59
10,4,0.14,-0.04817,-0.01226,1.0,0.96,-0.02975,-0.06405,0.18
11,7,0.13,-0.34117,-0.42226,0.707,0.95,0.24325,0.93595,0.453
12,7,0.12,-0.63417,-0.83226,0.414,0.94,0.51625,1.0,0.726
13,3,0.11,-0.36117,0.16774,0.687,0.93,0.22325,0.59,0.433
14,3,0.1,-0.08817,1.0,0.96,0.92,-0.06975,0.18,0.14
15,2,0.373,0.91183,1.0,0.95,0.627,-0.47975,-0.113,0.13
16,2,0.646,1.0,1.0,0.94,0.334,-0.88975,-0.406,0.12
17,6,0.353,0.59,0.707,0.93,0.607,0.11025,-0.133,0.11
18,6,0.06,0.18,0.414,0.92,0.88,1.0,0.14,0.1
19,,0.05,0.17,0.404,0.91,0.87,0.99,0.13,0.09
20,,0.04,0.16,0.394,0.9,0.86,0.98,0.12,0.08
21,,0.03,0.15,0.384,0.89,0.85,0.97,0.11,0.07
22,,0.02,0.14,0.374,0.88,0.84,0.96,0.1,0.06
23,,0.01,0.13,0.364,0.87,0.83,0.95,0.09,0.05
24,,0.0,0.12,0.354,0.86,0.82,0.94,0.08,0.04
25,,-0.01,0.11,0.344,0.85,0.81,0.93,0.07,0.03
26,1,0.99,0.383,0.334,0.557,0.4,0.637,0.06,0.303
27,1,1.0,0.656,0.324,0.264,-0.01,0.344,0.05,0.576
28,5,0.59,0.363,0.314,0.537,0.99,0.617,0.04,0.283
29,5,0.18,0.07,0.304,0.81,1.0,0.89,0.03,-0.01
30,8,0.453,0.06,0.011,0.4,0.707,0.88,0.303,0.99
31,8,0.726,0.05,-0.282,-0.01,0.414,0.87,0.576,1.0
32,3,0.716,0.323,0.718,0.263,0.404,0.577,0.166,0.707
33,3,0.706,0.596,1.0,0.536,0.394,0.284,-0.244,0.414
34,7,0.696,0.303,0.59,0.243,0.384,0.557,0.756,0.687
35,7,0.686,0.01,0.18,-0.05,0.374,0.83,1.0,0.96
36,4,0.393,0.0,0.453,0.95,0.647,0.82,0.707,0.55
37,4,0.1,-0.01,0.726,1.0,0.92,0.81,0.414,0.14
38,2,0.373,0.99,0.999,0.99,0.627,0.4,0.121,0.13
39,2,0.646,1.0,1.0,0.98,0.334,-0.01,-0.172,0.12
40,7,0.636,0.707,0.59,0.687,0.324,0.263,0.828,0.393
41,7,0.626,0.414,0.18,0.394,0.314,0.536,1.0,0.666
42,,0.616,0.404,0.17,0.384,0.304,0.526,0.99,0.656
43,,0.606,0.394,0.16,0.374,0.294,0.516,0.98,0.646
44,,0.596,0.384,0.15,0.364,0.284,0.506,0.97,0.636
45,,0.586,0.374,0.14,0.354,0.274,0.496,0.96,0.626
46,,0.576,0.364,0.13,0.344,0.264,0.486,0.95,0.616
47,,0.566,0.354,0.12,0.334,0.254,0.476,0.94,0.606
48,,0.556,0.344,0.11,0.324,0.244,0.466,0.93,0.596
49,,0.546,0.334,0.1,0.314,0.234,0.456,0.92,0.586
50,,0.536,0.324,0.09,0.304,0.224,0.446,0.91,0.576
51,,0.526,0.314,0.08,0.294,0.214,0.436,0.9,0.566
52,,0.516,0.304,0.07,0.284,0.204,0.426,0.89,0.556
53,,0.506,0.294,0.06,0.274,0.194,0.416,0.88,0.546
54,,0.496,0.284,0.05,0.264,0.184,0.406,0.87,0.536
55,,0.486,0.274,0.04,0.254,0.174,0.396,0.86,0.526
56,,0.476,0.264,0.03,0.244,0.164,0.386,0.85,0.516
57,,0.466,0.254,0.02,0.234,0.154,0.376,0.84,0.506
58,,0.456,0.244,0.01,0.224,0.144,0.366,0.83,0.496
59,,0.446,0.234,0.0,0.214,0.134,0.356,0.82,0.486
60,,0.436,0.224,-0.01,0.204,0.124,0.346,0.81,0.476
61,3,0.426,0.497,0.99,0.477,0.114,0.053,0.4,0.183
62,3,0.416,0.77,1.0,0.75,0.104,-0.24,-0.01,-0.11
63,6,0.123,0.36,0.707,0.74,0.377,0.76,0.263,-0.12
64,6,-0.17,-0.05,0.414,0.73,0.65,1.0,0.536,-0.13
65,1,0.83,0.223,0.404,0.437,0.24,0.707,0.526,0.143
66,1,1.0,0.496,0.394,0.144,-0.17,0.414,0.516,0.416
67,5,0.59,0.203,0.384,0.417,0.83,0.687,0.506,0.123
68,5,0.18,-0.09,0.374,0.69,1.0,0.96,0.496,-0.17
69,8,0.453,-0.1,0.081,0.28,0.707,0.95,0.769,0.83
70,8,0.726,-0.11,-0.212,-0.13,0.414,0.94,1.0,1.0
71,3,0.716,0.163,0.788,0.143,0.404,0.647,0.59,0.707
72,3,0.706,0.436,1.0,0.416,0.394,0.354,0.18,0.414
73,,0.696,0.426,0.99,0.406,0.384,0.344,0.17,0.404
74,,0.686,0.416,0.98,0.396,0.374,0.334,0.16,0.394
75,,0.676,0.406,0.97,0.386,0.364,0.324,0.15,0.384
76,,0.666,0.396,0.96,0.376,0.354,0.314,0.14,0.374
77,,0.656,0.386,0.95,0.366,0.344,0.304,0.13,0.364
78,,0.646,0.376,0.94,0.356,0.334,0.294,0.12,0.354
79,,0.636,0.366,0.93,0.346,0.324,0.284,0.11,0.344
80,,0.626,0.356,0.92,0.336,0.314,0.274,0.1,0.334
81,,0.616,0.346,0.91,0.326,0.304,0.264,0.09,0.324
82,,0.606,0.336,0.9,0.316,0.294,0.254,0.08,0.314
83,,0.596,0.326,0.89,0.306,0.284,0.244,0.07,0.304
84,,0.586,0.316,0.88,0.296,0.274,0.234,0.06,0.294
85,,0.576,0.306,0.87,0.286,0.264,0.224,0.05,0.284
86,,0.566,0.296,0.86,0.276,0.254,0.214,0.04,0.274
87,,0.556,0.286,0.85,0.266,0.244,0.204,0.03,0.264
88,,0.546,0.276,0.84,0.256,0.234,0.194,0.02,0.254
89,,0.536,0.266,0.83,0.246,0.224,0.184,0.01,0.244
90,,0.526,0.256,0.82,0.236,0.214,0.174,0.0,0.234
91,,0.516,0.246,0.81,0.226,0.204,0.164,-0.01,0.224
92,7,0.506,-0.047,0.4,-0.067,0.194,0.437,0.99,0.497
93,7,0.496,-0.34,-0.01,-0.36,0.184,0.71,1.0,0.77
94,4,0.203,-0.35,0.263,0.64,0.457,0.7,0.707,0.36
95,4,-0.09,-0.36,0.536,1.0,0.73,0.69,0.414,-0.05
96,2,0.183,0.64,0.809,0.99,0.437,0.28,0.121,-0.06
97,2,0.456,1.0,1.0,0.98,0.144,-0.13,-0.172,-0.07
98,7,0.446,0.707,0.59,0.687,0.134,0.143,0.828,0.203
99,7,0.436,0.414,0.18,0.394,0.124,0.416,1.0,0.476
100,,0.426,0.404,0.17,0.384,0.114,0.406,0.99,0.466
101,,0.416,0.394,0.16,0.374,0.104,0.396,0.98,0.456
102,,0.406,0.384,0.15,0.364,0.094,0.386,0.97,0.446
103,,0.396,0.374,0.14,0.354,0.084,0.376,0.96,0.436
104,,0.386,0.364,0.13,0.344,0.074,0.366,0.95,0.426
105,,0.376,0.354,0.12,0.334,0.064,0.356,0.94,0.416
106,,0.366,0.344,0.11,0.324,0.054,0.346,0.93,0.406
107,,0.356,0.334,0.1,0.314,0.044,0.336,0.92,0.396
108,,0.346,0.324,0.09,0.304,0.034,0.326,0.91,0.386
109,,0.336,0.314,0.08,0.294,0.024,0.316,0.9,0.376
110,,0.326,0.304,0.07,0.284,0.014,0.306,0.89,0.366
111,,0.316,0.294,0.06,0.274,0.004,0.296,0.88,0.356
112,,0.306,0.284,0.05,0.264,-0.006,0.286,0.87,0.346
113,5,-0.104,-0.009,0.04,0.537,0.994,0.559,0.86,0.053
114,5,-0.514,-0.302,0.03,0.81,1.0,0.832,0.85,-0.24
115,1,0.486,-0.029,0.02,0.517,0.59,0.539,0.84,0.033
116,1,1.0,0.244,0.01,0.224,0.18,0.246,0.83,0.306
117,,0.99,0.234,0.0,0.214,0.17,0.236,0.82,0.296
118,,0.98,0.224,-0.01,0.204,0.16,0.226,0.81,0.286
119,3,0.97,0.497,0.99,0.477,0.15,-0.067,0.4,-0.007
120,3,0.96,0.77,1.0,0.75,0.14,-0.36,-0.01,-0.3
121,6,0.667,0.36,0.707,0.74,0.413,0.64,0.263,-0.31
122,6,0.374,-0.05,0.414,0.73,0.686,1.0,0.536,-0.32
123,8,0.647,-0.06,0.121,0.32,0.393,0.99,0.809,0.68
124,8,0.92,-0.07,-0.172,-0.09,0.1,0.98,1.0,1.0
125,3,0.91,0.203,0.828,0.183,0.09,0.687,0.59,0.707
126,3,0.9,0.476,1.0,0.456,0.08,0.394,0.18,0.414
127,,0.89,0.466,0.99,0.446,0.07,0.384,0.17,0.404
128,,0.88,0.456,0.98,0.436,0.06,0.374,0.16,0.394
129,,0.87,0.446,0.97,0.426,0.05,0.364,0.15,0.384
130,,0.86,0.436,0.96,0.416,0.04,0.354,0.14,0.374
131,,0.85,0.426,0.95,0.406,0.03,0.344,0.13,0.364
132,,0.84,0.416,0.94,0.396,0.02,0.334,0.12,0.354
133,,0.83,0.406,0.93,0.386,0.01,0.324,0.11,0.344
134,,0.82,0.396,0.92,0.376,0.0,0.314,0.1,0.334
135,,0.81,0.386,0.91,0.366,-0.01,0.304,0.09,0.324
136,5,0.4,0.093,0.9,0.639,0.99,0.577,0.08,0.031
137,5,-0.01,-0.2,0.89,0.912,1.0,0.85,0.07,-0.262
138,8,0.263,-0.21,0.597,0.502,0.707,0.84,0.343,0.738
139,8,0.536,-0.22,0.304,0.092,0.414,0.83,0.616,1.0
140,2,0.809,0.78,0.577,0.082,0.121,0.42,0.323,0.99
141,2,1.0,1.0,0.85,0.072,-0.172,0.01,0.03,0.98
142,5,0.59,0.707,0.84,0.345,0.828,0.283,0.02,0.687
143,5,0.18,0.414,0.83,0.618,1.0,0.556,0.01,0.394
144,,0.17,0.404,0.82,0.608,0.99,0.546,0.0,0.384
145,,0.16,0.394,0.81,0.598,0.98,0.536,-0.01,0.374
146,7,0.15,0.101,0.4,0.305,0.97,0.809,0.99,0.647
147,7,0.14,-0.192,-0.01,0.012,0.96,1.0,1.0,0.92
148,2,0.413,0.808,0.263,0.002,0.667,0.59,0.707,0.91
149,2,0.686,1.0,0.536,-0.008,0.374,0.18,0.414,0.9
150,4,0.393,0.99,0.809,0.992,0.647,0.17,0.121,0.49
151,4,0.1,0.98,1.0,1.0,0.92,0.16,-0.172,0.08
152,7,0.09,0.687,0.59,0.707,0.91,0.433,0.828,0.353
153,7,0.08,0.394,0.18,0.414,0.9,0.706,1.0,0.626
154,,0.07,0.384,0.17,0.404,0.89,0.696,0.99,0.616
155,,0.06,0.374,0.16,0.394,0.88,0.686,0.98,0.606
156,,0.05,0.364,0.15,0.384,0.87,0.676,0.97,0.596
157,,0.04,0.354,0.14,0.374,0.86,0.666,0.96,0.586
158,,0.03,0.344,0.13,0.364,0.85,0.656,0.95,0.576
159,,0.02,0.334,0.12,0.354,0.84,0.646,0.94,0.566
160,,0.01,0.324,0.11,0.344,0.83,0.636,0.93,0.556
161,,0.0,0.314,0.1,0.334,0.82,0.626,0.92,0.546
162,,-0.01,0.304,0.09,0.324,0.81,0.616,0.91,0.536
163,1,0.99,0.577,0.08,0.031,0.4,0.323,0.9,0.809
164,1,1.0,0.85,0.07,-0.262,-0.01,0.03,0.89,1.0
165,4,0.707,0.84,0.343,0.738,0.263,0.02,0.597,0.59
166,4,0.414,0.83,0.616,1.0,0.536,0.01,0.304,0.18
167,,0.404,0.82,0.606,0.99,0.526,0.0,0.294,0.17
168,,0.394,0.81,0.596,0.98,0.516,-0.01,0.284,0.16
169,6,0.101,0.4,0.303,0.97,0.789,0.99,0.557,0.15
170,6,-0.192,-0.01,0.01,0.96,1.0,1.0,0.83,0.14
171,1,0.808,0.263,0.0,0.667,0.59,0.707,0.82,0.413
172,1,1.0,0.536,-0.01,0.374,0.18,0.414,0.81,0.686
173,3,0.99,0.809,0.99,0.647,0.17,0.121,0.4,0.393
174,3,0.98,1.0,1.0,0.92,0.16,-0.172,-0.01,0.1
175,6,0.687,0.59,0.707,0.91,0.433,0.828,0.263,0.09
176,6,0.394,0.18,0.414,0.9,0.706,1.0,0.536,0.08
177,,0.384,0.17,0.404,0.89,0.696,0.99,0.526,0.07
178,,0.374,0.16,0.394,0.88,0.686,0.98,0.516,0.06
179,,0.364,0.15,0.384,0.87,0.676,0.97,0.506,0.05
180,,0.354,0.14,0.374,0.86,0.666,0.96,0.496,0.04
181,,0.344,0.13,0.364,0.85,0.656,0.95,0.486,0.03
182,,0.334,0.12,0.354,0.84,0.646,0.94,0.476,0.02
183,,0.324,0.11,0.344,0.83,0.636,0.93,0.466,0.01
184,,0.314,0.1,0.334,0.82,0.626,0.92,0.456,0.0
185,,0.304,0.09,0.324,0.81,0.616,0.91,0.446,-0.01
186,8,0.577,0.08,0.031,0.4,0.323,0.9,0.719,0.99
187,8,0.85,0.07,-0.262,-0.01,0.03,0.89,0.992,1.0
188,3,0.84,0.343,0.738,0.263,0.02,0.597,0.582,0.707
189,3,0.83,0.616,1.0,0.536,0.01,0.304,0.172,0.414
190,,0.82,0.606,0.99,0.526,0.0,0.294,0.162,0.404
191,,0.81,0.596,0.98,0.516,-0.01,0.284,0.152,0.394
192,5,0.4,0.303,0.97,0.789,0.99,0.557,0.142,0.101
193,5,-0.01,0.01,0.96,1.0,1.0,0.83,0.132,-0.192
194,8,0.263,0.0,0.667,0.59,0.707,0.82,0.405,0.808
195,8,0.536,-0.01,0.374,0.18,0.414,0.81,0.678,1.0
196,2,0.809,0.99,0.647,0.17,0.121,0.4,0.385,0.99
197,2,1.0,1.0,0.92,0.16,-0.172,-0.01,0.092,0.98
198,5,0.59,0.707,0.91,0.433,0.828,0.263,0.082,0.687
199,5,0.18,0.414,0.9,0.706,1.0,0.536,0.072,0.394
200,,0.17,0.404,0.89,0.696,0.99,0.526,0.062,0.384
201,,0.16,0.394,0.88,0.686,0.98,0.516,0.052,0.374
202,,0.15,0.384,0.87,0.676,0.97,0.506,0.042,0.364
203,,0.14,0.374,0.86,0.666,0.96,0.496,0.032,0.354
204,,0.13,0.364,0.85,0.656,0.95,0.486,0.022,0.344
205,,0.12,0.354,0.84,0.646,0.94,0.476,0.012,0.334
206,,0.11,0.344,0.83,0.636,0.93,0.466,0.002,0.324
207,,0.1,0.334,0.82,0.626,0.92,0.456,-0.008,0.314
208,7,0.09,0.041,0.41,0.333,0.91,0.729,0.992,0.587
209,7,0.08,-0.252,-0.0,0.04,0.9,1.0,1.0,0.86
210,2,0.353,0.748,0.273,0.03,0.607,0.59,0.707,0.85
211,2,0.626,1.0,0.546,0.02,0.314,0.18,0.414,0.84
212,,0.616,0.99,0.536,0.01,0.304,0.17,0.404,0.83
213,,0.606,0.98,0.526,0.0,0.294,0.16,0.394,0.82
214,,0.596,0.97,0.516,-0.01,0.284,0.15,0.384,0.81
215,4,0.303,0.96,0.789,0.99,0.557,0.14,0.091,0.4
216,4,0.01,0.95,1.0,1.0,0.83,0.13,-0.202,-0.01
217,7,0.0,0.657,0.59,0.707,0.82,0.403,0.798,0.263
218,7,-0.01,0.364,0.18,0.414,0.81,0.676,1.0,0.536
219,1,0.99,0.637,0.17,0.121,0.4,0.383,0.99,0.809
220,1,1.0,0.91,0.16,-0.172,-0.01,0.09,0.98,1.0
221,4,0.707,0.9,0.433,0.828,0.263,0.08,0.687,0.59
222,4,0.414,0.89,0.706,1.0,0.536,0.07,0.394,0.18
223,,0.404,0.88,0.696,0.99,0.526,0.06,0.384,0.17
224,,0.394,0.87,0.686,0.98,0.516,0.05,0.374,0.16
225,,0.384,0.86,0.676,0.97,0.506,0.04,0.364,0.15
226,,0.374,0.85,0.666,0.96,0.496,0.03,0.354,0.14
227,,0.364,0.84,0.656,0.95,0.486,0.02,0.344,0.13
228,,0.354,0.83,0.646,0.94,0.476,0.01,0.334,0.12
229,,0.344,0.82,0.636,0.93,0.466,0.0,0.324,0.11
230,,0.334,0.81,0.626,0.92,0.456,-0.01,0.314,0.1
231,6,0.041,0.4,0.333,0.91,0.729,0.99,0.587,0.09
232,6,-0.252,-0.01,0.04,0.9,1.0,1.0,0.86,0.08
233,1,0.748,0.263,0.03,0.607,0.59,0.707,0.85,0.353
234,1,1.0,0.536,0.02,0.314,0.18,0.414,0.84,0.626
235,,0.99,0.526,0.01,0.304,0.17,0.404,0.83,0.616
236,,0.98,0.516,0.0,0.294,0.16,0.394,0.82,0.606
237,,0.97,0.506,-0.01,0.284,0.15,0.384,0.81,0.596
238,3,0.96,0.779,0.99,0.557,0.14,0.091,0.4,0.303
239,3,0.95,1.0,1.0,0.83,0.13,-0.202,-0.01,0.01
240,6,0.657,0.59,0.707,0.82,0.403,0.798,0.263,0.0
241,6,0.364,0.18,0.414,0.81,0.676,1.0,0.536,-0.01
242,8,0.637,0.17,0.121,0.4,0.383,0.99,0.809,0.99
243,8,0.91,0.16,-0.172,-0.01,0.09,0.98,1.0,1.0
244,3,0.9,0.433,0.828,0.263,0.08,0.687,0.59,0.707
245,3,0.89,0.706,1.0,0.536,0.07,0.394,0.18,0.414
246,,0.88,0.696,0.99,0.526,0.06,0.384,0.17,0.404
247,,0.87,0.686,0.98,0.516,0.05,0.374,0.16,0.394
248,,0.86,0.676,0.97,0.506,0.04,0.364,0.15,0.384
249,,0.85,0.666,0.96,0.496,0.03,0.354,0.14,0.374
250,,0.84,0.656,0.95,0.486,0.02,0.344,0.13,0.364
251,,0.83,0.646,0.94,0.476,0.01,0.334,0.12,0.354
252,,0.82,0.636,0.93,0.466,0.0,0.324,0.11,0.344
253,,0.81,0.626,0.92,0.456,-0.01,0.314,0.1,0.334
254,5,0.4,0.333,0.91,0.729,0.99,0.587,0.09,0.041
255,5,-0.01,0.04,0.9,1.0,1.0,0.86,0.08,-0.252
256,8,0.263,0.03,0.607,0.59,0.707,0.85,0.353,0.748
257,8,0.536,0.02,0.314,0.18,0.414,0.84,0.626,1.0
258,,0.526,0.01,0.304,0.17,0.404,0.83,0.616,0.99
259,,0.516,0.0,0.294,0.16,0.394,0.82,0.606,0.98
260,,0.506,-0.01,0.284,0.15,0.384,0.81,0.596,0.97
261,2,0.779,0.99,0.557,0.14,0.091,0.4,0.303,0.96
262,2,1.0,1.0,0.83,0.13,-0.202,-0.01,0.01,0.95
263,5,0.59,0.707,0.82,0.403,0.798,0.263,0.0,0.657
264,5,0.18,0.414,0.81,0.676,1.0,0.536,-0.01,0.364
265,7,0.17,0.121,0.4,0.383,0.99,0.809,0.99,0.637
266,7,0.16,-0.172,-0.01,0.09,0.98,1.0,1.0,0.91
267,2,0.433,0.828,0.263,0.08,0.687,0.59,0.707,0.9
268,2,0.706,1.0,0.536,0.07,0.394,0.18,0.414,0.89
269,,0.696,0.99,0.526,0.06,0.384,0.17,0.404,0.88
270,,0.686,0.98,0.516,0.05,0.374,0.16,0.394,0.87
271,,0.676,0.97,0.506,0.04,0.364,0.15,0.384,0.86
272,,0.666,0.96,0.496,0.03,0.354,0.14,0.374,0.85
273,,0.656,0.95,0.486,0.02,0.344,0.13,0.364,0.84
274,,0.646,0.94,0.476,0.01,0.334,0.12,0.354,0.83
275,,0.636,0.93,0.466,0.0,0.324,0.11,0.344,0.82
276,,0.626,0.92,0.456,-0.01,0.314,0.1,0.334,0.81
277,4,0.333,0.91,0.729,0.99,0.587,0.09,0.041,0.4
278,4,0.04,0.9,1.0,1.0,0.86,0.08,-0.252,-0.01
279,7,0.03,0.607,0.59,0.707,0.85,0.353,0.748,0.263
280,7,0.02,0.314,0.18,0.414,0.84,0.626,1.0,0.536
281,,0.01,0.304,0.17,0.404,0.83,0.616,0.99,0.526
282,,0.0,0.294,0.16,0.394,0.82,0.606,0.98,0.516
283,,-0.01,0.284,0.15,0.384,0.81,0.596,0.97,0.506
284,1,0.99,0.557,0.14,0.091,0.4,0.303,0.96,0.779
285,1,1.0,0.83,0.13,-0.202,-0.01,0.01,0.95,1.0
286,4,0.707,0.82,0.403,0.798,0.263,0.0,0.657,0.59
287,4,0.414,0.81,0.676,1.0,0.536,-0.01,0.364,0.18
288,6,0.121,0.4,0.383,0.99,0.809,0.99,0.637,0.17
289,6,-0.172,-0.01,0.09,0.98,1.0,1.0,0.91,0.16
290,1,0.828,0.263,0.08,0.687,0.59,0.707,0.9,0.433
291,1,1.0,0.536,0.07,0.394,0.18,0.414,0.89,0.706
292,,0.99,0.526,0.06,0.384,0.17,0.404,0.88,0.696
293,,0.98,0.516,0.05,0.374,0.16,0.394,0.87,0.686
294,,0.97,0.506,0.04,0.364,0.15,0.384,0.86,0.676
295,,0.96,0.496,0.03,0.354,0.14,0.374,0.85,0.666
296,,0.95,0.486,0.02,0.344,0.13,0.364,0.84,0.656
297,,0.94,0.476,0.01,0.334,0.12,0.354,0.83,0.646
298,,0.93,0.466,0.0,0.324,0.11,0.344,0.82,0.636
299,,0.92,0.456,-0.01,0.314,0.1,0.334,0.81,0.626
300,3,0.91,0.729,0.99,0.587,0.09,0.041,0.4,0.333
301,3,0.9,1.0,1.0,0.86,0.08,-0.252,-0.01,0.04
302,6,0.607,0.59,0.707,0.85,0.353,0.748,0.263,0.03
303,6,0.314,0.18,0.414,0.84,0.626,1.0,0.536,0.02
304,,0.304,0.17,0.404,0.83,0.616,0.99,0.526,0.01
305,,0.294,0.16,0.394,0.82,0.606,0.98,0.516,0.0
306,,0.284,0.15,0.384,0.81,0.596,0.97,0.506,-0.01
307,8,0.557,0.14,0.091,0.4,0.303,0.96,0.779,0.99
308,8,0.83,0.13,-0.202,-0.01,0.01,0.95,1.0,1.0
309,3,0.82,0.403,0.798,0.263,0.0,0.657,0.59,0.707
310,3,0.81,0.676,1.0,0.536,-0.01,0.364,0.18,0.414
311,5,0.4,0.383,0.99,0.809,0.99,0.637,0.17,0.121
312,5,-0.01,0.09,0.98,1.0,1.0,0.91,0.16,-0.172
313,8,0.263,0.08,0.687,0.59,0.707,0.9,0.433,0.828
314,8,0.536,0.07,0.394,0.18,0.414,0.89,0.706,1.0
315,,0.526,0.06,0.384,0.17,0.404,0.88,0.696,0.99
316,,0.516,0.05,0.374,0.16,0.394,0.87,0.686,0.98
317,,0.506,0.04,0.364,0.15,0.384,0.86,0.676,0.97
318,,0.496,0.03,0.354,0.14,0.374,0.85,0.666,0.96
319,,0.486,0.02,0.344,0.13,0.364,0.84,0.656,0.95
320,,0.476,0.01,0.334,0.12,0.354,0.83,0.646,0.94
321,,0.466,0.0,0.324,0.11,0.344,0.82,0.636,0.93
322,,0.456,-0.01,0.314,0.1,0.334,0.81,0.626,0.92
323,2,0.729,0.99,0.587,0.09,0.041,0.4,0.333,0.91
324,2,1.0,1.0,0.86,0.08,-0.252,-0.01,0.04,0.9
325,5,0.59,0.707,0.85,0.353,0.748,0.263,0.03,0.607
326,5,0.18,0.414,0.84,0.626,1.0,0.536,0.02,0.314
327,,0.17,0.404,0.83,0.616,0.99,0.526,0.01,0.304
328,,0.16,0.394,0.82,0.606,0.98,0.516,0.0,0.294
329,,0.15,0.384,0.81,0.596,0.97,0.506,-0.01,0.284
330,7,0.14,0.091,0.4,0.303,0.96,0.779,0.99,0.557
331,7,0.13,-0.202,-0.01,0.01,0.95,1.0,1.0,0.83
332,2,0.403,0.798,0.263,0.0,0.657,0.59,0.707,0.82
333,2,0.676,1.0,0.536,-0.01,0.364,0.18,0.414,0.81
334,4,0.383,0.99,0.809,0.99,0.637,0.17,0.121,0.4
335,4,0.09,0.98,1.0,1.0,0.91,0.16,-0.172,-0.01
336,7,0.08,0.687,0.59,0.707,0.9,0.433,0.828,0.263
337,7,0.07,0.394,0.18,0.414,0.89,0.706,1.0,0.536
338,,0.06,0.384,0.17,0.404,0.88,0.696,0.99,0.526
339,,0.05,0.374,0.16,0.394,0.87,0.686,0.98,0.516
340,,0.04,0.364,0.15,0.384,0.86,0.676,0.97,0.506
341,,0.03,0.354,0.14,0.374,0.85,0.666,0.96,0.496
342,,0.02,0.344,0.13,0.364,0.84,0.656,0.95,0.486
343,,0.01,0.334,0.12,0.354,0.83,0.646,0.94,0.476
344,,0.0,0.324,0.11,0.344,0.82,0.636,0.93,0.466
345,,-0.01,0.314,0.1,0.334,0.81,0.626,0.92,0.456
346,1,0.99,0.587,0.09,0.041,0.4,0.333,0.91,0.729
347,1,1.0,0.86,0.08,-0.252,-0.01,0.04,0.9,1.0
348,4,0.707,0.85,0.353,0.748,0.263,0.03,0.607,0.59
349,4,0.414,0.84,0.626,1.0,0.536,0.02,0.314,0.18
350,,0.404,0.83,0.616,0.99,0.526,0.01,0.304,0.17
351,,0.394,0.82,0.606,0.98,0.516,0.0,0.294,0.16
352,,0.384,0.81,0.596,0.97,0.506,-0.01,0.284,0.15
353,6,0.091,0.4,0.303,0.96,0.779,0.99,0.557,0.14
354,6,-0.202,-0.01,0.01,0.95,1.0,1.0,0.83,0.13
355,1,0.798,0.263,0.0,0.657,0.59,0.707,0.82,0.403
356,1,1.0,0.536,-0.01,0.364,0.18,0.414,0.81,0.676
357,3,0.99,0.809,0.99,0.637,0.17,0.121,0.4,0.383
358,3,0.98,1.0,1.0,0.91,0.16,-0.172,-0.01,0.09
359,6,0.687,0.59,0.707,0.9,0.433,0.828,0.263,0.08
360,6,0.394,0.18,0.414,0.89,0.706,1.0,0.536,0.07
361,,0.384,0.17,0.404,0.88,0.696,0.99,0.526,0.06
362,,0.374,0.16,0.394,0.87,0.686,0.98,0.516,0.05
363,,0.364,0.15,0.384,0.86,0.676,0.97,0.506,0.04
364,,0.354,0.14,0.374,0.85,0.666,0.96,0.496,0.03
365,,0.344,0.13,0.364,0.84,0.656,0.95,0.486,0.02
366,,0.334,0.12,0.354,0.83,0.646,0.94,0.476,0.01
367,,0.324,0.11,0.344,0.82,0.636,0.93,0.466,0.0
368,,0.314,0.1,0.334,0.81,0.626,0.92,0.456,-0.01
369,8,0.587,0.09,0.041,0.4,0.333,0.91,0.729,0.99
370,8,0.86,0.08,-0.252,-0.01,0.04,0.9,1.0,1.0
371,3,0.85,0.353,0.748,0.263,0.03,0.607,0.59,0.707
372,3,0.84,0.626,1.0,0.536,0.02,0.314,0.18,0.414
373,,0.83,0.616,0.99,0.526,0.01,0.304,0.17,0.404
374,,0.82,0.606,0.98,0.516,0.0,0.294,0.16,0.394
375,,0.81,0.596,0.97,0.506,-0.01,0.284,0.15,0.384
376,5,0.4,0.303,0.96,0.779,0.99,0.557,0.14,0.091
377,5,-0.01,0.01,0.95,1.0,1.0,0.83,0.13,-0.202
378,8,0.263,0.0,0.657,0.59,0.707,0.82,0.403,0.798
379,8,0.536,-0.01,0.364,0.18,0.414,0.81,0.676,1.0
380,2,0.809,0.99,0.637,0.17,0.121,0.4,0.383,0.99
381,2,1.0,1.0,0.91,0.16,-0.172,-0.01,0.09,0.98
382,5,0.59,0.707,0.9,0.433,0.828,0.263,0.08,0.687
383,5,0.18,0.414,0.89,0.706,1.0,0.536,0.07,0.394
384,,0.17,0.404,0.88,0.696,0.99,0.526,0.06,0.384
385,,0.16,0.394,0.87,0.686,0.98,0.516,0.05,0.374
386,,0.15,0.384,0.86,0.676,0.97,0.506,0.04,0.364
387,,0.14,0.374,0.85,0.666,0.96,0.496,0.03,0.354
388,,0.13,0.364,0.84,0.656,0.95,0.486,0.02,0.344
389,,0.12,0.354,0.83,0.646,0.94,0.476,0.01,0.334
390,,0.11,0.344,0.82,0.636,0.93,0.466,0.0,0.324
391,,0.1,0.334,0.81,0.626,0.92,0.456,-0.01,0.314
392,7,0.09,0.041,0.4,0.333,0.91,0.729,0.99,0.587
393,7,0.08,-0.252,-0.01,0.04,0.9,1.0,1.0,0.86
394,2,0.353,0.748,0.263,0.03,0.607,0.59,0.707,0.85
395,2,0.626,1.0,0.536,0.02,0.314,0.18,0.414,0.84
396,,0.616,0.99,0.526,0.01,0.304,0.17,0.404,0.83
397,,0.606,0.98,0.516,0.0,0.294,0.16,0.394,0.82
398,,0.596,0.97,0.506,-0.01,0.284,0.15,0.384,0.81
399,4,0.303,0.96,0.779,0.99,0.557,0.14,0.091,0.4
400,4,0.01,0.95,1.0,1.0,0.83,0.13,-0.202,-0.01
401,7,0.0,0.657,0.59,0.707,0.82,0.403,0.798,0.263
402,7,-0.01,0.364,0.18,0.414,0.81,0.676,1.0,0.536
403,1,0.99,0.637,0.17,0.121,0.4,0.383,0.99,0.809
404,1,1.0,0.91,0.16,-0.172,-0.01,0.09,0.98,1.0
405,4,0.707,0.9,0.433,0.828,0.263,0.08,0.687,0.59
406,4,0.414,0.89,0.706,1.0,0.536,0.07,0.394,0.18
407,,0.404,0.88,0.696,0.99,0.526,0.06,0.384,0.17
408,,0.394,0.87,0.686,0.98,0.516,0.05,0.374,0.16
409,,0.384,0.86,0.676,0.97,0.506,0.04,0.364,0.15
410,,0.374,0.85,0.666,0.96,0.496,0.03,0.354,0.14
411,,0.364,0.84,0.656,0.95,0.486,0.02,0.344,0.13
412,,0.354,0.83,0.646,0.94,0.476,0.01,0.334,0.12
413,,0.344,0.82,0.636,0.93,0.466,0.0,0.324,0.11
414,,0.334,0.81,0.626,0.92,0.456,-0.01,0.314,0.1
415,6,0.041,0.4,0.333,0.91,0.729,0.99,0.587,0.09
416,6,-0.252,-0.01,0.04,0.9,1.0,1.0,0.86,0.08
417,1,0.748,0.263,0.03,0.607,0.59,0.707,0.85,0.353
418,1,1.0,0.536,0.02,0.314,0.18,0.414,0.84,0.626
419,,0.99,0.526,0.01,0.304,0.17,0.404,0.83,0.616
420,,0.98,0.516,0.0,0.294,0.16,0.394,0.82,0.606
421,,0.97,0.506,-0.01,0.284,0.15,0.384,0.81,0.596
422,3,0.96,0.779,0.99,0.557,0.14,0.091,0.4,0.303
423,3,0.95,1.0,1.0,0.83,0.13,-0.202,-0.01,0.01
424,6,0.657,0.59,0.707,0.82,0.403,0.798,0.263,0.0
425,6,0.364,0.18,0.414,0.81,0.676,1.0,0.536,-0.01
426,8,0.637,0.17,0.121,0.4,0.383,0.99,0.809,0.99
427,8,0.91,0.16,-0.172,-0.01,0.09,0.98,1.0,1.0
428,3,0.9,0.433,0.828,0.263,0.08,0.687,0.59,0.707
429,3,0.89,0.706,1.0,0.536,0.07,0.394,0.18,0.414
430,,0.88,0.696,0.99,0.526,0.06,0.384,0.17,0.404
431,,0.87,0.686,0.98,0.516,0.05,0.374,0.16,0.394
432,,0.86,0.676,0.97,0.506,0.04,0.364,0.15,0.384
433,,0.85,0.666,0.96,0.496,0.03,0.354,0.14,0.374
434,,0.84,0.656,0.95,0.486,0.02,0.344,0.13,0.364
435,,0.83,0.646,0.94,0.476,0.01,0.334,0.12,0.354
436,,0.82,0.636,0.93,0.466,0.0,0.324,0.11,0.344
437,,0.81,0.626,0.92,0.456,-0.01,0.314,0.1,0.334
438,5,0.4,0.333,0.91,0.729,0.99,0.587,0.09,0.041
439,5,-0.01,0.04,0.9,1.0,1.0,0.86,0.08,-0.252
440,8,0.263,0.03,0.607,0.59,0.707,0.85,0.353,0.748
441,8,0.536,0.02,0.314,0.18,0.414,0.84,0.626,1.0
442,,0.526,0.01,0.304,0.17,0.404,0.83,0.616,0.99
443,,0.516,0.0,0.294,0.16,0.394,0.82,0.606,0.98
444,,0.506,-0.01,0.284,0.15,0.384,0.81,0.596,0.97
445,2,0.779,0.99,0.557,0.14,0.091,0.4,0.303,0.96
446,2,1.0,1.0,0.83,0.13,-0.202,-0.01,0.01,0.95
447,5,0.59,0.707,0.82,0.403,0.798,0.263,0.0,0.657
448,5,0.18,0.414,0.81,0.676,1.0,0.536,-0.01,0.364
449,7,0.17,0.121,0.4,0.383,0.99,0.809,0.99,0.637
450,7,0.16,-0.172,-0.01,0.09,0.98,1.0,1.0,0.91
451,2,0.433,0.828,0.263,0.08,0.687,0.59,0.707,0.9
452,2,0.706,1.0,0.536,0.07,0.394,0.18,0.414,0.89
453,,0.696,0.99,0.526,0.06,0.384,0.17,0.404,0.88
454,,0.686,0.98,0.516,0.05,0.374,0.16,0.394,0.87
455,,0.676,0.97,0.506,0.04,0.364,0.15,0.384,0.86
456,,0.666,0.96,0.496,0.03,0.354,0.14,0.374,0.85
457,,0.656,0.95,0.486,0.02,0.344,0.13,0.364,0.84
458,,0.646,0.94,0.476,0.01,0.334,0.12,0.354,0.83
459,,0.636,0.93,0.466,0.0,0.324,0.11,0.344,0.82
460,,0.626,0.92,0.456,-0.01,0.314,0.1,0.334,0.81
461,4,0.333,0.91,0.729,0.99,0.587,0.09,0.041,0.4
462,4,0.04,0.9,1.0,1.0,0.86,0.08,-0.252,-0.01
463,7,0.03,0.607,0.59,0.707,0.85,0.353,0.748,0.263
464,7,0.02,0.314,0.18,0.414,0.84,0.626,1.0,0.536
465,,0.01,0.304,0.17,0.404,0.83,0.616,0.99,0.526
466,,0.0,0.294,0.16,0.394,0.82,0.606,0.98,0.516
467,,-0.01,0.284,0.15,0.384,0.81,0.596,0.97,0.506
468,1,0.99,0.557,0.14,0.091,0.4,0.303,0.96,0.779
469,1,1.0,0.83,0.13,-0.202,-0.01,0.01,0.95,1.0
470,4,0.707,0.82,0.403,0.798,0.263,0.0,0.657,0.59
471,4,0.414,0.81,0.676,1.0,0.536,-0.01,0.364,0.18
472,6,0.121,0.4,0.383,0.99,0.809,0.99,0.637,0.17
473,6,-0.172,-0.01,0.09,0.98,1.0,1.0,0.91,0.16
474,1,0.828,0.263,0.08,0.687,0.59,0.707,0.9,0.433
475,1,1.0,0.536,0.07,0.394,0.18,0.414,0.89,0.706
476,,0.99,0.526,0.06,0.384,0.17,0.404,0.88,0.696
477,,0.98,0.516,0.05,0.374,0.16,0.394,0.87,0.686
478,,0.97,0.506,0.04,0.364,0.15,0.384,0.86,0.676
479,,0.96,0.496,0.03,0.354,0.14,0.374,0.85,0.666
480,,0.95,0.486,0.02,0.344,0.13,0.364,0.84,0.656
481,,0.94,0.476,0.01,0.334,0.12,0.354,0.83,0.646
482,,0.93,0.466,0.0,0.324,0.11,0.344,0.82,0.636
483,,0.92,0.456,-0.01,0.314,0.1,0.334,0.81,0.626
484,3,0.91,0.729,0.99,0.587,0.09,0.041,0.4,0.333
485,3,0.9,1.0,1.0,0.86,0.08,-0.252,-0.01,0.04
486,6,0.607,0.59,0.707,0.85,0.353,0.748,0.263,0.03
487,6,0.314,0.18,0.414,0.84,0.626,1.0,0.536,0.02
488,,0.304,0.17,0.404,0.83,0.616,0.99,0.526,0.01
489,,0.294,0.16,0.394,0.82,0.606,0.98,0.516,0.0
490,,0.284,0.15,0.384,0.81,0.596,0.97,0.506,-0.01
491,8,0.557,0.14,0.091,0.4,0.303,0.96,0.779,0.99
492,8,0.83,0.13,-0.202,-0.01,0.01,0.95,1.0,1.0
493,3,0.82,0.403,0.798,0.263,0.0,0.657,0.59,0.707
494,3,0.81,0.676,1.0,0.536,-0.01,0.364,0.18,0.414
495,5,0.4,0.383,0.99,0.809,0.99,0.637,0.17,0.121
496,5,-0.01,0.09,0.98,1.0,1.0,0.91,0.16,-0.172
497,8,0.263,0.08,0.687,0.59,0.707,0.9,0.433,0.828
498,8,0.536,0.07,0.394,0.18,0.414,0.89,0.706,1.0
499,,0.526,0.06,0.384,0.17,0.404,0.88,0.696,0.99
500,,0.516,0.05,0.374,0.16,0.394,0.87,0.686,0.98
501,,0.506,0.04,0.364,0.15,0.384,0.86,0.676,0.97
502,,0.496,0.03,0.354,0.14,0.374,0.85,0.666,0.96
503,,0.486,0.02,0.344,0.13,0.364,0.84,0.656,0.95
504,,0.476,0.01,0.334,0.12,0.354,0.83,0.646,0.94
505,,0.466,0.0,0.324,0.11,0.344,0.82,0.636,0.93
506,,0.456,-0.01,0.314,0.1,0.334,0.81,0.626,0.92
507,2,0.729,0.99,0.587,0.09,0.041,0.4,0.333,0.91
508,2,1.0,1.0,0.86,0.08,-0.252,-0.01,0.04,0.9
509,5,0.59,0.707,0.85,0.353,0.748,0.263,0.03,0.607
510,5,0.18,0.414,0.84,0.626,1.0,0.536,0.02,0.314
511,,0.17,0.404,0.83,0.616,0.99,0.526,0.01,0.304
512,,0.16,0.394,0.82,0.606,0.98,0.516,0.0,0.294
513,,0.15,0.384,0.81,0.596,0.97,0.506,-0.01,0.284
514,7,0.14,0.091,0.4,0.303,0.96,0.779,0.99,0.557
515,7,0.13,-0.202,-0.01,0.01,0.95,1.0,1.0,0.83
516,2,0.403,0.798,0.263,0.0,0.657,0.59,0.707,0.82
517,2,0.676,1.0,0.536,-0.01,0.364,0.18,0.414,0.81
518,4,0.383,0.99,0.809,0.99,0.637,0.17,0.121,0.4
519,4,0.09,0.98,1.0,1.0,0.91,0.16,-0.172,-0.01
520,7,0.08,0.687,0.59,0.707,0.9,0.433,0.828,0.263
521,7,0.07,0.394,0.18,0.414,0.89,0.706,1.0,0.536
522,,0.06,0.384,0.17,0.404,0.88,0.696,0.99,0.526
523,,0.05,0.374,0.16,0.394,0.87,0.686,0.98,0.516
524,,0.04,0.364,0.15,0.384,0.86,0.676,0.97,0.506
525,,0.03,0.354,0.14,0.374,0.85,0.666,0.96,0.496
526,,0.02,0.344,0.13,0.364,0.84,0.656,0.95,0.486
527,,0.01,0.334,0.12,0.354,0.83,0.646,0.94,0.476
528,,0.0,0.324,0.11,0.344,0.82,0.636,0.93,0.466
529,,-0.01,0.314,0.1,0.334,0.81,0.626,0.92,0.456
530,1,0.99,0.587,0.09,0.041,0.4,0.333,0.91,0.729
531,1,1.0,0.86,0.08,-0.252,-0.01,0.04,0.9,1.0
532,4,0.707,0.85,0.353,0.748,0.263,0.03,0.607,0.59
533,4,0.414,0.84,0.626,1.0,0.536,0.02,0.314,0.18
534,,0.404,0.83,0.616,0.99,0.526,0.01,0.304,0.17
535,,0.394,0.82,0.606,0.98,0.516,0.0,0.294,0.16
536,,0.384,0.81,0.596,0.97,0.506,-0.01,0.284,0.15
537,6,0.091,0.4,0.303,0.96,0.779,0.99,0.557,0.14
538,6,-0.202,-0.01,0.01,0.95,1.0,1.0,0.83,0.13
539,1,0.798,0.263,0.0,0.657,0.59,0.707,0.82,0.403
540,1,1.0,0.536,-0.01,0.364,0.18,0.414,0.81,0.676
541,3,0.99,0.809,0.99,0.637,0.17,0.121,0.4,0.383
542,3,0.98,1.0,1.0,0.91,0.16,-0.172,-0.01,0.09
543,6,0.687,0.59,0.707,0.9,0.433,0.828,0.263,0.08
544,6,0.394,0.18,0.414,0.89,0.706,1.0,0.536,0.07
545,,0.384,0.17,0.404,0.88,0.696,0.99,0.526,0.06
546,,0.374,0.16,0.394,0.87,0.686,0.98,0.516,0.05
547,,0.364,0.15,0.384,0.86,0.676,0.97,0.506,0.04
548,,0.354,0.14,0.374,0.85,0.666,0.96,0.496,0.03
549,,0.344,0.13,0.364,0.84,0.656,0.95,0.486,0.02
550,,0.334,0.12,0.354,0.83,0.646,0.94,0.476,0.01
551,,0.324,0.11,0.344,0.82,0.636,0.93,0.466,0.0
552,,0.314,0.1,0.334,0.81,0.626,0.92,0.456,-0.01
553,8,0.587,0.09,0.041,0.4,0.333,0.91,0.729,0.99
554,8,0.86,0.08,-0.252,-0.01,0.04,0.9,1.0,1.0
555,3,0.85,0.353,0.748,0.263,0.03,0.607,0.59,0.707
556,3,0.84,0.626,1.0,0.536,0.02,0.314,0.18,0.414
557,,0.83,0.616,0.99,0.526,0.01,0.304,0.17,0.404
558,,0.82,0.606,0.98,0.516,0.0,0.294,0.16,0.394
559,,0.81,0.596,0.97,0.506,-0.01,0.284,0.15,0.384
560,5,0.4,0.303,0.96,0.779,0.99,0.557,0.14,0.091
561,5,-0.01,0.01,0.95,1.0,1.0,0.83,0.13,-0.202
562,8,0.263,0.0,0.657,0.59,0.707,0.82,0.403,0.798
563,8,0.536,-0.01,0.364,0.18,0.414,0.81,0.676,1.0
564,2,0.809,0.99,0.637,0.17,0.121,0.4,0.383,0.99
565,2,1.0,1.0,0.91,0.16,-0.172,-0.01,0.09,0.98
566,5,0.59,0.707,0.9,0.433,0.828,0.263,0.08,0.687
567,5,0.18,0.414,0.89,0.706,1.0,0.536,0.07,0.394
568,,0.17,0.404,0.88,0.696,0.99,0.526,0.06,0.384
569,,0.16,0.394,0.87,0.686,0.98,0.516,0.05,0.374
570,,0.15,0.384,0.86,0.676,0.97,0.506,0.04,0.364
571,,0.14,0.374,0.85,0.666,0.96,0.496,0.03,0.354
572,,0.13,0.364,0.84,0.656,0.95,0.486,0.02,0.344
573,,0.12,0.354,0.83,0.646,0.94,0.476,0.01,0.334
574,,0.11,0.344,0.82,0.636,0.93,0.466,0.0,0.324
575,,0.1,0.334,0.81,0.626,0.92,0.456,-0.01,0.314
576,7,0.09,0.041,0.4,0.333,0.91,0.729,0.99,0.587
577,7,0.08,-0.252,-0.01,0.04,0.9,1.0,1.0,0.86
578,2,0.353,0.748,0.263,0.03,0.607,0.59,0.707,0.85
579,2,0.626,1.0,0.536,0.02,0.314,0.18,0.414,0.84
580,,0.616,0.99,0.526,0.01,0.304,0.17,0.404,0.83
581,,0.606,0.98,0.516,0.0,0.294,0.16,0.394,0.82
582,,0.596,0.97,0.506,-0.01,0.284,0.15,0.384,0.81
583,4,0.303,0.96,0.779,0.99,0.557,0.14,0.091,0.4
584,4,0.01,0.95,1.0,1.0,0.83,0.13,-0.202,-0.01
585,7,0.0,0.657,0.59,0.707,0.82,0.403,0.798,0.263
586,7,-0.01,0.364,0.18,0.414,0.81,0.676,1.0,0.536
587,1,0.99,0.637,0.17,0.121,0.4,0.383,0.99,0.809
588,1,1.0,0.91,0.16,-0.172,-0.01,0.09,0.98,1.0
589,4,0.707,0.9,0.433,0.828,0.263,0.08,0.687,0.59
590,4,0.414,0.89,0.706,1.0,0.536,0.07,0.394,0.18
591,,0.404,0.88,0.696,0.99,0.526,0.06,0.384,0.17
592,,0.394,0.87,0.686,0.98,0.516,0.05,0.374,0.16
593,,0.384,0.86,0.676,0.97,0.506,0.04,0.364,0.15
594,,0.374,0.85,0.666,0.96,0.496,0.03,0.354,0.14
595,,0.364,0.84,0.656,0.95,0.486,0.02,0.344,0.13
596,,0.354,0.83,0.646,0.94,0.476,0.01,0.334,0.12
597,,0.344,0.82,0.636,0.93,0.466,0.0,0.324,0.11
598,,0.334,0.81,0.626,0.92,0.456,-0.01,0.314,0.1
599,6,0.041,0.4,0.333,0.91,0.729,0.99,0.587,0.09
600,6,-0.252,-0.01,0.04,0.9,1.0,1.0,0.86,0.08
601,1,0.748,0.263,0.03,0.607,0.59,0.707,0.85,0.353
602,1,1.0,0.536,0.02,0.314,0.18,0.414,0.84,0.626
603,,0.99,0.526,0.01,0.304,0.17,0.404,0.83,0.616
604,,0.98,0.516,0.0,0.294,0.16,0.394,0.82,0.606
605,,0.97,0.506,-0.01,0.284,0.15,0.384,0.81,0.596
606,3,0.96,0.779,0.99,0.557,0.14,0.091,0.4,0.303
607,3,0.95,1.0,1.0,0.83,0.13,-0.202,-0.01,0.01
608,6,0.657,0.59,0.707,0.82,0.403,0.798,0.263,0.0
609,6,0.364,0.18,0.414,0.81,0.676,1.0,0.536,-0.01
610,8,0.637,0.17,0.121,0.4,0.383,0.99,0.809,0.99
611,8,0.91,0.16,-0.172,-0.01,0.09,0.98,1.0,1.0
612,3,0.9,0.433,0.828,0.263,0.08,0.687,0.59,0.707
613,3,0.89,0.706,1.0,0.536,0.07,0.394,0.18,0.414
614,,0.88,0.696,0.99,0.526,0.06,0.384,0.17,0.404
615,,0.87,0.686,0.98,0.516,0.05,0.374,0.16,0.394
616,,0.86,0.676,0.97,0.506,0.04,0.364,0.15,0.384
617,,0.85,0.666,0.96,0.496,0.03,0.354,0.14,0.374
618,,0.84,0.656,0.95,0.486,0.02,0.344,0.13,0.364
619,,0.83,0.646,0.94,0.476,0.01,0.334,0.12,0.354
620,,0.82,0.636,0.93,0.466,0.0,0.324,0.11,0.344
621,,0.81,0.626,0.92,0.456,-0.01,0.314,0.1,0.334
622,5,0.4,0.333,0.91,0.729,0.99,0.587,0.09,0.041
623,5,-0.01,0.04,0.9,1.0,1.0,0.86,0.08,-0.252
624,8,0.263,0.03,0.607,0.59,0.707,0.85,0.353,0.748
625,8,0.536,0.02,0.314,0.18,0.414,0.84,0.626,1.0
626,,0.526,0.01,0.304,0.17,0.404,0.83,0.616,0.99
627,,0.516,0.0,0.294,0.16,0.394,0.82,0.606,0.98
628,,0.506,-0.01,0.284,0.15,0.384,0.81,0.596,0.97
629,2,0.779,0.99,0.557,0.14,0.091,0.4,0.303,0.96
630,2,1.0,1.0,0.83,0.13,-0.202,-0.01,0.01,0.95
631,5,0.59,0.707,0.82,0.403,0.798,0.263,0.0,0.657
632,5,0.18,0.414,0.81,0.676,1.0,0.536,-0.01,0.364
633,7,0.17,0.121,0.4,0.383,0.99,0.809,0.99,0.637
634,7,0.16,-0.172,-0.01,0.09,0.98,1.0,1.0,0.91
635,2,0.433,0.828,0.263,0.08,0.687,0.59,0.707,0.9
636,2,0.706,1.0,0.536,0.07,0.394,0.18,0.414,0.89
637,,0.696,0.99,0.526,0.06,0.384,0.17,0.404,0.88
638,,0.686,0.98,0.516,0.05,0.374,0.16,0.394,0.87
639,,0.676,0.97,0.506,0.04,0.364,0.15,0.384,0.86
640,,0.666,0.96,0.496,0.03,0.354,0.14,0.374,0.85
641,,0.656,0.95,0.486,0.02,0.344,0.13,0.364,0.84
642,,0.646,0.94,0.476,0.01,0.334,0.12,0.354,0.83
643,,0.636,0.93,0.466,0.0,0.324,0.11,0.344,0.82
644,,0.626,0.92,0.456,-0.01,0.314,0.1,0.334,0.81
645,4,0.333,0.91,0.729,0.99,0.587,0.09,0.041,0.4
646,4,0.04,0.9,1.0,1.0,0.86,0.08,-0.252,-0.01
647,7,0.03,0.607,0.59,0.707,0.85,0.353,0.748,0.263
648,7,0.02,0.314,0.18,0.414,0.84,0.626,1.0,0.536
649,,0.01,0.304,0.17,0.404,0.83,0.616,0.99,0.526
650,,0.0,0.294,0.16,0.394,0.82,0.606,0.98,0.516
651,,-0.01,0.284,0.15,0.384,0.81,0.596,0.97,0.506
652,1,0.99,0.557,0.14,0.091,0.4,0.303,0.96,0.779
653,1,1.0,0.83,0.13,-0.202,-0.01,0.01,0.95,1.0
654,4,0.707,0.82,0.403,0.798,0.263,0.0,0.657,0.59
655,4,0.414,0.81,0.676,1.0,0.536,-0.01,0.364,0.18
656,6,0.121,0.4,0.383,0.99,0.809,0.99,0.637,0.17
657,6,-0.172,-0.01,0.09,0.98,1.0,1.0,0.91,0.16
658,1,0.828,0.263,0.08,0.687,0.59,0.707,0.9,0.433
659,1,1.0,0.536,0.07,0.394,0.18,0.414,0.89,0.706
660,,0.99,0.526,0.06,0.384,0.17,0.404,0.88,0.696
661,,0.98,0.516,0.05,0.374,0.16,0.394,0.87,0.686
662,,0.97,0.506,0.04,0.364,0.15,0.384,0.86,0.676
663,,0.96,0.496,0.03,0.354,0.14,0.374,0.85,0.666
664,,0.95,0.486,0.02,0.344,0.13,0.364,0.84,0.656
665,,0.94,0.476,0.01,0.334,0.12,0.354,0.83,0.646
666,,0.93,0.466,0.0,0.324,0.11,0.344,0.82,0.636
667,,0.92,0.456,-0.01,0.314,0.1,0.334,0.81,0.626
668,3,0.91,0.729,0.99,0.587,0.09,0.041,0.4,0.333
669,3,0.9,1.0,1.0,0.86,0.08,-0.252,-0.01,0.04
670,6,0.607,0.59,0.707,0.85,0.353,0.748,0.263,0.03
671,6,0.314,0.18,0.414,0.84,0.626,1.0,0.536,0.02
672,,0.304,0.17,0.404,0.83,0.616,0.99,0.526,0.01
673,,0.294,0.16,0.394,0.82,0.606,0.98,0.516,0.0
674,,0.284,0.15,0.384,0.81,0.596,0.97,0.506,-0.01
675,8,0.557,0.14,0.091,0.4,0.303,0.96,0.779,0.99
676,8,0.83,0.13,-0.202,-0.01,0.01,0.95,1.0,1.0
677,3,0.82,0.403,0.798,0.263,0.0,0.657,0.59,0.707
678,3,0.81,0.676,1.0,0.536,-0.01,0.364,0.18,0.414
679,5,0.4,0.383,0.99,0.809,0.99,0.637,0.17,0.121
680,5,-0.01,0.09,0.98,1.0,1.0,0.91,0.16,-0.172
681,8,0.263,0.08,0.687,0.59,0.707,0.9,0.433,0.828
682,8,0.536,0.07,0.394,0.18,0.414,0.89,0.706,1.0
683,,0.526,0.06,0.384,0.17,0.404,0.88,0.696,0.99
684,,0.516,0.05,0.374,0.16,0.394,0.87,0.686,0.98
685,,0.506,0.04,0.364,0.15,0.384,0.86,0.676,0.97
686,,0.496,0.03,0.354,0.14,0.374,0.85,0.666,0.96
687,,0.486,0.02,0.344,0.13,0.364,0.84,0.656,0.95
688,,0.476,0.01,0.334,0.12,0.354,0.83,0.646,0.94
689,,0.466,0.0,0.324,0.11,0.344,0.82,0.636,0.93
690,,0.456,-0.01,0.314,0.1,0.334,0.81,0.626,0.92
691,2,0.729,0.99,0.587,0.09,0.041,0.4,0.333,0.91
692,2,1.0,1.0,0.86,0.08,-0.252,-0.01,0.04,0.9
693,5,0.59,0.707,0.85,0.353,0.748,0.263,0.03,0.607
694,5,0.18,0.414,0.84,0.626,1.0,0.536,0.02,0.314
695,,0.17,0.404,0.83,0.616,0.99,0.526,0.01,0.304
696,,0.16,0.394,0.82,0.606,0.98,0.516,0.0,0.294
697,,0.15,0.384,0.81,0.596,0.97,0.506,-0.01,0.284
698,7,0.14,0.091,0.4,0.303,0.96,0.779,0.99,0.557
699,7,0.13,-0.202,-0.01,0.01,0.95,1.0,1.0,0.83
700,2,0.403,0.798,0.263,0.0,0.657,0.59,0.707,0.82
701,2,0.676,1.0,0.536,-0.01,0.364,0.18,0.414,0.81
702,4,0.383,0.99,0.809,0.99,0.637,0.17,0.121,0.4
703,4,0.09,0.98,1.0,1.0,0.91,0.16,-0.172,-0.01
704,7,0.08,0.687,0.59,0.707,0.9,0.433,0.828,0.263
705,7,0.07,0.394,0.18,0.414,0.89,0.706,1.0,0.536
706,,0.06,0.384,0.17,0.404,0.88,0.696,0.99,0.526
707,,0.05,0.374,0.16,0.394,0.87,0.686,0.98,0.516
708,,0.04,0.364,0.15,0.384,0.86,0.676,0.97,0.506
709,,0.03,0.354,0.14,0.374,0.85,0.666,0.96,0.496
710,,0.02,0.344,0.13,0.364,0.84,0.656,0.95,0.486
711,,0.01,0.334,0.12,0.354,0.83,0.646,0.94,0.476
712,,0.0,0.324,0.11,0.344,0.82,0.636,0.93,0.466
713,,-0.01,0.314,0.1,0.334,0.81,0.626,0.92,0.456
714,1,0.99,0.587,0.09,0.041,0.4,0.333,0.91,0.729
715,1,1.0,0.86,0.08,-0.252,-0.01,0.04,0.9,1.0
716,4,0.707,0.85,0.353,0.748,0.263,0.03,0.607,0.59
717,4,0.414,0.84,0.626,1.0,0.536,0.02,0.314,0.18
718,,0.404,0.83,0.616,0.99,0.526,0.01,0.304,0.17
719,,0.394,0.82,0.606,0.98,0.516,0.0,0.294,0.16
720,,0.384,0.81,0.596,0.97,0.506,-0.01,0.284,0.15
721,6,0.091,0.4,0.303,0.96,0.779,0.99,0.557,0.14
722,6,-0.202,-0.01,0.01,0.95,1.0,1.0,0.83,0.13
723,1,0.798,0.263,0.0,0.657,0.59,0.707,0.82,0.403
724,1,1.0,0.536,-0.01,0.364,0.18,0.414,0.81,0.676
725,3,0.99,0.809,0.99,0.637,0.17,0.121,0.4,0.383
726,3,0.98,1.0,1.0,0.91,0.16,-0.172,-0.01,0.09
727,6,0.687,0.59,0.707,0.9,0.433,0.828,0.263,0.08
728,6,0.394,0.18,0.414,0.89,0.706,1.0,0.536,0.07
729,,0.384,0.17,0.404,0.88,0.696,0.99,0.526,0.06
730,,0.374,0.16,0.394,0.87,0.686,0.98,0.516,0.05
731,,0.364,0.15,0.384,0.86,0.676,0.97,0.506,0.04
732,,0.354,0.14,0.374,0.85,0.666,0.96,0.496,0.03
733,,0.344,0.13,0.364,0.84,0.656,0.95,0.486,0.02
734,,0.334,0.12,0.354,0.83,0.646,0.94,0.476,0.01
735,,0.324,0.11,0.344,0.82,0.636,0.93,0.466,0.0
736,,0.314,0.1,0.334,0.81,0.626,0.92,0.456,-0.01
737,8,0.587,0.09,0.041,0.4,0.333,0.91,0.729,0.99
738,8,0.86,0.08,-0.252,-0.01,0.04,0.9,1.0,1.0
739,3,0.85,0.353,0.748,0.263,0.03,0.607,0.59,0.707
740,3,0.84,0.626,1.0,0.536,0.02,0.314,0.18,0.414
741,,0.83,0.616,0.99,0.526,0.01,0.304,0.17,0.404
742,,0.82,0.606,0.98,0.516,0.0,0.294,0.16,0.394
743,,0.81,0.596,0.97,0.506,-0.01,0.284,0.15,0.384
744,5,0.4,0.303,0.96,0.779,0.99,0.557,0.14,0.091
745,5,-0.01,0.01,0.95,1.0,1.0,0.83,0.13,-0.202
746,8,0.263,0.0,0.657,0.59,0.707,0.82,0.403,0.798
747,8,0.536,-0.01,0.364,0.18,0.414,0.81,0.676,1.0
748,2,0.809,0.99,0.637,0.17,0.121,0.4,0.383,0.99
749,2,1.0,1.0,0.91,0.16,-0.172,-0.01,0.09,0.98
750,5,0.59,0.707,0.9,0.433,0.828,0.263,0.08,0.687
751,5,0.18,0.414,0.89,0.706,1.0,0.536,0.07,0.394
752,,0.17,0.404,0.88,0.696,0.99,0.526,0.06,0.384
753,,0.16,0.394,0.87,0.686,0.98,0.516,0.05,0.374
754,,0.15,0.384,0.86,0.676,0.97,0.506,0.04,0.364
755,,0.14,0.374,0.85,0.666,0.96,0.496,0.03,0.354
756,,0.13,0.364,0.84,0.656,0.95,0.486,0.02,0.344
757,,0.12,0.354,0.83,0.646,0.94,0.476,0.01,0.334
758,,0.11,0.344,0.82,0.636,0.93,0.466,0.0,0.324
759,,0.1,0.334,0.81,0.626,0.92,0.456,-0.01,0.314
760,7,0.09,0.041,0.4,0.333,0.91,0.729,0.99,0.587
761,7,0.08,-0.252,-0.01,0.04,0.9,1.0,1.0,0.86
762,2,0.353,0.748,0.263,0.03,0.607,0.59,0.707,0.85
763,2,0.626,1.0,0.536,0.02,0.314,0.18,0.414,0.84
764,,0.616,0.99,0.526,0.01,0.304,0.17,0.404,0.83
765,,0.606,0.98,0.516,0.0,0.294,0.16,0.394,0.82
766,,0.596,0.97,0.506,-0.01,0.284,0.15,0.384,0.81
767,4,0.303,0.96,0.779,0.99,0.557,0.14,0.091,0.4
768,4,0.01,0.95,1.0,1.0,0.83,0.13,-0.202,-0.01
769,7,0.0,0.657,0.59,0.707,0.82,0.403,0.798,0.263
770,7,-0.01,0.364,0.18,0.414,0.81,0.676,1.0,0.536
771,1,0.99,0.637,0.17,0.121,0.4,0.383,0.99,0.809
772,1,1.0,0.91,0.16,-0.172,-0.01,0.09,0.98,1.0
773,4,0.707,0.9,0.433,0.828,0.263,0.08,0.687,0.59
774,4,0.414,0.89,0.706,1.0,0.536,0.07,0.394,0.18
775,,0.404,0.88,0.696,0.99,0.526,0.06,0.384,0.17
776,,0.394,0.87,0.686,0.98,0.516,0.05,0.374,0.16
777,,0.384,0.86,0.676,0.97,0.506,0.04,0.364,0.15
778,,0.374,0.85,0.666,0.96,0.496,0.03,0.354,0.14
779,,0.364,0.84,0.656,0.95,0.486,0.02,0.344,0.13
780,,0.354,0.83,0.646,0.94,0.476,0.01,0.334,0.12
781,,0.344,0.82,0.636,0.93,0.466,0.0,0.324,0.11
782,,0.334,0.81,0.626,0.92,0.456,-0.01,0.314,0.1
783,6,0.041,0.4,0.333,0.91,0.729,0.99,0.587,0.09
784,6,-0.252,-0.01,0.04,0.9,1.0,1.0,0.86,0.08
785,1,0.748,0.263,0.03,0.607,0.59,0.707,0.85,0.353
786,1,1.0,0.536,0.02,0.314,0.18,0.414,0.84,0.626
787,,0.99,0.526,0.01,0.304,0.17,0.404,0.83,0.616
788,,0.98,0.516,0.0,0.294,0.16,0.394,0.82,0.606
789,,0.97,0.506,-0.01,0.284,0.15,0.384,0.81,0.596
790,3,0.96,0.779,0.99,0.557,0.14,0.091,0.4,0.303
791,3,0.95,1.0,1.0,0.83,0.13,-0.202,-0.01,0.01
792,6,0.657,0.59,0.707,0.82,0.403,0.798,0.263,0.0
793,6,0.364,0.18,0.414,0.81,0.676,1.0,0.536,-0.01
794,8,0.637,0.17,0.121,0.4,0.383,0.99,0.809,0.99
795,8,0.91,0.16,-0.172,-0.01,0.09,0.98,1.0,1.0
796,3,0.9,0.433,0.828,0.263,0.08,0.687,0.59,0.707
797,3,0.89,0.706,1.0,0.536,0.07,0.394,0.18,0.414
798,,0.88,0.696,0.99,0.526,0.06,0.384,0.17,0.404
799,,0.87,0.686,0.98,0.516,0.05,0.374,0.16,0.394
800,,0.86,0.676,0.97,0.506,0.04,0.364,0.15,0.384
801,,0.85,0.666,0.96,0.496,0.03,0.354,0.14,0.374
802,,0.84,0.656,0.95,0.486,0.02,0.344,0.13,0.364
803,,0.83,0.646,0.94,0.476,0.01,0.334,0.12,0.354
804,,0.82,0.636,0.93,0.466,0.0,0.324,0.11,0.344
805,,0.81,0.626,0.92,0.456,-0.01,0.314,0.1,0.334
806,5,0.4,0.333,0.91,0.729,0.99,0.587,0.09,0.041
807,5,-0.01,0.04,0.9,1.0,1.0,0.86,0.08,-0.252
808,8,0.263,0.03,0.607,0.59,0.707,0.85,0.353,0.748
