step,active_motive,motive_1,motive_2,motive_3,motive_4,motive_5,motive_6,motive_7,motive_8
0,,0.04992,0.0572,0.07686,0.00436,0.09946,0.04699,0.02796,0.08835
1,,0.03992,0.0472,0.06686,-0.00564,0.08946,0.03699,0.01796,0.07835
2,4,-0.25308,0.0372,0.33986,0.99436,0.36246,0.02699,-0.27504,-0.33165
3,4,-0.54608,0.0272,0.61286,1.0,0.63546,0.01699,-0.56804,-0.74165
4,8,-0.27308,0.0172,0.31986,0.59,0.34246,0.00699,-0.29504,0.25835
5,8,-8e-05,0.0072,0.02686,0.18,0.04946,-0.00301,-0.02204,1.0
6,7,-0.01008,-0.2858,-0.38314,-0.113,0.03946,0.26999,0.97796,1.0
7,7,-0.02008,-0.5788,-0.79314,-0.406,0.02946,0.54299,1.0,1.0
8,3,-0.03008,-0.3058,0.20686,-0.133,0.01946,0.24999,0.59,0.707
9,3,-0.04008,-0.0328,1.0,0.14,0.00946,-0.04301,0.18,0.414
10,6,-0.33308,-0.4428,0.707,0.13,0.28246,0.95699,0.453,0.404
11,6,-0.62608,-0.8528,0.414,0.12,0.55546,1.0,0.726,0.394
12,2,-0.35308,0.1472,0.687,0.11,0.26246,0.59,0.433,0.384
13,2,-0.08008,1.0,0.96,0.1,-0.03054,0.18,0.14,0.374
14,1,0.91992,1.0,0.95,-0.193,-0.44054,-0.113,0.13,0.647
15,1,1.0,1.0,0.94,-0.486,-0.85054,-0.406,0.12,0.92
16,5,0.59,0.707,0.93,-0.213,0.14946,-0.133,0.11,0.627
17,5,0.18,0.414,0.92,0.06,1.0,0.14,0.1,0.334
18,,0.17,0.404,0.91,0.05,0.99,0.13,0.09,0.324
19,,0.16,0.394,0.9,0.04,0.98,0.12,0.08,0.314
20,,0.15,0.384,0.89,0.03,0.97,0.11,0.07,0.304
21,,0.14,0.374,0.88,0.02,0.96,0.1,0.06,0.294
22,,0.13,0.364,0.87,0.01,0.95,0.09,0.05,0.284
23,,0.12,0.354,0.86,0.0,0.94,0.08,0.04,0.274
24,,0.11,0.344,0.85,-0.01,0.93,0.07,0.03,0.264
25,4,-0.183,0.334,1.0,0.99,1.0,0.06,-0.263,-0.146
26,4,-0.476,0.324,1.0,1.0,1.0,0.05,-0.556,-0.556
27,8,-0.203,0.314,0.707,0.59,0.707,0.04,-0.283,0.444
28,8,0.07,0.304,0.414,0.18,0.414,0.03,-0.01,1.0
29,7,0.06,0.011,0.004,-0.113,0.404,0.303,0.99,1.0
30,7,0.05,-0.282,-0.406,-0.406,0.394,0.576,1.0,1.0
31,3,0.04,-0.009,0.594,-0.133,0.384,0.283,0.59,0.707
32,3,0.03,0.264,1.0,0.14,0.374,-0.01,0.18,0.414
33,6,-0.263,-0.146,0.707,0.13,0.647,0.99,0.453,0.404
34,6,-0.556,-0.556,0.414,0.12,0.92,1.0,0.726,0.394
35,1,0.444,-0.283,0.404,-0.173,0.51,0.707,0.716,0.667
36,1,1.0,-0.01,0.394,-0.466,0.1,0.414,0.706,0.94
37,4,0.707,-0.02,0.667,0.534,0.373,0.404,0.413,0.53
38,4,0.414,-0.03,0.94,1.0,0.646,0.394,0.12,0.12
39,2,0.687,0.97,1.0,0.99,0.353,-0.016,-0.173,0.11
40,2,0.96,1.0,1.0,0.98,0.06,-0.426,-0.466,0.1
41,7,0.95,0.707,0.59,0.687,0.05,-0.153,0.534,0.373
42,7,0.94,0.414,0.18,0.394,0.04,0.12,1.0,0.646
43,,0.93,0.404,0.17,0.384,0.03,0.11,0.99,0.636
44,,0.92,0.394,0.16,0.374,0.02,0.1,0.98,0.626
45,,0.91,0.384,0.15,0.364,0.01,0.09,0.97,0.616
46,,0.9,0.374,0.14,0.354,0.0,0.08,0.96,0.606
47,,0.89,0.364,0.13,0.344,-0.01,0.07,0.95,0.596
48,5,0.48,0.071,0.12,0.617,0.99,0.343,0.94,0.303
49,5,0.07,-0.222,0.11,0.89,1.0,0.616,0.93,0.01
50,2,0.343,0.778,0.383,0.88,0.707,0.206,0.637,0.0
51,2,0.616,1.0,0.656,0.87,0.414,-0.204,0.344,-0.01
52,6,0.323,0.59,0.363,0.86,0.687,0.796,0.617,-0.02
53,6,0.03,0.18,0.07,0.85,0.96,1.0,0.89,-0.03
54,8,0.303,0.17,-0.223,0.44,0.667,0.99,1.0,0.97
55,8,0.576,0.16,-0.516,0.03,0.374,0.98,1.0,1.0
56,3,0.566,0.433,0.484,0.303,0.364,0.687,0.59,0.707
57,3,0.556,0.706,1.0,0.576,0.354,0.394,0.18,0.414
58,,0.546,0.696,0.99,0.566,0.344,0.384,0.17,0.404
59,,0.536,0.686,0.98,0.556,0.334,0.374,0.16,0.394
60,,0.526,0.676,0.97,0.546,0.324,0.364,0.15,0.384
61,,0.516,0.666,0.96,0.536,0.314,0.354,0.14,0.374
62,,0.506,0.656,0.95,0.526,0.304,0.344,0.13,0.364
63,,0.496,0.646,0.94,0.516,0.294,0.334,0.12,0.354
64,,0.486,0.636,0.93,0.506,0.284,0.324,0.11,0.344
65,,0.476,0.626,0.92,0.496,0.274,0.314,0.1,0.334
66,,0.466,0.616,0.91,0.486,0.264,0.304,0.09,0.324
67,,0.456,0.606,0.9,0.476,0.254,0.294,0.08,0.314
68,,0.446,0.596,0.89,0.466,0.244,0.284,0.07,0.304
69,,0.436,0.586,0.88,0.456,0.234,0.274,0.06,0.294
70,,0.426,0.576,0.87,0.446,0.224,0.264,0.05,0.284
71,,0.416,0.566,0.86,0.436,0.214,0.254,0.04,0.274
72,,0.406,0.556,0.85,0.426,0.204,0.244,0.03,0.264
73,,0.396,0.546,0.84,0.416,0.194,0.234,0.02,0.254
74,,0.386,0.536,0.83,0.406,0.184,0.224,0.01,0.244
75,,0.376,0.526,0.82,0.396,0.174,0.214,0.0,0.234
76,,0.366,0.516,0.81,0.386,0.164,0.204,-0.01,0.224
77,7,0.356,0.223,0.4,0.093,0.154,0.477,0.99,0.497
78,7,0.346,-0.07,-0.01,-0.2,0.144,0.75,1.0,0.77
79,4,0.053,-0.08,0.263,0.8,0.417,0.74,0.707,0.36
80,4,-0.24,-0.09,0.536,1.0,0.69,0.73,0.414,-0.05
81,1,0.76,0.183,0.526,0.707,0.28,0.437,0.404,0.223
82,1,1.0,0.456,0.516,0.414,-0.13,0.144,0.394,0.496
83,5,0.59,0.163,0.506,0.687,0.87,0.417,0.384,0.203
84,5,0.18,-0.13,0.496,0.96,1.0,0.69,0.374,-0.09
85,2,0.453,0.87,0.769,0.95,0.707,0.28,0.081,-0.1
86,2,0.726,1.0,1.0,0.94,0.414,-0.13,-0.212,-0.11
87,7,0.716,0.707,0.59,0.647,0.404,0.143,0.788,0.163
88,7,0.706,0.414,0.18,0.354,0.394,0.416,1.0,0.436
89,,0.696,0.404,0.17,0.344,0.384,0.406,0.99,0.426
90,,0.686,0.394,0.16,0.334,0.374,0.396,0.98,0.416
91,,0.676,0.384,0.15,0.324,0.364,0.386,0.97,0.406
92,,0.666,0.374,0.14,0.314,0.354,0.376,0.96,0.396
93,,0.656,0.364,0.13,0.304,0.344,0.366,0.95,0.386
94,,0.646,0.354,0.12,0.294,0.334,0.356,0.94,0.376
95,,0.636,0.344,0.11,0.284,0.324,0.346,0.93,0.366
96,,0.626,0.334,0.1,0.274,0.314,0.336,0.92,0.356
97,,0.616,0.324,0.09,0.264,0.304,0.326,0.91,0.346
98,,0.606,0.314,0.08,0.254,0.294,0.316,0.9,0.336
99,,0.596,0.304,0.07,0.244,0.284,0.306,0.89,0.326
100,,0.586,0.294,0.06,0.234,0.274,0.296,0.88,0.316
101,,0.576,0.284,0.05,0.224,0.264,0.286,0.87,0.306
102,,0.566,0.274,0.04,0.214,0.254,0.276,0.86,0.296
103,,0.556,0.264,0.03,0.204,0.244,0.266,0.85,0.286
104,,0.546,0.254,0.02,0.194,0.234,0.256,0.84,0.276
105,,0.536,0.244,0.01,0.184,0.224,0.246,0.83,0.266
106,,0.526,0.234,0.0,0.174,0.214,0.236,0.82,0.256
107,,0.516,0.224,-0.01,0.164,0.204,0.226,0.81,0.246
108,3,0.506,0.497,0.99,0.437,0.194,-0.067,0.4,-0.047
109,3,0.496,0.77,1.0,0.71,0.184,-0.36,-0.01,-0.34
110,6,0.203,0.36,0.707,0.7,0.457,0.64,0.263,-0.35
111,6,-0.09,-0.05,0.414,0.69,0.73,1.0,0.536,-0.36
112,8,0.183,-0.06,0.121,0.28,0.437,0.99,0.809,0.64
113,8,0.456,-0.07,-0.172,-0.13,0.144,0.98,1.0,1.0
114,3,0.446,0.203,0.828,0.143,0.134,0.687,0.59,0.707
115,3,0.436,0.476,1.0,0.416,0.124,0.394,0.18,0.414
116,,0.426,0.466,0.99,0.406,0.114,0.384,0.17,0.404
117,,0.416,0.456,0.98,0.396,0.104,0.374,0.16,0.394
118,,0.406,0.446,0.97,0.386,0.094,0.364,0.15,0.384
119,,0.396,0.436,0.96,0.376,0.084,0.354,0.14,0.374
120,,0.386,0.426,0.95,0.366,0.074,0.344,0.13,0.364
121,,0.376,0.416,0.94,0.356,0.064,0.334,0.12,0.354
122,,0.366,0.406,0.93,0.346,0.054,0.324,0.11,0.344
123,,0.356,0.396,0.92,0.336,0.044,0.314,0.1,0.334
124,,0.346,0.386,0.91,0.326,0.034,0.304,0.09,0.324
125,,0.336,0.376,0.9,0.316,0.024,0.294,0.08,0.314
126,,0.326,0.366,0.89,0.306,0.014,0.284,0.07,0.304
127,,0.316,0.356,0.88,0.296,0.004,0.274,0.06,0.294
128,,0.306,0.346,0.87,0.286,-0.006,0.264,0.05,0.284
129,5,-0.104,0.053,0.86,0.559,0.994,0.537,0.04,-0.009
130,5,-0.514,-0.24,0.85,0.832,1.0,0.81,0.03,-0.302
131,1,0.486,0.033,0.84,0.539,0.59,0.517,0.02,-0.029
132,1,1.0,0.306,0.83,0.246,0.18,0.224,0.01,0.244
133,,0.99,0.296,0.82,0.236,0.17,0.214,0.0,0.234
134,,0.98,0.286,0.81,0.226,0.16,0.204,-0.01,0.224
135,7,0.97,-0.007,0.4,-0.067,0.15,0.477,0.99,0.497
136,7,0.96,-0.3,-0.01,-0.36,0.14,0.75,1.0,0.77
137,4,0.667,-0.31,0.263,0.64,0.413,0.74,0.707,0.36
138,4,0.374,-0.32,0.536,1.0,0.686,0.73,0.414,-0.05
139,2,0.647,0.68,0.809,0.99,0.393,0.32,0.121,-0.06
140,2,0.92,1.0,1.0,0.98,0.1,-0.09,-0.172,-0.07
141,7,0.91,0.707,0.59,0.687,0.09,0.183,0.828,0.203
142,7,0.9,0.414,0.18,0.394,0.08,0.456,1.0,0.476
143,,0.89,0.404,0.17,0.384,0.07,0.446,0.99,0.466
144,,0.88,0.394,0.16,0.374,0.06,0.436,0.98,0.456
145,,0.87,0.384,0.15,0.364,0.05,0.426,0.97,0.446
146,,0.86,0.374,0.14,0.354,0.04,0.416,0.96,0.436
147,,0.85,0.364,0.13,0.344,0.03,0.406,0.95,0.426
148,,0.84,0.354,0.12,0.334,0.02,0.396,0.94,0.416
149,,0.83,0.344,0.11,0.324,0.01,0.386,0.93,0.406
150,,0.82,0.334,0.1,0.314,0.0,0.376,0.92,0.396
151,,0.81,0.324,0.09,0.304,-0.01,0.366,0.91,0.386
152,5,0.4,0.031,0.08,0.577,0.99,0.639,0.9,0.093
153,5,-0.01,-0.262,0.07,0.85,1.0,0.912,0.89,-0.2
154,2,0.263,0.738,0.343,0.84,0.707,0.502,0.597,-0.21
155,2,0.536,1.0,0.616,0.83,0.414,0.092,0.304,-0.22
156,8,0.809,0.99,0.323,0.42,0.121,0.082,0.577,0.78
157,8,1.0,0.98,0.03,0.01,-0.172,0.072,0.85,1.0
158,5,0.59,0.687,0.02,0.283,0.828,0.345,0.84,0.707
159,5,0.18,0.394,0.01,0.556,1.0,0.618,0.83,0.414
160,,0.17,0.384,0.0,0.546,0.99,0.608,0.82,0.404
161,,0.16,0.374,-0.01,0.536,0.98,0.598,0.81,0.394
162,3,0.15,0.647,0.99,0.809,0.97,0.305,0.4,0.101
163,3,0.14,0.92,1.0,1.0,0.96,0.012,-0.01,-0.192
164,8,0.413,0.91,0.707,0.59,0.667,0.002,0.263,0.808
165,8,0.686,0.9,0.414,0.18,0.374,-0.008,0.536,1.0
166,6,0.393,0.49,0.121,0.17,0.647,0.992,0.809,0.99
167,6,0.1,0.08,-0.172,0.16,0.92,1.0,1.0,0.98
168,3,0.09,0.353,0.828,0.433,0.91,0.707,0.59,0.687
169,3,0.08,0.626,1.0,0.706,0.9,0.414,0.18,0.394
170,,0.07,0.616,0.99,0.696,0.89,0.404,0.17,0.384
171,,0.06,0.606,0.98,0.686,0.88,0.394,0.16,0.374
172,,0.05,0.596,0.97,0.676,0.87,0.384,0.15,0.364
173,,0.04,0.586,0.96,0.666,0.86,0.374,0.14,0.354
174,,0.03,0.576,0.95,0.656,0.85,0.364,0.13,0.344
175,,0.02,0.566,0.94,0.646,0.84,0.354,0.12,0.334
176,,0.01,0.556,0.93,0.636,0.83,0.344,0.11,0.324
177,,0.0,0.546,0.92,0.626,0.82,0.334,0.1,0.314
178,,-0.01,0.536,0.91,0.616,0.81,0.324,0.09,0.304
179,1,0.99,0.809,0.9,0.323,0.4,0.031,0.08,0.577
180,1,1.0,1.0,0.89,0.03,-0.01,-0.262,0.07,0.85
181,6,0.707,0.59,0.597,0.02,0.263,0.738,0.343,0.84
182,6,0.414,0.18,0.304,0.01,0.536,1.0,0.616,0.83
183,,0.404,0.17,0.294,0.0,0.526,0.99,0.606,0.82
184,,0.394,0.16,0.284,-0.01,0.516,0.98,0.596,0.81
185,4,0.101,0.15,0.557,0.99,0.789,0.97,0.303,0.4
186,4,-0.192,0.14,0.83,1.0,1.0,0.96,0.01,-0.01
187,1,0.808,0.413,0.82,0.707,0.59,0.667,0.0,0.263
188,1,1.0,0.686,0.81,0.414,0.18,0.374,-0.01,0.536
189,7,0.99,0.393,0.4,0.121,0.17,0.647,0.99,0.809
190,7,0.98,0.1,-0.01,-0.172,0.16,0.92,1.0,1.0
191,4,0.687,0.09,0.263,0.828,0.433,0.91,0.707,0.59
192,4,0.394,0.08,0.536,1.0,0.706,0.9,0.414,0.18
193,,0.384,0.07,0.526,0.99,0.696,0.89,0.404,0.17
194,,0.374,0.06,0.516,0.98,0.686,0.88,0.394,0.16
195,,0.364,0.05,0.506,0.97,0.676,0.87,0.384,0.15
196,,0.354,0.04,0.496,0.96,0.666,0.86,0.374,0.14
197,,0.344,0.03,0.486,0.95,0.656,0.85,0.364,0.13
198,,0.334,0.02,0.476,0.94,0.646,0.84,0.354,0.12
199,,0.324,0.01,0.466,0.93,0.636,0.83,0.344,0.11
200,,0.314,0.0,0.456,0.92,0.626,0.82,0.334,0.1
201,,0.304,-0.01,0.446,0.91,0.616,0.81,0.324,0.09
202,2,0.577,0.99,0.719,0.9,0.323,0.4,0.031,0.08
203,2,0.85,1.0,0.992,0.89,0.03,-0.01,-0.262,0.07
204,7,0.84,0.707,0.582,0.597,0.02,0.263,0.738,0.343
205,7,0.83,0.414,0.172,0.304,0.01,0.536,1.0,0.616
206,,0.82,0.404,0.162,0.294,0.0,0.526,0.99,0.606
207,,0.81,0.394,0.152,0.284,-0.01,0.516,0.98,0.596
208,5,0.4,0.101,0.142,0.557,0.99,0.789,0.97,0.303
209,5,-0.01,-0.192,0.132,0.83,1.0,1.0,0.96,0.01
210,2,0.263,0.808,0.405,0.82,0.707,0.59,0.667,0.0
211,2,0.536,1.0,0.678,0.81,0.414,0.18,0.374,-0.01
212,8,0.809,0.99,0.385,0.4,0.121,0.17,0.647,0.99
213,8,1.0,0.98,0.092,-0.01,-0.172,0.16,0.92,1.0
214,5,0.59,0.687,0.082,0.263,0.828,0.433,0.91,0.707
215,5,0.18,0.394,0.072,0.536,1.0,0.706,0.9,0.414
216,,0.17,0.384,0.062,0.526,0.99,0.696,0.89,0.404
217,,0.16,0.374,0.052,0.516,0.98,0.686,0.88,0.394
218,,0.15,0.364,0.042,0.506,0.97,0.676,0.87,0.384
219,,0.14,0.354,0.032,0.496,0.96,0.666,0.86,0.374
220,,0.13,0.344,0.022,0.486,0.95,0.656,0.85,0.364
221,,0.12,0.334,0.012,0.476,0.94,0.646,0.84,0.354
222,,0.11,0.324,0.002,0.466,0.93,0.636,0.83,0.344
223,,0.1,0.314,-0.008,0.456,0.92,0.626,0.82,0.334
224,3,0.09,0.587,0.992,0.729,0.91,0.333,0.41,0.041
225,3,0.08,0.86,1.0,1.0,0.9,0.04,-0.0,-0.252
226,8,0.353,0.85,0.707,0.59,0.607,0.03,0.273,0.748
227,8,0.626,0.84,0.414,0.18,0.314,0.02,0.546,1.0
228,,0.616,0.83,0.404,0.17,0.304,0.01,0.536,0.99
229,,0.606,0.82,0.394,0.16,0.294,0.0,0.526,0.98
230,,0.596,0.81,0.384,0.15,0.284,-0.01,0.516,0.97
231,6,0.303,0.4,0.091,0.14,0.557,0.99,0.789,0.96
232,6,0.01,-0.01,-0.202,0.13,0.83,1.0,1.0,0.95
233,3,0.0,0.263,0.798,0.403,0.82,0.707,0.59,0.657
234,3,-0.01,0.536,1.0,0.676,0.81,0.414,0.18,0.364
235,1,0.99,0.809,0.99,0.383,0.4,0.121,0.17,0.637
236,1,1.0,1.0,0.98,0.09,-0.01,-0.172,0.16,0.91
237,6,0.707,0.59,0.687,0.08,0.263,0.828,0.433,0.9
238,6,0.414,0.18,0.394,0.07,0.536,1.0,0.706,0.89
239,,0.404,0.17,0.384,0.06,0.526,0.99,0.696,0.88
240,,0.394,0.16,0.374,0.05,0.516,0.98,0.686,0.87
241,,0.384,0.15,0.364,0.04,0.506,0.97,0.676,0.86
242,,0.374,0.14,0.354,0.03,0.496,0.96,0.666,0.85
243,,0.364,0.13,0.344,0.02,0.486,0.95,0.656,0.84
244,,0.354,0.12,0.334,0.01,0.476,0.94,0.646,0.83
245,,0.344,0.11,0.324,0.0,0.466,0.93,0.636,0.82
246,,0.334,0.1,0.314,-0.01,0.456,0.92,0.626,0.81
247,4,0.041,0.09,0.587,0.99,0.729,0.91,0.333,0.4
248,4,-0.252,0.08,0.86,1.0,1.0,0.9,0.04,-0.01
249,1,0.748,0.353,0.85,0.707,0.59,0.607,0.03,0.263
250,1,1.0,0.626,0.84,0.414,0.18,0.314,0.02,0.536
251,,0.99,0.616,0.83,0.404,0.17,0.304,0.01,0.526
252,,0.98,0.606,0.82,0.394,0.16,0.294,0.0,0.516
253,,0.97,0.596,0.81,0.384,0.15,0.284,-0.01,0.506
254,7,0.96,0.303,0.4,0.091,0.14,0.557,0.99,0.779
255,7,0.95,0.01,-0.01,-0.202,0.13,0.83,1.0,1.0
256,4,0.657,0.0,0.263,0.798,0.403,0.82,0.707,0.59
257,4,0.364,-0.01,0.536,1.0,0.676,0.81,0.414,0.18
258,2,0.637,0.99,0.809,0.99,0.383,0.4,0.121,0.17
259,2,0.91,1.0,1.0,0.98,0.09,-0.01,-0.172,0.16
260,7,0.9,0.707,0.59,0.687,0.08,0.263,0.828,0.433
261,7,0.89,0.414,0.18,0.394,0.07,0.536,1.0,0.706
262,,0.88,0.404,0.17,0.384,0.06,0.526,0.99,0.696
263,,0.87,0.394,0.16,0.374,0.05,0.516,0.98,0.686
264,,0.86,0.384,0.15,0.364,0.04,0.506,0.97,0.676
265,,0.85,0.374,0.14,0.354,0.03,0.496,0.96,0.666
266,,0.84,0.364,0.13,0.344,0.02,0.486,0.95,0.656
267,,0.83,0.354,0.12,0.334,0.01,0.476,0.94,0.646
268,,0.82,0.344,0.11,0.324,0.0,0.466,0.93,0.636
269,,0.81,0.334,0.1,0.314,-0.01,0.456,0.92,0.626
270,5,0.4,0.041,0.09,0.587,0.99,0.729,0.91,0.333
271,5,-0.01,-0.252,0.08,0.86,1.0,1.0,0.9,0.04
272,2,0.263,0.748,0.353,0.85,0.707,0.59,0.607,0.03
273,2,0.536,1.0,0.626,0.84,0.414,0.18,0.314,0.02
274,,0.526,0.99,0.616,0.83,0.404,0.17,0.304,0.01
275,,0.516,0.98,0.606,0.82,0.394,0.16,0.294,0.0
276,,0.506,0.97,0.596,0.81,0.384,0.15,0.284,-0.01
277,8,0.779,0.96,0.303,0.4,0.091,0.14,0.557,0.99
278,8,1.0,0.95,0.01,-0.01,-0.202,0.13,0.83,1.0
279,5,0.59,0.657,0.0,0.263,0.798,0.403,0.82,0.707
280,5,0.18,0.364,-0.01,0.536,1.0,0.676,0.81,0.414
281,3,0.17,0.637,0.99,0.809,0.99,0.383,0.4,0.121
282,3,0.16,0.91,1.0,1.0,0.98,0.09,-0.01,-0.172
283,8,0.433,0.9,0.707,0.59,0.687,0.08,0.263,0.828
284,8,0.706,0.89,0.414,0.18,0.394,0.07,0.536,1.0
285,,0.696,0.88,0.404,0.17,0.384,0.06,0.526,0.99
286,,0.686,0.87,0.394,0.16,0.374,0.05,0.516,0.98
287,,0.676,0.86,0.384,0.15,0.364,0.04,0.506,0.97
288,,0.666,0.85,0.374,0.14,0.354,0.03,0.496,0.96
289,,0.656,0.84,0.364,0.13,0.344,0.02,0.486,0.95
290,,0.646,0.83,0.354,0.12,0.334,0.01,0.476,0.94
291,,0.636,0.82,0.344,0.11,0.324,0.0,0.466,0.93
292,,0.626,0.81,0.334,0.1,0.314,-0.01,0.456,0.92
293,6,0.333,0.4,0.041,0.09,0.587,0.99,0.729,0.91
294,6,0.04,-0.01,-0.252,0.08,0.86,1.0,1.0,0.9
295,3,0.03,0.263,0.748,0.353,0.85,0.707,0.59,0.607
296,3,0.02,0.536,1.0,0.626,0.84,0.414,0.18,0.314
297,,0.01,0.526,0.99,0.616,0.83,0.404,0.17,0.304
298,,0.0,0.516,0.98,0.606,0.82,0.394,0.16,0.294
299,,-0.01,0.506,0.97,0.596,0.81,0.384,0.15,0.284
300,1,0.99,0.779,0.96,0.303,0.4,0.091,0.14,0.557
301,1,1.0,1.0,0.95,0.01,-0.01,-0.202,0.13,0.83
302,6,0.707,0.59,0.657,0.0,0.263,0.798,0.403,0.82
303,6,0.414,0.18,0.364,-0.01,0.536,1.0,0.676,0.81
304,4,0.121,0.17,0.637,0.99,0.809,0.99,0.383,0.4
305,4,-0.172,0.16,0.91,1.0,1.0,0.98,0.09,-0.01
306,1,0.828,0.433,0.9,0.707,0.59,0.687,0.08,0.263
307,1,1.0,0.706,0.89,0.414,0.18,0.394,0.07,0.536
308,,0.99,0.696,0.88,0.404,0.17,0.384,0.06,0.526
309,,0.98,0.686,0.87,0.394,0.16,0.374,0.05,0.516
310,,0.97,0.676,0.86,0.384,0.15,0.364,0.04,0.506
311,,0.96,0.666,0.85,0.374,0.14,0.354,0.03,0.496
312,,0.95,0.656,0.84,0.364,0.13,0.344,0.02,0.486
313,,0.94,0.646,0.83,0.354,0.12,0.334,0.01,0.476
314,,0.93,0.636,0.82,0.344,0.11,0.324,0.0,0.466
315,,0.92,0.626,0.81,0.334,0.1,0.314,-0.01,0.456
316,7,0.91,0.333,0.4,0.041,0.09,0.587,0.99,0.729
317,7,0.9,0.04,-0.01,-0.252,0.08,0.86,1.0,1.0
318,4,0.607,0.03,0.263,0.748,0.353,0.85,0.707,0.59
319,4,0.314,0.02,0.536,1.0,0.626,0.84,0.414,0.18
320,,0.304,0.01,0.526,0.99,0.616,0.83,0.404,0.17
321,,0.294,0.0,0.516,0.98,0.606,0.82,0.394,0.16
322,,0.284,-0.01,0.506,0.97,0.596,0.81,0.384,0.15
323,2,0.557,0.99,0.779,0.96,0.303,0.4,0.091,0.14
324,2,0.83,1.0,1.0,0.95,0.01,-0.01,-0.202,0.13
325,7,0.82,0.707,0.59,0.657,0.0,0.263,0.798,0.403
326,7,0.81,0.414,0.18,0.364,-0.01,0.536,1.0,0.676
327,5,0.4,0.121,0.17,0.637,0.99,0.809,0.99,0.383
328,5,-0.01,-0.172,0.16,0.91,1.0,1.0,0.98,0.09
329,2,0.263,0.828,0.433,0.9,0.707,0.59,0.687,0.08
330,2,0.536,1.0,0.706,0.89,0.414,0.18,0.394,0.07
331,,0.526,0.99,0.696,0.88,0.404,0.17,0.384,0.06
332,,0.516,0.98,0.686,0.87,0.394,0.16,0.374,0.05
333,,0.506,0.97,0.676,0.86,0.384,0.15,0.364,0.04
334,,0.496,0.96,0.666,0.85,0.374,0.14,0.354,0.03
335,,0.486,0.95,0.656,0.84,0.364,0.13,0.344,0.02
336,,0.476,0.94,0.646,0.83,0.354,0.12,0.334,0.01
337,,0.466,0.93,0.636,0.82,0.344,0.11,0.324,0.0
338,,0.456,0.92,0.626,0.81,0.334,0.1,0.314,-0.01
339,8,0.729,0.91,0.333,0.4,0.041,0.09,0.587,0.99
340,8,1.0,0.9,0.04,-0.01,-0.252,0.08,0.86,1.0
341,5,0.59,0.607,0.03,0.263,0.748,0.353,0.85,0.707
342,5,0.18,0.314,0.02,0.536,1.0,0.626,0.84,0.414
343,,0.17,0.304,0.01,0.526,0.99,0.616,0.83,0.404
344,,0.16,0.294,0.0,0.516,0.98,0.606,0.82,0.394
345,,0.15,0.284,-0.01,0.506,0.97,0.596,0.81,0.384
346,3,0.14,0.557,0.99,0.779,0.96,0.303,0.4,0.091
347,3,0.13,0.83,1.0,1.0,0.95,0.01,-0.01,-0.202
348,8,0.403,0.82,0.707,0.59,0.657,0.0,0.263,0.798
349,8,0.676,0.81,0.414,0.18,0.364,-0.01,0.536,1.0
350,6,0.383,0.4,0.121,0.17,0.637,0.99,0.809,0.99
351,6,0.09,-0.01,-0.172,0.16,0.91,1.0,1.0,0.98
352,3,0.08,0.263,0.828,0.433,0.9,0.707,0.59,0.687
353,3,0.07,0.536,1.0,0.706,0.89,0.414,0.18,0.394
354,,0.06,0.526,0.99,0.696,0.88,0.404,0.17,0.384
355,,0.05,0.516,0.98,0.686,0.87,0.394,0.16,0.374
356,,0.04,0.506,0.97,0.676,0.86,0.384,0.15,0.364
357,,0.03,0.496,0.96,0.666,0.85,0.374,0.14,0.354
358,,0.02,0.486,0.95,0.656,0.84,0.364,0.13,0.344
359,,0.01,0.476,0.94,0.646,0.83,0.354,0.12,0.334
360,,0.0,0.466,0.93,0.636,0.82,0.344,0.11,0.324
361,,-0.01,0.456,0.92,0.626,0.81,0.334,0.1,0.314
362,1,0.99,0.729,0.91,0.333,0.4,0.041,0.09,0.587
363,1,1.0,1.0,0.9,0.04,-0.01,-0.252,0.08,0.86
364,6,0.707,0.59,0.607,0.03,0.263,0.748,0.353,0.85
365,6,0.414,0.18,0.314,0.02,0.536,1.0,0.626,0.84
366,,0.404,0.17,0.304,0.01,0.526,0.99,0.616,0.83
367,,0.394,0.16,0.294,0.0,0.516,0.98,0.606,0.82
368,,0.384,0.15,0.284,-0.01,0.506,0.97,0.596,0.81
369,4,0.091,0.14,0.557,0.99,0.779,0.96,0.303,0.4
370,4,-0.202,0.13,0.83,1.0,1.0,0.95,0.01,-0.01
371,1,0.798,0.403,0.82,0.707,0.59,0.657,0.0,0.263
372,1,1.0,0.676,0.81,0.414,0.18,0.364,-0.01,0.536
373,7,0.99,0.383,0.4,0.121,0.17,0.637,0.99,0.809
374,7,0.98,0.09,-0.01,-0.172,0.16,0.91,1.0,1.0
375,4,0.687,0.08,0.263,0.828,0.433,0.9,0.707,0.59
376,4,0.394,0.07,0.536,1.0,0.706,0.89,0.414,0.18
377,,0.384,0.06,0.526,0.99,0.696,0.88,0.404,0.17
378,,0.374,0.05,0.516,0.98,0.686,0.87,0.394,0.16
379,,0.364,0.04,0.506,0.97,0.676,0.86,0.384,0.15
380,,0.354,0.03,0.496,0.96,0.666,0.85,0.374,0.14
381,,0.344,0.02,0.486,0.95,0.656,0.84,0.364,0.13
382,,0.334,0.01,0.476,0.94,0.646,0.83,0.354,0.12
383,,0.324,0.0,0.466,0.93,0.636,0.82,0.344,0.11
384,,0.314,-0.01,0.456,0.92,0.626,0.81,0.334,0.1
385,2,0.587,0.99,0.729,0.91,0.333,0.4,0.041,0.09
386,2,0.86,1.0,1.0,0.9,0.04,-0.01,-0.252,0.08
387,7,0.85,0.707,0.59,0.607,0.03,0.263,0.748,0.353
388,7,0.84,0.414,0.18,0.314,0.02,0.536,1.0,0.626
389,,0.83,0.404,0.17,0.304,0.01,0.526,0.99,0.616
390,,0.82,0.394,0.16,0.294,0.0,0.516,0.98,0.606
391,,0.81,0.384,0.15,0.284,-0.01,0.506,0.97,0.596
392,5,0.4,0.091,0.14,0.557,0.99,0.779,0.96,0.303
393,5,-0.01,-0.202,0.13,0.83,1.0,1.0,0.95,0.01
394,2,0.263,0.798,0.403,0.82,0.707,0.59,0.657,0.0
395,2,0.536,1.0,0.676,0.81,0.414,0.18,0.364,-0.01
396,8,0.809,0.99,0.383,0.4,0.121,0.17,0.637,0.99
397,8,1.0,0.98,0.09,-0.01,-0.172,0.16,0.91,1.0
398,5,0.59,0.687,0.08,0.263,0.828,0.433,0.9,0.707
399,5,0.18,0.394,0.07,0.536,1.0,0.706,0.89,0.414
400,,0.17,0.384,0.06,0.526,0.99,0.696,0.88,0.404
401,,0.16,0.374,0.05,0.516,0.98,0.686,0.87,0.394
402,,0.15,0.364,0.04,0.506,0.97,0.676,0.86,0.384
403,,0.14,0.354,0.03,0.496,0.96,0.666,0.85,0.374
404,,0.13,0.344,0.02,0.486,0.95,0.656,0.84,0.364
405,,0.12,0.334,0.01,0.476,0.94,0.646,0.83,0.354
406,,0.11,0.324,0.0,0.466,0.93,0.636,0.82,0.344
407,,0.1,0.314,-0.01,0.456,0.92,0.626,0.81,0.334
408,3,0.09,0.587,0.99,0.729,0.91,0.333,0.4,0.041
409,3,0.08,0.86,1.0,1.0,0.9,0.04,-0.01,-0.252
410,8,0.353,0.85,0.707,0.59,0.607,0.03,0.263,0.748
411,8,0.626,0.84,0.414,0.18,0.314,0.02,0.536,1.0
412,,0.616,0.83,0.404,0.17,0.304,0.01,0.526,0.99
413,,0.606,0.82,0.394,0.16,0.294,0.0,0.516,0.98
414,,0.596,0.81,0.384,0.15,0.284,-0.01,0.506,0.97
415,6,0.303,0.4,0.091,0.14,0.557,0.99,0.779,0.96
416,6,0.01,-0.01,-0.202,0.13,0.83,1.0,1.0,0.95
417,3,0.0,0.263,0.798,0.403,0.82,0.707,0.59,0.657
418,3,-0.01,0.536,1.0,0.676,0.81,0.414,0.18,0.364
419,1,0.99,0.809,0.99,0.383,0.4,0.121,0.17,0.637
420,1,1.0,1.0,0.98,0.09,-0.01,-0.172,0.16,0.91
421,6,0.707,0.59,0.687,0.08,0.263,0.828,0.433,0.9
422,6,0.414,0.18,0.394,0.07,0.536,1.0,0.706,0.89
423,,0.404,0.17,0.384,0.06,0.526,0.99,0.696,0.88
424,,0.394,0.16,0.374,0.05,0.516,0.98,0.686,0.87
425,,0.384,0.15,0.364,0.04,0.506,0.97,0.676,0.86
426,,0.374,0.14,0.354,0.03,0.496,0.96,0.666,0.85
427,,0.364,0.13,0.344,0.02,0.486,0.95,0.656,0.84
428,,0.354,0.12,0.334,0.01,0.476,0.94,0.646,0.83
429,,0.344,0.11,0.324,0.0,0.466,0.93,0.636,0.82
430,,0.334,0.1,0.314,-0.01,0.456,0.92,0.626,0.81
431,4,0.041,0.09,0.587,0.99,0.729,0.91,0.333,0.4
432,4,-0.252,0.08,0.86,1.0,1.0,0.9,0.04,-0.01
433,1,0.748,0.353,0.85,0.707,0.59,0.607,0.03,0.263
434,1,1.0,0.626,0.84,0.414,0.18,0.314,0.02,0.536
435,,0.99,0.616,0.83,0.404,0.17,0.304,0.01,0.526
436,,0.98,0.606,0.82,0.394,0.16,0.294,0.0,0.516
437,,0.97,0.596,0.81,0.384,0.15,0.284,-0.01,0.506
438,7,0.96,0.303,0.4,0.091,0.14,0.557,0.99,0.779
439,7,0.95,0.01,-0.01,-0.202,0.13,0.83,1.0,1.0
440,4,0.657,0.0,0.263,0.798,0.403,0.82,0.707,0.59
441,4,0.364,-0.01,0.536,1.0,0.676,0.81,0.414,0.18
442,2,0.637,0.99,0.809,0.99,0.383,0.4,0.121,0.17
443,2,0.91,1.0,1.0,0.98,0.09,-0.01,-0.172,0.16
444,7,0.9,0.707,0.59,0.687,0.08,0.263,0.828,0.433
445,7,0.89,0.414,0.18,0.394,0.07,0.536,1.0,0.706
446,,0.88,0.404,0.17,0.384,0.06,0.526,0.99,0.696
447,,0.87,0.394,0.16,0.374,0.05,0.516,0.98,0.686
448,,0.86,0.384,0.15,0.364,0.04,0.506,0.97,0.676
449,,0.85,0.374,0.14,0.354,0.03,0.496,0.96,0.666
450,,0.84,0.364,0.13,0.344,0.02,0.486,0.95,0.656
451,,0.83,0.354,0.12,0.334,0.01,0.476,0.94,0.646
452,,0.82,0.344,0.11,0.324,0.0,0.466,0.93,0.636
453,,0.81,0.334,0.1,0.314,-0.01,0.456,0.92,0.626
454,5,0.4,0.041,0.09,0.587,0.99,0.729,0.91,0.333
455,5,-0.01,-0.252,0.08,0.86,1.0,1.0,0.9,0.04
456,2,0.263,0.748,0.353,0.85,0.707,0.59,0.607,0.03
457,2,0.536,1.0,0.626,0.84,0.414,0.18,0.314,0.02
458,,0.526,0.99,0.616,0.83,0.404,0.17,0.304,0.01
459,,0.516,0.98,0.606,0.82,0.394,0.16,0.294,0.0
460,,0.506,0.97,0.596,0.81,0.384,0.15,0.284,-0.01
461,8,0.779,0.96,0.303,0.4,0.091,0.14,0.557,0.99
462,8,1.0,0.95,0.01,-0.01,-0.202,0.13,0.83,1.0
463,5,0.59,0.657,0.0,0.263,0.798,0.403,0.82,0.707
464,5,0.18,0.364,-0.01,0.536,1.0,0.676,0.81,0.414
465,3,0.17,0.637,0.99,0.809,0.99,0.383,0.4,0.121
466,3,0.16,0.91,1.0,1.0,0.98,0.09,-0.01,-0.172
467,8,0.433,0.9,0.707,0.59,0.687,0.08,0.263,0.828
468,8,0.706,0.89,0.414,0.18,0.394,0.07,0.536,1.0
469,,0.696,0.88,0.404,0.17,0.384,0.06,0.526,0.99
470,,0.686,0.87,0.394,0.16,0.374,0.05,0.516,0.98
471,,0.676,0.86,0.384,0.15,0.364,0.04,0.506,0.97
472,,0.666,0.85,0.374,0.14,0.354,0.03,0.496,0.96
473,,0.656,0.84,0.364,0.13,0.344,0.02,0.486,0.95
474,,0.646,0.83,0.354,0.12,0.334,0.01,0.476,0.94
475,,0.636,0.82,0.344,0.11,0.324,0.0,0.466,0.93
476,,0.626,0.81,0.334,0.1,0.314,-0.01,0.456,0.92
477,6,0.333,0.4,0.041,0.09,0.587,0.99,0.729,0.91
478,6,0.04,-0.01,-0.252,0.08,0.86,1.0,1.0,0.9
479,3,0.03,0.263,0.748,0.353,0.85,0.707,0.59,0.607
480,3,0.02,0.536,1.0,0.626,0.84,0.414,0.18,0.314
481,,0.01,0.526,0.99,0.616,0.83,0.404,0.17,0.304
482,,0.0,0.516,0.98,0.606,0.82,0.394,0.16,0.294
483,,-0.01,0.506,0.97,0.596,0.81,0.384,0.15,0.284
484,1,0.99,0.779,0.96,0.303,0.4,0.091,0.14,0.557
485,1,1.0,1.0,0.95,0.01,-0.01,-0.202,0.13,0.83
486,6,0.707,0.59,0.657,0.0,0.263,0.798,0.403,0.82
487,6,0.414,0.18,0.364,-0.01,0.536,1.0,0.676,0.81
488,4,0.121,0.17,0.637,0.99,0.809,0.99,0.383,0.4
489,4,-0.172,0.16,0.91,1.0,1.0,0.98,0.09,-0.01
490,1,0.828,0.433,0.9,0.707,0.59,0.687,0.08,0.263
491,1,1.0,0.706,0.89,0.414,0.18,0.394,0.07,0.536
492,,0.99,0.696,0.88,0.404,0.17,0.384,0.06,0.526
493,,0.98,0.686,0.87,0.394,0.16,0.374,0.05,0.516
494,,0.97,0.676,0.86,0.384,0.15,0.364,0.04,0.506
495,,0.96,0.666,0.85,0.374,0.14,0.354,0.03,0.496
496,,0.95,0.656,0.84,0.364,0.13,0.344,0.02,0.486
497,,0.94,0.646,0.83,0.354,0.12,0.334,0.01,0.476
498,,0.93,0.636,0.82,0.344,0.11,0.324,0.0,0.466
499,,0.92,0.626,0.81,0.334,0.1,0.314,-0.01,0.456
500,7,0.91,0.333,0.4,0.041,0.09,0.587,0.99,0.729
501,7,0.9,0.04,-0.01,-0.252,0.08,0.86,1.0,1.0
502,4,0.607,0.03,0.263,0.748,0.353,0.85,0.707,0.59
503,4,0.314,0.02,0.536,1.0,0.626,0.84,0.414,0.18
504,,0.304,0.01,0.526,0.99,0.616,0.83,0.404,0.17
505,,0.294,0.0,0.516,0.98,0.606,0.82,0.394,0.16
506,,0.284,-0.01,0.506,0.97,0.596,0.81,0.384,0.15
507,2,0.557,0.99,0.779,0.96,0.303,0.4,0.091,0.14
508,2,0.83,1.0,1.0,0.95,0.01,-0.01,-0.202,0.13
509,7,0.82,0.707,0.59,0.657,0.0,0.263,0.798,0.403
510,7,0.81,0.414,0.18,0.364,-0.01,0.536,1.0,0.676
511,5,0.4,0.121,0.17,0.637,0.99,0.809,0.99,0.383
512,5,-0.01,-0.172,0.16,0.91,1.0,1.0,0.98,0.09
513,2,0.263,0.828,0.433,0.9,0.707,0.59,0.687,0.08
514,2,0.536,1.0,0.706,0.89,0.414,0.18,0.394,0.07
515,,0.526,0.99,0.696,0.88,0.404,0.17,0.384,0.06
516,,0.516,0.98,0.686,0.87,0.394,0.16,0.374,0.05
517,,0.506,0.97,0.676,0.86,0.384,0.15,0.364,0.04
518,,0.496,0.96,0.666,0.85,0.374,0.14,0.354,0.03
519,,0.486,0.95,0.656,0.84,0.364,0.13,0.344,0.02
520,,0.476,0.94,0.646,0.83,0.354,0.12,0.334,0.01
521,,0.466,0.93,0.636,0.82,0.344,0.11,0.324,0.0
522,,0.456,0.92,0.626,0.81,0.334,0.1,0.314,-0.01
523,8,0.729,0.91,0.333,0.4,0.041,0.09,0.587,0.99
524,8,1.0,0.9,0.04,-0.01,-0.252,0.08,0.86,1.0
525,5,0.59,0.607,0.03,0.263,0.748,0.353,0.85,0.707
526,5,0.18,0.314,0.02,0.536,1.0,0.626,0.84,0.414
527,,0.17,0.304,0.01,0.526,0.99,0.616,0.83,0.404
528,,0.16,0.294,0.0,0.516,0.98,0.606,0.82,0.394
529,,0.15,0.284,-0.01,0.506,0.97,0.596,0.81,0.384
530,3,0.14,0.557,0.99,0.779,0.96,0.303,0.4,0.091
531,3,0.13,0.83,1.0,1.0,0.95,0.01,-0.01,-0.202
532,8,0.403,0.82,0.707,0.59,0.657,0.0,0.263,0.798
533,8,0.676,0.81,0.414,0.18,0.364,-0.01,0.536,1.0
534,6,0.383,0.4,0.121,0.17,0.637,0.99,0.809,0.99
535,6,0.09,-0.01,-0.172,0.16,0.91,1.0,1.0,0.98
536,3,0.08,0.263,0.828,0.433,0.9,0.707,0.59,0.687
537,3,0.07,0.536,1.0,0.706,0.89,0.414,0.18,0.394
538,,0.06,0.526,0.99,0.696,0.88,0.404,0.17,0.384
539,,0.05,0.516,0.98,0.686,0.87,0.394,0.16,0.374
540,,0.04,0.506,0.97,0.676,0.86,0.384,0.15,0.364
541,,0.03,0.496,0.96,0.666,0.85,0.374,0.14,0.354
542,,0.02,0.486,0.95,0.656,0.84,0.364,0.13,0.344
543,,0.01,0.476,0.94,0.646,0.83,0.354,0.12,0.334
544,,0.0,0.466,0.93,0.636,0.82,0.344,0.11,0.324
545,,-0.01,0.456,0.92,0.626,0.81,0.334,0.1,0.314
546,1,0.99,0.729,0.91,0.333,0.4,0.041,0.09,0.587
547,1,1.0,1.0,0.9,0.04,-0.01,-0.252,0.08,0.86
548,6,0.707,0.59,0.607,0.03,0.263,0.748,0.353,0.85
549,6,0.414,0.18,0.314,0.02,0.536,1.0,0.626,0.84
550,,0.404,0.17,0.304,0.01,0.526,0.99,0.616,0.83
551,,0.394,0.16,0.294,0.0,0.516,0.98,0.606,0.82
552,,0.384,0.15,0.284,-0.01,0.506,0.97,0.596,0.81
553,4,0.091,0.14,0.557,0.99,0.779,0.96,0.303,0.4
554,4,-0.202,0.13,0.83,1.0,1.0,0.95,0.01,-0.01
555,1,0.798,0.403,0.82,0.707,0.59,0.657,0.0,0.263
556,1,1.0,0.676,0.81,0.414,0.18,0.364,-0.01,0.536
557,7,0.99,0.383,0.4,0.121,0.17,0.637,0.99,0.809
558,7,0.98,0.09,-0.01,-0.172,0.16,0.91,1.0,1.0
559,4,0.687,0.08,0.263,0.828,0.433,0.9,0.707,0.59
560,4,0.394,0.07,0.536,1.0,0.706,0.89,0.414,0.18
561,,0.384,0.06,0.526,0.99,0.696,0.88,0.404,0.17
562,,0.374,0.05,0.516,0.98,0.686,0.87,0.394,0.16
563,,0.364,0.04,0.506,0.97,0.676,0.86,0.384,0.15
564,,0.354,0.03,0.496,0.96,0.666,0.85,0.374,0.14
565,,0.344,0.02,0.486,0.95,0.656,0.84,0.364,0.13
566,,0.334,0.01,0.476,0.94,0.646,0.83,0.354,0.12
567,,0.324,0.0,0.466,0.93,0.636,0.82,0.344,0.11
568,,0.314,-0.01,0.456,0.92,0.626,0.81,0.334,0.1
569,2,0.587,0.99,0.729,0.91,0.333,0.4,0.041,0.09
570,2,0.86,1.0,1.0,0.9,0.04,-0.01,-0.252,0.08
571,7,0.85,0.707,0.59,0.607,0.03,0.263,0.748,0.353
572,7,0.84,0.414,0.18,0.314,0.02,0.536,1.0,0.626
573,,0.83,0.404,0.17,0.304,0.01,0.526,0.99,0.616
574,,0.82,0.394,0.16,0.294,0.0,0.516,0.98,0.606
575,,0.81,0.384,0.15,0.284,-0.01,0.506,0.97,0.596
576,5,0.4,0.091,0.14,0.557,0.99,0.779,0.96,0.303
577,5,-0.01,-0.202,0.13,0.83,1.0,1.0,0.95,0.01
578,2,0.263,0.798,0.403,0.82,0.707,0.59,0.657,0.0
579,2,0.536,1.0,0.676,0.81,0.414,0.18,0.364,-0.01
580,8,0.809,0.99,0.383,0.4,0.121,0.17,0.637,0.99
581,8,1.0,0.98,0.09,-0.01,-0.172,0.16,0.91,1.0
582,5,0.59,0.687,0.08,0.263,0.828,0.433,0.9,0.707
583,5,0.18,0.394,0.07,0.536,1.0,0.706,0.89,0.414
584,,0.17,0.384,0.06,0.526,0.99,0.696,0.88,0.404
585,,0.16,0.374,0.05,0.516,0.98,0.686,0.87,0.394
586,,0.15,0.364,0.04,0.506,0.97,0.676,0.86,0.384
587,,0.14,0.354,0.03,0.496,0.96,0.666,0.85,0.374
588,,0.13,0.344,0.02,0.486,0.95,0.656,0.84,0.364
589,,0.12,0.334,0.01,0.476,0.94,0.646,0.83,0.354
590,,0.11,0.324,0.0,0.466,0.93,0.636,0.82,0.344
591,,0.1,0.314,-0.01,0.456,0.92,0.626,0.81,0.334
592,3,0.09,0.587,0.99,0.729,0.91,0.333,0.4,0.041
593,3,0.08,0.86,1.0,1.0,0.9,0.04,-0.01,-0.252
594,8,0.353,0.85,0.707,0.59,0.607,0.03,0.263,0.748
595,8,0.626,0.84,0.414,0.18,0.314,0.02,0.536,1.0
596,,0.616,0.83,0.404,0.17,0.304,0.01,0.526,0.99
597,,0.606,0.82,0.394,0.16,0.294,0.0,0.516,0.98
598,,0.596,0.81,0.384,0.15,0.284,-0.01,0.506,0.97
599,6,0.303,0.4,0.091,0.14,0.557,0.99,0.779,0.96
600,6,0.01,-0.01,-0.202,0.13,0.83,1.0,1.0,0.95
601,3,0.0,0.263,0.798,0.403,0.82,0.707,0.59,0.657
602,3,-0.01,0.536,1.0,0.676,0.81,0.414,0.18,0.364
603,1,0.99,0.809,0.99,0.383,0.4,0.121,0.17,0.637
604,1,1.0,1.0,0.98,0.09,-0.01,-0.172,0.16,0.91
605,6,0.707,0.59,0.687,0.08,0.263,0.828,0.433,0.9
606,6,0.414,0.18,0.394,0.07,0.536,1.0,0.706,0.89
607,,0.404,0.17,0.384,0.06,0.526,0.99,0.696,0.88
608,,0.394,0.16,0.374,0.05,0.516,0.98,0.686,0.87
609,,0.384,0.15,0.364,0.04,0.506,0.97,0.676,0.86
610,,0.374,0.14,0.354,0.03,0.496,0.96,0.666,0.85
611,,0.364,0.13,0.344,0.02,0.486,0.95,0.656,0.84
612,,0.354,0.12,0.334,0.01,0.476,0.94,0.646,0.83
613,,0.344,0.11,0.324,0.0,0.466,0.93,0.636,0.82
614,,0.334,0.1,0.314,-0.01,0.456,0.92,0.626,0.81
615,4,0.041,0.09,0.587,0.99,0.729,0.91,0.333,0.4
616,4,-0.252,0.08,0.86,1.0,1.0,0.9,0.04,-0.01
617,1,0.748,0.353,0.85,0.707,0.59,0.607,0.03,0.263
618,1,1.0,0.626,0.84,0.414,0.18,0.314,0.02,0.536
619,,0.99,0.616,0.83,0.404,0.17,0.304,0.01,0.526
620,,0.98,0.606,0.82,0.394,0.16,0.294,0.0,0.516
621,,0.97,0.596,0.81,0.384,0.15,0.284,-0.01,0.506
622,7,0.96,0.303,0.4,0.091,0.14,0.557,0.99,0.779
623,7,0.95,0.01,-0.01,-0.202,0.13,0.83,1.0,1.0
624,4,0.657,0.0,0.263,0.798,0.403,0.82,0.707,0.59
625,4,0.364,-0.01,0.536,1.0,0.676,0.81,0.414,0.18
626,2,0.637,0.99,0.809,0.99,0.383,0.4,0.121,0.17
627,2,0.91,1.0,1.0,0.98,0.09,-0.01,-0.172,0.16
628,7,0.9,0.707,0.59,0.687,0.08,0.263,0.828,0.433
629,7,0.89,0.414,0.18,0.394,0.07,0.536,1.0,0.706
630,,0.88,0.404,0.17,0.384,0.06,0.526,0.99,0.696
631,,0.87,0.394,0.16,0.374,0.05,0.516,0.98,0.686
632,,0.86,0.384,0.15,0.364,0.04,0.506,0.97,0.676
633,,0.85,0.374,0.14,0.354,0.03,0.496,0.96,0.666
634,,0.84,0.364,0.13,0.344,0.02,0.486,0.95,0.656
635,,0.83,0.354,0.12,0.334,0.01,0.476,0.94,0.646
636,,0.82,0.344,0.11,0.324,0.0,0.466,0.93,0.636
637,,0.81,0.334,0.1,0.314,-0.01,0.456,0.92,0.626
638,5,0.4,0.041,0.09,0.587,0.99,0.729,0.91,0.333
639,5,-0.01,-0.252,0.08,0.86,1.0,1.0,0.9,0.04
640,2,0.263,0.748,0.353,0.85,0.707,0.59,0.607,0.03
641,2,0.536,1.0,0.626,0.84,0.414,0.18,0.314,0.02
642,,0.526,0.99,0.616,0.83,0.404,0.17,0.304,0.01
643,,0.516,0.98,0.606,0.82,0.394,0.16,0.294,0.0
644,,0.506,0.97,0.596,0.81,0.384,0.15,0.284,-0.01
645,8,0.779,0.96,0.303,0.4,0.091,0.14,0.557,0.99
646,8,1.0,0.95,0.01,-0.01,-0.202,0.13,0.83,1.0
647,5,0.59,0.657,0.0,0.263,0.798,0.403,0.82,0.707
648,5,0.18,0.364,-0.01,0.536,1.0,0.676,0.81,0.414
649,3,0.17,0.637,0.99,0.809,0.99,0.383,0.4,0.121
650,3,0.16,0.91,1.0,1.0,0.98,0.09,-0.01,-0.172
651,8,0.433,0.9,0.707,0.59,0.687,0.08,0.263,0.828
652,8,0.706,0.89,0.414,0.18,0.394,0.07,0.536,1.0
653,,0.696,0.88,0.404,0.17,0.384,0.06,0.526,0.99
654,,0.686,0.87,0.394,0.16,0.374,0.05,0.516,0.98
655,,0.676,0.86,0.384,0.15,0.364,0.04,0.506,0.97
656,,0.666,0.85,0.374,0.14,0.354,0.03,0.496,0.96
657,,0.656,0.84,0.364,0.13,0.344,0.02,0.486,0.95
658,,0.646,0.83,0.354,0.12,0.334,0.01,0.476,0.94
659,,0.636,0.82,0.344,0.11,0.324,0.0,0.466,0.93
660,,0.626,0.81,0.334,0.1,0.314,-0.01,0.456,0.92
661,6,0.333,0.4,0.041,0.09,0.587,0.99,0.729,0.91
662,6,0.04,-0.01,-0.252,0.08,0.86,1.0,1.0,0.9
663,3,0.03,0.263,0.748,0.353,0.85,0.707,0.59,0.607
664,3,0.02,0.536,1.0,0.626,0.84,0.414,0.18,0.314
665,,0.01,0.526,0.99,0.616,0.83,0.404,0.17,0.304
666,,0.0,0.516,0.98,0.606,0.82,0.394,0.16,0.294
667,,-0.01,0.506,0.97,0.596,0.81,0.384,0.15,0.284
668,1,0.99,0.779,0.96,0.303,0.4,0.091,0.14,0.557
669,1,1.0,1.0,0.95,0.01,-0.01,-0.202,0.13,0.83
670,6,0.707,0.59,0.657,0.0,0.263,0.798,0.403,0.82
671,6,0.414,0.18,0.364,-0.01,0.536,1.0,0.676,0.81
672,4,0.121,0.17,0.637,0.99,0.809,0.99,0.383,0.4
673,4,-0.172,0.16,0.91,1.0,1.0,0.98,0.09,-0.01
674,1,0.828,0.433,0.9,0.707,0.59,0.687,0.08,0.263
675,1,1.0,0.706,0.89,0.414,0.18,0.394,0.07,0.536
676,,0.99,0.696,0.88,0.404,0.17,0.384,0.06,0.526
677,,0.98,0.686,0.87,0.394,0.16,0.374,0.05,0.516
678,,0.97,0.676,0.86,0.384,0.15,0.364,0.04,0.506
679,,0.96,0.666,0.85,0.374,0.14,0.354,0.03,0.496
680,,0.95,0.656,0.84,0.364,0.13,0.344,0.02,0.486
681,,0.94,0.646,0.83,0.354,0.12,0.334,0.01,0.476
682,,0.93,0.636,0.82,0.344,0.11,0.324,0.0,0.466
683,,0.92,0.626,0.81,0.334,0.1,0.314,-0.01,0.456
684,7,0.91,0.333,0.4,0.041,0.09,0.587,0.99,0.729
685,7,0.9,0.04,-0.01,-0.252,0.08,0.86,1.0,1.0
686,4,0.607,0.03,0.263,0.748,0.353,0.85,0.707,0.59
687,4,0.314,0.02,0.536,1.0,0.626,0.84,0.414,0.18
688,,0.304,0.01,0.526,0.99,0.616,0.83,0.404,0.17
689,,0.294,0.0,0.516,0.98,0.606,0.82,0.394,0.16
690,,0.284,-0.01,0.506,0.97,0.596,0.81,0.384,0.15
691,2,0.557,0.99,0.779,0.96,0.303,0.4,0.091,0.14
692,2,0.83,1.0,1.0,0.95,0.01,-0.01,-0.202,0.13
693,7,0.82,0.707,0.59,0.657,0.0,0.263,0.798,0.403
694,7,0.81,0.414,0.18,0.364,-0.01,0.536,1.0,0.676
695,5,0.4,0.121,0.17,0.637,0.99,0.809,0.99,0.383
696,5,-0.01,-0.172,0.16,0.91,1.0,1.0,0.98,0.09
697,2,0.263,0.828,0.433,0.9,0.707,0.59,0.687,0.08
698,2,0.536,1.0,0.706,0.89,0.414,0.18,0.394,0.07
699,,0.526,0.99,0.696,0.88,0.404,0.17,0.384,0.06
700,,0.516,0.98,0.686,0.87,0.394,0.16,0.374,0.05
701,,0.506,0.97,0.676,0.86,0.384,0.15,0.364,0.04
702,,0.496,0.96,0.666,0.85,0.374,0.14,0.354,0.03
703,,0.486,0.95,0.656,0.84,0.364,0.13,0.344,0.02
704,,0.476,0.94,0.646,0.83,0.354,0.12,0.334,0.01
705,,0.466,0.93,0.636,0.82,0.344,0.11,0.324,0.0
706,,0.456,0.92,0.626,0.81,0.334,0.1,0.314,-0.01
707,8,0.729,0.91,0.333,0.4,0.041,0.09,0.587,0.99
708,8,1.0,0.9,0.04,-0.01,-0.252,0.08,0.86,1.0
709,5,0.59,0.607,0.03,0.263,0.748,0.353,0.85,0.707
710,5,0.18,0.314,0.02,0.536,1.0,0.626,0.84,0.414
711,,0.17,0.304,0.01,0.526,0.99,0.616,0.83,0.404
712,,0.16,0.294,0.0,0.516,0.98,0.606,0.82,0.394
713,,0.15,0.284,-0.01,0.506,0.97,0.596,0.81,0.384
714,3,0.14,0.557,0.99,0.779,0.96,0.303,0.4,0.091
715,3,0.13,0.83,1.0,1.0,0.95,0.01,-0.01,-0.202
716,8,0.403,0.82,0.707,0.59,0.657,0.0,0.263,0.798
717,8,0.676,0.81,0.414,0.18,0.364,-0.01,0.536,1.0
718,6,0.383,0.4,0.121,0.17,0.637,0.99,0.809,0.99
719,6,0.09,-0.01,-0.172,0.16,0.91,1.0,1.0,0.98
720,3,0.08,0.263,0.828,0.433,0.9,0.707,0.59,0.687
721,3,0.07,0.536,1.0,0.706,0.89,0.414,0.18,0.394
722,,0.06,0.526,0.99,0.696,0.88,0.404,0.17,0.384
723,,0.05,0.516,0.98,0.686,0.87,0.394,0.16,0.374
724,,0.04,0.506,0.97,0.676,0.86,0.384,0.15,0.364
725,,0.03,0.496,0.96,0.666,0.85,0.374,0.14,0.354
726,,0.02,0.486,0.95,0.656,0.84,0.364,0.13,0.344
727,,0.01,0.476,0.94,0.646,0.83,0.354,0.12,0.334
728,,0.0,0.466,0.93,0.636,0.82,0.344,0.11,0.324
729,,-0.01,0.456,0.92,0.626,0.81,0.334,0.1,0.314
730,1,0.99,0.729,0.91,0.333,0.4,0.041,0.09,0.587
731,1,1.0,1.0,0.9,0.04,-0.01,-0.252,0.08,0.86
732,6,0.707,0.59,0.607,0.03,0.263,0.748,0.353,0.85
733,6,0.414,0.18,0.314,0.02,0.536,1.0,0.626,0.84
734,,0.404,0.17,0.304,0.01,0.526,0.99,0.616,0.83
735,,0.394,0.16,0.294,0.0,0.516,0.98,0.606,0.82
736,,0.384,0.15,0.284,-0.01,0.506,0.97,0.596,0.81
737,4,0.091,0.14,0.557,0.99,0.779,0.96,0.303,0.4
738,4,-0.202,0.13,0.83,1.0,1.0,0.95,0.01,-0.01
739,1,0.798,0.403,0.82,0.707,0.59,0.657,0.0,0.263
740,1,1.0,0.676,0.81,0.414,0.18,0.364,-0.01,0.536
741,7,0.99,0.383,0.4,0.121,0.17,0.637,0.99,0.809
742,7,0.98,0.09,-0.01,-0.172,0.16,0.91,1.0,1.0
743,4,0.687,0.08,0.263,0.828,0.433,0.9,0.707,0.59
744,4,0.394,0.07,0.536,1.0,0.706,0.89,0.414,0.18
745,,0.384,0.06,0.526,0.99,0.696,0.88,0.404,0.17
746,,0.374,0.05,0.516,0.98,0.686,0.87,0.394,0.16
747,,0.364,0.04,0.506,0.97,0.676,0.86,0.384,0.15
748,,0.354,0.03,0.496,0.96,0.666,0.85,0.374,0.14
749,,0.344,0.02,0.486,0.95,0.656,0.84,0.364,0.13
750,,0.334,0.01,0.476,0.94,0.646,0.83,0.354,0.12
751,,0.324,0.0,0.466,0.93,0.636,0.82,0.344,0.11
752,,0.314,-0.01,0.456,0.92,0.626,0.81,0.334,0.1
753,2,0.587,0.99,0.729,0.91,0.333,0.4,0.041,0.09
754,2,0.86,1.0,1.0,0.9,0.04,-0.01,-0.252,0.08
755,7,0.85,0.707,0.59,0.607,0.03,0.263,0.748,0.353
756,7,0.84,0.414,0.18,0.314,0.02,0.536,1.0,0.626
757,,0.83,0.404,0.17,0.304,0.01,0.526,0.99,0.616
758,,0.82,0.394,0.16,0.294,0.0,0.516,0.98,0.606
759,,0.81,0.384,0.15,0.284,-0.01,0.506,0.97,0.596
760,5,0.4,0.091,0.14,0.557,0.99,0.779,0.96,0.303
761,5,-0.01,-0.202,0.13,0.83,1.0,1.0,0.95,0.01
762,2,0.263,0.798,0.403,0.82,0.707,0.59,0.657,0.0
763,2,0.536,1.0,0.676,0.81,0.414,0.18,0.364,-0.01
764,8,0.809,0.99,0.383,0.4,0.121,0.17,0.637,0.99
765,8,1.0,0.98,0.09,-0.01,-0.172,0.16,0.91,1.0
766,5,0.59,0.687,0.08,0.263,0.828,0.433,0.9,0.707
767,5,0.18,0.394,0.07,0.536,1.0,0.706,0.89,0.414
768,,0.17,0.384,0.06,0.526,0.99,0.696,0.88,0.404
769,,0.16,0.374,0.05,0.516,0.98,0.686,0.87,0.394
770,,0.15,0.364,0.04,0.506,0.97,0.676,0.86,0.384
771,,0.14,0.354,0.03,0.496,0.96,0.666,0.85,0.374
772,,0.13,0.344,0.02,0.486,0.95,0.656,0.84,0.364
773,,0.12,0.334,0.01,0.476,0.94,0.646,0.83,0.354
774,,0.11,0.324,0.0,0.466,0.93,0.636,0.82,0.344
775,,0.1,0.314,-0.01,0.456,0.92,0.626,0.81,0.334
776,3,0.09,0.587,0.99,0.729,0.91,0.333,0.4,0.041
777,3,0.08,0.86,1.0,1.0,0.9,0.04,-0.01,-0.252
778,8,0.353,0.85,0.707,0.59,0.607,0.03,0.263,0.748
779,8,0.626,0.84,0.414,0.18,0.314,0.02,0.536,1.0
780,,0.616,0.83,0.404,0.17,0.304,0.01,0.526,0.99
781,,0.606,0.82,0.394,0.16,0.294,0.0,0.516,0.98
782,,0.596,0.81,0.384,0.15,0.284,-0.01,0.506,0.97
783,6,0.303,0.4,0.091,0.14,0.557,0.99,0.779,0.96
784,6,0.01,-0.01,-0.202,0.13,0.83,1.0,1.0,0.95
785,3,0.0,0.263,0.798,0.403,0.82,0.707,0.59,0.657
786,3,-0.01,0.536,1.0,0.676,0.81,0.414,0.18,0.364
787,1,0.99,0.809,0.99,0.383,0.4,0.121,0.17,0.637
788,1,1.0,1.0,0.98,0.09,-0.01,-0.172,0.16,0.91
789,6,0.707,0.59,0.687,0.08,0.263,0.828,0.433,0.9
790,6,0.414,0.18,0.394,0.07,0.536,1.0,0.706,0.89
791,,0.404,0.17,0.384,0.06,0.526,0.99,0.696,0.88
792,,0.394,0.16,0.374,0.05,0.516,0.98,0.686,0.87
793,,0.384,0.15,0.364,0.04,0.506,0.97,0.676,0.86
794,,0.374,0.14,0.354,0.03,0.496,0.96,0.666,0.85
795,,0.364,0.13,0.344,0.02,0.486,0.95,0.656,0.84
796,,0.354,0.12,0.334,0.01,0.476,0.94,0.646,0.83
797,,0.344,0.11,0.324,0.0,0.466,0.93,0.636,0.82
798,,0.334,0.1,0.314,-0.01,0.456,0.92,0.626,0.81
799,4,0.041,0.09,0.587,0.99,0.729,0.91,0.333,0.4
800,4,-0.252,0.08,0.86,1.0,1.0,0.9,0.04,-0.01
801,1,0.748,0.353,0.85,0.707,0.59,0.607,0.03,0.263
802,1,1.0,0.626,0.84,0.414,0.18,0.314,0.02,0.536
803,,0.99,0.616,0.83,0.404,0.17,0.304,0.01,0.526
804,,0.98,0.606,0.82,0.394,0.16,0.294,0.0,0.516
805,,0.97,0.596,0.81,0.384,0.15,0.284,-0.01,0.506
806,7,0.96,0.303,0.4,0.091,0.14,0.557,0.99,0.779
807,7,0.95,0.01,-0.01,-0.202,0.13,0.83,1.0,1.0
808,4,0.657,0.0,0.263,0.798,0.403,0.82,0.707,0.59
