step,active_motive,motive_1,motive_2,motive_3,motive_4,motive_5,motive_6,motive_7,motive_8
0,,0.0642,0.00841,0.01616,0.08986,0.06064,0.00092,0.01015,0.06635
1,,0.0542,-0.00159,0.00616,0.07986,0.05064,-0.00908,0.00015,0.05635
2,6,-0.2388,-0.41159,-0.28684,0.06986,0.32364,0.99092,0.27315,0.04635
3,6,-0.5318,-0.82159,-0.57984,0.05986,0.59664,1.0,0.54615,0.03635
4,2,-0.2588,0.17841,-0.30684,0.04986,0.30364,0.59,0.25315,0.02635
5,2,0.0142,1.0,-0.03384,0.03986,0.01064,0.18,-0.03985,0.01635
6,7,0.0042,0.707,-0.44384,-0.25314,0.00064,0.453,0.96015,0.28935
7,7,-0.0058,0.414,-0.85384,-0.54614,-0.00936,0.726,1.0,0.56235
8,3,-0.0158,0.687,0.14616,-0.27314,-0.01936,0.433,0.59,0.26935
9,3,-0.0258,0.96,1.0,-0.00014,-0.02936,0.14,0.18,-0.02365
10,5,-0.4358,0.667,0.99,0.27286,0.97064,0.413,0.17,-0.31665
11,5,-0.8458,0.374,0.98,0.54586,1.0,0.686,0.16,-0.60965
12,1,0.1542,0.647,0.97,0.25286,0.59,0.393,0.15,-0.33665
13,1,1.0,0.92,0.96,-0.04014,0.18,0.1,0.14,-0.06365
14,8,1.0,0.91,0.667,-0.45014,-0.113,0.09,0.413,0.93635
15,8,1.0,0.9,0.374,-0.86014,-0.406,0.08,0.686,1.0
16,4,0.707,0.89,0.647,0.13986,-0.133,0.07,0.393,0.59
17,4,0.414,0.88,0.92,1.0,0.14,0.06,0.1,0.18
18,,0.404,0.87,0.91,0.99,0.13,0.05,0.09,0.17
19,,0.394,0.86,0.9,0.98,0.12,0.04,0.08,0.16
20,,0.384,0.85,0.89,0.97,0.11,0.03,0.07,0.15
21,,0.374,0.84,0.88,0.96,0.1,0.02,0.06,0.14
22,,0.364,0.83,0.87,0.95,0.09,0.01,0.05,0.13
23,,0.354,0.82,0.86,0.94,0.08,0.0,0.04,0.12
24,,0.344,0.81,0.85,0.93,0.07,-0.01,0.03,0.11
25,6,0.051,0.4,0.557,0.92,0.343,0.99,0.303,0.1
26,6,-0.242,-0.01,0.264,0.91,0.616,1.0,0.576,0.09
27,1,0.758,0.263,0.254,0.617,0.206,0.707,0.566,0.363
28,1,1.0,0.536,0.244,0.324,-0.204,0.414,0.556,0.636
29,5,0.59,0.243,0.234,0.597,0.796,0.687,0.546,0.343
30,5,0.18,-0.05,0.224,0.87,1.0,0.96,0.536,0.05
31,2,0.453,0.95,0.497,0.86,0.707,0.55,0.243,0.04
32,2,0.726,1.0,0.77,0.85,0.414,0.14,-0.05,0.03
33,7,0.716,0.707,0.36,0.557,0.404,0.413,0.95,0.303
34,7,0.706,0.414,-0.05,0.264,0.394,0.686,1.0,0.576
35,3,0.696,0.687,0.95,0.537,0.384,0.393,0.59,0.283
36,3,0.686,0.96,1.0,0.81,0.374,0.1,0.18,-0.01
37,8,0.959,0.95,0.707,0.4,0.081,0.09,0.453,0.99
38,8,1.0,0.94,0.414,-0.01,-0.212,0.08,0.726,1.0
39,5,0.59,0.647,0.404,0.263,0.788,0.353,0.716,0.707
40,5,0.18,0.354,0.394,0.536,1.0,0.626,0.706,0.414
41,,0.17,0.344,0.384,0.526,0.99,0.616,0.696,0.404
42,,0.16,0.334,0.374,0.516,0.98,0.606,0.686,0.394
43,,0.15,0.324,0.364,0.506,0.97,0.596,0.676,0.384
44,,0.14,0.314,0.354,0.496,0.96,0.586,0.666,0.374
45,,0.13,0.304,0.344,0.486,0.95,0.576,0.656,0.364
46,,0.12,0.294,0.334,0.476,0.94,0.566,0.646,0.354
47,,0.11,0.284,0.324,0.466,0.93,0.556,0.636,0.344
48,,0.1,0.274,0.314,0.456,0.92,0.546,0.626,0.334
49,,0.09,0.264,0.304,0.446,0.91,0.536,0.616,0.324
50,,0.08,0.254,0.294,0.436,0.9,0.526,0.606,0.314
51,,0.07,0.244,0.284,0.426,0.89,0.516,0.596,0.304
52,,0.06,0.234,0.274,0.416,0.88,0.506,0.586,0.294
53,,0.05,0.224,0.264,0.406,0.87,0.496,0.576,0.284
54,,0.04,0.214,0.254,0.396,0.86,0.486,0.566,0.274
55,,0.03,0.204,0.244,0.386,0.85,0.476,0.556,0.264
56,,0.02,0.194,0.234,0.376,0.84,0.466,0.546,0.254
57,,0.01,0.184,0.224,0.366,0.83,0.456,0.536,0.244
58,,0.0,0.174,0.214,0.356,0.82,0.446,0.526,0.234
59,,-0.01,0.164,0.204,0.346,0.81,0.436,0.516,0.224
60,1,0.99,0.437,0.194,0.053,0.4,0.143,0.506,0.497
61,1,1.0,0.71,0.184,-0.24,-0.01,-0.15,0.496,0.77
62,4,0.707,0.7,0.457,0.76,0.263,-0.16,0.203,0.36
63,4,0.414,0.69,0.73,1.0,0.536,-0.17,-0.09,-0.05
64,6,0.121,0.28,0.437,0.99,0.809,0.83,0.183,-0.06
65,6,-0.172,-0.13,0.144,0.98,1.0,1.0,0.456,-0.07
66,1,0.828,0.143,0.134,0.687,0.59,0.707,0.446,0.203
67,1,1.0,0.416,0.124,0.394,0.18,0.414,0.436,0.476
68,,0.99,0.406,0.114,0.384,0.17,0.404,0.426,0.466
69,,0.98,0.396,0.104,0.374,0.16,0.394,0.416,0.456
70,,0.97,0.386,0.094,0.364,0.15,0.384,0.406,0.446
71,,0.96,0.376,0.084,0.354,0.14,0.374,0.396,0.436
72,,0.95,0.366,0.074,0.344,0.13,0.364,0.386,0.426
73,,0.94,0.356,0.064,0.334,0.12,0.354,0.376,0.416
74,,0.93,0.346,0.054,0.324,0.11,0.344,0.366,0.406
75,,0.92,0.336,0.044,0.314,0.1,0.334,0.356,0.396
76,,0.91,0.326,0.034,0.304,0.09,0.324,0.346,0.386
77,,0.9,0.316,0.024,0.294,0.08,0.314,0.336,0.376
78,,0.89,0.306,0.014,0.284,0.07,0.304,0.326,0.366
79,,0.88,0.296,0.004,0.274,0.06,0.294,0.316,0.356
80,,0.87,0.286,-0.006,0.264,0.05,0.284,0.306,0.346
81,3,0.86,0.559,0.994,0.537,0.04,-0.009,-0.104,0.053
82,3,0.85,0.832,1.0,0.81,0.03,-0.302,-0.514,-0.24
83,7,0.84,0.539,0.59,0.517,0.02,-0.029,0.486,0.033
84,7,0.83,0.246,0.18,0.224,0.01,0.244,1.0,0.306
85,,0.82,0.236,0.17,0.214,0.0,0.234,0.99,0.296
86,,0.81,0.226,0.16,0.204,-0.01,0.224,0.98,0.286
87,5,0.4,-0.067,0.15,0.477,0.99,0.497,0.97,-0.007
88,5,-0.01,-0.36,0.14,0.75,1.0,0.77,0.96,-0.3
89,2,0.263,0.64,0.413,0.74,0.707,0.36,0.667,-0.31
90,2,0.536,1.0,0.686,0.73,0.414,-0.05,0.374,-0.32
91,8,0.809,0.99,0.393,0.32,0.121,-0.06,0.647,0.68
92,8,1.0,0.98,0.1,-0.09,-0.172,-0.07,0.92,1.0
93,5,0.59,0.687,0.09,0.183,0.828,0.203,0.91,0.707
94,5,0.18,0.394,0.08,0.456,1.0,0.476,0.9,0.414
95,,0.17,0.384,0.07,0.446,0.99,0.466,0.89,0.404
96,,0.16,0.374,0.06,0.436,0.98,0.456,0.88,0.394
97,,0.15,0.364,0.05,0.426,0.97,0.446,0.87,0.384
98,,0.14,0.354,0.04,0.416,0.96,0.436,0.86,0.374
99,,0.13,0.344,0.03,0.406,0.95,0.426,0.85,0.364
100,,0.12,0.334,0.02,0.396,0.94,0.416,0.84,0.354
101,,0.11,0.324,0.01,0.386,0.93,0.406,0.83,0.344
102,,0.1,0.314,0.0,0.376,0.92,0.396,0.82,0.334
103,,0.09,0.304,-0.01,0.366,0.91,0.386,0.81,0.324
104,3,0.08,0.577,0.99,0.639,0.9,0.093,0.4,0.031
105,3,0.07,0.85,1.0,0.912,0.89,-0.2,-0.01,-0.262
106,8,0.343,0.84,0.707,0.502,0.597,-0.21,0.263,0.738
107,8,0.616,0.83,0.414,0.092,0.304,-0.22,0.536,1.0
108,6,0.323,0.42,0.121,0.082,0.577,0.78,0.809,0.99
109,6,0.03,0.01,-0.172,0.072,0.85,1.0,1.0,0.98
110,3,0.02,0.283,0.828,0.345,0.84,0.707,0.59,0.687
111,3,0.01,0.556,1.0,0.618,0.83,0.414,0.18,0.394
112,,0.0,0.546,0.99,0.608,0.82,0.404,0.17,0.384
113,,-0.01,0.536,0.98,0.598,0.81,0.394,0.16,0.374
114,1,0.99,0.809,0.97,0.305,0.4,0.101,0.15,0.647
115,1,1.0,1.0,0.96,0.012,-0.01,-0.192,0.14,0.92
116,6,0.707,0.59,0.667,0.002,0.263,0.808,0.413,0.91
117,6,0.414,0.18,0.374,-0.008,0.536,1.0,0.686,0.9
118,4,0.121,0.17,0.647,0.992,0.809,0.99,0.393,0.49
119,4,-0.172,0.16,0.92,1.0,1.0,0.98,0.1,0.08
120,1,0.828,0.433,0.91,0.707,0.59,0.687,0.09,0.353
121,1,1.0,0.706,0.9,0.414,0.18,0.394,0.08,0.626
122,,0.99,0.696,0.89,0.404,0.17,0.384,0.07,0.616
123,,0.98,0.686,0.88,0.394,0.16,0.374,0.06,0.606
124,,0.97,0.676,0.87,0.384,0.15,0.364,0.05,0.596
125,,0.96,0.666,0.86,0.374,0.14,0.354,0.04,0.586
126,,0.95,0.656,0.85,0.364,0.13,0.344,0.03,0.576
127,,0.94,0.646,0.84,0.354,0.12,0.334,0.02,0.566
128,,0.93,0.636,0.83,0.344,0.11,0.324,0.01,0.556
129,,0.92,0.626,0.82,0.334,0.1,0.314,0.0,0.546
130,,0.91,0.616,0.81,0.324,0.09,0.304,-0.01,0.536
131,7,0.9,0.323,0.4,0.031,0.08,0.577,0.99,0.809
132,7,0.89,0.03,-0.01,-0.262,0.07,0.85,1.0,1.0
133,4,0.597,0.02,0.263,0.738,0.343,0.84,0.707,0.59
134,4,0.304,0.01,0.536,1.0,0.616,0.83,0.414,0.18
135,,0.294,0.0,0.526,0.99,0.606,0.82,0.404,0.17
136,,0.284,-0.01,0.516,0.98,0.596,0.81,0.394,0.16
137,2,0.557,0.99,0.789,0.97,0.303,0.4,0.101,0.15
138,2,0.83,1.0,1.0,0.96,0.01,-0.01,-0.192,0.14
139,7,0.82,0.707,0.59,0.667,0.0,0.263,0.808,0.413
140,7,0.81,0.414,0.18,0.374,-0.01,0.536,1.0,0.686
141,5,0.4,0.121,0.17,0.647,0.99,0.809,0.99,0.393
142,5,-0.01,-0.172,0.16,0.92,1.0,1.0,0.98,0.1
143,2,0.263,0.828,0.433,0.91,0.707,0.59,0.687,0.09
144,2,0.536,1.0,0.706,0.9,0.414,0.18,0.394,0.08
145,,0.526,0.99,0.696,0.89,0.404,0.17,0.384,0.07
146,,0.516,0.98,0.686,0.88,0.394,0.16,0.374,0.06
147,,0.506,0.97,0.676,0.87,0.384,0.15,0.364,0.05
148,,0.496,0.96,0.666,0.86,0.374,0.14,0.354,0.04
149,,0.486,0.95,0.656,0.85,0.364,0.13,0.344,0.03
150,,0.476,0.94,0.646,0.84,0.354,0.12,0.334,0.02
151,,0.466,0.93,0.636,0.83,0.344,0.11,0.324,0.01
152,,0.456,0.92,0.626,0.82,0.334,0.1,0.314,0.0
153,,0.446,0.91,0.616,0.81,0.324,0.09,0.304,-0.01
154,8,0.719,0.9,0.323,0.4,0.031,0.08,0.577,0.99
155,8,0.992,0.89,0.03,-0.01,-0.262,0.07,0.85,1.0
156,5,0.582,0.597,0.02,0.263,0.738,0.343,0.84,0.707
157,5,0.172,0.304,0.01,0.536,1.0,0.616,0.83,0.414
158,,0.162,0.294,0.0,0.526,0.99,0.606,0.82,0.404
159,,0.152,0.284,-0.01,0.516,0.98,0.596,0.81,0.394
160,3,0.142,0.557,0.99,0.789,0.97,0.303,0.4,0.101
161,3,0.132,0.83,1.0,1.0,0.96,0.01,-0.01,-0.192
162,8,0.405,0.82,0.707,0.59,0.667,0.0,0.263,0.808
163,8,0.678,0.81,0.414,0.18,0.374,-0.01,0.536,1.0
164,6,0.385,0.4,0.121,0.17,0.647,0.99,0.809,0.99
165,6,0.092,-0.01,-0.172,0.16,0.92,1.0,1.0,0.98
166,3,0.082,0.263,0.828,0.433,0.91,0.707,0.59,0.687
167,3,0.072,0.536,1.0,0.706,0.9,0.414,0.18,0.394
168,,0.062,0.526,0.99,0.696,0.89,0.404,0.17,0.384
169,,0.052,0.516,0.98,0.686,0.88,0.394,0.16,0.374
170,,0.042,0.506,0.97,0.676,0.87,0.384,0.15,0.364
171,,0.032,0.496,0.96,0.666,0.86,0.374,0.14,0.354
172,,0.022,0.486,0.95,0.656,0.85,0.364,0.13,0.344
173,,0.012,0.476,0.94,0.646,0.84,0.354,0.12,0.334
174,,0.002,0.466,0.93,0.636,0.83,0.344,0.11,0.324
175,,-0.008,0.456,0.92,0.626,0.82,0.334,0.1,0.314
176,1,0.992,0.729,0.91,0.333,0.41,0.041,0.09,0.587
177,1,1.0,1.0,0.9,0.04,-0.0,-0.252,0.08,0.86
178,6,0.707,0.59,0.607,0.03,0.273,0.748,0.353,0.85
179,6,0.414,0.18,0.314,0.02,0.546,1.0,0.626,0.84
180,,0.404,0.17,0.304,0.01,0.536,0.99,0.616,0.83
181,,0.394,0.16,0.294,0.0,0.526,0.98,0.606,0.82
182,,0.384,0.15,0.284,-0.01,0.516,0.97,0.596,0.81
183,4,0.091,0.14,0.557,0.99,0.789,0.96,0.303,0.4
184,4,-0.202,0.13,0.83,1.0,1.0,0.95,0.01,-0.01
185,1,0.798,0.403,0.82,0.707,0.59,0.657,0.0,0.263
186,1,1.0,0.676,0.81,0.414,0.18,0.364,-0.01,0.536
187,7,0.99,0.383,0.4,0.121,0.17,0.637,0.99,0.809
188,7,0.98,0.09,-0.01,-0.172,0.16,0.91,1.0,1.0
189,4,0.687,0.08,0.263,0.828,0.433,0.9,0.707,0.59
190,4,0.394,0.07,0.536,1.0,0.706,0.89,0.414,0.18
191,,0.384,0.06,0.526,0.99,0.696,0.88,0.404,0.17
192,,0.374,0.05,0.516,0.98,0.686,0.87,0.394,0.16
193,,0.364,0.04,0.506,0.97,0.676,0.86,0.384,0.15
194,,0.354,0.03,0.496,0.96,0.666,0.85,0.374,0.14
195,,0.344,0.02,0.486,0.95,0.656,0.84,0.364,0.13
196,,0.334,0.01,0.476,0.94,0.646,0.83,0.354,0.12
197,,0.324,0.0,0.466,0.93,0.636,0.82,0.344,0.11
198,,0.314,-0.01,0.456,0.92,0.626,0.81,0.334,0.1
199,2,0.587,0.99,0.729,0.91,0.333,0.4,0.041,0.09
200,2,0.86,1.0,1.0,0.9,0.04,-0.01,-0.252,0.08
201,7,0.85,0.707,0.59,0.607,0.03,0.263,0.748,0.353
202,7,0.84,0.414,0.18,0.314,0.02,0.536,1.0,0.626
203,,0.83,0.404,0.17,0.304,0.01,0.526,0.99,0.616
204,,0.82,0.394,0.16,0.294,0.0,0.516,0.98,0.606
205,,0.81,0.384,0.15,0.284,-0.01,0.506,0.97,0.596
206,5,0.4,0.091,0.14,0.557,0.99,0.779,0.96,0.303
207,5,-0.01,-0.202,0.13,0.83,1.0,1.0,0.95,0.01
208,2,0.263,0.798,0.403,0.82,0.707,0.59,0.657,0.0
209,2,0.536,1.0,0.676,0.81,0.414,0.18,0.364,-0.01
210,8,0.809,0.99,0.383,0.4,0.121,0.17,0.637,0.99
211,8,1.0,0.98,0.09,-0.01,-0.172,0.16,0.91,1.0
212,5,0.59,0.687,0.08,0.263,0.828,0.433,0.9,0.707
213,5,0.18,0.394,0.07,0.536,1.0,0.706,0.89,0.414
214,,0.17,0.384,0.06,0.526,0.99,0.696,0.88,0.404
215,,0.16,0.374,0.05,0.516,0.98,0.686,0.87,0.394
216,,0.15,0.364,0.04,0.506,0.97,0.676,0.86,0.384
217,,0.14,0.354,0.03,0.496,0.96,0.666,0.85,0.374
218,,0.13,0.344,0.02,0.486,0.95,0.656,0.84,0.364
219,,0.12,0.334,0.01,0.476,0.94,0.646,0.83,0.354
220,,0.11,0.324,0.0,0.466,0.93,0.636,0.82,0.344
221,,0.1,0.314,-0.01,0.456,0.92,0.626,0.81,0.334
222,3,0.09,0.587,0.99,0.729,0.91,0.333,0.4,0.041
223,3,0.08,0.86,1.0,1.0,0.9,0.04,-0.01,-0.252
224,8,0.353,0.85,0.707,0.59,0.607,0.03,0.263,0.748
225,8,0.626,0.84,0.414,0.18,0.314,0.02,0.536,1.0
226,,0.616,0.83,0.404,0.17,0.304,0.01,0.526,0.99
227,,0.606,0.82,0.394,0.16,0.294,0.0,0.516,0.98
228,,0.596,0.81,0.384,0.15,0.284,-0.01,0.506,0.97
229,6,0.303,0.4,0.091,0.14,0.557,0.99,0.779,0.96
230,6,0.01,-0.01,-0.202,0.13,0.83,1.0,1.0,0.95
231,3,0.0,0.263,0.798,0.403,0.82,0.707,0.59,0.657
232,3,-0.01,0.536,1.0,0.676,0.81,0.414,0.18,0.364
233,1,0.99,0.809,0.99,0.383,0.4,0.121,0.17,0.637
234,1,1.0,1.0,0.98,0.09,-0.01,-0.172,0.16,0.91
235,6,0.707,0.59,0.687,0.08,0.263,0.828,0.433,0.9
236,6,0.414,0.18,0.394,0.07,0.536,1.0,0.706,0.89
237,,0.404,0.17,0.384,0.06,0.526,0.99,0.696,0.88
238,,0.394,0.16,0.374,0.05,0.516,0.98,0.686,0.87
239,,0.384,0.15,0.364,0.04,0.506,0.97,0.676,0.86
240,,0.374,0.14,0.354,0.03,0.496,0.96,0.666,0.85
241,,0.364,0.13,0.344,0.02,0.486,0.95,0.656,0.84
242,,0.354,0.12,0.334,0.01,0.476,0.94,0.646,0.83
243,,0.344,0.11,0.324,0.0,0.466,0.93,0.636,0.82
244,,0.334,0.1,0.314,-0.01,0.456,0.92,0.626,0.81
245,4,0.041,0.09,0.587,0.99,0.729,0.91,0.333,0.4
246,4,-0.252,0.08,0.86,1.0,1.0,0.9,0.04,-0.01
247,1,0.748,0.353,0.85,0.707,0.59,0.607,0.03,0.263
248,1,1.0,0.626,0.84,0.414,0.18,0.314,0.02,0.536
249,,0.99,0.616,0.83,0.404,0.17,0.304,0.01,0.526
250,,0.98,0.606,0.82,0.394,0.16,0.294,0.0,0.516
251,,0.97,0.596,0.81,0.384,0.15,0.284,-0.01,0.506
252,7,0.96,0.303,0.4,0.091,0.14,0.557,0.99,0.779
253,7,0.95,0.01,-0.01,-0.202,0.13,0.83,1.0,1.0
254,4,0.657,0.0,0.263,0.798,0.403,0.82,0.707,0.59
255,4,0.364,-0.01,0.536,1.0,0.676,0.81,0.414,0.18
256,2,0.637,0.99,0.809,0.99,0.383,0.4,0.121,0.17
257,2,0.91,1.0,1.0,0.98,0.09,-0.01,-0.172,0.16
258,7,0.9,0.707,0.59,0.687,0.08,0.263,0.828,0.433
259,7,0.89,0.414,0.18,0.394,0.07,0.536,1.0,0.706
260,,0.88,0.404,0.17,0.384,0.06,0.526,0.99,0.696
261,,0.87,0.394,0.16,0.374,0.05,0.516,0.98,0.686
262,,0.86,0.384,0.15,0.364,0.04,0.506,0.97,0.676
263,,0.85,0.374,0.14,0.354,0.03,0.496,0.96,0.666
264,,0.84,0.364,0.13,0.344,0.02,0.486,0.95,0.656
265,,0.83,0.354,0.12,0.334,0.01,0.476,0.94,0.646
266,,0.82,0.344,0.11,0.324,0.0,0.466,0.93,0.636
267,,0.81,0.334,0.1,0.314,-0.01,0.456,0.92,0.626
268,5,0.4,0.041,0.09,0.587,0.99,0.729,0.91,0.333
269,5,-0.01,-0.252,0.08,0.86,1.0,1.0,0.9,0.04
270,2,0.263,0.748,0.353,0.85,0.707,0.59,0.607,0.03
271,2,0.536,1.0,0.626,0.84,0.414,0.18,0.314,0.02
272,,0.526,0.99,0.616,0.83,0.404,0.17,0.304,0.01
273,,0.516,0.98,0.606,0.82,0.394,0.16,0.294,0.0
274,,0.506,0.97,0.596,0.81,0.384,0.15,0.284,-0.01
275,8,0.779,0.96,0.303,0.4,0.091,0.14,0.557,0.99
276,8,1.0,0.95,0.01,-0.01,-0.202,0.13,0.83,1.0
277,5,0.59,0.657,0.0,0.263,0.798,0.403,0.82,0.707
278,5,0.18,0.364,-0.01,0.536,1.0,0.676,0.81,0.414
279,3,0.17,0.637,0.99,0.809,0.99,0.383,0.4,0.121
280,3,0.16,0.91,1.0,1.0,0.98,0.09,-0.01,-0.172
281,8,0.433,0.9,0.707,0.59,0.687,0.08,0.263,0.828
282,8,0.706,0.89,0.414,0.18,0.394,0.07,0.536,1.0
283,,0.696,0.88,0.404,0.17,0.384,0.06,0.526,0.99
284,,0.686,0.87,0.394,0.16,0.374,0.05,0.516,0.98
285,,0.676,0.86,0.384,0.15,0.364,0.04,0.506,0.97
286,,0.666,0.85,0.374,0.14,0.354,0.03,0.496,0.96
287,,0.656,0.84,0.364,0.13,0.344,0.02,0.486,0.95
288,,0.646,0.83,0.354,0.12,0.334,0.01,0.476,0.94
289,,0.636,0.82,0.344,0.11,0.324,0.0,0.466,0.93
290,,0.626,0.81,0.334,0.1,0.314,-0.01,0.456,0.92
291,6,0.333,0.4,0.041,0.09,0.587,0.99,0.729,0.91
292,6,0.04,-0.01,-0.252,0.08,0.86,1.0,1.0,0.9
293,3,0.03,0.263,0.748,0.353,0.85,0.707,0.59,0.607
294,3,0.02,0.536,1.0,0.626,0.84,0.414,0.18,0.314
295,,0.01,0.526,0.99,0.616,0.83,0.404,0.17,0.304
296,,0.0,0.516,0.98,0.606,0.82,0.394,0.16,0.294
297,,-0.01,0.506,0.97,0.596,0.81,0.384,0.15,0.284
298,1,0.99,0.779,0.96,0.303,0.4,0.091,0.14,0.557
299,1,1.0,1.0,0.95,0.01,-0.01,-0.202,0.13,0.83
300,6,0.707,0.59,0.657,0.0,0.263,0.798,0.403,0.82
301,6,0.414,0.18,0.364,-0.01,0.536,1.0,0.676,0.81
302,4,0.121,0.17,0.637,0.99,0.809,0.99,0.383,0.4
303,4,-0.172,0.16,0.91,1.0,1.0,0.98,0.09,-0.01
304,1,0.828,0.433,0.9,0.707,0.59,0.687,0.08,0.263
305,1,1.0,0.706,0.89,0.414,0.18,0.394,0.07,0.536
306,,0.99,0.696,0.88,0.404,0.17,0.384,0.06,0.526
307,,0.98,0.686,0.87,0.394,0.16,0.374,0.05,0.516
308,,0.97,0.676,0.86,0.384,0.15,0.364,0.04,0.506
309,,0.96,0.666,0.85,0.374,0.14,0.354,0.03,0.496
310,,0.95,0.656,0.84,0.364,0.13,0.344,0.02,0.486
311,,0.94,0.646,0.83,0.354,0.12,0.334,0.01,0.476
312,,0.93,0.636,0.82,0.344,0.11,0.324,0.0,0.466
313,,0.92,0.626,0.81,0.334,0.1,0.314,-0.01,0.456
314,7,0.91,0.333,0.4,0.041,0.09,0.587,0.99,0.729
315,7,0.9,0.04,-0.01,-0.252,0.08,0.86,1.0,1.0
316,4,0.607,0.03,0.263,0.748,0.353,0.85,0.707,0.59
317,4,0.314,0.02,0.536,1.0,0.626,0.84,0.414,0.18
318,,0.304,0.01,0.526,0.99,0.616,0.83,0.404,0.17
319,,0.294,0.0,0.516,0.98,0.606,0.82,0.394,0.16
320,,0.284,-0.01,0.506,0.97,0.596,0.81,0.384,0.15
321,2,0.557,0.99,0.779,0.96,0.303,0.4,0.091,0.14
322,2,0.83,1.0,1.0,0.95,0.01,-0.01,-0.202,0.13
323,7,0.82,0.707,0.59,0.657,0.0,0.263,0.798,0.403
324,7,0.81,0.414,0.18,0.364,-0.01,0.536,1.0,0.676
325,5,0.4,0.121,0.17,0.637,0.99,0.809,0.99,0.383
326,5,-0.01,-0.172,0.16,0.91,1.0,1.0,0.98,0.09
327,2,0.263,0.828,0.433,0.9,0.707,0.59,0.687,0.08
328,2,0.536,1.0,0.706,0.89,0.414,0.18,0.394,0.07
329,,0.526,0.99,0.696,0.88,0.404,0.17,0.384,0.06
330,,0.516,0.98,0.686,0.87,0.394,0.16,0.374,0.05
331,,0.506,0.97,0.676,0.86,0.384,0.15,0.364,0.04
332,,0.496,0.96,0.666,0.85,0.374,0.14,0.354,0.03
333,,0.486,0.95,0.656,0.84,0.364,0.13,0.344,0.02
334,,0.476,0.94,0.646,0.83,0.354,0.12,0.334,0.01
335,,0.466,0.93,0.636,0.82,0.344,0.11,0.324,0.0
336,,0.456,0.92,0.626,0.81,0.334,0.1,0.314,-0.01
337,8,0.729,0.91,0.333,0.4,0.041,0.09,0.587,0.99
338,8,1.0,0.9,0.04,-0.01,-0.252,0.08,0.86,1.0
339,5,0.59,0.607,0.03,0.263,0.748,0.353,0.85,0.707
340,5,0.18,0.314,0.02,0.536,1.0,0.626,0.84,0.414
341,,0.17,0.304,0.01,0.526,0.99,0.616,0.83,0.404
342,,0.16,0.294,0.0,0.516,0.98,0.606,0.82,0.394
343,,0.15,0.284,-0.01,0.506,0.97,0.596,0.81,0.384
344,3,0.14,0.557,0.99,0.779,0.96,0.303,0.4,0.091
345,3,0.13,0.83,1.0,1.0,0.95,0.01,-0.01,-0.202
346,8,0.403,0.82,0.707,0.59,0.657,0.0,0.263,0.798
347,8,0.676,0.81,0.414,0.18,0.364,-0.01,0.536,1.0
348,6,0.383,0.4,0.121,0.17,0.637,0.99,0.809,0.99
349,6,0.09,-0.01,-0.172,0.16,0.91,1.0,1.0,0.98
350,3,0.08,0.263,0.828,0.433,0.9,0.707,0.59,0.687
351,3,0.07,0.536,1.0,0.706,0.89,0.414,0.18,0.394
352,,0.06,0.526,0.99,0.696,0.88,0.404,0.17,0.384
353,,0.05,0.516,0.98,0.686,0.87,0.394,0.16,0.374
354,,0.04,0.506,0.97,0.676,0.86,0.384,0.15,0.364
355,,0.03,0.496,0.96,0.666,0.85,0.374,0.14,0.354
356,,0.02,0.486,0.95,0.656,0.84,0.364,0.13,0.344
357,,0.01,0.476,0.94,0.646,0.83,0.354,0.12,0.334
358,,0.0,0.466,0.93,0.636,0.82,0.344,0.11,0.324
359,,-0.01,0.456,0.92,0.626,0.81,0.334,0.1,0.314
360,1,0.99,0.729,0.91,0.333,0.4,0.041,0.09,0.587
361,1,1.0,1.0,0.9,0.04,-0.01,-0.252,0.08,0.86
362,6,0.707,0.59,0.607,0.03,0.263,0.748,0.353,0.85
363,6,0.414,0.18,0.314,0.02,0.536,1.0,0.626,0.84
364,,0.404,0.17,0.304,0.01,0.526,0.99,0.616,0.83
365,,0.394,0.16,0.294,0.0,0.516,0.98,0.606,0.82
366,,0.384,0.15,0.284,-0.01,0.506,0.97,0.596,0.81
367,4,0.091,0.14,0.557,0.99,0.779,0.96,0.303,0.4
368,4,-0.202,0.13,0.83,1.0,1.0,0.95,0.01,-0.01
369,1,0.798,0.403,0.82,0.707,0.59,0.657,0.0,0.263
370,1,1.0,0.676,0.81,0.414,0.18,0.364,-0.01,0.536
371,7,0.99,0.383,0.4,0.121,0.17,0.637,0.99,0.809
372,7,0.98,0.09,-0.01,-0.172,0.16,0.91,1.0,1.0
373,4,0.687,0.08,0.263,0.828,0.433,0.9,0.707,0.59
374,4,0.394,0.07,0.536,1.0,0.706,0.89,0.414,0.18
375,,0.384,0.06,0.526,0.99,0.696,0.88,0.404,0.17
376,,0.374,0.05,0.516,0.98,0.686,0.87,0.394,0.16
377,,0.364,0.04,0.506,0.97,0.676,0.86,0.384,0.15
378,,0.354,0.03,0.496,0.96,0.666,0.85,0.374,0.14
379,,0.344,0.02,0.486,0.95,0.656,0.84,0.364,0.13
380,,0.334,0.01,0.476,0.94,0.646,0.83,0.354,0.12
381,,0.324,0.0,0.466,0.93,0.636,0.82,0.344,0.11
382,,0.314,-0.01,0.456,0.92,0.626,0.81,0.334,0.1
383,2,0.587,0.99,0.729,0.91,0.333,0.4,0.041,0.09
384,2,0.86,1.0,1.0,0.9,0.04,-0.01,-0.252,0.08
385,7,0.85,0.707,0.59,0.607,0.03,0.263,0.748,0.353
386,7,0.84,0.414,0.18,0.314,0.02,0.536,1.0,0.626
387,,0.83,0.404,0.17,0.304,0.01,0.526,0.99,0.616
388,,0.82,0.394,0.16,0.294,0.0,0.516,0.98,0.606
389,,0.81,0.384,0.15,0.284,-0.01,0.506,0.97,0.596
390,5,0.4,0.091,0.14,0.557,0.99,0.779,0.96,0.303
391,5,-0.01,-0.202,0.13,0.83,1.0,1.0,0.95,0.01
392,2,0.263,0.798,0.403,0.82,0.707,0.59,0.657,0.0
393,2,0.536,1.0,0.676,0.81,0.414,0.18,0.364,-0.01
394,8,0.809,0.99,0.383,0.4,0.121,0.17,0.637,0.99
395,8,1.0,0.98,0.09,-0.01,-0.172,0.16,0.91,1.0
396,5,0.59,0.687,0.08,0.263,0.828,0.433,0.9,0.707
397,5,0.18,0.394,0.07,0.536,1.0,0.706,0.89,0.414
398,,0.17,0.384,0.06,0.526,0.99,0.696,0.88,0.404
399,,0.16,0.374,0.05,0.516,0.98,0.686,0.87,0.394
400,,0.15,0.364,0.04,0.506,0.97,0.676,0.86,0.384
401,,0.14,0.354,0.03,0.496,0.96,0.666,0.85,0.374
402,,0.13,0.344,0.02,0.486,0.95,0.656,0.84,0.364
403,,0.12,0.334,0.01,0.476,0.94,0.646,0.83,0.354
404,,0.11,0.324,0.0,0.466,0.93,0.636,0.82,0.344
405,,0.1,0.314,-0.01,0.456,0.92,0.626,0.81,0.334
406,3,0.09,0.587,0.99,0.729,0.91,0.333,0.4,0.041
407,3,0.08,0.86,1.0,1.0,0.9,0.04,-0.01,-0.252
408,8,0.353,0.85,0.707,0.59,0.607,0.03,0.263,0.748
409,8,0.626,0.84,0.414,0.18,0.314,0.02,0.536,1.0
410,,0.616,0.83,0.404,0.17,0.304,0.01,0.526,0.99
411,,0.606,0.82,0.394,0.16,0.294,0.0,0.516,0.98
412,,0.596,0.81,0.384,0.15,0.284,-0.01,0.506,0.97
413,6,0.303,0.4,0.091,0.14,0.557,0.99,0.779,0.96
414,6,0.01,-0.01,-0.202,0.13,0.83,1.0,1.0,0.95
415,3,0.0,0.263,0.798,0.403,0.82,0.707,0.59,0.657
416,3,-0.01,0.536,1.0,0.676,0.81,0.414,0.18,0.364
417,1,0.99,0.809,0.99,0.383,0.4,0.121,0.17,0.637
418,1,1.0,1.0,0.98,0.09,-0.01,-0.172,0.16,0.91
419,6,0.707,0.59,0.687,0.08,0.263,0.828,0.433,0.9
420,6,0.414,0.18,0.394,0.07,0.536,1.0,0.706,0.89
421,,0.404,0.17,0.384,0.06,0.526,0.99,0.696,0.88
422,,0.394,0.16,0.374,0.05,0.516,0.98,0.686,0.87
423,,0.384,0.15,0.364,0.04,0.506,0.97,0.676,0.86
424,,0.374,0.14,0.354,0.03,0.496,0.96,0.666,0.85
425,,0.364,0.13,0.344,0.02,0.486,0.95,0.656,0.84
426,,0.354,0.12,0.334,0.01,0.476,0.94,0.646,0.83
427,,0.344,0.11,0.324,0.0,0.466,0.93,0.636,0.82
428,,0.334,0.1,0.314,-0.01,0.456,0.92,0.626,0.81
429,4,0.041,0.09,0.587,0.99,0.729,0.91,0.333,0.4
430,4,-0.252,0.08,0.86,1.0,1.0,0.9,0.04,-0.01
431,1,0.748,0.353,0.85,0.707,0.59,0.607,0.03,0.263
432,1,1.0,0.626,0.84,0.414,0.18,0.314,0.02,0.536
433,,0.99,0.616,0.83,0.404,0.17,0.304,0.01,0.526
434,,0.98,0.606,0.82,0.394,0.16,0.294,0.0,0.516
435,,0.97,0.596,0.81,0.384,0.15,0.284,-0.01,0.506
436,7,0.96,0.303,0.4,0.091,0.14,0.557,0.99,0.779
437,7,0.95,0.01,-0.01,-0.202,0.13,0.83,1.0,1.0
438,4,0.657,0.0,0.263,0.798,0.403,0.82,0.707,0.59
439,4,0.364,-0.01,0.536,1.0,0.676,0.81,0.414,0.18
440,2,0.637,0.99,0.809,0.99,0.383,0.4,0.121,0.17
441,2,0.91,1.0,1.0,0.98,0.09,-0.01,-0.172,0.16
442,7,0.9,0.707,0.59,0.687,0.08,0.263,0.828,0.433
443,7,0.89,0.414,0.18,0.394,0.07,0.536,1.0,0.706
444,,0.88,0.404,0.17,0.384,0.06,0.526,0.99,0.696
445,,0.87,0.394,0.16,0.374,0.05,0.516,0.98,0.686
446,,0.86,0.384,0.15,0.364,0.04,0.506,0.97,0.676
447,,0.85,0.374,0.14,0.354,0.03,0.496,0.96,0.666
448,,0.84,0.364,0.13,0.344,0.02,0.486,0.95,0.656
449,,0.83,0.354,0.12,0.334,0.01,0.476,0.94,0.646
450,,0.82,0.344,0.11,0.324,0.0,0.466,0.93,0.636
451,,0.81,0.334,0.1,0.314,-0.01,0.456,0.92,0.626
452,5,0.4,0.041,0.09,0.587,0.99,0.729,0.91,0.333
453,5,-0.01,-0.252,0.08,0.86,1.0,1.0,0.9,0.04
454,2,0.263,0.748,0.353,0.85,0.707,0.59,0.607,0.03
455,2,0.536,1.0,0.626,0.84,0.414,0.18,0.314,0.02
456,,0.526,0.99,0.616,0.83,0.404,0.17,0.304,0.01
457,,0.516,0.98,0.606,0.82,0.394,0.16,0.294,0.0
458,,0.506,0.97,0.596,0.81,0.384,0.15,0.284,-0.01
459,8,0.779,0.96,0.303,0.4,0.091,0.14,0.557,0.99
460,8,1.0,0.95,0.01,-0.01,-0.202,0.13,0.83,1.0
461,5,0.59,0.657,0.0,0.263,0.798,0.403,0.82,0.707
462,5,0.18,0.364,-0.01,0.536,1.0,0.676,0.81,0.414
463,3,0.17,0.637,0.99,0.809,0.99,0.383,0.4,0.121
464,3,0.16,0.91,1.0,1.0,0.98,0.09,-0.01,-0.172
465,8,0.433,0.9,0.707,0.59,0.687,0.08,0.263,0.828
466,8,0.706,0.89,0.414,0.18,0.394,0.07,0.536,1.0
467,,0.696,0.88,0.404,0.17,0.384,0.06,0.526,0.99
468,,0.686,0.87,0.394,0.16,0.374,0.05,0.516,0.98
469,,0.676,0.86,0.384,0.15,0.364,0.04,0.506,0.97
470,,0.666,0.85,0.374,0.14,0.354,0.03,0.496,0.96
471,,0.656,0.84,0.364,0.13,0.344,0.02,0.486,0.95
472,,0.646,0.83,0.354,0.12,0.334,0.01,0.476,0.94
473,,0.636,0.82,0.344,0.11,0.324,0.0,0.466,0.93
474,,0.626,0.81,0.334,0.1,0.314,-0.01,0.456,0.92
475,6,0.333,0.4,0.041,0.09,0.587,0.99,0.729,0.91
476,6,0.04,-0.01,-0.252,0.08,0.86,1.0,1.0,0.9
477,3,0.03,0.263,0.748,0.353,0.85,0.707,0.59,0.607
478,3,0.02,0.536,1.0,0.626,0.84,0.414,0.18,0.314
479,,0.01,0.526,0.99,0.616,0.83,0.404,0.17,0.304
480,,0.0,0.516,0.98,0.606,0.82,0.394,0.16,0.294
481,,-0.01,0.506,0.97,0.596,0.81,0.384,0.15,0.284
482,1,0.99,0.779,0.96,0.303,0.4,0.091,0.14,0.557
483,1,1.0,1.0,0.95,0.01,-0.01,-0.202,0.13,0.83
484,6,0.707,0.59,0.657,0.0,0.263,0.798,0.403,0.82
485,6,0.414,0.18,0.364,-0.01,0.536,1.0,0.676,0.81
486,4,0.121,0.17,0.637,0.99,0.809,0.99,0.383,0.4
487,4,-0.172,0.16,0.91,1.0,1.0,0.98,0.09,-0.01
488,1,0.828,0.433,0.9,0.707,0.59,0.687,0.08,0.263
489,1,1.0,0.706,0.89,0.414,0.18,0.394,0.07,0.536
490,,0.99,0.696,0.88,0.404,0.17,0.384,0.06,0.526
491,,0.98,0.686,0.87,0.394,0.16,0.374,0.05,0.516
492,,0.97,0.676,0.86,0.384,0.15,0.364,0.04,0.506
493,,0.96,0.666,0.85,0.374,0.14,0.354,0.03,0.496
494,,0.95,0.656,0.84,0.364,0.13,0.344,0.02,0.486
495,,0.94,0.646,0.83,0.354,0.12,0.334,0.01,0.476
496,,0.93,0.636,0.82,0.344,0.11,0.324,0.0,0.466
497,,0.92,0.626,0.81,0.334,0.1,0.314,-0.01,0.456
498,7,0.91,0.333,0.4,0.041,0.09,0.587,0.99,0.729
499,7,0.9,0.04,-0.01,-0.252,0.08,0.86,1.0,1.0
500,4,0.607,0.03,0.263,0.748,0.353,0.85,0.707,0.59
501,4,0.314,0.02,0.536,1.0,0.626,0.84,0.414,0.18
502,,0.304,0.01,0.526,0.99,0.616,0.83,0.404,0.17
503,,0.294,0.0,0.516,0.98,0.606,0.82,0.394,0.16
504,,0.284,-0.01,0.506,0.97,0.596,0.81,0.384,0.15
505,2,0.557,0.99,0.779,0.96,0.303,0.4,0.091,0.14
506,2,0.83,1.0,1.0,0.95,0.01,-0.01,-0.202,0.13
507,7,0.82,0.707,0.59,0.657,0.0,0.263,0.798,0.403
508,7,0.81,0.414,0.18,0.364,-0.01,0.536,1.0,0.676
509,5,0.4,0.121,0.17,0.637,0.99,0.809,0.99,0.383
510,5,-0.01,-0.172,0.16,0.91,1.0,1.0,0.98,0.09
511,2,0.263,0.828,0.433,0.9,0.707,0.59,0.687,0.08
512,2,0.536,1.0,0.706,0.89,0.414,0.18,0.394,0.07
513,,0.526,0.99,0.696,0.88,0.404,0.17,0.384,0.06
514,,0.516,0.98,0.686,0.87,0.394,0.16,0.374,0.05
515,,0.506,0.97,0.676,0.86,0.384,0.15,0.364,0.04
516,,0.496,0.96,0.666,0.85,0.374,0.14,0.354,0.03
517,,0.486,0.95,0.656,0.84,0.364,0.13,0.344,0.02
518,,0.476,0.94,0.646,0.83,0.354,0.12,0.334,0.01
519,,0.466,0.93,0.636,0.82,0.344,0.11,0.324,0.0
520,,0.456,0.92,0.626,0.81,0.334,0.1,0.314,-0.01
521,8,0.729,0.91,0.333,0.4,0.041,0.09,0.587,0.99
522,8,1.0,0.9,0.04,-0.01,-0.252,0.08,0.86,1.0
523,5,0.59,0.607,0.03,0.263,0.748,0.353,0.85,0.707
524,5,0.18,0.314,0.02,0.536,1.0,0.626,0.84,0.414
525,,0.17,0.304,0.01,0.526,0.99,0.616,0.83,0.404
526,,0.16,0.294,0.0,0.516,0.98,0.606,0.82,0.394
527,,0.15,0.284,-0.01,0.506,0.97,0.596,0.81,0.384
528,3,0.14,0.557,0.99,0.779,0.96,0.303,0.4,0.091
529,3,0.13,0.83,1.0,1.0,0.95,0.01,-0.01,-0.202
530,8,0.403,0.82,0.707,0.59,0.657,0.0,0.263,0.798
531,8,0.676,0.81,0.414,0.18,0.364,-0.01,0.536,1.0
532,6,0.383,0.4,0.121,0.17,0.637,0.99,0.809,0.99
533,6,0.09,-0.01,-0.172,0.16,0.91,1.0,1.0,0.98
534,3,0.08,0.263,0.828,0.433,0.9,0.707,0.59,0.687
535,3,0.07,0.536,1.0,0.706,0.89,0.414,0.18,0.394
536,,0.06,0.526,0.99,0.696,0.88,0.404,0.17,0.384
537,,0.05,0.516,0.98,0.686,0.87,0.394,0.16,0.374
538,,0.04,0.506,0.97,0.676,0.86,0.384,0.15,0.364
539,,0.03,0.496,0.96,0.666,0.85,0.374,0.14,0.354
540,,0.02,0.486,0.95,0.656,0.84,0.364,0.13,0.344
541,,0.01,0.476,0.94,0.646,0.83,0.354,0.12,0.334
542,,0.0,0.466,0.93,0.636,0.82,0.344,0.11,0.324
543,,-0.01,0.456,0.92,0.626,0.81,0.334,0.1,0.314
544,1,0.99,0.729,0.91,0.333,0.4,0.041,0.09,0.587
545,1,1.0,1.0,0.9,0.04,-0.01,-0.252,0.08,0.86
546,6,0.707,0.59,0.607,0.03,0.263,0.748,0.353,0.85
547,6,0.414,0.18,0.314,0.02,0.536,1.0,0.626,0.84
548,,0.404,0.17,0.304,0.01,0.526,0.99,0.616,0.83
549,,0.394,0.16,0.294,0.0,0.516,0.98,0.606,0.82
550,,0.384,0.15,0.284,-0.01,0.506,0.97,0.596,0.81
551,4,0.091,0.14,0.557,0.99,0.779,0.96,0.303,0.4
552,4,-0.202,0.13,0.83,1.0,1.0,0.95,0.01,-0.01
553,1,0.798,0.403,0.82,0.707,0.59,0.657,0.0,0.263
554,1,1.0,0.676,0.81,0.414,0.18,0.364,-0.01,0.536
555,7,0.99,0.383,0.4,0.121,0.17,0.637,0.99,0.809
556,7,0.98,0.09,-0.01,-0.172,0.16,0.91,1.0,1.0
557,4,0.687,0.08,0.263,0.828,0.433,0.9,0.707,0.59
558,4,0.394,0.07,0.536,1.0,0.706,0.89,0.414,0.18
559,,0.384,0.06,0.526,0.99,0.696,0.88,0.404,0.17
560,,0.374,0.05,0.516,0.98,0.686,0.87,0.394,0.16
561,,0.364,0.04,0.506,0.97,0.676,0.86,0.384,0.15
562,,0.354,0.03,0.496,0.96,0.666,0.85,0.374,0.14
563,,0.344,0.02,0.486,0.95,0.656,0.84,0.364,0.13
564,,0.334,0.01,0.476,0.94,0.646,0.83,0.354,0.12
565,,0.324,0.0,0.466,0.93,0.636,0.82,0.344,0.11
566,,0.314,-0.01,0.456,0.92,0.626,0.81,0.334,0.1
567,2,0.587,0.99,0.729,0.91,0.333,0.4,0.041,0.09
568,2,0.86,1.0,1.0,0.9,0.04,-0.01,-0.252,0.08
569,7,0.85,0.707,0.59,0.607,0.03,0.263,0.748,0.353
570,7,0.84,0.414,0.18,0.314,0.02,0.536,1.0,0.626
571,,0.83,0.404,0.17,0.304,0.01,0.526,0.99,0.616
572,,0.82,0.394,0.16,0.294,0.0,0.516,0.98,0.606
573,,0.81,0.384,0.15,0.284,-0.01,0.506,0.97,0.596
574,5,0.4,0.091,0.14,0.557,0.99,0.779,0.96,0.303
575,5,-0.01,-0.202,0.13,0.83,1.0,1.0,0.95,0.01
576,2,0.263,0.798,0.403,0.82,0.707,0.59,0.657,0.0
577,2,0.536,1.0,0.676,0.81,0.414,0.18,0.364,-0.01
578,8,0.809,0.99,0.383,0.4,0.121,0.17,0.637,0.99
579,8,1.0,0.98,0.09,-0.01,-0.172,0.16,0.91,1.0
580,5,0.59,0.687,0.08,0.263,0.828,0.433,0.9,0.707
581,5,0.18,0.394,0.07,0.536,1.0,0.706,0.89,0.414
582,,0.17,0.384,0.06,0.526,0.99,0.696,0.88,0.404
583,,0.16,0.374,0.05,0.516,0.98,0.686,0.87,0.394
584,,0.15,0.364,0.04,0.506,0.97,0.676,0.86,0.384
585,,0.14,0.354,0.03,0.496,0.96,0.666,0.85,0.374
586,,0.13,0.344,0.02,0.486,0.95,0.656,0.84,0.364
587,,0.12,0.334,0.01,0.476,0.94,0.646,0.83,0.354
588,,0.11,0.324,0.0,0.466,0.93,0.636,0.82,0.344
589,,0.1,0.314,-0.01,0.456,0.92,0.626,0.81,0.334
590,3,0.09,0.587,0.99,0.729,0.91,0.333,0.4,0.041
591,3,0.08,0.86,1.0,1.0,0.9,0.04,-0.01,-0.252
592,8,0.353,0.85,0.707,0.59,0.607,0.03,0.263,0.748
593,8,0.626,0.84,0.414,0.18,0.314,0.02,0.536,1.0
594,,0.616,0.83,0.404,0.17,0.304,0.01,0.526,0.99
595,,0.606,0.82,0.394,0.16,0.294,0.0,0.516,0.98
596,,0.596,0.81,0.384,0.15,0.284,-0.01,0.506,0.97
597,6,0.303,0.4,0.091,0.14,0.557,0.99,0.779,0.96
598,6,0.01,-0.01,-0.202,0.13,0.83,1.0,1.0,0.95
599,3,0.0,0.263,0.798,0.403,0.82,0.707,0.59,0.657
600,3,-0.01,0.536,1.0,0.676,0.81,0.414,0.18,0.364
601,1,0.99,0.809,0.99,0.383,0.4,0.121,0.17,0.637
602,1,1.0,1.0,0.98,0.09,-0.01,-0.172,0.16,0.91
603,6,0.707,0.59,0.687,0.08,0.263,0.828,0.433,0.9
604,6,0.414,0.18,0.394,0.07,0.536,1.0,0.706,0.89
605,,0.404,0.17,0.384,0.06,0.526,0.99,0.696,0.88
606,,0.394,0.16,0.374,0.05,0.516,0.98,0.686,0.87
607,,0.384,0.15,0.364,0.04,0.506,0.97,0.676,0.86
608,,0.374,0.14,0.354,0.03,0.496,0.96,0.666,0.85
609,,0.364,0.13,0.344,0.02,0.486,0.95,0.656,0.84
610,,0.354,0.12,0.334,0.01,0.476,0.94,0.646,0.83
611,,0.344,0.11,0.324,0.0,0.466,0.93,0.636,0.82
612,,0.334,0.1,0.314,-0.01,0.456,0.92,0.626,0.81
613,4,0.041,0.09,0.587,0.99,0.729,0.91,0.333,0.4
614,4,-0.252,0.08,0.86,1.0,1.0,0.9,0.04,-0.01
615,1,0.748,0.353,0.85,0.707,0.59,0.607,0.03,0.263
616,1,1.0,0.626,0.84,0.414,0.18,0.314,0.02,0.536
617,,0.99,0.616,0.83,0.404,0.17,0.304,0.01,0.526
618,,0.98,0.606,0.82,0.394,0.16,0.294,0.0,0.516
619,,0.97,0.596,0.81,0.384,0.15,0.284,-0.01,0.506
620,7,0.96,0.303,0.4,0.091,0.14,0.557,0.99,0.779
621,7,0.95,0.01,-0.01,-0.202,0.13,0.83,1.0,1.0
622,4,0.657,0.0,0.263,0.798,0.403,0.82,0.707,0.59
623,4,0.364,-0.01,0.536,1.0,0.676,0.81,0.414,0.18
624,2,0.637,0.99,0.809,0.99,0.383,0.4,0.121,0.17
625,2,0.91,1.0,1.0,0.98,0.09,-0.01,-0.172,0.16
626,7,0.9,0.707,0.59,0.687,0.08,0.263,0.828,0.433
627,7,0.89,0.414,0.18,0.394,0.07,0.536,1.0,0.706
628,,0.88,0.404,0.17,0.384,0.06,0.526,0.99,0.696
629,,0.87,0.394,0.16,0.374,0.05,0.516,0.98,0.686
630,,0.86,0.384,0.15,0.364,0.04,0.506,0.97,0.676
631,,0.85,0.374,0.14,0.354,0.03,0.496,0.96,0.666
632,,0.84,0.364,0.13,0.344,0.02,0.486,0.95,0.656
633,,0.83,0.354,0.12,0.334,0.01,0.476,0.94,0.646
634,,0.82,0.344,0.11,0.324,0.0,0.466,0.93,0.636
635,,0.81,0.334,0.1,0.314,-0.01,0.456,0.92,0.626
636,5,0.4,0.041,0.09,0.587,0.99,0.729,0.91,0.333
637,5,-0.01,-0.252,0.08,0.86,1.0,1.0,0.9,0.04
638,2,0.263,0.748,0.353,0.85,0.707,0.59,0.607,0.03
639,2,0.536,1.0,0.626,0.84,0.414,0.18,0.314,0.02
640,,0.526,0.99,0.616,0.83,0.404,0.17,0.304,0.01
641,,0.516,0.98,0.606,0.82,0.394,0.16,0.294,0.0
642,,0.506,0.97,0.596,0.81,0.384,0.15,0.284,-0.01
643,8,0.779,0.96,0.303,0.4,0.091,0.14,0.557,0.99
644,8,1.0,0.95,0.01,-0.01,-0.202,0.13,0.83,1.0
645,5,0.59,0.657,0.0,0.263,0.798,0.403,0.82,0.707
646,5,0.18,0.364,-0.01,0.536,1.0,0.676,0.81,0.414
647,3,0.17,0.637,0.99,0.809,0.99,0.383,0.4,0.121
648,3,0.16,0.91,1.0,1.0,0.98,0.09,-0.01,-0.172
649,8,0.433,0.9,0.707,0.59,0.687,0.08,0.263,0.828
650,8,0.706,0.89,0.414,0.18,0.394,0.07,0.536,1.0
651,,0.696,0.88,0.404,0.17,0.384,0.06,0.526,0.99
652,,0.686,0.87,0.394,0.16,0.374,0.05,0.516,0.98
653,,0.676,0.86,0.384,0.15,0.364,0.04,0.506,0.97
654,,0.666,0.85,0.374,0.14,0.354,0.03,0.496,0.96
655,,0.656,0.84,0.364,0.13,0.344,0.02,0.486,0.95
656,,0.646,0.83,0.354,0.12,0.334,0.01,0.476,0.94
657,,0.636,0.82,0.344,0.11,0.324,0.0,0.466,0.93
658,,0.626,0.81,0.334,0.1,0.314,-0.01,0.456,0.92
659,6,0.333,0.4,0.041,0.09,0.587,0.99,0.729,0.91
660,6,0.04,-0.01,-0.252,0.08,0.86,1.0,1.0,0.9
661,3,0.03,0.263,0.748,0.353,0.85,0.707,0.59,0.607
662,3,0.02,0.536,1.0,0.626,0.84,0.414,0.18,0.314
663,,0.01,0.526,0.99,0.616,0.83,0.404,0.17,0.304
664,,0.0,0.516,0.98,0.606,0.82,0.394,0.16,0.294
665,,-0.01,0.506,0.97,0.596,0.81,0.384,0.15,0.284
666,1,0.99,0.779,0.96,0.303,0.4,0.091,0.14,0.557
667,1,1.0,1.0,0.95,0.01,-0.01,-0.202,0.13,0.83
668,6,0.707,0.59,0.657,0.0,0.263,0.798,0.403,0.82
669,6,0.414,0.18,0.364,-0.01,0.536,1.0,0.676,0.81
670,4,0.121,0.17,0.637,0.99,0.809,0.99,0.383,0.4
671,4,-0.172,0.16,0.91,1.0,1.0,0.98,0.09,-0.01
672,1,0.828,0.433,0.9,0.707,0.59,0.687,0.08,0.263
673,1,1.0,0.706,0.89,0.414,0.18,0.394,0.07,0.536
674,,0.99,0.696,0.88,0.404,0.17,0.384,0.06,0.526
675,,0.98,0.686,0.87,0.394,0.16,0.374,0.05,0.516
676,,0.97,0.676,0.86,0.384,0.15,0.364,0.04,0.506
677,,0.96,0.666,0.85,0.374,0.14,0.354,0.03,0.496
678,,0.95,0.656,0.84,0.364,0.13,0.344,0.02,0.486
679,,0.94,0.646,0.83,0.354,0.12,0.334,0.01,0.476
680,,0.93,0.636,0.82,0.344,0.11,0.324,0.0,0.466
681,,0.92,0.626,0.81,0.334,0.1,0.314,-0.01,0.456
682,7,0.91,0.333,0.4,0.041,0.09,0.587,0.99,0.729
683,7,0.9,0.04,-0.01,-0.252,0.08,0.86,1.0,1.0
684,4,0.607,0.03,0.263,0.748,0.353,0.85,0.707,0.59
685,4,0.314,0.02,0.536,1.0,0.626,0.84,0.414,0.18
686,,0.304,0.01,0.526,0.99,0.616,0.83,0.404,0.17
687,,0.294,0.0,0.516,0.98,0.606,0.82,0.394,0.16
688,,0.284,-0.01,0.506,0.97,0.596,0.81,0.384,0.15
689,2,0.557,0.99,0.779,0.96,0.303,0.4,0.091,0.14
690,2,0.83,1.0,1.0,0.95,0.01,-0.01,-0.202,0.13
691,7,0.82,0.707,0.59,0.657,0.0,0.263,0.798,0.403
692,7,0.81,0.414,0.18,0.364,-0.01,0.536,1.0,0.676
693,5,0.4,0.121,0.17,0.637,0.99,0.809,0.99,0.383
694,5,-0.01,-0.172,0.16,0.91,1.0,1.0,0.98,0.09
695,2,0.263,0.828,0.433,0.9,0.707,0.59,0.687,0.08
696,2,0.536,1.0,0.706,0.89,0.414,0.18,0.394,0.07
697,,0.526,0.99,0.696,0.88,0.404,0.17,0.384,0.06
698,,0.516,0.98,0.686,0.87,0.394,0.16,0.374,0.05
699,,0.506,0.97,0.676,0.86,0.384,0.15,0.364,0.04
700,,0.496,0.96,0.666,0.85,0.374,0.14,0.354,0.03
701,,0.486,0.95,0.656,0.84,0.364,0.13,0.344,0.02
702,,0.476,0.94,0.646,0.83,0.354,0.12,0.334,0.01
703,,0.466,0.93,0.636,0.82,0.344,0.11,0.324,0.0
704,,0.456,0.92,0.626,0.81,0.334,0.1,0.314,-0.01
705,8,0.729,0.91,0.333,0.4,0.041,0.09,0.587,0.99
706,8,1.0,0.9,0.04,-0.01,-0.252,0.08,0.86,1.0
707,5,0.59,0.607,0.03,0.263,0.748,0.353,0.85,0.707
708,5,0.18,0.314,0.02,0.536,1.0,0.626,0.84,0.414
709,,0.17,0.304,0.01,0.526,0.99,0.616,0.83,0.404
710,,0.16,0.294,0.0,0.516,0.98,0.606,0.82,0.394
711,,0.15,0.284,-0.01,0.506,0.97,0.596,0.81,0.384
712,3,0.14,0.557,0.99,0.779,0.96,0.303,0.4,0.091
713,3,0.13,0.83,1.0,1.0,0.95,0.01,-0.01,-0.202
714,8,0.403,0.82,0.707,0.59,0.657,0.0,0.263,0.798
715,8,0.676,0.81,0.414,0.18,0.364,-0.01,0.536,1.0
716,6,0.383,0.4,0.121,0.17,0.637,0.99,0.809,0.99
717,6,0.09,-0.01,-0.172,0.16,0.91,1.0,1.0,0.98
718,3,0.08,0.263,0.828,0.433,0.9,0.707,0.59,0.687
719,3,0.07,0.536,1.0,0.706,0.89,0.414,0.18,0.394
720,,0.06,0.526,0.99,0.696,0.88,0.404,0.17,0.384
721,,0.05,0.516,0.98,0.686,0.87,0.394,0.16,0.374
722,,0.04,0.506,0.97,0.676,0.86,0.384,0.15,0.364
723,,0.03,0.496,0.96,0.666,0.85,0.374,0.14,0.354
724,,0.02,0.486,0.95,0.656,0.84,0.364,0.13,0.344
725,,0.01,0.476,0.94,0.646,0.83,0.354,0.12,0.334
726,,0.0,0.466,0.93,0.636,0.82,0.344,0.11,0.324
727,,-0.01,0.456,0.92,0.626,0.81,0.334,0.1,0.314
728,1,0.99,0.729,0.91,0.333,0.4,0.041,0.09,0.587
729,1,1.0,1.0,0.9,0.04,-0.01,-0.252,0.08,0.86
730,6,0.707,0.59,0.607,0.03,0.263,0.748,0.353,0.85
731,6,0.414,0.18,0.314,0.02,0.536,1.0,0.626,0.84
732,,0.404,0.17,0.304,0.01,0.526,0.99,0.616,0.83
733,,0.394,0.16,0.294,0.0,0.516,0.98,0.606,0.82
734,,0.384,0.15,0.284,-0.01,0.506,0.97,0.596,0.81
735,4,0.091,0.14,0.557,0.99,0.779,0.96,0.303,0.4
736,4,-0.202,0.13,0.83,1.0,1.0,0.95,0.01,-0.01
737,1,0.798,0.403,0.82,0.707,0.59,0.657,0.0,0.263
738,1,1.0,0.676,0.81,0.414,0.18,0.364,-0.01,0.536
739,7,0.99,0.383,0.4,0.121,0.17,0.637,0.99,0.809
740,7,0.98,0.09,-0.01,-0.172,0.16,0.91,1.0,1.0
741,4,0.687,0.08,0.263,0.828,0.433,0.9,0.707,0.59
742,4,0.394,0.07,0.536,1.0,0.706,0.89,0.414,0.18
743,,0.384,0.06,0.526,0.99,0.696,0.88,0.404,0.17
744,,0.374,0.05,0.516,0.98,0.686,0.87,0.394,0.16
745,,0.364,0.04,0.506,0.97,0.676,0.86,0.384,0.15
746,,0.354,0.03,0.496,0.96,0.666,0.85,0.374,0.14
747,,0.344,0.02,0.486,0.95,0.656,0.84,0.364,0.13
748,,0.334,0.01,0.476,0.94,0.646,0.83,0.354,0.12
749,,0.324,0.0,0.466,0.93,0.636,0.82,0.344,0.11
750,,0.314,-0.01,0.456,0.92,0.626,0.81,0.334,0.1
751,2,0.587,0.99,0.729,0.91,0.333,0.4,0.041,0.09
752,2,0.86,1.0,1.0,0.9,0.04,-0.01,-0.252,0.08
753,7,0.85,0.707,0.59,0.607,0.03,0.263,0.748,0.353
754,7,0.84,0.414,0.18,0.314,0.02,0.536,1.0,0.626
755,,0.83,0.404,0.17,0.304,0.01,0.526,0.99,0.616
756,,0.82,0.394,0.16,0.294,0.0,0.516,0.98,0.606
757,,0.81,0.384,0.15,0.284,-0.01,0.506,0.97,0.596
758,5,0.4,0.091,0.14,0.557,0.99,0.779,0.96,0.303
759,5,-0.01,-0.202,0.13,0.83,1.0,1.0,0.95,0.01
760,2,0.263,0.798,0.403,0.82,0.707,0.59,0.657,0.0
761,2,0.536,1.0,0.676,0.81,0.414,0.18,0.364,-0.01
762,8,0.809,0.99,0.383,0.4,0.121,0.17,0.637,0.99
763,8,1.0,0.98,0.09,-0.01,-0.172,0.16,0.91,1.0
764,5,0.59,0.687,0.08,0.263,0.828,0.433,0.9,0.707
765,5,0.18,0.394,0.07,0.536,1.0,0.706,0.89,0.414
766,,0.17,0.384,0.06,0.526,0.99,0.696,0.88,0.404
767,,0.16,0.374,0.05,0.516,0.98,0.686,0.87,0.394
768,,0.15,0.364,0.04,0.506,0.97,0.676,0.86,0.384
769,,0.14,0.354,0.03,0.496,0.96,0.666,0.85,0.374
770,,0.13,0.344,0.02,0.486,0.95,0.656,0.84,0.364
771,,0.12,0.334,0.01,0.476,0.94,0.646,0.83,0.354
772,,0.11,0.324,0.0,0.466,0.93,0.636,0.82,0.344
773,,0.1,0.314,-0.01,0.456,0.92,0.626,0.81,0.334
774,3,0.09,0.587,0.99,0.729,0.91,0.333,0.4,0.041
775,3,0.08,0.86,1.0,1.0,0.9,0.04,-0.01,-0.252
776,8,0.353,0.85,0.707,0.59,0.607,0.03,0.263,0.748
777,8,0.626,0.84,0.414,0.18,0.314,0.02,0.536,1.0
778,,0.616,0.83,0.404,0.17,0.304,0.01,0.526,0.99
779,,0.606,0.82,0.394,0.16,0.294,0.0,0.516,0.98
780,,0.596,0.81,0.384,0.15,0.284,-0.01,0.506,0.97
781,6,0.303,0.4,0.091,0.14,0.557,0.99,0.779,0.96
782,6,0.01,-0.01,-0.202,0.13,0.83,1.0,1.0,0.95
783,3,0.0,0.263,0.798,0.403,0.82,0.707,0.59,0.657
784,3,-0.01,0.536,1.0,0.676,0.81,0.414,0.18,0.364
785,1,0.99,0.809,0.99,0.383,0.4,0.121,0.17,0.637
786,1,1.0,1.0,0.98,0.09,-0.01,-0.172,0.16,0.91
787,6,0.707,0.59,0.687,0.08,0.263,0.828,0.433,0.9
788,6,0.414,0.18,0.394,0.07,0.536,1.0,0.706,0.89
789,,0.404,0.17,0.384,0.06,0.526,0.99,0.696,0.88
790,,0.394,0.16,0.374,0.05,0.516,0.98,0.686,0.87
791,,0.384,0.15,0.364,0.04,0.506,0.97,0.676,0.86
792,,0.374,0.14,0.354,0.03,0.496,0.96,0.666,0.85
793,,0.364,0.13,0.344,0.02,0.486,0.95,0.656,0.84
794,,0.354,0.12,0.334,0.01,0.476,0.94,0.646,0.83
795,,0.344,0.11,0.324,0.0,0.466,0.93,0.636,0.82
796,,0.334,0.1,0.314,-0.01,0.456,0.92,0.626,0.81
797,4,0.041,0.09,0.587,0.99,0.729,0.91,0.333,0.4
798,4,-0.252,0.08,0.86,1.0,1.0,0.9,0.04,-0.01
799,1,0.748,0.353,0.85,0.707,0.59,0.607,0.03,0.263
800,1,1.0,0.626,0.84,0.414,0.18,0.314,0.02,0.536
801,,0.99,0.616,0.83,0.404,0.17,0.304,0.01,0.526
802,,0.98,0.606,0.82,0.394,0.16,0.294,0.0,0.516
803,,0.97,0.596,0.81,0.384,0.15,0.284,-0.01,0.506
804,7,0.96,0.303,0.4,0.091,0.14,0.557,0.99,0.779
805,7,0.95,0.01,-0.01,-0.202,0.13,0.83,1.0,1.0
806,4,0.657,0.0,0.263,0.798,0.403,0.82,0.707,0.59
807,4,0.364,-0.01,0.536,1.0,0.676,0.81,0.414,0.18
808,2,0.637,0.99,0.809,0.99,0.383,0.4,0.121,0.17
809,2,0.91,1.0,1.0,0.98,0.09,-0.01,-0.172,0.16
810,7,0.9,0.707,0.59,0.687,0.08,0.263,0.828,0.433
