step,active_motive,motive_1,motive_2,motive_3,motive_4,motive_5,motive_6,motive_7,motive_8
0,,0.06842,0.04402,0.0122,0.04952,0.00344,0.09093,0.02588,0.06625
1,,0.05842,0.03402,0.0022,0.03952,-0.00656,0.08093,0.01588,0.05625
2,5,-0.35158,-0.25898,-0.0078,0.31252,0.99344,0.35393,0.00588,-0.23675
3,5,-0.76158,-0.55198,-0.0178,0.58552,1.0,0.62693,-0.00412,-0.52975
4,1,0.23842,-0.27898,-0.0278,0.29252,0.59,0.33393,-0.01412,-0.25675
5,1,1.0,-0.00598,-0.0378,-0.00048,0.18,0.04093,-0.02412,0.01625
6,3,0.99,0.26702,0.9622,0.27252,0.17,-0.25207,-0.43412,-0.27675
7,3,0.98,0.54002,1.0,0.54552,0.16,-0.54507,-0.84412,-0.56975
8,7,0.97,0.24702,0.59,0.25252,0.15,-0.27207,0.15588,-0.29675
9,7,0.96,-0.04598,0.18,-0.04048,0.14,0.00093,1.0,-0.02375
10,2,1.0,0.95402,0.453,-0.05048,-0.153,-0.40907,0.707,-0.03375
11,2,1.0,1.0,0.726,-0.06048,-0.446,-0.81907,0.414,-0.04375
12,6,0.707,0.59,0.433,-0.07048,-0.173,0.18093,0.687,-0.05375
13,6,0.414,0.18,0.14,-0.08048,0.1,1.0,0.96,-0.06375
14,4,0.121,0.17,0.413,0.91952,0.373,0.99,0.667,-0.47375
15,4,-0.172,0.16,0.686,1.0,0.646,0.98,0.374,-0.88375
16,8,0.101,0.15,0.393,0.59,0.353,0.97,0.647,0.11625
17,8,0.374,0.14,0.1,0.18,0.06,0.96,0.92,1.0
18,,0.364,0.13,0.09,0.17,0.05,0.95,0.91,0.99
19,,0.354,0.12,0.08,0.16,0.04,0.94,0.9,0.98
20,,0.344,0.11,0.07,0.15,0.03,0.93,0.89,0.97
21,,0.334,0.1,0.06,0.14,0.02,0.92,0.88,0.96
22,,0.324,0.09,0.05,0.13,0.01,0.91,0.87,0.95
23,,0.314,0.08,0.04,0.12,0.0,0.9,0.86,0.94
24,,0.304,0.07,0.03,0.11,-0.01,0.89,0.85,0.93
25,5,-0.106,-0.223,0.02,0.383,0.99,1.0,0.84,0.637
26,5,-0.516,-0.516,0.01,0.656,1.0,1.0,0.83,0.344
27,2,-0.243,0.484,0.283,0.646,0.707,0.59,0.537,0.334
28,2,0.03,1.0,0.556,0.636,0.414,0.18,0.244,0.324
29,,0.02,0.99,0.546,0.626,0.404,0.17,0.234,0.314
30,,0.01,0.98,0.536,0.616,0.394,0.16,0.224,0.304
31,,0.0,0.97,0.526,0.606,0.384,0.15,0.214,0.294
32,,-0.01,0.96,0.516,0.596,0.374,0.14,0.204,0.284
33,1,0.99,1.0,0.506,0.303,-0.036,-0.153,0.194,0.557
34,1,1.0,1.0,0.496,0.01,-0.446,-0.446,0.184,0.83
35,6,0.707,0.59,0.203,0.0,-0.173,0.554,0.457,0.82
36,6,0.414,0.18,-0.09,-0.01,0.1,1.0,0.73,0.81
37,3,0.404,0.453,0.91,0.263,0.09,0.707,0.32,0.517
38,3,0.394,0.726,1.0,0.536,0.08,0.414,-0.09,0.224
39,7,0.384,0.433,0.59,0.243,0.07,0.687,0.91,0.497
40,7,0.374,0.14,0.18,-0.05,0.06,0.96,1.0,0.77
41,4,0.081,0.13,0.453,0.95,0.333,0.95,0.707,0.36
42,4,-0.212,0.12,0.726,1.0,0.606,0.94,0.414,-0.05
43,1,0.788,0.393,0.716,0.707,0.196,0.647,0.404,0.223
44,1,1.0,0.666,0.706,0.414,-0.214,0.354,0.394,0.496
45,5,0.59,0.373,0.696,0.687,0.786,0.627,0.384,0.203
46,5,0.18,0.08,0.686,0.96,1.0,0.9,0.374,-0.09
47,8,0.453,0.07,0.393,0.55,0.707,0.89,0.647,0.91
48,8,0.726,0.06,0.1,0.14,0.414,0.88,0.92,1.0
49,,0.716,0.05,0.09,0.13,0.404,0.87,0.91,0.99
50,,0.706,0.04,0.08,0.12,0.394,0.86,0.9,0.98
51,,0.696,0.03,0.07,0.11,0.384,0.85,0.89,0.97
52,,0.686,0.02,0.06,0.1,0.374,0.84,0.88,0.96
53,,0.676,0.01,0.05,0.09,0.364,0.83,0.87,0.95
54,,0.666,0.0,0.04,0.08,0.354,0.82,0.86,0.94
55,,0.656,-0.01,0.03,0.07,0.344,0.81,0.85,0.93
56,2,0.929,0.99,0.303,0.06,0.051,0.4,0.557,0.92
57,2,1.0,1.0,0.576,0.05,-0.242,-0.01,0.264,0.91
58,5,0.59,0.707,0.566,0.323,0.758,0.263,0.254,0.617
59,5,0.18,0.414,0.556,0.596,1.0,0.536,0.244,0.324
60,,0.17,0.404,0.546,0.586,0.99,0.526,0.234,0.314
61,,0.16,0.394,0.536,0.576,0.98,0.516,0.224,0.304
62,,0.15,0.384,0.526,0.566,0.97,0.506,0.214,0.294
63,,0.14,0.374,0.516,0.556,0.96,0.496,0.204,0.284
64,,0.13,0.364,0.506,0.546,0.95,0.486,0.194,0.274
65,,0.12,0.354,0.496,0.536,0.94,0.476,0.184,0.264
66,,0.11,0.344,0.486,0.526,0.93,0.466,0.174,0.254
67,,0.1,0.334,0.476,0.516,0.92,0.456,0.164,0.244
68,,0.09,0.324,0.466,0.506,0.91,0.446,0.154,0.234
69,,0.08,0.314,0.456,0.496,0.9,0.436,0.144,0.224
70,,0.07,0.304,0.446,0.486,0.89,0.426,0.134,0.214
71,,0.06,0.294,0.436,0.476,0.88,0.416,0.124,0.204
72,,0.05,0.284,0.426,0.466,0.87,0.406,0.114,0.194
73,,0.04,0.274,0.416,0.456,0.86,0.396,0.104,0.184
74,,0.03,0.264,0.406,0.446,0.85,0.386,0.094,0.174
75,,0.02,0.254,0.396,0.436,0.84,0.376,0.084,0.164
76,,0.01,0.244,0.386,0.426,0.83,0.366,0.074,0.154
77,,0.0,0.234,0.376,0.416,0.82,0.356,0.064,0.144
78,,-0.01,0.224,0.366,0.406,0.81,0.346,0.054,0.134
79,1,0.99,0.497,0.356,0.113,0.4,0.053,0.044,0.407
80,1,1.0,0.77,0.346,-0.18,-0.01,-0.24,0.034,0.68
81,6,0.707,0.36,0.053,-0.19,0.263,0.76,0.307,0.67
82,6,0.414,-0.05,-0.24,-0.2,0.536,1.0,0.58,0.66
83,3,0.404,0.223,0.76,0.073,0.526,0.707,0.17,0.367
84,3,0.394,0.496,1.0,0.346,0.516,0.414,-0.24,0.074
85,7,0.384,0.203,0.59,0.053,0.506,0.687,0.76,0.347
86,7,0.374,-0.09,0.18,-0.24,0.496,0.96,1.0,0.62
87,4,0.081,-0.1,0.453,0.76,0.769,0.95,0.707,0.21
88,4,-0.212,-0.11,0.726,1.0,1.0,0.94,0.414,-0.2
89,1,0.788,0.163,0.716,0.707,0.59,0.647,0.404,0.073
90,1,1.0,0.436,0.706,0.414,0.18,0.354,0.394,0.346
91,,0.99,0.426,0.696,0.404,0.17,0.344,0.384,0.336
92,,0.98,0.416,0.686,0.394,0.16,0.334,0.374,0.326
93,,0.97,0.406,0.676,0.384,0.15,0.324,0.364,0.316
94,,0.96,0.396,0.666,0.374,0.14,0.314,0.354,0.306
95,,0.95,0.386,0.656,0.364,0.13,0.304,0.344,0.296
96,,0.94,0.376,0.646,0.354,0.12,0.294,0.334,0.286
97,,0.93,0.366,0.636,0.344,0.11,0.284,0.324,0.276
98,,0.92,0.356,0.626,0.334,0.1,0.274,0.314,0.266
99,,0.91,0.346,0.616,0.324,0.09,0.264,0.304,0.256
100,,0.9,0.336,0.606,0.314,0.08,0.254,0.294,0.246
101,,0.89,0.326,0.596,0.304,0.07,0.244,0.284,0.236
102,,0.88,0.316,0.586,0.294,0.06,0.234,0.274,0.226
103,,0.87,0.306,0.576,0.284,0.05,0.224,0.264,0.216
104,,0.86,0.296,0.566,0.274,0.04,0.214,0.254,0.206
105,,0.85,0.286,0.556,0.264,0.03,0.204,0.244,0.196
106,,0.84,0.276,0.546,0.254,0.02,0.194,0.234,0.186
107,,0.83,0.266,0.536,0.244,0.01,0.184,0.224,0.176
108,,0.82,0.256,0.526,0.234,0.0,0.174,0.214,0.166
109,,0.81,0.246,0.516,0.224,-0.01,0.164,0.204,0.156
110,5,0.4,-0.047,0.506,0.497,0.99,0.437,0.194,-0.137
111,5,-0.01,-0.34,0.496,0.77,1.0,0.71,0.184,-0.43
112,8,0.263,-0.35,0.203,0.36,0.707,0.7,0.457,0.57
113,8,0.536,-0.36,-0.09,-0.05,0.414,0.69,0.73,1.0
114,2,0.809,0.64,0.183,-0.06,0.121,0.28,0.437,0.99
115,2,1.0,1.0,0.456,-0.07,-0.172,-0.13,0.144,0.98
116,5,0.59,0.707,0.446,0.203,0.828,0.143,0.134,0.687
117,5,0.18,0.414,0.436,0.476,1.0,0.416,0.124,0.394
118,,0.17,0.404,0.426,0.466,0.99,0.406,0.114,0.384
119,,0.16,0.394,0.416,0.456,0.98,0.396,0.104,0.374
120,,0.15,0.384,0.406,0.446,0.97,0.386,0.094,0.364
121,,0.14,0.374,0.396,0.436,0.96,0.376,0.084,0.354
122,,0.13,0.364,0.386,0.426,0.95,0.366,0.074,0.344
123,,0.12,0.354,0.376,0.416,0.94,0.356,0.064,0.334
124,,0.11,0.344,0.366,0.406,0.93,0.346,0.054,0.324
125,,0.1,0.334,0.356,0.396,0.92,0.336,0.044,0.314
126,,0.09,0.324,0.346,0.386,0.91,0.326,0.034,0.304
127,,0.08,0.314,0.336,0.376,0.9,0.316,0.024,0.294
128,,0.07,0.304,0.326,0.366,0.89,0.306,0.014,0.284
129,,0.06,0.294,0.316,0.356,0.88,0.296,0.004,0.274
130,,0.05,0.284,0.306,0.346,0.87,0.286,-0.006,0.264
131,7,0.04,-0.009,-0.104,0.053,0.86,0.559,0.994,0.537
132,7,0.03,-0.302,-0.514,-0.24,0.85,0.832,1.0,0.81
133,3,0.02,-0.029,0.486,0.033,0.84,0.539,0.59,0.517
134,3,0.01,0.244,1.0,0.306,0.83,0.246,0.18,0.224
135,,0.0,0.234,0.99,0.296,0.82,0.236,0.17,0.214
136,,-0.01,0.224,0.98,0.286,0.81,0.226,0.16,0.204
137,1,0.99,0.497,0.97,-0.007,0.4,-0.067,0.15,0.477
138,1,1.0,0.77,0.96,-0.3,-0.01,-0.36,0.14,0.75
139,6,0.707,0.36,0.667,-0.31,0.263,0.64,0.413,0.74
140,6,0.414,-0.05,0.374,-0.32,0.536,1.0,0.686,0.73
141,4,0.121,-0.06,0.647,0.68,0.809,0.99,0.393,0.32
142,4,-0.172,-0.07,0.92,1.0,1.0,0.98,0.1,-0.09
143,1,0.828,0.203,0.91,0.707,0.59,0.687,0.09,0.183
144,1,1.0,0.476,0.9,0.414,0.18,0.394,0.08,0.456
145,,0.99,0.466,0.89,0.404,0.17,0.384,0.07,0.446
146,,0.98,0.456,0.88,0.394,0.16,0.374,0.06,0.436
147,,0.97,0.446,0.87,0.384,0.15,0.364,0.05,0.426
148,,0.96,0.436,0.86,0.374,0.14,0.354,0.04,0.416
149,,0.95,0.426,0.85,0.364,0.13,0.344,0.03,0.406
150,,0.94,0.416,0.84,0.354,0.12,0.334,0.02,0.396
151,,0.93,0.406,0.83,0.344,0.11,0.324,0.01,0.386
152,,0.92,0.396,0.82,0.334,0.1,0.314,0.0,0.376
153,,0.91,0.386,0.81,0.324,0.09,0.304,-0.01,0.366
154,7,0.9,0.093,0.4,0.031,0.08,0.577,0.99,0.639
155,7,0.89,-0.2,-0.01,-0.262,0.07,0.85,1.0,0.912
156,4,0.597,-0.21,0.263,0.738,0.343,0.84,0.707,0.502
157,4,0.304,-0.22,0.536,1.0,0.616,0.83,0.414,0.092
158,2,0.577,0.78,0.809,0.99,0.323,0.42,0.121,0.082
159,2,0.85,1.0,1.0,0.98,0.03,0.01,-0.172,0.072
160,7,0.84,0.707,0.59,0.687,0.02,0.283,0.828,0.345
161,7,0.83,0.414,0.18,0.394,0.01,0.556,1.0,0.618
162,,0.82,0.404,0.17,0.384,0.0,0.546,0.99,0.608
163,,0.81,0.394,0.16,0.374,-0.01,0.536,0.98,0.598
164,5,0.4,0.101,0.15,0.647,0.99,0.809,0.97,0.305
165,5,-0.01,-0.192,0.14,0.92,1.0,1.0,0.96,0.012
166,2,0.263,0.808,0.413,0.91,0.707,0.59,0.667,0.002
167,2,0.536,1.0,0.686,0.9,0.414,0.18,0.374,-0.008
168,8,0.809,0.99,0.393,0.49,0.121,0.17,0.647,0.992
169,8,1.0,0.98,0.1,0.08,-0.172,0.16,0.92,1.0
170,5,0.59,0.687,0.09,0.353,0.828,0.433,0.91,0.707
171,5,0.18,0.394,0.08,0.626,1.0,0.706,0.9,0.414
172,,0.17,0.384,0.07,0.616,0.99,0.696,0.89,0.404
173,,0.16,0.374,0.06,0.606,0.98,0.686,0.88,0.394
174,,0.15,0.364,0.05,0.596,0.97,0.676,0.87,0.384
175,,0.14,0.354,0.04,0.586,0.96,0.666,0.86,0.374
176,,0.13,0.344,0.03,0.576,0.95,0.656,0.85,0.364
177,,0.12,0.334,0.02,0.566,0.94,0.646,0.84,0.354
178,,0.11,0.324,0.01,0.556,0.93,0.636,0.83,0.344
179,,0.1,0.314,0.0,0.546,0.92,0.626,0.82,0.334
180,,0.09,0.304,-0.01,0.536,0.91,0.616,0.81,0.324
181,3,0.08,0.577,0.99,0.809,0.9,0.323,0.4,0.031
182,3,0.07,0.85,1.0,1.0,0.89,0.03,-0.01,-0.262
183,8,0.343,0.84,0.707,0.59,0.597,0.02,0.263,0.738
184,8,0.616,0.83,0.414,0.18,0.304,0.01,0.536,1.0
185,,0.606,0.82,0.404,0.17,0.294,0.0,0.526,0.99
186,,0.596,0.81,0.394,0.16,0.284,-0.01,0.516,0.98
187,6,0.303,0.4,0.101,0.15,0.557,0.99,0.789,0.97
188,6,0.01,-0.01,-0.192,0.14,0.83,1.0,1.0,0.96
189,3,0.0,0.263,0.808,0.413,0.82,0.707,0.59,0.667
190,3,-0.01,0.536,1.0,0.686,0.81,0.414,0.18,0.374
191,1,0.99,0.809,0.99,0.393,0.4,0.121,0.17,0.647
192,1,1.0,1.0,0.98,0.1,-0.01,-0.172,0.16,0.92
193,6,0.707,0.59,0.687,0.09,0.263,0.828,0.433,0.91
194,6,0.414,0.18,0.394,0.08,0.536,1.0,0.706,0.9
195,,0.404,0.17,0.384,0.07,0.526,0.99,0.696,0.89
196,,0.394,0.16,0.374,0.06,0.516,0.98,0.686,0.88
197,,0.384,0.15,0.364,0.05,0.506,0.97,0.676,0.87
198,,0.374,0.14,0.354,0.04,0.496,0.96,0.666,0.86
199,,0.364,0.13,0.344,0.03,0.486,0.95,0.656,0.85
200,,0.354,0.12,0.334,0.02,0.476,0.94,0.646,0.84
201,,0.344,0.11,0.324,0.01,0.466,0.93,0.636,0.83
202,,0.334,0.1,0.314,0.0,0.456,0.92,0.626,0.82
203,,0.324,0.09,0.304,-0.01,0.446,0.91,0.616,0.81
204,4,0.031,0.08,0.577,0.99,0.719,0.9,0.323,0.4
205,4,-0.262,0.07,0.85,1.0,0.992,0.89,0.03,-0.01
206,1,0.738,0.343,0.84,0.707,0.582,0.597,0.02,0.263
207,1,1.0,0.616,0.83,0.414,0.172,0.304,0.01,0.536
208,,0.99,0.606,0.82,0.404,0.162,0.294,0.0,0.526
209,,0.98,0.596,0.81,0.394,0.152,0.284,-0.01,0.516
210,7,0.97,0.303,0.4,0.101,0.142,0.557,0.99,0.789
211,7,0.96,0.01,-0.01,-0.192,0.132,0.83,1.0,1.0
212,4,0.667,0.0,0.263,0.808,0.405,0.82,0.707,0.59
213,4,0.374,-0.01,0.536,1.0,0.678,0.81,0.414,0.18
214,2,0.647,0.99,0.809,0.99,0.385,0.4,0.121,0.17
215,2,0.92,1.0,1.0,0.98,0.092,-0.01,-0.172,0.16
216,7,0.91,0.707,0.59,0.687,0.082,0.263,0.828,0.433
217,7,0.9,0.414,0.18,0.394,0.072,0.536,1.0,0.706
218,,0.89,0.404,0.17,0.384,0.062,0.526,0.99,0.696
219,,0.88,0.394,0.16,0.374,0.052,0.516,0.98,0.686
220,,0.87,0.384,0.15,0.364,0.042,0.506,0.97,0.676
221,,0.86,0.374,0.14,0.354,0.032,0.496,0.96,0.666
222,,0.85,0.364,0.13,0.344,0.022,0.486,0.95,0.656
223,,0.84,0.354,0.12,0.334,0.012,0.476,0.94,0.646
224,,0.83,0.344,0.11,0.324,0.002,0.466,0.93,0.636
225,,0.82,0.334,0.1,0.314,-0.008,0.456,0.92,0.626
226,5,0.41,0.041,0.09,0.587,0.992,0.729,0.91,0.333
227,5,-0.0,-0.252,0.08,0.86,1.0,1.0,0.9,0.04
228,2,0.273,0.748,0.353,0.85,0.707,0.59,0.607,0.03
229,2,0.546,1.0,0.626,0.84,0.414,0.18,0.314,0.02
230,,0.536,0.99,0.616,0.83,0.404,0.17,0.304,0.01
231,,0.526,0.98,0.606,0.82,0.394,0.16,0.294,0.0
232,,0.516,0.97,0.596,0.81,0.384,0.15,0.284,-0.01
233,8,0.789,0.96,0.303,0.4,0.091,0.14,0.557,0.99
234,8,1.0,0.95,0.01,-0.01,-0.202,0.13,0.83,1.0
235,5,0.59,0.657,0.0,0.263,0.798,0.403,0.82,0.707
236,5,0.18,0.364,-0.01,0.536,1.0,0.676,0.81,0.414
237,3,0.17,0.637,0.99,0.809,0.99,0.383,0.4,0.121
238,3,0.16,0.91,1.0,1.0,0.98,0.09,-0.01,-0.172
239,8,0.433,0.9,0.707,0.59,0.687,0.08,0.263,0.828
240,8,0.706,0.89,0.414,0.18,0.394,0.07,0.536,1.0
241,,0.696,0.88,0.404,0.17,0.384,0.06,0.526,0.99
242,,0.686,0.87,0.394,0.16,0.374,0.05,0.516,0.98
243,,0.676,0.86,0.384,0.15,0.364,0.04,0.506,0.97
244,,0.666,0.85,0.374,0.14,0.354,0.03,0.496,0.96
245,,0.656,0.84,0.364,0.13,0.344,0.02,0.486,0.95
246,,0.646,0.83,0.354,0.12,0.334,0.01,0.476,0.94
247,,0.636,0.82,0.344,0.11,0.324,0.0,0.466,0.93
248,,0.626,0.81,0.334,0.1,0.314,-0.01,0.456,0.92
249,6,0.333,0.4,0.041,0.09,0.587,0.99,0.729,0.91
250,6,0.04,-0.01,-0.252,0.08,0.86,1.0,1.0,0.9
251,3,0.03,0.263,0.748,0.353,0.85,0.707,0.59,0.607
252,3,0.02,0.536,1.0,0.626,0.84,0.414,0.18,0.314
253,,0.01,0.526,0.99,0.616,0.83,0.404,0.17,0.304
254,,0.0,0.516,0.98,0.606,0.82,0.394,0.16,0.294
255,,-0.01,0.506,0.97,0.596,0.81,0.384,0.15,0.284
256,1,0.99,0.779,0.96,0.303,0.4,0.091,0.14,0.557
257,1,1.0,1.0,0.95,0.01,-0.01,-0.202,0.13,0.83
258,6,0.707,0.59,0.657,0.0,0.263,0.798,0.403,0.82
259,6,0.414,0.18,0.364,-0.01,0.536,1.0,0.676,0.81
260,4,0.121,0.17,0.637,0.99,0.809,0.99,0.383,0.4
261,4,-0.172,0.16,0.91,1.0,1.0,0.98,0.09,-0.01
262,1,0.828,0.433,0.9,0.707,0.59,0.687,0.08,0.263
263,1,1.0,0.706,0.89,0.414,0.18,0.394,0.07,0.536
264,,0.99,0.696,0.88,0.404,0.17,0.384,0.06,0.526
265,,0.98,0.686,0.87,0.394,0.16,0.374,0.05,0.516
266,,0.97,0.676,0.86,0.384,0.15,0.364,0.04,0.506
267,,0.96,0.666,0.85,0.374,0.14,0.354,0.03,0.496
268,,0.95,0.656,0.84,0.364,0.13,0.344,0.02,0.486
269,,0.94,0.646,0.83,0.354,0.12,0.334,0.01,0.476
270,,0.93,0.636,0.82,0.344,0.11,0.324,0.0,0.466
271,,0.92,0.626,0.81,0.334,0.1,0.314,-0.01,0.456
272,7,0.91,0.333,0.4,0.041,0.09,0.587,0.99,0.729
273,7,0.9,0.04,-0.01,-0.252,0.08,0.86,1.0,1.0
274,4,0.607,0.03,0.263,0.748,0.353,0.85,0.707,0.59
275,4,0.314,0.02,0.536,1.0,0.626,0.84,0.414,0.18
276,,0.304,0.01,0.526,0.99,0.616,0.83,0.404,0.17
277,,0.294,0.0,0.516,0.98,0.606,0.82,0.394,0.16
278,,0.284,-0.01,0.506,0.97,0.596,0.81,0.384,0.15
279,2,0.557,0.99,0.779,0.96,0.303,0.4,0.091,0.14
280,2,0.83,1.0,1.0,0.95,0.01,-0.01,-0.202,0.13
281,7,0.82,0.707,0.59,0.657,0.0,0.263,0.798,0.403
282,7,0.81,0.414,0.18,0.364,-0.01,0.536,1.0,0.676
283,5,0.4,0.121,0.17,0.637,0.99,0.809,0.99,0.383
284,5,-0.01,-0.172,0.16,0.91,1.0,1.0,0.98,0.09
285,2,0.263,0.828,0.433,0.9,0.707,0.59,0.687,0.08
286,2,0.536,1.0,0.706,0.89,0.414,0.18,0.394,0.07
287,,0.526,0.99,0.696,0.88,0.404,0.17,0.384,0.06
288,,0.516,0.98,0.686,0.87,0.394,0.16,0.374,0.05
289,,0.506,0.97,0.676,0.86,0.384,0.15,0.364,0.04
290,,0.496,0.96,0.666,0.85,0.374,0.14,0.354,0.03
291,,0.486,0.95,0.656,0.84,0.364,0.13,0.344,0.02
292,,0.476,0.94,0.646,0.83,0.354,0.12,0.334,0.01
293,,0.466,0.93,0.636,0.82,0.344,0.11,0.324,0.0
294,,0.456,0.92,0.626,0.81,0.334,0.1,0.314,-0.01
295,8,0.729,0.91,0.333,0.4,0.041,0.09,0.587,0.99
296,8,1.0,0.9,0.04,-0.01,-0.252,0.08,0.86,1.0
297,5,0.59,0.607,0.03,0.263,0.748,0.353,0.85,0.707
298,5,0.18,0.314,0.02,0.536,1.0,0.626,0.84,0.414
299,,0.17,0.304,0.01,0.526,0.99,0.616,0.83,0.404
300,,0.16,0.294,0.0,0.516,0.98,0.606,0.82,0.394
301,,0.15,0.284,-0.01,0.506,0.97,0.596,0.81,0.384
302,3,0.14,0.557,0.99,0.779,0.96,0.303,0.4,0.091
303,3,0.13,0.83,1.0,1.0,0.95,0.01,-0.01,-0.202
304,8,0.403,0.82,0.707,0.59,0.657,0.0,0.263,0.798
305,8,0.676,0.81,0.414,0.18,0.364,-0.01,0.536,1.0
306,6,0.383,0.4,0.121,0.17,0.637,0.99,0.809,0.99
307,6,0.09,-0.01,-0.172,0.16,0.91,1.0,1.0,0.98
308,3,0.08,0.263,0.828,0.433,0.9,0.707,0.59,0.687
309,3,0.07,0.536,1.0,0.706,0.89,0.414,0.18,0.394
310,,0.06,0.526,0.99,0.696,0.88,0.404,0.17,0.384
311,,0.05,0.516,0.98,0.686,0.87,0.394,0.16,0.374
312,,0.04,0.506,0.97,0.676,0.86,0.384,0.15,0.364
313,,0.03,0.496,0.96,0.666,0.85,0.374,0.14,0.354
314,,0.02,0.486,0.95,0.656,0.84,0.364,0.13,0.344
315,,0.01,0.476,0.94,0.646,0.83,0.354,0.12,0.334
316,,0.0,0.466,0.93,0.636,0.82,0.344,0.11,0.324
317,,-0.01,0.456,0.92,0.626,0.81,0.334,0.1,0.314
318,1,0.99,0.729,0.91,0.333,0.4,0.041,0.09,0.587
319,1,1.0,1.0,0.9,0.04,-0.01,-0.252,0.08,0.86
320,6,0.707,0.59,0.607,0.03,0.263,0.748,0.353,0.85
321,6,0.414,0.18,0.314,0.02,0.536,1.0,0.626,0.84
322,,0.404,0.17,0.304,0.01,0.526,0.99,0.616,0.83
323,,0.394,0.16,0.294,0.0,0.516,0.98,0.606,0.82
324,,0.384,0.15,0.284,-0.01,0.506,0.97,0.596,0.81
325,4,0.091,0.14,0.557,0.99,0.779,0.96,0.303,0.4
326,4,-0.202,0.13,0.83,1.0,1.0,0.95,0.01,-0.01
327,1,0.798,0.403,0.82,0.707,0.59,0.657,0.0,0.263
328,1,1.0,0.676,0.81,0.414,0.18,0.364,-0.01,0.536
329,7,0.99,0.383,0.4,0.121,0.17,0.637,0.99,0.809
330,7,0.98,0.09,-0.01,-0.172,0.16,0.91,1.0,1.0
331,4,0.687,0.08,0.263,0.828,0.433,0.9,0.707,0.59
332,4,0.394,0.07,0.536,1.0,0.706,0.89,0.414,0.18
333,,0.384,0.06,0.526,0.99,0.696,0.88,0.404,0.17
334,,0.374,0.05,0.516,0.98,0.686,0.87,0.394,0.16
335,,0.364,0.04,0.506,0.97,0.676,0.86,0.384,0.15
336,,0.354,0.03,0.496,0.96,0.666,0.85,0.374,0.14
337,,0.344,0.02,0.486,0.95,0.656,0.84,0.364,0.13
338,,0.334,0.01,0.476,0.94,0.646,0.83,0.354,0.12
339,,0.324,0.0,0.466,0.93,0.636,0.82,0.344,0.11
340,,0.314,-0.01,0.456,0.92,0.626,0.81,0.334,0.1
341,2,0.587,0.99,0.729,0.91,0.333,0.4,0.041,0.09
342,2,0.86,1.0,1.0,0.9,0.04,-0.01,-0.252,0.08
343,7,0.85,0.707,0.59,0.607,0.03,0.263,0.748,0.353
344,7,0.84,0.414,0.18,0.314,0.02,0.536,1.0,0.626
345,,0.83,0.404,0.17,0.304,0.01,0.526,0.99,0.616
346,,0.82,0.394,0.16,0.294,0.0,0.516,0.98,0.606
347,,0.81,0.384,0.15,0.284,-0.01,0.506,0.97,0.596
348,5,0.4,0.091,0.14,0.557,0.99,0.779,0.96,0.303
349,5,-0.01,-0.202,0.13,0.83,1.0,1.0,0.95,0.01
350,2,0.263,0.798,0.403,0.82,0.707,0.59,0.657,0.0
351,2,0.536,1.0,0.676,0.81,0.414,0.18,0.364,-0.01
352,8,0.809,0.99,0.383,0.4,0.121,0.17,0.637,0.99
353,8,1.0,0.98,0.09,-0.01,-0.172,0.16,0.91,1.0
354,5,0.59,0.687,0.08,0.263,0.828,0.433,0.9,0.707
355,5,0.18,0.394,0.07,0.536,1.0,0.706,0.89,0.414
356,,0.17,0.384,0.06,0.526,0.99,0.696,0.88,0.404
357,,0.16,0.374,0.05,0.516,0.98,0.686,0.87,0.394
358,,0.15,0.364,0.04,0.506,0.97,0.676,0.86,0.384
359,,0.14,0.354,0.03,0.496,0.96,0.666,0.85,0.374
360,,0.13,0.344,0.02,0.486,0.95,0.656,0.84,0.364
361,,0.12,0.334,0.01,0.476,0.94,0.646,0.83,0.354
362,,0.11,0.324,0.0,0.466,0.93,0.636,0.82,0.344
363,,0.1,0.314,-0.01,0.456,0.92,0.626,0.81,0.334
364,3,0.09,0.587,0.99,0.729,0.91,0.333,0.4,0.041
365,3,0.08,0.86,1.0,1.0,0.9,0.04,-0.01,-0.252
366,8,0.353,0.85,0.707,0.59,0.607,0.03,0.263,0.748
367,8,0.626,0.84,0.414,0.18,0.314,0.02,0.536,1.0
368,,0.616,0.83,0.404,0.17,0.304,0.01,0.526,0.99
369,,0.606,0.82,0.394,0.16,0.294,0.0,0.516,0.98
370,,0.596,0.81,0.384,0.15,0.284,-0.01,0.506,0.97
371,6,0.303,0.4,0.091,0.14,0.557,0.99,0.779,0.96
372,6,0.01,-0.01,-0.202,0.13,0.83,1.0,1.0,0.95
373,3,0.0,0.263,0.798,0.403,0.82,0.707,0.59,0.657
374,3,-0.01,0.536,1.0,0.676,0.81,0.414,0.18,0.364
375,1,0.99,0.809,0.99,0.383,0.4,0.121,0.17,0.637
376,1,1.0,1.0,0.98,0.09,-0.01,-0.172,0.16,0.91
377,6,0.707,0.59,0.687,0.08,0.263,0.828,0.433,0.9
378,6,0.414,0.18,0.394,0.07,0.536,1.0,0.706,0.89
379,,0.404,0.17,0.384,0.06,0.526,0.99,0.696,0.88
380,,0.394,0.16,0.374,0.05,0.516,0.98,0.686,0.87
381,,0.384,0.15,0.364,0.04,0.506,0.97,0.676,0.86
382,,0.374,0.14,0.354,0.03,0.496,0.96,0.666,0.85
383,,0.364,0.13,0.344,0.02,0.486,0.95,0.656,0.84
384,,0.354,0.12,0.334,0.01,0.476,0.94,0.646,0.83
385,,0.344,0.11,0.324,0.0,0.466,0.93,0.636,0.82
386,,0.334,0.1,0.314,-0.01,0.456,0.92,0.626,0.81
387,4,0.041,0.09,0.587,0.99,0.729,0.91,0.333,0.4
388,4,-0.252,0.08,0.86,1.0,1.0,0.9,0.04,-0.01
389,1,0.748,0.353,0.85,0.707,0.59,0.607,0.03,0.263
390,1,1.0,0.626,0.84,0.414,0.18,0.314,0.02,0.536
391,,0.99,0.616,0.83,0.404,0.17,0.304,0.01,0.526
392,,0.98,0.606,0.82,0.394,0.16,0.294,0.0,0.516
393,,0.97,0.596,0.81,0.384,0.15,0.284,-0.01,0.506
394,7,0.96,0.303,0.4,0.091,0.14,0.557,0.99,0.779
395,7,0.95,0.01,-0.01,-0.202,0.13,0.83,1.0,1.0
396,4,0.657,0.0,0.263,0.798,0.403,0.82,0.707,0.59
397,4,0.364,-0.01,0.536,1.0,0.676,0.81,0.414,0.18
398,2,0.637,0.99,0.809,0.99,0.383,0.4,0.121,0.17
399,2,0.91,1.0,1.0,0.98,0.09,-0.01,-0.172,0.16
400,7,0.9,0.707,0.59,0.687,0.08,0.263,0.828,0.433
401,7,0.89,0.414,0.18,0.394,0.07,0.536,1.0,0.706
402,,0.88,0.404,0.17,0.384,0.06,0.526,0.99,0.696
403,,0.87,0.394,0.16,0.374,0.05,0.516,0.98,0.686
404,,0.86,0.384,0.15,0.364,0.04,0.506,0.97,0.676
405,,0.85,0.374,0.14,0.354,0.03,0.496,0.96,0.666
406,,0.84,0.364,0.13,0.344,0.02,0.486,0.95,0.656
407,,0.83,0.354,0.12,0.334,0.01,0.476,0.94,0.646
408,,0.82,0.344,0.11,0.324,0.0,0.466,0.93,0.636
409,,0.81,0.334,0.1,0.314,-0.01,0.456,0.92,0.626
410,5,0.4,0.041,0.09,0.587,0.99,0.729,0.91,0.333
411,5,-0.01,-0.252,0.08,0.86,1.0,1.0,0.9,0.04
412,2,0.263,0.748,0.353,0.85,0.707,0.59,0.607,0.03
413,2,0.536,1.0,0.626,0.84,0.414,0.18,0.314,0.02
414,,0.526,0.99,0.616,0.83,0.404,0.17,0.304,0.01
415,,0.516,0.98,0.606,0.82,0.394,0.16,0.294,0.0
416,,0.506,0.97,0.596,0.81,0.384,0.15,0.284,-0.01
417,8,0.779,0.96,0.303,0.4,0.091,0.14,0.557,0.99
418,8,1.0,0.95,0.01,-0.01,-0.202,0.13,0.83,1.0
419,5,0.59,0.657,0.0,0.263,0.798,0.403,0.82,0.707
420,5,0.18,0.364,-0.01,0.536,1.0,0.676,0.81,0.414
421,3,0.17,0.637,0.99,0.809,0.99,0.383,0.4,0.121
422,3,0.16,0.91,1.0,1.0,0.98,0.09,-0.01,-0.172
423,8,0.433,0.9,0.707,0.59,0.687,0.08,0.263,0.828
424,8,0.706,0.89,0.414,0.18,0.394,0.07,0.536,1.0
425,,0.696,0.88,0.404,0.17,0.384,0.06,0.526,0.99
426,,0.686,0.87,0.394,0.16,0.374,0.05,0.516,0.98
427,,0.676,0.86,0.384,0.15,0.364,0.04,0.506,0.97
428,,0.666,0.85,0.374,0.14,0.354,0.03,0.496,0.96
429,,0.656,0.84,0.364,0.13,0.344,0.02,0.486,0.95
430,,0.646,0.83,0.354,0.12,0.334,0.01,0.476,0.94
431,,0.636,0.82,0.344,0.11,0.324,0.0,0.466,0.93
432,,0.626,0.81,0.334,0.1,0.314,-0.01,0.456,0.92
433,6,0.333,0.4,0.041,0.09,0.587,0.99,0.729,0.91
434,6,0.04,-0.01,-0.252,0.08,0.86,1.0,1.0,0.9
435,3,0.03,0.263,0.748,0.353,0.85,0.707,0.59,0.607
436,3,0.02,0.536,1.0,0.626,0.84,0.414,0.18,0.314
437,,0.01,0.526,0.99,0.616,0.83,0.404,0.17,0.304
438,,0.0,0.516,0.98,0.606,0.82,0.394,0.16,0.294
439,,-0.01,0.506,0.97,0.596,0.81,0.384,0.15,0.284
440,1,0.99,0.779,0.96,0.303,0.4,0.091,0.14,0.557
441,1,1.0,1.0,0.95,0.01,-0.01,-0.202,0.13,0.83
442,6,0.707,0.59,0.657,0.0,0.263,0.798,0.403,0.82
443,6,0.414,0.18,0.364,-0.01,0.536,1.0,0.676,0.81
444,4,0.121,0.17,0.637,0.99,0.809,0.99,0.383,0.4
445,4,-0.172,0.16,0.91,1.0,1.0,0.98,0.09,-0.01
446,1,0.828,0.433,0.9,0.707,0.59,0.687,0.08,0.263
447,1,1.0,0.706,0.89,0.414,0.18,0.394,0.07,0.536
448,,0.99,0.696,0.88,0.404,0.17,0.384,0.06,0.526
449,,0.98,0.686,0.87,0.394,0.16,0.374,0.05,0.516
450,,0.97,0.676,0.86,0.384,0.15,0.364,0.04,0.506
451,,0.96,0.666,0.85,0.374,0.14,0.354,0.03,0.496
452,,0.95,0.656,0.84,0.364,0.13,0.344,0.02,0.486
453,,0.94,0.646,0.83,0.354,0.12,0.334,0.01,0.476
454,,0.93,0.636,0.82,0.344,0.11,0.324,0.0,0.466
455,,0.92,0.626,0.81,0.334,0.1,0.314,-0.01,0.456
456,7,0.91,0.333,0.4,0.041,0.09,0.587,0.99,0.729
457,7,0.9,0.04,-0.01,-0.252,0.08,0.86,1.0,1.0
458,4,0.607,0.03,0.263,0.748,0.353,0.85,0.707,0.59
459,4,0.314,0.02,0.536,1.0,0.626,0.84,0.414,0.18
460,,0.304,0.01,0.526,0.99,0.616,0.83,0.404,0.17
461,,0.294,0.0,0.516,0.98,0.606,0.82,0.394,0.16
462,,0.284,-0.01,0.506,0.97,0.596,0.81,0.384,0.15
463,2,0.557,0.99,0.779,0.96,0.303,0.4,0.091,0.14
464,2,0.83,1.0,1.0,0.95,0.01,-0.01,-0.202,0.13
465,7,0.82,0.707,0.59,0.657,0.0,0.263,0.798,0.403
466,7,0.81,0.414,0.18,0.364,-0.01,0.536,1.0,0.676
467,5,0.4,0.121,0.17,0.637,0.99,0.809,0.99,0.383
468,5,-0.01,-0.172,0.16,0.91,1.0,1.0,0.98,0.09
469,2,0.263,0.828,0.433,0.9,0.707,0.59,0.687,0.08
470,2,0.536,1.0,0.706,0.89,0.414,0.18,0.394,0.07
471,,0.526,0.99,0.696,0.88,0.404,0.17,0.384,0.06
472,,0.516,0.98,0.686,0.87,0.394,0.16,0.374,0.05
473,,0.506,0.97,0.676,0.86,0.384,0.15,0.364,0.04
474,,0.496,0.96,0.666,0.85,0.374,0.14,0.354,0.03
475,,0.486,0.95,0.656,0.84,0.364,0.13,0.344,0.02
476,,0.476,0.94,0.646,0.83,0.354,0.12,0.334,0.01
477,,0.466,0.93,0.636,0.82,0.344,0.11,0.324,0.0
478,,0.456,0.92,0.626,0.81,0.334,0.1,0.314,-0.01
479,8,0.729,0.91,0.333,0.4,0.041,0.09,0.587,0.99
480,8,1.0,0.9,0.04,-0.01,-0.252,0.08,0.86,1.0
481,5,0.59,0.607,0.03,0.263,0.748,0.353,0.85,0.707
482,5,0.18,0.314,0.02,0.536,1.0,0.626,0.84,0.414
483,,0.17,0.304,0.01,0.526,0.99,0.616,0.83,0.404
484,,0.16,0.294,0.0,0.516,0.98,0.606,0.82,0.394
485,,0.15,0.284,-0.01,0.506,0.97,0.596,0.81,0.384
486,3,0.14,0.557,0.99,0.779,0.96,0.303,0.4,0.091
487,3,0.13,0.83,1.0,1.0,0.95,0.01,-0.01,-0.202
488,8,0.403,0.82,0.707,0.59,0.657,0.0,0.263,0.798
489,8,0.676,0.81,0.414,0.18,0.364,-0.01,0.536,1.0
490,6,0.383,0.4,0.121,0.17,0.637,0.99,0.809,0.99
491,6,0.09,-0.01,-0.172,0.16,0.91,1.0,1.0,0.98
492,3,0.08,0.263,0.828,0.433,0.9,0.707,0.59,0.687
493,3,0.07,0.536,1.0,0.706,0.89,0.414,0.18,0.394
494,,0.06,0.526,0.99,0.696,0.88,0.404,0.17,0.384
495,,0.05,0.516,0.98,0.686,0.87,0.394,0.16,0.374
496,,0.04,0.506,0.97,0.676,0.86,0.384,0.15,0.364
497,,0.03,0.496,0.96,0.666,0.85,0.374,0.14,0.354
498,,0.02,0.486,0.95,0.656,0.84,0.364,0.13,0.344
499,,0.01,0.476,0.94,0.646,0.83,0.354,0.12,0.334
500,,0.0,0.466,0.93,0.636,0.82,0.344,0.11,0.324
501,,-0.01,0.456,0.92,0.626,0.81,0.334,0.1,0.314
502,1,0.99,0.729,0.91,0.333,0.4,0.041,0.09,0.587
503,1,1.0,1.0,0.9,0.04,-0.01,-0.252,0.08,0.86
504,6,0.707,0.59,0.607,0.03,0.263,0.748,0.353,0.85
505,6,0.414,0.18,0.314,0.02,0.536,1.0,0.626,0.84
506,,0.404,0.17,0.304,0.01,0.526,0.99,0.616,0.83
507,,0.394,0.16,0.294,0.0,0.516,0.98,0.606,0.82
508,,0.384,0.15,0.284,-0.01,0.506,0.97,0.596,0.81
509,4,0.091,0.14,0.557,0.99,0.779,0.96,0.303,0.4
510,4,-0.202,0.13,0.83,1.0,1.0,0.95,0.01,-0.01
511,1,0.798,0.403,0.82,0.707,0.59,0.657,0.0,0.263
512,1,1.0,0.676,0.81,0.414,0.18,0.364,-0.01,0.536
513,7,0.99,0.383,0.4,0.121,0.17,0.637,0.99,0.809
514,7,0.98,0.09,-0.01,-0.172,0.16,0.91,1.0,1.0
515,4,0.687,0.08,0.263,0.828,0.433,0.9,0.707,0.59
516,4,0.394,0.07,0.536,1.0,0.706,0.89,0.414,0.18
517,,0.384,0.06,0.526,0.99,0.696,0.88,0.404,0.17
518,,0.374,0.05,0.516,0.98,0.686,0.87,0.394,0.16
519,,0.364,0.04,0.506,0.97,0.676,0.86,0.384,0.15
520,,0.354,0.03,0.496,0.96,0.666,0.85,0.374,0.14
521,,0.344,0.02,0.486,0.95,0.656,0.84,0.364,0.13
522,,0.334,0.01,0.476,0.94,0.646,0.83,0.354,0.12
523,,0.324,0.0,0.466,0.93,0.636,0.82,0.344,0.11
524,,0.314,-0.01,0.456,0.92,0.626,0.81,0.334,0.1
525,2,0.587,0.99,0.729,0.91,0.333,0.4,0.041,0.09
526,2,0.86,1.0,1.0,0.9,0.04,-0.01,-0.252,0.08
527,7,0.85,0.707,0.59,0.607,0.03,0.263,0.748,0.353
528,7,0.84,0.414,0.18,0.314,0.02,0.536,1.0,0.626
529,,0.83,0.404,0.17,0.304,0.01,0.526,0.99,0.616
530,,0.82,0.394,0.16,0.294,0.0,0.516,0.98,0.606
531,,0.81,0.384,0.15,0.284,-0.01,0.506,0.97,0.596
532,5,0.4,0.091,0.14,0.557,0.99,0.779,0.96,0.303
533,5,-0.01,-0.202,0.13,0.83,1.0,1.0,0.95,0.01
534,2,0.263,0.798,0.403,0.82,0.707,0.59,0.657,0.0
535,2,0.536,1.0,0.676,0.81,0.414,0.18,0.364,-0.01
536,8,0.809,0.99,0.383,0.4,0.121,0.17,0.637,0.99
537,8,1.0,0.98,0.09,-0.01,-0.172,0.16,0.91,1.0
538,5,0.59,0.687,0.08,0.263,0.828,0.433,0.9,0.707
539,5,0.18,0.394,0.07,0.536,1.0,0.706,0.89,0.414
540,,0.17,0.384,0.06,0.526,0.99,0.696,0.88,0.404
541,,0.16,0.374,0.05,0.516,0.98,0.686,0.87,0.394
542,,0.15,0.364,0.04,0.506,0.97,0.676,0.86,0.384
543,,0.14,0.354,0.03,0.496,0.96,0.666,0.85,0.374
544,,0.13,0.344,0.02,0.486,0.95,0.656,0.84,0.364
545,,0.12,0.334,0.01,0.476,0.94,0.646,0.83,0.354
546,,0.11,0.324,0.0,0.466,0.93,0.636,0.82,0.344
547,,0.1,0.314,-0.01,0.456,0.92,0.626,0.81,0.334
548,3,0.09,0.587,0.99,0.729,0.91,0.333,0.4,0.041
549,3,0.08,0.86,1.0,1.0,0.9,0.04,-0.01,-0.252
550,8,0.353,0.85,0.707,0.59,0.607,0.03,0.263,0.748
551,8,0.626,0.84,0.414,0.18,0.314,0.02,0.536,1.0
552,,0.616,0.83,0.404,0.17,0.304,0.01,0.526,0.99
553,,0.606,0.82,0.394,0.16,0.294,0.0,0.516,0.98
554,,0.596,0.81,0.384,0.15,0.284,-0.01,0.506,0.97
555,6,0.303,0.4,0.091,0.14,0.557,0.99,0.779,0.96
556,6,0.01,-0.01,-0.202,0.13,0.83,1.0,1.0,0.95
557,3,0.0,0.263,0.798,0.403,0.82,0.707,0.59,0.657
558,3,-0.01,0.536,1.0,0.676,0.81,0.414,0.18,0.364
559,1,0.99,0.809,0.99,0.383,0.4,0.121,0.17,0.637
560,1,1.0,1.0,0.98,0.09,-0.01,-0.172,0.16,0.91
561,6,0.707,0.59,0.687,0.08,0.263,0.828,0.433,0.9
562,6,0.414,0.18,0.394,0.07,0.536,1.0,0.706,0.89
563,,0.404,0.17,0.384,0.06,0.526,0.99,0.696,0.88
564,,0.394,0.16,0.374,0.05,0.516,0.98,0.686,0.87
565,,0.384,0.15,0.364,0.04,0.506,0.97,0.676,0.86
566,,0.374,0.14,0.354,0.03,0.496,0.96,0.666,0.85
567,,0.364,0.13,0.344,0.02,0.486,0.95,0.656,0.84
568,,0.354,0.12,0.334,0.01,0.476,0.94,0.646,0.83
569,,0.344,0.11,0.324,0.0,0.466,0.93,0.636,0.82
570,,0.334,0.1,0.314,-0.01,0.456,0.92,0.626,0.81
571,4,0.041,0.09,0.587,0.99,0.729,0.91,0.333,0.4
572,4,-0.252,0.08,0.86,1.0,1.0,0.9,0.04,-0.01
573,1,0.748,0.353,0.85,0.707,0.59,0.607,0.03,0.263
574,1,1.0,0.626,0.84,0.414,0.18,0.314,0.02,0.536
575,,0.99,0.616,0.83,0.404,0.17,0.304,0.01,0.526
576,,0.98,0.606,0.82,0.394,0.16,0.294,0.0,0.516
577,,0.97,0.596,0.81,0.384,0.15,0.284,-0.01,0.506
578,7,0.96,0.303,0.4,0.091,0.14,0.557,0.99,0.779
579,7,0.95,0.01,-0.01,-0.202,0.13,0.83,1.0,1.0
580,4,0.657,0.0,0.263,0.798,0.403,0.82,0.707,0.59
581,4,0.364,-0.01,0.536,1.0,0.676,0.81,0.414,0.18
582,2,0.637,0.99,0.809,0.99,0.383,0.4,0.121,0.17
583,2,0.91,1.0,1.0,0.98,0.09,-0.01,-0.172,0.16
584,7,0.9,0.707,0.59,0.687,0.08,0.263,0.828,0.433
585,7,0.89,0.414,0.18,0.394,0.07,0.536,1.0,0.706
586,,0.88,0.404,0.17,0.384,0.06,0.526,0.99,0.696
587,,0.87,0.394,0.16,0.374,0.05,0.516,0.98,0.686
588,,0.86,0.384,0.15,0.364,0.04,0.506,0.97,0.676
589,,0.85,0.374,0.14,0.354,0.03,0.496,0.96,0.666
590,,0.84,0.364,0.13,0.344,0.02,0.486,0.95,0.656
591,,0.83,0.354,0.12,0.334,0.01,0.476,0.94,0.646
592,,0.82,0.344,0.11,0.324,0.0,0.466,0.93,0.636
593,,0.81,0.334,0.1,0.314,-0.01,0.456,0.92,0.626
594,5,0.4,0.041,0.09,0.587,0.99,0.729,0.91,0.333
595,5,-0.01,-0.252,0.08,0.86,1.0,1.0,0.9,0.04
596,2,0.263,0.748,0.353,0.85,0.707,0.59,0.607,0.03
597,2,0.536,1.0,0.626,0.84,0.414,0.18,0.314,0.02
598,,0.526,0.99,0.616,0.83,0.404,0.17,0.304,0.01
599,,0.516,0.98,0.606,0.82,0.394,0.16,0.294,0.0
600,,0.506,0.97,0.596,0.81,0.384,0.15,0.284,-0.01
601,8,0.779,0.96,0.303,0.4,0.091,0.14,0.557,0.99
602,8,1.0,0.95,0.01,-0.01,-0.202,0.13,0.83,1.0
603,5,0.59,0.657,0.0,0.263,0.798,0.403,0.82,0.707
604,5,0.18,0.364,-0.01,0.536,1.0,0.676,0.81,0.414
605,3,0.17,0.637,0.99,0.809,0.99,0.383,0.4,0.121
606,3,0.16,0.91,1.0,1.0,0.98,0.09,-0.01,-0.172
607,8,0.433,0.9,0.707,0.59,0.687,0.08,0.263,0.828
608,8,0.706,0.89,0.414,0.18,0.394,0.07,0.536,1.0
609,,0.696,0.88,0.404,0.17,0.384,0.06,0.526,0.99
610,,0.686,0.87,0.394,0.16,0.374,0.05,0.516,0.98
611,,0.676,0.86,0.384,0.15,0.364,0.04,0.506,0.97
612,,0.666,0.85,0.374,0.14,0.354,0.03,0.496,0.96
613,,0.656,0.84,0.364,0.13,0.344,0.02,0.486,0.95
614,,0.646,0.83,0.354,0.12,0.334,0.01,0.476,0.94
615,,0.636,0.82,0.344,0.11,0.324,0.0,0.466,0.93
616,,0.626,0.81,0.334,0.1,0.314,-0.01,0.456,0.92
617,6,0.333,0.4,0.041,0.09,0.587,0.99,0.729,0.91
618,6,0.04,-0.01,-0.252,0.08,0.86,1.0,1.0,0.9
619,3,0.03,0.263,0.748,0.353,0.85,0.707,0.59,0.607
620,3,0.02,0.536,1.0,0.626,0.84,0.414,0.18,0.314
621,,0.01,0.526,0.99,0.616,0.83,0.404,0.17,0.304
622,,0.0,0.516,0.98,0.606,0.82,0.394,0.16,0.294
623,,-0.01,0.506,0.97,0.596,0.81,0.384,0.15,0.284
624,1,0.99,0.779,0.96,0.303,0.4,0.091,0.14,0.557
625,1,1.0,1.0,0.95,0.01,-0.01,-0.202,0.13,0.83
626,6,0.707,0.59,0.657,0.0,0.263,0.798,0.403,0.82
627,6,0.414,0.18,0.364,-0.01,0.536,1.0,0.676,0.81
628,4,0.121,0.17,0.637,0.99,0.809,0.99,0.383,0.4
629,4,-0.172,0.16,0.91,1.0,1.0,0.98,0.09,-0.01
630,1,0.828,0.433,0.9,0.707,0.59,0.687,0.08,0.263
631,1,1.0,0.706,0.89,0.414,0.18,0.394,0.07,0.536
632,,0.99,0.696,0.88,0.404,0.17,0.384,0.06,0.526
633,,0.98,0.686,0.87,0.394,0.16,0.374,0.05,0.516
634,,0.97,0.676,0.86,0.384,0.15,0.364,0.04,0.506
635,,0.96,0.666,0.85,0.374,0.14,0.354,0.03,0.496
636,,0.95,0.656,0.84,0.364,0.13,0.344,0.02,0.486
637,,0.94,0.646,0.83,0.354,0.12,0.334,0.01,0.476
638,,0.93,0.636,0.82,0.344,0.11,0.324,0.0,0.466
639,,0.92,0.626,0.81,0.334,0.1,0.314,-0.01,0.456
640,7,0.91,0.333,0.4,0.041,0.09,0.587,0.99,0.729
641,7,0.9,0.04,-0.01,-0.252,0.08,0.86,1.0,1.0
642,4,0.607,0.03,0.263,0.748,0.353,0.85,0.707,0.59
643,4,0.314,0.02,0.536,1.0,0.626,0.84,0.414,0.18
644,,0.304,0.01,0.526,0.99,0.616,0.83,0.404,0.17
645,,0.294,0.0,0.516,0.98,0.606,0.82,0.394,0.16
646,,0.284,-0.01,0.506,0.97,0.596,0.81,0.384,0.15
647,2,0.557,0.99,0.779,0.96,0.303,0.4,0.091,0.14
648,2,0.83,1.0,1.0,0.95,0.01,-0.01,-0.202,0.13
649,7,0.82,0.707,0.59,0.657,0.0,0.263,0.798,0.403
650,7,0.81,0.414,0.18,0.364,-0.01,0.536,1.0,0.676
651,5,0.4,0.121,0.17,0.637,0.99,0.809,0.99,0.383
652,5,-0.01,-0.172,0.16,0.91,1.0,1.0,0.98,0.09
653,2,0.263,0.828,0.433,0.9,0.707,0.59,0.687,0.08
654,2,0.536,1.0,0.706,0.89,0.414,0.18,0.394,0.07
655,,0.526,0.99,0.696,0.88,0.404,0.17,0.384,0.06
656,,0.516,0.98,0.686,0.87,0.394,0.16,0.374,0.05
657,,0.506,0.97,0.676,0.86,0.384,0.15,0.364,0.04
658,,0.496,0.96,0.666,0.85,0.374,0.14,0.354,0.03
659,,0.486,0.95,0.656,0.84,0.364,0.13,0.344,0.02
660,,0.476,0.94,0.646,0.83,0.354,0.12,0.334,0.01
661,,0.466,0.93,0.636,0.82,0.344,0.11,0.324,0.0
662,,0.456,0.92,0.626,0.81,0.334,0.1,0.314,-0.01
663,8,0.729,0.91,0.333,0.4,0.041,0.09,0.587,0.99
664,8,1.0,0.9,0.04,-0.01,-0.252,0.08,0.86,1.0
665,5,0.59,0.607,0.03,0.263,0.748,0.353,0.85,0.707
666,5,0.18,0.314,0.02,0.536,1.0,0.626,0.84,0.414
667,,0.17,0.304,0.01,0.526,0.99,0.616,0.83,0.404
668,,0.16,0.294,0.0,0.516,0.98,0.606,0.82,0.394
669,,0.15,0.284,-0.01,0.506,0.97,0.596,0.81,0.384
670,3,0.14,0.557,0.99,0.779,0.96,0.303,0.4,0.091
671,3,0.13,0.83,1.0,1.0,0.95,0.01,-0.01,-0.202
672,8,0.403,0.82,0.707,0.59,0.657,0.0,0.263,0.798
673,8,0.676,0.81,0.414,0.18,0.364,-0.01,0.536,1.0
674,6,0.383,0.4,0.121,0.17,0.637,0.99,0.809,0.99
675,6,0.09,-0.01,-0.172,0.16,0.91,1.0,1.0,0.98
676,3,0.08,0.263,0.828,0.433,0.9,0.707,0.59,0.687
677,3,0.07,0.536,1.0,0.706,0.89,0.414,0.18,0.394
678,,0.06,0.526,0.99,0.696,0.88,0.404,0.17,0.384
679,,0.05,0.516,0.98,0.686,0.87,0.394,0.16,0.374
680,,0.04,0.506,0.97,0.676,0.86,0.384,0.15,0.364
681,,0.03,0.496,0.96,0.666,0.85,0.374,0.14,0.354
682,,0.02,0.486,0.95,0.656,0.84,0.364,0.13,0.344
683,,0.01,0.476,0.94,0.646,0.83,0.354,0.12,0.334
684,,0.0,0.466,0.93,0.636,0.82,0.344,0.11,0.324
685,,-0.01,0.456,0.92,0.626,0.81,0.334,0.1,0.314
686,1,0.99,0.729,0.91,0.333,0.4,0.041,0.09,0.587
687,1,1.0,1.0,0.9,0.04,-0.01,-0.252,0.08,0.86
688,6,0.707,0.59,0.607,0.03,0.263,0.748,0.353,0.85
689,6,0.414,0.18,0.314,0.02,0.536,1.0,0.626,0.84
690,,0.404,0.17,0.304,0.01,0.526,0.99,0.616,0.83
691,,0.394,0.16,0.294,0.0,0.516,0.98,0.606,0.82
692,,0.384,0.15,0.284,-0.01,0.506,0.97,0.596,0.81
693,4,0.091,0.14,0.557,0.99,0.779,0.96,0.303,0.4
694,4,-0.202,0.13,0.83,1.0,1.0,0.95,0.01,-0.01
695,1,0.798,0.403,0.82,0.707,0.59,0.657,0.0,0.263
696,1,1.0,0.676,0.81,0.414,0.18,0.364,-0.01,0.536
697,7,0.99,0.383,0.4,0.121,0.17,0.637,0.99,0.809
698,7,0.98,0.09,-0.01,-0.172,0.16,0.91,1.0,1.0
699,4,0.687,0.08,0.263,0.828,0.433,0.9,0.707,0.59
700,4,0.394,0.07,0.536,1.0,0.706,0.89,0.414,0.18
701,,0.384,0.06,0.526,0.99,0.696,0.88,0.404,0.17
702,,0.374,0.05,0.516,0.98,0.686,0.87,0.394,0.16
703,,0.364,0.04,0.506,0.97,0.676,0.86,0.384,0.15
704,,0.354,0.03,0.496,0.96,0.666,0.85,0.374,0.14
705,,0.344,0.02,0.486,0.95,0.656,0.84,0.364,0.13
706,,0.334,0.01,0.476,0.94,0.646,0.83,0.354,0.12
707,,0.324,0.0,0.466,0.93,0.636,0.82,0.344,0.11
708,,0.314,-0.01,0.456,0.92,0.626,0.81,0.334,0.1
709,2,0.587,0.99,0.729,0.91,0.333,0.4,0.041,0.09
710,2,0.86,1.0,1.0,0.9,0.04,-0.01,-0.252,0.08
711,7,0.85,0.707,0.59,0.607,0.03,0.263,0.748,0.353
712,7,0.84,0.414,0.18,0.314,0.02,0.536,1.0,0.626
713,,0.83,0.404,0.17,0.304,0.01,0.526,0.99,0.616
714,,0.82,0.394,0.16,0.294,0.0,0.516,0.98,0.606
715,,0.81,0.384,0.15,0.284,-0.01,0.506,0.97,0.596
716,5,0.4,0.091,0.14,0.557,0.99,0.779,0.96,0.303
717,5,-0.01,-0.202,0.13,0.83,1.0,1.0,0.95,0.01
718,2,0.263,0.798,0.403,0.82,0.707,0.59,0.657,0.0
719,2,0.536,1.0,0.676,0.81,0.414,0.18,0.364,-0.01
720,8,0.809,0.99,0.383,0.4,0.121,0.17,0.637,0.99
721,8,1.0,0.98,0.09,-0.01,-0.172,0.16,0.91,1.0
722,5,0.59,0.687,0.08,0.263,0.828,0.433,0.9,0.707
723,5,0.18,0.394,0.07,0.536,1.0,0.706,0.89,0.414
724,,0.17,0.384,0.06,0.526,0.99,0.696,0.88,0.404
725,,0.16,0.374,0.05,0.516,0.98,0.686,0.87,0.394
726,,0.15,0.364,0.04,0.506,0.97,0.676,0.86,0.384
727,,0.14,0.354,0.03,0.496,0.96,0.666,0.85,0.374
728,,0.13,0.344,0.02,0.486,0.95,0.656,0.84,0.364
729,,0.12,0.334,0.01,0.476,0.94,0.646,0.83,0.354
730,,0.11,0.324,0.0,0.466,0.93,0.636,0.82,0.344
731,,0.1,0.314,-0.01,0.456,0.92,0.626,0.81,0.334
732,3,0.09,0.587,0.99,0.729,0.91,0.333,0.4,0.041
733,3,0.08,0.86,1.0,1.0,0.9,0.04,-0.01,-0.252
734,8,0.353,0.85,0.707,0.59,0.607,0.03,0.263,0.748
735,8,0.626,0.84,0.414,0.18,0.314,0.02,0.536,1.0
736,,0.616,0.83,0.404,0.17,0.304,0.01,0.526,0.99
737,,0.606,0.82,0.394,0.16,0.294,0.0,0.516,0.98
738,,0.596,0.81,0.384,0.15,0.284,-0.01,0.506,0.97
739,6,0.303,0.4,0.091,0.14,0.557,0.99,0.779,0.96
740,6,0.01,-0.01,-0.202,0.13,0.83,1.0,1.0,0.95
741,3,0.0,0.263,0.798,0.403,0.82,0.707,0.59,0.657
742,3,-0.01,0.536,1.0,0.676,0.81,0.414,0.18,0.364
743,1,0.99,0.809,0.99,0.383,0.4,0.121,0.17,0.637
744,1,1.0,1.0,0.98,0.09,-0.01,-0.172,0.16,0.91
745,6,0.707,0.59,0.687,0.08,0.263,0.828,0.433,0.9
746,6,0.414,0.18,0.394,0.07,0.536,1.0,0.706,0.89
747,,0.404,0.17,0.384,0.06,0.526,0.99,0.696,0.88
748,,0.394,0.16,0.374,0.05,0.516,0.98,0.686,0.87
749,,0.384,0.15,0.364,0.04,0.506,0.97,0.676,0.86
750,,0.374,0.14,0.354,0.03,0.496,0.96,0.666,0.85
751,,0.364,0.13,0.344,0.02,0.486,0.95,0.656,0.84
752,,0.354,0.12,0.334,0.01,0.476,0.94,0.646,0.83
753,,0.344,0.11,0.324,0.0,0.466,0.93,0.636,0.82
754,,0.334,0.1,0.314,-0.01,0.456,0.92,0.626,0.81
755,4,0.041,0.09,0.587,0.99,0.729,0.91,0.333,0.4
756,4,-0.252,0.08,0.86,1.0,1.0,0.9,0.04,-0.01
757,1,0.748,0.353,0.85,0.707,0.59,0.607,0.03,0.263
758,1,1.0,0.626,0.84,0.414,0.18,0.314,0.02,0.536
759,,0.99,0.616,0.83,0.404,0.17,0.304,0.01,0.526
760,,0.98,0.606,0.82,0.394,0.16,0.294,0.0,0.516
761,,0.97,0.596,0.81,0.384,0.15,0.284,-0.01,0.506
762,7,0.96,0.303,0.4,0.091,0.14,0.557,0.99,0.779
763,7,0.95,0.01,-0.01,-0.202,0.13,0.83,1.0,1.0
764,4,0.657,0.0,0.263,0.798,0.403,0.82,0.707,0.59
765,4,0.364,-0.01,0.536,1.0,0.676,0.81,0.414,0.18
766,2,0.637,0.99,0.809,0.99,0.383,0.4,0.121,0.17
767,2,0.91,1.0,1.0,0.98,0.09,-0.01,-0.172,0.16
768,7,0.9,0.707,0.59,0.687,0.08,0.263,0.828,0.433
769,7,0.89,0.414,0.18,0.394,0.07,0.536,1.0,0.706
770,,0.88,0.404,0.17,0.384,0.06,0.526,0.99,0.696
771,,0.87,0.394,0.16,0.374,0.05,0.516,0.98,0.686
772,,0.86,0.384,0.15,0.364,0.04,0.506,0.97,0.676
773,,0.85,0.374,0.14,0.354,0.03,0.496,0.96,0.666
774,,0.84,0.364,0.13,0.344,0.02,0.486,0.95,0.656
775,,0.83,0.354,0.12,0.334,0.01,0.476,0.94,0.646
776,,0.82,0.344,0.11,0.324,0.0,0.466,0.93,0.636
777,,0.81,0.334,0.1,0.314,-0.01,0.456,0.92,0.626
778,5,0.4,0.041,0.09,0.587,0.99,0.729,0.91,0.333
779,5,-0.01,-0.252,0.08,0.86,1.0,1.0,0.9,0.04
780,2,0.263,0.748,0.353,0.85,0.707,0.59,0.607,0.03
781,2,0.536,1.0,0.626,0.84,0.414,0.18,0.314,0.02
782,,0.526,0.99,0.616,0.83,0.404,0.17,0.304,0.01
783,,0.516,0.98,0.606,0.82,0.394,0.16,0.294,0.0
784,,0.506,0.97,0.596,0.81,0.384,0.15,0.284,-0.01
785,8,0.779,0.96,0.303,0.4,0.091,0.14,0.557,0.99
786,8,1.0,0.95,0.01,-0.01,-0.202,0.13,0.83,1.0
787,5,0.59,0.657,0.0,0.263,0.798,0.403,0.82,0.707
788,5,0.18,0.364,-0.01,0.536,1.0,0.676,0.81,0.414
789,3,0.17,0.637,0.99,0.809,0.99,0.383,0.4,0.121
790,3,0.16,0.91,1.0,1.0,0.98,0.09,-0.01,-0.172
791,8,0.433,0.9,0.707,0.59,0.687,0.08,0.263,0.828
792,8,0.706,0.89,0.414,0.18,0.394,0.07,0.536,1.0
793,,0.696,0.88,0.404,0.17,0.384,0.06,0.526,0.99
794,,0.686,0.87,0.394,0.16,0.374,0.05,0.516,0.98
795,,0.676,0.86,0.384,0.15,0.364,0.04,0.506,0.97
796,,0.666,0.85,0.374,0.14,0.354,0.03,0.496,0.96
797,,0.656,0.84,0.364,0.13,0.344,0.02,0.486,0.95
798,,0.646,0.83,0.354,0.12,0.334,0.01,0.476,0.94
799,,0.636,0.82,0.344,0.11,0.324,0.0,0.466,0.93
800,,0.626,0.81,0.334,0.1,0.314,-0.01,0.456,0.92
801,6,0.333,0.4,0.041,0.09,0.587,0.99,0.729,0.91
802,6,0.04,-0.01,-0.252,0.08,0.86,1.0,1.0,0.9
803,3,0.03,0.263,0.748,0.353,0.85,0.707,0.59,0.607
804,3,0.02,0.536,1.0,0.626,0.84,0.414,0.18,0.314
805,,0.01,0.526,0.99,0.616,0.83,0.404,0.17,0.304
806,,0.0,0.516,0.98,0.606,0.82,0.394,0.16,0.294
807,,-0.01,0.506,0.97,0.596,0.81,0.384,0.15,0.284
808,1,0.99,0.779,0.96,0.303,0.4,0.091,0.14,0.557
809,1,1.0,1.0,0.95,0.01,-0.01,-0.202,0.13,0.83
