step,active_motive,motive_1,motive_2,motive_3,motive_4,motive_5,motive_6,motive_7,motive_8
0,,0.08773,0.02579,0.066,0.08172,0.05552,0.05297,0.02419,0.00931
1,,0.07773,0.01579,0.056,0.07172,0.04552,0.04297,0.01419,-0.00069
2,8,0.35073,0.00579,-0.237,-0.33828,-0.24748,0.03297,0.28719,0.99931
3,8,0.62373,-0.00421,-0.53,-0.74828,-0.54048,0.02297,0.56019,1.0
4,4,0.33073,-0.01421,-0.257,0.25172,-0.26748,0.01297,0.26719,0.59
5,4,0.03773,-0.02421,0.016,1.0,0.00552,0.00297,-0.02581,0.18
6,7,0.02773,-0.31721,-0.394,0.707,-0.00448,0.27597,0.97419,0.453
7,7,0.01773,-0.61021,-0.804,0.414,-0.01448,0.54897,1.0,0.726
8,3,0.00773,-0.33721,0.196,0.687,-0.02448,0.25597,0.59,0.433
9,3,-0.00227,-0.06421,1.0,0.96,-0.03448,-0.03703,0.18,0.14
10,2,0.27073,0.93579,1.0,0.95,-0.32748,-0.44703,-0.113,0.13
11,2,0.54373,1.0,1.0,0.94,-0.62048,-0.85703,-0.406,0.12
12,6,0.25073,0.59,0.707,0.93,-0.34748,0.14297,-0.133,0.11
13,6,-0.04227,0.18,0.414,0.92,-0.07448,1.0,0.14,0.1
14,5,-0.45227,-0.113,0.404,1.0,0.92552,1.0,0.13,-0.193
15,5,-0.86227,-0.406,0.394,1.0,1.0,1.0,0.12,-0.486
16,1,0.13773,-0.133,0.384,0.707,0.59,0.707,0.11,-0.213
17,1,1.0,0.14,0.374,0.414,0.18,0.414,0.1,0.06
18,,0.99,0.13,0.364,0.404,0.17,0.404,0.09,0.05
19,,0.98,0.12,0.354,0.394,0.16,0.394,0.08,0.04
20,,0.97,0.11,0.344,0.384,0.15,0.384,0.07,0.03
21,,0.96,0.1,0.334,0.374,0.14,0.374,0.06,0.02
22,,0.95,0.09,0.324,0.364,0.13,0.364,0.05,0.01
23,,0.94,0.08,0.314,0.354,0.12,0.354,0.04,0.0
24,,0.93,0.07,0.304,0.344,0.11,0.344,0.03,-0.01
25,8,1.0,0.06,0.011,-0.066,-0.183,0.334,0.303,0.99
26,8,1.0,0.05,-0.282,-0.476,-0.476,0.324,0.576,1.0
27,5,0.59,-0.243,-0.292,-0.203,0.524,0.597,0.566,0.707
28,5,0.18,-0.536,-0.302,0.07,1.0,0.87,0.556,0.414
29,2,0.453,0.464,-0.029,0.06,0.707,0.46,0.263,0.404
30,2,0.726,1.0,0.244,0.05,0.414,0.05,-0.03,0.394
31,7,0.716,0.707,-0.166,-0.243,0.404,0.323,0.97,0.667
32,7,0.706,0.414,-0.576,-0.536,0.394,0.596,1.0,0.94
33,3,0.696,0.687,0.424,-0.263,0.384,0.303,0.59,0.647
34,3,0.686,0.96,1.0,0.01,0.374,0.01,0.18,0.354
35,,0.676,0.95,0.99,0.0,0.364,0.0,0.17,0.344
36,,0.666,0.94,0.98,-0.01,0.354,-0.01,0.16,0.334
37,4,0.373,0.93,1.0,0.99,0.627,-0.02,-0.133,-0.076
38,4,0.08,0.92,1.0,1.0,0.9,-0.03,-0.426,-0.486
39,8,0.353,0.91,0.707,0.59,0.607,-0.04,-0.153,0.514
40,8,0.626,0.9,0.414,0.18,0.314,-0.05,0.12,1.0
41,6,0.333,0.49,0.121,0.17,0.587,0.95,0.393,0.99
42,6,0.04,0.08,-0.172,0.16,0.86,1.0,0.666,0.98
43,3,0.03,0.353,0.828,0.433,0.85,0.707,0.256,0.687
44,3,0.02,0.626,1.0,0.706,0.84,0.414,-0.154,0.394
45,7,0.01,0.333,0.59,0.413,0.83,0.687,0.846,0.667
46,7,0.0,0.04,0.18,0.12,0.82,0.96,1.0,0.94
47,,-0.01,0.03,0.17,0.11,0.81,0.95,0.99,0.93
48,1,0.99,0.303,0.16,-0.183,0.4,0.657,0.98,1.0
49,1,1.0,0.576,0.15,-0.476,-0.01,0.364,0.97,1.0
50,4,0.707,0.566,0.423,0.524,0.263,0.354,0.677,0.59
51,4,0.414,0.556,0.696,1.0,0.536,0.344,0.384,0.18
52,,0.404,0.546,0.686,0.99,0.526,0.334,0.374,0.17
53,,0.394,0.536,0.676,0.98,0.516,0.324,0.364,0.16
54,,0.384,0.526,0.666,0.97,0.506,0.314,0.354,0.15
55,,0.374,0.516,0.656,0.96,0.496,0.304,0.344,0.14
56,,0.364,0.506,0.646,0.95,0.486,0.294,0.334,0.13
57,,0.354,0.496,0.636,0.94,0.476,0.284,0.324,0.12
58,,0.344,0.486,0.626,0.93,0.466,0.274,0.314,0.11
59,,0.334,0.476,0.616,0.92,0.456,0.264,0.304,0.1
60,,0.324,0.466,0.606,0.91,0.446,0.254,0.294,0.09
61,,0.314,0.456,0.596,0.9,0.436,0.244,0.284,0.08
62,,0.304,0.446,0.586,0.89,0.426,0.234,0.274,0.07
63,,0.294,0.436,0.576,0.88,0.416,0.224,0.264,0.06
64,,0.284,0.426,0.566,0.87,0.406,0.214,0.254,0.05
65,,0.274,0.416,0.556,0.86,0.396,0.204,0.244,0.04
66,,0.264,0.406,0.546,0.85,0.386,0.194,0.234,0.03
67,,0.254,0.396,0.536,0.84,0.376,0.184,0.224,0.02
68,,0.244,0.386,0.526,0.83,0.366,0.174,0.214,0.01
69,,0.234,0.376,0.516,0.82,0.356,0.164,0.204,0.0
70,,0.224,0.366,0.506,0.81,0.346,0.154,0.194,-0.01
71,8,0.497,0.356,0.213,0.4,0.053,0.144,0.467,0.99
72,8,0.77,0.346,-0.08,-0.01,-0.24,0.134,0.74,1.0
73,5,0.36,0.053,-0.09,0.263,0.76,0.407,0.73,0.707
74,5,-0.05,-0.24,-0.1,0.536,1.0,0.68,0.72,0.414
75,2,0.223,0.76,0.173,0.526,0.707,0.27,0.427,0.404
76,2,0.496,1.0,0.446,0.516,0.414,-0.14,0.134,0.394
77,6,0.203,0.59,0.153,0.506,0.687,0.86,0.407,0.384
78,6,-0.09,0.18,-0.14,0.496,0.96,1.0,0.68,0.374
79,3,-0.1,0.453,0.86,0.769,0.95,0.707,0.27,0.081
80,3,-0.11,0.726,1.0,1.0,0.94,0.414,-0.14,-0.212
81,8,0.163,0.716,0.707,0.59,0.647,0.404,0.133,0.788
82,8,0.436,0.706,0.414,0.18,0.354,0.394,0.406,1.0
83,,0.426,0.696,0.404,0.17,0.344,0.384,0.396,0.99
84,,0.416,0.686,0.394,0.16,0.334,0.374,0.386,0.98
85,,0.406,0.676,0.384,0.15,0.324,0.364,0.376,0.97
86,,0.396,0.666,0.374,0.14,0.314,0.354,0.366,0.96
87,,0.386,0.656,0.364,0.13,0.304,0.344,0.356,0.95
88,,0.376,0.646,0.354,0.12,0.294,0.334,0.346,0.94
89,,0.366,0.636,0.344,0.11,0.284,0.324,0.336,0.93
90,,0.356,0.626,0.334,0.1,0.274,0.314,0.326,0.92
91,,0.346,0.616,0.324,0.09,0.264,0.304,0.316,0.91
92,,0.336,0.606,0.314,0.08,0.254,0.294,0.306,0.9
93,,0.326,0.596,0.304,0.07,0.244,0.284,0.296,0.89
94,,0.316,0.586,0.294,0.06,0.234,0.274,0.286,0.88
95,,0.306,0.576,0.284,0.05,0.224,0.264,0.276,0.87
96,,0.296,0.566,0.274,0.04,0.214,0.254,0.266,0.86
97,,0.286,0.556,0.264,0.03,0.204,0.244,0.256,0.85
98,,0.276,0.546,0.254,0.02,0.194,0.234,0.246,0.84
99,,0.266,0.536,0.244,0.01,0.184,0.224,0.236,0.83
100,,0.256,0.526,0.234,0.0,0.174,0.214,0.226,0.82
101,,0.246,0.516,0.224,-0.01,0.164,0.204,0.216,0.81
102,4,-0.047,0.506,0.497,0.99,0.437,0.194,-0.077,0.4
103,4,-0.34,0.496,0.77,1.0,0.71,0.184,-0.37,-0.01
104,7,-0.35,0.203,0.36,0.707,0.7,0.457,0.63,0.263
105,7,-0.36,-0.09,-0.05,0.414,0.69,0.73,1.0,0.536
106,1,0.64,0.183,-0.06,0.121,0.28,0.437,0.99,0.809
107,1,1.0,0.456,-0.07,-0.172,-0.13,0.144,0.98,1.0
108,4,0.707,0.446,0.203,0.828,0.143,0.134,0.687,0.59
109,4,0.414,0.436,0.476,1.0,0.416,0.124,0.394,0.18
110,,0.404,0.426,0.466,0.99,0.406,0.114,0.384,0.17
111,,0.394,0.416,0.456,0.98,0.396,0.104,0.374,0.16
112,,0.384,0.406,0.446,0.97,0.386,0.094,0.364,0.15
113,,0.374,0.396,0.436,0.96,0.376,0.084,0.354,0.14
114,,0.364,0.386,0.426,0.95,0.366,0.074,0.344,0.13
115,,0.354,0.376,0.416,0.94,0.356,0.064,0.334,0.12
116,,0.344,0.366,0.406,0.93,0.346,0.054,0.324,0.11
117,,0.334,0.356,0.396,0.92,0.336,0.044,0.314,0.1
118,,0.324,0.346,0.386,0.91,0.326,0.034,0.304,0.09
119,,0.314,0.336,0.376,0.9,0.316,0.024,0.294,0.08
120,,0.304,0.326,0.366,0.89,0.306,0.014,0.284,0.07
121,,0.294,0.316,0.356,0.88,0.296,0.004,0.274,0.06
122,,0.284,0.306,0.346,0.87,0.286,-0.006,0.264,0.05
123,6,-0.009,-0.104,0.053,0.86,0.559,0.994,0.537,0.04
124,6,-0.302,-0.514,-0.24,0.85,0.832,1.0,0.81,0.03
125,2,-0.029,0.486,0.033,0.84,0.539,0.59,0.517,0.02
126,2,0.244,1.0,0.306,0.83,0.246,0.18,0.224,0.01
127,,0.234,0.99,0.296,0.82,0.236,0.17,0.214,0.0
128,,0.224,0.98,0.286,0.81,0.226,0.16,0.204,-0.01
129,8,0.497,0.97,-0.007,0.4,-0.067,0.15,0.477,0.99
130,8,0.77,0.96,-0.3,-0.01,-0.36,0.14,0.75,1.0
131,5,0.36,0.667,-0.31,0.263,0.64,0.413,0.74,0.707
132,5,-0.05,0.374,-0.32,0.536,1.0,0.686,0.73,0.414
133,3,-0.06,0.647,0.68,0.809,0.99,0.393,0.32,0.121
134,3,-0.07,0.92,1.0,1.0,0.98,0.1,-0.09,-0.172
135,8,0.203,0.91,0.707,0.59,0.687,0.09,0.183,0.828
136,8,0.476,0.9,0.414,0.18,0.394,0.08,0.456,1.0
137,,0.466,0.89,0.404,0.17,0.384,0.07,0.446,0.99
138,,0.456,0.88,0.394,0.16,0.374,0.06,0.436,0.98
139,,0.446,0.87,0.384,0.15,0.364,0.05,0.426,0.97
140,,0.436,0.86,0.374,0.14,0.354,0.04,0.416,0.96
141,,0.426,0.85,0.364,0.13,0.344,0.03,0.406,0.95
142,,0.416,0.84,0.354,0.12,0.334,0.02,0.396,0.94
143,,0.406,0.83,0.344,0.11,0.324,0.01,0.386,0.93
144,,0.396,0.82,0.334,0.1,0.314,0.0,0.376,0.92
145,,0.386,0.81,0.324,0.09,0.304,-0.01,0.366,0.91
146,6,0.093,0.4,0.031,0.08,0.577,0.99,0.639,0.9
147,6,-0.2,-0.01,-0.262,0.07,0.85,1.0,0.912,0.89
148,3,-0.21,0.263,0.738,0.343,0.84,0.707,0.502,0.597
149,3,-0.22,0.536,1.0,0.616,0.83,0.414,0.092,0.304
150,1,0.78,0.809,0.99,0.323,0.42,0.121,0.082,0.577
151,1,1.0,1.0,0.98,0.03,0.01,-0.172,0.072,0.85
152,6,0.707,0.59,0.687,0.02,0.283,0.828,0.345,0.84
153,6,0.414,0.18,0.394,0.01,0.556,1.0,0.618,0.83
154,,0.404,0.17,0.384,0.0,0.546,0.99,0.608,0.82
155,,0.394,0.16,0.374,-0.01,0.536,0.98,0.598,0.81
156,4,0.101,0.15,0.647,0.99,0.809,0.97,0.305,0.4
157,4,-0.192,0.14,0.92,1.0,1.0,0.96,0.012,-0.01
158,1,0.808,0.413,0.91,0.707,0.59,0.667,0.002,0.263
159,1,1.0,0.686,0.9,0.414,0.18,0.374,-0.008,0.536
160,7,0.99,0.393,0.49,0.121,0.17,0.647,0.992,0.809
161,7,0.98,0.1,0.08,-0.172,0.16,0.92,1.0,1.0
162,4,0.687,0.09,0.353,0.828,0.433,0.91,0.707,0.59
163,4,0.394,0.08,0.626,1.0,0.706,0.9,0.414,0.18
164,,0.384,0.07,0.616,0.99,0.696,0.89,0.404,0.17
165,,0.374,0.06,0.606,0.98,0.686,0.88,0.394,0.16
166,,0.364,0.05,0.596,0.97,0.676,0.87,0.384,0.15
167,,0.354,0.04,0.586,0.96,0.666,0.86,0.374,0.14
168,,0.344,0.03,0.576,0.95,0.656,0.85,0.364,0.13
169,,0.334,0.02,0.566,0.94,0.646,0.84,0.354,0.12
170,,0.324,0.01,0.556,0.93,0.636,0.83,0.344,0.11
171,,0.314,0.0,0.546,0.92,0.626,0.82,0.334,0.1
172,,0.304,-0.01,0.536,0.91,0.616,0.81,0.324,0.09
173,2,0.577,0.99,0.809,0.9,0.323,0.4,0.031,0.08
174,2,0.85,1.0,1.0,0.89,0.03,-0.01,-0.262,0.07
175,7,0.84,0.707,0.59,0.597,0.02,0.263,0.738,0.343
176,7,0.83,0.414,0.18,0.304,0.01,0.536,1.0,0.616
177,,0.82,0.404,0.17,0.294,0.0,0.526,0.99,0.606
178,,0.81,0.394,0.16,0.284,-0.01,0.516,0.98,0.596
179,5,0.4,0.101,0.15,0.557,0.99,0.789,0.97,0.303
180,5,-0.01,-0.192,0.14,0.83,1.0,1.0,0.96,0.01
181,2,0.263,0.808,0.413,0.82,0.707,0.59,0.667,0.0
182,2,0.536,1.0,0.686,0.81,0.414,0.18,0.374,-0.01
183,8,0.809,0.99,0.393,0.4,0.121,0.17,0.647,0.99
184,8,1.0,0.98,0.1,-0.01,-0.172,0.16,0.92,1.0
185,5,0.59,0.687,0.09,0.263,0.828,0.433,0.91,0.707
186,5,0.18,0.394,0.08,0.536,1.0,0.706,0.9,0.414
187,,0.17,0.384,0.07,0.526,0.99,0.696,0.89,0.404
188,,0.16,0.374,0.06,0.516,0.98,0.686,0.88,0.394
189,,0.15,0.364,0.05,0.506,0.97,0.676,0.87,0.384
190,,0.14,0.354,0.04,0.496,0.96,0.666,0.86,0.374
191,,0.13,0.344,0.03,0.486,0.95,0.656,0.85,0.364
192,,0.12,0.334,0.02,0.476,0.94,0.646,0.84,0.354
193,,0.11,0.324,0.01,0.466,0.93,0.636,0.83,0.344
194,,0.1,0.314,0.0,0.456,0.92,0.626,0.82,0.334
195,,0.09,0.304,-0.01,0.446,0.91,0.616,0.81,0.324
196,3,0.08,0.577,0.99,0.719,0.9,0.323,0.4,0.031
197,3,0.07,0.85,1.0,0.992,0.89,0.03,-0.01,-0.262
198,8,0.343,0.84,0.707,0.582,0.597,0.02,0.263,0.738
199,8,0.616,0.83,0.414,0.172,0.304,0.01,0.536,1.0
200,,0.606,0.82,0.404,0.162,0.294,0.0,0.526,0.99
201,,0.596,0.81,0.394,0.152,0.284,-0.01,0.516,0.98
202,6,0.303,0.4,0.101,0.142,0.557,0.99,0.789,0.97
203,6,0.01,-0.01,-0.192,0.132,0.83,1.0,1.0,0.96
204,3,0.0,0.263,0.808,0.405,0.82,0.707,0.59,0.667
205,3,-0.01,0.536,1.0,0.678,0.81,0.414,0.18,0.374
206,1,0.99,0.809,0.99,0.385,0.4,0.121,0.17,0.647
207,1,1.0,1.0,0.98,0.092,-0.01,-0.172,0.16,0.92
208,6,0.707,0.59,0.687,0.082,0.263,0.828,0.433,0.91
209,6,0.414,0.18,0.394,0.072,0.536,1.0,0.706,0.9
210,,0.404,0.17,0.384,0.062,0.526,0.99,0.696,0.89
211,,0.394,0.16,0.374,0.052,0.516,0.98,0.686,0.88
212,,0.384,0.15,0.364,0.042,0.506,0.97,0.676,0.87
213,,0.374,0.14,0.354,0.032,0.496,0.96,0.666,0.86
214,,0.364,0.13,0.344,0.022,0.486,0.95,0.656,0.85
215,,0.354,0.12,0.334,0.012,0.476,0.94,0.646,0.84
216,,0.344,0.11,0.324,0.002,0.466,0.93,0.636,0.83
217,,0.334,0.1,0.314,-0.008,0.456,0.92,0.626,0.82
218,4,0.041,0.09,0.587,0.992,0.729,0.91,0.333,0.41
219,4,-0.252,0.08,0.86,1.0,1.0,0.9,0.04,-0.0
220,1,0.748,0.353,0.85,0.707,0.59,0.607,0.03,0.273
221,1,1.0,0.626,0.84,0.414,0.18,0.314,0.02,0.546
222,,0.99,0.616,0.83,0.404,0.17,0.304,0.01,0.536
223,,0.98,0.606,0.82,0.394,0.16,0.294,0.0,0.526
224,,0.97,0.596,0.81,0.384,0.15,0.284,-0.01,0.516
225,7,0.96,0.303,0.4,0.091,0.14,0.557,0.99,0.789
226,7,0.95,0.01,-0.01,-0.202,0.13,0.83,1.0,1.0
227,4,0.657,0.0,0.263,0.798,0.403,0.82,0.707,0.59
228,4,0.364,-0.01,0.536,1.0,0.676,0.81,0.414,0.18
229,2,0.637,0.99,0.809,0.99,0.383,0.4,0.121,0.17
230,2,0.91,1.0,1.0,0.98,0.09,-0.01,-0.172,0.16
231,7,0.9,0.707,0.59,0.687,0.08,0.263,0.828,0.433
232,7,0.89,0.414,0.18,0.394,0.07,0.536,1.0,0.706
233,,0.88,0.404,0.17,0.384,0.06,0.526,0.99,0.696
234,,0.87,0.394,0.16,0.374,0.05,0.516,0.98,0.686
235,,0.86,0.384,0.15,0.364,0.04,0.506,0.97,0.676
236,,0.85,0.374,0.14,0.354,0.03,0.496,0.96,0.666
237,,0.84,0.364,0.13,0.344,0.02,0.486,0.95,0.656
238,,0.83,0.354,0.12,0.334,0.01,0.476,0.94,0.646
239,,0.82,0.344,0.11,0.324,0.0,0.466,0.93,0.636
240,,0.81,0.334,0.1,0.314,-0.01,0.456,0.92,0.626
241,5,0.4,0.041,0.09,0.587,0.99,0.729,0.91,0.333
242,5,-0.01,-0.252,0.08,0.86,1.0,1.0,0.9,0.04
243,2,0.263,0.748,0.353,0.85,0.707,0.59,0.607,0.03
244,2,0.536,1.0,0.626,0.84,0.414,0.18,0.314,0.02
245,,0.526,0.99,0.616,0.83,0.404,0.17,0.304,0.01
246,,0.516,0.98,0.606,0.82,0.394,0.16,0.294,0.0
247,,0.506,0.97,0.596,0.81,0.384,0.15,0.284,-0.01
248,8,0.779,0.96,0.303,0.4,0.091,0.14,0.557,0.99
249,8,1.0,0.95,0.01,-0.01,-0.202,0.13,0.83,1.0
250,5,0.59,0.657,0.0,0.263,0.798,0.403,0.82,0.707
251,5,0.18,0.364,-0.01,0.536,1.0,0.676,0.81,0.414
252,3,0.17,0.637,0.99,0.809,0.99,0.383,0.4,0.121
253,3,0.16,0.91,1.0,1.0,0.98,0.09,-0.01,-0.172
254,8,0.433,0.9,0.707,0.59,0.687,0.08,0.263,0.828
255,8,0.706,0.89,0.414,0.18,0.394,0.07,0.536,1.0
256,,0.696,0.88,0.404,0.17,0.384,0.06,0.526,0.99
257,,0.686,0.87,0.394,0.16,0.374,0.05,0.516,0.98
258,,0.676,0.86,0.384,0.15,0.364,0.04,0.506,0.97
259,,0.666,0.85,0.374,0.14,0.354,0.03,0.496,0.96
260,,0.656,0.84,0.364,0.13,0.344,0.02,0.486,0.95
261,,0.646,0.83,0.354,0.12,0.334,0.01,0.476,0.94
262,,0.636,0.82,0.344,0.11,0.324,0.0,0.466,0.93
263,,0.626,0.81,0.334,0.1,0.314,-0.01,0.456,0.92
264,6,0.333,0.4,0.041,0.09,0.587,0.99,0.729,0.91
265,6,0.04,-0.01,-0.252,0.08,0.86,1.0,1.0,0.9
266,3,0.03,0.263,0.748,0.353,0.85,0.707,0.59,0.607
267,3,0.02,0.536,1.0,0.626,0.84,0.414,0.18,0.314
268,,0.01,0.526,0.99,0.616,0.83,0.404,0.17,0.304
269,,0.0,0.516,0.98,0.606,0.82,0.394,0.16,0.294
270,,-0.01,0.506,0.97,0.596,0.81,0.384,0.15,0.284
271,1,0.99,0.779,0.96,0.303,0.4,0.091,0.14,0.557
272,1,1.0,1.0,0.95,0.01,-0.01,-0.202,0.13,0.83
273,6,0.707,0.59,0.657,0.0,0.263,0.798,0.403,0.82
274,6,0.414,0.18,0.364,-0.01,0.536,1.0,0.676,0.81
275,4,0.121,0.17,0.637,0.99,0.809,0.99,0.383,0.4
276,4,-0.172,0.16,0.91,1.0,1.0,0.98,0.09,-0.01
277,1,0.828,0.433,0.9,0.707,0.59,0.687,0.08,0.263
278,1,1.0,0.706,0.89,0.414,0.18,0.394,0.07,0.536
279,,0.99,0.696,0.88,0.404,0.17,0.384,0.06,0.526
280,,0.98,0.686,0.87,0.394,0.16,0.374,0.05,0.516
281,,0.97,0.676,0.86,0.384,0.15,0.364,0.04,0.506
282,,0.96,0.666,0.85,0.374,0.14,0.354,0.03,0.496
283,,0.95,0.656,0.84,0.364,0.13,0.344,0.02,0.486
284,,0.94,0.646,0.83,0.354,0.12,0.334,0.01,0.476
285,,0.93,0.636,0.82,0.344,0.11,0.324,0.0,0.466
286,,0.92,0.626,0.81,0.334,0.1,0.314,-0.01,0.456
287,7,0.91,0.333,0.4,0.041,0.09,0.587,0.99,0.729
288,7,0.9,0.04,-0.01,-0.252,0.08,0.86,1.0,1.0
289,4,0.607,0.03,0.263,0.748,0.353,0.85,0.707,0.59
290,4,0.314,0.02,0.536,1.0,0.626,0.84,0.414,0.18
291,,0.304,0.01,0.526,0.99,0.616,0.83,0.404,0.17
292,,0.294,0.0,0.516,0.98,0.606,0.82,0.394,0.16
293,,0.284,-0.01,0.506,0.97,0.596,0.81,0.384,0.15
294,2,0.557,0.99,0.779,0.96,0.303,0.4,0.091,0.14
295,2,0.83,1.0,1.0,0.95,0.01,-0.01,-0.202,0.13
296,7,0.82,0.707,0.59,0.657,0.0,0.263,0.798,0.403
297,7,0.81,0.414,0.18,0.364,-0.01,0.536,1.0,0.676
298,5,0.4,0.121,0.17,0.637,0.99,0.809,0.99,0.383
299,5,-0.01,-0.172,0.16,0.91,1.0,1.0,0.98,0.09
300,2,0.263,0.828,0.433,0.9,0.707,0.59,0.687,0.08
301,2,0.536,1.0,0.706,0.89,0.414,0.18,0.394,0.07
302,,0.526,0.99,0.696,0.88,0.404,0.17,0.384,0.06
303,,0.516,0.98,0.686,0.87,0.394,0.16,0.374,0.05
304,,0.506,0.97,0.676,0.86,0.384,0.15,0.364,0.04
305,,0.496,0.96,0.666,0.85,0.374,0.14,0.354,0.03
306,,0.486,0.95,0.656,0.84,0.364,0.13,0.344,0.02
307,,0.476,0.94,0.646,0.83,0.354,0.12,0.334,0.01
308,,0.466,0.93,0.636,0.82,0.344,0.11,0.324,0.0
309,,0.456,0.92,0.626,0.81,0.334,0.1,0.314,-0.01
310,8,0.729,0.91,0.333,0.4,0.041,0.09,0.587,0.99
311,8,1.0,0.9,0.04,-0.01,-0.252,0.08,0.86,1.0
312,5,0.59,0.607,0.03,0.263,0.748,0.353,0.85,0.707
313,5,0.18,0.314,0.02,0.536,1.0,0.626,0.84,0.414
314,,0.17,0.304,0.01,0.526,0.99,0.616,0.83,0.404
315,,0.16,0.294,0.0,0.516,0.98,0.606,0.82,0.394
316,,0.15,0.284,-0.01,0.506,0.97,0.596,0.81,0.384
317,3,0.14,0.557,0.99,0.779,0.96,0.303,0.4,0.091
318,3,0.13,0.83,1.0,1.0,0.95,0.01,-0.01,-0.202
319,8,0.403,0.82,0.707,0.59,0.657,0.0,0.263,0.798
320,8,0.676,0.81,0.414,0.18,0.364,-0.01,0.536,1.0
321,6,0.383,0.4,0.121,0.17,0.637,0.99,0.809,0.99
322,6,0.09,-0.01,-0.172,0.16,0.91,1.0,1.0,0.98
323,3,0.08,0.263,0.828,0.433,0.9,0.707,0.59,0.687
324,3,0.07,0.536,1.0,0.706,0.89,0.414,0.18,0.394
325,,0.06,0.526,0.99,0.696,0.88,0.404,0.17,0.384
326,,0.05,0.516,0.98,0.686,0.87,0.394,0.16,0.374
327,,0.04,0.506,0.97,0.676,0.86,0.384,0.15,0.364
328,,0.03,0.496,0.96,0.666,0.85,0.374,0.14,0.354
329,,0.02,0.486,0.95,0.656,0.84,0.364,0.13,0.344
330,,0.01,0.476,0.94,0.646,0.83,0.354,0.12,0.334
331,,0.0,0.466,0.93,0.636,0.82,0.344,0.11,0.324
332,,-0.01,0.456,0.92,0.626,0.81,0.334,0.1,0.314
333,1,0.99,0.729,0.91,0.333,0.4,0.041,0.09,0.587
334,1,1.0,1.0,0.9,0.04,-0.01,-0.252,0.08,0.86
335,6,0.707,0.59,0.607,0.03,0.263,0.748,0.353,0.85
336,6,0.414,0.18,0.314,0.02,0.536,1.0,0.626,0.84
337,,0.404,0.17,0.304,0.01,0.526,0.99,0.616,0.83
338,,0.394,0.16,0.294,0.0,0.516,0.98,0.606,0.82
339,,0.384,0.15,0.284,-0.01,0.506,0.97,0.596,0.81
340,4,0.091,0.14,0.557,0.99,0.779,0.96,0.303,0.4
341,4,-0.202,0.13,0.83,1.0,1.0,0.95,0.01,-0.01
342,1,0.798,0.403,0.82,0.707,0.59,0.657,0.0,0.263
343,1,1.0,0.676,0.81,0.414,0.18,0.364,-0.01,0.536
344,7,0.99,0.383,0.4,0.121,0.17,0.637,0.99,0.809
345,7,0.98,0.09,-0.01,-0.172,0.16,0.91,1.0,1.0
346,4,0.687,0.08,0.263,0.828,0.433,0.9,0.707,0.59
347,4,0.394,0.07,0.536,1.0,0.706,0.89,0.414,0.18
348,,0.384,0.06,0.526,0.99,0.696,0.88,0.404,0.17
349,,0.374,0.05,0.516,0.98,0.686,0.87,0.394,0.16
350,,0.364,0.04,0.506,0.97,0.676,0.86,0.384,0.15
351,,0.354,0.03,0.496,0.96,0.666,0.85,0.374,0.14
352,,0.344,0.02,0.486,0.95,0.656,0.84,0.364,0.13
353,,0.334,0.01,0.476,0.94,0.646,0.83,0.354,0.12
354,,0.324,0.0,0.466,0.93,0.636,0.82,0.344,0.11
355,,0.314,-0.01,0.456,0.92,0.626,0.81,0.334,0.1
356,2,0.587,0.99,0.729,0.91,0.333,0.4,0.041,0.09
357,2,0.86,1.0,1.0,0.9,0.04,-0.01,-0.252,0.08
358,7,0.85,0.707,0.59,0.607,0.03,0.263,0.748,0.353
359,7,0.84,0.414,0.18,0.314,0.02,0.536,1.0,0.626
360,,0.83,0.404,0.17,0.304,0.01,0.526,0.99,0.616
361,,0.82,0.394,0.16,0.294,0.0,0.516,0.98,0.606
362,,0.81,0.384,0.15,0.284,-0.01,0.506,0.97,0.596
363,5,0.4,0.091,0.14,0.557,0.99,0.779,0.96,0.303
364,5,-0.01,-0.202,0.13,0.83,1.0,1.0,0.95,0.01
365,2,0.263,0.798,0.403,0.82,0.707,0.59,0.657,0.0
366,2,0.536,1.0,0.676,0.81,0.414,0.18,0.364,-0.01
367,8,0.809,0.99,0.383,0.4,0.121,0.17,0.637,0.99
368,8,1.0,0.98,0.09,-0.01,-0.172,0.16,0.91,1.0
369,5,0.59,0.687,0.08,0.263,0.828,0.433,0.9,0.707
370,5,0.18,0.394,0.07,0.536,1.0,0.706,0.89,0.414
371,,0.17,0.384,0.06,0.526,0.99,0.696,0.88,0.404
372,,0.16,0.374,0.05,0.516,0.98,0.686,0.87,0.394
373,,0.15,0.364,0.04,0.506,0.97,0.676,0.86,0.384
374,,0.14,0.354,0.03,0.496,0.96,0.666,0.85,0.374
375,,0.13,0.344,0.02,0.486,0.95,0.656,0.84,0.364
376,,0.12,0.334,0.01,0.476,0.94,0.646,0.83,0.354
377,,0.11,0.324,0.0,0.466,0.93,0.636,0.82,0.344
378,,0.1,0.314,-0.01,0.456,0.92,0.626,0.81,0.334
379,3,0.09,0.587,0.99,0.729,0.91,0.333,0.4,0.041
380,3,0.08,0.86,1.0,1.0,0.9,0.04,-0.01,-0.252
381,8,0.353,0.85,0.707,0.59,0.607,0.03,0.263,0.748
382,8,0.626,0.84,0.414,0.18,0.314,0.02,0.536,1.0
383,,0.616,0.83,0.404,0.17,0.304,0.01,0.526,0.99
384,,0.606,0.82,0.394,0.16,0.294,0.0,0.516,0.98
385,,0.596,0.81,0.384,0.15,0.284,-0.01,0.506,0.97
386,6,0.303,0.4,0.091,0.14,0.557,0.99,0.779,0.96
387,6,0.01,-0.01,-0.202,0.13,0.83,1.0,1.0,0.95
388,3,0.0,0.263,0.798,0.403,0.82,0.707,0.59,0.657
389,3,-0.01,0.536,1.0,0.676,0.81,0.414,0.18,0.364
390,1,0.99,0.809,0.99,0.383,0.4,0.121,0.17,0.637
391,1,1.0,1.0,0.98,0.09,-0.01,-0.172,0.16,0.91
392,6,0.707,0.59,0.687,0.08,0.263,0.828,0.433,0.9
393,6,0.414,0.18,0.394,0.07,0.536,1.0,0.706,0.89
394,,0.404,0.17,0.384,0.06,0.526,0.99,0.696,0.88
395,,0.394,0.16,0.374,0.05,0.516,0.98,0.686,0.87
396,,0.384,0.15,0.364,0.04,0.506,0.97,0.676,0.86
397,,0.374,0.14,0.354,0.03,0.496,0.96,0.666,0.85
398,,0.364,0.13,0.344,0.02,0.486,0.95,0.656,0.84
399,,0.354,0.12,0.334,0.01,0.476,0.94,0.646,0.83
400,,0.344,0.11,0.324,0.0,0.466,0.93,0.636,0.82
401,,0.334,0.1,0.314,-0.01,0.456,0.92,0.626,0.81
402,4,0.041,0.09,0.587,0.99,0.729,0.91,0.333,0.4
403,4,-0.252,0.08,0.86,1.0,1.0,0.9,0.04,-0.01
404,1,0.748,0.353,0.85,0.707,0.59,0.607,0.03,0.263
405,1,1.0,0.626,0.84,0.414,0.18,0.314,0.02,0.536
406,,0.99,0.616,0.83,0.404,0.17,0.304,0.01,0.526
407,,0.98,0.606,0.82,0.394,0.16,0.294,0.0,0.516
408,,0.97,0.596,0.81,0.384,0.15,0.284,-0.01,0.506
409,7,0.96,0.303,0.4,0.091,0.14,0.557,0.99,0.779
410,7,0.95,0.01,-0.01,-0.202,0.13,0.83,1.0,1.0
411,4,0.657,0.0,0.263,0.798,0.403,0.82,0.707,0.59
412,4,0.364,-0.01,0.536,1.0,0.676,0.81,0.414,0.18
413,2,0.637,0.99,0.809,0.99,0.383,0.4,0.121,0.17
414,2,0.91,1.0,1.0,0.98,0.09,-0.01,-0.172,0.16
415,7,0.9,0.707,0.59,0.687,0.08,0.263,0.828,0.433
416,7,0.89,0.414,0.18,0.394,0.07,0.536,1.0,0.706
417,,0.88,0.404,0.17,0.384,0.06,0.526,0.99,0.696
418,,0.87,0.394,0.16,0.374,0.05,0.516,0.98,0.686
419,,0.86,0.384,0.15,0.364,0.04,0.506,0.97,0.676
420,,0.85,0.374,0.14,0.354,0.03,0.496,0.96,0.666
421,,0.84,0.364,0.13,0.344,0.02,0.486,0.95,0.656
422,,0.83,0.354,0.12,0.334,0.01,0.476,0.94,0.646
423,,0.82,0.344,0.11,0.324,0.0,0.466,0.93,0.636
424,,0.81,0.334,0.1,0.314,-0.01,0.456,0.92,0.626
425,5,0.4,0.041,0.09,0.587,0.99,0.729,0.91,0.333
426,5,-0.01,-0.252,0.08,0.86,1.0,1.0,0.9,0.04
427,2,0.263,0.748,0.353,0.85,0.707,0.59,0.607,0.03
428,2,0.536,1.0,0.626,0.84,0.414,0.18,0.314,0.02
429,,0.526,0.99,0.616,0.83,0.404,0.17,0.304,0.01
430,,0.516,0.98,0.606,0.82,0.394,0.16,0.294,0.0
431,,0.506,0.97,0.596,0.81,0.384,0.15,0.284,-0.01
432,8,0.779,0.96,0.303,0.4,0.091,0.14,0.557,0.99
433,8,1.0,0.95,0.01,-0.01,-0.202,0.13,0.83,1.0
434,5,0.59,0.657,0.0,0.263,0.798,0.403,0.82,0.707
435,5,0.18,0.364,-0.01,0.536,1.0,0.676,0.81,0.414
436,3,0.17,0.637,0.99,0.809,0.99,0.383,0.4,0.121
437,3,0.16,0.91,1.0,1.0,0.98,0.09,-0.01,-0.172
438,8,0.433,0.9,0.707,0.59,0.687,0.08,0.263,0.828
439,8,0.706,0.89,0.414,0.18,0.394,0.07,0.536,1.0
440,,0.696,0.88,0.404,0.17,0.384,0.06,0.526,0.99
441,,0.686,0.87,0.394,0.16,0.374,0.05,0.516,0.98
442,,0.676,0.86,0.384,0.15,0.364,0.04,0.506,0.97
443,,0.666,0.85,0.374,0.14,0.354,0.03,0.496,0.96
444,,0.656,0.84,0.364,0.13,0.344,0.02,0.486,0.95
445,,0.646,0.83,0.354,0.12,0.334,0.01,0.476,0.94
446,,0.636,0.82,0.344,0.11,0.324,0.0,0.466,0.93
447,,0.626,0.81,0.334,0.1,0.314,-0.01,0.456,0.92
448,6,0.333,0.4,0.041,0.09,0.587,0.99,0.729,0.91
449,6,0.04,-0.01,-0.252,0.08,0.86,1.0,1.0,0.9
450,3,0.03,0.263,0.748,0.353,0.85,0.707,0.59,0.607
451,3,0.02,0.536,1.0,0.626,0.84,0.414,0.18,0.314
452,,0.01,0.526,0.99,0.616,0.83,0.404,0.17,0.304
453,,0.0,0.516,0.98,0.606,0.82,0.394,0.16,0.294
454,,-0.01,0.506,0.97,0.596,0.81,0.384,0.15,0.284
455,1,0.99,0.779,0.96,0.303,0.4,0.091,0.14,0.557
456,1,1.0,1.0,0.95,0.01,-0.01,-0.202,0.13,0.83
457,6,0.707,0.59,0.657,0.0,0.263,0.798,0.403,0.82
458,6,0.414,0.18,0.364,-0.01,0.536,1.0,0.676,0.81
459,4,0.121,0.17,0.637,0.99,0.809,0.99,0.383,0.4
460,4,-0.172,0.16,0.91,1.0,1.0,0.98,0.09,-0.01
461,1,0.828,0.433,0.9,0.707,0.59,0.687,0.08,0.263
462,1,1.0,0.706,0.89,0.414,0.18,0.394,0.07,0.536
463,,0.99,0.696,0.88,0.404,0.17,0.384,0.06,0.526
464,,0.98,0.686,0.87,0.394,0.16,0.374,0.05,0.516
465,,0.97,0.676,0.86,0.384,0.15,0.364,0.04,0.506
466,,0.96,0.666,0.85,0.374,0.14,0.354,0.03,0.496
467,,0.95,0.656,0.84,0.364,0.13,0.344,0.02,0.486
468,,0.94,0.646,0.83,0.354,0.12,0.334,0.01,0.476
469,,0.93,0.636,0.82,0.344,0.11,0.324,0.0,0.466
470,,0.92,0.626,0.81,0.334,0.1,0.314,-0.01,0.456
471,7,0.91,0.333,0.4,0.041,0.09,0.587,0.99,0.729
472,7,0.9,0.04,-0.01,-0.252,0.08,0.86,1.0,1.0
473,4,0.607,0.03,0.263,0.748,0.353,0.85,0.707,0.59
474,4,0.314,0.02,0.536,1.0,0.626,0.84,0.414,0.18
475,,0.304,0.01,0.526,0.99,0.616,0.83,0.404,0.17
476,,0.294,0.0,0.516,0.98,0.606,0.82,0.394,0.16
477,,0.284,-0.01,0.506,0.97,0.596,0.81,0.384,0.15
478,2,0.557,0.99,0.779,0.96,0.303,0.4,0.091,0.14
479,2,0.83,1.0,1.0,0.95,0.01,-0.01,-0.202,0.13
480,7,0.82,0.707,0.59,0.657,0.0,0.263,0.798,0.403
481,7,0.81,0.414,0.18,0.364,-0.01,0.536,1.0,0.676
482,5,0.4,0.121,0.17,0.637,0.99,0.809,0.99,0.383
483,5,-0.01,-0.172,0.16,0.91,1.0,1.0,0.98,0.09
484,2,0.263,0.828,0.433,0.9,0.707,0.59,0.687,0.08
485,2,0.536,1.0,0.706,0.89,0.414,0.18,0.394,0.07
486,,0.526,0.99,0.696,0.88,0.404,0.17,0.384,0.06
487,,0.516,0.98,0.686,0.87,0.394,0.16,0.374,0.05
488,,0.506,0.97,0.676,0.86,0.384,0.15,0.364,0.04
489,,0.496,0.96,0.666,0.85,0.374,0.14,0.354,0.03
490,,0.486,0.95,0.656,0.84,0.364,0.13,0.344,0.02
491,,0.476,0.94,0.646,0.83,0.354,0.12,0.334,0.01
492,,0.466,0.93,0.636,0.82,0.344,0.11,0.324,0.0
493,,0.456,0.92,0.626,0.81,0.334,0.1,0.314,-0.01
494,8,0.729,0.91,0.333,0.4,0.041,0.09,0.587,0.99
495,8,1.0,0.9,0.04,-0.01,-0.252,0.08,0.86,1.0
496,5,0.59,0.607,0.03,0.263,0.748,0.353,0.85,0.707
497,5,0.18,0.314,0.02,0.536,1.0,0.626,0.84,0.414
498,,0.17,0.304,0.01,0.526,0.99,0.616,0.83,0.404
499,,0.16,0.294,0.0,0.516,0.98,0.606,0.82,0.394
500,,0.15,0.284,-0.01,0.506,0.97,0.596,0.81,0.384
501,3,0.14,0.557,0.99,0.779,0.96,0.303,0.4,0.091
502,3,0.13,0.83,1.0,1.0,0.95,0.01,-0.01,-0.202
503,8,0.403,0.82,0.707,0.59,0.657,0.0,0.263,0.798
504,8,0.676,0.81,0.414,0.18,0.364,-0.01,0.536,1.0
505,6,0.383,0.4,0.121,0.17,0.637,0.99,0.809,0.99
506,6,0.09,-0.01,-0.172,0.16,0.91,1.0,1.0,0.98
507,3,0.08,0.263,0.828,0.433,0.9,0.707,0.59,0.687
508,3,0.07,0.536,1.0,0.706,0.89,0.414,0.18,0.394
509,,0.06,0.526,0.99,0.696,0.88,0.404,0.17,0.384
510,,0.05,0.516,0.98,0.686,0.87,0.394,0.16,0.374
511,,0.04,0.506,0.97,0.676,0.86,0.384,0.15,0.364
512,,0.03,0.496,0.96,0.666,0.85,0.374,0.14,0.354
513,,0.02,0.486,0.95,0.656,0.84,0.364,0.13,0.344
514,,0.01,0.476,0.94,0.646,0.83,0.354,0.12,0.334
515,,0.0,0.466,0.93,0.636,0.82,0.344,0.11,0.324
516,,-0.01,0.456,0.92,0.626,0.81,0.334,0.1,0.314
517,1,0.99,0.729,0.91,0.333,0.4,0.041,0.09,0.587
518,1,1.0,1.0,0.9,0.04,-0.01,-0.252,0.08,0.86
519,6,0.707,0.59,0.607,0.03,0.263,0.748,0.353,0.85
520,6,0.414,0.18,0.314,0.02,0.536,1.0,0.626,0.84
521,,0.404,0.17,0.304,0.01,0.526,0.99,0.616,0.83
522,,0.394,0.16,0.294,0.0,0.516,0.98,0.606,0.82
523,,0.384,0.15,0.284,-0.01,0.506,0.97,0.596,0.81
524,4,0.091,0.14,0.557,0.99,0.779,0.96,0.303,0.4
525,4,-0.202,0.13,0.83,1.0,1.0,0.95,0.01,-0.01
526,1,0.798,0.403,0.82,0.707,0.59,0.657,0.0,0.263
527,1,1.0,0.676,0.81,0.414,0.18,0.364,-0.01,0.536
528,7,0.99,0.383,0.4,0.121,0.17,0.637,0.99,0.809
529,7,0.98,0.09,-0.01,-0.172,0.16,0.91,1.0,1.0
530,4,0.687,0.08,0.263,0.828,0.433,0.9,0.707,0.59
531,4,0.394,0.07,0.536,1.0,0.706,0.89,0.414,0.18
532,,0.384,0.06,0.526,0.99,0.696,0.88,0.404,0.17
533,,0.374,0.05,0.516,0.98,0.686,0.87,0.394,0.16
534,,0.364,0.04,0.506,0.97,0.676,0.86,0.384,0.15
535,,0.354,0.03,0.496,0.96,0.666,0.85,0.374,0.14
536,,0.344,0.02,0.486,0.95,0.656,0.84,0.364,0.13
537,,0.334,0.01,0.476,0.94,0.646,0.83,0.354,0.12
538,,0.324,0.0,0.466,0.93,0.636,0.82,0.344,0.11
539,,0.314,-0.01,0.456,0.92,0.626,0.81,0.334,0.1
540,2,0.587,0.99,0.729,0.91,0.333,0.4,0.041,0.09
541,2,0.86,1.0,1.0,0.9,0.04,-0.01,-0.252,0.08
542,7,0.85,0.707,0.59,0.607,0.03,0.263,0.748,0.353
543,7,0.84,0.414,0.18,0.314,0.02,0.536,1.0,0.626
544,,0.83,0.404,0.17,0.304,0.01,0.526,0.99,0.616
545,,0.82,0.394,0.16,0.294,0.0,0.516,0.98,0.606
546,,0.81,0.384,0.15,0.284,-0.01,0.506,0.97,0.596
547,5,0.4,0.091,0.14,0.557,0.99,0.779,0.96,0.303
548,5,-0.01,-0.202,0.13,0.83,1.0,1.0,0.95,0.01
549,2,0.263,0.798,0.403,0.82,0.707,0.59,0.657,0.0
550,2,0.536,1.0,0.676,0.81,0.414,0.18,0.364,-0.01
551,8,0.809,0.99,0.383,0.4,0.121,0.17,0.637,0.99
552,8,1.0,0.98,0.09,-0.01,-0.172,0.16,0.91,1.0
553,5,0.59,0.687,0.08,0.263,0.828,0.433,0.9,0.707
554,5,0.18,0.394,0.07,0.536,1.0,0.706,0.89,0.414
555,,0.17,0.384,0.06,0.526,0.99,0.696,0.88,0.404
556,,0.16,0.374,0.05,0.516,0.98,0.686,0.87,0.394
557,,0.15,0.364,0.04,0.506,0.97,0.676,0.86,0.384
558,,0.14,0.354,0.03,0.496,0.96,0.666,0.85,0.374
559,,0.13,0.344,0.02,0.486,0.95,0.656,0.84,0.364
560,,0.12,0.334,0.01,0.476,0.94,0.646,0.83,0.354
561,,0.11,0.324,0.0,0.466,0.93,0.636,0.82,0.344
562,,0.1,0.314,-0.01,0.456,0.92,0.626,0.81,0.334
563,3,0.09,0.587,0.99,0.729,0.91,0.333,0.4,0.041
564,3,0.08,0.86,1.0,1.0,0.9,0.04,-0.01,-0.252
565,8,0.353,0.85,0.707,0.59,0.607,0.03,0.263,0.748
566,8,0.626,0.84,0.414,0.18,0.314,0.02,0.536,1.0
567,,0.616,0.83,0.404,0.17,0.304,0.01,0.526,0.99
568,,0.606,0.82,0.394,0.16,0.294,0.0,0.516,0.98
569,,0.596,0.81,0.384,0.15,0.284,-0.01,0.506,0.97
570,6,0.303,0.4,0.091,0.14,0.557,0.99,0.779,0.96
571,6,0.01,-0.01,-0.202,0.13,0.83,1.0,1.0,0.95
572,3,0.0,0.263,0.798,0.403,0.82,0.707,0.59,0.657
573,3,-0.01,0.536,1.0,0.676,0.81,0.414,0.18,0.364
574,1,0.99,0.809,0.99,0.383,0.4,0.121,0.17,0.637
575,1,1.0,1.0,0.98,0.09,-0.01,-0.172,0.16,0.91
576,6,0.707,0.59,0.687,0.08,0.263,0.828,0.433,0.9
577,6,0.414,0.18,0.394,0.07,0.536,1.0,0.706,0.89
578,,0.404,0.17,0.384,0.06,0.526,0.99,0.696,0.88
579,,0.394,0.16,0.374,0.05,0.516,0.98,0.686,0.87
580,,0.384,0.15,0.364,0.04,0.506,0.97,0.676,0.86
581,,0.374,0.14,0.354,0.03,0.496,0.96,0.666,0.85
582,,0.364,0.13,0.344,0.02,0.486,0.95,0.656,0.84
583,,0.354,0.12,0.334,0.01,0.476,0.94,0.646,0.83
584,,0.344,0.11,0.324,0.0,0.466,0.93,0.636,0.82
585,,0.334,0.1,0.314,-0.01,0.456,0.92,0.626,0.81
586,4,0.041,0.09,0.587,0.99,0.729,0.91,0.333,0.4
587,4,-0.252,0.08,0.86,1.0,1.0,0.9,0.04,-0.01
588,1,0.748,0.353,0.85,0.707,0.59,0.607,0.03,0.263
589,1,1.0,0.626,0.84,0.414,0.18,0.314,0.02,0.536
590,,0.99,0.616,0.83,0.404,0.17,0.304,0.01,0.526
591,,0.98,0.606,0.82,0.394,0.16,0.294,0.0,0.516
592,,0.97,0.596,0.81,0.384,0.15,0.284,-0.01,0.506
593,7,0.96,0.303,0.4,0.091,0.14,0.557,0.99,0.779
594,7,0.95,0.01,-0.01,-0.202,0.13,0.83,1.0,1.0
595,4,0.657,0.0,0.263,0.798,0.403,0.82,0.707,0.59
596,4,0.364,-0.01,0.536,1.0,0.676,0.81,0.414,0.18
597,2,0.637,0.99,0.809,0.99,0.383,0.4,0.121,0.17
598,2,0.91,1.0,1.0,0.98,0.09,-0.01,-0.172,0.16
599,7,0.9,0.707,0.59,0.687,0.08,0.263,0.828,0.433
600,7,0.89,0.414,0.18,0.394,0.07,0.536,1.0,0.706
601,,0.88,0.404,0.17,0.384,0.06,0.526,0.99,0.696
602,,0.87,0.394,0.16,0.374,0.05,0.516,0.98,0.686
603,,0.86,0.384,0.15,0.364,0.04,0.506,0.97,0.676
604,,0.85,0.374,0.14,0.354,0.03,0.496,0.96,0.666
605,,0.84,0.364,0.13,0.344,0.02,0.486,0.95,0.656
606,,0.83,0.354,0.12,0.334,0.01,0.476,0.94,0.646
607,,0.82,0.344,0.11,0.324,0.0,0.466,0.93,0.636
608,,0.81,0.334,0.1,0.314,-0.01,0.456,0.92,0.626
609,5,0.4,0.041,0.09,0.587,0.99,0.729,0.91,0.333
610,5,-0.01,-0.252,0.08,0.86,1.0,1.0,0.9,0.04
611,2,0.263,0.748,0.353,0.85,0.707,0.59,0.607,0.03
612,2,0.536,1.0,0.626,0.84,0.414,0.18,0.314,0.02
613,,0.526,0.99,0.616,0.83,0.404,0.17,0.304,0.01
614,,0.516,0.98,0.606,0.82,0.394,0.16,0.294,0.0
615,,0.506,0.97,0.596,0.81,0.384,0.15,0.284,-0.01
616,8,0.779,0.96,0.303,0.4,0.091,0.14,0.557,0.99
617,8,1.0,0.95,0.01,-0.01,-0.202,0.13,0.83,1.0
618,5,0.59,0.657,0.0,0.263,0.798,0.403,0.82,0.707
619,5,0.18,0.364,-0.01,0.536,1.0,0.676,0.81,0.414
620,3,0.17,0.637,0.99,0.809,0.99,0.383,0.4,0.121
621,3,0.16,0.91,1.0,1.0,0.98,0.09,-0.01,-0.172
622,8,0.433,0.9,0.707,0.59,0.687,0.08,0.263,0.828
623,8,0.706,0.89,0.414,0.18,0.394,0.07,0.536,1.0
624,,0.696,0.88,0.404,0.17,0.384,0.06,0.526,0.99
625,,0.686,0.87,0.394,0.16,0.374,0.05,0.516,0.98
626,,0.676,0.86,0.384,0.15,0.364,0.04,0.506,0.97
627,,0.666,0.85,0.374,0.14,0.354,0.03,0.496,0.96
628,,0.656,0.84,0.364,0.13,0.344,0.02,0.486,0.95
629,,0.646,0.83,0.354,0.12,0.334,0.01,0.476,0.94
630,,0.636,0.82,0.344,0.11,0.324,0.0,0.466,0.93
631,,0.626,0.81,0.334,0.1,0.314,-0.01,0.456,0.92
632,6,0.333,0.4,0.041,0.09,0.587,0.99,0.729,0.91
633,6,0.04,-0.01,-0.252,0.08,0.86,1.0,1.0,0.9
634,3,0.03,0.263,0.748,0.353,0.85,0.707,0.59,0.607
635,3,0.02,0.536,1.0,0.626,0.84,0.414,0.18,0.314
636,,0.01,0.526,0.99,0.616,0.83,0.404,0.17,0.304
637,,0.0,0.516,0.98,0.606,0.82,0.394,0.16,0.294
638,,-0.01,0.506,0.97,0.596,0.81,0.384,0.15,0.284
639,1,0.99,0.779,0.96,0.303,0.4,0.091,0.14,0.557
640,1,1.0,1.0,0.95,0.01,-0.01,-0.202,0.13,0.83
641,6,0.707,0.59,0.657,0.0,0.263,0.798,0.403,0.82
642,6,0.414,0.18,0.364,-0.01,0.536,1.0,0.676,0.81
643,4,0.121,0.17,0.637,0.99,0.809,0.99,0.383,0.4
644,4,-0.172,0.16,0.91,1.0,1.0,0.98,0.09,-0.01
645,1,0.828,0.433,0.9,0.707,0.59,0.687,0.08,0.263
646,1,1.0,0.706,0.89,0.414,0.18,0.394,0.07,0.536
647,,0.99,0.696,0.88,0.404,0.17,0.384,0.06,0.526
648,,0.98,0.686,0.87,0.394,0.16,0.374,0.05,0.516
649,,0.97,0.676,0.86,0.384,0.15,0.364,0.04,0.506
650,,0.96,0.666,0.85,0.374,0.14,0.354,0.03,0.496
651,,0.95,0.656,0.84,0.364,0.13,0.344,0.02,0.486
652,,0.94,0.646,0.83,0.354,0.12,0.334,0.01,0.476
653,,0.93,0.636,0.82,0.344,0.11,0.324,0.0,0.466
654,,0.92,0.626,0.81,0.334,0.1,0.314,-0.01,0.456
655,7,0.91,0.333,0.4,0.041,0.09,0.587,0.99,0.729
656,7,0.9,0.04,-0.01,-0.252,0.08,0.86,1.0,1.0
657,4,0.607,0.03,0.263,0.748,0.353,0.85,0.707,0.59
658,4,0.314,0.02,0.536,1.0,0.626,0.84,0.414,0.18
659,,0.304,0.01,0.526,0.99,0.616,0.83,0.404,0.17
660,,0.294,0.0,0.516,0.98,0.606,0.82,0.394,0.16
661,,0.284,-0.01,0.506,0.97,0.596,0.81,0.384,0.15
662,2,0.557,0.99,0.779,0.96,0.303,0.4,0.091,0.14
663,2,0.83,1.0,1.0,0.95,0.01,-0.01,-0.202,0.13
664,7,0.82,0.707,0.59,0.657,0.0,0.263,0.798,0.403
665,7,0.81,0.414,0.18,0.364,-0.01,0.536,1.0,0.676
666,5,0.4,0.121,0.17,0.637,0.99,0.809,0.99,0.383
667,5,-0.01,-0.172,0.16,0.91,1.0,1.0,0.98,0.09
668,2,0.263,0.828,0.433,0.9,0.707,0.59,0.687,0.08
669,2,0.536,1.0,0.706,0.89,0.414,0.18,0.394,0.07
670,,0.526,0.99,0.696,0.88,0.404,0.17,0.384,0.06
671,,0.516,0.98,0.686,0.87,0.394,0.16,0.374,0.05
672,,0.506,0.97,0.676,0.86,0.384,0.15,0.364,0.04
673,,0.496,0.96,0.666,0.85,0.374,0.14,0.354,0.03
674,,0.486,0.95,0.656,0.84,0.364,0.13,0.344,0.02
675,,0.476,0.94,0.646,0.83,0.354,0.12,0.334,0.01
676,,0.466,0.93,0.636,0.82,0.344,0.11,0.324,0.0
677,,0.456,0.92,0.626,0.81,0.334,0.1,0.314,-0.01
678,8,0.729,0.91,0.333,0.4,0.041,0.09,0.587,0.99
679,8,1.0,0.9,0.04,-0.01,-0.252,0.08,0.86,1.0
680,5,0.59,0.607,0.03,0.263,0.748,0.353,0.85,0.707
681,5,0.18,0.314,0.02,0.536,1.0,0.626,0.84,0.414
682,,0.17,0.304,0.01,0.526,0.99,0.616,0.83,0.404
683,,0.16,0.294,0.0,0.516,0.98,0.606,0.82,0.394
684,,0.15,0.284,-0.01,0.506,0.97,0.596,0.81,0.384
685,3,0.14,0.557,0.99,0.779,0.96,0.303,0.4,0.091
686,3,0.13,0.83,1.0,1.0,0.95,0.01,-0.01,-0.202
687,8,0.403,0.82,0.707,0.59,0.657,0.0,0.263,0.798
688,8,0.676,0.81,0.414,0.18,0.364,-0.01,0.536,1.0
689,6,0.383,0.4,0.121,0.17,0.637,0.99,0.809,0.99
690,6,0.09,-0.01,-0.172,0.16,0.91,1.0,1.0,0.98
691,3,0.08,0.263,0.828,0.433,0.9,0.707,0.59,0.687
692,3,0.07,0.536,1.0,0.706,0.89,0.414,0.18,0.394
693,,0.06,0.526,0.99,0.696,0.88,0.404,0.17,0.384
694,,0.05,0.516,0.98,0.686,0.87,0.394,0.16,0.374
695,,0.04,0.506,0.97,0.676,0.86,0.384,0.15,0.364
696,,0.03,0.496,0.96,0.666,0.85,0.374,0.14,0.354
697,,0.02,0.486,0.95,0.656,0.84,0.364,0.13,0.344
698,,0.01,0.476,0.94,0.646,0.83,0.354,0.12,0.334
699,,0.0,0.466,0.93,0.636,0.82,0.344,0.11,0.324
700,,-0.01,0.456,0.92,0.626,0.81,0.334,0.1,0.314
701,1,0.99,0.729,0.91,0.333,0.4,0.041,0.09,0.587
702,1,1.0,1.0,0.9,0.04,-0.01,-0.252,0.08,0.86
703,6,0.707,0.59,0.607,0.03,0.263,0.748,0.353,0.85
704,6,0.414,0.18,0.314,0.02,0.536,1.0,0.626,0.84
705,,0.404,0.17,0.304,0.01,0.526,0.99,0.616,0.83
706,,0.394,0.16,0.294,0.0,0.516,0.98,0.606,0.82
707,,0.384,0.15,0.284,-0.01,0.506,0.97,0.596,0.81
708,4,0.091,0.14,0.557,0.99,0.779,0.96,0.303,0.4
709,4,-0.202,0.13,0.83,1.0,1.0,0.95,0.01,-0.01
710,1,0.798,0.403,0.82,0.707,0.59,0.657,0.0,0.263
711,1,1.0,0.676,0.81,0.414,0.18,0.364,-0.01,0.536
712,7,0.99,0.383,0.4,0.121,0.17,0.637,0.99,0.809
713,7,0.98,0.09,-0.01,-0.172,0.16,0.91,1.0,1.0
714,4,0.687,0.08,0.263,0.828,0.433,0.9,0.707,0.59
715,4,0.394,0.07,0.536,1.0,0.706,0.89,0.414,0.18
716,,0.384,0.06,0.526,0.99,0.696,0.88,0.404,0.17
717,,0.374,0.05,0.516,0.98,0.686,0.87,0.394,0.16
718,,0.364,0.04,0.506,0.97,0.676,0.86,0.384,0.15
719,,0.354,0.03,0.496,0.96,0.666,0.85,0.374,0.14
720,,0.344,0.02,0.486,0.95,0.656,0.84,0.364,0.13
721,,0.334,0.01,0.476,0.94,0.646,0.83,0.354,0.12
722,,0.324,0.0,0.466,0.93,0.636,0.82,0.344,0.11
723,,0.314,-0.01,0.456,0.92,0.626,0.81,0.334,0.1
724,2,0.587,0.99,0.729,0.91,0.333,0.4,0.041,0.09
725,2,0.86,1.0,1.0,0.9,0.04,-0.01,-0.252,0.08
726,7,0.85,0.707,0.59,0.607,0.03,0.263,0.748,0.353
727,7,0.84,0.414,0.18,0.314,0.02,0.536,1.0,0.626
728,,0.83,0.404,0.17,0.304,0.01,0.526,0.99,0.616
729,,0.82,0.394,0.16,0.294,0.0,0.516,0.98,0.606
730,,0.81,0.384,0.15,0.284,-0.01,0.506,0.97,0.596
731,5,0.4,0.091,0.14,0.557,0.99,0.779,0.96,0.303
732,5,-0.01,-0.202,0.13,0.83,1.0,1.0,0.95,0.01
733,2,0.263,0.798,0.403,0.82,0.707,0.59,0.657,0.0
734,2,0.536,1.0,0.676,0.81,0.414,0.18,0.364,-0.01
735,8,0.809,0.99,0.383,0.4,0.121,0.17,0.637,0.99
736,8,1.0,0.98,0.09,-0.01,-0.172,0.16,0.91,1.0
737,5,0.59,0.687,0.08,0.263,0.828,0.433,0.9,0.707
738,5,0.18,0.394,0.07,0.536,1.0,0.706,0.89,0.414
739,,0.17,0.384,0.06,0.526,0.99,0.696,0.88,0.404
740,,0.16,0.374,0.05,0.516,0.98,0.686,0.87,0.394
741,,0.15,0.364,0.04,0.506,0.97,0.676,0.86,0.384
742,,0.14,0.354,0.03,0.496,0.96,0.666,0.85,0.374
743,,0.13,0.344,0.02,0.486,0.95,0.656,0.84,0.364
744,,0.12,0.334,0.01,0.476,0.94,0.646,0.83,0.354
745,,0.11,0.324,0.0,0.466,0.93,0.636,0.82,0.344
746,,0.1,0.314,-0.01,0.456,0.92,0.626,0.81,0.334
747,3,0.09,0.587,0.99,0.729,0.91,0.333,0.4,0.041
748,3,0.08,0.86,1.0,1.0,0.9,0.04,-0.01,-0.252
749,8,0.353,0.85,0.707,0.59,0.607,0.03,0.263,0.748
750,8,0.626,0.84,0.414,0.18,0.314,0.02,0.536,1.0
751,,0.616,0.83,0.404,0.17,0.304,0.01,0.526,0.99
752,,0.606,0.82,0.394,0.16,0.294,0.0,0.516,0.98
753,,0.596,0.81,0.384,0.15,0.284,-0.01,0.506,0.97
754,6,0.303,0.4,0.091,0.14,0.557,0.99,0.779,0.96
755,6,0.01,-0.01,-0.202,0.13,0.83,1.0,1.0,0.95
756,3,0.0,0.263,0.798,0.403,0.82,0.707,0.59,0.657
757,3,-0.01,0.536,1.0,0.676,0.81,0.414,0.18,0.364
758,1,0.99,0.809,0.99,0.383,0.4,0.121,0.17,0.637
759,1,1.0,1.0,0.98,0.09,-0.01,-0.172,0.16,0.91
760,6,0.707,0.59,0.687,0.08,0.263,0.828,0.433,0.9
761,6,0.414,0.18,0.394,0.07,0.536,1.0,0.706,0.89
762,,0.404,0.17,0.384,0.06,0.526,0.99,0.696,0.88
763,,0.394,0.16,0.374,0.05,0.516,0.98,0.686,0.87
764,,0.384,0.15,0.364,0.04,0.506,0.97,0.676,0.86
765,,0.374,0.14,0.354,0.03,0.496,0.96,0.666,0.85
766,,0.364,0.13,0.344,0.02,0.486,0.95,0.656,0.84
767,,0.354,0.12,0.334,0.01,0.476,0.94,0.646,0.83
768,,0.344,0.11,0.324,0.0,0.466,0.93,0.636,0.82
769,,0.334,0.1,0.314,-0.01,0.456,0.92,0.626,0.81
770,4,0.041,0.09,0.587,0.99,0.729,0.91,0.333,0.4
771,4,-0.252,0.08,0.86,1.0,1.0,0.9,0.04,-0.01
772,1,0.748,0.353,0.85,0.707,0.59,0.607,0.03,0.263
773,1,1.0,0.626,0.84,0.414,0.18,0.314,0.02,0.536
774,,0.99,0.616,0.83,0.404,0.17,0.304,0.01,0.526
775,,0.98,0.606,0.82,0.394,0.16,0.294,0.0,0.516
776,,0.97,0.596,0.81,0.384,0.15,0.284,-0.01,0.506
777,7,0.96,0.303,0.4,0.091,0.14,0.557,0.99,0.779
778,7,0.95,0.01,-0.01,-0.202,0.13,0.83,1.0,1.0
779,4,0.657,0.0,0.263,0.798,0.403,0.82,0.707,0.59
780,4,0.364,-0.01,0.536,1.0,0.676,0.81,0.414,0.18
781,2,0.637,0.99,0.809,0.99,0.383,0.4,0.121,0.17
782,2,0.91,1.0,1.0,0.98,0.09,-0.01,-0.172,0.16
783,7,0.9,0.707,0.59,0.687,0.08,0.263,0.828,0.433
784,7,0.89,0.414,0.18,0.394,0.07,0.536,1.0,0.706
785,,0.88,0.404,0.17,0.384,0.06,0.526,0.99,0.696
786,,0.87,0.394,0.16,0.374,0.05,0.516,0.98,0.686
787,,0.86,0.384,0.15,0.364,0.04,0.506,0.97,0.676
788,,0.85,0.374,0.14,0.354,0.03,0.496,0.96,0.666
789,,0.84,0.364,0.13,0.344,0.02,0.486,0.95,0.656
790,,0.83,0.354,0.12,0.334,0.01,0.476,0.94,0.646
791,,0.82,0.344,0.11,0.324,0.0,0.466,0.93,0.636
792,,0.81,0.334,0.1,0.314,-0.01,0.456,0.92,0.626
793,5,0.4,0.041,0.09,0.587,0.99,0.729,0.91,0.333
794,5,-0.01,-0.252,0.08,0.86,1.0,1.0,0.9,0.04
795,2,0.263,0.748,0.353,0.85,0.707,0.59,0.607,0.03
796,2,0.536,1.0,0.626,0.84,0.414,0.18,0.314,0.02
797,,0.526,0.99,0.616,0.83,0.404,0.17,0.304,0.01
798,,0.516,0.98,0.606,0.82,0.394,0.16,0.294,0.0
799,,0.506,0.97,0.596,0.81,0.384,0.15,0.284,-0.01
800,8,0.779,0.96,0.303,0.4,0.091,0.14,0.557,0.99
801,8,1.0,0.95,0.01,-0.01,-0.202,0.13,0.83,1.0
802,5,0.59,0.657,0.0,0.263,0.798,0.403,0.82,0.707
803,5,0.18,0.364,-0.01,0.536,1.0,0.676,0.81,0.414
804,3,0.17,0.637,0.99,0.809,0.99,0.383,0.4,0.121
805,3,0.16,0.91,1.0,1.0,0.98,0.09,-0.01,-0.172
806,8,0.433,0.9,0.707,0.59,0.687,0.08,0.263,0.828
807,8,0.706,0.89,0.414,0.18,0.394,0.07,0.536,1.0
808,,0.696,0.88,0.404,0.17,0.384,0.06,0.526,0.99
