step,active_motive,motive_1,motive_2,motive_3,motive_4,motive_5,motive_6,motive_7,motive_8
0,,0.04668,0.08599,0.06803,0.04505,0.00133,0.09422,0.05633,0.03854
1,,0.03668,0.07599,0.05803,0.03505,-0.00867,0.08422,0.04633,0.02854
2,5,-0.37332,-0.21701,0.04803,0.30805,0.99133,0.35722,0.03633,-0.26446
3,5,-0.78332,-0.51001,0.03803,0.58105,1.0,0.63022,0.02633,-0.55746
4,1,0.21668,-0.23701,0.02803,0.28805,0.59,0.33722,0.01633,-0.28446
5,1,1.0,0.03599,0.01803,-0.00495,0.18,0.04422,0.00633,-0.01146
6,8,1.0,0.02599,-0.27497,-0.41495,-0.113,0.03422,0.27933,0.98854
7,8,1.0,0.01599,-0.56797,-0.82495,-0.406,0.02422,0.55233,1.0
8,4,0.707,0.00599,-0.29497,0.17505,-0.133,0.01422,0.25933,0.59
9,4,0.414,-0.00401,-0.02197,1.0,0.14,0.00422,-0.03367,0.18
10,7,0.404,-0.29701,-0.43197,0.707,0.13,0.27722,0.96633,0.453
11,7,0.394,-0.59001,-0.84197,0.414,0.12,0.55022,1.0,0.726
12,3,0.384,-0.31701,0.15803,0.687,0.11,0.25722,0.59,0.433
13,3,0.374,-0.04401,1.0,0.96,0.1,-0.03578,0.18,0.14
14,2,0.647,0.95599,1.0,0.95,-0.193,-0.44578,-0.113,0.13
15,2,0.92,1.0,1.0,0.94,-0.486,-0.85578,-0.406,0.12
16,6,0.627,0.59,0.707,0.93,-0.213,0.14422,-0.133,0.11
17,6,0.334,0.18,0.414,0.92,0.06,1.0,0.14,0.1
18,,0.324,0.17,0.404,0.91,0.05,0.99,0.13,0.09
19,,0.314,0.16,0.394,0.9,0.04,0.98,0.12,0.08
20,,0.304,0.15,0.384,0.89,0.03,0.97,0.11,0.07
21,,0.294,0.14,0.374,0.88,0.02,0.96,0.1,0.06
22,,0.284,0.13,0.364,0.87,0.01,0.95,0.09,0.05
23,,0.274,0.12,0.354,0.86,0.0,0.94,0.08,0.04
24,,0.264,0.11,0.344,0.85,-0.01,0.93,0.07,0.03
25,5,-0.146,-0.183,0.334,1.0,0.99,1.0,0.06,-0.263
26,5,-0.556,-0.476,0.324,1.0,1.0,1.0,0.05,-0.556
27,8,-0.283,-0.486,0.031,0.59,0.707,0.99,0.323,0.444
28,8,-0.01,-0.496,-0.262,0.18,0.414,0.98,0.596,1.0
29,2,0.263,0.504,0.011,0.17,0.121,0.57,0.303,0.99
30,2,0.536,1.0,0.284,0.16,-0.172,0.16,0.01,0.98
31,5,0.126,0.707,0.274,0.433,0.828,0.433,0.0,0.687
32,5,-0.284,0.414,0.264,0.706,1.0,0.706,-0.01,0.394
33,1,0.716,0.687,0.254,0.413,0.59,0.413,-0.02,0.667
34,1,1.0,0.96,0.244,0.12,0.18,0.12,-0.03,0.94
35,7,0.99,0.667,-0.166,-0.173,0.17,0.393,0.97,1.0
36,7,0.98,0.374,-0.576,-0.466,0.16,0.666,1.0,1.0
37,3,0.97,0.647,0.424,-0.193,0.15,0.373,0.59,0.707
38,3,0.96,0.92,1.0,0.08,0.14,0.08,0.18,0.414
39,,0.95,0.91,0.99,0.07,0.13,0.07,0.17,0.404
40,,0.94,0.9,0.98,0.06,0.12,0.06,0.16,0.394
41,,0.93,0.89,0.97,0.05,0.11,0.05,0.15,0.384
42,,0.92,0.88,0.96,0.04,0.1,0.04,0.14,0.374
43,,0.91,0.87,0.95,0.03,0.09,0.03,0.13,0.364
44,,0.9,0.86,0.94,0.02,0.08,0.02,0.12,0.354
45,,0.89,0.85,0.93,0.01,0.07,0.01,0.11,0.344
46,,0.88,0.84,0.92,0.0,0.06,0.0,0.1,0.334
47,,0.87,0.83,0.91,-0.01,0.05,-0.01,0.09,0.324
48,4,0.577,0.82,1.0,0.99,0.323,-0.02,-0.203,-0.086
49,4,0.284,0.81,1.0,1.0,0.596,-0.03,-0.496,-0.496
50,8,0.557,0.8,0.707,0.59,0.303,-0.04,-0.223,0.504
51,8,0.83,0.79,0.414,0.18,0.01,-0.05,0.05,1.0
52,6,0.537,0.38,0.121,0.17,0.283,0.95,0.323,0.99
53,6,0.244,-0.03,-0.172,0.16,0.556,1.0,0.596,0.98
54,3,0.234,0.243,0.828,0.433,0.546,0.707,0.186,0.687
55,3,0.224,0.516,1.0,0.706,0.536,0.414,-0.224,0.394
56,7,0.214,0.223,0.59,0.413,0.526,0.687,0.776,0.667
57,7,0.204,-0.07,0.18,0.12,0.516,0.96,1.0,0.94
58,2,0.477,0.93,0.453,0.11,0.223,0.55,0.707,0.93
59,2,0.75,1.0,0.726,0.1,-0.07,0.14,0.414,0.92
60,5,0.34,0.707,0.716,0.373,0.93,0.413,0.404,0.627
61,5,-0.07,0.414,0.706,0.646,1.0,0.686,0.394,0.334
62,1,0.93,0.687,0.696,0.353,0.59,0.393,0.384,0.607
63,1,1.0,0.96,0.686,0.06,0.18,0.1,0.374,0.88
64,,0.99,0.95,0.676,0.05,0.17,0.09,0.364,0.87
65,,0.98,0.94,0.666,0.04,0.16,0.08,0.354,0.86
66,,0.97,0.93,0.656,0.03,0.15,0.07,0.344,0.85
67,,0.96,0.92,0.646,0.02,0.14,0.06,0.334,0.84
68,,0.95,0.91,0.636,0.01,0.13,0.05,0.324,0.83
69,,0.94,0.9,0.626,0.0,0.12,0.04,0.314,0.82
70,,0.93,0.89,0.616,-0.01,0.11,0.03,0.304,0.81
71,4,0.637,0.88,0.889,0.99,0.383,0.02,0.011,0.4
72,4,0.344,0.87,1.0,1.0,0.656,0.01,-0.282,-0.01
73,7,0.334,0.577,0.59,0.707,0.646,0.283,0.718,0.263
74,7,0.324,0.284,0.18,0.414,0.636,0.556,1.0,0.536
75,,0.314,0.274,0.17,0.404,0.626,0.546,0.99,0.526
76,,0.304,0.264,0.16,0.394,0.616,0.536,0.98,0.516
77,,0.294,0.254,0.15,0.384,0.606,0.526,0.97,0.506
78,,0.284,0.244,0.14,0.374,0.596,0.516,0.96,0.496
79,,0.274,0.234,0.13,0.364,0.586,0.506,0.95,0.486
80,,0.264,0.224,0.12,0.354,0.576,0.496,0.94,0.476
81,,0.254,0.214,0.11,0.344,0.566,0.486,0.93,0.466
82,,0.244,0.204,0.1,0.334,0.556,0.476,0.92,0.456
83,,0.234,0.194,0.09,0.324,0.546,0.466,0.91,0.446
84,,0.224,0.184,0.08,0.314,0.536,0.456,0.9,0.436
85,,0.214,0.174,0.07,0.304,0.526,0.446,0.89,0.426
86,,0.204,0.164,0.06,0.294,0.516,0.436,0.88,0.416
87,,0.194,0.154,0.05,0.284,0.506,0.426,0.87,0.406
88,,0.184,0.144,0.04,0.274,0.496,0.416,0.86,0.396
89,,0.174,0.134,0.03,0.264,0.486,0.406,0.85,0.386
90,,0.164,0.124,0.02,0.254,0.476,0.396,0.84,0.376
91,,0.154,0.114,0.01,0.244,0.466,0.386,0.83,0.366
92,,0.144,0.104,0.0,0.234,0.456,0.376,0.82,0.356
93,,0.134,0.094,-0.01,0.224,0.446,0.366,0.81,0.346
94,3,0.124,0.367,0.99,0.497,0.436,0.073,0.4,0.053
95,3,0.114,0.64,1.0,0.77,0.426,-0.22,-0.01,-0.24
96,8,0.387,0.63,0.707,0.36,0.133,-0.23,0.263,0.76
97,8,0.66,0.62,0.414,-0.05,-0.16,-0.24,0.536,1.0
98,6,0.367,0.21,0.121,-0.06,0.113,0.76,0.809,0.99
99,6,0.074,-0.2,-0.172,-0.07,0.386,1.0,1.0,0.98
100,2,0.347,0.8,0.101,-0.08,0.093,0.59,0.707,0.97
101,2,0.62,1.0,0.374,-0.09,-0.2,0.18,0.414,0.96
102,5,0.21,0.707,0.364,0.183,0.8,0.453,0.404,0.667
103,5,-0.2,0.414,0.354,0.456,1.0,0.726,0.394,0.374
104,1,0.8,0.687,0.344,0.163,0.59,0.433,0.384,0.647
105,1,1.0,0.96,0.334,-0.13,0.18,0.14,0.374,0.92
106,4,0.707,0.95,0.607,0.87,0.453,0.13,0.081,0.51
107,4,0.414,0.94,0.88,1.0,0.726,0.12,-0.212,0.1
108,7,0.404,0.647,0.47,0.707,0.716,0.393,0.788,0.373
109,7,0.394,0.354,0.06,0.414,0.706,0.666,1.0,0.646
110,,0.384,0.344,0.05,0.404,0.696,0.656,0.99,0.636
111,,0.374,0.334,0.04,0.394,0.686,0.646,0.98,0.626
112,,0.364,0.324,0.03,0.384,0.676,0.636,0.97,0.616
113,,0.354,0.314,0.02,0.374,0.666,0.626,0.96,0.606
114,,0.344,0.304,0.01,0.364,0.656,0.616,0.95,0.596
115,,0.334,0.294,0.0,0.354,0.646,0.606,0.94,0.586
116,,0.324,0.284,-0.01,0.344,0.636,0.596,0.93,0.576
117,3,0.314,0.557,0.99,0.617,0.626,0.303,0.52,0.283
118,3,0.304,0.83,1.0,0.89,0.616,0.01,0.11,-0.01
119,8,0.577,0.82,0.707,0.48,0.323,0.0,0.383,0.99
120,8,0.85,0.81,0.414,0.07,0.03,-0.01,0.656,1.0
121,6,0.557,0.4,0.121,0.06,0.303,0.99,0.929,0.99
122,6,0.264,-0.01,-0.172,0.05,0.576,1.0,1.0,0.98
123,3,0.254,0.263,0.828,0.323,0.566,0.707,0.59,0.687
124,3,0.244,0.536,1.0,0.596,0.556,0.414,0.18,0.394
125,,0.234,0.526,0.99,0.586,0.546,0.404,0.17,0.384
126,,0.224,0.516,0.98,0.576,0.536,0.394,0.16,0.374
127,,0.214,0.506,0.97,0.566,0.526,0.384,0.15,0.364
128,,0.204,0.496,0.96,0.556,0.516,0.374,0.14,0.354
129,,0.194,0.486,0.95,0.546,0.506,0.364,0.13,0.344
130,,0.184,0.476,0.94,0.536,0.496,0.354,0.12,0.334
131,,0.174,0.466,0.93,0.526,0.486,0.344,0.11,0.324
132,,0.164,0.456,0.92,0.516,0.476,0.334,0.1,0.314
133,,0.154,0.446,0.91,0.506,0.466,0.324,0.09,0.304
134,,0.144,0.436,0.9,0.496,0.456,0.314,0.08,0.294
135,,0.134,0.426,0.89,0.486,0.446,0.304,0.07,0.284
136,,0.124,0.416,0.88,0.476,0.436,0.294,0.06,0.274
137,,0.114,0.406,0.87,0.466,0.426,0.284,0.05,0.264
138,,0.104,0.396,0.86,0.456,0.416,0.274,0.04,0.254
139,,0.094,0.386,0.85,0.446,0.406,0.264,0.03,0.244
140,,0.084,0.376,0.84,0.436,0.396,0.254,0.02,0.234
141,,0.074,0.366,0.83,0.426,0.386,0.244,0.01,0.224
142,,0.064,0.356,0.82,0.416,0.376,0.234,0.0,0.214
143,,0.054,0.346,0.81,0.406,0.366,0.224,-0.01,0.204
144,7,0.044,0.053,0.4,0.113,0.356,0.497,0.99,0.477
145,7,0.034,-0.24,-0.01,-0.18,0.346,0.77,1.0,0.75
146,2,0.307,0.76,0.263,-0.19,0.053,0.36,0.707,0.74
147,2,0.58,1.0,0.536,-0.2,-0.24,-0.05,0.414,0.73
148,5,0.17,0.707,0.526,0.073,0.76,0.223,0.404,0.437
149,5,-0.24,0.414,0.516,0.346,1.0,0.496,0.394,0.144
150,1,0.76,0.687,0.506,0.053,0.59,0.203,0.384,0.417
151,1,1.0,0.96,0.496,-0.24,0.18,-0.09,0.374,0.69
152,4,0.707,0.95,0.769,0.76,0.453,-0.1,0.081,0.28
153,4,0.414,0.94,1.0,1.0,0.726,-0.11,-0.212,-0.13
154,7,0.404,0.647,0.59,0.707,0.716,0.163,0.788,0.143
155,7,0.394,0.354,0.18,0.414,0.706,0.436,1.0,0.416
156,,0.384,0.344,0.17,0.404,0.696,0.426,0.99,0.406
157,,0.374,0.334,0.16,0.394,0.686,0.416,0.98,0.396
158,,0.364,0.324,0.15,0.384,0.676,0.406,0.97,0.386
159,,0.354,0.314,0.14,0.374,0.666,0.396,0.96,0.376
160,,0.344,0.304,0.13,0.364,0.656,0.386,0.95,0.366
161,,0.334,0.294,0.12,0.354,0.646,0.376,0.94,0.356
162,,0.324,0.284,0.11,0.344,0.636,0.366,0.93,0.346
163,,0.314,0.274,0.1,0.334,0.626,0.356,0.92,0.336
164,,0.304,0.264,0.09,0.324,0.616,0.346,0.91,0.326
165,,0.294,0.254,0.08,0.314,0.606,0.336,0.9,0.316
166,,0.284,0.244,0.07,0.304,0.596,0.326,0.89,0.306
167,,0.274,0.234,0.06,0.294,0.586,0.316,0.88,0.296
168,,0.264,0.224,0.05,0.284,0.576,0.306,0.87,0.286
169,,0.254,0.214,0.04,0.274,0.566,0.296,0.86,0.276
170,,0.244,0.204,0.03,0.264,0.556,0.286,0.85,0.266
171,,0.234,0.194,0.02,0.254,0.546,0.276,0.84,0.256
172,,0.224,0.184,0.01,0.244,0.536,0.266,0.83,0.246
173,,0.214,0.174,0.0,0.234,0.526,0.256,0.82,0.236
174,,0.204,0.164,-0.01,0.224,0.516,0.246,0.81,0.226
175,3,0.194,0.437,0.99,0.497,0.506,-0.047,0.4,-0.067
176,3,0.184,0.71,1.0,0.77,0.496,-0.34,-0.01,-0.36
177,8,0.457,0.7,0.707,0.36,0.203,-0.35,0.263,0.64
178,8,0.73,0.69,0.414,-0.05,-0.09,-0.36,0.536,1.0
179,6,0.437,0.28,0.121,-0.06,0.183,0.64,0.809,0.99
180,6,0.144,-0.13,-0.172,-0.07,0.456,1.0,1.0,0.98
181,3,0.134,0.143,0.828,0.203,0.446,0.707,0.59,0.687
182,3,0.124,0.416,1.0,0.476,0.436,0.414,0.18,0.394
183,,0.114,0.406,0.99,0.466,0.426,0.404,0.17,0.384
184,,0.104,0.396,0.98,0.456,0.416,0.394,0.16,0.374
185,,0.094,0.386,0.97,0.446,0.406,0.384,0.15,0.364
186,,0.084,0.376,0.96,0.436,0.396,0.374,0.14,0.354
187,,0.074,0.366,0.95,0.426,0.386,0.364,0.13,0.344
188,,0.064,0.356,0.94,0.416,0.376,0.354,0.12,0.334
189,,0.054,0.346,0.93,0.406,0.366,0.344,0.11,0.324
190,,0.044,0.336,0.92,0.396,0.356,0.334,0.1,0.314
191,,0.034,0.326,0.91,0.386,0.346,0.324,0.09,0.304
192,,0.024,0.316,0.9,0.376,0.336,0.314,0.08,0.294
193,,0.014,0.306,0.89,0.366,0.326,0.304,0.07,0.284
194,,0.004,0.296,0.88,0.356,0.316,0.294,0.06,0.274
195,,-0.006,0.286,0.87,0.346,0.306,0.284,0.05,0.264
196,1,0.994,0.559,0.86,0.053,-0.104,-0.009,0.04,0.537
197,1,1.0,0.832,0.85,-0.24,-0.514,-0.302,0.03,0.81
198,5,0.59,0.539,0.84,0.033,0.486,-0.029,0.02,0.517
199,5,0.18,0.246,0.83,0.306,1.0,0.244,0.01,0.224
200,,0.17,0.236,0.82,0.296,0.99,0.234,0.0,0.214
201,,0.16,0.226,0.81,0.286,0.98,0.224,-0.01,0.204
202,7,0.15,-0.067,0.4,-0.007,0.97,0.497,0.99,0.477
203,7,0.14,-0.36,-0.01,-0.3,0.96,0.77,1.0,0.75
204,2,0.413,0.64,0.263,-0.31,0.667,0.36,0.707,0.74
205,2,0.686,1.0,0.536,-0.32,0.374,-0.05,0.414,0.73
206,4,0.393,0.99,0.809,0.68,0.647,-0.06,0.121,0.32
207,4,0.1,0.98,1.0,1.0,0.92,-0.07,-0.172,-0.09
208,7,0.09,0.687,0.59,0.707,0.91,0.203,0.828,0.183
209,7,0.08,0.394,0.18,0.414,0.9,0.476,1.0,0.456
210,,0.07,0.384,0.17,0.404,0.89,0.466,0.99,0.446
211,,0.06,0.374,0.16,0.394,0.88,0.456,0.98,0.436
212,,0.05,0.364,0.15,0.384,0.87,0.446,0.97,0.426
213,,0.04,0.354,0.14,0.374,0.86,0.436,0.96,0.416
214,,0.03,0.344,0.13,0.364,0.85,0.426,0.95,0.406
215,,0.02,0.334,0.12,0.354,0.84,0.416,0.94,0.396
216,,0.01,0.324,0.11,0.344,0.83,0.406,0.93,0.386
217,,0.0,0.314,0.1,0.334,0.82,0.396,0.92,0.376
218,,-0.01,0.304,0.09,0.324,0.81,0.386,0.91,0.366
219,1,0.99,0.577,0.08,0.031,0.4,0.093,0.9,0.639
220,1,1.0,0.85,0.07,-0.262,-0.01,-0.2,0.89,0.912
221,4,0.707,0.84,0.343,0.738,0.263,-0.21,0.597,0.502
222,4,0.414,0.83,0.616,1.0,0.536,-0.22,0.304,0.092
223,6,0.121,0.42,0.323,0.99,0.809,0.78,0.577,0.082
224,6,-0.172,0.01,0.03,0.98,1.0,1.0,0.85,0.072
225,1,0.828,0.283,0.02,0.687,0.59,0.707,0.84,0.345
226,1,1.0,0.556,0.01,0.394,0.18,0.414,0.83,0.618
227,,0.99,0.546,0.0,0.384,0.17,0.404,0.82,0.608
228,,0.98,0.536,-0.01,0.374,0.16,0.394,0.81,0.598
229,3,0.97,0.809,0.99,0.647,0.15,0.101,0.4,0.305
230,3,0.96,1.0,1.0,0.92,0.14,-0.192,-0.01,0.012
231,6,0.667,0.59,0.707,0.91,0.413,0.808,0.263,0.002
232,6,0.374,0.18,0.414,0.9,0.686,1.0,0.536,-0.008
233,8,0.647,0.17,0.121,0.49,0.393,0.99,0.809,0.992
234,8,0.92,0.16,-0.172,0.08,0.1,0.98,1.0,1.0
235,3,0.91,0.433,0.828,0.353,0.09,0.687,0.59,0.707
236,3,0.9,0.706,1.0,0.626,0.08,0.394,0.18,0.414
237,,0.89,0.696,0.99,0.616,0.07,0.384,0.17,0.404
238,,0.88,0.686,0.98,0.606,0.06,0.374,0.16,0.394
239,,0.87,0.676,0.97,0.596,0.05,0.364,0.15,0.384
240,,0.86,0.666,0.96,0.586,0.04,0.354,0.14,0.374
241,,0.85,0.656,0.95,0.576,0.03,0.344,0.13,0.364
242,,0.84,0.646,0.94,0.566,0.02,0.334,0.12,0.354
243,,0.83,0.636,0.93,0.556,0.01,0.324,0.11,0.344
244,,0.82,0.626,0.92,0.546,0.0,0.314,0.1,0.334
245,,0.81,0.616,0.91,0.536,-0.01,0.304,0.09,0.324
246,5,0.4,0.323,0.9,0.809,0.99,0.577,0.08,0.031
247,5,-0.01,0.03,0.89,1.0,1.0,0.85,0.07,-0.262
248,8,0.263,0.02,0.597,0.59,0.707,0.84,0.343,0.738
249,8,0.536,0.01,0.304,0.18,0.414,0.83,0.616,1.0
250,,0.526,0.0,0.294,0.17,0.404,0.82,0.606,0.99
251,,0.516,-0.01,0.284,0.16,0.394,0.81,0.596,0.98
252,2,0.789,0.99,0.557,0.15,0.101,0.4,0.303,0.97
253,2,1.0,1.0,0.83,0.14,-0.192,-0.01,0.01,0.96
254,5,0.59,0.707,0.82,0.413,0.808,0.263,0.0,0.667
255,5,0.18,0.414,0.81,0.686,1.0,0.536,-0.01,0.374
256,7,0.17,0.121,0.4,0.393,0.99,0.809,0.99,0.647
257,7,0.16,-0.172,-0.01,0.1,0.98,1.0,1.0,0.92
258,2,0.433,0.828,0.263,0.09,0.687,0.59,0.707,0.91
259,2,0.706,1.0,0.536,0.08,0.394,0.18,0.414,0.9
260,,0.696,0.99,0.526,0.07,0.384,0.17,0.404,0.89
261,,0.686,0.98,0.516,0.06,0.374,0.16,0.394,0.88
262,,0.676,0.97,0.506,0.05,0.364,0.15,0.384,0.87
263,,0.666,0.96,0.496,0.04,0.354,0.14,0.374,0.86
264,,0.656,0.95,0.486,0.03,0.344,0.13,0.364,0.85
265,,0.646,0.94,0.476,0.02,0.334,0.12,0.354,0.84
266,,0.636,0.93,0.466,0.01,0.324,0.11,0.344,0.83
267,,0.626,0.92,0.456,0.0,0.314,0.1,0.334,0.82
268,,0.616,0.91,0.446,-0.01,0.304,0.09,0.324,0.81
269,4,0.323,0.9,0.719,0.99,0.577,0.08,0.031,0.4
270,4,0.03,0.89,0.992,1.0,0.85,0.07,-0.262,-0.01
271,7,0.02,0.597,0.582,0.707,0.84,0.343,0.738,0.263
272,7,0.01,0.304,0.172,0.414,0.83,0.616,1.0,0.536
273,,0.0,0.294,0.162,0.404,0.82,0.606,0.99,0.526
274,,-0.01,0.284,0.152,0.394,0.81,0.596,0.98,0.516
275,1,0.99,0.557,0.142,0.101,0.4,0.303,0.97,0.789
276,1,1.0,0.83,0.132,-0.192,-0.01,0.01,0.96,1.0
277,4,0.707,0.82,0.405,0.808,0.263,0.0,0.667,0.59
278,4,0.414,0.81,0.678,1.0,0.536,-0.01,0.374,0.18
279,6,0.121,0.4,0.385,0.99,0.809,0.99,0.647,0.17
280,6,-0.172,-0.01,0.092,0.98,1.0,1.0,0.92,0.16
281,1,0.828,0.263,0.082,0.687,0.59,0.707,0.91,0.433
282,1,1.0,0.536,0.072,0.394,0.18,0.414,0.9,0.706
283,,0.99,0.526,0.062,0.384,0.17,0.404,0.89,0.696
284,,0.98,0.516,0.052,0.374,0.16,0.394,0.88,0.686
285,,0.97,0.506,0.042,0.364,0.15,0.384,0.87,0.676
286,,0.96,0.496,0.032,0.354,0.14,0.374,0.86,0.666
287,,0.95,0.486,0.022,0.344,0.13,0.364,0.85,0.656
288,,0.94,0.476,0.012,0.334,0.12,0.354,0.84,0.646
289,,0.93,0.466,0.002,0.324,0.11,0.344,0.83,0.636
290,,0.92,0.456,-0.008,0.314,0.1,0.334,0.82,0.626
291,3,0.91,0.729,0.992,0.587,0.09,0.041,0.41,0.333
292,3,0.9,1.0,1.0,0.86,0.08,-0.252,-0.0,0.04
293,6,0.607,0.59,0.707,0.85,0.353,0.748,0.273,0.03
294,6,0.314,0.18,0.414,0.84,0.626,1.0,0.546,0.02
295,,0.304,0.17,0.404,0.83,0.616,0.99,0.536,0.01
296,,0.294,0.16,0.394,0.82,0.606,0.98,0.526,0.0
297,,0.284,0.15,0.384,0.81,0.596,0.97,0.516,-0.01
298,8,0.557,0.14,0.091,0.4,0.303,0.96,0.789,0.99
299,8,0.83,0.13,-0.202,-0.01,0.01,0.95,1.0,1.0
300,3,0.82,0.403,0.798,0.263,0.0,0.657,0.59,0.707
301,3,0.81,0.676,1.0,0.536,-0.01,0.364,0.18,0.414
302,5,0.4,0.383,0.99,0.809,0.99,0.637,0.17,0.121
303,5,-0.01,0.09,0.98,1.0,1.0,0.91,0.16,-0.172
304,8,0.263,0.08,0.687,0.59,0.707,0.9,0.433,0.828
305,8,0.536,0.07,0.394,0.18,0.414,0.89,0.706,1.0
306,,0.526,0.06,0.384,0.17,0.404,0.88,0.696,0.99
307,,0.516,0.05,0.374,0.16,0.394,0.87,0.686,0.98
308,,0.506,0.04,0.364,0.15,0.384,0.86,0.676,0.97
309,,0.496,0.03,0.354,0.14,0.374,0.85,0.666,0.96
310,,0.486,0.02,0.344,0.13,0.364,0.84,0.656,0.95
311,,0.476,0.01,0.334,0.12,0.354,0.83,0.646,0.94
312,,0.466,0.0,0.324,0.11,0.344,0.82,0.636,0.93
313,,0.456,-0.01,0.314,0.1,0.334,0.81,0.626,0.92
314,2,0.729,0.99,0.587,0.09,0.041,0.4,0.333,0.91
315,2,1.0,1.0,0.86,0.08,-0.252,-0.01,0.04,0.9
316,5,0.59,0.707,0.85,0.353,0.748,0.263,0.03,0.607
317,5,0.18,0.414,0.84,0.626,1.0,0.536,0.02,0.314
318,,0.17,0.404,0.83,0.616,0.99,0.526,0.01,0.304
319,,0.16,0.394,0.82,0.606,0.98,0.516,0.0,0.294
320,,0.15,0.384,0.81,0.596,0.97,0.506,-0.01,0.284
321,7,0.14,0.091,0.4,0.303,0.96,0.779,0.99,0.557
322,7,0.13,-0.202,-0.01,0.01,0.95,1.0,1.0,0.83
323,2,0.403,0.798,0.263,0.0,0.657,0.59,0.707,0.82
324,2,0.676,1.0,0.536,-0.01,0.364,0.18,0.414,0.81
325,4,0.383,0.99,0.809,0.99,0.637,0.17,0.121,0.4
326,4,0.09,0.98,1.0,1.0,0.91,0.16,-0.172,-0.01
327,7,0.08,0.687,0.59,0.707,0.9,0.433,0.828,0.263
328,7,0.07,0.394,0.18,0.414,0.89,0.706,1.0,0.536
329,,0.06,0.384,0.17,0.404,0.88,0.696,0.99,0.526
330,,0.05,0.374,0.16,0.394,0.87,0.686,0.98,0.516
331,,0.04,0.364,0.15,0.384,0.86,0.676,0.97,0.506
332,,0.03,0.354,0.14,0.374,0.85,0.666,0.96,0.496
333,,0.02,0.344,0.13,0.364,0.84,0.656,0.95,0.486
334,,0.01,0.334,0.12,0.354,0.83,0.646,0.94,0.476
335,,0.0,0.324,0.11,0.344,0.82,0.636,0.93,0.466
336,,-0.01,0.314,0.1,0.334,0.81,0.626,0.92,0.456
337,1,0.99,0.587,0.09,0.041,0.4,0.333,0.91,0.729
338,1,1.0,0.86,0.08,-0.252,-0.01,0.04,0.9,1.0
339,4,0.707,0.85,0.353,0.748,0.263,0.03,0.607,0.59
340,4,0.414,0.84,0.626,1.0,0.536,0.02,0.314,0.18
341,,0.404,0.83,0.616,0.99,0.526,0.01,0.304,0.17
342,,0.394,0.82,0.606,0.98,0.516,0.0,0.294,0.16
343,,0.384,0.81,0.596,0.97,0.506,-0.01,0.284,0.15
344,6,0.091,0.4,0.303,0.96,0.779,0.99,0.557,0.14
345,6,-0.202,-0.01,0.01,0.95,1.0,1.0,0.83,0.13
346,1,0.798,0.263,0.0,0.657,0.59,0.707,0.82,0.403
347,1,1.0,0.536,-0.01,0.364,0.18,0.414,0.81,0.676
348,3,0.99,0.809,0.99,0.637,0.17,0.121,0.4,0.383
349,3,0.98,1.0,1.0,0.91,0.16,-0.172,-0.01,0.09
350,6,0.687,0.59,0.707,0.9,0.433,0.828,0.263,0.08
351,6,0.394,0.18,0.414,0.89,0.706,1.0,0.536,0.07
352,,0.384,0.17,0.404,0.88,0.696,0.99,0.526,0.06
353,,0.374,0.16,0.394,0.87,0.686,0.98,0.516,0.05
354,,0.364,0.15,0.384,0.86,0.676,0.97,0.506,0.04
355,,0.354,0.14,0.374,0.85,0.666,0.96,0.496,0.03
356,,0.344,0.13,0.364,0.84,0.656,0.95,0.486,0.02
357,,0.334,0.12,0.354,0.83,0.646,0.94,0.476,0.01
358,,0.324,0.11,0.344,0.82,0.636,0.93,0.466,0.0
359,,0.314,0.1,0.334,0.81,0.626,0.92,0.456,-0.01
360,8,0.587,0.09,0.041,0.4,0.333,0.91,0.729,0.99
361,8,0.86,0.08,-0.252,-0.01,0.04,0.9,1.0,1.0
362,3,0.85,0.353,0.748,0.263,0.03,0.607,0.59,0.707
363,3,0.84,0.626,1.0,0.536,0.02,0.314,0.18,0.414
364,,0.83,0.616,0.99,0.526,0.01,0.304,0.17,0.404
365,,0.82,0.606,0.98,0.516,0.0,0.294,0.16,0.394
366,,0.81,0.596,0.97,0.506,-0.01,0.284,0.15,0.384
367,5,0.4,0.303,0.96,0.779,0.99,0.557,0.14,0.091
368,5,-0.01,0.01,0.95,1.0,1.0,0.83,0.13,-0.202
369,8,0.263,0.0,0.657,0.59,0.707,0.82,0.403,0.798
370,8,0.536,-0.01,0.364,0.18,0.414,0.81,0.676,1.0
371,2,0.809,0.99,0.637,0.17,0.121,0.4,0.383,0.99
372,2,1.0,1.0,0.91,0.16,-0.172,-0.01,0.09,0.98
373,5,0.59,0.707,0.9,0.433,0.828,0.263,0.08,0.687
374,5,0.18,0.414,0.89,0.706,1.0,0.536,0.07,0.394
375,,0.17,0.404,0.88,0.696,0.99,0.526,0.06,0.384
376,,0.16,0.394,0.87,0.686,0.98,0.516,0.05,0.374
377,,0.15,0.384,0.86,0.676,0.97,0.506,0.04,0.364
378,,0.14,0.374,0.85,0.666,0.96,0.496,0.03,0.354
379,,0.13,0.364,0.84,0.656,0.95,0.486,0.02,0.344
380,,0.12,0.354,0.83,0.646,0.94,0.476,0.01,0.334
381,,0.11,0.344,0.82,0.636,0.93,0.466,0.0,0.324
382,,0.1,0.334,0.81,0.626,0.92,0.456,-0.01,0.314
383,7,0.09,0.041,0.4,0.333,0.91,0.729,0.99,0.587
384,7,0.08,-0.252,-0.01,0.04,0.9,1.0,1.0,0.86
385,2,0.353,0.748,0.263,0.03,0.607,0.59,0.707,0.85
386,2,0.626,1.0,0.536,0.02,0.314,0.18,0.414,0.84
387,,0.616,0.99,0.526,0.01,0.304,0.17,0.404,0.83
388,,0.606,0.98,0.516,0.0,0.294,0.16,0.394,0.82
389,,0.596,0.97,0.506,-0.01,0.284,0.15,0.384,0.81
390,4,0.303,0.96,0.779,0.99,0.557,0.14,0.091,0.4
391,4,0.01,0.95,1.0,1.0,0.83,0.13,-0.202,-0.01
392,7,0.0,0.657,0.59,0.707,0.82,0.403,0.798,0.263
393,7,-0.01,0.364,0.18,0.414,0.81,0.676,1.0,0.536
394,1,0.99,0.637,0.17,0.121,0.4,0.383,0.99,0.809
395,1,1.0,0.91,0.16,-0.172,-0.01,0.09,0.98,1.0
396,4,0.707,0.9,0.433,0.828,0.263,0.08,0.687,0.59
397,4,0.414,0.89,0.706,1.0,0.536,0.07,0.394,0.18
398,,0.404,0.88,0.696,0.99,0.526,0.06,0.384,0.17
399,,0.394,0.87,0.686,0.98,0.516,0.05,0.374,0.16
400,,0.384,0.86,0.676,0.97,0.506,0.04,0.364,0.15
401,,0.374,0.85,0.666,0.96,0.496,0.03,0.354,0.14
402,,0.364,0.84,0.656,0.95,0.486,0.02,0.344,0.13
403,,0.354,0.83,0.646,0.94,0.476,0.01,0.334,0.12
404,,0.344,0.82,0.636,0.93,0.466,0.0,0.324,0.11
405,,0.334,0.81,0.626,0.92,0.456,-0.01,0.314,0.1
406,6,0.041,0.4,0.333,0.91,0.729,0.99,0.587,0.09
407,6,-0.252,-0.01,0.04,0.9,1.0,1.0,0.86,0.08
408,1,0.748,0.263,0.03,0.607,0.59,0.707,0.85,0.353
409,1,1.0,0.536,0.02,0.314,0.18,0.414,0.84,0.626
410,,0.99,0.526,0.01,0.304,0.17,0.404,0.83,0.616
411,,0.98,0.516,0.0,0.294,0.16,0.394,0.82,0.606
412,,0.97,0.506,-0.01,0.284,0.15,0.384,0.81,0.596
413,3,0.96,0.779,0.99,0.557,0.14,0.091,0.4,0.303
414,3,0.95,1.0,1.0,0.83,0.13,-0.202,-0.01,0.01
415,6,0.657,0.59,0.707,0.82,0.403,0.798,0.263,0.0
416,6,0.364,0.18,0.414,0.81,0.676,1.0,0.536,-0.01
417,8,0.637,0.17,0.121,0.4,0.383,0.99,0.809,0.99
418,8,0.91,0.16,-0.172,-0.01,0.09,0.98,1.0,1.0
419,3,0.9,0.433,0.828,0.263,0.08,0.687,0.59,0.707
420,3,0.89,0.706,1.0,0.536,0.07,0.394,0.18,0.414
421,,0.88,0.696,0.99,0.526,0.06,0.384,0.17,0.404
422,,0.87,0.686,0.98,0.516,0.05,0.374,0.16,0.394
423,,0.86,0.676,0.97,0.506,0.04,0.364,0.15,0.384
424,,0.85,0.666,0.96,0.496,0.03,0.354,0.14,0.374
425,,0.84,0.656,0.95,0.486,0.02,0.344,0.13,0.364
426,,0.83,0.646,0.94,0.476,0.01,0.334,0.12,0.354
427,,0.82,0.636,0.93,0.466,0.0,0.324,0.11,0.344
428,,0.81,0.626,0.92,0.456,-0.01,0.314,0.1,0.334
429,5,0.4,0.333,0.91,0.729,0.99,0.587,0.09,0.041
430,5,-0.01,0.04,0.9,1.0,1.0,0.86,0.08,-0.252
431,8,0.263,0.03,0.607,0.59,0.707,0.85,0.353,0.748
432,8,0.536,0.02,0.314,0.18,0.414,0.84,0.626,1.0
433,,0.526,0.01,0.304,0.17,0.404,0.83,0.616,0.99
434,,0.516,0.0,0.294,0.16,0.394,0.82,0.606,0.98
435,,0.506,-0.01,0.284,0.15,0.384,0.81,0.596,0.97
436,2,0.779,0.99,0.557,0.14,0.091,0.4,0.303,0.96
437,2,1.0,1.0,0.83,0.13,-0.202,-0.01,0.01,0.95
438,5,0.59,0.707,0.82,0.403,0.798,0.263,0.0,0.657
439,5,0.18,0.414,0.81,0.676,1.0,0.536,-0.01,0.364
440,7,0.17,0.121,0.4,0.383,0.99,0.809,0.99,0.637
441,7,0.16,-0.172,-0.01,0.09,0.98,1.0,1.0,0.91
442,2,0.433,0.828,0.263,0.08,0.687,0.59,0.707,0.9
443,2,0.706,1.0,0.536,0.07,0.394,0.18,0.414,0.89
444,,0.696,0.99,0.526,0.06,0.384,0.17,0.404,0.88
445,,0.686,0.98,0.516,0.05,0.374,0.16,0.394,0.87
446,,0.676,0.97,0.506,0.04,0.364,0.15,0.384,0.86
447,,0.666,0.96,0.496,0.03,0.354,0.14,0.374,0.85
448,,0.656,0.95,0.486,0.02,0.344,0.13,0.364,0.84
449,,0.646,0.94,0.476,0.01,0.334,0.12,0.354,0.83
450,,0.636,0.93,0.466,0.0,0.324,0.11,0.344,0.82
451,,0.626,0.92,0.456,-0.01,0.314,0.1,0.334,0.81
452,4,0.333,0.91,0.729,0.99,0.587,0.09,0.041,0.4
453,4,0.04,0.9,1.0,1.0,0.86,0.08,-0.252,-0.01
454,7,0.03,0.607,0.59,0.707,0.85,0.353,0.748,0.263
455,7,0.02,0.314,0.18,0.414,0.84,0.626,1.0,0.536
456,,0.01,0.304,0.17,0.404,0.83,0.616,0.99,0.526
457,,0.0,0.294,0.16,0.394,0.82,0.606,0.98,0.516
458,,-0.01,0.284,0.15,0.384,0.81,0.596,0.97,0.506
459,1,0.99,0.557,0.14,0.091,0.4,0.303,0.96,0.779
460,1,1.0,0.83,0.13,-0.202,-0.01,0.01,0.95,1.0
461,4,0.707,0.82,0.403,0.798,0.263,0.0,0.657,0.59
462,4,0.414,0.81,0.676,1.0,0.536,-0.01,0.364,0.18
463,6,0.121,0.4,0.383,0.99,0.809,0.99,0.637,0.17
464,6,-0.172,-0.01,0.09,0.98,1.0,1.0,0.91,0.16
465,1,0.828,0.263,0.08,0.687,0.59,0.707,0.9,0.433
466,1,1.0,0.536,0.07,0.394,0.18,0.414,0.89,0.706
467,,0.99,0.526,0.06,0.384,0.17,0.404,0.88,0.696
468,,0.98,0.516,0.05,0.374,0.16,0.394,0.87,0.686
469,,0.97,0.506,0.04,0.364,0.15,0.384,0.86,0.676
470,,0.96,0.496,0.03,0.354,0.14,0.374,0.85,0.666
471,,0.95,0.486,0.02,0.344,0.13,0.364,0.84,0.656
472,,0.94,0.476,0.01,0.334,0.12,0.354,0.83,0.646
473,,0.93,0.466,0.0,0.324,0.11,0.344,0.82,0.636
474,,0.92,0.456,-0.01,0.314,0.1,0.334,0.81,0.626
475,3,0.91,0.729,0.99,0.587,0.09,0.041,0.4,0.333
476,3,0.9,1.0,1.0,0.86,0.08,-0.252,-0.01,0.04
477,6,0.607,0.59,0.707,0.85,0.353,0.748,0.263,0.03
478,6,0.314,0.18,0.414,0.84,0.626,1.0,0.536,0.02
479,,0.304,0.17,0.404,0.83,0.616,0.99,0.526,0.01
480,,0.294,0.16,0.394,0.82,0.606,0.98,0.516,0.0
481,,0.284,0.15,0.384,0.81,0.596,0.97,0.506,-0.01
482,8,0.557,0.14,0.091,0.4,0.303,0.96,0.779,0.99
483,8,0.83,0.13,-0.202,-0.01,0.01,0.95,1.0,1.0
484,3,0.82,0.403,0.798,0.263,0.0,0.657,0.59,0.707
485,3,0.81,0.676,1.0,0.536,-0.01,0.364,0.18,0.414
486,5,0.4,0.383,0.99,0.809,0.99,0.637,0.17,0.121
487,5,-0.01,0.09,0.98,1.0,1.0,0.91,0.16,-0.172
488,8,0.263,0.08,0.687,0.59,0.707,0.9,0.433,0.828
489,8,0.536,0.07,0.394,0.18,0.414,0.89,0.706,1.0
490,,0.526,0.06,0.384,0.17,0.404,0.88,0.696,0.99
491,,0.516,0.05,0.374,0.16,0.394,0.87,0.686,0.98
492,,0.506,0.04,0.364,0.15,0.384,0.86,0.676,0.97
493,,0.496,0.03,0.354,0.14,0.374,0.85,0.666,0.96
494,,0.486,0.02,0.344,0.13,0.364,0.84,0.656,0.95
495,,0.476,0.01,0.334,0.12,0.354,0.83,0.646,0.94
496,,0.466,0.0,0.324,0.11,0.344,0.82,0.636,0.93
497,,0.456,-0.01,0.314,0.1,0.334,0.81,0.626,0.92
498,2,0.729,0.99,0.587,0.09,0.041,0.4,0.333,0.91
499,2,1.0,1.0,0.86,0.08,-0.252,-0.01,0.04,0.9
500,5,0.59,0.707,0.85,0.353,0.748,0.263,0.03,0.607
501,5,0.18,0.414,0.84,0.626,1.0,0.536,0.02,0.314
502,,0.17,0.404,0.83,0.616,0.99,0.526,0.01,0.304
503,,0.16,0.394,0.82,0.606,0.98,0.516,0.0,0.294
504,,0.15,0.384,0.81,0.596,0.97,0.506,-0.01,0.284
505,7,0.14,0.091,0.4,0.303,0.96,0.779,0.99,0.557
506,7,0.13,-0.202,-0.01,0.01,0.95,1.0,1.0,0.83
507,2,0.403,0.798,0.263,0.0,0.657,0.59,0.707,0.82
508,2,0.676,1.0,0.536,-0.01,0.364,0.18,0.414,0.81
509,4,0.383,0.99,0.809,0.99,0.637,0.17,0.121,0.4
510,4,0.09,0.98,1.0,1.0,0.91,0.16,-0.172,-0.01
511,7,0.08,0.687,0.59,0.707,0.9,0.433,0.828,0.263
512,7,0.07,0.394,0.18,0.414,0.89,0.706,1.0,0.536
513,,0.06,0.384,0.17,0.404,0.88,0.696,0.99,0.526
514,,0.05,0.374,0.16,0.394,0.87,0.686,0.98,0.516
515,,0.04,0.364,0.15,0.384,0.86,0.676,0.97,0.506
516,,0.03,0.354,0.14,0.374,0.85,0.666,0.96,0.496
517,,0.02,0.344,0.13,0.364,0.84,0.656,0.95,0.486
518,,0.01,0.334,0.12,0.354,0.83,0.646,0.94,0.476
519,,0.0,0.324,0.11,0.344,0.82,0.636,0.93,0.466
520,,-0.01,0.314,0.1,0.334,0.81,0.626,0.92,0.456
521,1,0.99,0.587,0.09,0.041,0.4,0.333,0.91,0.729
522,1,1.0,0.86,0.08,-0.252,-0.01,0.04,0.9,1.0
523,4,0.707,0.85,0.353,0.748,0.263,0.03,0.607,0.59
524,4,0.414,0.84,0.626,1.0,0.536,0.02,0.314,0.18
525,,0.404,0.83,0.616,0.99,0.526,0.01,0.304,0.17
526,,0.394,0.82,0.606,0.98,0.516,0.0,0.294,0.16
527,,0.384,0.81,0.596,0.97,0.506,-0.01,0.284,0.15
528,6,0.091,0.4,0.303,0.96,0.779,0.99,0.557,0.14
529,6,-0.202,-0.01,0.01,0.95,1.0,1.0,0.83,0.13
530,1,0.798,0.263,0.0,0.657,0.59,0.707,0.82,0.403
531,1,1.0,0.536,-0.01,0.364,0.18,0.414,0.81,0.676
532,3,0.99,0.809,0.99,0.637,0.17,0.121,0.4,0.383
533,3,0.98,1.0,1.0,0.91,0.16,-0.172,-0.01,0.09
534,6,0.687,0.59,0.707,0.9,0.433,0.828,0.263,0.08
535,6,0.394,0.18,0.414,0.89,0.706,1.0,0.536,0.07
536,,0.384,0.17,0.404,0.88,0.696,0.99,0.526,0.06
537,,0.374,0.16,0.394,0.87,0.686,0.98,0.516,0.05
538,,0.364,0.15,0.384,0.86,0.676,0.97,0.506,0.04
539,,0.354,0.14,0.374,0.85,0.666,0.96,0.496,0.03
540,,0.344,0.13,0.364,0.84,0.656,0.95,0.486,0.02
541,,0.334,0.12,0.354,0.83,0.646,0.94,0.476,0.01
542,,0.324,0.11,0.344,0.82,0.636,0.93,0.466,0.0
543,,0.314,0.1,0.334,0.81,0.626,0.92,0.456,-0.01
544,8,0.587,0.09,0.041,0.4,0.333,0.91,0.729,0.99
545,8,0.86,0.08,-0.252,-0.01,0.04,0.9,1.0,1.0
546,3,0.85,0.353,0.748,0.263,0.03,0.607,0.59,0.707
547,3,0.84,0.626,1.0,0.536,0.02,0.314,0.18,0.414
548,,0.83,0.616,0.99,0.526,0.01,0.304,0.17,0.404
549,,0.82,0.606,0.98,0.516,0.0,0.294,0.16,0.394
550,,0.81,0.596,0.97,0.506,-0.01,0.284,0.15,0.384
551,5,0.4,0.303,0.96,0.779,0.99,0.557,0.14,0.091
552,5,-0.01,0.01,0.95,1.0,1.0,0.83,0.13,-0.202
553,8,0.263,0.0,0.657,0.59,0.707,0.82,0.403,0.798
554,8,0.536,-0.01,0.364,0.18,0.414,0.81,0.676,1.0
555,2,0.809,0.99,0.637,0.17,0.121,0.4,0.383,0.99
556,2,1.0,1.0,0.91,0.16,-0.172,-0.01,0.09,0.98
557,5,0.59,0.707,0.9,0.433,0.828,0.263,0.08,0.687
558,5,0.18,0.414,0.89,0.706,1.0,0.536,0.07,0.394
559,,0.17,0.404,0.88,0.696,0.99,0.526,0.06,0.384
560,,0.16,0.394,0.87,0.686,0.98,0.516,0.05,0.374
561,,0.15,0.384,0.86,0.676,0.97,0.506,0.04,0.364
562,,0.14,0.374,0.85,0.666,0.96,0.496,0.03,0.354
563,,0.13,0.364,0.84,0.656,0.95,0.486,0.02,0.344
564,,0.12,0.354,0.83,0.646,0.94,0.476,0.01,0.334
565,,0.11,0.344,0.82,0.636,0.93,0.466,0.0,0.324
566,,0.1,0.334,0.81,0.626,0.92,0.456,-0.01,0.314
567,7,0.09,0.041,0.4,0.333,0.91,0.729,0.99,0.587
568,7,0.08,-0.252,-0.01,0.04,0.9,1.0,1.0,0.86
569,2,0.353,0.748,0.263,0.03,0.607,0.59,0.707,0.85
570,2,0.626,1.0,0.536,0.02,0.314,0.18,0.414,0.84
571,,0.616,0.99,0.526,0.01,0.304,0.17,0.404,0.83
572,,0.606,0.98,0.516,0.0,0.294,0.16,0.394,0.82
573,,0.596,0.97,0.506,-0.01,0.284,0.15,0.384,0.81
574,4,0.303,0.96,0.779,0.99,0.557,0.14,0.091,0.4
575,4,0.01,0.95,1.0,1.0,0.83,0.13,-0.202,-0.01
576,7,0.0,0.657,0.59,0.707,0.82,0.403,0.798,0.263
577,7,-0.01,0.364,0.18,0.414,0.81,0.676,1.0,0.536
578,1,0.99,0.637,0.17,0.121,0.4,0.383,0.99,0.809
579,1,1.0,0.91,0.16,-0.172,-0.01,0.09,0.98,1.0
580,4,0.707,0.9,0.433,0.828,0.263,0.08,0.687,0.59
581,4,0.414,0.89,0.706,1.0,0.536,0.07,0.394,0.18
582,,0.404,0.88,0.696,0.99,0.526,0.06,0.384,0.17
583,,0.394,0.87,0.686,0.98,0.516,0.05,0.374,0.16
584,,0.384,0.86,0.676,0.97,0.506,0.04,0.364,0.15
585,,0.374,0.85,0.666,0.96,0.496,0.03,0.354,0.14
586,,0.364,0.84,0.656,0.95,0.486,0.02,0.344,0.13
587,,0.354,0.83,0.646,0.94,0.476,0.01,0.334,0.12
588,,0.344,0.82,0.636,0.93,0.466,0.0,0.324,0.11
589,,0.334,0.81,0.626,0.92,0.456,-0.01,0.314,0.1
590,6,0.041,0.4,0.333,0.91,0.729,0.99,0.587,0.09
591,6,-0.252,-0.01,0.04,0.9,1.0,1.0,0.86,0.08
592,1,0.748,0.263,0.03,0.607,0.59,0.707,0.85,0.353
593,1,1.0,0.536,0.02,0.314,0.18,0.414,0.84,0.626
594,,0.99,0.526,0.01,0.304,0.17,0.404,0.83,0.616
595,,0.98,0.516,0.0,0.294,0.16,0.394,0.82,0.606
596,,0.97,0.506,-0.01,0.284,0.15,0.384,0.81,0.596
597,3,0.96,0.779,0.99,0.557,0.14,0.091,0.4,0.303
598,3,0.95,1.0,1.0,0.83,0.13,-0.202,-0.01,0.01
599,6,0.657,0.59,0.707,0.82,0.403,0.798,0.263,0.0
600,6,0.364,0.18,0.414,0.81,0.676,1.0,0.536,-0.01
601,8,0.637,0.17,0.121,0.4,0.383,0.99,0.809,0.99
602,8,0.91,0.16,-0.172,-0.01,0.09,0.98,1.0,1.0
603,3,0.9,0.433,0.828,0.263,0.08,0.687,0.59,0.707
604,3,0.89,0.706,1.0,0.536,0.07,0.394,0.18,0.414
605,,0.88,0.696,0.99,0.526,0.06,0.384,0.17,0.404
606,,0.87,0.686,0.98,0.516,0.05,0.374,0.16,0.394
607,,0.86,0.676,0.97,0.506,0.04,0.364,0.15,0.384
608,,0.85,0.666,0.96,0.496,0.03,0.354,0.14,0.374
609,,0.84,0.656,0.95,0.486,0.02,0.344,0.13,0.364
610,,0.83,0.646,0.94,0.476,0.01,0.334,0.12,0.354
611,,0.82,0.636,0.93,0.466,0.0,0.324,0.11,0.344
612,,0.81,0.626,0.92,0.456,-0.01,0.314,0.1,0.334
613,5,0.4,0.333,0.91,0.729,0.99,0.587,0.09,0.041
614,5,-0.01,0.04,0.9,1.0,1.0,0.86,0.08,-0.252
615,8,0.263,0.03,0.607,0.59,0.707,0.85,0.353,0.748
616,8,0.536,0.02,0.314,0.18,0.414,0.84,0.626,1.0
617,,0.526,0.01,0.304,0.17,0.404,0.83,0.616,0.99
618,,0.516,0.0,0.294,0.16,0.394,0.82,0.606,0.98
619,,0.506,-0.01,0.284,0.15,0.384,0.81,0.596,0.97
620,2,0.779,0.99,0.557,0.14,0.091,0.4,0.303,0.96
621,2,1.0,1.0,0.83,0.13,-0.202,-0.01,0.01,0.95
622,5,0.59,0.707,0.82,0.403,0.798,0.263,0.0,0.657
623,5,0.18,0.414,0.81,0.676,1.0,0.536,-0.01,0.364
624,7,0.17,0.121,0.4,0.383,0.99,0.809,0.99,0.637
625,7,0.16,-0.172,-0.01,0.09,0.98,1.0,1.0,0.91
626,2,0.433,0.828,0.263,0.08,0.687,0.59,0.707,0.9
627,2,0.706,1.0,0.536,0.07,0.394,0.18,0.414,0.89
628,,0.696,0.99,0.526,0.06,0.384,0.17,0.404,0.88
629,,0.686,0.98,0.516,0.05,0.374,0.16,0.394,0.87
630,,0.676,0.97,0.506,0.04,0.364,0.15,0.384,0.86
631,,0.666,0.96,0.496,0.03,0.354,0.14,0.374,0.85
632,,0.656,0.95,0.486,0.02,0.344,0.13,0.364,0.84
633,,0.646,0.94,0.476,0.01,0.334,0.12,0.354,0.83
634,,0.636,0.93,0.466,0.0,0.324,0.11,0.344,0.82
635,,0.626,0.92,0.456,-0.01,0.314,0.1,0.334,0.81
636,4,0.333,0.91,0.729,0.99,0.587,0.09,0.041,0.4
637,4,0.04,0.9,1.0,1.0,0.86,0.08,-0.252,-0.01
638,7,0.03,0.607,0.59,0.707,0.85,0.353,0.748,0.263
639,7,0.02,0.314,0.18,0.414,0.84,0.626,1.0,0.536
640,,0.01,0.304,0.17,0.404,0.83,0.616,0.99,0.526
641,,0.0,0.294,0.16,0.394,0.82,0.606,0.98,0.516
642,,-0.01,0.284,0.15,0.384,0.81,0.596,0.97,0.506
643,1,0.99,0.557,0.14,0.091,0.4,0.303,0.96,0.779
644,1,1.0,0.83,0.13,-0.202,-0.01,0.01,0.95,1.0
645,4,0.707,0.82,0.403,0.798,0.263,0.0,0.657,0.59
646,4,0.414,0.81,0.676,1.0,0.536,-0.01,0.364,0.18
647,6,0.121,0.4,0.383,0.99,0.809,0.99,0.637,0.17
648,6,-0.172,-0.01,0.09,0.98,1.0,1.0,0.91,0.16
649,1,0.828,0.263,0.08,0.687,0.59,0.707,0.9,0.433
650,1,1.0,0.536,0.07,0.394,0.18,0.414,0.89,0.706
651,,0.99,0.526,0.06,0.384,0.17,0.404,0.88,0.696
652,,0.98,0.516,0.05,0.374,0.16,0.394,0.87,0.686
653,,0.97,0.506,0.04,0.364,0.15,0.384,0.86,0.676
654,,0.96,0.496,0.03,0.354,0.14,0.374,0.85,0.666
655,,0.95,0.486,0.02,0.344,0.13,0.364,0.84,0.656
656,,0.94,0.476,0.01,0.334,0.12,0.354,0.83,0.646
657,,0.93,0.466,0.0,0.324,0.11,0.344,0.82,0.636
658,,0.92,0.456,-0.01,0.314,0.1,0.334,0.81,0.626
659,3,0.91,0.729,0.99,0.587,0.09,0.041,0.4,0.333
660,3,0.9,1.0,1.0,0.86,0.08,-0.252,-0.01,0.04
661,6,0.607,0.59,0.707,0.85,0.353,0.748,0.263,0.03
662,6,0.314,0.18,0.414,0.84,0.626,1.0,0.536,0.02
663,,0.304,0.17,0.404,0.83,0.616,0.99,0.526,0.01
664,,0.294,0.16,0.394,0.82,0.606,0.98,0.516,0.0
665,,0.284,0.15,0.384,0.81,0.596,0.97,0.506,-0.01
666,8,0.557,0.14,0.091,0.4,0.303,0.96,0.779,0.99
667,8,0.83,0.13,-0.202,-0.01,0.01,0.95,1.0,1.0
668,3,0.82,0.403,0.798,0.263,0.0,0.657,0.59,0.707
669,3,0.81,0.676,1.0,0.536,-0.01,0.364,0.18,0.414
670,5,0.4,0.383,0.99,0.809,0.99,0.637,0.17,0.121
671,5,-0.01,0.09,0.98,1.0,1.0,0.91,0.16,-0.172
672,8,0.263,0.08,0.687,0.59,0.707,0.9,0.433,0.828
673,8,0.536,0.07,0.394,0.18,0.414,0.89,0.706,1.0
674,,0.526,0.06,0.384,0.17,0.404,0.88,0.696,0.99
675,,0.516,0.05,0.374,0.16,0.394,0.87,0.686,0.98
676,,0.506,0.04,0.364,0.15,0.384,0.86,0.676,0.97
677,,0.496,0.03,0.354,0.14,0.374,0.85,0.666,0.96
678,,0.486,0.02,0.344,0.13,0.364,0.84,0.656,0.95
679,,0.476,0.01,0.334,0.12,0.354,0.83,0.646,0.94
680,,0.466,0.0,0.324,0.11,0.344,0.82,0.636,0.93
681,,0.456,-0.01,0.314,0.1,0.334,0.81,0.626,0.92
682,2,0.729,0.99,0.587,0.09,0.041,0.4,0.333,0.91
683,2,1.0,1.0,0.86,0.08,-0.252,-0.01,0.04,0.9
684,5,0.59,0.707,0.85,0.353,0.748,0.263,0.03,0.607
685,5,0.18,0.414,0.84,0.626,1.0,0.536,0.02,0.314
686,,0.17,0.404,0.83,0.616,0.99,0.526,0.01,0.304
687,,0.16,0.394,0.82,0.606,0.98,0.516,0.0,0.294
688,,0.15,0.384,0.81,0.596,0.97,0.506,-0.01,0.284
689,7,0.14,0.091,0.4,0.303,0.96,0.779,0.99,0.557
690,7,0.13,-0.202,-0.01,0.01,0.95,1.0,1.0,0.83
691,2,0.403,0.798,0.263,0.0,0.657,0.59,0.707,0.82
692,2,0.676,1.0,0.536,-0.01,0.364,0.18,0.414,0.81
693,4,0.383,0.99,0.809,0.99,0.637,0.17,0.121,0.4
694,4,0.09,0.98,1.0,1.0,0.91,0.16,-0.172,-0.01
695,7,0.08,0.687,0.59,0.707,0.9,0.433,0.828,0.263
696,7,0.07,0.394,0.18,0.414,0.89,0.706,1.0,0.536
697,,0.06,0.384,0.17,0.404,0.88,0.696,0.99,0.526
698,,0.05,0.374,0.16,0.394,0.87,0.686,0.98,0.516
699,,0.04,0.364,0.15,0.384,0.86,0.676,0.97,0.506
700,,0.03,0.354,0.14,0.374,0.85,0.666,0.96,0.496
701,,0.02,0.344,0.13,0.364,0.84,0.656,0.95,0.486
702,,0.01,0.334,0.12,0.354,0.83,0.646,0.94,0.476
703,,0.0,0.324,0.11,0.344,0.82,0.636,0.93,0.466
704,,-0.01,0.314,0.1,0.334,0.81,0.626,0.92,0.456
705,1,0.99,0.587,0.09,0.041,0.4,0.333,0.91,0.729
706,1,1.0,0.86,0.08,-0.252,-0.01,0.04,0.9,1.0
707,4,0.707,0.85,0.353,0.748,0.263,0.03,0.607,0.59
708,4,0.414,0.84,0.626,1.0,0.536,0.02,0.314,0.18
709,,0.404,0.83,0.616,0.99,0.526,0.01,0.304,0.17
710,,0.394,0.82,0.606,0.98,0.516,0.0,0.294,0.16
711,,0.384,0.81,0.596,0.97,0.506,-0.01,0.284,0.15
712,6,0.091,0.4,0.303,0.96,0.779,0.99,0.557,0.14
713,6,-0.202,-0.01,0.01,0.95,1.0,1.0,0.83,0.13
714,1,0.798,0.263,0.0,0.657,0.59,0.707,0.82,0.403
715,1,1.0,0.536,-0.01,0.364,0.18,0.414,0.81,0.676
716,3,0.99,0.809,0.99,0.637,0.17,0.121,0.4,0.383
717,3,0.98,1.0,1.0,0.91,0.16,-0.172,-0.01,0.09
718,6,0.687,0.59,0.707,0.9,0.433,0.828,0.263,0.08
719,6,0.394,0.18,0.414,0.89,0.706,1.0,0.536,0.07
720,,0.384,0.17,0.404,0.88,0.696,0.99,0.526,0.06
721,,0.374,0.16,0.394,0.87,0.686,0.98,0.516,0.05
722,,0.364,0.15,0.384,0.86,0.676,0.97,0.506,0.04
723,,0.354,0.14,0.374,0.85,0.666,0.96,0.496,0.03
724,,0.344,0.13,0.364,0.84,0.656,0.95,0.486,0.02
725,,0.334,0.12,0.354,0.83,0.646,0.94,0.476,0.01
726,,0.324,0.11,0.344,0.82,0.636,0.93,0.466,0.0
727,,0.314,0.1,0.334,0.81,0.626,0.92,0.456,-0.01
728,8,0.587,0.09,0.041,0.4,0.333,0.91,0.729,0.99
729,8,0.86,0.08,-0.252,-0.01,0.04,0.9,1.0,1.0
730,3,0.85,0.353,0.748,0.263,0.03,0.607,0.59,0.707
731,3,0.84,0.626,1.0,0.536,0.02,0.314,0.18,0.414
732,,0.83,0.616,0.99,0.526,0.01,0.304,0.17,0.404
733,,0.82,0.606,0.98,0.516,0.0,0.294,0.16,0.394
734,,0.81,0.596,0.97,0.506,-0.01,0.284,0.15,0.384
735,5,0.4,0.303,0.96,0.779,0.99,0.557,0.14,0.091
736,5,-0.01,0.01,0.95,1.0,1.0,0.83,0.13,-0.202
737,8,0.263,0.0,0.657,0.59,0.707,0.82,0.403,0.798
738,8,0.536,-0.01,0.364,0.18,0.414,0.81,0.676,1.0
739,2,0.809,0.99,0.637,0.17,0.121,0.4,0.383,0.99
740,2,1.0,1.0,0.91,0.16,-0.172,-0.01,0.09,0.98
741,5,0.59,0.707,0.9,0.433,0.828,0.263,0.08,0.687
742,5,0.18,0.414,0.89,0.706,1.0,0.536,0.07,0.394
743,,0.17,0.404,0.88,0.696,0.99,0.526,0.06,0.384
744,,0.16,0.394,0.87,0.686,0.98,0.516,0.05,0.374
745,,0.15,0.384,0.86,0.676,0.97,0.506,0.04,0.364
746,,0.14,0.374,0.85,0.666,0.96,0.496,0.03,0.354
747,,0.13,0.364,0.84,0.656,0.95,0.486,0.02,0.344
748,,0.12,0.354,0.83,0.646,0.94,0.476,0.01,0.334
749,,0.11,0.344,0.82,0.636,0.93,0.466,0.0,0.324
750,,0.1,0.334,0.81,0.626,0.92,0.456,-0.01,0.314
751,7,0.09,0.041,0.4,0.333,0.91,0.729,0.99,0.587
752,7,0.08,-0.252,-0.01,0.04,0.9,1.0,1.0,0.86
753,2,0.353,0.748,0.263,0.03,0.607,0.59,0.707,0.85
754,2,0.626,1.0,0.536,0.02,0.314,0.18,0.414,0.84
755,,0.616,0.99,0.526,0.01,0.304,0.17,0.404,0.83
756,,0.606,0.98,0.516,0.0,0.294,0.16,0.394,0.82
757,,0.596,0.97,0.506,-0.01,0.284,0.15,0.384,0.81
758,4,0.303,0.96,0.779,0.99,0.557,0.14,0.091,0.4
759,4,0.01,0.95,1.0,1.0,0.83,0.13,-0.202,-0.01
760,7,0.0,0.657,0.59,0.707,0.82,0.403,0.798,0.263
761,7,-0.01,0.364,0.18,0.414,0.81,0.676,1.0,0.536
762,1,0.99,0.637,0.17,0.121,0.4,0.383,0.99,0.809
763,1,1.0,0.91,0.16,-0.172,-0.01,0.09,0.98,1.0
764,4,0.707,0.9,0.433,0.828,0.263,0.08,0.687,0.59
765,4,0.414,0.89,0.706,1.0,0.536,0.07,0.394,0.18
766,,0.404,0.88,0.696,0.99,0.526,0.06,0.384,0.17
767,,0.394,0.87,0.686,0.98,0.516,0.05,0.374,0.16
768,,0.384,0.86,0.676,0.97,0.506,0.04,0.364,0.15
769,,0.374,0.85,0.666,0.96,0.496,0.03,0.354,0.14
770,,0.364,0.84,0.656,0.95,0.486,0.02,0.344,0.13
771,,0.354,0.83,0.646,0.94,0.476,0.01,0.334,0.12
772,,0.344,0.82,0.636,0.93,0.466,0.0,0.324,0.11
773,,0.334,0.81,0.626,0.92,0.456,-0.01,0.314,0.1
774,6,0.041,0.4,0.333,0.91,0.729,0.99,0.587,0.09
775,6,-0.252,-0.01,0.04,0.9,1.0,1.0,0.86,0.08
776,1,0.748,0.263,0.03,0.607,0.59,0.707,0.85,0.353
777,1,1.0,0.536,0.02,0.314,0.18,0.414,0.84,0.626
778,,0.99,0.526,0.01,0.304,0.17,0.404,0.83,0.616
779,,0.98,0.516,0.0,0.294,0.16,0.394,0.82,0.606
780,,0.97,0.506,-0.01,0.284,0.15,0.384,0.81,0.596
781,3,0.96,0.779,0.99,0.557,0.14,0.091,0.4,0.303
782,3,0.95,1.0,1.0,0.83,0.13,-0.202,-0.01,0.01
783,6,0.657,0.59,0.707,0.82,0.403,0.798,0.263,0.0
784,6,0.364,0.18,0.414,0.81,0.676,1.0,0.536,-0.01
785,8,0.637,0.17,0.121,0.4,0.383,0.99,0.809,0.99
786,8,0.91,0.16,-0.172,-0.01,0.09,0.98,1.0,1.0
787,3,0.9,0.433,0.828,0.263,0.08,0.687,0.59,0.707
788,3,0.89,0.706,1.0,0.536,0.07,0.394,0.18,0.414
789,,0.88,0.696,0.99,0.526,0.06,0.384,0.17,0.404
790,,0.87,0.686,0.98,0.516,0.05,0.374,0.16,0.394
791,,0.86,0.676,0.97,0.506,0.04,0.364,0.15,0.384
792,,0.85,0.666,0.96,0.496,0.03,0.354,0.14,0.374
793,,0.84,0.656,0.95,0.486,0.02,0.344,0.13,0.364
794,,0.83,0.646,0.94,0.476,0.01,0.334,0.12,0.354
795,,0.82,0.636,0.93,0.466,0.0,0.324,0.11,0.344
796,,0.81,0.626,0.92,0.456,-0.01,0.314,0.1,0.334
797,5,0.4,0.333,0.91,0.729,0.99,0.587,0.09,0.041
798,5,-0.01,0.04,0.9,1.0,1.0,0.86,0.08,-0.252
799,8,0.263,0.03,0.607,0.59,0.707,0.85,0.353,0.748
800,8,0.536,0.02,0.314,0.18,0.414,0.84,0.626,1.0
801,,0.526,0.01,0.304,0.17,0.404,0.83,0.616,0.99
802,,0.516,0.0,0.294,0.16,0.394,0.82,0.606,0.98
803,,0.506,-0.01,0.284,0.15,0.384,0.81,0.596,0.97
804,2,0.779,0.99,0.557,0.14,0.091,0.4,0.303,0.96
805,2,1.0,1.0,0.83,0.13,-0.202,-0.01,0.01,0.95
806,5,0.59,0.707,0.82,0.403,0.798,0.263,0.0,0.657
807,5,0.18,0.414,0.81,0.676,1.0,0.536,-0.01,0.364
