step,active_motive,motive_1,motive_2,motive_3,motive_4,motive_5,motive_6,motive_7,motive_8
0,,0.16881,0.47145,0.1616,0.2594,0.35151,0.18181,0.48589,0.48122
1,,0.01881,0.32145,0.0116,0.1094,0.20151,0.03181,0.33589,0.33122
2,,-0.13119,0.17145,-0.1384,-0.0406,0.05151,-0.11819,0.18589,0.18122
3,3,0.11881,0.63345,0.8616,0.4214,0.30151,-0.08019,0.13589,0.21922
4,3,0.36881,1.0,1.0,0.8834,0.55151,-0.04219,0.08589,0.25722
5,6,0.40681,0.95,1.0,1.0,1.0,0.95781,0.54789,0.50722
6,6,0.44481,0.9,1.0,1.0,1.0,1.0,1.0,0.75722
7,,0.29481,0.75,0.85,0.85,0.85,0.85,0.85,0.60722
8,,0.14481,0.6,0.7,0.7,0.7,0.7,0.7,0.45722
9,,-0.00519,0.45,0.55,0.55,0.55,0.55,0.55,0.30722
10,1,0.99481,0.912,0.8,0.588,0.5,0.588,0.8,0.76922
11,1,1.0,1.0,1.0,0.626,0.45,0.626,1.0,1.0
12,,0.85,0.85,0.85,0.476,0.3,0.476,0.85,0.85
13,,0.7,0.7,0.7,0.326,0.15,0.326,0.7,0.7
14,,0.55,0.55,0.55,0.176,0.0,0.176,0.55,0.55
15,,0.4,0.4,0.4,0.026,-0.15,0.026,0.4,0.4
16,5,0.35,0.438,0.65,0.488,0.85,0.488,0.65,0.438
17,5,0.3,0.476,0.9,0.95,1.0,0.95,0.9,0.476
18,,0.15,0.326,0.75,0.8,0.85,0.8,0.75,0.326
19,,0.0,0.176,0.6,0.65,0.7,0.65,0.6,0.176
20,,-0.15,0.026,0.45,0.5,0.55,0.5,0.45,0.026
21,1,0.85,0.488,0.7,0.538,0.5,0.538,0.7,0.488
22,1,1.0,0.95,0.95,0.576,0.45,0.576,0.95,0.95
23,,0.85,0.8,0.8,0.426,0.3,0.426,0.8,0.8
24,,0.7,0.65,0.65,0.276,0.15,0.276,0.65,0.65
25,,0.55,0.5,0.5,0.126,0.0,0.126,0.5,0.5
26,,0.4,0.35,0.35,-0.024,-0.15,-0.024,0.35,0.35
27,5,0.35,0.388,0.6,0.438,0.85,0.438,0.6,0.388
28,5,0.3,0.426,0.85,0.9,1.0,0.9,0.85,0.426
29,,0.15,0.276,0.7,0.75,0.85,0.75,0.7,0.276
30,,0.0,0.126,0.55,0.6,0.7,0.6,0.55,0.126
31,,-0.15,-0.024,0.4,0.45,0.55,0.45,0.4,-0.024
32,1,0.85,0.438,0.65,0.488,0.5,0.488,0.65,0.438
33,1,1.0,0.9,0.9,0.526,0.45,0.526,0.9,0.9
34,,0.85,0.75,0.75,0.376,0.3,0.376,0.75,0.75
35,,0.7,0.6,0.6,0.226,0.15,0.226,0.6,0.6
36,,0.55,0.45,0.45,0.076,0.0,0.076,0.45,0.45
37,,0.4,0.3,0.3,-0.074,-0.15,-0.074,0.3,0.3
38,5,0.35,0.338,0.55,0.388,0.85,0.388,0.55,0.338
39,5,0.3,0.376,0.8,0.85,1.0,0.85,0.8,0.376
40,,0.15,0.226,0.65,0.7,0.85,0.7,0.65,0.226
41,,0.0,0.076,0.5,0.55,0.7,0.55,0.5,0.076
42,,-0.15,-0.074,0.35,0.4,0.55,0.4,0.35,-0.074
43,1,0.85,0.388,0.6,0.438,0.5,0.438,0.6,0.388
44,1,1.0,0.85,0.85,0.476,0.45,0.476,0.85,0.85
45,,0.85,0.7,0.7,0.326,0.3,0.326,0.7,0.7
46,,0.7,0.55,0.55,0.176,0.15,0.176,0.55,0.55
47,,0.55,0.4,0.4,0.026,0.0,0.026,0.4,0.4
48,,0.4,0.25,0.25,-0.124,-0.15,-0.124,0.25,0.25
49,5,0.35,0.288,0.5,0.338,0.85,0.338,0.5,0.288
50,5,0.3,0.326,0.75,0.8,1.0,0.8,0.75,0.326
51,,0.15,0.176,0.6,0.65,0.85,0.65,0.6,0.176
52,,0.0,0.026,0.45,0.5,0.7,0.5,0.45,0.026
53,,-0.15,-0.124,0.3,0.35,0.55,0.35,0.3,-0.124
54,1,0.85,0.338,0.55,0.388,0.5,0.388,0.55,0.338
55,1,1.0,0.8,0.8,0.426,0.45,0.426,0.8,0.8
56,,0.85,0.65,0.65,0.276,0.3,0.276,0.65,0.65
57,,0.7,0.5,0.5,0.126,0.15,0.126,0.5,0.5
58,,0.55,0.35,0.35,-0.024,0.0,-0.024,0.35,0.35
59,6,0.588,0.3,0.388,0.226,0.462,0.976,0.812,0.6
60,6,0.626,0.25,0.426,0.476,0.924,1.0,1.0,0.85
61,,0.476,0.1,0.276,0.326,0.774,0.85,0.85,0.7
62,,0.326,-0.05,0.126,0.176,0.624,0.7,0.7,0.55
63,2,0.788,0.95,0.588,0.426,0.662,0.65,0.738,0.8
64,2,1.0,1.0,1.0,0.676,0.7,0.6,0.776,1.0
65,,0.85,0.85,0.85,0.526,0.55,0.45,0.626,0.85
66,,0.7,0.7,0.7,0.376,0.4,0.3,0.476,0.7
67,,0.55,0.55,0.55,0.226,0.25,0.15,0.326,0.55
68,,0.4,0.4,0.4,0.076,0.1,0.0,0.176,0.4
69,,0.25,0.25,0.25,-0.074,-0.05,-0.15,0.026,0.25
70,6,0.288,0.2,0.288,0.176,0.412,0.85,0.488,0.5
71,6,0.326,0.15,0.326,0.426,0.874,1.0,0.95,0.75
72,,0.176,0.0,0.176,0.276,0.724,0.85,0.8,0.6
73,,0.026,-0.15,0.026,0.126,0.574,0.7,0.65,0.45
74,2,0.488,0.85,0.488,0.376,0.612,0.65,0.688,0.7
75,2,0.95,1.0,0.95,0.626,0.65,0.6,0.726,0.95
76,,0.8,0.85,0.8,0.476,0.5,0.45,0.576,0.8
77,,0.65,0.7,0.65,0.326,0.35,0.3,0.426,0.65
78,,0.5,0.55,0.5,0.176,0.2,0.15,0.276,0.5
79,,0.35,0.4,0.35,0.026,0.05,0.0,0.126,0.35
80,,0.2,0.25,0.2,-0.124,-0.1,-0.15,-0.024,0.2
81,6,0.238,0.2,0.238,0.126,0.362,0.85,0.438,0.45
82,6,0.276,0.15,0.276,0.376,0.824,1.0,0.9,0.7
83,,0.126,0.0,0.126,0.226,0.674,0.85,0.75,0.55
84,,-0.024,-0.15,-0.024,0.076,0.524,0.7,0.6,0.4
85,2,0.438,0.85,0.438,0.326,0.562,0.65,0.638,0.65
86,2,0.9,1.0,0.9,0.576,0.6,0.6,0.676,0.9
87,,0.75,0.85,0.75,0.426,0.45,0.45,0.526,0.75
88,,0.6,0.7,0.6,0.276,0.3,0.3,0.376,0.6
89,,0.45,0.55,0.45,0.126,0.15,0.15,0.226,0.45
90,,0.3,0.4,0.3,-0.024,0.0,0.0,0.076,0.3
91,4,0.338,0.65,0.762,0.976,0.462,0.25,0.114,0.25
92,4,0.376,0.9,1.0,1.0,0.924,0.5,0.152,0.2
93,,0.226,0.75,0.85,0.85,0.774,0.35,0.002,0.05
94,,0.076,0.6,0.7,0.7,0.624,0.2,-0.148,-0.1
95,7,0.326,0.638,0.65,0.738,0.874,0.662,0.852,0.362
96,7,0.576,0.676,0.6,0.776,1.0,1.0,1.0,0.824
97,,0.426,0.526,0.45,0.626,0.85,0.85,0.85,0.674
98,,0.276,0.376,0.3,0.476,0.7,0.7,0.7,0.524
99,,0.126,0.226,0.15,0.326,0.55,0.55,0.55,0.374
100,,-0.024,0.076,0.0,0.176,0.4,0.4,0.4,0.224
101,1,0.976,0.538,0.25,0.214,0.35,0.438,0.65,0.686
102,1,1.0,1.0,0.5,0.252,0.3,0.476,0.9,1.0
103,,0.85,0.85,0.35,0.102,0.15,0.326,0.75,0.85
104,,0.7,0.7,0.2,-0.048,0.0,0.176,0.6,0.7
105,4,0.738,0.95,0.662,0.952,0.462,0.426,0.638,0.65
106,4,0.776,1.0,1.0,1.0,0.924,0.676,0.676,0.6
107,,0.626,0.85,0.85,0.85,0.774,0.526,0.526,0.45
108,,0.476,0.7,0.7,0.7,0.624,0.376,0.376,0.3
109,,0.326,0.55,0.55,0.55,0.474,0.226,0.226,0.15
110,,0.176,0.4,0.4,0.4,0.324,0.076,0.076,0.0
111,,0.026,0.25,0.25,0.25,0.174,-0.074,-0.074,-0.15
112,8,0.488,0.5,0.288,0.2,0.212,0.176,0.388,0.85
113,8,0.95,0.75,0.326,0.15,0.25,0.426,0.85,1.0
114,,0.8,0.6,0.176,0.0,0.1,0.276,0.7,0.85
115,,0.65,0.45,0.026,-0.15,-0.05,0.126,0.55,0.7
116,4,0.688,0.7,0.488,0.85,0.412,0.376,0.588,0.65
117,4,0.726,0.95,0.95,1.0,0.874,0.626,0.626,0.6
118,,0.576,0.8,0.8,0.85,0.724,0.476,0.476,0.45
119,,0.426,0.65,0.65,0.7,0.574,0.326,0.326,0.3
120,,0.276,0.5,0.5,0.55,0.424,0.176,0.176,0.15
121,,0.126,0.35,0.35,0.4,0.274,0.026,0.026,0.0
122,,-0.024,0.2,0.2,0.25,0.124,-0.124,-0.124,-0.15
123,8,0.438,0.45,0.238,0.2,0.162,0.126,0.338,0.85
124,8,0.9,0.7,0.276,0.15,0.2,0.376,0.8,1.0
125,,0.75,0.55,0.126,0.0,0.05,0.226,0.65,0.85
126,,0.6,0.4,-0.024,-0.15,-0.1,0.076,0.5,0.7
127,4,0.638,0.65,0.438,0.85,0.362,0.326,0.538,0.65
128,4,0.676,0.9,0.9,1.0,0.824,0.576,0.576,0.6
129,,0.526,0.75,0.75,0.85,0.674,0.426,0.426,0.45
130,,0.376,0.6,0.6,0.7,0.524,0.276,0.276,0.3
131,,0.226,0.45,0.45,0.55,0.374,0.126,0.126,0.15
132,,0.076,0.3,0.3,0.4,0.224,-0.024,-0.024,0.0
133,6,0.114,0.25,0.338,0.65,0.686,0.976,0.438,0.25
134,6,0.152,0.2,0.376,0.9,1.0,1.0,0.9,0.5
135,,0.002,0.05,0.226,0.75,0.85,0.85,0.75,0.35
136,,-0.148,-0.1,0.076,0.6,0.7,0.7,0.6,0.2
137,1,0.852,0.362,0.326,0.638,0.65,0.738,0.85,0.662
138,1,1.0,0.824,0.576,0.676,0.6,0.776,1.0,1.0
139,,0.85,0.674,0.426,0.526,0.45,0.626,0.85,0.85
140,,0.7,0.524,0.276,0.376,0.3,0.476,0.7,0.7
141,,0.55,0.374,0.126,0.226,0.15,0.326,0.55,0.55
142,,0.4,0.224,-0.024,0.076,0.0,0.176,0.4,0.4
143,3,0.65,0.686,0.976,0.538,0.25,0.214,0.35,0.438
144,3,0.9,1.0,1.0,1.0,0.5,0.252,0.3,0.476
145,,0.75,0.85,0.85,0.85,0.35,0.102,0.15,0.326
146,,0.6,0.7,0.7,0.7,0.2,-0.048,0.0,0.176
147,6,0.638,0.65,0.738,0.95,0.662,0.952,0.462,0.426
148,6,0.676,0.6,0.776,1.0,1.0,1.0,0.924,0.676
149,,0.526,0.45,0.626,0.85,0.85,0.85,0.774,0.526
150,,0.376,0.3,0.476,0.7,0.7,0.7,0.624,0.376
151,,0.226,0.15,0.326,0.55,0.55,0.55,0.474,0.226
152,,0.076,0.0,0.176,0.4,0.4,0.4,0.324,0.076
153,,-0.074,-0.15,0.026,0.25,0.25,0.25,0.174,-0.074
154,2,0.388,0.85,0.488,0.5,0.288,0.2,0.212,0.176
155,2,0.85,1.0,0.95,0.75,0.326,0.15,0.25,0.426
156,,0.7,0.85,0.8,0.6,0.176,0.0,0.1,0.276
157,,0.55,0.7,0.65,0.45,0.026,-0.15,-0.05,0.126
158,6,0.588,0.65,0.688,0.7,0.488,0.85,0.412,0.376
159,6,0.626,0.6,0.726,0.95,0.95,1.0,0.874,0.626
160,,0.476,0.45,0.576,0.8,0.8,0.85,0.724,0.476
161,,0.326,0.3,0.426,0.65,0.65,0.7,0.574,0.326
162,,0.176,0.15,0.276,0.5,0.5,0.55,0.424,0.176
163,,0.026,0.0,0.126,0.35,0.35,0.4,0.274,0.026
164,,-0.124,-0.15,-0.024,0.2,0.2,0.25,0.124,-0.124
165,2,0.338,0.85,0.438,0.45,0.238,0.2,0.162,0.126
166,2,0.8,1.0,0.9,0.7,0.276,0.15,0.2,0.376
167,,0.65,0.85,0.75,0.55,0.126,0.0,0.05,0.226
168,,0.5,0.7,0.6,0.4,-0.024,-0.15,-0.1,0.076
169,6,0.538,0.65,0.638,0.65,0.438,0.85,0.362,0.326
170,6,0.576,0.6,0.676,0.9,0.9,1.0,0.824,0.576
171,,0.426,0.45,0.526,0.75,0.75,0.85,0.674,0.426
172,,0.276,0.3,0.376,0.6,0.6,0.7,0.524,0.276
173,,0.126,0.15,0.226,0.45,0.45,0.55,0.374,0.126
174,,-0.024,0.0,0.076,0.3,0.3,0.4,0.224,-0.024
175,8,0.438,0.25,0.114,0.25,0.338,0.65,0.686,0.976
176,8,0.9,0.5,0.152,0.2,0.376,0.9,1.0,1.0
177,,0.75,0.35,0.002,0.05,0.226,0.75,0.85,0.85
178,,0.6,0.2,-0.148,-0.1,0.076,0.6,0.7,0.7
179,3,0.85,0.662,0.852,0.362,0.326,0.638,0.65,0.738
180,3,1.0,1.0,1.0,0.824,0.576,0.676,0.6,0.776
181,,0.85,0.85,0.85,0.674,0.426,0.526,0.45,0.626
182,,0.7,0.7,0.7,0.524,0.276,0.376,0.3,0.476
183,,0.55,0.55,0.55,0.374,0.126,0.226,0.15,0.326
184,,0.4,0.4,0.4,0.224,-0.024,0.076,0.0,0.176
185,5,0.35,0.438,0.65,0.686,0.976,0.538,0.25,0.214
186,5,0.3,0.476,0.9,1.0,1.0,1.0,0.5,0.252
187,,0.15,0.326,0.75,0.85,0.85,0.85,0.35,0.102
188,,0.0,0.176,0.6,0.7,0.7,0.7,0.2,-0.048
189,8,0.462,0.426,0.638,0.65,0.738,0.95,0.662,0.952
190,8,0.924,0.676,0.676,0.6,0.776,1.0,1.0,1.0
191,,0.774,0.526,0.526,0.45,0.626,0.85,0.85,0.85
192,,0.624,0.376,0.376,0.3,0.476,0.7,0.7,0.7
193,,0.474,0.226,0.226,0.15,0.326,0.55,0.55,0.55
194,,0.324,0.076,0.076,0.0,0.176,0.4,0.4,0.4
195,,0.174,-0.074,-0.074,-0.15,0.026,0.25,0.25,0.25
196,4,0.212,0.176,0.388,0.85,0.488,0.5,0.288,0.2
197,4,0.25,0.426,0.85,1.0,0.95,0.75,0.326,0.15
198,,0.1,0.276,0.7,0.85,0.8,0.6,0.176,0.0
199,,-0.05,0.126,0.55,0.7,0.65,0.45,0.026,-0.15
200,8,0.412,0.376,0.588,0.65,0.688,0.7,0.488,0.85
201,8,0.874,0.626,0.626,0.6,0.726,0.95,0.95,1.0
202,,0.724,0.476,0.476,0.45,0.576,0.8,0.8,0.85
203,,0.574,0.326,0.326,0.3,0.426,0.65,0.65,0.7
204,,0.424,0.176,0.176,0.15,0.276,0.5,0.5,0.55
205,,0.274,0.026,0.026,0.0,0.126,0.35,0.35,0.4
206,,0.124,-0.124,-0.124,-0.15,-0.024,0.2,0.2,0.25
207,4,0.162,0.126,0.338,0.85,0.438,0.45,0.238,0.2
208,4,0.2,0.376,0.8,1.0,0.9,0.7,0.276,0.15
209,,0.05,0.226,0.65,0.85,0.75,0.55,0.126,0.0
210,,-0.1,0.076,0.5,0.7,0.6,0.4,-0.024,-0.15
211,8,0.362,0.326,0.538,0.65,0.638,0.65,0.438,0.85
212,8,0.824,0.576,0.576,0.6,0.676,0.9,0.9,1.0
213,,0.674,0.426,0.426,0.45,0.526,0.75,0.75,0.85
214,,0.524,0.276,0.276,0.3,0.376,0.6,0.6,0.7
215,,0.374,0.126,0.126,0.15,0.226,0.45,0.45,0.55
216,,0.224,-0.024,-0.024,0.0,0.076,0.3,0.3,0.4
217,2,0.686,0.976,0.438,0.25,0.114,0.25,0.338,0.65
218,2,1.0,1.0,0.9,0.5,0.152,0.2,0.376,0.9
219,,0.85,0.85,0.75,0.35,0.002,0.05,0.226,0.75
220,,0.7,0.7,0.6,0.2,-0.148,-0.1,0.076,0.6
221,5,0.65,0.738,0.85,0.662,0.852,0.362,0.326,0.638
222,5,0.6,0.776,1.0,1.0,1.0,0.824,0.576,0.676
223,,0.45,0.626,0.85,0.85,0.85,0.674,0.426,0.526
224,,0.3,0.476,0.7,0.7,0.7,0.524,0.276,0.376
225,,0.15,0.326,0.55,0.55,0.55,0.374,0.126,0.226
226,,0.0,0.176,0.4,0.4,0.4,0.224,-0.024,0.076
227,7,0.25,0.214,0.35,0.438,0.65,0.686,0.976,0.538
228,7,0.5,0.252,0.3,0.476,0.9,1.0,1.0,1.0
229,,0.35,0.102,0.15,0.326,0.75,0.85,0.85,0.85
230,,0.2,-0.048,0.0,0.176,0.6,0.7,0.7,0.7
231,2,0.662,0.952,0.462,0.426,0.638,0.65,0.738,0.95
232,2,1.0,1.0,0.924,0.676,0.676,0.6,0.776,1.0
233,,0.85,0.85,0.774,0.526,0.526,0.45,0.626,0.85
234,,0.7,0.7,0.624,0.376,0.376,0.3,0.476,0.7
235,,0.55,0.55,0.474,0.226,0.226,0.15,0.326,0.55
236,,0.4,0.4,0.324,0.076,0.076,0.0,0.176,0.4
237,,0.25,0.25,0.174,-0.074,-0.074,-0.15,0.026,0.25
238,6,0.288,0.2,0.212,0.176,0.388,0.85,0.488,0.5
239,6,0.326,0.15,0.25,0.426,0.85,1.0,0.95,0.75
240,,0.176,0.0,0.1,0.276,0.7,0.85,0.8,0.6
241,,0.026,-0.15,-0.05,0.126,0.55,0.7,0.65,0.45
242,2,0.488,0.85,0.412,0.376,0.588,0.65,0.688,0.7
243,2,0.95,1.0,0.874,0.626,0.626,0.6,0.726,0.95
244,,0.8,0.85,0.724,0.476,0.476,0.45,0.576,0.8
245,,0.65,0.7,0.574,0.326,0.326,0.3,0.426,0.65
246,,0.5,0.55,0.424,0.176,0.176,0.15,0.276,0.5
247,,0.35,0.4,0.274,0.026,0.026,0.0,0.126,0.35
248,,0.2,0.25,0.124,-0.124,-0.124,-0.15,-0.024,0.2
249,6,0.238,0.2,0.162,0.126,0.338,0.85,0.438,0.45
250,6,0.276,0.15,0.2,0.376,0.8,1.0,0.9,0.7
251,,0.126,0.0,0.05,0.226,0.65,0.85,0.75,0.55
252,,-0.024,-0.15,-0.1,0.076,0.5,0.7,0.6,0.4
253,2,0.438,0.85,0.362,0.326,0.538,0.65,0.638,0.65
254,2,0.9,1.0,0.824,0.576,0.576,0.6,0.676,0.9
255,,0.75,0.85,0.674,0.426,0.426,0.45,0.526,0.75
256,,0.6,0.7,0.524,0.276,0.276,0.3,0.376,0.6
257,,0.45,0.55,0.374,0.126,0.126,0.15,0.226,0.45
258,,0.3,0.4,0.224,-0.024,-0.024,0.0,0.076,0.3
259,4,0.338,0.65,0.686,0.976,0.438,0.25,0.114,0.25
260,4,0.376,0.9,1.0,1.0,0.9,0.5,0.152,0.2
261,,0.226,0.75,0.85,0.85,0.75,0.35,0.002,0.05
262,,0.076,0.6,0.7,0.7,0.6,0.2,-0.148,-0.1
263,7,0.326,0.638,0.65,0.738,0.85,0.662,0.852,0.362
264,7,0.576,0.676,0.6,0.776,1.0,1.0,1.0,0.824
265,,0.426,0.526,0.45,0.626,0.85,0.85,0.85,0.674
266,,0.276,0.376,0.3,0.476,0.7,0.7,0.7,0.524
267,,0.126,0.226,0.15,0.326,0.55,0.55,0.55,0.374
268,,-0.024,0.076,0.0,0.176,0.4,0.4,0.4,0.224
269,1,0.976,0.538,0.25,0.214,0.35,0.438,0.65,0.686
270,1,1.0,1.0,0.5,0.252,0.3,0.476,0.9,1.0
271,,0.85,0.85,0.35,0.102,0.15,0.326,0.75,0.85
272,,0.7,0.7,0.2,-0.048,0.0,0.176,0.6,0.7
273,4,0.738,0.95,0.662,0.952,0.462,0.426,0.638,0.65
274,4,0.776,1.0,1.0,1.0,0.924,0.676,0.676,0.6
275,,0.626,0.85,0.85,0.85,0.774,0.526,0.526,0.45
276,,0.476,0.7,0.7,0.7,0.624,0.376,0.376,0.3
277,,0.326,0.55,0.55,0.55,0.474,0.226,0.226,0.15
278,,0.176,0.4,0.4,0.4,0.324,0.076,0.076,0.0
279,,0.026,0.25,0.25,0.25,0.174,-0.074,-0.074,-0.15
280,8,0.488,0.5,0.288,0.2,0.212,0.176,0.388,0.85
281,8,0.95,0.75,0.326,0.15,0.25,0.426,0.85,1.0
282,,0.8,0.6,0.176,0.0,0.1,0.276,0.7,0.85
283,,0.65,0.45,0.026,-0.15,-0.05,0.126,0.55,0.7
284,4,0.688,0.7,0.488,0.85,0.412,0.376,0.588,0.65
285,4,0.726,0.95,0.95,1.0,0.874,0.626,0.626,0.6
286,,0.576,0.8,0.8,0.85,0.724,0.476,0.476,0.45
287,,0.426,0.65,0.65,0.7,0.574,0.326,0.326,0.3
288,,0.276,0.5,0.5,0.55,0.424,0.176,0.176,0.15
289,,0.126,0.35,0.35,0.4,0.274,0.026,0.026,0.0
290,,-0.024,0.2,0.2,0.25,0.124,-0.124,-0.124,-0.15
291,8,0.438,0.45,0.238,0.2,0.162,0.126,0.338,0.85
292,8,0.9,0.7,0.276,0.15,0.2,0.376,0.8,1.0
293,,0.75,0.55,0.126,0.0,0.05,0.226,0.65,0.85
294,,0.6,0.4,-0.024,-0.15,-0.1,0.076,0.5,0.7
295,4,0.638,0.65,0.438,0.85,0.362,0.326,0.538,0.65
296,4,0.676,0.9,0.9,1.0,0.824,0.576,0.576,0.6
297,,0.526,0.75,0.75,0.85,0.674,0.426,0.426,0.45
298,,0.376,0.6,0.6,0.7,0.524,0.276,0.276,0.3
299,,0.226,0.45,0.45,0.55,0.374,0.126,0.126,0.15
300,,0.076,0.3,0.3,0.4,0.224,-0.024,-0.024,0.0
301,6,0.114,0.25,0.338,0.65,0.686,0.976,0.438,0.25
302,6,0.152,0.2,0.376,0.9,1.0,1.0,0.9,0.5
303,,0.002,0.05,0.226,0.75,0.85,0.85,0.75,0.35
304,,-0.148,-0.1,0.076,0.6,0.7,0.7,0.6,0.2
305,1,0.852,0.362,0.326,0.638,0.65,0.738,0.85,0.662
306,1,1.0,0.824,0.576,0.676,0.6,0.776,1.0,1.0
307,,0.85,0.674,0.426,0.526,0.45,0.626,0.85,0.85
308,,0.7,0.524,0.276,0.376,0.3,0.476,0.7,0.7
309,,0.55,0.374,0.126,0.226,0.15,0.326,0.55,0.55
310,,0.4,0.224,-0.024,0.076,0.0,0.176,0.4,0.4
311,3,0.65,0.686,0.976,0.538,0.25,0.214,0.35,0.438
312,3,0.9,1.0,1.0,1.0,0.5,0.252,0.3,0.476
313,,0.75,0.85,0.85,0.85,0.35,0.102,0.15,0.326
314,,0.6,0.7,0.7,0.7,0.2,-0.048,0.0,0.176
315,6,0.638,0.65,0.738,0.95,0.662,0.952,0.462,0.426
316,6,0.676,0.6,0.776,1.0,1.0,1.0,0.924,0.676
317,,0.526,0.45,0.626,0.85,0.85,0.85,0.774,0.526
318,,0.376,0.3,0.476,0.7,0.7,0.7,0.624,0.376
319,,0.226,0.15,0.326,0.55,0.55,0.55,0.474,0.226
320,,0.076,0.0,0.176,0.4,0.4,0.4,0.324,0.076
321,,-0.074,-0.15,0.026,0.25,0.25,0.25,0.174,-0.074
322,2,0.388,0.85,0.488,0.5,0.288,0.2,0.212,0.176
323,2,0.85,1.0,0.95,0.75,0.326,0.15,0.25,0.426
324,,0.7,0.85,0.8,0.6,0.176,0.0,0.1,0.276
325,,0.55,0.7,0.65,0.45,0.026,-0.15,-0.05,0.126
326,6,0.588,0.65,0.688,0.7,0.488,0.85,0.412,0.376
327,6,0.626,0.6,0.726,0.95,0.95,1.0,0.874,0.626
328,,0.476,0.45,0.576,0.8,0.8,0.85,0.724,0.476
329,,0.326,0.3,0.426,0.65,0.65,0.7,0.574,0.326
330,,0.176,0.15,0.276,0.5,0.5,0.55,0.424,0.176
331,,0.026,0.0,0.126,0.35,0.35,0.4,0.274,0.026
332,,-0.124,-0.15,-0.024,0.2,0.2,0.25,0.124,-0.124
333,2,0.338,0.85,0.438,0.45,0.238,0.2,0.162,0.126
334,2,0.8,1.0,0.9,0.7,0.276,0.15,0.2,0.376
335,,0.65,0.85,0.75,0.55,0.126,0.0,0.05,0.226
336,,0.5,0.7,0.6,0.4,-0.024,-0.15,-0.1,0.076
337,6,0.538,0.65,0.638,0.65,0.438,0.85,0.362,0.326
338,6,0.576,0.6,0.676,0.9,0.9,1.0,0.824,0.576
339,,0.426,0.45,0.526,0.75,0.75,0.85,0.674,0.426
340,,0.276,0.3,0.376,0.6,0.6,0.7,0.524,0.276
341,,0.126,0.15,0.226,0.45,0.45,0.55,0.374,0.126
342,,-0.024,0.0,0.076,0.3,0.3,0.4,0.224,-0.024
343,1,0.976,0.462,0.326,0.338,0.25,0.438,0.474,0.438
344,1,1.0,0.924,0.576,0.376,0.2,0.476,0.724,0.9
345,,0.85,0.774,0.426,0.226,0.05,0.326,0.574,0.75
346,,0.7,0.624,0.276,0.076,-0.1,0.176,0.424,0.6
347,5,0.65,0.662,0.526,0.538,0.9,0.638,0.674,0.638
348,5,0.6,0.7,0.776,1.0,1.0,1.0,0.924,0.676
349,,0.45,0.55,0.626,0.85,0.85,0.85,0.774,0.526
350,,0.3,0.4,0.476,0.7,0.7,0.7,0.624,0.376
351,,0.15,0.25,0.326,0.55,0.55,0.55,0.474,0.226
352,,0.0,0.1,0.176,0.4,0.4,0.4,0.324,0.076
353,,-0.15,-0.05,0.026,0.25,0.25,0.25,0.174,-0.074
354,1,0.85,0.412,0.276,0.288,0.2,0.288,0.424,0.388
355,1,1.0,0.874,0.526,0.326,0.15,0.326,0.674,0.85
356,,0.85,0.724,0.376,0.176,0.0,0.176,0.524,0.7
357,,0.7,0.574,0.226,0.026,-0.15,0.026,0.374,0.55
358,5,0.65,0.612,0.476,0.488,0.85,0.488,0.624,0.588
359,5,0.6,0.65,0.726,0.95,1.0,0.95,0.874,0.626
360,,0.45,0.5,0.576,0.8,0.85,0.8,0.724,0.476
361,,0.3,0.35,0.426,0.65,0.7,0.65,0.574,0.326
362,,0.15,0.2,0.276,0.5,0.55,0.5,0.424,0.176
363,,0.0,0.05,0.126,0.35,0.4,0.35,0.274,0.026
364,,-0.15,-0.1,-0.024,0.2,0.25,0.2,0.124,-0.124
365,1,0.85,0.362,0.226,0.238,0.2,0.238,0.374,0.338
366,1,1.0,0.824,0.476,0.276,0.15,0.276,0.624,0.8
367,,0.85,0.674,0.326,0.126,0.0,0.126,0.474,0.65
368,,0.7,0.524,0.176,-0.024,-0.15,-0.024,0.324,0.5
369,5,0.65,0.562,0.426,0.438,0.85,0.438,0.574,0.538
370,5,0.6,0.6,0.676,0.9,1.0,0.9,0.824,0.576
371,,0.45,0.45,0.526,0.75,0.85,0.75,0.674,0.426
372,,0.3,0.3,0.376,0.6,0.7,0.6,0.524,0.276
373,,0.15,0.15,0.226,0.45,0.55,0.45,0.374,0.126
374,,0.0,0.0,0.076,0.3,0.4,0.3,0.224,-0.024
375,8,0.462,0.25,0.114,0.25,0.438,0.55,0.686,0.976
376,8,0.924,0.5,0.152,0.2,0.476,0.8,1.0,1.0
377,,0.774,0.35,0.002,0.05,0.326,0.65,0.85,0.85
378,,0.624,0.2,-0.148,-0.1,0.176,0.5,0.7,0.7
379,3,0.874,0.662,0.852,0.362,0.426,0.538,0.65,0.738
380,3,1.0,1.0,1.0,0.824,0.676,0.576,0.6,0.776
381,,0.85,0.85,0.85,0.674,0.526,0.426,0.45,0.626
382,,0.7,0.7,0.7,0.524,0.376,0.276,0.3,0.476
383,,0.55,0.55,0.55,0.374,0.226,0.126,0.15,0.326
384,,0.4,0.4,0.4,0.224,0.076,-0.024,0.0,0.176
385,6,0.438,0.35,0.438,0.474,0.538,0.976,0.462,0.426
386,6,0.476,0.3,0.476,0.724,1.0,1.0,0.924,0.676
387,,0.326,0.15,0.326,0.574,0.85,0.85,0.774,0.526
388,,0.176,0.0,0.176,0.424,0.7,0.7,0.624,0.376
389,,0.026,-0.15,0.026,0.274,0.55,0.55,0.474,0.226
390,2,0.488,0.85,0.488,0.524,0.588,0.5,0.512,0.476
391,2,0.95,1.0,0.95,0.774,0.626,0.45,0.55,0.726
392,,0.8,0.85,0.8,0.624,0.476,0.3,0.4,0.576
393,,0.65,0.7,0.65,0.474,0.326,0.15,0.25,0.426
394,,0.5,0.55,0.5,0.324,0.176,0.0,0.1,0.276
395,,0.35,0.4,0.35,0.174,0.026,-0.15,-0.05,0.126
396,6,0.388,0.35,0.388,0.424,0.488,0.85,0.412,0.376
397,6,0.426,0.3,0.426,0.674,0.95,1.0,0.874,0.626
398,,0.276,0.15,0.276,0.524,0.8,0.85,0.724,0.476
399,,0.126,0.0,0.126,0.374,0.65,0.7,0.574,0.326
400,,-0.024,-0.15,-0.024,0.224,0.5,0.55,0.424,0.176
401,2,0.438,0.85,0.438,0.474,0.538,0.5,0.462,0.426
402,2,0.9,1.0,0.9,0.724,0.576,0.45,0.5,0.676
403,,0.75,0.85,0.75,0.574,0.426,0.3,0.35,0.526
404,,0.6,0.7,0.6,0.424,0.276,0.15,0.2,0.376
405,,0.45,0.55,0.45,0.274,0.126,0.0,0.05,0.226
406,,0.3,0.4,0.3,0.124,-0.024,-0.15,-0.1,0.076
407,6,0.338,0.35,0.338,0.374,0.438,0.85,0.362,0.326
408,6,0.376,0.3,0.376,0.624,0.9,1.0,0.824,0.576
409,,0.226,0.15,0.226,0.474,0.75,0.85,0.674,0.426
410,,0.076,0.0,0.076,0.324,0.6,0.7,0.524,0.276
411,,-0.074,-0.15,-0.074,0.174,0.45,0.55,0.374,0.126
412,2,0.388,0.85,0.388,0.424,0.488,0.5,0.412,0.376
413,2,0.85,1.0,0.85,0.674,0.526,0.45,0.45,0.626
414,,0.7,0.85,0.7,0.524,0.376,0.3,0.3,0.476
415,,0.55,0.7,0.55,0.374,0.226,0.15,0.15,0.326
416,,0.4,0.55,0.4,0.224,0.076,0.0,0.0,0.176
417,,0.25,0.4,0.25,0.074,-0.074,-0.15,-0.15,0.026
418,7,0.5,0.438,0.2,0.112,0.176,0.312,0.85,0.488
419,7,0.75,0.476,0.15,0.15,0.426,0.774,1.0,0.95
420,,0.6,0.326,0.0,0.0,0.276,0.624,0.85,0.8
421,,0.45,0.176,-0.15,-0.15,0.126,0.474,0.7,0.65
422,3,0.7,0.638,0.85,0.312,0.376,0.512,0.65,0.688
423,3,0.95,1.0,1.0,0.774,0.626,0.55,0.6,0.726
424,,0.8,0.85,0.85,0.624,0.476,0.4,0.45,0.576
425,,0.65,0.7,0.7,0.474,0.326,0.25,0.3,0.426
426,,0.5,0.55,0.55,0.324,0.176,0.1,0.15,0.276
427,,0.35,0.4,0.4,0.174,0.026,-0.05,0.0,0.126
428,6,0.388,0.35,0.438,0.424,0.488,0.95,0.462,0.376
429,6,0.426,0.3,0.476,0.674,0.95,1.0,0.924,0.626
430,,0.276,0.15,0.326,0.524,0.8,0.85,0.774,0.476
431,,0.126,0.0,0.176,0.374,0.65,0.7,0.624,0.326
432,,-0.024,-0.15,0.026,0.224,0.5,0.55,0.474,0.176
433,2,0.438,0.85,0.488,0.474,0.538,0.5,0.512,0.426
434,2,0.9,1.0,0.95,0.724,0.576,0.45,0.55,0.676
435,,0.75,0.85,0.8,0.574,0.426,0.3,0.4,0.526
436,,0.6,0.7,0.65,0.424,0.276,0.15,0.25,0.376
437,,0.45,0.55,0.5,0.274,0.126,0.0,0.1,0.226
438,,0.3,0.4,0.35,0.124,-0.024,-0.15,-0.05,0.076
439,6,0.338,0.35,0.388,0.374,0.438,0.85,0.412,0.326
440,6,0.376,0.3,0.426,0.624,0.9,1.0,0.874,0.576
441,,0.226,0.15,0.276,0.474,0.75,0.85,0.724,0.426
442,,0.076,0.0,0.126,0.324,0.6,0.7,0.574,0.276
443,,-0.074,-0.15,-0.024,0.174,0.45,0.55,0.424,0.126
444,2,0.388,0.85,0.438,0.424,0.488,0.5,0.462,0.376
445,2,0.85,1.0,0.9,0.674,0.526,0.45,0.5,0.626
446,,0.7,0.85,0.75,0.524,0.376,0.3,0.35,0.476
447,,0.55,0.7,0.6,0.374,0.226,0.15,0.2,0.326
448,,0.4,0.55,0.45,0.224,0.076,0.0,0.05,0.176
449,,0.25,0.4,0.3,0.074,-0.074,-0.15,-0.1,0.026
450,6,0.288,0.35,0.338,0.324,0.388,0.85,0.362,0.276
451,6,0.326,0.3,0.376,0.574,0.85,1.0,0.824,0.526
452,,0.176,0.15,0.226,0.424,0.7,0.85,0.674,0.376
453,,0.026,0.0,0.076,0.274,0.55,0.7,0.524,0.226
454,,-0.124,-0.15,-0.074,0.124,0.4,0.55,0.374,0.076
455,2,0.338,0.85,0.388,0.374,0.438,0.5,0.412,0.326
456,2,0.8,1.0,0.85,0.624,0.476,0.45,0.45,0.576
457,,0.65,0.85,0.7,0.474,0.326,0.3,0.3,0.426
458,,0.5,0.7,0.55,0.324,0.176,0.15,0.15,0.276
459,,0.35,0.55,0.4,0.174,0.026,0.0,0.0,0.126
460,,0.2,0.4,0.25,0.024,-0.124,-0.15,-0.15,-0.024
461,6,0.238,0.35,0.288,0.274,0.338,0.85,0.312,0.226
462,6,0.276,0.3,0.326,0.524,0.8,1.0,0.774,0.476
463,,0.126,0.15,0.176,0.374,0.65,0.85,0.624,0.326
464,,-0.024,0.0,0.026,0.224,0.5,0.7,0.474,0.176
465,1,0.976,0.462,0.276,0.262,0.45,0.738,0.724,0.638
466,1,1.0,0.924,0.526,0.3,0.4,0.776,0.974,1.0
467,,0.85,0.774,0.376,0.15,0.25,0.626,0.824,0.85
468,,0.7,0.624,0.226,0.0,0.1,0.476,0.674,0.7
469,,0.55,0.474,0.076,-0.15,-0.05,0.326,0.524,0.55
470,4,0.588,0.724,0.538,0.85,0.412,0.576,0.562,0.5
471,4,0.626,0.974,1.0,1.0,0.874,0.826,0.6,0.45
472,,0.476,0.824,0.85,0.85,0.724,0.676,0.45,0.3
473,,0.326,0.674,0.7,0.7,0.574,0.526,0.3,0.15
474,,0.176,0.524,0.55,0.55,0.424,0.376,0.15,0.0
475,,0.026,0.374,0.4,0.4,0.274,0.226,0.0,-0.15
476,8,0.488,0.624,0.438,0.35,0.312,0.476,0.462,0.85
477,8,0.95,0.874,0.476,0.3,0.35,0.726,0.924,1.0
478,,0.8,0.724,0.326,0.15,0.2,0.576,0.774,0.85
479,,0.65,0.574,0.176,0.0,0.05,0.426,0.624,0.7
480,,0.5,0.424,0.026,-0.15,-0.1,0.276,0.474,0.55
481,4,0.538,0.674,0.488,0.85,0.362,0.526,0.512,0.5
482,4,0.576,0.924,0.95,1.0,0.824,0.776,0.55,0.45
483,,0.426,0.774,0.8,0.85,0.674,0.626,0.4,0.3
484,,0.276,0.624,0.65,0.7,0.524,0.476,0.25,0.15
485,,0.126,0.474,0.5,0.55,0.374,0.326,0.1,0.0
486,,-0.024,0.324,0.35,0.4,0.224,0.176,-0.05,-0.15
487,8,0.438,0.574,0.388,0.35,0.262,0.426,0.412,0.85
488,8,0.9,0.824,0.426,0.3,0.3,0.676,0.874,1.0
489,,0.75,0.674,0.276,0.15,0.15,0.526,0.724,0.85
490,,0.6,0.524,0.126,0.0,0.0,0.376,0.574,0.7
491,,0.45,0.374,-0.024,-0.15,-0.15,0.226,0.424,0.55
492,4,0.488,0.624,0.438,0.85,0.312,0.476,0.462,0.5
493,4,0.526,0.874,0.9,1.0,0.774,0.726,0.5,0.45
494,,0.376,0.724,0.75,0.85,0.624,0.576,0.35,0.3
495,,0.226,0.574,0.6,0.7,0.474,0.426,0.2,0.15
496,,0.076,0.424,0.45,0.55,0.324,0.276,0.05,0.0
497,,-0.074,0.274,0.3,0.4,0.174,0.126,-0.1,-0.15
498,8,0.388,0.524,0.338,0.35,0.212,0.376,0.362,0.85
499,8,0.85,0.774,0.376,0.3,0.25,0.626,0.824,1.0
500,,0.7,0.624,0.226,0.15,0.1,0.476,0.674,0.85
501,,0.55,0.474,0.076,0.0,-0.05,0.326,0.524,0.7
502,5,0.5,0.512,0.326,0.462,0.95,0.788,0.774,0.738
503,5,0.45,0.55,0.576,0.924,1.0,1.0,1.0,0.776
504,,0.3,0.4,0.426,0.774,0.85,0.85,0.85,0.626
505,,0.15,0.25,0.276,0.624,0.7,0.7,0.7,0.476
506,,0.0,0.1,0.126,0.474,0.55,0.55,0.55,0.326
507,,-0.15,-0.05,-0.024,0.324,0.4,0.4,0.4,0.176
508,1,0.85,0.412,0.226,0.362,0.35,0.438,0.65,0.638
509,1,1.0,0.874,0.476,0.4,0.3,0.476,0.9,1.0
510,,0.85,0.724,0.326,0.25,0.15,0.326,0.75,0.85
511,,0.7,0.574,0.176,0.1,0.0,0.176,0.6,0.7
512,,0.55,0.424,0.026,-0.05,-0.15,0.026,0.45,0.55
513,5,0.5,0.462,0.276,0.412,0.85,0.488,0.7,0.588
514,5,0.45,0.5,0.526,0.874,1.0,0.95,0.95,0.626
515,,0.3,0.35,0.376,0.724,0.85,0.8,0.8,0.476
516,,0.15,0.2,0.226,0.574,0.7,0.65,0.65,0.326
517,,0.0,0.05,0.076,0.424,0.55,0.5,0.5,0.176
518,,-0.15,-0.1,-0.074,0.274,0.4,0.35,0.35,0.026
519,1,0.85,0.362,0.176,0.312,0.35,0.388,0.6,0.488
520,1,1.0,0.824,0.426,0.35,0.3,0.426,0.85,0.95
521,,0.85,0.674,0.276,0.2,0.15,0.276,0.7,0.8
522,,0.7,0.524,0.126,0.05,0.0,0.126,0.55,0.65
523,,0.55,0.374,-0.024,-0.1,-0.15,-0.024,0.4,0.5
524,5,0.5,0.412,0.226,0.362,0.85,0.438,0.65,0.538
525,5,0.45,0.45,0.476,0.824,1.0,0.9,0.9,0.576
526,,0.3,0.3,0.326,0.674,0.85,0.75,0.75,0.426
527,,0.15,0.15,0.176,0.524,0.7,0.6,0.6,0.276
528,,0.0,0.0,0.026,0.374,0.55,0.45,0.45,0.126
529,,-0.15,-0.15,-0.124,0.224,0.4,0.3,0.3,-0.024
530,2,0.312,0.85,0.338,0.474,0.438,0.25,0.338,0.226
531,2,0.774,1.0,0.8,0.724,0.476,0.2,0.376,0.476
532,,0.624,0.85,0.65,0.574,0.326,0.05,0.226,0.326
533,,0.474,0.7,0.5,0.424,0.176,-0.1,0.076,0.176
534,6,0.512,0.65,0.538,0.674,0.638,0.9,0.538,0.426
535,6,0.55,0.6,0.576,0.924,1.0,1.0,1.0,0.676
536,,0.4,0.45,0.426,0.774,0.85,0.85,0.85,0.526
537,,0.25,0.3,0.276,0.624,0.7,0.7,0.7,0.376
538,,0.1,0.15,0.126,0.474,0.55,0.55,0.55,0.226
539,,-0.05,0.0,-0.024,0.324,0.4,0.4,0.4,0.076
540,1,0.95,0.462,0.226,0.362,0.35,0.438,0.65,0.538
541,1,1.0,0.924,0.476,0.4,0.3,0.476,0.9,1.0
542,,0.85,0.774,0.326,0.25,0.15,0.326,0.75,0.85
543,,0.7,0.624,0.176,0.1,0.0,0.176,0.6,0.7
544,,0.55,0.474,0.026,-0.05,-0.15,0.026,0.45,0.55
545,5,0.5,0.512,0.276,0.412,0.85,0.488,0.7,0.588
546,5,0.45,0.55,0.526,0.874,1.0,0.95,0.95,0.626
547,,0.3,0.4,0.376,0.724,0.85,0.8,0.8,0.476
548,,0.15,0.25,0.226,0.574,0.7,0.65,0.65,0.326
549,,0.0,0.1,0.076,0.424,0.55,0.5,0.5,0.176
550,,-0.15,-0.05,-0.074,0.274,0.4,0.35,0.35,0.026
551,1,0.85,0.412,0.176,0.312,0.35,0.388,0.6,0.488
552,1,1.0,0.874,0.426,0.35,0.3,0.426,0.85,0.95
553,,0.85,0.724,0.276,0.2,0.15,0.276,0.7,0.8
554,,0.7,0.574,0.126,0.05,0.0,0.126,0.55,0.65
555,,0.55,0.424,-0.024,-0.1,-0.15,-0.024,0.4,0.5
556,5,0.5,0.462,0.226,0.362,0.85,0.438,0.65,0.538
557,5,0.45,0.5,0.476,0.824,1.0,0.9,0.9,0.576
558,,0.3,0.35,0.326,0.674,0.85,0.75,0.75,0.426
559,,0.15,0.2,0.176,0.524,0.7,0.6,0.6,0.276
560,,0.0,0.05,0.026,0.374,0.55,0.45,0.45,0.126
561,,-0.15,-0.1,-0.124,0.224,0.4,0.3,0.3,-0.024
562,1,0.85,0.362,0.126,0.262,0.35,0.338,0.55,0.438
563,1,1.0,0.824,0.376,0.3,0.3,0.376,0.8,0.9
564,,0.85,0.674,0.226,0.15,0.15,0.226,0.65,0.75
565,,0.7,0.524,0.076,0.0,0.0,0.076,0.5,0.6
566,,0.55,0.374,-0.074,-0.15,-0.15,-0.074,0.35,0.45
567,5,0.5,0.412,0.176,0.312,0.85,0.388,0.6,0.488
568,5,0.45,0.45,0.426,0.774,1.0,0.85,0.85,0.526
569,,0.3,0.3,0.276,0.624,0.85,0.7,0.7,0.376
570,,0.15,0.15,0.126,0.474,0.7,0.55,0.55,0.226
571,,0.0,0.0,-0.024,0.324,0.55,0.4,0.4,0.076
572,3,0.25,0.462,0.976,0.786,0.8,0.438,0.35,0.114
573,3,0.5,0.924,1.0,1.0,1.0,0.476,0.3,0.152
574,,0.35,0.774,0.85,0.85,0.85,0.326,0.15,0.002
575,,0.2,0.624,0.7,0.7,0.7,0.176,0.0,-0.148
576,8,0.662,0.874,0.738,0.65,0.738,0.426,0.462,0.852
577,8,1.0,1.0,0.776,0.6,0.776,0.676,0.924,1.0
578,,0.85,0.85,0.626,0.45,0.626,0.526,0.774,0.85
579,,0.7,0.7,0.476,0.3,0.476,0.376,0.624,0.7
580,,0.55,0.55,0.326,0.15,0.326,0.226,0.474,0.55
581,,0.4,0.4,0.176,0.0,0.176,0.076,0.324,0.4
582,,0.25,0.25,0.026,-0.15,0.026,-0.074,0.174,0.25
583,4,0.288,0.5,0.488,0.85,0.488,0.176,0.212,0.2
584,4,0.326,0.75,0.95,1.0,0.95,0.426,0.25,0.15
585,,0.176,0.6,0.8,0.85,0.8,0.276,0.1,0.0
586,,0.026,0.45,0.65,0.7,0.65,0.126,-0.05,-0.15
587,8,0.488,0.7,0.688,0.65,0.688,0.376,0.412,0.85
588,8,0.95,0.95,0.726,0.6,0.726,0.626,0.874,1.0
589,,0.8,0.8,0.576,0.45,0.576,0.476,0.724,0.85
590,,0.65,0.65,0.426,0.3,0.426,0.326,0.574,0.7
591,,0.5,0.5,0.276,0.15,0.276,0.176,0.424,0.55
592,,0.35,0.35,0.126,0.0,0.126,0.026,0.274,0.4
593,,0.2,0.2,-0.024,-0.15,-0.024,-0.124,0.124,0.25
594,4,0.238,0.45,0.438,0.85,0.438,0.126,0.162,0.2
595,4,0.276,0.7,0.9,1.0,0.9,0.376,0.2,0.15
596,,0.126,0.55,0.75,0.85,0.75,0.226,0.05,0.0
597,,-0.024,0.4,0.6,0.7,0.6,0.076,-0.1,-0.15
598,8,0.438,0.65,0.638,0.65,0.638,0.326,0.362,0.85
599,8,0.9,0.9,0.676,0.6,0.676,0.576,0.824,1.0
600,,0.75,0.75,0.526,0.45,0.526,0.426,0.674,0.85
601,,0.6,0.6,0.376,0.3,0.376,0.276,0.524,0.7
602,,0.45,0.45,0.226,0.15,0.226,0.126,0.374,0.55
603,,0.3,0.3,0.076,0.0,0.076,-0.024,0.224,0.4
604,6,0.338,0.25,0.114,0.25,0.538,0.976,0.686,0.65
605,6,0.376,0.2,0.152,0.5,1.0,1.0,1.0,0.9
606,,0.226,0.05,0.002,0.35,0.85,0.85,0.85,0.75
607,,0.076,-0.1,-0.148,0.2,0.7,0.7,0.7,0.6
608,3,0.326,0.362,0.852,0.662,0.95,0.738,0.65,0.638
609,3,0.576,0.824,1.0,1.0,1.0,0.776,0.6,0.676
610,,0.426,0.674,0.85,0.85,0.85,0.626,0.45,0.526
611,,0.276,0.524,0.7,0.7,0.7,0.476,0.3,0.376
612,,0.126,0.374,0.55,0.55,0.55,0.326,0.15,0.226
613,,-0.024,0.224,0.4,0.4,0.4,0.176,0.0,0.076
614,1,0.976,0.686,0.65,0.438,0.35,0.214,0.25,0.538
615,1,1.0,1.0,0.9,0.476,0.3,0.252,0.5,1.0
616,,0.85,0.85,0.75,0.326,0.15,0.102,0.35,0.85
617,,0.7,0.7,0.6,0.176,0.0,-0.048,0.2,0.7
618,6,0.738,0.65,0.638,0.426,0.462,0.952,0.662,0.95
619,6,0.776,0.6,0.676,0.676,0.924,1.0,1.0,1.0
620,,0.626,0.45,0.526,0.526,0.774,0.85,0.85,0.85
621,,0.476,0.3,0.376,0.376,0.624,0.7,0.7,0.7
622,,0.326,0.15,0.226,0.226,0.474,0.55,0.55,0.55
623,,0.176,0.0,0.076,0.076,0.324,0.4,0.4,0.4
624,,0.026,-0.15,-0.074,-0.074,0.174,0.25,0.25,0.25
625,2,0.488,0.85,0.388,0.176,0.212,0.2,0.288,0.5
626,2,0.95,1.0,0.85,0.426,0.25,0.15,0.326,0.75
627,,0.8,0.85,0.7,0.276,0.1,0.0,0.176,0.6
628,,0.65,0.7,0.55,0.126,-0.05,-0.15,0.026,0.45
629,6,0.688,0.65,0.588,0.376,0.412,0.85,0.488,0.7
630,6,0.726,0.6,0.626,0.626,0.874,1.0,0.95,0.95
631,,0.576,0.45,0.476,0.476,0.724,0.85,0.8,0.8
632,,0.426,0.3,0.326,0.326,0.574,0.7,0.65,0.65
633,,0.276,0.15,0.176,0.176,0.424,0.55,0.5,0.5
634,,0.126,0.0,0.026,0.026,0.274,0.4,0.35,0.35
635,,-0.024,-0.15,-0.124,-0.124,0.124,0.25,0.2,0.2
636,2,0.438,0.85,0.338,0.126,0.162,0.2,0.238,0.45
637,2,0.9,1.0,0.8,0.376,0.2,0.15,0.276,0.7
638,,0.75,0.85,0.65,0.226,0.05,0.0,0.126,0.55
639,,0.6,0.7,0.5,0.076,-0.1,-0.15,-0.024,0.4
640,6,0.638,0.65,0.538,0.326,0.362,0.85,0.438,0.65
641,6,0.676,0.6,0.576,0.576,0.824,1.0,0.9,0.9
642,,0.526,0.45,0.426,0.426,0.674,0.85,0.75,0.75
643,,0.376,0.3,0.276,0.276,0.524,0.7,0.6,0.6
644,,0.226,0.15,0.126,0.126,0.374,0.55,0.45,0.45
645,,0.076,0.0,-0.024,-0.024,0.224,0.4,0.3,0.3
646,4,0.114,0.25,0.438,0.976,0.686,0.65,0.338,0.25
647,4,0.152,0.5,0.9,1.0,1.0,0.9,0.376,0.2
648,,0.002,0.35,0.75,0.85,0.85,0.75,0.226,0.05
649,,-0.148,0.2,0.6,0.7,0.7,0.6,0.076,-0.1
650,1,0.852,0.662,0.85,0.738,0.65,0.638,0.326,0.362
651,1,1.0,1.0,1.0,0.776,0.6,0.676,0.576,0.824
652,,0.85,0.85,0.85,0.626,0.45,0.526,0.426,0.674
653,,0.7,0.7,0.7,0.476,0.3,0.376,0.276,0.524
654,,0.55,0.55,0.55,0.326,0.15,0.226,0.126,0.374
655,,0.4,0.4,0.4,0.176,0.0,0.076,-0.024,0.224
656,7,0.65,0.438,0.35,0.214,0.25,0.538,0.976,0.686
657,7,0.9,0.476,0.3,0.252,0.5,1.0,1.0,1.0
658,,0.75,0.326,0.15,0.102,0.35,0.85,0.85,0.85
659,,0.6,0.176,0.0,-0.048,0.2,0.7,0.7,0.7
660,4,0.638,0.426,0.462,0.952,0.662,0.95,0.738,0.65
661,4,0.676,0.676,0.924,1.0,1.0,1.0,0.776,0.6
662,,0.526,0.526,0.774,0.85,0.85,0.85,0.626,0.45
663,,0.376,0.376,0.624,0.7,0.7,0.7,0.476,0.3
664,,0.226,0.226,0.474,0.55,0.55,0.55,0.326,0.15
665,,0.076,0.076,0.324,0.4,0.4,0.4,0.176,0.0
666,,-0.074,-0.074,0.174,0.25,0.25,0.25,0.026,-0.15
667,8,0.388,0.176,0.212,0.2,0.288,0.5,0.488,0.85
668,8,0.85,0.426,0.25,0.15,0.326,0.75,0.95,1.0
669,,0.7,0.276,0.1,0.0,0.176,0.6,0.8,0.85
670,,0.55,0.126,-0.05,-0.15,0.026,0.45,0.65,0.7
671,4,0.588,0.376,0.412,0.85,0.488,0.7,0.688,0.65
672,4,0.626,0.626,0.874,1.0,0.95,0.95,0.726,0.6
673,,0.476,0.476,0.724,0.85,0.8,0.8,0.576,0.45
674,,0.326,0.326,0.574,0.7,0.65,0.65,0.426,0.3
675,,0.176,0.176,0.424,0.55,0.5,0.5,0.276,0.15
676,,0.026,0.026,0.274,0.4,0.35,0.35,0.126,0.0
677,,-0.124,-0.124,0.124,0.25,0.2,0.2,-0.024,-0.15
678,8,0.338,0.126,0.162,0.2,0.238,0.45,0.438,0.85
679,8,0.8,0.376,0.2,0.15,0.276,0.7,0.9,1.0
680,,0.65,0.226,0.05,0.0,0.126,0.55,0.75,0.85
681,,0.5,0.076,-0.1,-0.15,-0.024,0.4,0.6,0.7
682,4,0.538,0.326,0.362,0.85,0.438,0.65,0.638,0.65
683,4,0.576,0.576,0.824,1.0,0.9,0.9,0.676,0.6
684,,0.426,0.426,0.674,0.85,0.75,0.75,0.526,0.45
685,,0.276,0.276,0.524,0.7,0.6,0.6,0.376,0.3
686,,0.126,0.126,0.374,0.55,0.45,0.45,0.226,0.15
687,,-0.024,-0.024,0.224,0.4,0.3,0.3,0.076,0.0
688,2,0.438,0.976,0.686,0.65,0.338,0.25,0.114,0.25
689,2,0.9,1.0,1.0,0.9,0.376,0.2,0.152,0.5
690,,0.75,0.85,0.85,0.75,0.226,0.05,0.002,0.35
691,,0.6,0.7,0.7,0.6,0.076,-0.1,-0.148,0.2
692,7,0.85,0.738,0.65,0.638,0.326,0.362,0.852,0.662
693,7,1.0,0.776,0.6,0.676,0.576,0.824,1.0,1.0
694,,0.85,0.626,0.45,0.526,0.426,0.674,0.85,0.85
695,,0.7,0.476,0.3,0.376,0.276,0.524,0.7,0.7
696,,0.55,0.326,0.15,0.226,0.126,0.374,0.55,0.55
697,,0.4,0.176,0.0,0.076,-0.024,0.224,0.4,0.4
698,5,0.35,0.214,0.25,0.538,0.976,0.686,0.65,0.438
699,5,0.3,0.252,0.5,1.0,1.0,1.0,0.9,0.476
700,,0.15,0.102,0.35,0.85,0.85,0.85,0.75,0.326
701,,0.0,-0.048,0.2,0.7,0.7,0.7,0.6,0.176
702,2,0.462,0.952,0.662,0.95,0.738,0.65,0.638,0.426
703,2,0.924,1.0,1.0,1.0,0.776,0.6,0.676,0.676
704,,0.774,0.85,0.85,0.85,0.626,0.45,0.526,0.526
705,,0.624,0.7,0.7,0.7,0.476,0.3,0.376,0.376
706,,0.474,0.55,0.55,0.55,0.326,0.15,0.226,0.226
707,,0.324,0.4,0.4,0.4,0.176,0.0,0.076,0.076
708,,0.174,0.25,0.25,0.25,0.026,-0.15,-0.074,-0.074
709,6,0.212,0.2,0.288,0.5,0.488,0.85,0.388,0.176
710,6,0.25,0.15,0.326,0.75,0.95,1.0,0.85,0.426
711,,0.1,0.0,0.176,0.6,0.8,0.85,0.7,0.276
712,,-0.05,-0.15,0.026,0.45,0.65,0.7,0.55,0.126
713,2,0.412,0.85,0.488,0.7,0.688,0.65,0.588,0.376
714,2,0.874,1.0,0.95,0.95,0.726,0.6,0.626,0.626
715,,0.724,0.85,0.8,0.8,0.576,0.45,0.476,0.476
716,,0.574,0.7,0.65,0.65,0.426,0.3,0.326,0.326
717,,0.424,0.55,0.5,0.5,0.276,0.15,0.176,0.176
718,,0.274,0.4,0.35,0.35,0.126,0.0,0.026,0.026
719,,0.124,0.25,0.2,0.2,-0.024,-0.15,-0.124,-0.124
720,6,0.162,0.2,0.238,0.45,0.438,0.85,0.338,0.126
721,6,0.2,0.15,0.276,0.7,0.9,1.0,0.8,0.376
722,,0.05,0.0,0.126,0.55,0.75,0.85,0.65,0.226
723,,-0.1,-0.15,-0.024,0.4,0.6,0.7,0.5,0.076
724,2,0.362,0.85,0.438,0.65,0.638,0.65,0.538,0.326
725,2,0.824,1.0,0.9,0.9,0.676,0.6,0.576,0.576
726,,0.674,0.85,0.75,0.75,0.526,0.45,0.426,0.426
727,,0.524,0.7,0.6,0.6,0.376,0.3,0.276,0.276
728,,0.374,0.55,0.45,0.45,0.226,0.15,0.126,0.126
729,,0.224,0.4,0.3,0.3,0.076,0.0,-0.024,-0.024
730,7,0.474,0.438,0.25,0.338,0.326,0.462,0.976,0.438
731,7,0.724,0.476,0.2,0.376,0.576,0.924,1.0,0.9
732,,0.574,0.326,0.05,0.226,0.426,0.774,0.85,0.75
733,,0.424,0.176,-0.1,0.076,0.276,0.624,0.7,0.6
734,3,0.674,0.638,0.9,0.538,0.526,0.662,0.65,0.638
735,3,0.924,1.0,1.0,1.0,0.776,0.7,0.6,0.676
736,,0.774,0.85,0.85,0.85,0.626,0.55,0.45,0.526
737,,0.624,0.7,0.7,0.7,0.476,0.4,0.3,0.376
738,,0.474,0.55,0.55,0.55,0.326,0.25,0.15,0.226
739,,0.324,0.4,0.4,0.4,0.176,0.1,0.0,0.076
740,,0.174,0.25,0.25,0.25,0.026,-0.05,-0.15,-0.074
741,7,0.424,0.288,0.2,0.288,0.276,0.412,0.85,0.388
742,7,0.674,0.326,0.15,0.326,0.526,0.874,1.0,0.85
743,,0.524,0.176,0.0,0.176,0.376,0.724,0.85,0.7
744,,0.374,0.026,-0.15,0.026,0.226,0.574,0.7,0.55
745,3,0.624,0.488,0.85,0.488,0.476,0.612,0.65,0.588
746,3,0.874,0.95,1.0,0.95,0.726,0.65,0.6,0.626
747,,0.724,0.8,0.85,0.8,0.576,0.5,0.45,0.476
748,,0.574,0.65,0.7,0.65,0.426,0.35,0.3,0.326
749,,0.424,0.5,0.55,0.5,0.276,0.2,0.15,0.176
750,,0.274,0.35,0.4,0.35,0.126,0.05,0.0,0.026
751,,0.124,0.2,0.25,0.2,-0.024,-0.1,-0.15,-0.124
752,7,0.374,0.238,0.2,0.238,0.226,0.362,0.85,0.338
753,7,0.624,0.276,0.15,0.276,0.476,0.824,1.0,0.8
754,,0.474,0.126,0.0,0.126,0.326,0.674,0.85,0.65
755,,0.324,-0.024,-0.15,-0.024,0.176,0.524,0.7,0.5
756,3,0.574,0.438,0.85,0.438,0.426,0.562,0.65,0.538
757,3,0.824,0.9,1.0,0.9,0.676,0.6,0.6,0.576
758,,0.674,0.75,0.85,0.75,0.526,0.45,0.45,0.426
759,,0.524,0.6,0.7,0.6,0.376,0.3,0.3,0.276
760,,0.374,0.45,0.55,0.45,0.226,0.15,0.15,0.126
761,,0.224,0.3,0.4,0.3,0.076,0.0,0.0,-0.024
762,8,0.686,0.55,0.438,0.25,0.114,0.25,0.462,0.976
763,8,1.0,0.8,0.476,0.2,0.152,0.5,0.924,1.0
764,,0.85,0.65,0.326,0.05,0.002,0.35,0.774,0.85
765,,0.7,0.5,0.176,-0.1,-0.148,0.2,0.624,0.7
766,5,0.65,0.538,0.426,0.362,0.852,0.662,0.874,0.738
767,5,0.6,0.576,0.676,0.824,1.0,1.0,1.0,0.776
768,,0.45,0.426,0.526,0.674,0.85,0.85,0.85,0.626
769,,0.3,0.276,0.376,0.524,0.7,0.7,0.7,0.476
770,,0.15,0.126,0.226,0.374,0.55,0.55,0.55,0.326
771,,0.0,-0.024,0.076,0.224,0.4,0.4,0.4,0.176
772,2,0.462,0.976,0.538,0.474,0.438,0.35,0.438,0.426
773,2,0.924,1.0,1.0,0.724,0.476,0.3,0.476,0.676
774,,0.774,0.85,0.85,0.574,0.326,0.15,0.326,0.526
775,,0.624,0.7,0.7,0.424,0.176,0.0,0.176,0.376
776,,0.474,0.55,0.55,0.274,0.026,-0.15,0.026,0.226
777,6,0.512,0.5,0.588,0.524,0.488,0.85,0.488,0.476
778,6,0.55,0.45,0.626,0.774,0.95,1.0,0.95,0.726
779,,0.4,0.3,0.476,0.624,0.8,0.85,0.8,0.576
780,,0.25,0.15,0.326,0.474,0.65,0.7,0.65,0.426
781,,0.1,0.0,0.176,0.324,0.5,0.55,0.5,0.276
782,,-0.05,-0.15,0.026,0.174,0.35,0.4,0.35,0.126
783,2,0.412,0.85,0.488,0.424,0.388,0.35,0.388,0.376
784,2,0.874,1.0,0.95,0.674,0.426,0.3,0.426,0.626
785,,0.724,0.85,0.8,0.524,0.276,0.15,0.276,0.476
786,,0.574,0.7,0.65,0.374,0.126,0.0,0.126,0.326
787,,0.424,0.55,0.5,0.224,-0.024,-0.15,-0.024,0.176
788,6,0.462,0.5,0.538,0.474,0.438,0.85,0.438,0.426
789,6,0.5,0.45,0.576,0.724,0.9,1.0,0.9,0.676
790,,0.35,0.3,0.426,0.574,0.75,0.85,0.75,0.526
791,,0.2,0.15,0.276,0.424,0.6,0.7,0.6,0.376
792,,0.05,0.0,0.126,0.274,0.45,0.55,0.45,0.226
793,,-0.1,-0.15,-0.024,0.124,0.3,0.4,0.3,0.076
794,2,0.362,0.85,0.438,0.374,0.338,0.35,0.338,0.326
795,2,0.824,1.0,0.9,0.624,0.376,0.3,0.376,0.576
796,,0.674,0.85,0.75,0.474,0.226,0.15,0.226,0.426
797,,0.524,0.7,0.6,0.324,0.076,0.0,0.076,0.276
798,,0.374,0.55,0.45,0.174,-0.074,-0.15,-0.074,0.126
799,6,0.412,0.5,0.488,0.424,0.388,0.85,0.388,0.376
800,6,0.45,0.45,0.526,0.674,0.85,1.0,0.85,0.626
801,,0.3,0.3,0.376,0.524,0.7,0.85,0.7,0.476
802,,0.15,0.15,0.226,0.374,0.55,0.7,0.55,0.326
803,,0.0,0.0,0.076,0.224,0.4,0.55,0.4,0.176
804,,-0.15,-0.15,-0.074,0.074,0.25,0.4,0.25,0.026
805,1,0.85,0.312,0.176,0.112,0.2,0.438,0.5,0.488
806,1,1.0,0.774,0.426,0.15,0.15,0.476,0.75,0.95
807,,0.85,0.624,0.276,0.0,0.0,0.326,0.6,0.8
808,,0.7,0.474,0.126,-0.15,-0.15,0.176,0.45,0.65
809,5,0.65,0.512,0.376,0.312,0.85,0.638,0.7,0.688
810,5,0.6,0.55,0.626,0.774,1.0,1.0,0.95,0.726
811,,0.45,0.4,0.476,0.624,0.85,0.85,0.8,0.576
812,,0.3,0.25,0.326,0.474,0.7,0.7,0.65,0.426
813,,0.15,0.1,0.176,0.324,0.55,0.55,0.5,0.276
814,,0.0,-0.05,0.026,0.174,0.4,0.4,0.35,0.126
815,2,0.462,0.95,0.488,0.424,0.438,0.35,0.388,0.376
816,2,0.924,1.0,0.95,0.674,0.476,0.3,0.426,0.626
817,,0.774,0.85,0.8,0.524,0.326,0.15,0.276,0.476
818,,0.624,0.7,0.65,0.374,0.176,0.0,0.126,0.326
819,,0.474,0.55,0.5,0.224,0.026,-0.15,-0.024,0.176
820,6,0.512,0.5,0.538,0.474,0.488,0.85,0.438,0.426
821,6,0.55,0.45,0.576,0.724,0.95,1.0,0.9,0.676
822,,0.4,0.3,0.426,0.574,0.8,0.85,0.75,0.526
823,,0.25,0.15,0.276,0.424,0.65,0.7,0.6,0.376
824,,0.1,0.0,0.126,0.274,0.5,0.55,0.45,0.226
825,,-0.05,-0.15,-0.024,0.124,0.35,0.4,0.3,0.076
826,2,0.412,0.85,0.438,0.374,0.388,0.35,0.338,0.326
827,2,0.874,1.0,0.9,0.624,0.426,0.3,0.376,0.576
828,,0.724,0.85,0.75,0.474,0.276,0.15,0.226,0.426
829,,0.574,0.7,0.6,0.324,0.126,0.0,0.076,0.276
830,,0.424,0.55,0.45,0.174,-0.024,-0.15,-0.074,0.126
831,6,0.462,0.5,0.488,0.424,0.438,0.85,0.388,0.376
832,6,0.5,0.45,0.526,0.674,0.9,1.0,0.85,0.626
833,,0.35,0.3,0.376,0.524,0.75,0.85,0.7,0.476
834,,0.2,0.15,0.226,0.374,0.6,0.7,0.55,0.326
835,,0.05,0.0,0.076,0.224,0.45,0.55,0.4,0.176
836,,-0.1,-0.15,-0.074,0.074,0.3,0.4,0.25,0.026
837,2,0.362,0.85,0.388,0.324,0.338,0.35,0.288,0.276
838,2,0.824,1.0,0.85,0.574,0.376,0.3,0.326,0.526
839,,0.674,0.85,0.7,0.424,0.226,0.15,0.176,0.376
840,,0.524,0.7,0.55,0.274,0.076,0.0,0.026,0.226
