step,active_motive,motive_1,motive_2,motive_3,motive_4,motive_5,motive_6,motive_7,motive_8
0,,0.4134,0.47954,0.17126,0.11368,0.2118,0.14396,0.30748,0.45593
1,,0.2634,0.32954,0.02126,-0.03632,0.0618,-0.00604,0.15748,0.30593
2,4,0.3014,0.57954,0.48326,0.96368,0.5238,0.24396,0.19548,0.25593
3,4,0.3394,0.82954,0.94526,1.0,0.9858,0.49396,0.23348,0.20593
4,,0.1894,0.67954,0.79526,0.85,0.8358,0.34396,0.08348,0.05593
5,,0.0394,0.52954,0.64526,0.7,0.6858,0.19396,-0.06652,-0.09407
6,8,0.5014,0.77954,0.68326,0.65,0.7238,0.44396,0.39548,0.90593
7,8,0.9634,1.0,0.72126,0.6,0.7618,0.69396,0.85748,1.0
8,,0.8134,0.85,0.57126,0.45,0.6118,0.54396,0.70748,0.85
9,,0.6634,0.7,0.42126,0.3,0.4618,0.39396,0.55748,0.7
10,,0.5134,0.55,0.27126,0.15,0.3118,0.24396,0.40748,0.55
11,,0.3634,0.4,0.12126,0.0,0.1618,0.09396,0.25748,0.4
12,,0.2134,0.25,-0.02874,-0.15,0.0118,-0.05604,0.10748,0.25
13,4,0.2514,0.5,0.43326,0.85,0.4738,0.19396,0.14548,0.2
14,4,0.2894,0.75,0.89526,1.0,0.9358,0.44396,0.18348,0.15
15,,0.1394,0.6,0.74526,0.85,0.7858,0.29396,0.03348,0.0
16,,-0.0106,0.45,0.59526,0.7,0.6358,0.14396,-0.11652,-0.15
17,8,0.4514,0.7,0.63326,0.65,0.6738,0.39396,0.34548,0.85
18,8,0.9134,0.95,0.67126,0.6,0.7118,0.64396,0.80748,1.0
19,,0.7634,0.8,0.52126,0.45,0.5618,0.49396,0.65748,0.85
20,,0.6134,0.65,0.37126,0.3,0.4118,0.34396,0.50748,0.7
21,,0.4634,0.5,0.22126,0.15,0.2618,0.19396,0.35748,0.55
22,,0.3134,0.35,0.07126,0.0,0.1118,0.04396,0.20748,0.4
23,,0.1634,0.2,-0.07874,-0.15,-0.0382,-0.10604,0.05748,0.25
24,4,0.2014,0.45,0.38326,0.85,0.4238,0.14396,0.09548,0.2
25,4,0.2394,0.7,0.84526,1.0,0.8858,0.39396,0.13348,0.15
26,,0.0894,0.55,0.69526,0.85,0.7358,0.24396,-0.01652,0.0
27,7,0.3394,0.588,0.64526,0.888,0.9858,0.70596,0.98348,0.462
28,7,0.5894,0.626,0.59526,0.926,1.0,1.0,1.0,0.924
29,,0.4394,0.476,0.44526,0.776,0.85,0.85,0.85,0.774
30,,0.2894,0.326,0.29526,0.626,0.7,0.7,0.7,0.624
31,,0.1394,0.176,0.14526,0.476,0.55,0.55,0.55,0.474
32,,-0.0106,0.026,-0.00474,0.326,0.4,0.4,0.4,0.324
33,1,0.9894,0.488,0.24526,0.364,0.35,0.438,0.65,0.786
34,1,1.0,0.95,0.49526,0.402,0.3,0.476,0.9,1.0
35,,0.85,0.8,0.34526,0.252,0.15,0.326,0.75,0.85
36,,0.7,0.65,0.19526,0.102,0.0,0.176,0.6,0.7
37,,0.55,0.5,0.04526,-0.048,-0.15,0.026,0.45,0.55
38,5,0.5,0.538,0.29526,0.414,0.85,0.488,0.7,0.588
39,5,0.45,0.576,0.54526,0.876,1.0,0.95,0.95,0.626
40,,0.3,0.426,0.39526,0.726,0.85,0.8,0.8,0.476
41,,0.15,0.276,0.24526,0.576,0.7,0.65,0.65,0.326
42,,0.0,0.126,0.09526,0.426,0.55,0.5,0.5,0.176
43,,-0.15,-0.024,-0.05474,0.276,0.4,0.35,0.35,0.026
44,1,0.85,0.438,0.19526,0.314,0.35,0.388,0.6,0.488
45,1,1.0,0.9,0.44526,0.352,0.3,0.426,0.85,0.95
46,,0.85,0.75,0.29526,0.202,0.15,0.276,0.7,0.8
47,,0.7,0.6,0.14526,0.052,0.0,0.126,0.55,0.65
48,,0.55,0.45,-0.00474,-0.098,-0.15,-0.024,0.4,0.5
49,5,0.5,0.488,0.24526,0.364,0.85,0.438,0.65,0.538
50,5,0.45,0.526,0.49526,0.826,1.0,0.9,0.9,0.576
51,,0.3,0.376,0.34526,0.676,0.85,0.75,0.75,0.426
52,,0.15,0.226,0.19526,0.526,0.7,0.6,0.6,0.276
53,,0.0,0.076,0.04526,0.376,0.55,0.45,0.45,0.126
54,,-0.15,-0.074,-0.10474,0.226,0.4,0.3,0.3,-0.024
55,1,0.85,0.388,0.14526,0.264,0.35,0.338,0.55,0.438
56,1,1.0,0.85,0.39526,0.302,0.3,0.376,0.8,0.9
57,,0.85,0.7,0.24526,0.152,0.15,0.226,0.65,0.75
58,,0.7,0.55,0.09526,0.002,0.0,0.076,0.5,0.6
59,,0.55,0.4,-0.05474,-0.148,-0.15,-0.074,0.35,0.45
60,5,0.5,0.438,0.19526,0.314,0.85,0.388,0.6,0.488
61,5,0.45,0.476,0.44526,0.776,1.0,0.85,0.85,0.526
62,,0.3,0.326,0.29526,0.626,0.85,0.7,0.7,0.376
63,,0.15,0.176,0.14526,0.476,0.7,0.55,0.55,0.226
64,,0.0,0.026,-0.00474,0.326,0.55,0.4,0.4,0.076
65,3,0.25,0.488,0.99526,0.788,0.8,0.438,0.35,0.114
66,3,0.5,0.95,1.0,1.0,1.0,0.476,0.3,0.152
67,,0.35,0.8,0.85,0.85,0.85,0.326,0.15,0.002
68,,0.2,0.65,0.7,0.7,0.7,0.176,0.0,-0.148
69,8,0.662,0.9,0.738,0.65,0.738,0.426,0.462,0.852
70,8,1.0,1.0,0.776,0.6,0.776,0.676,0.924,1.0
71,,0.85,0.85,0.626,0.45,0.626,0.526,0.774,0.85
72,,0.7,0.7,0.476,0.3,0.476,0.376,0.624,0.7
73,,0.55,0.55,0.326,0.15,0.326,0.226,0.474,0.55
74,,0.4,0.4,0.176,0.0,0.176,0.076,0.324,0.4
75,,0.25,0.25,0.026,-0.15,0.026,-0.074,0.174,0.25
76,4,0.288,0.5,0.488,0.85,0.488,0.176,0.212,0.2
77,4,0.326,0.75,0.95,1.0,0.95,0.426,0.25,0.15
78,,0.176,0.6,0.8,0.85,0.8,0.276,0.1,0.0
79,,0.026,0.45,0.65,0.7,0.65,0.126,-0.05,-0.15
80,8,0.488,0.7,0.688,0.65,0.688,0.376,0.412,0.85
81,8,0.95,0.95,0.726,0.6,0.726,0.626,0.874,1.0
82,,0.8,0.8,0.576,0.45,0.576,0.476,0.724,0.85
83,,0.65,0.65,0.426,0.3,0.426,0.326,0.574,0.7
84,,0.5,0.5,0.276,0.15,0.276,0.176,0.424,0.55
85,,0.35,0.35,0.126,0.0,0.126,0.026,0.274,0.4
86,,0.2,0.2,-0.024,-0.15,-0.024,-0.124,0.124,0.25
87,4,0.238,0.45,0.438,0.85,0.438,0.126,0.162,0.2
88,4,0.276,0.7,0.9,1.0,0.9,0.376,0.2,0.15
89,,0.126,0.55,0.75,0.85,0.75,0.226,0.05,0.0
90,,-0.024,0.4,0.6,0.7,0.6,0.076,-0.1,-0.15
91,8,0.438,0.65,0.638,0.65,0.638,0.326,0.362,0.85
92,8,0.9,0.9,0.676,0.6,0.676,0.576,0.824,1.0
93,,0.75,0.75,0.526,0.45,0.526,0.426,0.674,0.85
94,,0.6,0.6,0.376,0.3,0.376,0.276,0.524,0.7
95,,0.45,0.45,0.226,0.15,0.226,0.126,0.374,0.55
96,,0.3,0.3,0.076,0.0,0.076,-0.024,0.224,0.4
97,6,0.338,0.25,0.114,0.25,0.538,0.976,0.686,0.65
98,6,0.376,0.2,0.152,0.5,1.0,1.0,1.0,0.9
99,,0.226,0.05,0.002,0.35,0.85,0.85,0.85,0.75
100,,0.076,-0.1,-0.148,0.2,0.7,0.7,0.7,0.6
101,3,0.326,0.362,0.852,0.662,0.95,0.738,0.65,0.638
102,3,0.576,0.824,1.0,1.0,1.0,0.776,0.6,0.676
103,,0.426,0.674,0.85,0.85,0.85,0.626,0.45,0.526
104,,0.276,0.524,0.7,0.7,0.7,0.476,0.3,0.376
105,,0.126,0.374,0.55,0.55,0.55,0.326,0.15,0.226
106,,-0.024,0.224,0.4,0.4,0.4,0.176,0.0,0.076
107,1,0.976,0.686,0.65,0.438,0.35,0.214,0.25,0.538
108,1,1.0,1.0,0.9,0.476,0.3,0.252,0.5,1.0
109,,0.85,0.85,0.75,0.326,0.15,0.102,0.35,0.85
110,,0.7,0.7,0.6,0.176,0.0,-0.048,0.2,0.7
111,6,0.738,0.65,0.638,0.426,0.462,0.952,0.662,0.95
112,6,0.776,0.6,0.676,0.676,0.924,1.0,1.0,1.0
113,,0.626,0.45,0.526,0.526,0.774,0.85,0.85,0.85
114,,0.476,0.3,0.376,0.376,0.624,0.7,0.7,0.7
115,,0.326,0.15,0.226,0.226,0.474,0.55,0.55,0.55
116,,0.176,0.0,0.076,0.076,0.324,0.4,0.4,0.4
117,,0.026,-0.15,-0.074,-0.074,0.174,0.25,0.25,0.25
118,2,0.488,0.85,0.388,0.176,0.212,0.2,0.288,0.5
119,2,0.95,1.0,0.85,0.426,0.25,0.15,0.326,0.75
120,,0.8,0.85,0.7,0.276,0.1,0.0,0.176,0.6
121,,0.65,0.7,0.55,0.126,-0.05,-0.15,0.026,0.45
122,6,0.688,0.65,0.588,0.376,0.412,0.85,0.488,0.7
123,6,0.726,0.6,0.626,0.626,0.874,1.0,0.95,0.95
124,,0.576,0.45,0.476,0.476,0.724,0.85,0.8,0.8
125,,0.426,0.3,0.326,0.326,0.574,0.7,0.65,0.65
126,,0.276,0.15,0.176,0.176,0.424,0.55,0.5,0.5
127,,0.126,0.0,0.026,0.026,0.274,0.4,0.35,0.35
128,,-0.024,-0.15,-0.124,-0.124,0.124,0.25,0.2,0.2
129,2,0.438,0.85,0.338,0.126,0.162,0.2,0.238,0.45
130,2,0.9,1.0,0.8,0.376,0.2,0.15,0.276,0.7
131,,0.75,0.85,0.65,0.226,0.05,0.0,0.126,0.55
132,,0.6,0.7,0.5,0.076,-0.1,-0.15,-0.024,0.4
133,6,0.638,0.65,0.538,0.326,0.362,0.85,0.438,0.65
134,6,0.676,0.6,0.576,0.576,0.824,1.0,0.9,0.9
135,,0.526,0.45,0.426,0.426,0.674,0.85,0.75,0.75
136,,0.376,0.3,0.276,0.276,0.524,0.7,0.6,0.6
137,,0.226,0.15,0.126,0.126,0.374,0.55,0.45,0.45
138,,0.076,0.0,-0.024,-0.024,0.224,0.4,0.3,0.3
139,4,0.114,0.25,0.438,0.976,0.686,0.65,0.338,0.25
140,4,0.152,0.5,0.9,1.0,1.0,0.9,0.376,0.2
141,,0.002,0.35,0.75,0.85,0.85,0.75,0.226,0.05
142,,-0.148,0.2,0.6,0.7,0.7,0.6,0.076,-0.1
143,1,0.852,0.662,0.85,0.738,0.65,0.638,0.326,0.362
144,1,1.0,1.0,1.0,0.776,0.6,0.676,0.576,0.824
145,,0.85,0.85,0.85,0.626,0.45,0.526,0.426,0.674
146,,0.7,0.7,0.7,0.476,0.3,0.376,0.276,0.524
147,,0.55,0.55,0.55,0.326,0.15,0.226,0.126,0.374
148,,0.4,0.4,0.4,0.176,0.0,0.076,-0.024,0.224
149,7,0.65,0.438,0.35,0.214,0.25,0.538,0.976,0.686
150,7,0.9,0.476,0.3,0.252,0.5,1.0,1.0,1.0
151,,0.75,0.326,0.15,0.102,0.35,0.85,0.85,0.85
152,,0.6,0.176,0.0,-0.048,0.2,0.7,0.7,0.7
153,4,0.638,0.426,0.462,0.952,0.662,0.95,0.738,0.65
154,4,0.676,0.676,0.924,1.0,1.0,1.0,0.776,0.6
155,,0.526,0.526,0.774,0.85,0.85,0.85,0.626,0.45
156,,0.376,0.376,0.624,0.7,0.7,0.7,0.476,0.3
157,,0.226,0.226,0.474,0.55,0.55,0.55,0.326,0.15
158,,0.076,0.076,0.324,0.4,0.4,0.4,0.176,0.0
159,,-0.074,-0.074,0.174,0.25,0.25,0.25,0.026,-0.15
160,8,0.388,0.176,0.212,0.2,0.288,0.5,0.488,0.85
161,8,0.85,0.426,0.25,0.15,0.326,0.75,0.95,1.0
162,,0.7,0.276,0.1,0.0,0.176,0.6,0.8,0.85
163,,0.55,0.126,-0.05,-0.15,0.026,0.45,0.65,0.7
164,4,0.588,0.376,0.412,0.85,0.488,0.7,0.688,0.65
165,4,0.626,0.626,0.874,1.0,0.95,0.95,0.726,0.6
166,,0.476,0.476,0.724,0.85,0.8,0.8,0.576,0.45
167,,0.326,0.326,0.574,0.7,0.65,0.65,0.426,0.3
168,,0.176,0.176,0.424,0.55,0.5,0.5,0.276,0.15
169,,0.026,0.026,0.274,0.4,0.35,0.35,0.126,0.0
170,,-0.124,-0.124,0.124,0.25,0.2,0.2,-0.024,-0.15
171,8,0.338,0.126,0.162,0.2,0.238,0.45,0.438,0.85
172,8,0.8,0.376,0.2,0.15,0.276,0.7,0.9,1.0
173,,0.65,0.226,0.05,0.0,0.126,0.55,0.75,0.85
174,,0.5,0.076,-0.1,-0.15,-0.024,0.4,0.6,0.7
175,4,0.538,0.326,0.362,0.85,0.438,0.65,0.638,0.65
176,4,0.576,0.576,0.824,1.0,0.9,0.9,0.676,0.6
177,,0.426,0.426,0.674,0.85,0.75,0.75,0.526,0.45
178,,0.276,0.276,0.524,0.7,0.6,0.6,0.376,0.3
179,,0.126,0.126,0.374,0.55,0.45,0.45,0.226,0.15
180,,-0.024,-0.024,0.224,0.4,0.3,0.3,0.076,0.0
181,2,0.438,0.976,0.686,0.65,0.338,0.25,0.114,0.25
182,2,0.9,1.0,1.0,0.9,0.376,0.2,0.152,0.5
183,,0.75,0.85,0.85,0.75,0.226,0.05,0.002,0.35
184,,0.6,0.7,0.7,0.6,0.076,-0.1,-0.148,0.2
185,7,0.85,0.738,0.65,0.638,0.326,0.362,0.852,0.662
186,7,1.0,0.776,0.6,0.676,0.576,0.824,1.0,1.0
187,,0.85,0.626,0.45,0.526,0.426,0.674,0.85,0.85
188,,0.7,0.476,0.3,0.376,0.276,0.524,0.7,0.7
189,,0.55,0.326,0.15,0.226,0.126,0.374,0.55,0.55
190,,0.4,0.176,0.0,0.076,-0.024,0.224,0.4,0.4
191,5,0.35,0.214,0.25,0.538,0.976,0.686,0.65,0.438
192,5,0.3,0.252,0.5,1.0,1.0,1.0,0.9,0.476
193,,0.15,0.102,0.35,0.85,0.85,0.85,0.75,0.326
194,,0.0,-0.048,0.2,0.7,0.7,0.7,0.6,0.176
195,2,0.462,0.952,0.662,0.95,0.738,0.65,0.638,0.426
196,2,0.924,1.0,1.0,1.0,0.776,0.6,0.676,0.676
197,,0.774,0.85,0.85,0.85,0.626,0.45,0.526,0.526
198,,0.624,0.7,0.7,0.7,0.476,0.3,0.376,0.376
199,,0.474,0.55,0.55,0.55,0.326,0.15,0.226,0.226
200,,0.324,0.4,0.4,0.4,0.176,0.0,0.076,0.076
201,,0.174,0.25,0.25,0.25,0.026,-0.15,-0.074,-0.074
202,6,0.212,0.2,0.288,0.5,0.488,0.85,0.388,0.176
203,6,0.25,0.15,0.326,0.75,0.95,1.0,0.85,0.426
204,,0.1,0.0,0.176,0.6,0.8,0.85,0.7,0.276
205,,-0.05,-0.15,0.026,0.45,0.65,0.7,0.55,0.126
206,2,0.412,0.85,0.488,0.7,0.688,0.65,0.588,0.376
207,2,0.874,1.0,0.95,0.95,0.726,0.6,0.626,0.626
208,,0.724,0.85,0.8,0.8,0.576,0.45,0.476,0.476
209,,0.574,0.7,0.65,0.65,0.426,0.3,0.326,0.326
210,,0.424,0.55,0.5,0.5,0.276,0.15,0.176,0.176
211,,0.274,0.4,0.35,0.35,0.126,0.0,0.026,0.026
212,,0.124,0.25,0.2,0.2,-0.024,-0.15,-0.124,-0.124
213,6,0.162,0.2,0.238,0.45,0.438,0.85,0.338,0.126
214,6,0.2,0.15,0.276,0.7,0.9,1.0,0.8,0.376
215,,0.05,0.0,0.126,0.55,0.75,0.85,0.65,0.226
216,,-0.1,-0.15,-0.024,0.4,0.6,0.7,0.5,0.076
217,2,0.362,0.85,0.438,0.65,0.638,0.65,0.538,0.326
218,2,0.824,1.0,0.9,0.9,0.676,0.6,0.576,0.576
219,,0.674,0.85,0.75,0.75,0.526,0.45,0.426,0.426
220,,0.524,0.7,0.6,0.6,0.376,0.3,0.276,0.276
221,,0.374,0.55,0.45,0.45,0.226,0.15,0.126,0.126
222,,0.224,0.4,0.3,0.3,0.076,0.0,-0.024,-0.024
223,8,0.686,0.65,0.338,0.25,0.114,0.25,0.438,0.976
224,8,1.0,0.9,0.376,0.2,0.152,0.5,0.9,1.0
225,,0.85,0.75,0.226,0.05,0.002,0.35,0.75,0.85
226,,0.7,0.6,0.076,-0.1,-0.148,0.2,0.6,0.7
227,5,0.65,0.638,0.326,0.362,0.852,0.662,0.85,0.738
228,5,0.6,0.676,0.576,0.824,1.0,1.0,1.0,0.776
229,,0.45,0.526,0.426,0.674,0.85,0.85,0.85,0.626
230,,0.3,0.376,0.276,0.524,0.7,0.7,0.7,0.476
231,,0.15,0.226,0.126,0.374,0.55,0.55,0.55,0.326
232,,0.0,0.076,-0.024,0.224,0.4,0.4,0.4,0.176
233,3,0.25,0.538,0.976,0.686,0.65,0.438,0.35,0.214
234,3,0.5,1.0,1.0,1.0,0.9,0.476,0.3,0.252
235,,0.35,0.85,0.85,0.85,0.75,0.326,0.15,0.102
236,,0.2,0.7,0.7,0.7,0.6,0.176,0.0,-0.048
237,8,0.662,0.95,0.738,0.65,0.638,0.426,0.462,0.952
238,8,1.0,1.0,0.776,0.6,0.676,0.676,0.924,1.0
239,,0.85,0.85,0.626,0.45,0.526,0.526,0.774,0.85
240,,0.7,0.7,0.476,0.3,0.376,0.376,0.624,0.7
241,,0.55,0.55,0.326,0.15,0.226,0.226,0.474,0.55
242,,0.4,0.4,0.176,0.0,0.076,0.076,0.324,0.4
243,,0.25,0.25,0.026,-0.15,-0.074,-0.074,0.174,0.25
244,4,0.288,0.5,0.488,0.85,0.388,0.176,0.212,0.2
245,4,0.326,0.75,0.95,1.0,0.85,0.426,0.25,0.15
246,,0.176,0.6,0.8,0.85,0.7,0.276,0.1,0.0
247,,0.026,0.45,0.65,0.7,0.55,0.126,-0.05,-0.15
248,8,0.488,0.7,0.688,0.65,0.588,0.376,0.412,0.85
249,8,0.95,0.95,0.726,0.6,0.626,0.626,0.874,1.0
250,,0.8,0.8,0.576,0.45,0.476,0.476,0.724,0.85
251,,0.65,0.65,0.426,0.3,0.326,0.326,0.574,0.7
252,,0.5,0.5,0.276,0.15,0.176,0.176,0.424,0.55
253,,0.35,0.35,0.126,0.0,0.026,0.026,0.274,0.4
254,,0.2,0.2,-0.024,-0.15,-0.124,-0.124,0.124,0.25
255,4,0.238,0.45,0.438,0.85,0.338,0.126,0.162,0.2
256,4,0.276,0.7,0.9,1.0,0.8,0.376,0.2,0.15
257,,0.126,0.55,0.75,0.85,0.65,0.226,0.05,0.0
258,,-0.024,0.4,0.6,0.7,0.5,0.076,-0.1,-0.15
259,8,0.438,0.65,0.638,0.65,0.538,0.326,0.362,0.85
260,8,0.9,0.9,0.676,0.6,0.576,0.576,0.824,1.0
261,,0.75,0.75,0.526,0.45,0.426,0.426,0.674,0.85
262,,0.6,0.6,0.376,0.3,0.276,0.276,0.524,0.7
263,,0.45,0.45,0.226,0.15,0.126,0.126,0.374,0.55
264,,0.3,0.3,0.076,0.0,-0.024,-0.024,0.224,0.4
265,5,0.25,0.338,0.326,0.462,0.976,0.438,0.474,0.438
266,5,0.2,0.376,0.576,0.924,1.0,0.9,0.724,0.476
267,,0.05,0.226,0.426,0.774,0.85,0.75,0.574,0.326
268,,-0.1,0.076,0.276,0.624,0.7,0.6,0.424,0.176
269,1,0.9,0.538,0.526,0.662,0.65,0.638,0.674,0.638
270,1,1.0,1.0,0.776,0.7,0.6,0.676,0.924,1.0
271,,0.85,0.85,0.626,0.55,0.45,0.526,0.774,0.85
272,,0.7,0.7,0.476,0.4,0.3,0.376,0.624,0.7
273,,0.55,0.55,0.326,0.25,0.15,0.226,0.474,0.55
274,,0.4,0.4,0.176,0.1,0.0,0.076,0.324,0.4
275,,0.25,0.25,0.026,-0.05,-0.15,-0.074,0.174,0.25
276,5,0.2,0.288,0.276,0.412,0.85,0.388,0.424,0.288
277,5,0.15,0.326,0.526,0.874,1.0,0.85,0.674,0.326
278,,0.0,0.176,0.376,0.724,0.85,0.7,0.524,0.176
279,,-0.15,0.026,0.226,0.574,0.7,0.55,0.374,0.026
280,1,0.85,0.488,0.476,0.612,0.65,0.588,0.624,0.488
281,1,1.0,0.95,0.726,0.65,0.6,0.626,0.874,0.95
282,,0.85,0.8,0.576,0.5,0.45,0.476,0.724,0.8
283,,0.7,0.65,0.426,0.35,0.3,0.326,0.574,0.65
284,,0.55,0.5,0.276,0.2,0.15,0.176,0.424,0.5
285,,0.4,0.35,0.126,0.05,0.0,0.026,0.274,0.35
286,,0.25,0.2,-0.024,-0.1,-0.15,-0.124,0.124,0.2
287,5,0.2,0.238,0.226,0.362,0.85,0.338,0.374,0.238
288,5,0.15,0.276,0.476,0.824,1.0,0.8,0.624,0.276
289,,0.0,0.126,0.326,0.674,0.85,0.65,0.474,0.126
290,,-0.15,-0.024,0.176,0.524,0.7,0.5,0.324,-0.024
291,1,0.85,0.438,0.426,0.562,0.65,0.538,0.574,0.438
292,1,1.0,0.9,0.676,0.6,0.6,0.576,0.824,0.9
293,,0.85,0.75,0.526,0.45,0.45,0.426,0.674,0.75
294,,0.7,0.6,0.376,0.3,0.3,0.276,0.524,0.6
295,,0.55,0.45,0.226,0.15,0.15,0.126,0.374,0.45
296,,0.4,0.3,0.076,0.0,0.0,-0.024,0.224,0.3
297,6,0.438,0.25,0.114,0.25,0.462,0.976,0.686,0.55
298,6,0.476,0.2,0.152,0.5,0.924,1.0,1.0,0.8
299,,0.326,0.05,0.002,0.35,0.774,0.85,0.85,0.65
300,,0.176,-0.1,-0.148,0.2,0.624,0.7,0.7,0.5
301,3,0.426,0.362,0.852,0.662,0.874,0.738,0.65,0.538
302,3,0.676,0.824,1.0,1.0,1.0,0.776,0.6,0.576
303,,0.526,0.674,0.85,0.85,0.85,0.626,0.45,0.426
304,,0.376,0.524,0.7,0.7,0.7,0.476,0.3,0.276
305,,0.226,0.374,0.55,0.55,0.55,0.326,0.15,0.126
306,,0.076,0.224,0.4,0.4,0.4,0.176,0.0,-0.024
307,8,0.538,0.474,0.438,0.35,0.438,0.426,0.462,0.976
308,8,1.0,0.724,0.476,0.3,0.476,0.676,0.924,1.0
309,,0.85,0.574,0.326,0.15,0.326,0.526,0.774,0.85
310,,0.7,0.424,0.176,0.0,0.176,0.376,0.624,0.7
311,,0.55,0.274,0.026,-0.15,0.026,0.226,0.474,0.55
312,4,0.588,0.524,0.488,0.85,0.488,0.476,0.512,0.5
313,4,0.626,0.774,0.95,1.0,0.95,0.726,0.55,0.45
314,,0.476,0.624,0.8,0.85,0.8,0.576,0.4,0.3
315,,0.326,0.474,0.65,0.7,0.65,0.426,0.25,0.15
316,,0.176,0.324,0.5,0.55,0.5,0.276,0.1,0.0
317,,0.026,0.174,0.35,0.4,0.35,0.126,-0.05,-0.15
318,8,0.488,0.424,0.388,0.35,0.388,0.376,0.412,0.85
319,8,0.95,0.674,0.426,0.3,0.426,0.626,0.874,1.0
320,,0.8,0.524,0.276,0.15,0.276,0.476,0.724,0.85
321,,0.65,0.374,0.126,0.0,0.126,0.326,0.574,0.7
322,,0.5,0.224,-0.024,-0.15,-0.024,0.176,0.424,0.55
323,4,0.538,0.474,0.438,0.85,0.438,0.426,0.462,0.5
324,4,0.576,0.724,0.9,1.0,0.9,0.676,0.5,0.45
325,,0.426,0.574,0.75,0.85,0.75,0.526,0.35,0.3
326,,0.276,0.424,0.6,0.7,0.6,0.376,0.2,0.15
327,,0.126,0.274,0.45,0.55,0.45,0.226,0.05,0.0
328,,-0.024,0.124,0.3,0.4,0.3,0.076,-0.1,-0.15
329,8,0.438,0.374,0.338,0.35,0.338,0.326,0.362,0.85
330,8,0.9,0.624,0.376,0.3,0.376,0.576,0.824,1.0
331,,0.75,0.474,0.226,0.15,0.226,0.426,0.674,0.85
332,,0.6,0.324,0.076,0.0,0.076,0.276,0.524,0.7
333,,0.45,0.174,-0.074,-0.15,-0.074,0.126,0.374,0.55
334,4,0.488,0.424,0.388,0.85,0.388,0.376,0.412,0.5
335,4,0.526,0.674,0.85,1.0,0.85,0.626,0.45,0.45
336,,0.376,0.524,0.7,0.85,0.7,0.476,0.3,0.3
337,,0.226,0.374,0.55,0.7,0.55,0.326,0.15,0.15
338,,0.076,0.224,0.4,0.55,0.4,0.176,0.0,0.0
339,,-0.074,0.074,0.25,0.4,0.25,0.026,-0.15,-0.15
340,7,0.176,0.112,0.2,0.438,0.5,0.488,0.85,0.312
341,7,0.426,0.15,0.15,0.476,0.75,0.95,1.0,0.774
342,,0.276,0.0,0.0,0.326,0.6,0.8,0.85,0.624
343,,0.126,-0.15,-0.15,0.176,0.45,0.65,0.7,0.474
344,2,0.588,0.85,0.312,0.426,0.488,0.6,0.738,0.724
345,2,1.0,1.0,0.774,0.676,0.526,0.55,0.776,0.974
346,,0.85,0.85,0.624,0.526,0.376,0.4,0.626,0.824
347,,0.7,0.7,0.474,0.376,0.226,0.25,0.476,0.674
348,,0.55,0.55,0.324,0.226,0.076,0.1,0.326,0.524
349,,0.4,0.4,0.174,0.076,-0.074,-0.05,0.176,0.374
350,5,0.35,0.438,0.424,0.538,0.926,0.412,0.426,0.412
351,5,0.3,0.476,0.674,1.0,1.0,0.874,0.676,0.45
352,,0.15,0.326,0.524,0.85,0.85,0.724,0.526,0.3
353,,0.0,0.176,0.374,0.7,0.7,0.574,0.376,0.15
354,,-0.15,0.026,0.224,0.55,0.55,0.424,0.226,0.0
355,1,0.85,0.488,0.474,0.588,0.5,0.462,0.476,0.462
356,1,1.0,0.95,0.724,0.626,0.45,0.5,0.726,0.924
357,,0.85,0.8,0.574,0.476,0.3,0.35,0.576,0.774
358,,0.7,0.65,0.424,0.326,0.15,0.2,0.426,0.624
359,,0.55,0.5,0.274,0.176,0.0,0.05,0.276,0.474
360,,0.4,0.35,0.124,0.026,-0.15,-0.1,0.126,0.324
361,5,0.35,0.388,0.374,0.488,0.85,0.362,0.376,0.362
362,5,0.3,0.426,0.624,0.95,1.0,0.824,0.626,0.4
363,,0.15,0.276,0.474,0.8,0.85,0.674,0.476,0.25
364,,0.0,0.126,0.324,0.65,0.7,0.524,0.326,0.1
365,,-0.15,-0.024,0.174,0.5,0.55,0.374,0.176,-0.05
366,1,0.85,0.438,0.424,0.538,0.5,0.412,0.426,0.412
367,1,1.0,0.9,0.674,0.576,0.45,0.45,0.676,0.874
368,,0.85,0.75,0.524,0.426,0.3,0.3,0.526,0.724
369,,0.7,0.6,0.374,0.276,0.15,0.15,0.376,0.574
370,,0.55,0.45,0.224,0.126,0.0,0.0,0.226,0.424
371,,0.4,0.3,0.074,-0.024,-0.15,-0.15,0.076,0.274
372,6,0.438,0.25,0.112,0.226,0.312,0.85,0.538,0.524
373,6,0.476,0.2,0.15,0.476,0.774,1.0,1.0,0.774
374,,0.326,0.05,0.0,0.326,0.624,0.85,0.85,0.624
375,,0.176,-0.1,-0.15,0.176,0.474,0.7,0.7,0.474
376,3,0.426,0.362,0.85,0.638,0.724,0.738,0.65,0.512
377,3,0.676,0.824,1.0,1.0,0.974,0.776,0.6,0.55
378,,0.526,0.674,0.85,0.85,0.824,0.626,0.45,0.4
379,,0.376,0.524,0.7,0.7,0.674,0.476,0.3,0.25
380,,0.226,0.374,0.55,0.55,0.524,0.326,0.15,0.1
381,,0.076,0.224,0.4,0.4,0.374,0.176,0.0,-0.05
382,8,0.538,0.474,0.438,0.35,0.412,0.426,0.462,0.95
383,8,1.0,0.724,0.476,0.3,0.45,0.676,0.924,1.0
384,,0.85,0.574,0.326,0.15,0.3,0.526,0.774,0.85
385,,0.7,0.424,0.176,0.0,0.15,0.376,0.624,0.7
386,,0.55,0.274,0.026,-0.15,0.0,0.226,0.474,0.55
387,4,0.588,0.524,0.488,0.85,0.462,0.476,0.512,0.5
388,4,0.626,0.774,0.95,1.0,0.924,0.726,0.55,0.45
389,,0.476,0.624,0.8,0.85,0.774,0.576,0.4,0.3
390,,0.326,0.474,0.65,0.7,0.624,0.426,0.25,0.15
391,,0.176,0.324,0.5,0.55,0.474,0.276,0.1,0.0
392,,0.026,0.174,0.35,0.4,0.324,0.126,-0.05,-0.15
393,8,0.488,0.424,0.388,0.35,0.362,0.376,0.412,0.85
394,8,0.95,0.674,0.426,0.3,0.4,0.626,0.874,1.0
395,,0.8,0.524,0.276,0.15,0.25,0.476,0.724,0.85
396,,0.65,0.374,0.126,0.0,0.1,0.326,0.574,0.7
397,,0.5,0.224,-0.024,-0.15,-0.05,0.176,0.424,0.55
398,4,0.538,0.474,0.438,0.85,0.412,0.426,0.462,0.5
399,4,0.576,0.724,0.9,1.0,0.874,0.676,0.5,0.45
400,,0.426,0.574,0.75,0.85,0.724,0.526,0.35,0.3
401,,0.276,0.424,0.6,0.7,0.574,0.376,0.2,0.15
402,,0.126,0.274,0.45,0.55,0.424,0.226,0.05,0.0
403,,-0.024,0.124,0.3,0.4,0.274,0.076,-0.1,-0.15
404,8,0.438,0.374,0.338,0.35,0.312,0.326,0.362,0.85
405,8,0.9,0.624,0.376,0.3,0.35,0.576,0.824,1.0
406,,0.75,0.474,0.226,0.15,0.2,0.426,0.674,0.85
407,,0.6,0.324,0.076,0.0,0.05,0.276,0.524,0.7
408,,0.45,0.174,-0.074,-0.15,-0.1,0.126,0.374,0.55
409,4,0.488,0.424,0.388,0.85,0.362,0.376,0.412,0.5
410,4,0.526,0.674,0.85,1.0,0.824,0.626,0.45,0.45
411,,0.376,0.524,0.7,0.85,0.674,0.476,0.3,0.3
412,,0.226,0.374,0.55,0.7,0.524,0.326,0.15,0.15
413,,0.076,0.224,0.4,0.55,0.374,0.176,0.0,0.0
414,,-0.074,0.074,0.25,0.4,0.224,0.026,-0.15,-0.15
415,8,0.388,0.324,0.288,0.35,0.262,0.276,0.312,0.85
416,8,0.85,0.574,0.326,0.3,0.3,0.526,0.774,1.0
417,,0.7,0.424,0.176,0.15,0.15,0.376,0.624,0.85
418,,0.55,0.274,0.026,0.0,0.0,0.226,0.474,0.7
419,,0.4,0.124,-0.124,-0.15,-0.15,0.076,0.324,0.55
420,4,0.438,0.374,0.338,0.85,0.312,0.326,0.362,0.5
421,4,0.476,0.624,0.8,1.0,0.774,0.576,0.4,0.45
422,,0.326,0.474,0.65,0.85,0.624,0.426,0.25,0.3
423,,0.176,0.324,0.5,0.7,0.474,0.276,0.1,0.15
424,,0.026,0.174,0.35,0.55,0.324,0.126,-0.05,0.0
425,7,0.276,0.212,0.3,0.588,0.574,0.588,0.95,0.462
426,7,0.526,0.25,0.25,0.626,0.824,1.0,1.0,0.924
427,,0.376,0.1,0.1,0.476,0.674,0.85,0.85,0.774
428,,0.226,-0.05,-0.05,0.326,0.524,0.7,0.7,0.624
429,3,0.476,0.412,0.95,0.788,0.774,0.738,0.65,0.662
430,3,0.726,0.874,1.0,1.0,1.0,0.776,0.6,0.7
431,,0.576,0.724,0.85,0.85,0.85,0.626,0.45,0.55
432,,0.426,0.574,0.7,0.7,0.7,0.476,0.3,0.4
433,,0.276,0.424,0.55,0.55,0.55,0.326,0.15,0.25
434,,0.126,0.274,0.4,0.4,0.4,0.176,0.0,0.1
435,,-0.024,0.124,0.25,0.25,0.25,0.026,-0.15,-0.05
436,7,0.226,0.162,0.2,0.288,0.5,0.488,0.85,0.412
437,7,0.476,0.2,0.15,0.326,0.75,0.95,1.0,0.874
438,,0.326,0.05,0.0,0.176,0.6,0.8,0.85,0.724
439,,0.176,-0.1,-0.15,0.026,0.45,0.65,0.7,0.574
440,3,0.426,0.362,0.85,0.488,0.7,0.688,0.65,0.612
441,3,0.676,0.824,1.0,0.95,0.95,0.726,0.6,0.65
442,,0.526,0.674,0.85,0.8,0.8,0.576,0.45,0.5
443,,0.376,0.524,0.7,0.65,0.65,0.426,0.3,0.35
444,,0.226,0.374,0.55,0.5,0.5,0.276,0.15,0.2
445,,0.076,0.224,0.4,0.35,0.35,0.126,0.0,0.05
446,,-0.074,0.074,0.25,0.2,0.2,-0.024,-0.15,-0.1
447,7,0.176,0.112,0.2,0.238,0.45,0.438,0.85,0.362
448,7,0.426,0.15,0.15,0.276,0.7,0.9,1.0,0.824
449,,0.276,0.0,0.0,0.126,0.55,0.75,0.85,0.674
450,,0.126,-0.15,-0.15,-0.024,0.4,0.6,0.7,0.524
451,3,0.376,0.312,0.85,0.438,0.65,0.638,0.65,0.562
452,3,0.626,0.774,1.0,0.9,0.9,0.676,0.6,0.6
453,,0.476,0.624,0.85,0.75,0.75,0.526,0.45,0.45
454,,0.326,0.474,0.7,0.6,0.6,0.376,0.3,0.3
455,,0.176,0.324,0.55,0.45,0.45,0.226,0.15,0.15
456,,0.026,0.174,0.4,0.3,0.3,0.076,0.0,0.0
457,,-0.124,0.024,0.25,0.15,0.15,-0.074,-0.15,-0.15
458,8,0.338,0.274,0.288,0.1,0.188,0.176,0.312,0.85
459,8,0.8,0.524,0.326,0.05,0.226,0.426,0.774,1.0
460,,0.65,0.374,0.176,-0.1,0.076,0.276,0.624,0.85
461,4,0.688,0.624,0.638,0.9,0.538,0.526,0.662,0.8
462,4,0.726,0.874,1.0,1.0,1.0,0.776,0.7,0.75
463,,0.576,0.724,0.85,0.85,0.85,0.626,0.55,0.6
464,,0.426,0.574,0.7,0.7,0.7,0.476,0.4,0.45
465,,0.276,0.424,0.55,0.55,0.55,0.326,0.25,0.3
466,,0.126,0.274,0.4,0.4,0.4,0.176,0.1,0.15
467,,-0.024,0.124,0.25,0.25,0.25,0.026,-0.05,0.0
468,7,0.226,0.162,0.2,0.288,0.5,0.488,0.95,0.462
469,7,0.476,0.2,0.15,0.326,0.75,0.95,1.0,0.924
470,,0.326,0.05,0.0,0.176,0.6,0.8,0.85,0.774
471,,0.176,-0.1,-0.15,0.026,0.45,0.65,0.7,0.624
472,3,0.426,0.362,0.85,0.488,0.7,0.688,0.65,0.662
473,3,0.676,0.824,1.0,0.95,0.95,0.726,0.6,0.7
474,,0.526,0.674,0.85,0.8,0.8,0.576,0.45,0.55
475,,0.376,0.524,0.7,0.65,0.65,0.426,0.3,0.4
476,,0.226,0.374,0.55,0.5,0.5,0.276,0.15,0.25
477,,0.076,0.224,0.4,0.35,0.35,0.126,0.0,0.1
478,,-0.074,0.074,0.25,0.2,0.2,-0.024,-0.15,-0.05
479,7,0.176,0.112,0.2,0.238,0.45,0.438,0.85,0.412
480,7,0.426,0.15,0.15,0.276,0.7,0.9,1.0,0.874
481,,0.276,0.0,0.0,0.126,0.55,0.75,0.85,0.724
482,,0.126,-0.15,-0.15,-0.024,0.4,0.6,0.7,0.574
483,3,0.376,0.312,0.85,0.438,0.65,0.638,0.65,0.612
484,3,0.626,0.774,1.0,0.9,0.9,0.676,0.6,0.65
485,,0.476,0.624,0.85,0.75,0.75,0.526,0.45,0.5
486,,0.326,0.474,0.7,0.6,0.6,0.376,0.3,0.35
487,,0.176,0.324,0.55,0.45,0.45,0.226,0.15,0.2
488,,0.026,0.174,0.4,0.3,0.3,0.076,0.0,0.05
489,,-0.124,0.024,0.25,0.15,0.15,-0.074,-0.15,-0.1
490,7,0.126,0.062,0.2,0.188,0.4,0.388,0.85,0.362
491,7,0.376,0.1,0.15,0.226,0.65,0.85,1.0,0.824
492,,0.226,-0.05,0.0,0.076,0.5,0.7,0.85,0.674
493,2,0.688,0.95,0.462,0.326,0.538,0.65,0.888,0.924
494,2,1.0,1.0,0.924,0.576,0.576,0.6,0.926,1.0
495,,0.85,0.85,0.774,0.426,0.426,0.45,0.776,0.85
496,,0.7,0.7,0.624,0.276,0.276,0.3,0.626,0.7
497,,0.55,0.55,0.474,0.126,0.126,0.15,0.476,0.55
498,,0.4,0.4,0.324,-0.024,-0.024,0.0,0.326,0.4
499,5,0.35,0.438,0.574,0.438,0.976,0.462,0.576,0.438
500,5,0.3,0.476,0.824,0.9,1.0,0.924,0.826,0.476
501,,0.15,0.326,0.674,0.75,0.85,0.774,0.676,0.326
502,,0.0,0.176,0.524,0.6,0.7,0.624,0.526,0.176
503,,-0.15,0.026,0.374,0.45,0.55,0.474,0.376,0.026
504,1,0.85,0.488,0.624,0.488,0.5,0.512,0.626,0.488
505,1,1.0,0.95,0.874,0.526,0.45,0.55,0.876,0.95
506,,0.85,0.8,0.724,0.376,0.3,0.4,0.726,0.8
507,,0.7,0.65,0.574,0.226,0.15,0.25,0.576,0.65
508,,0.55,0.5,0.424,0.076,0.0,0.1,0.426,0.5
509,,0.4,0.35,0.274,-0.074,-0.15,-0.05,0.276,0.35
510,5,0.35,0.388,0.524,0.388,0.85,0.412,0.526,0.388
511,5,0.3,0.426,0.774,0.85,1.0,0.874,0.776,0.426
512,,0.15,0.276,0.624,0.7,0.85,0.724,0.626,0.276
513,,0.0,0.126,0.474,0.55,0.7,0.574,0.476,0.126
514,,-0.15,-0.024,0.324,0.4,0.55,0.424,0.326,-0.024
515,1,0.85,0.438,0.574,0.438,0.5,0.462,0.576,0.438
516,1,1.0,0.9,0.824,0.476,0.45,0.5,0.826,0.9
517,,0.85,0.75,0.674,0.326,0.3,0.35,0.676,0.75
518,,0.7,0.6,0.524,0.176,0.15,0.2,0.526,0.6
519,,0.55,0.45,0.374,0.026,0.0,0.05,0.376,0.45
520,,0.4,0.3,0.224,-0.124,-0.15,-0.1,0.226,0.3
521,5,0.35,0.338,0.474,0.338,0.85,0.362,0.476,0.338
522,5,0.3,0.376,0.724,0.8,1.0,0.824,0.726,0.376
523,,0.15,0.226,0.574,0.65,0.85,0.674,0.576,0.226
524,,0.0,0.076,0.424,0.5,0.7,0.524,0.426,0.076
525,,-0.15,-0.074,0.274,0.35,0.55,0.374,0.276,-0.074
526,1,0.85,0.388,0.524,0.388,0.5,0.412,0.526,0.388
527,1,1.0,0.85,0.774,0.426,0.45,0.45,0.776,0.85
528,,0.85,0.7,0.624,0.276,0.3,0.3,0.626,0.7
529,,0.7,0.55,0.474,0.126,0.15,0.15,0.476,0.55
530,,0.55,0.4,0.324,-0.024,0.0,0.0,0.326,0.4
531,4,0.588,0.65,0.786,0.976,0.462,0.25,0.364,0.35
532,4,0.626,0.9,1.0,1.0,0.924,0.5,0.402,0.3
533,,0.476,0.75,0.85,0.85,0.774,0.35,0.252,0.15
534,,0.326,0.6,0.7,0.7,0.624,0.2,0.102,0.0
535,,0.176,0.45,0.55,0.55,0.474,0.05,-0.048,-0.15
536,8,0.638,0.7,0.588,0.5,0.512,0.3,0.414,0.85
537,8,1.0,0.95,0.626,0.45,0.55,0.55,0.876,1.0
538,,0.85,0.8,0.476,0.3,0.4,0.4,0.726,0.85
539,,0.7,0.65,0.326,0.15,0.25,0.25,0.576,0.7
540,,0.55,0.5,0.176,0.0,0.1,0.1,0.426,0.55
541,,0.4,0.35,0.026,-0.15,-0.05,-0.05,0.276,0.4
542,4,0.438,0.6,0.488,0.85,0.412,0.2,0.314,0.35
543,4,0.476,0.85,0.95,1.0,0.874,0.45,0.352,0.3
544,,0.326,0.7,0.8,0.85,0.724,0.3,0.202,0.15
545,,0.176,0.55,0.65,0.7,0.574,0.15,0.052,0.0
546,,0.026,0.4,0.5,0.55,0.424,0.0,-0.098,-0.15
547,8,0.488,0.65,0.538,0.5,0.462,0.25,0.364,0.85
548,8,0.95,0.9,0.576,0.45,0.5,0.5,0.826,1.0
549,,0.8,0.75,0.426,0.3,0.35,0.35,0.676,0.85
550,,0.65,0.6,0.276,0.15,0.2,0.2,0.526,0.7
551,,0.5,0.45,0.126,0.0,0.05,0.05,0.376,0.55
552,,0.35,0.3,-0.024,-0.15,-0.1,-0.1,0.226,0.4
553,4,0.388,0.55,0.438,0.85,0.362,0.15,0.264,0.35
554,4,0.426,0.8,0.9,1.0,0.824,0.4,0.302,0.3
555,,0.276,0.65,0.75,0.85,0.674,0.25,0.152,0.15
556,,0.126,0.5,0.6,0.7,0.524,0.1,0.002,0.0
557,,-0.024,0.35,0.45,0.55,0.374,-0.05,-0.148,-0.15
558,8,0.438,0.6,0.488,0.5,0.412,0.2,0.314,0.85
559,8,0.9,0.85,0.526,0.45,0.45,0.45,0.776,1.0
560,,0.75,0.7,0.376,0.3,0.3,0.3,0.626,0.85
561,,0.6,0.55,0.226,0.15,0.15,0.15,0.476,0.7
562,,0.45,0.4,0.076,0.0,0.0,0.0,0.326,0.55
563,,0.3,0.25,-0.074,-0.15,-0.15,-0.15,0.176,0.4
564,4,0.338,0.5,0.388,0.85,0.312,0.1,0.214,0.35
565,4,0.376,0.75,0.85,1.0,0.774,0.35,0.252,0.3
566,,0.226,0.6,0.7,0.85,0.624,0.2,0.102,0.15
567,,0.076,0.45,0.55,0.7,0.474,0.05,-0.048,0.0
568,7,0.326,0.488,0.5,0.738,0.724,0.512,0.952,0.462
569,7,0.576,0.526,0.45,0.776,0.974,0.974,1.0,0.924
570,,0.426,0.376,0.3,0.626,0.824,0.824,0.85,0.774
571,,0.276,0.226,0.15,0.476,0.674,0.674,0.7,0.624
572,,0.126,0.076,0.0,0.326,0.524,0.524,0.55,0.474
573,,-0.024,-0.074,-0.15,0.176,0.374,0.374,0.4,0.324
574,3,0.226,0.388,0.85,0.638,0.624,0.412,0.35,0.362
575,3,0.476,0.85,1.0,1.0,0.874,0.45,0.3,0.4
576,,0.326,0.7,0.85,0.85,0.724,0.3,0.15,0.25
577,,0.176,0.55,0.7,0.7,0.574,0.15,0.0,0.1
578,,0.026,0.4,0.55,0.55,0.424,0.0,-0.15,-0.05
579,7,0.276,0.438,0.5,0.588,0.674,0.462,0.85,0.412
580,7,0.526,0.476,0.45,0.626,0.924,0.924,1.0,0.874
581,,0.376,0.326,0.3,0.476,0.774,0.774,0.85,0.724
582,,0.226,0.176,0.15,0.326,0.624,0.624,0.7,0.574
583,,0.076,0.026,0.0,0.176,0.474,0.474,0.55,0.424
584,,-0.074,-0.124,-0.15,0.026,0.324,0.324,0.4,0.274
585,3,0.176,0.338,0.85,0.488,0.574,0.362,0.35,0.312
586,3,0.426,0.8,1.0,0.95,0.824,0.4,0.3,0.35
587,,0.276,0.65,0.85,0.8,0.674,0.25,0.15,0.2
588,,0.126,0.5,0.7,0.65,0.524,0.1,0.0,0.05
589,,-0.024,0.35,0.55,0.5,0.374,-0.05,-0.15,-0.1
590,7,0.226,0.388,0.5,0.538,0.624,0.412,0.85,0.362
591,7,0.476,0.426,0.45,0.576,0.874,0.874,1.0,0.824
592,,0.326,0.276,0.3,0.426,0.724,0.724,0.85,0.674
593,,0.176,0.126,0.15,0.276,0.574,0.574,0.7,0.524
594,,0.026,-0.024,0.0,0.126,0.424,0.424,0.55,0.374
595,2,0.488,0.976,0.462,0.376,0.462,0.374,0.588,0.624
596,2,0.95,1.0,0.924,0.626,0.5,0.324,0.626,0.874
597,,0.8,0.85,0.774,0.476,0.35,0.174,0.476,0.724
598,,0.65,0.7,0.624,0.326,0.2,0.024,0.326,0.574
599,,0.5,0.55,0.474,0.176,0.05,-0.126,0.176,0.424
600,6,0.538,0.5,0.512,0.426,0.512,0.874,0.638,0.674
601,6,0.576,0.45,0.55,0.676,0.974,1.0,1.0,0.924
602,,0.426,0.3,0.4,0.526,0.824,0.85,0.85,0.774
603,,0.276,0.15,0.25,0.376,0.674,0.7,0.7,0.624
604,,0.126,0.0,0.1,0.226,0.524,0.55,0.55,0.474
605,,-0.024,-0.15,-0.05,0.076,0.374,0.4,0.4,0.324
606,2,0.438,0.85,0.412,0.326,0.412,0.35,0.438,0.574
607,2,0.9,1.0,0.874,0.576,0.45,0.3,0.476,0.824
608,,0.75,0.85,0.724,0.426,0.3,0.15,0.326,0.674
609,,0.6,0.7,0.574,0.276,0.15,0.0,0.176,0.524
610,,0.45,0.55,0.424,0.126,0.0,-0.15,0.026,0.374
611,6,0.488,0.5,0.462,0.376,0.462,0.85,0.488,0.624
612,6,0.526,0.45,0.5,0.626,0.924,1.0,0.95,0.874
613,,0.376,0.3,0.35,0.476,0.774,0.85,0.8,0.724
614,,0.226,0.15,0.2,0.326,0.624,0.7,0.65,0.574
615,,0.076,0.0,0.05,0.176,0.474,0.55,0.5,0.424
616,,-0.074,-0.15,-0.1,0.026,0.324,0.4,0.35,0.274
617,2,0.388,0.85,0.362,0.276,0.362,0.35,0.388,0.524
618,2,0.85,1.0,0.824,0.526,0.4,0.3,0.426,0.774
619,,0.7,0.85,0.674,0.376,0.25,0.15,0.276,0.624
620,,0.55,0.7,0.524,0.226,0.1,0.0,0.126,0.474
621,,0.4,0.55,0.374,0.076,-0.05,-0.15,-0.024,0.324
622,6,0.438,0.5,0.412,0.326,0.412,0.85,0.438,0.574
623,6,0.476,0.45,0.45,0.576,0.874,1.0,0.9,0.824
624,,0.326,0.3,0.3,0.426,0.724,0.85,0.75,0.674
625,,0.176,0.15,0.15,0.276,0.574,0.7,0.6,0.524
626,,0.026,0.0,0.0,0.126,0.424,0.55,0.45,0.374
627,,-0.124,-0.15,-0.15,-0.024,0.274,0.4,0.3,0.224
628,3,0.126,0.312,0.85,0.438,0.524,0.438,0.25,0.262
629,3,0.376,0.774,1.0,0.9,0.774,0.476,0.2,0.3
630,,0.226,0.624,0.85,0.75,0.624,0.326,0.05,0.15
631,,0.076,0.474,0.7,0.6,0.474,0.176,-0.1,0.0
632,7,0.326,0.512,0.65,0.638,0.724,0.638,0.9,0.462
633,7,0.576,0.55,0.6,0.676,0.974,1.0,1.0,0.924
634,,0.426,0.4,0.45,0.526,0.824,0.85,0.85,0.774
635,,0.276,0.25,0.3,0.376,0.674,0.7,0.7,0.624
636,,0.126,0.1,0.15,0.226,0.524,0.55,0.55,0.474
637,,-0.024,-0.05,0.0,0.076,0.374,0.4,0.4,0.324
638,2,0.438,0.95,0.462,0.326,0.412,0.35,0.438,0.574
639,2,0.9,1.0,0.924,0.576,0.45,0.3,0.476,0.824
640,,0.75,0.85,0.774,0.426,0.3,0.15,0.326,0.674
641,,0.6,0.7,0.624,0.276,0.15,0.0,0.176,0.524
642,,0.45,0.55,0.474,0.126,0.0,-0.15,0.026,0.374
643,6,0.488,0.5,0.512,0.376,0.462,0.85,0.488,0.624
644,6,0.526,0.45,0.55,0.626,0.924,1.0,0.95,0.874
645,,0.376,0.3,0.4,0.476,0.774,0.85,0.8,0.724
646,,0.226,0.15,0.25,0.326,0.624,0.7,0.65,0.574
647,,0.076,0.0,0.1,0.176,0.474,0.55,0.5,0.424
648,,-0.074,-0.15,-0.05,0.026,0.324,0.4,0.35,0.274
649,2,0.388,0.85,0.412,0.276,0.362,0.35,0.388,0.524
650,2,0.85,1.0,0.874,0.526,0.4,0.3,0.426,0.774
651,,0.7,0.85,0.724,0.376,0.25,0.15,0.276,0.624
652,,0.55,0.7,0.574,0.226,0.1,0.0,0.126,0.474
653,,0.4,0.55,0.424,0.076,-0.05,-0.15,-0.024,0.324
654,6,0.438,0.5,0.462,0.326,0.412,0.85,0.438,0.574
655,6,0.476,0.45,0.5,0.576,0.874,1.0,0.9,0.824
656,,0.326,0.3,0.35,0.426,0.724,0.85,0.75,0.674
657,,0.176,0.15,0.2,0.276,0.574,0.7,0.6,0.524
658,,0.026,0.0,0.05,0.126,0.424,0.55,0.45,0.374
659,,-0.124,-0.15,-0.1,-0.024,0.274,0.4,0.3,0.224
660,2,0.338,0.85,0.362,0.226,0.312,0.35,0.338,0.474
661,2,0.8,1.0,0.824,0.476,0.35,0.3,0.376,0.724
662,,0.65,0.85,0.674,0.326,0.2,0.15,0.226,0.574
663,,0.5,0.7,0.524,0.176,0.05,0.0,0.076,0.424
664,,0.35,0.55,0.374,0.026,-0.1,-0.15,-0.074,0.274
665,6,0.388,0.5,0.412,0.276,0.362,0.85,0.388,0.524
666,6,0.426,0.45,0.45,0.526,0.824,1.0,0.85,0.774
667,,0.276,0.3,0.3,0.376,0.674,0.85,0.7,0.624
668,,0.126,0.15,0.15,0.226,0.524,0.7,0.55,0.474
669,,-0.024,0.0,0.0,0.076,0.374,0.55,0.4,0.324
670,1,0.976,0.462,0.25,0.114,0.324,0.588,0.65,0.786
671,1,1.0,0.924,0.5,0.152,0.274,0.626,0.9,1.0
672,,0.85,0.774,0.35,0.002,0.124,0.476,0.75,0.85
673,,0.7,0.624,0.2,-0.148,-0.026,0.326,0.6,0.7
674,4,0.738,0.874,0.662,0.852,0.436,0.576,0.638,0.65
675,4,0.776,1.0,1.0,1.0,0.898,0.826,0.676,0.6
676,,0.626,0.85,0.85,0.85,0.748,0.676,0.526,0.45
677,,0.476,0.7,0.7,0.7,0.598,0.526,0.376,0.3
678,,0.326,0.55,0.55,0.55,0.448,0.376,0.226,0.15
679,,0.176,0.4,0.4,0.4,0.298,0.226,0.076,0.0
680,,0.026,0.25,0.25,0.25,0.148,0.076,-0.074,-0.15
681,8,0.488,0.5,0.288,0.2,0.186,0.326,0.388,0.85
682,8,0.95,0.75,0.326,0.15,0.224,0.576,0.85,1.0
683,,0.8,0.6,0.176,0.0,0.074,0.426,0.7,0.85
684,,0.65,0.45,0.026,-0.15,-0.076,0.276,0.55,0.7
685,4,0.688,0.7,0.488,0.85,0.386,0.526,0.588,0.65
686,4,0.726,0.95,0.95,1.0,0.848,0.776,0.626,0.6
687,,0.576,0.8,0.8,0.85,0.698,0.626,0.476,0.45
688,,0.426,0.65,0.65,0.7,0.548,0.476,0.326,0.3
689,,0.276,0.5,0.5,0.55,0.398,0.326,0.176,0.15
690,,0.126,0.35,0.35,0.4,0.248,0.176,0.026,0.0
691,,-0.024,0.2,0.2,0.25,0.098,0.026,-0.124,-0.15
692,8,0.438,0.45,0.238,0.2,0.136,0.276,0.338,0.85
693,8,0.9,0.7,0.276,0.15,0.174,0.526,0.8,1.0
694,,0.75,0.55,0.126,0.0,0.024,0.376,0.65,0.85
695,,0.6,0.4,-0.024,-0.15,-0.126,0.226,0.5,0.7
696,4,0.638,0.65,0.438,0.85,0.336,0.476,0.538,0.65
697,4,0.676,0.9,0.9,1.0,0.798,0.726,0.576,0.6
698,,0.526,0.75,0.75,0.85,0.648,0.576,0.426,0.45
699,,0.376,0.6,0.6,0.7,0.498,0.426,0.276,0.3
700,,0.226,0.45,0.45,0.55,0.348,0.276,0.126,0.15
701,,0.076,0.3,0.3,0.4,0.198,0.126,-0.024,0.0
702,7,0.326,0.338,0.25,0.438,0.448,0.588,0.976,0.462
703,7,0.576,0.376,0.2,0.476,0.698,1.0,1.0,0.924
704,,0.426,0.226,0.05,0.326,0.548,0.85,0.85,0.774
705,,0.276,0.076,-0.1,0.176,0.398,0.7,0.7,0.624
706,3,0.526,0.538,0.9,0.638,0.648,0.738,0.65,0.662
707,3,0.776,1.0,1.0,1.0,0.898,0.776,0.6,0.7
708,,0.626,0.85,0.85,0.85,0.748,0.626,0.45,0.55
709,,0.476,0.7,0.7,0.7,0.598,0.476,0.3,0.4
710,,0.326,0.55,0.55,0.55,0.448,0.326,0.15,0.25
711,,0.176,0.4,0.4,0.4,0.298,0.176,0.0,0.1
712,,0.026,0.25,0.25,0.25,0.148,0.026,-0.15,-0.05
713,7,0.276,0.288,0.2,0.288,0.398,0.488,0.85,0.412
714,7,0.526,0.326,0.15,0.326,0.648,0.95,1.0,0.874
715,,0.376,0.176,0.0,0.176,0.498,0.8,0.85,0.724
716,,0.226,0.026,-0.15,0.026,0.348,0.65,0.7,0.574
717,3,0.476,0.488,0.85,0.488,0.598,0.688,0.65,0.612
718,3,0.726,0.95,1.0,0.95,0.848,0.726,0.6,0.65
719,,0.576,0.8,0.85,0.8,0.698,0.576,0.45,0.5
720,,0.426,0.65,0.7,0.65,0.548,0.426,0.3,0.35
721,,0.276,0.5,0.55,0.5,0.398,0.276,0.15,0.2
722,,0.126,0.35,0.4,0.35,0.248,0.126,0.0,0.05
723,,-0.024,0.2,0.25,0.2,0.098,-0.024,-0.15,-0.1
724,7,0.226,0.238,0.2,0.238,0.348,0.438,0.85,0.362
725,7,0.476,0.276,0.15,0.276,0.598,0.9,1.0,0.824
726,,0.326,0.126,0.0,0.126,0.448,0.75,0.85,0.674
727,,0.176,-0.024,-0.15,-0.024,0.298,0.6,0.7,0.524
728,3,0.426,0.438,0.85,0.438,0.548,0.638,0.65,0.562
729,3,0.676,0.9,1.0,0.9,0.798,0.676,0.6,0.6
730,,0.526,0.75,0.85,0.75,0.648,0.526,0.45,0.45
731,,0.376,0.6,0.7,0.6,0.498,0.376,0.3,0.3
732,,0.226,0.45,0.55,0.45,0.348,0.226,0.15,0.15
733,,0.076,0.3,0.4,0.3,0.198,0.076,0.0,0.0
734,,-0.074,0.15,0.25,0.15,0.048,-0.074,-0.15,-0.15
735,7,0.176,0.188,0.2,0.188,0.298,0.388,0.85,0.312
736,7,0.426,0.226,0.15,0.226,0.548,0.85,1.0,0.774
737,,0.276,0.076,0.0,0.076,0.398,0.7,0.85,0.624
738,,0.126,-0.074,-0.15,-0.074,0.248,0.55,0.7,0.474
739,3,0.376,0.388,0.85,0.388,0.498,0.588,0.65,0.512
740,3,0.626,0.85,1.0,0.85,0.748,0.626,0.6,0.55
741,,0.476,0.7,0.85,0.7,0.598,0.476,0.45,0.4
742,,0.326,0.55,0.7,0.55,0.448,0.326,0.3,0.25
743,,0.176,0.4,0.55,0.4,0.298,0.176,0.15,0.1
744,,0.026,0.25,0.4,0.25,0.148,0.026,0.0,-0.05
745,8,0.488,0.5,0.438,0.2,0.186,0.276,0.462,0.95
746,8,0.95,0.75,0.476,0.15,0.224,0.526,0.924,1.0
747,,0.8,0.6,0.326,0.0,0.074,0.376,0.774,0.85
748,,0.65,0.45,0.176,-0.15,-0.076,0.226,0.624,0.7
749,4,0.688,0.7,0.638,0.85,0.386,0.476,0.662,0.65
750,4,0.726,0.95,1.0,1.0,0.848,0.726,0.7,0.6
751,,0.576,0.8,0.85,0.85,0.698,0.576,0.55,0.45
752,,0.426,0.65,0.7,0.7,0.548,0.426,0.4,0.3
753,,0.276,0.5,0.55,0.55,0.398,0.276,0.25,0.15
754,,0.126,0.35,0.4,0.4,0.248,0.126,0.1,0.0
755,,-0.024,0.2,0.25,0.25,0.098,-0.024,-0.05,-0.15
756,8,0.438,0.45,0.288,0.2,0.136,0.226,0.412,0.85
757,8,0.9,0.7,0.326,0.15,0.174,0.476,0.874,1.0
758,,0.75,0.55,0.176,0.0,0.024,0.326,0.724,0.85
759,,0.6,0.4,0.026,-0.15,-0.126,0.176,0.574,0.7
760,4,0.638,0.65,0.488,0.85,0.336,0.426,0.612,0.65
761,4,0.676,0.9,0.95,1.0,0.798,0.676,0.65,0.6
762,,0.526,0.75,0.8,0.85,0.648,0.526,0.5,0.45
763,,0.376,0.6,0.65,0.7,0.498,0.376,0.35,0.3
764,,0.226,0.45,0.5,0.55,0.348,0.226,0.2,0.15
765,,0.076,0.3,0.35,0.4,0.198,0.076,0.05,0.0
766,,-0.074,0.15,0.2,0.25,0.048,-0.074,-0.1,-0.15
767,8,0.388,0.4,0.238,0.2,0.086,0.176,0.362,0.85
768,8,0.85,0.65,0.276,0.15,0.124,0.426,0.824,1.0
769,,0.7,0.5,0.126,0.0,-0.026,0.276,0.674,0.85
770,5,0.65,0.538,0.376,0.462,0.974,0.738,0.924,0.888
771,5,0.6,0.576,0.626,0.924,1.0,1.0,1.0,0.926
772,,0.45,0.426,0.476,0.774,0.85,0.85,0.85,0.776
773,,0.3,0.276,0.326,0.624,0.7,0.7,0.7,0.626
774,,0.15,0.126,0.176,0.474,0.55,0.55,0.55,0.476
775,,0.0,-0.024,0.026,0.324,0.4,0.4,0.4,0.326
776,2,0.462,0.976,0.488,0.574,0.438,0.35,0.438,0.576
777,2,0.924,1.0,0.95,0.824,0.476,0.3,0.476,0.826
778,,0.774,0.85,0.8,0.674,0.326,0.15,0.326,0.676
779,,0.624,0.7,0.65,0.524,0.176,0.0,0.176,0.526
780,,0.474,0.55,0.5,0.374,0.026,-0.15,0.026,0.376
781,6,0.512,0.5,0.538,0.624,0.488,0.85,0.488,0.626
782,6,0.55,0.45,0.576,0.874,0.95,1.0,0.95,0.876
783,,0.4,0.3,0.426,0.724,0.8,0.85,0.8,0.726
784,,0.25,0.15,0.276,0.574,0.65,0.7,0.65,0.576
785,,0.1,0.0,0.126,0.424,0.5,0.55,0.5,0.426
786,,-0.05,-0.15,-0.024,0.274,0.35,0.4,0.35,0.276
787,2,0.412,0.85,0.438,0.524,0.388,0.35,0.388,0.526
788,2,0.874,1.0,0.9,0.774,0.426,0.3,0.426,0.776
789,,0.724,0.85,0.75,0.624,0.276,0.15,0.276,0.626
790,,0.574,0.7,0.6,0.474,0.126,0.0,0.126,0.476
791,,0.424,0.55,0.45,0.324,-0.024,-0.15,-0.024,0.326
792,6,0.462,0.5,0.488,0.574,0.438,0.85,0.438,0.576
793,6,0.5,0.45,0.526,0.824,0.9,1.0,0.9,0.826
794,,0.35,0.3,0.376,0.674,0.75,0.85,0.75,0.676
795,,0.2,0.15,0.226,0.524,0.6,0.7,0.6,0.526
796,,0.05,0.0,0.076,0.374,0.45,0.55,0.45,0.376
797,,-0.1,-0.15,-0.074,0.224,0.3,0.4,0.3,0.226
798,2,0.362,0.85,0.388,0.474,0.338,0.35,0.338,0.476
799,2,0.824,1.0,0.85,0.724,0.376,0.3,0.376,0.726
800,,0.674,0.85,0.7,0.574,0.226,0.15,0.226,0.576
801,,0.524,0.7,0.55,0.424,0.076,0.0,0.076,0.426
802,,0.374,0.55,0.4,0.274,-0.074,-0.15,-0.074,0.276
803,6,0.412,0.5,0.438,0.524,0.388,0.85,0.388,0.526
804,6,0.45,0.45,0.476,0.774,0.85,1.0,0.85,0.776
805,,0.3,0.3,0.326,0.624,0.7,0.85,0.7,0.626
806,,0.15,0.15,0.176,0.474,0.55,0.7,0.55,0.476
807,,0.0,0.0,0.026,0.324,0.4,0.55,0.4,0.326
808,,-0.15,-0.15,-0.124,0.174,0.25,0.4,0.25,0.176
809,2,0.312,0.85,0.338,0.424,0.288,0.35,0.288,0.426
810,2,0.774,1.0,0.8,0.674,0.326,0.3,0.326,0.676
811,,0.624,0.85,0.65,0.524,0.176,0.15,0.176,0.526
812,,0.474,0.7,0.5,0.374,0.026,0.0,0.026,0.376
813,,0.324,0.55,0.35,0.224,-0.124,-0.15,-0.124,0.226
814,6,0.362,0.5,0.388,0.474,0.338,0.85,0.338,0.476
815,6,0.4,0.45,0.426,0.724,0.8,1.0,0.8,0.726
816,,0.25,0.3,0.276,0.574,0.65,0.85,0.65,0.576
817,,0.1,0.15,0.126,0.424,0.5,0.7,0.5,0.426
818,,-0.05,0.0,-0.024,0.274,0.35,0.55,0.35,0.276
819,1,0.95,0.462,0.226,0.312,0.3,0.588,0.6,0.738
820,1,1.0,0.924,0.476,0.35,0.25,0.626,0.85,1.0
821,,0.85,0.774,0.326,0.2,0.1,0.476,0.7,0.85
822,,0.7,0.624,0.176,0.05,-0.05,0.326,0.55,0.7
823,5,0.65,0.662,0.426,0.512,0.95,0.788,0.8,0.738
824,5,0.6,0.7,0.676,0.974,1.0,1.0,1.0,0.776
825,,0.45,0.55,0.526,0.824,0.85,0.85,0.85,0.626
826,,0.3,0.4,0.376,0.674,0.7,0.7,0.7,0.476
827,,0.15,0.25,0.226,0.524,0.55,0.55,0.55,0.326
