step,active_motive,motive_1,motive_2,motive_3,motive_4,motive_5,motive_6,motive_7,motive_8
0,,0.89483,0.5979,0.92187,0.08849,0.19598,0.04523,0.32533,0.38868
1,,0.88483,0.5879,0.91187,0.07849,0.18598,0.03523,0.31533,0.37868
2,,0.87483,0.5779,0.90187,0.06849,0.17598,0.02523,0.30533,0.36868
3,,0.86483,0.5679,0.89187,0.05849,0.16598,0.01523,0.29533,0.35868
4,,0.85483,0.5579,0.88187,0.04849,0.15598,0.00523,0.28533,0.34868
5,,0.84483,0.5479,0.87187,0.03849,0.14598,-0.00477,0.27533,0.33868
6,6,0.55183,0.1379,0.57887,0.02849,0.41898,0.99523,0.54833,0.32868
7,6,0.25883,-0.2721,0.28587,0.01849,0.69198,1.0,0.82133,0.31868
8,2,0.53183,0.7279,0.55887,0.00849,0.39898,0.59,0.52833,0.30868
9,2,0.80483,1.0,0.83187,-0.00151,0.10598,0.18,0.23533,0.29868
10,4,0.51183,0.99,1.0,0.99849,0.37898,0.17,-0.05767,-0.11132
11,4,0.21883,0.98,1.0,1.0,0.65198,0.16,-0.35067,-0.52132
12,8,0.49183,0.97,0.707,0.59,0.35898,0.15,-0.07767,0.47868
13,8,0.76483,0.96,0.414,0.18,0.06598,0.14,0.19533,1.0
14,,0.75483,0.95,0.404,0.17,0.05598,0.13,0.18533,0.99
15,,0.74483,0.94,0.394,0.16,0.04598,0.12,0.17533,0.98
16,,0.73483,0.93,0.384,0.15,0.03598,0.11,0.16533,0.97
17,,0.72483,0.92,0.374,0.14,0.02598,0.1,0.15533,0.96
18,,0.71483,0.91,0.364,0.13,0.01598,0.09,0.14533,0.95
19,,0.70483,0.9,0.354,0.12,0.00598,0.08,0.13533,0.94
20,,0.69483,0.89,0.344,0.11,-0.00402,0.07,0.12533,0.93
21,5,0.28483,0.597,0.334,0.383,0.99598,0.343,0.11533,0.637
22,5,-0.12517,0.304,0.324,0.656,1.0,0.616,0.10533,0.344
23,1,0.87483,0.577,0.314,0.363,0.59,0.323,0.09533,0.617
24,1,1.0,0.85,0.304,0.07,0.18,0.03,0.08533,0.89
25,,0.99,0.84,0.294,0.06,0.17,0.02,0.07533,0.88
26,,0.98,0.83,0.284,0.05,0.16,0.01,0.06533,0.87
27,,0.97,0.82,0.274,0.04,0.15,0.0,0.05533,0.86
28,,0.96,0.81,0.264,0.03,0.14,-0.01,0.04533,0.85
29,6,0.667,0.4,-0.029,0.02,0.413,0.99,0.31833,0.84
30,6,0.374,-0.01,-0.322,0.01,0.686,1.0,0.59133,0.83
31,3,0.364,0.263,0.678,0.283,0.676,0.707,0.18133,0.537
32,3,0.354,0.536,1.0,0.556,0.666,0.414,-0.22867,0.244
33,7,0.344,0.243,0.59,0.263,0.656,0.687,0.77133,0.517
34,7,0.334,-0.05,0.18,-0.03,0.646,0.96,1.0,0.79
35,2,0.607,0.95,0.453,-0.04,0.353,0.55,0.707,0.78
36,2,0.88,1.0,0.726,-0.05,0.06,0.14,0.414,0.77
37,4,0.587,0.99,0.999,0.95,0.333,0.13,0.121,0.36
38,4,0.294,0.98,1.0,1.0,0.606,0.12,-0.172,-0.05
39,7,0.284,0.687,0.59,0.707,0.596,0.393,0.828,0.223
40,7,0.274,0.394,0.18,0.414,0.586,0.666,1.0,0.496
41,,0.264,0.384,0.17,0.404,0.576,0.656,0.99,0.486
42,,0.254,0.374,0.16,0.394,0.566,0.646,0.98,0.476
43,,0.244,0.364,0.15,0.384,0.556,0.636,0.97,0.466
44,,0.234,0.354,0.14,0.374,0.546,0.626,0.96,0.456
45,,0.224,0.344,0.13,0.364,0.536,0.616,0.95,0.446
46,,0.214,0.334,0.12,0.354,0.526,0.606,0.94,0.436
47,,0.204,0.324,0.11,0.344,0.516,0.596,0.93,0.426
48,,0.194,0.314,0.1,0.334,0.506,0.586,0.92,0.416
49,,0.184,0.304,0.09,0.324,0.496,0.576,0.91,0.406
50,,0.174,0.294,0.08,0.314,0.486,0.566,0.9,0.396
51,,0.164,0.284,0.07,0.304,0.476,0.556,0.89,0.386
52,,0.154,0.274,0.06,0.294,0.466,0.546,0.88,0.376
53,,0.144,0.264,0.05,0.284,0.456,0.536,0.87,0.366
54,,0.134,0.254,0.04,0.274,0.446,0.526,0.86,0.356
55,,0.124,0.244,0.03,0.264,0.436,0.516,0.85,0.346
56,,0.114,0.234,0.02,0.254,0.426,0.506,0.84,0.336
57,,0.104,0.224,0.01,0.244,0.416,0.496,0.83,0.326
58,,0.094,0.214,0.0,0.234,0.406,0.486,0.82,0.316
59,,0.084,0.204,-0.01,0.224,0.396,0.476,0.81,0.306
60,3,0.074,0.477,0.99,0.497,0.386,0.183,0.4,0.013
61,3,0.064,0.75,1.0,0.77,0.376,-0.11,-0.01,-0.28
62,8,0.337,0.74,0.707,0.36,0.083,-0.12,0.263,0.72
63,8,0.61,0.73,0.414,-0.05,-0.21,-0.13,0.536,1.0
64,5,0.2,0.437,0.404,0.223,0.79,0.143,0.526,0.707
65,5,-0.21,0.144,0.394,0.496,1.0,0.416,0.516,0.414
66,1,0.79,0.417,0.384,0.203,0.59,0.123,0.506,0.687
67,1,1.0,0.69,0.374,-0.09,0.18,-0.17,0.496,0.96
68,6,0.707,0.28,0.081,-0.1,0.453,0.83,0.769,0.95
69,6,0.414,-0.13,-0.212,-0.11,0.726,1.0,1.0,0.94
70,3,0.404,0.143,0.788,0.163,0.716,0.707,0.59,0.647
71,3,0.394,0.416,1.0,0.436,0.706,0.414,0.18,0.354
72,,0.384,0.406,0.99,0.426,0.696,0.404,0.17,0.344
73,,0.374,0.396,0.98,0.416,0.686,0.394,0.16,0.334
74,,0.364,0.386,0.97,0.406,0.676,0.384,0.15,0.324
75,,0.354,0.376,0.96,0.396,0.666,0.374,0.14,0.314
76,,0.344,0.366,0.95,0.386,0.656,0.364,0.13,0.304
77,,0.334,0.356,0.94,0.376,0.646,0.354,0.12,0.294
78,,0.324,0.346,0.93,0.366,0.636,0.344,0.11,0.284
79,,0.314,0.336,0.92,0.356,0.626,0.334,0.1,0.274
80,,0.304,0.326,0.91,0.346,0.616,0.324,0.09,0.264
81,,0.294,0.316,0.9,0.336,0.606,0.314,0.08,0.254
82,,0.284,0.306,0.89,0.326,0.596,0.304,0.07,0.244
83,,0.274,0.296,0.88,0.316,0.586,0.294,0.06,0.234
84,,0.264,0.286,0.87,0.306,0.576,0.284,0.05,0.224
85,,0.254,0.276,0.86,0.296,0.566,0.274,0.04,0.214
86,,0.244,0.266,0.85,0.286,0.556,0.264,0.03,0.204
87,,0.234,0.256,0.84,0.276,0.546,0.254,0.02,0.194
88,,0.224,0.246,0.83,0.266,0.536,0.244,0.01,0.184
89,,0.214,0.236,0.82,0.256,0.526,0.234,0.0,0.174
90,,0.204,0.226,0.81,0.246,0.516,0.224,-0.01,0.164
91,7,0.194,-0.067,0.4,-0.047,0.506,0.497,0.99,0.437
92,7,0.184,-0.36,-0.01,-0.34,0.496,0.77,1.0,0.71
93,2,0.457,0.64,0.263,-0.35,0.203,0.36,0.707,0.7
94,2,0.73,1.0,0.536,-0.36,-0.09,-0.05,0.414,0.69
95,4,0.437,0.99,0.809,0.64,0.183,-0.06,0.121,0.28
96,4,0.144,0.98,1.0,1.0,0.456,-0.07,-0.172,-0.13
97,7,0.134,0.687,0.59,0.707,0.446,0.203,0.828,0.143
98,7,0.124,0.394,0.18,0.414,0.436,0.476,1.0,0.416
99,,0.114,0.384,0.17,0.404,0.426,0.466,0.99,0.406
100,,0.104,0.374,0.16,0.394,0.416,0.456,0.98,0.396
101,,0.094,0.364,0.15,0.384,0.406,0.446,0.97,0.386
102,,0.084,0.354,0.14,0.374,0.396,0.436,0.96,0.376
103,,0.074,0.344,0.13,0.364,0.386,0.426,0.95,0.366
104,,0.064,0.334,0.12,0.354,0.376,0.416,0.94,0.356
105,,0.054,0.324,0.11,0.344,0.366,0.406,0.93,0.346
106,,0.044,0.314,0.1,0.334,0.356,0.396,0.92,0.336
107,,0.034,0.304,0.09,0.324,0.346,0.386,0.91,0.326
108,,0.024,0.294,0.08,0.314,0.336,0.376,0.9,0.316
109,,0.014,0.284,0.07,0.304,0.326,0.366,0.89,0.306
110,,0.004,0.274,0.06,0.294,0.316,0.356,0.88,0.296
111,,-0.006,0.264,0.05,0.284,0.306,0.346,0.87,0.286
112,1,0.994,0.537,0.04,-0.009,-0.104,0.053,0.86,0.559
113,1,1.0,0.81,0.03,-0.302,-0.514,-0.24,0.85,0.832
114,5,0.59,0.517,0.02,-0.029,0.486,0.033,0.84,0.539
115,5,0.18,0.224,0.01,0.244,1.0,0.306,0.83,0.246
116,,0.17,0.214,0.0,0.234,0.99,0.296,0.82,0.236
117,,0.16,0.204,-0.01,0.224,0.98,0.286,0.81,0.226
118,3,0.15,0.477,0.99,0.497,0.97,-0.007,0.4,-0.067
119,3,0.14,0.75,1.0,0.77,0.96,-0.3,-0.01,-0.36
120,8,0.413,0.74,0.707,0.36,0.667,-0.31,0.263,0.64
121,8,0.686,0.73,0.414,-0.05,0.374,-0.32,0.536,1.0
122,6,0.393,0.32,0.121,-0.06,0.647,0.68,0.809,0.99
123,6,0.1,-0.09,-0.172,-0.07,0.92,1.0,1.0,0.98
124,3,0.09,0.183,0.828,0.203,0.91,0.707,0.59,0.687
125,3,0.08,0.456,1.0,0.476,0.9,0.414,0.18,0.394
126,,0.07,0.446,0.99,0.466,0.89,0.404,0.17,0.384
127,,0.06,0.436,0.98,0.456,0.88,0.394,0.16,0.374
128,,0.05,0.426,0.97,0.446,0.87,0.384,0.15,0.364
129,,0.04,0.416,0.96,0.436,0.86,0.374,0.14,0.354
130,,0.03,0.406,0.95,0.426,0.85,0.364,0.13,0.344
131,,0.02,0.396,0.94,0.416,0.84,0.354,0.12,0.334
132,,0.01,0.386,0.93,0.406,0.83,0.344,0.11,0.324
133,,0.0,0.376,0.92,0.396,0.82,0.334,0.1,0.314
134,,-0.01,0.366,0.91,0.386,0.81,0.324,0.09,0.304
135,1,0.99,0.639,0.9,0.093,0.4,0.031,0.08,0.577
136,1,1.0,0.912,0.89,-0.2,-0.01,-0.262,0.07,0.85
137,6,0.707,0.502,0.597,-0.21,0.263,0.738,0.343,0.84
138,6,0.414,0.092,0.304,-0.22,0.536,1.0,0.616,0.83
139,4,0.121,0.082,0.577,0.78,0.809,0.99,0.323,0.42
140,4,-0.172,0.072,0.85,1.0,1.0,0.98,0.03,0.01
141,1,0.828,0.345,0.84,0.707,0.59,0.687,0.02,0.283
142,1,1.0,0.618,0.83,0.414,0.18,0.394,0.01,0.556
143,,0.99,0.608,0.82,0.404,0.17,0.384,0.0,0.546
144,,0.98,0.598,0.81,0.394,0.16,0.374,-0.01,0.536
145,7,0.97,0.305,0.4,0.101,0.15,0.647,0.99,0.809
146,7,0.96,0.012,-0.01,-0.192,0.14,0.92,1.0,1.0
147,4,0.667,0.002,0.263,0.808,0.413,0.91,0.707,0.59
148,4,0.374,-0.008,0.536,1.0,0.686,0.9,0.414,0.18
149,2,0.647,0.992,0.809,0.99,0.393,0.49,0.121,0.17
150,2,0.92,1.0,1.0,0.98,0.1,0.08,-0.172,0.16
151,7,0.91,0.707,0.59,0.687,0.09,0.353,0.828,0.433
152,7,0.9,0.414,0.18,0.394,0.08,0.626,1.0,0.706
153,,0.89,0.404,0.17,0.384,0.07,0.616,0.99,0.696
154,,0.88,0.394,0.16,0.374,0.06,0.606,0.98,0.686
155,,0.87,0.384,0.15,0.364,0.05,0.596,0.97,0.676
156,,0.86,0.374,0.14,0.354,0.04,0.586,0.96,0.666
157,,0.85,0.364,0.13,0.344,0.03,0.576,0.95,0.656
158,,0.84,0.354,0.12,0.334,0.02,0.566,0.94,0.646
159,,0.83,0.344,0.11,0.324,0.01,0.556,0.93,0.636
160,,0.82,0.334,0.1,0.314,0.0,0.546,0.92,0.626
161,,0.81,0.324,0.09,0.304,-0.01,0.536,0.91,0.616
162,5,0.4,0.031,0.08,0.577,0.99,0.809,0.9,0.323
163,5,-0.01,-0.262,0.07,0.85,1.0,1.0,0.89,0.03
164,2,0.263,0.738,0.343,0.84,0.707,0.59,0.597,0.02
165,2,0.536,1.0,0.616,0.83,0.414,0.18,0.304,0.01
166,,0.526,0.99,0.606,0.82,0.404,0.17,0.294,0.0
167,,0.516,0.98,0.596,0.81,0.394,0.16,0.284,-0.01
168,8,0.789,0.97,0.303,0.4,0.101,0.15,0.557,0.99
169,8,1.0,0.96,0.01,-0.01,-0.192,0.14,0.83,1.0
170,5,0.59,0.667,0.0,0.263,0.808,0.413,0.82,0.707
171,5,0.18,0.374,-0.01,0.536,1.0,0.686,0.81,0.414
172,3,0.17,0.647,0.99,0.809,0.99,0.393,0.4,0.121
173,3,0.16,0.92,1.0,1.0,0.98,0.1,-0.01,-0.172
174,8,0.433,0.91,0.707,0.59,0.687,0.09,0.263,0.828
175,8,0.706,0.9,0.414,0.18,0.394,0.08,0.536,1.0
176,,0.696,0.89,0.404,0.17,0.384,0.07,0.526,0.99
177,,0.686,0.88,0.394,0.16,0.374,0.06,0.516,0.98
178,,0.676,0.87,0.384,0.15,0.364,0.05,0.506,0.97
179,,0.666,0.86,0.374,0.14,0.354,0.04,0.496,0.96
180,,0.656,0.85,0.364,0.13,0.344,0.03,0.486,0.95
181,,0.646,0.84,0.354,0.12,0.334,0.02,0.476,0.94
182,,0.636,0.83,0.344,0.11,0.324,0.01,0.466,0.93
183,,0.626,0.82,0.334,0.1,0.314,0.0,0.456,0.92
184,,0.616,0.81,0.324,0.09,0.304,-0.01,0.446,0.91
185,6,0.323,0.4,0.031,0.08,0.577,0.99,0.719,0.9
186,6,0.03,-0.01,-0.262,0.07,0.85,1.0,0.992,0.89
187,3,0.02,0.263,0.738,0.343,0.84,0.707,0.582,0.597
188,3,0.01,0.536,1.0,0.616,0.83,0.414,0.172,0.304
189,,0.0,0.526,0.99,0.606,0.82,0.404,0.162,0.294
190,,-0.01,0.516,0.98,0.596,0.81,0.394,0.152,0.284
191,1,0.99,0.789,0.97,0.303,0.4,0.101,0.142,0.557
192,1,1.0,1.0,0.96,0.01,-0.01,-0.192,0.132,0.83
193,6,0.707,0.59,0.667,0.0,0.263,0.808,0.405,0.82
194,6,0.414,0.18,0.374,-0.01,0.536,1.0,0.678,0.81
195,4,0.121,0.17,0.647,0.99,0.809,0.99,0.385,0.4
196,4,-0.172,0.16,0.92,1.0,1.0,0.98,0.092,-0.01
197,1,0.828,0.433,0.91,0.707,0.59,0.687,0.082,0.263
198,1,1.0,0.706,0.9,0.414,0.18,0.394,0.072,0.536
199,,0.99,0.696,0.89,0.404,0.17,0.384,0.062,0.526
200,,0.98,0.686,0.88,0.394,0.16,0.374,0.052,0.516
201,,0.97,0.676,0.87,0.384,0.15,0.364,0.042,0.506
202,,0.96,0.666,0.86,0.374,0.14,0.354,0.032,0.496
203,,0.95,0.656,0.85,0.364,0.13,0.344,0.022,0.486
204,,0.94,0.646,0.84,0.354,0.12,0.334,0.012,0.476
205,,0.93,0.636,0.83,0.344,0.11,0.324,0.002,0.466
206,,0.92,0.626,0.82,0.334,0.1,0.314,-0.008,0.456
207,7,0.91,0.333,0.41,0.041,0.09,0.587,0.992,0.729
208,7,0.9,0.04,-0.0,-0.252,0.08,0.86,1.0,1.0
209,4,0.607,0.03,0.273,0.748,0.353,0.85,0.707,0.59
210,4,0.314,0.02,0.546,1.0,0.626,0.84,0.414,0.18
211,,0.304,0.01,0.536,0.99,0.616,0.83,0.404,0.17
212,,0.294,0.0,0.526,0.98,0.606,0.82,0.394,0.16
213,,0.284,-0.01,0.516,0.97,0.596,0.81,0.384,0.15
214,2,0.557,0.99,0.789,0.96,0.303,0.4,0.091,0.14
215,2,0.83,1.0,1.0,0.95,0.01,-0.01,-0.202,0.13
216,7,0.82,0.707,0.59,0.657,0.0,0.263,0.798,0.403
217,7,0.81,0.414,0.18,0.364,-0.01,0.536,1.0,0.676
218,5,0.4,0.121,0.17,0.637,0.99,0.809,0.99,0.383
219,5,-0.01,-0.172,0.16,0.91,1.0,1.0,0.98,0.09
220,2,0.263,0.828,0.433,0.9,0.707,0.59,0.687,0.08
221,2,0.536,1.0,0.706,0.89,0.414,0.18,0.394,0.07
222,,0.526,0.99,0.696,0.88,0.404,0.17,0.384,0.06
223,,0.516,0.98,0.686,0.87,0.394,0.16,0.374,0.05
224,,0.506,0.97,0.676,0.86,0.384,0.15,0.364,0.04
225,,0.496,0.96,0.666,0.85,0.374,0.14,0.354,0.03
226,,0.486,0.95,0.656,0.84,0.364,0.13,0.344,0.02
227,,0.476,0.94,0.646,0.83,0.354,0.12,0.334,0.01
228,,0.466,0.93,0.636,0.82,0.344,0.11,0.324,0.0
229,,0.456,0.92,0.626,0.81,0.334,0.1,0.314,-0.01
230,8,0.729,0.91,0.333,0.4,0.041,0.09,0.587,0.99
231,8,1.0,0.9,0.04,-0.01,-0.252,0.08,0.86,1.0
232,5,0.59,0.607,0.03,0.263,0.748,0.353,0.85,0.707
233,5,0.18,0.314,0.02,0.536,1.0,0.626,0.84,0.414
234,,0.17,0.304,0.01,0.526,0.99,0.616,0.83,0.404
235,,0.16,0.294,0.0,0.516,0.98,0.606,0.82,0.394
236,,0.15,0.284,-0.01,0.506,0.97,0.596,0.81,0.384
237,3,0.14,0.557,0.99,0.779,0.96,0.303,0.4,0.091
238,3,0.13,0.83,1.0,1.0,0.95,0.01,-0.01,-0.202
239,8,0.403,0.82,0.707,0.59,0.657,0.0,0.263,0.798
240,8,0.676,0.81,0.414,0.18,0.364,-0.01,0.536,1.0
241,6,0.383,0.4,0.121,0.17,0.637,0.99,0.809,0.99
242,6,0.09,-0.01,-0.172,0.16,0.91,1.0,1.0,0.98
243,3,0.08,0.263,0.828,0.433,0.9,0.707,0.59,0.687
244,3,0.07,0.536,1.0,0.706,0.89,0.414,0.18,0.394
245,,0.06,0.526,0.99,0.696,0.88,0.404,0.17,0.384
246,,0.05,0.516,0.98,0.686,0.87,0.394,0.16,0.374
247,,0.04,0.506,0.97,0.676,0.86,0.384,0.15,0.364
248,,0.03,0.496,0.96,0.666,0.85,0.374,0.14,0.354
249,,0.02,0.486,0.95,0.656,0.84,0.364,0.13,0.344
250,,0.01,0.476,0.94,0.646,0.83,0.354,0.12,0.334
251,,0.0,0.466,0.93,0.636,0.82,0.344,0.11,0.324
252,,-0.01,0.456,0.92,0.626,0.81,0.334,0.1,0.314
253,1,0.99,0.729,0.91,0.333,0.4,0.041,0.09,0.587
254,1,1.0,1.0,0.9,0.04,-0.01,-0.252,0.08,0.86
255,6,0.707,0.59,0.607,0.03,0.263,0.748,0.353,0.85
256,6,0.414,0.18,0.314,0.02,0.536,1.0,0.626,0.84
257,,0.404,0.17,0.304,0.01,0.526,0.99,0.616,0.83
258,,0.394,0.16,0.294,0.0,0.516,0.98,0.606,0.82
259,,0.384,0.15,0.284,-0.01,0.506,0.97,0.596,0.81
260,4,0.091,0.14,0.557,0.99,0.779,0.96,0.303,0.4
261,4,-0.202,0.13,0.83,1.0,1.0,0.95,0.01,-0.01
262,1,0.798,0.403,0.82,0.707,0.59,0.657,0.0,0.263
263,1,1.0,0.676,0.81,0.414,0.18,0.364,-0.01,0.536
264,7,0.99,0.383,0.4,0.121,0.17,0.637,0.99,0.809
265,7,0.98,0.09,-0.01,-0.172,0.16,0.91,1.0,1.0
266,4,0.687,0.08,0.263,0.828,0.433,0.9,0.707,0.59
267,4,0.394,0.07,0.536,1.0,0.706,0.89,0.414,0.18
268,,0.384,0.06,0.526,0.99,0.696,0.88,0.404,0.17
269,,0.374,0.05,0.516,0.98,0.686,0.87,0.394,0.16
270,,0.364,0.04,0.506,0.97,0.676,0.86,0.384,0.15
271,,0.354,0.03,0.496,0.96,0.666,0.85,0.374,0.14
272,,0.344,0.02,0.486,0.95,0.656,0.84,0.364,0.13
273,,0.334,0.01,0.476,0.94,0.646,0.83,0.354,0.12
274,,0.324,0.0,0.466,0.93,0.636,0.82,0.344,0.11
275,,0.314,-0.01,0.456,0.92,0.626,0.81,0.334,0.1
276,2,0.587,0.99,0.729,0.91,0.333,0.4,0.041,0.09
277,2,0.86,1.0,1.0,0.9,0.04,-0.01,-0.252,0.08
278,7,0.85,0.707,0.59,0.607,0.03,0.263,0.748,0.353
279,7,0.84,0.414,0.18,0.314,0.02,0.536,1.0,0.626
280,,0.83,0.404,0.17,0.304,0.01,0.526,0.99,0.616
281,,0.82,0.394,0.16,0.294,0.0,0.516,0.98,0.606
282,,0.81,0.384,0.15,0.284,-0.01,0.506,0.97,0.596
283,5,0.4,0.091,0.14,0.557,0.99,0.779,0.96,0.303
284,5,-0.01,-0.202,0.13,0.83,1.0,1.0,0.95,0.01
285,2,0.263,0.798,0.403,0.82,0.707,0.59,0.657,0.0
286,2,0.536,1.0,0.676,0.81,0.414,0.18,0.364,-0.01
287,8,0.809,0.99,0.383,0.4,0.121,0.17,0.637,0.99
288,8,1.0,0.98,0.09,-0.01,-0.172,0.16,0.91,1.0
289,5,0.59,0.687,0.08,0.263,0.828,0.433,0.9,0.707
290,5,0.18,0.394,0.07,0.536,1.0,0.706,0.89,0.414
291,,0.17,0.384,0.06,0.526,0.99,0.696,0.88,0.404
292,,0.16,0.374,0.05,0.516,0.98,0.686,0.87,0.394
293,,0.15,0.364,0.04,0.506,0.97,0.676,0.86,0.384
294,,0.14,0.354,0.03,0.496,0.96,0.666,0.85,0.374
295,,0.13,0.344,0.02,0.486,0.95,0.656,0.84,0.364
296,,0.12,0.334,0.01,0.476,0.94,0.646,0.83,0.354
297,,0.11,0.324,0.0,0.466,0.93,0.636,0.82,0.344
298,,0.1,0.314,-0.01,0.456,0.92,0.626,0.81,0.334
299,3,0.09,0.587,0.99,0.729,0.91,0.333,0.4,0.041
300,3,0.08,0.86,1.0,1.0,0.9,0.04,-0.01,-0.252
301,8,0.353,0.85,0.707,0.59,0.607,0.03,0.263,0.748
302,8,0.626,0.84,0.414,0.18,0.314,0.02,0.536,1.0
303,,0.616,0.83,0.404,0.17,0.304,0.01,0.526,0.99
304,,0.606,0.82,0.394,0.16,0.294,0.0,0.516,0.98
305,,0.596,0.81,0.384,0.15,0.284,-0.01,0.506,0.97
306,6,0.303,0.4,0.091,0.14,0.557,0.99,0.779,0.96
307,6,0.01,-0.01,-0.202,0.13,0.83,1.0,1.0,0.95
308,3,0.0,0.263,0.798,0.403,0.82,0.707,0.59,0.657
309,3,-0.01,0.536,1.0,0.676,0.81,0.414,0.18,0.364
310,1,0.99,0.809,0.99,0.383,0.4,0.121,0.17,0.637
311,1,1.0,1.0,0.98,0.09,-0.01,-0.172,0.16,0.91
312,6,0.707,0.59,0.687,0.08,0.263,0.828,0.433,0.9
313,6,0.414,0.18,0.394,0.07,0.536,1.0,0.706,0.89
314,,0.404,0.17,0.384,0.06,0.526,0.99,0.696,0.88
315,,0.394,0.16,0.374,0.05,0.516,0.98,0.686,0.87
316,,0.384,0.15,0.364,0.04,0.506,0.97,0.676,0.86
317,,0.374,0.14,0.354,0.03,0.496,0.96,0.666,0.85
318,,0.364,0.13,0.344,0.02,0.486,0.95,0.656,0.84
319,,0.354,0.12,0.334,0.01,0.476,0.94,0.646,0.83
320,,0.344,0.11,0.324,0.0,0.466,0.93,0.636,0.82
321,,0.334,0.1,0.314,-0.01,0.456,0.92,0.626,0.81
322,4,0.041,0.09,0.587,0.99,0.729,0.91,0.333,0.4
323,4,-0.252,0.08,0.86,1.0,1.0,0.9,0.04,-0.01
324,1,0.748,0.353,0.85,0.707,0.59,0.607,0.03,0.263
325,1,1.0,0.626,0.84,0.414,0.18,0.314,0.02,0.536
326,,0.99,0.616,0.83,0.404,0.17,0.304,0.01,0.526
327,,0.98,0.606,0.82,0.394,0.16,0.294,0.0,0.516
328,,0.97,0.596,0.81,0.384,0.15,0.284,-0.01,0.506
329,7,0.96,0.303,0.4,0.091,0.14,0.557,0.99,0.779
330,7,0.95,0.01,-0.01,-0.202,0.13,0.83,1.0,1.0
331,4,0.657,0.0,0.263,0.798,0.403,0.82,0.707,0.59
332,4,0.364,-0.01,0.536,1.0,0.676,0.81,0.414,0.18
333,2,0.637,0.99,0.809,0.99,0.383,0.4,0.121,0.17
334,2,0.91,1.0,1.0,0.98,0.09,-0.01,-0.172,0.16
335,7,0.9,0.707,0.59,0.687,0.08,0.263,0.828,0.433
336,7,0.89,0.414,0.18,0.394,0.07,0.536,1.0,0.706
337,,0.88,0.404,0.17,0.384,0.06,0.526,0.99,0.696
338,,0.87,0.394,0.16,0.374,0.05,0.516,0.98,0.686
339,,0.86,0.384,0.15,0.364,0.04,0.506,0.97,0.676
340,,0.85,0.374,0.14,0.354,0.03,0.496,0.96,0.666
341,,0.84,0.364,0.13,0.344,0.02,0.486,0.95,0.656
342,,0.83,0.354,0.12,0.334,0.01,0.476,0.94,0.646
343,,0.82,0.344,0.11,0.324,0.0,0.466,0.93,0.636
344,,0.81,0.334,0.1,0.314,-0.01,0.456,0.92,0.626
345,5,0.4,0.041,0.09,0.587,0.99,0.729,0.91,0.333
346,5,-0.01,-0.252,0.08,0.86,1.0,1.0,0.9,0.04
347,2,0.263,0.748,0.353,0.85,0.707,0.59,0.607,0.03
348,2,0.536,1.0,0.626,0.84,0.414,0.18,0.314,0.02
349,,0.526,0.99,0.616,0.83,0.404,0.17,0.304,0.01
350,,0.516,0.98,0.606,0.82,0.394,0.16,0.294,0.0
351,,0.506,0.97,0.596,0.81,0.384,0.15,0.284,-0.01
352,8,0.779,0.96,0.303,0.4,0.091,0.14,0.557,0.99
353,8,1.0,0.95,0.01,-0.01,-0.202,0.13,0.83,1.0
354,5,0.59,0.657,0.0,0.263,0.798,0.403,0.82,0.707
355,5,0.18,0.364,-0.01,0.536,1.0,0.676,0.81,0.414
356,3,0.17,0.637,0.99,0.809,0.99,0.383,0.4,0.121
357,3,0.16,0.91,1.0,1.0,0.98,0.09,-0.01,-0.172
358,8,0.433,0.9,0.707,0.59,0.687,0.08,0.263,0.828
359,8,0.706,0.89,0.414,0.18,0.394,0.07,0.536,1.0
360,,0.696,0.88,0.404,0.17,0.384,0.06,0.526,0.99
361,,0.686,0.87,0.394,0.16,0.374,0.05,0.516,0.98
362,,0.676,0.86,0.384,0.15,0.364,0.04,0.506,0.97
363,,0.666,0.85,0.374,0.14,0.354,0.03,0.496,0.96
364,,0.656,0.84,0.364,0.13,0.344,0.02,0.486,0.95
365,,0.646,0.83,0.354,0.12,0.334,0.01,0.476,0.94
366,,0.636,0.82,0.344,0.11,0.324,0.0,0.466,0.93
367,,0.626,0.81,0.334,0.1,0.314,-0.01,0.456,0.92
368,6,0.333,0.4,0.041,0.09,0.587,0.99,0.729,0.91
369,6,0.04,-0.01,-0.252,0.08,0.86,1.0,1.0,0.9
370,3,0.03,0.263,0.748,0.353,0.85,0.707,0.59,0.607
371,3,0.02,0.536,1.0,0.626,0.84,0.414,0.18,0.314
372,,0.01,0.526,0.99,0.616,0.83,0.404,0.17,0.304
373,,0.0,0.516,0.98,0.606,0.82,0.394,0.16,0.294
374,,-0.01,0.506,0.97,0.596,0.81,0.384,0.15,0.284
375,1,0.99,0.779,0.96,0.303,0.4,0.091,0.14,0.557
376,1,1.0,1.0,0.95,0.01,-0.01,-0.202,0.13,0.83
377,6,0.707,0.59,0.657,0.0,0.263,0.798,0.403,0.82
378,6,0.414,0.18,0.364,-0.01,0.536,1.0,0.676,0.81
379,4,0.121,0.17,0.637,0.99,0.809,0.99,0.383,0.4
380,4,-0.172,0.16,0.91,1.0,1.0,0.98,0.09,-0.01
381,1,0.828,0.433,0.9,0.707,0.59,0.687,0.08,0.263
382,1,1.0,0.706,0.89,0.414,0.18,0.394,0.07,0.536
383,,0.99,0.696,0.88,0.404,0.17,0.384,0.06,0.526
384,,0.98,0.686,0.87,0.394,0.16,0.374,0.05,0.516
385,,0.97,0.676,0.86,0.384,0.15,0.364,0.04,0.506
386,,0.96,0.666,0.85,0.374,0.14,0.354,0.03,0.496
387,,0.95,0.656,0.84,0.364,0.13,0.344,0.02,0.486
388,,0.94,0.646,0.83,0.354,0.12,0.334,0.01,0.476
389,,0.93,0.636,0.82,0.344,0.11,0.324,0.0,0.466
390,,0.92,0.626,0.81,0.334,0.1,0.314,-0.01,0.456
391,7,0.91,0.333,0.4,0.041,0.09,0.587,0.99,0.729
392,7,0.9,0.04,-0.01,-0.252,0.08,0.86,1.0,1.0
393,4,0.607,0.03,0.263,0.748,0.353,0.85,0.707,0.59
394,4,0.314,0.02,0.536,1.0,0.626,0.84,0.414,0.18
395,,0.304,0.01,0.526,0.99,0.616,0.83,0.404,0.17
396,,0.294,0.0,0.516,0.98,0.606,0.82,0.394,0.16
397,,0.284,-0.01,0.506,0.97,0.596,0.81,0.384,0.15
398,2,0.557,0.99,0.779,0.96,0.303,0.4,0.091,0.14
399,2,0.83,1.0,1.0,0.95,0.01,-0.01,-0.202,0.13
400,7,0.82,0.707,0.59,0.657,0.0,0.263,0.798,0.403
401,7,0.81,0.414,0.18,0.364,-0.01,0.536,1.0,0.676
402,5,0.4,0.121,0.17,0.637,0.99,0.809,0.99,0.383
403,5,-0.01,-0.172,0.16,0.91,1.0,1.0,0.98,0.09
404,2,0.263,0.828,0.433,0.9,0.707,0.59,0.687,0.08
405,2,0.536,1.0,0.706,0.89,0.414,0.18,0.394,0.07
406,,0.526,0.99,0.696,0.88,0.404,0.17,0.384,0.06
407,,0.516,0.98,0.686,0.87,0.394,0.16,0.374,0.05
408,,0.506,0.97,0.676,0.86,0.384,0.15,0.364,0.04
409,,0.496,0.96,0.666,0.85,0.374,0.14,0.354,0.03
410,,0.486,0.95,0.656,0.84,0.364,0.13,0.344,0.02
411,,0.476,0.94,0.646,0.83,0.354,0.12,0.334,0.01
412,,0.466,0.93,0.636,0.82,0.344,0.11,0.324,0.0
413,,0.456,0.92,0.626,0.81,0.334,0.1,0.314,-0.01
414,8,0.729,0.91,0.333,0.4,0.041,0.09,0.587,0.99
415,8,1.0,0.9,0.04,-0.01,-0.252,0.08,0.86,1.0
416,5,0.59,0.607,0.03,0.263,0.748,0.353,0.85,0.707
417,5,0.18,0.314,0.02,0.536,1.0,0.626,0.84,0.414
418,,0.17,0.304,0.01,0.526,0.99,0.616,0.83,0.404
419,,0.16,0.294,0.0,0.516,0.98,0.606,0.82,0.394
420,,0.15,0.284,-0.01,0.506,0.97,0.596,0.81,0.384
421,3,0.14,0.557,0.99,0.779,0.96,0.303,0.4,0.091
422,3,0.13,0.83,1.0,1.0,0.95,0.01,-0.01,-0.202
423,8,0.403,0.82,0.707,0.59,0.657,0.0,0.263,0.798
424,8,0.676,0.81,0.414,0.18,0.364,-0.01,0.536,1.0
425,6,0.383,0.4,0.121,0.17,0.637,0.99,0.809,0.99
426,6,0.09,-0.01,-0.172,0.16,0.91,1.0,1.0,0.98
427,3,0.08,0.263,0.828,0.433,0.9,0.707,0.59,0.687
428,3,0.07,0.536,1.0,0.706,0.89,0.414,0.18,0.394
429,,0.06,0.526,0.99,0.696,0.88,0.404,0.17,0.384
430,,0.05,0.516,0.98,0.686,0.87,0.394,0.16,0.374
431,,0.04,0.506,0.97,0.676,0.86,0.384,0.15,0.364
432,,0.03,0.496,0.96,0.666,0.85,0.374,0.14,0.354
433,,0.02,0.486,0.95,0.656,0.84,0.364,0.13,0.344
434,,0.01,0.476,0.94,0.646,0.83,0.354,0.12,0.334
435,,0.0,0.466,0.93,0.636,0.82,0.344,0.11,0.324
436,,-0.01,0.456,0.92,0.626,0.81,0.334,0.1,0.314
437,1,0.99,0.729,0.91,0.333,0.4,0.041,0.09,0.587
438,1,1.0,1.0,0.9,0.04,-0.01,-0.252,0.08,0.86
439,6,0.707,0.59,0.607,0.03,0.263,0.748,0.353,0.85
440,6,0.414,0.18,0.314,0.02,0.536,1.0,0.626,0.84
441,,0.404,0.17,0.304,0.01,0.526,0.99,0.616,0.83
442,,0.394,0.16,0.294,0.0,0.516,0.98,0.606,0.82
443,,0.384,0.15,0.284,-0.01,0.506,0.97,0.596,0.81
444,4,0.091,0.14,0.557,0.99,0.779,0.96,0.303,0.4
445,4,-0.202,0.13,0.83,1.0,1.0,0.95,0.01,-0.01
446,1,0.798,0.403,0.82,0.707,0.59,0.657,0.0,0.263
447,1,1.0,0.676,0.81,0.414,0.18,0.364,-0.01,0.536
448,7,0.99,0.383,0.4,0.121,0.17,0.637,0.99,0.809
449,7,0.98,0.09,-0.01,-0.172,0.16,0.91,1.0,1.0
450,4,0.687,0.08,0.263,0.828,0.433,0.9,0.707,0.59
451,4,0.394,0.07,0.536,1.0,0.706,0.89,0.414,0.18
452,,0.384,0.06,0.526,0.99,0.696,0.88,0.404,0.17
453,,0.374,0.05,0.516,0.98,0.686,0.87,0.394,0.16
454,,0.364,0.04,0.506,0.97,0.676,0.86,0.384,0.15
455,,0.354,0.03,0.496,0.96,0.666,0.85,0.374,0.14
456,,0.344,0.02,0.486,0.95,0.656,0.84,0.364,0.13
457,,0.334,0.01,0.476,0.94,0.646,0.83,0.354,0.12
458,,0.324,0.0,0.466,0.93,0.636,0.82,0.344,0.11
459,,0.314,-0.01,0.456,0.92,0.626,0.81,0.334,0.1
460,2,0.587,0.99,0.729,0.91,0.333,0.4,0.041,0.09
461,2,0.86,1.0,1.0,0.9,0.04,-0.01,-0.252,0.08
462,7,0.85,0.707,0.59,0.607,0.03,0.263,0.748,0.353
463,7,0.84,0.414,0.18,0.314,0.02,0.536,1.0,0.626
464,,0.83,0.404,0.17,0.304,0.01,0.526,0.99,0.616
465,,0.82,0.394,0.16,0.294,0.0,0.516,0.98,0.606
466,,0.81,0.384,0.15,0.284,-0.01,0.506,0.97,0.596
467,5,0.4,0.091,0.14,0.557,0.99,0.779,0.96,0.303
468,5,-0.01,-0.202,0.13,0.83,1.0,1.0,0.95,0.01
469,2,0.263,0.798,0.403,0.82,0.707,0.59,0.657,0.0
470,2,0.536,1.0,0.676,0.81,0.414,0.18,0.364,-0.01
471,8,0.809,0.99,0.383,0.4,0.121,0.17,0.637,0.99
472,8,1.0,0.98,0.09,-0.01,-0.172,0.16,0.91,1.0
473,5,0.59,0.687,0.08,0.263,0.828,0.433,0.9,0.707
474,5,0.18,0.394,0.07,0.536,1.0,0.706,0.89,0.414
475,,0.17,0.384,0.06,0.526,0.99,0.696,0.88,0.404
476,,0.16,0.374,0.05,0.516,0.98,0.686,0.87,0.394
477,,0.15,0.364,0.04,0.506,0.97,0.676,0.86,0.384
478,,0.14,0.354,0.03,0.496,0.96,0.666,0.85,0.374
479,,0.13,0.344,0.02,0.486,0.95,0.656,0.84,0.364
480,,0.12,0.334,0.01,0.476,0.94,0.646,0.83,0.354
481,,0.11,0.324,0.0,0.466,0.93,0.636,0.82,0.344
482,,0.1,0.314,-0.01,0.456,0.92,0.626,0.81,0.334
483,3,0.09,0.587,0.99,0.729,0.91,0.333,0.4,0.041
484,3,0.08,0.86,1.0,1.0,0.9,0.04,-0.01,-0.252
485,8,0.353,0.85,0.707,0.59,0.607,0.03,0.263,0.748
486,8,0.626,0.84,0.414,0.18,0.314,0.02,0.536,1.0
487,,0.616,0.83,0.404,0.17,0.304,0.01,0.526,0.99
488,,0.606,0.82,0.394,0.16,0.294,0.0,0.516,0.98
489,,0.596,0.81,0.384,0.15,0.284,-0.01,0.506,0.97
490,6,0.303,0.4,0.091,0.14,0.557,0.99,0.779,0.96
491,6,0.01,-0.01,-0.202,0.13,0.83,1.0,1.0,0.95
492,3,0.0,0.263,0.798,0.403,0.82,0.707,0.59,0.657
493,3,-0.01,0.536,1.0,0.676,0.81,0.414,0.18,0.364
494,1,0.99,0.809,0.99,0.383,0.4,0.121,0.17,0.637
495,1,1.0,1.0,0.98,0.09,-0.01,-0.172,0.16,0.91
496,6,0.707,0.59,0.687,0.08,0.263,0.828,0.433,0.9
497,6,0.414,0.18,0.394,0.07,0.536,1.0,0.706,0.89
498,,0.404,0.17,0.384,0.06,0.526,0.99,0.696,0.88
499,,0.394,0.16,0.374,0.05,0.516,0.98,0.686,0.87
500,,0.384,0.15,0.364,0.04,0.506,0.97,0.676,0.86
501,,0.374,0.14,0.354,0.03,0.496,0.96,0.666,0.85
502,,0.364,0.13,0.344,0.02,0.486,0.95,0.656,0.84
503,,0.354,0.12,0.334,0.01,0.476,0.94,0.646,0.83
504,,0.344,0.11,0.324,0.0,0.466,0.93,0.636,0.82
505,,0.334,0.1,0.314,-0.01,0.456,0.92,0.626,0.81
506,4,0.041,0.09,0.587,0.99,0.729,0.91,0.333,0.4
507,4,-0.252,0.08,0.86,1.0,1.0,0.9,0.04,-0.01
508,1,0.748,0.353,0.85,0.707,0.59,0.607,0.03,0.263
509,1,1.0,0.626,0.84,0.414,0.18,0.314,0.02,0.536
510,,0.99,0.616,0.83,0.404,0.17,0.304,0.01,0.526
511,,0.98,0.606,0.82,0.394,0.16,0.294,0.0,0.516
512,,0.97,0.596,0.81,0.384,0.15,0.284,-0.01,0.506
513,7,0.96,0.303,0.4,0.091,0.14,0.557,0.99,0.779
514,7,0.95,0.01,-0.01,-0.202,0.13,0.83,1.0,1.0
515,4,0.657,0.0,0.263,0.798,0.403,0.82,0.707,0.59
516,4,0.364,-0.01,0.536,1.0,0.676,0.81,0.414,0.18
517,2,0.637,0.99,0.809,0.99,0.383,0.4,0.121,0.17
518,2,0.91,1.0,1.0,0.98,0.09,-0.01,-0.172,0.16
519,7,0.9,0.707,0.59,0.687,0.08,0.263,0.828,0.433
520,7,0.89,0.414,0.18,0.394,0.07,0.536,1.0,0.706
521,,0.88,0.404,0.17,0.384,0.06,0.526,0.99,0.696
522,,0.87,0.394,0.16,0.374,0.05,0.516,0.98,0.686
523,,0.86,0.384,0.15,0.364,0.04,0.506,0.97,0.676
524,,0.85,0.374,0.14,0.354,0.03,0.496,0.96,0.666
525,,0.84,0.364,0.13,0.344,0.02,0.486,0.95,0.656
526,,0.83,0.354,0.12,0.334,0.01,0.476,0.94,0.646
527,,0.82,0.344,0.11,0.324,0.0,0.466,0.93,0.636
528,,0.81,0.334,0.1,0.314,-0.01,0.456,0.92,0.626
529,5,0.4,0.041,0.09,0.587,0.99,0.729,0.91,0.333
530,5,-0.01,-0.252,0.08,0.86,1.0,1.0,0.9,0.04
531,2,0.263,0.748,0.353,0.85,0.707,0.59,0.607,0.03
532,2,0.536,1.0,0.626,0.84,0.414,0.18,0.314,0.02
533,,0.526,0.99,0.616,0.83,0.404,0.17,0.304,0.01
534,,0.516,0.98,0.606,0.82,0.394,0.16,0.294,0.0
535,,0.506,0.97,0.596,0.81,0.384,0.15,0.284,-0.01
536,8,0.779,0.96,0.303,0.4,0.091,0.14,0.557,0.99
537,8,1.0,0.95,0.01,-0.01,-0.202,0.13,0.83,1.0
538,5,0.59,0.657,0.0,0.263,0.798,0.403,0.82,0.707
539,5,0.18,0.364,-0.01,0.536,1.0,0.676,0.81,0.414
540,3,0.17,0.637,0.99,0.809,0.99,0.383,0.4,0.121
541,3,0.16,0.91,1.0,1.0,0.98,0.09,-0.01,-0.172
542,8,0.433,0.9,0.707,0.59,0.687,0.08,0.263,0.828
543,8,0.706,0.89,0.414,0.18,0.394,0.07,0.536,1.0
544,,0.696,0.88,0.404,0.17,0.384,0.06,0.526,0.99
545,,0.686,0.87,0.394,0.16,0.374,0.05,0.516,0.98
546,,0.676,0.86,0.384,0.15,0.364,0.04,0.506,0.97
547,,0.666,0.85,0.374,0.14,0.354,0.03,0.496,0.96
548,,0.656,0.84,0.364,0.13,0.344,0.02,0.486,0.95
549,,0.646,0.83,0.354,0.12,0.334,0.01,0.476,0.94
550,,0.636,0.82,0.344,0.11,0.324,0.0,0.466,0.93
551,,0.626,0.81,0.334,0.1,0.314,-0.01,0.456,0.92
552,6,0.333,0.4,0.041,0.09,0.587,0.99,0.729,0.91
553,6,0.04,-0.01,-0.252,0.08,0.86,1.0,1.0,0.9
554,3,0.03,0.263,0.748,0.353,0.85,0.707,0.59,0.607
555,3,0.02,0.536,1.0,0.626,0.84,0.414,0.18,0.314
556,,0.01,0.526,0.99,0.616,0.83,0.404,0.17,0.304
557,,0.0,0.516,0.98,0.606,0.82,0.394,0.16,0.294
558,,-0.01,0.506,0.97,0.596,0.81,0.384,0.15,0.284
559,1,0.99,0.779,0.96,0.303,0.4,0.091,0.14,0.557
560,1,1.0,1.0,0.95,0.01,-0.01,-0.202,0.13,0.83
561,6,0.707,0.59,0.657,0.0,0.263,0.798,0.403,0.82
562,6,0.414,0.18,0.364,-0.01,0.536,1.0,0.676,0.81
563,4,0.121,0.17,0.637,0.99,0.809,0.99,0.383,0.4
564,4,-0.172,0.16,0.91,1.0,1.0,0.98,0.09,-0.01
565,1,0.828,0.433,0.9,0.707,0.59,0.687,0.08,0.263
566,1,1.0,0.706,0.89,0.414,0.18,0.394,0.07,0.536
567,,0.99,0.696,0.88,0.404,0.17,0.384,0.06,0.526
568,,0.98,0.686,0.87,0.394,0.16,0.374,0.05,0.516
569,,0.97,0.676,0.86,0.384,0.15,0.364,0.04,0.506
570,,0.96,0.666,0.85,0.374,0.14,0.354,0.03,0.496
571,,0.95,0.656,0.84,0.364,0.13,0.344,0.02,0.486
572,,0.94,0.646,0.83,0.354,0.12,0.334,0.01,0.476
573,,0.93,0.636,0.82,0.344,0.11,0.324,0.0,0.466
574,,0.92,0.626,0.81,0.334,0.1,0.314,-0.01,0.456
575,7,0.91,0.333,0.4,0.041,0.09,0.587,0.99,0.729
576,7,0.9,0.04,-0.01,-0.252,0.08,0.86,1.0,1.0
577,4,0.607,0.03,0.263,0.748,0.353,0.85,0.707,0.59
578,4,0.314,0.02,0.536,1.0,0.626,0.84,0.414,0.18
579,,0.304,0.01,0.526,0.99,0.616,0.83,0.404,0.17
580,,0.294,0.0,0.516,0.98,0.606,0.82,0.394,0.16
581,,0.284,-0.01,0.506,0.97,0.596,0.81,0.384,0.15
582,2,0.557,0.99,0.779,0.96,0.303,0.4,0.091,0.14
583,2,0.83,1.0,1.0,0.95,0.01,-0.01,-0.202,0.13
584,7,0.82,0.707,0.59,0.657,0.0,0.263,0.798,0.403
585,7,0.81,0.414,0.18,0.364,-0.01,0.536,1.0,0.676
586,5,0.4,0.121,0.17,0.637,0.99,0.809,0.99,0.383
587,5,-0.01,-0.172,0.16,0.91,1.0,1.0,0.98,0.09
588,2,0.263,0.828,0.433,0.9,0.707,0.59,0.687,0.08
589,2,0.536,1.0,0.706,0.89,0.414,0.18,0.394,0.07
590,,0.526,0.99,0.696,0.88,0.404,0.17,0.384,0.06
591,,0.516,0.98,0.686,0.87,0.394,0.16,0.374,0.05
592,,0.506,0.97,0.676,0.86,0.384,0.15,0.364,0.04
593,,0.496,0.96,0.666,0.85,0.374,0.14,0.354,0.03
594,,0.486,0.95,0.656,0.84,0.364,0.13,0.344,0.02
595,,0.476,0.94,0.646,0.83,0.354,0.12,0.334,0.01
596,,0.466,0.93,0.636,0.82,0.344,0.11,0.324,0.0
597,,0.456,0.92,0.626,0.81,0.334,0.1,0.314,-0.01
598,8,0.729,0.91,0.333,0.4,0.041,0.09,0.587,0.99
599,8,1.0,0.9,0.04,-0.01,-0.252,0.08,0.86,1.0
600,5,0.59,0.607,0.03,0.263,0.748,0.353,0.85,0.707
601,5,0.18,0.314,0.02,0.536,1.0,0.626,0.84,0.414
602,,0.17,0.304,0.01,0.526,0.99,0.616,0.83,0.404
603,,0.16,0.294,0.0,0.516,0.98,0.606,0.82,0.394
604,,0.15,0.284,-0.01,0.506,0.97,0.596,0.81,0.384
605,3,0.14,0.557,0.99,0.779,0.96,0.303,0.4,0.091
606,3,0.13,0.83,1.0,1.0,0.95,0.01,-0.01,-0.202
607,8,0.403,0.82,0.707,0.59,0.657,0.0,0.263,0.798
608,8,0.676,0.81,0.414,0.18,0.364,-0.01,0.536,1.0
609,6,0.383,0.4,0.121,0.17,0.637,0.99,0.809,0.99
610,6,0.09,-0.01,-0.172,0.16,0.91,1.0,1.0,0.98
611,3,0.08,0.263,0.828,0.433,0.9,0.707,0.59,0.687
612,3,0.07,0.536,1.0,0.706,0.89,0.414,0.18,0.394
613,,0.06,0.526,0.99,0.696,0.88,0.404,0.17,0.384
614,,0.05,0.516,0.98,0.686,0.87,0.394,0.16,0.374
615,,0.04,0.506,0.97,0.676,0.86,0.384,0.15,0.364
616,,0.03,0.496,0.96,0.666,0.85,0.374,0.14,0.354
617,,0.02,0.486,0.95,0.656,0.84,0.364,0.13,0.344
618,,0.01,0.476,0.94,0.646,0.83,0.354,0.12,0.334
619,,0.0,0.466,0.93,0.636,0.82,0.344,0.11,0.324
620,,-0.01,0.456,0.92,0.626,0.81,0.334,0.1,0.314
621,1,0.99,0.729,0.91,0.333,0.4,0.041,0.09,0.587
622,1,1.0,1.0,0.9,0.04,-0.01,-0.252,0.08,0.86
623,6,0.707,0.59,0.607,0.03,0.263,0.748,0.353,0.85
624,6,0.414,0.18,0.314,0.02,0.536,1.0,0.626,0.84
625,,0.404,0.17,0.304,0.01,0.526,0.99,0.616,0.83
626,,0.394,0.16,0.294,0.0,0.516,0.98,0.606,0.82
627,,0.384,0.15,0.284,-0.01,0.506,0.97,0.596,0.81
628,4,0.091,0.14,0.557,0.99,0.779,0.96,0.303,0.4
629,4,-0.202,0.13,0.83,1.0,1.0,0.95,0.01,-0.01
630,1,0.798,0.403,0.82,0.707,0.59,0.657,0.0,0.263
631,1,1.0,0.676,0.81,0.414,0.18,0.364,-0.01,0.536
632,7,0.99,0.383,0.4,0.121,0.17,0.637,0.99,0.809
633,7,0.98,0.09,-0.01,-0.172,0.16,0.91,1.0,1.0
634,4,0.687,0.08,0.263,0.828,0.433,0.9,0.707,0.59
635,4,0.394,0.07,0.536,1.0,0.706,0.89,0.414,0.18
636,,0.384,0.06,0.526,0.99,0.696,0.88,0.404,0.17
637,,0.374,0.05,0.516,0.98,0.686,0.87,0.394,0.16
638,,0.364,0.04,0.506,0.97,0.676,0.86,0.384,0.15
639,,0.354,0.03,0.496,0.96,0.666,0.85,0.374,0.14
640,,0.344,0.02,0.486,0.95,0.656,0.84,0.364,0.13
641,,0.334,0.01,0.476,0.94,0.646,0.83,0.354,0.12
642,,0.324,0.0,0.466,0.93,0.636,0.82,0.344,0.11
643,,0.314,-0.01,0.456,0.92,0.626,0.81,0.334,0.1
644,2,0.587,0.99,0.729,0.91,0.333,0.4,0.041,0.09
645,2,0.86,1.0,1.0,0.9,0.04,-0.01,-0.252,0.08
646,7,0.85,0.707,0.59,0.607,0.03,0.263,0.748,0.353
647,7,0.84,0.414,0.18,0.314,0.02,0.536,1.0,0.626
648,,0.83,0.404,0.17,0.304,0.01,0.526,0.99,0.616
649,,0.82,0.394,0.16,0.294,0.0,0.516,0.98,0.606
650,,0.81,0.384,0.15,0.284,-0.01,0.506,0.97,0.596
651,5,0.4,0.091,0.14,0.557,0.99,0.779,0.96,0.303
652,5,-0.01,-0.202,0.13,0.83,1.0,1.0,0.95,0.01
653,2,0.263,0.798,0.403,0.82,0.707,0.59,0.657,0.0
654,2,0.536,1.0,0.676,0.81,0.414,0.18,0.364,-0.01
655,8,0.809,0.99,0.383,0.4,0.121,0.17,0.637,0.99
656,8,1.0,0.98,0.09,-0.01,-0.172,0.16,0.91,1.0
657,5,0.59,0.687,0.08,0.263,0.828,0.433,0.9,0.707
658,5,0.18,0.394,0.07,0.536,1.0,0.706,0.89,0.414
659,,0.17,0.384,0.06,0.526,0.99,0.696,0.88,0.404
660,,0.16,0.374,0.05,0.516,0.98,0.686,0.87,0.394
661,,0.15,0.364,0.04,0.506,0.97,0.676,0.86,0.384
662,,0.14,0.354,0.03,0.496,0.96,0.666,0.85,0.374
663,,0.13,0.344,0.02,0.486,0.95,0.656,0.84,0.364
664,,0.12,0.334,0.01,0.476,0.94,0.646,0.83,0.354
665,,0.11,0.324,0.0,0.466,0.93,0.636,0.82,0.344
666,,0.1,0.314,-0.01,0.456,0.92,0.626,0.81,0.334
667,3,0.09,0.587,0.99,0.729,0.91,0.333,0.4,0.041
668,3,0.08,0.86,1.0,1.0,0.9,0.04,-0.01,-0.252
669,8,0.353,0.85,0.707,0.59,0.607,0.03,0.263,0.748
670,8,0.626,0.84,0.414,0.18,0.314,0.02,0.536,1.0
671,,0.616,0.83,0.404,0.17,0.304,0.01,0.526,0.99
672,,0.606,0.82,0.394,0.16,0.294,0.0,0.516,0.98
673,,0.596,0.81,0.384,0.15,0.284,-0.01,0.506,0.97
674,6,0.303,0.4,0.091,0.14,0.557,0.99,0.779,0.96
675,6,0.01,-0.01,-0.202,0.13,0.83,1.0,1.0,0.95
676,3,0.0,0.263,0.798,0.403,0.82,0.707,0.59,0.657
677,3,-0.01,0.536,1.0,0.676,0.81,0.414,0.18,0.364
678,1,0.99,0.809,0.99,0.383,0.4,0.121,0.17,0.637
679,1,1.0,1.0,0.98,0.09,-0.01,-0.172,0.16,0.91
680,6,0.707,0.59,0.687,0.08,0.263,0.828,0.433,0.9
681,6,0.414,0.18,0.394,0.07,0.536,1.0,0.706,0.89
682,,0.404,0.17,0.384,0.06,0.526,0.99,0.696,0.88
683,,0.394,0.16,0.374,0.05,0.516,0.98,0.686,0.87
684,,0.384,0.15,0.364,0.04,0.506,0.97,0.676,0.86
685,,0.374,0.14,0.354,0.03,0.496,0.96,0.666,0.85
686,,0.364,0.13,0.344,0.02,0.486,0.95,0.656,0.84
687,,0.354,0.12,0.334,0.01,0.476,0.94,0.646,0.83
688,,0.344,0.11,0.324,0.0,0.466,0.93,0.636,0.82
689,,0.334,0.1,0.314,-0.01,0.456,0.92,0.626,0.81
690,4,0.041,0.09,0.587,0.99,0.729,0.91,0.333,0.4
691,4,-0.252,0.08,0.86,1.0,1.0,0.9,0.04,-0.01
692,1,0.748,0.353,0.85,0.707,0.59,0.607,0.03,0.263
693,1,1.0,0.626,0.84,0.414,0.18,0.314,0.02,0.536
694,,0.99,0.616,0.83,0.404,0.17,0.304,0.01,0.526
695,,0.98,0.606,0.82,0.394,0.16,0.294,0.0,0.516
696,,0.97,0.596,0.81,0.384,0.15,0.284,-0.01,0.506
697,7,0.96,0.303,0.4,0.091,0.14,0.557,0.99,0.779
698,7,0.95,0.01,-0.01,-0.202,0.13,0.83,1.0,1.0
699,4,0.657,0.0,0.263,0.798,0.403,0.82,0.707,0.59
700,4,0.364,-0.01,0.536,1.0,0.676,0.81,0.414,0.18
701,2,0.637,0.99,0.809,0.99,0.383,0.4,0.121,0.17
702,2,0.91,1.0,1.0,0.98,0.09,-0.01,-0.172,0.16
703,7,0.9,0.707,0.59,0.687,0.08,0.263,0.828,0.433
704,7,0.89,0.414,0.18,0.394,0.07,0.536,1.0,0.706
705,,0.88,0.404,0.17,0.384,0.06,0.526,0.99,0.696
706,,0.87,0.394,0.16,0.374,0.05,0.516,0.98,0.686
707,,0.86,0.384,0.15,0.364,0.04,0.506,0.97,0.676
708,,0.85,0.374,0.14,0.354,0.03,0.496,0.96,0.666
709,,0.84,0.364,0.13,0.344,0.02,0.486,0.95,0.656
710,,0.83,0.354,0.12,0.334,0.01,0.476,0.94,0.646
711,,0.82,0.344,0.11,0.324,0.0,0.466,0.93,0.636
712,,0.81,0.334,0.1,0.314,-0.01,0.456,0.92,0.626
713,5,0.4,0.041,0.09,0.587,0.99,0.729,0.91,0.333
714,5,-0.01,-0.252,0.08,0.86,1.0,1.0,0.9,0.04
715,2,0.263,0.748,0.353,0.85,0.707,0.59,0.607,0.03
716,2,0.536,1.0,0.626,0.84,0.414,0.18,0.314,0.02
717,,0.526,0.99,0.616,0.83,0.404,0.17,0.304,0.01
718,,0.516,0.98,0.606,0.82,0.394,0.16,0.294,0.0
719,,0.506,0.97,0.596,0.81,0.384,0.15,0.284,-0.01
720,8,0.779,0.96,0.303,0.4,0.091,0.14,0.557,0.99
721,8,1.0,0.95,0.01,-0.01,-0.202,0.13,0.83,1.0
722,5,0.59,0.657,0.0,0.263,0.798,0.403,0.82,0.707
723,5,0.18,0.364,-0.01,0.536,1.0,0.676,0.81,0.414
724,3,0.17,0.637,0.99,0.809,0.99,0.383,0.4,0.121
725,3,0.16,0.91,1.0,1.0,0.98,0.09,-0.01,-0.172
726,8,0.433,0.9,0.707,0.59,0.687,0.08,0.263,0.828
727,8,0.706,0.89,0.414,0.18,0.394,0.07,0.536,1.0
728,,0.696,0.88,0.404,0.17,0.384,0.06,0.526,0.99
729,,0.686,0.87,0.394,0.16,0.374,0.05,0.516,0.98
730,,0.676,0.86,0.384,0.15,0.364,0.04,0.506,0.97
731,,0.666,0.85,0.374,0.14,0.354,0.03,0.496,0.96
732,,0.656,0.84,0.364,0.13,0.344,0.02,0.486,0.95
733,,0.646,0.83,0.354,0.12,0.334,0.01,0.476,0.94
734,,0.636,0.82,0.344,0.11,0.324,0.0,0.466,0.93
735,,0.626,0.81,0.334,0.1,0.314,-0.01,0.456,0.92
736,6,0.333,0.4,0.041,0.09,0.587,0.99,0.729,0.91
737,6,0.04,-0.01,-0.252,0.08,0.86,1.0,1.0,0.9
738,3,0.03,0.263,0.748,0.353,0.85,0.707,0.59,0.607
739,3,0.02,0.536,1.0,0.626,0.84,0.414,0.18,0.314
740,,0.01,0.526,0.99,0.616,0.83,0.404,0.17,0.304
741,,0.0,0.516,0.98,0.606,0.82,0.394,0.16,0.294
742,,-0.01,0.506,0.97,0.596,0.81,0.384,0.15,0.284
743,1,0.99,0.779,0.96,0.303,0.4,0.091,0.14,0.557
744,1,1.0,1.0,0.95,0.01,-0.01,-0.202,0.13,0.83
745,6,0.707,0.59,0.657,0.0,0.263,0.798,0.403,0.82
746,6,0.414,0.18,0.364,-0.01,0.536,1.0,0.676,0.81
747,4,0.121,0.17,0.637,0.99,0.809,0.99,0.383,0.4
748,4,-0.172,0.16,0.91,1.0,1.0,0.98,0.09,-0.01
749,1,0.828,0.433,0.9,0.707,0.59,0.687,0.08,0.263
750,1,1.0,0.706,0.89,0.414,0.18,0.394,0.07,0.536
751,,0.99,0.696,0.88,0.404,0.17,0.384,0.06,0.526
752,,0.98,0.686,0.87,0.394,0.16,0.374,0.05,0.516
753,,0.97,0.676,0.86,0.384,0.15,0.364,0.04,0.506
754,,0.96,0.666,0.85,0.374,0.14,0.354,0.03,0.496
755,,0.95,0.656,0.84,0.364,0.13,0.344,0.02,0.486
756,,0.94,0.646,0.83,0.354,0.12,0.334,0.01,0.476
757,,0.93,0.636,0.82,0.344,0.11,0.324,0.0,0.466
758,,0.92,0.626,0.81,0.334,0.1,0.314,-0.01,0.456
759,7,0.91,0.333,0.4,0.041,0.09,0.587,0.99,0.729
760,7,0.9,0.04,-0.01,-0.252,0.08,0.86,1.0,1.0
761,4,0.607,0.03,0.263,0.748,0.353,0.85,0.707,0.59
762,4,0.314,0.02,0.536,1.0,0.626,0.84,0.414,0.18
763,,0.304,0.01,0.526,0.99,0.616,0.83,0.404,0.17
764,,0.294,0.0,0.516,0.98,0.606,0.82,0.394,0.16
765,,0.284,-0.01,0.506,0.97,0.596,0.81,0.384,0.15
766,2,0.557,0.99,0.779,0.96,0.303,0.4,0.091,0.14
767,2,0.83,1.0,1.0,0.95,0.01,-0.01,-0.202,0.13
768,7,0.82,0.707,0.59,0.657,0.0,0.263,0.798,0.403
769,7,0.81,0.414,0.18,0.364,-0.01,0.536,1.0,0.676
770,5,0.4,0.121,0.17,0.637,0.99,0.809,0.99,0.383
771,5,-0.01,-0.172,0.16,0.91,1.0,1.0,0.98,0.09
772,2,0.263,0.828,0.433,0.9,0.707,0.59,0.687,0.08
773,2,0.536,1.0,0.706,0.89,0.414,0.18,0.394,0.07
774,,0.526,0.99,0.696,0.88,0.404,0.17,0.384,0.06
775,,0.516,0.98,0.686,0.87,0.394,0.16,0.374,0.05
776,,0.506,0.97,0.676,0.86,0.384,0.15,0.364,0.04
777,,0.496,0.96,0.666,0.85,0.374,0.14,0.354,0.03
778,,0.486,0.95,0.656,0.84,0.364,0.13,0.344,0.02
779,,0.476,0.94,0.646,0.83,0.354,0.12,0.334,0.01
780,,0.466,0.93,0.636,0.82,0.344,0.11,0.324,0.0
781,,0.456,0.92,0.626,0.81,0.334,0.1,0.314,-0.01
782,8,0.729,0.91,0.333,0.4,0.041,0.09,0.587,0.99
783,8,1.0,0.9,0.04,-0.01,-0.252,0.08,0.86,1.0
784,5,0.59,0.607,0.03,0.263,0.748,0.353,0.85,0.707
785,5,0.18,0.314,0.02,0.536,1.0,0.626,0.84,0.414
786,,0.17,0.304,0.01,0.526,0.99,0.616,0.83,0.404
787,,0.16,0.294,0.0,0.516,0.98,0.606,0.82,0.394
788,,0.15,0.284,-0.01,0.506,0.97,0.596,0.81,0.384
789,3,0.14,0.557,0.99,0.779,0.96,0.303,0.4,0.091
790,3,0.13,0.83,1.0,1.0,0.95,0.01,-0.01,-0.202
791,8,0.403,0.82,0.707,0.59,0.657,0.0,0.263,0.798
792,8,0.676,0.81,0.414,0.18,0.364,-0.01,0.536,1.0
793,6,0.383,0.4,0.121,0.17,0.637,0.99,0.809,0.99
794,6,0.09,-0.01,-0.172,0.16,0.91,1.0,1.0,0.98
795,3,0.08,0.263,0.828,0.433,0.9,0.707,0.59,0.687
796,3,0.07,0.536,1.0,0.706,0.89,0.414,0.18,0.394
797,,0.06,0.526,0.99,0.696,0.88,0.404,0.17,0.384
798,,0.05,0.516,0.98,0.686,0.87,0.394,0.16,0.374
799,,0.04,0.506,0.97,0.676,0.86,0.384,0.15,0.364
800,,0.03,0.496,0.96,0.666,0.85,0.374,0.14,0.354
801,,0.02,0.486,0.95,0.656,0.84,0.364,0.13,0.344
802,,0.01,0.476,0.94,0.646,0.83,0.354,0.12,0.334
803,,0.0,0.466,0.93,0.636,0.82,0.344,0.11,0.324
804,,-0.01,0.456,0.92,0.626,0.81,0.334,0.1,0.314
805,1,0.99,0.729,0.91,0.333,0.4,0.041,0.09,0.587
806,1,1.0,1.0,0.9,0.04,-0.01,-0.252,0.08,0.86
807,6,0.707,0.59,0.607,0.03,0.263,0.748,0.353,0.85
