step,active_motive,motive_1,motive_2,motive_3,motive_4,motive_5,motive_6,motive_7,motive_8
0,,0.51879,0.70302,0.36363,0.97178,0.96245,0.25178,0.49725,0.30088
1,,0.50879,0.69302,0.35363,0.96178,0.95245,0.24178,0.48725,0.29088
2,,0.49879,0.68302,0.34363,0.95178,0.94245,0.23178,0.47725,0.28088
3,,0.48879,0.67302,0.33363,0.94178,0.93245,0.22178,0.46725,0.27088
4,,0.47879,0.66302,0.32363,0.93178,0.92245,0.21178,0.45725,0.26088
5,,0.46879,0.65302,0.31363,0.92178,0.91245,0.20178,0.44725,0.25088
6,,0.45879,0.64302,0.30363,0.91178,0.90245,0.19178,0.43725,0.24088
7,,0.44879,0.63302,0.29363,0.90178,0.89245,0.18178,0.42725,0.23088
8,,0.43879,0.62302,0.28363,0.89178,0.88245,0.17178,0.41725,0.22088
9,,0.42879,0.61302,0.27363,0.88178,0.87245,0.16178,0.40725,0.21088
10,,0.41879,0.60302,0.26363,0.87178,0.86245,0.15178,0.39725,0.20088
11,,0.40879,0.59302,0.25363,0.86178,0.85245,0.14178,0.38725,0.19088
12,,0.39879,0.58302,0.24363,0.85178,0.84245,0.13178,0.37725,0.18088
13,,0.38879,0.57302,0.23363,0.84178,0.83245,0.12178,0.36725,0.17088
14,,0.37879,0.56302,0.22363,0.83178,0.82245,0.11178,0.35725,0.16088
15,,0.36879,0.55302,0.21363,0.82178,0.81245,0.10178,0.34725,0.15088
16,,0.35879,0.54302,0.20363,0.81178,0.80245,0.09178,0.33725,0.14088
17,,0.34879,0.53302,0.19363,0.80178,0.79245,0.08178,0.32725,0.13088
18,,0.33879,0.52302,0.18363,0.79178,0.78245,0.07178,0.31725,0.12088
19,,0.32879,0.51302,0.17363,0.78178,0.77245,0.06178,0.30725,0.11088
20,,0.31879,0.50302,0.16363,0.77178,0.76245,0.05178,0.29725,0.10088
21,,0.30879,0.49302,0.15363,0.76178,0.75245,0.04178,0.28725,0.09088
22,,0.29879,0.48302,0.14363,0.75178,0.74245,0.03178,0.27725,0.08088
23,,0.28879,0.47302,0.13363,0.74178,0.73245,0.02178,0.26725,0.07088
24,,0.27879,0.46302,0.12363,0.73178,0.72245,0.01178,0.25725,0.06088
25,,0.26879,0.45302,0.11363,0.72178,0.71245,0.00178,0.24725,0.05088
26,,0.25879,0.44302,0.10363,0.71178,0.70245,-0.00822,0.23725,0.04088
27,6,-0.03421,0.03302,-0.18937,0.70178,0.97545,0.99178,0.51025,0.03088
28,6,-0.32721,-0.37698,-0.48237,0.69178,1.0,1.0,0.78325,0.02088
29,3,-0.33721,-0.10398,0.51763,0.96478,0.99,0.707,0.37325,-0.27212
30,3,-0.34721,0.16902,1.0,1.0,0.98,0.414,-0.03675,-0.56512
31,8,-0.07421,0.15902,0.707,0.59,0.687,0.404,0.23625,0.43488
32,8,0.19879,0.14902,0.414,0.18,0.394,0.394,0.50925,1.0
33,,0.18879,0.13902,0.404,0.17,0.384,0.384,0.49925,0.99
34,,0.17879,0.12902,0.394,0.16,0.374,0.374,0.48925,0.98
35,,0.16879,0.11902,0.384,0.15,0.364,0.364,0.47925,0.97
36,,0.15879,0.10902,0.374,0.14,0.354,0.354,0.46925,0.96
37,,0.14879,0.09902,0.364,0.13,0.344,0.344,0.45925,0.95
38,,0.13879,0.08902,0.354,0.12,0.334,0.334,0.44925,0.94
39,,0.12879,0.07902,0.344,0.11,0.324,0.324,0.43925,0.93
40,,0.11879,0.06902,0.334,0.1,0.314,0.314,0.42925,0.92
41,,0.10879,0.05902,0.324,0.09,0.304,0.304,0.41925,0.91
42,,0.09879,0.04902,0.314,0.08,0.294,0.294,0.40925,0.9
43,,0.08879,0.03902,0.304,0.07,0.284,0.284,0.39925,0.89
44,,0.07879,0.02902,0.294,0.06,0.274,0.274,0.38925,0.88
45,,0.06879,0.01902,0.284,0.05,0.264,0.264,0.37925,0.87
46,,0.05879,0.00902,0.274,0.04,0.254,0.254,0.36925,0.86
47,,0.04879,-0.00098,0.264,0.03,0.244,0.244,0.35925,0.85
48,2,0.32179,0.99902,0.537,0.02,-0.049,-0.166,0.06625,0.84
49,2,0.59479,1.0,0.81,0.01,-0.342,-0.576,-0.22675,0.83
50,6,0.30179,0.59,0.517,0.0,-0.069,0.424,0.04625,0.82
51,6,0.00879,0.18,0.224,-0.01,0.204,1.0,0.31925,0.81
52,4,-0.28421,0.17,0.497,0.99,0.477,0.99,0.02625,0.4
53,4,-0.57721,0.16,0.77,1.0,0.75,0.98,-0.26675,-0.01
54,1,0.42279,0.433,0.76,0.707,0.34,0.687,-0.27675,0.263
55,1,1.0,0.706,0.75,0.414,-0.07,0.394,-0.28675,0.536
56,7,0.99,0.413,0.34,0.121,-0.08,0.667,0.71325,0.809
57,7,0.98,0.12,-0.07,-0.172,-0.09,0.94,1.0,1.0
58,4,0.687,0.11,0.203,0.828,0.183,0.93,0.707,0.59
59,4,0.394,0.1,0.476,1.0,0.456,0.92,0.414,0.18
60,,0.384,0.09,0.466,0.99,0.446,0.91,0.404,0.17
61,,0.374,0.08,0.456,0.98,0.436,0.9,0.394,0.16
62,,0.364,0.07,0.446,0.97,0.426,0.89,0.384,0.15
63,,0.354,0.06,0.436,0.96,0.416,0.88,0.374,0.14
64,,0.344,0.05,0.426,0.95,0.406,0.87,0.364,0.13
65,,0.334,0.04,0.416,0.94,0.396,0.86,0.354,0.12
66,,0.324,0.03,0.406,0.93,0.386,0.85,0.344,0.11
67,,0.314,0.02,0.396,0.92,0.376,0.84,0.334,0.1
68,,0.304,0.01,0.386,0.91,0.366,0.83,0.324,0.09
69,,0.294,0.0,0.376,0.9,0.356,0.82,0.314,0.08
70,,0.284,-0.01,0.366,0.89,0.346,0.81,0.304,0.07
71,2,0.557,0.99,0.639,0.88,0.053,0.4,0.011,0.06
72,2,0.83,1.0,0.912,0.87,-0.24,-0.01,-0.282,0.05
73,7,0.82,0.707,0.502,0.577,-0.25,0.263,0.718,0.323
74,7,0.81,0.414,0.092,0.284,-0.26,0.536,1.0,0.596
75,5,0.4,0.121,0.082,0.557,0.74,0.809,0.99,0.303
76,5,-0.01,-0.172,0.072,0.83,1.0,1.0,0.98,0.01
77,2,0.263,0.828,0.345,0.82,0.707,0.59,0.687,0.0
78,2,0.536,1.0,0.618,0.81,0.414,0.18,0.394,-0.01
79,8,0.809,0.99,0.325,0.4,0.121,0.17,0.667,0.99
80,8,1.0,0.98,0.032,-0.01,-0.172,0.16,0.94,1.0
81,5,0.59,0.687,0.022,0.263,0.828,0.433,0.93,0.707
82,5,0.18,0.394,0.012,0.536,1.0,0.706,0.92,0.414
83,,0.17,0.384,0.002,0.526,0.99,0.696,0.91,0.404
84,,0.16,0.374,-0.008,0.516,0.98,0.686,0.9,0.394
85,3,0.15,0.647,0.992,0.789,0.97,0.393,0.49,0.101
86,3,0.14,0.92,1.0,1.0,0.96,0.1,0.08,-0.192
87,8,0.413,0.91,0.707,0.59,0.667,0.09,0.353,0.808
88,8,0.686,0.9,0.414,0.18,0.374,0.08,0.626,1.0
89,,0.676,0.89,0.404,0.17,0.364,0.07,0.616,0.99
90,,0.666,0.88,0.394,0.16,0.354,0.06,0.606,0.98
91,,0.656,0.87,0.384,0.15,0.344,0.05,0.596,0.97
92,,0.646,0.86,0.374,0.14,0.334,0.04,0.586,0.96
93,,0.636,0.85,0.364,0.13,0.324,0.03,0.576,0.95
94,,0.626,0.84,0.354,0.12,0.314,0.02,0.566,0.94
95,,0.616,0.83,0.344,0.11,0.304,0.01,0.556,0.93
96,,0.606,0.82,0.334,0.1,0.294,0.0,0.546,0.92
97,,0.596,0.81,0.324,0.09,0.284,-0.01,0.536,0.91
98,6,0.303,0.4,0.031,0.08,0.557,0.99,0.809,0.9
99,6,0.01,-0.01,-0.262,0.07,0.83,1.0,1.0,0.89
100,3,0.0,0.263,0.738,0.343,0.82,0.707,0.59,0.597
101,3,-0.01,0.536,1.0,0.616,0.81,0.414,0.18,0.304
102,1,0.99,0.809,0.99,0.323,0.4,0.121,0.17,0.577
103,1,1.0,1.0,0.98,0.03,-0.01,-0.172,0.16,0.85
104,6,0.707,0.59,0.687,0.02,0.263,0.828,0.433,0.84
105,6,0.414,0.18,0.394,0.01,0.536,1.0,0.706,0.83
106,,0.404,0.17,0.384,0.0,0.526,0.99,0.696,0.82
107,,0.394,0.16,0.374,-0.01,0.516,0.98,0.686,0.81
108,4,0.101,0.15,0.647,0.99,0.789,0.97,0.393,0.4
109,4,-0.192,0.14,0.92,1.0,1.0,0.96,0.1,-0.01
110,1,0.808,0.413,0.91,0.707,0.59,0.667,0.09,0.263
111,1,1.0,0.686,0.9,0.414,0.18,0.374,0.08,0.536
112,,0.99,0.676,0.89,0.404,0.17,0.364,0.07,0.526
113,,0.98,0.666,0.88,0.394,0.16,0.354,0.06,0.516
114,,0.97,0.656,0.87,0.384,0.15,0.344,0.05,0.506
115,,0.96,0.646,0.86,0.374,0.14,0.334,0.04,0.496
116,,0.95,0.636,0.85,0.364,0.13,0.324,0.03,0.486
117,,0.94,0.626,0.84,0.354,0.12,0.314,0.02,0.476
118,,0.93,0.616,0.83,0.344,0.11,0.304,0.01,0.466
119,,0.92,0.606,0.82,0.334,0.1,0.294,0.0,0.456
120,,0.91,0.596,0.81,0.324,0.09,0.284,-0.01,0.446
121,7,0.9,0.303,0.4,0.031,0.08,0.557,0.99,0.719
122,7,0.89,0.01,-0.01,-0.262,0.07,0.83,1.0,0.992
123,4,0.597,0.0,0.263,0.738,0.343,0.82,0.707,0.582
124,4,0.304,-0.01,0.536,1.0,0.616,0.81,0.414,0.172
125,2,0.577,0.99,0.809,0.99,0.323,0.4,0.121,0.162
126,2,0.85,1.0,1.0,0.98,0.03,-0.01,-0.172,0.152
127,7,0.84,0.707,0.59,0.687,0.02,0.263,0.828,0.425
128,7,0.83,0.414,0.18,0.394,0.01,0.536,1.0,0.698
129,,0.82,0.404,0.17,0.384,0.0,0.526,0.99,0.688
130,,0.81,0.394,0.16,0.374,-0.01,0.516,0.98,0.678
131,5,0.4,0.101,0.15,0.647,0.99,0.789,0.97,0.385
132,5,-0.01,-0.192,0.14,0.92,1.0,1.0,0.96,0.092
133,2,0.263,0.808,0.413,0.91,0.707,0.59,0.667,0.082
134,2,0.536,1.0,0.686,0.9,0.414,0.18,0.374,0.072
135,,0.526,0.99,0.676,0.89,0.404,0.17,0.364,0.062
136,,0.516,0.98,0.666,0.88,0.394,0.16,0.354,0.052
137,,0.506,0.97,0.656,0.87,0.384,0.15,0.344,0.042
138,,0.496,0.96,0.646,0.86,0.374,0.14,0.334,0.032
139,,0.486,0.95,0.636,0.85,0.364,0.13,0.324,0.022
140,,0.476,0.94,0.626,0.84,0.354,0.12,0.314,0.012
141,,0.466,0.93,0.616,0.83,0.344,0.11,0.304,0.002
142,,0.456,0.92,0.606,0.82,0.334,0.1,0.294,-0.008
143,8,0.729,0.91,0.313,0.41,0.041,0.09,0.567,0.992
144,8,1.0,0.9,0.02,-0.0,-0.252,0.08,0.84,1.0
145,5,0.59,0.607,0.01,0.273,0.748,0.353,0.83,0.707
146,5,0.18,0.314,0.0,0.546,1.0,0.626,0.82,0.414
147,,0.17,0.304,-0.01,0.536,0.99,0.616,0.81,0.404
148,3,0.16,0.577,0.99,0.809,0.98,0.323,0.4,0.111
149,3,0.15,0.85,1.0,1.0,0.97,0.03,-0.01,-0.182
150,8,0.423,0.84,0.707,0.59,0.677,0.02,0.263,0.818
151,8,0.696,0.83,0.414,0.18,0.384,0.01,0.536,1.0
152,,0.686,0.82,0.404,0.17,0.374,0.0,0.526,0.99
153,,0.676,0.81,0.394,0.16,0.364,-0.01,0.516,0.98
154,6,0.383,0.4,0.101,0.15,0.637,0.99,0.789,0.97
155,6,0.09,-0.01,-0.192,0.14,0.91,1.0,1.0,0.96
156,3,0.08,0.263,0.808,0.413,0.9,0.707,0.59,0.667
157,3,0.07,0.536,1.0,0.686,0.89,0.414,0.18,0.374
158,,0.06,0.526,0.99,0.676,0.88,0.404,0.17,0.364
159,,0.05,0.516,0.98,0.666,0.87,0.394,0.16,0.354
160,,0.04,0.506,0.97,0.656,0.86,0.384,0.15,0.344
161,,0.03,0.496,0.96,0.646,0.85,0.374,0.14,0.334
162,,0.02,0.486,0.95,0.636,0.84,0.364,0.13,0.324
163,,0.01,0.476,0.94,0.626,0.83,0.354,0.12,0.314
164,,0.0,0.466,0.93,0.616,0.82,0.344,0.11,0.304
165,,-0.01,0.456,0.92,0.606,0.81,0.334,0.1,0.294
166,1,0.99,0.729,0.91,0.313,0.4,0.041,0.09,0.567
167,1,1.0,1.0,0.9,0.02,-0.01,-0.252,0.08,0.84
168,6,0.707,0.59,0.607,0.01,0.263,0.748,0.353,0.83
169,6,0.414,0.18,0.314,0.0,0.536,1.0,0.626,0.82
170,,0.404,0.17,0.304,-0.01,0.526,0.99,0.616,0.81
171,4,0.111,0.16,0.577,0.99,0.799,0.98,0.323,0.4
172,4,-0.182,0.15,0.85,1.0,1.0,0.97,0.03,-0.01
173,1,0.818,0.423,0.84,0.707,0.59,0.677,0.02,0.263
174,1,1.0,0.696,0.83,0.414,0.18,0.384,0.01,0.536
175,,0.99,0.686,0.82,0.404,0.17,0.374,0.0,0.526
176,,0.98,0.676,0.81,0.394,0.16,0.364,-0.01,0.516
177,7,0.97,0.383,0.4,0.101,0.15,0.637,0.99,0.789
178,7,0.96,0.09,-0.01,-0.192,0.14,0.91,1.0,1.0
179,4,0.667,0.08,0.263,0.808,0.413,0.9,0.707,0.59
180,4,0.374,0.07,0.536,1.0,0.686,0.89,0.414,0.18
181,,0.364,0.06,0.526,0.99,0.676,0.88,0.404,0.17
182,,0.354,0.05,0.516,0.98,0.666,0.87,0.394,0.16
183,,0.344,0.04,0.506,0.97,0.656,0.86,0.384,0.15
184,,0.334,0.03,0.496,0.96,0.646,0.85,0.374,0.14
185,,0.324,0.02,0.486,0.95,0.636,0.84,0.364,0.13
186,,0.314,0.01,0.476,0.94,0.626,0.83,0.354,0.12
187,,0.304,0.0,0.466,0.93,0.616,0.82,0.344,0.11
188,,0.294,-0.01,0.456,0.92,0.606,0.81,0.334,0.1
189,2,0.567,0.99,0.729,0.91,0.313,0.4,0.041,0.09
190,2,0.84,1.0,1.0,0.9,0.02,-0.01,-0.252,0.08
191,7,0.83,0.707,0.59,0.607,0.01,0.263,0.748,0.353
192,7,0.82,0.414,0.18,0.314,0.0,0.536,1.0,0.626
193,,0.81,0.404,0.17,0.304,-0.01,0.526,0.99,0.616
194,5,0.4,0.111,0.16,0.577,0.99,0.799,0.98,0.323
195,5,-0.01,-0.182,0.15,0.85,1.0,1.0,0.97,0.03
196,2,0.263,0.818,0.423,0.84,0.707,0.59,0.677,0.02
197,2,0.536,1.0,0.696,0.83,0.414,0.18,0.384,0.01
198,,0.526,0.99,0.686,0.82,0.404,0.17,0.374,0.0
199,,0.516,0.98,0.676,0.81,0.394,0.16,0.364,-0.01
200,8,0.789,0.97,0.383,0.4,0.101,0.15,0.637,0.99
201,8,1.0,0.96,0.09,-0.01,-0.192,0.14,0.91,1.0
202,5,0.59,0.667,0.08,0.263,0.808,0.413,0.9,0.707
203,5,0.18,0.374,0.07,0.536,1.0,0.686,0.89,0.414
204,,0.17,0.364,0.06,0.526,0.99,0.676,0.88,0.404
205,,0.16,0.354,0.05,0.516,0.98,0.666,0.87,0.394
206,,0.15,0.344,0.04,0.506,0.97,0.656,0.86,0.384
207,,0.14,0.334,0.03,0.496,0.96,0.646,0.85,0.374
208,,0.13,0.324,0.02,0.486,0.95,0.636,0.84,0.364
209,,0.12,0.314,0.01,0.476,0.94,0.626,0.83,0.354
210,,0.11,0.304,0.0,0.466,0.93,0.616,0.82,0.344
211,,0.1,0.294,-0.01,0.456,0.92,0.606,0.81,0.334
212,3,0.09,0.567,0.99,0.729,0.91,0.313,0.4,0.041
213,3,0.08,0.84,1.0,1.0,0.9,0.02,-0.01,-0.252
214,8,0.353,0.83,0.707,0.59,0.607,0.01,0.263,0.748
215,8,0.626,0.82,0.414,0.18,0.314,0.0,0.536,1.0
216,,0.616,0.81,0.404,0.17,0.304,-0.01,0.526,0.99
217,6,0.323,0.4,0.111,0.16,0.577,0.99,0.799,0.98
218,6,0.03,-0.01,-0.182,0.15,0.85,1.0,1.0,0.97
219,3,0.02,0.263,0.818,0.423,0.84,0.707,0.59,0.677
220,3,0.01,0.536,1.0,0.696,0.83,0.414,0.18,0.384
221,,0.0,0.526,0.99,0.686,0.82,0.404,0.17,0.374
222,,-0.01,0.516,0.98,0.676,0.81,0.394,0.16,0.364
223,1,0.99,0.789,0.97,0.383,0.4,0.101,0.15,0.637
224,1,1.0,1.0,0.96,0.09,-0.01,-0.192,0.14,0.91
225,6,0.707,0.59,0.667,0.08,0.263,0.808,0.413,0.9
226,6,0.414,0.18,0.374,0.07,0.536,1.0,0.686,0.89
227,,0.404,0.17,0.364,0.06,0.526,0.99,0.676,0.88
228,,0.394,0.16,0.354,0.05,0.516,0.98,0.666,0.87
229,,0.384,0.15,0.344,0.04,0.506,0.97,0.656,0.86
230,,0.374,0.14,0.334,0.03,0.496,0.96,0.646,0.85
231,,0.364,0.13,0.324,0.02,0.486,0.95,0.636,0.84
232,,0.354,0.12,0.314,0.01,0.476,0.94,0.626,0.83
233,,0.344,0.11,0.304,0.0,0.466,0.93,0.616,0.82
234,,0.334,0.1,0.294,-0.01,0.456,0.92,0.606,0.81
235,4,0.041,0.09,0.567,0.99,0.729,0.91,0.313,0.4
236,4,-0.252,0.08,0.84,1.0,1.0,0.9,0.02,-0.01
237,1,0.748,0.353,0.83,0.707,0.59,0.607,0.01,0.263
238,1,1.0,0.626,0.82,0.414,0.18,0.314,0.0,0.536
239,,0.99,0.616,0.81,0.404,0.17,0.304,-0.01,0.526
240,7,0.98,0.323,0.4,0.111,0.16,0.577,0.99,0.799
241,7,0.97,0.03,-0.01,-0.182,0.15,0.85,1.0,1.0
242,4,0.677,0.02,0.263,0.818,0.423,0.84,0.707,0.59
243,4,0.384,0.01,0.536,1.0,0.696,0.83,0.414,0.18
244,,0.374,0.0,0.526,0.99,0.686,0.82,0.404,0.17
245,,0.364,-0.01,0.516,0.98,0.676,0.81,0.394,0.16
246,2,0.637,0.99,0.789,0.97,0.383,0.4,0.101,0.15
247,2,0.91,1.0,1.0,0.96,0.09,-0.01,-0.192,0.14
248,7,0.9,0.707,0.59,0.667,0.08,0.263,0.808,0.413
249,7,0.89,0.414,0.18,0.374,0.07,0.536,1.0,0.686
250,,0.88,0.404,0.17,0.364,0.06,0.526,0.99,0.676
251,,0.87,0.394,0.16,0.354,0.05,0.516,0.98,0.666
252,,0.86,0.384,0.15,0.344,0.04,0.506,0.97,0.656
253,,0.85,0.374,0.14,0.334,0.03,0.496,0.96,0.646
254,,0.84,0.364,0.13,0.324,0.02,0.486,0.95,0.636
255,,0.83,0.354,0.12,0.314,0.01,0.476,0.94,0.626
256,,0.82,0.344,0.11,0.304,0.0,0.466,0.93,0.616
257,,0.81,0.334,0.1,0.294,-0.01,0.456,0.92,0.606
258,5,0.4,0.041,0.09,0.567,0.99,0.729,0.91,0.313
259,5,-0.01,-0.252,0.08,0.84,1.0,1.0,0.9,0.02
260,2,0.263,0.748,0.353,0.83,0.707,0.59,0.607,0.01
261,2,0.536,1.0,0.626,0.82,0.414,0.18,0.314,0.0
262,,0.526,0.99,0.616,0.81,0.404,0.17,0.304,-0.01
263,8,0.799,0.98,0.323,0.4,0.111,0.16,0.577,0.99
264,8,1.0,0.97,0.03,-0.01,-0.182,0.15,0.85,1.0
265,5,0.59,0.677,0.02,0.263,0.818,0.423,0.84,0.707
266,5,0.18,0.384,0.01,0.536,1.0,0.696,0.83,0.414
267,,0.17,0.374,0.0,0.526,0.99,0.686,0.82,0.404
268,,0.16,0.364,-0.01,0.516,0.98,0.676,0.81,0.394
269,3,0.15,0.637,0.99,0.789,0.97,0.383,0.4,0.101
270,3,0.14,0.91,1.0,1.0,0.96,0.09,-0.01,-0.192
271,8,0.413,0.9,0.707,0.59,0.667,0.08,0.263,0.808
272,8,0.686,0.89,0.414,0.18,0.374,0.07,0.536,1.0
273,,0.676,0.88,0.404,0.17,0.364,0.06,0.526,0.99
274,,0.666,0.87,0.394,0.16,0.354,0.05,0.516,0.98
275,,0.656,0.86,0.384,0.15,0.344,0.04,0.506,0.97
276,,0.646,0.85,0.374,0.14,0.334,0.03,0.496,0.96
277,,0.636,0.84,0.364,0.13,0.324,0.02,0.486,0.95
278,,0.626,0.83,0.354,0.12,0.314,0.01,0.476,0.94
279,,0.616,0.82,0.344,0.11,0.304,0.0,0.466,0.93
280,,0.606,0.81,0.334,0.1,0.294,-0.01,0.456,0.92
281,6,0.313,0.4,0.041,0.09,0.567,0.99,0.729,0.91
282,6,0.02,-0.01,-0.252,0.08,0.84,1.0,1.0,0.9
283,3,0.01,0.263,0.748,0.353,0.83,0.707,0.59,0.607
284,3,0.0,0.536,1.0,0.626,0.82,0.414,0.18,0.314
285,,-0.01,0.526,0.99,0.616,0.81,0.404,0.17,0.304
286,1,0.99,0.799,0.98,0.323,0.4,0.111,0.16,0.577
287,1,1.0,1.0,0.97,0.03,-0.01,-0.182,0.15,0.85
288,6,0.707,0.59,0.677,0.02,0.263,0.818,0.423,0.84
289,6,0.414,0.18,0.384,0.01,0.536,1.0,0.696,0.83
290,,0.404,0.17,0.374,0.0,0.526,0.99,0.686,0.82
291,,0.394,0.16,0.364,-0.01,0.516,0.98,0.676,0.81
292,4,0.101,0.15,0.637,0.99,0.789,0.97,0.383,0.4
293,4,-0.192,0.14,0.91,1.0,1.0,0.96,0.09,-0.01
294,1,0.808,0.413,0.9,0.707,0.59,0.667,0.08,0.263
295,1,1.0,0.686,0.89,0.414,0.18,0.374,0.07,0.536
296,,0.99,0.676,0.88,0.404,0.17,0.364,0.06,0.526
297,,0.98,0.666,0.87,0.394,0.16,0.354,0.05,0.516
298,,0.97,0.656,0.86,0.384,0.15,0.344,0.04,0.506
299,,0.96,0.646,0.85,0.374,0.14,0.334,0.03,0.496
300,,0.95,0.636,0.84,0.364,0.13,0.324,0.02,0.486
301,,0.94,0.626,0.83,0.354,0.12,0.314,0.01,0.476
302,,0.93,0.616,0.82,0.344,0.11,0.304,0.0,0.466
303,,0.92,0.606,0.81,0.334,0.1,0.294,-0.01,0.456
304,7,0.91,0.313,0.4,0.041,0.09,0.567,0.99,0.729
305,7,0.9,0.02,-0.01,-0.252,0.08,0.84,1.0,1.0
306,4,0.607,0.01,0.263,0.748,0.353,0.83,0.707,0.59
307,4,0.314,0.0,0.536,1.0,0.626,0.82,0.414,0.18
308,,0.304,-0.01,0.526,0.99,0.616,0.81,0.404,0.17
309,2,0.577,0.99,0.799,0.98,0.323,0.4,0.111,0.16
310,2,0.85,1.0,1.0,0.97,0.03,-0.01,-0.182,0.15
311,7,0.84,0.707,0.59,0.677,0.02,0.263,0.818,0.423
312,7,0.83,0.414,0.18,0.384,0.01,0.536,1.0,0.696
313,,0.82,0.404,0.17,0.374,0.0,0.526,0.99,0.686
314,,0.81,0.394,0.16,0.364,-0.01,0.516,0.98,0.676
315,5,0.4,0.101,0.15,0.637,0.99,0.789,0.97,0.383
316,5,-0.01,-0.192,0.14,0.91,1.0,1.0,0.96,0.09
317,2,0.263,0.808,0.413,0.9,0.707,0.59,0.667,0.08
318,2,0.536,1.0,0.686,0.89,0.414,0.18,0.374,0.07
319,,0.526,0.99,0.676,0.88,0.404,0.17,0.364,0.06
320,,0.516,0.98,0.666,0.87,0.394,0.16,0.354,0.05
321,,0.506,0.97,0.656,0.86,0.384,0.15,0.344,0.04
322,,0.496,0.96,0.646,0.85,0.374,0.14,0.334,0.03
323,,0.486,0.95,0.636,0.84,0.364,0.13,0.324,0.02
324,,0.476,0.94,0.626,0.83,0.354,0.12,0.314,0.01
325,,0.466,0.93,0.616,0.82,0.344,0.11,0.304,0.0
326,,0.456,0.92,0.606,0.81,0.334,0.1,0.294,-0.01
327,8,0.729,0.91,0.313,0.4,0.041,0.09,0.567,0.99
328,8,1.0,0.9,0.02,-0.01,-0.252,0.08,0.84,1.0
329,5,0.59,0.607,0.01,0.263,0.748,0.353,0.83,0.707
330,5,0.18,0.314,0.0,0.536,1.0,0.626,0.82,0.414
331,,0.17,0.304,-0.01,0.526,0.99,0.616,0.81,0.404
332,3,0.16,0.577,0.99,0.799,0.98,0.323,0.4,0.111
333,3,0.15,0.85,1.0,1.0,0.97,0.03,-0.01,-0.182
334,8,0.423,0.84,0.707,0.59,0.677,0.02,0.263,0.818
335,8,0.696,0.83,0.414,0.18,0.384,0.01,0.536,1.0
336,,0.686,0.82,0.404,0.17,0.374,0.0,0.526,0.99
337,,0.676,0.81,0.394,0.16,0.364,-0.01,0.516,0.98
338,6,0.383,0.4,0.101,0.15,0.637,0.99,0.789,0.97
339,6,0.09,-0.01,-0.192,0.14,0.91,1.0,1.0,0.96
340,3,0.08,0.263,0.808,0.413,0.9,0.707,0.59,0.667
341,3,0.07,0.536,1.0,0.686,0.89,0.414,0.18,0.374
342,,0.06,0.526,0.99,0.676,0.88,0.404,0.17,0.364
343,,0.05,0.516,0.98,0.666,0.87,0.394,0.16,0.354
344,,0.04,0.506,0.97,0.656,0.86,0.384,0.15,0.344
345,,0.03,0.496,0.96,0.646,0.85,0.374,0.14,0.334
346,,0.02,0.486,0.95,0.636,0.84,0.364,0.13,0.324
347,,0.01,0.476,0.94,0.626,0.83,0.354,0.12,0.314
348,,0.0,0.466,0.93,0.616,0.82,0.344,0.11,0.304
349,,-0.01,0.456,0.92,0.606,0.81,0.334,0.1,0.294
350,1,0.99,0.729,0.91,0.313,0.4,0.041,0.09,0.567
351,1,1.0,1.0,0.9,0.02,-0.01,-0.252,0.08,0.84
352,6,0.707,0.59,0.607,0.01,0.263,0.748,0.353,0.83
353,6,0.414,0.18,0.314,0.0,0.536,1.0,0.626,0.82
354,,0.404,0.17,0.304,-0.01,0.526,0.99,0.616,0.81
355,4,0.111,0.16,0.577,0.99,0.799,0.98,0.323,0.4
356,4,-0.182,0.15,0.85,1.0,1.0,0.97,0.03,-0.01
357,1,0.818,0.423,0.84,0.707,0.59,0.677,0.02,0.263
358,1,1.0,0.696,0.83,0.414,0.18,0.384,0.01,0.536
359,,0.99,0.686,0.82,0.404,0.17,0.374,0.0,0.526
360,,0.98,0.676,0.81,0.394,0.16,0.364,-0.01,0.516
361,7,0.97,0.383,0.4,0.101,0.15,0.637,0.99,0.789
362,7,0.96,0.09,-0.01,-0.192,0.14,0.91,1.0,1.0
363,4,0.667,0.08,0.263,0.808,0.413,0.9,0.707,0.59
364,4,0.374,0.07,0.536,1.0,0.686,0.89,0.414,0.18
365,,0.364,0.06,0.526,0.99,0.676,0.88,0.404,0.17
366,,0.354,0.05,0.516,0.98,0.666,0.87,0.394,0.16
367,,0.344,0.04,0.506,0.97,0.656,0.86,0.384,0.15
368,,0.334,0.03,0.496,0.96,0.646,0.85,0.374,0.14
369,,0.324,0.02,0.486,0.95,0.636,0.84,0.364,0.13
370,,0.314,0.01,0.476,0.94,0.626,0.83,0.354,0.12
371,,0.304,0.0,0.466,0.93,0.616,0.82,0.344,0.11
372,,0.294,-0.01,0.456,0.92,0.606,0.81,0.334,0.1
373,2,0.567,0.99,0.729,0.91,0.313,0.4,0.041,0.09
374,2,0.84,1.0,1.0,0.9,0.02,-0.01,-0.252,0.08
375,7,0.83,0.707,0.59,0.607,0.01,0.263,0.748,0.353
376,7,0.82,0.414,0.18,0.314,0.0,0.536,1.0,0.626
377,,0.81,0.404,0.17,0.304,-0.01,0.526,0.99,0.616
378,5,0.4,0.111,0.16,0.577,0.99,0.799,0.98,0.323
379,5,-0.01,-0.182,0.15,0.85,1.0,1.0,0.97,0.03
380,2,0.263,0.818,0.423,0.84,0.707,0.59,0.677,0.02
381,2,0.536,1.0,0.696,0.83,0.414,0.18,0.384,0.01
382,,0.526,0.99,0.686,0.82,0.404,0.17,0.374,0.0
383,,0.516,0.98,0.676,0.81,0.394,0.16,0.364,-0.01
384,8,0.789,0.97,0.383,0.4,0.101,0.15,0.637,0.99
385,8,1.0,0.96,0.09,-0.01,-0.192,0.14,0.91,1.0
386,5,0.59,0.667,0.08,0.263,0.808,0.413,0.9,0.707
387,5,0.18,0.374,0.07,0.536,1.0,0.686,0.89,0.414
388,,0.17,0.364,0.06,0.526,0.99,0.676,0.88,0.404
389,,0.16,0.354,0.05,0.516,0.98,0.666,0.87,0.394
390,,0.15,0.344,0.04,0.506,0.97,0.656,0.86,0.384
391,,0.14,0.334,0.03,0.496,0.96,0.646,0.85,0.374
392,,0.13,0.324,0.02,0.486,0.95,0.636,0.84,0.364
393,,0.12,0.314,0.01,0.476,0.94,0.626,0.83,0.354
394,,0.11,0.304,0.0,0.466,0.93,0.616,0.82,0.344
395,,0.1,0.294,-0.01,0.456,0.92,0.606,0.81,0.334
396,3,0.09,0.567,0.99,0.729,0.91,0.313,0.4,0.041
397,3,0.08,0.84,1.0,1.0,0.9,0.02,-0.01,-0.252
398,8,0.353,0.83,0.707,0.59,0.607,0.01,0.263,0.748
399,8,0.626,0.82,0.414,0.18,0.314,0.0,0.536,1.0
400,,0.616,0.81,0.404,0.17,0.304,-0.01,0.526,0.99
401,6,0.323,0.4,0.111,0.16,0.577,0.99,0.799,0.98
402,6,0.03,-0.01,-0.182,0.15,0.85,1.0,1.0,0.97
403,3,0.02,0.263,0.818,0.423,0.84,0.707,0.59,0.677
404,3,0.01,0.536,1.0,0.696,0.83,0.414,0.18,0.384
405,,0.0,0.526,0.99,0.686,0.82,0.404,0.17,0.374
406,,-0.01,0.516,0.98,0.676,0.81,0.394,0.16,0.364
407,1,0.99,0.789,0.97,0.383,0.4,0.101,0.15,0.637
408,1,1.0,1.0,0.96,0.09,-0.01,-0.192,0.14,0.91
409,6,0.707,0.59,0.667,0.08,0.263,0.808,0.413,0.9
410,6,0.414,0.18,0.374,0.07,0.536,1.0,0.686,0.89
411,,0.404,0.17,0.364,0.06,0.526,0.99,0.676,0.88
412,,0.394,0.16,0.354,0.05,0.516,0.98,0.666,0.87
413,,0.384,0.15,0.344,0.04,0.506,0.97,0.656,0.86
414,,0.374,0.14,0.334,0.03,0.496,0.96,0.646,0.85
415,,0.364,0.13,0.324,0.02,0.486,0.95,0.636,0.84
416,,0.354,0.12,0.314,0.01,0.476,0.94,0.626,0.83
417,,0.344,0.11,0.304,0.0,0.466,0.93,0.616,0.82
418,,0.334,0.1,0.294,-0.01,0.456,0.92,0.606,0.81
419,4,0.041,0.09,0.567,0.99,0.729,0.91,0.313,0.4
420,4,-0.252,0.08,0.84,1.0,1.0,0.9,0.02,-0.01
421,1,0.748,0.353,0.83,0.707,0.59,0.607,0.01,0.263
422,1,1.0,0.626,0.82,0.414,0.18,0.314,0.0,0.536
423,,0.99,0.616,0.81,0.404,0.17,0.304,-0.01,0.526
424,7,0.98,0.323,0.4,0.111,0.16,0.577,0.99,0.799
425,7,0.97,0.03,-0.01,-0.182,0.15,0.85,1.0,1.0
426,4,0.677,0.02,0.263,0.818,0.423,0.84,0.707,0.59
427,4,0.384,0.01,0.536,1.0,0.696,0.83,0.414,0.18
428,,0.374,0.0,0.526,0.99,0.686,0.82,0.404,0.17
429,,0.364,-0.01,0.516,0.98,0.676,0.81,0.394,0.16
430,2,0.637,0.99,0.789,0.97,0.383,0.4,0.101,0.15
431,2,0.91,1.0,1.0,0.96,0.09,-0.01,-0.192,0.14
432,7,0.9,0.707,0.59,0.667,0.08,0.263,0.808,0.413
433,7,0.89,0.414,0.18,0.374,0.07,0.536,1.0,0.686
434,,0.88,0.404,0.17,0.364,0.06,0.526,0.99,0.676
435,,0.87,0.394,0.16,0.354,0.05,0.516,0.98,0.666
436,,0.86,0.384,0.15,0.344,0.04,0.506,0.97,0.656
437,,0.85,0.374,0.14,0.334,0.03,0.496,0.96,0.646
438,,0.84,0.364,0.13,0.324,0.02,0.486,0.95,0.636
439,,0.83,0.354,0.12,0.314,0.01,0.476,0.94,0.626
440,,0.82,0.344,0.11,0.304,0.0,0.466,0.93,0.616
441,,0.81,0.334,0.1,0.294,-0.01,0.456,0.92,0.606
442,5,0.4,0.041,0.09,0.567,0.99,0.729,0.91,0.313
443,5,-0.01,-0.252,0.08,0.84,1.0,1.0,0.9,0.02
444,2,0.263,0.748,0.353,0.83,0.707,0.59,0.607,0.01
445,2,0.536,1.0,0.626,0.82,0.414,0.18,0.314,0.0
446,,0.526,0.99,0.616,0.81,0.404,0.17,0.304,-0.01
447,8,0.799,0.98,0.323,0.4,0.111,0.16,0.577,0.99
448,8,1.0,0.97,0.03,-0.01,-0.182,0.15,0.85,1.0
449,5,0.59,0.677,0.02,0.263,0.818,0.423,0.84,0.707
450,5,0.18,0.384,0.01,0.536,1.0,0.696,0.83,0.414
451,,0.17,0.374,0.0,0.526,0.99,0.686,0.82,0.404
452,,0.16,0.364,-0.01,0.516,0.98,0.676,0.81,0.394
453,3,0.15,0.637,0.99,0.789,0.97,0.383,0.4,0.101
454,3,0.14,0.91,1.0,1.0,0.96,0.09,-0.01,-0.192
455,8,0.413,0.9,0.707,0.59,0.667,0.08,0.263,0.808
456,8,0.686,0.89,0.414,0.18,0.374,0.07,0.536,1.0
457,,0.676,0.88,0.404,0.17,0.364,0.06,0.526,0.99
458,,0.666,0.87,0.394,0.16,0.354,0.05,0.516,0.98
459,,0.656,0.86,0.384,0.15,0.344,0.04,0.506,0.97
460,,0.646,0.85,0.374,0.14,0.334,0.03,0.496,0.96
461,,0.636,0.84,0.364,0.13,0.324,0.02,0.486,0.95
462,,0.626,0.83,0.354,0.12,0.314,0.01,0.476,0.94
463,,0.616,0.82,0.344,0.11,0.304,0.0,0.466,0.93
464,,0.606,0.81,0.334,0.1,0.294,-0.01,0.456,0.92
465,6,0.313,0.4,0.041,0.09,0.567,0.99,0.729,0.91
466,6,0.02,-0.01,-0.252,0.08,0.84,1.0,1.0,0.9
467,3,0.01,0.263,0.748,0.353,0.83,0.707,0.59,0.607
468,3,0.0,0.536,1.0,0.626,0.82,0.414,0.18,0.314
469,,-0.01,0.526,0.99,0.616,0.81,0.404,0.17,0.304
470,1,0.99,0.799,0.98,0.323,0.4,0.111,0.16,0.577
471,1,1.0,1.0,0.97,0.03,-0.01,-0.182,0.15,0.85
472,6,0.707,0.59,0.677,0.02,0.263,0.818,0.423,0.84
473,6,0.414,0.18,0.384,0.01,0.536,1.0,0.696,0.83
474,,0.404,0.17,0.374,0.0,0.526,0.99,0.686,0.82
475,,0.394,0.16,0.364,-0.01,0.516,0.98,0.676,0.81
476,4,0.101,0.15,0.637,0.99,0.789,0.97,0.383,0.4
477,4,-0.192,0.14,0.91,1.0,1.0,0.96,0.09,-0.01
478,1,0.808,0.413,0.9,0.707,0.59,0.667,0.08,0.263
479,1,1.0,0.686,0.89,0.414,0.18,0.374,0.07,0.536
480,,0.99,0.676,0.88,0.404,0.17,0.364,0.06,0.526
481,,0.98,0.666,0.87,0.394,0.16,0.354,0.05,0.516
482,,0.97,0.656,0.86,0.384,0.15,0.344,0.04,0.506
483,,0.96,0.646,0.85,0.374,0.14,0.334,0.03,0.496
484,,0.95,0.636,0.84,0.364,0.13,0.324,0.02,0.486
485,,0.94,0.626,0.83,0.354,0.12,0.314,0.01,0.476
486,,0.93,0.616,0.82,0.344,0.11,0.304,0.0,0.466
487,,0.92,0.606,0.81,0.334,0.1,0.294,-0.01,0.456
488,7,0.91,0.313,0.4,0.041,0.09,0.567,0.99,0.729
489,7,0.9,0.02,-0.01,-0.252,0.08,0.84,1.0,1.0
490,4,0.607,0.01,0.263,0.748,0.353,0.83,0.707,0.59
491,4,0.314,0.0,0.536,1.0,0.626,0.82,0.414,0.18
492,,0.304,-0.01,0.526,0.99,0.616,0.81,0.404,0.17
493,2,0.577,0.99,0.799,0.98,0.323,0.4,0.111,0.16
494,2,0.85,1.0,1.0,0.97,0.03,-0.01,-0.182,0.15
495,7,0.84,0.707,0.59,0.677,0.02,0.263,0.818,0.423
496,7,0.83,0.414,0.18,0.384,0.01,0.536,1.0,0.696
497,,0.82,0.404,0.17,0.374,0.0,0.526,0.99,0.686
498,,0.81,0.394,0.16,0.364,-0.01,0.516,0.98,0.676
499,5,0.4,0.101,0.15,0.637,0.99,0.789,0.97,0.383
500,5,-0.01,-0.192,0.14,0.91,1.0,1.0,0.96,0.09
501,2,0.263,0.808,0.413,0.9,0.707,0.59,0.667,0.08
502,2,0.536,1.0,0.686,0.89,0.414,0.18,0.374,0.07
503,,0.526,0.99,0.676,0.88,0.404,0.17,0.364,0.06
504,,0.516,0.98,0.666,0.87,0.394,0.16,0.354,0.05
505,,0.506,0.97,0.656,0.86,0.384,0.15,0.344,0.04
506,,0.496,0.96,0.646,0.85,0.374,0.14,0.334,0.03
507,,0.486,0.95,0.636,0.84,0.364,0.13,0.324,0.02
508,,0.476,0.94,0.626,0.83,0.354,0.12,0.314,0.01
509,,0.466,0.93,0.616,0.82,0.344,0.11,0.304,0.0
510,,0.456,0.92,0.606,0.81,0.334,0.1,0.294,-0.01
511,8,0.729,0.91,0.313,0.4,0.041,0.09,0.567,0.99
512,8,1.0,0.9,0.02,-0.01,-0.252,0.08,0.84,1.0
513,5,0.59,0.607,0.01,0.263,0.748,0.353,0.83,0.707
514,5,0.18,0.314,0.0,0.536,1.0,0.626,0.82,0.414
515,,0.17,0.304,-0.01,0.526,0.99,0.616,0.81,0.404
516,3,0.16,0.577,0.99,0.799,0.98,0.323,0.4,0.111
517,3,0.15,0.85,1.0,1.0,0.97,0.03,-0.01,-0.182
518,8,0.423,0.84,0.707,0.59,0.677,0.02,0.263,0.818
519,8,0.696,0.83,0.414,0.18,0.384,0.01,0.536,1.0
520,,0.686,0.82,0.404,0.17,0.374,0.0,0.526,0.99
521,,0.676,0.81,0.394,0.16,0.364,-0.01,0.516,0.98
522,6,0.383,0.4,0.101,0.15,0.637,0.99,0.789,0.97
523,6,0.09,-0.01,-0.192,0.14,0.91,1.0,1.0,0.96
524,3,0.08,0.263,0.808,0.413,0.9,0.707,0.59,0.667
525,3,0.07,0.536,1.0,0.686,0.89,0.414,0.18,0.374
526,,0.06,0.526,0.99,0.676,0.88,0.404,0.17,0.364
527,,0.05,0.516,0.98,0.666,0.87,0.394,0.16,0.354
528,,0.04,0.506,0.97,0.656,0.86,0.384,0.15,0.344
529,,0.03,0.496,0.96,0.646,0.85,0.374,0.14,0.334
530,,0.02,0.486,0.95,0.636,0.84,0.364,0.13,0.324
531,,0.01,0.476,0.94,0.626,0.83,0.354,0.12,0.314
532,,0.0,0.466,0.93,0.616,0.82,0.344,0.11,0.304
533,,-0.01,0.456,0.92,0.606,0.81,0.334,0.1,0.294
534,1,0.99,0.729,0.91,0.313,0.4,0.041,0.09,0.567
535,1,1.0,1.0,0.9,0.02,-0.01,-0.252,0.08,0.84
536,6,0.707,0.59,0.607,0.01,0.263,0.748,0.353,0.83
537,6,0.414,0.18,0.314,0.0,0.536,1.0,0.626,0.82
538,,0.404,0.17,0.304,-0.01,0.526,0.99,0.616,0.81
539,4,0.111,0.16,0.577,0.99,0.799,0.98,0.323,0.4
540,4,-0.182,0.15,0.85,1.0,1.0,0.97,0.03,-0.01
541,1,0.818,0.423,0.84,0.707,0.59,0.677,0.02,0.263
542,1,1.0,0.696,0.83,0.414,0.18,0.384,0.01,0.536
543,,0.99,0.686,0.82,0.404,0.17,0.374,0.0,0.526
544,,0.98,0.676,0.81,0.394,0.16,0.364,-0.01,0.516
545,7,0.97,0.383,0.4,0.101,0.15,0.637,0.99,0.789
546,7,0.96,0.09,-0.01,-0.192,0.14,0.91,1.0,1.0
547,4,0.667,0.08,0.263,0.808,0.413,0.9,0.707,0.59
548,4,0.374,0.07,0.536,1.0,0.686,0.89,0.414,0.18
549,,0.364,0.06,0.526,0.99,0.676,0.88,0.404,0.17
550,,0.354,0.05,0.516,0.98,0.666,0.87,0.394,0.16
551,,0.344,0.04,0.506,0.97,0.656,0.86,0.384,0.15
552,,0.334,0.03,0.496,0.96,0.646,0.85,0.374,0.14
553,,0.324,0.02,0.486,0.95,0.636,0.84,0.364,0.13
554,,0.314,0.01,0.476,0.94,0.626,0.83,0.354,0.12
555,,0.304,0.0,0.466,0.93,0.616,0.82,0.344,0.11
556,,0.294,-0.01,0.456,0.92,0.606,0.81,0.334,0.1
557,2,0.567,0.99,0.729,0.91,0.313,0.4,0.041,0.09
558,2,0.84,1.0,1.0,0.9,0.02,-0.01,-0.252,0.08
559,7,0.83,0.707,0.59,0.607,0.01,0.263,0.748,0.353
560,7,0.82,0.414,0.18,0.314,0.0,0.536,1.0,0.626
561,,0.81,0.404,0.17,0.304,-0.01,0.526,0.99,0.616
562,5,0.4,0.111,0.16,0.577,0.99,0.799,0.98,0.323
563,5,-0.01,-0.182,0.15,0.85,1.0,1.0,0.97,0.03
564,2,0.263,0.818,0.423,0.84,0.707,0.59,0.677,0.02
565,2,0.536,1.0,0.696,0.83,0.414,0.18,0.384,0.01
566,,0.526,0.99,0.686,0.82,0.404,0.17,0.374,0.0
567,,0.516,0.98,0.676,0.81,0.394,0.16,0.364,-0.01
568,8,0.789,0.97,0.383,0.4,0.101,0.15,0.637,0.99
569,8,1.0,0.96,0.09,-0.01,-0.192,0.14,0.91,1.0
570,5,0.59,0.667,0.08,0.263,0.808,0.413,0.9,0.707
571,5,0.18,0.374,0.07,0.536,1.0,0.686,0.89,0.414
572,,0.17,0.364,0.06,0.526,0.99,0.676,0.88,0.404
573,,0.16,0.354,0.05,0.516,0.98,0.666,0.87,0.394
574,,0.15,0.344,0.04,0.506,0.97,0.656,0.86,0.384
575,,0.14,0.334,0.03,0.496,0.96,0.646,0.85,0.374
576,,0.13,0.324,0.02,0.486,0.95,0.636,0.84,0.364
577,,0.12,0.314,0.01,0.476,0.94,0.626,0.83,0.354
578,,0.11,0.304,0.0,0.466,0.93,0.616,0.82,0.344
579,,0.1,0.294,-0.01,0.456,0.92,0.606,0.81,0.334
580,3,0.09,0.567,0.99,0.729,0.91,0.313,0.4,0.041
581,3,0.08,0.84,1.0,1.0,0.9,0.02,-0.01,-0.252
582,8,0.353,0.83,0.707,0.59,0.607,0.01,0.263,0.748
583,8,0.626,0.82,0.414,0.18,0.314,0.0,0.536,1.0
584,,0.616,0.81,0.404,0.17,0.304,-0.01,0.526,0.99
585,6,0.323,0.4,0.111,0.16,0.577,0.99,0.799,0.98
586,6,0.03,-0.01,-0.182,0.15,0.85,1.0,1.0,0.97
587,3,0.02,0.263,0.818,0.423,0.84,0.707,0.59,0.677
588,3,0.01,0.536,1.0,0.696,0.83,0.414,0.18,0.384
589,,0.0,0.526,0.99,0.686,0.82,0.404,0.17,0.374
590,,-0.01,0.516,0.98,0.676,0.81,0.394,0.16,0.364
591,1,0.99,0.789,0.97,0.383,0.4,0.101,0.15,0.637
592,1,1.0,1.0,0.96,0.09,-0.01,-0.192,0.14,0.91
593,6,0.707,0.59,0.667,0.08,0.263,0.808,0.413,0.9
594,6,0.414,0.18,0.374,0.07,0.536,1.0,0.686,0.89
595,,0.404,0.17,0.364,0.06,0.526,0.99,0.676,0.88
596,,0.394,0.16,0.354,0.05,0.516,0.98,0.666,0.87
597,,0.384,0.15,0.344,0.04,0.506,0.97,0.656,0.86
598,,0.374,0.14,0.334,0.03,0.496,0.96,0.646,0.85
599,,0.364,0.13,0.324,0.02,0.486,0.95,0.636,0.84
600,,0.354,0.12,0.314,0.01,0.476,0.94,0.626,0.83
601,,0.344,0.11,0.304,0.0,0.466,0.93,0.616,0.82
602,,0.334,0.1,0.294,-0.01,0.456,0.92,0.606,0.81
603,4,0.041,0.09,0.567,0.99,0.729,0.91,0.313,0.4
604,4,-0.252,0.08,0.84,1.0,1.0,0.9,0.02,-0.01
605,1,0.748,0.353,0.83,0.707,0.59,0.607,0.01,0.263
606,1,1.0,0.626,0.82,0.414,0.18,0.314,0.0,0.536
607,,0.99,0.616,0.81,0.404,0.17,0.304,-0.01,0.526
608,7,0.98,0.323,0.4,0.111,0.16,0.577,0.99,0.799
609,7,0.97,0.03,-0.01,-0.182,0.15,0.85,1.0,1.0
610,4,0.677,0.02,0.263,0.818,0.423,0.84,0.707,0.59
611,4,0.384,0.01,0.536,1.0,0.696,0.83,0.414,0.18
612,,0.374,0.0,0.526,0.99,0.686,0.82,0.404,0.17
613,,0.364,-0.01,0.516,0.98,0.676,0.81,0.394,0.16
614,2,0.637,0.99,0.789,0.97,0.383,0.4,0.101,0.15
615,2,0.91,1.0,1.0,0.96,0.09,-0.01,-0.192,0.14
616,7,0.9,0.707,0.59,0.667,0.08,0.263,0.808,0.413
617,7,0.89,0.414,0.18,0.374,0.07,0.536,1.0,0.686
618,,0.88,0.404,0.17,0.364,0.06,0.526,0.99,0.676
619,,0.87,0.394,0.16,0.354,0.05,0.516,0.98,0.666
620,,0.86,0.384,0.15,0.344,0.04,0.506,0.97,0.656
621,,0.85,0.374,0.14,0.334,0.03,0.496,0.96,0.646
622,,0.84,0.364,0.13,0.324,0.02,0.486,0.95,0.636
623,,0.83,0.354,0.12,0.314,0.01,0.476,0.94,0.626
624,,0.82,0.344,0.11,0.304,0.0,0.466,0.93,0.616
625,,0.81,0.334,0.1,0.294,-0.01,0.456,0.92,0.606
626,5,0.4,0.041,0.09,0.567,0.99,0.729,0.91,0.313
627,5,-0.01,-0.252,0.08,0.84,1.0,1.0,0.9,0.02
628,2,0.263,0.748,0.353,0.83,0.707,0.59,0.607,0.01
629,2,0.536,1.0,0.626,0.82,0.414,0.18,0.314,0.0
630,,0.526,0.99,0.616,0.81,0.404,0.17,0.304,-0.01
631,8,0.799,0.98,0.323,0.4,0.111,0.16,0.577,0.99
632,8,1.0,0.97,0.03,-0.01,-0.182,0.15,0.85,1.0
633,5,0.59,0.677,0.02,0.263,0.818,0.423,0.84,0.707
634,5,0.18,0.384,0.01,0.536,1.0,0.696,0.83,0.414
635,,0.17,0.374,0.0,0.526,0.99,0.686,0.82,0.404
636,,0.16,0.364,-0.01,0.516,0.98,0.676,0.81,0.394
637,3,0.15,0.637,0.99,0.789,0.97,0.383,0.4,0.101
638,3,0.14,0.91,1.0,1.0,0.96,0.09,-0.01,-0.192
639,8,0.413,0.9,0.707,0.59,0.667,0.08,0.263,0.808
640,8,0.686,0.89,0.414,0.18,0.374,0.07,0.536,1.0
641,,0.676,0.88,0.404,0.17,0.364,0.06,0.526,0.99
642,,0.666,0.87,0.394,0.16,0.354,0.05,0.516,0.98
643,,0.656,0.86,0.384,0.15,0.344,0.04,0.506,0.97
644,,0.646,0.85,0.374,0.14,0.334,0.03,0.496,0.96
645,,0.636,0.84,0.364,0.13,0.324,0.02,0.486,0.95
646,,0.626,0.83,0.354,0.12,0.314,0.01,0.476,0.94
647,,0.616,0.82,0.344,0.11,0.304,0.0,0.466,0.93
648,,0.606,0.81,0.334,0.1,0.294,-0.01,0.456,0.92
649,6,0.313,0.4,0.041,0.09,0.567,0.99,0.729,0.91
650,6,0.02,-0.01,-0.252,0.08,0.84,1.0,1.0,0.9
651,3,0.01,0.263,0.748,0.353,0.83,0.707,0.59,0.607
652,3,0.0,0.536,1.0,0.626,0.82,0.414,0.18,0.314
653,,-0.01,0.526,0.99,0.616,0.81,0.404,0.17,0.304
654,1,0.99,0.799,0.98,0.323,0.4,0.111,0.16,0.577
655,1,1.0,1.0,0.97,0.03,-0.01,-0.182,0.15,0.85
656,6,0.707,0.59,0.677,0.02,0.263,0.818,0.423,0.84
657,6,0.414,0.18,0.384,0.01,0.536,1.0,0.696,0.83
658,,0.404,0.17,0.374,0.0,0.526,0.99,0.686,0.82
659,,0.394,0.16,0.364,-0.01,0.516,0.98,0.676,0.81
660,4,0.101,0.15,0.637,0.99,0.789,0.97,0.383,0.4
661,4,-0.192,0.14,0.91,1.0,1.0,0.96,0.09,-0.01
662,1,0.808,0.413,0.9,0.707,0.59,0.667,0.08,0.263
663,1,1.0,0.686,0.89,0.414,0.18,0.374,0.07,0.536
664,,0.99,0.676,0.88,0.404,0.17,0.364,0.06,0.526
665,,0.98,0.666,0.87,0.394,0.16,0.354,0.05,0.516
666,,0.97,0.656,0.86,0.384,0.15,0.344,0.04,0.506
667,,0.96,0.646,0.85,0.374,0.14,0.334,0.03,0.496
668,,0.95,0.636,0.84,0.364,0.13,0.324,0.02,0.486
669,,0.94,0.626,0.83,0.354,0.12,0.314,0.01,0.476
670,,0.93,0.616,0.82,0.344,0.11,0.304,0.0,0.466
671,,0.92,0.606,0.81,0.334,0.1,0.294,-0.01,0.456
672,7,0.91,0.313,0.4,0.041,0.09,0.567,0.99,0.729
673,7,0.9,0.02,-0.01,-0.252,0.08,0.84,1.0,1.0
674,4,0.607,0.01,0.263,0.748,0.353,0.83,0.707,0.59
675,4,0.314,0.0,0.536,1.0,0.626,0.82,0.414,0.18
676,,0.304,-0.01,0.526,0.99,0.616,0.81,0.404,0.17
677,2,0.577,0.99,0.799,0.98,0.323,0.4,0.111,0.16
678,2,0.85,1.0,1.0,0.97,0.03,-0.01,-0.182,0.15
679,7,0.84,0.707,0.59,0.677,0.02,0.263,0.818,0.423
680,7,0.83,0.414,0.18,0.384,0.01,0.536,1.0,0.696
681,,0.82,0.404,0.17,0.374,0.0,0.526,0.99,0.686
682,,0.81,0.394,0.16,0.364,-0.01,0.516,0.98,0.676
683,5,0.4,0.101,0.15,0.637,0.99,0.789,0.97,0.383
684,5,-0.01,-0.192,0.14,0.91,1.0,1.0,0.96,0.09
685,2,0.263,0.808,0.413,0.9,0.707,0.59,0.667,0.08
686,2,0.536,1.0,0.686,0.89,0.414,0.18,0.374,0.07
687,,0.526,0.99,0.676,0.88,0.404,0.17,0.364,0.06
688,,0.516,0.98,0.666,0.87,0.394,0.16,0.354,0.05
689,,0.506,0.97,0.656,0.86,0.384,0.15,0.344,0.04
690,,0.496,0.96,0.646,0.85,0.374,0.14,0.334,0.03
691,,0.486,0.95,0.636,0.84,0.364,0.13,0.324,0.02
692,,0.476,0.94,0.626,0.83,0.354,0.12,0.314,0.01
693,,0.466,0.93,0.616,0.82,0.344,0.11,0.304,0.0
694,,0.456,0.92,0.606,0.81,0.334,0.1,0.294,-0.01
695,8,0.729,0.91,0.313,0.4,0.041,0.09,0.567,0.99
696,8,1.0,0.9,0.02,-0.01,-0.252,0.08,0.84,1.0
697,5,0.59,0.607,0.01,0.263,0.748,0.353,0.83,0.707
698,5,0.18,0.314,0.0,0.536,1.0,0.626,0.82,0.414
699,,0.17,0.304,-0.01,0.526,0.99,0.616,0.81,0.404
700,3,0.16,0.577,0.99,0.799,0.98,0.323,0.4,0.111
701,3,0.15,0.85,1.0,1.0,0.97,0.03,-0.01,-0.182
702,8,0.423,0.84,0.707,0.59,0.677,0.02,0.263,0.818
703,8,0.696,0.83,0.414,0.18,0.384,0.01,0.536,1.0
704,,0.686,0.82,0.404,0.17,0.374,0.0,0.526,0.99
705,,0.676,0.81,0.394,0.16,0.364,-0.01,0.516,0.98
706,6,0.383,0.4,0.101,0.15,0.637,0.99,0.789,0.97
707,6,0.09,-0.01,-0.192,0.14,0.91,1.0,1.0,0.96
708,3,0.08,0.263,0.808,0.413,0.9,0.707,0.59,0.667
709,3,0.07,0.536,1.0,0.686,0.89,0.414,0.18,0.374
710,,0.06,0.526,0.99,0.676,0.88,0.404,0.17,0.364
711,,0.05,0.516,0.98,0.666,0.87,0.394,0.16,0.354
712,,0.04,0.506,0.97,0.656,0.86,0.384,0.15,0.344
713,,0.03,0.496,0.96,0.646,0.85,0.374,0.14,0.334
714,,0.02,0.486,0.95,0.636,0.84,0.364,0.13,0.324
715,,0.01,0.476,0.94,0.626,0.83,0.354,0.12,0.314
716,,0.0,0.466,0.93,0.616,0.82,0.344,0.11,0.304
717,,-0.01,0.456,0.92,0.606,0.81,0.334,0.1,0.294
718,1,0.99,0.729,0.91,0.313,0.4,0.041,0.09,0.567
719,1,1.0,1.0,0.9,0.02,-0.01,-0.252,0.08,0.84
720,6,0.707,0.59,0.607,0.01,0.263,0.748,0.353,0.83
721,6,0.414,0.18,0.314,0.0,0.536,1.0,0.626,0.82
722,,0.404,0.17,0.304,-0.01,0.526,0.99,0.616,0.81
723,4,0.111,0.16,0.577,0.99,0.799,0.98,0.323,0.4
724,4,-0.182,0.15,0.85,1.0,1.0,0.97,0.03,-0.01
725,1,0.818,0.423,0.84,0.707,0.59,0.677,0.02,0.263
726,1,1.0,0.696,0.83,0.414,0.18,0.384,0.01,0.536
727,,0.99,0.686,0.82,0.404,0.17,0.374,0.0,0.526
728,,0.98,0.676,0.81,0.394,0.16,0.364,-0.01,0.516
729,7,0.97,0.383,0.4,0.101,0.15,0.637,0.99,0.789
730,7,0.96,0.09,-0.01,-0.192,0.14,0.91,1.0,1.0
731,4,0.667,0.08,0.263,0.808,0.413,0.9,0.707,0.59
732,4,0.374,0.07,0.536,1.0,0.686,0.89,0.414,0.18
733,,0.364,0.06,0.526,0.99,0.676,0.88,0.404,0.17
734,,0.354,0.05,0.516,0.98,0.666,0.87,0.394,0.16
735,,0.344,0.04,0.506,0.97,0.656,0.86,0.384,0.15
736,,0.334,0.03,0.496,0.96,0.646,0.85,0.374,0.14
737,,0.324,0.02,0.486,0.95,0.636,0.84,0.364,0.13
738,,0.314,0.01,0.476,0.94,0.626,0.83,0.354,0.12
739,,0.304,0.0,0.466,0.93,0.616,0.82,0.344,0.11
740,,0.294,-0.01,0.456,0.92,0.606,0.81,0.334,0.1
741,2,0.567,0.99,0.729,0.91,0.313,0.4,0.041,0.09
742,2,0.84,1.0,1.0,0.9,0.02,-0.01,-0.252,0.08
743,7,0.83,0.707,0.59,0.607,0.01,0.263,0.748,0.353
744,7,0.82,0.414,0.18,0.314,0.0,0.536,1.0,0.626
745,,0.81,0.404,0.17,0.304,-0.01,0.526,0.99,0.616
746,5,0.4,0.111,0.16,0.577,0.99,0.799,0.98,0.323
747,5,-0.01,-0.182,0.15,0.85,1.0,1.0,0.97,0.03
748,2,0.263,0.818,0.423,0.84,0.707,0.59,0.677,0.02
749,2,0.536,1.0,0.696,0.83,0.414,0.18,0.384,0.01
750,,0.526,0.99,0.686,0.82,0.404,0.17,0.374,0.0
751,,0.516,0.98,0.676,0.81,0.394,0.16,0.364,-0.01
752,8,0.789,0.97,0.383,0.4,0.101,0.15,0.637,0.99
753,8,1.0,0.96,0.09,-0.01,-0.192,0.14,0.91,1.0
754,5,0.59,0.667,0.08,0.263,0.808,0.413,0.9,0.707
755,5,0.18,0.374,0.07,0.536,1.0,0.686,0.89,0.414
756,,0.17,0.364,0.06,0.526,0.99,0.676,0.88,0.404
757,,0.16,0.354,0.05,0.516,0.98,0.666,0.87,0.394
758,,0.15,0.344,0.04,0.506,0.97,0.656,0.86,0.384
759,,0.14,0.334,0.03,0.496,0.96,0.646,0.85,0.374
760,,0.13,0.324,0.02,0.486,0.95,0.636,0.84,0.364
761,,0.12,0.314,0.01,0.476,0.94,0.626,0.83,0.354
762,,0.11,0.304,0.0,0.466,0.93,0.616,0.82,0.344
763,,0.1,0.294,-0.01,0.456,0.92,0.606,0.81,0.334
764,3,0.09,0.567,0.99,0.729,0.91,0.313,0.4,0.041
765,3,0.08,0.84,1.0,1.0,0.9,0.02,-0.01,-0.252
766,8,0.353,0.83,0.707,0.59,0.607,0.01,0.263,0.748
767,8,0.626,0.82,0.414,0.18,0.314,0.0,0.536,1.0
768,,0.616,0.81,0.404,0.17,0.304,-0.01,0.526,0.99
769,6,0.323,0.4,0.111,0.16,0.577,0.99,0.799,0.98
770,6,0.03,-0.01,-0.182,0.15,0.85,1.0,1.0,0.97
771,3,0.02,0.263,0.818,0.423,0.84,0.707,0.59,0.677
772,3,0.01,0.536,1.0,0.696,0.83,0.414,0.18,0.384
773,,0.0,0.526,0.99,0.686,0.82,0.404,0.17,0.374
774,,-0.01,0.516,0.98,0.676,0.81,0.394,0.16,0.364
775,1,0.99,0.789,0.97,0.383,0.4,0.101,0.15,0.637
776,1,1.0,1.0,0.96,0.09,-0.01,-0.192,0.14,0.91
777,6,0.707,0.59,0.667,0.08,0.263,0.808,0.413,0.9
778,6,0.414,0.18,0.374,0.07,0.536,1.0,0.686,0.89
779,,0.404,0.17,0.364,0.06,0.526,0.99,0.676,0.88
780,,0.394,0.16,0.354,0.05,0.516,0.98,0.666,0.87
781,,0.384,0.15,0.344,0.04,0.506,0.97,0.656,0.86
782,,0.374,0.14,0.334,0.03,0.496,0.96,0.646,0.85
783,,0.364,0.13,0.324,0.02,0.486,0.95,0.636,0.84
784,,0.354,0.12,0.314,0.01,0.476,0.94,0.626,0.83
785,,0.344,0.11,0.304,0.0,0.466,0.93,0.616,0.82
786,,0.334,0.1,0.294,-0.01,0.456,0.92,0.606,0.81
787,4,0.041,0.09,0.567,0.99,0.729,0.91,0.313,0.4
788,4,-0.252,0.08,0.84,1.0,1.0,0.9,0.02,-0.01
789,1,0.748,0.353,0.83,0.707,0.59,0.607,0.01,0.263
790,1,1.0,0.626,0.82,0.414,0.18,0.314,0.0,0.536
791,,0.99,0.616,0.81,0.404,0.17,0.304,-0.01,0.526
792,7,0.98,0.323,0.4,0.111,0.16,0.577,0.99,0.799
793,7,0.97,0.03,-0.01,-0.182,0.15,0.85,1.0,1.0
794,4,0.677,0.02,0.263,0.818,0.423,0.84,0.707,0.59
795,4,0.384,0.01,0.536,1.0,0.696,0.83,0.414,0.18
796,,0.374,0.0,0.526,0.99,0.686,0.82,0.404,0.17
797,,0.364,-0.01,0.516,0.98,0.676,0.81,0.394,0.16
798,2,0.637,0.99,0.789,0.97,0.383,0.4,0.101,0.15
799,2,0.91,1.0,1.0,0.96,0.09,-0.01,-0.192,0.14
800,7,0.9,0.707,0.59,0.667,0.08,0.263,0.808,0.413
