step,active_motive,motive_1,motive_2,motive_3,motive_4,motive_5,motive_6,motive_7,motive_8
0,,0.32518,0.72961,0.63756,0.88721,0.47221,0.11959,0.71324,0.76079
1,,0.31518,0.71961,0.62756,0.87721,0.46221,0.10959,0.70324,0.75079
2,,0.30518,0.70961,0.61756,0.86721,0.45221,0.09959,0.69324,0.74079
3,,0.29518,0.69961,0.60756,0.85721,0.44221,0.08959,0.68324,0.73079
4,,0.28518,0.68961,0.59756,0.84721,0.43221,0.07959,0.67324,0.72079
5,,0.27518,0.67961,0.58756,0.83721,0.42221,0.06959,0.66324,0.71079
6,,0.26518,0.66961,0.57756,0.82721,0.41221,0.05959,0.65324,0.70079
7,,0.25518,0.65961,0.56756,0.81721,0.40221,0.04959,0.64324,0.69079
8,,0.24518,0.64961,0.55756,0.80721,0.39221,0.03959,0.63324,0.68079
9,,0.23518,0.63961,0.54756,0.79721,0.38221,0.02959,0.62324,0.67079
10,,0.22518,0.62961,0.53756,0.78721,0.37221,0.01959,0.61324,0.66079
11,,0.21518,0.61961,0.52756,0.77721,0.36221,0.00959,0.60324,0.65079
12,,0.20518,0.60961,0.51756,0.76721,0.35221,-0.00041,0.59324,0.64079
13,6,-0.08782,0.19961,0.22456,0.75721,0.62521,0.99959,0.86624,0.63079
14,6,-0.38082,-0.21039,-0.06844,0.74721,0.89821,1.0,1.0,0.62079
15,1,0.61918,0.06261,-0.07844,0.45421,0.48821,0.707,0.99,0.89379
16,1,1.0,0.33561,-0.08844,0.16121,0.07821,0.414,0.98,1.0
17,3,0.99,0.60861,0.91156,0.43421,0.06821,0.121,0.57,0.707
18,3,0.98,0.88161,1.0,0.70721,0.05821,-0.172,0.16,0.414
19,6,0.687,0.47161,0.707,0.69721,0.33121,0.828,0.433,0.404
20,6,0.394,0.06161,0.414,0.68721,0.60421,1.0,0.706,0.394
21,,0.384,0.05161,0.404,0.67721,0.59421,0.99,0.696,0.384
22,,0.374,0.04161,0.394,0.66721,0.58421,0.98,0.686,0.374
23,,0.364,0.03161,0.384,0.65721,0.57421,0.97,0.676,0.364
24,,0.354,0.02161,0.374,0.64721,0.56421,0.96,0.666,0.354
25,,0.344,0.01161,0.364,0.63721,0.55421,0.95,0.656,0.344
26,,0.334,0.00161,0.354,0.62721,0.54421,0.94,0.646,0.334
27,,0.324,-0.00839,0.344,0.61721,0.53421,0.93,0.636,0.324
28,2,0.597,0.99161,0.617,0.60721,0.24121,0.52,0.343,0.314
29,2,0.87,1.0,0.89,0.59721,-0.05179,0.11,0.05,0.304
30,5,0.46,0.707,0.88,0.87021,0.94821,0.383,0.04,0.011
31,5,0.05,0.414,0.87,1.0,1.0,0.656,0.03,-0.282
32,8,0.323,0.404,0.577,0.59,0.707,0.646,0.303,0.718
33,8,0.596,0.394,0.284,0.18,0.414,0.636,0.576,1.0
34,,0.586,0.384,0.274,0.17,0.404,0.626,0.566,0.99
35,,0.576,0.374,0.264,0.16,0.394,0.616,0.556,0.98
36,,0.566,0.364,0.254,0.15,0.384,0.606,0.546,0.97
37,,0.556,0.354,0.244,0.14,0.374,0.596,0.536,0.96
38,,0.546,0.344,0.234,0.13,0.364,0.586,0.526,0.95
39,,0.536,0.334,0.224,0.12,0.354,0.576,0.516,0.94
40,,0.526,0.324,0.214,0.11,0.344,0.566,0.506,0.93
41,,0.516,0.314,0.204,0.1,0.334,0.556,0.496,0.92
42,,0.506,0.304,0.194,0.09,0.324,0.546,0.486,0.91
43,,0.496,0.294,0.184,0.08,0.314,0.536,0.476,0.9
44,,0.486,0.284,0.174,0.07,0.304,0.526,0.466,0.89
45,,0.476,0.274,0.164,0.06,0.294,0.516,0.456,0.88
46,,0.466,0.264,0.154,0.05,0.284,0.506,0.446,0.87
47,,0.456,0.254,0.144,0.04,0.274,0.496,0.436,0.86
48,,0.446,0.244,0.134,0.03,0.264,0.486,0.426,0.85
49,,0.436,0.234,0.124,0.02,0.254,0.476,0.416,0.84
50,,0.426,0.224,0.114,0.01,0.244,0.466,0.406,0.83
51,,0.416,0.214,0.104,0.0,0.234,0.456,0.396,0.82
52,,0.406,0.204,0.094,-0.01,0.224,0.446,0.386,0.81
53,4,0.113,0.194,0.367,0.99,0.497,0.436,0.093,0.4
54,4,-0.18,0.184,0.64,1.0,0.77,0.426,-0.2,-0.01
55,7,-0.19,-0.109,0.23,0.707,0.76,0.699,0.8,0.263
56,7,-0.2,-0.402,-0.18,0.414,0.75,0.972,1.0,0.536
57,2,0.073,0.598,0.093,0.404,0.457,0.562,0.707,0.526
58,2,0.346,1.0,0.366,0.394,0.164,0.152,0.414,0.516
59,,0.336,0.99,0.356,0.384,0.154,0.142,0.404,0.506
60,,0.326,0.98,0.346,0.374,0.144,0.132,0.394,0.496
61,,0.316,0.97,0.336,0.364,0.134,0.122,0.384,0.486
62,,0.306,0.96,0.326,0.354,0.124,0.112,0.374,0.476
63,,0.296,0.95,0.316,0.344,0.114,0.102,0.364,0.466
64,,0.286,0.94,0.306,0.334,0.104,0.092,0.354,0.456
65,,0.276,0.93,0.296,0.324,0.094,0.082,0.344,0.446
66,,0.266,0.92,0.286,0.314,0.084,0.072,0.334,0.436
67,,0.256,0.91,0.276,0.304,0.074,0.062,0.324,0.426
68,,0.246,0.9,0.266,0.294,0.064,0.052,0.314,0.416
69,,0.236,0.89,0.256,0.284,0.054,0.042,0.304,0.406
70,,0.226,0.88,0.246,0.274,0.044,0.032,0.294,0.396
71,,0.216,0.87,0.236,0.264,0.034,0.022,0.284,0.386
72,,0.206,0.86,0.226,0.254,0.024,0.012,0.274,0.376
73,,0.196,0.85,0.216,0.244,0.014,0.002,0.264,0.366
74,,0.186,0.84,0.206,0.234,0.004,-0.008,0.254,0.356
75,6,-0.107,0.43,-0.087,0.224,0.277,0.992,0.527,0.346
76,6,-0.4,0.02,-0.38,0.214,0.55,1.0,0.8,0.336
77,1,0.6,0.293,-0.39,-0.079,0.14,0.707,0.79,0.609
78,1,1.0,0.566,-0.4,-0.372,-0.27,0.414,0.78,0.882
79,3,0.99,0.839,0.6,-0.099,-0.28,0.121,0.37,0.589
80,3,0.98,1.0,1.0,0.174,-0.29,-0.172,-0.04,0.296
81,5,0.57,0.707,0.99,0.447,0.71,0.101,-0.05,0.003
82,5,0.16,0.414,0.98,0.72,1.0,0.374,-0.06,-0.29
83,8,0.433,0.404,0.687,0.31,0.707,0.364,0.213,0.71
84,8,0.706,0.394,0.394,-0.1,0.414,0.354,0.486,1.0
85,4,0.413,0.384,0.667,0.9,0.687,0.344,0.193,0.59
86,4,0.12,0.374,0.94,1.0,0.96,0.334,-0.1,0.18
87,7,0.11,0.081,0.53,0.707,0.95,0.607,0.9,0.453
88,7,0.1,-0.212,0.12,0.414,0.94,0.88,1.0,0.726
89,2,0.373,0.788,0.393,0.404,0.647,0.47,0.707,0.716
90,2,0.646,1.0,0.666,0.394,0.354,0.06,0.414,0.706
91,,0.636,0.99,0.656,0.384,0.344,0.05,0.404,0.696
92,,0.626,0.98,0.646,0.374,0.334,0.04,0.394,0.686
93,,0.616,0.97,0.636,0.364,0.324,0.03,0.384,0.676
94,,0.606,0.96,0.626,0.354,0.314,0.02,0.374,0.666
95,,0.596,0.95,0.616,0.344,0.304,0.01,0.364,0.656
96,,0.586,0.94,0.606,0.334,0.294,0.0,0.354,0.646
97,,0.576,0.93,0.596,0.324,0.284,-0.01,0.344,0.636
98,6,0.283,0.52,0.303,0.314,0.557,0.99,0.617,0.626
99,6,-0.01,0.11,0.01,0.304,0.83,1.0,0.89,0.616
100,1,0.99,0.383,0.0,0.011,0.42,0.707,0.88,0.889
101,1,1.0,0.656,-0.01,-0.282,0.01,0.414,0.87,1.0
102,4,0.707,0.646,0.263,0.718,0.283,0.404,0.577,0.59
103,4,0.414,0.636,0.536,1.0,0.556,0.394,0.284,0.18
104,,0.404,0.626,0.526,0.99,0.546,0.384,0.274,0.17
105,,0.394,0.616,0.516,0.98,0.536,0.374,0.264,0.16
106,,0.384,0.606,0.506,0.97,0.526,0.364,0.254,0.15
107,,0.374,0.596,0.496,0.96,0.516,0.354,0.244,0.14
108,,0.364,0.586,0.486,0.95,0.506,0.344,0.234,0.13
109,,0.354,0.576,0.476,0.94,0.496,0.334,0.224,0.12
110,,0.344,0.566,0.466,0.93,0.486,0.324,0.214,0.11
111,,0.334,0.556,0.456,0.92,0.476,0.314,0.204,0.1
112,,0.324,0.546,0.446,0.91,0.466,0.304,0.194,0.09
113,,0.314,0.536,0.436,0.9,0.456,0.294,0.184,0.08
114,,0.304,0.526,0.426,0.89,0.446,0.284,0.174,0.07
115,,0.294,0.516,0.416,0.88,0.436,0.274,0.164,0.06
116,,0.284,0.506,0.406,0.87,0.426,0.264,0.154,0.05
117,,0.274,0.496,0.396,0.86,0.416,0.254,0.144,0.04
118,,0.264,0.486,0.386,0.85,0.406,0.244,0.134,0.03
119,,0.254,0.476,0.376,0.84,0.396,0.234,0.124,0.02
120,,0.244,0.466,0.366,0.83,0.386,0.224,0.114,0.01
121,,0.234,0.456,0.356,0.82,0.376,0.214,0.104,0.0
122,,0.224,0.446,0.346,0.81,0.366,0.204,0.094,-0.01
123,8,0.497,0.436,0.053,0.4,0.073,0.194,0.367,0.99
124,8,0.77,0.426,-0.24,-0.01,-0.22,0.184,0.64,1.0
125,3,0.76,0.699,0.76,0.263,-0.23,-0.109,0.23,0.707
126,3,0.75,0.972,1.0,0.536,-0.24,-0.402,-0.18,0.414
127,6,0.457,0.562,0.707,0.526,0.033,0.598,0.093,0.404
128,6,0.164,0.152,0.414,0.516,0.306,1.0,0.366,0.394
129,,0.154,0.142,0.404,0.506,0.296,0.99,0.356,0.384
130,,0.144,0.132,0.394,0.496,0.286,0.98,0.346,0.374
131,,0.134,0.122,0.384,0.486,0.276,0.97,0.336,0.364
132,,0.124,0.112,0.374,0.476,0.266,0.96,0.326,0.354
133,,0.114,0.102,0.364,0.466,0.256,0.95,0.316,0.344
134,,0.104,0.092,0.354,0.456,0.246,0.94,0.306,0.334
135,,0.094,0.082,0.344,0.446,0.236,0.93,0.296,0.324
136,,0.084,0.072,0.334,0.436,0.226,0.92,0.286,0.314
137,,0.074,0.062,0.324,0.426,0.216,0.91,0.276,0.304
138,,0.064,0.052,0.314,0.416,0.206,0.9,0.266,0.294
139,,0.054,0.042,0.304,0.406,0.196,0.89,0.256,0.284
140,,0.044,0.032,0.294,0.396,0.186,0.88,0.246,0.274
141,,0.034,0.022,0.284,0.386,0.176,0.87,0.236,0.264
142,,0.024,0.012,0.274,0.376,0.166,0.86,0.226,0.254
143,,0.014,0.002,0.264,0.366,0.156,0.85,0.216,0.244
144,,0.004,-0.008,0.254,0.356,0.146,0.84,0.206,0.234
145,2,0.277,0.992,0.527,0.346,-0.147,0.43,-0.087,0.224
146,2,0.55,1.0,0.8,0.336,-0.44,0.02,-0.38,0.214
147,5,0.14,0.707,0.79,0.609,0.56,0.293,-0.39,-0.079
148,5,-0.27,0.414,0.78,0.882,1.0,0.566,-0.4,-0.372
149,7,-0.28,0.121,0.37,0.589,0.99,0.839,0.6,-0.099
150,7,-0.29,-0.172,-0.04,0.296,0.98,1.0,1.0,0.174
151,1,0.71,0.101,-0.05,0.003,0.57,0.707,0.99,0.447
152,1,1.0,0.374,-0.06,-0.29,0.16,0.414,0.98,0.72
153,4,0.707,0.364,0.213,0.71,0.433,0.404,0.687,0.31
154,4,0.414,0.354,0.486,1.0,0.706,0.394,0.394,-0.1
155,8,0.687,0.344,0.193,0.59,0.413,0.384,0.667,0.9
156,8,0.96,0.334,-0.1,0.18,0.12,0.374,0.94,1.0
157,3,0.95,0.607,0.9,0.453,0.11,0.081,0.53,0.707
158,3,0.94,0.88,1.0,0.726,0.1,-0.212,0.12,0.414
159,6,0.647,0.47,0.707,0.716,0.373,0.788,0.393,0.404
160,6,0.354,0.06,0.414,0.706,0.646,1.0,0.666,0.394
161,,0.344,0.05,0.404,0.696,0.636,0.99,0.656,0.384
162,,0.334,0.04,0.394,0.686,0.626,0.98,0.646,0.374
163,,0.324,0.03,0.384,0.676,0.616,0.97,0.636,0.364
164,,0.314,0.02,0.374,0.666,0.606,0.96,0.626,0.354
165,,0.304,0.01,0.364,0.656,0.596,0.95,0.616,0.344
166,,0.294,0.0,0.354,0.646,0.586,0.94,0.606,0.334
167,,0.284,-0.01,0.344,0.636,0.576,0.93,0.596,0.324
168,2,0.557,0.99,0.617,0.626,0.283,0.52,0.303,0.314
169,2,0.83,1.0,0.89,0.616,-0.01,0.11,0.01,0.304
170,5,0.42,0.707,0.88,0.889,0.99,0.383,0.0,0.011
171,5,0.01,0.414,0.87,1.0,1.0,0.656,-0.01,-0.282
172,8,0.283,0.404,0.577,0.59,0.707,0.646,0.263,0.718
173,8,0.556,0.394,0.284,0.18,0.414,0.636,0.536,1.0
174,,0.546,0.384,0.274,0.17,0.404,0.626,0.526,0.99
175,,0.536,0.374,0.264,0.16,0.394,0.616,0.516,0.98
176,,0.526,0.364,0.254,0.15,0.384,0.606,0.506,0.97
177,,0.516,0.354,0.244,0.14,0.374,0.596,0.496,0.96
178,,0.506,0.344,0.234,0.13,0.364,0.586,0.486,0.95
179,,0.496,0.334,0.224,0.12,0.354,0.576,0.476,0.94
180,,0.486,0.324,0.214,0.11,0.344,0.566,0.466,0.93
181,,0.476,0.314,0.204,0.1,0.334,0.556,0.456,0.92
182,,0.466,0.304,0.194,0.09,0.324,0.546,0.446,0.91
183,,0.456,0.294,0.184,0.08,0.314,0.536,0.436,0.9
184,,0.446,0.284,0.174,0.07,0.304,0.526,0.426,0.89
185,,0.436,0.274,0.164,0.06,0.294,0.516,0.416,0.88
186,,0.426,0.264,0.154,0.05,0.284,0.506,0.406,0.87
187,,0.416,0.254,0.144,0.04,0.274,0.496,0.396,0.86
188,,0.406,0.244,0.134,0.03,0.264,0.486,0.386,0.85
189,,0.396,0.234,0.124,0.02,0.254,0.476,0.376,0.84
190,,0.386,0.224,0.114,0.01,0.244,0.466,0.366,0.83
191,,0.376,0.214,0.104,0.0,0.234,0.456,0.356,0.82
192,,0.366,0.204,0.094,-0.01,0.224,0.446,0.346,0.81
193,4,0.073,0.194,0.367,0.99,0.497,0.436,0.053,0.4
194,4,-0.22,0.184,0.64,1.0,0.77,0.426,-0.24,-0.01
195,7,-0.23,-0.109,0.23,0.707,0.76,0.699,0.76,0.263
196,7,-0.24,-0.402,-0.18,0.414,0.75,0.972,1.0,0.536
197,2,0.033,0.598,0.093,0.404,0.457,0.562,0.707,0.526
198,2,0.306,1.0,0.366,0.394,0.164,0.152,0.414,0.516
199,,0.296,0.99,0.356,0.384,0.154,0.142,0.404,0.506
200,,0.286,0.98,0.346,0.374,0.144,0.132,0.394,0.496
201,,0.276,0.97,0.336,0.364,0.134,0.122,0.384,0.486
202,,0.266,0.96,0.326,0.354,0.124,0.112,0.374,0.476
203,,0.256,0.95,0.316,0.344,0.114,0.102,0.364,0.466
204,,0.246,0.94,0.306,0.334,0.104,0.092,0.354,0.456
205,,0.236,0.93,0.296,0.324,0.094,0.082,0.344,0.446
206,,0.226,0.92,0.286,0.314,0.084,0.072,0.334,0.436
207,,0.216,0.91,0.276,0.304,0.074,0.062,0.324,0.426
208,,0.206,0.9,0.266,0.294,0.064,0.052,0.314,0.416
209,,0.196,0.89,0.256,0.284,0.054,0.042,0.304,0.406
210,,0.186,0.88,0.246,0.274,0.044,0.032,0.294,0.396
211,,0.176,0.87,0.236,0.264,0.034,0.022,0.284,0.386
212,,0.166,0.86,0.226,0.254,0.024,0.012,0.274,0.376
213,,0.156,0.85,0.216,0.244,0.014,0.002,0.264,0.366
214,,0.146,0.84,0.206,0.234,0.004,-0.008,0.254,0.356
215,6,-0.147,0.43,-0.087,0.224,0.277,0.992,0.527,0.346
216,6,-0.44,0.02,-0.38,0.214,0.55,1.0,0.8,0.336
217,1,0.56,0.293,-0.39,-0.079,0.14,0.707,0.79,0.609
218,1,1.0,0.566,-0.4,-0.372,-0.27,0.414,0.78,0.882
219,3,0.99,0.839,0.6,-0.099,-0.28,0.121,0.37,0.589
220,3,0.98,1.0,1.0,0.174,-0.29,-0.172,-0.04,0.296
221,5,0.57,0.707,0.99,0.447,0.71,0.101,-0.05,0.003
222,5,0.16,0.414,0.98,0.72,1.0,0.374,-0.06,-0.29
223,8,0.433,0.404,0.687,0.31,0.707,0.364,0.213,0.71
224,8,0.706,0.394,0.394,-0.1,0.414,0.354,0.486,1.0
225,4,0.413,0.384,0.667,0.9,0.687,0.344,0.193,0.59
226,4,0.12,0.374,0.94,1.0,0.96,0.334,-0.1,0.18
227,7,0.11,0.081,0.53,0.707,0.95,0.607,0.9,0.453
228,7,0.1,-0.212,0.12,0.414,0.94,0.88,1.0,0.726
229,2,0.373,0.788,0.393,0.404,0.647,0.47,0.707,0.716
230,2,0.646,1.0,0.666,0.394,0.354,0.06,0.414,0.706
231,,0.636,0.99,0.656,0.384,0.344,0.05,0.404,0.696
232,,0.626,0.98,0.646,0.374,0.334,0.04,0.394,0.686
233,,0.616,0.97,0.636,0.364,0.324,0.03,0.384,0.676
234,,0.606,0.96,0.626,0.354,0.314,0.02,0.374,0.666
235,,0.596,0.95,0.616,0.344,0.304,0.01,0.364,0.656
236,,0.586,0.94,0.606,0.334,0.294,0.0,0.354,0.646
237,,0.576,0.93,0.596,0.324,0.284,-0.01,0.344,0.636
238,6,0.283,0.52,0.303,0.314,0.557,0.99,0.617,0.626
239,6,-0.01,0.11,0.01,0.304,0.83,1.0,0.89,0.616
240,1,0.99,0.383,0.0,0.011,0.42,0.707,0.88,0.889
241,1,1.0,0.656,-0.01,-0.282,0.01,0.414,0.87,1.0
242,4,0.707,0.646,0.263,0.718,0.283,0.404,0.577,0.59
243,4,0.414,0.636,0.536,1.0,0.556,0.394,0.284,0.18
244,,0.404,0.626,0.526,0.99,0.546,0.384,0.274,0.17
245,,0.394,0.616,0.516,0.98,0.536,0.374,0.264,0.16
246,,0.384,0.606,0.506,0.97,0.526,0.364,0.254,0.15
247,,0.374,0.596,0.496,0.96,0.516,0.354,0.244,0.14
248,,0.364,0.586,0.486,0.95,0.506,0.344,0.234,0.13
249,,0.354,0.576,0.476,0.94,0.496,0.334,0.224,0.12
250,,0.344,0.566,0.466,0.93,0.486,0.324,0.214,0.11
251,,0.334,0.556,0.456,0.92,0.476,0.314,0.204,0.1
252,,0.324,0.546,0.446,0.91,0.466,0.304,0.194,0.09
253,,0.314,0.536,0.436,0.9,0.456,0.294,0.184,0.08
254,,0.304,0.526,0.426,0.89,0.446,0.284,0.174,0.07
255,,0.294,0.516,0.416,0.88,0.436,0.274,0.164,0.06
256,,0.284,0.506,0.406,0.87,0.426,0.264,0.154,0.05
257,,0.274,0.496,0.396,0.86,0.416,0.254,0.144,0.04
258,,0.264,0.486,0.386,0.85,0.406,0.244,0.134,0.03
259,,0.254,0.476,0.376,0.84,0.396,0.234,0.124,0.02
260,,0.244,0.466,0.366,0.83,0.386,0.224,0.114,0.01
261,,0.234,0.456,0.356,0.82,0.376,0.214,0.104,0.0
262,,0.224,0.446,0.346,0.81,0.366,0.204,0.094,-0.01
263,8,0.497,0.436,0.053,0.4,0.073,0.194,0.367,0.99
264,8,0.77,0.426,-0.24,-0.01,-0.22,0.184,0.64,1.0
265,3,0.76,0.699,0.76,0.263,-0.23,-0.109,0.23,0.707
266,3,0.75,0.972,1.0,0.536,-0.24,-0.402,-0.18,0.414
267,6,0.457,0.562,0.707,0.526,0.033,0.598,0.093,0.404
268,6,0.164,0.152,0.414,0.516,0.306,1.0,0.366,0.394
269,,0.154,0.142,0.404,0.506,0.296,0.99,0.356,0.384
270,,0.144,0.132,0.394,0.496,0.286,0.98,0.346,0.374
271,,0.134,0.122,0.384,0.486,0.276,0.97,0.336,0.364
272,,0.124,0.112,0.374,0.476,0.266,0.96,0.326,0.354
273,,0.114,0.102,0.364,0.466,0.256,0.95,0.316,0.344
274,,0.104,0.092,0.354,0.456,0.246,0.94,0.306,0.334
275,,0.094,0.082,0.344,0.446,0.236,0.93,0.296,0.324
276,,0.084,0.072,0.334,0.436,0.226,0.92,0.286,0.314
277,,0.074,0.062,0.324,0.426,0.216,0.91,0.276,0.304
278,,0.064,0.052,0.314,0.416,0.206,0.9,0.266,0.294
279,,0.054,0.042,0.304,0.406,0.196,0.89,0.256,0.284
280,,0.044,0.032,0.294,0.396,0.186,0.88,0.246,0.274
281,,0.034,0.022,0.284,0.386,0.176,0.87,0.236,0.264
282,,0.024,0.012,0.274,0.376,0.166,0.86,0.226,0.254
283,,0.014,0.002,0.264,0.366,0.156,0.85,0.216,0.244
284,,0.004,-0.008,0.254,0.356,0.146,0.84,0.206,0.234
285,2,0.277,0.992,0.527,0.346,-0.147,0.43,-0.087,0.224
286,2,0.55,1.0,0.8,0.336,-0.44,0.02,-0.38,0.214
287,5,0.14,0.707,0.79,0.609,0.56,0.293,-0.39,-0.079
288,5,-0.27,0.414,0.78,0.882,1.0,0.566,-0.4,-0.372
289,7,-0.28,0.121,0.37,0.589,0.99,0.839,0.6,-0.099
290,7,-0.29,-0.172,-0.04,0.296,0.98,1.0,1.0,0.174
291,1,0.71,0.101,-0.05,0.003,0.57,0.707,0.99,0.447
292,1,1.0,0.374,-0.06,-0.29,0.16,0.414,0.98,0.72
293,4,0.707,0.364,0.213,0.71,0.433,0.404,0.687,0.31
294,4,0.414,0.354,0.486,1.0,0.706,0.394,0.394,-0.1
295,8,0.687,0.344,0.193,0.59,0.413,0.384,0.667,0.9
296,8,0.96,0.334,-0.1,0.18,0.12,0.374,0.94,1.0
297,3,0.95,0.607,0.9,0.453,0.11,0.081,0.53,0.707
298,3,0.94,0.88,1.0,0.726,0.1,-0.212,0.12,0.414
299,6,0.647,0.47,0.707,0.716,0.373,0.788,0.393,0.404
300,6,0.354,0.06,0.414,0.706,0.646,1.0,0.666,0.394
301,,0.344,0.05,0.404,0.696,0.636,0.99,0.656,0.384
302,,0.334,0.04,0.394,0.686,0.626,0.98,0.646,0.374
303,,0.324,0.03,0.384,0.676,0.616,0.97,0.636,0.364
304,,0.314,0.02,0.374,0.666,0.606,0.96,0.626,0.354
305,,0.304,0.01,0.364,0.656,0.596,0.95,0.616,0.344
306,,0.294,0.0,0.354,0.646,0.586,0.94,0.606,0.334
307,,0.284,-0.01,0.344,0.636,0.576,0.93,0.596,0.324
308,2,0.557,0.99,0.617,0.626,0.283,0.52,0.303,0.314
309,2,0.83,1.0,0.89,0.616,-0.01,0.11,0.01,0.304
310,5,0.42,0.707,0.88,0.889,0.99,0.383,0.0,0.011
311,5,0.01,0.414,0.87,1.0,1.0,0.656,-0.01,-0.282
312,8,0.283,0.404,0.577,0.59,0.707,0.646,0.263,0.718
313,8,0.556,0.394,0.284,0.18,0.414,0.636,0.536,1.0
314,,0.546,0.384,0.274,0.17,0.404,0.626,0.526,0.99
315,,0.536,0.374,0.264,0.16,0.394,0.616,0.516,0.98
316,,0.526,0.364,0.254,0.15,0.384,0.606,0.506,0.97
317,,0.516,0.354,0.244,0.14,0.374,0.596,0.496,0.96
318,,0.506,0.344,0.234,0.13,0.364,0.586,0.486,0.95
319,,0.496,0.334,0.224,0.12,0.354,0.576,0.476,0.94
320,,0.486,0.324,0.214,0.11,0.344,0.566,0.466,0.93
321,,0.476,0.314,0.204,0.1,0.334,0.556,0.456,0.92
322,,0.466,0.304,0.194,0.09,0.324,0.546,0.446,0.91
323,,0.456,0.294,0.184,0.08,0.314,0.536,0.436,0.9
324,,0.446,0.284,0.174,0.07,0.304,0.526,0.426,0.89
325,,0.436,0.274,0.164,0.06,0.294,0.516,0.416,0.88
326,,0.426,0.264,0.154,0.05,0.284,0.506,0.406,0.87
327,,0.416,0.254,0.144,0.04,0.274,0.496,0.396,0.86
328,,0.406,0.244,0.134,0.03,0.264,0.486,0.386,0.85
329,,0.396,0.234,0.124,0.02,0.254,0.476,0.376,0.84
330,,0.386,0.224,0.114,0.01,0.244,0.466,0.366,0.83
331,,0.376,0.214,0.104,0.0,0.234,0.456,0.356,0.82
332,,0.366,0.204,0.094,-0.01,0.224,0.446,0.346,0.81
333,4,0.073,0.194,0.367,0.99,0.497,0.436,0.053,0.4
334,4,-0.22,0.184,0.64,1.0,0.77,0.426,-0.24,-0.01
335,7,-0.23,-0.109,0.23,0.707,0.76,0.699,0.76,0.263
336,7,-0.24,-0.402,-0.18,0.414,0.75,0.972,1.0,0.536
337,2,0.033,0.598,0.093,0.404,0.457,0.562,0.707,0.526
338,2,0.306,1.0,0.366,0.394,0.164,0.152,0.414,0.516
339,,0.296,0.99,0.356,0.384,0.154,0.142,0.404,0.506
340,,0.286,0.98,0.346,0.374,0.144,0.132,0.394,0.496
341,,0.276,0.97,0.336,0.364,0.134,0.122,0.384,0.486
342,,0.266,0.96,0.326,0.354,0.124,0.112,0.374,0.476
343,,0.256,0.95,0.316,0.344,0.114,0.102,0.364,0.466
344,,0.246,0.94,0.306,0.334,0.104,0.092,0.354,0.456
345,,0.236,0.93,0.296,0.324,0.094,0.082,0.344,0.446
346,,0.226,0.92,0.286,0.314,0.084,0.072,0.334,0.436
347,,0.216,0.91,0.276,0.304,0.074,0.062,0.324,0.426
348,,0.206,0.9,0.266,0.294,0.064,0.052,0.314,0.416
349,,0.196,0.89,0.256,0.284,0.054,0.042,0.304,0.406
350,,0.186,0.88,0.246,0.274,0.044,0.032,0.294,0.396
351,,0.176,0.87,0.236,0.264,0.034,0.022,0.284,0.386
352,,0.166,0.86,0.226,0.254,0.024,0.012,0.274,0.376
353,,0.156,0.85,0.216,0.244,0.014,0.002,0.264,0.366
354,,0.146,0.84,0.206,0.234,0.004,-0.008,0.254,0.356
355,6,-0.147,0.43,-0.087,0.224,0.277,0.992,0.527,0.346
356,6,-0.44,0.02,-0.38,0.214,0.55,1.0,0.8,0.336
357,1,0.56,0.293,-0.39,-0.079,0.14,0.707,0.79,0.609
358,1,1.0,0.566,-0.4,-0.372,-0.27,0.414,0.78,0.882
359,3,0.99,0.839,0.6,-0.099,-0.28,0.121,0.37,0.589
360,3,0.98,1.0,1.0,0.174,-0.29,-0.172,-0.04,0.296
361,5,0.57,0.707,0.99,0.447,0.71,0.101,-0.05,0.003
362,5,0.16,0.414,0.98,0.72,1.0,0.374,-0.06,-0.29
363,8,0.433,0.404,0.687,0.31,0.707,0.364,0.213,0.71
364,8,0.706,0.394,0.394,-0.1,0.414,0.354,0.486,1.0
365,4,0.413,0.384,0.667,0.9,0.687,0.344,0.193,0.59
366,4,0.12,0.374,0.94,1.0,0.96,0.334,-0.1,0.18
367,7,0.11,0.081,0.53,0.707,0.95,0.607,0.9,0.453
368,7,0.1,-0.212,0.12,0.414,0.94,0.88,1.0,0.726
369,2,0.373,0.788,0.393,0.404,0.647,0.47,0.707,0.716
370,2,0.646,1.0,0.666,0.394,0.354,0.06,0.414,0.706
371,,0.636,0.99,0.656,0.384,0.344,0.05,0.404,0.696
372,,0.626,0.98,0.646,0.374,0.334,0.04,0.394,0.686
373,,0.616,0.97,0.636,0.364,0.324,0.03,0.384,0.676
374,,0.606,0.96,0.626,0.354,0.314,0.02,0.374,0.666
375,,0.596,0.95,0.616,0.344,0.304,0.01,0.364,0.656
376,,0.586,0.94,0.606,0.334,0.294,0.0,0.354,0.646
377,,0.576,0.93,0.596,0.324,0.284,-0.01,0.344,0.636
378,6,0.283,0.52,0.303,0.314,0.557,0.99,0.617,0.626
379,6,-0.01,0.11,0.01,0.304,0.83,1.0,0.89,0.616
380,1,0.99,0.383,0.0,0.011,0.42,0.707,0.88,0.889
381,1,1.0,0.656,-0.01,-0.282,0.01,0.414,0.87,1.0
382,4,0.707,0.646,0.263,0.718,0.283,0.404,0.577,0.59
383,4,0.414,0.636,0.536,1.0,0.556,0.394,0.284,0.18
384,,0.404,0.626,0.526,0.99,0.546,0.384,0.274,0.17
385,,0.394,0.616,0.516,0.98,0.536,0.374,0.264,0.16
386,,0.384,0.606,0.506,0.97,0.526,0.364,0.254,0.15
387,,0.374,0.596,0.496,0.96,0.516,0.354,0.244,0.14
388,,0.364,0.586,0.486,0.95,0.506,0.344,0.234,0.13
389,,0.354,0.576,0.476,0.94,0.496,0.334,0.224,0.12
390,,0.344,0.566,0.466,0.93,0.486,0.324,0.214,0.11
391,,0.334,0.556,0.456,0.92,0.476,0.314,0.204,0.1
392,,0.324,0.546,0.446,0.91,0.466,0.304,0.194,0.09
393,,0.314,0.536,0.436,0.9,0.456,0.294,0.184,0.08
394,,0.304,0.526,0.426,0.89,0.446,0.284,0.174,0.07
395,,0.294,0.516,0.416,0.88,0.436,0.274,0.164,0.06
396,,0.284,0.506,0.406,0.87,0.426,0.264,0.154,0.05
397,,0.274,0.496,0.396,0.86,0.416,0.254,0.144,0.04
398,,0.264,0.486,0.386,0.85,0.406,0.244,0.134,0.03
399,,0.254,0.476,0.376,0.84,0.396,0.234,0.124,0.02
400,,0.244,0.466,0.366,0.83,0.386,0.224,0.114,0.01
401,,0.234,0.456,0.356,0.82,0.376,0.214,0.104,0.0
402,,0.224,0.446,0.346,0.81,0.366,0.204,0.094,-0.01
403,8,0.497,0.436,0.053,0.4,0.073,0.194,0.367,0.99
404,8,0.77,0.426,-0.24,-0.01,-0.22,0.184,0.64,1.0
405,3,0.76,0.699,0.76,0.263,-0.23,-0.109,0.23,0.707
406,3,0.75,0.972,1.0,0.536,-0.24,-0.402,-0.18,0.414
407,6,0.457,0.562,0.707,0.526,0.033,0.598,0.093,0.404
408,6,0.164,0.152,0.414,0.516,0.306,1.0,0.366,0.394
409,,0.154,0.142,0.404,0.506,0.296,0.99,0.356,0.384
410,,0.144,0.132,0.394,0.496,0.286,0.98,0.346,0.374
411,,0.134,0.122,0.384,0.486,0.276,0.97,0.336,0.364
412,,0.124,0.112,0.374,0.476,0.266,0.96,0.326,0.354
413,,0.114,0.102,0.364,0.466,0.256,0.95,0.316,0.344
414,,0.104,0.092,0.354,0.456,0.246,0.94,0.306,0.334
415,,0.094,0.082,0.344,0.446,0.236,0.93,0.296,0.324
416,,0.084,0.072,0.334,0.436,0.226,0.92,0.286,0.314
417,,0.074,0.062,0.324,0.426,0.216,0.91,0.276,0.304
418,,0.064,0.052,0.314,0.416,0.206,0.9,0.266,0.294
419,,0.054,0.042,0.304,0.406,0.196,0.89,0.256,0.284
420,,0.044,0.032,0.294,0.396,0.186,0.88,0.246,0.274
421,,0.034,0.022,0.284,0.386,0.176,0.87,0.236,0.264
422,,0.024,0.012,0.274,0.376,0.166,0.86,0.226,0.254
423,,0.014,0.002,0.264,0.366,0.156,0.85,0.216,0.244
424,,0.004,-0.008,0.254,0.356,0.146,0.84,0.206,0.234
425,2,0.277,0.992,0.527,0.346,-0.147,0.43,-0.087,0.224
426,2,0.55,1.0,0.8,0.336,-0.44,0.02,-0.38,0.214
427,5,0.14,0.707,0.79,0.609,0.56,0.293,-0.39,-0.079
428,5,-0.27,0.414,0.78,0.882,1.0,0.566,-0.4,-0.372
429,7,-0.28,0.121,0.37,0.589,0.99,0.839,0.6,-0.099
430,7,-0.29,-0.172,-0.04,0.296,0.98,1.0,1.0,0.174
431,1,0.71,0.101,-0.05,0.003,0.57,0.707,0.99,0.447
432,1,1.0,0.374,-0.06,-0.29,0.16,0.414,0.98,0.72
433,4,0.707,0.364,0.213,0.71,0.433,0.404,0.687,0.31
434,4,0.414,0.354,0.486,1.0,0.706,0.394,0.394,-0.1
435,8,0.687,0.344,0.193,0.59,0.413,0.384,0.667,0.9
436,8,0.96,0.334,-0.1,0.18,0.12,0.374,0.94,1.0
437,3,0.95,0.607,0.9,0.453,0.11,0.081,0.53,0.707
438,3,0.94,0.88,1.0,0.726,0.1,-0.212,0.12,0.414
439,6,0.647,0.47,0.707,0.716,0.373,0.788,0.393,0.404
440,6,0.354,0.06,0.414,0.706,0.646,1.0,0.666,0.394
441,,0.344,0.05,0.404,0.696,0.636,0.99,0.656,0.384
442,,0.334,0.04,0.394,0.686,0.626,0.98,0.646,0.374
443,,0.324,0.03,0.384,0.676,0.616,0.97,0.636,0.364
444,,0.314,0.02,0.374,0.666,0.606,0.96,0.626,0.354
445,,0.304,0.01,0.364,0.656,0.596,0.95,0.616,0.344
446,,0.294,0.0,0.354,0.646,0.586,0.94,0.606,0.334
447,,0.284,-0.01,0.344,0.636,0.576,0.93,0.596,0.324
448,2,0.557,0.99,0.617,0.626,0.283,0.52,0.303,0.314
449,2,0.83,1.0,0.89,0.616,-0.01,0.11,0.01,0.304
450,5,0.42,0.707,0.88,0.889,0.99,0.383,0.0,0.011
451,5,0.01,0.414,0.87,1.0,1.0,0.656,-0.01,-0.282
452,8,0.283,0.404,0.577,0.59,0.707,0.646,0.263,0.718
453,8,0.556,0.394,0.284,0.18,0.414,0.636,0.536,1.0
454,,0.546,0.384,0.274,0.17,0.404,0.626,0.526,0.99
455,,0.536,0.374,0.264,0.16,0.394,0.616,0.516,0.98
456,,0.526,0.364,0.254,0.15,0.384,0.606,0.506,0.97
457,,0.516,0.354,0.244,0.14,0.374,0.596,0.496,0.96
458,,0.506,0.344,0.234,0.13,0.364,0.586,0.486,0.95
459,,0.496,0.334,0.224,0.12,0.354,0.576,0.476,0.94
460,,0.486,0.324,0.214,0.11,0.344,0.566,0.466,0.93
461,,0.476,0.314,0.204,0.1,0.334,0.556,0.456,0.92
462,,0.466,0.304,0.194,0.09,0.324,0.546,0.446,0.91
463,,0.456,0.294,0.184,0.08,0.314,0.536,0.436,0.9
464,,0.446,0.284,0.174,0.07,0.304,0.526,0.426,0.89
465,,0.436,0.274,0.164,0.06,0.294,0.516,0.416,0.88
466,,0.426,0.264,0.154,0.05,0.284,0.506,0.406,0.87
467,,0.416,0.254,0.144,0.04,0.274,0.496,0.396,0.86
468,,0.406,0.244,0.134,0.03,0.264,0.486,0.386,0.85
469,,0.396,0.234,0.124,0.02,0.254,0.476,0.376,0.84
470,,0.386,0.224,0.114,0.01,0.244,0.466,0.366,0.83
471,,0.376,0.214,0.104,0.0,0.234,0.456,0.356,0.82
472,,0.366,0.204,0.094,-0.01,0.224,0.446,0.346,0.81
473,4,0.073,0.194,0.367,0.99,0.497,0.436,0.053,0.4
474,4,-0.22,0.184,0.64,1.0,0.77,0.426,-0.24,-0.01
475,7,-0.23,-0.109,0.23,0.707,0.76,0.699,0.76,0.263
476,7,-0.24,-0.402,-0.18,0.414,0.75,0.972,1.0,0.536
477,2,0.033,0.598,0.093,0.404,0.457,0.562,0.707,0.526
478,2,0.306,1.0,0.366,0.394,0.164,0.152,0.414,0.516
479,,0.296,0.99,0.356,0.384,0.154,0.142,0.404,0.506
480,,0.286,0.98,0.346,0.374,0.144,0.132,0.394,0.496
481,,0.276,0.97,0.336,0.364,0.134,0.122,0.384,0.486
482,,0.266,0.96,0.326,0.354,0.124,0.112,0.374,0.476
483,,0.256,0.95,0.316,0.344,0.114,0.102,0.364,0.466
484,,0.246,0.94,0.306,0.334,0.104,0.092,0.354,0.456
485,,0.236,0.93,0.296,0.324,0.094,0.082,0.344,0.446
486,,0.226,0.92,0.286,0.314,0.084,0.072,0.334,0.436
487,,0.216,0.91,0.276,0.304,0.074,0.062,0.324,0.426
488,,0.206,0.9,0.266,0.294,0.064,0.052,0.314,0.416
489,,0.196,0.89,0.256,0.284,0.054,0.042,0.304,0.406
490,,0.186,0.88,0.246,0.274,0.044,0.032,0.294,0.396
491,,0.176,0.87,0.236,0.264,0.034,0.022,0.284,0.386
492,,0.166,0.86,0.226,0.254,0.024,0.012,0.274,0.376
493,,0.156,0.85,0.216,0.244,0.014,0.002,0.264,0.366
494,,0.146,0.84,0.206,0.234,0.004,-0.008,0.254,0.356
495,6,-0.147,0.43,-0.087,0.224,0.277,0.992,0.527,0.346
496,6,-0.44,0.02,-0.38,0.214,0.55,1.0,0.8,0.336
497,1,0.56,0.293,-0.39,-0.079,0.14,0.707,0.79,0.609
498,1,1.0,0.566,-0.4,-0.372,-0.27,0.414,0.78,0.882
499,3,0.99,0.839,0.6,-0.099,-0.28,0.121,0.37,0.589
500,3,0.98,1.0,1.0,0.174,-0.29,-0.172,-0.04,0.296
501,5,0.57,0.707,0.99,0.447,0.71,0.101,-0.05,0.003
502,5,0.16,0.414,0.98,0.72,1.0,0.374,-0.06,-0.29
503,8,0.433,0.404,0.687,0.31,0.707,0.364,0.213,0.71
504,8,0.706,0.394,0.394,-0.1,0.414,0.354,0.486,1.0
505,4,0.413,0.384,0.667,0.9,0.687,0.344,0.193,0.59
506,4,0.12,0.374,0.94,1.0,0.96,0.334,-0.1,0.18
507,7,0.11,0.081,0.53,0.707,0.95,0.607,0.9,0.453
508,7,0.1,-0.212,0.12,0.414,0.94,0.88,1.0,0.726
509,2,0.373,0.788,0.393,0.404,0.647,0.47,0.707,0.716
510,2,0.646,1.0,0.666,0.394,0.354,0.06,0.414,0.706
511,,0.636,0.99,0.656,0.384,0.344,0.05,0.404,0.696
512,,0.626,0.98,0.646,0.374,0.334,0.04,0.394,0.686
513,,0.616,0.97,0.636,0.364,0.324,0.03,0.384,0.676
514,,0.606,0.96,0.626,0.354,0.314,0.02,0.374,0.666
515,,0.596,0.95,0.616,0.344,0.304,0.01,0.364,0.656
516,,0.586,0.94,0.606,0.334,0.294,0.0,0.354,0.646
517,,0.576,0.93,0.596,0.324,0.284,-0.01,0.344,0.636
518,6,0.283,0.52,0.303,0.314,0.557,0.99,0.617,0.626
519,6,-0.01,0.11,0.01,0.304,0.83,1.0,0.89,0.616
520,1,0.99,0.383,0.0,0.011,0.42,0.707,0.88,0.889
521,1,1.0,0.656,-0.01,-0.282,0.01,0.414,0.87,1.0
522,4,0.707,0.646,0.263,0.718,0.283,0.404,0.577,0.59
523,4,0.414,0.636,0.536,1.0,0.556,0.394,0.284,0.18
524,,0.404,0.626,0.526,0.99,0.546,0.384,0.274,0.17
525,,0.394,0.616,0.516,0.98,0.536,0.374,0.264,0.16
526,,0.384,0.606,0.506,0.97,0.526,0.364,0.254,0.15
527,,0.374,0.596,0.496,0.96,0.516,0.354,0.244,0.14
528,,0.364,0.586,0.486,0.95,0.506,0.344,0.234,0.13
529,,0.354,0.576,0.476,0.94,0.496,0.334,0.224,0.12
530,,0.344,0.566,0.466,0.93,0.486,0.324,0.214,0.11
531,,0.334,0.556,0.456,0.92,0.476,0.314,0.204,0.1
532,,0.324,0.546,0.446,0.91,0.466,0.304,0.194,0.09
533,,0.314,0.536,0.436,0.9,0.456,0.294,0.184,0.08
534,,0.304,0.526,0.426,0.89,0.446,0.284,0.174,0.07
535,,0.294,0.516,0.416,0.88,0.436,0.274,0.164,0.06
536,,0.284,0.506,0.406,0.87,0.426,0.264,0.154,0.05
537,,0.274,0.496,0.396,0.86,0.416,0.254,0.144,0.04
538,,0.264,0.486,0.386,0.85,0.406,0.244,0.134,0.03
539,,0.254,0.476,0.376,0.84,0.396,0.234,0.124,0.02
540,,0.244,0.466,0.366,0.83,0.386,0.224,0.114,0.01
541,,0.234,0.456,0.356,0.82,0.376,0.214,0.104,0.0
542,,0.224,0.446,0.346,0.81,0.366,0.204,0.094,-0.01
543,8,0.497,0.436,0.053,0.4,0.073,0.194,0.367,0.99
544,8,0.77,0.426,-0.24,-0.01,-0.22,0.184,0.64,1.0
545,3,0.76,0.699,0.76,0.263,-0.23,-0.109,0.23,0.707
546,3,0.75,0.972,1.0,0.536,-0.24,-0.402,-0.18,0.414
547,6,0.457,0.562,0.707,0.526,0.033,0.598,0.093,0.404
548,6,0.164,0.152,0.414,0.516,0.306,1.0,0.366,0.394
549,,0.154,0.142,0.404,0.506,0.296,0.99,0.356,0.384
550,,0.144,0.132,0.394,0.496,0.286,0.98,0.346,0.374
551,,0.134,0.122,0.384,0.486,0.276,0.97,0.336,0.364
552,,0.124,0.112,0.374,0.476,0.266,0.96,0.326,0.354
553,,0.114,0.102,0.364,0.466,0.256,0.95,0.316,0.344
554,,0.104,0.092,0.354,0.456,0.246,0.94,0.306,0.334
555,,0.094,0.082,0.344,0.446,0.236,0.93,0.296,0.324
556,,0.084,0.072,0.334,0.436,0.226,0.92,0.286,0.314
557,,0.074,0.062,0.324,0.426,0.216,0.91,0.276,0.304
558,,0.064,0.052,0.314,0.416,0.206,0.9,0.266,0.294
559,,0.054,0.042,0.304,0.406,0.196,0.89,0.256,0.284
560,,0.044,0.032,0.294,0.396,0.186,0.88,0.246,0.274
561,,0.034,0.022,0.284,0.386,0.176,0.87,0.236,0.264
562,,0.024,0.012,0.274,0.376,0.166,0.86,0.226,0.254
563,,0.014,0.002,0.264,0.366,0.156,0.85,0.216,0.244
564,,0.004,-0.008,0.254,0.356,0.146,0.84,0.206,0.234
565,2,0.277,0.992,0.527,0.346,-0.147,0.43,-0.087,0.224
566,2,0.55,1.0,0.8,0.336,-0.44,0.02,-0.38,0.214
567,5,0.14,0.707,0.79,0.609,0.56,0.293,-0.39,-0.079
568,5,-0.27,0.414,0.78,0.882,1.0,0.566,-0.4,-0.372
569,7,-0.28,0.121,0.37,0.589,0.99,0.839,0.6,-0.099
570,7,-0.29,-0.172,-0.04,0.296,0.98,1.0,1.0,0.174
571,1,0.71,0.101,-0.05,0.003,0.57,0.707,0.99,0.447
572,1,1.0,0.374,-0.06,-0.29,0.16,0.414,0.98,0.72
573,4,0.707,0.364,0.213,0.71,0.433,0.404,0.687,0.31
574,4,0.414,0.354,0.486,1.0,0.706,0.394,0.394,-0.1
575,8,0.687,0.344,0.193,0.59,0.413,0.384,0.667,0.9
576,8,0.96,0.334,-0.1,0.18,0.12,0.374,0.94,1.0
577,3,0.95,0.607,0.9,0.453,0.11,0.081,0.53,0.707
578,3,0.94,0.88,1.0,0.726,0.1,-0.212,0.12,0.414
579,6,0.647,0.47,0.707,0.716,0.373,0.788,0.393,0.404
580,6,0.354,0.06,0.414,0.706,0.646,1.0,0.666,0.394
581,,0.344,0.05,0.404,0.696,0.636,0.99,0.656,0.384
582,,0.334,0.04,0.394,0.686,0.626,0.98,0.646,0.374
583,,0.324,0.03,0.384,0.676,0.616,0.97,0.636,0.364
584,,0.314,0.02,0.374,0.666,0.606,0.96,0.626,0.354
585,,0.304,0.01,0.364,0.656,0.596,0.95,0.616,0.344
586,,0.294,0.0,0.354,0.646,0.586,0.94,0.606,0.334
587,,0.284,-0.01,0.344,0.636,0.576,0.93,0.596,0.324
588,2,0.557,0.99,0.617,0.626,0.283,0.52,0.303,0.314
589,2,0.83,1.0,0.89,0.616,-0.01,0.11,0.01,0.304
590,5,0.42,0.707,0.88,0.889,0.99,0.383,0.0,0.011
591,5,0.01,0.414,0.87,1.0,1.0,0.656,-0.01,-0.282
592,8,0.283,0.404,0.577,0.59,0.707,0.646,0.263,0.718
593,8,0.556,0.394,0.284,0.18,0.414,0.636,0.536,1.0
594,,0.546,0.384,0.274,0.17,0.404,0.626,0.526,0.99
595,,0.536,0.374,0.264,0.16,0.394,0.616,0.516,0.98
596,,0.526,0.364,0.254,0.15,0.384,0.606,0.506,0.97
597,,0.516,0.354,0.244,0.14,0.374,0.596,0.496,0.96
598,,0.506,0.344,0.234,0.13,0.364,0.586,0.486,0.95
599,,0.496,0.334,0.224,0.12,0.354,0.576,0.476,0.94
600,,0.486,0.324,0.214,0.11,0.344,0.566,0.466,0.93
601,,0.476,0.314,0.204,0.1,0.334,0.556,0.456,0.92
602,,0.466,0.304,0.194,0.09,0.324,0.546,0.446,0.91
603,,0.456,0.294,0.184,0.08,0.314,0.536,0.436,0.9
604,,0.446,0.284,0.174,0.07,0.304,0.526,0.426,0.89
605,,0.436,0.274,0.164,0.06,0.294,0.516,0.416,0.88
606,,0.426,0.264,0.154,0.05,0.284,0.506,0.406,0.87
607,,0.416,0.254,0.144,0.04,0.274,0.496,0.396,0.86
608,,0.406,0.244,0.134,0.03,0.264,0.486,0.386,0.85
609,,0.396,0.234,0.124,0.02,0.254,0.476,0.376,0.84
610,,0.386,0.224,0.114,0.01,0.244,0.466,0.366,0.83
611,,0.376,0.214,0.104,0.0,0.234,0.456,0.356,0.82
612,,0.366,0.204,0.094,-0.01,0.224,0.446,0.346,0.81
613,4,0.073,0.194,0.367,0.99,0.497,0.436,0.053,0.4
614,4,-0.22,0.184,0.64,1.0,0.77,0.426,-0.24,-0.01
615,7,-0.23,-0.109,0.23,0.707,0.76,0.699,0.76,0.263
616,7,-0.24,-0.402,-0.18,0.414,0.75,0.972,1.0,0.536
617,2,0.033,0.598,0.093,0.404,0.457,0.562,0.707,0.526
618,2,0.306,1.0,0.366,0.394,0.164,0.152,0.414,0.516
619,,0.296,0.99,0.356,0.384,0.154,0.142,0.404,0.506
620,,0.286,0.98,0.346,0.374,0.144,0.132,0.394,0.496
621,,0.276,0.97,0.336,0.364,0.134,0.122,0.384,0.486
622,,0.266,0.96,0.326,0.354,0.124,0.112,0.374,0.476
623,,0.256,0.95,0.316,0.344,0.114,0.102,0.364,0.466
624,,0.246,0.94,0.306,0.334,0.104,0.092,0.354,0.456
625,,0.236,0.93,0.296,0.324,0.094,0.082,0.344,0.446
626,,0.226,0.92,0.286,0.314,0.084,0.072,0.334,0.436
627,,0.216,0.91,0.276,0.304,0.074,0.062,0.324,0.426
628,,0.206,0.9,0.266,0.294,0.064,0.052,0.314,0.416
629,,0.196,0.89,0.256,0.284,0.054,0.042,0.304,0.406
630,,0.186,0.88,0.246,0.274,0.044,0.032,0.294,0.396
631,,0.176,0.87,0.236,0.264,0.034,0.022,0.284,0.386
632,,0.166,0.86,0.226,0.254,0.024,0.012,0.274,0.376
633,,0.156,0.85,0.216,0.244,0.014,0.002,0.264,0.366
634,,0.146,0.84,0.206,0.234,0.004,-0.008,0.254,0.356
635,6,-0.147,0.43,-0.087,0.224,0.277,0.992,0.527,0.346
636,6,-0.44,0.02,-0.38,0.214,0.55,1.0,0.8,0.336
637,1,0.56,0.293,-0.39,-0.079,0.14,0.707,0.79,0.609
638,1,1.0,0.566,-0.4,-0.372,-0.27,0.414,0.78,0.882
639,3,0.99,0.839,0.6,-0.099,-0.28,0.121,0.37,0.589
640,3,0.98,1.0,1.0,0.174,-0.29,-0.172,-0.04,0.296
641,5,0.57,0.707,0.99,0.447,0.71,0.101,-0.05,0.003
642,5,0.16,0.414,0.98,0.72,1.0,0.374,-0.06,-0.29
643,8,0.433,0.404,0.687,0.31,0.707,0.364,0.213,0.71
644,8,0.706,0.394,0.394,-0.1,0.414,0.354,0.486,1.0
645,4,0.413,0.384,0.667,0.9,0.687,0.344,0.193,0.59
646,4,0.12,0.374,0.94,1.0,0.96,0.334,-0.1,0.18
647,7,0.11,0.081,0.53,0.707,0.95,0.607,0.9,0.453
648,7,0.1,-0.212,0.12,0.414,0.94,0.88,1.0,0.726
649,2,0.373,0.788,0.393,0.404,0.647,0.47,0.707,0.716
650,2,0.646,1.0,0.666,0.394,0.354,0.06,0.414,0.706
651,,0.636,0.99,0.656,0.384,0.344,0.05,0.404,0.696
652,,0.626,0.98,0.646,0.374,0.334,0.04,0.394,0.686
653,,0.616,0.97,0.636,0.364,0.324,0.03,0.384,0.676
654,,0.606,0.96,0.626,0.354,0.314,0.02,0.374,0.666
655,,0.596,0.95,0.616,0.344,0.304,0.01,0.364,0.656
656,,0.586,0.94,0.606,0.334,0.294,0.0,0.354,0.646
657,,0.576,0.93,0.596,0.324,0.284,-0.01,0.344,0.636
658,6,0.283,0.52,0.303,0.314,0.557,0.99,0.617,0.626
659,6,-0.01,0.11,0.01,0.304,0.83,1.0,0.89,0.616
660,1,0.99,0.383,0.0,0.011,0.42,0.707,0.88,0.889
661,1,1.0,0.656,-0.01,-0.282,0.01,0.414,0.87,1.0
662,4,0.707,0.646,0.263,0.718,0.283,0.404,0.577,0.59
663,4,0.414,0.636,0.536,1.0,0.556,0.394,0.284,0.18
664,,0.404,0.626,0.526,0.99,0.546,0.384,0.274,0.17
665,,0.394,0.616,0.516,0.98,0.536,0.374,0.264,0.16
666,,0.384,0.606,0.506,0.97,0.526,0.364,0.254,0.15
667,,0.374,0.596,0.496,0.96,0.516,0.354,0.244,0.14
668,,0.364,0.586,0.486,0.95,0.506,0.344,0.234,0.13
669,,0.354,0.576,0.476,0.94,0.496,0.334,0.224,0.12
670,,0.344,0.566,0.466,0.93,0.486,0.324,0.214,0.11
671,,0.334,0.556,0.456,0.92,0.476,0.314,0.204,0.1
672,,0.324,0.546,0.446,0.91,0.466,0.304,0.194,0.09
673,,0.314,0.536,0.436,0.9,0.456,0.294,0.184,0.08
674,,0.304,0.526,0.426,0.89,0.446,0.284,0.174,0.07
675,,0.294,0.516,0.416,0.88,0.436,0.274,0.164,0.06
676,,0.284,0.506,0.406,0.87,0.426,0.264,0.154,0.05
677,,0.274,0.496,0.396,0.86,0.416,0.254,0.144,0.04
678,,0.264,0.486,0.386,0.85,0.406,0.244,0.134,0.03
679,,0.254,0.476,0.376,0.84,0.396,0.234,0.124,0.02
680,,0.244,0.466,0.366,0.83,0.386,0.224,0.114,0.01
681,,0.234,0.456,0.356,0.82,0.376,0.214,0.104,0.0
682,,0.224,0.446,0.346,0.81,0.366,0.204,0.094,-0.01
683,8,0.497,0.436,0.053,0.4,0.073,0.194,0.367,0.99
684,8,0.77,0.426,-0.24,-0.01,-0.22,0.184,0.64,1.0
685,3,0.76,0.699,0.76,0.263,-0.23,-0.109,0.23,0.707
686,3,0.75,0.972,1.0,0.536,-0.24,-0.402,-0.18,0.414
687,6,0.457,0.562,0.707,0.526,0.033,0.598,0.093,0.404
688,6,0.164,0.152,0.414,0.516,0.306,1.0,0.366,0.394
689,,0.154,0.142,0.404,0.506,0.296,0.99,0.356,0.384
690,,0.144,0.132,0.394,0.496,0.286,0.98,0.346,0.374
691,,0.134,0.122,0.384,0.486,0.276,0.97,0.336,0.364
692,,0.124,0.112,0.374,0.476,0.266,0.96,0.326,0.354
693,,0.114,0.102,0.364,0.466,0.256,0.95,0.316,0.344
694,,0.104,0.092,0.354,0.456,0.246,0.94,0.306,0.334
695,,0.094,0.082,0.344,0.446,0.236,0.93,0.296,0.324
696,,0.084,0.072,0.334,0.436,0.226,0.92,0.286,0.314
697,,0.074,0.062,0.324,0.426,0.216,0.91,0.276,0.304
698,,0.064,0.052,0.314,0.416,0.206,0.9,0.266,0.294
699,,0.054,0.042,0.304,0.406,0.196,0.89,0.256,0.284
700,,0.044,0.032,0.294,0.396,0.186,0.88,0.246,0.274
701,,0.034,0.022,0.284,0.386,0.176,0.87,0.236,0.264
702,,0.024,0.012,0.274,0.376,0.166,0.86,0.226,0.254
703,,0.014,0.002,0.264,0.366,0.156,0.85,0.216,0.244
704,,0.004,-0.008,0.254,0.356,0.146,0.84,0.206,0.234
705,2,0.277,0.992,0.527,0.346,-0.147,0.43,-0.087,0.224
706,2,0.55,1.0,0.8,0.336,-0.44,0.02,-0.38,0.214
707,5,0.14,0.707,0.79,0.609,0.56,0.293,-0.39,-0.079
708,5,-0.27,0.414,0.78,0.882,1.0,0.566,-0.4,-0.372
709,7,-0.28,0.121,0.37,0.589,0.99,0.839,0.6,-0.099
710,7,-0.29,-0.172,-0.04,0.296,0.98,1.0,1.0,0.174
711,1,0.71,0.101,-0.05,0.003,0.57,0.707,0.99,0.447
712,1,1.0,0.374,-0.06,-0.29,0.16,0.414,0.98,0.72
713,4,0.707,0.364,0.213,0.71,0.433,0.404,0.687,0.31
714,4,0.414,0.354,0.486,1.0,0.706,0.394,0.394,-0.1
715,8,0.687,0.344,0.193,0.59,0.413,0.384,0.667,0.9
716,8,0.96,0.334,-0.1,0.18,0.12,0.374,0.94,1.0
717,3,0.95,0.607,0.9,0.453,0.11,0.081,0.53,0.707
718,3,0.94,0.88,1.0,0.726,0.1,-0.212,0.12,0.414
719,6,0.647,0.47,0.707,0.716,0.373,0.788,0.393,0.404
720,6,0.354,0.06,0.414,0.706,0.646,1.0,0.666,0.394
721,,0.344,0.05,0.404,0.696,0.636,0.99,0.656,0.384
722,,0.334,0.04,0.394,0.686,0.626,0.98,0.646,0.374
723,,0.324,0.03,0.384,0.676,0.616,0.97,0.636,0.364
724,,0.314,0.02,0.374,0.666,0.606,0.96,0.626,0.354
725,,0.304,0.01,0.364,0.656,0.596,0.95,0.616,0.344
726,,0.294,0.0,0.354,0.646,0.586,0.94,0.606,0.334
727,,0.284,-0.01,0.344,0.636,0.576,0.93,0.596,0.324
728,2,0.557,0.99,0.617,0.626,0.283,0.52,0.303,0.314
729,2,0.83,1.0,0.89,0.616,-0.01,0.11,0.01,0.304
730,5,0.42,0.707,0.88,0.889,0.99,0.383,0.0,0.011
731,5,0.01,0.414,0.87,1.0,1.0,0.656,-0.01,-0.282
732,8,0.283,0.404,0.577,0.59,0.707,0.646,0.263,0.718
733,8,0.556,0.394,0.284,0.18,0.414,0.636,0.536,1.0
734,,0.546,0.384,0.274,0.17,0.404,0.626,0.526,0.99
735,,0.536,0.374,0.264,0.16,0.394,0.616,0.516,0.98
736,,0.526,0.364,0.254,0.15,0.384,0.606,0.506,0.97
737,,0.516,0.354,0.244,0.14,0.374,0.596,0.496,0.96
738,,0.506,0.344,0.234,0.13,0.364,0.586,0.486,0.95
739,,0.496,0.334,0.224,0.12,0.354,0.576,0.476,0.94
740,,0.486,0.324,0.214,0.11,0.344,0.566,0.466,0.93
741,,0.476,0.314,0.204,0.1,0.334,0.556,0.456,0.92
742,,0.466,0.304,0.194,0.09,0.324,0.546,0.446,0.91
743,,0.456,0.294,0.184,0.08,0.314,0.536,0.436,0.9
744,,0.446,0.284,0.174,0.07,0.304,0.526,0.426,0.89
745,,0.436,0.274,0.164,0.06,0.294,0.516,0.416,0.88
746,,0.426,0.264,0.154,0.05,0.284,0.506,0.406,0.87
747,,0.416,0.254,0.144,0.04,0.274,0.496,0.396,0.86
748,,0.406,0.244,0.134,0.03,0.264,0.486,0.386,0.85
749,,0.396,0.234,0.124,0.02,0.254,0.476,0.376,0.84
750,,0.386,0.224,0.114,0.01,0.244,0.466,0.366,0.83
751,,0.376,0.214,0.104,0.0,0.234,0.456,0.356,0.82
752,,0.366,0.204,0.094,-0.01,0.224,0.446,0.346,0.81
753,4,0.073,0.194,0.367,0.99,0.497,0.436,0.053,0.4
754,4,-0.22,0.184,0.64,1.0,0.77,0.426,-0.24,-0.01
755,7,-0.23,-0.109,0.23,0.707,0.76,0.699,0.76,0.263
756,7,-0.24,-0.402,-0.18,0.414,0.75,0.972,1.0,0.536
757,2,0.033,0.598,0.093,0.404,0.457,0.562,0.707,0.526
758,2,0.306,1.0,0.366,0.394,0.164,0.152,0.414,0.516
759,,0.296,0.99,0.356,0.384,0.154,0.142,0.404,0.506
760,,0.286,0.98,0.346,0.374,0.144,0.132,0.394,0.496
761,,0.276,0.97,0.336,0.364,0.134,0.122,0.384,0.486
762,,0.266,0.96,0.326,0.354,0.124,0.112,0.374,0.476
763,,0.256,0.95,0.316,0.344,0.114,0.102,0.364,0.466
764,,0.246,0.94,0.306,0.334,0.104,0.092,0.354,0.456
765,,0.236,0.93,0.296,0.324,0.094,0.082,0.344,0.446
766,,0.226,0.92,0.286,0.314,0.084,0.072,0.334,0.436
767,,0.216,0.91,0.276,0.304,0.074,0.062,0.324,0.426
768,,0.206,0.9,0.266,0.294,0.064,0.052,0.314,0.416
769,,0.196,0.89,0.256,0.284,0.054,0.042,0.304,0.406
770,,0.186,0.88,0.246,0.274,0.044,0.032,0.294,0.396
771,,0.176,0.87,0.236,0.264,0.034,0.022,0.284,0.386
772,,0.166,0.86,0.226,0.254,0.024,0.012,0.274,0.376
773,,0.156,0.85,0.216,0.244,0.014,0.002,0.264,0.366
774,,0.146,0.84,0.206,0.234,0.004,-0.008,0.254,0.356
