step,active_motive,motive_1,motive_2,motive_3,motive_4,motive_5,motive_6,motive_7,motive_8
0,,0.07404,0.35847,0.11587,0.8631,0.6233,0.3309,0.06356,0.31098
1,,0.06404,0.34847,0.10587,0.8531,0.6133,0.3209,0.05356,0.30098
2,,0.05404,0.33847,0.09587,0.8431,0.6033,0.3109,0.04356,0.29098
3,,0.04404,0.32847,0.08587,0.8331,0.5933,0.3009,0.03356,0.28098
4,,0.03404,0.31847,0.07587,0.8231,0.5833,0.2909,0.02356,0.27098
5,,0.02404,0.30847,0.06587,0.8131,0.5733,0.2809,0.01356,0.26098
6,,0.01404,0.29847,0.05587,0.8031,0.5633,0.2709,0.00356,0.25098
7,,0.00404,0.28847,0.04587,0.7931,0.5533,0.2609,-0.00644,0.24098
8,7,-0.00596,-0.00453,-0.36413,0.5001,0.5433,0.5339,0.99356,0.51398
9,7,-0.01596,-0.29753,-0.77413,0.2071,0.5333,0.8069,1.0,0.78698
10,3,-0.02596,-0.02453,0.22587,0.4801,0.5233,0.5139,0.59,0.49398
11,3,-0.03596,0.24847,1.0,0.7531,0.5133,0.2209,0.18,0.20098
12,1,0.96404,0.52147,0.99,0.4601,0.1033,-0.0721,0.17,0.47398
13,1,1.0,0.79447,0.98,0.1671,-0.3067,-0.3651,0.16,0.74698
14,6,0.707,0.38447,0.687,0.1571,-0.0337,0.6349,0.433,0.73698
15,6,0.414,-0.02553,0.394,0.1471,0.2393,1.0,0.706,0.72698
16,2,0.687,0.97447,0.667,0.1371,-0.0537,0.59,0.413,0.71698
17,2,0.96,1.0,0.94,0.1271,-0.3467,0.18,0.12,0.70698
18,5,0.55,0.707,0.93,0.4001,0.6533,0.453,0.11,0.41398
19,5,0.14,0.414,0.92,0.6731,1.0,0.726,0.1,0.12098
20,,0.13,0.404,0.91,0.6631,0.99,0.716,0.09,0.11098
21,,0.12,0.394,0.9,0.6531,0.98,0.706,0.08,0.10098
22,,0.11,0.384,0.89,0.6431,0.97,0.696,0.07,0.09098
23,,0.1,0.374,0.88,0.6331,0.96,0.686,0.06,0.08098
24,,0.09,0.364,0.87,0.6231,0.95,0.676,0.05,0.07098
25,,0.08,0.354,0.86,0.6131,0.94,0.666,0.04,0.06098
26,,0.07,0.344,0.85,0.6031,0.93,0.656,0.03,0.05098
27,,0.06,0.334,0.84,0.5931,0.92,0.646,0.02,0.04098
28,,0.05,0.324,0.83,0.5831,0.91,0.636,0.01,0.03098
29,,0.04,0.314,0.82,0.5731,0.9,0.626,0.0,0.02098
30,,0.03,0.304,0.81,0.5631,0.89,0.616,-0.01,0.01098
31,7,0.02,0.011,0.4,0.2701,0.88,0.889,0.99,0.28398
32,7,0.01,-0.282,-0.01,-0.0229,0.87,1.0,1.0,0.55698
33,2,0.283,0.718,0.263,-0.0329,0.577,0.59,0.707,0.54698
34,2,0.556,1.0,0.536,-0.0429,0.284,0.18,0.414,0.53698
35,4,0.263,0.99,0.809,0.9571,0.557,0.17,0.121,0.12698
36,4,-0.03,0.98,1.0,1.0,0.83,0.16,-0.172,-0.28302
37,8,0.243,0.97,0.707,0.59,0.537,0.15,0.101,0.71698
38,8,0.516,0.96,0.414,0.18,0.244,0.14,0.374,1.0
39,,0.506,0.95,0.404,0.17,0.234,0.13,0.364,0.99
40,,0.496,0.94,0.394,0.16,0.224,0.12,0.354,0.98
41,,0.486,0.93,0.384,0.15,0.214,0.11,0.344,0.97
42,,0.476,0.92,0.374,0.14,0.204,0.1,0.334,0.96
43,,0.466,0.91,0.364,0.13,0.194,0.09,0.324,0.95
44,,0.456,0.9,0.354,0.12,0.184,0.08,0.314,0.94
45,,0.446,0.89,0.344,0.11,0.174,0.07,0.304,0.93
46,,0.436,0.88,0.334,0.1,0.164,0.06,0.294,0.92
47,,0.426,0.87,0.324,0.09,0.154,0.05,0.284,0.91
48,,0.416,0.86,0.314,0.08,0.144,0.04,0.274,0.9
49,,0.406,0.85,0.304,0.07,0.134,0.03,0.264,0.89
50,,0.396,0.84,0.294,0.06,0.124,0.02,0.254,0.88
51,,0.386,0.83,0.284,0.05,0.114,0.01,0.244,0.87
52,,0.376,0.82,0.274,0.04,0.104,0.0,0.234,0.86
53,,0.366,0.81,0.264,0.03,0.094,-0.01,0.224,0.85
54,6,0.073,0.4,-0.029,0.02,0.367,0.99,0.497,0.84
55,6,-0.22,-0.01,-0.322,0.01,0.64,1.0,0.77,0.83
56,3,-0.23,0.263,0.678,0.283,0.63,0.707,0.36,0.537
57,3,-0.24,0.536,1.0,0.556,0.62,0.414,-0.05,0.244
58,1,0.76,0.809,0.99,0.263,0.21,0.121,-0.06,0.517
59,1,1.0,1.0,0.98,-0.03,-0.2,-0.172,-0.07,0.79
60,5,0.59,0.707,0.97,0.243,0.8,0.101,-0.08,0.497
61,5,0.18,0.414,0.96,0.516,1.0,0.374,-0.09,0.204
62,7,0.17,0.121,0.55,0.223,0.99,0.647,0.91,0.477
63,7,0.16,-0.172,0.14,-0.07,0.98,0.92,1.0,0.75
64,2,0.433,0.828,0.413,-0.08,0.687,0.51,0.707,0.74
65,2,0.706,1.0,0.686,-0.09,0.394,0.1,0.414,0.73
66,4,0.413,0.99,0.959,0.91,0.667,0.09,0.121,0.32
67,4,0.12,0.98,1.0,1.0,0.94,0.08,-0.172,-0.09
68,7,0.11,0.687,0.59,0.707,0.93,0.353,0.828,0.183
69,7,0.1,0.394,0.18,0.414,0.92,0.626,1.0,0.456
70,,0.09,0.384,0.17,0.404,0.91,0.616,0.99,0.446
71,,0.08,0.374,0.16,0.394,0.9,0.606,0.98,0.436
72,,0.07,0.364,0.15,0.384,0.89,0.596,0.97,0.426
73,,0.06,0.354,0.14,0.374,0.88,0.586,0.96,0.416
74,,0.05,0.344,0.13,0.364,0.87,0.576,0.95,0.406
75,,0.04,0.334,0.12,0.354,0.86,0.566,0.94,0.396
76,,0.03,0.324,0.11,0.344,0.85,0.556,0.93,0.386
77,,0.02,0.314,0.1,0.334,0.84,0.546,0.92,0.376
78,,0.01,0.304,0.09,0.324,0.83,0.536,0.91,0.366
79,,0.0,0.294,0.08,0.314,0.82,0.526,0.9,0.356
80,,-0.01,0.284,0.07,0.304,0.81,0.516,0.89,0.346
81,1,0.99,0.557,0.06,0.011,0.4,0.223,0.88,0.619
82,1,1.0,0.83,0.05,-0.282,-0.01,-0.07,0.87,0.892
83,4,0.707,0.82,0.323,0.718,0.263,-0.08,0.577,0.482
84,4,0.414,0.81,0.596,1.0,0.536,-0.09,0.284,0.072
85,6,0.121,0.4,0.303,0.99,0.809,0.91,0.557,0.062
86,6,-0.172,-0.01,0.01,0.98,1.0,1.0,0.83,0.052
87,1,0.828,0.263,0.0,0.687,0.59,0.707,0.82,0.325
88,1,1.0,0.536,-0.01,0.394,0.18,0.414,0.81,0.598
89,3,0.99,0.809,0.99,0.667,0.17,0.121,0.4,0.305
90,3,0.98,1.0,1.0,0.94,0.16,-0.172,-0.01,0.012
91,6,0.687,0.59,0.707,0.93,0.433,0.828,0.263,0.002
92,6,0.394,0.18,0.414,0.92,0.706,1.0,0.536,-0.008
93,8,0.667,0.17,0.121,0.51,0.413,0.99,0.809,0.992
94,8,0.94,0.16,-0.172,0.1,0.12,0.98,1.0,1.0
95,3,0.93,0.433,0.828,0.373,0.11,0.687,0.59,0.707
96,3,0.92,0.706,1.0,0.646,0.1,0.394,0.18,0.414
97,,0.91,0.696,0.99,0.636,0.09,0.384,0.17,0.404
98,,0.9,0.686,0.98,0.626,0.08,0.374,0.16,0.394
99,,0.89,0.676,0.97,0.616,0.07,0.364,0.15,0.384
100,,0.88,0.666,0.96,0.606,0.06,0.354,0.14,0.374
101,,0.87,0.656,0.95,0.596,0.05,0.344,0.13,0.364
102,,0.86,0.646,0.94,0.586,0.04,0.334,0.12,0.354
103,,0.85,0.636,0.93,0.576,0.03,0.324,0.11,0.344
104,,0.84,0.626,0.92,0.566,0.02,0.314,0.1,0.334
105,,0.83,0.616,0.91,0.556,0.01,0.304,0.09,0.324
106,,0.82,0.606,0.9,0.546,0.0,0.294,0.08,0.314
107,,0.81,0.596,0.89,0.536,-0.01,0.284,0.07,0.304
108,5,0.4,0.303,0.88,0.809,0.99,0.557,0.06,0.011
109,5,-0.01,0.01,0.87,1.0,1.0,0.83,0.05,-0.282
110,8,0.263,0.0,0.577,0.59,0.707,0.82,0.323,0.718
111,8,0.536,-0.01,0.284,0.18,0.414,0.81,0.596,1.0
112,2,0.809,0.99,0.557,0.17,0.121,0.4,0.303,0.99
113,2,1.0,1.0,0.83,0.16,-0.172,-0.01,0.01,0.98
114,5,0.59,0.707,0.82,0.433,0.828,0.263,0.0,0.687
115,5,0.18,0.414,0.81,0.706,1.0,0.536,-0.01,0.394
116,7,0.17,0.121,0.4,0.413,0.99,0.809,0.99,0.667
117,7,0.16,-0.172,-0.01,0.12,0.98,1.0,1.0,0.94
118,2,0.433,0.828,0.263,0.11,0.687,0.59,0.707,0.93
119,2,0.706,1.0,0.536,0.1,0.394,0.18,0.414,0.92
120,,0.696,0.99,0.526,0.09,0.384,0.17,0.404,0.91
121,,0.686,0.98,0.516,0.08,0.374,0.16,0.394,0.9
122,,0.676,0.97,0.506,0.07,0.364,0.15,0.384,0.89
123,,0.666,0.96,0.496,0.06,0.354,0.14,0.374,0.88
124,,0.656,0.95,0.486,0.05,0.344,0.13,0.364,0.87
125,,0.646,0.94,0.476,0.04,0.334,0.12,0.354,0.86
126,,0.636,0.93,0.466,0.03,0.324,0.11,0.344,0.85
127,,0.626,0.92,0.456,0.02,0.314,0.1,0.334,0.84
128,,0.616,0.91,0.446,0.01,0.304,0.09,0.324,0.83
129,,0.606,0.9,0.436,0.0,0.294,0.08,0.314,0.82
130,,0.596,0.89,0.426,-0.01,0.284,0.07,0.304,0.81
131,4,0.303,0.88,0.699,0.99,0.557,0.06,0.011,0.4
132,4,0.01,0.87,0.972,1.0,0.83,0.05,-0.282,-0.01
133,7,0.0,0.577,0.562,0.707,0.82,0.323,0.718,0.263
134,7,-0.01,0.284,0.152,0.414,0.81,0.596,1.0,0.536
135,1,0.99,0.557,0.142,0.121,0.4,0.303,0.99,0.809
136,1,1.0,0.83,0.132,-0.172,-0.01,0.01,0.98,1.0
137,4,0.707,0.82,0.405,0.828,0.263,0.0,0.687,0.59
138,4,0.414,0.81,0.678,1.0,0.536,-0.01,0.394,0.18
139,6,0.121,0.4,0.385,0.99,0.809,0.99,0.667,0.17
140,6,-0.172,-0.01,0.092,0.98,1.0,1.0,0.94,0.16
141,1,0.828,0.263,0.082,0.687,0.59,0.707,0.93,0.433
142,1,1.0,0.536,0.072,0.394,0.18,0.414,0.92,0.706
143,,0.99,0.526,0.062,0.384,0.17,0.404,0.91,0.696
144,,0.98,0.516,0.052,0.374,0.16,0.394,0.9,0.686
145,,0.97,0.506,0.042,0.364,0.15,0.384,0.89,0.676
146,,0.96,0.496,0.032,0.354,0.14,0.374,0.88,0.666
147,,0.95,0.486,0.022,0.344,0.13,0.364,0.87,0.656
148,,0.94,0.476,0.012,0.334,0.12,0.354,0.86,0.646
149,,0.93,0.466,0.002,0.324,0.11,0.344,0.85,0.636
150,,0.92,0.456,-0.008,0.314,0.1,0.334,0.84,0.626
151,3,0.91,0.729,0.992,0.587,0.09,0.041,0.43,0.333
152,3,0.9,1.0,1.0,0.86,0.08,-0.252,0.02,0.04
153,6,0.607,0.59,0.707,0.85,0.353,0.748,0.293,0.03
154,6,0.314,0.18,0.414,0.84,0.626,1.0,0.566,0.02
155,,0.304,0.17,0.404,0.83,0.616,0.99,0.556,0.01
156,,0.294,0.16,0.394,0.82,0.606,0.98,0.546,0.0
157,,0.284,0.15,0.384,0.81,0.596,0.97,0.536,-0.01
158,8,0.557,0.14,0.091,0.4,0.303,0.96,0.809,0.99
159,8,0.83,0.13,-0.202,-0.01,0.01,0.95,1.0,1.0
160,3,0.82,0.403,0.798,0.263,0.0,0.657,0.59,0.707
161,3,0.81,0.676,1.0,0.536,-0.01,0.364,0.18,0.414
162,5,0.4,0.383,0.99,0.809,0.99,0.637,0.17,0.121
163,5,-0.01,0.09,0.98,1.0,1.0,0.91,0.16,-0.172
164,8,0.263,0.08,0.687,0.59,0.707,0.9,0.433,0.828
165,8,0.536,0.07,0.394,0.18,0.414,0.89,0.706,1.0
166,,0.526,0.06,0.384,0.17,0.404,0.88,0.696,0.99
167,,0.516,0.05,0.374,0.16,0.394,0.87,0.686,0.98
168,,0.506,0.04,0.364,0.15,0.384,0.86,0.676,0.97
169,,0.496,0.03,0.354,0.14,0.374,0.85,0.666,0.96
170,,0.486,0.02,0.344,0.13,0.364,0.84,0.656,0.95
171,,0.476,0.01,0.334,0.12,0.354,0.83,0.646,0.94
172,,0.466,0.0,0.324,0.11,0.344,0.82,0.636,0.93
173,,0.456,-0.01,0.314,0.1,0.334,0.81,0.626,0.92
174,2,0.729,0.99,0.587,0.09,0.041,0.4,0.333,0.91
175,2,1.0,1.0,0.86,0.08,-0.252,-0.01,0.04,0.9
176,5,0.59,0.707,0.85,0.353,0.748,0.263,0.03,0.607
177,5,0.18,0.414,0.84,0.626,1.0,0.536,0.02,0.314
178,,0.17,0.404,0.83,0.616,0.99,0.526,0.01,0.304
179,,0.16,0.394,0.82,0.606,0.98,0.516,0.0,0.294
180,,0.15,0.384,0.81,0.596,0.97,0.506,-0.01,0.284
181,7,0.14,0.091,0.4,0.303,0.96,0.779,0.99,0.557
182,7,0.13,-0.202,-0.01,0.01,0.95,1.0,1.0,0.83
183,2,0.403,0.798,0.263,0.0,0.657,0.59,0.707,0.82
184,2,0.676,1.0,0.536,-0.01,0.364,0.18,0.414,0.81
185,4,0.383,0.99,0.809,0.99,0.637,0.17,0.121,0.4
186,4,0.09,0.98,1.0,1.0,0.91,0.16,-0.172,-0.01
187,7,0.08,0.687,0.59,0.707,0.9,0.433,0.828,0.263
188,7,0.07,0.394,0.18,0.414,0.89,0.706,1.0,0.536
189,,0.06,0.384,0.17,0.404,0.88,0.696,0.99,0.526
190,,0.05,0.374,0.16,0.394,0.87,0.686,0.98,0.516
191,,0.04,0.364,0.15,0.384,0.86,0.676,0.97,0.506
192,,0.03,0.354,0.14,0.374,0.85,0.666,0.96,0.496
193,,0.02,0.344,0.13,0.364,0.84,0.656,0.95,0.486
194,,0.01,0.334,0.12,0.354,0.83,0.646,0.94,0.476
195,,0.0,0.324,0.11,0.344,0.82,0.636,0.93,0.466
196,,-0.01,0.314,0.1,0.334,0.81,0.626,0.92,0.456
197,1,0.99,0.587,0.09,0.041,0.4,0.333,0.91,0.729
198,1,1.0,0.86,0.08,-0.252,-0.01,0.04,0.9,1.0
199,4,0.707,0.85,0.353,0.748,0.263,0.03,0.607,0.59
200,4,0.414,0.84,0.626,1.0,0.536,0.02,0.314,0.18
201,,0.404,0.83,0.616,0.99,0.526,0.01,0.304,0.17
202,,0.394,0.82,0.606,0.98,0.516,0.0,0.294,0.16
203,,0.384,0.81,0.596,0.97,0.506,-0.01,0.284,0.15
204,6,0.091,0.4,0.303,0.96,0.779,0.99,0.557,0.14
205,6,-0.202,-0.01,0.01,0.95,1.0,1.0,0.83,0.13
206,1,0.798,0.263,0.0,0.657,0.59,0.707,0.82,0.403
207,1,1.0,0.536,-0.01,0.364,0.18,0.414,0.81,0.676
208,3,0.99,0.809,0.99,0.637,0.17,0.121,0.4,0.383
209,3,0.98,1.0,1.0,0.91,0.16,-0.172,-0.01,0.09
210,6,0.687,0.59,0.707,0.9,0.433,0.828,0.263,0.08
211,6,0.394,0.18,0.414,0.89,0.706,1.0,0.536,0.07
212,,0.384,0.17,0.404,0.88,0.696,0.99,0.526,0.06
213,,0.374,0.16,0.394,0.87,0.686,0.98,0.516,0.05
214,,0.364,0.15,0.384,0.86,0.676,0.97,0.506,0.04
215,,0.354,0.14,0.374,0.85,0.666,0.96,0.496,0.03
216,,0.344,0.13,0.364,0.84,0.656,0.95,0.486,0.02
217,,0.334,0.12,0.354,0.83,0.646,0.94,0.476,0.01
218,,0.324,0.11,0.344,0.82,0.636,0.93,0.466,0.0
219,,0.314,0.1,0.334,0.81,0.626,0.92,0.456,-0.01
220,8,0.587,0.09,0.041,0.4,0.333,0.91,0.729,0.99
221,8,0.86,0.08,-0.252,-0.01,0.04,0.9,1.0,1.0
222,3,0.85,0.353,0.748,0.263,0.03,0.607,0.59,0.707
223,3,0.84,0.626,1.0,0.536,0.02,0.314,0.18,0.414
224,,0.83,0.616,0.99,0.526,0.01,0.304,0.17,0.404
225,,0.82,0.606,0.98,0.516,0.0,0.294,0.16,0.394
226,,0.81,0.596,0.97,0.506,-0.01,0.284,0.15,0.384
227,5,0.4,0.303,0.96,0.779,0.99,0.557,0.14,0.091
228,5,-0.01,0.01,0.95,1.0,1.0,0.83,0.13,-0.202
229,8,0.263,0.0,0.657,0.59,0.707,0.82,0.403,0.798
230,8,0.536,-0.01,0.364,0.18,0.414,0.81,0.676,1.0
231,2,0.809,0.99,0.637,0.17,0.121,0.4,0.383,0.99
232,2,1.0,1.0,0.91,0.16,-0.172,-0.01,0.09,0.98
233,5,0.59,0.707,0.9,0.433,0.828,0.263,0.08,0.687
234,5,0.18,0.414,0.89,0.706,1.0,0.536,0.07,0.394
235,,0.17,0.404,0.88,0.696,0.99,0.526,0.06,0.384
236,,0.16,0.394,0.87,0.686,0.98,0.516,0.05,0.374
237,,0.15,0.384,0.86,0.676,0.97,0.506,0.04,0.364
238,,0.14,0.374,0.85,0.666,0.96,0.496,0.03,0.354
239,,0.13,0.364,0.84,0.656,0.95,0.486,0.02,0.344
240,,0.12,0.354,0.83,0.646,0.94,0.476,0.01,0.334
241,,0.11,0.344,0.82,0.636,0.93,0.466,0.0,0.324
242,,0.1,0.334,0.81,0.626,0.92,0.456,-0.01,0.314
243,7,0.09,0.041,0.4,0.333,0.91,0.729,0.99,0.587
244,7,0.08,-0.252,-0.01,0.04,0.9,1.0,1.0,0.86
245,2,0.353,0.748,0.263,0.03,0.607,0.59,0.707,0.85
246,2,0.626,1.0,0.536,0.02,0.314,0.18,0.414,0.84
247,,0.616,0.99,0.526,0.01,0.304,0.17,0.404,0.83
248,,0.606,0.98,0.516,0.0,0.294,0.16,0.394,0.82
249,,0.596,0.97,0.506,-0.01,0.284,0.15,0.384,0.81
250,4,0.303,0.96,0.779,0.99,0.557,0.14,0.091,0.4
251,4,0.01,0.95,1.0,1.0,0.83,0.13,-0.202,-0.01
252,7,0.0,0.657,0.59,0.707,0.82,0.403,0.798,0.263
253,7,-0.01,0.364,0.18,0.414,0.81,0.676,1.0,0.536
254,1,0.99,0.637,0.17,0.121,0.4,0.383,0.99,0.809
255,1,1.0,0.91,0.16,-0.172,-0.01,0.09,0.98,1.0
256,4,0.707,0.9,0.433,0.828,0.263,0.08,0.687,0.59
257,4,0.414,0.89,0.706,1.0,0.536,0.07,0.394,0.18
258,,0.404,0.88,0.696,0.99,0.526,0.06,0.384,0.17
259,,0.394,0.87,0.686,0.98,0.516,0.05,0.374,0.16
260,,0.384,0.86,0.676,0.97,0.506,0.04,0.364,0.15
261,,0.374,0.85,0.666,0.96,0.496,0.03,0.354,0.14
262,,0.364,0.84,0.656,0.95,0.486,0.02,0.344,0.13
263,,0.354,0.83,0.646,0.94,0.476,0.01,0.334,0.12
264,,0.344,0.82,0.636,0.93,0.466,0.0,0.324,0.11
265,,0.334,0.81,0.626,0.92,0.456,-0.01,0.314,0.1
266,6,0.041,0.4,0.333,0.91,0.729,0.99,0.587,0.09
267,6,-0.252,-0.01,0.04,0.9,1.0,1.0,0.86,0.08
268,1,0.748,0.263,0.03,0.607,0.59,0.707,0.85,0.353
269,1,1.0,0.536,0.02,0.314,0.18,0.414,0.84,0.626
270,,0.99,0.526,0.01,0.304,0.17,0.404,0.83,0.616
271,,0.98,0.516,0.0,0.294,0.16,0.394,0.82,0.606
272,,0.97,0.506,-0.01,0.284,0.15,0.384,0.81,0.596
273,3,0.96,0.779,0.99,0.557,0.14,0.091,0.4,0.303
274,3,0.95,1.0,1.0,0.83,0.13,-0.202,-0.01,0.01
275,6,0.657,0.59,0.707,0.82,0.403,0.798,0.263,0.0
276,6,0.364,0.18,0.414,0.81,0.676,1.0,0.536,-0.01
277,8,0.637,0.17,0.121,0.4,0.383,0.99,0.809,0.99
278,8,0.91,0.16,-0.172,-0.01,0.09,0.98,1.0,1.0
279,3,0.9,0.433,0.828,0.263,0.08,0.687,0.59,0.707
280,3,0.89,0.706,1.0,0.536,0.07,0.394,0.18,0.414
281,,0.88,0.696,0.99,0.526,0.06,0.384,0.17,0.404
282,,0.87,0.686,0.98,0.516,0.05,0.374,0.16,0.394
283,,0.86,0.676,0.97,0.506,0.04,0.364,0.15,0.384
284,,0.85,0.666,0.96,0.496,0.03,0.354,0.14,0.374
285,,0.84,0.656,0.95,0.486,0.02,0.344,0.13,0.364
286,,0.83,0.646,0.94,0.476,0.01,0.334,0.12,0.354
287,,0.82,0.636,0.93,0.466,0.0,0.324,0.11,0.344
288,,0.81,0.626,0.92,0.456,-0.01,0.314,0.1,0.334
289,5,0.4,0.333,0.91,0.729,0.99,0.587,0.09,0.041
290,5,-0.01,0.04,0.9,1.0,1.0,0.86,0.08,-0.252
291,8,0.263,0.03,0.607,0.59,0.707,0.85,0.353,0.748
292,8,0.536,0.02,0.314,0.18,0.414,0.84,0.626,1.0
293,,0.526,0.01,0.304,0.17,0.404,0.83,0.616,0.99
294,,0.516,0.0,0.294,0.16,0.394,0.82,0.606,0.98
295,,0.506,-0.01,0.284,0.15,0.384,0.81,0.596,0.97
296,2,0.779,0.99,0.557,0.14,0.091,0.4,0.303,0.96
297,2,1.0,1.0,0.83,0.13,-0.202,-0.01,0.01,0.95
298,5,0.59,0.707,0.82,0.403,0.798,0.263,0.0,0.657
299,5,0.18,0.414,0.81,0.676,1.0,0.536,-0.01,0.364
300,7,0.17,0.121,0.4,0.383,0.99,0.809,0.99,0.637
301,7,0.16,-0.172,-0.01,0.09,0.98,1.0,1.0,0.91
302,2,0.433,0.828,0.263,0.08,0.687,0.59,0.707,0.9
303,2,0.706,1.0,0.536,0.07,0.394,0.18,0.414,0.89
304,,0.696,0.99,0.526,0.06,0.384,0.17,0.404,0.88
305,,0.686,0.98,0.516,0.05,0.374,0.16,0.394,0.87
306,,0.676,0.97,0.506,0.04,0.364,0.15,0.384,0.86
307,,0.666,0.96,0.496,0.03,0.354,0.14,0.374,0.85
308,,0.656,0.95,0.486,0.02,0.344,0.13,0.364,0.84
309,,0.646,0.94,0.476,0.01,0.334,0.12,0.354,0.83
310,,0.636,0.93,0.466,0.0,0.324,0.11,0.344,0.82
311,,0.626,0.92,0.456,-0.01,0.314,0.1,0.334,0.81
312,4,0.333,0.91,0.729,0.99,0.587,0.09,0.041,0.4
313,4,0.04,0.9,1.0,1.0,0.86,0.08,-0.252,-0.01
314,7,0.03,0.607,0.59,0.707,0.85,0.353,0.748,0.263
315,7,0.02,0.314,0.18,0.414,0.84,0.626,1.0,0.536
316,,0.01,0.304,0.17,0.404,0.83,0.616,0.99,0.526
317,,0.0,0.294,0.16,0.394,0.82,0.606,0.98,0.516
318,,-0.01,0.284,0.15,0.384,0.81,0.596,0.97,0.506
319,1,0.99,0.557,0.14,0.091,0.4,0.303,0.96,0.779
320,1,1.0,0.83,0.13,-0.202,-0.01,0.01,0.95,1.0
321,4,0.707,0.82,0.403,0.798,0.263,0.0,0.657,0.59
322,4,0.414,0.81,0.676,1.0,0.536,-0.01,0.364,0.18
323,6,0.121,0.4,0.383,0.99,0.809,0.99,0.637,0.17
324,6,-0.172,-0.01,0.09,0.98,1.0,1.0,0.91,0.16
325,1,0.828,0.263,0.08,0.687,0.59,0.707,0.9,0.433
326,1,1.0,0.536,0.07,0.394,0.18,0.414,0.89,0.706
327,,0.99,0.526,0.06,0.384,0.17,0.404,0.88,0.696
328,,0.98,0.516,0.05,0.374,0.16,0.394,0.87,0.686
329,,0.97,0.506,0.04,0.364,0.15,0.384,0.86,0.676
330,,0.96,0.496,0.03,0.354,0.14,0.374,0.85,0.666
331,,0.95,0.486,0.02,0.344,0.13,0.364,0.84,0.656
332,,0.94,0.476,0.01,0.334,0.12,0.354,0.83,0.646
333,,0.93,0.466,0.0,0.324,0.11,0.344,0.82,0.636
334,,0.92,0.456,-0.01,0.314,0.1,0.334,0.81,0.626
335,3,0.91,0.729,0.99,0.587,0.09,0.041,0.4,0.333
336,3,0.9,1.0,1.0,0.86,0.08,-0.252,-0.01,0.04
337,6,0.607,0.59,0.707,0.85,0.353,0.748,0.263,0.03
338,6,0.314,0.18,0.414,0.84,0.626,1.0,0.536,0.02
339,,0.304,0.17,0.404,0.83,0.616,0.99,0.526,0.01
340,,0.294,0.16,0.394,0.82,0.606,0.98,0.516,0.0
341,,0.284,0.15,0.384,0.81,0.596,0.97,0.506,-0.01
342,8,0.557,0.14,0.091,0.4,0.303,0.96,0.779,0.99
343,8,0.83,0.13,-0.202,-0.01,0.01,0.95,1.0,1.0
344,3,0.82,0.403,0.798,0.263,0.0,0.657,0.59,0.707
345,3,0.81,0.676,1.0,0.536,-0.01,0.364,0.18,0.414
346,5,0.4,0.383,0.99,0.809,0.99,0.637,0.17,0.121
347,5,-0.01,0.09,0.98,1.0,1.0,0.91,0.16,-0.172
348,8,0.263,0.08,0.687,0.59,0.707,0.9,0.433,0.828
349,8,0.536,0.07,0.394,0.18,0.414,0.89,0.706,1.0
350,,0.526,0.06,0.384,0.17,0.404,0.88,0.696,0.99
351,,0.516,0.05,0.374,0.16,0.394,0.87,0.686,0.98
352,,0.506,0.04,0.364,0.15,0.384,0.86,0.676,0.97
353,,0.496,0.03,0.354,0.14,0.374,0.85,0.666,0.96
354,,0.486,0.02,0.344,0.13,0.364,0.84,0.656,0.95
355,,0.476,0.01,0.334,0.12,0.354,0.83,0.646,0.94
356,,0.466,0.0,0.324,0.11,0.344,0.82,0.636,0.93
357,,0.456,-0.01,0.314,0.1,0.334,0.81,0.626,0.92
358,2,0.729,0.99,0.587,0.09,0.041,0.4,0.333,0.91
359,2,1.0,1.0,0.86,0.08,-0.252,-0.01,0.04,0.9
360,5,0.59,0.707,0.85,0.353,0.748,0.263,0.03,0.607
361,5,0.18,0.414,0.84,0.626,1.0,0.536,0.02,0.314
362,,0.17,0.404,0.83,0.616,0.99,0.526,0.01,0.304
363,,0.16,0.394,0.82,0.606,0.98,0.516,0.0,0.294
364,,0.15,0.384,0.81,0.596,0.97,0.506,-0.01,0.284
365,7,0.14,0.091,0.4,0.303,0.96,0.779,0.99,0.557
366,7,0.13,-0.202,-0.01,0.01,0.95,1.0,1.0,0.83
367,2,0.403,0.798,0.263,0.0,0.657,0.59,0.707,0.82
368,2,0.676,1.0,0.536,-0.01,0.364,0.18,0.414,0.81
369,4,0.383,0.99,0.809,0.99,0.637,0.17,0.121,0.4
370,4,0.09,0.98,1.0,1.0,0.91,0.16,-0.172,-0.01
371,7,0.08,0.687,0.59,0.707,0.9,0.433,0.828,0.263
372,7,0.07,0.394,0.18,0.414,0.89,0.706,1.0,0.536
373,,0.06,0.384,0.17,0.404,0.88,0.696,0.99,0.526
374,,0.05,0.374,0.16,0.394,0.87,0.686,0.98,0.516
375,,0.04,0.364,0.15,0.384,0.86,0.676,0.97,0.506
376,,0.03,0.354,0.14,0.374,0.85,0.666,0.96,0.496
377,,0.02,0.344,0.13,0.364,0.84,0.656,0.95,0.486
378,,0.01,0.334,0.12,0.354,0.83,0.646,0.94,0.476
379,,0.0,0.324,0.11,0.344,0.82,0.636,0.93,0.466
380,,-0.01,0.314,0.1,0.334,0.81,0.626,0.92,0.456
381,1,0.99,0.587,0.09,0.041,0.4,0.333,0.91,0.729
382,1,1.0,0.86,0.08,-0.252,-0.01,0.04,0.9,1.0
383,4,0.707,0.85,0.353,0.748,0.263,0.03,0.607,0.59
384,4,0.414,0.84,0.626,1.0,0.536,0.02,0.314,0.18
385,,0.404,0.83,0.616,0.99,0.526,0.01,0.304,0.17
386,,0.394,0.82,0.606,0.98,0.516,0.0,0.294,0.16
387,,0.384,0.81,0.596,0.97,0.506,-0.01,0.284,0.15
388,6,0.091,0.4,0.303,0.96,0.779,0.99,0.557,0.14
389,6,-0.202,-0.01,0.01,0.95,1.0,1.0,0.83,0.13
390,1,0.798,0.263,0.0,0.657,0.59,0.707,0.82,0.403
391,1,1.0,0.536,-0.01,0.364,0.18,0.414,0.81,0.676
392,3,0.99,0.809,0.99,0.637,0.17,0.121,0.4,0.383
393,3,0.98,1.0,1.0,0.91,0.16,-0.172,-0.01,0.09
394,6,0.687,0.59,0.707,0.9,0.433,0.828,0.263,0.08
395,6,0.394,0.18,0.414,0.89,0.706,1.0,0.536,0.07
396,,0.384,0.17,0.404,0.88,0.696,0.99,0.526,0.06
397,,0.374,0.16,0.394,0.87,0.686,0.98,0.516,0.05
398,,0.364,0.15,0.384,0.86,0.676,0.97,0.506,0.04
399,,0.354,0.14,0.374,0.85,0.666,0.96,0.496,0.03
400,,0.344,0.13,0.364,0.84,0.656,0.95,0.486,0.02
401,,0.334,0.12,0.354,0.83,0.646,0.94,0.476,0.01
402,,0.324,0.11,0.344,0.82,0.636,0.93,0.466,0.0
403,,0.314,0.1,0.334,0.81,0.626,0.92,0.456,-0.01
404,8,0.587,0.09,0.041,0.4,0.333,0.91,0.729,0.99
405,8,0.86,0.08,-0.252,-0.01,0.04,0.9,1.0,1.0
406,3,0.85,0.353,0.748,0.263,0.03,0.607,0.59,0.707
407,3,0.84,0.626,1.0,0.536,0.02,0.314,0.18,0.414
408,,0.83,0.616,0.99,0.526,0.01,0.304,0.17,0.404
409,,0.82,0.606,0.98,0.516,0.0,0.294,0.16,0.394
410,,0.81,0.596,0.97,0.506,-0.01,0.284,0.15,0.384
411,5,0.4,0.303,0.96,0.779,0.99,0.557,0.14,0.091
412,5,-0.01,0.01,0.95,1.0,1.0,0.83,0.13,-0.202
413,8,0.263,0.0,0.657,0.59,0.707,0.82,0.403,0.798
414,8,0.536,-0.01,0.364,0.18,0.414,0.81,0.676,1.0
415,2,0.809,0.99,0.637,0.17,0.121,0.4,0.383,0.99
416,2,1.0,1.0,0.91,0.16,-0.172,-0.01,0.09,0.98
417,5,0.59,0.707,0.9,0.433,0.828,0.263,0.08,0.687
418,5,0.18,0.414,0.89,0.706,1.0,0.536,0.07,0.394
419,,0.17,0.404,0.88,0.696,0.99,0.526,0.06,0.384
420,,0.16,0.394,0.87,0.686,0.98,0.516,0.05,0.374
421,,0.15,0.384,0.86,0.676,0.97,0.506,0.04,0.364
422,,0.14,0.374,0.85,0.666,0.96,0.496,0.03,0.354
423,,0.13,0.364,0.84,0.656,0.95,0.486,0.02,0.344
424,,0.12,0.354,0.83,0.646,0.94,0.476,0.01,0.334
425,,0.11,0.344,0.82,0.636,0.93,0.466,0.0,0.324
426,,0.1,0.334,0.81,0.626,0.92,0.456,-0.01,0.314
427,7,0.09,0.041,0.4,0.333,0.91,0.729,0.99,0.587
428,7,0.08,-0.252,-0.01,0.04,0.9,1.0,1.0,0.86
429,2,0.353,0.748,0.263,0.03,0.607,0.59,0.707,0.85
430,2,0.626,1.0,0.536,0.02,0.314,0.18,0.414,0.84
431,,0.616,0.99,0.526,0.01,0.304,0.17,0.404,0.83
432,,0.606,0.98,0.516,0.0,0.294,0.16,0.394,0.82
433,,0.596,0.97,0.506,-0.01,0.284,0.15,0.384,0.81
434,4,0.303,0.96,0.779,0.99,0.557,0.14,0.091,0.4
435,4,0.01,0.95,1.0,1.0,0.83,0.13,-0.202,-0.01
436,7,0.0,0.657,0.59,0.707,0.82,0.403,0.798,0.263
437,7,-0.01,0.364,0.18,0.414,0.81,0.676,1.0,0.536
438,1,0.99,0.637,0.17,0.121,0.4,0.383,0.99,0.809
439,1,1.0,0.91,0.16,-0.172,-0.01,0.09,0.98,1.0
440,4,0.707,0.9,0.433,0.828,0.263,0.08,0.687,0.59
441,4,0.414,0.89,0.706,1.0,0.536,0.07,0.394,0.18
442,,0.404,0.88,0.696,0.99,0.526,0.06,0.384,0.17
443,,0.394,0.87,0.686,0.98,0.516,0.05,0.374,0.16
444,,0.384,0.86,0.676,0.97,0.506,0.04,0.364,0.15
445,,0.374,0.85,0.666,0.96,0.496,0.03,0.354,0.14
446,,0.364,0.84,0.656,0.95,0.486,0.02,0.344,0.13
447,,0.354,0.83,0.646,0.94,0.476,0.01,0.334,0.12
448,,0.344,0.82,0.636,0.93,0.466,0.0,0.324,0.11
449,,0.334,0.81,0.626,0.92,0.456,-0.01,0.314,0.1
450,6,0.041,0.4,0.333,0.91,0.729,0.99,0.587,0.09
451,6,-0.252,-0.01,0.04,0.9,1.0,1.0,0.86,0.08
452,1,0.748,0.263,0.03,0.607,0.59,0.707,0.85,0.353
453,1,1.0,0.536,0.02,0.314,0.18,0.414,0.84,0.626
454,,0.99,0.526,0.01,0.304,0.17,0.404,0.83,0.616
455,,0.98,0.516,0.0,0.294,0.16,0.394,0.82,0.606
456,,0.97,0.506,-0.01,0.284,0.15,0.384,0.81,0.596
457,3,0.96,0.779,0.99,0.557,0.14,0.091,0.4,0.303
458,3,0.95,1.0,1.0,0.83,0.13,-0.202,-0.01,0.01
459,6,0.657,0.59,0.707,0.82,0.403,0.798,0.263,0.0
460,6,0.364,0.18,0.414,0.81,0.676,1.0,0.536,-0.01
461,8,0.637,0.17,0.121,0.4,0.383,0.99,0.809,0.99
462,8,0.91,0.16,-0.172,-0.01,0.09,0.98,1.0,1.0
463,3,0.9,0.433,0.828,0.263,0.08,0.687,0.59,0.707
464,3,0.89,0.706,1.0,0.536,0.07,0.394,0.18,0.414
465,,0.88,0.696,0.99,0.526,0.06,0.384,0.17,0.404
466,,0.87,0.686,0.98,0.516,0.05,0.374,0.16,0.394
467,,0.86,0.676,0.97,0.506,0.04,0.364,0.15,0.384
468,,0.85,0.666,0.96,0.496,0.03,0.354,0.14,0.374
469,,0.84,0.656,0.95,0.486,0.02,0.344,0.13,0.364
470,,0.83,0.646,0.94,0.476,0.01,0.334,0.12,0.354
471,,0.82,0.636,0.93,0.466,0.0,0.324,0.11,0.344
472,,0.81,0.626,0.92,0.456,-0.01,0.314,0.1,0.334
473,5,0.4,0.333,0.91,0.729,0.99,0.587,0.09,0.041
474,5,-0.01,0.04,0.9,1.0,1.0,0.86,0.08,-0.252
475,8,0.263,0.03,0.607,0.59,0.707,0.85,0.353,0.748
476,8,0.536,0.02,0.314,0.18,0.414,0.84,0.626,1.0
477,,0.526,0.01,0.304,0.17,0.404,0.83,0.616,0.99
478,,0.516,0.0,0.294,0.16,0.394,0.82,0.606,0.98
479,,0.506,-0.01,0.284,0.15,0.384,0.81,0.596,0.97
480,2,0.779,0.99,0.557,0.14,0.091,0.4,0.303,0.96
481,2,1.0,1.0,0.83,0.13,-0.202,-0.01,0.01,0.95
482,5,0.59,0.707,0.82,0.403,0.798,0.263,0.0,0.657
483,5,0.18,0.414,0.81,0.676,1.0,0.536,-0.01,0.364
484,7,0.17,0.121,0.4,0.383,0.99,0.809,0.99,0.637
485,7,0.16,-0.172,-0.01,0.09,0.98,1.0,1.0,0.91
486,2,0.433,0.828,0.263,0.08,0.687,0.59,0.707,0.9
487,2,0.706,1.0,0.536,0.07,0.394,0.18,0.414,0.89
488,,0.696,0.99,0.526,0.06,0.384,0.17,0.404,0.88
489,,0.686,0.98,0.516,0.05,0.374,0.16,0.394,0.87
490,,0.676,0.97,0.506,0.04,0.364,0.15,0.384,0.86
491,,0.666,0.96,0.496,0.03,0.354,0.14,0.374,0.85
492,,0.656,0.95,0.486,0.02,0.344,0.13,0.364,0.84
493,,0.646,0.94,0.476,0.01,0.334,0.12,0.354,0.83
494,,0.636,0.93,0.466,0.0,0.324,0.11,0.344,0.82
495,,0.626,0.92,0.456,-0.01,0.314,0.1,0.334,0.81
496,4,0.333,0.91,0.729,0.99,0.587,0.09,0.041,0.4
497,4,0.04,0.9,1.0,1.0,0.86,0.08,-0.252,-0.01
498,7,0.03,0.607,0.59,0.707,0.85,0.353,0.748,0.263
499,7,0.02,0.314,0.18,0.414,0.84,0.626,1.0,0.536
500,,0.01,0.304,0.17,0.404,0.83,0.616,0.99,0.526
501,,0.0,0.294,0.16,0.394,0.82,0.606,0.98,0.516
502,,-0.01,0.284,0.15,0.384,0.81,0.596,0.97,0.506
503,1,0.99,0.557,0.14,0.091,0.4,0.303,0.96,0.779
504,1,1.0,0.83,0.13,-0.202,-0.01,0.01,0.95,1.0
505,4,0.707,0.82,0.403,0.798,0.263,0.0,0.657,0.59
506,4,0.414,0.81,0.676,1.0,0.536,-0.01,0.364,0.18
507,6,0.121,0.4,0.383,0.99,0.809,0.99,0.637,0.17
508,6,-0.172,-0.01,0.09,0.98,1.0,1.0,0.91,0.16
509,1,0.828,0.263,0.08,0.687,0.59,0.707,0.9,0.433
510,1,1.0,0.536,0.07,0.394,0.18,0.414,0.89,0.706
511,,0.99,0.526,0.06,0.384,0.17,0.404,0.88,0.696
512,,0.98,0.516,0.05,0.374,0.16,0.394,0.87,0.686
513,,0.97,0.506,0.04,0.364,0.15,0.384,0.86,0.676
514,,0.96,0.496,0.03,0.354,0.14,0.374,0.85,0.666
515,,0.95,0.486,0.02,0.344,0.13,0.364,0.84,0.656
516,,0.94,0.476,0.01,0.334,0.12,0.354,0.83,0.646
517,,0.93,0.466,0.0,0.324,0.11,0.344,0.82,0.636
518,,0.92,0.456,-0.01,0.314,0.1,0.334,0.81,0.626
519,3,0.91,0.729,0.99,0.587,0.09,0.041,0.4,0.333
520,3,0.9,1.0,1.0,0.86,0.08,-0.252,-0.01,0.04
521,6,0.607,0.59,0.707,0.85,0.353,0.748,0.263,0.03
522,6,0.314,0.18,0.414,0.84,0.626,1.0,0.536,0.02
523,,0.304,0.17,0.404,0.83,0.616,0.99,0.526,0.01
524,,0.294,0.16,0.394,0.82,0.606,0.98,0.516,0.0
525,,0.284,0.15,0.384,0.81,0.596,0.97,0.506,-0.01
526,8,0.557,0.14,0.091,0.4,0.303,0.96,0.779,0.99
527,8,0.83,0.13,-0.202,-0.01,0.01,0.95,1.0,1.0
528,3,0.82,0.403,0.798,0.263,0.0,0.657,0.59,0.707
529,3,0.81,0.676,1.0,0.536,-0.01,0.364,0.18,0.414
530,5,0.4,0.383,0.99,0.809,0.99,0.637,0.17,0.121
531,5,-0.01,0.09,0.98,1.0,1.0,0.91,0.16,-0.172
532,8,0.263,0.08,0.687,0.59,0.707,0.9,0.433,0.828
533,8,0.536,0.07,0.394,0.18,0.414,0.89,0.706,1.0
534,,0.526,0.06,0.384,0.17,0.404,0.88,0.696,0.99
535,,0.516,0.05,0.374,0.16,0.394,0.87,0.686,0.98
536,,0.506,0.04,0.364,0.15,0.384,0.86,0.676,0.97
537,,0.496,0.03,0.354,0.14,0.374,0.85,0.666,0.96
538,,0.486,0.02,0.344,0.13,0.364,0.84,0.656,0.95
539,,0.476,0.01,0.334,0.12,0.354,0.83,0.646,0.94
540,,0.466,0.0,0.324,0.11,0.344,0.82,0.636,0.93
541,,0.456,-0.01,0.314,0.1,0.334,0.81,0.626,0.92
542,2,0.729,0.99,0.587,0.09,0.041,0.4,0.333,0.91
543,2,1.0,1.0,0.86,0.08,-0.252,-0.01,0.04,0.9
544,5,0.59,0.707,0.85,0.353,0.748,0.263,0.03,0.607
545,5,0.18,0.414,0.84,0.626,1.0,0.536,0.02,0.314
546,,0.17,0.404,0.83,0.616,0.99,0.526,0.01,0.304
547,,0.16,0.394,0.82,0.606,0.98,0.516,0.0,0.294
548,,0.15,0.384,0.81,0.596,0.97,0.506,-0.01,0.284
549,7,0.14,0.091,0.4,0.303,0.96,0.779,0.99,0.557
550,7,0.13,-0.202,-0.01,0.01,0.95,1.0,1.0,0.83
551,2,0.403,0.798,0.263,0.0,0.657,0.59,0.707,0.82
552,2,0.676,1.0,0.536,-0.01,0.364,0.18,0.414,0.81
553,4,0.383,0.99,0.809,0.99,0.637,0.17,0.121,0.4
554,4,0.09,0.98,1.0,1.0,0.91,0.16,-0.172,-0.01
555,7,0.08,0.687,0.59,0.707,0.9,0.433,0.828,0.263
556,7,0.07,0.394,0.18,0.414,0.89,0.706,1.0,0.536
557,,0.06,0.384,0.17,0.404,0.88,0.696,0.99,0.526
558,,0.05,0.374,0.16,0.394,0.87,0.686,0.98,0.516
559,,0.04,0.364,0.15,0.384,0.86,0.676,0.97,0.506
560,,0.03,0.354,0.14,0.374,0.85,0.666,0.96,0.496
561,,0.02,0.344,0.13,0.364,0.84,0.656,0.95,0.486
562,,0.01,0.334,0.12,0.354,0.83,0.646,0.94,0.476
563,,0.0,0.324,0.11,0.344,0.82,0.636,0.93,0.466
564,,-0.01,0.314,0.1,0.334,0.81,0.626,0.92,0.456
565,1,0.99,0.587,0.09,0.041,0.4,0.333,0.91,0.729
566,1,1.0,0.86,0.08,-0.252,-0.01,0.04,0.9,1.0
567,4,0.707,0.85,0.353,0.748,0.263,0.03,0.607,0.59
568,4,0.414,0.84,0.626,1.0,0.536,0.02,0.314,0.18
569,,0.404,0.83,0.616,0.99,0.526,0.01,0.304,0.17
570,,0.394,0.82,0.606,0.98,0.516,0.0,0.294,0.16
571,,0.384,0.81,0.596,0.97,0.506,-0.01,0.284,0.15
572,6,0.091,0.4,0.303,0.96,0.779,0.99,0.557,0.14
573,6,-0.202,-0.01,0.01,0.95,1.0,1.0,0.83,0.13
574,1,0.798,0.263,0.0,0.657,0.59,0.707,0.82,0.403
575,1,1.0,0.536,-0.01,0.364,0.18,0.414,0.81,0.676
576,3,0.99,0.809,0.99,0.637,0.17,0.121,0.4,0.383
577,3,0.98,1.0,1.0,0.91,0.16,-0.172,-0.01,0.09
578,6,0.687,0.59,0.707,0.9,0.433,0.828,0.263,0.08
579,6,0.394,0.18,0.414,0.89,0.706,1.0,0.536,0.07
580,,0.384,0.17,0.404,0.88,0.696,0.99,0.526,0.06
581,,0.374,0.16,0.394,0.87,0.686,0.98,0.516,0.05
582,,0.364,0.15,0.384,0.86,0.676,0.97,0.506,0.04
583,,0.354,0.14,0.374,0.85,0.666,0.96,0.496,0.03
584,,0.344,0.13,0.364,0.84,0.656,0.95,0.486,0.02
585,,0.334,0.12,0.354,0.83,0.646,0.94,0.476,0.01
586,,0.324,0.11,0.344,0.82,0.636,0.93,0.466,0.0
587,,0.314,0.1,0.334,0.81,0.626,0.92,0.456,-0.01
588,8,0.587,0.09,0.041,0.4,0.333,0.91,0.729,0.99
589,8,0.86,0.08,-0.252,-0.01,0.04,0.9,1.0,1.0
590,3,0.85,0.353,0.748,0.263,0.03,0.607,0.59,0.707
591,3,0.84,0.626,1.0,0.536,0.02,0.314,0.18,0.414
592,,0.83,0.616,0.99,0.526,0.01,0.304,0.17,0.404
593,,0.82,0.606,0.98,0.516,0.0,0.294,0.16,0.394
594,,0.81,0.596,0.97,0.506,-0.01,0.284,0.15,0.384
595,5,0.4,0.303,0.96,0.779,0.99,0.557,0.14,0.091
596,5,-0.01,0.01,0.95,1.0,1.0,0.83,0.13,-0.202
597,8,0.263,0.0,0.657,0.59,0.707,0.82,0.403,0.798
598,8,0.536,-0.01,0.364,0.18,0.414,0.81,0.676,1.0
599,2,0.809,0.99,0.637,0.17,0.121,0.4,0.383,0.99
600,2,1.0,1.0,0.91,0.16,-0.172,-0.01,0.09,0.98
601,5,0.59,0.707,0.9,0.433,0.828,0.263,0.08,0.687
602,5,0.18,0.414,0.89,0.706,1.0,0.536,0.07,0.394
603,,0.17,0.404,0.88,0.696,0.99,0.526,0.06,0.384
604,,0.16,0.394,0.87,0.686,0.98,0.516,0.05,0.374
605,,0.15,0.384,0.86,0.676,0.97,0.506,0.04,0.364
606,,0.14,0.374,0.85,0.666,0.96,0.496,0.03,0.354
607,,0.13,0.364,0.84,0.656,0.95,0.486,0.02,0.344
608,,0.12,0.354,0.83,0.646,0.94,0.476,0.01,0.334
609,,0.11,0.344,0.82,0.636,0.93,0.466,0.0,0.324
610,,0.1,0.334,0.81,0.626,0.92,0.456,-0.01,0.314
611,7,0.09,0.041,0.4,0.333,0.91,0.729,0.99,0.587
612,7,0.08,-0.252,-0.01,0.04,0.9,1.0,1.0,0.86
613,2,0.353,0.748,0.263,0.03,0.607,0.59,0.707,0.85
614,2,0.626,1.0,0.536,0.02,0.314,0.18,0.414,0.84
615,,0.616,0.99,0.526,0.01,0.304,0.17,0.404,0.83
616,,0.606,0.98,0.516,0.0,0.294,0.16,0.394,0.82
617,,0.596,0.97,0.506,-0.01,0.284,0.15,0.384,0.81
618,4,0.303,0.96,0.779,0.99,0.557,0.14,0.091,0.4
619,4,0.01,0.95,1.0,1.0,0.83,0.13,-0.202,-0.01
620,7,0.0,0.657,0.59,0.707,0.82,0.403,0.798,0.263
621,7,-0.01,0.364,0.18,0.414,0.81,0.676,1.0,0.536
622,1,0.99,0.637,0.17,0.121,0.4,0.383,0.99,0.809
623,1,1.0,0.91,0.16,-0.172,-0.01,0.09,0.98,1.0
624,4,0.707,0.9,0.433,0.828,0.263,0.08,0.687,0.59
625,4,0.414,0.89,0.706,1.0,0.536,0.07,0.394,0.18
626,,0.404,0.88,0.696,0.99,0.526,0.06,0.384,0.17
627,,0.394,0.87,0.686,0.98,0.516,0.05,0.374,0.16
628,,0.384,0.86,0.676,0.97,0.506,0.04,0.364,0.15
629,,0.374,0.85,0.666,0.96,0.496,0.03,0.354,0.14
630,,0.364,0.84,0.656,0.95,0.486,0.02,0.344,0.13
631,,0.354,0.83,0.646,0.94,0.476,0.01,0.334,0.12
632,,0.344,0.82,0.636,0.93,0.466,0.0,0.324,0.11
633,,0.334,0.81,0.626,0.92,0.456,-0.01,0.314,0.1
634,6,0.041,0.4,0.333,0.91,0.729,0.99,0.587,0.09
635,6,-0.252,-0.01,0.04,0.9,1.0,1.0,0.86,0.08
636,1,0.748,0.263,0.03,0.607,0.59,0.707,0.85,0.353
637,1,1.0,0.536,0.02,0.314,0.18,0.414,0.84,0.626
638,,0.99,0.526,0.01,0.304,0.17,0.404,0.83,0.616
639,,0.98,0.516,0.0,0.294,0.16,0.394,0.82,0.606
640,,0.97,0.506,-0.01,0.284,0.15,0.384,0.81,0.596
641,3,0.96,0.779,0.99,0.557,0.14,0.091,0.4,0.303
642,3,0.95,1.0,1.0,0.83,0.13,-0.202,-0.01,0.01
643,6,0.657,0.59,0.707,0.82,0.403,0.798,0.263,0.0
644,6,0.364,0.18,0.414,0.81,0.676,1.0,0.536,-0.01
645,8,0.637,0.17,0.121,0.4,0.383,0.99,0.809,0.99
646,8,0.91,0.16,-0.172,-0.01,0.09,0.98,1.0,1.0
647,3,0.9,0.433,0.828,0.263,0.08,0.687,0.59,0.707
648,3,0.89,0.706,1.0,0.536,0.07,0.394,0.18,0.414
649,,0.88,0.696,0.99,0.526,0.06,0.384,0.17,0.404
650,,0.87,0.686,0.98,0.516,0.05,0.374,0.16,0.394
651,,0.86,0.676,0.97,0.506,0.04,0.364,0.15,0.384
652,,0.85,0.666,0.96,0.496,0.03,0.354,0.14,0.374
653,,0.84,0.656,0.95,0.486,0.02,0.344,0.13,0.364
654,,0.83,0.646,0.94,0.476,0.01,0.334,0.12,0.354
655,,0.82,0.636,0.93,0.466,0.0,0.324,0.11,0.344
656,,0.81,0.626,0.92,0.456,-0.01,0.314,0.1,0.334
657,5,0.4,0.333,0.91,0.729,0.99,0.587,0.09,0.041
658,5,-0.01,0.04,0.9,1.0,1.0,0.86,0.08,-0.252
659,8,0.263,0.03,0.607,0.59,0.707,0.85,0.353,0.748
660,8,0.536,0.02,0.314,0.18,0.414,0.84,0.626,1.0
661,,0.526,0.01,0.304,0.17,0.404,0.83,0.616,0.99
662,,0.516,0.0,0.294,0.16,0.394,0.82,0.606,0.98
663,,0.506,-0.01,0.284,0.15,0.384,0.81,0.596,0.97
664,2,0.779,0.99,0.557,0.14,0.091,0.4,0.303,0.96
665,2,1.0,1.0,0.83,0.13,-0.202,-0.01,0.01,0.95
666,5,0.59,0.707,0.82,0.403,0.798,0.263,0.0,0.657
667,5,0.18,0.414,0.81,0.676,1.0,0.536,-0.01,0.364
668,7,0.17,0.121,0.4,0.383,0.99,0.809,0.99,0.637
669,7,0.16,-0.172,-0.01,0.09,0.98,1.0,1.0,0.91
670,2,0.433,0.828,0.263,0.08,0.687,0.59,0.707,0.9
671,2,0.706,1.0,0.536,0.07,0.394,0.18,0.414,0.89
672,,0.696,0.99,0.526,0.06,0.384,0.17,0.404,0.88
673,,0.686,0.98,0.516,0.05,0.374,0.16,0.394,0.87
674,,0.676,0.97,0.506,0.04,0.364,0.15,0.384,0.86
675,,0.666,0.96,0.496,0.03,0.354,0.14,0.374,0.85
676,,0.656,0.95,0.486,0.02,0.344,0.13,0.364,0.84
677,,0.646,0.94,0.476,0.01,0.334,0.12,0.354,0.83
678,,0.636,0.93,0.466,0.0,0.324,0.11,0.344,0.82
679,,0.626,0.92,0.456,-0.01,0.314,0.1,0.334,0.81
680,4,0.333,0.91,0.729,0.99,0.587,0.09,0.041,0.4
681,4,0.04,0.9,1.0,1.0,0.86,0.08,-0.252,-0.01
682,7,0.03,0.607,0.59,0.707,0.85,0.353,0.748,0.263
683,7,0.02,0.314,0.18,0.414,0.84,0.626,1.0,0.536
684,,0.01,0.304,0.17,0.404,0.83,0.616,0.99,0.526
685,,0.0,0.294,0.16,0.394,0.82,0.606,0.98,0.516
686,,-0.01,0.284,0.15,0.384,0.81,0.596,0.97,0.506
687,1,0.99,0.557,0.14,0.091,0.4,0.303,0.96,0.779
688,1,1.0,0.83,0.13,-0.202,-0.01,0.01,0.95,1.0
689,4,0.707,0.82,0.403,0.798,0.263,0.0,0.657,0.59
690,4,0.414,0.81,0.676,1.0,0.536,-0.01,0.364,0.18
691,6,0.121,0.4,0.383,0.99,0.809,0.99,0.637,0.17
692,6,-0.172,-0.01,0.09,0.98,1.0,1.0,0.91,0.16
693,1,0.828,0.263,0.08,0.687,0.59,0.707,0.9,0.433
694,1,1.0,0.536,0.07,0.394,0.18,0.414,0.89,0.706
695,,0.99,0.526,0.06,0.384,0.17,0.404,0.88,0.696
696,,0.98,0.516,0.05,0.374,0.16,0.394,0.87,0.686
697,,0.97,0.506,0.04,0.364,0.15,0.384,0.86,0.676
698,,0.96,0.496,0.03,0.354,0.14,0.374,0.85,0.666
699,,0.95,0.486,0.02,0.344,0.13,0.364,0.84,0.656
700,,0.94,0.476,0.01,0.334,0.12,0.354,0.83,0.646
701,,0.93,0.466,0.0,0.324,0.11,0.344,0.82,0.636
702,,0.92,0.456,-0.01,0.314,0.1,0.334,0.81,0.626
703,3,0.91,0.729,0.99,0.587,0.09,0.041,0.4,0.333
704,3,0.9,1.0,1.0,0.86,0.08,-0.252,-0.01,0.04
705,6,0.607,0.59,0.707,0.85,0.353,0.748,0.263,0.03
706,6,0.314,0.18,0.414,0.84,0.626,1.0,0.536,0.02
707,,0.304,0.17,0.404,0.83,0.616,0.99,0.526,0.01
708,,0.294,0.16,0.394,0.82,0.606,0.98,0.516,0.0
709,,0.284,0.15,0.384,0.81,0.596,0.97,0.506,-0.01
710,8,0.557,0.14,0.091,0.4,0.303,0.96,0.779,0.99
711,8,0.83,0.13,-0.202,-0.01,0.01,0.95,1.0,1.0
712,3,0.82,0.403,0.798,0.263,0.0,0.657,0.59,0.707
713,3,0.81,0.676,1.0,0.536,-0.01,0.364,0.18,0.414
714,5,0.4,0.383,0.99,0.809,0.99,0.637,0.17,0.121
715,5,-0.01,0.09,0.98,1.0,1.0,0.91,0.16,-0.172
716,8,0.263,0.08,0.687,0.59,0.707,0.9,0.433,0.828
717,8,0.536,0.07,0.394,0.18,0.414,0.89,0.706,1.0
718,,0.526,0.06,0.384,0.17,0.404,0.88,0.696,0.99
719,,0.516,0.05,0.374,0.16,0.394,0.87,0.686,0.98
720,,0.506,0.04,0.364,0.15,0.384,0.86,0.676,0.97
721,,0.496,0.03,0.354,0.14,0.374,0.85,0.666,0.96
722,,0.486,0.02,0.344,0.13,0.364,0.84,0.656,0.95
723,,0.476,0.01,0.334,0.12,0.354,0.83,0.646,0.94
724,,0.466,0.0,0.324,0.11,0.344,0.82,0.636,0.93
725,,0.456,-0.01,0.314,0.1,0.334,0.81,0.626,0.92
726,2,0.729,0.99,0.587,0.09,0.041,0.4,0.333,0.91
727,2,1.0,1.0,0.86,0.08,-0.252,-0.01,0.04,0.9
728,5,0.59,0.707,0.85,0.353,0.748,0.263,0.03,0.607
729,5,0.18,0.414,0.84,0.626,1.0,0.536,0.02,0.314
730,,0.17,0.404,0.83,0.616,0.99,0.526,0.01,0.304
731,,0.16,0.394,0.82,0.606,0.98,0.516,0.0,0.294
732,,0.15,0.384,0.81,0.596,0.97,0.506,-0.01,0.284
733,7,0.14,0.091,0.4,0.303,0.96,0.779,0.99,0.557
734,7,0.13,-0.202,-0.01,0.01,0.95,1.0,1.0,0.83
735,2,0.403,0.798,0.263,0.0,0.657,0.59,0.707,0.82
736,2,0.676,1.0,0.536,-0.01,0.364,0.18,0.414,0.81
737,4,0.383,0.99,0.809,0.99,0.637,0.17,0.121,0.4
738,4,0.09,0.98,1.0,1.0,0.91,0.16,-0.172,-0.01
739,7,0.08,0.687,0.59,0.707,0.9,0.433,0.828,0.263
740,7,0.07,0.394,0.18,0.414,0.89,0.706,1.0,0.536
741,,0.06,0.384,0.17,0.404,0.88,0.696,0.99,0.526
742,,0.05,0.374,0.16,0.394,0.87,0.686,0.98,0.516
743,,0.04,0.364,0.15,0.384,0.86,0.676,0.97,0.506
744,,0.03,0.354,0.14,0.374,0.85,0.666,0.96,0.496
745,,0.02,0.344,0.13,0.364,0.84,0.656,0.95,0.486
746,,0.01,0.334,0.12,0.354,0.83,0.646,0.94,0.476
747,,0.0,0.324,0.11,0.344,0.82,0.636,0.93,0.466
748,,-0.01,0.314,0.1,0.334,0.81,0.626,0.92,0.456
749,1,0.99,0.587,0.09,0.041,0.4,0.333,0.91,0.729
750,1,1.0,0.86,0.08,-0.252,-0.01,0.04,0.9,1.0
751,4,0.707,0.85,0.353,0.748,0.263,0.03,0.607,0.59
752,4,0.414,0.84,0.626,1.0,0.536,0.02,0.314,0.18
753,,0.404,0.83,0.616,0.99,0.526,0.01,0.304,0.17
754,,0.394,0.82,0.606,0.98,0.516,0.0,0.294,0.16
755,,0.384,0.81,0.596,0.97,0.506,-0.01,0.284,0.15
756,6,0.091,0.4,0.303,0.96,0.779,0.99,0.557,0.14
757,6,-0.202,-0.01,0.01,0.95,1.0,1.0,0.83,0.13
758,1,0.798,0.263,0.0,0.657,0.59,0.707,0.82,0.403
759,1,1.0,0.536,-0.01,0.364,0.18,0.414,0.81,0.676
760,3,0.99,0.809,0.99,0.637,0.17,0.121,0.4,0.383
761,3,0.98,1.0,1.0,0.91,0.16,-0.172,-0.01,0.09
762,6,0.687,0.59,0.707,0.9,0.433,0.828,0.263,0.08
763,6,0.394,0.18,0.414,0.89,0.706,1.0,0.536,0.07
764,,0.384,0.17,0.404,0.88,0.696,0.99,0.526,0.06
765,,0.374,0.16,0.394,0.87,0.686,0.98,0.516,0.05
766,,0.364,0.15,0.384,0.86,0.676,0.97,0.506,0.04
767,,0.354,0.14,0.374,0.85,0.666,0.96,0.496,0.03
768,,0.344,0.13,0.364,0.84,0.656,0.95,0.486,0.02
769,,0.334,0.12,0.354,0.83,0.646,0.94,0.476,0.01
770,,0.324,0.11,0.344,0.82,0.636,0.93,0.466,0.0
771,,0.314,0.1,0.334,0.81,0.626,0.92,0.456,-0.01
772,8,0.587,0.09,0.041,0.4,0.333,0.91,0.729,0.99
773,8,0.86,0.08,-0.252,-0.01,0.04,0.9,1.0,1.0
774,3,0.85,0.353,0.748,0.263,0.03,0.607,0.59,0.707
775,3,0.84,0.626,1.0,0.536,0.02,0.314,0.18,0.414
776,,0.83,0.616,0.99,0.526,0.01,0.304,0.17,0.404
777,,0.82,0.606,0.98,0.516,0.0,0.294,0.16,0.394
778,,0.81,0.596,0.97,0.506,-0.01,0.284,0.15,0.384
779,5,0.4,0.303,0.96,0.779,0.99,0.557,0.14,0.091
780,5,-0.01,0.01,0.95,1.0,1.0,0.83,0.13,-0.202
781,8,0.263,0.0,0.657,0.59,0.707,0.82,0.403,0.798
782,8,0.536,-0.01,0.364,0.18,0.414,0.81,0.676,1.0
783,2,0.809,0.99,0.637,0.17,0.121,0.4,0.383,0.99
784,2,1.0,1.0,0.91,0.16,-0.172,-0.01,0.09,0.98
785,5,0.59,0.707,0.9,0.433,0.828,0.263,0.08,0.687
786,5,0.18,0.414,0.89,0.706,1.0,0.536,0.07,0.394
787,,0.17,0.404,0.88,0.696,0.99,0.526,0.06,0.384
788,,0.16,0.394,0.87,0.686,0.98,0.516,0.05,0.374
789,,0.15,0.384,0.86,0.676,0.97,0.506,0.04,0.364
790,,0.14,0.374,0.85,0.666,0.96,0.496,0.03,0.354
791,,0.13,0.364,0.84,0.656,0.95,0.486,0.02,0.344
792,,0.12,0.354,0.83,0.646,0.94,0.476,0.01,0.334
793,,0.11,0.344,0.82,0.636,0.93,0.466,0.0,0.324
794,,0.1,0.334,0.81,0.626,0.92,0.456,-0.01,0.314
795,7,0.09,0.041,0.4,0.333,0.91,0.729,0.99,0.587
796,7,0.08,-0.252,-0.01,0.04,0.9,1.0,1.0,0.86
797,2,0.353,0.748,0.263,0.03,0.607,0.59,0.707,0.85
798,2,0.626,1.0,0.536,0.02,0.314,0.18,0.414,0.84
799,,0.616,0.99,0.526,0.01,0.304,0.17,0.404,0.83
800,,0.606,0.98,0.516,0.0,0.294,0.16,0.394,0.82
801,,0.596,0.97,0.506,-0.01,0.284,0.15,0.384,0.81
802,4,0.303,0.96,0.779,0.99,0.557,0.14,0.091,0.4
803,4,0.01,0.95,1.0,1.0,0.83,0.13,-0.202,-0.01
804,7,0.0,0.657,0.59,0.707,0.82,0.403,0.798,0.263
805,7,-0.01,0.364,0.18,0.414,0.81,0.676,1.0,0.536
806,1,0.99,0.637,0.17,0.121,0.4,0.383,0.99,0.809
807,1,1.0,0.91,0.16,-0.172,-0.01,0.09,0.98,1.0
808,4,0.707,0.9,0.433,0.828,0.263,0.08,0.687,0.59
809,4,0.414,0.89,0.706,1.0,0.536,0.07,0.394,0.18
810,,0.404,0.88,0.696,0.99,0.526,0.06,0.384,0.17
