step,active_motive,motive_1,motive_2,motive_3,motive_4,motive_5,motive_6,motive_7,motive_8
0,,0.60112,0.70807,0.02058,0.96991,0.83244,0.21234,0.18182,0.1834
1,,0.59112,0.69807,0.01058,0.95991,0.82244,0.20234,0.17182,0.1734
2,,0.58112,0.68807,0.00058,0.94991,0.81244,0.19234,0.16182,0.1634
3,,0.57112,0.67807,-0.00942,0.93991,0.80244,0.18234,0.15182,0.1534
4,3,0.56112,0.95107,0.99058,1.0,0.79244,-0.11066,-0.25818,-0.1396
5,3,0.55112,1.0,1.0,1.0,0.78244,-0.40366,-0.66818,-0.4326
6,7,0.54112,0.707,0.59,0.707,0.77244,-0.13066,0.33182,-0.1596
7,7,0.53112,0.414,0.18,0.414,0.76244,0.14234,1.0,0.1134
8,,0.52112,0.404,0.17,0.404,0.75244,0.13234,0.99,0.1034
9,,0.51112,0.394,0.16,0.394,0.74244,0.12234,0.98,0.0934
10,,0.50112,0.384,0.15,0.384,0.73244,0.11234,0.97,0.0834
11,,0.49112,0.374,0.14,0.374,0.72244,0.10234,0.96,0.0734
12,,0.48112,0.364,0.13,0.364,0.71244,0.09234,0.95,0.0634
13,,0.47112,0.354,0.12,0.354,0.70244,0.08234,0.94,0.0534
14,,0.46112,0.344,0.11,0.344,0.69244,0.07234,0.93,0.0434
15,,0.45112,0.334,0.1,0.334,0.68244,0.06234,0.92,0.0334
16,,0.44112,0.324,0.09,0.324,0.67244,0.05234,0.91,0.0234
17,,0.43112,0.314,0.08,0.314,0.66244,0.04234,0.9,0.0134
18,,0.42112,0.304,0.07,0.304,0.65244,0.03234,0.89,0.0034
19,,0.41112,0.294,0.06,0.294,0.64244,0.02234,0.88,-0.0066
20,8,0.68412,0.284,-0.233,-0.116,0.34944,0.01234,1.0,0.9934
21,8,0.95712,0.274,-0.526,-0.526,0.05644,0.00234,1.0,1.0
22,4,0.66412,0.264,-0.253,0.474,0.32944,-0.00766,0.707,0.59
23,4,0.37112,0.254,0.02,1.0,0.60244,-0.01766,0.414,0.18
24,6,0.07812,-0.156,-0.273,0.99,0.87544,0.98234,0.687,0.17
25,6,-0.21488,-0.566,-0.566,0.98,1.0,1.0,0.96,0.16
26,3,-0.22488,-0.293,0.434,1.0,0.99,0.707,0.55,-0.133
27,3,-0.23488,-0.02,1.0,1.0,0.98,0.414,0.14,-0.426
28,8,0.03812,-0.03,0.707,0.59,0.687,0.404,0.413,0.574
29,8,0.31112,-0.04,0.414,0.18,0.394,0.394,0.686,1.0
30,2,0.58412,0.96,0.687,0.17,0.101,-0.016,0.393,0.99
31,2,0.85712,1.0,0.96,0.16,-0.192,-0.426,0.1,0.98
32,6,0.56412,0.59,0.667,0.15,0.081,0.574,0.373,0.97
33,6,0.27112,0.18,0.374,0.14,0.354,1.0,0.646,0.96
34,,0.26112,0.17,0.364,0.13,0.344,0.99,0.636,0.95
35,,0.25112,0.16,0.354,0.12,0.334,0.98,0.626,0.94
36,,0.24112,0.15,0.344,0.11,0.324,0.97,0.616,0.93
37,,0.23112,0.14,0.334,0.1,0.314,0.96,0.606,0.92
38,,0.22112,0.13,0.324,0.09,0.304,0.95,0.596,0.91
39,,0.21112,0.12,0.314,0.08,0.294,0.94,0.586,0.9
40,,0.20112,0.11,0.304,0.07,0.284,0.93,0.576,0.89
41,,0.19112,0.1,0.294,0.06,0.274,0.92,0.566,0.88
42,,0.18112,0.09,0.284,0.05,0.264,0.91,0.556,0.87
43,,0.17112,0.08,0.274,0.04,0.254,0.9,0.546,0.86
44,,0.16112,0.07,0.264,0.03,0.244,0.89,0.536,0.85
45,,0.15112,0.06,0.254,0.02,0.234,0.88,0.526,0.84
46,,0.14112,0.05,0.244,0.01,0.224,0.87,0.516,0.83
47,,0.13112,0.04,0.234,0.0,0.214,0.86,0.506,0.82
48,,0.12112,0.03,0.224,-0.01,0.204,0.85,0.496,0.81
49,4,-0.17188,0.02,0.497,0.99,0.477,0.84,0.203,0.4
50,4,-0.46488,0.01,0.77,1.0,0.75,0.83,-0.09,-0.01
51,1,0.53512,0.283,0.76,0.707,0.34,0.537,-0.1,0.263
52,1,1.0,0.556,0.75,0.414,-0.07,0.244,-0.11,0.536
53,7,0.99,0.263,0.34,0.121,-0.08,0.517,0.89,0.809
54,7,0.98,-0.03,-0.07,-0.172,-0.09,0.79,1.0,1.0
55,4,0.687,-0.04,0.203,0.828,0.183,0.78,0.707,0.59
56,4,0.394,-0.05,0.476,1.0,0.456,0.77,0.414,0.18
57,2,0.667,0.95,0.749,0.99,0.163,0.36,0.121,0.17
58,2,0.94,1.0,1.0,0.98,-0.13,-0.05,-0.172,0.16
59,7,0.93,0.707,0.59,0.687,-0.14,0.223,0.828,0.433
60,7,0.92,0.414,0.18,0.394,-0.15,0.496,1.0,0.706
61,5,0.51,0.121,0.17,0.667,0.85,0.769,0.99,0.413
62,5,0.1,-0.172,0.16,0.94,1.0,1.0,0.98,0.12
63,2,0.373,0.828,0.433,0.93,0.707,0.59,0.687,0.11
64,2,0.646,1.0,0.706,0.92,0.414,0.18,0.394,0.1
65,,0.636,0.99,0.696,0.91,0.404,0.17,0.384,0.09
66,,0.626,0.98,0.686,0.9,0.394,0.16,0.374,0.08
67,,0.616,0.97,0.676,0.89,0.384,0.15,0.364,0.07
68,,0.606,0.96,0.666,0.88,0.374,0.14,0.354,0.06
69,,0.596,0.95,0.656,0.87,0.364,0.13,0.344,0.05
70,,0.586,0.94,0.646,0.86,0.354,0.12,0.334,0.04
71,,0.576,0.93,0.636,0.85,0.344,0.11,0.324,0.03
72,,0.566,0.92,0.626,0.84,0.334,0.1,0.314,0.02
73,,0.556,0.91,0.616,0.83,0.324,0.09,0.304,0.01
74,,0.546,0.9,0.606,0.82,0.314,0.08,0.294,0.0
75,,0.536,0.89,0.596,0.81,0.304,0.07,0.284,-0.01
76,8,0.809,0.88,0.303,0.4,0.011,0.06,0.557,0.99
77,8,1.0,0.87,0.01,-0.01,-0.282,0.05,0.83,1.0
78,5,0.59,0.577,0.0,0.263,0.718,0.323,0.82,0.707
79,5,0.18,0.284,-0.01,0.536,1.0,0.596,0.81,0.414
80,3,0.17,0.557,0.99,0.809,0.99,0.303,0.4,0.121
81,3,0.16,0.83,1.0,1.0,0.98,0.01,-0.01,-0.172
82,8,0.433,0.82,0.707,0.59,0.687,0.0,0.263,0.828
83,8,0.706,0.81,0.414,0.18,0.394,-0.01,0.536,1.0
84,6,0.413,0.4,0.121,0.17,0.667,0.99,0.809,0.99
85,6,0.12,-0.01,-0.172,0.16,0.94,1.0,1.0,0.98
86,3,0.11,0.263,0.828,0.433,0.93,0.707,0.59,0.687
87,3,0.1,0.536,1.0,0.706,0.92,0.414,0.18,0.394
88,,0.09,0.526,0.99,0.696,0.91,0.404,0.17,0.384
89,,0.08,0.516,0.98,0.686,0.9,0.394,0.16,0.374
90,,0.07,0.506,0.97,0.676,0.89,0.384,0.15,0.364
91,,0.06,0.496,0.96,0.666,0.88,0.374,0.14,0.354
92,,0.05,0.486,0.95,0.656,0.87,0.364,0.13,0.344
93,,0.04,0.476,0.94,0.646,0.86,0.354,0.12,0.334
94,,0.03,0.466,0.93,0.636,0.85,0.344,0.11,0.324
95,,0.02,0.456,0.92,0.626,0.84,0.334,0.1,0.314
96,,0.01,0.446,0.91,0.616,0.83,0.324,0.09,0.304
97,,0.0,0.436,0.9,0.606,0.82,0.314,0.08,0.294
98,,-0.01,0.426,0.89,0.596,0.81,0.304,0.07,0.284
99,1,0.99,0.699,0.88,0.303,0.4,0.011,0.06,0.557
100,1,1.0,0.972,0.87,0.01,-0.01,-0.282,0.05,0.83
101,6,0.707,0.562,0.577,0.0,0.263,0.718,0.323,0.82
102,6,0.414,0.152,0.284,-0.01,0.536,1.0,0.596,0.81
103,4,0.121,0.142,0.557,0.99,0.809,0.99,0.303,0.4
104,4,-0.172,0.132,0.83,1.0,1.0,0.98,0.01,-0.01
105,1,0.828,0.405,0.82,0.707,0.59,0.687,0.0,0.263
106,1,1.0,0.678,0.81,0.414,0.18,0.394,-0.01,0.536
107,7,0.99,0.385,0.4,0.121,0.17,0.667,0.99,0.809
108,7,0.98,0.092,-0.01,-0.172,0.16,0.94,1.0,1.0
109,4,0.687,0.082,0.263,0.828,0.433,0.93,0.707,0.59
110,4,0.394,0.072,0.536,1.0,0.706,0.92,0.414,0.18
111,,0.384,0.062,0.526,0.99,0.696,0.91,0.404,0.17
112,,0.374,0.052,0.516,0.98,0.686,0.9,0.394,0.16
113,,0.364,0.042,0.506,0.97,0.676,0.89,0.384,0.15
114,,0.354,0.032,0.496,0.96,0.666,0.88,0.374,0.14
115,,0.344,0.022,0.486,0.95,0.656,0.87,0.364,0.13
116,,0.334,0.012,0.476,0.94,0.646,0.86,0.354,0.12
117,,0.324,0.002,0.466,0.93,0.636,0.85,0.344,0.11
118,,0.314,-0.008,0.456,0.92,0.626,0.84,0.334,0.1
119,2,0.587,0.992,0.729,0.91,0.333,0.43,0.041,0.09
120,2,0.86,1.0,1.0,0.9,0.04,0.02,-0.252,0.08
121,7,0.85,0.707,0.59,0.607,0.03,0.293,0.748,0.353
122,7,0.84,0.414,0.18,0.314,0.02,0.566,1.0,0.626
123,,0.83,0.404,0.17,0.304,0.01,0.556,0.99,0.616
124,,0.82,0.394,0.16,0.294,0.0,0.546,0.98,0.606
125,,0.81,0.384,0.15,0.284,-0.01,0.536,0.97,0.596
126,5,0.4,0.091,0.14,0.557,0.99,0.809,0.96,0.303
127,5,-0.01,-0.202,0.13,0.83,1.0,1.0,0.95,0.01
128,2,0.263,0.798,0.403,0.82,0.707,0.59,0.657,0.0
129,2,0.536,1.0,0.676,0.81,0.414,0.18,0.364,-0.01
130,8,0.809,0.99,0.383,0.4,0.121,0.17,0.637,0.99
131,8,1.0,0.98,0.09,-0.01,-0.172,0.16,0.91,1.0
132,5,0.59,0.687,0.08,0.263,0.828,0.433,0.9,0.707
133,5,0.18,0.394,0.07,0.536,1.0,0.706,0.89,0.414
134,,0.17,0.384,0.06,0.526,0.99,0.696,0.88,0.404
135,,0.16,0.374,0.05,0.516,0.98,0.686,0.87,0.394
136,,0.15,0.364,0.04,0.506,0.97,0.676,0.86,0.384
137,,0.14,0.354,0.03,0.496,0.96,0.666,0.85,0.374
138,,0.13,0.344,0.02,0.486,0.95,0.656,0.84,0.364
139,,0.12,0.334,0.01,0.476,0.94,0.646,0.83,0.354
140,,0.11,0.324,0.0,0.466,0.93,0.636,0.82,0.344
141,,0.1,0.314,-0.01,0.456,0.92,0.626,0.81,0.334
142,3,0.09,0.587,0.99,0.729,0.91,0.333,0.4,0.041
143,3,0.08,0.86,1.0,1.0,0.9,0.04,-0.01,-0.252
144,8,0.353,0.85,0.707,0.59,0.607,0.03,0.263,0.748
145,8,0.626,0.84,0.414,0.18,0.314,0.02,0.536,1.0
146,,0.616,0.83,0.404,0.17,0.304,0.01,0.526,0.99
147,,0.606,0.82,0.394,0.16,0.294,0.0,0.516,0.98
148,,0.596,0.81,0.384,0.15,0.284,-0.01,0.506,0.97
149,6,0.303,0.4,0.091,0.14,0.557,0.99,0.779,0.96
150,6,0.01,-0.01,-0.202,0.13,0.83,1.0,1.0,0.95
151,3,0.0,0.263,0.798,0.403,0.82,0.707,0.59,0.657
152,3,-0.01,0.536,1.0,0.676,0.81,0.414,0.18,0.364
153,1,0.99,0.809,0.99,0.383,0.4,0.121,0.17,0.637
154,1,1.0,1.0,0.98,0.09,-0.01,-0.172,0.16,0.91
155,6,0.707,0.59,0.687,0.08,0.263,0.828,0.433,0.9
156,6,0.414,0.18,0.394,0.07,0.536,1.0,0.706,0.89
157,,0.404,0.17,0.384,0.06,0.526,0.99,0.696,0.88
158,,0.394,0.16,0.374,0.05,0.516,0.98,0.686,0.87
159,,0.384,0.15,0.364,0.04,0.506,0.97,0.676,0.86
160,,0.374,0.14,0.354,0.03,0.496,0.96,0.666,0.85
161,,0.364,0.13,0.344,0.02,0.486,0.95,0.656,0.84
162,,0.354,0.12,0.334,0.01,0.476,0.94,0.646,0.83
163,,0.344,0.11,0.324,0.0,0.466,0.93,0.636,0.82
164,,0.334,0.1,0.314,-0.01,0.456,0.92,0.626,0.81
165,4,0.041,0.09,0.587,0.99,0.729,0.91,0.333,0.4
166,4,-0.252,0.08,0.86,1.0,1.0,0.9,0.04,-0.01
167,1,0.748,0.353,0.85,0.707,0.59,0.607,0.03,0.263
168,1,1.0,0.626,0.84,0.414,0.18,0.314,0.02,0.536
169,,0.99,0.616,0.83,0.404,0.17,0.304,0.01,0.526
170,,0.98,0.606,0.82,0.394,0.16,0.294,0.0,0.516
171,,0.97,0.596,0.81,0.384,0.15,0.284,-0.01,0.506
172,7,0.96,0.303,0.4,0.091,0.14,0.557,0.99,0.779
173,7,0.95,0.01,-0.01,-0.202,0.13,0.83,1.0,1.0
174,4,0.657,0.0,0.263,0.798,0.403,0.82,0.707,0.59
175,4,0.364,-0.01,0.536,1.0,0.676,0.81,0.414,0.18
176,2,0.637,0.99,0.809,0.99,0.383,0.4,0.121,0.17
177,2,0.91,1.0,1.0,0.98,0.09,-0.01,-0.172,0.16
178,7,0.9,0.707,0.59,0.687,0.08,0.263,0.828,0.433
179,7,0.89,0.414,0.18,0.394,0.07,0.536,1.0,0.706
180,,0.88,0.404,0.17,0.384,0.06,0.526,0.99,0.696
181,,0.87,0.394,0.16,0.374,0.05,0.516,0.98,0.686
182,,0.86,0.384,0.15,0.364,0.04,0.506,0.97,0.676
183,,0.85,0.374,0.14,0.354,0.03,0.496,0.96,0.666
184,,0.84,0.364,0.13,0.344,0.02,0.486,0.95,0.656
185,,0.83,0.354,0.12,0.334,0.01,0.476,0.94,0.646
186,,0.82,0.344,0.11,0.324,0.0,0.466,0.93,0.636
187,,0.81,0.334,0.1,0.314,-0.01,0.456,0.92,0.626
188,5,0.4,0.041,0.09,0.587,0.99,0.729,0.91,0.333
189,5,-0.01,-0.252,0.08,0.86,1.0,1.0,0.9,0.04
190,2,0.263,0.748,0.353,0.85,0.707,0.59,0.607,0.03
191,2,0.536,1.0,0.626,0.84,0.414,0.18,0.314,0.02
192,,0.526,0.99,0.616,0.83,0.404,0.17,0.304,0.01
193,,0.516,0.98,0.606,0.82,0.394,0.16,0.294,0.0
194,,0.506,0.97,0.596,0.81,0.384,0.15,0.284,-0.01
195,8,0.779,0.96,0.303,0.4,0.091,0.14,0.557,0.99
196,8,1.0,0.95,0.01,-0.01,-0.202,0.13,0.83,1.0
197,5,0.59,0.657,0.0,0.263,0.798,0.403,0.82,0.707
198,5,0.18,0.364,-0.01,0.536,1.0,0.676,0.81,0.414
199,3,0.17,0.637,0.99,0.809,0.99,0.383,0.4,0.121
200,3,0.16,0.91,1.0,1.0,0.98,0.09,-0.01,-0.172
201,8,0.433,0.9,0.707,0.59,0.687,0.08,0.263,0.828
202,8,0.706,0.89,0.414,0.18,0.394,0.07,0.536,1.0
203,,0.696,0.88,0.404,0.17,0.384,0.06,0.526,0.99
204,,0.686,0.87,0.394,0.16,0.374,0.05,0.516,0.98
205,,0.676,0.86,0.384,0.15,0.364,0.04,0.506,0.97
206,,0.666,0.85,0.374,0.14,0.354,0.03,0.496,0.96
207,,0.656,0.84,0.364,0.13,0.344,0.02,0.486,0.95
208,,0.646,0.83,0.354,0.12,0.334,0.01,0.476,0.94
209,,0.636,0.82,0.344,0.11,0.324,0.0,0.466,0.93
210,,0.626,0.81,0.334,0.1,0.314,-0.01,0.456,0.92
211,6,0.333,0.4,0.041,0.09,0.587,0.99,0.729,0.91
212,6,0.04,-0.01,-0.252,0.08,0.86,1.0,1.0,0.9
213,3,0.03,0.263,0.748,0.353,0.85,0.707,0.59,0.607
214,3,0.02,0.536,1.0,0.626,0.84,0.414,0.18,0.314
215,,0.01,0.526,0.99,0.616,0.83,0.404,0.17,0.304
216,,0.0,0.516,0.98,0.606,0.82,0.394,0.16,0.294
217,,-0.01,0.506,0.97,0.596,0.81,0.384,0.15,0.284
218,1,0.99,0.779,0.96,0.303,0.4,0.091,0.14,0.557
219,1,1.0,1.0,0.95,0.01,-0.01,-0.202,0.13,0.83
220,6,0.707,0.59,0.657,0.0,0.263,0.798,0.403,0.82
221,6,0.414,0.18,0.364,-0.01,0.536,1.0,0.676,0.81
222,4,0.121,0.17,0.637,0.99,0.809,0.99,0.383,0.4
223,4,-0.172,0.16,0.91,1.0,1.0,0.98,0.09,-0.01
224,1,0.828,0.433,0.9,0.707,0.59,0.687,0.08,0.263
225,1,1.0,0.706,0.89,0.414,0.18,0.394,0.07,0.536
226,,0.99,0.696,0.88,0.404,0.17,0.384,0.06,0.526
227,,0.98,0.686,0.87,0.394,0.16,0.374,0.05,0.516
228,,0.97,0.676,0.86,0.384,0.15,0.364,0.04,0.506
229,,0.96,0.666,0.85,0.374,0.14,0.354,0.03,0.496
230,,0.95,0.656,0.84,0.364,0.13,0.344,0.02,0.486
231,,0.94,0.646,0.83,0.354,0.12,0.334,0.01,0.476
232,,0.93,0.636,0.82,0.344,0.11,0.324,0.0,0.466
233,,0.92,0.626,0.81,0.334,0.1,0.314,-0.01,0.456
234,7,0.91,0.333,0.4,0.041,0.09,0.587,0.99,0.729
235,7,0.9,0.04,-0.01,-0.252,0.08,0.86,1.0,1.0
236,4,0.607,0.03,0.263,0.748,0.353,0.85,0.707,0.59
237,4,0.314,0.02,0.536,1.0,0.626,0.84,0.414,0.18
238,,0.304,0.01,0.526,0.99,0.616,0.83,0.404,0.17
239,,0.294,0.0,0.516,0.98,0.606,0.82,0.394,0.16
240,,0.284,-0.01,0.506,0.97,0.596,0.81,0.384,0.15
241,2,0.557,0.99,0.779,0.96,0.303,0.4,0.091,0.14
242,2,0.83,1.0,1.0,0.95,0.01,-0.01,-0.202,0.13
243,7,0.82,0.707,0.59,0.657,0.0,0.263,0.798,0.403
244,7,0.81,0.414,0.18,0.364,-0.01,0.536,1.0,0.676
245,5,0.4,0.121,0.17,0.637,0.99,0.809,0.99,0.383
246,5,-0.01,-0.172,0.16,0.91,1.0,1.0,0.98,0.09
247,2,0.263,0.828,0.433,0.9,0.707,0.59,0.687,0.08
248,2,0.536,1.0,0.706,0.89,0.414,0.18,0.394,0.07
249,,0.526,0.99,0.696,0.88,0.404,0.17,0.384,0.06
250,,0.516,0.98,0.686,0.87,0.394,0.16,0.374,0.05
251,,0.506,0.97,0.676,0.86,0.384,0.15,0.364,0.04
252,,0.496,0.96,0.666,0.85,0.374,0.14,0.354,0.03
253,,0.486,0.95,0.656,0.84,0.364,0.13,0.344,0.02
254,,0.476,0.94,0.646,0.83,0.354,0.12,0.334,0.01
255,,0.466,0.93,0.636,0.82,0.344,0.11,0.324,0.0
256,,0.456,0.92,0.626,0.81,0.334,0.1,0.314,-0.01
257,8,0.729,0.91,0.333,0.4,0.041,0.09,0.587,0.99
258,8,1.0,0.9,0.04,-0.01,-0.252,0.08,0.86,1.0
259,5,0.59,0.607,0.03,0.263,0.748,0.353,0.85,0.707
260,5,0.18,0.314,0.02,0.536,1.0,0.626,0.84,0.414
261,,0.17,0.304,0.01,0.526,0.99,0.616,0.83,0.404
262,,0.16,0.294,0.0,0.516,0.98,0.606,0.82,0.394
263,,0.15,0.284,-0.01,0.506,0.97,0.596,0.81,0.384
264,3,0.14,0.557,0.99,0.779,0.96,0.303,0.4,0.091
265,3,0.13,0.83,1.0,1.0,0.95,0.01,-0.01,-0.202
266,8,0.403,0.82,0.707,0.59,0.657,0.0,0.263,0.798
267,8,0.676,0.81,0.414,0.18,0.364,-0.01,0.536,1.0
268,6,0.383,0.4,0.121,0.17,0.637,0.99,0.809,0.99
269,6,0.09,-0.01,-0.172,0.16,0.91,1.0,1.0,0.98
270,3,0.08,0.263,0.828,0.433,0.9,0.707,0.59,0.687
271,3,0.07,0.536,1.0,0.706,0.89,0.414,0.18,0.394
272,,0.06,0.526,0.99,0.696,0.88,0.404,0.17,0.384
273,,0.05,0.516,0.98,0.686,0.87,0.394,0.16,0.374
274,,0.04,0.506,0.97,0.676,0.86,0.384,0.15,0.364
275,,0.03,0.496,0.96,0.666,0.85,0.374,0.14,0.354
276,,0.02,0.486,0.95,0.656,0.84,0.364,0.13,0.344
277,,0.01,0.476,0.94,0.646,0.83,0.354,0.12,0.334
278,,0.0,0.466,0.93,0.636,0.82,0.344,0.11,0.324
279,,-0.01,0.456,0.92,0.626,0.81,0.334,0.1,0.314
280,1,0.99,0.729,0.91,0.333,0.4,0.041,0.09,0.587
281,1,1.0,1.0,0.9,0.04,-0.01,-0.252,0.08,0.86
282,6,0.707,0.59,0.607,0.03,0.263,0.748,0.353,0.85
283,6,0.414,0.18,0.314,0.02,0.536,1.0,0.626,0.84
284,,0.404,0.17,0.304,0.01,0.526,0.99,0.616,0.83
285,,0.394,0.16,0.294,0.0,0.516,0.98,0.606,0.82
286,,0.384,0.15,0.284,-0.01,0.506,0.97,0.596,0.81
287,4,0.091,0.14,0.557,0.99,0.779,0.96,0.303,0.4
288,4,-0.202,0.13,0.83,1.0,1.0,0.95,0.01,-0.01
289,1,0.798,0.403,0.82,0.707,0.59,0.657,0.0,0.263
290,1,1.0,0.676,0.81,0.414,0.18,0.364,-0.01,0.536
291,7,0.99,0.383,0.4,0.121,0.17,0.637,0.99,0.809
292,7,0.98,0.09,-0.01,-0.172,0.16,0.91,1.0,1.0
293,4,0.687,0.08,0.263,0.828,0.433,0.9,0.707,0.59
294,4,0.394,0.07,0.536,1.0,0.706,0.89,0.414,0.18
295,,0.384,0.06,0.526,0.99,0.696,0.88,0.404,0.17
296,,0.374,0.05,0.516,0.98,0.686,0.87,0.394,0.16
297,,0.364,0.04,0.506,0.97,0.676,0.86,0.384,0.15
298,,0.354,0.03,0.496,0.96,0.666,0.85,0.374,0.14
299,,0.344,0.02,0.486,0.95,0.656,0.84,0.364,0.13
300,,0.334,0.01,0.476,0.94,0.646,0.83,0.354,0.12
301,,0.324,0.0,0.466,0.93,0.636,0.82,0.344,0.11
302,,0.314,-0.01,0.456,0.92,0.626,0.81,0.334,0.1
303,2,0.587,0.99,0.729,0.91,0.333,0.4,0.041,0.09
304,2,0.86,1.0,1.0,0.9,0.04,-0.01,-0.252,0.08
305,7,0.85,0.707,0.59,0.607,0.03,0.263,0.748,0.353
306,7,0.84,0.414,0.18,0.314,0.02,0.536,1.0,0.626
307,,0.83,0.404,0.17,0.304,0.01,0.526,0.99,0.616
308,,0.82,0.394,0.16,0.294,0.0,0.516,0.98,0.606
309,,0.81,0.384,0.15,0.284,-0.01,0.506,0.97,0.596
310,5,0.4,0.091,0.14,0.557,0.99,0.779,0.96,0.303
311,5,-0.01,-0.202,0.13,0.83,1.0,1.0,0.95,0.01
312,2,0.263,0.798,0.403,0.82,0.707,0.59,0.657,0.0
313,2,0.536,1.0,0.676,0.81,0.414,0.18,0.364,-0.01
314,8,0.809,0.99,0.383,0.4,0.121,0.17,0.637,0.99
315,8,1.0,0.98,0.09,-0.01,-0.172,0.16,0.91,1.0
316,5,0.59,0.687,0.08,0.263,0.828,0.433,0.9,0.707
317,5,0.18,0.394,0.07,0.536,1.0,0.706,0.89,0.414
318,,0.17,0.384,0.06,0.526,0.99,0.696,0.88,0.404
319,,0.16,0.374,0.05,0.516,0.98,0.686,0.87,0.394
320,,0.15,0.364,0.04,0.506,0.97,0.676,0.86,0.384
321,,0.14,0.354,0.03,0.496,0.96,0.666,0.85,0.374
322,,0.13,0.344,0.02,0.486,0.95,0.656,0.84,0.364
323,,0.12,0.334,0.01,0.476,0.94,0.646,0.83,0.354
324,,0.11,0.324,0.0,0.466,0.93,0.636,0.82,0.344
325,,0.1,0.314,-0.01,0.456,0.92,0.626,0.81,0.334
326,3,0.09,0.587,0.99,0.729,0.91,0.333,0.4,0.041
327,3,0.08,0.86,1.0,1.0,0.9,0.04,-0.01,-0.252
328,8,0.353,0.85,0.707,0.59,0.607,0.03,0.263,0.748
329,8,0.626,0.84,0.414,0.18,0.314,0.02,0.536,1.0
330,,0.616,0.83,0.404,0.17,0.304,0.01,0.526,0.99
331,,0.606,0.82,0.394,0.16,0.294,0.0,0.516,0.98
332,,0.596,0.81,0.384,0.15,0.284,-0.01,0.506,0.97
333,6,0.303,0.4,0.091,0.14,0.557,0.99,0.779,0.96
334,6,0.01,-0.01,-0.202,0.13,0.83,1.0,1.0,0.95
335,3,0.0,0.263,0.798,0.403,0.82,0.707,0.59,0.657
336,3,-0.01,0.536,1.0,0.676,0.81,0.414,0.18,0.364
337,1,0.99,0.809,0.99,0.383,0.4,0.121,0.17,0.637
338,1,1.0,1.0,0.98,0.09,-0.01,-0.172,0.16,0.91
339,6,0.707,0.59,0.687,0.08,0.263,0.828,0.433,0.9
340,6,0.414,0.18,0.394,0.07,0.536,1.0,0.706,0.89
341,,0.404,0.17,0.384,0.06,0.526,0.99,0.696,0.88
342,,0.394,0.16,0.374,0.05,0.516,0.98,0.686,0.87
343,,0.384,0.15,0.364,0.04,0.506,0.97,0.676,0.86
344,,0.374,0.14,0.354,0.03,0.496,0.96,0.666,0.85
345,,0.364,0.13,0.344,0.02,0.486,0.95,0.656,0.84
346,,0.354,0.12,0.334,0.01,0.476,0.94,0.646,0.83
347,,0.344,0.11,0.324,0.0,0.466,0.93,0.636,0.82
348,,0.334,0.1,0.314,-0.01,0.456,0.92,0.626,0.81
349,4,0.041,0.09,0.587,0.99,0.729,0.91,0.333,0.4
350,4,-0.252,0.08,0.86,1.0,1.0,0.9,0.04,-0.01
351,1,0.748,0.353,0.85,0.707,0.59,0.607,0.03,0.263
352,1,1.0,0.626,0.84,0.414,0.18,0.314,0.02,0.536
353,,0.99,0.616,0.83,0.404,0.17,0.304,0.01,0.526
354,,0.98,0.606,0.82,0.394,0.16,0.294,0.0,0.516
355,,0.97,0.596,0.81,0.384,0.15,0.284,-0.01,0.506
356,7,0.96,0.303,0.4,0.091,0.14,0.557,0.99,0.779
357,7,0.95,0.01,-0.01,-0.202,0.13,0.83,1.0,1.0
358,4,0.657,0.0,0.263,0.798,0.403,0.82,0.707,0.59
359,4,0.364,-0.01,0.536,1.0,0.676,0.81,0.414,0.18
360,2,0.637,0.99,0.809,0.99,0.383,0.4,0.121,0.17
361,2,0.91,1.0,1.0,0.98,0.09,-0.01,-0.172,0.16
362,7,0.9,0.707,0.59,0.687,0.08,0.263,0.828,0.433
363,7,0.89,0.414,0.18,0.394,0.07,0.536,1.0,0.706
364,,0.88,0.404,0.17,0.384,0.06,0.526,0.99,0.696
365,,0.87,0.394,0.16,0.374,0.05,0.516,0.98,0.686
366,,0.86,0.384,0.15,0.364,0.04,0.506,0.97,0.676
367,,0.85,0.374,0.14,0.354,0.03,0.496,0.96,0.666
368,,0.84,0.364,0.13,0.344,0.02,0.486,0.95,0.656
369,,0.83,0.354,0.12,0.334,0.01,0.476,0.94,0.646
370,,0.82,0.344,0.11,0.324,0.0,0.466,0.93,0.636
371,,0.81,0.334,0.1,0.314,-0.01,0.456,0.92,0.626
372,5,0.4,0.041,0.09,0.587,0.99,0.729,0.91,0.333
373,5,-0.01,-0.252,0.08,0.86,1.0,1.0,0.9,0.04
374,2,0.263,0.748,0.353,0.85,0.707,0.59,0.607,0.03
375,2,0.536,1.0,0.626,0.84,0.414,0.18,0.314,0.02
376,,0.526,0.99,0.616,0.83,0.404,0.17,0.304,0.01
377,,0.516,0.98,0.606,0.82,0.394,0.16,0.294,0.0
378,,0.506,0.97,0.596,0.81,0.384,0.15,0.284,-0.01
379,8,0.779,0.96,0.303,0.4,0.091,0.14,0.557,0.99
380,8,1.0,0.95,0.01,-0.01,-0.202,0.13,0.83,1.0
381,5,0.59,0.657,0.0,0.263,0.798,0.403,0.82,0.707
382,5,0.18,0.364,-0.01,0.536,1.0,0.676,0.81,0.414
383,3,0.17,0.637,0.99,0.809,0.99,0.383,0.4,0.121
384,3,0.16,0.91,1.0,1.0,0.98,0.09,-0.01,-0.172
385,8,0.433,0.9,0.707,0.59,0.687,0.08,0.263,0.828
386,8,0.706,0.89,0.414,0.18,0.394,0.07,0.536,1.0
387,,0.696,0.88,0.404,0.17,0.384,0.06,0.526,0.99
388,,0.686,0.87,0.394,0.16,0.374,0.05,0.516,0.98
389,,0.676,0.86,0.384,0.15,0.364,0.04,0.506,0.97
390,,0.666,0.85,0.374,0.14,0.354,0.03,0.496,0.96
391,,0.656,0.84,0.364,0.13,0.344,0.02,0.486,0.95
392,,0.646,0.83,0.354,0.12,0.334,0.01,0.476,0.94
393,,0.636,0.82,0.344,0.11,0.324,0.0,0.466,0.93
394,,0.626,0.81,0.334,0.1,0.314,-0.01,0.456,0.92
395,6,0.333,0.4,0.041,0.09,0.587,0.99,0.729,0.91
396,6,0.04,-0.01,-0.252,0.08,0.86,1.0,1.0,0.9
397,3,0.03,0.263,0.748,0.353,0.85,0.707,0.59,0.607
398,3,0.02,0.536,1.0,0.626,0.84,0.414,0.18,0.314
399,,0.01,0.526,0.99,0.616,0.83,0.404,0.17,0.304
400,,0.0,0.516,0.98,0.606,0.82,0.394,0.16,0.294
401,,-0.01,0.506,0.97,0.596,0.81,0.384,0.15,0.284
402,1,0.99,0.779,0.96,0.303,0.4,0.091,0.14,0.557
403,1,1.0,1.0,0.95,0.01,-0.01,-0.202,0.13,0.83
404,6,0.707,0.59,0.657,0.0,0.263,0.798,0.403,0.82
405,6,0.414,0.18,0.364,-0.01,0.536,1.0,0.676,0.81
406,4,0.121,0.17,0.637,0.99,0.809,0.99,0.383,0.4
407,4,-0.172,0.16,0.91,1.0,1.0,0.98,0.09,-0.01
408,1,0.828,0.433,0.9,0.707,0.59,0.687,0.08,0.263
409,1,1.0,0.706,0.89,0.414,0.18,0.394,0.07,0.536
410,,0.99,0.696,0.88,0.404,0.17,0.384,0.06,0.526
411,,0.98,0.686,0.87,0.394,0.16,0.374,0.05,0.516
412,,0.97,0.676,0.86,0.384,0.15,0.364,0.04,0.506
413,,0.96,0.666,0.85,0.374,0.14,0.354,0.03,0.496
414,,0.95,0.656,0.84,0.364,0.13,0.344,0.02,0.486
415,,0.94,0.646,0.83,0.354,0.12,0.334,0.01,0.476
416,,0.93,0.636,0.82,0.344,0.11,0.324,0.0,0.466
417,,0.92,0.626,0.81,0.334,0.1,0.314,-0.01,0.456
418,7,0.91,0.333,0.4,0.041,0.09,0.587,0.99,0.729
419,7,0.9,0.04,-0.01,-0.252,0.08,0.86,1.0,1.0
420,4,0.607,0.03,0.263,0.748,0.353,0.85,0.707,0.59
421,4,0.314,0.02,0.536,1.0,0.626,0.84,0.414,0.18
422,,0.304,0.01,0.526,0.99,0.616,0.83,0.404,0.17
423,,0.294,0.0,0.516,0.98,0.606,0.82,0.394,0.16
424,,0.284,-0.01,0.506,0.97,0.596,0.81,0.384,0.15
425,2,0.557,0.99,0.779,0.96,0.303,0.4,0.091,0.14
426,2,0.83,1.0,1.0,0.95,0.01,-0.01,-0.202,0.13
427,7,0.82,0.707,0.59,0.657,0.0,0.263,0.798,0.403
428,7,0.81,0.414,0.18,0.364,-0.01,0.536,1.0,0.676
429,5,0.4,0.121,0.17,0.637,0.99,0.809,0.99,0.383
430,5,-0.01,-0.172,0.16,0.91,1.0,1.0,0.98,0.09
431,2,0.263,0.828,0.433,0.9,0.707,0.59,0.687,0.08
432,2,0.536,1.0,0.706,0.89,0.414,0.18,0.394,0.07
433,,0.526,0.99,0.696,0.88,0.404,0.17,0.384,0.06
434,,0.516,0.98,0.686,0.87,0.394,0.16,0.374,0.05
435,,0.506,0.97,0.676,0.86,0.384,0.15,0.364,0.04
436,,0.496,0.96,0.666,0.85,0.374,0.14,0.354,0.03
437,,0.486,0.95,0.656,0.84,0.364,0.13,0.344,0.02
438,,0.476,0.94,0.646,0.83,0.354,0.12,0.334,0.01
439,,0.466,0.93,0.636,0.82,0.344,0.11,0.324,0.0
440,,0.456,0.92,0.626,0.81,0.334,0.1,0.314,-0.01
441,8,0.729,0.91,0.333,0.4,0.041,0.09,0.587,0.99
442,8,1.0,0.9,0.04,-0.01,-0.252,0.08,0.86,1.0
443,5,0.59,0.607,0.03,0.263,0.748,0.353,0.85,0.707
444,5,0.18,0.314,0.02,0.536,1.0,0.626,0.84,0.414
445,,0.17,0.304,0.01,0.526,0.99,0.616,0.83,0.404
446,,0.16,0.294,0.0,0.516,0.98,0.606,0.82,0.394
447,,0.15,0.284,-0.01,0.506,0.97,0.596,0.81,0.384
448,3,0.14,0.557,0.99,0.779,0.96,0.303,0.4,0.091
449,3,0.13,0.83,1.0,1.0,0.95,0.01,-0.01,-0.202
450,8,0.403,0.82,0.707,0.59,0.657,0.0,0.263,0.798
451,8,0.676,0.81,0.414,0.18,0.364,-0.01,0.536,1.0
452,6,0.383,0.4,0.121,0.17,0.637,0.99,0.809,0.99
453,6,0.09,-0.01,-0.172,0.16,0.91,1.0,1.0,0.98
454,3,0.08,0.263,0.828,0.433,0.9,0.707,0.59,0.687
455,3,0.07,0.536,1.0,0.706,0.89,0.414,0.18,0.394
456,,0.06,0.526,0.99,0.696,0.88,0.404,0.17,0.384
457,,0.05,0.516,0.98,0.686,0.87,0.394,0.16,0.374
458,,0.04,0.506,0.97,0.676,0.86,0.384,0.15,0.364
459,,0.03,0.496,0.96,0.666,0.85,0.374,0.14,0.354
460,,0.02,0.486,0.95,0.656,0.84,0.364,0.13,0.344
461,,0.01,0.476,0.94,0.646,0.83,0.354,0.12,0.334
462,,0.0,0.466,0.93,0.636,0.82,0.344,0.11,0.324
463,,-0.01,0.456,0.92,0.626,0.81,0.334,0.1,0.314
464,1,0.99,0.729,0.91,0.333,0.4,0.041,0.09,0.587
465,1,1.0,1.0,0.9,0.04,-0.01,-0.252,0.08,0.86
466,6,0.707,0.59,0.607,0.03,0.263,0.748,0.353,0.85
467,6,0.414,0.18,0.314,0.02,0.536,1.0,0.626,0.84
468,,0.404,0.17,0.304,0.01,0.526,0.99,0.616,0.83
469,,0.394,0.16,0.294,0.0,0.516,0.98,0.606,0.82
470,,0.384,0.15,0.284,-0.01,0.506,0.97,0.596,0.81
471,4,0.091,0.14,0.557,0.99,0.779,0.96,0.303,0.4
472,4,-0.202,0.13,0.83,1.0,1.0,0.95,0.01,-0.01
473,1,0.798,0.403,0.82,0.707,0.59,0.657,0.0,0.263
474,1,1.0,0.676,0.81,0.414,0.18,0.364,-0.01,0.536
475,7,0.99,0.383,0.4,0.121,0.17,0.637,0.99,0.809
476,7,0.98,0.09,-0.01,-0.172,0.16,0.91,1.0,1.0
477,4,0.687,0.08,0.263,0.828,0.433,0.9,0.707,0.59
478,4,0.394,0.07,0.536,1.0,0.706,0.89,0.414,0.18
479,,0.384,0.06,0.526,0.99,0.696,0.88,0.404,0.17
480,,0.374,0.05,0.516,0.98,0.686,0.87,0.394,0.16
481,,0.364,0.04,0.506,0.97,0.676,0.86,0.384,0.15
482,,0.354,0.03,0.496,0.96,0.666,0.85,0.374,0.14
483,,0.344,0.02,0.486,0.95,0.656,0.84,0.364,0.13
484,,0.334,0.01,0.476,0.94,0.646,0.83,0.354,0.12
485,,0.324,0.0,0.466,0.93,0.636,0.82,0.344,0.11
486,,0.314,-0.01,0.456,0.92,0.626,0.81,0.334,0.1
487,2,0.587,0.99,0.729,0.91,0.333,0.4,0.041,0.09
488,2,0.86,1.0,1.0,0.9,0.04,-0.01,-0.252,0.08
489,7,0.85,0.707,0.59,0.607,0.03,0.263,0.748,0.353
490,7,0.84,0.414,0.18,0.314,0.02,0.536,1.0,0.626
491,,0.83,0.404,0.17,0.304,0.01,0.526,0.99,0.616
492,,0.82,0.394,0.16,0.294,0.0,0.516,0.98,0.606
493,,0.81,0.384,0.15,0.284,-0.01,0.506,0.97,0.596
494,5,0.4,0.091,0.14,0.557,0.99,0.779,0.96,0.303
495,5,-0.01,-0.202,0.13,0.83,1.0,1.0,0.95,0.01
496,2,0.263,0.798,0.403,0.82,0.707,0.59,0.657,0.0
497,2,0.536,1.0,0.676,0.81,0.414,0.18,0.364,-0.01
498,8,0.809,0.99,0.383,0.4,0.121,0.17,0.637,0.99
499,8,1.0,0.98,0.09,-0.01,-0.172,0.16,0.91,1.0
500,5,0.59,0.687,0.08,0.263,0.828,0.433,0.9,0.707
501,5,0.18,0.394,0.07,0.536,1.0,0.706,0.89,0.414
502,,0.17,0.384,0.06,0.526,0.99,0.696,0.88,0.404
503,,0.16,0.374,0.05,0.516,0.98,0.686,0.87,0.394
504,,0.15,0.364,0.04,0.506,0.97,0.676,0.86,0.384
505,,0.14,0.354,0.03,0.496,0.96,0.666,0.85,0.374
506,,0.13,0.344,0.02,0.486,0.95,0.656,0.84,0.364
507,,0.12,0.334,0.01,0.476,0.94,0.646,0.83,0.354
508,,0.11,0.324,0.0,0.466,0.93,0.636,0.82,0.344
509,,0.1,0.314,-0.01,0.456,0.92,0.626,0.81,0.334
510,3,0.09,0.587,0.99,0.729,0.91,0.333,0.4,0.041
511,3,0.08,0.86,1.0,1.0,0.9,0.04,-0.01,-0.252
512,8,0.353,0.85,0.707,0.59,0.607,0.03,0.263,0.748
513,8,0.626,0.84,0.414,0.18,0.314,0.02,0.536,1.0
514,,0.616,0.83,0.404,0.17,0.304,0.01,0.526,0.99
515,,0.606,0.82,0.394,0.16,0.294,0.0,0.516,0.98
516,,0.596,0.81,0.384,0.15,0.284,-0.01,0.506,0.97
517,6,0.303,0.4,0.091,0.14,0.557,0.99,0.779,0.96
518,6,0.01,-0.01,-0.202,0.13,0.83,1.0,1.0,0.95
519,3,0.0,0.263,0.798,0.403,0.82,0.707,0.59,0.657
520,3,-0.01,0.536,1.0,0.676,0.81,0.414,0.18,0.364
521,1,0.99,0.809,0.99,0.383,0.4,0.121,0.17,0.637
522,1,1.0,1.0,0.98,0.09,-0.01,-0.172,0.16,0.91
523,6,0.707,0.59,0.687,0.08,0.263,0.828,0.433,0.9
524,6,0.414,0.18,0.394,0.07,0.536,1.0,0.706,0.89
525,,0.404,0.17,0.384,0.06,0.526,0.99,0.696,0.88
526,,0.394,0.16,0.374,0.05,0.516,0.98,0.686,0.87
527,,0.384,0.15,0.364,0.04,0.506,0.97,0.676,0.86
528,,0.374,0.14,0.354,0.03,0.496,0.96,0.666,0.85
529,,0.364,0.13,0.344,0.02,0.486,0.95,0.656,0.84
530,,0.354,0.12,0.334,0.01,0.476,0.94,0.646,0.83
531,,0.344,0.11,0.324,0.0,0.466,0.93,0.636,0.82
532,,0.334,0.1,0.314,-0.01,0.456,0.92,0.626,0.81
533,4,0.041,0.09,0.587,0.99,0.729,0.91,0.333,0.4
534,4,-0.252,0.08,0.86,1.0,1.0,0.9,0.04,-0.01
535,1,0.748,0.353,0.85,0.707,0.59,0.607,0.03,0.263
536,1,1.0,0.626,0.84,0.414,0.18,0.314,0.02,0.536
537,,0.99,0.616,0.83,0.404,0.17,0.304,0.01,0.526
538,,0.98,0.606,0.82,0.394,0.16,0.294,0.0,0.516
539,,0.97,0.596,0.81,0.384,0.15,0.284,-0.01,0.506
540,7,0.96,0.303,0.4,0.091,0.14,0.557,0.99,0.779
541,7,0.95,0.01,-0.01,-0.202,0.13,0.83,1.0,1.0
542,4,0.657,0.0,0.263,0.798,0.403,0.82,0.707,0.59
543,4,0.364,-0.01,0.536,1.0,0.676,0.81,0.414,0.18
544,2,0.637,0.99,0.809,0.99,0.383,0.4,0.121,0.17
545,2,0.91,1.0,1.0,0.98,0.09,-0.01,-0.172,0.16
546,7,0.9,0.707,0.59,0.687,0.08,0.263,0.828,0.433
547,7,0.89,0.414,0.18,0.394,0.07,0.536,1.0,0.706
548,,0.88,0.404,0.17,0.384,0.06,0.526,0.99,0.696
549,,0.87,0.394,0.16,0.374,0.05,0.516,0.98,0.686
550,,0.86,0.384,0.15,0.364,0.04,0.506,0.97,0.676
551,,0.85,0.374,0.14,0.354,0.03,0.496,0.96,0.666
552,,0.84,0.364,0.13,0.344,0.02,0.486,0.95,0.656
553,,0.83,0.354,0.12,0.334,0.01,0.476,0.94,0.646
554,,0.82,0.344,0.11,0.324,0.0,0.466,0.93,0.636
555,,0.81,0.334,0.1,0.314,-0.01,0.456,0.92,0.626
556,5,0.4,0.041,0.09,0.587,0.99,0.729,0.91,0.333
557,5,-0.01,-0.252,0.08,0.86,1.0,1.0,0.9,0.04
558,2,0.263,0.748,0.353,0.85,0.707,0.59,0.607,0.03
559,2,0.536,1.0,0.626,0.84,0.414,0.18,0.314,0.02
560,,0.526,0.99,0.616,0.83,0.404,0.17,0.304,0.01
561,,0.516,0.98,0.606,0.82,0.394,0.16,0.294,0.0
562,,0.506,0.97,0.596,0.81,0.384,0.15,0.284,-0.01
563,8,0.779,0.96,0.303,0.4,0.091,0.14,0.557,0.99
564,8,1.0,0.95,0.01,-0.01,-0.202,0.13,0.83,1.0
565,5,0.59,0.657,0.0,0.263,0.798,0.403,0.82,0.707
566,5,0.18,0.364,-0.01,0.536,1.0,0.676,0.81,0.414
567,3,0.17,0.637,0.99,0.809,0.99,0.383,0.4,0.121
568,3,0.16,0.91,1.0,1.0,0.98,0.09,-0.01,-0.172
569,8,0.433,0.9,0.707,0.59,0.687,0.08,0.263,0.828
570,8,0.706,0.89,0.414,0.18,0.394,0.07,0.536,1.0
571,,0.696,0.88,0.404,0.17,0.384,0.06,0.526,0.99
572,,0.686,0.87,0.394,0.16,0.374,0.05,0.516,0.98
573,,0.676,0.86,0.384,0.15,0.364,0.04,0.506,0.97
574,,0.666,0.85,0.374,0.14,0.354,0.03,0.496,0.96
575,,0.656,0.84,0.364,0.13,0.344,0.02,0.486,0.95
576,,0.646,0.83,0.354,0.12,0.334,0.01,0.476,0.94
577,,0.636,0.82,0.344,0.11,0.324,0.0,0.466,0.93
578,,0.626,0.81,0.334,0.1,0.314,-0.01,0.456,0.92
579,6,0.333,0.4,0.041,0.09,0.587,0.99,0.729,0.91
580,6,0.04,-0.01,-0.252,0.08,0.86,1.0,1.0,0.9
581,3,0.03,0.263,0.748,0.353,0.85,0.707,0.59,0.607
582,3,0.02,0.536,1.0,0.626,0.84,0.414,0.18,0.314
583,,0.01,0.526,0.99,0.616,0.83,0.404,0.17,0.304
584,,0.0,0.516,0.98,0.606,0.82,0.394,0.16,0.294
585,,-0.01,0.506,0.97,0.596,0.81,0.384,0.15,0.284
586,1,0.99,0.779,0.96,0.303,0.4,0.091,0.14,0.557
587,1,1.0,1.0,0.95,0.01,-0.01,-0.202,0.13,0.83
588,6,0.707,0.59,0.657,0.0,0.263,0.798,0.403,0.82
589,6,0.414,0.18,0.364,-0.01,0.536,1.0,0.676,0.81
590,4,0.121,0.17,0.637,0.99,0.809,0.99,0.383,0.4
591,4,-0.172,0.16,0.91,1.0,1.0,0.98,0.09,-0.01
592,1,0.828,0.433,0.9,0.707,0.59,0.687,0.08,0.263
593,1,1.0,0.706,0.89,0.414,0.18,0.394,0.07,0.536
594,,0.99,0.696,0.88,0.404,0.17,0.384,0.06,0.526
595,,0.98,0.686,0.87,0.394,0.16,0.374,0.05,0.516
596,,0.97,0.676,0.86,0.384,0.15,0.364,0.04,0.506
597,,0.96,0.666,0.85,0.374,0.14,0.354,0.03,0.496
598,,0.95,0.656,0.84,0.364,0.13,0.344,0.02,0.486
599,,0.94,0.646,0.83,0.354,0.12,0.334,0.01,0.476
600,,0.93,0.636,0.82,0.344,0.11,0.324,0.0,0.466
601,,0.92,0.626,0.81,0.334,0.1,0.314,-0.01,0.456
602,7,0.91,0.333,0.4,0.041,0.09,0.587,0.99,0.729
603,7,0.9,0.04,-0.01,-0.252,0.08,0.86,1.0,1.0
604,4,0.607,0.03,0.263,0.748,0.353,0.85,0.707,0.59
605,4,0.314,0.02,0.536,1.0,0.626,0.84,0.414,0.18
606,,0.304,0.01,0.526,0.99,0.616,0.83,0.404,0.17
607,,0.294,0.0,0.516,0.98,0.606,0.82,0.394,0.16
608,,0.284,-0.01,0.506,0.97,0.596,0.81,0.384,0.15
609,2,0.557,0.99,0.779,0.96,0.303,0.4,0.091,0.14
610,2,0.83,1.0,1.0,0.95,0.01,-0.01,-0.202,0.13
611,7,0.82,0.707,0.59,0.657,0.0,0.263,0.798,0.403
612,7,0.81,0.414,0.18,0.364,-0.01,0.536,1.0,0.676
613,5,0.4,0.121,0.17,0.637,0.99,0.809,0.99,0.383
614,5,-0.01,-0.172,0.16,0.91,1.0,1.0,0.98,0.09
615,2,0.263,0.828,0.433,0.9,0.707,0.59,0.687,0.08
616,2,0.536,1.0,0.706,0.89,0.414,0.18,0.394,0.07
617,,0.526,0.99,0.696,0.88,0.404,0.17,0.384,0.06
618,,0.516,0.98,0.686,0.87,0.394,0.16,0.374,0.05
619,,0.506,0.97,0.676,0.86,0.384,0.15,0.364,0.04
620,,0.496,0.96,0.666,0.85,0.374,0.14,0.354,0.03
621,,0.486,0.95,0.656,0.84,0.364,0.13,0.344,0.02
622,,0.476,0.94,0.646,0.83,0.354,0.12,0.334,0.01
623,,0.466,0.93,0.636,0.82,0.344,0.11,0.324,0.0
624,,0.456,0.92,0.626,0.81,0.334,0.1,0.314,-0.01
625,8,0.729,0.91,0.333,0.4,0.041,0.09,0.587,0.99
626,8,1.0,0.9,0.04,-0.01,-0.252,0.08,0.86,1.0
627,5,0.59,0.607,0.03,0.263,0.748,0.353,0.85,0.707
628,5,0.18,0.314,0.02,0.536,1.0,0.626,0.84,0.414
629,,0.17,0.304,0.01,0.526,0.99,0.616,0.83,0.404
630,,0.16,0.294,0.0,0.516,0.98,0.606,0.82,0.394
631,,0.15,0.284,-0.01,0.506,0.97,0.596,0.81,0.384
632,3,0.14,0.557,0.99,0.779,0.96,0.303,0.4,0.091
633,3,0.13,0.83,1.0,1.0,0.95,0.01,-0.01,-0.202
634,8,0.403,0.82,0.707,0.59,0.657,0.0,0.263,0.798
635,8,0.676,0.81,0.414,0.18,0.364,-0.01,0.536,1.0
636,6,0.383,0.4,0.121,0.17,0.637,0.99,0.809,0.99
637,6,0.09,-0.01,-0.172,0.16,0.91,1.0,1.0,0.98
638,3,0.08,0.263,0.828,0.433,0.9,0.707,0.59,0.687
639,3,0.07,0.536,1.0,0.706,0.89,0.414,0.18,0.394
640,,0.06,0.526,0.99,0.696,0.88,0.404,0.17,0.384
641,,0.05,0.516,0.98,0.686,0.87,0.394,0.16,0.374
642,,0.04,0.506,0.97,0.676,0.86,0.384,0.15,0.364
643,,0.03,0.496,0.96,0.666,0.85,0.374,0.14,0.354
644,,0.02,0.486,0.95,0.656,0.84,0.364,0.13,0.344
645,,0.01,0.476,0.94,0.646,0.83,0.354,0.12,0.334
646,,0.0,0.466,0.93,0.636,0.82,0.344,0.11,0.324
647,,-0.01,0.456,0.92,0.626,0.81,0.334,0.1,0.314
648,1,0.99,0.729,0.91,0.333,0.4,0.041,0.09,0.587
649,1,1.0,1.0,0.9,0.04,-0.01,-0.252,0.08,0.86
650,6,0.707,0.59,0.607,0.03,0.263,0.748,0.353,0.85
651,6,0.414,0.18,0.314,0.02,0.536,1.0,0.626,0.84
652,,0.404,0.17,0.304,0.01,0.526,0.99,0.616,0.83
653,,0.394,0.16,0.294,0.0,0.516,0.98,0.606,0.82
654,,0.384,0.15,0.284,-0.01,0.506,0.97,0.596,0.81
655,4,0.091,0.14,0.557,0.99,0.779,0.96,0.303,0.4
656,4,-0.202,0.13,0.83,1.0,1.0,0.95,0.01,-0.01
657,1,0.798,0.403,0.82,0.707,0.59,0.657,0.0,0.263
658,1,1.0,0.676,0.81,0.414,0.18,0.364,-0.01,0.536
659,7,0.99,0.383,0.4,0.121,0.17,0.637,0.99,0.809
660,7,0.98,0.09,-0.01,-0.172,0.16,0.91,1.0,1.0
661,4,0.687,0.08,0.263,0.828,0.433,0.9,0.707,0.59
662,4,0.394,0.07,0.536,1.0,0.706,0.89,0.414,0.18
663,,0.384,0.06,0.526,0.99,0.696,0.88,0.404,0.17
664,,0.374,0.05,0.516,0.98,0.686,0.87,0.394,0.16
665,,0.364,0.04,0.506,0.97,0.676,0.86,0.384,0.15
666,,0.354,0.03,0.496,0.96,0.666,0.85,0.374,0.14
667,,0.344,0.02,0.486,0.95,0.656,0.84,0.364,0.13
668,,0.334,0.01,0.476,0.94,0.646,0.83,0.354,0.12
669,,0.324,0.0,0.466,0.93,0.636,0.82,0.344,0.11
670,,0.314,-0.01,0.456,0.92,0.626,0.81,0.334,0.1
671,2,0.587,0.99,0.729,0.91,0.333,0.4,0.041,0.09
672,2,0.86,1.0,1.0,0.9,0.04,-0.01,-0.252,0.08
673,7,0.85,0.707,0.59,0.607,0.03,0.263,0.748,0.353
674,7,0.84,0.414,0.18,0.314,0.02,0.536,1.0,0.626
675,,0.83,0.404,0.17,0.304,0.01,0.526,0.99,0.616
676,,0.82,0.394,0.16,0.294,0.0,0.516,0.98,0.606
677,,0.81,0.384,0.15,0.284,-0.01,0.506,0.97,0.596
678,5,0.4,0.091,0.14,0.557,0.99,0.779,0.96,0.303
679,5,-0.01,-0.202,0.13,0.83,1.0,1.0,0.95,0.01
680,2,0.263,0.798,0.403,0.82,0.707,0.59,0.657,0.0
681,2,0.536,1.0,0.676,0.81,0.414,0.18,0.364,-0.01
682,8,0.809,0.99,0.383,0.4,0.121,0.17,0.637,0.99
683,8,1.0,0.98,0.09,-0.01,-0.172,0.16,0.91,1.0
684,5,0.59,0.687,0.08,0.263,0.828,0.433,0.9,0.707
685,5,0.18,0.394,0.07,0.536,1.0,0.706,0.89,0.414
686,,0.17,0.384,0.06,0.526,0.99,0.696,0.88,0.404
687,,0.16,0.374,0.05,0.516,0.98,0.686,0.87,0.394
688,,0.15,0.364,0.04,0.506,0.97,0.676,0.86,0.384
689,,0.14,0.354,0.03,0.496,0.96,0.666,0.85,0.374
690,,0.13,0.344,0.02,0.486,0.95,0.656,0.84,0.364
691,,0.12,0.334,0.01,0.476,0.94,0.646,0.83,0.354
692,,0.11,0.324,0.0,0.466,0.93,0.636,0.82,0.344
693,,0.1,0.314,-0.01,0.456,0.92,0.626,0.81,0.334
694,3,0.09,0.587,0.99,0.729,0.91,0.333,0.4,0.041
695,3,0.08,0.86,1.0,1.0,0.9,0.04,-0.01,-0.252
696,8,0.353,0.85,0.707,0.59,0.607,0.03,0.263,0.748
697,8,0.626,0.84,0.414,0.18,0.314,0.02,0.536,1.0
698,,0.616,0.83,0.404,0.17,0.304,0.01,0.526,0.99
699,,0.606,0.82,0.394,0.16,0.294,0.0,0.516,0.98
700,,0.596,0.81,0.384,0.15,0.284,-0.01,0.506,0.97
701,6,0.303,0.4,0.091,0.14,0.557,0.99,0.779,0.96
702,6,0.01,-0.01,-0.202,0.13,0.83,1.0,1.0,0.95
703,3,0.0,0.263,0.798,0.403,0.82,0.707,0.59,0.657
704,3,-0.01,0.536,1.0,0.676,0.81,0.414,0.18,0.364
705,1,0.99,0.809,0.99,0.383,0.4,0.121,0.17,0.637
706,1,1.0,1.0,0.98,0.09,-0.01,-0.172,0.16,0.91
707,6,0.707,0.59,0.687,0.08,0.263,0.828,0.433,0.9
708,6,0.414,0.18,0.394,0.07,0.536,1.0,0.706,0.89
709,,0.404,0.17,0.384,0.06,0.526,0.99,0.696,0.88
710,,0.394,0.16,0.374,0.05,0.516,0.98,0.686,0.87
711,,0.384,0.15,0.364,0.04,0.506,0.97,0.676,0.86
712,,0.374,0.14,0.354,0.03,0.496,0.96,0.666,0.85
713,,0.364,0.13,0.344,0.02,0.486,0.95,0.656,0.84
714,,0.354,0.12,0.334,0.01,0.476,0.94,0.646,0.83
715,,0.344,0.11,0.324,0.0,0.466,0.93,0.636,0.82
716,,0.334,0.1,0.314,-0.01,0.456,0.92,0.626,0.81
717,4,0.041,0.09,0.587,0.99,0.729,0.91,0.333,0.4
718,4,-0.252,0.08,0.86,1.0,1.0,0.9,0.04,-0.01
719,1,0.748,0.353,0.85,0.707,0.59,0.607,0.03,0.263
720,1,1.0,0.626,0.84,0.414,0.18,0.314,0.02,0.536
721,,0.99,0.616,0.83,0.404,0.17,0.304,0.01,0.526
722,,0.98,0.606,0.82,0.394,0.16,0.294,0.0,0.516
723,,0.97,0.596,0.81,0.384,0.15,0.284,-0.01,0.506
724,7,0.96,0.303,0.4,0.091,0.14,0.557,0.99,0.779
725,7,0.95,0.01,-0.01,-0.202,0.13,0.83,1.0,1.0
726,4,0.657,0.0,0.263,0.798,0.403,0.82,0.707,0.59
727,4,0.364,-0.01,0.536,1.0,0.676,0.81,0.414,0.18
728,2,0.637,0.99,0.809,0.99,0.383,0.4,0.121,0.17
729,2,0.91,1.0,1.0,0.98,0.09,-0.01,-0.172,0.16
730,7,0.9,0.707,0.59,0.687,0.08,0.263,0.828,0.433
731,7,0.89,0.414,0.18,0.394,0.07,0.536,1.0,0.706
732,,0.88,0.404,0.17,0.384,0.06,0.526,0.99,0.696
733,,0.87,0.394,0.16,0.374,0.05,0.516,0.98,0.686
734,,0.86,0.384,0.15,0.364,0.04,0.506,0.97,0.676
735,,0.85,0.374,0.14,0.354,0.03,0.496,0.96,0.666
736,,0.84,0.364,0.13,0.344,0.02,0.486,0.95,0.656
737,,0.83,0.354,0.12,0.334,0.01,0.476,0.94,0.646
738,,0.82,0.344,0.11,0.324,0.0,0.466,0.93,0.636
739,,0.81,0.334,0.1,0.314,-0.01,0.456,0.92,0.626
740,5,0.4,0.041,0.09,0.587,0.99,0.729,0.91,0.333
741,5,-0.01,-0.252,0.08,0.86,1.0,1.0,0.9,0.04
742,2,0.263,0.748,0.353,0.85,0.707,0.59,0.607,0.03
743,2,0.536,1.0,0.626,0.84,0.414,0.18,0.314,0.02
744,,0.526,0.99,0.616,0.83,0.404,0.17,0.304,0.01
745,,0.516,0.98,0.606,0.82,0.394,0.16,0.294,0.0
746,,0.506,0.97,0.596,0.81,0.384,0.15,0.284,-0.01
747,8,0.779,0.96,0.303,0.4,0.091,0.14,0.557,0.99
748,8,1.0,0.95,0.01,-0.01,-0.202,0.13,0.83,1.0
749,5,0.59,0.657,0.0,0.263,0.798,0.403,0.82,0.707
750,5,0.18,0.364,-0.01,0.536,1.0,0.676,0.81,0.414
751,3,0.17,0.637,0.99,0.809,0.99,0.383,0.4,0.121
752,3,0.16,0.91,1.0,1.0,0.98,0.09,-0.01,-0.172
753,8,0.433,0.9,0.707,0.59,0.687,0.08,0.263,0.828
754,8,0.706,0.89,0.414,0.18,0.394,0.07,0.536,1.0
755,,0.696,0.88,0.404,0.17,0.384,0.06,0.526,0.99
756,,0.686,0.87,0.394,0.16,0.374,0.05,0.516,0.98
757,,0.676,0.86,0.384,0.15,0.364,0.04,0.506,0.97
758,,0.666,0.85,0.374,0.14,0.354,0.03,0.496,0.96
759,,0.656,0.84,0.364,0.13,0.344,0.02,0.486,0.95
760,,0.646,0.83,0.354,0.12,0.334,0.01,0.476,0.94
761,,0.636,0.82,0.344,0.11,0.324,0.0,0.466,0.93
762,,0.626,0.81,0.334,0.1,0.314,-0.01,0.456,0.92
763,6,0.333,0.4,0.041,0.09,0.587,0.99,0.729,0.91
764,6,0.04,-0.01,-0.252,0.08,0.86,1.0,1.0,0.9
765,3,0.03,0.263,0.748,0.353,0.85,0.707,0.59,0.607
766,3,0.02,0.536,1.0,0.626,0.84,0.414,0.18,0.314
767,,0.01,0.526,0.99,0.616,0.83,0.404,0.17,0.304
768,,0.0,0.516,0.98,0.606,0.82,0.394,0.16,0.294
769,,-0.01,0.506,0.97,0.596,0.81,0.384,0.15,0.284
770,1,0.99,0.779,0.96,0.303,0.4,0.091,0.14,0.557
771,1,1.0,1.0,0.95,0.01,-0.01,-0.202,0.13,0.83
772,6,0.707,0.59,0.657,0.0,0.263,0.798,0.403,0.82
773,6,0.414,0.18,0.364,-0.01,0.536,1.0,0.676,0.81
774,4,0.121,0.17,0.637,0.99,0.809,0.99,0.383,0.4
775,4,-0.172,0.16,0.91,1.0,1.0,0.98,0.09,-0.01
776,1,0.828,0.433,0.9,0.707,0.59,0.687,0.08,0.263
777,1,1.0,0.706,0.89,0.414,0.18,0.394,0.07,0.536
778,,0.99,0.696,0.88,0.404,0.17,0.384,0.06,0.526
779,,0.98,0.686,0.87,0.394,0.16,0.374,0.05,0.516
780,,0.97,0.676,0.86,0.384,0.15,0.364,0.04,0.506
781,,0.96,0.666,0.85,0.374,0.14,0.354,0.03,0.496
782,,0.95,0.656,0.84,0.364,0.13,0.344,0.02,0.486
783,,0.94,0.646,0.83,0.354,0.12,0.334,0.01,0.476
784,,0.93,0.636,0.82,0.344,0.11,0.324,0.0,0.466
785,,0.92,0.626,0.81,0.334,0.1,0.314,-0.01,0.456
786,7,0.91,0.333,0.4,0.041,0.09,0.587,0.99,0.729
787,7,0.9,0.04,-0.01,-0.252,0.08,0.86,1.0,1.0
788,4,0.607,0.03,0.263,0.748,0.353,0.85,0.707,0.59
789,4,0.314,0.02,0.536,1.0,0.626,0.84,0.414,0.18
790,,0.304,0.01,0.526,0.99,0.616,0.83,0.404,0.17
791,,0.294,0.0,0.516,0.98,0.606,0.82,0.394,0.16
792,,0.284,-0.01,0.506,0.97,0.596,0.81,0.384,0.15
793,2,0.557,0.99,0.779,0.96,0.303,0.4,0.091,0.14
794,2,0.83,1.0,1.0,0.95,0.01,-0.01,-0.202,0.13
795,7,0.82,0.707,0.59,0.657,0.0,0.263,0.798,0.403
796,7,0.81,0.414,0.18,0.364,-0.01,0.536,1.0,0.676
797,5,0.4,0.121,0.17,0.637,0.99,0.809,0.99,0.383
798,5,-0.01,-0.172,0.16,0.91,1.0,1.0,0.98,0.09
799,2,0.263,0.828,0.433,0.9,0.707,0.59,0.687,0.08
800,2,0.536,1.0,0.706,0.89,0.414,0.18,0.394,0.07
801,,0.526,0.99,0.696,0.88,0.404,0.17,0.384,0.06
802,,0.516,0.98,0.686,0.87,0.394,0.16,0.374,0.05
803,,0.506,0.97,0.676,0.86,0.384,0.15,0.364,0.04
804,,0.496,0.96,0.666,0.85,0.374,0.14,0.354,0.03
805,,0.486,0.95,0.656,0.84,0.364,0.13,0.344,0.02
806,,0.476,0.94,0.646,0.83,0.354,0.12,0.334,0.01
807,,0.466,0.93,0.636,0.82,0.344,0.11,0.324,0.0
808,,0.456,0.92,0.626,0.81,0.334,0.1,0.314,-0.01
809,8,0.729,0.91,0.333,0.4,0.041,0.09,0.587,0.99
