step,active_motive,motive_1,motive_2,motive_3,motive_4,motive_5,motive_6,motive_7,motive_8
0,,0.16163,0.89855,0.60643,0.0092,0.10147,0.6635,0.00506,0.16081
1,,0.15163,0.88855,0.59643,-0.0008,0.09147,0.6535,-0.00494,0.15081
2,7,0.14163,0.59555,0.18643,-0.2938,0.08147,0.9265,0.99506,0.42381
3,7,0.13163,0.30255,-0.22357,-0.5868,0.07147,1.0,1.0,0.69681
4,4,-0.16137,0.29255,0.04943,0.4132,0.34447,0.99,0.707,0.28681
5,4,-0.45437,0.28255,0.32243,1.0,0.61747,0.98,0.414,-0.12319
6,1,0.54563,0.55555,0.31243,0.707,0.20747,0.687,0.404,0.14981
7,1,1.0,0.82855,0.30243,0.414,-0.20253,0.394,0.394,0.42281
8,5,0.59,0.53555,0.29243,0.687,0.79747,0.667,0.384,0.12981
9,5,0.18,0.24255,0.28243,0.96,1.0,0.94,0.374,-0.16319
10,8,0.453,0.23255,-0.01057,0.55,0.707,0.93,0.647,0.83681
11,8,0.726,0.22255,-0.30357,0.14,0.414,0.92,0.92,1.0
12,3,0.716,0.49555,0.69643,0.413,0.404,0.627,0.51,0.707
13,3,0.706,0.76855,1.0,0.686,0.394,0.334,0.1,0.414
14,,0.696,0.75855,0.99,0.676,0.384,0.324,0.09,0.404
15,,0.686,0.74855,0.98,0.666,0.374,0.314,0.08,0.394
16,,0.676,0.73855,0.97,0.656,0.364,0.304,0.07,0.384
17,,0.666,0.72855,0.96,0.646,0.354,0.294,0.06,0.374
18,,0.656,0.71855,0.95,0.636,0.344,0.284,0.05,0.364
19,,0.646,0.70855,0.94,0.626,0.334,0.274,0.04,0.354
20,,0.636,0.69855,0.93,0.616,0.324,0.264,0.03,0.344
21,,0.626,0.68855,0.92,0.606,0.314,0.254,0.02,0.334
22,,0.616,0.67855,0.91,0.596,0.304,0.244,0.01,0.324
23,,0.606,0.66855,0.9,0.586,0.294,0.234,0.0,0.314
24,,0.596,0.65855,0.89,0.576,0.284,0.224,-0.01,0.304
25,7,0.586,0.36555,0.48,0.283,0.274,0.497,0.99,0.577
26,7,0.576,0.07255,0.07,-0.01,0.264,0.77,1.0,0.85
27,4,0.283,0.06255,0.343,0.99,0.537,0.76,0.707,0.44
28,4,-0.01,0.05255,0.616,1.0,0.81,0.75,0.414,0.03
29,1,0.99,0.32555,0.606,0.707,0.4,0.457,0.404,0.303
30,1,1.0,0.59855,0.596,0.414,-0.01,0.164,0.394,0.576
31,5,0.59,0.30555,0.586,0.687,0.99,0.437,0.384,0.283
32,5,0.18,0.01255,0.576,0.96,1.0,0.71,0.374,-0.01
33,8,0.453,0.00255,0.283,0.55,0.707,0.7,0.647,0.99
34,8,0.726,-0.00745,-0.01,0.14,0.414,0.69,0.92,1.0
35,3,0.716,0.26555,0.99,0.413,0.404,0.397,0.51,0.707
36,3,0.706,0.53855,1.0,0.686,0.394,0.104,0.1,0.414
37,,0.696,0.52855,0.99,0.676,0.384,0.094,0.09,0.404
38,,0.686,0.51855,0.98,0.666,0.374,0.084,0.08,0.394
39,,0.676,0.50855,0.97,0.656,0.364,0.074,0.07,0.384
40,,0.666,0.49855,0.96,0.646,0.354,0.064,0.06,0.374
41,,0.656,0.48855,0.95,0.636,0.344,0.054,0.05,0.364
42,,0.646,0.47855,0.94,0.626,0.334,0.044,0.04,0.354
43,,0.636,0.46855,0.93,0.616,0.324,0.034,0.03,0.344
44,,0.626,0.45855,0.92,0.606,0.314,0.024,0.02,0.334
45,,0.616,0.44855,0.91,0.596,0.304,0.014,0.01,0.324
46,,0.606,0.43855,0.9,0.586,0.294,0.004,0.0,0.314
47,,0.596,0.42855,0.89,0.576,0.284,-0.006,-0.01,0.304
48,7,0.586,0.13555,0.48,0.283,0.274,0.267,0.99,0.577
49,7,0.576,-0.15745,0.07,-0.01,0.264,0.54,1.0,0.85
50,2,0.849,0.84255,0.343,-0.02,-0.029,0.13,0.707,0.84
51,2,1.0,1.0,0.616,-0.03,-0.322,-0.28,0.414,0.83
52,5,0.59,0.707,0.606,0.243,0.678,-0.007,0.404,0.537
53,5,0.18,0.414,0.596,0.516,1.0,0.266,0.394,0.244
54,,0.17,0.404,0.586,0.506,0.99,0.256,0.384,0.234
55,,0.16,0.394,0.576,0.496,0.98,0.246,0.374,0.224
56,,0.15,0.384,0.566,0.486,0.97,0.236,0.364,0.214
57,,0.14,0.374,0.556,0.476,0.96,0.226,0.354,0.204
58,,0.13,0.364,0.546,0.466,0.95,0.216,0.344,0.194
59,,0.12,0.354,0.536,0.456,0.94,0.206,0.334,0.184
60,,0.11,0.344,0.526,0.446,0.93,0.196,0.324,0.174
61,,0.1,0.334,0.516,0.436,0.92,0.186,0.314,0.164
62,,0.09,0.324,0.506,0.426,0.91,0.176,0.304,0.154
63,,0.08,0.314,0.496,0.416,0.9,0.166,0.294,0.144
64,,0.07,0.304,0.486,0.406,0.89,0.156,0.284,0.134
65,,0.06,0.294,0.476,0.396,0.88,0.146,0.274,0.124
66,,0.05,0.284,0.466,0.386,0.87,0.136,0.264,0.114
67,,0.04,0.274,0.456,0.376,0.86,0.126,0.254,0.104
68,,0.03,0.264,0.446,0.366,0.85,0.116,0.244,0.094
69,,0.02,0.254,0.436,0.356,0.84,0.106,0.234,0.084
70,,0.01,0.244,0.426,0.346,0.83,0.096,0.224,0.074
71,,0.0,0.234,0.416,0.336,0.82,0.086,0.214,0.064
72,,-0.01,0.224,0.406,0.326,0.81,0.076,0.204,0.054
73,1,0.99,0.497,0.396,0.033,0.4,-0.217,0.194,0.327
74,1,1.0,0.77,0.386,-0.26,-0.01,-0.51,0.184,0.6
75,6,0.707,0.36,0.093,-0.27,0.263,0.49,0.457,0.59
76,6,0.414,-0.05,-0.2,-0.28,0.536,1.0,0.73,0.58
77,4,0.121,-0.06,0.073,0.72,0.809,0.99,0.437,0.17
78,4,-0.172,-0.07,0.346,1.0,1.0,0.98,0.144,-0.24
79,8,0.101,-0.08,0.053,0.59,0.707,0.97,0.417,0.76
80,8,0.374,-0.09,-0.24,0.18,0.414,0.96,0.69,1.0
81,3,0.364,0.183,0.76,0.453,0.404,0.667,0.28,0.707
82,3,0.354,0.456,1.0,0.726,0.394,0.374,-0.13,0.414
83,7,0.344,0.163,0.59,0.433,0.384,0.647,0.87,0.687
84,7,0.334,-0.13,0.18,0.14,0.374,0.92,1.0,0.96
85,2,0.607,0.87,0.453,0.13,0.081,0.51,0.707,0.95
86,2,0.88,1.0,0.726,0.12,-0.212,0.1,0.414,0.94
87,5,0.47,0.707,0.716,0.393,0.788,0.373,0.404,0.647
88,5,0.06,0.414,0.706,0.666,1.0,0.646,0.394,0.354
89,,0.05,0.404,0.696,0.656,0.99,0.636,0.384,0.344
90,,0.04,0.394,0.686,0.646,0.98,0.626,0.374,0.334
91,,0.03,0.384,0.676,0.636,0.97,0.616,0.364,0.324
92,,0.02,0.374,0.666,0.626,0.96,0.606,0.354,0.314
93,,0.01,0.364,0.656,0.616,0.95,0.596,0.344,0.304
94,,0.0,0.354,0.646,0.606,0.94,0.586,0.334,0.294
95,,-0.01,0.344,0.636,0.596,0.93,0.576,0.324,0.284
96,1,0.99,0.617,0.626,0.303,0.52,0.283,0.314,0.557
97,1,1.0,0.89,0.616,0.01,0.11,-0.01,0.304,0.83
98,6,0.707,0.48,0.323,0.0,0.383,0.99,0.577,0.82
99,6,0.414,0.07,0.03,-0.01,0.656,1.0,0.85,0.81
100,4,0.121,0.06,0.303,0.99,0.929,0.99,0.557,0.4
101,4,-0.172,0.05,0.576,1.0,1.0,0.98,0.264,-0.01
102,1,0.828,0.323,0.566,0.707,0.59,0.687,0.254,0.263
103,1,1.0,0.596,0.556,0.414,0.18,0.394,0.244,0.536
104,,0.99,0.586,0.546,0.404,0.17,0.384,0.234,0.526
105,,0.98,0.576,0.536,0.394,0.16,0.374,0.224,0.516
106,,0.97,0.566,0.526,0.384,0.15,0.364,0.214,0.506
107,,0.96,0.556,0.516,0.374,0.14,0.354,0.204,0.496
108,,0.95,0.546,0.506,0.364,0.13,0.344,0.194,0.486
109,,0.94,0.536,0.496,0.354,0.12,0.334,0.184,0.476
110,,0.93,0.526,0.486,0.344,0.11,0.324,0.174,0.466
111,,0.92,0.516,0.476,0.334,0.1,0.314,0.164,0.456
112,,0.91,0.506,0.466,0.324,0.09,0.304,0.154,0.446
113,,0.9,0.496,0.456,0.314,0.08,0.294,0.144,0.436
114,,0.89,0.486,0.446,0.304,0.07,0.284,0.134,0.426
115,,0.88,0.476,0.436,0.294,0.06,0.274,0.124,0.416
116,,0.87,0.466,0.426,0.284,0.05,0.264,0.114,0.406
117,,0.86,0.456,0.416,0.274,0.04,0.254,0.104,0.396
118,,0.85,0.446,0.406,0.264,0.03,0.244,0.094,0.386
119,,0.84,0.436,0.396,0.254,0.02,0.234,0.084,0.376
120,,0.83,0.426,0.386,0.244,0.01,0.224,0.074,0.366
121,,0.82,0.416,0.376,0.234,0.0,0.214,0.064,0.356
122,,0.81,0.406,0.366,0.224,-0.01,0.204,0.054,0.346
123,5,0.4,0.113,0.356,0.497,0.99,0.477,0.044,0.053
124,5,-0.01,-0.18,0.346,0.77,1.0,0.75,0.034,-0.24
125,8,0.263,-0.19,0.053,0.36,0.707,0.74,0.307,0.76
126,8,0.536,-0.2,-0.24,-0.05,0.414,0.73,0.58,1.0
127,3,0.526,0.073,0.76,0.223,0.404,0.437,0.17,0.707
128,3,0.516,0.346,1.0,0.496,0.394,0.144,-0.24,0.414
129,7,0.506,0.053,0.59,0.203,0.384,0.417,0.76,0.687
130,7,0.496,-0.24,0.18,-0.09,0.374,0.69,1.0,0.96
131,2,0.769,0.76,0.453,-0.1,0.081,0.28,0.707,0.95
132,2,1.0,1.0,0.726,-0.11,-0.212,-0.13,0.414,0.94
133,5,0.59,0.707,0.716,0.163,0.788,0.143,0.404,0.647
134,5,0.18,0.414,0.706,0.436,1.0,0.416,0.394,0.354
135,,0.17,0.404,0.696,0.426,0.99,0.406,0.384,0.344
136,,0.16,0.394,0.686,0.416,0.98,0.396,0.374,0.334
137,,0.15,0.384,0.676,0.406,0.97,0.386,0.364,0.324
138,,0.14,0.374,0.666,0.396,0.96,0.376,0.354,0.314
139,,0.13,0.364,0.656,0.386,0.95,0.366,0.344,0.304
140,,0.12,0.354,0.646,0.376,0.94,0.356,0.334,0.294
141,,0.11,0.344,0.636,0.366,0.93,0.346,0.324,0.284
142,,0.1,0.334,0.626,0.356,0.92,0.336,0.314,0.274
143,,0.09,0.324,0.616,0.346,0.91,0.326,0.304,0.264
144,,0.08,0.314,0.606,0.336,0.9,0.316,0.294,0.254
145,,0.07,0.304,0.596,0.326,0.89,0.306,0.284,0.244
146,,0.06,0.294,0.586,0.316,0.88,0.296,0.274,0.234
147,,0.05,0.284,0.576,0.306,0.87,0.286,0.264,0.224
148,,0.04,0.274,0.566,0.296,0.86,0.276,0.254,0.214
149,,0.03,0.264,0.556,0.286,0.85,0.266,0.244,0.204
150,,0.02,0.254,0.546,0.276,0.84,0.256,0.234,0.194
151,,0.01,0.244,0.536,0.266,0.83,0.246,0.224,0.184
152,,0.0,0.234,0.526,0.256,0.82,0.236,0.214,0.174
153,,-0.01,0.224,0.516,0.246,0.81,0.226,0.204,0.164
154,1,0.99,0.497,0.506,-0.047,0.4,-0.067,0.194,0.437
155,1,1.0,0.77,0.496,-0.34,-0.01,-0.36,0.184,0.71
156,6,0.707,0.36,0.203,-0.35,0.263,0.64,0.457,0.7
157,6,0.414,-0.05,-0.09,-0.36,0.536,1.0,0.73,0.69
158,4,0.121,-0.06,0.183,0.64,0.809,0.99,0.437,0.28
159,4,-0.172,-0.07,0.456,1.0,1.0,0.98,0.144,-0.13
160,1,0.828,0.203,0.446,0.707,0.59,0.687,0.134,0.143
161,1,1.0,0.476,0.436,0.414,0.18,0.394,0.124,0.416
162,,0.99,0.466,0.426,0.404,0.17,0.384,0.114,0.406
163,,0.98,0.456,0.416,0.394,0.16,0.374,0.104,0.396
164,,0.97,0.446,0.406,0.384,0.15,0.364,0.094,0.386
165,,0.96,0.436,0.396,0.374,0.14,0.354,0.084,0.376
166,,0.95,0.426,0.386,0.364,0.13,0.344,0.074,0.366
167,,0.94,0.416,0.376,0.354,0.12,0.334,0.064,0.356
168,,0.93,0.406,0.366,0.344,0.11,0.324,0.054,0.346
169,,0.92,0.396,0.356,0.334,0.1,0.314,0.044,0.336
170,,0.91,0.386,0.346,0.324,0.09,0.304,0.034,0.326
171,,0.9,0.376,0.336,0.314,0.08,0.294,0.024,0.316
172,,0.89,0.366,0.326,0.304,0.07,0.284,0.014,0.306
173,,0.88,0.356,0.316,0.294,0.06,0.274,0.004,0.296
174,,0.87,0.346,0.306,0.284,0.05,0.264,-0.006,0.286
175,7,0.86,0.053,-0.104,-0.009,0.04,0.537,0.994,0.559
176,7,0.85,-0.24,-0.514,-0.302,0.03,0.81,1.0,0.832
177,3,0.84,0.033,0.486,-0.029,0.02,0.517,0.59,0.539
178,3,0.83,0.306,1.0,0.244,0.01,0.224,0.18,0.246
179,,0.82,0.296,0.99,0.234,0.0,0.214,0.17,0.236
180,,0.81,0.286,0.98,0.224,-0.01,0.204,0.16,0.226
181,5,0.4,-0.007,0.97,0.497,0.99,0.477,0.15,-0.067
182,5,-0.01,-0.3,0.96,0.77,1.0,0.75,0.14,-0.36
183,8,0.263,-0.31,0.667,0.36,0.707,0.74,0.413,0.64
184,8,0.536,-0.32,0.374,-0.05,0.414,0.73,0.686,1.0
185,2,0.809,0.68,0.647,-0.06,0.121,0.32,0.393,0.99
186,2,1.0,1.0,0.92,-0.07,-0.172,-0.09,0.1,0.98
187,5,0.59,0.707,0.91,0.203,0.828,0.183,0.09,0.687
188,5,0.18,0.414,0.9,0.476,1.0,0.456,0.08,0.394
189,,0.17,0.404,0.89,0.466,0.99,0.446,0.07,0.384
190,,0.16,0.394,0.88,0.456,0.98,0.436,0.06,0.374
191,,0.15,0.384,0.87,0.446,0.97,0.426,0.05,0.364
192,,0.14,0.374,0.86,0.436,0.96,0.416,0.04,0.354
193,,0.13,0.364,0.85,0.426,0.95,0.406,0.03,0.344
194,,0.12,0.354,0.84,0.416,0.94,0.396,0.02,0.334
195,,0.11,0.344,0.83,0.406,0.93,0.386,0.01,0.324
196,,0.1,0.334,0.82,0.396,0.92,0.376,0.0,0.314
197,,0.09,0.324,0.81,0.386,0.91,0.366,-0.01,0.304
198,7,0.08,0.031,0.4,0.093,0.9,0.639,0.99,0.577
199,7,0.07,-0.262,-0.01,-0.2,0.89,0.912,1.0,0.85
200,2,0.343,0.738,0.263,-0.21,0.597,0.502,0.707,0.84
201,2,0.616,1.0,0.536,-0.22,0.304,0.092,0.414,0.83
202,4,0.323,0.99,0.809,0.78,0.577,0.082,0.121,0.42
203,4,0.03,0.98,1.0,1.0,0.85,0.072,-0.172,0.01
204,7,0.02,0.687,0.59,0.707,0.84,0.345,0.828,0.283
205,7,0.01,0.394,0.18,0.414,0.83,0.618,1.0,0.556
206,,0.0,0.384,0.17,0.404,0.82,0.608,0.99,0.546
207,,-0.01,0.374,0.16,0.394,0.81,0.598,0.98,0.536
208,1,0.99,0.647,0.15,0.101,0.4,0.305,0.97,0.809
209,1,1.0,0.92,0.14,-0.192,-0.01,0.012,0.96,1.0
210,4,0.707,0.91,0.413,0.808,0.263,0.002,0.667,0.59
211,4,0.414,0.9,0.686,1.0,0.536,-0.008,0.374,0.18
212,6,0.121,0.49,0.393,0.99,0.809,0.992,0.647,0.17
213,6,-0.172,0.08,0.1,0.98,1.0,1.0,0.92,0.16
214,1,0.828,0.353,0.09,0.687,0.59,0.707,0.91,0.433
215,1,1.0,0.626,0.08,0.394,0.18,0.414,0.9,0.706
216,,0.99,0.616,0.07,0.384,0.17,0.404,0.89,0.696
217,,0.98,0.606,0.06,0.374,0.16,0.394,0.88,0.686
218,,0.97,0.596,0.05,0.364,0.15,0.384,0.87,0.676
219,,0.96,0.586,0.04,0.354,0.14,0.374,0.86,0.666
220,,0.95,0.576,0.03,0.344,0.13,0.364,0.85,0.656
221,,0.94,0.566,0.02,0.334,0.12,0.354,0.84,0.646
222,,0.93,0.556,0.01,0.324,0.11,0.344,0.83,0.636
223,,0.92,0.546,0.0,0.314,0.1,0.334,0.82,0.626
224,,0.91,0.536,-0.01,0.304,0.09,0.324,0.81,0.616
225,3,0.9,0.809,0.99,0.577,0.08,0.031,0.4,0.323
226,3,0.89,1.0,1.0,0.85,0.07,-0.262,-0.01,0.03
227,6,0.597,0.59,0.707,0.84,0.343,0.738,0.263,0.02
228,6,0.304,0.18,0.414,0.83,0.616,1.0,0.536,0.01
229,,0.294,0.17,0.404,0.82,0.606,0.99,0.526,0.0
230,,0.284,0.16,0.394,0.81,0.596,0.98,0.516,-0.01
231,8,0.557,0.15,0.101,0.4,0.303,0.97,0.789,0.99
232,8,0.83,0.14,-0.192,-0.01,0.01,0.96,1.0,1.0
233,3,0.82,0.413,0.808,0.263,0.0,0.667,0.59,0.707
234,3,0.81,0.686,1.0,0.536,-0.01,0.374,0.18,0.414
235,5,0.4,0.393,0.99,0.809,0.99,0.647,0.17,0.121
236,5,-0.01,0.1,0.98,1.0,1.0,0.92,0.16,-0.172
237,8,0.263,0.09,0.687,0.59,0.707,0.91,0.433,0.828
238,8,0.536,0.08,0.394,0.18,0.414,0.9,0.706,1.0
239,,0.526,0.07,0.384,0.17,0.404,0.89,0.696,0.99
240,,0.516,0.06,0.374,0.16,0.394,0.88,0.686,0.98
241,,0.506,0.05,0.364,0.15,0.384,0.87,0.676,0.97
242,,0.496,0.04,0.354,0.14,0.374,0.86,0.666,0.96
243,,0.486,0.03,0.344,0.13,0.364,0.85,0.656,0.95
244,,0.476,0.02,0.334,0.12,0.354,0.84,0.646,0.94
245,,0.466,0.01,0.324,0.11,0.344,0.83,0.636,0.93
246,,0.456,0.0,0.314,0.1,0.334,0.82,0.626,0.92
247,,0.446,-0.01,0.304,0.09,0.324,0.81,0.616,0.91
248,2,0.719,0.99,0.577,0.08,0.031,0.4,0.323,0.9
249,2,0.992,1.0,0.85,0.07,-0.262,-0.01,0.03,0.89
250,5,0.582,0.707,0.84,0.343,0.738,0.263,0.02,0.597
251,5,0.172,0.414,0.83,0.616,1.0,0.536,0.01,0.304
252,,0.162,0.404,0.82,0.606,0.99,0.526,0.0,0.294
253,,0.152,0.394,0.81,0.596,0.98,0.516,-0.01,0.284
254,7,0.142,0.101,0.4,0.303,0.97,0.789,0.99,0.557
255,7,0.132,-0.192,-0.01,0.01,0.96,1.0,1.0,0.83
256,2,0.405,0.808,0.263,0.0,0.667,0.59,0.707,0.82
257,2,0.678,1.0,0.536,-0.01,0.374,0.18,0.414,0.81
258,4,0.385,0.99,0.809,0.99,0.647,0.17,0.121,0.4
259,4,0.092,0.98,1.0,1.0,0.92,0.16,-0.172,-0.01
260,7,0.082,0.687,0.59,0.707,0.91,0.433,0.828,0.263
261,7,0.072,0.394,0.18,0.414,0.9,0.706,1.0,0.536
262,,0.062,0.384,0.17,0.404,0.89,0.696,0.99,0.526
263,,0.052,0.374,0.16,0.394,0.88,0.686,0.98,0.516
264,,0.042,0.364,0.15,0.384,0.87,0.676,0.97,0.506
265,,0.032,0.354,0.14,0.374,0.86,0.666,0.96,0.496
266,,0.022,0.344,0.13,0.364,0.85,0.656,0.95,0.486
267,,0.012,0.334,0.12,0.354,0.84,0.646,0.94,0.476
268,,0.002,0.324,0.11,0.344,0.83,0.636,0.93,0.466
269,,-0.008,0.314,0.1,0.334,0.82,0.626,0.92,0.456
270,1,0.992,0.587,0.09,0.041,0.41,0.333,0.91,0.729
271,1,1.0,0.86,0.08,-0.252,-0.0,0.04,0.9,1.0
272,4,0.707,0.85,0.353,0.748,0.273,0.03,0.607,0.59
273,4,0.414,0.84,0.626,1.0,0.546,0.02,0.314,0.18
274,,0.404,0.83,0.616,0.99,0.536,0.01,0.304,0.17
275,,0.394,0.82,0.606,0.98,0.526,0.0,0.294,0.16
276,,0.384,0.81,0.596,0.97,0.516,-0.01,0.284,0.15
277,6,0.091,0.4,0.303,0.96,0.789,0.99,0.557,0.14
278,6,-0.202,-0.01,0.01,0.95,1.0,1.0,0.83,0.13
279,1,0.798,0.263,0.0,0.657,0.59,0.707,0.82,0.403
280,1,1.0,0.536,-0.01,0.364,0.18,0.414,0.81,0.676
281,3,0.99,0.809,0.99,0.637,0.17,0.121,0.4,0.383
282,3,0.98,1.0,1.0,0.91,0.16,-0.172,-0.01,0.09
283,6,0.687,0.59,0.707,0.9,0.433,0.828,0.263,0.08
284,6,0.394,0.18,0.414,0.89,0.706,1.0,0.536,0.07
285,,0.384,0.17,0.404,0.88,0.696,0.99,0.526,0.06
286,,0.374,0.16,0.394,0.87,0.686,0.98,0.516,0.05
287,,0.364,0.15,0.384,0.86,0.676,0.97,0.506,0.04
288,,0.354,0.14,0.374,0.85,0.666,0.96,0.496,0.03
289,,0.344,0.13,0.364,0.84,0.656,0.95,0.486,0.02
290,,0.334,0.12,0.354,0.83,0.646,0.94,0.476,0.01
291,,0.324,0.11,0.344,0.82,0.636,0.93,0.466,0.0
292,,0.314,0.1,0.334,0.81,0.626,0.92,0.456,-0.01
293,8,0.587,0.09,0.041,0.4,0.333,0.91,0.729,0.99
294,8,0.86,0.08,-0.252,-0.01,0.04,0.9,1.0,1.0
295,3,0.85,0.353,0.748,0.263,0.03,0.607,0.59,0.707
296,3,0.84,0.626,1.0,0.536,0.02,0.314,0.18,0.414
297,,0.83,0.616,0.99,0.526,0.01,0.304,0.17,0.404
298,,0.82,0.606,0.98,0.516,0.0,0.294,0.16,0.394
299,,0.81,0.596,0.97,0.506,-0.01,0.284,0.15,0.384
300,5,0.4,0.303,0.96,0.779,0.99,0.557,0.14,0.091
301,5,-0.01,0.01,0.95,1.0,1.0,0.83,0.13,-0.202
302,8,0.263,0.0,0.657,0.59,0.707,0.82,0.403,0.798
303,8,0.536,-0.01,0.364,0.18,0.414,0.81,0.676,1.0
304,2,0.809,0.99,0.637,0.17,0.121,0.4,0.383,0.99
305,2,1.0,1.0,0.91,0.16,-0.172,-0.01,0.09,0.98
306,5,0.59,0.707,0.9,0.433,0.828,0.263,0.08,0.687
307,5,0.18,0.414,0.89,0.706,1.0,0.536,0.07,0.394
308,,0.17,0.404,0.88,0.696,0.99,0.526,0.06,0.384
309,,0.16,0.394,0.87,0.686,0.98,0.516,0.05,0.374
310,,0.15,0.384,0.86,0.676,0.97,0.506,0.04,0.364
311,,0.14,0.374,0.85,0.666,0.96,0.496,0.03,0.354
312,,0.13,0.364,0.84,0.656,0.95,0.486,0.02,0.344
313,,0.12,0.354,0.83,0.646,0.94,0.476,0.01,0.334
314,,0.11,0.344,0.82,0.636,0.93,0.466,0.0,0.324
315,,0.1,0.334,0.81,0.626,0.92,0.456,-0.01,0.314
316,7,0.09,0.041,0.4,0.333,0.91,0.729,0.99,0.587
317,7,0.08,-0.252,-0.01,0.04,0.9,1.0,1.0,0.86
318,2,0.353,0.748,0.263,0.03,0.607,0.59,0.707,0.85
319,2,0.626,1.0,0.536,0.02,0.314,0.18,0.414,0.84
320,,0.616,0.99,0.526,0.01,0.304,0.17,0.404,0.83
321,,0.606,0.98,0.516,0.0,0.294,0.16,0.394,0.82
322,,0.596,0.97,0.506,-0.01,0.284,0.15,0.384,0.81
323,4,0.303,0.96,0.779,0.99,0.557,0.14,0.091,0.4
324,4,0.01,0.95,1.0,1.0,0.83,0.13,-0.202,-0.01
325,7,0.0,0.657,0.59,0.707,0.82,0.403,0.798,0.263
326,7,-0.01,0.364,0.18,0.414,0.81,0.676,1.0,0.536
327,1,0.99,0.637,0.17,0.121,0.4,0.383,0.99,0.809
328,1,1.0,0.91,0.16,-0.172,-0.01,0.09,0.98,1.0
329,4,0.707,0.9,0.433,0.828,0.263,0.08,0.687,0.59
330,4,0.414,0.89,0.706,1.0,0.536,0.07,0.394,0.18
331,,0.404,0.88,0.696,0.99,0.526,0.06,0.384,0.17
332,,0.394,0.87,0.686,0.98,0.516,0.05,0.374,0.16
333,,0.384,0.86,0.676,0.97,0.506,0.04,0.364,0.15
334,,0.374,0.85,0.666,0.96,0.496,0.03,0.354,0.14
335,,0.364,0.84,0.656,0.95,0.486,0.02,0.344,0.13
336,,0.354,0.83,0.646,0.94,0.476,0.01,0.334,0.12
337,,0.344,0.82,0.636,0.93,0.466,0.0,0.324,0.11
338,,0.334,0.81,0.626,0.92,0.456,-0.01,0.314,0.1
339,6,0.041,0.4,0.333,0.91,0.729,0.99,0.587,0.09
340,6,-0.252,-0.01,0.04,0.9,1.0,1.0,0.86,0.08
341,1,0.748,0.263,0.03,0.607,0.59,0.707,0.85,0.353
342,1,1.0,0.536,0.02,0.314,0.18,0.414,0.84,0.626
343,,0.99,0.526,0.01,0.304,0.17,0.404,0.83,0.616
344,,0.98,0.516,0.0,0.294,0.16,0.394,0.82,0.606
345,,0.97,0.506,-0.01,0.284,0.15,0.384,0.81,0.596
346,3,0.96,0.779,0.99,0.557,0.14,0.091,0.4,0.303
347,3,0.95,1.0,1.0,0.83,0.13,-0.202,-0.01,0.01
348,6,0.657,0.59,0.707,0.82,0.403,0.798,0.263,0.0
349,6,0.364,0.18,0.414,0.81,0.676,1.0,0.536,-0.01
350,8,0.637,0.17,0.121,0.4,0.383,0.99,0.809,0.99
351,8,0.91,0.16,-0.172,-0.01,0.09,0.98,1.0,1.0
352,3,0.9,0.433,0.828,0.263,0.08,0.687,0.59,0.707
353,3,0.89,0.706,1.0,0.536,0.07,0.394,0.18,0.414
354,,0.88,0.696,0.99,0.526,0.06,0.384,0.17,0.404
355,,0.87,0.686,0.98,0.516,0.05,0.374,0.16,0.394
356,,0.86,0.676,0.97,0.506,0.04,0.364,0.15,0.384
357,,0.85,0.666,0.96,0.496,0.03,0.354,0.14,0.374
358,,0.84,0.656,0.95,0.486,0.02,0.344,0.13,0.364
359,,0.83,0.646,0.94,0.476,0.01,0.334,0.12,0.354
360,,0.82,0.636,0.93,0.466,0.0,0.324,0.11,0.344
361,,0.81,0.626,0.92,0.456,-0.01,0.314,0.1,0.334
362,5,0.4,0.333,0.91,0.729,0.99,0.587,0.09,0.041
363,5,-0.01,0.04,0.9,1.0,1.0,0.86,0.08,-0.252
364,8,0.263,0.03,0.607,0.59,0.707,0.85,0.353,0.748
365,8,0.536,0.02,0.314,0.18,0.414,0.84,0.626,1.0
366,,0.526,0.01,0.304,0.17,0.404,0.83,0.616,0.99
367,,0.516,0.0,0.294,0.16,0.394,0.82,0.606,0.98
368,,0.506,-0.01,0.284,0.15,0.384,0.81,0.596,0.97
369,2,0.779,0.99,0.557,0.14,0.091,0.4,0.303,0.96
370,2,1.0,1.0,0.83,0.13,-0.202,-0.01,0.01,0.95
371,5,0.59,0.707,0.82,0.403,0.798,0.263,0.0,0.657
372,5,0.18,0.414,0.81,0.676,1.0,0.536,-0.01,0.364
373,7,0.17,0.121,0.4,0.383,0.99,0.809,0.99,0.637
374,7,0.16,-0.172,-0.01,0.09,0.98,1.0,1.0,0.91
375,2,0.433,0.828,0.263,0.08,0.687,0.59,0.707,0.9
376,2,0.706,1.0,0.536,0.07,0.394,0.18,0.414,0.89
377,,0.696,0.99,0.526,0.06,0.384,0.17,0.404,0.88
378,,0.686,0.98,0.516,0.05,0.374,0.16,0.394,0.87
379,,0.676,0.97,0.506,0.04,0.364,0.15,0.384,0.86
380,,0.666,0.96,0.496,0.03,0.354,0.14,0.374,0.85
381,,0.656,0.95,0.486,0.02,0.344,0.13,0.364,0.84
382,,0.646,0.94,0.476,0.01,0.334,0.12,0.354,0.83
383,,0.636,0.93,0.466,0.0,0.324,0.11,0.344,0.82
384,,0.626,0.92,0.456,-0.01,0.314,0.1,0.334,0.81
385,4,0.333,0.91,0.729,0.99,0.587,0.09,0.041,0.4
386,4,0.04,0.9,1.0,1.0,0.86,0.08,-0.252,-0.01
387,7,0.03,0.607,0.59,0.707,0.85,0.353,0.748,0.263
388,7,0.02,0.314,0.18,0.414,0.84,0.626,1.0,0.536
389,,0.01,0.304,0.17,0.404,0.83,0.616,0.99,0.526
390,,0.0,0.294,0.16,0.394,0.82,0.606,0.98,0.516
391,,-0.01,0.284,0.15,0.384,0.81,0.596,0.97,0.506
392,1,0.99,0.557,0.14,0.091,0.4,0.303,0.96,0.779
393,1,1.0,0.83,0.13,-0.202,-0.01,0.01,0.95,1.0
394,4,0.707,0.82,0.403,0.798,0.263,0.0,0.657,0.59
395,4,0.414,0.81,0.676,1.0,0.536,-0.01,0.364,0.18
396,6,0.121,0.4,0.383,0.99,0.809,0.99,0.637,0.17
397,6,-0.172,-0.01,0.09,0.98,1.0,1.0,0.91,0.16
398,1,0.828,0.263,0.08,0.687,0.59,0.707,0.9,0.433
399,1,1.0,0.536,0.07,0.394,0.18,0.414,0.89,0.706
400,,0.99,0.526,0.06,0.384,0.17,0.404,0.88,0.696
401,,0.98,0.516,0.05,0.374,0.16,0.394,0.87,0.686
402,,0.97,0.506,0.04,0.364,0.15,0.384,0.86,0.676
403,,0.96,0.496,0.03,0.354,0.14,0.374,0.85,0.666
404,,0.95,0.486,0.02,0.344,0.13,0.364,0.84,0.656
405,,0.94,0.476,0.01,0.334,0.12,0.354,0.83,0.646
406,,0.93,0.466,0.0,0.324,0.11,0.344,0.82,0.636
407,,0.92,0.456,-0.01,0.314,0.1,0.334,0.81,0.626
408,3,0.91,0.729,0.99,0.587,0.09,0.041,0.4,0.333
409,3,0.9,1.0,1.0,0.86,0.08,-0.252,-0.01,0.04
410,6,0.607,0.59,0.707,0.85,0.353,0.748,0.263,0.03
411,6,0.314,0.18,0.414,0.84,0.626,1.0,0.536,0.02
412,,0.304,0.17,0.404,0.83,0.616,0.99,0.526,0.01
413,,0.294,0.16,0.394,0.82,0.606,0.98,0.516,0.0
414,,0.284,0.15,0.384,0.81,0.596,0.97,0.506,-0.01
415,8,0.557,0.14,0.091,0.4,0.303,0.96,0.779,0.99
416,8,0.83,0.13,-0.202,-0.01,0.01,0.95,1.0,1.0
417,3,0.82,0.403,0.798,0.263,0.0,0.657,0.59,0.707
418,3,0.81,0.676,1.0,0.536,-0.01,0.364,0.18,0.414
419,5,0.4,0.383,0.99,0.809,0.99,0.637,0.17,0.121
420,5,-0.01,0.09,0.98,1.0,1.0,0.91,0.16,-0.172
421,8,0.263,0.08,0.687,0.59,0.707,0.9,0.433,0.828
422,8,0.536,0.07,0.394,0.18,0.414,0.89,0.706,1.0
423,,0.526,0.06,0.384,0.17,0.404,0.88,0.696,0.99
424,,0.516,0.05,0.374,0.16,0.394,0.87,0.686,0.98
425,,0.506,0.04,0.364,0.15,0.384,0.86,0.676,0.97
426,,0.496,0.03,0.354,0.14,0.374,0.85,0.666,0.96
427,,0.486,0.02,0.344,0.13,0.364,0.84,0.656,0.95
428,,0.476,0.01,0.334,0.12,0.354,0.83,0.646,0.94
429,,0.466,0.0,0.324,0.11,0.344,0.82,0.636,0.93
430,,0.456,-0.01,0.314,0.1,0.334,0.81,0.626,0.92
431,2,0.729,0.99,0.587,0.09,0.041,0.4,0.333,0.91
432,2,1.0,1.0,0.86,0.08,-0.252,-0.01,0.04,0.9
433,5,0.59,0.707,0.85,0.353,0.748,0.263,0.03,0.607
434,5,0.18,0.414,0.84,0.626,1.0,0.536,0.02,0.314
435,,0.17,0.404,0.83,0.616,0.99,0.526,0.01,0.304
436,,0.16,0.394,0.82,0.606,0.98,0.516,0.0,0.294
437,,0.15,0.384,0.81,0.596,0.97,0.506,-0.01,0.284
438,7,0.14,0.091,0.4,0.303,0.96,0.779,0.99,0.557
439,7,0.13,-0.202,-0.01,0.01,0.95,1.0,1.0,0.83
440,2,0.403,0.798,0.263,0.0,0.657,0.59,0.707,0.82
441,2,0.676,1.0,0.536,-0.01,0.364,0.18,0.414,0.81
442,4,0.383,0.99,0.809,0.99,0.637,0.17,0.121,0.4
443,4,0.09,0.98,1.0,1.0,0.91,0.16,-0.172,-0.01
444,7,0.08,0.687,0.59,0.707,0.9,0.433,0.828,0.263
445,7,0.07,0.394,0.18,0.414,0.89,0.706,1.0,0.536
446,,0.06,0.384,0.17,0.404,0.88,0.696,0.99,0.526
447,,0.05,0.374,0.16,0.394,0.87,0.686,0.98,0.516
448,,0.04,0.364,0.15,0.384,0.86,0.676,0.97,0.506
449,,0.03,0.354,0.14,0.374,0.85,0.666,0.96,0.496
450,,0.02,0.344,0.13,0.364,0.84,0.656,0.95,0.486
451,,0.01,0.334,0.12,0.354,0.83,0.646,0.94,0.476
452,,0.0,0.324,0.11,0.344,0.82,0.636,0.93,0.466
453,,-0.01,0.314,0.1,0.334,0.81,0.626,0.92,0.456
454,1,0.99,0.587,0.09,0.041,0.4,0.333,0.91,0.729
455,1,1.0,0.86,0.08,-0.252,-0.01,0.04,0.9,1.0
456,4,0.707,0.85,0.353,0.748,0.263,0.03,0.607,0.59
457,4,0.414,0.84,0.626,1.0,0.536,0.02,0.314,0.18
458,,0.404,0.83,0.616,0.99,0.526,0.01,0.304,0.17
459,,0.394,0.82,0.606,0.98,0.516,0.0,0.294,0.16
460,,0.384,0.81,0.596,0.97,0.506,-0.01,0.284,0.15
461,6,0.091,0.4,0.303,0.96,0.779,0.99,0.557,0.14
462,6,-0.202,-0.01,0.01,0.95,1.0,1.0,0.83,0.13
463,1,0.798,0.263,0.0,0.657,0.59,0.707,0.82,0.403
464,1,1.0,0.536,-0.01,0.364,0.18,0.414,0.81,0.676
465,3,0.99,0.809,0.99,0.637,0.17,0.121,0.4,0.383
466,3,0.98,1.0,1.0,0.91,0.16,-0.172,-0.01,0.09
467,6,0.687,0.59,0.707,0.9,0.433,0.828,0.263,0.08
468,6,0.394,0.18,0.414,0.89,0.706,1.0,0.536,0.07
469,,0.384,0.17,0.404,0.88,0.696,0.99,0.526,0.06
470,,0.374,0.16,0.394,0.87,0.686,0.98,0.516,0.05
471,,0.364,0.15,0.384,0.86,0.676,0.97,0.506,0.04
472,,0.354,0.14,0.374,0.85,0.666,0.96,0.496,0.03
473,,0.344,0.13,0.364,0.84,0.656,0.95,0.486,0.02
474,,0.334,0.12,0.354,0.83,0.646,0.94,0.476,0.01
475,,0.324,0.11,0.344,0.82,0.636,0.93,0.466,0.0
476,,0.314,0.1,0.334,0.81,0.626,0.92,0.456,-0.01
477,8,0.587,0.09,0.041,0.4,0.333,0.91,0.729,0.99
478,8,0.86,0.08,-0.252,-0.01,0.04,0.9,1.0,1.0
479,3,0.85,0.353,0.748,0.263,0.03,0.607,0.59,0.707
480,3,0.84,0.626,1.0,0.536,0.02,0.314,0.18,0.414
481,,0.83,0.616,0.99,0.526,0.01,0.304,0.17,0.404
482,,0.82,0.606,0.98,0.516,0.0,0.294,0.16,0.394
483,,0.81,0.596,0.97,0.506,-0.01,0.284,0.15,0.384
484,5,0.4,0.303,0.96,0.779,0.99,0.557,0.14,0.091
485,5,-0.01,0.01,0.95,1.0,1.0,0.83,0.13,-0.202
486,8,0.263,0.0,0.657,0.59,0.707,0.82,0.403,0.798
487,8,0.536,-0.01,0.364,0.18,0.414,0.81,0.676,1.0
488,2,0.809,0.99,0.637,0.17,0.121,0.4,0.383,0.99
489,2,1.0,1.0,0.91,0.16,-0.172,-0.01,0.09,0.98
490,5,0.59,0.707,0.9,0.433,0.828,0.263,0.08,0.687
491,5,0.18,0.414,0.89,0.706,1.0,0.536,0.07,0.394
492,,0.17,0.404,0.88,0.696,0.99,0.526,0.06,0.384
493,,0.16,0.394,0.87,0.686,0.98,0.516,0.05,0.374
494,,0.15,0.384,0.86,0.676,0.97,0.506,0.04,0.364
495,,0.14,0.374,0.85,0.666,0.96,0.496,0.03,0.354
496,,0.13,0.364,0.84,0.656,0.95,0.486,0.02,0.344
497,,0.12,0.354,0.83,0.646,0.94,0.476,0.01,0.334
498,,0.11,0.344,0.82,0.636,0.93,0.466,0.0,0.324
499,,0.1,0.334,0.81,0.626,0.92,0.456,-0.01,0.314
500,7,0.09,0.041,0.4,0.333,0.91,0.729,0.99,0.587
501,7,0.08,-0.252,-0.01,0.04,0.9,1.0,1.0,0.86
502,2,0.353,0.748,0.263,0.03,0.607,0.59,0.707,0.85
503,2,0.626,1.0,0.536,0.02,0.314,0.18,0.414,0.84
504,,0.616,0.99,0.526,0.01,0.304,0.17,0.404,0.83
505,,0.606,0.98,0.516,0.0,0.294,0.16,0.394,0.82
506,,0.596,0.97,0.506,-0.01,0.284,0.15,0.384,0.81
507,4,0.303,0.96,0.779,0.99,0.557,0.14,0.091,0.4
508,4,0.01,0.95,1.0,1.0,0.83,0.13,-0.202,-0.01
509,7,0.0,0.657,0.59,0.707,0.82,0.403,0.798,0.263
510,7,-0.01,0.364,0.18,0.414,0.81,0.676,1.0,0.536
511,1,0.99,0.637,0.17,0.121,0.4,0.383,0.99,0.809
512,1,1.0,0.91,0.16,-0.172,-0.01,0.09,0.98,1.0
513,4,0.707,0.9,0.433,0.828,0.263,0.08,0.687,0.59
514,4,0.414,0.89,0.706,1.0,0.536,0.07,0.394,0.18
515,,0.404,0.88,0.696,0.99,0.526,0.06,0.384,0.17
516,,0.394,0.87,0.686,0.98,0.516,0.05,0.374,0.16
517,,0.384,0.86,0.676,0.97,0.506,0.04,0.364,0.15
518,,0.374,0.85,0.666,0.96,0.496,0.03,0.354,0.14
519,,0.364,0.84,0.656,0.95,0.486,0.02,0.344,0.13
520,,0.354,0.83,0.646,0.94,0.476,0.01,0.334,0.12
521,,0.344,0.82,0.636,0.93,0.466,0.0,0.324,0.11
522,,0.334,0.81,0.626,0.92,0.456,-0.01,0.314,0.1
523,6,0.041,0.4,0.333,0.91,0.729,0.99,0.587,0.09
524,6,-0.252,-0.01,0.04,0.9,1.0,1.0,0.86,0.08
525,1,0.748,0.263,0.03,0.607,0.59,0.707,0.85,0.353
526,1,1.0,0.536,0.02,0.314,0.18,0.414,0.84,0.626
527,,0.99,0.526,0.01,0.304,0.17,0.404,0.83,0.616
528,,0.98,0.516,0.0,0.294,0.16,0.394,0.82,0.606
529,,0.97,0.506,-0.01,0.284,0.15,0.384,0.81,0.596
530,3,0.96,0.779,0.99,0.557,0.14,0.091,0.4,0.303
531,3,0.95,1.0,1.0,0.83,0.13,-0.202,-0.01,0.01
532,6,0.657,0.59,0.707,0.82,0.403,0.798,0.263,0.0
533,6,0.364,0.18,0.414,0.81,0.676,1.0,0.536,-0.01
534,8,0.637,0.17,0.121,0.4,0.383,0.99,0.809,0.99
535,8,0.91,0.16,-0.172,-0.01,0.09,0.98,1.0,1.0
536,3,0.9,0.433,0.828,0.263,0.08,0.687,0.59,0.707
537,3,0.89,0.706,1.0,0.536,0.07,0.394,0.18,0.414
538,,0.88,0.696,0.99,0.526,0.06,0.384,0.17,0.404
539,,0.87,0.686,0.98,0.516,0.05,0.374,0.16,0.394
540,,0.86,0.676,0.97,0.506,0.04,0.364,0.15,0.384
541,,0.85,0.666,0.96,0.496,0.03,0.354,0.14,0.374
542,,0.84,0.656,0.95,0.486,0.02,0.344,0.13,0.364
543,,0.83,0.646,0.94,0.476,0.01,0.334,0.12,0.354
544,,0.82,0.636,0.93,0.466,0.0,0.324,0.11,0.344
545,,0.81,0.626,0.92,0.456,-0.01,0.314,0.1,0.334
546,5,0.4,0.333,0.91,0.729,0.99,0.587,0.09,0.041
547,5,-0.01,0.04,0.9,1.0,1.0,0.86,0.08,-0.252
548,8,0.263,0.03,0.607,0.59,0.707,0.85,0.353,0.748
549,8,0.536,0.02,0.314,0.18,0.414,0.84,0.626,1.0
550,,0.526,0.01,0.304,0.17,0.404,0.83,0.616,0.99
551,,0.516,0.0,0.294,0.16,0.394,0.82,0.606,0.98
552,,0.506,-0.01,0.284,0.15,0.384,0.81,0.596,0.97
553,2,0.779,0.99,0.557,0.14,0.091,0.4,0.303,0.96
554,2,1.0,1.0,0.83,0.13,-0.202,-0.01,0.01,0.95
555,5,0.59,0.707,0.82,0.403,0.798,0.263,0.0,0.657
556,5,0.18,0.414,0.81,0.676,1.0,0.536,-0.01,0.364
557,7,0.17,0.121,0.4,0.383,0.99,0.809,0.99,0.637
558,7,0.16,-0.172,-0.01,0.09,0.98,1.0,1.0,0.91
559,2,0.433,0.828,0.263,0.08,0.687,0.59,0.707,0.9
560,2,0.706,1.0,0.536,0.07,0.394,0.18,0.414,0.89
561,,0.696,0.99,0.526,0.06,0.384,0.17,0.404,0.88
562,,0.686,0.98,0.516,0.05,0.374,0.16,0.394,0.87
563,,0.676,0.97,0.506,0.04,0.364,0.15,0.384,0.86
564,,0.666,0.96,0.496,0.03,0.354,0.14,0.374,0.85
565,,0.656,0.95,0.486,0.02,0.344,0.13,0.364,0.84
566,,0.646,0.94,0.476,0.01,0.334,0.12,0.354,0.83
567,,0.636,0.93,0.466,0.0,0.324,0.11,0.344,0.82
568,,0.626,0.92,0.456,-0.01,0.314,0.1,0.334,0.81
569,4,0.333,0.91,0.729,0.99,0.587,0.09,0.041,0.4
570,4,0.04,0.9,1.0,1.0,0.86,0.08,-0.252,-0.01
571,7,0.03,0.607,0.59,0.707,0.85,0.353,0.748,0.263
572,7,0.02,0.314,0.18,0.414,0.84,0.626,1.0,0.536
573,,0.01,0.304,0.17,0.404,0.83,0.616,0.99,0.526
574,,0.0,0.294,0.16,0.394,0.82,0.606,0.98,0.516
575,,-0.01,0.284,0.15,0.384,0.81,0.596,0.97,0.506
576,1,0.99,0.557,0.14,0.091,0.4,0.303,0.96,0.779
577,1,1.0,0.83,0.13,-0.202,-0.01,0.01,0.95,1.0
578,4,0.707,0.82,0.403,0.798,0.263,0.0,0.657,0.59
579,4,0.414,0.81,0.676,1.0,0.536,-0.01,0.364,0.18
580,6,0.121,0.4,0.383,0.99,0.809,0.99,0.637,0.17
581,6,-0.172,-0.01,0.09,0.98,1.0,1.0,0.91,0.16
582,1,0.828,0.263,0.08,0.687,0.59,0.707,0.9,0.433
583,1,1.0,0.536,0.07,0.394,0.18,0.414,0.89,0.706
584,,0.99,0.526,0.06,0.384,0.17,0.404,0.88,0.696
585,,0.98,0.516,0.05,0.374,0.16,0.394,0.87,0.686
586,,0.97,0.506,0.04,0.364,0.15,0.384,0.86,0.676
587,,0.96,0.496,0.03,0.354,0.14,0.374,0.85,0.666
588,,0.95,0.486,0.02,0.344,0.13,0.364,0.84,0.656
589,,0.94,0.476,0.01,0.334,0.12,0.354,0.83,0.646
590,,0.93,0.466,0.0,0.324,0.11,0.344,0.82,0.636
591,,0.92,0.456,-0.01,0.314,0.1,0.334,0.81,0.626
592,3,0.91,0.729,0.99,0.587,0.09,0.041,0.4,0.333
593,3,0.9,1.0,1.0,0.86,0.08,-0.252,-0.01,0.04
594,6,0.607,0.59,0.707,0.85,0.353,0.748,0.263,0.03
595,6,0.314,0.18,0.414,0.84,0.626,1.0,0.536,0.02
596,,0.304,0.17,0.404,0.83,0.616,0.99,0.526,0.01
597,,0.294,0.16,0.394,0.82,0.606,0.98,0.516,0.0
598,,0.284,0.15,0.384,0.81,0.596,0.97,0.506,-0.01
599,8,0.557,0.14,0.091,0.4,0.303,0.96,0.779,0.99
600,8,0.83,0.13,-0.202,-0.01,0.01,0.95,1.0,1.0
601,3,0.82,0.403,0.798,0.263,0.0,0.657,0.59,0.707
602,3,0.81,0.676,1.0,0.536,-0.01,0.364,0.18,0.414
603,5,0.4,0.383,0.99,0.809,0.99,0.637,0.17,0.121
604,5,-0.01,0.09,0.98,1.0,1.0,0.91,0.16,-0.172
605,8,0.263,0.08,0.687,0.59,0.707,0.9,0.433,0.828
606,8,0.536,0.07,0.394,0.18,0.414,0.89,0.706,1.0
607,,0.526,0.06,0.384,0.17,0.404,0.88,0.696,0.99
608,,0.516,0.05,0.374,0.16,0.394,0.87,0.686,0.98
609,,0.506,0.04,0.364,0.15,0.384,0.86,0.676,0.97
610,,0.496,0.03,0.354,0.14,0.374,0.85,0.666,0.96
611,,0.486,0.02,0.344,0.13,0.364,0.84,0.656,0.95
612,,0.476,0.01,0.334,0.12,0.354,0.83,0.646,0.94
613,,0.466,0.0,0.324,0.11,0.344,0.82,0.636,0.93
614,,0.456,-0.01,0.314,0.1,0.334,0.81,0.626,0.92
615,2,0.729,0.99,0.587,0.09,0.041,0.4,0.333,0.91
616,2,1.0,1.0,0.86,0.08,-0.252,-0.01,0.04,0.9
617,5,0.59,0.707,0.85,0.353,0.748,0.263,0.03,0.607
618,5,0.18,0.414,0.84,0.626,1.0,0.536,0.02,0.314
619,,0.17,0.404,0.83,0.616,0.99,0.526,0.01,0.304
620,,0.16,0.394,0.82,0.606,0.98,0.516,0.0,0.294
621,,0.15,0.384,0.81,0.596,0.97,0.506,-0.01,0.284
622,7,0.14,0.091,0.4,0.303,0.96,0.779,0.99,0.557
623,7,0.13,-0.202,-0.01,0.01,0.95,1.0,1.0,0.83
624,2,0.403,0.798,0.263,0.0,0.657,0.59,0.707,0.82
625,2,0.676,1.0,0.536,-0.01,0.364,0.18,0.414,0.81
626,4,0.383,0.99,0.809,0.99,0.637,0.17,0.121,0.4
627,4,0.09,0.98,1.0,1.0,0.91,0.16,-0.172,-0.01
628,7,0.08,0.687,0.59,0.707,0.9,0.433,0.828,0.263
629,7,0.07,0.394,0.18,0.414,0.89,0.706,1.0,0.536
630,,0.06,0.384,0.17,0.404,0.88,0.696,0.99,0.526
631,,0.05,0.374,0.16,0.394,0.87,0.686,0.98,0.516
632,,0.04,0.364,0.15,0.384,0.86,0.676,0.97,0.506
633,,0.03,0.354,0.14,0.374,0.85,0.666,0.96,0.496
634,,0.02,0.344,0.13,0.364,0.84,0.656,0.95,0.486
635,,0.01,0.334,0.12,0.354,0.83,0.646,0.94,0.476
636,,0.0,0.324,0.11,0.344,0.82,0.636,0.93,0.466
637,,-0.01,0.314,0.1,0.334,0.81,0.626,0.92,0.456
638,1,0.99,0.587,0.09,0.041,0.4,0.333,0.91,0.729
639,1,1.0,0.86,0.08,-0.252,-0.01,0.04,0.9,1.0
640,4,0.707,0.85,0.353,0.748,0.263,0.03,0.607,0.59
641,4,0.414,0.84,0.626,1.0,0.536,0.02,0.314,0.18
642,,0.404,0.83,0.616,0.99,0.526,0.01,0.304,0.17
643,,0.394,0.82,0.606,0.98,0.516,0.0,0.294,0.16
644,,0.384,0.81,0.596,0.97,0.506,-0.01,0.284,0.15
645,6,0.091,0.4,0.303,0.96,0.779,0.99,0.557,0.14
646,6,-0.202,-0.01,0.01,0.95,1.0,1.0,0.83,0.13
647,1,0.798,0.263,0.0,0.657,0.59,0.707,0.82,0.403
648,1,1.0,0.536,-0.01,0.364,0.18,0.414,0.81,0.676
649,3,0.99,0.809,0.99,0.637,0.17,0.121,0.4,0.383
650,3,0.98,1.0,1.0,0.91,0.16,-0.172,-0.01,0.09
651,6,0.687,0.59,0.707,0.9,0.433,0.828,0.263,0.08
652,6,0.394,0.18,0.414,0.89,0.706,1.0,0.536,0.07
653,,0.384,0.17,0.404,0.88,0.696,0.99,0.526,0.06
654,,0.374,0.16,0.394,0.87,0.686,0.98,0.516,0.05
655,,0.364,0.15,0.384,0.86,0.676,0.97,0.506,0.04
656,,0.354,0.14,0.374,0.85,0.666,0.96,0.496,0.03
657,,0.344,0.13,0.364,0.84,0.656,0.95,0.486,0.02
658,,0.334,0.12,0.354,0.83,0.646,0.94,0.476,0.01
659,,0.324,0.11,0.344,0.82,0.636,0.93,0.466,0.0
660,,0.314,0.1,0.334,0.81,0.626,0.92,0.456,-0.01
661,8,0.587,0.09,0.041,0.4,0.333,0.91,0.729,0.99
662,8,0.86,0.08,-0.252,-0.01,0.04,0.9,1.0,1.0
663,3,0.85,0.353,0.748,0.263,0.03,0.607,0.59,0.707
664,3,0.84,0.626,1.0,0.536,0.02,0.314,0.18,0.414
665,,0.83,0.616,0.99,0.526,0.01,0.304,0.17,0.404
666,,0.82,0.606,0.98,0.516,0.0,0.294,0.16,0.394
667,,0.81,0.596,0.97,0.506,-0.01,0.284,0.15,0.384
668,5,0.4,0.303,0.96,0.779,0.99,0.557,0.14,0.091
669,5,-0.01,0.01,0.95,1.0,1.0,0.83,0.13,-0.202
670,8,0.263,0.0,0.657,0.59,0.707,0.82,0.403,0.798
671,8,0.536,-0.01,0.364,0.18,0.414,0.81,0.676,1.0
672,2,0.809,0.99,0.637,0.17,0.121,0.4,0.383,0.99
673,2,1.0,1.0,0.91,0.16,-0.172,-0.01,0.09,0.98
674,5,0.59,0.707,0.9,0.433,0.828,0.263,0.08,0.687
675,5,0.18,0.414,0.89,0.706,1.0,0.536,0.07,0.394
676,,0.17,0.404,0.88,0.696,0.99,0.526,0.06,0.384
677,,0.16,0.394,0.87,0.686,0.98,0.516,0.05,0.374
678,,0.15,0.384,0.86,0.676,0.97,0.506,0.04,0.364
679,,0.14,0.374,0.85,0.666,0.96,0.496,0.03,0.354
680,,0.13,0.364,0.84,0.656,0.95,0.486,0.02,0.344
681,,0.12,0.354,0.83,0.646,0.94,0.476,0.01,0.334
682,,0.11,0.344,0.82,0.636,0.93,0.466,0.0,0.324
683,,0.1,0.334,0.81,0.626,0.92,0.456,-0.01,0.314
684,7,0.09,0.041,0.4,0.333,0.91,0.729,0.99,0.587
685,7,0.08,-0.252,-0.01,0.04,0.9,1.0,1.0,0.86
686,2,0.353,0.748,0.263,0.03,0.607,0.59,0.707,0.85
687,2,0.626,1.0,0.536,0.02,0.314,0.18,0.414,0.84
688,,0.616,0.99,0.526,0.01,0.304,0.17,0.404,0.83
689,,0.606,0.98,0.516,0.0,0.294,0.16,0.394,0.82
690,,0.596,0.97,0.506,-0.01,0.284,0.15,0.384,0.81
691,4,0.303,0.96,0.779,0.99,0.557,0.14,0.091,0.4
692,4,0.01,0.95,1.0,1.0,0.83,0.13,-0.202,-0.01
693,7,0.0,0.657,0.59,0.707,0.82,0.403,0.798,0.263
694,7,-0.01,0.364,0.18,0.414,0.81,0.676,1.0,0.536
695,1,0.99,0.637,0.17,0.121,0.4,0.383,0.99,0.809
696,1,1.0,0.91,0.16,-0.172,-0.01,0.09,0.98,1.0
697,4,0.707,0.9,0.433,0.828,0.263,0.08,0.687,0.59
698,4,0.414,0.89,0.706,1.0,0.536,0.07,0.394,0.18
699,,0.404,0.88,0.696,0.99,0.526,0.06,0.384,0.17
700,,0.394,0.87,0.686,0.98,0.516,0.05,0.374,0.16
701,,0.384,0.86,0.676,0.97,0.506,0.04,0.364,0.15
702,,0.374,0.85,0.666,0.96,0.496,0.03,0.354,0.14
703,,0.364,0.84,0.656,0.95,0.486,0.02,0.344,0.13
704,,0.354,0.83,0.646,0.94,0.476,0.01,0.334,0.12
705,,0.344,0.82,0.636,0.93,0.466,0.0,0.324,0.11
706,,0.334,0.81,0.626,0.92,0.456,-0.01,0.314,0.1
707,6,0.041,0.4,0.333,0.91,0.729,0.99,0.587,0.09
708,6,-0.252,-0.01,0.04,0.9,1.0,1.0,0.86,0.08
709,1,0.748,0.263,0.03,0.607,0.59,0.707,0.85,0.353
710,1,1.0,0.536,0.02,0.314,0.18,0.414,0.84,0.626
711,,0.99,0.526,0.01,0.304,0.17,0.404,0.83,0.616
712,,0.98,0.516,0.0,0.294,0.16,0.394,0.82,0.606
713,,0.97,0.506,-0.01,0.284,0.15,0.384,0.81,0.596
714,3,0.96,0.779,0.99,0.557,0.14,0.091,0.4,0.303
715,3,0.95,1.0,1.0,0.83,0.13,-0.202,-0.01,0.01
716,6,0.657,0.59,0.707,0.82,0.403,0.798,0.263,0.0
717,6,0.364,0.18,0.414,0.81,0.676,1.0,0.536,-0.01
718,8,0.637,0.17,0.121,0.4,0.383,0.99,0.809,0.99
719,8,0.91,0.16,-0.172,-0.01,0.09,0.98,1.0,1.0
720,3,0.9,0.433,0.828,0.263,0.08,0.687,0.59,0.707
721,3,0.89,0.706,1.0,0.536,0.07,0.394,0.18,0.414
722,,0.88,0.696,0.99,0.526,0.06,0.384,0.17,0.404
723,,0.87,0.686,0.98,0.516,0.05,0.374,0.16,0.394
724,,0.86,0.676,0.97,0.506,0.04,0.364,0.15,0.384
725,,0.85,0.666,0.96,0.496,0.03,0.354,0.14,0.374
726,,0.84,0.656,0.95,0.486,0.02,0.344,0.13,0.364
727,,0.83,0.646,0.94,0.476,0.01,0.334,0.12,0.354
728,,0.82,0.636,0.93,0.466,0.0,0.324,0.11,0.344
729,,0.81,0.626,0.92,0.456,-0.01,0.314,0.1,0.334
730,5,0.4,0.333,0.91,0.729,0.99,0.587,0.09,0.041
731,5,-0.01,0.04,0.9,1.0,1.0,0.86,0.08,-0.252
732,8,0.263,0.03,0.607,0.59,0.707,0.85,0.353,0.748
733,8,0.536,0.02,0.314,0.18,0.414,0.84,0.626,1.0
734,,0.526,0.01,0.304,0.17,0.404,0.83,0.616,0.99
735,,0.516,0.0,0.294,0.16,0.394,0.82,0.606,0.98
736,,0.506,-0.01,0.284,0.15,0.384,0.81,0.596,0.97
737,2,0.779,0.99,0.557,0.14,0.091,0.4,0.303,0.96
738,2,1.0,1.0,0.83,0.13,-0.202,-0.01,0.01,0.95
739,5,0.59,0.707,0.82,0.403,0.798,0.263,0.0,0.657
740,5,0.18,0.414,0.81,0.676,1.0,0.536,-0.01,0.364
741,7,0.17,0.121,0.4,0.383,0.99,0.809,0.99,0.637
742,7,0.16,-0.172,-0.01,0.09,0.98,1.0,1.0,0.91
743,2,0.433,0.828,0.263,0.08,0.687,0.59,0.707,0.9
744,2,0.706,1.0,0.536,0.07,0.394,0.18,0.414,0.89
745,,0.696,0.99,0.526,0.06,0.384,0.17,0.404,0.88
746,,0.686,0.98,0.516,0.05,0.374,0.16,0.394,0.87
747,,0.676,0.97,0.506,0.04,0.364,0.15,0.384,0.86
748,,0.666,0.96,0.496,0.03,0.354,0.14,0.374,0.85
749,,0.656,0.95,0.486,0.02,0.344,0.13,0.364,0.84
750,,0.646,0.94,0.476,0.01,0.334,0.12,0.354,0.83
751,,0.636,0.93,0.466,0.0,0.324,0.11,0.344,0.82
752,,0.626,0.92,0.456,-0.01,0.314,0.1,0.334,0.81
753,4,0.333,0.91,0.729,0.99,0.587,0.09,0.041,0.4
754,4,0.04,0.9,1.0,1.0,0.86,0.08,-0.252,-0.01
755,7,0.03,0.607,0.59,0.707,0.85,0.353,0.748,0.263
756,7,0.02,0.314,0.18,0.414,0.84,0.626,1.0,0.536
757,,0.01,0.304,0.17,0.404,0.83,0.616,0.99,0.526
758,,0.0,0.294,0.16,0.394,0.82,0.606,0.98,0.516
759,,-0.01,0.284,0.15,0.384,0.81,0.596,0.97,0.506
760,1,0.99,0.557,0.14,0.091,0.4,0.303,0.96,0.779
761,1,1.0,0.83,0.13,-0.202,-0.01,0.01,0.95,1.0
762,4,0.707,0.82,0.403,0.798,0.263,0.0,0.657,0.59
763,4,0.414,0.81,0.676,1.0,0.536,-0.01,0.364,0.18
764,6,0.121,0.4,0.383,0.99,0.809,0.99,0.637,0.17
765,6,-0.172,-0.01,0.09,0.98,1.0,1.0,0.91,0.16
766,1,0.828,0.263,0.08,0.687,0.59,0.707,0.9,0.433
767,1,1.0,0.536,0.07,0.394,0.18,0.414,0.89,0.706
768,,0.99,0.526,0.06,0.384,0.17,0.404,0.88,0.696
769,,0.98,0.516,0.05,0.374,0.16,0.394,0.87,0.686
770,,0.97,0.506,0.04,0.364,0.15,0.384,0.86,0.676
771,,0.96,0.496,0.03,0.354,0.14,0.374,0.85,0.666
772,,0.95,0.486,0.02,0.344,0.13,0.364,0.84,0.656
773,,0.94,0.476,0.01,0.334,0.12,0.354,0.83,0.646
774,,0.93,0.466,0.0,0.324,0.11,0.344,0.82,0.636
775,,0.92,0.456,-0.01,0.314,0.1,0.334,0.81,0.626
776,3,0.91,0.729,0.99,0.587,0.09,0.041,0.4,0.333
777,3,0.9,1.0,1.0,0.86,0.08,-0.252,-0.01,0.04
778,6,0.607,0.59,0.707,0.85,0.353,0.748,0.263,0.03
779,6,0.314,0.18,0.414,0.84,0.626,1.0,0.536,0.02
780,,0.304,0.17,0.404,0.83,0.616,0.99,0.526,0.01
781,,0.294,0.16,0.394,0.82,0.606,0.98,0.516,0.0
782,,0.284,0.15,0.384,0.81,0.596,0.97,0.506,-0.01
783,8,0.557,0.14,0.091,0.4,0.303,0.96,0.779,0.99
784,8,0.83,0.13,-0.202,-0.01,0.01,0.95,1.0,1.0
785,3,0.82,0.403,0.798,0.263,0.0,0.657,0.59,0.707
786,3,0.81,0.676,1.0,0.536,-0.01,0.364,0.18,0.414
787,5,0.4,0.383,0.99,0.809,0.99,0.637,0.17,0.121
788,5,-0.01,0.09,0.98,1.0,1.0,0.91,0.16,-0.172
789,8,0.263,0.08,0.687,0.59,0.707,0.9,0.433,0.828
790,8,0.536,0.07,0.394,0.18,0.414,0.89,0.706,1.0
791,,0.526,0.06,0.384,0.17,0.404,0.88,0.696,0.99
792,,0.516,0.05,0.374,0.16,0.394,0.87,0.686,0.98
793,,0.506,0.04,0.364,0.15,0.384,0.86,0.676,0.97
794,,0.496,0.03,0.354,0.14,0.374,0.85,0.666,0.96
795,,0.486,0.02,0.344,0.13,0.364,0.84,0.656,0.95
796,,0.476,0.01,0.334,0.12,0.354,0.83,0.646,0.94
797,,0.466,0.0,0.324,0.11,0.344,0.82,0.636,0.93
798,,0.456,-0.01,0.314,0.1,0.334,0.81,0.626,0.92
799,2,0.729,0.99,0.587,0.09,0.041,0.4,0.333,0.91
800,2,1.0,1.0,0.86,0.08,-0.252,-0.01,0.04,0.9
801,5,0.59,0.707,0.85,0.353,0.748,0.263,0.03,0.607
802,5,0.18,0.414,0.84,0.626,1.0,0.536,0.02,0.314
803,,0.17,0.404,0.83,0.616,0.99,0.526,0.01,0.304
804,,0.16,0.394,0.82,0.606,0.98,0.516,0.0,0.294
805,,0.15,0.384,0.81,0.596,0.97,0.506,-0.01,0.284
