step,active_motive,motive_1,motive_2,motive_3,motive_4,motive_5,motive_6,motive_7,motive_8
0,,0.64963,0.84922,0.65761,0.56831,0.09367,0.36772,0.2652,0.24399
1,,0.63963,0.83922,0.64761,0.55831,0.08367,0.35772,0.2552,0.23399
2,,0.62963,0.82922,0.63761,0.54831,0.07367,0.34772,0.2452,0.22399
3,,0.61963,0.81922,0.62761,0.53831,0.06367,0.33772,0.2352,0.21399
4,,0.60963,0.80922,0.61761,0.52831,0.05367,0.32772,0.2252,0.20399
5,,0.59963,0.79922,0.60761,0.51831,0.04367,0.31772,0.2152,0.19399
6,,0.58963,0.78922,0.59761,0.50831,0.03367,0.30772,0.2052,0.18399
7,,0.57963,0.77922,0.58761,0.49831,0.02367,0.29772,0.1952,0.17399
8,,0.56963,0.76922,0.57761,0.48831,0.01367,0.28772,0.1852,0.16399
9,,0.55963,0.75922,0.56761,0.47831,0.00367,0.27772,0.1752,0.15399
10,,0.54963,0.74922,0.55761,0.46831,-0.00633,0.26772,0.1652,0.14399
11,5,0.13963,0.45622,0.54761,0.74131,0.99367,0.54072,0.1552,-0.14901
12,5,-0.27037,0.16322,0.53761,1.0,1.0,0.81372,0.1452,-0.44201
13,8,0.00263,0.15322,0.24461,0.59,0.707,0.80372,0.4182,0.55799
14,8,0.27563,0.14322,-0.04839,0.18,0.414,0.79372,0.6912,1.0
15,3,0.26563,0.41622,0.95161,0.453,0.404,0.50072,0.2812,0.707
16,3,0.25563,0.68922,1.0,0.726,0.394,0.20772,-0.1288,0.414
17,7,0.24563,0.39622,0.59,0.433,0.384,0.48072,0.8712,0.687
18,7,0.23563,0.10322,0.18,0.14,0.374,0.75372,1.0,0.96
19,,0.22563,0.09322,0.17,0.13,0.364,0.74372,0.99,0.95
20,,0.21563,0.08322,0.16,0.12,0.354,0.73372,0.98,0.94
21,,0.20563,0.07322,0.15,0.11,0.344,0.72372,0.97,0.93
22,,0.19563,0.06322,0.14,0.1,0.334,0.71372,0.96,0.92
23,,0.18563,0.05322,0.13,0.09,0.324,0.70372,0.95,0.91
24,,0.17563,0.04322,0.12,0.08,0.314,0.69372,0.94,0.9
25,,0.16563,0.03322,0.11,0.07,0.304,0.68372,0.93,0.89
26,,0.15563,0.02322,0.1,0.06,0.294,0.67372,0.92,0.88
27,,0.14563,0.01322,0.09,0.05,0.284,0.66372,0.91,0.87
28,,0.13563,0.00322,0.08,0.04,0.274,0.65372,0.9,0.86
29,,0.12563,-0.00678,0.07,0.03,0.264,0.64372,0.89,0.85
30,2,0.39863,0.99322,0.343,0.02,-0.029,0.23372,0.597,0.84
31,2,0.67163,1.0,0.616,0.01,-0.322,-0.17628,0.304,0.83
32,5,0.26163,0.707,0.606,0.283,0.678,0.09672,0.294,0.537
33,5,-0.14837,0.414,0.596,0.556,1.0,0.36972,0.284,0.244
34,1,0.85163,0.687,0.586,0.263,0.59,0.07672,0.274,0.517
35,1,1.0,0.96,0.576,-0.03,0.18,-0.21628,0.264,0.79
36,6,0.707,0.55,0.283,-0.04,0.453,0.78372,0.537,0.78
37,6,0.414,0.14,-0.01,-0.05,0.726,1.0,0.81,0.77
38,4,0.121,0.13,0.263,0.95,0.999,0.99,0.517,0.36
39,4,-0.172,0.12,0.536,1.0,1.0,0.98,0.224,-0.05
40,1,0.828,0.393,0.526,0.707,0.59,0.687,0.214,0.223
41,1,1.0,0.666,0.516,0.414,0.18,0.394,0.204,0.496
42,,0.99,0.656,0.506,0.404,0.17,0.384,0.194,0.486
43,,0.98,0.646,0.496,0.394,0.16,0.374,0.184,0.476
44,,0.97,0.636,0.486,0.384,0.15,0.364,0.174,0.466
45,,0.96,0.626,0.476,0.374,0.14,0.354,0.164,0.456
46,,0.95,0.616,0.466,0.364,0.13,0.344,0.154,0.446
47,,0.94,0.606,0.456,0.354,0.12,0.334,0.144,0.436
48,,0.93,0.596,0.446,0.344,0.11,0.324,0.134,0.426
49,,0.92,0.586,0.436,0.334,0.1,0.314,0.124,0.416
50,,0.91,0.576,0.426,0.324,0.09,0.304,0.114,0.406
51,,0.9,0.566,0.416,0.314,0.08,0.294,0.104,0.396
52,,0.89,0.556,0.406,0.304,0.07,0.284,0.094,0.386
53,,0.88,0.546,0.396,0.294,0.06,0.274,0.084,0.376
54,,0.87,0.536,0.386,0.284,0.05,0.264,0.074,0.366
55,,0.86,0.526,0.376,0.274,0.04,0.254,0.064,0.356
56,,0.85,0.516,0.366,0.264,0.03,0.244,0.054,0.346
57,,0.84,0.506,0.356,0.254,0.02,0.234,0.044,0.336
58,,0.83,0.496,0.346,0.244,0.01,0.224,0.034,0.326
59,,0.82,0.486,0.336,0.234,0.0,0.214,0.024,0.316
60,,0.81,0.476,0.326,0.224,-0.01,0.204,0.014,0.306
61,5,0.4,0.183,0.316,0.497,0.99,0.477,0.004,0.013
62,5,-0.01,-0.11,0.306,0.77,1.0,0.75,-0.006,-0.28
63,8,0.263,-0.12,0.013,0.36,0.707,0.74,0.267,0.72
64,8,0.536,-0.13,-0.28,-0.05,0.414,0.73,0.54,1.0
65,3,0.526,0.143,0.72,0.223,0.404,0.437,0.13,0.707
66,3,0.516,0.416,1.0,0.496,0.394,0.144,-0.28,0.414
67,7,0.506,0.123,0.59,0.203,0.384,0.417,0.72,0.687
68,7,0.496,-0.17,0.18,-0.09,0.374,0.69,1.0,0.96
69,2,0.769,0.83,0.453,-0.1,0.081,0.28,0.707,0.95
70,2,1.0,1.0,0.726,-0.11,-0.212,-0.13,0.414,0.94
71,5,0.59,0.707,0.716,0.163,0.788,0.143,0.404,0.647
72,5,0.18,0.414,0.706,0.436,1.0,0.416,0.394,0.354
73,,0.17,0.404,0.696,0.426,0.99,0.406,0.384,0.344
74,,0.16,0.394,0.686,0.416,0.98,0.396,0.374,0.334
75,,0.15,0.384,0.676,0.406,0.97,0.386,0.364,0.324
76,,0.14,0.374,0.666,0.396,0.96,0.376,0.354,0.314
77,,0.13,0.364,0.656,0.386,0.95,0.366,0.344,0.304
78,,0.12,0.354,0.646,0.376,0.94,0.356,0.334,0.294
79,,0.11,0.344,0.636,0.366,0.93,0.346,0.324,0.284
80,,0.1,0.334,0.626,0.356,0.92,0.336,0.314,0.274
81,,0.09,0.324,0.616,0.346,0.91,0.326,0.304,0.264
82,,0.08,0.314,0.606,0.336,0.9,0.316,0.294,0.254
83,,0.07,0.304,0.596,0.326,0.89,0.306,0.284,0.244
84,,0.06,0.294,0.586,0.316,0.88,0.296,0.274,0.234
85,,0.05,0.284,0.576,0.306,0.87,0.286,0.264,0.224
86,,0.04,0.274,0.566,0.296,0.86,0.276,0.254,0.214
87,,0.03,0.264,0.556,0.286,0.85,0.266,0.244,0.204
88,,0.02,0.254,0.546,0.276,0.84,0.256,0.234,0.194
89,,0.01,0.244,0.536,0.266,0.83,0.246,0.224,0.184
90,,0.0,0.234,0.526,0.256,0.82,0.236,0.214,0.174
91,,-0.01,0.224,0.516,0.246,0.81,0.226,0.204,0.164
92,1,0.99,0.497,0.506,-0.047,0.4,-0.067,0.194,0.437
93,1,1.0,0.77,0.496,-0.34,-0.01,-0.36,0.184,0.71
94,6,0.707,0.36,0.203,-0.35,0.263,0.64,0.457,0.7
95,6,0.414,-0.05,-0.09,-0.36,0.536,1.0,0.73,0.69
96,4,0.121,-0.06,0.183,0.64,0.809,0.99,0.437,0.28
97,4,-0.172,-0.07,0.456,1.0,1.0,0.98,0.144,-0.13
98,1,0.828,0.203,0.446,0.707,0.59,0.687,0.134,0.143
99,1,1.0,0.476,0.436,0.414,0.18,0.394,0.124,0.416
100,,0.99,0.466,0.426,0.404,0.17,0.384,0.114,0.406
101,,0.98,0.456,0.416,0.394,0.16,0.374,0.104,0.396
102,,0.97,0.446,0.406,0.384,0.15,0.364,0.094,0.386
103,,0.96,0.436,0.396,0.374,0.14,0.354,0.084,0.376
104,,0.95,0.426,0.386,0.364,0.13,0.344,0.074,0.366
105,,0.94,0.416,0.376,0.354,0.12,0.334,0.064,0.356
106,,0.93,0.406,0.366,0.344,0.11,0.324,0.054,0.346
107,,0.92,0.396,0.356,0.334,0.1,0.314,0.044,0.336
108,,0.91,0.386,0.346,0.324,0.09,0.304,0.034,0.326
109,,0.9,0.376,0.336,0.314,0.08,0.294,0.024,0.316
110,,0.89,0.366,0.326,0.304,0.07,0.284,0.014,0.306
111,,0.88,0.356,0.316,0.294,0.06,0.274,0.004,0.296
112,,0.87,0.346,0.306,0.284,0.05,0.264,-0.006,0.286
113,7,0.86,0.053,-0.104,-0.009,0.04,0.537,0.994,0.559
114,7,0.85,-0.24,-0.514,-0.302,0.03,0.81,1.0,0.832
115,3,0.84,0.033,0.486,-0.029,0.02,0.517,0.59,0.539
116,3,0.83,0.306,1.0,0.244,0.01,0.224,0.18,0.246
117,,0.82,0.296,0.99,0.234,0.0,0.214,0.17,0.236
118,,0.81,0.286,0.98,0.224,-0.01,0.204,0.16,0.226
119,5,0.4,-0.007,0.97,0.497,0.99,0.477,0.15,-0.067
120,5,-0.01,-0.3,0.96,0.77,1.0,0.75,0.14,-0.36
121,8,0.263,-0.31,0.667,0.36,0.707,0.74,0.413,0.64
122,8,0.536,-0.32,0.374,-0.05,0.414,0.73,0.686,1.0
123,2,0.809,0.68,0.647,-0.06,0.121,0.32,0.393,0.99
124,2,1.0,1.0,0.92,-0.07,-0.172,-0.09,0.1,0.98
125,5,0.59,0.707,0.91,0.203,0.828,0.183,0.09,0.687
126,5,0.18,0.414,0.9,0.476,1.0,0.456,0.08,0.394
127,,0.17,0.404,0.89,0.466,0.99,0.446,0.07,0.384
128,,0.16,0.394,0.88,0.456,0.98,0.436,0.06,0.374
129,,0.15,0.384,0.87,0.446,0.97,0.426,0.05,0.364
130,,0.14,0.374,0.86,0.436,0.96,0.416,0.04,0.354
131,,0.13,0.364,0.85,0.426,0.95,0.406,0.03,0.344
132,,0.12,0.354,0.84,0.416,0.94,0.396,0.02,0.334
133,,0.11,0.344,0.83,0.406,0.93,0.386,0.01,0.324
134,,0.1,0.334,0.82,0.396,0.92,0.376,0.0,0.314
135,,0.09,0.324,0.81,0.386,0.91,0.366,-0.01,0.304
136,7,0.08,0.031,0.4,0.093,0.9,0.639,0.99,0.577
137,7,0.07,-0.262,-0.01,-0.2,0.89,0.912,1.0,0.85
138,2,0.343,0.738,0.263,-0.21,0.597,0.502,0.707,0.84
139,2,0.616,1.0,0.536,-0.22,0.304,0.092,0.414,0.83
140,4,0.323,0.99,0.809,0.78,0.577,0.082,0.121,0.42
141,4,0.03,0.98,1.0,1.0,0.85,0.072,-0.172,0.01
142,7,0.02,0.687,0.59,0.707,0.84,0.345,0.828,0.283
143,7,0.01,0.394,0.18,0.414,0.83,0.618,1.0,0.556
144,,0.0,0.384,0.17,0.404,0.82,0.608,0.99,0.546
145,,-0.01,0.374,0.16,0.394,0.81,0.598,0.98,0.536
146,1,0.99,0.647,0.15,0.101,0.4,0.305,0.97,0.809
147,1,1.0,0.92,0.14,-0.192,-0.01,0.012,0.96,1.0
148,4,0.707,0.91,0.413,0.808,0.263,0.002,0.667,0.59
149,4,0.414,0.9,0.686,1.0,0.536,-0.008,0.374,0.18
150,6,0.121,0.49,0.393,0.99,0.809,0.992,0.647,0.17
151,6,-0.172,0.08,0.1,0.98,1.0,1.0,0.92,0.16
152,1,0.828,0.353,0.09,0.687,0.59,0.707,0.91,0.433
153,1,1.0,0.626,0.08,0.394,0.18,0.414,0.9,0.706
154,,0.99,0.616,0.07,0.384,0.17,0.404,0.89,0.696
155,,0.98,0.606,0.06,0.374,0.16,0.394,0.88,0.686
156,,0.97,0.596,0.05,0.364,0.15,0.384,0.87,0.676
157,,0.96,0.586,0.04,0.354,0.14,0.374,0.86,0.666
158,,0.95,0.576,0.03,0.344,0.13,0.364,0.85,0.656
159,,0.94,0.566,0.02,0.334,0.12,0.354,0.84,0.646
160,,0.93,0.556,0.01,0.324,0.11,0.344,0.83,0.636
161,,0.92,0.546,0.0,0.314,0.1,0.334,0.82,0.626
162,,0.91,0.536,-0.01,0.304,0.09,0.324,0.81,0.616
163,3,0.9,0.809,0.99,0.577,0.08,0.031,0.4,0.323
164,3,0.89,1.0,1.0,0.85,0.07,-0.262,-0.01,0.03
165,6,0.597,0.59,0.707,0.84,0.343,0.738,0.263,0.02
166,6,0.304,0.18,0.414,0.83,0.616,1.0,0.536,0.01
167,,0.294,0.17,0.404,0.82,0.606,0.99,0.526,0.0
168,,0.284,0.16,0.394,0.81,0.596,0.98,0.516,-0.01
169,8,0.557,0.15,0.101,0.4,0.303,0.97,0.789,0.99
170,8,0.83,0.14,-0.192,-0.01,0.01,0.96,1.0,1.0
171,3,0.82,0.413,0.808,0.263,0.0,0.667,0.59,0.707
172,3,0.81,0.686,1.0,0.536,-0.01,0.374,0.18,0.414
173,5,0.4,0.393,0.99,0.809,0.99,0.647,0.17,0.121
174,5,-0.01,0.1,0.98,1.0,1.0,0.92,0.16,-0.172
175,8,0.263,0.09,0.687,0.59,0.707,0.91,0.433,0.828
176,8,0.536,0.08,0.394,0.18,0.414,0.9,0.706,1.0
177,,0.526,0.07,0.384,0.17,0.404,0.89,0.696,0.99
178,,0.516,0.06,0.374,0.16,0.394,0.88,0.686,0.98
179,,0.506,0.05,0.364,0.15,0.384,0.87,0.676,0.97
180,,0.496,0.04,0.354,0.14,0.374,0.86,0.666,0.96
181,,0.486,0.03,0.344,0.13,0.364,0.85,0.656,0.95
182,,0.476,0.02,0.334,0.12,0.354,0.84,0.646,0.94
183,,0.466,0.01,0.324,0.11,0.344,0.83,0.636,0.93
184,,0.456,0.0,0.314,0.1,0.334,0.82,0.626,0.92
185,,0.446,-0.01,0.304,0.09,0.324,0.81,0.616,0.91
186,2,0.719,0.99,0.577,0.08,0.031,0.4,0.323,0.9
187,2,0.992,1.0,0.85,0.07,-0.262,-0.01,0.03,0.89
188,5,0.582,0.707,0.84,0.343,0.738,0.263,0.02,0.597
189,5,0.172,0.414,0.83,0.616,1.0,0.536,0.01,0.304
190,,0.162,0.404,0.82,0.606,0.99,0.526,0.0,0.294
191,,0.152,0.394,0.81,0.596,0.98,0.516,-0.01,0.284
192,7,0.142,0.101,0.4,0.303,0.97,0.789,0.99,0.557
193,7,0.132,-0.192,-0.01,0.01,0.96,1.0,1.0,0.83
194,2,0.405,0.808,0.263,0.0,0.667,0.59,0.707,0.82
195,2,0.678,1.0,0.536,-0.01,0.374,0.18,0.414,0.81
196,4,0.385,0.99,0.809,0.99,0.647,0.17,0.121,0.4
197,4,0.092,0.98,1.0,1.0,0.92,0.16,-0.172,-0.01
198,7,0.082,0.687,0.59,0.707,0.91,0.433,0.828,0.263
199,7,0.072,0.394,0.18,0.414,0.9,0.706,1.0,0.536
200,,0.062,0.384,0.17,0.404,0.89,0.696,0.99,0.526
201,,0.052,0.374,0.16,0.394,0.88,0.686,0.98,0.516
202,,0.042,0.364,0.15,0.384,0.87,0.676,0.97,0.506
203,,0.032,0.354,0.14,0.374,0.86,0.666,0.96,0.496
204,,0.022,0.344,0.13,0.364,0.85,0.656,0.95,0.486
205,,0.012,0.334,0.12,0.354,0.84,0.646,0.94,0.476
206,,0.002,0.324,0.11,0.344,0.83,0.636,0.93,0.466
207,,-0.008,0.314,0.1,0.334,0.82,0.626,0.92,0.456
208,1,0.992,0.587,0.09,0.041,0.41,0.333,0.91,0.729
209,1,1.0,0.86,0.08,-0.252,-0.0,0.04,0.9,1.0
210,4,0.707,0.85,0.353,0.748,0.273,0.03,0.607,0.59
211,4,0.414,0.84,0.626,1.0,0.546,0.02,0.314,0.18
212,,0.404,0.83,0.616,0.99,0.536,0.01,0.304,0.17
213,,0.394,0.82,0.606,0.98,0.526,0.0,0.294,0.16
214,,0.384,0.81,0.596,0.97,0.516,-0.01,0.284,0.15
215,6,0.091,0.4,0.303,0.96,0.789,0.99,0.557,0.14
216,6,-0.202,-0.01,0.01,0.95,1.0,1.0,0.83,0.13
217,1,0.798,0.263,0.0,0.657,0.59,0.707,0.82,0.403
218,1,1.0,0.536,-0.01,0.364,0.18,0.414,0.81,0.676
219,3,0.99,0.809,0.99,0.637,0.17,0.121,0.4,0.383
220,3,0.98,1.0,1.0,0.91,0.16,-0.172,-0.01,0.09
221,6,0.687,0.59,0.707,0.9,0.433,0.828,0.263,0.08
222,6,0.394,0.18,0.414,0.89,0.706,1.0,0.536,0.07
223,,0.384,0.17,0.404,0.88,0.696,0.99,0.526,0.06
224,,0.374,0.16,0.394,0.87,0.686,0.98,0.516,0.05
225,,0.364,0.15,0.384,0.86,0.676,0.97,0.506,0.04
226,,0.354,0.14,0.374,0.85,0.666,0.96,0.496,0.03
227,,0.344,0.13,0.364,0.84,0.656,0.95,0.486,0.02
228,,0.334,0.12,0.354,0.83,0.646,0.94,0.476,0.01
229,,0.324,0.11,0.344,0.82,0.636,0.93,0.466,0.0
230,,0.314,0.1,0.334,0.81,0.626,0.92,0.456,-0.01
231,8,0.587,0.09,0.041,0.4,0.333,0.91,0.729,0.99
232,8,0.86,0.08,-0.252,-0.01,0.04,0.9,1.0,1.0
233,3,0.85,0.353,0.748,0.263,0.03,0.607,0.59,0.707
234,3,0.84,0.626,1.0,0.536,0.02,0.314,0.18,0.414
235,,0.83,0.616,0.99,0.526,0.01,0.304,0.17,0.404
236,,0.82,0.606,0.98,0.516,0.0,0.294,0.16,0.394
237,,0.81,0.596,0.97,0.506,-0.01,0.284,0.15,0.384
238,5,0.4,0.303,0.96,0.779,0.99,0.557,0.14,0.091
239,5,-0.01,0.01,0.95,1.0,1.0,0.83,0.13,-0.202
240,8,0.263,0.0,0.657,0.59,0.707,0.82,0.403,0.798
241,8,0.536,-0.01,0.364,0.18,0.414,0.81,0.676,1.0
242,2,0.809,0.99,0.637,0.17,0.121,0.4,0.383,0.99
243,2,1.0,1.0,0.91,0.16,-0.172,-0.01,0.09,0.98
244,5,0.59,0.707,0.9,0.433,0.828,0.263,0.08,0.687
245,5,0.18,0.414,0.89,0.706,1.0,0.536,0.07,0.394
246,,0.17,0.404,0.88,0.696,0.99,0.526,0.06,0.384
247,,0.16,0.394,0.87,0.686,0.98,0.516,0.05,0.374
248,,0.15,0.384,0.86,0.676,0.97,0.506,0.04,0.364
249,,0.14,0.374,0.85,0.666,0.96,0.496,0.03,0.354
250,,0.13,0.364,0.84,0.656,0.95,0.486,0.02,0.344
251,,0.12,0.354,0.83,0.646,0.94,0.476,0.01,0.334
252,,0.11,0.344,0.82,0.636,0.93,0.466,0.0,0.324
253,,0.1,0.334,0.81,0.626,0.92,0.456,-0.01,0.314
254,7,0.09,0.041,0.4,0.333,0.91,0.729,0.99,0.587
255,7,0.08,-0.252,-0.01,0.04,0.9,1.0,1.0,0.86
256,2,0.353,0.748,0.263,0.03,0.607,0.59,0.707,0.85
257,2,0.626,1.0,0.536,0.02,0.314,0.18,0.414,0.84
258,,0.616,0.99,0.526,0.01,0.304,0.17,0.404,0.83
259,,0.606,0.98,0.516,0.0,0.294,0.16,0.394,0.82
260,,0.596,0.97,0.506,-0.01,0.284,0.15,0.384,0.81
261,4,0.303,0.96,0.779,0.99,0.557,0.14,0.091,0.4
262,4,0.01,0.95,1.0,1.0,0.83,0.13,-0.202,-0.01
263,7,0.0,0.657,0.59,0.707,0.82,0.403,0.798,0.263
264,7,-0.01,0.364,0.18,0.414,0.81,0.676,1.0,0.536
265,1,0.99,0.637,0.17,0.121,0.4,0.383,0.99,0.809
266,1,1.0,0.91,0.16,-0.172,-0.01,0.09,0.98,1.0
267,4,0.707,0.9,0.433,0.828,0.263,0.08,0.687,0.59
268,4,0.414,0.89,0.706,1.0,0.536,0.07,0.394,0.18
269,,0.404,0.88,0.696,0.99,0.526,0.06,0.384,0.17
270,,0.394,0.87,0.686,0.98,0.516,0.05,0.374,0.16
271,,0.384,0.86,0.676,0.97,0.506,0.04,0.364,0.15
272,,0.374,0.85,0.666,0.96,0.496,0.03,0.354,0.14
273,,0.364,0.84,0.656,0.95,0.486,0.02,0.344,0.13
274,,0.354,0.83,0.646,0.94,0.476,0.01,0.334,0.12
275,,0.344,0.82,0.636,0.93,0.466,0.0,0.324,0.11
276,,0.334,0.81,0.626,0.92,0.456,-0.01,0.314,0.1
277,6,0.041,0.4,0.333,0.91,0.729,0.99,0.587,0.09
278,6,-0.252,-0.01,0.04,0.9,1.0,1.0,0.86,0.08
279,1,0.748,0.263,0.03,0.607,0.59,0.707,0.85,0.353
280,1,1.0,0.536,0.02,0.314,0.18,0.414,0.84,0.626
281,,0.99,0.526,0.01,0.304,0.17,0.404,0.83,0.616
282,,0.98,0.516,0.0,0.294,0.16,0.394,0.82,0.606
283,,0.97,0.506,-0.01,0.284,0.15,0.384,0.81,0.596
284,3,0.96,0.779,0.99,0.557,0.14,0.091,0.4,0.303
285,3,0.95,1.0,1.0,0.83,0.13,-0.202,-0.01,0.01
286,6,0.657,0.59,0.707,0.82,0.403,0.798,0.263,0.0
287,6,0.364,0.18,0.414,0.81,0.676,1.0,0.536,-0.01
288,8,0.637,0.17,0.121,0.4,0.383,0.99,0.809,0.99
289,8,0.91,0.16,-0.172,-0.01,0.09,0.98,1.0,1.0
290,3,0.9,0.433,0.828,0.263,0.08,0.687,0.59,0.707
291,3,0.89,0.706,1.0,0.536,0.07,0.394,0.18,0.414
292,,0.88,0.696,0.99,0.526,0.06,0.384,0.17,0.404
293,,0.87,0.686,0.98,0.516,0.05,0.374,0.16,0.394
294,,0.86,0.676,0.97,0.506,0.04,0.364,0.15,0.384
295,,0.85,0.666,0.96,0.496,0.03,0.354,0.14,0.374
296,,0.84,0.656,0.95,0.486,0.02,0.344,0.13,0.364
297,,0.83,0.646,0.94,0.476,0.01,0.334,0.12,0.354
298,,0.82,0.636,0.93,0.466,0.0,0.324,0.11,0.344
299,,0.81,0.626,0.92,0.456,-0.01,0.314,0.1,0.334
300,5,0.4,0.333,0.91,0.729,0.99,0.587,0.09,0.041
301,5,-0.01,0.04,0.9,1.0,1.0,0.86,0.08,-0.252
302,8,0.263,0.03,0.607,0.59,0.707,0.85,0.353,0.748
303,8,0.536,0.02,0.314,0.18,0.414,0.84,0.626,1.0
304,,0.526,0.01,0.304,0.17,0.404,0.83,0.616,0.99
305,,0.516,0.0,0.294,0.16,0.394,0.82,0.606,0.98
306,,0.506,-0.01,0.284,0.15,0.384,0.81,0.596,0.97
307,2,0.779,0.99,0.557,0.14,0.091,0.4,0.303,0.96
308,2,1.0,1.0,0.83,0.13,-0.202,-0.01,0.01,0.95
309,5,0.59,0.707,0.82,0.403,0.798,0.263,0.0,0.657
310,5,0.18,0.414,0.81,0.676,1.0,0.536,-0.01,0.364
311,7,0.17,0.121,0.4,0.383,0.99,0.809,0.99,0.637
312,7,0.16,-0.172,-0.01,0.09,0.98,1.0,1.0,0.91
313,2,0.433,0.828,0.263,0.08,0.687,0.59,0.707,0.9
314,2,0.706,1.0,0.536,0.07,0.394,0.18,0.414,0.89
315,,0.696,0.99,0.526,0.06,0.384,0.17,0.404,0.88
316,,0.686,0.98,0.516,0.05,0.374,0.16,0.394,0.87
317,,0.676,0.97,0.506,0.04,0.364,0.15,0.384,0.86
318,,0.666,0.96,0.496,0.03,0.354,0.14,0.374,0.85
319,,0.656,0.95,0.486,0.02,0.344,0.13,0.364,0.84
320,,0.646,0.94,0.476,0.01,0.334,0.12,0.354,0.83
321,,0.636,0.93,0.466,0.0,0.324,0.11,0.344,0.82
322,,0.626,0.92,0.456,-0.01,0.314,0.1,0.334,0.81
323,4,0.333,0.91,0.729,0.99,0.587,0.09,0.041,0.4
324,4,0.04,0.9,1.0,1.0,0.86,0.08,-0.252,-0.01
325,7,0.03,0.607,0.59,0.707,0.85,0.353,0.748,0.263
326,7,0.02,0.314,0.18,0.414,0.84,0.626,1.0,0.536
327,,0.01,0.304,0.17,0.404,0.83,0.616,0.99,0.526
328,,0.0,0.294,0.16,0.394,0.82,0.606,0.98,0.516
329,,-0.01,0.284,0.15,0.384,0.81,0.596,0.97,0.506
330,1,0.99,0.557,0.14,0.091,0.4,0.303,0.96,0.779
331,1,1.0,0.83,0.13,-0.202,-0.01,0.01,0.95,1.0
332,4,0.707,0.82,0.403,0.798,0.263,0.0,0.657,0.59
333,4,0.414,0.81,0.676,1.0,0.536,-0.01,0.364,0.18
334,6,0.121,0.4,0.383,0.99,0.809,0.99,0.637,0.17
335,6,-0.172,-0.01,0.09,0.98,1.0,1.0,0.91,0.16
336,1,0.828,0.263,0.08,0.687,0.59,0.707,0.9,0.433
337,1,1.0,0.536,0.07,0.394,0.18,0.414,0.89,0.706
338,,0.99,0.526,0.06,0.384,0.17,0.404,0.88,0.696
339,,0.98,0.516,0.05,0.374,0.16,0.394,0.87,0.686
340,,0.97,0.506,0.04,0.364,0.15,0.384,0.86,0.676
341,,0.96,0.496,0.03,0.354,0.14,0.374,0.85,0.666
342,,0.95,0.486,0.02,0.344,0.13,0.364,0.84,0.656
343,,0.94,0.476,0.01,0.334,0.12,0.354,0.83,0.646
344,,0.93,0.466,0.0,0.324,0.11,0.344,0.82,0.636
345,,0.92,0.456,-0.01,0.314,0.1,0.334,0.81,0.626
346,3,0.91,0.729,0.99,0.587,0.09,0.041,0.4,0.333
347,3,0.9,1.0,1.0,0.86,0.08,-0.252,-0.01,0.04
348,6,0.607,0.59,0.707,0.85,0.353,0.748,0.263,0.03
349,6,0.314,0.18,0.414,0.84,0.626,1.0,0.536,0.02
350,,0.304,0.17,0.404,0.83,0.616,0.99,0.526,0.01
351,,0.294,0.16,0.394,0.82,0.606,0.98,0.516,0.0
352,,0.284,0.15,0.384,0.81,0.596,0.97,0.506,-0.01
353,8,0.557,0.14,0.091,0.4,0.303,0.96,0.779,0.99
354,8,0.83,0.13,-0.202,-0.01,0.01,0.95,1.0,1.0
355,3,0.82,0.403,0.798,0.263,0.0,0.657,0.59,0.707
356,3,0.81,0.676,1.0,0.536,-0.01,0.364,0.18,0.414
357,5,0.4,0.383,0.99,0.809,0.99,0.637,0.17,0.121
358,5,-0.01,0.09,0.98,1.0,1.0,0.91,0.16,-0.172
359,8,0.263,0.08,0.687,0.59,0.707,0.9,0.433,0.828
360,8,0.536,0.07,0.394,0.18,0.414,0.89,0.706,1.0
361,,0.526,0.06,0.384,0.17,0.404,0.88,0.696,0.99
362,,0.516,0.05,0.374,0.16,0.394,0.87,0.686,0.98
363,,0.506,0.04,0.364,0.15,0.384,0.86,0.676,0.97
364,,0.496,0.03,0.354,0.14,0.374,0.85,0.666,0.96
365,,0.486,0.02,0.344,0.13,0.364,0.84,0.656,0.95
366,,0.476,0.01,0.334,0.12,0.354,0.83,0.646,0.94
367,,0.466,0.0,0.324,0.11,0.344,0.82,0.636,0.93
368,,0.456,-0.01,0.314,0.1,0.334,0.81,0.626,0.92
369,2,0.729,0.99,0.587,0.09,0.041,0.4,0.333,0.91
370,2,1.0,1.0,0.86,0.08,-0.252,-0.01,0.04,0.9
371,5,0.59,0.707,0.85,0.353,0.748,0.263,0.03,0.607
372,5,0.18,0.414,0.84,0.626,1.0,0.536,0.02,0.314
373,,0.17,0.404,0.83,0.616,0.99,0.526,0.01,0.304
374,,0.16,0.394,0.82,0.606,0.98,0.516,0.0,0.294
375,,0.15,0.384,0.81,0.596,0.97,0.506,-0.01,0.284
376,7,0.14,0.091,0.4,0.303,0.96,0.779,0.99,0.557
377,7,0.13,-0.202,-0.01,0.01,0.95,1.0,1.0,0.83
378,2,0.403,0.798,0.263,0.0,0.657,0.59,0.707,0.82
379,2,0.676,1.0,0.536,-0.01,0.364,0.18,0.414,0.81
380,4,0.383,0.99,0.809,0.99,0.637,0.17,0.121,0.4
381,4,0.09,0.98,1.0,1.0,0.91,0.16,-0.172,-0.01
382,7,0.08,0.687,0.59,0.707,0.9,0.433,0.828,0.263
383,7,0.07,0.394,0.18,0.414,0.89,0.706,1.0,0.536
384,,0.06,0.384,0.17,0.404,0.88,0.696,0.99,0.526
385,,0.05,0.374,0.16,0.394,0.87,0.686,0.98,0.516
386,,0.04,0.364,0.15,0.384,0.86,0.676,0.97,0.506
387,,0.03,0.354,0.14,0.374,0.85,0.666,0.96,0.496
388,,0.02,0.344,0.13,0.364,0.84,0.656,0.95,0.486
389,,0.01,0.334,0.12,0.354,0.83,0.646,0.94,0.476
390,,0.0,0.324,0.11,0.344,0.82,0.636,0.93,0.466
391,,-0.01,0.314,0.1,0.334,0.81,0.626,0.92,0.456
392,1,0.99,0.587,0.09,0.041,0.4,0.333,0.91,0.729
393,1,1.0,0.86,0.08,-0.252,-0.01,0.04,0.9,1.0
394,4,0.707,0.85,0.353,0.748,0.263,0.03,0.607,0.59
395,4,0.414,0.84,0.626,1.0,0.536,0.02,0.314,0.18
396,,0.404,0.83,0.616,0.99,0.526,0.01,0.304,0.17
397,,0.394,0.82,0.606,0.98,0.516,0.0,0.294,0.16
398,,0.384,0.81,0.596,0.97,0.506,-0.01,0.284,0.15
399,6,0.091,0.4,0.303,0.96,0.779,0.99,0.557,0.14
400,6,-0.202,-0.01,0.01,0.95,1.0,1.0,0.83,0.13
401,1,0.798,0.263,0.0,0.657,0.59,0.707,0.82,0.403
402,1,1.0,0.536,-0.01,0.364,0.18,0.414,0.81,0.676
403,3,0.99,0.809,0.99,0.637,0.17,0.121,0.4,0.383
404,3,0.98,1.0,1.0,0.91,0.16,-0.172,-0.01,0.09
405,6,0.687,0.59,0.707,0.9,0.433,0.828,0.263,0.08
406,6,0.394,0.18,0.414,0.89,0.706,1.0,0.536,0.07
407,,0.384,0.17,0.404,0.88,0.696,0.99,0.526,0.06
408,,0.374,0.16,0.394,0.87,0.686,0.98,0.516,0.05
409,,0.364,0.15,0.384,0.86,0.676,0.97,0.506,0.04
410,,0.354,0.14,0.374,0.85,0.666,0.96,0.496,0.03
411,,0.344,0.13,0.364,0.84,0.656,0.95,0.486,0.02
412,,0.334,0.12,0.354,0.83,0.646,0.94,0.476,0.01
413,,0.324,0.11,0.344,0.82,0.636,0.93,0.466,0.0
414,,0.314,0.1,0.334,0.81,0.626,0.92,0.456,-0.01
415,8,0.587,0.09,0.041,0.4,0.333,0.91,0.729,0.99
416,8,0.86,0.08,-0.252,-0.01,0.04,0.9,1.0,1.0
417,3,0.85,0.353,0.748,0.263,0.03,0.607,0.59,0.707
418,3,0.84,0.626,1.0,0.536,0.02,0.314,0.18,0.414
419,,0.83,0.616,0.99,0.526,0.01,0.304,0.17,0.404
420,,0.82,0.606,0.98,0.516,0.0,0.294,0.16,0.394
421,,0.81,0.596,0.97,0.506,-0.01,0.284,0.15,0.384
422,5,0.4,0.303,0.96,0.779,0.99,0.557,0.14,0.091
423,5,-0.01,0.01,0.95,1.0,1.0,0.83,0.13,-0.202
424,8,0.263,0.0,0.657,0.59,0.707,0.82,0.403,0.798
425,8,0.536,-0.01,0.364,0.18,0.414,0.81,0.676,1.0
426,2,0.809,0.99,0.637,0.17,0.121,0.4,0.383,0.99
427,2,1.0,1.0,0.91,0.16,-0.172,-0.01,0.09,0.98
428,5,0.59,0.707,0.9,0.433,0.828,0.263,0.08,0.687
429,5,0.18,0.414,0.89,0.706,1.0,0.536,0.07,0.394
430,,0.17,0.404,0.88,0.696,0.99,0.526,0.06,0.384
431,,0.16,0.394,0.87,0.686,0.98,0.516,0.05,0.374
432,,0.15,0.384,0.86,0.676,0.97,0.506,0.04,0.364
433,,0.14,0.374,0.85,0.666,0.96,0.496,0.03,0.354
434,,0.13,0.364,0.84,0.656,0.95,0.486,0.02,0.344
435,,0.12,0.354,0.83,0.646,0.94,0.476,0.01,0.334
436,,0.11,0.344,0.82,0.636,0.93,0.466,0.0,0.324
437,,0.1,0.334,0.81,0.626,0.92,0.456,-0.01,0.314
438,7,0.09,0.041,0.4,0.333,0.91,0.729,0.99,0.587
439,7,0.08,-0.252,-0.01,0.04,0.9,1.0,1.0,0.86
440,2,0.353,0.748,0.263,0.03,0.607,0.59,0.707,0.85
441,2,0.626,1.0,0.536,0.02,0.314,0.18,0.414,0.84
442,,0.616,0.99,0.526,0.01,0.304,0.17,0.404,0.83
443,,0.606,0.98,0.516,0.0,0.294,0.16,0.394,0.82
444,,0.596,0.97,0.506,-0.01,0.284,0.15,0.384,0.81
445,4,0.303,0.96,0.779,0.99,0.557,0.14,0.091,0.4
446,4,0.01,0.95,1.0,1.0,0.83,0.13,-0.202,-0.01
447,7,0.0,0.657,0.59,0.707,0.82,0.403,0.798,0.263
448,7,-0.01,0.364,0.18,0.414,0.81,0.676,1.0,0.536
449,1,0.99,0.637,0.17,0.121,0.4,0.383,0.99,0.809
450,1,1.0,0.91,0.16,-0.172,-0.01,0.09,0.98,1.0
451,4,0.707,0.9,0.433,0.828,0.263,0.08,0.687,0.59
452,4,0.414,0.89,0.706,1.0,0.536,0.07,0.394,0.18
453,,0.404,0.88,0.696,0.99,0.526,0.06,0.384,0.17
454,,0.394,0.87,0.686,0.98,0.516,0.05,0.374,0.16
455,,0.384,0.86,0.676,0.97,0.506,0.04,0.364,0.15
456,,0.374,0.85,0.666,0.96,0.496,0.03,0.354,0.14
457,,0.364,0.84,0.656,0.95,0.486,0.02,0.344,0.13
458,,0.354,0.83,0.646,0.94,0.476,0.01,0.334,0.12
459,,0.344,0.82,0.636,0.93,0.466,0.0,0.324,0.11
460,,0.334,0.81,0.626,0.92,0.456,-0.01,0.314,0.1
461,6,0.041,0.4,0.333,0.91,0.729,0.99,0.587,0.09
462,6,-0.252,-0.01,0.04,0.9,1.0,1.0,0.86,0.08
463,1,0.748,0.263,0.03,0.607,0.59,0.707,0.85,0.353
464,1,1.0,0.536,0.02,0.314,0.18,0.414,0.84,0.626
465,,0.99,0.526,0.01,0.304,0.17,0.404,0.83,0.616
466,,0.98,0.516,0.0,0.294,0.16,0.394,0.82,0.606
467,,0.97,0.506,-0.01,0.284,0.15,0.384,0.81,0.596
468,3,0.96,0.779,0.99,0.557,0.14,0.091,0.4,0.303
469,3,0.95,1.0,1.0,0.83,0.13,-0.202,-0.01,0.01
470,6,0.657,0.59,0.707,0.82,0.403,0.798,0.263,0.0
471,6,0.364,0.18,0.414,0.81,0.676,1.0,0.536,-0.01
472,8,0.637,0.17,0.121,0.4,0.383,0.99,0.809,0.99
473,8,0.91,0.16,-0.172,-0.01,0.09,0.98,1.0,1.0
474,3,0.9,0.433,0.828,0.263,0.08,0.687,0.59,0.707
475,3,0.89,0.706,1.0,0.536,0.07,0.394,0.18,0.414
476,,0.88,0.696,0.99,0.526,0.06,0.384,0.17,0.404
477,,0.87,0.686,0.98,0.516,0.05,0.374,0.16,0.394
478,,0.86,0.676,0.97,0.506,0.04,0.364,0.15,0.384
479,,0.85,0.666,0.96,0.496,0.03,0.354,0.14,0.374
480,,0.84,0.656,0.95,0.486,0.02,0.344,0.13,0.364
481,,0.83,0.646,0.94,0.476,0.01,0.334,0.12,0.354
482,,0.82,0.636,0.93,0.466,0.0,0.324,0.11,0.344
483,,0.81,0.626,0.92,0.456,-0.01,0.314,0.1,0.334
484,5,0.4,0.333,0.91,0.729,0.99,0.587,0.09,0.041
485,5,-0.01,0.04,0.9,1.0,1.0,0.86,0.08,-0.252
486,8,0.263,0.03,0.607,0.59,0.707,0.85,0.353,0.748
487,8,0.536,0.02,0.314,0.18,0.414,0.84,0.626,1.0
488,,0.526,0.01,0.304,0.17,0.404,0.83,0.616,0.99
489,,0.516,0.0,0.294,0.16,0.394,0.82,0.606,0.98
490,,0.506,-0.01,0.284,0.15,0.384,0.81,0.596,0.97
491,2,0.779,0.99,0.557,0.14,0.091,0.4,0.303,0.96
492,2,1.0,1.0,0.83,0.13,-0.202,-0.01,0.01,0.95
493,5,0.59,0.707,0.82,0.403,0.798,0.263,0.0,0.657
494,5,0.18,0.414,0.81,0.676,1.0,0.536,-0.01,0.364
495,7,0.17,0.121,0.4,0.383,0.99,0.809,0.99,0.637
496,7,0.16,-0.172,-0.01,0.09,0.98,1.0,1.0,0.91
497,2,0.433,0.828,0.263,0.08,0.687,0.59,0.707,0.9
498,2,0.706,1.0,0.536,0.07,0.394,0.18,0.414,0.89
499,,0.696,0.99,0.526,0.06,0.384,0.17,0.404,0.88
500,,0.686,0.98,0.516,0.05,0.374,0.16,0.394,0.87
501,,0.676,0.97,0.506,0.04,0.364,0.15,0.384,0.86
502,,0.666,0.96,0.496,0.03,0.354,0.14,0.374,0.85
503,,0.656,0.95,0.486,0.02,0.344,0.13,0.364,0.84
504,,0.646,0.94,0.476,0.01,0.334,0.12,0.354,0.83
505,,0.636,0.93,0.466,0.0,0.324,0.11,0.344,0.82
506,,0.626,0.92,0.456,-0.01,0.314,0.1,0.334,0.81
507,4,0.333,0.91,0.729,0.99,0.587,0.09,0.041,0.4
508,4,0.04,0.9,1.0,1.0,0.86,0.08,-0.252,-0.01
509,7,0.03,0.607,0.59,0.707,0.85,0.353,0.748,0.263
510,7,0.02,0.314,0.18,0.414,0.84,0.626,1.0,0.536
511,,0.01,0.304,0.17,0.404,0.83,0.616,0.99,0.526
512,,0.0,0.294,0.16,0.394,0.82,0.606,0.98,0.516
513,,-0.01,0.284,0.15,0.384,0.81,0.596,0.97,0.506
514,1,0.99,0.557,0.14,0.091,0.4,0.303,0.96,0.779
515,1,1.0,0.83,0.13,-0.202,-0.01,0.01,0.95,1.0
516,4,0.707,0.82,0.403,0.798,0.263,0.0,0.657,0.59
517,4,0.414,0.81,0.676,1.0,0.536,-0.01,0.364,0.18
518,6,0.121,0.4,0.383,0.99,0.809,0.99,0.637,0.17
519,6,-0.172,-0.01,0.09,0.98,1.0,1.0,0.91,0.16
520,1,0.828,0.263,0.08,0.687,0.59,0.707,0.9,0.433
521,1,1.0,0.536,0.07,0.394,0.18,0.414,0.89,0.706
522,,0.99,0.526,0.06,0.384,0.17,0.404,0.88,0.696
523,,0.98,0.516,0.05,0.374,0.16,0.394,0.87,0.686
524,,0.97,0.506,0.04,0.364,0.15,0.384,0.86,0.676
525,,0.96,0.496,0.03,0.354,0.14,0.374,0.85,0.666
526,,0.95,0.486,0.02,0.344,0.13,0.364,0.84,0.656
527,,0.94,0.476,0.01,0.334,0.12,0.354,0.83,0.646
528,,0.93,0.466,0.0,0.324,0.11,0.344,0.82,0.636
529,,0.92,0.456,-0.01,0.314,0.1,0.334,0.81,0.626
530,3,0.91,0.729,0.99,0.587,0.09,0.041,0.4,0.333
531,3,0.9,1.0,1.0,0.86,0.08,-0.252,-0.01,0.04
532,6,0.607,0.59,0.707,0.85,0.353,0.748,0.263,0.03
533,6,0.314,0.18,0.414,0.84,0.626,1.0,0.536,0.02
534,,0.304,0.17,0.404,0.83,0.616,0.99,0.526,0.01
535,,0.294,0.16,0.394,0.82,0.606,0.98,0.516,0.0
536,,0.284,0.15,0.384,0.81,0.596,0.97,0.506,-0.01
537,8,0.557,0.14,0.091,0.4,0.303,0.96,0.779,0.99
538,8,0.83,0.13,-0.202,-0.01,0.01,0.95,1.0,1.0
539,3,0.82,0.403,0.798,0.263,0.0,0.657,0.59,0.707
540,3,0.81,0.676,1.0,0.536,-0.01,0.364,0.18,0.414
541,5,0.4,0.383,0.99,0.809,0.99,0.637,0.17,0.121
542,5,-0.01,0.09,0.98,1.0,1.0,0.91,0.16,-0.172
543,8,0.263,0.08,0.687,0.59,0.707,0.9,0.433,0.828
544,8,0.536,0.07,0.394,0.18,0.414,0.89,0.706,1.0
545,,0.526,0.06,0.384,0.17,0.404,0.88,0.696,0.99
546,,0.516,0.05,0.374,0.16,0.394,0.87,0.686,0.98
547,,0.506,0.04,0.364,0.15,0.384,0.86,0.676,0.97
548,,0.496,0.03,0.354,0.14,0.374,0.85,0.666,0.96
549,,0.486,0.02,0.344,0.13,0.364,0.84,0.656,0.95
550,,0.476,0.01,0.334,0.12,0.354,0.83,0.646,0.94
551,,0.466,0.0,0.324,0.11,0.344,0.82,0.636,0.93
552,,0.456,-0.01,0.314,0.1,0.334,0.81,0.626,0.92
553,2,0.729,0.99,0.587,0.09,0.041,0.4,0.333,0.91
554,2,1.0,1.0,0.86,0.08,-0.252,-0.01,0.04,0.9
555,5,0.59,0.707,0.85,0.353,0.748,0.263,0.03,0.607
556,5,0.18,0.414,0.84,0.626,1.0,0.536,0.02,0.314
557,,0.17,0.404,0.83,0.616,0.99,0.526,0.01,0.304
558,,0.16,0.394,0.82,0.606,0.98,0.516,0.0,0.294
559,,0.15,0.384,0.81,0.596,0.97,0.506,-0.01,0.284
560,7,0.14,0.091,0.4,0.303,0.96,0.779,0.99,0.557
561,7,0.13,-0.202,-0.01,0.01,0.95,1.0,1.0,0.83
562,2,0.403,0.798,0.263,0.0,0.657,0.59,0.707,0.82
563,2,0.676,1.0,0.536,-0.01,0.364,0.18,0.414,0.81
564,4,0.383,0.99,0.809,0.99,0.637,0.17,0.121,0.4
565,4,0.09,0.98,1.0,1.0,0.91,0.16,-0.172,-0.01
566,7,0.08,0.687,0.59,0.707,0.9,0.433,0.828,0.263
567,7,0.07,0.394,0.18,0.414,0.89,0.706,1.0,0.536
568,,0.06,0.384,0.17,0.404,0.88,0.696,0.99,0.526
569,,0.05,0.374,0.16,0.394,0.87,0.686,0.98,0.516
570,,0.04,0.364,0.15,0.384,0.86,0.676,0.97,0.506
571,,0.03,0.354,0.14,0.374,0.85,0.666,0.96,0.496
572,,0.02,0.344,0.13,0.364,0.84,0.656,0.95,0.486
573,,0.01,0.334,0.12,0.354,0.83,0.646,0.94,0.476
574,,0.0,0.324,0.11,0.344,0.82,0.636,0.93,0.466
575,,-0.01,0.314,0.1,0.334,0.81,0.626,0.92,0.456
576,1,0.99,0.587,0.09,0.041,0.4,0.333,0.91,0.729
577,1,1.0,0.86,0.08,-0.252,-0.01,0.04,0.9,1.0
578,4,0.707,0.85,0.353,0.748,0.263,0.03,0.607,0.59
579,4,0.414,0.84,0.626,1.0,0.536,0.02,0.314,0.18
580,,0.404,0.83,0.616,0.99,0.526,0.01,0.304,0.17
581,,0.394,0.82,0.606,0.98,0.516,0.0,0.294,0.16
582,,0.384,0.81,0.596,0.97,0.506,-0.01,0.284,0.15
583,6,0.091,0.4,0.303,0.96,0.779,0.99,0.557,0.14
584,6,-0.202,-0.01,0.01,0.95,1.0,1.0,0.83,0.13
585,1,0.798,0.263,0.0,0.657,0.59,0.707,0.82,0.403
586,1,1.0,0.536,-0.01,0.364,0.18,0.414,0.81,0.676
587,3,0.99,0.809,0.99,0.637,0.17,0.121,0.4,0.383
588,3,0.98,1.0,1.0,0.91,0.16,-0.172,-0.01,0.09
589,6,0.687,0.59,0.707,0.9,0.433,0.828,0.263,0.08
590,6,0.394,0.18,0.414,0.89,0.706,1.0,0.536,0.07
591,,0.384,0.17,0.404,0.88,0.696,0.99,0.526,0.06
592,,0.374,0.16,0.394,0.87,0.686,0.98,0.516,0.05
593,,0.364,0.15,0.384,0.86,0.676,0.97,0.506,0.04
594,,0.354,0.14,0.374,0.85,0.666,0.96,0.496,0.03
595,,0.344,0.13,0.364,0.84,0.656,0.95,0.486,0.02
596,,0.334,0.12,0.354,0.83,0.646,0.94,0.476,0.01
597,,0.324,0.11,0.344,0.82,0.636,0.93,0.466,0.0
598,,0.314,0.1,0.334,0.81,0.626,0.92,0.456,-0.01
599,8,0.587,0.09,0.041,0.4,0.333,0.91,0.729,0.99
600,8,0.86,0.08,-0.252,-0.01,0.04,0.9,1.0,1.0
601,3,0.85,0.353,0.748,0.263,0.03,0.607,0.59,0.707
602,3,0.84,0.626,1.0,0.536,0.02,0.314,0.18,0.414
603,,0.83,0.616,0.99,0.526,0.01,0.304,0.17,0.404
604,,0.82,0.606,0.98,0.516,0.0,0.294,0.16,0.394
605,,0.81,0.596,0.97,0.506,-0.01,0.284,0.15,0.384
606,5,0.4,0.303,0.96,0.779,0.99,0.557,0.14,0.091
607,5,-0.01,0.01,0.95,1.0,1.0,0.83,0.13,-0.202
608,8,0.263,0.0,0.657,0.59,0.707,0.82,0.403,0.798
609,8,0.536,-0.01,0.364,0.18,0.414,0.81,0.676,1.0
610,2,0.809,0.99,0.637,0.17,0.121,0.4,0.383,0.99
611,2,1.0,1.0,0.91,0.16,-0.172,-0.01,0.09,0.98
612,5,0.59,0.707,0.9,0.433,0.828,0.263,0.08,0.687
613,5,0.18,0.414,0.89,0.706,1.0,0.536,0.07,0.394
614,,0.17,0.404,0.88,0.696,0.99,0.526,0.06,0.384
615,,0.16,0.394,0.87,0.686,0.98,0.516,0.05,0.374
616,,0.15,0.384,0.86,0.676,0.97,0.506,0.04,0.364
617,,0.14,0.374,0.85,0.666,0.96,0.496,0.03,0.354
618,,0.13,0.364,0.84,0.656,0.95,0.486,0.02,0.344
619,,0.12,0.354,0.83,0.646,0.94,0.476,0.01,0.334
620,,0.11,0.344,0.82,0.636,0.93,0.466,0.0,0.324
621,,0.1,0.334,0.81,0.626,0.92,0.456,-0.01,0.314
622,7,0.09,0.041,0.4,0.333,0.91,0.729,0.99,0.587
623,7,0.08,-0.252,-0.01,0.04,0.9,1.0,1.0,0.86
624,2,0.353,0.748,0.263,0.03,0.607,0.59,0.707,0.85
625,2,0.626,1.0,0.536,0.02,0.314,0.18,0.414,0.84
626,,0.616,0.99,0.526,0.01,0.304,0.17,0.404,0.83
627,,0.606,0.98,0.516,0.0,0.294,0.16,0.394,0.82
628,,0.596,0.97,0.506,-0.01,0.284,0.15,0.384,0.81
629,4,0.303,0.96,0.779,0.99,0.557,0.14,0.091,0.4
630,4,0.01,0.95,1.0,1.0,0.83,0.13,-0.202,-0.01
631,7,0.0,0.657,0.59,0.707,0.82,0.403,0.798,0.263
632,7,-0.01,0.364,0.18,0.414,0.81,0.676,1.0,0.536
633,1,0.99,0.637,0.17,0.121,0.4,0.383,0.99,0.809
634,1,1.0,0.91,0.16,-0.172,-0.01,0.09,0.98,1.0
635,4,0.707,0.9,0.433,0.828,0.263,0.08,0.687,0.59
636,4,0.414,0.89,0.706,1.0,0.536,0.07,0.394,0.18
637,,0.404,0.88,0.696,0.99,0.526,0.06,0.384,0.17
638,,0.394,0.87,0.686,0.98,0.516,0.05,0.374,0.16
639,,0.384,0.86,0.676,0.97,0.506,0.04,0.364,0.15
640,,0.374,0.85,0.666,0.96,0.496,0.03,0.354,0.14
641,,0.364,0.84,0.656,0.95,0.486,0.02,0.344,0.13
642,,0.354,0.83,0.646,0.94,0.476,0.01,0.334,0.12
643,,0.344,0.82,0.636,0.93,0.466,0.0,0.324,0.11
644,,0.334,0.81,0.626,0.92,0.456,-0.01,0.314,0.1
645,6,0.041,0.4,0.333,0.91,0.729,0.99,0.587,0.09
646,6,-0.252,-0.01,0.04,0.9,1.0,1.0,0.86,0.08
647,1,0.748,0.263,0.03,0.607,0.59,0.707,0.85,0.353
648,1,1.0,0.536,0.02,0.314,0.18,0.414,0.84,0.626
649,,0.99,0.526,0.01,0.304,0.17,0.404,0.83,0.616
650,,0.98,0.516,0.0,0.294,0.16,0.394,0.82,0.606
651,,0.97,0.506,-0.01,0.284,0.15,0.384,0.81,0.596
652,3,0.96,0.779,0.99,0.557,0.14,0.091,0.4,0.303
653,3,0.95,1.0,1.0,0.83,0.13,-0.202,-0.01,0.01
654,6,0.657,0.59,0.707,0.82,0.403,0.798,0.263,0.0
655,6,0.364,0.18,0.414,0.81,0.676,1.0,0.536,-0.01
656,8,0.637,0.17,0.121,0.4,0.383,0.99,0.809,0.99
657,8,0.91,0.16,-0.172,-0.01,0.09,0.98,1.0,1.0
658,3,0.9,0.433,0.828,0.263,0.08,0.687,0.59,0.707
659,3,0.89,0.706,1.0,0.536,0.07,0.394,0.18,0.414
660,,0.88,0.696,0.99,0.526,0.06,0.384,0.17,0.404
661,,0.87,0.686,0.98,0.516,0.05,0.374,0.16,0.394
662,,0.86,0.676,0.97,0.506,0.04,0.364,0.15,0.384
663,,0.85,0.666,0.96,0.496,0.03,0.354,0.14,0.374
664,,0.84,0.656,0.95,0.486,0.02,0.344,0.13,0.364
665,,0.83,0.646,0.94,0.476,0.01,0.334,0.12,0.354
666,,0.82,0.636,0.93,0.466,0.0,0.324,0.11,0.344
667,,0.81,0.626,0.92,0.456,-0.01,0.314,0.1,0.334
668,5,0.4,0.333,0.91,0.729,0.99,0.587,0.09,0.041
669,5,-0.01,0.04,0.9,1.0,1.0,0.86,0.08,-0.252
670,8,0.263,0.03,0.607,0.59,0.707,0.85,0.353,0.748
671,8,0.536,0.02,0.314,0.18,0.414,0.84,0.626,1.0
672,,0.526,0.01,0.304,0.17,0.404,0.83,0.616,0.99
673,,0.516,0.0,0.294,0.16,0.394,0.82,0.606,0.98
674,,0.506,-0.01,0.284,0.15,0.384,0.81,0.596,0.97
675,2,0.779,0.99,0.557,0.14,0.091,0.4,0.303,0.96
676,2,1.0,1.0,0.83,0.13,-0.202,-0.01,0.01,0.95
677,5,0.59,0.707,0.82,0.403,0.798,0.263,0.0,0.657
678,5,0.18,0.414,0.81,0.676,1.0,0.536,-0.01,0.364
679,7,0.17,0.121,0.4,0.383,0.99,0.809,0.99,0.637
680,7,0.16,-0.172,-0.01,0.09,0.98,1.0,1.0,0.91
681,2,0.433,0.828,0.263,0.08,0.687,0.59,0.707,0.9
682,2,0.706,1.0,0.536,0.07,0.394,0.18,0.414,0.89
683,,0.696,0.99,0.526,0.06,0.384,0.17,0.404,0.88
684,,0.686,0.98,0.516,0.05,0.374,0.16,0.394,0.87
685,,0.676,0.97,0.506,0.04,0.364,0.15,0.384,0.86
686,,0.666,0.96,0.496,0.03,0.354,0.14,0.374,0.85
687,,0.656,0.95,0.486,0.02,0.344,0.13,0.364,0.84
688,,0.646,0.94,0.476,0.01,0.334,0.12,0.354,0.83
689,,0.636,0.93,0.466,0.0,0.324,0.11,0.344,0.82
690,,0.626,0.92,0.456,-0.01,0.314,0.1,0.334,0.81
691,4,0.333,0.91,0.729,0.99,0.587,0.09,0.041,0.4
692,4,0.04,0.9,1.0,1.0,0.86,0.08,-0.252,-0.01
693,7,0.03,0.607,0.59,0.707,0.85,0.353,0.748,0.263
694,7,0.02,0.314,0.18,0.414,0.84,0.626,1.0,0.536
695,,0.01,0.304,0.17,0.404,0.83,0.616,0.99,0.526
696,,0.0,0.294,0.16,0.394,0.82,0.606,0.98,0.516
697,,-0.01,0.284,0.15,0.384,0.81,0.596,0.97,0.506
698,1,0.99,0.557,0.14,0.091,0.4,0.303,0.96,0.779
699,1,1.0,0.83,0.13,-0.202,-0.01,0.01,0.95,1.0
700,4,0.707,0.82,0.403,0.798,0.263,0.0,0.657,0.59
701,4,0.414,0.81,0.676,1.0,0.536,-0.01,0.364,0.18
702,6,0.121,0.4,0.383,0.99,0.809,0.99,0.637,0.17
703,6,-0.172,-0.01,0.09,0.98,1.0,1.0,0.91,0.16
704,1,0.828,0.263,0.08,0.687,0.59,0.707,0.9,0.433
705,1,1.0,0.536,0.07,0.394,0.18,0.414,0.89,0.706
706,,0.99,0.526,0.06,0.384,0.17,0.404,0.88,0.696
707,,0.98,0.516,0.05,0.374,0.16,0.394,0.87,0.686
708,,0.97,0.506,0.04,0.364,0.15,0.384,0.86,0.676
709,,0.96,0.496,0.03,0.354,0.14,0.374,0.85,0.666
710,,0.95,0.486,0.02,0.344,0.13,0.364,0.84,0.656
711,,0.94,0.476,0.01,0.334,0.12,0.354,0.83,0.646
712,,0.93,0.466,0.0,0.324,0.11,0.344,0.82,0.636
713,,0.92,0.456,-0.01,0.314,0.1,0.334,0.81,0.626
714,3,0.91,0.729,0.99,0.587,0.09,0.041,0.4,0.333
715,3,0.9,1.0,1.0,0.86,0.08,-0.252,-0.01,0.04
716,6,0.607,0.59,0.707,0.85,0.353,0.748,0.263,0.03
717,6,0.314,0.18,0.414,0.84,0.626,1.0,0.536,0.02
718,,0.304,0.17,0.404,0.83,0.616,0.99,0.526,0.01
719,,0.294,0.16,0.394,0.82,0.606,0.98,0.516,0.0
720,,0.284,0.15,0.384,0.81,0.596,0.97,0.506,-0.01
721,8,0.557,0.14,0.091,0.4,0.303,0.96,0.779,0.99
722,8,0.83,0.13,-0.202,-0.01,0.01,0.95,1.0,1.0
723,3,0.82,0.403,0.798,0.263,0.0,0.657,0.59,0.707
724,3,0.81,0.676,1.0,0.536,-0.01,0.364,0.18,0.414
725,5,0.4,0.383,0.99,0.809,0.99,0.637,0.17,0.121
726,5,-0.01,0.09,0.98,1.0,1.0,0.91,0.16,-0.172
727,8,0.263,0.08,0.687,0.59,0.707,0.9,0.433,0.828
728,8,0.536,0.07,0.394,0.18,0.414,0.89,0.706,1.0
729,,0.526,0.06,0.384,0.17,0.404,0.88,0.696,0.99
730,,0.516,0.05,0.374,0.16,0.394,0.87,0.686,0.98
731,,0.506,0.04,0.364,0.15,0.384,0.86,0.676,0.97
732,,0.496,0.03,0.354,0.14,0.374,0.85,0.666,0.96
733,,0.486,0.02,0.344,0.13,0.364,0.84,0.656,0.95
734,,0.476,0.01,0.334,0.12,0.354,0.83,0.646,0.94
735,,0.466,0.0,0.324,0.11,0.344,0.82,0.636,0.93
736,,0.456,-0.01,0.314,0.1,0.334,0.81,0.626,0.92
737,2,0.729,0.99,0.587,0.09,0.041,0.4,0.333,0.91
738,2,1.0,1.0,0.86,0.08,-0.252,-0.01,0.04,0.9
739,5,0.59,0.707,0.85,0.353,0.748,0.263,0.03,0.607
740,5,0.18,0.414,0.84,0.626,1.0,0.536,0.02,0.314
741,,0.17,0.404,0.83,0.616,0.99,0.526,0.01,0.304
742,,0.16,0.394,0.82,0.606,0.98,0.516,0.0,0.294
743,,0.15,0.384,0.81,0.596,0.97,0.506,-0.01,0.284
744,7,0.14,0.091,0.4,0.303,0.96,0.779,0.99,0.557
745,7,0.13,-0.202,-0.01,0.01,0.95,1.0,1.0,0.83
746,2,0.403,0.798,0.263,0.0,0.657,0.59,0.707,0.82
747,2,0.676,1.0,0.536,-0.01,0.364,0.18,0.414,0.81
748,4,0.383,0.99,0.809,0.99,0.637,0.17,0.121,0.4
749,4,0.09,0.98,1.0,1.0,0.91,0.16,-0.172,-0.01
750,7,0.08,0.687,0.59,0.707,0.9,0.433,0.828,0.263
751,7,0.07,0.394,0.18,0.414,0.89,0.706,1.0,0.536
752,,0.06,0.384,0.17,0.404,0.88,0.696,0.99,0.526
753,,0.05,0.374,0.16,0.394,0.87,0.686,0.98,0.516
754,,0.04,0.364,0.15,0.384,0.86,0.676,0.97,0.506
755,,0.03,0.354,0.14,0.374,0.85,0.666,0.96,0.496
756,,0.02,0.344,0.13,0.364,0.84,0.656,0.95,0.486
757,,0.01,0.334,0.12,0.354,0.83,0.646,0.94,0.476
758,,0.0,0.324,0.11,0.344,0.82,0.636,0.93,0.466
759,,-0.01,0.314,0.1,0.334,0.81,0.626,0.92,0.456
760,1,0.99,0.587,0.09,0.041,0.4,0.333,0.91,0.729
761,1,1.0,0.86,0.08,-0.252,-0.01,0.04,0.9,1.0
762,4,0.707,0.85,0.353,0.748,0.263,0.03,0.607,0.59
763,4,0.414,0.84,0.626,1.0,0.536,0.02,0.314,0.18
764,,0.404,0.83,0.616,0.99,0.526,0.01,0.304,0.17
765,,0.394,0.82,0.606,0.98,0.516,0.0,0.294,0.16
766,,0.384,0.81,0.596,0.97,0.506,-0.01,0.284,0.15
767,6,0.091,0.4,0.303,0.96,0.779,0.99,0.557,0.14
768,6,-0.202,-0.01,0.01,0.95,1.0,1.0,0.83,0.13
769,1,0.798,0.263,0.0,0.657,0.59,0.707,0.82,0.403
770,1,1.0,0.536,-0.01,0.364,0.18,0.414,0.81,0.676
771,3,0.99,0.809,0.99,0.637,0.17,0.121,0.4,0.383
772,3,0.98,1.0,1.0,0.91,0.16,-0.172,-0.01,0.09
773,6,0.687,0.59,0.707,0.9,0.433,0.828,0.263,0.08
774,6,0.394,0.18,0.414,0.89,0.706,1.0,0.536,0.07
775,,0.384,0.17,0.404,0.88,0.696,0.99,0.526,0.06
776,,0.374,0.16,0.394,0.87,0.686,0.98,0.516,0.05
777,,0.364,0.15,0.384,0.86,0.676,0.97,0.506,0.04
778,,0.354,0.14,0.374,0.85,0.666,0.96,0.496,0.03
779,,0.344,0.13,0.364,0.84,0.656,0.95,0.486,0.02
780,,0.334,0.12,0.354,0.83,0.646,0.94,0.476,0.01
781,,0.324,0.11,0.344,0.82,0.636,0.93,0.466,0.0
782,,0.314,0.1,0.334,0.81,0.626,0.92,0.456,-0.01
783,8,0.587,0.09,0.041,0.4,0.333,0.91,0.729,0.99
784,8,0.86,0.08,-0.252,-0.01,0.04,0.9,1.0,1.0
785,3,0.85,0.353,0.748,0.263,0.03,0.607,0.59,0.707
786,3,0.84,0.626,1.0,0.536,0.02,0.314,0.18,0.414
787,,0.83,0.616,0.99,0.526,0.01,0.304,0.17,0.404
788,,0.82,0.606,0.98,0.516,0.0,0.294,0.16,0.394
789,,0.81,0.596,0.97,0.506,-0.01,0.284,0.15,0.384
790,5,0.4,0.303,0.96,0.779,0.99,0.557,0.14,0.091
791,5,-0.01,0.01,0.95,1.0,1.0,0.83,0.13,-0.202
792,8,0.263,0.0,0.657,0.59,0.707,0.82,0.403,0.798
793,8,0.536,-0.01,0.364,0.18,0.414,0.81,0.676,1.0
794,2,0.809,0.99,0.637,0.17,0.121,0.4,0.383,0.99
795,2,1.0,1.0,0.91,0.16,-0.172,-0.01,0.09,0.98
796,5,0.59,0.707,0.9,0.433,0.828,0.263,0.08,0.687
797,5,0.18,0.414,0.89,0.706,1.0,0.536,0.07,0.394
798,,0.17,0.404,0.88,0.696,0.99,0.526,0.06,0.384
799,,0.16,0.394,0.87,0.686,0.98,0.516,0.05,0.374
800,,0.15,0.384,0.86,0.676,0.97,0.506,0.04,0.364
801,,0.14,0.374,0.85,0.666,0.96,0.496,0.03,0.354
802,,0.13,0.364,0.84,0.656,0.95,0.486,0.02,0.344
803,,0.12,0.354,0.83,0.646,0.94,0.476,0.01,0.334
804,,0.11,0.344,0.82,0.636,0.93,0.466,0.0,0.324
