step,active_motive,motive_1,motive_2,motive_3,motive_4,motive_5,motive_6,motive_7,motive_8
0,,0.49919,0.572,0.76855,0.0436,0.99455,0.46994,0.27956,0.88349
1,,0.48919,0.562,0.75855,0.0336,0.98455,0.45994,0.26956,0.87349
2,,0.47919,0.552,0.74855,0.0236,0.97455,0.44994,0.25956,0.86349
3,,0.46919,0.542,0.73855,0.0136,0.96455,0.43994,0.24956,0.85349
4,,0.45919,0.532,0.72855,0.0036,0.95455,0.42994,0.23956,0.84349
5,,0.44919,0.522,0.71855,-0.0064,0.94455,0.41994,0.22956,0.83349
6,4,0.15619,0.512,0.99155,0.9936,1.0,0.40994,-0.06344,0.42349
7,4,-0.13681,0.502,1.0,1.0,1.0,0.39994,-0.35644,0.01349
8,7,-0.14681,0.209,0.59,0.707,0.99,0.67294,0.64356,0.28649
9,7,-0.15681,-0.084,0.18,0.414,0.98,0.94594,1.0,0.55949
10,1,0.84319,0.189,0.17,0.121,0.57,0.65294,0.99,0.83249
11,1,1.0,0.462,0.16,-0.172,0.16,0.35994,0.98,1.0
12,4,0.707,0.452,0.433,0.828,0.433,0.34994,0.687,0.59
13,4,0.414,0.442,0.706,1.0,0.706,0.33994,0.394,0.18
14,,0.404,0.432,0.696,0.99,0.696,0.32994,0.384,0.17
15,,0.394,0.422,0.686,0.98,0.686,0.31994,0.374,0.16
16,,0.384,0.412,0.676,0.97,0.676,0.30994,0.364,0.15
17,,0.374,0.402,0.666,0.96,0.666,0.29994,0.354,0.14
18,,0.364,0.392,0.656,0.95,0.656,0.28994,0.344,0.13
19,,0.354,0.382,0.646,0.94,0.646,0.27994,0.334,0.12
20,,0.344,0.372,0.636,0.93,0.636,0.26994,0.324,0.11
21,,0.334,0.362,0.626,0.92,0.626,0.25994,0.314,0.1
22,,0.324,0.352,0.616,0.91,0.616,0.24994,0.304,0.09
23,,0.314,0.342,0.606,0.9,0.606,0.23994,0.294,0.08
24,,0.304,0.332,0.596,0.89,0.596,0.22994,0.284,0.07
25,,0.294,0.322,0.586,0.88,0.586,0.21994,0.274,0.06
26,,0.284,0.312,0.576,0.87,0.576,0.20994,0.264,0.05
27,,0.274,0.302,0.566,0.86,0.566,0.19994,0.254,0.04
28,,0.264,0.292,0.556,0.85,0.556,0.18994,0.244,0.03
29,,0.254,0.282,0.546,0.84,0.546,0.17994,0.234,0.02
30,,0.244,0.272,0.536,0.83,0.536,0.16994,0.224,0.01
31,,0.234,0.262,0.526,0.82,0.526,0.15994,0.214,0.0
32,,0.224,0.252,0.516,0.81,0.516,0.14994,0.204,-0.01
33,8,0.497,0.242,0.223,0.4,0.223,0.13994,0.477,0.99
34,8,0.77,0.232,-0.07,-0.01,-0.07,0.12994,0.75,1.0
35,5,0.36,-0.061,-0.08,0.263,0.93,0.40294,0.74,0.707
36,5,-0.05,-0.354,-0.09,0.536,1.0,0.67594,0.73,0.414
37,2,0.223,0.646,0.183,0.526,0.707,0.26594,0.437,0.404
38,2,0.496,1.0,0.456,0.516,0.414,-0.14406,0.144,0.394
39,6,0.203,0.59,0.163,0.506,0.687,0.85594,0.417,0.384
40,6,-0.09,0.18,-0.13,0.496,0.96,1.0,0.69,0.374
41,3,-0.1,0.453,0.87,0.769,0.95,0.707,0.28,0.081
42,3,-0.11,0.726,1.0,1.0,0.94,0.414,-0.13,-0.212
43,8,0.163,0.716,0.707,0.59,0.647,0.404,0.143,0.788
44,8,0.436,0.706,0.414,0.18,0.354,0.394,0.416,1.0
45,,0.426,0.696,0.404,0.17,0.344,0.384,0.406,0.99
46,,0.416,0.686,0.394,0.16,0.334,0.374,0.396,0.98
47,,0.406,0.676,0.384,0.15,0.324,0.364,0.386,0.97
48,,0.396,0.666,0.374,0.14,0.314,0.354,0.376,0.96
49,,0.386,0.656,0.364,0.13,0.304,0.344,0.366,0.95
50,,0.376,0.646,0.354,0.12,0.294,0.334,0.356,0.94
51,,0.366,0.636,0.344,0.11,0.284,0.324,0.346,0.93
52,,0.356,0.626,0.334,0.1,0.274,0.314,0.336,0.92
53,,0.346,0.616,0.324,0.09,0.264,0.304,0.326,0.91
54,,0.336,0.606,0.314,0.08,0.254,0.294,0.316,0.9
55,,0.326,0.596,0.304,0.07,0.244,0.284,0.306,0.89
56,,0.316,0.586,0.294,0.06,0.234,0.274,0.296,0.88
57,,0.306,0.576,0.284,0.05,0.224,0.264,0.286,0.87
58,,0.296,0.566,0.274,0.04,0.214,0.254,0.276,0.86
59,,0.286,0.556,0.264,0.03,0.204,0.244,0.266,0.85
60,,0.276,0.546,0.254,0.02,0.194,0.234,0.256,0.84
61,,0.266,0.536,0.244,0.01,0.184,0.224,0.246,0.83
62,,0.256,0.526,0.234,0.0,0.174,0.214,0.236,0.82
63,,0.246,0.516,0.224,-0.01,0.164,0.204,0.226,0.81
64,4,-0.047,0.506,0.497,0.99,0.437,0.194,-0.067,0.4
65,4,-0.34,0.496,0.77,1.0,0.71,0.184,-0.36,-0.01
66,7,-0.35,0.203,0.36,0.707,0.7,0.457,0.64,0.263
67,7,-0.36,-0.09,-0.05,0.414,0.69,0.73,1.0,0.536
68,1,0.64,0.183,-0.06,0.121,0.28,0.437,0.99,0.809
69,1,1.0,0.456,-0.07,-0.172,-0.13,0.144,0.98,1.0
70,4,0.707,0.446,0.203,0.828,0.143,0.134,0.687,0.59
71,4,0.414,0.436,0.476,1.0,0.416,0.124,0.394,0.18
72,,0.404,0.426,0.466,0.99,0.406,0.114,0.384,0.17
73,,0.394,0.416,0.456,0.98,0.396,0.104,0.374,0.16
74,,0.384,0.406,0.446,0.97,0.386,0.094,0.364,0.15
75,,0.374,0.396,0.436,0.96,0.376,0.084,0.354,0.14
76,,0.364,0.386,0.426,0.95,0.366,0.074,0.344,0.13
77,,0.354,0.376,0.416,0.94,0.356,0.064,0.334,0.12
78,,0.344,0.366,0.406,0.93,0.346,0.054,0.324,0.11
79,,0.334,0.356,0.396,0.92,0.336,0.044,0.314,0.1
80,,0.324,0.346,0.386,0.91,0.326,0.034,0.304,0.09
81,,0.314,0.336,0.376,0.9,0.316,0.024,0.294,0.08
82,,0.304,0.326,0.366,0.89,0.306,0.014,0.284,0.07
83,,0.294,0.316,0.356,0.88,0.296,0.004,0.274,0.06
84,,0.284,0.306,0.346,0.87,0.286,-0.006,0.264,0.05
85,6,-0.009,-0.104,0.053,0.86,0.559,0.994,0.537,0.04
86,6,-0.302,-0.514,-0.24,0.85,0.832,1.0,0.81,0.03
87,2,-0.029,0.486,0.033,0.84,0.539,0.59,0.517,0.02
88,2,0.244,1.0,0.306,0.83,0.246,0.18,0.224,0.01
89,,0.234,0.99,0.296,0.82,0.236,0.17,0.214,0.0
90,,0.224,0.98,0.286,0.81,0.226,0.16,0.204,-0.01
91,8,0.497,0.97,-0.007,0.4,-0.067,0.15,0.477,0.99
92,8,0.77,0.96,-0.3,-0.01,-0.36,0.14,0.75,1.0
93,5,0.36,0.667,-0.31,0.263,0.64,0.413,0.74,0.707
94,5,-0.05,0.374,-0.32,0.536,1.0,0.686,0.73,0.414
95,3,-0.06,0.647,0.68,0.809,0.99,0.393,0.32,0.121
96,3,-0.07,0.92,1.0,1.0,0.98,0.1,-0.09,-0.172
97,8,0.203,0.91,0.707,0.59,0.687,0.09,0.183,0.828
98,8,0.476,0.9,0.414,0.18,0.394,0.08,0.456,1.0
99,,0.466,0.89,0.404,0.17,0.384,0.07,0.446,0.99
100,,0.456,0.88,0.394,0.16,0.374,0.06,0.436,0.98
101,,0.446,0.87,0.384,0.15,0.364,0.05,0.426,0.97
102,,0.436,0.86,0.374,0.14,0.354,0.04,0.416,0.96
103,,0.426,0.85,0.364,0.13,0.344,0.03,0.406,0.95
104,,0.416,0.84,0.354,0.12,0.334,0.02,0.396,0.94
105,,0.406,0.83,0.344,0.11,0.324,0.01,0.386,0.93
106,,0.396,0.82,0.334,0.1,0.314,0.0,0.376,0.92
107,,0.386,0.81,0.324,0.09,0.304,-0.01,0.366,0.91
108,6,0.093,0.4,0.031,0.08,0.577,0.99,0.639,0.9
109,6,-0.2,-0.01,-0.262,0.07,0.85,1.0,0.912,0.89
110,3,-0.21,0.263,0.738,0.343,0.84,0.707,0.502,0.597
111,3,-0.22,0.536,1.0,0.616,0.83,0.414,0.092,0.304
112,1,0.78,0.809,0.99,0.323,0.42,0.121,0.082,0.577
113,1,1.0,1.0,0.98,0.03,0.01,-0.172,0.072,0.85
114,6,0.707,0.59,0.687,0.02,0.283,0.828,0.345,0.84
115,6,0.414,0.18,0.394,0.01,0.556,1.0,0.618,0.83
116,,0.404,0.17,0.384,0.0,0.546,0.99,0.608,0.82
117,,0.394,0.16,0.374,-0.01,0.536,0.98,0.598,0.81
118,4,0.101,0.15,0.647,0.99,0.809,0.97,0.305,0.4
119,4,-0.192,0.14,0.92,1.0,1.0,0.96,0.012,-0.01
120,1,0.808,0.413,0.91,0.707,0.59,0.667,0.002,0.263
121,1,1.0,0.686,0.9,0.414,0.18,0.374,-0.008,0.536
122,7,0.99,0.393,0.49,0.121,0.17,0.647,0.992,0.809
123,7,0.98,0.1,0.08,-0.172,0.16,0.92,1.0,1.0
124,4,0.687,0.09,0.353,0.828,0.433,0.91,0.707,0.59
125,4,0.394,0.08,0.626,1.0,0.706,0.9,0.414,0.18
126,,0.384,0.07,0.616,0.99,0.696,0.89,0.404,0.17
127,,0.374,0.06,0.606,0.98,0.686,0.88,0.394,0.16
128,,0.364,0.05,0.596,0.97,0.676,0.87,0.384,0.15
129,,0.354,0.04,0.586,0.96,0.666,0.86,0.374,0.14
130,,0.344,0.03,0.576,0.95,0.656,0.85,0.364,0.13
131,,0.334,0.02,0.566,0.94,0.646,0.84,0.354,0.12
132,,0.324,0.01,0.556,0.93,0.636,0.83,0.344,0.11
133,,0.314,0.0,0.546,0.92,0.626,0.82,0.334,0.1
134,,0.304,-0.01,0.536,0.91,0.616,0.81,0.324,0.09
135,2,0.577,0.99,0.809,0.9,0.323,0.4,0.031,0.08
136,2,0.85,1.0,1.0,0.89,0.03,-0.01,-0.262,0.07
137,7,0.84,0.707,0.59,0.597,0.02,0.263,0.738,0.343
138,7,0.83,0.414,0.18,0.304,0.01,0.536,1.0,0.616
139,,0.82,0.404,0.17,0.294,0.0,0.526,0.99,0.606
140,,0.81,0.394,0.16,0.284,-0.01,0.516,0.98,0.596
141,5,0.4,0.101,0.15,0.557,0.99,0.789,0.97,0.303
142,5,-0.01,-0.192,0.14,0.83,1.0,1.0,0.96,0.01
143,2,0.263,0.808,0.413,0.82,0.707,0.59,0.667,0.0
144,2,0.536,1.0,0.686,0.81,0.414,0.18,0.374,-0.01
145,8,0.809,0.99,0.393,0.4,0.121,0.17,0.647,0.99
146,8,1.0,0.98,0.1,-0.01,-0.172,0.16,0.92,1.0
147,5,0.59,0.687,0.09,0.263,0.828,0.433,0.91,0.707
148,5,0.18,0.394,0.08,0.536,1.0,0.706,0.9,0.414
149,,0.17,0.384,0.07,0.526,0.99,0.696,0.89,0.404
150,,0.16,0.374,0.06,0.516,0.98,0.686,0.88,0.394
151,,0.15,0.364,0.05,0.506,0.97,0.676,0.87,0.384
152,,0.14,0.354,0.04,0.496,0.96,0.666,0.86,0.374
153,,0.13,0.344,0.03,0.486,0.95,0.656,0.85,0.364
154,,0.12,0.334,0.02,0.476,0.94,0.646,0.84,0.354
155,,0.11,0.324,0.01,0.466,0.93,0.636,0.83,0.344
156,,0.1,0.314,0.0,0.456,0.92,0.626,0.82,0.334
157,,0.09,0.304,-0.01,0.446,0.91,0.616,0.81,0.324
158,3,0.08,0.577,0.99,0.719,0.9,0.323,0.4,0.031
159,3,0.07,0.85,1.0,0.992,0.89,0.03,-0.01,-0.262
160,8,0.343,0.84,0.707,0.582,0.597,0.02,0.263,0.738
161,8,0.616,0.83,0.414,0.172,0.304,0.01,0.536,1.0
162,,0.606,0.82,0.404,0.162,0.294,0.0,0.526,0.99
163,,0.596,0.81,0.394,0.152,0.284,-0.01,0.516,0.98
164,6,0.303,0.4,0.101,0.142,0.557,0.99,0.789,0.97
165,6,0.01,-0.01,-0.192,0.132,0.83,1.0,1.0,0.96
166,3,0.0,0.263,0.808,0.405,0.82,0.707,0.59,0.667
167,3,-0.01,0.536,1.0,0.678,0.81,0.414,0.18,0.374
168,1,0.99,0.809,0.99,0.385,0.4,0.121,0.17,0.647
169,1,1.0,1.0,0.98,0.092,-0.01,-0.172,0.16,0.92
170,6,0.707,0.59,0.687,0.082,0.263,0.828,0.433,0.91
171,6,0.414,0.18,0.394,0.072,0.536,1.0,0.706,0.9
172,,0.404,0.17,0.384,0.062,0.526,0.99,0.696,0.89
173,,0.394,0.16,0.374,0.052,0.516,0.98,0.686,0.88
174,,0.384,0.15,0.364,0.042,0.506,0.97,0.676,0.87
175,,0.374,0.14,0.354,0.032,0.496,0.96,0.666,0.86
176,,0.364,0.13,0.344,0.022,0.486,0.95,0.656,0.85
177,,0.354,0.12,0.334,0.012,0.476,0.94,0.646,0.84
178,,0.344,0.11,0.324,0.002,0.466,0.93,0.636,0.83
179,,0.334,0.1,0.314,-0.008,0.456,0.92,0.626,0.82
180,4,0.041,0.09,0.587,0.992,0.729,0.91,0.333,0.41
181,4,-0.252,0.08,0.86,1.0,1.0,0.9,0.04,-0.0
182,1,0.748,0.353,0.85,0.707,0.59,0.607,0.03,0.273
183,1,1.0,0.626,0.84,0.414,0.18,0.314,0.02,0.546
184,,0.99,0.616,0.83,0.404,0.17,0.304,0.01,0.536
185,,0.98,0.606,0.82,0.394,0.16,0.294,0.0,0.526
186,,0.97,0.596,0.81,0.384,0.15,0.284,-0.01,0.516
187,7,0.96,0.303,0.4,0.091,0.14,0.557,0.99,0.789
188,7,0.95,0.01,-0.01,-0.202,0.13,0.83,1.0,1.0
189,4,0.657,0.0,0.263,0.798,0.403,0.82,0.707,0.59
190,4,0.364,-0.01,0.536,1.0,0.676,0.81,0.414,0.18
191,2,0.637,0.99,0.809,0.99,0.383,0.4,0.121,0.17
192,2,0.91,1.0,1.0,0.98,0.09,-0.01,-0.172,0.16
193,7,0.9,0.707,0.59,0.687,0.08,0.263,0.828,0.433
194,7,0.89,0.414,0.18,0.394,0.07,0.536,1.0,0.706
195,,0.88,0.404,0.17,0.384,0.06,0.526,0.99,0.696
196,,0.87,0.394,0.16,0.374,0.05,0.516,0.98,0.686
197,,0.86,0.384,0.15,0.364,0.04,0.506,0.97,0.676
198,,0.85,0.374,0.14,0.354,0.03,0.496,0.96,0.666
199,,0.84,0.364,0.13,0.344,0.02,0.486,0.95,0.656
200,,0.83,0.354,0.12,0.334,0.01,0.476,0.94,0.646
201,,0.82,0.344,0.11,0.324,0.0,0.466,0.93,0.636
202,,0.81,0.334,0.1,0.314,-0.01,0.456,0.92,0.626
203,5,0.4,0.041,0.09,0.587,0.99,0.729,0.91,0.333
204,5,-0.01,-0.252,0.08,0.86,1.0,1.0,0.9,0.04
205,2,0.263,0.748,0.353,0.85,0.707,0.59,0.607,0.03
206,2,0.536,1.0,0.626,0.84,0.414,0.18,0.314,0.02
207,,0.526,0.99,0.616,0.83,0.404,0.17,0.304,0.01
208,,0.516,0.98,0.606,0.82,0.394,0.16,0.294,0.0
209,,0.506,0.97,0.596,0.81,0.384,0.15,0.284,-0.01
210,8,0.779,0.96,0.303,0.4,0.091,0.14,0.557,0.99
211,8,1.0,0.95,0.01,-0.01,-0.202,0.13,0.83,1.0
212,5,0.59,0.657,0.0,0.263,0.798,0.403,0.82,0.707
213,5,0.18,0.364,-0.01,0.536,1.0,0.676,0.81,0.414
214,3,0.17,0.637,0.99,0.809,0.99,0.383,0.4,0.121
215,3,0.16,0.91,1.0,1.0,0.98,0.09,-0.01,-0.172
216,8,0.433,0.9,0.707,0.59,0.687,0.08,0.263,0.828
217,8,0.706,0.89,0.414,0.18,0.394,0.07,0.536,1.0
218,,0.696,0.88,0.404,0.17,0.384,0.06,0.526,0.99
219,,0.686,0.87,0.394,0.16,0.374,0.05,0.516,0.98
220,,0.676,0.86,0.384,0.15,0.364,0.04,0.506,0.97
221,,0.666,0.85,0.374,0.14,0.354,0.03,0.496,0.96
222,,0.656,0.84,0.364,0.13,0.344,0.02,0.486,0.95
223,,0.646,0.83,0.354,0.12,0.334,0.01,0.476,0.94
224,,0.636,0.82,0.344,0.11,0.324,0.0,0.466,0.93
225,,0.626,0.81,0.334,0.1,0.314,-0.01,0.456,0.92
226,6,0.333,0.4,0.041,0.09,0.587,0.99,0.729,0.91
227,6,0.04,-0.01,-0.252,0.08,0.86,1.0,1.0,0.9
228,3,0.03,0.263,0.748,0.353,0.85,0.707,0.59,0.607
229,3,0.02,0.536,1.0,0.626,0.84,0.414,0.18,0.314
230,,0.01,0.526,0.99,0.616,0.83,0.404,0.17,0.304
231,,0.0,0.516,0.98,0.606,0.82,0.394,0.16,0.294
232,,-0.01,0.506,0.97,0.596,0.81,0.384,0.15,0.284
233,1,0.99,0.779,0.96,0.303,0.4,0.091,0.14,0.557
234,1,1.0,1.0,0.95,0.01,-0.01,-0.202,0.13,0.83
235,6,0.707,0.59,0.657,0.0,0.263,0.798,0.403,0.82
236,6,0.414,0.18,0.364,-0.01,0.536,1.0,0.676,0.81
237,4,0.121,0.17,0.637,0.99,0.809,0.99,0.383,0.4
238,4,-0.172,0.16,0.91,1.0,1.0,0.98,0.09,-0.01
239,1,0.828,0.433,0.9,0.707,0.59,0.687,0.08,0.263
240,1,1.0,0.706,0.89,0.414,0.18,0.394,0.07,0.536
241,,0.99,0.696,0.88,0.404,0.17,0.384,0.06,0.526
242,,0.98,0.686,0.87,0.394,0.16,0.374,0.05,0.516
243,,0.97,0.676,0.86,0.384,0.15,0.364,0.04,0.506
244,,0.96,0.666,0.85,0.374,0.14,0.354,0.03,0.496
245,,0.95,0.656,0.84,0.364,0.13,0.344,0.02,0.486
246,,0.94,0.646,0.83,0.354,0.12,0.334,0.01,0.476
247,,0.93,0.636,0.82,0.344,0.11,0.324,0.0,0.466
248,,0.92,0.626,0.81,0.334,0.1,0.314,-0.01,0.456
249,7,0.91,0.333,0.4,0.041,0.09,0.587,0.99,0.729
250,7,0.9,0.04,-0.01,-0.252,0.08,0.86,1.0,1.0
251,4,0.607,0.03,0.263,0.748,0.353,0.85,0.707,0.59
252,4,0.314,0.02,0.536,1.0,0.626,0.84,0.414,0.18
253,,0.304,0.01,0.526,0.99,0.616,0.83,0.404,0.17
254,,0.294,0.0,0.516,0.98,0.606,0.82,0.394,0.16
255,,0.284,-0.01,0.506,0.97,0.596,0.81,0.384,0.15
256,2,0.557,0.99,0.779,0.96,0.303,0.4,0.091,0.14
257,2,0.83,1.0,1.0,0.95,0.01,-0.01,-0.202,0.13
258,7,0.82,0.707,0.59,0.657,0.0,0.263,0.798,0.403
259,7,0.81,0.414,0.18,0.364,-0.01,0.536,1.0,0.676
260,5,0.4,0.121,0.17,0.637,0.99,0.809,0.99,0.383
261,5,-0.01,-0.172,0.16,0.91,1.0,1.0,0.98,0.09
262,2,0.263,0.828,0.433,0.9,0.707,0.59,0.687,0.08
263,2,0.536,1.0,0.706,0.89,0.414,0.18,0.394,0.07
264,,0.526,0.99,0.696,0.88,0.404,0.17,0.384,0.06
265,,0.516,0.98,0.686,0.87,0.394,0.16,0.374,0.05
266,,0.506,0.97,0.676,0.86,0.384,0.15,0.364,0.04
267,,0.496,0.96,0.666,0.85,0.374,0.14,0.354,0.03
268,,0.486,0.95,0.656,0.84,0.364,0.13,0.344,0.02
269,,0.476,0.94,0.646,0.83,0.354,0.12,0.334,0.01
270,,0.466,0.93,0.636,0.82,0.344,0.11,0.324,0.0
271,,0.456,0.92,0.626,0.81,0.334,0.1,0.314,-0.01
272,8,0.729,0.91,0.333,0.4,0.041,0.09,0.587,0.99
273,8,1.0,0.9,0.04,-0.01,-0.252,0.08,0.86,1.0
274,5,0.59,0.607,0.03,0.263,0.748,0.353,0.85,0.707
275,5,0.18,0.314,0.02,0.536,1.0,0.626,0.84,0.414
276,,0.17,0.304,0.01,0.526,0.99,0.616,0.83,0.404
277,,0.16,0.294,0.0,0.516,0.98,0.606,0.82,0.394
278,,0.15,0.284,-0.01,0.506,0.97,0.596,0.81,0.384
279,3,0.14,0.557,0.99,0.779,0.96,0.303,0.4,0.091
280,3,0.13,0.83,1.0,1.0,0.95,0.01,-0.01,-0.202
281,8,0.403,0.82,0.707,0.59,0.657,0.0,0.263,0.798
282,8,0.676,0.81,0.414,0.18,0.364,-0.01,0.536,1.0
283,6,0.383,0.4,0.121,0.17,0.637,0.99,0.809,0.99
284,6,0.09,-0.01,-0.172,0.16,0.91,1.0,1.0,0.98
285,3,0.08,0.263,0.828,0.433,0.9,0.707,0.59,0.687
286,3,0.07,0.536,1.0,0.706,0.89,0.414,0.18,0.394
287,,0.06,0.526,0.99,0.696,0.88,0.404,0.17,0.384
288,,0.05,0.516,0.98,0.686,0.87,0.394,0.16,0.374
289,,0.04,0.506,0.97,0.676,0.86,0.384,0.15,0.364
290,,0.03,0.496,0.96,0.666,0.85,0.374,0.14,0.354
291,,0.02,0.486,0.95,0.656,0.84,0.364,0.13,0.344
292,,0.01,0.476,0.94,0.646,0.83,0.354,0.12,0.334
293,,0.0,0.466,0.93,0.636,0.82,0.344,0.11,0.324
294,,-0.01,0.456,0.92,0.626,0.81,0.334,0.1,0.314
295,1,0.99,0.729,0.91,0.333,0.4,0.041,0.09,0.587
296,1,1.0,1.0,0.9,0.04,-0.01,-0.252,0.08,0.86
297,6,0.707,0.59,0.607,0.03,0.263,0.748,0.353,0.85
298,6,0.414,0.18,0.314,0.02,0.536,1.0,0.626,0.84
299,,0.404,0.17,0.304,0.01,0.526,0.99,0.616,0.83
300,,0.394,0.16,0.294,0.0,0.516,0.98,0.606,0.82
301,,0.384,0.15,0.284,-0.01,0.506,0.97,0.596,0.81
302,4,0.091,0.14,0.557,0.99,0.779,0.96,0.303,0.4
303,4,-0.202,0.13,0.83,1.0,1.0,0.95,0.01,-0.01
304,1,0.798,0.403,0.82,0.707,0.59,0.657,0.0,0.263
305,1,1.0,0.676,0.81,0.414,0.18,0.364,-0.01,0.536
306,7,0.99,0.383,0.4,0.121,0.17,0.637,0.99,0.809
307,7,0.98,0.09,-0.01,-0.172,0.16,0.91,1.0,1.0
308,4,0.687,0.08,0.263,0.828,0.433,0.9,0.707,0.59
309,4,0.394,0.07,0.536,1.0,0.706,0.89,0.414,0.18
310,,0.384,0.06,0.526,0.99,0.696,0.88,0.404,0.17
311,,0.374,0.05,0.516,0.98,0.686,0.87,0.394,0.16
312,,0.364,0.04,0.506,0.97,0.676,0.86,0.384,0.15
313,,0.354,0.03,0.496,0.96,0.666,0.85,0.374,0.14
314,,0.344,0.02,0.486,0.95,0.656,0.84,0.364,0.13
315,,0.334,0.01,0.476,0.94,0.646,0.83,0.354,0.12
316,,0.324,0.0,0.466,0.93,0.636,0.82,0.344,0.11
317,,0.314,-0.01,0.456,0.92,0.626,0.81,0.334,0.1
318,2,0.587,0.99,0.729,0.91,0.333,0.4,0.041,0.09
319,2,0.86,1.0,1.0,0.9,0.04,-0.01,-0.252,0.08
320,7,0.85,0.707,0.59,0.607,0.03,0.263,0.748,0.353
321,7,0.84,0.414,0.18,0.314,0.02,0.536,1.0,0.626
322,,0.83,0.404,0.17,0.304,0.01,0.526,0.99,0.616
323,,0.82,0.394,0.16,0.294,0.0,0.516,0.98,0.606
324,,0.81,0.384,0.15,0.284,-0.01,0.506,0.97,0.596
325,5,0.4,0.091,0.14,0.557,0.99,0.779,0.96,0.303
326,5,-0.01,-0.202,0.13,0.83,1.0,1.0,0.95,0.01
327,2,0.263,0.798,0.403,0.82,0.707,0.59,0.657,0.0
328,2,0.536,1.0,0.676,0.81,0.414,0.18,0.364,-0.01
329,8,0.809,0.99,0.383,0.4,0.121,0.17,0.637,0.99
330,8,1.0,0.98,0.09,-0.01,-0.172,0.16,0.91,1.0
331,5,0.59,0.687,0.08,0.263,0.828,0.433,0.9,0.707
332,5,0.18,0.394,0.07,0.536,1.0,0.706,0.89,0.414
333,,0.17,0.384,0.06,0.526,0.99,0.696,0.88,0.404
334,,0.16,0.374,0.05,0.516,0.98,0.686,0.87,0.394
335,,0.15,0.364,0.04,0.506,0.97,0.676,0.86,0.384
336,,0.14,0.354,0.03,0.496,0.96,0.666,0.85,0.374
337,,0.13,0.344,0.02,0.486,0.95,0.656,0.84,0.364
338,,0.12,0.334,0.01,0.476,0.94,0.646,0.83,0.354
339,,0.11,0.324,0.0,0.466,0.93,0.636,0.82,0.344
340,,0.1,0.314,-0.01,0.456,0.92,0.626,0.81,0.334
341,3,0.09,0.587,0.99,0.729,0.91,0.333,0.4,0.041
342,3,0.08,0.86,1.0,1.0,0.9,0.04,-0.01,-0.252
343,8,0.353,0.85,0.707,0.59,0.607,0.03,0.263,0.748
344,8,0.626,0.84,0.414,0.18,0.314,0.02,0.536,1.0
345,,0.616,0.83,0.404,0.17,0.304,0.01,0.526,0.99
346,,0.606,0.82,0.394,0.16,0.294,0.0,0.516,0.98
347,,0.596,0.81,0.384,0.15,0.284,-0.01,0.506,0.97
348,6,0.303,0.4,0.091,0.14,0.557,0.99,0.779,0.96
349,6,0.01,-0.01,-0.202,0.13,0.83,1.0,1.0,0.95
350,3,0.0,0.263,0.798,0.403,0.82,0.707,0.59,0.657
351,3,-0.01,0.536,1.0,0.676,0.81,0.414,0.18,0.364
352,1,0.99,0.809,0.99,0.383,0.4,0.121,0.17,0.637
353,1,1.0,1.0,0.98,0.09,-0.01,-0.172,0.16,0.91
354,6,0.707,0.59,0.687,0.08,0.263,0.828,0.433,0.9
355,6,0.414,0.18,0.394,0.07,0.536,1.0,0.706,0.89
356,,0.404,0.17,0.384,0.06,0.526,0.99,0.696,0.88
357,,0.394,0.16,0.374,0.05,0.516,0.98,0.686,0.87
358,,0.384,0.15,0.364,0.04,0.506,0.97,0.676,0.86
359,,0.374,0.14,0.354,0.03,0.496,0.96,0.666,0.85
360,,0.364,0.13,0.344,0.02,0.486,0.95,0.656,0.84
361,,0.354,0.12,0.334,0.01,0.476,0.94,0.646,0.83
362,,0.344,0.11,0.324,0.0,0.466,0.93,0.636,0.82
363,,0.334,0.1,0.314,-0.01,0.456,0.92,0.626,0.81
364,4,0.041,0.09,0.587,0.99,0.729,0.91,0.333,0.4
365,4,-0.252,0.08,0.86,1.0,1.0,0.9,0.04,-0.01
366,1,0.748,0.353,0.85,0.707,0.59,0.607,0.03,0.263
367,1,1.0,0.626,0.84,0.414,0.18,0.314,0.02,0.536
368,,0.99,0.616,0.83,0.404,0.17,0.304,0.01,0.526
369,,0.98,0.606,0.82,0.394,0.16,0.294,0.0,0.516
370,,0.97,0.596,0.81,0.384,0.15,0.284,-0.01,0.506
371,7,0.96,0.303,0.4,0.091,0.14,0.557,0.99,0.779
372,7,0.95,0.01,-0.01,-0.202,0.13,0.83,1.0,1.0
373,4,0.657,0.0,0.263,0.798,0.403,0.82,0.707,0.59
374,4,0.364,-0.01,0.536,1.0,0.676,0.81,0.414,0.18
375,2,0.637,0.99,0.809,0.99,0.383,0.4,0.121,0.17
376,2,0.91,1.0,1.0,0.98,0.09,-0.01,-0.172,0.16
377,7,0.9,0.707,0.59,0.687,0.08,0.263,0.828,0.433
378,7,0.89,0.414,0.18,0.394,0.07,0.536,1.0,0.706
379,,0.88,0.404,0.17,0.384,0.06,0.526,0.99,0.696
380,,0.87,0.394,0.16,0.374,0.05,0.516,0.98,0.686
381,,0.86,0.384,0.15,0.364,0.04,0.506,0.97,0.676
382,,0.85,0.374,0.14,0.354,0.03,0.496,0.96,0.666
383,,0.84,0.364,0.13,0.344,0.02,0.486,0.95,0.656
384,,0.83,0.354,0.12,0.334,0.01,0.476,0.94,0.646
385,,0.82,0.344,0.11,0.324,0.0,0.466,0.93,0.636
386,,0.81,0.334,0.1,0.314,-0.01,0.456,0.92,0.626
387,5,0.4,0.041,0.09,0.587,0.99,0.729,0.91,0.333
388,5,-0.01,-0.252,0.08,0.86,1.0,1.0,0.9,0.04
389,2,0.263,0.748,0.353,0.85,0.707,0.59,0.607,0.03
390,2,0.536,1.0,0.626,0.84,0.414,0.18,0.314,0.02
391,,0.526,0.99,0.616,0.83,0.404,0.17,0.304,0.01
392,,0.516,0.98,0.606,0.82,0.394,0.16,0.294,0.0
393,,0.506,0.97,0.596,0.81,0.384,0.15,0.284,-0.01
394,8,0.779,0.96,0.303,0.4,0.091,0.14,0.557,0.99
395,8,1.0,0.95,0.01,-0.01,-0.202,0.13,0.83,1.0
396,5,0.59,0.657,0.0,0.263,0.798,0.403,0.82,0.707
397,5,0.18,0.364,-0.01,0.536,1.0,0.676,0.81,0.414
398,3,0.17,0.637,0.99,0.809,0.99,0.383,0.4,0.121
399,3,0.16,0.91,1.0,1.0,0.98,0.09,-0.01,-0.172
400,8,0.433,0.9,0.707,0.59,0.687,0.08,0.263,0.828
401,8,0.706,0.89,0.414,0.18,0.394,0.07,0.536,1.0
402,,0.696,0.88,0.404,0.17,0.384,0.06,0.526,0.99
403,,0.686,0.87,0.394,0.16,0.374,0.05,0.516,0.98
404,,0.676,0.86,0.384,0.15,0.364,0.04,0.506,0.97
405,,0.666,0.85,0.374,0.14,0.354,0.03,0.496,0.96
406,,0.656,0.84,0.364,0.13,0.344,0.02,0.486,0.95
407,,0.646,0.83,0.354,0.12,0.334,0.01,0.476,0.94
408,,0.636,0.82,0.344,0.11,0.324,0.0,0.466,0.93
409,,0.626,0.81,0.334,0.1,0.314,-0.01,0.456,0.92
410,6,0.333,0.4,0.041,0.09,0.587,0.99,0.729,0.91
411,6,0.04,-0.01,-0.252,0.08,0.86,1.0,1.0,0.9
412,3,0.03,0.263,0.748,0.353,0.85,0.707,0.59,0.607
413,3,0.02,0.536,1.0,0.626,0.84,0.414,0.18,0.314
414,,0.01,0.526,0.99,0.616,0.83,0.404,0.17,0.304
415,,0.0,0.516,0.98,0.606,0.82,0.394,0.16,0.294
416,,-0.01,0.506,0.97,0.596,0.81,0.384,0.15,0.284
417,1,0.99,0.779,0.96,0.303,0.4,0.091,0.14,0.557
418,1,1.0,1.0,0.95,0.01,-0.01,-0.202,0.13,0.83
419,6,0.707,0.59,0.657,0.0,0.263,0.798,0.403,0.82
420,6,0.414,0.18,0.364,-0.01,0.536,1.0,0.676,0.81
421,4,0.121,0.17,0.637,0.99,0.809,0.99,0.383,0.4
422,4,-0.172,0.16,0.91,1.0,1.0,0.98,0.09,-0.01
423,1,0.828,0.433,0.9,0.707,0.59,0.687,0.08,0.263
424,1,1.0,0.706,0.89,0.414,0.18,0.394,0.07,0.536
425,,0.99,0.696,0.88,0.404,0.17,0.384,0.06,0.526
426,,0.98,0.686,0.87,0.394,0.16,0.374,0.05,0.516
427,,0.97,0.676,0.86,0.384,0.15,0.364,0.04,0.506
428,,0.96,0.666,0.85,0.374,0.14,0.354,0.03,0.496
429,,0.95,0.656,0.84,0.364,0.13,0.344,0.02,0.486
430,,0.94,0.646,0.83,0.354,0.12,0.334,0.01,0.476
431,,0.93,0.636,0.82,0.344,0.11,0.324,0.0,0.466
432,,0.92,0.626,0.81,0.334,0.1,0.314,-0.01,0.456
433,7,0.91,0.333,0.4,0.041,0.09,0.587,0.99,0.729
434,7,0.9,0.04,-0.01,-0.252,0.08,0.86,1.0,1.0
435,4,0.607,0.03,0.263,0.748,0.353,0.85,0.707,0.59
436,4,0.314,0.02,0.536,1.0,0.626,0.84,0.414,0.18
437,,0.304,0.01,0.526,0.99,0.616,0.83,0.404,0.17
438,,0.294,0.0,0.516,0.98,0.606,0.82,0.394,0.16
439,,0.284,-0.01,0.506,0.97,0.596,0.81,0.384,0.15
440,2,0.557,0.99,0.779,0.96,0.303,0.4,0.091,0.14
441,2,0.83,1.0,1.0,0.95,0.01,-0.01,-0.202,0.13
442,7,0.82,0.707,0.59,0.657,0.0,0.263,0.798,0.403
443,7,0.81,0.414,0.18,0.364,-0.01,0.536,1.0,0.676
444,5,0.4,0.121,0.17,0.637,0.99,0.809,0.99,0.383
445,5,-0.01,-0.172,0.16,0.91,1.0,1.0,0.98,0.09
446,2,0.263,0.828,0.433,0.9,0.707,0.59,0.687,0.08
447,2,0.536,1.0,0.706,0.89,0.414,0.18,0.394,0.07
448,,0.526,0.99,0.696,0.88,0.404,0.17,0.384,0.06
449,,0.516,0.98,0.686,0.87,0.394,0.16,0.374,0.05
450,,0.506,0.97,0.676,0.86,0.384,0.15,0.364,0.04
451,,0.496,0.96,0.666,0.85,0.374,0.14,0.354,0.03
452,,0.486,0.95,0.656,0.84,0.364,0.13,0.344,0.02
453,,0.476,0.94,0.646,0.83,0.354,0.12,0.334,0.01
454,,0.466,0.93,0.636,0.82,0.344,0.11,0.324,0.0
455,,0.456,0.92,0.626,0.81,0.334,0.1,0.314,-0.01
456,8,0.729,0.91,0.333,0.4,0.041,0.09,0.587,0.99
457,8,1.0,0.9,0.04,-0.01,-0.252,0.08,0.86,1.0
458,5,0.59,0.607,0.03,0.263,0.748,0.353,0.85,0.707
459,5,0.18,0.314,0.02,0.536,1.0,0.626,0.84,0.414
460,,0.17,0.304,0.01,0.526,0.99,0.616,0.83,0.404
461,,0.16,0.294,0.0,0.516,0.98,0.606,0.82,0.394
462,,0.15,0.284,-0.01,0.506,0.97,0.596,0.81,0.384
463,3,0.14,0.557,0.99,0.779,0.96,0.303,0.4,0.091
464,3,0.13,0.83,1.0,1.0,0.95,0.01,-0.01,-0.202
465,8,0.403,0.82,0.707,0.59,0.657,0.0,0.263,0.798
466,8,0.676,0.81,0.414,0.18,0.364,-0.01,0.536,1.0
467,6,0.383,0.4,0.121,0.17,0.637,0.99,0.809,0.99
468,6,0.09,-0.01,-0.172,0.16,0.91,1.0,1.0,0.98
469,3,0.08,0.263,0.828,0.433,0.9,0.707,0.59,0.687
470,3,0.07,0.536,1.0,0.706,0.89,0.414,0.18,0.394
471,,0.06,0.526,0.99,0.696,0.88,0.404,0.17,0.384
472,,0.05,0.516,0.98,0.686,0.87,0.394,0.16,0.374
473,,0.04,0.506,0.97,0.676,0.86,0.384,0.15,0.364
474,,0.03,0.496,0.96,0.666,0.85,0.374,0.14,0.354
475,,0.02,0.486,0.95,0.656,0.84,0.364,0.13,0.344
476,,0.01,0.476,0.94,0.646,0.83,0.354,0.12,0.334
477,,0.0,0.466,0.93,0.636,0.82,0.344,0.11,0.324
478,,-0.01,0.456,0.92,0.626,0.81,0.334,0.1,0.314
479,1,0.99,0.729,0.91,0.333,0.4,0.041,0.09,0.587
480,1,1.0,1.0,0.9,0.04,-0.01,-0.252,0.08,0.86
481,6,0.707,0.59,0.607,0.03,0.263,0.748,0.353,0.85
482,6,0.414,0.18,0.314,0.02,0.536,1.0,0.626,0.84
483,,0.404,0.17,0.304,0.01,0.526,0.99,0.616,0.83
484,,0.394,0.16,0.294,0.0,0.516,0.98,0.606,0.82
485,,0.384,0.15,0.284,-0.01,0.506,0.97,0.596,0.81
486,4,0.091,0.14,0.557,0.99,0.779,0.96,0.303,0.4
487,4,-0.202,0.13,0.83,1.0,1.0,0.95,0.01,-0.01
488,1,0.798,0.403,0.82,0.707,0.59,0.657,0.0,0.263
489,1,1.0,0.676,0.81,0.414,0.18,0.364,-0.01,0.536
490,7,0.99,0.383,0.4,0.121,0.17,0.637,0.99,0.809
491,7,0.98,0.09,-0.01,-0.172,0.16,0.91,1.0,1.0
492,4,0.687,0.08,0.263,0.828,0.433,0.9,0.707,0.59
493,4,0.394,0.07,0.536,1.0,0.706,0.89,0.414,0.18
494,,0.384,0.06,0.526,0.99,0.696,0.88,0.404,0.17
495,,0.374,0.05,0.516,0.98,0.686,0.87,0.394,0.16
496,,0.364,0.04,0.506,0.97,0.676,0.86,0.384,0.15
497,,0.354,0.03,0.496,0.96,0.666,0.85,0.374,0.14
498,,0.344,0.02,0.486,0.95,0.656,0.84,0.364,0.13
499,,0.334,0.01,0.476,0.94,0.646,0.83,0.354,0.12
500,,0.324,0.0,0.466,0.93,0.636,0.82,0.344,0.11
501,,0.314,-0.01,0.456,0.92,0.626,0.81,0.334,0.1
502,2,0.587,0.99,0.729,0.91,0.333,0.4,0.041,0.09
503,2,0.86,1.0,1.0,0.9,0.04,-0.01,-0.252,0.08
504,7,0.85,0.707,0.59,0.607,0.03,0.263,0.748,0.353
505,7,0.84,0.414,0.18,0.314,0.02,0.536,1.0,0.626
506,,0.83,0.404,0.17,0.304,0.01,0.526,0.99,0.616
507,,0.82,0.394,0.16,0.294,0.0,0.516,0.98,0.606
508,,0.81,0.384,0.15,0.284,-0.01,0.506,0.97,0.596
509,5,0.4,0.091,0.14,0.557,0.99,0.779,0.96,0.303
510,5,-0.01,-0.202,0.13,0.83,1.0,1.0,0.95,0.01
511,2,0.263,0.798,0.403,0.82,0.707,0.59,0.657,0.0
512,2,0.536,1.0,0.676,0.81,0.414,0.18,0.364,-0.01
513,8,0.809,0.99,0.383,0.4,0.121,0.17,0.637,0.99
514,8,1.0,0.98,0.09,-0.01,-0.172,0.16,0.91,1.0
515,5,0.59,0.687,0.08,0.263,0.828,0.433,0.9,0.707
516,5,0.18,0.394,0.07,0.536,1.0,0.706,0.89,0.414
517,,0.17,0.384,0.06,0.526,0.99,0.696,0.88,0.404
518,,0.16,0.374,0.05,0.516,0.98,0.686,0.87,0.394
519,,0.15,0.364,0.04,0.506,0.97,0.676,0.86,0.384
520,,0.14,0.354,0.03,0.496,0.96,0.666,0.85,0.374
521,,0.13,0.344,0.02,0.486,0.95,0.656,0.84,0.364
522,,0.12,0.334,0.01,0.476,0.94,0.646,0.83,0.354
523,,0.11,0.324,0.0,0.466,0.93,0.636,0.82,0.344
524,,0.1,0.314,-0.01,0.456,0.92,0.626,0.81,0.334
525,3,0.09,0.587,0.99,0.729,0.91,0.333,0.4,0.041
526,3,0.08,0.86,1.0,1.0,0.9,0.04,-0.01,-0.252
527,8,0.353,0.85,0.707,0.59,0.607,0.03,0.263,0.748
528,8,0.626,0.84,0.414,0.18,0.314,0.02,0.536,1.0
529,,0.616,0.83,0.404,0.17,0.304,0.01,0.526,0.99
530,,0.606,0.82,0.394,0.16,0.294,0.0,0.516,0.98
531,,0.596,0.81,0.384,0.15,0.284,-0.01,0.506,0.97
532,6,0.303,0.4,0.091,0.14,0.557,0.99,0.779,0.96
533,6,0.01,-0.01,-0.202,0.13,0.83,1.0,1.0,0.95
534,3,0.0,0.263,0.798,0.403,0.82,0.707,0.59,0.657
535,3,-0.01,0.536,1.0,0.676,0.81,0.414,0.18,0.364
536,1,0.99,0.809,0.99,0.383,0.4,0.121,0.17,0.637
537,1,1.0,1.0,0.98,0.09,-0.01,-0.172,0.16,0.91
538,6,0.707,0.59,0.687,0.08,0.263,0.828,0.433,0.9
539,6,0.414,0.18,0.394,0.07,0.536,1.0,0.706,0.89
540,,0.404,0.17,0.384,0.06,0.526,0.99,0.696,0.88
541,,0.394,0.16,0.374,0.05,0.516,0.98,0.686,0.87
542,,0.384,0.15,0.364,0.04,0.506,0.97,0.676,0.86
543,,0.374,0.14,0.354,0.03,0.496,0.96,0.666,0.85
544,,0.364,0.13,0.344,0.02,0.486,0.95,0.656,0.84
545,,0.354,0.12,0.334,0.01,0.476,0.94,0.646,0.83
546,,0.344,0.11,0.324,0.0,0.466,0.93,0.636,0.82
547,,0.334,0.1,0.314,-0.01,0.456,0.92,0.626,0.81
548,4,0.041,0.09,0.587,0.99,0.729,0.91,0.333,0.4
549,4,-0.252,0.08,0.86,1.0,1.0,0.9,0.04,-0.01
550,1,0.748,0.353,0.85,0.707,0.59,0.607,0.03,0.263
551,1,1.0,0.626,0.84,0.414,0.18,0.314,0.02,0.536
552,,0.99,0.616,0.83,0.404,0.17,0.304,0.01,0.526
553,,0.98,0.606,0.82,0.394,0.16,0.294,0.0,0.516
554,,0.97,0.596,0.81,0.384,0.15,0.284,-0.01,0.506
555,7,0.96,0.303,0.4,0.091,0.14,0.557,0.99,0.779
556,7,0.95,0.01,-0.01,-0.202,0.13,0.83,1.0,1.0
557,4,0.657,0.0,0.263,0.798,0.403,0.82,0.707,0.59
558,4,0.364,-0.01,0.536,1.0,0.676,0.81,0.414,0.18
559,2,0.637,0.99,0.809,0.99,0.383,0.4,0.121,0.17
560,2,0.91,1.0,1.0,0.98,0.09,-0.01,-0.172,0.16
561,7,0.9,0.707,0.59,0.687,0.08,0.263,0.828,0.433
562,7,0.89,0.414,0.18,0.394,0.07,0.536,1.0,0.706
563,,0.88,0.404,0.17,0.384,0.06,0.526,0.99,0.696
564,,0.87,0.394,0.16,0.374,0.05,0.516,0.98,0.686
565,,0.86,0.384,0.15,0.364,0.04,0.506,0.97,0.676
566,,0.85,0.374,0.14,0.354,0.03,0.496,0.96,0.666
567,,0.84,0.364,0.13,0.344,0.02,0.486,0.95,0.656
568,,0.83,0.354,0.12,0.334,0.01,0.476,0.94,0.646
569,,0.82,0.344,0.11,0.324,0.0,0.466,0.93,0.636
570,,0.81,0.334,0.1,0.314,-0.01,0.456,0.92,0.626
571,5,0.4,0.041,0.09,0.587,0.99,0.729,0.91,0.333
572,5,-0.01,-0.252,0.08,0.86,1.0,1.0,0.9,0.04
573,2,0.263,0.748,0.353,0.85,0.707,0.59,0.607,0.03
574,2,0.536,1.0,0.626,0.84,0.414,0.18,0.314,0.02
575,,0.526,0.99,0.616,0.83,0.404,0.17,0.304,0.01
576,,0.516,0.98,0.606,0.82,0.394,0.16,0.294,0.0
577,,0.506,0.97,0.596,0.81,0.384,0.15,0.284,-0.01
578,8,0.779,0.96,0.303,0.4,0.091,0.14,0.557,0.99
579,8,1.0,0.95,0.01,-0.01,-0.202,0.13,0.83,1.0
580,5,0.59,0.657,0.0,0.263,0.798,0.403,0.82,0.707
581,5,0.18,0.364,-0.01,0.536,1.0,0.676,0.81,0.414
582,3,0.17,0.637,0.99,0.809,0.99,0.383,0.4,0.121
583,3,0.16,0.91,1.0,1.0,0.98,0.09,-0.01,-0.172
584,8,0.433,0.9,0.707,0.59,0.687,0.08,0.263,0.828
585,8,0.706,0.89,0.414,0.18,0.394,0.07,0.536,1.0
586,,0.696,0.88,0.404,0.17,0.384,0.06,0.526,0.99
587,,0.686,0.87,0.394,0.16,0.374,0.05,0.516,0.98
588,,0.676,0.86,0.384,0.15,0.364,0.04,0.506,0.97
589,,0.666,0.85,0.374,0.14,0.354,0.03,0.496,0.96
590,,0.656,0.84,0.364,0.13,0.344,0.02,0.486,0.95
591,,0.646,0.83,0.354,0.12,0.334,0.01,0.476,0.94
592,,0.636,0.82,0.344,0.11,0.324,0.0,0.466,0.93
593,,0.626,0.81,0.334,0.1,0.314,-0.01,0.456,0.92
594,6,0.333,0.4,0.041,0.09,0.587,0.99,0.729,0.91
595,6,0.04,-0.01,-0.252,0.08,0.86,1.0,1.0,0.9
596,3,0.03,0.263,0.748,0.353,0.85,0.707,0.59,0.607
597,3,0.02,0.536,1.0,0.626,0.84,0.414,0.18,0.314
598,,0.01,0.526,0.99,0.616,0.83,0.404,0.17,0.304
599,,0.0,0.516,0.98,0.606,0.82,0.394,0.16,0.294
600,,-0.01,0.506,0.97,0.596,0.81,0.384,0.15,0.284
601,1,0.99,0.779,0.96,0.303,0.4,0.091,0.14,0.557
602,1,1.0,1.0,0.95,0.01,-0.01,-0.202,0.13,0.83
603,6,0.707,0.59,0.657,0.0,0.263,0.798,0.403,0.82
604,6,0.414,0.18,0.364,-0.01,0.536,1.0,0.676,0.81
605,4,0.121,0.17,0.637,0.99,0.809,0.99,0.383,0.4
606,4,-0.172,0.16,0.91,1.0,1.0,0.98,0.09,-0.01
607,1,0.828,0.433,0.9,0.707,0.59,0.687,0.08,0.263
608,1,1.0,0.706,0.89,0.414,0.18,0.394,0.07,0.536
609,,0.99,0.696,0.88,0.404,0.17,0.384,0.06,0.526
610,,0.98,0.686,0.87,0.394,0.16,0.374,0.05,0.516
611,,0.97,0.676,0.86,0.384,0.15,0.364,0.04,0.506
612,,0.96,0.666,0.85,0.374,0.14,0.354,0.03,0.496
613,,0.95,0.656,0.84,0.364,0.13,0.344,0.02,0.486
614,,0.94,0.646,0.83,0.354,0.12,0.334,0.01,0.476
615,,0.93,0.636,0.82,0.344,0.11,0.324,0.0,0.466
616,,0.92,0.626,0.81,0.334,0.1,0.314,-0.01,0.456
617,7,0.91,0.333,0.4,0.041,0.09,0.587,0.99,0.729
618,7,0.9,0.04,-0.01,-0.252,0.08,0.86,1.0,1.0
619,4,0.607,0.03,0.263,0.748,0.353,0.85,0.707,0.59
620,4,0.314,0.02,0.536,1.0,0.626,0.84,0.414,0.18
621,,0.304,0.01,0.526,0.99,0.616,0.83,0.404,0.17
622,,0.294,0.0,0.516,0.98,0.606,0.82,0.394,0.16
623,,0.284,-0.01,0.506,0.97,0.596,0.81,0.384,0.15
624,2,0.557,0.99,0.779,0.96,0.303,0.4,0.091,0.14
625,2,0.83,1.0,1.0,0.95,0.01,-0.01,-0.202,0.13
626,7,0.82,0.707,0.59,0.657,0.0,0.263,0.798,0.403
627,7,0.81,0.414,0.18,0.364,-0.01,0.536,1.0,0.676
628,5,0.4,0.121,0.17,0.637,0.99,0.809,0.99,0.383
629,5,-0.01,-0.172,0.16,0.91,1.0,1.0,0.98,0.09
630,2,0.263,0.828,0.433,0.9,0.707,0.59,0.687,0.08
631,2,0.536,1.0,0.706,0.89,0.414,0.18,0.394,0.07
632,,0.526,0.99,0.696,0.88,0.404,0.17,0.384,0.06
633,,0.516,0.98,0.686,0.87,0.394,0.16,0.374,0.05
634,,0.506,0.97,0.676,0.86,0.384,0.15,0.364,0.04
635,,0.496,0.96,0.666,0.85,0.374,0.14,0.354,0.03
636,,0.486,0.95,0.656,0.84,0.364,0.13,0.344,0.02
637,,0.476,0.94,0.646,0.83,0.354,0.12,0.334,0.01
638,,0.466,0.93,0.636,0.82,0.344,0.11,0.324,0.0
639,,0.456,0.92,0.626,0.81,0.334,0.1,0.314,-0.01
640,8,0.729,0.91,0.333,0.4,0.041,0.09,0.587,0.99
641,8,1.0,0.9,0.04,-0.01,-0.252,0.08,0.86,1.0
642,5,0.59,0.607,0.03,0.263,0.748,0.353,0.85,0.707
643,5,0.18,0.314,0.02,0.536,1.0,0.626,0.84,0.414
644,,0.17,0.304,0.01,0.526,0.99,0.616,0.83,0.404
645,,0.16,0.294,0.0,0.516,0.98,0.606,0.82,0.394
646,,0.15,0.284,-0.01,0.506,0.97,0.596,0.81,0.384
647,3,0.14,0.557,0.99,0.779,0.96,0.303,0.4,0.091
648,3,0.13,0.83,1.0,1.0,0.95,0.01,-0.01,-0.202
649,8,0.403,0.82,0.707,0.59,0.657,0.0,0.263,0.798
650,8,0.676,0.81,0.414,0.18,0.364,-0.01,0.536,1.0
651,6,0.383,0.4,0.121,0.17,0.637,0.99,0.809,0.99
652,6,0.09,-0.01,-0.172,0.16,0.91,1.0,1.0,0.98
653,3,0.08,0.263,0.828,0.433,0.9,0.707,0.59,0.687
654,3,0.07,0.536,1.0,0.706,0.89,0.414,0.18,0.394
655,,0.06,0.526,0.99,0.696,0.88,0.404,0.17,0.384
656,,0.05,0.516,0.98,0.686,0.87,0.394,0.16,0.374
657,,0.04,0.506,0.97,0.676,0.86,0.384,0.15,0.364
658,,0.03,0.496,0.96,0.666,0.85,0.374,0.14,0.354
659,,0.02,0.486,0.95,0.656,0.84,0.364,0.13,0.344
660,,0.01,0.476,0.94,0.646,0.83,0.354,0.12,0.334
661,,0.0,0.466,0.93,0.636,0.82,0.344,0.11,0.324
662,,-0.01,0.456,0.92,0.626,0.81,0.334,0.1,0.314
663,1,0.99,0.729,0.91,0.333,0.4,0.041,0.09,0.587
664,1,1.0,1.0,0.9,0.04,-0.01,-0.252,0.08,0.86
665,6,0.707,0.59,0.607,0.03,0.263,0.748,0.353,0.85
666,6,0.414,0.18,0.314,0.02,0.536,1.0,0.626,0.84
667,,0.404,0.17,0.304,0.01,0.526,0.99,0.616,0.83
668,,0.394,0.16,0.294,0.0,0.516,0.98,0.606,0.82
669,,0.384,0.15,0.284,-0.01,0.506,0.97,0.596,0.81
670,4,0.091,0.14,0.557,0.99,0.779,0.96,0.303,0.4
671,4,-0.202,0.13,0.83,1.0,1.0,0.95,0.01,-0.01
672,1,0.798,0.403,0.82,0.707,0.59,0.657,0.0,0.263
673,1,1.0,0.676,0.81,0.414,0.18,0.364,-0.01,0.536
674,7,0.99,0.383,0.4,0.121,0.17,0.637,0.99,0.809
675,7,0.98,0.09,-0.01,-0.172,0.16,0.91,1.0,1.0
676,4,0.687,0.08,0.263,0.828,0.433,0.9,0.707,0.59
677,4,0.394,0.07,0.536,1.0,0.706,0.89,0.414,0.18
678,,0.384,0.06,0.526,0.99,0.696,0.88,0.404,0.17
679,,0.374,0.05,0.516,0.98,0.686,0.87,0.394,0.16
680,,0.364,0.04,0.506,0.97,0.676,0.86,0.384,0.15
681,,0.354,0.03,0.496,0.96,0.666,0.85,0.374,0.14
682,,0.344,0.02,0.486,0.95,0.656,0.84,0.364,0.13
683,,0.334,0.01,0.476,0.94,0.646,0.83,0.354,0.12
684,,0.324,0.0,0.466,0.93,0.636,0.82,0.344,0.11
685,,0.314,-0.01,0.456,0.92,0.626,0.81,0.334,0.1
686,2,0.587,0.99,0.729,0.91,0.333,0.4,0.041,0.09
687,2,0.86,1.0,1.0,0.9,0.04,-0.01,-0.252,0.08
688,7,0.85,0.707,0.59,0.607,0.03,0.263,0.748,0.353
689,7,0.84,0.414,0.18,0.314,0.02,0.536,1.0,0.626
690,,0.83,0.404,0.17,0.304,0.01,0.526,0.99,0.616
691,,0.82,0.394,0.16,0.294,0.0,0.516,0.98,0.606
692,,0.81,0.384,0.15,0.284,-0.01,0.506,0.97,0.596
693,5,0.4,0.091,0.14,0.557,0.99,0.779,0.96,0.303
694,5,-0.01,-0.202,0.13,0.83,1.0,1.0,0.95,0.01
695,2,0.263,0.798,0.403,0.82,0.707,0.59,0.657,0.0
696,2,0.536,1.0,0.676,0.81,0.414,0.18,0.364,-0.01
697,8,0.809,0.99,0.383,0.4,0.121,0.17,0.637,0.99
698,8,1.0,0.98,0.09,-0.01,-0.172,0.16,0.91,1.0
699,5,0.59,0.687,0.08,0.263,0.828,0.433,0.9,0.707
700,5,0.18,0.394,0.07,0.536,1.0,0.706,0.89,0.414
701,,0.17,0.384,0.06,0.526,0.99,0.696,0.88,0.404
702,,0.16,0.374,0.05,0.516,0.98,0.686,0.87,0.394
703,,0.15,0.364,0.04,0.506,0.97,0.676,0.86,0.384
704,,0.14,0.354,0.03,0.496,0.96,0.666,0.85,0.374
705,,0.13,0.344,0.02,0.486,0.95,0.656,0.84,0.364
706,,0.12,0.334,0.01,0.476,0.94,0.646,0.83,0.354
707,,0.11,0.324,0.0,0.466,0.93,0.636,0.82,0.344
708,,0.1,0.314,-0.01,0.456,0.92,0.626,0.81,0.334
709,3,0.09,0.587,0.99,0.729,0.91,0.333,0.4,0.041
710,3,0.08,0.86,1.0,1.0,0.9,0.04,-0.01,-0.252
711,8,0.353,0.85,0.707,0.59,0.607,0.03,0.263,0.748
712,8,0.626,0.84,0.414,0.18,0.314,0.02,0.536,1.0
713,,0.616,0.83,0.404,0.17,0.304,0.01,0.526,0.99
714,,0.606,0.82,0.394,0.16,0.294,0.0,0.516,0.98
715,,0.596,0.81,0.384,0.15,0.284,-0.01,0.506,0.97
716,6,0.303,0.4,0.091,0.14,0.557,0.99,0.779,0.96
717,6,0.01,-0.01,-0.202,0.13,0.83,1.0,1.0,0.95
718,3,0.0,0.263,0.798,0.403,0.82,0.707,0.59,0.657
719,3,-0.01,0.536,1.0,0.676,0.81,0.414,0.18,0.364
720,1,0.99,0.809,0.99,0.383,0.4,0.121,0.17,0.637
721,1,1.0,1.0,0.98,0.09,-0.01,-0.172,0.16,0.91
722,6,0.707,0.59,0.687,0.08,0.263,0.828,0.433,0.9
723,6,0.414,0.18,0.394,0.07,0.536,1.0,0.706,0.89
724,,0.404,0.17,0.384,0.06,0.526,0.99,0.696,0.88
725,,0.394,0.16,0.374,0.05,0.516,0.98,0.686,0.87
726,,0.384,0.15,0.364,0.04,0.506,0.97,0.676,0.86
727,,0.374,0.14,0.354,0.03,0.496,0.96,0.666,0.85
728,,0.364,0.13,0.344,0.02,0.486,0.95,0.656,0.84
729,,0.354,0.12,0.334,0.01,0.476,0.94,0.646,0.83
730,,0.344,0.11,0.324,0.0,0.466,0.93,0.636,0.82
731,,0.334,0.1,0.314,-0.01,0.456,0.92,0.626,0.81
732,4,0.041,0.09,0.587,0.99,0.729,0.91,0.333,0.4
733,4,-0.252,0.08,0.86,1.0,1.0,0.9,0.04,-0.01
734,1,0.748,0.353,0.85,0.707,0.59,0.607,0.03,0.263
735,1,1.0,0.626,0.84,0.414,0.18,0.314,0.02,0.536
736,,0.99,0.616,0.83,0.404,0.17,0.304,0.01,0.526
737,,0.98,0.606,0.82,0.394,0.16,0.294,0.0,0.516
738,,0.97,0.596,0.81,0.384,0.15,0.284,-0.01,0.506
739,7,0.96,0.303,0.4,0.091,0.14,0.557,0.99,0.779
740,7,0.95,0.01,-0.01,-0.202,0.13,0.83,1.0,1.0
741,4,0.657,0.0,0.263,0.798,0.403,0.82,0.707,0.59
742,4,0.364,-0.01,0.536,1.0,0.676,0.81,0.414,0.18
743,2,0.637,0.99,0.809,0.99,0.383,0.4,0.121,0.17
744,2,0.91,1.0,1.0,0.98,0.09,-0.01,-0.172,0.16
745,7,0.9,0.707,0.59,0.687,0.08,0.263,0.828,0.433
746,7,0.89,0.414,0.18,0.394,0.07,0.536,1.0,0.706
747,,0.88,0.404,0.17,0.384,0.06,0.526,0.99,0.696
748,,0.87,0.394,0.16,0.374,0.05,0.516,0.98,0.686
749,,0.86,0.384,0.15,0.364,0.04,0.506,0.97,0.676
750,,0.85,0.374,0.14,0.354,0.03,0.496,0.96,0.666
751,,0.84,0.364,0.13,0.344,0.02,0.486,0.95,0.656
752,,0.83,0.354,0.12,0.334,0.01,0.476,0.94,0.646
753,,0.82,0.344,0.11,0.324,0.0,0.466,0.93,0.636
754,,0.81,0.334,0.1,0.314,-0.01,0.456,0.92,0.626
755,5,0.4,0.041,0.09,0.587,0.99,0.729,0.91,0.333
756,5,-0.01,-0.252,0.08,0.86,1.0,1.0,0.9,0.04
757,2,0.263,0.748,0.353,0.85,0.707,0.59,0.607,0.03
758,2,0.536,1.0,0.626,0.84,0.414,0.18,0.314,0.02
759,,0.526,0.99,0.616,0.83,0.404,0.17,0.304,0.01
760,,0.516,0.98,0.606,0.82,0.394,0.16,0.294,0.0
761,,0.506,0.97,0.596,0.81,0.384,0.15,0.284,-0.01
762,8,0.779,0.96,0.303,0.4,0.091,0.14,0.557,0.99
763,8,1.0,0.95,0.01,-0.01,-0.202,0.13,0.83,1.0
764,5,0.59,0.657,0.0,0.263,0.798,0.403,0.82,0.707
765,5,0.18,0.364,-0.01,0.536,1.0,0.676,0.81,0.414
766,3,0.17,0.637,0.99,0.809,0.99,0.383,0.4,0.121
767,3,0.16,0.91,1.0,1.0,0.98,0.09,-0.01,-0.172
768,8,0.433,0.9,0.707,0.59,0.687,0.08,0.263,0.828
769,8,0.706,0.89,0.414,0.18,0.394,0.07,0.536,1.0
770,,0.696,0.88,0.404,0.17,0.384,0.06,0.526,0.99
771,,0.686,0.87,0.394,0.16,0.374,0.05,0.516,0.98
772,,0.676,0.86,0.384,0.15,0.364,0.04,0.506,0.97
773,,0.666,0.85,0.374,0.14,0.354,0.03,0.496,0.96
774,,0.656,0.84,0.364,0.13,0.344,0.02,0.486,0.95
775,,0.646,0.83,0.354,0.12,0.334,0.01,0.476,0.94
776,,0.636,0.82,0.344,0.11,0.324,0.0,0.466,0.93
777,,0.626,0.81,0.334,0.1,0.314,-0.01,0.456,0.92
778,6,0.333,0.4,0.041,0.09,0.587,0.99,0.729,0.91
779,6,0.04,-0.01,-0.252,0.08,0.86,1.0,1.0,0.9
780,3,0.03,0.263,0.748,0.353,0.85,0.707,0.59,0.607
781,3,0.02,0.536,1.0,0.626,0.84,0.414,0.18,0.314
782,,0.01,0.526,0.99,0.616,0.83,0.404,0.17,0.304
783,,0.0,0.516,0.98,0.606,0.82,0.394,0.16,0.294
784,,-0.01,0.506,0.97,0.596,0.81,0.384,0.15,0.284
785,1,0.99,0.779,0.96,0.303,0.4,0.091,0.14,0.557
786,1,1.0,1.0,0.95,0.01,-0.01,-0.202,0.13,0.83
787,6,0.707,0.59,0.657,0.0,0.263,0.798,0.403,0.82
788,6,0.414,0.18,0.364,-0.01,0.536,1.0,0.676,0.81
789,4,0.121,0.17,0.637,0.99,0.809,0.99,0.383,0.4
790,4,-0.172,0.16,0.91,1.0,1.0,0.98,0.09,-0.01
791,1,0.828,0.433,0.9,0.707,0.59,0.687,0.08,0.263
792,1,1.0,0.706,0.89,0.414,0.18,0.394,0.07,0.536
793,,0.99,0.696,0.88,0.404,0.17,0.384,0.06,0.526
794,,0.98,0.686,0.87,0.394,0.16,0.374,0.05,0.516
795,,0.97,0.676,0.86,0.384,0.15,0.364,0.04,0.506
796,,0.96,0.666,0.85,0.374,0.14,0.354,0.03,0.496
797,,0.95,0.656,0.84,0.364,0.13,0.344,0.02,0.486
798,,0.94,0.646,0.83,0.354,0.12,0.334,0.01,0.476
799,,0.93,0.636,0.82,0.344,0.11,0.324,0.0,0.466
800,,0.92,0.626,0.81,0.334,0.1,0.314,-0.01,0.456
801,7,0.91,0.333,0.4,0.041,0.09,0.587,0.99,0.729
802,7,0.9,0.04,-0.01,-0.252,0.08,0.86,1.0,1.0
803,4,0.607,0.03,0.263,0.748,0.353,0.85,0.707,0.59
804,4,0.314,0.02,0.536,1.0,0.626,0.84,0.414,0.18
805,,0.304,0.01,0.526,0.99,0.616,0.83,0.404,0.17
806,,0.294,0.0,0.516,0.98,0.606,0.82,0.394,0.16
807,,0.284,-0.01,0.506,0.97,0.596,0.81,0.384,0.15
808,2,0.557,0.99,0.779,0.96,0.303,0.4,0.091,0.14
809,2,0.83,1.0,1.0,0.95,0.01,-0.01,-0.202,0.13
