step,active_motive,motive_1,motive_2,motive_3,motive_4,motive_5,motive_6,motive_7,motive_8
0,,0.51775,0.83771,0.67569,0.73522,0.20907,0.54145,0.69578,0.22855
1,,0.50775,0.82771,0.66569,0.72522,0.19907,0.53145,0.68578,0.21855
2,,0.49775,0.81771,0.65569,0.71522,0.18907,0.52145,0.67578,0.20855
3,,0.48775,0.80771,0.64569,0.70522,0.17907,0.51145,0.66578,0.19855
4,,0.47775,0.79771,0.63569,0.69522,0.16907,0.50145,0.65578,0.18855
5,,0.46775,0.78771,0.62569,0.68522,0.15907,0.49145,0.64578,0.17855
6,,0.45775,0.77771,0.61569,0.67522,0.14907,0.48145,0.63578,0.16855
7,,0.44775,0.76771,0.60569,0.66522,0.13907,0.47145,0.62578,0.15855
8,,0.43775,0.75771,0.59569,0.65522,0.12907,0.46145,0.61578,0.14855
9,,0.42775,0.74771,0.58569,0.64522,0.11907,0.45145,0.60578,0.13855
10,,0.41775,0.73771,0.57569,0.63522,0.10907,0.44145,0.59578,0.12855
11,,0.40775,0.72771,0.56569,0.62522,0.09907,0.43145,0.58578,0.11855
12,,0.39775,0.71771,0.55569,0.61522,0.08907,0.42145,0.57578,0.10855
13,,0.38775,0.70771,0.54569,0.60522,0.07907,0.41145,0.56578,0.09855
14,,0.37775,0.69771,0.53569,0.59522,0.06907,0.40145,0.55578,0.08855
15,,0.36775,0.68771,0.52569,0.58522,0.05907,0.39145,0.54578,0.07855
16,,0.35775,0.67771,0.51569,0.57522,0.04907,0.38145,0.53578,0.06855
17,,0.34775,0.66771,0.50569,0.56522,0.03907,0.37145,0.52578,0.05855
18,,0.33775,0.65771,0.49569,0.55522,0.02907,0.36145,0.51578,0.04855
19,,0.32775,0.64771,0.48569,0.54522,0.01907,0.35145,0.50578,0.03855
20,,0.31775,0.63771,0.47569,0.53522,0.00907,0.34145,0.49578,0.02855
21,,0.30775,0.62771,0.46569,0.52522,-0.00093,0.33145,0.48578,0.01855
22,5,-0.10225,0.33471,0.45569,0.79822,0.99907,0.60445,0.47578,-0.27445
23,5,-0.51225,0.04171,0.44569,1.0,1.0,0.87745,0.46578,-0.56745
24,8,-0.23925,0.03171,0.15269,0.59,0.707,0.86745,0.73878,0.43255
25,8,0.03375,0.02171,-0.14031,0.18,0.414,0.85745,1.0,1.0
26,3,0.02375,0.29471,0.85969,0.453,0.404,0.56445,0.59,0.707
27,3,0.01375,0.56771,1.0,0.726,0.394,0.27145,0.18,0.414
28,,0.00375,0.55771,0.99,0.716,0.384,0.26145,0.17,0.404
29,,-0.00625,0.54771,0.98,0.706,0.374,0.25145,0.16,0.394
30,1,0.99375,0.82071,0.97,0.413,-0.036,-0.04155,0.15,0.667
31,1,1.0,1.0,0.96,0.12,-0.446,-0.33455,0.14,0.94
32,5,0.59,0.707,0.95,0.393,0.554,-0.06155,0.13,0.647
33,5,0.18,0.414,0.94,0.666,1.0,0.21145,0.12,0.354
34,,0.17,0.404,0.93,0.656,0.99,0.20145,0.11,0.344
35,,0.16,0.394,0.92,0.646,0.98,0.19145,0.1,0.334
36,,0.15,0.384,0.91,0.636,0.97,0.18145,0.09,0.324
37,,0.14,0.374,0.9,0.626,0.96,0.17145,0.08,0.314
38,,0.13,0.364,0.89,0.616,0.95,0.16145,0.07,0.304
39,,0.12,0.354,0.88,0.606,0.94,0.15145,0.06,0.294
40,,0.11,0.344,0.87,0.596,0.93,0.14145,0.05,0.284
41,,0.1,0.334,0.86,0.586,0.92,0.13145,0.04,0.274
42,,0.09,0.324,0.85,0.576,0.91,0.12145,0.03,0.264
43,,0.08,0.314,0.84,0.566,0.9,0.11145,0.02,0.254
44,,0.07,0.304,0.83,0.556,0.89,0.10145,0.01,0.244
45,,0.06,0.294,0.82,0.546,0.88,0.09145,0.0,0.234
46,,0.05,0.284,0.81,0.536,0.87,0.08145,-0.01,0.224
47,7,0.04,-0.009,0.4,0.243,0.86,0.35445,0.99,0.497
48,7,0.03,-0.302,-0.01,-0.05,0.85,0.62745,1.0,0.77
49,2,0.303,0.698,0.263,-0.06,0.557,0.21745,0.707,0.76
50,2,0.576,1.0,0.536,-0.07,0.264,-0.19255,0.414,0.75
51,6,0.283,0.59,0.243,-0.08,0.537,0.80745,0.687,0.74
52,6,-0.01,0.18,-0.05,-0.09,0.81,1.0,0.96,0.73
53,4,-0.303,0.17,0.223,0.91,1.0,0.99,0.667,0.32
54,4,-0.596,0.16,0.496,1.0,1.0,0.98,0.374,-0.09
55,1,0.404,0.433,0.486,0.707,0.59,0.687,0.364,0.183
56,1,1.0,0.706,0.476,0.414,0.18,0.394,0.354,0.456
57,,0.99,0.696,0.466,0.404,0.17,0.384,0.344,0.446
58,,0.98,0.686,0.456,0.394,0.16,0.374,0.334,0.436
59,,0.97,0.676,0.446,0.384,0.15,0.364,0.324,0.426
60,,0.96,0.666,0.436,0.374,0.14,0.354,0.314,0.416
61,,0.95,0.656,0.426,0.364,0.13,0.344,0.304,0.406
62,,0.94,0.646,0.416,0.354,0.12,0.334,0.294,0.396
63,,0.93,0.636,0.406,0.344,0.11,0.324,0.284,0.386
64,,0.92,0.626,0.396,0.334,0.1,0.314,0.274,0.376
65,,0.91,0.616,0.386,0.324,0.09,0.304,0.264,0.366
66,,0.9,0.606,0.376,0.314,0.08,0.294,0.254,0.356
67,,0.89,0.596,0.366,0.304,0.07,0.284,0.244,0.346
68,,0.88,0.586,0.356,0.294,0.06,0.274,0.234,0.336
69,,0.87,0.576,0.346,0.284,0.05,0.264,0.224,0.326
70,,0.86,0.566,0.336,0.274,0.04,0.254,0.214,0.316
71,,0.85,0.556,0.326,0.264,0.03,0.244,0.204,0.306
72,,0.84,0.546,0.316,0.254,0.02,0.234,0.194,0.296
73,,0.83,0.536,0.306,0.244,0.01,0.224,0.184,0.286
74,,0.82,0.526,0.296,0.234,0.0,0.214,0.174,0.276
75,,0.81,0.516,0.286,0.224,-0.01,0.204,0.164,0.266
76,5,0.4,0.223,0.276,0.497,0.99,0.477,0.154,-0.027
77,5,-0.01,-0.07,0.266,0.77,1.0,0.75,0.144,-0.32
78,8,0.263,-0.08,-0.027,0.36,0.707,0.74,0.417,0.68
79,8,0.536,-0.09,-0.32,-0.05,0.414,0.73,0.69,1.0
80,3,0.526,0.183,0.68,0.223,0.404,0.437,0.28,0.707
81,3,0.516,0.456,1.0,0.496,0.394,0.144,-0.13,0.414
82,7,0.506,0.163,0.59,0.203,0.384,0.417,0.87,0.687
83,7,0.496,-0.13,0.18,-0.09,0.374,0.69,1.0,0.96
84,2,0.769,0.87,0.453,-0.1,0.081,0.28,0.707,0.95
85,2,1.0,1.0,0.726,-0.11,-0.212,-0.13,0.414,0.94
86,5,0.59,0.707,0.716,0.163,0.788,0.143,0.404,0.647
87,5,0.18,0.414,0.706,0.436,1.0,0.416,0.394,0.354
88,,0.17,0.404,0.696,0.426,0.99,0.406,0.384,0.344
89,,0.16,0.394,0.686,0.416,0.98,0.396,0.374,0.334
90,,0.15,0.384,0.676,0.406,0.97,0.386,0.364,0.324
91,,0.14,0.374,0.666,0.396,0.96,0.376,0.354,0.314
92,,0.13,0.364,0.656,0.386,0.95,0.366,0.344,0.304
93,,0.12,0.354,0.646,0.376,0.94,0.356,0.334,0.294
94,,0.11,0.344,0.636,0.366,0.93,0.346,0.324,0.284
95,,0.1,0.334,0.626,0.356,0.92,0.336,0.314,0.274
96,,0.09,0.324,0.616,0.346,0.91,0.326,0.304,0.264
97,,0.08,0.314,0.606,0.336,0.9,0.316,0.294,0.254
98,,0.07,0.304,0.596,0.326,0.89,0.306,0.284,0.244
99,,0.06,0.294,0.586,0.316,0.88,0.296,0.274,0.234
100,,0.05,0.284,0.576,0.306,0.87,0.286,0.264,0.224
101,,0.04,0.274,0.566,0.296,0.86,0.276,0.254,0.214
102,,0.03,0.264,0.556,0.286,0.85,0.266,0.244,0.204
103,,0.02,0.254,0.546,0.276,0.84,0.256,0.234,0.194
104,,0.01,0.244,0.536,0.266,0.83,0.246,0.224,0.184
105,,0.0,0.234,0.526,0.256,0.82,0.236,0.214,0.174
106,,-0.01,0.224,0.516,0.246,0.81,0.226,0.204,0.164
107,1,0.99,0.497,0.506,-0.047,0.4,-0.067,0.194,0.437
108,1,1.0,0.77,0.496,-0.34,-0.01,-0.36,0.184,0.71
109,6,0.707,0.36,0.203,-0.35,0.263,0.64,0.457,0.7
110,6,0.414,-0.05,-0.09,-0.36,0.536,1.0,0.73,0.69
111,4,0.121,-0.06,0.183,0.64,0.809,0.99,0.437,0.28
112,4,-0.172,-0.07,0.456,1.0,1.0,0.98,0.144,-0.13
113,1,0.828,0.203,0.446,0.707,0.59,0.687,0.134,0.143
114,1,1.0,0.476,0.436,0.414,0.18,0.394,0.124,0.416
115,,0.99,0.466,0.426,0.404,0.17,0.384,0.114,0.406
116,,0.98,0.456,0.416,0.394,0.16,0.374,0.104,0.396
117,,0.97,0.446,0.406,0.384,0.15,0.364,0.094,0.386
118,,0.96,0.436,0.396,0.374,0.14,0.354,0.084,0.376
119,,0.95,0.426,0.386,0.364,0.13,0.344,0.074,0.366
120,,0.94,0.416,0.376,0.354,0.12,0.334,0.064,0.356
121,,0.93,0.406,0.366,0.344,0.11,0.324,0.054,0.346
122,,0.92,0.396,0.356,0.334,0.1,0.314,0.044,0.336
123,,0.91,0.386,0.346,0.324,0.09,0.304,0.034,0.326
124,,0.9,0.376,0.336,0.314,0.08,0.294,0.024,0.316
125,,0.89,0.366,0.326,0.304,0.07,0.284,0.014,0.306
126,,0.88,0.356,0.316,0.294,0.06,0.274,0.004,0.296
127,,0.87,0.346,0.306,0.284,0.05,0.264,-0.006,0.286
128,7,0.86,0.053,-0.104,-0.009,0.04,0.537,0.994,0.559
129,7,0.85,-0.24,-0.514,-0.302,0.03,0.81,1.0,0.832
130,3,0.84,0.033,0.486,-0.029,0.02,0.517,0.59,0.539
131,3,0.83,0.306,1.0,0.244,0.01,0.224,0.18,0.246
132,,0.82,0.296,0.99,0.234,0.0,0.214,0.17,0.236
133,,0.81,0.286,0.98,0.224,-0.01,0.204,0.16,0.226
134,5,0.4,-0.007,0.97,0.497,0.99,0.477,0.15,-0.067
135,5,-0.01,-0.3,0.96,0.77,1.0,0.75,0.14,-0.36
136,8,0.263,-0.31,0.667,0.36,0.707,0.74,0.413,0.64
137,8,0.536,-0.32,0.374,-0.05,0.414,0.73,0.686,1.0
138,2,0.809,0.68,0.647,-0.06,0.121,0.32,0.393,0.99
139,2,1.0,1.0,0.92,-0.07,-0.172,-0.09,0.1,0.98
140,5,0.59,0.707,0.91,0.203,0.828,0.183,0.09,0.687
141,5,0.18,0.414,0.9,0.476,1.0,0.456,0.08,0.394
142,,0.17,0.404,0.89,0.466,0.99,0.446,0.07,0.384
143,,0.16,0.394,0.88,0.456,0.98,0.436,0.06,0.374
144,,0.15,0.384,0.87,0.446,0.97,0.426,0.05,0.364
145,,0.14,0.374,0.86,0.436,0.96,0.416,0.04,0.354
146,,0.13,0.364,0.85,0.426,0.95,0.406,0.03,0.344
147,,0.12,0.354,0.84,0.416,0.94,0.396,0.02,0.334
148,,0.11,0.344,0.83,0.406,0.93,0.386,0.01,0.324
149,,0.1,0.334,0.82,0.396,0.92,0.376,0.0,0.314
150,,0.09,0.324,0.81,0.386,0.91,0.366,-0.01,0.304
151,7,0.08,0.031,0.4,0.093,0.9,0.639,0.99,0.577
152,7,0.07,-0.262,-0.01,-0.2,0.89,0.912,1.0,0.85
153,2,0.343,0.738,0.263,-0.21,0.597,0.502,0.707,0.84
154,2,0.616,1.0,0.536,-0.22,0.304,0.092,0.414,0.83
155,4,0.323,0.99,0.809,0.78,0.577,0.082,0.121,0.42
156,4,0.03,0.98,1.0,1.0,0.85,0.072,-0.172,0.01
157,7,0.02,0.687,0.59,0.707,0.84,0.345,0.828,0.283
158,7,0.01,0.394,0.18,0.414,0.83,0.618,1.0,0.556
159,,0.0,0.384,0.17,0.404,0.82,0.608,0.99,0.546
160,,-0.01,0.374,0.16,0.394,0.81,0.598,0.98,0.536
161,1,0.99,0.647,0.15,0.101,0.4,0.305,0.97,0.809
162,1,1.0,0.92,0.14,-0.192,-0.01,0.012,0.96,1.0
163,4,0.707,0.91,0.413,0.808,0.263,0.002,0.667,0.59
164,4,0.414,0.9,0.686,1.0,0.536,-0.008,0.374,0.18
165,6,0.121,0.49,0.393,0.99,0.809,0.992,0.647,0.17
166,6,-0.172,0.08,0.1,0.98,1.0,1.0,0.92,0.16
167,1,0.828,0.353,0.09,0.687,0.59,0.707,0.91,0.433
168,1,1.0,0.626,0.08,0.394,0.18,0.414,0.9,0.706
169,,0.99,0.616,0.07,0.384,0.17,0.404,0.89,0.696
170,,0.98,0.606,0.06,0.374,0.16,0.394,0.88,0.686
171,,0.97,0.596,0.05,0.364,0.15,0.384,0.87,0.676
172,,0.96,0.586,0.04,0.354,0.14,0.374,0.86,0.666
173,,0.95,0.576,0.03,0.344,0.13,0.364,0.85,0.656
174,,0.94,0.566,0.02,0.334,0.12,0.354,0.84,0.646
175,,0.93,0.556,0.01,0.324,0.11,0.344,0.83,0.636
176,,0.92,0.546,0.0,0.314,0.1,0.334,0.82,0.626
177,,0.91,0.536,-0.01,0.304,0.09,0.324,0.81,0.616
178,3,0.9,0.809,0.99,0.577,0.08,0.031,0.4,0.323
179,3,0.89,1.0,1.0,0.85,0.07,-0.262,-0.01,0.03
180,6,0.597,0.59,0.707,0.84,0.343,0.738,0.263,0.02
181,6,0.304,0.18,0.414,0.83,0.616,1.0,0.536,0.01
182,,0.294,0.17,0.404,0.82,0.606,0.99,0.526,0.0
183,,0.284,0.16,0.394,0.81,0.596,0.98,0.516,-0.01
184,8,0.557,0.15,0.101,0.4,0.303,0.97,0.789,0.99
185,8,0.83,0.14,-0.192,-0.01,0.01,0.96,1.0,1.0
186,3,0.82,0.413,0.808,0.263,0.0,0.667,0.59,0.707
187,3,0.81,0.686,1.0,0.536,-0.01,0.374,0.18,0.414
188,5,0.4,0.393,0.99,0.809,0.99,0.647,0.17,0.121
189,5,-0.01,0.1,0.98,1.0,1.0,0.92,0.16,-0.172
190,8,0.263,0.09,0.687,0.59,0.707,0.91,0.433,0.828
191,8,0.536,0.08,0.394,0.18,0.414,0.9,0.706,1.0
192,,0.526,0.07,0.384,0.17,0.404,0.89,0.696,0.99
193,,0.516,0.06,0.374,0.16,0.394,0.88,0.686,0.98
194,,0.506,0.05,0.364,0.15,0.384,0.87,0.676,0.97
195,,0.496,0.04,0.354,0.14,0.374,0.86,0.666,0.96
196,,0.486,0.03,0.344,0.13,0.364,0.85,0.656,0.95
197,,0.476,0.02,0.334,0.12,0.354,0.84,0.646,0.94
198,,0.466,0.01,0.324,0.11,0.344,0.83,0.636,0.93
199,,0.456,0.0,0.314,0.1,0.334,0.82,0.626,0.92
200,,0.446,-0.01,0.304,0.09,0.324,0.81,0.616,0.91
201,2,0.719,0.99,0.577,0.08,0.031,0.4,0.323,0.9
202,2,0.992,1.0,0.85,0.07,-0.262,-0.01,0.03,0.89
203,5,0.582,0.707,0.84,0.343,0.738,0.263,0.02,0.597
204,5,0.172,0.414,0.83,0.616,1.0,0.536,0.01,0.304
205,,0.162,0.404,0.82,0.606,0.99,0.526,0.0,0.294
206,,0.152,0.394,0.81,0.596,0.98,0.516,-0.01,0.284
207,7,0.142,0.101,0.4,0.303,0.97,0.789,0.99,0.557
208,7,0.132,-0.192,-0.01,0.01,0.96,1.0,1.0,0.83
209,2,0.405,0.808,0.263,0.0,0.667,0.59,0.707,0.82
210,2,0.678,1.0,0.536,-0.01,0.374,0.18,0.414,0.81
211,4,0.385,0.99,0.809,0.99,0.647,0.17,0.121,0.4
212,4,0.092,0.98,1.0,1.0,0.92,0.16,-0.172,-0.01
213,7,0.082,0.687,0.59,0.707,0.91,0.433,0.828,0.263
214,7,0.072,0.394,0.18,0.414,0.9,0.706,1.0,0.536
215,,0.062,0.384,0.17,0.404,0.89,0.696,0.99,0.526
216,,0.052,0.374,0.16,0.394,0.88,0.686,0.98,0.516
217,,0.042,0.364,0.15,0.384,0.87,0.676,0.97,0.506
218,,0.032,0.354,0.14,0.374,0.86,0.666,0.96,0.496
219,,0.022,0.344,0.13,0.364,0.85,0.656,0.95,0.486
220,,0.012,0.334,0.12,0.354,0.84,0.646,0.94,0.476
221,,0.002,0.324,0.11,0.344,0.83,0.636,0.93,0.466
222,,-0.008,0.314,0.1,0.334,0.82,0.626,0.92,0.456
223,1,0.992,0.587,0.09,0.041,0.41,0.333,0.91,0.729
224,1,1.0,0.86,0.08,-0.252,-0.0,0.04,0.9,1.0
225,4,0.707,0.85,0.353,0.748,0.273,0.03,0.607,0.59
226,4,0.414,0.84,0.626,1.0,0.546,0.02,0.314,0.18
227,,0.404,0.83,0.616,0.99,0.536,0.01,0.304,0.17
228,,0.394,0.82,0.606,0.98,0.526,0.0,0.294,0.16
229,,0.384,0.81,0.596,0.97,0.516,-0.01,0.284,0.15
230,6,0.091,0.4,0.303,0.96,0.789,0.99,0.557,0.14
231,6,-0.202,-0.01,0.01,0.95,1.0,1.0,0.83,0.13
232,1,0.798,0.263,0.0,0.657,0.59,0.707,0.82,0.403
233,1,1.0,0.536,-0.01,0.364,0.18,0.414,0.81,0.676
234,3,0.99,0.809,0.99,0.637,0.17,0.121,0.4,0.383
235,3,0.98,1.0,1.0,0.91,0.16,-0.172,-0.01,0.09
236,6,0.687,0.59,0.707,0.9,0.433,0.828,0.263,0.08
237,6,0.394,0.18,0.414,0.89,0.706,1.0,0.536,0.07
238,,0.384,0.17,0.404,0.88,0.696,0.99,0.526,0.06
239,,0.374,0.16,0.394,0.87,0.686,0.98,0.516,0.05
240,,0.364,0.15,0.384,0.86,0.676,0.97,0.506,0.04
241,,0.354,0.14,0.374,0.85,0.666,0.96,0.496,0.03
242,,0.344,0.13,0.364,0.84,0.656,0.95,0.486,0.02
243,,0.334,0.12,0.354,0.83,0.646,0.94,0.476,0.01
244,,0.324,0.11,0.344,0.82,0.636,0.93,0.466,0.0
245,,0.314,0.1,0.334,0.81,0.626,0.92,0.456,-0.01
246,8,0.587,0.09,0.041,0.4,0.333,0.91,0.729,0.99
247,8,0.86,0.08,-0.252,-0.01,0.04,0.9,1.0,1.0
248,3,0.85,0.353,0.748,0.263,0.03,0.607,0.59,0.707
249,3,0.84,0.626,1.0,0.536,0.02,0.314,0.18,0.414
250,,0.83,0.616,0.99,0.526,0.01,0.304,0.17,0.404
251,,0.82,0.606,0.98,0.516,0.0,0.294,0.16,0.394
252,,0.81,0.596,0.97,0.506,-0.01,0.284,0.15,0.384
253,5,0.4,0.303,0.96,0.779,0.99,0.557,0.14,0.091
254,5,-0.01,0.01,0.95,1.0,1.0,0.83,0.13,-0.202
255,8,0.263,0.0,0.657,0.59,0.707,0.82,0.403,0.798
256,8,0.536,-0.01,0.364,0.18,0.414,0.81,0.676,1.0
257,2,0.809,0.99,0.637,0.17,0.121,0.4,0.383,0.99
258,2,1.0,1.0,0.91,0.16,-0.172,-0.01,0.09,0.98
259,5,0.59,0.707,0.9,0.433,0.828,0.263,0.08,0.687
260,5,0.18,0.414,0.89,0.706,1.0,0.536,0.07,0.394
261,,0.17,0.404,0.88,0.696,0.99,0.526,0.06,0.384
262,,0.16,0.394,0.87,0.686,0.98,0.516,0.05,0.374
263,,0.15,0.384,0.86,0.676,0.97,0.506,0.04,0.364
264,,0.14,0.374,0.85,0.666,0.96,0.496,0.03,0.354
265,,0.13,0.364,0.84,0.656,0.95,0.486,0.02,0.344
266,,0.12,0.354,0.83,0.646,0.94,0.476,0.01,0.334
267,,0.11,0.344,0.82,0.636,0.93,0.466,0.0,0.324
268,,0.1,0.334,0.81,0.626,0.92,0.456,-0.01,0.314
269,7,0.09,0.041,0.4,0.333,0.91,0.729,0.99,0.587
270,7,0.08,-0.252,-0.01,0.04,0.9,1.0,1.0,0.86
271,2,0.353,0.748,0.263,0.03,0.607,0.59,0.707,0.85
272,2,0.626,1.0,0.536,0.02,0.314,0.18,0.414,0.84
273,,0.616,0.99,0.526,0.01,0.304,0.17,0.404,0.83
274,,0.606,0.98,0.516,0.0,0.294,0.16,0.394,0.82
275,,0.596,0.97,0.506,-0.01,0.284,0.15,0.384,0.81
276,4,0.303,0.96,0.779,0.99,0.557,0.14,0.091,0.4
277,4,0.01,0.95,1.0,1.0,0.83,0.13,-0.202,-0.01
278,7,0.0,0.657,0.59,0.707,0.82,0.403,0.798,0.263
279,7,-0.01,0.364,0.18,0.414,0.81,0.676,1.0,0.536
280,1,0.99,0.637,0.17,0.121,0.4,0.383,0.99,0.809
281,1,1.0,0.91,0.16,-0.172,-0.01,0.09,0.98,1.0
282,4,0.707,0.9,0.433,0.828,0.263,0.08,0.687,0.59
283,4,0.414,0.89,0.706,1.0,0.536,0.07,0.394,0.18
284,,0.404,0.88,0.696,0.99,0.526,0.06,0.384,0.17
285,,0.394,0.87,0.686,0.98,0.516,0.05,0.374,0.16
286,,0.384,0.86,0.676,0.97,0.506,0.04,0.364,0.15
287,,0.374,0.85,0.666,0.96,0.496,0.03,0.354,0.14
288,,0.364,0.84,0.656,0.95,0.486,0.02,0.344,0.13
289,,0.354,0.83,0.646,0.94,0.476,0.01,0.334,0.12
290,,0.344,0.82,0.636,0.93,0.466,0.0,0.324,0.11
291,,0.334,0.81,0.626,0.92,0.456,-0.01,0.314,0.1
292,6,0.041,0.4,0.333,0.91,0.729,0.99,0.587,0.09
293,6,-0.252,-0.01,0.04,0.9,1.0,1.0,0.86,0.08
294,1,0.748,0.263,0.03,0.607,0.59,0.707,0.85,0.353
295,1,1.0,0.536,0.02,0.314,0.18,0.414,0.84,0.626
296,,0.99,0.526,0.01,0.304,0.17,0.404,0.83,0.616
297,,0.98,0.516,0.0,0.294,0.16,0.394,0.82,0.606
298,,0.97,0.506,-0.01,0.284,0.15,0.384,0.81,0.596
299,3,0.96,0.779,0.99,0.557,0.14,0.091,0.4,0.303
300,3,0.95,1.0,1.0,0.83,0.13,-0.202,-0.01,0.01
301,6,0.657,0.59,0.707,0.82,0.403,0.798,0.263,0.0
302,6,0.364,0.18,0.414,0.81,0.676,1.0,0.536,-0.01
303,8,0.637,0.17,0.121,0.4,0.383,0.99,0.809,0.99
304,8,0.91,0.16,-0.172,-0.01,0.09,0.98,1.0,1.0
305,3,0.9,0.433,0.828,0.263,0.08,0.687,0.59,0.707
306,3,0.89,0.706,1.0,0.536,0.07,0.394,0.18,0.414
307,,0.88,0.696,0.99,0.526,0.06,0.384,0.17,0.404
308,,0.87,0.686,0.98,0.516,0.05,0.374,0.16,0.394
309,,0.86,0.676,0.97,0.506,0.04,0.364,0.15,0.384
310,,0.85,0.666,0.96,0.496,0.03,0.354,0.14,0.374
311,,0.84,0.656,0.95,0.486,0.02,0.344,0.13,0.364
312,,0.83,0.646,0.94,0.476,0.01,0.334,0.12,0.354
313,,0.82,0.636,0.93,0.466,0.0,0.324,0.11,0.344
314,,0.81,0.626,0.92,0.456,-0.01,0.314,0.1,0.334
315,5,0.4,0.333,0.91,0.729,0.99,0.587,0.09,0.041
316,5,-0.01,0.04,0.9,1.0,1.0,0.86,0.08,-0.252
317,8,0.263,0.03,0.607,0.59,0.707,0.85,0.353,0.748
318,8,0.536,0.02,0.314,0.18,0.414,0.84,0.626,1.0
319,,0.526,0.01,0.304,0.17,0.404,0.83,0.616,0.99
320,,0.516,0.0,0.294,0.16,0.394,0.82,0.606,0.98
321,,0.506,-0.01,0.284,0.15,0.384,0.81,0.596,0.97
322,2,0.779,0.99,0.557,0.14,0.091,0.4,0.303,0.96
323,2,1.0,1.0,0.83,0.13,-0.202,-0.01,0.01,0.95
324,5,0.59,0.707,0.82,0.403,0.798,0.263,0.0,0.657
325,5,0.18,0.414,0.81,0.676,1.0,0.536,-0.01,0.364
326,7,0.17,0.121,0.4,0.383,0.99,0.809,0.99,0.637
327,7,0.16,-0.172,-0.01,0.09,0.98,1.0,1.0,0.91
328,2,0.433,0.828,0.263,0.08,0.687,0.59,0.707,0.9
329,2,0.706,1.0,0.536,0.07,0.394,0.18,0.414,0.89
330,,0.696,0.99,0.526,0.06,0.384,0.17,0.404,0.88
331,,0.686,0.98,0.516,0.05,0.374,0.16,0.394,0.87
332,,0.676,0.97,0.506,0.04,0.364,0.15,0.384,0.86
333,,0.666,0.96,0.496,0.03,0.354,0.14,0.374,0.85
334,,0.656,0.95,0.486,0.02,0.344,0.13,0.364,0.84
335,,0.646,0.94,0.476,0.01,0.334,0.12,0.354,0.83
336,,0.636,0.93,0.466,0.0,0.324,0.11,0.344,0.82
337,,0.626,0.92,0.456,-0.01,0.314,0.1,0.334,0.81
338,4,0.333,0.91,0.729,0.99,0.587,0.09,0.041,0.4
339,4,0.04,0.9,1.0,1.0,0.86,0.08,-0.252,-0.01
340,7,0.03,0.607,0.59,0.707,0.85,0.353,0.748,0.263
341,7,0.02,0.314,0.18,0.414,0.84,0.626,1.0,0.536
342,,0.01,0.304,0.17,0.404,0.83,0.616,0.99,0.526
343,,0.0,0.294,0.16,0.394,0.82,0.606,0.98,0.516
344,,-0.01,0.284,0.15,0.384,0.81,0.596,0.97,0.506
345,1,0.99,0.557,0.14,0.091,0.4,0.303,0.96,0.779
346,1,1.0,0.83,0.13,-0.202,-0.01,0.01,0.95,1.0
347,4,0.707,0.82,0.403,0.798,0.263,0.0,0.657,0.59
348,4,0.414,0.81,0.676,1.0,0.536,-0.01,0.364,0.18
349,6,0.121,0.4,0.383,0.99,0.809,0.99,0.637,0.17
350,6,-0.172,-0.01,0.09,0.98,1.0,1.0,0.91,0.16
351,1,0.828,0.263,0.08,0.687,0.59,0.707,0.9,0.433
352,1,1.0,0.536,0.07,0.394,0.18,0.414,0.89,0.706
353,,0.99,0.526,0.06,0.384,0.17,0.404,0.88,0.696
354,,0.98,0.516,0.05,0.374,0.16,0.394,0.87,0.686
355,,0.97,0.506,0.04,0.364,0.15,0.384,0.86,0.676
356,,0.96,0.496,0.03,0.354,0.14,0.374,0.85,0.666
357,,0.95,0.486,0.02,0.344,0.13,0.364,0.84,0.656
358,,0.94,0.476,0.01,0.334,0.12,0.354,0.83,0.646
359,,0.93,0.466,0.0,0.324,0.11,0.344,0.82,0.636
360,,0.92,0.456,-0.01,0.314,0.1,0.334,0.81,0.626
361,3,0.91,0.729,0.99,0.587,0.09,0.041,0.4,0.333
362,3,0.9,1.0,1.0,0.86,0.08,-0.252,-0.01,0.04
363,6,0.607,0.59,0.707,0.85,0.353,0.748,0.263,0.03
364,6,0.314,0.18,0.414,0.84,0.626,1.0,0.536,0.02
365,,0.304,0.17,0.404,0.83,0.616,0.99,0.526,0.01
366,,0.294,0.16,0.394,0.82,0.606,0.98,0.516,0.0
367,,0.284,0.15,0.384,0.81,0.596,0.97,0.506,-0.01
368,8,0.557,0.14,0.091,0.4,0.303,0.96,0.779,0.99
369,8,0.83,0.13,-0.202,-0.01,0.01,0.95,1.0,1.0
370,3,0.82,0.403,0.798,0.263,0.0,0.657,0.59,0.707
371,3,0.81,0.676,1.0,0.536,-0.01,0.364,0.18,0.414
372,5,0.4,0.383,0.99,0.809,0.99,0.637,0.17,0.121
373,5,-0.01,0.09,0.98,1.0,1.0,0.91,0.16,-0.172
374,8,0.263,0.08,0.687,0.59,0.707,0.9,0.433,0.828
375,8,0.536,0.07,0.394,0.18,0.414,0.89,0.706,1.0
376,,0.526,0.06,0.384,0.17,0.404,0.88,0.696,0.99
377,,0.516,0.05,0.374,0.16,0.394,0.87,0.686,0.98
378,,0.506,0.04,0.364,0.15,0.384,0.86,0.676,0.97
379,,0.496,0.03,0.354,0.14,0.374,0.85,0.666,0.96
380,,0.486,0.02,0.344,0.13,0.364,0.84,0.656,0.95
381,,0.476,0.01,0.334,0.12,0.354,0.83,0.646,0.94
382,,0.466,0.0,0.324,0.11,0.344,0.82,0.636,0.93
383,,0.456,-0.01,0.314,0.1,0.334,0.81,0.626,0.92
384,2,0.729,0.99,0.587,0.09,0.041,0.4,0.333,0.91
385,2,1.0,1.0,0.86,0.08,-0.252,-0.01,0.04,0.9
386,5,0.59,0.707,0.85,0.353,0.748,0.263,0.03,0.607
387,5,0.18,0.414,0.84,0.626,1.0,0.536,0.02,0.314
388,,0.17,0.404,0.83,0.616,0.99,0.526,0.01,0.304
389,,0.16,0.394,0.82,0.606,0.98,0.516,0.0,0.294
390,,0.15,0.384,0.81,0.596,0.97,0.506,-0.01,0.284
391,7,0.14,0.091,0.4,0.303,0.96,0.779,0.99,0.557
392,7,0.13,-0.202,-0.01,0.01,0.95,1.0,1.0,0.83
393,2,0.403,0.798,0.263,0.0,0.657,0.59,0.707,0.82
394,2,0.676,1.0,0.536,-0.01,0.364,0.18,0.414,0.81
395,4,0.383,0.99,0.809,0.99,0.637,0.17,0.121,0.4
396,4,0.09,0.98,1.0,1.0,0.91,0.16,-0.172,-0.01
397,7,0.08,0.687,0.59,0.707,0.9,0.433,0.828,0.263
398,7,0.07,0.394,0.18,0.414,0.89,0.706,1.0,0.536
399,,0.06,0.384,0.17,0.404,0.88,0.696,0.99,0.526
400,,0.05,0.374,0.16,0.394,0.87,0.686,0.98,0.516
401,,0.04,0.364,0.15,0.384,0.86,0.676,0.97,0.506
402,,0.03,0.354,0.14,0.374,0.85,0.666,0.96,0.496
403,,0.02,0.344,0.13,0.364,0.84,0.656,0.95,0.486
404,,0.01,0.334,0.12,0.354,0.83,0.646,0.94,0.476
405,,0.0,0.324,0.11,0.344,0.82,0.636,0.93,0.466
406,,-0.01,0.314,0.1,0.334,0.81,0.626,0.92,0.456
407,1,0.99,0.587,0.09,0.041,0.4,0.333,0.91,0.729
408,1,1.0,0.86,0.08,-0.252,-0.01,0.04,0.9,1.0
409,4,0.707,0.85,0.353,0.748,0.263,0.03,0.607,0.59
410,4,0.414,0.84,0.626,1.0,0.536,0.02,0.314,0.18
411,,0.404,0.83,0.616,0.99,0.526,0.01,0.304,0.17
412,,0.394,0.82,0.606,0.98,0.516,0.0,0.294,0.16
413,,0.384,0.81,0.596,0.97,0.506,-0.01,0.284,0.15
414,6,0.091,0.4,0.303,0.96,0.779,0.99,0.557,0.14
415,6,-0.202,-0.01,0.01,0.95,1.0,1.0,0.83,0.13
416,1,0.798,0.263,0.0,0.657,0.59,0.707,0.82,0.403
417,1,1.0,0.536,-0.01,0.364,0.18,0.414,0.81,0.676
418,3,0.99,0.809,0.99,0.637,0.17,0.121,0.4,0.383
419,3,0.98,1.0,1.0,0.91,0.16,-0.172,-0.01,0.09
420,6,0.687,0.59,0.707,0.9,0.433,0.828,0.263,0.08
421,6,0.394,0.18,0.414,0.89,0.706,1.0,0.536,0.07
422,,0.384,0.17,0.404,0.88,0.696,0.99,0.526,0.06
423,,0.374,0.16,0.394,0.87,0.686,0.98,0.516,0.05
424,,0.364,0.15,0.384,0.86,0.676,0.97,0.506,0.04
425,,0.354,0.14,0.374,0.85,0.666,0.96,0.496,0.03
426,,0.344,0.13,0.364,0.84,0.656,0.95,0.486,0.02
427,,0.334,0.12,0.354,0.83,0.646,0.94,0.476,0.01
428,,0.324,0.11,0.344,0.82,0.636,0.93,0.466,0.0
429,,0.314,0.1,0.334,0.81,0.626,0.92,0.456,-0.01
430,8,0.587,0.09,0.041,0.4,0.333,0.91,0.729,0.99
431,8,0.86,0.08,-0.252,-0.01,0.04,0.9,1.0,1.0
432,3,0.85,0.353,0.748,0.263,0.03,0.607,0.59,0.707
433,3,0.84,0.626,1.0,0.536,0.02,0.314,0.18,0.414
434,,0.83,0.616,0.99,0.526,0.01,0.304,0.17,0.404
435,,0.82,0.606,0.98,0.516,0.0,0.294,0.16,0.394
436,,0.81,0.596,0.97,0.506,-0.01,0.284,0.15,0.384
437,5,0.4,0.303,0.96,0.779,0.99,0.557,0.14,0.091
438,5,-0.01,0.01,0.95,1.0,1.0,0.83,0.13,-0.202
439,8,0.263,0.0,0.657,0.59,0.707,0.82,0.403,0.798
440,8,0.536,-0.01,0.364,0.18,0.414,0.81,0.676,1.0
441,2,0.809,0.99,0.637,0.17,0.121,0.4,0.383,0.99
442,2,1.0,1.0,0.91,0.16,-0.172,-0.01,0.09,0.98
443,5,0.59,0.707,0.9,0.433,0.828,0.263,0.08,0.687
444,5,0.18,0.414,0.89,0.706,1.0,0.536,0.07,0.394
445,,0.17,0.404,0.88,0.696,0.99,0.526,0.06,0.384
446,,0.16,0.394,0.87,0.686,0.98,0.516,0.05,0.374
447,,0.15,0.384,0.86,0.676,0.97,0.506,0.04,0.364
448,,0.14,0.374,0.85,0.666,0.96,0.496,0.03,0.354
449,,0.13,0.364,0.84,0.656,0.95,0.486,0.02,0.344
450,,0.12,0.354,0.83,0.646,0.94,0.476,0.01,0.334
451,,0.11,0.344,0.82,0.636,0.93,0.466,0.0,0.324
452,,0.1,0.334,0.81,0.626,0.92,0.456,-0.01,0.314
453,7,0.09,0.041,0.4,0.333,0.91,0.729,0.99,0.587
454,7,0.08,-0.252,-0.01,0.04,0.9,1.0,1.0,0.86
455,2,0.353,0.748,0.263,0.03,0.607,0.59,0.707,0.85
456,2,0.626,1.0,0.536,0.02,0.314,0.18,0.414,0.84
457,,0.616,0.99,0.526,0.01,0.304,0.17,0.404,0.83
458,,0.606,0.98,0.516,0.0,0.294,0.16,0.394,0.82
459,,0.596,0.97,0.506,-0.01,0.284,0.15,0.384,0.81
460,4,0.303,0.96,0.779,0.99,0.557,0.14,0.091,0.4
461,4,0.01,0.95,1.0,1.0,0.83,0.13,-0.202,-0.01
462,7,0.0,0.657,0.59,0.707,0.82,0.403,0.798,0.263
463,7,-0.01,0.364,0.18,0.414,0.81,0.676,1.0,0.536
464,1,0.99,0.637,0.17,0.121,0.4,0.383,0.99,0.809
465,1,1.0,0.91,0.16,-0.172,-0.01,0.09,0.98,1.0
466,4,0.707,0.9,0.433,0.828,0.263,0.08,0.687,0.59
467,4,0.414,0.89,0.706,1.0,0.536,0.07,0.394,0.18
468,,0.404,0.88,0.696,0.99,0.526,0.06,0.384,0.17
469,,0.394,0.87,0.686,0.98,0.516,0.05,0.374,0.16
470,,0.384,0.86,0.676,0.97,0.506,0.04,0.364,0.15
471,,0.374,0.85,0.666,0.96,0.496,0.03,0.354,0.14
472,,0.364,0.84,0.656,0.95,0.486,0.02,0.344,0.13
473,,0.354,0.83,0.646,0.94,0.476,0.01,0.334,0.12
474,,0.344,0.82,0.636,0.93,0.466,0.0,0.324,0.11
475,,0.334,0.81,0.626,0.92,0.456,-0.01,0.314,0.1
476,6,0.041,0.4,0.333,0.91,0.729,0.99,0.587,0.09
477,6,-0.252,-0.01,0.04,0.9,1.0,1.0,0.86,0.08
478,1,0.748,0.263,0.03,0.607,0.59,0.707,0.85,0.353
479,1,1.0,0.536,0.02,0.314,0.18,0.414,0.84,0.626
480,,0.99,0.526,0.01,0.304,0.17,0.404,0.83,0.616
481,,0.98,0.516,0.0,0.294,0.16,0.394,0.82,0.606
482,,0.97,0.506,-0.01,0.284,0.15,0.384,0.81,0.596
483,3,0.96,0.779,0.99,0.557,0.14,0.091,0.4,0.303
484,3,0.95,1.0,1.0,0.83,0.13,-0.202,-0.01,0.01
485,6,0.657,0.59,0.707,0.82,0.403,0.798,0.263,0.0
486,6,0.364,0.18,0.414,0.81,0.676,1.0,0.536,-0.01
487,8,0.637,0.17,0.121,0.4,0.383,0.99,0.809,0.99
488,8,0.91,0.16,-0.172,-0.01,0.09,0.98,1.0,1.0
489,3,0.9,0.433,0.828,0.263,0.08,0.687,0.59,0.707
490,3,0.89,0.706,1.0,0.536,0.07,0.394,0.18,0.414
491,,0.88,0.696,0.99,0.526,0.06,0.384,0.17,0.404
492,,0.87,0.686,0.98,0.516,0.05,0.374,0.16,0.394
493,,0.86,0.676,0.97,0.506,0.04,0.364,0.15,0.384
494,,0.85,0.666,0.96,0.496,0.03,0.354,0.14,0.374
495,,0.84,0.656,0.95,0.486,0.02,0.344,0.13,0.364
496,,0.83,0.646,0.94,0.476,0.01,0.334,0.12,0.354
497,,0.82,0.636,0.93,0.466,0.0,0.324,0.11,0.344
498,,0.81,0.626,0.92,0.456,-0.01,0.314,0.1,0.334
499,5,0.4,0.333,0.91,0.729,0.99,0.587,0.09,0.041
500,5,-0.01,0.04,0.9,1.0,1.0,0.86,0.08,-0.252
501,8,0.263,0.03,0.607,0.59,0.707,0.85,0.353,0.748
502,8,0.536,0.02,0.314,0.18,0.414,0.84,0.626,1.0
503,,0.526,0.01,0.304,0.17,0.404,0.83,0.616,0.99
504,,0.516,0.0,0.294,0.16,0.394,0.82,0.606,0.98
505,,0.506,-0.01,0.284,0.15,0.384,0.81,0.596,0.97
506,2,0.779,0.99,0.557,0.14,0.091,0.4,0.303,0.96
507,2,1.0,1.0,0.83,0.13,-0.202,-0.01,0.01,0.95
508,5,0.59,0.707,0.82,0.403,0.798,0.263,0.0,0.657
509,5,0.18,0.414,0.81,0.676,1.0,0.536,-0.01,0.364
510,7,0.17,0.121,0.4,0.383,0.99,0.809,0.99,0.637
511,7,0.16,-0.172,-0.01,0.09,0.98,1.0,1.0,0.91
512,2,0.433,0.828,0.263,0.08,0.687,0.59,0.707,0.9
513,2,0.706,1.0,0.536,0.07,0.394,0.18,0.414,0.89
514,,0.696,0.99,0.526,0.06,0.384,0.17,0.404,0.88
515,,0.686,0.98,0.516,0.05,0.374,0.16,0.394,0.87
516,,0.676,0.97,0.506,0.04,0.364,0.15,0.384,0.86
517,,0.666,0.96,0.496,0.03,0.354,0.14,0.374,0.85
518,,0.656,0.95,0.486,0.02,0.344,0.13,0.364,0.84
519,,0.646,0.94,0.476,0.01,0.334,0.12,0.354,0.83
520,,0.636,0.93,0.466,0.0,0.324,0.11,0.344,0.82
521,,0.626,0.92,0.456,-0.01,0.314,0.1,0.334,0.81
522,4,0.333,0.91,0.729,0.99,0.587,0.09,0.041,0.4
523,4,0.04,0.9,1.0,1.0,0.86,0.08,-0.252,-0.01
524,7,0.03,0.607,0.59,0.707,0.85,0.353,0.748,0.263
525,7,0.02,0.314,0.18,0.414,0.84,0.626,1.0,0.536
526,,0.01,0.304,0.17,0.404,0.83,0.616,0.99,0.526
527,,0.0,0.294,0.16,0.394,0.82,0.606,0.98,0.516
528,,-0.01,0.284,0.15,0.384,0.81,0.596,0.97,0.506
529,1,0.99,0.557,0.14,0.091,0.4,0.303,0.96,0.779
530,1,1.0,0.83,0.13,-0.202,-0.01,0.01,0.95,1.0
531,4,0.707,0.82,0.403,0.798,0.263,0.0,0.657,0.59
532,4,0.414,0.81,0.676,1.0,0.536,-0.01,0.364,0.18
533,6,0.121,0.4,0.383,0.99,0.809,0.99,0.637,0.17
534,6,-0.172,-0.01,0.09,0.98,1.0,1.0,0.91,0.16
535,1,0.828,0.263,0.08,0.687,0.59,0.707,0.9,0.433
536,1,1.0,0.536,0.07,0.394,0.18,0.414,0.89,0.706
537,,0.99,0.526,0.06,0.384,0.17,0.404,0.88,0.696
538,,0.98,0.516,0.05,0.374,0.16,0.394,0.87,0.686
539,,0.97,0.506,0.04,0.364,0.15,0.384,0.86,0.676
540,,0.96,0.496,0.03,0.354,0.14,0.374,0.85,0.666
541,,0.95,0.486,0.02,0.344,0.13,0.364,0.84,0.656
542,,0.94,0.476,0.01,0.334,0.12,0.354,0.83,0.646
543,,0.93,0.466,0.0,0.324,0.11,0.344,0.82,0.636
544,,0.92,0.456,-0.01,0.314,0.1,0.334,0.81,0.626
545,3,0.91,0.729,0.99,0.587,0.09,0.041,0.4,0.333
546,3,0.9,1.0,1.0,0.86,0.08,-0.252,-0.01,0.04
547,6,0.607,0.59,0.707,0.85,0.353,0.748,0.263,0.03
548,6,0.314,0.18,0.414,0.84,0.626,1.0,0.536,0.02
549,,0.304,0.17,0.404,0.83,0.616,0.99,0.526,0.01
550,,0.294,0.16,0.394,0.82,0.606,0.98,0.516,0.0
551,,0.284,0.15,0.384,0.81,0.596,0.97,0.506,-0.01
552,8,0.557,0.14,0.091,0.4,0.303,0.96,0.779,0.99
553,8,0.83,0.13,-0.202,-0.01,0.01,0.95,1.0,1.0
554,3,0.82,0.403,0.798,0.263,0.0,0.657,0.59,0.707
555,3,0.81,0.676,1.0,0.536,-0.01,0.364,0.18,0.414
556,5,0.4,0.383,0.99,0.809,0.99,0.637,0.17,0.121
557,5,-0.01,0.09,0.98,1.0,1.0,0.91,0.16,-0.172
558,8,0.263,0.08,0.687,0.59,0.707,0.9,0.433,0.828
559,8,0.536,0.07,0.394,0.18,0.414,0.89,0.706,1.0
560,,0.526,0.06,0.384,0.17,0.404,0.88,0.696,0.99
561,,0.516,0.05,0.374,0.16,0.394,0.87,0.686,0.98
562,,0.506,0.04,0.364,0.15,0.384,0.86,0.676,0.97
563,,0.496,0.03,0.354,0.14,0.374,0.85,0.666,0.96
564,,0.486,0.02,0.344,0.13,0.364,0.84,0.656,0.95
565,,0.476,0.01,0.334,0.12,0.354,0.83,0.646,0.94
566,,0.466,0.0,0.324,0.11,0.344,0.82,0.636,0.93
567,,0.456,-0.01,0.314,0.1,0.334,0.81,0.626,0.92
568,2,0.729,0.99,0.587,0.09,0.041,0.4,0.333,0.91
569,2,1.0,1.0,0.86,0.08,-0.252,-0.01,0.04,0.9
570,5,0.59,0.707,0.85,0.353,0.748,0.263,0.03,0.607
571,5,0.18,0.414,0.84,0.626,1.0,0.536,0.02,0.314
572,,0.17,0.404,0.83,0.616,0.99,0.526,0.01,0.304
573,,0.16,0.394,0.82,0.606,0.98,0.516,0.0,0.294
574,,0.15,0.384,0.81,0.596,0.97,0.506,-0.01,0.284
575,7,0.14,0.091,0.4,0.303,0.96,0.779,0.99,0.557
576,7,0.13,-0.202,-0.01,0.01,0.95,1.0,1.0,0.83
577,2,0.403,0.798,0.263,0.0,0.657,0.59,0.707,0.82
578,2,0.676,1.0,0.536,-0.01,0.364,0.18,0.414,0.81
579,4,0.383,0.99,0.809,0.99,0.637,0.17,0.121,0.4
580,4,0.09,0.98,1.0,1.0,0.91,0.16,-0.172,-0.01
581,7,0.08,0.687,0.59,0.707,0.9,0.433,0.828,0.263
582,7,0.07,0.394,0.18,0.414,0.89,0.706,1.0,0.536
583,,0.06,0.384,0.17,0.404,0.88,0.696,0.99,0.526
584,,0.05,0.374,0.16,0.394,0.87,0.686,0.98,0.516
585,,0.04,0.364,0.15,0.384,0.86,0.676,0.97,0.506
586,,0.03,0.354,0.14,0.374,0.85,0.666,0.96,0.496
587,,0.02,0.344,0.13,0.364,0.84,0.656,0.95,0.486
588,,0.01,0.334,0.12,0.354,0.83,0.646,0.94,0.476
589,,0.0,0.324,0.11,0.344,0.82,0.636,0.93,0.466
590,,-0.01,0.314,0.1,0.334,0.81,0.626,0.92,0.456
591,1,0.99,0.587,0.09,0.041,0.4,0.333,0.91,0.729
592,1,1.0,0.86,0.08,-0.252,-0.01,0.04,0.9,1.0
593,4,0.707,0.85,0.353,0.748,0.263,0.03,0.607,0.59
594,4,0.414,0.84,0.626,1.0,0.536,0.02,0.314,0.18
595,,0.404,0.83,0.616,0.99,0.526,0.01,0.304,0.17
596,,0.394,0.82,0.606,0.98,0.516,0.0,0.294,0.16
597,,0.384,0.81,0.596,0.97,0.506,-0.01,0.284,0.15
598,6,0.091,0.4,0.303,0.96,0.779,0.99,0.557,0.14
599,6,-0.202,-0.01,0.01,0.95,1.0,1.0,0.83,0.13
600,1,0.798,0.263,0.0,0.657,0.59,0.707,0.82,0.403
601,1,1.0,0.536,-0.01,0.364,0.18,0.414,0.81,0.676
602,3,0.99,0.809,0.99,0.637,0.17,0.121,0.4,0.383
603,3,0.98,1.0,1.0,0.91,0.16,-0.172,-0.01,0.09
604,6,0.687,0.59,0.707,0.9,0.433,0.828,0.263,0.08
605,6,0.394,0.18,0.414,0.89,0.706,1.0,0.536,0.07
606,,0.384,0.17,0.404,0.88,0.696,0.99,0.526,0.06
607,,0.374,0.16,0.394,0.87,0.686,0.98,0.516,0.05
608,,0.364,0.15,0.384,0.86,0.676,0.97,0.506,0.04
609,,0.354,0.14,0.374,0.85,0.666,0.96,0.496,0.03
610,,0.344,0.13,0.364,0.84,0.656,0.95,0.486,0.02
611,,0.334,0.12,0.354,0.83,0.646,0.94,0.476,0.01
612,,0.324,0.11,0.344,0.82,0.636,0.93,0.466,0.0
613,,0.314,0.1,0.334,0.81,0.626,0.92,0.456,-0.01
614,8,0.587,0.09,0.041,0.4,0.333,0.91,0.729,0.99
615,8,0.86,0.08,-0.252,-0.01,0.04,0.9,1.0,1.0
616,3,0.85,0.353,0.748,0.263,0.03,0.607,0.59,0.707
617,3,0.84,0.626,1.0,0.536,0.02,0.314,0.18,0.414
618,,0.83,0.616,0.99,0.526,0.01,0.304,0.17,0.404
619,,0.82,0.606,0.98,0.516,0.0,0.294,0.16,0.394
620,,0.81,0.596,0.97,0.506,-0.01,0.284,0.15,0.384
621,5,0.4,0.303,0.96,0.779,0.99,0.557,0.14,0.091
622,5,-0.01,0.01,0.95,1.0,1.0,0.83,0.13,-0.202
623,8,0.263,0.0,0.657,0.59,0.707,0.82,0.403,0.798
624,8,0.536,-0.01,0.364,0.18,0.414,0.81,0.676,1.0
625,2,0.809,0.99,0.637,0.17,0.121,0.4,0.383,0.99
626,2,1.0,1.0,0.91,0.16,-0.172,-0.01,0.09,0.98
627,5,0.59,0.707,0.9,0.433,0.828,0.263,0.08,0.687
628,5,0.18,0.414,0.89,0.706,1.0,0.536,0.07,0.394
629,,0.17,0.404,0.88,0.696,0.99,0.526,0.06,0.384
630,,0.16,0.394,0.87,0.686,0.98,0.516,0.05,0.374
631,,0.15,0.384,0.86,0.676,0.97,0.506,0.04,0.364
632,,0.14,0.374,0.85,0.666,0.96,0.496,0.03,0.354
633,,0.13,0.364,0.84,0.656,0.95,0.486,0.02,0.344
634,,0.12,0.354,0.83,0.646,0.94,0.476,0.01,0.334
635,,0.11,0.344,0.82,0.636,0.93,0.466,0.0,0.324
636,,0.1,0.334,0.81,0.626,0.92,0.456,-0.01,0.314
637,7,0.09,0.041,0.4,0.333,0.91,0.729,0.99,0.587
638,7,0.08,-0.252,-0.01,0.04,0.9,1.0,1.0,0.86
639,2,0.353,0.748,0.263,0.03,0.607,0.59,0.707,0.85
640,2,0.626,1.0,0.536,0.02,0.314,0.18,0.414,0.84
641,,0.616,0.99,0.526,0.01,0.304,0.17,0.404,0.83
642,,0.606,0.98,0.516,0.0,0.294,0.16,0.394,0.82
643,,0.596,0.97,0.506,-0.01,0.284,0.15,0.384,0.81
644,4,0.303,0.96,0.779,0.99,0.557,0.14,0.091,0.4
645,4,0.01,0.95,1.0,1.0,0.83,0.13,-0.202,-0.01
646,7,0.0,0.657,0.59,0.707,0.82,0.403,0.798,0.263
647,7,-0.01,0.364,0.18,0.414,0.81,0.676,1.0,0.536
648,1,0.99,0.637,0.17,0.121,0.4,0.383,0.99,0.809
649,1,1.0,0.91,0.16,-0.172,-0.01,0.09,0.98,1.0
650,4,0.707,0.9,0.433,0.828,0.263,0.08,0.687,0.59
651,4,0.414,0.89,0.706,1.0,0.536,0.07,0.394,0.18
652,,0.404,0.88,0.696,0.99,0.526,0.06,0.384,0.17
653,,0.394,0.87,0.686,0.98,0.516,0.05,0.374,0.16
654,,0.384,0.86,0.676,0.97,0.506,0.04,0.364,0.15
655,,0.374,0.85,0.666,0.96,0.496,0.03,0.354,0.14
656,,0.364,0.84,0.656,0.95,0.486,0.02,0.344,0.13
657,,0.354,0.83,0.646,0.94,0.476,0.01,0.334,0.12
658,,0.344,0.82,0.636,0.93,0.466,0.0,0.324,0.11
659,,0.334,0.81,0.626,0.92,0.456,-0.01,0.314,0.1
660,6,0.041,0.4,0.333,0.91,0.729,0.99,0.587,0.09
661,6,-0.252,-0.01,0.04,0.9,1.0,1.0,0.86,0.08
662,1,0.748,0.263,0.03,0.607,0.59,0.707,0.85,0.353
663,1,1.0,0.536,0.02,0.314,0.18,0.414,0.84,0.626
664,,0.99,0.526,0.01,0.304,0.17,0.404,0.83,0.616
665,,0.98,0.516,0.0,0.294,0.16,0.394,0.82,0.606
666,,0.97,0.506,-0.01,0.284,0.15,0.384,0.81,0.596
667,3,0.96,0.779,0.99,0.557,0.14,0.091,0.4,0.303
668,3,0.95,1.0,1.0,0.83,0.13,-0.202,-0.01,0.01
669,6,0.657,0.59,0.707,0.82,0.403,0.798,0.263,0.0
670,6,0.364,0.18,0.414,0.81,0.676,1.0,0.536,-0.01
671,8,0.637,0.17,0.121,0.4,0.383,0.99,0.809,0.99
672,8,0.91,0.16,-0.172,-0.01,0.09,0.98,1.0,1.0
673,3,0.9,0.433,0.828,0.263,0.08,0.687,0.59,0.707
674,3,0.89,0.706,1.0,0.536,0.07,0.394,0.18,0.414
675,,0.88,0.696,0.99,0.526,0.06,0.384,0.17,0.404
676,,0.87,0.686,0.98,0.516,0.05,0.374,0.16,0.394
677,,0.86,0.676,0.97,0.506,0.04,0.364,0.15,0.384
678,,0.85,0.666,0.96,0.496,0.03,0.354,0.14,0.374
679,,0.84,0.656,0.95,0.486,0.02,0.344,0.13,0.364
680,,0.83,0.646,0.94,0.476,0.01,0.334,0.12,0.354
681,,0.82,0.636,0.93,0.466,0.0,0.324,0.11,0.344
682,,0.81,0.626,0.92,0.456,-0.01,0.314,0.1,0.334
683,5,0.4,0.333,0.91,0.729,0.99,0.587,0.09,0.041
684,5,-0.01,0.04,0.9,1.0,1.0,0.86,0.08,-0.252
685,8,0.263,0.03,0.607,0.59,0.707,0.85,0.353,0.748
686,8,0.536,0.02,0.314,0.18,0.414,0.84,0.626,1.0
687,,0.526,0.01,0.304,0.17,0.404,0.83,0.616,0.99
688,,0.516,0.0,0.294,0.16,0.394,0.82,0.606,0.98
689,,0.506,-0.01,0.284,0.15,0.384,0.81,0.596,0.97
690,2,0.779,0.99,0.557,0.14,0.091,0.4,0.303,0.96
691,2,1.0,1.0,0.83,0.13,-0.202,-0.01,0.01,0.95
692,5,0.59,0.707,0.82,0.403,0.798,0.263,0.0,0.657
693,5,0.18,0.414,0.81,0.676,1.0,0.536,-0.01,0.364
694,7,0.17,0.121,0.4,0.383,0.99,0.809,0.99,0.637
695,7,0.16,-0.172,-0.01,0.09,0.98,1.0,1.0,0.91
696,2,0.433,0.828,0.263,0.08,0.687,0.59,0.707,0.9
697,2,0.706,1.0,0.536,0.07,0.394,0.18,0.414,0.89
698,,0.696,0.99,0.526,0.06,0.384,0.17,0.404,0.88
699,,0.686,0.98,0.516,0.05,0.374,0.16,0.394,0.87
700,,0.676,0.97,0.506,0.04,0.364,0.15,0.384,0.86
701,,0.666,0.96,0.496,0.03,0.354,0.14,0.374,0.85
702,,0.656,0.95,0.486,0.02,0.344,0.13,0.364,0.84
703,,0.646,0.94,0.476,0.01,0.334,0.12,0.354,0.83
704,,0.636,0.93,0.466,0.0,0.324,0.11,0.344,0.82
705,,0.626,0.92,0.456,-0.01,0.314,0.1,0.334,0.81
706,4,0.333,0.91,0.729,0.99,0.587,0.09,0.041,0.4
707,4,0.04,0.9,1.0,1.0,0.86,0.08,-0.252,-0.01
708,7,0.03,0.607,0.59,0.707,0.85,0.353,0.748,0.263
709,7,0.02,0.314,0.18,0.414,0.84,0.626,1.0,0.536
710,,0.01,0.304,0.17,0.404,0.83,0.616,0.99,0.526
711,,0.0,0.294,0.16,0.394,0.82,0.606,0.98,0.516
712,,-0.01,0.284,0.15,0.384,0.81,0.596,0.97,0.506
713,1,0.99,0.557,0.14,0.091,0.4,0.303,0.96,0.779
714,1,1.0,0.83,0.13,-0.202,-0.01,0.01,0.95,1.0
715,4,0.707,0.82,0.403,0.798,0.263,0.0,0.657,0.59
716,4,0.414,0.81,0.676,1.0,0.536,-0.01,0.364,0.18
717,6,0.121,0.4,0.383,0.99,0.809,0.99,0.637,0.17
718,6,-0.172,-0.01,0.09,0.98,1.0,1.0,0.91,0.16
719,1,0.828,0.263,0.08,0.687,0.59,0.707,0.9,0.433
720,1,1.0,0.536,0.07,0.394,0.18,0.414,0.89,0.706
721,,0.99,0.526,0.06,0.384,0.17,0.404,0.88,0.696
722,,0.98,0.516,0.05,0.374,0.16,0.394,0.87,0.686
723,,0.97,0.506,0.04,0.364,0.15,0.384,0.86,0.676
724,,0.96,0.496,0.03,0.354,0.14,0.374,0.85,0.666
725,,0.95,0.486,0.02,0.344,0.13,0.364,0.84,0.656
726,,0.94,0.476,0.01,0.334,0.12,0.354,0.83,0.646
727,,0.93,0.466,0.0,0.324,0.11,0.344,0.82,0.636
728,,0.92,0.456,-0.01,0.314,0.1,0.334,0.81,0.626
729,3,0.91,0.729,0.99,0.587,0.09,0.041,0.4,0.333
730,3,0.9,1.0,1.0,0.86,0.08,-0.252,-0.01,0.04
731,6,0.607,0.59,0.707,0.85,0.353,0.748,0.263,0.03
732,6,0.314,0.18,0.414,0.84,0.626,1.0,0.536,0.02
733,,0.304,0.17,0.404,0.83,0.616,0.99,0.526,0.01
734,,0.294,0.16,0.394,0.82,0.606,0.98,0.516,0.0
735,,0.284,0.15,0.384,0.81,0.596,0.97,0.506,-0.01
736,8,0.557,0.14,0.091,0.4,0.303,0.96,0.779,0.99
737,8,0.83,0.13,-0.202,-0.01,0.01,0.95,1.0,1.0
738,3,0.82,0.403,0.798,0.263,0.0,0.657,0.59,0.707
739,3,0.81,0.676,1.0,0.536,-0.01,0.364,0.18,0.414
740,5,0.4,0.383,0.99,0.809,0.99,0.637,0.17,0.121
741,5,-0.01,0.09,0.98,1.0,1.0,0.91,0.16,-0.172
742,8,0.263,0.08,0.687,0.59,0.707,0.9,0.433,0.828
743,8,0.536,0.07,0.394,0.18,0.414,0.89,0.706,1.0
744,,0.526,0.06,0.384,0.17,0.404,0.88,0.696,0.99
745,,0.516,0.05,0.374,0.16,0.394,0.87,0.686,0.98
746,,0.506,0.04,0.364,0.15,0.384,0.86,0.676,0.97
747,,0.496,0.03,0.354,0.14,0.374,0.85,0.666,0.96
748,,0.486,0.02,0.344,0.13,0.364,0.84,0.656,0.95
749,,0.476,0.01,0.334,0.12,0.354,0.83,0.646,0.94
750,,0.466,0.0,0.324,0.11,0.344,0.82,0.636,0.93
751,,0.456,-0.01,0.314,0.1,0.334,0.81,0.626,0.92
752,2,0.729,0.99,0.587,0.09,0.041,0.4,0.333,0.91
753,2,1.0,1.0,0.86,0.08,-0.252,-0.01,0.04,0.9
754,5,0.59,0.707,0.85,0.353,0.748,0.263,0.03,0.607
755,5,0.18,0.414,0.84,0.626,1.0,0.536,0.02,0.314
756,,0.17,0.404,0.83,0.616,0.99,0.526,0.01,0.304
757,,0.16,0.394,0.82,0.606,0.98,0.516,0.0,0.294
758,,0.15,0.384,0.81,0.596,0.97,0.506,-0.01,0.284
759,7,0.14,0.091,0.4,0.303,0.96,0.779,0.99,0.557
760,7,0.13,-0.202,-0.01,0.01,0.95,1.0,1.0,0.83
761,2,0.403,0.798,0.263,0.0,0.657,0.59,0.707,0.82
762,2,0.676,1.0,0.536,-0.01,0.364,0.18,0.414,0.81
763,4,0.383,0.99,0.809,0.99,0.637,0.17,0.121,0.4
764,4,0.09,0.98,1.0,1.0,0.91,0.16,-0.172,-0.01
765,7,0.08,0.687,0.59,0.707,0.9,0.433,0.828,0.263
766,7,0.07,0.394,0.18,0.414,0.89,0.706,1.0,0.536
767,,0.06,0.384,0.17,0.404,0.88,0.696,0.99,0.526
768,,0.05,0.374,0.16,0.394,0.87,0.686,0.98,0.516
769,,0.04,0.364,0.15,0.384,0.86,0.676,0.97,0.506
770,,0.03,0.354,0.14,0.374,0.85,0.666,0.96,0.496
771,,0.02,0.344,0.13,0.364,0.84,0.656,0.95,0.486
772,,0.01,0.334,0.12,0.354,0.83,0.646,0.94,0.476
773,,0.0,0.324,0.11,0.344,0.82,0.636,0.93,0.466
774,,-0.01,0.314,0.1,0.334,0.81,0.626,0.92,0.456
775,1,0.99,0.587,0.09,0.041,0.4,0.333,0.91,0.729
776,1,1.0,0.86,0.08,-0.252,-0.01,0.04,0.9,1.0
777,4,0.707,0.85,0.353,0.748,0.263,0.03,0.607,0.59
778,4,0.414,0.84,0.626,1.0,0.536,0.02,0.314,0.18
779,,0.404,0.83,0.616,0.99,0.526,0.01,0.304,0.17
780,,0.394,0.82,0.606,0.98,0.516,0.0,0.294,0.16
781,,0.384,0.81,0.596,0.97,0.506,-0.01,0.284,0.15
782,6,0.091,0.4,0.303,0.96,0.779,0.99,0.557,0.14
783,6,-0.202,-0.01,0.01,0.95,1.0,1.0,0.83,0.13
784,1,0.798,0.263,0.0,0.657,0.59,0.707,0.82,0.403
785,1,1.0,0.536,-0.01,0.364,0.18,0.414,0.81,0.676
786,3,0.99,0.809,0.99,0.637,0.17,0.121,0.4,0.383
787,3,0.98,1.0,1.0,0.91,0.16,-0.172,-0.01,0.09
788,6,0.687,0.59,0.707,0.9,0.433,0.828,0.263,0.08
789,6,0.394,0.18,0.414,0.89,0.706,1.0,0.536,0.07
790,,0.384,0.17,0.404,0.88,0.696,0.99,0.526,0.06
791,,0.374,0.16,0.394,0.87,0.686,0.98,0.516,0.05
792,,0.364,0.15,0.384,0.86,0.676,0.97,0.506,0.04
793,,0.354,0.14,0.374,0.85,0.666,0.96,0.496,0.03
794,,0.344,0.13,0.364,0.84,0.656,0.95,0.486,0.02
795,,0.334,0.12,0.354,0.83,0.646,0.94,0.476,0.01
796,,0.324,0.11,0.344,0.82,0.636,0.93,0.466,0.0
797,,0.314,0.1,0.334,0.81,0.626,0.92,0.456,-0.01
798,8,0.587,0.09,0.041,0.4,0.333,0.91,0.729,0.99
799,8,0.86,0.08,-0.252,-0.01,0.04,0.9,1.0,1.0
800,3,0.85,0.353,0.748,0.263,0.03,0.607,0.59,0.707
801,3,0.84,0.626,1.0,0.536,0.02,0.314,0.18,0.414
