step,active_motive,motive_1,motive_2,motive_3,motive_4,motive_5,motive_6,motive_7,motive_8
0,,0.63641,0.31436,0.50857,0.90757,0.24929,0.41038,0.75555,0.2288
1,,0.62641,0.30436,0.49857,0.89757,0.23929,0.40038,0.74555,0.2188
2,,0.61641,0.29436,0.48857,0.88757,0.22929,0.39038,0.73555,0.2088
3,,0.60641,0.28436,0.47857,0.87757,0.21929,0.38038,0.72555,0.1988
4,,0.59641,0.27436,0.46857,0.86757,0.20929,0.37038,0.71555,0.1888
5,,0.58641,0.26436,0.45857,0.85757,0.19929,0.36038,0.70555,0.1788
6,,0.57641,0.25436,0.44857,0.84757,0.18929,0.35038,0.69555,0.1688
7,,0.56641,0.24436,0.43857,0.83757,0.17929,0.34038,0.68555,0.1588
8,,0.55641,0.23436,0.42857,0.82757,0.16929,0.33038,0.67555,0.1488
9,,0.54641,0.22436,0.41857,0.81757,0.15929,0.32038,0.66555,0.1388
10,,0.53641,0.21436,0.40857,0.80757,0.14929,0.31038,0.65555,0.1288
11,,0.52641,0.20436,0.39857,0.79757,0.13929,0.30038,0.64555,0.1188
12,,0.51641,0.19436,0.38857,0.78757,0.12929,0.29038,0.63555,0.1088
13,,0.50641,0.18436,0.37857,0.77757,0.11929,0.28038,0.62555,0.0988
14,,0.49641,0.17436,0.36857,0.76757,0.10929,0.27038,0.61555,0.0888
15,,0.48641,0.16436,0.35857,0.75757,0.09929,0.26038,0.60555,0.0788
16,,0.47641,0.15436,0.34857,0.74757,0.08929,0.25038,0.59555,0.0688
17,,0.46641,0.14436,0.33857,0.73757,0.07929,0.24038,0.58555,0.0588
18,,0.45641,0.13436,0.32857,0.72757,0.06929,0.23038,0.57555,0.0488
19,,0.44641,0.12436,0.31857,0.71757,0.05929,0.22038,0.56555,0.0388
20,,0.43641,0.11436,0.30857,0.70757,0.04929,0.21038,0.55555,0.0288
21,,0.42641,0.10436,0.29857,0.69757,0.03929,0.20038,0.54555,0.0188
22,,0.41641,0.09436,0.28857,0.68757,0.02929,0.19038,0.53555,0.0088
23,,0.40641,0.08436,0.27857,0.67757,0.01929,0.18038,0.52555,-0.0012
24,8,0.67941,0.07436,-0.01443,0.26757,-0.27371,0.17038,0.79855,0.9988
25,8,0.95241,0.06436,-0.30743,-0.14243,-0.56671,0.16038,1.0,1.0
26,5,0.54241,-0.22864,-0.31743,0.13057,0.43329,0.43338,0.99,0.707
27,5,0.13241,-0.52164,-0.32743,0.40357,1.0,0.70638,0.98,0.414
28,2,0.40541,0.47836,-0.05443,0.39357,0.707,0.29638,0.687,0.404
29,2,0.67841,1.0,0.21857,0.38357,0.414,-0.11362,0.394,0.394
30,6,0.38541,0.59,-0.07443,0.37357,0.687,0.88638,0.667,0.384
31,6,0.09241,0.18,-0.36743,0.36357,0.96,1.0,0.94,0.374
32,3,0.08241,0.453,0.63257,0.63657,0.95,0.707,0.53,0.081
33,3,0.07241,0.726,1.0,0.90957,0.94,0.414,0.12,-0.212
34,8,0.34541,0.716,0.707,0.49957,0.647,0.404,0.393,0.788
35,8,0.61841,0.706,0.414,0.08957,0.354,0.394,0.666,1.0
36,,0.60841,0.696,0.404,0.07957,0.344,0.384,0.656,0.99
37,,0.59841,0.686,0.394,0.06957,0.334,0.374,0.646,0.98
38,,0.58841,0.676,0.384,0.05957,0.324,0.364,0.636,0.97
39,,0.57841,0.666,0.374,0.04957,0.314,0.354,0.626,0.96
40,,0.56841,0.656,0.364,0.03957,0.304,0.344,0.616,0.95
41,,0.55841,0.646,0.354,0.02957,0.294,0.334,0.606,0.94
42,,0.54841,0.636,0.344,0.01957,0.284,0.324,0.596,0.93
43,,0.53841,0.626,0.334,0.00957,0.274,0.314,0.586,0.92
44,,0.52841,0.616,0.324,-0.00043,0.264,0.304,0.576,0.91
45,4,0.23541,0.606,0.597,0.99957,0.537,0.294,0.283,0.5
46,4,-0.05759,0.596,0.87,1.0,0.81,0.284,-0.01,0.09
47,1,0.94241,0.869,0.86,0.707,0.4,-0.009,-0.02,0.363
48,1,1.0,1.0,0.85,0.414,-0.01,-0.302,-0.03,0.636
49,6,0.707,0.59,0.557,0.404,0.263,0.698,0.243,0.626
50,6,0.414,0.18,0.264,0.394,0.536,1.0,0.516,0.616
51,,0.404,0.17,0.254,0.384,0.526,0.99,0.506,0.606
52,,0.394,0.16,0.244,0.374,0.516,0.98,0.496,0.596
53,,0.384,0.15,0.234,0.364,0.506,0.97,0.486,0.586
54,,0.374,0.14,0.224,0.354,0.496,0.96,0.476,0.576
55,,0.364,0.13,0.214,0.344,0.486,0.95,0.466,0.566
56,,0.354,0.12,0.204,0.334,0.476,0.94,0.456,0.556
57,,0.344,0.11,0.194,0.324,0.466,0.93,0.446,0.546
58,,0.334,0.1,0.184,0.314,0.456,0.92,0.436,0.536
59,,0.324,0.09,0.174,0.304,0.446,0.91,0.426,0.526
60,,0.314,0.08,0.164,0.294,0.436,0.9,0.416,0.516
61,,0.304,0.07,0.154,0.284,0.426,0.89,0.406,0.506
62,,0.294,0.06,0.144,0.274,0.416,0.88,0.396,0.496
63,,0.284,0.05,0.134,0.264,0.406,0.87,0.386,0.486
64,,0.274,0.04,0.124,0.254,0.396,0.86,0.376,0.476
65,,0.264,0.03,0.114,0.244,0.386,0.85,0.366,0.466
66,,0.254,0.02,0.104,0.234,0.376,0.84,0.356,0.456
67,,0.244,0.01,0.094,0.224,0.366,0.83,0.346,0.446
68,,0.234,0.0,0.084,0.214,0.356,0.82,0.336,0.436
69,,0.224,-0.01,0.074,0.204,0.346,0.81,0.326,0.426
70,2,0.497,0.99,0.347,0.194,0.053,0.4,0.033,0.416
71,2,0.77,1.0,0.62,0.184,-0.24,-0.01,-0.26,0.406
72,7,0.76,0.707,0.21,-0.109,-0.25,0.263,0.74,0.679
73,7,0.75,0.414,-0.2,-0.402,-0.26,0.536,1.0,0.952
74,4,0.457,0.404,0.073,0.598,0.013,0.526,0.707,0.542
75,4,0.164,0.394,0.346,1.0,0.286,0.516,0.414,0.132
76,,0.154,0.384,0.336,0.99,0.276,0.506,0.404,0.122
77,,0.144,0.374,0.326,0.98,0.266,0.496,0.394,0.112
78,,0.134,0.364,0.316,0.97,0.256,0.486,0.384,0.102
79,,0.124,0.354,0.306,0.96,0.246,0.476,0.374,0.092
80,,0.114,0.344,0.296,0.95,0.236,0.466,0.364,0.082
81,,0.104,0.334,0.286,0.94,0.226,0.456,0.354,0.072
82,,0.094,0.324,0.276,0.93,0.216,0.446,0.344,0.062
83,,0.084,0.314,0.266,0.92,0.206,0.436,0.334,0.052
84,,0.074,0.304,0.256,0.91,0.196,0.426,0.324,0.042
85,,0.064,0.294,0.246,0.9,0.186,0.416,0.314,0.032
86,,0.054,0.284,0.236,0.89,0.176,0.406,0.304,0.022
87,,0.044,0.274,0.226,0.88,0.166,0.396,0.294,0.012
88,,0.034,0.264,0.216,0.87,0.156,0.386,0.284,0.002
89,,0.024,0.254,0.206,0.86,0.146,0.376,0.274,-0.008
90,8,0.297,0.244,-0.087,0.45,-0.147,0.366,0.547,0.992
91,8,0.57,0.234,-0.38,0.04,-0.44,0.356,0.82,1.0
92,5,0.16,-0.059,-0.39,0.313,0.56,0.629,0.81,0.707
93,5,-0.25,-0.352,-0.4,0.586,1.0,0.902,0.8,0.414
94,3,-0.26,-0.079,0.6,0.859,0.99,0.609,0.39,0.121
95,3,-0.27,0.194,1.0,1.0,0.98,0.316,-0.02,-0.172
96,1,0.73,0.467,0.99,0.707,0.57,0.023,-0.03,0.101
97,1,1.0,0.74,0.98,0.414,0.16,-0.27,-0.04,0.374
98,6,0.707,0.33,0.687,0.404,0.433,0.73,0.233,0.364
99,6,0.414,-0.08,0.394,0.394,0.706,1.0,0.506,0.354
100,2,0.687,0.92,0.667,0.384,0.413,0.59,0.213,0.344
101,2,0.96,1.0,0.94,0.374,0.12,0.18,-0.08,0.334
102,7,0.95,0.707,0.53,0.081,0.11,0.453,0.92,0.607
103,7,0.94,0.414,0.12,-0.212,0.1,0.726,1.0,0.88
104,4,0.647,0.404,0.393,0.788,0.373,0.716,0.707,0.47
105,4,0.354,0.394,0.666,1.0,0.646,0.706,0.414,0.06
106,,0.344,0.384,0.656,0.99,0.636,0.696,0.404,0.05
107,,0.334,0.374,0.646,0.98,0.626,0.686,0.394,0.04
108,,0.324,0.364,0.636,0.97,0.616,0.676,0.384,0.03
109,,0.314,0.354,0.626,0.96,0.606,0.666,0.374,0.02
110,,0.304,0.344,0.616,0.95,0.596,0.656,0.364,0.01
111,,0.294,0.334,0.606,0.94,0.586,0.646,0.354,0.0
112,,0.284,0.324,0.596,0.93,0.576,0.636,0.344,-0.01
113,8,0.557,0.314,0.303,0.52,0.283,0.626,0.617,0.99
114,8,0.83,0.304,0.01,0.11,-0.01,0.616,0.89,1.0
115,5,0.42,0.011,0.0,0.383,0.99,0.889,0.88,0.707
116,5,0.01,-0.282,-0.01,0.656,1.0,1.0,0.87,0.414
117,2,0.283,0.718,0.263,0.646,0.707,0.59,0.577,0.404
118,2,0.556,1.0,0.536,0.636,0.414,0.18,0.284,0.394
119,,0.546,0.99,0.526,0.626,0.404,0.17,0.274,0.384
120,,0.536,0.98,0.516,0.616,0.394,0.16,0.264,0.374
121,,0.526,0.97,0.506,0.606,0.384,0.15,0.254,0.364
122,,0.516,0.96,0.496,0.596,0.374,0.14,0.244,0.354
123,,0.506,0.95,0.486,0.586,0.364,0.13,0.234,0.344
124,,0.496,0.94,0.476,0.576,0.354,0.12,0.224,0.334
125,,0.486,0.93,0.466,0.566,0.344,0.11,0.214,0.324
126,,0.476,0.92,0.456,0.556,0.334,0.1,0.204,0.314
127,,0.466,0.91,0.446,0.546,0.324,0.09,0.194,0.304
128,,0.456,0.9,0.436,0.536,0.314,0.08,0.184,0.294
129,,0.446,0.89,0.426,0.526,0.304,0.07,0.174,0.284
130,,0.436,0.88,0.416,0.516,0.294,0.06,0.164,0.274
131,,0.426,0.87,0.406,0.506,0.284,0.05,0.154,0.264
132,,0.416,0.86,0.396,0.496,0.274,0.04,0.144,0.254
133,,0.406,0.85,0.386,0.486,0.264,0.03,0.134,0.244
134,,0.396,0.84,0.376,0.476,0.254,0.02,0.124,0.234
135,,0.386,0.83,0.366,0.466,0.244,0.01,0.114,0.224
136,,0.376,0.82,0.356,0.456,0.234,0.0,0.104,0.214
137,,0.366,0.81,0.346,0.446,0.224,-0.01,0.094,0.204
138,6,0.073,0.4,0.053,0.436,0.497,0.99,0.367,0.194
139,6,-0.22,-0.01,-0.24,0.426,0.77,1.0,0.64,0.184
140,3,-0.23,0.263,0.76,0.699,0.76,0.707,0.23,-0.109
141,3,-0.24,0.536,1.0,0.972,0.75,0.414,-0.18,-0.402
142,8,0.033,0.526,0.707,0.562,0.457,0.404,0.093,0.598
143,8,0.306,0.516,0.414,0.152,0.164,0.394,0.366,1.0
144,,0.296,0.506,0.404,0.142,0.154,0.384,0.356,0.99
145,,0.286,0.496,0.394,0.132,0.144,0.374,0.346,0.98
146,,0.276,0.486,0.384,0.122,0.134,0.364,0.336,0.97
147,,0.266,0.476,0.374,0.112,0.124,0.354,0.326,0.96
148,,0.256,0.466,0.364,0.102,0.114,0.344,0.316,0.95
149,,0.246,0.456,0.354,0.092,0.104,0.334,0.306,0.94
150,,0.236,0.446,0.344,0.082,0.094,0.324,0.296,0.93
151,,0.226,0.436,0.334,0.072,0.084,0.314,0.286,0.92
152,,0.216,0.426,0.324,0.062,0.074,0.304,0.276,0.91
153,,0.206,0.416,0.314,0.052,0.064,0.294,0.266,0.9
154,,0.196,0.406,0.304,0.042,0.054,0.284,0.256,0.89
155,,0.186,0.396,0.294,0.032,0.044,0.274,0.246,0.88
156,,0.176,0.386,0.284,0.022,0.034,0.264,0.236,0.87
157,,0.166,0.376,0.274,0.012,0.024,0.254,0.226,0.86
158,,0.156,0.366,0.264,0.002,0.014,0.244,0.216,0.85
159,,0.146,0.356,0.254,-0.008,0.004,0.234,0.206,0.84
160,4,-0.147,0.346,0.527,0.992,0.277,0.224,-0.087,0.43
161,4,-0.44,0.336,0.8,1.0,0.55,0.214,-0.38,0.02
162,1,0.56,0.609,0.79,0.707,0.14,-0.079,-0.39,0.293
163,1,1.0,0.882,0.78,0.414,-0.27,-0.372,-0.4,0.566
164,7,0.99,0.589,0.37,0.121,-0.28,-0.099,0.6,0.839
165,7,0.98,0.296,-0.04,-0.172,-0.29,0.174,1.0,1.0
166,5,0.57,0.003,-0.05,0.101,0.71,0.447,0.99,0.707
167,5,0.16,-0.29,-0.06,0.374,1.0,0.72,0.98,0.414
168,2,0.433,0.71,0.213,0.364,0.707,0.31,0.687,0.404
169,2,0.706,1.0,0.486,0.354,0.414,-0.1,0.394,0.394
170,6,0.413,0.59,0.193,0.344,0.687,0.9,0.667,0.384
171,6,0.12,0.18,-0.1,0.334,0.96,1.0,0.94,0.374
172,3,0.11,0.453,0.9,0.607,0.95,0.707,0.53,0.081
173,3,0.1,0.726,1.0,0.88,0.94,0.414,0.12,-0.212
174,8,0.373,0.716,0.707,0.47,0.647,0.404,0.393,0.788
175,8,0.646,0.706,0.414,0.06,0.354,0.394,0.666,1.0
176,,0.636,0.696,0.404,0.05,0.344,0.384,0.656,0.99
177,,0.626,0.686,0.394,0.04,0.334,0.374,0.646,0.98
178,,0.616,0.676,0.384,0.03,0.324,0.364,0.636,0.97
179,,0.606,0.666,0.374,0.02,0.314,0.354,0.626,0.96
180,,0.596,0.656,0.364,0.01,0.304,0.344,0.616,0.95
181,,0.586,0.646,0.354,0.0,0.294,0.334,0.606,0.94
182,,0.576,0.636,0.344,-0.01,0.284,0.324,0.596,0.93
183,4,0.283,0.626,0.617,0.99,0.557,0.314,0.303,0.52
184,4,-0.01,0.616,0.89,1.0,0.83,0.304,0.01,0.11
185,1,0.99,0.889,0.88,0.707,0.42,0.011,0.0,0.383
186,1,1.0,1.0,0.87,0.414,0.01,-0.282,-0.01,0.656
187,6,0.707,0.59,0.577,0.404,0.283,0.718,0.263,0.646
188,6,0.414,0.18,0.284,0.394,0.556,1.0,0.536,0.636
189,,0.404,0.17,0.274,0.384,0.546,0.99,0.526,0.626
190,,0.394,0.16,0.264,0.374,0.536,0.98,0.516,0.616
191,,0.384,0.15,0.254,0.364,0.526,0.97,0.506,0.606
192,,0.374,0.14,0.244,0.354,0.516,0.96,0.496,0.596
193,,0.364,0.13,0.234,0.344,0.506,0.95,0.486,0.586
194,,0.354,0.12,0.224,0.334,0.496,0.94,0.476,0.576
195,,0.344,0.11,0.214,0.324,0.486,0.93,0.466,0.566
196,,0.334,0.1,0.204,0.314,0.476,0.92,0.456,0.556
197,,0.324,0.09,0.194,0.304,0.466,0.91,0.446,0.546
198,,0.314,0.08,0.184,0.294,0.456,0.9,0.436,0.536
199,,0.304,0.07,0.174,0.284,0.446,0.89,0.426,0.526
200,,0.294,0.06,0.164,0.274,0.436,0.88,0.416,0.516
201,,0.284,0.05,0.154,0.264,0.426,0.87,0.406,0.506
202,,0.274,0.04,0.144,0.254,0.416,0.86,0.396,0.496
203,,0.264,0.03,0.134,0.244,0.406,0.85,0.386,0.486
204,,0.254,0.02,0.124,0.234,0.396,0.84,0.376,0.476
205,,0.244,0.01,0.114,0.224,0.386,0.83,0.366,0.466
206,,0.234,0.0,0.104,0.214,0.376,0.82,0.356,0.456
207,,0.224,-0.01,0.094,0.204,0.366,0.81,0.346,0.446
208,2,0.497,0.99,0.367,0.194,0.073,0.4,0.053,0.436
209,2,0.77,1.0,0.64,0.184,-0.22,-0.01,-0.24,0.426
210,7,0.76,0.707,0.23,-0.109,-0.23,0.263,0.76,0.699
211,7,0.75,0.414,-0.18,-0.402,-0.24,0.536,1.0,0.972
212,4,0.457,0.404,0.093,0.598,0.033,0.526,0.707,0.562
213,4,0.164,0.394,0.366,1.0,0.306,0.516,0.414,0.152
214,,0.154,0.384,0.356,0.99,0.296,0.506,0.404,0.142
215,,0.144,0.374,0.346,0.98,0.286,0.496,0.394,0.132
216,,0.134,0.364,0.336,0.97,0.276,0.486,0.384,0.122
217,,0.124,0.354,0.326,0.96,0.266,0.476,0.374,0.112
218,,0.114,0.344,0.316,0.95,0.256,0.466,0.364,0.102
219,,0.104,0.334,0.306,0.94,0.246,0.456,0.354,0.092
220,,0.094,0.324,0.296,0.93,0.236,0.446,0.344,0.082
221,,0.084,0.314,0.286,0.92,0.226,0.436,0.334,0.072
222,,0.074,0.304,0.276,0.91,0.216,0.426,0.324,0.062
223,,0.064,0.294,0.266,0.9,0.206,0.416,0.314,0.052
224,,0.054,0.284,0.256,0.89,0.196,0.406,0.304,0.042
225,,0.044,0.274,0.246,0.88,0.186,0.396,0.294,0.032
226,,0.034,0.264,0.236,0.87,0.176,0.386,0.284,0.022
227,,0.024,0.254,0.226,0.86,0.166,0.376,0.274,0.012
228,,0.014,0.244,0.216,0.85,0.156,0.366,0.264,0.002
229,,0.004,0.234,0.206,0.84,0.146,0.356,0.254,-0.008
230,8,0.277,0.224,-0.087,0.43,-0.147,0.346,0.527,0.992
231,8,0.55,0.214,-0.38,0.02,-0.44,0.336,0.8,1.0
232,5,0.14,-0.079,-0.39,0.293,0.56,0.609,0.79,0.707
233,5,-0.27,-0.372,-0.4,0.566,1.0,0.882,0.78,0.414
234,3,-0.28,-0.099,0.6,0.839,0.99,0.589,0.37,0.121
235,3,-0.29,0.174,1.0,1.0,0.98,0.296,-0.04,-0.172
236,1,0.71,0.447,0.99,0.707,0.57,0.003,-0.05,0.101
237,1,1.0,0.72,0.98,0.414,0.16,-0.29,-0.06,0.374
238,6,0.707,0.31,0.687,0.404,0.433,0.71,0.213,0.364
239,6,0.414,-0.1,0.394,0.394,0.706,1.0,0.486,0.354
240,2,0.687,0.9,0.667,0.384,0.413,0.59,0.193,0.344
241,2,0.96,1.0,0.94,0.374,0.12,0.18,-0.1,0.334
242,7,0.95,0.707,0.53,0.081,0.11,0.453,0.9,0.607
243,7,0.94,0.414,0.12,-0.212,0.1,0.726,1.0,0.88
244,4,0.647,0.404,0.393,0.788,0.373,0.716,0.707,0.47
245,4,0.354,0.394,0.666,1.0,0.646,0.706,0.414,0.06
246,,0.344,0.384,0.656,0.99,0.636,0.696,0.404,0.05
247,,0.334,0.374,0.646,0.98,0.626,0.686,0.394,0.04
248,,0.324,0.364,0.636,0.97,0.616,0.676,0.384,0.03
249,,0.314,0.354,0.626,0.96,0.606,0.666,0.374,0.02
250,,0.304,0.344,0.616,0.95,0.596,0.656,0.364,0.01
251,,0.294,0.334,0.606,0.94,0.586,0.646,0.354,0.0
252,,0.284,0.324,0.596,0.93,0.576,0.636,0.344,-0.01
253,8,0.557,0.314,0.303,0.52,0.283,0.626,0.617,0.99
254,8,0.83,0.304,0.01,0.11,-0.01,0.616,0.89,1.0
255,5,0.42,0.011,0.0,0.383,0.99,0.889,0.88,0.707
256,5,0.01,-0.282,-0.01,0.656,1.0,1.0,0.87,0.414
257,2,0.283,0.718,0.263,0.646,0.707,0.59,0.577,0.404
258,2,0.556,1.0,0.536,0.636,0.414,0.18,0.284,0.394
259,,0.546,0.99,0.526,0.626,0.404,0.17,0.274,0.384
260,,0.536,0.98,0.516,0.616,0.394,0.16,0.264,0.374
261,,0.526,0.97,0.506,0.606,0.384,0.15,0.254,0.364
262,,0.516,0.96,0.496,0.596,0.374,0.14,0.244,0.354
263,,0.506,0.95,0.486,0.586,0.364,0.13,0.234,0.344
264,,0.496,0.94,0.476,0.576,0.354,0.12,0.224,0.334
265,,0.486,0.93,0.466,0.566,0.344,0.11,0.214,0.324
266,,0.476,0.92,0.456,0.556,0.334,0.1,0.204,0.314
267,,0.466,0.91,0.446,0.546,0.324,0.09,0.194,0.304
268,,0.456,0.9,0.436,0.536,0.314,0.08,0.184,0.294
269,,0.446,0.89,0.426,0.526,0.304,0.07,0.174,0.284
270,,0.436,0.88,0.416,0.516,0.294,0.06,0.164,0.274
271,,0.426,0.87,0.406,0.506,0.284,0.05,0.154,0.264
272,,0.416,0.86,0.396,0.496,0.274,0.04,0.144,0.254
273,,0.406,0.85,0.386,0.486,0.264,0.03,0.134,0.244
274,,0.396,0.84,0.376,0.476,0.254,0.02,0.124,0.234
275,,0.386,0.83,0.366,0.466,0.244,0.01,0.114,0.224
276,,0.376,0.82,0.356,0.456,0.234,0.0,0.104,0.214
277,,0.366,0.81,0.346,0.446,0.224,-0.01,0.094,0.204
278,6,0.073,0.4,0.053,0.436,0.497,0.99,0.367,0.194
279,6,-0.22,-0.01,-0.24,0.426,0.77,1.0,0.64,0.184
280,3,-0.23,0.263,0.76,0.699,0.76,0.707,0.23,-0.109
281,3,-0.24,0.536,1.0,0.972,0.75,0.414,-0.18,-0.402
282,8,0.033,0.526,0.707,0.562,0.457,0.404,0.093,0.598
283,8,0.306,0.516,0.414,0.152,0.164,0.394,0.366,1.0
284,,0.296,0.506,0.404,0.142,0.154,0.384,0.356,0.99
285,,0.286,0.496,0.394,0.132,0.144,0.374,0.346,0.98
286,,0.276,0.486,0.384,0.122,0.134,0.364,0.336,0.97
287,,0.266,0.476,0.374,0.112,0.124,0.354,0.326,0.96
288,,0.256,0.466,0.364,0.102,0.114,0.344,0.316,0.95
289,,0.246,0.456,0.354,0.092,0.104,0.334,0.306,0.94
290,,0.236,0.446,0.344,0.082,0.094,0.324,0.296,0.93
291,,0.226,0.436,0.334,0.072,0.084,0.314,0.286,0.92
292,,0.216,0.426,0.324,0.062,0.074,0.304,0.276,0.91
293,,0.206,0.416,0.314,0.052,0.064,0.294,0.266,0.9
294,,0.196,0.406,0.304,0.042,0.054,0.284,0.256,0.89
295,,0.186,0.396,0.294,0.032,0.044,0.274,0.246,0.88
296,,0.176,0.386,0.284,0.022,0.034,0.264,0.236,0.87
297,,0.166,0.376,0.274,0.012,0.024,0.254,0.226,0.86
298,,0.156,0.366,0.264,0.002,0.014,0.244,0.216,0.85
299,,0.146,0.356,0.254,-0.008,0.004,0.234,0.206,0.84
300,4,-0.147,0.346,0.527,0.992,0.277,0.224,-0.087,0.43
301,4,-0.44,0.336,0.8,1.0,0.55,0.214,-0.38,0.02
302,1,0.56,0.609,0.79,0.707,0.14,-0.079,-0.39,0.293
303,1,1.0,0.882,0.78,0.414,-0.27,-0.372,-0.4,0.566
304,7,0.99,0.589,0.37,0.121,-0.28,-0.099,0.6,0.839
305,7,0.98,0.296,-0.04,-0.172,-0.29,0.174,1.0,1.0
306,5,0.57,0.003,-0.05,0.101,0.71,0.447,0.99,0.707
307,5,0.16,-0.29,-0.06,0.374,1.0,0.72,0.98,0.414
308,2,0.433,0.71,0.213,0.364,0.707,0.31,0.687,0.404
309,2,0.706,1.0,0.486,0.354,0.414,-0.1,0.394,0.394
310,6,0.413,0.59,0.193,0.344,0.687,0.9,0.667,0.384
311,6,0.12,0.18,-0.1,0.334,0.96,1.0,0.94,0.374
312,3,0.11,0.453,0.9,0.607,0.95,0.707,0.53,0.081
313,3,0.1,0.726,1.0,0.88,0.94,0.414,0.12,-0.212
314,8,0.373,0.716,0.707,0.47,0.647,0.404,0.393,0.788
315,8,0.646,0.706,0.414,0.06,0.354,0.394,0.666,1.0
316,,0.636,0.696,0.404,0.05,0.344,0.384,0.656,0.99
317,,0.626,0.686,0.394,0.04,0.334,0.374,0.646,0.98
318,,0.616,0.676,0.384,0.03,0.324,0.364,0.636,0.97
319,,0.606,0.666,0.374,0.02,0.314,0.354,0.626,0.96
320,,0.596,0.656,0.364,0.01,0.304,0.344,0.616,0.95
321,,0.586,0.646,0.354,0.0,0.294,0.334,0.606,0.94
322,,0.576,0.636,0.344,-0.01,0.284,0.324,0.596,0.93
323,4,0.283,0.626,0.617,0.99,0.557,0.314,0.303,0.52
324,4,-0.01,0.616,0.89,1.0,0.83,0.304,0.01,0.11
325,1,0.99,0.889,0.88,0.707,0.42,0.011,0.0,0.383
326,1,1.0,1.0,0.87,0.414,0.01,-0.282,-0.01,0.656
327,6,0.707,0.59,0.577,0.404,0.283,0.718,0.263,0.646
328,6,0.414,0.18,0.284,0.394,0.556,1.0,0.536,0.636
329,,0.404,0.17,0.274,0.384,0.546,0.99,0.526,0.626
330,,0.394,0.16,0.264,0.374,0.536,0.98,0.516,0.616
331,,0.384,0.15,0.254,0.364,0.526,0.97,0.506,0.606
332,,0.374,0.14,0.244,0.354,0.516,0.96,0.496,0.596
333,,0.364,0.13,0.234,0.344,0.506,0.95,0.486,0.586
334,,0.354,0.12,0.224,0.334,0.496,0.94,0.476,0.576
335,,0.344,0.11,0.214,0.324,0.486,0.93,0.466,0.566
336,,0.334,0.1,0.204,0.314,0.476,0.92,0.456,0.556
337,,0.324,0.09,0.194,0.304,0.466,0.91,0.446,0.546
338,,0.314,0.08,0.184,0.294,0.456,0.9,0.436,0.536
339,,0.304,0.07,0.174,0.284,0.446,0.89,0.426,0.526
340,,0.294,0.06,0.164,0.274,0.436,0.88,0.416,0.516
341,,0.284,0.05,0.154,0.264,0.426,0.87,0.406,0.506
342,,0.274,0.04,0.144,0.254,0.416,0.86,0.396,0.496
343,,0.264,0.03,0.134,0.244,0.406,0.85,0.386,0.486
344,,0.254,0.02,0.124,0.234,0.396,0.84,0.376,0.476
345,,0.244,0.01,0.114,0.224,0.386,0.83,0.366,0.466
346,,0.234,0.0,0.104,0.214,0.376,0.82,0.356,0.456
347,,0.224,-0.01,0.094,0.204,0.366,0.81,0.346,0.446
348,2,0.497,0.99,0.367,0.194,0.073,0.4,0.053,0.436
349,2,0.77,1.0,0.64,0.184,-0.22,-0.01,-0.24,0.426
350,7,0.76,0.707,0.23,-0.109,-0.23,0.263,0.76,0.699
351,7,0.75,0.414,-0.18,-0.402,-0.24,0.536,1.0,0.972
352,4,0.457,0.404,0.093,0.598,0.033,0.526,0.707,0.562
353,4,0.164,0.394,0.366,1.0,0.306,0.516,0.414,0.152
354,,0.154,0.384,0.356,0.99,0.296,0.506,0.404,0.142
355,,0.144,0.374,0.346,0.98,0.286,0.496,0.394,0.132
356,,0.134,0.364,0.336,0.97,0.276,0.486,0.384,0.122
357,,0.124,0.354,0.326,0.96,0.266,0.476,0.374,0.112
358,,0.114,0.344,0.316,0.95,0.256,0.466,0.364,0.102
359,,0.104,0.334,0.306,0.94,0.246,0.456,0.354,0.092
360,,0.094,0.324,0.296,0.93,0.236,0.446,0.344,0.082
361,,0.084,0.314,0.286,0.92,0.226,0.436,0.334,0.072
362,,0.074,0.304,0.276,0.91,0.216,0.426,0.324,0.062
363,,0.064,0.294,0.266,0.9,0.206,0.416,0.314,0.052
364,,0.054,0.284,0.256,0.89,0.196,0.406,0.304,0.042
365,,0.044,0.274,0.246,0.88,0.186,0.396,0.294,0.032
366,,0.034,0.264,0.236,0.87,0.176,0.386,0.284,0.022
367,,0.024,0.254,0.226,0.86,0.166,0.376,0.274,0.012
368,,0.014,0.244,0.216,0.85,0.156,0.366,0.264,0.002
369,,0.004,0.234,0.206,0.84,0.146,0.356,0.254,-0.008
370,8,0.277,0.224,-0.087,0.43,-0.147,0.346,0.527,0.992
371,8,0.55,0.214,-0.38,0.02,-0.44,0.336,0.8,1.0
372,5,0.14,-0.079,-0.39,0.293,0.56,0.609,0.79,0.707
373,5,-0.27,-0.372,-0.4,0.566,1.0,0.882,0.78,0.414
374,3,-0.28,-0.099,0.6,0.839,0.99,0.589,0.37,0.121
375,3,-0.29,0.174,1.0,1.0,0.98,0.296,-0.04,-0.172
376,1,0.71,0.447,0.99,0.707,0.57,0.003,-0.05,0.101
377,1,1.0,0.72,0.98,0.414,0.16,-0.29,-0.06,0.374
378,6,0.707,0.31,0.687,0.404,0.433,0.71,0.213,0.364
379,6,0.414,-0.1,0.394,0.394,0.706,1.0,0.486,0.354
380,2,0.687,0.9,0.667,0.384,0.413,0.59,0.193,0.344
381,2,0.96,1.0,0.94,0.374,0.12,0.18,-0.1,0.334
382,7,0.95,0.707,0.53,0.081,0.11,0.453,0.9,0.607
383,7,0.94,0.414,0.12,-0.212,0.1,0.726,1.0,0.88
384,4,0.647,0.404,0.393,0.788,0.373,0.716,0.707,0.47
385,4,0.354,0.394,0.666,1.0,0.646,0.706,0.414,0.06
386,,0.344,0.384,0.656,0.99,0.636,0.696,0.404,0.05
387,,0.334,0.374,0.646,0.98,0.626,0.686,0.394,0.04
388,,0.324,0.364,0.636,0.97,0.616,0.676,0.384,0.03
389,,0.314,0.354,0.626,0.96,0.606,0.666,0.374,0.02
390,,0.304,0.344,0.616,0.95,0.596,0.656,0.364,0.01
391,,0.294,0.334,0.606,0.94,0.586,0.646,0.354,0.0
392,,0.284,0.324,0.596,0.93,0.576,0.636,0.344,-0.01
393,8,0.557,0.314,0.303,0.52,0.283,0.626,0.617,0.99
394,8,0.83,0.304,0.01,0.11,-0.01,0.616,0.89,1.0
395,5,0.42,0.011,0.0,0.383,0.99,0.889,0.88,0.707
396,5,0.01,-0.282,-0.01,0.656,1.0,1.0,0.87,0.414
397,2,0.283,0.718,0.263,0.646,0.707,0.59,0.577,0.404
398,2,0.556,1.0,0.536,0.636,0.414,0.18,0.284,0.394
399,,0.546,0.99,0.526,0.626,0.404,0.17,0.274,0.384
400,,0.536,0.98,0.516,0.616,0.394,0.16,0.264,0.374
401,,0.526,0.97,0.506,0.606,0.384,0.15,0.254,0.364
402,,0.516,0.96,0.496,0.596,0.374,0.14,0.244,0.354
403,,0.506,0.95,0.486,0.586,0.364,0.13,0.234,0.344
404,,0.496,0.94,0.476,0.576,0.354,0.12,0.224,0.334
405,,0.486,0.93,0.466,0.566,0.344,0.11,0.214,0.324
406,,0.476,0.92,0.456,0.556,0.334,0.1,0.204,0.314
407,,0.466,0.91,0.446,0.546,0.324,0.09,0.194,0.304
408,,0.456,0.9,0.436,0.536,0.314,0.08,0.184,0.294
409,,0.446,0.89,0.426,0.526,0.304,0.07,0.174,0.284
410,,0.436,0.88,0.416,0.516,0.294,0.06,0.164,0.274
411,,0.426,0.87,0.406,0.506,0.284,0.05,0.154,0.264
412,,0.416,0.86,0.396,0.496,0.274,0.04,0.144,0.254
413,,0.406,0.85,0.386,0.486,0.264,0.03,0.134,0.244
414,,0.396,0.84,0.376,0.476,0.254,0.02,0.124,0.234
415,,0.386,0.83,0.366,0.466,0.244,0.01,0.114,0.224
416,,0.376,0.82,0.356,0.456,0.234,0.0,0.104,0.214
417,,0.366,0.81,0.346,0.446,0.224,-0.01,0.094,0.204
418,6,0.073,0.4,0.053,0.436,0.497,0.99,0.367,0.194
419,6,-0.22,-0.01,-0.24,0.426,0.77,1.0,0.64,0.184
420,3,-0.23,0.263,0.76,0.699,0.76,0.707,0.23,-0.109
421,3,-0.24,0.536,1.0,0.972,0.75,0.414,-0.18,-0.402
422,8,0.033,0.526,0.707,0.562,0.457,0.404,0.093,0.598
423,8,0.306,0.516,0.414,0.152,0.164,0.394,0.366,1.0
424,,0.296,0.506,0.404,0.142,0.154,0.384,0.356,0.99
425,,0.286,0.496,0.394,0.132,0.144,0.374,0.346,0.98
426,,0.276,0.486,0.384,0.122,0.134,0.364,0.336,0.97
427,,0.266,0.476,0.374,0.112,0.124,0.354,0.326,0.96
428,,0.256,0.466,0.364,0.102,0.114,0.344,0.316,0.95
429,,0.246,0.456,0.354,0.092,0.104,0.334,0.306,0.94
430,,0.236,0.446,0.344,0.082,0.094,0.324,0.296,0.93
431,,0.226,0.436,0.334,0.072,0.084,0.314,0.286,0.92
432,,0.216,0.426,0.324,0.062,0.074,0.304,0.276,0.91
433,,0.206,0.416,0.314,0.052,0.064,0.294,0.266,0.9
434,,0.196,0.406,0.304,0.042,0.054,0.284,0.256,0.89
435,,0.186,0.396,0.294,0.032,0.044,0.274,0.246,0.88
436,,0.176,0.386,0.284,0.022,0.034,0.264,0.236,0.87
437,,0.166,0.376,0.274,0.012,0.024,0.254,0.226,0.86
438,,0.156,0.366,0.264,0.002,0.014,0.244,0.216,0.85
439,,0.146,0.356,0.254,-0.008,0.004,0.234,0.206,0.84
440,4,-0.147,0.346,0.527,0.992,0.277,0.224,-0.087,0.43
441,4,-0.44,0.336,0.8,1.0,0.55,0.214,-0.38,0.02
442,1,0.56,0.609,0.79,0.707,0.14,-0.079,-0.39,0.293
443,1,1.0,0.882,0.78,0.414,-0.27,-0.372,-0.4,0.566
444,7,0.99,0.589,0.37,0.121,-0.28,-0.099,0.6,0.839
445,7,0.98,0.296,-0.04,-0.172,-0.29,0.174,1.0,1.0
446,5,0.57,0.003,-0.05,0.101,0.71,0.447,0.99,0.707
447,5,0.16,-0.29,-0.06,0.374,1.0,0.72,0.98,0.414
448,2,0.433,0.71,0.213,0.364,0.707,0.31,0.687,0.404
449,2,0.706,1.0,0.486,0.354,0.414,-0.1,0.394,0.394
450,6,0.413,0.59,0.193,0.344,0.687,0.9,0.667,0.384
451,6,0.12,0.18,-0.1,0.334,0.96,1.0,0.94,0.374
452,3,0.11,0.453,0.9,0.607,0.95,0.707,0.53,0.081
453,3,0.1,0.726,1.0,0.88,0.94,0.414,0.12,-0.212
454,8,0.373,0.716,0.707,0.47,0.647,0.404,0.393,0.788
455,8,0.646,0.706,0.414,0.06,0.354,0.394,0.666,1.0
456,,0.636,0.696,0.404,0.05,0.344,0.384,0.656,0.99
457,,0.626,0.686,0.394,0.04,0.334,0.374,0.646,0.98
458,,0.616,0.676,0.384,0.03,0.324,0.364,0.636,0.97
459,,0.606,0.666,0.374,0.02,0.314,0.354,0.626,0.96
460,,0.596,0.656,0.364,0.01,0.304,0.344,0.616,0.95
461,,0.586,0.646,0.354,0.0,0.294,0.334,0.606,0.94
462,,0.576,0.636,0.344,-0.01,0.284,0.324,0.596,0.93
463,4,0.283,0.626,0.617,0.99,0.557,0.314,0.303,0.52
464,4,-0.01,0.616,0.89,1.0,0.83,0.304,0.01,0.11
465,1,0.99,0.889,0.88,0.707,0.42,0.011,0.0,0.383
466,1,1.0,1.0,0.87,0.414,0.01,-0.282,-0.01,0.656
467,6,0.707,0.59,0.577,0.404,0.283,0.718,0.263,0.646
468,6,0.414,0.18,0.284,0.394,0.556,1.0,0.536,0.636
469,,0.404,0.17,0.274,0.384,0.546,0.99,0.526,0.626
470,,0.394,0.16,0.264,0.374,0.536,0.98,0.516,0.616
471,,0.384,0.15,0.254,0.364,0.526,0.97,0.506,0.606
472,,0.374,0.14,0.244,0.354,0.516,0.96,0.496,0.596
473,,0.364,0.13,0.234,0.344,0.506,0.95,0.486,0.586
474,,0.354,0.12,0.224,0.334,0.496,0.94,0.476,0.576
475,,0.344,0.11,0.214,0.324,0.486,0.93,0.466,0.566
476,,0.334,0.1,0.204,0.314,0.476,0.92,0.456,0.556
477,,0.324,0.09,0.194,0.304,0.466,0.91,0.446,0.546
478,,0.314,0.08,0.184,0.294,0.456,0.9,0.436,0.536
479,,0.304,0.07,0.174,0.284,0.446,0.89,0.426,0.526
480,,0.294,0.06,0.164,0.274,0.436,0.88,0.416,0.516
481,,0.284,0.05,0.154,0.264,0.426,0.87,0.406,0.506
482,,0.274,0.04,0.144,0.254,0.416,0.86,0.396,0.496
483,,0.264,0.03,0.134,0.244,0.406,0.85,0.386,0.486
484,,0.254,0.02,0.124,0.234,0.396,0.84,0.376,0.476
485,,0.244,0.01,0.114,0.224,0.386,0.83,0.366,0.466
486,,0.234,0.0,0.104,0.214,0.376,0.82,0.356,0.456
487,,0.224,-0.01,0.094,0.204,0.366,0.81,0.346,0.446
488,2,0.497,0.99,0.367,0.194,0.073,0.4,0.053,0.436
489,2,0.77,1.0,0.64,0.184,-0.22,-0.01,-0.24,0.426
490,7,0.76,0.707,0.23,-0.109,-0.23,0.263,0.76,0.699
491,7,0.75,0.414,-0.18,-0.402,-0.24,0.536,1.0,0.972
492,4,0.457,0.404,0.093,0.598,0.033,0.526,0.707,0.562
493,4,0.164,0.394,0.366,1.0,0.306,0.516,0.414,0.152
494,,0.154,0.384,0.356,0.99,0.296,0.506,0.404,0.142
495,,0.144,0.374,0.346,0.98,0.286,0.496,0.394,0.132
496,,0.134,0.364,0.336,0.97,0.276,0.486,0.384,0.122
497,,0.124,0.354,0.326,0.96,0.266,0.476,0.374,0.112
498,,0.114,0.344,0.316,0.95,0.256,0.466,0.364,0.102
499,,0.104,0.334,0.306,0.94,0.246,0.456,0.354,0.092
500,,0.094,0.324,0.296,0.93,0.236,0.446,0.344,0.082
501,,0.084,0.314,0.286,0.92,0.226,0.436,0.334,0.072
502,,0.074,0.304,0.276,0.91,0.216,0.426,0.324,0.062
503,,0.064,0.294,0.266,0.9,0.206,0.416,0.314,0.052
504,,0.054,0.284,0.256,0.89,0.196,0.406,0.304,0.042
505,,0.044,0.274,0.246,0.88,0.186,0.396,0.294,0.032
506,,0.034,0.264,0.236,0.87,0.176,0.386,0.284,0.022
507,,0.024,0.254,0.226,0.86,0.166,0.376,0.274,0.012
508,,0.014,0.244,0.216,0.85,0.156,0.366,0.264,0.002
509,,0.004,0.234,0.206,0.84,0.146,0.356,0.254,-0.008
510,8,0.277,0.224,-0.087,0.43,-0.147,0.346,0.527,0.992
511,8,0.55,0.214,-0.38,0.02,-0.44,0.336,0.8,1.0
512,5,0.14,-0.079,-0.39,0.293,0.56,0.609,0.79,0.707
513,5,-0.27,-0.372,-0.4,0.566,1.0,0.882,0.78,0.414
514,3,-0.28,-0.099,0.6,0.839,0.99,0.589,0.37,0.121
515,3,-0.29,0.174,1.0,1.0,0.98,0.296,-0.04,-0.172
516,1,0.71,0.447,0.99,0.707,0.57,0.003,-0.05,0.101
517,1,1.0,0.72,0.98,0.414,0.16,-0.29,-0.06,0.374
518,6,0.707,0.31,0.687,0.404,0.433,0.71,0.213,0.364
519,6,0.414,-0.1,0.394,0.394,0.706,1.0,0.486,0.354
520,2,0.687,0.9,0.667,0.384,0.413,0.59,0.193,0.344
521,2,0.96,1.0,0.94,0.374,0.12,0.18,-0.1,0.334
522,7,0.95,0.707,0.53,0.081,0.11,0.453,0.9,0.607
523,7,0.94,0.414,0.12,-0.212,0.1,0.726,1.0,0.88
524,4,0.647,0.404,0.393,0.788,0.373,0.716,0.707,0.47
525,4,0.354,0.394,0.666,1.0,0.646,0.706,0.414,0.06
526,,0.344,0.384,0.656,0.99,0.636,0.696,0.404,0.05
527,,0.334,0.374,0.646,0.98,0.626,0.686,0.394,0.04
528,,0.324,0.364,0.636,0.97,0.616,0.676,0.384,0.03
529,,0.314,0.354,0.626,0.96,0.606,0.666,0.374,0.02
530,,0.304,0.344,0.616,0.95,0.596,0.656,0.364,0.01
531,,0.294,0.334,0.606,0.94,0.586,0.646,0.354,0.0
532,,0.284,0.324,0.596,0.93,0.576,0.636,0.344,-0.01
533,8,0.557,0.314,0.303,0.52,0.283,0.626,0.617,0.99
534,8,0.83,0.304,0.01,0.11,-0.01,0.616,0.89,1.0
535,5,0.42,0.011,0.0,0.383,0.99,0.889,0.88,0.707
536,5,0.01,-0.282,-0.01,0.656,1.0,1.0,0.87,0.414
537,2,0.283,0.718,0.263,0.646,0.707,0.59,0.577,0.404
538,2,0.556,1.0,0.536,0.636,0.414,0.18,0.284,0.394
539,,0.546,0.99,0.526,0.626,0.404,0.17,0.274,0.384
540,,0.536,0.98,0.516,0.616,0.394,0.16,0.264,0.374
541,,0.526,0.97,0.506,0.606,0.384,0.15,0.254,0.364
542,,0.516,0.96,0.496,0.596,0.374,0.14,0.244,0.354
543,,0.506,0.95,0.486,0.586,0.364,0.13,0.234,0.344
544,,0.496,0.94,0.476,0.576,0.354,0.12,0.224,0.334
545,,0.486,0.93,0.466,0.566,0.344,0.11,0.214,0.324
546,,0.476,0.92,0.456,0.556,0.334,0.1,0.204,0.314
547,,0.466,0.91,0.446,0.546,0.324,0.09,0.194,0.304
548,,0.456,0.9,0.436,0.536,0.314,0.08,0.184,0.294
549,,0.446,0.89,0.426,0.526,0.304,0.07,0.174,0.284
550,,0.436,0.88,0.416,0.516,0.294,0.06,0.164,0.274
551,,0.426,0.87,0.406,0.506,0.284,0.05,0.154,0.264
552,,0.416,0.86,0.396,0.496,0.274,0.04,0.144,0.254
553,,0.406,0.85,0.386,0.486,0.264,0.03,0.134,0.244
554,,0.396,0.84,0.376,0.476,0.254,0.02,0.124,0.234
555,,0.386,0.83,0.366,0.466,0.244,0.01,0.114,0.224
556,,0.376,0.82,0.356,0.456,0.234,0.0,0.104,0.214
557,,0.366,0.81,0.346,0.446,0.224,-0.01,0.094,0.204
558,6,0.073,0.4,0.053,0.436,0.497,0.99,0.367,0.194
559,6,-0.22,-0.01,-0.24,0.426,0.77,1.0,0.64,0.184
560,3,-0.23,0.263,0.76,0.699,0.76,0.707,0.23,-0.109
561,3,-0.24,0.536,1.0,0.972,0.75,0.414,-0.18,-0.402
562,8,0.033,0.526,0.707,0.562,0.457,0.404,0.093,0.598
563,8,0.306,0.516,0.414,0.152,0.164,0.394,0.366,1.0
564,,0.296,0.506,0.404,0.142,0.154,0.384,0.356,0.99
565,,0.286,0.496,0.394,0.132,0.144,0.374,0.346,0.98
566,,0.276,0.486,0.384,0.122,0.134,0.364,0.336,0.97
567,,0.266,0.476,0.374,0.112,0.124,0.354,0.326,0.96
568,,0.256,0.466,0.364,0.102,0.114,0.344,0.316,0.95
569,,0.246,0.456,0.354,0.092,0.104,0.334,0.306,0.94
570,,0.236,0.446,0.344,0.082,0.094,0.324,0.296,0.93
571,,0.226,0.436,0.334,0.072,0.084,0.314,0.286,0.92
572,,0.216,0.426,0.324,0.062,0.074,0.304,0.276,0.91
573,,0.206,0.416,0.314,0.052,0.064,0.294,0.266,0.9
574,,0.196,0.406,0.304,0.042,0.054,0.284,0.256,0.89
575,,0.186,0.396,0.294,0.032,0.044,0.274,0.246,0.88
576,,0.176,0.386,0.284,0.022,0.034,0.264,0.236,0.87
577,,0.166,0.376,0.274,0.012,0.024,0.254,0.226,0.86
578,,0.156,0.366,0.264,0.002,0.014,0.244,0.216,0.85
579,,0.146,0.356,0.254,-0.008,0.004,0.234,0.206,0.84
580,4,-0.147,0.346,0.527,0.992,0.277,0.224,-0.087,0.43
581,4,-0.44,0.336,0.8,1.0,0.55,0.214,-0.38,0.02
582,1,0.56,0.609,0.79,0.707,0.14,-0.079,-0.39,0.293
583,1,1.0,0.882,0.78,0.414,-0.27,-0.372,-0.4,0.566
584,7,0.99,0.589,0.37,0.121,-0.28,-0.099,0.6,0.839
585,7,0.98,0.296,-0.04,-0.172,-0.29,0.174,1.0,1.0
586,5,0.57,0.003,-0.05,0.101,0.71,0.447,0.99,0.707
587,5,0.16,-0.29,-0.06,0.374,1.0,0.72,0.98,0.414
588,2,0.433,0.71,0.213,0.364,0.707,0.31,0.687,0.404
589,2,0.706,1.0,0.486,0.354,0.414,-0.1,0.394,0.394
590,6,0.413,0.59,0.193,0.344,0.687,0.9,0.667,0.384
591,6,0.12,0.18,-0.1,0.334,0.96,1.0,0.94,0.374
592,3,0.11,0.453,0.9,0.607,0.95,0.707,0.53,0.081
593,3,0.1,0.726,1.0,0.88,0.94,0.414,0.12,-0.212
594,8,0.373,0.716,0.707,0.47,0.647,0.404,0.393,0.788
595,8,0.646,0.706,0.414,0.06,0.354,0.394,0.666,1.0
596,,0.636,0.696,0.404,0.05,0.344,0.384,0.656,0.99
597,,0.626,0.686,0.394,0.04,0.334,0.374,0.646,0.98
598,,0.616,0.676,0.384,0.03,0.324,0.364,0.636,0.97
599,,0.606,0.666,0.374,0.02,0.314,0.354,0.626,0.96
600,,0.596,0.656,0.364,0.01,0.304,0.344,0.616,0.95
601,,0.586,0.646,0.354,0.0,0.294,0.334,0.606,0.94
602,,0.576,0.636,0.344,-0.01,0.284,0.324,0.596,0.93
603,4,0.283,0.626,0.617,0.99,0.557,0.314,0.303,0.52
604,4,-0.01,0.616,0.89,1.0,0.83,0.304,0.01,0.11
605,1,0.99,0.889,0.88,0.707,0.42,0.011,0.0,0.383
606,1,1.0,1.0,0.87,0.414,0.01,-0.282,-0.01,0.656
607,6,0.707,0.59,0.577,0.404,0.283,0.718,0.263,0.646
608,6,0.414,0.18,0.284,0.394,0.556,1.0,0.536,0.636
609,,0.404,0.17,0.274,0.384,0.546,0.99,0.526,0.626
610,,0.394,0.16,0.264,0.374,0.536,0.98,0.516,0.616
611,,0.384,0.15,0.254,0.364,0.526,0.97,0.506,0.606
612,,0.374,0.14,0.244,0.354,0.516,0.96,0.496,0.596
613,,0.364,0.13,0.234,0.344,0.506,0.95,0.486,0.586
614,,0.354,0.12,0.224,0.334,0.496,0.94,0.476,0.576
615,,0.344,0.11,0.214,0.324,0.486,0.93,0.466,0.566
616,,0.334,0.1,0.204,0.314,0.476,0.92,0.456,0.556
617,,0.324,0.09,0.194,0.304,0.466,0.91,0.446,0.546
618,,0.314,0.08,0.184,0.294,0.456,0.9,0.436,0.536
619,,0.304,0.07,0.174,0.284,0.446,0.89,0.426,0.526
620,,0.294,0.06,0.164,0.274,0.436,0.88,0.416,0.516
621,,0.284,0.05,0.154,0.264,0.426,0.87,0.406,0.506
622,,0.274,0.04,0.144,0.254,0.416,0.86,0.396,0.496
623,,0.264,0.03,0.134,0.244,0.406,0.85,0.386,0.486
624,,0.254,0.02,0.124,0.234,0.396,0.84,0.376,0.476
625,,0.244,0.01,0.114,0.224,0.386,0.83,0.366,0.466
626,,0.234,0.0,0.104,0.214,0.376,0.82,0.356,0.456
627,,0.224,-0.01,0.094,0.204,0.366,0.81,0.346,0.446
628,2,0.497,0.99,0.367,0.194,0.073,0.4,0.053,0.436
629,2,0.77,1.0,0.64,0.184,-0.22,-0.01,-0.24,0.426
630,7,0.76,0.707,0.23,-0.109,-0.23,0.263,0.76,0.699
631,7,0.75,0.414,-0.18,-0.402,-0.24,0.536,1.0,0.972
632,4,0.457,0.404,0.093,0.598,0.033,0.526,0.707,0.562
633,4,0.164,0.394,0.366,1.0,0.306,0.516,0.414,0.152
634,,0.154,0.384,0.356,0.99,0.296,0.506,0.404,0.142
635,,0.144,0.374,0.346,0.98,0.286,0.496,0.394,0.132
636,,0.134,0.364,0.336,0.97,0.276,0.486,0.384,0.122
637,,0.124,0.354,0.326,0.96,0.266,0.476,0.374,0.112
638,,0.114,0.344,0.316,0.95,0.256,0.466,0.364,0.102
639,,0.104,0.334,0.306,0.94,0.246,0.456,0.354,0.092
640,,0.094,0.324,0.296,0.93,0.236,0.446,0.344,0.082
641,,0.084,0.314,0.286,0.92,0.226,0.436,0.334,0.072
642,,0.074,0.304,0.276,0.91,0.216,0.426,0.324,0.062
643,,0.064,0.294,0.266,0.9,0.206,0.416,0.314,0.052
644,,0.054,0.284,0.256,0.89,0.196,0.406,0.304,0.042
645,,0.044,0.274,0.246,0.88,0.186,0.396,0.294,0.032
646,,0.034,0.264,0.236,0.87,0.176,0.386,0.284,0.022
647,,0.024,0.254,0.226,0.86,0.166,0.376,0.274,0.012
648,,0.014,0.244,0.216,0.85,0.156,0.366,0.264,0.002
649,,0.004,0.234,0.206,0.84,0.146,0.356,0.254,-0.008
650,8,0.277,0.224,-0.087,0.43,-0.147,0.346,0.527,0.992
651,8,0.55,0.214,-0.38,0.02,-0.44,0.336,0.8,1.0
652,5,0.14,-0.079,-0.39,0.293,0.56,0.609,0.79,0.707
653,5,-0.27,-0.372,-0.4,0.566,1.0,0.882,0.78,0.414
654,3,-0.28,-0.099,0.6,0.839,0.99,0.589,0.37,0.121
655,3,-0.29,0.174,1.0,1.0,0.98,0.296,-0.04,-0.172
656,1,0.71,0.447,0.99,0.707,0.57,0.003,-0.05,0.101
657,1,1.0,0.72,0.98,0.414,0.16,-0.29,-0.06,0.374
658,6,0.707,0.31,0.687,0.404,0.433,0.71,0.213,0.364
659,6,0.414,-0.1,0.394,0.394,0.706,1.0,0.486,0.354
660,2,0.687,0.9,0.667,0.384,0.413,0.59,0.193,0.344
661,2,0.96,1.0,0.94,0.374,0.12,0.18,-0.1,0.334
662,7,0.95,0.707,0.53,0.081,0.11,0.453,0.9,0.607
663,7,0.94,0.414,0.12,-0.212,0.1,0.726,1.0,0.88
664,4,0.647,0.404,0.393,0.788,0.373,0.716,0.707,0.47
665,4,0.354,0.394,0.666,1.0,0.646,0.706,0.414,0.06
666,,0.344,0.384,0.656,0.99,0.636,0.696,0.404,0.05
667,,0.334,0.374,0.646,0.98,0.626,0.686,0.394,0.04
668,,0.324,0.364,0.636,0.97,0.616,0.676,0.384,0.03
669,,0.314,0.354,0.626,0.96,0.606,0.666,0.374,0.02
670,,0.304,0.344,0.616,0.95,0.596,0.656,0.364,0.01
671,,0.294,0.334,0.606,0.94,0.586,0.646,0.354,0.0
672,,0.284,0.324,0.596,0.93,0.576,0.636,0.344,-0.01
673,8,0.557,0.314,0.303,0.52,0.283,0.626,0.617,0.99
674,8,0.83,0.304,0.01,0.11,-0.01,0.616,0.89,1.0
675,5,0.42,0.011,0.0,0.383,0.99,0.889,0.88,0.707
676,5,0.01,-0.282,-0.01,0.656,1.0,1.0,0.87,0.414
677,2,0.283,0.718,0.263,0.646,0.707,0.59,0.577,0.404
678,2,0.556,1.0,0.536,0.636,0.414,0.18,0.284,0.394
679,,0.546,0.99,0.526,0.626,0.404,0.17,0.274,0.384
680,,0.536,0.98,0.516,0.616,0.394,0.16,0.264,0.374
681,,0.526,0.97,0.506,0.606,0.384,0.15,0.254,0.364
682,,0.516,0.96,0.496,0.596,0.374,0.14,0.244,0.354
683,,0.506,0.95,0.486,0.586,0.364,0.13,0.234,0.344
684,,0.496,0.94,0.476,0.576,0.354,0.12,0.224,0.334
685,,0.486,0.93,0.466,0.566,0.344,0.11,0.214,0.324
686,,0.476,0.92,0.456,0.556,0.334,0.1,0.204,0.314
687,,0.466,0.91,0.446,0.546,0.324,0.09,0.194,0.304
688,,0.456,0.9,0.436,0.536,0.314,0.08,0.184,0.294
689,,0.446,0.89,0.426,0.526,0.304,0.07,0.174,0.284
690,,0.436,0.88,0.416,0.516,0.294,0.06,0.164,0.274
691,,0.426,0.87,0.406,0.506,0.284,0.05,0.154,0.264
692,,0.416,0.86,0.396,0.496,0.274,0.04,0.144,0.254
693,,0.406,0.85,0.386,0.486,0.264,0.03,0.134,0.244
694,,0.396,0.84,0.376,0.476,0.254,0.02,0.124,0.234
695,,0.386,0.83,0.366,0.466,0.244,0.01,0.114,0.224
696,,0.376,0.82,0.356,0.456,0.234,0.0,0.104,0.214
697,,0.366,0.81,0.346,0.446,0.224,-0.01,0.094,0.204
698,6,0.073,0.4,0.053,0.436,0.497,0.99,0.367,0.194
699,6,-0.22,-0.01,-0.24,0.426,0.77,1.0,0.64,0.184
700,3,-0.23,0.263,0.76,0.699,0.76,0.707,0.23,-0.109
701,3,-0.24,0.536,1.0,0.972,0.75,0.414,-0.18,-0.402
702,8,0.033,0.526,0.707,0.562,0.457,0.404,0.093,0.598
703,8,0.306,0.516,0.414,0.152,0.164,0.394,0.366,1.0
704,,0.296,0.506,0.404,0.142,0.154,0.384,0.356,0.99
705,,0.286,0.496,0.394,0.132,0.144,0.374,0.346,0.98
706,,0.276,0.486,0.384,0.122,0.134,0.364,0.336,0.97
707,,0.266,0.476,0.374,0.112,0.124,0.354,0.326,0.96
708,,0.256,0.466,0.364,0.102,0.114,0.344,0.316,0.95
709,,0.246,0.456,0.354,0.092,0.104,0.334,0.306,0.94
710,,0.236,0.446,0.344,0.082,0.094,0.324,0.296,0.93
711,,0.226,0.436,0.334,0.072,0.084,0.314,0.286,0.92
712,,0.216,0.426,0.324,0.062,0.074,0.304,0.276,0.91
713,,0.206,0.416,0.314,0.052,0.064,0.294,0.266,0.9
714,,0.196,0.406,0.304,0.042,0.054,0.284,0.256,0.89
715,,0.186,0.396,0.294,0.032,0.044,0.274,0.246,0.88
716,,0.176,0.386,0.284,0.022,0.034,0.264,0.236,0.87
717,,0.166,0.376,0.274,0.012,0.024,0.254,0.226,0.86
718,,0.156,0.366,0.264,0.002,0.014,0.244,0.216,0.85
719,,0.146,0.356,0.254,-0.008,0.004,0.234,0.206,0.84
720,4,-0.147,0.346,0.527,0.992,0.277,0.224,-0.087,0.43
721,4,-0.44,0.336,0.8,1.0,0.55,0.214,-0.38,0.02
722,1,0.56,0.609,0.79,0.707,0.14,-0.079,-0.39,0.293
723,1,1.0,0.882,0.78,0.414,-0.27,-0.372,-0.4,0.566
724,7,0.99,0.589,0.37,0.121,-0.28,-0.099,0.6,0.839
725,7,0.98,0.296,-0.04,-0.172,-0.29,0.174,1.0,1.0
726,5,0.57,0.003,-0.05,0.101,0.71,0.447,0.99,0.707
727,5,0.16,-0.29,-0.06,0.374,1.0,0.72,0.98,0.414
728,2,0.433,0.71,0.213,0.364,0.707,0.31,0.687,0.404
729,2,0.706,1.0,0.486,0.354,0.414,-0.1,0.394,0.394
730,6,0.413,0.59,0.193,0.344,0.687,0.9,0.667,0.384
731,6,0.12,0.18,-0.1,0.334,0.96,1.0,0.94,0.374
732,3,0.11,0.453,0.9,0.607,0.95,0.707,0.53,0.081
733,3,0.1,0.726,1.0,0.88,0.94,0.414,0.12,-0.212
734,8,0.373,0.716,0.707,0.47,0.647,0.404,0.393,0.788
735,8,0.646,0.706,0.414,0.06,0.354,0.394,0.666,1.0
736,,0.636,0.696,0.404,0.05,0.344,0.384,0.656,0.99
737,,0.626,0.686,0.394,0.04,0.334,0.374,0.646,0.98
738,,0.616,0.676,0.384,0.03,0.324,0.364,0.636,0.97
739,,0.606,0.666,0.374,0.02,0.314,0.354,0.626,0.96
740,,0.596,0.656,0.364,0.01,0.304,0.344,0.616,0.95
741,,0.586,0.646,0.354,0.0,0.294,0.334,0.606,0.94
742,,0.576,0.636,0.344,-0.01,0.284,0.324,0.596,0.93
743,4,0.283,0.626,0.617,0.99,0.557,0.314,0.303,0.52
744,4,-0.01,0.616,0.89,1.0,0.83,0.304,0.01,0.11
745,1,0.99,0.889,0.88,0.707,0.42,0.011,0.0,0.383
746,1,1.0,1.0,0.87,0.414,0.01,-0.282,-0.01,0.656
747,6,0.707,0.59,0.577,0.404,0.283,0.718,0.263,0.646
748,6,0.414,0.18,0.284,0.394,0.556,1.0,0.536,0.636
749,,0.404,0.17,0.274,0.384,0.546,0.99,0.526,0.626
750,,0.394,0.16,0.264,0.374,0.536,0.98,0.516,0.616
751,,0.384,0.15,0.254,0.364,0.526,0.97,0.506,0.606
752,,0.374,0.14,0.244,0.354,0.516,0.96,0.496,0.596
753,,0.364,0.13,0.234,0.344,0.506,0.95,0.486,0.586
754,,0.354,0.12,0.224,0.334,0.496,0.94,0.476,0.576
755,,0.344,0.11,0.214,0.324,0.486,0.93,0.466,0.566
756,,0.334,0.1,0.204,0.314,0.476,0.92,0.456,0.556
757,,0.324,0.09,0.194,0.304,0.466,0.91,0.446,0.546
758,,0.314,0.08,0.184,0.294,0.456,0.9,0.436,0.536
759,,0.304,0.07,0.174,0.284,0.446,0.89,0.426,0.526
760,,0.294,0.06,0.164,0.274,0.436,0.88,0.416,0.516
761,,0.284,0.05,0.154,0.264,0.426,0.87,0.406,0.506
762,,0.274,0.04,0.144,0.254,0.416,0.86,0.396,0.496
763,,0.264,0.03,0.134,0.244,0.406,0.85,0.386,0.486
764,,0.254,0.02,0.124,0.234,0.396,0.84,0.376,0.476
765,,0.244,0.01,0.114,0.224,0.386,0.83,0.366,0.466
766,,0.234,0.0,0.104,0.214,0.376,0.82,0.356,0.456
767,,0.224,-0.01,0.094,0.204,0.366,0.81,0.346,0.446
768,2,0.497,0.99,0.367,0.194,0.073,0.4,0.053,0.436
769,2,0.77,1.0,0.64,0.184,-0.22,-0.01,-0.24,0.426
770,7,0.76,0.707,0.23,-0.109,-0.23,0.263,0.76,0.699
