step,active_motive,motive_1,motive_2,motive_3,motive_4,motive_5,motive_6,motive_7,motive_8
0,,0.07698,0.28975,0.16122,0.9297,0.80812,0.6334,0.87146,0.80367
1,,0.06698,0.27975,0.15122,0.9197,0.79812,0.6234,0.86146,0.79367
2,,0.05698,0.26975,0.14122,0.9097,0.78812,0.6134,0.85146,0.78367
3,,0.04698,0.25975,0.13122,0.8997,0.77812,0.6034,0.84146,0.77367
4,,0.03698,0.24975,0.12122,0.8897,0.76812,0.5934,0.83146,0.76367
5,,0.02698,0.23975,0.11122,0.8797,0.75812,0.5834,0.82146,0.75367
6,,0.01698,0.22975,0.10122,0.8697,0.74812,0.5734,0.81146,0.74367
7,,0.00698,0.21975,0.09122,0.8597,0.73812,0.5634,0.80146,0.73367
8,,-0.00302,0.20975,0.08122,0.8497,0.72812,0.5534,0.79146,0.72367
9,1,0.99698,0.48275,0.07122,0.5567,0.31812,0.2604,0.78146,0.99667
10,1,1.0,0.75575,0.06122,0.2637,-0.09188,-0.0326,0.77146,1.0
11,5,0.59,0.46275,0.05122,0.5367,0.90812,0.2404,0.76146,0.707
12,5,0.18,0.16975,0.04122,0.8097,1.0,0.5134,0.75146,0.414
13,,0.17,0.15975,0.03122,0.7997,0.99,0.5034,0.74146,0.404
14,,0.16,0.14975,0.02122,0.7897,0.98,0.4934,0.73146,0.394
15,,0.15,0.13975,0.01122,0.7797,0.97,0.4834,0.72146,0.384
16,,0.14,0.12975,0.00122,0.7697,0.96,0.4734,0.71146,0.374
17,,0.13,0.11975,-0.00878,0.7597,0.95,0.4634,0.70146,0.364
18,3,0.12,0.39275,0.99122,1.0,0.94,0.1704,0.29146,0.071
19,3,0.11,0.66575,1.0,1.0,0.93,-0.1226,-0.11854,-0.222
20,8,0.383,0.65575,0.707,0.59,0.637,-0.1326,0.15446,0.778
21,8,0.656,0.64575,0.414,0.18,0.344,-0.1426,0.42746,1.0
22,6,0.363,0.23575,0.121,0.17,0.617,0.8574,0.70046,0.99
23,6,0.07,-0.17425,-0.172,0.16,0.89,1.0,0.97346,0.98
24,2,0.343,0.82575,0.101,0.15,0.597,0.59,0.68046,0.97
25,2,0.616,1.0,0.374,0.14,0.304,0.18,0.38746,0.96
26,,0.606,0.99,0.364,0.13,0.294,0.17,0.37746,0.95
27,,0.596,0.98,0.354,0.12,0.284,0.16,0.36746,0.94
28,,0.586,0.97,0.344,0.11,0.274,0.15,0.35746,0.93
29,,0.576,0.96,0.334,0.1,0.264,0.14,0.34746,0.92
30,,0.566,0.95,0.324,0.09,0.254,0.13,0.33746,0.91
31,,0.556,0.94,0.314,0.08,0.244,0.12,0.32746,0.9
32,,0.546,0.93,0.304,0.07,0.234,0.11,0.31746,0.89
33,,0.536,0.92,0.294,0.06,0.224,0.1,0.30746,0.88
34,,0.526,0.91,0.284,0.05,0.214,0.09,0.29746,0.87
35,,0.516,0.9,0.274,0.04,0.204,0.08,0.28746,0.86
36,,0.506,0.89,0.264,0.03,0.194,0.07,0.27746,0.85
37,,0.496,0.88,0.254,0.02,0.184,0.06,0.26746,0.84
38,,0.486,0.87,0.244,0.01,0.174,0.05,0.25746,0.83
39,,0.476,0.86,0.234,0.0,0.164,0.04,0.24746,0.82
40,,0.466,0.85,0.224,-0.01,0.154,0.03,0.23746,0.81
41,4,0.173,0.84,0.497,0.99,0.427,0.02,-0.05554,0.4
42,4,-0.12,0.83,0.77,1.0,0.7,0.01,-0.34854,-0.01
43,7,-0.13,0.537,0.36,0.707,0.69,0.283,0.65146,0.263
44,7,-0.14,0.244,-0.05,0.414,0.68,0.556,1.0,0.536
45,1,0.86,0.517,-0.06,0.121,0.27,0.263,0.99,0.809
46,1,1.0,0.79,-0.07,-0.172,-0.14,-0.03,0.98,1.0
47,4,0.707,0.78,0.203,0.828,0.133,-0.04,0.687,0.59
48,4,0.414,0.77,0.476,1.0,0.406,-0.05,0.394,0.18
49,6,0.121,0.36,0.183,0.99,0.679,0.95,0.667,0.17
50,6,-0.172,-0.05,-0.11,0.98,0.952,1.0,0.94,0.16
51,1,0.828,0.223,-0.12,0.687,0.542,0.707,0.93,0.433
52,1,1.0,0.496,-0.13,0.394,0.132,0.414,0.92,0.706
53,3,0.99,0.769,0.87,0.667,0.122,0.121,0.51,0.413
54,3,0.98,1.0,1.0,0.94,0.112,-0.172,0.1,0.12
55,6,0.687,0.59,0.707,0.93,0.385,0.828,0.373,0.11
56,6,0.394,0.18,0.414,0.92,0.658,1.0,0.646,0.1
57,,0.384,0.17,0.404,0.91,0.648,0.99,0.636,0.09
58,,0.374,0.16,0.394,0.9,0.638,0.98,0.626,0.08
59,,0.364,0.15,0.384,0.89,0.628,0.97,0.616,0.07
60,,0.354,0.14,0.374,0.88,0.618,0.96,0.606,0.06
61,,0.344,0.13,0.364,0.87,0.608,0.95,0.596,0.05
62,,0.334,0.12,0.354,0.86,0.598,0.94,0.586,0.04
63,,0.324,0.11,0.344,0.85,0.588,0.93,0.576,0.03
64,,0.314,0.1,0.334,0.84,0.578,0.92,0.566,0.02
65,,0.304,0.09,0.324,0.83,0.568,0.91,0.556,0.01
66,,0.294,0.08,0.314,0.82,0.558,0.9,0.546,0.0
67,,0.284,0.07,0.304,0.81,0.548,0.89,0.536,-0.01
68,8,0.557,0.06,0.011,0.4,0.255,0.88,0.809,0.99
69,8,0.83,0.05,-0.282,-0.01,-0.038,0.87,1.0,1.0
70,3,0.82,0.323,0.718,0.263,-0.048,0.577,0.59,0.707
71,3,0.81,0.596,1.0,0.536,-0.058,0.284,0.18,0.414
72,5,0.4,0.303,0.99,0.809,0.942,0.557,0.17,0.121
73,5,-0.01,0.01,0.98,1.0,1.0,0.83,0.16,-0.172
74,8,0.263,0.0,0.687,0.59,0.707,0.82,0.433,0.828
75,8,0.536,-0.01,0.394,0.18,0.414,0.81,0.706,1.0
76,2,0.809,0.99,0.667,0.17,0.121,0.4,0.413,0.99
77,2,1.0,1.0,0.94,0.16,-0.172,-0.01,0.12,0.98
78,5,0.59,0.707,0.93,0.433,0.828,0.263,0.11,0.687
79,5,0.18,0.414,0.92,0.706,1.0,0.536,0.1,0.394
80,,0.17,0.404,0.91,0.696,0.99,0.526,0.09,0.384
81,,0.16,0.394,0.9,0.686,0.98,0.516,0.08,0.374
82,,0.15,0.384,0.89,0.676,0.97,0.506,0.07,0.364
83,,0.14,0.374,0.88,0.666,0.96,0.496,0.06,0.354
84,,0.13,0.364,0.87,0.656,0.95,0.486,0.05,0.344
85,,0.12,0.354,0.86,0.646,0.94,0.476,0.04,0.334
86,,0.11,0.344,0.85,0.636,0.93,0.466,0.03,0.324
87,,0.1,0.334,0.84,0.626,0.92,0.456,0.02,0.314
88,,0.09,0.324,0.83,0.616,0.91,0.446,0.01,0.304
89,,0.08,0.314,0.82,0.606,0.9,0.436,0.0,0.294
90,,0.07,0.304,0.81,0.596,0.89,0.426,-0.01,0.284
91,7,0.06,0.011,0.4,0.303,0.88,0.699,0.99,0.557
92,7,0.05,-0.282,-0.01,0.01,0.87,0.972,1.0,0.83
93,2,0.323,0.718,0.263,0.0,0.577,0.562,0.707,0.82
94,2,0.596,1.0,0.536,-0.01,0.284,0.152,0.414,0.81
95,4,0.303,0.99,0.809,0.99,0.557,0.142,0.121,0.4
96,4,0.01,0.98,1.0,1.0,0.83,0.132,-0.172,-0.01
97,7,0.0,0.687,0.59,0.707,0.82,0.405,0.828,0.263
98,7,-0.01,0.394,0.18,0.414,0.81,0.678,1.0,0.536
99,1,0.99,0.667,0.17,0.121,0.4,0.385,0.99,0.809
100,1,1.0,0.94,0.16,-0.172,-0.01,0.092,0.98,1.0
101,4,0.707,0.93,0.433,0.828,0.263,0.082,0.687,0.59
102,4,0.414,0.92,0.706,1.0,0.536,0.072,0.394,0.18
103,,0.404,0.91,0.696,0.99,0.526,0.062,0.384,0.17
104,,0.394,0.9,0.686,0.98,0.516,0.052,0.374,0.16
105,,0.384,0.89,0.676,0.97,0.506,0.042,0.364,0.15
106,,0.374,0.88,0.666,0.96,0.496,0.032,0.354,0.14
107,,0.364,0.87,0.656,0.95,0.486,0.022,0.344,0.13
108,,0.354,0.86,0.646,0.94,0.476,0.012,0.334,0.12
109,,0.344,0.85,0.636,0.93,0.466,0.002,0.324,0.11
110,,0.334,0.84,0.626,0.92,0.456,-0.008,0.314,0.1
111,6,0.041,0.43,0.333,0.91,0.729,0.992,0.587,0.09
112,6,-0.252,0.02,0.04,0.9,1.0,1.0,0.86,0.08
113,1,0.748,0.293,0.03,0.607,0.59,0.707,0.85,0.353
114,1,1.0,0.566,0.02,0.314,0.18,0.414,0.84,0.626
115,,0.99,0.556,0.01,0.304,0.17,0.404,0.83,0.616
116,,0.98,0.546,0.0,0.294,0.16,0.394,0.82,0.606
117,,0.97,0.536,-0.01,0.284,0.15,0.384,0.81,0.596
118,3,0.96,0.809,0.99,0.557,0.14,0.091,0.4,0.303
119,3,0.95,1.0,1.0,0.83,0.13,-0.202,-0.01,0.01
120,6,0.657,0.59,0.707,0.82,0.403,0.798,0.263,0.0
121,6,0.364,0.18,0.414,0.81,0.676,1.0,0.536,-0.01
122,8,0.637,0.17,0.121,0.4,0.383,0.99,0.809,0.99
123,8,0.91,0.16,-0.172,-0.01,0.09,0.98,1.0,1.0
124,3,0.9,0.433,0.828,0.263,0.08,0.687,0.59,0.707
125,3,0.89,0.706,1.0,0.536,0.07,0.394,0.18,0.414
126,,0.88,0.696,0.99,0.526,0.06,0.384,0.17,0.404
127,,0.87,0.686,0.98,0.516,0.05,0.374,0.16,0.394
128,,0.86,0.676,0.97,0.506,0.04,0.364,0.15,0.384
129,,0.85,0.666,0.96,0.496,0.03,0.354,0.14,0.374
130,,0.84,0.656,0.95,0.486,0.02,0.344,0.13,0.364
131,,0.83,0.646,0.94,0.476,0.01,0.334,0.12,0.354
132,,0.82,0.636,0.93,0.466,0.0,0.324,0.11,0.344
133,,0.81,0.626,0.92,0.456,-0.01,0.314,0.1,0.334
134,5,0.4,0.333,0.91,0.729,0.99,0.587,0.09,0.041
135,5,-0.01,0.04,0.9,1.0,1.0,0.86,0.08,-0.252
136,8,0.263,0.03,0.607,0.59,0.707,0.85,0.353,0.748
137,8,0.536,0.02,0.314,0.18,0.414,0.84,0.626,1.0
138,,0.526,0.01,0.304,0.17,0.404,0.83,0.616,0.99
139,,0.516,0.0,0.294,0.16,0.394,0.82,0.606,0.98
140,,0.506,-0.01,0.284,0.15,0.384,0.81,0.596,0.97
141,2,0.779,0.99,0.557,0.14,0.091,0.4,0.303,0.96
142,2,1.0,1.0,0.83,0.13,-0.202,-0.01,0.01,0.95
143,5,0.59,0.707,0.82,0.403,0.798,0.263,0.0,0.657
144,5,0.18,0.414,0.81,0.676,1.0,0.536,-0.01,0.364
145,7,0.17,0.121,0.4,0.383,0.99,0.809,0.99,0.637
146,7,0.16,-0.172,-0.01,0.09,0.98,1.0,1.0,0.91
147,2,0.433,0.828,0.263,0.08,0.687,0.59,0.707,0.9
148,2,0.706,1.0,0.536,0.07,0.394,0.18,0.414,0.89
149,,0.696,0.99,0.526,0.06,0.384,0.17,0.404,0.88
150,,0.686,0.98,0.516,0.05,0.374,0.16,0.394,0.87
151,,0.676,0.97,0.506,0.04,0.364,0.15,0.384,0.86
152,,0.666,0.96,0.496,0.03,0.354,0.14,0.374,0.85
153,,0.656,0.95,0.486,0.02,0.344,0.13,0.364,0.84
154,,0.646,0.94,0.476,0.01,0.334,0.12,0.354,0.83
155,,0.636,0.93,0.466,0.0,0.324,0.11,0.344,0.82
156,,0.626,0.92,0.456,-0.01,0.314,0.1,0.334,0.81
157,4,0.333,0.91,0.729,0.99,0.587,0.09,0.041,0.4
158,4,0.04,0.9,1.0,1.0,0.86,0.08,-0.252,-0.01
159,7,0.03,0.607,0.59,0.707,0.85,0.353,0.748,0.263
160,7,0.02,0.314,0.18,0.414,0.84,0.626,1.0,0.536
161,,0.01,0.304,0.17,0.404,0.83,0.616,0.99,0.526
162,,0.0,0.294,0.16,0.394,0.82,0.606,0.98,0.516
163,,-0.01,0.284,0.15,0.384,0.81,0.596,0.97,0.506
164,1,0.99,0.557,0.14,0.091,0.4,0.303,0.96,0.779
165,1,1.0,0.83,0.13,-0.202,-0.01,0.01,0.95,1.0
166,4,0.707,0.82,0.403,0.798,0.263,0.0,0.657,0.59
167,4,0.414,0.81,0.676,1.0,0.536,-0.01,0.364,0.18
168,6,0.121,0.4,0.383,0.99,0.809,0.99,0.637,0.17
169,6,-0.172,-0.01,0.09,0.98,1.0,1.0,0.91,0.16
170,1,0.828,0.263,0.08,0.687,0.59,0.707,0.9,0.433
171,1,1.0,0.536,0.07,0.394,0.18,0.414,0.89,0.706
172,,0.99,0.526,0.06,0.384,0.17,0.404,0.88,0.696
173,,0.98,0.516,0.05,0.374,0.16,0.394,0.87,0.686
174,,0.97,0.506,0.04,0.364,0.15,0.384,0.86,0.676
175,,0.96,0.496,0.03,0.354,0.14,0.374,0.85,0.666
176,,0.95,0.486,0.02,0.344,0.13,0.364,0.84,0.656
177,,0.94,0.476,0.01,0.334,0.12,0.354,0.83,0.646
178,,0.93,0.466,0.0,0.324,0.11,0.344,0.82,0.636
179,,0.92,0.456,-0.01,0.314,0.1,0.334,0.81,0.626
180,3,0.91,0.729,0.99,0.587,0.09,0.041,0.4,0.333
181,3,0.9,1.0,1.0,0.86,0.08,-0.252,-0.01,0.04
182,6,0.607,0.59,0.707,0.85,0.353,0.748,0.263,0.03
183,6,0.314,0.18,0.414,0.84,0.626,1.0,0.536,0.02
184,,0.304,0.17,0.404,0.83,0.616,0.99,0.526,0.01
185,,0.294,0.16,0.394,0.82,0.606,0.98,0.516,0.0
186,,0.284,0.15,0.384,0.81,0.596,0.97,0.506,-0.01
187,8,0.557,0.14,0.091,0.4,0.303,0.96,0.779,0.99
188,8,0.83,0.13,-0.202,-0.01,0.01,0.95,1.0,1.0
189,3,0.82,0.403,0.798,0.263,0.0,0.657,0.59,0.707
190,3,0.81,0.676,1.0,0.536,-0.01,0.364,0.18,0.414
191,5,0.4,0.383,0.99,0.809,0.99,0.637,0.17,0.121
192,5,-0.01,0.09,0.98,1.0,1.0,0.91,0.16,-0.172
193,8,0.263,0.08,0.687,0.59,0.707,0.9,0.433,0.828
194,8,0.536,0.07,0.394,0.18,0.414,0.89,0.706,1.0
195,,0.526,0.06,0.384,0.17,0.404,0.88,0.696,0.99
196,,0.516,0.05,0.374,0.16,0.394,0.87,0.686,0.98
197,,0.506,0.04,0.364,0.15,0.384,0.86,0.676,0.97
198,,0.496,0.03,0.354,0.14,0.374,0.85,0.666,0.96
199,,0.486,0.02,0.344,0.13,0.364,0.84,0.656,0.95
200,,0.476,0.01,0.334,0.12,0.354,0.83,0.646,0.94
201,,0.466,0.0,0.324,0.11,0.344,0.82,0.636,0.93
202,,0.456,-0.01,0.314,0.1,0.334,0.81,0.626,0.92
203,2,0.729,0.99,0.587,0.09,0.041,0.4,0.333,0.91
204,2,1.0,1.0,0.86,0.08,-0.252,-0.01,0.04,0.9
205,5,0.59,0.707,0.85,0.353,0.748,0.263,0.03,0.607
206,5,0.18,0.414,0.84,0.626,1.0,0.536,0.02,0.314
207,,0.17,0.404,0.83,0.616,0.99,0.526,0.01,0.304
208,,0.16,0.394,0.82,0.606,0.98,0.516,0.0,0.294
209,,0.15,0.384,0.81,0.596,0.97,0.506,-0.01,0.284
210,7,0.14,0.091,0.4,0.303,0.96,0.779,0.99,0.557
211,7,0.13,-0.202,-0.01,0.01,0.95,1.0,1.0,0.83
212,2,0.403,0.798,0.263,0.0,0.657,0.59,0.707,0.82
213,2,0.676,1.0,0.536,-0.01,0.364,0.18,0.414,0.81
214,4,0.383,0.99,0.809,0.99,0.637,0.17,0.121,0.4
215,4,0.09,0.98,1.0,1.0,0.91,0.16,-0.172,-0.01
216,7,0.08,0.687,0.59,0.707,0.9,0.433,0.828,0.263
217,7,0.07,0.394,0.18,0.414,0.89,0.706,1.0,0.536
218,,0.06,0.384,0.17,0.404,0.88,0.696,0.99,0.526
219,,0.05,0.374,0.16,0.394,0.87,0.686,0.98,0.516
220,,0.04,0.364,0.15,0.384,0.86,0.676,0.97,0.506
221,,0.03,0.354,0.14,0.374,0.85,0.666,0.96,0.496
222,,0.02,0.344,0.13,0.364,0.84,0.656,0.95,0.486
223,,0.01,0.334,0.12,0.354,0.83,0.646,0.94,0.476
224,,0.0,0.324,0.11,0.344,0.82,0.636,0.93,0.466
225,,-0.01,0.314,0.1,0.334,0.81,0.626,0.92,0.456
226,1,0.99,0.587,0.09,0.041,0.4,0.333,0.91,0.729
227,1,1.0,0.86,0.08,-0.252,-0.01,0.04,0.9,1.0
228,4,0.707,0.85,0.353,0.748,0.263,0.03,0.607,0.59
229,4,0.414,0.84,0.626,1.0,0.536,0.02,0.314,0.18
230,,0.404,0.83,0.616,0.99,0.526,0.01,0.304,0.17
231,,0.394,0.82,0.606,0.98,0.516,0.0,0.294,0.16
232,,0.384,0.81,0.596,0.97,0.506,-0.01,0.284,0.15
233,6,0.091,0.4,0.303,0.96,0.779,0.99,0.557,0.14
234,6,-0.202,-0.01,0.01,0.95,1.0,1.0,0.83,0.13
235,1,0.798,0.263,0.0,0.657,0.59,0.707,0.82,0.403
236,1,1.0,0.536,-0.01,0.364,0.18,0.414,0.81,0.676
237,3,0.99,0.809,0.99,0.637,0.17,0.121,0.4,0.383
238,3,0.98,1.0,1.0,0.91,0.16,-0.172,-0.01,0.09
239,6,0.687,0.59,0.707,0.9,0.433,0.828,0.263,0.08
240,6,0.394,0.18,0.414,0.89,0.706,1.0,0.536,0.07
241,,0.384,0.17,0.404,0.88,0.696,0.99,0.526,0.06
242,,0.374,0.16,0.394,0.87,0.686,0.98,0.516,0.05
243,,0.364,0.15,0.384,0.86,0.676,0.97,0.506,0.04
244,,0.354,0.14,0.374,0.85,0.666,0.96,0.496,0.03
245,,0.344,0.13,0.364,0.84,0.656,0.95,0.486,0.02
246,,0.334,0.12,0.354,0.83,0.646,0.94,0.476,0.01
247,,0.324,0.11,0.344,0.82,0.636,0.93,0.466,0.0
248,,0.314,0.1,0.334,0.81,0.626,0.92,0.456,-0.01
249,8,0.587,0.09,0.041,0.4,0.333,0.91,0.729,0.99
250,8,0.86,0.08,-0.252,-0.01,0.04,0.9,1.0,1.0
251,3,0.85,0.353,0.748,0.263,0.03,0.607,0.59,0.707
252,3,0.84,0.626,1.0,0.536,0.02,0.314,0.18,0.414
253,,0.83,0.616,0.99,0.526,0.01,0.304,0.17,0.404
254,,0.82,0.606,0.98,0.516,0.0,0.294,0.16,0.394
255,,0.81,0.596,0.97,0.506,-0.01,0.284,0.15,0.384
256,5,0.4,0.303,0.96,0.779,0.99,0.557,0.14,0.091
257,5,-0.01,0.01,0.95,1.0,1.0,0.83,0.13,-0.202
258,8,0.263,0.0,0.657,0.59,0.707,0.82,0.403,0.798
259,8,0.536,-0.01,0.364,0.18,0.414,0.81,0.676,1.0
260,2,0.809,0.99,0.637,0.17,0.121,0.4,0.383,0.99
261,2,1.0,1.0,0.91,0.16,-0.172,-0.01,0.09,0.98
262,5,0.59,0.707,0.9,0.433,0.828,0.263,0.08,0.687
263,5,0.18,0.414,0.89,0.706,1.0,0.536,0.07,0.394
264,,0.17,0.404,0.88,0.696,0.99,0.526,0.06,0.384
265,,0.16,0.394,0.87,0.686,0.98,0.516,0.05,0.374
266,,0.15,0.384,0.86,0.676,0.97,0.506,0.04,0.364
267,,0.14,0.374,0.85,0.666,0.96,0.496,0.03,0.354
268,,0.13,0.364,0.84,0.656,0.95,0.486,0.02,0.344
269,,0.12,0.354,0.83,0.646,0.94,0.476,0.01,0.334
270,,0.11,0.344,0.82,0.636,0.93,0.466,0.0,0.324
271,,0.1,0.334,0.81,0.626,0.92,0.456,-0.01,0.314
272,7,0.09,0.041,0.4,0.333,0.91,0.729,0.99,0.587
273,7,0.08,-0.252,-0.01,0.04,0.9,1.0,1.0,0.86
274,2,0.353,0.748,0.263,0.03,0.607,0.59,0.707,0.85
275,2,0.626,1.0,0.536,0.02,0.314,0.18,0.414,0.84
276,,0.616,0.99,0.526,0.01,0.304,0.17,0.404,0.83
277,,0.606,0.98,0.516,0.0,0.294,0.16,0.394,0.82
278,,0.596,0.97,0.506,-0.01,0.284,0.15,0.384,0.81
279,4,0.303,0.96,0.779,0.99,0.557,0.14,0.091,0.4
280,4,0.01,0.95,1.0,1.0,0.83,0.13,-0.202,-0.01
281,7,0.0,0.657,0.59,0.707,0.82,0.403,0.798,0.263
282,7,-0.01,0.364,0.18,0.414,0.81,0.676,1.0,0.536
283,1,0.99,0.637,0.17,0.121,0.4,0.383,0.99,0.809
284,1,1.0,0.91,0.16,-0.172,-0.01,0.09,0.98,1.0
285,4,0.707,0.9,0.433,0.828,0.263,0.08,0.687,0.59
286,4,0.414,0.89,0.706,1.0,0.536,0.07,0.394,0.18
287,,0.404,0.88,0.696,0.99,0.526,0.06,0.384,0.17
288,,0.394,0.87,0.686,0.98,0.516,0.05,0.374,0.16
289,,0.384,0.86,0.676,0.97,0.506,0.04,0.364,0.15
290,,0.374,0.85,0.666,0.96,0.496,0.03,0.354,0.14
291,,0.364,0.84,0.656,0.95,0.486,0.02,0.344,0.13
292,,0.354,0.83,0.646,0.94,0.476,0.01,0.334,0.12
293,,0.344,0.82,0.636,0.93,0.466,0.0,0.324,0.11
294,,0.334,0.81,0.626,0.92,0.456,-0.01,0.314,0.1
295,6,0.041,0.4,0.333,0.91,0.729,0.99,0.587,0.09
296,6,-0.252,-0.01,0.04,0.9,1.0,1.0,0.86,0.08
297,1,0.748,0.263,0.03,0.607,0.59,0.707,0.85,0.353
298,1,1.0,0.536,0.02,0.314,0.18,0.414,0.84,0.626
299,,0.99,0.526,0.01,0.304,0.17,0.404,0.83,0.616
300,,0.98,0.516,0.0,0.294,0.16,0.394,0.82,0.606
301,,0.97,0.506,-0.01,0.284,0.15,0.384,0.81,0.596
302,3,0.96,0.779,0.99,0.557,0.14,0.091,0.4,0.303
303,3,0.95,1.0,1.0,0.83,0.13,-0.202,-0.01,0.01
304,6,0.657,0.59,0.707,0.82,0.403,0.798,0.263,0.0
305,6,0.364,0.18,0.414,0.81,0.676,1.0,0.536,-0.01
306,8,0.637,0.17,0.121,0.4,0.383,0.99,0.809,0.99
307,8,0.91,0.16,-0.172,-0.01,0.09,0.98,1.0,1.0
308,3,0.9,0.433,0.828,0.263,0.08,0.687,0.59,0.707
309,3,0.89,0.706,1.0,0.536,0.07,0.394,0.18,0.414
310,,0.88,0.696,0.99,0.526,0.06,0.384,0.17,0.404
311,,0.87,0.686,0.98,0.516,0.05,0.374,0.16,0.394
312,,0.86,0.676,0.97,0.506,0.04,0.364,0.15,0.384
313,,0.85,0.666,0.96,0.496,0.03,0.354,0.14,0.374
314,,0.84,0.656,0.95,0.486,0.02,0.344,0.13,0.364
315,,0.83,0.646,0.94,0.476,0.01,0.334,0.12,0.354
316,,0.82,0.636,0.93,0.466,0.0,0.324,0.11,0.344
317,,0.81,0.626,0.92,0.456,-0.01,0.314,0.1,0.334
318,5,0.4,0.333,0.91,0.729,0.99,0.587,0.09,0.041
319,5,-0.01,0.04,0.9,1.0,1.0,0.86,0.08,-0.252
320,8,0.263,0.03,0.607,0.59,0.707,0.85,0.353,0.748
321,8,0.536,0.02,0.314,0.18,0.414,0.84,0.626,1.0
322,,0.526,0.01,0.304,0.17,0.404,0.83,0.616,0.99
323,,0.516,0.0,0.294,0.16,0.394,0.82,0.606,0.98
324,,0.506,-0.01,0.284,0.15,0.384,0.81,0.596,0.97
325,2,0.779,0.99,0.557,0.14,0.091,0.4,0.303,0.96
326,2,1.0,1.0,0.83,0.13,-0.202,-0.01,0.01,0.95
327,5,0.59,0.707,0.82,0.403,0.798,0.263,0.0,0.657
328,5,0.18,0.414,0.81,0.676,1.0,0.536,-0.01,0.364
329,7,0.17,0.121,0.4,0.383,0.99,0.809,0.99,0.637
330,7,0.16,-0.172,-0.01,0.09,0.98,1.0,1.0,0.91
331,2,0.433,0.828,0.263,0.08,0.687,0.59,0.707,0.9
332,2,0.706,1.0,0.536,0.07,0.394,0.18,0.414,0.89
333,,0.696,0.99,0.526,0.06,0.384,0.17,0.404,0.88
334,,0.686,0.98,0.516,0.05,0.374,0.16,0.394,0.87
335,,0.676,0.97,0.506,0.04,0.364,0.15,0.384,0.86
336,,0.666,0.96,0.496,0.03,0.354,0.14,0.374,0.85
337,,0.656,0.95,0.486,0.02,0.344,0.13,0.364,0.84
338,,0.646,0.94,0.476,0.01,0.334,0.12,0.354,0.83
339,,0.636,0.93,0.466,0.0,0.324,0.11,0.344,0.82
340,,0.626,0.92,0.456,-0.01,0.314,0.1,0.334,0.81
341,4,0.333,0.91,0.729,0.99,0.587,0.09,0.041,0.4
342,4,0.04,0.9,1.0,1.0,0.86,0.08,-0.252,-0.01
343,7,0.03,0.607,0.59,0.707,0.85,0.353,0.748,0.263
344,7,0.02,0.314,0.18,0.414,0.84,0.626,1.0,0.536
345,,0.01,0.304,0.17,0.404,0.83,0.616,0.99,0.526
346,,0.0,0.294,0.16,0.394,0.82,0.606,0.98,0.516
347,,-0.01,0.284,0.15,0.384,0.81,0.596,0.97,0.506
348,1,0.99,0.557,0.14,0.091,0.4,0.303,0.96,0.779
349,1,1.0,0.83,0.13,-0.202,-0.01,0.01,0.95,1.0
350,4,0.707,0.82,0.403,0.798,0.263,0.0,0.657,0.59
351,4,0.414,0.81,0.676,1.0,0.536,-0.01,0.364,0.18
352,6,0.121,0.4,0.383,0.99,0.809,0.99,0.637,0.17
353,6,-0.172,-0.01,0.09,0.98,1.0,1.0,0.91,0.16
354,1,0.828,0.263,0.08,0.687,0.59,0.707,0.9,0.433
355,1,1.0,0.536,0.07,0.394,0.18,0.414,0.89,0.706
356,,0.99,0.526,0.06,0.384,0.17,0.404,0.88,0.696
357,,0.98,0.516,0.05,0.374,0.16,0.394,0.87,0.686
358,,0.97,0.506,0.04,0.364,0.15,0.384,0.86,0.676
359,,0.96,0.496,0.03,0.354,0.14,0.374,0.85,0.666
360,,0.95,0.486,0.02,0.344,0.13,0.364,0.84,0.656
361,,0.94,0.476,0.01,0.334,0.12,0.354,0.83,0.646
362,,0.93,0.466,0.0,0.324,0.11,0.344,0.82,0.636
363,,0.92,0.456,-0.01,0.314,0.1,0.334,0.81,0.626
364,3,0.91,0.729,0.99,0.587,0.09,0.041,0.4,0.333
365,3,0.9,1.0,1.0,0.86,0.08,-0.252,-0.01,0.04
366,6,0.607,0.59,0.707,0.85,0.353,0.748,0.263,0.03
367,6,0.314,0.18,0.414,0.84,0.626,1.0,0.536,0.02
368,,0.304,0.17,0.404,0.83,0.616,0.99,0.526,0.01
369,,0.294,0.16,0.394,0.82,0.606,0.98,0.516,0.0
370,,0.284,0.15,0.384,0.81,0.596,0.97,0.506,-0.01
371,8,0.557,0.14,0.091,0.4,0.303,0.96,0.779,0.99
372,8,0.83,0.13,-0.202,-0.01,0.01,0.95,1.0,1.0
373,3,0.82,0.403,0.798,0.263,0.0,0.657,0.59,0.707
374,3,0.81,0.676,1.0,0.536,-0.01,0.364,0.18,0.414
375,5,0.4,0.383,0.99,0.809,0.99,0.637,0.17,0.121
376,5,-0.01,0.09,0.98,1.0,1.0,0.91,0.16,-0.172
377,8,0.263,0.08,0.687,0.59,0.707,0.9,0.433,0.828
378,8,0.536,0.07,0.394,0.18,0.414,0.89,0.706,1.0
379,,0.526,0.06,0.384,0.17,0.404,0.88,0.696,0.99
380,,0.516,0.05,0.374,0.16,0.394,0.87,0.686,0.98
381,,0.506,0.04,0.364,0.15,0.384,0.86,0.676,0.97
382,,0.496,0.03,0.354,0.14,0.374,0.85,0.666,0.96
383,,0.486,0.02,0.344,0.13,0.364,0.84,0.656,0.95
384,,0.476,0.01,0.334,0.12,0.354,0.83,0.646,0.94
385,,0.466,0.0,0.324,0.11,0.344,0.82,0.636,0.93
386,,0.456,-0.01,0.314,0.1,0.334,0.81,0.626,0.92
387,2,0.729,0.99,0.587,0.09,0.041,0.4,0.333,0.91
388,2,1.0,1.0,0.86,0.08,-0.252,-0.01,0.04,0.9
389,5,0.59,0.707,0.85,0.353,0.748,0.263,0.03,0.607
390,5,0.18,0.414,0.84,0.626,1.0,0.536,0.02,0.314
391,,0.17,0.404,0.83,0.616,0.99,0.526,0.01,0.304
392,,0.16,0.394,0.82,0.606,0.98,0.516,0.0,0.294
393,,0.15,0.384,0.81,0.596,0.97,0.506,-0.01,0.284
394,7,0.14,0.091,0.4,0.303,0.96,0.779,0.99,0.557
395,7,0.13,-0.202,-0.01,0.01,0.95,1.0,1.0,0.83
396,2,0.403,0.798,0.263,0.0,0.657,0.59,0.707,0.82
397,2,0.676,1.0,0.536,-0.01,0.364,0.18,0.414,0.81
398,4,0.383,0.99,0.809,0.99,0.637,0.17,0.121,0.4
399,4,0.09,0.98,1.0,1.0,0.91,0.16,-0.172,-0.01
400,7,0.08,0.687,0.59,0.707,0.9,0.433,0.828,0.263
401,7,0.07,0.394,0.18,0.414,0.89,0.706,1.0,0.536
402,,0.06,0.384,0.17,0.404,0.88,0.696,0.99,0.526
403,,0.05,0.374,0.16,0.394,0.87,0.686,0.98,0.516
404,,0.04,0.364,0.15,0.384,0.86,0.676,0.97,0.506
405,,0.03,0.354,0.14,0.374,0.85,0.666,0.96,0.496
406,,0.02,0.344,0.13,0.364,0.84,0.656,0.95,0.486
407,,0.01,0.334,0.12,0.354,0.83,0.646,0.94,0.476
408,,0.0,0.324,0.11,0.344,0.82,0.636,0.93,0.466
409,,-0.01,0.314,0.1,0.334,0.81,0.626,0.92,0.456
410,1,0.99,0.587,0.09,0.041,0.4,0.333,0.91,0.729
411,1,1.0,0.86,0.08,-0.252,-0.01,0.04,0.9,1.0
412,4,0.707,0.85,0.353,0.748,0.263,0.03,0.607,0.59
413,4,0.414,0.84,0.626,1.0,0.536,0.02,0.314,0.18
414,,0.404,0.83,0.616,0.99,0.526,0.01,0.304,0.17
415,,0.394,0.82,0.606,0.98,0.516,0.0,0.294,0.16
416,,0.384,0.81,0.596,0.97,0.506,-0.01,0.284,0.15
417,6,0.091,0.4,0.303,0.96,0.779,0.99,0.557,0.14
418,6,-0.202,-0.01,0.01,0.95,1.0,1.0,0.83,0.13
419,1,0.798,0.263,0.0,0.657,0.59,0.707,0.82,0.403
420,1,1.0,0.536,-0.01,0.364,0.18,0.414,0.81,0.676
421,3,0.99,0.809,0.99,0.637,0.17,0.121,0.4,0.383
422,3,0.98,1.0,1.0,0.91,0.16,-0.172,-0.01,0.09
423,6,0.687,0.59,0.707,0.9,0.433,0.828,0.263,0.08
424,6,0.394,0.18,0.414,0.89,0.706,1.0,0.536,0.07
425,,0.384,0.17,0.404,0.88,0.696,0.99,0.526,0.06
426,,0.374,0.16,0.394,0.87,0.686,0.98,0.516,0.05
427,,0.364,0.15,0.384,0.86,0.676,0.97,0.506,0.04
428,,0.354,0.14,0.374,0.85,0.666,0.96,0.496,0.03
429,,0.344,0.13,0.364,0.84,0.656,0.95,0.486,0.02
430,,0.334,0.12,0.354,0.83,0.646,0.94,0.476,0.01
431,,0.324,0.11,0.344,0.82,0.636,0.93,0.466,0.0
432,,0.314,0.1,0.334,0.81,0.626,0.92,0.456,-0.01
433,8,0.587,0.09,0.041,0.4,0.333,0.91,0.729,0.99
434,8,0.86,0.08,-0.252,-0.01,0.04,0.9,1.0,1.0
435,3,0.85,0.353,0.748,0.263,0.03,0.607,0.59,0.707
436,3,0.84,0.626,1.0,0.536,0.02,0.314,0.18,0.414
437,,0.83,0.616,0.99,0.526,0.01,0.304,0.17,0.404
438,,0.82,0.606,0.98,0.516,0.0,0.294,0.16,0.394
439,,0.81,0.596,0.97,0.506,-0.01,0.284,0.15,0.384
440,5,0.4,0.303,0.96,0.779,0.99,0.557,0.14,0.091
441,5,-0.01,0.01,0.95,1.0,1.0,0.83,0.13,-0.202
442,8,0.263,0.0,0.657,0.59,0.707,0.82,0.403,0.798
443,8,0.536,-0.01,0.364,0.18,0.414,0.81,0.676,1.0
444,2,0.809,0.99,0.637,0.17,0.121,0.4,0.383,0.99
445,2,1.0,1.0,0.91,0.16,-0.172,-0.01,0.09,0.98
446,5,0.59,0.707,0.9,0.433,0.828,0.263,0.08,0.687
447,5,0.18,0.414,0.89,0.706,1.0,0.536,0.07,0.394
448,,0.17,0.404,0.88,0.696,0.99,0.526,0.06,0.384
449,,0.16,0.394,0.87,0.686,0.98,0.516,0.05,0.374
450,,0.15,0.384,0.86,0.676,0.97,0.506,0.04,0.364
451,,0.14,0.374,0.85,0.666,0.96,0.496,0.03,0.354
452,,0.13,0.364,0.84,0.656,0.95,0.486,0.02,0.344
453,,0.12,0.354,0.83,0.646,0.94,0.476,0.01,0.334
454,,0.11,0.344,0.82,0.636,0.93,0.466,0.0,0.324
455,,0.1,0.334,0.81,0.626,0.92,0.456,-0.01,0.314
456,7,0.09,0.041,0.4,0.333,0.91,0.729,0.99,0.587
457,7,0.08,-0.252,-0.01,0.04,0.9,1.0,1.0,0.86
458,2,0.353,0.748,0.263,0.03,0.607,0.59,0.707,0.85
459,2,0.626,1.0,0.536,0.02,0.314,0.18,0.414,0.84
460,,0.616,0.99,0.526,0.01,0.304,0.17,0.404,0.83
461,,0.606,0.98,0.516,0.0,0.294,0.16,0.394,0.82
462,,0.596,0.97,0.506,-0.01,0.284,0.15,0.384,0.81
463,4,0.303,0.96,0.779,0.99,0.557,0.14,0.091,0.4
464,4,0.01,0.95,1.0,1.0,0.83,0.13,-0.202,-0.01
465,7,0.0,0.657,0.59,0.707,0.82,0.403,0.798,0.263
466,7,-0.01,0.364,0.18,0.414,0.81,0.676,1.0,0.536
467,1,0.99,0.637,0.17,0.121,0.4,0.383,0.99,0.809
468,1,1.0,0.91,0.16,-0.172,-0.01,0.09,0.98,1.0
469,4,0.707,0.9,0.433,0.828,0.263,0.08,0.687,0.59
470,4,0.414,0.89,0.706,1.0,0.536,0.07,0.394,0.18
471,,0.404,0.88,0.696,0.99,0.526,0.06,0.384,0.17
472,,0.394,0.87,0.686,0.98,0.516,0.05,0.374,0.16
473,,0.384,0.86,0.676,0.97,0.506,0.04,0.364,0.15
474,,0.374,0.85,0.666,0.96,0.496,0.03,0.354,0.14
475,,0.364,0.84,0.656,0.95,0.486,0.02,0.344,0.13
476,,0.354,0.83,0.646,0.94,0.476,0.01,0.334,0.12
477,,0.344,0.82,0.636,0.93,0.466,0.0,0.324,0.11
478,,0.334,0.81,0.626,0.92,0.456,-0.01,0.314,0.1
479,6,0.041,0.4,0.333,0.91,0.729,0.99,0.587,0.09
480,6,-0.252,-0.01,0.04,0.9,1.0,1.0,0.86,0.08
481,1,0.748,0.263,0.03,0.607,0.59,0.707,0.85,0.353
482,1,1.0,0.536,0.02,0.314,0.18,0.414,0.84,0.626
483,,0.99,0.526,0.01,0.304,0.17,0.404,0.83,0.616
484,,0.98,0.516,0.0,0.294,0.16,0.394,0.82,0.606
485,,0.97,0.506,-0.01,0.284,0.15,0.384,0.81,0.596
486,3,0.96,0.779,0.99,0.557,0.14,0.091,0.4,0.303
487,3,0.95,1.0,1.0,0.83,0.13,-0.202,-0.01,0.01
488,6,0.657,0.59,0.707,0.82,0.403,0.798,0.263,0.0
489,6,0.364,0.18,0.414,0.81,0.676,1.0,0.536,-0.01
490,8,0.637,0.17,0.121,0.4,0.383,0.99,0.809,0.99
491,8,0.91,0.16,-0.172,-0.01,0.09,0.98,1.0,1.0
492,3,0.9,0.433,0.828,0.263,0.08,0.687,0.59,0.707
493,3,0.89,0.706,1.0,0.536,0.07,0.394,0.18,0.414
494,,0.88,0.696,0.99,0.526,0.06,0.384,0.17,0.404
495,,0.87,0.686,0.98,0.516,0.05,0.374,0.16,0.394
496,,0.86,0.676,0.97,0.506,0.04,0.364,0.15,0.384
497,,0.85,0.666,0.96,0.496,0.03,0.354,0.14,0.374
498,,0.84,0.656,0.95,0.486,0.02,0.344,0.13,0.364
499,,0.83,0.646,0.94,0.476,0.01,0.334,0.12,0.354
500,,0.82,0.636,0.93,0.466,0.0,0.324,0.11,0.344
501,,0.81,0.626,0.92,0.456,-0.01,0.314,0.1,0.334
502,5,0.4,0.333,0.91,0.729,0.99,0.587,0.09,0.041
503,5,-0.01,0.04,0.9,1.0,1.0,0.86,0.08,-0.252
504,8,0.263,0.03,0.607,0.59,0.707,0.85,0.353,0.748
505,8,0.536,0.02,0.314,0.18,0.414,0.84,0.626,1.0
506,,0.526,0.01,0.304,0.17,0.404,0.83,0.616,0.99
507,,0.516,0.0,0.294,0.16,0.394,0.82,0.606,0.98
508,,0.506,-0.01,0.284,0.15,0.384,0.81,0.596,0.97
509,2,0.779,0.99,0.557,0.14,0.091,0.4,0.303,0.96
510,2,1.0,1.0,0.83,0.13,-0.202,-0.01,0.01,0.95
511,5,0.59,0.707,0.82,0.403,0.798,0.263,0.0,0.657
512,5,0.18,0.414,0.81,0.676,1.0,0.536,-0.01,0.364
513,7,0.17,0.121,0.4,0.383,0.99,0.809,0.99,0.637
514,7,0.16,-0.172,-0.01,0.09,0.98,1.0,1.0,0.91
515,2,0.433,0.828,0.263,0.08,0.687,0.59,0.707,0.9
516,2,0.706,1.0,0.536,0.07,0.394,0.18,0.414,0.89
517,,0.696,0.99,0.526,0.06,0.384,0.17,0.404,0.88
518,,0.686,0.98,0.516,0.05,0.374,0.16,0.394,0.87
519,,0.676,0.97,0.506,0.04,0.364,0.15,0.384,0.86
520,,0.666,0.96,0.496,0.03,0.354,0.14,0.374,0.85
521,,0.656,0.95,0.486,0.02,0.344,0.13,0.364,0.84
522,,0.646,0.94,0.476,0.01,0.334,0.12,0.354,0.83
523,,0.636,0.93,0.466,0.0,0.324,0.11,0.344,0.82
524,,0.626,0.92,0.456,-0.01,0.314,0.1,0.334,0.81
525,4,0.333,0.91,0.729,0.99,0.587,0.09,0.041,0.4
526,4,0.04,0.9,1.0,1.0,0.86,0.08,-0.252,-0.01
527,7,0.03,0.607,0.59,0.707,0.85,0.353,0.748,0.263
528,7,0.02,0.314,0.18,0.414,0.84,0.626,1.0,0.536
529,,0.01,0.304,0.17,0.404,0.83,0.616,0.99,0.526
530,,0.0,0.294,0.16,0.394,0.82,0.606,0.98,0.516
531,,-0.01,0.284,0.15,0.384,0.81,0.596,0.97,0.506
532,1,0.99,0.557,0.14,0.091,0.4,0.303,0.96,0.779
533,1,1.0,0.83,0.13,-0.202,-0.01,0.01,0.95,1.0
534,4,0.707,0.82,0.403,0.798,0.263,0.0,0.657,0.59
535,4,0.414,0.81,0.676,1.0,0.536,-0.01,0.364,0.18
536,6,0.121,0.4,0.383,0.99,0.809,0.99,0.637,0.17
537,6,-0.172,-0.01,0.09,0.98,1.0,1.0,0.91,0.16
538,1,0.828,0.263,0.08,0.687,0.59,0.707,0.9,0.433
539,1,1.0,0.536,0.07,0.394,0.18,0.414,0.89,0.706
540,,0.99,0.526,0.06,0.384,0.17,0.404,0.88,0.696
541,,0.98,0.516,0.05,0.374,0.16,0.394,0.87,0.686
542,,0.97,0.506,0.04,0.364,0.15,0.384,0.86,0.676
543,,0.96,0.496,0.03,0.354,0.14,0.374,0.85,0.666
544,,0.95,0.486,0.02,0.344,0.13,0.364,0.84,0.656
545,,0.94,0.476,0.01,0.334,0.12,0.354,0.83,0.646
546,,0.93,0.466,0.0,0.324,0.11,0.344,0.82,0.636
547,,0.92,0.456,-0.01,0.314,0.1,0.334,0.81,0.626
548,3,0.91,0.729,0.99,0.587,0.09,0.041,0.4,0.333
549,3,0.9,1.0,1.0,0.86,0.08,-0.252,-0.01,0.04
550,6,0.607,0.59,0.707,0.85,0.353,0.748,0.263,0.03
551,6,0.314,0.18,0.414,0.84,0.626,1.0,0.536,0.02
552,,0.304,0.17,0.404,0.83,0.616,0.99,0.526,0.01
553,,0.294,0.16,0.394,0.82,0.606,0.98,0.516,0.0
554,,0.284,0.15,0.384,0.81,0.596,0.97,0.506,-0.01
555,8,0.557,0.14,0.091,0.4,0.303,0.96,0.779,0.99
556,8,0.83,0.13,-0.202,-0.01,0.01,0.95,1.0,1.0
557,3,0.82,0.403,0.798,0.263,0.0,0.657,0.59,0.707
558,3,0.81,0.676,1.0,0.536,-0.01,0.364,0.18,0.414
559,5,0.4,0.383,0.99,0.809,0.99,0.637,0.17,0.121
560,5,-0.01,0.09,0.98,1.0,1.0,0.91,0.16,-0.172
561,8,0.263,0.08,0.687,0.59,0.707,0.9,0.433,0.828
562,8,0.536,0.07,0.394,0.18,0.414,0.89,0.706,1.0
563,,0.526,0.06,0.384,0.17,0.404,0.88,0.696,0.99
564,,0.516,0.05,0.374,0.16,0.394,0.87,0.686,0.98
565,,0.506,0.04,0.364,0.15,0.384,0.86,0.676,0.97
566,,0.496,0.03,0.354,0.14,0.374,0.85,0.666,0.96
567,,0.486,0.02,0.344,0.13,0.364,0.84,0.656,0.95
568,,0.476,0.01,0.334,0.12,0.354,0.83,0.646,0.94
569,,0.466,0.0,0.324,0.11,0.344,0.82,0.636,0.93
570,,0.456,-0.01,0.314,0.1,0.334,0.81,0.626,0.92
571,2,0.729,0.99,0.587,0.09,0.041,0.4,0.333,0.91
572,2,1.0,1.0,0.86,0.08,-0.252,-0.01,0.04,0.9
573,5,0.59,0.707,0.85,0.353,0.748,0.263,0.03,0.607
574,5,0.18,0.414,0.84,0.626,1.0,0.536,0.02,0.314
575,,0.17,0.404,0.83,0.616,0.99,0.526,0.01,0.304
576,,0.16,0.394,0.82,0.606,0.98,0.516,0.0,0.294
577,,0.15,0.384,0.81,0.596,0.97,0.506,-0.01,0.284
578,7,0.14,0.091,0.4,0.303,0.96,0.779,0.99,0.557
579,7,0.13,-0.202,-0.01,0.01,0.95,1.0,1.0,0.83
580,2,0.403,0.798,0.263,0.0,0.657,0.59,0.707,0.82
581,2,0.676,1.0,0.536,-0.01,0.364,0.18,0.414,0.81
582,4,0.383,0.99,0.809,0.99,0.637,0.17,0.121,0.4
583,4,0.09,0.98,1.0,1.0,0.91,0.16,-0.172,-0.01
584,7,0.08,0.687,0.59,0.707,0.9,0.433,0.828,0.263
585,7,0.07,0.394,0.18,0.414,0.89,0.706,1.0,0.536
586,,0.06,0.384,0.17,0.404,0.88,0.696,0.99,0.526
587,,0.05,0.374,0.16,0.394,0.87,0.686,0.98,0.516
588,,0.04,0.364,0.15,0.384,0.86,0.676,0.97,0.506
589,,0.03,0.354,0.14,0.374,0.85,0.666,0.96,0.496
590,,0.02,0.344,0.13,0.364,0.84,0.656,0.95,0.486
591,,0.01,0.334,0.12,0.354,0.83,0.646,0.94,0.476
592,,0.0,0.324,0.11,0.344,0.82,0.636,0.93,0.466
593,,-0.01,0.314,0.1,0.334,0.81,0.626,0.92,0.456
594,1,0.99,0.587,0.09,0.041,0.4,0.333,0.91,0.729
595,1,1.0,0.86,0.08,-0.252,-0.01,0.04,0.9,1.0
596,4,0.707,0.85,0.353,0.748,0.263,0.03,0.607,0.59
597,4,0.414,0.84,0.626,1.0,0.536,0.02,0.314,0.18
598,,0.404,0.83,0.616,0.99,0.526,0.01,0.304,0.17
599,,0.394,0.82,0.606,0.98,0.516,0.0,0.294,0.16
600,,0.384,0.81,0.596,0.97,0.506,-0.01,0.284,0.15
601,6,0.091,0.4,0.303,0.96,0.779,0.99,0.557,0.14
602,6,-0.202,-0.01,0.01,0.95,1.0,1.0,0.83,0.13
603,1,0.798,0.263,0.0,0.657,0.59,0.707,0.82,0.403
604,1,1.0,0.536,-0.01,0.364,0.18,0.414,0.81,0.676
605,3,0.99,0.809,0.99,0.637,0.17,0.121,0.4,0.383
606,3,0.98,1.0,1.0,0.91,0.16,-0.172,-0.01,0.09
607,6,0.687,0.59,0.707,0.9,0.433,0.828,0.263,0.08
608,6,0.394,0.18,0.414,0.89,0.706,1.0,0.536,0.07
609,,0.384,0.17,0.404,0.88,0.696,0.99,0.526,0.06
610,,0.374,0.16,0.394,0.87,0.686,0.98,0.516,0.05
611,,0.364,0.15,0.384,0.86,0.676,0.97,0.506,0.04
612,,0.354,0.14,0.374,0.85,0.666,0.96,0.496,0.03
613,,0.344,0.13,0.364,0.84,0.656,0.95,0.486,0.02
614,,0.334,0.12,0.354,0.83,0.646,0.94,0.476,0.01
615,,0.324,0.11,0.344,0.82,0.636,0.93,0.466,0.0
616,,0.314,0.1,0.334,0.81,0.626,0.92,0.456,-0.01
617,8,0.587,0.09,0.041,0.4,0.333,0.91,0.729,0.99
618,8,0.86,0.08,-0.252,-0.01,0.04,0.9,1.0,1.0
619,3,0.85,0.353,0.748,0.263,0.03,0.607,0.59,0.707
620,3,0.84,0.626,1.0,0.536,0.02,0.314,0.18,0.414
621,,0.83,0.616,0.99,0.526,0.01,0.304,0.17,0.404
622,,0.82,0.606,0.98,0.516,0.0,0.294,0.16,0.394
623,,0.81,0.596,0.97,0.506,-0.01,0.284,0.15,0.384
624,5,0.4,0.303,0.96,0.779,0.99,0.557,0.14,0.091
625,5,-0.01,0.01,0.95,1.0,1.0,0.83,0.13,-0.202
626,8,0.263,0.0,0.657,0.59,0.707,0.82,0.403,0.798
627,8,0.536,-0.01,0.364,0.18,0.414,0.81,0.676,1.0
628,2,0.809,0.99,0.637,0.17,0.121,0.4,0.383,0.99
629,2,1.0,1.0,0.91,0.16,-0.172,-0.01,0.09,0.98
630,5,0.59,0.707,0.9,0.433,0.828,0.263,0.08,0.687
631,5,0.18,0.414,0.89,0.706,1.0,0.536,0.07,0.394
632,,0.17,0.404,0.88,0.696,0.99,0.526,0.06,0.384
633,,0.16,0.394,0.87,0.686,0.98,0.516,0.05,0.374
634,,0.15,0.384,0.86,0.676,0.97,0.506,0.04,0.364
635,,0.14,0.374,0.85,0.666,0.96,0.496,0.03,0.354
636,,0.13,0.364,0.84,0.656,0.95,0.486,0.02,0.344
637,,0.12,0.354,0.83,0.646,0.94,0.476,0.01,0.334
638,,0.11,0.344,0.82,0.636,0.93,0.466,0.0,0.324
639,,0.1,0.334,0.81,0.626,0.92,0.456,-0.01,0.314
640,7,0.09,0.041,0.4,0.333,0.91,0.729,0.99,0.587
641,7,0.08,-0.252,-0.01,0.04,0.9,1.0,1.0,0.86
642,2,0.353,0.748,0.263,0.03,0.607,0.59,0.707,0.85
643,2,0.626,1.0,0.536,0.02,0.314,0.18,0.414,0.84
644,,0.616,0.99,0.526,0.01,0.304,0.17,0.404,0.83
645,,0.606,0.98,0.516,0.0,0.294,0.16,0.394,0.82
646,,0.596,0.97,0.506,-0.01,0.284,0.15,0.384,0.81
647,4,0.303,0.96,0.779,0.99,0.557,0.14,0.091,0.4
648,4,0.01,0.95,1.0,1.0,0.83,0.13,-0.202,-0.01
649,7,0.0,0.657,0.59,0.707,0.82,0.403,0.798,0.263
650,7,-0.01,0.364,0.18,0.414,0.81,0.676,1.0,0.536
651,1,0.99,0.637,0.17,0.121,0.4,0.383,0.99,0.809
652,1,1.0,0.91,0.16,-0.172,-0.01,0.09,0.98,1.0
653,4,0.707,0.9,0.433,0.828,0.263,0.08,0.687,0.59
654,4,0.414,0.89,0.706,1.0,0.536,0.07,0.394,0.18
655,,0.404,0.88,0.696,0.99,0.526,0.06,0.384,0.17
656,,0.394,0.87,0.686,0.98,0.516,0.05,0.374,0.16
657,,0.384,0.86,0.676,0.97,0.506,0.04,0.364,0.15
658,,0.374,0.85,0.666,0.96,0.496,0.03,0.354,0.14
659,,0.364,0.84,0.656,0.95,0.486,0.02,0.344,0.13
660,,0.354,0.83,0.646,0.94,0.476,0.01,0.334,0.12
661,,0.344,0.82,0.636,0.93,0.466,0.0,0.324,0.11
662,,0.334,0.81,0.626,0.92,0.456,-0.01,0.314,0.1
663,6,0.041,0.4,0.333,0.91,0.729,0.99,0.587,0.09
664,6,-0.252,-0.01,0.04,0.9,1.0,1.0,0.86,0.08
665,1,0.748,0.263,0.03,0.607,0.59,0.707,0.85,0.353
666,1,1.0,0.536,0.02,0.314,0.18,0.414,0.84,0.626
667,,0.99,0.526,0.01,0.304,0.17,0.404,0.83,0.616
668,,0.98,0.516,0.0,0.294,0.16,0.394,0.82,0.606
669,,0.97,0.506,-0.01,0.284,0.15,0.384,0.81,0.596
670,3,0.96,0.779,0.99,0.557,0.14,0.091,0.4,0.303
671,3,0.95,1.0,1.0,0.83,0.13,-0.202,-0.01,0.01
672,6,0.657,0.59,0.707,0.82,0.403,0.798,0.263,0.0
673,6,0.364,0.18,0.414,0.81,0.676,1.0,0.536,-0.01
674,8,0.637,0.17,0.121,0.4,0.383,0.99,0.809,0.99
675,8,0.91,0.16,-0.172,-0.01,0.09,0.98,1.0,1.0
676,3,0.9,0.433,0.828,0.263,0.08,0.687,0.59,0.707
677,3,0.89,0.706,1.0,0.536,0.07,0.394,0.18,0.414
678,,0.88,0.696,0.99,0.526,0.06,0.384,0.17,0.404
679,,0.87,0.686,0.98,0.516,0.05,0.374,0.16,0.394
680,,0.86,0.676,0.97,0.506,0.04,0.364,0.15,0.384
681,,0.85,0.666,0.96,0.496,0.03,0.354,0.14,0.374
682,,0.84,0.656,0.95,0.486,0.02,0.344,0.13,0.364
683,,0.83,0.646,0.94,0.476,0.01,0.334,0.12,0.354
684,,0.82,0.636,0.93,0.466,0.0,0.324,0.11,0.344
685,,0.81,0.626,0.92,0.456,-0.01,0.314,0.1,0.334
686,5,0.4,0.333,0.91,0.729,0.99,0.587,0.09,0.041
687,5,-0.01,0.04,0.9,1.0,1.0,0.86,0.08,-0.252
688,8,0.263,0.03,0.607,0.59,0.707,0.85,0.353,0.748
689,8,0.536,0.02,0.314,0.18,0.414,0.84,0.626,1.0
690,,0.526,0.01,0.304,0.17,0.404,0.83,0.616,0.99
691,,0.516,0.0,0.294,0.16,0.394,0.82,0.606,0.98
692,,0.506,-0.01,0.284,0.15,0.384,0.81,0.596,0.97
693,2,0.779,0.99,0.557,0.14,0.091,0.4,0.303,0.96
694,2,1.0,1.0,0.83,0.13,-0.202,-0.01,0.01,0.95
695,5,0.59,0.707,0.82,0.403,0.798,0.263,0.0,0.657
696,5,0.18,0.414,0.81,0.676,1.0,0.536,-0.01,0.364
697,7,0.17,0.121,0.4,0.383,0.99,0.809,0.99,0.637
698,7,0.16,-0.172,-0.01,0.09,0.98,1.0,1.0,0.91
699,2,0.433,0.828,0.263,0.08,0.687,0.59,0.707,0.9
700,2,0.706,1.0,0.536,0.07,0.394,0.18,0.414,0.89
701,,0.696,0.99,0.526,0.06,0.384,0.17,0.404,0.88
702,,0.686,0.98,0.516,0.05,0.374,0.16,0.394,0.87
703,,0.676,0.97,0.506,0.04,0.364,0.15,0.384,0.86
704,,0.666,0.96,0.496,0.03,0.354,0.14,0.374,0.85
705,,0.656,0.95,0.486,0.02,0.344,0.13,0.364,0.84
706,,0.646,0.94,0.476,0.01,0.334,0.12,0.354,0.83
707,,0.636,0.93,0.466,0.0,0.324,0.11,0.344,0.82
708,,0.626,0.92,0.456,-0.01,0.314,0.1,0.334,0.81
709,4,0.333,0.91,0.729,0.99,0.587,0.09,0.041,0.4
710,4,0.04,0.9,1.0,1.0,0.86,0.08,-0.252,-0.01
711,7,0.03,0.607,0.59,0.707,0.85,0.353,0.748,0.263
712,7,0.02,0.314,0.18,0.414,0.84,0.626,1.0,0.536
713,,0.01,0.304,0.17,0.404,0.83,0.616,0.99,0.526
714,,0.0,0.294,0.16,0.394,0.82,0.606,0.98,0.516
715,,-0.01,0.284,0.15,0.384,0.81,0.596,0.97,0.506
716,1,0.99,0.557,0.14,0.091,0.4,0.303,0.96,0.779
717,1,1.0,0.83,0.13,-0.202,-0.01,0.01,0.95,1.0
718,4,0.707,0.82,0.403,0.798,0.263,0.0,0.657,0.59
719,4,0.414,0.81,0.676,1.0,0.536,-0.01,0.364,0.18
720,6,0.121,0.4,0.383,0.99,0.809,0.99,0.637,0.17
721,6,-0.172,-0.01,0.09,0.98,1.0,1.0,0.91,0.16
722,1,0.828,0.263,0.08,0.687,0.59,0.707,0.9,0.433
723,1,1.0,0.536,0.07,0.394,0.18,0.414,0.89,0.706
724,,0.99,0.526,0.06,0.384,0.17,0.404,0.88,0.696
725,,0.98,0.516,0.05,0.374,0.16,0.394,0.87,0.686
726,,0.97,0.506,0.04,0.364,0.15,0.384,0.86,0.676
727,,0.96,0.496,0.03,0.354,0.14,0.374,0.85,0.666
728,,0.95,0.486,0.02,0.344,0.13,0.364,0.84,0.656
729,,0.94,0.476,0.01,0.334,0.12,0.354,0.83,0.646
730,,0.93,0.466,0.0,0.324,0.11,0.344,0.82,0.636
731,,0.92,0.456,-0.01,0.314,0.1,0.334,0.81,0.626
732,3,0.91,0.729,0.99,0.587,0.09,0.041,0.4,0.333
733,3,0.9,1.0,1.0,0.86,0.08,-0.252,-0.01,0.04
734,6,0.607,0.59,0.707,0.85,0.353,0.748,0.263,0.03
735,6,0.314,0.18,0.414,0.84,0.626,1.0,0.536,0.02
736,,0.304,0.17,0.404,0.83,0.616,0.99,0.526,0.01
737,,0.294,0.16,0.394,0.82,0.606,0.98,0.516,0.0
738,,0.284,0.15,0.384,0.81,0.596,0.97,0.506,-0.01
739,8,0.557,0.14,0.091,0.4,0.303,0.96,0.779,0.99
740,8,0.83,0.13,-0.202,-0.01,0.01,0.95,1.0,1.0
741,3,0.82,0.403,0.798,0.263,0.0,0.657,0.59,0.707
742,3,0.81,0.676,1.0,0.536,-0.01,0.364,0.18,0.414
743,5,0.4,0.383,0.99,0.809,0.99,0.637,0.17,0.121
744,5,-0.01,0.09,0.98,1.0,1.0,0.91,0.16,-0.172
745,8,0.263,0.08,0.687,0.59,0.707,0.9,0.433,0.828
746,8,0.536,0.07,0.394,0.18,0.414,0.89,0.706,1.0
747,,0.526,0.06,0.384,0.17,0.404,0.88,0.696,0.99
748,,0.516,0.05,0.374,0.16,0.394,0.87,0.686,0.98
749,,0.506,0.04,0.364,0.15,0.384,0.86,0.676,0.97
750,,0.496,0.03,0.354,0.14,0.374,0.85,0.666,0.96
751,,0.486,0.02,0.344,0.13,0.364,0.84,0.656,0.95
752,,0.476,0.01,0.334,0.12,0.354,0.83,0.646,0.94
753,,0.466,0.0,0.324,0.11,0.344,0.82,0.636,0.93
754,,0.456,-0.01,0.314,0.1,0.334,0.81,0.626,0.92
755,2,0.729,0.99,0.587,0.09,0.041,0.4,0.333,0.91
756,2,1.0,1.0,0.86,0.08,-0.252,-0.01,0.04,0.9
757,5,0.59,0.707,0.85,0.353,0.748,0.263,0.03,0.607
758,5,0.18,0.414,0.84,0.626,1.0,0.536,0.02,0.314
759,,0.17,0.404,0.83,0.616,0.99,0.526,0.01,0.304
760,,0.16,0.394,0.82,0.606,0.98,0.516,0.0,0.294
761,,0.15,0.384,0.81,0.596,0.97,0.506,-0.01,0.284
762,7,0.14,0.091,0.4,0.303,0.96,0.779,0.99,0.557
763,7,0.13,-0.202,-0.01,0.01,0.95,1.0,1.0,0.83
764,2,0.403,0.798,0.263,0.0,0.657,0.59,0.707,0.82
765,2,0.676,1.0,0.536,-0.01,0.364,0.18,0.414,0.81
766,4,0.383,0.99,0.809,0.99,0.637,0.17,0.121,0.4
767,4,0.09,0.98,1.0,1.0,0.91,0.16,-0.172,-0.01
768,7,0.08,0.687,0.59,0.707,0.9,0.433,0.828,0.263
769,7,0.07,0.394,0.18,0.414,0.89,0.706,1.0,0.536
770,,0.06,0.384,0.17,0.404,0.88,0.696,0.99,0.526
771,,0.05,0.374,0.16,0.394,0.87,0.686,0.98,0.516
772,,0.04,0.364,0.15,0.384,0.86,0.676,0.97,0.506
773,,0.03,0.354,0.14,0.374,0.85,0.666,0.96,0.496
774,,0.02,0.344,0.13,0.364,0.84,0.656,0.95,0.486
775,,0.01,0.334,0.12,0.354,0.83,0.646,0.94,0.476
776,,0.0,0.324,0.11,0.344,0.82,0.636,0.93,0.466
777,,-0.01,0.314,0.1,0.334,0.81,0.626,0.92,0.456
778,1,0.99,0.587,0.09,0.041,0.4,0.333,0.91,0.729
779,1,1.0,0.86,0.08,-0.252,-0.01,0.04,0.9,1.0
780,4,0.707,0.85,0.353,0.748,0.263,0.03,0.607,0.59
781,4,0.414,0.84,0.626,1.0,0.536,0.02,0.314,0.18
782,,0.404,0.83,0.616,0.99,0.526,0.01,0.304,0.17
783,,0.394,0.82,0.606,0.98,0.516,0.0,0.294,0.16
784,,0.384,0.81,0.596,0.97,0.506,-0.01,0.284,0.15
785,6,0.091,0.4,0.303,0.96,0.779,0.99,0.557,0.14
786,6,-0.202,-0.01,0.01,0.95,1.0,1.0,0.83,0.13
787,1,0.798,0.263,0.0,0.657,0.59,0.707,0.82,0.403
788,1,1.0,0.536,-0.01,0.364,0.18,0.414,0.81,0.676
789,3,0.99,0.809,0.99,0.637,0.17,0.121,0.4,0.383
790,3,0.98,1.0,1.0,0.91,0.16,-0.172,-0.01,0.09
791,6,0.687,0.59,0.707,0.9,0.433,0.828,0.263,0.08
792,6,0.394,0.18,0.414,0.89,0.706,1.0,0.536,0.07
793,,0.384,0.17,0.404,0.88,0.696,0.99,0.526,0.06
794,,0.374,0.16,0.394,0.87,0.686,0.98,0.516,0.05
795,,0.364,0.15,0.384,0.86,0.676,0.97,0.506,0.04
796,,0.354,0.14,0.374,0.85,0.666,0.96,0.496,0.03
797,,0.344,0.13,0.364,0.84,0.656,0.95,0.486,0.02
798,,0.334,0.12,0.354,0.83,0.646,0.94,0.476,0.01
799,,0.324,0.11,0.344,0.82,0.636,0.93,0.466,0.0
800,,0.314,0.1,0.334,0.81,0.626,0.92,0.456,-0.01
801,8,0.587,0.09,0.041,0.4,0.333,0.91,0.729,0.99
802,8,0.86,0.08,-0.252,-0.01,0.04,0.9,1.0,1.0
803,3,0.85,0.353,0.748,0.263,0.03,0.607,0.59,0.707
804,3,0.84,0.626,1.0,0.536,0.02,0.314,0.18,0.414
805,,0.83,0.616,0.99,0.526,0.01,0.304,0.17,0.404
806,,0.82,0.606,0.98,0.516,0.0,0.294,0.16,0.394
807,,0.81,0.596,0.97,0.506,-0.01,0.284,0.15,0.384
808,5,0.4,0.303,0.96,0.779,0.99,0.557,0.14,0.091
809,5,-0.01,0.01,0.95,1.0,1.0,0.83,0.13,-0.202
