step,active_motive,motive_1,motive_2,motive_3,motive_4,motive_5,motive_6,motive_7,motive_8
0,,0.56128,0.77097,0.4938,0.52273,0.42754,0.02542,0.10789,0.03143
1,,0.55128,0.76097,0.4838,0.51273,0.41754,0.01542,0.09789,0.02143
2,,0.54128,0.75097,0.4738,0.50273,0.40754,0.00542,0.08789,0.01143
3,,0.53128,0.74097,0.4638,0.49273,0.39754,-0.00458,0.07789,0.00143
4,6,0.23828,0.33097,0.1708,0.48273,0.67054,0.99542,0.35089,-0.00857
5,6,-0.05472,-0.07903,-0.1222,0.47273,0.94354,1.0,0.62389,-0.01857
6,3,-0.06472,0.19397,0.8778,0.74573,0.93354,0.707,0.21389,-0.31157
7,3,-0.07472,0.46697,1.0,1.0,0.92354,0.414,-0.19611,-0.60457
8,8,0.19828,0.45697,0.707,0.59,0.63054,0.404,0.07689,0.39543
9,8,0.47128,0.44697,0.414,0.18,0.33754,0.394,0.34989,1.0
10,,0.46128,0.43697,0.404,0.17,0.32754,0.384,0.33989,0.99
11,,0.45128,0.42697,0.394,0.16,0.31754,0.374,0.32989,0.98
12,,0.44128,0.41697,0.384,0.15,0.30754,0.364,0.31989,0.97
13,,0.43128,0.40697,0.374,0.14,0.29754,0.354,0.30989,0.96
14,,0.42128,0.39697,0.364,0.13,0.28754,0.344,0.29989,0.95
15,,0.41128,0.38697,0.354,0.12,0.27754,0.334,0.28989,0.94
16,,0.40128,0.37697,0.344,0.11,0.26754,0.324,0.27989,0.93
17,,0.39128,0.36697,0.334,0.1,0.25754,0.314,0.26989,0.92
18,,0.38128,0.35697,0.324,0.09,0.24754,0.304,0.25989,0.91
19,,0.37128,0.34697,0.314,0.08,0.23754,0.294,0.24989,0.9
20,,0.36128,0.33697,0.304,0.07,0.22754,0.284,0.23989,0.89
21,,0.35128,0.32697,0.294,0.06,0.21754,0.274,0.22989,0.88
22,,0.34128,0.31697,0.284,0.05,0.20754,0.264,0.21989,0.87
23,,0.33128,0.30697,0.274,0.04,0.19754,0.254,0.20989,0.86
24,,0.32128,0.29697,0.264,0.03,0.18754,0.244,0.19989,0.85
25,,0.31128,0.28697,0.254,0.02,0.17754,0.234,0.18989,0.84
26,,0.30128,0.27697,0.244,0.01,0.16754,0.224,0.17989,0.83
27,,0.29128,0.26697,0.234,0.0,0.15754,0.214,0.16989,0.82
28,,0.28128,0.25697,0.224,-0.01,0.14754,0.204,0.15989,0.81
29,4,-0.01172,0.24697,0.497,0.99,0.42054,0.194,-0.13311,0.4
30,4,-0.30472,0.23697,0.77,1.0,0.69354,0.184,-0.42611,-0.01
31,7,-0.31472,-0.05603,0.36,0.707,0.68354,0.457,0.57389,0.263
32,7,-0.32472,-0.34903,-0.05,0.414,0.67354,0.73,1.0,0.536
33,2,-0.05172,0.65097,0.223,0.404,0.38054,0.32,0.707,0.526
34,2,0.22128,1.0,0.496,0.394,0.08754,-0.09,0.414,0.516
35,6,-0.07172,0.59,0.203,0.384,0.36054,0.91,0.687,0.506
36,6,-0.36472,0.18,-0.09,0.374,0.63354,1.0,0.96,0.496
37,1,0.63528,0.453,-0.1,0.081,0.22354,0.707,0.95,0.769
38,1,1.0,0.726,-0.11,-0.212,-0.18646,0.414,0.94,1.0
39,4,0.707,0.716,0.163,0.788,0.08654,0.404,0.647,0.59
40,4,0.414,0.706,0.436,1.0,0.35954,0.394,0.354,0.18
41,,0.404,0.696,0.426,0.99,0.34954,0.384,0.344,0.17
42,,0.394,0.686,0.416,0.98,0.33954,0.374,0.334,0.16
43,,0.384,0.676,0.406,0.97,0.32954,0.364,0.324,0.15
44,,0.374,0.666,0.396,0.96,0.31954,0.354,0.314,0.14
45,,0.364,0.656,0.386,0.95,0.30954,0.344,0.304,0.13
46,,0.354,0.646,0.376,0.94,0.29954,0.334,0.294,0.12
47,,0.344,0.636,0.366,0.93,0.28954,0.324,0.284,0.11
48,,0.334,0.626,0.356,0.92,0.27954,0.314,0.274,0.1
49,,0.324,0.616,0.346,0.91,0.26954,0.304,0.264,0.09
50,,0.314,0.606,0.336,0.9,0.25954,0.294,0.254,0.08
51,,0.304,0.596,0.326,0.89,0.24954,0.284,0.244,0.07
52,,0.294,0.586,0.316,0.88,0.23954,0.274,0.234,0.06
53,,0.284,0.576,0.306,0.87,0.22954,0.264,0.224,0.05
54,,0.274,0.566,0.296,0.86,0.21954,0.254,0.214,0.04
55,,0.264,0.556,0.286,0.85,0.20954,0.244,0.204,0.03
56,,0.254,0.546,0.276,0.84,0.19954,0.234,0.194,0.02
57,,0.244,0.536,0.266,0.83,0.18954,0.224,0.184,0.01
58,,0.234,0.526,0.256,0.82,0.17954,0.214,0.174,0.0
59,,0.224,0.516,0.246,0.81,0.16954,0.204,0.164,-0.01
60,8,0.497,0.506,-0.047,0.4,-0.12346,0.194,0.437,0.99
61,8,0.77,0.496,-0.34,-0.01,-0.41646,0.184,0.71,1.0
62,5,0.36,0.203,-0.35,0.263,0.58354,0.457,0.7,0.707
63,5,-0.05,-0.09,-0.36,0.536,1.0,0.73,0.69,0.414
64,3,-0.06,0.183,0.64,0.809,0.99,0.437,0.28,0.121
65,3,-0.07,0.456,1.0,1.0,0.98,0.144,-0.13,-0.172
66,8,0.203,0.446,0.707,0.59,0.687,0.134,0.143,0.828
67,8,0.476,0.436,0.414,0.18,0.394,0.124,0.416,1.0
68,,0.466,0.426,0.404,0.17,0.384,0.114,0.406,0.99
69,,0.456,0.416,0.394,0.16,0.374,0.104,0.396,0.98
70,,0.446,0.406,0.384,0.15,0.364,0.094,0.386,0.97
71,,0.436,0.396,0.374,0.14,0.354,0.084,0.376,0.96
72,,0.426,0.386,0.364,0.13,0.344,0.074,0.366,0.95
73,,0.416,0.376,0.354,0.12,0.334,0.064,0.356,0.94
74,,0.406,0.366,0.344,0.11,0.324,0.054,0.346,0.93
75,,0.396,0.356,0.334,0.1,0.314,0.044,0.336,0.92
76,,0.386,0.346,0.324,0.09,0.304,0.034,0.326,0.91
77,,0.376,0.336,0.314,0.08,0.294,0.024,0.316,0.9
78,,0.366,0.326,0.304,0.07,0.284,0.014,0.306,0.89
79,,0.356,0.316,0.294,0.06,0.274,0.004,0.296,0.88
80,,0.346,0.306,0.284,0.05,0.264,-0.006,0.286,0.87
81,6,0.053,-0.104,-0.009,0.04,0.537,0.994,0.559,0.86
82,6,-0.24,-0.514,-0.302,0.03,0.81,1.0,0.832,0.85
83,2,0.033,0.486,-0.029,0.02,0.517,0.59,0.539,0.84
84,2,0.306,1.0,0.244,0.01,0.224,0.18,0.246,0.83
85,,0.296,0.99,0.234,0.0,0.214,0.17,0.236,0.82
86,,0.286,0.98,0.224,-0.01,0.204,0.16,0.226,0.81
87,4,-0.007,0.97,0.497,0.99,0.477,0.15,-0.067,0.4
88,4,-0.3,0.96,0.77,1.0,0.75,0.14,-0.36,-0.01
89,7,-0.31,0.667,0.36,0.707,0.74,0.413,0.64,0.263
90,7,-0.32,0.374,-0.05,0.414,0.73,0.686,1.0,0.536
91,1,0.68,0.647,-0.06,0.121,0.32,0.393,0.99,0.809
92,1,1.0,0.92,-0.07,-0.172,-0.09,0.1,0.98,1.0
93,4,0.707,0.91,0.203,0.828,0.183,0.09,0.687,0.59
94,4,0.414,0.9,0.476,1.0,0.456,0.08,0.394,0.18
95,,0.404,0.89,0.466,0.99,0.446,0.07,0.384,0.17
96,,0.394,0.88,0.456,0.98,0.436,0.06,0.374,0.16
97,,0.384,0.87,0.446,0.97,0.426,0.05,0.364,0.15
98,,0.374,0.86,0.436,0.96,0.416,0.04,0.354,0.14
99,,0.364,0.85,0.426,0.95,0.406,0.03,0.344,0.13
100,,0.354,0.84,0.416,0.94,0.396,0.02,0.334,0.12
101,,0.344,0.83,0.406,0.93,0.386,0.01,0.324,0.11
102,,0.334,0.82,0.396,0.92,0.376,0.0,0.314,0.1
103,,0.324,0.81,0.386,0.91,0.366,-0.01,0.304,0.09
104,6,0.031,0.4,0.093,0.9,0.639,0.99,0.577,0.08
105,6,-0.262,-0.01,-0.2,0.89,0.912,1.0,0.85,0.07
106,1,0.738,0.263,-0.21,0.597,0.502,0.707,0.84,0.343
107,1,1.0,0.536,-0.22,0.304,0.092,0.414,0.83,0.616
108,3,0.99,0.809,0.78,0.577,0.082,0.121,0.42,0.323
109,3,0.98,1.0,1.0,0.85,0.072,-0.172,0.01,0.03
110,6,0.687,0.59,0.707,0.84,0.345,0.828,0.283,0.02
111,6,0.394,0.18,0.414,0.83,0.618,1.0,0.556,0.01
112,,0.384,0.17,0.404,0.82,0.608,0.99,0.546,0.0
113,,0.374,0.16,0.394,0.81,0.598,0.98,0.536,-0.01
114,8,0.647,0.15,0.101,0.4,0.305,0.97,0.809,0.99
115,8,0.92,0.14,-0.192,-0.01,0.012,0.96,1.0,1.0
116,3,0.91,0.413,0.808,0.263,0.002,0.667,0.59,0.707
117,3,0.9,0.686,1.0,0.536,-0.008,0.374,0.18,0.414
118,5,0.49,0.393,0.99,0.809,0.992,0.647,0.17,0.121
119,5,0.08,0.1,0.98,1.0,1.0,0.92,0.16,-0.172
120,8,0.353,0.09,0.687,0.59,0.707,0.91,0.433,0.828
121,8,0.626,0.08,0.394,0.18,0.414,0.9,0.706,1.0
122,,0.616,0.07,0.384,0.17,0.404,0.89,0.696,0.99
123,,0.606,0.06,0.374,0.16,0.394,0.88,0.686,0.98
124,,0.596,0.05,0.364,0.15,0.384,0.87,0.676,0.97
125,,0.586,0.04,0.354,0.14,0.374,0.86,0.666,0.96
126,,0.576,0.03,0.344,0.13,0.364,0.85,0.656,0.95
127,,0.566,0.02,0.334,0.12,0.354,0.84,0.646,0.94
128,,0.556,0.01,0.324,0.11,0.344,0.83,0.636,0.93
129,,0.546,0.0,0.314,0.1,0.334,0.82,0.626,0.92
130,,0.536,-0.01,0.304,0.09,0.324,0.81,0.616,0.91
131,2,0.809,0.99,0.577,0.08,0.031,0.4,0.323,0.9
132,2,1.0,1.0,0.85,0.07,-0.262,-0.01,0.03,0.89
133,5,0.59,0.707,0.84,0.343,0.738,0.263,0.02,0.597
134,5,0.18,0.414,0.83,0.616,1.0,0.536,0.01,0.304
135,,0.17,0.404,0.82,0.606,0.99,0.526,0.0,0.294
136,,0.16,0.394,0.81,0.596,0.98,0.516,-0.01,0.284
137,7,0.15,0.101,0.4,0.303,0.97,0.789,0.99,0.557
138,7,0.14,-0.192,-0.01,0.01,0.96,1.0,1.0,0.83
139,2,0.413,0.808,0.263,0.0,0.667,0.59,0.707,0.82
140,2,0.686,1.0,0.536,-0.01,0.374,0.18,0.414,0.81
141,4,0.393,0.99,0.809,0.99,0.647,0.17,0.121,0.4
142,4,0.1,0.98,1.0,1.0,0.92,0.16,-0.172,-0.01
143,7,0.09,0.687,0.59,0.707,0.91,0.433,0.828,0.263
144,7,0.08,0.394,0.18,0.414,0.9,0.706,1.0,0.536
145,,0.07,0.384,0.17,0.404,0.89,0.696,0.99,0.526
146,,0.06,0.374,0.16,0.394,0.88,0.686,0.98,0.516
147,,0.05,0.364,0.15,0.384,0.87,0.676,0.97,0.506
148,,0.04,0.354,0.14,0.374,0.86,0.666,0.96,0.496
149,,0.03,0.344,0.13,0.364,0.85,0.656,0.95,0.486
150,,0.02,0.334,0.12,0.354,0.84,0.646,0.94,0.476
151,,0.01,0.324,0.11,0.344,0.83,0.636,0.93,0.466
152,,0.0,0.314,0.1,0.334,0.82,0.626,0.92,0.456
153,,-0.01,0.304,0.09,0.324,0.81,0.616,0.91,0.446
154,1,0.99,0.577,0.08,0.031,0.4,0.323,0.9,0.719
155,1,1.0,0.85,0.07,-0.262,-0.01,0.03,0.89,0.992
156,4,0.707,0.84,0.343,0.738,0.263,0.02,0.597,0.582
157,4,0.414,0.83,0.616,1.0,0.536,0.01,0.304,0.172
158,,0.404,0.82,0.606,0.99,0.526,0.0,0.294,0.162
159,,0.394,0.81,0.596,0.98,0.516,-0.01,0.284,0.152
160,6,0.101,0.4,0.303,0.97,0.789,0.99,0.557,0.142
161,6,-0.192,-0.01,0.01,0.96,1.0,1.0,0.83,0.132
162,1,0.808,0.263,0.0,0.667,0.59,0.707,0.82,0.405
163,1,1.0,0.536,-0.01,0.374,0.18,0.414,0.81,0.678
164,3,0.99,0.809,0.99,0.647,0.17,0.121,0.4,0.385
165,3,0.98,1.0,1.0,0.92,0.16,-0.172,-0.01,0.092
166,6,0.687,0.59,0.707,0.91,0.433,0.828,0.263,0.082
167,6,0.394,0.18,0.414,0.9,0.706,1.0,0.536,0.072
168,,0.384,0.17,0.404,0.89,0.696,0.99,0.526,0.062
169,,0.374,0.16,0.394,0.88,0.686,0.98,0.516,0.052
170,,0.364,0.15,0.384,0.87,0.676,0.97,0.506,0.042
171,,0.354,0.14,0.374,0.86,0.666,0.96,0.496,0.032
172,,0.344,0.13,0.364,0.85,0.656,0.95,0.486,0.022
173,,0.334,0.12,0.354,0.84,0.646,0.94,0.476,0.012
174,,0.324,0.11,0.344,0.83,0.636,0.93,0.466,0.002
175,,0.314,0.1,0.334,0.82,0.626,0.92,0.456,-0.008
176,8,0.587,0.09,0.041,0.41,0.333,0.91,0.729,0.992
177,8,0.86,0.08,-0.252,-0.0,0.04,0.9,1.0,1.0
178,3,0.85,0.353,0.748,0.273,0.03,0.607,0.59,0.707
179,3,0.84,0.626,1.0,0.546,0.02,0.314,0.18,0.414
180,,0.83,0.616,0.99,0.536,0.01,0.304,0.17,0.404
181,,0.82,0.606,0.98,0.526,0.0,0.294,0.16,0.394
182,,0.81,0.596,0.97,0.516,-0.01,0.284,0.15,0.384
183,5,0.4,0.303,0.96,0.789,0.99,0.557,0.14,0.091
184,5,-0.01,0.01,0.95,1.0,1.0,0.83,0.13,-0.202
185,8,0.263,0.0,0.657,0.59,0.707,0.82,0.403,0.798
186,8,0.536,-0.01,0.364,0.18,0.414,0.81,0.676,1.0
187,2,0.809,0.99,0.637,0.17,0.121,0.4,0.383,0.99
188,2,1.0,1.0,0.91,0.16,-0.172,-0.01,0.09,0.98
189,5,0.59,0.707,0.9,0.433,0.828,0.263,0.08,0.687
190,5,0.18,0.414,0.89,0.706,1.0,0.536,0.07,0.394
191,,0.17,0.404,0.88,0.696,0.99,0.526,0.06,0.384
192,,0.16,0.394,0.87,0.686,0.98,0.516,0.05,0.374
193,,0.15,0.384,0.86,0.676,0.97,0.506,0.04,0.364
194,,0.14,0.374,0.85,0.666,0.96,0.496,0.03,0.354
195,,0.13,0.364,0.84,0.656,0.95,0.486,0.02,0.344
196,,0.12,0.354,0.83,0.646,0.94,0.476,0.01,0.334
197,,0.11,0.344,0.82,0.636,0.93,0.466,0.0,0.324
198,,0.1,0.334,0.81,0.626,0.92,0.456,-0.01,0.314
199,7,0.09,0.041,0.4,0.333,0.91,0.729,0.99,0.587
200,7,0.08,-0.252,-0.01,0.04,0.9,1.0,1.0,0.86
201,2,0.353,0.748,0.263,0.03,0.607,0.59,0.707,0.85
202,2,0.626,1.0,0.536,0.02,0.314,0.18,0.414,0.84
203,,0.616,0.99,0.526,0.01,0.304,0.17,0.404,0.83
204,,0.606,0.98,0.516,0.0,0.294,0.16,0.394,0.82
205,,0.596,0.97,0.506,-0.01,0.284,0.15,0.384,0.81
206,4,0.303,0.96,0.779,0.99,0.557,0.14,0.091,0.4
207,4,0.01,0.95,1.0,1.0,0.83,0.13,-0.202,-0.01
208,7,0.0,0.657,0.59,0.707,0.82,0.403,0.798,0.263
209,7,-0.01,0.364,0.18,0.414,0.81,0.676,1.0,0.536
210,1,0.99,0.637,0.17,0.121,0.4,0.383,0.99,0.809
211,1,1.0,0.91,0.16,-0.172,-0.01,0.09,0.98,1.0
212,4,0.707,0.9,0.433,0.828,0.263,0.08,0.687,0.59
213,4,0.414,0.89,0.706,1.0,0.536,0.07,0.394,0.18
214,,0.404,0.88,0.696,0.99,0.526,0.06,0.384,0.17
215,,0.394,0.87,0.686,0.98,0.516,0.05,0.374,0.16
216,,0.384,0.86,0.676,0.97,0.506,0.04,0.364,0.15
217,,0.374,0.85,0.666,0.96,0.496,0.03,0.354,0.14
218,,0.364,0.84,0.656,0.95,0.486,0.02,0.344,0.13
219,,0.354,0.83,0.646,0.94,0.476,0.01,0.334,0.12
220,,0.344,0.82,0.636,0.93,0.466,0.0,0.324,0.11
221,,0.334,0.81,0.626,0.92,0.456,-0.01,0.314,0.1
222,6,0.041,0.4,0.333,0.91,0.729,0.99,0.587,0.09
223,6,-0.252,-0.01,0.04,0.9,1.0,1.0,0.86,0.08
224,1,0.748,0.263,0.03,0.607,0.59,0.707,0.85,0.353
225,1,1.0,0.536,0.02,0.314,0.18,0.414,0.84,0.626
226,,0.99,0.526,0.01,0.304,0.17,0.404,0.83,0.616
227,,0.98,0.516,0.0,0.294,0.16,0.394,0.82,0.606
228,,0.97,0.506,-0.01,0.284,0.15,0.384,0.81,0.596
229,3,0.96,0.779,0.99,0.557,0.14,0.091,0.4,0.303
230,3,0.95,1.0,1.0,0.83,0.13,-0.202,-0.01,0.01
231,6,0.657,0.59,0.707,0.82,0.403,0.798,0.263,0.0
232,6,0.364,0.18,0.414,0.81,0.676,1.0,0.536,-0.01
233,8,0.637,0.17,0.121,0.4,0.383,0.99,0.809,0.99
234,8,0.91,0.16,-0.172,-0.01,0.09,0.98,1.0,1.0
235,3,0.9,0.433,0.828,0.263,0.08,0.687,0.59,0.707
236,3,0.89,0.706,1.0,0.536,0.07,0.394,0.18,0.414
237,,0.88,0.696,0.99,0.526,0.06,0.384,0.17,0.404
238,,0.87,0.686,0.98,0.516,0.05,0.374,0.16,0.394
239,,0.86,0.676,0.97,0.506,0.04,0.364,0.15,0.384
240,,0.85,0.666,0.96,0.496,0.03,0.354,0.14,0.374
241,,0.84,0.656,0.95,0.486,0.02,0.344,0.13,0.364
242,,0.83,0.646,0.94,0.476,0.01,0.334,0.12,0.354
243,,0.82,0.636,0.93,0.466,0.0,0.324,0.11,0.344
244,,0.81,0.626,0.92,0.456,-0.01,0.314,0.1,0.334
245,5,0.4,0.333,0.91,0.729,0.99,0.587,0.09,0.041
246,5,-0.01,0.04,0.9,1.0,1.0,0.86,0.08,-0.252
247,8,0.263,0.03,0.607,0.59,0.707,0.85,0.353,0.748
248,8,0.536,0.02,0.314,0.18,0.414,0.84,0.626,1.0
249,,0.526,0.01,0.304,0.17,0.404,0.83,0.616,0.99
250,,0.516,0.0,0.294,0.16,0.394,0.82,0.606,0.98
251,,0.506,-0.01,0.284,0.15,0.384,0.81,0.596,0.97
252,2,0.779,0.99,0.557,0.14,0.091,0.4,0.303,0.96
253,2,1.0,1.0,0.83,0.13,-0.202,-0.01,0.01,0.95
254,5,0.59,0.707,0.82,0.403,0.798,0.263,0.0,0.657
255,5,0.18,0.414,0.81,0.676,1.0,0.536,-0.01,0.364
256,7,0.17,0.121,0.4,0.383,0.99,0.809,0.99,0.637
257,7,0.16,-0.172,-0.01,0.09,0.98,1.0,1.0,0.91
258,2,0.433,0.828,0.263,0.08,0.687,0.59,0.707,0.9
259,2,0.706,1.0,0.536,0.07,0.394,0.18,0.414,0.89
260,,0.696,0.99,0.526,0.06,0.384,0.17,0.404,0.88
261,,0.686,0.98,0.516,0.05,0.374,0.16,0.394,0.87
262,,0.676,0.97,0.506,0.04,0.364,0.15,0.384,0.86
263,,0.666,0.96,0.496,0.03,0.354,0.14,0.374,0.85
264,,0.656,0.95,0.486,0.02,0.344,0.13,0.364,0.84
265,,0.646,0.94,0.476,0.01,0.334,0.12,0.354,0.83
266,,0.636,0.93,0.466,0.0,0.324,0.11,0.344,0.82
267,,0.626,0.92,0.456,-0.01,0.314,0.1,0.334,0.81
268,4,0.333,0.91,0.729,0.99,0.587,0.09,0.041,0.4
269,4,0.04,0.9,1.0,1.0,0.86,0.08,-0.252,-0.01
270,7,0.03,0.607,0.59,0.707,0.85,0.353,0.748,0.263
271,7,0.02,0.314,0.18,0.414,0.84,0.626,1.0,0.536
272,,0.01,0.304,0.17,0.404,0.83,0.616,0.99,0.526
273,,0.0,0.294,0.16,0.394,0.82,0.606,0.98,0.516
274,,-0.01,0.284,0.15,0.384,0.81,0.596,0.97,0.506
275,1,0.99,0.557,0.14,0.091,0.4,0.303,0.96,0.779
276,1,1.0,0.83,0.13,-0.202,-0.01,0.01,0.95,1.0
277,4,0.707,0.82,0.403,0.798,0.263,0.0,0.657,0.59
278,4,0.414,0.81,0.676,1.0,0.536,-0.01,0.364,0.18
279,6,0.121,0.4,0.383,0.99,0.809,0.99,0.637,0.17
280,6,-0.172,-0.01,0.09,0.98,1.0,1.0,0.91,0.16
281,1,0.828,0.263,0.08,0.687,0.59,0.707,0.9,0.433
282,1,1.0,0.536,0.07,0.394,0.18,0.414,0.89,0.706
283,,0.99,0.526,0.06,0.384,0.17,0.404,0.88,0.696
284,,0.98,0.516,0.05,0.374,0.16,0.394,0.87,0.686
285,,0.97,0.506,0.04,0.364,0.15,0.384,0.86,0.676
286,,0.96,0.496,0.03,0.354,0.14,0.374,0.85,0.666
287,,0.95,0.486,0.02,0.344,0.13,0.364,0.84,0.656
288,,0.94,0.476,0.01,0.334,0.12,0.354,0.83,0.646
289,,0.93,0.466,0.0,0.324,0.11,0.344,0.82,0.636
290,,0.92,0.456,-0.01,0.314,0.1,0.334,0.81,0.626
291,3,0.91,0.729,0.99,0.587,0.09,0.041,0.4,0.333
292,3,0.9,1.0,1.0,0.86,0.08,-0.252,-0.01,0.04
293,6,0.607,0.59,0.707,0.85,0.353,0.748,0.263,0.03
294,6,0.314,0.18,0.414,0.84,0.626,1.0,0.536,0.02
295,,0.304,0.17,0.404,0.83,0.616,0.99,0.526,0.01
296,,0.294,0.16,0.394,0.82,0.606,0.98,0.516,0.0
297,,0.284,0.15,0.384,0.81,0.596,0.97,0.506,-0.01
298,8,0.557,0.14,0.091,0.4,0.303,0.96,0.779,0.99
299,8,0.83,0.13,-0.202,-0.01,0.01,0.95,1.0,1.0
300,3,0.82,0.403,0.798,0.263,0.0,0.657,0.59,0.707
301,3,0.81,0.676,1.0,0.536,-0.01,0.364,0.18,0.414
302,5,0.4,0.383,0.99,0.809,0.99,0.637,0.17,0.121
303,5,-0.01,0.09,0.98,1.0,1.0,0.91,0.16,-0.172
304,8,0.263,0.08,0.687,0.59,0.707,0.9,0.433,0.828
305,8,0.536,0.07,0.394,0.18,0.414,0.89,0.706,1.0
306,,0.526,0.06,0.384,0.17,0.404,0.88,0.696,0.99
307,,0.516,0.05,0.374,0.16,0.394,0.87,0.686,0.98
308,,0.506,0.04,0.364,0.15,0.384,0.86,0.676,0.97
309,,0.496,0.03,0.354,0.14,0.374,0.85,0.666,0.96
310,,0.486,0.02,0.344,0.13,0.364,0.84,0.656,0.95
311,,0.476,0.01,0.334,0.12,0.354,0.83,0.646,0.94
312,,0.466,0.0,0.324,0.11,0.344,0.82,0.636,0.93
313,,0.456,-0.01,0.314,0.1,0.334,0.81,0.626,0.92
314,2,0.729,0.99,0.587,0.09,0.041,0.4,0.333,0.91
315,2,1.0,1.0,0.86,0.08,-0.252,-0.01,0.04,0.9
316,5,0.59,0.707,0.85,0.353,0.748,0.263,0.03,0.607
317,5,0.18,0.414,0.84,0.626,1.0,0.536,0.02,0.314
318,,0.17,0.404,0.83,0.616,0.99,0.526,0.01,0.304
319,,0.16,0.394,0.82,0.606,0.98,0.516,0.0,0.294
320,,0.15,0.384,0.81,0.596,0.97,0.506,-0.01,0.284
321,7,0.14,0.091,0.4,0.303,0.96,0.779,0.99,0.557
322,7,0.13,-0.202,-0.01,0.01,0.95,1.0,1.0,0.83
323,2,0.403,0.798,0.263,0.0,0.657,0.59,0.707,0.82
324,2,0.676,1.0,0.536,-0.01,0.364,0.18,0.414,0.81
325,4,0.383,0.99,0.809,0.99,0.637,0.17,0.121,0.4
326,4,0.09,0.98,1.0,1.0,0.91,0.16,-0.172,-0.01
327,7,0.08,0.687,0.59,0.707,0.9,0.433,0.828,0.263
328,7,0.07,0.394,0.18,0.414,0.89,0.706,1.0,0.536
329,,0.06,0.384,0.17,0.404,0.88,0.696,0.99,0.526
330,,0.05,0.374,0.16,0.394,0.87,0.686,0.98,0.516
331,,0.04,0.364,0.15,0.384,0.86,0.676,0.97,0.506
332,,0.03,0.354,0.14,0.374,0.85,0.666,0.96,0.496
333,,0.02,0.344,0.13,0.364,0.84,0.656,0.95,0.486
334,,0.01,0.334,0.12,0.354,0.83,0.646,0.94,0.476
335,,0.0,0.324,0.11,0.344,0.82,0.636,0.93,0.466
336,,-0.01,0.314,0.1,0.334,0.81,0.626,0.92,0.456
337,1,0.99,0.587,0.09,0.041,0.4,0.333,0.91,0.729
338,1,1.0,0.86,0.08,-0.252,-0.01,0.04,0.9,1.0
339,4,0.707,0.85,0.353,0.748,0.263,0.03,0.607,0.59
340,4,0.414,0.84,0.626,1.0,0.536,0.02,0.314,0.18
341,,0.404,0.83,0.616,0.99,0.526,0.01,0.304,0.17
342,,0.394,0.82,0.606,0.98,0.516,0.0,0.294,0.16
343,,0.384,0.81,0.596,0.97,0.506,-0.01,0.284,0.15
344,6,0.091,0.4,0.303,0.96,0.779,0.99,0.557,0.14
345,6,-0.202,-0.01,0.01,0.95,1.0,1.0,0.83,0.13
346,1,0.798,0.263,0.0,0.657,0.59,0.707,0.82,0.403
347,1,1.0,0.536,-0.01,0.364,0.18,0.414,0.81,0.676
348,3,0.99,0.809,0.99,0.637,0.17,0.121,0.4,0.383
349,3,0.98,1.0,1.0,0.91,0.16,-0.172,-0.01,0.09
350,6,0.687,0.59,0.707,0.9,0.433,0.828,0.263,0.08
351,6,0.394,0.18,0.414,0.89,0.706,1.0,0.536,0.07
352,,0.384,0.17,0.404,0.88,0.696,0.99,0.526,0.06
353,,0.374,0.16,0.394,0.87,0.686,0.98,0.516,0.05
354,,0.364,0.15,0.384,0.86,0.676,0.97,0.506,0.04
355,,0.354,0.14,0.374,0.85,0.666,0.96,0.496,0.03
356,,0.344,0.13,0.364,0.84,0.656,0.95,0.486,0.02
357,,0.334,0.12,0.354,0.83,0.646,0.94,0.476,0.01
358,,0.324,0.11,0.344,0.82,0.636,0.93,0.466,0.0
359,,0.314,0.1,0.334,0.81,0.626,0.92,0.456,-0.01
360,8,0.587,0.09,0.041,0.4,0.333,0.91,0.729,0.99
361,8,0.86,0.08,-0.252,-0.01,0.04,0.9,1.0,1.0
362,3,0.85,0.353,0.748,0.263,0.03,0.607,0.59,0.707
363,3,0.84,0.626,1.0,0.536,0.02,0.314,0.18,0.414
364,,0.83,0.616,0.99,0.526,0.01,0.304,0.17,0.404
365,,0.82,0.606,0.98,0.516,0.0,0.294,0.16,0.394
366,,0.81,0.596,0.97,0.506,-0.01,0.284,0.15,0.384
367,5,0.4,0.303,0.96,0.779,0.99,0.557,0.14,0.091
368,5,-0.01,0.01,0.95,1.0,1.0,0.83,0.13,-0.202
369,8,0.263,0.0,0.657,0.59,0.707,0.82,0.403,0.798
370,8,0.536,-0.01,0.364,0.18,0.414,0.81,0.676,1.0
371,2,0.809,0.99,0.637,0.17,0.121,0.4,0.383,0.99
372,2,1.0,1.0,0.91,0.16,-0.172,-0.01,0.09,0.98
373,5,0.59,0.707,0.9,0.433,0.828,0.263,0.08,0.687
374,5,0.18,0.414,0.89,0.706,1.0,0.536,0.07,0.394
375,,0.17,0.404,0.88,0.696,0.99,0.526,0.06,0.384
376,,0.16,0.394,0.87,0.686,0.98,0.516,0.05,0.374
377,,0.15,0.384,0.86,0.676,0.97,0.506,0.04,0.364
378,,0.14,0.374,0.85,0.666,0.96,0.496,0.03,0.354
379,,0.13,0.364,0.84,0.656,0.95,0.486,0.02,0.344
380,,0.12,0.354,0.83,0.646,0.94,0.476,0.01,0.334
381,,0.11,0.344,0.82,0.636,0.93,0.466,0.0,0.324
382,,0.1,0.334,0.81,0.626,0.92,0.456,-0.01,0.314
383,7,0.09,0.041,0.4,0.333,0.91,0.729,0.99,0.587
384,7,0.08,-0.252,-0.01,0.04,0.9,1.0,1.0,0.86
385,2,0.353,0.748,0.263,0.03,0.607,0.59,0.707,0.85
386,2,0.626,1.0,0.536,0.02,0.314,0.18,0.414,0.84
387,,0.616,0.99,0.526,0.01,0.304,0.17,0.404,0.83
388,,0.606,0.98,0.516,0.0,0.294,0.16,0.394,0.82
389,,0.596,0.97,0.506,-0.01,0.284,0.15,0.384,0.81
390,4,0.303,0.96,0.779,0.99,0.557,0.14,0.091,0.4
391,4,0.01,0.95,1.0,1.0,0.83,0.13,-0.202,-0.01
392,7,0.0,0.657,0.59,0.707,0.82,0.403,0.798,0.263
393,7,-0.01,0.364,0.18,0.414,0.81,0.676,1.0,0.536
394,1,0.99,0.637,0.17,0.121,0.4,0.383,0.99,0.809
395,1,1.0,0.91,0.16,-0.172,-0.01,0.09,0.98,1.0
396,4,0.707,0.9,0.433,0.828,0.263,0.08,0.687,0.59
397,4,0.414,0.89,0.706,1.0,0.536,0.07,0.394,0.18
398,,0.404,0.88,0.696,0.99,0.526,0.06,0.384,0.17
399,,0.394,0.87,0.686,0.98,0.516,0.05,0.374,0.16
400,,0.384,0.86,0.676,0.97,0.506,0.04,0.364,0.15
401,,0.374,0.85,0.666,0.96,0.496,0.03,0.354,0.14
402,,0.364,0.84,0.656,0.95,0.486,0.02,0.344,0.13
403,,0.354,0.83,0.646,0.94,0.476,0.01,0.334,0.12
404,,0.344,0.82,0.636,0.93,0.466,0.0,0.324,0.11
405,,0.334,0.81,0.626,0.92,0.456,-0.01,0.314,0.1
406,6,0.041,0.4,0.333,0.91,0.729,0.99,0.587,0.09
407,6,-0.252,-0.01,0.04,0.9,1.0,1.0,0.86,0.08
408,1,0.748,0.263,0.03,0.607,0.59,0.707,0.85,0.353
409,1,1.0,0.536,0.02,0.314,0.18,0.414,0.84,0.626
410,,0.99,0.526,0.01,0.304,0.17,0.404,0.83,0.616
411,,0.98,0.516,0.0,0.294,0.16,0.394,0.82,0.606
412,,0.97,0.506,-0.01,0.284,0.15,0.384,0.81,0.596
413,3,0.96,0.779,0.99,0.557,0.14,0.091,0.4,0.303
414,3,0.95,1.0,1.0,0.83,0.13,-0.202,-0.01,0.01
415,6,0.657,0.59,0.707,0.82,0.403,0.798,0.263,0.0
416,6,0.364,0.18,0.414,0.81,0.676,1.0,0.536,-0.01
417,8,0.637,0.17,0.121,0.4,0.383,0.99,0.809,0.99
418,8,0.91,0.16,-0.172,-0.01,0.09,0.98,1.0,1.0
419,3,0.9,0.433,0.828,0.263,0.08,0.687,0.59,0.707
420,3,0.89,0.706,1.0,0.536,0.07,0.394,0.18,0.414
421,,0.88,0.696,0.99,0.526,0.06,0.384,0.17,0.404
422,,0.87,0.686,0.98,0.516,0.05,0.374,0.16,0.394
423,,0.86,0.676,0.97,0.506,0.04,0.364,0.15,0.384
424,,0.85,0.666,0.96,0.496,0.03,0.354,0.14,0.374
425,,0.84,0.656,0.95,0.486,0.02,0.344,0.13,0.364
426,,0.83,0.646,0.94,0.476,0.01,0.334,0.12,0.354
427,,0.82,0.636,0.93,0.466,0.0,0.324,0.11,0.344
428,,0.81,0.626,0.92,0.456,-0.01,0.314,0.1,0.334
429,5,0.4,0.333,0.91,0.729,0.99,0.587,0.09,0.041
430,5,-0.01,0.04,0.9,1.0,1.0,0.86,0.08,-0.252
431,8,0.263,0.03,0.607,0.59,0.707,0.85,0.353,0.748
432,8,0.536,0.02,0.314,0.18,0.414,0.84,0.626,1.0
433,,0.526,0.01,0.304,0.17,0.404,0.83,0.616,0.99
434,,0.516,0.0,0.294,0.16,0.394,0.82,0.606,0.98
435,,0.506,-0.01,0.284,0.15,0.384,0.81,0.596,0.97
436,2,0.779,0.99,0.557,0.14,0.091,0.4,0.303,0.96
437,2,1.0,1.0,0.83,0.13,-0.202,-0.01,0.01,0.95
438,5,0.59,0.707,0.82,0.403,0.798,0.263,0.0,0.657
439,5,0.18,0.414,0.81,0.676,1.0,0.536,-0.01,0.364
440,7,0.17,0.121,0.4,0.383,0.99,0.809,0.99,0.637
441,7,0.16,-0.172,-0.01,0.09,0.98,1.0,1.0,0.91
442,2,0.433,0.828,0.263,0.08,0.687,0.59,0.707,0.9
443,2,0.706,1.0,0.536,0.07,0.394,0.18,0.414,0.89
444,,0.696,0.99,0.526,0.06,0.384,0.17,0.404,0.88
445,,0.686,0.98,0.516,0.05,0.374,0.16,0.394,0.87
446,,0.676,0.97,0.506,0.04,0.364,0.15,0.384,0.86
447,,0.666,0.96,0.496,0.03,0.354,0.14,0.374,0.85
448,,0.656,0.95,0.486,0.02,0.344,0.13,0.364,0.84
449,,0.646,0.94,0.476,0.01,0.334,0.12,0.354,0.83
450,,0.636,0.93,0.466,0.0,0.324,0.11,0.344,0.82
451,,0.626,0.92,0.456,-0.01,0.314,0.1,0.334,0.81
452,4,0.333,0.91,0.729,0.99,0.587,0.09,0.041,0.4
453,4,0.04,0.9,1.0,1.0,0.86,0.08,-0.252,-0.01
454,7,0.03,0.607,0.59,0.707,0.85,0.353,0.748,0.263
455,7,0.02,0.314,0.18,0.414,0.84,0.626,1.0,0.536
456,,0.01,0.304,0.17,0.404,0.83,0.616,0.99,0.526
457,,0.0,0.294,0.16,0.394,0.82,0.606,0.98,0.516
458,,-0.01,0.284,0.15,0.384,0.81,0.596,0.97,0.506
459,1,0.99,0.557,0.14,0.091,0.4,0.303,0.96,0.779
460,1,1.0,0.83,0.13,-0.202,-0.01,0.01,0.95,1.0
461,4,0.707,0.82,0.403,0.798,0.263,0.0,0.657,0.59
462,4,0.414,0.81,0.676,1.0,0.536,-0.01,0.364,0.18
463,6,0.121,0.4,0.383,0.99,0.809,0.99,0.637,0.17
464,6,-0.172,-0.01,0.09,0.98,1.0,1.0,0.91,0.16
465,1,0.828,0.263,0.08,0.687,0.59,0.707,0.9,0.433
466,1,1.0,0.536,0.07,0.394,0.18,0.414,0.89,0.706
467,,0.99,0.526,0.06,0.384,0.17,0.404,0.88,0.696
468,,0.98,0.516,0.05,0.374,0.16,0.394,0.87,0.686
469,,0.97,0.506,0.04,0.364,0.15,0.384,0.86,0.676
470,,0.96,0.496,0.03,0.354,0.14,0.374,0.85,0.666
471,,0.95,0.486,0.02,0.344,0.13,0.364,0.84,0.656
472,,0.94,0.476,0.01,0.334,0.12,0.354,0.83,0.646
473,,0.93,0.466,0.0,0.324,0.11,0.344,0.82,0.636
474,,0.92,0.456,-0.01,0.314,0.1,0.334,0.81,0.626
475,3,0.91,0.729,0.99,0.587,0.09,0.041,0.4,0.333
476,3,0.9,1.0,1.0,0.86,0.08,-0.252,-0.01,0.04
477,6,0.607,0.59,0.707,0.85,0.353,0.748,0.263,0.03
478,6,0.314,0.18,0.414,0.84,0.626,1.0,0.536,0.02
479,,0.304,0.17,0.404,0.83,0.616,0.99,0.526,0.01
480,,0.294,0.16,0.394,0.82,0.606,0.98,0.516,0.0
481,,0.284,0.15,0.384,0.81,0.596,0.97,0.506,-0.01
482,8,0.557,0.14,0.091,0.4,0.303,0.96,0.779,0.99
483,8,0.83,0.13,-0.202,-0.01,0.01,0.95,1.0,1.0
484,3,0.82,0.403,0.798,0.263,0.0,0.657,0.59,0.707
485,3,0.81,0.676,1.0,0.536,-0.01,0.364,0.18,0.414
486,5,0.4,0.383,0.99,0.809,0.99,0.637,0.17,0.121
487,5,-0.01,0.09,0.98,1.0,1.0,0.91,0.16,-0.172
488,8,0.263,0.08,0.687,0.59,0.707,0.9,0.433,0.828
489,8,0.536,0.07,0.394,0.18,0.414,0.89,0.706,1.0
490,,0.526,0.06,0.384,0.17,0.404,0.88,0.696,0.99
491,,0.516,0.05,0.374,0.16,0.394,0.87,0.686,0.98
492,,0.506,0.04,0.364,0.15,0.384,0.86,0.676,0.97
493,,0.496,0.03,0.354,0.14,0.374,0.85,0.666,0.96
494,,0.486,0.02,0.344,0.13,0.364,0.84,0.656,0.95
495,,0.476,0.01,0.334,0.12,0.354,0.83,0.646,0.94
496,,0.466,0.0,0.324,0.11,0.344,0.82,0.636,0.93
497,,0.456,-0.01,0.314,0.1,0.334,0.81,0.626,0.92
498,2,0.729,0.99,0.587,0.09,0.041,0.4,0.333,0.91
499,2,1.0,1.0,0.86,0.08,-0.252,-0.01,0.04,0.9
500,5,0.59,0.707,0.85,0.353,0.748,0.263,0.03,0.607
501,5,0.18,0.414,0.84,0.626,1.0,0.536,0.02,0.314
502,,0.17,0.404,0.83,0.616,0.99,0.526,0.01,0.304
503,,0.16,0.394,0.82,0.606,0.98,0.516,0.0,0.294
504,,0.15,0.384,0.81,0.596,0.97,0.506,-0.01,0.284
505,7,0.14,0.091,0.4,0.303,0.96,0.779,0.99,0.557
506,7,0.13,-0.202,-0.01,0.01,0.95,1.0,1.0,0.83
507,2,0.403,0.798,0.263,0.0,0.657,0.59,0.707,0.82
508,2,0.676,1.0,0.536,-0.01,0.364,0.18,0.414,0.81
509,4,0.383,0.99,0.809,0.99,0.637,0.17,0.121,0.4
510,4,0.09,0.98,1.0,1.0,0.91,0.16,-0.172,-0.01
511,7,0.08,0.687,0.59,0.707,0.9,0.433,0.828,0.263
512,7,0.07,0.394,0.18,0.414,0.89,0.706,1.0,0.536
513,,0.06,0.384,0.17,0.404,0.88,0.696,0.99,0.526
514,,0.05,0.374,0.16,0.394,0.87,0.686,0.98,0.516
515,,0.04,0.364,0.15,0.384,0.86,0.676,0.97,0.506
516,,0.03,0.354,0.14,0.374,0.85,0.666,0.96,0.496
517,,0.02,0.344,0.13,0.364,0.84,0.656,0.95,0.486
518,,0.01,0.334,0.12,0.354,0.83,0.646,0.94,0.476
519,,0.0,0.324,0.11,0.344,0.82,0.636,0.93,0.466
520,,-0.01,0.314,0.1,0.334,0.81,0.626,0.92,0.456
521,1,0.99,0.587,0.09,0.041,0.4,0.333,0.91,0.729
522,1,1.0,0.86,0.08,-0.252,-0.01,0.04,0.9,1.0
523,4,0.707,0.85,0.353,0.748,0.263,0.03,0.607,0.59
524,4,0.414,0.84,0.626,1.0,0.536,0.02,0.314,0.18
525,,0.404,0.83,0.616,0.99,0.526,0.01,0.304,0.17
526,,0.394,0.82,0.606,0.98,0.516,0.0,0.294,0.16
527,,0.384,0.81,0.596,0.97,0.506,-0.01,0.284,0.15
528,6,0.091,0.4,0.303,0.96,0.779,0.99,0.557,0.14
529,6,-0.202,-0.01,0.01,0.95,1.0,1.0,0.83,0.13
530,1,0.798,0.263,0.0,0.657,0.59,0.707,0.82,0.403
531,1,1.0,0.536,-0.01,0.364,0.18,0.414,0.81,0.676
532,3,0.99,0.809,0.99,0.637,0.17,0.121,0.4,0.383
533,3,0.98,1.0,1.0,0.91,0.16,-0.172,-0.01,0.09
534,6,0.687,0.59,0.707,0.9,0.433,0.828,0.263,0.08
535,6,0.394,0.18,0.414,0.89,0.706,1.0,0.536,0.07
536,,0.384,0.17,0.404,0.88,0.696,0.99,0.526,0.06
537,,0.374,0.16,0.394,0.87,0.686,0.98,0.516,0.05
538,,0.364,0.15,0.384,0.86,0.676,0.97,0.506,0.04
539,,0.354,0.14,0.374,0.85,0.666,0.96,0.496,0.03
540,,0.344,0.13,0.364,0.84,0.656,0.95,0.486,0.02
541,,0.334,0.12,0.354,0.83,0.646,0.94,0.476,0.01
542,,0.324,0.11,0.344,0.82,0.636,0.93,0.466,0.0
543,,0.314,0.1,0.334,0.81,0.626,0.92,0.456,-0.01
544,8,0.587,0.09,0.041,0.4,0.333,0.91,0.729,0.99
545,8,0.86,0.08,-0.252,-0.01,0.04,0.9,1.0,1.0
546,3,0.85,0.353,0.748,0.263,0.03,0.607,0.59,0.707
547,3,0.84,0.626,1.0,0.536,0.02,0.314,0.18,0.414
548,,0.83,0.616,0.99,0.526,0.01,0.304,0.17,0.404
549,,0.82,0.606,0.98,0.516,0.0,0.294,0.16,0.394
550,,0.81,0.596,0.97,0.506,-0.01,0.284,0.15,0.384
551,5,0.4,0.303,0.96,0.779,0.99,0.557,0.14,0.091
552,5,-0.01,0.01,0.95,1.0,1.0,0.83,0.13,-0.202
553,8,0.263,0.0,0.657,0.59,0.707,0.82,0.403,0.798
554,8,0.536,-0.01,0.364,0.18,0.414,0.81,0.676,1.0
555,2,0.809,0.99,0.637,0.17,0.121,0.4,0.383,0.99
556,2,1.0,1.0,0.91,0.16,-0.172,-0.01,0.09,0.98
557,5,0.59,0.707,0.9,0.433,0.828,0.263,0.08,0.687
558,5,0.18,0.414,0.89,0.706,1.0,0.536,0.07,0.394
559,,0.17,0.404,0.88,0.696,0.99,0.526,0.06,0.384
560,,0.16,0.394,0.87,0.686,0.98,0.516,0.05,0.374
561,,0.15,0.384,0.86,0.676,0.97,0.506,0.04,0.364
562,,0.14,0.374,0.85,0.666,0.96,0.496,0.03,0.354
563,,0.13,0.364,0.84,0.656,0.95,0.486,0.02,0.344
564,,0.12,0.354,0.83,0.646,0.94,0.476,0.01,0.334
565,,0.11,0.344,0.82,0.636,0.93,0.466,0.0,0.324
566,,0.1,0.334,0.81,0.626,0.92,0.456,-0.01,0.314
567,7,0.09,0.041,0.4,0.333,0.91,0.729,0.99,0.587
568,7,0.08,-0.252,-0.01,0.04,0.9,1.0,1.0,0.86
569,2,0.353,0.748,0.263,0.03,0.607,0.59,0.707,0.85
570,2,0.626,1.0,0.536,0.02,0.314,0.18,0.414,0.84
571,,0.616,0.99,0.526,0.01,0.304,0.17,0.404,0.83
572,,0.606,0.98,0.516,0.0,0.294,0.16,0.394,0.82
573,,0.596,0.97,0.506,-0.01,0.284,0.15,0.384,0.81
574,4,0.303,0.96,0.779,0.99,0.557,0.14,0.091,0.4
575,4,0.01,0.95,1.0,1.0,0.83,0.13,-0.202,-0.01
576,7,0.0,0.657,0.59,0.707,0.82,0.403,0.798,0.263
577,7,-0.01,0.364,0.18,0.414,0.81,0.676,1.0,0.536
578,1,0.99,0.637,0.17,0.121,0.4,0.383,0.99,0.809
579,1,1.0,0.91,0.16,-0.172,-0.01,0.09,0.98,1.0
580,4,0.707,0.9,0.433,0.828,0.263,0.08,0.687,0.59
581,4,0.414,0.89,0.706,1.0,0.536,0.07,0.394,0.18
582,,0.404,0.88,0.696,0.99,0.526,0.06,0.384,0.17
583,,0.394,0.87,0.686,0.98,0.516,0.05,0.374,0.16
584,,0.384,0.86,0.676,0.97,0.506,0.04,0.364,0.15
585,,0.374,0.85,0.666,0.96,0.496,0.03,0.354,0.14
586,,0.364,0.84,0.656,0.95,0.486,0.02,0.344,0.13
587,,0.354,0.83,0.646,0.94,0.476,0.01,0.334,0.12
588,,0.344,0.82,0.636,0.93,0.466,0.0,0.324,0.11
589,,0.334,0.81,0.626,0.92,0.456,-0.01,0.314,0.1
590,6,0.041,0.4,0.333,0.91,0.729,0.99,0.587,0.09
591,6,-0.252,-0.01,0.04,0.9,1.0,1.0,0.86,0.08
592,1,0.748,0.263,0.03,0.607,0.59,0.707,0.85,0.353
593,1,1.0,0.536,0.02,0.314,0.18,0.414,0.84,0.626
594,,0.99,0.526,0.01,0.304,0.17,0.404,0.83,0.616
595,,0.98,0.516,0.0,0.294,0.16,0.394,0.82,0.606
596,,0.97,0.506,-0.01,0.284,0.15,0.384,0.81,0.596
597,3,0.96,0.779,0.99,0.557,0.14,0.091,0.4,0.303
598,3,0.95,1.0,1.0,0.83,0.13,-0.202,-0.01,0.01
599,6,0.657,0.59,0.707,0.82,0.403,0.798,0.263,0.0
600,6,0.364,0.18,0.414,0.81,0.676,1.0,0.536,-0.01
601,8,0.637,0.17,0.121,0.4,0.383,0.99,0.809,0.99
602,8,0.91,0.16,-0.172,-0.01,0.09,0.98,1.0,1.0
603,3,0.9,0.433,0.828,0.263,0.08,0.687,0.59,0.707
604,3,0.89,0.706,1.0,0.536,0.07,0.394,0.18,0.414
605,,0.88,0.696,0.99,0.526,0.06,0.384,0.17,0.404
606,,0.87,0.686,0.98,0.516,0.05,0.374,0.16,0.394
607,,0.86,0.676,0.97,0.506,0.04,0.364,0.15,0.384
608,,0.85,0.666,0.96,0.496,0.03,0.354,0.14,0.374
609,,0.84,0.656,0.95,0.486,0.02,0.344,0.13,0.364
610,,0.83,0.646,0.94,0.476,0.01,0.334,0.12,0.354
611,,0.82,0.636,0.93,0.466,0.0,0.324,0.11,0.344
612,,0.81,0.626,0.92,0.456,-0.01,0.314,0.1,0.334
613,5,0.4,0.333,0.91,0.729,0.99,0.587,0.09,0.041
614,5,-0.01,0.04,0.9,1.0,1.0,0.86,0.08,-0.252
615,8,0.263,0.03,0.607,0.59,0.707,0.85,0.353,0.748
616,8,0.536,0.02,0.314,0.18,0.414,0.84,0.626,1.0
617,,0.526,0.01,0.304,0.17,0.404,0.83,0.616,0.99
618,,0.516,0.0,0.294,0.16,0.394,0.82,0.606,0.98
619,,0.506,-0.01,0.284,0.15,0.384,0.81,0.596,0.97
620,2,0.779,0.99,0.557,0.14,0.091,0.4,0.303,0.96
621,2,1.0,1.0,0.83,0.13,-0.202,-0.01,0.01,0.95
622,5,0.59,0.707,0.82,0.403,0.798,0.263,0.0,0.657
623,5,0.18,0.414,0.81,0.676,1.0,0.536,-0.01,0.364
624,7,0.17,0.121,0.4,0.383,0.99,0.809,0.99,0.637
625,7,0.16,-0.172,-0.01,0.09,0.98,1.0,1.0,0.91
626,2,0.433,0.828,0.263,0.08,0.687,0.59,0.707,0.9
627,2,0.706,1.0,0.536,0.07,0.394,0.18,0.414,0.89
628,,0.696,0.99,0.526,0.06,0.384,0.17,0.404,0.88
629,,0.686,0.98,0.516,0.05,0.374,0.16,0.394,0.87
630,,0.676,0.97,0.506,0.04,0.364,0.15,0.384,0.86
631,,0.666,0.96,0.496,0.03,0.354,0.14,0.374,0.85
632,,0.656,0.95,0.486,0.02,0.344,0.13,0.364,0.84
633,,0.646,0.94,0.476,0.01,0.334,0.12,0.354,0.83
634,,0.636,0.93,0.466,0.0,0.324,0.11,0.344,0.82
635,,0.626,0.92,0.456,-0.01,0.314,0.1,0.334,0.81
636,4,0.333,0.91,0.729,0.99,0.587,0.09,0.041,0.4
637,4,0.04,0.9,1.0,1.0,0.86,0.08,-0.252,-0.01
638,7,0.03,0.607,0.59,0.707,0.85,0.353,0.748,0.263
639,7,0.02,0.314,0.18,0.414,0.84,0.626,1.0,0.536
640,,0.01,0.304,0.17,0.404,0.83,0.616,0.99,0.526
641,,0.0,0.294,0.16,0.394,0.82,0.606,0.98,0.516
642,,-0.01,0.284,0.15,0.384,0.81,0.596,0.97,0.506
643,1,0.99,0.557,0.14,0.091,0.4,0.303,0.96,0.779
644,1,1.0,0.83,0.13,-0.202,-0.01,0.01,0.95,1.0
645,4,0.707,0.82,0.403,0.798,0.263,0.0,0.657,0.59
646,4,0.414,0.81,0.676,1.0,0.536,-0.01,0.364,0.18
647,6,0.121,0.4,0.383,0.99,0.809,0.99,0.637,0.17
648,6,-0.172,-0.01,0.09,0.98,1.0,1.0,0.91,0.16
649,1,0.828,0.263,0.08,0.687,0.59,0.707,0.9,0.433
650,1,1.0,0.536,0.07,0.394,0.18,0.414,0.89,0.706
651,,0.99,0.526,0.06,0.384,0.17,0.404,0.88,0.696
652,,0.98,0.516,0.05,0.374,0.16,0.394,0.87,0.686
653,,0.97,0.506,0.04,0.364,0.15,0.384,0.86,0.676
654,,0.96,0.496,0.03,0.354,0.14,0.374,0.85,0.666
655,,0.95,0.486,0.02,0.344,0.13,0.364,0.84,0.656
656,,0.94,0.476,0.01,0.334,0.12,0.354,0.83,0.646
657,,0.93,0.466,0.0,0.324,0.11,0.344,0.82,0.636
658,,0.92,0.456,-0.01,0.314,0.1,0.334,0.81,0.626
659,3,0.91,0.729,0.99,0.587,0.09,0.041,0.4,0.333
660,3,0.9,1.0,1.0,0.86,0.08,-0.252,-0.01,0.04
661,6,0.607,0.59,0.707,0.85,0.353,0.748,0.263,0.03
662,6,0.314,0.18,0.414,0.84,0.626,1.0,0.536,0.02
663,,0.304,0.17,0.404,0.83,0.616,0.99,0.526,0.01
664,,0.294,0.16,0.394,0.82,0.606,0.98,0.516,0.0
665,,0.284,0.15,0.384,0.81,0.596,0.97,0.506,-0.01
666,8,0.557,0.14,0.091,0.4,0.303,0.96,0.779,0.99
667,8,0.83,0.13,-0.202,-0.01,0.01,0.95,1.0,1.0
668,3,0.82,0.403,0.798,0.263,0.0,0.657,0.59,0.707
669,3,0.81,0.676,1.0,0.536,-0.01,0.364,0.18,0.414
670,5,0.4,0.383,0.99,0.809,0.99,0.637,0.17,0.121
671,5,-0.01,0.09,0.98,1.0,1.0,0.91,0.16,-0.172
672,8,0.263,0.08,0.687,0.59,0.707,0.9,0.433,0.828
673,8,0.536,0.07,0.394,0.18,0.414,0.89,0.706,1.0
674,,0.526,0.06,0.384,0.17,0.404,0.88,0.696,0.99
675,,0.516,0.05,0.374,0.16,0.394,0.87,0.686,0.98
676,,0.506,0.04,0.364,0.15,0.384,0.86,0.676,0.97
677,,0.496,0.03,0.354,0.14,0.374,0.85,0.666,0.96
678,,0.486,0.02,0.344,0.13,0.364,0.84,0.656,0.95
679,,0.476,0.01,0.334,0.12,0.354,0.83,0.646,0.94
680,,0.466,0.0,0.324,0.11,0.344,0.82,0.636,0.93
681,,0.456,-0.01,0.314,0.1,0.334,0.81,0.626,0.92
682,2,0.729,0.99,0.587,0.09,0.041,0.4,0.333,0.91
683,2,1.0,1.0,0.86,0.08,-0.252,-0.01,0.04,0.9
684,5,0.59,0.707,0.85,0.353,0.748,0.263,0.03,0.607
685,5,0.18,0.414,0.84,0.626,1.0,0.536,0.02,0.314
686,,0.17,0.404,0.83,0.616,0.99,0.526,0.01,0.304
687,,0.16,0.394,0.82,0.606,0.98,0.516,0.0,0.294
688,,0.15,0.384,0.81,0.596,0.97,0.506,-0.01,0.284
689,7,0.14,0.091,0.4,0.303,0.96,0.779,0.99,0.557
690,7,0.13,-0.202,-0.01,0.01,0.95,1.0,1.0,0.83
691,2,0.403,0.798,0.263,0.0,0.657,0.59,0.707,0.82
692,2,0.676,1.0,0.536,-0.01,0.364,0.18,0.414,0.81
693,4,0.383,0.99,0.809,0.99,0.637,0.17,0.121,0.4
694,4,0.09,0.98,1.0,1.0,0.91,0.16,-0.172,-0.01
695,7,0.08,0.687,0.59,0.707,0.9,0.433,0.828,0.263
696,7,0.07,0.394,0.18,0.414,0.89,0.706,1.0,0.536
697,,0.06,0.384,0.17,0.404,0.88,0.696,0.99,0.526
698,,0.05,0.374,0.16,0.394,0.87,0.686,0.98,0.516
699,,0.04,0.364,0.15,0.384,0.86,0.676,0.97,0.506
700,,0.03,0.354,0.14,0.374,0.85,0.666,0.96,0.496
701,,0.02,0.344,0.13,0.364,0.84,0.656,0.95,0.486
702,,0.01,0.334,0.12,0.354,0.83,0.646,0.94,0.476
703,,0.0,0.324,0.11,0.344,0.82,0.636,0.93,0.466
704,,-0.01,0.314,0.1,0.334,0.81,0.626,0.92,0.456
705,1,0.99,0.587,0.09,0.041,0.4,0.333,0.91,0.729
706,1,1.0,0.86,0.08,-0.252,-0.01,0.04,0.9,1.0
707,4,0.707,0.85,0.353,0.748,0.263,0.03,0.607,0.59
708,4,0.414,0.84,0.626,1.0,0.536,0.02,0.314,0.18
709,,0.404,0.83,0.616,0.99,0.526,0.01,0.304,0.17
710,,0.394,0.82,0.606,0.98,0.516,0.0,0.294,0.16
711,,0.384,0.81,0.596,0.97,0.506,-0.01,0.284,0.15
712,6,0.091,0.4,0.303,0.96,0.779,0.99,0.557,0.14
713,6,-0.202,-0.01,0.01,0.95,1.0,1.0,0.83,0.13
714,1,0.798,0.263,0.0,0.657,0.59,0.707,0.82,0.403
715,1,1.0,0.536,-0.01,0.364,0.18,0.414,0.81,0.676
716,3,0.99,0.809,0.99,0.637,0.17,0.121,0.4,0.383
717,3,0.98,1.0,1.0,0.91,0.16,-0.172,-0.01,0.09
718,6,0.687,0.59,0.707,0.9,0.433,0.828,0.263,0.08
719,6,0.394,0.18,0.414,0.89,0.706,1.0,0.536,0.07
720,,0.384,0.17,0.404,0.88,0.696,0.99,0.526,0.06
721,,0.374,0.16,0.394,0.87,0.686,0.98,0.516,0.05
722,,0.364,0.15,0.384,0.86,0.676,0.97,0.506,0.04
723,,0.354,0.14,0.374,0.85,0.666,0.96,0.496,0.03
724,,0.344,0.13,0.364,0.84,0.656,0.95,0.486,0.02
725,,0.334,0.12,0.354,0.83,0.646,0.94,0.476,0.01
726,,0.324,0.11,0.344,0.82,0.636,0.93,0.466,0.0
727,,0.314,0.1,0.334,0.81,0.626,0.92,0.456,-0.01
728,8,0.587,0.09,0.041,0.4,0.333,0.91,0.729,0.99
729,8,0.86,0.08,-0.252,-0.01,0.04,0.9,1.0,1.0
730,3,0.85,0.353,0.748,0.263,0.03,0.607,0.59,0.707
731,3,0.84,0.626,1.0,0.536,0.02,0.314,0.18,0.414
732,,0.83,0.616,0.99,0.526,0.01,0.304,0.17,0.404
733,,0.82,0.606,0.98,0.516,0.0,0.294,0.16,0.394
734,,0.81,0.596,0.97,0.506,-0.01,0.284,0.15,0.384
735,5,0.4,0.303,0.96,0.779,0.99,0.557,0.14,0.091
736,5,-0.01,0.01,0.95,1.0,1.0,0.83,0.13,-0.202
737,8,0.263,0.0,0.657,0.59,0.707,0.82,0.403,0.798
738,8,0.536,-0.01,0.364,0.18,0.414,0.81,0.676,1.0
739,2,0.809,0.99,0.637,0.17,0.121,0.4,0.383,0.99
740,2,1.0,1.0,0.91,0.16,-0.172,-0.01,0.09,0.98
741,5,0.59,0.707,0.9,0.433,0.828,0.263,0.08,0.687
742,5,0.18,0.414,0.89,0.706,1.0,0.536,0.07,0.394
743,,0.17,0.404,0.88,0.696,0.99,0.526,0.06,0.384
744,,0.16,0.394,0.87,0.686,0.98,0.516,0.05,0.374
745,,0.15,0.384,0.86,0.676,0.97,0.506,0.04,0.364
746,,0.14,0.374,0.85,0.666,0.96,0.496,0.03,0.354
747,,0.13,0.364,0.84,0.656,0.95,0.486,0.02,0.344
748,,0.12,0.354,0.83,0.646,0.94,0.476,0.01,0.334
749,,0.11,0.344,0.82,0.636,0.93,0.466,0.0,0.324
750,,0.1,0.334,0.81,0.626,0.92,0.456,-0.01,0.314
751,7,0.09,0.041,0.4,0.333,0.91,0.729,0.99,0.587
752,7,0.08,-0.252,-0.01,0.04,0.9,1.0,1.0,0.86
753,2,0.353,0.748,0.263,0.03,0.607,0.59,0.707,0.85
754,2,0.626,1.0,0.536,0.02,0.314,0.18,0.414,0.84
755,,0.616,0.99,0.526,0.01,0.304,0.17,0.404,0.83
756,,0.606,0.98,0.516,0.0,0.294,0.16,0.394,0.82
757,,0.596,0.97,0.506,-0.01,0.284,0.15,0.384,0.81
758,4,0.303,0.96,0.779,0.99,0.557,0.14,0.091,0.4
759,4,0.01,0.95,1.0,1.0,0.83,0.13,-0.202,-0.01
760,7,0.0,0.657,0.59,0.707,0.82,0.403,0.798,0.263
761,7,-0.01,0.364,0.18,0.414,0.81,0.676,1.0,0.536
762,1,0.99,0.637,0.17,0.121,0.4,0.383,0.99,0.809
763,1,1.0,0.91,0.16,-0.172,-0.01,0.09,0.98,1.0
764,4,0.707,0.9,0.433,0.828,0.263,0.08,0.687,0.59
765,4,0.414,0.89,0.706,1.0,0.536,0.07,0.394,0.18
766,,0.404,0.88,0.696,0.99,0.526,0.06,0.384,0.17
767,,0.394,0.87,0.686,0.98,0.516,0.05,0.374,0.16
768,,0.384,0.86,0.676,0.97,0.506,0.04,0.364,0.15
769,,0.374,0.85,0.666,0.96,0.496,0.03,0.354,0.14
770,,0.364,0.84,0.656,0.95,0.486,0.02,0.344,0.13
771,,0.354,0.83,0.646,0.94,0.476,0.01,0.334,0.12
772,,0.344,0.82,0.636,0.93,0.466,0.0,0.324,0.11
773,,0.334,0.81,0.626,0.92,0.456,-0.01,0.314,0.1
774,6,0.041,0.4,0.333,0.91,0.729,0.99,0.587,0.09
775,6,-0.252,-0.01,0.04,0.9,1.0,1.0,0.86,0.08
776,1,0.748,0.263,0.03,0.607,0.59,0.707,0.85,0.353
777,1,1.0,0.536,0.02,0.314,0.18,0.414,0.84,0.626
778,,0.99,0.526,0.01,0.304,0.17,0.404,0.83,0.616
779,,0.98,0.516,0.0,0.294,0.16,0.394,0.82,0.606
780,,0.97,0.506,-0.01,0.284,0.15,0.384,0.81,0.596
781,3,0.96,0.779,0.99,0.557,0.14,0.091,0.4,0.303
782,3,0.95,1.0,1.0,0.83,0.13,-0.202,-0.01,0.01
783,6,0.657,0.59,0.707,0.82,0.403,0.798,0.263,0.0
784,6,0.364,0.18,0.414,0.81,0.676,1.0,0.536,-0.01
785,8,0.637,0.17,0.121,0.4,0.383,0.99,0.809,0.99
786,8,0.91,0.16,-0.172,-0.01,0.09,0.98,1.0,1.0
787,3,0.9,0.433,0.828,0.263,0.08,0.687,0.59,0.707
788,3,0.89,0.706,1.0,0.536,0.07,0.394,0.18,0.414
789,,0.88,0.696,0.99,0.526,0.06,0.384,0.17,0.404
790,,0.87,0.686,0.98,0.516,0.05,0.374,0.16,0.394
791,,0.86,0.676,0.97,0.506,0.04,0.364,0.15,0.384
792,,0.85,0.666,0.96,0.496,0.03,0.354,0.14,0.374
793,,0.84,0.656,0.95,0.486,0.02,0.344,0.13,0.364
794,,0.83,0.646,0.94,0.476,0.01,0.334,0.12,0.354
795,,0.82,0.636,0.93,0.466,0.0,0.324,0.11,0.344
796,,0.81,0.626,0.92,0.456,-0.01,0.314,0.1,0.334
797,5,0.4,0.333,0.91,0.729,0.99,0.587,0.09,0.041
798,5,-0.01,0.04,0.9,1.0,1.0,0.86,0.08,-0.252
799,8,0.263,0.03,0.607,0.59,0.707,0.85,0.353,0.748
800,8,0.536,0.02,0.314,0.18,0.414,0.84,0.626,1.0
801,,0.526,0.01,0.304,0.17,0.404,0.83,0.616,0.99
802,,0.516,0.0,0.294,0.16,0.394,0.82,0.606,0.98
803,,0.506,-0.01,0.284,0.15,0.384,0.81,0.596,0.97
804,2,0.779,0.99,0.557,0.14,0.091,0.4,0.303,0.96
