step,active_motive,motive_1,motive_2,motive_3,motive_4,motive_5,motive_6,motive_7,motive_8
0,,0.28484,0.03689,0.60956,0.50268,0.05148,0.27865,0.90827,0.23956
1,,0.27484,0.02689,0.59956,0.49268,0.04148,0.26865,0.89827,0.22956
2,,0.26484,0.01689,0.58956,0.48268,0.03148,0.25865,0.88827,0.21956
3,,0.25484,0.00689,0.57956,0.47268,0.02148,0.24865,0.87827,0.20956
4,,0.24484,-0.00311,0.56956,0.46268,0.01148,0.23865,0.86827,0.19956
5,2,0.51784,0.99689,0.84256,0.45268,-0.28152,-0.17135,0.57527,0.18956
6,2,0.79084,1.0,1.0,0.44268,-0.57452,-0.58135,0.28227,0.17956
7,6,0.49784,0.59,0.707,0.43268,-0.30152,0.41865,0.55527,0.16956
8,6,0.20484,0.18,0.414,0.42268,-0.02852,1.0,0.82827,0.15956
9,5,-0.20516,-0.113,0.404,0.69568,0.97148,1.0,0.81827,-0.13344
10,5,-0.61516,-0.406,0.394,0.96868,1.0,1.0,0.80827,-0.42644
11,1,0.38484,-0.133,0.384,0.67568,0.59,0.707,0.79827,-0.15344
12,1,1.0,0.14,0.374,0.38268,0.18,0.414,0.78827,0.11956
13,,0.99,0.13,0.364,0.37268,0.17,0.404,0.77827,0.10956
14,,0.98,0.12,0.354,0.36268,0.16,0.394,0.76827,0.09956
15,,0.97,0.11,0.344,0.35268,0.15,0.384,0.75827,0.08956
16,,0.96,0.1,0.334,0.34268,0.14,0.374,0.74827,0.07956
17,,0.95,0.09,0.324,0.33268,0.13,0.364,0.73827,0.06956
18,,0.94,0.08,0.314,0.32268,0.12,0.354,0.72827,0.05956
19,,0.93,0.07,0.304,0.31268,0.11,0.344,0.71827,0.04956
20,,0.92,0.06,0.294,0.30268,0.1,0.334,0.70827,0.03956
21,,0.91,0.05,0.284,0.29268,0.09,0.324,0.69827,0.02956
22,,0.9,0.04,0.274,0.28268,0.08,0.314,0.68827,0.01956
23,,0.89,0.03,0.264,0.27268,0.07,0.304,0.67827,0.00956
24,,0.88,0.02,0.254,0.26268,0.06,0.294,0.66827,-0.00044
25,8,1.0,0.01,-0.039,-0.14732,-0.233,0.284,0.94127,0.99956
26,8,1.0,0.0,-0.332,-0.55732,-0.526,0.274,1.0,1.0
27,4,0.707,-0.01,-0.059,0.44268,-0.253,0.264,0.707,0.59
28,4,0.414,-0.02,0.214,1.0,0.02,0.254,0.414,0.18
29,2,0.687,0.98,0.487,0.99,-0.273,-0.156,0.121,0.17
30,2,0.96,1.0,0.76,0.98,-0.566,-0.566,-0.172,0.16
31,6,0.667,0.59,0.467,0.97,-0.293,0.434,0.101,0.15
32,6,0.374,0.18,0.174,0.96,-0.02,1.0,0.374,0.14
33,5,-0.036,-0.113,0.164,1.0,0.98,1.0,0.364,-0.153
34,5,-0.446,-0.406,0.154,1.0,1.0,1.0,0.354,-0.446
35,1,0.554,-0.133,0.144,0.707,0.59,0.707,0.344,-0.173
36,1,1.0,0.14,0.134,0.414,0.18,0.414,0.334,0.1
37,,0.99,0.13,0.124,0.404,0.17,0.404,0.324,0.09
38,,0.98,0.12,0.114,0.394,0.16,0.394,0.314,0.08
39,,0.97,0.11,0.104,0.384,0.15,0.384,0.304,0.07
40,,0.96,0.1,0.094,0.374,0.14,0.374,0.294,0.06
41,,0.95,0.09,0.084,0.364,0.13,0.364,0.284,0.05
42,,0.94,0.08,0.074,0.354,0.12,0.354,0.274,0.04
43,,0.93,0.07,0.064,0.344,0.11,0.344,0.264,0.03
44,,0.92,0.06,0.054,0.334,0.1,0.334,0.254,0.02
45,,0.91,0.05,0.044,0.324,0.09,0.324,0.244,0.01
46,,0.9,0.04,0.034,0.314,0.08,0.314,0.234,0.0
47,,0.89,0.03,0.024,0.304,0.07,0.304,0.224,-0.01
48,8,1.0,0.02,-0.269,-0.106,-0.223,0.294,0.497,0.99
49,8,1.0,0.01,-0.562,-0.516,-0.516,0.284,0.77,1.0
50,3,0.99,0.283,0.438,-0.243,-0.526,-0.009,0.36,0.707
51,3,0.98,0.556,1.0,0.03,-0.536,-0.302,-0.05,0.414
52,5,0.57,0.263,0.99,0.303,0.464,-0.029,-0.06,0.121
53,5,0.16,-0.03,0.98,0.576,1.0,0.244,-0.07,-0.172
54,8,0.433,-0.04,0.687,0.166,0.707,0.234,0.203,0.828
55,8,0.706,-0.05,0.394,-0.244,0.414,0.224,0.476,1.0
56,4,0.413,-0.06,0.667,0.756,0.687,0.214,0.183,0.59
57,4,0.12,-0.07,0.94,1.0,0.96,0.204,-0.11,0.18
58,7,0.11,-0.363,0.53,0.707,0.95,0.477,0.89,0.453
59,7,0.1,-0.656,0.12,0.414,0.94,0.75,1.0,0.726
60,2,0.373,0.344,0.393,0.404,0.647,0.34,0.707,0.716
61,2,0.646,1.0,0.666,0.394,0.354,-0.07,0.414,0.706
62,6,0.353,0.59,0.373,0.384,0.627,0.93,0.687,0.696
63,6,0.06,0.18,0.08,0.374,0.9,1.0,0.96,0.686
64,,0.05,0.17,0.07,0.364,0.89,0.99,0.95,0.676
65,,0.04,0.16,0.06,0.354,0.88,0.98,0.94,0.666
66,,0.03,0.15,0.05,0.344,0.87,0.97,0.93,0.656
67,,0.02,0.14,0.04,0.334,0.86,0.96,0.92,0.646
68,,0.01,0.13,0.03,0.324,0.85,0.95,0.91,0.636
69,,0.0,0.12,0.02,0.314,0.84,0.94,0.9,0.626
70,,-0.01,0.11,0.01,0.304,0.83,0.93,0.89,0.616
71,1,0.99,0.383,0.0,0.011,0.42,0.637,0.88,0.889
72,1,1.0,0.656,-0.01,-0.282,0.01,0.344,0.87,1.0
73,4,0.707,0.646,0.263,0.718,0.283,0.334,0.577,0.59
74,4,0.414,0.636,0.536,1.0,0.556,0.324,0.284,0.18
75,,0.404,0.626,0.526,0.99,0.546,0.314,0.274,0.17
76,,0.394,0.616,0.516,0.98,0.536,0.304,0.264,0.16
77,,0.384,0.606,0.506,0.97,0.526,0.294,0.254,0.15
78,,0.374,0.596,0.496,0.96,0.516,0.284,0.244,0.14
79,,0.364,0.586,0.486,0.95,0.506,0.274,0.234,0.13
80,,0.354,0.576,0.476,0.94,0.496,0.264,0.224,0.12
81,,0.344,0.566,0.466,0.93,0.486,0.254,0.214,0.11
82,,0.334,0.556,0.456,0.92,0.476,0.244,0.204,0.1
83,,0.324,0.546,0.446,0.91,0.466,0.234,0.194,0.09
84,,0.314,0.536,0.436,0.9,0.456,0.224,0.184,0.08
85,,0.304,0.526,0.426,0.89,0.446,0.214,0.174,0.07
86,,0.294,0.516,0.416,0.88,0.436,0.204,0.164,0.06
87,,0.284,0.506,0.406,0.87,0.426,0.194,0.154,0.05
88,,0.274,0.496,0.396,0.86,0.416,0.184,0.144,0.04
89,,0.264,0.486,0.386,0.85,0.406,0.174,0.134,0.03
90,,0.254,0.476,0.376,0.84,0.396,0.164,0.124,0.02
91,,0.244,0.466,0.366,0.83,0.386,0.154,0.114,0.01
92,,0.234,0.456,0.356,0.82,0.376,0.144,0.104,0.0
93,,0.224,0.446,0.346,0.81,0.366,0.134,0.094,-0.01
94,8,0.497,0.436,0.053,0.4,0.073,0.124,0.367,0.99
95,8,0.77,0.426,-0.24,-0.01,-0.22,0.114,0.64,1.0
96,3,0.76,0.699,0.76,0.263,-0.23,-0.179,0.23,0.707
97,3,0.75,0.972,1.0,0.536,-0.24,-0.472,-0.18,0.414
98,6,0.457,0.562,0.707,0.526,0.033,0.528,0.093,0.404
99,6,0.164,0.152,0.414,0.516,0.306,1.0,0.366,0.394
100,,0.154,0.142,0.404,0.506,0.296,0.99,0.356,0.384
101,,0.144,0.132,0.394,0.496,0.286,0.98,0.346,0.374
102,,0.134,0.122,0.384,0.486,0.276,0.97,0.336,0.364
103,,0.124,0.112,0.374,0.476,0.266,0.96,0.326,0.354
104,,0.114,0.102,0.364,0.466,0.256,0.95,0.316,0.344
105,,0.104,0.092,0.354,0.456,0.246,0.94,0.306,0.334
106,,0.094,0.082,0.344,0.446,0.236,0.93,0.296,0.324
107,,0.084,0.072,0.334,0.436,0.226,0.92,0.286,0.314
108,,0.074,0.062,0.324,0.426,0.216,0.91,0.276,0.304
109,,0.064,0.052,0.314,0.416,0.206,0.9,0.266,0.294
110,,0.054,0.042,0.304,0.406,0.196,0.89,0.256,0.284
111,,0.044,0.032,0.294,0.396,0.186,0.88,0.246,0.274
112,,0.034,0.022,0.284,0.386,0.176,0.87,0.236,0.264
113,,0.024,0.012,0.274,0.376,0.166,0.86,0.226,0.254
114,,0.014,0.002,0.264,0.366,0.156,0.85,0.216,0.244
115,,0.004,-0.008,0.254,0.356,0.146,0.84,0.206,0.234
116,2,0.277,0.992,0.527,0.346,-0.147,0.43,-0.087,0.224
117,2,0.55,1.0,0.8,0.336,-0.44,0.02,-0.38,0.214
118,5,0.14,0.707,0.79,0.609,0.56,0.293,-0.39,-0.079
119,5,-0.27,0.414,0.78,0.882,1.0,0.566,-0.4,-0.372
120,7,-0.28,0.121,0.37,0.589,0.99,0.839,0.6,-0.099
121,7,-0.29,-0.172,-0.04,0.296,0.98,1.0,1.0,0.174
122,1,0.71,0.101,-0.05,0.003,0.57,0.707,0.99,0.447
123,1,1.0,0.374,-0.06,-0.29,0.16,0.414,0.98,0.72
124,4,0.707,0.364,0.213,0.71,0.433,0.404,0.687,0.31
125,4,0.414,0.354,0.486,1.0,0.706,0.394,0.394,-0.1
126,8,0.687,0.344,0.193,0.59,0.413,0.384,0.667,0.9
127,8,0.96,0.334,-0.1,0.18,0.12,0.374,0.94,1.0
128,3,0.95,0.607,0.9,0.453,0.11,0.081,0.53,0.707
129,3,0.94,0.88,1.0,0.726,0.1,-0.212,0.12,0.414
130,6,0.647,0.47,0.707,0.716,0.373,0.788,0.393,0.404
131,6,0.354,0.06,0.414,0.706,0.646,1.0,0.666,0.394
132,,0.344,0.05,0.404,0.696,0.636,0.99,0.656,0.384
133,,0.334,0.04,0.394,0.686,0.626,0.98,0.646,0.374
134,,0.324,0.03,0.384,0.676,0.616,0.97,0.636,0.364
135,,0.314,0.02,0.374,0.666,0.606,0.96,0.626,0.354
136,,0.304,0.01,0.364,0.656,0.596,0.95,0.616,0.344
137,,0.294,0.0,0.354,0.646,0.586,0.94,0.606,0.334
138,,0.284,-0.01,0.344,0.636,0.576,0.93,0.596,0.324
139,2,0.557,0.99,0.617,0.626,0.283,0.52,0.303,0.314
140,2,0.83,1.0,0.89,0.616,-0.01,0.11,0.01,0.304
141,5,0.42,0.707,0.88,0.889,0.99,0.383,0.0,0.011
142,5,0.01,0.414,0.87,1.0,1.0,0.656,-0.01,-0.282
143,8,0.283,0.404,0.577,0.59,0.707,0.646,0.263,0.718
144,8,0.556,0.394,0.284,0.18,0.414,0.636,0.536,1.0
145,,0.546,0.384,0.274,0.17,0.404,0.626,0.526,0.99
146,,0.536,0.374,0.264,0.16,0.394,0.616,0.516,0.98
147,,0.526,0.364,0.254,0.15,0.384,0.606,0.506,0.97
148,,0.516,0.354,0.244,0.14,0.374,0.596,0.496,0.96
149,,0.506,0.344,0.234,0.13,0.364,0.586,0.486,0.95
150,,0.496,0.334,0.224,0.12,0.354,0.576,0.476,0.94
151,,0.486,0.324,0.214,0.11,0.344,0.566,0.466,0.93
152,,0.476,0.314,0.204,0.1,0.334,0.556,0.456,0.92
153,,0.466,0.304,0.194,0.09,0.324,0.546,0.446,0.91
154,,0.456,0.294,0.184,0.08,0.314,0.536,0.436,0.9
155,,0.446,0.284,0.174,0.07,0.304,0.526,0.426,0.89
156,,0.436,0.274,0.164,0.06,0.294,0.516,0.416,0.88
157,,0.426,0.264,0.154,0.05,0.284,0.506,0.406,0.87
158,,0.416,0.254,0.144,0.04,0.274,0.496,0.396,0.86
159,,0.406,0.244,0.134,0.03,0.264,0.486,0.386,0.85
160,,0.396,0.234,0.124,0.02,0.254,0.476,0.376,0.84
161,,0.386,0.224,0.114,0.01,0.244,0.466,0.366,0.83
162,,0.376,0.214,0.104,0.0,0.234,0.456,0.356,0.82
163,,0.366,0.204,0.094,-0.01,0.224,0.446,0.346,0.81
164,4,0.073,0.194,0.367,0.99,0.497,0.436,0.053,0.4
165,4,-0.22,0.184,0.64,1.0,0.77,0.426,-0.24,-0.01
166,7,-0.23,-0.109,0.23,0.707,0.76,0.699,0.76,0.263
167,7,-0.24,-0.402,-0.18,0.414,0.75,0.972,1.0,0.536
168,2,0.033,0.598,0.093,0.404,0.457,0.562,0.707,0.526
169,2,0.306,1.0,0.366,0.394,0.164,0.152,0.414,0.516
170,,0.296,0.99,0.356,0.384,0.154,0.142,0.404,0.506
171,,0.286,0.98,0.346,0.374,0.144,0.132,0.394,0.496
172,,0.276,0.97,0.336,0.364,0.134,0.122,0.384,0.486
173,,0.266,0.96,0.326,0.354,0.124,0.112,0.374,0.476
174,,0.256,0.95,0.316,0.344,0.114,0.102,0.364,0.466
175,,0.246,0.94,0.306,0.334,0.104,0.092,0.354,0.456
176,,0.236,0.93,0.296,0.324,0.094,0.082,0.344,0.446
177,,0.226,0.92,0.286,0.314,0.084,0.072,0.334,0.436
178,,0.216,0.91,0.276,0.304,0.074,0.062,0.324,0.426
179,,0.206,0.9,0.266,0.294,0.064,0.052,0.314,0.416
180,,0.196,0.89,0.256,0.284,0.054,0.042,0.304,0.406
181,,0.186,0.88,0.246,0.274,0.044,0.032,0.294,0.396
182,,0.176,0.87,0.236,0.264,0.034,0.022,0.284,0.386
183,,0.166,0.86,0.226,0.254,0.024,0.012,0.274,0.376
184,,0.156,0.85,0.216,0.244,0.014,0.002,0.264,0.366
185,,0.146,0.84,0.206,0.234,0.004,-0.008,0.254,0.356
186,6,-0.147,0.43,-0.087,0.224,0.277,0.992,0.527,0.346
187,6,-0.44,0.02,-0.38,0.214,0.55,1.0,0.8,0.336
188,1,0.56,0.293,-0.39,-0.079,0.14,0.707,0.79,0.609
189,1,1.0,0.566,-0.4,-0.372,-0.27,0.414,0.78,0.882
190,3,0.99,0.839,0.6,-0.099,-0.28,0.121,0.37,0.589
191,3,0.98,1.0,1.0,0.174,-0.29,-0.172,-0.04,0.296
192,5,0.57,0.707,0.99,0.447,0.71,0.101,-0.05,0.003
193,5,0.16,0.414,0.98,0.72,1.0,0.374,-0.06,-0.29
194,8,0.433,0.404,0.687,0.31,0.707,0.364,0.213,0.71
195,8,0.706,0.394,0.394,-0.1,0.414,0.354,0.486,1.0
196,4,0.413,0.384,0.667,0.9,0.687,0.344,0.193,0.59
197,4,0.12,0.374,0.94,1.0,0.96,0.334,-0.1,0.18
198,7,0.11,0.081,0.53,0.707,0.95,0.607,0.9,0.453
199,7,0.1,-0.212,0.12,0.414,0.94,0.88,1.0,0.726
200,2,0.373,0.788,0.393,0.404,0.647,0.47,0.707,0.716
201,2,0.646,1.0,0.666,0.394,0.354,0.06,0.414,0.706
202,,0.636,0.99,0.656,0.384,0.344,0.05,0.404,0.696
203,,0.626,0.98,0.646,0.374,0.334,0.04,0.394,0.686
204,,0.616,0.97,0.636,0.364,0.324,0.03,0.384,0.676
205,,0.606,0.96,0.626,0.354,0.314,0.02,0.374,0.666
206,,0.596,0.95,0.616,0.344,0.304,0.01,0.364,0.656
207,,0.586,0.94,0.606,0.334,0.294,0.0,0.354,0.646
208,,0.576,0.93,0.596,0.324,0.284,-0.01,0.344,0.636
209,6,0.283,0.52,0.303,0.314,0.557,0.99,0.617,0.626
210,6,-0.01,0.11,0.01,0.304,0.83,1.0,0.89,0.616
211,1,0.99,0.383,0.0,0.011,0.42,0.707,0.88,0.889
212,1,1.0,0.656,-0.01,-0.282,0.01,0.414,0.87,1.0
213,4,0.707,0.646,0.263,0.718,0.283,0.404,0.577,0.59
214,4,0.414,0.636,0.536,1.0,0.556,0.394,0.284,0.18
215,,0.404,0.626,0.526,0.99,0.546,0.384,0.274,0.17
216,,0.394,0.616,0.516,0.98,0.536,0.374,0.264,0.16
217,,0.384,0.606,0.506,0.97,0.526,0.364,0.254,0.15
218,,0.374,0.596,0.496,0.96,0.516,0.354,0.244,0.14
219,,0.364,0.586,0.486,0.95,0.506,0.344,0.234,0.13
220,,0.354,0.576,0.476,0.94,0.496,0.334,0.224,0.12
221,,0.344,0.566,0.466,0.93,0.486,0.324,0.214,0.11
222,,0.334,0.556,0.456,0.92,0.476,0.314,0.204,0.1
223,,0.324,0.546,0.446,0.91,0.466,0.304,0.194,0.09
224,,0.314,0.536,0.436,0.9,0.456,0.294,0.184,0.08
225,,0.304,0.526,0.426,0.89,0.446,0.284,0.174,0.07
226,,0.294,0.516,0.416,0.88,0.436,0.274,0.164,0.06
227,,0.284,0.506,0.406,0.87,0.426,0.264,0.154,0.05
228,,0.274,0.496,0.396,0.86,0.416,0.254,0.144,0.04
229,,0.264,0.486,0.386,0.85,0.406,0.244,0.134,0.03
230,,0.254,0.476,0.376,0.84,0.396,0.234,0.124,0.02
231,,0.244,0.466,0.366,0.83,0.386,0.224,0.114,0.01
232,,0.234,0.456,0.356,0.82,0.376,0.214,0.104,0.0
233,,0.224,0.446,0.346,0.81,0.366,0.204,0.094,-0.01
234,8,0.497,0.436,0.053,0.4,0.073,0.194,0.367,0.99
235,8,0.77,0.426,-0.24,-0.01,-0.22,0.184,0.64,1.0
236,3,0.76,0.699,0.76,0.263,-0.23,-0.109,0.23,0.707
237,3,0.75,0.972,1.0,0.536,-0.24,-0.402,-0.18,0.414
238,6,0.457,0.562,0.707,0.526,0.033,0.598,0.093,0.404
239,6,0.164,0.152,0.414,0.516,0.306,1.0,0.366,0.394
240,,0.154,0.142,0.404,0.506,0.296,0.99,0.356,0.384
241,,0.144,0.132,0.394,0.496,0.286,0.98,0.346,0.374
242,,0.134,0.122,0.384,0.486,0.276,0.97,0.336,0.364
243,,0.124,0.112,0.374,0.476,0.266,0.96,0.326,0.354
244,,0.114,0.102,0.364,0.466,0.256,0.95,0.316,0.344
245,,0.104,0.092,0.354,0.456,0.246,0.94,0.306,0.334
246,,0.094,0.082,0.344,0.446,0.236,0.93,0.296,0.324
247,,0.084,0.072,0.334,0.436,0.226,0.92,0.286,0.314
248,,0.074,0.062,0.324,0.426,0.216,0.91,0.276,0.304
249,,0.064,0.052,0.314,0.416,0.206,0.9,0.266,0.294
250,,0.054,0.042,0.304,0.406,0.196,0.89,0.256,0.284
251,,0.044,0.032,0.294,0.396,0.186,0.88,0.246,0.274
252,,0.034,0.022,0.284,0.386,0.176,0.87,0.236,0.264
253,,0.024,0.012,0.274,0.376,0.166,0.86,0.226,0.254
254,,0.014,0.002,0.264,0.366,0.156,0.85,0.216,0.244
255,,0.004,-0.008,0.254,0.356,0.146,0.84,0.206,0.234
256,2,0.277,0.992,0.527,0.346,-0.147,0.43,-0.087,0.224
257,2,0.55,1.0,0.8,0.336,-0.44,0.02,-0.38,0.214
258,5,0.14,0.707,0.79,0.609,0.56,0.293,-0.39,-0.079
259,5,-0.27,0.414,0.78,0.882,1.0,0.566,-0.4,-0.372
260,7,-0.28,0.121,0.37,0.589,0.99,0.839,0.6,-0.099
261,7,-0.29,-0.172,-0.04,0.296,0.98,1.0,1.0,0.174
262,1,0.71,0.101,-0.05,0.003,0.57,0.707,0.99,0.447
263,1,1.0,0.374,-0.06,-0.29,0.16,0.414,0.98,0.72
264,4,0.707,0.364,0.213,0.71,0.433,0.404,0.687,0.31
265,4,0.414,0.354,0.486,1.0,0.706,0.394,0.394,-0.1
266,8,0.687,0.344,0.193,0.59,0.413,0.384,0.667,0.9
267,8,0.96,0.334,-0.1,0.18,0.12,0.374,0.94,1.0
268,3,0.95,0.607,0.9,0.453,0.11,0.081,0.53,0.707
269,3,0.94,0.88,1.0,0.726,0.1,-0.212,0.12,0.414
270,6,0.647,0.47,0.707,0.716,0.373,0.788,0.393,0.404
271,6,0.354,0.06,0.414,0.706,0.646,1.0,0.666,0.394
272,,0.344,0.05,0.404,0.696,0.636,0.99,0.656,0.384
273,,0.334,0.04,0.394,0.686,0.626,0.98,0.646,0.374
274,,0.324,0.03,0.384,0.676,0.616,0.97,0.636,0.364
275,,0.314,0.02,0.374,0.666,0.606,0.96,0.626,0.354
276,,0.304,0.01,0.364,0.656,0.596,0.95,0.616,0.344
277,,0.294,0.0,0.354,0.646,0.586,0.94,0.606,0.334
278,,0.284,-0.01,0.344,0.636,0.576,0.93,0.596,0.324
279,2,0.557,0.99,0.617,0.626,0.283,0.52,0.303,0.314
280,2,0.83,1.0,0.89,0.616,-0.01,0.11,0.01,0.304
281,5,0.42,0.707,0.88,0.889,0.99,0.383,0.0,0.011
282,5,0.01,0.414,0.87,1.0,1.0,0.656,-0.01,-0.282
283,8,0.283,0.404,0.577,0.59,0.707,0.646,0.263,0.718
284,8,0.556,0.394,0.284,0.18,0.414,0.636,0.536,1.0
285,,0.546,0.384,0.274,0.17,0.404,0.626,0.526,0.99
286,,0.536,0.374,0.264,0.16,0.394,0.616,0.516,0.98
287,,0.526,0.364,0.254,0.15,0.384,0.606,0.506,0.97
288,,0.516,0.354,0.244,0.14,0.374,0.596,0.496,0.96
289,,0.506,0.344,0.234,0.13,0.364,0.586,0.486,0.95
290,,0.496,0.334,0.224,0.12,0.354,0.576,0.476,0.94
291,,0.486,0.324,0.214,0.11,0.344,0.566,0.466,0.93
292,,0.476,0.314,0.204,0.1,0.334,0.556,0.456,0.92
293,,0.466,0.304,0.194,0.09,0.324,0.546,0.446,0.91
294,,0.456,0.294,0.184,0.08,0.314,0.536,0.436,0.9
295,,0.446,0.284,0.174,0.07,0.304,0.526,0.426,0.89
296,,0.436,0.274,0.164,0.06,0.294,0.516,0.416,0.88
297,,0.426,0.264,0.154,0.05,0.284,0.506,0.406,0.87
298,,0.416,0.254,0.144,0.04,0.274,0.496,0.396,0.86
299,,0.406,0.244,0.134,0.03,0.264,0.486,0.386,0.85
300,,0.396,0.234,0.124,0.02,0.254,0.476,0.376,0.84
301,,0.386,0.224,0.114,0.01,0.244,0.466,0.366,0.83
302,,0.376,0.214,0.104,0.0,0.234,0.456,0.356,0.82
303,,0.366,0.204,0.094,-0.01,0.224,0.446,0.346,0.81
304,4,0.073,0.194,0.367,0.99,0.497,0.436,0.053,0.4
305,4,-0.22,0.184,0.64,1.0,0.77,0.426,-0.24,-0.01
306,7,-0.23,-0.109,0.23,0.707,0.76,0.699,0.76,0.263
307,7,-0.24,-0.402,-0.18,0.414,0.75,0.972,1.0,0.536
308,2,0.033,0.598,0.093,0.404,0.457,0.562,0.707,0.526
309,2,0.306,1.0,0.366,0.394,0.164,0.152,0.414,0.516
310,,0.296,0.99,0.356,0.384,0.154,0.142,0.404,0.506
311,,0.286,0.98,0.346,0.374,0.144,0.132,0.394,0.496
312,,0.276,0.97,0.336,0.364,0.134,0.122,0.384,0.486
313,,0.266,0.96,0.326,0.354,0.124,0.112,0.374,0.476
314,,0.256,0.95,0.316,0.344,0.114,0.102,0.364,0.466
315,,0.246,0.94,0.306,0.334,0.104,0.092,0.354,0.456
316,,0.236,0.93,0.296,0.324,0.094,0.082,0.344,0.446
317,,0.226,0.92,0.286,0.314,0.084,0.072,0.334,0.436
318,,0.216,0.91,0.276,0.304,0.074,0.062,0.324,0.426
319,,0.206,0.9,0.266,0.294,0.064,0.052,0.314,0.416
320,,0.196,0.89,0.256,0.284,0.054,0.042,0.304,0.406
321,,0.186,0.88,0.246,0.274,0.044,0.032,0.294,0.396
322,,0.176,0.87,0.236,0.264,0.034,0.022,0.284,0.386
323,,0.166,0.86,0.226,0.254,0.024,0.012,0.274,0.376
324,,0.156,0.85,0.216,0.244,0.014,0.002,0.264,0.366
325,,0.146,0.84,0.206,0.234,0.004,-0.008,0.254,0.356
326,6,-0.147,0.43,-0.087,0.224,0.277,0.992,0.527,0.346
327,6,-0.44,0.02,-0.38,0.214,0.55,1.0,0.8,0.336
328,1,0.56,0.293,-0.39,-0.079,0.14,0.707,0.79,0.609
329,1,1.0,0.566,-0.4,-0.372,-0.27,0.414,0.78,0.882
330,3,0.99,0.839,0.6,-0.099,-0.28,0.121,0.37,0.589
331,3,0.98,1.0,1.0,0.174,-0.29,-0.172,-0.04,0.296
332,5,0.57,0.707,0.99,0.447,0.71,0.101,-0.05,0.003
333,5,0.16,0.414,0.98,0.72,1.0,0.374,-0.06,-0.29
334,8,0.433,0.404,0.687,0.31,0.707,0.364,0.213,0.71
335,8,0.706,0.394,0.394,-0.1,0.414,0.354,0.486,1.0
336,4,0.413,0.384,0.667,0.9,0.687,0.344,0.193,0.59
337,4,0.12,0.374,0.94,1.0,0.96,0.334,-0.1,0.18
338,7,0.11,0.081,0.53,0.707,0.95,0.607,0.9,0.453
339,7,0.1,-0.212,0.12,0.414,0.94,0.88,1.0,0.726
340,2,0.373,0.788,0.393,0.404,0.647,0.47,0.707,0.716
341,2,0.646,1.0,0.666,0.394,0.354,0.06,0.414,0.706
342,,0.636,0.99,0.656,0.384,0.344,0.05,0.404,0.696
343,,0.626,0.98,0.646,0.374,0.334,0.04,0.394,0.686
344,,0.616,0.97,0.636,0.364,0.324,0.03,0.384,0.676
345,,0.606,0.96,0.626,0.354,0.314,0.02,0.374,0.666
346,,0.596,0.95,0.616,0.344,0.304,0.01,0.364,0.656
347,,0.586,0.94,0.606,0.334,0.294,0.0,0.354,0.646
348,,0.576,0.93,0.596,0.324,0.284,-0.01,0.344,0.636
349,6,0.283,0.52,0.303,0.314,0.557,0.99,0.617,0.626
350,6,-0.01,0.11,0.01,0.304,0.83,1.0,0.89,0.616
351,1,0.99,0.383,0.0,0.011,0.42,0.707,0.88,0.889
352,1,1.0,0.656,-0.01,-0.282,0.01,0.414,0.87,1.0
353,4,0.707,0.646,0.263,0.718,0.283,0.404,0.577,0.59
354,4,0.414,0.636,0.536,1.0,0.556,0.394,0.284,0.18
355,,0.404,0.626,0.526,0.99,0.546,0.384,0.274,0.17
356,,0.394,0.616,0.516,0.98,0.536,0.374,0.264,0.16
357,,0.384,0.606,0.506,0.97,0.526,0.364,0.254,0.15
358,,0.374,0.596,0.496,0.96,0.516,0.354,0.244,0.14
359,,0.364,0.586,0.486,0.95,0.506,0.344,0.234,0.13
360,,0.354,0.576,0.476,0.94,0.496,0.334,0.224,0.12
361,,0.344,0.566,0.466,0.93,0.486,0.324,0.214,0.11
362,,0.334,0.556,0.456,0.92,0.476,0.314,0.204,0.1
363,,0.324,0.546,0.446,0.91,0.466,0.304,0.194,0.09
364,,0.314,0.536,0.436,0.9,0.456,0.294,0.184,0.08
365,,0.304,0.526,0.426,0.89,0.446,0.284,0.174,0.07
366,,0.294,0.516,0.416,0.88,0.436,0.274,0.164,0.06
367,,0.284,0.506,0.406,0.87,0.426,0.264,0.154,0.05
368,,0.274,0.496,0.396,0.86,0.416,0.254,0.144,0.04
369,,0.264,0.486,0.386,0.85,0.406,0.244,0.134,0.03
370,,0.254,0.476,0.376,0.84,0.396,0.234,0.124,0.02
371,,0.244,0.466,0.366,0.83,0.386,0.224,0.114,0.01
372,,0.234,0.456,0.356,0.82,0.376,0.214,0.104,0.0
373,,0.224,0.446,0.346,0.81,0.366,0.204,0.094,-0.01
374,8,0.497,0.436,0.053,0.4,0.073,0.194,0.367,0.99
375,8,0.77,0.426,-0.24,-0.01,-0.22,0.184,0.64,1.0
376,3,0.76,0.699,0.76,0.263,-0.23,-0.109,0.23,0.707
377,3,0.75,0.972,1.0,0.536,-0.24,-0.402,-0.18,0.414
378,6,0.457,0.562,0.707,0.526,0.033,0.598,0.093,0.404
379,6,0.164,0.152,0.414,0.516,0.306,1.0,0.366,0.394
380,,0.154,0.142,0.404,0.506,0.296,0.99,0.356,0.384
381,,0.144,0.132,0.394,0.496,0.286,0.98,0.346,0.374
382,,0.134,0.122,0.384,0.486,0.276,0.97,0.336,0.364
383,,0.124,0.112,0.374,0.476,0.266,0.96,0.326,0.354
384,,0.114,0.102,0.364,0.466,0.256,0.95,0.316,0.344
385,,0.104,0.092,0.354,0.456,0.246,0.94,0.306,0.334
386,,0.094,0.082,0.344,0.446,0.236,0.93,0.296,0.324
387,,0.084,0.072,0.334,0.436,0.226,0.92,0.286,0.314
388,,0.074,0.062,0.324,0.426,0.216,0.91,0.276,0.304
389,,0.064,0.052,0.314,0.416,0.206,0.9,0.266,0.294
390,,0.054,0.042,0.304,0.406,0.196,0.89,0.256,0.284
391,,0.044,0.032,0.294,0.396,0.186,0.88,0.246,0.274
392,,0.034,0.022,0.284,0.386,0.176,0.87,0.236,0.264
393,,0.024,0.012,0.274,0.376,0.166,0.86,0.226,0.254
394,,0.014,0.002,0.264,0.366,0.156,0.85,0.216,0.244
395,,0.004,-0.008,0.254,0.356,0.146,0.84,0.206,0.234
396,2,0.277,0.992,0.527,0.346,-0.147,0.43,-0.087,0.224
397,2,0.55,1.0,0.8,0.336,-0.44,0.02,-0.38,0.214
398,5,0.14,0.707,0.79,0.609,0.56,0.293,-0.39,-0.079
399,5,-0.27,0.414,0.78,0.882,1.0,0.566,-0.4,-0.372
400,7,-0.28,0.121,0.37,0.589,0.99,0.839,0.6,-0.099
401,7,-0.29,-0.172,-0.04,0.296,0.98,1.0,1.0,0.174
402,1,0.71,0.101,-0.05,0.003,0.57,0.707,0.99,0.447
403,1,1.0,0.374,-0.06,-0.29,0.16,0.414,0.98,0.72
404,4,0.707,0.364,0.213,0.71,0.433,0.404,0.687,0.31
405,4,0.414,0.354,0.486,1.0,0.706,0.394,0.394,-0.1
406,8,0.687,0.344,0.193,0.59,0.413,0.384,0.667,0.9
407,8,0.96,0.334,-0.1,0.18,0.12,0.374,0.94,1.0
408,3,0.95,0.607,0.9,0.453,0.11,0.081,0.53,0.707
409,3,0.94,0.88,1.0,0.726,0.1,-0.212,0.12,0.414
410,6,0.647,0.47,0.707,0.716,0.373,0.788,0.393,0.404
411,6,0.354,0.06,0.414,0.706,0.646,1.0,0.666,0.394
412,,0.344,0.05,0.404,0.696,0.636,0.99,0.656,0.384
413,,0.334,0.04,0.394,0.686,0.626,0.98,0.646,0.374
414,,0.324,0.03,0.384,0.676,0.616,0.97,0.636,0.364
415,,0.314,0.02,0.374,0.666,0.606,0.96,0.626,0.354
416,,0.304,0.01,0.364,0.656,0.596,0.95,0.616,0.344
417,,0.294,0.0,0.354,0.646,0.586,0.94,0.606,0.334
418,,0.284,-0.01,0.344,0.636,0.576,0.93,0.596,0.324
419,2,0.557,0.99,0.617,0.626,0.283,0.52,0.303,0.314
420,2,0.83,1.0,0.89,0.616,-0.01,0.11,0.01,0.304
421,5,0.42,0.707,0.88,0.889,0.99,0.383,0.0,0.011
422,5,0.01,0.414,0.87,1.0,1.0,0.656,-0.01,-0.282
423,8,0.283,0.404,0.577,0.59,0.707,0.646,0.263,0.718
424,8,0.556,0.394,0.284,0.18,0.414,0.636,0.536,1.0
425,,0.546,0.384,0.274,0.17,0.404,0.626,0.526,0.99
426,,0.536,0.374,0.264,0.16,0.394,0.616,0.516,0.98
427,,0.526,0.364,0.254,0.15,0.384,0.606,0.506,0.97
428,,0.516,0.354,0.244,0.14,0.374,0.596,0.496,0.96
429,,0.506,0.344,0.234,0.13,0.364,0.586,0.486,0.95
430,,0.496,0.334,0.224,0.12,0.354,0.576,0.476,0.94
431,,0.486,0.324,0.214,0.11,0.344,0.566,0.466,0.93
432,,0.476,0.314,0.204,0.1,0.334,0.556,0.456,0.92
433,,0.466,0.304,0.194,0.09,0.324,0.546,0.446,0.91
434,,0.456,0.294,0.184,0.08,0.314,0.536,0.436,0.9
435,,0.446,0.284,0.174,0.07,0.304,0.526,0.426,0.89
436,,0.436,0.274,0.164,0.06,0.294,0.516,0.416,0.88
437,,0.426,0.264,0.154,0.05,0.284,0.506,0.406,0.87
438,,0.416,0.254,0.144,0.04,0.274,0.496,0.396,0.86
439,,0.406,0.244,0.134,0.03,0.264,0.486,0.386,0.85
440,,0.396,0.234,0.124,0.02,0.254,0.476,0.376,0.84
441,,0.386,0.224,0.114,0.01,0.244,0.466,0.366,0.83
442,,0.376,0.214,0.104,0.0,0.234,0.456,0.356,0.82
443,,0.366,0.204,0.094,-0.01,0.224,0.446,0.346,0.81
444,4,0.073,0.194,0.367,0.99,0.497,0.436,0.053,0.4
445,4,-0.22,0.184,0.64,1.0,0.77,0.426,-0.24,-0.01
446,7,-0.23,-0.109,0.23,0.707,0.76,0.699,0.76,0.263
447,7,-0.24,-0.402,-0.18,0.414,0.75,0.972,1.0,0.536
448,2,0.033,0.598,0.093,0.404,0.457,0.562,0.707,0.526
449,2,0.306,1.0,0.366,0.394,0.164,0.152,0.414,0.516
450,,0.296,0.99,0.356,0.384,0.154,0.142,0.404,0.506
451,,0.286,0.98,0.346,0.374,0.144,0.132,0.394,0.496
452,,0.276,0.97,0.336,0.364,0.134,0.122,0.384,0.486
453,,0.266,0.96,0.326,0.354,0.124,0.112,0.374,0.476
454,,0.256,0.95,0.316,0.344,0.114,0.102,0.364,0.466
455,,0.246,0.94,0.306,0.334,0.104,0.092,0.354,0.456
456,,0.236,0.93,0.296,0.324,0.094,0.082,0.344,0.446
457,,0.226,0.92,0.286,0.314,0.084,0.072,0.334,0.436
458,,0.216,0.91,0.276,0.304,0.074,0.062,0.324,0.426
459,,0.206,0.9,0.266,0.294,0.064,0.052,0.314,0.416
460,,0.196,0.89,0.256,0.284,0.054,0.042,0.304,0.406
461,,0.186,0.88,0.246,0.274,0.044,0.032,0.294,0.396
462,,0.176,0.87,0.236,0.264,0.034,0.022,0.284,0.386
463,,0.166,0.86,0.226,0.254,0.024,0.012,0.274,0.376
464,,0.156,0.85,0.216,0.244,0.014,0.002,0.264,0.366
465,,0.146,0.84,0.206,0.234,0.004,-0.008,0.254,0.356
466,6,-0.147,0.43,-0.087,0.224,0.277,0.992,0.527,0.346
467,6,-0.44,0.02,-0.38,0.214,0.55,1.0,0.8,0.336
468,1,0.56,0.293,-0.39,-0.079,0.14,0.707,0.79,0.609
469,1,1.0,0.566,-0.4,-0.372,-0.27,0.414,0.78,0.882
470,3,0.99,0.839,0.6,-0.099,-0.28,0.121,0.37,0.589
471,3,0.98,1.0,1.0,0.174,-0.29,-0.172,-0.04,0.296
472,5,0.57,0.707,0.99,0.447,0.71,0.101,-0.05,0.003
473,5,0.16,0.414,0.98,0.72,1.0,0.374,-0.06,-0.29
474,8,0.433,0.404,0.687,0.31,0.707,0.364,0.213,0.71
475,8,0.706,0.394,0.394,-0.1,0.414,0.354,0.486,1.0
476,4,0.413,0.384,0.667,0.9,0.687,0.344,0.193,0.59
477,4,0.12,0.374,0.94,1.0,0.96,0.334,-0.1,0.18
478,7,0.11,0.081,0.53,0.707,0.95,0.607,0.9,0.453
479,7,0.1,-0.212,0.12,0.414,0.94,0.88,1.0,0.726
480,2,0.373,0.788,0.393,0.404,0.647,0.47,0.707,0.716
481,2,0.646,1.0,0.666,0.394,0.354,0.06,0.414,0.706
482,,0.636,0.99,0.656,0.384,0.344,0.05,0.404,0.696
483,,0.626,0.98,0.646,0.374,0.334,0.04,0.394,0.686
484,,0.616,0.97,0.636,0.364,0.324,0.03,0.384,0.676
485,,0.606,0.96,0.626,0.354,0.314,0.02,0.374,0.666
486,,0.596,0.95,0.616,0.344,0.304,0.01,0.364,0.656
487,,0.586,0.94,0.606,0.334,0.294,0.0,0.354,0.646
488,,0.576,0.93,0.596,0.324,0.284,-0.01,0.344,0.636
489,6,0.283,0.52,0.303,0.314,0.557,0.99,0.617,0.626
490,6,-0.01,0.11,0.01,0.304,0.83,1.0,0.89,0.616
491,1,0.99,0.383,0.0,0.011,0.42,0.707,0.88,0.889
492,1,1.0,0.656,-0.01,-0.282,0.01,0.414,0.87,1.0
493,4,0.707,0.646,0.263,0.718,0.283,0.404,0.577,0.59
494,4,0.414,0.636,0.536,1.0,0.556,0.394,0.284,0.18
495,,0.404,0.626,0.526,0.99,0.546,0.384,0.274,0.17
496,,0.394,0.616,0.516,0.98,0.536,0.374,0.264,0.16
497,,0.384,0.606,0.506,0.97,0.526,0.364,0.254,0.15
498,,0.374,0.596,0.496,0.96,0.516,0.354,0.244,0.14
499,,0.364,0.586,0.486,0.95,0.506,0.344,0.234,0.13
500,,0.354,0.576,0.476,0.94,0.496,0.334,0.224,0.12
501,,0.344,0.566,0.466,0.93,0.486,0.324,0.214,0.11
502,,0.334,0.556,0.456,0.92,0.476,0.314,0.204,0.1
503,,0.324,0.546,0.446,0.91,0.466,0.304,0.194,0.09
504,,0.314,0.536,0.436,0.9,0.456,0.294,0.184,0.08
505,,0.304,0.526,0.426,0.89,0.446,0.284,0.174,0.07
506,,0.294,0.516,0.416,0.88,0.436,0.274,0.164,0.06
507,,0.284,0.506,0.406,0.87,0.426,0.264,0.154,0.05
508,,0.274,0.496,0.396,0.86,0.416,0.254,0.144,0.04
509,,0.264,0.486,0.386,0.85,0.406,0.244,0.134,0.03
510,,0.254,0.476,0.376,0.84,0.396,0.234,0.124,0.02
511,,0.244,0.466,0.366,0.83,0.386,0.224,0.114,0.01
512,,0.234,0.456,0.356,0.82,0.376,0.214,0.104,0.0
513,,0.224,0.446,0.346,0.81,0.366,0.204,0.094,-0.01
514,8,0.497,0.436,0.053,0.4,0.073,0.194,0.367,0.99
515,8,0.77,0.426,-0.24,-0.01,-0.22,0.184,0.64,1.0
516,3,0.76,0.699,0.76,0.263,-0.23,-0.109,0.23,0.707
517,3,0.75,0.972,1.0,0.536,-0.24,-0.402,-0.18,0.414
518,6,0.457,0.562,0.707,0.526,0.033,0.598,0.093,0.404
519,6,0.164,0.152,0.414,0.516,0.306,1.0,0.366,0.394
520,,0.154,0.142,0.404,0.506,0.296,0.99,0.356,0.384
521,,0.144,0.132,0.394,0.496,0.286,0.98,0.346,0.374
522,,0.134,0.122,0.384,0.486,0.276,0.97,0.336,0.364
523,,0.124,0.112,0.374,0.476,0.266,0.96,0.326,0.354
524,,0.114,0.102,0.364,0.466,0.256,0.95,0.316,0.344
525,,0.104,0.092,0.354,0.456,0.246,0.94,0.306,0.334
526,,0.094,0.082,0.344,0.446,0.236,0.93,0.296,0.324
527,,0.084,0.072,0.334,0.436,0.226,0.92,0.286,0.314
528,,0.074,0.062,0.324,0.426,0.216,0.91,0.276,0.304
529,,0.064,0.052,0.314,0.416,0.206,0.9,0.266,0.294
530,,0.054,0.042,0.304,0.406,0.196,0.89,0.256,0.284
531,,0.044,0.032,0.294,0.396,0.186,0.88,0.246,0.274
532,,0.034,0.022,0.284,0.386,0.176,0.87,0.236,0.264
533,,0.024,0.012,0.274,0.376,0.166,0.86,0.226,0.254
534,,0.014,0.002,0.264,0.366,0.156,0.85,0.216,0.244
535,,0.004,-0.008,0.254,0.356,0.146,0.84,0.206,0.234
536,2,0.277,0.992,0.527,0.346,-0.147,0.43,-0.087,0.224
537,2,0.55,1.0,0.8,0.336,-0.44,0.02,-0.38,0.214
538,5,0.14,0.707,0.79,0.609,0.56,0.293,-0.39,-0.079
539,5,-0.27,0.414,0.78,0.882,1.0,0.566,-0.4,-0.372
540,7,-0.28,0.121,0.37,0.589,0.99,0.839,0.6,-0.099
541,7,-0.29,-0.172,-0.04,0.296,0.98,1.0,1.0,0.174
542,1,0.71,0.101,-0.05,0.003,0.57,0.707,0.99,0.447
543,1,1.0,0.374,-0.06,-0.29,0.16,0.414,0.98,0.72
544,4,0.707,0.364,0.213,0.71,0.433,0.404,0.687,0.31
545,4,0.414,0.354,0.486,1.0,0.706,0.394,0.394,-0.1
546,8,0.687,0.344,0.193,0.59,0.413,0.384,0.667,0.9
547,8,0.96,0.334,-0.1,0.18,0.12,0.374,0.94,1.0
548,3,0.95,0.607,0.9,0.453,0.11,0.081,0.53,0.707
549,3,0.94,0.88,1.0,0.726,0.1,-0.212,0.12,0.414
550,6,0.647,0.47,0.707,0.716,0.373,0.788,0.393,0.404
551,6,0.354,0.06,0.414,0.706,0.646,1.0,0.666,0.394
552,,0.344,0.05,0.404,0.696,0.636,0.99,0.656,0.384
553,,0.334,0.04,0.394,0.686,0.626,0.98,0.646,0.374
554,,0.324,0.03,0.384,0.676,0.616,0.97,0.636,0.364
555,,0.314,0.02,0.374,0.666,0.606,0.96,0.626,0.354
556,,0.304,0.01,0.364,0.656,0.596,0.95,0.616,0.344
557,,0.294,0.0,0.354,0.646,0.586,0.94,0.606,0.334
558,,0.284,-0.01,0.344,0.636,0.576,0.93,0.596,0.324
559,2,0.557,0.99,0.617,0.626,0.283,0.52,0.303,0.314
560,2,0.83,1.0,0.89,0.616,-0.01,0.11,0.01,0.304
561,5,0.42,0.707,0.88,0.889,0.99,0.383,0.0,0.011
562,5,0.01,0.414,0.87,1.0,1.0,0.656,-0.01,-0.282
563,8,0.283,0.404,0.577,0.59,0.707,0.646,0.263,0.718
564,8,0.556,0.394,0.284,0.18,0.414,0.636,0.536,1.0
565,,0.546,0.384,0.274,0.17,0.404,0.626,0.526,0.99
566,,0.536,0.374,0.264,0.16,0.394,0.616,0.516,0.98
567,,0.526,0.364,0.254,0.15,0.384,0.606,0.506,0.97
568,,0.516,0.354,0.244,0.14,0.374,0.596,0.496,0.96
569,,0.506,0.344,0.234,0.13,0.364,0.586,0.486,0.95
570,,0.496,0.334,0.224,0.12,0.354,0.576,0.476,0.94
571,,0.486,0.324,0.214,0.11,0.344,0.566,0.466,0.93
572,,0.476,0.314,0.204,0.1,0.334,0.556,0.456,0.92
573,,0.466,0.304,0.194,0.09,0.324,0.546,0.446,0.91
574,,0.456,0.294,0.184,0.08,0.314,0.536,0.436,0.9
575,,0.446,0.284,0.174,0.07,0.304,0.526,0.426,0.89
576,,0.436,0.274,0.164,0.06,0.294,0.516,0.416,0.88
577,,0.426,0.264,0.154,0.05,0.284,0.506,0.406,0.87
578,,0.416,0.254,0.144,0.04,0.274,0.496,0.396,0.86
579,,0.406,0.244,0.134,0.03,0.264,0.486,0.386,0.85
580,,0.396,0.234,0.124,0.02,0.254,0.476,0.376,0.84
581,,0.386,0.224,0.114,0.01,0.244,0.466,0.366,0.83
582,,0.376,0.214,0.104,0.0,0.234,0.456,0.356,0.82
583,,0.366,0.204,0.094,-0.01,0.224,0.446,0.346,0.81
584,4,0.073,0.194,0.367,0.99,0.497,0.436,0.053,0.4
585,4,-0.22,0.184,0.64,1.0,0.77,0.426,-0.24,-0.01
586,7,-0.23,-0.109,0.23,0.707,0.76,0.699,0.76,0.263
587,7,-0.24,-0.402,-0.18,0.414,0.75,0.972,1.0,0.536
588,2,0.033,0.598,0.093,0.404,0.457,0.562,0.707,0.526
589,2,0.306,1.0,0.366,0.394,0.164,0.152,0.414,0.516
590,,0.296,0.99,0.356,0.384,0.154,0.142,0.404,0.506
591,,0.286,0.98,0.346,0.374,0.144,0.132,0.394,0.496
592,,0.276,0.97,0.336,0.364,0.134,0.122,0.384,0.486
593,,0.266,0.96,0.326,0.354,0.124,0.112,0.374,0.476
594,,0.256,0.95,0.316,0.344,0.114,0.102,0.364,0.466
595,,0.246,0.94,0.306,0.334,0.104,0.092,0.354,0.456
596,,0.236,0.93,0.296,0.324,0.094,0.082,0.344,0.446
597,,0.226,0.92,0.286,0.314,0.084,0.072,0.334,0.436
598,,0.216,0.91,0.276,0.304,0.074,0.062,0.324,0.426
599,,0.206,0.9,0.266,0.294,0.064,0.052,0.314,0.416
600,,0.196,0.89,0.256,0.284,0.054,0.042,0.304,0.406
601,,0.186,0.88,0.246,0.274,0.044,0.032,0.294,0.396
602,,0.176,0.87,0.236,0.264,0.034,0.022,0.284,0.386
603,,0.166,0.86,0.226,0.254,0.024,0.012,0.274,0.376
604,,0.156,0.85,0.216,0.244,0.014,0.002,0.264,0.366
605,,0.146,0.84,0.206,0.234,0.004,-0.008,0.254,0.356
606,6,-0.147,0.43,-0.087,0.224,0.277,0.992,0.527,0.346
607,6,-0.44,0.02,-0.38,0.214,0.55,1.0,0.8,0.336
608,1,0.56,0.293,-0.39,-0.079,0.14,0.707,0.79,0.609
609,1,1.0,0.566,-0.4,-0.372,-0.27,0.414,0.78,0.882
610,3,0.99,0.839,0.6,-0.099,-0.28,0.121,0.37,0.589
611,3,0.98,1.0,1.0,0.174,-0.29,-0.172,-0.04,0.296
612,5,0.57,0.707,0.99,0.447,0.71,0.101,-0.05,0.003
613,5,0.16,0.414,0.98,0.72,1.0,0.374,-0.06,-0.29
614,8,0.433,0.404,0.687,0.31,0.707,0.364,0.213,0.71
615,8,0.706,0.394,0.394,-0.1,0.414,0.354,0.486,1.0
616,4,0.413,0.384,0.667,0.9,0.687,0.344,0.193,0.59
617,4,0.12,0.374,0.94,1.0,0.96,0.334,-0.1,0.18
618,7,0.11,0.081,0.53,0.707,0.95,0.607,0.9,0.453
619,7,0.1,-0.212,0.12,0.414,0.94,0.88,1.0,0.726
620,2,0.373,0.788,0.393,0.404,0.647,0.47,0.707,0.716
621,2,0.646,1.0,0.666,0.394,0.354,0.06,0.414,0.706
622,,0.636,0.99,0.656,0.384,0.344,0.05,0.404,0.696
623,,0.626,0.98,0.646,0.374,0.334,0.04,0.394,0.686
624,,0.616,0.97,0.636,0.364,0.324,0.03,0.384,0.676
625,,0.606,0.96,0.626,0.354,0.314,0.02,0.374,0.666
626,,0.596,0.95,0.616,0.344,0.304,0.01,0.364,0.656
627,,0.586,0.94,0.606,0.334,0.294,0.0,0.354,0.646
628,,0.576,0.93,0.596,0.324,0.284,-0.01,0.344,0.636
629,6,0.283,0.52,0.303,0.314,0.557,0.99,0.617,0.626
630,6,-0.01,0.11,0.01,0.304,0.83,1.0,0.89,0.616
631,1,0.99,0.383,0.0,0.011,0.42,0.707,0.88,0.889
632,1,1.0,0.656,-0.01,-0.282,0.01,0.414,0.87,1.0
633,4,0.707,0.646,0.263,0.718,0.283,0.404,0.577,0.59
634,4,0.414,0.636,0.536,1.0,0.556,0.394,0.284,0.18
635,,0.404,0.626,0.526,0.99,0.546,0.384,0.274,0.17
636,,0.394,0.616,0.516,0.98,0.536,0.374,0.264,0.16
637,,0.384,0.606,0.506,0.97,0.526,0.364,0.254,0.15
638,,0.374,0.596,0.496,0.96,0.516,0.354,0.244,0.14
639,,0.364,0.586,0.486,0.95,0.506,0.344,0.234,0.13
640,,0.354,0.576,0.476,0.94,0.496,0.334,0.224,0.12
641,,0.344,0.566,0.466,0.93,0.486,0.324,0.214,0.11
642,,0.334,0.556,0.456,0.92,0.476,0.314,0.204,0.1
643,,0.324,0.546,0.446,0.91,0.466,0.304,0.194,0.09
644,,0.314,0.536,0.436,0.9,0.456,0.294,0.184,0.08
645,,0.304,0.526,0.426,0.89,0.446,0.284,0.174,0.07
646,,0.294,0.516,0.416,0.88,0.436,0.274,0.164,0.06
647,,0.284,0.506,0.406,0.87,0.426,0.264,0.154,0.05
648,,0.274,0.496,0.396,0.86,0.416,0.254,0.144,0.04
649,,0.264,0.486,0.386,0.85,0.406,0.244,0.134,0.03
650,,0.254,0.476,0.376,0.84,0.396,0.234,0.124,0.02
651,,0.244,0.466,0.366,0.83,0.386,0.224,0.114,0.01
652,,0.234,0.456,0.356,0.82,0.376,0.214,0.104,0.0
653,,0.224,0.446,0.346,0.81,0.366,0.204,0.094,-0.01
654,8,0.497,0.436,0.053,0.4,0.073,0.194,0.367,0.99
655,8,0.77,0.426,-0.24,-0.01,-0.22,0.184,0.64,1.0
656,3,0.76,0.699,0.76,0.263,-0.23,-0.109,0.23,0.707
657,3,0.75,0.972,1.0,0.536,-0.24,-0.402,-0.18,0.414
658,6,0.457,0.562,0.707,0.526,0.033,0.598,0.093,0.404
659,6,0.164,0.152,0.414,0.516,0.306,1.0,0.366,0.394
660,,0.154,0.142,0.404,0.506,0.296,0.99,0.356,0.384
661,,0.144,0.132,0.394,0.496,0.286,0.98,0.346,0.374
662,,0.134,0.122,0.384,0.486,0.276,0.97,0.336,0.364
663,,0.124,0.112,0.374,0.476,0.266,0.96,0.326,0.354
664,,0.114,0.102,0.364,0.466,0.256,0.95,0.316,0.344
665,,0.104,0.092,0.354,0.456,0.246,0.94,0.306,0.334
666,,0.094,0.082,0.344,0.446,0.236,0.93,0.296,0.324
667,,0.084,0.072,0.334,0.436,0.226,0.92,0.286,0.314
668,,0.074,0.062,0.324,0.426,0.216,0.91,0.276,0.304
669,,0.064,0.052,0.314,0.416,0.206,0.9,0.266,0.294
670,,0.054,0.042,0.304,0.406,0.196,0.89,0.256,0.284
671,,0.044,0.032,0.294,0.396,0.186,0.88,0.246,0.274
672,,0.034,0.022,0.284,0.386,0.176,0.87,0.236,0.264
673,,0.024,0.012,0.274,0.376,0.166,0.86,0.226,0.254
674,,0.014,0.002,0.264,0.366,0.156,0.85,0.216,0.244
675,,0.004,-0.008,0.254,0.356,0.146,0.84,0.206,0.234
676,2,0.277,0.992,0.527,0.346,-0.147,0.43,-0.087,0.224
677,2,0.55,1.0,0.8,0.336,-0.44,0.02,-0.38,0.214
678,5,0.14,0.707,0.79,0.609,0.56,0.293,-0.39,-0.079
679,5,-0.27,0.414,0.78,0.882,1.0,0.566,-0.4,-0.372
680,7,-0.28,0.121,0.37,0.589,0.99,0.839,0.6,-0.099
681,7,-0.29,-0.172,-0.04,0.296,0.98,1.0,1.0,0.174
682,1,0.71,0.101,-0.05,0.003,0.57,0.707,0.99,0.447
683,1,1.0,0.374,-0.06,-0.29,0.16,0.414,0.98,0.72
684,4,0.707,0.364,0.213,0.71,0.433,0.404,0.687,0.31
685,4,0.414,0.354,0.486,1.0,0.706,0.394,0.394,-0.1
686,8,0.687,0.344,0.193,0.59,0.413,0.384,0.667,0.9
687,8,0.96,0.334,-0.1,0.18,0.12,0.374,0.94,1.0
688,3,0.95,0.607,0.9,0.453,0.11,0.081,0.53,0.707
689,3,0.94,0.88,1.0,0.726,0.1,-0.212,0.12,0.414
690,6,0.647,0.47,0.707,0.716,0.373,0.788,0.393,0.404
691,6,0.354,0.06,0.414,0.706,0.646,1.0,0.666,0.394
692,,0.344,0.05,0.404,0.696,0.636,0.99,0.656,0.384
693,,0.334,0.04,0.394,0.686,0.626,0.98,0.646,0.374
694,,0.324,0.03,0.384,0.676,0.616,0.97,0.636,0.364
695,,0.314,0.02,0.374,0.666,0.606,0.96,0.626,0.354
696,,0.304,0.01,0.364,0.656,0.596,0.95,0.616,0.344
697,,0.294,0.0,0.354,0.646,0.586,0.94,0.606,0.334
698,,0.284,-0.01,0.344,0.636,0.576,0.93,0.596,0.324
699,2,0.557,0.99,0.617,0.626,0.283,0.52,0.303,0.314
700,2,0.83,1.0,0.89,0.616,-0.01,0.11,0.01,0.304
701,5,0.42,0.707,0.88,0.889,0.99,0.383,0.0,0.011
702,5,0.01,0.414,0.87,1.0,1.0,0.656,-0.01,-0.282
703,8,0.283,0.404,0.577,0.59,0.707,0.646,0.263,0.718
704,8,0.556,0.394,0.284,0.18,0.414,0.636,0.536,1.0
705,,0.546,0.384,0.274,0.17,0.404,0.626,0.526,0.99
706,,0.536,0.374,0.264,0.16,0.394,0.616,0.516,0.98
707,,0.526,0.364,0.254,0.15,0.384,0.606,0.506,0.97
708,,0.516,0.354,0.244,0.14,0.374,0.596,0.496,0.96
709,,0.506,0.344,0.234,0.13,0.364,0.586,0.486,0.95
710,,0.496,0.334,0.224,0.12,0.354,0.576,0.476,0.94
711,,0.486,0.324,0.214,0.11,0.344,0.566,0.466,0.93
712,,0.476,0.314,0.204,0.1,0.334,0.556,0.456,0.92
713,,0.466,0.304,0.194,0.09,0.324,0.546,0.446,0.91
714,,0.456,0.294,0.184,0.08,0.314,0.536,0.436,0.9
715,,0.446,0.284,0.174,0.07,0.304,0.526,0.426,0.89
716,,0.436,0.274,0.164,0.06,0.294,0.516,0.416,0.88
717,,0.426,0.264,0.154,0.05,0.284,0.506,0.406,0.87
718,,0.416,0.254,0.144,0.04,0.274,0.496,0.396,0.86
719,,0.406,0.244,0.134,0.03,0.264,0.486,0.386,0.85
720,,0.396,0.234,0.124,0.02,0.254,0.476,0.376,0.84
721,,0.386,0.224,0.114,0.01,0.244,0.466,0.366,0.83
722,,0.376,0.214,0.104,0.0,0.234,0.456,0.356,0.82
723,,0.366,0.204,0.094,-0.01,0.224,0.446,0.346,0.81
724,4,0.073,0.194,0.367,0.99,0.497,0.436,0.053,0.4
725,4,-0.22,0.184,0.64,1.0,0.77,0.426,-0.24,-0.01
726,7,-0.23,-0.109,0.23,0.707,0.76,0.699,0.76,0.263
727,7,-0.24,-0.402,-0.18,0.414,0.75,0.972,1.0,0.536
728,2,0.033,0.598,0.093,0.404,0.457,0.562,0.707,0.526
729,2,0.306,1.0,0.366,0.394,0.164,0.152,0.414,0.516
730,,0.296,0.99,0.356,0.384,0.154,0.142,0.404,0.506
731,,0.286,0.98,0.346,0.374,0.144,0.132,0.394,0.496
732,,0.276,0.97,0.336,0.364,0.134,0.122,0.384,0.486
733,,0.266,0.96,0.326,0.354,0.124,0.112,0.374,0.476
734,,0.256,0.95,0.316,0.344,0.114,0.102,0.364,0.466
735,,0.246,0.94,0.306,0.334,0.104,0.092,0.354,0.456
736,,0.236,0.93,0.296,0.324,0.094,0.082,0.344,0.446
737,,0.226,0.92,0.286,0.314,0.084,0.072,0.334,0.436
738,,0.216,0.91,0.276,0.304,0.074,0.062,0.324,0.426
739,,0.206,0.9,0.266,0.294,0.064,0.052,0.314,0.416
740,,0.196,0.89,0.256,0.284,0.054,0.042,0.304,0.406
741,,0.186,0.88,0.246,0.274,0.044,0.032,0.294,0.396
742,,0.176,0.87,0.236,0.264,0.034,0.022,0.284,0.386
743,,0.166,0.86,0.226,0.254,0.024,0.012,0.274,0.376
744,,0.156,0.85,0.216,0.244,0.014,0.002,0.264,0.366
745,,0.146,0.84,0.206,0.234,0.004,-0.008,0.254,0.356
746,6,-0.147,0.43,-0.087,0.224,0.277,0.992,0.527,0.346
747,6,-0.44,0.02,-0.38,0.214,0.55,1.0,0.8,0.336
748,1,0.56,0.293,-0.39,-0.079,0.14,0.707,0.79,0.609
749,1,1.0,0.566,-0.4,-0.372,-0.27,0.414,0.78,0.882
750,3,0.99,0.839,0.6,-0.099,-0.28,0.121,0.37,0.589
751,3,0.98,1.0,1.0,0.174,-0.29,-0.172,-0.04,0.296
752,5,0.57,0.707,0.99,0.447,0.71,0.101,-0.05,0.003
753,5,0.16,0.414,0.98,0.72,1.0,0.374,-0.06,-0.29
754,8,0.433,0.404,0.687,0.31,0.707,0.364,0.213,0.71
755,8,0.706,0.394,0.394,-0.1,0.414,0.354,0.486,1.0
756,4,0.413,0.384,0.667,0.9,0.687,0.344,0.193,0.59
757,4,0.12,0.374,0.94,1.0,0.96,0.334,-0.1,0.18
758,7,0.11,0.081,0.53,0.707,0.95,0.607,0.9,0.453
759,7,0.1,-0.212,0.12,0.414,0.94,0.88,1.0,0.726
760,2,0.373,0.788,0.393,0.404,0.647,0.47,0.707,0.716
761,2,0.646,1.0,0.666,0.394,0.354,0.06,0.414,0.706
762,,0.636,0.99,0.656,0.384,0.344,0.05,0.404,0.696
763,,0.626,0.98,0.646,0.374,0.334,0.04,0.394,0.686
764,,0.616,0.97,0.636,0.364,0.324,0.03,0.384,0.676
765,,0.606,0.96,0.626,0.354,0.314,0.02,0.374,0.666
766,,0.596,0.95,0.616,0.344,0.304,0.01,0.364,0.656
767,,0.586,0.94,0.606,0.334,0.294,0.0,0.354,0.646
768,,0.576,0.93,0.596,0.324,0.284,-0.01,0.344,0.636
769,6,0.283,0.52,0.303,0.314,0.557,0.99,0.617,0.626
770,6,-0.01,0.11,0.01,0.304,0.83,1.0,0.89,0.616
771,1,0.99,0.383,0.0,0.011,0.42,0.707,0.88,0.889
772,1,1.0,0.656,-0.01,-0.282,0.01,0.414,0.87,1.0
773,4,0.707,0.646,0.263,0.718,0.283,0.404,0.577,0.59
774,4,0.414,0.636,0.536,1.0,0.556,0.394,0.284,0.18
775,,0.404,0.626,0.526,0.99,0.546,0.384,0.274,0.17
776,,0.394,0.616,0.516,0.98,0.536,0.374,0.264,0.16
777,,0.384,0.606,0.506,0.97,0.526,0.364,0.254,0.15
