step,active_motive,motive_1,motive_2,motive_3,motive_4,motive_5,motive_6,motive_7,motive_8
0,,0.27135,0.82874,0.35675,0.28093,0.5427,0.14092,0.8022,0.07455
1,,0.26135,0.81874,0.34675,0.27093,0.5327,0.13092,0.7922,0.06455
2,,0.25135,0.80874,0.33675,0.26093,0.5227,0.12092,0.7822,0.05455
3,,0.24135,0.79874,0.32675,0.25093,0.5127,0.11092,0.7722,0.04455
4,,0.23135,0.78874,0.31675,0.24093,0.5027,0.10092,0.7622,0.03455
5,,0.22135,0.77874,0.30675,0.23093,0.4927,0.09092,0.7522,0.02455
6,,0.21135,0.76874,0.29675,0.22093,0.4827,0.08092,0.7422,0.01455
7,,0.20135,0.75874,0.28675,0.21093,0.4727,0.07092,0.7322,0.00455
8,,0.19135,0.74874,0.27675,0.20093,0.4627,0.06092,0.7222,-0.00545
9,8,0.46435,0.73874,-0.01625,-0.20907,0.1697,0.05092,0.9952,0.99455
10,8,0.73735,0.72874,-0.30925,-0.61907,-0.1233,0.04092,1.0,1.0
11,4,0.44435,0.71874,-0.03625,0.38093,0.1497,0.03092,0.707,0.59
12,4,0.15135,0.70874,0.23675,1.0,0.4227,0.02092,0.414,0.18
13,,0.14135,0.69874,0.22675,0.99,0.4127,0.01092,0.404,0.17
14,,0.13135,0.68874,0.21675,0.98,0.4027,0.00092,0.394,0.16
15,,0.12135,0.67874,0.20675,0.97,0.3927,-0.00908,0.384,0.15
16,6,-0.17165,0.26874,-0.08625,0.96,0.6657,0.99092,0.657,0.14
17,6,-0.46465,-0.14126,-0.37925,0.95,0.9387,1.0,0.93,0.13
18,1,0.53535,0.13174,-0.38925,0.657,0.5287,0.707,0.92,0.403
19,1,1.0,0.40474,-0.39925,0.364,0.1187,0.414,0.91,0.676
20,3,0.99,0.67774,0.60075,0.637,0.1087,0.121,0.5,0.383
21,3,0.98,0.95074,1.0,0.91,0.0987,-0.172,0.09,0.09
22,6,0.687,0.54074,0.707,0.9,0.3717,0.828,0.363,0.08
23,6,0.394,0.13074,0.414,0.89,0.6447,1.0,0.636,0.07
24,,0.384,0.12074,0.404,0.88,0.6347,0.99,0.626,0.06
25,,0.374,0.11074,0.394,0.87,0.6247,0.98,0.616,0.05
26,,0.364,0.10074,0.384,0.86,0.6147,0.97,0.606,0.04
27,,0.354,0.09074,0.374,0.85,0.6047,0.96,0.596,0.03
28,,0.344,0.08074,0.364,0.84,0.5947,0.95,0.586,0.02
29,,0.334,0.07074,0.354,0.83,0.5847,0.94,0.576,0.01
30,,0.324,0.06074,0.344,0.82,0.5747,0.93,0.566,0.0
31,,0.314,0.05074,0.334,0.81,0.5647,0.92,0.556,-0.01
32,8,0.587,0.04074,0.041,0.4,0.2717,0.91,0.829,0.99
33,8,0.86,0.03074,-0.252,-0.01,-0.0213,0.9,1.0,1.0
34,3,0.85,0.30374,0.748,0.263,-0.0313,0.607,0.59,0.707
35,3,0.84,0.57674,1.0,0.536,-0.0413,0.314,0.18,0.414
36,5,0.43,0.28374,0.99,0.809,0.9587,0.587,0.17,0.121
37,5,0.02,-0.00926,0.98,1.0,1.0,0.86,0.16,-0.172
38,8,0.293,-0.01926,0.687,0.59,0.707,0.85,0.433,0.828
39,8,0.566,-0.02926,0.394,0.18,0.414,0.84,0.706,1.0
40,2,0.839,0.97074,0.667,0.17,0.121,0.43,0.413,0.99
41,2,1.0,1.0,0.94,0.16,-0.172,0.02,0.12,0.98
42,5,0.59,0.707,0.93,0.433,0.828,0.293,0.11,0.687
43,5,0.18,0.414,0.92,0.706,1.0,0.566,0.1,0.394
44,,0.17,0.404,0.91,0.696,0.99,0.556,0.09,0.384
45,,0.16,0.394,0.9,0.686,0.98,0.546,0.08,0.374
46,,0.15,0.384,0.89,0.676,0.97,0.536,0.07,0.364
47,,0.14,0.374,0.88,0.666,0.96,0.526,0.06,0.354
48,,0.13,0.364,0.87,0.656,0.95,0.516,0.05,0.344
49,,0.12,0.354,0.86,0.646,0.94,0.506,0.04,0.334
50,,0.11,0.344,0.85,0.636,0.93,0.496,0.03,0.324
51,,0.1,0.334,0.84,0.626,0.92,0.486,0.02,0.314
52,,0.09,0.324,0.83,0.616,0.91,0.476,0.01,0.304
53,,0.08,0.314,0.82,0.606,0.9,0.466,0.0,0.294
54,,0.07,0.304,0.81,0.596,0.89,0.456,-0.01,0.284
55,7,0.06,0.011,0.4,0.303,0.88,0.729,0.99,0.557
56,7,0.05,-0.282,-0.01,0.01,0.87,1.0,1.0,0.83
57,2,0.323,0.718,0.263,0.0,0.577,0.59,0.707,0.82
58,2,0.596,1.0,0.536,-0.01,0.284,0.18,0.414,0.81
59,4,0.303,0.99,0.809,0.99,0.557,0.17,0.121,0.4
60,4,0.01,0.98,1.0,1.0,0.83,0.16,-0.172,-0.01
61,7,0.0,0.687,0.59,0.707,0.82,0.433,0.828,0.263
62,7,-0.01,0.394,0.18,0.414,0.81,0.706,1.0,0.536
63,1,0.99,0.667,0.17,0.121,0.4,0.413,0.99,0.809
64,1,1.0,0.94,0.16,-0.172,-0.01,0.12,0.98,1.0
65,4,0.707,0.93,0.433,0.828,0.263,0.11,0.687,0.59
66,4,0.414,0.92,0.706,1.0,0.536,0.1,0.394,0.18
67,,0.404,0.91,0.696,0.99,0.526,0.09,0.384,0.17
68,,0.394,0.9,0.686,0.98,0.516,0.08,0.374,0.16
69,,0.384,0.89,0.676,0.97,0.506,0.07,0.364,0.15
70,,0.374,0.88,0.666,0.96,0.496,0.06,0.354,0.14
71,,0.364,0.87,0.656,0.95,0.486,0.05,0.344,0.13
72,,0.354,0.86,0.646,0.94,0.476,0.04,0.334,0.12
73,,0.344,0.85,0.636,0.93,0.466,0.03,0.324,0.11
74,,0.334,0.84,0.626,0.92,0.456,0.02,0.314,0.1
75,,0.324,0.83,0.616,0.91,0.446,0.01,0.304,0.09
76,,0.314,0.82,0.606,0.9,0.436,0.0,0.294,0.08
77,,0.304,0.81,0.596,0.89,0.426,-0.01,0.284,0.07
78,6,0.011,0.4,0.303,0.88,0.699,0.99,0.557,0.06
79,6,-0.282,-0.01,0.01,0.87,0.972,1.0,0.83,0.05
80,1,0.718,0.263,0.0,0.577,0.562,0.707,0.82,0.323
81,1,1.0,0.536,-0.01,0.284,0.152,0.414,0.81,0.596
82,3,0.99,0.809,0.99,0.557,0.142,0.121,0.4,0.303
83,3,0.98,1.0,1.0,0.83,0.132,-0.172,-0.01,0.01
84,6,0.687,0.59,0.707,0.82,0.405,0.828,0.263,0.0
85,6,0.394,0.18,0.414,0.81,0.678,1.0,0.536,-0.01
86,8,0.667,0.17,0.121,0.4,0.385,0.99,0.809,0.99
87,8,0.94,0.16,-0.172,-0.01,0.092,0.98,1.0,1.0
88,3,0.93,0.433,0.828,0.263,0.082,0.687,0.59,0.707
89,3,0.92,0.706,1.0,0.536,0.072,0.394,0.18,0.414
90,,0.91,0.696,0.99,0.526,0.062,0.384,0.17,0.404
91,,0.9,0.686,0.98,0.516,0.052,0.374,0.16,0.394
92,,0.89,0.676,0.97,0.506,0.042,0.364,0.15,0.384
93,,0.88,0.666,0.96,0.496,0.032,0.354,0.14,0.374
94,,0.87,0.656,0.95,0.486,0.022,0.344,0.13,0.364
95,,0.86,0.646,0.94,0.476,0.012,0.334,0.12,0.354
96,,0.85,0.636,0.93,0.466,0.002,0.324,0.11,0.344
97,,0.84,0.626,0.92,0.456,-0.008,0.314,0.1,0.334
98,5,0.43,0.333,0.91,0.729,0.992,0.587,0.09,0.041
99,5,0.02,0.04,0.9,1.0,1.0,0.86,0.08,-0.252
100,8,0.293,0.03,0.607,0.59,0.707,0.85,0.353,0.748
101,8,0.566,0.02,0.314,0.18,0.414,0.84,0.626,1.0
102,,0.556,0.01,0.304,0.17,0.404,0.83,0.616,0.99
103,,0.546,0.0,0.294,0.16,0.394,0.82,0.606,0.98
104,,0.536,-0.01,0.284,0.15,0.384,0.81,0.596,0.97
105,2,0.809,0.99,0.557,0.14,0.091,0.4,0.303,0.96
106,2,1.0,1.0,0.83,0.13,-0.202,-0.01,0.01,0.95
107,5,0.59,0.707,0.82,0.403,0.798,0.263,0.0,0.657
108,5,0.18,0.414,0.81,0.676,1.0,0.536,-0.01,0.364
109,7,0.17,0.121,0.4,0.383,0.99,0.809,0.99,0.637
110,7,0.16,-0.172,-0.01,0.09,0.98,1.0,1.0,0.91
111,2,0.433,0.828,0.263,0.08,0.687,0.59,0.707,0.9
112,2,0.706,1.0,0.536,0.07,0.394,0.18,0.414,0.89
113,,0.696,0.99,0.526,0.06,0.384,0.17,0.404,0.88
114,,0.686,0.98,0.516,0.05,0.374,0.16,0.394,0.87
115,,0.676,0.97,0.506,0.04,0.364,0.15,0.384,0.86
116,,0.666,0.96,0.496,0.03,0.354,0.14,0.374,0.85
117,,0.656,0.95,0.486,0.02,0.344,0.13,0.364,0.84
118,,0.646,0.94,0.476,0.01,0.334,0.12,0.354,0.83
119,,0.636,0.93,0.466,0.0,0.324,0.11,0.344,0.82
120,,0.626,0.92,0.456,-0.01,0.314,0.1,0.334,0.81
121,4,0.333,0.91,0.729,0.99,0.587,0.09,0.041,0.4
122,4,0.04,0.9,1.0,1.0,0.86,0.08,-0.252,-0.01
123,7,0.03,0.607,0.59,0.707,0.85,0.353,0.748,0.263
124,7,0.02,0.314,0.18,0.414,0.84,0.626,1.0,0.536
125,,0.01,0.304,0.17,0.404,0.83,0.616,0.99,0.526
126,,0.0,0.294,0.16,0.394,0.82,0.606,0.98,0.516
127,,-0.01,0.284,0.15,0.384,0.81,0.596,0.97,0.506
128,1,0.99,0.557,0.14,0.091,0.4,0.303,0.96,0.779
129,1,1.0,0.83,0.13,-0.202,-0.01,0.01,0.95,1.0
130,4,0.707,0.82,0.403,0.798,0.263,0.0,0.657,0.59
131,4,0.414,0.81,0.676,1.0,0.536,-0.01,0.364,0.18
132,6,0.121,0.4,0.383,0.99,0.809,0.99,0.637,0.17
133,6,-0.172,-0.01,0.09,0.98,1.0,1.0,0.91,0.16
134,1,0.828,0.263,0.08,0.687,0.59,0.707,0.9,0.433
135,1,1.0,0.536,0.07,0.394,0.18,0.414,0.89,0.706
136,,0.99,0.526,0.06,0.384,0.17,0.404,0.88,0.696
137,,0.98,0.516,0.05,0.374,0.16,0.394,0.87,0.686
138,,0.97,0.506,0.04,0.364,0.15,0.384,0.86,0.676
139,,0.96,0.496,0.03,0.354,0.14,0.374,0.85,0.666
140,,0.95,0.486,0.02,0.344,0.13,0.364,0.84,0.656
141,,0.94,0.476,0.01,0.334,0.12,0.354,0.83,0.646
142,,0.93,0.466,0.0,0.324,0.11,0.344,0.82,0.636
143,,0.92,0.456,-0.01,0.314,0.1,0.334,0.81,0.626
144,3,0.91,0.729,0.99,0.587,0.09,0.041,0.4,0.333
145,3,0.9,1.0,1.0,0.86,0.08,-0.252,-0.01,0.04
146,6,0.607,0.59,0.707,0.85,0.353,0.748,0.263,0.03
147,6,0.314,0.18,0.414,0.84,0.626,1.0,0.536,0.02
148,,0.304,0.17,0.404,0.83,0.616,0.99,0.526,0.01
149,,0.294,0.16,0.394,0.82,0.606,0.98,0.516,0.0
150,,0.284,0.15,0.384,0.81,0.596,0.97,0.506,-0.01
151,8,0.557,0.14,0.091,0.4,0.303,0.96,0.779,0.99
152,8,0.83,0.13,-0.202,-0.01,0.01,0.95,1.0,1.0
153,3,0.82,0.403,0.798,0.263,0.0,0.657,0.59,0.707
154,3,0.81,0.676,1.0,0.536,-0.01,0.364,0.18,0.414
155,5,0.4,0.383,0.99,0.809,0.99,0.637,0.17,0.121
156,5,-0.01,0.09,0.98,1.0,1.0,0.91,0.16,-0.172
157,8,0.263,0.08,0.687,0.59,0.707,0.9,0.433,0.828
158,8,0.536,0.07,0.394,0.18,0.414,0.89,0.706,1.0
159,,0.526,0.06,0.384,0.17,0.404,0.88,0.696,0.99
160,,0.516,0.05,0.374,0.16,0.394,0.87,0.686,0.98
161,,0.506,0.04,0.364,0.15,0.384,0.86,0.676,0.97
162,,0.496,0.03,0.354,0.14,0.374,0.85,0.666,0.96
163,,0.486,0.02,0.344,0.13,0.364,0.84,0.656,0.95
164,,0.476,0.01,0.334,0.12,0.354,0.83,0.646,0.94
165,,0.466,0.0,0.324,0.11,0.344,0.82,0.636,0.93
166,,0.456,-0.01,0.314,0.1,0.334,0.81,0.626,0.92
167,2,0.729,0.99,0.587,0.09,0.041,0.4,0.333,0.91
168,2,1.0,1.0,0.86,0.08,-0.252,-0.01,0.04,0.9
169,5,0.59,0.707,0.85,0.353,0.748,0.263,0.03,0.607
170,5,0.18,0.414,0.84,0.626,1.0,0.536,0.02,0.314
171,,0.17,0.404,0.83,0.616,0.99,0.526,0.01,0.304
172,,0.16,0.394,0.82,0.606,0.98,0.516,0.0,0.294
173,,0.15,0.384,0.81,0.596,0.97,0.506,-0.01,0.284
174,7,0.14,0.091,0.4,0.303,0.96,0.779,0.99,0.557
175,7,0.13,-0.202,-0.01,0.01,0.95,1.0,1.0,0.83
176,2,0.403,0.798,0.263,0.0,0.657,0.59,0.707,0.82
177,2,0.676,1.0,0.536,-0.01,0.364,0.18,0.414,0.81
178,4,0.383,0.99,0.809,0.99,0.637,0.17,0.121,0.4
179,4,0.09,0.98,1.0,1.0,0.91,0.16,-0.172,-0.01
180,7,0.08,0.687,0.59,0.707,0.9,0.433,0.828,0.263
181,7,0.07,0.394,0.18,0.414,0.89,0.706,1.0,0.536
182,,0.06,0.384,0.17,0.404,0.88,0.696,0.99,0.526
183,,0.05,0.374,0.16,0.394,0.87,0.686,0.98,0.516
184,,0.04,0.364,0.15,0.384,0.86,0.676,0.97,0.506
185,,0.03,0.354,0.14,0.374,0.85,0.666,0.96,0.496
186,,0.02,0.344,0.13,0.364,0.84,0.656,0.95,0.486
187,,0.01,0.334,0.12,0.354,0.83,0.646,0.94,0.476
188,,0.0,0.324,0.11,0.344,0.82,0.636,0.93,0.466
189,,-0.01,0.314,0.1,0.334,0.81,0.626,0.92,0.456
190,1,0.99,0.587,0.09,0.041,0.4,0.333,0.91,0.729
191,1,1.0,0.86,0.08,-0.252,-0.01,0.04,0.9,1.0
192,4,0.707,0.85,0.353,0.748,0.263,0.03,0.607,0.59
193,4,0.414,0.84,0.626,1.0,0.536,0.02,0.314,0.18
194,,0.404,0.83,0.616,0.99,0.526,0.01,0.304,0.17
195,,0.394,0.82,0.606,0.98,0.516,0.0,0.294,0.16
196,,0.384,0.81,0.596,0.97,0.506,-0.01,0.284,0.15
197,6,0.091,0.4,0.303,0.96,0.779,0.99,0.557,0.14
198,6,-0.202,-0.01,0.01,0.95,1.0,1.0,0.83,0.13
199,1,0.798,0.263,0.0,0.657,0.59,0.707,0.82,0.403
200,1,1.0,0.536,-0.01,0.364,0.18,0.414,0.81,0.676
201,3,0.99,0.809,0.99,0.637,0.17,0.121,0.4,0.383
202,3,0.98,1.0,1.0,0.91,0.16,-0.172,-0.01,0.09
203,6,0.687,0.59,0.707,0.9,0.433,0.828,0.263,0.08
204,6,0.394,0.18,0.414,0.89,0.706,1.0,0.536,0.07
205,,0.384,0.17,0.404,0.88,0.696,0.99,0.526,0.06
206,,0.374,0.16,0.394,0.87,0.686,0.98,0.516,0.05
207,,0.364,0.15,0.384,0.86,0.676,0.97,0.506,0.04
208,,0.354,0.14,0.374,0.85,0.666,0.96,0.496,0.03
209,,0.344,0.13,0.364,0.84,0.656,0.95,0.486,0.02
210,,0.334,0.12,0.354,0.83,0.646,0.94,0.476,0.01
211,,0.324,0.11,0.344,0.82,0.636,0.93,0.466,0.0
212,,0.314,0.1,0.334,0.81,0.626,0.92,0.456,-0.01
213,8,0.587,0.09,0.041,0.4,0.333,0.91,0.729,0.99
214,8,0.86,0.08,-0.252,-0.01,0.04,0.9,1.0,1.0
215,3,0.85,0.353,0.748,0.263,0.03,0.607,0.59,0.707
216,3,0.84,0.626,1.0,0.536,0.02,0.314,0.18,0.414
217,,0.83,0.616,0.99,0.526,0.01,0.304,0.17,0.404
218,,0.82,0.606,0.98,0.516,0.0,0.294,0.16,0.394
219,,0.81,0.596,0.97,0.506,-0.01,0.284,0.15,0.384
220,5,0.4,0.303,0.96,0.779,0.99,0.557,0.14,0.091
221,5,-0.01,0.01,0.95,1.0,1.0,0.83,0.13,-0.202
222,8,0.263,0.0,0.657,0.59,0.707,0.82,0.403,0.798
223,8,0.536,-0.01,0.364,0.18,0.414,0.81,0.676,1.0
224,2,0.809,0.99,0.637,0.17,0.121,0.4,0.383,0.99
225,2,1.0,1.0,0.91,0.16,-0.172,-0.01,0.09,0.98
226,5,0.59,0.707,0.9,0.433,0.828,0.263,0.08,0.687
227,5,0.18,0.414,0.89,0.706,1.0,0.536,0.07,0.394
228,,0.17,0.404,0.88,0.696,0.99,0.526,0.06,0.384
229,,0.16,0.394,0.87,0.686,0.98,0.516,0.05,0.374
230,,0.15,0.384,0.86,0.676,0.97,0.506,0.04,0.364
231,,0.14,0.374,0.85,0.666,0.96,0.496,0.03,0.354
232,,0.13,0.364,0.84,0.656,0.95,0.486,0.02,0.344
233,,0.12,0.354,0.83,0.646,0.94,0.476,0.01,0.334
234,,0.11,0.344,0.82,0.636,0.93,0.466,0.0,0.324
235,,0.1,0.334,0.81,0.626,0.92,0.456,-0.01,0.314
236,7,0.09,0.041,0.4,0.333,0.91,0.729,0.99,0.587
237,7,0.08,-0.252,-0.01,0.04,0.9,1.0,1.0,0.86
238,2,0.353,0.748,0.263,0.03,0.607,0.59,0.707,0.85
239,2,0.626,1.0,0.536,0.02,0.314,0.18,0.414,0.84
240,,0.616,0.99,0.526,0.01,0.304,0.17,0.404,0.83
241,,0.606,0.98,0.516,0.0,0.294,0.16,0.394,0.82
242,,0.596,0.97,0.506,-0.01,0.284,0.15,0.384,0.81
243,4,0.303,0.96,0.779,0.99,0.557,0.14,0.091,0.4
244,4,0.01,0.95,1.0,1.0,0.83,0.13,-0.202,-0.01
245,7,0.0,0.657,0.59,0.707,0.82,0.403,0.798,0.263
246,7,-0.01,0.364,0.18,0.414,0.81,0.676,1.0,0.536
247,1,0.99,0.637,0.17,0.121,0.4,0.383,0.99,0.809
248,1,1.0,0.91,0.16,-0.172,-0.01,0.09,0.98,1.0
249,4,0.707,0.9,0.433,0.828,0.263,0.08,0.687,0.59
250,4,0.414,0.89,0.706,1.0,0.536,0.07,0.394,0.18
251,,0.404,0.88,0.696,0.99,0.526,0.06,0.384,0.17
252,,0.394,0.87,0.686,0.98,0.516,0.05,0.374,0.16
253,,0.384,0.86,0.676,0.97,0.506,0.04,0.364,0.15
254,,0.374,0.85,0.666,0.96,0.496,0.03,0.354,0.14
255,,0.364,0.84,0.656,0.95,0.486,0.02,0.344,0.13
256,,0.354,0.83,0.646,0.94,0.476,0.01,0.334,0.12
257,,0.344,0.82,0.636,0.93,0.466,0.0,0.324,0.11
258,,0.334,0.81,0.626,0.92,0.456,-0.01,0.314,0.1
259,6,0.041,0.4,0.333,0.91,0.729,0.99,0.587,0.09
260,6,-0.252,-0.01,0.04,0.9,1.0,1.0,0.86,0.08
261,1,0.748,0.263,0.03,0.607,0.59,0.707,0.85,0.353
262,1,1.0,0.536,0.02,0.314,0.18,0.414,0.84,0.626
263,,0.99,0.526,0.01,0.304,0.17,0.404,0.83,0.616
264,,0.98,0.516,0.0,0.294,0.16,0.394,0.82,0.606
265,,0.97,0.506,-0.01,0.284,0.15,0.384,0.81,0.596
266,3,0.96,0.779,0.99,0.557,0.14,0.091,0.4,0.303
267,3,0.95,1.0,1.0,0.83,0.13,-0.202,-0.01,0.01
268,6,0.657,0.59,0.707,0.82,0.403,0.798,0.263,0.0
269,6,0.364,0.18,0.414,0.81,0.676,1.0,0.536,-0.01
270,8,0.637,0.17,0.121,0.4,0.383,0.99,0.809,0.99
271,8,0.91,0.16,-0.172,-0.01,0.09,0.98,1.0,1.0
272,3,0.9,0.433,0.828,0.263,0.08,0.687,0.59,0.707
273,3,0.89,0.706,1.0,0.536,0.07,0.394,0.18,0.414
274,,0.88,0.696,0.99,0.526,0.06,0.384,0.17,0.404
275,,0.87,0.686,0.98,0.516,0.05,0.374,0.16,0.394
276,,0.86,0.676,0.97,0.506,0.04,0.364,0.15,0.384
277,,0.85,0.666,0.96,0.496,0.03,0.354,0.14,0.374
278,,0.84,0.656,0.95,0.486,0.02,0.344,0.13,0.364
279,,0.83,0.646,0.94,0.476,0.01,0.334,0.12,0.354
280,,0.82,0.636,0.93,0.466,0.0,0.324,0.11,0.344
281,,0.81,0.626,0.92,0.456,-0.01,0.314,0.1,0.334
282,5,0.4,0.333,0.91,0.729,0.99,0.587,0.09,0.041
283,5,-0.01,0.04,0.9,1.0,1.0,0.86,0.08,-0.252
284,8,0.263,0.03,0.607,0.59,0.707,0.85,0.353,0.748
285,8,0.536,0.02,0.314,0.18,0.414,0.84,0.626,1.0
286,,0.526,0.01,0.304,0.17,0.404,0.83,0.616,0.99
287,,0.516,0.0,0.294,0.16,0.394,0.82,0.606,0.98
288,,0.506,-0.01,0.284,0.15,0.384,0.81,0.596,0.97
289,2,0.779,0.99,0.557,0.14,0.091,0.4,0.303,0.96
290,2,1.0,1.0,0.83,0.13,-0.202,-0.01,0.01,0.95
291,5,0.59,0.707,0.82,0.403,0.798,0.263,0.0,0.657
292,5,0.18,0.414,0.81,0.676,1.0,0.536,-0.01,0.364
293,7,0.17,0.121,0.4,0.383,0.99,0.809,0.99,0.637
294,7,0.16,-0.172,-0.01,0.09,0.98,1.0,1.0,0.91
295,2,0.433,0.828,0.263,0.08,0.687,0.59,0.707,0.9
296,2,0.706,1.0,0.536,0.07,0.394,0.18,0.414,0.89
297,,0.696,0.99,0.526,0.06,0.384,0.17,0.404,0.88
298,,0.686,0.98,0.516,0.05,0.374,0.16,0.394,0.87
299,,0.676,0.97,0.506,0.04,0.364,0.15,0.384,0.86
300,,0.666,0.96,0.496,0.03,0.354,0.14,0.374,0.85
301,,0.656,0.95,0.486,0.02,0.344,0.13,0.364,0.84
302,,0.646,0.94,0.476,0.01,0.334,0.12,0.354,0.83
303,,0.636,0.93,0.466,0.0,0.324,0.11,0.344,0.82
304,,0.626,0.92,0.456,-0.01,0.314,0.1,0.334,0.81
305,4,0.333,0.91,0.729,0.99,0.587,0.09,0.041,0.4
306,4,0.04,0.9,1.0,1.0,0.86,0.08,-0.252,-0.01
307,7,0.03,0.607,0.59,0.707,0.85,0.353,0.748,0.263
308,7,0.02,0.314,0.18,0.414,0.84,0.626,1.0,0.536
309,,0.01,0.304,0.17,0.404,0.83,0.616,0.99,0.526
310,,0.0,0.294,0.16,0.394,0.82,0.606,0.98,0.516
311,,-0.01,0.284,0.15,0.384,0.81,0.596,0.97,0.506
312,1,0.99,0.557,0.14,0.091,0.4,0.303,0.96,0.779
313,1,1.0,0.83,0.13,-0.202,-0.01,0.01,0.95,1.0
314,4,0.707,0.82,0.403,0.798,0.263,0.0,0.657,0.59
315,4,0.414,0.81,0.676,1.0,0.536,-0.01,0.364,0.18
316,6,0.121,0.4,0.383,0.99,0.809,0.99,0.637,0.17
317,6,-0.172,-0.01,0.09,0.98,1.0,1.0,0.91,0.16
318,1,0.828,0.263,0.08,0.687,0.59,0.707,0.9,0.433
319,1,1.0,0.536,0.07,0.394,0.18,0.414,0.89,0.706
320,,0.99,0.526,0.06,0.384,0.17,0.404,0.88,0.696
321,,0.98,0.516,0.05,0.374,0.16,0.394,0.87,0.686
322,,0.97,0.506,0.04,0.364,0.15,0.384,0.86,0.676
323,,0.96,0.496,0.03,0.354,0.14,0.374,0.85,0.666
324,,0.95,0.486,0.02,0.344,0.13,0.364,0.84,0.656
325,,0.94,0.476,0.01,0.334,0.12,0.354,0.83,0.646
326,,0.93,0.466,0.0,0.324,0.11,0.344,0.82,0.636
327,,0.92,0.456,-0.01,0.314,0.1,0.334,0.81,0.626
328,3,0.91,0.729,0.99,0.587,0.09,0.041,0.4,0.333
329,3,0.9,1.0,1.0,0.86,0.08,-0.252,-0.01,0.04
330,6,0.607,0.59,0.707,0.85,0.353,0.748,0.263,0.03
331,6,0.314,0.18,0.414,0.84,0.626,1.0,0.536,0.02
332,,0.304,0.17,0.404,0.83,0.616,0.99,0.526,0.01
333,,0.294,0.16,0.394,0.82,0.606,0.98,0.516,0.0
334,,0.284,0.15,0.384,0.81,0.596,0.97,0.506,-0.01
335,8,0.557,0.14,0.091,0.4,0.303,0.96,0.779,0.99
336,8,0.83,0.13,-0.202,-0.01,0.01,0.95,1.0,1.0
337,3,0.82,0.403,0.798,0.263,0.0,0.657,0.59,0.707
338,3,0.81,0.676,1.0,0.536,-0.01,0.364,0.18,0.414
339,5,0.4,0.383,0.99,0.809,0.99,0.637,0.17,0.121
340,5,-0.01,0.09,0.98,1.0,1.0,0.91,0.16,-0.172
341,8,0.263,0.08,0.687,0.59,0.707,0.9,0.433,0.828
342,8,0.536,0.07,0.394,0.18,0.414,0.89,0.706,1.0
343,,0.526,0.06,0.384,0.17,0.404,0.88,0.696,0.99
344,,0.516,0.05,0.374,0.16,0.394,0.87,0.686,0.98
345,,0.506,0.04,0.364,0.15,0.384,0.86,0.676,0.97
346,,0.496,0.03,0.354,0.14,0.374,0.85,0.666,0.96
347,,0.486,0.02,0.344,0.13,0.364,0.84,0.656,0.95
348,,0.476,0.01,0.334,0.12,0.354,0.83,0.646,0.94
349,,0.466,0.0,0.324,0.11,0.344,0.82,0.636,0.93
350,,0.456,-0.01,0.314,0.1,0.334,0.81,0.626,0.92
351,2,0.729,0.99,0.587,0.09,0.041,0.4,0.333,0.91
352,2,1.0,1.0,0.86,0.08,-0.252,-0.01,0.04,0.9
353,5,0.59,0.707,0.85,0.353,0.748,0.263,0.03,0.607
354,5,0.18,0.414,0.84,0.626,1.0,0.536,0.02,0.314
355,,0.17,0.404,0.83,0.616,0.99,0.526,0.01,0.304
356,,0.16,0.394,0.82,0.606,0.98,0.516,0.0,0.294
357,,0.15,0.384,0.81,0.596,0.97,0.506,-0.01,0.284
358,7,0.14,0.091,0.4,0.303,0.96,0.779,0.99,0.557
359,7,0.13,-0.202,-0.01,0.01,0.95,1.0,1.0,0.83
360,2,0.403,0.798,0.263,0.0,0.657,0.59,0.707,0.82
361,2,0.676,1.0,0.536,-0.01,0.364,0.18,0.414,0.81
362,4,0.383,0.99,0.809,0.99,0.637,0.17,0.121,0.4
363,4,0.09,0.98,1.0,1.0,0.91,0.16,-0.172,-0.01
364,7,0.08,0.687,0.59,0.707,0.9,0.433,0.828,0.263
365,7,0.07,0.394,0.18,0.414,0.89,0.706,1.0,0.536
366,,0.06,0.384,0.17,0.404,0.88,0.696,0.99,0.526
367,,0.05,0.374,0.16,0.394,0.87,0.686,0.98,0.516
368,,0.04,0.364,0.15,0.384,0.86,0.676,0.97,0.506
369,,0.03,0.354,0.14,0.374,0.85,0.666,0.96,0.496
370,,0.02,0.344,0.13,0.364,0.84,0.656,0.95,0.486
371,,0.01,0.334,0.12,0.354,0.83,0.646,0.94,0.476
372,,0.0,0.324,0.11,0.344,0.82,0.636,0.93,0.466
373,,-0.01,0.314,0.1,0.334,0.81,0.626,0.92,0.456
374,1,0.99,0.587,0.09,0.041,0.4,0.333,0.91,0.729
375,1,1.0,0.86,0.08,-0.252,-0.01,0.04,0.9,1.0
376,4,0.707,0.85,0.353,0.748,0.263,0.03,0.607,0.59
377,4,0.414,0.84,0.626,1.0,0.536,0.02,0.314,0.18
378,,0.404,0.83,0.616,0.99,0.526,0.01,0.304,0.17
379,,0.394,0.82,0.606,0.98,0.516,0.0,0.294,0.16
380,,0.384,0.81,0.596,0.97,0.506,-0.01,0.284,0.15
381,6,0.091,0.4,0.303,0.96,0.779,0.99,0.557,0.14
382,6,-0.202,-0.01,0.01,0.95,1.0,1.0,0.83,0.13
383,1,0.798,0.263,0.0,0.657,0.59,0.707,0.82,0.403
384,1,1.0,0.536,-0.01,0.364,0.18,0.414,0.81,0.676
385,3,0.99,0.809,0.99,0.637,0.17,0.121,0.4,0.383
386,3,0.98,1.0,1.0,0.91,0.16,-0.172,-0.01,0.09
387,6,0.687,0.59,0.707,0.9,0.433,0.828,0.263,0.08
388,6,0.394,0.18,0.414,0.89,0.706,1.0,0.536,0.07
389,,0.384,0.17,0.404,0.88,0.696,0.99,0.526,0.06
390,,0.374,0.16,0.394,0.87,0.686,0.98,0.516,0.05
391,,0.364,0.15,0.384,0.86,0.676,0.97,0.506,0.04
392,,0.354,0.14,0.374,0.85,0.666,0.96,0.496,0.03
393,,0.344,0.13,0.364,0.84,0.656,0.95,0.486,0.02
394,,0.334,0.12,0.354,0.83,0.646,0.94,0.476,0.01
395,,0.324,0.11,0.344,0.82,0.636,0.93,0.466,0.0
396,,0.314,0.1,0.334,0.81,0.626,0.92,0.456,-0.01
397,8,0.587,0.09,0.041,0.4,0.333,0.91,0.729,0.99
398,8,0.86,0.08,-0.252,-0.01,0.04,0.9,1.0,1.0
399,3,0.85,0.353,0.748,0.263,0.03,0.607,0.59,0.707
400,3,0.84,0.626,1.0,0.536,0.02,0.314,0.18,0.414
401,,0.83,0.616,0.99,0.526,0.01,0.304,0.17,0.404
402,,0.82,0.606,0.98,0.516,0.0,0.294,0.16,0.394
403,,0.81,0.596,0.97,0.506,-0.01,0.284,0.15,0.384
404,5,0.4,0.303,0.96,0.779,0.99,0.557,0.14,0.091
405,5,-0.01,0.01,0.95,1.0,1.0,0.83,0.13,-0.202
406,8,0.263,0.0,0.657,0.59,0.707,0.82,0.403,0.798
407,8,0.536,-0.01,0.364,0.18,0.414,0.81,0.676,1.0
408,2,0.809,0.99,0.637,0.17,0.121,0.4,0.383,0.99
409,2,1.0,1.0,0.91,0.16,-0.172,-0.01,0.09,0.98
410,5,0.59,0.707,0.9,0.433,0.828,0.263,0.08,0.687
411,5,0.18,0.414,0.89,0.706,1.0,0.536,0.07,0.394
412,,0.17,0.404,0.88,0.696,0.99,0.526,0.06,0.384
413,,0.16,0.394,0.87,0.686,0.98,0.516,0.05,0.374
414,,0.15,0.384,0.86,0.676,0.97,0.506,0.04,0.364
415,,0.14,0.374,0.85,0.666,0.96,0.496,0.03,0.354
416,,0.13,0.364,0.84,0.656,0.95,0.486,0.02,0.344
417,,0.12,0.354,0.83,0.646,0.94,0.476,0.01,0.334
418,,0.11,0.344,0.82,0.636,0.93,0.466,0.0,0.324
419,,0.1,0.334,0.81,0.626,0.92,0.456,-0.01,0.314
420,7,0.09,0.041,0.4,0.333,0.91,0.729,0.99,0.587
421,7,0.08,-0.252,-0.01,0.04,0.9,1.0,1.0,0.86
422,2,0.353,0.748,0.263,0.03,0.607,0.59,0.707,0.85
423,2,0.626,1.0,0.536,0.02,0.314,0.18,0.414,0.84
424,,0.616,0.99,0.526,0.01,0.304,0.17,0.404,0.83
425,,0.606,0.98,0.516,0.0,0.294,0.16,0.394,0.82
426,,0.596,0.97,0.506,-0.01,0.284,0.15,0.384,0.81
427,4,0.303,0.96,0.779,0.99,0.557,0.14,0.091,0.4
428,4,0.01,0.95,1.0,1.0,0.83,0.13,-0.202,-0.01
429,7,0.0,0.657,0.59,0.707,0.82,0.403,0.798,0.263
430,7,-0.01,0.364,0.18,0.414,0.81,0.676,1.0,0.536
431,1,0.99,0.637,0.17,0.121,0.4,0.383,0.99,0.809
432,1,1.0,0.91,0.16,-0.172,-0.01,0.09,0.98,1.0
433,4,0.707,0.9,0.433,0.828,0.263,0.08,0.687,0.59
434,4,0.414,0.89,0.706,1.0,0.536,0.07,0.394,0.18
435,,0.404,0.88,0.696,0.99,0.526,0.06,0.384,0.17
436,,0.394,0.87,0.686,0.98,0.516,0.05,0.374,0.16
437,,0.384,0.86,0.676,0.97,0.506,0.04,0.364,0.15
438,,0.374,0.85,0.666,0.96,0.496,0.03,0.354,0.14
439,,0.364,0.84,0.656,0.95,0.486,0.02,0.344,0.13
440,,0.354,0.83,0.646,0.94,0.476,0.01,0.334,0.12
441,,0.344,0.82,0.636,0.93,0.466,0.0,0.324,0.11
442,,0.334,0.81,0.626,0.92,0.456,-0.01,0.314,0.1
443,6,0.041,0.4,0.333,0.91,0.729,0.99,0.587,0.09
444,6,-0.252,-0.01,0.04,0.9,1.0,1.0,0.86,0.08
445,1,0.748,0.263,0.03,0.607,0.59,0.707,0.85,0.353
446,1,1.0,0.536,0.02,0.314,0.18,0.414,0.84,0.626
447,,0.99,0.526,0.01,0.304,0.17,0.404,0.83,0.616
448,,0.98,0.516,0.0,0.294,0.16,0.394,0.82,0.606
449,,0.97,0.506,-0.01,0.284,0.15,0.384,0.81,0.596
450,3,0.96,0.779,0.99,0.557,0.14,0.091,0.4,0.303
451,3,0.95,1.0,1.0,0.83,0.13,-0.202,-0.01,0.01
452,6,0.657,0.59,0.707,0.82,0.403,0.798,0.263,0.0
453,6,0.364,0.18,0.414,0.81,0.676,1.0,0.536,-0.01
454,8,0.637,0.17,0.121,0.4,0.383,0.99,0.809,0.99
455,8,0.91,0.16,-0.172,-0.01,0.09,0.98,1.0,1.0
456,3,0.9,0.433,0.828,0.263,0.08,0.687,0.59,0.707
457,3,0.89,0.706,1.0,0.536,0.07,0.394,0.18,0.414
458,,0.88,0.696,0.99,0.526,0.06,0.384,0.17,0.404
459,,0.87,0.686,0.98,0.516,0.05,0.374,0.16,0.394
460,,0.86,0.676,0.97,0.506,0.04,0.364,0.15,0.384
461,,0.85,0.666,0.96,0.496,0.03,0.354,0.14,0.374
462,,0.84,0.656,0.95,0.486,0.02,0.344,0.13,0.364
463,,0.83,0.646,0.94,0.476,0.01,0.334,0.12,0.354
464,,0.82,0.636,0.93,0.466,0.0,0.324,0.11,0.344
465,,0.81,0.626,0.92,0.456,-0.01,0.314,0.1,0.334
466,5,0.4,0.333,0.91,0.729,0.99,0.587,0.09,0.041
467,5,-0.01,0.04,0.9,1.0,1.0,0.86,0.08,-0.252
468,8,0.263,0.03,0.607,0.59,0.707,0.85,0.353,0.748
469,8,0.536,0.02,0.314,0.18,0.414,0.84,0.626,1.0
470,,0.526,0.01,0.304,0.17,0.404,0.83,0.616,0.99
471,,0.516,0.0,0.294,0.16,0.394,0.82,0.606,0.98
472,,0.506,-0.01,0.284,0.15,0.384,0.81,0.596,0.97
473,2,0.779,0.99,0.557,0.14,0.091,0.4,0.303,0.96
474,2,1.0,1.0,0.83,0.13,-0.202,-0.01,0.01,0.95
475,5,0.59,0.707,0.82,0.403,0.798,0.263,0.0,0.657
476,5,0.18,0.414,0.81,0.676,1.0,0.536,-0.01,0.364
477,7,0.17,0.121,0.4,0.383,0.99,0.809,0.99,0.637
478,7,0.16,-0.172,-0.01,0.09,0.98,1.0,1.0,0.91
479,2,0.433,0.828,0.263,0.08,0.687,0.59,0.707,0.9
480,2,0.706,1.0,0.536,0.07,0.394,0.18,0.414,0.89
481,,0.696,0.99,0.526,0.06,0.384,0.17,0.404,0.88
482,,0.686,0.98,0.516,0.05,0.374,0.16,0.394,0.87
483,,0.676,0.97,0.506,0.04,0.364,0.15,0.384,0.86
484,,0.666,0.96,0.496,0.03,0.354,0.14,0.374,0.85
485,,0.656,0.95,0.486,0.02,0.344,0.13,0.364,0.84
486,,0.646,0.94,0.476,0.01,0.334,0.12,0.354,0.83
487,,0.636,0.93,0.466,0.0,0.324,0.11,0.344,0.82
488,,0.626,0.92,0.456,-0.01,0.314,0.1,0.334,0.81
489,4,0.333,0.91,0.729,0.99,0.587,0.09,0.041,0.4
490,4,0.04,0.9,1.0,1.0,0.86,0.08,-0.252,-0.01
491,7,0.03,0.607,0.59,0.707,0.85,0.353,0.748,0.263
492,7,0.02,0.314,0.18,0.414,0.84,0.626,1.0,0.536
493,,0.01,0.304,0.17,0.404,0.83,0.616,0.99,0.526
494,,0.0,0.294,0.16,0.394,0.82,0.606,0.98,0.516
495,,-0.01,0.284,0.15,0.384,0.81,0.596,0.97,0.506
496,1,0.99,0.557,0.14,0.091,0.4,0.303,0.96,0.779
497,1,1.0,0.83,0.13,-0.202,-0.01,0.01,0.95,1.0
498,4,0.707,0.82,0.403,0.798,0.263,0.0,0.657,0.59
499,4,0.414,0.81,0.676,1.0,0.536,-0.01,0.364,0.18
500,6,0.121,0.4,0.383,0.99,0.809,0.99,0.637,0.17
501,6,-0.172,-0.01,0.09,0.98,1.0,1.0,0.91,0.16
502,1,0.828,0.263,0.08,0.687,0.59,0.707,0.9,0.433
503,1,1.0,0.536,0.07,0.394,0.18,0.414,0.89,0.706
504,,0.99,0.526,0.06,0.384,0.17,0.404,0.88,0.696
505,,0.98,0.516,0.05,0.374,0.16,0.394,0.87,0.686
506,,0.97,0.506,0.04,0.364,0.15,0.384,0.86,0.676
507,,0.96,0.496,0.03,0.354,0.14,0.374,0.85,0.666
508,,0.95,0.486,0.02,0.344,0.13,0.364,0.84,0.656
509,,0.94,0.476,0.01,0.334,0.12,0.354,0.83,0.646
510,,0.93,0.466,0.0,0.324,0.11,0.344,0.82,0.636
511,,0.92,0.456,-0.01,0.314,0.1,0.334,0.81,0.626
512,3,0.91,0.729,0.99,0.587,0.09,0.041,0.4,0.333
513,3,0.9,1.0,1.0,0.86,0.08,-0.252,-0.01,0.04
514,6,0.607,0.59,0.707,0.85,0.353,0.748,0.263,0.03
515,6,0.314,0.18,0.414,0.84,0.626,1.0,0.536,0.02
516,,0.304,0.17,0.404,0.83,0.616,0.99,0.526,0.01
517,,0.294,0.16,0.394,0.82,0.606,0.98,0.516,0.0
518,,0.284,0.15,0.384,0.81,0.596,0.97,0.506,-0.01
519,8,0.557,0.14,0.091,0.4,0.303,0.96,0.779,0.99
520,8,0.83,0.13,-0.202,-0.01,0.01,0.95,1.0,1.0
521,3,0.82,0.403,0.798,0.263,0.0,0.657,0.59,0.707
522,3,0.81,0.676,1.0,0.536,-0.01,0.364,0.18,0.414
523,5,0.4,0.383,0.99,0.809,0.99,0.637,0.17,0.121
524,5,-0.01,0.09,0.98,1.0,1.0,0.91,0.16,-0.172
525,8,0.263,0.08,0.687,0.59,0.707,0.9,0.433,0.828
526,8,0.536,0.07,0.394,0.18,0.414,0.89,0.706,1.0
527,,0.526,0.06,0.384,0.17,0.404,0.88,0.696,0.99
528,,0.516,0.05,0.374,0.16,0.394,0.87,0.686,0.98
529,,0.506,0.04,0.364,0.15,0.384,0.86,0.676,0.97
530,,0.496,0.03,0.354,0.14,0.374,0.85,0.666,0.96
531,,0.486,0.02,0.344,0.13,0.364,0.84,0.656,0.95
532,,0.476,0.01,0.334,0.12,0.354,0.83,0.646,0.94
533,,0.466,0.0,0.324,0.11,0.344,0.82,0.636,0.93
534,,0.456,-0.01,0.314,0.1,0.334,0.81,0.626,0.92
535,2,0.729,0.99,0.587,0.09,0.041,0.4,0.333,0.91
536,2,1.0,1.0,0.86,0.08,-0.252,-0.01,0.04,0.9
537,5,0.59,0.707,0.85,0.353,0.748,0.263,0.03,0.607
538,5,0.18,0.414,0.84,0.626,1.0,0.536,0.02,0.314
539,,0.17,0.404,0.83,0.616,0.99,0.526,0.01,0.304
540,,0.16,0.394,0.82,0.606,0.98,0.516,0.0,0.294
541,,0.15,0.384,0.81,0.596,0.97,0.506,-0.01,0.284
542,7,0.14,0.091,0.4,0.303,0.96,0.779,0.99,0.557
543,7,0.13,-0.202,-0.01,0.01,0.95,1.0,1.0,0.83
544,2,0.403,0.798,0.263,0.0,0.657,0.59,0.707,0.82
545,2,0.676,1.0,0.536,-0.01,0.364,0.18,0.414,0.81
546,4,0.383,0.99,0.809,0.99,0.637,0.17,0.121,0.4
547,4,0.09,0.98,1.0,1.0,0.91,0.16,-0.172,-0.01
548,7,0.08,0.687,0.59,0.707,0.9,0.433,0.828,0.263
549,7,0.07,0.394,0.18,0.414,0.89,0.706,1.0,0.536
550,,0.06,0.384,0.17,0.404,0.88,0.696,0.99,0.526
551,,0.05,0.374,0.16,0.394,0.87,0.686,0.98,0.516
552,,0.04,0.364,0.15,0.384,0.86,0.676,0.97,0.506
553,,0.03,0.354,0.14,0.374,0.85,0.666,0.96,0.496
554,,0.02,0.344,0.13,0.364,0.84,0.656,0.95,0.486
555,,0.01,0.334,0.12,0.354,0.83,0.646,0.94,0.476
556,,0.0,0.324,0.11,0.344,0.82,0.636,0.93,0.466
557,,-0.01,0.314,0.1,0.334,0.81,0.626,0.92,0.456
558,1,0.99,0.587,0.09,0.041,0.4,0.333,0.91,0.729
559,1,1.0,0.86,0.08,-0.252,-0.01,0.04,0.9,1.0
560,4,0.707,0.85,0.353,0.748,0.263,0.03,0.607,0.59
561,4,0.414,0.84,0.626,1.0,0.536,0.02,0.314,0.18
562,,0.404,0.83,0.616,0.99,0.526,0.01,0.304,0.17
563,,0.394,0.82,0.606,0.98,0.516,0.0,0.294,0.16
564,,0.384,0.81,0.596,0.97,0.506,-0.01,0.284,0.15
565,6,0.091,0.4,0.303,0.96,0.779,0.99,0.557,0.14
566,6,-0.202,-0.01,0.01,0.95,1.0,1.0,0.83,0.13
567,1,0.798,0.263,0.0,0.657,0.59,0.707,0.82,0.403
568,1,1.0,0.536,-0.01,0.364,0.18,0.414,0.81,0.676
569,3,0.99,0.809,0.99,0.637,0.17,0.121,0.4,0.383
570,3,0.98,1.0,1.0,0.91,0.16,-0.172,-0.01,0.09
571,6,0.687,0.59,0.707,0.9,0.433,0.828,0.263,0.08
572,6,0.394,0.18,0.414,0.89,0.706,1.0,0.536,0.07
573,,0.384,0.17,0.404,0.88,0.696,0.99,0.526,0.06
574,,0.374,0.16,0.394,0.87,0.686,0.98,0.516,0.05
575,,0.364,0.15,0.384,0.86,0.676,0.97,0.506,0.04
576,,0.354,0.14,0.374,0.85,0.666,0.96,0.496,0.03
577,,0.344,0.13,0.364,0.84,0.656,0.95,0.486,0.02
578,,0.334,0.12,0.354,0.83,0.646,0.94,0.476,0.01
579,,0.324,0.11,0.344,0.82,0.636,0.93,0.466,0.0
580,,0.314,0.1,0.334,0.81,0.626,0.92,0.456,-0.01
581,8,0.587,0.09,0.041,0.4,0.333,0.91,0.729,0.99
582,8,0.86,0.08,-0.252,-0.01,0.04,0.9,1.0,1.0
583,3,0.85,0.353,0.748,0.263,0.03,0.607,0.59,0.707
584,3,0.84,0.626,1.0,0.536,0.02,0.314,0.18,0.414
585,,0.83,0.616,0.99,0.526,0.01,0.304,0.17,0.404
586,,0.82,0.606,0.98,0.516,0.0,0.294,0.16,0.394
587,,0.81,0.596,0.97,0.506,-0.01,0.284,0.15,0.384
588,5,0.4,0.303,0.96,0.779,0.99,0.557,0.14,0.091
589,5,-0.01,0.01,0.95,1.0,1.0,0.83,0.13,-0.202
590,8,0.263,0.0,0.657,0.59,0.707,0.82,0.403,0.798
591,8,0.536,-0.01,0.364,0.18,0.414,0.81,0.676,1.0
592,2,0.809,0.99,0.637,0.17,0.121,0.4,0.383,0.99
593,2,1.0,1.0,0.91,0.16,-0.172,-0.01,0.09,0.98
594,5,0.59,0.707,0.9,0.433,0.828,0.263,0.08,0.687
595,5,0.18,0.414,0.89,0.706,1.0,0.536,0.07,0.394
596,,0.17,0.404,0.88,0.696,0.99,0.526,0.06,0.384
597,,0.16,0.394,0.87,0.686,0.98,0.516,0.05,0.374
598,,0.15,0.384,0.86,0.676,0.97,0.506,0.04,0.364
599,,0.14,0.374,0.85,0.666,0.96,0.496,0.03,0.354
600,,0.13,0.364,0.84,0.656,0.95,0.486,0.02,0.344
601,,0.12,0.354,0.83,0.646,0.94,0.476,0.01,0.334
602,,0.11,0.344,0.82,0.636,0.93,0.466,0.0,0.324
603,,0.1,0.334,0.81,0.626,0.92,0.456,-0.01,0.314
604,7,0.09,0.041,0.4,0.333,0.91,0.729,0.99,0.587
605,7,0.08,-0.252,-0.01,0.04,0.9,1.0,1.0,0.86
606,2,0.353,0.748,0.263,0.03,0.607,0.59,0.707,0.85
607,2,0.626,1.0,0.536,0.02,0.314,0.18,0.414,0.84
608,,0.616,0.99,0.526,0.01,0.304,0.17,0.404,0.83
609,,0.606,0.98,0.516,0.0,0.294,0.16,0.394,0.82
610,,0.596,0.97,0.506,-0.01,0.284,0.15,0.384,0.81
611,4,0.303,0.96,0.779,0.99,0.557,0.14,0.091,0.4
612,4,0.01,0.95,1.0,1.0,0.83,0.13,-0.202,-0.01
613,7,0.0,0.657,0.59,0.707,0.82,0.403,0.798,0.263
614,7,-0.01,0.364,0.18,0.414,0.81,0.676,1.0,0.536
615,1,0.99,0.637,0.17,0.121,0.4,0.383,0.99,0.809
616,1,1.0,0.91,0.16,-0.172,-0.01,0.09,0.98,1.0
617,4,0.707,0.9,0.433,0.828,0.263,0.08,0.687,0.59
618,4,0.414,0.89,0.706,1.0,0.536,0.07,0.394,0.18
619,,0.404,0.88,0.696,0.99,0.526,0.06,0.384,0.17
620,,0.394,0.87,0.686,0.98,0.516,0.05,0.374,0.16
621,,0.384,0.86,0.676,0.97,0.506,0.04,0.364,0.15
622,,0.374,0.85,0.666,0.96,0.496,0.03,0.354,0.14
623,,0.364,0.84,0.656,0.95,0.486,0.02,0.344,0.13
624,,0.354,0.83,0.646,0.94,0.476,0.01,0.334,0.12
625,,0.344,0.82,0.636,0.93,0.466,0.0,0.324,0.11
626,,0.334,0.81,0.626,0.92,0.456,-0.01,0.314,0.1
627,6,0.041,0.4,0.333,0.91,0.729,0.99,0.587,0.09
628,6,-0.252,-0.01,0.04,0.9,1.0,1.0,0.86,0.08
629,1,0.748,0.263,0.03,0.607,0.59,0.707,0.85,0.353
630,1,1.0,0.536,0.02,0.314,0.18,0.414,0.84,0.626
631,,0.99,0.526,0.01,0.304,0.17,0.404,0.83,0.616
632,,0.98,0.516,0.0,0.294,0.16,0.394,0.82,0.606
633,,0.97,0.506,-0.01,0.284,0.15,0.384,0.81,0.596
634,3,0.96,0.779,0.99,0.557,0.14,0.091,0.4,0.303
635,3,0.95,1.0,1.0,0.83,0.13,-0.202,-0.01,0.01
636,6,0.657,0.59,0.707,0.82,0.403,0.798,0.263,0.0
637,6,0.364,0.18,0.414,0.81,0.676,1.0,0.536,-0.01
638,8,0.637,0.17,0.121,0.4,0.383,0.99,0.809,0.99
639,8,0.91,0.16,-0.172,-0.01,0.09,0.98,1.0,1.0
640,3,0.9,0.433,0.828,0.263,0.08,0.687,0.59,0.707
641,3,0.89,0.706,1.0,0.536,0.07,0.394,0.18,0.414
642,,0.88,0.696,0.99,0.526,0.06,0.384,0.17,0.404
643,,0.87,0.686,0.98,0.516,0.05,0.374,0.16,0.394
644,,0.86,0.676,0.97,0.506,0.04,0.364,0.15,0.384
645,,0.85,0.666,0.96,0.496,0.03,0.354,0.14,0.374
646,,0.84,0.656,0.95,0.486,0.02,0.344,0.13,0.364
647,,0.83,0.646,0.94,0.476,0.01,0.334,0.12,0.354
648,,0.82,0.636,0.93,0.466,0.0,0.324,0.11,0.344
649,,0.81,0.626,0.92,0.456,-0.01,0.314,0.1,0.334
650,5,0.4,0.333,0.91,0.729,0.99,0.587,0.09,0.041
651,5,-0.01,0.04,0.9,1.0,1.0,0.86,0.08,-0.252
652,8,0.263,0.03,0.607,0.59,0.707,0.85,0.353,0.748
653,8,0.536,0.02,0.314,0.18,0.414,0.84,0.626,1.0
654,,0.526,0.01,0.304,0.17,0.404,0.83,0.616,0.99
655,,0.516,0.0,0.294,0.16,0.394,0.82,0.606,0.98
656,,0.506,-0.01,0.284,0.15,0.384,0.81,0.596,0.97
657,2,0.779,0.99,0.557,0.14,0.091,0.4,0.303,0.96
658,2,1.0,1.0,0.83,0.13,-0.202,-0.01,0.01,0.95
659,5,0.59,0.707,0.82,0.403,0.798,0.263,0.0,0.657
660,5,0.18,0.414,0.81,0.676,1.0,0.536,-0.01,0.364
661,7,0.17,0.121,0.4,0.383,0.99,0.809,0.99,0.637
662,7,0.16,-0.172,-0.01,0.09,0.98,1.0,1.0,0.91
663,2,0.433,0.828,0.263,0.08,0.687,0.59,0.707,0.9
664,2,0.706,1.0,0.536,0.07,0.394,0.18,0.414,0.89
665,,0.696,0.99,0.526,0.06,0.384,0.17,0.404,0.88
666,,0.686,0.98,0.516,0.05,0.374,0.16,0.394,0.87
667,,0.676,0.97,0.506,0.04,0.364,0.15,0.384,0.86
668,,0.666,0.96,0.496,0.03,0.354,0.14,0.374,0.85
669,,0.656,0.95,0.486,0.02,0.344,0.13,0.364,0.84
670,,0.646,0.94,0.476,0.01,0.334,0.12,0.354,0.83
671,,0.636,0.93,0.466,0.0,0.324,0.11,0.344,0.82
672,,0.626,0.92,0.456,-0.01,0.314,0.1,0.334,0.81
673,4,0.333,0.91,0.729,0.99,0.587,0.09,0.041,0.4
674,4,0.04,0.9,1.0,1.0,0.86,0.08,-0.252,-0.01
675,7,0.03,0.607,0.59,0.707,0.85,0.353,0.748,0.263
676,7,0.02,0.314,0.18,0.414,0.84,0.626,1.0,0.536
677,,0.01,0.304,0.17,0.404,0.83,0.616,0.99,0.526
678,,0.0,0.294,0.16,0.394,0.82,0.606,0.98,0.516
679,,-0.01,0.284,0.15,0.384,0.81,0.596,0.97,0.506
680,1,0.99,0.557,0.14,0.091,0.4,0.303,0.96,0.779
681,1,1.0,0.83,0.13,-0.202,-0.01,0.01,0.95,1.0
682,4,0.707,0.82,0.403,0.798,0.263,0.0,0.657,0.59
683,4,0.414,0.81,0.676,1.0,0.536,-0.01,0.364,0.18
684,6,0.121,0.4,0.383,0.99,0.809,0.99,0.637,0.17
685,6,-0.172,-0.01,0.09,0.98,1.0,1.0,0.91,0.16
686,1,0.828,0.263,0.08,0.687,0.59,0.707,0.9,0.433
687,1,1.0,0.536,0.07,0.394,0.18,0.414,0.89,0.706
688,,0.99,0.526,0.06,0.384,0.17,0.404,0.88,0.696
689,,0.98,0.516,0.05,0.374,0.16,0.394,0.87,0.686
690,,0.97,0.506,0.04,0.364,0.15,0.384,0.86,0.676
691,,0.96,0.496,0.03,0.354,0.14,0.374,0.85,0.666
692,,0.95,0.486,0.02,0.344,0.13,0.364,0.84,0.656
693,,0.94,0.476,0.01,0.334,0.12,0.354,0.83,0.646
694,,0.93,0.466,0.0,0.324,0.11,0.344,0.82,0.636
695,,0.92,0.456,-0.01,0.314,0.1,0.334,0.81,0.626
696,3,0.91,0.729,0.99,0.587,0.09,0.041,0.4,0.333
697,3,0.9,1.0,1.0,0.86,0.08,-0.252,-0.01,0.04
698,6,0.607,0.59,0.707,0.85,0.353,0.748,0.263,0.03
699,6,0.314,0.18,0.414,0.84,0.626,1.0,0.536,0.02
700,,0.304,0.17,0.404,0.83,0.616,0.99,0.526,0.01
701,,0.294,0.16,0.394,0.82,0.606,0.98,0.516,0.0
702,,0.284,0.15,0.384,0.81,0.596,0.97,0.506,-0.01
703,8,0.557,0.14,0.091,0.4,0.303,0.96,0.779,0.99
704,8,0.83,0.13,-0.202,-0.01,0.01,0.95,1.0,1.0
705,3,0.82,0.403,0.798,0.263,0.0,0.657,0.59,0.707
706,3,0.81,0.676,1.0,0.536,-0.01,0.364,0.18,0.414
707,5,0.4,0.383,0.99,0.809,0.99,0.637,0.17,0.121
708,5,-0.01,0.09,0.98,1.0,1.0,0.91,0.16,-0.172
709,8,0.263,0.08,0.687,0.59,0.707,0.9,0.433,0.828
710,8,0.536,0.07,0.394,0.18,0.414,0.89,0.706,1.0
711,,0.526,0.06,0.384,0.17,0.404,0.88,0.696,0.99
712,,0.516,0.05,0.374,0.16,0.394,0.87,0.686,0.98
713,,0.506,0.04,0.364,0.15,0.384,0.86,0.676,0.97
714,,0.496,0.03,0.354,0.14,0.374,0.85,0.666,0.96
715,,0.486,0.02,0.344,0.13,0.364,0.84,0.656,0.95
716,,0.476,0.01,0.334,0.12,0.354,0.83,0.646,0.94
717,,0.466,0.0,0.324,0.11,0.344,0.82,0.636,0.93
718,,0.456,-0.01,0.314,0.1,0.334,0.81,0.626,0.92
719,2,0.729,0.99,0.587,0.09,0.041,0.4,0.333,0.91
720,2,1.0,1.0,0.86,0.08,-0.252,-0.01,0.04,0.9
721,5,0.59,0.707,0.85,0.353,0.748,0.263,0.03,0.607
722,5,0.18,0.414,0.84,0.626,1.0,0.536,0.02,0.314
723,,0.17,0.404,0.83,0.616,0.99,0.526,0.01,0.304
724,,0.16,0.394,0.82,0.606,0.98,0.516,0.0,0.294
725,,0.15,0.384,0.81,0.596,0.97,0.506,-0.01,0.284
726,7,0.14,0.091,0.4,0.303,0.96,0.779,0.99,0.557
727,7,0.13,-0.202,-0.01,0.01,0.95,1.0,1.0,0.83
728,2,0.403,0.798,0.263,0.0,0.657,0.59,0.707,0.82
729,2,0.676,1.0,0.536,-0.01,0.364,0.18,0.414,0.81
730,4,0.383,0.99,0.809,0.99,0.637,0.17,0.121,0.4
731,4,0.09,0.98,1.0,1.0,0.91,0.16,-0.172,-0.01
732,7,0.08,0.687,0.59,0.707,0.9,0.433,0.828,0.263
733,7,0.07,0.394,0.18,0.414,0.89,0.706,1.0,0.536
734,,0.06,0.384,0.17,0.404,0.88,0.696,0.99,0.526
735,,0.05,0.374,0.16,0.394,0.87,0.686,0.98,0.516
736,,0.04,0.364,0.15,0.384,0.86,0.676,0.97,0.506
737,,0.03,0.354,0.14,0.374,0.85,0.666,0.96,0.496
738,,0.02,0.344,0.13,0.364,0.84,0.656,0.95,0.486
739,,0.01,0.334,0.12,0.354,0.83,0.646,0.94,0.476
740,,0.0,0.324,0.11,0.344,0.82,0.636,0.93,0.466
741,,-0.01,0.314,0.1,0.334,0.81,0.626,0.92,0.456
742,1,0.99,0.587,0.09,0.041,0.4,0.333,0.91,0.729
743,1,1.0,0.86,0.08,-0.252,-0.01,0.04,0.9,1.0
744,4,0.707,0.85,0.353,0.748,0.263,0.03,0.607,0.59
745,4,0.414,0.84,0.626,1.0,0.536,0.02,0.314,0.18
746,,0.404,0.83,0.616,0.99,0.526,0.01,0.304,0.17
747,,0.394,0.82,0.606,0.98,0.516,0.0,0.294,0.16
748,,0.384,0.81,0.596,0.97,0.506,-0.01,0.284,0.15
749,6,0.091,0.4,0.303,0.96,0.779,0.99,0.557,0.14
750,6,-0.202,-0.01,0.01,0.95,1.0,1.0,0.83,0.13
751,1,0.798,0.263,0.0,0.657,0.59,0.707,0.82,0.403
752,1,1.0,0.536,-0.01,0.364,0.18,0.414,0.81,0.676
753,3,0.99,0.809,0.99,0.637,0.17,0.121,0.4,0.383
754,3,0.98,1.0,1.0,0.91,0.16,-0.172,-0.01,0.09
755,6,0.687,0.59,0.707,0.9,0.433,0.828,0.263,0.08
756,6,0.394,0.18,0.414,0.89,0.706,1.0,0.536,0.07
757,,0.384,0.17,0.404,0.88,0.696,0.99,0.526,0.06
758,,0.374,0.16,0.394,0.87,0.686,0.98,0.516,0.05
759,,0.364,0.15,0.384,0.86,0.676,0.97,0.506,0.04
760,,0.354,0.14,0.374,0.85,0.666,0.96,0.496,0.03
761,,0.344,0.13,0.364,0.84,0.656,0.95,0.486,0.02
762,,0.334,0.12,0.354,0.83,0.646,0.94,0.476,0.01
763,,0.324,0.11,0.344,0.82,0.636,0.93,0.466,0.0
764,,0.314,0.1,0.334,0.81,0.626,0.92,0.456,-0.01
765,8,0.587,0.09,0.041,0.4,0.333,0.91,0.729,0.99
766,8,0.86,0.08,-0.252,-0.01,0.04,0.9,1.0,1.0
767,3,0.85,0.353,0.748,0.263,0.03,0.607,0.59,0.707
768,3,0.84,0.626,1.0,0.536,0.02,0.314,0.18,0.414
769,,0.83,0.616,0.99,0.526,0.01,0.304,0.17,0.404
770,,0.82,0.606,0.98,0.516,0.0,0.294,0.16,0.394
771,,0.81,0.596,0.97,0.506,-0.01,0.284,0.15,0.384
772,5,0.4,0.303,0.96,0.779,0.99,0.557,0.14,0.091
773,5,-0.01,0.01,0.95,1.0,1.0,0.83,0.13,-0.202
774,8,0.263,0.0,0.657,0.59,0.707,0.82,0.403,0.798
775,8,0.536,-0.01,0.364,0.18,0.414,0.81,0.676,1.0
776,2,0.809,0.99,0.637,0.17,0.121,0.4,0.383,0.99
777,2,1.0,1.0,0.91,0.16,-0.172,-0.01,0.09,0.98
778,5,0.59,0.707,0.9,0.433,0.828,0.263,0.08,0.687
779,5,0.18,0.414,0.89,0.706,1.0,0.536,0.07,0.394
780,,0.17,0.404,0.88,0.696,0.99,0.526,0.06,0.384
781,,0.16,0.394,0.87,0.686,0.98,0.516,0.05,0.374
782,,0.15,0.384,0.86,0.676,0.97,0.506,0.04,0.364
783,,0.14,0.374,0.85,0.666,0.96,0.496,0.03,0.354
784,,0.13,0.364,0.84,0.656,0.95,0.486,0.02,0.344
785,,0.12,0.354,0.83,0.646,0.94,0.476,0.01,0.334
786,,0.11,0.344,0.82,0.636,0.93,0.466,0.0,0.324
787,,0.1,0.334,0.81,0.626,0.92,0.456,-0.01,0.314
788,7,0.09,0.041,0.4,0.333,0.91,0.729,0.99,0.587
789,7,0.08,-0.252,-0.01,0.04,0.9,1.0,1.0,0.86
790,2,0.353,0.748,0.263,0.03,0.607,0.59,0.707,0.85
791,2,0.626,1.0,0.536,0.02,0.314,0.18,0.414,0.84
792,,0.616,0.99,0.526,0.01,0.304,0.17,0.404,0.83
793,,0.606,0.98,0.516,0.0,0.294,0.16,0.394,0.82
794,,0.596,0.97,0.506,-0.01,0.284,0.15,0.384,0.81
795,4,0.303,0.96,0.779,0.99,0.557,0.14,0.091,0.4
796,4,0.01,0.95,1.0,1.0,0.83,0.13,-0.202,-0.01
797,7,0.0,0.657,0.59,0.707,0.82,0.403,0.798,0.263
798,7,-0.01,0.364,0.18,0.414,0.81,0.676,1.0,0.536
799,1,0.99,0.637,0.17,0.121,0.4,0.383,0.99,0.809
800,1,1.0,0.91,0.16,-0.172,-0.01,0.09,0.98,1.0
801,4,0.707,0.9,0.433,0.828,0.263,0.08,0.687,0.59
802,4,0.414,0.89,0.706,1.0,0.536,0.07,0.394,0.18
803,,0.404,0.88,0.696,0.99,0.526,0.06,0.384,0.17
804,,0.394,0.87,0.686,0.98,0.516,0.05,0.374,0.16
805,,0.384,0.86,0.676,0.97,0.506,0.04,0.364,0.15
806,,0.374,0.85,0.666,0.96,0.496,0.03,0.354,0.14
807,,0.364,0.84,0.656,0.95,0.486,0.02,0.344,0.13
808,,0.354,0.83,0.646,0.94,0.476,0.01,0.334,0.12
809,,0.344,0.82,0.636,0.93,0.466,0.0,0.324,0.11
