step,active_motive,motive_1,motive_2,motive_3,motive_4,motive_5,motive_6,motive_7,motive_8
0,,0.04235,0.05685,0.05759,0.07316,0.01277,0.025,0.05805,0.08671
1,,-0.10765,-0.09315,-0.09241,-0.07684,-0.13723,-0.125,-0.09195,-0.06329
2,5,0.04235,0.08585,0.15759,0.24416,0.86277,0.196,0.15805,0.11571
3,5,0.19235,0.26485,0.40759,0.56516,1.0,0.517,0.40805,0.29471
4,,0.04235,0.11485,0.25759,0.41516,0.85,0.367,0.25805,0.14471
5,,-0.10765,-0.03515,0.10759,0.26516,0.7,0.217,0.10805,-0.00529
6,1,0.89235,0.28585,0.35759,0.44416,0.85,0.396,0.35805,0.31571
7,1,1.0,0.60685,0.60759,0.62316,1.0,0.575,0.60805,0.63671
8,,0.85,0.45685,0.45759,0.47316,0.85,0.425,0.45805,0.48671
9,,0.7,0.30685,0.30759,0.32316,0.7,0.275,0.30805,0.33671
10,,0.55,0.15685,0.15759,0.17316,0.55,0.125,0.15805,0.18671
11,,0.4,0.00685,0.00759,0.02316,0.4,-0.025,0.00805,0.03671
12,6,0.579,0.15685,0.18659,0.27316,0.721,0.975,0.32905,0.28671
13,6,0.758,0.30685,0.36559,0.52316,1.0,1.0,0.65005,0.53671
14,,0.608,0.15685,0.21559,0.37316,0.85,0.85,0.50005,0.38671
15,,0.458,0.00685,0.06559,0.22316,0.7,0.7,0.35005,0.23671
16,,0.308,-0.14315,-0.08441,0.07316,0.55,0.55,0.20005,0.08671
17,2,0.629,0.85685,0.23659,0.32316,0.729,0.7,0.37905,0.33671
18,2,0.95,1.0,0.55759,0.57316,0.908,0.85,0.55805,0.58671
19,,0.8,0.85,0.40759,0.42316,0.758,0.7,0.40805,0.43671
20,,0.65,0.7,0.25759,0.27316,0.608,0.55,0.25805,0.28671
21,,0.5,0.55,0.10759,0.12316,0.458,0.4,0.10805,0.13671
22,,0.35,0.4,-0.04241,-0.02684,0.308,0.25,-0.04195,-0.01329
23,3,0.6,0.721,0.95759,0.29416,0.558,0.429,0.10805,0.16571
24,3,0.85,1.0,1.0,0.61516,0.808,0.608,0.25805,0.34471
25,,0.7,0.85,0.85,0.46516,0.658,0.458,0.10805,0.19471
26,,0.55,0.7,0.7,0.31516,0.508,0.308,-0.04195,0.04471
27,7,0.8,0.879,0.85,0.49416,0.758,0.629,0.95805,0.36571
28,7,1.0,1.0,1.0,0.67316,1.0,0.95,1.0,0.68671
29,,0.85,0.85,0.85,0.52316,0.85,0.8,0.85,0.53671
30,,0.7,0.7,0.7,0.37316,0.7,0.65,0.7,0.38671
31,,0.55,0.55,0.55,0.22316,0.55,0.5,0.55,0.23671
32,,0.4,0.4,0.4,0.07316,0.4,0.35,0.4,0.08671
33,,0.25,0.25,0.25,-0.07684,0.25,0.2,0.25,-0.06329
34,4,0.429,0.5,0.571,0.92316,0.571,0.45,0.429,0.08671
35,4,0.608,0.75,0.892,1.0,0.892,0.7,0.608,0.23671
36,,0.458,0.6,0.742,0.85,0.742,0.55,0.458,0.08671
37,,0.308,0.45,0.592,0.7,0.592,0.4,0.308,-0.06329
38,8,0.629,0.7,0.771,0.85,0.771,0.65,0.629,0.93671
39,8,0.95,0.95,0.95,1.0,0.95,0.9,0.95,1.0
40,,0.8,0.8,0.8,0.85,0.8,0.75,0.8,0.85
41,,0.65,0.65,0.65,0.7,0.65,0.6,0.65,0.7
42,,0.5,0.5,0.5,0.55,0.5,0.45,0.5,0.55
43,,0.35,0.35,0.35,0.4,0.35,0.3,0.35,0.4
44,,0.2,0.2,0.2,0.25,0.2,0.15,0.2,0.25
45,,0.05,0.05,0.05,0.1,0.05,0.0,0.05,0.1
46,,-0.1,-0.1,-0.1,-0.05,-0.1,-0.15,-0.1,-0.05
47,6,0.079,0.05,0.079,0.2,0.221,0.85,0.221,0.2
48,6,0.258,0.2,0.258,0.45,0.542,1.0,0.542,0.45
49,,0.108,0.05,0.108,0.3,0.392,0.85,0.392,0.3
50,,-0.042,-0.1,-0.042,0.15,0.242,0.7,0.242,0.15
51,2,0.279,0.9,0.279,0.4,0.421,0.85,0.421,0.4
52,2,0.6,1.0,0.6,0.65,0.6,1.0,0.6,0.65
53,,0.45,0.85,0.45,0.5,0.45,0.85,0.45,0.5
54,,0.3,0.7,0.3,0.35,0.3,0.7,0.3,0.35
55,,0.15,0.55,0.15,0.2,0.15,0.55,0.15,0.2
56,,0.0,0.4,0.0,0.05,0.0,0.4,0.0,0.05
57,,-0.15,0.25,-0.15,-0.1,-0.15,0.25,-0.15,-0.1
58,7,0.1,0.429,0.0,0.079,0.1,0.571,0.85,0.221
59,7,0.35,0.608,0.15,0.258,0.35,0.892,1.0,0.542
60,,0.2,0.458,0.0,0.108,0.2,0.742,0.85,0.392
61,,0.05,0.308,-0.15,-0.042,0.05,0.592,0.7,0.242
62,3,0.3,0.629,0.85,0.279,0.3,0.771,0.85,0.421
63,3,0.55,0.95,1.0,0.6,0.55,0.95,1.0,0.6
64,,0.4,0.8,0.85,0.45,0.4,0.8,0.85,0.45
65,,0.25,0.65,0.7,0.3,0.25,0.65,0.7,0.3
66,,0.1,0.5,0.55,0.15,0.1,0.5,0.55,0.15
67,,-0.05,0.35,0.4,0.0,-0.05,0.35,0.4,0.0
68,1,0.95,0.671,0.65,0.179,0.1,0.529,0.65,0.321
69,1,1.0,0.992,0.9,0.358,0.25,0.708,0.9,0.642
70,,0.85,0.842,0.75,0.208,0.1,0.558,0.75,0.492
71,,0.7,0.692,0.6,0.058,-0.05,0.408,0.6,0.342
72,5,0.85,0.871,0.85,0.379,0.95,0.729,0.85,0.521
73,5,1.0,1.0,1.0,0.7,1.0,1.0,1.0,0.7
74,,0.85,0.85,0.85,0.55,0.85,0.85,0.85,0.55
75,,0.7,0.7,0.7,0.4,0.7,0.7,0.7,0.4
76,,0.55,0.55,0.55,0.25,0.55,0.55,0.55,0.25
77,,0.4,0.4,0.4,0.1,0.4,0.4,0.4,0.1
78,,0.25,0.25,0.25,-0.05,0.25,0.25,0.25,-0.05
79,8,0.571,0.5,0.429,0.1,0.429,0.5,0.571,0.95
80,8,0.892,0.75,0.608,0.25,0.608,0.75,0.892,1.0
81,,0.742,0.6,0.458,0.1,0.458,0.6,0.742,0.85
82,,0.592,0.45,0.308,-0.05,0.308,0.45,0.592,0.7
83,4,0.771,0.7,0.629,0.95,0.629,0.7,0.771,0.85
84,4,0.95,0.95,0.95,1.0,0.95,0.95,0.95,1.0
85,,0.8,0.8,0.8,0.85,0.8,0.8,0.8,0.85
86,,0.65,0.65,0.65,0.7,0.65,0.65,0.65,0.7
87,,0.5,0.5,0.5,0.55,0.5,0.5,0.5,0.55
88,,0.35,0.35,0.35,0.4,0.35,0.35,0.35,0.4
89,,0.2,0.2,0.2,0.25,0.2,0.2,0.2,0.25
90,,0.05,0.05,0.05,0.1,0.05,0.05,0.05,0.1
91,,-0.1,-0.1,-0.1,-0.05,-0.1,-0.1,-0.1,-0.05
92,1,0.9,0.221,0.15,0.129,0.05,0.079,0.15,0.271
93,1,1.0,0.542,0.4,0.308,0.2,0.258,0.4,0.592
94,,0.85,0.392,0.25,0.158,0.05,0.108,0.25,0.442
95,,0.7,0.242,0.1,0.008,-0.1,-0.042,0.1,0.292
96,5,0.85,0.421,0.35,0.329,0.9,0.279,0.35,0.471
97,5,1.0,0.6,0.6,0.65,1.0,0.6,0.6,0.65
98,,0.85,0.45,0.45,0.5,0.85,0.45,0.45,0.5
99,,0.7,0.3,0.3,0.35,0.7,0.3,0.3,0.35
100,,0.55,0.15,0.15,0.2,0.55,0.15,0.15,0.2
101,,0.4,0.0,0.0,0.05,0.4,0.0,0.0,0.05
102,,0.25,-0.15,-0.15,-0.1,0.25,-0.15,-0.15,-0.1
103,6,0.429,0.0,0.029,0.15,0.571,0.85,0.171,0.15
104,6,0.608,0.15,0.208,0.4,0.892,1.0,0.492,0.4
105,,0.458,0.0,0.058,0.25,0.742,0.85,0.342,0.25
106,,0.308,-0.15,-0.092,0.1,0.592,0.7,0.192,0.1
107,2,0.629,0.85,0.229,0.35,0.771,0.85,0.371,0.35
108,2,0.95,1.0,0.55,0.6,0.95,1.0,0.55,0.6
109,,0.8,0.85,0.4,0.45,0.8,0.85,0.4,0.45
110,,0.65,0.7,0.25,0.3,0.65,0.7,0.25,0.3
111,,0.5,0.55,0.1,0.15,0.5,0.55,0.1,0.15
112,,0.35,0.4,-0.05,0.0,0.35,0.4,-0.05,0.0
113,3,0.6,0.721,0.95,0.321,0.6,0.579,0.1,0.179
114,3,0.85,1.0,1.0,0.642,0.85,0.758,0.25,0.358
115,,0.7,0.85,0.85,0.492,0.7,0.608,0.1,0.208
116,,0.55,0.7,0.7,0.342,0.55,0.458,-0.05,0.058
117,7,0.8,0.879,0.85,0.521,0.8,0.779,0.95,0.379
118,7,1.0,1.0,1.0,0.7,1.0,1.0,1.0,0.7
119,,0.85,0.85,0.85,0.55,0.85,0.85,0.85,0.55
120,,0.7,0.7,0.7,0.4,0.7,0.7,0.7,0.4
121,,0.55,0.55,0.55,0.25,0.55,0.55,0.55,0.25
122,,0.4,0.4,0.4,0.1,0.4,0.4,0.4,0.1
123,,0.25,0.25,0.25,-0.05,0.25,0.25,0.25,-0.05
124,4,0.429,0.5,0.571,0.95,0.571,0.5,0.429,0.1
125,4,0.608,0.75,0.892,1.0,0.892,0.75,0.608,0.25
126,,0.458,0.6,0.742,0.85,0.742,0.6,0.458,0.1
127,,0.308,0.45,0.592,0.7,0.592,0.45,0.308,-0.05
128,8,0.629,0.7,0.771,0.85,0.771,0.7,0.629,0.95
129,8,0.95,0.95,0.95,1.0,0.95,0.95,0.95,1.0
130,,0.8,0.8,0.8,0.85,0.8,0.8,0.8,0.85
131,,0.65,0.65,0.65,0.7,0.65,0.65,0.65,0.7
132,,0.5,0.5,0.5,0.55,0.5,0.5,0.5,0.55
133,,0.35,0.35,0.35,0.4,0.35,0.35,0.35,0.4
134,,0.2,0.2,0.2,0.25,0.2,0.2,0.2,0.25
135,,0.05,0.05,0.05,0.1,0.05,0.05,0.05,0.1
136,,-0.1,-0.1,-0.1,-0.05,-0.1,-0.1,-0.1,-0.05
137,1,0.9,0.221,0.15,0.129,0.05,0.079,0.15,0.271
138,1,1.0,0.542,0.4,0.308,0.2,0.258,0.4,0.592
139,,0.85,0.392,0.25,0.158,0.05,0.108,0.25,0.442
140,,0.7,0.242,0.1,0.008,-0.1,-0.042,0.1,0.292
141,5,0.85,0.421,0.35,0.329,0.9,0.279,0.35,0.471
142,5,1.0,0.6,0.6,0.65,1.0,0.6,0.6,0.65
143,,0.85,0.45,0.45,0.5,0.85,0.45,0.45,0.5
144,,0.7,0.3,0.3,0.35,0.7,0.3,0.3,0.35
145,,0.55,0.15,0.15,0.2,0.55,0.15,0.15,0.2
146,,0.4,0.0,0.0,0.05,0.4,0.0,0.0,0.05
147,,0.25,-0.15,-0.15,-0.1,0.25,-0.15,-0.15,-0.1
148,6,0.429,0.0,0.029,0.15,0.571,0.85,0.171,0.15
149,6,0.608,0.15,0.208,0.4,0.892,1.0,0.492,0.4
150,,0.458,0.0,0.058,0.25,0.742,0.85,0.342,0.25
151,,0.308,-0.15,-0.092,0.1,0.592,0.7,0.192,0.1
152,2,0.629,0.85,0.229,0.35,0.771,0.85,0.371,0.35
153,2,0.95,1.0,0.55,0.6,0.95,1.0,0.55,0.6
154,,0.8,0.85,0.4,0.45,0.8,0.85,0.4,0.45
155,,0.65,0.7,0.25,0.3,0.65,0.7,0.25,0.3
156,,0.5,0.55,0.1,0.15,0.5,0.55,0.1,0.15
157,,0.35,0.4,-0.05,0.0,0.35,0.4,-0.05,0.0
158,3,0.6,0.721,0.95,0.321,0.6,0.579,0.1,0.179
159,3,0.85,1.0,1.0,0.642,0.85,0.758,0.25,0.358
160,,0.7,0.85,0.85,0.492,0.7,0.608,0.1,0.208
161,,0.55,0.7,0.7,0.342,0.55,0.458,-0.05,0.058
162,7,0.8,0.879,0.85,0.521,0.8,0.779,0.95,0.379
163,7,1.0,1.0,1.0,0.7,1.0,1.0,1.0,0.7
164,,0.85,0.85,0.85,0.55,0.85,0.85,0.85,0.55
165,,0.7,0.7,0.7,0.4,0.7,0.7,0.7,0.4
166,,0.55,0.55,0.55,0.25,0.55,0.55,0.55,0.25
167,,0.4,0.4,0.4,0.1,0.4,0.4,0.4,0.1
168,,0.25,0.25,0.25,-0.05,0.25,0.25,0.25,-0.05
169,8,0.571,0.5,0.429,0.1,0.429,0.5,0.571,0.95
170,8,0.892,0.75,0.608,0.25,0.608,0.75,0.892,1.0
171,,0.742,0.6,0.458,0.1,0.458,0.6,0.742,0.85
172,,0.592,0.45,0.308,-0.05,0.308,0.45,0.592,0.7
173,4,0.771,0.7,0.629,0.95,0.629,0.7,0.771,0.85
174,4,0.95,0.95,0.95,1.0,0.95,0.95,0.95,1.0
175,,0.8,0.8,0.8,0.85,0.8,0.8,0.8,0.85
176,,0.65,0.65,0.65,0.7,0.65,0.65,0.65,0.7
177,,0.5,0.5,0.5,0.55,0.5,0.5,0.5,0.55
178,,0.35,0.35,0.35,0.4,0.35,0.35,0.35,0.4
179,,0.2,0.2,0.2,0.25,0.2,0.2,0.2,0.25
180,,0.05,0.05,0.05,0.1,0.05,0.05,0.05,0.1
181,,-0.1,-0.1,-0.1,-0.05,-0.1,-0.1,-0.1,-0.05
182,1,0.9,0.221,0.15,0.129,0.05,0.079,0.15,0.271
183,1,1.0,0.542,0.4,0.308,0.2,0.258,0.4,0.592
184,,0.85,0.392,0.25,0.158,0.05,0.108,0.25,0.442
185,,0.7,0.242,0.1,0.008,-0.1,-0.042,0.1,0.292
186,5,0.85,0.421,0.35,0.329,0.9,0.279,0.35,0.471
187,5,1.0,0.6,0.6,0.65,1.0,0.6,0.6,0.65
188,,0.85,0.45,0.45,0.5,0.85,0.45,0.45,0.5
189,,0.7,0.3,0.3,0.35,0.7,0.3,0.3,0.35
190,,0.55,0.15,0.15,0.2,0.55,0.15,0.15,0.2
191,,0.4,0.0,0.0,0.05,0.4,0.0,0.0,0.05
192,,0.25,-0.15,-0.15,-0.1,0.25,-0.15,-0.15,-0.1
193,2,0.571,0.85,0.171,0.15,0.429,0.0,0.029,0.15
194,2,0.892,1.0,0.492,0.4,0.608,0.15,0.208,0.4
195,,0.742,0.85,0.342,0.25,0.458,0.0,0.058,0.25
196,,0.592,0.7,0.192,0.1,0.308,-0.15,-0.092,0.1
197,6,0.771,0.85,0.371,0.35,0.629,0.85,0.229,0.35
198,6,0.95,1.0,0.55,0.6,0.95,1.0,0.55,0.6
199,,0.8,0.85,0.4,0.45,0.8,0.85,0.4,0.45
