step,active_motive,motive_1,motive_2,motive_3,motive_4,motive_5,motive_6,motive_7,motive_8
0,,0.03745,0.09507,0.0732,0.05987,0.0156,0.0156,0.00581,0.08662
1,,-0.11255,-0.05493,-0.0768,-0.09013,-0.1344,-0.1344,-0.14419,-0.06338
2,7,0.13745,0.12407,0.0732,0.08887,0.1156,0.1866,0.85581,0.25762
3,7,0.38745,0.30307,0.2232,0.26787,0.3656,0.5076,1.0,0.57862
4,,0.23745,0.15307,0.0732,0.11787,0.2156,0.3576,0.85,0.42862
5,,0.08745,0.00307,-0.0768,-0.03213,0.0656,0.2076,0.7,0.27862
6,3,0.33745,0.32407,0.9232,0.28887,0.3156,0.3866,0.85,0.45762
7,3,0.58745,0.64507,1.0,0.60987,0.5656,0.5656,1.0,0.63662
8,,0.43745,0.49507,0.85,0.45987,0.4156,0.4156,0.85,0.48662
9,,0.28745,0.34507,0.7,0.30987,0.2656,0.2656,0.7,0.33662
10,,0.13745,0.19507,0.55,0.15987,0.1156,0.1156,0.55,0.18662
11,,-0.01255,0.04507,0.4,0.00987,-0.0344,-0.0344,0.4,0.03662
12,6,0.16645,0.19507,0.579,0.25987,0.2866,0.9656,0.721,0.28662
13,6,0.34545,0.34507,0.758,0.50987,0.6076,1.0,1.0,0.53662
14,,0.19545,0.19507,0.608,0.35987,0.4576,0.85,0.85,0.38662
15,,0.04545,0.04507,0.458,0.20987,0.3076,0.7,0.7,0.23662
16,,-0.10455,-0.10493,0.308,0.05987,0.1576,0.55,0.55,0.08662
17,2,0.21645,0.89507,0.629,0.30987,0.3366,0.7,0.729,0.33662
18,2,0.53745,1.0,0.95,0.55987,0.5156,0.85,0.908,0.58662
19,,0.38745,0.85,0.8,0.40987,0.3656,0.7,0.758,0.43662
20,,0.23745,0.7,0.65,0.25987,0.2156,0.55,0.608,0.28662
21,,0.08745,0.55,0.5,0.10987,0.0656,0.4,0.458,0.13662
22,,-0.06255,0.4,0.35,-0.04013,-0.0844,0.25,0.308,-0.01338
23,5,0.08745,0.579,0.6,0.28087,0.9156,0.571,0.558,0.16562
24,5,0.23745,0.758,0.85,0.60187,1.0,0.892,0.808,0.34462
25,,0.08745,0.608,0.7,0.45187,0.85,0.742,0.658,0.19462
26,,-0.06255,0.458,0.55,0.30187,0.7,0.592,0.508,0.04462
27,1,0.93745,0.779,0.8,0.48087,0.85,0.771,0.758,0.36562
28,1,1.0,1.0,1.0,0.65987,1.0,0.95,1.0,0.68662
29,,0.85,0.85,0.85,0.50987,0.85,0.8,0.85,0.53662
30,,0.7,0.7,0.7,0.35987,0.7,0.65,0.7,0.38662
31,,0.55,0.55,0.55,0.20987,0.55,0.5,0.55,0.23662
32,,0.4,0.4,0.4,0.05987,0.4,0.35,0.4,0.08662
33,,0.25,0.25,0.25,-0.09013,0.25,0.2,0.25,-0.06338
34,4,0.429,0.5,0.571,0.90987,0.571,0.45,0.429,0.08662
35,4,0.608,0.75,0.892,1.0,0.892,0.7,0.608,0.23662
36,,0.458,0.6,0.742,0.85,0.742,0.55,0.458,0.08662
37,,0.308,0.45,0.592,0.7,0.592,0.4,0.308,-0.06338
38,8,0.629,0.7,0.771,0.85,0.771,0.65,0.629,0.93662
39,8,0.95,0.95,0.95,1.0,0.95,0.9,0.95,1.0
40,,0.8,0.8,0.8,0.85,0.8,0.75,0.8,0.85
41,,0.65,0.65,0.65,0.7,0.65,0.6,0.65,0.7
42,,0.5,0.5,0.5,0.55,0.5,0.45,0.5,0.55
43,,0.35,0.35,0.35,0.4,0.35,0.3,0.35,0.4
44,,0.2,0.2,0.2,0.25,0.2,0.15,0.2,0.25
45,,0.05,0.05,0.05,0.1,0.05,0.0,0.05,0.1
46,,-0.1,-0.1,-0.1,-0.05,-0.1,-0.15,-0.1,-0.05
47,6,0.079,0.05,0.079,0.2,0.221,0.85,0.221,0.2
48,6,0.258,0.2,0.258,0.45,0.542,1.0,0.542,0.45
49,,0.108,0.05,0.108,0.3,0.392,0.85,0.392,0.3
50,,-0.042,-0.1,-0.042,0.15,0.242,0.7,0.242,0.15
51,2,0.279,0.9,0.279,0.4,0.421,0.85,0.421,0.4
52,2,0.6,1.0,0.6,0.65,0.6,1.0,0.6,0.65
53,,0.45,0.85,0.45,0.5,0.45,0.85,0.45,0.5
54,,0.3,0.7,0.3,0.35,0.3,0.7,0.3,0.35
55,,0.15,0.55,0.15,0.2,0.15,0.55,0.15,0.2
56,,0.0,0.4,0.0,0.05,0.0,0.4,0.0,0.05
57,,-0.15,0.25,-0.15,-0.1,-0.15,0.25,-0.15,-0.1
58,7,0.1,0.429,0.0,0.079,0.1,0.571,0.85,0.221
59,7,0.35,0.608,0.15,0.258,0.35,0.892,1.0,0.542
60,,0.2,0.458,0.0,0.108,0.2,0.742,0.85,0.392
61,,0.05,0.308,-0.15,-0.042,0.05,0.592,0.7,0.242
62,3,0.3,0.629,0.85,0.279,0.3,0.771,0.85,0.421
63,3,0.55,0.95,1.0,0.6,0.55,0.95,1.0,0.6
64,,0.4,0.8,0.85,0.45,0.4,0.8,0.85,0.45
65,,0.25,0.65,0.7,0.3,0.25,0.65,0.7,0.3
66,,0.1,0.5,0.55,0.15,0.1,0.5,0.55,0.15
67,,-0.05,0.35,0.4,0.0,-0.05,0.35,0.4,0.0
68,5,0.1,0.529,0.65,0.321,0.95,0.671,0.65,0.179
69,5,0.25,0.708,0.9,0.642,1.0,0.992,0.9,0.358
70,,0.1,0.558,0.75,0.492,0.85,0.842,0.75,0.208
71,,-0.05,0.408,0.6,0.342,0.7,0.692,0.6,0.058
72,1,0.95,0.729,0.85,0.521,0.85,0.871,0.85,0.379
73,1,1.0,1.0,1.0,0.7,1.0,1.0,1.0,0.7
74,,0.85,0.85,0.85,0.55,0.85,0.85,0.85,0.55
75,,0.7,0.7,0.7,0.4,0.7,0.7,0.7,0.4
76,,0.55,0.55,0.55,0.25,0.55,0.55,0.55,0.25
77,,0.4,0.4,0.4,0.1,0.4,0.4,0.4,0.1
78,,0.25,0.25,0.25,-0.05,0.25,0.25,0.25,-0.05
79,4,0.429,0.5,0.571,0.95,0.571,0.5,0.429,0.1
80,4,0.608,0.75,0.892,1.0,0.892,0.75,0.608,0.25
81,,0.458,0.6,0.742,0.85,0.742,0.6,0.458,0.1
82,,0.308,0.45,0.592,0.7,0.592,0.45,0.308,-0.05
83,8,0.629,0.7,0.771,0.85,0.771,0.7,0.629,0.95
84,8,0.95,0.95,0.95,1.0,0.95,0.95,0.95,1.0
85,,0.8,0.8,0.8,0.85,0.8,0.8,0.8,0.85
86,,0.65,0.65,0.65,0.7,0.65,0.65,0.65,0.7
87,,0.5,0.5,0.5,0.55,0.5,0.5,0.5,0.55
88,,0.35,0.35,0.35,0.4,0.35,0.35,0.35,0.4
89,,0.2,0.2,0.2,0.25,0.2,0.2,0.2,0.25
90,,0.05,0.05,0.05,0.1,0.05,0.05,0.05,0.1
91,,-0.1,-0.1,-0.1,-0.05,-0.1,-0.1,-0.1,-0.05
92,7,0.15,0.079,0.05,0.129,0.15,0.221,0.9,0.271
93,7,0.4,0.258,0.2,0.308,0.4,0.542,1.0,0.592
94,,0.25,0.108,0.05,0.158,0.25,0.392,0.85,0.442
95,,0.1,-0.042,-0.1,0.008,0.1,0.242,0.7,0.292
96,3,0.35,0.279,0.9,0.329,0.35,0.421,0.85,0.471
97,3,0.6,0.6,1.0,0.65,0.6,0.6,1.0,0.65
98,,0.45,0.45,0.85,0.5,0.45,0.45,0.85,0.5
99,,0.3,0.3,0.7,0.35,0.3,0.3,0.7,0.35
100,,0.15,0.15,0.55,0.2,0.15,0.15,0.55,0.2
101,,0.0,0.0,0.4,0.05,0.0,0.0,0.4,0.05
102,,-0.15,-0.15,0.25,-0.1,-0.15,-0.15,0.25,-0.1
103,1,0.85,0.171,0.5,0.079,0.0,0.029,0.5,0.221
104,1,1.0,0.492,0.75,0.258,0.15,0.208,0.75,0.542
105,,0.85,0.342,0.6,0.108,0.0,0.058,0.6,0.392
106,,0.7,0.192,0.45,-0.042,-0.15,-0.092,0.45,0.242
107,5,0.85,0.371,0.7,0.279,0.85,0.229,0.7,0.421
108,5,1.0,0.55,0.95,0.6,1.0,0.55,0.95,0.6
109,,0.85,0.4,0.8,0.45,0.85,0.4,0.8,0.45
110,,0.7,0.25,0.65,0.3,0.7,0.25,0.65,0.3
111,,0.55,0.1,0.5,0.15,0.55,0.1,0.5,0.15
112,,0.4,-0.05,0.35,0.0,0.4,-0.05,0.35,0.0
113,6,0.579,0.1,0.529,0.25,0.721,0.95,0.671,0.25
114,6,0.758,0.25,0.708,0.5,1.0,1.0,0.992,0.5
115,,0.608,0.1,0.558,0.35,0.85,0.85,0.842,0.35
116,,0.458,-0.05,0.408,0.2,0.7,0.7,0.692,0.2
117,2,0.779,0.95,0.729,0.45,0.879,0.85,0.871,0.45
118,2,1.0,1.0,1.0,0.7,1.0,1.0,1.0,0.7
119,,0.85,0.85,0.85,0.55,0.85,0.85,0.85,0.55
120,,0.7,0.7,0.7,0.4,0.7,0.7,0.7,0.4
121,,0.55,0.55,0.55,0.25,0.55,0.55,0.55,0.25
122,,0.4,0.4,0.4,0.1,0.4,0.4,0.4,0.1
123,,0.25,0.25,0.25,-0.05,0.25,0.25,0.25,-0.05
124,8,0.571,0.5,0.429,0.1,0.429,0.5,0.571,0.95
125,8,0.892,0.75,0.608,0.25,0.608,0.75,0.892,1.0
126,,0.742,0.6,0.458,0.1,0.458,0.6,0.742,0.85
127,,0.592,0.45,0.308,-0.05,0.308,0.45,0.592,0.7
128,4,0.771,0.7,0.629,0.95,0.629,0.7,0.771,0.85
129,4,0.95,0.95,0.95,1.0,0.95,0.95,0.95,1.0
130,,0.8,0.8,0.8,0.85,0.8,0.8,0.8,0.85
131,,0.65,0.65,0.65,0.7,0.65,0.65,0.65,0.7
132,,0.5,0.5,0.5,0.55,0.5,0.5,0.5,0.55
133,,0.35,0.35,0.35,0.4,0.35,0.35,0.35,0.4
134,,0.2,0.2,0.2,0.25,0.2,0.2,0.2,0.25
135,,0.05,0.05,0.05,0.1,0.05,0.05,0.05,0.1
136,,-0.1,-0.1,-0.1,-0.05,-0.1,-0.1,-0.1,-0.05
137,5,0.05,0.079,0.15,0.271,0.9,0.221,0.15,0.129
138,5,0.2,0.258,0.4,0.592,1.0,0.542,0.4,0.308
139,,0.05,0.108,0.25,0.442,0.85,0.392,0.25,0.158
140,,-0.1,-0.042,0.1,0.292,0.7,0.242,0.1,0.008
141,1,0.9,0.279,0.35,0.471,0.85,0.421,0.35,0.329
142,1,1.0,0.6,0.6,0.65,1.0,0.6,0.6,0.65
143,,0.85,0.45,0.45,0.5,0.85,0.45,0.45,0.5
144,,0.7,0.3,0.3,0.35,0.7,0.3,0.3,0.35
145,,0.55,0.15,0.15,0.2,0.55,0.15,0.15,0.2
146,,0.4,0.0,0.0,0.05,0.4,0.0,0.0,0.05
147,,0.25,-0.15,-0.15,-0.1,0.25,-0.15,-0.15,-0.1
148,3,0.5,0.171,0.85,0.221,0.5,0.029,0.0,0.079
149,3,0.75,0.492,1.0,0.542,0.75,0.208,0.15,0.258
150,,0.6,0.342,0.85,0.392,0.6,0.058,0.0,0.108
151,,0.45,0.192,0.7,0.242,0.45,-0.092,-0.15,-0.042
152,7,0.7,0.371,0.85,0.421,0.7,0.229,0.85,0.279
153,7,0.95,0.55,1.0,0.6,0.95,0.55,1.0,0.6
154,,0.8,0.4,0.85,0.45,0.8,0.4,0.85,0.45
155,,0.65,0.25,0.7,0.3,0.65,0.25,0.7,0.3
156,,0.5,0.1,0.55,0.15,0.5,0.1,0.55,0.15
157,,0.35,-0.05,0.4,0.0,0.35,-0.05,0.4,0.0
158,6,0.529,0.1,0.579,0.25,0.671,0.95,0.721,0.25
159,6,0.708,0.25,0.758,0.5,0.992,1.0,1.0,0.5
160,,0.558,0.1,0.608,0.35,0.842,0.85,0.85,0.35
161,,0.408,-0.05,0.458,0.2,0.692,0.7,0.7,0.2
162,2,0.729,0.95,0.779,0.45,0.871,0.85,0.879,0.45
163,2,1.0,1.0,1.0,0.7,1.0,1.0,1.0,0.7
164,,0.85,0.85,0.85,0.55,0.85,0.85,0.85,0.55
165,,0.7,0.7,0.7,0.4,0.7,0.7,0.7,0.4
166,,0.55,0.55,0.55,0.25,0.55,0.55,0.55,0.25
167,,0.4,0.4,0.4,0.1,0.4,0.4,0.4,0.1
168,,0.25,0.25,0.25,-0.05,0.25,0.25,0.25,-0.05
169,8,0.571,0.5,0.429,0.1,0.429,0.5,0.571,0.95
170,8,0.892,0.75,0.608,0.25,0.608,0.75,0.892,1.0
171,,0.742,0.6,0.458,0.1,0.458,0.6,0.742,0.85
172,,0.592,0.45,0.308,-0.05,0.308,0.45,0.592,0.7
173,4,0.771,0.7,0.629,0.95,0.629,0.7,0.771,0.85
174,4,0.95,0.95,0.95,1.0,0.95,0.95,0.95,1.0
175,,0.8,0.8,0.8,0.85,0.8,0.8,0.8,0.85
176,,0.65,0.65,0.65,0.7,0.65,0.65,0.65,0.7
177,,0.5,0.5,0.5,0.55,0.5,0.5,0.5,0.55
178,,0.35,0.35,0.35,0.4,0.35,0.35,0.35,0.4
179,,0.2,0.2,0.2,0.25,0.2,0.2,0.2,0.25
180,,0.05,0.05,0.05,0.1,0.05,0.05,0.05,0.1
181,,-0.1,-0.1,-0.1,-0.05,-0.1,-0.1,-0.1,-0.05
182,5,0.05,0.079,0.15,0.271,0.9,0.221,0.15,0.129
183,5,0.2,0.258,0.4,0.592,1.0,0.542,0.4,0.308
184,,0.05,0.108,0.25,0.442,0.85,0.392,0.25,0.158
185,,-0.1,-0.042,0.1,0.292,0.7,0.242,0.1,0.008
186,1,0.9,0.279,0.35,0.471,0.85,0.421,0.35,0.329
187,1,1.0,0.6,0.6,0.65,1.0,0.6,0.6,0.65
188,,0.85,0.45,0.45,0.5,0.85,0.45,0.45,0.5
189,,0.7,0.3,0.3,0.35,0.7,0.3,0.3,0.35
190,,0.55,0.15,0.15,0.2,0.55,0.15,0.15,0.2
191,,0.4,0.0,0.0,0.05,0.4,0.0,0.0,0.05
192,,0.25,-0.15,-0.15,-0.1,0.25,-0.15,-0.15,-0.1
193,2,0.571,0.85,0.171,0.15,0.429,0.0,0.029,0.15
194,2,0.892,1.0,0.492,0.4,0.608,0.15,0.208,0.4
195,,0.742,0.85,0.342,0.25,0.458,0.0,0.058,0.25
196,,0.592,0.7,0.192,0.1,0.308,-0.15,-0.092,0.1
197,6,0.771,0.85,0.371,0.35,0.629,0.85,0.229,0.35
198,6,0.95,1.0,0.55,0.6,0.95,1.0,0.55,0.6
199,,0.8,0.85,0.4,0.45,0.8,0.85,0.4,0.45
