step,active_motive,motive_1,motive_2,motive_3,motive_4,motive_5,motive_6,motive_7,motive_8
0,,0.0842,0.01944,0.04114,0.06995,0.01384,0.01327,0.09695,0.07146
1,,-0.0658,-0.13056,-0.10886,-0.08005,-0.13616,-0.13673,-0.05305,-0.07854
2,6,0.1132,0.01944,0.07014,0.16995,0.18484,0.86327,0.26795,0.17146
3,6,0.2922,0.16944,0.24914,0.41995,0.50584,1.0,0.58895,0.42146
4,,0.1422,0.01944,0.09914,0.26995,0.35584,0.85,0.43895,0.27146
5,,-0.0078,-0.13056,-0.05086,0.11995,0.20584,0.7,0.28895,0.12146
6,2,0.3132,0.86944,0.27014,0.36995,0.38484,0.85,0.46795,0.37146
7,2,0.6342,1.0,0.59114,0.61995,0.56384,1.0,0.64695,0.62146
8,,0.4842,0.85,0.44114,0.46995,0.41384,0.85,0.49695,0.47146
9,,0.3342,0.7,0.29114,0.31995,0.26384,0.7,0.34695,0.32146
10,,0.1842,0.55,0.14114,0.16995,0.11384,0.55,0.19695,0.17146
11,,0.0342,0.4,-0.00886,0.01995,-0.03616,0.4,0.04695,0.02146
12,5,0.1842,0.579,0.24114,0.34095,0.96384,0.721,0.29695,0.20046
13,5,0.3342,0.758,0.49114,0.66195,1.0,1.0,0.54695,0.37946
14,,0.1842,0.608,0.34114,0.51195,0.85,0.85,0.39695,0.22946
15,,0.0342,0.458,0.19114,0.36195,0.7,0.7,0.24695,0.07946
16,,-0.1158,0.308,0.04114,0.21195,0.55,0.55,0.09695,-0.07054
17,1,0.8842,0.629,0.29114,0.39095,0.7,0.729,0.34695,0.25046
18,1,1.0,0.95,0.54114,0.56995,0.85,0.908,0.59695,0.57146
19,,0.85,0.8,0.39114,0.41995,0.7,0.758,0.44695,0.42146
20,,0.7,0.65,0.24114,0.26995,0.55,0.608,0.29695,0.27146
21,,0.55,0.5,0.09114,0.11995,0.4,0.458,0.14695,0.12146
22,,0.4,0.35,-0.05886,-0.03005,0.25,0.308,-0.00305,-0.02854
23,3,0.65,0.671,0.94114,0.29095,0.5,0.487,0.14695,0.15046
24,3,0.9,0.992,1.0,0.61195,0.75,0.666,0.29695,0.32946
25,,0.75,0.842,0.85,0.46195,0.6,0.516,0.14695,0.17946
26,,0.6,0.692,0.7,0.31195,0.45,0.366,-0.00305,0.02946
27,7,0.85,0.871,0.85,0.49095,0.7,0.687,0.99695,0.35046
28,7,1.0,1.0,1.0,0.66995,0.95,1.0,1.0,0.67146
29,,0.85,0.85,0.85,0.51995,0.8,0.85,0.85,0.52146
30,,0.7,0.7,0.7,0.36995,0.65,0.7,0.7,0.37146
31,,0.55,0.55,0.55,0.21995,0.5,0.55,0.55,0.22146
32,,0.4,0.4,0.4,0.06995,0.35,0.4,0.4,0.07146
33,,0.25,0.25,0.25,-0.08005,0.2,0.25,0.25,-0.07854
34,4,0.429,0.5,0.571,0.91995,0.521,0.5,0.429,0.07146
35,4,0.608,0.75,0.892,1.0,0.842,0.75,0.608,0.22146
36,,0.458,0.6,0.742,0.85,0.692,0.6,0.458,0.07146
37,,0.308,0.45,0.592,0.7,0.542,0.45,0.308,-0.07854
38,8,0.629,0.7,0.771,0.85,0.721,0.7,0.629,0.92146
39,8,0.95,0.95,0.95,1.0,0.9,0.95,0.95,1.0
40,,0.8,0.8,0.8,0.85,0.75,0.8,0.8,0.85
41,,0.65,0.65,0.65,0.7,0.6,0.65,0.65,0.7
42,,0.5,0.5,0.5,0.55,0.45,0.5,0.5,0.55
43,,0.35,0.35,0.35,0.4,0.3,0.35,0.35,0.4
44,,0.2,0.2,0.2,0.25,0.15,0.2,0.2,0.25
45,,0.05,0.05,0.05,0.1,0.0,0.05,0.05,0.1
46,,-0.1,-0.1,-0.1,-0.05,-0.15,-0.1,-0.1,-0.05
47,5,0.05,0.079,0.15,0.271,0.85,0.221,0.15,0.129
48,5,0.2,0.258,0.4,0.592,1.0,0.542,0.4,0.308
49,,0.05,0.108,0.25,0.442,0.85,0.392,0.25,0.158
50,,-0.1,-0.042,0.1,0.292,0.7,0.242,0.1,0.008
51,1,0.9,0.279,0.35,0.471,0.85,0.421,0.35,0.329
52,1,1.0,0.6,0.6,0.65,1.0,0.6,0.6,0.65
53,,0.85,0.45,0.45,0.5,0.85,0.45,0.45,0.5
54,,0.7,0.3,0.3,0.35,0.7,0.3,0.3,0.35
55,,0.55,0.15,0.15,0.2,0.55,0.15,0.15,0.2
56,,0.4,0.0,0.0,0.05,0.4,0.0,0.0,0.05
57,,0.25,-0.15,-0.15,-0.1,0.25,-0.15,-0.15,-0.1
58,6,0.429,0.0,0.029,0.15,0.571,0.85,0.171,0.15
59,6,0.608,0.15,0.208,0.4,0.892,1.0,0.492,0.4
60,,0.458,0.0,0.058,0.25,0.742,0.85,0.342,0.25
61,,0.308,-0.15,-0.092,0.1,0.592,0.7,0.192,0.1
62,2,0.629,0.85,0.229,0.35,0.771,0.85,0.371,0.35
63,2,0.95,1.0,0.55,0.6,0.95,1.0,0.55,0.6
64,,0.8,0.85,0.4,0.45,0.8,0.85,0.4,0.45
65,,0.65,0.7,0.25,0.3,0.65,0.7,0.25,0.3
66,,0.5,0.55,0.1,0.15,0.5,0.55,0.1,0.15
67,,0.35,0.4,-0.05,0.0,0.35,0.4,-0.05,0.0
68,3,0.6,0.721,0.95,0.321,0.6,0.579,0.1,0.179
69,3,0.85,1.0,1.0,0.642,0.85,0.758,0.25,0.358
70,,0.7,0.85,0.85,0.492,0.7,0.608,0.1,0.208
71,,0.55,0.7,0.7,0.342,0.55,0.458,-0.05,0.058
72,7,0.8,0.879,0.85,0.521,0.8,0.779,0.95,0.379
73,7,1.0,1.0,1.0,0.7,1.0,1.0,1.0,0.7
74,,0.85,0.85,0.85,0.55,0.85,0.85,0.85,0.55
75,,0.7,0.7,0.7,0.4,0.7,0.7,0.7,0.4
76,,0.55,0.55,0.55,0.25,0.55,0.55,0.55,0.25
77,,0.4,0.4,0.4,0.1,0.4,0.4,0.4,0.1
78,,0.25,0.25,0.25,-0.05,0.25,0.25,0.25,-0.05
79,8,0.571,0.5,0.429,0.1,0.429,0.5,0.571,0.95
80,8,0.892,0.75,0.608,0.25,0.608,0.75,0.892,1.0
81,,0.742,0.6,0.458,0.1,0.458,0.6,0.742,0.85
82,,0.592,0.45,0.308,-0.05,0.308,0.45,0.592,0.7
83,4,0.771,0.7,0.629,0.95,0.629,0.7,0.771,0.85
84,4,0.95,0.95,0.95,1.0,0.95,0.95,0.95,1.0
85,,0.8,0.8,0.8,0.85,0.8,0.8,0.8,0.85
86,,0.65,0.65,0.65,0.7,0.65,0.65,0.65,0.7
87,,0.5,0.5,0.5,0.55,0.5,0.5,0.5,0.55
88,,0.35,0.35,0.35,0.4,0.35,0.35,0.35,0.4
89,,0.2,0.2,0.2,0.25,0.2,0.2,0.2,0.25
90,,0.05,0.05,0.05,0.1,0.05,0.05,0.05,0.1
91,,-0.1,-0.1,-0.1,-0.05,-0.1,-0.1,-0.1,-0.05
92,3,0.15,0.221,0.9,0.271,0.15,0.079,0.05,0.129
93,3,0.4,0.542,1.0,0.592,0.4,0.258,0.2,0.308
94,,0.25,0.392,0.85,0.442,0.25,0.108,0.05,0.158
95,,0.1,0.242,0.7,0.292,0.1,-0.042,-0.1,0.008
96,7,0.35,0.421,0.85,0.471,0.35,0.279,0.9,0.329
97,7,0.6,0.6,1.0,0.65,0.6,0.6,1.0,0.65
98,,0.45,0.45,0.85,0.5,0.45,0.45,0.85,0.5
99,,0.3,0.3,0.7,0.35,0.3,0.3,0.7,0.35
100,,0.15,0.15,0.55,0.2,0.15,0.15,0.55,0.2
101,,0.0,0.0,0.4,0.05,0.0,0.0,0.4,0.05
102,,-0.15,-0.15,0.25,-0.1,-0.15,-0.15,0.25,-0.1
103,6,0.029,0.0,0.429,0.15,0.171,0.85,0.571,0.15
104,6,0.208,0.15,0.608,0.4,0.492,1.0,0.892,0.4
105,,0.058,0.0,0.458,0.25,0.342,0.85,0.742,0.25
106,,-0.092,-0.15,0.308,0.1,0.192,0.7,0.592,0.1
107,2,0.229,0.85,0.629,0.35,0.371,0.85,0.771,0.35
108,2,0.55,1.0,0.95,0.6,0.55,1.0,0.95,0.6
109,,0.4,0.85,0.8,0.45,0.4,0.85,0.8,0.45
110,,0.25,0.7,0.65,0.3,0.25,0.7,0.65,0.3
111,,0.1,0.55,0.5,0.15,0.1,0.55,0.5,0.15
112,,-0.05,0.4,0.35,0.0,-0.05,0.4,0.35,0.0
113,5,0.1,0.579,0.6,0.321,0.95,0.721,0.6,0.179
114,5,0.25,0.758,0.85,0.642,1.0,1.0,0.85,0.358
115,,0.1,0.608,0.7,0.492,0.85,0.85,0.7,0.208
116,,-0.05,0.458,0.55,0.342,0.7,0.7,0.55,0.058
117,1,0.95,0.779,0.8,0.521,0.85,0.879,0.8,0.379
118,1,1.0,1.0,1.0,0.7,1.0,1.0,1.0,0.7
119,,0.85,0.85,0.85,0.55,0.85,0.85,0.85,0.55
120,,0.7,0.7,0.7,0.4,0.7,0.7,0.7,0.4
121,,0.55,0.55,0.55,0.25,0.55,0.55,0.55,0.25
122,,0.4,0.4,0.4,0.1,0.4,0.4,0.4,0.1
123,,0.25,0.25,0.25,-0.05,0.25,0.25,0.25,-0.05
124,4,0.429,0.5,0.571,0.95,0.571,0.5,0.429,0.1
125,4,0.608,0.75,0.892,1.0,0.892,0.75,0.608,0.25
126,,0.458,0.6,0.742,0.85,0.742,0.6,0.458,0.1
127,,0.308,0.45,0.592,0.7,0.592,0.45,0.308,-0.05
128,8,0.629,0.7,0.771,0.85,0.771,0.7,0.629,0.95
129,8,0.95,0.95,0.95,1.0,0.95,0.95,0.95,1.0
130,,0.8,0.8,0.8,0.85,0.8,0.8,0.8,0.85
131,,0.65,0.65,0.65,0.7,0.65,0.65,0.65,0.7
132,,0.5,0.5,0.5,0.55,0.5,0.5,0.5,0.55
133,,0.35,0.35,0.35,0.4,0.35,0.35,0.35,0.4
134,,0.2,0.2,0.2,0.25,0.2,0.2,0.2,0.25
135,,0.05,0.05,0.05,0.1,0.05,0.05,0.05,0.1
136,,-0.1,-0.1,-0.1,-0.05,-0.1,-0.1,-0.1,-0.05
137,2,0.221,0.9,0.221,0.2,0.079,0.05,0.079,0.2
138,2,0.542,1.0,0.542,0.45,0.258,0.2,0.258,0.45
139,,0.392,0.85,0.392,0.3,0.108,0.05,0.108,0.3
140,,0.242,0.7,0.242,0.15,-0.042,-0.1,-0.042,0.15
141,6,0.421,0.85,0.421,0.4,0.279,0.9,0.279,0.4
142,6,0.6,1.0,0.6,0.65,0.6,1.0,0.6,0.65
143,,0.45,0.85,0.45,0.5,0.45,0.85,0.45,0.5
144,,0.3,0.7,0.3,0.35,0.3,0.7,0.3,0.35
145,,0.15,0.55,0.15,0.2,0.15,0.55,0.15,0.2
146,,0.0,0.4,0.0,0.05,0.0,0.4,0.0,0.05
147,,-0.15,0.25,-0.15,-0.1,-0.15,0.25,-0.15,-0.1
148,1,0.85,0.571,0.1,0.079,0.0,0.429,0.1,0.221
149,1,1.0,0.892,0.35,0.258,0.15,0.608,0.35,0.542
150,,0.85,0.742,0.2,0.108,0.0,0.458,0.2,0.392
151,,0.7,0.592,0.05,-0.042,-0.15,0.308,0.05,0.242
152,5,0.85,0.771,0.3,0.279,0.85,0.629,0.3,0.421
153,5,1.0,0.95,0.55,0.6,1.0,0.95,0.55,0.6
154,,0.85,0.8,0.4,0.45,0.85,0.8,0.4,0.45
155,,0.7,0.65,0.25,0.3,0.7,0.65,0.25,0.3
156,,0.55,0.5,0.1,0.15,0.55,0.5,0.1,0.15
157,,0.4,0.35,-0.05,0.0,0.4,0.35,-0.05,0.0
158,7,0.65,0.529,0.1,0.179,0.65,0.671,0.95,0.321
159,7,0.9,0.708,0.25,0.358,0.9,0.992,1.0,0.642
160,,0.75,0.558,0.1,0.208,0.75,0.842,0.85,0.492
161,,0.6,0.408,-0.05,0.058,0.6,0.692,0.7,0.342
162,3,0.85,0.729,0.95,0.379,0.85,0.871,0.85,0.521
163,3,1.0,1.0,1.0,0.7,1.0,1.0,1.0,0.7
164,,0.85,0.85,0.85,0.55,0.85,0.85,0.85,0.55
165,,0.7,0.7,0.7,0.4,0.7,0.7,0.7,0.4
166,,0.55,0.55,0.55,0.25,0.55,0.55,0.55,0.25
167,,0.4,0.4,0.4,0.1,0.4,0.4,0.4,0.1
168,,0.25,0.25,0.25,-0.05,0.25,0.25,0.25,-0.05
169,4,0.429,0.5,0.571,0.95,0.571,0.5,0.429,0.1
170,4,0.608,0.75,0.892,1.0,0.892,0.75,0.608,0.25
171,,0.458,0.6,0.742,0.85,0.742,0.6,0.458,0.1
172,,0.308,0.45,0.592,0.7,0.592,0.45,0.308,-0.05
173,8,0.629,0.7,0.771,0.85,0.771,0.7,0.629,0.95
174,8,0.95,0.95,0.95,1.0,0.95,0.95,0.95,1.0
175,,0.8,0.8,0.8,0.85,0.8,0.8,0.8,0.85
176,,0.65,0.65,0.65,0.7,0.65,0.65,0.65,0.7
177,,0.5,0.5,0.5,0.55,0.5,0.5,0.5,0.55
178,,0.35,0.35,0.35,0.4,0.35,0.35,0.35,0.4
179,,0.2,0.2,0.2,0.25,0.2,0.2,0.2,0.25
180,,0.05,0.05,0.05,0.1,0.05,0.05,0.05,0.1
181,,-0.1,-0.1,-0.1,-0.05,-0.1,-0.1,-0.1,-0.05
182,7,0.15,0.079,0.05,0.129,0.15,0.221,0.9,0.271
183,7,0.4,0.258,0.2,0.308,0.4,0.542,1.0,0.592
184,,0.25,0.108,0.05,0.158,0.25,0.392,0.85,0.442
185,,0.1,-0.042,-0.1,0.008,0.1,0.242,0.7,0.292
186,3,0.35,0.279,0.9,0.329,0.35,0.421,0.85,0.471
187,3,0.6,0.6,1.0,0.65,0.6,0.6,1.0,0.65
188,,0.45,0.45,0.85,0.5,0.45,0.45,0.85,0.5
189,,0.3,0.3,0.7,0.35,0.3,0.3,0.7,0.35
190,,0.15,0.15,0.55,0.2,0.15,0.15,0.55,0.2
191,,0.0,0.0,0.4,0.05,0.0,0.0,0.4,0.05
192,,-0.15,-0.15,0.25,-0.1,-0.15,-0.15,0.25,-0.1
193,5,0.0,0.029,0.5,0.221,0.85,0.171,0.5,0.079
194,5,0.15,0.208,0.75,0.542,1.0,0.492,0.75,0.258
195,,0.0,0.058,0.6,0.392,0.85,0.342,0.6,0.108
196,,-0.15,-0.092,0.45,0.242,0.7,0.192,0.45,-0.042
197,1,0.85,0.229,0.7,0.421,0.85,0.371,0.7,0.279
198,1,1.0,0.55,0.95,0.6,1.0,0.55,0.95,0.6
199,,0.85,0.4,0.8,0.45,0.85,0.4,0.8,0.45
