step,active_motive,motive_1,motive_2,motive_3,motive_4,motive_5,motive_6,motive_7,motive_8
0,,0.54254,0.50881,0.63633,0.25046,0.58987,0.97889,0.48674,0.9061
1,,0.52254,0.48881,0.61633,0.23046,0.56987,0.95889,0.46674,0.8861
2,,0.50254,0.46881,0.59633,0.21046,0.54987,0.93889,0.44674,0.8661
3,,0.48254,0.44881,0.57633,0.19046,0.52987,0.91889,0.42674,0.8461
4,,0.46254,0.42881,0.55633,0.17046,0.50987,0.89889,0.40674,0.8261
5,,0.44254,0.40881,0.53633,0.15046,0.48987,0.87889,0.38674,0.8061
6,,0.42254,0.38881,0.51633,0.13046,0.46987,0.85889,0.36674,0.7861
7,,0.40254,0.36881,0.49633,0.11046,0.44987,0.83889,0.34674,0.7661
8,,0.38254,0.34881,0.47633,0.09046,0.42987,0.81889,0.32674,0.7461
9,,0.36254,0.32881,0.45633,0.07046,0.40987,0.79889,0.30674,0.7261
10,,0.34254,0.30881,0.43633,0.05046,0.38987,0.77889,0.28674,0.7061
11,,0.32254,0.28881,0.41633,0.03046,0.36987,0.75889,0.26674,0.6861
12,,0.30254,0.26881,0.39633,0.01046,0.34987,0.73889,0.24674,0.6661
13,,0.28254,0.24881,0.37633,-0.00954,0.32987,0.71889,0.22674,0.6461
14,4,0.05054,0.22881,0.56833,0.99046,0.52187,0.69889,-0.00526,0.3261
15,4,-0.18146,0.20881,0.76033,1.0,0.71387,0.67889,-0.23726,0.0061
16,7,-0.20146,-0.02319,0.44033,0.768,0.69387,0.87089,0.76274,0.1981
17,7,-0.22146,-0.25519,0.12033,0.536,0.67387,1.0,1.0,0.3901
18,2,-0.02946,0.74481,0.31233,0.516,0.44187,0.68,0.768,0.3701
19,2,0.16254,1.0,0.50433,0.496,0.20987,0.36,0.536,0.3501
20,,0.14254,0.98,0.48433,0.476,0.18987,0.34,0.516,0.3301
21,,0.12254,0.96,0.46433,0.456,0.16987,0.32,0.496,0.3101
22,,0.10254,0.94,0.44433,0.436,0.14987,0.3,0.476,0.2901
23,,0.08254,0.92,0.42433,0.416,0.12987,0.28,0.456,0.2701
24,,0.06254,0.9,0.40433,0.396,0.10987,0.26,0.436,0.2501
25,,0.04254,0.88,0.38433,0.376,0.08987,0.24,0.416,0.2301
26,,0.02254,0.86,0.36433,0.356,0.06987,0.22,0.396,0.2101
27,,0.00254,0.84,0.34433,0.336,0.04987,0.2,0.376,0.1901
28,,-0.01746,0.82,0.32433,0.316,0.02987,0.18,0.356,0.1701
29,1,0.98254,1.0,0.30433,0.084,-0.29013,-0.052,0.336,0.3621
30,1,1.0,1.0,0.28433,-0.148,-0.61013,-0.284,0.316,0.5541
31,5,0.68,0.768,0.26433,0.044,0.38987,-0.092,0.296,0.3221
32,5,0.36,0.536,0.24433,0.236,1.0,0.1,0.276,0.0901
33,,0.34,0.516,0.22433,0.216,0.98,0.08,0.256,0.0701
34,,0.32,0.496,0.20433,0.196,0.96,0.06,0.236,0.0501
35,,0.3,0.476,0.18433,0.176,0.94,0.04,0.216,0.0301
36,,0.28,0.456,0.16433,0.156,0.92,0.02,0.196,0.0101
37,,0.26,0.436,0.14433,0.136,0.9,0.0,0.176,-0.0099
38,8,0.452,0.416,-0.08767,-0.184,0.668,-0.02,0.368,0.9901
39,8,0.644,0.396,-0.31967,-0.504,0.436,-0.04,0.56,1.0
40,4,0.412,0.376,-0.12767,0.496,0.628,-0.06,0.328,0.68
41,4,0.18,0.356,0.06433,1.0,0.82,-0.08,0.096,0.36
42,6,-0.052,0.036,-0.16767,0.98,1.0,0.92,0.288,0.34
43,6,-0.284,-0.284,-0.39967,0.96,1.0,1.0,0.48,0.32
44,3,-0.304,-0.092,0.60033,1.0,0.98,0.768,0.16,0.088
45,3,-0.324,0.1,1.0,1.0,0.96,0.536,-0.16,-0.144
46,1,0.676,0.292,0.98,0.768,0.64,0.304,-0.18,0.048
47,1,1.0,0.484,0.96,0.536,0.32,0.072,-0.2,0.24
48,7,0.98,0.252,0.64,0.304,0.3,0.264,0.8,0.432
49,7,0.96,0.02,0.32,0.072,0.28,0.456,1.0,0.624
50,,0.94,0.0,0.3,0.052,0.26,0.436,0.98,0.604
51,,0.92,-0.02,0.28,0.032,0.24,0.416,0.96,0.584
52,2,1.0,0.98,0.472,0.012,0.008,0.096,0.728,0.564
53,2,1.0,1.0,0.664,-0.008,-0.224,-0.224,0.496,0.544
54,5,0.68,0.768,0.644,0.184,0.776,-0.032,0.476,0.312
55,5,0.36,0.536,0.624,0.376,1.0,0.16,0.456,0.08
56,,0.34,0.516,0.604,0.356,0.98,0.14,0.436,0.06
57,,0.32,0.496,0.584,0.336,0.96,0.12,0.416,0.04
58,,0.3,0.476,0.564,0.316,0.94,0.1,0.396,0.02
59,,0.28,0.456,0.544,0.296,0.92,0.08,0.376,0.0
60,,0.26,0.436,0.524,0.276,0.9,0.06,0.356,-0.02
61,8,0.452,0.416,0.292,-0.044,0.668,0.04,0.548,0.98
62,8,0.644,0.396,0.06,-0.364,0.436,0.02,0.74,1.0
63,4,0.412,0.376,0.252,0.636,0.628,0.0,0.508,0.68
64,4,0.18,0.356,0.444,1.0,0.82,-0.02,0.276,0.36
65,6,-0.052,0.036,0.212,0.98,1.0,0.98,0.468,0.34
66,6,-0.284,-0.284,-0.02,0.96,1.0,1.0,0.66,0.32
67,2,-0.092,0.716,0.172,0.94,0.768,0.68,0.428,0.3
68,2,0.1,1.0,0.364,0.92,0.536,0.36,0.196,0.28
69,,0.08,0.98,0.344,0.9,0.516,0.34,0.176,0.26
70,,0.06,0.96,0.324,0.88,0.496,0.32,0.156,0.24
71,,0.04,0.94,0.304,0.86,0.476,0.3,0.136,0.22
72,,0.02,0.92,0.284,0.84,0.456,0.28,0.116,0.2
73,,0.0,0.9,0.264,0.82,0.436,0.26,0.096,0.18
74,,-0.02,0.88,0.244,0.8,0.416,0.24,0.076,0.16
75,1,0.98,1.0,0.224,0.568,0.096,0.008,0.056,0.352
76,1,1.0,1.0,0.204,0.336,-0.224,-0.224,0.036,0.544
77,5,0.68,0.768,0.184,0.528,0.776,-0.032,0.016,0.312
78,5,0.36,0.536,0.164,0.72,1.0,0.16,-0.004,0.08
79,7,0.34,0.304,-0.156,0.488,0.98,0.352,0.996,0.272
80,7,0.32,0.072,-0.476,0.256,0.96,0.544,1.0,0.464
81,3,0.3,0.264,0.524,0.448,0.94,0.312,0.68,0.232
82,3,0.28,0.456,1.0,0.64,0.92,0.08,0.36,0.0
83,,0.26,0.436,0.98,0.62,0.9,0.06,0.34,-0.02
84,8,0.452,0.416,0.748,0.3,0.668,0.04,0.532,0.98
85,8,0.644,0.396,0.516,-0.02,0.436,0.02,0.724,1.0
86,4,0.412,0.376,0.708,0.98,0.628,0.0,0.492,0.68
87,4,0.18,0.356,0.9,1.0,0.82,-0.02,0.26,0.36
88,6,-0.052,0.036,0.668,0.98,1.0,0.98,0.452,0.34
89,6,-0.284,-0.284,0.436,0.96,1.0,1.0,0.644,0.32
90,2,-0.092,0.716,0.628,0.94,0.768,0.68,0.412,0.3
91,2,0.1,1.0,0.82,0.92,0.536,0.36,0.18,0.28
92,,0.08,0.98,0.8,0.9,0.516,0.34,0.16,0.26
93,,0.06,0.96,0.78,0.88,0.496,0.32,0.14,0.24
94,,0.04,0.94,0.76,0.86,0.476,0.3,0.12,0.22
95,,0.02,0.92,0.74,0.84,0.456,0.28,0.1,0.2
96,,0.0,0.9,0.72,0.82,0.436,0.26,0.08,0.18
97,,-0.02,0.88,0.7,0.8,0.416,0.24,0.06,0.16
98,1,0.98,1.0,0.68,0.568,0.096,0.008,0.04,0.352
99,1,1.0,1.0,0.66,0.336,-0.224,-0.224,0.02,0.544
100,5,0.68,0.768,0.64,0.528,0.776,-0.032,0.0,0.312
101,5,0.36,0.536,0.62,0.72,1.0,0.16,-0.02,0.08
102,7,0.34,0.304,0.3,0.488,0.98,0.352,0.98,0.272
103,7,0.32,0.072,-0.02,0.256,0.96,0.544,1.0,0.464
104,3,0.3,0.264,0.98,0.448,0.94,0.312,0.68,0.232
105,3,0.28,0.456,1.0,0.64,0.92,0.08,0.36,0.0
106,,0.26,0.436,0.98,0.62,0.9,0.06,0.34,-0.02
107,8,0.452,0.416,0.748,0.3,0.668,0.04,0.532,0.98
108,8,0.644,0.396,0.516,-0.02,0.436,0.02,0.724,1.0
109,4,0.412,0.376,0.708,0.98,0.628,0.0,0.492,0.68
110,4,0.18,0.356,0.9,1.0,0.82,-0.02,0.26,0.36
111,6,-0.052,0.036,0.668,0.98,1.0,0.98,0.452,0.34
112,6,-0.284,-0.284,0.436,0.96,1.0,1.0,0.644,0.32
113,2,-0.092,0.716,0.628,0.94,0.768,0.68,0.412,0.3
114,2,0.1,1.0,0.82,0.92,0.536,0.36,0.18,0.28
115,,0.08,0.98,0.8,0.9,0.516,0.34,0.16,0.26
116,,0.06,0.96,0.78,0.88,0.496,0.32,0.14,0.24
117,,0.04,0.94,0.76,0.86,0.476,0.3,0.12,0.22
118,,0.02,0.92,0.74,0.84,0.456,0.28,0.1,0.2
119,,0.0,0.9,0.72,0.82,0.436,0.26,0.08,0.18
120,,-0.02,0.88,0.7,0.8,0.416,0.24,0.06,0.16
121,1,0.98,1.0,0.68,0.568,0.096,0.008,0.04,0.352
122,1,1.0,1.0,0.66,0.336,-0.224,-0.224,0.02,0.544
123,5,0.68,0.768,0.64,0.528,0.776,-0.032,0.0,0.312
124,5,0.36,0.536,0.62,0.72,1.0,0.16,-0.02,0.08
125,7,0.34,0.304,0.3,0.488,0.98,0.352,0.98,0.272
126,7,0.32,0.072,-0.02,0.256,0.96,0.544,1.0,0.464
127,3,0.3,0.264,0.98,0.448,0.94,0.312,0.68,0.232
128,3,0.28,0.456,1.0,0.64,0.92,0.08,0.36,0.0
129,,0.26,0.436,0.98,0.62,0.9,0.06,0.34,-0.02
130,8,0.452,0.416,0.748,0.3,0.668,0.04,0.532,0.98
131,8,0.644,0.396,0.516,-0.02,0.436,0.02,0.724,1.0
132,4,0.412,0.376,0.708,0.98,0.628,0.0,0.492,0.68
133,4,0.18,0.356,0.9,1.0,0.82,-0.02,0.26,0.36
134,6,-0.052,0.036,0.668,0.98,1.0,0.98,0.452,0.34
135,6,-0.284,-0.284,0.436,0.96,1.0,1.0,0.644,0.32
136,2,-0.092,0.716,0.628,0.94,0.768,0.68,0.412,0.3
137,2,0.1,1.0,0.82,0.92,0.536,0.36,0.18,0.28
138,,0.08,0.98,0.8,0.9,0.516,0.34,0.16,0.26
139,,0.06,0.96,0.78,0.88,0.496,0.32,0.14,0.24
140,,0.04,0.94,0.76,0.86,0.476,0.3,0.12,0.22
141,,0.02,0.92,0.74,0.84,0.456,0.28,0.1,0.2
142,,0.0,0.9,0.72,0.82,0.436,0.26,0.08,0.18
143,,-0.02,0.88,0.7,0.8,0.416,0.24,0.06,0.16
144,1,0.98,1.0,0.68,0.568,0.096,0.008,0.04,0.352
145,1,1.0,1.0,0.66,0.336,-0.224,-0.224,0.02,0.544
146,5,0.68,0.768,0.64,0.528,0.776,-0.032,0.0,0.312
147,5,0.36,0.536,0.62,0.72,1.0,0.16,-0.02,0.08
148,7,0.34,0.304,0.3,0.488,0.98,0.352,0.98,0.272
149,7,0.32,0.072,-0.02,0.256,0.96,0.544,1.0,0.464
150,3,0.3,0.264,0.98,0.448,0.94,0.312,0.68,0.232
151,3,0.28,0.456,1.0,0.64,0.92,0.08,0.36,0.0
152,,0.26,0.436,0.98,0.62,0.9,0.06,0.34,-0.02
153,8,0.452,0.416,0.748,0.3,0.668,0.04,0.532,0.98
154,8,0.644,0.396,0.516,-0.02,0.436,0.02,0.724,1.0
155,4,0.412,0.376,0.708,0.98,0.628,0.0,0.492,0.68
156,4,0.18,0.356,0.9,1.0,0.82,-0.02,0.26,0.36
157,6,-0.052,0.036,0.668,0.98,1.0,0.98,0.452,0.34
158,6,-0.284,-0.284,0.436,0.96,1.0,1.0,0.644,0.32
159,1,0.716,-0.092,0.416,0.728,0.68,0.768,0.624,0.512
160,1,1.0,0.1,0.396,0.496,0.36,0.536,0.604,0.704
161,,0.98,0.08,0.376,0.476,0.34,0.516,0.584,0.684
162,,0.96,0.06,0.356,0.456,0.32,0.496,0.564,0.664
163,,0.94,0.04,0.336,0.436,0.3,0.476,0.544,0.644
164,,0.92,0.02,0.316,0.416,0.28,0.456,0.524,0.624
165,,0.9,0.0,0.296,0.396,0.26,0.436,0.504,0.604
166,,0.88,-0.02,0.276,0.376,0.24,0.416,0.484,0.584
167,2,1.0,0.98,0.468,0.356,0.008,0.096,0.252,0.564
168,2,1.0,1.0,0.66,0.336,-0.224,-0.224,0.02,0.544
169,6,0.768,0.68,0.428,0.316,-0.032,0.776,0.212,0.524
170,6,0.536,0.36,0.196,0.296,0.16,1.0,0.404,0.504
171,,0.516,0.34,0.176,0.276,0.14,0.98,0.384,0.484
172,,0.496,0.32,0.156,0.256,0.12,0.96,0.364,0.464
173,,0.476,0.3,0.136,0.236,0.1,0.94,0.344,0.444
174,,0.456,0.28,0.116,0.216,0.08,0.92,0.324,0.424
175,,0.436,0.26,0.096,0.196,0.06,0.9,0.304,0.404
176,,0.416,0.24,0.076,0.176,0.04,0.88,0.284,0.384
177,,0.396,0.22,0.056,0.156,0.02,0.86,0.264,0.364
178,,0.376,0.2,0.036,0.136,0.0,0.84,0.244,0.344
179,,0.356,0.18,0.016,0.116,-0.02,0.82,0.224,0.324
180,5,0.036,-0.052,-0.004,0.308,0.98,1.0,0.204,0.092
181,5,-0.284,-0.284,-0.024,0.5,1.0,1.0,0.184,-0.14
182,1,0.716,-0.092,-0.044,0.268,0.68,0.768,0.164,0.052
183,1,1.0,0.1,-0.064,0.036,0.36,0.536,0.144,0.244
184,3,0.98,0.292,0.936,0.228,0.34,0.304,-0.176,0.012
185,3,0.96,0.484,1.0,0.42,0.32,0.072,-0.496,-0.22
186,7,0.94,0.252,0.68,0.188,0.3,0.264,0.504,-0.028
187,7,0.92,0.02,0.36,-0.044,0.28,0.456,1.0,0.164
188,4,0.688,0.0,0.552,0.956,0.472,0.436,0.768,-0.156
189,4,0.456,-0.02,0.744,1.0,0.664,0.416,0.536,-0.476
190,8,0.648,-0.04,0.512,0.68,0.432,0.396,0.728,0.524
191,8,0.84,-0.06,0.28,0.36,0.2,0.376,0.92,1.0
192,2,1.0,0.94,0.472,0.34,-0.032,0.056,0.688,0.98
193,2,1.0,1.0,0.664,0.32,-0.264,-0.264,0.456,0.96
194,6,0.768,0.68,0.432,0.3,-0.072,0.736,0.648,0.94
195,6,0.536,0.36,0.2,0.28,0.12,1.0,0.84,0.92
196,,0.516,0.34,0.18,0.26,0.1,0.98,0.82,0.9
197,,0.496,0.32,0.16,0.24,0.08,0.96,0.8,0.88
198,,0.476,0.3,0.14,0.22,0.06,0.94,0.78,0.86
199,,0.456,0.28,0.12,0.2,0.04,0.92,0.76,0.84
200,,0.436,0.26,0.1,0.18,0.02,0.9,0.74,0.82
201,,0.416,0.24,0.08,0.16,0.0,0.88,0.72,0.8
202,,0.396,0.22,0.06,0.14,-0.02,0.86,0.7,0.78
203,5,0.076,-0.012,0.04,0.332,0.98,1.0,0.68,0.548
204,5,-0.244,-0.244,0.02,0.524,1.0,1.0,0.66,0.316
205,1,0.756,-0.052,0.0,0.292,0.68,0.768,0.64,0.508
206,1,1.0,0.14,-0.02,0.06,0.36,0.536,0.62,0.7
207,3,0.98,0.332,0.98,0.252,0.34,0.304,0.3,0.468
208,3,0.96,0.524,1.0,0.444,0.32,0.072,-0.02,0.236
209,7,0.94,0.292,0.68,0.212,0.3,0.264,0.98,0.428
210,7,0.92,0.06,0.36,-0.02,0.28,0.456,1.0,0.62
211,4,0.688,0.04,0.552,0.98,0.472,0.436,0.768,0.3
212,4,0.456,0.02,0.744,1.0,0.664,0.416,0.536,-0.02
213,8,0.648,0.0,0.512,0.68,0.432,0.396,0.728,0.98
214,8,0.84,-0.02,0.28,0.36,0.2,0.376,0.92,1.0
215,2,1.0,0.98,0.472,0.34,-0.032,0.056,0.688,0.98
216,2,1.0,1.0,0.664,0.32,-0.264,-0.264,0.456,0.96
217,6,0.768,0.68,0.432,0.3,-0.072,0.736,0.648,0.94
218,6,0.536,0.36,0.2,0.28,0.12,1.0,0.84,0.92
219,,0.516,0.34,0.18,0.26,0.1,0.98,0.82,0.9
220,,0.496,0.32,0.16,0.24,0.08,0.96,0.8,0.88
221,,0.476,0.3,0.14,0.22,0.06,0.94,0.78,0.86
222,,0.456,0.28,0.12,0.2,0.04,0.92,0.76,0.84
223,,0.436,0.26,0.1,0.18,0.02,0.9,0.74,0.82
224,,0.416,0.24,0.08,0.16,0.0,0.88,0.72,0.8
225,,0.396,0.22,0.06,0.14,-0.02,0.86,0.7,0.78
226,5,0.076,-0.012,0.04,0.332,0.98,1.0,0.68,0.548
227,5,-0.244,-0.244,0.02,0.524,1.0,1.0,0.66,0.316
228,1,0.756,-0.052,0.0,0.292,0.68,0.768,0.64,0.508
229,1,1.0,0.14,-0.02,0.06,0.36,0.536,0.62,0.7
230,3,0.98,0.332,0.98,0.252,0.34,0.304,0.3,0.468
231,3,0.96,0.524,1.0,0.444,0.32,0.072,-0.02,0.236
232,7,0.94,0.292,0.68,0.212,0.3,0.264,0.98,0.428
233,7,0.92,0.06,0.36,-0.02,0.28,0.456,1.0,0.62
234,4,0.688,0.04,0.552,0.98,0.472,0.436,0.768,0.3
235,4,0.456,0.02,0.744,1.0,0.664,0.416,0.536,-0.02
236,8,0.648,0.0,0.512,0.68,0.432,0.396,0.728,0.98
237,8,0.84,-0.02,0.28,0.36,0.2,0.376,0.92,1.0
238,2,1.0,0.98,0.472,0.34,-0.032,0.056,0.688,0.98
239,2,1.0,1.0,0.664,0.32,-0.264,-0.264,0.456,0.96
240,6,0.768,0.68,0.432,0.3,-0.072,0.736,0.648,0.94
241,6,0.536,0.36,0.2,0.28,0.12,1.0,0.84,0.92
242,,0.516,0.34,0.18,0.26,0.1,0.98,0.82,0.9
243,,0.496,0.32,0.16,0.24,0.08,0.96,0.8,0.88
244,,0.476,0.3,0.14,0.22,0.06,0.94,0.78,0.86
245,,0.456,0.28,0.12,0.2,0.04,0.92,0.76,0.84
246,,0.436,0.26,0.1,0.18,0.02,0.9,0.74,0.82
247,,0.416,0.24,0.08,0.16,0.0,0.88,0.72,0.8
248,,0.396,0.22,0.06,0.14,-0.02,0.86,0.7,0.78
249,5,0.076,-0.012,0.04,0.332,0.98,1.0,0.68,0.548
250,5,-0.244,-0.244,0.02,0.524,1.0,1.0,0.66,0.316
251,1,0.756,-0.052,0.0,0.292,0.68,0.768,0.64,0.508
252,1,1.0,0.14,-0.02,0.06,0.36,0.536,0.62,0.7
253,3,0.98,0.332,0.98,0.252,0.34,0.304,0.3,0.468
254,3,0.96,0.524,1.0,0.444,0.32,0.072,-0.02,0.236
255,7,0.94,0.292,0.68,0.212,0.3,0.264,0.98,0.428
256,7,0.92,0.06,0.36,-0.02,0.28,0.456,1.0,0.62
257,4,0.688,0.04,0.552,0.98,0.472,0.436,0.768,0.3
258,4,0.456,0.02,0.744,1.0,0.664,0.416,0.536,-0.02
259,8,0.648,0.0,0.512,0.68,0.432,0.396,0.728,0.98
260,8,0.84,-0.02,0.28,0.36,0.2,0.376,0.92,1.0
261,2,1.0,0.98,0.472,0.34,-0.032,0.056,0.688,0.98
262,2,1.0,1.0,0.664,0.32,-0.264,-0.264,0.456,0.96
263,6,0.768,0.68,0.432,0.3,-0.072,0.736,0.648,0.94
264,6,0.536,0.36,0.2,0.28,0.12,1.0,0.84,0.92
265,,0.516,0.34,0.18,0.26,0.1,0.98,0.82,0.9
266,,0.496,0.32,0.16,0.24,0.08,0.96,0.8,0.88
267,,0.476,0.3,0.14,0.22,0.06,0.94,0.78,0.86
268,,0.456,0.28,0.12,0.2,0.04,0.92,0.76,0.84
269,,0.436,0.26,0.1,0.18,0.02,0.9,0.74,0.82
270,,0.416,0.24,0.08,0.16,0.0,0.88,0.72,0.8
271,,0.396,0.22,0.06,0.14,-0.02,0.86,0.7,0.78
272,5,0.076,-0.012,0.04,0.332,0.98,1.0,0.68,0.548
273,5,-0.244,-0.244,0.02,0.524,1.0,1.0,0.66,0.316
274,1,0.756,-0.052,0.0,0.292,0.68,0.768,0.64,0.508
275,1,1.0,0.14,-0.02,0.06,0.36,0.536,0.62,0.7
276,3,0.98,0.332,0.98,0.252,0.34,0.304,0.3,0.468
277,3,0.96,0.524,1.0,0.444,0.32,0.072,-0.02,0.236
278,7,0.94,0.292,0.68,0.212,0.3,0.264,0.98,0.428
279,7,0.92,0.06,0.36,-0.02,0.28,0.456,1.0,0.62
280,4,0.688,0.04,0.552,0.98,0.472,0.436,0.768,0.3
281,4,0.456,0.02,0.744,1.0,0.664,0.416,0.536,-0.02
282,8,0.648,0.0,0.512,0.68,0.432,0.396,0.728,0.98
283,8,0.84,-0.02,0.28,0.36,0.2,0.376,0.92,1.0
284,2,1.0,0.98,0.472,0.34,-0.032,0.056,0.688,0.98
285,2,1.0,1.0,0.664,0.32,-0.264,-0.264,0.456,0.96
286,6,0.768,0.68,0.432,0.3,-0.072,0.736,0.648,0.94
287,6,0.536,0.36,0.2,0.28,0.12,1.0,0.84,0.92
288,,0.516,0.34,0.18,0.26,0.1,0.98,0.82,0.9
289,,0.496,0.32,0.16,0.24,0.08,0.96,0.8,0.88
290,,0.476,0.3,0.14,0.22,0.06,0.94,0.78,0.86
291,,0.456,0.28,0.12,0.2,0.04,0.92,0.76,0.84
292,,0.436,0.26,0.1,0.18,0.02,0.9,0.74,0.82
293,,0.416,0.24,0.08,0.16,0.0,0.88,0.72,0.8
294,,0.396,0.22,0.06,0.14,-0.02,0.86,0.7,0.78
295,5,0.076,-0.012,0.04,0.332,0.98,1.0,0.68,0.548
296,5,-0.244,-0.244,0.02,0.524,1.0,1.0,0.66,0.316
297,2,-0.052,0.756,0.212,0.504,0.768,0.68,0.428,0.296
298,2,0.14,1.0,0.404,0.484,0.536,0.36,0.196,0.276
299,,0.12,0.98,0.384,0.464,0.516,0.34,0.176,0.256
300,,0.1,0.96,0.364,0.444,0.496,0.32,0.156,0.236
301,,0.08,0.94,0.344,0.424,0.476,0.3,0.136,0.216
302,,0.06,0.92,0.324,0.404,0.456,0.28,0.116,0.196
303,,0.04,0.9,0.304,0.384,0.436,0.26,0.096,0.176
304,,0.02,0.88,0.284,0.364,0.416,0.24,0.076,0.156
305,,0.0,0.86,0.264,0.344,0.396,0.22,0.056,0.136
306,,-0.02,0.84,0.244,0.324,0.376,0.2,0.036,0.116
307,1,0.98,1.0,0.224,0.092,0.056,-0.032,0.016,0.308
308,1,1.0,1.0,0.204,-0.14,-0.264,-0.264,-0.004,0.5
309,6,0.768,0.68,-0.028,-0.16,-0.072,0.736,0.188,0.48
310,6,0.536,0.36,-0.26,-0.18,0.12,1.0,0.38,0.46
311,3,0.516,0.552,0.74,0.012,0.1,0.768,0.06,0.228
312,3,0.496,0.744,1.0,0.204,0.08,0.536,-0.26,-0.004
313,7,0.476,0.512,0.68,-0.028,0.06,0.728,0.74,0.188
314,7,0.456,0.28,0.36,-0.26,0.04,0.92,1.0,0.38
315,4,0.224,0.26,0.552,0.74,0.232,0.9,0.768,0.06
316,4,-0.008,0.24,0.744,1.0,0.424,0.88,0.536,-0.26
317,8,0.184,0.22,0.512,0.68,0.192,0.86,0.728,0.74
318,8,0.376,0.2,0.28,0.36,-0.04,0.84,0.92,1.0
319,5,0.056,-0.032,0.26,0.552,0.96,1.0,0.9,0.768
320,5,-0.264,-0.264,0.24,0.744,1.0,1.0,0.88,0.536
321,1,0.736,-0.072,0.22,0.512,0.68,0.768,0.86,0.728
322,1,1.0,0.12,0.2,0.28,0.36,0.536,0.84,0.92
323,,0.98,0.1,0.18,0.26,0.34,0.516,0.82,0.9
324,,0.96,0.08,0.16,0.24,0.32,0.496,0.8,0.88
325,,0.94,0.06,0.14,0.22,0.3,0.476,0.78,0.86
326,,0.92,0.04,0.12,0.2,0.28,0.456,0.76,0.84
327,,0.9,0.02,0.1,0.18,0.26,0.436,0.74,0.82
328,,0.88,0.0,0.08,0.16,0.24,0.416,0.72,0.8
329,,0.86,-0.02,0.06,0.14,0.22,0.396,0.7,0.78
330,2,1.0,0.98,0.252,0.12,-0.012,0.076,0.468,0.76
331,2,1.0,1.0,0.444,0.1,-0.244,-0.244,0.236,0.74
332,6,0.768,0.68,0.212,0.08,-0.052,0.756,0.428,0.72
333,6,0.536,0.36,-0.02,0.06,0.14,1.0,0.62,0.7
334,3,0.516,0.552,0.98,0.252,0.12,0.768,0.3,0.468
335,3,0.496,0.744,1.0,0.444,0.1,0.536,-0.02,0.236
336,7,0.476,0.512,0.68,0.212,0.08,0.728,0.98,0.428
337,7,0.456,0.28,0.36,-0.02,0.06,0.92,1.0,0.62
338,4,0.224,0.26,0.552,0.98,0.252,0.9,0.768,0.3
339,4,-0.008,0.24,0.744,1.0,0.444,0.88,0.536,-0.02
340,8,0.184,0.22,0.512,0.68,0.212,0.86,0.728,0.98
341,8,0.376,0.2,0.28,0.36,-0.02,0.84,0.92,1.0
342,5,0.056,-0.032,0.26,0.552,0.98,1.0,0.9,0.768
343,5,-0.264,-0.264,0.24,0.744,1.0,1.0,0.88,0.536
344,1,0.736,-0.072,0.22,0.512,0.68,0.768,0.86,0.728
345,1,1.0,0.12,0.2,0.28,0.36,0.536,0.84,0.92
346,,0.98,0.1,0.18,0.26,0.34,0.516,0.82,0.9
347,,0.96,0.08,0.16,0.24,0.32,0.496,0.8,0.88
348,,0.94,0.06,0.14,0.22,0.3,0.476,0.78,0.86
349,,0.92,0.04,0.12,0.2,0.28,0.456,0.76,0.84
350,,0.9,0.02,0.1,0.18,0.26,0.436,0.74,0.82
351,,0.88,0.0,0.08,0.16,0.24,0.416,0.72,0.8
352,,0.86,-0.02,0.06,0.14,0.22,0.396,0.7,0.78
353,2,1.0,0.98,0.252,0.12,-0.012,0.076,0.468,0.76
354,2,1.0,1.0,0.444,0.1,-0.244,-0.244,0.236,0.74
355,6,0.768,0.68,0.212,0.08,-0.052,0.756,0.428,0.72
356,6,0.536,0.36,-0.02,0.06,0.14,1.0,0.62,0.7
357,3,0.516,0.552,0.98,0.252,0.12,0.768,0.3,0.468
358,3,0.496,0.744,1.0,0.444,0.1,0.536,-0.02,0.236
359,7,0.476,0.512,0.68,0.212,0.08,0.728,0.98,0.428
360,7,0.456,0.28,0.36,-0.02,0.06,0.92,1.0,0.62
361,4,0.224,0.26,0.552,0.98,0.252,0.9,0.768,0.3
362,4,-0.008,0.24,0.744,1.0,0.444,0.88,0.536,-0.02
363,8,0.184,0.22,0.512,0.68,0.212,0.86,0.728,0.98
364,8,0.376,0.2,0.28,0.36,-0.02,0.84,0.92,1.0
365,5,0.056,-0.032,0.26,0.552,0.98,1.0,0.9,0.768
366,5,-0.264,-0.264,0.24,0.744,1.0,1.0,0.88,0.536
367,1,0.736,-0.072,0.22,0.512,0.68,0.768,0.86,0.728
368,1,1.0,0.12,0.2,0.28,0.36,0.536,0.84,0.92
369,,0.98,0.1,0.18,0.26,0.34,0.516,0.82,0.9
370,,0.96,0.08,0.16,0.24,0.32,0.496,0.8,0.88
371,,0.94,0.06,0.14,0.22,0.3,0.476,0.78,0.86
372,,0.92,0.04,0.12,0.2,0.28,0.456,0.76,0.84
373,,0.9,0.02,0.1,0.18,0.26,0.436,0.74,0.82
374,,0.88,0.0,0.08,0.16,0.24,0.416,0.72,0.8
375,,0.86,-0.02,0.06,0.14,0.22,0.396,0.7,0.78
376,2,1.0,0.98,0.252,0.12,-0.012,0.076,0.468,0.76
377,2,1.0,1.0,0.444,0.1,-0.244,-0.244,0.236,0.74
378,6,0.768,0.68,0.212,0.08,-0.052,0.756,0.428,0.72
379,6,0.536,0.36,-0.02,0.06,0.14,1.0,0.62,0.7
380,3,0.516,0.552,0.98,0.252,0.12,0.768,0.3,0.468
381,3,0.496,0.744,1.0,0.444,0.1,0.536,-0.02,0.236
382,7,0.476,0.512,0.68,0.212,0.08,0.728,0.98,0.428
383,7,0.456,0.28,0.36,-0.02,0.06,0.92,1.0,0.62
384,4,0.224,0.26,0.552,0.98,0.252,0.9,0.768,0.3
385,4,-0.008,0.24,0.744,1.0,0.444,0.88,0.536,-0.02
386,8,0.184,0.22,0.512,0.68,0.212,0.86,0.728,0.98
387,8,0.376,0.2,0.28,0.36,-0.02,0.84,0.92,1.0
388,5,0.056,-0.032,0.26,0.552,0.98,1.0,0.9,0.768
389,5,-0.264,-0.264,0.24,0.744,1.0,1.0,0.88,0.536
390,1,0.736,-0.072,0.22,0.512,0.68,0.768,0.86,0.728
391,1,1.0,0.12,0.2,0.28,0.36,0.536,0.84,0.92
392,,0.98,0.1,0.18,0.26,0.34,0.516,0.82,0.9
393,,0.96,0.08,0.16,0.24,0.32,0.496,0.8,0.88
394,,0.94,0.06,0.14,0.22,0.3,0.476,0.78,0.86
395,,0.92,0.04,0.12,0.2,0.28,0.456,0.76,0.84
396,,0.9,0.02,0.1,0.18,0.26,0.436,0.74,0.82
397,,0.88,0.0,0.08,0.16,0.24,0.416,0.72,0.8
398,,0.86,-0.02,0.06,0.14,0.22,0.396,0.7,0.78
399,2,1.0,0.98,0.252,0.12,-0.012,0.076,0.468,0.76
400,2,1.0,1.0,0.444,0.1,-0.244,-0.244,0.236,0.74
401,5,0.68,0.768,0.424,0.292,0.756,-0.052,0.216,0.508
402,5,0.36,0.536,0.404,0.484,1.0,0.14,0.196,0.276
403,,0.34,0.516,0.384,0.464,0.98,0.12,0.176,0.256
404,,0.32,0.496,0.364,0.444,0.96,0.1,0.156,0.236
405,,0.3,0.476,0.344,0.424,0.94,0.08,0.136,0.216
406,,0.28,0.456,0.324,0.404,0.92,0.06,0.116,0.196
407,,0.26,0.436,0.304,0.384,0.9,0.04,0.096,0.176
408,,0.24,0.416,0.284,0.364,0.88,0.02,0.076,0.156
409,,0.22,0.396,0.264,0.344,0.86,0.0,0.056,0.136
410,,0.2,0.376,0.244,0.324,0.84,-0.02,0.036,0.116
411,6,-0.032,0.056,0.012,0.304,1.0,0.98,0.228,0.096
412,6,-0.264,-0.264,-0.22,0.284,1.0,1.0,0.42,0.076
413,2,-0.072,0.736,-0.028,0.264,0.768,0.68,0.188,0.056
414,2,0.12,1.0,0.164,0.244,0.536,0.36,-0.044,0.036
415,7,0.1,0.768,-0.156,0.012,0.516,0.552,0.956,0.228
416,7,0.08,0.536,-0.476,-0.22,0.496,0.744,1.0,0.42
417,3,0.06,0.728,0.524,-0.028,0.476,0.512,0.68,0.188
418,3,0.04,0.92,1.0,0.164,0.456,0.28,0.36,-0.044
419,8,0.232,0.9,0.768,-0.156,0.224,0.26,0.552,0.956
420,8,0.424,0.88,0.536,-0.476,-0.008,0.24,0.744,1.0
421,4,0.192,0.86,0.728,0.524,0.184,0.22,0.512,0.68
422,4,-0.04,0.84,0.92,1.0,0.376,0.2,0.28,0.36
423,1,0.96,1.0,0.9,0.768,0.056,-0.032,0.26,0.552
424,1,1.0,1.0,0.88,0.536,-0.264,-0.264,0.24,0.744
425,5,0.68,0.768,0.86,0.728,0.736,-0.072,0.22,0.512
426,5,0.36,0.536,0.84,0.92,1.0,0.12,0.2,0.28
427,,0.34,0.516,0.82,0.9,0.98,0.1,0.18,0.26
428,,0.32,0.496,0.8,0.88,0.96,0.08,0.16,0.24
429,,0.3,0.476,0.78,0.86,0.94,0.06,0.14,0.22
430,,0.28,0.456,0.76,0.84,0.92,0.04,0.12,0.2
431,,0.26,0.436,0.74,0.82,0.9,0.02,0.1,0.18
432,,0.24,0.416,0.72,0.8,0.88,0.0,0.08,0.16
433,,0.22,0.396,0.7,0.78,0.86,-0.02,0.06,0.14
434,6,-0.012,0.076,0.468,0.76,1.0,0.98,0.252,0.12
435,6,-0.244,-0.244,0.236,0.74,1.0,1.0,0.444,0.1
436,1,0.756,-0.052,0.216,0.508,0.68,0.768,0.424,0.292
437,1,1.0,0.14,0.196,0.276,0.36,0.536,0.404,0.484
438,,0.98,0.12,0.176,0.256,0.34,0.516,0.384,0.464
439,,0.96,0.1,0.156,0.236,0.32,0.496,0.364,0.444
440,,0.94,0.08,0.136,0.216,0.3,0.476,0.344,0.424
441,,0.92,0.06,0.116,0.196,0.28,0.456,0.324,0.404
442,,0.9,0.04,0.096,0.176,0.26,0.436,0.304,0.384
443,,0.88,0.02,0.076,0.156,0.24,0.416,0.284,0.364
444,,0.86,0.0,0.056,0.136,0.22,0.396,0.264,0.344
445,,0.84,-0.02,0.036,0.116,0.2,0.376,0.244,0.324
446,2,1.0,0.98,0.228,0.096,-0.032,0.056,0.012,0.304
447,2,1.0,1.0,0.42,0.076,-0.264,-0.264,-0.22,0.284
448,6,0.768,0.68,0.188,0.056,-0.072,0.736,-0.028,0.264
449,6,0.536,0.36,-0.044,0.036,0.12,1.0,0.164,0.244
450,3,0.516,0.552,0.956,0.228,0.1,0.768,-0.156,0.012
451,3,0.496,0.744,1.0,0.42,0.08,0.536,-0.476,-0.22
452,7,0.476,0.512,0.68,0.188,0.06,0.728,0.524,-0.028
453,7,0.456,0.28,0.36,-0.044,0.04,0.92,1.0,0.164
454,4,0.224,0.26,0.552,0.956,0.232,0.9,0.768,-0.156
455,4,-0.008,0.24,0.744,1.0,0.424,0.88,0.536,-0.476
456,8,0.184,0.22,0.512,0.68,0.192,0.86,0.728,0.524
457,8,0.376,0.2,0.28,0.36,-0.04,0.84,0.92,1.0
458,5,0.056,-0.032,0.26,0.552,0.96,1.0,0.9,0.768
459,5,-0.264,-0.264,0.24,0.744,1.0,1.0,0.88,0.536
460,1,0.736,-0.072,0.22,0.512,0.68,0.768,0.86,0.728
461,1,1.0,0.12,0.2,0.28,0.36,0.536,0.84,0.92
462,,0.98,0.1,0.18,0.26,0.34,0.516,0.82,0.9
463,,0.96,0.08,0.16,0.24,0.32,0.496,0.8,0.88
464,,0.94,0.06,0.14,0.22,0.3,0.476,0.78,0.86
465,,0.92,0.04,0.12,0.2,0.28,0.456,0.76,0.84
466,,0.9,0.02,0.1,0.18,0.26,0.436,0.74,0.82
467,,0.88,0.0,0.08,0.16,0.24,0.416,0.72,0.8
468,,0.86,-0.02,0.06,0.14,0.22,0.396,0.7,0.78
469,2,1.0,0.98,0.252,0.12,-0.012,0.076,0.468,0.76
470,2,1.0,1.0,0.444,0.1,-0.244,-0.244,0.236,0.74
471,5,0.68,0.768,0.424,0.292,0.756,-0.052,0.216,0.508
472,5,0.36,0.536,0.404,0.484,1.0,0.14,0.196,0.276
473,,0.34,0.516,0.384,0.464,0.98,0.12,0.176,0.256
474,,0.32,0.496,0.364,0.444,0.96,0.1,0.156,0.236
475,,0.3,0.476,0.344,0.424,0.94,0.08,0.136,0.216
476,,0.28,0.456,0.324,0.404,0.92,0.06,0.116,0.196
477,,0.26,0.436,0.304,0.384,0.9,0.04,0.096,0.176
478,,0.24,0.416,0.284,0.364,0.88,0.02,0.076,0.156
479,,0.22,0.396,0.264,0.344,0.86,0.0,0.056,0.136
480,,0.2,0.376,0.244,0.324,0.84,-0.02,0.036,0.116
481,6,-0.032,0.056,0.012,0.304,1.0,0.98,0.228,0.096
482,6,-0.264,-0.264,-0.22,0.284,1.0,1.0,0.42,0.076
483,1,0.736,-0.072,-0.24,0.052,0.68,0.768,0.4,0.268
484,1,1.0,0.12,-0.26,-0.18,0.36,0.536,0.38,0.46
485,3,0.98,0.312,0.74,0.012,0.34,0.304,0.06,0.228
486,3,0.96,0.504,1.0,0.204,0.32,0.072,-0.26,-0.004
487,7,0.94,0.272,0.68,-0.028,0.3,0.264,0.74,0.188
488,7,0.92,0.04,0.36,-0.26,0.28,0.456,1.0,0.38
489,4,0.688,0.02,0.552,0.74,0.472,0.436,0.768,0.06
490,4,0.456,0.0,0.744,1.0,0.664,0.416,0.536,-0.26
491,8,0.648,-0.02,0.512,0.68,0.432,0.396,0.728,0.74
492,8,0.84,-0.04,0.28,0.36,0.2,0.376,0.92,1.0
493,2,1.0,0.96,0.472,0.34,-0.032,0.056,0.688,0.98
494,2,1.0,1.0,0.664,0.32,-0.264,-0.264,0.456,0.96
495,6,0.768,0.68,0.432,0.3,-0.072,0.736,0.648,0.94
496,6,0.536,0.36,0.2,0.28,0.12,1.0,0.84,0.92
497,,0.516,0.34,0.18,0.26,0.1,0.98,0.82,0.9
498,,0.496,0.32,0.16,0.24,0.08,0.96,0.8,0.88
499,,0.476,0.3,0.14,0.22,0.06,0.94,0.78,0.86
