step,active_motive,motive_1,motive_2,motive_3,motive_4,motive_5,motive_6,motive_7,motive_8
0,,0.18433,0.08087,0.42831,0.6885,0.05819,0.91521,0.44235,0.23979
1,,0.16433,0.06087,0.40831,0.6685,0.03819,0.89521,0.42235,0.21979
2,,0.14433,0.04087,0.38831,0.6485,0.01819,0.87521,0.40235,0.19979
3,,0.12433,0.02087,0.36831,0.6285,-0.00181,0.85521,0.38235,0.17979
4,5,-0.19567,-0.21113,0.34831,0.8205,0.99819,1.0,0.36235,-0.05221
5,5,-0.51567,-0.44313,0.32831,1.0,1.0,1.0,0.34235,-0.28421
6,1,0.48433,-0.25113,0.30831,0.768,0.68,0.768,0.32235,-0.09221
7,1,1.0,-0.05913,0.28831,0.536,0.36,0.536,0.30235,0.09979
8,2,1.0,0.94087,0.48031,0.516,0.128,0.216,0.07035,0.07979
9,2,1.0,1.0,0.67231,0.496,-0.104,-0.104,-0.16165,0.05979
10,7,0.98,0.768,0.35231,0.264,-0.124,0.088,0.83835,0.25179
11,7,0.96,0.536,0.03231,0.032,-0.144,0.28,1.0,0.44379
12,5,0.64,0.304,0.01231,0.224,0.856,0.472,0.98,0.21179
13,5,0.32,0.072,-0.00769,0.416,1.0,0.664,0.96,-0.02021
14,8,0.512,0.052,-0.23969,0.096,0.768,0.644,1.0,0.97979
15,8,0.704,0.032,-0.47169,-0.224,0.536,0.624,1.0,1.0
16,3,0.684,0.224,0.52831,-0.032,0.516,0.392,0.68,0.768
17,3,0.664,0.416,1.0,0.16,0.496,0.16,0.36,0.536
18,,0.644,0.396,0.98,0.14,0.476,0.14,0.34,0.516
19,,0.624,0.376,0.96,0.12,0.456,0.12,0.32,0.496
20,,0.604,0.356,0.94,0.1,0.436,0.1,0.3,0.476
21,,0.584,0.336,0.92,0.08,0.416,0.08,0.28,0.456
22,,0.564,0.316,0.9,0.06,0.396,0.06,0.26,0.436
23,,0.544,0.296,0.88,0.04,0.376,0.04,0.24,0.416
24,,0.524,0.276,0.86,0.02,0.356,0.02,0.22,0.396
25,,0.504,0.256,0.84,0.0,0.336,0.0,0.2,0.376
26,,0.484,0.236,0.82,-0.02,0.316,-0.02,0.18,0.356
27,6,0.252,-0.084,0.588,-0.04,0.508,0.98,0.372,0.336
28,6,0.02,-0.404,0.356,-0.06,0.7,1.0,0.564,0.316
29,2,0.212,0.596,0.548,-0.08,0.468,0.68,0.332,0.296
30,2,0.404,1.0,0.74,-0.1,0.236,0.36,0.1,0.276
31,4,0.172,0.98,0.932,0.9,0.428,0.34,-0.132,-0.044
32,4,-0.06,0.96,1.0,1.0,0.62,0.32,-0.364,-0.364
33,8,0.132,0.94,0.768,0.68,0.388,0.3,-0.172,0.636
34,8,0.324,0.92,0.536,0.36,0.156,0.28,0.02,1.0
35,,0.304,0.9,0.516,0.34,0.136,0.26,0.0,0.98
36,,0.284,0.88,0.496,0.32,0.116,0.24,-0.02,0.96
37,7,0.264,0.648,0.176,0.088,0.096,0.432,0.98,1.0
38,7,0.244,0.416,-0.144,-0.144,0.076,0.624,1.0,1.0
39,3,0.224,0.608,0.856,0.048,0.056,0.392,0.68,0.768
40,3,0.204,0.8,1.0,0.24,0.036,0.16,0.36,0.536
41,,0.184,0.78,0.98,0.22,0.016,0.14,0.34,0.516
42,,0.164,0.76,0.96,0.2,-0.004,0.12,0.32,0.496
43,5,-0.156,0.528,0.94,0.392,0.996,0.312,0.3,0.264
44,5,-0.476,0.296,0.92,0.584,1.0,0.504,0.28,0.032
45,1,0.524,0.488,0.9,0.352,0.68,0.272,0.26,0.224
46,1,1.0,0.68,0.88,0.12,0.36,0.04,0.24,0.416
47,,0.98,0.66,0.86,0.1,0.34,0.02,0.22,0.396
48,,0.96,0.64,0.84,0.08,0.32,0.0,0.2,0.376
49,,0.94,0.62,0.82,0.06,0.3,-0.02,0.18,0.356
50,6,0.708,0.3,0.588,0.04,0.492,0.98,0.372,0.336
51,6,0.476,-0.02,0.356,0.02,0.684,1.0,0.564,0.316
52,2,0.668,0.98,0.548,0.0,0.452,0.68,0.332,0.296
53,2,0.86,1.0,0.74,-0.02,0.22,0.36,0.1,0.276
54,4,0.628,0.98,0.932,0.98,0.412,0.34,-0.132,-0.044
55,4,0.396,0.96,1.0,1.0,0.604,0.32,-0.364,-0.364
56,8,0.588,0.94,0.768,0.68,0.372,0.3,-0.172,0.636
57,8,0.78,0.92,0.536,0.36,0.14,0.28,0.02,1.0
58,,0.76,0.9,0.516,0.34,0.12,0.26,0.0,0.98
59,,0.74,0.88,0.496,0.32,0.1,0.24,-0.02,0.96
60,7,0.72,0.648,0.176,0.088,0.08,0.432,0.98,1.0
61,7,0.7,0.416,-0.144,-0.144,0.06,0.624,1.0,1.0
62,3,0.68,0.608,0.856,0.048,0.04,0.392,0.68,0.768
63,3,0.66,0.8,1.0,0.24,0.02,0.16,0.36,0.536
64,,0.64,0.78,0.98,0.22,0.0,0.14,0.34,0.516
65,,0.62,0.76,0.96,0.2,-0.02,0.12,0.32,0.496
66,5,0.3,0.528,0.94,0.392,0.98,0.312,0.3,0.264
67,5,-0.02,0.296,0.92,0.584,1.0,0.504,0.28,0.032
68,1,0.98,0.488,0.9,0.352,0.68,0.272,0.26,0.224
69,1,1.0,0.68,0.88,0.12,0.36,0.04,0.24,0.416
70,,0.98,0.66,0.86,0.1,0.34,0.02,0.22,0.396
71,,0.96,0.64,0.84,0.08,0.32,0.0,0.2,0.376
72,,0.94,0.62,0.82,0.06,0.3,-0.02,0.18,0.356
73,6,0.708,0.3,0.588,0.04,0.492,0.98,0.372,0.336
74,6,0.476,-0.02,0.356,0.02,0.684,1.0,0.564,0.316
75,2,0.668,0.98,0.548,0.0,0.452,0.68,0.332,0.296
76,2,0.86,1.0,0.74,-0.02,0.22,0.36,0.1,0.276
77,4,0.628,0.98,0.932,0.98,0.412,0.34,-0.132,-0.044
78,4,0.396,0.96,1.0,1.0,0.604,0.32,-0.364,-0.364
79,7,0.376,0.728,0.68,0.768,0.584,0.512,0.636,-0.172
80,7,0.356,0.496,0.36,0.536,0.564,0.704,1.0,0.02
81,,0.336,0.476,0.34,0.516,0.544,0.684,0.98,0.0
82,,0.316,0.456,0.32,0.496,0.524,0.664,0.96,-0.02
83,8,0.508,0.436,0.088,0.176,0.292,0.644,1.0,0.98
84,8,0.7,0.416,-0.144,-0.144,0.06,0.624,1.0,1.0
85,3,0.68,0.608,0.856,0.048,0.04,0.392,0.68,0.768
86,3,0.66,0.8,1.0,0.24,0.02,0.16,0.36,0.536
87,,0.64,0.78,0.98,0.22,0.0,0.14,0.34,0.516
88,,0.62,0.76,0.96,0.2,-0.02,0.12,0.32,0.496
89,5,0.3,0.528,0.94,0.392,0.98,0.312,0.3,0.264
90,5,-0.02,0.296,0.92,0.584,1.0,0.504,0.28,0.032
91,1,0.98,0.488,0.9,0.352,0.68,0.272,0.26,0.224
92,1,1.0,0.68,0.88,0.12,0.36,0.04,0.24,0.416
93,,0.98,0.66,0.86,0.1,0.34,0.02,0.22,0.396
94,,0.96,0.64,0.84,0.08,0.32,0.0,0.2,0.376
95,,0.94,0.62,0.82,0.06,0.3,-0.02,0.18,0.356
96,6,0.708,0.3,0.588,0.04,0.492,0.98,0.372,0.336
97,6,0.476,-0.02,0.356,0.02,0.684,1.0,0.564,0.316
98,2,0.668,0.98,0.548,0.0,0.452,0.68,0.332,0.296
99,2,0.86,1.0,0.74,-0.02,0.22,0.36,0.1,0.276
100,4,0.628,0.98,0.932,0.98,0.412,0.34,-0.132,-0.044
101,4,0.396,0.96,1.0,1.0,0.604,0.32,-0.364,-0.364
102,8,0.588,0.94,0.768,0.68,0.372,0.3,-0.172,0.636
103,8,0.78,0.92,0.536,0.36,0.14,0.28,0.02,1.0
104,,0.76,0.9,0.516,0.34,0.12,0.26,0.0,0.98
105,,0.74,0.88,0.496,0.32,0.1,0.24,-0.02,0.96
106,7,0.72,0.648,0.176,0.088,0.08,0.432,0.98,1.0
107,7,0.7,0.416,-0.144,-0.144,0.06,0.624,1.0,1.0
108,3,0.68,0.608,0.856,0.048,0.04,0.392,0.68,0.768
109,3,0.66,0.8,1.0,0.24,0.02,0.16,0.36,0.536
110,,0.64,0.78,0.98,0.22,0.0,0.14,0.34,0.516
111,,0.62,0.76,0.96,0.2,-0.02,0.12,0.32,0.496
112,5,0.3,0.528,0.94,0.392,0.98,0.312,0.3,0.264
113,5,-0.02,0.296,0.92,0.584,1.0,0.504,0.28,0.032
114,1,0.98,0.488,0.9,0.352,0.68,0.272,0.26,0.224
115,1,1.0,0.68,0.88,0.12,0.36,0.04,0.24,0.416
116,,0.98,0.66,0.86,0.1,0.34,0.02,0.22,0.396
117,,0.96,0.64,0.84,0.08,0.32,0.0,0.2,0.376
118,,0.94,0.62,0.82,0.06,0.3,-0.02,0.18,0.356
119,6,0.708,0.3,0.588,0.04,0.492,0.98,0.372,0.336
120,6,0.476,-0.02,0.356,0.02,0.684,1.0,0.564,0.316
121,2,0.668,0.98,0.548,0.0,0.452,0.68,0.332,0.296
122,2,0.86,1.0,0.74,-0.02,0.22,0.36,0.1,0.276
123,4,0.628,0.98,0.932,0.98,0.412,0.34,-0.132,-0.044
124,4,0.396,0.96,1.0,1.0,0.604,0.32,-0.364,-0.364
125,7,0.376,0.728,0.68,0.768,0.584,0.512,0.636,-0.172
126,7,0.356,0.496,0.36,0.536,0.564,0.704,1.0,0.02
127,,0.336,0.476,0.34,0.516,0.544,0.684,0.98,0.0
128,,0.316,0.456,0.32,0.496,0.524,0.664,0.96,-0.02
129,8,0.508,0.436,0.088,0.176,0.292,0.644,1.0,0.98
130,8,0.7,0.416,-0.144,-0.144,0.06,0.624,1.0,1.0
131,4,0.468,0.396,0.048,0.856,0.252,0.604,0.768,0.68
132,4,0.236,0.376,0.24,1.0,0.444,0.584,0.536,0.36
133,,0.216,0.356,0.22,0.98,0.424,0.564,0.516,0.34
134,,0.196,0.336,0.2,0.96,0.404,0.544,0.496,0.32
135,,0.176,0.316,0.18,0.94,0.384,0.524,0.476,0.3
136,,0.156,0.296,0.16,0.92,0.364,0.504,0.456,0.28
137,,0.136,0.276,0.14,0.9,0.344,0.484,0.436,0.26
138,,0.116,0.256,0.12,0.88,0.324,0.464,0.416,0.24
139,,0.096,0.236,0.1,0.86,0.304,0.444,0.396,0.22
140,,0.076,0.216,0.08,0.84,0.284,0.424,0.376,0.2
141,,0.056,0.196,0.06,0.82,0.264,0.404,0.356,0.18
142,,0.036,0.176,0.04,0.8,0.244,0.384,0.336,0.16
143,,0.016,0.156,0.02,0.78,0.224,0.364,0.316,0.14
144,,-0.004,0.136,0.0,0.76,0.204,0.344,0.296,0.12
145,1,0.996,0.328,-0.02,0.528,-0.116,0.112,0.276,0.312
146,1,1.0,0.52,-0.04,0.296,-0.436,-0.12,0.256,0.504
147,5,0.68,0.288,-0.06,0.488,0.564,0.072,0.236,0.272
148,5,0.36,0.056,-0.08,0.68,1.0,0.264,0.216,0.04
149,3,0.34,0.248,0.92,0.872,0.98,0.032,-0.104,-0.192
150,3,0.32,0.44,1.0,1.0,0.96,-0.2,-0.424,-0.424
151,7,0.3,0.208,0.68,0.768,0.94,-0.008,0.576,-0.232
152,7,0.28,-0.024,0.36,0.536,0.92,0.184,1.0,-0.04
153,8,0.472,-0.044,0.128,0.216,0.688,0.164,1.0,0.96
154,8,0.664,-0.064,-0.104,-0.104,0.456,0.144,1.0,1.0
155,3,0.644,0.128,0.896,0.088,0.436,-0.088,0.68,0.768
156,3,0.624,0.32,1.0,0.28,0.416,-0.32,0.36,0.536
157,6,0.392,0.0,0.768,0.26,0.608,0.68,0.552,0.516
158,6,0.16,-0.32,0.536,0.24,0.8,1.0,0.744,0.496
159,2,0.352,0.68,0.728,0.22,0.568,0.68,0.512,0.476
160,2,0.544,1.0,0.92,0.2,0.336,0.36,0.28,0.456
161,,0.524,0.98,0.9,0.18,0.316,0.34,0.26,0.436
162,,0.504,0.96,0.88,0.16,0.296,0.32,0.24,0.416
163,,0.484,0.94,0.86,0.14,0.276,0.3,0.22,0.396
164,,0.464,0.92,0.84,0.12,0.256,0.28,0.2,0.376
165,,0.444,0.9,0.82,0.1,0.236,0.26,0.18,0.356
166,,0.424,0.88,0.8,0.08,0.216,0.24,0.16,0.336
167,,0.404,0.86,0.78,0.06,0.196,0.22,0.14,0.316
168,,0.384,0.84,0.76,0.04,0.176,0.2,0.12,0.296
169,,0.364,0.82,0.74,0.02,0.156,0.18,0.1,0.276
170,,0.344,0.8,0.72,0.0,0.136,0.16,0.08,0.256
171,,0.324,0.78,0.7,-0.02,0.116,0.14,0.06,0.236
172,4,0.092,0.76,0.892,0.98,0.308,0.12,-0.172,-0.084
173,4,-0.14,0.74,1.0,1.0,0.5,0.1,-0.404,-0.404
174,8,0.052,0.72,0.768,0.68,0.268,0.08,-0.212,0.596
175,8,0.244,0.7,0.536,0.36,0.036,0.06,-0.02,1.0
176,7,0.224,0.468,0.216,0.128,0.016,0.252,0.98,1.0
177,7,0.204,0.236,-0.104,-0.104,-0.004,0.444,1.0,1.0
178,3,0.184,0.428,0.896,0.088,-0.024,0.212,0.68,0.768
179,3,0.164,0.62,1.0,0.28,-0.044,-0.02,0.36,0.536
180,5,-0.156,0.388,0.98,0.472,0.956,0.172,0.34,0.304
181,5,-0.476,0.156,0.96,0.664,1.0,0.364,0.32,0.072
182,1,0.524,0.348,0.94,0.432,0.68,0.132,0.3,0.264
183,1,1.0,0.54,0.92,0.2,0.36,-0.1,0.28,0.456
184,6,0.768,0.22,0.688,0.18,0.552,0.9,0.472,0.436
185,6,0.536,-0.1,0.456,0.16,0.744,1.0,0.664,0.416
186,2,0.728,0.9,0.648,0.14,0.512,0.68,0.432,0.396
187,2,0.92,1.0,0.84,0.12,0.28,0.36,0.2,0.376
188,,0.9,0.98,0.82,0.1,0.26,0.34,0.18,0.356
189,,0.88,0.96,0.8,0.08,0.24,0.32,0.16,0.336
190,,0.86,0.94,0.78,0.06,0.22,0.3,0.14,0.316
191,,0.84,0.92,0.76,0.04,0.2,0.28,0.12,0.296
192,,0.82,0.9,0.74,0.02,0.18,0.26,0.1,0.276
193,,0.8,0.88,0.72,0.0,0.16,0.24,0.08,0.256
194,,0.78,0.86,0.7,-0.02,0.14,0.22,0.06,0.236
195,4,0.548,0.84,0.892,0.98,0.332,0.2,-0.172,-0.084
196,4,0.316,0.82,1.0,1.0,0.524,0.18,-0.404,-0.404
197,7,0.296,0.588,0.68,0.768,0.504,0.372,0.596,-0.212
198,7,0.276,0.356,0.36,0.536,0.484,0.564,1.0,-0.02
199,8,0.468,0.336,0.128,0.216,0.252,0.544,1.0,0.98
200,8,0.66,0.316,-0.104,-0.104,0.02,0.524,1.0,1.0
201,3,0.64,0.508,0.896,0.088,0.0,0.292,0.68,0.768
202,3,0.62,0.7,1.0,0.28,-0.02,0.06,0.36,0.536
203,5,0.3,0.468,0.98,0.472,0.98,0.252,0.34,0.304
204,5,-0.02,0.236,0.96,0.664,1.0,0.444,0.32,0.072
205,1,0.98,0.428,0.94,0.432,0.68,0.212,0.3,0.264
206,1,1.0,0.62,0.92,0.2,0.36,-0.02,0.28,0.456
207,6,0.768,0.3,0.688,0.18,0.552,0.98,0.472,0.436
208,6,0.536,-0.02,0.456,0.16,0.744,1.0,0.664,0.416
209,2,0.728,0.98,0.648,0.14,0.512,0.68,0.432,0.396
210,2,0.92,1.0,0.84,0.12,0.28,0.36,0.2,0.376
211,,0.9,0.98,0.82,0.1,0.26,0.34,0.18,0.356
212,,0.88,0.96,0.8,0.08,0.24,0.32,0.16,0.336
213,,0.86,0.94,0.78,0.06,0.22,0.3,0.14,0.316
214,,0.84,0.92,0.76,0.04,0.2,0.28,0.12,0.296
215,,0.82,0.9,0.74,0.02,0.18,0.26,0.1,0.276
216,,0.8,0.88,0.72,0.0,0.16,0.24,0.08,0.256
217,,0.78,0.86,0.7,-0.02,0.14,0.22,0.06,0.236
218,4,0.548,0.84,0.892,0.98,0.332,0.2,-0.172,-0.084
219,4,0.316,0.82,1.0,1.0,0.524,0.18,-0.404,-0.404
220,8,0.508,0.8,0.768,0.68,0.292,0.16,-0.212,0.596
221,8,0.7,0.78,0.536,0.36,0.06,0.14,-0.02,1.0
222,7,0.68,0.548,0.216,0.128,0.04,0.332,0.98,1.0
223,7,0.66,0.316,-0.104,-0.104,0.02,0.524,1.0,1.0
224,4,0.428,0.296,0.088,0.896,0.212,0.504,0.768,0.68
225,4,0.196,0.276,0.28,1.0,0.404,0.484,0.536,0.36
226,,0.176,0.256,0.26,0.98,0.384,0.464,0.516,0.34
227,,0.156,0.236,0.24,0.96,0.364,0.444,0.496,0.32
228,,0.136,0.216,0.22,0.94,0.344,0.424,0.476,0.3
229,,0.116,0.196,0.2,0.92,0.324,0.404,0.456,0.28
230,,0.096,0.176,0.18,0.9,0.304,0.384,0.436,0.26
231,,0.076,0.156,0.16,0.88,0.284,0.364,0.416,0.24
232,,0.056,0.136,0.14,0.86,0.264,0.344,0.396,0.22
233,,0.036,0.116,0.12,0.84,0.244,0.324,0.376,0.2
234,,0.016,0.096,0.1,0.82,0.224,0.304,0.356,0.18
235,,-0.004,0.076,0.08,0.8,0.204,0.284,0.336,0.16
236,1,0.996,0.268,0.06,0.568,-0.116,0.052,0.316,0.352
237,1,1.0,0.46,0.04,0.336,-0.436,-0.18,0.296,0.544
238,5,0.68,0.228,0.02,0.528,0.564,0.012,0.276,0.312
239,5,0.36,-0.004,0.0,0.72,1.0,0.204,0.256,0.08
240,2,0.552,0.996,0.192,0.7,0.768,-0.116,0.024,0.06
241,2,0.744,1.0,0.384,0.68,0.536,-0.436,-0.208,0.04
242,6,0.512,0.68,0.152,0.66,0.728,0.564,-0.016,0.02
243,6,0.28,0.36,-0.08,0.64,0.92,1.0,0.176,0.0
244,3,0.26,0.552,0.92,0.832,0.9,0.768,-0.144,-0.232
245,3,0.24,0.744,1.0,1.0,0.88,0.536,-0.464,-0.464
246,8,0.432,0.724,0.768,0.68,0.648,0.516,-0.272,0.536
247,8,0.624,0.704,0.536,0.36,0.416,0.496,-0.08,1.0
248,7,0.604,0.472,0.216,0.128,0.396,0.688,0.92,1.0
249,7,0.584,0.24,-0.104,-0.104,0.376,0.88,1.0,1.0
250,3,0.564,0.432,0.896,0.088,0.356,0.648,0.68,0.768
251,3,0.544,0.624,1.0,0.28,0.336,0.416,0.36,0.536
252,,0.524,0.604,0.98,0.26,0.316,0.396,0.34,0.516
253,,0.504,0.584,0.96,0.24,0.296,0.376,0.32,0.496
254,,0.484,0.564,0.94,0.22,0.276,0.356,0.3,0.476
255,,0.464,0.544,0.92,0.2,0.256,0.336,0.28,0.456
256,,0.444,0.524,0.9,0.18,0.236,0.316,0.26,0.436
257,,0.424,0.504,0.88,0.16,0.216,0.296,0.24,0.416
258,,0.404,0.484,0.86,0.14,0.196,0.276,0.22,0.396
259,,0.384,0.464,0.84,0.12,0.176,0.256,0.2,0.376
260,,0.364,0.444,0.82,0.1,0.156,0.236,0.18,0.356
261,,0.344,0.424,0.8,0.08,0.136,0.216,0.16,0.336
262,,0.324,0.404,0.78,0.06,0.116,0.196,0.14,0.316
263,,0.304,0.384,0.76,0.04,0.096,0.176,0.12,0.296
264,,0.284,0.364,0.74,0.02,0.076,0.156,0.1,0.276
265,,0.264,0.344,0.72,0.0,0.056,0.136,0.08,0.256
266,,0.244,0.324,0.7,-0.02,0.036,0.116,0.06,0.236
267,4,0.012,0.304,0.892,0.98,0.228,0.096,-0.172,-0.084
268,4,-0.22,0.284,1.0,1.0,0.42,0.076,-0.404,-0.404
269,7,-0.24,0.052,0.68,0.768,0.4,0.268,0.596,-0.212
270,7,-0.26,-0.18,0.36,0.536,0.38,0.46,1.0,-0.02
271,1,0.74,0.012,0.34,0.304,0.06,0.228,0.98,0.172
272,1,1.0,0.204,0.32,0.072,-0.26,-0.004,0.96,0.364
273,5,0.68,-0.028,0.3,0.264,0.74,0.188,0.94,0.132
274,5,0.36,-0.26,0.28,0.456,1.0,0.38,0.92,-0.1
275,2,0.552,0.74,0.472,0.436,0.768,0.06,0.688,-0.12
276,2,0.744,1.0,0.664,0.416,0.536,-0.26,0.456,-0.14
277,6,0.512,0.68,0.432,0.396,0.728,0.74,0.648,-0.16
278,6,0.28,0.36,0.2,0.376,0.92,1.0,0.84,-0.18
279,8,0.472,0.34,-0.032,0.056,0.688,0.98,1.0,0.82
280,8,0.664,0.32,-0.264,-0.264,0.456,0.96,1.0,1.0
281,4,0.432,0.3,-0.072,0.736,0.648,0.94,0.768,0.68
282,4,0.2,0.28,0.12,1.0,0.84,0.92,0.536,0.36
283,,0.18,0.26,0.1,0.98,0.82,0.9,0.516,0.34
284,,0.16,0.24,0.08,0.96,0.8,0.88,0.496,0.32
285,,0.14,0.22,0.06,0.94,0.78,0.86,0.476,0.3
286,,0.12,0.2,0.04,0.92,0.76,0.84,0.456,0.28
287,,0.1,0.18,0.02,0.9,0.74,0.82,0.436,0.26
288,,0.08,0.16,0.0,0.88,0.72,0.8,0.416,0.24
289,,0.06,0.14,-0.02,0.86,0.7,0.78,0.396,0.22
290,3,0.04,0.332,0.98,1.0,0.68,0.548,0.076,-0.012
291,3,0.02,0.524,1.0,1.0,0.66,0.316,-0.244,-0.244
292,7,0.0,0.292,0.68,0.768,0.64,0.508,0.756,-0.052
293,7,-0.02,0.06,0.36,0.536,0.62,0.7,1.0,0.14
294,1,0.98,0.252,0.34,0.304,0.3,0.468,0.98,0.332
295,1,1.0,0.444,0.32,0.072,-0.02,0.236,0.96,0.524
296,5,0.68,0.212,0.3,0.264,0.98,0.428,0.94,0.292
297,5,0.36,-0.02,0.28,0.456,1.0,0.62,0.92,0.06
298,2,0.552,0.98,0.472,0.436,0.768,0.3,0.688,0.04
299,2,0.744,1.0,0.664,0.416,0.536,-0.02,0.456,0.02
300,6,0.512,0.68,0.432,0.396,0.728,0.98,0.648,0.0
301,6,0.28,0.36,0.2,0.376,0.92,1.0,0.84,-0.02
302,8,0.472,0.34,-0.032,0.056,0.688,0.98,1.0,0.98
303,8,0.664,0.32,-0.264,-0.264,0.456,0.96,1.0,1.0
304,3,0.644,0.512,0.736,-0.072,0.436,0.728,0.68,0.768
305,3,0.624,0.704,1.0,0.12,0.416,0.496,0.36,0.536
306,,0.604,0.684,0.98,0.1,0.396,0.476,0.34,0.516
307,,0.584,0.664,0.96,0.08,0.376,0.456,0.32,0.496
308,,0.564,0.644,0.94,0.06,0.356,0.436,0.3,0.476
309,,0.544,0.624,0.92,0.04,0.336,0.416,0.28,0.456
310,,0.524,0.604,0.9,0.02,0.316,0.396,0.26,0.436
311,,0.504,0.584,0.88,0.0,0.296,0.376,0.24,0.416
312,,0.484,0.564,0.86,-0.02,0.276,0.356,0.22,0.396
313,4,0.252,0.544,1.0,0.98,0.468,0.336,-0.012,0.076
314,4,0.02,0.524,1.0,1.0,0.66,0.316,-0.244,-0.244
315,8,0.212,0.504,0.768,0.68,0.428,0.296,-0.052,0.756
316,8,0.404,0.484,0.536,0.36,0.196,0.276,0.14,1.0
317,,0.384,0.464,0.516,0.34,0.176,0.256,0.12,0.98
318,,0.364,0.444,0.496,0.32,0.156,0.236,0.1,0.96
319,,0.344,0.424,0.476,0.3,0.136,0.216,0.08,0.94
320,,0.324,0.404,0.456,0.28,0.116,0.196,0.06,0.92
321,,0.304,0.384,0.436,0.26,0.096,0.176,0.04,0.9
322,,0.284,0.364,0.416,0.24,0.076,0.156,0.02,0.88
323,,0.264,0.344,0.396,0.22,0.056,0.136,0.0,0.86
324,,0.244,0.324,0.376,0.2,0.036,0.116,-0.02,0.84
325,7,0.224,0.092,0.056,-0.032,0.016,0.308,0.98,1.0
326,7,0.204,-0.14,-0.264,-0.264,-0.004,0.5,1.0,1.0
327,4,-0.028,-0.16,-0.072,0.736,0.188,0.48,0.768,0.68
328,4,-0.26,-0.18,0.12,1.0,0.38,0.46,0.536,0.36
329,1,0.74,0.012,0.1,0.768,0.06,0.228,0.516,0.552
330,1,1.0,0.204,0.08,0.536,-0.26,-0.004,0.496,0.744
331,5,0.68,-0.028,0.06,0.728,0.74,0.188,0.476,0.512
332,5,0.36,-0.26,0.04,0.92,1.0,0.38,0.456,0.28
333,2,0.552,0.74,0.232,0.9,0.768,0.06,0.224,0.26
334,2,0.744,1.0,0.424,0.88,0.536,-0.26,-0.008,0.24
335,6,0.512,0.68,0.192,0.86,0.728,0.74,0.184,0.22
336,6,0.28,0.36,-0.04,0.84,0.92,1.0,0.376,0.2
337,3,0.26,0.552,0.96,1.0,0.9,0.768,0.056,-0.032
338,3,0.24,0.744,1.0,1.0,0.88,0.536,-0.264,-0.264
339,7,0.22,0.512,0.68,0.768,0.86,0.728,0.736,-0.072
340,7,0.2,0.28,0.36,0.536,0.84,0.92,1.0,0.12
341,,0.18,0.26,0.34,0.516,0.82,0.9,0.98,0.1
342,,0.16,0.24,0.32,0.496,0.8,0.88,0.96,0.08
343,,0.14,0.22,0.3,0.476,0.78,0.86,0.94,0.06
344,,0.12,0.2,0.28,0.456,0.76,0.84,0.92,0.04
345,,0.1,0.18,0.26,0.436,0.74,0.82,0.9,0.02
346,,0.08,0.16,0.24,0.416,0.72,0.8,0.88,0.0
347,,0.06,0.14,0.22,0.396,0.7,0.78,0.86,-0.02
348,8,0.252,0.12,-0.012,0.076,0.468,0.76,1.0,0.98
349,8,0.444,0.1,-0.244,-0.244,0.236,0.74,1.0,1.0
350,3,0.424,0.292,0.756,-0.052,0.216,0.508,0.68,0.768
351,3,0.404,0.484,1.0,0.14,0.196,0.276,0.36,0.536
352,,0.384,0.464,0.98,0.12,0.176,0.256,0.34,0.516
353,,0.364,0.444,0.96,0.1,0.156,0.236,0.32,0.496
354,,0.344,0.424,0.94,0.08,0.136,0.216,0.3,0.476
355,,0.324,0.404,0.92,0.06,0.116,0.196,0.28,0.456
356,,0.304,0.384,0.9,0.04,0.096,0.176,0.26,0.436
357,,0.284,0.364,0.88,0.02,0.076,0.156,0.24,0.416
358,,0.264,0.344,0.86,0.0,0.056,0.136,0.22,0.396
359,,0.244,0.324,0.84,-0.02,0.036,0.116,0.2,0.376
360,4,0.012,0.304,1.0,0.98,0.228,0.096,-0.032,0.056
361,4,-0.22,0.284,1.0,1.0,0.42,0.076,-0.264,-0.264
362,7,-0.24,0.052,0.68,0.768,0.4,0.268,0.736,-0.072
363,7,-0.26,-0.18,0.36,0.536,0.38,0.46,1.0,0.12
364,1,0.74,0.012,0.34,0.304,0.06,0.228,0.98,0.312
365,1,1.0,0.204,0.32,0.072,-0.26,-0.004,0.96,0.504
366,5,0.68,-0.028,0.3,0.264,0.74,0.188,0.94,0.272
367,5,0.36,-0.26,0.28,0.456,1.0,0.38,0.92,0.04
368,2,0.552,0.74,0.472,0.436,0.768,0.06,0.688,0.02
369,2,0.744,1.0,0.664,0.416,0.536,-0.26,0.456,0.0
370,6,0.512,0.68,0.432,0.396,0.728,0.74,0.648,-0.02
371,6,0.28,0.36,0.2,0.376,0.92,1.0,0.84,-0.04
372,8,0.472,0.34,-0.032,0.056,0.688,0.98,1.0,0.96
373,8,0.664,0.32,-0.264,-0.264,0.456,0.96,1.0,1.0
374,4,0.432,0.3,-0.072,0.736,0.648,0.94,0.768,0.68
375,4,0.2,0.28,0.12,1.0,0.84,0.92,0.536,0.36
376,,0.18,0.26,0.1,0.98,0.82,0.9,0.516,0.34
377,,0.16,0.24,0.08,0.96,0.8,0.88,0.496,0.32
378,,0.14,0.22,0.06,0.94,0.78,0.86,0.476,0.3
379,,0.12,0.2,0.04,0.92,0.76,0.84,0.456,0.28
380,,0.1,0.18,0.02,0.9,0.74,0.82,0.436,0.26
381,,0.08,0.16,0.0,0.88,0.72,0.8,0.416,0.24
382,,0.06,0.14,-0.02,0.86,0.7,0.78,0.396,0.22
383,3,0.04,0.332,0.98,1.0,0.68,0.548,0.076,-0.012
384,3,0.02,0.524,1.0,1.0,0.66,0.316,-0.244,-0.244
385,8,0.212,0.504,0.768,0.68,0.428,0.296,-0.052,0.756
386,8,0.404,0.484,0.536,0.36,0.196,0.276,0.14,1.0
387,,0.384,0.464,0.516,0.34,0.176,0.256,0.12,0.98
388,,0.364,0.444,0.496,0.32,0.156,0.236,0.1,0.96
389,,0.344,0.424,0.476,0.3,0.136,0.216,0.08,0.94
390,,0.324,0.404,0.456,0.28,0.116,0.196,0.06,0.92
391,,0.304,0.384,0.436,0.26,0.096,0.176,0.04,0.9
392,,0.284,0.364,0.416,0.24,0.076,0.156,0.02,0.88
393,,0.264,0.344,0.396,0.22,0.056,0.136,0.0,0.86
394,,0.244,0.324,0.376,0.2,0.036,0.116,-0.02,0.84
395,7,0.224,0.092,0.056,-0.032,0.016,0.308,0.98,1.0
396,7,0.204,-0.14,-0.264,-0.264,-0.004,0.5,1.0,1.0
397,4,-0.028,-0.16,-0.072,0.736,0.188,0.48,0.768,0.68
398,4,-0.26,-0.18,0.12,1.0,0.38,0.46,0.536,0.36
399,1,0.74,0.012,0.1,0.768,0.06,0.228,0.516,0.552
400,1,1.0,0.204,0.08,0.536,-0.26,-0.004,0.496,0.744
401,5,0.68,-0.028,0.06,0.728,0.74,0.188,0.476,0.512
402,5,0.36,-0.26,0.04,0.92,1.0,0.38,0.456,0.28
403,2,0.552,0.74,0.232,0.9,0.768,0.06,0.224,0.26
404,2,0.744,1.0,0.424,0.88,0.536,-0.26,-0.008,0.24
405,6,0.512,0.68,0.192,0.86,0.728,0.74,0.184,0.22
406,6,0.28,0.36,-0.04,0.84,0.92,1.0,0.376,0.2
407,3,0.26,0.552,0.96,1.0,0.9,0.768,0.056,-0.032
408,3,0.24,0.744,1.0,1.0,0.88,0.536,-0.264,-0.264
409,8,0.432,0.724,0.768,0.68,0.648,0.516,-0.072,0.736
410,8,0.624,0.704,0.536,0.36,0.416,0.496,0.12,1.0
411,,0.604,0.684,0.516,0.34,0.396,0.476,0.1,0.98
412,,0.584,0.664,0.496,0.32,0.376,0.456,0.08,0.96
413,,0.564,0.644,0.476,0.3,0.356,0.436,0.06,0.94
414,,0.544,0.624,0.456,0.28,0.336,0.416,0.04,0.92
415,,0.524,0.604,0.436,0.26,0.316,0.396,0.02,0.9
416,,0.504,0.584,0.416,0.24,0.296,0.376,0.0,0.88
417,,0.484,0.564,0.396,0.22,0.276,0.356,-0.02,0.86
418,7,0.464,0.332,0.076,-0.012,0.256,0.548,0.98,1.0
419,7,0.444,0.1,-0.244,-0.244,0.236,0.74,1.0,1.0
420,3,0.424,0.292,0.756,-0.052,0.216,0.508,0.68,0.768
421,3,0.404,0.484,1.0,0.14,0.196,0.276,0.36,0.536
422,,0.384,0.464,0.98,0.12,0.176,0.256,0.34,0.516
423,,0.364,0.444,0.96,0.1,0.156,0.236,0.32,0.496
424,,0.344,0.424,0.94,0.08,0.136,0.216,0.3,0.476
425,,0.324,0.404,0.92,0.06,0.116,0.196,0.28,0.456
426,,0.304,0.384,0.9,0.04,0.096,0.176,0.26,0.436
427,,0.284,0.364,0.88,0.02,0.076,0.156,0.24,0.416
428,,0.264,0.344,0.86,0.0,0.056,0.136,0.22,0.396
429,,0.244,0.324,0.84,-0.02,0.036,0.116,0.2,0.376
430,4,0.012,0.304,1.0,0.98,0.228,0.096,-0.032,0.056
431,4,-0.22,0.284,1.0,1.0,0.42,0.076,-0.264,-0.264
432,8,-0.028,0.264,0.768,0.68,0.188,0.056,-0.072,0.736
433,8,0.164,0.244,0.536,0.36,-0.044,0.036,0.12,1.0
434,5,-0.156,0.012,0.516,0.552,0.956,0.228,0.1,0.768
435,5,-0.476,-0.22,0.496,0.744,1.0,0.42,0.08,0.536
436,1,0.524,-0.028,0.476,0.512,0.68,0.188,0.06,0.728
437,1,1.0,0.164,0.456,0.28,0.36,-0.044,0.04,0.92
438,6,0.768,-0.156,0.224,0.26,0.552,0.956,0.232,0.9
439,6,0.536,-0.476,-0.008,0.24,0.744,1.0,0.424,0.88
440,2,0.728,0.524,0.184,0.22,0.512,0.68,0.192,0.86
441,2,0.92,1.0,0.376,0.2,0.28,0.36,-0.04,0.84
442,7,0.9,0.768,0.056,-0.032,0.26,0.552,0.96,1.0
443,7,0.88,0.536,-0.264,-0.264,0.24,0.744,1.0,1.0
444,4,0.648,0.516,-0.072,0.736,0.432,0.724,0.768,0.68
445,4,0.416,0.496,0.12,1.0,0.624,0.704,0.536,0.36
446,,0.396,0.476,0.1,0.98,0.604,0.684,0.516,0.34
447,,0.376,0.456,0.08,0.96,0.584,0.664,0.496,0.32
448,,0.356,0.436,0.06,0.94,0.564,0.644,0.476,0.3
449,,0.336,0.416,0.04,0.92,0.544,0.624,0.456,0.28
450,,0.316,0.396,0.02,0.9,0.524,0.604,0.436,0.26
451,,0.296,0.376,0.0,0.88,0.504,0.584,0.416,0.24
452,,0.276,0.356,-0.02,0.86,0.484,0.564,0.396,0.22
453,3,0.256,0.548,0.98,1.0,0.464,0.332,0.076,-0.012
454,3,0.236,0.74,1.0,1.0,0.444,0.1,-0.244,-0.244
455,8,0.428,0.72,0.768,0.68,0.212,0.08,-0.052,0.756
456,8,0.62,0.7,0.536,0.36,-0.02,0.06,0.14,1.0
457,5,0.3,0.468,0.516,0.552,0.98,0.252,0.12,0.768
458,5,-0.02,0.236,0.496,0.744,1.0,0.444,0.1,0.536
459,1,0.98,0.428,0.476,0.512,0.68,0.212,0.08,0.728
460,1,1.0,0.62,0.456,0.28,0.36,-0.02,0.06,0.92
461,6,0.768,0.3,0.224,0.26,0.552,0.98,0.252,0.9
462,6,0.536,-0.02,-0.008,0.24,0.744,1.0,0.444,0.88
463,2,0.728,0.98,0.184,0.22,0.512,0.68,0.212,0.86
464,2,0.92,1.0,0.376,0.2,0.28,0.36,-0.02,0.84
465,7,0.9,0.768,0.056,-0.032,0.26,0.552,0.98,1.0
466,7,0.88,0.536,-0.264,-0.264,0.24,0.744,1.0,1.0
467,4,0.648,0.516,-0.072,0.736,0.432,0.724,0.768,0.68
468,4,0.416,0.496,0.12,1.0,0.624,0.704,0.536,0.36
469,,0.396,0.476,0.1,0.98,0.604,0.684,0.516,0.34
470,,0.376,0.456,0.08,0.96,0.584,0.664,0.496,0.32
471,,0.356,0.436,0.06,0.94,0.564,0.644,0.476,0.3
472,,0.336,0.416,0.04,0.92,0.544,0.624,0.456,0.28
473,,0.316,0.396,0.02,0.9,0.524,0.604,0.436,0.26
474,,0.296,0.376,0.0,0.88,0.504,0.584,0.416,0.24
475,,0.276,0.356,-0.02,0.86,0.484,0.564,0.396,0.22
476,3,0.256,0.548,0.98,1.0,0.464,0.332,0.076,-0.012
477,3,0.236,0.74,1.0,1.0,0.444,0.1,-0.244,-0.244
478,8,0.428,0.72,0.768,0.68,0.212,0.08,-0.052,0.756
479,8,0.62,0.7,0.536,0.36,-0.02,0.06,0.14,1.0
480,5,0.3,0.468,0.516,0.552,0.98,0.252,0.12,0.768
481,5,-0.02,0.236,0.496,0.744,1.0,0.444,0.1,0.536
482,1,0.98,0.428,0.476,0.512,0.68,0.212,0.08,0.728
483,1,1.0,0.62,0.456,0.28,0.36,-0.02,0.06,0.92
484,6,0.768,0.3,0.224,0.26,0.552,0.98,0.252,0.9
485,6,0.536,-0.02,-0.008,0.24,0.744,1.0,0.444,0.88
486,2,0.728,0.98,0.184,0.22,0.512,0.68,0.212,0.86
487,2,0.92,1.0,0.376,0.2,0.28,0.36,-0.02,0.84
488,7,0.9,0.768,0.056,-0.032,0.26,0.552,0.98,1.0
489,7,0.88,0.536,-0.264,-0.264,0.24,0.744,1.0,1.0
490,3,0.86,0.728,0.736,-0.072,0.22,0.512,0.68,0.768
491,3,0.84,0.92,1.0,0.12,0.2,0.28,0.36,0.536
492,,0.82,0.9,0.98,0.1,0.18,0.26,0.34,0.516
493,,0.8,0.88,0.96,0.08,0.16,0.24,0.32,0.496
494,,0.78,0.86,0.94,0.06,0.14,0.22,0.3,0.476
495,,0.76,0.84,0.92,0.04,0.12,0.2,0.28,0.456
496,,0.74,0.82,0.9,0.02,0.1,0.18,0.26,0.436
497,,0.72,0.8,0.88,0.0,0.08,0.16,0.24,0.416
498,,0.7,0.78,0.86,-0.02,0.06,0.14,0.22,0.396
499,4,0.468,0.76,1.0,0.98,0.252,0.12,-0.012,0.076
