step,active_motive,motive_1,motive_2,motive_3,motive_4,motive_5,motive_6,motive_7,motive_8
0,,0.62586,0.50314,0.85649,0.65869,0.16293,0.07057,0.64242,0.02651
1,,0.60586,0.48314,0.83649,0.63869,0.14293,0.05057,0.62242,0.00651
2,,0.58586,0.46314,0.81649,0.61869,0.12293,0.03057,0.60242,-0.01349
3,8,0.77786,0.44314,0.58449,0.29869,-0.10907,0.01057,0.79442,0.98651
4,8,0.96986,0.42314,0.35249,-0.02131,-0.34107,-0.00943,0.98642,1.0
5,5,0.64986,0.19114,0.33249,0.17069,0.65893,0.18257,0.96642,0.768
6,5,0.32986,-0.04086,0.31249,0.36269,1.0,0.37457,0.94642,0.536
7,2,0.52186,0.95914,0.50449,0.34269,0.768,0.05457,0.71442,0.516
8,2,0.71386,1.0,0.69649,0.32269,0.536,-0.26543,0.48242,0.496
9,6,0.48186,0.68,0.46449,0.30269,0.728,0.73457,0.67442,0.476
10,6,0.24986,0.36,0.23249,0.28269,0.92,1.0,0.86642,0.456
11,,0.22986,0.34,0.21249,0.26269,0.9,0.98,0.84642,0.436
12,,0.20986,0.32,0.19249,0.24269,0.88,0.96,0.82642,0.416
13,,0.18986,0.3,0.17249,0.22269,0.86,0.94,0.80642,0.396
14,,0.16986,0.28,0.15249,0.20269,0.84,0.92,0.78642,0.376
15,,0.14986,0.26,0.13249,0.18269,0.82,0.9,0.76642,0.356
16,,0.12986,0.24,0.11249,0.16269,0.8,0.88,0.74642,0.336
17,,0.10986,0.22,0.09249,0.14269,0.78,0.86,0.72642,0.316
18,,0.08986,0.2,0.07249,0.12269,0.76,0.84,0.70642,0.296
19,,0.06986,0.18,0.05249,0.10269,0.74,0.82,0.68642,0.276
20,,0.04986,0.16,0.03249,0.08269,0.72,0.8,0.66642,0.256
21,,0.02986,0.14,0.01249,0.06269,0.7,0.78,0.64642,0.236
22,,0.00986,0.12,-0.00751,0.04269,0.68,0.76,0.62642,0.216
23,3,-0.01014,0.312,0.99249,0.23469,0.66,0.528,0.30642,-0.016
24,3,-0.03014,0.504,1.0,0.42669,0.64,0.296,-0.01358,-0.248
25,8,0.16186,0.484,0.768,0.10669,0.408,0.276,0.17842,0.752
26,8,0.35386,0.464,0.536,-0.21331,0.176,0.256,0.37042,1.0
27,4,0.12186,0.444,0.728,0.78669,0.368,0.236,0.13842,0.68
28,4,-0.11014,0.424,0.92,1.0,0.56,0.216,-0.09358,0.36
29,1,0.88986,0.616,0.9,0.768,0.24,-0.016,-0.11358,0.552
30,1,1.0,0.808,0.88,0.536,-0.08,-0.248,-0.13358,0.744
31,6,0.768,0.488,0.648,0.516,0.112,0.752,0.05842,0.724
32,6,0.536,0.168,0.416,0.496,0.304,1.0,0.25042,0.704
33,,0.516,0.148,0.396,0.476,0.284,0.98,0.23042,0.684
34,,0.496,0.128,0.376,0.456,0.264,0.96,0.21042,0.664
35,,0.476,0.108,0.356,0.436,0.244,0.94,0.19042,0.644
36,,0.456,0.088,0.336,0.416,0.224,0.92,0.17042,0.624
37,,0.436,0.068,0.316,0.396,0.204,0.9,0.15042,0.604
38,,0.416,0.048,0.296,0.376,0.184,0.88,0.13042,0.584
39,,0.396,0.028,0.276,0.356,0.164,0.86,0.11042,0.564
40,,0.376,0.008,0.256,0.336,0.144,0.84,0.09042,0.544
41,,0.356,-0.012,0.236,0.316,0.124,0.82,0.07042,0.524
42,2,0.548,0.988,0.428,0.296,-0.108,0.5,-0.16158,0.504
43,2,0.74,1.0,0.62,0.276,-0.34,0.18,-0.39358,0.484
44,7,0.72,0.768,0.3,0.044,-0.36,0.372,0.60642,0.676
45,7,0.7,0.536,-0.02,-0.188,-0.38,0.564,1.0,0.868
46,5,0.38,0.304,-0.04,0.004,0.62,0.756,0.98,0.636
47,5,0.06,0.072,-0.06,0.196,1.0,0.948,0.96,0.404
48,3,0.04,0.264,0.94,0.388,0.98,0.716,0.64,0.172
49,3,0.02,0.456,1.0,0.58,0.96,0.484,0.32,-0.06
50,8,0.212,0.436,0.768,0.26,0.728,0.464,0.512,0.94
51,8,0.404,0.416,0.536,-0.06,0.496,0.444,0.704,1.0
52,4,0.172,0.396,0.728,0.94,0.688,0.424,0.472,0.68
53,4,-0.06,0.376,0.92,1.0,0.88,0.404,0.24,0.36
54,1,0.94,0.568,0.9,0.768,0.56,0.172,0.22,0.552
55,1,1.0,0.76,0.88,0.536,0.24,-0.06,0.2,0.744
56,6,0.768,0.44,0.648,0.516,0.432,0.94,0.392,0.724
57,6,0.536,0.12,0.416,0.496,0.624,1.0,0.584,0.704
58,,0.516,0.1,0.396,0.476,0.604,0.98,0.564,0.684
59,,0.496,0.08,0.376,0.456,0.584,0.96,0.544,0.664
60,,0.476,0.06,0.356,0.436,0.564,0.94,0.524,0.644
61,,0.456,0.04,0.336,0.416,0.544,0.92,0.504,0.624
62,,0.436,0.02,0.316,0.396,0.524,0.9,0.484,0.604
63,,0.416,0.0,0.296,0.376,0.504,0.88,0.464,0.584
64,,0.396,-0.02,0.276,0.356,0.484,0.86,0.444,0.564
65,2,0.588,0.98,0.468,0.336,0.252,0.54,0.212,0.544
66,2,0.78,1.0,0.66,0.316,0.02,0.22,-0.02,0.524
67,7,0.76,0.768,0.34,0.084,0.0,0.412,0.98,0.716
68,7,0.74,0.536,0.02,-0.148,-0.02,0.604,1.0,0.908
69,4,0.508,0.516,0.212,0.852,0.172,0.584,0.768,0.588
70,4,0.276,0.496,0.404,1.0,0.364,0.564,0.536,0.268
71,,0.256,0.476,0.384,0.98,0.344,0.544,0.516,0.248
72,,0.236,0.456,0.364,0.96,0.324,0.524,0.496,0.228
73,,0.216,0.436,0.344,0.94,0.304,0.504,0.476,0.208
74,,0.196,0.416,0.324,0.92,0.284,0.484,0.456,0.188
75,,0.176,0.396,0.304,0.9,0.264,0.464,0.436,0.168
76,,0.156,0.376,0.284,0.88,0.244,0.444,0.416,0.148
77,,0.136,0.356,0.264,0.86,0.224,0.424,0.396,0.128
78,,0.116,0.336,0.244,0.84,0.204,0.404,0.376,0.108
79,,0.096,0.316,0.224,0.82,0.184,0.384,0.356,0.088
80,,0.076,0.296,0.204,0.8,0.164,0.364,0.336,0.068
81,,0.056,0.276,0.184,0.78,0.144,0.344,0.316,0.048
82,,0.036,0.256,0.164,0.76,0.124,0.324,0.296,0.028
83,,0.016,0.236,0.144,0.74,0.104,0.304,0.276,0.008
84,,-0.004,0.216,0.124,0.72,0.084,0.284,0.256,-0.012
85,8,0.188,0.196,-0.108,0.4,-0.148,0.264,0.448,0.988
86,8,0.38,0.176,-0.34,0.08,-0.38,0.244,0.64,1.0
87,5,0.06,-0.056,-0.36,0.272,0.62,0.436,0.62,0.768
88,5,-0.26,-0.288,-0.38,0.464,1.0,0.628,0.6,0.536
89,3,-0.28,-0.096,0.62,0.656,0.98,0.396,0.28,0.304
90,3,-0.3,0.096,1.0,0.848,0.96,0.164,-0.04,0.072
91,1,0.7,0.288,0.98,0.616,0.64,-0.068,-0.06,0.264
92,1,1.0,0.48,0.96,0.384,0.32,-0.3,-0.08,0.456
93,6,0.768,0.16,0.728,0.364,0.512,0.7,0.112,0.436
94,6,0.536,-0.16,0.496,0.344,0.704,1.0,0.304,0.416
95,2,0.728,0.84,0.688,0.324,0.472,0.68,0.072,0.396
96,2,0.92,1.0,0.88,0.304,0.24,0.36,-0.16,0.376
97,7,0.9,0.768,0.56,0.072,0.22,0.552,0.84,0.568
98,7,0.88,0.536,0.24,-0.16,0.2,0.744,1.0,0.76
99,4,0.648,0.516,0.432,0.84,0.392,0.724,0.768,0.44
100,4,0.416,0.496,0.624,1.0,0.584,0.704,0.536,0.12
101,,0.396,0.476,0.604,0.98,0.564,0.684,0.516,0.1
102,,0.376,0.456,0.584,0.96,0.544,0.664,0.496,0.08
103,,0.356,0.436,0.564,0.94,0.524,0.644,0.476,0.06
104,,0.336,0.416,0.544,0.92,0.504,0.624,0.456,0.04
105,,0.316,0.396,0.524,0.9,0.484,0.604,0.436,0.02
106,,0.296,0.376,0.504,0.88,0.464,0.584,0.416,0.0
107,,0.276,0.356,0.484,0.86,0.444,0.564,0.396,-0.02
108,8,0.468,0.336,0.252,0.54,0.212,0.544,0.588,0.98
109,8,0.66,0.316,0.02,0.22,-0.02,0.524,0.78,1.0
110,5,0.34,0.084,0.0,0.412,0.98,0.716,0.76,0.768
111,5,0.02,-0.148,-0.02,0.604,1.0,0.908,0.74,0.536
112,2,0.212,0.852,0.172,0.584,0.768,0.588,0.508,0.516
113,2,0.404,1.0,0.364,0.564,0.536,0.268,0.276,0.496
114,,0.384,0.98,0.344,0.544,0.516,0.248,0.256,0.476
115,,0.364,0.96,0.324,0.524,0.496,0.228,0.236,0.456
116,,0.344,0.94,0.304,0.504,0.476,0.208,0.216,0.436
117,,0.324,0.92,0.284,0.484,0.456,0.188,0.196,0.416
118,,0.304,0.9,0.264,0.464,0.436,0.168,0.176,0.396
119,,0.284,0.88,0.244,0.444,0.416,0.148,0.156,0.376
120,,0.264,0.86,0.224,0.424,0.396,0.128,0.136,0.356
121,,0.244,0.84,0.204,0.404,0.376,0.108,0.116,0.336
122,,0.224,0.82,0.184,0.384,0.356,0.088,0.096,0.316
123,,0.204,0.8,0.164,0.364,0.336,0.068,0.076,0.296
124,,0.184,0.78,0.144,0.344,0.316,0.048,0.056,0.276
125,,0.164,0.76,0.124,0.324,0.296,0.028,0.036,0.256
126,,0.144,0.74,0.104,0.304,0.276,0.008,0.016,0.236
127,,0.124,0.72,0.084,0.284,0.256,-0.012,-0.004,0.216
128,6,-0.108,0.4,-0.148,0.264,0.448,0.988,0.188,0.196
129,6,-0.34,0.08,-0.38,0.244,0.64,1.0,0.38,0.176
130,3,-0.36,0.272,0.62,0.436,0.62,0.768,0.06,-0.056
131,3,-0.38,0.464,1.0,0.628,0.6,0.536,-0.26,-0.288
132,1,0.62,0.656,0.98,0.396,0.28,0.304,-0.28,-0.096
133,1,1.0,0.848,0.96,0.164,-0.04,0.072,-0.3,0.096
134,7,0.98,0.616,0.64,-0.068,-0.06,0.264,0.7,0.288
135,7,0.96,0.384,0.32,-0.3,-0.08,0.456,1.0,0.48
136,4,0.728,0.364,0.512,0.7,0.112,0.436,0.768,0.16
137,4,0.496,0.344,0.704,1.0,0.304,0.416,0.536,-0.16
138,8,0.688,0.324,0.472,0.68,0.072,0.396,0.728,0.84
139,8,0.88,0.304,0.24,0.36,-0.16,0.376,0.92,1.0
140,5,0.56,0.072,0.22,0.552,0.84,0.568,0.9,0.768
141,5,0.24,-0.16,0.2,0.744,1.0,0.76,0.88,0.536
142,2,0.432,0.84,0.392,0.724,0.768,0.44,0.648,0.516
143,2,0.624,1.0,0.584,0.704,0.536,0.12,0.416,0.496
144,,0.604,0.98,0.564,0.684,0.516,0.1,0.396,0.476
145,,0.584,0.96,0.544,0.664,0.496,0.08,0.376,0.456
146,,0.564,0.94,0.524,0.644,0.476,0.06,0.356,0.436
147,,0.544,0.92,0.504,0.624,0.456,0.04,0.336,0.416
148,,0.524,0.9,0.484,0.604,0.436,0.02,0.316,0.396
149,,0.504,0.88,0.464,0.584,0.416,0.0,0.296,0.376
150,,0.484,0.86,0.444,0.564,0.396,-0.02,0.276,0.356
151,6,0.252,0.54,0.212,0.544,0.588,0.98,0.468,0.336
152,6,0.02,0.22,-0.02,0.524,0.78,1.0,0.66,0.316
153,3,0.0,0.412,0.98,0.716,0.76,0.768,0.34,0.084
154,3,-0.02,0.604,1.0,0.908,0.74,0.536,0.02,-0.148
155,8,0.172,0.584,0.768,0.588,0.508,0.516,0.212,0.852
156,8,0.364,0.564,0.536,0.268,0.276,0.496,0.404,1.0
157,,0.344,0.544,0.516,0.248,0.256,0.476,0.384,0.98
158,,0.324,0.524,0.496,0.228,0.236,0.456,0.364,0.96
159,,0.304,0.504,0.476,0.208,0.216,0.436,0.344,0.94
160,,0.284,0.484,0.456,0.188,0.196,0.416,0.324,0.92
161,,0.264,0.464,0.436,0.168,0.176,0.396,0.304,0.9
162,,0.244,0.444,0.416,0.148,0.156,0.376,0.284,0.88
163,,0.224,0.424,0.396,0.128,0.136,0.356,0.264,0.86
164,,0.204,0.404,0.376,0.108,0.116,0.336,0.244,0.84
165,,0.184,0.384,0.356,0.088,0.096,0.316,0.224,0.82
166,,0.164,0.364,0.336,0.068,0.076,0.296,0.204,0.8
167,,0.144,0.344,0.316,0.048,0.056,0.276,0.184,0.78
168,,0.124,0.324,0.296,0.028,0.036,0.256,0.164,0.76
169,,0.104,0.304,0.276,0.008,0.016,0.236,0.144,0.74
170,,0.084,0.284,0.256,-0.012,-0.004,0.216,0.124,0.72
171,4,-0.148,0.264,0.448,0.988,0.188,0.196,-0.108,0.4
172,4,-0.38,0.244,0.64,1.0,0.38,0.176,-0.34,0.08
173,1,0.62,0.436,0.62,0.768,0.06,-0.056,-0.36,0.272
174,1,1.0,0.628,0.6,0.536,-0.26,-0.288,-0.38,0.464
175,7,0.98,0.396,0.28,0.304,-0.28,-0.096,0.62,0.656
176,7,0.96,0.164,-0.04,0.072,-0.3,0.096,1.0,0.848
177,5,0.64,-0.068,-0.06,0.264,0.7,0.288,0.98,0.616
178,5,0.32,-0.3,-0.08,0.456,1.0,0.48,0.96,0.384
179,2,0.512,0.7,0.112,0.436,0.768,0.16,0.728,0.364
180,2,0.704,1.0,0.304,0.416,0.536,-0.16,0.496,0.344
181,6,0.472,0.68,0.072,0.396,0.728,0.84,0.688,0.324
182,6,0.24,0.36,-0.16,0.376,0.92,1.0,0.88,0.304
183,3,0.22,0.552,0.84,0.568,0.9,0.768,0.56,0.072
184,3,0.2,0.744,1.0,0.76,0.88,0.536,0.24,-0.16
185,8,0.392,0.724,0.768,0.44,0.648,0.516,0.432,0.84
186,8,0.584,0.704,0.536,0.12,0.416,0.496,0.624,1.0
187,,0.564,0.684,0.516,0.1,0.396,0.476,0.604,0.98
188,,0.544,0.664,0.496,0.08,0.376,0.456,0.584,0.96
189,,0.524,0.644,0.476,0.06,0.356,0.436,0.564,0.94
190,,0.504,0.624,0.456,0.04,0.336,0.416,0.544,0.92
191,,0.484,0.604,0.436,0.02,0.316,0.396,0.524,0.9
192,,0.464,0.584,0.416,0.0,0.296,0.376,0.504,0.88
193,,0.444,0.564,0.396,-0.02,0.276,0.356,0.484,0.86
194,4,0.212,0.544,0.588,0.98,0.468,0.336,0.252,0.54
195,4,-0.02,0.524,0.78,1.0,0.66,0.316,0.02,0.22
196,1,0.98,0.716,0.76,0.768,0.34,0.084,0.0,0.412
197,1,1.0,0.908,0.74,0.536,0.02,-0.148,-0.02,0.604
198,6,0.768,0.588,0.508,0.516,0.212,0.852,0.172,0.584
199,6,0.536,0.268,0.276,0.496,0.404,1.0,0.364,0.564
200,,0.516,0.248,0.256,0.476,0.384,0.98,0.344,0.544
201,,0.496,0.228,0.236,0.456,0.364,0.96,0.324,0.524
202,,0.476,0.208,0.216,0.436,0.344,0.94,0.304,0.504
203,,0.456,0.188,0.196,0.416,0.324,0.92,0.284,0.484
204,,0.436,0.168,0.176,0.396,0.304,0.9,0.264,0.464
205,,0.416,0.148,0.156,0.376,0.284,0.88,0.244,0.444
206,,0.396,0.128,0.136,0.356,0.264,0.86,0.224,0.424
207,,0.376,0.108,0.116,0.336,0.244,0.84,0.204,0.404
208,,0.356,0.088,0.096,0.316,0.224,0.82,0.184,0.384
209,,0.336,0.068,0.076,0.296,0.204,0.8,0.164,0.364
210,,0.316,0.048,0.056,0.276,0.184,0.78,0.144,0.344
211,,0.296,0.028,0.036,0.256,0.164,0.76,0.124,0.324
212,,0.276,0.008,0.016,0.236,0.144,0.74,0.104,0.304
213,,0.256,-0.012,-0.004,0.216,0.124,0.72,0.084,0.284
214,2,0.448,0.988,0.188,0.196,-0.108,0.4,-0.148,0.264
215,2,0.64,1.0,0.38,0.176,-0.34,0.08,-0.38,0.244
216,7,0.62,0.768,0.06,-0.056,-0.36,0.272,0.62,0.436
217,7,0.6,0.536,-0.26,-0.288,-0.38,0.464,1.0,0.628
218,5,0.28,0.304,-0.28,-0.096,0.62,0.656,0.98,0.396
219,5,-0.04,0.072,-0.3,0.096,1.0,0.848,0.96,0.164
220,3,-0.06,0.264,0.7,0.288,0.98,0.616,0.64,-0.068
221,3,-0.08,0.456,1.0,0.48,0.96,0.384,0.32,-0.3
222,8,0.112,0.436,0.768,0.16,0.728,0.364,0.512,0.7
223,8,0.304,0.416,0.536,-0.16,0.496,0.344,0.704,1.0
224,4,0.072,0.396,0.728,0.84,0.688,0.324,0.472,0.68
225,4,-0.16,0.376,0.92,1.0,0.88,0.304,0.24,0.36
226,1,0.84,0.568,0.9,0.768,0.56,0.072,0.22,0.552
227,1,1.0,0.76,0.88,0.536,0.24,-0.16,0.2,0.744
228,6,0.768,0.44,0.648,0.516,0.432,0.84,0.392,0.724
229,6,0.536,0.12,0.416,0.496,0.624,1.0,0.584,0.704
230,,0.516,0.1,0.396,0.476,0.604,0.98,0.564,0.684
231,,0.496,0.08,0.376,0.456,0.584,0.96,0.544,0.664
232,,0.476,0.06,0.356,0.436,0.564,0.94,0.524,0.644
233,,0.456,0.04,0.336,0.416,0.544,0.92,0.504,0.624
234,,0.436,0.02,0.316,0.396,0.524,0.9,0.484,0.604
235,,0.416,0.0,0.296,0.376,0.504,0.88,0.464,0.584
236,,0.396,-0.02,0.276,0.356,0.484,0.86,0.444,0.564
237,2,0.588,0.98,0.468,0.336,0.252,0.54,0.212,0.544
238,2,0.78,1.0,0.66,0.316,0.02,0.22,-0.02,0.524
239,7,0.76,0.768,0.34,0.084,0.0,0.412,0.98,0.716
240,7,0.74,0.536,0.02,-0.148,-0.02,0.604,1.0,0.908
241,4,0.508,0.516,0.212,0.852,0.172,0.584,0.768,0.588
242,4,0.276,0.496,0.404,1.0,0.364,0.564,0.536,0.268
243,,0.256,0.476,0.384,0.98,0.344,0.544,0.516,0.248
244,,0.236,0.456,0.364,0.96,0.324,0.524,0.496,0.228
245,,0.216,0.436,0.344,0.94,0.304,0.504,0.476,0.208
246,,0.196,0.416,0.324,0.92,0.284,0.484,0.456,0.188
247,,0.176,0.396,0.304,0.9,0.264,0.464,0.436,0.168
248,,0.156,0.376,0.284,0.88,0.244,0.444,0.416,0.148
249,,0.136,0.356,0.264,0.86,0.224,0.424,0.396,0.128
250,,0.116,0.336,0.244,0.84,0.204,0.404,0.376,0.108
251,,0.096,0.316,0.224,0.82,0.184,0.384,0.356,0.088
252,,0.076,0.296,0.204,0.8,0.164,0.364,0.336,0.068
253,,0.056,0.276,0.184,0.78,0.144,0.344,0.316,0.048
254,,0.036,0.256,0.164,0.76,0.124,0.324,0.296,0.028
255,,0.016,0.236,0.144,0.74,0.104,0.304,0.276,0.008
256,,-0.004,0.216,0.124,0.72,0.084,0.284,0.256,-0.012
257,8,0.188,0.196,-0.108,0.4,-0.148,0.264,0.448,0.988
258,8,0.38,0.176,-0.34,0.08,-0.38,0.244,0.64,1.0
259,5,0.06,-0.056,-0.36,0.272,0.62,0.436,0.62,0.768
260,5,-0.26,-0.288,-0.38,0.464,1.0,0.628,0.6,0.536
261,3,-0.28,-0.096,0.62,0.656,0.98,0.396,0.28,0.304
262,3,-0.3,0.096,1.0,0.848,0.96,0.164,-0.04,0.072
263,1,0.7,0.288,0.98,0.616,0.64,-0.068,-0.06,0.264
264,1,1.0,0.48,0.96,0.384,0.32,-0.3,-0.08,0.456
265,6,0.768,0.16,0.728,0.364,0.512,0.7,0.112,0.436
266,6,0.536,-0.16,0.496,0.344,0.704,1.0,0.304,0.416
267,2,0.728,0.84,0.688,0.324,0.472,0.68,0.072,0.396
268,2,0.92,1.0,0.88,0.304,0.24,0.36,-0.16,0.376
269,7,0.9,0.768,0.56,0.072,0.22,0.552,0.84,0.568
270,7,0.88,0.536,0.24,-0.16,0.2,0.744,1.0,0.76
271,4,0.648,0.516,0.432,0.84,0.392,0.724,0.768,0.44
272,4,0.416,0.496,0.624,1.0,0.584,0.704,0.536,0.12
273,,0.396,0.476,0.604,0.98,0.564,0.684,0.516,0.1
274,,0.376,0.456,0.584,0.96,0.544,0.664,0.496,0.08
275,,0.356,0.436,0.564,0.94,0.524,0.644,0.476,0.06
276,,0.336,0.416,0.544,0.92,0.504,0.624,0.456,0.04
277,,0.316,0.396,0.524,0.9,0.484,0.604,0.436,0.02
278,,0.296,0.376,0.504,0.88,0.464,0.584,0.416,0.0
279,,0.276,0.356,0.484,0.86,0.444,0.564,0.396,-0.02
280,8,0.468,0.336,0.252,0.54,0.212,0.544,0.588,0.98
281,8,0.66,0.316,0.02,0.22,-0.02,0.524,0.78,1.0
282,5,0.34,0.084,0.0,0.412,0.98,0.716,0.76,0.768
283,5,0.02,-0.148,-0.02,0.604,1.0,0.908,0.74,0.536
284,2,0.212,0.852,0.172,0.584,0.768,0.588,0.508,0.516
285,2,0.404,1.0,0.364,0.564,0.536,0.268,0.276,0.496
286,,0.384,0.98,0.344,0.544,0.516,0.248,0.256,0.476
287,,0.364,0.96,0.324,0.524,0.496,0.228,0.236,0.456
288,,0.344,0.94,0.304,0.504,0.476,0.208,0.216,0.436
289,,0.324,0.92,0.284,0.484,0.456,0.188,0.196,0.416
290,,0.304,0.9,0.264,0.464,0.436,0.168,0.176,0.396
291,,0.284,0.88,0.244,0.444,0.416,0.148,0.156,0.376
292,,0.264,0.86,0.224,0.424,0.396,0.128,0.136,0.356
293,,0.244,0.84,0.204,0.404,0.376,0.108,0.116,0.336
294,,0.224,0.82,0.184,0.384,0.356,0.088,0.096,0.316
295,,0.204,0.8,0.164,0.364,0.336,0.068,0.076,0.296
296,,0.184,0.78,0.144,0.344,0.316,0.048,0.056,0.276
297,,0.164,0.76,0.124,0.324,0.296,0.028,0.036,0.256
298,,0.144,0.74,0.104,0.304,0.276,0.008,0.016,0.236
299,,0.124,0.72,0.084,0.284,0.256,-0.012,-0.004,0.216
300,6,-0.108,0.4,-0.148,0.264,0.448,0.988,0.188,0.196
301,6,-0.34,0.08,-0.38,0.244,0.64,1.0,0.38,0.176
302,3,-0.36,0.272,0.62,0.436,0.62,0.768,0.06,-0.056
303,3,-0.38,0.464,1.0,0.628,0.6,0.536,-0.26,-0.288
304,1,0.62,0.656,0.98,0.396,0.28,0.304,-0.28,-0.096
305,1,1.0,0.848,0.96,0.164,-0.04,0.072,-0.3,0.096
306,7,0.98,0.616,0.64,-0.068,-0.06,0.264,0.7,0.288
307,7,0.96,0.384,0.32,-0.3,-0.08,0.456,1.0,0.48
308,4,0.728,0.364,0.512,0.7,0.112,0.436,0.768,0.16
309,4,0.496,0.344,0.704,1.0,0.304,0.416,0.536,-0.16
310,8,0.688,0.324,0.472,0.68,0.072,0.396,0.728,0.84
311,8,0.88,0.304,0.24,0.36,-0.16,0.376,0.92,1.0
312,5,0.56,0.072,0.22,0.552,0.84,0.568,0.9,0.768
313,5,0.24,-0.16,0.2,0.744,1.0,0.76,0.88,0.536
314,2,0.432,0.84,0.392,0.724,0.768,0.44,0.648,0.516
315,2,0.624,1.0,0.584,0.704,0.536,0.12,0.416,0.496
316,,0.604,0.98,0.564,0.684,0.516,0.1,0.396,0.476
317,,0.584,0.96,0.544,0.664,0.496,0.08,0.376,0.456
318,,0.564,0.94,0.524,0.644,0.476,0.06,0.356,0.436
319,,0.544,0.92,0.504,0.624,0.456,0.04,0.336,0.416
320,,0.524,0.9,0.484,0.604,0.436,0.02,0.316,0.396
321,,0.504,0.88,0.464,0.584,0.416,0.0,0.296,0.376
322,,0.484,0.86,0.444,0.564,0.396,-0.02,0.276,0.356
323,6,0.252,0.54,0.212,0.544,0.588,0.98,0.468,0.336
324,6,0.02,0.22,-0.02,0.524,0.78,1.0,0.66,0.316
325,3,0.0,0.412,0.98,0.716,0.76,0.768,0.34,0.084
326,3,-0.02,0.604,1.0,0.908,0.74,0.536,0.02,-0.148
327,8,0.172,0.584,0.768,0.588,0.508,0.516,0.212,0.852
328,8,0.364,0.564,0.536,0.268,0.276,0.496,0.404,1.0
329,,0.344,0.544,0.516,0.248,0.256,0.476,0.384,0.98
330,,0.324,0.524,0.496,0.228,0.236,0.456,0.364,0.96
331,,0.304,0.504,0.476,0.208,0.216,0.436,0.344,0.94
332,,0.284,0.484,0.456,0.188,0.196,0.416,0.324,0.92
333,,0.264,0.464,0.436,0.168,0.176,0.396,0.304,0.9
334,,0.244,0.444,0.416,0.148,0.156,0.376,0.284,0.88
335,,0.224,0.424,0.396,0.128,0.136,0.356,0.264,0.86
336,,0.204,0.404,0.376,0.108,0.116,0.336,0.244,0.84
337,,0.184,0.384,0.356,0.088,0.096,0.316,0.224,0.82
338,,0.164,0.364,0.336,0.068,0.076,0.296,0.204,0.8
339,,0.144,0.344,0.316,0.048,0.056,0.276,0.184,0.78
340,,0.124,0.324,0.296,0.028,0.036,0.256,0.164,0.76
341,,0.104,0.304,0.276,0.008,0.016,0.236,0.144,0.74
342,,0.084,0.284,0.256,-0.012,-0.004,0.216,0.124,0.72
343,4,-0.148,0.264,0.448,0.988,0.188,0.196,-0.108,0.4
344,4,-0.38,0.244,0.64,1.0,0.38,0.176,-0.34,0.08
345,1,0.62,0.436,0.62,0.768,0.06,-0.056,-0.36,0.272
346,1,1.0,0.628,0.6,0.536,-0.26,-0.288,-0.38,0.464
347,7,0.98,0.396,0.28,0.304,-0.28,-0.096,0.62,0.656
348,7,0.96,0.164,-0.04,0.072,-0.3,0.096,1.0,0.848
349,5,0.64,-0.068,-0.06,0.264,0.7,0.288,0.98,0.616
350,5,0.32,-0.3,-0.08,0.456,1.0,0.48,0.96,0.384
351,2,0.512,0.7,0.112,0.436,0.768,0.16,0.728,0.364
352,2,0.704,1.0,0.304,0.416,0.536,-0.16,0.496,0.344
353,6,0.472,0.68,0.072,0.396,0.728,0.84,0.688,0.324
354,6,0.24,0.36,-0.16,0.376,0.92,1.0,0.88,0.304
355,3,0.22,0.552,0.84,0.568,0.9,0.768,0.56,0.072
356,3,0.2,0.744,1.0,0.76,0.88,0.536,0.24,-0.16
357,8,0.392,0.724,0.768,0.44,0.648,0.516,0.432,0.84
358,8,0.584,0.704,0.536,0.12,0.416,0.496,0.624,1.0
359,,0.564,0.684,0.516,0.1,0.396,0.476,0.604,0.98
360,,0.544,0.664,0.496,0.08,0.376,0.456,0.584,0.96
361,,0.524,0.644,0.476,0.06,0.356,0.436,0.564,0.94
362,,0.504,0.624,0.456,0.04,0.336,0.416,0.544,0.92
363,,0.484,0.604,0.436,0.02,0.316,0.396,0.524,0.9
364,,0.464,0.584,0.416,0.0,0.296,0.376,0.504,0.88
365,,0.444,0.564,0.396,-0.02,0.276,0.356,0.484,0.86
366,4,0.212,0.544,0.588,0.98,0.468,0.336,0.252,0.54
367,4,-0.02,0.524,0.78,1.0,0.66,0.316,0.02,0.22
368,1,0.98,0.716,0.76,0.768,0.34,0.084,0.0,0.412
369,1,1.0,0.908,0.74,0.536,0.02,-0.148,-0.02,0.604
370,6,0.768,0.588,0.508,0.516,0.212,0.852,0.172,0.584
371,6,0.536,0.268,0.276,0.496,0.404,1.0,0.364,0.564
372,,0.516,0.248,0.256,0.476,0.384,0.98,0.344,0.544
373,,0.496,0.228,0.236,0.456,0.364,0.96,0.324,0.524
374,,0.476,0.208,0.216,0.436,0.344,0.94,0.304,0.504
375,,0.456,0.188,0.196,0.416,0.324,0.92,0.284,0.484
376,,0.436,0.168,0.176,0.396,0.304,0.9,0.264,0.464
377,,0.416,0.148,0.156,0.376,0.284,0.88,0.244,0.444
378,,0.396,0.128,0.136,0.356,0.264,0.86,0.224,0.424
379,,0.376,0.108,0.116,0.336,0.244,0.84,0.204,0.404
380,,0.356,0.088,0.096,0.316,0.224,0.82,0.184,0.384
381,,0.336,0.068,0.076,0.296,0.204,0.8,0.164,0.364
382,,0.316,0.048,0.056,0.276,0.184,0.78,0.144,0.344
383,,0.296,0.028,0.036,0.256,0.164,0.76,0.124,0.324
384,,0.276,0.008,0.016,0.236,0.144,0.74,0.104,0.304
385,,0.256,-0.012,-0.004,0.216,0.124,0.72,0.084,0.284
386,2,0.448,0.988,0.188,0.196,-0.108,0.4,-0.148,0.264
387,2,0.64,1.0,0.38,0.176,-0.34,0.08,-0.38,0.244
388,7,0.62,0.768,0.06,-0.056,-0.36,0.272,0.62,0.436
389,7,0.6,0.536,-0.26,-0.288,-0.38,0.464,1.0,0.628
390,5,0.28,0.304,-0.28,-0.096,0.62,0.656,0.98,0.396
391,5,-0.04,0.072,-0.3,0.096,1.0,0.848,0.96,0.164
392,3,-0.06,0.264,0.7,0.288,0.98,0.616,0.64,-0.068
393,3,-0.08,0.456,1.0,0.48,0.96,0.384,0.32,-0.3
394,8,0.112,0.436,0.768,0.16,0.728,0.364,0.512,0.7
395,8,0.304,0.416,0.536,-0.16,0.496,0.344,0.704,1.0
396,4,0.072,0.396,0.728,0.84,0.688,0.324,0.472,0.68
397,4,-0.16,0.376,0.92,1.0,0.88,0.304,0.24,0.36
398,1,0.84,0.568,0.9,0.768,0.56,0.072,0.22,0.552
399,1,1.0,0.76,0.88,0.536,0.24,-0.16,0.2,0.744
400,6,0.768,0.44,0.648,0.516,0.432,0.84,0.392,0.724
401,6,0.536,0.12,0.416,0.496,0.624,1.0,0.584,0.704
402,,0.516,0.1,0.396,0.476,0.604,0.98,0.564,0.684
403,,0.496,0.08,0.376,0.456,0.584,0.96,0.544,0.664
404,,0.476,0.06,0.356,0.436,0.564,0.94,0.524,0.644
405,,0.456,0.04,0.336,0.416,0.544,0.92,0.504,0.624
406,,0.436,0.02,0.316,0.396,0.524,0.9,0.484,0.604
407,,0.416,0.0,0.296,0.376,0.504,0.88,0.464,0.584
408,,0.396,-0.02,0.276,0.356,0.484,0.86,0.444,0.564
409,2,0.588,0.98,0.468,0.336,0.252,0.54,0.212,0.544
410,2,0.78,1.0,0.66,0.316,0.02,0.22,-0.02,0.524
411,7,0.76,0.768,0.34,0.084,0.0,0.412,0.98,0.716
412,7,0.74,0.536,0.02,-0.148,-0.02,0.604,1.0,0.908
413,4,0.508,0.516,0.212,0.852,0.172,0.584,0.768,0.588
414,4,0.276,0.496,0.404,1.0,0.364,0.564,0.536,0.268
415,,0.256,0.476,0.384,0.98,0.344,0.544,0.516,0.248
416,,0.236,0.456,0.364,0.96,0.324,0.524,0.496,0.228
417,,0.216,0.436,0.344,0.94,0.304,0.504,0.476,0.208
418,,0.196,0.416,0.324,0.92,0.284,0.484,0.456,0.188
419,,0.176,0.396,0.304,0.9,0.264,0.464,0.436,0.168
420,,0.156,0.376,0.284,0.88,0.244,0.444,0.416,0.148
421,,0.136,0.356,0.264,0.86,0.224,0.424,0.396,0.128
422,,0.116,0.336,0.244,0.84,0.204,0.404,0.376,0.108
423,,0.096,0.316,0.224,0.82,0.184,0.384,0.356,0.088
424,,0.076,0.296,0.204,0.8,0.164,0.364,0.336,0.068
425,,0.056,0.276,0.184,0.78,0.144,0.344,0.316,0.048
426,,0.036,0.256,0.164,0.76,0.124,0.324,0.296,0.028
427,,0.016,0.236,0.144,0.74,0.104,0.304,0.276,0.008
428,,-0.004,0.216,0.124,0.72,0.084,0.284,0.256,-0.012
429,8,0.188,0.196,-0.108,0.4,-0.148,0.264,0.448,0.988
430,8,0.38,0.176,-0.34,0.08,-0.38,0.244,0.64,1.0
431,5,0.06,-0.056,-0.36,0.272,0.62,0.436,0.62,0.768
432,5,-0.26,-0.288,-0.38,0.464,1.0,0.628,0.6,0.536
433,3,-0.28,-0.096,0.62,0.656,0.98,0.396,0.28,0.304
434,3,-0.3,0.096,1.0,0.848,0.96,0.164,-0.04,0.072
435,1,0.7,0.288,0.98,0.616,0.64,-0.068,-0.06,0.264
436,1,1.0,0.48,0.96,0.384,0.32,-0.3,-0.08,0.456
437,6,0.768,0.16,0.728,0.364,0.512,0.7,0.112,0.436
438,6,0.536,-0.16,0.496,0.344,0.704,1.0,0.304,0.416
439,2,0.728,0.84,0.688,0.324,0.472,0.68,0.072,0.396
440,2,0.92,1.0,0.88,0.304,0.24,0.36,-0.16,0.376
441,7,0.9,0.768,0.56,0.072,0.22,0.552,0.84,0.568
442,7,0.88,0.536,0.24,-0.16,0.2,0.744,1.0,0.76
443,4,0.648,0.516,0.432,0.84,0.392,0.724,0.768,0.44
444,4,0.416,0.496,0.624,1.0,0.584,0.704,0.536,0.12
445,,0.396,0.476,0.604,0.98,0.564,0.684,0.516,0.1
446,,0.376,0.456,0.584,0.96,0.544,0.664,0.496,0.08
447,,0.356,0.436,0.564,0.94,0.524,0.644,0.476,0.06
448,,0.336,0.416,0.544,0.92,0.504,0.624,0.456,0.04
449,,0.316,0.396,0.524,0.9,0.484,0.604,0.436,0.02
450,,0.296,0.376,0.504,0.88,0.464,0.584,0.416,0.0
451,,0.276,0.356,0.484,0.86,0.444,0.564,0.396,-0.02
452,8,0.468,0.336,0.252,0.54,0.212,0.544,0.588,0.98
453,8,0.66,0.316,0.02,0.22,-0.02,0.524,0.78,1.0
454,5,0.34,0.084,0.0,0.412,0.98,0.716,0.76,0.768
455,5,0.02,-0.148,-0.02,0.604,1.0,0.908,0.74,0.536
456,2,0.212,0.852,0.172,0.584,0.768,0.588,0.508,0.516
457,2,0.404,1.0,0.364,0.564,0.536,0.268,0.276,0.496
458,,0.384,0.98,0.344,0.544,0.516,0.248,0.256,0.476
459,,0.364,0.96,0.324,0.524,0.496,0.228,0.236,0.456
460,,0.344,0.94,0.304,0.504,0.476,0.208,0.216,0.436
461,,0.324,0.92,0.284,0.484,0.456,0.188,0.196,0.416
462,,0.304,0.9,0.264,0.464,0.436,0.168,0.176,0.396
463,,0.284,0.88,0.244,0.444,0.416,0.148,0.156,0.376
464,,0.264,0.86,0.224,0.424,0.396,0.128,0.136,0.356
465,,0.244,0.84,0.204,0.404,0.376,0.108,0.116,0.336
466,,0.224,0.82,0.184,0.384,0.356,0.088,0.096,0.316
467,,0.204,0.8,0.164,0.364,0.336,0.068,0.076,0.296
468,,0.184,0.78,0.144,0.344,0.316,0.048,0.056,0.276
469,,0.164,0.76,0.124,0.324,0.296,0.028,0.036,0.256
470,,0.144,0.74,0.104,0.304,0.276,0.008,0.016,0.236
471,,0.124,0.72,0.084,0.284,0.256,-0.012,-0.004,0.216
472,6,-0.108,0.4,-0.148,0.264,0.448,0.988,0.188,0.196
473,6,-0.34,0.08,-0.38,0.244,0.64,1.0,0.38,0.176
474,3,-0.36,0.272,0.62,0.436,0.62,0.768,0.06,-0.056
475,3,-0.38,0.464,1.0,0.628,0.6,0.536,-0.26,-0.288
476,1,0.62,0.656,0.98,0.396,0.28,0.304,-0.28,-0.096
477,1,1.0,0.848,0.96,0.164,-0.04,0.072,-0.3,0.096
478,7,0.98,0.616,0.64,-0.068,-0.06,0.264,0.7,0.288
479,7,0.96,0.384,0.32,-0.3,-0.08,0.456,1.0,0.48
480,4,0.728,0.364,0.512,0.7,0.112,0.436,0.768,0.16
481,4,0.496,0.344,0.704,1.0,0.304,0.416,0.536,-0.16
482,8,0.688,0.324,0.472,0.68,0.072,0.396,0.728,0.84
483,8,0.88,0.304,0.24,0.36,-0.16,0.376,0.92,1.0
484,5,0.56,0.072,0.22,0.552,0.84,0.568,0.9,0.768
485,5,0.24,-0.16,0.2,0.744,1.0,0.76,0.88,0.536
486,2,0.432,0.84,0.392,0.724,0.768,0.44,0.648,0.516
487,2,0.624,1.0,0.584,0.704,0.536,0.12,0.416,0.496
488,,0.604,0.98,0.564,0.684,0.516,0.1,0.396,0.476
489,,0.584,0.96,0.544,0.664,0.496,0.08,0.376,0.456
490,,0.564,0.94,0.524,0.644,0.476,0.06,0.356,0.436
491,,0.544,0.92,0.504,0.624,0.456,0.04,0.336,0.416
492,,0.524,0.9,0.484,0.604,0.436,0.02,0.316,0.396
493,,0.504,0.88,0.464,0.584,0.416,0.0,0.296,0.376
494,,0.484,0.86,0.444,0.564,0.396,-0.02,0.276,0.356
495,6,0.252,0.54,0.212,0.544,0.588,0.98,0.468,0.336
496,6,0.02,0.22,-0.02,0.524,0.78,1.0,0.66,0.316
497,3,0.0,0.412,0.98,0.716,0.76,0.768,0.34,0.084
498,3,-0.02,0.604,1.0,0.908,0.74,0.536,0.02,-0.148
499,8,0.172,0.584,0.768,0.588,0.508,0.516,0.212,0.852
