step,active_motive,motive_1,motive_2,motive_3,motive_4,motive_5,motive_6,motive_7,motive_8
0,,0.4703,0.98342,0.39882,0.81643,0.79835,0.15072,0.5082,0.69581
1,,0.4503,0.96342,0.37882,0.79643,0.77835,0.13072,0.4882,0.67581
2,,0.4303,0.94342,0.35882,0.77643,0.75835,0.11072,0.4682,0.65581
3,,0.4103,0.92342,0.33882,0.75643,0.73835,0.09072,0.4482,0.63581
4,,0.3903,0.90342,0.31882,0.73643,0.71835,0.07072,0.4282,0.61581
5,,0.3703,0.88342,0.29882,0.71643,0.69835,0.05072,0.4082,0.59581
6,,0.3503,0.86342,0.27882,0.69643,0.67835,0.03072,0.3882,0.57581
7,,0.3303,0.84342,0.25882,0.67643,0.65835,0.01072,0.3682,0.55581
8,,0.3103,0.82342,0.23882,0.65643,0.63835,-0.00928,0.3482,0.53581
9,6,0.0783,0.50342,0.00682,0.63643,0.83035,0.99072,0.5402,0.51581
10,6,-0.1537,0.18342,-0.22518,0.61643,1.0,1.0,0.7322,0.49581
11,3,-0.1737,0.37542,0.77482,0.80843,0.98,0.768,0.4122,0.26381
12,3,-0.1937,0.56742,1.0,1.0,0.96,0.536,0.0922,0.03181
13,1,0.8063,0.75942,0.98,0.768,0.64,0.304,0.0722,0.22381
14,1,1.0,0.95142,0.96,0.536,0.32,0.072,0.0522,0.41581
15,,0.98,0.93142,0.94,0.516,0.3,0.052,0.0322,0.39581
16,,0.96,0.91142,0.92,0.496,0.28,0.032,0.0122,0.37581
17,,0.94,0.89142,0.9,0.476,0.26,0.012,-0.0078,0.35581
18,7,0.92,0.65942,0.58,0.244,0.24,0.204,0.9922,0.54781
19,7,0.9,0.42742,0.26,0.012,0.22,0.396,1.0,0.73981
20,,0.88,0.40742,0.24,-0.008,0.2,0.376,0.98,0.71981
21,4,0.648,0.38742,0.432,0.992,0.392,0.356,0.748,0.39981
22,4,0.416,0.36742,0.624,1.0,0.584,0.336,0.516,0.07981
23,,0.396,0.34742,0.604,0.98,0.564,0.316,0.496,0.05981
24,,0.376,0.32742,0.584,0.96,0.544,0.296,0.476,0.03981
25,,0.356,0.30742,0.564,0.94,0.524,0.276,0.456,0.01981
26,,0.336,0.28742,0.544,0.92,0.504,0.256,0.436,-0.00019
27,8,0.528,0.26742,0.312,0.6,0.272,0.236,0.628,0.99981
28,8,0.72,0.24742,0.08,0.28,0.04,0.216,0.82,1.0
29,,0.7,0.22742,0.06,0.26,0.02,0.196,0.8,0.98
30,,0.68,0.20742,0.04,0.24,0.0,0.176,0.78,0.96
31,,0.66,0.18742,0.02,0.22,-0.02,0.156,0.76,0.94
32,5,0.34,-0.04458,0.0,0.412,0.98,0.348,0.74,0.708
33,5,0.02,-0.27658,-0.02,0.604,1.0,0.54,0.72,0.476
34,2,0.212,0.72342,0.172,0.584,0.768,0.22,0.488,0.456
35,2,0.404,1.0,0.364,0.564,0.536,-0.1,0.256,0.436
36,6,0.172,0.68,0.132,0.544,0.728,0.9,0.448,0.416
37,6,-0.06,0.36,-0.1,0.524,0.92,1.0,0.64,0.396
38,3,-0.08,0.552,0.9,0.716,0.9,0.768,0.32,0.164
39,3,-0.1,0.744,1.0,0.908,0.88,0.536,0.0,-0.068
40,1,0.9,0.936,0.98,0.676,0.56,0.304,-0.02,0.124
41,1,1.0,1.0,0.96,0.444,0.24,0.072,-0.04,0.316
42,7,0.98,0.768,0.64,0.212,0.22,0.264,0.96,0.508
43,7,0.96,0.536,0.32,-0.02,0.2,0.456,1.0,0.7
44,4,0.728,0.516,0.512,0.98,0.392,0.436,0.768,0.38
45,4,0.496,0.496,0.704,1.0,0.584,0.416,0.536,0.06
46,,0.476,0.476,0.684,0.98,0.564,0.396,0.516,0.04
47,,0.456,0.456,0.664,0.96,0.544,0.376,0.496,0.02
48,,0.436,0.436,0.644,0.94,0.524,0.356,0.476,0.0
49,,0.416,0.416,0.624,0.92,0.504,0.336,0.456,-0.02
50,8,0.608,0.396,0.392,0.6,0.272,0.316,0.648,0.98
51,8,0.8,0.376,0.16,0.28,0.04,0.296,0.84,1.0
52,,0.78,0.356,0.14,0.26,0.02,0.276,0.82,0.98
53,,0.76,0.336,0.12,0.24,0.0,0.256,0.8,0.96
54,,0.74,0.316,0.1,0.22,-0.02,0.236,0.78,0.94
55,5,0.42,0.084,0.08,0.412,0.98,0.428,0.76,0.708
56,5,0.1,-0.148,0.06,0.604,1.0,0.62,0.74,0.476
57,2,0.292,0.852,0.252,0.584,0.768,0.3,0.508,0.456
58,2,0.484,1.0,0.444,0.564,0.536,-0.02,0.276,0.436
59,6,0.252,0.68,0.212,0.544,0.728,0.98,0.468,0.416
60,6,0.02,0.36,-0.02,0.524,0.92,1.0,0.66,0.396
61,3,0.0,0.552,0.98,0.716,0.9,0.768,0.34,0.164
62,3,-0.02,0.744,1.0,0.908,0.88,0.536,0.02,-0.068
63,8,0.172,0.724,0.768,0.588,0.648,0.516,0.212,0.932
64,8,0.364,0.704,0.536,0.268,0.416,0.496,0.404,1.0
65,,0.344,0.684,0.516,0.248,0.396,0.476,0.384,0.98
66,,0.324,0.664,0.496,0.228,0.376,0.456,0.364,0.96
67,,0.304,0.644,0.476,0.208,0.356,0.436,0.344,0.94
68,,0.284,0.624,0.456,0.188,0.336,0.416,0.324,0.92
69,,0.264,0.604,0.436,0.168,0.316,0.396,0.304,0.9
70,,0.244,0.584,0.416,0.148,0.296,0.376,0.284,0.88
71,,0.224,0.564,0.396,0.128,0.276,0.356,0.264,0.86
72,,0.204,0.544,0.376,0.108,0.256,0.336,0.244,0.84
73,,0.184,0.524,0.356,0.088,0.236,0.316,0.224,0.82
74,,0.164,0.504,0.336,0.068,0.216,0.296,0.204,0.8
75,,0.144,0.484,0.316,0.048,0.196,0.276,0.184,0.78
76,,0.124,0.464,0.296,0.028,0.176,0.256,0.164,0.76
77,,0.104,0.444,0.276,0.008,0.156,0.236,0.144,0.74
78,,0.084,0.424,0.256,-0.012,0.136,0.216,0.124,0.72
79,4,-0.148,0.404,0.448,0.988,0.328,0.196,-0.108,0.4
80,4,-0.38,0.384,0.64,1.0,0.52,0.176,-0.34,0.08
81,1,0.62,0.576,0.62,0.768,0.2,-0.056,-0.36,0.272
82,1,1.0,0.768,0.6,0.536,-0.12,-0.288,-0.38,0.464
83,7,0.98,0.536,0.28,0.304,-0.14,-0.096,0.62,0.656
84,7,0.96,0.304,-0.04,0.072,-0.16,0.096,1.0,0.848
85,5,0.64,0.072,-0.06,0.264,0.84,0.288,0.98,0.616
86,5,0.32,-0.16,-0.08,0.456,1.0,0.48,0.96,0.384
87,2,0.512,0.84,0.112,0.436,0.768,0.16,0.728,0.364
88,2,0.704,1.0,0.304,0.416,0.536,-0.16,0.496,0.344
89,6,0.472,0.68,0.072,0.396,0.728,0.84,0.688,0.324
90,6,0.24,0.36,-0.16,0.376,0.92,1.0,0.88,0.304
91,3,0.22,0.552,0.84,0.568,0.9,0.768,0.56,0.072
92,3,0.2,0.744,1.0,0.76,0.88,0.536,0.24,-0.16
93,8,0.392,0.724,0.768,0.44,0.648,0.516,0.432,0.84
94,8,0.584,0.704,0.536,0.12,0.416,0.496,0.624,1.0
95,,0.564,0.684,0.516,0.1,0.396,0.476,0.604,0.98
96,,0.544,0.664,0.496,0.08,0.376,0.456,0.584,0.96
97,,0.524,0.644,0.476,0.06,0.356,0.436,0.564,0.94
98,,0.504,0.624,0.456,0.04,0.336,0.416,0.544,0.92
99,,0.484,0.604,0.436,0.02,0.316,0.396,0.524,0.9
100,,0.464,0.584,0.416,0.0,0.296,0.376,0.504,0.88
101,,0.444,0.564,0.396,-0.02,0.276,0.356,0.484,0.86
102,4,0.212,0.544,0.588,0.98,0.468,0.336,0.252,0.54
103,4,-0.02,0.524,0.78,1.0,0.66,0.316,0.02,0.22
104,1,0.98,0.716,0.76,0.768,0.34,0.084,0.0,0.412
105,1,1.0,0.908,0.74,0.536,0.02,-0.148,-0.02,0.604
106,6,0.768,0.588,0.508,0.516,0.212,0.852,0.172,0.584
107,6,0.536,0.268,0.276,0.496,0.404,1.0,0.364,0.564
108,,0.516,0.248,0.256,0.476,0.384,0.98,0.344,0.544
109,,0.496,0.228,0.236,0.456,0.364,0.96,0.324,0.524
110,,0.476,0.208,0.216,0.436,0.344,0.94,0.304,0.504
111,,0.456,0.188,0.196,0.416,0.324,0.92,0.284,0.484
112,,0.436,0.168,0.176,0.396,0.304,0.9,0.264,0.464
113,,0.416,0.148,0.156,0.376,0.284,0.88,0.244,0.444
114,,0.396,0.128,0.136,0.356,0.264,0.86,0.224,0.424
115,,0.376,0.108,0.116,0.336,0.244,0.84,0.204,0.404
116,,0.356,0.088,0.096,0.316,0.224,0.82,0.184,0.384
117,,0.336,0.068,0.076,0.296,0.204,0.8,0.164,0.364
118,,0.316,0.048,0.056,0.276,0.184,0.78,0.144,0.344
119,,0.296,0.028,0.036,0.256,0.164,0.76,0.124,0.324
120,,0.276,0.008,0.016,0.236,0.144,0.74,0.104,0.304
121,,0.256,-0.012,-0.004,0.216,0.124,0.72,0.084,0.284
122,2,0.448,0.988,0.188,0.196,-0.108,0.4,-0.148,0.264
123,2,0.64,1.0,0.38,0.176,-0.34,0.08,-0.38,0.244
124,7,0.62,0.768,0.06,-0.056,-0.36,0.272,0.62,0.436
125,7,0.6,0.536,-0.26,-0.288,-0.38,0.464,1.0,0.628
126,5,0.28,0.304,-0.28,-0.096,0.62,0.656,0.98,0.396
127,5,-0.04,0.072,-0.3,0.096,1.0,0.848,0.96,0.164
128,3,-0.06,0.264,0.7,0.288,0.98,0.616,0.64,-0.068
129,3,-0.08,0.456,1.0,0.48,0.96,0.384,0.32,-0.3
130,8,0.112,0.436,0.768,0.16,0.728,0.364,0.512,0.7
131,8,0.304,0.416,0.536,-0.16,0.496,0.344,0.704,1.0
132,4,0.072,0.396,0.728,0.84,0.688,0.324,0.472,0.68
133,4,-0.16,0.376,0.92,1.0,0.88,0.304,0.24,0.36
134,1,0.84,0.568,0.9,0.768,0.56,0.072,0.22,0.552
135,1,1.0,0.76,0.88,0.536,0.24,-0.16,0.2,0.744
136,6,0.768,0.44,0.648,0.516,0.432,0.84,0.392,0.724
137,6,0.536,0.12,0.416,0.496,0.624,1.0,0.584,0.704
138,,0.516,0.1,0.396,0.476,0.604,0.98,0.564,0.684
139,,0.496,0.08,0.376,0.456,0.584,0.96,0.544,0.664
140,,0.476,0.06,0.356,0.436,0.564,0.94,0.524,0.644
141,,0.456,0.04,0.336,0.416,0.544,0.92,0.504,0.624
142,,0.436,0.02,0.316,0.396,0.524,0.9,0.484,0.604
143,,0.416,0.0,0.296,0.376,0.504,0.88,0.464,0.584
144,,0.396,-0.02,0.276,0.356,0.484,0.86,0.444,0.564
145,2,0.588,0.98,0.468,0.336,0.252,0.54,0.212,0.544
146,2,0.78,1.0,0.66,0.316,0.02,0.22,-0.02,0.524
147,7,0.76,0.768,0.34,0.084,0.0,0.412,0.98,0.716
148,7,0.74,0.536,0.02,-0.148,-0.02,0.604,1.0,0.908
149,4,0.508,0.516,0.212,0.852,0.172,0.584,0.768,0.588
150,4,0.276,0.496,0.404,1.0,0.364,0.564,0.536,0.268
151,,0.256,0.476,0.384,0.98,0.344,0.544,0.516,0.248
152,,0.236,0.456,0.364,0.96,0.324,0.524,0.496,0.228
153,,0.216,0.436,0.344,0.94,0.304,0.504,0.476,0.208
154,,0.196,0.416,0.324,0.92,0.284,0.484,0.456,0.188
155,,0.176,0.396,0.304,0.9,0.264,0.464,0.436,0.168
156,,0.156,0.376,0.284,0.88,0.244,0.444,0.416,0.148
157,,0.136,0.356,0.264,0.86,0.224,0.424,0.396,0.128
158,,0.116,0.336,0.244,0.84,0.204,0.404,0.376,0.108
159,,0.096,0.316,0.224,0.82,0.184,0.384,0.356,0.088
160,,0.076,0.296,0.204,0.8,0.164,0.364,0.336,0.068
161,,0.056,0.276,0.184,0.78,0.144,0.344,0.316,0.048
162,,0.036,0.256,0.164,0.76,0.124,0.324,0.296,0.028
163,,0.016,0.236,0.144,0.74,0.104,0.304,0.276,0.008
164,,-0.004,0.216,0.124,0.72,0.084,0.284,0.256,-0.012
165,8,0.188,0.196,-0.108,0.4,-0.148,0.264,0.448,0.988
166,8,0.38,0.176,-0.34,0.08,-0.38,0.244,0.64,1.0
167,5,0.06,-0.056,-0.36,0.272,0.62,0.436,0.62,0.768
168,5,-0.26,-0.288,-0.38,0.464,1.0,0.628,0.6,0.536
169,3,-0.28,-0.096,0.62,0.656,0.98,0.396,0.28,0.304
170,3,-0.3,0.096,1.0,0.848,0.96,0.164,-0.04,0.072
171,1,0.7,0.288,0.98,0.616,0.64,-0.068,-0.06,0.264
172,1,1.0,0.48,0.96,0.384,0.32,-0.3,-0.08,0.456
173,6,0.768,0.16,0.728,0.364,0.512,0.7,0.112,0.436
174,6,0.536,-0.16,0.496,0.344,0.704,1.0,0.304,0.416
175,2,0.728,0.84,0.688,0.324,0.472,0.68,0.072,0.396
176,2,0.92,1.0,0.88,0.304,0.24,0.36,-0.16,0.376
177,7,0.9,0.768,0.56,0.072,0.22,0.552,0.84,0.568
178,7,0.88,0.536,0.24,-0.16,0.2,0.744,1.0,0.76
179,4,0.648,0.516,0.432,0.84,0.392,0.724,0.768,0.44
180,4,0.416,0.496,0.624,1.0,0.584,0.704,0.536,0.12
181,,0.396,0.476,0.604,0.98,0.564,0.684,0.516,0.1
182,,0.376,0.456,0.584,0.96,0.544,0.664,0.496,0.08
183,,0.356,0.436,0.564,0.94,0.524,0.644,0.476,0.06
184,,0.336,0.416,0.544,0.92,0.504,0.624,0.456,0.04
185,,0.316,0.396,0.524,0.9,0.484,0.604,0.436,0.02
186,,0.296,0.376,0.504,0.88,0.464,0.584,0.416,0.0
187,,0.276,0.356,0.484,0.86,0.444,0.564,0.396,-0.02
188,8,0.468,0.336,0.252,0.54,0.212,0.544,0.588,0.98
189,8,0.66,0.316,0.02,0.22,-0.02,0.524,0.78,1.0
190,5,0.34,0.084,0.0,0.412,0.98,0.716,0.76,0.768
191,5,0.02,-0.148,-0.02,0.604,1.0,0.908,0.74,0.536
192,2,0.212,0.852,0.172,0.584,0.768,0.588,0.508,0.516
193,2,0.404,1.0,0.364,0.564,0.536,0.268,0.276,0.496
194,,0.384,0.98,0.344,0.544,0.516,0.248,0.256,0.476
195,,0.364,0.96,0.324,0.524,0.496,0.228,0.236,0.456
196,,0.344,0.94,0.304,0.504,0.476,0.208,0.216,0.436
197,,0.324,0.92,0.284,0.484,0.456,0.188,0.196,0.416
198,,0.304,0.9,0.264,0.464,0.436,0.168,0.176,0.396
199,,0.284,0.88,0.244,0.444,0.416,0.148,0.156,0.376
200,,0.264,0.86,0.224,0.424,0.396,0.128,0.136,0.356
201,,0.244,0.84,0.204,0.404,0.376,0.108,0.116,0.336
202,,0.224,0.82,0.184,0.384,0.356,0.088,0.096,0.316
203,,0.204,0.8,0.164,0.364,0.336,0.068,0.076,0.296
204,,0.184,0.78,0.144,0.344,0.316,0.048,0.056,0.276
205,,0.164,0.76,0.124,0.324,0.296,0.028,0.036,0.256
206,,0.144,0.74,0.104,0.304,0.276,0.008,0.016,0.236
207,,0.124,0.72,0.084,0.284,0.256,-0.012,-0.004,0.216
208,6,-0.108,0.4,-0.148,0.264,0.448,0.988,0.188,0.196
209,6,-0.34,0.08,-0.38,0.244,0.64,1.0,0.38,0.176
210,3,-0.36,0.272,0.62,0.436,0.62,0.768,0.06,-0.056
211,3,-0.38,0.464,1.0,0.628,0.6,0.536,-0.26,-0.288
212,1,0.62,0.656,0.98,0.396,0.28,0.304,-0.28,-0.096
213,1,1.0,0.848,0.96,0.164,-0.04,0.072,-0.3,0.096
214,7,0.98,0.616,0.64,-0.068,-0.06,0.264,0.7,0.288
215,7,0.96,0.384,0.32,-0.3,-0.08,0.456,1.0,0.48
216,4,0.728,0.364,0.512,0.7,0.112,0.436,0.768,0.16
217,4,0.496,0.344,0.704,1.0,0.304,0.416,0.536,-0.16
218,8,0.688,0.324,0.472,0.68,0.072,0.396,0.728,0.84
219,8,0.88,0.304,0.24,0.36,-0.16,0.376,0.92,1.0
220,5,0.56,0.072,0.22,0.552,0.84,0.568,0.9,0.768
221,5,0.24,-0.16,0.2,0.744,1.0,0.76,0.88,0.536
222,2,0.432,0.84,0.392,0.724,0.768,0.44,0.648,0.516
223,2,0.624,1.0,0.584,0.704,0.536,0.12,0.416,0.496
224,,0.604,0.98,0.564,0.684,0.516,0.1,0.396,0.476
225,,0.584,0.96,0.544,0.664,0.496,0.08,0.376,0.456
226,,0.564,0.94,0.524,0.644,0.476,0.06,0.356,0.436
227,,0.544,0.92,0.504,0.624,0.456,0.04,0.336,0.416
228,,0.524,0.9,0.484,0.604,0.436,0.02,0.316,0.396
229,,0.504,0.88,0.464,0.584,0.416,0.0,0.296,0.376
230,,0.484,0.86,0.444,0.564,0.396,-0.02,0.276,0.356
231,6,0.252,0.54,0.212,0.544,0.588,0.98,0.468,0.336
232,6,0.02,0.22,-0.02,0.524,0.78,1.0,0.66,0.316
233,3,0.0,0.412,0.98,0.716,0.76,0.768,0.34,0.084
234,3,-0.02,0.604,1.0,0.908,0.74,0.536,0.02,-0.148
235,8,0.172,0.584,0.768,0.588,0.508,0.516,0.212,0.852
236,8,0.364,0.564,0.536,0.268,0.276,0.496,0.404,1.0
237,,0.344,0.544,0.516,0.248,0.256,0.476,0.384,0.98
238,,0.324,0.524,0.496,0.228,0.236,0.456,0.364,0.96
239,,0.304,0.504,0.476,0.208,0.216,0.436,0.344,0.94
240,,0.284,0.484,0.456,0.188,0.196,0.416,0.324,0.92
241,,0.264,0.464,0.436,0.168,0.176,0.396,0.304,0.9
242,,0.244,0.444,0.416,0.148,0.156,0.376,0.284,0.88
243,,0.224,0.424,0.396,0.128,0.136,0.356,0.264,0.86
244,,0.204,0.404,0.376,0.108,0.116,0.336,0.244,0.84
245,,0.184,0.384,0.356,0.088,0.096,0.316,0.224,0.82
246,,0.164,0.364,0.336,0.068,0.076,0.296,0.204,0.8
247,,0.144,0.344,0.316,0.048,0.056,0.276,0.184,0.78
248,,0.124,0.324,0.296,0.028,0.036,0.256,0.164,0.76
249,,0.104,0.304,0.276,0.008,0.016,0.236,0.144,0.74
250,,0.084,0.284,0.256,-0.012,-0.004,0.216,0.124,0.72
251,4,-0.148,0.264,0.448,0.988,0.188,0.196,-0.108,0.4
252,4,-0.38,0.244,0.64,1.0,0.38,0.176,-0.34,0.08
253,1,0.62,0.436,0.62,0.768,0.06,-0.056,-0.36,0.272
254,1,1.0,0.628,0.6,0.536,-0.26,-0.288,-0.38,0.464
255,7,0.98,0.396,0.28,0.304,-0.28,-0.096,0.62,0.656
256,7,0.96,0.164,-0.04,0.072,-0.3,0.096,1.0,0.848
257,5,0.64,-0.068,-0.06,0.264,0.7,0.288,0.98,0.616
258,5,0.32,-0.3,-0.08,0.456,1.0,0.48,0.96,0.384
259,2,0.512,0.7,0.112,0.436,0.768,0.16,0.728,0.364
260,2,0.704,1.0,0.304,0.416,0.536,-0.16,0.496,0.344
261,6,0.472,0.68,0.072,0.396,0.728,0.84,0.688,0.324
262,6,0.24,0.36,-0.16,0.376,0.92,1.0,0.88,0.304
263,3,0.22,0.552,0.84,0.568,0.9,0.768,0.56,0.072
264,3,0.2,0.744,1.0,0.76,0.88,0.536,0.24,-0.16
265,8,0.392,0.724,0.768,0.44,0.648,0.516,0.432,0.84
266,8,0.584,0.704,0.536,0.12,0.416,0.496,0.624,1.0
267,,0.564,0.684,0.516,0.1,0.396,0.476,0.604,0.98
268,,0.544,0.664,0.496,0.08,0.376,0.456,0.584,0.96
269,,0.524,0.644,0.476,0.06,0.356,0.436,0.564,0.94
270,,0.504,0.624,0.456,0.04,0.336,0.416,0.544,0.92
271,,0.484,0.604,0.436,0.02,0.316,0.396,0.524,0.9
272,,0.464,0.584,0.416,0.0,0.296,0.376,0.504,0.88
273,,0.444,0.564,0.396,-0.02,0.276,0.356,0.484,0.86
274,4,0.212,0.544,0.588,0.98,0.468,0.336,0.252,0.54
275,4,-0.02,0.524,0.78,1.0,0.66,0.316,0.02,0.22
276,1,0.98,0.716,0.76,0.768,0.34,0.084,0.0,0.412
277,1,1.0,0.908,0.74,0.536,0.02,-0.148,-0.02,0.604
278,6,0.768,0.588,0.508,0.516,0.212,0.852,0.172,0.584
279,6,0.536,0.268,0.276,0.496,0.404,1.0,0.364,0.564
280,,0.516,0.248,0.256,0.476,0.384,0.98,0.344,0.544
281,,0.496,0.228,0.236,0.456,0.364,0.96,0.324,0.524
282,,0.476,0.208,0.216,0.436,0.344,0.94,0.304,0.504
283,,0.456,0.188,0.196,0.416,0.324,0.92,0.284,0.484
284,,0.436,0.168,0.176,0.396,0.304,0.9,0.264,0.464
285,,0.416,0.148,0.156,0.376,0.284,0.88,0.244,0.444
286,,0.396,0.128,0.136,0.356,0.264,0.86,0.224,0.424
287,,0.376,0.108,0.116,0.336,0.244,0.84,0.204,0.404
288,,0.356,0.088,0.096,0.316,0.224,0.82,0.184,0.384
289,,0.336,0.068,0.076,0.296,0.204,0.8,0.164,0.364
290,,0.316,0.048,0.056,0.276,0.184,0.78,0.144,0.344
291,,0.296,0.028,0.036,0.256,0.164,0.76,0.124,0.324
292,,0.276,0.008,0.016,0.236,0.144,0.74,0.104,0.304
293,,0.256,-0.012,-0.004,0.216,0.124,0.72,0.084,0.284
294,2,0.448,0.988,0.188,0.196,-0.108,0.4,-0.148,0.264
295,2,0.64,1.0,0.38,0.176,-0.34,0.08,-0.38,0.244
296,7,0.62,0.768,0.06,-0.056,-0.36,0.272,0.62,0.436
297,7,0.6,0.536,-0.26,-0.288,-0.38,0.464,1.0,0.628
298,5,0.28,0.304,-0.28,-0.096,0.62,0.656,0.98,0.396
299,5,-0.04,0.072,-0.3,0.096,1.0,0.848,0.96,0.164
300,3,-0.06,0.264,0.7,0.288,0.98,0.616,0.64,-0.068
301,3,-0.08,0.456,1.0,0.48,0.96,0.384,0.32,-0.3
302,8,0.112,0.436,0.768,0.16,0.728,0.364,0.512,0.7
303,8,0.304,0.416,0.536,-0.16,0.496,0.344,0.704,1.0
304,4,0.072,0.396,0.728,0.84,0.688,0.324,0.472,0.68
305,4,-0.16,0.376,0.92,1.0,0.88,0.304,0.24,0.36
306,1,0.84,0.568,0.9,0.768,0.56,0.072,0.22,0.552
307,1,1.0,0.76,0.88,0.536,0.24,-0.16,0.2,0.744
308,6,0.768,0.44,0.648,0.516,0.432,0.84,0.392,0.724
309,6,0.536,0.12,0.416,0.496,0.624,1.0,0.584,0.704
310,,0.516,0.1,0.396,0.476,0.604,0.98,0.564,0.684
311,,0.496,0.08,0.376,0.456,0.584,0.96,0.544,0.664
312,,0.476,0.06,0.356,0.436,0.564,0.94,0.524,0.644
313,,0.456,0.04,0.336,0.416,0.544,0.92,0.504,0.624
314,,0.436,0.02,0.316,0.396,0.524,0.9,0.484,0.604
315,,0.416,0.0,0.296,0.376,0.504,0.88,0.464,0.584
316,,0.396,-0.02,0.276,0.356,0.484,0.86,0.444,0.564
317,2,0.588,0.98,0.468,0.336,0.252,0.54,0.212,0.544
318,2,0.78,1.0,0.66,0.316,0.02,0.22,-0.02,0.524
319,7,0.76,0.768,0.34,0.084,0.0,0.412,0.98,0.716
320,7,0.74,0.536,0.02,-0.148,-0.02,0.604,1.0,0.908
321,4,0.508,0.516,0.212,0.852,0.172,0.584,0.768,0.588
322,4,0.276,0.496,0.404,1.0,0.364,0.564,0.536,0.268
323,,0.256,0.476,0.384,0.98,0.344,0.544,0.516,0.248
324,,0.236,0.456,0.364,0.96,0.324,0.524,0.496,0.228
325,,0.216,0.436,0.344,0.94,0.304,0.504,0.476,0.208
326,,0.196,0.416,0.324,0.92,0.284,0.484,0.456,0.188
327,,0.176,0.396,0.304,0.9,0.264,0.464,0.436,0.168
328,,0.156,0.376,0.284,0.88,0.244,0.444,0.416,0.148
329,,0.136,0.356,0.264,0.86,0.224,0.424,0.396,0.128
330,,0.116,0.336,0.244,0.84,0.204,0.404,0.376,0.108
331,,0.096,0.316,0.224,0.82,0.184,0.384,0.356,0.088
332,,0.076,0.296,0.204,0.8,0.164,0.364,0.336,0.068
333,,0.056,0.276,0.184,0.78,0.144,0.344,0.316,0.048
334,,0.036,0.256,0.164,0.76,0.124,0.324,0.296,0.028
335,,0.016,0.236,0.144,0.74,0.104,0.304,0.276,0.008
336,,-0.004,0.216,0.124,0.72,0.084,0.284,0.256,-0.012
337,8,0.188,0.196,-0.108,0.4,-0.148,0.264,0.448,0.988
338,8,0.38,0.176,-0.34,0.08,-0.38,0.244,0.64,1.0
339,5,0.06,-0.056,-0.36,0.272,0.62,0.436,0.62,0.768
340,5,-0.26,-0.288,-0.38,0.464,1.0,0.628,0.6,0.536
341,3,-0.28,-0.096,0.62,0.656,0.98,0.396,0.28,0.304
342,3,-0.3,0.096,1.0,0.848,0.96,0.164,-0.04,0.072
343,1,0.7,0.288,0.98,0.616,0.64,-0.068,-0.06,0.264
344,1,1.0,0.48,0.96,0.384,0.32,-0.3,-0.08,0.456
345,6,0.768,0.16,0.728,0.364,0.512,0.7,0.112,0.436
346,6,0.536,-0.16,0.496,0.344,0.704,1.0,0.304,0.416
347,2,0.728,0.84,0.688,0.324,0.472,0.68,0.072,0.396
348,2,0.92,1.0,0.88,0.304,0.24,0.36,-0.16,0.376
349,7,0.9,0.768,0.56,0.072,0.22,0.552,0.84,0.568
350,7,0.88,0.536,0.24,-0.16,0.2,0.744,1.0,0.76
351,4,0.648,0.516,0.432,0.84,0.392,0.724,0.768,0.44
352,4,0.416,0.496,0.624,1.0,0.584,0.704,0.536,0.12
353,,0.396,0.476,0.604,0.98,0.564,0.684,0.516,0.1
354,,0.376,0.456,0.584,0.96,0.544,0.664,0.496,0.08
355,,0.356,0.436,0.564,0.94,0.524,0.644,0.476,0.06
356,,0.336,0.416,0.544,0.92,0.504,0.624,0.456,0.04
357,,0.316,0.396,0.524,0.9,0.484,0.604,0.436,0.02
358,,0.296,0.376,0.504,0.88,0.464,0.584,0.416,0.0
359,,0.276,0.356,0.484,0.86,0.444,0.564,0.396,-0.02
360,8,0.468,0.336,0.252,0.54,0.212,0.544,0.588,0.98
361,8,0.66,0.316,0.02,0.22,-0.02,0.524,0.78,1.0
362,5,0.34,0.084,0.0,0.412,0.98,0.716,0.76,0.768
363,5,0.02,-0.148,-0.02,0.604,1.0,0.908,0.74,0.536
364,2,0.212,0.852,0.172,0.584,0.768,0.588,0.508,0.516
365,2,0.404,1.0,0.364,0.564,0.536,0.268,0.276,0.496
366,,0.384,0.98,0.344,0.544,0.516,0.248,0.256,0.476
367,,0.364,0.96,0.324,0.524,0.496,0.228,0.236,0.456
368,,0.344,0.94,0.304,0.504,0.476,0.208,0.216,0.436
369,,0.324,0.92,0.284,0.484,0.456,0.188,0.196,0.416
370,,0.304,0.9,0.264,0.464,0.436,0.168,0.176,0.396
371,,0.284,0.88,0.244,0.444,0.416,0.148,0.156,0.376
372,,0.264,0.86,0.224,0.424,0.396,0.128,0.136,0.356
373,,0.244,0.84,0.204,0.404,0.376,0.108,0.116,0.336
374,,0.224,0.82,0.184,0.384,0.356,0.088,0.096,0.316
375,,0.204,0.8,0.164,0.364,0.336,0.068,0.076,0.296
376,,0.184,0.78,0.144,0.344,0.316,0.048,0.056,0.276
377,,0.164,0.76,0.124,0.324,0.296,0.028,0.036,0.256
378,,0.144,0.74,0.104,0.304,0.276,0.008,0.016,0.236
379,,0.124,0.72,0.084,0.284,0.256,-0.012,-0.004,0.216
380,6,-0.108,0.4,-0.148,0.264,0.448,0.988,0.188,0.196
381,6,-0.34,0.08,-0.38,0.244,0.64,1.0,0.38,0.176
382,3,-0.36,0.272,0.62,0.436,0.62,0.768,0.06,-0.056
383,3,-0.38,0.464,1.0,0.628,0.6,0.536,-0.26,-0.288
384,1,0.62,0.656,0.98,0.396,0.28,0.304,-0.28,-0.096
385,1,1.0,0.848,0.96,0.164,-0.04,0.072,-0.3,0.096
386,7,0.98,0.616,0.64,-0.068,-0.06,0.264,0.7,0.288
387,7,0.96,0.384,0.32,-0.3,-0.08,0.456,1.0,0.48
388,4,0.728,0.364,0.512,0.7,0.112,0.436,0.768,0.16
389,4,0.496,0.344,0.704,1.0,0.304,0.416,0.536,-0.16
390,8,0.688,0.324,0.472,0.68,0.072,0.396,0.728,0.84
391,8,0.88,0.304,0.24,0.36,-0.16,0.376,0.92,1.0
392,5,0.56,0.072,0.22,0.552,0.84,0.568,0.9,0.768
393,5,0.24,-0.16,0.2,0.744,1.0,0.76,0.88,0.536
394,2,0.432,0.84,0.392,0.724,0.768,0.44,0.648,0.516
395,2,0.624,1.0,0.584,0.704,0.536,0.12,0.416,0.496
396,,0.604,0.98,0.564,0.684,0.516,0.1,0.396,0.476
397,,0.584,0.96,0.544,0.664,0.496,0.08,0.376,0.456
398,,0.564,0.94,0.524,0.644,0.476,0.06,0.356,0.436
399,,0.544,0.92,0.504,0.624,0.456,0.04,0.336,0.416
400,,0.524,0.9,0.484,0.604,0.436,0.02,0.316,0.396
401,,0.504,0.88,0.464,0.584,0.416,0.0,0.296,0.376
402,,0.484,0.86,0.444,0.564,0.396,-0.02,0.276,0.356
403,6,0.252,0.54,0.212,0.544,0.588,0.98,0.468,0.336
404,6,0.02,0.22,-0.02,0.524,0.78,1.0,0.66,0.316
405,3,0.0,0.412,0.98,0.716,0.76,0.768,0.34,0.084
406,3,-0.02,0.604,1.0,0.908,0.74,0.536,0.02,-0.148
407,8,0.172,0.584,0.768,0.588,0.508,0.516,0.212,0.852
408,8,0.364,0.564,0.536,0.268,0.276,0.496,0.404,1.0
409,,0.344,0.544,0.516,0.248,0.256,0.476,0.384,0.98
410,,0.324,0.524,0.496,0.228,0.236,0.456,0.364,0.96
411,,0.304,0.504,0.476,0.208,0.216,0.436,0.344,0.94
412,,0.284,0.484,0.456,0.188,0.196,0.416,0.324,0.92
413,,0.264,0.464,0.436,0.168,0.176,0.396,0.304,0.9
414,,0.244,0.444,0.416,0.148,0.156,0.376,0.284,0.88
415,,0.224,0.424,0.396,0.128,0.136,0.356,0.264,0.86
416,,0.204,0.404,0.376,0.108,0.116,0.336,0.244,0.84
417,,0.184,0.384,0.356,0.088,0.096,0.316,0.224,0.82
418,,0.164,0.364,0.336,0.068,0.076,0.296,0.204,0.8
419,,0.144,0.344,0.316,0.048,0.056,0.276,0.184,0.78
420,,0.124,0.324,0.296,0.028,0.036,0.256,0.164,0.76
421,,0.104,0.304,0.276,0.008,0.016,0.236,0.144,0.74
422,,0.084,0.284,0.256,-0.012,-0.004,0.216,0.124,0.72
423,4,-0.148,0.264,0.448,0.988,0.188,0.196,-0.108,0.4
424,4,-0.38,0.244,0.64,1.0,0.38,0.176,-0.34,0.08
425,1,0.62,0.436,0.62,0.768,0.06,-0.056,-0.36,0.272
426,1,1.0,0.628,0.6,0.536,-0.26,-0.288,-0.38,0.464
427,7,0.98,0.396,0.28,0.304,-0.28,-0.096,0.62,0.656
428,7,0.96,0.164,-0.04,0.072,-0.3,0.096,1.0,0.848
429,5,0.64,-0.068,-0.06,0.264,0.7,0.288,0.98,0.616
430,5,0.32,-0.3,-0.08,0.456,1.0,0.48,0.96,0.384
431,2,0.512,0.7,0.112,0.436,0.768,0.16,0.728,0.364
432,2,0.704,1.0,0.304,0.416,0.536,-0.16,0.496,0.344
433,6,0.472,0.68,0.072,0.396,0.728,0.84,0.688,0.324
434,6,0.24,0.36,-0.16,0.376,0.92,1.0,0.88,0.304
435,3,0.22,0.552,0.84,0.568,0.9,0.768,0.56,0.072
436,3,0.2,0.744,1.0,0.76,0.88,0.536,0.24,-0.16
437,8,0.392,0.724,0.768,0.44,0.648,0.516,0.432,0.84
438,8,0.584,0.704,0.536,0.12,0.416,0.496,0.624,1.0
439,,0.564,0.684,0.516,0.1,0.396,0.476,0.604,0.98
440,,0.544,0.664,0.496,0.08,0.376,0.456,0.584,0.96
441,,0.524,0.644,0.476,0.06,0.356,0.436,0.564,0.94
442,,0.504,0.624,0.456,0.04,0.336,0.416,0.544,0.92
443,,0.484,0.604,0.436,0.02,0.316,0.396,0.524,0.9
444,,0.464,0.584,0.416,0.0,0.296,0.376,0.504,0.88
445,,0.444,0.564,0.396,-0.02,0.276,0.356,0.484,0.86
446,4,0.212,0.544,0.588,0.98,0.468,0.336,0.252,0.54
447,4,-0.02,0.524,0.78,1.0,0.66,0.316,0.02,0.22
448,1,0.98,0.716,0.76,0.768,0.34,0.084,0.0,0.412
449,1,1.0,0.908,0.74,0.536,0.02,-0.148,-0.02,0.604
450,6,0.768,0.588,0.508,0.516,0.212,0.852,0.172,0.584
451,6,0.536,0.268,0.276,0.496,0.404,1.0,0.364,0.564
452,,0.516,0.248,0.256,0.476,0.384,0.98,0.344,0.544
453,,0.496,0.228,0.236,0.456,0.364,0.96,0.324,0.524
454,,0.476,0.208,0.216,0.436,0.344,0.94,0.304,0.504
455,,0.456,0.188,0.196,0.416,0.324,0.92,0.284,0.484
456,,0.436,0.168,0.176,0.396,0.304,0.9,0.264,0.464
457,,0.416,0.148,0.156,0.376,0.284,0.88,0.244,0.444
458,,0.396,0.128,0.136,0.356,0.264,0.86,0.224,0.424
459,,0.376,0.108,0.116,0.336,0.244,0.84,0.204,0.404
460,,0.356,0.088,0.096,0.316,0.224,0.82,0.184,0.384
461,,0.336,0.068,0.076,0.296,0.204,0.8,0.164,0.364
462,,0.316,0.048,0.056,0.276,0.184,0.78,0.144,0.344
463,,0.296,0.028,0.036,0.256,0.164,0.76,0.124,0.324
464,,0.276,0.008,0.016,0.236,0.144,0.74,0.104,0.304
465,,0.256,-0.012,-0.004,0.216,0.124,0.72,0.084,0.284
466,2,0.448,0.988,0.188,0.196,-0.108,0.4,-0.148,0.264
467,2,0.64,1.0,0.38,0.176,-0.34,0.08,-0.38,0.244
468,7,0.62,0.768,0.06,-0.056,-0.36,0.272,0.62,0.436
469,7,0.6,0.536,-0.26,-0.288,-0.38,0.464,1.0,0.628
470,5,0.28,0.304,-0.28,-0.096,0.62,0.656,0.98,0.396
471,5,-0.04,0.072,-0.3,0.096,1.0,0.848,0.96,0.164
472,3,-0.06,0.264,0.7,0.288,0.98,0.616,0.64,-0.068
473,3,-0.08,0.456,1.0,0.48,0.96,0.384,0.32,-0.3
474,8,0.112,0.436,0.768,0.16,0.728,0.364,0.512,0.7
475,8,0.304,0.416,0.536,-0.16,0.496,0.344,0.704,1.0
476,4,0.072,0.396,0.728,0.84,0.688,0.324,0.472,0.68
477,4,-0.16,0.376,0.92,1.0,0.88,0.304,0.24,0.36
478,1,0.84,0.568,0.9,0.768,0.56,0.072,0.22,0.552
479,1,1.0,0.76,0.88,0.536,0.24,-0.16,0.2,0.744
480,6,0.768,0.44,0.648,0.516,0.432,0.84,0.392,0.724
481,6,0.536,0.12,0.416,0.496,0.624,1.0,0.584,0.704
482,,0.516,0.1,0.396,0.476,0.604,0.98,0.564,0.684
483,,0.496,0.08,0.376,0.456,0.584,0.96,0.544,0.664
484,,0.476,0.06,0.356,0.436,0.564,0.94,0.524,0.644
485,,0.456,0.04,0.336,0.416,0.544,0.92,0.504,0.624
486,,0.436,0.02,0.316,0.396,0.524,0.9,0.484,0.604
487,,0.416,0.0,0.296,0.376,0.504,0.88,0.464,0.584
488,,0.396,-0.02,0.276,0.356,0.484,0.86,0.444,0.564
489,2,0.588,0.98,0.468,0.336,0.252,0.54,0.212,0.544
490,2,0.78,1.0,0.66,0.316,0.02,0.22,-0.02,0.524
491,7,0.76,0.768,0.34,0.084,0.0,0.412,0.98,0.716
492,7,0.74,0.536,0.02,-0.148,-0.02,0.604,1.0,0.908
493,4,0.508,0.516,0.212,0.852,0.172,0.584,0.768,0.588
494,4,0.276,0.496,0.404,1.0,0.364,0.564,0.536,0.268
495,,0.256,0.476,0.384,0.98,0.344,0.544,0.516,0.248
496,,0.236,0.456,0.364,0.96,0.324,0.524,0.496,0.228
497,,0.216,0.436,0.344,0.94,0.304,0.504,0.476,0.208
498,,0.196,0.416,0.324,0.92,0.284,0.484,0.456,0.188
499,,0.176,0.396,0.304,0.9,0.264,0.464,0.436,0.168
