step,active_motive,motive_1,motive_2,motive_3,motive_4,motive_5,motive_6,motive_7,motive_8
0,,0.20794,0.5677,0.03131,0.84228,0.44975,0.39515,0.92666,0.72727
1,,0.18794,0.5477,0.01131,0.82228,0.42975,0.37515,0.90666,0.70727
2,,0.16794,0.5277,-0.00869,0.80228,0.40975,0.35515,0.88666,0.68727
3,3,0.14794,0.7197,0.99131,0.99428,0.38975,0.12315,0.56666,0.45527
4,3,0.12794,0.9117,1.0,1.0,0.36975,-0.10885,0.24666,0.22327
5,6,-0.10406,0.5917,0.768,0.98,0.56175,0.89115,0.43866,0.20327
6,6,-0.33606,0.2717,0.536,0.96,0.75375,1.0,0.63066,0.18327
7,1,0.66394,0.4637,0.516,0.728,0.43375,0.768,0.61066,0.37527
8,1,1.0,0.6557,0.496,0.496,0.11375,0.536,0.59066,0.56727
9,,0.98,0.6357,0.476,0.476,0.09375,0.516,0.57066,0.54727
10,,0.96,0.6157,0.456,0.456,0.07375,0.496,0.55066,0.52727
11,,0.94,0.5957,0.436,0.436,0.05375,0.476,0.53066,0.50727
12,,0.92,0.5757,0.416,0.416,0.03375,0.456,0.51066,0.48727
13,,0.9,0.5557,0.396,0.396,0.01375,0.436,0.49066,0.46727
14,,0.88,0.5357,0.376,0.376,-0.00625,0.416,0.47066,0.44727
15,5,0.56,0.3037,0.356,0.568,0.99375,0.608,0.45066,0.21527
16,5,0.24,0.0717,0.336,0.76,1.0,0.8,0.43066,-0.01673
17,8,0.432,0.0517,0.104,0.44,0.768,0.78,0.62266,0.98327
18,8,0.624,0.0317,-0.128,0.12,0.536,0.76,0.81466,1.0
19,3,0.604,0.2237,0.872,0.312,0.516,0.528,0.49466,0.768
20,3,0.584,0.4157,1.0,0.504,0.496,0.296,0.17466,0.536
21,,0.564,0.3957,0.98,0.484,0.476,0.276,0.15466,0.516
22,,0.544,0.3757,0.96,0.464,0.456,0.256,0.13466,0.496
23,,0.524,0.3557,0.94,0.444,0.436,0.236,0.11466,0.476
24,,0.504,0.3357,0.92,0.424,0.416,0.216,0.09466,0.456
25,,0.484,0.3157,0.9,0.404,0.396,0.196,0.07466,0.436
26,,0.464,0.2957,0.88,0.384,0.376,0.176,0.05466,0.416
27,,0.444,0.2757,0.86,0.364,0.356,0.156,0.03466,0.396
28,,0.424,0.2557,0.84,0.344,0.336,0.136,0.01466,0.376
29,,0.404,0.2357,0.82,0.324,0.316,0.116,-0.00534,0.356
30,7,0.384,0.0037,0.5,0.092,0.296,0.308,0.99466,0.548
31,7,0.364,-0.2283,0.18,-0.14,0.276,0.5,1.0,0.74
32,2,0.556,0.7717,0.372,-0.16,0.044,0.18,0.768,0.72
33,2,0.748,1.0,0.564,-0.18,-0.188,-0.14,0.536,0.7
34,5,0.428,0.768,0.544,0.012,0.812,0.052,0.516,0.468
35,5,0.108,0.536,0.524,0.204,1.0,0.244,0.496,0.236
36,,0.088,0.516,0.504,0.184,0.98,0.224,0.476,0.216
37,,0.068,0.496,0.484,0.164,0.96,0.204,0.456,0.196
38,,0.048,0.476,0.464,0.144,0.94,0.184,0.436,0.176
39,,0.028,0.456,0.444,0.124,0.92,0.164,0.416,0.156
40,,0.008,0.436,0.424,0.104,0.9,0.144,0.396,0.136
41,,-0.012,0.416,0.404,0.084,0.88,0.124,0.376,0.116
42,1,0.988,0.608,0.384,-0.148,0.56,-0.108,0.356,0.308
43,1,1.0,0.8,0.364,-0.38,0.24,-0.34,0.336,0.5
44,4,0.768,0.78,0.556,0.62,0.432,-0.36,0.104,0.18
45,4,0.536,0.76,0.748,1.0,0.624,-0.38,-0.128,-0.14
46,6,0.304,0.44,0.516,0.98,0.816,0.62,0.064,-0.16
47,6,0.072,0.12,0.284,0.96,1.0,1.0,0.256,-0.18
48,8,0.264,0.1,0.052,0.64,0.768,0.98,0.448,0.82
49,8,0.456,0.08,-0.18,0.32,0.536,0.96,0.64,1.0
50,3,0.436,0.272,0.82,0.512,0.516,0.728,0.32,0.768
51,3,0.416,0.464,1.0,0.704,0.496,0.496,0.0,0.536
52,,0.396,0.444,0.98,0.684,0.476,0.476,-0.02,0.516
53,7,0.376,0.212,0.66,0.452,0.456,0.668,0.98,0.708
54,7,0.356,-0.02,0.34,0.22,0.436,0.86,1.0,0.9
55,2,0.548,0.98,0.532,0.2,0.204,0.54,0.768,0.88
56,2,0.74,1.0,0.724,0.18,-0.028,0.22,0.536,0.86
57,5,0.42,0.768,0.704,0.372,0.972,0.412,0.516,0.628
58,5,0.1,0.536,0.684,0.564,1.0,0.604,0.496,0.396
59,,0.08,0.516,0.664,0.544,0.98,0.584,0.476,0.376
60,,0.06,0.496,0.644,0.524,0.96,0.564,0.456,0.356
61,,0.04,0.476,0.624,0.504,0.94,0.544,0.436,0.336
62,,0.02,0.456,0.604,0.484,0.92,0.524,0.416,0.316
63,,0.0,0.436,0.584,0.464,0.9,0.504,0.396,0.296
64,,-0.02,0.416,0.564,0.444,0.88,0.484,0.376,0.276
65,1,0.98,0.608,0.544,0.212,0.56,0.252,0.356,0.468
66,1,1.0,0.8,0.524,-0.02,0.24,0.02,0.336,0.66
67,4,0.768,0.78,0.716,0.98,0.432,0.0,0.104,0.34
68,4,0.536,0.76,0.908,1.0,0.624,-0.02,-0.128,0.02
69,7,0.516,0.528,0.588,0.768,0.604,0.172,0.872,0.212
70,7,0.496,0.296,0.268,0.536,0.584,0.364,1.0,0.404
71,,0.476,0.276,0.248,0.516,0.564,0.344,0.98,0.384
72,,0.456,0.256,0.228,0.496,0.544,0.324,0.96,0.364
73,,0.436,0.236,0.208,0.476,0.524,0.304,0.94,0.344
74,,0.416,0.216,0.188,0.456,0.504,0.284,0.92,0.324
75,,0.396,0.196,0.168,0.436,0.484,0.264,0.9,0.304
76,,0.376,0.176,0.148,0.416,0.464,0.244,0.88,0.284
77,,0.356,0.156,0.128,0.396,0.444,0.224,0.86,0.264
78,,0.336,0.136,0.108,0.376,0.424,0.204,0.84,0.244
79,,0.316,0.116,0.088,0.356,0.404,0.184,0.82,0.224
80,,0.296,0.096,0.068,0.336,0.384,0.164,0.8,0.204
81,,0.276,0.076,0.048,0.316,0.364,0.144,0.78,0.184
82,,0.256,0.056,0.028,0.296,0.344,0.124,0.76,0.164
83,,0.236,0.036,0.008,0.276,0.324,0.104,0.74,0.144
84,,0.216,0.016,-0.012,0.256,0.304,0.084,0.72,0.124
85,3,0.196,0.208,0.988,0.448,0.284,-0.148,0.4,-0.108
86,3,0.176,0.4,1.0,0.64,0.264,-0.38,0.08,-0.34
87,6,-0.056,0.08,0.768,0.62,0.456,0.62,0.272,-0.36
88,6,-0.288,-0.24,0.536,0.6,0.648,1.0,0.464,-0.38
89,8,-0.096,-0.26,0.304,0.28,0.416,0.98,0.656,0.62
90,8,0.096,-0.28,0.072,-0.04,0.184,0.96,0.848,1.0
91,2,0.288,0.72,0.264,-0.06,-0.048,0.64,0.616,0.98
92,2,0.48,1.0,0.456,-0.08,-0.28,0.32,0.384,0.96
93,5,0.16,0.768,0.436,0.112,0.72,0.512,0.364,0.728
94,5,-0.16,0.536,0.416,0.304,1.0,0.704,0.344,0.496
95,1,0.84,0.728,0.396,0.072,0.68,0.472,0.324,0.688
96,1,1.0,0.92,0.376,-0.16,0.36,0.24,0.304,0.88
97,4,0.768,0.9,0.568,0.84,0.552,0.22,0.072,0.56
98,4,0.536,0.88,0.76,1.0,0.744,0.2,-0.16,0.24
99,7,0.516,0.648,0.44,0.768,0.724,0.392,0.84,0.432
100,7,0.496,0.416,0.12,0.536,0.704,0.584,1.0,0.624
101,,0.476,0.396,0.1,0.516,0.684,0.564,0.98,0.604
102,,0.456,0.376,0.08,0.496,0.664,0.544,0.96,0.584
103,,0.436,0.356,0.06,0.476,0.644,0.524,0.94,0.564
104,,0.416,0.336,0.04,0.456,0.624,0.504,0.92,0.544
105,,0.396,0.316,0.02,0.436,0.604,0.484,0.9,0.524
106,,0.376,0.296,0.0,0.416,0.584,0.464,0.88,0.504
107,,0.356,0.276,-0.02,0.396,0.564,0.444,0.86,0.484
108,3,0.336,0.468,0.98,0.588,0.544,0.212,0.54,0.252
109,3,0.316,0.66,1.0,0.78,0.524,-0.02,0.22,0.02
110,6,0.084,0.34,0.768,0.76,0.716,0.98,0.412,0.0
111,6,-0.148,0.02,0.536,0.74,0.908,1.0,0.604,-0.02
112,1,0.852,0.212,0.516,0.508,0.588,0.768,0.584,0.172
113,1,1.0,0.404,0.496,0.276,0.268,0.536,0.564,0.364
114,,0.98,0.384,0.476,0.256,0.248,0.516,0.544,0.344
115,,0.96,0.364,0.456,0.236,0.228,0.496,0.524,0.324
116,,0.94,0.344,0.436,0.216,0.208,0.476,0.504,0.304
117,,0.92,0.324,0.416,0.196,0.188,0.456,0.484,0.284
118,,0.9,0.304,0.396,0.176,0.168,0.436,0.464,0.264
119,,0.88,0.284,0.376,0.156,0.148,0.416,0.444,0.244
120,,0.86,0.264,0.356,0.136,0.128,0.396,0.424,0.224
121,,0.84,0.244,0.336,0.116,0.108,0.376,0.404,0.204
122,,0.82,0.224,0.316,0.096,0.088,0.356,0.384,0.184
123,,0.8,0.204,0.296,0.076,0.068,0.336,0.364,0.164
124,,0.78,0.184,0.276,0.056,0.048,0.316,0.344,0.144
125,,0.76,0.164,0.256,0.036,0.028,0.296,0.324,0.124
126,,0.74,0.144,0.236,0.016,0.008,0.276,0.304,0.104
127,,0.72,0.124,0.216,-0.004,-0.012,0.256,0.284,0.084
128,5,0.4,-0.108,0.196,0.188,0.988,0.448,0.264,-0.148
129,5,0.08,-0.34,0.176,0.38,1.0,0.64,0.244,-0.38
130,8,0.272,-0.36,-0.056,0.06,0.768,0.62,0.436,0.62
131,8,0.464,-0.38,-0.288,-0.26,0.536,0.6,0.628,1.0
132,2,0.656,0.62,-0.096,-0.28,0.304,0.28,0.396,0.98
133,2,0.848,1.0,0.096,-0.3,0.072,-0.04,0.164,0.96
134,4,0.616,0.98,0.288,0.7,0.264,-0.06,-0.068,0.64
135,4,0.384,0.96,0.48,1.0,0.456,-0.08,-0.3,0.32
136,7,0.364,0.728,0.16,0.768,0.436,0.112,0.7,0.512
137,7,0.344,0.496,-0.16,0.536,0.416,0.304,1.0,0.704
138,3,0.324,0.688,0.84,0.728,0.396,0.072,0.68,0.472
139,3,0.304,0.88,1.0,0.92,0.376,-0.16,0.36,0.24
140,6,0.072,0.56,0.768,0.9,0.568,0.84,0.552,0.22
141,6,-0.16,0.24,0.536,0.88,0.76,1.0,0.744,0.2
142,1,0.84,0.432,0.516,0.648,0.44,0.768,0.724,0.392
143,1,1.0,0.624,0.496,0.416,0.12,0.536,0.704,0.584
144,,0.98,0.604,0.476,0.396,0.1,0.516,0.684,0.564
145,,0.96,0.584,0.456,0.376,0.08,0.496,0.664,0.544
146,,0.94,0.564,0.436,0.356,0.06,0.476,0.644,0.524
147,,0.92,0.544,0.416,0.336,0.04,0.456,0.624,0.504
148,,0.9,0.524,0.396,0.316,0.02,0.436,0.604,0.484
149,,0.88,0.504,0.376,0.296,0.0,0.416,0.584,0.464
150,,0.86,0.484,0.356,0.276,-0.02,0.396,0.564,0.444
151,5,0.54,0.252,0.336,0.468,0.98,0.588,0.544,0.212
152,5,0.22,0.02,0.316,0.66,1.0,0.78,0.524,-0.02
153,8,0.412,0.0,0.084,0.34,0.768,0.76,0.716,0.98
154,8,0.604,-0.02,-0.148,0.02,0.536,0.74,0.908,1.0
155,3,0.584,0.172,0.852,0.212,0.516,0.508,0.588,0.768
156,3,0.564,0.364,1.0,0.404,0.496,0.276,0.268,0.536
157,,0.544,0.344,0.98,0.384,0.476,0.256,0.248,0.516
158,,0.524,0.324,0.96,0.364,0.456,0.236,0.228,0.496
159,,0.504,0.304,0.94,0.344,0.436,0.216,0.208,0.476
160,,0.484,0.284,0.92,0.324,0.416,0.196,0.188,0.456
161,,0.464,0.264,0.9,0.304,0.396,0.176,0.168,0.436
162,,0.444,0.244,0.88,0.284,0.376,0.156,0.148,0.416
163,,0.424,0.224,0.86,0.264,0.356,0.136,0.128,0.396
164,,0.404,0.204,0.84,0.244,0.336,0.116,0.108,0.376
165,,0.384,0.184,0.82,0.224,0.316,0.096,0.088,0.356
166,,0.364,0.164,0.8,0.204,0.296,0.076,0.068,0.336
167,,0.344,0.144,0.78,0.184,0.276,0.056,0.048,0.316
168,,0.324,0.124,0.76,0.164,0.256,0.036,0.028,0.296
169,,0.304,0.104,0.74,0.144,0.236,0.016,0.008,0.276
170,,0.284,0.084,0.72,0.124,0.216,-0.004,-0.012,0.256
171,7,0.264,-0.148,0.4,-0.108,0.196,0.188,0.988,0.448
172,7,0.244,-0.38,0.08,-0.34,0.176,0.38,1.0,0.64
173,2,0.436,0.62,0.272,-0.36,-0.056,0.06,0.768,0.62
174,2,0.628,1.0,0.464,-0.38,-0.288,-0.26,0.536,0.6
175,4,0.396,0.98,0.656,0.62,-0.096,-0.28,0.304,0.28
176,4,0.164,0.96,0.848,1.0,0.096,-0.3,0.072,-0.04
177,6,-0.068,0.64,0.616,0.98,0.288,0.7,0.264,-0.06
178,6,-0.3,0.32,0.384,0.96,0.48,1.0,0.456,-0.08
179,1,0.7,0.512,0.364,0.728,0.16,0.768,0.436,0.112
180,1,1.0,0.704,0.344,0.496,-0.16,0.536,0.416,0.304
181,5,0.68,0.472,0.324,0.688,0.84,0.728,0.396,0.072
182,5,0.36,0.24,0.304,0.88,1.0,0.92,0.376,-0.16
183,8,0.552,0.22,0.072,0.56,0.768,0.9,0.568,0.84
184,8,0.744,0.2,-0.16,0.24,0.536,0.88,0.76,1.0
185,3,0.724,0.392,0.84,0.432,0.516,0.648,0.44,0.768
186,3,0.704,0.584,1.0,0.624,0.496,0.416,0.12,0.536
187,,0.684,0.564,0.98,0.604,0.476,0.396,0.1,0.516
188,,0.664,0.544,0.96,0.584,0.456,0.376,0.08,0.496
189,,0.644,0.524,0.94,0.564,0.436,0.356,0.06,0.476
190,,0.624,0.504,0.92,0.544,0.416,0.336,0.04,0.456
191,,0.604,0.484,0.9,0.524,0.396,0.316,0.02,0.436
192,,0.584,0.464,0.88,0.504,0.376,0.296,0.0,0.416
193,,0.564,0.444,0.86,0.484,0.356,0.276,-0.02,0.396
194,7,0.544,0.212,0.54,0.252,0.336,0.468,0.98,0.588
195,7,0.524,-0.02,0.22,0.02,0.316,0.66,1.0,0.78
196,2,0.716,0.98,0.412,0.0,0.084,0.34,0.768,0.76
197,2,0.908,1.0,0.604,-0.02,-0.148,0.02,0.536,0.74
198,5,0.588,0.768,0.584,0.172,0.852,0.212,0.516,0.508
199,5,0.268,0.536,0.564,0.364,1.0,0.404,0.496,0.276
200,,0.248,0.516,0.544,0.344,0.98,0.384,0.476,0.256
201,,0.228,0.496,0.524,0.324,0.96,0.364,0.456,0.236
202,,0.208,0.476,0.504,0.304,0.94,0.344,0.436,0.216
203,,0.188,0.456,0.484,0.284,0.92,0.324,0.416,0.196
204,,0.168,0.436,0.464,0.264,0.9,0.304,0.396,0.176
205,,0.148,0.416,0.444,0.244,0.88,0.284,0.376,0.156
206,,0.128,0.396,0.424,0.224,0.86,0.264,0.356,0.136
207,,0.108,0.376,0.404,0.204,0.84,0.244,0.336,0.116
208,,0.088,0.356,0.384,0.184,0.82,0.224,0.316,0.096
209,,0.068,0.336,0.364,0.164,0.8,0.204,0.296,0.076
210,,0.048,0.316,0.344,0.144,0.78,0.184,0.276,0.056
211,,0.028,0.296,0.324,0.124,0.76,0.164,0.256,0.036
212,,0.008,0.276,0.304,0.104,0.74,0.144,0.236,0.016
213,,-0.012,0.256,0.284,0.084,0.72,0.124,0.216,-0.004
214,1,0.988,0.448,0.264,-0.148,0.4,-0.108,0.196,0.188
215,1,1.0,0.64,0.244,-0.38,0.08,-0.34,0.176,0.38
216,4,0.768,0.62,0.436,0.62,0.272,-0.36,-0.056,0.06
217,4,0.536,0.6,0.628,1.0,0.464,-0.38,-0.288,-0.26
218,6,0.304,0.28,0.396,0.98,0.656,0.62,-0.096,-0.28
219,6,0.072,-0.04,0.164,0.96,0.848,1.0,0.096,-0.3
220,8,0.264,-0.06,-0.068,0.64,0.616,0.98,0.288,0.7
221,8,0.456,-0.08,-0.3,0.32,0.384,0.96,0.48,1.0
222,3,0.436,0.112,0.7,0.512,0.364,0.728,0.16,0.768
223,3,0.416,0.304,1.0,0.704,0.344,0.496,-0.16,0.536
224,7,0.396,0.072,0.68,0.472,0.324,0.688,0.84,0.728
225,7,0.376,-0.16,0.36,0.24,0.304,0.88,1.0,0.92
226,2,0.568,0.84,0.552,0.22,0.072,0.56,0.768,0.9
227,2,0.76,1.0,0.744,0.2,-0.16,0.24,0.536,0.88
228,5,0.44,0.768,0.724,0.392,0.84,0.432,0.516,0.648
229,5,0.12,0.536,0.704,0.584,1.0,0.624,0.496,0.416
230,,0.1,0.516,0.684,0.564,0.98,0.604,0.476,0.396
231,,0.08,0.496,0.664,0.544,0.96,0.584,0.456,0.376
232,,0.06,0.476,0.644,0.524,0.94,0.564,0.436,0.356
233,,0.04,0.456,0.624,0.504,0.92,0.544,0.416,0.336
234,,0.02,0.436,0.604,0.484,0.9,0.524,0.396,0.316
235,,0.0,0.416,0.584,0.464,0.88,0.504,0.376,0.296
236,,-0.02,0.396,0.564,0.444,0.86,0.484,0.356,0.276
237,1,0.98,0.588,0.544,0.212,0.54,0.252,0.336,0.468
238,1,1.0,0.78,0.524,-0.02,0.22,0.02,0.316,0.66
239,4,0.768,0.76,0.716,0.98,0.412,0.0,0.084,0.34
240,4,0.536,0.74,0.908,1.0,0.604,-0.02,-0.148,0.02
241,7,0.516,0.508,0.588,0.768,0.584,0.172,0.852,0.212
242,7,0.496,0.276,0.268,0.536,0.564,0.364,1.0,0.404
243,,0.476,0.256,0.248,0.516,0.544,0.344,0.98,0.384
244,,0.456,0.236,0.228,0.496,0.524,0.324,0.96,0.364
245,,0.436,0.216,0.208,0.476,0.504,0.304,0.94,0.344
246,,0.416,0.196,0.188,0.456,0.484,0.284,0.92,0.324
247,,0.396,0.176,0.168,0.436,0.464,0.264,0.9,0.304
248,,0.376,0.156,0.148,0.416,0.444,0.244,0.88,0.284
249,,0.356,0.136,0.128,0.396,0.424,0.224,0.86,0.264
250,,0.336,0.116,0.108,0.376,0.404,0.204,0.84,0.244
251,,0.316,0.096,0.088,0.356,0.384,0.184,0.82,0.224
252,,0.296,0.076,0.068,0.336,0.364,0.164,0.8,0.204
253,,0.276,0.056,0.048,0.316,0.344,0.144,0.78,0.184
254,,0.256,0.036,0.028,0.296,0.324,0.124,0.76,0.164
255,,0.236,0.016,0.008,0.276,0.304,0.104,0.74,0.144
256,,0.216,-0.004,-0.012,0.256,0.284,0.084,0.72,0.124
257,3,0.196,0.188,0.988,0.448,0.264,-0.148,0.4,-0.108
258,3,0.176,0.38,1.0,0.64,0.244,-0.38,0.08,-0.34
259,6,-0.056,0.06,0.768,0.62,0.436,0.62,0.272,-0.36
260,6,-0.288,-0.26,0.536,0.6,0.628,1.0,0.464,-0.38
261,8,-0.096,-0.28,0.304,0.28,0.396,0.98,0.656,0.62
262,8,0.096,-0.3,0.072,-0.04,0.164,0.96,0.848,1.0
263,2,0.288,0.7,0.264,-0.06,-0.068,0.64,0.616,0.98
264,2,0.48,1.0,0.456,-0.08,-0.3,0.32,0.384,0.96
265,5,0.16,0.768,0.436,0.112,0.7,0.512,0.364,0.728
266,5,-0.16,0.536,0.416,0.304,1.0,0.704,0.344,0.496
267,1,0.84,0.728,0.396,0.072,0.68,0.472,0.324,0.688
268,1,1.0,0.92,0.376,-0.16,0.36,0.24,0.304,0.88
269,4,0.768,0.9,0.568,0.84,0.552,0.22,0.072,0.56
270,4,0.536,0.88,0.76,1.0,0.744,0.2,-0.16,0.24
271,7,0.516,0.648,0.44,0.768,0.724,0.392,0.84,0.432
272,7,0.496,0.416,0.12,0.536,0.704,0.584,1.0,0.624
273,,0.476,0.396,0.1,0.516,0.684,0.564,0.98,0.604
274,,0.456,0.376,0.08,0.496,0.664,0.544,0.96,0.584
275,,0.436,0.356,0.06,0.476,0.644,0.524,0.94,0.564
276,,0.416,0.336,0.04,0.456,0.624,0.504,0.92,0.544
277,,0.396,0.316,0.02,0.436,0.604,0.484,0.9,0.524
278,,0.376,0.296,0.0,0.416,0.584,0.464,0.88,0.504
279,,0.356,0.276,-0.02,0.396,0.564,0.444,0.86,0.484
280,3,0.336,0.468,0.98,0.588,0.544,0.212,0.54,0.252
281,3,0.316,0.66,1.0,0.78,0.524,-0.02,0.22,0.02
282,6,0.084,0.34,0.768,0.76,0.716,0.98,0.412,0.0
283,6,-0.148,0.02,0.536,0.74,0.908,1.0,0.604,-0.02
284,1,0.852,0.212,0.516,0.508,0.588,0.768,0.584,0.172
285,1,1.0,0.404,0.496,0.276,0.268,0.536,0.564,0.364
286,,0.98,0.384,0.476,0.256,0.248,0.516,0.544,0.344
287,,0.96,0.364,0.456,0.236,0.228,0.496,0.524,0.324
288,,0.94,0.344,0.436,0.216,0.208,0.476,0.504,0.304
289,,0.92,0.324,0.416,0.196,0.188,0.456,0.484,0.284
290,,0.9,0.304,0.396,0.176,0.168,0.436,0.464,0.264
291,,0.88,0.284,0.376,0.156,0.148,0.416,0.444,0.244
292,,0.86,0.264,0.356,0.136,0.128,0.396,0.424,0.224
293,,0.84,0.244,0.336,0.116,0.108,0.376,0.404,0.204
294,,0.82,0.224,0.316,0.096,0.088,0.356,0.384,0.184
295,,0.8,0.204,0.296,0.076,0.068,0.336,0.364,0.164
296,,0.78,0.184,0.276,0.056,0.048,0.316,0.344,0.144
297,,0.76,0.164,0.256,0.036,0.028,0.296,0.324,0.124
298,,0.74,0.144,0.236,0.016,0.008,0.276,0.304,0.104
299,,0.72,0.124,0.216,-0.004,-0.012,0.256,0.284,0.084
300,5,0.4,-0.108,0.196,0.188,0.988,0.448,0.264,-0.148
301,5,0.08,-0.34,0.176,0.38,1.0,0.64,0.244,-0.38
302,8,0.272,-0.36,-0.056,0.06,0.768,0.62,0.436,0.62
303,8,0.464,-0.38,-0.288,-0.26,0.536,0.6,0.628,1.0
304,2,0.656,0.62,-0.096,-0.28,0.304,0.28,0.396,0.98
305,2,0.848,1.0,0.096,-0.3,0.072,-0.04,0.164,0.96
306,4,0.616,0.98,0.288,0.7,0.264,-0.06,-0.068,0.64
307,4,0.384,0.96,0.48,1.0,0.456,-0.08,-0.3,0.32
308,7,0.364,0.728,0.16,0.768,0.436,0.112,0.7,0.512
309,7,0.344,0.496,-0.16,0.536,0.416,0.304,1.0,0.704
310,3,0.324,0.688,0.84,0.728,0.396,0.072,0.68,0.472
311,3,0.304,0.88,1.0,0.92,0.376,-0.16,0.36,0.24
312,6,0.072,0.56,0.768,0.9,0.568,0.84,0.552,0.22
313,6,-0.16,0.24,0.536,0.88,0.76,1.0,0.744,0.2
314,1,0.84,0.432,0.516,0.648,0.44,0.768,0.724,0.392
315,1,1.0,0.624,0.496,0.416,0.12,0.536,0.704,0.584
316,,0.98,0.604,0.476,0.396,0.1,0.516,0.684,0.564
317,,0.96,0.584,0.456,0.376,0.08,0.496,0.664,0.544
318,,0.94,0.564,0.436,0.356,0.06,0.476,0.644,0.524
319,,0.92,0.544,0.416,0.336,0.04,0.456,0.624,0.504
320,,0.9,0.524,0.396,0.316,0.02,0.436,0.604,0.484
321,,0.88,0.504,0.376,0.296,0.0,0.416,0.584,0.464
322,,0.86,0.484,0.356,0.276,-0.02,0.396,0.564,0.444
323,5,0.54,0.252,0.336,0.468,0.98,0.588,0.544,0.212
324,5,0.22,0.02,0.316,0.66,1.0,0.78,0.524,-0.02
325,8,0.412,0.0,0.084,0.34,0.768,0.76,0.716,0.98
326,8,0.604,-0.02,-0.148,0.02,0.536,0.74,0.908,1.0
327,3,0.584,0.172,0.852,0.212,0.516,0.508,0.588,0.768
328,3,0.564,0.364,1.0,0.404,0.496,0.276,0.268,0.536
329,,0.544,0.344,0.98,0.384,0.476,0.256,0.248,0.516
330,,0.524,0.324,0.96,0.364,0.456,0.236,0.228,0.496
331,,0.504,0.304,0.94,0.344,0.436,0.216,0.208,0.476
332,,0.484,0.284,0.92,0.324,0.416,0.196,0.188,0.456
333,,0.464,0.264,0.9,0.304,0.396,0.176,0.168,0.436
334,,0.444,0.244,0.88,0.284,0.376,0.156,0.148,0.416
335,,0.424,0.224,0.86,0.264,0.356,0.136,0.128,0.396
336,,0.404,0.204,0.84,0.244,0.336,0.116,0.108,0.376
337,,0.384,0.184,0.82,0.224,0.316,0.096,0.088,0.356
338,,0.364,0.164,0.8,0.204,0.296,0.076,0.068,0.336
339,,0.344,0.144,0.78,0.184,0.276,0.056,0.048,0.316
340,,0.324,0.124,0.76,0.164,0.256,0.036,0.028,0.296
341,,0.304,0.104,0.74,0.144,0.236,0.016,0.008,0.276
342,,0.284,0.084,0.72,0.124,0.216,-0.004,-0.012,0.256
343,7,0.264,-0.148,0.4,-0.108,0.196,0.188,0.988,0.448
344,7,0.244,-0.38,0.08,-0.34,0.176,0.38,1.0,0.64
345,2,0.436,0.62,0.272,-0.36,-0.056,0.06,0.768,0.62
346,2,0.628,1.0,0.464,-0.38,-0.288,-0.26,0.536,0.6
347,4,0.396,0.98,0.656,0.62,-0.096,-0.28,0.304,0.28
348,4,0.164,0.96,0.848,1.0,0.096,-0.3,0.072,-0.04
349,6,-0.068,0.64,0.616,0.98,0.288,0.7,0.264,-0.06
350,6,-0.3,0.32,0.384,0.96,0.48,1.0,0.456,-0.08
351,1,0.7,0.512,0.364,0.728,0.16,0.768,0.436,0.112
352,1,1.0,0.704,0.344,0.496,-0.16,0.536,0.416,0.304
353,5,0.68,0.472,0.324,0.688,0.84,0.728,0.396,0.072
354,5,0.36,0.24,0.304,0.88,1.0,0.92,0.376,-0.16
355,8,0.552,0.22,0.072,0.56,0.768,0.9,0.568,0.84
356,8,0.744,0.2,-0.16,0.24,0.536,0.88,0.76,1.0
357,3,0.724,0.392,0.84,0.432,0.516,0.648,0.44,0.768
358,3,0.704,0.584,1.0,0.624,0.496,0.416,0.12,0.536
359,,0.684,0.564,0.98,0.604,0.476,0.396,0.1,0.516
360,,0.664,0.544,0.96,0.584,0.456,0.376,0.08,0.496
361,,0.644,0.524,0.94,0.564,0.436,0.356,0.06,0.476
362,,0.624,0.504,0.92,0.544,0.416,0.336,0.04,0.456
363,,0.604,0.484,0.9,0.524,0.396,0.316,0.02,0.436
364,,0.584,0.464,0.88,0.504,0.376,0.296,0.0,0.416
365,,0.564,0.444,0.86,0.484,0.356,0.276,-0.02,0.396
366,7,0.544,0.212,0.54,0.252,0.336,0.468,0.98,0.588
367,7,0.524,-0.02,0.22,0.02,0.316,0.66,1.0,0.78
368,2,0.716,0.98,0.412,0.0,0.084,0.34,0.768,0.76
369,2,0.908,1.0,0.604,-0.02,-0.148,0.02,0.536,0.74
370,5,0.588,0.768,0.584,0.172,0.852,0.212,0.516,0.508
371,5,0.268,0.536,0.564,0.364,1.0,0.404,0.496,0.276
372,,0.248,0.516,0.544,0.344,0.98,0.384,0.476,0.256
373,,0.228,0.496,0.524,0.324,0.96,0.364,0.456,0.236
374,,0.208,0.476,0.504,0.304,0.94,0.344,0.436,0.216
375,,0.188,0.456,0.484,0.284,0.92,0.324,0.416,0.196
376,,0.168,0.436,0.464,0.264,0.9,0.304,0.396,0.176
377,,0.148,0.416,0.444,0.244,0.88,0.284,0.376,0.156
378,,0.128,0.396,0.424,0.224,0.86,0.264,0.356,0.136
379,,0.108,0.376,0.404,0.204,0.84,0.244,0.336,0.116
380,,0.088,0.356,0.384,0.184,0.82,0.224,0.316,0.096
381,,0.068,0.336,0.364,0.164,0.8,0.204,0.296,0.076
382,,0.048,0.316,0.344,0.144,0.78,0.184,0.276,0.056
383,,0.028,0.296,0.324,0.124,0.76,0.164,0.256,0.036
384,,0.008,0.276,0.304,0.104,0.74,0.144,0.236,0.016
385,,-0.012,0.256,0.284,0.084,0.72,0.124,0.216,-0.004
386,1,0.988,0.448,0.264,-0.148,0.4,-0.108,0.196,0.188
387,1,1.0,0.64,0.244,-0.38,0.08,-0.34,0.176,0.38
388,4,0.768,0.62,0.436,0.62,0.272,-0.36,-0.056,0.06
389,4,0.536,0.6,0.628,1.0,0.464,-0.38,-0.288,-0.26
390,6,0.304,0.28,0.396,0.98,0.656,0.62,-0.096,-0.28
391,6,0.072,-0.04,0.164,0.96,0.848,1.0,0.096,-0.3
392,8,0.264,-0.06,-0.068,0.64,0.616,0.98,0.288,0.7
393,8,0.456,-0.08,-0.3,0.32,0.384,0.96,0.48,1.0
394,3,0.436,0.112,0.7,0.512,0.364,0.728,0.16,0.768
395,3,0.416,0.304,1.0,0.704,0.344,0.496,-0.16,0.536
396,7,0.396,0.072,0.68,0.472,0.324,0.688,0.84,0.728
397,7,0.376,-0.16,0.36,0.24,0.304,0.88,1.0,0.92
398,2,0.568,0.84,0.552,0.22,0.072,0.56,0.768,0.9
399,2,0.76,1.0,0.744,0.2,-0.16,0.24,0.536,0.88
400,5,0.44,0.768,0.724,0.392,0.84,0.432,0.516,0.648
401,5,0.12,0.536,0.704,0.584,1.0,0.624,0.496,0.416
402,,0.1,0.516,0.684,0.564,0.98,0.604,0.476,0.396
403,,0.08,0.496,0.664,0.544,0.96,0.584,0.456,0.376
404,,0.06,0.476,0.644,0.524,0.94,0.564,0.436,0.356
405,,0.04,0.456,0.624,0.504,0.92,0.544,0.416,0.336
406,,0.02,0.436,0.604,0.484,0.9,0.524,0.396,0.316
407,,0.0,0.416,0.584,0.464,0.88,0.504,0.376,0.296
408,,-0.02,0.396,0.564,0.444,0.86,0.484,0.356,0.276
409,1,0.98,0.588,0.544,0.212,0.54,0.252,0.336,0.468
410,1,1.0,0.78,0.524,-0.02,0.22,0.02,0.316,0.66
411,4,0.768,0.76,0.716,0.98,0.412,0.0,0.084,0.34
412,4,0.536,0.74,0.908,1.0,0.604,-0.02,-0.148,0.02
413,7,0.516,0.508,0.588,0.768,0.584,0.172,0.852,0.212
414,7,0.496,0.276,0.268,0.536,0.564,0.364,1.0,0.404
415,,0.476,0.256,0.248,0.516,0.544,0.344,0.98,0.384
416,,0.456,0.236,0.228,0.496,0.524,0.324,0.96,0.364
417,,0.436,0.216,0.208,0.476,0.504,0.304,0.94,0.344
418,,0.416,0.196,0.188,0.456,0.484,0.284,0.92,0.324
419,,0.396,0.176,0.168,0.436,0.464,0.264,0.9,0.304
420,,0.376,0.156,0.148,0.416,0.444,0.244,0.88,0.284
421,,0.356,0.136,0.128,0.396,0.424,0.224,0.86,0.264
422,,0.336,0.116,0.108,0.376,0.404,0.204,0.84,0.244
423,,0.316,0.096,0.088,0.356,0.384,0.184,0.82,0.224
424,,0.296,0.076,0.068,0.336,0.364,0.164,0.8,0.204
425,,0.276,0.056,0.048,0.316,0.344,0.144,0.78,0.184
426,,0.256,0.036,0.028,0.296,0.324,0.124,0.76,0.164
427,,0.236,0.016,0.008,0.276,0.304,0.104,0.74,0.144
428,,0.216,-0.004,-0.012,0.256,0.284,0.084,0.72,0.124
429,3,0.196,0.188,0.988,0.448,0.264,-0.148,0.4,-0.108
430,3,0.176,0.38,1.0,0.64,0.244,-0.38,0.08,-0.34
431,6,-0.056,0.06,0.768,0.62,0.436,0.62,0.272,-0.36
432,6,-0.288,-0.26,0.536,0.6,0.628,1.0,0.464,-0.38
433,8,-0.096,-0.28,0.304,0.28,0.396,0.98,0.656,0.62
434,8,0.096,-0.3,0.072,-0.04,0.164,0.96,0.848,1.0
435,2,0.288,0.7,0.264,-0.06,-0.068,0.64,0.616,0.98
436,2,0.48,1.0,0.456,-0.08,-0.3,0.32,0.384,0.96
437,5,0.16,0.768,0.436,0.112,0.7,0.512,0.364,0.728
438,5,-0.16,0.536,0.416,0.304,1.0,0.704,0.344,0.496
439,1,0.84,0.728,0.396,0.072,0.68,0.472,0.324,0.688
440,1,1.0,0.92,0.376,-0.16,0.36,0.24,0.304,0.88
441,4,0.768,0.9,0.568,0.84,0.552,0.22,0.072,0.56
442,4,0.536,0.88,0.76,1.0,0.744,0.2,-0.16,0.24
443,7,0.516,0.648,0.44,0.768,0.724,0.392,0.84,0.432
444,7,0.496,0.416,0.12,0.536,0.704,0.584,1.0,0.624
445,,0.476,0.396,0.1,0.516,0.684,0.564,0.98,0.604
446,,0.456,0.376,0.08,0.496,0.664,0.544,0.96,0.584
447,,0.436,0.356,0.06,0.476,0.644,0.524,0.94,0.564
448,,0.416,0.336,0.04,0.456,0.624,0.504,0.92,0.544
449,,0.396,0.316,0.02,0.436,0.604,0.484,0.9,0.524
450,,0.376,0.296,0.0,0.416,0.584,0.464,0.88,0.504
451,,0.356,0.276,-0.02,0.396,0.564,0.444,0.86,0.484
452,3,0.336,0.468,0.98,0.588,0.544,0.212,0.54,0.252
453,3,0.316,0.66,1.0,0.78,0.524,-0.02,0.22,0.02
454,6,0.084,0.34,0.768,0.76,0.716,0.98,0.412,0.0
455,6,-0.148,0.02,0.536,0.74,0.908,1.0,0.604,-0.02
456,1,0.852,0.212,0.516,0.508,0.588,0.768,0.584,0.172
457,1,1.0,0.404,0.496,0.276,0.268,0.536,0.564,0.364
458,,0.98,0.384,0.476,0.256,0.248,0.516,0.544,0.344
459,,0.96,0.364,0.456,0.236,0.228,0.496,0.524,0.324
460,,0.94,0.344,0.436,0.216,0.208,0.476,0.504,0.304
461,,0.92,0.324,0.416,0.196,0.188,0.456,0.484,0.284
462,,0.9,0.304,0.396,0.176,0.168,0.436,0.464,0.264
463,,0.88,0.284,0.376,0.156,0.148,0.416,0.444,0.244
464,,0.86,0.264,0.356,0.136,0.128,0.396,0.424,0.224
465,,0.84,0.244,0.336,0.116,0.108,0.376,0.404,0.204
466,,0.82,0.224,0.316,0.096,0.088,0.356,0.384,0.184
467,,0.8,0.204,0.296,0.076,0.068,0.336,0.364,0.164
468,,0.78,0.184,0.276,0.056,0.048,0.316,0.344,0.144
469,,0.76,0.164,0.256,0.036,0.028,0.296,0.324,0.124
470,,0.74,0.144,0.236,0.016,0.008,0.276,0.304,0.104
471,,0.72,0.124,0.216,-0.004,-0.012,0.256,0.284,0.084
472,5,0.4,-0.108,0.196,0.188,0.988,0.448,0.264,-0.148
473,5,0.08,-0.34,0.176,0.38,1.0,0.64,0.244,-0.38
474,8,0.272,-0.36,-0.056,0.06,0.768,0.62,0.436,0.62
475,8,0.464,-0.38,-0.288,-0.26,0.536,0.6,0.628,1.0
476,2,0.656,0.62,-0.096,-0.28,0.304,0.28,0.396,0.98
477,2,0.848,1.0,0.096,-0.3,0.072,-0.04,0.164,0.96
478,4,0.616,0.98,0.288,0.7,0.264,-0.06,-0.068,0.64
479,4,0.384,0.96,0.48,1.0,0.456,-0.08,-0.3,0.32
480,7,0.364,0.728,0.16,0.768,0.436,0.112,0.7,0.512
481,7,0.344,0.496,-0.16,0.536,0.416,0.304,1.0,0.704
482,3,0.324,0.688,0.84,0.728,0.396,0.072,0.68,0.472
483,3,0.304,0.88,1.0,0.92,0.376,-0.16,0.36,0.24
484,6,0.072,0.56,0.768,0.9,0.568,0.84,0.552,0.22
485,6,-0.16,0.24,0.536,0.88,0.76,1.0,0.744,0.2
486,1,0.84,0.432,0.516,0.648,0.44,0.768,0.724,0.392
487,1,1.0,0.624,0.496,0.416,0.12,0.536,0.704,0.584
488,,0.98,0.604,0.476,0.396,0.1,0.516,0.684,0.564
489,,0.96,0.584,0.456,0.376,0.08,0.496,0.664,0.544
490,,0.94,0.564,0.436,0.356,0.06,0.476,0.644,0.524
491,,0.92,0.544,0.416,0.336,0.04,0.456,0.624,0.504
492,,0.9,0.524,0.396,0.316,0.02,0.436,0.604,0.484
493,,0.88,0.504,0.376,0.296,0.0,0.416,0.584,0.464
494,,0.86,0.484,0.356,0.276,-0.02,0.396,0.564,0.444
495,5,0.54,0.252,0.336,0.468,0.98,0.588,0.544,0.212
496,5,0.22,0.02,0.316,0.66,1.0,0.78,0.524,-0.02
497,8,0.412,0.0,0.084,0.34,0.768,0.76,0.716,0.98
498,8,0.604,-0.02,-0.148,0.02,0.536,0.74,0.908,1.0
499,3,0.584,0.172,0.852,0.212,0.516,0.508,0.588,0.768
