step,active_motive,motive_1,motive_2,motive_3,motive_4,motive_5,motive_6,motive_7,motive_8
0,,0.91496,0.85004,0.44945,0.09541,0.37082,0.66884,0.66592,0.5913
1,,0.89496,0.83004,0.42945,0.07541,0.35082,0.64884,0.64592,0.5713
2,,0.87496,0.81004,0.40945,0.05541,0.33082,0.62884,0.62592,0.5513
3,,0.85496,0.79004,0.38945,0.03541,0.31082,0.60884,0.60592,0.5313
4,,0.83496,0.77004,0.36945,0.01541,0.29082,0.58884,0.58592,0.5113
5,,0.81496,0.75004,0.34945,-0.00459,0.27082,0.56884,0.56592,0.4913
6,4,0.58296,0.73004,0.54145,0.99541,0.46282,0.54884,0.33392,0.1713
7,4,0.35096,0.71004,0.73345,1.0,0.65482,0.52884,0.10192,-0.1487
8,8,0.54296,0.69004,0.50145,0.68,0.42282,0.50884,0.29392,0.8513
9,8,0.73496,0.67004,0.26945,0.36,0.19082,0.48884,0.48592,1.0
10,,0.71496,0.65004,0.24945,0.34,0.17082,0.46884,0.46592,0.98
11,,0.69496,0.63004,0.22945,0.32,0.15082,0.44884,0.44592,0.96
12,,0.67496,0.61004,0.20945,0.3,0.13082,0.42884,0.42592,0.94
13,,0.65496,0.59004,0.18945,0.28,0.11082,0.40884,0.40592,0.92
14,,0.63496,0.57004,0.16945,0.26,0.09082,0.38884,0.38592,0.9
15,,0.61496,0.55004,0.14945,0.24,0.07082,0.36884,0.36592,0.88
16,,0.59496,0.53004,0.12945,0.22,0.05082,0.34884,0.34592,0.86
17,,0.57496,0.51004,0.10945,0.2,0.03082,0.32884,0.32592,0.84
18,,0.55496,0.49004,0.08945,0.18,0.01082,0.30884,0.30592,0.82
19,,0.53496,0.47004,0.06945,0.16,-0.00918,0.28884,0.28592,0.8
20,5,0.21496,0.23804,0.04945,0.352,0.99082,0.48084,0.26592,0.568
21,5,-0.10504,0.00604,0.02945,0.544,1.0,0.67284,0.24592,0.336
22,1,0.89496,0.19804,0.00945,0.312,0.68,0.44084,0.22592,0.528
23,1,1.0,0.39004,-0.01055,0.08,0.36,0.20884,0.20592,0.72
24,3,0.98,0.58204,0.98945,0.272,0.34,-0.02316,-0.11408,0.488
25,3,0.96,0.77404,1.0,0.464,0.32,-0.25516,-0.43408,0.256
26,7,0.94,0.54204,0.68,0.232,0.3,-0.06316,0.56592,0.448
27,7,0.92,0.31004,0.36,0.0,0.28,0.12884,1.0,0.64
28,,0.9,0.29004,0.34,-0.02,0.26,0.10884,0.98,0.62
29,4,0.668,0.27004,0.532,0.98,0.452,0.08884,0.748,0.3
30,4,0.436,0.25004,0.724,1.0,0.644,0.06884,0.516,-0.02
31,8,0.628,0.23004,0.492,0.68,0.412,0.04884,0.708,0.98
32,8,0.82,0.21004,0.26,0.36,0.18,0.02884,0.9,1.0
33,,0.8,0.19004,0.24,0.34,0.16,0.00884,0.88,0.98
34,,0.78,0.17004,0.22,0.32,0.14,-0.01116,0.86,0.96
35,6,0.548,-0.14996,-0.012,0.3,0.332,0.98884,1.0,0.94
36,6,0.316,-0.46996,-0.244,0.28,0.524,1.0,1.0,0.92
37,2,0.508,0.53004,-0.052,0.26,0.292,0.68,0.768,0.9
38,2,0.7,1.0,0.14,0.24,0.06,0.36,0.536,0.88
39,,0.68,0.98,0.12,0.22,0.04,0.34,0.516,0.86
40,,0.66,0.96,0.1,0.2,0.02,0.32,0.496,0.84
41,,0.64,0.94,0.08,0.18,0.0,0.3,0.476,0.82
42,,0.62,0.92,0.06,0.16,-0.02,0.28,0.456,0.8
43,5,0.3,0.688,0.04,0.352,0.98,0.472,0.436,0.568
44,5,-0.02,0.456,0.02,0.544,1.0,0.664,0.416,0.336
45,1,0.98,0.648,0.0,0.312,0.68,0.432,0.396,0.528
46,1,1.0,0.84,-0.02,0.08,0.36,0.2,0.376,0.72
47,3,0.98,1.0,0.98,0.272,0.34,-0.032,0.056,0.488
48,3,0.96,1.0,1.0,0.464,0.32,-0.264,-0.264,0.256
49,7,0.94,0.768,0.68,0.232,0.3,-0.072,0.736,0.448
50,7,0.92,0.536,0.36,0.0,0.28,0.12,1.0,0.64
51,,0.9,0.516,0.34,-0.02,0.26,0.1,0.98,0.62
52,4,0.668,0.496,0.532,0.98,0.452,0.08,0.748,0.3
53,4,0.436,0.476,0.724,1.0,0.644,0.06,0.516,-0.02
54,8,0.628,0.456,0.492,0.68,0.412,0.04,0.708,0.98
55,8,0.82,0.436,0.26,0.36,0.18,0.02,0.9,1.0
56,,0.8,0.416,0.24,0.34,0.16,0.0,0.88,0.98
57,,0.78,0.396,0.22,0.32,0.14,-0.02,0.86,0.96
58,6,0.548,0.076,-0.012,0.3,0.332,0.98,1.0,0.94
59,6,0.316,-0.244,-0.244,0.28,0.524,1.0,1.0,0.92
60,2,0.508,0.756,-0.052,0.26,0.292,0.68,0.768,0.9
61,2,0.7,1.0,0.14,0.24,0.06,0.36,0.536,0.88
62,,0.68,0.98,0.12,0.22,0.04,0.34,0.516,0.86
63,,0.66,0.96,0.1,0.2,0.02,0.32,0.496,0.84
64,,0.64,0.94,0.08,0.18,0.0,0.3,0.476,0.82
65,,0.62,0.92,0.06,0.16,-0.02,0.28,0.456,0.8
66,5,0.3,0.688,0.04,0.352,0.98,0.472,0.436,0.568
67,5,-0.02,0.456,0.02,0.544,1.0,0.664,0.416,0.336
68,1,0.98,0.648,0.0,0.312,0.68,0.432,0.396,0.528
69,1,1.0,0.84,-0.02,0.08,0.36,0.2,0.376,0.72
70,3,0.98,1.0,0.98,0.272,0.34,-0.032,0.056,0.488
71,3,0.96,1.0,1.0,0.464,0.32,-0.264,-0.264,0.256
72,6,0.728,0.68,0.768,0.444,0.512,0.736,-0.072,0.236
73,6,0.496,0.36,0.536,0.424,0.704,1.0,0.12,0.216
74,,0.476,0.34,0.516,0.404,0.684,0.98,0.1,0.196
75,,0.456,0.32,0.496,0.384,0.664,0.96,0.08,0.176
76,,0.436,0.3,0.476,0.364,0.644,0.94,0.06,0.156
77,,0.416,0.28,0.456,0.344,0.624,0.92,0.04,0.136
78,,0.396,0.26,0.436,0.324,0.604,0.9,0.02,0.116
79,,0.376,0.24,0.416,0.304,0.584,0.88,0.0,0.096
80,,0.356,0.22,0.396,0.284,0.564,0.86,-0.02,0.076
81,7,0.336,-0.012,0.076,0.052,0.544,1.0,0.98,0.268
82,7,0.316,-0.244,-0.244,-0.18,0.524,1.0,1.0,0.46
83,2,0.508,0.756,-0.052,-0.2,0.292,0.68,0.768,0.44
84,2,0.7,1.0,0.14,-0.22,0.06,0.36,0.536,0.42
85,4,0.468,0.98,0.332,0.78,0.252,0.34,0.304,0.1
86,4,0.236,0.96,0.524,1.0,0.444,0.32,0.072,-0.22
87,8,0.428,0.94,0.292,0.68,0.212,0.3,0.264,0.78
88,8,0.62,0.92,0.06,0.36,-0.02,0.28,0.456,1.0
89,5,0.3,0.688,0.04,0.552,0.98,0.472,0.436,0.768
90,5,-0.02,0.456,0.02,0.744,1.0,0.664,0.416,0.536
91,1,0.98,0.648,0.0,0.512,0.68,0.432,0.396,0.728
92,1,1.0,0.84,-0.02,0.28,0.36,0.2,0.376,0.92
93,3,0.98,1.0,0.98,0.472,0.34,-0.032,0.056,0.688
94,3,0.96,1.0,1.0,0.664,0.32,-0.264,-0.264,0.456
95,6,0.728,0.68,0.768,0.644,0.512,0.736,-0.072,0.436
96,6,0.496,0.36,0.536,0.624,0.704,1.0,0.12,0.416
97,,0.476,0.34,0.516,0.604,0.684,0.98,0.1,0.396
98,,0.456,0.32,0.496,0.584,0.664,0.96,0.08,0.376
99,,0.436,0.3,0.476,0.564,0.644,0.94,0.06,0.356
100,,0.416,0.28,0.456,0.544,0.624,0.92,0.04,0.336
101,,0.396,0.26,0.436,0.524,0.604,0.9,0.02,0.316
102,,0.376,0.24,0.416,0.504,0.584,0.88,0.0,0.296
103,,0.356,0.22,0.396,0.484,0.564,0.86,-0.02,0.276
104,7,0.336,-0.012,0.076,0.252,0.544,1.0,0.98,0.468
105,7,0.316,-0.244,-0.244,0.02,0.524,1.0,1.0,0.66
106,2,0.508,0.756,-0.052,0.0,0.292,0.68,0.768,0.64
107,2,0.7,1.0,0.14,-0.02,0.06,0.36,0.536,0.62
108,4,0.468,0.98,0.332,0.98,0.252,0.34,0.304,0.3
109,4,0.236,0.96,0.524,1.0,0.444,0.32,0.072,-0.02
110,8,0.428,0.94,0.292,0.68,0.212,0.3,0.264,0.98
111,8,0.62,0.92,0.06,0.36,-0.02,0.28,0.456,1.0
112,5,0.3,0.688,0.04,0.552,0.98,0.472,0.436,0.768
113,5,-0.02,0.456,0.02,0.744,1.0,0.664,0.416,0.536
114,1,0.98,0.648,0.0,0.512,0.68,0.432,0.396,0.728
115,1,1.0,0.84,-0.02,0.28,0.36,0.2,0.376,0.92
116,3,0.98,1.0,0.98,0.472,0.34,-0.032,0.056,0.688
117,3,0.96,1.0,1.0,0.664,0.32,-0.264,-0.264,0.456
118,6,0.728,0.68,0.768,0.644,0.512,0.736,-0.072,0.436
119,6,0.496,0.36,0.536,0.624,0.704,1.0,0.12,0.416
120,,0.476,0.34,0.516,0.604,0.684,0.98,0.1,0.396
121,,0.456,0.32,0.496,0.584,0.664,0.96,0.08,0.376
122,,0.436,0.3,0.476,0.564,0.644,0.94,0.06,0.356
123,,0.416,0.28,0.456,0.544,0.624,0.92,0.04,0.336
124,,0.396,0.26,0.436,0.524,0.604,0.9,0.02,0.316
125,,0.376,0.24,0.416,0.504,0.584,0.88,0.0,0.296
126,,0.356,0.22,0.396,0.484,0.564,0.86,-0.02,0.276
127,7,0.336,-0.012,0.076,0.252,0.544,1.0,0.98,0.468
128,7,0.316,-0.244,-0.244,0.02,0.524,1.0,1.0,0.66
129,3,0.296,-0.052,0.756,0.212,0.504,0.768,0.68,0.428
130,3,0.276,0.14,1.0,0.404,0.484,0.536,0.36,0.196
131,,0.256,0.12,0.98,0.384,0.464,0.516,0.34,0.176
132,,0.236,0.1,0.96,0.364,0.444,0.496,0.32,0.156
133,,0.216,0.08,0.94,0.344,0.424,0.476,0.3,0.136
134,,0.196,0.06,0.92,0.324,0.404,0.456,0.28,0.116
135,,0.176,0.04,0.9,0.304,0.384,0.436,0.26,0.096
136,,0.156,0.02,0.88,0.284,0.364,0.416,0.24,0.076
137,,0.136,0.0,0.86,0.264,0.344,0.396,0.22,0.056
138,,0.116,-0.02,0.84,0.244,0.324,0.376,0.2,0.036
139,2,0.308,0.98,1.0,0.224,0.092,0.056,-0.032,0.016
140,2,0.5,1.0,1.0,0.204,-0.14,-0.264,-0.264,-0.004
141,6,0.268,0.68,0.768,0.184,0.052,0.736,-0.072,-0.024
142,6,0.036,0.36,0.536,0.164,0.244,1.0,0.12,-0.044
143,8,0.228,0.34,0.304,-0.156,0.012,0.98,0.312,0.956
144,8,0.42,0.32,0.072,-0.476,-0.22,0.96,0.504,1.0
145,4,0.188,0.3,0.264,0.524,-0.028,0.94,0.272,0.68
146,4,-0.044,0.28,0.456,1.0,0.164,0.92,0.04,0.36
147,1,0.956,0.472,0.436,0.768,-0.156,0.688,0.02,0.552
148,1,1.0,0.664,0.416,0.536,-0.476,0.456,0.0,0.744
149,5,0.68,0.432,0.396,0.728,0.524,0.648,-0.02,0.512
150,5,0.36,0.2,0.376,0.92,1.0,0.84,-0.04,0.28
151,7,0.34,-0.032,0.056,0.688,0.98,1.0,0.96,0.472
152,7,0.32,-0.264,-0.264,0.456,0.96,1.0,1.0,0.664
153,2,0.512,0.736,-0.072,0.436,0.728,0.68,0.768,0.644
154,2,0.704,1.0,0.12,0.416,0.496,0.36,0.536,0.624
155,,0.684,0.98,0.1,0.396,0.476,0.34,0.516,0.604
156,,0.664,0.96,0.08,0.376,0.456,0.32,0.496,0.584
157,,0.644,0.94,0.06,0.356,0.436,0.3,0.476,0.564
158,,0.624,0.92,0.04,0.336,0.416,0.28,0.456,0.544
159,,0.604,0.9,0.02,0.316,0.396,0.26,0.436,0.524
160,,0.584,0.88,0.0,0.296,0.376,0.24,0.416,0.504
161,,0.564,0.86,-0.02,0.276,0.356,0.22,0.396,0.484
162,3,0.544,1.0,0.98,0.468,0.336,-0.012,0.076,0.252
163,3,0.524,1.0,1.0,0.66,0.316,-0.244,-0.244,0.02
164,6,0.292,0.68,0.768,0.64,0.508,0.756,-0.052,0.0
165,6,0.06,0.36,0.536,0.62,0.7,1.0,0.14,-0.02
166,8,0.252,0.34,0.304,0.3,0.468,0.98,0.332,0.98
167,8,0.444,0.32,0.072,-0.02,0.236,0.96,0.524,1.0
168,4,0.212,0.3,0.264,0.98,0.428,0.94,0.292,0.68
169,4,-0.02,0.28,0.456,1.0,0.62,0.92,0.06,0.36
170,1,0.98,0.472,0.436,0.768,0.3,0.688,0.04,0.552
171,1,1.0,0.664,0.416,0.536,-0.02,0.456,0.02,0.744
172,5,0.68,0.432,0.396,0.728,0.98,0.648,0.0,0.512
173,5,0.36,0.2,0.376,0.92,1.0,0.84,-0.02,0.28
174,7,0.34,-0.032,0.056,0.688,0.98,1.0,0.98,0.472
175,7,0.32,-0.264,-0.264,0.456,0.96,1.0,1.0,0.664
176,3,0.3,-0.072,0.736,0.648,0.94,0.768,0.68,0.432
177,3,0.28,0.12,1.0,0.84,0.92,0.536,0.36,0.2
178,,0.26,0.1,0.98,0.82,0.9,0.516,0.34,0.18
179,,0.24,0.08,0.96,0.8,0.88,0.496,0.32,0.16
180,,0.22,0.06,0.94,0.78,0.86,0.476,0.3,0.14
181,,0.2,0.04,0.92,0.76,0.84,0.456,0.28,0.12
182,,0.18,0.02,0.9,0.74,0.82,0.436,0.26,0.1
183,,0.16,0.0,0.88,0.72,0.8,0.416,0.24,0.08
184,,0.14,-0.02,0.86,0.7,0.78,0.396,0.22,0.06
185,2,0.332,0.98,1.0,0.68,0.548,0.076,-0.012,0.04
186,2,0.524,1.0,1.0,0.66,0.316,-0.244,-0.244,0.02
187,6,0.292,0.68,0.768,0.64,0.508,0.756,-0.052,0.0
188,6,0.06,0.36,0.536,0.62,0.7,1.0,0.14,-0.02
189,8,0.252,0.34,0.304,0.3,0.468,0.98,0.332,0.98
190,8,0.444,0.32,0.072,-0.02,0.236,0.96,0.524,1.0
191,4,0.212,0.3,0.264,0.98,0.428,0.94,0.292,0.68
192,4,-0.02,0.28,0.456,1.0,0.62,0.92,0.06,0.36
193,1,0.98,0.472,0.436,0.768,0.3,0.688,0.04,0.552
194,1,1.0,0.664,0.416,0.536,-0.02,0.456,0.02,0.744
195,5,0.68,0.432,0.396,0.728,0.98,0.648,0.0,0.512
196,5,0.36,0.2,0.376,0.92,1.0,0.84,-0.02,0.28
197,7,0.34,-0.032,0.056,0.688,0.98,1.0,0.98,0.472
198,7,0.32,-0.264,-0.264,0.456,0.96,1.0,1.0,0.664
199,2,0.512,0.736,-0.072,0.436,0.728,0.68,0.768,0.644
200,2,0.704,1.0,0.12,0.416,0.496,0.36,0.536,0.624
201,,0.684,0.98,0.1,0.396,0.476,0.34,0.516,0.604
202,,0.664,0.96,0.08,0.376,0.456,0.32,0.496,0.584
203,,0.644,0.94,0.06,0.356,0.436,0.3,0.476,0.564
204,,0.624,0.92,0.04,0.336,0.416,0.28,0.456,0.544
205,,0.604,0.9,0.02,0.316,0.396,0.26,0.436,0.524
206,,0.584,0.88,0.0,0.296,0.376,0.24,0.416,0.504
207,,0.564,0.86,-0.02,0.276,0.356,0.22,0.396,0.484
208,3,0.544,1.0,0.98,0.468,0.336,-0.012,0.076,0.252
209,3,0.524,1.0,1.0,0.66,0.316,-0.244,-0.244,0.02
210,7,0.504,0.768,0.68,0.428,0.296,-0.052,0.756,0.212
211,7,0.484,0.536,0.36,0.196,0.276,0.14,1.0,0.404
212,,0.464,0.516,0.34,0.176,0.256,0.12,0.98,0.384
213,,0.444,0.496,0.32,0.156,0.236,0.1,0.96,0.364
214,,0.424,0.476,0.3,0.136,0.216,0.08,0.94,0.344
215,,0.404,0.456,0.28,0.116,0.196,0.06,0.92,0.324
216,,0.384,0.436,0.26,0.096,0.176,0.04,0.9,0.304
217,,0.364,0.416,0.24,0.076,0.156,0.02,0.88,0.284
218,,0.344,0.396,0.22,0.056,0.136,0.0,0.86,0.264
219,,0.324,0.376,0.2,0.036,0.116,-0.02,0.84,0.244
220,6,0.092,0.056,-0.032,0.016,0.308,0.98,1.0,0.224
221,6,-0.14,-0.264,-0.264,-0.004,0.5,1.0,1.0,0.204
222,2,0.052,0.736,-0.072,-0.024,0.268,0.68,0.768,0.184
223,2,0.244,1.0,0.12,-0.044,0.036,0.36,0.536,0.164
224,4,0.012,0.98,0.312,0.956,0.228,0.34,0.304,-0.156
225,4,-0.22,0.96,0.504,1.0,0.42,0.32,0.072,-0.476
226,8,-0.028,0.94,0.272,0.68,0.188,0.3,0.264,0.524
227,8,0.164,0.92,0.04,0.36,-0.044,0.28,0.456,1.0
228,5,-0.156,0.688,0.02,0.552,0.956,0.472,0.436,0.768
229,5,-0.476,0.456,0.0,0.744,1.0,0.664,0.416,0.536
230,1,0.524,0.648,-0.02,0.512,0.68,0.432,0.396,0.728
231,1,1.0,0.84,-0.04,0.28,0.36,0.2,0.376,0.92
232,3,0.98,1.0,0.96,0.472,0.34,-0.032,0.056,0.688
233,3,0.96,1.0,1.0,0.664,0.32,-0.264,-0.264,0.456
234,6,0.728,0.68,0.768,0.644,0.512,0.736,-0.072,0.436
235,6,0.496,0.36,0.536,0.624,0.704,1.0,0.12,0.416
236,,0.476,0.34,0.516,0.604,0.684,0.98,0.1,0.396
237,,0.456,0.32,0.496,0.584,0.664,0.96,0.08,0.376
238,,0.436,0.3,0.476,0.564,0.644,0.94,0.06,0.356
239,,0.416,0.28,0.456,0.544,0.624,0.92,0.04,0.336
240,,0.396,0.26,0.436,0.524,0.604,0.9,0.02,0.316
241,,0.376,0.24,0.416,0.504,0.584,0.88,0.0,0.296
242,,0.356,0.22,0.396,0.484,0.564,0.86,-0.02,0.276
243,7,0.336,-0.012,0.076,0.252,0.544,1.0,0.98,0.468
244,7,0.316,-0.244,-0.244,0.02,0.524,1.0,1.0,0.66
245,2,0.508,0.756,-0.052,0.0,0.292,0.68,0.768,0.64
246,2,0.7,1.0,0.14,-0.02,0.06,0.36,0.536,0.62
247,4,0.468,0.98,0.332,0.98,0.252,0.34,0.304,0.3
248,4,0.236,0.96,0.524,1.0,0.444,0.32,0.072,-0.02
249,8,0.428,0.94,0.292,0.68,0.212,0.3,0.264,0.98
250,8,0.62,0.92,0.06,0.36,-0.02,0.28,0.456,1.0
251,5,0.3,0.688,0.04,0.552,0.98,0.472,0.436,0.768
252,5,-0.02,0.456,0.02,0.744,1.0,0.664,0.416,0.536
253,1,0.98,0.648,0.0,0.512,0.68,0.432,0.396,0.728
254,1,1.0,0.84,-0.02,0.28,0.36,0.2,0.376,0.92
255,3,0.98,1.0,0.98,0.472,0.34,-0.032,0.056,0.688
256,3,0.96,1.0,1.0,0.664,0.32,-0.264,-0.264,0.456
257,6,0.728,0.68,0.768,0.644,0.512,0.736,-0.072,0.436
258,6,0.496,0.36,0.536,0.624,0.704,1.0,0.12,0.416
259,,0.476,0.34,0.516,0.604,0.684,0.98,0.1,0.396
260,,0.456,0.32,0.496,0.584,0.664,0.96,0.08,0.376
261,,0.436,0.3,0.476,0.564,0.644,0.94,0.06,0.356
262,,0.416,0.28,0.456,0.544,0.624,0.92,0.04,0.336
263,,0.396,0.26,0.436,0.524,0.604,0.9,0.02,0.316
264,,0.376,0.24,0.416,0.504,0.584,0.88,0.0,0.296
265,,0.356,0.22,0.396,0.484,0.564,0.86,-0.02,0.276
266,7,0.336,-0.012,0.076,0.252,0.544,1.0,0.98,0.468
267,7,0.316,-0.244,-0.244,0.02,0.524,1.0,1.0,0.66
268,2,0.508,0.756,-0.052,0.0,0.292,0.68,0.768,0.64
269,2,0.7,1.0,0.14,-0.02,0.06,0.36,0.536,0.62
270,4,0.468,0.98,0.332,0.98,0.252,0.34,0.304,0.3
271,4,0.236,0.96,0.524,1.0,0.444,0.32,0.072,-0.02
272,8,0.428,0.94,0.292,0.68,0.212,0.3,0.264,0.98
273,8,0.62,0.92,0.06,0.36,-0.02,0.28,0.456,1.0
274,5,0.3,0.688,0.04,0.552,0.98,0.472,0.436,0.768
275,5,-0.02,0.456,0.02,0.744,1.0,0.664,0.416,0.536
276,1,0.98,0.648,0.0,0.512,0.68,0.432,0.396,0.728
277,1,1.0,0.84,-0.02,0.28,0.36,0.2,0.376,0.92
278,3,0.98,1.0,0.98,0.472,0.34,-0.032,0.056,0.688
279,3,0.96,1.0,1.0,0.664,0.32,-0.264,-0.264,0.456
280,7,0.94,0.768,0.68,0.432,0.3,-0.072,0.736,0.648
281,7,0.92,0.536,0.36,0.2,0.28,0.12,1.0,0.84
282,,0.9,0.516,0.34,0.18,0.26,0.1,0.98,0.82
283,,0.88,0.496,0.32,0.16,0.24,0.08,0.96,0.8
284,,0.86,0.476,0.3,0.14,0.22,0.06,0.94,0.78
285,,0.84,0.456,0.28,0.12,0.2,0.04,0.92,0.76
286,,0.82,0.436,0.26,0.1,0.18,0.02,0.9,0.74
287,,0.8,0.416,0.24,0.08,0.16,0.0,0.88,0.72
288,,0.78,0.396,0.22,0.06,0.14,-0.02,0.86,0.7
289,6,0.548,0.076,-0.012,0.04,0.332,0.98,1.0,0.68
290,6,0.316,-0.244,-0.244,0.02,0.524,1.0,1.0,0.66
291,3,0.296,-0.052,0.756,0.212,0.504,0.768,0.68,0.428
292,3,0.276,0.14,1.0,0.404,0.484,0.536,0.36,0.196
293,,0.256,0.12,0.98,0.384,0.464,0.516,0.34,0.176
294,,0.236,0.1,0.96,0.364,0.444,0.496,0.32,0.156
295,,0.216,0.08,0.94,0.344,0.424,0.476,0.3,0.136
296,,0.196,0.06,0.92,0.324,0.404,0.456,0.28,0.116
297,,0.176,0.04,0.9,0.304,0.384,0.436,0.26,0.096
298,,0.156,0.02,0.88,0.284,0.364,0.416,0.24,0.076
299,,0.136,0.0,0.86,0.264,0.344,0.396,0.22,0.056
300,,0.116,-0.02,0.84,0.244,0.324,0.376,0.2,0.036
301,2,0.308,0.98,1.0,0.224,0.092,0.056,-0.032,0.016
302,2,0.5,1.0,1.0,0.204,-0.14,-0.264,-0.264,-0.004
303,7,0.48,0.768,0.68,-0.028,-0.16,-0.072,0.736,0.188
304,7,0.46,0.536,0.36,-0.26,-0.18,0.12,1.0,0.38
305,4,0.228,0.516,0.552,0.74,0.012,0.1,0.768,0.06
306,4,-0.004,0.496,0.744,1.0,0.204,0.08,0.536,-0.26
307,8,0.188,0.476,0.512,0.68,-0.028,0.06,0.728,0.74
308,8,0.38,0.456,0.28,0.36,-0.26,0.04,0.92,1.0
309,5,0.06,0.224,0.26,0.552,0.74,0.232,0.9,0.768
310,5,-0.26,-0.008,0.24,0.744,1.0,0.424,0.88,0.536
311,1,0.74,0.184,0.22,0.512,0.68,0.192,0.86,0.728
312,1,1.0,0.376,0.2,0.28,0.36,-0.04,0.84,0.92
313,6,0.768,0.056,-0.032,0.26,0.552,0.96,1.0,0.9
314,6,0.536,-0.264,-0.264,0.24,0.744,1.0,1.0,0.88
315,2,0.728,0.736,-0.072,0.22,0.512,0.68,0.768,0.86
316,2,0.92,1.0,0.12,0.2,0.28,0.36,0.536,0.84
317,,0.9,0.98,0.1,0.18,0.26,0.34,0.516,0.82
318,,0.88,0.96,0.08,0.16,0.24,0.32,0.496,0.8
319,,0.86,0.94,0.06,0.14,0.22,0.3,0.476,0.78
320,,0.84,0.92,0.04,0.12,0.2,0.28,0.456,0.76
321,,0.82,0.9,0.02,0.1,0.18,0.26,0.436,0.74
322,,0.8,0.88,0.0,0.08,0.16,0.24,0.416,0.72
323,,0.78,0.86,-0.02,0.06,0.14,0.22,0.396,0.7
324,3,0.76,1.0,0.98,0.252,0.12,-0.012,0.076,0.468
325,3,0.74,1.0,1.0,0.444,0.1,-0.244,-0.244,0.236
326,6,0.508,0.68,0.768,0.424,0.292,0.756,-0.052,0.216
327,6,0.276,0.36,0.536,0.404,0.484,1.0,0.14,0.196
328,,0.256,0.34,0.516,0.384,0.464,0.98,0.12,0.176
329,,0.236,0.32,0.496,0.364,0.444,0.96,0.1,0.156
330,,0.216,0.3,0.476,0.344,0.424,0.94,0.08,0.136
331,,0.196,0.28,0.456,0.324,0.404,0.92,0.06,0.116
332,,0.176,0.26,0.436,0.304,0.384,0.9,0.04,0.096
333,,0.156,0.24,0.416,0.284,0.364,0.88,0.02,0.076
334,,0.136,0.22,0.396,0.264,0.344,0.86,0.0,0.056
335,,0.116,0.2,0.376,0.244,0.324,0.84,-0.02,0.036
336,7,0.096,-0.032,0.056,0.012,0.304,1.0,0.98,0.228
337,7,0.076,-0.264,-0.264,-0.22,0.284,1.0,1.0,0.42
338,2,0.268,0.736,-0.072,-0.24,0.052,0.68,0.768,0.4
339,2,0.46,1.0,0.12,-0.26,-0.18,0.36,0.536,0.38
340,4,0.228,0.98,0.312,0.74,0.012,0.34,0.304,0.06
341,4,-0.004,0.96,0.504,1.0,0.204,0.32,0.072,-0.26
342,8,0.188,0.94,0.272,0.68,-0.028,0.3,0.264,0.74
343,8,0.38,0.92,0.04,0.36,-0.26,0.28,0.456,1.0
344,5,0.06,0.688,0.02,0.552,0.74,0.472,0.436,0.768
345,5,-0.26,0.456,0.0,0.744,1.0,0.664,0.416,0.536
346,1,0.74,0.648,-0.02,0.512,0.68,0.432,0.396,0.728
347,1,1.0,0.84,-0.04,0.28,0.36,0.2,0.376,0.92
348,3,0.98,1.0,0.96,0.472,0.34,-0.032,0.056,0.688
349,3,0.96,1.0,1.0,0.664,0.32,-0.264,-0.264,0.456
350,7,0.94,0.768,0.68,0.432,0.3,-0.072,0.736,0.648
351,7,0.92,0.536,0.36,0.2,0.28,0.12,1.0,0.84
352,,0.9,0.516,0.34,0.18,0.26,0.1,0.98,0.82
353,,0.88,0.496,0.32,0.16,0.24,0.08,0.96,0.8
354,,0.86,0.476,0.3,0.14,0.22,0.06,0.94,0.78
355,,0.84,0.456,0.28,0.12,0.2,0.04,0.92,0.76
356,,0.82,0.436,0.26,0.1,0.18,0.02,0.9,0.74
357,,0.8,0.416,0.24,0.08,0.16,0.0,0.88,0.72
358,,0.78,0.396,0.22,0.06,0.14,-0.02,0.86,0.7
359,6,0.548,0.076,-0.012,0.04,0.332,0.98,1.0,0.68
360,6,0.316,-0.244,-0.244,0.02,0.524,1.0,1.0,0.66
361,2,0.508,0.756,-0.052,0.0,0.292,0.68,0.768,0.64
362,2,0.7,1.0,0.14,-0.02,0.06,0.36,0.536,0.62
363,4,0.468,0.98,0.332,0.98,0.252,0.34,0.304,0.3
364,4,0.236,0.96,0.524,1.0,0.444,0.32,0.072,-0.02
365,8,0.428,0.94,0.292,0.68,0.212,0.3,0.264,0.98
366,8,0.62,0.92,0.06,0.36,-0.02,0.28,0.456,1.0
367,5,0.3,0.688,0.04,0.552,0.98,0.472,0.436,0.768
368,5,-0.02,0.456,0.02,0.744,1.0,0.664,0.416,0.536
369,1,0.98,0.648,0.0,0.512,0.68,0.432,0.396,0.728
370,1,1.0,0.84,-0.02,0.28,0.36,0.2,0.376,0.92
371,3,0.98,1.0,0.98,0.472,0.34,-0.032,0.056,0.688
372,3,0.96,1.0,1.0,0.664,0.32,-0.264,-0.264,0.456
373,6,0.728,0.68,0.768,0.644,0.512,0.736,-0.072,0.436
374,6,0.496,0.36,0.536,0.624,0.704,1.0,0.12,0.416
375,,0.476,0.34,0.516,0.604,0.684,0.98,0.1,0.396
376,,0.456,0.32,0.496,0.584,0.664,0.96,0.08,0.376
377,,0.436,0.3,0.476,0.564,0.644,0.94,0.06,0.356
378,,0.416,0.28,0.456,0.544,0.624,0.92,0.04,0.336
379,,0.396,0.26,0.436,0.524,0.604,0.9,0.02,0.316
380,,0.376,0.24,0.416,0.504,0.584,0.88,0.0,0.296
381,,0.356,0.22,0.396,0.484,0.564,0.86,-0.02,0.276
382,7,0.336,-0.012,0.076,0.252,0.544,1.0,0.98,0.468
383,7,0.316,-0.244,-0.244,0.02,0.524,1.0,1.0,0.66
384,3,0.296,-0.052,0.756,0.212,0.504,0.768,0.68,0.428
385,3,0.276,0.14,1.0,0.404,0.484,0.536,0.36,0.196
386,,0.256,0.12,0.98,0.384,0.464,0.516,0.34,0.176
387,,0.236,0.1,0.96,0.364,0.444,0.496,0.32,0.156
388,,0.216,0.08,0.94,0.344,0.424,0.476,0.3,0.136
389,,0.196,0.06,0.92,0.324,0.404,0.456,0.28,0.116
390,,0.176,0.04,0.9,0.304,0.384,0.436,0.26,0.096
391,,0.156,0.02,0.88,0.284,0.364,0.416,0.24,0.076
392,,0.136,0.0,0.86,0.264,0.344,0.396,0.22,0.056
393,,0.116,-0.02,0.84,0.244,0.324,0.376,0.2,0.036
394,2,0.308,0.98,1.0,0.224,0.092,0.056,-0.032,0.016
395,2,0.5,1.0,1.0,0.204,-0.14,-0.264,-0.264,-0.004
396,6,0.268,0.68,0.768,0.184,0.052,0.736,-0.072,-0.024
397,6,0.036,0.36,0.536,0.164,0.244,1.0,0.12,-0.044
398,8,0.228,0.34,0.304,-0.156,0.012,0.98,0.312,0.956
399,8,0.42,0.32,0.072,-0.476,-0.22,0.96,0.504,1.0
400,4,0.188,0.3,0.264,0.524,-0.028,0.94,0.272,0.68
401,4,-0.044,0.28,0.456,1.0,0.164,0.92,0.04,0.36
402,1,0.956,0.472,0.436,0.768,-0.156,0.688,0.02,0.552
403,1,1.0,0.664,0.416,0.536,-0.476,0.456,0.0,0.744
404,5,0.68,0.432,0.396,0.728,0.524,0.648,-0.02,0.512
405,5,0.36,0.2,0.376,0.92,1.0,0.84,-0.04,0.28
406,7,0.34,-0.032,0.056,0.688,0.98,1.0,0.96,0.472
407,7,0.32,-0.264,-0.264,0.456,0.96,1.0,1.0,0.664
408,3,0.3,-0.072,0.736,0.648,0.94,0.768,0.68,0.432
409,3,0.28,0.12,1.0,0.84,0.92,0.536,0.36,0.2
410,,0.26,0.1,0.98,0.82,0.9,0.516,0.34,0.18
411,,0.24,0.08,0.96,0.8,0.88,0.496,0.32,0.16
412,,0.22,0.06,0.94,0.78,0.86,0.476,0.3,0.14
413,,0.2,0.04,0.92,0.76,0.84,0.456,0.28,0.12
414,,0.18,0.02,0.9,0.74,0.82,0.436,0.26,0.1
415,,0.16,0.0,0.88,0.72,0.8,0.416,0.24,0.08
416,,0.14,-0.02,0.86,0.7,0.78,0.396,0.22,0.06
417,2,0.332,0.98,1.0,0.68,0.548,0.076,-0.012,0.04
418,2,0.524,1.0,1.0,0.66,0.316,-0.244,-0.244,0.02
419,7,0.504,0.768,0.68,0.428,0.296,-0.052,0.756,0.212
420,7,0.484,0.536,0.36,0.196,0.276,0.14,1.0,0.404
421,,0.464,0.516,0.34,0.176,0.256,0.12,0.98,0.384
422,,0.444,0.496,0.32,0.156,0.236,0.1,0.96,0.364
423,,0.424,0.476,0.3,0.136,0.216,0.08,0.94,0.344
424,,0.404,0.456,0.28,0.116,0.196,0.06,0.92,0.324
425,,0.384,0.436,0.26,0.096,0.176,0.04,0.9,0.304
426,,0.364,0.416,0.24,0.076,0.156,0.02,0.88,0.284
427,,0.344,0.396,0.22,0.056,0.136,0.0,0.86,0.264
428,,0.324,0.376,0.2,0.036,0.116,-0.02,0.84,0.244
429,6,0.092,0.056,-0.032,0.016,0.308,0.98,1.0,0.224
430,6,-0.14,-0.264,-0.264,-0.004,0.5,1.0,1.0,0.204
431,3,-0.16,-0.072,0.736,0.188,0.48,0.768,0.68,-0.028
432,3,-0.18,0.12,1.0,0.38,0.46,0.536,0.36,-0.26
433,8,0.012,0.1,0.768,0.06,0.228,0.516,0.552,0.74
434,8,0.204,0.08,0.536,-0.26,-0.004,0.496,0.744,1.0
435,4,-0.028,0.06,0.728,0.74,0.188,0.476,0.512,0.68
436,4,-0.26,0.04,0.92,1.0,0.38,0.456,0.28,0.36
437,1,0.74,0.232,0.9,0.768,0.06,0.224,0.26,0.552
438,1,1.0,0.424,0.88,0.536,-0.26,-0.008,0.24,0.744
439,5,0.68,0.192,0.86,0.728,0.74,0.184,0.22,0.512
440,5,0.36,-0.04,0.84,0.92,1.0,0.376,0.2,0.28
441,2,0.552,0.96,1.0,0.9,0.768,0.056,-0.032,0.26
442,2,0.744,1.0,1.0,0.88,0.536,-0.264,-0.264,0.24
443,6,0.512,0.68,0.768,0.86,0.728,0.736,-0.072,0.22
444,6,0.28,0.36,0.536,0.84,0.92,1.0,0.12,0.2
445,,0.26,0.34,0.516,0.82,0.9,0.98,0.1,0.18
446,,0.24,0.32,0.496,0.8,0.88,0.96,0.08,0.16
447,,0.22,0.3,0.476,0.78,0.86,0.94,0.06,0.14
448,,0.2,0.28,0.456,0.76,0.84,0.92,0.04,0.12
449,,0.18,0.26,0.436,0.74,0.82,0.9,0.02,0.1
450,,0.16,0.24,0.416,0.72,0.8,0.88,0.0,0.08
451,,0.14,0.22,0.396,0.7,0.78,0.86,-0.02,0.06
452,7,0.12,-0.012,0.076,0.468,0.76,1.0,0.98,0.252
453,7,0.1,-0.244,-0.244,0.236,0.74,1.0,1.0,0.444
454,2,0.292,0.756,-0.052,0.216,0.508,0.68,0.768,0.424
455,2,0.484,1.0,0.14,0.196,0.276,0.36,0.536,0.404
456,,0.464,0.98,0.12,0.176,0.256,0.34,0.516,0.384
457,,0.444,0.96,0.1,0.156,0.236,0.32,0.496,0.364
458,,0.424,0.94,0.08,0.136,0.216,0.3,0.476,0.344
459,,0.404,0.92,0.06,0.116,0.196,0.28,0.456,0.324
460,,0.384,0.9,0.04,0.096,0.176,0.26,0.436,0.304
461,,0.364,0.88,0.02,0.076,0.156,0.24,0.416,0.284
462,,0.344,0.86,0.0,0.056,0.136,0.22,0.396,0.264
463,,0.324,0.84,-0.02,0.036,0.116,0.2,0.376,0.244
464,3,0.304,1.0,0.98,0.228,0.096,-0.032,0.056,0.012
465,3,0.284,1.0,1.0,0.42,0.076,-0.264,-0.264,-0.22
466,6,0.052,0.68,0.768,0.4,0.268,0.736,-0.072,-0.24
467,6,-0.18,0.36,0.536,0.38,0.46,1.0,0.12,-0.26
468,8,0.012,0.34,0.304,0.06,0.228,0.98,0.312,0.74
469,8,0.204,0.32,0.072,-0.26,-0.004,0.96,0.504,1.0
470,4,-0.028,0.3,0.264,0.74,0.188,0.94,0.272,0.68
471,4,-0.26,0.28,0.456,1.0,0.38,0.92,0.04,0.36
472,1,0.74,0.472,0.436,0.768,0.06,0.688,0.02,0.552
473,1,1.0,0.664,0.416,0.536,-0.26,0.456,0.0,0.744
474,5,0.68,0.432,0.396,0.728,0.74,0.648,-0.02,0.512
475,5,0.36,0.2,0.376,0.92,1.0,0.84,-0.04,0.28
476,7,0.34,-0.032,0.056,0.688,0.98,1.0,0.96,0.472
477,7,0.32,-0.264,-0.264,0.456,0.96,1.0,1.0,0.664
478,2,0.512,0.736,-0.072,0.436,0.728,0.68,0.768,0.644
479,2,0.704,1.0,0.12,0.416,0.496,0.36,0.536,0.624
480,,0.684,0.98,0.1,0.396,0.476,0.34,0.516,0.604
481,,0.664,0.96,0.08,0.376,0.456,0.32,0.496,0.584
482,,0.644,0.94,0.06,0.356,0.436,0.3,0.476,0.564
483,,0.624,0.92,0.04,0.336,0.416,0.28,0.456,0.544
484,,0.604,0.9,0.02,0.316,0.396,0.26,0.436,0.524
485,,0.584,0.88,0.0,0.296,0.376,0.24,0.416,0.504
486,,0.564,0.86,-0.02,0.276,0.356,0.22,0.396,0.484
487,3,0.544,1.0,0.98,0.468,0.336,-0.012,0.076,0.252
488,3,0.524,1.0,1.0,0.66,0.316,-0.244,-0.244,0.02
489,6,0.292,0.68,0.768,0.64,0.508,0.756,-0.052,0.0
490,6,0.06,0.36,0.536,0.62,0.7,1.0,0.14,-0.02
491,8,0.252,0.34,0.304,0.3,0.468,0.98,0.332,0.98
492,8,0.444,0.32,0.072,-0.02,0.236,0.96,0.524,1.0
493,4,0.212,0.3,0.264,0.98,0.428,0.94,0.292,0.68
494,4,-0.02,0.28,0.456,1.0,0.62,0.92,0.06,0.36
495,1,0.98,0.472,0.436,0.768,0.3,0.688,0.04,0.552
496,1,1.0,0.664,0.416,0.536,-0.02,0.456,0.02,0.744
497,5,0.68,0.432,0.396,0.728,0.98,0.648,0.0,0.512
498,5,0.36,0.2,0.376,0.92,1.0,0.84,-0.02,0.28
499,7,0.34,-0.032,0.056,0.688,0.98,1.0,0.98,0.472
