step,active_motive,motive_1,motive_2,motive_3,motive_4,motive_5,motive_6,motive_7,motive_8
0,,0.85836,0.32596,0.22024,0.71115,0.8095,0.34867,0.09618,0.94052
1,,0.83836,0.30596,0.20024,0.69115,0.7895,0.32867,0.07618,0.92052
2,,0.81836,0.28596,0.18024,0.67115,0.7695,0.30867,0.05618,0.90052
3,,0.79836,0.26596,0.16024,0.65115,0.7495,0.28867,0.03618,0.88052
4,,0.77836,0.24596,0.14024,0.63115,0.7295,0.26867,0.01618,0.86052
5,,0.75836,0.22596,0.12024,0.61115,0.7095,0.24867,-0.00382,0.84052
6,7,0.73836,-0.00604,-0.19976,0.37915,0.6895,0.44067,0.99618,1.0
7,7,0.71836,-0.23804,-0.51976,0.14715,0.6695,0.63267,1.0,1.0
8,3,0.69836,-0.04604,0.48024,0.33915,0.6495,0.40067,0.68,0.768
9,3,0.67836,0.14596,1.0,0.53115,0.6295,0.16867,0.36,0.536
10,,0.65836,0.12596,0.98,0.51115,0.6095,0.14867,0.34,0.516
11,,0.63836,0.10596,0.96,0.49115,0.5895,0.12867,0.32,0.496
12,,0.61836,0.08596,0.94,0.47115,0.5695,0.10867,0.3,0.476
13,,0.59836,0.06596,0.92,0.45115,0.5495,0.08867,0.28,0.456
14,,0.57836,0.04596,0.9,0.43115,0.5295,0.06867,0.26,0.436
15,,0.55836,0.02596,0.88,0.41115,0.5095,0.04867,0.24,0.416
16,,0.53836,0.00596,0.86,0.39115,0.4895,0.02867,0.22,0.396
17,,0.51836,-0.01404,0.84,0.37115,0.4695,0.00867,0.2,0.376
18,2,0.71036,0.98596,1.0,0.35115,0.2375,-0.31133,-0.032,0.356
19,2,0.90236,1.0,1.0,0.33115,0.0055,-0.63133,-0.264,0.336
20,6,0.67036,0.68,0.768,0.31115,0.1975,0.36867,-0.072,0.316
21,6,0.43836,0.36,0.536,0.29115,0.3895,1.0,0.12,0.296
22,,0.41836,0.34,0.516,0.27115,0.3695,0.98,0.1,0.276
23,,0.39836,0.32,0.496,0.25115,0.3495,0.96,0.08,0.256
24,,0.37836,0.3,0.476,0.23115,0.3295,0.94,0.06,0.236
25,,0.35836,0.28,0.456,0.21115,0.3095,0.92,0.04,0.216
26,,0.33836,0.26,0.436,0.19115,0.2895,0.9,0.02,0.196
27,,0.31836,0.24,0.416,0.17115,0.2695,0.88,0.0,0.176
28,,0.29836,0.22,0.396,0.15115,0.2495,0.86,-0.02,0.156
29,7,0.27836,-0.012,0.076,-0.08085,0.2295,1.0,0.98,0.348
30,7,0.25836,-0.244,-0.244,-0.31285,0.2095,1.0,1.0,0.54
31,4,0.02636,-0.264,-0.052,0.68715,0.4015,0.98,0.768,0.22
32,4,-0.20564,-0.284,0.14,1.0,0.5935,0.96,0.536,-0.1
33,2,-0.01364,0.716,0.332,0.98,0.3615,0.64,0.304,-0.12
34,2,0.17836,1.0,0.524,0.96,0.1295,0.32,0.072,-0.14
35,8,0.37036,0.98,0.292,0.64,-0.1025,0.3,0.264,0.86
36,8,0.56236,0.96,0.06,0.32,-0.3345,0.28,0.456,1.0
37,5,0.24236,0.728,0.04,0.512,0.6655,0.472,0.436,0.768
38,5,-0.07764,0.496,0.02,0.704,1.0,0.664,0.416,0.536
39,1,0.92236,0.688,0.0,0.472,0.68,0.432,0.396,0.728
40,1,1.0,0.88,-0.02,0.24,0.36,0.2,0.376,0.92
41,3,0.98,1.0,0.98,0.432,0.34,-0.032,0.056,0.688
42,3,0.96,1.0,1.0,0.624,0.32,-0.264,-0.264,0.456
43,7,0.94,0.768,0.68,0.392,0.3,-0.072,0.736,0.648
44,7,0.92,0.536,0.36,0.16,0.28,0.12,1.0,0.84
45,,0.9,0.516,0.34,0.14,0.26,0.1,0.98,0.82
46,,0.88,0.496,0.32,0.12,0.24,0.08,0.96,0.8
47,,0.86,0.476,0.3,0.1,0.22,0.06,0.94,0.78
48,,0.84,0.456,0.28,0.08,0.2,0.04,0.92,0.76
49,,0.82,0.436,0.26,0.06,0.18,0.02,0.9,0.74
50,,0.8,0.416,0.24,0.04,0.16,0.0,0.88,0.72
51,,0.78,0.396,0.22,0.02,0.14,-0.02,0.86,0.7
52,6,0.548,0.076,-0.012,0.0,0.332,0.98,1.0,0.68
53,6,0.316,-0.244,-0.244,-0.02,0.524,1.0,1.0,0.66
54,3,0.296,-0.052,0.756,0.172,0.504,0.768,0.68,0.428
55,3,0.276,0.14,1.0,0.364,0.484,0.536,0.36,0.196
56,,0.256,0.12,0.98,0.344,0.464,0.516,0.34,0.176
57,,0.236,0.1,0.96,0.324,0.444,0.496,0.32,0.156
58,,0.216,0.08,0.94,0.304,0.424,0.476,0.3,0.136
59,,0.196,0.06,0.92,0.284,0.404,0.456,0.28,0.116
60,,0.176,0.04,0.9,0.264,0.384,0.436,0.26,0.096
61,,0.156,0.02,0.88,0.244,0.364,0.416,0.24,0.076
62,,0.136,0.0,0.86,0.224,0.344,0.396,0.22,0.056
63,,0.116,-0.02,0.84,0.204,0.324,0.376,0.2,0.036
64,2,0.308,0.98,1.0,0.184,0.092,0.056,-0.032,0.016
65,2,0.5,1.0,1.0,0.164,-0.14,-0.264,-0.264,-0.004
66,6,0.268,0.68,0.768,0.144,0.052,0.736,-0.072,-0.024
67,6,0.036,0.36,0.536,0.124,0.244,1.0,0.12,-0.044
68,8,0.228,0.34,0.304,-0.196,0.012,0.98,0.312,0.956
69,8,0.42,0.32,0.072,-0.516,-0.22,0.96,0.504,1.0
70,4,0.188,0.3,0.264,0.484,-0.028,0.94,0.272,0.68
71,4,-0.044,0.28,0.456,1.0,0.164,0.92,0.04,0.36
72,1,0.956,0.472,0.436,0.768,-0.156,0.688,0.02,0.552
73,1,1.0,0.664,0.416,0.536,-0.476,0.456,0.0,0.744
74,5,0.68,0.432,0.396,0.728,0.524,0.648,-0.02,0.512
75,5,0.36,0.2,0.376,0.92,1.0,0.84,-0.04,0.28
76,7,0.34,-0.032,0.056,0.688,0.98,1.0,0.96,0.472
77,7,0.32,-0.264,-0.264,0.456,0.96,1.0,1.0,0.664
78,3,0.3,-0.072,0.736,0.648,0.94,0.768,0.68,0.432
79,3,0.28,0.12,1.0,0.84,0.92,0.536,0.36,0.2
80,,0.26,0.1,0.98,0.82,0.9,0.516,0.34,0.18
81,,0.24,0.08,0.96,0.8,0.88,0.496,0.32,0.16
82,,0.22,0.06,0.94,0.78,0.86,0.476,0.3,0.14
83,,0.2,0.04,0.92,0.76,0.84,0.456,0.28,0.12
84,,0.18,0.02,0.9,0.74,0.82,0.436,0.26,0.1
85,,0.16,0.0,0.88,0.72,0.8,0.416,0.24,0.08
86,,0.14,-0.02,0.86,0.7,0.78,0.396,0.22,0.06
87,2,0.332,0.98,1.0,0.68,0.548,0.076,-0.012,0.04
88,2,0.524,1.0,1.0,0.66,0.316,-0.244,-0.244,0.02
89,7,0.504,0.768,0.68,0.428,0.296,-0.052,0.756,0.212
90,7,0.484,0.536,0.36,0.196,0.276,0.14,1.0,0.404
91,,0.464,0.516,0.34,0.176,0.256,0.12,0.98,0.384
92,,0.444,0.496,0.32,0.156,0.236,0.1,0.96,0.364
93,,0.424,0.476,0.3,0.136,0.216,0.08,0.94,0.344
94,,0.404,0.456,0.28,0.116,0.196,0.06,0.92,0.324
95,,0.384,0.436,0.26,0.096,0.176,0.04,0.9,0.304
96,,0.364,0.416,0.24,0.076,0.156,0.02,0.88,0.284
97,,0.344,0.396,0.22,0.056,0.136,0.0,0.86,0.264
98,,0.324,0.376,0.2,0.036,0.116,-0.02,0.84,0.244
99,6,0.092,0.056,-0.032,0.016,0.308,0.98,1.0,0.224
100,6,-0.14,-0.264,-0.264,-0.004,0.5,1.0,1.0,0.204
101,2,0.052,0.736,-0.072,-0.024,0.268,0.68,0.768,0.184
102,2,0.244,1.0,0.12,-0.044,0.036,0.36,0.536,0.164
103,4,0.012,0.98,0.312,0.956,0.228,0.34,0.304,-0.156
104,4,-0.22,0.96,0.504,1.0,0.42,0.32,0.072,-0.476
105,8,-0.028,0.94,0.272,0.68,0.188,0.3,0.264,0.524
106,8,0.164,0.92,0.04,0.36,-0.044,0.28,0.456,1.0
107,5,-0.156,0.688,0.02,0.552,0.956,0.472,0.436,0.768
108,5,-0.476,0.456,0.0,0.744,1.0,0.664,0.416,0.536
109,1,0.524,0.648,-0.02,0.512,0.68,0.432,0.396,0.728
110,1,1.0,0.84,-0.04,0.28,0.36,0.2,0.376,0.92
111,3,0.98,1.0,0.96,0.472,0.34,-0.032,0.056,0.688
112,3,0.96,1.0,1.0,0.664,0.32,-0.264,-0.264,0.456
113,6,0.728,0.68,0.768,0.644,0.512,0.736,-0.072,0.436
114,6,0.496,0.36,0.536,0.624,0.704,1.0,0.12,0.416
115,,0.476,0.34,0.516,0.604,0.684,0.98,0.1,0.396
116,,0.456,0.32,0.496,0.584,0.664,0.96,0.08,0.376
117,,0.436,0.3,0.476,0.564,0.644,0.94,0.06,0.356
118,,0.416,0.28,0.456,0.544,0.624,0.92,0.04,0.336
119,,0.396,0.26,0.436,0.524,0.604,0.9,0.02,0.316
120,,0.376,0.24,0.416,0.504,0.584,0.88,0.0,0.296
121,,0.356,0.22,0.396,0.484,0.564,0.86,-0.02,0.276
122,7,0.336,-0.012,0.076,0.252,0.544,1.0,0.98,0.468
123,7,0.316,-0.244,-0.244,0.02,0.524,1.0,1.0,0.66
124,3,0.296,-0.052,0.756,0.212,0.504,0.768,0.68,0.428
125,3,0.276,0.14,1.0,0.404,0.484,0.536,0.36,0.196
126,,0.256,0.12,0.98,0.384,0.464,0.516,0.34,0.176
127,,0.236,0.1,0.96,0.364,0.444,0.496,0.32,0.156
128,,0.216,0.08,0.94,0.344,0.424,0.476,0.3,0.136
129,,0.196,0.06,0.92,0.324,0.404,0.456,0.28,0.116
130,,0.176,0.04,0.9,0.304,0.384,0.436,0.26,0.096
131,,0.156,0.02,0.88,0.284,0.364,0.416,0.24,0.076
132,,0.136,0.0,0.86,0.264,0.344,0.396,0.22,0.056
133,,0.116,-0.02,0.84,0.244,0.324,0.376,0.2,0.036
134,2,0.308,0.98,1.0,0.224,0.092,0.056,-0.032,0.016
135,2,0.5,1.0,1.0,0.204,-0.14,-0.264,-0.264,-0.004
136,6,0.268,0.68,0.768,0.184,0.052,0.736,-0.072,-0.024
137,6,0.036,0.36,0.536,0.164,0.244,1.0,0.12,-0.044
138,8,0.228,0.34,0.304,-0.156,0.012,0.98,0.312,0.956
139,8,0.42,0.32,0.072,-0.476,-0.22,0.96,0.504,1.0
140,4,0.188,0.3,0.264,0.524,-0.028,0.94,0.272,0.68
141,4,-0.044,0.28,0.456,1.0,0.164,0.92,0.04,0.36
142,1,0.956,0.472,0.436,0.768,-0.156,0.688,0.02,0.552
143,1,1.0,0.664,0.416,0.536,-0.476,0.456,0.0,0.744
144,5,0.68,0.432,0.396,0.728,0.524,0.648,-0.02,0.512
145,5,0.36,0.2,0.376,0.92,1.0,0.84,-0.04,0.28
146,7,0.34,-0.032,0.056,0.688,0.98,1.0,0.96,0.472
147,7,0.32,-0.264,-0.264,0.456,0.96,1.0,1.0,0.664
148,2,0.512,0.736,-0.072,0.436,0.728,0.68,0.768,0.644
149,2,0.704,1.0,0.12,0.416,0.496,0.36,0.536,0.624
150,,0.684,0.98,0.1,0.396,0.476,0.34,0.516,0.604
151,,0.664,0.96,0.08,0.376,0.456,0.32,0.496,0.584
152,,0.644,0.94,0.06,0.356,0.436,0.3,0.476,0.564
153,,0.624,0.92,0.04,0.336,0.416,0.28,0.456,0.544
154,,0.604,0.9,0.02,0.316,0.396,0.26,0.436,0.524
155,,0.584,0.88,0.0,0.296,0.376,0.24,0.416,0.504
156,,0.564,0.86,-0.02,0.276,0.356,0.22,0.396,0.484
157,3,0.544,1.0,0.98,0.468,0.336,-0.012,0.076,0.252
158,3,0.524,1.0,1.0,0.66,0.316,-0.244,-0.244,0.02
159,7,0.504,0.768,0.68,0.428,0.296,-0.052,0.756,0.212
160,7,0.484,0.536,0.36,0.196,0.276,0.14,1.0,0.404
161,,0.464,0.516,0.34,0.176,0.256,0.12,0.98,0.384
162,,0.444,0.496,0.32,0.156,0.236,0.1,0.96,0.364
163,,0.424,0.476,0.3,0.136,0.216,0.08,0.94,0.344
164,,0.404,0.456,0.28,0.116,0.196,0.06,0.92,0.324
165,,0.384,0.436,0.26,0.096,0.176,0.04,0.9,0.304
166,,0.364,0.416,0.24,0.076,0.156,0.02,0.88,0.284
167,,0.344,0.396,0.22,0.056,0.136,0.0,0.86,0.264
168,,0.324,0.376,0.2,0.036,0.116,-0.02,0.84,0.244
169,6,0.092,0.056,-0.032,0.016,0.308,0.98,1.0,0.224
170,6,-0.14,-0.264,-0.264,-0.004,0.5,1.0,1.0,0.204
171,2,0.052,0.736,-0.072,-0.024,0.268,0.68,0.768,0.184
172,2,0.244,1.0,0.12,-0.044,0.036,0.36,0.536,0.164
173,4,0.012,0.98,0.312,0.956,0.228,0.34,0.304,-0.156
174,4,-0.22,0.96,0.504,1.0,0.42,0.32,0.072,-0.476
175,8,-0.028,0.94,0.272,0.68,0.188,0.3,0.264,0.524
176,8,0.164,0.92,0.04,0.36,-0.044,0.28,0.456,1.0
177,5,-0.156,0.688,0.02,0.552,0.956,0.472,0.436,0.768
178,5,-0.476,0.456,0.0,0.744,1.0,0.664,0.416,0.536
179,1,0.524,0.648,-0.02,0.512,0.68,0.432,0.396,0.728
180,1,1.0,0.84,-0.04,0.28,0.36,0.2,0.376,0.92
181,3,0.98,1.0,0.96,0.472,0.34,-0.032,0.056,0.688
182,3,0.96,1.0,1.0,0.664,0.32,-0.264,-0.264,0.456
183,6,0.728,0.68,0.768,0.644,0.512,0.736,-0.072,0.436
184,6,0.496,0.36,0.536,0.624,0.704,1.0,0.12,0.416
185,,0.476,0.34,0.516,0.604,0.684,0.98,0.1,0.396
186,,0.456,0.32,0.496,0.584,0.664,0.96,0.08,0.376
187,,0.436,0.3,0.476,0.564,0.644,0.94,0.06,0.356
188,,0.416,0.28,0.456,0.544,0.624,0.92,0.04,0.336
189,,0.396,0.26,0.436,0.524,0.604,0.9,0.02,0.316
190,,0.376,0.24,0.416,0.504,0.584,0.88,0.0,0.296
191,,0.356,0.22,0.396,0.484,0.564,0.86,-0.02,0.276
192,7,0.336,-0.012,0.076,0.252,0.544,1.0,0.98,0.468
193,7,0.316,-0.244,-0.244,0.02,0.524,1.0,1.0,0.66
194,3,0.296,-0.052,0.756,0.212,0.504,0.768,0.68,0.428
195,3,0.276,0.14,1.0,0.404,0.484,0.536,0.36,0.196
196,,0.256,0.12,0.98,0.384,0.464,0.516,0.34,0.176
197,,0.236,0.1,0.96,0.364,0.444,0.496,0.32,0.156
198,,0.216,0.08,0.94,0.344,0.424,0.476,0.3,0.136
199,,0.196,0.06,0.92,0.324,0.404,0.456,0.28,0.116
200,,0.176,0.04,0.9,0.304,0.384,0.436,0.26,0.096
201,,0.156,0.02,0.88,0.284,0.364,0.416,0.24,0.076
202,,0.136,0.0,0.86,0.264,0.344,0.396,0.22,0.056
203,,0.116,-0.02,0.84,0.244,0.324,0.376,0.2,0.036
204,2,0.308,0.98,1.0,0.224,0.092,0.056,-0.032,0.016
205,2,0.5,1.0,1.0,0.204,-0.14,-0.264,-0.264,-0.004
206,7,0.48,0.768,0.68,-0.028,-0.16,-0.072,0.736,0.188
207,7,0.46,0.536,0.36,-0.26,-0.18,0.12,1.0,0.38
208,4,0.228,0.516,0.552,0.74,0.012,0.1,0.768,0.06
209,4,-0.004,0.496,0.744,1.0,0.204,0.08,0.536,-0.26
210,8,0.188,0.476,0.512,0.68,-0.028,0.06,0.728,0.74
211,8,0.38,0.456,0.28,0.36,-0.26,0.04,0.92,1.0
212,5,0.06,0.224,0.26,0.552,0.74,0.232,0.9,0.768
213,5,-0.26,-0.008,0.24,0.744,1.0,0.424,0.88,0.536
214,1,0.74,0.184,0.22,0.512,0.68,0.192,0.86,0.728
215,1,1.0,0.376,0.2,0.28,0.36,-0.04,0.84,0.92
216,6,0.768,0.056,-0.032,0.26,0.552,0.96,1.0,0.9
217,6,0.536,-0.264,-0.264,0.24,0.744,1.0,1.0,0.88
218,2,0.728,0.736,-0.072,0.22,0.512,0.68,0.768,0.86
219,2,0.92,1.0,0.12,0.2,0.28,0.36,0.536,0.84
220,,0.9,0.98,0.1,0.18,0.26,0.34,0.516,0.82
221,,0.88,0.96,0.08,0.16,0.24,0.32,0.496,0.8
222,,0.86,0.94,0.06,0.14,0.22,0.3,0.476,0.78
223,,0.84,0.92,0.04,0.12,0.2,0.28,0.456,0.76
224,,0.82,0.9,0.02,0.1,0.18,0.26,0.436,0.74
225,,0.8,0.88,0.0,0.08,0.16,0.24,0.416,0.72
226,,0.78,0.86,-0.02,0.06,0.14,0.22,0.396,0.7
227,3,0.76,1.0,0.98,0.252,0.12,-0.012,0.076,0.468
228,3,0.74,1.0,1.0,0.444,0.1,-0.244,-0.244,0.236
229,6,0.508,0.68,0.768,0.424,0.292,0.756,-0.052,0.216
230,6,0.276,0.36,0.536,0.404,0.484,1.0,0.14,0.196
231,,0.256,0.34,0.516,0.384,0.464,0.98,0.12,0.176
232,,0.236,0.32,0.496,0.364,0.444,0.96,0.1,0.156
233,,0.216,0.3,0.476,0.344,0.424,0.94,0.08,0.136
234,,0.196,0.28,0.456,0.324,0.404,0.92,0.06,0.116
235,,0.176,0.26,0.436,0.304,0.384,0.9,0.04,0.096
236,,0.156,0.24,0.416,0.284,0.364,0.88,0.02,0.076
237,,0.136,0.22,0.396,0.264,0.344,0.86,0.0,0.056
238,,0.116,0.2,0.376,0.244,0.324,0.84,-0.02,0.036
239,7,0.096,-0.032,0.056,0.012,0.304,1.0,0.98,0.228
240,7,0.076,-0.264,-0.264,-0.22,0.284,1.0,1.0,0.42
241,3,0.056,-0.072,0.736,-0.028,0.264,0.768,0.68,0.188
242,3,0.036,0.12,1.0,0.164,0.244,0.536,0.36,-0.044
243,8,0.228,0.1,0.768,-0.156,0.012,0.516,0.552,0.956
244,8,0.42,0.08,0.536,-0.476,-0.22,0.496,0.744,1.0
245,4,0.188,0.06,0.728,0.524,-0.028,0.476,0.512,0.68
246,4,-0.044,0.04,0.92,1.0,0.164,0.456,0.28,0.36
247,1,0.956,0.232,0.9,0.768,-0.156,0.224,0.26,0.552
248,1,1.0,0.424,0.88,0.536,-0.476,-0.008,0.24,0.744
249,5,0.68,0.192,0.86,0.728,0.524,0.184,0.22,0.512
250,5,0.36,-0.04,0.84,0.92,1.0,0.376,0.2,0.28
251,2,0.552,0.96,1.0,0.9,0.768,0.056,-0.032,0.26
252,2,0.744,1.0,1.0,0.88,0.536,-0.264,-0.264,0.24
253,7,0.724,0.768,0.68,0.648,0.516,-0.072,0.736,0.432
254,7,0.704,0.536,0.36,0.416,0.496,0.12,1.0,0.624
255,,0.684,0.516,0.34,0.396,0.476,0.1,0.98,0.604
256,,0.664,0.496,0.32,0.376,0.456,0.08,0.96,0.584
257,,0.644,0.476,0.3,0.356,0.436,0.06,0.94,0.564
258,,0.624,0.456,0.28,0.336,0.416,0.04,0.92,0.544
259,,0.604,0.436,0.26,0.316,0.396,0.02,0.9,0.524
260,,0.584,0.416,0.24,0.296,0.376,0.0,0.88,0.504
261,,0.564,0.396,0.22,0.276,0.356,-0.02,0.86,0.484
262,6,0.332,0.076,-0.012,0.256,0.548,0.98,1.0,0.464
263,6,0.1,-0.244,-0.244,0.236,0.74,1.0,1.0,0.444
264,3,0.08,-0.052,0.756,0.428,0.72,0.768,0.68,0.212
265,3,0.06,0.14,1.0,0.62,0.7,0.536,0.36,-0.02
266,8,0.252,0.12,0.768,0.3,0.468,0.516,0.552,0.98
267,8,0.444,0.1,0.536,-0.02,0.236,0.496,0.744,1.0
268,4,0.212,0.08,0.728,0.98,0.428,0.476,0.512,0.68
269,4,-0.02,0.06,0.92,1.0,0.62,0.456,0.28,0.36
270,1,0.98,0.252,0.9,0.768,0.3,0.224,0.26,0.552
271,1,1.0,0.444,0.88,0.536,-0.02,-0.008,0.24,0.744
272,5,0.68,0.212,0.86,0.728,0.98,0.184,0.22,0.512
273,5,0.36,-0.02,0.84,0.92,1.0,0.376,0.2,0.28
274,2,0.552,0.98,1.0,0.9,0.768,0.056,-0.032,0.26
275,2,0.744,1.0,1.0,0.88,0.536,-0.264,-0.264,0.24
276,7,0.724,0.768,0.68,0.648,0.516,-0.072,0.736,0.432
277,7,0.704,0.536,0.36,0.416,0.496,0.12,1.0,0.624
278,,0.684,0.516,0.34,0.396,0.476,0.1,0.98,0.604
279,,0.664,0.496,0.32,0.376,0.456,0.08,0.96,0.584
280,,0.644,0.476,0.3,0.356,0.436,0.06,0.94,0.564
281,,0.624,0.456,0.28,0.336,0.416,0.04,0.92,0.544
282,,0.604,0.436,0.26,0.316,0.396,0.02,0.9,0.524
283,,0.584,0.416,0.24,0.296,0.376,0.0,0.88,0.504
284,,0.564,0.396,0.22,0.276,0.356,-0.02,0.86,0.484
285,6,0.332,0.076,-0.012,0.256,0.548,0.98,1.0,0.464
286,6,0.1,-0.244,-0.244,0.236,0.74,1.0,1.0,0.444
287,2,0.292,0.756,-0.052,0.216,0.508,0.68,0.768,0.424
288,2,0.484,1.0,0.14,0.196,0.276,0.36,0.536,0.404
289,,0.464,0.98,0.12,0.176,0.256,0.34,0.516,0.384
290,,0.444,0.96,0.1,0.156,0.236,0.32,0.496,0.364
291,,0.424,0.94,0.08,0.136,0.216,0.3,0.476,0.344
292,,0.404,0.92,0.06,0.116,0.196,0.28,0.456,0.324
293,,0.384,0.9,0.04,0.096,0.176,0.26,0.436,0.304
294,,0.364,0.88,0.02,0.076,0.156,0.24,0.416,0.284
295,,0.344,0.86,0.0,0.056,0.136,0.22,0.396,0.264
296,,0.324,0.84,-0.02,0.036,0.116,0.2,0.376,0.244
297,3,0.304,1.0,0.98,0.228,0.096,-0.032,0.056,0.012
298,3,0.284,1.0,1.0,0.42,0.076,-0.264,-0.264,-0.22
299,7,0.264,0.768,0.68,0.188,0.056,-0.072,0.736,-0.028
300,7,0.244,0.536,0.36,-0.044,0.036,0.12,1.0,0.164
301,4,0.012,0.516,0.552,0.956,0.228,0.1,0.768,-0.156
302,4,-0.22,0.496,0.744,1.0,0.42,0.08,0.536,-0.476
303,8,-0.028,0.476,0.512,0.68,0.188,0.06,0.728,0.524
304,8,0.164,0.456,0.28,0.36,-0.044,0.04,0.92,1.0
305,5,-0.156,0.224,0.26,0.552,0.956,0.232,0.9,0.768
306,5,-0.476,-0.008,0.24,0.744,1.0,0.424,0.88,0.536
307,1,0.524,0.184,0.22,0.512,0.68,0.192,0.86,0.728
308,1,1.0,0.376,0.2,0.28,0.36,-0.04,0.84,0.92
309,6,0.768,0.056,-0.032,0.26,0.552,0.96,1.0,0.9
310,6,0.536,-0.264,-0.264,0.24,0.744,1.0,1.0,0.88
311,3,0.516,-0.072,0.736,0.432,0.724,0.768,0.68,0.648
312,3,0.496,0.12,1.0,0.624,0.704,0.536,0.36,0.416
313,,0.476,0.1,0.98,0.604,0.684,0.516,0.34,0.396
314,,0.456,0.08,0.96,0.584,0.664,0.496,0.32,0.376
315,,0.436,0.06,0.94,0.564,0.644,0.476,0.3,0.356
316,,0.416,0.04,0.92,0.544,0.624,0.456,0.28,0.336
317,,0.396,0.02,0.9,0.524,0.604,0.436,0.26,0.316
318,,0.376,0.0,0.88,0.504,0.584,0.416,0.24,0.296
319,,0.356,-0.02,0.86,0.484,0.564,0.396,0.22,0.276
320,2,0.548,0.98,1.0,0.464,0.332,0.076,-0.012,0.256
321,2,0.74,1.0,1.0,0.444,0.1,-0.244,-0.244,0.236
322,6,0.508,0.68,0.768,0.424,0.292,0.756,-0.052,0.216
323,6,0.276,0.36,0.536,0.404,0.484,1.0,0.14,0.196
324,,0.256,0.34,0.516,0.384,0.464,0.98,0.12,0.176
325,,0.236,0.32,0.496,0.364,0.444,0.96,0.1,0.156
326,,0.216,0.3,0.476,0.344,0.424,0.94,0.08,0.136
327,,0.196,0.28,0.456,0.324,0.404,0.92,0.06,0.116
328,,0.176,0.26,0.436,0.304,0.384,0.9,0.04,0.096
329,,0.156,0.24,0.416,0.284,0.364,0.88,0.02,0.076
330,,0.136,0.22,0.396,0.264,0.344,0.86,0.0,0.056
331,,0.116,0.2,0.376,0.244,0.324,0.84,-0.02,0.036
332,7,0.096,-0.032,0.056,0.012,0.304,1.0,0.98,0.228
333,7,0.076,-0.264,-0.264,-0.22,0.284,1.0,1.0,0.42
334,3,0.056,-0.072,0.736,-0.028,0.264,0.768,0.68,0.188
335,3,0.036,0.12,1.0,0.164,0.244,0.536,0.36,-0.044
336,8,0.228,0.1,0.768,-0.156,0.012,0.516,0.552,0.956
337,8,0.42,0.08,0.536,-0.476,-0.22,0.496,0.744,1.0
338,4,0.188,0.06,0.728,0.524,-0.028,0.476,0.512,0.68
339,4,-0.044,0.04,0.92,1.0,0.164,0.456,0.28,0.36
340,1,0.956,0.232,0.9,0.768,-0.156,0.224,0.26,0.552
341,1,1.0,0.424,0.88,0.536,-0.476,-0.008,0.24,0.744
342,5,0.68,0.192,0.86,0.728,0.524,0.184,0.22,0.512
343,5,0.36,-0.04,0.84,0.92,1.0,0.376,0.2,0.28
344,2,0.552,0.96,1.0,0.9,0.768,0.056,-0.032,0.26
345,2,0.744,1.0,1.0,0.88,0.536,-0.264,-0.264,0.24
346,6,0.512,0.68,0.768,0.86,0.728,0.736,-0.072,0.22
347,6,0.28,0.36,0.536,0.84,0.92,1.0,0.12,0.2
348,,0.26,0.34,0.516,0.82,0.9,0.98,0.1,0.18
349,,0.24,0.32,0.496,0.8,0.88,0.96,0.08,0.16
350,,0.22,0.3,0.476,0.78,0.86,0.94,0.06,0.14
351,,0.2,0.28,0.456,0.76,0.84,0.92,0.04,0.12
352,,0.18,0.26,0.436,0.74,0.82,0.9,0.02,0.1
353,,0.16,0.24,0.416,0.72,0.8,0.88,0.0,0.08
354,,0.14,0.22,0.396,0.7,0.78,0.86,-0.02,0.06
355,7,0.12,-0.012,0.076,0.468,0.76,1.0,0.98,0.252
356,7,0.1,-0.244,-0.244,0.236,0.74,1.0,1.0,0.444
357,3,0.08,-0.052,0.756,0.428,0.72,0.768,0.68,0.212
358,3,0.06,0.14,1.0,0.62,0.7,0.536,0.36,-0.02
359,8,0.252,0.12,0.768,0.3,0.468,0.516,0.552,0.98
360,8,0.444,0.1,0.536,-0.02,0.236,0.496,0.744,1.0
361,4,0.212,0.08,0.728,0.98,0.428,0.476,0.512,0.68
362,4,-0.02,0.06,0.92,1.0,0.62,0.456,0.28,0.36
363,1,0.98,0.252,0.9,0.768,0.3,0.224,0.26,0.552
364,1,1.0,0.444,0.88,0.536,-0.02,-0.008,0.24,0.744
365,5,0.68,0.212,0.86,0.728,0.98,0.184,0.22,0.512
366,5,0.36,-0.02,0.84,0.92,1.0,0.376,0.2,0.28
367,2,0.552,0.98,1.0,0.9,0.768,0.056,-0.032,0.26
368,2,0.744,1.0,1.0,0.88,0.536,-0.264,-0.264,0.24
369,7,0.724,0.768,0.68,0.648,0.516,-0.072,0.736,0.432
370,7,0.704,0.536,0.36,0.416,0.496,0.12,1.0,0.624
371,,0.684,0.516,0.34,0.396,0.476,0.1,0.98,0.604
372,,0.664,0.496,0.32,0.376,0.456,0.08,0.96,0.584
373,,0.644,0.476,0.3,0.356,0.436,0.06,0.94,0.564
374,,0.624,0.456,0.28,0.336,0.416,0.04,0.92,0.544
375,,0.604,0.436,0.26,0.316,0.396,0.02,0.9,0.524
376,,0.584,0.416,0.24,0.296,0.376,0.0,0.88,0.504
377,,0.564,0.396,0.22,0.276,0.356,-0.02,0.86,0.484
378,6,0.332,0.076,-0.012,0.256,0.548,0.98,1.0,0.464
379,6,0.1,-0.244,-0.244,0.236,0.74,1.0,1.0,0.444
380,3,0.08,-0.052,0.756,0.428,0.72,0.768,0.68,0.212
381,3,0.06,0.14,1.0,0.62,0.7,0.536,0.36,-0.02
382,8,0.252,0.12,0.768,0.3,0.468,0.516,0.552,0.98
383,8,0.444,0.1,0.536,-0.02,0.236,0.496,0.744,1.0
384,4,0.212,0.08,0.728,0.98,0.428,0.476,0.512,0.68
385,4,-0.02,0.06,0.92,1.0,0.62,0.456,0.28,0.36
386,1,0.98,0.252,0.9,0.768,0.3,0.224,0.26,0.552
387,1,1.0,0.444,0.88,0.536,-0.02,-0.008,0.24,0.744
388,5,0.68,0.212,0.86,0.728,0.98,0.184,0.22,0.512
389,5,0.36,-0.02,0.84,0.92,1.0,0.376,0.2,0.28
390,2,0.552,0.98,1.0,0.9,0.768,0.056,-0.032,0.26
391,2,0.744,1.0,1.0,0.88,0.536,-0.264,-0.264,0.24
392,6,0.512,0.68,0.768,0.86,0.728,0.736,-0.072,0.22
393,6,0.28,0.36,0.536,0.84,0.92,1.0,0.12,0.2
394,,0.26,0.34,0.516,0.82,0.9,0.98,0.1,0.18
395,,0.24,0.32,0.496,0.8,0.88,0.96,0.08,0.16
396,,0.22,0.3,0.476,0.78,0.86,0.94,0.06,0.14
397,,0.2,0.28,0.456,0.76,0.84,0.92,0.04,0.12
398,,0.18,0.26,0.436,0.74,0.82,0.9,0.02,0.1
399,,0.16,0.24,0.416,0.72,0.8,0.88,0.0,0.08
400,,0.14,0.22,0.396,0.7,0.78,0.86,-0.02,0.06
401,7,0.12,-0.012,0.076,0.468,0.76,1.0,0.98,0.252
402,7,0.1,-0.244,-0.244,0.236,0.74,1.0,1.0,0.444
403,2,0.292,0.756,-0.052,0.216,0.508,0.68,0.768,0.424
404,2,0.484,1.0,0.14,0.196,0.276,0.36,0.536,0.404
405,,0.464,0.98,0.12,0.176,0.256,0.34,0.516,0.384
406,,0.444,0.96,0.1,0.156,0.236,0.32,0.496,0.364
407,,0.424,0.94,0.08,0.136,0.216,0.3,0.476,0.344
408,,0.404,0.92,0.06,0.116,0.196,0.28,0.456,0.324
409,,0.384,0.9,0.04,0.096,0.176,0.26,0.436,0.304
410,,0.364,0.88,0.02,0.076,0.156,0.24,0.416,0.284
411,,0.344,0.86,0.0,0.056,0.136,0.22,0.396,0.264
412,,0.324,0.84,-0.02,0.036,0.116,0.2,0.376,0.244
413,3,0.304,1.0,0.98,0.228,0.096,-0.032,0.056,0.012
414,3,0.284,1.0,1.0,0.42,0.076,-0.264,-0.264,-0.22
415,7,0.264,0.768,0.68,0.188,0.056,-0.072,0.736,-0.028
416,7,0.244,0.536,0.36,-0.044,0.036,0.12,1.0,0.164
417,4,0.012,0.516,0.552,0.956,0.228,0.1,0.768,-0.156
418,4,-0.22,0.496,0.744,1.0,0.42,0.08,0.536,-0.476
419,8,-0.028,0.476,0.512,0.68,0.188,0.06,0.728,0.524
420,8,0.164,0.456,0.28,0.36,-0.044,0.04,0.92,1.0
421,5,-0.156,0.224,0.26,0.552,0.956,0.232,0.9,0.768
422,5,-0.476,-0.008,0.24,0.744,1.0,0.424,0.88,0.536
423,1,0.524,0.184,0.22,0.512,0.68,0.192,0.86,0.728
424,1,1.0,0.376,0.2,0.28,0.36,-0.04,0.84,0.92
425,6,0.768,0.056,-0.032,0.26,0.552,0.96,1.0,0.9
426,6,0.536,-0.264,-0.264,0.24,0.744,1.0,1.0,0.88
427,2,0.728,0.736,-0.072,0.22,0.512,0.68,0.768,0.86
428,2,0.92,1.0,0.12,0.2,0.28,0.36,0.536,0.84
429,,0.9,0.98,0.1,0.18,0.26,0.34,0.516,0.82
430,,0.88,0.96,0.08,0.16,0.24,0.32,0.496,0.8
431,,0.86,0.94,0.06,0.14,0.22,0.3,0.476,0.78
432,,0.84,0.92,0.04,0.12,0.2,0.28,0.456,0.76
433,,0.82,0.9,0.02,0.1,0.18,0.26,0.436,0.74
434,,0.8,0.88,0.0,0.08,0.16,0.24,0.416,0.72
435,,0.78,0.86,-0.02,0.06,0.14,0.22,0.396,0.7
436,3,0.76,1.0,0.98,0.252,0.12,-0.012,0.076,0.468
437,3,0.74,1.0,1.0,0.444,0.1,-0.244,-0.244,0.236
438,6,0.508,0.68,0.768,0.424,0.292,0.756,-0.052,0.216
439,6,0.276,0.36,0.536,0.404,0.484,1.0,0.14,0.196
440,,0.256,0.34,0.516,0.384,0.464,0.98,0.12,0.176
441,,0.236,0.32,0.496,0.364,0.444,0.96,0.1,0.156
442,,0.216,0.3,0.476,0.344,0.424,0.94,0.08,0.136
443,,0.196,0.28,0.456,0.324,0.404,0.92,0.06,0.116
444,,0.176,0.26,0.436,0.304,0.384,0.9,0.04,0.096
445,,0.156,0.24,0.416,0.284,0.364,0.88,0.02,0.076
446,,0.136,0.22,0.396,0.264,0.344,0.86,0.0,0.056
447,,0.116,0.2,0.376,0.244,0.324,0.84,-0.02,0.036
448,7,0.096,-0.032,0.056,0.012,0.304,1.0,0.98,0.228
449,7,0.076,-0.264,-0.264,-0.22,0.284,1.0,1.0,0.42
450,2,0.268,0.736,-0.072,-0.24,0.052,0.68,0.768,0.4
451,2,0.46,1.0,0.12,-0.26,-0.18,0.36,0.536,0.38
452,4,0.228,0.98,0.312,0.74,0.012,0.34,0.304,0.06
453,4,-0.004,0.96,0.504,1.0,0.204,0.32,0.072,-0.26
454,8,0.188,0.94,0.272,0.68,-0.028,0.3,0.264,0.74
455,8,0.38,0.92,0.04,0.36,-0.26,0.28,0.456,1.0
456,5,0.06,0.688,0.02,0.552,0.74,0.472,0.436,0.768
457,5,-0.26,0.456,0.0,0.744,1.0,0.664,0.416,0.536
458,1,0.74,0.648,-0.02,0.512,0.68,0.432,0.396,0.728
459,1,1.0,0.84,-0.04,0.28,0.36,0.2,0.376,0.92
460,3,0.98,1.0,0.96,0.472,0.34,-0.032,0.056,0.688
461,3,0.96,1.0,1.0,0.664,0.32,-0.264,-0.264,0.456
462,6,0.728,0.68,0.768,0.644,0.512,0.736,-0.072,0.436
463,6,0.496,0.36,0.536,0.624,0.704,1.0,0.12,0.416
464,,0.476,0.34,0.516,0.604,0.684,0.98,0.1,0.396
465,,0.456,0.32,0.496,0.584,0.664,0.96,0.08,0.376
466,,0.436,0.3,0.476,0.564,0.644,0.94,0.06,0.356
467,,0.416,0.28,0.456,0.544,0.624,0.92,0.04,0.336
468,,0.396,0.26,0.436,0.524,0.604,0.9,0.02,0.316
469,,0.376,0.24,0.416,0.504,0.584,0.88,0.0,0.296
470,,0.356,0.22,0.396,0.484,0.564,0.86,-0.02,0.276
471,7,0.336,-0.012,0.076,0.252,0.544,1.0,0.98,0.468
472,7,0.316,-0.244,-0.244,0.02,0.524,1.0,1.0,0.66
473,2,0.508,0.756,-0.052,0.0,0.292,0.68,0.768,0.64
474,2,0.7,1.0,0.14,-0.02,0.06,0.36,0.536,0.62
475,4,0.468,0.98,0.332,0.98,0.252,0.34,0.304,0.3
476,4,0.236,0.96,0.524,1.0,0.444,0.32,0.072,-0.02
477,8,0.428,0.94,0.292,0.68,0.212,0.3,0.264,0.98
478,8,0.62,0.92,0.06,0.36,-0.02,0.28,0.456,1.0
479,5,0.3,0.688,0.04,0.552,0.98,0.472,0.436,0.768
480,5,-0.02,0.456,0.02,0.744,1.0,0.664,0.416,0.536
481,1,0.98,0.648,0.0,0.512,0.68,0.432,0.396,0.728
482,1,1.0,0.84,-0.02,0.28,0.36,0.2,0.376,0.92
483,3,0.98,1.0,0.98,0.472,0.34,-0.032,0.056,0.688
484,3,0.96,1.0,1.0,0.664,0.32,-0.264,-0.264,0.456
485,6,0.728,0.68,0.768,0.644,0.512,0.736,-0.072,0.436
486,6,0.496,0.36,0.536,0.624,0.704,1.0,0.12,0.416
487,,0.476,0.34,0.516,0.604,0.684,0.98,0.1,0.396
488,,0.456,0.32,0.496,0.584,0.664,0.96,0.08,0.376
489,,0.436,0.3,0.476,0.564,0.644,0.94,0.06,0.356
490,,0.416,0.28,0.456,0.544,0.624,0.92,0.04,0.336
491,,0.396,0.26,0.436,0.524,0.604,0.9,0.02,0.316
492,,0.376,0.24,0.416,0.504,0.584,0.88,0.0,0.296
493,,0.356,0.22,0.396,0.484,0.564,0.86,-0.02,0.276
494,7,0.336,-0.012,0.076,0.252,0.544,1.0,0.98,0.468
495,7,0.316,-0.244,-0.244,0.02,0.524,1.0,1.0,0.66
496,3,0.296,-0.052,0.756,0.212,0.504,0.768,0.68,0.428
497,3,0.276,0.14,1.0,0.404,0.484,0.536,0.36,0.196
498,,0.256,0.12,0.98,0.384,0.464,0.516,0.34,0.176
499,,0.236,0.1,0.96,0.364,0.444,0.496,0.32,0.156
