step,active_motive,motive_1,motive_2,motive_3,motive_4,motive_5,motive_6,motive_7,motive_8
0,,0.85301,0.29445,0.3851,0.85114,0.31692,0.16949,0.5568,0.93615
1,,0.83301,0.27445,0.3651,0.83114,0.29692,0.14949,0.5368,0.91615
2,,0.81301,0.25445,0.3451,0.81114,0.27692,0.12949,0.5168,0.89615
3,,0.79301,0.23445,0.3251,0.79114,0.25692,0.10949,0.4968,0.87615
4,,0.77301,0.21445,0.3051,0.77114,0.23692,0.08949,0.4768,0.85615
5,,0.75301,0.19445,0.2851,0.75114,0.21692,0.06949,0.4568,0.83615
6,,0.73301,0.17445,0.2651,0.73114,0.19692,0.04949,0.4368,0.81615
7,,0.71301,0.15445,0.2451,0.71114,0.17692,0.02949,0.4168,0.79615
8,,0.69301,0.13445,0.2251,0.69114,0.15692,0.00949,0.3968,0.77615
9,,0.67301,0.11445,0.2051,0.67114,0.13692,-0.01051,0.3768,0.75615
10,6,0.44101,-0.20555,-0.0269,0.65114,0.32892,0.98949,0.5688,0.73615
11,6,0.20901,-0.52555,-0.2589,0.63114,0.52092,1.0,0.7608,0.71615
12,2,0.40101,0.47445,-0.0669,0.61114,0.28892,0.68,0.5288,0.69615
13,2,0.59301,1.0,0.1251,0.59114,0.05692,0.36,0.2968,0.67615
14,,0.57301,0.98,0.1051,0.57114,0.03692,0.34,0.2768,0.65615
15,,0.55301,0.96,0.0851,0.55114,0.01692,0.32,0.2568,0.63615
16,,0.53301,0.94,0.0651,0.53114,-0.00308,0.3,0.2368,0.61615
17,5,0.21301,0.708,0.0451,0.72314,0.99692,0.492,0.2168,0.38415
18,5,-0.10699,0.476,0.0251,0.91514,1.0,0.684,0.1968,0.15215
19,1,0.89301,0.668,0.0051,0.68314,0.68,0.452,0.1768,0.34415
20,1,1.0,0.86,-0.0149,0.45114,0.36,0.22,0.1568,0.53615
21,3,0.98,1.0,0.9851,0.64314,0.34,-0.012,-0.1632,0.30415
22,3,0.96,1.0,1.0,0.83514,0.32,-0.244,-0.4832,0.07215
23,7,0.94,0.768,0.68,0.60314,0.3,-0.052,0.5168,0.26415
24,7,0.92,0.536,0.36,0.37114,0.28,0.14,1.0,0.45615
25,,0.9,0.516,0.34,0.35114,0.26,0.12,0.98,0.43615
26,,0.88,0.496,0.32,0.33114,0.24,0.1,0.96,0.41615
27,,0.86,0.476,0.3,0.31114,0.22,0.08,0.94,0.39615
28,,0.84,0.456,0.28,0.29114,0.2,0.06,0.92,0.37615
29,,0.82,0.436,0.26,0.27114,0.18,0.04,0.9,0.35615
30,,0.8,0.416,0.24,0.25114,0.16,0.02,0.88,0.33615
31,,0.78,0.396,0.22,0.23114,0.14,0.0,0.86,0.31615
32,,0.76,0.376,0.2,0.21114,0.12,-0.02,0.84,0.29615
33,6,0.528,0.056,-0.032,0.19114,0.312,0.98,1.0,0.27615
34,6,0.296,-0.264,-0.264,0.17114,0.504,1.0,1.0,0.25615
35,3,0.276,-0.072,0.736,0.36314,0.484,0.768,0.68,0.02415
36,3,0.256,0.12,1.0,0.55514,0.464,0.536,0.36,-0.20785
37,8,0.448,0.1,0.768,0.23514,0.232,0.516,0.552,0.79215
38,8,0.64,0.08,0.536,-0.08486,0.0,0.496,0.744,1.0
39,4,0.408,0.06,0.728,0.91514,0.192,0.476,0.512,0.68
40,4,0.176,0.04,0.92,1.0,0.384,0.456,0.28,0.36
41,,0.156,0.02,0.9,0.98,0.364,0.436,0.26,0.34
42,,0.136,0.0,0.88,0.96,0.344,0.416,0.24,0.32
43,,0.116,-0.02,0.86,0.94,0.324,0.396,0.22,0.3
44,2,0.308,0.98,1.0,0.92,0.092,0.076,-0.012,0.28
45,2,0.5,1.0,1.0,0.9,-0.14,-0.244,-0.244,0.26
46,6,0.268,0.68,0.768,0.88,0.052,0.756,-0.052,0.24
47,6,0.036,0.36,0.536,0.86,0.244,1.0,0.14,0.22
48,,0.016,0.34,0.516,0.84,0.224,0.98,0.12,0.2
49,,-0.004,0.32,0.496,0.82,0.204,0.96,0.1,0.18
50,1,0.996,0.512,0.476,0.588,-0.116,0.728,0.08,0.372
51,1,1.0,0.704,0.456,0.356,-0.436,0.496,0.06,0.564
52,5,0.68,0.472,0.436,0.548,0.564,0.688,0.04,0.332
53,5,0.36,0.24,0.416,0.74,1.0,0.88,0.02,0.1
54,,0.34,0.22,0.396,0.72,0.98,0.86,0.0,0.08
55,,0.32,0.2,0.376,0.7,0.96,0.84,-0.02,0.06
56,7,0.3,-0.032,0.056,0.468,0.94,1.0,0.98,0.252
57,7,0.28,-0.264,-0.264,0.236,0.92,1.0,1.0,0.444
58,3,0.26,-0.072,0.736,0.428,0.9,0.768,0.68,0.212
59,3,0.24,0.12,1.0,0.62,0.88,0.536,0.36,-0.02
60,8,0.432,0.1,0.768,0.3,0.648,0.516,0.552,0.98
61,8,0.624,0.08,0.536,-0.02,0.416,0.496,0.744,1.0
62,4,0.392,0.06,0.728,0.98,0.608,0.476,0.512,0.68
63,4,0.16,0.04,0.92,1.0,0.8,0.456,0.28,0.36
64,,0.14,0.02,0.9,0.98,0.78,0.436,0.26,0.34
65,,0.12,0.0,0.88,0.96,0.76,0.416,0.24,0.32
66,,0.1,-0.02,0.86,0.94,0.74,0.396,0.22,0.3
67,2,0.292,0.98,1.0,0.92,0.508,0.076,-0.012,0.28
68,2,0.484,1.0,1.0,0.9,0.276,-0.244,-0.244,0.26
69,7,0.464,0.768,0.68,0.668,0.256,-0.052,0.756,0.452
70,7,0.444,0.536,0.36,0.436,0.236,0.14,1.0,0.644
71,,0.424,0.516,0.34,0.416,0.216,0.12,0.98,0.624
72,,0.404,0.496,0.32,0.396,0.196,0.1,0.96,0.604
73,,0.384,0.476,0.3,0.376,0.176,0.08,0.94,0.584
74,,0.364,0.456,0.28,0.356,0.156,0.06,0.92,0.564
75,,0.344,0.436,0.26,0.336,0.136,0.04,0.9,0.544
76,,0.324,0.416,0.24,0.316,0.116,0.02,0.88,0.524
77,,0.304,0.396,0.22,0.296,0.096,0.0,0.86,0.504
78,,0.284,0.376,0.2,0.276,0.076,-0.02,0.84,0.484
79,6,0.052,0.056,-0.032,0.256,0.268,0.98,1.0,0.464
80,6,-0.18,-0.264,-0.264,0.236,0.46,1.0,1.0,0.444
81,3,-0.2,-0.072,0.736,0.428,0.44,0.768,0.68,0.212
82,3,-0.22,0.12,1.0,0.62,0.42,0.536,0.36,-0.02
83,1,0.78,0.312,0.98,0.388,0.1,0.304,0.34,0.172
84,1,1.0,0.504,0.96,0.156,-0.22,0.072,0.32,0.364
85,5,0.68,0.272,0.94,0.348,0.78,0.264,0.3,0.132
86,5,0.36,0.04,0.92,0.54,1.0,0.456,0.28,-0.1
87,8,0.552,0.02,0.688,0.22,0.768,0.436,0.472,0.9
88,8,0.744,0.0,0.456,-0.1,0.536,0.416,0.664,1.0
89,4,0.512,-0.02,0.648,0.9,0.728,0.396,0.432,0.68
90,4,0.28,-0.04,0.84,1.0,0.92,0.376,0.2,0.36
91,2,0.472,0.96,1.0,0.98,0.688,0.056,-0.032,0.34
92,2,0.664,1.0,1.0,0.96,0.456,-0.264,-0.264,0.32
93,7,0.644,0.768,0.68,0.728,0.436,-0.072,0.736,0.512
94,7,0.624,0.536,0.36,0.496,0.416,0.12,1.0,0.704
95,,0.604,0.516,0.34,0.476,0.396,0.1,0.98,0.684
96,,0.584,0.496,0.32,0.456,0.376,0.08,0.96,0.664
97,,0.564,0.476,0.3,0.436,0.356,0.06,0.94,0.644
98,,0.544,0.456,0.28,0.416,0.336,0.04,0.92,0.624
99,,0.524,0.436,0.26,0.396,0.316,0.02,0.9,0.604
100,,0.504,0.416,0.24,0.376,0.296,0.0,0.88,0.584
101,,0.484,0.396,0.22,0.356,0.276,-0.02,0.86,0.564
102,6,0.252,0.076,-0.012,0.336,0.468,0.98,1.0,0.544
103,6,0.02,-0.244,-0.244,0.316,0.66,1.0,1.0,0.524
104,3,0.0,-0.052,0.756,0.508,0.64,0.768,0.68,0.292
105,3,-0.02,0.14,1.0,0.7,0.62,0.536,0.36,0.06
106,1,0.98,0.332,0.98,0.468,0.3,0.304,0.34,0.252
107,1,1.0,0.524,0.96,0.236,-0.02,0.072,0.32,0.444
108,5,0.68,0.292,0.94,0.428,0.98,0.264,0.3,0.212
109,5,0.36,0.06,0.92,0.62,1.0,0.456,0.28,-0.02
110,8,0.552,0.04,0.688,0.3,0.768,0.436,0.472,0.98
111,8,0.744,0.02,0.456,-0.02,0.536,0.416,0.664,1.0
112,4,0.512,0.0,0.648,0.98,0.728,0.396,0.432,0.68
113,4,0.28,-0.02,0.84,1.0,0.92,0.376,0.2,0.36
114,2,0.472,0.98,1.0,0.98,0.688,0.056,-0.032,0.34
115,2,0.664,1.0,1.0,0.96,0.456,-0.264,-0.264,0.32
116,6,0.432,0.68,0.768,0.94,0.648,0.736,-0.072,0.3
117,6,0.2,0.36,0.536,0.92,0.84,1.0,0.12,0.28
118,,0.18,0.34,0.516,0.9,0.82,0.98,0.1,0.26
119,,0.16,0.32,0.496,0.88,0.8,0.96,0.08,0.24
120,,0.14,0.3,0.476,0.86,0.78,0.94,0.06,0.22
121,,0.12,0.28,0.456,0.84,0.76,0.92,0.04,0.2
122,,0.1,0.26,0.436,0.82,0.74,0.9,0.02,0.18
123,,0.08,0.24,0.416,0.8,0.72,0.88,0.0,0.16
124,,0.06,0.22,0.396,0.78,0.7,0.86,-0.02,0.14
125,7,0.04,-0.012,0.076,0.548,0.68,1.0,0.98,0.332
126,7,0.02,-0.244,-0.244,0.316,0.66,1.0,1.0,0.524
127,3,0.0,-0.052,0.756,0.508,0.64,0.768,0.68,0.292
128,3,-0.02,0.14,1.0,0.7,0.62,0.536,0.36,0.06
129,1,0.98,0.332,0.98,0.468,0.3,0.304,0.34,0.252
130,1,1.0,0.524,0.96,0.236,-0.02,0.072,0.32,0.444
131,5,0.68,0.292,0.94,0.428,0.98,0.264,0.3,0.212
132,5,0.36,0.06,0.92,0.62,1.0,0.456,0.28,-0.02
133,8,0.552,0.04,0.688,0.3,0.768,0.436,0.472,0.98
134,8,0.744,0.02,0.456,-0.02,0.536,0.416,0.664,1.0
135,4,0.512,0.0,0.648,0.98,0.728,0.396,0.432,0.68
136,4,0.28,-0.02,0.84,1.0,0.92,0.376,0.2,0.36
137,2,0.472,0.98,1.0,0.98,0.688,0.056,-0.032,0.34
138,2,0.664,1.0,1.0,0.96,0.456,-0.264,-0.264,0.32
139,6,0.432,0.68,0.768,0.94,0.648,0.736,-0.072,0.3
140,6,0.2,0.36,0.536,0.92,0.84,1.0,0.12,0.28
141,,0.18,0.34,0.516,0.9,0.82,0.98,0.1,0.26
142,,0.16,0.32,0.496,0.88,0.8,0.96,0.08,0.24
143,,0.14,0.3,0.476,0.86,0.78,0.94,0.06,0.22
144,,0.12,0.28,0.456,0.84,0.76,0.92,0.04,0.2
145,,0.1,0.26,0.436,0.82,0.74,0.9,0.02,0.18
146,,0.08,0.24,0.416,0.8,0.72,0.88,0.0,0.16
147,,0.06,0.22,0.396,0.78,0.7,0.86,-0.02,0.14
148,7,0.04,-0.012,0.076,0.548,0.68,1.0,0.98,0.332
149,7,0.02,-0.244,-0.244,0.316,0.66,1.0,1.0,0.524
150,3,0.0,-0.052,0.756,0.508,0.64,0.768,0.68,0.292
151,3,-0.02,0.14,1.0,0.7,0.62,0.536,0.36,0.06
152,1,0.98,0.332,0.98,0.468,0.3,0.304,0.34,0.252
153,1,1.0,0.524,0.96,0.236,-0.02,0.072,0.32,0.444
154,5,0.68,0.292,0.94,0.428,0.98,0.264,0.3,0.212
155,5,0.36,0.06,0.92,0.62,1.0,0.456,0.28,-0.02
156,8,0.552,0.04,0.688,0.3,0.768,0.436,0.472,0.98
157,8,0.744,0.02,0.456,-0.02,0.536,0.416,0.664,1.0
158,4,0.512,0.0,0.648,0.98,0.728,0.396,0.432,0.68
159,4,0.28,-0.02,0.84,1.0,0.92,0.376,0.2,0.36
160,2,0.472,0.98,1.0,0.98,0.688,0.056,-0.032,0.34
161,2,0.664,1.0,1.0,0.96,0.456,-0.264,-0.264,0.32
162,6,0.432,0.68,0.768,0.94,0.648,0.736,-0.072,0.3
163,6,0.2,0.36,0.536,0.92,0.84,1.0,0.12,0.28
164,,0.18,0.34,0.516,0.9,0.82,0.98,0.1,0.26
165,,0.16,0.32,0.496,0.88,0.8,0.96,0.08,0.24
166,,0.14,0.3,0.476,0.86,0.78,0.94,0.06,0.22
167,,0.12,0.28,0.456,0.84,0.76,0.92,0.04,0.2
168,,0.1,0.26,0.436,0.82,0.74,0.9,0.02,0.18
169,,0.08,0.24,0.416,0.8,0.72,0.88,0.0,0.16
170,,0.06,0.22,0.396,0.78,0.7,0.86,-0.02,0.14
171,7,0.04,-0.012,0.076,0.548,0.68,1.0,0.98,0.332
172,7,0.02,-0.244,-0.244,0.316,0.66,1.0,1.0,0.524
173,2,0.212,0.756,-0.052,0.296,0.428,0.68,0.768,0.504
174,2,0.404,1.0,0.14,0.276,0.196,0.36,0.536,0.484
175,,0.384,0.98,0.12,0.256,0.176,0.34,0.516,0.464
176,,0.364,0.96,0.1,0.236,0.156,0.32,0.496,0.444
177,,0.344,0.94,0.08,0.216,0.136,0.3,0.476,0.424
178,,0.324,0.92,0.06,0.196,0.116,0.28,0.456,0.404
179,,0.304,0.9,0.04,0.176,0.096,0.26,0.436,0.384
180,,0.284,0.88,0.02,0.156,0.076,0.24,0.416,0.364
181,,0.264,0.86,0.0,0.136,0.056,0.22,0.396,0.344
182,,0.244,0.84,-0.02,0.116,0.036,0.2,0.376,0.324
183,3,0.224,1.0,0.98,0.308,0.016,-0.032,0.056,0.092
184,3,0.204,1.0,1.0,0.5,-0.004,-0.264,-0.264,-0.14
185,7,0.184,0.768,0.68,0.268,-0.024,-0.072,0.736,0.052
186,7,0.164,0.536,0.36,0.036,-0.044,0.12,1.0,0.244
187,5,-0.156,0.304,0.34,0.228,0.956,0.312,0.98,0.012
188,5,-0.476,0.072,0.32,0.42,1.0,0.504,0.96,-0.22
189,1,0.524,0.264,0.3,0.188,0.68,0.272,0.94,-0.028
190,1,1.0,0.456,0.28,-0.044,0.36,0.04,0.92,0.164
191,4,0.768,0.436,0.472,0.956,0.552,0.02,0.688,-0.156
192,4,0.536,0.416,0.664,1.0,0.744,0.0,0.456,-0.476
193,8,0.728,0.396,0.432,0.68,0.512,-0.02,0.648,0.524
194,8,0.92,0.376,0.2,0.36,0.28,-0.04,0.84,1.0
195,6,0.688,0.056,-0.032,0.34,0.472,0.96,1.0,0.98
196,6,0.456,-0.264,-0.264,0.32,0.664,1.0,1.0,0.96
197,3,0.436,-0.072,0.736,0.512,0.644,0.768,0.68,0.728
198,3,0.416,0.12,1.0,0.704,0.624,0.536,0.36,0.496
199,,0.396,0.1,0.98,0.684,0.604,0.516,0.34,0.476
200,,0.376,0.08,0.96,0.664,0.584,0.496,0.32,0.456
201,,0.356,0.06,0.94,0.644,0.564,0.476,0.3,0.436
202,,0.336,0.04,0.92,0.624,0.544,0.456,0.28,0.416
203,,0.316,0.02,0.9,0.604,0.524,0.436,0.26,0.396
204,,0.296,0.0,0.88,0.584,0.504,0.416,0.24,0.376
205,,0.276,-0.02,0.86,0.564,0.484,0.396,0.22,0.356
206,2,0.468,0.98,1.0,0.544,0.252,0.076,-0.012,0.336
207,2,0.66,1.0,1.0,0.524,0.02,-0.244,-0.244,0.316
208,7,0.64,0.768,0.68,0.292,0.0,-0.052,0.756,0.508
209,7,0.62,0.536,0.36,0.06,-0.02,0.14,1.0,0.7
210,5,0.3,0.304,0.34,0.252,0.98,0.332,0.98,0.468
211,5,-0.02,0.072,0.32,0.444,1.0,0.524,0.96,0.236
212,1,0.98,0.264,0.3,0.212,0.68,0.292,0.94,0.428
213,1,1.0,0.456,0.28,-0.02,0.36,0.06,0.92,0.62
214,4,0.768,0.436,0.472,0.98,0.552,0.04,0.688,0.3
215,4,0.536,0.416,0.664,1.0,0.744,0.02,0.456,-0.02
216,8,0.728,0.396,0.432,0.68,0.512,0.0,0.648,0.98
217,8,0.92,0.376,0.2,0.36,0.28,-0.02,0.84,1.0
218,6,0.688,0.056,-0.032,0.34,0.472,0.98,1.0,0.98
219,6,0.456,-0.264,-0.264,0.32,0.664,1.0,1.0,0.96
220,2,0.648,0.736,-0.072,0.3,0.432,0.68,0.768,0.94
221,2,0.84,1.0,0.12,0.28,0.2,0.36,0.536,0.92
222,,0.82,0.98,0.1,0.26,0.18,0.34,0.516,0.9
223,,0.8,0.96,0.08,0.24,0.16,0.32,0.496,0.88
224,,0.78,0.94,0.06,0.22,0.14,0.3,0.476,0.86
225,,0.76,0.92,0.04,0.2,0.12,0.28,0.456,0.84
226,,0.74,0.9,0.02,0.18,0.1,0.26,0.436,0.82
227,,0.72,0.88,0.0,0.16,0.08,0.24,0.416,0.8
228,,0.7,0.86,-0.02,0.14,0.06,0.22,0.396,0.78
229,3,0.68,1.0,0.98,0.332,0.04,-0.012,0.076,0.548
230,3,0.66,1.0,1.0,0.524,0.02,-0.244,-0.244,0.316
231,7,0.64,0.768,0.68,0.292,0.0,-0.052,0.756,0.508
232,7,0.62,0.536,0.36,0.06,-0.02,0.14,1.0,0.7
233,5,0.3,0.304,0.34,0.252,0.98,0.332,0.98,0.468
234,5,-0.02,0.072,0.32,0.444,1.0,0.524,0.96,0.236
235,1,0.98,0.264,0.3,0.212,0.68,0.292,0.94,0.428
236,1,1.0,0.456,0.28,-0.02,0.36,0.06,0.92,0.62
237,4,0.768,0.436,0.472,0.98,0.552,0.04,0.688,0.3
238,4,0.536,0.416,0.664,1.0,0.744,0.02,0.456,-0.02
239,8,0.728,0.396,0.432,0.68,0.512,0.0,0.648,0.98
240,8,0.92,0.376,0.2,0.36,0.28,-0.02,0.84,1.0
241,6,0.688,0.056,-0.032,0.34,0.472,0.98,1.0,0.98
242,6,0.456,-0.264,-0.264,0.32,0.664,1.0,1.0,0.96
243,2,0.648,0.736,-0.072,0.3,0.432,0.68,0.768,0.94
244,2,0.84,1.0,0.12,0.28,0.2,0.36,0.536,0.92
245,,0.82,0.98,0.1,0.26,0.18,0.34,0.516,0.9
246,,0.8,0.96,0.08,0.24,0.16,0.32,0.496,0.88
247,,0.78,0.94,0.06,0.22,0.14,0.3,0.476,0.86
248,,0.76,0.92,0.04,0.2,0.12,0.28,0.456,0.84
249,,0.74,0.9,0.02,0.18,0.1,0.26,0.436,0.82
250,,0.72,0.88,0.0,0.16,0.08,0.24,0.416,0.8
251,,0.7,0.86,-0.02,0.14,0.06,0.22,0.396,0.78
252,3,0.68,1.0,0.98,0.332,0.04,-0.012,0.076,0.548
253,3,0.66,1.0,1.0,0.524,0.02,-0.244,-0.244,0.316
254,6,0.428,0.68,0.768,0.504,0.212,0.756,-0.052,0.296
255,6,0.196,0.36,0.536,0.484,0.404,1.0,0.14,0.276
256,,0.176,0.34,0.516,0.464,0.384,0.98,0.12,0.256
257,,0.156,0.32,0.496,0.444,0.364,0.96,0.1,0.236
258,,0.136,0.3,0.476,0.424,0.344,0.94,0.08,0.216
259,,0.116,0.28,0.456,0.404,0.324,0.92,0.06,0.196
260,,0.096,0.26,0.436,0.384,0.304,0.9,0.04,0.176
261,,0.076,0.24,0.416,0.364,0.284,0.88,0.02,0.156
262,,0.056,0.22,0.396,0.344,0.264,0.86,0.0,0.136
263,,0.036,0.2,0.376,0.324,0.244,0.84,-0.02,0.116
264,7,0.016,-0.032,0.056,0.092,0.224,1.0,0.98,0.308
265,7,-0.004,-0.264,-0.264,-0.14,0.204,1.0,1.0,0.5
266,2,0.188,0.736,-0.072,-0.16,-0.028,0.68,0.768,0.48
267,2,0.38,1.0,0.12,-0.18,-0.26,0.36,0.536,0.46
268,5,0.06,0.768,0.1,0.012,0.74,0.552,0.516,0.228
269,5,-0.26,0.536,0.08,0.204,1.0,0.744,0.496,-0.004
270,1,0.74,0.728,0.06,-0.028,0.68,0.512,0.476,0.188
271,1,1.0,0.92,0.04,-0.26,0.36,0.28,0.456,0.38
272,4,0.768,0.9,0.232,0.74,0.552,0.26,0.224,0.06
273,4,0.536,0.88,0.424,1.0,0.744,0.24,-0.008,-0.26
274,8,0.728,0.86,0.192,0.68,0.512,0.22,0.184,0.74
275,8,0.92,0.84,-0.04,0.36,0.28,0.2,0.376,1.0
276,3,0.9,1.0,0.96,0.552,0.26,-0.032,0.056,0.768
277,3,0.88,1.0,1.0,0.744,0.24,-0.264,-0.264,0.536
278,7,0.86,0.768,0.68,0.512,0.22,-0.072,0.736,0.728
279,7,0.84,0.536,0.36,0.28,0.2,0.12,1.0,0.92
280,,0.82,0.516,0.34,0.26,0.18,0.1,0.98,0.9
281,,0.8,0.496,0.32,0.24,0.16,0.08,0.96,0.88
282,,0.78,0.476,0.3,0.22,0.14,0.06,0.94,0.86
283,,0.76,0.456,0.28,0.2,0.12,0.04,0.92,0.84
284,,0.74,0.436,0.26,0.18,0.1,0.02,0.9,0.82
285,,0.72,0.416,0.24,0.16,0.08,0.0,0.88,0.8
286,,0.7,0.396,0.22,0.14,0.06,-0.02,0.86,0.78
287,6,0.468,0.076,-0.012,0.12,0.252,0.98,1.0,0.76
288,6,0.236,-0.244,-0.244,0.1,0.444,1.0,1.0,0.74
289,3,0.216,-0.052,0.756,0.292,0.424,0.768,0.68,0.508
290,3,0.196,0.14,1.0,0.484,0.404,0.536,0.36,0.276
291,,0.176,0.12,0.98,0.464,0.384,0.516,0.34,0.256
292,,0.156,0.1,0.96,0.444,0.364,0.496,0.32,0.236
293,,0.136,0.08,0.94,0.424,0.344,0.476,0.3,0.216
294,,0.116,0.06,0.92,0.404,0.324,0.456,0.28,0.196
295,,0.096,0.04,0.9,0.384,0.304,0.436,0.26,0.176
296,,0.076,0.02,0.88,0.364,0.284,0.416,0.24,0.156
297,,0.056,0.0,0.86,0.344,0.264,0.396,0.22,0.136
298,,0.036,-0.02,0.84,0.324,0.244,0.376,0.2,0.116
299,2,0.228,0.98,1.0,0.304,0.012,0.056,-0.032,0.096
300,2,0.42,1.0,1.0,0.284,-0.22,-0.264,-0.264,0.076
301,6,0.188,0.68,0.768,0.264,-0.028,0.736,-0.072,0.056
302,6,-0.044,0.36,0.536,0.244,0.164,1.0,0.12,0.036
303,1,0.956,0.552,0.516,0.012,-0.156,0.768,0.1,0.228
304,1,1.0,0.744,0.496,-0.22,-0.476,0.536,0.08,0.42
305,5,0.68,0.512,0.476,-0.028,0.524,0.728,0.06,0.188
306,5,0.36,0.28,0.456,0.164,1.0,0.92,0.04,-0.044
307,8,0.552,0.26,0.224,-0.156,0.768,0.9,0.232,0.956
308,8,0.744,0.24,-0.008,-0.476,0.536,0.88,0.424,1.0
309,4,0.512,0.22,0.184,0.524,0.728,0.86,0.192,0.68
310,4,0.28,0.2,0.376,1.0,0.92,0.84,-0.04,0.36
311,7,0.26,-0.032,0.056,0.768,0.9,1.0,0.96,0.552
312,7,0.24,-0.264,-0.264,0.536,0.88,1.0,1.0,0.744
313,2,0.432,0.736,-0.072,0.516,0.648,0.68,0.768,0.724
314,2,0.624,1.0,0.12,0.496,0.416,0.36,0.536,0.704
315,,0.604,0.98,0.1,0.476,0.396,0.34,0.516,0.684
316,,0.584,0.96,0.08,0.456,0.376,0.32,0.496,0.664
317,,0.564,0.94,0.06,0.436,0.356,0.3,0.476,0.644
318,,0.544,0.92,0.04,0.416,0.336,0.28,0.456,0.624
319,,0.524,0.9,0.02,0.396,0.316,0.26,0.436,0.604
320,,0.504,0.88,0.0,0.376,0.296,0.24,0.416,0.584
321,,0.484,0.86,-0.02,0.356,0.276,0.22,0.396,0.564
322,3,0.464,1.0,0.98,0.548,0.256,-0.012,0.076,0.332
323,3,0.444,1.0,1.0,0.74,0.236,-0.244,-0.244,0.1
324,7,0.424,0.768,0.68,0.508,0.216,-0.052,0.756,0.292
325,7,0.404,0.536,0.36,0.276,0.196,0.14,1.0,0.484
326,,0.384,0.516,0.34,0.256,0.176,0.12,0.98,0.464
327,,0.364,0.496,0.32,0.236,0.156,0.1,0.96,0.444
328,,0.344,0.476,0.3,0.216,0.136,0.08,0.94,0.424
329,,0.324,0.456,0.28,0.196,0.116,0.06,0.92,0.404
330,,0.304,0.436,0.26,0.176,0.096,0.04,0.9,0.384
331,,0.284,0.416,0.24,0.156,0.076,0.02,0.88,0.364
332,,0.264,0.396,0.22,0.136,0.056,0.0,0.86,0.344
333,,0.244,0.376,0.2,0.116,0.036,-0.02,0.84,0.324
334,6,0.012,0.056,-0.032,0.096,0.228,0.98,1.0,0.304
335,6,-0.22,-0.264,-0.264,0.076,0.42,1.0,1.0,0.284
336,2,-0.028,0.736,-0.072,0.056,0.188,0.68,0.768,0.264
337,2,0.164,1.0,0.12,0.036,-0.044,0.36,0.536,0.244
338,5,-0.156,0.768,0.1,0.228,0.956,0.552,0.516,0.012
339,5,-0.476,0.536,0.08,0.42,1.0,0.744,0.496,-0.22
340,1,0.524,0.728,0.06,0.188,0.68,0.512,0.476,-0.028
341,1,1.0,0.92,0.04,-0.044,0.36,0.28,0.456,0.164
342,4,0.768,0.9,0.232,0.956,0.552,0.26,0.224,-0.156
343,4,0.536,0.88,0.424,1.0,0.744,0.24,-0.008,-0.476
344,8,0.728,0.86,0.192,0.68,0.512,0.22,0.184,0.524
345,8,0.92,0.84,-0.04,0.36,0.28,0.2,0.376,1.0
346,3,0.9,1.0,0.96,0.552,0.26,-0.032,0.056,0.768
347,3,0.88,1.0,1.0,0.744,0.24,-0.264,-0.264,0.536
348,7,0.86,0.768,0.68,0.512,0.22,-0.072,0.736,0.728
349,7,0.84,0.536,0.36,0.28,0.2,0.12,1.0,0.92
350,,0.82,0.516,0.34,0.26,0.18,0.1,0.98,0.9
351,,0.8,0.496,0.32,0.24,0.16,0.08,0.96,0.88
352,,0.78,0.476,0.3,0.22,0.14,0.06,0.94,0.86
353,,0.76,0.456,0.28,0.2,0.12,0.04,0.92,0.84
354,,0.74,0.436,0.26,0.18,0.1,0.02,0.9,0.82
355,,0.72,0.416,0.24,0.16,0.08,0.0,0.88,0.8
356,,0.7,0.396,0.22,0.14,0.06,-0.02,0.86,0.78
357,6,0.468,0.076,-0.012,0.12,0.252,0.98,1.0,0.76
358,6,0.236,-0.244,-0.244,0.1,0.444,1.0,1.0,0.74
359,2,0.428,0.756,-0.052,0.08,0.212,0.68,0.768,0.72
360,2,0.62,1.0,0.14,0.06,-0.02,0.36,0.536,0.7
361,5,0.3,0.768,0.12,0.252,0.98,0.552,0.516,0.468
362,5,-0.02,0.536,0.1,0.444,1.0,0.744,0.496,0.236
363,1,0.98,0.728,0.08,0.212,0.68,0.512,0.476,0.428
364,1,1.0,0.92,0.06,-0.02,0.36,0.28,0.456,0.62
365,4,0.768,0.9,0.252,0.98,0.552,0.26,0.224,0.3
366,4,0.536,0.88,0.444,1.0,0.744,0.24,-0.008,-0.02
367,8,0.728,0.86,0.212,0.68,0.512,0.22,0.184,0.98
368,8,0.92,0.84,-0.02,0.36,0.28,0.2,0.376,1.0
369,3,0.9,1.0,0.98,0.552,0.26,-0.032,0.056,0.768
370,3,0.88,1.0,1.0,0.744,0.24,-0.264,-0.264,0.536
371,7,0.86,0.768,0.68,0.512,0.22,-0.072,0.736,0.728
372,7,0.84,0.536,0.36,0.28,0.2,0.12,1.0,0.92
373,,0.82,0.516,0.34,0.26,0.18,0.1,0.98,0.9
374,,0.8,0.496,0.32,0.24,0.16,0.08,0.96,0.88
375,,0.78,0.476,0.3,0.22,0.14,0.06,0.94,0.86
376,,0.76,0.456,0.28,0.2,0.12,0.04,0.92,0.84
377,,0.74,0.436,0.26,0.18,0.1,0.02,0.9,0.82
378,,0.72,0.416,0.24,0.16,0.08,0.0,0.88,0.8
379,,0.7,0.396,0.22,0.14,0.06,-0.02,0.86,0.78
380,6,0.468,0.076,-0.012,0.12,0.252,0.98,1.0,0.76
381,6,0.236,-0.244,-0.244,0.1,0.444,1.0,1.0,0.74
382,2,0.428,0.756,-0.052,0.08,0.212,0.68,0.768,0.72
383,2,0.62,1.0,0.14,0.06,-0.02,0.36,0.536,0.7
384,5,0.3,0.768,0.12,0.252,0.98,0.552,0.516,0.468
385,5,-0.02,0.536,0.1,0.444,1.0,0.744,0.496,0.236
386,1,0.98,0.728,0.08,0.212,0.68,0.512,0.476,0.428
387,1,1.0,0.92,0.06,-0.02,0.36,0.28,0.456,0.62
388,4,0.768,0.9,0.252,0.98,0.552,0.26,0.224,0.3
389,4,0.536,0.88,0.444,1.0,0.744,0.24,-0.008,-0.02
390,8,0.728,0.86,0.212,0.68,0.512,0.22,0.184,0.98
391,8,0.92,0.84,-0.02,0.36,0.28,0.2,0.376,1.0
392,3,0.9,1.0,0.98,0.552,0.26,-0.032,0.056,0.768
393,3,0.88,1.0,1.0,0.744,0.24,-0.264,-0.264,0.536
394,7,0.86,0.768,0.68,0.512,0.22,-0.072,0.736,0.728
395,7,0.84,0.536,0.36,0.28,0.2,0.12,1.0,0.92
396,,0.82,0.516,0.34,0.26,0.18,0.1,0.98,0.9
397,,0.8,0.496,0.32,0.24,0.16,0.08,0.96,0.88
398,,0.78,0.476,0.3,0.22,0.14,0.06,0.94,0.86
399,,0.76,0.456,0.28,0.2,0.12,0.04,0.92,0.84
400,,0.74,0.436,0.26,0.18,0.1,0.02,0.9,0.82
401,,0.72,0.416,0.24,0.16,0.08,0.0,0.88,0.8
402,,0.7,0.396,0.22,0.14,0.06,-0.02,0.86,0.78
403,6,0.468,0.076,-0.012,0.12,0.252,0.98,1.0,0.76
404,6,0.236,-0.244,-0.244,0.1,0.444,1.0,1.0,0.74
405,2,0.428,0.756,-0.052,0.08,0.212,0.68,0.768,0.72
406,2,0.62,1.0,0.14,0.06,-0.02,0.36,0.536,0.7
407,5,0.3,0.768,0.12,0.252,0.98,0.552,0.516,0.468
408,5,-0.02,0.536,0.1,0.444,1.0,0.744,0.496,0.236
409,1,0.98,0.728,0.08,0.212,0.68,0.512,0.476,0.428
410,1,1.0,0.92,0.06,-0.02,0.36,0.28,0.456,0.62
411,4,0.768,0.9,0.252,0.98,0.552,0.26,0.224,0.3
412,4,0.536,0.88,0.444,1.0,0.744,0.24,-0.008,-0.02
413,8,0.728,0.86,0.212,0.68,0.512,0.22,0.184,0.98
414,8,0.92,0.84,-0.02,0.36,0.28,0.2,0.376,1.0
415,3,0.9,1.0,0.98,0.552,0.26,-0.032,0.056,0.768
416,3,0.88,1.0,1.0,0.744,0.24,-0.264,-0.264,0.536
417,7,0.86,0.768,0.68,0.512,0.22,-0.072,0.736,0.728
418,7,0.84,0.536,0.36,0.28,0.2,0.12,1.0,0.92
419,,0.82,0.516,0.34,0.26,0.18,0.1,0.98,0.9
420,,0.8,0.496,0.32,0.24,0.16,0.08,0.96,0.88
421,,0.78,0.476,0.3,0.22,0.14,0.06,0.94,0.86
422,,0.76,0.456,0.28,0.2,0.12,0.04,0.92,0.84
423,,0.74,0.436,0.26,0.18,0.1,0.02,0.9,0.82
424,,0.72,0.416,0.24,0.16,0.08,0.0,0.88,0.8
425,,0.7,0.396,0.22,0.14,0.06,-0.02,0.86,0.78
426,6,0.468,0.076,-0.012,0.12,0.252,0.98,1.0,0.76
427,6,0.236,-0.244,-0.244,0.1,0.444,1.0,1.0,0.74
428,3,0.216,-0.052,0.756,0.292,0.424,0.768,0.68,0.508
429,3,0.196,0.14,1.0,0.484,0.404,0.536,0.36,0.276
430,,0.176,0.12,0.98,0.464,0.384,0.516,0.34,0.256
431,,0.156,0.1,0.96,0.444,0.364,0.496,0.32,0.236
432,,0.136,0.08,0.94,0.424,0.344,0.476,0.3,0.216
433,,0.116,0.06,0.92,0.404,0.324,0.456,0.28,0.196
434,,0.096,0.04,0.9,0.384,0.304,0.436,0.26,0.176
435,,0.076,0.02,0.88,0.364,0.284,0.416,0.24,0.156
436,,0.056,0.0,0.86,0.344,0.264,0.396,0.22,0.136
437,,0.036,-0.02,0.84,0.324,0.244,0.376,0.2,0.116
438,2,0.228,0.98,1.0,0.304,0.012,0.056,-0.032,0.096
439,2,0.42,1.0,1.0,0.284,-0.22,-0.264,-0.264,0.076
440,6,0.188,0.68,0.768,0.264,-0.028,0.736,-0.072,0.056
441,6,-0.044,0.36,0.536,0.244,0.164,1.0,0.12,0.036
442,1,0.956,0.552,0.516,0.012,-0.156,0.768,0.1,0.228
443,1,1.0,0.744,0.496,-0.22,-0.476,0.536,0.08,0.42
444,5,0.68,0.512,0.476,-0.028,0.524,0.728,0.06,0.188
445,5,0.36,0.28,0.456,0.164,1.0,0.92,0.04,-0.044
446,8,0.552,0.26,0.224,-0.156,0.768,0.9,0.232,0.956
447,8,0.744,0.24,-0.008,-0.476,0.536,0.88,0.424,1.0
448,4,0.512,0.22,0.184,0.524,0.728,0.86,0.192,0.68
449,4,0.28,0.2,0.376,1.0,0.92,0.84,-0.04,0.36
450,7,0.26,-0.032,0.056,0.768,0.9,1.0,0.96,0.552
451,7,0.24,-0.264,-0.264,0.536,0.88,1.0,1.0,0.744
452,2,0.432,0.736,-0.072,0.516,0.648,0.68,0.768,0.724
453,2,0.624,1.0,0.12,0.496,0.416,0.36,0.536,0.704
454,,0.604,0.98,0.1,0.476,0.396,0.34,0.516,0.684
455,,0.584,0.96,0.08,0.456,0.376,0.32,0.496,0.664
456,,0.564,0.94,0.06,0.436,0.356,0.3,0.476,0.644
457,,0.544,0.92,0.04,0.416,0.336,0.28,0.456,0.624
458,,0.524,0.9,0.02,0.396,0.316,0.26,0.436,0.604
459,,0.504,0.88,0.0,0.376,0.296,0.24,0.416,0.584
460,,0.484,0.86,-0.02,0.356,0.276,0.22,0.396,0.564
461,3,0.464,1.0,0.98,0.548,0.256,-0.012,0.076,0.332
462,3,0.444,1.0,1.0,0.74,0.236,-0.244,-0.244,0.1
463,7,0.424,0.768,0.68,0.508,0.216,-0.052,0.756,0.292
464,7,0.404,0.536,0.36,0.276,0.196,0.14,1.0,0.484
465,,0.384,0.516,0.34,0.256,0.176,0.12,0.98,0.464
466,,0.364,0.496,0.32,0.236,0.156,0.1,0.96,0.444
467,,0.344,0.476,0.3,0.216,0.136,0.08,0.94,0.424
468,,0.324,0.456,0.28,0.196,0.116,0.06,0.92,0.404
469,,0.304,0.436,0.26,0.176,0.096,0.04,0.9,0.384
470,,0.284,0.416,0.24,0.156,0.076,0.02,0.88,0.364
471,,0.264,0.396,0.22,0.136,0.056,0.0,0.86,0.344
472,,0.244,0.376,0.2,0.116,0.036,-0.02,0.84,0.324
473,6,0.012,0.056,-0.032,0.096,0.228,0.98,1.0,0.304
474,6,-0.22,-0.264,-0.264,0.076,0.42,1.0,1.0,0.284
475,2,-0.028,0.736,-0.072,0.056,0.188,0.68,0.768,0.264
476,2,0.164,1.0,0.12,0.036,-0.044,0.36,0.536,0.244
477,5,-0.156,0.768,0.1,0.228,0.956,0.552,0.516,0.012
478,5,-0.476,0.536,0.08,0.42,1.0,0.744,0.496,-0.22
479,1,0.524,0.728,0.06,0.188,0.68,0.512,0.476,-0.028
480,1,1.0,0.92,0.04,-0.044,0.36,0.28,0.456,0.164
481,4,0.768,0.9,0.232,0.956,0.552,0.26,0.224,-0.156
482,4,0.536,0.88,0.424,1.0,0.744,0.24,-0.008,-0.476
483,8,0.728,0.86,0.192,0.68,0.512,0.22,0.184,0.524
484,8,0.92,0.84,-0.04,0.36,0.28,0.2,0.376,1.0
485,3,0.9,1.0,0.96,0.552,0.26,-0.032,0.056,0.768
486,3,0.88,1.0,1.0,0.744,0.24,-0.264,-0.264,0.536
487,7,0.86,0.768,0.68,0.512,0.22,-0.072,0.736,0.728
488,7,0.84,0.536,0.36,0.28,0.2,0.12,1.0,0.92
489,,0.82,0.516,0.34,0.26,0.18,0.1,0.98,0.9
490,,0.8,0.496,0.32,0.24,0.16,0.08,0.96,0.88
491,,0.78,0.476,0.3,0.22,0.14,0.06,0.94,0.86
492,,0.76,0.456,0.28,0.2,0.12,0.04,0.92,0.84
493,,0.74,0.436,0.26,0.18,0.1,0.02,0.9,0.82
494,,0.72,0.416,0.24,0.16,0.08,0.0,0.88,0.8
495,,0.7,0.396,0.22,0.14,0.06,-0.02,0.86,0.78
496,6,0.468,0.076,-0.012,0.12,0.252,0.98,1.0,0.76
497,6,0.236,-0.244,-0.244,0.1,0.444,1.0,1.0,0.74
498,2,0.428,0.756,-0.052,0.08,0.212,0.68,0.768,0.72
499,2,0.62,1.0,0.14,0.06,-0.02,0.36,0.536,0.7
