step,active_motive,motive_1,motive_2,motive_3,motive_4,motive_5,motive_6,motive_7,motive_8
0,,0.18727,0.47536,0.366,0.29933,0.07801,0.078,0.02904,0.43309
1,,-0.01273,0.27536,0.166,0.09933,-0.12199,-0.122,-0.17096,0.23309
2,7,0.18727,0.26336,0.066,0.08733,0.07801,0.29,0.82904,0.64509
3,7,0.38727,0.25136,-0.034,0.07533,0.27801,0.702,1.0,1.0
4,3,0.58727,0.66336,0.966,0.48733,0.47801,0.69,0.9,0.988
5,3,0.78727,1.0,1.0,0.89933,0.67801,0.678,0.8,0.976
6,,0.58727,0.8,0.8,0.69933,0.47801,0.478,0.6,0.776
7,,0.38727,0.6,0.6,0.49933,0.27801,0.278,0.4,0.576
8,,0.18727,0.4,0.4,0.29933,0.07801,0.078,0.2,0.376
9,,-0.01273,0.2,0.2,0.09933,-0.12199,-0.122,0.0,0.176
10,6,-0.02473,0.1,0.188,0.29933,0.29001,0.878,0.412,0.376
11,6,-0.03673,0.0,0.176,0.49933,0.70201,1.0,0.824,0.576
12,1,0.96327,0.412,0.376,0.48733,0.60201,0.988,1.0,0.988
13,1,1.0,0.824,0.576,0.47533,0.50201,0.976,1.0,1.0
14,,0.8,0.624,0.376,0.27533,0.30201,0.776,0.8,0.8
15,,0.6,0.424,0.176,0.07533,0.10201,0.576,0.6,0.6
16,,0.4,0.224,-0.024,-0.12467,-0.09799,0.376,0.4,0.4
17,4,0.388,0.424,0.388,0.87533,0.31401,0.576,0.388,0.3
18,4,0.376,0.624,0.8,1.0,0.72601,0.776,0.376,0.2
19,,0.176,0.424,0.6,0.8,0.52601,0.576,0.176,0.0
20,,-0.024,0.224,0.4,0.6,0.32601,0.376,-0.024,-0.2
21,8,0.388,0.424,0.388,0.5,0.31401,0.576,0.388,0.8
22,8,0.8,0.624,0.376,0.4,0.30201,0.776,0.8,1.0
23,,0.6,0.424,0.176,0.2,0.10201,0.576,0.6,0.8
24,,0.4,0.224,-0.024,0.0,-0.09799,0.376,0.4,0.6
25,5,0.3,0.212,0.176,0.412,0.90201,0.788,0.6,0.588
26,5,0.2,0.2,0.376,0.824,1.0,1.0,0.8,0.576
27,,0.0,0.0,0.176,0.624,0.8,0.8,0.6,0.376
28,,-0.2,-0.2,-0.024,0.424,0.6,0.6,0.4,0.176
29,2,0.212,0.8,0.388,0.624,0.588,0.5,0.388,0.376
30,2,0.624,1.0,0.8,0.824,0.576,0.4,0.376,0.576
31,,0.424,0.8,0.6,0.624,0.376,0.2,0.176,0.376
32,,0.224,0.6,0.4,0.424,0.176,0.0,-0.024,0.176
33,7,0.424,0.588,0.3,0.412,0.376,0.412,0.976,0.588
34,7,0.624,0.576,0.2,0.4,0.576,0.824,1.0,1.0
35,,0.424,0.376,0.0,0.2,0.376,0.624,0.8,0.8
36,,0.224,0.176,-0.2,0.0,0.176,0.424,0.6,0.6
37,3,0.424,0.588,0.8,0.412,0.376,0.412,0.5,0.588
38,3,0.624,1.0,1.0,0.824,0.576,0.4,0.4,0.576
39,,0.424,0.8,0.8,0.624,0.376,0.2,0.2,0.376
40,,0.224,0.6,0.6,0.424,0.176,0.0,0.0,0.176
41,,0.024,0.4,0.4,0.224,-0.024,-0.2,-0.2,-0.024
42,7,0.224,0.388,0.3,0.212,0.176,0.212,0.8,0.388
43,7,0.424,0.376,0.2,0.2,0.376,0.624,1.0,0.8
44,,0.224,0.176,0.0,0.0,0.176,0.424,0.8,0.6
45,,0.024,-0.024,-0.2,-0.2,-0.024,0.224,0.6,0.4
46,4,0.012,0.176,0.212,0.8,0.388,0.424,0.588,0.3
47,4,0.0,0.376,0.624,1.0,0.8,0.624,0.576,0.2
48,,-0.2,0.176,0.424,0.8,0.6,0.424,0.376,0.0
49,1,0.8,0.588,0.624,0.788,0.5,0.412,0.576,0.412
50,1,1.0,1.0,0.824,0.776,0.4,0.4,0.776,0.824
51,,0.8,0.8,0.624,0.576,0.2,0.2,0.576,0.624
52,,0.6,0.6,0.424,0.376,0.0,0.0,0.376,0.424
53,,0.4,0.4,0.224,0.176,-0.2,-0.2,0.176,0.224
54,5,0.3,0.388,0.424,0.588,0.8,0.212,0.376,0.212
55,5,0.2,0.376,0.624,1.0,1.0,0.624,0.576,0.2
56,,0.0,0.176,0.424,0.8,0.8,0.424,0.376,0.0
57,,-0.2,-0.024,0.224,0.6,0.6,0.224,0.176,-0.2
58,8,0.212,0.176,0.212,0.5,0.588,0.424,0.588,0.8
59,8,0.624,0.376,0.2,0.4,0.576,0.624,1.0,1.0
60,,0.424,0.176,0.0,0.2,0.376,0.424,0.8,0.8
61,,0.224,-0.024,-0.2,0.0,0.176,0.224,0.6,0.6
62,3,0.424,0.388,0.8,0.412,0.376,0.212,0.5,0.588
63,3,0.624,0.8,1.0,0.824,0.576,0.2,0.4,0.576
64,,0.424,0.6,0.8,0.624,0.376,0.0,0.2,0.376
65,,0.224,0.4,0.6,0.424,0.176,-0.2,0.0,0.176
66,6,0.212,0.3,0.588,0.624,0.588,0.8,0.412,0.376
67,6,0.2,0.2,0.576,0.824,1.0,1.0,0.824,0.576
68,,0.0,0.0,0.376,0.624,0.8,0.8,0.624,0.376
69,,-0.2,-0.2,0.176,0.424,0.6,0.6,0.424,0.176
70,1,0.8,0.212,0.376,0.412,0.5,0.588,0.624,0.588
71,1,1.0,0.624,0.576,0.4,0.4,0.576,0.824,1.0
72,,0.8,0.424,0.376,0.2,0.2,0.376,0.624,0.8
73,,0.6,0.224,0.176,0.0,0.0,0.176,0.424,0.6
74,,0.4,0.024,-0.024,-0.2,-0.2,-0.024,0.224,0.4
75,5,0.3,0.012,0.176,0.212,0.8,0.388,0.424,0.388
76,5,0.2,0.0,0.376,0.624,1.0,0.8,0.624,0.376
77,,0.0,-0.2,0.176,0.424,0.8,0.6,0.424,0.176
78,2,0.412,0.8,0.588,0.624,0.788,0.5,0.412,0.376
79,2,0.824,1.0,1.0,0.824,0.776,0.4,0.4,0.576
80,,0.624,0.8,0.8,0.624,0.576,0.2,0.2,0.376
81,,0.424,0.6,0.6,0.424,0.376,0.0,0.0,0.176
82,,0.224,0.4,0.4,0.224,0.176,-0.2,-0.2,-0.024
83,7,0.424,0.388,0.3,0.212,0.376,0.212,0.8,0.388
84,7,0.624,0.376,0.2,0.2,0.576,0.624,1.0,0.8
85,,0.424,0.176,0.0,0.0,0.376,0.424,0.8,0.6
86,,0.224,-0.024,-0.2,-0.2,0.176,0.224,0.6,0.4
87,4,0.212,0.176,0.212,0.8,0.588,0.424,0.588,0.3
88,4,0.2,0.376,0.624,1.0,1.0,0.624,0.576,0.2
89,,0.0,0.176,0.424,0.8,0.8,0.424,0.376,0.0
90,,-0.2,-0.024,0.224,0.6,0.6,0.224,0.176,-0.2
91,8,0.212,0.176,0.212,0.5,0.588,0.424,0.588,0.8
92,8,0.624,0.376,0.2,0.4,0.576,0.624,1.0,1.0
93,,0.424,0.176,0.0,0.2,0.376,0.424,0.8,0.8
94,,0.224,-0.024,-0.2,0.0,0.176,0.224,0.6,0.6
95,3,0.424,0.388,0.8,0.412,0.376,0.212,0.5,0.588
96,3,0.624,0.8,1.0,0.824,0.576,0.2,0.4,0.576
97,,0.424,0.6,0.8,0.624,0.376,0.0,0.2,0.376
98,,0.224,0.4,0.6,0.424,0.176,-0.2,0.0,0.176
99,6,0.212,0.3,0.588,0.624,0.588,0.8,0.412,0.376
100,6,0.2,0.2,0.576,0.824,1.0,1.0,0.824,0.576
101,,0.0,0.0,0.376,0.624,0.8,0.8,0.624,0.376
102,,-0.2,-0.2,0.176,0.424,0.6,0.6,0.424,0.176
103,2,0.212,0.8,0.588,0.624,0.588,0.5,0.412,0.376
104,2,0.624,1.0,1.0,0.824,0.576,0.4,0.4,0.576
105,,0.424,0.8,0.8,0.624,0.376,0.2,0.2,0.376
106,,0.224,0.6,0.6,0.424,0.176,0.0,0.0,0.176
107,,0.024,0.4,0.4,0.224,-0.024,-0.2,-0.2,-0.024
108,7,0.224,0.388,0.3,0.212,0.176,0.212,0.8,0.388
109,7,0.424,0.376,0.2,0.2,0.376,0.624,1.0,0.8
110,,0.224,0.176,0.0,0.0,0.176,0.424,0.8,0.6
111,,0.024,-0.024,-0.2,-0.2,-0.024,0.224,0.6,0.4
112,4,0.012,0.176,0.212,0.8,0.388,0.424,0.588,0.3
113,4,0.0,0.376,0.624,1.0,0.8,0.624,0.576,0.2
114,,-0.2,0.176,0.424,0.8,0.6,0.424,0.376,0.0
115,1,0.8,0.588,0.624,0.788,0.5,0.412,0.576,0.412
116,1,1.0,1.0,0.824,0.776,0.4,0.4,0.776,0.824
117,,0.8,0.8,0.624,0.576,0.2,0.2,0.576,0.624
118,,0.6,0.6,0.424,0.376,0.0,0.0,0.376,0.424
119,,0.4,0.4,0.224,0.176,-0.2,-0.2,0.176,0.224
120,6,0.388,0.3,0.212,0.376,0.212,0.8,0.588,0.424
121,6,0.376,0.2,0.2,0.576,0.624,1.0,1.0,0.624
122,,0.176,0.0,0.0,0.376,0.424,0.8,0.8,0.424
123,,-0.024,-0.2,-0.2,0.176,0.224,0.6,0.6,0.224
124,2,0.388,0.8,0.212,0.376,0.212,0.5,0.588,0.424
125,2,0.8,1.0,0.624,0.576,0.2,0.4,0.576,0.624
126,,0.6,0.8,0.424,0.376,0.0,0.2,0.376,0.424
127,,0.4,0.6,0.224,0.176,-0.2,0.0,0.176,0.224
128,5,0.3,0.588,0.424,0.588,0.8,0.412,0.376,0.212
129,5,0.2,0.576,0.624,1.0,1.0,0.824,0.576,0.2
130,,0.0,0.376,0.424,0.8,0.8,0.624,0.376,0.0
131,,-0.2,0.176,0.224,0.6,0.6,0.424,0.176,-0.2
132,1,0.8,0.588,0.424,0.588,0.5,0.412,0.376,0.212
133,1,1.0,1.0,0.624,0.576,0.4,0.4,0.576,0.624
134,,0.8,0.8,0.424,0.376,0.2,0.2,0.376,0.424
135,,0.6,0.6,0.224,0.176,0.0,0.0,0.176,0.224
136,,0.4,0.4,0.024,-0.024,-0.2,-0.2,-0.024,0.024
137,6,0.388,0.3,0.012,0.176,0.212,0.8,0.388,0.224
138,6,0.376,0.2,0.0,0.376,0.624,1.0,0.8,0.424
139,,0.176,0.0,-0.2,0.176,0.424,0.8,0.6,0.224
140,3,0.376,0.412,0.8,0.588,0.624,0.788,0.5,0.212
141,3,0.576,0.824,1.0,1.0,0.824,0.776,0.4,0.2
142,,0.376,0.624,0.8,0.8,0.624,0.576,0.2,0.0
143,,0.176,0.424,0.6,0.6,0.424,0.376,0.0,-0.2
144,8,0.588,0.624,0.588,0.5,0.412,0.576,0.412,0.8
145,8,1.0,0.824,0.576,0.4,0.4,0.776,0.824,1.0
146,,0.8,0.624,0.376,0.2,0.2,0.576,0.624,0.8
147,,0.6,0.424,0.176,0.0,0.0,0.376,0.424,0.6
148,,0.4,0.224,-0.024,-0.2,-0.2,0.176,0.224,0.4
149,5,0.3,0.212,0.176,0.212,0.8,0.588,0.424,0.388
150,5,0.2,0.2,0.376,0.624,1.0,1.0,0.624,0.376
151,,0.0,0.0,0.176,0.424,0.8,0.8,0.424,0.176
152,,-0.2,-0.2,-0.024,0.224,0.6,0.6,0.224,-0.024
153,2,0.212,0.8,0.388,0.424,0.588,0.5,0.212,0.176
154,2,0.624,1.0,0.8,0.624,0.576,0.4,0.2,0.376
155,,0.424,0.8,0.6,0.424,0.376,0.2,0.0,0.176
156,,0.224,0.6,0.4,0.224,0.176,0.0,-0.2,-0.024
157,7,0.424,0.588,0.3,0.212,0.376,0.412,0.8,0.388
158,7,0.624,0.576,0.2,0.2,0.576,0.824,1.0,0.8
159,,0.424,0.376,0.0,0.0,0.376,0.624,0.8,0.6
160,,0.224,0.176,-0.2,-0.2,0.176,0.424,0.6,0.4
161,3,0.424,0.588,0.8,0.212,0.376,0.412,0.5,0.388
162,3,0.624,1.0,1.0,0.624,0.576,0.4,0.4,0.376
163,,0.424,0.8,0.8,0.424,0.376,0.2,0.2,0.176
164,,0.224,0.6,0.6,0.224,0.176,0.0,0.0,-0.024
165,8,0.636,0.8,0.588,0.124,0.164,0.2,0.412,0.976
166,8,1.0,1.0,0.576,0.024,0.152,0.4,0.824,1.0
167,,0.8,0.8,0.376,-0.176,-0.048,0.2,0.624,0.8
168,4,0.788,1.0,0.788,0.824,0.364,0.4,0.612,0.7
169,4,0.776,1.0,1.0,1.0,0.776,0.6,0.6,0.6
170,,0.576,0.8,0.8,0.8,0.576,0.4,0.4,0.4
171,,0.376,0.6,0.6,0.6,0.376,0.2,0.2,0.2
172,,0.176,0.4,0.4,0.4,0.176,0.0,0.0,0.0
173,,-0.024,0.2,0.2,0.2,-0.024,-0.2,-0.2,-0.2
174,6,-0.036,0.1,0.188,0.4,0.388,0.8,0.212,0.0
175,6,-0.048,0.0,0.176,0.6,0.8,1.0,0.624,0.2
176,1,0.952,0.412,0.376,0.588,0.7,0.988,0.824,0.612
177,1,1.0,0.824,0.576,0.576,0.6,0.976,1.0,1.0
178,,0.8,0.624,0.376,0.376,0.4,0.776,0.8,0.8
179,,0.6,0.424,0.176,0.176,0.2,0.576,0.6,0.6
180,,0.4,0.224,-0.024,-0.024,0.0,0.376,0.4,0.4
181,3,0.6,0.636,0.976,0.388,0.2,0.364,0.3,0.388
182,3,0.8,1.0,1.0,0.8,0.4,0.352,0.2,0.376
183,,0.6,0.8,0.8,0.6,0.2,0.152,0.0,0.176
184,,0.4,0.6,0.6,0.4,0.0,-0.048,-0.2,-0.024
185,7,0.6,0.588,0.5,0.388,0.2,0.364,0.8,0.388
186,7,0.8,0.576,0.4,0.376,0.4,0.776,1.0,0.8
187,,0.6,0.376,0.2,0.176,0.2,0.576,0.8,0.6
188,,0.4,0.176,0.0,-0.024,0.0,0.376,0.6,0.4
189,4,0.388,0.376,0.412,0.976,0.412,0.576,0.588,0.3
190,4,0.376,0.576,0.824,1.0,0.824,0.776,0.576,0.2
191,,0.176,0.376,0.624,0.8,0.624,0.576,0.376,0.0
192,,-0.024,0.176,0.424,0.6,0.424,0.376,0.176,-0.2
193,8,0.388,0.376,0.412,0.5,0.412,0.576,0.588,0.8
194,8,0.8,0.576,0.4,0.4,0.4,0.776,1.0,1.0
195,,0.6,0.376,0.2,0.2,0.2,0.576,0.8,0.8
196,,0.4,0.176,0.0,0.0,0.0,0.376,0.6,0.6
197,,0.2,-0.024,-0.2,-0.2,-0.2,0.176,0.4,0.4
198,5,0.1,-0.036,0.0,0.212,0.8,0.588,0.6,0.388
199,5,0.0,-0.048,0.2,0.624,1.0,1.0,0.8,0.376
