step,active_motive,motive_1,motive_2,motive_3,motive_4,motive_5,motive_6,motive_7,motive_8
0,,0.30806,0.54254,0.50881,0.63633,0.25046,0.58987,0.97889,0.48674
1,,0.28806,0.52254,0.48881,0.61633,0.23046,0.56987,0.95889,0.46674
2,,0.26806,0.50254,0.46881,0.59633,0.21046,0.54987,0.93889,0.44674
3,,0.24806,0.48254,0.44881,0.57633,0.19046,0.52987,0.91889,0.42674
4,,0.22806,0.46254,0.42881,0.55633,0.17046,0.50987,0.89889,0.40674
5,,0.20806,0.44254,0.40881,0.53633,0.15046,0.48987,0.87889,0.38674
6,,0.18806,0.42254,0.38881,0.51633,0.13046,0.46987,0.85889,0.36674
7,,0.16806,0.40254,0.36881,0.49633,0.11046,0.44987,0.83889,0.34674
8,,0.14806,0.38254,0.34881,0.47633,0.09046,0.42987,0.81889,0.32674
9,,0.12806,0.36254,0.32881,0.45633,0.07046,0.40987,0.79889,0.30674
10,,0.10806,0.34254,0.30881,0.43633,0.05046,0.38987,0.77889,0.28674
11,,0.08806,0.32254,0.28881,0.41633,0.03046,0.36987,0.75889,0.26674
12,,0.06806,0.30254,0.26881,0.39633,0.01046,0.34987,0.73889,0.24674
13,,0.04806,0.28254,0.24881,0.37633,-0.00954,0.32987,0.71889,0.22674
14,5,0.12806,0.42154,0.52881,0.79733,0.99046,0.75087,0.99889,0.36574
15,5,0.20806,0.56054,0.80881,1.0,1.0,1.0,1.0,0.50474
16,,0.18806,0.54054,0.78881,0.98,0.98,0.98,0.98,0.48474
17,,0.16806,0.52054,0.76881,0.96,0.96,0.96,0.96,0.46474
18,,0.14806,0.50054,0.74881,0.94,0.94,0.94,0.94,0.44474
19,,0.12806,0.48054,0.72881,0.92,0.92,0.92,0.92,0.42474
20,,0.10806,0.46054,0.70881,0.9,0.9,0.9,0.9,0.40474
21,,0.08806,0.44054,0.68881,0.88,0.88,0.88,0.88,0.38474
22,,0.06806,0.42054,0.66881,0.86,0.86,0.86,0.86,0.36474
23,,0.04806,0.40054,0.64881,0.84,0.84,0.84,0.84,0.34474
24,,0.02806,0.38054,0.62881,0.82,0.82,0.82,0.82,0.32474
25,,0.00806,0.36054,0.60881,0.8,0.8,0.8,0.8,0.30474
26,,-0.01194,0.34054,0.58881,0.78,0.78,0.78,0.78,0.28474
27,1,0.98806,0.76154,0.86881,0.919,0.86,0.919,1.0,0.70574
28,1,1.0,1.0,1.0,1.0,0.94,1.0,1.0,1.0
29,,0.98,0.98,0.98,0.98,0.92,0.98,0.98,0.98
30,,0.96,0.96,0.96,0.96,0.9,0.96,0.96,0.96
31,,0.94,0.94,0.94,0.94,0.88,0.94,0.94,0.94
32,,0.92,0.92,0.92,0.92,0.86,0.92,0.92,0.92
33,,0.9,0.9,0.9,0.9,0.84,0.9,0.9,0.9
34,,0.88,0.88,0.88,0.88,0.82,0.88,0.88,0.88
35,,0.86,0.86,0.86,0.86,0.8,0.86,0.86,0.86
36,,0.84,0.84,0.84,0.84,0.78,0.84,0.84,0.84
37,,0.82,0.82,0.82,0.82,0.76,0.82,0.82,0.82
38,,0.8,0.8,0.8,0.8,0.74,0.8,0.8,0.8
39,,0.78,0.78,0.78,0.78,0.72,0.78,0.78,0.78
40,,0.76,0.76,0.76,0.76,0.7,0.76,0.76,0.76
41,,0.74,0.74,0.74,0.74,0.68,0.74,0.74,0.74
42,,0.72,0.72,0.72,0.72,0.66,0.72,0.72,0.72
43,,0.7,0.7,0.7,0.7,0.64,0.7,0.7,0.7
44,,0.68,0.68,0.68,0.68,0.62,0.68,0.68,0.68
45,,0.66,0.66,0.66,0.66,0.6,0.66,0.66,0.66
46,,0.64,0.64,0.64,0.64,0.58,0.64,0.64,0.64
47,,0.62,0.62,0.62,0.62,0.56,0.62,0.62,0.62
48,,0.6,0.6,0.6,0.6,0.54,0.6,0.6,0.6
49,,0.58,0.58,0.58,0.58,0.52,0.58,0.58,0.58
50,,0.56,0.56,0.56,0.56,0.5,0.56,0.56,0.56
51,,0.54,0.54,0.54,0.54,0.48,0.54,0.54,0.54
52,,0.52,0.52,0.52,0.52,0.46,0.52,0.52,0.52
53,,0.5,0.5,0.5,0.5,0.44,0.5,0.5,0.5
54,,0.48,0.48,0.48,0.48,0.42,0.48,0.48,0.48
55,,0.46,0.46,0.46,0.46,0.4,0.46,0.46,0.46
56,,0.44,0.44,0.44,0.44,0.38,0.44,0.44,0.44
57,,0.42,0.42,0.42,0.42,0.36,0.42,0.42,0.42
58,,0.4,0.4,0.4,0.4,0.34,0.4,0.4,0.4
59,,0.38,0.38,0.38,0.38,0.32,0.38,0.38,0.38
60,,0.36,0.36,0.36,0.36,0.3,0.36,0.36,0.36
61,,0.34,0.34,0.34,0.34,0.28,0.34,0.34,0.34
62,,0.32,0.32,0.32,0.32,0.26,0.32,0.32,0.32
63,,0.3,0.3,0.3,0.3,0.24,0.3,0.3,0.3
64,,0.28,0.28,0.28,0.28,0.22,0.28,0.28,0.28
65,,0.26,0.26,0.26,0.26,0.2,0.26,0.26,0.26
66,,0.24,0.24,0.24,0.24,0.18,0.24,0.24,0.24
67,,0.22,0.22,0.22,0.22,0.16,0.22,0.22,0.22
68,,0.2,0.2,0.2,0.2,0.14,0.2,0.2,0.2
69,,0.18,0.18,0.18,0.18,0.12,0.18,0.18,0.18
70,,0.16,0.16,0.16,0.16,0.1,0.16,0.16,0.16
71,,0.14,0.14,0.14,0.14,0.08,0.14,0.14,0.14
72,,0.12,0.12,0.12,0.12,0.06,0.12,0.12,0.12
73,,0.1,0.1,0.1,0.1,0.04,0.1,0.1,0.1
74,,0.08,0.08,0.08,0.08,0.02,0.08,0.08,0.08
75,,0.06,0.06,0.06,0.06,0.0,0.06,0.06,0.06
76,,0.04,0.04,0.04,0.04,-0.02,0.04,0.04,0.04
77,5,0.12,0.179,0.32,0.461,0.98,0.461,0.32,0.179
78,5,0.2,0.318,0.6,0.882,1.0,0.882,0.6,0.318
79,,0.18,0.298,0.58,0.862,0.98,0.862,0.58,0.298
80,,0.16,0.278,0.56,0.842,0.96,0.842,0.56,0.278
81,,0.14,0.258,0.54,0.822,0.94,0.822,0.54,0.258
82,,0.12,0.238,0.52,0.802,0.92,0.802,0.52,0.238
83,,0.1,0.218,0.5,0.782,0.9,0.782,0.5,0.218
84,,0.08,0.198,0.48,0.762,0.88,0.762,0.48,0.198
85,,0.06,0.178,0.46,0.742,0.86,0.742,0.46,0.178
86,,0.04,0.158,0.44,0.722,0.84,0.722,0.44,0.158
87,,0.02,0.138,0.42,0.702,0.82,0.702,0.42,0.138
88,,0.0,0.118,0.4,0.682,0.8,0.682,0.4,0.118
89,,-0.02,0.098,0.38,0.662,0.78,0.662,0.38,0.098
90,1,0.98,0.519,0.66,0.801,0.86,0.801,0.66,0.519
91,1,1.0,0.94,0.94,0.94,0.94,0.94,0.94,0.94
92,,0.98,0.92,0.92,0.92,0.92,0.92,0.92,0.92
93,,0.96,0.9,0.9,0.9,0.9,0.9,0.9,0.9
94,,0.94,0.88,0.88,0.88,0.88,0.88,0.88,0.88
95,,0.92,0.86,0.86,0.86,0.86,0.86,0.86,0.86
96,,0.9,0.84,0.84,0.84,0.84,0.84,0.84,0.84
97,,0.88,0.82,0.82,0.82,0.82,0.82,0.82,0.82
98,,0.86,0.8,0.8,0.8,0.8,0.8,0.8,0.8
99,,0.84,0.78,0.78,0.78,0.78,0.78,0.78,0.78
100,,0.82,0.76,0.76,0.76,0.76,0.76,0.76,0.76
101,,0.8,0.74,0.74,0.74,0.74,0.74,0.74,0.74
102,,0.78,0.72,0.72,0.72,0.72,0.72,0.72,0.72
103,,0.76,0.7,0.7,0.7,0.7,0.7,0.7,0.7
104,,0.74,0.68,0.68,0.68,0.68,0.68,0.68,0.68
105,,0.72,0.66,0.66,0.66,0.66,0.66,0.66,0.66
106,,0.7,0.64,0.64,0.64,0.64,0.64,0.64,0.64
107,,0.68,0.62,0.62,0.62,0.62,0.62,0.62,0.62
108,,0.66,0.6,0.6,0.6,0.6,0.6,0.6,0.6
109,,0.64,0.58,0.58,0.58,0.58,0.58,0.58,0.58
110,,0.62,0.56,0.56,0.56,0.56,0.56,0.56,0.56
111,,0.6,0.54,0.54,0.54,0.54,0.54,0.54,0.54
112,,0.58,0.52,0.52,0.52,0.52,0.52,0.52,0.52
113,,0.56,0.5,0.5,0.5,0.5,0.5,0.5,0.5
114,,0.54,0.48,0.48,0.48,0.48,0.48,0.48,0.48
115,,0.52,0.46,0.46,0.46,0.46,0.46,0.46,0.46
116,,0.5,0.44,0.44,0.44,0.44,0.44,0.44,0.44
117,,0.48,0.42,0.42,0.42,0.42,0.42,0.42,0.42
118,,0.46,0.4,0.4,0.4,0.4,0.4,0.4,0.4
119,,0.44,0.38,0.38,0.38,0.38,0.38,0.38,0.38
120,,0.42,0.36,0.36,0.36,0.36,0.36,0.36,0.36
121,,0.4,0.34,0.34,0.34,0.34,0.34,0.34,0.34
122,,0.38,0.32,0.32,0.32,0.32,0.32,0.32,0.32
123,,0.36,0.3,0.3,0.3,0.3,0.3,0.3,0.3
124,,0.34,0.28,0.28,0.28,0.28,0.28,0.28,0.28
125,,0.32,0.26,0.26,0.26,0.26,0.26,0.26,0.26
126,,0.3,0.24,0.24,0.24,0.24,0.24,0.24,0.24
127,,0.28,0.22,0.22,0.22,0.22,0.22,0.22,0.22
128,,0.26,0.2,0.2,0.2,0.2,0.2,0.2,0.2
129,,0.24,0.18,0.18,0.18,0.18,0.18,0.18,0.18
130,,0.22,0.16,0.16,0.16,0.16,0.16,0.16,0.16
131,,0.2,0.14,0.14,0.14,0.14,0.14,0.14,0.14
132,,0.18,0.12,0.12,0.12,0.12,0.12,0.12,0.12
133,,0.16,0.1,0.1,0.1,0.1,0.1,0.1,0.1
134,,0.14,0.08,0.08,0.08,0.08,0.08,0.08,0.08
135,,0.12,0.06,0.06,0.06,0.06,0.06,0.06,0.06
136,,0.1,0.04,0.04,0.04,0.04,0.04,0.04,0.04
137,,0.08,0.02,0.02,0.02,0.02,0.02,0.02,0.02
138,,0.06,0.0,0.0,0.0,0.0,0.0,0.0,0.0
139,,0.04,-0.02,-0.02,-0.02,-0.02,-0.02,-0.02,-0.02
140,4,0.179,0.26,0.401,0.98,0.401,0.26,0.119,0.06
141,4,0.318,0.54,0.822,1.0,0.822,0.54,0.258,0.14
142,,0.298,0.52,0.802,0.98,0.802,0.52,0.238,0.12
143,,0.278,0.5,0.782,0.96,0.782,0.5,0.218,0.1
144,,0.258,0.48,0.762,0.94,0.762,0.48,0.198,0.08
145,,0.238,0.46,0.742,0.92,0.742,0.46,0.178,0.06
146,,0.218,0.44,0.722,0.9,0.722,0.44,0.158,0.04
147,,0.198,0.42,0.702,0.88,0.702,0.42,0.138,0.02
148,,0.178,0.4,0.682,0.86,0.682,0.4,0.118,0.0
149,,0.158,0.38,0.662,0.84,0.662,0.38,0.098,-0.02
150,8,0.579,0.66,0.801,0.92,0.801,0.66,0.519,0.98
151,8,1.0,0.94,0.94,1.0,0.94,0.94,0.94,1.0
152,,0.98,0.92,0.92,0.98,0.92,0.92,0.92,0.98
153,,0.96,0.9,0.9,0.96,0.9,0.9,0.9,0.96
154,,0.94,0.88,0.88,0.94,0.88,0.88,0.88,0.94
155,,0.92,0.86,0.86,0.92,0.86,0.86,0.86,0.92
156,,0.9,0.84,0.84,0.9,0.84,0.84,0.84,0.9
157,,0.88,0.82,0.82,0.88,0.82,0.82,0.82,0.88
158,,0.86,0.8,0.8,0.86,0.8,0.8,0.8,0.86
159,,0.84,0.78,0.78,0.84,0.78,0.78,0.78,0.84
160,,0.82,0.76,0.76,0.82,0.76,0.76,0.76,0.82
161,,0.8,0.74,0.74,0.8,0.74,0.74,0.74,0.8
162,,0.78,0.72,0.72,0.78,0.72,0.72,0.72,0.78
163,,0.76,0.7,0.7,0.76,0.7,0.7,0.7,0.76
164,,0.74,0.68,0.68,0.74,0.68,0.68,0.68,0.74
165,,0.72,0.66,0.66,0.72,0.66,0.66,0.66,0.72
166,,0.7,0.64,0.64,0.7,0.64,0.64,0.64,0.7
167,,0.68,0.62,0.62,0.68,0.62,0.62,0.62,0.68
168,,0.66,0.6,0.6,0.66,0.6,0.6,0.6,0.66
169,,0.64,0.58,0.58,0.64,0.58,0.58,0.58,0.64
170,,0.62,0.56,0.56,0.62,0.56,0.56,0.56,0.62
171,,0.6,0.54,0.54,0.6,0.54,0.54,0.54,0.6
172,,0.58,0.52,0.52,0.58,0.52,0.52,0.52,0.58
173,,0.56,0.5,0.5,0.56,0.5,0.5,0.5,0.56
174,,0.54,0.48,0.48,0.54,0.48,0.48,0.48,0.54
175,,0.52,0.46,0.46,0.52,0.46,0.46,0.46,0.52
176,,0.5,0.44,0.44,0.5,0.44,0.44,0.44,0.5
177,,0.48,0.42,0.42,0.48,0.42,0.42,0.42,0.48
178,,0.46,0.4,0.4,0.46,0.4,0.4,0.4,0.46
179,,0.44,0.38,0.38,0.44,0.38,0.38,0.38,0.44
180,,0.42,0.36,0.36,0.42,0.36,0.36,0.36,0.42
181,,0.4,0.34,0.34,0.4,0.34,0.34,0.34,0.4
182,,0.38,0.32,0.32,0.38,0.32,0.32,0.32,0.38
183,,0.36,0.3,0.3,0.36,0.3,0.3,0.3,0.36
184,,0.34,0.28,0.28,0.34,0.28,0.28,0.28,0.34
185,,0.32,0.26,0.26,0.32,0.26,0.26,0.26,0.32
186,,0.3,0.24,0.24,0.3,0.24,0.24,0.24,0.3
187,,0.28,0.22,0.22,0.28,0.22,0.22,0.22,0.28
188,,0.26,0.2,0.2,0.26,0.2,0.2,0.2,0.26
189,,0.24,0.18,0.18,0.24,0.18,0.18,0.18,0.24
190,,0.22,0.16,0.16,0.22,0.16,0.16,0.16,0.22
191,,0.2,0.14,0.14,0.2,0.14,0.14,0.14,0.2
192,,0.18,0.12,0.12,0.18,0.12,0.12,0.12,0.18
193,,0.16,0.1,0.1,0.16,0.1,0.1,0.1,0.16
194,,0.14,0.08,0.08,0.14,0.08,0.08,0.08,0.14
195,,0.12,0.06,0.06,0.12,0.06,0.06,0.06,0.12
196,,0.1,0.04,0.04,0.1,0.04,0.04,0.04,0.1
197,,0.08,0.02,0.02,0.08,0.02,0.02,0.02,0.08
198,,0.06,0.0,0.0,0.06,0.0,0.0,0.0,0.06
199,,0.04,-0.02,-0.02,0.04,-0.02,-0.02,-0.02,0.04
200,5,0.12,0.119,0.26,0.461,0.98,0.401,0.26,0.179
201,5,0.2,0.258,0.54,0.882,1.0,0.822,0.54,0.318
202,,0.18,0.238,0.52,0.862,0.98,0.802,0.52,0.298
203,,0.16,0.218,0.5,0.842,0.96,0.782,0.5,0.278
204,,0.14,0.198,0.48,0.822,0.94,0.762,0.48,0.258
205,,0.12,0.178,0.46,0.802,0.92,0.742,0.46,0.238
206,,0.1,0.158,0.44,0.782,0.9,0.722,0.44,0.218
207,,0.08,0.138,0.42,0.762,0.88,0.702,0.42,0.198
208,,0.06,0.118,0.4,0.742,0.86,0.682,0.4,0.178
209,,0.04,0.098,0.38,0.722,0.84,0.662,0.38,0.158
210,,0.02,0.078,0.36,0.702,0.82,0.642,0.36,0.138
211,,0.0,0.058,0.34,0.682,0.8,0.622,0.34,0.118
212,,-0.02,0.038,0.32,0.662,0.78,0.602,0.32,0.098
213,1,0.98,0.459,0.6,0.801,0.86,0.741,0.6,0.519
214,1,1.0,0.88,0.88,0.94,0.94,0.88,0.88,0.94
215,,0.98,0.86,0.86,0.92,0.92,0.86,0.86,0.92
216,,0.96,0.84,0.84,0.9,0.9,0.84,0.84,0.9
217,,0.94,0.82,0.82,0.88,0.88,0.82,0.82,0.88
218,,0.92,0.8,0.8,0.86,0.86,0.8,0.8,0.86
219,,0.9,0.78,0.78,0.84,0.84,0.78,0.78,0.84
220,,0.88,0.76,0.76,0.82,0.82,0.76,0.76,0.82
221,,0.86,0.74,0.74,0.8,0.8,0.74,0.74,0.8
222,,0.84,0.72,0.72,0.78,0.78,0.72,0.72,0.78
223,,0.82,0.7,0.7,0.76,0.76,0.7,0.7,0.76
224,,0.8,0.68,0.68,0.74,0.74,0.68,0.68,0.74
225,,0.78,0.66,0.66,0.72,0.72,0.66,0.66,0.72
226,,0.76,0.64,0.64,0.7,0.7,0.64,0.64,0.7
227,,0.74,0.62,0.62,0.68,0.68,0.62,0.62,0.68
228,,0.72,0.6,0.6,0.66,0.66,0.6,0.6,0.66
229,,0.7,0.58,0.58,0.64,0.64,0.58,0.58,0.64
230,,0.68,0.56,0.56,0.62,0.62,0.56,0.56,0.62
231,,0.66,0.54,0.54,0.6,0.6,0.54,0.54,0.6
232,,0.64,0.52,0.52,0.58,0.58,0.52,0.52,0.58
233,,0.62,0.5,0.5,0.56,0.56,0.5,0.5,0.56
234,,0.6,0.48,0.48,0.54,0.54,0.48,0.48,0.54
235,,0.58,0.46,0.46,0.52,0.52,0.46,0.46,0.52
236,,0.56,0.44,0.44,0.5,0.5,0.44,0.44,0.5
237,,0.54,0.42,0.42,0.48,0.48,0.42,0.42,0.48
238,,0.52,0.4,0.4,0.46,0.46,0.4,0.4,0.46
239,,0.5,0.38,0.38,0.44,0.44,0.38,0.38,0.44
240,,0.48,0.36,0.36,0.42,0.42,0.36,0.36,0.42
241,,0.46,0.34,0.34,0.4,0.4,0.34,0.34,0.4
242,,0.44,0.32,0.32,0.38,0.38,0.32,0.32,0.38
243,,0.42,0.3,0.3,0.36,0.36,0.3,0.3,0.36
244,,0.4,0.28,0.28,0.34,0.34,0.28,0.28,0.34
245,,0.38,0.26,0.26,0.32,0.32,0.26,0.26,0.32
246,,0.36,0.24,0.24,0.3,0.3,0.24,0.24,0.3
247,,0.34,0.22,0.22,0.28,0.28,0.22,0.22,0.28
248,,0.32,0.2,0.2,0.26,0.26,0.2,0.2,0.26
249,,0.3,0.18,0.18,0.24,0.24,0.18,0.18,0.24
250,,0.28,0.16,0.16,0.22,0.22,0.16,0.16,0.22
251,,0.26,0.14,0.14,0.2,0.2,0.14,0.14,0.2
252,,0.24,0.12,0.12,0.18,0.18,0.12,0.12,0.18
253,,0.22,0.1,0.1,0.16,0.16,0.1,0.1,0.16
254,,0.2,0.08,0.08,0.14,0.14,0.08,0.08,0.14
255,,0.18,0.06,0.06,0.12,0.12,0.06,0.06,0.12
256,,0.16,0.04,0.04,0.1,0.1,0.04,0.04,0.1
257,,0.14,0.02,0.02,0.08,0.08,0.02,0.02,0.08
258,,0.12,0.0,0.0,0.06,0.06,0.0,0.0,0.06
259,,0.1,-0.02,-0.02,0.04,0.04,-0.02,-0.02,0.04
260,3,0.38,0.401,0.98,0.461,0.32,0.119,0.06,0.179
261,3,0.66,0.822,1.0,0.882,0.6,0.258,0.14,0.318
262,,0.64,0.802,0.98,0.862,0.58,0.238,0.12,0.298
263,,0.62,0.782,0.96,0.842,0.56,0.218,0.1,0.278
264,,0.6,0.762,0.94,0.822,0.54,0.198,0.08,0.258
265,,0.58,0.742,0.92,0.802,0.52,0.178,0.06,0.238
266,,0.56,0.722,0.9,0.782,0.5,0.158,0.04,0.218
267,,0.54,0.702,0.88,0.762,0.48,0.138,0.02,0.198
268,,0.52,0.682,0.86,0.742,0.46,0.118,0.0,0.178
269,,0.5,0.662,0.84,0.722,0.44,0.098,-0.02,0.158
270,7,0.78,0.801,0.92,0.861,0.72,0.519,0.98,0.579
271,7,1.0,0.94,1.0,1.0,1.0,0.94,1.0,1.0
272,,0.98,0.92,0.98,0.98,0.98,0.92,0.98,0.98
273,,0.96,0.9,0.96,0.96,0.96,0.9,0.96,0.96
274,,0.94,0.88,0.94,0.94,0.94,0.88,0.94,0.94
275,,0.92,0.86,0.92,0.92,0.92,0.86,0.92,0.92
276,,0.9,0.84,0.9,0.9,0.9,0.84,0.9,0.9
277,,0.88,0.82,0.88,0.88,0.88,0.82,0.88,0.88
278,,0.86,0.8,0.86,0.86,0.86,0.8,0.86,0.86
279,,0.84,0.78,0.84,0.84,0.84,0.78,0.84,0.84
280,,0.82,0.76,0.82,0.82,0.82,0.76,0.82,0.82
281,,0.8,0.74,0.8,0.8,0.8,0.74,0.8,0.8
282,,0.78,0.72,0.78,0.78,0.78,0.72,0.78,0.78
283,,0.76,0.7,0.76,0.76,0.76,0.7,0.76,0.76
284,,0.74,0.68,0.74,0.74,0.74,0.68,0.74,0.74
285,,0.72,0.66,0.72,0.72,0.72,0.66,0.72,0.72
286,,0.7,0.64,0.7,0.7,0.7,0.64,0.7,0.7
287,,0.68,0.62,0.68,0.68,0.68,0.62,0.68,0.68
288,,0.66,0.6,0.66,0.66,0.66,0.6,0.66,0.66
289,,0.64,0.58,0.64,0.64,0.64,0.58,0.64,0.64
290,,0.62,0.56,0.62,0.62,0.62,0.56,0.62,0.62
291,,0.6,0.54,0.6,0.6,0.6,0.54,0.6,0.6
292,,0.58,0.52,0.58,0.58,0.58,0.52,0.58,0.58
293,,0.56,0.5,0.56,0.56,0.56,0.5,0.56,0.56
294,,0.54,0.48,0.54,0.54,0.54,0.48,0.54,0.54
295,,0.52,0.46,0.52,0.52,0.52,0.46,0.52,0.52
296,,0.5,0.44,0.5,0.5,0.5,0.44,0.5,0.5
297,,0.48,0.42,0.48,0.48,0.48,0.42,0.48,0.48
298,,0.46,0.4,0.46,0.46,0.46,0.4,0.46,0.46
299,,0.44,0.38,0.44,0.44,0.44,0.38,0.44,0.44
300,,0.42,0.36,0.42,0.42,0.42,0.36,0.42,0.42
301,,0.4,0.34,0.4,0.4,0.4,0.34,0.4,0.4
302,,0.38,0.32,0.38,0.38,0.38,0.32,0.38,0.38
303,,0.36,0.3,0.36,0.36,0.36,0.3,0.36,0.36
304,,0.34,0.28,0.34,0.34,0.34,0.28,0.34,0.34
305,,0.32,0.26,0.32,0.32,0.32,0.26,0.32,0.32
306,,0.3,0.24,0.3,0.3,0.3,0.24,0.3,0.3
307,,0.28,0.22,0.28,0.28,0.28,0.22,0.28,0.28
308,,0.26,0.2,0.26,0.26,0.26,0.2,0.26,0.26
309,,0.24,0.18,0.24,0.24,0.24,0.18,0.24,0.24
310,,0.22,0.16,0.22,0.22,0.22,0.16,0.22,0.22
311,,0.2,0.14,0.2,0.2,0.2,0.14,0.2,0.2
312,,0.18,0.12,0.18,0.18,0.18,0.12,0.18,0.18
313,,0.16,0.1,0.16,0.16,0.16,0.1,0.16,0.16
314,,0.14,0.08,0.14,0.14,0.14,0.08,0.14,0.14
315,,0.12,0.06,0.12,0.12,0.12,0.06,0.12,0.12
316,,0.1,0.04,0.1,0.1,0.1,0.04,0.1,0.1
317,,0.08,0.02,0.08,0.08,0.08,0.02,0.08,0.08
318,,0.06,0.0,0.06,0.06,0.06,0.0,0.06,0.06
319,,0.04,-0.02,0.04,0.04,0.04,-0.02,0.04,0.04
320,2,0.461,0.98,0.461,0.32,0.179,0.06,0.179,0.32
321,2,0.882,1.0,0.882,0.6,0.318,0.14,0.318,0.6
322,,0.862,0.98,0.862,0.58,0.298,0.12,0.298,0.58
323,,0.842,0.96,0.842,0.56,0.278,0.1,0.278,0.56
324,,0.822,0.94,0.822,0.54,0.258,0.08,0.258,0.54
325,,0.802,0.92,0.802,0.52,0.238,0.06,0.238,0.52
326,,0.782,0.9,0.782,0.5,0.218,0.04,0.218,0.5
327,,0.762,0.88,0.762,0.48,0.198,0.02,0.198,0.48
328,,0.742,0.86,0.742,0.46,0.178,0.0,0.178,0.46
329,,0.722,0.84,0.722,0.44,0.158,-0.02,0.158,0.44
330,6,0.861,0.92,0.861,0.72,0.579,0.98,0.579,0.72
331,6,1.0,1.0,1.0,1.0,1.0,1.0,1.0,1.0
332,,0.98,0.98,0.98,0.98,0.98,0.98,0.98,0.98
333,,0.96,0.96,0.96,0.96,0.96,0.96,0.96,0.96
334,,0.94,0.94,0.94,0.94,0.94,0.94,0.94,0.94
335,,0.92,0.92,0.92,0.92,0.92,0.92,0.92,0.92
336,,0.9,0.9,0.9,0.9,0.9,0.9,0.9,0.9
337,,0.88,0.88,0.88,0.88,0.88,0.88,0.88,0.88
338,,0.86,0.86,0.86,0.86,0.86,0.86,0.86,0.86
339,,0.84,0.84,0.84,0.84,0.84,0.84,0.84,0.84
340,,0.82,0.82,0.82,0.82,0.82,0.82,0.82,0.82
341,,0.8,0.8,0.8,0.8,0.8,0.8,0.8,0.8
342,,0.78,0.78,0.78,0.78,0.78,0.78,0.78,0.78
343,,0.76,0.76,0.76,0.76,0.76,0.76,0.76,0.76
344,,0.74,0.74,0.74,0.74,0.74,0.74,0.74,0.74
345,,0.72,0.72,0.72,0.72,0.72,0.72,0.72,0.72
346,,0.7,0.7,0.7,0.7,0.7,0.7,0.7,0.7
347,,0.68,0.68,0.68,0.68,0.68,0.68,0.68,0.68
348,,0.66,0.66,0.66,0.66,0.66,0.66,0.66,0.66
349,,0.64,0.64,0.64,0.64,0.64,0.64,0.64,0.64
350,,0.62,0.62,0.62,0.62,0.62,0.62,0.62,0.62
351,,0.6,0.6,0.6,0.6,0.6,0.6,0.6,0.6
352,,0.58,0.58,0.58,0.58,0.58,0.58,0.58,0.58
353,,0.56,0.56,0.56,0.56,0.56,0.56,0.56,0.56
354,,0.54,0.54,0.54,0.54,0.54,0.54,0.54,0.54
355,,0.52,0.52,0.52,0.52,0.52,0.52,0.52,0.52
356,,0.5,0.5,0.5,0.5,0.5,0.5,0.5,0.5
357,,0.48,0.48,0.48,0.48,0.48,0.48,0.48,0.48
358,,0.46,0.46,0.46,0.46,0.46,0.46,0.46,0.46
359,,0.44,0.44,0.44,0.44,0.44,0.44,0.44,0.44
360,,0.42,0.42,0.42,0.42,0.42,0.42,0.42,0.42
361,,0.4,0.4,0.4,0.4,0.4,0.4,0.4,0.4
362,,0.38,0.38,0.38,0.38,0.38,0.38,0.38,0.38
363,,0.36,0.36,0.36,0.36,0.36,0.36,0.36,0.36
364,,0.34,0.34,0.34,0.34,0.34,0.34,0.34,0.34
365,,0.32,0.32,0.32,0.32,0.32,0.32,0.32,0.32
366,,0.3,0.3,0.3,0.3,0.3,0.3,0.3,0.3
367,,0.28,0.28,0.28,0.28,0.28,0.28,0.28,0.28
368,,0.26,0.26,0.26,0.26,0.26,0.26,0.26,0.26
369,,0.24,0.24,0.24,0.24,0.24,0.24,0.24,0.24
370,,0.22,0.22,0.22,0.22,0.22,0.22,0.22,0.22
371,,0.2,0.2,0.2,0.2,0.2,0.2,0.2,0.2
372,,0.18,0.18,0.18,0.18,0.18,0.18,0.18,0.18
373,,0.16,0.16,0.16,0.16,0.16,0.16,0.16,0.16
374,,0.14,0.14,0.14,0.14,0.14,0.14,0.14,0.14
375,,0.12,0.12,0.12,0.12,0.12,0.12,0.12,0.12
376,,0.1,0.1,0.1,0.1,0.1,0.1,0.1,0.1
377,,0.08,0.08,0.08,0.08,0.08,0.08,0.08,0.08
378,,0.06,0.06,0.06,0.06,0.06,0.06,0.06,0.06
379,,0.04,0.04,0.04,0.04,0.04,0.04,0.04,0.04
380,,0.02,0.02,0.02,0.02,0.02,0.02,0.02,0.02
381,,0.0,0.0,0.0,0.0,0.0,0.0,0.0,0.0
382,,-0.02,-0.02,-0.02,-0.02,-0.02,-0.02,-0.02,-0.02
383,6,0.119,0.06,0.119,0.26,0.401,0.98,0.401,0.26
384,6,0.258,0.14,0.258,0.54,0.822,1.0,0.822,0.54
385,,0.238,0.12,0.238,0.52,0.802,0.98,0.802,0.52
386,,0.218,0.1,0.218,0.5,0.782,0.96,0.782,0.5
387,,0.198,0.08,0.198,0.48,0.762,0.94,0.762,0.48
388,,0.178,0.06,0.178,0.46,0.742,0.92,0.742,0.46
389,,0.158,0.04,0.158,0.44,0.722,0.9,0.722,0.44
390,,0.138,0.02,0.138,0.42,0.702,0.88,0.702,0.42
391,,0.118,0.0,0.118,0.4,0.682,0.86,0.682,0.4
392,,0.098,-0.02,0.098,0.38,0.662,0.84,0.662,0.38
393,2,0.519,0.98,0.519,0.66,0.801,0.92,0.801,0.66
394,2,0.94,1.0,0.94,0.94,0.94,1.0,0.94,0.94
395,,0.92,0.98,0.92,0.92,0.92,0.98,0.92,0.92
396,,0.9,0.96,0.9,0.9,0.9,0.96,0.9,0.9
397,,0.88,0.94,0.88,0.88,0.88,0.94,0.88,0.88
398,,0.86,0.92,0.86,0.86,0.86,0.92,0.86,0.86
399,,0.84,0.9,0.84,0.84,0.84,0.9,0.84,0.84
400,,0.82,0.88,0.82,0.82,0.82,0.88,0.82,0.82
401,,0.8,0.86,0.8,0.8,0.8,0.86,0.8,0.8
402,,0.78,0.84,0.78,0.78,0.78,0.84,0.78,0.78
403,,0.76,0.82,0.76,0.76,0.76,0.82,0.76,0.76
404,,0.74,0.8,0.74,0.74,0.74,0.8,0.74,0.74
405,,0.72,0.78,0.72,0.72,0.72,0.78,0.72,0.72
406,,0.7,0.76,0.7,0.7,0.7,0.76,0.7,0.7
407,,0.68,0.74,0.68,0.68,0.68,0.74,0.68,0.68
408,,0.66,0.72,0.66,0.66,0.66,0.72,0.66,0.66
409,,0.64,0.7,0.64,0.64,0.64,0.7,0.64,0.64
410,,0.62,0.68,0.62,0.62,0.62,0.68,0.62,0.62
411,,0.6,0.66,0.6,0.6,0.6,0.66,0.6,0.6
412,,0.58,0.64,0.58,0.58,0.58,0.64,0.58,0.58
413,,0.56,0.62,0.56,0.56,0.56,0.62,0.56,0.56
414,,0.54,0.6,0.54,0.54,0.54,0.6,0.54,0.54
415,,0.52,0.58,0.52,0.52,0.52,0.58,0.52,0.52
416,,0.5,0.56,0.5,0.5,0.5,0.56,0.5,0.5
417,,0.48,0.54,0.48,0.48,0.48,0.54,0.48,0.48
418,,0.46,0.52,0.46,0.46,0.46,0.52,0.46,0.46
419,,0.44,0.5,0.44,0.44,0.44,0.5,0.44,0.44
420,,0.42,0.48,0.42,0.42,0.42,0.48,0.42,0.42
421,,0.4,0.46,0.4,0.4,0.4,0.46,0.4,0.4
422,,0.38,0.44,0.38,0.38,0.38,0.44,0.38,0.38
423,,0.36,0.42,0.36,0.36,0.36,0.42,0.36,0.36
424,,0.34,0.4,0.34,0.34,0.34,0.4,0.34,0.34
425,,0.32,0.38,0.32,0.32,0.32,0.38,0.32,0.32
426,,0.3,0.36,0.3,0.3,0.3,0.36,0.3,0.3
427,,0.28,0.34,0.28,0.28,0.28,0.34,0.28,0.28
428,,0.26,0.32,0.26,0.26,0.26,0.32,0.26,0.26
429,,0.24,0.3,0.24,0.24,0.24,0.3,0.24,0.24
430,,0.22,0.28,0.22,0.22,0.22,0.28,0.22,0.22
431,,0.2,0.26,0.2,0.2,0.2,0.26,0.2,0.2
432,,0.18,0.24,0.18,0.18,0.18,0.24,0.18,0.18
433,,0.16,0.22,0.16,0.16,0.16,0.22,0.16,0.16
434,,0.14,0.2,0.14,0.14,0.14,0.2,0.14,0.14
435,,0.12,0.18,0.12,0.12,0.12,0.18,0.12,0.12
436,,0.1,0.16,0.1,0.1,0.1,0.16,0.1,0.1
437,,0.08,0.14,0.08,0.08,0.08,0.14,0.08,0.08
438,,0.06,0.12,0.06,0.06,0.06,0.12,0.06,0.06
439,,0.04,0.1,0.04,0.04,0.04,0.1,0.04,0.04
440,,0.02,0.08,0.02,0.02,0.02,0.08,0.02,0.02
441,,0.0,0.06,0.0,0.0,0.0,0.06,0.0,0.0
442,,-0.02,0.04,-0.02,-0.02,-0.02,0.04,-0.02,-0.02
443,1,0.98,0.461,0.26,0.119,0.06,0.179,0.26,0.401
444,1,1.0,0.882,0.54,0.258,0.14,0.318,0.54,0.822
445,,0.98,0.862,0.52,0.238,0.12,0.298,0.52,0.802
446,,0.96,0.842,0.5,0.218,0.1,0.278,0.5,0.782
447,,0.94,0.822,0.48,0.198,0.08,0.258,0.48,0.762
448,,0.92,0.802,0.46,0.178,0.06,0.238,0.46,0.742
449,,0.9,0.782,0.44,0.158,0.04,0.218,0.44,0.722
450,,0.88,0.762,0.42,0.138,0.02,0.198,0.42,0.702
451,,0.86,0.742,0.4,0.118,0.0,0.178,0.4,0.682
452,,0.84,0.722,0.38,0.098,-0.02,0.158,0.38,0.662
453,5,0.92,0.861,0.66,0.519,0.98,0.579,0.66,0.801
454,5,1.0,1.0,0.94,0.94,1.0,1.0,0.94,0.94
455,,0.98,0.98,0.92,0.92,0.98,0.98,0.92,0.92
456,,0.96,0.96,0.9,0.9,0.96,0.96,0.9,0.9
457,,0.94,0.94,0.88,0.88,0.94,0.94,0.88,0.88
458,,0.92,0.92,0.86,0.86,0.92,0.92,0.86,0.86
459,,0.9,0.9,0.84,0.84,0.9,0.9,0.84,0.84
460,,0.88,0.88,0.82,0.82,0.88,0.88,0.82,0.82
461,,0.86,0.86,0.8,0.8,0.86,0.86,0.8,0.8
462,,0.84,0.84,0.78,0.78,0.84,0.84,0.78,0.78
463,,0.82,0.82,0.76,0.76,0.82,0.82,0.76,0.76
464,,0.8,0.8,0.74,0.74,0.8,0.8,0.74,0.74
465,,0.78,0.78,0.72,0.72,0.78,0.78,0.72,0.72
466,,0.76,0.76,0.7,0.7,0.76,0.76,0.7,0.7
467,,0.74,0.74,0.68,0.68,0.74,0.74,0.68,0.68
468,,0.72,0.72,0.66,0.66,0.72,0.72,0.66,0.66
469,,0.7,0.7,0.64,0.64,0.7,0.7,0.64,0.64
470,,0.68,0.68,0.62,0.62,0.68,0.68,0.62,0.62
471,,0.66,0.66,0.6,0.6,0.66,0.66,0.6,0.6
472,,0.64,0.64,0.58,0.58,0.64,0.64,0.58,0.58
473,,0.62,0.62,0.56,0.56,0.62,0.62,0.56,0.56
474,,0.6,0.6,0.54,0.54,0.6,0.6,0.54,0.54
475,,0.58,0.58,0.52,0.52,0.58,0.58,0.52,0.52
476,,0.56,0.56,0.5,0.5,0.56,0.56,0.5,0.5
477,,0.54,0.54,0.48,0.48,0.54,0.54,0.48,0.48
478,,0.52,0.52,0.46,0.46,0.52,0.52,0.46,0.46
479,,0.5,0.5,0.44,0.44,0.5,0.5,0.44,0.44
480,,0.48,0.48,0.42,0.42,0.48,0.48,0.42,0.42
481,,0.46,0.46,0.4,0.4,0.46,0.46,0.4,0.4
482,,0.44,0.44,0.38,0.38,0.44,0.44,0.38,0.38
483,,0.42,0.42,0.36,0.36,0.42,0.42,0.36,0.36
484,,0.4,0.4,0.34,0.34,0.4,0.4,0.34,0.34
485,,0.38,0.38,0.32,0.32,0.38,0.38,0.32,0.32
486,,0.36,0.36,0.3,0.3,0.36,0.36,0.3,0.3
487,,0.34,0.34,0.28,0.28,0.34,0.34,0.28,0.28
488,,0.32,0.32,0.26,0.26,0.32,0.32,0.26,0.26
489,,0.3,0.3,0.24,0.24,0.3,0.3,0.24,0.24
490,,0.28,0.28,0.22,0.22,0.28,0.28,0.22,0.22
491,,0.26,0.26,0.2,0.2,0.26,0.26,0.2,0.2
492,,0.24,0.24,0.18,0.18,0.24,0.24,0.18,0.18
493,,0.22,0.22,0.16,0.16,0.22,0.22,0.16,0.16
494,,0.2,0.2,0.14,0.14,0.2,0.2,0.14,0.14
495,,0.18,0.18,0.12,0.12,0.18,0.18,0.12,0.12
496,,0.16,0.16,0.1,0.1,0.16,0.16,0.1,0.1
497,,0.14,0.14,0.08,0.08,0.14,0.14,0.08,0.08
498,,0.12,0.12,0.06,0.06,0.12,0.12,0.06,0.06
499,,0.1,0.1,0.04,0.04,0.1,0.1,0.04,0.04
500,,0.08,0.08,0.02,0.02,0.08,0.08,0.02,0.02
501,,0.06,0.06,0.0,0.0,0.06,0.06,0.0,0.0
502,,0.04,0.04,-0.02,-0.02,0.04,0.04,-0.02,-0.02
503,8,0.461,0.32,0.119,0.06,0.179,0.32,0.401,0.98
504,8,0.882,0.6,0.258,0.14,0.318,0.6,0.822,1.0
505,,0.862,0.58,0.238,0.12,0.298,0.58,0.802,0.98
506,,0.842,0.56,0.218,0.1,0.278,0.56,0.782,0.96
507,,0.822,0.54,0.198,0.08,0.258,0.54,0.762,0.94
508,,0.802,0.52,0.178,0.06,0.238,0.52,0.742,0.92
509,,0.782,0.5,0.158,0.04,0.218,0.5,0.722,0.9
510,,0.762,0.48,0.138,0.02,0.198,0.48,0.702,0.88
511,,0.742,0.46,0.118,0.0,0.178,0.46,0.682,0.86
512,,0.722,0.44,0.098,-0.02,0.158,0.44,0.662,0.84
513,4,0.861,0.72,0.519,0.98,0.579,0.72,0.801,0.92
514,4,1.0,1.0,0.94,1.0,1.0,1.0,0.94,1.0
515,,0.98,0.98,0.92,0.98,0.98,0.98,0.92,0.98
516,,0.96,0.96,0.9,0.96,0.96,0.96,0.9,0.96
517,,0.94,0.94,0.88,0.94,0.94,0.94,0.88,0.94
518,,0.92,0.92,0.86,0.92,0.92,0.92,0.86,0.92
519,,0.9,0.9,0.84,0.9,0.9,0.9,0.84,0.9
520,,0.88,0.88,0.82,0.88,0.88,0.88,0.82,0.88
521,,0.86,0.86,0.8,0.86,0.86,0.86,0.8,0.86
522,,0.84,0.84,0.78,0.84,0.84,0.84,0.78,0.84
523,,0.82,0.82,0.76,0.82,0.82,0.82,0.76,0.82
524,,0.8,0.8,0.74,0.8,0.8,0.8,0.74,0.8
525,,0.78,0.78,0.72,0.78,0.78,0.78,0.72,0.78
526,,0.76,0.76,0.7,0.76,0.76,0.76,0.7,0.76
527,,0.74,0.74,0.68,0.74,0.74,0.74,0.68,0.74
528,,0.72,0.72,0.66,0.72,0.72,0.72,0.66,0.72
529,,0.7,0.7,0.64,0.7,0.7,0.7,0.64,0.7
530,,0.68,0.68,0.62,0.68,0.68,0.68,0.62,0.68
531,,0.66,0.66,0.6,0.66,0.66,0.66,0.6,0.66
532,,0.64,0.64,0.58,0.64,0.64,0.64,0.58,0.64
533,,0.62,0.62,0.56,0.62,0.62,0.62,0.56,0.62
534,,0.6,0.6,0.54,0.6,0.6,0.6,0.54,0.6
535,,0.58,0.58,0.52,0.58,0.58,0.58,0.52,0.58
536,,0.56,0.56,0.5,0.56,0.56,0.56,0.5,0.56
537,,0.54,0.54,0.48,0.54,0.54,0.54,0.48,0.54
538,,0.52,0.52,0.46,0.52,0.52,0.52,0.46,0.52
539,,0.5,0.5,0.44,0.5,0.5,0.5,0.44,0.5
540,,0.48,0.48,0.42,0.48,0.48,0.48,0.42,0.48
541,,0.46,0.46,0.4,0.46,0.46,0.46,0.4,0.46
542,,0.44,0.44,0.38,0.44,0.44,0.44,0.38,0.44
543,,0.42,0.42,0.36,0.42,0.42,0.42,0.36,0.42
544,,0.4,0.4,0.34,0.4,0.4,0.4,0.34,0.4
545,,0.38,0.38,0.32,0.38,0.38,0.38,0.32,0.38
546,,0.36,0.36,0.3,0.36,0.36,0.36,0.3,0.36
547,,0.34,0.34,0.28,0.34,0.34,0.34,0.28,0.34
548,,0.32,0.32,0.26,0.32,0.32,0.32,0.26,0.32
549,,0.3,0.3,0.24,0.3,0.3,0.3,0.24,0.3
550,,0.28,0.28,0.22,0.28,0.28,0.28,0.22,0.28
551,,0.26,0.26,0.2,0.26,0.26,0.26,0.2,0.26
552,,0.24,0.24,0.18,0.24,0.24,0.24,0.18,0.24
553,,0.22,0.22,0.16,0.22,0.22,0.22,0.16,0.22
554,,0.2,0.2,0.14,0.2,0.2,0.2,0.14,0.2
555,,0.18,0.18,0.12,0.18,0.18,0.18,0.12,0.18
556,,0.16,0.16,0.1,0.16,0.16,0.16,0.1,0.16
557,,0.14,0.14,0.08,0.14,0.14,0.14,0.08,0.14
558,,0.12,0.12,0.06,0.12,0.12,0.12,0.06,0.12
559,,0.1,0.1,0.04,0.1,0.1,0.1,0.04,0.1
560,,0.08,0.08,0.02,0.08,0.08,0.08,0.02,0.08
561,,0.06,0.06,0.0,0.06,0.06,0.06,0.0,0.06
562,,0.04,0.04,-0.02,0.04,0.04,0.04,-0.02,0.04
563,3,0.32,0.461,0.98,0.461,0.32,0.179,0.06,0.179
564,3,0.6,0.882,1.0,0.882,0.6,0.318,0.14,0.318
565,,0.58,0.862,0.98,0.862,0.58,0.298,0.12,0.298
566,,0.56,0.842,0.96,0.842,0.56,0.278,0.1,0.278
567,,0.54,0.822,0.94,0.822,0.54,0.258,0.08,0.258
568,,0.52,0.802,0.92,0.802,0.52,0.238,0.06,0.238
569,,0.5,0.782,0.9,0.782,0.5,0.218,0.04,0.218
570,,0.48,0.762,0.88,0.762,0.48,0.198,0.02,0.198
571,,0.46,0.742,0.86,0.742,0.46,0.178,0.0,0.178
572,,0.44,0.722,0.84,0.722,0.44,0.158,-0.02,0.158
573,7,0.72,0.861,0.92,0.861,0.72,0.579,0.98,0.579
574,7,1.0,1.0,1.0,1.0,1.0,1.0,1.0,1.0
575,,0.98,0.98,0.98,0.98,0.98,0.98,0.98,0.98
576,,0.96,0.96,0.96,0.96,0.96,0.96,0.96,0.96
577,,0.94,0.94,0.94,0.94,0.94,0.94,0.94,0.94
578,,0.92,0.92,0.92,0.92,0.92,0.92,0.92,0.92
579,,0.9,0.9,0.9,0.9,0.9,0.9,0.9,0.9
580,,0.88,0.88,0.88,0.88,0.88,0.88,0.88,0.88
581,,0.86,0.86,0.86,0.86,0.86,0.86,0.86,0.86
582,,0.84,0.84,0.84,0.84,0.84,0.84,0.84,0.84
583,,0.82,0.82,0.82,0.82,0.82,0.82,0.82,0.82
584,,0.8,0.8,0.8,0.8,0.8,0.8,0.8,0.8
585,,0.78,0.78,0.78,0.78,0.78,0.78,0.78,0.78
586,,0.76,0.76,0.76,0.76,0.76,0.76,0.76,0.76
587,,0.74,0.74,0.74,0.74,0.74,0.74,0.74,0.74
588,,0.72,0.72,0.72,0.72,0.72,0.72,0.72,0.72
589,,0.7,0.7,0.7,0.7,0.7,0.7,0.7,0.7
590,,0.68,0.68,0.68,0.68,0.68,0.68,0.68,0.68
591,,0.66,0.66,0.66,0.66,0.66,0.66,0.66,0.66
592,,0.64,0.64,0.64,0.64,0.64,0.64,0.64,0.64
593,,0.62,0.62,0.62,0.62,0.62,0.62,0.62,0.62
594,,0.6,0.6,0.6,0.6,0.6,0.6,0.6,0.6
595,,0.58,0.58,0.58,0.58,0.58,0.58,0.58,0.58
596,,0.56,0.56,0.56,0.56,0.56,0.56,0.56,0.56
597,,0.54,0.54,0.54,0.54,0.54,0.54,0.54,0.54
598,,0.52,0.52,0.52,0.52,0.52,0.52,0.52,0.52
599,,0.5,0.5,0.5,0.5,0.5,0.5,0.5,0.5
600,,0.48,0.48,0.48,0.48,0.48,0.48,0.48,0.48
601,,0.46,0.46,0.46,0.46,0.46,0.46,0.46,0.46
602,,0.44,0.44,0.44,0.44,0.44,0.44,0.44,0.44
603,,0.42,0.42,0.42,0.42,0.42,0.42,0.42,0.42
604,,0.4,0.4,0.4,0.4,0.4,0.4,0.4,0.4
605,,0.38,0.38,0.38,0.38,0.38,0.38,0.38,0.38
606,,0.36,0.36,0.36,0.36,0.36,0.36,0.36,0.36
607,,0.34,0.34,0.34,0.34,0.34,0.34,0.34,0.34
608,,0.32,0.32,0.32,0.32,0.32,0.32,0.32,0.32
609,,0.3,0.3,0.3,0.3,0.3,0.3,0.3,0.3
610,,0.28,0.28,0.28,0.28,0.28,0.28,0.28,0.28
611,,0.26,0.26,0.26,0.26,0.26,0.26,0.26,0.26
612,,0.24,0.24,0.24,0.24,0.24,0.24,0.24,0.24
613,,0.22,0.22,0.22,0.22,0.22,0.22,0.22,0.22
614,,0.2,0.2,0.2,0.2,0.2,0.2,0.2,0.2
615,,0.18,0.18,0.18,0.18,0.18,0.18,0.18,0.18
616,,0.16,0.16,0.16,0.16,0.16,0.16,0.16,0.16
617,,0.14,0.14,0.14,0.14,0.14,0.14,0.14,0.14
618,,0.12,0.12,0.12,0.12,0.12,0.12,0.12,0.12
619,,0.1,0.1,0.1,0.1,0.1,0.1,0.1,0.1
620,,0.08,0.08,0.08,0.08,0.08,0.08,0.08,0.08
621,,0.06,0.06,0.06,0.06,0.06,0.06,0.06,0.06
622,,0.04,0.04,0.04,0.04,0.04,0.04,0.04,0.04
623,,0.02,0.02,0.02,0.02,0.02,0.02,0.02,0.02
624,,0.0,0.0,0.0,0.0,0.0,0.0,0.0,0.0
625,,-0.02,-0.02,-0.02,-0.02,-0.02,-0.02,-0.02,-0.02
626,8,0.401,0.26,0.119,0.06,0.119,0.26,0.401,0.98
627,8,0.822,0.54,0.258,0.14,0.258,0.54,0.822,1.0
628,,0.802,0.52,0.238,0.12,0.238,0.52,0.802,0.98
629,,0.782,0.5,0.218,0.1,0.218,0.5,0.782,0.96
630,,0.762,0.48,0.198,0.08,0.198,0.48,0.762,0.94
631,,0.742,0.46,0.178,0.06,0.178,0.46,0.742,0.92
632,,0.722,0.44,0.158,0.04,0.158,0.44,0.722,0.9
633,,0.702,0.42,0.138,0.02,0.138,0.42,0.702,0.88
634,,0.682,0.4,0.118,0.0,0.118,0.4,0.682,0.86
635,,0.662,0.38,0.098,-0.02,0.098,0.38,0.662,0.84
636,4,0.801,0.66,0.519,0.98,0.519,0.66,0.801,0.92
637,4,0.94,0.94,0.94,1.0,0.94,0.94,0.94,1.0
638,,0.92,0.92,0.92,0.98,0.92,0.92,0.92,0.98
639,,0.9,0.9,0.9,0.96,0.9,0.9,0.9,0.96
640,,0.88,0.88,0.88,0.94,0.88,0.88,0.88,0.94
641,,0.86,0.86,0.86,0.92,0.86,0.86,0.86,0.92
642,,0.84,0.84,0.84,0.9,0.84,0.84,0.84,0.9
643,,0.82,0.82,0.82,0.88,0.82,0.82,0.82,0.88
644,,0.8,0.8,0.8,0.86,0.8,0.8,0.8,0.86
645,,0.78,0.78,0.78,0.84,0.78,0.78,0.78,0.84
646,,0.76,0.76,0.76,0.82,0.76,0.76,0.76,0.82
647,,0.74,0.74,0.74,0.8,0.74,0.74,0.74,0.8
648,,0.72,0.72,0.72,0.78,0.72,0.72,0.72,0.78
649,,0.7,0.7,0.7,0.76,0.7,0.7,0.7,0.76
650,,0.68,0.68,0.68,0.74,0.68,0.68,0.68,0.74
651,,0.66,0.66,0.66,0.72,0.66,0.66,0.66,0.72
652,,0.64,0.64,0.64,0.7,0.64,0.64,0.64,0.7
653,,0.62,0.62,0.62,0.68,0.62,0.62,0.62,0.68
654,,0.6,0.6,0.6,0.66,0.6,0.6,0.6,0.66
655,,0.58,0.58,0.58,0.64,0.58,0.58,0.58,0.64
656,,0.56,0.56,0.56,0.62,0.56,0.56,0.56,0.62
657,,0.54,0.54,0.54,0.6,0.54,0.54,0.54,0.6
658,,0.52,0.52,0.52,0.58,0.52,0.52,0.52,0.58
659,,0.5,0.5,0.5,0.56,0.5,0.5,0.5,0.56
660,,0.48,0.48,0.48,0.54,0.48,0.48,0.48,0.54
661,,0.46,0.46,0.46,0.52,0.46,0.46,0.46,0.52
662,,0.44,0.44,0.44,0.5,0.44,0.44,0.44,0.5
663,,0.42,0.42,0.42,0.48,0.42,0.42,0.42,0.48
664,,0.4,0.4,0.4,0.46,0.4,0.4,0.4,0.46
665,,0.38,0.38,0.38,0.44,0.38,0.38,0.38,0.44
666,,0.36,0.36,0.36,0.42,0.36,0.36,0.36,0.42
667,,0.34,0.34,0.34,0.4,0.34,0.34,0.34,0.4
668,,0.32,0.32,0.32,0.38,0.32,0.32,0.32,0.38
669,,0.3,0.3,0.3,0.36,0.3,0.3,0.3,0.36
670,,0.28,0.28,0.28,0.34,0.28,0.28,0.28,0.34
671,,0.26,0.26,0.26,0.32,0.26,0.26,0.26,0.32
672,,0.24,0.24,0.24,0.3,0.24,0.24,0.24,0.3
673,,0.22,0.22,0.22,0.28,0.22,0.22,0.22,0.28
674,,0.2,0.2,0.2,0.26,0.2,0.2,0.2,0.26
675,,0.18,0.18,0.18,0.24,0.18,0.18,0.18,0.24
676,,0.16,0.16,0.16,0.22,0.16,0.16,0.16,0.22
677,,0.14,0.14,0.14,0.2,0.14,0.14,0.14,0.2
678,,0.12,0.12,0.12,0.18,0.12,0.12,0.12,0.18
679,,0.1,0.1,0.1,0.16,0.1,0.1,0.1,0.16
680,,0.08,0.08,0.08,0.14,0.08,0.08,0.08,0.14
681,,0.06,0.06,0.06,0.12,0.06,0.06,0.06,0.12
682,,0.04,0.04,0.04,0.1,0.04,0.04,0.04,0.1
683,,0.02,0.02,0.02,0.08,0.02,0.02,0.02,0.08
684,,0.0,0.0,0.0,0.06,0.0,0.0,0.0,0.06
685,,-0.02,-0.02,-0.02,0.04,-0.02,-0.02,-0.02,0.04
686,1,0.98,0.401,0.26,0.179,0.06,0.119,0.26,0.461
687,1,1.0,0.822,0.54,0.318,0.14,0.258,0.54,0.882
688,,0.98,0.802,0.52,0.298,0.12,0.238,0.52,0.862
689,,0.96,0.782,0.5,0.278,0.1,0.218,0.5,0.842
690,,0.94,0.762,0.48,0.258,0.08,0.198,0.48,0.822
691,,0.92,0.742,0.46,0.238,0.06,0.178,0.46,0.802
692,,0.9,0.722,0.44,0.218,0.04,0.158,0.44,0.782
693,,0.88,0.702,0.42,0.198,0.02,0.138,0.42,0.762
694,,0.86,0.682,0.4,0.178,0.0,0.118,0.4,0.742
695,,0.84,0.662,0.38,0.158,-0.02,0.098,0.38,0.722
696,5,0.92,0.801,0.66,0.579,0.98,0.519,0.66,0.861
697,5,1.0,0.94,0.94,1.0,1.0,0.94,0.94,1.0
698,,0.98,0.92,0.92,0.98,0.98,0.92,0.92,0.98
699,,0.96,0.9,0.9,0.96,0.96,0.9,0.9,0.96
700,,0.94,0.88,0.88,0.94,0.94,0.88,0.88,0.94
701,,0.92,0.86,0.86,0.92,0.92,0.86,0.86,0.92
702,,0.9,0.84,0.84,0.9,0.9,0.84,0.84,0.9
703,,0.88,0.82,0.82,0.88,0.88,0.82,0.82,0.88
704,,0.86,0.8,0.8,0.86,0.86,0.8,0.8,0.86
705,,0.84,0.78,0.78,0.84,0.84,0.78,0.78,0.84
706,,0.82,0.76,0.76,0.82,0.82,0.76,0.76,0.82
707,,0.8,0.74,0.74,0.8,0.8,0.74,0.74,0.8
708,,0.78,0.72,0.72,0.78,0.78,0.72,0.72,0.78
709,,0.76,0.7,0.7,0.76,0.76,0.7,0.7,0.76
710,,0.74,0.68,0.68,0.74,0.74,0.68,0.68,0.74
711,,0.72,0.66,0.66,0.72,0.72,0.66,0.66,0.72
712,,0.7,0.64,0.64,0.7,0.7,0.64,0.64,0.7
713,,0.68,0.62,0.62,0.68,0.68,0.62,0.62,0.68
714,,0.66,0.6,0.6,0.66,0.66,0.6,0.6,0.66
715,,0.64,0.58,0.58,0.64,0.64,0.58,0.58,0.64
716,,0.62,0.56,0.56,0.62,0.62,0.56,0.56,0.62
717,,0.6,0.54,0.54,0.6,0.6,0.54,0.54,0.6
718,,0.58,0.52,0.52,0.58,0.58,0.52,0.52,0.58
719,,0.56,0.5,0.5,0.56,0.56,0.5,0.5,0.56
720,,0.54,0.48,0.48,0.54,0.54,0.48,0.48,0.54
721,,0.52,0.46,0.46,0.52,0.52,0.46,0.46,0.52
722,,0.5,0.44,0.44,0.5,0.5,0.44,0.44,0.5
723,,0.48,0.42,0.42,0.48,0.48,0.42,0.42,0.48
724,,0.46,0.4,0.4,0.46,0.46,0.4,0.4,0.46
725,,0.44,0.38,0.38,0.44,0.44,0.38,0.38,0.44
726,,0.42,0.36,0.36,0.42,0.42,0.36,0.36,0.42
727,,0.4,0.34,0.34,0.4,0.4,0.34,0.34,0.4
728,,0.38,0.32,0.32,0.38,0.38,0.32,0.32,0.38
729,,0.36,0.3,0.3,0.36,0.36,0.3,0.3,0.36
730,,0.34,0.28,0.28,0.34,0.34,0.28,0.28,0.34
731,,0.32,0.26,0.26,0.32,0.32,0.26,0.26,0.32
732,,0.3,0.24,0.24,0.3,0.3,0.24,0.24,0.3
733,,0.28,0.22,0.22,0.28,0.28,0.22,0.22,0.28
734,,0.26,0.2,0.2,0.26,0.26,0.2,0.2,0.26
735,,0.24,0.18,0.18,0.24,0.24,0.18,0.18,0.24
736,,0.22,0.16,0.16,0.22,0.22,0.16,0.16,0.22
737,,0.2,0.14,0.14,0.2,0.2,0.14,0.14,0.2
738,,0.18,0.12,0.12,0.18,0.18,0.12,0.12,0.18
739,,0.16,0.1,0.1,0.16,0.16,0.1,0.1,0.16
740,,0.14,0.08,0.08,0.14,0.14,0.08,0.08,0.14
741,,0.12,0.06,0.06,0.12,0.12,0.06,0.06,0.12
742,,0.1,0.04,0.04,0.1,0.1,0.04,0.04,0.1
743,,0.08,0.02,0.02,0.08,0.08,0.02,0.02,0.08
744,,0.06,0.0,0.0,0.06,0.06,0.0,0.0,0.06
745,,0.04,-0.02,-0.02,0.04,0.04,-0.02,-0.02,0.04
746,2,0.461,0.98,0.401,0.32,0.179,0.06,0.119,0.32
747,2,0.882,1.0,0.822,0.6,0.318,0.14,0.258,0.6
748,,0.862,0.98,0.802,0.58,0.298,0.12,0.238,0.58
749,,0.842,0.96,0.782,0.56,0.278,0.1,0.218,0.56
750,,0.822,0.94,0.762,0.54,0.258,0.08,0.198,0.54
751,,0.802,0.92,0.742,0.52,0.238,0.06,0.178,0.52
752,,0.782,0.9,0.722,0.5,0.218,0.04,0.158,0.5
753,,0.762,0.88,0.702,0.48,0.198,0.02,0.138,0.48
754,,0.742,0.86,0.682,0.46,0.178,0.0,0.118,0.46
755,,0.722,0.84,0.662,0.44,0.158,-0.02,0.098,0.44
756,6,0.861,0.92,0.801,0.72,0.579,0.98,0.519,0.72
757,6,1.0,1.0,0.94,1.0,1.0,1.0,0.94,1.0
758,,0.98,0.98,0.92,0.98,0.98,0.98,0.92,0.98
759,,0.96,0.96,0.9,0.96,0.96,0.96,0.9,0.96
760,,0.94,0.94,0.88,0.94,0.94,0.94,0.88,0.94
761,,0.92,0.92,0.86,0.92,0.92,0.92,0.86,0.92
762,,0.9,0.9,0.84,0.9,0.9,0.9,0.84,0.9
763,,0.88,0.88,0.82,0.88,0.88,0.88,0.82,0.88
764,,0.86,0.86,0.8,0.86,0.86,0.86,0.8,0.86
765,,0.84,0.84,0.78,0.84,0.84,0.84,0.78,0.84
766,,0.82,0.82,0.76,0.82,0.82,0.82,0.76,0.82
767,,0.8,0.8,0.74,0.8,0.8,0.8,0.74,0.8
768,,0.78,0.78,0.72,0.78,0.78,0.78,0.72,0.78
769,,0.76,0.76,0.7,0.76,0.76,0.76,0.7,0.76
770,,0.74,0.74,0.68,0.74,0.74,0.74,0.68,0.74
771,,0.72,0.72,0.66,0.72,0.72,0.72,0.66,0.72
772,,0.7,0.7,0.64,0.7,0.7,0.7,0.64,0.7
773,,0.68,0.68,0.62,0.68,0.68,0.68,0.62,0.68
774,,0.66,0.66,0.6,0.66,0.66,0.66,0.6,0.66
775,,0.64,0.64,0.58,0.64,0.64,0.64,0.58,0.64
776,,0.62,0.62,0.56,0.62,0.62,0.62,0.56,0.62
777,,0.6,0.6,0.54,0.6,0.6,0.6,0.54,0.6
778,,0.58,0.58,0.52,0.58,0.58,0.58,0.52,0.58
779,,0.56,0.56,0.5,0.56,0.56,0.56,0.5,0.56
780,,0.54,0.54,0.48,0.54,0.54,0.54,0.48,0.54
781,,0.52,0.52,0.46,0.52,0.52,0.52,0.46,0.52
782,,0.5,0.5,0.44,0.5,0.5,0.5,0.44,0.5
783,,0.48,0.48,0.42,0.48,0.48,0.48,0.42,0.48
784,,0.46,0.46,0.4,0.46,0.46,0.46,0.4,0.46
785,,0.44,0.44,0.38,0.44,0.44,0.44,0.38,0.44
786,,0.42,0.42,0.36,0.42,0.42,0.42,0.36,0.42
787,,0.4,0.4,0.34,0.4,0.4,0.4,0.34,0.4
788,,0.38,0.38,0.32,0.38,0.38,0.38,0.32,0.38
789,,0.36,0.36,0.3,0.36,0.36,0.36,0.3,0.36
790,,0.34,0.34,0.28,0.34,0.34,0.34,0.28,0.34
791,,0.32,0.32,0.26,0.32,0.32,0.32,0.26,0.32
792,,0.3,0.3,0.24,0.3,0.3,0.3,0.24,0.3
793,,0.28,0.28,0.22,0.28,0.28,0.28,0.22,0.28
794,,0.26,0.26,0.2,0.26,0.26,0.26,0.2,0.26
795,,0.24,0.24,0.18,0.24,0.24,0.24,0.18,0.24
796,,0.22,0.22,0.16,0.22,0.22,0.22,0.16,0.22
797,,0.2,0.2,0.14,0.2,0.2,0.2,0.14,0.2
798,,0.18,0.18,0.12,0.18,0.18,0.18,0.12,0.18
799,,0.16,0.16,0.1,0.16,0.16,0.16,0.1,0.16
800,,0.14,0.14,0.08,0.14,0.14,0.14,0.08,0.14
801,,0.12,0.12,0.06,0.12,0.12,0.12,0.06,0.12
802,,0.1,0.1,0.04,0.1,0.1,0.1,0.04,0.1
803,,0.08,0.08,0.02,0.08,0.08,0.08,0.02,0.08
804,,0.06,0.06,0.0,0.06,0.06,0.06,0.0,0.06
805,,0.04,0.04,-0.02,0.04,0.04,0.04,-0.02,0.04
806,7,0.32,0.179,0.06,0.179,0.32,0.461,0.98,0.461
807,7,0.6,0.318,0.14,0.318,0.6,0.882,1.0,0.882
808,,0.58,0.298,0.12,0.298,0.58,0.862,0.98,0.862
809,,0.56,0.278,0.1,0.278,0.56,0.842,0.96,0.842
810,,0.54,0.258,0.08,0.258,0.54,0.822,0.94,0.822
811,,0.52,0.238,0.06,0.238,0.52,0.802,0.92,0.802
812,,0.5,0.218,0.04,0.218,0.5,0.782,0.9,0.782
813,,0.48,0.198,0.02,0.198,0.48,0.762,0.88,0.762
814,,0.46,0.178,0.0,0.178,0.46,0.742,0.86,0.742
815,,0.44,0.158,-0.02,0.158,0.44,0.722,0.84,0.722
816,3,0.72,0.579,0.98,0.579,0.72,0.861,0.92,0.861
817,3,1.0,1.0,1.0,1.0,1.0,1.0,1.0,1.0
818,,0.98,0.98,0.98,0.98,0.98,0.98,0.98,0.98
819,,0.96,0.96,0.96,0.96,0.96,0.96,0.96,0.96
820,,0.94,0.94,0.94,0.94,0.94,0.94,0.94,0.94
821,,0.92,0.92,0.92,0.92,0.92,0.92,0.92,0.92
822,,0.9,0.9,0.9,0.9,0.9,0.9,0.9,0.9
823,,0.88,0.88,0.88,0.88,0.88,0.88,0.88,0.88
824,,0.86,0.86,0.86,0.86,0.86,0.86,0.86,0.86
825,,0.84,0.84,0.84,0.84,0.84,0.84,0.84,0.84
826,,0.82,0.82,0.82,0.82,0.82,0.82,0.82,0.82
827,,0.8,0.8,0.8,0.8,0.8,0.8,0.8,0.8
828,,0.78,0.78,0.78,0.78,0.78,0.78,0.78,0.78
829,,0.76,0.76,0.76,0.76,0.76,0.76,0.76,0.76
830,,0.74,0.74,0.74,0.74,0.74,0.74,0.74,0.74
831,,0.72,0.72,0.72,0.72,0.72,0.72,0.72,0.72
832,,0.7,0.7,0.7,0.7,0.7,0.7,0.7,0.7
833,,0.68,0.68,0.68,0.68,0.68,0.68,0.68,0.68
834,,0.66,0.66,0.66,0.66,0.66,0.66,0.66,0.66
835,,0.64,0.64,0.64,0.64,0.64,0.64,0.64,0.64
836,,0.62,0.62,0.62,0.62,0.62,0.62,0.62,0.62
837,,0.6,0.6,0.6,0.6,0.6,0.6,0.6,0.6
838,,0.58,0.58,0.58,0.58,0.58,0.58,0.58,0.58
839,,0.56,0.56,0.56,0.56,0.56,0.56,0.56,0.56
840,,0.54,0.54,0.54,0.54,0.54,0.54,0.54,0.54
841,,0.52,0.52,0.52,0.52,0.52,0.52,0.52,0.52
842,,0.5,0.5,0.5,0.5,0.5,0.5,0.5,0.5
843,,0.48,0.48,0.48,0.48,0.48,0.48,0.48,0.48
844,,0.46,0.46,0.46,0.46,0.46,0.46,0.46,0.46
845,,0.44,0.44,0.44,0.44,0.44,0.44,0.44,0.44
846,,0.42,0.42,0.42,0.42,0.42,0.42,0.42,0.42
847,,0.4,0.4,0.4,0.4,0.4,0.4,0.4,0.4
848,,0.38,0.38,0.38,0.38,0.38,0.38,0.38,0.38
849,,0.36,0.36,0.36,0.36,0.36,0.36,0.36,0.36
850,,0.34,0.34,0.34,0.34,0.34,0.34,0.34,0.34
851,,0.32,0.32,0.32,0.32,0.32,0.32,0.32,0.32
852,,0.3,0.3,0.3,0.3,0.3,0.3,0.3,0.3
853,,0.28,0.28,0.28,0.28,0.28,0.28,0.28,0.28
854,,0.26,0.26,0.26,0.26,0.26,0.26,0.26,0.26
855,,0.24,0.24,0.24,0.24,0.24,0.24,0.24,0.24
856,,0.22,0.22,0.22,0.22,0.22,0.22,0.22,0.22
857,,0.2,0.2,0.2,0.2,0.2,0.2,0.2,0.2
858,,0.18,0.18,0.18,0.18,0.18,0.18,0.18,0.18
859,,0.16,0.16,0.16,0.16,0.16,0.16,0.16,0.16
860,,0.14,0.14,0.14,0.14,0.14,0.14,0.14,0.14
861,,0.12,0.12,0.12,0.12,0.12,0.12,0.12,0.12
862,,0.1,0.1,0.1,0.1,0.1,0.1,0.1,0.1
863,,0.08,0.08,0.08,0.08,0.08,0.08,0.08,0.08
864,,0.06,0.06,0.06,0.06,0.06,0.06,0.06,0.06
865,,0.04,0.04,0.04,0.04,0.04,0.04,0.04,0.04
866,,0.02,0.02,0.02,0.02,0.02,0.02,0.02,0.02
867,,0.0,0.0,0.0,0.0,0.0,0.0,0.0,0.0
868,,-0.02,-0.02,-0.02,-0.02,-0.02,-0.02,-0.02,-0.02
869,5,0.06,0.119,0.26,0.401,0.98,0.401,0.26,0.119
870,5,0.14,0.258,0.54,0.822,1.0,0.822,0.54,0.258
871,,0.12,0.238,0.52,0.802,0.98,0.802,0.52,0.238
872,,0.1,0.218,0.5,0.782,0.96,0.782,0.5,0.218
873,,0.08,0.198,0.48,0.762,0.94,0.762,0.48,0.198
874,,0.06,0.178,0.46,0.742,0.92,0.742,0.46,0.178
875,,0.04,0.158,0.44,0.722,0.9,0.722,0.44,0.158
876,,0.02,0.138,0.42,0.702,0.88,0.702,0.42,0.138
877,,0.0,0.118,0.4,0.682,0.86,0.682,0.4,0.118
878,,-0.02,0.098,0.38,0.662,0.84,0.662,0.38,0.098
879,1,0.98,0.519,0.66,0.801,0.92,0.801,0.66,0.519
880,1,1.0,0.94,0.94,0.94,1.0,0.94,0.94,0.94
881,,0.98,0.92,0.92,0.92,0.98,0.92,0.92,0.92
882,,0.96,0.9,0.9,0.9,0.96,0.9,0.9,0.9
883,,0.94,0.88,0.88,0.88,0.94,0.88,0.88,0.88
884,,0.92,0.86,0.86,0.86,0.92,0.86,0.86,0.86
885,,0.9,0.84,0.84,0.84,0.9,0.84,0.84,0.84
886,,0.88,0.82,0.82,0.82,0.88,0.82,0.82,0.82
887,,0.86,0.8,0.8,0.8,0.86,0.8,0.8,0.8
