step,active_motive,motive_1,motive_2,motive_3,motive_4,motive_5,motive_6,motive_7,motive_8
0,,0.97311,0.60194,0.22385,0.82179,0.34508,0.34762,0.0318,0.54872
1,,0.82311,0.45194,0.07385,0.67179,0.19508,0.19762,-0.1182,0.39872
2,7,1.0,0.63094,0.22385,0.85079,0.44508,0.51862,0.8818,0.71972
3,7,1.0,0.80994,0.37385,1.0,0.69508,0.83962,1.0,1.0
4,,0.85,0.65994,0.22385,0.85,0.54508,0.68962,0.85,0.85
5,,0.7,0.50994,0.07385,0.7,0.39508,0.53962,0.7,0.7
6,,0.55,0.35994,-0.07615,0.55,0.24508,0.38962,0.55,0.55
7,3,0.8,0.68094,0.92385,0.871,0.49508,0.56862,0.7,0.729
8,3,1.0,1.0,1.0,1.0,0.74508,0.74762,0.85,0.908
9,,0.85,0.85,0.85,0.85,0.59508,0.59762,0.7,0.758
10,,0.7,0.7,0.7,0.7,0.44508,0.44762,0.55,0.608
11,,0.55,0.55,0.55,0.55,0.29508,0.29762,0.4,0.458
12,,0.4,0.4,0.4,0.4,0.14508,0.14762,0.25,0.308
13,,0.25,0.25,0.25,0.25,-0.00492,-0.00238,0.1,0.158
14,5,0.4,0.429,0.5,0.571,0.99508,0.31862,0.35,0.337
15,5,0.55,0.608,0.75,0.892,1.0,0.63962,0.6,0.516
16,,0.4,0.458,0.6,0.742,0.85,0.48962,0.45,0.366
17,,0.25,0.308,0.45,0.592,0.7,0.33962,0.3,0.216
18,,0.1,0.158,0.3,0.442,0.55,0.18962,0.15,0.066
19,,-0.05,0.008,0.15,0.292,0.4,0.03962,0.0,-0.084
20,8,0.271,0.258,0.329,0.442,0.579,0.28962,0.321,0.916
21,8,0.592,0.508,0.508,0.592,0.758,0.53962,0.642,1.0
22,,0.442,0.358,0.358,0.442,0.608,0.38962,0.492,0.85
23,,0.292,0.208,0.208,0.292,0.458,0.23962,0.342,0.7
24,,0.142,0.058,0.058,0.142,0.308,0.08962,0.192,0.55
25,,-0.008,-0.092,-0.092,-0.008,0.158,-0.06038,0.042,0.4
26,2,0.313,0.908,0.229,0.242,0.337,0.08962,0.221,0.65
27,2,0.634,1.0,0.55,0.492,0.516,0.23962,0.4,0.9
28,,0.484,0.85,0.4,0.342,0.366,0.08962,0.25,0.75
29,,0.334,0.7,0.25,0.192,0.216,-0.06038,0.1,0.6
30,6,0.513,0.85,0.429,0.442,0.537,0.93962,0.421,0.85
31,6,0.692,1.0,0.608,0.692,0.858,1.0,0.742,1.0
32,,0.542,0.85,0.458,0.542,0.708,0.85,0.592,0.85
33,,0.392,0.7,0.308,0.392,0.558,0.7,0.442,0.7
34,,0.242,0.55,0.158,0.242,0.408,0.55,0.292,0.55
35,,0.092,0.4,0.008,0.092,0.258,0.4,0.142,0.4
36,,-0.058,0.25,-0.142,-0.058,0.108,0.25,-0.008,0.25
37,3,0.192,0.571,0.858,0.263,0.358,0.429,0.142,0.429
38,3,0.442,0.892,1.0,0.584,0.608,0.608,0.292,0.608
39,,0.292,0.742,0.85,0.434,0.458,0.458,0.142,0.458
40,,0.142,0.592,0.7,0.284,0.308,0.308,-0.008,0.308
41,7,0.392,0.771,0.85,0.463,0.558,0.629,0.992,0.629
42,7,0.642,0.95,1.0,0.642,0.808,0.95,1.0,0.95
43,,0.492,0.8,0.85,0.492,0.658,0.8,0.85,0.8
44,,0.342,0.65,0.7,0.342,0.508,0.65,0.7,0.65
45,,0.192,0.5,0.55,0.192,0.358,0.5,0.55,0.5
46,,0.042,0.35,0.4,0.042,0.208,0.35,0.4,0.35
47,,-0.108,0.2,0.25,-0.108,0.058,0.2,0.25,0.2
48,1,0.892,0.521,0.5,0.071,0.208,0.379,0.5,0.521
49,1,1.0,0.842,0.75,0.25,0.358,0.558,0.75,0.842
50,,0.85,0.692,0.6,0.1,0.208,0.408,0.6,0.692
51,,0.7,0.542,0.45,-0.05,0.058,0.258,0.45,0.542
52,4,0.879,0.792,0.771,0.95,0.379,0.508,0.629,0.692
53,4,1.0,1.0,1.0,1.0,0.7,0.758,0.808,0.842
54,,0.85,0.85,0.85,0.85,0.55,0.608,0.658,0.692
55,,0.7,0.7,0.7,0.7,0.4,0.458,0.508,0.542
56,,0.55,0.55,0.55,0.55,0.25,0.308,0.358,0.392
57,,0.4,0.4,0.4,0.4,0.1,0.158,0.208,0.242
58,,0.25,0.25,0.25,0.25,-0.05,0.008,0.058,0.092
59,5,0.4,0.429,0.5,0.571,0.95,0.329,0.308,0.271
60,5,0.55,0.608,0.75,0.892,1.0,0.65,0.558,0.45
61,,0.4,0.458,0.6,0.742,0.85,0.5,0.408,0.3
62,,0.25,0.308,0.45,0.592,0.7,0.35,0.258,0.15
63,,0.1,0.158,0.3,0.442,0.55,0.2,0.108,0.0
64,,-0.05,0.008,0.15,0.292,0.4,0.05,-0.042,-0.15
65,8,0.271,0.258,0.329,0.442,0.579,0.3,0.279,0.85
66,8,0.592,0.508,0.508,0.592,0.758,0.55,0.6,1.0
67,,0.442,0.358,0.358,0.442,0.608,0.4,0.45,0.85
68,,0.292,0.208,0.208,0.292,0.458,0.25,0.3,0.7
69,,0.142,0.058,0.058,0.142,0.308,0.1,0.15,0.55
70,,-0.008,-0.092,-0.092,-0.008,0.158,-0.05,0.0,0.4
71,3,0.242,0.229,0.908,0.313,0.408,0.129,0.15,0.579
72,3,0.492,0.55,1.0,0.634,0.658,0.308,0.3,0.758
73,,0.342,0.4,0.85,0.484,0.508,0.158,0.15,0.608
74,,0.192,0.25,0.7,0.334,0.358,0.008,0.0,0.458
75,,0.042,0.1,0.55,0.184,0.208,-0.142,-0.15,0.308
76,7,0.292,0.279,0.7,0.363,0.458,0.179,0.85,0.629
77,7,0.542,0.458,0.85,0.542,0.708,0.5,1.0,0.95
78,,0.392,0.308,0.7,0.392,0.558,0.35,0.85,0.8
79,,0.242,0.158,0.55,0.242,0.408,0.2,0.7,0.65
80,,0.092,0.008,0.4,0.092,0.258,0.05,0.55,0.5
81,,-0.058,-0.142,0.25,-0.058,0.108,-0.1,0.4,0.35
82,2,0.263,0.858,0.571,0.192,0.287,0.05,0.579,0.6
83,2,0.584,1.0,0.892,0.442,0.466,0.2,0.758,0.85
84,,0.434,0.85,0.742,0.292,0.316,0.05,0.608,0.7
85,,0.284,0.7,0.592,0.142,0.166,-0.1,0.458,0.55
86,6,0.463,0.85,0.771,0.392,0.487,0.9,0.779,0.8
87,6,0.642,1.0,0.95,0.642,0.808,1.0,1.0,1.0
88,,0.492,0.85,0.8,0.492,0.658,0.85,0.85,0.85
89,,0.342,0.7,0.65,0.342,0.508,0.7,0.7,0.7
90,,0.192,0.55,0.5,0.192,0.358,0.55,0.55,0.55
91,,0.042,0.4,0.35,0.042,0.208,0.4,0.4,0.4
92,,-0.108,0.25,0.2,-0.108,0.058,0.25,0.25,0.25
93,4,0.071,0.5,0.521,0.892,0.379,0.5,0.429,0.4
94,4,0.25,0.75,0.842,1.0,0.7,0.75,0.608,0.55
95,,0.1,0.6,0.692,0.85,0.55,0.6,0.458,0.4
96,,-0.05,0.45,0.542,0.7,0.4,0.45,0.308,0.25
97,1,0.95,0.771,0.792,0.879,0.55,0.629,0.558,0.571
98,1,1.0,1.0,1.0,1.0,0.7,0.808,0.808,0.892
99,,0.85,0.85,0.85,0.85,0.55,0.658,0.658,0.742
100,,0.7,0.7,0.7,0.7,0.4,0.508,0.508,0.592
101,,0.55,0.55,0.55,0.55,0.25,0.358,0.358,0.442
102,,0.4,0.4,0.4,0.4,0.1,0.208,0.208,0.292
103,,0.25,0.25,0.25,0.25,-0.05,0.058,0.058,0.142
104,5,0.4,0.429,0.5,0.571,0.95,0.379,0.308,0.321
105,5,0.55,0.608,0.75,0.892,1.0,0.7,0.558,0.5
106,,0.4,0.458,0.6,0.742,0.85,0.55,0.408,0.35
107,,0.25,0.308,0.45,0.592,0.7,0.4,0.258,0.2
108,,0.1,0.158,0.3,0.442,0.55,0.25,0.108,0.05
109,,-0.05,0.008,0.15,0.292,0.4,0.1,-0.042,-0.1
110,8,0.271,0.258,0.329,0.442,0.579,0.35,0.279,0.9
111,8,0.592,0.508,0.508,0.592,0.758,0.6,0.6,1.0
112,,0.442,0.358,0.358,0.442,0.608,0.45,0.45,0.85
113,,0.292,0.208,0.208,0.292,0.458,0.3,0.3,0.7
114,,0.142,0.058,0.058,0.142,0.308,0.15,0.15,0.55
115,,-0.008,-0.092,-0.092,-0.008,0.158,0.0,0.0,0.4
116,3,0.242,0.229,0.908,0.313,0.408,0.179,0.15,0.579
117,3,0.492,0.55,1.0,0.634,0.658,0.358,0.3,0.758
118,,0.342,0.4,0.85,0.484,0.508,0.208,0.15,0.608
119,,0.192,0.25,0.7,0.334,0.358,0.058,0.0,0.458
120,,0.042,0.1,0.55,0.184,0.208,-0.092,-0.15,0.308
121,7,0.292,0.279,0.7,0.363,0.458,0.229,0.85,0.629
122,7,0.542,0.458,0.85,0.542,0.708,0.55,1.0,0.95
123,,0.392,0.308,0.7,0.392,0.558,0.4,0.85,0.8
124,,0.242,0.158,0.55,0.242,0.408,0.25,0.7,0.65
125,,0.092,0.008,0.4,0.092,0.258,0.1,0.55,0.5
126,,-0.058,-0.142,0.25,-0.058,0.108,-0.05,0.4,0.35
127,2,0.263,0.858,0.571,0.192,0.287,0.1,0.579,0.6
128,2,0.584,1.0,0.892,0.442,0.466,0.25,0.758,0.85
129,,0.434,0.85,0.742,0.292,0.316,0.1,0.608,0.7
130,,0.284,0.7,0.592,0.142,0.166,-0.05,0.458,0.55
131,6,0.463,0.85,0.771,0.392,0.487,0.95,0.779,0.8
132,6,0.642,1.0,0.95,0.642,0.808,1.0,1.0,1.0
133,,0.492,0.85,0.8,0.492,0.658,0.85,0.85,0.85
134,,0.342,0.7,0.65,0.342,0.508,0.7,0.7,0.7
135,,0.192,0.55,0.5,0.192,0.358,0.55,0.55,0.55
136,,0.042,0.4,0.35,0.042,0.208,0.4,0.4,0.4
137,,-0.108,0.25,0.2,-0.108,0.058,0.25,0.25,0.25
138,4,0.071,0.5,0.521,0.892,0.379,0.5,0.429,0.4
139,4,0.25,0.75,0.842,1.0,0.7,0.75,0.608,0.55
140,,0.1,0.6,0.692,0.85,0.55,0.6,0.458,0.4
141,,-0.05,0.45,0.542,0.7,0.4,0.45,0.308,0.25
142,1,0.95,0.771,0.792,0.879,0.55,0.629,0.558,0.571
143,1,1.0,1.0,1.0,1.0,0.7,0.808,0.808,0.892
144,,0.85,0.85,0.85,0.85,0.55,0.658,0.658,0.742
145,,0.7,0.7,0.7,0.7,0.4,0.508,0.508,0.592
146,,0.55,0.55,0.55,0.55,0.25,0.358,0.358,0.442
147,,0.4,0.4,0.4,0.4,0.1,0.208,0.208,0.292
148,,0.25,0.25,0.25,0.25,-0.05,0.058,0.058,0.142
149,5,0.4,0.429,0.5,0.571,0.95,0.379,0.308,0.321
150,5,0.55,0.608,0.75,0.892,1.0,0.7,0.558,0.5
151,,0.4,0.458,0.6,0.742,0.85,0.55,0.408,0.35
152,,0.25,0.308,0.45,0.592,0.7,0.4,0.258,0.2
153,,0.1,0.158,0.3,0.442,0.55,0.25,0.108,0.05
154,,-0.05,0.008,0.15,0.292,0.4,0.1,-0.042,-0.1
155,8,0.271,0.258,0.329,0.442,0.579,0.35,0.279,0.9
156,8,0.592,0.508,0.508,0.592,0.758,0.6,0.6,1.0
157,,0.442,0.358,0.358,0.442,0.608,0.45,0.45,0.85
158,,0.292,0.208,0.208,0.292,0.458,0.3,0.3,0.7
159,,0.142,0.058,0.058,0.142,0.308,0.15,0.15,0.55
160,,-0.008,-0.092,-0.092,-0.008,0.158,0.0,0.0,0.4
161,2,0.313,0.908,0.229,0.242,0.337,0.15,0.179,0.65
162,2,0.634,1.0,0.55,0.492,0.516,0.3,0.358,0.9
163,,0.484,0.85,0.4,0.342,0.366,0.15,0.208,0.75
164,,0.334,0.7,0.25,0.192,0.216,0.0,0.058,0.6
165,,0.184,0.55,0.1,0.042,0.066,-0.15,-0.092,0.45
166,6,0.363,0.7,0.279,0.292,0.387,0.85,0.229,0.7
167,6,0.542,0.85,0.458,0.542,0.708,1.0,0.55,0.95
168,,0.392,0.7,0.308,0.392,0.558,0.85,0.4,0.8
169,,0.242,0.55,0.158,0.242,0.408,0.7,0.25,0.65
170,,0.092,0.4,0.008,0.092,0.258,0.55,0.1,0.5
171,,-0.058,0.25,-0.142,-0.058,0.108,0.4,-0.05,0.35
172,3,0.192,0.571,0.858,0.263,0.358,0.579,0.1,0.529
173,3,0.442,0.892,1.0,0.584,0.608,0.758,0.25,0.708
174,,0.292,0.742,0.85,0.434,0.458,0.608,0.1,0.558
175,,0.142,0.592,0.7,0.284,0.308,0.458,-0.05,0.408
176,7,0.392,0.771,0.85,0.463,0.558,0.779,0.95,0.729
177,7,0.642,0.95,1.0,0.642,0.808,1.0,1.0,1.0
178,,0.492,0.8,0.85,0.492,0.658,0.85,0.85,0.85
179,,0.342,0.65,0.7,0.342,0.508,0.7,0.7,0.7
180,,0.192,0.5,0.55,0.192,0.358,0.55,0.55,0.55
181,,0.042,0.35,0.4,0.042,0.208,0.4,0.4,0.4
182,,-0.108,0.2,0.25,-0.108,0.058,0.25,0.25,0.25
183,4,0.071,0.45,0.571,0.892,0.379,0.5,0.429,0.4
184,4,0.25,0.7,0.892,1.0,0.7,0.75,0.608,0.55
185,,0.1,0.55,0.742,0.85,0.55,0.6,0.458,0.4
186,,-0.05,0.4,0.592,0.7,0.4,0.45,0.308,0.25
187,1,0.95,0.721,0.842,0.879,0.55,0.629,0.558,0.571
188,1,1.0,1.0,1.0,1.0,0.7,0.808,0.808,0.892
189,,0.85,0.85,0.85,0.85,0.55,0.658,0.658,0.742
190,,0.7,0.7,0.7,0.7,0.4,0.508,0.508,0.592
191,,0.55,0.55,0.55,0.55,0.25,0.358,0.358,0.442
192,,0.4,0.4,0.4,0.4,0.1,0.208,0.208,0.292
193,,0.25,0.25,0.25,0.25,-0.05,0.058,0.058,0.142
194,5,0.4,0.429,0.5,0.571,0.95,0.379,0.308,0.321
195,5,0.55,0.608,0.75,0.892,1.0,0.7,0.558,0.5
196,,0.4,0.458,0.6,0.742,0.85,0.55,0.408,0.35
197,,0.25,0.308,0.45,0.592,0.7,0.4,0.258,0.2
198,,0.1,0.158,0.3,0.442,0.55,0.25,0.108,0.05
199,,-0.05,0.008,0.15,0.292,0.4,0.1,-0.042,-0.1
200,8,0.271,0.258,0.329,0.442,0.579,0.35,0.279,0.9
201,8,0.592,0.508,0.508,0.592,0.758,0.6,0.6,1.0
202,,0.442,0.358,0.358,0.442,0.608,0.45,0.45,0.85
203,,0.292,0.208,0.208,0.292,0.458,0.3,0.3,0.7
204,,0.142,0.058,0.058,0.142,0.308,0.15,0.15,0.55
205,,-0.008,-0.092,-0.092,-0.008,0.158,0.0,0.0,0.4
206,3,0.242,0.229,0.908,0.313,0.408,0.179,0.15,0.579
207,3,0.492,0.55,1.0,0.634,0.658,0.358,0.3,0.758
208,,0.342,0.4,0.85,0.484,0.508,0.208,0.15,0.608
209,,0.192,0.25,0.7,0.334,0.358,0.058,0.0,0.458
210,,0.042,0.1,0.55,0.184,0.208,-0.092,-0.15,0.308
211,7,0.292,0.279,0.7,0.363,0.458,0.229,0.85,0.629
212,7,0.542,0.458,0.85,0.542,0.708,0.55,1.0,0.95
213,,0.392,0.308,0.7,0.392,0.558,0.4,0.85,0.8
214,,0.242,0.158,0.55,0.242,0.408,0.25,0.7,0.65
215,,0.092,0.008,0.4,0.092,0.258,0.1,0.55,0.5
216,,-0.058,-0.142,0.25,-0.058,0.108,-0.05,0.4,0.35
217,2,0.263,0.858,0.571,0.192,0.287,0.1,0.579,0.6
218,2,0.584,1.0,0.892,0.442,0.466,0.25,0.758,0.85
219,,0.434,0.85,0.742,0.292,0.316,0.1,0.608,0.7
220,,0.284,0.7,0.592,0.142,0.166,-0.05,0.458,0.55
221,6,0.463,0.85,0.771,0.392,0.487,0.95,0.779,0.8
222,6,0.642,1.0,0.95,0.642,0.808,1.0,1.0,1.0
223,,0.492,0.85,0.8,0.492,0.658,0.85,0.85,0.85
224,,0.342,0.7,0.65,0.342,0.508,0.7,0.7,0.7
225,,0.192,0.55,0.5,0.192,0.358,0.55,0.55,0.55
226,,0.042,0.4,0.35,0.042,0.208,0.4,0.4,0.4
227,,-0.108,0.25,0.2,-0.108,0.058,0.25,0.25,0.25
228,1,0.892,0.571,0.45,0.071,0.208,0.429,0.5,0.571
229,1,1.0,0.892,0.7,0.25,0.358,0.608,0.75,0.892
230,,0.85,0.742,0.55,0.1,0.208,0.458,0.6,0.742
231,,0.7,0.592,0.4,-0.05,0.058,0.308,0.45,0.592
232,4,0.879,0.842,0.721,0.95,0.379,0.558,0.629,0.742
233,4,1.0,1.0,1.0,1.0,0.7,0.808,0.808,0.892
234,,0.85,0.85,0.85,0.85,0.55,0.658,0.658,0.742
235,,0.7,0.7,0.7,0.7,0.4,0.508,0.508,0.592
236,,0.55,0.55,0.55,0.55,0.25,0.358,0.358,0.442
237,,0.4,0.4,0.4,0.4,0.1,0.208,0.208,0.292
238,,0.25,0.25,0.25,0.25,-0.05,0.058,0.058,0.142
239,5,0.4,0.429,0.5,0.571,0.95,0.379,0.308,0.321
240,5,0.55,0.608,0.75,0.892,1.0,0.7,0.558,0.5
241,,0.4,0.458,0.6,0.742,0.85,0.55,0.408,0.35
242,,0.25,0.308,0.45,0.592,0.7,0.4,0.258,0.2
243,,0.1,0.158,0.3,0.442,0.55,0.25,0.108,0.05
244,,-0.05,0.008,0.15,0.292,0.4,0.1,-0.042,-0.1
245,8,0.271,0.258,0.329,0.442,0.579,0.35,0.279,0.9
246,8,0.592,0.508,0.508,0.592,0.758,0.6,0.6,1.0
247,,0.442,0.358,0.358,0.442,0.608,0.45,0.45,0.85
248,,0.292,0.208,0.208,0.292,0.458,0.3,0.3,0.7
249,,0.142,0.058,0.058,0.142,0.308,0.15,0.15,0.55
250,,-0.008,-0.092,-0.092,-0.008,0.158,0.0,0.0,0.4
251,2,0.313,0.908,0.229,0.242,0.337,0.15,0.179,0.65
252,2,0.634,1.0,0.55,0.492,0.516,0.3,0.358,0.9
253,,0.484,0.85,0.4,0.342,0.366,0.15,0.208,0.75
254,,0.334,0.7,0.25,0.192,0.216,0.0,0.058,0.6
255,,0.184,0.55,0.1,0.042,0.066,-0.15,-0.092,0.45
256,6,0.363,0.7,0.279,0.292,0.387,0.85,0.229,0.7
257,6,0.542,0.85,0.458,0.542,0.708,1.0,0.55,0.95
258,,0.392,0.7,0.308,0.392,0.558,0.85,0.4,0.8
259,,0.242,0.55,0.158,0.242,0.408,0.7,0.25,0.65
260,,0.092,0.4,0.008,0.092,0.258,0.55,0.1,0.5
261,,-0.058,0.25,-0.142,-0.058,0.108,0.4,-0.05,0.35
262,3,0.192,0.571,0.858,0.263,0.358,0.579,0.1,0.529
263,3,0.442,0.892,1.0,0.584,0.608,0.758,0.25,0.708
264,,0.292,0.742,0.85,0.434,0.458,0.608,0.1,0.558
265,,0.142,0.592,0.7,0.284,0.308,0.458,-0.05,0.408
266,7,0.392,0.771,0.85,0.463,0.558,0.779,0.95,0.729
267,7,0.642,0.95,1.0,0.642,0.808,1.0,1.0,1.0
268,,0.492,0.8,0.85,0.492,0.658,0.85,0.85,0.85
269,,0.342,0.65,0.7,0.342,0.508,0.7,0.7,0.7
270,,0.192,0.5,0.55,0.192,0.358,0.55,0.55,0.55
271,,0.042,0.35,0.4,0.042,0.208,0.4,0.4,0.4
272,,-0.108,0.2,0.25,-0.108,0.058,0.25,0.25,0.25
273,1,0.892,0.521,0.5,0.071,0.208,0.429,0.5,0.571
274,1,1.0,0.842,0.75,0.25,0.358,0.608,0.75,0.892
275,,0.85,0.692,0.6,0.1,0.208,0.458,0.6,0.742
276,,0.7,0.542,0.45,-0.05,0.058,0.308,0.45,0.592
277,4,0.879,0.792,0.771,0.95,0.379,0.558,0.629,0.742
278,4,1.0,1.0,1.0,1.0,0.7,0.808,0.808,0.892
279,,0.85,0.85,0.85,0.85,0.55,0.658,0.658,0.742
280,,0.7,0.7,0.7,0.7,0.4,0.508,0.508,0.592
281,,0.55,0.55,0.55,0.55,0.25,0.358,0.358,0.442
282,,0.4,0.4,0.4,0.4,0.1,0.208,0.208,0.292
283,,0.25,0.25,0.25,0.25,-0.05,0.058,0.058,0.142
284,5,0.4,0.429,0.5,0.571,0.95,0.379,0.308,0.321
285,5,0.55,0.608,0.75,0.892,1.0,0.7,0.558,0.5
286,,0.4,0.458,0.6,0.742,0.85,0.55,0.408,0.35
287,,0.25,0.308,0.45,0.592,0.7,0.4,0.258,0.2
288,,0.1,0.158,0.3,0.442,0.55,0.25,0.108,0.05
289,,-0.05,0.008,0.15,0.292,0.4,0.1,-0.042,-0.1
290,8,0.271,0.258,0.329,0.442,0.579,0.35,0.279,0.9
291,8,0.592,0.508,0.508,0.592,0.758,0.6,0.6,1.0
292,,0.442,0.358,0.358,0.442,0.608,0.45,0.45,0.85
293,,0.292,0.208,0.208,0.292,0.458,0.3,0.3,0.7
294,,0.142,0.058,0.058,0.142,0.308,0.15,0.15,0.55
295,,-0.008,-0.092,-0.092,-0.008,0.158,0.0,0.0,0.4
296,3,0.242,0.229,0.908,0.313,0.408,0.179,0.15,0.579
297,3,0.492,0.55,1.0,0.634,0.658,0.358,0.3,0.758
298,,0.342,0.4,0.85,0.484,0.508,0.208,0.15,0.608
299,,0.192,0.25,0.7,0.334,0.358,0.058,0.0,0.458
300,,0.042,0.1,0.55,0.184,0.208,-0.092,-0.15,0.308
301,7,0.292,0.279,0.7,0.363,0.458,0.229,0.85,0.629
302,7,0.542,0.458,0.85,0.542,0.708,0.55,1.0,0.95
303,,0.392,0.308,0.7,0.392,0.558,0.4,0.85,0.8
304,,0.242,0.158,0.55,0.242,0.408,0.25,0.7,0.65
305,,0.092,0.008,0.4,0.092,0.258,0.1,0.55,0.5
306,,-0.058,-0.142,0.25,-0.058,0.108,-0.05,0.4,0.35
307,2,0.263,0.858,0.571,0.192,0.287,0.1,0.579,0.6
308,2,0.584,1.0,0.892,0.442,0.466,0.25,0.758,0.85
309,,0.434,0.85,0.742,0.292,0.316,0.1,0.608,0.7
310,,0.284,0.7,0.592,0.142,0.166,-0.05,0.458,0.55
311,6,0.463,0.85,0.771,0.392,0.487,0.95,0.779,0.8
312,6,0.642,1.0,0.95,0.642,0.808,1.0,1.0,1.0
313,,0.492,0.85,0.8,0.492,0.658,0.85,0.85,0.85
314,,0.342,0.7,0.65,0.342,0.508,0.7,0.7,0.7
315,,0.192,0.55,0.5,0.192,0.358,0.55,0.55,0.55
316,,0.042,0.4,0.35,0.042,0.208,0.4,0.4,0.4
317,,-0.108,0.25,0.2,-0.108,0.058,0.25,0.25,0.25
318,1,0.892,0.571,0.45,0.071,0.208,0.429,0.5,0.571
319,1,1.0,0.892,0.7,0.25,0.358,0.608,0.75,0.892
320,,0.85,0.742,0.55,0.1,0.208,0.458,0.6,0.742
321,,0.7,0.592,0.4,-0.05,0.058,0.308,0.45,0.592
322,4,0.879,0.842,0.721,0.95,0.379,0.558,0.629,0.742
323,4,1.0,1.0,1.0,1.0,0.7,0.808,0.808,0.892
324,,0.85,0.85,0.85,0.85,0.55,0.658,0.658,0.742
325,,0.7,0.7,0.7,0.7,0.4,0.508,0.508,0.592
326,,0.55,0.55,0.55,0.55,0.25,0.358,0.358,0.442
327,,0.4,0.4,0.4,0.4,0.1,0.208,0.208,0.292
328,,0.25,0.25,0.25,0.25,-0.05,0.058,0.058,0.142
329,5,0.4,0.429,0.5,0.571,0.95,0.379,0.308,0.321
330,5,0.55,0.608,0.75,0.892,1.0,0.7,0.558,0.5
331,,0.4,0.458,0.6,0.742,0.85,0.55,0.408,0.35
332,,0.25,0.308,0.45,0.592,0.7,0.4,0.258,0.2
333,,0.1,0.158,0.3,0.442,0.55,0.25,0.108,0.05
334,,-0.05,0.008,0.15,0.292,0.4,0.1,-0.042,-0.1
335,8,0.271,0.258,0.329,0.442,0.579,0.35,0.279,0.9
336,8,0.592,0.508,0.508,0.592,0.758,0.6,0.6,1.0
337,,0.442,0.358,0.358,0.442,0.608,0.45,0.45,0.85
338,,0.292,0.208,0.208,0.292,0.458,0.3,0.3,0.7
339,,0.142,0.058,0.058,0.142,0.308,0.15,0.15,0.55
340,,-0.008,-0.092,-0.092,-0.008,0.158,0.0,0.0,0.4
341,2,0.313,0.908,0.229,0.242,0.337,0.15,0.179,0.65
342,2,0.634,1.0,0.55,0.492,0.516,0.3,0.358,0.9
343,,0.484,0.85,0.4,0.342,0.366,0.15,0.208,0.75
344,,0.334,0.7,0.25,0.192,0.216,0.0,0.058,0.6
345,,0.184,0.55,0.1,0.042,0.066,-0.15,-0.092,0.45
346,6,0.363,0.7,0.279,0.292,0.387,0.85,0.229,0.7
347,6,0.542,0.85,0.458,0.542,0.708,1.0,0.55,0.95
348,,0.392,0.7,0.308,0.392,0.558,0.85,0.4,0.8
349,,0.242,0.55,0.158,0.242,0.408,0.7,0.25,0.65
350,,0.092,0.4,0.008,0.092,0.258,0.55,0.1,0.5
351,,-0.058,0.25,-0.142,-0.058,0.108,0.4,-0.05,0.35
352,3,0.192,0.571,0.858,0.263,0.358,0.579,0.1,0.529
353,3,0.442,0.892,1.0,0.584,0.608,0.758,0.25,0.708
354,,0.292,0.742,0.85,0.434,0.458,0.608,0.1,0.558
355,,0.142,0.592,0.7,0.284,0.308,0.458,-0.05,0.408
356,7,0.392,0.771,0.85,0.463,0.558,0.779,0.95,0.729
357,7,0.642,0.95,1.0,0.642,0.808,1.0,1.0,1.0
358,,0.492,0.8,0.85,0.492,0.658,0.85,0.85,0.85
359,,0.342,0.65,0.7,0.342,0.508,0.7,0.7,0.7
360,,0.192,0.5,0.55,0.192,0.358,0.55,0.55,0.55
361,,0.042,0.35,0.4,0.042,0.208,0.4,0.4,0.4
362,,-0.108,0.2,0.25,-0.108,0.058,0.25,0.25,0.25
363,1,0.892,0.521,0.5,0.071,0.208,0.429,0.5,0.571
364,1,1.0,0.842,0.75,0.25,0.358,0.608,0.75,0.892
365,,0.85,0.692,0.6,0.1,0.208,0.458,0.6,0.742
366,,0.7,0.542,0.45,-0.05,0.058,0.308,0.45,0.592
367,4,0.879,0.792,0.771,0.95,0.379,0.558,0.629,0.742
368,4,1.0,1.0,1.0,1.0,0.7,0.808,0.808,0.892
369,,0.85,0.85,0.85,0.85,0.55,0.658,0.658,0.742
370,,0.7,0.7,0.7,0.7,0.4,0.508,0.508,0.592
371,,0.55,0.55,0.55,0.55,0.25,0.358,0.358,0.442
372,,0.4,0.4,0.4,0.4,0.1,0.208,0.208,0.292
373,,0.25,0.25,0.25,0.25,-0.05,0.058,0.058,0.142
374,5,0.4,0.429,0.5,0.571,0.95,0.379,0.308,0.321
375,5,0.55,0.608,0.75,0.892,1.0,0.7,0.558,0.5
376,,0.4,0.458,0.6,0.742,0.85,0.55,0.408,0.35
377,,0.25,0.308,0.45,0.592,0.7,0.4,0.258,0.2
378,,0.1,0.158,0.3,0.442,0.55,0.25,0.108,0.05
379,,-0.05,0.008,0.15,0.292,0.4,0.1,-0.042,-0.1
380,8,0.271,0.258,0.329,0.442,0.579,0.35,0.279,0.9
381,8,0.592,0.508,0.508,0.592,0.758,0.6,0.6,1.0
382,,0.442,0.358,0.358,0.442,0.608,0.45,0.45,0.85
383,,0.292,0.208,0.208,0.292,0.458,0.3,0.3,0.7
384,,0.142,0.058,0.058,0.142,0.308,0.15,0.15,0.55
385,,-0.008,-0.092,-0.092,-0.008,0.158,0.0,0.0,0.4
386,3,0.242,0.229,0.908,0.313,0.408,0.179,0.15,0.579
387,3,0.492,0.55,1.0,0.634,0.658,0.358,0.3,0.758
388,,0.342,0.4,0.85,0.484,0.508,0.208,0.15,0.608
389,,0.192,0.25,0.7,0.334,0.358,0.058,0.0,0.458
390,,0.042,0.1,0.55,0.184,0.208,-0.092,-0.15,0.308
391,7,0.292,0.279,0.7,0.363,0.458,0.229,0.85,0.629
392,7,0.542,0.458,0.85,0.542,0.708,0.55,1.0,0.95
393,,0.392,0.308,0.7,0.392,0.558,0.4,0.85,0.8
394,,0.242,0.158,0.55,0.242,0.408,0.25,0.7,0.65
395,,0.092,0.008,0.4,0.092,0.258,0.1,0.55,0.5
396,,-0.058,-0.142,0.25,-0.058,0.108,-0.05,0.4,0.35
397,2,0.263,0.858,0.571,0.192,0.287,0.1,0.579,0.6
398,2,0.584,1.0,0.892,0.442,0.466,0.25,0.758,0.85
399,,0.434,0.85,0.742,0.292,0.316,0.1,0.608,0.7
400,,0.284,0.7,0.592,0.142,0.166,-0.05,0.458,0.55
401,6,0.463,0.85,0.771,0.392,0.487,0.95,0.779,0.8
402,6,0.642,1.0,0.95,0.642,0.808,1.0,1.0,1.0
403,,0.492,0.85,0.8,0.492,0.658,0.85,0.85,0.85
404,,0.342,0.7,0.65,0.342,0.508,0.7,0.7,0.7
405,,0.192,0.55,0.5,0.192,0.358,0.55,0.55,0.55
406,,0.042,0.4,0.35,0.042,0.208,0.4,0.4,0.4
407,,-0.108,0.25,0.2,-0.108,0.058,0.25,0.25,0.25
408,1,0.892,0.571,0.45,0.071,0.208,0.429,0.5,0.571
409,1,1.0,0.892,0.7,0.25,0.358,0.608,0.75,0.892
410,,0.85,0.742,0.55,0.1,0.208,0.458,0.6,0.742
411,,0.7,0.592,0.4,-0.05,0.058,0.308,0.45,0.592
412,4,0.879,0.842,0.721,0.95,0.379,0.558,0.629,0.742
413,4,1.0,1.0,1.0,1.0,0.7,0.808,0.808,0.892
414,,0.85,0.85,0.85,0.85,0.55,0.658,0.658,0.742
415,,0.7,0.7,0.7,0.7,0.4,0.508,0.508,0.592
416,,0.55,0.55,0.55,0.55,0.25,0.358,0.358,0.442
417,,0.4,0.4,0.4,0.4,0.1,0.208,0.208,0.292
418,,0.25,0.25,0.25,0.25,-0.05,0.058,0.058,0.142
419,5,0.4,0.429,0.5,0.571,0.95,0.379,0.308,0.321
420,5,0.55,0.608,0.75,0.892,1.0,0.7,0.558,0.5
421,,0.4,0.458,0.6,0.742,0.85,0.55,0.408,0.35
422,,0.25,0.308,0.45,0.592,0.7,0.4,0.258,0.2
423,,0.1,0.158,0.3,0.442,0.55,0.25,0.108,0.05
424,,-0.05,0.008,0.15,0.292,0.4,0.1,-0.042,-0.1
425,8,0.271,0.258,0.329,0.442,0.579,0.35,0.279,0.9
426,8,0.592,0.508,0.508,0.592,0.758,0.6,0.6,1.0
427,,0.442,0.358,0.358,0.442,0.608,0.45,0.45,0.85
428,,0.292,0.208,0.208,0.292,0.458,0.3,0.3,0.7
429,,0.142,0.058,0.058,0.142,0.308,0.15,0.15,0.55
430,,-0.008,-0.092,-0.092,-0.008,0.158,0.0,0.0,0.4
431,3,0.242,0.229,0.908,0.313,0.408,0.179,0.15,0.579
432,3,0.492,0.55,1.0,0.634,0.658,0.358,0.3,0.758
433,,0.342,0.4,0.85,0.484,0.508,0.208,0.15,0.608
434,,0.192,0.25,0.7,0.334,0.358,0.058,0.0,0.458
435,,0.042,0.1,0.55,0.184,0.208,-0.092,-0.15,0.308
436,7,0.292,0.279,0.7,0.363,0.458,0.229,0.85,0.629
437,7,0.542,0.458,0.85,0.542,0.708,0.55,1.0,0.95
438,,0.392,0.308,0.7,0.392,0.558,0.4,0.85,0.8
439,,0.242,0.158,0.55,0.242,0.408,0.25,0.7,0.65
440,,0.092,0.008,0.4,0.092,0.258,0.1,0.55,0.5
441,,-0.058,-0.142,0.25,-0.058,0.108,-0.05,0.4,0.35
442,2,0.263,0.858,0.571,0.192,0.287,0.1,0.579,0.6
443,2,0.584,1.0,0.892,0.442,0.466,0.25,0.758,0.85
444,,0.434,0.85,0.742,0.292,0.316,0.1,0.608,0.7
445,,0.284,0.7,0.592,0.142,0.166,-0.05,0.458,0.55
446,6,0.463,0.85,0.771,0.392,0.487,0.95,0.779,0.8
447,6,0.642,1.0,0.95,0.642,0.808,1.0,1.0,1.0
448,,0.492,0.85,0.8,0.492,0.658,0.85,0.85,0.85
449,,0.342,0.7,0.65,0.342,0.508,0.7,0.7,0.7
450,,0.192,0.55,0.5,0.192,0.358,0.55,0.55,0.55
451,,0.042,0.4,0.35,0.042,0.208,0.4,0.4,0.4
452,,-0.108,0.25,0.2,-0.108,0.058,0.25,0.25,0.25
453,4,0.071,0.5,0.521,0.892,0.379,0.5,0.429,0.4
454,4,0.25,0.75,0.842,1.0,0.7,0.75,0.608,0.55
455,,0.1,0.6,0.692,0.85,0.55,0.6,0.458,0.4
456,,-0.05,0.45,0.542,0.7,0.4,0.45,0.308,0.25
457,1,0.95,0.771,0.792,0.879,0.55,0.629,0.558,0.571
458,1,1.0,1.0,1.0,1.0,0.7,0.808,0.808,0.892
459,,0.85,0.85,0.85,0.85,0.55,0.658,0.658,0.742
460,,0.7,0.7,0.7,0.7,0.4,0.508,0.508,0.592
461,,0.55,0.55,0.55,0.55,0.25,0.358,0.358,0.442
462,,0.4,0.4,0.4,0.4,0.1,0.208,0.208,0.292
463,,0.25,0.25,0.25,0.25,-0.05,0.058,0.058,0.142
464,5,0.4,0.429,0.5,0.571,0.95,0.379,0.308,0.321
465,5,0.55,0.608,0.75,0.892,1.0,0.7,0.558,0.5
466,,0.4,0.458,0.6,0.742,0.85,0.55,0.408,0.35
467,,0.25,0.308,0.45,0.592,0.7,0.4,0.258,0.2
468,,0.1,0.158,0.3,0.442,0.55,0.25,0.108,0.05
469,,-0.05,0.008,0.15,0.292,0.4,0.1,-0.042,-0.1
470,8,0.271,0.258,0.329,0.442,0.579,0.35,0.279,0.9
471,8,0.592,0.508,0.508,0.592,0.758,0.6,0.6,1.0
472,,0.442,0.358,0.358,0.442,0.608,0.45,0.45,0.85
473,,0.292,0.208,0.208,0.292,0.458,0.3,0.3,0.7
474,,0.142,0.058,0.058,0.142,0.308,0.15,0.15,0.55
475,,-0.008,-0.092,-0.092,-0.008,0.158,0.0,0.0,0.4
476,2,0.313,0.908,0.229,0.242,0.337,0.15,0.179,0.65
477,2,0.634,1.0,0.55,0.492,0.516,0.3,0.358,0.9
478,,0.484,0.85,0.4,0.342,0.366,0.15,0.208,0.75
479,,0.334,0.7,0.25,0.192,0.216,0.0,0.058,0.6
480,,0.184,0.55,0.1,0.042,0.066,-0.15,-0.092,0.45
481,6,0.363,0.7,0.279,0.292,0.387,0.85,0.229,0.7
482,6,0.542,0.85,0.458,0.542,0.708,1.0,0.55,0.95
483,,0.392,0.7,0.308,0.392,0.558,0.85,0.4,0.8
484,,0.242,0.55,0.158,0.242,0.408,0.7,0.25,0.65
485,,0.092,0.4,0.008,0.092,0.258,0.55,0.1,0.5
486,,-0.058,0.25,-0.142,-0.058,0.108,0.4,-0.05,0.35
487,3,0.192,0.571,0.858,0.263,0.358,0.579,0.1,0.529
488,3,0.442,0.892,1.0,0.584,0.608,0.758,0.25,0.708
489,,0.292,0.742,0.85,0.434,0.458,0.608,0.1,0.558
490,,0.142,0.592,0.7,0.284,0.308,0.458,-0.05,0.408
491,7,0.392,0.771,0.85,0.463,0.558,0.779,0.95,0.729
492,7,0.642,0.95,1.0,0.642,0.808,1.0,1.0,1.0
493,,0.492,0.8,0.85,0.492,0.658,0.85,0.85,0.85
494,,0.342,0.65,0.7,0.342,0.508,0.7,0.7,0.7
495,,0.192,0.5,0.55,0.192,0.358,0.55,0.55,0.55
496,,0.042,0.35,0.4,0.042,0.208,0.4,0.4,0.4
497,,-0.108,0.2,0.25,-0.108,0.058,0.25,0.25,0.25
498,1,0.892,0.521,0.5,0.071,0.208,0.429,0.5,0.571
499,1,1.0,0.842,0.75,0.25,0.358,0.608,0.75,0.892
500,,0.85,0.692,0.6,0.1,0.208,0.458,0.6,0.742
501,,0.7,0.542,0.45,-0.05,0.058,0.308,0.45,0.592
502,4,0.879,0.792,0.771,0.95,0.379,0.558,0.629,0.742
503,4,1.0,1.0,1.0,1.0,0.7,0.808,0.808,0.892
504,,0.85,0.85,0.85,0.85,0.55,0.658,0.658,0.742
505,,0.7,0.7,0.7,0.7,0.4,0.508,0.508,0.592
506,,0.55,0.55,0.55,0.55,0.25,0.358,0.358,0.442
507,,0.4,0.4,0.4,0.4,0.1,0.208,0.208,0.292
508,,0.25,0.25,0.25,0.25,-0.05,0.058,0.058,0.142
509,5,0.4,0.429,0.5,0.571,0.95,0.379,0.308,0.321
510,5,0.55,0.608,0.75,0.892,1.0,0.7,0.558,0.5
511,,0.4,0.458,0.6,0.742,0.85,0.55,0.408,0.35
512,,0.25,0.308,0.45,0.592,0.7,0.4,0.258,0.2
513,,0.1,0.158,0.3,0.442,0.55,0.25,0.108,0.05
514,,-0.05,0.008,0.15,0.292,0.4,0.1,-0.042,-0.1
515,8,0.271,0.258,0.329,0.442,0.579,0.35,0.279,0.9
516,8,0.592,0.508,0.508,0.592,0.758,0.6,0.6,1.0
517,,0.442,0.358,0.358,0.442,0.608,0.45,0.45,0.85
518,,0.292,0.208,0.208,0.292,0.458,0.3,0.3,0.7
519,,0.142,0.058,0.058,0.142,0.308,0.15,0.15,0.55
520,,-0.008,-0.092,-0.092,-0.008,0.158,0.0,0.0,0.4
521,3,0.242,0.229,0.908,0.313,0.408,0.179,0.15,0.579
522,3,0.492,0.55,1.0,0.634,0.658,0.358,0.3,0.758
523,,0.342,0.4,0.85,0.484,0.508,0.208,0.15,0.608
524,,0.192,0.25,0.7,0.334,0.358,0.058,0.0,0.458
525,,0.042,0.1,0.55,0.184,0.208,-0.092,-0.15,0.308
526,7,0.292,0.279,0.7,0.363,0.458,0.229,0.85,0.629
527,7,0.542,0.458,0.85,0.542,0.708,0.55,1.0,0.95
528,,0.392,0.308,0.7,0.392,0.558,0.4,0.85,0.8
529,,0.242,0.158,0.55,0.242,0.408,0.25,0.7,0.65
530,,0.092,0.008,0.4,0.092,0.258,0.1,0.55,0.5
531,,-0.058,-0.142,0.25,-0.058,0.108,-0.05,0.4,0.35
532,2,0.263,0.858,0.571,0.192,0.287,0.1,0.579,0.6
533,2,0.584,1.0,0.892,0.442,0.466,0.25,0.758,0.85
534,,0.434,0.85,0.742,0.292,0.316,0.1,0.608,0.7
535,,0.284,0.7,0.592,0.142,0.166,-0.05,0.458,0.55
536,6,0.463,0.85,0.771,0.392,0.487,0.95,0.779,0.8
537,6,0.642,1.0,0.95,0.642,0.808,1.0,1.0,1.0
538,,0.492,0.85,0.8,0.492,0.658,0.85,0.85,0.85
539,,0.342,0.7,0.65,0.342,0.508,0.7,0.7,0.7
540,,0.192,0.55,0.5,0.192,0.358,0.55,0.55,0.55
541,,0.042,0.4,0.35,0.042,0.208,0.4,0.4,0.4
542,,-0.108,0.25,0.2,-0.108,0.058,0.25,0.25,0.25
543,1,0.892,0.571,0.45,0.071,0.208,0.429,0.5,0.571
544,1,1.0,0.892,0.7,0.25,0.358,0.608,0.75,0.892
545,,0.85,0.742,0.55,0.1,0.208,0.458,0.6,0.742
546,,0.7,0.592,0.4,-0.05,0.058,0.308,0.45,0.592
547,4,0.879,0.842,0.721,0.95,0.379,0.558,0.629,0.742
548,4,1.0,1.0,1.0,1.0,0.7,0.808,0.808,0.892
549,,0.85,0.85,0.85,0.85,0.55,0.658,0.658,0.742
550,,0.7,0.7,0.7,0.7,0.4,0.508,0.508,0.592
551,,0.55,0.55,0.55,0.55,0.25,0.358,0.358,0.442
552,,0.4,0.4,0.4,0.4,0.1,0.208,0.208,0.292
553,,0.25,0.25,0.25,0.25,-0.05,0.058,0.058,0.142
554,5,0.4,0.429,0.5,0.571,0.95,0.379,0.308,0.321
555,5,0.55,0.608,0.75,0.892,1.0,0.7,0.558,0.5
556,,0.4,0.458,0.6,0.742,0.85,0.55,0.408,0.35
557,,0.25,0.308,0.45,0.592,0.7,0.4,0.258,0.2
558,,0.1,0.158,0.3,0.442,0.55,0.25,0.108,0.05
559,,-0.05,0.008,0.15,0.292,0.4,0.1,-0.042,-0.1
560,8,0.271,0.258,0.329,0.442,0.579,0.35,0.279,0.9
561,8,0.592,0.508,0.508,0.592,0.758,0.6,0.6,1.0
562,,0.442,0.358,0.358,0.442,0.608,0.45,0.45,0.85
563,,0.292,0.208,0.208,0.292,0.458,0.3,0.3,0.7
564,,0.142,0.058,0.058,0.142,0.308,0.15,0.15,0.55
565,,-0.008,-0.092,-0.092,-0.008,0.158,0.0,0.0,0.4
566,2,0.313,0.908,0.229,0.242,0.337,0.15,0.179,0.65
567,2,0.634,1.0,0.55,0.492,0.516,0.3,0.358,0.9
568,,0.484,0.85,0.4,0.342,0.366,0.15,0.208,0.75
569,,0.334,0.7,0.25,0.192,0.216,0.0,0.058,0.6
570,,0.184,0.55,0.1,0.042,0.066,-0.15,-0.092,0.45
571,6,0.363,0.7,0.279,0.292,0.387,0.85,0.229,0.7
572,6,0.542,0.85,0.458,0.542,0.708,1.0,0.55,0.95
573,,0.392,0.7,0.308,0.392,0.558,0.85,0.4,0.8
574,,0.242,0.55,0.158,0.242,0.408,0.7,0.25,0.65
575,,0.092,0.4,0.008,0.092,0.258,0.55,0.1,0.5
576,,-0.058,0.25,-0.142,-0.058,0.108,0.4,-0.05,0.35
577,3,0.192,0.571,0.858,0.263,0.358,0.579,0.1,0.529
578,3,0.442,0.892,1.0,0.584,0.608,0.758,0.25,0.708
579,,0.292,0.742,0.85,0.434,0.458,0.608,0.1,0.558
580,,0.142,0.592,0.7,0.284,0.308,0.458,-0.05,0.408
581,7,0.392,0.771,0.85,0.463,0.558,0.779,0.95,0.729
582,7,0.642,0.95,1.0,0.642,0.808,1.0,1.0,1.0
583,,0.492,0.8,0.85,0.492,0.658,0.85,0.85,0.85
584,,0.342,0.65,0.7,0.342,0.508,0.7,0.7,0.7
585,,0.192,0.5,0.55,0.192,0.358,0.55,0.55,0.55
586,,0.042,0.35,0.4,0.042,0.208,0.4,0.4,0.4
587,,-0.108,0.2,0.25,-0.108,0.058,0.25,0.25,0.25
588,4,0.071,0.45,0.571,0.892,0.379,0.5,0.429,0.4
589,4,0.25,0.7,0.892,1.0,0.7,0.75,0.608,0.55
590,,0.1,0.55,0.742,0.85,0.55,0.6,0.458,0.4
591,,-0.05,0.4,0.592,0.7,0.4,0.45,0.308,0.25
592,1,0.95,0.721,0.842,0.879,0.55,0.629,0.558,0.571
593,1,1.0,1.0,1.0,1.0,0.7,0.808,0.808,0.892
594,,0.85,0.85,0.85,0.85,0.55,0.658,0.658,0.742
595,,0.7,0.7,0.7,0.7,0.4,0.508,0.508,0.592
596,,0.55,0.55,0.55,0.55,0.25,0.358,0.358,0.442
597,,0.4,0.4,0.4,0.4,0.1,0.208,0.208,0.292
598,,0.25,0.25,0.25,0.25,-0.05,0.058,0.058,0.142
599,5,0.4,0.429,0.5,0.571,0.95,0.379,0.308,0.321
600,5,0.55,0.608,0.75,0.892,1.0,0.7,0.558,0.5
601,,0.4,0.458,0.6,0.742,0.85,0.55,0.408,0.35
602,,0.25,0.308,0.45,0.592,0.7,0.4,0.258,0.2
603,,0.1,0.158,0.3,0.442,0.55,0.25,0.108,0.05
604,,-0.05,0.008,0.15,0.292,0.4,0.1,-0.042,-0.1
605,8,0.271,0.258,0.329,0.442,0.579,0.35,0.279,0.9
606,8,0.592,0.508,0.508,0.592,0.758,0.6,0.6,1.0
607,,0.442,0.358,0.358,0.442,0.608,0.45,0.45,0.85
608,,0.292,0.208,0.208,0.292,0.458,0.3,0.3,0.7
609,,0.142,0.058,0.058,0.142,0.308,0.15,0.15,0.55
610,,-0.008,-0.092,-0.092,-0.008,0.158,0.0,0.0,0.4
611,3,0.242,0.229,0.908,0.313,0.408,0.179,0.15,0.579
612,3,0.492,0.55,1.0,0.634,0.658,0.358,0.3,0.758
613,,0.342,0.4,0.85,0.484,0.508,0.208,0.15,0.608
614,,0.192,0.25,0.7,0.334,0.358,0.058,0.0,0.458
615,,0.042,0.1,0.55,0.184,0.208,-0.092,-0.15,0.308
616,7,0.292,0.279,0.7,0.363,0.458,0.229,0.85,0.629
617,7,0.542,0.458,0.85,0.542,0.708,0.55,1.0,0.95
618,,0.392,0.308,0.7,0.392,0.558,0.4,0.85,0.8
619,,0.242,0.158,0.55,0.242,0.408,0.25,0.7,0.65
620,,0.092,0.008,0.4,0.092,0.258,0.1,0.55,0.5
621,,-0.058,-0.142,0.25,-0.058,0.108,-0.05,0.4,0.35
622,2,0.263,0.858,0.571,0.192,0.287,0.1,0.579,0.6
623,2,0.584,1.0,0.892,0.442,0.466,0.25,0.758,0.85
624,,0.434,0.85,0.742,0.292,0.316,0.1,0.608,0.7
625,,0.284,0.7,0.592,0.142,0.166,-0.05,0.458,0.55
626,6,0.463,0.85,0.771,0.392,0.487,0.95,0.779,0.8
627,6,0.642,1.0,0.95,0.642,0.808,1.0,1.0,1.0
628,,0.492,0.85,0.8,0.492,0.658,0.85,0.85,0.85
629,,0.342,0.7,0.65,0.342,0.508,0.7,0.7,0.7
630,,0.192,0.55,0.5,0.192,0.358,0.55,0.55,0.55
631,,0.042,0.4,0.35,0.042,0.208,0.4,0.4,0.4
632,,-0.108,0.25,0.2,-0.108,0.058,0.25,0.25,0.25
633,1,0.892,0.571,0.45,0.071,0.208,0.429,0.5,0.571
634,1,1.0,0.892,0.7,0.25,0.358,0.608,0.75,0.892
635,,0.85,0.742,0.55,0.1,0.208,0.458,0.6,0.742
636,,0.7,0.592,0.4,-0.05,0.058,0.308,0.45,0.592
637,4,0.879,0.842,0.721,0.95,0.379,0.558,0.629,0.742
638,4,1.0,1.0,1.0,1.0,0.7,0.808,0.808,0.892
639,,0.85,0.85,0.85,0.85,0.55,0.658,0.658,0.742
640,,0.7,0.7,0.7,0.7,0.4,0.508,0.508,0.592
641,,0.55,0.55,0.55,0.55,0.25,0.358,0.358,0.442
642,,0.4,0.4,0.4,0.4,0.1,0.208,0.208,0.292
643,,0.25,0.25,0.25,0.25,-0.05,0.058,0.058,0.142
644,5,0.4,0.429,0.5,0.571,0.95,0.379,0.308,0.321
645,5,0.55,0.608,0.75,0.892,1.0,0.7,0.558,0.5
646,,0.4,0.458,0.6,0.742,0.85,0.55,0.408,0.35
647,,0.25,0.308,0.45,0.592,0.7,0.4,0.258,0.2
648,,0.1,0.158,0.3,0.442,0.55,0.25,0.108,0.05
649,,-0.05,0.008,0.15,0.292,0.4,0.1,-0.042,-0.1
650,8,0.271,0.258,0.329,0.442,0.579,0.35,0.279,0.9
651,8,0.592,0.508,0.508,0.592,0.758,0.6,0.6,1.0
652,,0.442,0.358,0.358,0.442,0.608,0.45,0.45,0.85
653,,0.292,0.208,0.208,0.292,0.458,0.3,0.3,0.7
654,,0.142,0.058,0.058,0.142,0.308,0.15,0.15,0.55
655,,-0.008,-0.092,-0.092,-0.008,0.158,0.0,0.0,0.4
656,3,0.242,0.229,0.908,0.313,0.408,0.179,0.15,0.579
657,3,0.492,0.55,1.0,0.634,0.658,0.358,0.3,0.758
658,,0.342,0.4,0.85,0.484,0.508,0.208,0.15,0.608
659,,0.192,0.25,0.7,0.334,0.358,0.058,0.0,0.458
660,,0.042,0.1,0.55,0.184,0.208,-0.092,-0.15,0.308
661,7,0.292,0.279,0.7,0.363,0.458,0.229,0.85,0.629
662,7,0.542,0.458,0.85,0.542,0.708,0.55,1.0,0.95
663,,0.392,0.308,0.7,0.392,0.558,0.4,0.85,0.8
664,,0.242,0.158,0.55,0.242,0.408,0.25,0.7,0.65
665,,0.092,0.008,0.4,0.092,0.258,0.1,0.55,0.5
666,,-0.058,-0.142,0.25,-0.058,0.108,-0.05,0.4,0.35
667,2,0.263,0.858,0.571,0.192,0.287,0.1,0.579,0.6
668,2,0.584,1.0,0.892,0.442,0.466,0.25,0.758,0.85
669,,0.434,0.85,0.742,0.292,0.316,0.1,0.608,0.7
670,,0.284,0.7,0.592,0.142,0.166,-0.05,0.458,0.55
671,6,0.463,0.85,0.771,0.392,0.487,0.95,0.779,0.8
672,6,0.642,1.0,0.95,0.642,0.808,1.0,1.0,1.0
673,,0.492,0.85,0.8,0.492,0.658,0.85,0.85,0.85
674,,0.342,0.7,0.65,0.342,0.508,0.7,0.7,0.7
675,,0.192,0.55,0.5,0.192,0.358,0.55,0.55,0.55
676,,0.042,0.4,0.35,0.042,0.208,0.4,0.4,0.4
677,,-0.108,0.25,0.2,-0.108,0.058,0.25,0.25,0.25
678,1,0.892,0.571,0.45,0.071,0.208,0.429,0.5,0.571
679,1,1.0,0.892,0.7,0.25,0.358,0.608,0.75,0.892
680,,0.85,0.742,0.55,0.1,0.208,0.458,0.6,0.742
681,,0.7,0.592,0.4,-0.05,0.058,0.308,0.45,0.592
682,4,0.879,0.842,0.721,0.95,0.379,0.558,0.629,0.742
683,4,1.0,1.0,1.0,1.0,0.7,0.808,0.808,0.892
684,,0.85,0.85,0.85,0.85,0.55,0.658,0.658,0.742
685,,0.7,0.7,0.7,0.7,0.4,0.508,0.508,0.592
686,,0.55,0.55,0.55,0.55,0.25,0.358,0.358,0.442
687,,0.4,0.4,0.4,0.4,0.1,0.208,0.208,0.292
688,,0.25,0.25,0.25,0.25,-0.05,0.058,0.058,0.142
689,5,0.4,0.429,0.5,0.571,0.95,0.379,0.308,0.321
690,5,0.55,0.608,0.75,0.892,1.0,0.7,0.558,0.5
691,,0.4,0.458,0.6,0.742,0.85,0.55,0.408,0.35
692,,0.25,0.308,0.45,0.592,0.7,0.4,0.258,0.2
693,,0.1,0.158,0.3,0.442,0.55,0.25,0.108,0.05
694,,-0.05,0.008,0.15,0.292,0.4,0.1,-0.042,-0.1
695,8,0.271,0.258,0.329,0.442,0.579,0.35,0.279,0.9
696,8,0.592,0.508,0.508,0.592,0.758,0.6,0.6,1.0
697,,0.442,0.358,0.358,0.442,0.608,0.45,0.45,0.85
698,,0.292,0.208,0.208,0.292,0.458,0.3,0.3,0.7
699,,0.142,0.058,0.058,0.142,0.308,0.15,0.15,0.55
700,,-0.008,-0.092,-0.092,-0.008,0.158,0.0,0.0,0.4
701,2,0.313,0.908,0.229,0.242,0.337,0.15,0.179,0.65
702,2,0.634,1.0,0.55,0.492,0.516,0.3,0.358,0.9
703,,0.484,0.85,0.4,0.342,0.366,0.15,0.208,0.75
704,,0.334,0.7,0.25,0.192,0.216,0.0,0.058,0.6
705,,0.184,0.55,0.1,0.042,0.066,-0.15,-0.092,0.45
706,6,0.363,0.7,0.279,0.292,0.387,0.85,0.229,0.7
707,6,0.542,0.85,0.458,0.542,0.708,1.0,0.55,0.95
708,,0.392,0.7,0.308,0.392,0.558,0.85,0.4,0.8
709,,0.242,0.55,0.158,0.242,0.408,0.7,0.25,0.65
710,,0.092,0.4,0.008,0.092,0.258,0.55,0.1,0.5
711,,-0.058,0.25,-0.142,-0.058,0.108,0.4,-0.05,0.35
712,3,0.192,0.571,0.858,0.263,0.358,0.579,0.1,0.529
713,3,0.442,0.892,1.0,0.584,0.608,0.758,0.25,0.708
714,,0.292,0.742,0.85,0.434,0.458,0.608,0.1,0.558
715,,0.142,0.592,0.7,0.284,0.308,0.458,-0.05,0.408
716,7,0.392,0.771,0.85,0.463,0.558,0.779,0.95,0.729
717,7,0.642,0.95,1.0,0.642,0.808,1.0,1.0,1.0
718,,0.492,0.8,0.85,0.492,0.658,0.85,0.85,0.85
719,,0.342,0.65,0.7,0.342,0.508,0.7,0.7,0.7
720,,0.192,0.5,0.55,0.192,0.358,0.55,0.55,0.55
721,,0.042,0.35,0.4,0.042,0.208,0.4,0.4,0.4
722,,-0.108,0.2,0.25,-0.108,0.058,0.25,0.25,0.25
723,1,0.892,0.521,0.5,0.071,0.208,0.429,0.5,0.571
724,1,1.0,0.842,0.75,0.25,0.358,0.608,0.75,0.892
725,,0.85,0.692,0.6,0.1,0.208,0.458,0.6,0.742
726,,0.7,0.542,0.45,-0.05,0.058,0.308,0.45,0.592
727,4,0.879,0.792,0.771,0.95,0.379,0.558,0.629,0.742
728,4,1.0,1.0,1.0,1.0,0.7,0.808,0.808,0.892
729,,0.85,0.85,0.85,0.85,0.55,0.658,0.658,0.742
730,,0.7,0.7,0.7,0.7,0.4,0.508,0.508,0.592
731,,0.55,0.55,0.55,0.55,0.25,0.358,0.358,0.442
732,,0.4,0.4,0.4,0.4,0.1,0.208,0.208,0.292
733,,0.25,0.25,0.25,0.25,-0.05,0.058,0.058,0.142
734,5,0.4,0.429,0.5,0.571,0.95,0.379,0.308,0.321
735,5,0.55,0.608,0.75,0.892,1.0,0.7,0.558,0.5
736,,0.4,0.458,0.6,0.742,0.85,0.55,0.408,0.35
737,,0.25,0.308,0.45,0.592,0.7,0.4,0.258,0.2
738,,0.1,0.158,0.3,0.442,0.55,0.25,0.108,0.05
739,,-0.05,0.008,0.15,0.292,0.4,0.1,-0.042,-0.1
740,8,0.271,0.258,0.329,0.442,0.579,0.35,0.279,0.9
741,8,0.592,0.508,0.508,0.592,0.758,0.6,0.6,1.0
742,,0.442,0.358,0.358,0.442,0.608,0.45,0.45,0.85
743,,0.292,0.208,0.208,0.292,0.458,0.3,0.3,0.7
744,,0.142,0.058,0.058,0.142,0.308,0.15,0.15,0.55
745,,-0.008,-0.092,-0.092,-0.008,0.158,0.0,0.0,0.4
746,3,0.242,0.229,0.908,0.313,0.408,0.179,0.15,0.579
747,3,0.492,0.55,1.0,0.634,0.658,0.358,0.3,0.758
748,,0.342,0.4,0.85,0.484,0.508,0.208,0.15,0.608
749,,0.192,0.25,0.7,0.334,0.358,0.058,0.0,0.458
750,,0.042,0.1,0.55,0.184,0.208,-0.092,-0.15,0.308
751,7,0.292,0.279,0.7,0.363,0.458,0.229,0.85,0.629
752,7,0.542,0.458,0.85,0.542,0.708,0.55,1.0,0.95
753,,0.392,0.308,0.7,0.392,0.558,0.4,0.85,0.8
754,,0.242,0.158,0.55,0.242,0.408,0.25,0.7,0.65
755,,0.092,0.008,0.4,0.092,0.258,0.1,0.55,0.5
756,,-0.058,-0.142,0.25,-0.058,0.108,-0.05,0.4,0.35
757,2,0.263,0.858,0.571,0.192,0.287,0.1,0.579,0.6
758,2,0.584,1.0,0.892,0.442,0.466,0.25,0.758,0.85
759,,0.434,0.85,0.742,0.292,0.316,0.1,0.608,0.7
760,,0.284,0.7,0.592,0.142,0.166,-0.05,0.458,0.55
761,6,0.463,0.85,0.771,0.392,0.487,0.95,0.779,0.8
762,6,0.642,1.0,0.95,0.642,0.808,1.0,1.0,1.0
763,,0.492,0.85,0.8,0.492,0.658,0.85,0.85,0.85
764,,0.342,0.7,0.65,0.342,0.508,0.7,0.7,0.7
765,,0.192,0.55,0.5,0.192,0.358,0.55,0.55,0.55
766,,0.042,0.4,0.35,0.042,0.208,0.4,0.4,0.4
767,,-0.108,0.25,0.2,-0.108,0.058,0.25,0.25,0.25
768,1,0.892,0.571,0.45,0.071,0.208,0.429,0.5,0.571
769,1,1.0,0.892,0.7,0.25,0.358,0.608,0.75,0.892
770,,0.85,0.742,0.55,0.1,0.208,0.458,0.6,0.742
771,,0.7,0.592,0.4,-0.05,0.058,0.308,0.45,0.592
772,4,0.879,0.842,0.721,0.95,0.379,0.558,0.629,0.742
773,4,1.0,1.0,1.0,1.0,0.7,0.808,0.808,0.892
774,,0.85,0.85,0.85,0.85,0.55,0.658,0.658,0.742
775,,0.7,0.7,0.7,0.7,0.4,0.508,0.508,0.592
776,,0.55,0.55,0.55,0.55,0.25,0.358,0.358,0.442
777,,0.4,0.4,0.4,0.4,0.1,0.208,0.208,0.292
778,,0.25,0.25,0.25,0.25,-0.05,0.058,0.058,0.142
779,5,0.4,0.429,0.5,0.571,0.95,0.379,0.308,0.321
780,5,0.55,0.608,0.75,0.892,1.0,0.7,0.558,0.5
781,,0.4,0.458,0.6,0.742,0.85,0.55,0.408,0.35
782,,0.25,0.308,0.45,0.592,0.7,0.4,0.258,0.2
783,,0.1,0.158,0.3,0.442,0.55,0.25,0.108,0.05
784,,-0.05,0.008,0.15,0.292,0.4,0.1,-0.042,-0.1
785,8,0.271,0.258,0.329,0.442,0.579,0.35,0.279,0.9
786,8,0.592,0.508,0.508,0.592,0.758,0.6,0.6,1.0
787,,0.442,0.358,0.358,0.442,0.608,0.45,0.45,0.85
788,,0.292,0.208,0.208,0.292,0.458,0.3,0.3,0.7
789,,0.142,0.058,0.058,0.142,0.308,0.15,0.15,0.55
790,,-0.008,-0.092,-0.092,-0.008,0.158,0.0,0.0,0.4
791,2,0.313,0.908,0.229,0.242,0.337,0.15,0.179,0.65
792,2,0.634,1.0,0.55,0.492,0.516,0.3,0.358,0.9
793,,0.484,0.85,0.4,0.342,0.366,0.15,0.208,0.75
794,,0.334,0.7,0.25,0.192,0.216,0.0,0.058,0.6
795,,0.184,0.55,0.1,0.042,0.066,-0.15,-0.092,0.45
796,6,0.363,0.7,0.279,0.292,0.387,0.85,0.229,0.7
797,6,0.542,0.85,0.458,0.542,0.708,1.0,0.55,0.95
798,,0.392,0.7,0.308,0.392,0.558,0.85,0.4,0.8
799,,0.242,0.55,0.158,0.242,0.408,0.7,0.25,0.65
800,,0.092,0.4,0.008,0.092,0.258,0.55,0.1,0.5
801,,-0.058,0.25,-0.142,-0.058,0.108,0.4,-0.05,0.35
802,3,0.192,0.571,0.858,0.263,0.358,0.579,0.1,0.529
803,3,0.442,0.892,1.0,0.584,0.608,0.758,0.25,0.708
804,,0.292,0.742,0.85,0.434,0.458,0.608,0.1,0.558
805,,0.142,0.592,0.7,0.284,0.308,0.458,-0.05,0.408
806,7,0.392,0.771,0.85,0.463,0.558,0.779,0.95,0.729
807,7,0.642,0.95,1.0,0.642,0.808,1.0,1.0,1.0
808,,0.492,0.8,0.85,0.492,0.658,0.85,0.85,0.85
809,,0.342,0.65,0.7,0.342,0.508,0.7,0.7,0.7
810,,0.192,0.5,0.55,0.192,0.358,0.55,0.55,0.55
811,,0.042,0.35,0.4,0.042,0.208,0.4,0.4,0.4
812,,-0.108,0.2,0.25,-0.108,0.058,0.25,0.25,0.25
813,1,0.892,0.521,0.5,0.071,0.208,0.429,0.5,0.571
814,1,1.0,0.842,0.75,0.25,0.358,0.608,0.75,0.892
815,,0.85,0.692,0.6,0.1,0.208,0.458,0.6,0.742
816,,0.7,0.542,0.45,-0.05,0.058,0.308,0.45,0.592
817,4,0.879,0.792,0.771,0.95,0.379,0.558,0.629,0.742
818,4,1.0,1.0,1.0,1.0,0.7,0.808,0.808,0.892
819,,0.85,0.85,0.85,0.85,0.55,0.658,0.658,0.742
820,,0.7,0.7,0.7,0.7,0.4,0.508,0.508,0.592
821,,0.55,0.55,0.55,0.55,0.25,0.358,0.358,0.442
822,,0.4,0.4,0.4,0.4,0.1,0.208,0.208,0.292
823,,0.25,0.25,0.25,0.25,-0.05,0.058,0.058,0.142
824,5,0.4,0.429,0.5,0.571,0.95,0.379,0.308,0.321
825,5,0.55,0.608,0.75,0.892,1.0,0.7,0.558,0.5
826,,0.4,0.458,0.6,0.742,0.85,0.55,0.408,0.35
827,,0.25,0.308,0.45,0.592,0.7,0.4,0.258,0.2
828,,0.1,0.158,0.3,0.442,0.55,0.25,0.108,0.05
