step,active_motive,motive_1,motive_2,motive_3,motive_4,motive_5,motive_6,motive_7,motive_8
0,,0.93563,0.78534,0.66899,0.58069,0.37228,0.94013,0.97366,0.28392
1,,0.78563,0.63534,0.51899,0.43069,0.22228,0.79013,0.82366,0.13392
2,,0.63563,0.48534,0.36899,0.28069,0.07228,0.64013,0.67366,-0.01608
3,8,0.95663,0.73534,0.54799,0.43069,0.25128,0.89013,0.99466,0.98392
4,8,1.0,0.98534,0.72699,0.58069,0.43028,1.0,1.0,1.0
5,,0.85,0.83534,0.57699,0.43069,0.28028,0.85,0.85,0.85
6,,0.7,0.68534,0.42699,0.28069,0.13028,0.7,0.7,0.7
7,,0.55,0.53534,0.27699,0.13069,-0.01972,0.55,0.55,0.55
8,5,0.7,0.71434,0.52699,0.45169,0.98028,0.871,0.8,0.729
9,5,0.85,0.89334,0.77699,0.77269,1.0,1.0,1.0,0.908
10,,0.7,0.74334,0.62699,0.62269,0.85,0.85,0.85,0.758
11,,0.55,0.59334,0.47699,0.47269,0.7,0.7,0.7,0.608
12,,0.4,0.44334,0.32699,0.32269,0.55,0.55,0.55,0.458
13,,0.25,0.29334,0.17699,0.17269,0.4,0.4,0.4,0.308
14,,0.1,0.14334,0.02699,0.02269,0.25,0.25,0.25,0.158
15,,-0.05,-0.00666,-0.12301,-0.12731,0.1,0.1,0.1,0.008
16,4,0.129,0.24334,0.19799,0.87269,0.421,0.35,0.279,0.158
17,4,0.308,0.49334,0.51899,1.0,0.742,0.6,0.458,0.308
18,,0.158,0.34334,0.36899,0.85,0.592,0.45,0.308,0.158
19,,0.008,0.19334,0.21899,0.7,0.442,0.3,0.158,0.008
20,,-0.142,0.04334,0.06899,0.55,0.292,0.15,0.008,-0.142
21,8,0.179,0.29334,0.24799,0.7,0.471,0.4,0.329,0.858
22,8,0.5,0.54334,0.42699,0.85,0.65,0.65,0.65,1.0
23,,0.35,0.39334,0.27699,0.7,0.5,0.5,0.5,0.85
24,,0.2,0.24334,0.12699,0.55,0.35,0.35,0.35,0.7
25,,0.05,0.09334,-0.02301,0.4,0.2,0.2,0.2,0.55
26,3,0.3,0.41434,0.97699,0.721,0.45,0.379,0.35,0.729
27,3,0.55,0.73534,1.0,1.0,0.7,0.558,0.5,0.908
28,,0.4,0.58534,0.85,0.85,0.55,0.408,0.35,0.758
29,,0.25,0.43534,0.7,0.7,0.4,0.258,0.2,0.608
30,,0.1,0.28534,0.55,0.55,0.25,0.108,0.05,0.458
31,,-0.05,0.13534,0.4,0.4,0.1,-0.042,-0.1,0.308
32,7,0.2,0.31434,0.55,0.579,0.35,0.279,0.9,0.629
33,7,0.45,0.49334,0.7,0.758,0.6,0.6,1.0,0.95
34,,0.3,0.34334,0.55,0.608,0.45,0.45,0.85,0.8
35,,0.15,0.19334,0.4,0.458,0.3,0.3,0.7,0.65
36,,0.0,0.04334,0.25,0.308,0.15,0.15,0.55,0.5
37,,-0.15,-0.10666,0.1,0.158,0.0,0.0,0.4,0.35
38,1,0.85,0.21434,0.35,0.337,0.15,0.179,0.65,0.671
39,1,1.0,0.53534,0.6,0.516,0.3,0.358,0.9,0.992
40,,0.85,0.38534,0.45,0.366,0.15,0.208,0.75,0.842
41,,0.7,0.23534,0.3,0.216,0.0,0.058,0.6,0.692
42,,0.55,0.08534,0.15,0.066,-0.15,-0.092,0.45,0.542
43,5,0.7,0.26434,0.4,0.387,0.85,0.229,0.7,0.721
44,5,0.85,0.44334,0.65,0.708,1.0,0.55,0.95,0.9
45,,0.7,0.29334,0.5,0.558,0.85,0.4,0.8,0.75
46,,0.55,0.14334,0.35,0.408,0.7,0.25,0.65,0.6
47,,0.4,-0.00666,0.2,0.258,0.55,0.1,0.5,0.45
48,2,0.721,0.99334,0.521,0.508,0.729,0.25,0.679,0.7
49,2,1.0,1.0,0.842,0.758,0.908,0.4,0.858,0.95
50,,0.85,0.85,0.692,0.608,0.758,0.25,0.708,0.8
51,,0.7,0.7,0.542,0.458,0.608,0.1,0.558,0.65
52,,0.55,0.55,0.392,0.308,0.458,-0.05,0.408,0.5
53,6,0.729,0.7,0.571,0.558,0.779,0.95,0.729,0.75
54,6,0.908,0.85,0.75,0.808,1.0,1.0,1.0,1.0
55,,0.758,0.7,0.6,0.658,0.85,0.85,0.85,0.85
56,,0.608,0.55,0.45,0.508,0.7,0.7,0.7,0.7
57,,0.458,0.4,0.3,0.358,0.55,0.55,0.55,0.55
58,,0.308,0.25,0.15,0.208,0.4,0.4,0.4,0.4
59,,0.158,0.1,0.0,0.058,0.25,0.25,0.25,0.25
60,,0.008,-0.05,-0.15,-0.092,0.1,0.1,0.1,0.1
61,3,0.258,0.271,0.85,0.229,0.35,0.279,0.25,0.279
62,3,0.508,0.592,1.0,0.55,0.6,0.458,0.4,0.458
63,,0.358,0.442,0.85,0.4,0.45,0.308,0.25,0.308
64,,0.208,0.292,0.7,0.25,0.3,0.158,0.1,0.158
65,,0.058,0.142,0.55,0.1,0.15,0.008,-0.05,0.008
66,7,0.308,0.321,0.7,0.279,0.4,0.329,0.95,0.329
67,7,0.558,0.5,0.85,0.458,0.65,0.65,1.0,0.65
68,,0.408,0.35,0.7,0.308,0.5,0.5,0.85,0.5
69,,0.258,0.2,0.55,0.158,0.35,0.35,0.7,0.35
70,,0.108,0.05,0.4,0.008,0.2,0.2,0.55,0.2
71,,-0.042,-0.1,0.25,-0.142,0.05,0.05,0.4,0.05
72,4,0.137,0.15,0.571,0.858,0.371,0.3,0.579,0.2
73,4,0.316,0.4,0.892,1.0,0.692,0.55,0.758,0.35
74,,0.166,0.25,0.742,0.85,0.542,0.4,0.608,0.2
75,,0.016,0.1,0.592,0.7,0.392,0.25,0.458,0.05
76,,-0.134,-0.05,0.442,0.55,0.242,0.1,0.308,-0.1
77,1,0.866,0.271,0.692,0.729,0.392,0.279,0.558,0.221
78,1,1.0,0.592,0.942,0.908,0.542,0.458,0.808,0.542
79,,0.85,0.442,0.792,0.758,0.392,0.308,0.658,0.392
80,,0.7,0.292,0.642,0.608,0.242,0.158,0.508,0.242
81,,0.55,0.142,0.492,0.458,0.092,0.008,0.358,0.092
82,,0.4,-0.008,0.342,0.308,-0.058,-0.142,0.208,-0.058
83,6,0.579,0.142,0.521,0.558,0.263,0.858,0.529,0.192
84,6,0.758,0.292,0.7,0.808,0.584,1.0,0.85,0.442
85,,0.608,0.142,0.55,0.658,0.434,0.85,0.7,0.292
86,,0.458,-0.008,0.4,0.508,0.284,0.7,0.55,0.142
87,2,0.779,0.992,0.721,0.758,0.463,0.85,0.729,0.392
88,2,1.0,1.0,1.0,1.0,0.642,1.0,0.908,0.642
89,,0.85,0.85,0.85,0.85,0.492,0.85,0.758,0.492
90,,0.7,0.7,0.7,0.7,0.342,0.7,0.608,0.342
91,,0.55,0.55,0.55,0.55,0.192,0.55,0.458,0.192
92,,0.4,0.4,0.4,0.4,0.042,0.4,0.308,0.042
93,,0.25,0.25,0.25,0.25,-0.108,0.25,0.158,-0.108
94,8,0.571,0.5,0.429,0.4,0.071,0.5,0.479,0.892
95,8,0.892,0.75,0.608,0.55,0.25,0.75,0.8,1.0
96,,0.742,0.6,0.458,0.4,0.1,0.6,0.65,0.85
97,,0.592,0.45,0.308,0.25,-0.05,0.45,0.5,0.7
98,5,0.742,0.629,0.558,0.571,0.95,0.771,0.75,0.879
99,5,0.892,0.808,0.808,0.892,1.0,1.0,1.0,1.0
100,,0.742,0.658,0.658,0.742,0.85,0.85,0.85,0.85
101,,0.592,0.508,0.508,0.592,0.7,0.7,0.7,0.7
102,,0.442,0.358,0.358,0.442,0.55,0.55,0.55,0.55
103,,0.292,0.208,0.208,0.292,0.4,0.4,0.4,0.4
104,,0.142,0.058,0.058,0.142,0.25,0.25,0.25,0.25
105,,-0.008,-0.092,-0.092,-0.008,0.1,0.1,0.1,0.1
106,3,0.242,0.229,0.908,0.313,0.35,0.279,0.25,0.279
107,3,0.492,0.55,1.0,0.634,0.6,0.458,0.4,0.458
108,,0.342,0.4,0.85,0.484,0.45,0.308,0.25,0.308
109,,0.192,0.25,0.7,0.334,0.3,0.158,0.1,0.158
110,,0.042,0.1,0.55,0.184,0.15,0.008,-0.05,0.008
111,7,0.292,0.279,0.7,0.363,0.4,0.329,0.95,0.329
112,7,0.542,0.458,0.85,0.542,0.65,0.65,1.0,0.65
113,,0.392,0.308,0.7,0.392,0.5,0.5,0.85,0.5
114,,0.242,0.158,0.55,0.242,0.35,0.35,0.7,0.35
115,,0.092,0.008,0.4,0.092,0.2,0.2,0.55,0.2
116,,-0.058,-0.142,0.25,-0.058,0.05,0.05,0.4,0.05
117,2,0.263,0.858,0.571,0.192,0.229,0.2,0.579,0.3
118,2,0.584,1.0,0.892,0.442,0.408,0.35,0.758,0.55
119,,0.434,0.85,0.742,0.292,0.258,0.2,0.608,0.4
120,,0.284,0.7,0.592,0.142,0.108,0.05,0.458,0.25
121,,0.134,0.55,0.442,-0.008,-0.042,-0.1,0.308,0.1
122,6,0.313,0.7,0.621,0.242,0.279,0.9,0.629,0.35
123,6,0.492,0.85,0.8,0.492,0.6,1.0,0.95,0.6
124,,0.342,0.7,0.65,0.342,0.45,0.85,0.8,0.45
125,,0.192,0.55,0.5,0.192,0.3,0.7,0.65,0.3
126,,0.042,0.4,0.35,0.042,0.15,0.55,0.5,0.15
127,,-0.108,0.25,0.2,-0.108,0.0,0.4,0.35,0.0
128,4,0.071,0.5,0.521,0.892,0.321,0.65,0.529,0.15
129,4,0.25,0.75,0.842,1.0,0.642,0.9,0.708,0.3
130,,0.1,0.6,0.692,0.85,0.492,0.75,0.558,0.15
131,,-0.05,0.45,0.542,0.7,0.342,0.6,0.408,0.0
132,1,0.95,0.771,0.792,0.879,0.492,0.779,0.658,0.321
133,1,1.0,1.0,1.0,1.0,0.642,0.958,0.908,0.642
134,,0.85,0.85,0.85,0.85,0.492,0.808,0.758,0.492
135,,0.7,0.7,0.7,0.7,0.342,0.658,0.608,0.342
136,,0.55,0.55,0.55,0.55,0.192,0.508,0.458,0.192
137,,0.4,0.4,0.4,0.4,0.042,0.358,0.308,0.042
138,,0.25,0.25,0.25,0.25,-0.108,0.208,0.158,-0.108
139,5,0.4,0.429,0.5,0.571,0.892,0.529,0.408,0.071
140,5,0.55,0.608,0.75,0.892,1.0,0.85,0.658,0.25
141,,0.4,0.458,0.6,0.742,0.85,0.7,0.508,0.1
142,,0.25,0.308,0.45,0.592,0.7,0.55,0.358,-0.05
143,8,0.571,0.558,0.629,0.742,0.879,0.8,0.679,0.95
144,8,0.892,0.808,0.808,0.892,1.0,1.0,1.0,1.0
145,,0.742,0.658,0.658,0.742,0.85,0.85,0.85,0.85
146,,0.592,0.508,0.508,0.592,0.7,0.7,0.7,0.7
147,,0.442,0.358,0.358,0.442,0.55,0.55,0.55,0.55
148,,0.292,0.208,0.208,0.292,0.4,0.4,0.4,0.4
149,,0.142,0.058,0.058,0.142,0.25,0.25,0.25,0.25
150,,-0.008,-0.092,-0.092,-0.008,0.1,0.1,0.1,0.1
151,3,0.242,0.229,0.908,0.313,0.35,0.279,0.25,0.279
152,3,0.492,0.55,1.0,0.634,0.6,0.458,0.4,0.458
153,,0.342,0.4,0.85,0.484,0.45,0.308,0.25,0.308
154,,0.192,0.25,0.7,0.334,0.3,0.158,0.1,0.158
155,,0.042,0.1,0.55,0.184,0.15,0.008,-0.05,0.008
156,7,0.292,0.279,0.7,0.363,0.4,0.329,0.95,0.329
157,7,0.542,0.458,0.85,0.542,0.65,0.65,1.0,0.65
158,,0.392,0.308,0.7,0.392,0.5,0.5,0.85,0.5
159,,0.242,0.158,0.55,0.242,0.35,0.35,0.7,0.35
160,,0.092,0.008,0.4,0.092,0.2,0.2,0.55,0.2
161,,-0.058,-0.142,0.25,-0.058,0.05,0.05,0.4,0.05
162,2,0.263,0.858,0.571,0.192,0.229,0.2,0.579,0.3
163,2,0.584,1.0,0.892,0.442,0.408,0.35,0.758,0.55
164,,0.434,0.85,0.742,0.292,0.258,0.2,0.608,0.4
165,,0.284,0.7,0.592,0.142,0.108,0.05,0.458,0.25
166,,0.134,0.55,0.442,-0.008,-0.042,-0.1,0.308,0.1
167,6,0.313,0.7,0.621,0.242,0.279,0.9,0.629,0.35
168,6,0.492,0.85,0.8,0.492,0.6,1.0,0.95,0.6
169,,0.342,0.7,0.65,0.342,0.45,0.85,0.8,0.45
170,,0.192,0.55,0.5,0.192,0.3,0.7,0.65,0.3
171,,0.042,0.4,0.35,0.042,0.15,0.55,0.5,0.15
172,,-0.108,0.25,0.2,-0.108,0.0,0.4,0.35,0.0
173,1,0.892,0.571,0.45,0.071,0.15,0.579,0.6,0.321
174,1,1.0,0.892,0.7,0.25,0.3,0.758,0.85,0.642
175,,0.85,0.742,0.55,0.1,0.15,0.608,0.7,0.492
176,,0.7,0.592,0.4,-0.05,0.0,0.458,0.55,0.342
177,4,0.879,0.842,0.721,0.95,0.321,0.708,0.729,0.492
178,4,1.0,1.0,1.0,1.0,0.642,0.958,0.908,0.642
179,,0.85,0.85,0.85,0.85,0.492,0.808,0.758,0.492
180,,0.7,0.7,0.7,0.7,0.342,0.658,0.608,0.342
181,,0.55,0.55,0.55,0.55,0.192,0.508,0.458,0.192
182,,0.4,0.4,0.4,0.4,0.042,0.358,0.308,0.042
183,,0.25,0.25,0.25,0.25,-0.108,0.208,0.158,-0.108
184,5,0.4,0.429,0.5,0.571,0.892,0.529,0.408,0.071
185,5,0.55,0.608,0.75,0.892,1.0,0.85,0.658,0.25
186,,0.4,0.458,0.6,0.742,0.85,0.7,0.508,0.1
187,,0.25,0.308,0.45,0.592,0.7,0.55,0.358,-0.05
188,8,0.571,0.558,0.629,0.742,0.879,0.8,0.679,0.95
189,8,0.892,0.808,0.808,0.892,1.0,1.0,1.0,1.0
190,,0.742,0.658,0.658,0.742,0.85,0.85,0.85,0.85
191,,0.592,0.508,0.508,0.592,0.7,0.7,0.7,0.7
192,,0.442,0.358,0.358,0.442,0.55,0.55,0.55,0.55
193,,0.292,0.208,0.208,0.292,0.4,0.4,0.4,0.4
194,,0.142,0.058,0.058,0.142,0.25,0.25,0.25,0.25
195,,-0.008,-0.092,-0.092,-0.008,0.1,0.1,0.1,0.1
196,3,0.242,0.229,0.908,0.313,0.35,0.279,0.25,0.279
197,3,0.492,0.55,1.0,0.634,0.6,0.458,0.4,0.458
198,,0.342,0.4,0.85,0.484,0.45,0.308,0.25,0.308
199,,0.192,0.25,0.7,0.334,0.3,0.158,0.1,0.158
200,,0.042,0.1,0.55,0.184,0.15,0.008,-0.05,0.008
201,7,0.292,0.279,0.7,0.363,0.4,0.329,0.95,0.329
202,7,0.542,0.458,0.85,0.542,0.65,0.65,1.0,0.65
203,,0.392,0.308,0.7,0.392,0.5,0.5,0.85,0.5
204,,0.242,0.158,0.55,0.242,0.35,0.35,0.7,0.35
205,,0.092,0.008,0.4,0.092,0.2,0.2,0.55,0.2
206,,-0.058,-0.142,0.25,-0.058,0.05,0.05,0.4,0.05
207,2,0.263,0.858,0.571,0.192,0.229,0.2,0.579,0.3
208,2,0.584,1.0,0.892,0.442,0.408,0.35,0.758,0.55
209,,0.434,0.85,0.742,0.292,0.258,0.2,0.608,0.4
210,,0.284,0.7,0.592,0.142,0.108,0.05,0.458,0.25
211,,0.134,0.55,0.442,-0.008,-0.042,-0.1,0.308,0.1
212,6,0.313,0.7,0.621,0.242,0.279,0.9,0.629,0.35
213,6,0.492,0.85,0.8,0.492,0.6,1.0,0.95,0.6
214,,0.342,0.7,0.65,0.342,0.45,0.85,0.8,0.45
215,,0.192,0.55,0.5,0.192,0.3,0.7,0.65,0.3
216,,0.042,0.4,0.35,0.042,0.15,0.55,0.5,0.15
217,,-0.108,0.25,0.2,-0.108,0.0,0.4,0.35,0.0
218,1,0.892,0.571,0.45,0.071,0.15,0.579,0.6,0.321
219,1,1.0,0.892,0.7,0.25,0.3,0.758,0.85,0.642
220,,0.85,0.742,0.55,0.1,0.15,0.608,0.7,0.492
221,,0.7,0.592,0.4,-0.05,0.0,0.458,0.55,0.342
222,4,0.879,0.842,0.721,0.95,0.321,0.708,0.729,0.492
223,4,1.0,1.0,1.0,1.0,0.642,0.958,0.908,0.642
224,,0.85,0.85,0.85,0.85,0.492,0.808,0.758,0.492
225,,0.7,0.7,0.7,0.7,0.342,0.658,0.608,0.342
226,,0.55,0.55,0.55,0.55,0.192,0.508,0.458,0.192
227,,0.4,0.4,0.4,0.4,0.042,0.358,0.308,0.042
228,,0.25,0.25,0.25,0.25,-0.108,0.208,0.158,-0.108
229,8,0.571,0.5,0.429,0.4,0.071,0.458,0.479,0.892
230,8,0.892,0.75,0.608,0.55,0.25,0.708,0.8,1.0
231,,0.742,0.6,0.458,0.4,0.1,0.558,0.65,0.85
232,,0.592,0.45,0.308,0.25,-0.05,0.408,0.5,0.7
233,5,0.742,0.629,0.558,0.571,0.95,0.729,0.75,0.879
234,5,0.892,0.808,0.808,0.892,1.0,1.0,1.0,1.0
235,,0.742,0.658,0.658,0.742,0.85,0.85,0.85,0.85
236,,0.592,0.508,0.508,0.592,0.7,0.7,0.7,0.7
237,,0.442,0.358,0.358,0.442,0.55,0.55,0.55,0.55
238,,0.292,0.208,0.208,0.292,0.4,0.4,0.4,0.4
239,,0.142,0.058,0.058,0.142,0.25,0.25,0.25,0.25
240,,-0.008,-0.092,-0.092,-0.008,0.1,0.1,0.1,0.1
241,2,0.313,0.908,0.229,0.242,0.279,0.25,0.279,0.35
242,2,0.634,1.0,0.55,0.492,0.458,0.4,0.458,0.6
243,,0.484,0.85,0.4,0.342,0.308,0.25,0.308,0.45
244,,0.334,0.7,0.25,0.192,0.158,0.1,0.158,0.3
245,,0.184,0.55,0.1,0.042,0.008,-0.05,0.008,0.15
246,6,0.363,0.7,0.279,0.292,0.329,0.95,0.329,0.4
247,6,0.542,0.85,0.458,0.542,0.65,1.0,0.65,0.65
248,,0.392,0.7,0.308,0.392,0.5,0.85,0.5,0.5
249,,0.242,0.55,0.158,0.242,0.35,0.7,0.35,0.35
250,,0.092,0.4,0.008,0.092,0.2,0.55,0.2,0.2
251,,-0.058,0.25,-0.142,-0.058,0.05,0.4,0.05,0.05
252,3,0.192,0.571,0.858,0.263,0.3,0.579,0.2,0.229
253,3,0.442,0.892,1.0,0.584,0.55,0.758,0.35,0.408
254,,0.292,0.742,0.85,0.434,0.4,0.608,0.2,0.258
255,,0.142,0.592,0.7,0.284,0.25,0.458,0.05,0.108
256,,-0.008,0.442,0.55,0.134,0.1,0.308,-0.1,-0.042
257,7,0.242,0.621,0.7,0.313,0.35,0.629,0.9,0.279
258,7,0.492,0.8,0.85,0.492,0.6,0.95,1.0,0.6
259,,0.342,0.65,0.7,0.342,0.45,0.8,0.85,0.45
260,,0.192,0.5,0.55,0.192,0.3,0.65,0.7,0.3
261,,0.042,0.35,0.4,0.042,0.15,0.5,0.55,0.15
262,,-0.108,0.2,0.25,-0.108,0.0,0.35,0.4,0.0
263,4,0.071,0.45,0.571,0.892,0.321,0.6,0.579,0.15
264,4,0.25,0.7,0.892,1.0,0.642,0.85,0.758,0.3
265,,0.1,0.55,0.742,0.85,0.492,0.7,0.608,0.15
266,,-0.05,0.4,0.592,0.7,0.342,0.55,0.458,0.0
267,1,0.95,0.721,0.842,0.879,0.492,0.729,0.708,0.321
268,1,1.0,1.0,1.0,1.0,0.642,0.908,0.958,0.642
269,,0.85,0.85,0.85,0.85,0.492,0.758,0.808,0.492
270,,0.7,0.7,0.7,0.7,0.342,0.608,0.658,0.342
271,,0.55,0.55,0.55,0.55,0.192,0.458,0.508,0.192
272,,0.4,0.4,0.4,0.4,0.042,0.308,0.358,0.042
273,,0.25,0.25,0.25,0.25,-0.108,0.158,0.208,-0.108
274,5,0.4,0.429,0.5,0.571,0.892,0.479,0.458,0.071
275,5,0.55,0.608,0.75,0.892,1.0,0.8,0.708,0.25
276,,0.4,0.458,0.6,0.742,0.85,0.65,0.558,0.1
277,,0.25,0.308,0.45,0.592,0.7,0.5,0.408,-0.05
278,8,0.571,0.558,0.629,0.742,0.879,0.75,0.729,0.95
279,8,0.892,0.808,0.808,0.892,1.0,1.0,1.0,1.0
280,,0.742,0.658,0.658,0.742,0.85,0.85,0.85,0.85
281,,0.592,0.508,0.508,0.592,0.7,0.7,0.7,0.7
282,,0.442,0.358,0.358,0.442,0.55,0.55,0.55,0.55
283,,0.292,0.208,0.208,0.292,0.4,0.4,0.4,0.4
284,,0.142,0.058,0.058,0.142,0.25,0.25,0.25,0.25
285,,-0.008,-0.092,-0.092,-0.008,0.1,0.1,0.1,0.1
286,3,0.242,0.229,0.908,0.313,0.35,0.279,0.25,0.279
287,3,0.492,0.55,1.0,0.634,0.6,0.458,0.4,0.458
288,,0.342,0.4,0.85,0.484,0.45,0.308,0.25,0.308
289,,0.192,0.25,0.7,0.334,0.3,0.158,0.1,0.158
290,,0.042,0.1,0.55,0.184,0.15,0.008,-0.05,0.008
291,7,0.292,0.279,0.7,0.363,0.4,0.329,0.95,0.329
292,7,0.542,0.458,0.85,0.542,0.65,0.65,1.0,0.65
293,,0.392,0.308,0.7,0.392,0.5,0.5,0.85,0.5
294,,0.242,0.158,0.55,0.242,0.35,0.35,0.7,0.35
295,,0.092,0.008,0.4,0.092,0.2,0.2,0.55,0.2
296,,-0.058,-0.142,0.25,-0.058,0.05,0.05,0.4,0.05
297,2,0.263,0.858,0.571,0.192,0.229,0.2,0.579,0.3
298,2,0.584,1.0,0.892,0.442,0.408,0.35,0.758,0.55
299,,0.434,0.85,0.742,0.292,0.258,0.2,0.608,0.4
300,,0.284,0.7,0.592,0.142,0.108,0.05,0.458,0.25
301,,0.134,0.55,0.442,-0.008,-0.042,-0.1,0.308,0.1
302,6,0.313,0.7,0.621,0.242,0.279,0.9,0.629,0.35
303,6,0.492,0.85,0.8,0.492,0.6,1.0,0.95,0.6
304,,0.342,0.7,0.65,0.342,0.45,0.85,0.8,0.45
305,,0.192,0.55,0.5,0.192,0.3,0.7,0.65,0.3
306,,0.042,0.4,0.35,0.042,0.15,0.55,0.5,0.15
307,,-0.108,0.25,0.2,-0.108,0.0,0.4,0.35,0.0
308,4,0.071,0.5,0.521,0.892,0.321,0.65,0.529,0.15
309,4,0.25,0.75,0.842,1.0,0.642,0.9,0.708,0.3
310,,0.1,0.6,0.692,0.85,0.492,0.75,0.558,0.15
311,,-0.05,0.45,0.542,0.7,0.342,0.6,0.408,0.0
312,1,0.95,0.771,0.792,0.879,0.492,0.779,0.658,0.321
313,1,1.0,1.0,1.0,1.0,0.642,0.958,0.908,0.642
314,,0.85,0.85,0.85,0.85,0.492,0.808,0.758,0.492
315,,0.7,0.7,0.7,0.7,0.342,0.658,0.608,0.342
316,,0.55,0.55,0.55,0.55,0.192,0.508,0.458,0.192
317,,0.4,0.4,0.4,0.4,0.042,0.358,0.308,0.042
318,,0.25,0.25,0.25,0.25,-0.108,0.208,0.158,-0.108
319,8,0.571,0.5,0.429,0.4,0.071,0.458,0.479,0.892
320,8,0.892,0.75,0.608,0.55,0.25,0.708,0.8,1.0
321,,0.742,0.6,0.458,0.4,0.1,0.558,0.65,0.85
322,,0.592,0.45,0.308,0.25,-0.05,0.408,0.5,0.7
323,5,0.742,0.629,0.558,0.571,0.95,0.729,0.75,0.879
324,5,0.892,0.808,0.808,0.892,1.0,1.0,1.0,1.0
325,,0.742,0.658,0.658,0.742,0.85,0.85,0.85,0.85
326,,0.592,0.508,0.508,0.592,0.7,0.7,0.7,0.7
327,,0.442,0.358,0.358,0.442,0.55,0.55,0.55,0.55
328,,0.292,0.208,0.208,0.292,0.4,0.4,0.4,0.4
329,,0.142,0.058,0.058,0.142,0.25,0.25,0.25,0.25
330,,-0.008,-0.092,-0.092,-0.008,0.1,0.1,0.1,0.1
331,3,0.242,0.229,0.908,0.313,0.35,0.279,0.25,0.279
332,3,0.492,0.55,1.0,0.634,0.6,0.458,0.4,0.458
333,,0.342,0.4,0.85,0.484,0.45,0.308,0.25,0.308
334,,0.192,0.25,0.7,0.334,0.3,0.158,0.1,0.158
335,,0.042,0.1,0.55,0.184,0.15,0.008,-0.05,0.008
336,7,0.292,0.279,0.7,0.363,0.4,0.329,0.95,0.329
337,7,0.542,0.458,0.85,0.542,0.65,0.65,1.0,0.65
338,,0.392,0.308,0.7,0.392,0.5,0.5,0.85,0.5
339,,0.242,0.158,0.55,0.242,0.35,0.35,0.7,0.35
340,,0.092,0.008,0.4,0.092,0.2,0.2,0.55,0.2
341,,-0.058,-0.142,0.25,-0.058,0.05,0.05,0.4,0.05
342,2,0.263,0.858,0.571,0.192,0.229,0.2,0.579,0.3
343,2,0.584,1.0,0.892,0.442,0.408,0.35,0.758,0.55
344,,0.434,0.85,0.742,0.292,0.258,0.2,0.608,0.4
345,,0.284,0.7,0.592,0.142,0.108,0.05,0.458,0.25
346,,0.134,0.55,0.442,-0.008,-0.042,-0.1,0.308,0.1
347,6,0.313,0.7,0.621,0.242,0.279,0.9,0.629,0.35
348,6,0.492,0.85,0.8,0.492,0.6,1.0,0.95,0.6
349,,0.342,0.7,0.65,0.342,0.45,0.85,0.8,0.45
350,,0.192,0.55,0.5,0.192,0.3,0.7,0.65,0.3
351,,0.042,0.4,0.35,0.042,0.15,0.55,0.5,0.15
352,,-0.108,0.25,0.2,-0.108,0.0,0.4,0.35,0.0
353,4,0.071,0.5,0.521,0.892,0.321,0.65,0.529,0.15
354,4,0.25,0.75,0.842,1.0,0.642,0.9,0.708,0.3
355,,0.1,0.6,0.692,0.85,0.492,0.75,0.558,0.15
356,,-0.05,0.45,0.542,0.7,0.342,0.6,0.408,0.0
357,1,0.95,0.771,0.792,0.879,0.492,0.779,0.658,0.321
358,1,1.0,1.0,1.0,1.0,0.642,0.958,0.908,0.642
359,,0.85,0.85,0.85,0.85,0.492,0.808,0.758,0.492
360,,0.7,0.7,0.7,0.7,0.342,0.658,0.608,0.342
361,,0.55,0.55,0.55,0.55,0.192,0.508,0.458,0.192
362,,0.4,0.4,0.4,0.4,0.042,0.358,0.308,0.042
363,,0.25,0.25,0.25,0.25,-0.108,0.208,0.158,-0.108
364,5,0.4,0.429,0.5,0.571,0.892,0.529,0.408,0.071
365,5,0.55,0.608,0.75,0.892,1.0,0.85,0.658,0.25
366,,0.4,0.458,0.6,0.742,0.85,0.7,0.508,0.1
367,,0.25,0.308,0.45,0.592,0.7,0.55,0.358,-0.05
368,8,0.571,0.558,0.629,0.742,0.879,0.8,0.679,0.95
369,8,0.892,0.808,0.808,0.892,1.0,1.0,1.0,1.0
370,,0.742,0.658,0.658,0.742,0.85,0.85,0.85,0.85
371,,0.592,0.508,0.508,0.592,0.7,0.7,0.7,0.7
372,,0.442,0.358,0.358,0.442,0.55,0.55,0.55,0.55
373,,0.292,0.208,0.208,0.292,0.4,0.4,0.4,0.4
374,,0.142,0.058,0.058,0.142,0.25,0.25,0.25,0.25
375,,-0.008,-0.092,-0.092,-0.008,0.1,0.1,0.1,0.1
376,2,0.313,0.908,0.229,0.242,0.279,0.25,0.279,0.35
377,2,0.634,1.0,0.55,0.492,0.458,0.4,0.458,0.6
378,,0.484,0.85,0.4,0.342,0.308,0.25,0.308,0.45
379,,0.334,0.7,0.25,0.192,0.158,0.1,0.158,0.3
380,,0.184,0.55,0.1,0.042,0.008,-0.05,0.008,0.15
381,6,0.363,0.7,0.279,0.292,0.329,0.95,0.329,0.4
382,6,0.542,0.85,0.458,0.542,0.65,1.0,0.65,0.65
383,,0.392,0.7,0.308,0.392,0.5,0.85,0.5,0.5
384,,0.242,0.55,0.158,0.242,0.35,0.7,0.35,0.35
385,,0.092,0.4,0.008,0.092,0.2,0.55,0.2,0.2
386,,-0.058,0.25,-0.142,-0.058,0.05,0.4,0.05,0.05
387,3,0.192,0.571,0.858,0.263,0.3,0.579,0.2,0.229
388,3,0.442,0.892,1.0,0.584,0.55,0.758,0.35,0.408
389,,0.292,0.742,0.85,0.434,0.4,0.608,0.2,0.258
390,,0.142,0.592,0.7,0.284,0.25,0.458,0.05,0.108
391,,-0.008,0.442,0.55,0.134,0.1,0.308,-0.1,-0.042
392,7,0.242,0.621,0.7,0.313,0.35,0.629,0.9,0.279
393,7,0.492,0.8,0.85,0.492,0.6,0.95,1.0,0.6
394,,0.342,0.65,0.7,0.342,0.45,0.8,0.85,0.45
395,,0.192,0.5,0.55,0.192,0.3,0.65,0.7,0.3
396,,0.042,0.35,0.4,0.042,0.15,0.5,0.55,0.15
397,,-0.108,0.2,0.25,-0.108,0.0,0.35,0.4,0.0
398,1,0.892,0.521,0.5,0.071,0.15,0.529,0.65,0.321
399,1,1.0,0.842,0.75,0.25,0.3,0.708,0.9,0.642
400,,0.85,0.692,0.6,0.1,0.15,0.558,0.75,0.492
401,,0.7,0.542,0.45,-0.05,0.0,0.408,0.6,0.342
402,4,0.879,0.792,0.771,0.95,0.321,0.658,0.779,0.492
403,4,1.0,1.0,1.0,1.0,0.642,0.908,0.958,0.642
404,,0.85,0.85,0.85,0.85,0.492,0.758,0.808,0.492
405,,0.7,0.7,0.7,0.7,0.342,0.608,0.658,0.342
406,,0.55,0.55,0.55,0.55,0.192,0.458,0.508,0.192
407,,0.4,0.4,0.4,0.4,0.042,0.308,0.358,0.042
408,,0.25,0.25,0.25,0.25,-0.108,0.158,0.208,-0.108
409,8,0.571,0.5,0.429,0.4,0.071,0.408,0.529,0.892
410,8,0.892,0.75,0.608,0.55,0.25,0.658,0.85,1.0
411,,0.742,0.6,0.458,0.4,0.1,0.508,0.7,0.85
412,,0.592,0.45,0.308,0.25,-0.05,0.358,0.55,0.7
413,5,0.742,0.629,0.558,0.571,0.95,0.679,0.8,0.879
414,5,0.892,0.808,0.808,0.892,1.0,1.0,1.0,1.0
415,,0.742,0.658,0.658,0.742,0.85,0.85,0.85,0.85
416,,0.592,0.508,0.508,0.592,0.7,0.7,0.7,0.7
417,,0.442,0.358,0.358,0.442,0.55,0.55,0.55,0.55
418,,0.292,0.208,0.208,0.292,0.4,0.4,0.4,0.4
419,,0.142,0.058,0.058,0.142,0.25,0.25,0.25,0.25
420,,-0.008,-0.092,-0.092,-0.008,0.1,0.1,0.1,0.1
421,2,0.313,0.908,0.229,0.242,0.279,0.25,0.279,0.35
422,2,0.634,1.0,0.55,0.492,0.458,0.4,0.458,0.6
423,,0.484,0.85,0.4,0.342,0.308,0.25,0.308,0.45
424,,0.334,0.7,0.25,0.192,0.158,0.1,0.158,0.3
425,,0.184,0.55,0.1,0.042,0.008,-0.05,0.008,0.15
426,6,0.363,0.7,0.279,0.292,0.329,0.95,0.329,0.4
427,6,0.542,0.85,0.458,0.542,0.65,1.0,0.65,0.65
428,,0.392,0.7,0.308,0.392,0.5,0.85,0.5,0.5
429,,0.242,0.55,0.158,0.242,0.35,0.7,0.35,0.35
430,,0.092,0.4,0.008,0.092,0.2,0.55,0.2,0.2
431,,-0.058,0.25,-0.142,-0.058,0.05,0.4,0.05,0.05
432,3,0.192,0.571,0.858,0.263,0.3,0.579,0.2,0.229
433,3,0.442,0.892,1.0,0.584,0.55,0.758,0.35,0.408
434,,0.292,0.742,0.85,0.434,0.4,0.608,0.2,0.258
435,,0.142,0.592,0.7,0.284,0.25,0.458,0.05,0.108
436,,-0.008,0.442,0.55,0.134,0.1,0.308,-0.1,-0.042
437,7,0.242,0.621,0.7,0.313,0.35,0.629,0.9,0.279
438,7,0.492,0.8,0.85,0.492,0.6,0.95,1.0,0.6
439,,0.342,0.65,0.7,0.342,0.45,0.8,0.85,0.45
440,,0.192,0.5,0.55,0.192,0.3,0.65,0.7,0.3
441,,0.042,0.35,0.4,0.042,0.15,0.5,0.55,0.15
442,,-0.108,0.2,0.25,-0.108,0.0,0.35,0.4,0.0
443,4,0.071,0.45,0.571,0.892,0.321,0.6,0.579,0.15
444,4,0.25,0.7,0.892,1.0,0.642,0.85,0.758,0.3
445,,0.1,0.55,0.742,0.85,0.492,0.7,0.608,0.15
446,,-0.05,0.4,0.592,0.7,0.342,0.55,0.458,0.0
447,1,0.95,0.721,0.842,0.879,0.492,0.729,0.708,0.321
448,1,1.0,1.0,1.0,1.0,0.642,0.908,0.958,0.642
449,,0.85,0.85,0.85,0.85,0.492,0.758,0.808,0.492
450,,0.7,0.7,0.7,0.7,0.342,0.608,0.658,0.342
451,,0.55,0.55,0.55,0.55,0.192,0.458,0.508,0.192
452,,0.4,0.4,0.4,0.4,0.042,0.308,0.358,0.042
453,,0.25,0.25,0.25,0.25,-0.108,0.158,0.208,-0.108
454,8,0.571,0.5,0.429,0.4,0.071,0.408,0.529,0.892
455,8,0.892,0.75,0.608,0.55,0.25,0.658,0.85,1.0
456,,0.742,0.6,0.458,0.4,0.1,0.508,0.7,0.85
457,,0.592,0.45,0.308,0.25,-0.05,0.358,0.55,0.7
458,5,0.742,0.629,0.558,0.571,0.95,0.679,0.8,0.879
459,5,0.892,0.808,0.808,0.892,1.0,1.0,1.0,1.0
460,,0.742,0.658,0.658,0.742,0.85,0.85,0.85,0.85
461,,0.592,0.508,0.508,0.592,0.7,0.7,0.7,0.7
462,,0.442,0.358,0.358,0.442,0.55,0.55,0.55,0.55
463,,0.292,0.208,0.208,0.292,0.4,0.4,0.4,0.4
464,,0.142,0.058,0.058,0.142,0.25,0.25,0.25,0.25
465,,-0.008,-0.092,-0.092,-0.008,0.1,0.1,0.1,0.1
466,2,0.313,0.908,0.229,0.242,0.279,0.25,0.279,0.35
467,2,0.634,1.0,0.55,0.492,0.458,0.4,0.458,0.6
468,,0.484,0.85,0.4,0.342,0.308,0.25,0.308,0.45
469,,0.334,0.7,0.25,0.192,0.158,0.1,0.158,0.3
470,,0.184,0.55,0.1,0.042,0.008,-0.05,0.008,0.15
471,6,0.363,0.7,0.279,0.292,0.329,0.95,0.329,0.4
472,6,0.542,0.85,0.458,0.542,0.65,1.0,0.65,0.65
473,,0.392,0.7,0.308,0.392,0.5,0.85,0.5,0.5
474,,0.242,0.55,0.158,0.242,0.35,0.7,0.35,0.35
475,,0.092,0.4,0.008,0.092,0.2,0.55,0.2,0.2
476,,-0.058,0.25,-0.142,-0.058,0.05,0.4,0.05,0.05
477,3,0.192,0.571,0.858,0.263,0.3,0.579,0.2,0.229
478,3,0.442,0.892,1.0,0.584,0.55,0.758,0.35,0.408
479,,0.292,0.742,0.85,0.434,0.4,0.608,0.2,0.258
480,,0.142,0.592,0.7,0.284,0.25,0.458,0.05,0.108
481,,-0.008,0.442,0.55,0.134,0.1,0.308,-0.1,-0.042
482,7,0.242,0.621,0.7,0.313,0.35,0.629,0.9,0.279
483,7,0.492,0.8,0.85,0.492,0.6,0.95,1.0,0.6
484,,0.342,0.65,0.7,0.342,0.45,0.8,0.85,0.45
485,,0.192,0.5,0.55,0.192,0.3,0.65,0.7,0.3
486,,0.042,0.35,0.4,0.042,0.15,0.5,0.55,0.15
487,,-0.108,0.2,0.25,-0.108,0.0,0.35,0.4,0.0
488,1,0.892,0.521,0.5,0.071,0.15,0.529,0.65,0.321
489,1,1.0,0.842,0.75,0.25,0.3,0.708,0.9,0.642
490,,0.85,0.692,0.6,0.1,0.15,0.558,0.75,0.492
491,,0.7,0.542,0.45,-0.05,0.0,0.408,0.6,0.342
492,4,0.879,0.792,0.771,0.95,0.321,0.658,0.779,0.492
493,4,1.0,1.0,1.0,1.0,0.642,0.908,0.958,0.642
494,,0.85,0.85,0.85,0.85,0.492,0.758,0.808,0.492
495,,0.7,0.7,0.7,0.7,0.342,0.608,0.658,0.342
496,,0.55,0.55,0.55,0.55,0.192,0.458,0.508,0.192
497,,0.4,0.4,0.4,0.4,0.042,0.308,0.358,0.042
498,,0.25,0.25,0.25,0.25,-0.108,0.158,0.208,-0.108
499,8,0.571,0.5,0.429,0.4,0.071,0.408,0.529,0.892
500,8,0.892,0.75,0.608,0.55,0.25,0.658,0.85,1.0
501,,0.742,0.6,0.458,0.4,0.1,0.508,0.7,0.85
502,,0.592,0.45,0.308,0.25,-0.05,0.358,0.55,0.7
503,5,0.742,0.629,0.558,0.571,0.95,0.679,0.8,0.879
504,5,0.892,0.808,0.808,0.892,1.0,1.0,1.0,1.0
505,,0.742,0.658,0.658,0.742,0.85,0.85,0.85,0.85
506,,0.592,0.508,0.508,0.592,0.7,0.7,0.7,0.7
507,,0.442,0.358,0.358,0.442,0.55,0.55,0.55,0.55
508,,0.292,0.208,0.208,0.292,0.4,0.4,0.4,0.4
509,,0.142,0.058,0.058,0.142,0.25,0.25,0.25,0.25
510,,-0.008,-0.092,-0.092,-0.008,0.1,0.1,0.1,0.1
511,2,0.313,0.908,0.229,0.242,0.279,0.25,0.279,0.35
512,2,0.634,1.0,0.55,0.492,0.458,0.4,0.458,0.6
513,,0.484,0.85,0.4,0.342,0.308,0.25,0.308,0.45
514,,0.334,0.7,0.25,0.192,0.158,0.1,0.158,0.3
515,,0.184,0.55,0.1,0.042,0.008,-0.05,0.008,0.15
516,6,0.363,0.7,0.279,0.292,0.329,0.95,0.329,0.4
517,6,0.542,0.85,0.458,0.542,0.65,1.0,0.65,0.65
518,,0.392,0.7,0.308,0.392,0.5,0.85,0.5,0.5
519,,0.242,0.55,0.158,0.242,0.35,0.7,0.35,0.35
520,,0.092,0.4,0.008,0.092,0.2,0.55,0.2,0.2
521,,-0.058,0.25,-0.142,-0.058,0.05,0.4,0.05,0.05
522,3,0.192,0.571,0.858,0.263,0.3,0.579,0.2,0.229
523,3,0.442,0.892,1.0,0.584,0.55,0.758,0.35,0.408
524,,0.292,0.742,0.85,0.434,0.4,0.608,0.2,0.258
525,,0.142,0.592,0.7,0.284,0.25,0.458,0.05,0.108
526,,-0.008,0.442,0.55,0.134,0.1,0.308,-0.1,-0.042
527,7,0.242,0.621,0.7,0.313,0.35,0.629,0.9,0.279
528,7,0.492,0.8,0.85,0.492,0.6,0.95,1.0,0.6
529,,0.342,0.65,0.7,0.342,0.45,0.8,0.85,0.45
530,,0.192,0.5,0.55,0.192,0.3,0.65,0.7,0.3
531,,0.042,0.35,0.4,0.042,0.15,0.5,0.55,0.15
532,,-0.108,0.2,0.25,-0.108,0.0,0.35,0.4,0.0
533,4,0.071,0.45,0.571,0.892,0.321,0.6,0.579,0.15
534,4,0.25,0.7,0.892,1.0,0.642,0.85,0.758,0.3
535,,0.1,0.55,0.742,0.85,0.492,0.7,0.608,0.15
536,,-0.05,0.4,0.592,0.7,0.342,0.55,0.458,0.0
537,1,0.95,0.721,0.842,0.879,0.492,0.729,0.708,0.321
538,1,1.0,1.0,1.0,1.0,0.642,0.908,0.958,0.642
539,,0.85,0.85,0.85,0.85,0.492,0.758,0.808,0.492
540,,0.7,0.7,0.7,0.7,0.342,0.608,0.658,0.342
541,,0.55,0.55,0.55,0.55,0.192,0.458,0.508,0.192
542,,0.4,0.4,0.4,0.4,0.042,0.308,0.358,0.042
543,,0.25,0.25,0.25,0.25,-0.108,0.158,0.208,-0.108
544,8,0.571,0.5,0.429,0.4,0.071,0.408,0.529,0.892
545,8,0.892,0.75,0.608,0.55,0.25,0.658,0.85,1.0
546,,0.742,0.6,0.458,0.4,0.1,0.508,0.7,0.85
547,,0.592,0.45,0.308,0.25,-0.05,0.358,0.55,0.7
548,5,0.742,0.629,0.558,0.571,0.95,0.679,0.8,0.879
549,5,0.892,0.808,0.808,0.892,1.0,1.0,1.0,1.0
550,,0.742,0.658,0.658,0.742,0.85,0.85,0.85,0.85
551,,0.592,0.508,0.508,0.592,0.7,0.7,0.7,0.7
552,,0.442,0.358,0.358,0.442,0.55,0.55,0.55,0.55
553,,0.292,0.208,0.208,0.292,0.4,0.4,0.4,0.4
554,,0.142,0.058,0.058,0.142,0.25,0.25,0.25,0.25
555,,-0.008,-0.092,-0.092,-0.008,0.1,0.1,0.1,0.1
556,3,0.242,0.229,0.908,0.313,0.35,0.279,0.25,0.279
557,3,0.492,0.55,1.0,0.634,0.6,0.458,0.4,0.458
558,,0.342,0.4,0.85,0.484,0.45,0.308,0.25,0.308
559,,0.192,0.25,0.7,0.334,0.3,0.158,0.1,0.158
560,,0.042,0.1,0.55,0.184,0.15,0.008,-0.05,0.008
561,7,0.292,0.279,0.7,0.363,0.4,0.329,0.95,0.329
562,7,0.542,0.458,0.85,0.542,0.65,0.65,1.0,0.65
563,,0.392,0.308,0.7,0.392,0.5,0.5,0.85,0.5
564,,0.242,0.158,0.55,0.242,0.35,0.35,0.7,0.35
565,,0.092,0.008,0.4,0.092,0.2,0.2,0.55,0.2
566,,-0.058,-0.142,0.25,-0.058,0.05,0.05,0.4,0.05
567,2,0.263,0.858,0.571,0.192,0.229,0.2,0.579,0.3
568,2,0.584,1.0,0.892,0.442,0.408,0.35,0.758,0.55
569,,0.434,0.85,0.742,0.292,0.258,0.2,0.608,0.4
570,,0.284,0.7,0.592,0.142,0.108,0.05,0.458,0.25
571,,0.134,0.55,0.442,-0.008,-0.042,-0.1,0.308,0.1
572,6,0.313,0.7,0.621,0.242,0.279,0.9,0.629,0.35
573,6,0.492,0.85,0.8,0.492,0.6,1.0,0.95,0.6
574,,0.342,0.7,0.65,0.342,0.45,0.85,0.8,0.45
575,,0.192,0.55,0.5,0.192,0.3,0.7,0.65,0.3
576,,0.042,0.4,0.35,0.042,0.15,0.55,0.5,0.15
577,,-0.108,0.25,0.2,-0.108,0.0,0.4,0.35,0.0
578,4,0.071,0.5,0.521,0.892,0.321,0.65,0.529,0.15
579,4,0.25,0.75,0.842,1.0,0.642,0.9,0.708,0.3
580,,0.1,0.6,0.692,0.85,0.492,0.75,0.558,0.15
581,,-0.05,0.45,0.542,0.7,0.342,0.6,0.408,0.0
582,1,0.95,0.771,0.792,0.879,0.492,0.779,0.658,0.321
583,1,1.0,1.0,1.0,1.0,0.642,0.958,0.908,0.642
584,,0.85,0.85,0.85,0.85,0.492,0.808,0.758,0.492
585,,0.7,0.7,0.7,0.7,0.342,0.658,0.608,0.342
586,,0.55,0.55,0.55,0.55,0.192,0.508,0.458,0.192
587,,0.4,0.4,0.4,0.4,0.042,0.358,0.308,0.042
588,,0.25,0.25,0.25,0.25,-0.108,0.208,0.158,-0.108
589,8,0.571,0.5,0.429,0.4,0.071,0.458,0.479,0.892
590,8,0.892,0.75,0.608,0.55,0.25,0.708,0.8,1.0
591,,0.742,0.6,0.458,0.4,0.1,0.558,0.65,0.85
592,,0.592,0.45,0.308,0.25,-0.05,0.408,0.5,0.7
593,5,0.742,0.629,0.558,0.571,0.95,0.729,0.75,0.879
594,5,0.892,0.808,0.808,0.892,1.0,1.0,1.0,1.0
595,,0.742,0.658,0.658,0.742,0.85,0.85,0.85,0.85
596,,0.592,0.508,0.508,0.592,0.7,0.7,0.7,0.7
597,,0.442,0.358,0.358,0.442,0.55,0.55,0.55,0.55
598,,0.292,0.208,0.208,0.292,0.4,0.4,0.4,0.4
599,,0.142,0.058,0.058,0.142,0.25,0.25,0.25,0.25
600,,-0.008,-0.092,-0.092,-0.008,0.1,0.1,0.1,0.1
601,2,0.313,0.908,0.229,0.242,0.279,0.25,0.279,0.35
602,2,0.634,1.0,0.55,0.492,0.458,0.4,0.458,0.6
603,,0.484,0.85,0.4,0.342,0.308,0.25,0.308,0.45
604,,0.334,0.7,0.25,0.192,0.158,0.1,0.158,0.3
605,,0.184,0.55,0.1,0.042,0.008,-0.05,0.008,0.15
606,6,0.363,0.7,0.279,0.292,0.329,0.95,0.329,0.4
607,6,0.542,0.85,0.458,0.542,0.65,1.0,0.65,0.65
608,,0.392,0.7,0.308,0.392,0.5,0.85,0.5,0.5
609,,0.242,0.55,0.158,0.242,0.35,0.7,0.35,0.35
610,,0.092,0.4,0.008,0.092,0.2,0.55,0.2,0.2
611,,-0.058,0.25,-0.142,-0.058,0.05,0.4,0.05,0.05
612,3,0.192,0.571,0.858,0.263,0.3,0.579,0.2,0.229
613,3,0.442,0.892,1.0,0.584,0.55,0.758,0.35,0.408
614,,0.292,0.742,0.85,0.434,0.4,0.608,0.2,0.258
615,,0.142,0.592,0.7,0.284,0.25,0.458,0.05,0.108
616,,-0.008,0.442,0.55,0.134,0.1,0.308,-0.1,-0.042
617,7,0.242,0.621,0.7,0.313,0.35,0.629,0.9,0.279
618,7,0.492,0.8,0.85,0.492,0.6,0.95,1.0,0.6
619,,0.342,0.65,0.7,0.342,0.45,0.8,0.85,0.45
620,,0.192,0.5,0.55,0.192,0.3,0.65,0.7,0.3
621,,0.042,0.35,0.4,0.042,0.15,0.5,0.55,0.15
622,,-0.108,0.2,0.25,-0.108,0.0,0.35,0.4,0.0
623,1,0.892,0.521,0.5,0.071,0.15,0.529,0.65,0.321
624,1,1.0,0.842,0.75,0.25,0.3,0.708,0.9,0.642
625,,0.85,0.692,0.6,0.1,0.15,0.558,0.75,0.492
626,,0.7,0.542,0.45,-0.05,0.0,0.408,0.6,0.342
627,4,0.879,0.792,0.771,0.95,0.321,0.658,0.779,0.492
628,4,1.0,1.0,1.0,1.0,0.642,0.908,0.958,0.642
629,,0.85,0.85,0.85,0.85,0.492,0.758,0.808,0.492
630,,0.7,0.7,0.7,0.7,0.342,0.608,0.658,0.342
631,,0.55,0.55,0.55,0.55,0.192,0.458,0.508,0.192
632,,0.4,0.4,0.4,0.4,0.042,0.308,0.358,0.042
633,,0.25,0.25,0.25,0.25,-0.108,0.158,0.208,-0.108
634,8,0.571,0.5,0.429,0.4,0.071,0.408,0.529,0.892
635,8,0.892,0.75,0.608,0.55,0.25,0.658,0.85,1.0
636,,0.742,0.6,0.458,0.4,0.1,0.508,0.7,0.85
637,,0.592,0.45,0.308,0.25,-0.05,0.358,0.55,0.7
638,5,0.742,0.629,0.558,0.571,0.95,0.679,0.8,0.879
639,5,0.892,0.808,0.808,0.892,1.0,1.0,1.0,1.0
640,,0.742,0.658,0.658,0.742,0.85,0.85,0.85,0.85
641,,0.592,0.508,0.508,0.592,0.7,0.7,0.7,0.7
642,,0.442,0.358,0.358,0.442,0.55,0.55,0.55,0.55
643,,0.292,0.208,0.208,0.292,0.4,0.4,0.4,0.4
644,,0.142,0.058,0.058,0.142,0.25,0.25,0.25,0.25
645,,-0.008,-0.092,-0.092,-0.008,0.1,0.1,0.1,0.1
646,3,0.242,0.229,0.908,0.313,0.35,0.279,0.25,0.279
647,3,0.492,0.55,1.0,0.634,0.6,0.458,0.4,0.458
648,,0.342,0.4,0.85,0.484,0.45,0.308,0.25,0.308
649,,0.192,0.25,0.7,0.334,0.3,0.158,0.1,0.158
650,,0.042,0.1,0.55,0.184,0.15,0.008,-0.05,0.008
651,7,0.292,0.279,0.7,0.363,0.4,0.329,0.95,0.329
652,7,0.542,0.458,0.85,0.542,0.65,0.65,1.0,0.65
653,,0.392,0.308,0.7,0.392,0.5,0.5,0.85,0.5
654,,0.242,0.158,0.55,0.242,0.35,0.35,0.7,0.35
655,,0.092,0.008,0.4,0.092,0.2,0.2,0.55,0.2
656,,-0.058,-0.142,0.25,-0.058,0.05,0.05,0.4,0.05
657,2,0.263,0.858,0.571,0.192,0.229,0.2,0.579,0.3
658,2,0.584,1.0,0.892,0.442,0.408,0.35,0.758,0.55
659,,0.434,0.85,0.742,0.292,0.258,0.2,0.608,0.4
660,,0.284,0.7,0.592,0.142,0.108,0.05,0.458,0.25
661,,0.134,0.55,0.442,-0.008,-0.042,-0.1,0.308,0.1
662,6,0.313,0.7,0.621,0.242,0.279,0.9,0.629,0.35
663,6,0.492,0.85,0.8,0.492,0.6,1.0,0.95,0.6
664,,0.342,0.7,0.65,0.342,0.45,0.85,0.8,0.45
665,,0.192,0.55,0.5,0.192,0.3,0.7,0.65,0.3
666,,0.042,0.4,0.35,0.042,0.15,0.55,0.5,0.15
667,,-0.108,0.25,0.2,-0.108,0.0,0.4,0.35,0.0
668,1,0.892,0.571,0.45,0.071,0.15,0.579,0.6,0.321
669,1,1.0,0.892,0.7,0.25,0.3,0.758,0.85,0.642
670,,0.85,0.742,0.55,0.1,0.15,0.608,0.7,0.492
671,,0.7,0.592,0.4,-0.05,0.0,0.458,0.55,0.342
672,4,0.879,0.842,0.721,0.95,0.321,0.708,0.729,0.492
673,4,1.0,1.0,1.0,1.0,0.642,0.958,0.908,0.642
674,,0.85,0.85,0.85,0.85,0.492,0.808,0.758,0.492
675,,0.7,0.7,0.7,0.7,0.342,0.658,0.608,0.342
676,,0.55,0.55,0.55,0.55,0.192,0.508,0.458,0.192
677,,0.4,0.4,0.4,0.4,0.042,0.358,0.308,0.042
678,,0.25,0.25,0.25,0.25,-0.108,0.208,0.158,-0.108
679,5,0.4,0.429,0.5,0.571,0.892,0.529,0.408,0.071
680,5,0.55,0.608,0.75,0.892,1.0,0.85,0.658,0.25
681,,0.4,0.458,0.6,0.742,0.85,0.7,0.508,0.1
682,,0.25,0.308,0.45,0.592,0.7,0.55,0.358,-0.05
683,8,0.571,0.558,0.629,0.742,0.879,0.8,0.679,0.95
684,8,0.892,0.808,0.808,0.892,1.0,1.0,1.0,1.0
685,,0.742,0.658,0.658,0.742,0.85,0.85,0.85,0.85
686,,0.592,0.508,0.508,0.592,0.7,0.7,0.7,0.7
687,,0.442,0.358,0.358,0.442,0.55,0.55,0.55,0.55
688,,0.292,0.208,0.208,0.292,0.4,0.4,0.4,0.4
689,,0.142,0.058,0.058,0.142,0.25,0.25,0.25,0.25
690,,-0.008,-0.092,-0.092,-0.008,0.1,0.1,0.1,0.1
691,3,0.242,0.229,0.908,0.313,0.35,0.279,0.25,0.279
692,3,0.492,0.55,1.0,0.634,0.6,0.458,0.4,0.458
693,,0.342,0.4,0.85,0.484,0.45,0.308,0.25,0.308
694,,0.192,0.25,0.7,0.334,0.3,0.158,0.1,0.158
695,,0.042,0.1,0.55,0.184,0.15,0.008,-0.05,0.008
696,7,0.292,0.279,0.7,0.363,0.4,0.329,0.95,0.329
697,7,0.542,0.458,0.85,0.542,0.65,0.65,1.0,0.65
698,,0.392,0.308,0.7,0.392,0.5,0.5,0.85,0.5
699,,0.242,0.158,0.55,0.242,0.35,0.35,0.7,0.35
700,,0.092,0.008,0.4,0.092,0.2,0.2,0.55,0.2
701,,-0.058,-0.142,0.25,-0.058,0.05,0.05,0.4,0.05
702,2,0.263,0.858,0.571,0.192,0.229,0.2,0.579,0.3
703,2,0.584,1.0,0.892,0.442,0.408,0.35,0.758,0.55
704,,0.434,0.85,0.742,0.292,0.258,0.2,0.608,0.4
705,,0.284,0.7,0.592,0.142,0.108,0.05,0.458,0.25
706,,0.134,0.55,0.442,-0.008,-0.042,-0.1,0.308,0.1
707,6,0.313,0.7,0.621,0.242,0.279,0.9,0.629,0.35
708,6,0.492,0.85,0.8,0.492,0.6,1.0,0.95,0.6
709,,0.342,0.7,0.65,0.342,0.45,0.85,0.8,0.45
710,,0.192,0.55,0.5,0.192,0.3,0.7,0.65,0.3
711,,0.042,0.4,0.35,0.042,0.15,0.55,0.5,0.15
712,,-0.108,0.25,0.2,-0.108,0.0,0.4,0.35,0.0
713,1,0.892,0.571,0.45,0.071,0.15,0.579,0.6,0.321
714,1,1.0,0.892,0.7,0.25,0.3,0.758,0.85,0.642
715,,0.85,0.742,0.55,0.1,0.15,0.608,0.7,0.492
716,,0.7,0.592,0.4,-0.05,0.0,0.458,0.55,0.342
717,4,0.879,0.842,0.721,0.95,0.321,0.708,0.729,0.492
718,4,1.0,1.0,1.0,1.0,0.642,0.958,0.908,0.642
719,,0.85,0.85,0.85,0.85,0.492,0.808,0.758,0.492
720,,0.7,0.7,0.7,0.7,0.342,0.658,0.608,0.342
721,,0.55,0.55,0.55,0.55,0.192,0.508,0.458,0.192
722,,0.4,0.4,0.4,0.4,0.042,0.358,0.308,0.042
723,,0.25,0.25,0.25,0.25,-0.108,0.208,0.158,-0.108
724,8,0.571,0.5,0.429,0.4,0.071,0.458,0.479,0.892
725,8,0.892,0.75,0.608,0.55,0.25,0.708,0.8,1.0
726,,0.742,0.6,0.458,0.4,0.1,0.558,0.65,0.85
727,,0.592,0.45,0.308,0.25,-0.05,0.408,0.5,0.7
728,5,0.742,0.629,0.558,0.571,0.95,0.729,0.75,0.879
729,5,0.892,0.808,0.808,0.892,1.0,1.0,1.0,1.0
730,,0.742,0.658,0.658,0.742,0.85,0.85,0.85,0.85
731,,0.592,0.508,0.508,0.592,0.7,0.7,0.7,0.7
732,,0.442,0.358,0.358,0.442,0.55,0.55,0.55,0.55
733,,0.292,0.208,0.208,0.292,0.4,0.4,0.4,0.4
734,,0.142,0.058,0.058,0.142,0.25,0.25,0.25,0.25
735,,-0.008,-0.092,-0.092,-0.008,0.1,0.1,0.1,0.1
736,2,0.313,0.908,0.229,0.242,0.279,0.25,0.279,0.35
737,2,0.634,1.0,0.55,0.492,0.458,0.4,0.458,0.6
738,,0.484,0.85,0.4,0.342,0.308,0.25,0.308,0.45
739,,0.334,0.7,0.25,0.192,0.158,0.1,0.158,0.3
740,,0.184,0.55,0.1,0.042,0.008,-0.05,0.008,0.15
741,6,0.363,0.7,0.279,0.292,0.329,0.95,0.329,0.4
742,6,0.542,0.85,0.458,0.542,0.65,1.0,0.65,0.65
743,,0.392,0.7,0.308,0.392,0.5,0.85,0.5,0.5
744,,0.242,0.55,0.158,0.242,0.35,0.7,0.35,0.35
745,,0.092,0.4,0.008,0.092,0.2,0.55,0.2,0.2
746,,-0.058,0.25,-0.142,-0.058,0.05,0.4,0.05,0.05
747,3,0.192,0.571,0.858,0.263,0.3,0.579,0.2,0.229
748,3,0.442,0.892,1.0,0.584,0.55,0.758,0.35,0.408
749,,0.292,0.742,0.85,0.434,0.4,0.608,0.2,0.258
750,,0.142,0.592,0.7,0.284,0.25,0.458,0.05,0.108
751,,-0.008,0.442,0.55,0.134,0.1,0.308,-0.1,-0.042
752,7,0.242,0.621,0.7,0.313,0.35,0.629,0.9,0.279
753,7,0.492,0.8,0.85,0.492,0.6,0.95,1.0,0.6
754,,0.342,0.65,0.7,0.342,0.45,0.8,0.85,0.45
755,,0.192,0.5,0.55,0.192,0.3,0.65,0.7,0.3
756,,0.042,0.35,0.4,0.042,0.15,0.5,0.55,0.15
757,,-0.108,0.2,0.25,-0.108,0.0,0.35,0.4,0.0
758,4,0.071,0.45,0.571,0.892,0.321,0.6,0.579,0.15
759,4,0.25,0.7,0.892,1.0,0.642,0.85,0.758,0.3
760,,0.1,0.55,0.742,0.85,0.492,0.7,0.608,0.15
761,,-0.05,0.4,0.592,0.7,0.342,0.55,0.458,0.0
762,1,0.95,0.721,0.842,0.879,0.492,0.729,0.708,0.321
763,1,1.0,1.0,1.0,1.0,0.642,0.908,0.958,0.642
764,,0.85,0.85,0.85,0.85,0.492,0.758,0.808,0.492
765,,0.7,0.7,0.7,0.7,0.342,0.608,0.658,0.342
766,,0.55,0.55,0.55,0.55,0.192,0.458,0.508,0.192
767,,0.4,0.4,0.4,0.4,0.042,0.308,0.358,0.042
768,,0.25,0.25,0.25,0.25,-0.108,0.158,0.208,-0.108
769,5,0.4,0.429,0.5,0.571,0.892,0.479,0.458,0.071
770,5,0.55,0.608,0.75,0.892,1.0,0.8,0.708,0.25
771,,0.4,0.458,0.6,0.742,0.85,0.65,0.558,0.1
772,,0.25,0.308,0.45,0.592,0.7,0.5,0.408,-0.05
773,8,0.571,0.558,0.629,0.742,0.879,0.75,0.729,0.95
774,8,0.892,0.808,0.808,0.892,1.0,1.0,1.0,1.0
775,,0.742,0.658,0.658,0.742,0.85,0.85,0.85,0.85
776,,0.592,0.508,0.508,0.592,0.7,0.7,0.7,0.7
777,,0.442,0.358,0.358,0.442,0.55,0.55,0.55,0.55
778,,0.292,0.208,0.208,0.292,0.4,0.4,0.4,0.4
779,,0.142,0.058,0.058,0.142,0.25,0.25,0.25,0.25
780,,-0.008,-0.092,-0.092,-0.008,0.1,0.1,0.1,0.1
781,3,0.242,0.229,0.908,0.313,0.35,0.279,0.25,0.279
782,3,0.492,0.55,1.0,0.634,0.6,0.458,0.4,0.458
783,,0.342,0.4,0.85,0.484,0.45,0.308,0.25,0.308
784,,0.192,0.25,0.7,0.334,0.3,0.158,0.1,0.158
785,,0.042,0.1,0.55,0.184,0.15,0.008,-0.05,0.008
786,7,0.292,0.279,0.7,0.363,0.4,0.329,0.95,0.329
787,7,0.542,0.458,0.85,0.542,0.65,0.65,1.0,0.65
788,,0.392,0.308,0.7,0.392,0.5,0.5,0.85,0.5
789,,0.242,0.158,0.55,0.242,0.35,0.35,0.7,0.35
790,,0.092,0.008,0.4,0.092,0.2,0.2,0.55,0.2
791,,-0.058,-0.142,0.25,-0.058,0.05,0.05,0.4,0.05
792,2,0.263,0.858,0.571,0.192,0.229,0.2,0.579,0.3
793,2,0.584,1.0,0.892,0.442,0.408,0.35,0.758,0.55
794,,0.434,0.85,0.742,0.292,0.258,0.2,0.608,0.4
795,,0.284,0.7,0.592,0.142,0.108,0.05,0.458,0.25
796,,0.134,0.55,0.442,-0.008,-0.042,-0.1,0.308,0.1
797,6,0.313,0.7,0.621,0.242,0.279,0.9,0.629,0.35
798,6,0.492,0.85,0.8,0.492,0.6,1.0,0.95,0.6
799,,0.342,0.7,0.65,0.342,0.45,0.85,0.8,0.45
800,,0.192,0.55,0.5,0.192,0.3,0.7,0.65,0.3
801,,0.042,0.4,0.35,0.042,0.15,0.55,0.5,0.15
802,,-0.108,0.25,0.2,-0.108,0.0,0.4,0.35,0.0
803,1,0.892,0.571,0.45,0.071,0.15,0.579,0.6,0.321
804,1,1.0,0.892,0.7,0.25,0.3,0.758,0.85,0.642
805,,0.85,0.742,0.55,0.1,0.15,0.608,0.7,0.492
806,,0.7,0.592,0.4,-0.05,0.0,0.458,0.55,0.342
807,4,0.879,0.842,0.721,0.95,0.321,0.708,0.729,0.492
808,4,1.0,1.0,1.0,1.0,0.642,0.958,0.908,0.642
809,,0.85,0.85,0.85,0.85,0.492,0.808,0.758,0.492
810,,0.7,0.7,0.7,0.7,0.342,0.658,0.608,0.342
811,,0.55,0.55,0.55,0.55,0.192,0.508,0.458,0.192
812,,0.4,0.4,0.4,0.4,0.042,0.358,0.308,0.042
813,,0.25,0.25,0.25,0.25,-0.108,0.208,0.158,-0.108
814,5,0.4,0.429,0.5,0.571,0.892,0.529,0.408,0.071
815,5,0.55,0.608,0.75,0.892,1.0,0.85,0.658,0.25
816,,0.4,0.458,0.6,0.742,0.85,0.7,0.508,0.1
817,,0.25,0.308,0.45,0.592,0.7,0.55,0.358,-0.05
818,8,0.571,0.558,0.629,0.742,0.879,0.8,0.679,0.95
819,8,0.892,0.808,0.808,0.892,1.0,1.0,1.0,1.0
820,,0.742,0.658,0.658,0.742,0.85,0.85,0.85,0.85
821,,0.592,0.508,0.508,0.592,0.7,0.7,0.7,0.7
822,,0.442,0.358,0.358,0.442,0.55,0.55,0.55,0.55
823,,0.292,0.208,0.208,0.292,0.4,0.4,0.4,0.4
824,,0.142,0.058,0.058,0.142,0.25,0.25,0.25,0.25
825,,-0.008,-0.092,-0.092,-0.008,0.1,0.1,0.1,0.1
826,3,0.242,0.229,0.908,0.313,0.35,0.279,0.25,0.279
827,3,0.492,0.55,1.0,0.634,0.6,0.458,0.4,0.458
828,,0.342,0.4,0.85,0.484,0.45,0.308,0.25,0.308
829,,0.192,0.25,0.7,0.334,0.3,0.158,0.1,0.158
830,,0.042,0.1,0.55,0.184,0.15,0.008,-0.05,0.008
831,7,0.292,0.279,0.7,0.363,0.4,0.329,0.95,0.329
832,7,0.542,0.458,0.85,0.542,0.65,0.65,1.0,0.65
833,,0.392,0.308,0.7,0.392,0.5,0.5,0.85,0.5
834,,0.242,0.158,0.55,0.242,0.35,0.35,0.7,0.35
