step,active_motive,motive_1,motive_2,motive_3,motive_4,motive_5,motive_6,motive_7,motive_8
0,,0.44628,0.26967,0.40372,0.44805,0.159,0.05503,0.11397,0.21355
1,,0.29628,0.11967,0.25372,0.29805,0.009,-0.09497,-0.03603,0.06355
2,6,0.40528,0.16967,0.36272,0.54805,0.4,0.90503,0.35497,0.31355
3,6,0.51428,0.21967,0.47172,0.79805,0.791,1.0,0.74597,0.56355
4,,0.36428,0.06967,0.32172,0.64805,0.641,0.85,0.59597,0.41355
5,,0.21428,-0.08033,0.17172,0.49805,0.491,0.7,0.44597,0.26355
6,2,0.60528,0.91967,0.56272,0.74805,0.6,0.75,0.55497,0.51355
7,2,0.99628,1.0,0.95372,0.99805,0.709,0.8,0.66397,0.76355
8,,0.84628,0.85,0.80372,0.84805,0.559,0.65,0.51397,0.61355
9,,0.69628,0.7,0.65372,0.69805,0.409,0.5,0.36397,0.46355
10,,0.54628,0.55,0.50372,0.54805,0.259,0.35,0.21397,0.31355
11,,0.39628,0.4,0.35372,0.39805,0.109,0.2,0.06397,0.16355
12,,0.24628,0.25,0.20372,0.24805,-0.041,0.05,-0.08603,0.01355
13,7,0.49628,0.359,0.25372,0.35705,0.209,0.441,0.91397,0.40455
14,7,0.74628,0.468,0.30372,0.46605,0.459,0.832,1.0,0.79555
15,,0.59628,0.318,0.15372,0.31605,0.309,0.682,0.85,0.64555
16,,0.44628,0.168,0.00372,0.16605,0.159,0.532,0.7,0.49555
17,,0.29628,0.018,-0.14628,0.01605,0.009,0.382,0.55,0.34555
18,3,0.54628,0.409,0.85372,0.40705,0.259,0.491,0.6,0.45455
19,3,0.79628,0.8,1.0,0.79805,0.509,0.6,0.65,0.56355
20,,0.64628,0.65,0.85,0.64805,0.359,0.45,0.5,0.41355
21,,0.49628,0.5,0.7,0.49805,0.209,0.3,0.35,0.26355
22,,0.34628,0.35,0.55,0.34805,0.059,0.15,0.2,0.11355
23,,0.19628,0.2,0.4,0.19805,-0.091,0.0,0.05,-0.03645
24,5,0.24628,0.309,0.65,0.58905,0.909,0.391,0.3,0.07255
25,5,0.29628,0.418,0.9,0.98005,1.0,0.782,0.55,0.18155
26,,0.14628,0.268,0.75,0.83005,0.85,0.632,0.4,0.03155
27,,-0.00372,0.118,0.6,0.68005,0.7,0.482,0.25,-0.11845
28,8,0.38728,0.368,0.709,0.73005,0.809,0.732,0.641,0.88155
29,8,0.77828,0.618,0.818,0.78005,0.918,0.982,1.0,1.0
30,,0.62828,0.468,0.668,0.63005,0.768,0.832,0.85,0.85
31,,0.47828,0.318,0.518,0.48005,0.618,0.682,0.7,0.7
32,,0.32828,0.168,0.368,0.33005,0.468,0.532,0.55,0.55
33,,0.17828,0.018,0.218,0.18005,0.318,0.382,0.4,0.4
34,,0.02828,-0.132,0.068,0.03005,0.168,0.232,0.25,0.25
35,2,0.41928,0.868,0.459,0.28005,0.277,0.282,0.359,0.5
36,2,0.81028,1.0,0.85,0.53005,0.386,0.332,0.468,0.75
37,,0.66028,0.85,0.7,0.38005,0.236,0.182,0.318,0.6
38,,0.51028,0.7,0.55,0.23005,0.086,0.032,0.168,0.45
39,,0.36028,0.55,0.4,0.08005,-0.064,-0.118,0.018,0.3
40,6,0.46928,0.6,0.509,0.33005,0.327,0.882,0.409,0.55
41,6,0.57828,0.65,0.618,0.58005,0.718,1.0,0.8,0.8
42,,0.42828,0.5,0.468,0.43005,0.568,0.85,0.65,0.65
43,,0.27828,0.35,0.318,0.28005,0.418,0.7,0.5,0.5
44,,0.12828,0.2,0.168,0.13005,0.268,0.55,0.35,0.35
45,,-0.02172,0.05,0.018,-0.01995,0.118,0.4,0.2,0.2
46,1,0.97828,0.441,0.268,0.08905,0.168,0.509,0.45,0.591
47,1,1.0,0.832,0.518,0.19805,0.218,0.618,0.7,0.982
48,,0.85,0.682,0.368,0.04805,0.068,0.468,0.55,0.832
49,,0.7,0.532,0.218,-0.10195,-0.082,0.318,0.4,0.682
50,4,0.809,0.782,0.609,0.89805,0.309,0.568,0.509,0.732
51,4,0.918,1.0,1.0,1.0,0.7,0.818,0.618,0.782
52,,0.768,0.85,0.85,0.85,0.55,0.668,0.468,0.632
53,,0.618,0.7,0.7,0.7,0.4,0.518,0.318,0.482
54,,0.468,0.55,0.55,0.55,0.25,0.368,0.168,0.332
55,,0.318,0.4,0.4,0.4,0.1,0.218,0.018,0.182
56,,0.168,0.25,0.25,0.25,-0.05,0.068,-0.132,0.032
57,7,0.418,0.359,0.3,0.359,0.2,0.459,0.868,0.423
58,7,0.668,0.468,0.35,0.468,0.45,0.85,1.0,0.814
59,,0.518,0.318,0.2,0.318,0.3,0.7,0.85,0.664
60,,0.368,0.168,0.05,0.168,0.15,0.55,0.7,0.514
61,,0.218,0.018,-0.1,0.018,0.0,0.4,0.55,0.364
62,3,0.468,0.409,0.9,0.409,0.25,0.509,0.6,0.473
63,3,0.718,0.8,1.0,0.8,0.5,0.618,0.65,0.582
64,,0.568,0.65,0.85,0.65,0.35,0.468,0.5,0.432
65,,0.418,0.5,0.7,0.5,0.2,0.318,0.35,0.282
66,,0.268,0.35,0.55,0.35,0.05,0.168,0.2,0.132
67,,0.118,0.2,0.4,0.2,-0.1,0.018,0.05,-0.018
68,5,0.168,0.309,0.65,0.591,0.9,0.409,0.3,0.091
69,5,0.218,0.418,0.9,0.982,1.0,0.8,0.55,0.2
70,,0.068,0.268,0.75,0.832,0.85,0.65,0.4,0.05
71,,-0.082,0.118,0.6,0.682,0.7,0.5,0.25,-0.1
72,8,0.309,0.368,0.709,0.732,0.809,0.75,0.641,0.9
73,8,0.7,0.618,0.818,0.782,0.918,1.0,1.0,1.0
74,,0.55,0.468,0.668,0.632,0.768,0.85,0.85,0.85
75,,0.4,0.318,0.518,0.482,0.618,0.7,0.7,0.7
76,,0.25,0.168,0.368,0.332,0.468,0.55,0.55,0.55
77,,0.1,0.018,0.218,0.182,0.318,0.4,0.4,0.4
78,,-0.05,-0.132,0.068,0.032,0.168,0.25,0.25,0.25
79,2,0.341,0.868,0.459,0.282,0.277,0.3,0.359,0.5
80,2,0.732,1.0,0.85,0.532,0.386,0.35,0.468,0.75
81,,0.582,0.85,0.7,0.382,0.236,0.2,0.318,0.6
82,,0.432,0.7,0.55,0.232,0.086,0.05,0.168,0.45
83,,0.282,0.55,0.4,0.082,-0.064,-0.1,0.018,0.3
84,6,0.391,0.6,0.509,0.332,0.327,0.9,0.409,0.55
85,6,0.5,0.65,0.618,0.582,0.718,1.0,0.8,0.8
86,,0.35,0.5,0.468,0.432,0.568,0.85,0.65,0.65
87,,0.2,0.35,0.318,0.282,0.418,0.7,0.5,0.5
88,,0.05,0.2,0.168,0.132,0.268,0.55,0.35,0.35
89,,-0.1,0.05,0.018,-0.018,0.118,0.4,0.2,0.2
90,1,0.9,0.441,0.268,0.091,0.168,0.509,0.45,0.591
91,1,1.0,0.832,0.518,0.2,0.218,0.618,0.7,0.982
92,,0.85,0.682,0.368,0.05,0.068,0.468,0.55,0.832
93,,0.7,0.532,0.218,-0.1,-0.082,0.318,0.4,0.682
94,4,0.809,0.782,0.609,0.9,0.309,0.568,0.509,0.732
95,4,0.918,1.0,1.0,1.0,0.7,0.818,0.618,0.782
96,,0.768,0.85,0.85,0.85,0.55,0.668,0.468,0.632
97,,0.618,0.7,0.7,0.7,0.4,0.518,0.318,0.482
98,,0.468,0.55,0.55,0.55,0.25,0.368,0.168,0.332
99,,0.318,0.4,0.4,0.4,0.1,0.218,0.018,0.182
100,,0.168,0.25,0.25,0.25,-0.05,0.068,-0.132,0.032
101,7,0.418,0.359,0.3,0.359,0.2,0.459,0.868,0.423
102,7,0.668,0.468,0.35,0.468,0.45,0.85,1.0,0.814
103,,0.518,0.318,0.2,0.318,0.3,0.7,0.85,0.664
104,,0.368,0.168,0.05,0.168,0.15,0.55,0.7,0.514
105,,0.218,0.018,-0.1,0.018,0.0,0.4,0.55,0.364
106,3,0.468,0.409,0.9,0.409,0.25,0.509,0.6,0.473
107,3,0.718,0.8,1.0,0.8,0.5,0.618,0.65,0.582
108,,0.568,0.65,0.85,0.65,0.35,0.468,0.5,0.432
109,,0.418,0.5,0.7,0.5,0.2,0.318,0.35,0.282
110,,0.268,0.35,0.55,0.35,0.05,0.168,0.2,0.132
111,,0.118,0.2,0.4,0.2,-0.1,0.018,0.05,-0.018
112,5,0.168,0.309,0.65,0.591,0.9,0.409,0.3,0.091
113,5,0.218,0.418,0.9,0.982,1.0,0.8,0.55,0.2
114,,0.068,0.268,0.75,0.832,0.85,0.65,0.4,0.05
115,,-0.082,0.118,0.6,0.682,0.7,0.5,0.25,-0.1
116,8,0.309,0.368,0.709,0.732,0.809,0.75,0.641,0.9
117,8,0.7,0.618,0.818,0.782,0.918,1.0,1.0,1.0
118,,0.55,0.468,0.668,0.632,0.768,0.85,0.85,0.85
119,,0.4,0.318,0.518,0.482,0.618,0.7,0.7,0.7
120,,0.25,0.168,0.368,0.332,0.468,0.55,0.55,0.55
121,,0.1,0.018,0.218,0.182,0.318,0.4,0.4,0.4
122,,-0.05,-0.132,0.068,0.032,0.168,0.25,0.25,0.25
123,2,0.341,0.868,0.459,0.282,0.277,0.3,0.359,0.5
124,2,0.732,1.0,0.85,0.532,0.386,0.35,0.468,0.75
125,,0.582,0.85,0.7,0.382,0.236,0.2,0.318,0.6
126,,0.432,0.7,0.55,0.232,0.086,0.05,0.168,0.45
127,,0.282,0.55,0.4,0.082,-0.064,-0.1,0.018,0.3
128,6,0.391,0.6,0.509,0.332,0.327,0.9,0.409,0.55
129,6,0.5,0.65,0.618,0.582,0.718,1.0,0.8,0.8
130,,0.35,0.5,0.468,0.432,0.568,0.85,0.65,0.65
131,,0.2,0.35,0.318,0.282,0.418,0.7,0.5,0.5
132,,0.05,0.2,0.168,0.132,0.268,0.55,0.35,0.35
133,,-0.1,0.05,0.018,-0.018,0.118,0.4,0.2,0.2
134,1,0.9,0.441,0.268,0.091,0.168,0.509,0.45,0.591
135,1,1.0,0.832,0.518,0.2,0.218,0.618,0.7,0.982
136,,0.85,0.682,0.368,0.05,0.068,0.468,0.55,0.832
137,,0.7,0.532,0.218,-0.1,-0.082,0.318,0.4,0.682
138,4,0.809,0.782,0.609,0.9,0.309,0.568,0.509,0.732
139,4,0.918,1.0,1.0,1.0,0.7,0.818,0.618,0.782
140,,0.768,0.85,0.85,0.85,0.55,0.668,0.468,0.632
141,,0.618,0.7,0.7,0.7,0.4,0.518,0.318,0.482
142,,0.468,0.55,0.55,0.55,0.25,0.368,0.168,0.332
143,,0.318,0.4,0.4,0.4,0.1,0.218,0.018,0.182
144,,0.168,0.25,0.25,0.25,-0.05,0.068,-0.132,0.032
145,7,0.418,0.359,0.3,0.359,0.2,0.459,0.868,0.423
146,7,0.668,0.468,0.35,0.468,0.45,0.85,1.0,0.814
147,,0.518,0.318,0.2,0.318,0.3,0.7,0.85,0.664
148,,0.368,0.168,0.05,0.168,0.15,0.55,0.7,0.514
149,,0.218,0.018,-0.1,0.018,0.0,0.4,0.55,0.364
150,3,0.468,0.409,0.9,0.409,0.25,0.509,0.6,0.473
151,3,0.718,0.8,1.0,0.8,0.5,0.618,0.65,0.582
152,,0.568,0.65,0.85,0.65,0.35,0.468,0.5,0.432
153,,0.418,0.5,0.7,0.5,0.2,0.318,0.35,0.282
154,,0.268,0.35,0.55,0.35,0.05,0.168,0.2,0.132
155,,0.118,0.2,0.4,0.2,-0.1,0.018,0.05,-0.018
156,5,0.168,0.309,0.65,0.591,0.9,0.409,0.3,0.091
157,5,0.218,0.418,0.9,0.982,1.0,0.8,0.55,0.2
158,,0.068,0.268,0.75,0.832,0.85,0.65,0.4,0.05
159,,-0.082,0.118,0.6,0.682,0.7,0.5,0.25,-0.1
160,8,0.309,0.368,0.709,0.732,0.809,0.75,0.641,0.9
161,8,0.7,0.618,0.818,0.782,0.918,1.0,1.0,1.0
162,,0.55,0.468,0.668,0.632,0.768,0.85,0.85,0.85
163,,0.4,0.318,0.518,0.482,0.618,0.7,0.7,0.7
164,,0.25,0.168,0.368,0.332,0.468,0.55,0.55,0.55
165,,0.1,0.018,0.218,0.182,0.318,0.4,0.4,0.4
166,,-0.05,-0.132,0.068,0.032,0.168,0.25,0.25,0.25
167,2,0.341,0.868,0.459,0.282,0.277,0.3,0.359,0.5
168,2,0.732,1.0,0.85,0.532,0.386,0.35,0.468,0.75
169,,0.582,0.85,0.7,0.382,0.236,0.2,0.318,0.6
170,,0.432,0.7,0.55,0.232,0.086,0.05,0.168,0.45
171,,0.282,0.55,0.4,0.082,-0.064,-0.1,0.018,0.3
172,6,0.391,0.6,0.509,0.332,0.327,0.9,0.409,0.55
173,6,0.5,0.65,0.618,0.582,0.718,1.0,0.8,0.8
174,,0.35,0.5,0.468,0.432,0.568,0.85,0.65,0.65
175,,0.2,0.35,0.318,0.282,0.418,0.7,0.5,0.5
176,,0.05,0.2,0.168,0.132,0.268,0.55,0.35,0.35
177,,-0.1,0.05,0.018,-0.018,0.118,0.4,0.2,0.2
178,1,0.9,0.441,0.268,0.091,0.168,0.509,0.45,0.591
179,1,1.0,0.832,0.518,0.2,0.218,0.618,0.7,0.982
180,,0.85,0.682,0.368,0.05,0.068,0.468,0.55,0.832
181,,0.7,0.532,0.218,-0.1,-0.082,0.318,0.4,0.682
182,4,0.809,0.782,0.609,0.9,0.309,0.568,0.509,0.732
183,4,0.918,1.0,1.0,1.0,0.7,0.818,0.618,0.782
184,,0.768,0.85,0.85,0.85,0.55,0.668,0.468,0.632
185,,0.618,0.7,0.7,0.7,0.4,0.518,0.318,0.482
186,,0.468,0.55,0.55,0.55,0.25,0.368,0.168,0.332
187,,0.318,0.4,0.4,0.4,0.1,0.218,0.018,0.182
188,,0.168,0.25,0.25,0.25,-0.05,0.068,-0.132,0.032
189,7,0.418,0.359,0.3,0.359,0.2,0.459,0.868,0.423
190,7,0.668,0.468,0.35,0.468,0.45,0.85,1.0,0.814
191,,0.518,0.318,0.2,0.318,0.3,0.7,0.85,0.664
192,,0.368,0.168,0.05,0.168,0.15,0.55,0.7,0.514
193,,0.218,0.018,-0.1,0.018,0.0,0.4,0.55,0.364
194,3,0.468,0.409,0.9,0.409,0.25,0.509,0.6,0.473
195,3,0.718,0.8,1.0,0.8,0.5,0.618,0.65,0.582
196,,0.568,0.65,0.85,0.65,0.35,0.468,0.5,0.432
197,,0.418,0.5,0.7,0.5,0.2,0.318,0.35,0.282
198,,0.268,0.35,0.55,0.35,0.05,0.168,0.2,0.132
199,,0.118,0.2,0.4,0.2,-0.1,0.018,0.05,-0.018
200,5,0.168,0.309,0.65,0.591,0.9,0.409,0.3,0.091
201,5,0.218,0.418,0.9,0.982,1.0,0.8,0.55,0.2
202,,0.068,0.268,0.75,0.832,0.85,0.65,0.4,0.05
203,,-0.082,0.118,0.6,0.682,0.7,0.5,0.25,-0.1
204,8,0.309,0.368,0.709,0.732,0.809,0.75,0.641,0.9
205,8,0.7,0.618,0.818,0.782,0.918,1.0,1.0,1.0
206,,0.55,0.468,0.668,0.632,0.768,0.85,0.85,0.85
207,,0.4,0.318,0.518,0.482,0.618,0.7,0.7,0.7
208,,0.25,0.168,0.368,0.332,0.468,0.55,0.55,0.55
209,,0.1,0.018,0.218,0.182,0.318,0.4,0.4,0.4
210,,-0.05,-0.132,0.068,0.032,0.168,0.25,0.25,0.25
211,2,0.341,0.868,0.459,0.282,0.277,0.3,0.359,0.5
212,2,0.732,1.0,0.85,0.532,0.386,0.35,0.468,0.75
213,,0.582,0.85,0.7,0.382,0.236,0.2,0.318,0.6
214,,0.432,0.7,0.55,0.232,0.086,0.05,0.168,0.45
215,,0.282,0.55,0.4,0.082,-0.064,-0.1,0.018,0.3
216,6,0.391,0.6,0.509,0.332,0.327,0.9,0.409,0.55
217,6,0.5,0.65,0.618,0.582,0.718,1.0,0.8,0.8
218,,0.35,0.5,0.468,0.432,0.568,0.85,0.65,0.65
219,,0.2,0.35,0.318,0.282,0.418,0.7,0.5,0.5
220,,0.05,0.2,0.168,0.132,0.268,0.55,0.35,0.35
221,,-0.1,0.05,0.018,-0.018,0.118,0.4,0.2,0.2
222,1,0.9,0.441,0.268,0.091,0.168,0.509,0.45,0.591
223,1,1.0,0.832,0.518,0.2,0.218,0.618,0.7,0.982
224,,0.85,0.682,0.368,0.05,0.068,0.468,0.55,0.832
225,,0.7,0.532,0.218,-0.1,-0.082,0.318,0.4,0.682
226,4,0.809,0.782,0.609,0.9,0.309,0.568,0.509,0.732
227,4,0.918,1.0,1.0,1.0,0.7,0.818,0.618,0.782
228,,0.768,0.85,0.85,0.85,0.55,0.668,0.468,0.632
229,,0.618,0.7,0.7,0.7,0.4,0.518,0.318,0.482
230,,0.468,0.55,0.55,0.55,0.25,0.368,0.168,0.332
231,,0.318,0.4,0.4,0.4,0.1,0.218,0.018,0.182
232,,0.168,0.25,0.25,0.25,-0.05,0.068,-0.132,0.032
233,7,0.418,0.359,0.3,0.359,0.2,0.459,0.868,0.423
234,7,0.668,0.468,0.35,0.468,0.45,0.85,1.0,0.814
235,,0.518,0.318,0.2,0.318,0.3,0.7,0.85,0.664
236,,0.368,0.168,0.05,0.168,0.15,0.55,0.7,0.514
237,,0.218,0.018,-0.1,0.018,0.0,0.4,0.55,0.364
238,3,0.468,0.409,0.9,0.409,0.25,0.509,0.6,0.473
239,3,0.718,0.8,1.0,0.8,0.5,0.618,0.65,0.582
240,,0.568,0.65,0.85,0.65,0.35,0.468,0.5,0.432
241,,0.418,0.5,0.7,0.5,0.2,0.318,0.35,0.282
242,,0.268,0.35,0.55,0.35,0.05,0.168,0.2,0.132
243,,0.118,0.2,0.4,0.2,-0.1,0.018,0.05,-0.018
244,5,0.168,0.309,0.65,0.591,0.9,0.409,0.3,0.091
245,5,0.218,0.418,0.9,0.982,1.0,0.8,0.55,0.2
246,,0.068,0.268,0.75,0.832,0.85,0.65,0.4,0.05
247,,-0.082,0.118,0.6,0.682,0.7,0.5,0.25,-0.1
248,8,0.309,0.368,0.709,0.732,0.809,0.75,0.641,0.9
249,8,0.7,0.618,0.818,0.782,0.918,1.0,1.0,1.0
250,,0.55,0.468,0.668,0.632,0.768,0.85,0.85,0.85
251,,0.4,0.318,0.518,0.482,0.618,0.7,0.7,0.7
252,,0.25,0.168,0.368,0.332,0.468,0.55,0.55,0.55
253,,0.1,0.018,0.218,0.182,0.318,0.4,0.4,0.4
254,,-0.05,-0.132,0.068,0.032,0.168,0.25,0.25,0.25
255,2,0.341,0.868,0.459,0.282,0.277,0.3,0.359,0.5
256,2,0.732,1.0,0.85,0.532,0.386,0.35,0.468,0.75
257,,0.582,0.85,0.7,0.382,0.236,0.2,0.318,0.6
258,,0.432,0.7,0.55,0.232,0.086,0.05,0.168,0.45
259,,0.282,0.55,0.4,0.082,-0.064,-0.1,0.018,0.3
260,6,0.391,0.6,0.509,0.332,0.327,0.9,0.409,0.55
261,6,0.5,0.65,0.618,0.582,0.718,1.0,0.8,0.8
262,,0.35,0.5,0.468,0.432,0.568,0.85,0.65,0.65
263,,0.2,0.35,0.318,0.282,0.418,0.7,0.5,0.5
264,,0.05,0.2,0.168,0.132,0.268,0.55,0.35,0.35
265,,-0.1,0.05,0.018,-0.018,0.118,0.4,0.2,0.2
266,1,0.9,0.441,0.268,0.091,0.168,0.509,0.45,0.591
267,1,1.0,0.832,0.518,0.2,0.218,0.618,0.7,0.982
268,,0.85,0.682,0.368,0.05,0.068,0.468,0.55,0.832
269,,0.7,0.532,0.218,-0.1,-0.082,0.318,0.4,0.682
270,4,0.809,0.782,0.609,0.9,0.309,0.568,0.509,0.732
271,4,0.918,1.0,1.0,1.0,0.7,0.818,0.618,0.782
272,,0.768,0.85,0.85,0.85,0.55,0.668,0.468,0.632
273,,0.618,0.7,0.7,0.7,0.4,0.518,0.318,0.482
274,,0.468,0.55,0.55,0.55,0.25,0.368,0.168,0.332
275,,0.318,0.4,0.4,0.4,0.1,0.218,0.018,0.182
276,,0.168,0.25,0.25,0.25,-0.05,0.068,-0.132,0.032
277,7,0.418,0.359,0.3,0.359,0.2,0.459,0.868,0.423
278,7,0.668,0.468,0.35,0.468,0.45,0.85,1.0,0.814
279,,0.518,0.318,0.2,0.318,0.3,0.7,0.85,0.664
280,,0.368,0.168,0.05,0.168,0.15,0.55,0.7,0.514
281,,0.218,0.018,-0.1,0.018,0.0,0.4,0.55,0.364
282,3,0.468,0.409,0.9,0.409,0.25,0.509,0.6,0.473
283,3,0.718,0.8,1.0,0.8,0.5,0.618,0.65,0.582
284,,0.568,0.65,0.85,0.65,0.35,0.468,0.5,0.432
285,,0.418,0.5,0.7,0.5,0.2,0.318,0.35,0.282
286,,0.268,0.35,0.55,0.35,0.05,0.168,0.2,0.132
287,,0.118,0.2,0.4,0.2,-0.1,0.018,0.05,-0.018
288,5,0.168,0.309,0.65,0.591,0.9,0.409,0.3,0.091
289,5,0.218,0.418,0.9,0.982,1.0,0.8,0.55,0.2
290,,0.068,0.268,0.75,0.832,0.85,0.65,0.4,0.05
291,,-0.082,0.118,0.6,0.682,0.7,0.5,0.25,-0.1
292,8,0.309,0.368,0.709,0.732,0.809,0.75,0.641,0.9
293,8,0.7,0.618,0.818,0.782,0.918,1.0,1.0,1.0
294,,0.55,0.468,0.668,0.632,0.768,0.85,0.85,0.85
295,,0.4,0.318,0.518,0.482,0.618,0.7,0.7,0.7
296,,0.25,0.168,0.368,0.332,0.468,0.55,0.55,0.55
297,,0.1,0.018,0.218,0.182,0.318,0.4,0.4,0.4
298,,-0.05,-0.132,0.068,0.032,0.168,0.25,0.25,0.25
299,2,0.341,0.868,0.459,0.282,0.277,0.3,0.359,0.5
300,2,0.732,1.0,0.85,0.532,0.386,0.35,0.468,0.75
301,,0.582,0.85,0.7,0.382,0.236,0.2,0.318,0.6
302,,0.432,0.7,0.55,0.232,0.086,0.05,0.168,0.45
303,,0.282,0.55,0.4,0.082,-0.064,-0.1,0.018,0.3
304,6,0.391,0.6,0.509,0.332,0.327,0.9,0.409,0.55
305,6,0.5,0.65,0.618,0.582,0.718,1.0,0.8,0.8
306,,0.35,0.5,0.468,0.432,0.568,0.85,0.65,0.65
307,,0.2,0.35,0.318,0.282,0.418,0.7,0.5,0.5
308,,0.05,0.2,0.168,0.132,0.268,0.55,0.35,0.35
309,,-0.1,0.05,0.018,-0.018,0.118,0.4,0.2,0.2
310,1,0.9,0.441,0.268,0.091,0.168,0.509,0.45,0.591
311,1,1.0,0.832,0.518,0.2,0.218,0.618,0.7,0.982
312,,0.85,0.682,0.368,0.05,0.068,0.468,0.55,0.832
313,,0.7,0.532,0.218,-0.1,-0.082,0.318,0.4,0.682
314,4,0.809,0.782,0.609,0.9,0.309,0.568,0.509,0.732
315,4,0.918,1.0,1.0,1.0,0.7,0.818,0.618,0.782
316,,0.768,0.85,0.85,0.85,0.55,0.668,0.468,0.632
317,,0.618,0.7,0.7,0.7,0.4,0.518,0.318,0.482
318,,0.468,0.55,0.55,0.55,0.25,0.368,0.168,0.332
319,,0.318,0.4,0.4,0.4,0.1,0.218,0.018,0.182
320,,0.168,0.25,0.25,0.25,-0.05,0.068,-0.132,0.032
321,7,0.418,0.359,0.3,0.359,0.2,0.459,0.868,0.423
322,7,0.668,0.468,0.35,0.468,0.45,0.85,1.0,0.814
323,,0.518,0.318,0.2,0.318,0.3,0.7,0.85,0.664
324,,0.368,0.168,0.05,0.168,0.15,0.55,0.7,0.514
325,,0.218,0.018,-0.1,0.018,0.0,0.4,0.55,0.364
326,3,0.468,0.409,0.9,0.409,0.25,0.509,0.6,0.473
327,3,0.718,0.8,1.0,0.8,0.5,0.618,0.65,0.582
328,,0.568,0.65,0.85,0.65,0.35,0.468,0.5,0.432
329,,0.418,0.5,0.7,0.5,0.2,0.318,0.35,0.282
330,,0.268,0.35,0.55,0.35,0.05,0.168,0.2,0.132
331,,0.118,0.2,0.4,0.2,-0.1,0.018,0.05,-0.018
332,5,0.168,0.309,0.65,0.591,0.9,0.409,0.3,0.091
333,5,0.218,0.418,0.9,0.982,1.0,0.8,0.55,0.2
334,,0.068,0.268,0.75,0.832,0.85,0.65,0.4,0.05
335,,-0.082,0.118,0.6,0.682,0.7,0.5,0.25,-0.1
336,8,0.309,0.368,0.709,0.732,0.809,0.75,0.641,0.9
337,8,0.7,0.618,0.818,0.782,0.918,1.0,1.0,1.0
338,,0.55,0.468,0.668,0.632,0.768,0.85,0.85,0.85
339,,0.4,0.318,0.518,0.482,0.618,0.7,0.7,0.7
340,,0.25,0.168,0.368,0.332,0.468,0.55,0.55,0.55
341,,0.1,0.018,0.218,0.182,0.318,0.4,0.4,0.4
342,,-0.05,-0.132,0.068,0.032,0.168,0.25,0.25,0.25
343,2,0.341,0.868,0.459,0.282,0.277,0.3,0.359,0.5
344,2,0.732,1.0,0.85,0.532,0.386,0.35,0.468,0.75
345,,0.582,0.85,0.7,0.382,0.236,0.2,0.318,0.6
346,,0.432,0.7,0.55,0.232,0.086,0.05,0.168,0.45
347,,0.282,0.55,0.4,0.082,-0.064,-0.1,0.018,0.3
348,6,0.391,0.6,0.509,0.332,0.327,0.9,0.409,0.55
349,6,0.5,0.65,0.618,0.582,0.718,1.0,0.8,0.8
350,,0.35,0.5,0.468,0.432,0.568,0.85,0.65,0.65
351,,0.2,0.35,0.318,0.282,0.418,0.7,0.5,0.5
352,,0.05,0.2,0.168,0.132,0.268,0.55,0.35,0.35
353,,-0.1,0.05,0.018,-0.018,0.118,0.4,0.2,0.2
354,1,0.9,0.441,0.268,0.091,0.168,0.509,0.45,0.591
355,1,1.0,0.832,0.518,0.2,0.218,0.618,0.7,0.982
356,,0.85,0.682,0.368,0.05,0.068,0.468,0.55,0.832
357,,0.7,0.532,0.218,-0.1,-0.082,0.318,0.4,0.682
358,4,0.809,0.782,0.609,0.9,0.309,0.568,0.509,0.732
359,4,0.918,1.0,1.0,1.0,0.7,0.818,0.618,0.782
360,,0.768,0.85,0.85,0.85,0.55,0.668,0.468,0.632
361,,0.618,0.7,0.7,0.7,0.4,0.518,0.318,0.482
362,,0.468,0.55,0.55,0.55,0.25,0.368,0.168,0.332
363,,0.318,0.4,0.4,0.4,0.1,0.218,0.018,0.182
364,,0.168,0.25,0.25,0.25,-0.05,0.068,-0.132,0.032
365,7,0.418,0.359,0.3,0.359,0.2,0.459,0.868,0.423
366,7,0.668,0.468,0.35,0.468,0.45,0.85,1.0,0.814
367,,0.518,0.318,0.2,0.318,0.3,0.7,0.85,0.664
368,,0.368,0.168,0.05,0.168,0.15,0.55,0.7,0.514
369,,0.218,0.018,-0.1,0.018,0.0,0.4,0.55,0.364
370,3,0.468,0.409,0.9,0.409,0.25,0.509,0.6,0.473
371,3,0.718,0.8,1.0,0.8,0.5,0.618,0.65,0.582
372,,0.568,0.65,0.85,0.65,0.35,0.468,0.5,0.432
373,,0.418,0.5,0.7,0.5,0.2,0.318,0.35,0.282
374,,0.268,0.35,0.55,0.35,0.05,0.168,0.2,0.132
375,,0.118,0.2,0.4,0.2,-0.1,0.018,0.05,-0.018
376,5,0.168,0.309,0.65,0.591,0.9,0.409,0.3,0.091
377,5,0.218,0.418,0.9,0.982,1.0,0.8,0.55,0.2
378,,0.068,0.268,0.75,0.832,0.85,0.65,0.4,0.05
379,,-0.082,0.118,0.6,0.682,0.7,0.5,0.25,-0.1
380,8,0.309,0.368,0.709,0.732,0.809,0.75,0.641,0.9
381,8,0.7,0.618,0.818,0.782,0.918,1.0,1.0,1.0
382,,0.55,0.468,0.668,0.632,0.768,0.85,0.85,0.85
383,,0.4,0.318,0.518,0.482,0.618,0.7,0.7,0.7
384,,0.25,0.168,0.368,0.332,0.468,0.55,0.55,0.55
385,,0.1,0.018,0.218,0.182,0.318,0.4,0.4,0.4
386,,-0.05,-0.132,0.068,0.032,0.168,0.25,0.25,0.25
387,2,0.341,0.868,0.459,0.282,0.277,0.3,0.359,0.5
388,2,0.732,1.0,0.85,0.532,0.386,0.35,0.468,0.75
389,,0.582,0.85,0.7,0.382,0.236,0.2,0.318,0.6
390,,0.432,0.7,0.55,0.232,0.086,0.05,0.168,0.45
391,,0.282,0.55,0.4,0.082,-0.064,-0.1,0.018,0.3
392,6,0.391,0.6,0.509,0.332,0.327,0.9,0.409,0.55
393,6,0.5,0.65,0.618,0.582,0.718,1.0,0.8,0.8
394,,0.35,0.5,0.468,0.432,0.568,0.85,0.65,0.65
395,,0.2,0.35,0.318,0.282,0.418,0.7,0.5,0.5
396,,0.05,0.2,0.168,0.132,0.268,0.55,0.35,0.35
397,,-0.1,0.05,0.018,-0.018,0.118,0.4,0.2,0.2
398,1,0.9,0.441,0.268,0.091,0.168,0.509,0.45,0.591
399,1,1.0,0.832,0.518,0.2,0.218,0.618,0.7,0.982
400,,0.85,0.682,0.368,0.05,0.068,0.468,0.55,0.832
401,,0.7,0.532,0.218,-0.1,-0.082,0.318,0.4,0.682
402,4,0.809,0.782,0.609,0.9,0.309,0.568,0.509,0.732
403,4,0.918,1.0,1.0,1.0,0.7,0.818,0.618,0.782
404,,0.768,0.85,0.85,0.85,0.55,0.668,0.468,0.632
405,,0.618,0.7,0.7,0.7,0.4,0.518,0.318,0.482
406,,0.468,0.55,0.55,0.55,0.25,0.368,0.168,0.332
407,,0.318,0.4,0.4,0.4,0.1,0.218,0.018,0.182
408,,0.168,0.25,0.25,0.25,-0.05,0.068,-0.132,0.032
409,7,0.418,0.359,0.3,0.359,0.2,0.459,0.868,0.423
410,7,0.668,0.468,0.35,0.468,0.45,0.85,1.0,0.814
411,,0.518,0.318,0.2,0.318,0.3,0.7,0.85,0.664
412,,0.368,0.168,0.05,0.168,0.15,0.55,0.7,0.514
413,,0.218,0.018,-0.1,0.018,0.0,0.4,0.55,0.364
414,3,0.468,0.409,0.9,0.409,0.25,0.509,0.6,0.473
415,3,0.718,0.8,1.0,0.8,0.5,0.618,0.65,0.582
416,,0.568,0.65,0.85,0.65,0.35,0.468,0.5,0.432
417,,0.418,0.5,0.7,0.5,0.2,0.318,0.35,0.282
418,,0.268,0.35,0.55,0.35,0.05,0.168,0.2,0.132
419,,0.118,0.2,0.4,0.2,-0.1,0.018,0.05,-0.018
420,5,0.168,0.309,0.65,0.591,0.9,0.409,0.3,0.091
421,5,0.218,0.418,0.9,0.982,1.0,0.8,0.55,0.2
422,,0.068,0.268,0.75,0.832,0.85,0.65,0.4,0.05
423,,-0.082,0.118,0.6,0.682,0.7,0.5,0.25,-0.1
424,8,0.309,0.368,0.709,0.732,0.809,0.75,0.641,0.9
425,8,0.7,0.618,0.818,0.782,0.918,1.0,1.0,1.0
426,,0.55,0.468,0.668,0.632,0.768,0.85,0.85,0.85
427,,0.4,0.318,0.518,0.482,0.618,0.7,0.7,0.7
428,,0.25,0.168,0.368,0.332,0.468,0.55,0.55,0.55
429,,0.1,0.018,0.218,0.182,0.318,0.4,0.4,0.4
430,,-0.05,-0.132,0.068,0.032,0.168,0.25,0.25,0.25
431,2,0.341,0.868,0.459,0.282,0.277,0.3,0.359,0.5
432,2,0.732,1.0,0.85,0.532,0.386,0.35,0.468,0.75
433,,0.582,0.85,0.7,0.382,0.236,0.2,0.318,0.6
434,,0.432,0.7,0.55,0.232,0.086,0.05,0.168,0.45
435,,0.282,0.55,0.4,0.082,-0.064,-0.1,0.018,0.3
436,6,0.391,0.6,0.509,0.332,0.327,0.9,0.409,0.55
437,6,0.5,0.65,0.618,0.582,0.718,1.0,0.8,0.8
438,,0.35,0.5,0.468,0.432,0.568,0.85,0.65,0.65
439,,0.2,0.35,0.318,0.282,0.418,0.7,0.5,0.5
440,,0.05,0.2,0.168,0.132,0.268,0.55,0.35,0.35
441,,-0.1,0.05,0.018,-0.018,0.118,0.4,0.2,0.2
442,1,0.9,0.441,0.268,0.091,0.168,0.509,0.45,0.591
443,1,1.0,0.832,0.518,0.2,0.218,0.618,0.7,0.982
444,,0.85,0.682,0.368,0.05,0.068,0.468,0.55,0.832
445,,0.7,0.532,0.218,-0.1,-0.082,0.318,0.4,0.682
446,4,0.809,0.782,0.609,0.9,0.309,0.568,0.509,0.732
447,4,0.918,1.0,1.0,1.0,0.7,0.818,0.618,0.782
448,,0.768,0.85,0.85,0.85,0.55,0.668,0.468,0.632
449,,0.618,0.7,0.7,0.7,0.4,0.518,0.318,0.482
450,,0.468,0.55,0.55,0.55,0.25,0.368,0.168,0.332
451,,0.318,0.4,0.4,0.4,0.1,0.218,0.018,0.182
452,,0.168,0.25,0.25,0.25,-0.05,0.068,-0.132,0.032
453,7,0.418,0.359,0.3,0.359,0.2,0.459,0.868,0.423
454,7,0.668,0.468,0.35,0.468,0.45,0.85,1.0,0.814
455,,0.518,0.318,0.2,0.318,0.3,0.7,0.85,0.664
456,,0.368,0.168,0.05,0.168,0.15,0.55,0.7,0.514
457,,0.218,0.018,-0.1,0.018,0.0,0.4,0.55,0.364
458,3,0.468,0.409,0.9,0.409,0.25,0.509,0.6,0.473
459,3,0.718,0.8,1.0,0.8,0.5,0.618,0.65,0.582
460,,0.568,0.65,0.85,0.65,0.35,0.468,0.5,0.432
461,,0.418,0.5,0.7,0.5,0.2,0.318,0.35,0.282
462,,0.268,0.35,0.55,0.35,0.05,0.168,0.2,0.132
463,,0.118,0.2,0.4,0.2,-0.1,0.018,0.05,-0.018
464,5,0.168,0.309,0.65,0.591,0.9,0.409,0.3,0.091
465,5,0.218,0.418,0.9,0.982,1.0,0.8,0.55,0.2
466,,0.068,0.268,0.75,0.832,0.85,0.65,0.4,0.05
467,,-0.082,0.118,0.6,0.682,0.7,0.5,0.25,-0.1
468,8,0.309,0.368,0.709,0.732,0.809,0.75,0.641,0.9
469,8,0.7,0.618,0.818,0.782,0.918,1.0,1.0,1.0
470,,0.55,0.468,0.668,0.632,0.768,0.85,0.85,0.85
471,,0.4,0.318,0.518,0.482,0.618,0.7,0.7,0.7
472,,0.25,0.168,0.368,0.332,0.468,0.55,0.55,0.55
473,,0.1,0.018,0.218,0.182,0.318,0.4,0.4,0.4
474,,-0.05,-0.132,0.068,0.032,0.168,0.25,0.25,0.25
475,2,0.341,0.868,0.459,0.282,0.277,0.3,0.359,0.5
476,2,0.732,1.0,0.85,0.532,0.386,0.35,0.468,0.75
477,,0.582,0.85,0.7,0.382,0.236,0.2,0.318,0.6
478,,0.432,0.7,0.55,0.232,0.086,0.05,0.168,0.45
479,,0.282,0.55,0.4,0.082,-0.064,-0.1,0.018,0.3
480,6,0.391,0.6,0.509,0.332,0.327,0.9,0.409,0.55
481,6,0.5,0.65,0.618,0.582,0.718,1.0,0.8,0.8
482,,0.35,0.5,0.468,0.432,0.568,0.85,0.65,0.65
483,,0.2,0.35,0.318,0.282,0.418,0.7,0.5,0.5
484,,0.05,0.2,0.168,0.132,0.268,0.55,0.35,0.35
485,,-0.1,0.05,0.018,-0.018,0.118,0.4,0.2,0.2
486,1,0.9,0.441,0.268,0.091,0.168,0.509,0.45,0.591
487,1,1.0,0.832,0.518,0.2,0.218,0.618,0.7,0.982
488,,0.85,0.682,0.368,0.05,0.068,0.468,0.55,0.832
489,,0.7,0.532,0.218,-0.1,-0.082,0.318,0.4,0.682
490,4,0.809,0.782,0.609,0.9,0.309,0.568,0.509,0.732
491,4,0.918,1.0,1.0,1.0,0.7,0.818,0.618,0.782
492,,0.768,0.85,0.85,0.85,0.55,0.668,0.468,0.632
493,,0.618,0.7,0.7,0.7,0.4,0.518,0.318,0.482
494,,0.468,0.55,0.55,0.55,0.25,0.368,0.168,0.332
495,,0.318,0.4,0.4,0.4,0.1,0.218,0.018,0.182
496,,0.168,0.25,0.25,0.25,-0.05,0.068,-0.132,0.032
497,7,0.418,0.359,0.3,0.359,0.2,0.459,0.868,0.423
498,7,0.668,0.468,0.35,0.468,0.45,0.85,1.0,0.814
499,,0.518,0.318,0.2,0.318,0.3,0.7,0.85,0.664
