step,active_motive,motive_1,motive_2,motive_3,motive_4,motive_5,motive_6,motive_7,motive_8
0,,0.30298,0.46315,0.32554,0.45748,0.42502,0.22473,0.04771,0.18541
1,,0.15298,0.31315,0.17554,0.30748,0.27502,0.07473,-0.10229,0.03541
2,7,0.40298,0.42215,0.22554,0.41648,0.52502,0.46573,0.89771,0.42641
3,7,0.65298,0.53115,0.27554,0.52548,0.77502,0.85673,1.0,0.81741
4,,0.50298,0.38115,0.12554,0.37548,0.62502,0.70673,0.85,0.66741
5,,0.35298,0.23115,-0.02446,0.22548,0.47502,0.55673,0.7,0.51741
6,3,0.60298,0.62215,0.97554,0.61648,0.72502,0.66573,0.75,0.62641
7,3,0.85298,1.0,1.0,1.0,0.97502,0.77473,0.8,0.73541
8,,0.70298,0.85,0.85,0.85,0.82502,0.62473,0.65,0.58541
9,,0.55298,0.7,0.7,0.7,0.67502,0.47473,0.5,0.43541
10,,0.40298,0.55,0.55,0.55,0.52502,0.32473,0.35,0.28541
11,,0.25298,0.4,0.4,0.4,0.37502,0.17473,0.2,0.13541
12,,0.10298,0.25,0.25,0.25,0.22502,0.02473,0.05,-0.01459
13,8,0.49398,0.5,0.359,0.3,0.33402,0.27473,0.441,0.98541
14,8,0.88498,0.75,0.468,0.35,0.44302,0.52473,0.832,1.0
15,,0.73498,0.6,0.318,0.2,0.29302,0.37473,0.682,0.85
16,,0.58498,0.45,0.168,0.05,0.14302,0.22473,0.532,0.7
17,,0.43498,0.3,0.018,-0.1,-0.00698,0.07473,0.382,0.55
18,4,0.54398,0.55,0.409,0.9,0.38402,0.32473,0.491,0.6
19,4,0.65298,0.8,0.8,1.0,0.77502,0.57473,0.6,0.65
20,,0.50298,0.65,0.65,0.85,0.62502,0.42473,0.45,0.5
21,,0.35298,0.5,0.5,0.7,0.47502,0.27473,0.3,0.35
22,,0.20298,0.35,0.35,0.55,0.32502,0.12473,0.15,0.2
23,,0.05298,0.2,0.2,0.4,0.17502,-0.02527,0.0,0.05
24,6,0.16198,0.25,0.309,0.65,0.56602,0.97473,0.391,0.3
25,6,0.27098,0.3,0.418,0.9,0.95702,1.0,0.782,0.55
26,,0.12098,0.15,0.268,0.75,0.80702,0.85,0.632,0.4
27,,-0.02902,0.0,0.118,0.6,0.65702,0.7,0.482,0.25
28,1,0.97098,0.391,0.368,0.709,0.70702,0.809,0.732,0.641
29,1,1.0,0.782,0.618,0.818,0.75702,0.918,0.982,1.0
30,,0.85,0.632,0.468,0.668,0.60702,0.768,0.832,0.85
31,,0.7,0.482,0.318,0.518,0.45702,0.618,0.682,0.7
32,,0.55,0.332,0.168,0.368,0.30702,0.468,0.532,0.55
33,,0.4,0.182,0.018,0.218,0.15702,0.318,0.382,0.4
34,,0.25,0.032,-0.132,0.068,0.00702,0.168,0.232,0.25
35,3,0.5,0.423,0.868,0.459,0.25702,0.277,0.282,0.359
36,3,0.75,0.814,1.0,0.85,0.50702,0.386,0.332,0.468
37,,0.6,0.664,0.85,0.7,0.35702,0.236,0.182,0.318
38,,0.45,0.514,0.7,0.55,0.20702,0.086,0.032,0.168
39,,0.3,0.364,0.55,0.4,0.05702,-0.064,-0.118,0.018
40,7,0.55,0.473,0.6,0.509,0.30702,0.327,0.882,0.409
41,7,0.8,0.582,0.65,0.618,0.55702,0.718,1.0,0.8
42,,0.65,0.432,0.5,0.468,0.40702,0.568,0.85,0.65
43,,0.5,0.282,0.35,0.318,0.25702,0.418,0.7,0.5
44,,0.35,0.132,0.2,0.168,0.10702,0.268,0.55,0.35
45,,0.2,-0.018,0.05,0.018,-0.04298,0.118,0.4,0.2
46,5,0.25,0.091,0.3,0.409,0.95702,0.509,0.65,0.309
47,5,0.3,0.2,0.55,0.8,1.0,0.9,0.9,0.418
48,,0.15,0.05,0.4,0.65,0.85,0.75,0.75,0.268
49,,0.0,-0.1,0.25,0.5,0.7,0.6,0.6,0.118
50,2,0.391,0.9,0.641,0.75,0.809,0.65,0.709,0.368
51,2,0.782,1.0,1.0,1.0,0.918,0.7,0.818,0.618
52,,0.632,0.85,0.85,0.85,0.768,0.55,0.668,0.468
53,,0.482,0.7,0.7,0.7,0.618,0.4,0.518,0.318
54,,0.332,0.55,0.55,0.55,0.468,0.25,0.368,0.168
55,,0.182,0.4,0.4,0.4,0.318,0.1,0.218,0.018
56,,0.032,0.25,0.25,0.25,0.168,-0.05,0.068,-0.132
57,8,0.423,0.5,0.359,0.3,0.277,0.2,0.459,0.868
58,8,0.814,0.75,0.468,0.35,0.386,0.45,0.85,1.0
59,,0.664,0.6,0.318,0.2,0.236,0.3,0.7,0.85
60,,0.514,0.45,0.168,0.05,0.086,0.15,0.55,0.7
61,,0.364,0.3,0.018,-0.1,-0.064,0.0,0.4,0.55
62,4,0.473,0.55,0.409,0.9,0.327,0.25,0.509,0.6
63,4,0.582,0.8,0.8,1.0,0.718,0.5,0.618,0.65
64,,0.432,0.65,0.65,0.85,0.568,0.35,0.468,0.5
65,,0.282,0.5,0.5,0.7,0.418,0.2,0.318,0.35
66,,0.132,0.35,0.35,0.55,0.268,0.05,0.168,0.2
67,,-0.018,0.2,0.2,0.4,0.118,-0.1,0.018,0.05
68,6,0.091,0.25,0.309,0.65,0.509,0.9,0.409,0.3
69,6,0.2,0.3,0.418,0.9,0.9,1.0,0.8,0.55
70,,0.05,0.15,0.268,0.75,0.75,0.85,0.65,0.4
71,,-0.1,0.0,0.118,0.6,0.6,0.7,0.5,0.25
72,1,0.9,0.391,0.368,0.709,0.65,0.809,0.75,0.641
73,1,1.0,0.782,0.618,0.818,0.7,0.918,1.0,1.0
74,,0.85,0.632,0.468,0.668,0.55,0.768,0.85,0.85
75,,0.7,0.482,0.318,0.518,0.4,0.618,0.7,0.7
76,,0.55,0.332,0.168,0.368,0.25,0.468,0.55,0.55
77,,0.4,0.182,0.018,0.218,0.1,0.318,0.4,0.4
78,,0.25,0.032,-0.132,0.068,-0.05,0.168,0.25,0.25
79,3,0.5,0.423,0.868,0.459,0.2,0.277,0.3,0.359
80,3,0.75,0.814,1.0,0.85,0.45,0.386,0.35,0.468
81,,0.6,0.664,0.85,0.7,0.3,0.236,0.2,0.318
82,,0.45,0.514,0.7,0.55,0.15,0.086,0.05,0.168
83,,0.3,0.364,0.55,0.4,0.0,-0.064,-0.1,0.018
84,7,0.55,0.473,0.6,0.509,0.25,0.327,0.9,0.409
85,7,0.8,0.582,0.65,0.618,0.5,0.718,1.0,0.8
86,,0.65,0.432,0.5,0.468,0.35,0.568,0.85,0.65
87,,0.5,0.282,0.35,0.318,0.2,0.418,0.7,0.5
88,,0.35,0.132,0.2,0.168,0.05,0.268,0.55,0.35
89,,0.2,-0.018,0.05,0.018,-0.1,0.118,0.4,0.2
90,5,0.25,0.091,0.3,0.409,0.9,0.509,0.65,0.309
91,5,0.3,0.2,0.55,0.8,1.0,0.9,0.9,0.418
92,,0.15,0.05,0.4,0.65,0.85,0.75,0.75,0.268
93,,0.0,-0.1,0.25,0.5,0.7,0.6,0.6,0.118
94,2,0.391,0.9,0.641,0.75,0.809,0.65,0.709,0.368
95,2,0.782,1.0,1.0,1.0,0.918,0.7,0.818,0.618
96,,0.632,0.85,0.85,0.85,0.768,0.55,0.668,0.468
97,,0.482,0.7,0.7,0.7,0.618,0.4,0.518,0.318
98,,0.332,0.55,0.55,0.55,0.468,0.25,0.368,0.168
99,,0.182,0.4,0.4,0.4,0.318,0.1,0.218,0.018
100,,0.032,0.25,0.25,0.25,0.168,-0.05,0.068,-0.132
101,8,0.423,0.5,0.359,0.3,0.277,0.2,0.459,0.868
102,8,0.814,0.75,0.468,0.35,0.386,0.45,0.85,1.0
103,,0.664,0.6,0.318,0.2,0.236,0.3,0.7,0.85
104,,0.514,0.45,0.168,0.05,0.086,0.15,0.55,0.7
105,,0.364,0.3,0.018,-0.1,-0.064,0.0,0.4,0.55
106,4,0.473,0.55,0.409,0.9,0.327,0.25,0.509,0.6
107,4,0.582,0.8,0.8,1.0,0.718,0.5,0.618,0.65
108,,0.432,0.65,0.65,0.85,0.568,0.35,0.468,0.5
109,,0.282,0.5,0.5,0.7,0.418,0.2,0.318,0.35
110,,0.132,0.35,0.35,0.55,0.268,0.05,0.168,0.2
111,,-0.018,0.2,0.2,0.4,0.118,-0.1,0.018,0.05
112,6,0.091,0.25,0.309,0.65,0.509,0.9,0.409,0.3
113,6,0.2,0.3,0.418,0.9,0.9,1.0,0.8,0.55
114,,0.05,0.15,0.268,0.75,0.75,0.85,0.65,0.4
115,,-0.1,0.0,0.118,0.6,0.6,0.7,0.5,0.25
116,1,0.9,0.391,0.368,0.709,0.65,0.809,0.75,0.641
117,1,1.0,0.782,0.618,0.818,0.7,0.918,1.0,1.0
118,,0.85,0.632,0.468,0.668,0.55,0.768,0.85,0.85
119,,0.7,0.482,0.318,0.518,0.4,0.618,0.7,0.7
120,,0.55,0.332,0.168,0.368,0.25,0.468,0.55,0.55
121,,0.4,0.182,0.018,0.218,0.1,0.318,0.4,0.4
122,,0.25,0.032,-0.132,0.068,-0.05,0.168,0.25,0.25
123,3,0.5,0.423,0.868,0.459,0.2,0.277,0.3,0.359
124,3,0.75,0.814,1.0,0.85,0.45,0.386,0.35,0.468
125,,0.6,0.664,0.85,0.7,0.3,0.236,0.2,0.318
126,,0.45,0.514,0.7,0.55,0.15,0.086,0.05,0.168
127,,0.3,0.364,0.55,0.4,0.0,-0.064,-0.1,0.018
128,7,0.55,0.473,0.6,0.509,0.25,0.327,0.9,0.409
129,7,0.8,0.582,0.65,0.618,0.5,0.718,1.0,0.8
130,,0.65,0.432,0.5,0.468,0.35,0.568,0.85,0.65
131,,0.5,0.282,0.35,0.318,0.2,0.418,0.7,0.5
132,,0.35,0.132,0.2,0.168,0.05,0.268,0.55,0.35
133,,0.2,-0.018,0.05,0.018,-0.1,0.118,0.4,0.2
134,5,0.25,0.091,0.3,0.409,0.9,0.509,0.65,0.309
135,5,0.3,0.2,0.55,0.8,1.0,0.9,0.9,0.418
136,,0.15,0.05,0.4,0.65,0.85,0.75,0.75,0.268
137,,0.0,-0.1,0.25,0.5,0.7,0.6,0.6,0.118
138,2,0.391,0.9,0.641,0.75,0.809,0.65,0.709,0.368
139,2,0.782,1.0,1.0,1.0,0.918,0.7,0.818,0.618
140,,0.632,0.85,0.85,0.85,0.768,0.55,0.668,0.468
141,,0.482,0.7,0.7,0.7,0.618,0.4,0.518,0.318
142,,0.332,0.55,0.55,0.55,0.468,0.25,0.368,0.168
143,,0.182,0.4,0.4,0.4,0.318,0.1,0.218,0.018
144,,0.032,0.25,0.25,0.25,0.168,-0.05,0.068,-0.132
145,8,0.423,0.5,0.359,0.3,0.277,0.2,0.459,0.868
146,8,0.814,0.75,0.468,0.35,0.386,0.45,0.85,1.0
147,,0.664,0.6,0.318,0.2,0.236,0.3,0.7,0.85
148,,0.514,0.45,0.168,0.05,0.086,0.15,0.55,0.7
149,,0.364,0.3,0.018,-0.1,-0.064,0.0,0.4,0.55
150,4,0.473,0.55,0.409,0.9,0.327,0.25,0.509,0.6
151,4,0.582,0.8,0.8,1.0,0.718,0.5,0.618,0.65
152,,0.432,0.65,0.65,0.85,0.568,0.35,0.468,0.5
153,,0.282,0.5,0.5,0.7,0.418,0.2,0.318,0.35
154,,0.132,0.35,0.35,0.55,0.268,0.05,0.168,0.2
155,,-0.018,0.2,0.2,0.4,0.118,-0.1,0.018,0.05
156,6,0.091,0.25,0.309,0.65,0.509,0.9,0.409,0.3
157,6,0.2,0.3,0.418,0.9,0.9,1.0,0.8,0.55
158,,0.05,0.15,0.268,0.75,0.75,0.85,0.65,0.4
159,,-0.1,0.0,0.118,0.6,0.6,0.7,0.5,0.25
160,1,0.9,0.391,0.368,0.709,0.65,0.809,0.75,0.641
161,1,1.0,0.782,0.618,0.818,0.7,0.918,1.0,1.0
162,,0.85,0.632,0.468,0.668,0.55,0.768,0.85,0.85
163,,0.7,0.482,0.318,0.518,0.4,0.618,0.7,0.7
164,,0.55,0.332,0.168,0.368,0.25,0.468,0.55,0.55
165,,0.4,0.182,0.018,0.218,0.1,0.318,0.4,0.4
166,,0.25,0.032,-0.132,0.068,-0.05,0.168,0.25,0.25
167,3,0.5,0.423,0.868,0.459,0.2,0.277,0.3,0.359
168,3,0.75,0.814,1.0,0.85,0.45,0.386,0.35,0.468
169,,0.6,0.664,0.85,0.7,0.3,0.236,0.2,0.318
170,,0.45,0.514,0.7,0.55,0.15,0.086,0.05,0.168
171,,0.3,0.364,0.55,0.4,0.0,-0.064,-0.1,0.018
172,7,0.55,0.473,0.6,0.509,0.25,0.327,0.9,0.409
173,7,0.8,0.582,0.65,0.618,0.5,0.718,1.0,0.8
174,,0.65,0.432,0.5,0.468,0.35,0.568,0.85,0.65
175,,0.5,0.282,0.35,0.318,0.2,0.418,0.7,0.5
176,,0.35,0.132,0.2,0.168,0.05,0.268,0.55,0.35
177,,0.2,-0.018,0.05,0.018,-0.1,0.118,0.4,0.2
178,5,0.25,0.091,0.3,0.409,0.9,0.509,0.65,0.309
179,5,0.3,0.2,0.55,0.8,1.0,0.9,0.9,0.418
180,,0.15,0.05,0.4,0.65,0.85,0.75,0.75,0.268
181,,0.0,-0.1,0.25,0.5,0.7,0.6,0.6,0.118
182,2,0.391,0.9,0.641,0.75,0.809,0.65,0.709,0.368
183,2,0.782,1.0,1.0,1.0,0.918,0.7,0.818,0.618
184,,0.632,0.85,0.85,0.85,0.768,0.55,0.668,0.468
185,,0.482,0.7,0.7,0.7,0.618,0.4,0.518,0.318
186,,0.332,0.55,0.55,0.55,0.468,0.25,0.368,0.168
187,,0.182,0.4,0.4,0.4,0.318,0.1,0.218,0.018
188,,0.032,0.25,0.25,0.25,0.168,-0.05,0.068,-0.132
189,8,0.423,0.5,0.359,0.3,0.277,0.2,0.459,0.868
190,8,0.814,0.75,0.468,0.35,0.386,0.45,0.85,1.0
191,,0.664,0.6,0.318,0.2,0.236,0.3,0.7,0.85
192,,0.514,0.45,0.168,0.05,0.086,0.15,0.55,0.7
193,,0.364,0.3,0.018,-0.1,-0.064,0.0,0.4,0.55
194,4,0.473,0.55,0.409,0.9,0.327,0.25,0.509,0.6
195,4,0.582,0.8,0.8,1.0,0.718,0.5,0.618,0.65
196,,0.432,0.65,0.65,0.85,0.568,0.35,0.468,0.5
197,,0.282,0.5,0.5,0.7,0.418,0.2,0.318,0.35
198,,0.132,0.35,0.35,0.55,0.268,0.05,0.168,0.2
199,,-0.018,0.2,0.2,0.4,0.118,-0.1,0.018,0.05
200,6,0.091,0.25,0.309,0.65,0.509,0.9,0.409,0.3
201,6,0.2,0.3,0.418,0.9,0.9,1.0,0.8,0.55
202,,0.05,0.15,0.268,0.75,0.75,0.85,0.65,0.4
203,,-0.1,0.0,0.118,0.6,0.6,0.7,0.5,0.25
204,1,0.9,0.391,0.368,0.709,0.65,0.809,0.75,0.641
205,1,1.0,0.782,0.618,0.818,0.7,0.918,1.0,1.0
206,,0.85,0.632,0.468,0.668,0.55,0.768,0.85,0.85
207,,0.7,0.482,0.318,0.518,0.4,0.618,0.7,0.7
208,,0.55,0.332,0.168,0.368,0.25,0.468,0.55,0.55
209,,0.4,0.182,0.018,0.218,0.1,0.318,0.4,0.4
210,,0.25,0.032,-0.132,0.068,-0.05,0.168,0.25,0.25
211,3,0.5,0.423,0.868,0.459,0.2,0.277,0.3,0.359
212,3,0.75,0.814,1.0,0.85,0.45,0.386,0.35,0.468
213,,0.6,0.664,0.85,0.7,0.3,0.236,0.2,0.318
214,,0.45,0.514,0.7,0.55,0.15,0.086,0.05,0.168
215,,0.3,0.364,0.55,0.4,0.0,-0.064,-0.1,0.018
216,7,0.55,0.473,0.6,0.509,0.25,0.327,0.9,0.409
217,7,0.8,0.582,0.65,0.618,0.5,0.718,1.0,0.8
218,,0.65,0.432,0.5,0.468,0.35,0.568,0.85,0.65
219,,0.5,0.282,0.35,0.318,0.2,0.418,0.7,0.5
220,,0.35,0.132,0.2,0.168,0.05,0.268,0.55,0.35
221,,0.2,-0.018,0.05,0.018,-0.1,0.118,0.4,0.2
222,5,0.25,0.091,0.3,0.409,0.9,0.509,0.65,0.309
223,5,0.3,0.2,0.55,0.8,1.0,0.9,0.9,0.418
224,,0.15,0.05,0.4,0.65,0.85,0.75,0.75,0.268
225,,0.0,-0.1,0.25,0.5,0.7,0.6,0.6,0.118
226,2,0.391,0.9,0.641,0.75,0.809,0.65,0.709,0.368
227,2,0.782,1.0,1.0,1.0,0.918,0.7,0.818,0.618
228,,0.632,0.85,0.85,0.85,0.768,0.55,0.668,0.468
229,,0.482,0.7,0.7,0.7,0.618,0.4,0.518,0.318
230,,0.332,0.55,0.55,0.55,0.468,0.25,0.368,0.168
231,,0.182,0.4,0.4,0.4,0.318,0.1,0.218,0.018
232,,0.032,0.25,0.25,0.25,0.168,-0.05,0.068,-0.132
233,8,0.423,0.5,0.359,0.3,0.277,0.2,0.459,0.868
234,8,0.814,0.75,0.468,0.35,0.386,0.45,0.85,1.0
235,,0.664,0.6,0.318,0.2,0.236,0.3,0.7,0.85
236,,0.514,0.45,0.168,0.05,0.086,0.15,0.55,0.7
237,,0.364,0.3,0.018,-0.1,-0.064,0.0,0.4,0.55
238,4,0.473,0.55,0.409,0.9,0.327,0.25,0.509,0.6
239,4,0.582,0.8,0.8,1.0,0.718,0.5,0.618,0.65
240,,0.432,0.65,0.65,0.85,0.568,0.35,0.468,0.5
241,,0.282,0.5,0.5,0.7,0.418,0.2,0.318,0.35
242,,0.132,0.35,0.35,0.55,0.268,0.05,0.168,0.2
243,,-0.018,0.2,0.2,0.4,0.118,-0.1,0.018,0.05
244,6,0.091,0.25,0.309,0.65,0.509,0.9,0.409,0.3
245,6,0.2,0.3,0.418,0.9,0.9,1.0,0.8,0.55
246,,0.05,0.15,0.268,0.75,0.75,0.85,0.65,0.4
247,,-0.1,0.0,0.118,0.6,0.6,0.7,0.5,0.25
248,1,0.9,0.391,0.368,0.709,0.65,0.809,0.75,0.641
249,1,1.0,0.782,0.618,0.818,0.7,0.918,1.0,1.0
250,,0.85,0.632,0.468,0.668,0.55,0.768,0.85,0.85
251,,0.7,0.482,0.318,0.518,0.4,0.618,0.7,0.7
252,,0.55,0.332,0.168,0.368,0.25,0.468,0.55,0.55
253,,0.4,0.182,0.018,0.218,0.1,0.318,0.4,0.4
254,,0.25,0.032,-0.132,0.068,-0.05,0.168,0.25,0.25
255,3,0.5,0.423,0.868,0.459,0.2,0.277,0.3,0.359
256,3,0.75,0.814,1.0,0.85,0.45,0.386,0.35,0.468
257,,0.6,0.664,0.85,0.7,0.3,0.236,0.2,0.318
258,,0.45,0.514,0.7,0.55,0.15,0.086,0.05,0.168
259,,0.3,0.364,0.55,0.4,0.0,-0.064,-0.1,0.018
260,7,0.55,0.473,0.6,0.509,0.25,0.327,0.9,0.409
261,7,0.8,0.582,0.65,0.618,0.5,0.718,1.0,0.8
262,,0.65,0.432,0.5,0.468,0.35,0.568,0.85,0.65
263,,0.5,0.282,0.35,0.318,0.2,0.418,0.7,0.5
264,,0.35,0.132,0.2,0.168,0.05,0.268,0.55,0.35
265,,0.2,-0.018,0.05,0.018,-0.1,0.118,0.4,0.2
266,5,0.25,0.091,0.3,0.409,0.9,0.509,0.65,0.309
267,5,0.3,0.2,0.55,0.8,1.0,0.9,0.9,0.418
268,,0.15,0.05,0.4,0.65,0.85,0.75,0.75,0.268
269,,0.0,-0.1,0.25,0.5,0.7,0.6,0.6,0.118
270,2,0.391,0.9,0.641,0.75,0.809,0.65,0.709,0.368
271,2,0.782,1.0,1.0,1.0,0.918,0.7,0.818,0.618
272,,0.632,0.85,0.85,0.85,0.768,0.55,0.668,0.468
273,,0.482,0.7,0.7,0.7,0.618,0.4,0.518,0.318
274,,0.332,0.55,0.55,0.55,0.468,0.25,0.368,0.168
275,,0.182,0.4,0.4,0.4,0.318,0.1,0.218,0.018
276,,0.032,0.25,0.25,0.25,0.168,-0.05,0.068,-0.132
277,8,0.423,0.5,0.359,0.3,0.277,0.2,0.459,0.868
278,8,0.814,0.75,0.468,0.35,0.386,0.45,0.85,1.0
279,,0.664,0.6,0.318,0.2,0.236,0.3,0.7,0.85
280,,0.514,0.45,0.168,0.05,0.086,0.15,0.55,0.7
281,,0.364,0.3,0.018,-0.1,-0.064,0.0,0.4,0.55
282,4,0.473,0.55,0.409,0.9,0.327,0.25,0.509,0.6
283,4,0.582,0.8,0.8,1.0,0.718,0.5,0.618,0.65
284,,0.432,0.65,0.65,0.85,0.568,0.35,0.468,0.5
285,,0.282,0.5,0.5,0.7,0.418,0.2,0.318,0.35
286,,0.132,0.35,0.35,0.55,0.268,0.05,0.168,0.2
287,,-0.018,0.2,0.2,0.4,0.118,-0.1,0.018,0.05
288,6,0.091,0.25,0.309,0.65,0.509,0.9,0.409,0.3
289,6,0.2,0.3,0.418,0.9,0.9,1.0,0.8,0.55
290,,0.05,0.15,0.268,0.75,0.75,0.85,0.65,0.4
291,,-0.1,0.0,0.118,0.6,0.6,0.7,0.5,0.25
292,1,0.9,0.391,0.368,0.709,0.65,0.809,0.75,0.641
293,1,1.0,0.782,0.618,0.818,0.7,0.918,1.0,1.0
294,,0.85,0.632,0.468,0.668,0.55,0.768,0.85,0.85
295,,0.7,0.482,0.318,0.518,0.4,0.618,0.7,0.7
296,,0.55,0.332,0.168,0.368,0.25,0.468,0.55,0.55
297,,0.4,0.182,0.018,0.218,0.1,0.318,0.4,0.4
298,,0.25,0.032,-0.132,0.068,-0.05,0.168,0.25,0.25
299,3,0.5,0.423,0.868,0.459,0.2,0.277,0.3,0.359
300,3,0.75,0.814,1.0,0.85,0.45,0.386,0.35,0.468
301,,0.6,0.664,0.85,0.7,0.3,0.236,0.2,0.318
302,,0.45,0.514,0.7,0.55,0.15,0.086,0.05,0.168
303,,0.3,0.364,0.55,0.4,0.0,-0.064,-0.1,0.018
304,7,0.55,0.473,0.6,0.509,0.25,0.327,0.9,0.409
305,7,0.8,0.582,0.65,0.618,0.5,0.718,1.0,0.8
306,,0.65,0.432,0.5,0.468,0.35,0.568,0.85,0.65
307,,0.5,0.282,0.35,0.318,0.2,0.418,0.7,0.5
308,,0.35,0.132,0.2,0.168,0.05,0.268,0.55,0.35
309,,0.2,-0.018,0.05,0.018,-0.1,0.118,0.4,0.2
310,5,0.25,0.091,0.3,0.409,0.9,0.509,0.65,0.309
311,5,0.3,0.2,0.55,0.8,1.0,0.9,0.9,0.418
312,,0.15,0.05,0.4,0.65,0.85,0.75,0.75,0.268
313,,0.0,-0.1,0.25,0.5,0.7,0.6,0.6,0.118
314,2,0.391,0.9,0.641,0.75,0.809,0.65,0.709,0.368
315,2,0.782,1.0,1.0,1.0,0.918,0.7,0.818,0.618
316,,0.632,0.85,0.85,0.85,0.768,0.55,0.668,0.468
317,,0.482,0.7,0.7,0.7,0.618,0.4,0.518,0.318
318,,0.332,0.55,0.55,0.55,0.468,0.25,0.368,0.168
319,,0.182,0.4,0.4,0.4,0.318,0.1,0.218,0.018
320,,0.032,0.25,0.25,0.25,0.168,-0.05,0.068,-0.132
321,8,0.423,0.5,0.359,0.3,0.277,0.2,0.459,0.868
322,8,0.814,0.75,0.468,0.35,0.386,0.45,0.85,1.0
323,,0.664,0.6,0.318,0.2,0.236,0.3,0.7,0.85
324,,0.514,0.45,0.168,0.05,0.086,0.15,0.55,0.7
325,,0.364,0.3,0.018,-0.1,-0.064,0.0,0.4,0.55
326,4,0.473,0.55,0.409,0.9,0.327,0.25,0.509,0.6
327,4,0.582,0.8,0.8,1.0,0.718,0.5,0.618,0.65
328,,0.432,0.65,0.65,0.85,0.568,0.35,0.468,0.5
329,,0.282,0.5,0.5,0.7,0.418,0.2,0.318,0.35
330,,0.132,0.35,0.35,0.55,0.268,0.05,0.168,0.2
331,,-0.018,0.2,0.2,0.4,0.118,-0.1,0.018,0.05
332,6,0.091,0.25,0.309,0.65,0.509,0.9,0.409,0.3
333,6,0.2,0.3,0.418,0.9,0.9,1.0,0.8,0.55
334,,0.05,0.15,0.268,0.75,0.75,0.85,0.65,0.4
335,,-0.1,0.0,0.118,0.6,0.6,0.7,0.5,0.25
336,1,0.9,0.391,0.368,0.709,0.65,0.809,0.75,0.641
337,1,1.0,0.782,0.618,0.818,0.7,0.918,1.0,1.0
338,,0.85,0.632,0.468,0.668,0.55,0.768,0.85,0.85
339,,0.7,0.482,0.318,0.518,0.4,0.618,0.7,0.7
340,,0.55,0.332,0.168,0.368,0.25,0.468,0.55,0.55
341,,0.4,0.182,0.018,0.218,0.1,0.318,0.4,0.4
342,,0.25,0.032,-0.132,0.068,-0.05,0.168,0.25,0.25
343,3,0.5,0.423,0.868,0.459,0.2,0.277,0.3,0.359
344,3,0.75,0.814,1.0,0.85,0.45,0.386,0.35,0.468
345,,0.6,0.664,0.85,0.7,0.3,0.236,0.2,0.318
346,,0.45,0.514,0.7,0.55,0.15,0.086,0.05,0.168
347,,0.3,0.364,0.55,0.4,0.0,-0.064,-0.1,0.018
348,7,0.55,0.473,0.6,0.509,0.25,0.327,0.9,0.409
349,7,0.8,0.582,0.65,0.618,0.5,0.718,1.0,0.8
350,,0.65,0.432,0.5,0.468,0.35,0.568,0.85,0.65
351,,0.5,0.282,0.35,0.318,0.2,0.418,0.7,0.5
352,,0.35,0.132,0.2,0.168,0.05,0.268,0.55,0.35
353,,0.2,-0.018,0.05,0.018,-0.1,0.118,0.4,0.2
354,5,0.25,0.091,0.3,0.409,0.9,0.509,0.65,0.309
355,5,0.3,0.2,0.55,0.8,1.0,0.9,0.9,0.418
356,,0.15,0.05,0.4,0.65,0.85,0.75,0.75,0.268
357,,0.0,-0.1,0.25,0.5,0.7,0.6,0.6,0.118
358,2,0.391,0.9,0.641,0.75,0.809,0.65,0.709,0.368
359,2,0.782,1.0,1.0,1.0,0.918,0.7,0.818,0.618
360,,0.632,0.85,0.85,0.85,0.768,0.55,0.668,0.468
361,,0.482,0.7,0.7,0.7,0.618,0.4,0.518,0.318
362,,0.332,0.55,0.55,0.55,0.468,0.25,0.368,0.168
363,,0.182,0.4,0.4,0.4,0.318,0.1,0.218,0.018
364,,0.032,0.25,0.25,0.25,0.168,-0.05,0.068,-0.132
365,8,0.423,0.5,0.359,0.3,0.277,0.2,0.459,0.868
366,8,0.814,0.75,0.468,0.35,0.386,0.45,0.85,1.0
367,,0.664,0.6,0.318,0.2,0.236,0.3,0.7,0.85
368,,0.514,0.45,0.168,0.05,0.086,0.15,0.55,0.7
369,,0.364,0.3,0.018,-0.1,-0.064,0.0,0.4,0.55
370,4,0.473,0.55,0.409,0.9,0.327,0.25,0.509,0.6
371,4,0.582,0.8,0.8,1.0,0.718,0.5,0.618,0.65
372,,0.432,0.65,0.65,0.85,0.568,0.35,0.468,0.5
373,,0.282,0.5,0.5,0.7,0.418,0.2,0.318,0.35
374,,0.132,0.35,0.35,0.55,0.268,0.05,0.168,0.2
375,,-0.018,0.2,0.2,0.4,0.118,-0.1,0.018,0.05
376,6,0.091,0.25,0.309,0.65,0.509,0.9,0.409,0.3
377,6,0.2,0.3,0.418,0.9,0.9,1.0,0.8,0.55
378,,0.05,0.15,0.268,0.75,0.75,0.85,0.65,0.4
379,,-0.1,0.0,0.118,0.6,0.6,0.7,0.5,0.25
380,1,0.9,0.391,0.368,0.709,0.65,0.809,0.75,0.641
381,1,1.0,0.782,0.618,0.818,0.7,0.918,1.0,1.0
382,,0.85,0.632,0.468,0.668,0.55,0.768,0.85,0.85
383,,0.7,0.482,0.318,0.518,0.4,0.618,0.7,0.7
384,,0.55,0.332,0.168,0.368,0.25,0.468,0.55,0.55
385,,0.4,0.182,0.018,0.218,0.1,0.318,0.4,0.4
386,,0.25,0.032,-0.132,0.068,-0.05,0.168,0.25,0.25
387,3,0.5,0.423,0.868,0.459,0.2,0.277,0.3,0.359
388,3,0.75,0.814,1.0,0.85,0.45,0.386,0.35,0.468
389,,0.6,0.664,0.85,0.7,0.3,0.236,0.2,0.318
390,,0.45,0.514,0.7,0.55,0.15,0.086,0.05,0.168
391,,0.3,0.364,0.55,0.4,0.0,-0.064,-0.1,0.018
392,7,0.55,0.473,0.6,0.509,0.25,0.327,0.9,0.409
393,7,0.8,0.582,0.65,0.618,0.5,0.718,1.0,0.8
394,,0.65,0.432,0.5,0.468,0.35,0.568,0.85,0.65
395,,0.5,0.282,0.35,0.318,0.2,0.418,0.7,0.5
396,,0.35,0.132,0.2,0.168,0.05,0.268,0.55,0.35
397,,0.2,-0.018,0.05,0.018,-0.1,0.118,0.4,0.2
398,5,0.25,0.091,0.3,0.409,0.9,0.509,0.65,0.309
399,5,0.3,0.2,0.55,0.8,1.0,0.9,0.9,0.418
400,,0.15,0.05,0.4,0.65,0.85,0.75,0.75,0.268
401,,0.0,-0.1,0.25,0.5,0.7,0.6,0.6,0.118
402,2,0.391,0.9,0.641,0.75,0.809,0.65,0.709,0.368
403,2,0.782,1.0,1.0,1.0,0.918,0.7,0.818,0.618
404,,0.632,0.85,0.85,0.85,0.768,0.55,0.668,0.468
405,,0.482,0.7,0.7,0.7,0.618,0.4,0.518,0.318
406,,0.332,0.55,0.55,0.55,0.468,0.25,0.368,0.168
407,,0.182,0.4,0.4,0.4,0.318,0.1,0.218,0.018
408,,0.032,0.25,0.25,0.25,0.168,-0.05,0.068,-0.132
409,8,0.423,0.5,0.359,0.3,0.277,0.2,0.459,0.868
410,8,0.814,0.75,0.468,0.35,0.386,0.45,0.85,1.0
411,,0.664,0.6,0.318,0.2,0.236,0.3,0.7,0.85
412,,0.514,0.45,0.168,0.05,0.086,0.15,0.55,0.7
413,,0.364,0.3,0.018,-0.1,-0.064,0.0,0.4,0.55
414,4,0.473,0.55,0.409,0.9,0.327,0.25,0.509,0.6
415,4,0.582,0.8,0.8,1.0,0.718,0.5,0.618,0.65
416,,0.432,0.65,0.65,0.85,0.568,0.35,0.468,0.5
417,,0.282,0.5,0.5,0.7,0.418,0.2,0.318,0.35
418,,0.132,0.35,0.35,0.55,0.268,0.05,0.168,0.2
419,,-0.018,0.2,0.2,0.4,0.118,-0.1,0.018,0.05
420,6,0.091,0.25,0.309,0.65,0.509,0.9,0.409,0.3
421,6,0.2,0.3,0.418,0.9,0.9,1.0,0.8,0.55
422,,0.05,0.15,0.268,0.75,0.75,0.85,0.65,0.4
423,,-0.1,0.0,0.118,0.6,0.6,0.7,0.5,0.25
424,1,0.9,0.391,0.368,0.709,0.65,0.809,0.75,0.641
425,1,1.0,0.782,0.618,0.818,0.7,0.918,1.0,1.0
426,,0.85,0.632,0.468,0.668,0.55,0.768,0.85,0.85
427,,0.7,0.482,0.318,0.518,0.4,0.618,0.7,0.7
428,,0.55,0.332,0.168,0.368,0.25,0.468,0.55,0.55
429,,0.4,0.182,0.018,0.218,0.1,0.318,0.4,0.4
430,,0.25,0.032,-0.132,0.068,-0.05,0.168,0.25,0.25
431,3,0.5,0.423,0.868,0.459,0.2,0.277,0.3,0.359
432,3,0.75,0.814,1.0,0.85,0.45,0.386,0.35,0.468
433,,0.6,0.664,0.85,0.7,0.3,0.236,0.2,0.318
434,,0.45,0.514,0.7,0.55,0.15,0.086,0.05,0.168
435,,0.3,0.364,0.55,0.4,0.0,-0.064,-0.1,0.018
436,7,0.55,0.473,0.6,0.509,0.25,0.327,0.9,0.409
437,7,0.8,0.582,0.65,0.618,0.5,0.718,1.0,0.8
438,,0.65,0.432,0.5,0.468,0.35,0.568,0.85,0.65
439,,0.5,0.282,0.35,0.318,0.2,0.418,0.7,0.5
440,,0.35,0.132,0.2,0.168,0.05,0.268,0.55,0.35
441,,0.2,-0.018,0.05,0.018,-0.1,0.118,0.4,0.2
442,5,0.25,0.091,0.3,0.409,0.9,0.509,0.65,0.309
443,5,0.3,0.2,0.55,0.8,1.0,0.9,0.9,0.418
444,,0.15,0.05,0.4,0.65,0.85,0.75,0.75,0.268
445,,0.0,-0.1,0.25,0.5,0.7,0.6,0.6,0.118
446,2,0.391,0.9,0.641,0.75,0.809,0.65,0.709,0.368
447,2,0.782,1.0,1.0,1.0,0.918,0.7,0.818,0.618
448,,0.632,0.85,0.85,0.85,0.768,0.55,0.668,0.468
449,,0.482,0.7,0.7,0.7,0.618,0.4,0.518,0.318
450,,0.332,0.55,0.55,0.55,0.468,0.25,0.368,0.168
451,,0.182,0.4,0.4,0.4,0.318,0.1,0.218,0.018
452,,0.032,0.25,0.25,0.25,0.168,-0.05,0.068,-0.132
453,8,0.423,0.5,0.359,0.3,0.277,0.2,0.459,0.868
454,8,0.814,0.75,0.468,0.35,0.386,0.45,0.85,1.0
455,,0.664,0.6,0.318,0.2,0.236,0.3,0.7,0.85
456,,0.514,0.45,0.168,0.05,0.086,0.15,0.55,0.7
457,,0.364,0.3,0.018,-0.1,-0.064,0.0,0.4,0.55
458,4,0.473,0.55,0.409,0.9,0.327,0.25,0.509,0.6
459,4,0.582,0.8,0.8,1.0,0.718,0.5,0.618,0.65
460,,0.432,0.65,0.65,0.85,0.568,0.35,0.468,0.5
461,,0.282,0.5,0.5,0.7,0.418,0.2,0.318,0.35
462,,0.132,0.35,0.35,0.55,0.268,0.05,0.168,0.2
463,,-0.018,0.2,0.2,0.4,0.118,-0.1,0.018,0.05
464,6,0.091,0.25,0.309,0.65,0.509,0.9,0.409,0.3
465,6,0.2,0.3,0.418,0.9,0.9,1.0,0.8,0.55
466,,0.05,0.15,0.268,0.75,0.75,0.85,0.65,0.4
467,,-0.1,0.0,0.118,0.6,0.6,0.7,0.5,0.25
468,1,0.9,0.391,0.368,0.709,0.65,0.809,0.75,0.641
469,1,1.0,0.782,0.618,0.818,0.7,0.918,1.0,1.0
470,,0.85,0.632,0.468,0.668,0.55,0.768,0.85,0.85
471,,0.7,0.482,0.318,0.518,0.4,0.618,0.7,0.7
472,,0.55,0.332,0.168,0.368,0.25,0.468,0.55,0.55
473,,0.4,0.182,0.018,0.218,0.1,0.318,0.4,0.4
474,,0.25,0.032,-0.132,0.068,-0.05,0.168,0.25,0.25
475,3,0.5,0.423,0.868,0.459,0.2,0.277,0.3,0.359
476,3,0.75,0.814,1.0,0.85,0.45,0.386,0.35,0.468
477,,0.6,0.664,0.85,0.7,0.3,0.236,0.2,0.318
478,,0.45,0.514,0.7,0.55,0.15,0.086,0.05,0.168
479,,0.3,0.364,0.55,0.4,0.0,-0.064,-0.1,0.018
480,7,0.55,0.473,0.6,0.509,0.25,0.327,0.9,0.409
481,7,0.8,0.582,0.65,0.618,0.5,0.718,1.0,0.8
482,,0.65,0.432,0.5,0.468,0.35,0.568,0.85,0.65
483,,0.5,0.282,0.35,0.318,0.2,0.418,0.7,0.5
484,,0.35,0.132,0.2,0.168,0.05,0.268,0.55,0.35
485,,0.2,-0.018,0.05,0.018,-0.1,0.118,0.4,0.2
486,5,0.25,0.091,0.3,0.409,0.9,0.509,0.65,0.309
487,5,0.3,0.2,0.55,0.8,1.0,0.9,0.9,0.418
488,,0.15,0.05,0.4,0.65,0.85,0.75,0.75,0.268
489,,0.0,-0.1,0.25,0.5,0.7,0.6,0.6,0.118
490,2,0.391,0.9,0.641,0.75,0.809,0.65,0.709,0.368
491,2,0.782,1.0,1.0,1.0,0.918,0.7,0.818,0.618
492,,0.632,0.85,0.85,0.85,0.768,0.55,0.668,0.468
493,,0.482,0.7,0.7,0.7,0.618,0.4,0.518,0.318
494,,0.332,0.55,0.55,0.55,0.468,0.25,0.368,0.168
495,,0.182,0.4,0.4,0.4,0.318,0.1,0.218,0.018
496,,0.032,0.25,0.25,0.25,0.168,-0.05,0.068,-0.132
497,8,0.423,0.5,0.359,0.3,0.277,0.2,0.459,0.868
498,8,0.814,0.75,0.468,0.35,0.386,0.45,0.85,1.0
499,,0.664,0.6,0.318,0.2,0.236,0.3,0.7,0.85
