step,active_motive,motive_1,motive_2,motive_3,motive_4,motive_5,motive_6,motive_7,motive_8
0,,0.96542,0.55829,0.88264,0.18871,0.27887,0.70036,0.84666,0.85632
1,,0.94542,0.53829,0.86264,0.16871,0.25887,0.68036,0.82666,0.83632
2,,0.92542,0.51829,0.84264,0.14871,0.23887,0.66036,0.80666,0.81632
3,,0.90542,0.49829,0.82264,0.12871,0.21887,0.64036,0.78666,0.79632
4,,0.88542,0.47829,0.80264,0.10871,0.19887,0.62036,0.76666,0.77632
5,,0.86542,0.45829,0.78264,0.08871,0.17887,0.60036,0.74666,0.75632
6,,0.84542,0.43829,0.76264,0.06871,0.15887,0.58036,0.72666,0.73632
7,,0.82542,0.41829,0.74264,0.04871,0.13887,0.56036,0.70666,0.71632
8,,0.80542,0.39829,0.72264,0.02871,0.11887,0.54036,0.68666,0.69632
9,,0.78542,0.37829,0.70264,0.00871,0.09887,0.52036,0.66666,0.67632
10,,0.76542,0.35829,0.68264,-0.01129,0.07887,0.50036,0.64666,0.65632
11,4,1.0,0.73829,1.0,0.98871,0.59987,0.88036,0.88566,0.83632
12,4,1.0,1.0,1.0,1.0,1.0,1.0,1.0,1.0
13,,0.98,0.98,0.98,0.98,0.98,0.98,0.98,0.98
14,,0.96,0.96,0.96,0.96,0.96,0.96,0.96,0.96
15,,0.94,0.94,0.94,0.94,0.94,0.94,0.94,0.94
16,,0.92,0.92,0.92,0.92,0.92,0.92,0.92,0.92
17,,0.9,0.9,0.9,0.9,0.9,0.9,0.9,0.9
18,,0.88,0.88,0.88,0.88,0.88,0.88,0.88,0.88
19,,0.86,0.86,0.86,0.86,0.86,0.86,0.86,0.86
20,,0.84,0.84,0.84,0.84,0.84,0.84,0.84,0.84
21,,0.82,0.82,0.82,0.82,0.82,0.82,0.82,0.82
22,,0.8,0.8,0.8,0.8,0.8,0.8,0.8,0.8
23,,0.78,0.78,0.78,0.78,0.78,0.78,0.78,0.78
24,,0.76,0.76,0.76,0.76,0.76,0.76,0.76,0.76
25,,0.74,0.74,0.74,0.74,0.74,0.74,0.74,0.74
26,,0.72,0.72,0.72,0.72,0.72,0.72,0.72,0.72
27,,0.7,0.7,0.7,0.7,0.7,0.7,0.7,0.7
28,,0.68,0.68,0.68,0.68,0.68,0.68,0.68,0.68
29,,0.66,0.66,0.66,0.66,0.66,0.66,0.66,0.66
30,,0.64,0.64,0.64,0.64,0.64,0.64,0.64,0.64
31,,0.62,0.62,0.62,0.62,0.62,0.62,0.62,0.62
32,,0.6,0.6,0.6,0.6,0.6,0.6,0.6,0.6
33,,0.58,0.58,0.58,0.58,0.58,0.58,0.58,0.58
34,,0.56,0.56,0.56,0.56,0.56,0.56,0.56,0.56
35,,0.54,0.54,0.54,0.54,0.54,0.54,0.54,0.54
36,,0.52,0.52,0.52,0.52,0.52,0.52,0.52,0.52
37,,0.5,0.5,0.5,0.5,0.5,0.5,0.5,0.5
38,,0.48,0.48,0.48,0.48,0.48,0.48,0.48,0.48
39,,0.46,0.46,0.46,0.46,0.46,0.46,0.46,0.46
40,,0.44,0.44,0.44,0.44,0.44,0.44,0.44,0.44
41,,0.42,0.42,0.42,0.42,0.42,0.42,0.42,0.42
42,,0.4,0.4,0.4,0.4,0.4,0.4,0.4,0.4
43,,0.38,0.38,0.38,0.38,0.38,0.38,0.38,0.38
44,,0.36,0.36,0.36,0.36,0.36,0.36,0.36,0.36
45,,0.34,0.34,0.34,0.34,0.34,0.34,0.34,0.34
46,,0.32,0.32,0.32,0.32,0.32,0.32,0.32,0.32
47,,0.3,0.3,0.3,0.3,0.3,0.3,0.3,0.3
48,,0.28,0.28,0.28,0.28,0.28,0.28,0.28,0.28
49,,0.26,0.26,0.26,0.26,0.26,0.26,0.26,0.26
50,,0.24,0.24,0.24,0.24,0.24,0.24,0.24,0.24
51,,0.22,0.22,0.22,0.22,0.22,0.22,0.22,0.22
52,,0.2,0.2,0.2,0.2,0.2,0.2,0.2,0.2
53,,0.18,0.18,0.18,0.18,0.18,0.18,0.18,0.18
54,,0.16,0.16,0.16,0.16,0.16,0.16,0.16,0.16
55,,0.14,0.14,0.14,0.14,0.14,0.14,0.14,0.14
56,,0.12,0.12,0.12,0.12,0.12,0.12,0.12,0.12
57,,0.1,0.1,0.1,0.1,0.1,0.1,0.1,0.1
58,,0.08,0.08,0.08,0.08,0.08,0.08,0.08,0.08
59,,0.06,0.06,0.06,0.06,0.06,0.06,0.06,0.06
60,,0.04,0.04,0.04,0.04,0.04,0.04,0.04,0.04
61,,0.02,0.02,0.02,0.02,0.02,0.02,0.02,0.02
62,,0.0,0.0,0.0,0.0,0.0,0.0,0.0,0.0
63,,-0.02,-0.02,-0.02,-0.02,-0.02,-0.02,-0.02,-0.02
64,6,0.219,0.16,0.219,0.36,0.501,0.98,0.501,0.36
65,6,0.458,0.34,0.458,0.74,1.0,1.0,1.0,0.74
66,,0.438,0.32,0.438,0.72,0.98,0.98,0.98,0.72
67,,0.418,0.3,0.418,0.7,0.96,0.96,0.96,0.7
68,,0.398,0.28,0.398,0.68,0.94,0.94,0.94,0.68
69,,0.378,0.26,0.378,0.66,0.92,0.92,0.92,0.66
70,,0.358,0.24,0.358,0.64,0.9,0.9,0.9,0.64
71,,0.338,0.22,0.338,0.62,0.88,0.88,0.88,0.62
72,,0.318,0.2,0.318,0.6,0.86,0.86,0.86,0.6
73,,0.298,0.18,0.298,0.58,0.84,0.84,0.84,0.58
74,,0.278,0.16,0.278,0.56,0.82,0.82,0.82,0.56
75,,0.258,0.14,0.258,0.54,0.8,0.8,0.8,0.54
76,,0.238,0.12,0.238,0.52,0.78,0.78,0.78,0.52
77,,0.218,0.1,0.218,0.5,0.76,0.76,0.76,0.5
78,,0.198,0.08,0.198,0.48,0.74,0.74,0.74,0.48
79,,0.178,0.06,0.178,0.46,0.72,0.72,0.72,0.46
80,,0.158,0.04,0.158,0.44,0.7,0.7,0.7,0.44
81,,0.138,0.02,0.138,0.42,0.68,0.68,0.68,0.42
82,,0.118,0.0,0.118,0.4,0.66,0.66,0.66,0.4
83,,0.098,-0.02,0.098,0.38,0.64,0.64,0.64,0.38
84,2,0.619,0.98,0.619,0.76,0.879,0.82,0.879,0.76
85,2,1.0,1.0,1.0,1.0,1.0,1.0,1.0,1.0
86,,0.98,0.98,0.98,0.98,0.98,0.98,0.98,0.98
87,,0.96,0.96,0.96,0.96,0.96,0.96,0.96,0.96
88,,0.94,0.94,0.94,0.94,0.94,0.94,0.94,0.94
89,,0.92,0.92,0.92,0.92,0.92,0.92,0.92,0.92
90,,0.9,0.9,0.9,0.9,0.9,0.9,0.9,0.9
91,,0.88,0.88,0.88,0.88,0.88,0.88,0.88,0.88
92,,0.86,0.86,0.86,0.86,0.86,0.86,0.86,0.86
93,,0.84,0.84,0.84,0.84,0.84,0.84,0.84,0.84
94,,0.82,0.82,0.82,0.82,0.82,0.82,0.82,0.82
95,,0.8,0.8,0.8,0.8,0.8,0.8,0.8,0.8
96,,0.78,0.78,0.78,0.78,0.78,0.78,0.78,0.78
97,,0.76,0.76,0.76,0.76,0.76,0.76,0.76,0.76
98,,0.74,0.74,0.74,0.74,0.74,0.74,0.74,0.74
99,,0.72,0.72,0.72,0.72,0.72,0.72,0.72,0.72
100,,0.7,0.7,0.7,0.7,0.7,0.7,0.7,0.7
101,,0.68,0.68,0.68,0.68,0.68,0.68,0.68,0.68
102,,0.66,0.66,0.66,0.66,0.66,0.66,0.66,0.66
103,,0.64,0.64,0.64,0.64,0.64,0.64,0.64,0.64
104,,0.62,0.62,0.62,0.62,0.62,0.62,0.62,0.62
105,,0.6,0.6,0.6,0.6,0.6,0.6,0.6,0.6
106,,0.58,0.58,0.58,0.58,0.58,0.58,0.58,0.58
107,,0.56,0.56,0.56,0.56,0.56,0.56,0.56,0.56
108,,0.54,0.54,0.54,0.54,0.54,0.54,0.54,0.54
109,,0.52,0.52,0.52,0.52,0.52,0.52,0.52,0.52
110,,0.5,0.5,0.5,0.5,0.5,0.5,0.5,0.5
111,,0.48,0.48,0.48,0.48,0.48,0.48,0.48,0.48
112,,0.46,0.46,0.46,0.46,0.46,0.46,0.46,0.46
113,,0.44,0.44,0.44,0.44,0.44,0.44,0.44,0.44
114,,0.42,0.42,0.42,0.42,0.42,0.42,0.42,0.42
115,,0.4,0.4,0.4,0.4,0.4,0.4,0.4,0.4
116,,0.38,0.38,0.38,0.38,0.38,0.38,0.38,0.38
117,,0.36,0.36,0.36,0.36,0.36,0.36,0.36,0.36
118,,0.34,0.34,0.34,0.34,0.34,0.34,0.34,0.34
119,,0.32,0.32,0.32,0.32,0.32,0.32,0.32,0.32
120,,0.3,0.3,0.3,0.3,0.3,0.3,0.3,0.3
121,,0.28,0.28,0.28,0.28,0.28,0.28,0.28,0.28
122,,0.26,0.26,0.26,0.26,0.26,0.26,0.26,0.26
123,,0.24,0.24,0.24,0.24,0.24,0.24,0.24,0.24
124,,0.22,0.22,0.22,0.22,0.22,0.22,0.22,0.22
125,,0.2,0.2,0.2,0.2,0.2,0.2,0.2,0.2
126,,0.18,0.18,0.18,0.18,0.18,0.18,0.18,0.18
127,,0.16,0.16,0.16,0.16,0.16,0.16,0.16,0.16
128,,0.14,0.14,0.14,0.14,0.14,0.14,0.14,0.14
129,,0.12,0.12,0.12,0.12,0.12,0.12,0.12,0.12
130,,0.1,0.1,0.1,0.1,0.1,0.1,0.1,0.1
131,,0.08,0.08,0.08,0.08,0.08,0.08,0.08,0.08
132,,0.06,0.06,0.06,0.06,0.06,0.06,0.06,0.06
133,,0.04,0.04,0.04,0.04,0.04,0.04,0.04,0.04
134,,0.02,0.02,0.02,0.02,0.02,0.02,0.02,0.02
135,,0.0,0.0,0.0,0.0,0.0,0.0,0.0,0.0
136,,-0.02,-0.02,-0.02,-0.02,-0.02,-0.02,-0.02,-0.02
137,8,0.501,0.36,0.219,0.16,0.219,0.36,0.501,0.98
138,8,1.0,0.74,0.458,0.34,0.458,0.74,1.0,1.0
139,,0.98,0.72,0.438,0.32,0.438,0.72,0.98,0.98
140,,0.96,0.7,0.418,0.3,0.418,0.7,0.96,0.96
141,,0.94,0.68,0.398,0.28,0.398,0.68,0.94,0.94
142,,0.92,0.66,0.378,0.26,0.378,0.66,0.92,0.92
143,,0.9,0.64,0.358,0.24,0.358,0.64,0.9,0.9
144,,0.88,0.62,0.338,0.22,0.338,0.62,0.88,0.88
145,,0.86,0.6,0.318,0.2,0.318,0.6,0.86,0.86
146,,0.84,0.58,0.298,0.18,0.298,0.58,0.84,0.84
147,,0.82,0.56,0.278,0.16,0.278,0.56,0.82,0.82
148,,0.8,0.54,0.258,0.14,0.258,0.54,0.8,0.8
149,,0.78,0.52,0.238,0.12,0.238,0.52,0.78,0.78
150,,0.76,0.5,0.218,0.1,0.218,0.5,0.76,0.76
151,,0.74,0.48,0.198,0.08,0.198,0.48,0.74,0.74
152,,0.72,0.46,0.178,0.06,0.178,0.46,0.72,0.72
153,,0.7,0.44,0.158,0.04,0.158,0.44,0.7,0.7
154,,0.68,0.42,0.138,0.02,0.138,0.42,0.68,0.68
155,,0.66,0.4,0.118,0.0,0.118,0.4,0.66,0.66
156,,0.64,0.38,0.098,-0.02,0.098,0.38,0.64,0.64
157,4,0.879,0.76,0.619,0.98,0.619,0.76,0.879,0.82
158,4,1.0,1.0,1.0,1.0,1.0,1.0,1.0,1.0
159,,0.98,0.98,0.98,0.98,0.98,0.98,0.98,0.98
160,,0.96,0.96,0.96,0.96,0.96,0.96,0.96,0.96
161,,0.94,0.94,0.94,0.94,0.94,0.94,0.94,0.94
162,,0.92,0.92,0.92,0.92,0.92,0.92,0.92,0.92
163,,0.9,0.9,0.9,0.9,0.9,0.9,0.9,0.9
164,,0.88,0.88,0.88,0.88,0.88,0.88,0.88,0.88
165,,0.86,0.86,0.86,0.86,0.86,0.86,0.86,0.86
166,,0.84,0.84,0.84,0.84,0.84,0.84,0.84,0.84
167,,0.82,0.82,0.82,0.82,0.82,0.82,0.82,0.82
168,,0.8,0.8,0.8,0.8,0.8,0.8,0.8,0.8
169,,0.78,0.78,0.78,0.78,0.78,0.78,0.78,0.78
170,,0.76,0.76,0.76,0.76,0.76,0.76,0.76,0.76
171,,0.74,0.74,0.74,0.74,0.74,0.74,0.74,0.74
172,,0.72,0.72,0.72,0.72,0.72,0.72,0.72,0.72
173,,0.7,0.7,0.7,0.7,0.7,0.7,0.7,0.7
174,,0.68,0.68,0.68,0.68,0.68,0.68,0.68,0.68
175,,0.66,0.66,0.66,0.66,0.66,0.66,0.66,0.66
176,,0.64,0.64,0.64,0.64,0.64,0.64,0.64,0.64
177,,0.62,0.62,0.62,0.62,0.62,0.62,0.62,0.62
178,,0.6,0.6,0.6,0.6,0.6,0.6,0.6,0.6
179,,0.58,0.58,0.58,0.58,0.58,0.58,0.58,0.58
180,,0.56,0.56,0.56,0.56,0.56,0.56,0.56,0.56
181,,0.54,0.54,0.54,0.54,0.54,0.54,0.54,0.54
182,,0.52,0.52,0.52,0.52,0.52,0.52,0.52,0.52
183,,0.5,0.5,0.5,0.5,0.5,0.5,0.5,0.5
184,,0.48,0.48,0.48,0.48,0.48,0.48,0.48,0.48
185,,0.46,0.46,0.46,0.46,0.46,0.46,0.46,0.46
186,,0.44,0.44,0.44,0.44,0.44,0.44,0.44,0.44
187,,0.42,0.42,0.42,0.42,0.42,0.42,0.42,0.42
188,,0.4,0.4,0.4,0.4,0.4,0.4,0.4,0.4
189,,0.38,0.38,0.38,0.38,0.38,0.38,0.38,0.38
190,,0.36,0.36,0.36,0.36,0.36,0.36,0.36,0.36
191,,0.34,0.34,0.34,0.34,0.34,0.34,0.34,0.34
192,,0.32,0.32,0.32,0.32,0.32,0.32,0.32,0.32
193,,0.3,0.3,0.3,0.3,0.3,0.3,0.3,0.3
194,,0.28,0.28,0.28,0.28,0.28,0.28,0.28,0.28
195,,0.26,0.26,0.26,0.26,0.26,0.26,0.26,0.26
196,,0.24,0.24,0.24,0.24,0.24,0.24,0.24,0.24
197,,0.22,0.22,0.22,0.22,0.22,0.22,0.22,0.22
198,,0.2,0.2,0.2,0.2,0.2,0.2,0.2,0.2
199,,0.18,0.18,0.18,0.18,0.18,0.18,0.18,0.18
200,,0.16,0.16,0.16,0.16,0.16,0.16,0.16,0.16
201,,0.14,0.14,0.14,0.14,0.14,0.14,0.14,0.14
202,,0.12,0.12,0.12,0.12,0.12,0.12,0.12,0.12
203,,0.1,0.1,0.1,0.1,0.1,0.1,0.1,0.1
204,,0.08,0.08,0.08,0.08,0.08,0.08,0.08,0.08
205,,0.06,0.06,0.06,0.06,0.06,0.06,0.06,0.06
206,,0.04,0.04,0.04,0.04,0.04,0.04,0.04,0.04
207,,0.02,0.02,0.02,0.02,0.02,0.02,0.02,0.02
208,,0.0,0.0,0.0,0.0,0.0,0.0,0.0,0.0
209,,-0.02,-0.02,-0.02,-0.02,-0.02,-0.02,-0.02,-0.02
210,1,0.98,0.501,0.36,0.219,0.16,0.219,0.36,0.501
211,1,1.0,1.0,0.74,0.458,0.34,0.458,0.74,1.0
212,,0.98,0.98,0.72,0.438,0.32,0.438,0.72,0.98
213,,0.96,0.96,0.7,0.418,0.3,0.418,0.7,0.96
214,,0.94,0.94,0.68,0.398,0.28,0.398,0.68,0.94
215,,0.92,0.92,0.66,0.378,0.26,0.378,0.66,0.92
216,,0.9,0.9,0.64,0.358,0.24,0.358,0.64,0.9
217,,0.88,0.88,0.62,0.338,0.22,0.338,0.62,0.88
218,,0.86,0.86,0.6,0.318,0.2,0.318,0.6,0.86
219,,0.84,0.84,0.58,0.298,0.18,0.298,0.58,0.84
220,,0.82,0.82,0.56,0.278,0.16,0.278,0.56,0.82
221,,0.8,0.8,0.54,0.258,0.14,0.258,0.54,0.8
222,,0.78,0.78,0.52,0.238,0.12,0.238,0.52,0.78
223,,0.76,0.76,0.5,0.218,0.1,0.218,0.5,0.76
224,,0.74,0.74,0.48,0.198,0.08,0.198,0.48,0.74
225,,0.72,0.72,0.46,0.178,0.06,0.178,0.46,0.72
226,,0.7,0.7,0.44,0.158,0.04,0.158,0.44,0.7
227,,0.68,0.68,0.42,0.138,0.02,0.138,0.42,0.68
228,,0.66,0.66,0.4,0.118,0.0,0.118,0.4,0.66
229,,0.64,0.64,0.38,0.098,-0.02,0.098,0.38,0.64
230,5,0.82,0.879,0.76,0.619,0.98,0.619,0.76,0.879
231,5,1.0,1.0,1.0,1.0,1.0,1.0,1.0,1.0
232,,0.98,0.98,0.98,0.98,0.98,0.98,0.98,0.98
233,,0.96,0.96,0.96,0.96,0.96,0.96,0.96,0.96
234,,0.94,0.94,0.94,0.94,0.94,0.94,0.94,0.94
235,,0.92,0.92,0.92,0.92,0.92,0.92,0.92,0.92
236,,0.9,0.9,0.9,0.9,0.9,0.9,0.9,0.9
237,,0.88,0.88,0.88,0.88,0.88,0.88,0.88,0.88
238,,0.86,0.86,0.86,0.86,0.86,0.86,0.86,0.86
239,,0.84,0.84,0.84,0.84,0.84,0.84,0.84,0.84
240,,0.82,0.82,0.82,0.82,0.82,0.82,0.82,0.82
241,,0.8,0.8,0.8,0.8,0.8,0.8,0.8,0.8
242,,0.78,0.78,0.78,0.78,0.78,0.78,0.78,0.78
243,,0.76,0.76,0.76,0.76,0.76,0.76,0.76,0.76
244,,0.74,0.74,0.74,0.74,0.74,0.74,0.74,0.74
245,,0.72,0.72,0.72,0.72,0.72,0.72,0.72,0.72
246,,0.7,0.7,0.7,0.7,0.7,0.7,0.7,0.7
247,,0.68,0.68,0.68,0.68,0.68,0.68,0.68,0.68
248,,0.66,0.66,0.66,0.66,0.66,0.66,0.66,0.66
249,,0.64,0.64,0.64,0.64,0.64,0.64,0.64,0.64
250,,0.62,0.62,0.62,0.62,0.62,0.62,0.62,0.62
251,,0.6,0.6,0.6,0.6,0.6,0.6,0.6,0.6
252,,0.58,0.58,0.58,0.58,0.58,0.58,0.58,0.58
253,,0.56,0.56,0.56,0.56,0.56,0.56,0.56,0.56
254,,0.54,0.54,0.54,0.54,0.54,0.54,0.54,0.54
255,,0.52,0.52,0.52,0.52,0.52,0.52,0.52,0.52
256,,0.5,0.5,0.5,0.5,0.5,0.5,0.5,0.5
257,,0.48,0.48,0.48,0.48,0.48,0.48,0.48,0.48
258,,0.46,0.46,0.46,0.46,0.46,0.46,0.46,0.46
259,,0.44,0.44,0.44,0.44,0.44,0.44,0.44,0.44
260,,0.42,0.42,0.42,0.42,0.42,0.42,0.42,0.42
261,,0.4,0.4,0.4,0.4,0.4,0.4,0.4,0.4
262,,0.38,0.38,0.38,0.38,0.38,0.38,0.38,0.38
263,,0.36,0.36,0.36,0.36,0.36,0.36,0.36,0.36
264,,0.34,0.34,0.34,0.34,0.34,0.34,0.34,0.34
265,,0.32,0.32,0.32,0.32,0.32,0.32,0.32,0.32
266,,0.3,0.3,0.3,0.3,0.3,0.3,0.3,0.3
267,,0.28,0.28,0.28,0.28,0.28,0.28,0.28,0.28
268,,0.26,0.26,0.26,0.26,0.26,0.26,0.26,0.26
269,,0.24,0.24,0.24,0.24,0.24,0.24,0.24,0.24
270,,0.22,0.22,0.22,0.22,0.22,0.22,0.22,0.22
271,,0.2,0.2,0.2,0.2,0.2,0.2,0.2,0.2
272,,0.18,0.18,0.18,0.18,0.18,0.18,0.18,0.18
273,,0.16,0.16,0.16,0.16,0.16,0.16,0.16,0.16
274,,0.14,0.14,0.14,0.14,0.14,0.14,0.14,0.14
275,,0.12,0.12,0.12,0.12,0.12,0.12,0.12,0.12
276,,0.1,0.1,0.1,0.1,0.1,0.1,0.1,0.1
277,,0.08,0.08,0.08,0.08,0.08,0.08,0.08,0.08
278,,0.06,0.06,0.06,0.06,0.06,0.06,0.06,0.06
279,,0.04,0.04,0.04,0.04,0.04,0.04,0.04,0.04
280,,0.02,0.02,0.02,0.02,0.02,0.02,0.02,0.02
281,,0.0,0.0,0.0,0.0,0.0,0.0,0.0,0.0
282,,-0.02,-0.02,-0.02,-0.02,-0.02,-0.02,-0.02,-0.02
283,8,0.501,0.36,0.219,0.16,0.219,0.36,0.501,0.98
284,8,1.0,0.74,0.458,0.34,0.458,0.74,1.0,1.0
285,,0.98,0.72,0.438,0.32,0.438,0.72,0.98,0.98
286,,0.96,0.7,0.418,0.3,0.418,0.7,0.96,0.96
287,,0.94,0.68,0.398,0.28,0.398,0.68,0.94,0.94
288,,0.92,0.66,0.378,0.26,0.378,0.66,0.92,0.92
289,,0.9,0.64,0.358,0.24,0.358,0.64,0.9,0.9
290,,0.88,0.62,0.338,0.22,0.338,0.62,0.88,0.88
291,,0.86,0.6,0.318,0.2,0.318,0.6,0.86,0.86
292,,0.84,0.58,0.298,0.18,0.298,0.58,0.84,0.84
293,,0.82,0.56,0.278,0.16,0.278,0.56,0.82,0.82
294,,0.8,0.54,0.258,0.14,0.258,0.54,0.8,0.8
295,,0.78,0.52,0.238,0.12,0.238,0.52,0.78,0.78
296,,0.76,0.5,0.218,0.1,0.218,0.5,0.76,0.76
297,,0.74,0.48,0.198,0.08,0.198,0.48,0.74,0.74
298,,0.72,0.46,0.178,0.06,0.178,0.46,0.72,0.72
299,,0.7,0.44,0.158,0.04,0.158,0.44,0.7,0.7
300,,0.68,0.42,0.138,0.02,0.138,0.42,0.68,0.68
301,,0.66,0.4,0.118,0.0,0.118,0.4,0.66,0.66
302,,0.64,0.38,0.098,-0.02,0.098,0.38,0.64,0.64
303,4,0.879,0.76,0.619,0.98,0.619,0.76,0.879,0.82
304,4,1.0,1.0,1.0,1.0,1.0,1.0,1.0,1.0
305,,0.98,0.98,0.98,0.98,0.98,0.98,0.98,0.98
306,,0.96,0.96,0.96,0.96,0.96,0.96,0.96,0.96
307,,0.94,0.94,0.94,0.94,0.94,0.94,0.94,0.94
308,,0.92,0.92,0.92,0.92,0.92,0.92,0.92,0.92
309,,0.9,0.9,0.9,0.9,0.9,0.9,0.9,0.9
310,,0.88,0.88,0.88,0.88,0.88,0.88,0.88,0.88
311,,0.86,0.86,0.86,0.86,0.86,0.86,0.86,0.86
312,,0.84,0.84,0.84,0.84,0.84,0.84,0.84,0.84
313,,0.82,0.82,0.82,0.82,0.82,0.82,0.82,0.82
314,,0.8,0.8,0.8,0.8,0.8,0.8,0.8,0.8
315,,0.78,0.78,0.78,0.78,0.78,0.78,0.78,0.78
316,,0.76,0.76,0.76,0.76,0.76,0.76,0.76,0.76
317,,0.74,0.74,0.74,0.74,0.74,0.74,0.74,0.74
318,,0.72,0.72,0.72,0.72,0.72,0.72,0.72,0.72
319,,0.7,0.7,0.7,0.7,0.7,0.7,0.7,0.7
320,,0.68,0.68,0.68,0.68,0.68,0.68,0.68,0.68
321,,0.66,0.66,0.66,0.66,0.66,0.66,0.66,0.66
322,,0.64,0.64,0.64,0.64,0.64,0.64,0.64,0.64
323,,0.62,0.62,0.62,0.62,0.62,0.62,0.62,0.62
324,,0.6,0.6,0.6,0.6,0.6,0.6,0.6,0.6
325,,0.58,0.58,0.58,0.58,0.58,0.58,0.58,0.58
326,,0.56,0.56,0.56,0.56,0.56,0.56,0.56,0.56
327,,0.54,0.54,0.54,0.54,0.54,0.54,0.54,0.54
328,,0.52,0.52,0.52,0.52,0.52,0.52,0.52,0.52
329,,0.5,0.5,0.5,0.5,0.5,0.5,0.5,0.5
330,,0.48,0.48,0.48,0.48,0.48,0.48,0.48,0.48
331,,0.46,0.46,0.46,0.46,0.46,0.46,0.46,0.46
332,,0.44,0.44,0.44,0.44,0.44,0.44,0.44,0.44
333,,0.42,0.42,0.42,0.42,0.42,0.42,0.42,0.42
334,,0.4,0.4,0.4,0.4,0.4,0.4,0.4,0.4
335,,0.38,0.38,0.38,0.38,0.38,0.38,0.38,0.38
336,,0.36,0.36,0.36,0.36,0.36,0.36,0.36,0.36
337,,0.34,0.34,0.34,0.34,0.34,0.34,0.34,0.34
338,,0.32,0.32,0.32,0.32,0.32,0.32,0.32,0.32
339,,0.3,0.3,0.3,0.3,0.3,0.3,0.3,0.3
340,,0.28,0.28,0.28,0.28,0.28,0.28,0.28,0.28
341,,0.26,0.26,0.26,0.26,0.26,0.26,0.26,0.26
342,,0.24,0.24,0.24,0.24,0.24,0.24,0.24,0.24
343,,0.22,0.22,0.22,0.22,0.22,0.22,0.22,0.22
344,,0.2,0.2,0.2,0.2,0.2,0.2,0.2,0.2
345,,0.18,0.18,0.18,0.18,0.18,0.18,0.18,0.18
346,,0.16,0.16,0.16,0.16,0.16,0.16,0.16,0.16
347,,0.14,0.14,0.14,0.14,0.14,0.14,0.14,0.14
348,,0.12,0.12,0.12,0.12,0.12,0.12,0.12,0.12
349,,0.1,0.1,0.1,0.1,0.1,0.1,0.1,0.1
350,,0.08,0.08,0.08,0.08,0.08,0.08,0.08,0.08
351,,0.06,0.06,0.06,0.06,0.06,0.06,0.06,0.06
352,,0.04,0.04,0.04,0.04,0.04,0.04,0.04,0.04
353,,0.02,0.02,0.02,0.02,0.02,0.02,0.02,0.02
354,,0.0,0.0,0.0,0.0,0.0,0.0,0.0,0.0
355,,-0.02,-0.02,-0.02,-0.02,-0.02,-0.02,-0.02,-0.02
356,4,0.219,0.36,0.501,0.98,0.501,0.36,0.219,0.16
357,4,0.458,0.74,1.0,1.0,1.0,0.74,0.458,0.34
358,,0.438,0.72,0.98,0.98,0.98,0.72,0.438,0.32
359,,0.418,0.7,0.96,0.96,0.96,0.7,0.418,0.3
360,,0.398,0.68,0.94,0.94,0.94,0.68,0.398,0.28
361,,0.378,0.66,0.92,0.92,0.92,0.66,0.378,0.26
362,,0.358,0.64,0.9,0.9,0.9,0.64,0.358,0.24
363,,0.338,0.62,0.88,0.88,0.88,0.62,0.338,0.22
364,,0.318,0.6,0.86,0.86,0.86,0.6,0.318,0.2
365,,0.298,0.58,0.84,0.84,0.84,0.58,0.298,0.18
366,,0.278,0.56,0.82,0.82,0.82,0.56,0.278,0.16
367,,0.258,0.54,0.8,0.8,0.8,0.54,0.258,0.14
368,,0.238,0.52,0.78,0.78,0.78,0.52,0.238,0.12
369,,0.218,0.5,0.76,0.76,0.76,0.5,0.218,0.1
370,,0.198,0.48,0.74,0.74,0.74,0.48,0.198,0.08
371,,0.178,0.46,0.72,0.72,0.72,0.46,0.178,0.06
372,,0.158,0.44,0.7,0.7,0.7,0.44,0.158,0.04
373,,0.138,0.42,0.68,0.68,0.68,0.42,0.138,0.02
374,,0.118,0.4,0.66,0.66,0.66,0.4,0.118,0.0
375,,0.098,0.38,0.64,0.64,0.64,0.38,0.098,-0.02
376,8,0.619,0.76,0.879,0.82,0.879,0.76,0.619,0.98
377,8,1.0,1.0,1.0,1.0,1.0,1.0,1.0,1.0
378,,0.98,0.98,0.98,0.98,0.98,0.98,0.98,0.98
379,,0.96,0.96,0.96,0.96,0.96,0.96,0.96,0.96
380,,0.94,0.94,0.94,0.94,0.94,0.94,0.94,0.94
381,,0.92,0.92,0.92,0.92,0.92,0.92,0.92,0.92
382,,0.9,0.9,0.9,0.9,0.9,0.9,0.9,0.9
383,,0.88,0.88,0.88,0.88,0.88,0.88,0.88,0.88
384,,0.86,0.86,0.86,0.86,0.86,0.86,0.86,0.86
385,,0.84,0.84,0.84,0.84,0.84,0.84,0.84,0.84
386,,0.82,0.82,0.82,0.82,0.82,0.82,0.82,0.82
387,,0.8,0.8,0.8,0.8,0.8,0.8,0.8,0.8
388,,0.78,0.78,0.78,0.78,0.78,0.78,0.78,0.78
389,,0.76,0.76,0.76,0.76,0.76,0.76,0.76,0.76
390,,0.74,0.74,0.74,0.74,0.74,0.74,0.74,0.74
391,,0.72,0.72,0.72,0.72,0.72,0.72,0.72,0.72
392,,0.7,0.7,0.7,0.7,0.7,0.7,0.7,0.7
393,,0.68,0.68,0.68,0.68,0.68,0.68,0.68,0.68
394,,0.66,0.66,0.66,0.66,0.66,0.66,0.66,0.66
395,,0.64,0.64,0.64,0.64,0.64,0.64,0.64,0.64
396,,0.62,0.62,0.62,0.62,0.62,0.62,0.62,0.62
397,,0.6,0.6,0.6,0.6,0.6,0.6,0.6,0.6
398,,0.58,0.58,0.58,0.58,0.58,0.58,0.58,0.58
399,,0.56,0.56,0.56,0.56,0.56,0.56,0.56,0.56
400,,0.54,0.54,0.54,0.54,0.54,0.54,0.54,0.54
401,,0.52,0.52,0.52,0.52,0.52,0.52,0.52,0.52
402,,0.5,0.5,0.5,0.5,0.5,0.5,0.5,0.5
403,,0.48,0.48,0.48,0.48,0.48,0.48,0.48,0.48
404,,0.46,0.46,0.46,0.46,0.46,0.46,0.46,0.46
405,,0.44,0.44,0.44,0.44,0.44,0.44,0.44,0.44
406,,0.42,0.42,0.42,0.42,0.42,0.42,0.42,0.42
407,,0.4,0.4,0.4,0.4,0.4,0.4,0.4,0.4
408,,0.38,0.38,0.38,0.38,0.38,0.38,0.38,0.38
409,,0.36,0.36,0.36,0.36,0.36,0.36,0.36,0.36
410,,0.34,0.34,0.34,0.34,0.34,0.34,0.34,0.34
411,,0.32,0.32,0.32,0.32,0.32,0.32,0.32,0.32
412,,0.3,0.3,0.3,0.3,0.3,0.3,0.3,0.3
413,,0.28,0.28,0.28,0.28,0.28,0.28,0.28,0.28
414,,0.26,0.26,0.26,0.26,0.26,0.26,0.26,0.26
415,,0.24,0.24,0.24,0.24,0.24,0.24,0.24,0.24
416,,0.22,0.22,0.22,0.22,0.22,0.22,0.22,0.22
417,,0.2,0.2,0.2,0.2,0.2,0.2,0.2,0.2
418,,0.18,0.18,0.18,0.18,0.18,0.18,0.18,0.18
419,,0.16,0.16,0.16,0.16,0.16,0.16,0.16,0.16
420,,0.14,0.14,0.14,0.14,0.14,0.14,0.14,0.14
421,,0.12,0.12,0.12,0.12,0.12,0.12,0.12,0.12
422,,0.1,0.1,0.1,0.1,0.1,0.1,0.1,0.1
423,,0.08,0.08,0.08,0.08,0.08,0.08,0.08,0.08
424,,0.06,0.06,0.06,0.06,0.06,0.06,0.06,0.06
425,,0.04,0.04,0.04,0.04,0.04,0.04,0.04,0.04
426,,0.02,0.02,0.02,0.02,0.02,0.02,0.02,0.02
427,,0.0,0.0,0.0,0.0,0.0,0.0,0.0,0.0
428,,-0.02,-0.02,-0.02,-0.02,-0.02,-0.02,-0.02,-0.02
429,3,0.36,0.501,0.98,0.501,0.36,0.219,0.16,0.219
430,3,0.74,1.0,1.0,1.0,0.74,0.458,0.34,0.458
431,,0.72,0.98,0.98,0.98,0.72,0.438,0.32,0.438
432,,0.7,0.96,0.96,0.96,0.7,0.418,0.3,0.418
433,,0.68,0.94,0.94,0.94,0.68,0.398,0.28,0.398
434,,0.66,0.92,0.92,0.92,0.66,0.378,0.26,0.378
435,,0.64,0.9,0.9,0.9,0.64,0.358,0.24,0.358
436,,0.62,0.88,0.88,0.88,0.62,0.338,0.22,0.338
437,,0.6,0.86,0.86,0.86,0.6,0.318,0.2,0.318
438,,0.58,0.84,0.84,0.84,0.58,0.298,0.18,0.298
439,,0.56,0.82,0.82,0.82,0.56,0.278,0.16,0.278
440,,0.54,0.8,0.8,0.8,0.54,0.258,0.14,0.258
441,,0.52,0.78,0.78,0.78,0.52,0.238,0.12,0.238
442,,0.5,0.76,0.76,0.76,0.5,0.218,0.1,0.218
443,,0.48,0.74,0.74,0.74,0.48,0.198,0.08,0.198
444,,0.46,0.72,0.72,0.72,0.46,0.178,0.06,0.178
445,,0.44,0.7,0.7,0.7,0.44,0.158,0.04,0.158
446,,0.42,0.68,0.68,0.68,0.42,0.138,0.02,0.138
447,,0.4,0.66,0.66,0.66,0.4,0.118,0.0,0.118
448,,0.38,0.64,0.64,0.64,0.38,0.098,-0.02,0.098
449,7,0.76,0.879,0.82,0.879,0.76,0.619,0.98,0.619
450,7,1.0,1.0,1.0,1.0,1.0,1.0,1.0,1.0
451,,0.98,0.98,0.98,0.98,0.98,0.98,0.98,0.98
452,,0.96,0.96,0.96,0.96,0.96,0.96,0.96,0.96
453,,0.94,0.94,0.94,0.94,0.94,0.94,0.94,0.94
454,,0.92,0.92,0.92,0.92,0.92,0.92,0.92,0.92
455,,0.9,0.9,0.9,0.9,0.9,0.9,0.9,0.9
456,,0.88,0.88,0.88,0.88,0.88,0.88,0.88,0.88
457,,0.86,0.86,0.86,0.86,0.86,0.86,0.86,0.86
458,,0.84,0.84,0.84,0.84,0.84,0.84,0.84,0.84
459,,0.82,0.82,0.82,0.82,0.82,0.82,0.82,0.82
460,,0.8,0.8,0.8,0.8,0.8,0.8,0.8,0.8
461,,0.78,0.78,0.78,0.78,0.78,0.78,0.78,0.78
462,,0.76,0.76,0.76,0.76,0.76,0.76,0.76,0.76
463,,0.74,0.74,0.74,0.74,0.74,0.74,0.74,0.74
464,,0.72,0.72,0.72,0.72,0.72,0.72,0.72,0.72
465,,0.7,0.7,0.7,0.7,0.7,0.7,0.7,0.7
466,,0.68,0.68,0.68,0.68,0.68,0.68,0.68,0.68
467,,0.66,0.66,0.66,0.66,0.66,0.66,0.66,0.66
468,,0.64,0.64,0.64,0.64,0.64,0.64,0.64,0.64
469,,0.62,0.62,0.62,0.62,0.62,0.62,0.62,0.62
470,,0.6,0.6,0.6,0.6,0.6,0.6,0.6,0.6
471,,0.58,0.58,0.58,0.58,0.58,0.58,0.58,0.58
472,,0.56,0.56,0.56,0.56,0.56,0.56,0.56,0.56
473,,0.54,0.54,0.54,0.54,0.54,0.54,0.54,0.54
474,,0.52,0.52,0.52,0.52,0.52,0.52,0.52,0.52
475,,0.5,0.5,0.5,0.5,0.5,0.5,0.5,0.5
476,,0.48,0.48,0.48,0.48,0.48,0.48,0.48,0.48
477,,0.46,0.46,0.46,0.46,0.46,0.46,0.46,0.46
478,,0.44,0.44,0.44,0.44,0.44,0.44,0.44,0.44
479,,0.42,0.42,0.42,0.42,0.42,0.42,0.42,0.42
480,,0.4,0.4,0.4,0.4,0.4,0.4,0.4,0.4
481,,0.38,0.38,0.38,0.38,0.38,0.38,0.38,0.38
482,,0.36,0.36,0.36,0.36,0.36,0.36,0.36,0.36
483,,0.34,0.34,0.34,0.34,0.34,0.34,0.34,0.34
484,,0.32,0.32,0.32,0.32,0.32,0.32,0.32,0.32
485,,0.3,0.3,0.3,0.3,0.3,0.3,0.3,0.3
486,,0.28,0.28,0.28,0.28,0.28,0.28,0.28,0.28
487,,0.26,0.26,0.26,0.26,0.26,0.26,0.26,0.26
488,,0.24,0.24,0.24,0.24,0.24,0.24,0.24,0.24
489,,0.22,0.22,0.22,0.22,0.22,0.22,0.22,0.22
490,,0.2,0.2,0.2,0.2,0.2,0.2,0.2,0.2
491,,0.18,0.18,0.18,0.18,0.18,0.18,0.18,0.18
492,,0.16,0.16,0.16,0.16,0.16,0.16,0.16,0.16
493,,0.14,0.14,0.14,0.14,0.14,0.14,0.14,0.14
494,,0.12,0.12,0.12,0.12,0.12,0.12,0.12,0.12
495,,0.1,0.1,0.1,0.1,0.1,0.1,0.1,0.1
496,,0.08,0.08,0.08,0.08,0.08,0.08,0.08,0.08
497,,0.06,0.06,0.06,0.06,0.06,0.06,0.06,0.06
498,,0.04,0.04,0.04,0.04,0.04,0.04,0.04,0.04
499,,0.02,0.02,0.02,0.02,0.02,0.02,0.02,0.02
500,,0.0,0.0,0.0,0.0,0.0,0.0,0.0,0.0
501,,-0.02,-0.02,-0.02,-0.02,-0.02,-0.02,-0.02,-0.02
502,1,0.98,0.501,0.36,0.219,0.16,0.219,0.36,0.501
503,1,1.0,1.0,0.74,0.458,0.34,0.458,0.74,1.0
504,,0.98,0.98,0.72,0.438,0.32,0.438,0.72,0.98
505,,0.96,0.96,0.7,0.418,0.3,0.418,0.7,0.96
506,,0.94,0.94,0.68,0.398,0.28,0.398,0.68,0.94
507,,0.92,0.92,0.66,0.378,0.26,0.378,0.66,0.92
508,,0.9,0.9,0.64,0.358,0.24,0.358,0.64,0.9
509,,0.88,0.88,0.62,0.338,0.22,0.338,0.62,0.88
510,,0.86,0.86,0.6,0.318,0.2,0.318,0.6,0.86
511,,0.84,0.84,0.58,0.298,0.18,0.298,0.58,0.84
512,,0.82,0.82,0.56,0.278,0.16,0.278,0.56,0.82
513,,0.8,0.8,0.54,0.258,0.14,0.258,0.54,0.8
514,,0.78,0.78,0.52,0.238,0.12,0.238,0.52,0.78
515,,0.76,0.76,0.5,0.218,0.1,0.218,0.5,0.76
516,,0.74,0.74,0.48,0.198,0.08,0.198,0.48,0.74
517,,0.72,0.72,0.46,0.178,0.06,0.178,0.46,0.72
518,,0.7,0.7,0.44,0.158,0.04,0.158,0.44,0.7
519,,0.68,0.68,0.42,0.138,0.02,0.138,0.42,0.68
520,,0.66,0.66,0.4,0.118,0.0,0.118,0.4,0.66
521,,0.64,0.64,0.38,0.098,-0.02,0.098,0.38,0.64
522,5,0.82,0.879,0.76,0.619,0.98,0.619,0.76,0.879
523,5,1.0,1.0,1.0,1.0,1.0,1.0,1.0,1.0
524,,0.98,0.98,0.98,0.98,0.98,0.98,0.98,0.98
525,,0.96,0.96,0.96,0.96,0.96,0.96,0.96,0.96
526,,0.94,0.94,0.94,0.94,0.94,0.94,0.94,0.94
527,,0.92,0.92,0.92,0.92,0.92,0.92,0.92,0.92
528,,0.9,0.9,0.9,0.9,0.9,0.9,0.9,0.9
529,,0.88,0.88,0.88,0.88,0.88,0.88,0.88,0.88
530,,0.86,0.86,0.86,0.86,0.86,0.86,0.86,0.86
531,,0.84,0.84,0.84,0.84,0.84,0.84,0.84,0.84
532,,0.82,0.82,0.82,0.82,0.82,0.82,0.82,0.82
533,,0.8,0.8,0.8,0.8,0.8,0.8,0.8,0.8
534,,0.78,0.78,0.78,0.78,0.78,0.78,0.78,0.78
535,,0.76,0.76,0.76,0.76,0.76,0.76,0.76,0.76
536,,0.74,0.74,0.74,0.74,0.74,0.74,0.74,0.74
537,,0.72,0.72,0.72,0.72,0.72,0.72,0.72,0.72
538,,0.7,0.7,0.7,0.7,0.7,0.7,0.7,0.7
539,,0.68,0.68,0.68,0.68,0.68,0.68,0.68,0.68
540,,0.66,0.66,0.66,0.66,0.66,0.66,0.66,0.66
541,,0.64,0.64,0.64,0.64,0.64,0.64,0.64,0.64
542,,0.62,0.62,0.62,0.62,0.62,0.62,0.62,0.62
543,,0.6,0.6,0.6,0.6,0.6,0.6,0.6,0.6
544,,0.58,0.58,0.58,0.58,0.58,0.58,0.58,0.58
545,,0.56,0.56,0.56,0.56,0.56,0.56,0.56,0.56
546,,0.54,0.54,0.54,0.54,0.54,0.54,0.54,0.54
547,,0.52,0.52,0.52,0.52,0.52,0.52,0.52,0.52
548,,0.5,0.5,0.5,0.5,0.5,0.5,0.5,0.5
549,,0.48,0.48,0.48,0.48,0.48,0.48,0.48,0.48
550,,0.46,0.46,0.46,0.46,0.46,0.46,0.46,0.46
551,,0.44,0.44,0.44,0.44,0.44,0.44,0.44,0.44
552,,0.42,0.42,0.42,0.42,0.42,0.42,0.42,0.42
553,,0.4,0.4,0.4,0.4,0.4,0.4,0.4,0.4
554,,0.38,0.38,0.38,0.38,0.38,0.38,0.38,0.38
555,,0.36,0.36,0.36,0.36,0.36,0.36,0.36,0.36
556,,0.34,0.34,0.34,0.34,0.34,0.34,0.34,0.34
557,,0.32,0.32,0.32,0.32,0.32,0.32,0.32,0.32
558,,0.3,0.3,0.3,0.3,0.3,0.3,0.3,0.3
559,,0.28,0.28,0.28,0.28,0.28,0.28,0.28,0.28
560,,0.26,0.26,0.26,0.26,0.26,0.26,0.26,0.26
561,,0.24,0.24,0.24,0.24,0.24,0.24,0.24,0.24
562,,0.22,0.22,0.22,0.22,0.22,0.22,0.22,0.22
563,,0.2,0.2,0.2,0.2,0.2,0.2,0.2,0.2
564,,0.18,0.18,0.18,0.18,0.18,0.18,0.18,0.18
565,,0.16,0.16,0.16,0.16,0.16,0.16,0.16,0.16
566,,0.14,0.14,0.14,0.14,0.14,0.14,0.14,0.14
567,,0.12,0.12,0.12,0.12,0.12,0.12,0.12,0.12
568,,0.1,0.1,0.1,0.1,0.1,0.1,0.1,0.1
569,,0.08,0.08,0.08,0.08,0.08,0.08,0.08,0.08
570,,0.06,0.06,0.06,0.06,0.06,0.06,0.06,0.06
571,,0.04,0.04,0.04,0.04,0.04,0.04,0.04,0.04
572,,0.02,0.02,0.02,0.02,0.02,0.02,0.02,0.02
573,,0.0,0.0,0.0,0.0,0.0,0.0,0.0,0.0
574,,-0.02,-0.02,-0.02,-0.02,-0.02,-0.02,-0.02,-0.02
575,8,0.501,0.36,0.219,0.16,0.219,0.36,0.501,0.98
576,8,1.0,0.74,0.458,0.34,0.458,0.74,1.0,1.0
577,,0.98,0.72,0.438,0.32,0.438,0.72,0.98,0.98
578,,0.96,0.7,0.418,0.3,0.418,0.7,0.96,0.96
579,,0.94,0.68,0.398,0.28,0.398,0.68,0.94,0.94
580,,0.92,0.66,0.378,0.26,0.378,0.66,0.92,0.92
581,,0.9,0.64,0.358,0.24,0.358,0.64,0.9,0.9
582,,0.88,0.62,0.338,0.22,0.338,0.62,0.88,0.88
583,,0.86,0.6,0.318,0.2,0.318,0.6,0.86,0.86
584,,0.84,0.58,0.298,0.18,0.298,0.58,0.84,0.84
585,,0.82,0.56,0.278,0.16,0.278,0.56,0.82,0.82
586,,0.8,0.54,0.258,0.14,0.258,0.54,0.8,0.8
587,,0.78,0.52,0.238,0.12,0.238,0.52,0.78,0.78
588,,0.76,0.5,0.218,0.1,0.218,0.5,0.76,0.76
589,,0.74,0.48,0.198,0.08,0.198,0.48,0.74,0.74
590,,0.72,0.46,0.178,0.06,0.178,0.46,0.72,0.72
591,,0.7,0.44,0.158,0.04,0.158,0.44,0.7,0.7
592,,0.68,0.42,0.138,0.02,0.138,0.42,0.68,0.68
593,,0.66,0.4,0.118,0.0,0.118,0.4,0.66,0.66
594,,0.64,0.38,0.098,-0.02,0.098,0.38,0.64,0.64
595,4,0.879,0.76,0.619,0.98,0.619,0.76,0.879,0.82
596,4,1.0,1.0,1.0,1.0,1.0,1.0,1.0,1.0
597,,0.98,0.98,0.98,0.98,0.98,0.98,0.98,0.98
598,,0.96,0.96,0.96,0.96,0.96,0.96,0.96,0.96
599,,0.94,0.94,0.94,0.94,0.94,0.94,0.94,0.94
600,,0.92,0.92,0.92,0.92,0.92,0.92,0.92,0.92
601,,0.9,0.9,0.9,0.9,0.9,0.9,0.9,0.9
602,,0.88,0.88,0.88,0.88,0.88,0.88,0.88,0.88
603,,0.86,0.86,0.86,0.86,0.86,0.86,0.86,0.86
604,,0.84,0.84,0.84,0.84,0.84,0.84,0.84,0.84
605,,0.82,0.82,0.82,0.82,0.82,0.82,0.82,0.82
606,,0.8,0.8,0.8,0.8,0.8,0.8,0.8,0.8
607,,0.78,0.78,0.78,0.78,0.78,0.78,0.78,0.78
608,,0.76,0.76,0.76,0.76,0.76,0.76,0.76,0.76
609,,0.74,0.74,0.74,0.74,0.74,0.74,0.74,0.74
610,,0.72,0.72,0.72,0.72,0.72,0.72,0.72,0.72
611,,0.7,0.7,0.7,0.7,0.7,0.7,0.7,0.7
612,,0.68,0.68,0.68,0.68,0.68,0.68,0.68,0.68
613,,0.66,0.66,0.66,0.66,0.66,0.66,0.66,0.66
614,,0.64,0.64,0.64,0.64,0.64,0.64,0.64,0.64
615,,0.62,0.62,0.62,0.62,0.62,0.62,0.62,0.62
616,,0.6,0.6,0.6,0.6,0.6,0.6,0.6,0.6
617,,0.58,0.58,0.58,0.58,0.58,0.58,0.58,0.58
618,,0.56,0.56,0.56,0.56,0.56,0.56,0.56,0.56
619,,0.54,0.54,0.54,0.54,0.54,0.54,0.54,0.54
620,,0.52,0.52,0.52,0.52,0.52,0.52,0.52,0.52
621,,0.5,0.5,0.5,0.5,0.5,0.5,0.5,0.5
622,,0.48,0.48,0.48,0.48,0.48,0.48,0.48,0.48
623,,0.46,0.46,0.46,0.46,0.46,0.46,0.46,0.46
624,,0.44,0.44,0.44,0.44,0.44,0.44,0.44,0.44
625,,0.42,0.42,0.42,0.42,0.42,0.42,0.42,0.42
626,,0.4,0.4,0.4,0.4,0.4,0.4,0.4,0.4
627,,0.38,0.38,0.38,0.38,0.38,0.38,0.38,0.38
628,,0.36,0.36,0.36,0.36,0.36,0.36,0.36,0.36
629,,0.34,0.34,0.34,0.34,0.34,0.34,0.34,0.34
630,,0.32,0.32,0.32,0.32,0.32,0.32,0.32,0.32
631,,0.3,0.3,0.3,0.3,0.3,0.3,0.3,0.3
632,,0.28,0.28,0.28,0.28,0.28,0.28,0.28,0.28
633,,0.26,0.26,0.26,0.26,0.26,0.26,0.26,0.26
634,,0.24,0.24,0.24,0.24,0.24,0.24,0.24,0.24
635,,0.22,0.22,0.22,0.22,0.22,0.22,0.22,0.22
636,,0.2,0.2,0.2,0.2,0.2,0.2,0.2,0.2
637,,0.18,0.18,0.18,0.18,0.18,0.18,0.18,0.18
638,,0.16,0.16,0.16,0.16,0.16,0.16,0.16,0.16
639,,0.14,0.14,0.14,0.14,0.14,0.14,0.14,0.14
640,,0.12,0.12,0.12,0.12,0.12,0.12,0.12,0.12
641,,0.1,0.1,0.1,0.1,0.1,0.1,0.1,0.1
642,,0.08,0.08,0.08,0.08,0.08,0.08,0.08,0.08
643,,0.06,0.06,0.06,0.06,0.06,0.06,0.06,0.06
644,,0.04,0.04,0.04,0.04,0.04,0.04,0.04,0.04
645,,0.02,0.02,0.02,0.02,0.02,0.02,0.02,0.02
646,,0.0,0.0,0.0,0.0,0.0,0.0,0.0,0.0
647,,-0.02,-0.02,-0.02,-0.02,-0.02,-0.02,-0.02,-0.02
648,4,0.219,0.36,0.501,0.98,0.501,0.36,0.219,0.16
649,4,0.458,0.74,1.0,1.0,1.0,0.74,0.458,0.34
650,,0.438,0.72,0.98,0.98,0.98,0.72,0.438,0.32
651,,0.418,0.7,0.96,0.96,0.96,0.7,0.418,0.3
652,,0.398,0.68,0.94,0.94,0.94,0.68,0.398,0.28
653,,0.378,0.66,0.92,0.92,0.92,0.66,0.378,0.26
654,,0.358,0.64,0.9,0.9,0.9,0.64,0.358,0.24
655,,0.338,0.62,0.88,0.88,0.88,0.62,0.338,0.22
656,,0.318,0.6,0.86,0.86,0.86,0.6,0.318,0.2
657,,0.298,0.58,0.84,0.84,0.84,0.58,0.298,0.18
658,,0.278,0.56,0.82,0.82,0.82,0.56,0.278,0.16
659,,0.258,0.54,0.8,0.8,0.8,0.54,0.258,0.14
660,,0.238,0.52,0.78,0.78,0.78,0.52,0.238,0.12
661,,0.218,0.5,0.76,0.76,0.76,0.5,0.218,0.1
662,,0.198,0.48,0.74,0.74,0.74,0.48,0.198,0.08
663,,0.178,0.46,0.72,0.72,0.72,0.46,0.178,0.06
664,,0.158,0.44,0.7,0.7,0.7,0.44,0.158,0.04
665,,0.138,0.42,0.68,0.68,0.68,0.42,0.138,0.02
666,,0.118,0.4,0.66,0.66,0.66,0.4,0.118,0.0
667,,0.098,0.38,0.64,0.64,0.64,0.38,0.098,-0.02
668,8,0.619,0.76,0.879,0.82,0.879,0.76,0.619,0.98
669,8,1.0,1.0,1.0,1.0,1.0,1.0,1.0,1.0
670,,0.98,0.98,0.98,0.98,0.98,0.98,0.98,0.98
671,,0.96,0.96,0.96,0.96,0.96,0.96,0.96,0.96
672,,0.94,0.94,0.94,0.94,0.94,0.94,0.94,0.94
673,,0.92,0.92,0.92,0.92,0.92,0.92,0.92,0.92
674,,0.9,0.9,0.9,0.9,0.9,0.9,0.9,0.9
675,,0.88,0.88,0.88,0.88,0.88,0.88,0.88,0.88
676,,0.86,0.86,0.86,0.86,0.86,0.86,0.86,0.86
677,,0.84,0.84,0.84,0.84,0.84,0.84,0.84,0.84
678,,0.82,0.82,0.82,0.82,0.82,0.82,0.82,0.82
679,,0.8,0.8,0.8,0.8,0.8,0.8,0.8,0.8
680,,0.78,0.78,0.78,0.78,0.78,0.78,0.78,0.78
681,,0.76,0.76,0.76,0.76,0.76,0.76,0.76,0.76
682,,0.74,0.74,0.74,0.74,0.74,0.74,0.74,0.74
683,,0.72,0.72,0.72,0.72,0.72,0.72,0.72,0.72
684,,0.7,0.7,0.7,0.7,0.7,0.7,0.7,0.7
685,,0.68,0.68,0.68,0.68,0.68,0.68,0.68,0.68
686,,0.66,0.66,0.66,0.66,0.66,0.66,0.66,0.66
687,,0.64,0.64,0.64,0.64,0.64,0.64,0.64,0.64
688,,0.62,0.62,0.62,0.62,0.62,0.62,0.62,0.62
689,,0.6,0.6,0.6,0.6,0.6,0.6,0.6,0.6
690,,0.58,0.58,0.58,0.58,0.58,0.58,0.58,0.58
691,,0.56,0.56,0.56,0.56,0.56,0.56,0.56,0.56
692,,0.54,0.54,0.54,0.54,0.54,0.54,0.54,0.54
693,,0.52,0.52,0.52,0.52,0.52,0.52,0.52,0.52
694,,0.5,0.5,0.5,0.5,0.5,0.5,0.5,0.5
695,,0.48,0.48,0.48,0.48,0.48,0.48,0.48,0.48
696,,0.46,0.46,0.46,0.46,0.46,0.46,0.46,0.46
697,,0.44,0.44,0.44,0.44,0.44,0.44,0.44,0.44
698,,0.42,0.42,0.42,0.42,0.42,0.42,0.42,0.42
699,,0.4,0.4,0.4,0.4,0.4,0.4,0.4,0.4
700,,0.38,0.38,0.38,0.38,0.38,0.38,0.38,0.38
701,,0.36,0.36,0.36,0.36,0.36,0.36,0.36,0.36
702,,0.34,0.34,0.34,0.34,0.34,0.34,0.34,0.34
703,,0.32,0.32,0.32,0.32,0.32,0.32,0.32,0.32
704,,0.3,0.3,0.3,0.3,0.3,0.3,0.3,0.3
705,,0.28,0.28,0.28,0.28,0.28,0.28,0.28,0.28
706,,0.26,0.26,0.26,0.26,0.26,0.26,0.26,0.26
707,,0.24,0.24,0.24,0.24,0.24,0.24,0.24,0.24
708,,0.22,0.22,0.22,0.22,0.22,0.22,0.22,0.22
709,,0.2,0.2,0.2,0.2,0.2,0.2,0.2,0.2
710,,0.18,0.18,0.18,0.18,0.18,0.18,0.18,0.18
711,,0.16,0.16,0.16,0.16,0.16,0.16,0.16,0.16
712,,0.14,0.14,0.14,0.14,0.14,0.14,0.14,0.14
713,,0.12,0.12,0.12,0.12,0.12,0.12,0.12,0.12
714,,0.1,0.1,0.1,0.1,0.1,0.1,0.1,0.1
715,,0.08,0.08,0.08,0.08,0.08,0.08,0.08,0.08
716,,0.06,0.06,0.06,0.06,0.06,0.06,0.06,0.06
717,,0.04,0.04,0.04,0.04,0.04,0.04,0.04,0.04
718,,0.02,0.02,0.02,0.02,0.02,0.02,0.02,0.02
719,,0.0,0.0,0.0,0.0,0.0,0.0,0.0,0.0
720,,-0.02,-0.02,-0.02,-0.02,-0.02,-0.02,-0.02,-0.02
721,6,0.219,0.16,0.219,0.36,0.501,0.98,0.501,0.36
722,6,0.458,0.34,0.458,0.74,1.0,1.0,1.0,0.74
723,,0.438,0.32,0.438,0.72,0.98,0.98,0.98,0.72
724,,0.418,0.3,0.418,0.7,0.96,0.96,0.96,0.7
725,,0.398,0.28,0.398,0.68,0.94,0.94,0.94,0.68
726,,0.378,0.26,0.378,0.66,0.92,0.92,0.92,0.66
727,,0.358,0.24,0.358,0.64,0.9,0.9,0.9,0.64
728,,0.338,0.22,0.338,0.62,0.88,0.88,0.88,0.62
729,,0.318,0.2,0.318,0.6,0.86,0.86,0.86,0.6
730,,0.298,0.18,0.298,0.58,0.84,0.84,0.84,0.58
731,,0.278,0.16,0.278,0.56,0.82,0.82,0.82,0.56
732,,0.258,0.14,0.258,0.54,0.8,0.8,0.8,0.54
733,,0.238,0.12,0.238,0.52,0.78,0.78,0.78,0.52
734,,0.218,0.1,0.218,0.5,0.76,0.76,0.76,0.5
735,,0.198,0.08,0.198,0.48,0.74,0.74,0.74,0.48
736,,0.178,0.06,0.178,0.46,0.72,0.72,0.72,0.46
737,,0.158,0.04,0.158,0.44,0.7,0.7,0.7,0.44
738,,0.138,0.02,0.138,0.42,0.68,0.68,0.68,0.42
739,,0.118,0.0,0.118,0.4,0.66,0.66,0.66,0.4
740,,0.098,-0.02,0.098,0.38,0.64,0.64,0.64,0.38
741,2,0.619,0.98,0.619,0.76,0.879,0.82,0.879,0.76
742,2,1.0,1.0,1.0,1.0,1.0,1.0,1.0,1.0
743,,0.98,0.98,0.98,0.98,0.98,0.98,0.98,0.98
744,,0.96,0.96,0.96,0.96,0.96,0.96,0.96,0.96
745,,0.94,0.94,0.94,0.94,0.94,0.94,0.94,0.94
746,,0.92,0.92,0.92,0.92,0.92,0.92,0.92,0.92
747,,0.9,0.9,0.9,0.9,0.9,0.9,0.9,0.9
748,,0.88,0.88,0.88,0.88,0.88,0.88,0.88,0.88
749,,0.86,0.86,0.86,0.86,0.86,0.86,0.86,0.86
750,,0.84,0.84,0.84,0.84,0.84,0.84,0.84,0.84
751,,0.82,0.82,0.82,0.82,0.82,0.82,0.82,0.82
752,,0.8,0.8,0.8,0.8,0.8,0.8,0.8,0.8
753,,0.78,0.78,0.78,0.78,0.78,0.78,0.78,0.78
754,,0.76,0.76,0.76,0.76,0.76,0.76,0.76,0.76
755,,0.74,0.74,0.74,0.74,0.74,0.74,0.74,0.74
756,,0.72,0.72,0.72,0.72,0.72,0.72,0.72,0.72
757,,0.7,0.7,0.7,0.7,0.7,0.7,0.7,0.7
758,,0.68,0.68,0.68,0.68,0.68,0.68,0.68,0.68
759,,0.66,0.66,0.66,0.66,0.66,0.66,0.66,0.66
760,,0.64,0.64,0.64,0.64,0.64,0.64,0.64,0.64
761,,0.62,0.62,0.62,0.62,0.62,0.62,0.62,0.62
762,,0.6,0.6,0.6,0.6,0.6,0.6,0.6,0.6
763,,0.58,0.58,0.58,0.58,0.58,0.58,0.58,0.58
764,,0.56,0.56,0.56,0.56,0.56,0.56,0.56,0.56
765,,0.54,0.54,0.54,0.54,0.54,0.54,0.54,0.54
766,,0.52,0.52,0.52,0.52,0.52,0.52,0.52,0.52
767,,0.5,0.5,0.5,0.5,0.5,0.5,0.5,0.5
768,,0.48,0.48,0.48,0.48,0.48,0.48,0.48,0.48
769,,0.46,0.46,0.46,0.46,0.46,0.46,0.46,0.46
770,,0.44,0.44,0.44,0.44,0.44,0.44,0.44,0.44
771,,0.42,0.42,0.42,0.42,0.42,0.42,0.42,0.42
772,,0.4,0.4,0.4,0.4,0.4,0.4,0.4,0.4
773,,0.38,0.38,0.38,0.38,0.38,0.38,0.38,0.38
774,,0.36,0.36,0.36,0.36,0.36,0.36,0.36,0.36
775,,0.34,0.34,0.34,0.34,0.34,0.34,0.34,0.34
776,,0.32,0.32,0.32,0.32,0.32,0.32,0.32,0.32
777,,0.3,0.3,0.3,0.3,0.3,0.3,0.3,0.3
778,,0.28,0.28,0.28,0.28,0.28,0.28,0.28,0.28
779,,0.26,0.26,0.26,0.26,0.26,0.26,0.26,0.26
780,,0.24,0.24,0.24,0.24,0.24,0.24,0.24,0.24
781,,0.22,0.22,0.22,0.22,0.22,0.22,0.22,0.22
782,,0.2,0.2,0.2,0.2,0.2,0.2,0.2,0.2
783,,0.18,0.18,0.18,0.18,0.18,0.18,0.18,0.18
784,,0.16,0.16,0.16,0.16,0.16,0.16,0.16,0.16
785,,0.14,0.14,0.14,0.14,0.14,0.14,0.14,0.14
786,,0.12,0.12,0.12,0.12,0.12,0.12,0.12,0.12
787,,0.1,0.1,0.1,0.1,0.1,0.1,0.1,0.1
788,,0.08,0.08,0.08,0.08,0.08,0.08,0.08,0.08
789,,0.06,0.06,0.06,0.06,0.06,0.06,0.06,0.06
790,,0.04,0.04,0.04,0.04,0.04,0.04,0.04,0.04
791,,0.02,0.02,0.02,0.02,0.02,0.02,0.02,0.02
792,,0.0,0.0,0.0,0.0,0.0,0.0,0.0,0.0
793,,-0.02,-0.02,-0.02,-0.02,-0.02,-0.02,-0.02,-0.02
794,8,0.501,0.36,0.219,0.16,0.219,0.36,0.501,0.98
795,8,1.0,0.74,0.458,0.34,0.458,0.74,1.0,1.0
796,,0.98,0.72,0.438,0.32,0.438,0.72,0.98,0.98
797,,0.96,0.7,0.418,0.3,0.418,0.7,0.96,0.96
798,,0.94,0.68,0.398,0.28,0.398,0.68,0.94,0.94
799,,0.92,0.66,0.378,0.26,0.378,0.66,0.92,0.92
800,,0.9,0.64,0.358,0.24,0.358,0.64,0.9,0.9
801,,0.88,0.62,0.338,0.22,0.338,0.62,0.88,0.88
802,,0.86,0.6,0.318,0.2,0.318,0.6,0.86,0.86
803,,0.84,0.58,0.298,0.18,0.298,0.58,0.84,0.84
804,,0.82,0.56,0.278,0.16,0.278,0.56,0.82,0.82
805,,0.8,0.54,0.258,0.14,0.258,0.54,0.8,0.8
806,,0.78,0.52,0.238,0.12,0.238,0.52,0.78,0.78
807,,0.76,0.5,0.218,0.1,0.218,0.5,0.76,0.76
808,,0.74,0.48,0.198,0.08,0.198,0.48,0.74,0.74
809,,0.72,0.46,0.178,0.06,0.178,0.46,0.72,0.72
810,,0.7,0.44,0.158,0.04,0.158,0.44,0.7,0.7
811,,0.68,0.42,0.138,0.02,0.138,0.42,0.68,0.68
812,,0.66,0.4,0.118,0.0,0.118,0.4,0.66,0.66
813,,0.64,0.38,0.098,-0.02,0.098,0.38,0.64,0.64
814,4,0.879,0.76,0.619,0.98,0.619,0.76,0.879,0.82
815,4,1.0,1.0,1.0,1.0,1.0,1.0,1.0,1.0
816,,0.98,0.98,0.98,0.98,0.98,0.98,0.98,0.98
817,,0.96,0.96,0.96,0.96,0.96,0.96,0.96,0.96
818,,0.94,0.94,0.94,0.94,0.94,0.94,0.94,0.94
819,,0.92,0.92,0.92,0.92,0.92,0.92,0.92,0.92
820,,0.9,0.9,0.9,0.9,0.9,0.9,0.9,0.9
821,,0.88,0.88,0.88,0.88,0.88,0.88,0.88,0.88
822,,0.86,0.86,0.86,0.86,0.86,0.86,0.86,0.86
823,,0.84,0.84,0.84,0.84,0.84,0.84,0.84,0.84
824,,0.82,0.82,0.82,0.82,0.82,0.82,0.82,0.82
825,,0.8,0.8,0.8,0.8,0.8,0.8,0.8,0.8
826,,0.78,0.78,0.78,0.78,0.78,0.78,0.78,0.78
827,,0.76,0.76,0.76,0.76,0.76,0.76,0.76,0.76
828,,0.74,0.74,0.74,0.74,0.74,0.74,0.74,0.74
829,,0.72,0.72,0.72,0.72,0.72,0.72,0.72,0.72
830,,0.7,0.7,0.7,0.7,0.7,0.7,0.7,0.7
831,,0.68,0.68,0.68,0.68,0.68,0.68,0.68,0.68
832,,0.66,0.66,0.66,0.66,0.66,0.66,0.66,0.66
833,,0.64,0.64,0.64,0.64,0.64,0.64,0.64,0.64
834,,0.62,0.62,0.62,0.62,0.62,0.62,0.62,0.62
835,,0.6,0.6,0.6,0.6,0.6,0.6,0.6,0.6
836,,0.58,0.58,0.58,0.58,0.58,0.58,0.58,0.58
837,,0.56,0.56,0.56,0.56,0.56,0.56,0.56,0.56
838,,0.54,0.54,0.54,0.54,0.54,0.54,0.54,0.54
839,,0.52,0.52,0.52,0.52,0.52,0.52,0.52,0.52
840,,0.5,0.5,0.5,0.5,0.5,0.5,0.5,0.5
841,,0.48,0.48,0.48,0.48,0.48,0.48,0.48,0.48
842,,0.46,0.46,0.46,0.46,0.46,0.46,0.46,0.46
843,,0.44,0.44,0.44,0.44,0.44,0.44,0.44,0.44
844,,0.42,0.42,0.42,0.42,0.42,0.42,0.42,0.42
845,,0.4,0.4,0.4,0.4,0.4,0.4,0.4,0.4
846,,0.38,0.38,0.38,0.38,0.38,0.38,0.38,0.38
847,,0.36,0.36,0.36,0.36,0.36,0.36,0.36,0.36
848,,0.34,0.34,0.34,0.34,0.34,0.34,0.34,0.34
849,,0.32,0.32,0.32,0.32,0.32,0.32,0.32,0.32
850,,0.3,0.3,0.3,0.3,0.3,0.3,0.3,0.3
851,,0.28,0.28,0.28,0.28,0.28,0.28,0.28,0.28
852,,0.26,0.26,0.26,0.26,0.26,0.26,0.26,0.26
853,,0.24,0.24,0.24,0.24,0.24,0.24,0.24,0.24
854,,0.22,0.22,0.22,0.22,0.22,0.22,0.22,0.22
855,,0.2,0.2,0.2,0.2,0.2,0.2,0.2,0.2
856,,0.18,0.18,0.18,0.18,0.18,0.18,0.18,0.18
857,,0.16,0.16,0.16,0.16,0.16,0.16,0.16,0.16
858,,0.14,0.14,0.14,0.14,0.14,0.14,0.14,0.14
859,,0.12,0.12,0.12,0.12,0.12,0.12,0.12,0.12
860,,0.1,0.1,0.1,0.1,0.1,0.1,0.1,0.1
861,,0.08,0.08,0.08,0.08,0.08,0.08,0.08,0.08
862,,0.06,0.06,0.06,0.06,0.06,0.06,0.06,0.06
863,,0.04,0.04,0.04,0.04,0.04,0.04,0.04,0.04
864,,0.02,0.02,0.02,0.02,0.02,0.02,0.02,0.02
865,,0.0,0.0,0.0,0.0,0.0,0.0,0.0,0.0
866,,-0.02,-0.02,-0.02,-0.02,-0.02,-0.02,-0.02,-0.02
867,4,0.219,0.36,0.501,0.98,0.501,0.36,0.219,0.16
868,4,0.458,0.74,1.0,1.0,1.0,0.74,0.458,0.34
869,,0.438,0.72,0.98,0.98,0.98,0.72,0.438,0.32
870,,0.418,0.7,0.96,0.96,0.96,0.7,0.418,0.3
871,,0.398,0.68,0.94,0.94,0.94,0.68,0.398,0.28
872,,0.378,0.66,0.92,0.92,0.92,0.66,0.378,0.26
873,,0.358,0.64,0.9,0.9,0.9,0.64,0.358,0.24
874,,0.338,0.62,0.88,0.88,0.88,0.62,0.338,0.22
875,,0.318,0.6,0.86,0.86,0.86,0.6,0.318,0.2
876,,0.298,0.58,0.84,0.84,0.84,0.58,0.298,0.18
877,,0.278,0.56,0.82,0.82,0.82,0.56,0.278,0.16
878,,0.258,0.54,0.8,0.8,0.8,0.54,0.258,0.14
879,,0.238,0.52,0.78,0.78,0.78,0.52,0.238,0.12
880,,0.218,0.5,0.76,0.76,0.76,0.5,0.218,0.1
881,,0.198,0.48,0.74,0.74,0.74,0.48,0.198,0.08
882,,0.178,0.46,0.72,0.72,0.72,0.46,0.178,0.06
883,,0.158,0.44,0.7,0.7,0.7,0.44,0.158,0.04
884,,0.138,0.42,0.68,0.68,0.68,0.42,0.138,0.02
885,,0.118,0.4,0.66,0.66,0.66,0.4,0.118,0.0
886,,0.098,0.38,0.64,0.64,0.64,0.38,0.098,-0.02
887,8,0.619,0.76,0.879,0.82,0.879,0.76,0.619,0.98
888,8,1.0,1.0,1.0,1.0,1.0,1.0,1.0,1.0
889,,0.98,0.98,0.98,0.98,0.98,0.98,0.98,0.98
890,,0.96,0.96,0.96,0.96,0.96,0.96,0.96,0.96
891,,0.94,0.94,0.94,0.94,0.94,0.94,0.94,0.94
892,,0.92,0.92,0.92,0.92,0.92,0.92,0.92,0.92
893,,0.9,0.9,0.9,0.9,0.9,0.9,0.9,0.9
894,,0.88,0.88,0.88,0.88,0.88,0.88,0.88,0.88
895,,0.86,0.86,0.86,0.86,0.86,0.86,0.86,0.86
896,,0.84,0.84,0.84,0.84,0.84,0.84,0.84,0.84
