step,active_motive,motive_1,motive_2,motive_3,motive_4,motive_5,motive_6,motive_7,motive_8
0,,0.80744,0.89609,0.318,0.11005,0.22794,0.42711,0.81801,0.86073
1,,0.78744,0.87609,0.298,0.09005,0.20794,0.40711,0.79801,0.84073
2,,0.76744,0.85609,0.278,0.07005,0.18794,0.38711,0.77801,0.82073
3,,0.74744,0.83609,0.258,0.05005,0.16794,0.36711,0.75801,0.80073
4,,0.72744,0.81609,0.238,0.03005,0.14794,0.34711,0.73801,0.78073
5,,0.70744,0.79609,0.218,0.01005,0.12794,0.32711,0.71801,0.76073
6,,0.68744,0.77609,0.198,-0.00995,0.10794,0.30711,0.69801,0.74073
7,4,0.92644,1.0,0.719,0.99005,0.62894,0.68711,0.93701,0.92073
8,4,1.0,1.0,1.0,1.0,1.0,1.0,1.0,1.0
9,,0.98,0.98,0.98,0.98,0.98,0.98,0.98,0.98
10,,0.96,0.96,0.96,0.96,0.96,0.96,0.96,0.96
11,,0.94,0.94,0.94,0.94,0.94,0.94,0.94,0.94
12,,0.92,0.92,0.92,0.92,0.92,0.92,0.92,0.92
13,,0.9,0.9,0.9,0.9,0.9,0.9,0.9,0.9
14,,0.88,0.88,0.88,0.88,0.88,0.88,0.88,0.88
15,,0.86,0.86,0.86,0.86,0.86,0.86,0.86,0.86
16,,0.84,0.84,0.84,0.84,0.84,0.84,0.84,0.84
17,,0.82,0.82,0.82,0.82,0.82,0.82,0.82,0.82
18,,0.8,0.8,0.8,0.8,0.8,0.8,0.8,0.8
19,,0.78,0.78,0.78,0.78,0.78,0.78,0.78,0.78
20,,0.76,0.76,0.76,0.76,0.76,0.76,0.76,0.76
21,,0.74,0.74,0.74,0.74,0.74,0.74,0.74,0.74
22,,0.72,0.72,0.72,0.72,0.72,0.72,0.72,0.72
23,,0.7,0.7,0.7,0.7,0.7,0.7,0.7,0.7
24,,0.68,0.68,0.68,0.68,0.68,0.68,0.68,0.68
25,,0.66,0.66,0.66,0.66,0.66,0.66,0.66,0.66
26,,0.64,0.64,0.64,0.64,0.64,0.64,0.64,0.64
27,,0.62,0.62,0.62,0.62,0.62,0.62,0.62,0.62
28,,0.6,0.6,0.6,0.6,0.6,0.6,0.6,0.6
29,,0.58,0.58,0.58,0.58,0.58,0.58,0.58,0.58
30,,0.56,0.56,0.56,0.56,0.56,0.56,0.56,0.56
31,,0.54,0.54,0.54,0.54,0.54,0.54,0.54,0.54
32,,0.52,0.52,0.52,0.52,0.52,0.52,0.52,0.52
33,,0.5,0.5,0.5,0.5,0.5,0.5,0.5,0.5
34,,0.48,0.48,0.48,0.48,0.48,0.48,0.48,0.48
35,,0.46,0.46,0.46,0.46,0.46,0.46,0.46,0.46
36,,0.44,0.44,0.44,0.44,0.44,0.44,0.44,0.44
37,,0.42,0.42,0.42,0.42,0.42,0.42,0.42,0.42
38,,0.4,0.4,0.4,0.4,0.4,0.4,0.4,0.4
39,,0.38,0.38,0.38,0.38,0.38,0.38,0.38,0.38
40,,0.36,0.36,0.36,0.36,0.36,0.36,0.36,0.36
41,,0.34,0.34,0.34,0.34,0.34,0.34,0.34,0.34
42,,0.32,0.32,0.32,0.32,0.32,0.32,0.32,0.32
43,,0.3,0.3,0.3,0.3,0.3,0.3,0.3,0.3
44,,0.28,0.28,0.28,0.28,0.28,0.28,0.28,0.28
45,,0.26,0.26,0.26,0.26,0.26,0.26,0.26,0.26
46,,0.24,0.24,0.24,0.24,0.24,0.24,0.24,0.24
47,,0.22,0.22,0.22,0.22,0.22,0.22,0.22,0.22
48,,0.2,0.2,0.2,0.2,0.2,0.2,0.2,0.2
49,,0.18,0.18,0.18,0.18,0.18,0.18,0.18,0.18
50,,0.16,0.16,0.16,0.16,0.16,0.16,0.16,0.16
51,,0.14,0.14,0.14,0.14,0.14,0.14,0.14,0.14
52,,0.12,0.12,0.12,0.12,0.12,0.12,0.12,0.12
53,,0.1,0.1,0.1,0.1,0.1,0.1,0.1,0.1
54,,0.08,0.08,0.08,0.08,0.08,0.08,0.08,0.08
55,,0.06,0.06,0.06,0.06,0.06,0.06,0.06,0.06
56,,0.04,0.04,0.04,0.04,0.04,0.04,0.04,0.04
57,,0.02,0.02,0.02,0.02,0.02,0.02,0.02,0.02
58,,0.0,0.0,0.0,0.0,0.0,0.0,0.0,0.0
59,,-0.02,-0.02,-0.02,-0.02,-0.02,-0.02,-0.02,-0.02
60,7,0.36,0.219,0.16,0.219,0.36,0.501,0.98,0.501
61,7,0.74,0.458,0.34,0.458,0.74,1.0,1.0,1.0
62,,0.72,0.438,0.32,0.438,0.72,0.98,0.98,0.98
63,,0.7,0.418,0.3,0.418,0.7,0.96,0.96,0.96
64,,0.68,0.398,0.28,0.398,0.68,0.94,0.94,0.94
65,,0.66,0.378,0.26,0.378,0.66,0.92,0.92,0.92
66,,0.64,0.358,0.24,0.358,0.64,0.9,0.9,0.9
67,,0.62,0.338,0.22,0.338,0.62,0.88,0.88,0.88
68,,0.6,0.318,0.2,0.318,0.6,0.86,0.86,0.86
69,,0.58,0.298,0.18,0.298,0.58,0.84,0.84,0.84
70,,0.56,0.278,0.16,0.278,0.56,0.82,0.82,0.82
71,,0.54,0.258,0.14,0.258,0.54,0.8,0.8,0.8
72,,0.52,0.238,0.12,0.238,0.52,0.78,0.78,0.78
73,,0.5,0.218,0.1,0.218,0.5,0.76,0.76,0.76
74,,0.48,0.198,0.08,0.198,0.48,0.74,0.74,0.74
75,,0.46,0.178,0.06,0.178,0.46,0.72,0.72,0.72
76,,0.44,0.158,0.04,0.158,0.44,0.7,0.7,0.7
77,,0.42,0.138,0.02,0.138,0.42,0.68,0.68,0.68
78,,0.4,0.118,0.0,0.118,0.4,0.66,0.66,0.66
79,,0.38,0.098,-0.02,0.098,0.38,0.64,0.64,0.64
80,3,0.76,0.619,0.98,0.619,0.76,0.879,0.82,0.879
81,3,1.0,1.0,1.0,1.0,1.0,1.0,1.0,1.0
82,,0.98,0.98,0.98,0.98,0.98,0.98,0.98,0.98
83,,0.96,0.96,0.96,0.96,0.96,0.96,0.96,0.96
84,,0.94,0.94,0.94,0.94,0.94,0.94,0.94,0.94
85,,0.92,0.92,0.92,0.92,0.92,0.92,0.92,0.92
86,,0.9,0.9,0.9,0.9,0.9,0.9,0.9,0.9
87,,0.88,0.88,0.88,0.88,0.88,0.88,0.88,0.88
88,,0.86,0.86,0.86,0.86,0.86,0.86,0.86,0.86
89,,0.84,0.84,0.84,0.84,0.84,0.84,0.84,0.84
90,,0.82,0.82,0.82,0.82,0.82,0.82,0.82,0.82
91,,0.8,0.8,0.8,0.8,0.8,0.8,0.8,0.8
92,,0.78,0.78,0.78,0.78,0.78,0.78,0.78,0.78
93,,0.76,0.76,0.76,0.76,0.76,0.76,0.76,0.76
94,,0.74,0.74,0.74,0.74,0.74,0.74,0.74,0.74
95,,0.72,0.72,0.72,0.72,0.72,0.72,0.72,0.72
96,,0.7,0.7,0.7,0.7,0.7,0.7,0.7,0.7
97,,0.68,0.68,0.68,0.68,0.68,0.68,0.68,0.68
98,,0.66,0.66,0.66,0.66,0.66,0.66,0.66,0.66
99,,0.64,0.64,0.64,0.64,0.64,0.64,0.64,0.64
100,,0.62,0.62,0.62,0.62,0.62,0.62,0.62,0.62
101,,0.6,0.6,0.6,0.6,0.6,0.6,0.6,0.6
102,,0.58,0.58,0.58,0.58,0.58,0.58,0.58,0.58
103,,0.56,0.56,0.56,0.56,0.56,0.56,0.56,0.56
104,,0.54,0.54,0.54,0.54,0.54,0.54,0.54,0.54
105,,0.52,0.52,0.52,0.52,0.52,0.52,0.52,0.52
106,,0.5,0.5,0.5,0.5,0.5,0.5,0.5,0.5
107,,0.48,0.48,0.48,0.48,0.48,0.48,0.48,0.48
108,,0.46,0.46,0.46,0.46,0.46,0.46,0.46,0.46
109,,0.44,0.44,0.44,0.44,0.44,0.44,0.44,0.44
110,,0.42,0.42,0.42,0.42,0.42,0.42,0.42,0.42
111,,0.4,0.4,0.4,0.4,0.4,0.4,0.4,0.4
112,,0.38,0.38,0.38,0.38,0.38,0.38,0.38,0.38
113,,0.36,0.36,0.36,0.36,0.36,0.36,0.36,0.36
114,,0.34,0.34,0.34,0.34,0.34,0.34,0.34,0.34
115,,0.32,0.32,0.32,0.32,0.32,0.32,0.32,0.32
116,,0.3,0.3,0.3,0.3,0.3,0.3,0.3,0.3
117,,0.28,0.28,0.28,0.28,0.28,0.28,0.28,0.28
118,,0.26,0.26,0.26,0.26,0.26,0.26,0.26,0.26
119,,0.24,0.24,0.24,0.24,0.24,0.24,0.24,0.24
120,,0.22,0.22,0.22,0.22,0.22,0.22,0.22,0.22
121,,0.2,0.2,0.2,0.2,0.2,0.2,0.2,0.2
122,,0.18,0.18,0.18,0.18,0.18,0.18,0.18,0.18
123,,0.16,0.16,0.16,0.16,0.16,0.16,0.16,0.16
124,,0.14,0.14,0.14,0.14,0.14,0.14,0.14,0.14
125,,0.12,0.12,0.12,0.12,0.12,0.12,0.12,0.12
126,,0.1,0.1,0.1,0.1,0.1,0.1,0.1,0.1
127,,0.08,0.08,0.08,0.08,0.08,0.08,0.08,0.08
128,,0.06,0.06,0.06,0.06,0.06,0.06,0.06,0.06
129,,0.04,0.04,0.04,0.04,0.04,0.04,0.04,0.04
130,,0.02,0.02,0.02,0.02,0.02,0.02,0.02,0.02
131,,0.0,0.0,0.0,0.0,0.0,0.0,0.0,0.0
132,,-0.02,-0.02,-0.02,-0.02,-0.02,-0.02,-0.02,-0.02
133,6,0.219,0.16,0.219,0.36,0.501,0.98,0.501,0.36
134,6,0.458,0.34,0.458,0.74,1.0,1.0,1.0,0.74
135,,0.438,0.32,0.438,0.72,0.98,0.98,0.98,0.72
136,,0.418,0.3,0.418,0.7,0.96,0.96,0.96,0.7
137,,0.398,0.28,0.398,0.68,0.94,0.94,0.94,0.68
138,,0.378,0.26,0.378,0.66,0.92,0.92,0.92,0.66
139,,0.358,0.24,0.358,0.64,0.9,0.9,0.9,0.64
140,,0.338,0.22,0.338,0.62,0.88,0.88,0.88,0.62
141,,0.318,0.2,0.318,0.6,0.86,0.86,0.86,0.6
142,,0.298,0.18,0.298,0.58,0.84,0.84,0.84,0.58
143,,0.278,0.16,0.278,0.56,0.82,0.82,0.82,0.56
144,,0.258,0.14,0.258,0.54,0.8,0.8,0.8,0.54
145,,0.238,0.12,0.238,0.52,0.78,0.78,0.78,0.52
146,,0.218,0.1,0.218,0.5,0.76,0.76,0.76,0.5
147,,0.198,0.08,0.198,0.48,0.74,0.74,0.74,0.48
148,,0.178,0.06,0.178,0.46,0.72,0.72,0.72,0.46
149,,0.158,0.04,0.158,0.44,0.7,0.7,0.7,0.44
150,,0.138,0.02,0.138,0.42,0.68,0.68,0.68,0.42
151,,0.118,0.0,0.118,0.4,0.66,0.66,0.66,0.4
152,,0.098,-0.02,0.098,0.38,0.64,0.64,0.64,0.38
153,2,0.619,0.98,0.619,0.76,0.879,0.82,0.879,0.76
154,2,1.0,1.0,1.0,1.0,1.0,1.0,1.0,1.0
155,,0.98,0.98,0.98,0.98,0.98,0.98,0.98,0.98
156,,0.96,0.96,0.96,0.96,0.96,0.96,0.96,0.96
157,,0.94,0.94,0.94,0.94,0.94,0.94,0.94,0.94
158,,0.92,0.92,0.92,0.92,0.92,0.92,0.92,0.92
159,,0.9,0.9,0.9,0.9,0.9,0.9,0.9,0.9
160,,0.88,0.88,0.88,0.88,0.88,0.88,0.88,0.88
161,,0.86,0.86,0.86,0.86,0.86,0.86,0.86,0.86
162,,0.84,0.84,0.84,0.84,0.84,0.84,0.84,0.84
163,,0.82,0.82,0.82,0.82,0.82,0.82,0.82,0.82
164,,0.8,0.8,0.8,0.8,0.8,0.8,0.8,0.8
165,,0.78,0.78,0.78,0.78,0.78,0.78,0.78,0.78
166,,0.76,0.76,0.76,0.76,0.76,0.76,0.76,0.76
167,,0.74,0.74,0.74,0.74,0.74,0.74,0.74,0.74
168,,0.72,0.72,0.72,0.72,0.72,0.72,0.72,0.72
169,,0.7,0.7,0.7,0.7,0.7,0.7,0.7,0.7
170,,0.68,0.68,0.68,0.68,0.68,0.68,0.68,0.68
171,,0.66,0.66,0.66,0.66,0.66,0.66,0.66,0.66
172,,0.64,0.64,0.64,0.64,0.64,0.64,0.64,0.64
173,,0.62,0.62,0.62,0.62,0.62,0.62,0.62,0.62
174,,0.6,0.6,0.6,0.6,0.6,0.6,0.6,0.6
175,,0.58,0.58,0.58,0.58,0.58,0.58,0.58,0.58
176,,0.56,0.56,0.56,0.56,0.56,0.56,0.56,0.56
177,,0.54,0.54,0.54,0.54,0.54,0.54,0.54,0.54
178,,0.52,0.52,0.52,0.52,0.52,0.52,0.52,0.52
179,,0.5,0.5,0.5,0.5,0.5,0.5,0.5,0.5
180,,0.48,0.48,0.48,0.48,0.48,0.48,0.48,0.48
181,,0.46,0.46,0.46,0.46,0.46,0.46,0.46,0.46
182,,0.44,0.44,0.44,0.44,0.44,0.44,0.44,0.44
183,,0.42,0.42,0.42,0.42,0.42,0.42,0.42,0.42
184,,0.4,0.4,0.4,0.4,0.4,0.4,0.4,0.4
185,,0.38,0.38,0.38,0.38,0.38,0.38,0.38,0.38
186,,0.36,0.36,0.36,0.36,0.36,0.36,0.36,0.36
187,,0.34,0.34,0.34,0.34,0.34,0.34,0.34,0.34
188,,0.32,0.32,0.32,0.32,0.32,0.32,0.32,0.32
189,,0.3,0.3,0.3,0.3,0.3,0.3,0.3,0.3
190,,0.28,0.28,0.28,0.28,0.28,0.28,0.28,0.28
191,,0.26,0.26,0.26,0.26,0.26,0.26,0.26,0.26
192,,0.24,0.24,0.24,0.24,0.24,0.24,0.24,0.24
193,,0.22,0.22,0.22,0.22,0.22,0.22,0.22,0.22
194,,0.2,0.2,0.2,0.2,0.2,0.2,0.2,0.2
195,,0.18,0.18,0.18,0.18,0.18,0.18,0.18,0.18
196,,0.16,0.16,0.16,0.16,0.16,0.16,0.16,0.16
197,,0.14,0.14,0.14,0.14,0.14,0.14,0.14,0.14
198,,0.12,0.12,0.12,0.12,0.12,0.12,0.12,0.12
199,,0.1,0.1,0.1,0.1,0.1,0.1,0.1,0.1
200,,0.08,0.08,0.08,0.08,0.08,0.08,0.08,0.08
201,,0.06,0.06,0.06,0.06,0.06,0.06,0.06,0.06
202,,0.04,0.04,0.04,0.04,0.04,0.04,0.04,0.04
203,,0.02,0.02,0.02,0.02,0.02,0.02,0.02,0.02
204,,0.0,0.0,0.0,0.0,0.0,0.0,0.0,0.0
205,,-0.02,-0.02,-0.02,-0.02,-0.02,-0.02,-0.02,-0.02
206,8,0.501,0.36,0.219,0.16,0.219,0.36,0.501,0.98
207,8,1.0,0.74,0.458,0.34,0.458,0.74,1.0,1.0
208,,0.98,0.72,0.438,0.32,0.438,0.72,0.98,0.98
209,,0.96,0.7,0.418,0.3,0.418,0.7,0.96,0.96
210,,0.94,0.68,0.398,0.28,0.398,0.68,0.94,0.94
211,,0.92,0.66,0.378,0.26,0.378,0.66,0.92,0.92
212,,0.9,0.64,0.358,0.24,0.358,0.64,0.9,0.9
213,,0.88,0.62,0.338,0.22,0.338,0.62,0.88,0.88
214,,0.86,0.6,0.318,0.2,0.318,0.6,0.86,0.86
215,,0.84,0.58,0.298,0.18,0.298,0.58,0.84,0.84
216,,0.82,0.56,0.278,0.16,0.278,0.56,0.82,0.82
217,,0.8,0.54,0.258,0.14,0.258,0.54,0.8,0.8
218,,0.78,0.52,0.238,0.12,0.238,0.52,0.78,0.78
219,,0.76,0.5,0.218,0.1,0.218,0.5,0.76,0.76
220,,0.74,0.48,0.198,0.08,0.198,0.48,0.74,0.74
221,,0.72,0.46,0.178,0.06,0.178,0.46,0.72,0.72
222,,0.7,0.44,0.158,0.04,0.158,0.44,0.7,0.7
223,,0.68,0.42,0.138,0.02,0.138,0.42,0.68,0.68
224,,0.66,0.4,0.118,0.0,0.118,0.4,0.66,0.66
225,,0.64,0.38,0.098,-0.02,0.098,0.38,0.64,0.64
226,4,0.879,0.76,0.619,0.98,0.619,0.76,0.879,0.82
227,4,1.0,1.0,1.0,1.0,1.0,1.0,1.0,1.0
228,,0.98,0.98,0.98,0.98,0.98,0.98,0.98,0.98
229,,0.96,0.96,0.96,0.96,0.96,0.96,0.96,0.96
230,,0.94,0.94,0.94,0.94,0.94,0.94,0.94,0.94
231,,0.92,0.92,0.92,0.92,0.92,0.92,0.92,0.92
232,,0.9,0.9,0.9,0.9,0.9,0.9,0.9,0.9
233,,0.88,0.88,0.88,0.88,0.88,0.88,0.88,0.88
234,,0.86,0.86,0.86,0.86,0.86,0.86,0.86,0.86
235,,0.84,0.84,0.84,0.84,0.84,0.84,0.84,0.84
236,,0.82,0.82,0.82,0.82,0.82,0.82,0.82,0.82
237,,0.8,0.8,0.8,0.8,0.8,0.8,0.8,0.8
238,,0.78,0.78,0.78,0.78,0.78,0.78,0.78,0.78
239,,0.76,0.76,0.76,0.76,0.76,0.76,0.76,0.76
240,,0.74,0.74,0.74,0.74,0.74,0.74,0.74,0.74
241,,0.72,0.72,0.72,0.72,0.72,0.72,0.72,0.72
242,,0.7,0.7,0.7,0.7,0.7,0.7,0.7,0.7
243,,0.68,0.68,0.68,0.68,0.68,0.68,0.68,0.68
244,,0.66,0.66,0.66,0.66,0.66,0.66,0.66,0.66
245,,0.64,0.64,0.64,0.64,0.64,0.64,0.64,0.64
246,,0.62,0.62,0.62,0.62,0.62,0.62,0.62,0.62
247,,0.6,0.6,0.6,0.6,0.6,0.6,0.6,0.6
248,,0.58,0.58,0.58,0.58,0.58,0.58,0.58,0.58
249,,0.56,0.56,0.56,0.56,0.56,0.56,0.56,0.56
250,,0.54,0.54,0.54,0.54,0.54,0.54,0.54,0.54
251,,0.52,0.52,0.52,0.52,0.52,0.52,0.52,0.52
252,,0.5,0.5,0.5,0.5,0.5,0.5,0.5,0.5
253,,0.48,0.48,0.48,0.48,0.48,0.48,0.48,0.48
254,,0.46,0.46,0.46,0.46,0.46,0.46,0.46,0.46
255,,0.44,0.44,0.44,0.44,0.44,0.44,0.44,0.44
256,,0.42,0.42,0.42,0.42,0.42,0.42,0.42,0.42
257,,0.4,0.4,0.4,0.4,0.4,0.4,0.4,0.4
258,,0.38,0.38,0.38,0.38,0.38,0.38,0.38,0.38
259,,0.36,0.36,0.36,0.36,0.36,0.36,0.36,0.36
260,,0.34,0.34,0.34,0.34,0.34,0.34,0.34,0.34
261,,0.32,0.32,0.32,0.32,0.32,0.32,0.32,0.32
262,,0.3,0.3,0.3,0.3,0.3,0.3,0.3,0.3
263,,0.28,0.28,0.28,0.28,0.28,0.28,0.28,0.28
264,,0.26,0.26,0.26,0.26,0.26,0.26,0.26,0.26
265,,0.24,0.24,0.24,0.24,0.24,0.24,0.24,0.24
266,,0.22,0.22,0.22,0.22,0.22,0.22,0.22,0.22
267,,0.2,0.2,0.2,0.2,0.2,0.2,0.2,0.2
268,,0.18,0.18,0.18,0.18,0.18,0.18,0.18,0.18
269,,0.16,0.16,0.16,0.16,0.16,0.16,0.16,0.16
270,,0.14,0.14,0.14,0.14,0.14,0.14,0.14,0.14
271,,0.12,0.12,0.12,0.12,0.12,0.12,0.12,0.12
272,,0.1,0.1,0.1,0.1,0.1,0.1,0.1,0.1
273,,0.08,0.08,0.08,0.08,0.08,0.08,0.08,0.08
274,,0.06,0.06,0.06,0.06,0.06,0.06,0.06,0.06
275,,0.04,0.04,0.04,0.04,0.04,0.04,0.04,0.04
276,,0.02,0.02,0.02,0.02,0.02,0.02,0.02,0.02
277,,0.0,0.0,0.0,0.0,0.0,0.0,0.0,0.0
278,,-0.02,-0.02,-0.02,-0.02,-0.02,-0.02,-0.02,-0.02
279,3,0.36,0.501,0.98,0.501,0.36,0.219,0.16,0.219
280,3,0.74,1.0,1.0,1.0,0.74,0.458,0.34,0.458
281,,0.72,0.98,0.98,0.98,0.72,0.438,0.32,0.438
282,,0.7,0.96,0.96,0.96,0.7,0.418,0.3,0.418
283,,0.68,0.94,0.94,0.94,0.68,0.398,0.28,0.398
284,,0.66,0.92,0.92,0.92,0.66,0.378,0.26,0.378
285,,0.64,0.9,0.9,0.9,0.64,0.358,0.24,0.358
286,,0.62,0.88,0.88,0.88,0.62,0.338,0.22,0.338
287,,0.6,0.86,0.86,0.86,0.6,0.318,0.2,0.318
288,,0.58,0.84,0.84,0.84,0.58,0.298,0.18,0.298
289,,0.56,0.82,0.82,0.82,0.56,0.278,0.16,0.278
290,,0.54,0.8,0.8,0.8,0.54,0.258,0.14,0.258
291,,0.52,0.78,0.78,0.78,0.52,0.238,0.12,0.238
292,,0.5,0.76,0.76,0.76,0.5,0.218,0.1,0.218
293,,0.48,0.74,0.74,0.74,0.48,0.198,0.08,0.198
294,,0.46,0.72,0.72,0.72,0.46,0.178,0.06,0.178
295,,0.44,0.7,0.7,0.7,0.44,0.158,0.04,0.158
296,,0.42,0.68,0.68,0.68,0.42,0.138,0.02,0.138
297,,0.4,0.66,0.66,0.66,0.4,0.118,0.0,0.118
298,,0.38,0.64,0.64,0.64,0.38,0.098,-0.02,0.098
299,7,0.76,0.879,0.82,0.879,0.76,0.619,0.98,0.619
300,7,1.0,1.0,1.0,1.0,1.0,1.0,1.0,1.0
301,,0.98,0.98,0.98,0.98,0.98,0.98,0.98,0.98
302,,0.96,0.96,0.96,0.96,0.96,0.96,0.96,0.96
303,,0.94,0.94,0.94,0.94,0.94,0.94,0.94,0.94
304,,0.92,0.92,0.92,0.92,0.92,0.92,0.92,0.92
305,,0.9,0.9,0.9,0.9,0.9,0.9,0.9,0.9
306,,0.88,0.88,0.88,0.88,0.88,0.88,0.88,0.88
307,,0.86,0.86,0.86,0.86,0.86,0.86,0.86,0.86
308,,0.84,0.84,0.84,0.84,0.84,0.84,0.84,0.84
309,,0.82,0.82,0.82,0.82,0.82,0.82,0.82,0.82
310,,0.8,0.8,0.8,0.8,0.8,0.8,0.8,0.8
311,,0.78,0.78,0.78,0.78,0.78,0.78,0.78,0.78
312,,0.76,0.76,0.76,0.76,0.76,0.76,0.76,0.76
313,,0.74,0.74,0.74,0.74,0.74,0.74,0.74,0.74
314,,0.72,0.72,0.72,0.72,0.72,0.72,0.72,0.72
315,,0.7,0.7,0.7,0.7,0.7,0.7,0.7,0.7
316,,0.68,0.68,0.68,0.68,0.68,0.68,0.68,0.68
317,,0.66,0.66,0.66,0.66,0.66,0.66,0.66,0.66
318,,0.64,0.64,0.64,0.64,0.64,0.64,0.64,0.64
319,,0.62,0.62,0.62,0.62,0.62,0.62,0.62,0.62
320,,0.6,0.6,0.6,0.6,0.6,0.6,0.6,0.6
321,,0.58,0.58,0.58,0.58,0.58,0.58,0.58,0.58
322,,0.56,0.56,0.56,0.56,0.56,0.56,0.56,0.56
323,,0.54,0.54,0.54,0.54,0.54,0.54,0.54,0.54
324,,0.52,0.52,0.52,0.52,0.52,0.52,0.52,0.52
325,,0.5,0.5,0.5,0.5,0.5,0.5,0.5,0.5
326,,0.48,0.48,0.48,0.48,0.48,0.48,0.48,0.48
327,,0.46,0.46,0.46,0.46,0.46,0.46,0.46,0.46
328,,0.44,0.44,0.44,0.44,0.44,0.44,0.44,0.44
329,,0.42,0.42,0.42,0.42,0.42,0.42,0.42,0.42
330,,0.4,0.4,0.4,0.4,0.4,0.4,0.4,0.4
331,,0.38,0.38,0.38,0.38,0.38,0.38,0.38,0.38
332,,0.36,0.36,0.36,0.36,0.36,0.36,0.36,0.36
333,,0.34,0.34,0.34,0.34,0.34,0.34,0.34,0.34
334,,0.32,0.32,0.32,0.32,0.32,0.32,0.32,0.32
335,,0.3,0.3,0.3,0.3,0.3,0.3,0.3,0.3
336,,0.28,0.28,0.28,0.28,0.28,0.28,0.28,0.28
337,,0.26,0.26,0.26,0.26,0.26,0.26,0.26,0.26
338,,0.24,0.24,0.24,0.24,0.24,0.24,0.24,0.24
339,,0.22,0.22,0.22,0.22,0.22,0.22,0.22,0.22
340,,0.2,0.2,0.2,0.2,0.2,0.2,0.2,0.2
341,,0.18,0.18,0.18,0.18,0.18,0.18,0.18,0.18
342,,0.16,0.16,0.16,0.16,0.16,0.16,0.16,0.16
343,,0.14,0.14,0.14,0.14,0.14,0.14,0.14,0.14
344,,0.12,0.12,0.12,0.12,0.12,0.12,0.12,0.12
345,,0.1,0.1,0.1,0.1,0.1,0.1,0.1,0.1
346,,0.08,0.08,0.08,0.08,0.08,0.08,0.08,0.08
347,,0.06,0.06,0.06,0.06,0.06,0.06,0.06,0.06
348,,0.04,0.04,0.04,0.04,0.04,0.04,0.04,0.04
349,,0.02,0.02,0.02,0.02,0.02,0.02,0.02,0.02
350,,0.0,0.0,0.0,0.0,0.0,0.0,0.0,0.0
351,,-0.02,-0.02,-0.02,-0.02,-0.02,-0.02,-0.02,-0.02
352,1,0.98,0.501,0.36,0.219,0.16,0.219,0.36,0.501
353,1,1.0,1.0,0.74,0.458,0.34,0.458,0.74,1.0
354,,0.98,0.98,0.72,0.438,0.32,0.438,0.72,0.98
355,,0.96,0.96,0.7,0.418,0.3,0.418,0.7,0.96
356,,0.94,0.94,0.68,0.398,0.28,0.398,0.68,0.94
357,,0.92,0.92,0.66,0.378,0.26,0.378,0.66,0.92
358,,0.9,0.9,0.64,0.358,0.24,0.358,0.64,0.9
359,,0.88,0.88,0.62,0.338,0.22,0.338,0.62,0.88
360,,0.86,0.86,0.6,0.318,0.2,0.318,0.6,0.86
361,,0.84,0.84,0.58,0.298,0.18,0.298,0.58,0.84
362,,0.82,0.82,0.56,0.278,0.16,0.278,0.56,0.82
363,,0.8,0.8,0.54,0.258,0.14,0.258,0.54,0.8
364,,0.78,0.78,0.52,0.238,0.12,0.238,0.52,0.78
365,,0.76,0.76,0.5,0.218,0.1,0.218,0.5,0.76
366,,0.74,0.74,0.48,0.198,0.08,0.198,0.48,0.74
367,,0.72,0.72,0.46,0.178,0.06,0.178,0.46,0.72
368,,0.7,0.7,0.44,0.158,0.04,0.158,0.44,0.7
369,,0.68,0.68,0.42,0.138,0.02,0.138,0.42,0.68
370,,0.66,0.66,0.4,0.118,0.0,0.118,0.4,0.66
371,,0.64,0.64,0.38,0.098,-0.02,0.098,0.38,0.64
372,5,0.82,0.879,0.76,0.619,0.98,0.619,0.76,0.879
373,5,1.0,1.0,1.0,1.0,1.0,1.0,1.0,1.0
374,,0.98,0.98,0.98,0.98,0.98,0.98,0.98,0.98
375,,0.96,0.96,0.96,0.96,0.96,0.96,0.96,0.96
376,,0.94,0.94,0.94,0.94,0.94,0.94,0.94,0.94
377,,0.92,0.92,0.92,0.92,0.92,0.92,0.92,0.92
378,,0.9,0.9,0.9,0.9,0.9,0.9,0.9,0.9
379,,0.88,0.88,0.88,0.88,0.88,0.88,0.88,0.88
380,,0.86,0.86,0.86,0.86,0.86,0.86,0.86,0.86
381,,0.84,0.84,0.84,0.84,0.84,0.84,0.84,0.84
382,,0.82,0.82,0.82,0.82,0.82,0.82,0.82,0.82
383,,0.8,0.8,0.8,0.8,0.8,0.8,0.8,0.8
384,,0.78,0.78,0.78,0.78,0.78,0.78,0.78,0.78
385,,0.76,0.76,0.76,0.76,0.76,0.76,0.76,0.76
386,,0.74,0.74,0.74,0.74,0.74,0.74,0.74,0.74
387,,0.72,0.72,0.72,0.72,0.72,0.72,0.72,0.72
388,,0.7,0.7,0.7,0.7,0.7,0.7,0.7,0.7
389,,0.68,0.68,0.68,0.68,0.68,0.68,0.68,0.68
390,,0.66,0.66,0.66,0.66,0.66,0.66,0.66,0.66
391,,0.64,0.64,0.64,0.64,0.64,0.64,0.64,0.64
392,,0.62,0.62,0.62,0.62,0.62,0.62,0.62,0.62
393,,0.6,0.6,0.6,0.6,0.6,0.6,0.6,0.6
394,,0.58,0.58,0.58,0.58,0.58,0.58,0.58,0.58
395,,0.56,0.56,0.56,0.56,0.56,0.56,0.56,0.56
396,,0.54,0.54,0.54,0.54,0.54,0.54,0.54,0.54
397,,0.52,0.52,0.52,0.52,0.52,0.52,0.52,0.52
398,,0.5,0.5,0.5,0.5,0.5,0.5,0.5,0.5
399,,0.48,0.48,0.48,0.48,0.48,0.48,0.48,0.48
400,,0.46,0.46,0.46,0.46,0.46,0.46,0.46,0.46
401,,0.44,0.44,0.44,0.44,0.44,0.44,0.44,0.44
402,,0.42,0.42,0.42,0.42,0.42,0.42,0.42,0.42
403,,0.4,0.4,0.4,0.4,0.4,0.4,0.4,0.4
404,,0.38,0.38,0.38,0.38,0.38,0.38,0.38,0.38
405,,0.36,0.36,0.36,0.36,0.36,0.36,0.36,0.36
406,,0.34,0.34,0.34,0.34,0.34,0.34,0.34,0.34
407,,0.32,0.32,0.32,0.32,0.32,0.32,0.32,0.32
408,,0.3,0.3,0.3,0.3,0.3,0.3,0.3,0.3
409,,0.28,0.28,0.28,0.28,0.28,0.28,0.28,0.28
410,,0.26,0.26,0.26,0.26,0.26,0.26,0.26,0.26
411,,0.24,0.24,0.24,0.24,0.24,0.24,0.24,0.24
412,,0.22,0.22,0.22,0.22,0.22,0.22,0.22,0.22
413,,0.2,0.2,0.2,0.2,0.2,0.2,0.2,0.2
414,,0.18,0.18,0.18,0.18,0.18,0.18,0.18,0.18
415,,0.16,0.16,0.16,0.16,0.16,0.16,0.16,0.16
416,,0.14,0.14,0.14,0.14,0.14,0.14,0.14,0.14
417,,0.12,0.12,0.12,0.12,0.12,0.12,0.12,0.12
418,,0.1,0.1,0.1,0.1,0.1,0.1,0.1,0.1
419,,0.08,0.08,0.08,0.08,0.08,0.08,0.08,0.08
420,,0.06,0.06,0.06,0.06,0.06,0.06,0.06,0.06
421,,0.04,0.04,0.04,0.04,0.04,0.04,0.04,0.04
422,,0.02,0.02,0.02,0.02,0.02,0.02,0.02,0.02
423,,0.0,0.0,0.0,0.0,0.0,0.0,0.0,0.0
424,,-0.02,-0.02,-0.02,-0.02,-0.02,-0.02,-0.02,-0.02
425,6,0.219,0.16,0.219,0.36,0.501,0.98,0.501,0.36
426,6,0.458,0.34,0.458,0.74,1.0,1.0,1.0,0.74
427,,0.438,0.32,0.438,0.72,0.98,0.98,0.98,0.72
428,,0.418,0.3,0.418,0.7,0.96,0.96,0.96,0.7
429,,0.398,0.28,0.398,0.68,0.94,0.94,0.94,0.68
430,,0.378,0.26,0.378,0.66,0.92,0.92,0.92,0.66
431,,0.358,0.24,0.358,0.64,0.9,0.9,0.9,0.64
432,,0.338,0.22,0.338,0.62,0.88,0.88,0.88,0.62
433,,0.318,0.2,0.318,0.6,0.86,0.86,0.86,0.6
434,,0.298,0.18,0.298,0.58,0.84,0.84,0.84,0.58
435,,0.278,0.16,0.278,0.56,0.82,0.82,0.82,0.56
436,,0.258,0.14,0.258,0.54,0.8,0.8,0.8,0.54
437,,0.238,0.12,0.238,0.52,0.78,0.78,0.78,0.52
438,,0.218,0.1,0.218,0.5,0.76,0.76,0.76,0.5
439,,0.198,0.08,0.198,0.48,0.74,0.74,0.74,0.48
440,,0.178,0.06,0.178,0.46,0.72,0.72,0.72,0.46
441,,0.158,0.04,0.158,0.44,0.7,0.7,0.7,0.44
442,,0.138,0.02,0.138,0.42,0.68,0.68,0.68,0.42
443,,0.118,0.0,0.118,0.4,0.66,0.66,0.66,0.4
444,,0.098,-0.02,0.098,0.38,0.64,0.64,0.64,0.38
445,2,0.619,0.98,0.619,0.76,0.879,0.82,0.879,0.76
446,2,1.0,1.0,1.0,1.0,1.0,1.0,1.0,1.0
447,,0.98,0.98,0.98,0.98,0.98,0.98,0.98,0.98
448,,0.96,0.96,0.96,0.96,0.96,0.96,0.96,0.96
449,,0.94,0.94,0.94,0.94,0.94,0.94,0.94,0.94
450,,0.92,0.92,0.92,0.92,0.92,0.92,0.92,0.92
451,,0.9,0.9,0.9,0.9,0.9,0.9,0.9,0.9
452,,0.88,0.88,0.88,0.88,0.88,0.88,0.88,0.88
453,,0.86,0.86,0.86,0.86,0.86,0.86,0.86,0.86
454,,0.84,0.84,0.84,0.84,0.84,0.84,0.84,0.84
455,,0.82,0.82,0.82,0.82,0.82,0.82,0.82,0.82
456,,0.8,0.8,0.8,0.8,0.8,0.8,0.8,0.8
457,,0.78,0.78,0.78,0.78,0.78,0.78,0.78,0.78
458,,0.76,0.76,0.76,0.76,0.76,0.76,0.76,0.76
459,,0.74,0.74,0.74,0.74,0.74,0.74,0.74,0.74
460,,0.72,0.72,0.72,0.72,0.72,0.72,0.72,0.72
461,,0.7,0.7,0.7,0.7,0.7,0.7,0.7,0.7
462,,0.68,0.68,0.68,0.68,0.68,0.68,0.68,0.68
463,,0.66,0.66,0.66,0.66,0.66,0.66,0.66,0.66
464,,0.64,0.64,0.64,0.64,0.64,0.64,0.64,0.64
465,,0.62,0.62,0.62,0.62,0.62,0.62,0.62,0.62
466,,0.6,0.6,0.6,0.6,0.6,0.6,0.6,0.6
467,,0.58,0.58,0.58,0.58,0.58,0.58,0.58,0.58
468,,0.56,0.56,0.56,0.56,0.56,0.56,0.56,0.56
469,,0.54,0.54,0.54,0.54,0.54,0.54,0.54,0.54
470,,0.52,0.52,0.52,0.52,0.52,0.52,0.52,0.52
471,,0.5,0.5,0.5,0.5,0.5,0.5,0.5,0.5
472,,0.48,0.48,0.48,0.48,0.48,0.48,0.48,0.48
473,,0.46,0.46,0.46,0.46,0.46,0.46,0.46,0.46
474,,0.44,0.44,0.44,0.44,0.44,0.44,0.44,0.44
475,,0.42,0.42,0.42,0.42,0.42,0.42,0.42,0.42
476,,0.4,0.4,0.4,0.4,0.4,0.4,0.4,0.4
477,,0.38,0.38,0.38,0.38,0.38,0.38,0.38,0.38
478,,0.36,0.36,0.36,0.36,0.36,0.36,0.36,0.36
479,,0.34,0.34,0.34,0.34,0.34,0.34,0.34,0.34
480,,0.32,0.32,0.32,0.32,0.32,0.32,0.32,0.32
481,,0.3,0.3,0.3,0.3,0.3,0.3,0.3,0.3
482,,0.28,0.28,0.28,0.28,0.28,0.28,0.28,0.28
483,,0.26,0.26,0.26,0.26,0.26,0.26,0.26,0.26
484,,0.24,0.24,0.24,0.24,0.24,0.24,0.24,0.24
485,,0.22,0.22,0.22,0.22,0.22,0.22,0.22,0.22
486,,0.2,0.2,0.2,0.2,0.2,0.2,0.2,0.2
487,,0.18,0.18,0.18,0.18,0.18,0.18,0.18,0.18
488,,0.16,0.16,0.16,0.16,0.16,0.16,0.16,0.16
489,,0.14,0.14,0.14,0.14,0.14,0.14,0.14,0.14
490,,0.12,0.12,0.12,0.12,0.12,0.12,0.12,0.12
491,,0.1,0.1,0.1,0.1,0.1,0.1,0.1,0.1
492,,0.08,0.08,0.08,0.08,0.08,0.08,0.08,0.08
493,,0.06,0.06,0.06,0.06,0.06,0.06,0.06,0.06
494,,0.04,0.04,0.04,0.04,0.04,0.04,0.04,0.04
495,,0.02,0.02,0.02,0.02,0.02,0.02,0.02,0.02
496,,0.0,0.0,0.0,0.0,0.0,0.0,0.0,0.0
497,,-0.02,-0.02,-0.02,-0.02,-0.02,-0.02,-0.02,-0.02
498,5,0.16,0.219,0.36,0.501,0.98,0.501,0.36,0.219
499,5,0.34,0.458,0.74,1.0,1.0,1.0,0.74,0.458
500,,0.32,0.438,0.72,0.98,0.98,0.98,0.72,0.438
501,,0.3,0.418,0.7,0.96,0.96,0.96,0.7,0.418
502,,0.28,0.398,0.68,0.94,0.94,0.94,0.68,0.398
503,,0.26,0.378,0.66,0.92,0.92,0.92,0.66,0.378
504,,0.24,0.358,0.64,0.9,0.9,0.9,0.64,0.358
505,,0.22,0.338,0.62,0.88,0.88,0.88,0.62,0.338
506,,0.2,0.318,0.6,0.86,0.86,0.86,0.6,0.318
507,,0.18,0.298,0.58,0.84,0.84,0.84,0.58,0.298
508,,0.16,0.278,0.56,0.82,0.82,0.82,0.56,0.278
509,,0.14,0.258,0.54,0.8,0.8,0.8,0.54,0.258
510,,0.12,0.238,0.52,0.78,0.78,0.78,0.52,0.238
511,,0.1,0.218,0.5,0.76,0.76,0.76,0.5,0.218
512,,0.08,0.198,0.48,0.74,0.74,0.74,0.48,0.198
513,,0.06,0.178,0.46,0.72,0.72,0.72,0.46,0.178
514,,0.04,0.158,0.44,0.7,0.7,0.7,0.44,0.158
515,,0.02,0.138,0.42,0.68,0.68,0.68,0.42,0.138
516,,0.0,0.118,0.4,0.66,0.66,0.66,0.4,0.118
517,,-0.02,0.098,0.38,0.64,0.64,0.64,0.38,0.098
518,1,0.98,0.619,0.76,0.879,0.82,0.879,0.76,0.619
519,1,1.0,1.0,1.0,1.0,1.0,1.0,1.0,1.0
520,,0.98,0.98,0.98,0.98,0.98,0.98,0.98,0.98
521,,0.96,0.96,0.96,0.96,0.96,0.96,0.96,0.96
522,,0.94,0.94,0.94,0.94,0.94,0.94,0.94,0.94
523,,0.92,0.92,0.92,0.92,0.92,0.92,0.92,0.92
524,,0.9,0.9,0.9,0.9,0.9,0.9,0.9,0.9
525,,0.88,0.88,0.88,0.88,0.88,0.88,0.88,0.88
526,,0.86,0.86,0.86,0.86,0.86,0.86,0.86,0.86
527,,0.84,0.84,0.84,0.84,0.84,0.84,0.84,0.84
528,,0.82,0.82,0.82,0.82,0.82,0.82,0.82,0.82
529,,0.8,0.8,0.8,0.8,0.8,0.8,0.8,0.8
530,,0.78,0.78,0.78,0.78,0.78,0.78,0.78,0.78
531,,0.76,0.76,0.76,0.76,0.76,0.76,0.76,0.76
532,,0.74,0.74,0.74,0.74,0.74,0.74,0.74,0.74
533,,0.72,0.72,0.72,0.72,0.72,0.72,0.72,0.72
534,,0.7,0.7,0.7,0.7,0.7,0.7,0.7,0.7
535,,0.68,0.68,0.68,0.68,0.68,0.68,0.68,0.68
536,,0.66,0.66,0.66,0.66,0.66,0.66,0.66,0.66
537,,0.64,0.64,0.64,0.64,0.64,0.64,0.64,0.64
538,,0.62,0.62,0.62,0.62,0.62,0.62,0.62,0.62
539,,0.6,0.6,0.6,0.6,0.6,0.6,0.6,0.6
540,,0.58,0.58,0.58,0.58,0.58,0.58,0.58,0.58
541,,0.56,0.56,0.56,0.56,0.56,0.56,0.56,0.56
542,,0.54,0.54,0.54,0.54,0.54,0.54,0.54,0.54
543,,0.52,0.52,0.52,0.52,0.52,0.52,0.52,0.52
544,,0.5,0.5,0.5,0.5,0.5,0.5,0.5,0.5
545,,0.48,0.48,0.48,0.48,0.48,0.48,0.48,0.48
546,,0.46,0.46,0.46,0.46,0.46,0.46,0.46,0.46
547,,0.44,0.44,0.44,0.44,0.44,0.44,0.44,0.44
548,,0.42,0.42,0.42,0.42,0.42,0.42,0.42,0.42
549,,0.4,0.4,0.4,0.4,0.4,0.4,0.4,0.4
550,,0.38,0.38,0.38,0.38,0.38,0.38,0.38,0.38
551,,0.36,0.36,0.36,0.36,0.36,0.36,0.36,0.36
552,,0.34,0.34,0.34,0.34,0.34,0.34,0.34,0.34
553,,0.32,0.32,0.32,0.32,0.32,0.32,0.32,0.32
554,,0.3,0.3,0.3,0.3,0.3,0.3,0.3,0.3
555,,0.28,0.28,0.28,0.28,0.28,0.28,0.28,0.28
556,,0.26,0.26,0.26,0.26,0.26,0.26,0.26,0.26
557,,0.24,0.24,0.24,0.24,0.24,0.24,0.24,0.24
558,,0.22,0.22,0.22,0.22,0.22,0.22,0.22,0.22
559,,0.2,0.2,0.2,0.2,0.2,0.2,0.2,0.2
560,,0.18,0.18,0.18,0.18,0.18,0.18,0.18,0.18
561,,0.16,0.16,0.16,0.16,0.16,0.16,0.16,0.16
562,,0.14,0.14,0.14,0.14,0.14,0.14,0.14,0.14
563,,0.12,0.12,0.12,0.12,0.12,0.12,0.12,0.12
564,,0.1,0.1,0.1,0.1,0.1,0.1,0.1,0.1
565,,0.08,0.08,0.08,0.08,0.08,0.08,0.08,0.08
566,,0.06,0.06,0.06,0.06,0.06,0.06,0.06,0.06
567,,0.04,0.04,0.04,0.04,0.04,0.04,0.04,0.04
568,,0.02,0.02,0.02,0.02,0.02,0.02,0.02,0.02
569,,0.0,0.0,0.0,0.0,0.0,0.0,0.0,0.0
570,,-0.02,-0.02,-0.02,-0.02,-0.02,-0.02,-0.02,-0.02
571,1,0.98,0.501,0.36,0.219,0.16,0.219,0.36,0.501
572,1,1.0,1.0,0.74,0.458,0.34,0.458,0.74,1.0
573,,0.98,0.98,0.72,0.438,0.32,0.438,0.72,0.98
574,,0.96,0.96,0.7,0.418,0.3,0.418,0.7,0.96
575,,0.94,0.94,0.68,0.398,0.28,0.398,0.68,0.94
576,,0.92,0.92,0.66,0.378,0.26,0.378,0.66,0.92
577,,0.9,0.9,0.64,0.358,0.24,0.358,0.64,0.9
578,,0.88,0.88,0.62,0.338,0.22,0.338,0.62,0.88
579,,0.86,0.86,0.6,0.318,0.2,0.318,0.6,0.86
580,,0.84,0.84,0.58,0.298,0.18,0.298,0.58,0.84
581,,0.82,0.82,0.56,0.278,0.16,0.278,0.56,0.82
582,,0.8,0.8,0.54,0.258,0.14,0.258,0.54,0.8
583,,0.78,0.78,0.52,0.238,0.12,0.238,0.52,0.78
584,,0.76,0.76,0.5,0.218,0.1,0.218,0.5,0.76
585,,0.74,0.74,0.48,0.198,0.08,0.198,0.48,0.74
586,,0.72,0.72,0.46,0.178,0.06,0.178,0.46,0.72
587,,0.7,0.7,0.44,0.158,0.04,0.158,0.44,0.7
588,,0.68,0.68,0.42,0.138,0.02,0.138,0.42,0.68
589,,0.66,0.66,0.4,0.118,0.0,0.118,0.4,0.66
590,,0.64,0.64,0.38,0.098,-0.02,0.098,0.38,0.64
591,5,0.82,0.879,0.76,0.619,0.98,0.619,0.76,0.879
592,5,1.0,1.0,1.0,1.0,1.0,1.0,1.0,1.0
593,,0.98,0.98,0.98,0.98,0.98,0.98,0.98,0.98
594,,0.96,0.96,0.96,0.96,0.96,0.96,0.96,0.96
595,,0.94,0.94,0.94,0.94,0.94,0.94,0.94,0.94
596,,0.92,0.92,0.92,0.92,0.92,0.92,0.92,0.92
597,,0.9,0.9,0.9,0.9,0.9,0.9,0.9,0.9
598,,0.88,0.88,0.88,0.88,0.88,0.88,0.88,0.88
599,,0.86,0.86,0.86,0.86,0.86,0.86,0.86,0.86
600,,0.84,0.84,0.84,0.84,0.84,0.84,0.84,0.84
601,,0.82,0.82,0.82,0.82,0.82,0.82,0.82,0.82
602,,0.8,0.8,0.8,0.8,0.8,0.8,0.8,0.8
603,,0.78,0.78,0.78,0.78,0.78,0.78,0.78,0.78
604,,0.76,0.76,0.76,0.76,0.76,0.76,0.76,0.76
605,,0.74,0.74,0.74,0.74,0.74,0.74,0.74,0.74
606,,0.72,0.72,0.72,0.72,0.72,0.72,0.72,0.72
607,,0.7,0.7,0.7,0.7,0.7,0.7,0.7,0.7
608,,0.68,0.68,0.68,0.68,0.68,0.68,0.68,0.68
609,,0.66,0.66,0.66,0.66,0.66,0.66,0.66,0.66
610,,0.64,0.64,0.64,0.64,0.64,0.64,0.64,0.64
611,,0.62,0.62,0.62,0.62,0.62,0.62,0.62,0.62
612,,0.6,0.6,0.6,0.6,0.6,0.6,0.6,0.6
613,,0.58,0.58,0.58,0.58,0.58,0.58,0.58,0.58
614,,0.56,0.56,0.56,0.56,0.56,0.56,0.56,0.56
615,,0.54,0.54,0.54,0.54,0.54,0.54,0.54,0.54
616,,0.52,0.52,0.52,0.52,0.52,0.52,0.52,0.52
617,,0.5,0.5,0.5,0.5,0.5,0.5,0.5,0.5
618,,0.48,0.48,0.48,0.48,0.48,0.48,0.48,0.48
619,,0.46,0.46,0.46,0.46,0.46,0.46,0.46,0.46
620,,0.44,0.44,0.44,0.44,0.44,0.44,0.44,0.44
621,,0.42,0.42,0.42,0.42,0.42,0.42,0.42,0.42
622,,0.4,0.4,0.4,0.4,0.4,0.4,0.4,0.4
623,,0.38,0.38,0.38,0.38,0.38,0.38,0.38,0.38
624,,0.36,0.36,0.36,0.36,0.36,0.36,0.36,0.36
625,,0.34,0.34,0.34,0.34,0.34,0.34,0.34,0.34
626,,0.32,0.32,0.32,0.32,0.32,0.32,0.32,0.32
627,,0.3,0.3,0.3,0.3,0.3,0.3,0.3,0.3
628,,0.28,0.28,0.28,0.28,0.28,0.28,0.28,0.28
629,,0.26,0.26,0.26,0.26,0.26,0.26,0.26,0.26
630,,0.24,0.24,0.24,0.24,0.24,0.24,0.24,0.24
631,,0.22,0.22,0.22,0.22,0.22,0.22,0.22,0.22
632,,0.2,0.2,0.2,0.2,0.2,0.2,0.2,0.2
633,,0.18,0.18,0.18,0.18,0.18,0.18,0.18,0.18
634,,0.16,0.16,0.16,0.16,0.16,0.16,0.16,0.16
635,,0.14,0.14,0.14,0.14,0.14,0.14,0.14,0.14
636,,0.12,0.12,0.12,0.12,0.12,0.12,0.12,0.12
637,,0.1,0.1,0.1,0.1,0.1,0.1,0.1,0.1
638,,0.08,0.08,0.08,0.08,0.08,0.08,0.08,0.08
639,,0.06,0.06,0.06,0.06,0.06,0.06,0.06,0.06
640,,0.04,0.04,0.04,0.04,0.04,0.04,0.04,0.04
641,,0.02,0.02,0.02,0.02,0.02,0.02,0.02,0.02
642,,0.0,0.0,0.0,0.0,0.0,0.0,0.0,0.0
643,,-0.02,-0.02,-0.02,-0.02,-0.02,-0.02,-0.02,-0.02
644,3,0.36,0.501,0.98,0.501,0.36,0.219,0.16,0.219
645,3,0.74,1.0,1.0,1.0,0.74,0.458,0.34,0.458
646,,0.72,0.98,0.98,0.98,0.72,0.438,0.32,0.438
647,,0.7,0.96,0.96,0.96,0.7,0.418,0.3,0.418
648,,0.68,0.94,0.94,0.94,0.68,0.398,0.28,0.398
649,,0.66,0.92,0.92,0.92,0.66,0.378,0.26,0.378
650,,0.64,0.9,0.9,0.9,0.64,0.358,0.24,0.358
651,,0.62,0.88,0.88,0.88,0.62,0.338,0.22,0.338
652,,0.6,0.86,0.86,0.86,0.6,0.318,0.2,0.318
653,,0.58,0.84,0.84,0.84,0.58,0.298,0.18,0.298
654,,0.56,0.82,0.82,0.82,0.56,0.278,0.16,0.278
655,,0.54,0.8,0.8,0.8,0.54,0.258,0.14,0.258
656,,0.52,0.78,0.78,0.78,0.52,0.238,0.12,0.238
657,,0.5,0.76,0.76,0.76,0.5,0.218,0.1,0.218
658,,0.48,0.74,0.74,0.74,0.48,0.198,0.08,0.198
659,,0.46,0.72,0.72,0.72,0.46,0.178,0.06,0.178
660,,0.44,0.7,0.7,0.7,0.44,0.158,0.04,0.158
661,,0.42,0.68,0.68,0.68,0.42,0.138,0.02,0.138
662,,0.4,0.66,0.66,0.66,0.4,0.118,0.0,0.118
663,,0.38,0.64,0.64,0.64,0.38,0.098,-0.02,0.098
664,7,0.76,0.879,0.82,0.879,0.76,0.619,0.98,0.619
665,7,1.0,1.0,1.0,1.0,1.0,1.0,1.0,1.0
666,,0.98,0.98,0.98,0.98,0.98,0.98,0.98,0.98
667,,0.96,0.96,0.96,0.96,0.96,0.96,0.96,0.96
668,,0.94,0.94,0.94,0.94,0.94,0.94,0.94,0.94
669,,0.92,0.92,0.92,0.92,0.92,0.92,0.92,0.92
670,,0.9,0.9,0.9,0.9,0.9,0.9,0.9,0.9
671,,0.88,0.88,0.88,0.88,0.88,0.88,0.88,0.88
672,,0.86,0.86,0.86,0.86,0.86,0.86,0.86,0.86
673,,0.84,0.84,0.84,0.84,0.84,0.84,0.84,0.84
674,,0.82,0.82,0.82,0.82,0.82,0.82,0.82,0.82
675,,0.8,0.8,0.8,0.8,0.8,0.8,0.8,0.8
676,,0.78,0.78,0.78,0.78,0.78,0.78,0.78,0.78
677,,0.76,0.76,0.76,0.76,0.76,0.76,0.76,0.76
678,,0.74,0.74,0.74,0.74,0.74,0.74,0.74,0.74
679,,0.72,0.72,0.72,0.72,0.72,0.72,0.72,0.72
680,,0.7,0.7,0.7,0.7,0.7,0.7,0.7,0.7
681,,0.68,0.68,0.68,0.68,0.68,0.68,0.68,0.68
682,,0.66,0.66,0.66,0.66,0.66,0.66,0.66,0.66
683,,0.64,0.64,0.64,0.64,0.64,0.64,0.64,0.64
684,,0.62,0.62,0.62,0.62,0.62,0.62,0.62,0.62
685,,0.6,0.6,0.6,0.6,0.6,0.6,0.6,0.6
686,,0.58,0.58,0.58,0.58,0.58,0.58,0.58,0.58
687,,0.56,0.56,0.56,0.56,0.56,0.56,0.56,0.56
688,,0.54,0.54,0.54,0.54,0.54,0.54,0.54,0.54
689,,0.52,0.52,0.52,0.52,0.52,0.52,0.52,0.52
690,,0.5,0.5,0.5,0.5,0.5,0.5,0.5,0.5
691,,0.48,0.48,0.48,0.48,0.48,0.48,0.48,0.48
692,,0.46,0.46,0.46,0.46,0.46,0.46,0.46,0.46
693,,0.44,0.44,0.44,0.44,0.44,0.44,0.44,0.44
694,,0.42,0.42,0.42,0.42,0.42,0.42,0.42,0.42
695,,0.4,0.4,0.4,0.4,0.4,0.4,0.4,0.4
696,,0.38,0.38,0.38,0.38,0.38,0.38,0.38,0.38
697,,0.36,0.36,0.36,0.36,0.36,0.36,0.36,0.36
698,,0.34,0.34,0.34,0.34,0.34,0.34,0.34,0.34
699,,0.32,0.32,0.32,0.32,0.32,0.32,0.32,0.32
700,,0.3,0.3,0.3,0.3,0.3,0.3,0.3,0.3
701,,0.28,0.28,0.28,0.28,0.28,0.28,0.28,0.28
702,,0.26,0.26,0.26,0.26,0.26,0.26,0.26,0.26
703,,0.24,0.24,0.24,0.24,0.24,0.24,0.24,0.24
704,,0.22,0.22,0.22,0.22,0.22,0.22,0.22,0.22
705,,0.2,0.2,0.2,0.2,0.2,0.2,0.2,0.2
706,,0.18,0.18,0.18,0.18,0.18,0.18,0.18,0.18
707,,0.16,0.16,0.16,0.16,0.16,0.16,0.16,0.16
708,,0.14,0.14,0.14,0.14,0.14,0.14,0.14,0.14
709,,0.12,0.12,0.12,0.12,0.12,0.12,0.12,0.12
710,,0.1,0.1,0.1,0.1,0.1,0.1,0.1,0.1
711,,0.08,0.08,0.08,0.08,0.08,0.08,0.08,0.08
712,,0.06,0.06,0.06,0.06,0.06,0.06,0.06,0.06
713,,0.04,0.04,0.04,0.04,0.04,0.04,0.04,0.04
714,,0.02,0.02,0.02,0.02,0.02,0.02,0.02,0.02
715,,0.0,0.0,0.0,0.0,0.0,0.0,0.0,0.0
716,,-0.02,-0.02,-0.02,-0.02,-0.02,-0.02,-0.02,-0.02
717,2,0.501,0.98,0.501,0.36,0.219,0.16,0.219,0.36
718,2,1.0,1.0,1.0,0.74,0.458,0.34,0.458,0.74
719,,0.98,0.98,0.98,0.72,0.438,0.32,0.438,0.72
720,,0.96,0.96,0.96,0.7,0.418,0.3,0.418,0.7
721,,0.94,0.94,0.94,0.68,0.398,0.28,0.398,0.68
722,,0.92,0.92,0.92,0.66,0.378,0.26,0.378,0.66
723,,0.9,0.9,0.9,0.64,0.358,0.24,0.358,0.64
724,,0.88,0.88,0.88,0.62,0.338,0.22,0.338,0.62
725,,0.86,0.86,0.86,0.6,0.318,0.2,0.318,0.6
726,,0.84,0.84,0.84,0.58,0.298,0.18,0.298,0.58
727,,0.82,0.82,0.82,0.56,0.278,0.16,0.278,0.56
728,,0.8,0.8,0.8,0.54,0.258,0.14,0.258,0.54
729,,0.78,0.78,0.78,0.52,0.238,0.12,0.238,0.52
730,,0.76,0.76,0.76,0.5,0.218,0.1,0.218,0.5
731,,0.74,0.74,0.74,0.48,0.198,0.08,0.198,0.48
732,,0.72,0.72,0.72,0.46,0.178,0.06,0.178,0.46
733,,0.7,0.7,0.7,0.44,0.158,0.04,0.158,0.44
734,,0.68,0.68,0.68,0.42,0.138,0.02,0.138,0.42
735,,0.66,0.66,0.66,0.4,0.118,0.0,0.118,0.4
736,,0.64,0.64,0.64,0.38,0.098,-0.02,0.098,0.38
737,6,0.879,0.82,0.879,0.76,0.619,0.98,0.619,0.76
738,6,1.0,1.0,1.0,1.0,1.0,1.0,1.0,1.0
739,,0.98,0.98,0.98,0.98,0.98,0.98,0.98,0.98
740,,0.96,0.96,0.96,0.96,0.96,0.96,0.96,0.96
741,,0.94,0.94,0.94,0.94,0.94,0.94,0.94,0.94
742,,0.92,0.92,0.92,0.92,0.92,0.92,0.92,0.92
743,,0.9,0.9,0.9,0.9,0.9,0.9,0.9,0.9
744,,0.88,0.88,0.88,0.88,0.88,0.88,0.88,0.88
745,,0.86,0.86,0.86,0.86,0.86,0.86,0.86,0.86
746,,0.84,0.84,0.84,0.84,0.84,0.84,0.84,0.84
747,,0.82,0.82,0.82,0.82,0.82,0.82,0.82,0.82
748,,0.8,0.8,0.8,0.8,0.8,0.8,0.8,0.8
749,,0.78,0.78,0.78,0.78,0.78,0.78,0.78,0.78
750,,0.76,0.76,0.76,0.76,0.76,0.76,0.76,0.76
751,,0.74,0.74,0.74,0.74,0.74,0.74,0.74,0.74
752,,0.72,0.72,0.72,0.72,0.72,0.72,0.72,0.72
753,,0.7,0.7,0.7,0.7,0.7,0.7,0.7,0.7
754,,0.68,0.68,0.68,0.68,0.68,0.68,0.68,0.68
755,,0.66,0.66,0.66,0.66,0.66,0.66,0.66,0.66
756,,0.64,0.64,0.64,0.64,0.64,0.64,0.64,0.64
757,,0.62,0.62,0.62,0.62,0.62,0.62,0.62,0.62
758,,0.6,0.6,0.6,0.6,0.6,0.6,0.6,0.6
759,,0.58,0.58,0.58,0.58,0.58,0.58,0.58,0.58
760,,0.56,0.56,0.56,0.56,0.56,0.56,0.56,0.56
761,,0.54,0.54,0.54,0.54,0.54,0.54,0.54,0.54
762,,0.52,0.52,0.52,0.52,0.52,0.52,0.52,0.52
763,,0.5,0.5,0.5,0.5,0.5,0.5,0.5,0.5
764,,0.48,0.48,0.48,0.48,0.48,0.48,0.48,0.48
765,,0.46,0.46,0.46,0.46,0.46,0.46,0.46,0.46
766,,0.44,0.44,0.44,0.44,0.44,0.44,0.44,0.44
767,,0.42,0.42,0.42,0.42,0.42,0.42,0.42,0.42
768,,0.4,0.4,0.4,0.4,0.4,0.4,0.4,0.4
769,,0.38,0.38,0.38,0.38,0.38,0.38,0.38,0.38
770,,0.36,0.36,0.36,0.36,0.36,0.36,0.36,0.36
771,,0.34,0.34,0.34,0.34,0.34,0.34,0.34,0.34
772,,0.32,0.32,0.32,0.32,0.32,0.32,0.32,0.32
773,,0.3,0.3,0.3,0.3,0.3,0.3,0.3,0.3
774,,0.28,0.28,0.28,0.28,0.28,0.28,0.28,0.28
775,,0.26,0.26,0.26,0.26,0.26,0.26,0.26,0.26
776,,0.24,0.24,0.24,0.24,0.24,0.24,0.24,0.24
777,,0.22,0.22,0.22,0.22,0.22,0.22,0.22,0.22
778,,0.2,0.2,0.2,0.2,0.2,0.2,0.2,0.2
779,,0.18,0.18,0.18,0.18,0.18,0.18,0.18,0.18
780,,0.16,0.16,0.16,0.16,0.16,0.16,0.16,0.16
781,,0.14,0.14,0.14,0.14,0.14,0.14,0.14,0.14
782,,0.12,0.12,0.12,0.12,0.12,0.12,0.12,0.12
783,,0.1,0.1,0.1,0.1,0.1,0.1,0.1,0.1
784,,0.08,0.08,0.08,0.08,0.08,0.08,0.08,0.08
785,,0.06,0.06,0.06,0.06,0.06,0.06,0.06,0.06
786,,0.04,0.04,0.04,0.04,0.04,0.04,0.04,0.04
787,,0.02,0.02,0.02,0.02,0.02,0.02,0.02,0.02
788,,0.0,0.0,0.0,0.0,0.0,0.0,0.0,0.0
789,,-0.02,-0.02,-0.02,-0.02,-0.02,-0.02,-0.02,-0.02
790,4,0.219,0.36,0.501,0.98,0.501,0.36,0.219,0.16
791,4,0.458,0.74,1.0,1.0,1.0,0.74,0.458,0.34
792,,0.438,0.72,0.98,0.98,0.98,0.72,0.438,0.32
793,,0.418,0.7,0.96,0.96,0.96,0.7,0.418,0.3
794,,0.398,0.68,0.94,0.94,0.94,0.68,0.398,0.28
795,,0.378,0.66,0.92,0.92,0.92,0.66,0.378,0.26
796,,0.358,0.64,0.9,0.9,0.9,0.64,0.358,0.24
797,,0.338,0.62,0.88,0.88,0.88,0.62,0.338,0.22
798,,0.318,0.6,0.86,0.86,0.86,0.6,0.318,0.2
799,,0.298,0.58,0.84,0.84,0.84,0.58,0.298,0.18
800,,0.278,0.56,0.82,0.82,0.82,0.56,0.278,0.16
801,,0.258,0.54,0.8,0.8,0.8,0.54,0.258,0.14
802,,0.238,0.52,0.78,0.78,0.78,0.52,0.238,0.12
803,,0.218,0.5,0.76,0.76,0.76,0.5,0.218,0.1
804,,0.198,0.48,0.74,0.74,0.74,0.48,0.198,0.08
805,,0.178,0.46,0.72,0.72,0.72,0.46,0.178,0.06
806,,0.158,0.44,0.7,0.7,0.7,0.44,0.158,0.04
807,,0.138,0.42,0.68,0.68,0.68,0.42,0.138,0.02
808,,0.118,0.4,0.66,0.66,0.66,0.4,0.118,0.0
809,,0.098,0.38,0.64,0.64,0.64,0.38,0.098,-0.02
810,8,0.619,0.76,0.879,0.82,0.879,0.76,0.619,0.98
811,8,1.0,1.0,1.0,1.0,1.0,1.0,1.0,1.0
812,,0.98,0.98,0.98,0.98,0.98,0.98,0.98,0.98
813,,0.96,0.96,0.96,0.96,0.96,0.96,0.96,0.96
814,,0.94,0.94,0.94,0.94,0.94,0.94,0.94,0.94
815,,0.92,0.92,0.92,0.92,0.92,0.92,0.92,0.92
816,,0.9,0.9,0.9,0.9,0.9,0.9,0.9,0.9
817,,0.88,0.88,0.88,0.88,0.88,0.88,0.88,0.88
818,,0.86,0.86,0.86,0.86,0.86,0.86,0.86,0.86
819,,0.84,0.84,0.84,0.84,0.84,0.84,0.84,0.84
820,,0.82,0.82,0.82,0.82,0.82,0.82,0.82,0.82
821,,0.8,0.8,0.8,0.8,0.8,0.8,0.8,0.8
822,,0.78,0.78,0.78,0.78,0.78,0.78,0.78,0.78
823,,0.76,0.76,0.76,0.76,0.76,0.76,0.76,0.76
824,,0.74,0.74,0.74,0.74,0.74,0.74,0.74,0.74
825,,0.72,0.72,0.72,0.72,0.72,0.72,0.72,0.72
826,,0.7,0.7,0.7,0.7,0.7,0.7,0.7,0.7
827,,0.68,0.68,0.68,0.68,0.68,0.68,0.68,0.68
828,,0.66,0.66,0.66,0.66,0.66,0.66,0.66,0.66
829,,0.64,0.64,0.64,0.64,0.64,0.64,0.64,0.64
830,,0.62,0.62,0.62,0.62,0.62,0.62,0.62,0.62
831,,0.6,0.6,0.6,0.6,0.6,0.6,0.6,0.6
832,,0.58,0.58,0.58,0.58,0.58,0.58,0.58,0.58
833,,0.56,0.56,0.56,0.56,0.56,0.56,0.56,0.56
834,,0.54,0.54,0.54,0.54,0.54,0.54,0.54,0.54
835,,0.52,0.52,0.52,0.52,0.52,0.52,0.52,0.52
836,,0.5,0.5,0.5,0.5,0.5,0.5,0.5,0.5
837,,0.48,0.48,0.48,0.48,0.48,0.48,0.48,0.48
838,,0.46,0.46,0.46,0.46,0.46,0.46,0.46,0.46
839,,0.44,0.44,0.44,0.44,0.44,0.44,0.44,0.44
840,,0.42,0.42,0.42,0.42,0.42,0.42,0.42,0.42
841,,0.4,0.4,0.4,0.4,0.4,0.4,0.4,0.4
842,,0.38,0.38,0.38,0.38,0.38,0.38,0.38,0.38
843,,0.36,0.36,0.36,0.36,0.36,0.36,0.36,0.36
844,,0.34,0.34,0.34,0.34,0.34,0.34,0.34,0.34
845,,0.32,0.32,0.32,0.32,0.32,0.32,0.32,0.32
846,,0.3,0.3,0.3,0.3,0.3,0.3,0.3,0.3
847,,0.28,0.28,0.28,0.28,0.28,0.28,0.28,0.28
848,,0.26,0.26,0.26,0.26,0.26,0.26,0.26,0.26
849,,0.24,0.24,0.24,0.24,0.24,0.24,0.24,0.24
850,,0.22,0.22,0.22,0.22,0.22,0.22,0.22,0.22
851,,0.2,0.2,0.2,0.2,0.2,0.2,0.2,0.2
852,,0.18,0.18,0.18,0.18,0.18,0.18,0.18,0.18
853,,0.16,0.16,0.16,0.16,0.16,0.16,0.16,0.16
854,,0.14,0.14,0.14,0.14,0.14,0.14,0.14,0.14
855,,0.12,0.12,0.12,0.12,0.12,0.12,0.12,0.12
856,,0.1,0.1,0.1,0.1,0.1,0.1,0.1,0.1
857,,0.08,0.08,0.08,0.08,0.08,0.08,0.08,0.08
858,,0.06,0.06,0.06,0.06,0.06,0.06,0.06,0.06
859,,0.04,0.04,0.04,0.04,0.04,0.04,0.04,0.04
860,,0.02,0.02,0.02,0.02,0.02,0.02,0.02,0.02
861,,0.0,0.0,0.0,0.0,0.0,0.0,0.0,0.0
862,,-0.02,-0.02,-0.02,-0.02,-0.02,-0.02,-0.02,-0.02
863,8,0.501,0.36,0.219,0.16,0.219,0.36,0.501,0.98
864,8,1.0,0.74,0.458,0.34,0.458,0.74,1.0,1.0
865,,0.98,0.72,0.438,0.32,0.438,0.72,0.98,0.98
866,,0.96,0.7,0.418,0.3,0.418,0.7,0.96,0.96
867,,0.94,0.68,0.398,0.28,0.398,0.68,0.94,0.94
868,,0.92,0.66,0.378,0.26,0.378,0.66,0.92,0.92
869,,0.9,0.64,0.358,0.24,0.358,0.64,0.9,0.9
870,,0.88,0.62,0.338,0.22,0.338,0.62,0.88,0.88
871,,0.86,0.6,0.318,0.2,0.318,0.6,0.86,0.86
872,,0.84,0.58,0.298,0.18,0.298,0.58,0.84,0.84
873,,0.82,0.56,0.278,0.16,0.278,0.56,0.82,0.82
874,,0.8,0.54,0.258,0.14,0.258,0.54,0.8,0.8
875,,0.78,0.52,0.238,0.12,0.238,0.52,0.78,0.78
876,,0.76,0.5,0.218,0.1,0.218,0.5,0.76,0.76
877,,0.74,0.48,0.198,0.08,0.198,0.48,0.74,0.74
878,,0.72,0.46,0.178,0.06,0.178,0.46,0.72,0.72
879,,0.7,0.44,0.158,0.04,0.158,0.44,0.7,0.7
880,,0.68,0.42,0.138,0.02,0.138,0.42,0.68,0.68
881,,0.66,0.4,0.118,0.0,0.118,0.4,0.66,0.66
882,,0.64,0.38,0.098,-0.02,0.098,0.38,0.64,0.64
883,4,0.879,0.76,0.619,0.98,0.619,0.76,0.879,0.82
884,4,1.0,1.0,1.0,1.0,1.0,1.0,1.0,1.0
885,,0.98,0.98,0.98,0.98,0.98,0.98,0.98,0.98
886,,0.96,0.96,0.96,0.96,0.96,0.96,0.96,0.96
887,,0.94,0.94,0.94,0.94,0.94,0.94,0.94,0.94
888,,0.92,0.92,0.92,0.92,0.92,0.92,0.92,0.92
889,,0.9,0.9,0.9,0.9,0.9,0.9,0.9,0.9
890,,0.88,0.88,0.88,0.88,0.88,0.88,0.88,0.88
891,,0.86,0.86,0.86,0.86,0.86,0.86,0.86,0.86
892,,0.84,0.84,0.84,0.84,0.84,0.84,0.84,0.84
893,,0.82,0.82,0.82,0.82,0.82,0.82,0.82,0.82
894,,0.8,0.8,0.8,0.8,0.8,0.8,0.8,0.8
895,,0.78,0.78,0.78,0.78,0.78,0.78,0.78,0.78
896,,0.76,0.76,0.76,0.76,0.76,0.76,0.76,0.76
897,,0.74,0.74,0.74,0.74,0.74,0.74,0.74,0.74
898,,0.72,0.72,0.72,0.72,0.72,0.72,0.72,0.72
899,,0.7,0.7,0.7,0.7,0.7,0.7,0.7,0.7
