step,active_motive,motive_1,motive_2,motive_3,motive_4,motive_5,motive_6,motive_7,motive_8
0,,0.74732,0.53969,0.58675,0.96526,0.60703,0.276,0.29627,0.16527
1,,0.59732,0.38969,0.43675,0.81526,0.45703,0.126,0.14627,0.01527
2,,0.44732,0.23969,0.28675,0.66526,0.30703,-0.024,-0.00373,-0.13473
3,8,0.70932,0.28969,0.12475,0.41526,0.14503,0.026,0.25827,0.86527
4,8,0.97132,0.33969,-0.03725,0.16526,-0.01697,0.076,0.52027,1.0
5,3,1.0,0.60169,0.96275,0.42726,0.03303,-0.086,0.27027,0.838
6,3,1.0,0.86369,1.0,0.68926,0.08303,-0.248,0.02027,0.676
7,6,0.838,0.61369,0.838,0.73926,0.34503,0.752,0.28227,0.726
8,6,0.676,0.36369,0.676,0.78926,0.60703,1.0,0.54427,0.776
9,,0.526,0.21369,0.526,0.63926,0.45703,0.85,0.39427,0.626
10,,0.376,0.06369,0.376,0.48926,0.30703,0.7,0.24427,0.476
11,,0.226,-0.08631,0.226,0.33926,0.15703,0.55,0.09427,0.326
12,2,0.488,0.91369,0.488,0.38926,-0.00497,0.3,-0.06773,0.376
13,2,0.75,1.0,0.75,0.43926,-0.16697,0.05,-0.22973,0.426
14,7,0.8,0.838,0.5,0.27726,-0.11697,0.312,0.77027,0.688
15,7,0.85,0.676,0.25,0.11526,-0.06697,0.574,1.0,0.95
16,5,0.6,0.514,0.3,0.37726,0.93303,0.836,1.0,0.788
17,5,0.35,0.352,0.35,0.63926,1.0,1.0,1.0,0.626
18,,0.2,0.202,0.2,0.48926,0.85,0.85,0.85,0.476
19,,0.05,0.052,0.05,0.33926,0.7,0.7,0.7,0.326
20,,-0.1,-0.098,-0.1,0.18926,0.55,0.55,0.55,0.176
21,1,0.9,0.164,-0.05,0.02726,0.3,0.388,0.6,0.438
22,1,1.0,0.426,0.0,-0.13474,0.05,0.226,0.65,0.7
23,4,0.838,0.476,0.262,0.86526,0.312,0.276,0.488,0.45
24,4,0.676,0.526,0.524,1.0,0.574,0.326,0.326,0.2
25,,0.526,0.376,0.374,0.85,0.424,0.176,0.176,0.05
26,,0.376,0.226,0.224,0.7,0.274,0.026,0.026,-0.1
27,8,0.638,0.276,0.062,0.45,0.112,0.076,0.288,0.9
28,8,0.9,0.326,-0.1,0.2,-0.05,0.126,0.55,1.0
29,3,0.95,0.588,0.9,0.462,0.0,-0.036,0.3,0.838
30,3,1.0,0.85,1.0,0.724,0.05,-0.198,0.05,0.676
31,6,0.838,0.6,0.838,0.774,0.312,0.802,0.312,0.726
32,6,0.676,0.35,0.676,0.824,0.574,1.0,0.574,0.776
33,,0.526,0.2,0.526,0.674,0.424,0.85,0.424,0.626
34,,0.376,0.05,0.376,0.524,0.274,0.7,0.274,0.476
35,,0.226,-0.1,0.226,0.374,0.124,0.55,0.124,0.326
36,2,0.488,0.9,0.488,0.424,-0.038,0.3,-0.038,0.376
37,2,0.75,1.0,0.75,0.474,-0.2,0.05,-0.2,0.426
38,5,0.5,0.838,0.8,0.736,0.8,0.312,-0.15,0.264
39,5,0.25,0.676,0.85,0.998,1.0,0.574,-0.1,0.102
40,7,0.3,0.514,0.6,0.836,1.0,0.836,0.9,0.364
41,7,0.35,0.352,0.35,0.674,1.0,1.0,1.0,0.626
42,,0.2,0.202,0.2,0.524,0.85,0.85,0.85,0.476
43,,0.05,0.052,0.05,0.374,0.7,0.7,0.7,0.326
44,,-0.1,-0.098,-0.1,0.224,0.55,0.55,0.55,0.176
45,1,0.9,0.164,-0.05,0.062,0.3,0.388,0.6,0.438
46,1,1.0,0.426,0.0,-0.1,0.05,0.226,0.65,0.7
47,4,0.838,0.476,0.262,0.9,0.312,0.276,0.488,0.45
48,4,0.676,0.526,0.524,1.0,0.574,0.326,0.326,0.2
49,,0.526,0.376,0.374,0.85,0.424,0.176,0.176,0.05
50,,0.376,0.226,0.224,0.7,0.274,0.026,0.026,-0.1
51,8,0.638,0.276,0.062,0.45,0.112,0.076,0.288,0.9
52,8,0.9,0.326,-0.1,0.2,-0.05,0.126,0.55,1.0
53,3,0.95,0.588,0.9,0.462,0.0,-0.036,0.3,0.838
54,3,1.0,0.85,1.0,0.724,0.05,-0.198,0.05,0.676
55,6,0.838,0.6,0.838,0.774,0.312,0.802,0.312,0.726
56,6,0.676,0.35,0.676,0.824,0.574,1.0,0.574,0.776
57,,0.526,0.2,0.526,0.674,0.424,0.85,0.424,0.626
58,,0.376,0.05,0.376,0.524,0.274,0.7,0.274,0.476
59,,0.226,-0.1,0.226,0.374,0.124,0.55,0.124,0.326
60,2,0.488,0.9,0.488,0.424,-0.038,0.3,-0.038,0.376
61,2,0.75,1.0,0.75,0.474,-0.2,0.05,-0.2,0.426
62,7,0.8,0.838,0.5,0.312,-0.15,0.312,0.8,0.688
63,7,0.85,0.676,0.25,0.15,-0.1,0.574,1.0,0.95
64,5,0.6,0.514,0.3,0.412,0.9,0.836,1.0,0.788
65,5,0.35,0.352,0.35,0.674,1.0,1.0,1.0,0.626
66,,0.2,0.202,0.2,0.524,0.85,0.85,0.85,0.476
67,,0.05,0.052,0.05,0.374,0.7,0.7,0.7,0.326
68,,-0.1,-0.098,-0.1,0.224,0.55,0.55,0.55,0.176
69,1,0.9,0.164,-0.05,0.062,0.3,0.388,0.6,0.438
70,1,1.0,0.426,0.0,-0.1,0.05,0.226,0.65,0.7
71,4,0.838,0.476,0.262,0.9,0.312,0.276,0.488,0.45
72,4,0.676,0.526,0.524,1.0,0.574,0.326,0.326,0.2
73,,0.526,0.376,0.374,0.85,0.424,0.176,0.176,0.05
74,,0.376,0.226,0.224,0.7,0.274,0.026,0.026,-0.1
75,8,0.638,0.276,0.062,0.45,0.112,0.076,0.288,0.9
76,8,0.9,0.326,-0.1,0.2,-0.05,0.126,0.55,1.0
77,3,0.95,0.588,0.9,0.462,0.0,-0.036,0.3,0.838
78,3,1.0,0.85,1.0,0.724,0.05,-0.198,0.05,0.676
79,6,0.838,0.6,0.838,0.774,0.312,0.802,0.312,0.726
80,6,0.676,0.35,0.676,0.824,0.574,1.0,0.574,0.776
81,,0.526,0.2,0.526,0.674,0.424,0.85,0.424,0.626
82,,0.376,0.05,0.376,0.524,0.274,0.7,0.274,0.476
83,,0.226,-0.1,0.226,0.374,0.124,0.55,0.124,0.326
84,2,0.488,0.9,0.488,0.424,-0.038,0.3,-0.038,0.376
85,2,0.75,1.0,0.75,0.474,-0.2,0.05,-0.2,0.426
86,7,0.8,0.838,0.5,0.312,-0.15,0.312,0.8,0.688
87,7,0.85,0.676,0.25,0.15,-0.1,0.574,1.0,0.95
88,5,0.6,0.514,0.3,0.412,0.9,0.836,1.0,0.788
89,5,0.35,0.352,0.35,0.674,1.0,1.0,1.0,0.626
90,,0.2,0.202,0.2,0.524,0.85,0.85,0.85,0.476
91,,0.05,0.052,0.05,0.374,0.7,0.7,0.7,0.326
92,,-0.1,-0.098,-0.1,0.224,0.55,0.55,0.55,0.176
93,3,-0.05,0.164,0.9,0.486,0.6,0.388,0.3,0.014
94,3,0.0,0.426,1.0,0.748,0.65,0.226,0.05,-0.148
95,8,0.262,0.476,0.838,0.498,0.488,0.276,0.312,0.852
96,8,0.524,0.526,0.676,0.248,0.326,0.326,0.574,1.0
97,,0.374,0.376,0.526,0.098,0.176,0.176,0.424,0.85
98,,0.224,0.226,0.376,-0.052,0.026,0.026,0.274,0.7
99,4,0.062,0.276,0.638,0.948,0.288,0.076,0.112,0.45
100,4,-0.1,0.326,0.9,1.0,0.55,0.126,-0.05,0.2
101,1,0.9,0.588,0.95,0.838,0.3,-0.036,0.0,0.462
102,1,1.0,0.85,1.0,0.676,0.05,-0.198,0.05,0.724
103,6,0.838,0.6,0.838,0.726,0.312,0.802,0.312,0.774
104,6,0.676,0.35,0.676,0.776,0.574,1.0,0.574,0.824
105,,0.526,0.2,0.526,0.626,0.424,0.85,0.424,0.674
106,,0.376,0.05,0.376,0.476,0.274,0.7,0.274,0.524
107,,0.226,-0.1,0.226,0.326,0.124,0.55,0.124,0.374
108,2,0.488,0.9,0.488,0.376,-0.038,0.3,-0.038,0.424
109,2,0.75,1.0,0.75,0.426,-0.2,0.05,-0.2,0.474
110,7,0.8,0.838,0.5,0.264,-0.15,0.312,0.8,0.736
111,7,0.85,0.676,0.25,0.102,-0.1,0.574,1.0,0.998
112,5,0.6,0.514,0.3,0.364,0.9,0.836,1.0,0.836
113,5,0.35,0.352,0.35,0.626,1.0,1.0,1.0,0.674
114,,0.2,0.202,0.2,0.476,0.85,0.85,0.85,0.524
115,,0.05,0.052,0.05,0.326,0.7,0.7,0.7,0.374
116,,-0.1,-0.098,-0.1,0.176,0.55,0.55,0.55,0.224
117,1,0.9,0.164,-0.05,0.014,0.3,0.388,0.6,0.486
118,1,1.0,0.426,0.0,-0.148,0.05,0.226,0.65,0.748
119,4,0.838,0.476,0.262,0.852,0.312,0.276,0.488,0.498
120,4,0.676,0.526,0.524,1.0,0.574,0.326,0.326,0.248
121,,0.526,0.376,0.374,0.85,0.424,0.176,0.176,0.098
122,,0.376,0.226,0.224,0.7,0.274,0.026,0.026,-0.052
123,8,0.638,0.276,0.062,0.45,0.112,0.076,0.288,0.948
124,8,0.9,0.326,-0.1,0.2,-0.05,0.126,0.55,1.0
125,3,0.95,0.588,0.9,0.462,0.0,-0.036,0.3,0.838
126,3,1.0,0.85,1.0,0.724,0.05,-0.198,0.05,0.676
127,6,0.838,0.6,0.838,0.774,0.312,0.802,0.312,0.726
128,6,0.676,0.35,0.676,0.824,0.574,1.0,0.574,0.776
129,,0.526,0.2,0.526,0.674,0.424,0.85,0.424,0.626
130,,0.376,0.05,0.376,0.524,0.274,0.7,0.274,0.476
131,,0.226,-0.1,0.226,0.374,0.124,0.55,0.124,0.326
132,2,0.488,0.9,0.488,0.424,-0.038,0.3,-0.038,0.376
133,2,0.75,1.0,0.75,0.474,-0.2,0.05,-0.2,0.426
134,5,0.5,0.838,0.8,0.736,0.8,0.312,-0.15,0.264
135,5,0.25,0.676,0.85,0.998,1.0,0.574,-0.1,0.102
136,7,0.3,0.514,0.6,0.836,1.0,0.836,0.9,0.364
137,7,0.35,0.352,0.35,0.674,1.0,1.0,1.0,0.626
138,,0.2,0.202,0.2,0.524,0.85,0.85,0.85,0.476
139,,0.05,0.052,0.05,0.374,0.7,0.7,0.7,0.326
140,,-0.1,-0.098,-0.1,0.224,0.55,0.55,0.55,0.176
141,1,0.9,0.164,-0.05,0.062,0.3,0.388,0.6,0.438
142,1,1.0,0.426,0.0,-0.1,0.05,0.226,0.65,0.7
143,4,0.838,0.476,0.262,0.9,0.312,0.276,0.488,0.45
144,4,0.676,0.526,0.524,1.0,0.574,0.326,0.326,0.2
145,,0.526,0.376,0.374,0.85,0.424,0.176,0.176,0.05
146,,0.376,0.226,0.224,0.7,0.274,0.026,0.026,-0.1
147,8,0.638,0.276,0.062,0.45,0.112,0.076,0.288,0.9
148,8,0.9,0.326,-0.1,0.2,-0.05,0.126,0.55,1.0
149,3,0.95,0.588,0.9,0.462,0.0,-0.036,0.3,0.838
150,3,1.0,0.85,1.0,0.724,0.05,-0.198,0.05,0.676
151,6,0.838,0.6,0.838,0.774,0.312,0.802,0.312,0.726
152,6,0.676,0.35,0.676,0.824,0.574,1.0,0.574,0.776
153,,0.526,0.2,0.526,0.674,0.424,0.85,0.424,0.626
154,,0.376,0.05,0.376,0.524,0.274,0.7,0.274,0.476
155,,0.226,-0.1,0.226,0.374,0.124,0.55,0.124,0.326
156,2,0.488,0.9,0.488,0.424,-0.038,0.3,-0.038,0.376
157,2,0.75,1.0,0.75,0.474,-0.2,0.05,-0.2,0.426
158,5,0.5,0.838,0.8,0.736,0.8,0.312,-0.15,0.264
159,5,0.25,0.676,0.85,0.998,1.0,0.574,-0.1,0.102
160,7,0.3,0.514,0.6,0.836,1.0,0.836,0.9,0.364
161,7,0.35,0.352,0.35,0.674,1.0,1.0,1.0,0.626
162,,0.2,0.202,0.2,0.524,0.85,0.85,0.85,0.476
163,,0.05,0.052,0.05,0.374,0.7,0.7,0.7,0.326
164,,-0.1,-0.098,-0.1,0.224,0.55,0.55,0.55,0.176
165,3,-0.05,0.164,0.9,0.486,0.6,0.388,0.3,0.014
166,3,0.0,0.426,1.0,0.748,0.65,0.226,0.05,-0.148
167,8,0.262,0.476,0.838,0.498,0.488,0.276,0.312,0.852
168,8,0.524,0.526,0.676,0.248,0.326,0.326,0.574,1.0
169,,0.374,0.376,0.526,0.098,0.176,0.176,0.424,0.85
170,,0.224,0.226,0.376,-0.052,0.026,0.026,0.274,0.7
171,4,0.062,0.276,0.638,0.948,0.288,0.076,0.112,0.45
172,4,-0.1,0.326,0.9,1.0,0.55,0.126,-0.05,0.2
173,1,0.9,0.588,0.95,0.838,0.3,-0.036,0.0,0.462
174,1,1.0,0.85,1.0,0.676,0.05,-0.198,0.05,0.724
175,6,0.838,0.6,0.838,0.726,0.312,0.802,0.312,0.774
176,6,0.676,0.35,0.676,0.776,0.574,1.0,0.574,0.824
177,,0.526,0.2,0.526,0.626,0.424,0.85,0.424,0.674
178,,0.376,0.05,0.376,0.476,0.274,0.7,0.274,0.524
179,,0.226,-0.1,0.226,0.326,0.124,0.55,0.124,0.374
180,2,0.488,0.9,0.488,0.376,-0.038,0.3,-0.038,0.424
181,2,0.75,1.0,0.75,0.426,-0.2,0.05,-0.2,0.474
182,5,0.5,0.838,0.8,0.688,0.8,0.312,-0.15,0.312
183,5,0.25,0.676,0.85,0.95,1.0,0.574,-0.1,0.15
184,7,0.3,0.514,0.6,0.788,1.0,0.836,0.9,0.412
185,7,0.35,0.352,0.35,0.626,1.0,1.0,1.0,0.674
186,,0.2,0.202,0.2,0.476,0.85,0.85,0.85,0.524
187,,0.05,0.052,0.05,0.326,0.7,0.7,0.7,0.374
188,,-0.1,-0.098,-0.1,0.176,0.55,0.55,0.55,0.224
189,1,0.9,0.164,-0.05,0.014,0.3,0.388,0.6,0.486
190,1,1.0,0.426,0.0,-0.148,0.05,0.226,0.65,0.748
191,4,0.838,0.476,0.262,0.852,0.312,0.276,0.488,0.498
192,4,0.676,0.526,0.524,1.0,0.574,0.326,0.326,0.248
193,,0.526,0.376,0.374,0.85,0.424,0.176,0.176,0.098
194,,0.376,0.226,0.224,0.7,0.274,0.026,0.026,-0.052
195,8,0.638,0.276,0.062,0.45,0.112,0.076,0.288,0.948
196,8,0.9,0.326,-0.1,0.2,-0.05,0.126,0.55,1.0
197,3,0.95,0.588,0.9,0.462,0.0,-0.036,0.3,0.838
198,3,1.0,0.85,1.0,0.724,0.05,-0.198,0.05,0.676
199,6,0.838,0.6,0.838,0.774,0.312,0.802,0.312,0.726
