step,active_motive,motive_1,motive_2,motive_3,motive_4,motive_5,motive_6,motive_7,motive_8
0,,0.04393,0.02017,0.08958,0.04754,0.05633,0.06955,0.01393,0.06044
1,,-0.00607,-0.02983,0.03958,-0.00246,0.00633,0.01955,-0.03607,0.01044
2,7,0.14393,0.04917,0.08958,0.07654,0.15633,0.24055,0.96393,0.23144
3,7,0.29393,0.12817,0.13958,0.15554,0.30633,0.46155,1.0,0.45244
4,,0.24393,0.07817,0.08958,0.10554,0.25633,0.41155,0.95,0.40244
5,,0.19393,0.02817,0.03958,0.05554,0.20633,0.36155,0.9,0.35244
6,,0.14393,-0.02183,-0.01042,0.00554,0.15633,0.31155,0.85,0.30244
7,2,0.36493,0.97817,0.21058,0.15554,0.23533,0.36155,0.929,0.45244
8,2,0.58593,1.0,0.43158,0.30554,0.31433,0.41155,1.0,0.60244
9,,0.53593,0.95,0.38158,0.25554,0.26433,0.36155,0.95,0.55244
10,,0.48593,0.9,0.33158,0.20554,0.21433,0.31155,0.9,0.50244
11,,0.43593,0.85,0.28158,0.15554,0.16433,0.26155,0.85,0.45244
12,,0.38593,0.8,0.23158,0.10554,0.11433,0.21155,0.8,0.40244
13,,0.33593,0.75,0.18158,0.05554,0.06433,0.16155,0.75,0.35244
14,,0.28593,0.7,0.13158,0.00554,0.01433,0.11155,0.7,0.30244
15,,0.23593,0.65,0.08158,-0.04446,-0.03567,0.06155,0.65,0.25244
16,4,0.31493,0.8,0.30258,0.95554,0.18533,0.21155,0.729,0.30244
17,4,0.39393,0.95,0.52358,1.0,0.40633,0.36155,0.808,0.35244
18,,0.34393,0.9,0.47358,0.95,0.35633,0.31155,0.758,0.30244
19,,0.29393,0.85,0.42358,0.9,0.30633,0.26155,0.708,0.25244
20,,0.24393,0.8,0.37358,0.85,0.25633,0.21155,0.658,0.20244
21,,0.19393,0.75,0.32358,0.8,0.20633,0.16155,0.608,0.15244
22,,0.14393,0.7,0.27358,0.75,0.15633,0.11155,0.558,0.10244
23,,0.09393,0.65,0.22358,0.7,0.10633,0.06155,0.508,0.05244
24,,0.04393,0.6,0.17358,0.65,0.05633,0.01155,0.458,0.00244
25,,-0.00607,0.55,0.12358,0.6,0.00633,-0.03845,0.408,-0.04756
26,8,0.21493,0.7,0.20258,0.65,0.08533,0.11155,0.629,0.95244
27,8,0.43593,0.85,0.28158,0.7,0.16433,0.26155,0.85,1.0
28,,0.38593,0.8,0.23158,0.65,0.11433,0.21155,0.8,0.95
29,,0.33593,0.75,0.18158,0.6,0.06433,0.16155,0.75,0.9
30,,0.28593,0.7,0.13158,0.55,0.01433,0.11155,0.7,0.85
31,,0.23593,0.65,0.08158,0.5,-0.03567,0.06155,0.65,0.8
32,5,0.28593,0.729,0.23158,0.721,0.96433,0.28255,0.8,0.879
33,5,0.33593,0.808,0.38158,0.942,1.0,0.50355,0.95,0.958
34,,0.28593,0.758,0.33158,0.892,0.95,0.45355,0.9,0.908
35,,0.23593,0.708,0.28158,0.842,0.9,0.40355,0.85,0.858
36,,0.18593,0.658,0.23158,0.792,0.85,0.35355,0.8,0.808
37,,0.13593,0.608,0.18158,0.742,0.8,0.30355,0.75,0.758
38,,0.08593,0.558,0.13158,0.692,0.75,0.25355,0.7,0.708
39,,0.03593,0.508,0.08158,0.642,0.7,0.20355,0.65,0.658
40,,-0.01407,0.458,0.03158,0.592,0.65,0.15355,0.6,0.608
41,1,0.98593,0.679,0.18158,0.671,0.7,0.23255,0.75,0.829
42,1,1.0,0.9,0.33158,0.75,0.75,0.31155,0.9,1.0
43,,0.95,0.85,0.28158,0.7,0.7,0.26155,0.85,0.95
44,,0.9,0.8,0.23158,0.65,0.65,0.21155,0.8,0.9
45,,0.85,0.75,0.18158,0.6,0.6,0.16155,0.75,0.85
46,,0.8,0.7,0.13158,0.55,0.55,0.11155,0.7,0.8
47,,0.75,0.65,0.08158,0.5,0.5,0.06155,0.65,0.75
48,,0.7,0.6,0.03158,0.45,0.45,0.01155,0.6,0.7
49,,0.65,0.55,-0.01842,0.4,0.4,-0.03845,0.55,0.65
50,6,0.729,0.6,0.06058,0.55,0.621,0.96155,0.771,0.8
51,6,0.808,0.65,0.13958,0.7,0.842,1.0,0.992,0.95
52,,0.758,0.6,0.08958,0.65,0.792,0.95,0.942,0.9
53,,0.708,0.55,0.03958,0.6,0.742,0.9,0.892,0.85
54,,0.658,0.5,-0.01042,0.55,0.692,0.85,0.842,0.8
55,3,0.808,0.721,0.98958,0.771,0.842,0.929,0.892,0.879
56,3,0.958,0.942,1.0,0.992,0.992,1.0,0.942,0.958
57,,0.908,0.892,0.95,0.942,0.942,0.95,0.892,0.908
58,,0.858,0.842,0.9,0.892,0.892,0.9,0.842,0.858
59,,0.808,0.792,0.85,0.842,0.842,0.85,0.792,0.808
60,,0.758,0.742,0.8,0.792,0.792,0.8,0.742,0.758
61,,0.708,0.692,0.75,0.742,0.742,0.75,0.692,0.708
62,,0.658,0.642,0.7,0.692,0.692,0.7,0.642,0.658
63,,0.608,0.592,0.65,0.642,0.642,0.65,0.592,0.608
64,,0.558,0.542,0.6,0.592,0.592,0.6,0.542,0.558
65,,0.508,0.492,0.55,0.542,0.542,0.55,0.492,0.508
66,,0.458,0.442,0.5,0.492,0.492,0.5,0.442,0.458
67,,0.408,0.392,0.45,0.442,0.442,0.45,0.392,0.408
68,,0.358,0.342,0.4,0.392,0.392,0.4,0.342,0.358
69,,0.308,0.292,0.35,0.342,0.342,0.35,0.292,0.308
70,,0.258,0.242,0.3,0.292,0.292,0.3,0.242,0.258
71,,0.208,0.192,0.25,0.242,0.242,0.25,0.192,0.208
72,,0.158,0.142,0.2,0.192,0.192,0.2,0.142,0.158
73,,0.108,0.092,0.15,0.142,0.142,0.15,0.092,0.108
74,,0.058,0.042,0.1,0.092,0.092,0.1,0.042,0.058
75,,0.008,-0.008,0.05,0.042,0.042,0.05,-0.008,0.008
76,2,0.229,0.992,0.271,0.192,0.121,0.1,0.071,0.158
77,2,0.45,1.0,0.492,0.342,0.2,0.15,0.15,0.308
78,,0.4,0.95,0.442,0.292,0.15,0.1,0.1,0.258
79,,0.35,0.9,0.392,0.242,0.1,0.05,0.05,0.208
80,,0.3,0.85,0.342,0.192,0.05,0.0,0.0,0.158
81,,0.25,0.8,0.292,0.142,0.0,-0.05,-0.05,0.108
82,6,0.329,0.85,0.371,0.292,0.221,0.95,0.171,0.258
83,6,0.408,0.9,0.45,0.442,0.442,1.0,0.392,0.408
84,,0.358,0.85,0.4,0.392,0.392,0.95,0.342,0.358
85,,0.308,0.8,0.35,0.342,0.342,0.9,0.292,0.308
86,,0.258,0.75,0.3,0.292,0.292,0.85,0.242,0.258
87,,0.208,0.7,0.25,0.242,0.242,0.8,0.192,0.208
88,,0.158,0.65,0.2,0.192,0.192,0.75,0.142,0.158
89,,0.108,0.6,0.15,0.142,0.142,0.7,0.092,0.108
90,,0.058,0.55,0.1,0.092,0.092,0.65,0.042,0.058
91,,0.008,0.5,0.05,0.042,0.042,0.6,-0.008,0.008
92,7,0.158,0.579,0.1,0.121,0.192,0.821,0.992,0.229
93,7,0.308,0.658,0.15,0.2,0.342,1.0,1.0,0.45
94,,0.258,0.608,0.1,0.15,0.292,0.95,0.95,0.4
95,,0.208,0.558,0.05,0.1,0.242,0.9,0.9,0.35
96,,0.158,0.508,0.0,0.05,0.192,0.85,0.85,0.3
97,,0.108,0.458,-0.05,0.0,0.142,0.8,0.8,0.25
98,3,0.258,0.679,0.95,0.221,0.292,0.879,0.85,0.329
99,3,0.408,0.9,1.0,0.442,0.442,0.958,0.9,0.408
100,,0.358,0.85,0.95,0.392,0.392,0.908,0.85,0.358
101,,0.308,0.8,0.9,0.342,0.342,0.858,0.8,0.308
102,,0.258,0.75,0.85,0.292,0.292,0.808,0.75,0.258
103,,0.208,0.7,0.8,0.242,0.242,0.758,0.7,0.208
104,,0.158,0.65,0.75,0.192,0.192,0.708,0.65,0.158
105,,0.108,0.6,0.7,0.142,0.142,0.658,0.6,0.108
106,,0.058,0.55,0.65,0.092,0.092,0.608,0.55,0.058
107,,0.008,0.5,0.6,0.042,0.042,0.558,0.5,0.008
108,,-0.042,0.45,0.55,-0.008,-0.008,0.508,0.45,-0.042
109,1,0.958,0.671,0.7,0.071,0.042,0.587,0.6,0.179
110,1,1.0,0.892,0.85,0.15,0.092,0.666,0.75,0.4
111,,0.95,0.842,0.8,0.1,0.042,0.616,0.7,0.35
112,,0.9,0.792,0.75,0.05,-0.008,0.566,0.65,0.3
113,5,0.95,0.871,0.9,0.271,0.992,0.787,0.8,0.379
114,5,1.0,0.95,1.0,0.492,1.0,1.0,0.95,0.458
115,,0.95,0.9,0.95,0.442,0.95,0.95,0.9,0.408
116,,0.9,0.85,0.9,0.392,0.9,0.9,0.85,0.358
117,,0.85,0.8,0.85,0.342,0.85,0.85,0.8,0.308
118,,0.8,0.75,0.8,0.292,0.8,0.8,0.75,0.258
119,,0.75,0.7,0.75,0.242,0.75,0.75,0.7,0.208
120,,0.7,0.65,0.7,0.192,0.7,0.7,0.65,0.158
121,,0.65,0.6,0.65,0.142,0.65,0.65,0.6,0.108
122,,0.6,0.55,0.6,0.092,0.6,0.6,0.55,0.058
123,,0.55,0.5,0.55,0.042,0.55,0.55,0.5,0.008
124,,0.5,0.45,0.5,-0.008,0.5,0.5,0.45,-0.042
125,8,0.721,0.6,0.579,0.042,0.579,0.65,0.671,0.958
126,8,0.942,0.75,0.658,0.092,0.658,0.8,0.892,1.0
127,,0.892,0.7,0.608,0.042,0.608,0.75,0.842,0.95
128,,0.842,0.65,0.558,-0.008,0.558,0.7,0.792,0.9
129,4,0.921,0.8,0.779,0.992,0.779,0.85,0.871,0.95
130,4,1.0,0.95,1.0,1.0,1.0,1.0,0.95,1.0
131,,0.95,0.9,0.95,0.95,0.95,0.95,0.9,0.95
132,,0.9,0.85,0.9,0.9,0.9,0.9,0.85,0.9
133,,0.85,0.8,0.85,0.85,0.85,0.85,0.8,0.85
134,,0.8,0.75,0.8,0.8,0.8,0.8,0.75,0.8
135,,0.75,0.7,0.75,0.75,0.75,0.75,0.7,0.75
136,,0.7,0.65,0.7,0.7,0.7,0.7,0.65,0.7
137,,0.65,0.6,0.65,0.65,0.65,0.65,0.6,0.65
138,,0.6,0.55,0.6,0.6,0.6,0.6,0.55,0.6
139,,0.55,0.5,0.55,0.55,0.55,0.55,0.5,0.55
140,,0.5,0.45,0.5,0.5,0.5,0.5,0.45,0.5
141,,0.45,0.4,0.45,0.45,0.45,0.45,0.4,0.45
142,,0.4,0.35,0.4,0.4,0.4,0.4,0.35,0.4
143,,0.35,0.3,0.35,0.35,0.35,0.35,0.3,0.35
144,,0.3,0.25,0.3,0.3,0.3,0.3,0.25,0.3
145,,0.25,0.2,0.25,0.25,0.25,0.25,0.2,0.25
146,,0.2,0.15,0.2,0.2,0.2,0.2,0.15,0.2
147,,0.15,0.1,0.15,0.15,0.15,0.15,0.1,0.15
148,,0.1,0.05,0.1,0.1,0.1,0.1,0.05,0.1
149,,0.05,0.0,0.05,0.05,0.05,0.05,0.0,0.05
150,,0.0,-0.05,0.0,0.0,0.0,0.0,-0.05,0.0
151,7,0.15,0.029,0.05,0.079,0.15,0.221,0.95,0.221
152,7,0.3,0.108,0.1,0.158,0.3,0.442,1.0,0.442
153,,0.25,0.058,0.05,0.108,0.25,0.392,0.95,0.392
154,,0.2,0.008,0.0,0.058,0.2,0.342,0.9,0.342
155,,0.15,-0.042,-0.05,0.008,0.15,0.292,0.85,0.292
156,3,0.3,0.179,0.95,0.229,0.3,0.371,0.9,0.371
157,3,0.45,0.4,1.0,0.45,0.45,0.45,0.95,0.45
158,,0.4,0.35,0.95,0.4,0.4,0.4,0.9,0.4
159,,0.35,0.3,0.9,0.35,0.35,0.35,0.85,0.35
160,,0.3,0.25,0.85,0.3,0.3,0.3,0.8,0.3
161,,0.25,0.2,0.8,0.25,0.25,0.25,0.75,0.25
162,,0.2,0.15,0.75,0.2,0.2,0.2,0.7,0.2
163,,0.15,0.1,0.7,0.15,0.15,0.15,0.65,0.15
164,,0.1,0.05,0.65,0.1,0.1,0.1,0.6,0.1
165,,0.05,0.0,0.6,0.05,0.05,0.05,0.55,0.05
166,,0.0,-0.05,0.55,0.0,0.0,0.0,0.5,0.0
167,2,0.221,0.95,0.771,0.15,0.079,0.05,0.579,0.15
168,2,0.442,1.0,0.992,0.3,0.158,0.1,0.658,0.3
169,,0.392,0.95,0.942,0.25,0.108,0.05,0.608,0.25
170,,0.342,0.9,0.892,0.2,0.058,0.0,0.558,0.2
171,,0.292,0.85,0.842,0.15,0.008,-0.05,0.508,0.15
172,6,0.371,0.9,0.921,0.3,0.229,0.95,0.729,0.3
173,6,0.45,0.95,1.0,0.45,0.45,1.0,0.95,0.45
174,,0.4,0.9,0.95,0.4,0.4,0.95,0.9,0.4
175,,0.35,0.85,0.9,0.35,0.35,0.9,0.85,0.35
176,,0.3,0.8,0.85,0.3,0.3,0.85,0.8,0.3
177,,0.25,0.75,0.8,0.25,0.25,0.8,0.75,0.25
178,,0.2,0.7,0.75,0.2,0.2,0.75,0.7,0.2
179,,0.15,0.65,0.7,0.15,0.15,0.7,0.65,0.15
180,,0.1,0.6,0.65,0.1,0.1,0.65,0.6,0.1
181,,0.05,0.55,0.6,0.05,0.05,0.6,0.55,0.05
182,,0.0,0.5,0.55,0.0,0.0,0.55,0.5,0.0
183,,-0.05,0.45,0.5,-0.05,-0.05,0.5,0.45,-0.05
184,1,0.95,0.671,0.65,0.029,0.0,0.579,0.6,0.171
185,1,1.0,0.892,0.8,0.108,0.05,0.658,0.75,0.392
186,,0.95,0.842,0.75,0.058,0.0,0.608,0.7,0.342
187,,0.9,0.792,0.7,0.008,-0.05,0.558,0.65,0.292
188,5,0.95,0.871,0.85,0.229,0.95,0.779,0.8,0.371
189,5,1.0,0.95,1.0,0.45,1.0,1.0,0.95,0.45
190,,0.95,0.9,0.95,0.4,0.95,0.95,0.9,0.4
191,,0.9,0.85,0.9,0.35,0.9,0.9,0.85,0.35
192,,0.85,0.8,0.85,0.3,0.85,0.85,0.8,0.3
193,,0.8,0.75,0.8,0.25,0.8,0.8,0.75,0.25
194,,0.75,0.7,0.75,0.2,0.75,0.75,0.7,0.2
195,,0.7,0.65,0.7,0.15,0.7,0.7,0.65,0.15
196,,0.65,0.6,0.65,0.1,0.65,0.65,0.6,0.1
197,,0.6,0.55,0.6,0.05,0.6,0.6,0.55,0.05
198,,0.55,0.5,0.55,0.0,0.55,0.55,0.5,0.0
199,,0.5,0.45,0.5,-0.05,0.5,0.5,0.45,-0.05
200,8,0.721,0.6,0.579,0.0,0.579,0.65,0.671,0.95
201,8,0.942,0.75,0.658,0.05,0.658,0.8,0.892,1.0
202,,0.892,0.7,0.608,0.0,0.608,0.75,0.842,0.95
203,,0.842,0.65,0.558,-0.05,0.558,0.7,0.792,0.9
204,4,0.921,0.8,0.779,0.95,0.779,0.85,0.871,0.95
205,4,1.0,0.95,1.0,1.0,1.0,1.0,0.95,1.0
206,,0.95,0.9,0.95,0.95,0.95,0.95,0.9,0.95
207,,0.9,0.85,0.9,0.9,0.9,0.9,0.85,0.9
208,,0.85,0.8,0.85,0.85,0.85,0.85,0.8,0.85
209,,0.8,0.75,0.8,0.8,0.8,0.8,0.75,0.8
210,,0.75,0.7,0.75,0.75,0.75,0.75,0.7,0.75
211,,0.7,0.65,0.7,0.7,0.7,0.7,0.65,0.7
212,,0.65,0.6,0.65,0.65,0.65,0.65,0.6,0.65
213,,0.6,0.55,0.6,0.6,0.6,0.6,0.55,0.6
214,,0.55,0.5,0.55,0.55,0.55,0.55,0.5,0.55
215,,0.5,0.45,0.5,0.5,0.5,0.5,0.45,0.5
216,,0.45,0.4,0.45,0.45,0.45,0.45,0.4,0.45
217,,0.4,0.35,0.4,0.4,0.4,0.4,0.35,0.4
218,,0.35,0.3,0.35,0.35,0.35,0.35,0.3,0.35
219,,0.3,0.25,0.3,0.3,0.3,0.3,0.25,0.3
220,,0.25,0.2,0.25,0.25,0.25,0.25,0.2,0.25
221,,0.2,0.15,0.2,0.2,0.2,0.2,0.15,0.2
222,,0.15,0.1,0.15,0.15,0.15,0.15,0.1,0.15
223,,0.1,0.05,0.1,0.1,0.1,0.1,0.05,0.1
224,,0.05,0.0,0.05,0.05,0.05,0.05,0.0,0.05
225,,0.0,-0.05,0.0,0.0,0.0,0.0,-0.05,0.0
226,2,0.221,0.95,0.221,0.15,0.079,0.05,0.029,0.15
227,2,0.442,1.0,0.442,0.3,0.158,0.1,0.108,0.3
228,,0.392,0.95,0.392,0.25,0.108,0.05,0.058,0.25
229,,0.342,0.9,0.342,0.2,0.058,0.0,0.008,0.2
230,,0.292,0.85,0.292,0.15,0.008,-0.05,-0.042,0.15
231,6,0.371,0.9,0.371,0.3,0.229,0.95,0.179,0.3
232,6,0.45,0.95,0.45,0.45,0.45,1.0,0.4,0.45
233,,0.4,0.9,0.4,0.4,0.4,0.95,0.35,0.4
234,,0.35,0.85,0.35,0.35,0.35,0.9,0.3,0.35
235,,0.3,0.8,0.3,0.3,0.3,0.85,0.25,0.3
236,,0.25,0.75,0.25,0.25,0.25,0.8,0.2,0.25
237,,0.2,0.7,0.2,0.2,0.2,0.75,0.15,0.2
238,,0.15,0.65,0.15,0.15,0.15,0.7,0.1,0.15
239,,0.1,0.6,0.1,0.1,0.1,0.65,0.05,0.1
240,,0.05,0.55,0.05,0.05,0.05,0.6,0.0,0.05
241,,0.0,0.5,0.0,0.0,0.0,0.55,-0.05,0.0
242,7,0.15,0.579,0.05,0.079,0.15,0.771,0.95,0.221
243,7,0.3,0.658,0.1,0.158,0.3,0.992,1.0,0.442
244,,0.25,0.608,0.05,0.108,0.25,0.942,0.95,0.392
245,,0.2,0.558,0.0,0.058,0.2,0.892,0.9,0.342
246,,0.15,0.508,-0.05,0.008,0.15,0.842,0.85,0.292
247,3,0.3,0.729,0.95,0.229,0.3,0.921,0.9,0.371
248,3,0.45,0.95,1.0,0.45,0.45,1.0,0.95,0.45
249,,0.4,0.9,0.95,0.4,0.4,0.95,0.9,0.4
250,,0.35,0.85,0.9,0.35,0.35,0.9,0.85,0.35
251,,0.3,0.8,0.85,0.3,0.3,0.85,0.8,0.3
252,,0.25,0.75,0.8,0.25,0.25,0.8,0.75,0.25
253,,0.2,0.7,0.75,0.2,0.2,0.75,0.7,0.2
254,,0.15,0.65,0.7,0.15,0.15,0.7,0.65,0.15
255,,0.1,0.6,0.65,0.1,0.1,0.65,0.6,0.1
256,,0.05,0.55,0.6,0.05,0.05,0.6,0.55,0.05
257,,0.0,0.5,0.55,0.0,0.0,0.55,0.5,0.0
258,,-0.05,0.45,0.5,-0.05,-0.05,0.5,0.45,-0.05
259,5,0.0,0.529,0.65,0.171,0.95,0.721,0.6,0.029
260,5,0.05,0.608,0.8,0.392,1.0,0.942,0.75,0.108
261,,0.0,0.558,0.75,0.342,0.95,0.892,0.7,0.058
262,,-0.05,0.508,0.7,0.292,0.9,0.842,0.65,0.008
263,1,0.95,0.729,0.85,0.371,0.95,0.921,0.8,0.229
264,1,1.0,0.95,1.0,0.45,1.0,1.0,0.95,0.45
265,,0.95,0.9,0.95,0.4,0.95,0.95,0.9,0.4
266,,0.9,0.85,0.9,0.35,0.9,0.9,0.85,0.35
267,,0.85,0.8,0.85,0.3,0.85,0.85,0.8,0.3
268,,0.8,0.75,0.8,0.25,0.8,0.8,0.75,0.25
269,,0.75,0.7,0.75,0.2,0.75,0.75,0.7,0.2
270,,0.7,0.65,0.7,0.15,0.7,0.7,0.65,0.15
271,,0.65,0.6,0.65,0.1,0.65,0.65,0.6,0.1
272,,0.6,0.55,0.6,0.05,0.6,0.6,0.55,0.05
273,,0.55,0.5,0.55,0.0,0.55,0.55,0.5,0.0
274,,0.5,0.45,0.5,-0.05,0.5,0.5,0.45,-0.05
275,4,0.579,0.6,0.721,0.95,0.721,0.65,0.529,0.0
276,4,0.658,0.75,0.942,1.0,0.942,0.8,0.608,0.05
277,,0.608,0.7,0.892,0.95,0.892,0.75,0.558,0.0
278,,0.558,0.65,0.842,0.9,0.842,0.7,0.508,-0.05
279,8,0.779,0.8,0.921,0.95,0.921,0.85,0.729,0.95
280,8,1.0,0.95,1.0,1.0,1.0,1.0,0.95,1.0
281,,0.95,0.9,0.95,0.95,0.95,0.95,0.9,0.95
282,,0.9,0.85,0.9,0.9,0.9,0.9,0.85,0.9
283,,0.85,0.8,0.85,0.85,0.85,0.85,0.8,0.85
284,,0.8,0.75,0.8,0.8,0.8,0.8,0.75,0.8
285,,0.75,0.7,0.75,0.75,0.75,0.75,0.7,0.75
286,,0.7,0.65,0.7,0.7,0.7,0.7,0.65,0.7
287,,0.65,0.6,0.65,0.65,0.65,0.65,0.6,0.65
288,,0.6,0.55,0.6,0.6,0.6,0.6,0.55,0.6
289,,0.55,0.5,0.55,0.55,0.55,0.55,0.5,0.55
290,,0.5,0.45,0.5,0.5,0.5,0.5,0.45,0.5
291,,0.45,0.4,0.45,0.45,0.45,0.45,0.4,0.45
292,,0.4,0.35,0.4,0.4,0.4,0.4,0.35,0.4
293,,0.35,0.3,0.35,0.35,0.35,0.35,0.3,0.35
294,,0.3,0.25,0.3,0.3,0.3,0.3,0.25,0.3
295,,0.25,0.2,0.25,0.25,0.25,0.25,0.2,0.25
296,,0.2,0.15,0.2,0.2,0.2,0.2,0.15,0.2
297,,0.15,0.1,0.15,0.15,0.15,0.15,0.1,0.15
298,,0.1,0.05,0.1,0.1,0.1,0.1,0.05,0.1
299,,0.05,0.0,0.05,0.05,0.05,0.05,0.0,0.05
300,,0.0,-0.05,0.0,0.0,0.0,0.0,-0.05,0.0
301,7,0.15,0.029,0.05,0.079,0.15,0.221,0.95,0.221
302,7,0.3,0.108,0.1,0.158,0.3,0.442,1.0,0.442
303,,0.25,0.058,0.05,0.108,0.25,0.392,0.95,0.392
304,,0.2,0.008,0.0,0.058,0.2,0.342,0.9,0.342
305,,0.15,-0.042,-0.05,0.008,0.15,0.292,0.85,0.292
306,3,0.3,0.179,0.95,0.229,0.3,0.371,0.9,0.371
307,3,0.45,0.4,1.0,0.45,0.45,0.45,0.95,0.45
308,,0.4,0.35,0.95,0.4,0.4,0.4,0.9,0.4
309,,0.35,0.3,0.9,0.35,0.35,0.35,0.85,0.35
310,,0.3,0.25,0.85,0.3,0.3,0.3,0.8,0.3
311,,0.25,0.2,0.8,0.25,0.25,0.25,0.75,0.25
312,,0.2,0.15,0.75,0.2,0.2,0.2,0.7,0.2
313,,0.15,0.1,0.7,0.15,0.15,0.15,0.65,0.15
314,,0.1,0.05,0.65,0.1,0.1,0.1,0.6,0.1
315,,0.05,0.0,0.6,0.05,0.05,0.05,0.55,0.05
316,,0.0,-0.05,0.55,0.0,0.0,0.0,0.5,0.0
317,2,0.221,0.95,0.771,0.15,0.079,0.05,0.579,0.15
318,2,0.442,1.0,0.992,0.3,0.158,0.1,0.658,0.3
319,,0.392,0.95,0.942,0.25,0.108,0.05,0.608,0.25
320,,0.342,0.9,0.892,0.2,0.058,0.0,0.558,0.2
321,,0.292,0.85,0.842,0.15,0.008,-0.05,0.508,0.15
322,6,0.371,0.9,0.921,0.3,0.229,0.95,0.729,0.3
323,6,0.45,0.95,1.0,0.45,0.45,1.0,0.95,0.45
324,,0.4,0.9,0.95,0.4,0.4,0.95,0.9,0.4
325,,0.35,0.85,0.9,0.35,0.35,0.9,0.85,0.35
326,,0.3,0.8,0.85,0.3,0.3,0.85,0.8,0.3
327,,0.25,0.75,0.8,0.25,0.25,0.8,0.75,0.25
328,,0.2,0.7,0.75,0.2,0.2,0.75,0.7,0.2
329,,0.15,0.65,0.7,0.15,0.15,0.7,0.65,0.15
330,,0.1,0.6,0.65,0.1,0.1,0.65,0.6,0.1
331,,0.05,0.55,0.6,0.05,0.05,0.6,0.55,0.05
332,,0.0,0.5,0.55,0.0,0.0,0.55,0.5,0.0
333,,-0.05,0.45,0.5,-0.05,-0.05,0.5,0.45,-0.05
334,8,0.171,0.6,0.579,0.0,0.029,0.65,0.671,0.95
335,8,0.392,0.75,0.658,0.05,0.108,0.8,0.892,1.0
336,,0.342,0.7,0.608,0.0,0.058,0.75,0.842,0.95
337,,0.292,0.65,0.558,-0.05,0.008,0.7,0.792,0.9
338,4,0.371,0.8,0.779,0.95,0.229,0.85,0.871,0.95
339,4,0.45,0.95,1.0,1.0,0.45,1.0,0.95,1.0
340,,0.4,0.9,0.95,0.95,0.4,0.95,0.9,0.95
341,,0.35,0.85,0.9,0.9,0.35,0.9,0.85,0.9
342,,0.3,0.8,0.85,0.85,0.3,0.85,0.8,0.85
343,,0.25,0.75,0.8,0.8,0.25,0.8,0.75,0.8
344,,0.2,0.7,0.75,0.75,0.2,0.75,0.7,0.75
345,,0.15,0.65,0.7,0.7,0.15,0.7,0.65,0.7
346,,0.1,0.6,0.65,0.65,0.1,0.65,0.6,0.65
347,,0.05,0.55,0.6,0.6,0.05,0.6,0.55,0.6
348,,0.0,0.5,0.55,0.55,0.0,0.55,0.5,0.55
349,,-0.05,0.45,0.5,0.5,-0.05,0.5,0.45,0.5
350,5,0.0,0.529,0.65,0.721,0.95,0.721,0.6,0.579
351,5,0.05,0.608,0.8,0.942,1.0,0.942,0.75,0.658
352,,0.0,0.558,0.75,0.892,0.95,0.892,0.7,0.608
353,,-0.05,0.508,0.7,0.842,0.9,0.842,0.65,0.558
354,1,0.95,0.729,0.85,0.921,0.95,0.921,0.8,0.779
355,1,1.0,0.95,1.0,1.0,1.0,1.0,0.95,1.0
356,,0.95,0.9,0.95,0.95,0.95,0.95,0.9,0.95
357,,0.9,0.85,0.9,0.9,0.9,0.9,0.85,0.9
358,,0.85,0.8,0.85,0.85,0.85,0.85,0.8,0.85
359,,0.8,0.75,0.8,0.8,0.8,0.8,0.75,0.8
360,,0.75,0.7,0.75,0.75,0.75,0.75,0.7,0.75
361,,0.7,0.65,0.7,0.7,0.7,0.7,0.65,0.7
362,,0.65,0.6,0.65,0.65,0.65,0.65,0.6,0.65
363,,0.6,0.55,0.6,0.6,0.6,0.6,0.55,0.6
364,,0.55,0.5,0.55,0.55,0.55,0.55,0.5,0.55
365,,0.5,0.45,0.5,0.5,0.5,0.5,0.45,0.5
366,,0.45,0.4,0.45,0.45,0.45,0.45,0.4,0.45
367,,0.4,0.35,0.4,0.4,0.4,0.4,0.35,0.4
368,,0.35,0.3,0.35,0.35,0.35,0.35,0.3,0.35
369,,0.3,0.25,0.3,0.3,0.3,0.3,0.25,0.3
370,,0.25,0.2,0.25,0.25,0.25,0.25,0.2,0.25
371,,0.2,0.15,0.2,0.2,0.2,0.2,0.15,0.2
372,,0.15,0.1,0.15,0.15,0.15,0.15,0.1,0.15
373,,0.1,0.05,0.1,0.1,0.1,0.1,0.05,0.1
374,,0.05,0.0,0.05,0.05,0.05,0.05,0.0,0.05
375,,0.0,-0.05,0.0,0.0,0.0,0.0,-0.05,0.0
376,7,0.15,0.029,0.05,0.079,0.15,0.221,0.95,0.221
377,7,0.3,0.108,0.1,0.158,0.3,0.442,1.0,0.442
378,,0.25,0.058,0.05,0.108,0.25,0.392,0.95,0.392
379,,0.2,0.008,0.0,0.058,0.2,0.342,0.9,0.342
380,,0.15,-0.042,-0.05,0.008,0.15,0.292,0.85,0.292
381,3,0.3,0.179,0.95,0.229,0.3,0.371,0.9,0.371
382,3,0.45,0.4,1.0,0.45,0.45,0.45,0.95,0.45
383,,0.4,0.35,0.95,0.4,0.4,0.4,0.9,0.4
384,,0.35,0.3,0.9,0.35,0.35,0.35,0.85,0.35
385,,0.3,0.25,0.85,0.3,0.3,0.3,0.8,0.3
386,,0.25,0.2,0.8,0.25,0.25,0.25,0.75,0.25
387,,0.2,0.15,0.75,0.2,0.2,0.2,0.7,0.2
388,,0.15,0.1,0.7,0.15,0.15,0.15,0.65,0.15
389,,0.1,0.05,0.65,0.1,0.1,0.1,0.6,0.1
390,,0.05,0.0,0.6,0.05,0.05,0.05,0.55,0.05
391,,0.0,-0.05,0.55,0.0,0.0,0.0,0.5,0.0
392,2,0.221,0.95,0.771,0.15,0.079,0.05,0.579,0.15
393,2,0.442,1.0,0.992,0.3,0.158,0.1,0.658,0.3
394,,0.392,0.95,0.942,0.25,0.108,0.05,0.608,0.25
395,,0.342,0.9,0.892,0.2,0.058,0.0,0.558,0.2
396,,0.292,0.85,0.842,0.15,0.008,-0.05,0.508,0.15
397,6,0.371,0.9,0.921,0.3,0.229,0.95,0.729,0.3
398,6,0.45,0.95,1.0,0.45,0.45,1.0,0.95,0.45
399,,0.4,0.9,0.95,0.4,0.4,0.95,0.9,0.4
400,,0.35,0.85,0.9,0.35,0.35,0.9,0.85,0.35
401,,0.3,0.8,0.85,0.3,0.3,0.85,0.8,0.3
402,,0.25,0.75,0.8,0.25,0.25,0.8,0.75,0.25
403,,0.2,0.7,0.75,0.2,0.2,0.75,0.7,0.2
404,,0.15,0.65,0.7,0.15,0.15,0.7,0.65,0.15
405,,0.1,0.6,0.65,0.1,0.1,0.65,0.6,0.1
406,,0.05,0.55,0.6,0.05,0.05,0.6,0.55,0.05
407,,0.0,0.5,0.55,0.0,0.0,0.55,0.5,0.0
408,,-0.05,0.45,0.5,-0.05,-0.05,0.5,0.45,-0.05
409,1,0.95,0.671,0.65,0.029,0.0,0.579,0.6,0.171
410,1,1.0,0.892,0.8,0.108,0.05,0.658,0.75,0.392
411,,0.95,0.842,0.75,0.058,0.0,0.608,0.7,0.342
412,,0.9,0.792,0.7,0.008,-0.05,0.558,0.65,0.292
413,5,0.95,0.871,0.85,0.229,0.95,0.779,0.8,0.371
414,5,1.0,0.95,1.0,0.45,1.0,1.0,0.95,0.45
415,,0.95,0.9,0.95,0.4,0.95,0.95,0.9,0.4
416,,0.9,0.85,0.9,0.35,0.9,0.9,0.85,0.35
417,,0.85,0.8,0.85,0.3,0.85,0.85,0.8,0.3
418,,0.8,0.75,0.8,0.25,0.8,0.8,0.75,0.25
419,,0.75,0.7,0.75,0.2,0.75,0.75,0.7,0.2
420,,0.7,0.65,0.7,0.15,0.7,0.7,0.65,0.15
421,,0.65,0.6,0.65,0.1,0.65,0.65,0.6,0.1
422,,0.6,0.55,0.6,0.05,0.6,0.6,0.55,0.05
423,,0.55,0.5,0.55,0.0,0.55,0.55,0.5,0.0
424,,0.5,0.45,0.5,-0.05,0.5,0.5,0.45,-0.05
425,8,0.721,0.6,0.579,0.0,0.579,0.65,0.671,0.95
426,8,0.942,0.75,0.658,0.05,0.658,0.8,0.892,1.0
427,,0.892,0.7,0.608,0.0,0.608,0.75,0.842,0.95
428,,0.842,0.65,0.558,-0.05,0.558,0.7,0.792,0.9
429,4,0.921,0.8,0.779,0.95,0.779,0.85,0.871,0.95
430,4,1.0,0.95,1.0,1.0,1.0,1.0,0.95,1.0
431,,0.95,0.9,0.95,0.95,0.95,0.95,0.9,0.95
432,,0.9,0.85,0.9,0.9,0.9,0.9,0.85,0.9
433,,0.85,0.8,0.85,0.85,0.85,0.85,0.8,0.85
434,,0.8,0.75,0.8,0.8,0.8,0.8,0.75,0.8
435,,0.75,0.7,0.75,0.75,0.75,0.75,0.7,0.75
436,,0.7,0.65,0.7,0.7,0.7,0.7,0.65,0.7
437,,0.65,0.6,0.65,0.65,0.65,0.65,0.6,0.65
438,,0.6,0.55,0.6,0.6,0.6,0.6,0.55,0.6
439,,0.55,0.5,0.55,0.55,0.55,0.55,0.5,0.55
440,,0.5,0.45,0.5,0.5,0.5,0.5,0.45,0.5
441,,0.45,0.4,0.45,0.45,0.45,0.45,0.4,0.45
442,,0.4,0.35,0.4,0.4,0.4,0.4,0.35,0.4
443,,0.35,0.3,0.35,0.35,0.35,0.35,0.3,0.35
444,,0.3,0.25,0.3,0.3,0.3,0.3,0.25,0.3
445,,0.25,0.2,0.25,0.25,0.25,0.25,0.2,0.25
446,,0.2,0.15,0.2,0.2,0.2,0.2,0.15,0.2
447,,0.15,0.1,0.15,0.15,0.15,0.15,0.1,0.15
448,,0.1,0.05,0.1,0.1,0.1,0.1,0.05,0.1
449,,0.05,0.0,0.05,0.05,0.05,0.05,0.0,0.05
450,,0.0,-0.05,0.0,0.0,0.0,0.0,-0.05,0.0
451,2,0.221,0.95,0.221,0.15,0.079,0.05,0.029,0.15
452,2,0.442,1.0,0.442,0.3,0.158,0.1,0.108,0.3
453,,0.392,0.95,0.392,0.25,0.108,0.05,0.058,0.25
454,,0.342,0.9,0.342,0.2,0.058,0.0,0.008,0.2
455,,0.292,0.85,0.292,0.15,0.008,-0.05,-0.042,0.15
456,6,0.371,0.9,0.371,0.3,0.229,0.95,0.179,0.3
457,6,0.45,0.95,0.45,0.45,0.45,1.0,0.4,0.45
458,,0.4,0.9,0.4,0.4,0.4,0.95,0.35,0.4
459,,0.35,0.85,0.35,0.35,0.35,0.9,0.3,0.35
460,,0.3,0.8,0.3,0.3,0.3,0.85,0.25,0.3
461,,0.25,0.75,0.25,0.25,0.25,0.8,0.2,0.25
462,,0.2,0.7,0.2,0.2,0.2,0.75,0.15,0.2
463,,0.15,0.65,0.15,0.15,0.15,0.7,0.1,0.15
464,,0.1,0.6,0.1,0.1,0.1,0.65,0.05,0.1
465,,0.05,0.55,0.05,0.05,0.05,0.6,0.0,0.05
466,,0.0,0.5,0.0,0.0,0.0,0.55,-0.05,0.0
467,7,0.15,0.579,0.05,0.079,0.15,0.771,0.95,0.221
468,7,0.3,0.658,0.1,0.158,0.3,0.992,1.0,0.442
469,,0.25,0.608,0.05,0.108,0.25,0.942,0.95,0.392
470,,0.2,0.558,0.0,0.058,0.2,0.892,0.9,0.342
471,,0.15,0.508,-0.05,0.008,0.15,0.842,0.85,0.292
472,3,0.3,0.729,0.95,0.229,0.3,0.921,0.9,0.371
473,3,0.45,0.95,1.0,0.45,0.45,1.0,0.95,0.45
474,,0.4,0.9,0.95,0.4,0.4,0.95,0.9,0.4
475,,0.35,0.85,0.9,0.35,0.35,0.9,0.85,0.35
476,,0.3,0.8,0.85,0.3,0.3,0.85,0.8,0.3
477,,0.25,0.75,0.8,0.25,0.25,0.8,0.75,0.25
478,,0.2,0.7,0.75,0.2,0.2,0.75,0.7,0.2
479,,0.15,0.65,0.7,0.15,0.15,0.7,0.65,0.15
480,,0.1,0.6,0.65,0.1,0.1,0.65,0.6,0.1
481,,0.05,0.55,0.6,0.05,0.05,0.6,0.55,0.05
482,,0.0,0.5,0.55,0.0,0.0,0.55,0.5,0.0
483,,-0.05,0.45,0.5,-0.05,-0.05,0.5,0.45,-0.05
484,1,0.95,0.671,0.65,0.029,0.0,0.579,0.6,0.171
485,1,1.0,0.892,0.8,0.108,0.05,0.658,0.75,0.392
486,,0.95,0.842,0.75,0.058,0.0,0.608,0.7,0.342
487,,0.9,0.792,0.7,0.008,-0.05,0.558,0.65,0.292
488,5,0.95,0.871,0.85,0.229,0.95,0.779,0.8,0.371
489,5,1.0,0.95,1.0,0.45,1.0,1.0,0.95,0.45
490,,0.95,0.9,0.95,0.4,0.95,0.95,0.9,0.4
491,,0.9,0.85,0.9,0.35,0.9,0.9,0.85,0.35
492,,0.85,0.8,0.85,0.3,0.85,0.85,0.8,0.3
493,,0.8,0.75,0.8,0.25,0.8,0.8,0.75,0.25
494,,0.75,0.7,0.75,0.2,0.75,0.75,0.7,0.2
495,,0.7,0.65,0.7,0.15,0.7,0.7,0.65,0.15
496,,0.65,0.6,0.65,0.1,0.65,0.65,0.6,0.1
497,,0.6,0.55,0.6,0.05,0.6,0.6,0.55,0.05
498,,0.55,0.5,0.55,0.0,0.55,0.55,0.5,0.0
499,,0.5,0.45,0.5,-0.05,0.5,0.5,0.45,-0.05
