step,active_motive,motive_1,motive_2,motive_3,motive_4,motive_5,motive_6,motive_7,motive_8
0,,0.05467,0.01849,0.09696,0.07751,0.09395,0.08948,0.05979,0.09219
1,,-0.04533,-0.08151,-0.00304,-0.02249,-0.00605,-0.01052,-0.04021,-0.00781
2,2,0.53767,0.91849,0.57996,0.27751,0.01095,-0.11052,-0.02321,0.29219
3,2,1.0,1.0,1.0,0.57751,0.02795,-0.21052,-0.00621,0.59219
4,6,1.0,0.9,1.0,0.87751,0.61095,0.78948,0.57679,0.89219
5,6,1.0,0.8,1.0,1.0,1.0,1.0,1.0,1.0
6,,0.9,0.7,0.9,0.9,0.9,0.9,0.9,0.9
7,,0.8,0.6,0.8,0.8,0.8,0.8,0.8,0.8
8,,0.7,0.5,0.7,0.7,0.7,0.7,0.7,0.7
9,,0.6,0.4,0.6,0.6,0.6,0.6,0.6,0.6
10,,0.5,0.3,0.5,0.5,0.5,0.5,0.5,0.5
11,,0.4,0.2,0.4,0.4,0.4,0.4,0.4,0.4
12,,0.3,0.1,0.3,0.3,0.3,0.3,0.3,0.3
13,,0.2,0.0,0.2,0.2,0.2,0.2,0.2,0.2
14,,0.1,-0.1,0.1,0.1,0.1,0.1,0.1,0.1
15,2,0.683,0.9,0.683,0.4,0.117,0.0,0.117,0.4
16,2,1.0,1.0,1.0,0.7,0.134,-0.1,0.134,0.7
17,6,1.0,0.9,1.0,1.0,0.717,0.9,0.717,1.0
18,6,1.0,0.8,1.0,1.0,1.0,1.0,1.0,1.0
19,,0.9,0.7,0.9,0.9,0.9,0.9,0.9,0.9
20,,0.8,0.6,0.8,0.8,0.8,0.8,0.8,0.8
21,,0.7,0.5,0.7,0.7,0.7,0.7,0.7,0.7
22,,0.6,0.4,0.6,0.6,0.6,0.6,0.6,0.6
23,,0.5,0.3,0.5,0.5,0.5,0.5,0.5,0.5
24,,0.4,0.2,0.4,0.4,0.4,0.4,0.4,0.4
25,,0.3,0.1,0.3,0.3,0.3,0.3,0.3,0.3
26,,0.2,0.0,0.2,0.2,0.2,0.2,0.2,0.2
27,,0.1,-0.1,0.1,0.1,0.1,0.1,0.1,0.1
28,2,0.683,0.9,0.683,0.4,0.117,0.0,0.117,0.4
29,2,1.0,1.0,1.0,0.7,0.134,-0.1,0.134,0.7
30,6,1.0,0.9,1.0,1.0,0.717,0.9,0.717,1.0
31,6,1.0,0.8,1.0,1.0,1.0,1.0,1.0,1.0
32,,0.9,0.7,0.9,0.9,0.9,0.9,0.9,0.9
33,,0.8,0.6,0.8,0.8,0.8,0.8,0.8,0.8
34,,0.7,0.5,0.7,0.7,0.7,0.7,0.7,0.7
35,,0.6,0.4,0.6,0.6,0.6,0.6,0.6,0.6
36,,0.5,0.3,0.5,0.5,0.5,0.5,0.5,0.5
37,,0.4,0.2,0.4,0.4,0.4,0.4,0.4,0.4
38,,0.3,0.1,0.3,0.3,0.3,0.3,0.3,0.3
39,,0.2,0.0,0.2,0.2,0.2,0.2,0.2,0.2
40,,0.1,-0.1,0.1,0.1,0.1,0.1,0.1,0.1
41,2,0.683,0.9,0.683,0.4,0.117,0.0,0.117,0.4
42,2,1.0,1.0,1.0,0.7,0.134,-0.1,0.134,0.7
43,6,1.0,0.9,1.0,1.0,0.717,0.9,0.717,1.0
44,6,1.0,0.8,1.0,1.0,1.0,1.0,1.0,1.0
45,,0.9,0.7,0.9,0.9,0.9,0.9,0.9,0.9
46,,0.8,0.6,0.8,0.8,0.8,0.8,0.8,0.8
47,,0.7,0.5,0.7,0.7,0.7,0.7,0.7,0.7
48,,0.6,0.4,0.6,0.6,0.6,0.6,0.6,0.6
49,,0.5,0.3,0.5,0.5,0.5,0.5,0.5,0.5
50,,0.4,0.2,0.4,0.4,0.4,0.4,0.4,0.4
51,,0.3,0.1,0.3,0.3,0.3,0.3,0.3,0.3
52,,0.2,0.0,0.2,0.2,0.2,0.2,0.2,0.2
53,,0.1,-0.1,0.1,0.1,0.1,0.1,0.1,0.1
54,2,0.683,0.9,0.683,0.4,0.117,0.0,0.117,0.4
55,2,1.0,1.0,1.0,0.7,0.134,-0.1,0.134,0.7
56,6,1.0,0.9,1.0,1.0,0.717,0.9,0.717,1.0
57,6,1.0,0.8,1.0,1.0,1.0,1.0,1.0,1.0
58,,0.9,0.7,0.9,0.9,0.9,0.9,0.9,0.9
59,,0.8,0.6,0.8,0.8,0.8,0.8,0.8,0.8
60,,0.7,0.5,0.7,0.7,0.7,0.7,0.7,0.7
61,,0.6,0.4,0.6,0.6,0.6,0.6,0.6,0.6
62,,0.5,0.3,0.5,0.5,0.5,0.5,0.5,0.5
63,,0.4,0.2,0.4,0.4,0.4,0.4,0.4,0.4
64,,0.3,0.1,0.3,0.3,0.3,0.3,0.3,0.3
65,,0.2,0.0,0.2,0.2,0.2,0.2,0.2,0.2
66,,0.1,-0.1,0.1,0.1,0.1,0.1,0.1,0.1
67,2,0.683,0.9,0.683,0.4,0.117,0.0,0.117,0.4
68,2,1.0,1.0,1.0,0.7,0.134,-0.1,0.134,0.7
69,6,1.0,0.9,1.0,1.0,0.717,0.9,0.717,1.0
70,6,1.0,0.8,1.0,1.0,1.0,1.0,1.0,1.0
71,,0.9,0.7,0.9,0.9,0.9,0.9,0.9,0.9
72,,0.8,0.6,0.8,0.8,0.8,0.8,0.8,0.8
73,,0.7,0.5,0.7,0.7,0.7,0.7,0.7,0.7
74,,0.6,0.4,0.6,0.6,0.6,0.6,0.6,0.6
75,,0.5,0.3,0.5,0.5,0.5,0.5,0.5,0.5
76,,0.4,0.2,0.4,0.4,0.4,0.4,0.4,0.4
77,,0.3,0.1,0.3,0.3,0.3,0.3,0.3,0.3
78,,0.2,0.0,0.2,0.2,0.2,0.2,0.2,0.2
79,,0.1,-0.1,0.1,0.1,0.1,0.1,0.1,0.1
80,2,0.683,0.9,0.683,0.4,0.117,0.0,0.117,0.4
81,2,1.0,1.0,1.0,0.7,0.134,-0.1,0.134,0.7
82,6,1.0,0.9,1.0,1.0,0.717,0.9,0.717,1.0
83,6,1.0,0.8,1.0,1.0,1.0,1.0,1.0,1.0
84,,0.9,0.7,0.9,0.9,0.9,0.9,0.9,0.9
85,,0.8,0.6,0.8,0.8,0.8,0.8,0.8,0.8
86,,0.7,0.5,0.7,0.7,0.7,0.7,0.7,0.7
87,,0.6,0.4,0.6,0.6,0.6,0.6,0.6,0.6
88,,0.5,0.3,0.5,0.5,0.5,0.5,0.5,0.5
89,,0.4,0.2,0.4,0.4,0.4,0.4,0.4,0.4
90,,0.3,0.1,0.3,0.3,0.3,0.3,0.3,0.3
91,,0.2,0.0,0.2,0.2,0.2,0.2,0.2,0.2
92,,0.1,-0.1,0.1,0.1,0.1,0.1,0.1,0.1
93,2,0.683,0.9,0.683,0.4,0.117,0.0,0.117,0.4
94,2,1.0,1.0,1.0,0.7,0.134,-0.1,0.134,0.7
95,6,1.0,0.9,1.0,1.0,0.717,0.9,0.717,1.0
96,6,1.0,0.8,1.0,1.0,1.0,1.0,1.0,1.0
97,,0.9,0.7,0.9,0.9,0.9,0.9,0.9,0.9
98,,0.8,0.6,0.8,0.8,0.8,0.8,0.8,0.8
99,,0.7,0.5,0.7,0.7,0.7,0.7,0.7,0.7
100,,0.6,0.4,0.6,0.6,0.6,0.6,0.6,0.6
101,,0.5,0.3,0.5,0.5,0.5,0.5,0.5,0.5
102,,0.4,0.2,0.4,0.4,0.4,0.4,0.4,0.4
103,,0.3,0.1,0.3,0.3,0.3,0.3,0.3,0.3
104,,0.2,0.0,0.2,0.2,0.2,0.2,0.2,0.2
105,,0.1,-0.1,0.1,0.1,0.1,0.1,0.1,0.1
106,2,0.683,0.9,0.683,0.4,0.117,0.0,0.117,0.4
107,2,1.0,1.0,1.0,0.7,0.134,-0.1,0.134,0.7
108,6,1.0,0.9,1.0,1.0,0.717,0.9,0.717,1.0
109,6,1.0,0.8,1.0,1.0,1.0,1.0,1.0,1.0
110,,0.9,0.7,0.9,0.9,0.9,0.9,0.9,0.9
111,,0.8,0.6,0.8,0.8,0.8,0.8,0.8,0.8
112,,0.7,0.5,0.7,0.7,0.7,0.7,0.7,0.7
113,,0.6,0.4,0.6,0.6,0.6,0.6,0.6,0.6
114,,0.5,0.3,0.5,0.5,0.5,0.5,0.5,0.5
115,,0.4,0.2,0.4,0.4,0.4,0.4,0.4,0.4
116,,0.3,0.1,0.3,0.3,0.3,0.3,0.3,0.3
117,,0.2,0.0,0.2,0.2,0.2,0.2,0.2,0.2
118,,0.1,-0.1,0.1,0.1,0.1,0.1,0.1,0.1
119,2,0.683,0.9,0.683,0.4,0.117,0.0,0.117,0.4
120,2,1.0,1.0,1.0,0.7,0.134,-0.1,0.134,0.7
121,6,1.0,0.9,1.0,1.0,0.717,0.9,0.717,1.0
122,6,1.0,0.8,1.0,1.0,1.0,1.0,1.0,1.0
123,,0.9,0.7,0.9,0.9,0.9,0.9,0.9,0.9
124,,0.8,0.6,0.8,0.8,0.8,0.8,0.8,0.8
125,,0.7,0.5,0.7,0.7,0.7,0.7,0.7,0.7
126,,0.6,0.4,0.6,0.6,0.6,0.6,0.6,0.6
127,,0.5,0.3,0.5,0.5,0.5,0.5,0.5,0.5
128,,0.4,0.2,0.4,0.4,0.4,0.4,0.4,0.4
129,,0.3,0.1,0.3,0.3,0.3,0.3,0.3,0.3
130,,0.2,0.0,0.2,0.2,0.2,0.2,0.2,0.2
131,,0.1,-0.1,0.1,0.1,0.1,0.1,0.1,0.1
132,2,0.683,0.9,0.683,0.4,0.117,0.0,0.117,0.4
133,2,1.0,1.0,1.0,0.7,0.134,-0.1,0.134,0.7
134,6,1.0,0.9,1.0,1.0,0.717,0.9,0.717,1.0
135,6,1.0,0.8,1.0,1.0,1.0,1.0,1.0,1.0
136,,0.9,0.7,0.9,0.9,0.9,0.9,0.9,0.9
137,,0.8,0.6,0.8,0.8,0.8,0.8,0.8,0.8
138,,0.7,0.5,0.7,0.7,0.7,0.7,0.7,0.7
139,,0.6,0.4,0.6,0.6,0.6,0.6,0.6,0.6
140,,0.5,0.3,0.5,0.5,0.5,0.5,0.5,0.5
141,,0.4,0.2,0.4,0.4,0.4,0.4,0.4,0.4
142,,0.3,0.1,0.3,0.3,0.3,0.3,0.3,0.3
143,,0.2,0.0,0.2,0.2,0.2,0.2,0.2,0.2
144,,0.1,-0.1,0.1,0.1,0.1,0.1,0.1,0.1
145,2,0.683,0.9,0.683,0.4,0.117,0.0,0.117,0.4
146,2,1.0,1.0,1.0,0.7,0.134,-0.1,0.134,0.7
147,6,1.0,0.9,1.0,1.0,0.717,0.9,0.717,1.0
148,6,1.0,0.8,1.0,1.0,1.0,1.0,1.0,1.0
149,,0.9,0.7,0.9,0.9,0.9,0.9,0.9,0.9
150,,0.8,0.6,0.8,0.8,0.8,0.8,0.8,0.8
151,,0.7,0.5,0.7,0.7,0.7,0.7,0.7,0.7
152,,0.6,0.4,0.6,0.6,0.6,0.6,0.6,0.6
153,,0.5,0.3,0.5,0.5,0.5,0.5,0.5,0.5
154,,0.4,0.2,0.4,0.4,0.4,0.4,0.4,0.4
155,,0.3,0.1,0.3,0.3,0.3,0.3,0.3,0.3
156,,0.2,0.0,0.2,0.2,0.2,0.2,0.2,0.2
157,,0.1,-0.1,0.1,0.1,0.1,0.1,0.1,0.1
158,2,0.683,0.9,0.683,0.4,0.117,0.0,0.117,0.4
159,2,1.0,1.0,1.0,0.7,0.134,-0.1,0.134,0.7
160,6,1.0,0.9,1.0,1.0,0.717,0.9,0.717,1.0
161,6,1.0,0.8,1.0,1.0,1.0,1.0,1.0,1.0
162,,0.9,0.7,0.9,0.9,0.9,0.9,0.9,0.9
163,,0.8,0.6,0.8,0.8,0.8,0.8,0.8,0.8
164,,0.7,0.5,0.7,0.7,0.7,0.7,0.7,0.7
165,,0.6,0.4,0.6,0.6,0.6,0.6,0.6,0.6
166,,0.5,0.3,0.5,0.5,0.5,0.5,0.5,0.5
167,,0.4,0.2,0.4,0.4,0.4,0.4,0.4,0.4
168,,0.3,0.1,0.3,0.3,0.3,0.3,0.3,0.3
169,,0.2,0.0,0.2,0.2,0.2,0.2,0.2,0.2
170,,0.1,-0.1,0.1,0.1,0.1,0.1,0.1,0.1
171,2,0.683,0.9,0.683,0.4,0.117,0.0,0.117,0.4
172,2,1.0,1.0,1.0,0.7,0.134,-0.1,0.134,0.7
173,6,1.0,0.9,1.0,1.0,0.717,0.9,0.717,1.0
174,6,1.0,0.8,1.0,1.0,1.0,1.0,1.0,1.0
175,,0.9,0.7,0.9,0.9,0.9,0.9,0.9,0.9
176,,0.8,0.6,0.8,0.8,0.8,0.8,0.8,0.8
177,,0.7,0.5,0.7,0.7,0.7,0.7,0.7,0.7
178,,0.6,0.4,0.6,0.6,0.6,0.6,0.6,0.6
179,,0.5,0.3,0.5,0.5,0.5,0.5,0.5,0.5
180,,0.4,0.2,0.4,0.4,0.4,0.4,0.4,0.4
181,,0.3,0.1,0.3,0.3,0.3,0.3,0.3,0.3
182,,0.2,0.0,0.2,0.2,0.2,0.2,0.2,0.2
183,,0.1,-0.1,0.1,0.1,0.1,0.1,0.1,0.1
184,2,0.683,0.9,0.683,0.4,0.117,0.0,0.117,0.4
185,2,1.0,1.0,1.0,0.7,0.134,-0.1,0.134,0.7
186,6,1.0,0.9,1.0,1.0,0.717,0.9,0.717,1.0
187,6,1.0,0.8,1.0,1.0,1.0,1.0,1.0,1.0
188,,0.9,0.7,0.9,0.9,0.9,0.9,0.9,0.9
189,,0.8,0.6,0.8,0.8,0.8,0.8,0.8,0.8
190,,0.7,0.5,0.7,0.7,0.7,0.7,0.7,0.7
191,,0.6,0.4,0.6,0.6,0.6,0.6,0.6,0.6
192,,0.5,0.3,0.5,0.5,0.5,0.5,0.5,0.5
193,,0.4,0.2,0.4,0.4,0.4,0.4,0.4,0.4
194,,0.3,0.1,0.3,0.3,0.3,0.3,0.3,0.3
195,,0.2,0.0,0.2,0.2,0.2,0.2,0.2,0.2
196,,0.1,-0.1,0.1,0.1,0.1,0.1,0.1,0.1
197,2,0.683,0.9,0.683,0.4,0.117,0.0,0.117,0.4
198,2,1.0,1.0,1.0,0.7,0.134,-0.1,0.134,0.7
199,6,1.0,0.9,1.0,1.0,0.717,0.9,0.717,1.0
200,6,1.0,0.8,1.0,1.0,1.0,1.0,1.0,1.0
201,,0.9,0.7,0.9,0.9,0.9,0.9,0.9,0.9
202,,0.8,0.6,0.8,0.8,0.8,0.8,0.8,0.8
203,,0.7,0.5,0.7,0.7,0.7,0.7,0.7,0.7
204,,0.6,0.4,0.6,0.6,0.6,0.6,0.6,0.6
205,,0.5,0.3,0.5,0.5,0.5,0.5,0.5,0.5
206,,0.4,0.2,0.4,0.4,0.4,0.4,0.4,0.4
207,,0.3,0.1,0.3,0.3,0.3,0.3,0.3,0.3
208,,0.2,0.0,0.2,0.2,0.2,0.2,0.2,0.2
209,,0.1,-0.1,0.1,0.1,0.1,0.1,0.1,0.1
210,2,0.683,0.9,0.683,0.4,0.117,0.0,0.117,0.4
211,2,1.0,1.0,1.0,0.7,0.134,-0.1,0.134,0.7
212,6,1.0,0.9,1.0,1.0,0.717,0.9,0.717,1.0
213,6,1.0,0.8,1.0,1.0,1.0,1.0,1.0,1.0
214,,0.9,0.7,0.9,0.9,0.9,0.9,0.9,0.9
215,,0.8,0.6,0.8,0.8,0.8,0.8,0.8,0.8
216,,0.7,0.5,0.7,0.7,0.7,0.7,0.7,0.7
217,,0.6,0.4,0.6,0.6,0.6,0.6,0.6,0.6
218,,0.5,0.3,0.5,0.5,0.5,0.5,0.5,0.5
219,,0.4,0.2,0.4,0.4,0.4,0.4,0.4,0.4
220,,0.3,0.1,0.3,0.3,0.3,0.3,0.3,0.3
221,,0.2,0.0,0.2,0.2,0.2,0.2,0.2,0.2
222,,0.1,-0.1,0.1,0.1,0.1,0.1,0.1,0.1
223,2,0.683,0.9,0.683,0.4,0.117,0.0,0.117,0.4
224,2,1.0,1.0,1.0,0.7,0.134,-0.1,0.134,0.7
225,6,1.0,0.9,1.0,1.0,0.717,0.9,0.717,1.0
226,6,1.0,0.8,1.0,1.0,1.0,1.0,1.0,1.0
227,,0.9,0.7,0.9,0.9,0.9,0.9,0.9,0.9
228,,0.8,0.6,0.8,0.8,0.8,0.8,0.8,0.8
229,,0.7,0.5,0.7,0.7,0.7,0.7,0.7,0.7
230,,0.6,0.4,0.6,0.6,0.6,0.6,0.6,0.6
231,,0.5,0.3,0.5,0.5,0.5,0.5,0.5,0.5
232,,0.4,0.2,0.4,0.4,0.4,0.4,0.4,0.4
233,,0.3,0.1,0.3,0.3,0.3,0.3,0.3,0.3
234,,0.2,0.0,0.2,0.2,0.2,0.2,0.2,0.2
235,,0.1,-0.1,0.1,0.1,0.1,0.1,0.1,0.1
236,2,0.683,0.9,0.683,0.4,0.117,0.0,0.117,0.4
237,2,1.0,1.0,1.0,0.7,0.134,-0.1,0.134,0.7
238,6,1.0,0.9,1.0,1.0,0.717,0.9,0.717,1.0
239,6,1.0,0.8,1.0,1.0,1.0,1.0,1.0,1.0
240,,0.9,0.7,0.9,0.9,0.9,0.9,0.9,0.9
241,,0.8,0.6,0.8,0.8,0.8,0.8,0.8,0.8
242,,0.7,0.5,0.7,0.7,0.7,0.7,0.7,0.7
243,,0.6,0.4,0.6,0.6,0.6,0.6,0.6,0.6
244,,0.5,0.3,0.5,0.5,0.5,0.5,0.5,0.5
245,,0.4,0.2,0.4,0.4,0.4,0.4,0.4,0.4
246,,0.3,0.1,0.3,0.3,0.3,0.3,0.3,0.3
247,,0.2,0.0,0.2,0.2,0.2,0.2,0.2,0.2
248,,0.1,-0.1,0.1,0.1,0.1,0.1,0.1,0.1
249,2,0.683,0.9,0.683,0.4,0.117,0.0,0.117,0.4
250,2,1.0,1.0,1.0,0.7,0.134,-0.1,0.134,0.7
251,6,1.0,0.9,1.0,1.0,0.717,0.9,0.717,1.0
252,6,1.0,0.8,1.0,1.0,1.0,1.0,1.0,1.0
253,,0.9,0.7,0.9,0.9,0.9,0.9,0.9,0.9
254,,0.8,0.6,0.8,0.8,0.8,0.8,0.8,0.8
255,,0.7,0.5,0.7,0.7,0.7,0.7,0.7,0.7
256,,0.6,0.4,0.6,0.6,0.6,0.6,0.6,0.6
257,,0.5,0.3,0.5,0.5,0.5,0.5,0.5,0.5
258,,0.4,0.2,0.4,0.4,0.4,0.4,0.4,0.4
259,,0.3,0.1,0.3,0.3,0.3,0.3,0.3,0.3
260,,0.2,0.0,0.2,0.2,0.2,0.2,0.2,0.2
261,,0.1,-0.1,0.1,0.1,0.1,0.1,0.1,0.1
262,2,0.683,0.9,0.683,0.4,0.117,0.0,0.117,0.4
263,2,1.0,1.0,1.0,0.7,0.134,-0.1,0.134,0.7
264,6,1.0,0.9,1.0,1.0,0.717,0.9,0.717,1.0
265,6,1.0,0.8,1.0,1.0,1.0,1.0,1.0,1.0
266,,0.9,0.7,0.9,0.9,0.9,0.9,0.9,0.9
267,,0.8,0.6,0.8,0.8,0.8,0.8,0.8,0.8
268,,0.7,0.5,0.7,0.7,0.7,0.7,0.7,0.7
269,,0.6,0.4,0.6,0.6,0.6,0.6,0.6,0.6
270,,0.5,0.3,0.5,0.5,0.5,0.5,0.5,0.5
271,,0.4,0.2,0.4,0.4,0.4,0.4,0.4,0.4
272,,0.3,0.1,0.3,0.3,0.3,0.3,0.3,0.3
273,,0.2,0.0,0.2,0.2,0.2,0.2,0.2,0.2
274,,0.1,-0.1,0.1,0.1,0.1,0.1,0.1,0.1
275,2,0.683,0.9,0.683,0.4,0.117,0.0,0.117,0.4
276,2,1.0,1.0,1.0,0.7,0.134,-0.1,0.134,0.7
277,6,1.0,0.9,1.0,1.0,0.717,0.9,0.717,1.0
278,6,1.0,0.8,1.0,1.0,1.0,1.0,1.0,1.0
279,,0.9,0.7,0.9,0.9,0.9,0.9,0.9,0.9
280,,0.8,0.6,0.8,0.8,0.8,0.8,0.8,0.8
281,,0.7,0.5,0.7,0.7,0.7,0.7,0.7,0.7
282,,0.6,0.4,0.6,0.6,0.6,0.6,0.6,0.6
283,,0.5,0.3,0.5,0.5,0.5,0.5,0.5,0.5
284,,0.4,0.2,0.4,0.4,0.4,0.4,0.4,0.4
285,,0.3,0.1,0.3,0.3,0.3,0.3,0.3,0.3
286,,0.2,0.0,0.2,0.2,0.2,0.2,0.2,0.2
287,,0.1,-0.1,0.1,0.1,0.1,0.1,0.1,0.1
288,2,0.683,0.9,0.683,0.4,0.117,0.0,0.117,0.4
289,2,1.0,1.0,1.0,0.7,0.134,-0.1,0.134,0.7
290,6,1.0,0.9,1.0,1.0,0.717,0.9,0.717,1.0
291,6,1.0,0.8,1.0,1.0,1.0,1.0,1.0,1.0
292,,0.9,0.7,0.9,0.9,0.9,0.9,0.9,0.9
293,,0.8,0.6,0.8,0.8,0.8,0.8,0.8,0.8
294,,0.7,0.5,0.7,0.7,0.7,0.7,0.7,0.7
295,,0.6,0.4,0.6,0.6,0.6,0.6,0.6,0.6
296,,0.5,0.3,0.5,0.5,0.5,0.5,0.5,0.5
297,,0.4,0.2,0.4,0.4,0.4,0.4,0.4,0.4
298,,0.3,0.1,0.3,0.3,0.3,0.3,0.3,0.3
299,,0.2,0.0,0.2,0.2,0.2,0.2,0.2,0.2
300,,0.1,-0.1,0.1,0.1,0.1,0.1,0.1,0.1
301,2,0.683,0.9,0.683,0.4,0.117,0.0,0.117,0.4
302,2,1.0,1.0,1.0,0.7,0.134,-0.1,0.134,0.7
303,6,1.0,0.9,1.0,1.0,0.717,0.9,0.717,1.0
304,6,1.0,0.8,1.0,1.0,1.0,1.0,1.0,1.0
305,,0.9,0.7,0.9,0.9,0.9,0.9,0.9,0.9
306,,0.8,0.6,0.8,0.8,0.8,0.8,0.8,0.8
307,,0.7,0.5,0.7,0.7,0.7,0.7,0.7,0.7
308,,0.6,0.4,0.6,0.6,0.6,0.6,0.6,0.6
309,,0.5,0.3,0.5,0.5,0.5,0.5,0.5,0.5
310,,0.4,0.2,0.4,0.4,0.4,0.4,0.4,0.4
311,,0.3,0.1,0.3,0.3,0.3,0.3,0.3,0.3
312,,0.2,0.0,0.2,0.2,0.2,0.2,0.2,0.2
313,,0.1,-0.1,0.1,0.1,0.1,0.1,0.1,0.1
314,2,0.683,0.9,0.683,0.4,0.117,0.0,0.117,0.4
315,2,1.0,1.0,1.0,0.7,0.134,-0.1,0.134,0.7
316,6,1.0,0.9,1.0,1.0,0.717,0.9,0.717,1.0
317,6,1.0,0.8,1.0,1.0,1.0,1.0,1.0,1.0
318,,0.9,0.7,0.9,0.9,0.9,0.9,0.9,0.9
319,,0.8,0.6,0.8,0.8,0.8,0.8,0.8,0.8
320,,0.7,0.5,0.7,0.7,0.7,0.7,0.7,0.7
321,,0.6,0.4,0.6,0.6,0.6,0.6,0.6,0.6
322,,0.5,0.3,0.5,0.5,0.5,0.5,0.5,0.5
323,,0.4,0.2,0.4,0.4,0.4,0.4,0.4,0.4
324,,0.3,0.1,0.3,0.3,0.3,0.3,0.3,0.3
325,,0.2,0.0,0.2,0.2,0.2,0.2,0.2,0.2
326,,0.1,-0.1,0.1,0.1,0.1,0.1,0.1,0.1
327,2,0.683,0.9,0.683,0.4,0.117,0.0,0.117,0.4
328,2,1.0,1.0,1.0,0.7,0.134,-0.1,0.134,0.7
329,6,1.0,0.9,1.0,1.0,0.717,0.9,0.717,1.0
330,6,1.0,0.8,1.0,1.0,1.0,1.0,1.0,1.0
331,,0.9,0.7,0.9,0.9,0.9,0.9,0.9,0.9
332,,0.8,0.6,0.8,0.8,0.8,0.8,0.8,0.8
333,,0.7,0.5,0.7,0.7,0.7,0.7,0.7,0.7
334,,0.6,0.4,0.6,0.6,0.6,0.6,0.6,0.6
335,,0.5,0.3,0.5,0.5,0.5,0.5,0.5,0.5
336,,0.4,0.2,0.4,0.4,0.4,0.4,0.4,0.4
337,,0.3,0.1,0.3,0.3,0.3,0.3,0.3,0.3
338,,0.2,0.0,0.2,0.2,0.2,0.2,0.2,0.2
339,,0.1,-0.1,0.1,0.1,0.1,0.1,0.1,0.1
340,2,0.683,0.9,0.683,0.4,0.117,0.0,0.117,0.4
341,2,1.0,1.0,1.0,0.7,0.134,-0.1,0.134,0.7
342,6,1.0,0.9,1.0,1.0,0.717,0.9,0.717,1.0
343,6,1.0,0.8,1.0,1.0,1.0,1.0,1.0,1.0
344,,0.9,0.7,0.9,0.9,0.9,0.9,0.9,0.9
345,,0.8,0.6,0.8,0.8,0.8,0.8,0.8,0.8
346,,0.7,0.5,0.7,0.7,0.7,0.7,0.7,0.7
347,,0.6,0.4,0.6,0.6,0.6,0.6,0.6,0.6
348,,0.5,0.3,0.5,0.5,0.5,0.5,0.5,0.5
349,,0.4,0.2,0.4,0.4,0.4,0.4,0.4,0.4
350,,0.3,0.1,0.3,0.3,0.3,0.3,0.3,0.3
351,,0.2,0.0,0.2,0.2,0.2,0.2,0.2,0.2
352,,0.1,-0.1,0.1,0.1,0.1,0.1,0.1,0.1
353,2,0.683,0.9,0.683,0.4,0.117,0.0,0.117,0.4
354,2,1.0,1.0,1.0,0.7,0.134,-0.1,0.134,0.7
355,6,1.0,0.9,1.0,1.0,0.717,0.9,0.717,1.0
356,6,1.0,0.8,1.0,1.0,1.0,1.0,1.0,1.0
357,,0.9,0.7,0.9,0.9,0.9,0.9,0.9,0.9
358,,0.8,0.6,0.8,0.8,0.8,0.8,0.8,0.8
359,,0.7,0.5,0.7,0.7,0.7,0.7,0.7,0.7
360,,0.6,0.4,0.6,0.6,0.6,0.6,0.6,0.6
361,,0.5,0.3,0.5,0.5,0.5,0.5,0.5,0.5
362,,0.4,0.2,0.4,0.4,0.4,0.4,0.4,0.4
363,,0.3,0.1,0.3,0.3,0.3,0.3,0.3,0.3
364,,0.2,0.0,0.2,0.2,0.2,0.2,0.2,0.2
365,,0.1,-0.1,0.1,0.1,0.1,0.1,0.1,0.1
366,2,0.683,0.9,0.683,0.4,0.117,0.0,0.117,0.4
367,2,1.0,1.0,1.0,0.7,0.134,-0.1,0.134,0.7
368,6,1.0,0.9,1.0,1.0,0.717,0.9,0.717,1.0
369,6,1.0,0.8,1.0,1.0,1.0,1.0,1.0,1.0
370,,0.9,0.7,0.9,0.9,0.9,0.9,0.9,0.9
371,,0.8,0.6,0.8,0.8,0.8,0.8,0.8,0.8
372,,0.7,0.5,0.7,0.7,0.7,0.7,0.7,0.7
373,,0.6,0.4,0.6,0.6,0.6,0.6,0.6,0.6
374,,0.5,0.3,0.5,0.5,0.5,0.5,0.5,0.5
375,,0.4,0.2,0.4,0.4,0.4,0.4,0.4,0.4
376,,0.3,0.1,0.3,0.3,0.3,0.3,0.3,0.3
377,,0.2,0.0,0.2,0.2,0.2,0.2,0.2,0.2
378,,0.1,-0.1,0.1,0.1,0.1,0.1,0.1,0.1
379,2,0.683,0.9,0.683,0.4,0.117,0.0,0.117,0.4
380,2,1.0,1.0,1.0,0.7,0.134,-0.1,0.134,0.7
381,6,1.0,0.9,1.0,1.0,0.717,0.9,0.717,1.0
382,6,1.0,0.8,1.0,1.0,1.0,1.0,1.0,1.0
383,,0.9,0.7,0.9,0.9,0.9,0.9,0.9,0.9
384,,0.8,0.6,0.8,0.8,0.8,0.8,0.8,0.8
385,,0.7,0.5,0.7,0.7,0.7,0.7,0.7,0.7
386,,0.6,0.4,0.6,0.6,0.6,0.6,0.6,0.6
387,,0.5,0.3,0.5,0.5,0.5,0.5,0.5,0.5
388,,0.4,0.2,0.4,0.4,0.4,0.4,0.4,0.4
389,,0.3,0.1,0.3,0.3,0.3,0.3,0.3,0.3
390,,0.2,0.0,0.2,0.2,0.2,0.2,0.2,0.2
391,,0.1,-0.1,0.1,0.1,0.1,0.1,0.1,0.1
392,2,0.683,0.9,0.683,0.4,0.117,0.0,0.117,0.4
393,2,1.0,1.0,1.0,0.7,0.134,-0.1,0.134,0.7
394,6,1.0,0.9,1.0,1.0,0.717,0.9,0.717,1.0
395,6,1.0,0.8,1.0,1.0,1.0,1.0,1.0,1.0
396,,0.9,0.7,0.9,0.9,0.9,0.9,0.9,0.9
397,,0.8,0.6,0.8,0.8,0.8,0.8,0.8,0.8
398,,0.7,0.5,0.7,0.7,0.7,0.7,0.7,0.7
399,,0.6,0.4,0.6,0.6,0.6,0.6,0.6,0.6
400,,0.5,0.3,0.5,0.5,0.5,0.5,0.5,0.5
401,,0.4,0.2,0.4,0.4,0.4,0.4,0.4,0.4
402,,0.3,0.1,0.3,0.3,0.3,0.3,0.3,0.3
403,,0.2,0.0,0.2,0.2,0.2,0.2,0.2,0.2
404,,0.1,-0.1,0.1,0.1,0.1,0.1,0.1,0.1
405,2,0.683,0.9,0.683,0.4,0.117,0.0,0.117,0.4
406,2,1.0,1.0,1.0,0.7,0.134,-0.1,0.134,0.7
407,6,1.0,0.9,1.0,1.0,0.717,0.9,0.717,1.0
408,6,1.0,0.8,1.0,1.0,1.0,1.0,1.0,1.0
409,,0.9,0.7,0.9,0.9,0.9,0.9,0.9,0.9
410,,0.8,0.6,0.8,0.8,0.8,0.8,0.8,0.8
411,,0.7,0.5,0.7,0.7,0.7,0.7,0.7,0.7
412,,0.6,0.4,0.6,0.6,0.6,0.6,0.6,0.6
413,,0.5,0.3,0.5,0.5,0.5,0.5,0.5,0.5
414,,0.4,0.2,0.4,0.4,0.4,0.4,0.4,0.4
415,,0.3,0.1,0.3,0.3,0.3,0.3,0.3,0.3
416,,0.2,0.0,0.2,0.2,0.2,0.2,0.2,0.2
417,,0.1,-0.1,0.1,0.1,0.1,0.1,0.1,0.1
418,2,0.683,0.9,0.683,0.4,0.117,0.0,0.117,0.4
419,2,1.0,1.0,1.0,0.7,0.134,-0.1,0.134,0.7
420,6,1.0,0.9,1.0,1.0,0.717,0.9,0.717,1.0
421,6,1.0,0.8,1.0,1.0,1.0,1.0,1.0,1.0
422,,0.9,0.7,0.9,0.9,0.9,0.9,0.9,0.9
423,,0.8,0.6,0.8,0.8,0.8,0.8,0.8,0.8
424,,0.7,0.5,0.7,0.7,0.7,0.7,0.7,0.7
425,,0.6,0.4,0.6,0.6,0.6,0.6,0.6,0.6
426,,0.5,0.3,0.5,0.5,0.5,0.5,0.5,0.5
427,,0.4,0.2,0.4,0.4,0.4,0.4,0.4,0.4
428,,0.3,0.1,0.3,0.3,0.3,0.3,0.3,0.3
429,,0.2,0.0,0.2,0.2,0.2,0.2,0.2,0.2
430,,0.1,-0.1,0.1,0.1,0.1,0.1,0.1,0.1
431,2,0.683,0.9,0.683,0.4,0.117,0.0,0.117,0.4
432,2,1.0,1.0,1.0,0.7,0.134,-0.1,0.134,0.7
433,6,1.0,0.9,1.0,1.0,0.717,0.9,0.717,1.0
434,6,1.0,0.8,1.0,1.0,1.0,1.0,1.0,1.0
435,,0.9,0.7,0.9,0.9,0.9,0.9,0.9,0.9
436,,0.8,0.6,0.8,0.8,0.8,0.8,0.8,0.8
437,,0.7,0.5,0.7,0.7,0.7,0.7,0.7,0.7
438,,0.6,0.4,0.6,0.6,0.6,0.6,0.6,0.6
439,,0.5,0.3,0.5,0.5,0.5,0.5,0.5,0.5
440,,0.4,0.2,0.4,0.4,0.4,0.4,0.4,0.4
441,,0.3,0.1,0.3,0.3,0.3,0.3,0.3,0.3
442,,0.2,0.0,0.2,0.2,0.2,0.2,0.2,0.2
443,,0.1,-0.1,0.1,0.1,0.1,0.1,0.1,0.1
444,2,0.683,0.9,0.683,0.4,0.117,0.0,0.117,0.4
445,2,1.0,1.0,1.0,0.7,0.134,-0.1,0.134,0.7
446,6,1.0,0.9,1.0,1.0,0.717,0.9,0.717,1.0
447,6,1.0,0.8,1.0,1.0,1.0,1.0,1.0,1.0
448,,0.9,0.7,0.9,0.9,0.9,0.9,0.9,0.9
449,,0.8,0.6,0.8,0.8,0.8,0.8,0.8,0.8
450,,0.7,0.5,0.7,0.7,0.7,0.7,0.7,0.7
451,,0.6,0.4,0.6,0.6,0.6,0.6,0.6,0.6
452,,0.5,0.3,0.5,0.5,0.5,0.5,0.5,0.5
453,,0.4,0.2,0.4,0.4,0.4,0.4,0.4,0.4
454,,0.3,0.1,0.3,0.3,0.3,0.3,0.3,0.3
455,,0.2,0.0,0.2,0.2,0.2,0.2,0.2,0.2
456,,0.1,-0.1,0.1,0.1,0.1,0.1,0.1,0.1
457,2,0.683,0.9,0.683,0.4,0.117,0.0,0.117,0.4
458,2,1.0,1.0,1.0,0.7,0.134,-0.1,0.134,0.7
459,6,1.0,0.9,1.0,1.0,0.717,0.9,0.717,1.0
460,6,1.0,0.8,1.0,1.0,1.0,1.0,1.0,1.0
461,,0.9,0.7,0.9,0.9,0.9,0.9,0.9,0.9
462,,0.8,0.6,0.8,0.8,0.8,0.8,0.8,0.8
463,,0.7,0.5,0.7,0.7,0.7,0.7,0.7,0.7
464,,0.6,0.4,0.6,0.6,0.6,0.6,0.6,0.6
465,,0.5,0.3,0.5,0.5,0.5,0.5,0.5,0.5
466,,0.4,0.2,0.4,0.4,0.4,0.4,0.4,0.4
467,,0.3,0.1,0.3,0.3,0.3,0.3,0.3,0.3
468,,0.2,0.0,0.2,0.2,0.2,0.2,0.2,0.2
469,,0.1,-0.1,0.1,0.1,0.1,0.1,0.1,0.1
470,2,0.683,0.9,0.683,0.4,0.117,0.0,0.117,0.4
471,2,1.0,1.0,1.0,0.7,0.134,-0.1,0.134,0.7
472,6,1.0,0.9,1.0,1.0,0.717,0.9,0.717,1.0
473,6,1.0,0.8,1.0,1.0,1.0,1.0,1.0,1.0
474,,0.9,0.7,0.9,0.9,0.9,0.9,0.9,0.9
475,,0.8,0.6,0.8,0.8,0.8,0.8,0.8,0.8
476,,0.7,0.5,0.7,0.7,0.7,0.7,0.7,0.7
477,,0.6,0.4,0.6,0.6,0.6,0.6,0.6,0.6
478,,0.5,0.3,0.5,0.5,0.5,0.5,0.5,0.5
479,,0.4,0.2,0.4,0.4,0.4,0.4,0.4,0.4
480,,0.3,0.1,0.3,0.3,0.3,0.3,0.3,0.3
481,,0.2,0.0,0.2,0.2,0.2,0.2,0.2,0.2
482,,0.1,-0.1,0.1,0.1,0.1,0.1,0.1,0.1
483,2,0.683,0.9,0.683,0.4,0.117,0.0,0.117,0.4
484,2,1.0,1.0,1.0,0.7,0.134,-0.1,0.134,0.7
485,6,1.0,0.9,1.0,1.0,0.717,0.9,0.717,1.0
486,6,1.0,0.8,1.0,1.0,1.0,1.0,1.0,1.0
487,,0.9,0.7,0.9,0.9,0.9,0.9,0.9,0.9
488,,0.8,0.6,0.8,0.8,0.8,0.8,0.8,0.8
489,,0.7,0.5,0.7,0.7,0.7,0.7,0.7,0.7
490,,0.6,0.4,0.6,0.6,0.6,0.6,0.6,0.6
491,,0.5,0.3,0.5,0.5,0.5,0.5,0.5,0.5
492,,0.4,0.2,0.4,0.4,0.4,0.4,0.4,0.4
493,,0.3,0.1,0.3,0.3,0.3,0.3,0.3,0.3
494,,0.2,0.0,0.2,0.2,0.2,0.2,0.2,0.2
495,,0.1,-0.1,0.1,0.1,0.1,0.1,0.1,0.1
496,2,0.683,0.9,0.683,0.4,0.117,0.0,0.117,0.4
497,2,1.0,1.0,1.0,0.7,0.134,-0.1,0.134,0.7
498,6,1.0,0.9,1.0,1.0,0.717,0.9,0.717,1.0
499,6,1.0,0.8,1.0,1.0,1.0,1.0,1.0,1.0
