step,active_motive,motive_1,motive_2,motive_3,motive_4,motive_5,motive_6,motive_7,motive_8
0,,0.01866,0.08926,0.05393,0.08074,0.08961,0.0318,0.01101,0.02279
1,,-0.13134,-0.06074,-0.09607,-0.06926,-0.06039,-0.1182,-0.13899,-0.12721
2,7,0.01866,-0.19374,-0.34607,-0.20226,0.08961,0.3148,0.86101,0.30579
3,7,0.16866,-0.32674,-0.59607,-0.33526,0.23961,0.7478,1.0,0.73879
4,3,0.31866,0.10626,0.40393,0.09774,0.38961,0.6148,0.75,0.60579
5,3,0.46866,0.53926,1.0,0.53074,0.53961,0.4818,0.5,0.47279
6,,0.31866,0.38926,0.85,0.38074,0.38961,0.3318,0.35,0.32279
7,,0.16866,0.23926,0.7,0.23074,0.23961,0.1818,0.2,0.17279
8,,0.01866,0.08926,0.55,0.08074,0.08961,0.0318,0.05,0.02279
9,,-0.13134,-0.06074,0.4,-0.06926,-0.06039,-0.1182,-0.1,-0.12721
10,1,0.86866,0.37226,0.55,-0.20226,-0.31039,-0.2512,0.05,0.30579
11,1,1.0,0.80526,0.7,-0.33526,-0.56039,-0.3842,0.2,0.73879
12,5,0.75,0.67226,0.85,0.09774,0.43961,0.0488,0.35,0.60579
13,5,0.5,0.53926,1.0,0.53074,1.0,0.4818,0.5,0.47279
14,,0.35,0.38926,0.85,0.38074,0.85,0.3318,0.35,0.32279
15,,0.2,0.23926,0.7,0.23074,0.7,0.1818,0.2,0.17279
16,,0.05,0.08926,0.55,0.08074,0.55,0.0318,0.05,0.02279
17,,-0.1,-0.06074,0.4,-0.06926,0.4,-0.1182,-0.1,-0.12721
18,8,0.333,0.08926,0.267,-0.31926,0.267,0.0318,0.333,0.87279
19,8,0.766,0.23926,0.134,-0.56926,0.134,0.1818,0.766,1.0
20,4,0.633,0.38926,0.567,0.43074,0.567,0.3318,0.633,0.75
21,4,0.5,0.53926,1.0,1.0,1.0,0.4818,0.5,0.5
22,,0.35,0.38926,0.85,0.85,0.85,0.3318,0.35,0.35
23,,0.2,0.23926,0.7,0.7,0.7,0.1818,0.2,0.2
24,,0.05,0.08926,0.55,0.55,0.55,0.0318,0.05,0.05
25,,-0.1,-0.06074,0.4,0.4,0.4,-0.1182,-0.1,-0.1
26,6,-0.233,-0.31074,0.267,0.55,0.833,0.8818,0.333,0.05
27,6,-0.366,-0.56074,0.134,0.7,1.0,1.0,0.766,0.2
28,2,0.067,0.43926,0.567,0.85,0.867,0.75,0.633,0.35
29,2,0.5,1.0,1.0,1.0,0.734,0.5,0.5,0.5
30,,0.35,0.85,0.85,0.85,0.584,0.35,0.35,0.35
31,,0.2,0.7,0.7,0.7,0.434,0.2,0.2,0.2
32,,0.05,0.55,0.55,0.55,0.284,0.05,0.05,0.05
33,,-0.1,0.4,0.4,0.4,0.134,-0.1,-0.1,-0.1
34,6,-0.233,0.15,0.267,0.55,0.567,0.9,0.333,0.05
35,6,-0.366,-0.1,0.134,0.7,1.0,1.0,0.766,0.2
36,1,0.634,0.333,0.284,0.567,0.75,0.867,0.916,0.633
37,1,1.0,0.766,0.434,0.434,0.5,0.734,1.0,1.0
38,,0.85,0.616,0.284,0.284,0.35,0.584,0.85,0.85
39,,0.7,0.466,0.134,0.134,0.2,0.434,0.7,0.7
40,,0.55,0.316,-0.016,-0.016,0.05,0.284,0.55,0.55
41,3,0.7,0.749,0.984,0.417,0.2,0.151,0.3,0.417
42,3,0.85,1.0,1.0,0.85,0.35,0.018,0.05,0.284
43,,0.7,0.85,0.85,0.7,0.2,-0.132,-0.1,0.134
44,6,0.567,0.6,0.717,0.85,0.633,0.868,0.333,0.284
45,6,0.434,0.35,0.584,1.0,1.0,1.0,0.766,0.434
46,,0.284,0.2,0.434,0.85,0.85,0.85,0.616,0.284
47,,0.134,0.05,0.284,0.7,0.7,0.7,0.466,0.134
48,,-0.016,-0.1,0.134,0.55,0.55,0.55,0.316,-0.016
49,2,0.417,0.9,0.567,0.7,0.417,0.3,0.183,0.134
50,2,0.85,1.0,1.0,0.85,0.284,0.05,0.05,0.284
51,,0.7,0.85,0.85,0.7,0.134,-0.1,-0.1,0.134
52,7,0.85,0.717,0.6,0.567,0.284,0.333,0.9,0.567
53,7,1.0,0.584,0.35,0.434,0.434,0.766,1.0,1.0
54,,0.85,0.434,0.2,0.284,0.284,0.616,0.85,0.85
55,,0.7,0.284,0.05,0.134,0.134,0.466,0.7,0.7
56,,0.55,0.134,-0.1,-0.016,-0.016,0.316,0.55,0.55
57,3,0.7,0.567,0.9,0.417,0.134,0.183,0.3,0.417
58,3,0.85,1.0,1.0,0.85,0.284,0.05,0.05,0.284
59,,0.7,0.85,0.85,0.7,0.134,-0.1,-0.1,0.134
60,6,0.567,0.6,0.717,0.85,0.567,0.9,0.333,0.284
61,6,0.434,0.35,0.584,1.0,1.0,1.0,0.766,0.434
62,,0.284,0.2,0.434,0.85,0.85,0.85,0.616,0.284
63,,0.134,0.05,0.284,0.7,0.7,0.7,0.466,0.134
64,,-0.016,-0.1,0.134,0.55,0.55,0.55,0.316,-0.016
65,2,0.417,0.9,0.567,0.7,0.417,0.3,0.183,0.134
66,2,0.85,1.0,1.0,0.85,0.284,0.05,0.05,0.284
67,,0.7,0.85,0.85,0.7,0.134,-0.1,-0.1,0.134
68,6,0.567,0.6,0.717,0.85,0.567,0.9,0.333,0.284
69,6,0.434,0.35,0.584,1.0,1.0,1.0,0.766,0.434
70,,0.284,0.2,0.434,0.85,0.85,0.85,0.616,0.284
71,,0.134,0.05,0.284,0.7,0.7,0.7,0.466,0.134
72,,-0.016,-0.1,0.134,0.55,0.55,0.55,0.316,-0.016
73,2,0.417,0.9,0.567,0.7,0.417,0.3,0.183,0.134
74,2,0.85,1.0,1.0,0.85,0.284,0.05,0.05,0.284
75,,0.7,0.85,0.85,0.7,0.134,-0.1,-0.1,0.134
76,6,0.567,0.6,0.717,0.85,0.567,0.9,0.333,0.284
77,6,0.434,0.35,0.584,1.0,1.0,1.0,0.766,0.434
78,,0.284,0.2,0.434,0.85,0.85,0.85,0.616,0.284
79,,0.134,0.05,0.284,0.7,0.7,0.7,0.466,0.134
80,,-0.016,-0.1,0.134,0.55,0.55,0.55,0.316,-0.016
81,2,0.417,0.9,0.567,0.7,0.417,0.3,0.183,0.134
82,2,0.85,1.0,1.0,0.85,0.284,0.05,0.05,0.284
83,,0.7,0.85,0.85,0.7,0.134,-0.1,-0.1,0.134
84,6,0.567,0.6,0.717,0.85,0.567,0.9,0.333,0.284
85,6,0.434,0.35,0.584,1.0,1.0,1.0,0.766,0.434
86,,0.284,0.2,0.434,0.85,0.85,0.85,0.616,0.284
87,,0.134,0.05,0.284,0.7,0.7,0.7,0.466,0.134
88,,-0.016,-0.1,0.134,0.55,0.55,0.55,0.316,-0.016
89,2,0.417,0.9,0.567,0.7,0.417,0.3,0.183,0.134
90,2,0.85,1.0,1.0,0.85,0.284,0.05,0.05,0.284
91,,0.7,0.85,0.85,0.7,0.134,-0.1,-0.1,0.134
92,7,0.85,0.717,0.6,0.567,0.284,0.333,0.9,0.567
93,7,1.0,0.584,0.35,0.434,0.434,0.766,1.0,1.0
94,,0.85,0.434,0.2,0.284,0.284,0.616,0.85,0.85
95,,0.7,0.284,0.05,0.134,0.134,0.466,0.7,0.7
96,,0.55,0.134,-0.1,-0.016,-0.016,0.316,0.55,0.55
97,3,0.7,0.567,0.9,0.417,0.134,0.183,0.3,0.417
98,3,0.85,1.0,1.0,0.85,0.284,0.05,0.05,0.284
99,,0.7,0.85,0.85,0.7,0.134,-0.1,-0.1,0.134
100,7,0.85,0.717,0.6,0.567,0.284,0.333,0.9,0.567
101,7,1.0,0.584,0.35,0.434,0.434,0.766,1.0,1.0
102,,0.85,0.434,0.2,0.284,0.284,0.616,0.85,0.85
103,,0.7,0.284,0.05,0.134,0.134,0.466,0.7,0.7
104,,0.55,0.134,-0.1,-0.016,-0.016,0.316,0.55,0.55
105,3,0.7,0.567,0.9,0.417,0.134,0.183,0.3,0.417
106,3,0.85,1.0,1.0,0.85,0.284,0.05,0.05,0.284
107,,0.7,0.85,0.85,0.7,0.134,-0.1,-0.1,0.134
108,6,0.567,0.6,0.717,0.85,0.567,0.9,0.333,0.284
109,6,0.434,0.35,0.584,1.0,1.0,1.0,0.766,0.434
110,,0.284,0.2,0.434,0.85,0.85,0.85,0.616,0.284
111,,0.134,0.05,0.284,0.7,0.7,0.7,0.466,0.134
112,,-0.016,-0.1,0.134,0.55,0.55,0.55,0.316,-0.016
113,2,0.417,0.9,0.567,0.7,0.417,0.3,0.183,0.134
114,2,0.85,1.0,1.0,0.85,0.284,0.05,0.05,0.284
115,,0.7,0.85,0.85,0.7,0.134,-0.1,-0.1,0.134
116,6,0.567,0.6,0.717,0.85,0.567,0.9,0.333,0.284
117,6,0.434,0.35,0.584,1.0,1.0,1.0,0.766,0.434
118,,0.284,0.2,0.434,0.85,0.85,0.85,0.616,0.284
119,,0.134,0.05,0.284,0.7,0.7,0.7,0.466,0.134
120,,-0.016,-0.1,0.134,0.55,0.55,0.55,0.316,-0.016
121,2,0.417,0.9,0.567,0.7,0.417,0.3,0.183,0.134
122,2,0.85,1.0,1.0,0.85,0.284,0.05,0.05,0.284
123,,0.7,0.85,0.85,0.7,0.134,-0.1,-0.1,0.134
124,7,0.85,0.717,0.6,0.567,0.284,0.333,0.9,0.567
125,7,1.0,0.584,0.35,0.434,0.434,0.766,1.0,1.0
126,,0.85,0.434,0.2,0.284,0.284,0.616,0.85,0.85
127,,0.7,0.284,0.05,0.134,0.134,0.466,0.7,0.7
128,,0.55,0.134,-0.1,-0.016,-0.016,0.316,0.55,0.55
129,3,0.7,0.567,0.9,0.417,0.134,0.183,0.3,0.417
130,3,0.85,1.0,1.0,0.85,0.284,0.05,0.05,0.284
131,,0.7,0.85,0.85,0.7,0.134,-0.1,-0.1,0.134
132,6,0.567,0.6,0.717,0.85,0.567,0.9,0.333,0.284
133,6,0.434,0.35,0.584,1.0,1.0,1.0,0.766,0.434
134,,0.284,0.2,0.434,0.85,0.85,0.85,0.616,0.284
135,,0.134,0.05,0.284,0.7,0.7,0.7,0.466,0.134
136,,-0.016,-0.1,0.134,0.55,0.55,0.55,0.316,-0.016
137,2,0.417,0.9,0.567,0.7,0.417,0.3,0.183,0.134
138,2,0.85,1.0,1.0,0.85,0.284,0.05,0.05,0.284
139,,0.7,0.85,0.85,0.7,0.134,-0.1,-0.1,0.134
140,6,0.567,0.6,0.717,0.85,0.567,0.9,0.333,0.284
141,6,0.434,0.35,0.584,1.0,1.0,1.0,0.766,0.434
142,,0.284,0.2,0.434,0.85,0.85,0.85,0.616,0.284
143,,0.134,0.05,0.284,0.7,0.7,0.7,0.466,0.134
144,,-0.016,-0.1,0.134,0.55,0.55,0.55,0.316,-0.016
145,2,0.417,0.9,0.567,0.7,0.417,0.3,0.183,0.134
146,2,0.85,1.0,1.0,0.85,0.284,0.05,0.05,0.284
147,,0.7,0.85,0.85,0.7,0.134,-0.1,-0.1,0.134
148,6,0.567,0.6,0.717,0.85,0.567,0.9,0.333,0.284
149,6,0.434,0.35,0.584,1.0,1.0,1.0,0.766,0.434
150,,0.284,0.2,0.434,0.85,0.85,0.85,0.616,0.284
151,,0.134,0.05,0.284,0.7,0.7,0.7,0.466,0.134
152,,-0.016,-0.1,0.134,0.55,0.55,0.55,0.316,-0.016
153,2,0.417,0.9,0.567,0.7,0.417,0.3,0.183,0.134
154,2,0.85,1.0,1.0,0.85,0.284,0.05,0.05,0.284
155,,0.7,0.85,0.85,0.7,0.134,-0.1,-0.1,0.134
156,7,0.85,0.717,0.6,0.567,0.284,0.333,0.9,0.567
157,7,1.0,0.584,0.35,0.434,0.434,0.766,1.0,1.0
158,,0.85,0.434,0.2,0.284,0.284,0.616,0.85,0.85
159,,0.7,0.284,0.05,0.134,0.134,0.466,0.7,0.7
160,,0.55,0.134,-0.1,-0.016,-0.016,0.316,0.55,0.55
161,3,0.7,0.567,0.9,0.417,0.134,0.183,0.3,0.417
162,3,0.85,1.0,1.0,0.85,0.284,0.05,0.05,0.284
163,,0.7,0.85,0.85,0.7,0.134,-0.1,-0.1,0.134
164,7,0.85,0.717,0.6,0.567,0.284,0.333,0.9,0.567
165,7,1.0,0.584,0.35,0.434,0.434,0.766,1.0,1.0
166,,0.85,0.434,0.2,0.284,0.284,0.616,0.85,0.85
167,,0.7,0.284,0.05,0.134,0.134,0.466,0.7,0.7
168,,0.55,0.134,-0.1,-0.016,-0.016,0.316,0.55,0.55
169,3,0.7,0.567,0.9,0.417,0.134,0.183,0.3,0.417
170,3,0.85,1.0,1.0,0.85,0.284,0.05,0.05,0.284
171,,0.7,0.85,0.85,0.7,0.134,-0.1,-0.1,0.134
172,7,0.85,0.717,0.6,0.567,0.284,0.333,0.9,0.567
173,7,1.0,0.584,0.35,0.434,0.434,0.766,1.0,1.0
174,,0.85,0.434,0.2,0.284,0.284,0.616,0.85,0.85
175,,0.7,0.284,0.05,0.134,0.134,0.466,0.7,0.7
176,,0.55,0.134,-0.1,-0.016,-0.016,0.316,0.55,0.55
177,3,0.7,0.567,0.9,0.417,0.134,0.183,0.3,0.417
178,3,0.85,1.0,1.0,0.85,0.284,0.05,0.05,0.284
179,,0.7,0.85,0.85,0.7,0.134,-0.1,-0.1,0.134
180,6,0.567,0.6,0.717,0.85,0.567,0.9,0.333,0.284
181,6,0.434,0.35,0.584,1.0,1.0,1.0,0.766,0.434
182,,0.284,0.2,0.434,0.85,0.85,0.85,0.616,0.284
183,,0.134,0.05,0.284,0.7,0.7,0.7,0.466,0.134
184,,-0.016,-0.1,0.134,0.55,0.55,0.55,0.316,-0.016
185,2,0.417,0.9,0.567,0.7,0.417,0.3,0.183,0.134
186,2,0.85,1.0,1.0,0.85,0.284,0.05,0.05,0.284
187,,0.7,0.85,0.85,0.7,0.134,-0.1,-0.1,0.134
188,6,0.567,0.6,0.717,0.85,0.567,0.9,0.333,0.284
189,6,0.434,0.35,0.584,1.0,1.0,1.0,0.766,0.434
190,,0.284,0.2,0.434,0.85,0.85,0.85,0.616,0.284
191,,0.134,0.05,0.284,0.7,0.7,0.7,0.466,0.134
192,,-0.016,-0.1,0.134,0.55,0.55,0.55,0.316,-0.016
193,2,0.417,0.9,0.567,0.7,0.417,0.3,0.183,0.134
194,2,0.85,1.0,1.0,0.85,0.284,0.05,0.05,0.284
195,,0.7,0.85,0.85,0.7,0.134,-0.1,-0.1,0.134
196,7,0.85,0.717,0.6,0.567,0.284,0.333,0.9,0.567
197,7,1.0,0.584,0.35,0.434,0.434,0.766,1.0,1.0
198,,0.85,0.434,0.2,0.284,0.284,0.616,0.85,0.85
199,,0.7,0.284,0.05,0.134,0.134,0.466,0.7,0.7
