step,active_motive,motive_1,motive_2,motive_3,motive_4,motive_5,motive_6,motive_7,motive_8
0,,0.02708,0.0439,0.00785,0.00254,0.09626,0.0836,0.0696,0.0409
1,,-0.12292,-0.1061,-0.14215,-0.14746,-0.05374,-0.0664,-0.0804,-0.1091
2,4,-0.25592,0.0439,0.29085,0.85254,0.37926,0.0836,-0.2134,-0.3591
3,4,-0.38892,0.1939,0.72385,1.0,0.81226,0.2336,-0.3464,-0.6091
4,8,0.04408,0.3439,0.59085,0.75,0.67926,0.3836,0.0866,0.3909
5,8,0.47708,0.4939,0.45785,0.5,0.54626,0.5336,0.5196,1.0
6,,0.32708,0.3439,0.30785,0.35,0.39626,0.3836,0.3696,0.85
7,,0.17708,0.1939,0.15785,0.2,0.24626,0.2336,0.2196,0.7
8,,0.02708,0.0439,0.00785,0.05,0.09626,0.0836,0.0696,0.55
9,,-0.12292,-0.1061,-0.14215,-0.1,-0.05374,-0.0664,-0.0804,0.4
10,3,0.02708,0.3269,0.85785,0.333,0.09626,-0.1994,-0.3304,0.267
11,3,0.17708,0.7599,1.0,0.766,0.24626,-0.3324,-0.5804,0.134
12,7,0.32708,0.6269,0.75,0.633,0.39626,0.1006,0.4196,0.567
13,7,0.47708,0.4939,0.5,0.5,0.54626,0.5336,1.0,1.0
14,,0.32708,0.3439,0.35,0.35,0.39626,0.3836,0.85,0.85
15,,0.17708,0.1939,0.2,0.2,0.24626,0.2336,0.7,0.7
16,,0.02708,0.0439,0.05,0.05,0.09626,0.0836,0.55,0.55
17,,-0.12292,-0.1061,-0.1,-0.1,-0.05374,-0.0664,0.4,0.4
18,1,0.87708,0.3269,0.05,-0.233,-0.30374,-0.1994,0.55,0.833
19,1,1.0,0.7599,0.2,-0.366,-0.55374,-0.3324,0.7,1.0
20,5,0.75,0.6269,0.35,0.067,0.44626,0.1006,0.85,0.867
21,5,0.5,0.4939,0.5,0.5,1.0,0.5336,1.0,0.734
22,,0.35,0.3439,0.35,0.35,0.85,0.3836,0.85,0.584
23,,0.2,0.1939,0.2,0.2,0.7,0.2336,0.7,0.434
24,,0.05,0.0439,0.05,0.05,0.55,0.0836,0.55,0.284
25,,-0.1,-0.1061,-0.1,-0.1,0.4,-0.0664,0.4,0.134
26,2,0.333,0.8939,0.333,0.05,0.267,-0.3164,0.267,0.284
27,2,0.766,1.0,0.766,0.2,0.134,-0.5664,0.134,0.434
28,6,0.633,0.75,0.633,0.35,0.567,0.4336,0.567,0.584
29,6,0.5,0.5,0.5,0.5,1.0,1.0,1.0,0.734
30,,0.35,0.35,0.35,0.35,0.85,0.85,0.85,0.584
31,,0.2,0.2,0.2,0.2,0.7,0.7,0.7,0.434
32,,0.05,0.05,0.05,0.05,0.55,0.55,0.55,0.284
33,,-0.1,-0.1,-0.1,-0.1,0.4,0.4,0.4,0.134
34,2,0.333,0.9,0.333,0.05,0.267,0.15,0.267,0.284
35,2,0.766,1.0,0.766,0.2,0.134,-0.1,0.134,0.434
36,6,0.633,0.75,0.633,0.35,0.567,0.9,0.567,0.584
37,6,0.5,0.5,0.5,0.5,1.0,1.0,1.0,0.734
38,,0.35,0.35,0.35,0.35,0.85,0.85,0.85,0.584
39,,0.2,0.2,0.2,0.2,0.7,0.7,0.7,0.434
40,,0.05,0.05,0.05,0.05,0.55,0.55,0.55,0.284
41,,-0.1,-0.1,-0.1,-0.1,0.4,0.4,0.4,0.134
42,2,0.333,0.9,0.333,0.05,0.267,0.15,0.267,0.284
43,2,0.766,1.0,0.766,0.2,0.134,-0.1,0.134,0.434
44,6,0.633,0.75,0.633,0.35,0.567,0.9,0.567,0.584
45,6,0.5,0.5,0.5,0.5,1.0,1.0,1.0,0.734
46,,0.35,0.35,0.35,0.35,0.85,0.85,0.85,0.584
47,,0.2,0.2,0.2,0.2,0.7,0.7,0.7,0.434
48,,0.05,0.05,0.05,0.05,0.55,0.55,0.55,0.284
49,,-0.1,-0.1,-0.1,-0.1,0.4,0.4,0.4,0.134
50,1,0.9,0.333,0.05,-0.233,0.15,0.267,0.55,0.567
51,1,1.0,0.766,0.2,-0.366,-0.1,0.134,0.7,1.0
52,4,0.867,0.916,0.633,0.634,0.333,0.284,0.567,0.75
53,4,0.734,1.0,1.0,1.0,0.766,0.434,0.434,0.5
54,,0.584,0.85,0.85,0.85,0.616,0.284,0.284,0.35
55,,0.434,0.7,0.7,0.7,0.466,0.134,0.134,0.2
56,,0.284,0.55,0.55,0.55,0.316,-0.016,-0.016,0.05
57,6,0.151,0.3,0.417,0.7,0.749,0.984,0.417,0.2
58,6,0.018,0.05,0.284,0.85,1.0,1.0,0.85,0.35
59,,-0.132,-0.1,0.134,0.7,0.85,0.85,0.7,0.2
60,1,0.868,0.333,0.284,0.567,0.6,0.717,0.85,0.633
61,1,1.0,0.766,0.434,0.434,0.35,0.584,1.0,1.0
62,,0.85,0.616,0.284,0.284,0.2,0.434,0.85,0.85
63,,0.7,0.466,0.134,0.134,0.05,0.284,0.7,0.7
64,,0.55,0.316,-0.016,-0.016,-0.1,0.134,0.55,0.55
65,5,0.3,0.183,0.134,0.417,0.9,0.567,0.7,0.417
66,5,0.05,0.05,0.284,0.85,1.0,1.0,0.85,0.284
67,,-0.1,-0.1,0.134,0.7,0.85,0.85,0.7,0.134
68,2,0.333,0.9,0.567,0.85,0.717,0.6,0.567,0.284
69,2,0.766,1.0,1.0,1.0,0.584,0.35,0.434,0.434
70,,0.616,0.85,0.85,0.85,0.434,0.2,0.284,0.284
71,,0.466,0.7,0.7,0.7,0.284,0.05,0.134,0.134
72,,0.316,0.55,0.55,0.55,0.134,-0.1,-0.016,-0.016
73,6,0.183,0.3,0.417,0.7,0.567,0.9,0.417,0.134
74,6,0.05,0.05,0.284,0.85,1.0,1.0,0.85,0.284
75,,-0.1,-0.1,0.134,0.7,0.85,0.85,0.7,0.134
76,2,0.333,0.9,0.567,0.85,0.717,0.6,0.567,0.284
77,2,0.766,1.0,1.0,1.0,0.584,0.35,0.434,0.434
78,,0.616,0.85,0.85,0.85,0.434,0.2,0.284,0.284
79,,0.466,0.7,0.7,0.7,0.284,0.05,0.134,0.134
80,,0.316,0.55,0.55,0.55,0.134,-0.1,-0.016,-0.016
81,6,0.183,0.3,0.417,0.7,0.567,0.9,0.417,0.134
82,6,0.05,0.05,0.284,0.85,1.0,1.0,0.85,0.284
83,,-0.1,-0.1,0.134,0.7,0.85,0.85,0.7,0.134
84,2,0.333,0.9,0.567,0.85,0.717,0.6,0.567,0.284
85,2,0.766,1.0,1.0,1.0,0.584,0.35,0.434,0.434
86,,0.616,0.85,0.85,0.85,0.434,0.2,0.284,0.284
87,,0.466,0.7,0.7,0.7,0.284,0.05,0.134,0.134
88,,0.316,0.55,0.55,0.55,0.134,-0.1,-0.016,-0.016
89,6,0.183,0.3,0.417,0.7,0.567,0.9,0.417,0.134
90,6,0.05,0.05,0.284,0.85,1.0,1.0,0.85,0.284
91,,-0.1,-0.1,0.134,0.7,0.85,0.85,0.7,0.134
92,2,0.333,0.9,0.567,0.85,0.717,0.6,0.567,0.284
93,2,0.766,1.0,1.0,1.0,0.584,0.35,0.434,0.434
94,,0.616,0.85,0.85,0.85,0.434,0.2,0.284,0.284
95,,0.466,0.7,0.7,0.7,0.284,0.05,0.134,0.134
96,,0.316,0.55,0.55,0.55,0.134,-0.1,-0.016,-0.016
97,6,0.183,0.3,0.417,0.7,0.567,0.9,0.417,0.134
98,6,0.05,0.05,0.284,0.85,1.0,1.0,0.85,0.284
99,,-0.1,-0.1,0.134,0.7,0.85,0.85,0.7,0.134
100,2,0.333,0.9,0.567,0.85,0.717,0.6,0.567,0.284
101,2,0.766,1.0,1.0,1.0,0.584,0.35,0.434,0.434
102,,0.616,0.85,0.85,0.85,0.434,0.2,0.284,0.284
103,,0.466,0.7,0.7,0.7,0.284,0.05,0.134,0.134
104,,0.316,0.55,0.55,0.55,0.134,-0.1,-0.016,-0.016
105,6,0.183,0.3,0.417,0.7,0.567,0.9,0.417,0.134
106,6,0.05,0.05,0.284,0.85,1.0,1.0,0.85,0.284
107,,-0.1,-0.1,0.134,0.7,0.85,0.85,0.7,0.134
108,1,0.9,0.333,0.284,0.567,0.6,0.717,0.85,0.567
109,1,1.0,0.766,0.434,0.434,0.35,0.584,1.0,1.0
110,,0.85,0.616,0.284,0.284,0.2,0.434,0.85,0.85
111,,0.7,0.466,0.134,0.134,0.05,0.284,0.7,0.7
112,,0.55,0.316,-0.016,-0.016,-0.1,0.134,0.55,0.55
113,5,0.3,0.183,0.134,0.417,0.9,0.567,0.7,0.417
114,5,0.05,0.05,0.284,0.85,1.0,1.0,0.85,0.284
115,,-0.1,-0.1,0.134,0.7,0.85,0.85,0.7,0.134
116,2,0.333,0.9,0.567,0.85,0.717,0.6,0.567,0.284
117,2,0.766,1.0,1.0,1.0,0.584,0.35,0.434,0.434
118,,0.616,0.85,0.85,0.85,0.434,0.2,0.284,0.284
119,,0.466,0.7,0.7,0.7,0.284,0.05,0.134,0.134
120,,0.316,0.55,0.55,0.55,0.134,-0.1,-0.016,-0.016
121,6,0.183,0.3,0.417,0.7,0.567,0.9,0.417,0.134
122,6,0.05,0.05,0.284,0.85,1.0,1.0,0.85,0.284
123,,-0.1,-0.1,0.134,0.7,0.85,0.85,0.7,0.134
124,1,0.9,0.333,0.284,0.567,0.6,0.717,0.85,0.567
125,1,1.0,0.766,0.434,0.434,0.35,0.584,1.0,1.0
126,,0.85,0.616,0.284,0.284,0.2,0.434,0.85,0.85
127,,0.7,0.466,0.134,0.134,0.05,0.284,0.7,0.7
128,,0.55,0.316,-0.016,-0.016,-0.1,0.134,0.55,0.55
129,5,0.3,0.183,0.134,0.417,0.9,0.567,0.7,0.417
130,5,0.05,0.05,0.284,0.85,1.0,1.0,0.85,0.284
131,,-0.1,-0.1,0.134,0.7,0.85,0.85,0.7,0.134
132,1,0.9,0.333,0.284,0.567,0.6,0.717,0.85,0.567
133,1,1.0,0.766,0.434,0.434,0.35,0.584,1.0,1.0
134,,0.85,0.616,0.284,0.284,0.2,0.434,0.85,0.85
135,,0.7,0.466,0.134,0.134,0.05,0.284,0.7,0.7
136,,0.55,0.316,-0.016,-0.016,-0.1,0.134,0.55,0.55
137,5,0.3,0.183,0.134,0.417,0.9,0.567,0.7,0.417
138,5,0.05,0.05,0.284,0.85,1.0,1.0,0.85,0.284
139,,-0.1,-0.1,0.134,0.7,0.85,0.85,0.7,0.134
140,1,0.9,0.333,0.284,0.567,0.6,0.717,0.85,0.567
141,1,1.0,0.766,0.434,0.434,0.35,0.584,1.0,1.0
142,,0.85,0.616,0.284,0.284,0.2,0.434,0.85,0.85
143,,0.7,0.466,0.134,0.134,0.05,0.284,0.7,0.7
144,,0.55,0.316,-0.016,-0.016,-0.1,0.134,0.55,0.55
145,5,0.3,0.183,0.134,0.417,0.9,0.567,0.7,0.417
146,5,0.05,0.05,0.284,0.85,1.0,1.0,0.85,0.284
147,,-0.1,-0.1,0.134,0.7,0.85,0.85,0.7,0.134
148,2,0.333,0.9,0.567,0.85,0.717,0.6,0.567,0.284
149,2,0.766,1.0,1.0,1.0,0.584,0.35,0.434,0.434
150,,0.616,0.85,0.85,0.85,0.434,0.2,0.284,0.284
151,,0.466,0.7,0.7,0.7,0.284,0.05,0.134,0.134
152,,0.316,0.55,0.55,0.55,0.134,-0.1,-0.016,-0.016
153,6,0.183,0.3,0.417,0.7,0.567,0.9,0.417,0.134
154,6,0.05,0.05,0.284,0.85,1.0,1.0,0.85,0.284
155,,-0.1,-0.1,0.134,0.7,0.85,0.85,0.7,0.134
156,1,0.9,0.333,0.284,0.567,0.6,0.717,0.85,0.567
157,1,1.0,0.766,0.434,0.434,0.35,0.584,1.0,1.0
158,,0.85,0.616,0.284,0.284,0.2,0.434,0.85,0.85
159,,0.7,0.466,0.134,0.134,0.05,0.284,0.7,0.7
160,,0.55,0.316,-0.016,-0.016,-0.1,0.134,0.55,0.55
161,5,0.3,0.183,0.134,0.417,0.9,0.567,0.7,0.417
162,5,0.05,0.05,0.284,0.85,1.0,1.0,0.85,0.284
163,,-0.1,-0.1,0.134,0.7,0.85,0.85,0.7,0.134
164,1,0.9,0.333,0.284,0.567,0.6,0.717,0.85,0.567
165,1,1.0,0.766,0.434,0.434,0.35,0.584,1.0,1.0
166,,0.85,0.616,0.284,0.284,0.2,0.434,0.85,0.85
167,,0.7,0.466,0.134,0.134,0.05,0.284,0.7,0.7
168,,0.55,0.316,-0.016,-0.016,-0.1,0.134,0.55,0.55
169,5,0.3,0.183,0.134,0.417,0.9,0.567,0.7,0.417
170,5,0.05,0.05,0.284,0.85,1.0,1.0,0.85,0.284
171,,-0.1,-0.1,0.134,0.7,0.85,0.85,0.7,0.134
172,2,0.333,0.9,0.567,0.85,0.717,0.6,0.567,0.284
173,2,0.766,1.0,1.0,1.0,0.584,0.35,0.434,0.434
174,,0.616,0.85,0.85,0.85,0.434,0.2,0.284,0.284
175,,0.466,0.7,0.7,0.7,0.284,0.05,0.134,0.134
176,,0.316,0.55,0.55,0.55,0.134,-0.1,-0.016,-0.016
177,6,0.183,0.3,0.417,0.7,0.567,0.9,0.417,0.134
178,6,0.05,0.05,0.284,0.85,1.0,1.0,0.85,0.284
179,,-0.1,-0.1,0.134,0.7,0.85,0.85,0.7,0.134
180,1,0.9,0.333,0.284,0.567,0.6,0.717,0.85,0.567
181,1,1.0,0.766,0.434,0.434,0.35,0.584,1.0,1.0
182,,0.85,0.616,0.284,0.284,0.2,0.434,0.85,0.85
183,,0.7,0.466,0.134,0.134,0.05,0.284,0.7,0.7
184,,0.55,0.316,-0.016,-0.016,-0.1,0.134,0.55,0.55
185,5,0.3,0.183,0.134,0.417,0.9,0.567,0.7,0.417
186,5,0.05,0.05,0.284,0.85,1.0,1.0,0.85,0.284
187,,-0.1,-0.1,0.134,0.7,0.85,0.85,0.7,0.134
188,1,0.9,0.333,0.284,0.567,0.6,0.717,0.85,0.567
189,1,1.0,0.766,0.434,0.434,0.35,0.584,1.0,1.0
190,,0.85,0.616,0.284,0.284,0.2,0.434,0.85,0.85
191,,0.7,0.466,0.134,0.134,0.05,0.284,0.7,0.7
192,,0.55,0.316,-0.016,-0.016,-0.1,0.134,0.55,0.55
193,5,0.3,0.183,0.134,0.417,0.9,0.567,0.7,0.417
194,5,0.05,0.05,0.284,0.85,1.0,1.0,0.85,0.284
195,,-0.1,-0.1,0.134,0.7,0.85,0.85,0.7,0.134
196,2,0.333,0.9,0.567,0.85,0.717,0.6,0.567,0.284
197,2,0.766,1.0,1.0,1.0,0.584,0.35,0.434,0.434
198,,0.616,0.85,0.85,0.85,0.434,0.2,0.284,0.284
199,,0.466,0.7,0.7,0.7,0.284,0.05,0.134,0.134
