step,active_motive,motive_1,motive_2,motive_3,motive_4,motive_5,motive_6,motive_7,motive_8
0,,0.07264,0.05474,0.04509,0.09105,0.0298,0.05236,0.06976,0.07965
1,,0.05264,0.03474,0.02509,0.07105,0.0098,0.03236,0.04976,0.05965
2,,0.03264,0.01474,0.00509,0.05105,-0.0102,0.01236,0.02976,0.03965
3,5,-0.28736,-0.21726,-0.01491,0.24305,0.9898,0.20436,0.00976,-0.19235
4,5,-0.60736,-0.44926,-0.03491,0.43505,1.0,0.39636,-0.01024,-0.42435
5,1,0.39264,-0.25726,-0.05491,0.20305,0.68,0.16436,-0.03024,-0.23235
6,1,1.0,-0.06526,-0.07491,-0.02895,0.36,-0.06764,-0.05024,-0.04035
7,3,0.98,0.12674,0.92509,0.16305,0.34,-0.29964,-0.37024,-0.27235
8,3,0.96,0.31874,1.0,0.35505,0.32,-0.53164,-0.69024,-0.50435
9,7,0.94,0.08674,0.68,0.12305,0.3,-0.33964,0.30976,-0.31235
10,7,0.92,-0.14526,0.36,-0.10895,0.28,-0.14764,1.0,-0.12035
11,6,0.688,-0.46526,0.128,-0.12895,0.472,0.85236,1.0,-0.14035
12,6,0.456,-0.78526,-0.104,-0.14895,0.664,1.0,1.0,-0.16035
13,2,0.648,0.21474,0.088,-0.16895,0.432,0.68,0.768,-0.18035
14,2,0.84,1.0,0.28,-0.18895,0.2,0.36,0.536,-0.20035
15,8,1.0,0.98,0.048,-0.50895,-0.032,0.34,0.728,0.79965
16,8,1.0,0.96,-0.184,-0.82895,-0.264,0.32,0.92,1.0
17,4,0.768,0.94,0.008,0.17105,-0.072,0.3,0.688,0.68
18,4,0.536,0.92,0.2,1.0,0.12,0.28,0.456,0.36
19,,0.516,0.9,0.18,0.98,0.1,0.26,0.436,0.34
20,,0.496,0.88,0.16,0.96,0.08,0.24,0.416,0.32
21,,0.476,0.86,0.14,0.94,0.06,0.22,0.396,0.3
22,,0.456,0.84,0.12,0.92,0.04,0.2,0.376,0.28
23,,0.436,0.82,0.1,0.9,0.02,0.18,0.356,0.26
24,,0.416,0.8,0.08,0.88,0.0,0.16,0.336,0.24
25,,0.396,0.78,0.06,0.86,-0.02,0.14,0.316,0.22
26,5,0.076,0.548,0.04,1.0,0.98,0.332,0.296,-0.012
27,5,-0.244,0.316,0.02,1.0,1.0,0.524,0.276,-0.244
28,8,-0.052,0.296,-0.212,0.68,0.768,0.504,0.468,0.756
29,8,0.14,0.276,-0.444,0.36,0.536,0.484,0.66,1.0
30,3,0.12,0.468,0.556,0.552,0.516,0.252,0.34,0.768
31,3,0.1,0.66,1.0,0.744,0.496,0.02,0.02,0.536
32,,0.08,0.64,0.98,0.724,0.476,0.0,0.0,0.516
33,,0.06,0.62,0.96,0.704,0.456,-0.02,-0.02,0.496
34,7,0.04,0.388,0.64,0.472,0.436,0.172,0.98,0.688
35,7,0.02,0.156,0.32,0.24,0.416,0.364,1.0,0.88
36,,0.0,0.136,0.3,0.22,0.396,0.344,0.98,0.86
37,,-0.02,0.116,0.28,0.2,0.376,0.324,0.96,0.84
38,1,0.98,0.308,0.26,-0.032,0.056,0.092,0.94,1.0
39,1,1.0,0.5,0.24,-0.264,-0.264,-0.14,0.92,1.0
40,4,0.768,0.48,0.432,0.736,-0.072,-0.16,0.688,0.68
41,4,0.536,0.46,0.624,1.0,0.12,-0.18,0.456,0.36
42,6,0.304,0.14,0.392,0.98,0.312,0.82,0.648,0.34
43,6,0.072,-0.18,0.16,0.96,0.504,1.0,0.84,0.32
44,2,0.264,0.82,0.352,0.94,0.272,0.68,0.608,0.3
45,2,0.456,1.0,0.544,0.92,0.04,0.36,0.376,0.28
46,,0.436,0.98,0.524,0.9,0.02,0.34,0.356,0.26
47,,0.416,0.96,0.504,0.88,0.0,0.32,0.336,0.24
48,,0.396,0.94,0.484,0.86,-0.02,0.3,0.316,0.22
49,5,0.076,0.708,0.464,1.0,0.98,0.492,0.296,-0.012
50,5,-0.244,0.476,0.444,1.0,1.0,0.684,0.276,-0.244
51,8,-0.052,0.456,0.212,0.68,0.768,0.664,0.468,0.756
52,8,0.14,0.436,-0.02,0.36,0.536,0.644,0.66,1.0
53,3,0.12,0.628,0.98,0.552,0.516,0.412,0.34,0.768
54,3,0.1,0.82,1.0,0.744,0.496,0.18,0.02,0.536
55,,0.08,0.8,0.98,0.724,0.476,0.16,0.0,0.516
56,,0.06,0.78,0.96,0.704,0.456,0.14,-0.02,0.496
57,7,0.04,0.548,0.64,0.472,0.436,0.332,0.98,0.688
58,7,0.02,0.316,0.32,0.24,0.416,0.524,1.0,0.88
59,,0.0,0.296,0.3,0.22,0.396,0.504,0.98,0.86
60,,-0.02,0.276,0.28,0.2,0.376,0.484,0.96,0.84
61,1,0.98,0.468,0.26,-0.032,0.056,0.252,0.94,1.0
62,1,1.0,0.66,0.24,-0.264,-0.264,0.02,0.92,1.0
63,4,0.768,0.64,0.432,0.736,-0.072,0.0,0.688,0.68
64,4,0.536,0.62,0.624,1.0,0.12,-0.02,0.456,0.36
65,6,0.304,0.3,0.392,0.98,0.312,0.98,0.648,0.34
66,6,0.072,-0.02,0.16,0.96,0.504,1.0,0.84,0.32
67,2,0.264,0.98,0.352,0.94,0.272,0.68,0.608,0.3
68,2,0.456,1.0,0.544,0.92,0.04,0.36,0.376,0.28
69,,0.436,0.98,0.524,0.9,0.02,0.34,0.356,0.26
70,,0.416,0.96,0.504,0.88,0.0,0.32,0.336,0.24
71,,0.396,0.94,0.484,0.86,-0.02,0.3,0.316,0.22
72,5,0.076,0.708,0.464,1.0,0.98,0.492,0.296,-0.012
73,5,-0.244,0.476,0.444,1.0,1.0,0.684,0.276,-0.244
74,8,-0.052,0.456,0.212,0.68,0.768,0.664,0.468,0.756
75,8,0.14,0.436,-0.02,0.36,0.536,0.644,0.66,1.0
76,3,0.12,0.628,0.98,0.552,0.516,0.412,0.34,0.768
77,3,0.1,0.82,1.0,0.744,0.496,0.18,0.02,0.536
78,,0.08,0.8,0.98,0.724,0.476,0.16,0.0,0.516
79,,0.06,0.78,0.96,0.704,0.456,0.14,-0.02,0.496
80,7,0.04,0.548,0.64,0.472,0.436,0.332,0.98,0.688
81,7,0.02,0.316,0.32,0.24,0.416,0.524,1.0,0.88
82,,0.0,0.296,0.3,0.22,0.396,0.504,0.98,0.86
83,,-0.02,0.276,0.28,0.2,0.376,0.484,0.96,0.84
84,1,0.98,0.468,0.26,-0.032,0.056,0.252,0.94,1.0
85,1,1.0,0.66,0.24,-0.264,-0.264,0.02,0.92,1.0
86,5,0.68,0.428,0.22,-0.072,0.736,0.212,0.9,0.768
87,5,0.36,0.196,0.2,0.12,1.0,0.404,0.88,0.536
88,,0.34,0.176,0.18,0.1,0.98,0.384,0.86,0.516
89,,0.32,0.156,0.16,0.08,0.96,0.364,0.84,0.496
90,,0.3,0.136,0.14,0.06,0.94,0.344,0.82,0.476
91,,0.28,0.116,0.12,0.04,0.92,0.324,0.8,0.456
92,,0.26,0.096,0.1,0.02,0.9,0.304,0.78,0.436
93,,0.24,0.076,0.08,0.0,0.88,0.284,0.76,0.416
94,,0.22,0.056,0.06,-0.02,0.86,0.264,0.74,0.396
95,4,-0.012,0.036,0.252,0.98,1.0,0.244,0.508,0.076
96,4,-0.244,0.016,0.444,1.0,1.0,0.224,0.276,-0.244
97,8,-0.052,-0.004,0.212,0.68,0.768,0.204,0.468,0.756
98,8,0.14,-0.024,-0.02,0.36,0.536,0.184,0.66,1.0
99,2,0.332,0.976,0.172,0.34,0.304,-0.136,0.428,0.98
100,2,0.524,1.0,0.364,0.32,0.072,-0.456,0.196,0.96
101,6,0.292,0.68,0.132,0.3,0.264,0.544,0.388,0.94
102,6,0.06,0.36,-0.1,0.28,0.456,1.0,0.58,0.92
103,3,0.04,0.552,0.9,0.472,0.436,0.768,0.26,0.688
104,3,0.02,0.744,1.0,0.664,0.416,0.536,-0.06,0.456
105,7,0.0,0.512,0.68,0.432,0.396,0.728,0.94,0.648
106,7,-0.02,0.28,0.36,0.2,0.376,0.92,1.0,0.84
107,1,0.98,0.472,0.34,-0.032,0.056,0.688,0.98,1.0
108,1,1.0,0.664,0.32,-0.264,-0.264,0.456,0.96,1.0
109,4,0.768,0.644,0.512,0.736,-0.072,0.436,0.728,0.68
110,4,0.536,0.624,0.704,1.0,0.12,0.416,0.496,0.36
111,,0.516,0.604,0.684,0.98,0.1,0.396,0.476,0.34
112,,0.496,0.584,0.664,0.96,0.08,0.376,0.456,0.32
113,,0.476,0.564,0.644,0.94,0.06,0.356,0.436,0.3
114,,0.456,0.544,0.624,0.92,0.04,0.336,0.416,0.28
115,,0.436,0.524,0.604,0.9,0.02,0.316,0.396,0.26
116,,0.416,0.504,0.584,0.88,0.0,0.296,0.376,0.24
117,,0.396,0.484,0.564,0.86,-0.02,0.276,0.356,0.22
118,5,0.076,0.252,0.544,1.0,0.98,0.468,0.336,-0.012
119,5,-0.244,0.02,0.524,1.0,1.0,0.66,0.316,-0.244
120,8,-0.052,0.0,0.292,0.68,0.768,0.64,0.508,0.756
121,8,0.14,-0.02,0.06,0.36,0.536,0.62,0.7,1.0
122,2,0.332,0.98,0.252,0.34,0.304,0.3,0.468,0.98
123,2,0.524,1.0,0.444,0.32,0.072,-0.02,0.236,0.96
124,6,0.292,0.68,0.212,0.3,0.264,0.98,0.428,0.94
125,6,0.06,0.36,-0.02,0.28,0.456,1.0,0.62,0.92
126,3,0.04,0.552,0.98,0.472,0.436,0.768,0.3,0.688
127,3,0.02,0.744,1.0,0.664,0.416,0.536,-0.02,0.456
128,7,0.0,0.512,0.68,0.432,0.396,0.728,0.98,0.648
129,7,-0.02,0.28,0.36,0.2,0.376,0.92,1.0,0.84
130,1,0.98,0.472,0.34,-0.032,0.056,0.688,0.98,1.0
131,1,1.0,0.664,0.32,-0.264,-0.264,0.456,0.96,1.0
132,5,0.68,0.432,0.3,-0.072,0.736,0.648,0.94,0.768
133,5,0.36,0.2,0.28,0.12,1.0,0.84,0.92,0.536
134,,0.34,0.18,0.26,0.1,0.98,0.82,0.9,0.516
135,,0.32,0.16,0.24,0.08,0.96,0.8,0.88,0.496
136,,0.3,0.14,0.22,0.06,0.94,0.78,0.86,0.476
137,,0.28,0.12,0.2,0.04,0.92,0.76,0.84,0.456
138,,0.26,0.1,0.18,0.02,0.9,0.74,0.82,0.436
139,,0.24,0.08,0.16,0.0,0.88,0.72,0.8,0.416
140,,0.22,0.06,0.14,-0.02,0.86,0.7,0.78,0.396
141,4,-0.012,0.04,0.332,0.98,1.0,0.68,0.548,0.076
142,4,-0.244,0.02,0.524,1.0,1.0,0.66,0.316,-0.244
143,1,0.756,0.212,0.504,0.768,0.68,0.428,0.296,-0.052
144,1,1.0,0.404,0.484,0.536,0.36,0.196,0.276,0.14
145,,0.98,0.384,0.464,0.516,0.34,0.176,0.256,0.12
146,,0.96,0.364,0.444,0.496,0.32,0.156,0.236,0.1
147,,0.94,0.344,0.424,0.476,0.3,0.136,0.216,0.08
148,,0.92,0.324,0.404,0.456,0.28,0.116,0.196,0.06
149,,0.9,0.304,0.384,0.436,0.26,0.096,0.176,0.04
150,,0.88,0.284,0.364,0.416,0.24,0.076,0.156,0.02
151,,0.86,0.264,0.344,0.396,0.22,0.056,0.136,0.0
152,,0.84,0.244,0.324,0.376,0.2,0.036,0.116,-0.02
153,8,1.0,0.224,0.092,0.056,-0.032,0.016,0.308,0.98
154,8,1.0,0.204,-0.14,-0.264,-0.264,-0.004,0.5,1.0
155,5,0.68,-0.028,-0.16,-0.072,0.736,0.188,0.48,0.768
156,5,0.36,-0.26,-0.18,0.12,1.0,0.38,0.46,0.536
157,2,0.552,0.74,0.012,0.1,0.768,0.06,0.228,0.516
158,2,0.744,1.0,0.204,0.08,0.536,-0.26,-0.004,0.496
159,6,0.512,0.68,-0.028,0.06,0.728,0.74,0.188,0.476
160,6,0.28,0.36,-0.26,0.04,0.92,1.0,0.38,0.456
161,3,0.26,0.552,0.74,0.232,0.9,0.768,0.06,0.224
162,3,0.24,0.744,1.0,0.424,0.88,0.536,-0.26,-0.008
163,7,0.22,0.512,0.68,0.192,0.86,0.728,0.74,0.184
164,7,0.2,0.28,0.36,-0.04,0.84,0.92,1.0,0.376
165,4,-0.032,0.26,0.552,0.96,1.0,0.9,0.768,0.056
166,4,-0.264,0.24,0.744,1.0,1.0,0.88,0.536,-0.264
167,1,0.736,0.432,0.724,0.768,0.68,0.648,0.516,-0.072
168,1,1.0,0.624,0.704,0.536,0.36,0.416,0.496,0.12
169,,0.98,0.604,0.684,0.516,0.34,0.396,0.476,0.1
170,,0.96,0.584,0.664,0.496,0.32,0.376,0.456,0.08
171,,0.94,0.564,0.644,0.476,0.3,0.356,0.436,0.06
172,,0.92,0.544,0.624,0.456,0.28,0.336,0.416,0.04
173,,0.9,0.524,0.604,0.436,0.26,0.316,0.396,0.02
174,,0.88,0.504,0.584,0.416,0.24,0.296,0.376,0.0
175,,0.86,0.484,0.564,0.396,0.22,0.276,0.356,-0.02
176,8,1.0,0.464,0.332,0.076,-0.012,0.256,0.548,0.98
177,8,1.0,0.444,0.1,-0.244,-0.244,0.236,0.74,1.0
178,5,0.68,0.212,0.08,-0.052,0.756,0.428,0.72,0.768
179,5,0.36,-0.02,0.06,0.14,1.0,0.62,0.7,0.536
180,2,0.552,0.98,0.252,0.12,0.768,0.3,0.468,0.516
181,2,0.744,1.0,0.444,0.1,0.536,-0.02,0.236,0.496
182,6,0.512,0.68,0.212,0.08,0.728,0.98,0.428,0.476
183,6,0.28,0.36,-0.02,0.06,0.92,1.0,0.62,0.456
184,3,0.26,0.552,0.98,0.252,0.9,0.768,0.3,0.224
185,3,0.24,0.744,1.0,0.444,0.88,0.536,-0.02,-0.008
186,7,0.22,0.512,0.68,0.212,0.86,0.728,0.98,0.184
187,7,0.2,0.28,0.36,-0.02,0.84,0.92,1.0,0.376
188,4,-0.032,0.26,0.552,0.98,1.0,0.9,0.768,0.056
189,4,-0.264,0.24,0.744,1.0,1.0,0.88,0.536,-0.264
190,1,0.736,0.432,0.724,0.768,0.68,0.648,0.516,-0.072
191,1,1.0,0.624,0.704,0.536,0.36,0.416,0.496,0.12
192,,0.98,0.604,0.684,0.516,0.34,0.396,0.476,0.1
193,,0.96,0.584,0.664,0.496,0.32,0.376,0.456,0.08
194,,0.94,0.564,0.644,0.476,0.3,0.356,0.436,0.06
195,,0.92,0.544,0.624,0.456,0.28,0.336,0.416,0.04
196,,0.9,0.524,0.604,0.436,0.26,0.316,0.396,0.02
197,,0.88,0.504,0.584,0.416,0.24,0.296,0.376,0.0
198,,0.86,0.484,0.564,0.396,0.22,0.276,0.356,-0.02
199,8,1.0,0.464,0.332,0.076,-0.012,0.256,0.548,0.98
200,8,1.0,0.444,0.1,-0.244,-0.244,0.236,0.74,1.0
201,4,0.768,0.424,0.292,0.756,-0.052,0.216,0.508,0.68
202,4,0.536,0.404,0.484,1.0,0.14,0.196,0.276,0.36
203,,0.516,0.384,0.464,0.98,0.12,0.176,0.256,0.34
204,,0.496,0.364,0.444,0.96,0.1,0.156,0.236,0.32
205,,0.476,0.344,0.424,0.94,0.08,0.136,0.216,0.3
206,,0.456,0.324,0.404,0.92,0.06,0.116,0.196,0.28
207,,0.436,0.304,0.384,0.9,0.04,0.096,0.176,0.26
208,,0.416,0.284,0.364,0.88,0.02,0.076,0.156,0.24
209,,0.396,0.264,0.344,0.86,0.0,0.056,0.136,0.22
210,,0.376,0.244,0.324,0.84,-0.02,0.036,0.116,0.2
211,5,0.056,0.012,0.304,1.0,0.98,0.228,0.096,-0.032
212,5,-0.264,-0.22,0.284,1.0,1.0,0.42,0.076,-0.264
213,8,-0.072,-0.24,0.052,0.68,0.768,0.4,0.268,0.736
214,8,0.12,-0.26,-0.18,0.36,0.536,0.38,0.46,1.0
215,2,0.312,0.74,0.012,0.34,0.304,0.06,0.228,0.98
216,2,0.504,1.0,0.204,0.32,0.072,-0.26,-0.004,0.96
217,6,0.272,0.68,-0.028,0.3,0.264,0.74,0.188,0.94
218,6,0.04,0.36,-0.26,0.28,0.456,1.0,0.38,0.92
219,3,0.02,0.552,0.74,0.472,0.436,0.768,0.06,0.688
220,3,0.0,0.744,1.0,0.664,0.416,0.536,-0.26,0.456
221,7,-0.02,0.512,0.68,0.432,0.396,0.728,0.74,0.648
222,7,-0.04,0.28,0.36,0.2,0.376,0.92,1.0,0.84
223,1,0.96,0.472,0.34,-0.032,0.056,0.688,0.98,1.0
224,1,1.0,0.664,0.32,-0.264,-0.264,0.456,0.96,1.0
225,4,0.768,0.644,0.512,0.736,-0.072,0.436,0.728,0.68
226,4,0.536,0.624,0.704,1.0,0.12,0.416,0.496,0.36
227,,0.516,0.604,0.684,0.98,0.1,0.396,0.476,0.34
228,,0.496,0.584,0.664,0.96,0.08,0.376,0.456,0.32
229,,0.476,0.564,0.644,0.94,0.06,0.356,0.436,0.3
230,,0.456,0.544,0.624,0.92,0.04,0.336,0.416,0.28
231,,0.436,0.524,0.604,0.9,0.02,0.316,0.396,0.26
232,,0.416,0.504,0.584,0.88,0.0,0.296,0.376,0.24
233,,0.396,0.484,0.564,0.86,-0.02,0.276,0.356,0.22
234,5,0.076,0.252,0.544,1.0,0.98,0.468,0.336,-0.012
235,5,-0.244,0.02,0.524,1.0,1.0,0.66,0.316,-0.244
236,1,0.756,0.212,0.504,0.768,0.68,0.428,0.296,-0.052
237,1,1.0,0.404,0.484,0.536,0.36,0.196,0.276,0.14
238,,0.98,0.384,0.464,0.516,0.34,0.176,0.256,0.12
239,,0.96,0.364,0.444,0.496,0.32,0.156,0.236,0.1
240,,0.94,0.344,0.424,0.476,0.3,0.136,0.216,0.08
241,,0.92,0.324,0.404,0.456,0.28,0.116,0.196,0.06
242,,0.9,0.304,0.384,0.436,0.26,0.096,0.176,0.04
243,,0.88,0.284,0.364,0.416,0.24,0.076,0.156,0.02
244,,0.86,0.264,0.344,0.396,0.22,0.056,0.136,0.0
245,,0.84,0.244,0.324,0.376,0.2,0.036,0.116,-0.02
246,8,1.0,0.224,0.092,0.056,-0.032,0.016,0.308,0.98
247,8,1.0,0.204,-0.14,-0.264,-0.264,-0.004,0.5,1.0
248,4,0.768,0.184,0.052,0.736,-0.072,-0.024,0.268,0.68
249,4,0.536,0.164,0.244,1.0,0.12,-0.044,0.036,0.36
250,6,0.304,-0.156,0.012,0.98,0.312,0.956,0.228,0.34
251,6,0.072,-0.476,-0.22,0.96,0.504,1.0,0.42,0.32
252,2,0.264,0.524,-0.028,0.94,0.272,0.68,0.188,0.3
253,2,0.456,1.0,0.164,0.92,0.04,0.36,-0.044,0.28
254,7,0.436,0.768,-0.156,0.688,0.02,0.552,0.956,0.472
255,7,0.416,0.536,-0.476,0.456,0.0,0.744,1.0,0.664
256,3,0.396,0.728,0.524,0.648,-0.02,0.512,0.68,0.432
257,3,0.376,0.92,1.0,0.84,-0.04,0.28,0.36,0.2
258,5,0.056,0.688,0.98,1.0,0.96,0.472,0.34,-0.032
259,5,-0.264,0.456,0.96,1.0,1.0,0.664,0.32,-0.264
260,1,0.736,0.648,0.94,0.768,0.68,0.432,0.3,-0.072
261,1,1.0,0.84,0.92,0.536,0.36,0.2,0.28,0.12
262,,0.98,0.82,0.9,0.516,0.34,0.18,0.26,0.1
263,,0.96,0.8,0.88,0.496,0.32,0.16,0.24,0.08
264,,0.94,0.78,0.86,0.476,0.3,0.14,0.22,0.06
265,,0.92,0.76,0.84,0.456,0.28,0.12,0.2,0.04
266,,0.9,0.74,0.82,0.436,0.26,0.1,0.18,0.02
267,,0.88,0.72,0.8,0.416,0.24,0.08,0.16,0.0
268,,0.86,0.7,0.78,0.396,0.22,0.06,0.14,-0.02
269,8,1.0,0.68,0.548,0.076,-0.012,0.04,0.332,0.98
270,8,1.0,0.66,0.316,-0.244,-0.244,0.02,0.524,1.0
271,4,0.768,0.64,0.508,0.756,-0.052,0.0,0.292,0.68
272,4,0.536,0.62,0.7,1.0,0.14,-0.02,0.06,0.36
273,6,0.304,0.3,0.468,0.98,0.332,0.98,0.252,0.34
274,6,0.072,-0.02,0.236,0.96,0.524,1.0,0.444,0.32
275,2,0.264,0.98,0.428,0.94,0.292,0.68,0.212,0.3
276,2,0.456,1.0,0.62,0.92,0.06,0.36,-0.02,0.28
277,7,0.436,0.768,0.3,0.688,0.04,0.552,0.98,0.472
278,7,0.416,0.536,-0.02,0.456,0.02,0.744,1.0,0.664
279,3,0.396,0.728,0.98,0.648,0.0,0.512,0.68,0.432
280,3,0.376,0.92,1.0,0.84,-0.02,0.28,0.36,0.2
281,5,0.056,0.688,0.98,1.0,0.98,0.472,0.34,-0.032
282,5,-0.264,0.456,0.96,1.0,1.0,0.664,0.32,-0.264
283,1,0.736,0.648,0.94,0.768,0.68,0.432,0.3,-0.072
284,1,1.0,0.84,0.92,0.536,0.36,0.2,0.28,0.12
285,,0.98,0.82,0.9,0.516,0.34,0.18,0.26,0.1
286,,0.96,0.8,0.88,0.496,0.32,0.16,0.24,0.08
287,,0.94,0.78,0.86,0.476,0.3,0.14,0.22,0.06
288,,0.92,0.76,0.84,0.456,0.28,0.12,0.2,0.04
289,,0.9,0.74,0.82,0.436,0.26,0.1,0.18,0.02
290,,0.88,0.72,0.8,0.416,0.24,0.08,0.16,0.0
291,,0.86,0.7,0.78,0.396,0.22,0.06,0.14,-0.02
292,8,1.0,0.68,0.548,0.076,-0.012,0.04,0.332,0.98
293,8,1.0,0.66,0.316,-0.244,-0.244,0.02,0.524,1.0
294,5,0.68,0.428,0.296,-0.052,0.756,0.212,0.504,0.768
295,5,0.36,0.196,0.276,0.14,1.0,0.404,0.484,0.536
296,,0.34,0.176,0.256,0.12,0.98,0.384,0.464,0.516
297,,0.32,0.156,0.236,0.1,0.96,0.364,0.444,0.496
298,,0.3,0.136,0.216,0.08,0.94,0.344,0.424,0.476
299,,0.28,0.116,0.196,0.06,0.92,0.324,0.404,0.456
300,,0.26,0.096,0.176,0.04,0.9,0.304,0.384,0.436
301,,0.24,0.076,0.156,0.02,0.88,0.284,0.364,0.416
302,,0.22,0.056,0.136,0.0,0.86,0.264,0.344,0.396
303,,0.2,0.036,0.116,-0.02,0.84,0.244,0.324,0.376
304,4,-0.032,0.016,0.308,0.98,1.0,0.224,0.092,0.056
305,4,-0.264,-0.004,0.5,1.0,1.0,0.204,-0.14,-0.264
306,1,0.736,0.188,0.48,0.768,0.68,-0.028,-0.16,-0.072
307,1,1.0,0.38,0.46,0.536,0.36,-0.26,-0.18,0.12
308,6,0.768,0.06,0.228,0.516,0.552,0.74,0.012,0.1
309,6,0.536,-0.26,-0.004,0.496,0.744,1.0,0.204,0.08
310,2,0.728,0.74,0.188,0.476,0.512,0.68,-0.028,0.06
311,2,0.92,1.0,0.38,0.456,0.28,0.36,-0.26,0.04
312,7,0.9,0.768,0.06,0.224,0.26,0.552,0.74,0.232
313,7,0.88,0.536,-0.26,-0.008,0.24,0.744,1.0,0.424
314,3,0.86,0.728,0.74,0.184,0.22,0.512,0.68,0.192
315,3,0.84,0.92,1.0,0.376,0.2,0.28,0.36,-0.04
316,8,1.0,0.9,0.768,0.056,-0.032,0.26,0.552,0.96
317,8,1.0,0.88,0.536,-0.264,-0.264,0.24,0.744,1.0
318,4,0.768,0.86,0.728,0.736,-0.072,0.22,0.512,0.68
319,4,0.536,0.84,0.92,1.0,0.12,0.2,0.28,0.36
320,,0.516,0.82,0.9,0.98,0.1,0.18,0.26,0.34
321,,0.496,0.8,0.88,0.96,0.08,0.16,0.24,0.32
322,,0.476,0.78,0.86,0.94,0.06,0.14,0.22,0.3
323,,0.456,0.76,0.84,0.92,0.04,0.12,0.2,0.28
324,,0.436,0.74,0.82,0.9,0.02,0.1,0.18,0.26
325,,0.416,0.72,0.8,0.88,0.0,0.08,0.16,0.24
326,,0.396,0.7,0.78,0.86,-0.02,0.06,0.14,0.22
327,5,0.076,0.468,0.76,1.0,0.98,0.252,0.12,-0.012
328,5,-0.244,0.236,0.74,1.0,1.0,0.444,0.1,-0.244
329,8,-0.052,0.216,0.508,0.68,0.768,0.424,0.292,0.756
330,8,0.14,0.196,0.276,0.36,0.536,0.404,0.484,1.0
331,,0.12,0.176,0.256,0.34,0.516,0.384,0.464,0.98
332,,0.1,0.156,0.236,0.32,0.496,0.364,0.444,0.96
333,,0.08,0.136,0.216,0.3,0.476,0.344,0.424,0.94
334,,0.06,0.116,0.196,0.28,0.456,0.324,0.404,0.92
335,,0.04,0.096,0.176,0.26,0.436,0.304,0.384,0.9
336,,0.02,0.076,0.156,0.24,0.416,0.284,0.364,0.88
337,,0.0,0.056,0.136,0.22,0.396,0.264,0.344,0.86
338,,-0.02,0.036,0.116,0.2,0.376,0.244,0.324,0.84
339,1,0.98,0.228,0.096,-0.032,0.056,0.012,0.304,1.0
340,1,1.0,0.42,0.076,-0.264,-0.264,-0.22,0.284,1.0
341,5,0.68,0.188,0.056,-0.072,0.736,-0.028,0.264,0.768
342,5,0.36,-0.044,0.036,0.12,1.0,0.164,0.244,0.536
343,2,0.552,0.956,0.228,0.1,0.768,-0.156,0.012,0.516
344,2,0.744,1.0,0.42,0.08,0.536,-0.476,-0.22,0.496
345,6,0.512,0.68,0.188,0.06,0.728,0.524,-0.028,0.476
346,6,0.28,0.36,-0.044,0.04,0.92,1.0,0.164,0.456
347,3,0.26,0.552,0.956,0.232,0.9,0.768,-0.156,0.224
348,3,0.24,0.744,1.0,0.424,0.88,0.536,-0.476,-0.008
349,7,0.22,0.512,0.68,0.192,0.86,0.728,0.524,0.184
350,7,0.2,0.28,0.36,-0.04,0.84,0.92,1.0,0.376
351,4,-0.032,0.26,0.552,0.96,1.0,0.9,0.768,0.056
352,4,-0.264,0.24,0.744,1.0,1.0,0.88,0.536,-0.264
353,8,-0.072,0.22,0.512,0.68,0.768,0.86,0.728,0.736
354,8,0.12,0.2,0.28,0.36,0.536,0.84,0.92,1.0
355,,0.1,0.18,0.26,0.34,0.516,0.82,0.9,0.98
356,,0.08,0.16,0.24,0.32,0.496,0.8,0.88,0.96
357,,0.06,0.14,0.22,0.3,0.476,0.78,0.86,0.94
358,,0.04,0.12,0.2,0.28,0.456,0.76,0.84,0.92
359,,0.02,0.1,0.18,0.26,0.436,0.74,0.82,0.9
360,,0.0,0.08,0.16,0.24,0.416,0.72,0.8,0.88
361,,-0.02,0.06,0.14,0.22,0.396,0.7,0.78,0.86
362,1,0.98,0.252,0.12,-0.012,0.076,0.468,0.76,1.0
363,1,1.0,0.444,0.1,-0.244,-0.244,0.236,0.74,1.0
364,5,0.68,0.212,0.08,-0.052,0.756,0.428,0.72,0.768
365,5,0.36,-0.02,0.06,0.14,1.0,0.62,0.7,0.536
366,2,0.552,0.98,0.252,0.12,0.768,0.3,0.468,0.516
367,2,0.744,1.0,0.444,0.1,0.536,-0.02,0.236,0.496
368,6,0.512,0.68,0.212,0.08,0.728,0.98,0.428,0.476
369,6,0.28,0.36,-0.02,0.06,0.92,1.0,0.62,0.456
370,3,0.26,0.552,0.98,0.252,0.9,0.768,0.3,0.224
371,3,0.24,0.744,1.0,0.444,0.88,0.536,-0.02,-0.008
372,7,0.22,0.512,0.68,0.212,0.86,0.728,0.98,0.184
373,7,0.2,0.28,0.36,-0.02,0.84,0.92,1.0,0.376
374,4,-0.032,0.26,0.552,0.98,1.0,0.9,0.768,0.056
375,4,-0.264,0.24,0.744,1.0,1.0,0.88,0.536,-0.264
376,8,-0.072,0.22,0.512,0.68,0.768,0.86,0.728,0.736
377,8,0.12,0.2,0.28,0.36,0.536,0.84,0.92,1.0
378,,0.1,0.18,0.26,0.34,0.516,0.82,0.9,0.98
379,,0.08,0.16,0.24,0.32,0.496,0.8,0.88,0.96
380,,0.06,0.14,0.22,0.3,0.476,0.78,0.86,0.94
381,,0.04,0.12,0.2,0.28,0.456,0.76,0.84,0.92
382,,0.02,0.1,0.18,0.26,0.436,0.74,0.82,0.9
383,,0.0,0.08,0.16,0.24,0.416,0.72,0.8,0.88
384,,-0.02,0.06,0.14,0.22,0.396,0.7,0.78,0.86
385,1,0.98,0.252,0.12,-0.012,0.076,0.468,0.76,1.0
386,1,1.0,0.444,0.1,-0.244,-0.244,0.236,0.74,1.0
387,5,0.68,0.212,0.08,-0.052,0.756,0.428,0.72,0.768
388,5,0.36,-0.02,0.06,0.14,1.0,0.62,0.7,0.536
389,2,0.552,0.98,0.252,0.12,0.768,0.3,0.468,0.516
390,2,0.744,1.0,0.444,0.1,0.536,-0.02,0.236,0.496
391,6,0.512,0.68,0.212,0.08,0.728,0.98,0.428,0.476
392,6,0.28,0.36,-0.02,0.06,0.92,1.0,0.62,0.456
393,3,0.26,0.552,0.98,0.252,0.9,0.768,0.3,0.224
394,3,0.24,0.744,1.0,0.444,0.88,0.536,-0.02,-0.008
395,7,0.22,0.512,0.68,0.212,0.86,0.728,0.98,0.184
396,7,0.2,0.28,0.36,-0.02,0.84,0.92,1.0,0.376
397,4,-0.032,0.26,0.552,0.98,1.0,0.9,0.768,0.056
398,4,-0.264,0.24,0.744,1.0,1.0,0.88,0.536,-0.264
399,8,-0.072,0.22,0.512,0.68,0.768,0.86,0.728,0.736
400,8,0.12,0.2,0.28,0.36,0.536,0.84,0.92,1.0
401,,0.1,0.18,0.26,0.34,0.516,0.82,0.9,0.98
402,,0.08,0.16,0.24,0.32,0.496,0.8,0.88,0.96
403,,0.06,0.14,0.22,0.3,0.476,0.78,0.86,0.94
404,,0.04,0.12,0.2,0.28,0.456,0.76,0.84,0.92
405,,0.02,0.1,0.18,0.26,0.436,0.74,0.82,0.9
406,,0.0,0.08,0.16,0.24,0.416,0.72,0.8,0.88
407,,-0.02,0.06,0.14,0.22,0.396,0.7,0.78,0.86
408,1,0.98,0.252,0.12,-0.012,0.076,0.468,0.76,1.0
409,1,1.0,0.444,0.1,-0.244,-0.244,0.236,0.74,1.0
410,4,0.768,0.424,0.292,0.756,-0.052,0.216,0.508,0.68
411,4,0.536,0.404,0.484,1.0,0.14,0.196,0.276,0.36
412,,0.516,0.384,0.464,0.98,0.12,0.176,0.256,0.34
413,,0.496,0.364,0.444,0.96,0.1,0.156,0.236,0.32
414,,0.476,0.344,0.424,0.94,0.08,0.136,0.216,0.3
415,,0.456,0.324,0.404,0.92,0.06,0.116,0.196,0.28
416,,0.436,0.304,0.384,0.9,0.04,0.096,0.176,0.26
417,,0.416,0.284,0.364,0.88,0.02,0.076,0.156,0.24
418,,0.396,0.264,0.344,0.86,0.0,0.056,0.136,0.22
419,,0.376,0.244,0.324,0.84,-0.02,0.036,0.116,0.2
420,5,0.056,0.012,0.304,1.0,0.98,0.228,0.096,-0.032
421,5,-0.264,-0.22,0.284,1.0,1.0,0.42,0.076,-0.264
422,1,0.736,-0.028,0.264,0.768,0.68,0.188,0.056,-0.072
423,1,1.0,0.164,0.244,0.536,0.36,-0.044,0.036,0.12
424,6,0.768,-0.156,0.012,0.516,0.552,0.956,0.228,0.1
425,6,0.536,-0.476,-0.22,0.496,0.744,1.0,0.42,0.08
426,2,0.728,0.524,-0.028,0.476,0.512,0.68,0.188,0.06
427,2,0.92,1.0,0.164,0.456,0.28,0.36,-0.044,0.04
428,7,0.9,0.768,-0.156,0.224,0.26,0.552,0.956,0.232
429,7,0.88,0.536,-0.476,-0.008,0.24,0.744,1.0,0.424
430,3,0.86,0.728,0.524,0.184,0.22,0.512,0.68,0.192
431,3,0.84,0.92,1.0,0.376,0.2,0.28,0.36,-0.04
432,8,1.0,0.9,0.768,0.056,-0.032,0.26,0.552,0.96
433,8,1.0,0.88,0.536,-0.264,-0.264,0.24,0.744,1.0
434,5,0.68,0.648,0.516,-0.072,0.736,0.432,0.724,0.768
435,5,0.36,0.416,0.496,0.12,1.0,0.624,0.704,0.536
436,,0.34,0.396,0.476,0.1,0.98,0.604,0.684,0.516
437,,0.32,0.376,0.456,0.08,0.96,0.584,0.664,0.496
438,,0.3,0.356,0.436,0.06,0.94,0.564,0.644,0.476
439,,0.28,0.336,0.416,0.04,0.92,0.544,0.624,0.456
440,,0.26,0.316,0.396,0.02,0.9,0.524,0.604,0.436
441,,0.24,0.296,0.376,0.0,0.88,0.504,0.584,0.416
442,,0.22,0.276,0.356,-0.02,0.86,0.484,0.564,0.396
443,4,-0.012,0.256,0.548,0.98,1.0,0.464,0.332,0.076
444,4,-0.244,0.236,0.74,1.0,1.0,0.444,0.1,-0.244
445,1,0.756,0.428,0.72,0.768,0.68,0.212,0.08,-0.052
446,1,1.0,0.62,0.7,0.536,0.36,-0.02,0.06,0.14
447,6,0.768,0.3,0.468,0.516,0.552,0.98,0.252,0.12
448,6,0.536,-0.02,0.236,0.496,0.744,1.0,0.444,0.1
449,2,0.728,0.98,0.428,0.476,0.512,0.68,0.212,0.08
450,2,0.92,1.0,0.62,0.456,0.28,0.36,-0.02,0.06
451,7,0.9,0.768,0.3,0.224,0.26,0.552,0.98,0.252
452,7,0.88,0.536,-0.02,-0.008,0.24,0.744,1.0,0.444
453,3,0.86,0.728,0.98,0.184,0.22,0.512,0.68,0.212
454,3,0.84,0.92,1.0,0.376,0.2,0.28,0.36,-0.02
455,8,1.0,0.9,0.768,0.056,-0.032,0.26,0.552,0.98
456,8,1.0,0.88,0.536,-0.264,-0.264,0.24,0.744,1.0
457,4,0.768,0.86,0.728,0.736,-0.072,0.22,0.512,0.68
458,4,0.536,0.84,0.92,1.0,0.12,0.2,0.28,0.36
459,,0.516,0.82,0.9,0.98,0.1,0.18,0.26,0.34
460,,0.496,0.8,0.88,0.96,0.08,0.16,0.24,0.32
461,,0.476,0.78,0.86,0.94,0.06,0.14,0.22,0.3
462,,0.456,0.76,0.84,0.92,0.04,0.12,0.2,0.28
463,,0.436,0.74,0.82,0.9,0.02,0.1,0.18,0.26
464,,0.416,0.72,0.8,0.88,0.0,0.08,0.16,0.24
465,,0.396,0.7,0.78,0.86,-0.02,0.06,0.14,0.22
466,5,0.076,0.468,0.76,1.0,0.98,0.252,0.12,-0.012
467,5,-0.244,0.236,0.74,1.0,1.0,0.444,0.1,-0.244
468,1,0.756,0.428,0.72,0.768,0.68,0.212,0.08,-0.052
469,1,1.0,0.62,0.7,0.536,0.36,-0.02,0.06,0.14
470,6,0.768,0.3,0.468,0.516,0.552,0.98,0.252,0.12
471,6,0.536,-0.02,0.236,0.496,0.744,1.0,0.444,0.1
472,2,0.728,0.98,0.428,0.476,0.512,0.68,0.212,0.08
473,2,0.92,1.0,0.62,0.456,0.28,0.36,-0.02,0.06
474,7,0.9,0.768,0.3,0.224,0.26,0.552,0.98,0.252
475,7,0.88,0.536,-0.02,-0.008,0.24,0.744,1.0,0.444
476,3,0.86,0.728,0.98,0.184,0.22,0.512,0.68,0.212
477,3,0.84,0.92,1.0,0.376,0.2,0.28,0.36,-0.02
478,8,1.0,0.9,0.768,0.056,-0.032,0.26,0.552,0.98
479,8,1.0,0.88,0.536,-0.264,-0.264,0.24,0.744,1.0
480,5,0.68,0.648,0.516,-0.072,0.736,0.432,0.724,0.768
481,5,0.36,0.416,0.496,0.12,1.0,0.624,0.704,0.536
482,,0.34,0.396,0.476,0.1,0.98,0.604,0.684,0.516
483,,0.32,0.376,0.456,0.08,0.96,0.584,0.664,0.496
484,,0.3,0.356,0.436,0.06,0.94,0.564,0.644,0.476
485,,0.28,0.336,0.416,0.04,0.92,0.544,0.624,0.456
486,,0.26,0.316,0.396,0.02,0.9,0.524,0.604,0.436
487,,0.24,0.296,0.376,0.0,0.88,0.504,0.584,0.416
488,,0.22,0.276,0.356,-0.02,0.86,0.484,0.564,0.396
489,4,-0.012,0.256,0.548,0.98,1.0,0.464,0.332,0.076
490,4,-0.244,0.236,0.74,1.0,1.0,0.444,0.1,-0.244
491,8,-0.052,0.216,0.508,0.68,0.768,0.424,0.292,0.756
492,8,0.14,0.196,0.276,0.36,0.536,0.404,0.484,1.0
493,,0.12,0.176,0.256,0.34,0.516,0.384,0.464,0.98
494,,0.1,0.156,0.236,0.32,0.496,0.364,0.444,0.96
495,,0.08,0.136,0.216,0.3,0.476,0.344,0.424,0.94
496,,0.06,0.116,0.196,0.28,0.456,0.324,0.404,0.92
497,,0.04,0.096,0.176,0.26,0.436,0.304,0.384,0.9
498,,0.02,0.076,0.156,0.24,0.416,0.284,0.364,0.88
499,,0.0,0.056,0.136,0.22,0.396,0.264,0.344,0.86
500,,-0.02,0.036,0.116,0.2,0.376,0.244,0.324,0.84
501,1,0.98,0.228,0.096,-0.032,0.056,0.012,0.304,1.0
502,1,1.0,0.42,0.076,-0.264,-0.264,-0.22,0.284,1.0
503,4,0.768,0.4,0.268,0.736,-0.072,-0.24,0.052,0.68
504,4,0.536,0.38,0.46,1.0,0.12,-0.26,-0.18,0.36
505,6,0.304,0.06,0.228,0.98,0.312,0.74,0.012,0.34
506,6,0.072,-0.26,-0.004,0.96,0.504,1.0,0.204,0.32
507,2,0.264,0.74,0.188,0.94,0.272,0.68,-0.028,0.3
508,2,0.456,1.0,0.38,0.92,0.04,0.36,-0.26,0.28
509,7,0.436,0.768,0.06,0.688,0.02,0.552,0.74,0.472
510,7,0.416,0.536,-0.26,0.456,0.0,0.744,1.0,0.664
511,3,0.396,0.728,0.74,0.648,-0.02,0.512,0.68,0.432
512,3,0.376,0.92,1.0,0.84,-0.04,0.28,0.36,0.2
513,5,0.056,0.688,0.98,1.0,0.96,0.472,0.34,-0.032
514,5,-0.264,0.456,0.96,1.0,1.0,0.664,0.32,-0.264
515,8,-0.072,0.436,0.728,0.68,0.768,0.644,0.512,0.736
516,8,0.12,0.416,0.496,0.36,0.536,0.624,0.704,1.0
517,,0.1,0.396,0.476,0.34,0.516,0.604,0.684,0.98
518,,0.08,0.376,0.456,0.32,0.496,0.584,0.664,0.96
519,,0.06,0.356,0.436,0.3,0.476,0.564,0.644,0.94
520,,0.04,0.336,0.416,0.28,0.456,0.544,0.624,0.92
521,,0.02,0.316,0.396,0.26,0.436,0.524,0.604,0.9
522,,0.0,0.296,0.376,0.24,0.416,0.504,0.584,0.88
523,,-0.02,0.276,0.356,0.22,0.396,0.484,0.564,0.86
524,1,0.98,0.468,0.336,-0.012,0.076,0.252,0.544,1.0
525,1,1.0,0.66,0.316,-0.244,-0.244,0.02,0.524,1.0
526,4,0.768,0.64,0.508,0.756,-0.052,0.0,0.292,0.68
527,4,0.536,0.62,0.7,1.0,0.14,-0.02,0.06,0.36
528,6,0.304,0.3,0.468,0.98,0.332,0.98,0.252,0.34
529,6,0.072,-0.02,0.236,0.96,0.524,1.0,0.444,0.32
530,2,0.264,0.98,0.428,0.94,0.292,0.68,0.212,0.3
531,2,0.456,1.0,0.62,0.92,0.06,0.36,-0.02,0.28
532,7,0.436,0.768,0.3,0.688,0.04,0.552,0.98,0.472
533,7,0.416,0.536,-0.02,0.456,0.02,0.744,1.0,0.664
534,3,0.396,0.728,0.98,0.648,0.0,0.512,0.68,0.432
535,3,0.376,0.92,1.0,0.84,-0.02,0.28,0.36,0.2
536,5,0.056,0.688,0.98,1.0,0.98,0.472,0.34,-0.032
537,5,-0.264,0.456,0.96,1.0,1.0,0.664,0.32,-0.264
538,1,0.736,0.648,0.94,0.768,0.68,0.432,0.3,-0.072
539,1,1.0,0.84,0.92,0.536,0.36,0.2,0.28,0.12
540,,0.98,0.82,0.9,0.516,0.34,0.18,0.26,0.1
541,,0.96,0.8,0.88,0.496,0.32,0.16,0.24,0.08
542,,0.94,0.78,0.86,0.476,0.3,0.14,0.22,0.06
543,,0.92,0.76,0.84,0.456,0.28,0.12,0.2,0.04
544,,0.9,0.74,0.82,0.436,0.26,0.1,0.18,0.02
545,,0.88,0.72,0.8,0.416,0.24,0.08,0.16,0.0
546,,0.86,0.7,0.78,0.396,0.22,0.06,0.14,-0.02
547,8,1.0,0.68,0.548,0.076,-0.012,0.04,0.332,0.98
548,8,1.0,0.66,0.316,-0.244,-0.244,0.02,0.524,1.0
549,4,0.768,0.64,0.508,0.756,-0.052,0.0,0.292,0.68
550,4,0.536,0.62,0.7,1.0,0.14,-0.02,0.06,0.36
551,6,0.304,0.3,0.468,0.98,0.332,0.98,0.252,0.34
552,6,0.072,-0.02,0.236,0.96,0.524,1.0,0.444,0.32
553,2,0.264,0.98,0.428,0.94,0.292,0.68,0.212,0.3
554,2,0.456,1.0,0.62,0.92,0.06,0.36,-0.02,0.28
555,7,0.436,0.768,0.3,0.688,0.04,0.552,0.98,0.472
556,7,0.416,0.536,-0.02,0.456,0.02,0.744,1.0,0.664
557,3,0.396,0.728,0.98,0.648,0.0,0.512,0.68,0.432
558,3,0.376,0.92,1.0,0.84,-0.02,0.28,0.36,0.2
559,5,0.056,0.688,0.98,1.0,0.98,0.472,0.34,-0.032
560,5,-0.264,0.456,0.96,1.0,1.0,0.664,0.32,-0.264
561,1,0.736,0.648,0.94,0.768,0.68,0.432,0.3,-0.072
562,1,1.0,0.84,0.92,0.536,0.36,0.2,0.28,0.12
563,,0.98,0.82,0.9,0.516,0.34,0.18,0.26,0.1
564,,0.96,0.8,0.88,0.496,0.32,0.16,0.24,0.08
565,,0.94,0.78,0.86,0.476,0.3,0.14,0.22,0.06
566,,0.92,0.76,0.84,0.456,0.28,0.12,0.2,0.04
567,,0.9,0.74,0.82,0.436,0.26,0.1,0.18,0.02
568,,0.88,0.72,0.8,0.416,0.24,0.08,0.16,0.0
569,,0.86,0.7,0.78,0.396,0.22,0.06,0.14,-0.02
570,8,1.0,0.68,0.548,0.076,-0.012,0.04,0.332,0.98
571,8,1.0,0.66,0.316,-0.244,-0.244,0.02,0.524,1.0
572,5,0.68,0.428,0.296,-0.052,0.756,0.212,0.504,0.768
573,5,0.36,0.196,0.276,0.14,1.0,0.404,0.484,0.536
574,,0.34,0.176,0.256,0.12,0.98,0.384,0.464,0.516
575,,0.32,0.156,0.236,0.1,0.96,0.364,0.444,0.496
576,,0.3,0.136,0.216,0.08,0.94,0.344,0.424,0.476
577,,0.28,0.116,0.196,0.06,0.92,0.324,0.404,0.456
578,,0.26,0.096,0.176,0.04,0.9,0.304,0.384,0.436
579,,0.24,0.076,0.156,0.02,0.88,0.284,0.364,0.416
580,,0.22,0.056,0.136,0.0,0.86,0.264,0.344,0.396
581,,0.2,0.036,0.116,-0.02,0.84,0.244,0.324,0.376
582,4,-0.032,0.016,0.308,0.98,1.0,0.224,0.092,0.056
583,4,-0.264,-0.004,0.5,1.0,1.0,0.204,-0.14,-0.264
584,8,-0.072,-0.024,0.268,0.68,0.768,0.184,0.052,0.736
585,8,0.12,-0.044,0.036,0.36,0.536,0.164,0.244,1.0
586,2,0.312,0.956,0.228,0.34,0.304,-0.156,0.012,0.98
587,2,0.504,1.0,0.42,0.32,0.072,-0.476,-0.22,0.96
588,6,0.272,0.68,0.188,0.3,0.264,0.524,-0.028,0.94
589,6,0.04,0.36,-0.044,0.28,0.456,1.0,0.164,0.92
590,3,0.02,0.552,0.956,0.472,0.436,0.768,-0.156,0.688
591,3,0.0,0.744,1.0,0.664,0.416,0.536,-0.476,0.456
592,7,-0.02,0.512,0.68,0.432,0.396,0.728,0.524,0.648
593,7,-0.04,0.28,0.36,0.2,0.376,0.92,1.0,0.84
594,1,0.96,0.472,0.34,-0.032,0.056,0.688,0.98,1.0
595,1,1.0,0.664,0.32,-0.264,-0.264,0.456,0.96,1.0
596,5,0.68,0.432,0.3,-0.072,0.736,0.648,0.94,0.768
597,5,0.36,0.2,0.28,0.12,1.0,0.84,0.92,0.536
598,,0.34,0.18,0.26,0.1,0.98,0.82,0.9,0.516
599,,0.32,0.16,0.24,0.08,0.96,0.8,0.88,0.496
600,,0.3,0.14,0.22,0.06,0.94,0.78,0.86,0.476
601,,0.28,0.12,0.2,0.04,0.92,0.76,0.84,0.456
602,,0.26,0.1,0.18,0.02,0.9,0.74,0.82,0.436
603,,0.24,0.08,0.16,0.0,0.88,0.72,0.8,0.416
604,,0.22,0.06,0.14,-0.02,0.86,0.7,0.78,0.396
605,4,-0.012,0.04,0.332,0.98,1.0,0.68,0.548,0.076
606,4,-0.244,0.02,0.524,1.0,1.0,0.66,0.316,-0.244
607,1,0.756,0.212,0.504,0.768,0.68,0.428,0.296,-0.052
608,1,1.0,0.404,0.484,0.536,0.36,0.196,0.276,0.14
609,,0.98,0.384,0.464,0.516,0.34,0.176,0.256,0.12
610,,0.96,0.364,0.444,0.496,0.32,0.156,0.236,0.1
611,,0.94,0.344,0.424,0.476,0.3,0.136,0.216,0.08
612,,0.92,0.324,0.404,0.456,0.28,0.116,0.196,0.06
613,,0.9,0.304,0.384,0.436,0.26,0.096,0.176,0.04
614,,0.88,0.284,0.364,0.416,0.24,0.076,0.156,0.02
615,,0.86,0.264,0.344,0.396,0.22,0.056,0.136,0.0
616,,0.84,0.244,0.324,0.376,0.2,0.036,0.116,-0.02
617,8,1.0,0.224,0.092,0.056,-0.032,0.016,0.308,0.98
618,8,1.0,0.204,-0.14,-0.264,-0.264,-0.004,0.5,1.0
619,5,0.68,-0.028,-0.16,-0.072,0.736,0.188,0.48,0.768
620,5,0.36,-0.26,-0.18,0.12,1.0,0.38,0.46,0.536
621,2,0.552,0.74,0.012,0.1,0.768,0.06,0.228,0.516
622,2,0.744,1.0,0.204,0.08,0.536,-0.26,-0.004,0.496
623,6,0.512,0.68,-0.028,0.06,0.728,0.74,0.188,0.476
624,6,0.28,0.36,-0.26,0.04,0.92,1.0,0.38,0.456
625,3,0.26,0.552,0.74,0.232,0.9,0.768,0.06,0.224
626,3,0.24,0.744,1.0,0.424,0.88,0.536,-0.26,-0.008
627,7,0.22,0.512,0.68,0.192,0.86,0.728,0.74,0.184
628,7,0.2,0.28,0.36,-0.04,0.84,0.92,1.0,0.376
629,4,-0.032,0.26,0.552,0.96,1.0,0.9,0.768,0.056
630,4,-0.264,0.24,0.744,1.0,1.0,0.88,0.536,-0.264
631,1,0.736,0.432,0.724,0.768,0.68,0.648,0.516,-0.072
632,1,1.0,0.624,0.704,0.536,0.36,0.416,0.496,0.12
633,,0.98,0.604,0.684,0.516,0.34,0.396,0.476,0.1
634,,0.96,0.584,0.664,0.496,0.32,0.376,0.456,0.08
635,,0.94,0.564,0.644,0.476,0.3,0.356,0.436,0.06
636,,0.92,0.544,0.624,0.456,0.28,0.336,0.416,0.04
637,,0.9,0.524,0.604,0.436,0.26,0.316,0.396,0.02
638,,0.88,0.504,0.584,0.416,0.24,0.296,0.376,0.0
639,,0.86,0.484,0.564,0.396,0.22,0.276,0.356,-0.02
640,8,1.0,0.464,0.332,0.076,-0.012,0.256,0.548,0.98
641,8,1.0,0.444,0.1,-0.244,-0.244,0.236,0.74,1.0
642,5,0.68,0.212,0.08,-0.052,0.756,0.428,0.72,0.768
643,5,0.36,-0.02,0.06,0.14,1.0,0.62,0.7,0.536
644,2,0.552,0.98,0.252,0.12,0.768,0.3,0.468,0.516
645,2,0.744,1.0,0.444,0.1,0.536,-0.02,0.236,0.496
646,6,0.512,0.68,0.212,0.08,0.728,0.98,0.428,0.476
647,6,0.28,0.36,-0.02,0.06,0.92,1.0,0.62,0.456
648,3,0.26,0.552,0.98,0.252,0.9,0.768,0.3,0.224
649,3,0.24,0.744,1.0,0.444,0.88,0.536,-0.02,-0.008
650,7,0.22,0.512,0.68,0.212,0.86,0.728,0.98,0.184
651,7,0.2,0.28,0.36,-0.02,0.84,0.92,1.0,0.376
652,4,-0.032,0.26,0.552,0.98,1.0,0.9,0.768,0.056
653,4,-0.264,0.24,0.744,1.0,1.0,0.88,0.536,-0.264
654,1,0.736,0.432,0.724,0.768,0.68,0.648,0.516,-0.072
655,1,1.0,0.624,0.704,0.536,0.36,0.416,0.496,0.12
656,,0.98,0.604,0.684,0.516,0.34,0.396,0.476,0.1
657,,0.96,0.584,0.664,0.496,0.32,0.376,0.456,0.08
658,,0.94,0.564,0.644,0.476,0.3,0.356,0.436,0.06
659,,0.92,0.544,0.624,0.456,0.28,0.336,0.416,0.04
660,,0.9,0.524,0.604,0.436,0.26,0.316,0.396,0.02
661,,0.88,0.504,0.584,0.416,0.24,0.296,0.376,0.0
662,,0.86,0.484,0.564,0.396,0.22,0.276,0.356,-0.02
663,8,1.0,0.464,0.332,0.076,-0.012,0.256,0.548,0.98
664,8,1.0,0.444,0.1,-0.244,-0.244,0.236,0.74,1.0
665,4,0.768,0.424,0.292,0.756,-0.052,0.216,0.508,0.68
666,4,0.536,0.404,0.484,1.0,0.14,0.196,0.276,0.36
667,,0.516,0.384,0.464,0.98,0.12,0.176,0.256,0.34
668,,0.496,0.364,0.444,0.96,0.1,0.156,0.236,0.32
669,,0.476,0.344,0.424,0.94,0.08,0.136,0.216,0.3
670,,0.456,0.324,0.404,0.92,0.06,0.116,0.196,0.28
671,,0.436,0.304,0.384,0.9,0.04,0.096,0.176,0.26
672,,0.416,0.284,0.364,0.88,0.02,0.076,0.156,0.24
673,,0.396,0.264,0.344,0.86,0.0,0.056,0.136,0.22
674,,0.376,0.244,0.324,0.84,-0.02,0.036,0.116,0.2
675,5,0.056,0.012,0.304,1.0,0.98,0.228,0.096,-0.032
676,5,-0.264,-0.22,0.284,1.0,1.0,0.42,0.076,-0.264
677,1,0.736,-0.028,0.264,0.768,0.68,0.188,0.056,-0.072
678,1,1.0,0.164,0.244,0.536,0.36,-0.044,0.036,0.12
679,6,0.768,-0.156,0.012,0.516,0.552,0.956,0.228,0.1
680,6,0.536,-0.476,-0.22,0.496,0.744,1.0,0.42,0.08
681,2,0.728,0.524,-0.028,0.476,0.512,0.68,0.188,0.06
682,2,0.92,1.0,0.164,0.456,0.28,0.36,-0.044,0.04
683,7,0.9,0.768,-0.156,0.224,0.26,0.552,0.956,0.232
684,7,0.88,0.536,-0.476,-0.008,0.24,0.744,1.0,0.424
685,3,0.86,0.728,0.524,0.184,0.22,0.512,0.68,0.192
686,3,0.84,0.92,1.0,0.376,0.2,0.28,0.36,-0.04
687,8,1.0,0.9,0.768,0.056,-0.032,0.26,0.552,0.96
688,8,1.0,0.88,0.536,-0.264,-0.264,0.24,0.744,1.0
689,5,0.68,0.648,0.516,-0.072,0.736,0.432,0.724,0.768
690,5,0.36,0.416,0.496,0.12,1.0,0.624,0.704,0.536
691,,0.34,0.396,0.476,0.1,0.98,0.604,0.684,0.516
692,,0.32,0.376,0.456,0.08,0.96,0.584,0.664,0.496
693,,0.3,0.356,0.436,0.06,0.94,0.564,0.644,0.476
694,,0.28,0.336,0.416,0.04,0.92,0.544,0.624,0.456
695,,0.26,0.316,0.396,0.02,0.9,0.524,0.604,0.436
696,,0.24,0.296,0.376,0.0,0.88,0.504,0.584,0.416
697,,0.22,0.276,0.356,-0.02,0.86,0.484,0.564,0.396
698,4,-0.012,0.256,0.548,0.98,1.0,0.464,0.332,0.076
699,4,-0.244,0.236,0.74,1.0,1.0,0.444,0.1,-0.244
700,8,-0.052,0.216,0.508,0.68,0.768,0.424,0.292,0.756
701,8,0.14,0.196,0.276,0.36,0.536,0.404,0.484,1.0
702,,0.12,0.176,0.256,0.34,0.516,0.384,0.464,0.98
703,,0.1,0.156,0.236,0.32,0.496,0.364,0.444,0.96
704,,0.08,0.136,0.216,0.3,0.476,0.344,0.424,0.94
705,,0.06,0.116,0.196,0.28,0.456,0.324,0.404,0.92
706,,0.04,0.096,0.176,0.26,0.436,0.304,0.384,0.9
707,,0.02,0.076,0.156,0.24,0.416,0.284,0.364,0.88
708,,0.0,0.056,0.136,0.22,0.396,0.264,0.344,0.86
709,,-0.02,0.036,0.116,0.2,0.376,0.244,0.324,0.84
710,1,0.98,0.228,0.096,-0.032,0.056,0.012,0.304,1.0
711,1,1.0,0.42,0.076,-0.264,-0.264,-0.22,0.284,1.0
712,5,0.68,0.188,0.056,-0.072,0.736,-0.028,0.264,0.768
713,5,0.36,-0.044,0.036,0.12,1.0,0.164,0.244,0.536
714,2,0.552,0.956,0.228,0.1,0.768,-0.156,0.012,0.516
715,2,0.744,1.0,0.42,0.08,0.536,-0.476,-0.22,0.496
716,6,0.512,0.68,0.188,0.06,0.728,0.524,-0.028,0.476
717,6,0.28,0.36,-0.044,0.04,0.92,1.0,0.164,0.456
718,3,0.26,0.552,0.956,0.232,0.9,0.768,-0.156,0.224
719,3,0.24,0.744,1.0,0.424,0.88,0.536,-0.476,-0.008
720,7,0.22,0.512,0.68,0.192,0.86,0.728,0.524,0.184
721,7,0.2,0.28,0.36,-0.04,0.84,0.92,1.0,0.376
722,4,-0.032,0.26,0.552,0.96,1.0,0.9,0.768,0.056
723,4,-0.264,0.24,0.744,1.0,1.0,0.88,0.536,-0.264
724,8,-0.072,0.22,0.512,0.68,0.768,0.86,0.728,0.736
725,8,0.12,0.2,0.28,0.36,0.536,0.84,0.92,1.0
726,,0.1,0.18,0.26,0.34,0.516,0.82,0.9,0.98
727,,0.08,0.16,0.24,0.32,0.496,0.8,0.88,0.96
728,,0.06,0.14,0.22,0.3,0.476,0.78,0.86,0.94
729,,0.04,0.12,0.2,0.28,0.456,0.76,0.84,0.92
730,,0.02,0.1,0.18,0.26,0.436,0.74,0.82,0.9
731,,0.0,0.08,0.16,0.24,0.416,0.72,0.8,0.88
732,,-0.02,0.06,0.14,0.22,0.396,0.7,0.78,0.86
733,1,0.98,0.252,0.12,-0.012,0.076,0.468,0.76,1.0
734,1,1.0,0.444,0.1,-0.244,-0.244,0.236,0.74,1.0
735,4,0.768,0.424,0.292,0.756,-0.052,0.216,0.508,0.68
736,4,0.536,0.404,0.484,1.0,0.14,0.196,0.276,0.36
737,,0.516,0.384,0.464,0.98,0.12,0.176,0.256,0.34
738,,0.496,0.364,0.444,0.96,0.1,0.156,0.236,0.32
739,,0.476,0.344,0.424,0.94,0.08,0.136,0.216,0.3
740,,0.456,0.324,0.404,0.92,0.06,0.116,0.196,0.28
741,,0.436,0.304,0.384,0.9,0.04,0.096,0.176,0.26
742,,0.416,0.284,0.364,0.88,0.02,0.076,0.156,0.24
743,,0.396,0.264,0.344,0.86,0.0,0.056,0.136,0.22
744,,0.376,0.244,0.324,0.84,-0.02,0.036,0.116,0.2
745,5,0.056,0.012,0.304,1.0,0.98,0.228,0.096,-0.032
746,5,-0.264,-0.22,0.284,1.0,1.0,0.42,0.076,-0.264
747,8,-0.072,-0.24,0.052,0.68,0.768,0.4,0.268,0.736
748,8,0.12,-0.26,-0.18,0.36,0.536,0.38,0.46,1.0
749,2,0.312,0.74,0.012,0.34,0.304,0.06,0.228,0.98
750,2,0.504,1.0,0.204,0.32,0.072,-0.26,-0.004,0.96
751,6,0.272,0.68,-0.028,0.3,0.264,0.74,0.188,0.94
752,6,0.04,0.36,-0.26,0.28,0.456,1.0,0.38,0.92
753,3,0.02,0.552,0.74,0.472,0.436,0.768,0.06,0.688
754,3,0.0,0.744,1.0,0.664,0.416,0.536,-0.26,0.456
755,7,-0.02,0.512,0.68,0.432,0.396,0.728,0.74,0.648
756,7,-0.04,0.28,0.36,0.2,0.376,0.92,1.0,0.84
757,1,0.96,0.472,0.34,-0.032,0.056,0.688,0.98,1.0
758,1,1.0,0.664,0.32,-0.264,-0.264,0.456,0.96,1.0
759,5,0.68,0.432,0.3,-0.072,0.736,0.648,0.94,0.768
760,5,0.36,0.2,0.28,0.12,1.0,0.84,0.92,0.536
761,,0.34,0.18,0.26,0.1,0.98,0.82,0.9,0.516
762,,0.32,0.16,0.24,0.08,0.96,0.8,0.88,0.496
763,,0.3,0.14,0.22,0.06,0.94,0.78,0.86,0.476
764,,0.28,0.12,0.2,0.04,0.92,0.76,0.84,0.456
765,,0.26,0.1,0.18,0.02,0.9,0.74,0.82,0.436
766,,0.24,0.08,0.16,0.0,0.88,0.72,0.8,0.416
767,,0.22,0.06,0.14,-0.02,0.86,0.7,0.78,0.396
768,4,-0.012,0.04,0.332,0.98,1.0,0.68,0.548,0.076
769,4,-0.244,0.02,0.524,1.0,1.0,0.66,0.316,-0.244
770,1,0.756,0.212,0.504,0.768,0.68,0.428,0.296,-0.052
771,1,1.0,0.404,0.484,0.536,0.36,0.196,0.276,0.14
772,,0.98,0.384,0.464,0.516,0.34,0.176,0.256,0.12
773,,0.96,0.364,0.444,0.496,0.32,0.156,0.236,0.1
774,,0.94,0.344,0.424,0.476,0.3,0.136,0.216,0.08
775,,0.92,0.324,0.404,0.456,0.28,0.116,0.196,0.06
776,,0.9,0.304,0.384,0.436,0.26,0.096,0.176,0.04
777,,0.88,0.284,0.364,0.416,0.24,0.076,0.156,0.02
778,,0.86,0.264,0.344,0.396,0.22,0.056,0.136,0.0
779,,0.84,0.244,0.324,0.376,0.2,0.036,0.116,-0.02
780,8,1.0,0.224,0.092,0.056,-0.032,0.016,0.308,0.98
781,8,1.0,0.204,-0.14,-0.264,-0.264,-0.004,0.5,1.0
782,4,0.768,0.184,0.052,0.736,-0.072,-0.024,0.268,0.68
783,4,0.536,0.164,0.244,1.0,0.12,-0.044,0.036,0.36
784,6,0.304,-0.156,0.012,0.98,0.312,0.956,0.228,0.34
785,6,0.072,-0.476,-0.22,0.96,0.504,1.0,0.42,0.32
786,2,0.264,0.524,-0.028,0.94,0.272,0.68,0.188,0.3
787,2,0.456,1.0,0.164,0.92,0.04,0.36,-0.044,0.28
788,7,0.436,0.768,-0.156,0.688,0.02,0.552,0.956,0.472
789,7,0.416,0.536,-0.476,0.456,0.0,0.744,1.0,0.664
790,3,0.396,0.728,0.524,0.648,-0.02,0.512,0.68,0.432
791,3,0.376,0.92,1.0,0.84,-0.04,0.28,0.36,0.2
792,5,0.056,0.688,0.98,1.0,0.96,0.472,0.34,-0.032
793,5,-0.264,0.456,0.96,1.0,1.0,0.664,0.32,-0.264
794,1,0.736,0.648,0.94,0.768,0.68,0.432,0.3,-0.072
795,1,1.0,0.84,0.92,0.536,0.36,0.2,0.28,0.12
796,,0.98,0.82,0.9,0.516,0.34,0.18,0.26,0.1
797,,0.96,0.8,0.88,0.496,0.32,0.16,0.24,0.08
798,,0.94,0.78,0.86,0.476,0.3,0.14,0.22,0.06
799,,0.92,0.76,0.84,0.456,0.28,0.12,0.2,0.04
800,,0.9,0.74,0.82,0.436,0.26,0.1,0.18,0.02
801,,0.88,0.72,0.8,0.416,0.24,0.08,0.16,0.0
802,,0.86,0.7,0.78,0.396,0.22,0.06,0.14,-0.02
803,8,1.0,0.68,0.548,0.076,-0.012,0.04,0.332,0.98
804,8,1.0,0.66,0.316,-0.244,-0.244,0.02,0.524,1.0
805,5,0.68,0.428,0.296,-0.052,0.756,0.212,0.504,0.768
806,5,0.36,0.196,0.276,0.14,1.0,0.404,0.484,0.536
807,,0.34,0.176,0.256,0.12,0.98,0.384,0.464,0.516
