step,active_motive,motive_1,motive_2,motive_3,motive_4,motive_5,motive_6,motive_7,motive_8
0,,0.00809,0.03697,0.02422,0.08031,0.04703,0.09834,0.03988,0.08164
1,,-0.01191,0.01697,0.00422,0.06031,0.02703,0.07834,0.01988,0.06164
2,1,0.98809,0.20897,-0.01578,-0.17169,-0.29297,-0.15366,-0.00012,0.25364
3,1,1.0,0.40097,-0.03578,-0.40369,-0.61297,-0.38566,-0.02012,0.44564
4,5,0.68,0.16897,-0.05578,-0.21169,0.38703,-0.19366,-0.04012,0.21364
5,5,0.36,-0.06303,-0.07578,-0.01969,1.0,-0.00166,-0.06012,-0.01836
6,3,0.34,0.12897,0.92422,0.17231,0.98,-0.23366,-0.38012,-0.25036
7,3,0.32,0.32097,1.0,0.36431,0.96,-0.46566,-0.70012,-0.48236
8,7,0.3,0.08897,0.68,0.13231,0.94,-0.27366,0.29988,-0.29036
9,7,0.28,-0.14303,0.36,-0.09969,0.92,-0.08166,1.0,-0.09836
10,2,0.472,0.85697,0.552,-0.11969,0.688,-0.40166,0.768,-0.11836
11,2,0.664,1.0,0.744,-0.13969,0.456,-0.72166,0.536,-0.13836
12,6,0.432,0.68,0.512,-0.15969,0.648,0.27834,0.728,-0.15836
13,6,0.2,0.36,0.28,-0.17969,0.84,1.0,0.92,-0.17836
14,4,-0.032,0.34,0.472,0.82031,1.0,0.98,0.688,-0.49836
15,4,-0.264,0.32,0.664,1.0,1.0,0.96,0.456,-0.81836
16,8,-0.072,0.3,0.432,0.68,0.768,0.94,0.648,0.18164
17,8,0.12,0.28,0.2,0.36,0.536,0.92,0.84,1.0
18,,0.1,0.26,0.18,0.34,0.516,0.9,0.82,0.98
19,,0.08,0.24,0.16,0.32,0.496,0.88,0.8,0.96
20,,0.06,0.22,0.14,0.3,0.476,0.86,0.78,0.94
21,,0.04,0.2,0.12,0.28,0.456,0.84,0.76,0.92
22,,0.02,0.18,0.1,0.26,0.436,0.82,0.74,0.9
23,,0.0,0.16,0.08,0.24,0.416,0.8,0.72,0.88
24,,-0.02,0.14,0.06,0.22,0.396,0.78,0.7,0.86
25,1,0.98,0.332,0.04,-0.012,0.076,0.548,0.68,1.0
26,1,1.0,0.524,0.02,-0.244,-0.244,0.316,0.66,1.0
27,5,0.68,0.292,0.0,-0.052,0.756,0.508,0.64,0.768
28,5,0.36,0.06,-0.02,0.14,1.0,0.7,0.62,0.536
29,3,0.34,0.252,0.98,0.332,0.98,0.468,0.3,0.304
30,3,0.32,0.444,1.0,0.524,0.96,0.236,-0.02,0.072
31,7,0.3,0.212,0.68,0.292,0.94,0.428,0.98,0.264
32,7,0.28,-0.02,0.36,0.06,0.92,0.62,1.0,0.456
33,2,0.472,0.98,0.552,0.04,0.688,0.3,0.768,0.436
34,2,0.664,1.0,0.744,0.02,0.456,-0.02,0.536,0.416
35,6,0.432,0.68,0.512,0.0,0.648,0.98,0.728,0.396
36,6,0.2,0.36,0.28,-0.02,0.84,1.0,0.92,0.376
37,4,-0.032,0.34,0.472,0.98,1.0,0.98,0.688,0.056
38,4,-0.264,0.32,0.664,1.0,1.0,0.96,0.456,-0.264
39,1,0.736,0.512,0.644,0.768,0.68,0.728,0.436,-0.072
40,1,1.0,0.704,0.624,0.536,0.36,0.496,0.416,0.12
41,,0.98,0.684,0.604,0.516,0.34,0.476,0.396,0.1
42,,0.96,0.664,0.584,0.496,0.32,0.456,0.376,0.08
43,,0.94,0.644,0.564,0.476,0.3,0.436,0.356,0.06
44,,0.92,0.624,0.544,0.456,0.28,0.416,0.336,0.04
45,,0.9,0.604,0.524,0.436,0.26,0.396,0.316,0.02
46,,0.88,0.584,0.504,0.416,0.24,0.376,0.296,0.0
47,,0.86,0.564,0.484,0.396,0.22,0.356,0.276,-0.02
48,8,1.0,0.544,0.252,0.076,-0.012,0.336,0.468,0.98
49,8,1.0,0.524,0.02,-0.244,-0.244,0.316,0.66,1.0
50,4,0.768,0.504,0.212,0.756,-0.052,0.296,0.428,0.68
51,4,0.536,0.484,0.404,1.0,0.14,0.276,0.196,0.36
52,,0.516,0.464,0.384,0.98,0.12,0.256,0.176,0.34
53,,0.496,0.444,0.364,0.96,0.1,0.236,0.156,0.32
54,,0.476,0.424,0.344,0.94,0.08,0.216,0.136,0.3
55,,0.456,0.404,0.324,0.92,0.06,0.196,0.116,0.28
56,,0.436,0.384,0.304,0.9,0.04,0.176,0.096,0.26
57,,0.416,0.364,0.284,0.88,0.02,0.156,0.076,0.24
58,,0.396,0.344,0.264,0.86,0.0,0.136,0.056,0.22
59,,0.376,0.324,0.244,0.84,-0.02,0.116,0.036,0.2
60,5,0.056,0.092,0.224,1.0,0.98,0.308,0.016,-0.032
61,5,-0.264,-0.14,0.204,1.0,1.0,0.5,-0.004,-0.264
62,8,-0.072,-0.16,-0.028,0.68,0.768,0.48,0.188,0.736
63,8,0.12,-0.18,-0.26,0.36,0.536,0.46,0.38,1.0
64,3,0.1,0.012,0.74,0.552,0.516,0.228,0.06,0.768
65,3,0.08,0.204,1.0,0.744,0.496,-0.004,-0.26,0.536
66,7,0.06,-0.028,0.68,0.512,0.476,0.188,0.74,0.728
67,7,0.04,-0.26,0.36,0.28,0.456,0.38,1.0,0.92
68,2,0.232,0.74,0.552,0.26,0.224,0.06,0.768,0.9
69,2,0.424,1.0,0.744,0.24,-0.008,-0.26,0.536,0.88
70,6,0.192,0.68,0.512,0.22,0.184,0.74,0.728,0.86
71,6,-0.04,0.36,0.28,0.2,0.376,1.0,0.92,0.84
72,1,0.96,0.552,0.26,-0.032,0.056,0.768,0.9,1.0
73,1,1.0,0.744,0.24,-0.264,-0.264,0.536,0.88,1.0
74,4,0.768,0.724,0.432,0.736,-0.072,0.516,0.648,0.68
75,4,0.536,0.704,0.624,1.0,0.12,0.496,0.416,0.36
76,,0.516,0.684,0.604,0.98,0.1,0.476,0.396,0.34
77,,0.496,0.664,0.584,0.96,0.08,0.456,0.376,0.32
78,,0.476,0.644,0.564,0.94,0.06,0.436,0.356,0.3
79,,0.456,0.624,0.544,0.92,0.04,0.416,0.336,0.28
80,,0.436,0.604,0.524,0.9,0.02,0.396,0.316,0.26
81,,0.416,0.584,0.504,0.88,0.0,0.376,0.296,0.24
82,,0.396,0.564,0.484,0.86,-0.02,0.356,0.276,0.22
83,5,0.076,0.332,0.464,1.0,0.98,0.548,0.256,-0.012
84,5,-0.244,0.1,0.444,1.0,1.0,0.74,0.236,-0.244
85,8,-0.052,0.08,0.212,0.68,0.768,0.72,0.428,0.756
86,8,0.14,0.06,-0.02,0.36,0.536,0.7,0.62,1.0
87,3,0.12,0.252,0.98,0.552,0.516,0.468,0.3,0.768
88,3,0.1,0.444,1.0,0.744,0.496,0.236,-0.02,0.536
89,7,0.08,0.212,0.68,0.512,0.476,0.428,0.98,0.728
90,7,0.06,-0.02,0.36,0.28,0.456,0.62,1.0,0.92
91,2,0.252,0.98,0.552,0.26,0.224,0.3,0.768,0.9
92,2,0.444,1.0,0.744,0.24,-0.008,-0.02,0.536,0.88
93,6,0.212,0.68,0.512,0.22,0.184,0.98,0.728,0.86
94,6,-0.02,0.36,0.28,0.2,0.376,1.0,0.92,0.84
95,1,0.98,0.552,0.26,-0.032,0.056,0.768,0.9,1.0
96,1,1.0,0.744,0.24,-0.264,-0.264,0.536,0.88,1.0
97,5,0.68,0.512,0.22,-0.072,0.736,0.728,0.86,0.768
98,5,0.36,0.28,0.2,0.12,1.0,0.92,0.84,0.536
99,,0.34,0.26,0.18,0.1,0.98,0.9,0.82,0.516
100,,0.32,0.24,0.16,0.08,0.96,0.88,0.8,0.496
101,,0.3,0.22,0.14,0.06,0.94,0.86,0.78,0.476
102,,0.28,0.2,0.12,0.04,0.92,0.84,0.76,0.456
103,,0.26,0.18,0.1,0.02,0.9,0.82,0.74,0.436
104,,0.24,0.16,0.08,0.0,0.88,0.8,0.72,0.416
105,,0.22,0.14,0.06,-0.02,0.86,0.78,0.7,0.396
106,4,-0.012,0.12,0.252,0.98,1.0,0.76,0.468,0.076
107,4,-0.244,0.1,0.444,1.0,1.0,0.74,0.236,-0.244
108,1,0.756,0.292,0.424,0.768,0.68,0.508,0.216,-0.052
109,1,1.0,0.484,0.404,0.536,0.36,0.276,0.196,0.14
110,,0.98,0.464,0.384,0.516,0.34,0.256,0.176,0.12
111,,0.96,0.444,0.364,0.496,0.32,0.236,0.156,0.1
112,,0.94,0.424,0.344,0.476,0.3,0.216,0.136,0.08
113,,0.92,0.404,0.324,0.456,0.28,0.196,0.116,0.06
114,,0.9,0.384,0.304,0.436,0.26,0.176,0.096,0.04
115,,0.88,0.364,0.284,0.416,0.24,0.156,0.076,0.02
116,,0.86,0.344,0.264,0.396,0.22,0.136,0.056,0.0
117,,0.84,0.324,0.244,0.376,0.2,0.116,0.036,-0.02
118,8,1.0,0.304,0.012,0.056,-0.032,0.096,0.228,0.98
119,8,1.0,0.284,-0.22,-0.264,-0.264,0.076,0.42,1.0
120,4,0.768,0.264,-0.028,0.736,-0.072,0.056,0.188,0.68
121,4,0.536,0.244,0.164,1.0,0.12,0.036,-0.044,0.36
122,7,0.516,0.012,-0.156,0.768,0.1,0.228,0.956,0.552
123,7,0.496,-0.22,-0.476,0.536,0.08,0.42,1.0,0.744
124,3,0.476,-0.028,0.524,0.728,0.06,0.188,0.68,0.512
125,3,0.456,0.164,1.0,0.92,0.04,-0.044,0.36,0.28
126,6,0.224,-0.156,0.768,0.9,0.232,0.956,0.552,0.26
127,6,-0.008,-0.476,0.536,0.88,0.424,1.0,0.744,0.24
128,2,0.184,0.524,0.728,0.86,0.192,0.68,0.512,0.22
129,2,0.376,1.0,0.92,0.84,-0.04,0.36,0.28,0.2
130,5,0.056,0.768,0.9,1.0,0.96,0.552,0.26,-0.032
131,5,-0.264,0.536,0.88,1.0,1.0,0.744,0.24,-0.264
132,8,-0.072,0.516,0.648,0.68,0.768,0.724,0.432,0.736
133,8,0.12,0.496,0.416,0.36,0.536,0.704,0.624,1.0
134,,0.1,0.476,0.396,0.34,0.516,0.684,0.604,0.98
135,,0.08,0.456,0.376,0.32,0.496,0.664,0.584,0.96
136,,0.06,0.436,0.356,0.3,0.476,0.644,0.564,0.94
137,,0.04,0.416,0.336,0.28,0.456,0.624,0.544,0.92
138,,0.02,0.396,0.316,0.26,0.436,0.604,0.524,0.9
139,,0.0,0.376,0.296,0.24,0.416,0.584,0.504,0.88
140,,-0.02,0.356,0.276,0.22,0.396,0.564,0.484,0.86
141,1,0.98,0.548,0.256,-0.012,0.076,0.332,0.464,1.0
142,1,1.0,0.74,0.236,-0.244,-0.244,0.1,0.444,1.0
143,5,0.68,0.508,0.216,-0.052,0.756,0.292,0.424,0.768
144,5,0.36,0.276,0.196,0.14,1.0,0.484,0.404,0.536
145,,0.34,0.256,0.176,0.12,0.98,0.464,0.384,0.516
146,,0.32,0.236,0.156,0.1,0.96,0.444,0.364,0.496
147,,0.3,0.216,0.136,0.08,0.94,0.424,0.344,0.476
148,,0.28,0.196,0.116,0.06,0.92,0.404,0.324,0.456
149,,0.26,0.176,0.096,0.04,0.9,0.384,0.304,0.436
150,,0.24,0.156,0.076,0.02,0.88,0.364,0.284,0.416
151,,0.22,0.136,0.056,0.0,0.86,0.344,0.264,0.396
152,,0.2,0.116,0.036,-0.02,0.84,0.324,0.244,0.376
153,4,-0.032,0.096,0.228,0.98,1.0,0.304,0.012,0.056
154,4,-0.264,0.076,0.42,1.0,1.0,0.284,-0.22,-0.264
155,1,0.736,0.268,0.4,0.768,0.68,0.052,-0.24,-0.072
156,1,1.0,0.46,0.38,0.536,0.36,-0.18,-0.26,0.12
157,7,0.98,0.228,0.06,0.304,0.34,0.012,0.74,0.312
158,7,0.96,-0.004,-0.26,0.072,0.32,0.204,1.0,0.504
159,3,0.94,0.188,0.74,0.264,0.3,-0.028,0.68,0.272
160,3,0.92,0.38,1.0,0.456,0.28,-0.26,0.36,0.04
161,6,0.688,0.06,0.768,0.436,0.472,0.74,0.552,0.02
162,6,0.456,-0.26,0.536,0.416,0.664,1.0,0.744,0.0
163,2,0.648,0.74,0.728,0.396,0.432,0.68,0.512,-0.02
164,2,0.84,1.0,0.92,0.376,0.2,0.36,0.28,-0.04
165,8,1.0,0.98,0.688,0.056,-0.032,0.34,0.472,0.96
166,8,1.0,0.96,0.456,-0.264,-0.264,0.32,0.664,1.0
167,5,0.68,0.728,0.436,-0.072,0.736,0.512,0.644,0.768
168,5,0.36,0.496,0.416,0.12,1.0,0.704,0.624,0.536
169,,0.34,0.476,0.396,0.1,0.98,0.684,0.604,0.516
170,,0.32,0.456,0.376,0.08,0.96,0.664,0.584,0.496
171,,0.3,0.436,0.356,0.06,0.94,0.644,0.564,0.476
172,,0.28,0.416,0.336,0.04,0.92,0.624,0.544,0.456
173,,0.26,0.396,0.316,0.02,0.9,0.604,0.524,0.436
174,,0.24,0.376,0.296,0.0,0.88,0.584,0.504,0.416
175,,0.22,0.356,0.276,-0.02,0.86,0.564,0.484,0.396
176,4,-0.012,0.336,0.468,0.98,1.0,0.544,0.252,0.076
177,4,-0.244,0.316,0.66,1.0,1.0,0.524,0.02,-0.244
178,1,0.756,0.508,0.64,0.768,0.68,0.292,0.0,-0.052
179,1,1.0,0.7,0.62,0.536,0.36,0.06,-0.02,0.14
180,7,0.98,0.468,0.3,0.304,0.34,0.252,0.98,0.332
181,7,0.96,0.236,-0.02,0.072,0.32,0.444,1.0,0.524
182,3,0.94,0.428,0.98,0.264,0.3,0.212,0.68,0.292
183,3,0.92,0.62,1.0,0.456,0.28,-0.02,0.36,0.06
184,6,0.688,0.3,0.768,0.436,0.472,0.98,0.552,0.04
185,6,0.456,-0.02,0.536,0.416,0.664,1.0,0.744,0.02
186,2,0.648,0.98,0.728,0.396,0.432,0.68,0.512,0.0
187,2,0.84,1.0,0.92,0.376,0.2,0.36,0.28,-0.02
188,8,1.0,0.98,0.688,0.056,-0.032,0.34,0.472,0.98
189,8,1.0,0.96,0.456,-0.264,-0.264,0.32,0.664,1.0
190,5,0.68,0.728,0.436,-0.072,0.736,0.512,0.644,0.768
191,5,0.36,0.496,0.416,0.12,1.0,0.704,0.624,0.536
192,,0.34,0.476,0.396,0.1,0.98,0.684,0.604,0.516
193,,0.32,0.456,0.376,0.08,0.96,0.664,0.584,0.496
194,,0.3,0.436,0.356,0.06,0.94,0.644,0.564,0.476
195,,0.28,0.416,0.336,0.04,0.92,0.624,0.544,0.456
196,,0.26,0.396,0.316,0.02,0.9,0.604,0.524,0.436
197,,0.24,0.376,0.296,0.0,0.88,0.584,0.504,0.416
198,,0.22,0.356,0.276,-0.02,0.86,0.564,0.484,0.396
199,4,-0.012,0.336,0.468,0.98,1.0,0.544,0.252,0.076
200,4,-0.244,0.316,0.66,1.0,1.0,0.524,0.02,-0.244
201,1,0.756,0.508,0.64,0.768,0.68,0.292,0.0,-0.052
202,1,1.0,0.7,0.62,0.536,0.36,0.06,-0.02,0.14
203,7,0.98,0.468,0.3,0.304,0.34,0.252,0.98,0.332
204,7,0.96,0.236,-0.02,0.072,0.32,0.444,1.0,0.524
205,3,0.94,0.428,0.98,0.264,0.3,0.212,0.68,0.292
206,3,0.92,0.62,1.0,0.456,0.28,-0.02,0.36,0.06
207,6,0.688,0.3,0.768,0.436,0.472,0.98,0.552,0.04
208,6,0.456,-0.02,0.536,0.416,0.664,1.0,0.744,0.02
209,2,0.648,0.98,0.728,0.396,0.432,0.68,0.512,0.0
210,2,0.84,1.0,0.92,0.376,0.2,0.36,0.28,-0.02
211,8,1.0,0.98,0.688,0.056,-0.032,0.34,0.472,0.98
212,8,1.0,0.96,0.456,-0.264,-0.264,0.32,0.664,1.0
213,4,0.768,0.94,0.648,0.736,-0.072,0.3,0.432,0.68
214,4,0.536,0.92,0.84,1.0,0.12,0.28,0.2,0.36
215,,0.516,0.9,0.82,0.98,0.1,0.26,0.18,0.34
216,,0.496,0.88,0.8,0.96,0.08,0.24,0.16,0.32
217,,0.476,0.86,0.78,0.94,0.06,0.22,0.14,0.3
218,,0.456,0.84,0.76,0.92,0.04,0.2,0.12,0.28
219,,0.436,0.82,0.74,0.9,0.02,0.18,0.1,0.26
220,,0.416,0.8,0.72,0.88,0.0,0.16,0.08,0.24
221,,0.396,0.78,0.7,0.86,-0.02,0.14,0.06,0.22
222,5,0.076,0.548,0.68,1.0,0.98,0.332,0.04,-0.012
223,5,-0.244,0.316,0.66,1.0,1.0,0.524,0.02,-0.244
224,1,0.756,0.508,0.64,0.768,0.68,0.292,0.0,-0.052
225,1,1.0,0.7,0.62,0.536,0.36,0.06,-0.02,0.14
226,7,0.98,0.468,0.3,0.304,0.34,0.252,0.98,0.332
227,7,0.96,0.236,-0.02,0.072,0.32,0.444,1.0,0.524
228,3,0.94,0.428,0.98,0.264,0.3,0.212,0.68,0.292
229,3,0.92,0.62,1.0,0.456,0.28,-0.02,0.36,0.06
230,6,0.688,0.3,0.768,0.436,0.472,0.98,0.552,0.04
231,6,0.456,-0.02,0.536,0.416,0.664,1.0,0.744,0.02
232,2,0.648,0.98,0.728,0.396,0.432,0.68,0.512,0.0
233,2,0.84,1.0,0.92,0.376,0.2,0.36,0.28,-0.02
234,8,1.0,0.98,0.688,0.056,-0.032,0.34,0.472,0.98
235,8,1.0,0.96,0.456,-0.264,-0.264,0.32,0.664,1.0
236,5,0.68,0.728,0.436,-0.072,0.736,0.512,0.644,0.768
237,5,0.36,0.496,0.416,0.12,1.0,0.704,0.624,0.536
238,,0.34,0.476,0.396,0.1,0.98,0.684,0.604,0.516
239,,0.32,0.456,0.376,0.08,0.96,0.664,0.584,0.496
240,,0.3,0.436,0.356,0.06,0.94,0.644,0.564,0.476
241,,0.28,0.416,0.336,0.04,0.92,0.624,0.544,0.456
242,,0.26,0.396,0.316,0.02,0.9,0.604,0.524,0.436
243,,0.24,0.376,0.296,0.0,0.88,0.584,0.504,0.416
244,,0.22,0.356,0.276,-0.02,0.86,0.564,0.484,0.396
245,4,-0.012,0.336,0.468,0.98,1.0,0.544,0.252,0.076
246,4,-0.244,0.316,0.66,1.0,1.0,0.524,0.02,-0.244
247,8,-0.052,0.296,0.428,0.68,0.768,0.504,0.212,0.756
248,8,0.14,0.276,0.196,0.36,0.536,0.484,0.404,1.0
249,,0.12,0.256,0.176,0.34,0.516,0.464,0.384,0.98
250,,0.1,0.236,0.156,0.32,0.496,0.444,0.364,0.96
251,,0.08,0.216,0.136,0.3,0.476,0.424,0.344,0.94
252,,0.06,0.196,0.116,0.28,0.456,0.404,0.324,0.92
253,,0.04,0.176,0.096,0.26,0.436,0.384,0.304,0.9
254,,0.02,0.156,0.076,0.24,0.416,0.364,0.284,0.88
255,,0.0,0.136,0.056,0.22,0.396,0.344,0.264,0.86
256,,-0.02,0.116,0.036,0.2,0.376,0.324,0.244,0.84
257,1,0.98,0.308,0.016,-0.032,0.056,0.092,0.224,1.0
258,1,1.0,0.5,-0.004,-0.264,-0.264,-0.14,0.204,1.0
259,4,0.768,0.48,0.188,0.736,-0.072,-0.16,-0.028,0.68
260,4,0.536,0.46,0.38,1.0,0.12,-0.18,-0.26,0.36
261,7,0.516,0.228,0.06,0.768,0.1,0.012,0.74,0.552
262,7,0.496,-0.004,-0.26,0.536,0.08,0.204,1.0,0.744
263,3,0.476,0.188,0.74,0.728,0.06,-0.028,0.68,0.512
264,3,0.456,0.38,1.0,0.92,0.04,-0.26,0.36,0.28
265,6,0.224,0.06,0.768,0.9,0.232,0.74,0.552,0.26
266,6,-0.008,-0.26,0.536,0.88,0.424,1.0,0.744,0.24
267,2,0.184,0.74,0.728,0.86,0.192,0.68,0.512,0.22
268,2,0.376,1.0,0.92,0.84,-0.04,0.36,0.28,0.2
269,5,0.056,0.768,0.9,1.0,0.96,0.552,0.26,-0.032
270,5,-0.264,0.536,0.88,1.0,1.0,0.744,0.24,-0.264
271,8,-0.072,0.516,0.648,0.68,0.768,0.724,0.432,0.736
272,8,0.12,0.496,0.416,0.36,0.536,0.704,0.624,1.0
273,,0.1,0.476,0.396,0.34,0.516,0.684,0.604,0.98
274,,0.08,0.456,0.376,0.32,0.496,0.664,0.584,0.96
275,,0.06,0.436,0.356,0.3,0.476,0.644,0.564,0.94
276,,0.04,0.416,0.336,0.28,0.456,0.624,0.544,0.92
277,,0.02,0.396,0.316,0.26,0.436,0.604,0.524,0.9
278,,0.0,0.376,0.296,0.24,0.416,0.584,0.504,0.88
279,,-0.02,0.356,0.276,0.22,0.396,0.564,0.484,0.86
280,1,0.98,0.548,0.256,-0.012,0.076,0.332,0.464,1.0
281,1,1.0,0.74,0.236,-0.244,-0.244,0.1,0.444,1.0
282,4,0.768,0.72,0.428,0.756,-0.052,0.08,0.212,0.68
283,4,0.536,0.7,0.62,1.0,0.14,0.06,-0.02,0.36
284,7,0.516,0.468,0.3,0.768,0.12,0.252,0.98,0.552
285,7,0.496,0.236,-0.02,0.536,0.1,0.444,1.0,0.744
286,3,0.476,0.428,0.98,0.728,0.08,0.212,0.68,0.512
287,3,0.456,0.62,1.0,0.92,0.06,-0.02,0.36,0.28
288,6,0.224,0.3,0.768,0.9,0.252,0.98,0.552,0.26
289,6,-0.008,-0.02,0.536,0.88,0.444,1.0,0.744,0.24
290,2,0.184,0.98,0.728,0.86,0.212,0.68,0.512,0.22
291,2,0.376,1.0,0.92,0.84,-0.02,0.36,0.28,0.2
292,5,0.056,0.768,0.9,1.0,0.98,0.552,0.26,-0.032
293,5,-0.264,0.536,0.88,1.0,1.0,0.744,0.24,-0.264
294,1,0.736,0.728,0.86,0.768,0.68,0.512,0.22,-0.072
295,1,1.0,0.92,0.84,0.536,0.36,0.28,0.2,0.12
296,,0.98,0.9,0.82,0.516,0.34,0.26,0.18,0.1
297,,0.96,0.88,0.8,0.496,0.32,0.24,0.16,0.08
298,,0.94,0.86,0.78,0.476,0.3,0.22,0.14,0.06
299,,0.92,0.84,0.76,0.456,0.28,0.2,0.12,0.04
300,,0.9,0.82,0.74,0.436,0.26,0.18,0.1,0.02
301,,0.88,0.8,0.72,0.416,0.24,0.16,0.08,0.0
302,,0.86,0.78,0.7,0.396,0.22,0.14,0.06,-0.02
303,8,1.0,0.76,0.468,0.076,-0.012,0.12,0.252,0.98
304,8,1.0,0.74,0.236,-0.244,-0.244,0.1,0.444,1.0
305,5,0.68,0.508,0.216,-0.052,0.756,0.292,0.424,0.768
306,5,0.36,0.276,0.196,0.14,1.0,0.484,0.404,0.536
307,,0.34,0.256,0.176,0.12,0.98,0.464,0.384,0.516
308,,0.32,0.236,0.156,0.1,0.96,0.444,0.364,0.496
309,,0.3,0.216,0.136,0.08,0.94,0.424,0.344,0.476
310,,0.28,0.196,0.116,0.06,0.92,0.404,0.324,0.456
311,,0.26,0.176,0.096,0.04,0.9,0.384,0.304,0.436
312,,0.24,0.156,0.076,0.02,0.88,0.364,0.284,0.416
313,,0.22,0.136,0.056,0.0,0.86,0.344,0.264,0.396
314,,0.2,0.116,0.036,-0.02,0.84,0.324,0.244,0.376
315,4,-0.032,0.096,0.228,0.98,1.0,0.304,0.012,0.056
316,4,-0.264,0.076,0.42,1.0,1.0,0.284,-0.22,-0.264
317,8,-0.072,0.056,0.188,0.68,0.768,0.264,-0.028,0.736
318,8,0.12,0.036,-0.044,0.36,0.536,0.244,0.164,1.0
319,3,0.1,0.228,0.956,0.552,0.516,0.012,-0.156,0.768
320,3,0.08,0.42,1.0,0.744,0.496,-0.22,-0.476,0.536
321,7,0.06,0.188,0.68,0.512,0.476,-0.028,0.524,0.728
322,7,0.04,-0.044,0.36,0.28,0.456,0.164,1.0,0.92
323,2,0.232,0.956,0.552,0.26,0.224,-0.156,0.768,0.9
324,2,0.424,1.0,0.744,0.24,-0.008,-0.476,0.536,0.88
325,6,0.192,0.68,0.512,0.22,0.184,0.524,0.728,0.86
326,6,-0.04,0.36,0.28,0.2,0.376,1.0,0.92,0.84
327,1,0.96,0.552,0.26,-0.032,0.056,0.768,0.9,1.0
328,1,1.0,0.744,0.24,-0.264,-0.264,0.536,0.88,1.0
329,4,0.768,0.724,0.432,0.736,-0.072,0.516,0.648,0.68
330,4,0.536,0.704,0.624,1.0,0.12,0.496,0.416,0.36
331,,0.516,0.684,0.604,0.98,0.1,0.476,0.396,0.34
332,,0.496,0.664,0.584,0.96,0.08,0.456,0.376,0.32
333,,0.476,0.644,0.564,0.94,0.06,0.436,0.356,0.3
334,,0.456,0.624,0.544,0.92,0.04,0.416,0.336,0.28
335,,0.436,0.604,0.524,0.9,0.02,0.396,0.316,0.26
336,,0.416,0.584,0.504,0.88,0.0,0.376,0.296,0.24
337,,0.396,0.564,0.484,0.86,-0.02,0.356,0.276,0.22
338,5,0.076,0.332,0.464,1.0,0.98,0.548,0.256,-0.012
339,5,-0.244,0.1,0.444,1.0,1.0,0.74,0.236,-0.244
340,8,-0.052,0.08,0.212,0.68,0.768,0.72,0.428,0.756
341,8,0.14,0.06,-0.02,0.36,0.536,0.7,0.62,1.0
342,3,0.12,0.252,0.98,0.552,0.516,0.468,0.3,0.768
343,3,0.1,0.444,1.0,0.744,0.496,0.236,-0.02,0.536
344,7,0.08,0.212,0.68,0.512,0.476,0.428,0.98,0.728
345,7,0.06,-0.02,0.36,0.28,0.456,0.62,1.0,0.92
346,2,0.252,0.98,0.552,0.26,0.224,0.3,0.768,0.9
347,2,0.444,1.0,0.744,0.24,-0.008,-0.02,0.536,0.88
348,6,0.212,0.68,0.512,0.22,0.184,0.98,0.728,0.86
349,6,-0.02,0.36,0.28,0.2,0.376,1.0,0.92,0.84
350,1,0.98,0.552,0.26,-0.032,0.056,0.768,0.9,1.0
351,1,1.0,0.744,0.24,-0.264,-0.264,0.536,0.88,1.0
352,5,0.68,0.512,0.22,-0.072,0.736,0.728,0.86,0.768
353,5,0.36,0.28,0.2,0.12,1.0,0.92,0.84,0.536
354,,0.34,0.26,0.18,0.1,0.98,0.9,0.82,0.516
355,,0.32,0.24,0.16,0.08,0.96,0.88,0.8,0.496
356,,0.3,0.22,0.14,0.06,0.94,0.86,0.78,0.476
357,,0.28,0.2,0.12,0.04,0.92,0.84,0.76,0.456
358,,0.26,0.18,0.1,0.02,0.9,0.82,0.74,0.436
359,,0.24,0.16,0.08,0.0,0.88,0.8,0.72,0.416
360,,0.22,0.14,0.06,-0.02,0.86,0.78,0.7,0.396
361,4,-0.012,0.12,0.252,0.98,1.0,0.76,0.468,0.076
362,4,-0.244,0.1,0.444,1.0,1.0,0.74,0.236,-0.244
363,1,0.756,0.292,0.424,0.768,0.68,0.508,0.216,-0.052
364,1,1.0,0.484,0.404,0.536,0.36,0.276,0.196,0.14
365,,0.98,0.464,0.384,0.516,0.34,0.256,0.176,0.12
366,,0.96,0.444,0.364,0.496,0.32,0.236,0.156,0.1
367,,0.94,0.424,0.344,0.476,0.3,0.216,0.136,0.08
368,,0.92,0.404,0.324,0.456,0.28,0.196,0.116,0.06
369,,0.9,0.384,0.304,0.436,0.26,0.176,0.096,0.04
370,,0.88,0.364,0.284,0.416,0.24,0.156,0.076,0.02
371,,0.86,0.344,0.264,0.396,0.22,0.136,0.056,0.0
372,,0.84,0.324,0.244,0.376,0.2,0.116,0.036,-0.02
373,8,1.0,0.304,0.012,0.056,-0.032,0.096,0.228,0.98
374,8,1.0,0.284,-0.22,-0.264,-0.264,0.076,0.42,1.0
375,4,0.768,0.264,-0.028,0.736,-0.072,0.056,0.188,0.68
376,4,0.536,0.244,0.164,1.0,0.12,0.036,-0.044,0.36
377,7,0.516,0.012,-0.156,0.768,0.1,0.228,0.956,0.552
378,7,0.496,-0.22,-0.476,0.536,0.08,0.42,1.0,0.744
379,3,0.476,-0.028,0.524,0.728,0.06,0.188,0.68,0.512
380,3,0.456,0.164,1.0,0.92,0.04,-0.044,0.36,0.28
381,6,0.224,-0.156,0.768,0.9,0.232,0.956,0.552,0.26
382,6,-0.008,-0.476,0.536,0.88,0.424,1.0,0.744,0.24
383,2,0.184,0.524,0.728,0.86,0.192,0.68,0.512,0.22
384,2,0.376,1.0,0.92,0.84,-0.04,0.36,0.28,0.2
385,5,0.056,0.768,0.9,1.0,0.96,0.552,0.26,-0.032
386,5,-0.264,0.536,0.88,1.0,1.0,0.744,0.24,-0.264
387,8,-0.072,0.516,0.648,0.68,0.768,0.724,0.432,0.736
388,8,0.12,0.496,0.416,0.36,0.536,0.704,0.624,1.0
389,,0.1,0.476,0.396,0.34,0.516,0.684,0.604,0.98
390,,0.08,0.456,0.376,0.32,0.496,0.664,0.584,0.96
391,,0.06,0.436,0.356,0.3,0.476,0.644,0.564,0.94
392,,0.04,0.416,0.336,0.28,0.456,0.624,0.544,0.92
393,,0.02,0.396,0.316,0.26,0.436,0.604,0.524,0.9
394,,0.0,0.376,0.296,0.24,0.416,0.584,0.504,0.88
395,,-0.02,0.356,0.276,0.22,0.396,0.564,0.484,0.86
396,1,0.98,0.548,0.256,-0.012,0.076,0.332,0.464,1.0
397,1,1.0,0.74,0.236,-0.244,-0.244,0.1,0.444,1.0
398,4,0.768,0.72,0.428,0.756,-0.052,0.08,0.212,0.68
399,4,0.536,0.7,0.62,1.0,0.14,0.06,-0.02,0.36
400,7,0.516,0.468,0.3,0.768,0.12,0.252,0.98,0.552
401,7,0.496,0.236,-0.02,0.536,0.1,0.444,1.0,0.744
402,3,0.476,0.428,0.98,0.728,0.08,0.212,0.68,0.512
403,3,0.456,0.62,1.0,0.92,0.06,-0.02,0.36,0.28
404,6,0.224,0.3,0.768,0.9,0.252,0.98,0.552,0.26
405,6,-0.008,-0.02,0.536,0.88,0.444,1.0,0.744,0.24
406,2,0.184,0.98,0.728,0.86,0.212,0.68,0.512,0.22
407,2,0.376,1.0,0.92,0.84,-0.02,0.36,0.28,0.2
408,5,0.056,0.768,0.9,1.0,0.98,0.552,0.26,-0.032
409,5,-0.264,0.536,0.88,1.0,1.0,0.744,0.24,-0.264
410,1,0.736,0.728,0.86,0.768,0.68,0.512,0.22,-0.072
411,1,1.0,0.92,0.84,0.536,0.36,0.28,0.2,0.12
412,,0.98,0.9,0.82,0.516,0.34,0.26,0.18,0.1
413,,0.96,0.88,0.8,0.496,0.32,0.24,0.16,0.08
414,,0.94,0.86,0.78,0.476,0.3,0.22,0.14,0.06
415,,0.92,0.84,0.76,0.456,0.28,0.2,0.12,0.04
416,,0.9,0.82,0.74,0.436,0.26,0.18,0.1,0.02
417,,0.88,0.8,0.72,0.416,0.24,0.16,0.08,0.0
418,,0.86,0.78,0.7,0.396,0.22,0.14,0.06,-0.02
419,8,1.0,0.76,0.468,0.076,-0.012,0.12,0.252,0.98
420,8,1.0,0.74,0.236,-0.244,-0.244,0.1,0.444,1.0
421,5,0.68,0.508,0.216,-0.052,0.756,0.292,0.424,0.768
422,5,0.36,0.276,0.196,0.14,1.0,0.484,0.404,0.536
423,,0.34,0.256,0.176,0.12,0.98,0.464,0.384,0.516
424,,0.32,0.236,0.156,0.1,0.96,0.444,0.364,0.496
425,,0.3,0.216,0.136,0.08,0.94,0.424,0.344,0.476
426,,0.28,0.196,0.116,0.06,0.92,0.404,0.324,0.456
427,,0.26,0.176,0.096,0.04,0.9,0.384,0.304,0.436
428,,0.24,0.156,0.076,0.02,0.88,0.364,0.284,0.416
429,,0.22,0.136,0.056,0.0,0.86,0.344,0.264,0.396
430,,0.2,0.116,0.036,-0.02,0.84,0.324,0.244,0.376
431,4,-0.032,0.096,0.228,0.98,1.0,0.304,0.012,0.056
432,4,-0.264,0.076,0.42,1.0,1.0,0.284,-0.22,-0.264
433,1,0.736,0.268,0.4,0.768,0.68,0.052,-0.24,-0.072
434,1,1.0,0.46,0.38,0.536,0.36,-0.18,-0.26,0.12
435,7,0.98,0.228,0.06,0.304,0.34,0.012,0.74,0.312
436,7,0.96,-0.004,-0.26,0.072,0.32,0.204,1.0,0.504
437,3,0.94,0.188,0.74,0.264,0.3,-0.028,0.68,0.272
438,3,0.92,0.38,1.0,0.456,0.28,-0.26,0.36,0.04
439,6,0.688,0.06,0.768,0.436,0.472,0.74,0.552,0.02
440,6,0.456,-0.26,0.536,0.416,0.664,1.0,0.744,0.0
441,2,0.648,0.74,0.728,0.396,0.432,0.68,0.512,-0.02
442,2,0.84,1.0,0.92,0.376,0.2,0.36,0.28,-0.04
443,8,1.0,0.98,0.688,0.056,-0.032,0.34,0.472,0.96
444,8,1.0,0.96,0.456,-0.264,-0.264,0.32,0.664,1.0
445,4,0.768,0.94,0.648,0.736,-0.072,0.3,0.432,0.68
446,4,0.536,0.92,0.84,1.0,0.12,0.28,0.2,0.36
447,,0.516,0.9,0.82,0.98,0.1,0.26,0.18,0.34
448,,0.496,0.88,0.8,0.96,0.08,0.24,0.16,0.32
449,,0.476,0.86,0.78,0.94,0.06,0.22,0.14,0.3
450,,0.456,0.84,0.76,0.92,0.04,0.2,0.12,0.28
451,,0.436,0.82,0.74,0.9,0.02,0.18,0.1,0.26
452,,0.416,0.8,0.72,0.88,0.0,0.16,0.08,0.24
453,,0.396,0.78,0.7,0.86,-0.02,0.14,0.06,0.22
454,5,0.076,0.548,0.68,1.0,0.98,0.332,0.04,-0.012
455,5,-0.244,0.316,0.66,1.0,1.0,0.524,0.02,-0.244
456,8,-0.052,0.296,0.428,0.68,0.768,0.504,0.212,0.756
457,8,0.14,0.276,0.196,0.36,0.536,0.484,0.404,1.0
458,,0.12,0.256,0.176,0.34,0.516,0.464,0.384,0.98
459,,0.1,0.236,0.156,0.32,0.496,0.444,0.364,0.96
460,,0.08,0.216,0.136,0.3,0.476,0.424,0.344,0.94
461,,0.06,0.196,0.116,0.28,0.456,0.404,0.324,0.92
462,,0.04,0.176,0.096,0.26,0.436,0.384,0.304,0.9
463,,0.02,0.156,0.076,0.24,0.416,0.364,0.284,0.88
464,,0.0,0.136,0.056,0.22,0.396,0.344,0.264,0.86
465,,-0.02,0.116,0.036,0.2,0.376,0.324,0.244,0.84
466,1,0.98,0.308,0.016,-0.032,0.056,0.092,0.224,1.0
467,1,1.0,0.5,-0.004,-0.264,-0.264,-0.14,0.204,1.0
468,5,0.68,0.268,-0.024,-0.072,0.736,0.052,0.184,0.768
469,5,0.36,0.036,-0.044,0.12,1.0,0.244,0.164,0.536
470,3,0.34,0.228,0.956,0.312,0.98,0.012,-0.156,0.304
471,3,0.32,0.42,1.0,0.504,0.96,-0.22,-0.476,0.072
472,7,0.3,0.188,0.68,0.272,0.94,-0.028,0.524,0.264
473,7,0.28,-0.044,0.36,0.04,0.92,0.164,1.0,0.456
474,2,0.472,0.956,0.552,0.02,0.688,-0.156,0.768,0.436
475,2,0.664,1.0,0.744,0.0,0.456,-0.476,0.536,0.416
476,6,0.432,0.68,0.512,-0.02,0.648,0.524,0.728,0.396
477,6,0.2,0.36,0.28,-0.04,0.84,1.0,0.92,0.376
478,4,-0.032,0.34,0.472,0.96,1.0,0.98,0.688,0.056
479,4,-0.264,0.32,0.664,1.0,1.0,0.96,0.456,-0.264
480,1,0.736,0.512,0.644,0.768,0.68,0.728,0.436,-0.072
481,1,1.0,0.704,0.624,0.536,0.36,0.496,0.416,0.12
482,,0.98,0.684,0.604,0.516,0.34,0.476,0.396,0.1
483,,0.96,0.664,0.584,0.496,0.32,0.456,0.376,0.08
484,,0.94,0.644,0.564,0.476,0.3,0.436,0.356,0.06
485,,0.92,0.624,0.544,0.456,0.28,0.416,0.336,0.04
486,,0.9,0.604,0.524,0.436,0.26,0.396,0.316,0.02
487,,0.88,0.584,0.504,0.416,0.24,0.376,0.296,0.0
488,,0.86,0.564,0.484,0.396,0.22,0.356,0.276,-0.02
489,8,1.0,0.544,0.252,0.076,-0.012,0.336,0.468,0.98
490,8,1.0,0.524,0.02,-0.244,-0.244,0.316,0.66,1.0
491,4,0.768,0.504,0.212,0.756,-0.052,0.296,0.428,0.68
492,4,0.536,0.484,0.404,1.0,0.14,0.276,0.196,0.36
493,,0.516,0.464,0.384,0.98,0.12,0.256,0.176,0.34
494,,0.496,0.444,0.364,0.96,0.1,0.236,0.156,0.32
495,,0.476,0.424,0.344,0.94,0.08,0.216,0.136,0.3
496,,0.456,0.404,0.324,0.92,0.06,0.196,0.116,0.28
497,,0.436,0.384,0.304,0.9,0.04,0.176,0.096,0.26
498,,0.416,0.364,0.284,0.88,0.02,0.156,0.076,0.24
499,,0.396,0.344,0.264,0.86,0.0,0.136,0.056,0.22
500,,0.376,0.324,0.244,0.84,-0.02,0.116,0.036,0.2
501,5,0.056,0.092,0.224,1.0,0.98,0.308,0.016,-0.032
502,5,-0.264,-0.14,0.204,1.0,1.0,0.5,-0.004,-0.264
503,8,-0.072,-0.16,-0.028,0.68,0.768,0.48,0.188,0.736
504,8,0.12,-0.18,-0.26,0.36,0.536,0.46,0.38,1.0
505,3,0.1,0.012,0.74,0.552,0.516,0.228,0.06,0.768
506,3,0.08,0.204,1.0,0.744,0.496,-0.004,-0.26,0.536
507,7,0.06,-0.028,0.68,0.512,0.476,0.188,0.74,0.728
508,7,0.04,-0.26,0.36,0.28,0.456,0.38,1.0,0.92
509,2,0.232,0.74,0.552,0.26,0.224,0.06,0.768,0.9
510,2,0.424,1.0,0.744,0.24,-0.008,-0.26,0.536,0.88
511,6,0.192,0.68,0.512,0.22,0.184,0.74,0.728,0.86
512,6,-0.04,0.36,0.28,0.2,0.376,1.0,0.92,0.84
513,1,0.96,0.552,0.26,-0.032,0.056,0.768,0.9,1.0
514,1,1.0,0.744,0.24,-0.264,-0.264,0.536,0.88,1.0
515,5,0.68,0.512,0.22,-0.072,0.736,0.728,0.86,0.768
516,5,0.36,0.28,0.2,0.12,1.0,0.92,0.84,0.536
517,,0.34,0.26,0.18,0.1,0.98,0.9,0.82,0.516
518,,0.32,0.24,0.16,0.08,0.96,0.88,0.8,0.496
519,,0.3,0.22,0.14,0.06,0.94,0.86,0.78,0.476
520,,0.28,0.2,0.12,0.04,0.92,0.84,0.76,0.456
521,,0.26,0.18,0.1,0.02,0.9,0.82,0.74,0.436
522,,0.24,0.16,0.08,0.0,0.88,0.8,0.72,0.416
523,,0.22,0.14,0.06,-0.02,0.86,0.78,0.7,0.396
524,4,-0.012,0.12,0.252,0.98,1.0,0.76,0.468,0.076
525,4,-0.244,0.1,0.444,1.0,1.0,0.74,0.236,-0.244
526,8,-0.052,0.08,0.212,0.68,0.768,0.72,0.428,0.756
527,8,0.14,0.06,-0.02,0.36,0.536,0.7,0.62,1.0
528,3,0.12,0.252,0.98,0.552,0.516,0.468,0.3,0.768
529,3,0.1,0.444,1.0,0.744,0.496,0.236,-0.02,0.536
530,7,0.08,0.212,0.68,0.512,0.476,0.428,0.98,0.728
531,7,0.06,-0.02,0.36,0.28,0.456,0.62,1.0,0.92
532,2,0.252,0.98,0.552,0.26,0.224,0.3,0.768,0.9
533,2,0.444,1.0,0.744,0.24,-0.008,-0.02,0.536,0.88
534,6,0.212,0.68,0.512,0.22,0.184,0.98,0.728,0.86
535,6,-0.02,0.36,0.28,0.2,0.376,1.0,0.92,0.84
536,1,0.98,0.552,0.26,-0.032,0.056,0.768,0.9,1.0
537,1,1.0,0.744,0.24,-0.264,-0.264,0.536,0.88,1.0
538,5,0.68,0.512,0.22,-0.072,0.736,0.728,0.86,0.768
539,5,0.36,0.28,0.2,0.12,1.0,0.92,0.84,0.536
540,,0.34,0.26,0.18,0.1,0.98,0.9,0.82,0.516
541,,0.32,0.24,0.16,0.08,0.96,0.88,0.8,0.496
542,,0.3,0.22,0.14,0.06,0.94,0.86,0.78,0.476
543,,0.28,0.2,0.12,0.04,0.92,0.84,0.76,0.456
544,,0.26,0.18,0.1,0.02,0.9,0.82,0.74,0.436
545,,0.24,0.16,0.08,0.0,0.88,0.8,0.72,0.416
546,,0.22,0.14,0.06,-0.02,0.86,0.78,0.7,0.396
547,4,-0.012,0.12,0.252,0.98,1.0,0.76,0.468,0.076
548,4,-0.244,0.1,0.444,1.0,1.0,0.74,0.236,-0.244
549,1,0.756,0.292,0.424,0.768,0.68,0.508,0.216,-0.052
550,1,1.0,0.484,0.404,0.536,0.36,0.276,0.196,0.14
551,,0.98,0.464,0.384,0.516,0.34,0.256,0.176,0.12
552,,0.96,0.444,0.364,0.496,0.32,0.236,0.156,0.1
553,,0.94,0.424,0.344,0.476,0.3,0.216,0.136,0.08
554,,0.92,0.404,0.324,0.456,0.28,0.196,0.116,0.06
555,,0.9,0.384,0.304,0.436,0.26,0.176,0.096,0.04
556,,0.88,0.364,0.284,0.416,0.24,0.156,0.076,0.02
557,,0.86,0.344,0.264,0.396,0.22,0.136,0.056,0.0
558,,0.84,0.324,0.244,0.376,0.2,0.116,0.036,-0.02
559,8,1.0,0.304,0.012,0.056,-0.032,0.096,0.228,0.98
560,8,1.0,0.284,-0.22,-0.264,-0.264,0.076,0.42,1.0
561,5,0.68,0.052,-0.24,-0.072,0.736,0.268,0.4,0.768
562,5,0.36,-0.18,-0.26,0.12,1.0,0.46,0.38,0.536
563,3,0.34,0.012,0.74,0.312,0.98,0.228,0.06,0.304
564,3,0.32,0.204,1.0,0.504,0.96,-0.004,-0.26,0.072
565,7,0.3,-0.028,0.68,0.272,0.94,0.188,0.74,0.264
566,7,0.28,-0.26,0.36,0.04,0.92,0.38,1.0,0.456
567,2,0.472,0.74,0.552,0.02,0.688,0.06,0.768,0.436
568,2,0.664,1.0,0.744,0.0,0.456,-0.26,0.536,0.416
569,6,0.432,0.68,0.512,-0.02,0.648,0.74,0.728,0.396
570,6,0.2,0.36,0.28,-0.04,0.84,1.0,0.92,0.376
571,4,-0.032,0.34,0.472,0.96,1.0,0.98,0.688,0.056
572,4,-0.264,0.32,0.664,1.0,1.0,0.96,0.456,-0.264
573,8,-0.072,0.3,0.432,0.68,0.768,0.94,0.648,0.736
574,8,0.12,0.28,0.2,0.36,0.536,0.92,0.84,1.0
575,,0.1,0.26,0.18,0.34,0.516,0.9,0.82,0.98
576,,0.08,0.24,0.16,0.32,0.496,0.88,0.8,0.96
577,,0.06,0.22,0.14,0.3,0.476,0.86,0.78,0.94
578,,0.04,0.2,0.12,0.28,0.456,0.84,0.76,0.92
579,,0.02,0.18,0.1,0.26,0.436,0.82,0.74,0.9
580,,0.0,0.16,0.08,0.24,0.416,0.8,0.72,0.88
581,,-0.02,0.14,0.06,0.22,0.396,0.78,0.7,0.86
582,1,0.98,0.332,0.04,-0.012,0.076,0.548,0.68,1.0
583,1,1.0,0.524,0.02,-0.244,-0.244,0.316,0.66,1.0
584,4,0.768,0.504,0.212,0.756,-0.052,0.296,0.428,0.68
585,4,0.536,0.484,0.404,1.0,0.14,0.276,0.196,0.36
586,,0.516,0.464,0.384,0.98,0.12,0.256,0.176,0.34
587,,0.496,0.444,0.364,0.96,0.1,0.236,0.156,0.32
588,,0.476,0.424,0.344,0.94,0.08,0.216,0.136,0.3
589,,0.456,0.404,0.324,0.92,0.06,0.196,0.116,0.28
590,,0.436,0.384,0.304,0.9,0.04,0.176,0.096,0.26
591,,0.416,0.364,0.284,0.88,0.02,0.156,0.076,0.24
592,,0.396,0.344,0.264,0.86,0.0,0.136,0.056,0.22
593,,0.376,0.324,0.244,0.84,-0.02,0.116,0.036,0.2
594,5,0.056,0.092,0.224,1.0,0.98,0.308,0.016,-0.032
595,5,-0.264,-0.14,0.204,1.0,1.0,0.5,-0.004,-0.264
596,8,-0.072,-0.16,-0.028,0.68,0.768,0.48,0.188,0.736
597,8,0.12,-0.18,-0.26,0.36,0.536,0.46,0.38,1.0
598,3,0.1,0.012,0.74,0.552,0.516,0.228,0.06,0.768
599,3,0.08,0.204,1.0,0.744,0.496,-0.004,-0.26,0.536
600,7,0.06,-0.028,0.68,0.512,0.476,0.188,0.74,0.728
601,7,0.04,-0.26,0.36,0.28,0.456,0.38,1.0,0.92
602,2,0.232,0.74,0.552,0.26,0.224,0.06,0.768,0.9
603,2,0.424,1.0,0.744,0.24,-0.008,-0.26,0.536,0.88
604,6,0.192,0.68,0.512,0.22,0.184,0.74,0.728,0.86
605,6,-0.04,0.36,0.28,0.2,0.376,1.0,0.92,0.84
606,1,0.96,0.552,0.26,-0.032,0.056,0.768,0.9,1.0
607,1,1.0,0.744,0.24,-0.264,-0.264,0.536,0.88,1.0
608,4,0.768,0.724,0.432,0.736,-0.072,0.516,0.648,0.68
609,4,0.536,0.704,0.624,1.0,0.12,0.496,0.416,0.36
610,,0.516,0.684,0.604,0.98,0.1,0.476,0.396,0.34
611,,0.496,0.664,0.584,0.96,0.08,0.456,0.376,0.32
612,,0.476,0.644,0.564,0.94,0.06,0.436,0.356,0.3
613,,0.456,0.624,0.544,0.92,0.04,0.416,0.336,0.28
614,,0.436,0.604,0.524,0.9,0.02,0.396,0.316,0.26
615,,0.416,0.584,0.504,0.88,0.0,0.376,0.296,0.24
616,,0.396,0.564,0.484,0.86,-0.02,0.356,0.276,0.22
617,5,0.076,0.332,0.464,1.0,0.98,0.548,0.256,-0.012
618,5,-0.244,0.1,0.444,1.0,1.0,0.74,0.236,-0.244
619,8,-0.052,0.08,0.212,0.68,0.768,0.72,0.428,0.756
620,8,0.14,0.06,-0.02,0.36,0.536,0.7,0.62,1.0
621,3,0.12,0.252,0.98,0.552,0.516,0.468,0.3,0.768
622,3,0.1,0.444,1.0,0.744,0.496,0.236,-0.02,0.536
623,7,0.08,0.212,0.68,0.512,0.476,0.428,0.98,0.728
624,7,0.06,-0.02,0.36,0.28,0.456,0.62,1.0,0.92
625,2,0.252,0.98,0.552,0.26,0.224,0.3,0.768,0.9
626,2,0.444,1.0,0.744,0.24,-0.008,-0.02,0.536,0.88
627,6,0.212,0.68,0.512,0.22,0.184,0.98,0.728,0.86
628,6,-0.02,0.36,0.28,0.2,0.376,1.0,0.92,0.84
629,1,0.98,0.552,0.26,-0.032,0.056,0.768,0.9,1.0
630,1,1.0,0.744,0.24,-0.264,-0.264,0.536,0.88,1.0
631,5,0.68,0.512,0.22,-0.072,0.736,0.728,0.86,0.768
632,5,0.36,0.28,0.2,0.12,1.0,0.92,0.84,0.536
633,,0.34,0.26,0.18,0.1,0.98,0.9,0.82,0.516
634,,0.32,0.24,0.16,0.08,0.96,0.88,0.8,0.496
635,,0.3,0.22,0.14,0.06,0.94,0.86,0.78,0.476
636,,0.28,0.2,0.12,0.04,0.92,0.84,0.76,0.456
637,,0.26,0.18,0.1,0.02,0.9,0.82,0.74,0.436
638,,0.24,0.16,0.08,0.0,0.88,0.8,0.72,0.416
639,,0.22,0.14,0.06,-0.02,0.86,0.78,0.7,0.396
640,4,-0.012,0.12,0.252,0.98,1.0,0.76,0.468,0.076
641,4,-0.244,0.1,0.444,1.0,1.0,0.74,0.236,-0.244
642,8,-0.052,0.08,0.212,0.68,0.768,0.72,0.428,0.756
643,8,0.14,0.06,-0.02,0.36,0.536,0.7,0.62,1.0
644,3,0.12,0.252,0.98,0.552,0.516,0.468,0.3,0.768
645,3,0.1,0.444,1.0,0.744,0.496,0.236,-0.02,0.536
646,7,0.08,0.212,0.68,0.512,0.476,0.428,0.98,0.728
647,7,0.06,-0.02,0.36,0.28,0.456,0.62,1.0,0.92
648,2,0.252,0.98,0.552,0.26,0.224,0.3,0.768,0.9
649,2,0.444,1.0,0.744,0.24,-0.008,-0.02,0.536,0.88
650,6,0.212,0.68,0.512,0.22,0.184,0.98,0.728,0.86
651,6,-0.02,0.36,0.28,0.2,0.376,1.0,0.92,0.84
652,1,0.98,0.552,0.26,-0.032,0.056,0.768,0.9,1.0
653,1,1.0,0.744,0.24,-0.264,-0.264,0.536,0.88,1.0
654,4,0.768,0.724,0.432,0.736,-0.072,0.516,0.648,0.68
655,4,0.536,0.704,0.624,1.0,0.12,0.496,0.416,0.36
656,,0.516,0.684,0.604,0.98,0.1,0.476,0.396,0.34
657,,0.496,0.664,0.584,0.96,0.08,0.456,0.376,0.32
658,,0.476,0.644,0.564,0.94,0.06,0.436,0.356,0.3
659,,0.456,0.624,0.544,0.92,0.04,0.416,0.336,0.28
660,,0.436,0.604,0.524,0.9,0.02,0.396,0.316,0.26
661,,0.416,0.584,0.504,0.88,0.0,0.376,0.296,0.24
662,,0.396,0.564,0.484,0.86,-0.02,0.356,0.276,0.22
663,5,0.076,0.332,0.464,1.0,0.98,0.548,0.256,-0.012
664,5,-0.244,0.1,0.444,1.0,1.0,0.74,0.236,-0.244
665,1,0.756,0.292,0.424,0.768,0.68,0.508,0.216,-0.052
666,1,1.0,0.484,0.404,0.536,0.36,0.276,0.196,0.14
667,,0.98,0.464,0.384,0.516,0.34,0.256,0.176,0.12
668,,0.96,0.444,0.364,0.496,0.32,0.236,0.156,0.1
669,,0.94,0.424,0.344,0.476,0.3,0.216,0.136,0.08
670,,0.92,0.404,0.324,0.456,0.28,0.196,0.116,0.06
671,,0.9,0.384,0.304,0.436,0.26,0.176,0.096,0.04
672,,0.88,0.364,0.284,0.416,0.24,0.156,0.076,0.02
673,,0.86,0.344,0.264,0.396,0.22,0.136,0.056,0.0
674,,0.84,0.324,0.244,0.376,0.2,0.116,0.036,-0.02
675,8,1.0,0.304,0.012,0.056,-0.032,0.096,0.228,0.98
676,8,1.0,0.284,-0.22,-0.264,-0.264,0.076,0.42,1.0
677,5,0.68,0.052,-0.24,-0.072,0.736,0.268,0.4,0.768
678,5,0.36,-0.18,-0.26,0.12,1.0,0.46,0.38,0.536
679,3,0.34,0.012,0.74,0.312,0.98,0.228,0.06,0.304
680,3,0.32,0.204,1.0,0.504,0.96,-0.004,-0.26,0.072
681,7,0.3,-0.028,0.68,0.272,0.94,0.188,0.74,0.264
682,7,0.28,-0.26,0.36,0.04,0.92,0.38,1.0,0.456
683,2,0.472,0.74,0.552,0.02,0.688,0.06,0.768,0.436
684,2,0.664,1.0,0.744,0.0,0.456,-0.26,0.536,0.416
685,6,0.432,0.68,0.512,-0.02,0.648,0.74,0.728,0.396
686,6,0.2,0.36,0.28,-0.04,0.84,1.0,0.92,0.376
687,4,-0.032,0.34,0.472,0.96,1.0,0.98,0.688,0.056
688,4,-0.264,0.32,0.664,1.0,1.0,0.96,0.456,-0.264
689,1,0.736,0.512,0.644,0.768,0.68,0.728,0.436,-0.072
690,1,1.0,0.704,0.624,0.536,0.36,0.496,0.416,0.12
691,,0.98,0.684,0.604,0.516,0.34,0.476,0.396,0.1
692,,0.96,0.664,0.584,0.496,0.32,0.456,0.376,0.08
693,,0.94,0.644,0.564,0.476,0.3,0.436,0.356,0.06
694,,0.92,0.624,0.544,0.456,0.28,0.416,0.336,0.04
695,,0.9,0.604,0.524,0.436,0.26,0.396,0.316,0.02
696,,0.88,0.584,0.504,0.416,0.24,0.376,0.296,0.0
697,,0.86,0.564,0.484,0.396,0.22,0.356,0.276,-0.02
698,8,1.0,0.544,0.252,0.076,-0.012,0.336,0.468,0.98
699,8,1.0,0.524,0.02,-0.244,-0.244,0.316,0.66,1.0
700,4,0.768,0.504,0.212,0.756,-0.052,0.296,0.428,0.68
701,4,0.536,0.484,0.404,1.0,0.14,0.276,0.196,0.36
702,,0.516,0.464,0.384,0.98,0.12,0.256,0.176,0.34
703,,0.496,0.444,0.364,0.96,0.1,0.236,0.156,0.32
704,,0.476,0.424,0.344,0.94,0.08,0.216,0.136,0.3
705,,0.456,0.404,0.324,0.92,0.06,0.196,0.116,0.28
706,,0.436,0.384,0.304,0.9,0.04,0.176,0.096,0.26
707,,0.416,0.364,0.284,0.88,0.02,0.156,0.076,0.24
708,,0.396,0.344,0.264,0.86,0.0,0.136,0.056,0.22
709,,0.376,0.324,0.244,0.84,-0.02,0.116,0.036,0.2
710,5,0.056,0.092,0.224,1.0,0.98,0.308,0.016,-0.032
711,5,-0.264,-0.14,0.204,1.0,1.0,0.5,-0.004,-0.264
712,1,0.736,0.052,0.184,0.768,0.68,0.268,-0.024,-0.072
713,1,1.0,0.244,0.164,0.536,0.36,0.036,-0.044,0.12
714,7,0.98,0.012,-0.156,0.304,0.34,0.228,0.956,0.312
715,7,0.96,-0.22,-0.476,0.072,0.32,0.42,1.0,0.504
716,3,0.94,-0.028,0.524,0.264,0.3,0.188,0.68,0.272
717,3,0.92,0.164,1.0,0.456,0.28,-0.044,0.36,0.04
718,6,0.688,-0.156,0.768,0.436,0.472,0.956,0.552,0.02
719,6,0.456,-0.476,0.536,0.416,0.664,1.0,0.744,0.0
720,2,0.648,0.524,0.728,0.396,0.432,0.68,0.512,-0.02
721,2,0.84,1.0,0.92,0.376,0.2,0.36,0.28,-0.04
722,8,1.0,0.98,0.688,0.056,-0.032,0.34,0.472,0.96
723,8,1.0,0.96,0.456,-0.264,-0.264,0.32,0.664,1.0
724,4,0.768,0.94,0.648,0.736,-0.072,0.3,0.432,0.68
725,4,0.536,0.92,0.84,1.0,0.12,0.28,0.2,0.36
726,,0.516,0.9,0.82,0.98,0.1,0.26,0.18,0.34
727,,0.496,0.88,0.8,0.96,0.08,0.24,0.16,0.32
728,,0.476,0.86,0.78,0.94,0.06,0.22,0.14,0.3
729,,0.456,0.84,0.76,0.92,0.04,0.2,0.12,0.28
730,,0.436,0.82,0.74,0.9,0.02,0.18,0.1,0.26
731,,0.416,0.8,0.72,0.88,0.0,0.16,0.08,0.24
732,,0.396,0.78,0.7,0.86,-0.02,0.14,0.06,0.22
733,5,0.076,0.548,0.68,1.0,0.98,0.332,0.04,-0.012
734,5,-0.244,0.316,0.66,1.0,1.0,0.524,0.02,-0.244
735,1,0.756,0.508,0.64,0.768,0.68,0.292,0.0,-0.052
736,1,1.0,0.7,0.62,0.536,0.36,0.06,-0.02,0.14
737,7,0.98,0.468,0.3,0.304,0.34,0.252,0.98,0.332
738,7,0.96,0.236,-0.02,0.072,0.32,0.444,1.0,0.524
739,3,0.94,0.428,0.98,0.264,0.3,0.212,0.68,0.292
740,3,0.92,0.62,1.0,0.456,0.28,-0.02,0.36,0.06
741,6,0.688,0.3,0.768,0.436,0.472,0.98,0.552,0.04
742,6,0.456,-0.02,0.536,0.416,0.664,1.0,0.744,0.02
743,2,0.648,0.98,0.728,0.396,0.432,0.68,0.512,0.0
744,2,0.84,1.0,0.92,0.376,0.2,0.36,0.28,-0.02
745,8,1.0,0.98,0.688,0.056,-0.032,0.34,0.472,0.98
746,8,1.0,0.96,0.456,-0.264,-0.264,0.32,0.664,1.0
747,4,0.768,0.94,0.648,0.736,-0.072,0.3,0.432,0.68
748,4,0.536,0.92,0.84,1.0,0.12,0.28,0.2,0.36
749,,0.516,0.9,0.82,0.98,0.1,0.26,0.18,0.34
750,,0.496,0.88,0.8,0.96,0.08,0.24,0.16,0.32
751,,0.476,0.86,0.78,0.94,0.06,0.22,0.14,0.3
752,,0.456,0.84,0.76,0.92,0.04,0.2,0.12,0.28
753,,0.436,0.82,0.74,0.9,0.02,0.18,0.1,0.26
754,,0.416,0.8,0.72,0.88,0.0,0.16,0.08,0.24
755,,0.396,0.78,0.7,0.86,-0.02,0.14,0.06,0.22
756,5,0.076,0.548,0.68,1.0,0.98,0.332,0.04,-0.012
757,5,-0.244,0.316,0.66,1.0,1.0,0.524,0.02,-0.244
758,8,-0.052,0.296,0.428,0.68,0.768,0.504,0.212,0.756
759,8,0.14,0.276,0.196,0.36,0.536,0.484,0.404,1.0
760,,0.12,0.256,0.176,0.34,0.516,0.464,0.384,0.98
761,,0.1,0.236,0.156,0.32,0.496,0.444,0.364,0.96
762,,0.08,0.216,0.136,0.3,0.476,0.424,0.344,0.94
763,,0.06,0.196,0.116,0.28,0.456,0.404,0.324,0.92
764,,0.04,0.176,0.096,0.26,0.436,0.384,0.304,0.9
765,,0.02,0.156,0.076,0.24,0.416,0.364,0.284,0.88
766,,0.0,0.136,0.056,0.22,0.396,0.344,0.264,0.86
767,,-0.02,0.116,0.036,0.2,0.376,0.324,0.244,0.84
768,1,0.98,0.308,0.016,-0.032,0.056,0.092,0.224,1.0
769,1,1.0,0.5,-0.004,-0.264,-0.264,-0.14,0.204,1.0
770,5,0.68,0.268,-0.024,-0.072,0.736,0.052,0.184,0.768
771,5,0.36,0.036,-0.044,0.12,1.0,0.244,0.164,0.536
772,3,0.34,0.228,0.956,0.312,0.98,0.012,-0.156,0.304
773,3,0.32,0.42,1.0,0.504,0.96,-0.22,-0.476,0.072
774,7,0.3,0.188,0.68,0.272,0.94,-0.028,0.524,0.264
775,7,0.28,-0.044,0.36,0.04,0.92,0.164,1.0,0.456
776,2,0.472,0.956,0.552,0.02,0.688,-0.156,0.768,0.436
777,2,0.664,1.0,0.744,0.0,0.456,-0.476,0.536,0.416
778,6,0.432,0.68,0.512,-0.02,0.648,0.524,0.728,0.396
779,6,0.2,0.36,0.28,-0.04,0.84,1.0,0.92,0.376
780,4,-0.032,0.34,0.472,0.96,1.0,0.98,0.688,0.056
781,4,-0.264,0.32,0.664,1.0,1.0,0.96,0.456,-0.264
782,1,0.736,0.512,0.644,0.768,0.68,0.728,0.436,-0.072
783,1,1.0,0.704,0.624,0.536,0.36,0.496,0.416,0.12
784,,0.98,0.684,0.604,0.516,0.34,0.476,0.396,0.1
785,,0.96,0.664,0.584,0.496,0.32,0.456,0.376,0.08
786,,0.94,0.644,0.564,0.476,0.3,0.436,0.356,0.06
787,,0.92,0.624,0.544,0.456,0.28,0.416,0.336,0.04
788,,0.9,0.604,0.524,0.436,0.26,0.396,0.316,0.02
789,,0.88,0.584,0.504,0.416,0.24,0.376,0.296,0.0
790,,0.86,0.564,0.484,0.396,0.22,0.356,0.276,-0.02
791,8,1.0,0.544,0.252,0.076,-0.012,0.336,0.468,0.98
792,8,1.0,0.524,0.02,-0.244,-0.244,0.316,0.66,1.0
793,5,0.68,0.292,0.0,-0.052,0.756,0.508,0.64,0.768
794,5,0.36,0.06,-0.02,0.14,1.0,0.7,0.62,0.536
795,3,0.34,0.252,0.98,0.332,0.98,0.468,0.3,0.304
796,3,0.32,0.444,1.0,0.524,0.96,0.236,-0.02,0.072
797,7,0.3,0.212,0.68,0.292,0.94,0.428,0.98,0.264
798,7,0.28,-0.02,0.36,0.06,0.92,0.62,1.0,0.456
799,2,0.472,0.98,0.552,0.04,0.688,0.3,0.768,0.436
800,2,0.664,1.0,0.744,0.02,0.456,-0.02,0.536,0.416
801,6,0.432,0.68,0.512,0.0,0.648,0.98,0.728,0.396
802,6,0.2,0.36,0.28,-0.02,0.84,1.0,0.92,0.376
803,4,-0.032,0.34,0.472,0.98,1.0,0.98,0.688,0.056
804,4,-0.264,0.32,0.664,1.0,1.0,0.96,0.456,-0.264
805,8,-0.072,0.3,0.432,0.68,0.768,0.94,0.648,0.736
