step,active_motive,motive_1,motive_2,motive_3,motive_4,motive_5,motive_6,motive_7,motive_8
0,,0.08069,0.03463,0.04647,0.06498,0.00481,0.09491,0.08867,0.02609
1,,0.06069,0.01463,0.02647,0.04498,-0.01519,0.07491,0.06867,0.00609
2,5,-0.25931,-0.21737,0.00647,0.23698,0.98481,0.26691,0.04867,-0.22591
3,5,-0.57931,-0.44937,-0.01353,0.42898,1.0,0.45891,0.02867,-0.45791
4,1,0.42069,-0.25737,-0.03353,0.19698,0.68,0.22691,0.00867,-0.26591
5,1,1.0,-0.06537,-0.05353,-0.03502,0.36,-0.00509,-0.01133,-0.07391
6,8,1.0,-0.08537,-0.28553,-0.35502,0.128,-0.02509,0.18067,0.92609
7,8,1.0,-0.10537,-0.51753,-0.67502,-0.104,-0.04509,0.37267,1.0
8,4,0.768,-0.12537,-0.32553,0.32498,0.088,-0.06509,0.14067,0.68
9,4,0.536,-0.14537,-0.13353,1.0,0.28,-0.08509,-0.09133,0.36
10,2,0.728,0.85463,0.05847,0.98,0.048,-0.40509,-0.32333,0.34
11,2,0.92,1.0,0.25047,0.96,-0.184,-0.72509,-0.55533,0.32
12,6,0.688,0.68,0.01847,0.94,0.008,0.27491,-0.36333,0.3
13,6,0.456,0.36,-0.21353,0.92,0.2,1.0,-0.17133,0.28
14,3,0.436,0.552,0.78647,1.0,0.18,0.768,-0.49133,0.048
15,3,0.416,0.744,1.0,1.0,0.16,0.536,-0.81133,-0.184
16,7,0.396,0.512,0.68,0.768,0.14,0.728,0.18867,0.008
17,7,0.376,0.28,0.36,0.536,0.12,0.92,1.0,0.2
18,,0.356,0.26,0.34,0.516,0.1,0.9,0.98,0.18
19,,0.336,0.24,0.32,0.496,0.08,0.88,0.96,0.16
20,,0.316,0.22,0.3,0.476,0.06,0.86,0.94,0.14
21,,0.296,0.2,0.28,0.456,0.04,0.84,0.92,0.12
22,,0.276,0.18,0.26,0.436,0.02,0.82,0.9,0.1
23,,0.256,0.16,0.24,0.416,0.0,0.8,0.88,0.08
24,,0.236,0.14,0.22,0.396,-0.02,0.78,0.86,0.06
25,5,-0.084,-0.092,0.2,0.588,0.98,0.972,0.84,-0.172
26,5,-0.404,-0.324,0.18,0.78,1.0,1.0,0.82,-0.404
27,8,-0.212,-0.344,-0.052,0.46,0.768,0.98,1.0,0.596
28,8,-0.02,-0.364,-0.284,0.14,0.536,0.96,1.0,1.0
29,2,0.172,0.636,-0.092,0.12,0.304,0.64,0.768,0.98
30,2,0.364,1.0,0.1,0.1,0.072,0.32,0.536,0.96
31,,0.344,0.98,0.08,0.08,0.052,0.3,0.516,0.94
32,,0.324,0.96,0.06,0.06,0.032,0.28,0.496,0.92
33,,0.304,0.94,0.04,0.04,0.012,0.26,0.476,0.9
34,,0.284,0.92,0.02,0.02,-0.008,0.24,0.456,0.88
35,5,-0.036,0.688,0.0,0.212,0.992,0.432,0.436,0.648
36,5,-0.356,0.456,-0.02,0.404,1.0,0.624,0.416,0.416
37,1,0.644,0.648,-0.04,0.172,0.68,0.392,0.396,0.608
38,1,1.0,0.84,-0.06,-0.06,0.36,0.16,0.376,0.8
39,4,0.768,0.82,0.132,0.94,0.552,0.14,0.144,0.48
40,4,0.536,0.8,0.324,1.0,0.744,0.12,-0.088,0.16
41,7,0.516,0.568,0.004,0.768,0.724,0.312,0.912,0.352
42,7,0.496,0.336,-0.316,0.536,0.704,0.504,1.0,0.544
43,3,0.476,0.528,0.684,0.728,0.684,0.272,0.68,0.312
44,3,0.456,0.72,1.0,0.92,0.664,0.04,0.36,0.08
45,,0.436,0.7,0.98,0.9,0.644,0.02,0.34,0.06
46,,0.416,0.68,0.96,0.88,0.624,0.0,0.32,0.04
47,,0.396,0.66,0.94,0.86,0.604,-0.02,0.3,0.02
48,6,0.164,0.34,0.708,0.84,0.796,0.98,0.492,0.0
49,6,-0.068,0.02,0.476,0.82,0.988,1.0,0.684,-0.02
50,1,0.932,0.212,0.456,0.588,0.668,0.768,0.664,0.172
51,1,1.0,0.404,0.436,0.356,0.348,0.536,0.644,0.364
52,,0.98,0.384,0.416,0.336,0.328,0.516,0.624,0.344
53,,0.96,0.364,0.396,0.316,0.308,0.496,0.604,0.324
54,,0.94,0.344,0.376,0.296,0.288,0.476,0.584,0.304
55,,0.92,0.324,0.356,0.276,0.268,0.456,0.564,0.284
56,,0.9,0.304,0.336,0.256,0.248,0.436,0.544,0.264
57,,0.88,0.284,0.316,0.236,0.228,0.416,0.524,0.244
58,,0.86,0.264,0.296,0.216,0.208,0.396,0.504,0.224
59,,0.84,0.244,0.276,0.196,0.188,0.376,0.484,0.204
60,,0.82,0.224,0.256,0.176,0.168,0.356,0.464,0.184
61,,0.8,0.204,0.236,0.156,0.148,0.336,0.444,0.164
62,,0.78,0.184,0.216,0.136,0.128,0.316,0.424,0.144
63,,0.76,0.164,0.196,0.116,0.108,0.296,0.404,0.124
64,,0.74,0.144,0.176,0.096,0.088,0.276,0.384,0.104
65,,0.72,0.124,0.156,0.076,0.068,0.256,0.364,0.084
66,,0.7,0.104,0.136,0.056,0.048,0.236,0.344,0.064
67,,0.68,0.084,0.116,0.036,0.028,0.216,0.324,0.044
68,,0.66,0.064,0.096,0.016,0.008,0.196,0.304,0.024
69,,0.64,0.044,0.076,-0.004,-0.012,0.176,0.284,0.004
70,5,0.32,-0.188,0.056,0.188,0.988,0.368,0.264,-0.228
71,5,0.0,-0.42,0.036,0.38,1.0,0.56,0.244,-0.46
72,8,0.192,-0.44,-0.196,0.06,0.768,0.54,0.436,0.54
73,8,0.384,-0.46,-0.428,-0.26,0.536,0.52,0.628,1.0
74,2,0.576,0.54,-0.236,-0.28,0.304,0.2,0.396,0.98
75,2,0.768,1.0,-0.044,-0.3,0.072,-0.12,0.164,0.96
76,4,0.536,0.98,0.148,0.7,0.264,-0.14,-0.068,0.64
77,4,0.304,0.96,0.34,1.0,0.456,-0.16,-0.3,0.32
78,7,0.284,0.728,0.02,0.768,0.436,0.032,0.7,0.512
79,7,0.264,0.496,-0.3,0.536,0.416,0.224,1.0,0.704
80,3,0.244,0.688,0.7,0.728,0.396,-0.008,0.68,0.472
81,3,0.224,0.88,1.0,0.92,0.376,-0.24,0.36,0.24
82,6,-0.008,0.56,0.768,0.9,0.568,0.76,0.552,0.22
83,6,-0.24,0.24,0.536,0.88,0.76,1.0,0.744,0.2
84,1,0.76,0.432,0.516,0.648,0.44,0.768,0.724,0.392
85,1,1.0,0.624,0.496,0.416,0.12,0.536,0.704,0.584
86,,0.98,0.604,0.476,0.396,0.1,0.516,0.684,0.564
87,,0.96,0.584,0.456,0.376,0.08,0.496,0.664,0.544
88,,0.94,0.564,0.436,0.356,0.06,0.476,0.644,0.524
89,,0.92,0.544,0.416,0.336,0.04,0.456,0.624,0.504
90,,0.9,0.524,0.396,0.316,0.02,0.436,0.604,0.484
91,,0.88,0.504,0.376,0.296,0.0,0.416,0.584,0.464
92,,0.86,0.484,0.356,0.276,-0.02,0.396,0.564,0.444
93,5,0.54,0.252,0.336,0.468,0.98,0.588,0.544,0.212
94,5,0.22,0.02,0.316,0.66,1.0,0.78,0.524,-0.02
95,8,0.412,0.0,0.084,0.34,0.768,0.76,0.716,0.98
96,8,0.604,-0.02,-0.148,0.02,0.536,0.74,0.908,1.0
97,3,0.584,0.172,0.852,0.212,0.516,0.508,0.588,0.768
98,3,0.564,0.364,1.0,0.404,0.496,0.276,0.268,0.536
99,,0.544,0.344,0.98,0.384,0.476,0.256,0.248,0.516
100,,0.524,0.324,0.96,0.364,0.456,0.236,0.228,0.496
101,,0.504,0.304,0.94,0.344,0.436,0.216,0.208,0.476
102,,0.484,0.284,0.92,0.324,0.416,0.196,0.188,0.456
103,,0.464,0.264,0.9,0.304,0.396,0.176,0.168,0.436
104,,0.444,0.244,0.88,0.284,0.376,0.156,0.148,0.416
105,,0.424,0.224,0.86,0.264,0.356,0.136,0.128,0.396
106,,0.404,0.204,0.84,0.244,0.336,0.116,0.108,0.376
107,,0.384,0.184,0.82,0.224,0.316,0.096,0.088,0.356
108,,0.364,0.164,0.8,0.204,0.296,0.076,0.068,0.336
109,,0.344,0.144,0.78,0.184,0.276,0.056,0.048,0.316
110,,0.324,0.124,0.76,0.164,0.256,0.036,0.028,0.296
111,,0.304,0.104,0.74,0.144,0.236,0.016,0.008,0.276
112,,0.284,0.084,0.72,0.124,0.216,-0.004,-0.012,0.256
113,7,0.264,-0.148,0.4,-0.108,0.196,0.188,0.988,0.448
114,7,0.244,-0.38,0.08,-0.34,0.176,0.38,1.0,0.64
115,2,0.436,0.62,0.272,-0.36,-0.056,0.06,0.768,0.62
116,2,0.628,1.0,0.464,-0.38,-0.288,-0.26,0.536,0.6
117,4,0.396,0.98,0.656,0.62,-0.096,-0.28,0.304,0.28
118,4,0.164,0.96,0.848,1.0,0.096,-0.3,0.072,-0.04
119,6,-0.068,0.64,0.616,0.98,0.288,0.7,0.264,-0.06
120,6,-0.3,0.32,0.384,0.96,0.48,1.0,0.456,-0.08
121,1,0.7,0.512,0.364,0.728,0.16,0.768,0.436,0.112
122,1,1.0,0.704,0.344,0.496,-0.16,0.536,0.416,0.304
123,5,0.68,0.472,0.324,0.688,0.84,0.728,0.396,0.072
124,5,0.36,0.24,0.304,0.88,1.0,0.92,0.376,-0.16
125,8,0.552,0.22,0.072,0.56,0.768,0.9,0.568,0.84
126,8,0.744,0.2,-0.16,0.24,0.536,0.88,0.76,1.0
127,3,0.724,0.392,0.84,0.432,0.516,0.648,0.44,0.768
128,3,0.704,0.584,1.0,0.624,0.496,0.416,0.12,0.536
129,,0.684,0.564,0.98,0.604,0.476,0.396,0.1,0.516
130,,0.664,0.544,0.96,0.584,0.456,0.376,0.08,0.496
131,,0.644,0.524,0.94,0.564,0.436,0.356,0.06,0.476
132,,0.624,0.504,0.92,0.544,0.416,0.336,0.04,0.456
133,,0.604,0.484,0.9,0.524,0.396,0.316,0.02,0.436
134,,0.584,0.464,0.88,0.504,0.376,0.296,0.0,0.416
135,,0.564,0.444,0.86,0.484,0.356,0.276,-0.02,0.396
136,7,0.544,0.212,0.54,0.252,0.336,0.468,0.98,0.588
137,7,0.524,-0.02,0.22,0.02,0.316,0.66,1.0,0.78
138,2,0.716,0.98,0.412,0.0,0.084,0.34,0.768,0.76
139,2,0.908,1.0,0.604,-0.02,-0.148,0.02,0.536,0.74
140,5,0.588,0.768,0.584,0.172,0.852,0.212,0.516,0.508
141,5,0.268,0.536,0.564,0.364,1.0,0.404,0.496,0.276
142,,0.248,0.516,0.544,0.344,0.98,0.384,0.476,0.256
143,,0.228,0.496,0.524,0.324,0.96,0.364,0.456,0.236
144,,0.208,0.476,0.504,0.304,0.94,0.344,0.436,0.216
145,,0.188,0.456,0.484,0.284,0.92,0.324,0.416,0.196
146,,0.168,0.436,0.464,0.264,0.9,0.304,0.396,0.176
147,,0.148,0.416,0.444,0.244,0.88,0.284,0.376,0.156
148,,0.128,0.396,0.424,0.224,0.86,0.264,0.356,0.136
149,,0.108,0.376,0.404,0.204,0.84,0.244,0.336,0.116
150,,0.088,0.356,0.384,0.184,0.82,0.224,0.316,0.096
151,,0.068,0.336,0.364,0.164,0.8,0.204,0.296,0.076
152,,0.048,0.316,0.344,0.144,0.78,0.184,0.276,0.056
153,,0.028,0.296,0.324,0.124,0.76,0.164,0.256,0.036
154,,0.008,0.276,0.304,0.104,0.74,0.144,0.236,0.016
155,,-0.012,0.256,0.284,0.084,0.72,0.124,0.216,-0.004
156,1,0.988,0.448,0.264,-0.148,0.4,-0.108,0.196,0.188
157,1,1.0,0.64,0.244,-0.38,0.08,-0.34,0.176,0.38
158,4,0.768,0.62,0.436,0.62,0.272,-0.36,-0.056,0.06
159,4,0.536,0.6,0.628,1.0,0.464,-0.38,-0.288,-0.26
160,6,0.304,0.28,0.396,0.98,0.656,0.62,-0.096,-0.28
161,6,0.072,-0.04,0.164,0.96,0.848,1.0,0.096,-0.3
162,8,0.264,-0.06,-0.068,0.64,0.616,0.98,0.288,0.7
163,8,0.456,-0.08,-0.3,0.32,0.384,0.96,0.48,1.0
164,3,0.436,0.112,0.7,0.512,0.364,0.728,0.16,0.768
165,3,0.416,0.304,1.0,0.704,0.344,0.496,-0.16,0.536
166,7,0.396,0.072,0.68,0.472,0.324,0.688,0.84,0.728
167,7,0.376,-0.16,0.36,0.24,0.304,0.88,1.0,0.92
168,2,0.568,0.84,0.552,0.22,0.072,0.56,0.768,0.9
169,2,0.76,1.0,0.744,0.2,-0.16,0.24,0.536,0.88
170,5,0.44,0.768,0.724,0.392,0.84,0.432,0.516,0.648
171,5,0.12,0.536,0.704,0.584,1.0,0.624,0.496,0.416
172,,0.1,0.516,0.684,0.564,0.98,0.604,0.476,0.396
173,,0.08,0.496,0.664,0.544,0.96,0.584,0.456,0.376
174,,0.06,0.476,0.644,0.524,0.94,0.564,0.436,0.356
175,,0.04,0.456,0.624,0.504,0.92,0.544,0.416,0.336
176,,0.02,0.436,0.604,0.484,0.9,0.524,0.396,0.316
177,,0.0,0.416,0.584,0.464,0.88,0.504,0.376,0.296
178,,-0.02,0.396,0.564,0.444,0.86,0.484,0.356,0.276
179,1,0.98,0.588,0.544,0.212,0.54,0.252,0.336,0.468
180,1,1.0,0.78,0.524,-0.02,0.22,0.02,0.316,0.66
181,4,0.768,0.76,0.716,0.98,0.412,0.0,0.084,0.34
182,4,0.536,0.74,0.908,1.0,0.604,-0.02,-0.148,0.02
183,7,0.516,0.508,0.588,0.768,0.584,0.172,0.852,0.212
184,7,0.496,0.276,0.268,0.536,0.564,0.364,1.0,0.404
185,,0.476,0.256,0.248,0.516,0.544,0.344,0.98,0.384
186,,0.456,0.236,0.228,0.496,0.524,0.324,0.96,0.364
187,,0.436,0.216,0.208,0.476,0.504,0.304,0.94,0.344
188,,0.416,0.196,0.188,0.456,0.484,0.284,0.92,0.324
189,,0.396,0.176,0.168,0.436,0.464,0.264,0.9,0.304
190,,0.376,0.156,0.148,0.416,0.444,0.244,0.88,0.284
191,,0.356,0.136,0.128,0.396,0.424,0.224,0.86,0.264
192,,0.336,0.116,0.108,0.376,0.404,0.204,0.84,0.244
193,,0.316,0.096,0.088,0.356,0.384,0.184,0.82,0.224
194,,0.296,0.076,0.068,0.336,0.364,0.164,0.8,0.204
195,,0.276,0.056,0.048,0.316,0.344,0.144,0.78,0.184
196,,0.256,0.036,0.028,0.296,0.324,0.124,0.76,0.164
197,,0.236,0.016,0.008,0.276,0.304,0.104,0.74,0.144
198,,0.216,-0.004,-0.012,0.256,0.284,0.084,0.72,0.124
199,3,0.196,0.188,0.988,0.448,0.264,-0.148,0.4,-0.108
200,3,0.176,0.38,1.0,0.64,0.244,-0.38,0.08,-0.34
201,6,-0.056,0.06,0.768,0.62,0.436,0.62,0.272,-0.36
202,6,-0.288,-0.26,0.536,0.6,0.628,1.0,0.464,-0.38
203,8,-0.096,-0.28,0.304,0.28,0.396,0.98,0.656,0.62
204,8,0.096,-0.3,0.072,-0.04,0.164,0.96,0.848,1.0
205,2,0.288,0.7,0.264,-0.06,-0.068,0.64,0.616,0.98
206,2,0.48,1.0,0.456,-0.08,-0.3,0.32,0.384,0.96
207,5,0.16,0.768,0.436,0.112,0.7,0.512,0.364,0.728
208,5,-0.16,0.536,0.416,0.304,1.0,0.704,0.344,0.496
209,1,0.84,0.728,0.396,0.072,0.68,0.472,0.324,0.688
210,1,1.0,0.92,0.376,-0.16,0.36,0.24,0.304,0.88
211,4,0.768,0.9,0.568,0.84,0.552,0.22,0.072,0.56
212,4,0.536,0.88,0.76,1.0,0.744,0.2,-0.16,0.24
213,7,0.516,0.648,0.44,0.768,0.724,0.392,0.84,0.432
214,7,0.496,0.416,0.12,0.536,0.704,0.584,1.0,0.624
215,,0.476,0.396,0.1,0.516,0.684,0.564,0.98,0.604
216,,0.456,0.376,0.08,0.496,0.664,0.544,0.96,0.584
217,,0.436,0.356,0.06,0.476,0.644,0.524,0.94,0.564
218,,0.416,0.336,0.04,0.456,0.624,0.504,0.92,0.544
219,,0.396,0.316,0.02,0.436,0.604,0.484,0.9,0.524
220,,0.376,0.296,0.0,0.416,0.584,0.464,0.88,0.504
221,,0.356,0.276,-0.02,0.396,0.564,0.444,0.86,0.484
222,3,0.336,0.468,0.98,0.588,0.544,0.212,0.54,0.252
223,3,0.316,0.66,1.0,0.78,0.524,-0.02,0.22,0.02
224,6,0.084,0.34,0.768,0.76,0.716,0.98,0.412,0.0
225,6,-0.148,0.02,0.536,0.74,0.908,1.0,0.604,-0.02
226,1,0.852,0.212,0.516,0.508,0.588,0.768,0.584,0.172
227,1,1.0,0.404,0.496,0.276,0.268,0.536,0.564,0.364
228,,0.98,0.384,0.476,0.256,0.248,0.516,0.544,0.344
229,,0.96,0.364,0.456,0.236,0.228,0.496,0.524,0.324
230,,0.94,0.344,0.436,0.216,0.208,0.476,0.504,0.304
231,,0.92,0.324,0.416,0.196,0.188,0.456,0.484,0.284
232,,0.9,0.304,0.396,0.176,0.168,0.436,0.464,0.264
233,,0.88,0.284,0.376,0.156,0.148,0.416,0.444,0.244
234,,0.86,0.264,0.356,0.136,0.128,0.396,0.424,0.224
235,,0.84,0.244,0.336,0.116,0.108,0.376,0.404,0.204
236,,0.82,0.224,0.316,0.096,0.088,0.356,0.384,0.184
237,,0.8,0.204,0.296,0.076,0.068,0.336,0.364,0.164
238,,0.78,0.184,0.276,0.056,0.048,0.316,0.344,0.144
239,,0.76,0.164,0.256,0.036,0.028,0.296,0.324,0.124
240,,0.74,0.144,0.236,0.016,0.008,0.276,0.304,0.104
241,,0.72,0.124,0.216,-0.004,-0.012,0.256,0.284,0.084
242,5,0.4,-0.108,0.196,0.188,0.988,0.448,0.264,-0.148
243,5,0.08,-0.34,0.176,0.38,1.0,0.64,0.244,-0.38
244,8,0.272,-0.36,-0.056,0.06,0.768,0.62,0.436,0.62
245,8,0.464,-0.38,-0.288,-0.26,0.536,0.6,0.628,1.0
246,2,0.656,0.62,-0.096,-0.28,0.304,0.28,0.396,0.98
247,2,0.848,1.0,0.096,-0.3,0.072,-0.04,0.164,0.96
248,4,0.616,0.98,0.288,0.7,0.264,-0.06,-0.068,0.64
249,4,0.384,0.96,0.48,1.0,0.456,-0.08,-0.3,0.32
250,7,0.364,0.728,0.16,0.768,0.436,0.112,0.7,0.512
251,7,0.344,0.496,-0.16,0.536,0.416,0.304,1.0,0.704
252,3,0.324,0.688,0.84,0.728,0.396,0.072,0.68,0.472
253,3,0.304,0.88,1.0,0.92,0.376,-0.16,0.36,0.24
254,6,0.072,0.56,0.768,0.9,0.568,0.84,0.552,0.22
255,6,-0.16,0.24,0.536,0.88,0.76,1.0,0.744,0.2
256,1,0.84,0.432,0.516,0.648,0.44,0.768,0.724,0.392
257,1,1.0,0.624,0.496,0.416,0.12,0.536,0.704,0.584
258,,0.98,0.604,0.476,0.396,0.1,0.516,0.684,0.564
259,,0.96,0.584,0.456,0.376,0.08,0.496,0.664,0.544
260,,0.94,0.564,0.436,0.356,0.06,0.476,0.644,0.524
261,,0.92,0.544,0.416,0.336,0.04,0.456,0.624,0.504
262,,0.9,0.524,0.396,0.316,0.02,0.436,0.604,0.484
263,,0.88,0.504,0.376,0.296,0.0,0.416,0.584,0.464
264,,0.86,0.484,0.356,0.276,-0.02,0.396,0.564,0.444
265,5,0.54,0.252,0.336,0.468,0.98,0.588,0.544,0.212
266,5,0.22,0.02,0.316,0.66,1.0,0.78,0.524,-0.02
267,8,0.412,0.0,0.084,0.34,0.768,0.76,0.716,0.98
268,8,0.604,-0.02,-0.148,0.02,0.536,0.74,0.908,1.0
269,3,0.584,0.172,0.852,0.212,0.516,0.508,0.588,0.768
270,3,0.564,0.364,1.0,0.404,0.496,0.276,0.268,0.536
271,,0.544,0.344,0.98,0.384,0.476,0.256,0.248,0.516
272,,0.524,0.324,0.96,0.364,0.456,0.236,0.228,0.496
273,,0.504,0.304,0.94,0.344,0.436,0.216,0.208,0.476
274,,0.484,0.284,0.92,0.324,0.416,0.196,0.188,0.456
275,,0.464,0.264,0.9,0.304,0.396,0.176,0.168,0.436
276,,0.444,0.244,0.88,0.284,0.376,0.156,0.148,0.416
277,,0.424,0.224,0.86,0.264,0.356,0.136,0.128,0.396
278,,0.404,0.204,0.84,0.244,0.336,0.116,0.108,0.376
279,,0.384,0.184,0.82,0.224,0.316,0.096,0.088,0.356
280,,0.364,0.164,0.8,0.204,0.296,0.076,0.068,0.336
281,,0.344,0.144,0.78,0.184,0.276,0.056,0.048,0.316
282,,0.324,0.124,0.76,0.164,0.256,0.036,0.028,0.296
283,,0.304,0.104,0.74,0.144,0.236,0.016,0.008,0.276
284,,0.284,0.084,0.72,0.124,0.216,-0.004,-0.012,0.256
285,7,0.264,-0.148,0.4,-0.108,0.196,0.188,0.988,0.448
286,7,0.244,-0.38,0.08,-0.34,0.176,0.38,1.0,0.64
287,2,0.436,0.62,0.272,-0.36,-0.056,0.06,0.768,0.62
288,2,0.628,1.0,0.464,-0.38,-0.288,-0.26,0.536,0.6
289,4,0.396,0.98,0.656,0.62,-0.096,-0.28,0.304,0.28
290,4,0.164,0.96,0.848,1.0,0.096,-0.3,0.072,-0.04
291,6,-0.068,0.64,0.616,0.98,0.288,0.7,0.264,-0.06
292,6,-0.3,0.32,0.384,0.96,0.48,1.0,0.456,-0.08
293,1,0.7,0.512,0.364,0.728,0.16,0.768,0.436,0.112
294,1,1.0,0.704,0.344,0.496,-0.16,0.536,0.416,0.304
295,5,0.68,0.472,0.324,0.688,0.84,0.728,0.396,0.072
296,5,0.36,0.24,0.304,0.88,1.0,0.92,0.376,-0.16
297,8,0.552,0.22,0.072,0.56,0.768,0.9,0.568,0.84
298,8,0.744,0.2,-0.16,0.24,0.536,0.88,0.76,1.0
299,3,0.724,0.392,0.84,0.432,0.516,0.648,0.44,0.768
300,3,0.704,0.584,1.0,0.624,0.496,0.416,0.12,0.536
301,,0.684,0.564,0.98,0.604,0.476,0.396,0.1,0.516
302,,0.664,0.544,0.96,0.584,0.456,0.376,0.08,0.496
303,,0.644,0.524,0.94,0.564,0.436,0.356,0.06,0.476
304,,0.624,0.504,0.92,0.544,0.416,0.336,0.04,0.456
305,,0.604,0.484,0.9,0.524,0.396,0.316,0.02,0.436
306,,0.584,0.464,0.88,0.504,0.376,0.296,0.0,0.416
307,,0.564,0.444,0.86,0.484,0.356,0.276,-0.02,0.396
308,7,0.544,0.212,0.54,0.252,0.336,0.468,0.98,0.588
309,7,0.524,-0.02,0.22,0.02,0.316,0.66,1.0,0.78
310,2,0.716,0.98,0.412,0.0,0.084,0.34,0.768,0.76
311,2,0.908,1.0,0.604,-0.02,-0.148,0.02,0.536,0.74
312,5,0.588,0.768,0.584,0.172,0.852,0.212,0.516,0.508
313,5,0.268,0.536,0.564,0.364,1.0,0.404,0.496,0.276
314,,0.248,0.516,0.544,0.344,0.98,0.384,0.476,0.256
315,,0.228,0.496,0.524,0.324,0.96,0.364,0.456,0.236
316,,0.208,0.476,0.504,0.304,0.94,0.344,0.436,0.216
317,,0.188,0.456,0.484,0.284,0.92,0.324,0.416,0.196
318,,0.168,0.436,0.464,0.264,0.9,0.304,0.396,0.176
319,,0.148,0.416,0.444,0.244,0.88,0.284,0.376,0.156
320,,0.128,0.396,0.424,0.224,0.86,0.264,0.356,0.136
321,,0.108,0.376,0.404,0.204,0.84,0.244,0.336,0.116
322,,0.088,0.356,0.384,0.184,0.82,0.224,0.316,0.096
323,,0.068,0.336,0.364,0.164,0.8,0.204,0.296,0.076
324,,0.048,0.316,0.344,0.144,0.78,0.184,0.276,0.056
325,,0.028,0.296,0.324,0.124,0.76,0.164,0.256,0.036
326,,0.008,0.276,0.304,0.104,0.74,0.144,0.236,0.016
327,,-0.012,0.256,0.284,0.084,0.72,0.124,0.216,-0.004
328,1,0.988,0.448,0.264,-0.148,0.4,-0.108,0.196,0.188
329,1,1.0,0.64,0.244,-0.38,0.08,-0.34,0.176,0.38
330,4,0.768,0.62,0.436,0.62,0.272,-0.36,-0.056,0.06
331,4,0.536,0.6,0.628,1.0,0.464,-0.38,-0.288,-0.26
332,6,0.304,0.28,0.396,0.98,0.656,0.62,-0.096,-0.28
333,6,0.072,-0.04,0.164,0.96,0.848,1.0,0.096,-0.3
334,8,0.264,-0.06,-0.068,0.64,0.616,0.98,0.288,0.7
335,8,0.456,-0.08,-0.3,0.32,0.384,0.96,0.48,1.0
336,3,0.436,0.112,0.7,0.512,0.364,0.728,0.16,0.768
337,3,0.416,0.304,1.0,0.704,0.344,0.496,-0.16,0.536
338,7,0.396,0.072,0.68,0.472,0.324,0.688,0.84,0.728
339,7,0.376,-0.16,0.36,0.24,0.304,0.88,1.0,0.92
340,2,0.568,0.84,0.552,0.22,0.072,0.56,0.768,0.9
341,2,0.76,1.0,0.744,0.2,-0.16,0.24,0.536,0.88
342,5,0.44,0.768,0.724,0.392,0.84,0.432,0.516,0.648
343,5,0.12,0.536,0.704,0.584,1.0,0.624,0.496,0.416
344,,0.1,0.516,0.684,0.564,0.98,0.604,0.476,0.396
345,,0.08,0.496,0.664,0.544,0.96,0.584,0.456,0.376
346,,0.06,0.476,0.644,0.524,0.94,0.564,0.436,0.356
347,,0.04,0.456,0.624,0.504,0.92,0.544,0.416,0.336
348,,0.02,0.436,0.604,0.484,0.9,0.524,0.396,0.316
349,,0.0,0.416,0.584,0.464,0.88,0.504,0.376,0.296
350,,-0.02,0.396,0.564,0.444,0.86,0.484,0.356,0.276
351,1,0.98,0.588,0.544,0.212,0.54,0.252,0.336,0.468
352,1,1.0,0.78,0.524,-0.02,0.22,0.02,0.316,0.66
353,4,0.768,0.76,0.716,0.98,0.412,0.0,0.084,0.34
354,4,0.536,0.74,0.908,1.0,0.604,-0.02,-0.148,0.02
355,7,0.516,0.508,0.588,0.768,0.584,0.172,0.852,0.212
356,7,0.496,0.276,0.268,0.536,0.564,0.364,1.0,0.404
357,,0.476,0.256,0.248,0.516,0.544,0.344,0.98,0.384
358,,0.456,0.236,0.228,0.496,0.524,0.324,0.96,0.364
359,,0.436,0.216,0.208,0.476,0.504,0.304,0.94,0.344
360,,0.416,0.196,0.188,0.456,0.484,0.284,0.92,0.324
361,,0.396,0.176,0.168,0.436,0.464,0.264,0.9,0.304
362,,0.376,0.156,0.148,0.416,0.444,0.244,0.88,0.284
363,,0.356,0.136,0.128,0.396,0.424,0.224,0.86,0.264
364,,0.336,0.116,0.108,0.376,0.404,0.204,0.84,0.244
365,,0.316,0.096,0.088,0.356,0.384,0.184,0.82,0.224
366,,0.296,0.076,0.068,0.336,0.364,0.164,0.8,0.204
367,,0.276,0.056,0.048,0.316,0.344,0.144,0.78,0.184
368,,0.256,0.036,0.028,0.296,0.324,0.124,0.76,0.164
369,,0.236,0.016,0.008,0.276,0.304,0.104,0.74,0.144
370,,0.216,-0.004,-0.012,0.256,0.284,0.084,0.72,0.124
371,3,0.196,0.188,0.988,0.448,0.264,-0.148,0.4,-0.108
372,3,0.176,0.38,1.0,0.64,0.244,-0.38,0.08,-0.34
373,6,-0.056,0.06,0.768,0.62,0.436,0.62,0.272,-0.36
374,6,-0.288,-0.26,0.536,0.6,0.628,1.0,0.464,-0.38
375,8,-0.096,-0.28,0.304,0.28,0.396,0.98,0.656,0.62
376,8,0.096,-0.3,0.072,-0.04,0.164,0.96,0.848,1.0
377,2,0.288,0.7,0.264,-0.06,-0.068,0.64,0.616,0.98
378,2,0.48,1.0,0.456,-0.08,-0.3,0.32,0.384,0.96
379,5,0.16,0.768,0.436,0.112,0.7,0.512,0.364,0.728
380,5,-0.16,0.536,0.416,0.304,1.0,0.704,0.344,0.496
381,1,0.84,0.728,0.396,0.072,0.68,0.472,0.324,0.688
382,1,1.0,0.92,0.376,-0.16,0.36,0.24,0.304,0.88
383,4,0.768,0.9,0.568,0.84,0.552,0.22,0.072,0.56
384,4,0.536,0.88,0.76,1.0,0.744,0.2,-0.16,0.24
385,7,0.516,0.648,0.44,0.768,0.724,0.392,0.84,0.432
386,7,0.496,0.416,0.12,0.536,0.704,0.584,1.0,0.624
387,,0.476,0.396,0.1,0.516,0.684,0.564,0.98,0.604
388,,0.456,0.376,0.08,0.496,0.664,0.544,0.96,0.584
389,,0.436,0.356,0.06,0.476,0.644,0.524,0.94,0.564
390,,0.416,0.336,0.04,0.456,0.624,0.504,0.92,0.544
391,,0.396,0.316,0.02,0.436,0.604,0.484,0.9,0.524
392,,0.376,0.296,0.0,0.416,0.584,0.464,0.88,0.504
393,,0.356,0.276,-0.02,0.396,0.564,0.444,0.86,0.484
394,3,0.336,0.468,0.98,0.588,0.544,0.212,0.54,0.252
395,3,0.316,0.66,1.0,0.78,0.524,-0.02,0.22,0.02
396,6,0.084,0.34,0.768,0.76,0.716,0.98,0.412,0.0
397,6,-0.148,0.02,0.536,0.74,0.908,1.0,0.604,-0.02
398,1,0.852,0.212,0.516,0.508,0.588,0.768,0.584,0.172
399,1,1.0,0.404,0.496,0.276,0.268,0.536,0.564,0.364
400,,0.98,0.384,0.476,0.256,0.248,0.516,0.544,0.344
401,,0.96,0.364,0.456,0.236,0.228,0.496,0.524,0.324
402,,0.94,0.344,0.436,0.216,0.208,0.476,0.504,0.304
403,,0.92,0.324,0.416,0.196,0.188,0.456,0.484,0.284
404,,0.9,0.304,0.396,0.176,0.168,0.436,0.464,0.264
405,,0.88,0.284,0.376,0.156,0.148,0.416,0.444,0.244
406,,0.86,0.264,0.356,0.136,0.128,0.396,0.424,0.224
407,,0.84,0.244,0.336,0.116,0.108,0.376,0.404,0.204
408,,0.82,0.224,0.316,0.096,0.088,0.356,0.384,0.184
409,,0.8,0.204,0.296,0.076,0.068,0.336,0.364,0.164
410,,0.78,0.184,0.276,0.056,0.048,0.316,0.344,0.144
411,,0.76,0.164,0.256,0.036,0.028,0.296,0.324,0.124
412,,0.74,0.144,0.236,0.016,0.008,0.276,0.304,0.104
413,,0.72,0.124,0.216,-0.004,-0.012,0.256,0.284,0.084
414,5,0.4,-0.108,0.196,0.188,0.988,0.448,0.264,-0.148
415,5,0.08,-0.34,0.176,0.38,1.0,0.64,0.244,-0.38
416,8,0.272,-0.36,-0.056,0.06,0.768,0.62,0.436,0.62
417,8,0.464,-0.38,-0.288,-0.26,0.536,0.6,0.628,1.0
418,2,0.656,0.62,-0.096,-0.28,0.304,0.28,0.396,0.98
419,2,0.848,1.0,0.096,-0.3,0.072,-0.04,0.164,0.96
420,4,0.616,0.98,0.288,0.7,0.264,-0.06,-0.068,0.64
421,4,0.384,0.96,0.48,1.0,0.456,-0.08,-0.3,0.32
422,7,0.364,0.728,0.16,0.768,0.436,0.112,0.7,0.512
423,7,0.344,0.496,-0.16,0.536,0.416,0.304,1.0,0.704
424,3,0.324,0.688,0.84,0.728,0.396,0.072,0.68,0.472
425,3,0.304,0.88,1.0,0.92,0.376,-0.16,0.36,0.24
426,6,0.072,0.56,0.768,0.9,0.568,0.84,0.552,0.22
427,6,-0.16,0.24,0.536,0.88,0.76,1.0,0.744,0.2
428,1,0.84,0.432,0.516,0.648,0.44,0.768,0.724,0.392
429,1,1.0,0.624,0.496,0.416,0.12,0.536,0.704,0.584
430,,0.98,0.604,0.476,0.396,0.1,0.516,0.684,0.564
431,,0.96,0.584,0.456,0.376,0.08,0.496,0.664,0.544
432,,0.94,0.564,0.436,0.356,0.06,0.476,0.644,0.524
433,,0.92,0.544,0.416,0.336,0.04,0.456,0.624,0.504
434,,0.9,0.524,0.396,0.316,0.02,0.436,0.604,0.484
435,,0.88,0.504,0.376,0.296,0.0,0.416,0.584,0.464
436,,0.86,0.484,0.356,0.276,-0.02,0.396,0.564,0.444
437,5,0.54,0.252,0.336,0.468,0.98,0.588,0.544,0.212
438,5,0.22,0.02,0.316,0.66,1.0,0.78,0.524,-0.02
439,8,0.412,0.0,0.084,0.34,0.768,0.76,0.716,0.98
440,8,0.604,-0.02,-0.148,0.02,0.536,0.74,0.908,1.0
441,3,0.584,0.172,0.852,0.212,0.516,0.508,0.588,0.768
442,3,0.564,0.364,1.0,0.404,0.496,0.276,0.268,0.536
443,,0.544,0.344,0.98,0.384,0.476,0.256,0.248,0.516
444,,0.524,0.324,0.96,0.364,0.456,0.236,0.228,0.496
445,,0.504,0.304,0.94,0.344,0.436,0.216,0.208,0.476
446,,0.484,0.284,0.92,0.324,0.416,0.196,0.188,0.456
447,,0.464,0.264,0.9,0.304,0.396,0.176,0.168,0.436
448,,0.444,0.244,0.88,0.284,0.376,0.156,0.148,0.416
449,,0.424,0.224,0.86,0.264,0.356,0.136,0.128,0.396
450,,0.404,0.204,0.84,0.244,0.336,0.116,0.108,0.376
451,,0.384,0.184,0.82,0.224,0.316,0.096,0.088,0.356
452,,0.364,0.164,0.8,0.204,0.296,0.076,0.068,0.336
453,,0.344,0.144,0.78,0.184,0.276,0.056,0.048,0.316
454,,0.324,0.124,0.76,0.164,0.256,0.036,0.028,0.296
455,,0.304,0.104,0.74,0.144,0.236,0.016,0.008,0.276
456,,0.284,0.084,0.72,0.124,0.216,-0.004,-0.012,0.256
457,7,0.264,-0.148,0.4,-0.108,0.196,0.188,0.988,0.448
458,7,0.244,-0.38,0.08,-0.34,0.176,0.38,1.0,0.64
459,2,0.436,0.62,0.272,-0.36,-0.056,0.06,0.768,0.62
460,2,0.628,1.0,0.464,-0.38,-0.288,-0.26,0.536,0.6
461,4,0.396,0.98,0.656,0.62,-0.096,-0.28,0.304,0.28
462,4,0.164,0.96,0.848,1.0,0.096,-0.3,0.072,-0.04
463,6,-0.068,0.64,0.616,0.98,0.288,0.7,0.264,-0.06
464,6,-0.3,0.32,0.384,0.96,0.48,1.0,0.456,-0.08
465,1,0.7,0.512,0.364,0.728,0.16,0.768,0.436,0.112
466,1,1.0,0.704,0.344,0.496,-0.16,0.536,0.416,0.304
467,5,0.68,0.472,0.324,0.688,0.84,0.728,0.396,0.072
468,5,0.36,0.24,0.304,0.88,1.0,0.92,0.376,-0.16
469,8,0.552,0.22,0.072,0.56,0.768,0.9,0.568,0.84
470,8,0.744,0.2,-0.16,0.24,0.536,0.88,0.76,1.0
471,3,0.724,0.392,0.84,0.432,0.516,0.648,0.44,0.768
472,3,0.704,0.584,1.0,0.624,0.496,0.416,0.12,0.536
473,,0.684,0.564,0.98,0.604,0.476,0.396,0.1,0.516
474,,0.664,0.544,0.96,0.584,0.456,0.376,0.08,0.496
475,,0.644,0.524,0.94,0.564,0.436,0.356,0.06,0.476
476,,0.624,0.504,0.92,0.544,0.416,0.336,0.04,0.456
477,,0.604,0.484,0.9,0.524,0.396,0.316,0.02,0.436
478,,0.584,0.464,0.88,0.504,0.376,0.296,0.0,0.416
479,,0.564,0.444,0.86,0.484,0.356,0.276,-0.02,0.396
480,7,0.544,0.212,0.54,0.252,0.336,0.468,0.98,0.588
481,7,0.524,-0.02,0.22,0.02,0.316,0.66,1.0,0.78
482,2,0.716,0.98,0.412,0.0,0.084,0.34,0.768,0.76
483,2,0.908,1.0,0.604,-0.02,-0.148,0.02,0.536,0.74
484,5,0.588,0.768,0.584,0.172,0.852,0.212,0.516,0.508
485,5,0.268,0.536,0.564,0.364,1.0,0.404,0.496,0.276
486,,0.248,0.516,0.544,0.344,0.98,0.384,0.476,0.256
487,,0.228,0.496,0.524,0.324,0.96,0.364,0.456,0.236
488,,0.208,0.476,0.504,0.304,0.94,0.344,0.436,0.216
489,,0.188,0.456,0.484,0.284,0.92,0.324,0.416,0.196
490,,0.168,0.436,0.464,0.264,0.9,0.304,0.396,0.176
491,,0.148,0.416,0.444,0.244,0.88,0.284,0.376,0.156
492,,0.128,0.396,0.424,0.224,0.86,0.264,0.356,0.136
493,,0.108,0.376,0.404,0.204,0.84,0.244,0.336,0.116
494,,0.088,0.356,0.384,0.184,0.82,0.224,0.316,0.096
495,,0.068,0.336,0.364,0.164,0.8,0.204,0.296,0.076
496,,0.048,0.316,0.344,0.144,0.78,0.184,0.276,0.056
497,,0.028,0.296,0.324,0.124,0.76,0.164,0.256,0.036
498,,0.008,0.276,0.304,0.104,0.74,0.144,0.236,0.016
499,,-0.012,0.256,0.284,0.084,0.72,0.124,0.216,-0.004
500,1,0.988,0.448,0.264,-0.148,0.4,-0.108,0.196,0.188
501,1,1.0,0.64,0.244,-0.38,0.08,-0.34,0.176,0.38
502,4,0.768,0.62,0.436,0.62,0.272,-0.36,-0.056,0.06
503,4,0.536,0.6,0.628,1.0,0.464,-0.38,-0.288,-0.26
504,6,0.304,0.28,0.396,0.98,0.656,0.62,-0.096,-0.28
505,6,0.072,-0.04,0.164,0.96,0.848,1.0,0.096,-0.3
506,8,0.264,-0.06,-0.068,0.64,0.616,0.98,0.288,0.7
507,8,0.456,-0.08,-0.3,0.32,0.384,0.96,0.48,1.0
508,3,0.436,0.112,0.7,0.512,0.364,0.728,0.16,0.768
509,3,0.416,0.304,1.0,0.704,0.344,0.496,-0.16,0.536
510,7,0.396,0.072,0.68,0.472,0.324,0.688,0.84,0.728
511,7,0.376,-0.16,0.36,0.24,0.304,0.88,1.0,0.92
512,2,0.568,0.84,0.552,0.22,0.072,0.56,0.768,0.9
513,2,0.76,1.0,0.744,0.2,-0.16,0.24,0.536,0.88
514,5,0.44,0.768,0.724,0.392,0.84,0.432,0.516,0.648
515,5,0.12,0.536,0.704,0.584,1.0,0.624,0.496,0.416
516,,0.1,0.516,0.684,0.564,0.98,0.604,0.476,0.396
517,,0.08,0.496,0.664,0.544,0.96,0.584,0.456,0.376
518,,0.06,0.476,0.644,0.524,0.94,0.564,0.436,0.356
519,,0.04,0.456,0.624,0.504,0.92,0.544,0.416,0.336
520,,0.02,0.436,0.604,0.484,0.9,0.524,0.396,0.316
521,,0.0,0.416,0.584,0.464,0.88,0.504,0.376,0.296
522,,-0.02,0.396,0.564,0.444,0.86,0.484,0.356,0.276
523,1,0.98,0.588,0.544,0.212,0.54,0.252,0.336,0.468
524,1,1.0,0.78,0.524,-0.02,0.22,0.02,0.316,0.66
525,4,0.768,0.76,0.716,0.98,0.412,0.0,0.084,0.34
526,4,0.536,0.74,0.908,1.0,0.604,-0.02,-0.148,0.02
527,7,0.516,0.508,0.588,0.768,0.584,0.172,0.852,0.212
528,7,0.496,0.276,0.268,0.536,0.564,0.364,1.0,0.404
529,,0.476,0.256,0.248,0.516,0.544,0.344,0.98,0.384
530,,0.456,0.236,0.228,0.496,0.524,0.324,0.96,0.364
531,,0.436,0.216,0.208,0.476,0.504,0.304,0.94,0.344
532,,0.416,0.196,0.188,0.456,0.484,0.284,0.92,0.324
533,,0.396,0.176,0.168,0.436,0.464,0.264,0.9,0.304
534,,0.376,0.156,0.148,0.416,0.444,0.244,0.88,0.284
535,,0.356,0.136,0.128,0.396,0.424,0.224,0.86,0.264
536,,0.336,0.116,0.108,0.376,0.404,0.204,0.84,0.244
537,,0.316,0.096,0.088,0.356,0.384,0.184,0.82,0.224
538,,0.296,0.076,0.068,0.336,0.364,0.164,0.8,0.204
539,,0.276,0.056,0.048,0.316,0.344,0.144,0.78,0.184
540,,0.256,0.036,0.028,0.296,0.324,0.124,0.76,0.164
541,,0.236,0.016,0.008,0.276,0.304,0.104,0.74,0.144
542,,0.216,-0.004,-0.012,0.256,0.284,0.084,0.72,0.124
543,3,0.196,0.188,0.988,0.448,0.264,-0.148,0.4,-0.108
544,3,0.176,0.38,1.0,0.64,0.244,-0.38,0.08,-0.34
545,6,-0.056,0.06,0.768,0.62,0.436,0.62,0.272,-0.36
546,6,-0.288,-0.26,0.536,0.6,0.628,1.0,0.464,-0.38
547,8,-0.096,-0.28,0.304,0.28,0.396,0.98,0.656,0.62
548,8,0.096,-0.3,0.072,-0.04,0.164,0.96,0.848,1.0
549,2,0.288,0.7,0.264,-0.06,-0.068,0.64,0.616,0.98
550,2,0.48,1.0,0.456,-0.08,-0.3,0.32,0.384,0.96
551,5,0.16,0.768,0.436,0.112,0.7,0.512,0.364,0.728
552,5,-0.16,0.536,0.416,0.304,1.0,0.704,0.344,0.496
553,1,0.84,0.728,0.396,0.072,0.68,0.472,0.324,0.688
554,1,1.0,0.92,0.376,-0.16,0.36,0.24,0.304,0.88
555,4,0.768,0.9,0.568,0.84,0.552,0.22,0.072,0.56
556,4,0.536,0.88,0.76,1.0,0.744,0.2,-0.16,0.24
557,7,0.516,0.648,0.44,0.768,0.724,0.392,0.84,0.432
558,7,0.496,0.416,0.12,0.536,0.704,0.584,1.0,0.624
559,,0.476,0.396,0.1,0.516,0.684,0.564,0.98,0.604
560,,0.456,0.376,0.08,0.496,0.664,0.544,0.96,0.584
561,,0.436,0.356,0.06,0.476,0.644,0.524,0.94,0.564
562,,0.416,0.336,0.04,0.456,0.624,0.504,0.92,0.544
563,,0.396,0.316,0.02,0.436,0.604,0.484,0.9,0.524
564,,0.376,0.296,0.0,0.416,0.584,0.464,0.88,0.504
565,,0.356,0.276,-0.02,0.396,0.564,0.444,0.86,0.484
566,3,0.336,0.468,0.98,0.588,0.544,0.212,0.54,0.252
567,3,0.316,0.66,1.0,0.78,0.524,-0.02,0.22,0.02
568,6,0.084,0.34,0.768,0.76,0.716,0.98,0.412,0.0
569,6,-0.148,0.02,0.536,0.74,0.908,1.0,0.604,-0.02
570,1,0.852,0.212,0.516,0.508,0.588,0.768,0.584,0.172
571,1,1.0,0.404,0.496,0.276,0.268,0.536,0.564,0.364
572,,0.98,0.384,0.476,0.256,0.248,0.516,0.544,0.344
573,,0.96,0.364,0.456,0.236,0.228,0.496,0.524,0.324
574,,0.94,0.344,0.436,0.216,0.208,0.476,0.504,0.304
575,,0.92,0.324,0.416,0.196,0.188,0.456,0.484,0.284
576,,0.9,0.304,0.396,0.176,0.168,0.436,0.464,0.264
577,,0.88,0.284,0.376,0.156,0.148,0.416,0.444,0.244
578,,0.86,0.264,0.356,0.136,0.128,0.396,0.424,0.224
579,,0.84,0.244,0.336,0.116,0.108,0.376,0.404,0.204
580,,0.82,0.224,0.316,0.096,0.088,0.356,0.384,0.184
581,,0.8,0.204,0.296,0.076,0.068,0.336,0.364,0.164
582,,0.78,0.184,0.276,0.056,0.048,0.316,0.344,0.144
583,,0.76,0.164,0.256,0.036,0.028,0.296,0.324,0.124
584,,0.74,0.144,0.236,0.016,0.008,0.276,0.304,0.104
585,,0.72,0.124,0.216,-0.004,-0.012,0.256,0.284,0.084
586,5,0.4,-0.108,0.196,0.188,0.988,0.448,0.264,-0.148
587,5,0.08,-0.34,0.176,0.38,1.0,0.64,0.244,-0.38
588,8,0.272,-0.36,-0.056,0.06,0.768,0.62,0.436,0.62
589,8,0.464,-0.38,-0.288,-0.26,0.536,0.6,0.628,1.0
590,2,0.656,0.62,-0.096,-0.28,0.304,0.28,0.396,0.98
591,2,0.848,1.0,0.096,-0.3,0.072,-0.04,0.164,0.96
592,4,0.616,0.98,0.288,0.7,0.264,-0.06,-0.068,0.64
593,4,0.384,0.96,0.48,1.0,0.456,-0.08,-0.3,0.32
594,7,0.364,0.728,0.16,0.768,0.436,0.112,0.7,0.512
595,7,0.344,0.496,-0.16,0.536,0.416,0.304,1.0,0.704
596,3,0.324,0.688,0.84,0.728,0.396,0.072,0.68,0.472
597,3,0.304,0.88,1.0,0.92,0.376,-0.16,0.36,0.24
598,6,0.072,0.56,0.768,0.9,0.568,0.84,0.552,0.22
599,6,-0.16,0.24,0.536,0.88,0.76,1.0,0.744,0.2
600,1,0.84,0.432,0.516,0.648,0.44,0.768,0.724,0.392
601,1,1.0,0.624,0.496,0.416,0.12,0.536,0.704,0.584
602,,0.98,0.604,0.476,0.396,0.1,0.516,0.684,0.564
603,,0.96,0.584,0.456,0.376,0.08,0.496,0.664,0.544
604,,0.94,0.564,0.436,0.356,0.06,0.476,0.644,0.524
605,,0.92,0.544,0.416,0.336,0.04,0.456,0.624,0.504
606,,0.9,0.524,0.396,0.316,0.02,0.436,0.604,0.484
607,,0.88,0.504,0.376,0.296,0.0,0.416,0.584,0.464
608,,0.86,0.484,0.356,0.276,-0.02,0.396,0.564,0.444
609,5,0.54,0.252,0.336,0.468,0.98,0.588,0.544,0.212
610,5,0.22,0.02,0.316,0.66,1.0,0.78,0.524,-0.02
611,8,0.412,0.0,0.084,0.34,0.768,0.76,0.716,0.98
612,8,0.604,-0.02,-0.148,0.02,0.536,0.74,0.908,1.0
613,3,0.584,0.172,0.852,0.212,0.516,0.508,0.588,0.768
614,3,0.564,0.364,1.0,0.404,0.496,0.276,0.268,0.536
615,,0.544,0.344,0.98,0.384,0.476,0.256,0.248,0.516
616,,0.524,0.324,0.96,0.364,0.456,0.236,0.228,0.496
617,,0.504,0.304,0.94,0.344,0.436,0.216,0.208,0.476
618,,0.484,0.284,0.92,0.324,0.416,0.196,0.188,0.456
619,,0.464,0.264,0.9,0.304,0.396,0.176,0.168,0.436
620,,0.444,0.244,0.88,0.284,0.376,0.156,0.148,0.416
621,,0.424,0.224,0.86,0.264,0.356,0.136,0.128,0.396
622,,0.404,0.204,0.84,0.244,0.336,0.116,0.108,0.376
623,,0.384,0.184,0.82,0.224,0.316,0.096,0.088,0.356
624,,0.364,0.164,0.8,0.204,0.296,0.076,0.068,0.336
625,,0.344,0.144,0.78,0.184,0.276,0.056,0.048,0.316
626,,0.324,0.124,0.76,0.164,0.256,0.036,0.028,0.296
627,,0.304,0.104,0.74,0.144,0.236,0.016,0.008,0.276
628,,0.284,0.084,0.72,0.124,0.216,-0.004,-0.012,0.256
629,7,0.264,-0.148,0.4,-0.108,0.196,0.188,0.988,0.448
630,7,0.244,-0.38,0.08,-0.34,0.176,0.38,1.0,0.64
631,2,0.436,0.62,0.272,-0.36,-0.056,0.06,0.768,0.62
632,2,0.628,1.0,0.464,-0.38,-0.288,-0.26,0.536,0.6
633,4,0.396,0.98,0.656,0.62,-0.096,-0.28,0.304,0.28
634,4,0.164,0.96,0.848,1.0,0.096,-0.3,0.072,-0.04
635,6,-0.068,0.64,0.616,0.98,0.288,0.7,0.264,-0.06
636,6,-0.3,0.32,0.384,0.96,0.48,1.0,0.456,-0.08
637,1,0.7,0.512,0.364,0.728,0.16,0.768,0.436,0.112
638,1,1.0,0.704,0.344,0.496,-0.16,0.536,0.416,0.304
639,5,0.68,0.472,0.324,0.688,0.84,0.728,0.396,0.072
640,5,0.36,0.24,0.304,0.88,1.0,0.92,0.376,-0.16
641,8,0.552,0.22,0.072,0.56,0.768,0.9,0.568,0.84
642,8,0.744,0.2,-0.16,0.24,0.536,0.88,0.76,1.0
643,3,0.724,0.392,0.84,0.432,0.516,0.648,0.44,0.768
644,3,0.704,0.584,1.0,0.624,0.496,0.416,0.12,0.536
645,,0.684,0.564,0.98,0.604,0.476,0.396,0.1,0.516
646,,0.664,0.544,0.96,0.584,0.456,0.376,0.08,0.496
647,,0.644,0.524,0.94,0.564,0.436,0.356,0.06,0.476
648,,0.624,0.504,0.92,0.544,0.416,0.336,0.04,0.456
649,,0.604,0.484,0.9,0.524,0.396,0.316,0.02,0.436
650,,0.584,0.464,0.88,0.504,0.376,0.296,0.0,0.416
651,,0.564,0.444,0.86,0.484,0.356,0.276,-0.02,0.396
652,7,0.544,0.212,0.54,0.252,0.336,0.468,0.98,0.588
653,7,0.524,-0.02,0.22,0.02,0.316,0.66,1.0,0.78
654,2,0.716,0.98,0.412,0.0,0.084,0.34,0.768,0.76
655,2,0.908,1.0,0.604,-0.02,-0.148,0.02,0.536,0.74
656,5,0.588,0.768,0.584,0.172,0.852,0.212,0.516,0.508
657,5,0.268,0.536,0.564,0.364,1.0,0.404,0.496,0.276
658,,0.248,0.516,0.544,0.344,0.98,0.384,0.476,0.256
659,,0.228,0.496,0.524,0.324,0.96,0.364,0.456,0.236
660,,0.208,0.476,0.504,0.304,0.94,0.344,0.436,0.216
661,,0.188,0.456,0.484,0.284,0.92,0.324,0.416,0.196
662,,0.168,0.436,0.464,0.264,0.9,0.304,0.396,0.176
663,,0.148,0.416,0.444,0.244,0.88,0.284,0.376,0.156
664,,0.128,0.396,0.424,0.224,0.86,0.264,0.356,0.136
665,,0.108,0.376,0.404,0.204,0.84,0.244,0.336,0.116
666,,0.088,0.356,0.384,0.184,0.82,0.224,0.316,0.096
667,,0.068,0.336,0.364,0.164,0.8,0.204,0.296,0.076
668,,0.048,0.316,0.344,0.144,0.78,0.184,0.276,0.056
669,,0.028,0.296,0.324,0.124,0.76,0.164,0.256,0.036
670,,0.008,0.276,0.304,0.104,0.74,0.144,0.236,0.016
671,,-0.012,0.256,0.284,0.084,0.72,0.124,0.216,-0.004
672,1,0.988,0.448,0.264,-0.148,0.4,-0.108,0.196,0.188
673,1,1.0,0.64,0.244,-0.38,0.08,-0.34,0.176,0.38
674,4,0.768,0.62,0.436,0.62,0.272,-0.36,-0.056,0.06
675,4,0.536,0.6,0.628,1.0,0.464,-0.38,-0.288,-0.26
676,6,0.304,0.28,0.396,0.98,0.656,0.62,-0.096,-0.28
677,6,0.072,-0.04,0.164,0.96,0.848,1.0,0.096,-0.3
678,8,0.264,-0.06,-0.068,0.64,0.616,0.98,0.288,0.7
679,8,0.456,-0.08,-0.3,0.32,0.384,0.96,0.48,1.0
680,3,0.436,0.112,0.7,0.512,0.364,0.728,0.16,0.768
681,3,0.416,0.304,1.0,0.704,0.344,0.496,-0.16,0.536
682,7,0.396,0.072,0.68,0.472,0.324,0.688,0.84,0.728
683,7,0.376,-0.16,0.36,0.24,0.304,0.88,1.0,0.92
684,2,0.568,0.84,0.552,0.22,0.072,0.56,0.768,0.9
685,2,0.76,1.0,0.744,0.2,-0.16,0.24,0.536,0.88
686,5,0.44,0.768,0.724,0.392,0.84,0.432,0.516,0.648
687,5,0.12,0.536,0.704,0.584,1.0,0.624,0.496,0.416
688,,0.1,0.516,0.684,0.564,0.98,0.604,0.476,0.396
689,,0.08,0.496,0.664,0.544,0.96,0.584,0.456,0.376
690,,0.06,0.476,0.644,0.524,0.94,0.564,0.436,0.356
691,,0.04,0.456,0.624,0.504,0.92,0.544,0.416,0.336
692,,0.02,0.436,0.604,0.484,0.9,0.524,0.396,0.316
693,,0.0,0.416,0.584,0.464,0.88,0.504,0.376,0.296
694,,-0.02,0.396,0.564,0.444,0.86,0.484,0.356,0.276
695,1,0.98,0.588,0.544,0.212,0.54,0.252,0.336,0.468
696,1,1.0,0.78,0.524,-0.02,0.22,0.02,0.316,0.66
697,4,0.768,0.76,0.716,0.98,0.412,0.0,0.084,0.34
698,4,0.536,0.74,0.908,1.0,0.604,-0.02,-0.148,0.02
699,7,0.516,0.508,0.588,0.768,0.584,0.172,0.852,0.212
700,7,0.496,0.276,0.268,0.536,0.564,0.364,1.0,0.404
701,,0.476,0.256,0.248,0.516,0.544,0.344,0.98,0.384
702,,0.456,0.236,0.228,0.496,0.524,0.324,0.96,0.364
703,,0.436,0.216,0.208,0.476,0.504,0.304,0.94,0.344
704,,0.416,0.196,0.188,0.456,0.484,0.284,0.92,0.324
705,,0.396,0.176,0.168,0.436,0.464,0.264,0.9,0.304
706,,0.376,0.156,0.148,0.416,0.444,0.244,0.88,0.284
707,,0.356,0.136,0.128,0.396,0.424,0.224,0.86,0.264
708,,0.336,0.116,0.108,0.376,0.404,0.204,0.84,0.244
709,,0.316,0.096,0.088,0.356,0.384,0.184,0.82,0.224
710,,0.296,0.076,0.068,0.336,0.364,0.164,0.8,0.204
711,,0.276,0.056,0.048,0.316,0.344,0.144,0.78,0.184
712,,0.256,0.036,0.028,0.296,0.324,0.124,0.76,0.164
713,,0.236,0.016,0.008,0.276,0.304,0.104,0.74,0.144
714,,0.216,-0.004,-0.012,0.256,0.284,0.084,0.72,0.124
715,3,0.196,0.188,0.988,0.448,0.264,-0.148,0.4,-0.108
716,3,0.176,0.38,1.0,0.64,0.244,-0.38,0.08,-0.34
717,6,-0.056,0.06,0.768,0.62,0.436,0.62,0.272,-0.36
718,6,-0.288,-0.26,0.536,0.6,0.628,1.0,0.464,-0.38
719,8,-0.096,-0.28,0.304,0.28,0.396,0.98,0.656,0.62
720,8,0.096,-0.3,0.072,-0.04,0.164,0.96,0.848,1.0
721,2,0.288,0.7,0.264,-0.06,-0.068,0.64,0.616,0.98
722,2,0.48,1.0,0.456,-0.08,-0.3,0.32,0.384,0.96
723,5,0.16,0.768,0.436,0.112,0.7,0.512,0.364,0.728
724,5,-0.16,0.536,0.416,0.304,1.0,0.704,0.344,0.496
725,1,0.84,0.728,0.396,0.072,0.68,0.472,0.324,0.688
726,1,1.0,0.92,0.376,-0.16,0.36,0.24,0.304,0.88
727,4,0.768,0.9,0.568,0.84,0.552,0.22,0.072,0.56
728,4,0.536,0.88,0.76,1.0,0.744,0.2,-0.16,0.24
729,7,0.516,0.648,0.44,0.768,0.724,0.392,0.84,0.432
730,7,0.496,0.416,0.12,0.536,0.704,0.584,1.0,0.624
731,,0.476,0.396,0.1,0.516,0.684,0.564,0.98,0.604
732,,0.456,0.376,0.08,0.496,0.664,0.544,0.96,0.584
733,,0.436,0.356,0.06,0.476,0.644,0.524,0.94,0.564
734,,0.416,0.336,0.04,0.456,0.624,0.504,0.92,0.544
735,,0.396,0.316,0.02,0.436,0.604,0.484,0.9,0.524
736,,0.376,0.296,0.0,0.416,0.584,0.464,0.88,0.504
737,,0.356,0.276,-0.02,0.396,0.564,0.444,0.86,0.484
738,3,0.336,0.468,0.98,0.588,0.544,0.212,0.54,0.252
739,3,0.316,0.66,1.0,0.78,0.524,-0.02,0.22,0.02
740,6,0.084,0.34,0.768,0.76,0.716,0.98,0.412,0.0
741,6,-0.148,0.02,0.536,0.74,0.908,1.0,0.604,-0.02
742,1,0.852,0.212,0.516,0.508,0.588,0.768,0.584,0.172
743,1,1.0,0.404,0.496,0.276,0.268,0.536,0.564,0.364
744,,0.98,0.384,0.476,0.256,0.248,0.516,0.544,0.344
745,,0.96,0.364,0.456,0.236,0.228,0.496,0.524,0.324
746,,0.94,0.344,0.436,0.216,0.208,0.476,0.504,0.304
747,,0.92,0.324,0.416,0.196,0.188,0.456,0.484,0.284
748,,0.9,0.304,0.396,0.176,0.168,0.436,0.464,0.264
749,,0.88,0.284,0.376,0.156,0.148,0.416,0.444,0.244
750,,0.86,0.264,0.356,0.136,0.128,0.396,0.424,0.224
751,,0.84,0.244,0.336,0.116,0.108,0.376,0.404,0.204
752,,0.82,0.224,0.316,0.096,0.088,0.356,0.384,0.184
753,,0.8,0.204,0.296,0.076,0.068,0.336,0.364,0.164
754,,0.78,0.184,0.276,0.056,0.048,0.316,0.344,0.144
755,,0.76,0.164,0.256,0.036,0.028,0.296,0.324,0.124
756,,0.74,0.144,0.236,0.016,0.008,0.276,0.304,0.104
757,,0.72,0.124,0.216,-0.004,-0.012,0.256,0.284,0.084
758,5,0.4,-0.108,0.196,0.188,0.988,0.448,0.264,-0.148
759,5,0.08,-0.34,0.176,0.38,1.0,0.64,0.244,-0.38
760,8,0.272,-0.36,-0.056,0.06,0.768,0.62,0.436,0.62
761,8,0.464,-0.38,-0.288,-0.26,0.536,0.6,0.628,1.0
762,2,0.656,0.62,-0.096,-0.28,0.304,0.28,0.396,0.98
763,2,0.848,1.0,0.096,-0.3,0.072,-0.04,0.164,0.96
764,4,0.616,0.98,0.288,0.7,0.264,-0.06,-0.068,0.64
765,4,0.384,0.96,0.48,1.0,0.456,-0.08,-0.3,0.32
766,7,0.364,0.728,0.16,0.768,0.436,0.112,0.7,0.512
767,7,0.344,0.496,-0.16,0.536,0.416,0.304,1.0,0.704
768,3,0.324,0.688,0.84,0.728,0.396,0.072,0.68,0.472
769,3,0.304,0.88,1.0,0.92,0.376,-0.16,0.36,0.24
770,6,0.072,0.56,0.768,0.9,0.568,0.84,0.552,0.22
771,6,-0.16,0.24,0.536,0.88,0.76,1.0,0.744,0.2
772,1,0.84,0.432,0.516,0.648,0.44,0.768,0.724,0.392
773,1,1.0,0.624,0.496,0.416,0.12,0.536,0.704,0.584
774,,0.98,0.604,0.476,0.396,0.1,0.516,0.684,0.564
775,,0.96,0.584,0.456,0.376,0.08,0.496,0.664,0.544
776,,0.94,0.564,0.436,0.356,0.06,0.476,0.644,0.524
777,,0.92,0.544,0.416,0.336,0.04,0.456,0.624,0.504
778,,0.9,0.524,0.396,0.316,0.02,0.436,0.604,0.484
779,,0.88,0.504,0.376,0.296,0.0,0.416,0.584,0.464
