step,active_motive,motive_1,motive_2,motive_3,motive_4,motive_5,motive_6,motive_7,motive_8
0,,0.06364,0.03144,0.05086,0.09076,0.02493,0.04104,0.07556,0.02288
1,,0.04364,0.01144,0.03086,0.07076,0.00493,0.02104,0.05556,0.00288
2,,0.02364,-0.00856,0.01086,0.05076,-0.01507,0.00104,0.03556,-0.01712
3,8,0.21564,-0.02856,-0.22114,-0.26924,-0.24707,-0.01896,0.22756,0.98288
4,8,0.40764,-0.04856,-0.45314,-0.58924,-0.47907,-0.03896,0.41956,1.0
5,4,0.17564,-0.06856,-0.26114,0.41076,-0.28707,-0.05896,0.18756,0.68
6,4,-0.05636,-0.08856,-0.06914,1.0,-0.09507,-0.07896,-0.04444,0.36
7,5,-0.37636,-0.32056,-0.08914,1.0,0.90493,0.11304,-0.06444,0.128
8,5,-0.69636,-0.55256,-0.10914,1.0,1.0,0.30504,-0.08444,-0.104
9,1,0.30364,-0.36056,-0.12914,0.768,0.68,0.07304,-0.10444,0.088
10,1,1.0,-0.16856,-0.14914,0.536,0.36,-0.15896,-0.12444,0.28
11,2,1.0,0.83144,0.04286,0.516,0.128,-0.47896,-0.35644,0.26
12,2,1.0,1.0,0.23486,0.496,-0.104,-0.79896,-0.58844,0.24
13,6,0.768,0.68,0.00286,0.476,0.088,0.20104,-0.39644,0.22
14,6,0.536,0.36,-0.22914,0.456,0.28,1.0,-0.20444,0.2
15,3,0.516,0.552,0.77086,0.648,0.26,0.768,-0.52444,-0.032
16,3,0.496,0.744,1.0,0.84,0.24,0.536,-0.84444,-0.264
17,7,0.476,0.512,0.68,0.608,0.22,0.728,0.15556,-0.072
18,7,0.456,0.28,0.36,0.376,0.2,0.92,1.0,0.12
19,,0.436,0.26,0.34,0.356,0.18,0.9,0.98,0.1
20,,0.416,0.24,0.32,0.336,0.16,0.88,0.96,0.08
21,,0.396,0.22,0.3,0.316,0.14,0.86,0.94,0.06
22,,0.376,0.2,0.28,0.296,0.12,0.84,0.92,0.04
23,,0.356,0.18,0.26,0.276,0.1,0.82,0.9,0.02
24,,0.336,0.16,0.24,0.256,0.08,0.8,0.88,0.0
25,,0.316,0.14,0.22,0.236,0.06,0.78,0.86,-0.02
26,8,0.508,0.12,-0.012,-0.084,-0.172,0.76,1.0,0.98
27,8,0.7,0.1,-0.244,-0.404,-0.404,0.74,1.0,1.0
28,5,0.38,-0.132,-0.264,-0.212,0.596,0.932,0.98,0.768
29,5,0.06,-0.364,-0.284,-0.02,1.0,1.0,0.96,0.536
30,2,0.252,0.636,-0.092,-0.04,0.768,0.68,0.728,0.516
31,2,0.444,1.0,0.1,-0.06,0.536,0.36,0.496,0.496
32,4,0.212,0.98,0.292,0.94,0.728,0.34,0.264,0.176
33,4,-0.02,0.96,0.484,1.0,0.92,0.32,0.032,-0.144
34,8,0.172,0.94,0.252,0.68,0.688,0.3,0.224,0.856
35,8,0.364,0.92,0.02,0.36,0.456,0.28,0.416,1.0
36,,0.344,0.9,0.0,0.34,0.436,0.26,0.396,0.98
37,,0.324,0.88,-0.02,0.32,0.416,0.24,0.376,0.96
38,3,0.304,1.0,0.98,0.512,0.396,0.008,0.056,0.728
39,3,0.284,1.0,1.0,0.704,0.376,-0.224,-0.264,0.496
40,7,0.264,0.768,0.68,0.472,0.356,-0.032,0.736,0.688
41,7,0.244,0.536,0.36,0.24,0.336,0.16,1.0,0.88
42,,0.224,0.516,0.34,0.22,0.316,0.14,0.98,0.86
43,,0.204,0.496,0.32,0.2,0.296,0.12,0.96,0.84
44,,0.184,0.476,0.3,0.18,0.276,0.1,0.94,0.82
45,,0.164,0.456,0.28,0.16,0.256,0.08,0.92,0.8
46,,0.144,0.436,0.26,0.14,0.236,0.06,0.9,0.78
47,,0.124,0.416,0.24,0.12,0.216,0.04,0.88,0.76
48,,0.104,0.396,0.22,0.1,0.196,0.02,0.86,0.74
49,,0.084,0.376,0.2,0.08,0.176,0.0,0.84,0.72
50,,0.064,0.356,0.18,0.06,0.156,-0.02,0.82,0.7
51,6,-0.168,0.036,-0.052,0.04,0.348,0.98,1.0,0.68
52,6,-0.4,-0.284,-0.284,0.02,0.54,1.0,1.0,0.66
53,1,0.6,-0.092,-0.304,-0.212,0.22,0.768,0.98,0.852
54,1,1.0,0.1,-0.324,-0.444,-0.1,0.536,0.96,1.0
55,4,0.768,0.08,-0.132,0.556,0.092,0.516,0.728,0.68
56,4,0.536,0.06,0.06,1.0,0.284,0.496,0.496,0.36
57,,0.516,0.04,0.04,0.98,0.264,0.476,0.476,0.34
58,,0.496,0.02,0.02,0.96,0.244,0.456,0.456,0.32
59,,0.476,0.0,0.0,0.94,0.224,0.436,0.436,0.3
60,,0.456,-0.02,-0.02,0.92,0.204,0.416,0.416,0.28
61,2,0.648,0.98,0.172,0.9,-0.028,0.096,0.184,0.26
62,2,0.84,1.0,0.364,0.88,-0.26,-0.224,-0.048,0.24
63,5,0.52,0.768,0.344,1.0,0.74,-0.032,-0.068,0.008
64,5,0.2,0.536,0.324,1.0,1.0,0.16,-0.088,-0.224
65,8,0.392,0.516,0.092,0.68,0.768,0.14,0.104,0.776
66,8,0.584,0.496,-0.14,0.36,0.536,0.12,0.296,1.0
67,3,0.564,0.688,0.86,0.552,0.516,-0.112,-0.024,0.768
68,3,0.544,0.88,1.0,0.744,0.496,-0.344,-0.344,0.536
69,6,0.312,0.56,0.768,0.724,0.688,0.656,-0.152,0.516
70,6,0.08,0.24,0.536,0.704,0.88,1.0,0.04,0.496
71,,0.06,0.22,0.516,0.684,0.86,0.98,0.02,0.476
72,,0.04,0.2,0.496,0.664,0.84,0.96,0.0,0.456
73,,0.02,0.18,0.476,0.644,0.82,0.94,-0.02,0.436
74,7,0.0,-0.052,0.156,0.412,0.8,1.0,0.98,0.628
75,7,-0.02,-0.284,-0.164,0.18,0.78,1.0,1.0,0.82
76,2,0.172,0.716,0.028,0.16,0.548,0.68,0.768,0.8
77,2,0.364,1.0,0.22,0.14,0.316,0.36,0.536,0.78
78,,0.344,0.98,0.2,0.12,0.296,0.34,0.516,0.76
79,,0.324,0.96,0.18,0.1,0.276,0.32,0.496,0.74
80,,0.304,0.94,0.16,0.08,0.256,0.3,0.476,0.72
81,,0.284,0.92,0.14,0.06,0.236,0.28,0.456,0.7
82,,0.264,0.9,0.12,0.04,0.216,0.26,0.436,0.68
83,,0.244,0.88,0.1,0.02,0.196,0.24,0.416,0.66
84,,0.224,0.86,0.08,0.0,0.176,0.22,0.396,0.64
85,,0.204,0.84,0.06,-0.02,0.156,0.2,0.376,0.62
86,4,-0.028,0.82,0.252,0.98,0.348,0.18,0.144,0.3
87,4,-0.26,0.8,0.444,1.0,0.54,0.16,-0.088,-0.02
88,1,0.74,0.992,0.424,0.768,0.22,-0.072,-0.108,0.172
89,1,1.0,1.0,0.404,0.536,-0.1,-0.304,-0.128,0.364
90,6,0.768,0.68,0.172,0.516,0.092,0.696,0.064,0.344
91,6,0.536,0.36,-0.06,0.496,0.284,1.0,0.256,0.324
92,3,0.516,0.552,0.94,0.688,0.264,0.768,-0.064,0.092
93,3,0.496,0.744,1.0,0.88,0.244,0.536,-0.384,-0.14
94,7,0.476,0.512,0.68,0.648,0.224,0.728,0.616,0.052
95,7,0.456,0.28,0.36,0.416,0.204,0.92,1.0,0.244
96,,0.436,0.26,0.34,0.396,0.184,0.9,0.98,0.224
97,,0.416,0.24,0.32,0.376,0.164,0.88,0.96,0.204
98,,0.396,0.22,0.3,0.356,0.144,0.86,0.94,0.184
99,,0.376,0.2,0.28,0.336,0.124,0.84,0.92,0.164
100,,0.356,0.18,0.26,0.316,0.104,0.82,0.9,0.144
101,,0.336,0.16,0.24,0.296,0.084,0.8,0.88,0.124
102,,0.316,0.14,0.22,0.276,0.064,0.78,0.86,0.104
103,,0.296,0.12,0.2,0.256,0.044,0.76,0.84,0.084
104,,0.276,0.1,0.18,0.236,0.024,0.74,0.82,0.064
105,,0.256,0.08,0.16,0.216,0.004,0.72,0.8,0.044
106,,0.236,0.06,0.14,0.196,-0.016,0.7,0.78,0.024
107,5,-0.084,-0.172,0.12,0.388,0.984,0.892,0.76,-0.208
108,5,-0.404,-0.404,0.1,0.58,1.0,1.0,0.74,-0.44
109,8,-0.212,-0.424,-0.132,0.26,0.768,0.98,0.932,0.56
110,8,-0.02,-0.444,-0.364,-0.06,0.536,0.96,1.0,1.0
111,2,0.172,0.556,-0.172,-0.08,0.304,0.64,0.768,0.98
112,2,0.364,1.0,0.02,-0.1,0.072,0.32,0.536,0.96
113,4,0.132,0.98,0.212,0.9,0.264,0.3,0.304,0.64
114,4,-0.1,0.96,0.404,1.0,0.456,0.28,0.072,0.32
115,1,0.9,1.0,0.384,0.768,0.136,0.048,0.052,0.512
116,1,1.0,1.0,0.364,0.536,-0.184,-0.184,0.032,0.704
117,5,0.68,0.768,0.344,0.728,0.816,0.008,0.012,0.472
118,5,0.36,0.536,0.324,0.92,1.0,0.2,-0.008,0.24
119,7,0.34,0.304,0.004,0.688,0.98,0.392,0.992,0.432
120,7,0.32,0.072,-0.316,0.456,0.96,0.584,1.0,0.624
121,3,0.3,0.264,0.684,0.648,0.94,0.352,0.68,0.392
122,3,0.28,0.456,1.0,0.84,0.92,0.12,0.36,0.16
123,,0.26,0.436,0.98,0.82,0.9,0.1,0.34,0.14
124,,0.24,0.416,0.96,0.8,0.88,0.08,0.32,0.12
125,,0.22,0.396,0.94,0.78,0.86,0.06,0.3,0.1
126,,0.2,0.376,0.92,0.76,0.84,0.04,0.28,0.08
127,,0.18,0.356,0.9,0.74,0.82,0.02,0.26,0.06
128,,0.16,0.336,0.88,0.72,0.8,0.0,0.24,0.04
129,,0.14,0.316,0.86,0.7,0.78,-0.02,0.22,0.02
130,6,-0.092,-0.004,0.628,0.68,0.972,0.98,0.412,0.0
131,6,-0.324,-0.324,0.396,0.66,1.0,1.0,0.604,-0.02
132,2,-0.132,0.676,0.588,0.64,0.768,0.68,0.372,-0.04
133,2,0.06,1.0,0.78,0.62,0.536,0.36,0.14,-0.06
134,8,0.252,0.98,0.548,0.3,0.304,0.34,0.332,0.94
135,8,0.444,0.96,0.316,-0.02,0.072,0.32,0.524,1.0
136,4,0.212,0.94,0.508,0.98,0.264,0.3,0.292,0.68
137,4,-0.02,0.92,0.7,1.0,0.456,0.28,0.06,0.36
138,1,0.98,1.0,0.68,0.768,0.136,0.048,0.04,0.552
139,1,1.0,1.0,0.66,0.536,-0.184,-0.184,0.02,0.744
140,6,0.768,0.68,0.428,0.516,0.008,0.816,0.212,0.724
141,6,0.536,0.36,0.196,0.496,0.2,1.0,0.404,0.704
142,,0.516,0.34,0.176,0.476,0.18,0.98,0.384,0.684
143,,0.496,0.32,0.156,0.456,0.16,0.96,0.364,0.664
144,,0.476,0.3,0.136,0.436,0.14,0.94,0.344,0.644
145,,0.456,0.28,0.116,0.416,0.12,0.92,0.324,0.624
146,,0.436,0.26,0.096,0.396,0.1,0.9,0.304,0.604
147,,0.416,0.24,0.076,0.376,0.08,0.88,0.284,0.584
148,,0.396,0.22,0.056,0.356,0.06,0.86,0.264,0.564
149,,0.376,0.2,0.036,0.336,0.04,0.84,0.244,0.544
150,,0.356,0.18,0.016,0.316,0.02,0.82,0.224,0.524
151,,0.336,0.16,-0.004,0.296,0.0,0.8,0.204,0.504
152,3,0.316,0.352,0.996,0.488,-0.02,0.568,-0.116,0.272
153,3,0.296,0.544,1.0,0.68,-0.04,0.336,-0.436,0.04
154,7,0.276,0.312,0.68,0.448,-0.06,0.528,0.564,0.232
155,7,0.256,0.08,0.36,0.216,-0.08,0.72,1.0,0.424
156,5,-0.064,-0.152,0.34,0.408,0.92,0.912,0.98,0.192
157,5,-0.384,-0.384,0.32,0.6,1.0,1.0,0.96,-0.04
158,2,-0.192,0.616,0.512,0.58,0.768,0.68,0.728,-0.06
159,2,-0.0,1.0,0.704,0.56,0.536,0.36,0.496,-0.08
160,8,0.192,0.98,0.472,0.24,0.304,0.34,0.688,0.92
161,8,0.384,0.96,0.24,-0.08,0.072,0.32,0.88,1.0
162,4,0.152,0.94,0.432,0.92,0.264,0.3,0.648,0.68
163,4,-0.08,0.92,0.624,1.0,0.456,0.28,0.416,0.36
164,1,0.92,1.0,0.604,0.768,0.136,0.048,0.396,0.552
165,1,1.0,1.0,0.584,0.536,-0.184,-0.184,0.376,0.744
166,6,0.768,0.68,0.352,0.516,0.008,0.816,0.568,0.724
167,6,0.536,0.36,0.12,0.496,0.2,1.0,0.76,0.704
168,,0.516,0.34,0.1,0.476,0.18,0.98,0.74,0.684
169,,0.496,0.32,0.08,0.456,0.16,0.96,0.72,0.664
170,,0.476,0.3,0.06,0.436,0.14,0.94,0.7,0.644
171,,0.456,0.28,0.04,0.416,0.12,0.92,0.68,0.624
172,,0.436,0.26,0.02,0.396,0.1,0.9,0.66,0.604
173,,0.416,0.24,0.0,0.376,0.08,0.88,0.64,0.584
174,,0.396,0.22,-0.02,0.356,0.06,0.86,0.62,0.564
175,3,0.376,0.412,0.98,0.548,0.04,0.628,0.3,0.332
176,3,0.356,0.604,1.0,0.74,0.02,0.396,-0.02,0.1
177,7,0.336,0.372,0.68,0.508,0.0,0.588,0.98,0.292
178,7,0.316,0.14,0.36,0.276,-0.02,0.78,1.0,0.484
179,5,-0.004,-0.092,0.34,0.468,0.98,0.972,0.98,0.252
180,5,-0.324,-0.324,0.32,0.66,1.0,1.0,0.96,0.02
181,1,0.676,-0.132,0.3,0.428,0.68,0.768,0.94,0.212
182,1,1.0,0.06,0.28,0.196,0.36,0.536,0.92,0.404
183,,0.98,0.04,0.26,0.176,0.34,0.516,0.9,0.384
184,,0.96,0.02,0.24,0.156,0.32,0.496,0.88,0.364
185,,0.94,0.0,0.22,0.136,0.3,0.476,0.86,0.344
186,,0.92,-0.02,0.2,0.116,0.28,0.456,0.84,0.324
187,2,1.0,0.98,0.392,0.096,0.048,0.136,0.608,0.304
188,2,1.0,1.0,0.584,0.076,-0.184,-0.184,0.376,0.284
189,6,0.768,0.68,0.352,0.056,0.008,0.816,0.568,0.264
190,6,0.536,0.36,0.12,0.036,0.2,1.0,0.76,0.244
191,,0.516,0.34,0.1,0.016,0.18,0.98,0.74,0.224
192,,0.496,0.32,0.08,-0.004,0.16,0.96,0.72,0.204
193,4,0.264,0.3,0.272,0.996,0.352,0.94,0.488,-0.116
194,4,0.032,0.28,0.464,1.0,0.544,0.92,0.256,-0.436
195,8,0.224,0.26,0.232,0.68,0.312,0.9,0.448,0.564
196,8,0.416,0.24,0.0,0.36,0.08,0.88,0.64,1.0
197,,0.396,0.22,-0.02,0.34,0.06,0.86,0.62,0.98
198,3,0.376,0.412,0.98,0.532,0.04,0.628,0.3,0.748
199,3,0.356,0.604,1.0,0.724,0.02,0.396,-0.02,0.516
200,7,0.336,0.372,0.68,0.492,0.0,0.588,0.98,0.708
201,7,0.316,0.14,0.36,0.26,-0.02,0.78,1.0,0.9
202,5,-0.004,-0.092,0.34,0.452,0.98,0.972,0.98,0.668
203,5,-0.324,-0.324,0.32,0.644,1.0,1.0,0.96,0.436
204,1,0.676,-0.132,0.3,0.412,0.68,0.768,0.94,0.628
205,1,1.0,0.06,0.28,0.18,0.36,0.536,0.92,0.82
206,,0.98,0.04,0.26,0.16,0.34,0.516,0.9,0.8
207,,0.96,0.02,0.24,0.14,0.32,0.496,0.88,0.78
208,,0.94,0.0,0.22,0.12,0.3,0.476,0.86,0.76
209,,0.92,-0.02,0.2,0.1,0.28,0.456,0.84,0.74
210,2,1.0,0.98,0.392,0.08,0.048,0.136,0.608,0.72
211,2,1.0,1.0,0.584,0.06,-0.184,-0.184,0.376,0.7
212,5,0.68,0.768,0.564,0.252,0.816,0.008,0.356,0.468
213,5,0.36,0.536,0.544,0.444,1.0,0.2,0.336,0.236
214,,0.34,0.516,0.524,0.424,0.98,0.18,0.316,0.216
215,,0.32,0.496,0.504,0.404,0.96,0.16,0.296,0.196
216,,0.3,0.476,0.484,0.384,0.94,0.14,0.276,0.176
217,,0.28,0.456,0.464,0.364,0.92,0.12,0.256,0.156
218,,0.26,0.436,0.444,0.344,0.9,0.1,0.236,0.136
219,,0.24,0.416,0.424,0.324,0.88,0.08,0.216,0.116
220,,0.22,0.396,0.404,0.304,0.86,0.06,0.196,0.096
221,,0.2,0.376,0.384,0.284,0.84,0.04,0.176,0.076
222,,0.18,0.356,0.364,0.264,0.82,0.02,0.156,0.056
223,,0.16,0.336,0.344,0.244,0.8,0.0,0.136,0.036
224,,0.14,0.316,0.324,0.224,0.78,-0.02,0.116,0.016
225,6,-0.092,-0.004,0.092,0.204,0.972,0.98,0.308,-0.004
226,6,-0.324,-0.324,-0.14,0.184,1.0,1.0,0.5,-0.024
227,2,-0.132,0.676,0.052,0.164,0.768,0.68,0.268,-0.044
228,2,0.06,1.0,0.244,0.144,0.536,0.36,0.036,-0.064
229,8,0.252,0.98,0.012,-0.176,0.304,0.34,0.228,0.936
230,8,0.444,0.96,-0.22,-0.496,0.072,0.32,0.42,1.0
231,4,0.212,0.94,-0.028,0.504,0.264,0.3,0.188,0.68
232,4,-0.02,0.92,0.164,1.0,0.456,0.28,-0.044,0.36
233,7,-0.04,0.688,-0.156,0.768,0.436,0.472,0.956,0.552
234,7,-0.06,0.456,-0.476,0.536,0.416,0.664,1.0,0.744
235,3,-0.08,0.648,0.524,0.728,0.396,0.432,0.68,0.512
236,3,-0.1,0.84,1.0,0.92,0.376,0.2,0.36,0.28
237,1,0.9,1.0,0.98,0.688,0.056,-0.032,0.34,0.472
238,1,1.0,1.0,0.96,0.456,-0.264,-0.264,0.32,0.664
239,6,0.768,0.68,0.728,0.436,-0.072,0.736,0.512,0.644
240,6,0.536,0.36,0.496,0.416,0.12,1.0,0.704,0.624
241,,0.516,0.34,0.476,0.396,0.1,0.98,0.684,0.604
242,,0.496,0.32,0.456,0.376,0.08,0.96,0.664,0.584
243,,0.476,0.3,0.436,0.356,0.06,0.94,0.644,0.564
244,,0.456,0.28,0.416,0.336,0.04,0.92,0.624,0.544
245,,0.436,0.26,0.396,0.316,0.02,0.9,0.604,0.524
246,,0.416,0.24,0.376,0.296,0.0,0.88,0.584,0.504
247,,0.396,0.22,0.356,0.276,-0.02,0.86,0.564,0.484
248,5,0.076,-0.012,0.336,0.468,0.98,1.0,0.544,0.252
249,5,-0.244,-0.244,0.316,0.66,1.0,1.0,0.524,0.02
250,2,-0.052,0.756,0.508,0.64,0.768,0.68,0.292,0.0
251,2,0.14,1.0,0.7,0.62,0.536,0.36,0.06,-0.02
252,8,0.332,0.98,0.468,0.3,0.304,0.34,0.252,0.98
253,8,0.524,0.96,0.236,-0.02,0.072,0.32,0.444,1.0
254,4,0.292,0.94,0.428,0.98,0.264,0.3,0.212,0.68
255,4,0.06,0.92,0.62,1.0,0.456,0.28,-0.02,0.36
256,7,0.04,0.688,0.3,0.768,0.436,0.472,0.98,0.552
257,7,0.02,0.456,-0.02,0.536,0.416,0.664,1.0,0.744
258,3,0.0,0.648,0.98,0.728,0.396,0.432,0.68,0.512
259,3,-0.02,0.84,1.0,0.92,0.376,0.2,0.36,0.28
260,1,0.98,1.0,0.98,0.688,0.056,-0.032,0.34,0.472
261,1,1.0,1.0,0.96,0.456,-0.264,-0.264,0.32,0.664
262,6,0.768,0.68,0.728,0.436,-0.072,0.736,0.512,0.644
263,6,0.536,0.36,0.496,0.416,0.12,1.0,0.704,0.624
264,,0.516,0.34,0.476,0.396,0.1,0.98,0.684,0.604
265,,0.496,0.32,0.456,0.376,0.08,0.96,0.664,0.584
266,,0.476,0.3,0.436,0.356,0.06,0.94,0.644,0.564
267,,0.456,0.28,0.416,0.336,0.04,0.92,0.624,0.544
268,,0.436,0.26,0.396,0.316,0.02,0.9,0.604,0.524
269,,0.416,0.24,0.376,0.296,0.0,0.88,0.584,0.504
270,,0.396,0.22,0.356,0.276,-0.02,0.86,0.564,0.484
271,5,0.076,-0.012,0.336,0.468,0.98,1.0,0.544,0.252
272,5,-0.244,-0.244,0.316,0.66,1.0,1.0,0.524,0.02
273,2,-0.052,0.756,0.508,0.64,0.768,0.68,0.292,0.0
274,2,0.14,1.0,0.7,0.62,0.536,0.36,0.06,-0.02
275,8,0.332,0.98,0.468,0.3,0.304,0.34,0.252,0.98
276,8,0.524,0.96,0.236,-0.02,0.072,0.32,0.444,1.0
277,4,0.292,0.94,0.428,0.98,0.264,0.3,0.212,0.68
278,4,0.06,0.92,0.62,1.0,0.456,0.28,-0.02,0.36
279,7,0.04,0.688,0.3,0.768,0.436,0.472,0.98,0.552
280,7,0.02,0.456,-0.02,0.536,0.416,0.664,1.0,0.744
281,3,0.0,0.648,0.98,0.728,0.396,0.432,0.68,0.512
282,3,-0.02,0.84,1.0,0.92,0.376,0.2,0.36,0.28
283,1,0.98,1.0,0.98,0.688,0.056,-0.032,0.34,0.472
284,1,1.0,1.0,0.96,0.456,-0.264,-0.264,0.32,0.664
285,6,0.768,0.68,0.728,0.436,-0.072,0.736,0.512,0.644
286,6,0.536,0.36,0.496,0.416,0.12,1.0,0.704,0.624
287,,0.516,0.34,0.476,0.396,0.1,0.98,0.684,0.604
288,,0.496,0.32,0.456,0.376,0.08,0.96,0.664,0.584
289,,0.476,0.3,0.436,0.356,0.06,0.94,0.644,0.564
290,,0.456,0.28,0.416,0.336,0.04,0.92,0.624,0.544
291,,0.436,0.26,0.396,0.316,0.02,0.9,0.604,0.524
292,,0.416,0.24,0.376,0.296,0.0,0.88,0.584,0.504
293,,0.396,0.22,0.356,0.276,-0.02,0.86,0.564,0.484
294,5,0.076,-0.012,0.336,0.468,0.98,1.0,0.544,0.252
295,5,-0.244,-0.244,0.316,0.66,1.0,1.0,0.524,0.02
296,2,-0.052,0.756,0.508,0.64,0.768,0.68,0.292,0.0
297,2,0.14,1.0,0.7,0.62,0.536,0.36,0.06,-0.02
298,8,0.332,0.98,0.468,0.3,0.304,0.34,0.252,0.98
299,8,0.524,0.96,0.236,-0.02,0.072,0.32,0.444,1.0
300,4,0.292,0.94,0.428,0.98,0.264,0.3,0.212,0.68
301,4,0.06,0.92,0.62,1.0,0.456,0.28,-0.02,0.36
302,7,0.04,0.688,0.3,0.768,0.436,0.472,0.98,0.552
303,7,0.02,0.456,-0.02,0.536,0.416,0.664,1.0,0.744
304,3,0.0,0.648,0.98,0.728,0.396,0.432,0.68,0.512
305,3,-0.02,0.84,1.0,0.92,0.376,0.2,0.36,0.28
306,1,0.98,1.0,0.98,0.688,0.056,-0.032,0.34,0.472
307,1,1.0,1.0,0.96,0.456,-0.264,-0.264,0.32,0.664
308,6,0.768,0.68,0.728,0.436,-0.072,0.736,0.512,0.644
309,6,0.536,0.36,0.496,0.416,0.12,1.0,0.704,0.624
310,,0.516,0.34,0.476,0.396,0.1,0.98,0.684,0.604
311,,0.496,0.32,0.456,0.376,0.08,0.96,0.664,0.584
312,,0.476,0.3,0.436,0.356,0.06,0.94,0.644,0.564
313,,0.456,0.28,0.416,0.336,0.04,0.92,0.624,0.544
314,,0.436,0.26,0.396,0.316,0.02,0.9,0.604,0.524
315,,0.416,0.24,0.376,0.296,0.0,0.88,0.584,0.504
316,,0.396,0.22,0.356,0.276,-0.02,0.86,0.564,0.484
317,5,0.076,-0.012,0.336,0.468,0.98,1.0,0.544,0.252
318,5,-0.244,-0.244,0.316,0.66,1.0,1.0,0.524,0.02
319,1,0.756,-0.052,0.296,0.428,0.68,0.768,0.504,0.212
320,1,1.0,0.14,0.276,0.196,0.36,0.536,0.484,0.404
321,,0.98,0.12,0.256,0.176,0.34,0.516,0.464,0.384
322,,0.96,0.1,0.236,0.156,0.32,0.496,0.444,0.364
323,,0.94,0.08,0.216,0.136,0.3,0.476,0.424,0.344
324,,0.92,0.06,0.196,0.116,0.28,0.456,0.404,0.324
325,,0.9,0.04,0.176,0.096,0.26,0.436,0.384,0.304
326,,0.88,0.02,0.156,0.076,0.24,0.416,0.364,0.284
327,,0.86,0.0,0.136,0.056,0.22,0.396,0.344,0.264
328,,0.84,-0.02,0.116,0.036,0.2,0.376,0.324,0.244
329,2,1.0,0.98,0.308,0.016,-0.032,0.056,0.092,0.224
330,2,1.0,1.0,0.5,-0.004,-0.264,-0.264,-0.14,0.204
331,6,0.768,0.68,0.268,-0.024,-0.072,0.736,0.052,0.184
332,6,0.536,0.36,0.036,-0.044,0.12,1.0,0.244,0.164
333,4,0.304,0.34,0.228,0.956,0.312,0.98,0.012,-0.156
334,4,0.072,0.32,0.42,1.0,0.504,0.96,-0.22,-0.476
335,8,0.264,0.3,0.188,0.68,0.272,0.94,-0.028,0.524
336,8,0.456,0.28,-0.044,0.36,0.04,0.92,0.164,1.0
337,3,0.436,0.472,0.956,0.552,0.02,0.688,-0.156,0.768
338,3,0.416,0.664,1.0,0.744,0.0,0.456,-0.476,0.536
339,7,0.396,0.432,0.68,0.512,-0.02,0.648,0.524,0.728
340,7,0.376,0.2,0.36,0.28,-0.04,0.84,1.0,0.92
341,5,0.056,-0.032,0.34,0.472,0.96,1.0,0.98,0.688
342,5,-0.264,-0.264,0.32,0.664,1.0,1.0,0.96,0.456
343,2,-0.072,0.736,0.512,0.644,0.768,0.68,0.728,0.436
344,2,0.12,1.0,0.704,0.624,0.536,0.36,0.496,0.416
345,,0.1,0.98,0.684,0.604,0.516,0.34,0.476,0.396
346,,0.08,0.96,0.664,0.584,0.496,0.32,0.456,0.376
347,,0.06,0.94,0.644,0.564,0.476,0.3,0.436,0.356
348,,0.04,0.92,0.624,0.544,0.456,0.28,0.416,0.336
349,,0.02,0.9,0.604,0.524,0.436,0.26,0.396,0.316
350,,0.0,0.88,0.584,0.504,0.416,0.24,0.376,0.296
351,,-0.02,0.86,0.564,0.484,0.396,0.22,0.356,0.276
352,1,0.98,1.0,0.544,0.252,0.076,-0.012,0.336,0.468
353,1,1.0,1.0,0.524,0.02,-0.244,-0.244,0.316,0.66
354,5,0.68,0.768,0.504,0.212,0.756,-0.052,0.296,0.428
355,5,0.36,0.536,0.484,0.404,1.0,0.14,0.276,0.196
356,,0.34,0.516,0.464,0.384,0.98,0.12,0.256,0.176
357,,0.32,0.496,0.444,0.364,0.96,0.1,0.236,0.156
358,,0.3,0.476,0.424,0.344,0.94,0.08,0.216,0.136
359,,0.28,0.456,0.404,0.324,0.92,0.06,0.196,0.116
360,,0.26,0.436,0.384,0.304,0.9,0.04,0.176,0.096
361,,0.24,0.416,0.364,0.284,0.88,0.02,0.156,0.076
362,,0.22,0.396,0.344,0.264,0.86,0.0,0.136,0.056
363,,0.2,0.376,0.324,0.244,0.84,-0.02,0.116,0.036
364,6,-0.032,0.056,0.092,0.224,1.0,0.98,0.308,0.016
365,6,-0.264,-0.264,-0.14,0.204,1.0,1.0,0.5,-0.004
366,2,-0.072,0.736,0.052,0.184,0.768,0.68,0.268,-0.024
367,2,0.12,1.0,0.244,0.164,0.536,0.36,0.036,-0.044
368,8,0.312,0.98,0.012,-0.156,0.304,0.34,0.228,0.956
369,8,0.504,0.96,-0.22,-0.476,0.072,0.32,0.42,1.0
370,4,0.272,0.94,-0.028,0.524,0.264,0.3,0.188,0.68
371,4,0.04,0.92,0.164,1.0,0.456,0.28,-0.044,0.36
372,7,0.02,0.688,-0.156,0.768,0.436,0.472,0.956,0.552
373,7,0.0,0.456,-0.476,0.536,0.416,0.664,1.0,0.744
374,3,-0.02,0.648,0.524,0.728,0.396,0.432,0.68,0.512
375,3,-0.04,0.84,1.0,0.92,0.376,0.2,0.36,0.28
376,1,0.96,1.0,0.98,0.688,0.056,-0.032,0.34,0.472
377,1,1.0,1.0,0.96,0.456,-0.264,-0.264,0.32,0.664
378,5,0.68,0.768,0.94,0.648,0.736,-0.072,0.3,0.432
379,5,0.36,0.536,0.92,0.84,1.0,0.12,0.28,0.2
380,,0.34,0.516,0.9,0.82,0.98,0.1,0.26,0.18
381,,0.32,0.496,0.88,0.8,0.96,0.08,0.24,0.16
382,,0.3,0.476,0.86,0.78,0.94,0.06,0.22,0.14
383,,0.28,0.456,0.84,0.76,0.92,0.04,0.2,0.12
384,,0.26,0.436,0.82,0.74,0.9,0.02,0.18,0.1
385,,0.24,0.416,0.8,0.72,0.88,0.0,0.16,0.08
386,,0.22,0.396,0.78,0.7,0.86,-0.02,0.14,0.06
387,6,-0.012,0.076,0.548,0.68,1.0,0.98,0.332,0.04
388,6,-0.244,-0.244,0.316,0.66,1.0,1.0,0.524,0.02
389,1,0.756,-0.052,0.296,0.428,0.68,0.768,0.504,0.212
390,1,1.0,0.14,0.276,0.196,0.36,0.536,0.484,0.404
391,,0.98,0.12,0.256,0.176,0.34,0.516,0.464,0.384
392,,0.96,0.1,0.236,0.156,0.32,0.496,0.444,0.364
393,,0.94,0.08,0.216,0.136,0.3,0.476,0.424,0.344
394,,0.92,0.06,0.196,0.116,0.28,0.456,0.404,0.324
395,,0.9,0.04,0.176,0.096,0.26,0.436,0.384,0.304
396,,0.88,0.02,0.156,0.076,0.24,0.416,0.364,0.284
397,,0.86,0.0,0.136,0.056,0.22,0.396,0.344,0.264
398,,0.84,-0.02,0.116,0.036,0.2,0.376,0.324,0.244
399,2,1.0,0.98,0.308,0.016,-0.032,0.056,0.092,0.224
400,2,1.0,1.0,0.5,-0.004,-0.264,-0.264,-0.14,0.204
401,6,0.768,0.68,0.268,-0.024,-0.072,0.736,0.052,0.184
402,6,0.536,0.36,0.036,-0.044,0.12,1.0,0.244,0.164
403,4,0.304,0.34,0.228,0.956,0.312,0.98,0.012,-0.156
404,4,0.072,0.32,0.42,1.0,0.504,0.96,-0.22,-0.476
405,8,0.264,0.3,0.188,0.68,0.272,0.94,-0.028,0.524
406,8,0.456,0.28,-0.044,0.36,0.04,0.92,0.164,1.0
407,3,0.436,0.472,0.956,0.552,0.02,0.688,-0.156,0.768
408,3,0.416,0.664,1.0,0.744,0.0,0.456,-0.476,0.536
409,7,0.396,0.432,0.68,0.512,-0.02,0.648,0.524,0.728
410,7,0.376,0.2,0.36,0.28,-0.04,0.84,1.0,0.92
411,5,0.056,-0.032,0.34,0.472,0.96,1.0,0.98,0.688
412,5,-0.264,-0.264,0.32,0.664,1.0,1.0,0.96,0.456
413,1,0.736,-0.072,0.3,0.432,0.68,0.768,0.94,0.648
414,1,1.0,0.12,0.28,0.2,0.36,0.536,0.92,0.84
415,,0.98,0.1,0.26,0.18,0.34,0.516,0.9,0.82
416,,0.96,0.08,0.24,0.16,0.32,0.496,0.88,0.8
417,,0.94,0.06,0.22,0.14,0.3,0.476,0.86,0.78
418,,0.92,0.04,0.2,0.12,0.28,0.456,0.84,0.76
419,,0.9,0.02,0.18,0.1,0.26,0.436,0.82,0.74
420,,0.88,0.0,0.16,0.08,0.24,0.416,0.8,0.72
421,,0.86,-0.02,0.14,0.06,0.22,0.396,0.78,0.7
422,2,1.0,0.98,0.332,0.04,-0.012,0.076,0.548,0.68
423,2,1.0,1.0,0.524,0.02,-0.244,-0.244,0.316,0.66
424,5,0.68,0.768,0.504,0.212,0.756,-0.052,0.296,0.428
425,5,0.36,0.536,0.484,0.404,1.0,0.14,0.276,0.196
426,,0.34,0.516,0.464,0.384,0.98,0.12,0.256,0.176
427,,0.32,0.496,0.444,0.364,0.96,0.1,0.236,0.156
428,,0.3,0.476,0.424,0.344,0.94,0.08,0.216,0.136
429,,0.28,0.456,0.404,0.324,0.92,0.06,0.196,0.116
430,,0.26,0.436,0.384,0.304,0.9,0.04,0.176,0.096
431,,0.24,0.416,0.364,0.284,0.88,0.02,0.156,0.076
432,,0.22,0.396,0.344,0.264,0.86,0.0,0.136,0.056
433,,0.2,0.376,0.324,0.244,0.84,-0.02,0.116,0.036
434,6,-0.032,0.056,0.092,0.224,1.0,0.98,0.308,0.016
435,6,-0.264,-0.264,-0.14,0.204,1.0,1.0,0.5,-0.004
436,1,0.736,-0.072,-0.16,-0.028,0.68,0.768,0.48,0.188
437,1,1.0,0.12,-0.18,-0.26,0.36,0.536,0.46,0.38
438,4,0.768,0.1,0.012,0.74,0.552,0.516,0.228,0.06
439,4,0.536,0.08,0.204,1.0,0.744,0.496,-0.004,-0.26
440,8,0.728,0.06,-0.028,0.68,0.512,0.476,0.188,0.74
441,8,0.92,0.04,-0.26,0.36,0.28,0.456,0.38,1.0
442,3,0.9,0.232,0.74,0.552,0.26,0.224,0.06,0.768
443,3,0.88,0.424,1.0,0.744,0.24,-0.008,-0.26,0.536
444,7,0.86,0.192,0.68,0.512,0.22,0.184,0.74,0.728
445,7,0.84,-0.04,0.36,0.28,0.2,0.376,1.0,0.92
446,2,1.0,0.96,0.552,0.26,-0.032,0.056,0.768,0.9
447,2,1.0,1.0,0.744,0.24,-0.264,-0.264,0.536,0.88
448,5,0.68,0.768,0.724,0.432,0.736,-0.072,0.516,0.648
449,5,0.36,0.536,0.704,0.624,1.0,0.12,0.496,0.416
450,,0.34,0.516,0.684,0.604,0.98,0.1,0.476,0.396
451,,0.32,0.496,0.664,0.584,0.96,0.08,0.456,0.376
452,,0.3,0.476,0.644,0.564,0.94,0.06,0.436,0.356
453,,0.28,0.456,0.624,0.544,0.92,0.04,0.416,0.336
454,,0.26,0.436,0.604,0.524,0.9,0.02,0.396,0.316
455,,0.24,0.416,0.584,0.504,0.88,0.0,0.376,0.296
456,,0.22,0.396,0.564,0.484,0.86,-0.02,0.356,0.276
457,6,-0.012,0.076,0.332,0.464,1.0,0.98,0.548,0.256
458,6,-0.244,-0.244,0.1,0.444,1.0,1.0,0.74,0.236
459,2,-0.052,0.756,0.292,0.424,0.768,0.68,0.508,0.216
460,2,0.14,1.0,0.484,0.404,0.536,0.36,0.276,0.196
461,,0.12,0.98,0.464,0.384,0.516,0.34,0.256,0.176
462,,0.1,0.96,0.444,0.364,0.496,0.32,0.236,0.156
463,,0.08,0.94,0.424,0.344,0.476,0.3,0.216,0.136
464,,0.06,0.92,0.404,0.324,0.456,0.28,0.196,0.116
465,,0.04,0.9,0.384,0.304,0.436,0.26,0.176,0.096
466,,0.02,0.88,0.364,0.284,0.416,0.24,0.156,0.076
467,,0.0,0.86,0.344,0.264,0.396,0.22,0.136,0.056
468,,-0.02,0.84,0.324,0.244,0.376,0.2,0.116,0.036
469,1,0.98,1.0,0.304,0.012,0.056,-0.032,0.096,0.228
470,1,1.0,1.0,0.284,-0.22,-0.264,-0.264,0.076,0.42
471,5,0.68,0.768,0.264,-0.028,0.736,-0.072,0.056,0.188
472,5,0.36,0.536,0.244,0.164,1.0,0.12,0.036,-0.044
473,8,0.552,0.516,0.012,-0.156,0.768,0.1,0.228,0.956
474,8,0.744,0.496,-0.22,-0.476,0.536,0.08,0.42,1.0
475,4,0.512,0.476,-0.028,0.524,0.728,0.06,0.188,0.68
476,4,0.28,0.456,0.164,1.0,0.92,0.04,-0.044,0.36
477,7,0.26,0.224,-0.156,0.768,0.9,0.232,0.956,0.552
478,7,0.24,-0.008,-0.476,0.536,0.88,0.424,1.0,0.744
479,3,0.22,0.184,0.524,0.728,0.86,0.192,0.68,0.512
480,3,0.2,0.376,1.0,0.92,0.84,-0.04,0.36,0.28
481,6,-0.032,0.056,0.768,0.9,1.0,0.96,0.552,0.26
482,6,-0.264,-0.264,0.536,0.88,1.0,1.0,0.744,0.24
483,2,-0.072,0.736,0.728,0.86,0.768,0.68,0.512,0.22
484,2,0.12,1.0,0.92,0.84,0.536,0.36,0.28,0.2
485,,0.1,0.98,0.9,0.82,0.516,0.34,0.26,0.18
486,,0.08,0.96,0.88,0.8,0.496,0.32,0.24,0.16
487,,0.06,0.94,0.86,0.78,0.476,0.3,0.22,0.14
488,,0.04,0.92,0.84,0.76,0.456,0.28,0.2,0.12
489,,0.02,0.9,0.82,0.74,0.436,0.26,0.18,0.1
490,,0.0,0.88,0.8,0.72,0.416,0.24,0.16,0.08
491,,-0.02,0.86,0.78,0.7,0.396,0.22,0.14,0.06
492,1,0.98,1.0,0.76,0.468,0.076,-0.012,0.12,0.252
493,1,1.0,1.0,0.74,0.236,-0.244,-0.244,0.1,0.444
494,5,0.68,0.768,0.72,0.428,0.756,-0.052,0.08,0.212
495,5,0.36,0.536,0.7,0.62,1.0,0.14,0.06,-0.02
496,8,0.552,0.516,0.468,0.3,0.768,0.12,0.252,0.98
497,8,0.744,0.496,0.236,-0.02,0.536,0.1,0.444,1.0
498,4,0.512,0.476,0.428,0.98,0.728,0.08,0.212,0.68
499,4,0.28,0.456,0.62,1.0,0.92,0.06,-0.02,0.36
500,7,0.26,0.224,0.3,0.768,0.9,0.252,0.98,0.552
501,7,0.24,-0.008,-0.02,0.536,0.88,0.444,1.0,0.744
502,3,0.22,0.184,0.98,0.728,0.86,0.212,0.68,0.512
503,3,0.2,0.376,1.0,0.92,0.84,-0.02,0.36,0.28
504,6,-0.032,0.056,0.768,0.9,1.0,0.98,0.552,0.26
505,6,-0.264,-0.264,0.536,0.88,1.0,1.0,0.744,0.24
506,1,0.736,-0.072,0.516,0.648,0.68,0.768,0.724,0.432
507,1,1.0,0.12,0.496,0.416,0.36,0.536,0.704,0.624
508,,0.98,0.1,0.476,0.396,0.34,0.516,0.684,0.604
509,,0.96,0.08,0.456,0.376,0.32,0.496,0.664,0.584
510,,0.94,0.06,0.436,0.356,0.3,0.476,0.644,0.564
511,,0.92,0.04,0.416,0.336,0.28,0.456,0.624,0.544
512,,0.9,0.02,0.396,0.316,0.26,0.436,0.604,0.524
513,,0.88,0.0,0.376,0.296,0.24,0.416,0.584,0.504
514,,0.86,-0.02,0.356,0.276,0.22,0.396,0.564,0.484
515,2,1.0,0.98,0.548,0.256,-0.012,0.076,0.332,0.464
516,2,1.0,1.0,0.74,0.236,-0.244,-0.244,0.1,0.444
517,5,0.68,0.768,0.72,0.428,0.756,-0.052,0.08,0.212
518,5,0.36,0.536,0.7,0.62,1.0,0.14,0.06,-0.02
519,8,0.552,0.516,0.468,0.3,0.768,0.12,0.252,0.98
520,8,0.744,0.496,0.236,-0.02,0.536,0.1,0.444,1.0
521,4,0.512,0.476,0.428,0.98,0.728,0.08,0.212,0.68
522,4,0.28,0.456,0.62,1.0,0.92,0.06,-0.02,0.36
523,7,0.26,0.224,0.3,0.768,0.9,0.252,0.98,0.552
524,7,0.24,-0.008,-0.02,0.536,0.88,0.444,1.0,0.744
525,3,0.22,0.184,0.98,0.728,0.86,0.212,0.68,0.512
526,3,0.2,0.376,1.0,0.92,0.84,-0.02,0.36,0.28
527,6,-0.032,0.056,0.768,0.9,1.0,0.98,0.552,0.26
528,6,-0.264,-0.264,0.536,0.88,1.0,1.0,0.744,0.24
529,1,0.736,-0.072,0.516,0.648,0.68,0.768,0.724,0.432
530,1,1.0,0.12,0.496,0.416,0.36,0.536,0.704,0.624
531,,0.98,0.1,0.476,0.396,0.34,0.516,0.684,0.604
532,,0.96,0.08,0.456,0.376,0.32,0.496,0.664,0.584
533,,0.94,0.06,0.436,0.356,0.3,0.476,0.644,0.564
534,,0.92,0.04,0.416,0.336,0.28,0.456,0.624,0.544
535,,0.9,0.02,0.396,0.316,0.26,0.436,0.604,0.524
536,,0.88,0.0,0.376,0.296,0.24,0.416,0.584,0.504
537,,0.86,-0.02,0.356,0.276,0.22,0.396,0.564,0.484
538,2,1.0,0.98,0.548,0.256,-0.012,0.076,0.332,0.464
539,2,1.0,1.0,0.74,0.236,-0.244,-0.244,0.1,0.444
540,6,0.768,0.68,0.508,0.216,-0.052,0.756,0.292,0.424
541,6,0.536,0.36,0.276,0.196,0.14,1.0,0.484,0.404
542,,0.516,0.34,0.256,0.176,0.12,0.98,0.464,0.384
543,,0.496,0.32,0.236,0.156,0.1,0.96,0.444,0.364
544,,0.476,0.3,0.216,0.136,0.08,0.94,0.424,0.344
545,,0.456,0.28,0.196,0.116,0.06,0.92,0.404,0.324
546,,0.436,0.26,0.176,0.096,0.04,0.9,0.384,0.304
547,,0.416,0.24,0.156,0.076,0.02,0.88,0.364,0.284
548,,0.396,0.22,0.136,0.056,0.0,0.86,0.344,0.264
549,,0.376,0.2,0.116,0.036,-0.02,0.84,0.324,0.244
550,5,0.056,-0.032,0.096,0.228,0.98,1.0,0.304,0.012
551,5,-0.264,-0.264,0.076,0.42,1.0,1.0,0.284,-0.22
552,2,-0.072,0.736,0.268,0.4,0.768,0.68,0.052,-0.24
553,2,0.12,1.0,0.46,0.38,0.536,0.36,-0.18,-0.26
554,8,0.312,0.98,0.228,0.06,0.304,0.34,0.012,0.74
555,8,0.504,0.96,-0.004,-0.26,0.072,0.32,0.204,1.0
556,4,0.272,0.94,0.188,0.74,0.264,0.3,-0.028,0.68
557,4,0.04,0.92,0.38,1.0,0.456,0.28,-0.26,0.36
558,7,0.02,0.688,0.06,0.768,0.436,0.472,0.74,0.552
559,7,0.0,0.456,-0.26,0.536,0.416,0.664,1.0,0.744
560,3,-0.02,0.648,0.74,0.728,0.396,0.432,0.68,0.512
561,3,-0.04,0.84,1.0,0.92,0.376,0.2,0.36,0.28
562,1,0.96,1.0,0.98,0.688,0.056,-0.032,0.34,0.472
563,1,1.0,1.0,0.96,0.456,-0.264,-0.264,0.32,0.664
564,5,0.68,0.768,0.94,0.648,0.736,-0.072,0.3,0.432
565,5,0.36,0.536,0.92,0.84,1.0,0.12,0.28,0.2
566,,0.34,0.516,0.9,0.82,0.98,0.1,0.26,0.18
567,,0.32,0.496,0.88,0.8,0.96,0.08,0.24,0.16
568,,0.3,0.476,0.86,0.78,0.94,0.06,0.22,0.14
569,,0.28,0.456,0.84,0.76,0.92,0.04,0.2,0.12
570,,0.26,0.436,0.82,0.74,0.9,0.02,0.18,0.1
571,,0.24,0.416,0.8,0.72,0.88,0.0,0.16,0.08
572,,0.22,0.396,0.78,0.7,0.86,-0.02,0.14,0.06
573,6,-0.012,0.076,0.548,0.68,1.0,0.98,0.332,0.04
574,6,-0.244,-0.244,0.316,0.66,1.0,1.0,0.524,0.02
575,1,0.756,-0.052,0.296,0.428,0.68,0.768,0.504,0.212
576,1,1.0,0.14,0.276,0.196,0.36,0.536,0.484,0.404
577,,0.98,0.12,0.256,0.176,0.34,0.516,0.464,0.384
578,,0.96,0.1,0.236,0.156,0.32,0.496,0.444,0.364
579,,0.94,0.08,0.216,0.136,0.3,0.476,0.424,0.344
580,,0.92,0.06,0.196,0.116,0.28,0.456,0.404,0.324
581,,0.9,0.04,0.176,0.096,0.26,0.436,0.384,0.304
582,,0.88,0.02,0.156,0.076,0.24,0.416,0.364,0.284
583,,0.86,0.0,0.136,0.056,0.22,0.396,0.344,0.264
584,,0.84,-0.02,0.116,0.036,0.2,0.376,0.324,0.244
585,2,1.0,0.98,0.308,0.016,-0.032,0.056,0.092,0.224
586,2,1.0,1.0,0.5,-0.004,-0.264,-0.264,-0.14,0.204
587,6,0.768,0.68,0.268,-0.024,-0.072,0.736,0.052,0.184
588,6,0.536,0.36,0.036,-0.044,0.12,1.0,0.244,0.164
589,4,0.304,0.34,0.228,0.956,0.312,0.98,0.012,-0.156
590,4,0.072,0.32,0.42,1.0,0.504,0.96,-0.22,-0.476
591,8,0.264,0.3,0.188,0.68,0.272,0.94,-0.028,0.524
592,8,0.456,0.28,-0.044,0.36,0.04,0.92,0.164,1.0
593,3,0.436,0.472,0.956,0.552,0.02,0.688,-0.156,0.768
594,3,0.416,0.664,1.0,0.744,0.0,0.456,-0.476,0.536
595,7,0.396,0.432,0.68,0.512,-0.02,0.648,0.524,0.728
596,7,0.376,0.2,0.36,0.28,-0.04,0.84,1.0,0.92
597,5,0.056,-0.032,0.34,0.472,0.96,1.0,0.98,0.688
598,5,-0.264,-0.264,0.32,0.664,1.0,1.0,0.96,0.456
599,1,0.736,-0.072,0.3,0.432,0.68,0.768,0.94,0.648
600,1,1.0,0.12,0.28,0.2,0.36,0.536,0.92,0.84
601,,0.98,0.1,0.26,0.18,0.34,0.516,0.9,0.82
602,,0.96,0.08,0.24,0.16,0.32,0.496,0.88,0.8
603,,0.94,0.06,0.22,0.14,0.3,0.476,0.86,0.78
604,,0.92,0.04,0.2,0.12,0.28,0.456,0.84,0.76
605,,0.9,0.02,0.18,0.1,0.26,0.436,0.82,0.74
606,,0.88,0.0,0.16,0.08,0.24,0.416,0.8,0.72
607,,0.86,-0.02,0.14,0.06,0.22,0.396,0.78,0.7
608,2,1.0,0.98,0.332,0.04,-0.012,0.076,0.548,0.68
609,2,1.0,1.0,0.524,0.02,-0.244,-0.244,0.316,0.66
610,5,0.68,0.768,0.504,0.212,0.756,-0.052,0.296,0.428
611,5,0.36,0.536,0.484,0.404,1.0,0.14,0.276,0.196
612,,0.34,0.516,0.464,0.384,0.98,0.12,0.256,0.176
613,,0.32,0.496,0.444,0.364,0.96,0.1,0.236,0.156
614,,0.3,0.476,0.424,0.344,0.94,0.08,0.216,0.136
615,,0.28,0.456,0.404,0.324,0.92,0.06,0.196,0.116
616,,0.26,0.436,0.384,0.304,0.9,0.04,0.176,0.096
617,,0.24,0.416,0.364,0.284,0.88,0.02,0.156,0.076
618,,0.22,0.396,0.344,0.264,0.86,0.0,0.136,0.056
619,,0.2,0.376,0.324,0.244,0.84,-0.02,0.116,0.036
620,6,-0.032,0.056,0.092,0.224,1.0,0.98,0.308,0.016
621,6,-0.264,-0.264,-0.14,0.204,1.0,1.0,0.5,-0.004
622,1,0.736,-0.072,-0.16,-0.028,0.68,0.768,0.48,0.188
623,1,1.0,0.12,-0.18,-0.26,0.36,0.536,0.46,0.38
624,4,0.768,0.1,0.012,0.74,0.552,0.516,0.228,0.06
625,4,0.536,0.08,0.204,1.0,0.744,0.496,-0.004,-0.26
626,8,0.728,0.06,-0.028,0.68,0.512,0.476,0.188,0.74
627,8,0.92,0.04,-0.26,0.36,0.28,0.456,0.38,1.0
628,3,0.9,0.232,0.74,0.552,0.26,0.224,0.06,0.768
629,3,0.88,0.424,1.0,0.744,0.24,-0.008,-0.26,0.536
630,7,0.86,0.192,0.68,0.512,0.22,0.184,0.74,0.728
631,7,0.84,-0.04,0.36,0.28,0.2,0.376,1.0,0.92
632,2,1.0,0.96,0.552,0.26,-0.032,0.056,0.768,0.9
633,2,1.0,1.0,0.744,0.24,-0.264,-0.264,0.536,0.88
634,6,0.768,0.68,0.512,0.22,-0.072,0.736,0.728,0.86
635,6,0.536,0.36,0.28,0.2,0.12,1.0,0.92,0.84
636,,0.516,0.34,0.26,0.18,0.1,0.98,0.9,0.82
637,,0.496,0.32,0.24,0.16,0.08,0.96,0.88,0.8
638,,0.476,0.3,0.22,0.14,0.06,0.94,0.86,0.78
639,,0.456,0.28,0.2,0.12,0.04,0.92,0.84,0.76
640,,0.436,0.26,0.18,0.1,0.02,0.9,0.82,0.74
641,,0.416,0.24,0.16,0.08,0.0,0.88,0.8,0.72
642,,0.396,0.22,0.14,0.06,-0.02,0.86,0.78,0.7
643,5,0.076,-0.012,0.12,0.252,0.98,1.0,0.76,0.468
644,5,-0.244,-0.244,0.1,0.444,1.0,1.0,0.74,0.236
645,2,-0.052,0.756,0.292,0.424,0.768,0.68,0.508,0.216
646,2,0.14,1.0,0.484,0.404,0.536,0.36,0.276,0.196
647,,0.12,0.98,0.464,0.384,0.516,0.34,0.256,0.176
648,,0.1,0.96,0.444,0.364,0.496,0.32,0.236,0.156
649,,0.08,0.94,0.424,0.344,0.476,0.3,0.216,0.136
650,,0.06,0.92,0.404,0.324,0.456,0.28,0.196,0.116
651,,0.04,0.9,0.384,0.304,0.436,0.26,0.176,0.096
652,,0.02,0.88,0.364,0.284,0.416,0.24,0.156,0.076
653,,0.0,0.86,0.344,0.264,0.396,0.22,0.136,0.056
654,,-0.02,0.84,0.324,0.244,0.376,0.2,0.116,0.036
655,1,0.98,1.0,0.304,0.012,0.056,-0.032,0.096,0.228
656,1,1.0,1.0,0.284,-0.22,-0.264,-0.264,0.076,0.42
657,6,0.768,0.68,0.052,-0.24,-0.072,0.736,0.268,0.4
658,6,0.536,0.36,-0.18,-0.26,0.12,1.0,0.46,0.38
659,4,0.304,0.34,0.012,0.74,0.312,0.98,0.228,0.06
660,4,0.072,0.32,0.204,1.0,0.504,0.96,-0.004,-0.26
661,8,0.264,0.3,-0.028,0.68,0.272,0.94,0.188,0.74
662,8,0.456,0.28,-0.26,0.36,0.04,0.92,0.38,1.0
663,3,0.436,0.472,0.74,0.552,0.02,0.688,0.06,0.768
664,3,0.416,0.664,1.0,0.744,0.0,0.456,-0.26,0.536
665,7,0.396,0.432,0.68,0.512,-0.02,0.648,0.74,0.728
666,7,0.376,0.2,0.36,0.28,-0.04,0.84,1.0,0.92
667,5,0.056,-0.032,0.34,0.472,0.96,1.0,0.98,0.688
668,5,-0.264,-0.264,0.32,0.664,1.0,1.0,0.96,0.456
669,1,0.736,-0.072,0.3,0.432,0.68,0.768,0.94,0.648
670,1,1.0,0.12,0.28,0.2,0.36,0.536,0.92,0.84
671,,0.98,0.1,0.26,0.18,0.34,0.516,0.9,0.82
672,,0.96,0.08,0.24,0.16,0.32,0.496,0.88,0.8
673,,0.94,0.06,0.22,0.14,0.3,0.476,0.86,0.78
674,,0.92,0.04,0.2,0.12,0.28,0.456,0.84,0.76
675,,0.9,0.02,0.18,0.1,0.26,0.436,0.82,0.74
676,,0.88,0.0,0.16,0.08,0.24,0.416,0.8,0.72
677,,0.86,-0.02,0.14,0.06,0.22,0.396,0.78,0.7
678,2,1.0,0.98,0.332,0.04,-0.012,0.076,0.548,0.68
679,2,1.0,1.0,0.524,0.02,-0.244,-0.244,0.316,0.66
680,5,0.68,0.768,0.504,0.212,0.756,-0.052,0.296,0.428
681,5,0.36,0.536,0.484,0.404,1.0,0.14,0.276,0.196
682,,0.34,0.516,0.464,0.384,0.98,0.12,0.256,0.176
683,,0.32,0.496,0.444,0.364,0.96,0.1,0.236,0.156
684,,0.3,0.476,0.424,0.344,0.94,0.08,0.216,0.136
685,,0.28,0.456,0.404,0.324,0.92,0.06,0.196,0.116
686,,0.26,0.436,0.384,0.304,0.9,0.04,0.176,0.096
687,,0.24,0.416,0.364,0.284,0.88,0.02,0.156,0.076
688,,0.22,0.396,0.344,0.264,0.86,0.0,0.136,0.056
689,,0.2,0.376,0.324,0.244,0.84,-0.02,0.116,0.036
690,6,-0.032,0.056,0.092,0.224,1.0,0.98,0.308,0.016
691,6,-0.264,-0.264,-0.14,0.204,1.0,1.0,0.5,-0.004
692,2,-0.072,0.736,0.052,0.184,0.768,0.68,0.268,-0.024
693,2,0.12,1.0,0.244,0.164,0.536,0.36,0.036,-0.044
694,8,0.312,0.98,0.012,-0.156,0.304,0.34,0.228,0.956
695,8,0.504,0.96,-0.22,-0.476,0.072,0.32,0.42,1.0
696,4,0.272,0.94,-0.028,0.524,0.264,0.3,0.188,0.68
697,4,0.04,0.92,0.164,1.0,0.456,0.28,-0.044,0.36
698,7,0.02,0.688,-0.156,0.768,0.436,0.472,0.956,0.552
699,7,0.0,0.456,-0.476,0.536,0.416,0.664,1.0,0.744
700,3,-0.02,0.648,0.524,0.728,0.396,0.432,0.68,0.512
701,3,-0.04,0.84,1.0,0.92,0.376,0.2,0.36,0.28
702,1,0.96,1.0,0.98,0.688,0.056,-0.032,0.34,0.472
703,1,1.0,1.0,0.96,0.456,-0.264,-0.264,0.32,0.664
704,6,0.768,0.68,0.728,0.436,-0.072,0.736,0.512,0.644
705,6,0.536,0.36,0.496,0.416,0.12,1.0,0.704,0.624
706,,0.516,0.34,0.476,0.396,0.1,0.98,0.684,0.604
707,,0.496,0.32,0.456,0.376,0.08,0.96,0.664,0.584
708,,0.476,0.3,0.436,0.356,0.06,0.94,0.644,0.564
709,,0.456,0.28,0.416,0.336,0.04,0.92,0.624,0.544
710,,0.436,0.26,0.396,0.316,0.02,0.9,0.604,0.524
711,,0.416,0.24,0.376,0.296,0.0,0.88,0.584,0.504
712,,0.396,0.22,0.356,0.276,-0.02,0.86,0.564,0.484
713,5,0.076,-0.012,0.336,0.468,0.98,1.0,0.544,0.252
714,5,-0.244,-0.244,0.316,0.66,1.0,1.0,0.524,0.02
715,2,-0.052,0.756,0.508,0.64,0.768,0.68,0.292,0.0
716,2,0.14,1.0,0.7,0.62,0.536,0.36,0.06,-0.02
717,8,0.332,0.98,0.468,0.3,0.304,0.34,0.252,0.98
718,8,0.524,0.96,0.236,-0.02,0.072,0.32,0.444,1.0
719,4,0.292,0.94,0.428,0.98,0.264,0.3,0.212,0.68
720,4,0.06,0.92,0.62,1.0,0.456,0.28,-0.02,0.36
721,7,0.04,0.688,0.3,0.768,0.436,0.472,0.98,0.552
722,7,0.02,0.456,-0.02,0.536,0.416,0.664,1.0,0.744
723,3,0.0,0.648,0.98,0.728,0.396,0.432,0.68,0.512
724,3,-0.02,0.84,1.0,0.92,0.376,0.2,0.36,0.28
725,1,0.98,1.0,0.98,0.688,0.056,-0.032,0.34,0.472
726,1,1.0,1.0,0.96,0.456,-0.264,-0.264,0.32,0.664
727,6,0.768,0.68,0.728,0.436,-0.072,0.736,0.512,0.644
728,6,0.536,0.36,0.496,0.416,0.12,1.0,0.704,0.624
729,,0.516,0.34,0.476,0.396,0.1,0.98,0.684,0.604
730,,0.496,0.32,0.456,0.376,0.08,0.96,0.664,0.584
731,,0.476,0.3,0.436,0.356,0.06,0.94,0.644,0.564
732,,0.456,0.28,0.416,0.336,0.04,0.92,0.624,0.544
733,,0.436,0.26,0.396,0.316,0.02,0.9,0.604,0.524
734,,0.416,0.24,0.376,0.296,0.0,0.88,0.584,0.504
735,,0.396,0.22,0.356,0.276,-0.02,0.86,0.564,0.484
736,5,0.076,-0.012,0.336,0.468,0.98,1.0,0.544,0.252
737,5,-0.244,-0.244,0.316,0.66,1.0,1.0,0.524,0.02
738,1,0.756,-0.052,0.296,0.428,0.68,0.768,0.504,0.212
739,1,1.0,0.14,0.276,0.196,0.36,0.536,0.484,0.404
740,,0.98,0.12,0.256,0.176,0.34,0.516,0.464,0.384
741,,0.96,0.1,0.236,0.156,0.32,0.496,0.444,0.364
742,,0.94,0.08,0.216,0.136,0.3,0.476,0.424,0.344
743,,0.92,0.06,0.196,0.116,0.28,0.456,0.404,0.324
744,,0.9,0.04,0.176,0.096,0.26,0.436,0.384,0.304
745,,0.88,0.02,0.156,0.076,0.24,0.416,0.364,0.284
746,,0.86,0.0,0.136,0.056,0.22,0.396,0.344,0.264
747,,0.84,-0.02,0.116,0.036,0.2,0.376,0.324,0.244
748,2,1.0,0.98,0.308,0.016,-0.032,0.056,0.092,0.224
749,2,1.0,1.0,0.5,-0.004,-0.264,-0.264,-0.14,0.204
750,6,0.768,0.68,0.268,-0.024,-0.072,0.736,0.052,0.184
751,6,0.536,0.36,0.036,-0.044,0.12,1.0,0.244,0.164
752,4,0.304,0.34,0.228,0.956,0.312,0.98,0.012,-0.156
753,4,0.072,0.32,0.42,1.0,0.504,0.96,-0.22,-0.476
754,8,0.264,0.3,0.188,0.68,0.272,0.94,-0.028,0.524
755,8,0.456,0.28,-0.044,0.36,0.04,0.92,0.164,1.0
756,3,0.436,0.472,0.956,0.552,0.02,0.688,-0.156,0.768
757,3,0.416,0.664,1.0,0.744,0.0,0.456,-0.476,0.536
758,7,0.396,0.432,0.68,0.512,-0.02,0.648,0.524,0.728
759,7,0.376,0.2,0.36,0.28,-0.04,0.84,1.0,0.92
760,5,0.056,-0.032,0.34,0.472,0.96,1.0,0.98,0.688
761,5,-0.264,-0.264,0.32,0.664,1.0,1.0,0.96,0.456
762,1,0.736,-0.072,0.3,0.432,0.68,0.768,0.94,0.648
763,1,1.0,0.12,0.28,0.2,0.36,0.536,0.92,0.84
764,,0.98,0.1,0.26,0.18,0.34,0.516,0.9,0.82
765,,0.96,0.08,0.24,0.16,0.32,0.496,0.88,0.8
766,,0.94,0.06,0.22,0.14,0.3,0.476,0.86,0.78
767,,0.92,0.04,0.2,0.12,0.28,0.456,0.84,0.76
768,,0.9,0.02,0.18,0.1,0.26,0.436,0.82,0.74
769,,0.88,0.0,0.16,0.08,0.24,0.416,0.8,0.72
770,,0.86,-0.02,0.14,0.06,0.22,0.396,0.78,0.7
771,2,1.0,0.98,0.332,0.04,-0.012,0.076,0.548,0.68
772,2,1.0,1.0,0.524,0.02,-0.244,-0.244,0.316,0.66
773,6,0.768,0.68,0.292,0.0,-0.052,0.756,0.508,0.64
774,6,0.536,0.36,0.06,-0.02,0.14,1.0,0.7,0.62
775,4,0.304,0.34,0.252,0.98,0.332,0.98,0.468,0.3
776,4,0.072,0.32,0.444,1.0,0.524,0.96,0.236,-0.02
777,8,0.264,0.3,0.212,0.68,0.292,0.94,0.428,0.98
778,8,0.456,0.28,-0.02,0.36,0.06,0.92,0.62,1.0
779,3,0.436,0.472,0.98,0.552,0.04,0.688,0.3,0.768
780,3,0.416,0.664,1.0,0.744,0.02,0.456,-0.02,0.536
781,7,0.396,0.432,0.68,0.512,0.0,0.648,0.98,0.728
782,7,0.376,0.2,0.36,0.28,-0.02,0.84,1.0,0.92
783,5,0.056,-0.032,0.34,0.472,0.98,1.0,0.98,0.688
784,5,-0.264,-0.264,0.32,0.664,1.0,1.0,0.96,0.456
785,1,0.736,-0.072,0.3,0.432,0.68,0.768,0.94,0.648
786,1,1.0,0.12,0.28,0.2,0.36,0.536,0.92,0.84
787,,0.98,0.1,0.26,0.18,0.34,0.516,0.9,0.82
788,,0.96,0.08,0.24,0.16,0.32,0.496,0.88,0.8
789,,0.94,0.06,0.22,0.14,0.3,0.476,0.86,0.78
790,,0.92,0.04,0.2,0.12,0.28,0.456,0.84,0.76
791,,0.9,0.02,0.18,0.1,0.26,0.436,0.82,0.74
792,,0.88,0.0,0.16,0.08,0.24,0.416,0.8,0.72
793,,0.86,-0.02,0.14,0.06,0.22,0.396,0.78,0.7
794,2,1.0,0.98,0.332,0.04,-0.012,0.076,0.548,0.68
795,2,1.0,1.0,0.524,0.02,-0.244,-0.244,0.316,0.66
796,6,0.768,0.68,0.292,0.0,-0.052,0.756,0.508,0.64
797,6,0.536,0.36,0.06,-0.02,0.14,1.0,0.7,0.62
798,4,0.304,0.34,0.252,0.98,0.332,0.98,0.468,0.3
799,4,0.072,0.32,0.444,1.0,0.524,0.96,0.236,-0.02
800,8,0.264,0.3,0.212,0.68,0.292,0.94,0.428,0.98
801,8,0.456,0.28,-0.02,0.36,0.06,0.92,0.62,1.0
802,3,0.436,0.472,0.98,0.552,0.04,0.688,0.3,0.768
803,3,0.416,0.664,1.0,0.744,0.02,0.456,-0.02,0.536
