step,active_motive,motive_1,motive_2,motive_3,motive_4,motive_5,motive_6,motive_7,motive_8
0,,0.05568,0.05716,0.028,0.07695,0.0187,0.03237,0.04254,0.05076
1,,0.03568,0.03716,0.008,0.05695,-0.0013,0.01237,0.02254,0.03076
2,5,-0.28432,-0.19484,-0.012,0.24895,0.9987,0.20437,0.00254,-0.20124
3,5,-0.60432,-0.42684,-0.032,0.44095,1.0,0.39637,-0.01746,-0.43324
4,1,0.39568,-0.23484,-0.052,0.20895,0.68,0.16437,-0.03746,-0.24124
5,1,1.0,-0.04284,-0.072,-0.02305,0.36,-0.06763,-0.05746,-0.04924
6,3,0.98,0.14916,0.928,0.16895,0.34,-0.29963,-0.37746,-0.28124
7,3,0.96,0.34116,1.0,0.36095,0.32,-0.53163,-0.69746,-0.51324
8,7,0.94,0.10916,0.68,0.12895,0.3,-0.33963,0.30254,-0.32124
9,7,0.92,-0.12284,0.36,-0.10305,0.28,-0.14763,1.0,-0.12924
10,6,0.688,-0.44284,0.128,-0.12305,0.472,0.85237,1.0,-0.14924
11,6,0.456,-0.76284,-0.104,-0.14305,0.664,1.0,1.0,-0.16924
12,2,0.648,0.23716,0.088,-0.16305,0.432,0.68,0.768,-0.18924
13,2,0.84,1.0,0.28,-0.18305,0.2,0.36,0.536,-0.20924
14,8,1.0,0.98,0.048,-0.50305,-0.032,0.34,0.728,0.79076
15,8,1.0,0.96,-0.184,-0.82305,-0.264,0.32,0.92,1.0
16,4,0.768,0.94,0.008,0.17695,-0.072,0.3,0.688,0.68
17,4,0.536,0.92,0.2,1.0,0.12,0.28,0.456,0.36
18,,0.516,0.9,0.18,0.98,0.1,0.26,0.436,0.34
19,,0.496,0.88,0.16,0.96,0.08,0.24,0.416,0.32
20,,0.476,0.86,0.14,0.94,0.06,0.22,0.396,0.3
21,,0.456,0.84,0.12,0.92,0.04,0.2,0.376,0.28
22,,0.436,0.82,0.1,0.9,0.02,0.18,0.356,0.26
23,,0.416,0.8,0.08,0.88,0.0,0.16,0.336,0.24
24,,0.396,0.78,0.06,0.86,-0.02,0.14,0.316,0.22
25,5,0.076,0.548,0.04,1.0,0.98,0.332,0.296,-0.012
26,5,-0.244,0.316,0.02,1.0,1.0,0.524,0.276,-0.244
27,1,0.756,0.508,0.0,0.768,0.68,0.292,0.256,-0.052
28,1,1.0,0.7,-0.02,0.536,0.36,0.06,0.236,0.14
29,3,0.98,0.892,0.98,0.728,0.34,-0.172,-0.084,-0.092
30,3,0.96,1.0,1.0,0.92,0.32,-0.404,-0.404,-0.324
31,7,0.94,0.768,0.68,0.688,0.3,-0.212,0.596,-0.132
32,7,0.92,0.536,0.36,0.456,0.28,-0.02,1.0,0.06
33,6,0.688,0.216,0.128,0.436,0.472,0.98,1.0,0.04
34,6,0.456,-0.104,-0.104,0.416,0.664,1.0,1.0,0.02
35,2,0.648,0.896,0.088,0.396,0.432,0.68,0.768,0.0
36,2,0.84,1.0,0.28,0.376,0.2,0.36,0.536,-0.02
37,8,1.0,0.98,0.048,0.056,-0.032,0.34,0.728,0.98
38,8,1.0,0.96,-0.184,-0.264,-0.264,0.32,0.92,1.0
39,4,0.768,0.94,0.008,0.736,-0.072,0.3,0.688,0.68
40,4,0.536,0.92,0.2,1.0,0.12,0.28,0.456,0.36
41,,0.516,0.9,0.18,0.98,0.1,0.26,0.436,0.34
42,,0.496,0.88,0.16,0.96,0.08,0.24,0.416,0.32
43,,0.476,0.86,0.14,0.94,0.06,0.22,0.396,0.3
44,,0.456,0.84,0.12,0.92,0.04,0.2,0.376,0.28
45,,0.436,0.82,0.1,0.9,0.02,0.18,0.356,0.26
46,,0.416,0.8,0.08,0.88,0.0,0.16,0.336,0.24
47,,0.396,0.78,0.06,0.86,-0.02,0.14,0.316,0.22
48,5,0.076,0.548,0.04,1.0,0.98,0.332,0.296,-0.012
49,5,-0.244,0.316,0.02,1.0,1.0,0.524,0.276,-0.244
50,8,-0.052,0.296,-0.212,0.68,0.768,0.504,0.468,0.756
51,8,0.14,0.276,-0.444,0.36,0.536,0.484,0.66,1.0
52,3,0.12,0.468,0.556,0.552,0.516,0.252,0.34,0.768
53,3,0.1,0.66,1.0,0.744,0.496,0.02,0.02,0.536
54,,0.08,0.64,0.98,0.724,0.476,0.0,0.0,0.516
55,,0.06,0.62,0.96,0.704,0.456,-0.02,-0.02,0.496
56,7,0.04,0.388,0.64,0.472,0.436,0.172,0.98,0.688
57,7,0.02,0.156,0.32,0.24,0.416,0.364,1.0,0.88
58,,0.0,0.136,0.3,0.22,0.396,0.344,0.98,0.86
59,,-0.02,0.116,0.28,0.2,0.376,0.324,0.96,0.84
60,1,0.98,0.308,0.26,-0.032,0.056,0.092,0.94,1.0
61,1,1.0,0.5,0.24,-0.264,-0.264,-0.14,0.92,1.0
62,5,0.68,0.268,0.22,-0.072,0.736,0.052,0.9,0.768
63,5,0.36,0.036,0.2,0.12,1.0,0.244,0.88,0.536
64,,0.34,0.016,0.18,0.1,0.98,0.224,0.86,0.516
65,,0.32,-0.004,0.16,0.08,0.96,0.204,0.84,0.496
66,2,0.512,0.996,0.352,0.06,0.728,-0.116,0.608,0.476
67,2,0.704,1.0,0.544,0.04,0.496,-0.436,0.376,0.456
68,6,0.472,0.68,0.312,0.02,0.688,0.564,0.568,0.436
69,6,0.24,0.36,0.08,0.0,0.88,1.0,0.76,0.416
70,,0.22,0.34,0.06,-0.02,0.86,0.98,0.74,0.396
71,4,-0.012,0.32,0.252,0.98,1.0,0.96,0.508,0.076
72,4,-0.244,0.3,0.444,1.0,1.0,0.94,0.276,-0.244
73,8,-0.052,0.28,0.212,0.68,0.768,0.92,0.468,0.756
74,8,0.14,0.26,-0.02,0.36,0.536,0.9,0.66,1.0
75,3,0.12,0.452,0.98,0.552,0.516,0.668,0.34,0.768
76,3,0.1,0.644,1.0,0.744,0.496,0.436,0.02,0.536
77,,0.08,0.624,0.98,0.724,0.476,0.416,0.0,0.516
78,,0.06,0.604,0.96,0.704,0.456,0.396,-0.02,0.496
79,7,0.04,0.372,0.64,0.472,0.436,0.588,0.98,0.688
80,7,0.02,0.14,0.32,0.24,0.416,0.78,1.0,0.88
81,,0.0,0.12,0.3,0.22,0.396,0.76,0.98,0.86
82,,-0.02,0.1,0.28,0.2,0.376,0.74,0.96,0.84
83,1,0.98,0.292,0.26,-0.032,0.056,0.508,0.94,1.0
84,1,1.0,0.484,0.24,-0.264,-0.264,0.276,0.92,1.0
85,4,0.768,0.464,0.432,0.736,-0.072,0.256,0.688,0.68
86,4,0.536,0.444,0.624,1.0,0.12,0.236,0.456,0.36
87,,0.516,0.424,0.604,0.98,0.1,0.216,0.436,0.34
88,,0.496,0.404,0.584,0.96,0.08,0.196,0.416,0.32
89,,0.476,0.384,0.564,0.94,0.06,0.176,0.396,0.3
90,,0.456,0.364,0.544,0.92,0.04,0.156,0.376,0.28
91,,0.436,0.344,0.524,0.9,0.02,0.136,0.356,0.26
92,,0.416,0.324,0.504,0.88,0.0,0.116,0.336,0.24
93,,0.396,0.304,0.484,0.86,-0.02,0.096,0.316,0.22
94,5,0.076,0.072,0.464,1.0,0.98,0.288,0.296,-0.012
95,5,-0.244,-0.16,0.444,1.0,1.0,0.48,0.276,-0.244
96,8,-0.052,-0.18,0.212,0.68,0.768,0.46,0.468,0.756
97,8,0.14,-0.2,-0.02,0.36,0.536,0.44,0.66,1.0
98,2,0.332,0.8,0.172,0.34,0.304,0.12,0.428,0.98
99,2,0.524,1.0,0.364,0.32,0.072,-0.2,0.196,0.96
100,6,0.292,0.68,0.132,0.3,0.264,0.8,0.388,0.94
101,6,0.06,0.36,-0.1,0.28,0.456,1.0,0.58,0.92
102,3,0.04,0.552,0.9,0.472,0.436,0.768,0.26,0.688
103,3,0.02,0.744,1.0,0.664,0.416,0.536,-0.06,0.456
104,7,0.0,0.512,0.68,0.432,0.396,0.728,0.94,0.648
105,7,-0.02,0.28,0.36,0.2,0.376,0.92,1.0,0.84
106,1,0.98,0.472,0.34,-0.032,0.056,0.688,0.98,1.0
107,1,1.0,0.664,0.32,-0.264,-0.264,0.456,0.96,1.0
108,4,0.768,0.644,0.512,0.736,-0.072,0.436,0.728,0.68
109,4,0.536,0.624,0.704,1.0,0.12,0.416,0.496,0.36
110,,0.516,0.604,0.684,0.98,0.1,0.396,0.476,0.34
111,,0.496,0.584,0.664,0.96,0.08,0.376,0.456,0.32
112,,0.476,0.564,0.644,0.94,0.06,0.356,0.436,0.3
113,,0.456,0.544,0.624,0.92,0.04,0.336,0.416,0.28
114,,0.436,0.524,0.604,0.9,0.02,0.316,0.396,0.26
115,,0.416,0.504,0.584,0.88,0.0,0.296,0.376,0.24
116,,0.396,0.484,0.564,0.86,-0.02,0.276,0.356,0.22
117,5,0.076,0.252,0.544,1.0,0.98,0.468,0.336,-0.012
118,5,-0.244,0.02,0.524,1.0,1.0,0.66,0.316,-0.244
119,1,0.756,0.212,0.504,0.768,0.68,0.428,0.296,-0.052
120,1,1.0,0.404,0.484,0.536,0.36,0.196,0.276,0.14
121,,0.98,0.384,0.464,0.516,0.34,0.176,0.256,0.12
122,,0.96,0.364,0.444,0.496,0.32,0.156,0.236,0.1
123,,0.94,0.344,0.424,0.476,0.3,0.136,0.216,0.08
124,,0.92,0.324,0.404,0.456,0.28,0.116,0.196,0.06
125,,0.9,0.304,0.384,0.436,0.26,0.096,0.176,0.04
126,,0.88,0.284,0.364,0.416,0.24,0.076,0.156,0.02
127,,0.86,0.264,0.344,0.396,0.22,0.056,0.136,0.0
128,,0.84,0.244,0.324,0.376,0.2,0.036,0.116,-0.02
129,8,1.0,0.224,0.092,0.056,-0.032,0.016,0.308,0.98
130,8,1.0,0.204,-0.14,-0.264,-0.264,-0.004,0.5,1.0
131,5,0.68,-0.028,-0.16,-0.072,0.736,0.188,0.48,0.768
132,5,0.36,-0.26,-0.18,0.12,1.0,0.38,0.46,0.536
133,2,0.552,0.74,0.012,0.1,0.768,0.06,0.228,0.516
134,2,0.744,1.0,0.204,0.08,0.536,-0.26,-0.004,0.496
135,6,0.512,0.68,-0.028,0.06,0.728,0.74,0.188,0.476
136,6,0.28,0.36,-0.26,0.04,0.92,1.0,0.38,0.456
137,3,0.26,0.552,0.74,0.232,0.9,0.768,0.06,0.224
138,3,0.24,0.744,1.0,0.424,0.88,0.536,-0.26,-0.008
139,7,0.22,0.512,0.68,0.192,0.86,0.728,0.74,0.184
140,7,0.2,0.28,0.36,-0.04,0.84,0.92,1.0,0.376
141,4,-0.032,0.26,0.552,0.96,1.0,0.9,0.768,0.056
142,4,-0.264,0.24,0.744,1.0,1.0,0.88,0.536,-0.264
143,1,0.736,0.432,0.724,0.768,0.68,0.648,0.516,-0.072
144,1,1.0,0.624,0.704,0.536,0.36,0.416,0.496,0.12
145,,0.98,0.604,0.684,0.516,0.34,0.396,0.476,0.1
146,,0.96,0.584,0.664,0.496,0.32,0.376,0.456,0.08
147,,0.94,0.564,0.644,0.476,0.3,0.356,0.436,0.06
148,,0.92,0.544,0.624,0.456,0.28,0.336,0.416,0.04
149,,0.9,0.524,0.604,0.436,0.26,0.316,0.396,0.02
150,,0.88,0.504,0.584,0.416,0.24,0.296,0.376,0.0
151,,0.86,0.484,0.564,0.396,0.22,0.276,0.356,-0.02
152,8,1.0,0.464,0.332,0.076,-0.012,0.256,0.548,0.98
153,8,1.0,0.444,0.1,-0.244,-0.244,0.236,0.74,1.0
154,4,0.768,0.424,0.292,0.756,-0.052,0.216,0.508,0.68
155,4,0.536,0.404,0.484,1.0,0.14,0.196,0.276,0.36
156,,0.516,0.384,0.464,0.98,0.12,0.176,0.256,0.34
157,,0.496,0.364,0.444,0.96,0.1,0.156,0.236,0.32
158,,0.476,0.344,0.424,0.94,0.08,0.136,0.216,0.3
159,,0.456,0.324,0.404,0.92,0.06,0.116,0.196,0.28
160,,0.436,0.304,0.384,0.9,0.04,0.096,0.176,0.26
161,,0.416,0.284,0.364,0.88,0.02,0.076,0.156,0.24
162,,0.396,0.264,0.344,0.86,0.0,0.056,0.136,0.22
163,,0.376,0.244,0.324,0.84,-0.02,0.036,0.116,0.2
164,5,0.056,0.012,0.304,1.0,0.98,0.228,0.096,-0.032
165,5,-0.264,-0.22,0.284,1.0,1.0,0.42,0.076,-0.264
166,1,0.736,-0.028,0.264,0.768,0.68,0.188,0.056,-0.072
167,1,1.0,0.164,0.244,0.536,0.36,-0.044,0.036,0.12
168,6,0.768,-0.156,0.012,0.516,0.552,0.956,0.228,0.1
169,6,0.536,-0.476,-0.22,0.496,0.744,1.0,0.42,0.08
170,2,0.728,0.524,-0.028,0.476,0.512,0.68,0.188,0.06
171,2,0.92,1.0,0.164,0.456,0.28,0.36,-0.044,0.04
172,7,0.9,0.768,-0.156,0.224,0.26,0.552,0.956,0.232
173,7,0.88,0.536,-0.476,-0.008,0.24,0.744,1.0,0.424
174,3,0.86,0.728,0.524,0.184,0.22,0.512,0.68,0.192
175,3,0.84,0.92,1.0,0.376,0.2,0.28,0.36,-0.04
176,8,1.0,0.9,0.768,0.056,-0.032,0.26,0.552,0.96
177,8,1.0,0.88,0.536,-0.264,-0.264,0.24,0.744,1.0
178,4,0.768,0.86,0.728,0.736,-0.072,0.22,0.512,0.68
179,4,0.536,0.84,0.92,1.0,0.12,0.2,0.28,0.36
180,,0.516,0.82,0.9,0.98,0.1,0.18,0.26,0.34
181,,0.496,0.8,0.88,0.96,0.08,0.16,0.24,0.32
182,,0.476,0.78,0.86,0.94,0.06,0.14,0.22,0.3
183,,0.456,0.76,0.84,0.92,0.04,0.12,0.2,0.28
184,,0.436,0.74,0.82,0.9,0.02,0.1,0.18,0.26
185,,0.416,0.72,0.8,0.88,0.0,0.08,0.16,0.24
186,,0.396,0.7,0.78,0.86,-0.02,0.06,0.14,0.22
187,5,0.076,0.468,0.76,1.0,0.98,0.252,0.12,-0.012
188,5,-0.244,0.236,0.74,1.0,1.0,0.444,0.1,-0.244
189,8,-0.052,0.216,0.508,0.68,0.768,0.424,0.292,0.756
190,8,0.14,0.196,0.276,0.36,0.536,0.404,0.484,1.0
191,,0.12,0.176,0.256,0.34,0.516,0.384,0.464,0.98
192,,0.1,0.156,0.236,0.32,0.496,0.364,0.444,0.96
193,,0.08,0.136,0.216,0.3,0.476,0.344,0.424,0.94
194,,0.06,0.116,0.196,0.28,0.456,0.324,0.404,0.92
195,,0.04,0.096,0.176,0.26,0.436,0.304,0.384,0.9
196,,0.02,0.076,0.156,0.24,0.416,0.284,0.364,0.88
197,,0.0,0.056,0.136,0.22,0.396,0.264,0.344,0.86
198,,-0.02,0.036,0.116,0.2,0.376,0.244,0.324,0.84
199,1,0.98,0.228,0.096,-0.032,0.056,0.012,0.304,1.0
200,1,1.0,0.42,0.076,-0.264,-0.264,-0.22,0.284,1.0
201,5,0.68,0.188,0.056,-0.072,0.736,-0.028,0.264,0.768
202,5,0.36,-0.044,0.036,0.12,1.0,0.164,0.244,0.536
203,2,0.552,0.956,0.228,0.1,0.768,-0.156,0.012,0.516
204,2,0.744,1.0,0.42,0.08,0.536,-0.476,-0.22,0.496
205,6,0.512,0.68,0.188,0.06,0.728,0.524,-0.028,0.476
206,6,0.28,0.36,-0.044,0.04,0.92,1.0,0.164,0.456
207,3,0.26,0.552,0.956,0.232,0.9,0.768,-0.156,0.224
208,3,0.24,0.744,1.0,0.424,0.88,0.536,-0.476,-0.008
209,7,0.22,0.512,0.68,0.192,0.86,0.728,0.524,0.184
210,7,0.2,0.28,0.36,-0.04,0.84,0.92,1.0,0.376
211,4,-0.032,0.26,0.552,0.96,1.0,0.9,0.768,0.056
212,4,-0.264,0.24,0.744,1.0,1.0,0.88,0.536,-0.264
213,8,-0.072,0.22,0.512,0.68,0.768,0.86,0.728,0.736
214,8,0.12,0.2,0.28,0.36,0.536,0.84,0.92,1.0
215,,0.1,0.18,0.26,0.34,0.516,0.82,0.9,0.98
216,,0.08,0.16,0.24,0.32,0.496,0.8,0.88,0.96
217,,0.06,0.14,0.22,0.3,0.476,0.78,0.86,0.94
218,,0.04,0.12,0.2,0.28,0.456,0.76,0.84,0.92
219,,0.02,0.1,0.18,0.26,0.436,0.74,0.82,0.9
220,,0.0,0.08,0.16,0.24,0.416,0.72,0.8,0.88
221,,-0.02,0.06,0.14,0.22,0.396,0.7,0.78,0.86
222,1,0.98,0.252,0.12,-0.012,0.076,0.468,0.76,1.0
223,1,1.0,0.444,0.1,-0.244,-0.244,0.236,0.74,1.0
224,5,0.68,0.212,0.08,-0.052,0.756,0.428,0.72,0.768
225,5,0.36,-0.02,0.06,0.14,1.0,0.62,0.7,0.536
226,2,0.552,0.98,0.252,0.12,0.768,0.3,0.468,0.516
227,2,0.744,1.0,0.444,0.1,0.536,-0.02,0.236,0.496
228,6,0.512,0.68,0.212,0.08,0.728,0.98,0.428,0.476
229,6,0.28,0.36,-0.02,0.06,0.92,1.0,0.62,0.456
230,3,0.26,0.552,0.98,0.252,0.9,0.768,0.3,0.224
231,3,0.24,0.744,1.0,0.444,0.88,0.536,-0.02,-0.008
232,7,0.22,0.512,0.68,0.212,0.86,0.728,0.98,0.184
233,7,0.2,0.28,0.36,-0.02,0.84,0.92,1.0,0.376
234,4,-0.032,0.26,0.552,0.98,1.0,0.9,0.768,0.056
235,4,-0.264,0.24,0.744,1.0,1.0,0.88,0.536,-0.264
236,1,0.736,0.432,0.724,0.768,0.68,0.648,0.516,-0.072
237,1,1.0,0.624,0.704,0.536,0.36,0.416,0.496,0.12
238,,0.98,0.604,0.684,0.516,0.34,0.396,0.476,0.1
239,,0.96,0.584,0.664,0.496,0.32,0.376,0.456,0.08
240,,0.94,0.564,0.644,0.476,0.3,0.356,0.436,0.06
241,,0.92,0.544,0.624,0.456,0.28,0.336,0.416,0.04
242,,0.9,0.524,0.604,0.436,0.26,0.316,0.396,0.02
243,,0.88,0.504,0.584,0.416,0.24,0.296,0.376,0.0
244,,0.86,0.484,0.564,0.396,0.22,0.276,0.356,-0.02
245,8,1.0,0.464,0.332,0.076,-0.012,0.256,0.548,0.98
246,8,1.0,0.444,0.1,-0.244,-0.244,0.236,0.74,1.0
247,4,0.768,0.424,0.292,0.756,-0.052,0.216,0.508,0.68
248,4,0.536,0.404,0.484,1.0,0.14,0.196,0.276,0.36
249,,0.516,0.384,0.464,0.98,0.12,0.176,0.256,0.34
250,,0.496,0.364,0.444,0.96,0.1,0.156,0.236,0.32
251,,0.476,0.344,0.424,0.94,0.08,0.136,0.216,0.3
252,,0.456,0.324,0.404,0.92,0.06,0.116,0.196,0.28
253,,0.436,0.304,0.384,0.9,0.04,0.096,0.176,0.26
254,,0.416,0.284,0.364,0.88,0.02,0.076,0.156,0.24
255,,0.396,0.264,0.344,0.86,0.0,0.056,0.136,0.22
256,,0.376,0.244,0.324,0.84,-0.02,0.036,0.116,0.2
257,5,0.056,0.012,0.304,1.0,0.98,0.228,0.096,-0.032
258,5,-0.264,-0.22,0.284,1.0,1.0,0.42,0.076,-0.264
259,8,-0.072,-0.24,0.052,0.68,0.768,0.4,0.268,0.736
260,8,0.12,-0.26,-0.18,0.36,0.536,0.38,0.46,1.0
261,2,0.312,0.74,0.012,0.34,0.304,0.06,0.228,0.98
262,2,0.504,1.0,0.204,0.32,0.072,-0.26,-0.004,0.96
263,6,0.272,0.68,-0.028,0.3,0.264,0.74,0.188,0.94
264,6,0.04,0.36,-0.26,0.28,0.456,1.0,0.38,0.92
265,3,0.02,0.552,0.74,0.472,0.436,0.768,0.06,0.688
266,3,0.0,0.744,1.0,0.664,0.416,0.536,-0.26,0.456
267,7,-0.02,0.512,0.68,0.432,0.396,0.728,0.74,0.648
268,7,-0.04,0.28,0.36,0.2,0.376,0.92,1.0,0.84
269,1,0.96,0.472,0.34,-0.032,0.056,0.688,0.98,1.0
270,1,1.0,0.664,0.32,-0.264,-0.264,0.456,0.96,1.0
271,5,0.68,0.432,0.3,-0.072,0.736,0.648,0.94,0.768
272,5,0.36,0.2,0.28,0.12,1.0,0.84,0.92,0.536
273,,0.34,0.18,0.26,0.1,0.98,0.82,0.9,0.516
274,,0.32,0.16,0.24,0.08,0.96,0.8,0.88,0.496
275,,0.3,0.14,0.22,0.06,0.94,0.78,0.86,0.476
276,,0.28,0.12,0.2,0.04,0.92,0.76,0.84,0.456
277,,0.26,0.1,0.18,0.02,0.9,0.74,0.82,0.436
278,,0.24,0.08,0.16,0.0,0.88,0.72,0.8,0.416
279,,0.22,0.06,0.14,-0.02,0.86,0.7,0.78,0.396
280,4,-0.012,0.04,0.332,0.98,1.0,0.68,0.548,0.076
281,4,-0.244,0.02,0.524,1.0,1.0,0.66,0.316,-0.244
282,8,-0.052,0.0,0.292,0.68,0.768,0.64,0.508,0.756
283,8,0.14,-0.02,0.06,0.36,0.536,0.62,0.7,1.0
284,2,0.332,0.98,0.252,0.34,0.304,0.3,0.468,0.98
285,2,0.524,1.0,0.444,0.32,0.072,-0.02,0.236,0.96
286,6,0.292,0.68,0.212,0.3,0.264,0.98,0.428,0.94
287,6,0.06,0.36,-0.02,0.28,0.456,1.0,0.62,0.92
288,3,0.04,0.552,0.98,0.472,0.436,0.768,0.3,0.688
289,3,0.02,0.744,1.0,0.664,0.416,0.536,-0.02,0.456
290,7,0.0,0.512,0.68,0.432,0.396,0.728,0.98,0.648
291,7,-0.02,0.28,0.36,0.2,0.376,0.92,1.0,0.84
292,1,0.98,0.472,0.34,-0.032,0.056,0.688,0.98,1.0
293,1,1.0,0.664,0.32,-0.264,-0.264,0.456,0.96,1.0
294,4,0.768,0.644,0.512,0.736,-0.072,0.436,0.728,0.68
295,4,0.536,0.624,0.704,1.0,0.12,0.416,0.496,0.36
296,,0.516,0.604,0.684,0.98,0.1,0.396,0.476,0.34
297,,0.496,0.584,0.664,0.96,0.08,0.376,0.456,0.32
298,,0.476,0.564,0.644,0.94,0.06,0.356,0.436,0.3
299,,0.456,0.544,0.624,0.92,0.04,0.336,0.416,0.28
300,,0.436,0.524,0.604,0.9,0.02,0.316,0.396,0.26
301,,0.416,0.504,0.584,0.88,0.0,0.296,0.376,0.24
302,,0.396,0.484,0.564,0.86,-0.02,0.276,0.356,0.22
303,5,0.076,0.252,0.544,1.0,0.98,0.468,0.336,-0.012
304,5,-0.244,0.02,0.524,1.0,1.0,0.66,0.316,-0.244
305,8,-0.052,0.0,0.292,0.68,0.768,0.64,0.508,0.756
306,8,0.14,-0.02,0.06,0.36,0.536,0.62,0.7,1.0
307,2,0.332,0.98,0.252,0.34,0.304,0.3,0.468,0.98
308,2,0.524,1.0,0.444,0.32,0.072,-0.02,0.236,0.96
309,6,0.292,0.68,0.212,0.3,0.264,0.98,0.428,0.94
310,6,0.06,0.36,-0.02,0.28,0.456,1.0,0.62,0.92
311,3,0.04,0.552,0.98,0.472,0.436,0.768,0.3,0.688
312,3,0.02,0.744,1.0,0.664,0.416,0.536,-0.02,0.456
313,7,0.0,0.512,0.68,0.432,0.396,0.728,0.98,0.648
314,7,-0.02,0.28,0.36,0.2,0.376,0.92,1.0,0.84
315,1,0.98,0.472,0.34,-0.032,0.056,0.688,0.98,1.0
316,1,1.0,0.664,0.32,-0.264,-0.264,0.456,0.96,1.0
317,5,0.68,0.432,0.3,-0.072,0.736,0.648,0.94,0.768
318,5,0.36,0.2,0.28,0.12,1.0,0.84,0.92,0.536
319,,0.34,0.18,0.26,0.1,0.98,0.82,0.9,0.516
320,,0.32,0.16,0.24,0.08,0.96,0.8,0.88,0.496
321,,0.3,0.14,0.22,0.06,0.94,0.78,0.86,0.476
322,,0.28,0.12,0.2,0.04,0.92,0.76,0.84,0.456
323,,0.26,0.1,0.18,0.02,0.9,0.74,0.82,0.436
324,,0.24,0.08,0.16,0.0,0.88,0.72,0.8,0.416
325,,0.22,0.06,0.14,-0.02,0.86,0.7,0.78,0.396
326,4,-0.012,0.04,0.332,0.98,1.0,0.68,0.548,0.076
327,4,-0.244,0.02,0.524,1.0,1.0,0.66,0.316,-0.244
328,8,-0.052,0.0,0.292,0.68,0.768,0.64,0.508,0.756
329,8,0.14,-0.02,0.06,0.36,0.536,0.62,0.7,1.0
330,2,0.332,0.98,0.252,0.34,0.304,0.3,0.468,0.98
331,2,0.524,1.0,0.444,0.32,0.072,-0.02,0.236,0.96
332,6,0.292,0.68,0.212,0.3,0.264,0.98,0.428,0.94
333,6,0.06,0.36,-0.02,0.28,0.456,1.0,0.62,0.92
334,3,0.04,0.552,0.98,0.472,0.436,0.768,0.3,0.688
335,3,0.02,0.744,1.0,0.664,0.416,0.536,-0.02,0.456
336,7,0.0,0.512,0.68,0.432,0.396,0.728,0.98,0.648
337,7,-0.02,0.28,0.36,0.2,0.376,0.92,1.0,0.84
338,1,0.98,0.472,0.34,-0.032,0.056,0.688,0.98,1.0
339,1,1.0,0.664,0.32,-0.264,-0.264,0.456,0.96,1.0
340,4,0.768,0.644,0.512,0.736,-0.072,0.436,0.728,0.68
341,4,0.536,0.624,0.704,1.0,0.12,0.416,0.496,0.36
342,,0.516,0.604,0.684,0.98,0.1,0.396,0.476,0.34
343,,0.496,0.584,0.664,0.96,0.08,0.376,0.456,0.32
344,,0.476,0.564,0.644,0.94,0.06,0.356,0.436,0.3
345,,0.456,0.544,0.624,0.92,0.04,0.336,0.416,0.28
346,,0.436,0.524,0.604,0.9,0.02,0.316,0.396,0.26
347,,0.416,0.504,0.584,0.88,0.0,0.296,0.376,0.24
348,,0.396,0.484,0.564,0.86,-0.02,0.276,0.356,0.22
349,5,0.076,0.252,0.544,1.0,0.98,0.468,0.336,-0.012
350,5,-0.244,0.02,0.524,1.0,1.0,0.66,0.316,-0.244
351,1,0.756,0.212,0.504,0.768,0.68,0.428,0.296,-0.052
352,1,1.0,0.404,0.484,0.536,0.36,0.196,0.276,0.14
353,,0.98,0.384,0.464,0.516,0.34,0.176,0.256,0.12
354,,0.96,0.364,0.444,0.496,0.32,0.156,0.236,0.1
355,,0.94,0.344,0.424,0.476,0.3,0.136,0.216,0.08
356,,0.92,0.324,0.404,0.456,0.28,0.116,0.196,0.06
357,,0.9,0.304,0.384,0.436,0.26,0.096,0.176,0.04
358,,0.88,0.284,0.364,0.416,0.24,0.076,0.156,0.02
359,,0.86,0.264,0.344,0.396,0.22,0.056,0.136,0.0
360,,0.84,0.244,0.324,0.376,0.2,0.036,0.116,-0.02
361,8,1.0,0.224,0.092,0.056,-0.032,0.016,0.308,0.98
362,8,1.0,0.204,-0.14,-0.264,-0.264,-0.004,0.5,1.0
363,4,0.768,0.184,0.052,0.736,-0.072,-0.024,0.268,0.68
364,4,0.536,0.164,0.244,1.0,0.12,-0.044,0.036,0.36
365,6,0.304,-0.156,0.012,0.98,0.312,0.956,0.228,0.34
366,6,0.072,-0.476,-0.22,0.96,0.504,1.0,0.42,0.32
367,2,0.264,0.524,-0.028,0.94,0.272,0.68,0.188,0.3
368,2,0.456,1.0,0.164,0.92,0.04,0.36,-0.044,0.28
369,7,0.436,0.768,-0.156,0.688,0.02,0.552,0.956,0.472
370,7,0.416,0.536,-0.476,0.456,0.0,0.744,1.0,0.664
371,3,0.396,0.728,0.524,0.648,-0.02,0.512,0.68,0.432
372,3,0.376,0.92,1.0,0.84,-0.04,0.28,0.36,0.2
373,5,0.056,0.688,0.98,1.0,0.96,0.472,0.34,-0.032
374,5,-0.264,0.456,0.96,1.0,1.0,0.664,0.32,-0.264
375,1,0.736,0.648,0.94,0.768,0.68,0.432,0.3,-0.072
376,1,1.0,0.84,0.92,0.536,0.36,0.2,0.28,0.12
377,,0.98,0.82,0.9,0.516,0.34,0.18,0.26,0.1
378,,0.96,0.8,0.88,0.496,0.32,0.16,0.24,0.08
379,,0.94,0.78,0.86,0.476,0.3,0.14,0.22,0.06
380,,0.92,0.76,0.84,0.456,0.28,0.12,0.2,0.04
381,,0.9,0.74,0.82,0.436,0.26,0.1,0.18,0.02
382,,0.88,0.72,0.8,0.416,0.24,0.08,0.16,0.0
383,,0.86,0.7,0.78,0.396,0.22,0.06,0.14,-0.02
384,8,1.0,0.68,0.548,0.076,-0.012,0.04,0.332,0.98
385,8,1.0,0.66,0.316,-0.244,-0.244,0.02,0.524,1.0
386,4,0.768,0.64,0.508,0.756,-0.052,0.0,0.292,0.68
387,4,0.536,0.62,0.7,1.0,0.14,-0.02,0.06,0.36
388,6,0.304,0.3,0.468,0.98,0.332,0.98,0.252,0.34
389,6,0.072,-0.02,0.236,0.96,0.524,1.0,0.444,0.32
390,2,0.264,0.98,0.428,0.94,0.292,0.68,0.212,0.3
391,2,0.456,1.0,0.62,0.92,0.06,0.36,-0.02,0.28
392,7,0.436,0.768,0.3,0.688,0.04,0.552,0.98,0.472
393,7,0.416,0.536,-0.02,0.456,0.02,0.744,1.0,0.664
394,3,0.396,0.728,0.98,0.648,0.0,0.512,0.68,0.432
395,3,0.376,0.92,1.0,0.84,-0.02,0.28,0.36,0.2
396,5,0.056,0.688,0.98,1.0,0.98,0.472,0.34,-0.032
397,5,-0.264,0.456,0.96,1.0,1.0,0.664,0.32,-0.264
398,1,0.736,0.648,0.94,0.768,0.68,0.432,0.3,-0.072
399,1,1.0,0.84,0.92,0.536,0.36,0.2,0.28,0.12
400,,0.98,0.82,0.9,0.516,0.34,0.18,0.26,0.1
401,,0.96,0.8,0.88,0.496,0.32,0.16,0.24,0.08
402,,0.94,0.78,0.86,0.476,0.3,0.14,0.22,0.06
403,,0.92,0.76,0.84,0.456,0.28,0.12,0.2,0.04
404,,0.9,0.74,0.82,0.436,0.26,0.1,0.18,0.02
405,,0.88,0.72,0.8,0.416,0.24,0.08,0.16,0.0
406,,0.86,0.7,0.78,0.396,0.22,0.06,0.14,-0.02
407,8,1.0,0.68,0.548,0.076,-0.012,0.04,0.332,0.98
408,8,1.0,0.66,0.316,-0.244,-0.244,0.02,0.524,1.0
409,4,0.768,0.64,0.508,0.756,-0.052,0.0,0.292,0.68
410,4,0.536,0.62,0.7,1.0,0.14,-0.02,0.06,0.36
411,6,0.304,0.3,0.468,0.98,0.332,0.98,0.252,0.34
412,6,0.072,-0.02,0.236,0.96,0.524,1.0,0.444,0.32
413,2,0.264,0.98,0.428,0.94,0.292,0.68,0.212,0.3
414,2,0.456,1.0,0.62,0.92,0.06,0.36,-0.02,0.28
415,7,0.436,0.768,0.3,0.688,0.04,0.552,0.98,0.472
416,7,0.416,0.536,-0.02,0.456,0.02,0.744,1.0,0.664
417,3,0.396,0.728,0.98,0.648,0.0,0.512,0.68,0.432
418,3,0.376,0.92,1.0,0.84,-0.02,0.28,0.36,0.2
419,5,0.056,0.688,0.98,1.0,0.98,0.472,0.34,-0.032
420,5,-0.264,0.456,0.96,1.0,1.0,0.664,0.32,-0.264
421,1,0.736,0.648,0.94,0.768,0.68,0.432,0.3,-0.072
422,1,1.0,0.84,0.92,0.536,0.36,0.2,0.28,0.12
423,,0.98,0.82,0.9,0.516,0.34,0.18,0.26,0.1
424,,0.96,0.8,0.88,0.496,0.32,0.16,0.24,0.08
425,,0.94,0.78,0.86,0.476,0.3,0.14,0.22,0.06
426,,0.92,0.76,0.84,0.456,0.28,0.12,0.2,0.04
427,,0.9,0.74,0.82,0.436,0.26,0.1,0.18,0.02
428,,0.88,0.72,0.8,0.416,0.24,0.08,0.16,0.0
429,,0.86,0.7,0.78,0.396,0.22,0.06,0.14,-0.02
430,8,1.0,0.68,0.548,0.076,-0.012,0.04,0.332,0.98
431,8,1.0,0.66,0.316,-0.244,-0.244,0.02,0.524,1.0
432,5,0.68,0.428,0.296,-0.052,0.756,0.212,0.504,0.768
433,5,0.36,0.196,0.276,0.14,1.0,0.404,0.484,0.536
434,,0.34,0.176,0.256,0.12,0.98,0.384,0.464,0.516
435,,0.32,0.156,0.236,0.1,0.96,0.364,0.444,0.496
436,,0.3,0.136,0.216,0.08,0.94,0.344,0.424,0.476
437,,0.28,0.116,0.196,0.06,0.92,0.324,0.404,0.456
438,,0.26,0.096,0.176,0.04,0.9,0.304,0.384,0.436
439,,0.24,0.076,0.156,0.02,0.88,0.284,0.364,0.416
440,,0.22,0.056,0.136,0.0,0.86,0.264,0.344,0.396
441,,0.2,0.036,0.116,-0.02,0.84,0.244,0.324,0.376
442,4,-0.032,0.016,0.308,0.98,1.0,0.224,0.092,0.056
443,4,-0.264,-0.004,0.5,1.0,1.0,0.204,-0.14,-0.264
444,8,-0.072,-0.024,0.268,0.68,0.768,0.184,0.052,0.736
445,8,0.12,-0.044,0.036,0.36,0.536,0.164,0.244,1.0
446,2,0.312,0.956,0.228,0.34,0.304,-0.156,0.012,0.98
447,2,0.504,1.0,0.42,0.32,0.072,-0.476,-0.22,0.96
448,6,0.272,0.68,0.188,0.3,0.264,0.524,-0.028,0.94
449,6,0.04,0.36,-0.044,0.28,0.456,1.0,0.164,0.92
450,3,0.02,0.552,0.956,0.472,0.436,0.768,-0.156,0.688
451,3,0.0,0.744,1.0,0.664,0.416,0.536,-0.476,0.456
452,7,-0.02,0.512,0.68,0.432,0.396,0.728,0.524,0.648
453,7,-0.04,0.28,0.36,0.2,0.376,0.92,1.0,0.84
454,1,0.96,0.472,0.34,-0.032,0.056,0.688,0.98,1.0
455,1,1.0,0.664,0.32,-0.264,-0.264,0.456,0.96,1.0
456,4,0.768,0.644,0.512,0.736,-0.072,0.436,0.728,0.68
457,4,0.536,0.624,0.704,1.0,0.12,0.416,0.496,0.36
458,,0.516,0.604,0.684,0.98,0.1,0.396,0.476,0.34
459,,0.496,0.584,0.664,0.96,0.08,0.376,0.456,0.32
460,,0.476,0.564,0.644,0.94,0.06,0.356,0.436,0.3
461,,0.456,0.544,0.624,0.92,0.04,0.336,0.416,0.28
462,,0.436,0.524,0.604,0.9,0.02,0.316,0.396,0.26
463,,0.416,0.504,0.584,0.88,0.0,0.296,0.376,0.24
464,,0.396,0.484,0.564,0.86,-0.02,0.276,0.356,0.22
465,5,0.076,0.252,0.544,1.0,0.98,0.468,0.336,-0.012
466,5,-0.244,0.02,0.524,1.0,1.0,0.66,0.316,-0.244
467,1,0.756,0.212,0.504,0.768,0.68,0.428,0.296,-0.052
468,1,1.0,0.404,0.484,0.536,0.36,0.196,0.276,0.14
469,,0.98,0.384,0.464,0.516,0.34,0.176,0.256,0.12
470,,0.96,0.364,0.444,0.496,0.32,0.156,0.236,0.1
471,,0.94,0.344,0.424,0.476,0.3,0.136,0.216,0.08
472,,0.92,0.324,0.404,0.456,0.28,0.116,0.196,0.06
473,,0.9,0.304,0.384,0.436,0.26,0.096,0.176,0.04
474,,0.88,0.284,0.364,0.416,0.24,0.076,0.156,0.02
475,,0.86,0.264,0.344,0.396,0.22,0.056,0.136,0.0
476,,0.84,0.244,0.324,0.376,0.2,0.036,0.116,-0.02
477,8,1.0,0.224,0.092,0.056,-0.032,0.016,0.308,0.98
478,8,1.0,0.204,-0.14,-0.264,-0.264,-0.004,0.5,1.0
479,5,0.68,-0.028,-0.16,-0.072,0.736,0.188,0.48,0.768
480,5,0.36,-0.26,-0.18,0.12,1.0,0.38,0.46,0.536
481,2,0.552,0.74,0.012,0.1,0.768,0.06,0.228,0.516
482,2,0.744,1.0,0.204,0.08,0.536,-0.26,-0.004,0.496
483,6,0.512,0.68,-0.028,0.06,0.728,0.74,0.188,0.476
484,6,0.28,0.36,-0.26,0.04,0.92,1.0,0.38,0.456
485,3,0.26,0.552,0.74,0.232,0.9,0.768,0.06,0.224
486,3,0.24,0.744,1.0,0.424,0.88,0.536,-0.26,-0.008
487,7,0.22,0.512,0.68,0.192,0.86,0.728,0.74,0.184
488,7,0.2,0.28,0.36,-0.04,0.84,0.92,1.0,0.376
489,4,-0.032,0.26,0.552,0.96,1.0,0.9,0.768,0.056
490,4,-0.264,0.24,0.744,1.0,1.0,0.88,0.536,-0.264
491,1,0.736,0.432,0.724,0.768,0.68,0.648,0.516,-0.072
492,1,1.0,0.624,0.704,0.536,0.36,0.416,0.496,0.12
493,,0.98,0.604,0.684,0.516,0.34,0.396,0.476,0.1
494,,0.96,0.584,0.664,0.496,0.32,0.376,0.456,0.08
495,,0.94,0.564,0.644,0.476,0.3,0.356,0.436,0.06
496,,0.92,0.544,0.624,0.456,0.28,0.336,0.416,0.04
497,,0.9,0.524,0.604,0.436,0.26,0.316,0.396,0.02
498,,0.88,0.504,0.584,0.416,0.24,0.296,0.376,0.0
499,,0.86,0.484,0.564,0.396,0.22,0.276,0.356,-0.02
500,8,1.0,0.464,0.332,0.076,-0.012,0.256,0.548,0.98
501,8,1.0,0.444,0.1,-0.244,-0.244,0.236,0.74,1.0
502,4,0.768,0.424,0.292,0.756,-0.052,0.216,0.508,0.68
503,4,0.536,0.404,0.484,1.0,0.14,0.196,0.276,0.36
504,,0.516,0.384,0.464,0.98,0.12,0.176,0.256,0.34
505,,0.496,0.364,0.444,0.96,0.1,0.156,0.236,0.32
506,,0.476,0.344,0.424,0.94,0.08,0.136,0.216,0.3
507,,0.456,0.324,0.404,0.92,0.06,0.116,0.196,0.28
508,,0.436,0.304,0.384,0.9,0.04,0.096,0.176,0.26
509,,0.416,0.284,0.364,0.88,0.02,0.076,0.156,0.24
510,,0.396,0.264,0.344,0.86,0.0,0.056,0.136,0.22
511,,0.376,0.244,0.324,0.84,-0.02,0.036,0.116,0.2
512,5,0.056,0.012,0.304,1.0,0.98,0.228,0.096,-0.032
513,5,-0.264,-0.22,0.284,1.0,1.0,0.42,0.076,-0.264
514,1,0.736,-0.028,0.264,0.768,0.68,0.188,0.056,-0.072
515,1,1.0,0.164,0.244,0.536,0.36,-0.044,0.036,0.12
516,6,0.768,-0.156,0.012,0.516,0.552,0.956,0.228,0.1
517,6,0.536,-0.476,-0.22,0.496,0.744,1.0,0.42,0.08
518,2,0.728,0.524,-0.028,0.476,0.512,0.68,0.188,0.06
519,2,0.92,1.0,0.164,0.456,0.28,0.36,-0.044,0.04
520,7,0.9,0.768,-0.156,0.224,0.26,0.552,0.956,0.232
521,7,0.88,0.536,-0.476,-0.008,0.24,0.744,1.0,0.424
522,3,0.86,0.728,0.524,0.184,0.22,0.512,0.68,0.192
523,3,0.84,0.92,1.0,0.376,0.2,0.28,0.36,-0.04
524,8,1.0,0.9,0.768,0.056,-0.032,0.26,0.552,0.96
525,8,1.0,0.88,0.536,-0.264,-0.264,0.24,0.744,1.0
526,5,0.68,0.648,0.516,-0.072,0.736,0.432,0.724,0.768
527,5,0.36,0.416,0.496,0.12,1.0,0.624,0.704,0.536
528,,0.34,0.396,0.476,0.1,0.98,0.604,0.684,0.516
529,,0.32,0.376,0.456,0.08,0.96,0.584,0.664,0.496
530,,0.3,0.356,0.436,0.06,0.94,0.564,0.644,0.476
531,,0.28,0.336,0.416,0.04,0.92,0.544,0.624,0.456
532,,0.26,0.316,0.396,0.02,0.9,0.524,0.604,0.436
533,,0.24,0.296,0.376,0.0,0.88,0.504,0.584,0.416
534,,0.22,0.276,0.356,-0.02,0.86,0.484,0.564,0.396
535,4,-0.012,0.256,0.548,0.98,1.0,0.464,0.332,0.076
536,4,-0.244,0.236,0.74,1.0,1.0,0.444,0.1,-0.244
537,8,-0.052,0.216,0.508,0.68,0.768,0.424,0.292,0.756
538,8,0.14,0.196,0.276,0.36,0.536,0.404,0.484,1.0
539,,0.12,0.176,0.256,0.34,0.516,0.384,0.464,0.98
540,,0.1,0.156,0.236,0.32,0.496,0.364,0.444,0.96
541,,0.08,0.136,0.216,0.3,0.476,0.344,0.424,0.94
542,,0.06,0.116,0.196,0.28,0.456,0.324,0.404,0.92
543,,0.04,0.096,0.176,0.26,0.436,0.304,0.384,0.9
544,,0.02,0.076,0.156,0.24,0.416,0.284,0.364,0.88
545,,0.0,0.056,0.136,0.22,0.396,0.264,0.344,0.86
546,,-0.02,0.036,0.116,0.2,0.376,0.244,0.324,0.84
547,1,0.98,0.228,0.096,-0.032,0.056,0.012,0.304,1.0
548,1,1.0,0.42,0.076,-0.264,-0.264,-0.22,0.284,1.0
549,5,0.68,0.188,0.056,-0.072,0.736,-0.028,0.264,0.768
550,5,0.36,-0.044,0.036,0.12,1.0,0.164,0.244,0.536
551,2,0.552,0.956,0.228,0.1,0.768,-0.156,0.012,0.516
552,2,0.744,1.0,0.42,0.08,0.536,-0.476,-0.22,0.496
553,6,0.512,0.68,0.188,0.06,0.728,0.524,-0.028,0.476
554,6,0.28,0.36,-0.044,0.04,0.92,1.0,0.164,0.456
555,3,0.26,0.552,0.956,0.232,0.9,0.768,-0.156,0.224
556,3,0.24,0.744,1.0,0.424,0.88,0.536,-0.476,-0.008
557,7,0.22,0.512,0.68,0.192,0.86,0.728,0.524,0.184
558,7,0.2,0.28,0.36,-0.04,0.84,0.92,1.0,0.376
559,4,-0.032,0.26,0.552,0.96,1.0,0.9,0.768,0.056
560,4,-0.264,0.24,0.744,1.0,1.0,0.88,0.536,-0.264
561,8,-0.072,0.22,0.512,0.68,0.768,0.86,0.728,0.736
562,8,0.12,0.2,0.28,0.36,0.536,0.84,0.92,1.0
563,,0.1,0.18,0.26,0.34,0.516,0.82,0.9,0.98
564,,0.08,0.16,0.24,0.32,0.496,0.8,0.88,0.96
565,,0.06,0.14,0.22,0.3,0.476,0.78,0.86,0.94
566,,0.04,0.12,0.2,0.28,0.456,0.76,0.84,0.92
567,,0.02,0.1,0.18,0.26,0.436,0.74,0.82,0.9
568,,0.0,0.08,0.16,0.24,0.416,0.72,0.8,0.88
569,,-0.02,0.06,0.14,0.22,0.396,0.7,0.78,0.86
570,1,0.98,0.252,0.12,-0.012,0.076,0.468,0.76,1.0
571,1,1.0,0.444,0.1,-0.244,-0.244,0.236,0.74,1.0
572,5,0.68,0.212,0.08,-0.052,0.756,0.428,0.72,0.768
573,5,0.36,-0.02,0.06,0.14,1.0,0.62,0.7,0.536
574,2,0.552,0.98,0.252,0.12,0.768,0.3,0.468,0.516
575,2,0.744,1.0,0.444,0.1,0.536,-0.02,0.236,0.496
576,6,0.512,0.68,0.212,0.08,0.728,0.98,0.428,0.476
577,6,0.28,0.36,-0.02,0.06,0.92,1.0,0.62,0.456
578,3,0.26,0.552,0.98,0.252,0.9,0.768,0.3,0.224
579,3,0.24,0.744,1.0,0.444,0.88,0.536,-0.02,-0.008
580,7,0.22,0.512,0.68,0.212,0.86,0.728,0.98,0.184
581,7,0.2,0.28,0.36,-0.02,0.84,0.92,1.0,0.376
582,4,-0.032,0.26,0.552,0.98,1.0,0.9,0.768,0.056
583,4,-0.264,0.24,0.744,1.0,1.0,0.88,0.536,-0.264
584,1,0.736,0.432,0.724,0.768,0.68,0.648,0.516,-0.072
585,1,1.0,0.624,0.704,0.536,0.36,0.416,0.496,0.12
586,,0.98,0.604,0.684,0.516,0.34,0.396,0.476,0.1
587,,0.96,0.584,0.664,0.496,0.32,0.376,0.456,0.08
588,,0.94,0.564,0.644,0.476,0.3,0.356,0.436,0.06
589,,0.92,0.544,0.624,0.456,0.28,0.336,0.416,0.04
590,,0.9,0.524,0.604,0.436,0.26,0.316,0.396,0.02
591,,0.88,0.504,0.584,0.416,0.24,0.296,0.376,0.0
592,,0.86,0.484,0.564,0.396,0.22,0.276,0.356,-0.02
593,8,1.0,0.464,0.332,0.076,-0.012,0.256,0.548,0.98
594,8,1.0,0.444,0.1,-0.244,-0.244,0.236,0.74,1.0
595,5,0.68,0.212,0.08,-0.052,0.756,0.428,0.72,0.768
596,5,0.36,-0.02,0.06,0.14,1.0,0.62,0.7,0.536
597,2,0.552,0.98,0.252,0.12,0.768,0.3,0.468,0.516
598,2,0.744,1.0,0.444,0.1,0.536,-0.02,0.236,0.496
599,6,0.512,0.68,0.212,0.08,0.728,0.98,0.428,0.476
600,6,0.28,0.36,-0.02,0.06,0.92,1.0,0.62,0.456
601,3,0.26,0.552,0.98,0.252,0.9,0.768,0.3,0.224
602,3,0.24,0.744,1.0,0.444,0.88,0.536,-0.02,-0.008
603,7,0.22,0.512,0.68,0.212,0.86,0.728,0.98,0.184
604,7,0.2,0.28,0.36,-0.02,0.84,0.92,1.0,0.376
605,4,-0.032,0.26,0.552,0.98,1.0,0.9,0.768,0.056
606,4,-0.264,0.24,0.744,1.0,1.0,0.88,0.536,-0.264
607,1,0.736,0.432,0.724,0.768,0.68,0.648,0.516,-0.072
608,1,1.0,0.624,0.704,0.536,0.36,0.416,0.496,0.12
609,,0.98,0.604,0.684,0.516,0.34,0.396,0.476,0.1
610,,0.96,0.584,0.664,0.496,0.32,0.376,0.456,0.08
611,,0.94,0.564,0.644,0.476,0.3,0.356,0.436,0.06
612,,0.92,0.544,0.624,0.456,0.28,0.336,0.416,0.04
613,,0.9,0.524,0.604,0.436,0.26,0.316,0.396,0.02
614,,0.88,0.504,0.584,0.416,0.24,0.296,0.376,0.0
615,,0.86,0.484,0.564,0.396,0.22,0.276,0.356,-0.02
616,8,1.0,0.464,0.332,0.076,-0.012,0.256,0.548,0.98
617,8,1.0,0.444,0.1,-0.244,-0.244,0.236,0.74,1.0
618,4,0.768,0.424,0.292,0.756,-0.052,0.216,0.508,0.68
619,4,0.536,0.404,0.484,1.0,0.14,0.196,0.276,0.36
620,,0.516,0.384,0.464,0.98,0.12,0.176,0.256,0.34
621,,0.496,0.364,0.444,0.96,0.1,0.156,0.236,0.32
622,,0.476,0.344,0.424,0.94,0.08,0.136,0.216,0.3
623,,0.456,0.324,0.404,0.92,0.06,0.116,0.196,0.28
624,,0.436,0.304,0.384,0.9,0.04,0.096,0.176,0.26
625,,0.416,0.284,0.364,0.88,0.02,0.076,0.156,0.24
626,,0.396,0.264,0.344,0.86,0.0,0.056,0.136,0.22
627,,0.376,0.244,0.324,0.84,-0.02,0.036,0.116,0.2
628,5,0.056,0.012,0.304,1.0,0.98,0.228,0.096,-0.032
629,5,-0.264,-0.22,0.284,1.0,1.0,0.42,0.076,-0.264
630,8,-0.072,-0.24,0.052,0.68,0.768,0.4,0.268,0.736
631,8,0.12,-0.26,-0.18,0.36,0.536,0.38,0.46,1.0
632,2,0.312,0.74,0.012,0.34,0.304,0.06,0.228,0.98
633,2,0.504,1.0,0.204,0.32,0.072,-0.26,-0.004,0.96
634,6,0.272,0.68,-0.028,0.3,0.264,0.74,0.188,0.94
635,6,0.04,0.36,-0.26,0.28,0.456,1.0,0.38,0.92
636,3,0.02,0.552,0.74,0.472,0.436,0.768,0.06,0.688
637,3,0.0,0.744,1.0,0.664,0.416,0.536,-0.26,0.456
638,7,-0.02,0.512,0.68,0.432,0.396,0.728,0.74,0.648
639,7,-0.04,0.28,0.36,0.2,0.376,0.92,1.0,0.84
640,1,0.96,0.472,0.34,-0.032,0.056,0.688,0.98,1.0
641,1,1.0,0.664,0.32,-0.264,-0.264,0.456,0.96,1.0
642,5,0.68,0.432,0.3,-0.072,0.736,0.648,0.94,0.768
643,5,0.36,0.2,0.28,0.12,1.0,0.84,0.92,0.536
644,,0.34,0.18,0.26,0.1,0.98,0.82,0.9,0.516
645,,0.32,0.16,0.24,0.08,0.96,0.8,0.88,0.496
646,,0.3,0.14,0.22,0.06,0.94,0.78,0.86,0.476
647,,0.28,0.12,0.2,0.04,0.92,0.76,0.84,0.456
648,,0.26,0.1,0.18,0.02,0.9,0.74,0.82,0.436
649,,0.24,0.08,0.16,0.0,0.88,0.72,0.8,0.416
650,,0.22,0.06,0.14,-0.02,0.86,0.7,0.78,0.396
651,4,-0.012,0.04,0.332,0.98,1.0,0.68,0.548,0.076
652,4,-0.244,0.02,0.524,1.0,1.0,0.66,0.316,-0.244
653,1,0.756,0.212,0.504,0.768,0.68,0.428,0.296,-0.052
654,1,1.0,0.404,0.484,0.536,0.36,0.196,0.276,0.14
655,,0.98,0.384,0.464,0.516,0.34,0.176,0.256,0.12
656,,0.96,0.364,0.444,0.496,0.32,0.156,0.236,0.1
657,,0.94,0.344,0.424,0.476,0.3,0.136,0.216,0.08
658,,0.92,0.324,0.404,0.456,0.28,0.116,0.196,0.06
659,,0.9,0.304,0.384,0.436,0.26,0.096,0.176,0.04
660,,0.88,0.284,0.364,0.416,0.24,0.076,0.156,0.02
661,,0.86,0.264,0.344,0.396,0.22,0.056,0.136,0.0
662,,0.84,0.244,0.324,0.376,0.2,0.036,0.116,-0.02
663,8,1.0,0.224,0.092,0.056,-0.032,0.016,0.308,0.98
664,8,1.0,0.204,-0.14,-0.264,-0.264,-0.004,0.5,1.0
665,4,0.768,0.184,0.052,0.736,-0.072,-0.024,0.268,0.68
666,4,0.536,0.164,0.244,1.0,0.12,-0.044,0.036,0.36
667,6,0.304,-0.156,0.012,0.98,0.312,0.956,0.228,0.34
668,6,0.072,-0.476,-0.22,0.96,0.504,1.0,0.42,0.32
669,2,0.264,0.524,-0.028,0.94,0.272,0.68,0.188,0.3
670,2,0.456,1.0,0.164,0.92,0.04,0.36,-0.044,0.28
671,7,0.436,0.768,-0.156,0.688,0.02,0.552,0.956,0.472
672,7,0.416,0.536,-0.476,0.456,0.0,0.744,1.0,0.664
673,3,0.396,0.728,0.524,0.648,-0.02,0.512,0.68,0.432
674,3,0.376,0.92,1.0,0.84,-0.04,0.28,0.36,0.2
675,5,0.056,0.688,0.98,1.0,0.96,0.472,0.34,-0.032
676,5,-0.264,0.456,0.96,1.0,1.0,0.664,0.32,-0.264
677,1,0.736,0.648,0.94,0.768,0.68,0.432,0.3,-0.072
678,1,1.0,0.84,0.92,0.536,0.36,0.2,0.28,0.12
679,,0.98,0.82,0.9,0.516,0.34,0.18,0.26,0.1
680,,0.96,0.8,0.88,0.496,0.32,0.16,0.24,0.08
681,,0.94,0.78,0.86,0.476,0.3,0.14,0.22,0.06
682,,0.92,0.76,0.84,0.456,0.28,0.12,0.2,0.04
683,,0.9,0.74,0.82,0.436,0.26,0.1,0.18,0.02
684,,0.88,0.72,0.8,0.416,0.24,0.08,0.16,0.0
685,,0.86,0.7,0.78,0.396,0.22,0.06,0.14,-0.02
686,8,1.0,0.68,0.548,0.076,-0.012,0.04,0.332,0.98
687,8,1.0,0.66,0.316,-0.244,-0.244,0.02,0.524,1.0
688,5,0.68,0.428,0.296,-0.052,0.756,0.212,0.504,0.768
689,5,0.36,0.196,0.276,0.14,1.0,0.404,0.484,0.536
690,,0.34,0.176,0.256,0.12,0.98,0.384,0.464,0.516
691,,0.32,0.156,0.236,0.1,0.96,0.364,0.444,0.496
692,,0.3,0.136,0.216,0.08,0.94,0.344,0.424,0.476
693,,0.28,0.116,0.196,0.06,0.92,0.324,0.404,0.456
694,,0.26,0.096,0.176,0.04,0.9,0.304,0.384,0.436
695,,0.24,0.076,0.156,0.02,0.88,0.284,0.364,0.416
696,,0.22,0.056,0.136,0.0,0.86,0.264,0.344,0.396
697,,0.2,0.036,0.116,-0.02,0.84,0.244,0.324,0.376
698,4,-0.032,0.016,0.308,0.98,1.0,0.224,0.092,0.056
699,4,-0.264,-0.004,0.5,1.0,1.0,0.204,-0.14,-0.264
700,8,-0.072,-0.024,0.268,0.68,0.768,0.184,0.052,0.736
701,8,0.12,-0.044,0.036,0.36,0.536,0.164,0.244,1.0
702,2,0.312,0.956,0.228,0.34,0.304,-0.156,0.012,0.98
703,2,0.504,1.0,0.42,0.32,0.072,-0.476,-0.22,0.96
704,6,0.272,0.68,0.188,0.3,0.264,0.524,-0.028,0.94
705,6,0.04,0.36,-0.044,0.28,0.456,1.0,0.164,0.92
706,3,0.02,0.552,0.956,0.472,0.436,0.768,-0.156,0.688
707,3,0.0,0.744,1.0,0.664,0.416,0.536,-0.476,0.456
708,7,-0.02,0.512,0.68,0.432,0.396,0.728,0.524,0.648
709,7,-0.04,0.28,0.36,0.2,0.376,0.92,1.0,0.84
710,1,0.96,0.472,0.34,-0.032,0.056,0.688,0.98,1.0
711,1,1.0,0.664,0.32,-0.264,-0.264,0.456,0.96,1.0
712,5,0.68,0.432,0.3,-0.072,0.736,0.648,0.94,0.768
713,5,0.36,0.2,0.28,0.12,1.0,0.84,0.92,0.536
714,,0.34,0.18,0.26,0.1,0.98,0.82,0.9,0.516
715,,0.32,0.16,0.24,0.08,0.96,0.8,0.88,0.496
716,,0.3,0.14,0.22,0.06,0.94,0.78,0.86,0.476
717,,0.28,0.12,0.2,0.04,0.92,0.76,0.84,0.456
718,,0.26,0.1,0.18,0.02,0.9,0.74,0.82,0.436
719,,0.24,0.08,0.16,0.0,0.88,0.72,0.8,0.416
720,,0.22,0.06,0.14,-0.02,0.86,0.7,0.78,0.396
721,4,-0.012,0.04,0.332,0.98,1.0,0.68,0.548,0.076
722,4,-0.244,0.02,0.524,1.0,1.0,0.66,0.316,-0.244
723,8,-0.052,0.0,0.292,0.68,0.768,0.64,0.508,0.756
724,8,0.14,-0.02,0.06,0.36,0.536,0.62,0.7,1.0
725,2,0.332,0.98,0.252,0.34,0.304,0.3,0.468,0.98
726,2,0.524,1.0,0.444,0.32,0.072,-0.02,0.236,0.96
727,6,0.292,0.68,0.212,0.3,0.264,0.98,0.428,0.94
728,6,0.06,0.36,-0.02,0.28,0.456,1.0,0.62,0.92
729,3,0.04,0.552,0.98,0.472,0.436,0.768,0.3,0.688
730,3,0.02,0.744,1.0,0.664,0.416,0.536,-0.02,0.456
731,7,0.0,0.512,0.68,0.432,0.396,0.728,0.98,0.648
732,7,-0.02,0.28,0.36,0.2,0.376,0.92,1.0,0.84
733,1,0.98,0.472,0.34,-0.032,0.056,0.688,0.98,1.0
734,1,1.0,0.664,0.32,-0.264,-0.264,0.456,0.96,1.0
735,5,0.68,0.432,0.3,-0.072,0.736,0.648,0.94,0.768
736,5,0.36,0.2,0.28,0.12,1.0,0.84,0.92,0.536
737,,0.34,0.18,0.26,0.1,0.98,0.82,0.9,0.516
738,,0.32,0.16,0.24,0.08,0.96,0.8,0.88,0.496
739,,0.3,0.14,0.22,0.06,0.94,0.78,0.86,0.476
740,,0.28,0.12,0.2,0.04,0.92,0.76,0.84,0.456
741,,0.26,0.1,0.18,0.02,0.9,0.74,0.82,0.436
742,,0.24,0.08,0.16,0.0,0.88,0.72,0.8,0.416
743,,0.22,0.06,0.14,-0.02,0.86,0.7,0.78,0.396
744,4,-0.012,0.04,0.332,0.98,1.0,0.68,0.548,0.076
745,4,-0.244,0.02,0.524,1.0,1.0,0.66,0.316,-0.244
746,1,0.756,0.212,0.504,0.768,0.68,0.428,0.296,-0.052
747,1,1.0,0.404,0.484,0.536,0.36,0.196,0.276,0.14
748,,0.98,0.384,0.464,0.516,0.34,0.176,0.256,0.12
749,,0.96,0.364,0.444,0.496,0.32,0.156,0.236,0.1
750,,0.94,0.344,0.424,0.476,0.3,0.136,0.216,0.08
751,,0.92,0.324,0.404,0.456,0.28,0.116,0.196,0.06
752,,0.9,0.304,0.384,0.436,0.26,0.096,0.176,0.04
753,,0.88,0.284,0.364,0.416,0.24,0.076,0.156,0.02
754,,0.86,0.264,0.344,0.396,0.22,0.056,0.136,0.0
755,,0.84,0.244,0.324,0.376,0.2,0.036,0.116,-0.02
756,8,1.0,0.224,0.092,0.056,-0.032,0.016,0.308,0.98
757,8,1.0,0.204,-0.14,-0.264,-0.264,-0.004,0.5,1.0
758,5,0.68,-0.028,-0.16,-0.072,0.736,0.188,0.48,0.768
759,5,0.36,-0.26,-0.18,0.12,1.0,0.38,0.46,0.536
760,2,0.552,0.74,0.012,0.1,0.768,0.06,0.228,0.516
761,2,0.744,1.0,0.204,0.08,0.536,-0.26,-0.004,0.496
762,6,0.512,0.68,-0.028,0.06,0.728,0.74,0.188,0.476
763,6,0.28,0.36,-0.26,0.04,0.92,1.0,0.38,0.456
764,3,0.26,0.552,0.74,0.232,0.9,0.768,0.06,0.224
765,3,0.24,0.744,1.0,0.424,0.88,0.536,-0.26,-0.008
766,7,0.22,0.512,0.68,0.192,0.86,0.728,0.74,0.184
767,7,0.2,0.28,0.36,-0.04,0.84,0.92,1.0,0.376
768,4,-0.032,0.26,0.552,0.96,1.0,0.9,0.768,0.056
769,4,-0.264,0.24,0.744,1.0,1.0,0.88,0.536,-0.264
770,1,0.736,0.432,0.724,0.768,0.68,0.648,0.516,-0.072
771,1,1.0,0.624,0.704,0.536,0.36,0.416,0.496,0.12
772,,0.98,0.604,0.684,0.516,0.34,0.396,0.476,0.1
773,,0.96,0.584,0.664,0.496,0.32,0.376,0.456,0.08
774,,0.94,0.564,0.644,0.476,0.3,0.356,0.436,0.06
775,,0.92,0.544,0.624,0.456,0.28,0.336,0.416,0.04
776,,0.9,0.524,0.604,0.436,0.26,0.316,0.396,0.02
777,,0.88,0.504,0.584,0.416,0.24,0.296,0.376,0.0
778,,0.86,0.484,0.564,0.396,0.22,0.276,0.356,-0.02
779,8,1.0,0.464,0.332,0.076,-0.012,0.256,0.548,0.98
780,8,1.0,0.444,0.1,-0.244,-0.244,0.236,0.74,1.0
781,4,0.768,0.424,0.292,0.756,-0.052,0.216,0.508,0.68
782,4,0.536,0.404,0.484,1.0,0.14,0.196,0.276,0.36
783,,0.516,0.384,0.464,0.98,0.12,0.176,0.256,0.34
784,,0.496,0.364,0.444,0.96,0.1,0.156,0.236,0.32
785,,0.476,0.344,0.424,0.94,0.08,0.136,0.216,0.3
786,,0.456,0.324,0.404,0.92,0.06,0.116,0.196,0.28
787,,0.436,0.304,0.384,0.9,0.04,0.096,0.176,0.26
788,,0.416,0.284,0.364,0.88,0.02,0.076,0.156,0.24
789,,0.396,0.264,0.344,0.86,0.0,0.056,0.136,0.22
790,,0.376,0.244,0.324,0.84,-0.02,0.036,0.116,0.2
791,5,0.056,0.012,0.304,1.0,0.98,0.228,0.096,-0.032
792,5,-0.264,-0.22,0.284,1.0,1.0,0.42,0.076,-0.264
793,1,0.736,-0.028,0.264,0.768,0.68,0.188,0.056,-0.072
794,1,1.0,0.164,0.244,0.536,0.36,-0.044,0.036,0.12
795,6,0.768,-0.156,0.012,0.516,0.552,0.956,0.228,0.1
796,6,0.536,-0.476,-0.22,0.496,0.744,1.0,0.42,0.08
797,2,0.728,0.524,-0.028,0.476,0.512,0.68,0.188,0.06
798,2,0.92,1.0,0.164,0.456,0.28,0.36,-0.044,0.04
799,7,0.9,0.768,-0.156,0.224,0.26,0.552,0.956,0.232
800,7,0.88,0.536,-0.476,-0.008,0.24,0.744,1.0,0.424
801,3,0.86,0.728,0.524,0.184,0.22,0.512,0.68,0.192
802,3,0.84,0.92,1.0,0.376,0.2,0.28,0.36,-0.04
803,8,1.0,0.9,0.768,0.056,-0.032,0.26,0.552,0.96
804,8,1.0,0.88,0.536,-0.264,-0.264,0.24,0.744,1.0
805,5,0.68,0.648,0.516,-0.072,0.736,0.432,0.724,0.768
