step,active_motive,motive_1,motive_2,motive_3,motive_4,motive_5,motive_6,motive_7,motive_8
0,,0.03745,0.09507,0.0732,0.05987,0.0156,0.0156,0.00581,0.08662
1,,0.01745,0.07507,0.0532,0.03987,-0.0044,-0.0044,-0.01419,0.06662
2,7,-0.00255,-0.15693,-0.2668,-0.19213,-0.0244,0.1876,0.98581,0.25862
3,7,-0.02255,-0.38893,-0.5868,-0.42413,-0.0444,0.3796,1.0,0.45062
4,3,-0.04255,-0.19693,0.4132,-0.23213,-0.0644,0.1476,0.68,0.21862
5,3,-0.06255,-0.00493,1.0,-0.04013,-0.0844,-0.0844,0.36,-0.01338
6,6,-0.29455,-0.32493,0.768,-0.06013,0.1076,0.9156,0.552,-0.03338
7,6,-0.52655,-0.64493,0.536,-0.08013,0.2996,1.0,0.744,-0.05338
8,2,-0.33455,0.35507,0.728,-0.10013,0.0676,0.68,0.512,-0.07338
9,2,-0.14255,1.0,0.92,-0.12013,-0.1644,0.36,0.28,-0.09338
10,5,-0.46255,0.768,0.9,0.07187,0.8356,0.552,0.26,-0.32538
11,5,-0.78255,0.536,0.88,0.26387,1.0,0.744,0.24,-0.55738
12,1,0.21745,0.728,0.86,0.03187,0.68,0.512,0.22,-0.36538
13,1,1.0,0.92,0.84,-0.20013,0.36,0.28,0.2,-0.17338
14,4,0.768,0.9,1.0,0.79987,0.552,0.26,-0.032,-0.49338
15,4,0.536,0.88,1.0,1.0,0.744,0.24,-0.264,-0.81338
16,8,0.728,0.86,0.768,0.68,0.512,0.22,-0.072,0.18662
17,8,0.92,0.84,0.536,0.36,0.28,0.2,0.12,1.0
18,,0.9,0.82,0.516,0.34,0.26,0.18,0.1,0.98
19,,0.88,0.8,0.496,0.32,0.24,0.16,0.08,0.96
20,,0.86,0.78,0.476,0.3,0.22,0.14,0.06,0.94
21,,0.84,0.76,0.456,0.28,0.2,0.12,0.04,0.92
22,,0.82,0.74,0.436,0.26,0.18,0.1,0.02,0.9
23,,0.8,0.72,0.416,0.24,0.16,0.08,0.0,0.88
24,,0.78,0.7,0.396,0.22,0.14,0.06,-0.02,0.86
25,7,0.76,0.468,0.076,-0.012,0.12,0.252,0.98,1.0
26,7,0.74,0.236,-0.244,-0.244,0.1,0.444,1.0,1.0
27,4,0.508,0.216,-0.052,0.756,0.292,0.424,0.768,0.68
28,4,0.276,0.196,0.14,1.0,0.484,0.404,0.536,0.36
29,,0.256,0.176,0.12,0.98,0.464,0.384,0.516,0.34
30,,0.236,0.156,0.1,0.96,0.444,0.364,0.496,0.32
31,,0.216,0.136,0.08,0.94,0.424,0.344,0.476,0.3
32,,0.196,0.116,0.06,0.92,0.404,0.324,0.456,0.28
33,,0.176,0.096,0.04,0.9,0.384,0.304,0.436,0.26
34,,0.156,0.076,0.02,0.88,0.364,0.284,0.416,0.24
35,,0.136,0.056,0.0,0.86,0.344,0.264,0.396,0.22
36,,0.116,0.036,-0.02,0.84,0.324,0.244,0.376,0.2
37,3,0.096,0.228,0.98,1.0,0.304,0.012,0.056,-0.032
38,3,0.076,0.42,1.0,1.0,0.284,-0.22,-0.264,-0.264
39,8,0.268,0.4,0.768,0.68,0.052,-0.24,-0.072,0.736
40,8,0.46,0.38,0.536,0.36,-0.18,-0.26,0.12,1.0
41,6,0.228,0.06,0.304,0.34,0.012,0.74,0.312,0.98
42,6,-0.004,-0.26,0.072,0.32,0.204,1.0,0.504,0.96
43,2,0.188,0.74,0.264,0.3,-0.028,0.68,0.272,0.94
44,2,0.38,1.0,0.456,0.28,-0.26,0.36,0.04,0.92
45,5,0.06,0.768,0.436,0.472,0.74,0.552,0.02,0.688
46,5,-0.26,0.536,0.416,0.664,1.0,0.744,0.0,0.456
47,1,0.74,0.728,0.396,0.432,0.68,0.512,-0.02,0.648
48,1,1.0,0.92,0.376,0.2,0.36,0.28,-0.04,0.84
49,7,0.98,0.688,0.056,-0.032,0.34,0.472,0.96,1.0
50,7,0.96,0.456,-0.264,-0.264,0.32,0.664,1.0,1.0
51,3,0.94,0.648,0.736,-0.072,0.3,0.432,0.68,0.768
52,3,0.92,0.84,1.0,0.12,0.28,0.2,0.36,0.536
53,,0.9,0.82,0.98,0.1,0.26,0.18,0.34,0.516
54,,0.88,0.8,0.96,0.08,0.24,0.16,0.32,0.496
55,,0.86,0.78,0.94,0.06,0.22,0.14,0.3,0.476
56,,0.84,0.76,0.92,0.04,0.2,0.12,0.28,0.456
57,,0.82,0.74,0.9,0.02,0.18,0.1,0.26,0.436
58,,0.8,0.72,0.88,0.0,0.16,0.08,0.24,0.416
59,,0.78,0.7,0.86,-0.02,0.14,0.06,0.22,0.396
60,4,0.548,0.68,1.0,0.98,0.332,0.04,-0.012,0.076
61,4,0.316,0.66,1.0,1.0,0.524,0.02,-0.244,-0.244
62,8,0.508,0.64,0.768,0.68,0.292,0.0,-0.052,0.756
63,8,0.7,0.62,0.536,0.36,0.06,-0.02,0.14,1.0
64,6,0.468,0.3,0.304,0.34,0.252,0.98,0.332,0.98
65,6,0.236,-0.02,0.072,0.32,0.444,1.0,0.524,0.96
66,2,0.428,0.98,0.264,0.3,0.212,0.68,0.292,0.94
67,2,0.62,1.0,0.456,0.28,-0.02,0.36,0.06,0.92
68,5,0.3,0.768,0.436,0.472,0.98,0.552,0.04,0.688
69,5,-0.02,0.536,0.416,0.664,1.0,0.744,0.02,0.456
70,1,0.98,0.728,0.396,0.432,0.68,0.512,0.0,0.648
71,1,1.0,0.92,0.376,0.2,0.36,0.28,-0.02,0.84
72,7,0.98,0.688,0.056,-0.032,0.34,0.472,0.98,1.0
73,7,0.96,0.456,-0.264,-0.264,0.32,0.664,1.0,1.0
74,3,0.94,0.648,0.736,-0.072,0.3,0.432,0.68,0.768
75,3,0.92,0.84,1.0,0.12,0.28,0.2,0.36,0.536
76,,0.9,0.82,0.98,0.1,0.26,0.18,0.34,0.516
77,,0.88,0.8,0.96,0.08,0.24,0.16,0.32,0.496
78,,0.86,0.78,0.94,0.06,0.22,0.14,0.3,0.476
79,,0.84,0.76,0.92,0.04,0.2,0.12,0.28,0.456
80,,0.82,0.74,0.9,0.02,0.18,0.1,0.26,0.436
81,,0.8,0.72,0.88,0.0,0.16,0.08,0.24,0.416
82,,0.78,0.7,0.86,-0.02,0.14,0.06,0.22,0.396
83,4,0.548,0.68,1.0,0.98,0.332,0.04,-0.012,0.076
84,4,0.316,0.66,1.0,1.0,0.524,0.02,-0.244,-0.244
85,8,0.508,0.64,0.768,0.68,0.292,0.0,-0.052,0.756
86,8,0.7,0.62,0.536,0.36,0.06,-0.02,0.14,1.0
87,6,0.468,0.3,0.304,0.34,0.252,0.98,0.332,0.98
88,6,0.236,-0.02,0.072,0.32,0.444,1.0,0.524,0.96
89,2,0.428,0.98,0.264,0.3,0.212,0.68,0.292,0.94
90,2,0.62,1.0,0.456,0.28,-0.02,0.36,0.06,0.92
91,5,0.3,0.768,0.436,0.472,0.98,0.552,0.04,0.688
92,5,-0.02,0.536,0.416,0.664,1.0,0.744,0.02,0.456
93,1,0.98,0.728,0.396,0.432,0.68,0.512,0.0,0.648
94,1,1.0,0.92,0.376,0.2,0.36,0.28,-0.02,0.84
95,7,0.98,0.688,0.056,-0.032,0.34,0.472,0.98,1.0
96,7,0.96,0.456,-0.264,-0.264,0.32,0.664,1.0,1.0
97,4,0.728,0.436,-0.072,0.736,0.512,0.644,0.768,0.68
98,4,0.496,0.416,0.12,1.0,0.704,0.624,0.536,0.36
99,,0.476,0.396,0.1,0.98,0.684,0.604,0.516,0.34
100,,0.456,0.376,0.08,0.96,0.664,0.584,0.496,0.32
101,,0.436,0.356,0.06,0.94,0.644,0.564,0.476,0.3
102,,0.416,0.336,0.04,0.92,0.624,0.544,0.456,0.28
103,,0.396,0.316,0.02,0.9,0.604,0.524,0.436,0.26
104,,0.376,0.296,0.0,0.88,0.584,0.504,0.416,0.24
105,,0.356,0.276,-0.02,0.86,0.564,0.484,0.396,0.22
106,3,0.336,0.468,0.98,1.0,0.544,0.252,0.076,-0.012
107,3,0.316,0.66,1.0,1.0,0.524,0.02,-0.244,-0.244
108,8,0.508,0.64,0.768,0.68,0.292,0.0,-0.052,0.756
109,8,0.7,0.62,0.536,0.36,0.06,-0.02,0.14,1.0
110,6,0.468,0.3,0.304,0.34,0.252,0.98,0.332,0.98
111,6,0.236,-0.02,0.072,0.32,0.444,1.0,0.524,0.96
112,2,0.428,0.98,0.264,0.3,0.212,0.68,0.292,0.94
113,2,0.62,1.0,0.456,0.28,-0.02,0.36,0.06,0.92
114,5,0.3,0.768,0.436,0.472,0.98,0.552,0.04,0.688
115,5,-0.02,0.536,0.416,0.664,1.0,0.744,0.02,0.456
116,1,0.98,0.728,0.396,0.432,0.68,0.512,0.0,0.648
117,1,1.0,0.92,0.376,0.2,0.36,0.28,-0.02,0.84
118,7,0.98,0.688,0.056,-0.032,0.34,0.472,0.98,1.0
119,7,0.96,0.456,-0.264,-0.264,0.32,0.664,1.0,1.0
120,4,0.728,0.436,-0.072,0.736,0.512,0.644,0.768,0.68
121,4,0.496,0.416,0.12,1.0,0.704,0.624,0.536,0.36
122,,0.476,0.396,0.1,0.98,0.684,0.604,0.516,0.34
123,,0.456,0.376,0.08,0.96,0.664,0.584,0.496,0.32
124,,0.436,0.356,0.06,0.94,0.644,0.564,0.476,0.3
125,,0.416,0.336,0.04,0.92,0.624,0.544,0.456,0.28
126,,0.396,0.316,0.02,0.9,0.604,0.524,0.436,0.26
127,,0.376,0.296,0.0,0.88,0.584,0.504,0.416,0.24
128,,0.356,0.276,-0.02,0.86,0.564,0.484,0.396,0.22
129,3,0.336,0.468,0.98,1.0,0.544,0.252,0.076,-0.012
130,3,0.316,0.66,1.0,1.0,0.524,0.02,-0.244,-0.244
131,8,0.508,0.64,0.768,0.68,0.292,0.0,-0.052,0.756
132,8,0.7,0.62,0.536,0.36,0.06,-0.02,0.14,1.0
133,6,0.468,0.3,0.304,0.34,0.252,0.98,0.332,0.98
134,6,0.236,-0.02,0.072,0.32,0.444,1.0,0.524,0.96
135,2,0.428,0.98,0.264,0.3,0.212,0.68,0.292,0.94
136,2,0.62,1.0,0.456,0.28,-0.02,0.36,0.06,0.92
137,5,0.3,0.768,0.436,0.472,0.98,0.552,0.04,0.688
138,5,-0.02,0.536,0.416,0.664,1.0,0.744,0.02,0.456
139,1,0.98,0.728,0.396,0.432,0.68,0.512,0.0,0.648
140,1,1.0,0.92,0.376,0.2,0.36,0.28,-0.02,0.84
141,7,0.98,0.688,0.056,-0.032,0.34,0.472,0.98,1.0
142,7,0.96,0.456,-0.264,-0.264,0.32,0.664,1.0,1.0
143,4,0.728,0.436,-0.072,0.736,0.512,0.644,0.768,0.68
144,4,0.496,0.416,0.12,1.0,0.704,0.624,0.536,0.36
145,,0.476,0.396,0.1,0.98,0.684,0.604,0.516,0.34
146,,0.456,0.376,0.08,0.96,0.664,0.584,0.496,0.32
147,,0.436,0.356,0.06,0.94,0.644,0.564,0.476,0.3
148,,0.416,0.336,0.04,0.92,0.624,0.544,0.456,0.28
149,,0.396,0.316,0.02,0.9,0.604,0.524,0.436,0.26
150,,0.376,0.296,0.0,0.88,0.584,0.504,0.416,0.24
151,,0.356,0.276,-0.02,0.86,0.564,0.484,0.396,0.22
152,3,0.336,0.468,0.98,1.0,0.544,0.252,0.076,-0.012
153,3,0.316,0.66,1.0,1.0,0.524,0.02,-0.244,-0.244
154,8,0.508,0.64,0.768,0.68,0.292,0.0,-0.052,0.756
155,8,0.7,0.62,0.536,0.36,0.06,-0.02,0.14,1.0
156,6,0.468,0.3,0.304,0.34,0.252,0.98,0.332,0.98
157,6,0.236,-0.02,0.072,0.32,0.444,1.0,0.524,0.96
158,2,0.428,0.98,0.264,0.3,0.212,0.68,0.292,0.94
159,2,0.62,1.0,0.456,0.28,-0.02,0.36,0.06,0.92
160,5,0.3,0.768,0.436,0.472,0.98,0.552,0.04,0.688
161,5,-0.02,0.536,0.416,0.664,1.0,0.744,0.02,0.456
162,1,0.98,0.728,0.396,0.432,0.68,0.512,0.0,0.648
163,1,1.0,0.92,0.376,0.2,0.36,0.28,-0.02,0.84
164,7,0.98,0.688,0.056,-0.032,0.34,0.472,0.98,1.0
165,7,0.96,0.456,-0.264,-0.264,0.32,0.664,1.0,1.0
166,4,0.728,0.436,-0.072,0.736,0.512,0.644,0.768,0.68
167,4,0.496,0.416,0.12,1.0,0.704,0.624,0.536,0.36
168,,0.476,0.396,0.1,0.98,0.684,0.604,0.516,0.34
169,,0.456,0.376,0.08,0.96,0.664,0.584,0.496,0.32
170,,0.436,0.356,0.06,0.94,0.644,0.564,0.476,0.3
171,,0.416,0.336,0.04,0.92,0.624,0.544,0.456,0.28
172,,0.396,0.316,0.02,0.9,0.604,0.524,0.436,0.26
173,,0.376,0.296,0.0,0.88,0.584,0.504,0.416,0.24
174,,0.356,0.276,-0.02,0.86,0.564,0.484,0.396,0.22
175,3,0.336,0.468,0.98,1.0,0.544,0.252,0.076,-0.012
176,3,0.316,0.66,1.0,1.0,0.524,0.02,-0.244,-0.244
177,7,0.296,0.428,0.68,0.768,0.504,0.212,0.756,-0.052
178,7,0.276,0.196,0.36,0.536,0.484,0.404,1.0,0.14
179,,0.256,0.176,0.34,0.516,0.464,0.384,0.98,0.12
180,,0.236,0.156,0.32,0.496,0.444,0.364,0.96,0.1
181,,0.216,0.136,0.3,0.476,0.424,0.344,0.94,0.08
182,,0.196,0.116,0.28,0.456,0.404,0.324,0.92,0.06
183,,0.176,0.096,0.26,0.436,0.384,0.304,0.9,0.04
184,,0.156,0.076,0.24,0.416,0.364,0.284,0.88,0.02
185,,0.136,0.056,0.22,0.396,0.344,0.264,0.86,0.0
186,,0.116,0.036,0.2,0.376,0.324,0.244,0.84,-0.02
187,8,0.308,0.016,-0.032,0.056,0.092,0.224,1.0,0.98
188,8,0.5,-0.004,-0.264,-0.264,-0.14,0.204,1.0,1.0
189,3,0.48,0.188,0.736,-0.072,-0.16,-0.028,0.68,0.768
190,3,0.46,0.38,1.0,0.12,-0.18,-0.26,0.36,0.536
191,6,0.228,0.06,0.768,0.1,0.012,0.74,0.552,0.516
192,6,-0.004,-0.26,0.536,0.08,0.204,1.0,0.744,0.496
193,2,0.188,0.74,0.728,0.06,-0.028,0.68,0.512,0.476
194,2,0.38,1.0,0.92,0.04,-0.26,0.36,0.28,0.456
195,5,0.06,0.768,0.9,0.232,0.74,0.552,0.26,0.224
196,5,-0.26,0.536,0.88,0.424,1.0,0.744,0.24,-0.008
197,1,0.74,0.728,0.86,0.192,0.68,0.512,0.22,0.184
198,1,1.0,0.92,0.84,-0.04,0.36,0.28,0.2,0.376
199,4,0.768,0.9,1.0,0.96,0.552,0.26,-0.032,0.056
200,4,0.536,0.88,1.0,1.0,0.744,0.24,-0.264,-0.264
201,8,0.728,0.86,0.768,0.68,0.512,0.22,-0.072,0.736
202,8,0.92,0.84,0.536,0.36,0.28,0.2,0.12,1.0
203,,0.9,0.82,0.516,0.34,0.26,0.18,0.1,0.98
204,,0.88,0.8,0.496,0.32,0.24,0.16,0.08,0.96
205,,0.86,0.78,0.476,0.3,0.22,0.14,0.06,0.94
206,,0.84,0.76,0.456,0.28,0.2,0.12,0.04,0.92
207,,0.82,0.74,0.436,0.26,0.18,0.1,0.02,0.9
208,,0.8,0.72,0.416,0.24,0.16,0.08,0.0,0.88
209,,0.78,0.7,0.396,0.22,0.14,0.06,-0.02,0.86
210,7,0.76,0.468,0.076,-0.012,0.12,0.252,0.98,1.0
211,7,0.74,0.236,-0.244,-0.244,0.1,0.444,1.0,1.0
212,4,0.508,0.216,-0.052,0.756,0.292,0.424,0.768,0.68
213,4,0.276,0.196,0.14,1.0,0.484,0.404,0.536,0.36
214,,0.256,0.176,0.12,0.98,0.464,0.384,0.516,0.34
215,,0.236,0.156,0.1,0.96,0.444,0.364,0.496,0.32
216,,0.216,0.136,0.08,0.94,0.424,0.344,0.476,0.3
217,,0.196,0.116,0.06,0.92,0.404,0.324,0.456,0.28
218,,0.176,0.096,0.04,0.9,0.384,0.304,0.436,0.26
219,,0.156,0.076,0.02,0.88,0.364,0.284,0.416,0.24
220,,0.136,0.056,0.0,0.86,0.344,0.264,0.396,0.22
221,,0.116,0.036,-0.02,0.84,0.324,0.244,0.376,0.2
222,3,0.096,0.228,0.98,1.0,0.304,0.012,0.056,-0.032
223,3,0.076,0.42,1.0,1.0,0.284,-0.22,-0.264,-0.264
224,8,0.268,0.4,0.768,0.68,0.052,-0.24,-0.072,0.736
225,8,0.46,0.38,0.536,0.36,-0.18,-0.26,0.12,1.0
226,6,0.228,0.06,0.304,0.34,0.012,0.74,0.312,0.98
227,6,-0.004,-0.26,0.072,0.32,0.204,1.0,0.504,0.96
228,2,0.188,0.74,0.264,0.3,-0.028,0.68,0.272,0.94
229,2,0.38,1.0,0.456,0.28,-0.26,0.36,0.04,0.92
230,5,0.06,0.768,0.436,0.472,0.74,0.552,0.02,0.688
231,5,-0.26,0.536,0.416,0.664,1.0,0.744,0.0,0.456
232,1,0.74,0.728,0.396,0.432,0.68,0.512,-0.02,0.648
233,1,1.0,0.92,0.376,0.2,0.36,0.28,-0.04,0.84
234,7,0.98,0.688,0.056,-0.032,0.34,0.472,0.96,1.0
235,7,0.96,0.456,-0.264,-0.264,0.32,0.664,1.0,1.0
236,3,0.94,0.648,0.736,-0.072,0.3,0.432,0.68,0.768
237,3,0.92,0.84,1.0,0.12,0.28,0.2,0.36,0.536
238,,0.9,0.82,0.98,0.1,0.26,0.18,0.34,0.516
239,,0.88,0.8,0.96,0.08,0.24,0.16,0.32,0.496
240,,0.86,0.78,0.94,0.06,0.22,0.14,0.3,0.476
241,,0.84,0.76,0.92,0.04,0.2,0.12,0.28,0.456
242,,0.82,0.74,0.9,0.02,0.18,0.1,0.26,0.436
243,,0.8,0.72,0.88,0.0,0.16,0.08,0.24,0.416
244,,0.78,0.7,0.86,-0.02,0.14,0.06,0.22,0.396
245,4,0.548,0.68,1.0,0.98,0.332,0.04,-0.012,0.076
246,4,0.316,0.66,1.0,1.0,0.524,0.02,-0.244,-0.244
247,8,0.508,0.64,0.768,0.68,0.292,0.0,-0.052,0.756
248,8,0.7,0.62,0.536,0.36,0.06,-0.02,0.14,1.0
249,6,0.468,0.3,0.304,0.34,0.252,0.98,0.332,0.98
250,6,0.236,-0.02,0.072,0.32,0.444,1.0,0.524,0.96
251,2,0.428,0.98,0.264,0.3,0.212,0.68,0.292,0.94
252,2,0.62,1.0,0.456,0.28,-0.02,0.36,0.06,0.92
253,5,0.3,0.768,0.436,0.472,0.98,0.552,0.04,0.688
254,5,-0.02,0.536,0.416,0.664,1.0,0.744,0.02,0.456
255,1,0.98,0.728,0.396,0.432,0.68,0.512,0.0,0.648
256,1,1.0,0.92,0.376,0.2,0.36,0.28,-0.02,0.84
257,7,0.98,0.688,0.056,-0.032,0.34,0.472,0.98,1.0
258,7,0.96,0.456,-0.264,-0.264,0.32,0.664,1.0,1.0
259,3,0.94,0.648,0.736,-0.072,0.3,0.432,0.68,0.768
260,3,0.92,0.84,1.0,0.12,0.28,0.2,0.36,0.536
261,,0.9,0.82,0.98,0.1,0.26,0.18,0.34,0.516
262,,0.88,0.8,0.96,0.08,0.24,0.16,0.32,0.496
263,,0.86,0.78,0.94,0.06,0.22,0.14,0.3,0.476
264,,0.84,0.76,0.92,0.04,0.2,0.12,0.28,0.456
265,,0.82,0.74,0.9,0.02,0.18,0.1,0.26,0.436
266,,0.8,0.72,0.88,0.0,0.16,0.08,0.24,0.416
267,,0.78,0.7,0.86,-0.02,0.14,0.06,0.22,0.396
268,4,0.548,0.68,1.0,0.98,0.332,0.04,-0.012,0.076
269,4,0.316,0.66,1.0,1.0,0.524,0.02,-0.244,-0.244
270,7,0.296,0.428,0.68,0.768,0.504,0.212,0.756,-0.052
271,7,0.276,0.196,0.36,0.536,0.484,0.404,1.0,0.14
272,,0.256,0.176,0.34,0.516,0.464,0.384,0.98,0.12
273,,0.236,0.156,0.32,0.496,0.444,0.364,0.96,0.1
274,,0.216,0.136,0.3,0.476,0.424,0.344,0.94,0.08
275,,0.196,0.116,0.28,0.456,0.404,0.324,0.92,0.06
276,,0.176,0.096,0.26,0.436,0.384,0.304,0.9,0.04
277,,0.156,0.076,0.24,0.416,0.364,0.284,0.88,0.02
278,,0.136,0.056,0.22,0.396,0.344,0.264,0.86,0.0
279,,0.116,0.036,0.2,0.376,0.324,0.244,0.84,-0.02
280,8,0.308,0.016,-0.032,0.056,0.092,0.224,1.0,0.98
281,8,0.5,-0.004,-0.264,-0.264,-0.14,0.204,1.0,1.0
282,3,0.48,0.188,0.736,-0.072,-0.16,-0.028,0.68,0.768
283,3,0.46,0.38,1.0,0.12,-0.18,-0.26,0.36,0.536
284,6,0.228,0.06,0.768,0.1,0.012,0.74,0.552,0.516
285,6,-0.004,-0.26,0.536,0.08,0.204,1.0,0.744,0.496
286,2,0.188,0.74,0.728,0.06,-0.028,0.68,0.512,0.476
287,2,0.38,1.0,0.92,0.04,-0.26,0.36,0.28,0.456
288,5,0.06,0.768,0.9,0.232,0.74,0.552,0.26,0.224
289,5,-0.26,0.536,0.88,0.424,1.0,0.744,0.24,-0.008
290,1,0.74,0.728,0.86,0.192,0.68,0.512,0.22,0.184
291,1,1.0,0.92,0.84,-0.04,0.36,0.28,0.2,0.376
292,4,0.768,0.9,1.0,0.96,0.552,0.26,-0.032,0.056
293,4,0.536,0.88,1.0,1.0,0.744,0.24,-0.264,-0.264
294,7,0.516,0.648,0.68,0.768,0.724,0.432,0.736,-0.072
295,7,0.496,0.416,0.36,0.536,0.704,0.624,1.0,0.12
296,,0.476,0.396,0.34,0.516,0.684,0.604,0.98,0.1
297,,0.456,0.376,0.32,0.496,0.664,0.584,0.96,0.08
298,,0.436,0.356,0.3,0.476,0.644,0.564,0.94,0.06
299,,0.416,0.336,0.28,0.456,0.624,0.544,0.92,0.04
300,,0.396,0.316,0.26,0.436,0.604,0.524,0.9,0.02
301,,0.376,0.296,0.24,0.416,0.584,0.504,0.88,0.0
302,,0.356,0.276,0.22,0.396,0.564,0.484,0.86,-0.02
303,8,0.548,0.256,-0.012,0.076,0.332,0.464,1.0,0.98
304,8,0.74,0.236,-0.244,-0.244,0.1,0.444,1.0,1.0
305,3,0.72,0.428,0.756,-0.052,0.08,0.212,0.68,0.768
306,3,0.7,0.62,1.0,0.14,0.06,-0.02,0.36,0.536
307,6,0.468,0.3,0.768,0.12,0.252,0.98,0.552,0.516
308,6,0.236,-0.02,0.536,0.1,0.444,1.0,0.744,0.496
309,2,0.428,0.98,0.728,0.08,0.212,0.68,0.512,0.476
310,2,0.62,1.0,0.92,0.06,-0.02,0.36,0.28,0.456
311,5,0.3,0.768,0.9,0.252,0.98,0.552,0.26,0.224
312,5,-0.02,0.536,0.88,0.444,1.0,0.744,0.24,-0.008
313,1,0.98,0.728,0.86,0.212,0.68,0.512,0.22,0.184
314,1,1.0,0.92,0.84,-0.02,0.36,0.28,0.2,0.376
315,4,0.768,0.9,1.0,0.98,0.552,0.26,-0.032,0.056
316,4,0.536,0.88,1.0,1.0,0.744,0.24,-0.264,-0.264
317,8,0.728,0.86,0.768,0.68,0.512,0.22,-0.072,0.736
318,8,0.92,0.84,0.536,0.36,0.28,0.2,0.12,1.0
319,,0.9,0.82,0.516,0.34,0.26,0.18,0.1,0.98
320,,0.88,0.8,0.496,0.32,0.24,0.16,0.08,0.96
321,,0.86,0.78,0.476,0.3,0.22,0.14,0.06,0.94
322,,0.84,0.76,0.456,0.28,0.2,0.12,0.04,0.92
323,,0.82,0.74,0.436,0.26,0.18,0.1,0.02,0.9
324,,0.8,0.72,0.416,0.24,0.16,0.08,0.0,0.88
325,,0.78,0.7,0.396,0.22,0.14,0.06,-0.02,0.86
326,7,0.76,0.468,0.076,-0.012,0.12,0.252,0.98,1.0
327,7,0.74,0.236,-0.244,-0.244,0.1,0.444,1.0,1.0
328,4,0.508,0.216,-0.052,0.756,0.292,0.424,0.768,0.68
329,4,0.276,0.196,0.14,1.0,0.484,0.404,0.536,0.36
330,,0.256,0.176,0.12,0.98,0.464,0.384,0.516,0.34
331,,0.236,0.156,0.1,0.96,0.444,0.364,0.496,0.32
332,,0.216,0.136,0.08,0.94,0.424,0.344,0.476,0.3
333,,0.196,0.116,0.06,0.92,0.404,0.324,0.456,0.28
334,,0.176,0.096,0.04,0.9,0.384,0.304,0.436,0.26
335,,0.156,0.076,0.02,0.88,0.364,0.284,0.416,0.24
336,,0.136,0.056,0.0,0.86,0.344,0.264,0.396,0.22
337,,0.116,0.036,-0.02,0.84,0.324,0.244,0.376,0.2
338,3,0.096,0.228,0.98,1.0,0.304,0.012,0.056,-0.032
339,3,0.076,0.42,1.0,1.0,0.284,-0.22,-0.264,-0.264
340,8,0.268,0.4,0.768,0.68,0.052,-0.24,-0.072,0.736
341,8,0.46,0.38,0.536,0.36,-0.18,-0.26,0.12,1.0
342,6,0.228,0.06,0.304,0.34,0.012,0.74,0.312,0.98
343,6,-0.004,-0.26,0.072,0.32,0.204,1.0,0.504,0.96
344,2,0.188,0.74,0.264,0.3,-0.028,0.68,0.272,0.94
345,2,0.38,1.0,0.456,0.28,-0.26,0.36,0.04,0.92
346,5,0.06,0.768,0.436,0.472,0.74,0.552,0.02,0.688
347,5,-0.26,0.536,0.416,0.664,1.0,0.744,0.0,0.456
348,1,0.74,0.728,0.396,0.432,0.68,0.512,-0.02,0.648
349,1,1.0,0.92,0.376,0.2,0.36,0.28,-0.04,0.84
350,7,0.98,0.688,0.056,-0.032,0.34,0.472,0.96,1.0
351,7,0.96,0.456,-0.264,-0.264,0.32,0.664,1.0,1.0
352,4,0.728,0.436,-0.072,0.736,0.512,0.644,0.768,0.68
353,4,0.496,0.416,0.12,1.0,0.704,0.624,0.536,0.36
354,,0.476,0.396,0.1,0.98,0.684,0.604,0.516,0.34
355,,0.456,0.376,0.08,0.96,0.664,0.584,0.496,0.32
356,,0.436,0.356,0.06,0.94,0.644,0.564,0.476,0.3
357,,0.416,0.336,0.04,0.92,0.624,0.544,0.456,0.28
358,,0.396,0.316,0.02,0.9,0.604,0.524,0.436,0.26
359,,0.376,0.296,0.0,0.88,0.584,0.504,0.416,0.24
360,,0.356,0.276,-0.02,0.86,0.564,0.484,0.396,0.22
361,3,0.336,0.468,0.98,1.0,0.544,0.252,0.076,-0.012
362,3,0.316,0.66,1.0,1.0,0.524,0.02,-0.244,-0.244
363,8,0.508,0.64,0.768,0.68,0.292,0.0,-0.052,0.756
364,8,0.7,0.62,0.536,0.36,0.06,-0.02,0.14,1.0
365,6,0.468,0.3,0.304,0.34,0.252,0.98,0.332,0.98
366,6,0.236,-0.02,0.072,0.32,0.444,1.0,0.524,0.96
367,2,0.428,0.98,0.264,0.3,0.212,0.68,0.292,0.94
368,2,0.62,1.0,0.456,0.28,-0.02,0.36,0.06,0.92
369,5,0.3,0.768,0.436,0.472,0.98,0.552,0.04,0.688
370,5,-0.02,0.536,0.416,0.664,1.0,0.744,0.02,0.456
371,1,0.98,0.728,0.396,0.432,0.68,0.512,0.0,0.648
372,1,1.0,0.92,0.376,0.2,0.36,0.28,-0.02,0.84
373,7,0.98,0.688,0.056,-0.032,0.34,0.472,0.98,1.0
374,7,0.96,0.456,-0.264,-0.264,0.32,0.664,1.0,1.0
375,3,0.94,0.648,0.736,-0.072,0.3,0.432,0.68,0.768
376,3,0.92,0.84,1.0,0.12,0.28,0.2,0.36,0.536
377,,0.9,0.82,0.98,0.1,0.26,0.18,0.34,0.516
378,,0.88,0.8,0.96,0.08,0.24,0.16,0.32,0.496
379,,0.86,0.78,0.94,0.06,0.22,0.14,0.3,0.476
380,,0.84,0.76,0.92,0.04,0.2,0.12,0.28,0.456
381,,0.82,0.74,0.9,0.02,0.18,0.1,0.26,0.436
382,,0.8,0.72,0.88,0.0,0.16,0.08,0.24,0.416
383,,0.78,0.7,0.86,-0.02,0.14,0.06,0.22,0.396
384,4,0.548,0.68,1.0,0.98,0.332,0.04,-0.012,0.076
385,4,0.316,0.66,1.0,1.0,0.524,0.02,-0.244,-0.244
386,8,0.508,0.64,0.768,0.68,0.292,0.0,-0.052,0.756
387,8,0.7,0.62,0.536,0.36,0.06,-0.02,0.14,1.0
388,6,0.468,0.3,0.304,0.34,0.252,0.98,0.332,0.98
389,6,0.236,-0.02,0.072,0.32,0.444,1.0,0.524,0.96
390,2,0.428,0.98,0.264,0.3,0.212,0.68,0.292,0.94
391,2,0.62,1.0,0.456,0.28,-0.02,0.36,0.06,0.92
392,5,0.3,0.768,0.436,0.472,0.98,0.552,0.04,0.688
393,5,-0.02,0.536,0.416,0.664,1.0,0.744,0.02,0.456
394,1,0.98,0.728,0.396,0.432,0.68,0.512,0.0,0.648
395,1,1.0,0.92,0.376,0.2,0.36,0.28,-0.02,0.84
396,7,0.98,0.688,0.056,-0.032,0.34,0.472,0.98,1.0
397,7,0.96,0.456,-0.264,-0.264,0.32,0.664,1.0,1.0
398,4,0.728,0.436,-0.072,0.736,0.512,0.644,0.768,0.68
399,4,0.496,0.416,0.12,1.0,0.704,0.624,0.536,0.36
400,,0.476,0.396,0.1,0.98,0.684,0.604,0.516,0.34
401,,0.456,0.376,0.08,0.96,0.664,0.584,0.496,0.32
402,,0.436,0.356,0.06,0.94,0.644,0.564,0.476,0.3
403,,0.416,0.336,0.04,0.92,0.624,0.544,0.456,0.28
404,,0.396,0.316,0.02,0.9,0.604,0.524,0.436,0.26
405,,0.376,0.296,0.0,0.88,0.584,0.504,0.416,0.24
406,,0.356,0.276,-0.02,0.86,0.564,0.484,0.396,0.22
407,3,0.336,0.468,0.98,1.0,0.544,0.252,0.076,-0.012
408,3,0.316,0.66,1.0,1.0,0.524,0.02,-0.244,-0.244
409,7,0.296,0.428,0.68,0.768,0.504,0.212,0.756,-0.052
410,7,0.276,0.196,0.36,0.536,0.484,0.404,1.0,0.14
411,,0.256,0.176,0.34,0.516,0.464,0.384,0.98,0.12
412,,0.236,0.156,0.32,0.496,0.444,0.364,0.96,0.1
413,,0.216,0.136,0.3,0.476,0.424,0.344,0.94,0.08
414,,0.196,0.116,0.28,0.456,0.404,0.324,0.92,0.06
415,,0.176,0.096,0.26,0.436,0.384,0.304,0.9,0.04
416,,0.156,0.076,0.24,0.416,0.364,0.284,0.88,0.02
417,,0.136,0.056,0.22,0.396,0.344,0.264,0.86,0.0
418,,0.116,0.036,0.2,0.376,0.324,0.244,0.84,-0.02
419,8,0.308,0.016,-0.032,0.056,0.092,0.224,1.0,0.98
420,8,0.5,-0.004,-0.264,-0.264,-0.14,0.204,1.0,1.0
421,4,0.268,-0.024,-0.072,0.736,0.052,0.184,0.768,0.68
422,4,0.036,-0.044,0.12,1.0,0.244,0.164,0.536,0.36
423,2,0.228,0.956,0.312,0.98,0.012,-0.156,0.304,0.34
424,2,0.42,1.0,0.504,0.96,-0.22,-0.476,0.072,0.32
425,6,0.188,0.68,0.272,0.94,-0.028,0.524,0.264,0.3
426,6,-0.044,0.36,0.04,0.92,0.164,1.0,0.456,0.28
427,1,0.956,0.552,0.02,0.688,-0.156,0.768,0.436,0.472
428,1,1.0,0.744,0.0,0.456,-0.476,0.536,0.416,0.664
429,5,0.68,0.512,-0.02,0.648,0.524,0.728,0.396,0.432
430,5,0.36,0.28,-0.04,0.84,1.0,0.92,0.376,0.2
431,3,0.34,0.472,0.96,1.0,0.98,0.688,0.056,-0.032
432,3,0.32,0.664,1.0,1.0,0.96,0.456,-0.264,-0.264
433,7,0.3,0.432,0.68,0.768,0.94,0.648,0.736,-0.072
434,7,0.28,0.2,0.36,0.536,0.92,0.84,1.0,0.12
435,,0.26,0.18,0.34,0.516,0.9,0.82,0.98,0.1
436,,0.24,0.16,0.32,0.496,0.88,0.8,0.96,0.08
437,,0.22,0.14,0.3,0.476,0.86,0.78,0.94,0.06
438,,0.2,0.12,0.28,0.456,0.84,0.76,0.92,0.04
439,,0.18,0.1,0.26,0.436,0.82,0.74,0.9,0.02
440,,0.16,0.08,0.24,0.416,0.8,0.72,0.88,0.0
441,,0.14,0.06,0.22,0.396,0.78,0.7,0.86,-0.02
442,8,0.332,0.04,-0.012,0.076,0.548,0.68,1.0,0.98
443,8,0.524,0.02,-0.244,-0.244,0.316,0.66,1.0,1.0
444,4,0.292,0.0,-0.052,0.756,0.508,0.64,0.768,0.68
445,4,0.06,-0.02,0.14,1.0,0.7,0.62,0.536,0.36
446,2,0.252,0.98,0.332,0.98,0.468,0.3,0.304,0.34
447,2,0.444,1.0,0.524,0.96,0.236,-0.02,0.072,0.32
448,6,0.212,0.68,0.292,0.94,0.428,0.98,0.264,0.3
449,6,-0.02,0.36,0.06,0.92,0.62,1.0,0.456,0.28
450,1,0.98,0.552,0.04,0.688,0.3,0.768,0.436,0.472
451,1,1.0,0.744,0.02,0.456,-0.02,0.536,0.416,0.664
452,5,0.68,0.512,0.0,0.648,0.98,0.728,0.396,0.432
453,5,0.36,0.28,-0.02,0.84,1.0,0.92,0.376,0.2
454,3,0.34,0.472,0.98,1.0,0.98,0.688,0.056,-0.032
455,3,0.32,0.664,1.0,1.0,0.96,0.456,-0.264,-0.264
456,7,0.3,0.432,0.68,0.768,0.94,0.648,0.736,-0.072
457,7,0.28,0.2,0.36,0.536,0.92,0.84,1.0,0.12
458,,0.26,0.18,0.34,0.516,0.9,0.82,0.98,0.1
459,,0.24,0.16,0.32,0.496,0.88,0.8,0.96,0.08
460,,0.22,0.14,0.3,0.476,0.86,0.78,0.94,0.06
461,,0.2,0.12,0.28,0.456,0.84,0.76,0.92,0.04
462,,0.18,0.1,0.26,0.436,0.82,0.74,0.9,0.02
463,,0.16,0.08,0.24,0.416,0.8,0.72,0.88,0.0
464,,0.14,0.06,0.22,0.396,0.78,0.7,0.86,-0.02
465,8,0.332,0.04,-0.012,0.076,0.548,0.68,1.0,0.98
466,8,0.524,0.02,-0.244,-0.244,0.316,0.66,1.0,1.0
467,4,0.292,0.0,-0.052,0.756,0.508,0.64,0.768,0.68
468,4,0.06,-0.02,0.14,1.0,0.7,0.62,0.536,0.36
469,2,0.252,0.98,0.332,0.98,0.468,0.3,0.304,0.34
470,2,0.444,1.0,0.524,0.96,0.236,-0.02,0.072,0.32
471,6,0.212,0.68,0.292,0.94,0.428,0.98,0.264,0.3
472,6,-0.02,0.36,0.06,0.92,0.62,1.0,0.456,0.28
473,1,0.98,0.552,0.04,0.688,0.3,0.768,0.436,0.472
474,1,1.0,0.744,0.02,0.456,-0.02,0.536,0.416,0.664
475,5,0.68,0.512,0.0,0.648,0.98,0.728,0.396,0.432
476,5,0.36,0.28,-0.02,0.84,1.0,0.92,0.376,0.2
477,3,0.34,0.472,0.98,1.0,0.98,0.688,0.056,-0.032
478,3,0.32,0.664,1.0,1.0,0.96,0.456,-0.264,-0.264
479,8,0.512,0.644,0.768,0.68,0.728,0.436,-0.072,0.736
480,8,0.704,0.624,0.536,0.36,0.496,0.416,0.12,1.0
481,,0.684,0.604,0.516,0.34,0.476,0.396,0.1,0.98
482,,0.664,0.584,0.496,0.32,0.456,0.376,0.08,0.96
483,,0.644,0.564,0.476,0.3,0.436,0.356,0.06,0.94
484,,0.624,0.544,0.456,0.28,0.416,0.336,0.04,0.92
485,,0.604,0.524,0.436,0.26,0.396,0.316,0.02,0.9
486,,0.584,0.504,0.416,0.24,0.376,0.296,0.0,0.88
487,,0.564,0.484,0.396,0.22,0.356,0.276,-0.02,0.86
488,7,0.544,0.252,0.076,-0.012,0.336,0.468,0.98,1.0
489,7,0.524,0.02,-0.244,-0.244,0.316,0.66,1.0,1.0
490,3,0.504,0.212,0.756,-0.052,0.296,0.428,0.68,0.768
491,3,0.484,0.404,1.0,0.14,0.276,0.196,0.36,0.536
492,,0.464,0.384,0.98,0.12,0.256,0.176,0.34,0.516
493,,0.444,0.364,0.96,0.1,0.236,0.156,0.32,0.496
494,,0.424,0.344,0.94,0.08,0.216,0.136,0.3,0.476
495,,0.404,0.324,0.92,0.06,0.196,0.116,0.28,0.456
496,,0.384,0.304,0.9,0.04,0.176,0.096,0.26,0.436
497,,0.364,0.284,0.88,0.02,0.156,0.076,0.24,0.416
498,,0.344,0.264,0.86,0.0,0.136,0.056,0.22,0.396
499,,0.324,0.244,0.84,-0.02,0.116,0.036,0.2,0.376
500,4,0.092,0.224,1.0,0.98,0.308,0.016,-0.032,0.056
501,4,-0.14,0.204,1.0,1.0,0.5,-0.004,-0.264,-0.264
502,7,-0.16,-0.028,0.68,0.768,0.48,0.188,0.736,-0.072
503,7,-0.18,-0.26,0.36,0.536,0.46,0.38,1.0,0.12
504,2,0.012,0.74,0.552,0.516,0.228,0.06,0.768,0.1
505,2,0.204,1.0,0.744,0.496,-0.004,-0.26,0.536,0.08
506,6,-0.028,0.68,0.512,0.476,0.188,0.74,0.728,0.06
507,6,-0.26,0.36,0.28,0.456,0.38,1.0,0.92,0.04
508,1,0.74,0.552,0.26,0.224,0.06,0.768,0.9,0.232
509,1,1.0,0.744,0.24,-0.008,-0.26,0.536,0.88,0.424
510,5,0.68,0.512,0.22,0.184,0.74,0.728,0.86,0.192
511,5,0.36,0.28,0.2,0.376,1.0,0.92,0.84,-0.04
512,8,0.552,0.26,-0.032,0.056,0.768,0.9,1.0,0.96
513,8,0.744,0.24,-0.264,-0.264,0.536,0.88,1.0,1.0
514,3,0.724,0.432,0.736,-0.072,0.516,0.648,0.68,0.768
515,3,0.704,0.624,1.0,0.12,0.496,0.416,0.36,0.536
516,,0.684,0.604,0.98,0.1,0.476,0.396,0.34,0.516
517,,0.664,0.584,0.96,0.08,0.456,0.376,0.32,0.496
518,,0.644,0.564,0.94,0.06,0.436,0.356,0.3,0.476
519,,0.624,0.544,0.92,0.04,0.416,0.336,0.28,0.456
520,,0.604,0.524,0.9,0.02,0.396,0.316,0.26,0.436
521,,0.584,0.504,0.88,0.0,0.376,0.296,0.24,0.416
522,,0.564,0.484,0.86,-0.02,0.356,0.276,0.22,0.396
523,4,0.332,0.464,1.0,0.98,0.548,0.256,-0.012,0.076
524,4,0.1,0.444,1.0,1.0,0.74,0.236,-0.244,-0.244
525,7,0.08,0.212,0.68,0.768,0.72,0.428,0.756,-0.052
526,7,0.06,-0.02,0.36,0.536,0.7,0.62,1.0,0.14
527,2,0.252,0.98,0.552,0.516,0.468,0.3,0.768,0.12
528,2,0.444,1.0,0.744,0.496,0.236,-0.02,0.536,0.1
529,6,0.212,0.68,0.512,0.476,0.428,0.98,0.728,0.08
530,6,-0.02,0.36,0.28,0.456,0.62,1.0,0.92,0.06
531,1,0.98,0.552,0.26,0.224,0.3,0.768,0.9,0.252
532,1,1.0,0.744,0.24,-0.008,-0.02,0.536,0.88,0.444
533,5,0.68,0.512,0.22,0.184,0.98,0.728,0.86,0.212
534,5,0.36,0.28,0.2,0.376,1.0,0.92,0.84,-0.02
535,8,0.552,0.26,-0.032,0.056,0.768,0.9,1.0,0.98
536,8,0.744,0.24,-0.264,-0.264,0.536,0.88,1.0,1.0
537,3,0.724,0.432,0.736,-0.072,0.516,0.648,0.68,0.768
538,3,0.704,0.624,1.0,0.12,0.496,0.416,0.36,0.536
539,,0.684,0.604,0.98,0.1,0.476,0.396,0.34,0.516
540,,0.664,0.584,0.96,0.08,0.456,0.376,0.32,0.496
541,,0.644,0.564,0.94,0.06,0.436,0.356,0.3,0.476
542,,0.624,0.544,0.92,0.04,0.416,0.336,0.28,0.456
543,,0.604,0.524,0.9,0.02,0.396,0.316,0.26,0.436
544,,0.584,0.504,0.88,0.0,0.376,0.296,0.24,0.416
545,,0.564,0.484,0.86,-0.02,0.356,0.276,0.22,0.396
546,4,0.332,0.464,1.0,0.98,0.548,0.256,-0.012,0.076
547,4,0.1,0.444,1.0,1.0,0.74,0.236,-0.244,-0.244
548,7,0.08,0.212,0.68,0.768,0.72,0.428,0.756,-0.052
549,7,0.06,-0.02,0.36,0.536,0.7,0.62,1.0,0.14
550,2,0.252,0.98,0.552,0.516,0.468,0.3,0.768,0.12
551,2,0.444,1.0,0.744,0.496,0.236,-0.02,0.536,0.1
552,6,0.212,0.68,0.512,0.476,0.428,0.98,0.728,0.08
553,6,-0.02,0.36,0.28,0.456,0.62,1.0,0.92,0.06
554,1,0.98,0.552,0.26,0.224,0.3,0.768,0.9,0.252
555,1,1.0,0.744,0.24,-0.008,-0.02,0.536,0.88,0.444
556,5,0.68,0.512,0.22,0.184,0.98,0.728,0.86,0.212
557,5,0.36,0.28,0.2,0.376,1.0,0.92,0.84,-0.02
558,8,0.552,0.26,-0.032,0.056,0.768,0.9,1.0,0.98
559,8,0.744,0.24,-0.264,-0.264,0.536,0.88,1.0,1.0
560,3,0.724,0.432,0.736,-0.072,0.516,0.648,0.68,0.768
561,3,0.704,0.624,1.0,0.12,0.496,0.416,0.36,0.536
562,,0.684,0.604,0.98,0.1,0.476,0.396,0.34,0.516
563,,0.664,0.584,0.96,0.08,0.456,0.376,0.32,0.496
564,,0.644,0.564,0.94,0.06,0.436,0.356,0.3,0.476
565,,0.624,0.544,0.92,0.04,0.416,0.336,0.28,0.456
566,,0.604,0.524,0.9,0.02,0.396,0.316,0.26,0.436
567,,0.584,0.504,0.88,0.0,0.376,0.296,0.24,0.416
568,,0.564,0.484,0.86,-0.02,0.356,0.276,0.22,0.396
569,4,0.332,0.464,1.0,0.98,0.548,0.256,-0.012,0.076
570,4,0.1,0.444,1.0,1.0,0.74,0.236,-0.244,-0.244
571,7,0.08,0.212,0.68,0.768,0.72,0.428,0.756,-0.052
572,7,0.06,-0.02,0.36,0.536,0.7,0.62,1.0,0.14
573,2,0.252,0.98,0.552,0.516,0.468,0.3,0.768,0.12
574,2,0.444,1.0,0.744,0.496,0.236,-0.02,0.536,0.1
575,6,0.212,0.68,0.512,0.476,0.428,0.98,0.728,0.08
576,6,-0.02,0.36,0.28,0.456,0.62,1.0,0.92,0.06
577,1,0.98,0.552,0.26,0.224,0.3,0.768,0.9,0.252
578,1,1.0,0.744,0.24,-0.008,-0.02,0.536,0.88,0.444
579,5,0.68,0.512,0.22,0.184,0.98,0.728,0.86,0.212
580,5,0.36,0.28,0.2,0.376,1.0,0.92,0.84,-0.02
581,8,0.552,0.26,-0.032,0.056,0.768,0.9,1.0,0.98
582,8,0.744,0.24,-0.264,-0.264,0.536,0.88,1.0,1.0
583,4,0.512,0.22,-0.072,0.736,0.728,0.86,0.768,0.68
584,4,0.28,0.2,0.12,1.0,0.92,0.84,0.536,0.36
585,,0.26,0.18,0.1,0.98,0.9,0.82,0.516,0.34
586,,0.24,0.16,0.08,0.96,0.88,0.8,0.496,0.32
587,,0.22,0.14,0.06,0.94,0.86,0.78,0.476,0.3
588,,0.2,0.12,0.04,0.92,0.84,0.76,0.456,0.28
589,,0.18,0.1,0.02,0.9,0.82,0.74,0.436,0.26
590,,0.16,0.08,0.0,0.88,0.8,0.72,0.416,0.24
591,,0.14,0.06,-0.02,0.86,0.78,0.7,0.396,0.22
592,3,0.12,0.252,0.98,1.0,0.76,0.468,0.076,-0.012
593,3,0.1,0.444,1.0,1.0,0.74,0.236,-0.244,-0.244
594,8,0.292,0.424,0.768,0.68,0.508,0.216,-0.052,0.756
595,8,0.484,0.404,0.536,0.36,0.276,0.196,0.14,1.0
596,,0.464,0.384,0.516,0.34,0.256,0.176,0.12,0.98
597,,0.444,0.364,0.496,0.32,0.236,0.156,0.1,0.96
598,,0.424,0.344,0.476,0.3,0.216,0.136,0.08,0.94
599,,0.404,0.324,0.456,0.28,0.196,0.116,0.06,0.92
600,,0.384,0.304,0.436,0.26,0.176,0.096,0.04,0.9
601,,0.364,0.284,0.416,0.24,0.156,0.076,0.02,0.88
602,,0.344,0.264,0.396,0.22,0.136,0.056,0.0,0.86
603,,0.324,0.244,0.376,0.2,0.116,0.036,-0.02,0.84
604,7,0.304,0.012,0.056,-0.032,0.096,0.228,0.98,1.0
605,7,0.284,-0.22,-0.264,-0.264,0.076,0.42,1.0,1.0
606,3,0.264,-0.028,0.736,-0.072,0.056,0.188,0.68,0.768
607,3,0.244,0.164,1.0,0.12,0.036,-0.044,0.36,0.536
608,6,0.012,-0.156,0.768,0.1,0.228,0.956,0.552,0.516
609,6,-0.22,-0.476,0.536,0.08,0.42,1.0,0.744,0.496
610,2,-0.028,0.524,0.728,0.06,0.188,0.68,0.512,0.476
611,2,0.164,1.0,0.92,0.04,-0.044,0.36,0.28,0.456
612,5,-0.156,0.768,0.9,0.232,0.956,0.552,0.26,0.224
613,5,-0.476,0.536,0.88,0.424,1.0,0.744,0.24,-0.008
614,1,0.524,0.728,0.86,0.192,0.68,0.512,0.22,0.184
615,1,1.0,0.92,0.84,-0.04,0.36,0.28,0.2,0.376
616,4,0.768,0.9,1.0,0.96,0.552,0.26,-0.032,0.056
617,4,0.536,0.88,1.0,1.0,0.744,0.24,-0.264,-0.264
618,8,0.728,0.86,0.768,0.68,0.512,0.22,-0.072,0.736
619,8,0.92,0.84,0.536,0.36,0.28,0.2,0.12,1.0
620,,0.9,0.82,0.516,0.34,0.26,0.18,0.1,0.98
621,,0.88,0.8,0.496,0.32,0.24,0.16,0.08,0.96
622,,0.86,0.78,0.476,0.3,0.22,0.14,0.06,0.94
623,,0.84,0.76,0.456,0.28,0.2,0.12,0.04,0.92
624,,0.82,0.74,0.436,0.26,0.18,0.1,0.02,0.9
625,,0.8,0.72,0.416,0.24,0.16,0.08,0.0,0.88
626,,0.78,0.7,0.396,0.22,0.14,0.06,-0.02,0.86
627,7,0.76,0.468,0.076,-0.012,0.12,0.252,0.98,1.0
628,7,0.74,0.236,-0.244,-0.244,0.1,0.444,1.0,1.0
629,4,0.508,0.216,-0.052,0.756,0.292,0.424,0.768,0.68
630,4,0.276,0.196,0.14,1.0,0.484,0.404,0.536,0.36
631,,0.256,0.176,0.12,0.98,0.464,0.384,0.516,0.34
632,,0.236,0.156,0.1,0.96,0.444,0.364,0.496,0.32
633,,0.216,0.136,0.08,0.94,0.424,0.344,0.476,0.3
634,,0.196,0.116,0.06,0.92,0.404,0.324,0.456,0.28
635,,0.176,0.096,0.04,0.9,0.384,0.304,0.436,0.26
636,,0.156,0.076,0.02,0.88,0.364,0.284,0.416,0.24
637,,0.136,0.056,0.0,0.86,0.344,0.264,0.396,0.22
638,,0.116,0.036,-0.02,0.84,0.324,0.244,0.376,0.2
639,3,0.096,0.228,0.98,1.0,0.304,0.012,0.056,-0.032
640,3,0.076,0.42,1.0,1.0,0.284,-0.22,-0.264,-0.264
641,8,0.268,0.4,0.768,0.68,0.052,-0.24,-0.072,0.736
642,8,0.46,0.38,0.536,0.36,-0.18,-0.26,0.12,1.0
643,6,0.228,0.06,0.304,0.34,0.012,0.74,0.312,0.98
644,6,-0.004,-0.26,0.072,0.32,0.204,1.0,0.504,0.96
645,2,0.188,0.74,0.264,0.3,-0.028,0.68,0.272,0.94
646,2,0.38,1.0,0.456,0.28,-0.26,0.36,0.04,0.92
647,5,0.06,0.768,0.436,0.472,0.74,0.552,0.02,0.688
648,5,-0.26,0.536,0.416,0.664,1.0,0.744,0.0,0.456
649,1,0.74,0.728,0.396,0.432,0.68,0.512,-0.02,0.648
650,1,1.0,0.92,0.376,0.2,0.36,0.28,-0.04,0.84
651,7,0.98,0.688,0.056,-0.032,0.34,0.472,0.96,1.0
652,7,0.96,0.456,-0.264,-0.264,0.32,0.664,1.0,1.0
653,4,0.728,0.436,-0.072,0.736,0.512,0.644,0.768,0.68
654,4,0.496,0.416,0.12,1.0,0.704,0.624,0.536,0.36
655,,0.476,0.396,0.1,0.98,0.684,0.604,0.516,0.34
656,,0.456,0.376,0.08,0.96,0.664,0.584,0.496,0.32
657,,0.436,0.356,0.06,0.94,0.644,0.564,0.476,0.3
658,,0.416,0.336,0.04,0.92,0.624,0.544,0.456,0.28
659,,0.396,0.316,0.02,0.9,0.604,0.524,0.436,0.26
660,,0.376,0.296,0.0,0.88,0.584,0.504,0.416,0.24
661,,0.356,0.276,-0.02,0.86,0.564,0.484,0.396,0.22
662,3,0.336,0.468,0.98,1.0,0.544,0.252,0.076,-0.012
663,3,0.316,0.66,1.0,1.0,0.524,0.02,-0.244,-0.244
664,7,0.296,0.428,0.68,0.768,0.504,0.212,0.756,-0.052
665,7,0.276,0.196,0.36,0.536,0.484,0.404,1.0,0.14
666,,0.256,0.176,0.34,0.516,0.464,0.384,0.98,0.12
667,,0.236,0.156,0.32,0.496,0.444,0.364,0.96,0.1
668,,0.216,0.136,0.3,0.476,0.424,0.344,0.94,0.08
669,,0.196,0.116,0.28,0.456,0.404,0.324,0.92,0.06
670,,0.176,0.096,0.26,0.436,0.384,0.304,0.9,0.04
671,,0.156,0.076,0.24,0.416,0.364,0.284,0.88,0.02
672,,0.136,0.056,0.22,0.396,0.344,0.264,0.86,0.0
673,,0.116,0.036,0.2,0.376,0.324,0.244,0.84,-0.02
674,8,0.308,0.016,-0.032,0.056,0.092,0.224,1.0,0.98
675,8,0.5,-0.004,-0.264,-0.264,-0.14,0.204,1.0,1.0
676,4,0.268,-0.024,-0.072,0.736,0.052,0.184,0.768,0.68
677,4,0.036,-0.044,0.12,1.0,0.244,0.164,0.536,0.36
678,2,0.228,0.956,0.312,0.98,0.012,-0.156,0.304,0.34
679,2,0.42,1.0,0.504,0.96,-0.22,-0.476,0.072,0.32
680,6,0.188,0.68,0.272,0.94,-0.028,0.524,0.264,0.3
681,6,-0.044,0.36,0.04,0.92,0.164,1.0,0.456,0.28
682,1,0.956,0.552,0.02,0.688,-0.156,0.768,0.436,0.472
683,1,1.0,0.744,0.0,0.456,-0.476,0.536,0.416,0.664
684,5,0.68,0.512,-0.02,0.648,0.524,0.728,0.396,0.432
685,5,0.36,0.28,-0.04,0.84,1.0,0.92,0.376,0.2
686,3,0.34,0.472,0.96,1.0,0.98,0.688,0.056,-0.032
687,3,0.32,0.664,1.0,1.0,0.96,0.456,-0.264,-0.264
688,7,0.3,0.432,0.68,0.768,0.94,0.648,0.736,-0.072
689,7,0.28,0.2,0.36,0.536,0.92,0.84,1.0,0.12
690,,0.26,0.18,0.34,0.516,0.9,0.82,0.98,0.1
691,,0.24,0.16,0.32,0.496,0.88,0.8,0.96,0.08
692,,0.22,0.14,0.3,0.476,0.86,0.78,0.94,0.06
693,,0.2,0.12,0.28,0.456,0.84,0.76,0.92,0.04
694,,0.18,0.1,0.26,0.436,0.82,0.74,0.9,0.02
695,,0.16,0.08,0.24,0.416,0.8,0.72,0.88,0.0
696,,0.14,0.06,0.22,0.396,0.78,0.7,0.86,-0.02
697,8,0.332,0.04,-0.012,0.076,0.548,0.68,1.0,0.98
698,8,0.524,0.02,-0.244,-0.244,0.316,0.66,1.0,1.0
699,4,0.292,0.0,-0.052,0.756,0.508,0.64,0.768,0.68
700,4,0.06,-0.02,0.14,1.0,0.7,0.62,0.536,0.36
701,2,0.252,0.98,0.332,0.98,0.468,0.3,0.304,0.34
702,2,0.444,1.0,0.524,0.96,0.236,-0.02,0.072,0.32
703,6,0.212,0.68,0.292,0.94,0.428,0.98,0.264,0.3
704,6,-0.02,0.36,0.06,0.92,0.62,1.0,0.456,0.28
705,1,0.98,0.552,0.04,0.688,0.3,0.768,0.436,0.472
706,1,1.0,0.744,0.02,0.456,-0.02,0.536,0.416,0.664
707,5,0.68,0.512,0.0,0.648,0.98,0.728,0.396,0.432
708,5,0.36,0.28,-0.02,0.84,1.0,0.92,0.376,0.2
709,3,0.34,0.472,0.98,1.0,0.98,0.688,0.056,-0.032
710,3,0.32,0.664,1.0,1.0,0.96,0.456,-0.264,-0.264
711,8,0.512,0.644,0.768,0.68,0.728,0.436,-0.072,0.736
712,8,0.704,0.624,0.536,0.36,0.496,0.416,0.12,1.0
713,,0.684,0.604,0.516,0.34,0.476,0.396,0.1,0.98
714,,0.664,0.584,0.496,0.32,0.456,0.376,0.08,0.96
715,,0.644,0.564,0.476,0.3,0.436,0.356,0.06,0.94
716,,0.624,0.544,0.456,0.28,0.416,0.336,0.04,0.92
717,,0.604,0.524,0.436,0.26,0.396,0.316,0.02,0.9
718,,0.584,0.504,0.416,0.24,0.376,0.296,0.0,0.88
719,,0.564,0.484,0.396,0.22,0.356,0.276,-0.02,0.86
720,7,0.544,0.252,0.076,-0.012,0.336,0.468,0.98,1.0
721,7,0.524,0.02,-0.244,-0.244,0.316,0.66,1.0,1.0
722,4,0.292,0.0,-0.052,0.756,0.508,0.64,0.768,0.68
723,4,0.06,-0.02,0.14,1.0,0.7,0.62,0.536,0.36
724,2,0.252,0.98,0.332,0.98,0.468,0.3,0.304,0.34
725,2,0.444,1.0,0.524,0.96,0.236,-0.02,0.072,0.32
726,6,0.212,0.68,0.292,0.94,0.428,0.98,0.264,0.3
727,6,-0.02,0.36,0.06,0.92,0.62,1.0,0.456,0.28
728,1,0.98,0.552,0.04,0.688,0.3,0.768,0.436,0.472
729,1,1.0,0.744,0.02,0.456,-0.02,0.536,0.416,0.664
730,5,0.68,0.512,0.0,0.648,0.98,0.728,0.396,0.432
731,5,0.36,0.28,-0.02,0.84,1.0,0.92,0.376,0.2
732,3,0.34,0.472,0.98,1.0,0.98,0.688,0.056,-0.032
733,3,0.32,0.664,1.0,1.0,0.96,0.456,-0.264,-0.264
734,7,0.3,0.432,0.68,0.768,0.94,0.648,0.736,-0.072
735,7,0.28,0.2,0.36,0.536,0.92,0.84,1.0,0.12
736,,0.26,0.18,0.34,0.516,0.9,0.82,0.98,0.1
737,,0.24,0.16,0.32,0.496,0.88,0.8,0.96,0.08
738,,0.22,0.14,0.3,0.476,0.86,0.78,0.94,0.06
739,,0.2,0.12,0.28,0.456,0.84,0.76,0.92,0.04
740,,0.18,0.1,0.26,0.436,0.82,0.74,0.9,0.02
741,,0.16,0.08,0.24,0.416,0.8,0.72,0.88,0.0
742,,0.14,0.06,0.22,0.396,0.78,0.7,0.86,-0.02
743,8,0.332,0.04,-0.012,0.076,0.548,0.68,1.0,0.98
744,8,0.524,0.02,-0.244,-0.244,0.316,0.66,1.0,1.0
745,4,0.292,0.0,-0.052,0.756,0.508,0.64,0.768,0.68
746,4,0.06,-0.02,0.14,1.0,0.7,0.62,0.536,0.36
747,2,0.252,0.98,0.332,0.98,0.468,0.3,0.304,0.34
748,2,0.444,1.0,0.524,0.96,0.236,-0.02,0.072,0.32
749,6,0.212,0.68,0.292,0.94,0.428,0.98,0.264,0.3
750,6,-0.02,0.36,0.06,0.92,0.62,1.0,0.456,0.28
751,1,0.98,0.552,0.04,0.688,0.3,0.768,0.436,0.472
752,1,1.0,0.744,0.02,0.456,-0.02,0.536,0.416,0.664
753,5,0.68,0.512,0.0,0.648,0.98,0.728,0.396,0.432
754,5,0.36,0.28,-0.02,0.84,1.0,0.92,0.376,0.2
755,3,0.34,0.472,0.98,1.0,0.98,0.688,0.056,-0.032
756,3,0.32,0.664,1.0,1.0,0.96,0.456,-0.264,-0.264
757,7,0.3,0.432,0.68,0.768,0.94,0.648,0.736,-0.072
758,7,0.28,0.2,0.36,0.536,0.92,0.84,1.0,0.12
759,,0.26,0.18,0.34,0.516,0.9,0.82,0.98,0.1
760,,0.24,0.16,0.32,0.496,0.88,0.8,0.96,0.08
761,,0.22,0.14,0.3,0.476,0.86,0.78,0.94,0.06
762,,0.2,0.12,0.28,0.456,0.84,0.76,0.92,0.04
763,,0.18,0.1,0.26,0.436,0.82,0.74,0.9,0.02
764,,0.16,0.08,0.24,0.416,0.8,0.72,0.88,0.0
765,,0.14,0.06,0.22,0.396,0.78,0.7,0.86,-0.02
766,8,0.332,0.04,-0.012,0.076,0.548,0.68,1.0,0.98
767,8,0.524,0.02,-0.244,-0.244,0.316,0.66,1.0,1.0
768,4,0.292,0.0,-0.052,0.756,0.508,0.64,0.768,0.68
769,4,0.06,-0.02,0.14,1.0,0.7,0.62,0.536,0.36
770,2,0.252,0.98,0.332,0.98,0.468,0.3,0.304,0.34
771,2,0.444,1.0,0.524,0.96,0.236,-0.02,0.072,0.32
772,6,0.212,0.68,0.292,0.94,0.428,0.98,0.264,0.3
773,6,-0.02,0.36,0.06,0.92,0.62,1.0,0.456,0.28
774,1,0.98,0.552,0.04,0.688,0.3,0.768,0.436,0.472
775,1,1.0,0.744,0.02,0.456,-0.02,0.536,0.416,0.664
776,5,0.68,0.512,0.0,0.648,0.98,0.728,0.396,0.432
777,5,0.36,0.28,-0.02,0.84,1.0,0.92,0.376,0.2
778,3,0.34,0.472,0.98,1.0,0.98,0.688,0.056,-0.032
779,3,0.32,0.664,1.0,1.0,0.96,0.456,-0.264,-0.264
780,7,0.3,0.432,0.68,0.768,0.94,0.648,0.736,-0.072
781,7,0.28,0.2,0.36,0.536,0.92,0.84,1.0,0.12
782,,0.26,0.18,0.34,0.516,0.9,0.82,0.98,0.1
783,,0.24,0.16,0.32,0.496,0.88,0.8,0.96,0.08
784,,0.22,0.14,0.3,0.476,0.86,0.78,0.94,0.06
785,,0.2,0.12,0.28,0.456,0.84,0.76,0.92,0.04
786,,0.18,0.1,0.26,0.436,0.82,0.74,0.9,0.02
787,,0.16,0.08,0.24,0.416,0.8,0.72,0.88,0.0
788,,0.14,0.06,0.22,0.396,0.78,0.7,0.86,-0.02
789,8,0.332,0.04,-0.012,0.076,0.548,0.68,1.0,0.98
790,8,0.524,0.02,-0.244,-0.244,0.316,0.66,1.0,1.0
791,4,0.292,0.0,-0.052,0.756,0.508,0.64,0.768,0.68
792,4,0.06,-0.02,0.14,1.0,0.7,0.62,0.536,0.36
793,2,0.252,0.98,0.332,0.98,0.468,0.3,0.304,0.34
794,2,0.444,1.0,0.524,0.96,0.236,-0.02,0.072,0.32
795,6,0.212,0.68,0.292,0.94,0.428,0.98,0.264,0.3
796,6,-0.02,0.36,0.06,0.92,0.62,1.0,0.456,0.28
797,1,0.98,0.552,0.04,0.688,0.3,0.768,0.436,0.472
798,1,1.0,0.744,0.02,0.456,-0.02,0.536,0.416,0.664
799,5,0.68,0.512,0.0,0.648,0.98,0.728,0.396,0.432
800,5,0.36,0.28,-0.02,0.84,1.0,0.92,0.376,0.2
801,3,0.34,0.472,0.98,1.0,0.98,0.688,0.056,-0.032
802,3,0.32,0.664,1.0,1.0,0.96,0.456,-0.264,-0.264
803,7,0.3,0.432,0.68,0.768,0.94,0.648,0.736,-0.072
804,7,0.28,0.2,0.36,0.536,0.92,0.84,1.0,0.12
805,,0.26,0.18,0.34,0.516,0.9,0.82,0.98,0.1
806,,0.24,0.16,0.32,0.496,0.88,0.8,0.96,0.08
807,,0.22,0.14,0.3,0.476,0.86,0.78,0.94,0.06
808,,0.2,0.12,0.28,0.456,0.84,0.76,0.92,0.04
809,,0.18,0.1,0.26,0.436,0.82,0.74,0.9,0.02
810,,0.16,0.08,0.24,0.416,0.8,0.72,0.88,0.0
811,,0.14,0.06,0.22,0.396,0.78,0.7,0.86,-0.02
