step,active_motive,motive_1,motive_2,motive_3,motive_4,motive_5,motive_6,motive_7,motive_8
0,,0.07751,0.09395,0.08948,0.05979,0.09219,0.00885,0.0196,0.00452
1,,0.05751,0.07395,0.06948,0.03979,0.07219,-0.01115,-0.0004,-0.01548
2,8,0.24951,0.05395,-0.16252,-0.28021,-0.15981,-0.03115,0.1916,0.98452
3,8,0.44151,0.03395,-0.39452,-0.60021,-0.39181,-0.05115,0.3836,1.0
4,4,0.20951,0.01395,-0.20252,0.39979,-0.19981,-0.07115,0.1516,0.68
5,4,-0.02249,-0.00605,-0.01052,1.0,-0.00781,-0.09115,-0.0804,0.36
6,6,-0.25449,-0.32605,-0.24252,0.98,0.18419,0.90885,0.1116,0.34
7,6,-0.48649,-0.64605,-0.47452,0.96,0.37619,1.0,0.3036,0.32
8,2,-0.29449,0.35395,-0.28252,0.94,0.14419,0.68,0.0716,0.3
9,2,-0.10249,1.0,-0.09052,0.92,-0.08781,0.36,-0.1604,0.28
10,7,-0.12249,0.768,-0.41052,0.688,-0.10781,0.552,0.8396,0.472
11,7,-0.14249,0.536,-0.73052,0.456,-0.12781,0.744,1.0,0.664
12,3,-0.16249,0.728,0.26948,0.648,-0.14781,0.512,0.68,0.432
13,3,-0.18249,0.92,1.0,0.84,-0.16781,0.28,0.36,0.2
14,1,0.81751,1.0,0.98,0.608,-0.48781,0.048,0.34,0.392
15,1,1.0,1.0,0.96,0.376,-0.80781,-0.184,0.32,0.584
16,5,0.68,0.768,0.94,0.568,0.19219,0.008,0.3,0.352
17,5,0.36,0.536,0.92,0.76,1.0,0.2,0.28,0.12
18,,0.34,0.516,0.9,0.74,0.98,0.18,0.26,0.1
19,,0.32,0.496,0.88,0.72,0.96,0.16,0.24,0.08
20,,0.3,0.476,0.86,0.7,0.94,0.14,0.22,0.06
21,,0.28,0.456,0.84,0.68,0.92,0.12,0.2,0.04
22,,0.26,0.436,0.82,0.66,0.9,0.1,0.18,0.02
23,,0.24,0.416,0.8,0.64,0.88,0.08,0.16,0.0
24,,0.22,0.396,0.78,0.62,0.86,0.06,0.14,-0.02
25,8,0.412,0.376,0.548,0.3,0.628,0.04,0.332,0.98
26,8,0.604,0.356,0.316,-0.02,0.396,0.02,0.524,1.0
27,4,0.372,0.336,0.508,0.98,0.588,0.0,0.292,0.68
28,4,0.14,0.316,0.7,1.0,0.78,-0.02,0.06,0.36
29,6,-0.092,-0.004,0.468,0.98,0.972,0.98,0.252,0.34
30,6,-0.324,-0.324,0.236,0.96,1.0,1.0,0.444,0.32
31,2,-0.132,0.676,0.428,0.94,0.768,0.68,0.212,0.3
32,2,0.06,1.0,0.62,0.92,0.536,0.36,-0.02,0.28
33,7,0.04,0.768,0.3,0.688,0.516,0.552,0.98,0.472
34,7,0.02,0.536,-0.02,0.456,0.496,0.744,1.0,0.664
35,3,0.0,0.728,0.98,0.648,0.476,0.512,0.68,0.432
36,3,-0.02,0.92,1.0,0.84,0.456,0.28,0.36,0.2
37,1,0.98,1.0,0.98,0.608,0.136,0.048,0.34,0.392
38,1,1.0,1.0,0.96,0.376,-0.184,-0.184,0.32,0.584
39,5,0.68,0.768,0.94,0.568,0.816,0.008,0.3,0.352
40,5,0.36,0.536,0.92,0.76,1.0,0.2,0.28,0.12
41,,0.34,0.516,0.9,0.74,0.98,0.18,0.26,0.1
42,,0.32,0.496,0.88,0.72,0.96,0.16,0.24,0.08
43,,0.3,0.476,0.86,0.7,0.94,0.14,0.22,0.06
44,,0.28,0.456,0.84,0.68,0.92,0.12,0.2,0.04
45,,0.26,0.436,0.82,0.66,0.9,0.1,0.18,0.02
46,,0.24,0.416,0.8,0.64,0.88,0.08,0.16,0.0
47,,0.22,0.396,0.78,0.62,0.86,0.06,0.14,-0.02
48,8,0.412,0.376,0.548,0.3,0.628,0.04,0.332,0.98
49,8,0.604,0.356,0.316,-0.02,0.396,0.02,0.524,1.0
50,4,0.372,0.336,0.508,0.98,0.588,0.0,0.292,0.68
51,4,0.14,0.316,0.7,1.0,0.78,-0.02,0.06,0.36
52,6,-0.092,-0.004,0.468,0.98,0.972,0.98,0.252,0.34
53,6,-0.324,-0.324,0.236,0.96,1.0,1.0,0.444,0.32
54,2,-0.132,0.676,0.428,0.94,0.768,0.68,0.212,0.3
55,2,0.06,1.0,0.62,0.92,0.536,0.36,-0.02,0.28
56,7,0.04,0.768,0.3,0.688,0.516,0.552,0.98,0.472
57,7,0.02,0.536,-0.02,0.456,0.496,0.744,1.0,0.664
58,3,0.0,0.728,0.98,0.648,0.476,0.512,0.68,0.432
59,3,-0.02,0.92,1.0,0.84,0.456,0.28,0.36,0.2
60,1,0.98,1.0,0.98,0.608,0.136,0.048,0.34,0.392
61,1,1.0,1.0,0.96,0.376,-0.184,-0.184,0.32,0.584
62,5,0.68,0.768,0.94,0.568,0.816,0.008,0.3,0.352
63,5,0.36,0.536,0.92,0.76,1.0,0.2,0.28,0.12
64,,0.34,0.516,0.9,0.74,0.98,0.18,0.26,0.1
65,,0.32,0.496,0.88,0.72,0.96,0.16,0.24,0.08
66,,0.3,0.476,0.86,0.7,0.94,0.14,0.22,0.06
67,,0.28,0.456,0.84,0.68,0.92,0.12,0.2,0.04
68,,0.26,0.436,0.82,0.66,0.9,0.1,0.18,0.02
69,,0.24,0.416,0.8,0.64,0.88,0.08,0.16,0.0
70,,0.22,0.396,0.78,0.62,0.86,0.06,0.14,-0.02
71,8,0.412,0.376,0.548,0.3,0.628,0.04,0.332,0.98
72,8,0.604,0.356,0.316,-0.02,0.396,0.02,0.524,1.0
73,4,0.372,0.336,0.508,0.98,0.588,0.0,0.292,0.68
74,4,0.14,0.316,0.7,1.0,0.78,-0.02,0.06,0.36
75,6,-0.092,-0.004,0.468,0.98,0.972,0.98,0.252,0.34
76,6,-0.324,-0.324,0.236,0.96,1.0,1.0,0.444,0.32
77,2,-0.132,0.676,0.428,0.94,0.768,0.68,0.212,0.3
78,2,0.06,1.0,0.62,0.92,0.536,0.36,-0.02,0.28
79,7,0.04,0.768,0.3,0.688,0.516,0.552,0.98,0.472
80,7,0.02,0.536,-0.02,0.456,0.496,0.744,1.0,0.664
81,3,0.0,0.728,0.98,0.648,0.476,0.512,0.68,0.432
82,3,-0.02,0.92,1.0,0.84,0.456,0.28,0.36,0.2
83,1,0.98,1.0,0.98,0.608,0.136,0.048,0.34,0.392
84,1,1.0,1.0,0.96,0.376,-0.184,-0.184,0.32,0.584
85,5,0.68,0.768,0.94,0.568,0.816,0.008,0.3,0.352
86,5,0.36,0.536,0.92,0.76,1.0,0.2,0.28,0.12
87,,0.34,0.516,0.9,0.74,0.98,0.18,0.26,0.1
88,,0.32,0.496,0.88,0.72,0.96,0.16,0.24,0.08
89,,0.3,0.476,0.86,0.7,0.94,0.14,0.22,0.06
90,,0.28,0.456,0.84,0.68,0.92,0.12,0.2,0.04
91,,0.26,0.436,0.82,0.66,0.9,0.1,0.18,0.02
92,,0.24,0.416,0.8,0.64,0.88,0.08,0.16,0.0
93,,0.22,0.396,0.78,0.62,0.86,0.06,0.14,-0.02
94,8,0.412,0.376,0.548,0.3,0.628,0.04,0.332,0.98
95,8,0.604,0.356,0.316,-0.02,0.396,0.02,0.524,1.0
96,4,0.372,0.336,0.508,0.98,0.588,0.0,0.292,0.68
97,4,0.14,0.316,0.7,1.0,0.78,-0.02,0.06,0.36
98,6,-0.092,-0.004,0.468,0.98,0.972,0.98,0.252,0.34
99,6,-0.324,-0.324,0.236,0.96,1.0,1.0,0.444,0.32
100,1,0.676,-0.132,0.216,0.728,0.68,0.768,0.424,0.512
101,1,1.0,0.06,0.196,0.496,0.36,0.536,0.404,0.704
102,,0.98,0.04,0.176,0.476,0.34,0.516,0.384,0.684
103,,0.96,0.02,0.156,0.456,0.32,0.496,0.364,0.664
104,,0.94,0.0,0.136,0.436,0.3,0.476,0.344,0.644
105,,0.92,-0.02,0.116,0.416,0.28,0.456,0.324,0.624
106,2,1.0,0.98,0.308,0.396,0.048,0.136,0.092,0.604
107,2,1.0,1.0,0.5,0.376,-0.184,-0.184,-0.14,0.584
108,6,0.768,0.68,0.268,0.356,0.008,0.816,0.052,0.564
109,6,0.536,0.36,0.036,0.336,0.2,1.0,0.244,0.544
110,,0.516,0.34,0.016,0.316,0.18,0.98,0.224,0.524
111,,0.496,0.32,-0.004,0.296,0.16,0.96,0.204,0.504
112,3,0.476,0.512,0.996,0.488,0.14,0.728,-0.116,0.272
113,3,0.456,0.704,1.0,0.68,0.12,0.496,-0.436,0.04
114,7,0.436,0.472,0.68,0.448,0.1,0.688,0.564,0.232
115,7,0.416,0.24,0.36,0.216,0.08,0.88,1.0,0.424
116,,0.396,0.22,0.34,0.196,0.06,0.86,0.98,0.404
117,,0.376,0.2,0.32,0.176,0.04,0.84,0.96,0.384
118,,0.356,0.18,0.3,0.156,0.02,0.82,0.94,0.364
119,,0.336,0.16,0.28,0.136,0.0,0.8,0.92,0.344
120,,0.316,0.14,0.26,0.116,-0.02,0.78,0.9,0.324
121,5,-0.004,-0.092,0.24,0.308,0.98,0.972,0.88,0.092
122,5,-0.324,-0.324,0.22,0.5,1.0,1.0,0.86,-0.14
123,2,-0.132,0.676,0.412,0.48,0.768,0.68,0.628,-0.16
124,2,0.06,1.0,0.604,0.46,0.536,0.36,0.396,-0.18
125,8,0.252,0.98,0.372,0.14,0.304,0.34,0.588,0.82
126,8,0.444,0.96,0.14,-0.18,0.072,0.32,0.78,1.0
127,4,0.212,0.94,0.332,0.82,0.264,0.3,0.548,0.68
128,4,-0.02,0.92,0.524,1.0,0.456,0.28,0.316,0.36
129,1,0.98,1.0,0.504,0.768,0.136,0.048,0.296,0.552
130,1,1.0,1.0,0.484,0.536,-0.184,-0.184,0.276,0.744
131,5,0.68,0.768,0.464,0.728,0.816,0.008,0.256,0.512
132,5,0.36,0.536,0.444,0.92,1.0,0.2,0.236,0.28
133,,0.34,0.516,0.424,0.9,0.98,0.18,0.216,0.26
134,,0.32,0.496,0.404,0.88,0.96,0.16,0.196,0.24
135,,0.3,0.476,0.384,0.86,0.94,0.14,0.176,0.22
136,,0.28,0.456,0.364,0.84,0.92,0.12,0.156,0.2
137,,0.26,0.436,0.344,0.82,0.9,0.1,0.136,0.18
138,,0.24,0.416,0.324,0.8,0.88,0.08,0.116,0.16
139,,0.22,0.396,0.304,0.78,0.86,0.06,0.096,0.14
140,,0.2,0.376,0.284,0.76,0.84,0.04,0.076,0.12
141,,0.18,0.356,0.264,0.74,0.82,0.02,0.056,0.1
142,,0.16,0.336,0.244,0.72,0.8,0.0,0.036,0.08
143,,0.14,0.316,0.224,0.7,0.78,-0.02,0.016,0.06
144,6,-0.092,-0.004,-0.008,0.68,0.972,0.98,0.208,0.04
145,6,-0.324,-0.324,-0.24,0.66,1.0,1.0,0.4,0.02
146,2,-0.132,0.676,-0.048,0.64,0.768,0.68,0.168,0.0
147,2,0.06,1.0,0.144,0.62,0.536,0.36,-0.064,-0.02
148,7,0.04,0.768,-0.176,0.388,0.516,0.552,0.936,0.172
149,7,0.02,0.536,-0.496,0.156,0.496,0.744,1.0,0.364
150,3,0.0,0.728,0.504,0.348,0.476,0.512,0.68,0.132
151,3,-0.02,0.92,1.0,0.54,0.456,0.28,0.36,-0.1
152,8,0.172,0.9,0.768,0.22,0.224,0.26,0.552,0.9
153,8,0.364,0.88,0.536,-0.1,-0.008,0.24,0.744,1.0
154,4,0.132,0.86,0.728,0.9,0.184,0.22,0.512,0.68
155,4,-0.1,0.84,0.92,1.0,0.376,0.2,0.28,0.36
156,1,0.9,1.0,0.9,0.768,0.056,-0.032,0.26,0.552
157,1,1.0,1.0,0.88,0.536,-0.264,-0.264,0.24,0.744
158,6,0.768,0.68,0.648,0.516,-0.072,0.736,0.432,0.724
159,6,0.536,0.36,0.416,0.496,0.12,1.0,0.624,0.704
160,,0.516,0.34,0.396,0.476,0.1,0.98,0.604,0.684
161,,0.496,0.32,0.376,0.456,0.08,0.96,0.584,0.664
162,,0.476,0.3,0.356,0.436,0.06,0.94,0.564,0.644
163,,0.456,0.28,0.336,0.416,0.04,0.92,0.544,0.624
164,,0.436,0.26,0.316,0.396,0.02,0.9,0.524,0.604
165,,0.416,0.24,0.296,0.376,0.0,0.88,0.504,0.584
166,,0.396,0.22,0.276,0.356,-0.02,0.86,0.484,0.564
167,5,0.076,-0.012,0.256,0.548,0.98,1.0,0.464,0.332
168,5,-0.244,-0.244,0.236,0.74,1.0,1.0,0.444,0.1
169,2,-0.052,0.756,0.428,0.72,0.768,0.68,0.212,0.08
170,2,0.14,1.0,0.62,0.7,0.536,0.36,-0.02,0.06
171,7,0.12,0.768,0.3,0.468,0.516,0.552,0.98,0.252
172,7,0.1,0.536,-0.02,0.236,0.496,0.744,1.0,0.444
173,3,0.08,0.728,0.98,0.428,0.476,0.512,0.68,0.212
174,3,0.06,0.92,1.0,0.62,0.456,0.28,0.36,-0.02
175,8,0.252,0.9,0.768,0.3,0.224,0.26,0.552,0.98
176,8,0.444,0.88,0.536,-0.02,-0.008,0.24,0.744,1.0
177,4,0.212,0.86,0.728,0.98,0.184,0.22,0.512,0.68
178,4,-0.02,0.84,0.92,1.0,0.376,0.2,0.28,0.36
179,1,0.98,1.0,0.9,0.768,0.056,-0.032,0.26,0.552
180,1,1.0,1.0,0.88,0.536,-0.264,-0.264,0.24,0.744
181,5,0.68,0.768,0.86,0.728,0.736,-0.072,0.22,0.512
182,5,0.36,0.536,0.84,0.92,1.0,0.12,0.2,0.28
183,,0.34,0.516,0.82,0.9,0.98,0.1,0.18,0.26
184,,0.32,0.496,0.8,0.88,0.96,0.08,0.16,0.24
185,,0.3,0.476,0.78,0.86,0.94,0.06,0.14,0.22
186,,0.28,0.456,0.76,0.84,0.92,0.04,0.12,0.2
187,,0.26,0.436,0.74,0.82,0.9,0.02,0.1,0.18
188,,0.24,0.416,0.72,0.8,0.88,0.0,0.08,0.16
189,,0.22,0.396,0.7,0.78,0.86,-0.02,0.06,0.14
190,6,-0.012,0.076,0.468,0.76,1.0,0.98,0.252,0.12
191,6,-0.244,-0.244,0.236,0.74,1.0,1.0,0.444,0.1
192,1,0.756,-0.052,0.216,0.508,0.68,0.768,0.424,0.292
193,1,1.0,0.14,0.196,0.276,0.36,0.536,0.404,0.484
194,,0.98,0.12,0.176,0.256,0.34,0.516,0.384,0.464
195,,0.96,0.1,0.156,0.236,0.32,0.496,0.364,0.444
196,,0.94,0.08,0.136,0.216,0.3,0.476,0.344,0.424
197,,0.92,0.06,0.116,0.196,0.28,0.456,0.324,0.404
198,,0.9,0.04,0.096,0.176,0.26,0.436,0.304,0.384
199,,0.88,0.02,0.076,0.156,0.24,0.416,0.284,0.364
200,,0.86,0.0,0.056,0.136,0.22,0.396,0.264,0.344
201,,0.84,-0.02,0.036,0.116,0.2,0.376,0.244,0.324
202,2,1.0,0.98,0.228,0.096,-0.032,0.056,0.012,0.304
203,2,1.0,1.0,0.42,0.076,-0.264,-0.264,-0.22,0.284
204,5,0.68,0.768,0.4,0.268,0.736,-0.072,-0.24,0.052
205,5,0.36,0.536,0.38,0.46,1.0,0.12,-0.26,-0.18
206,7,0.34,0.304,0.06,0.228,0.98,0.312,0.74,0.012
207,7,0.32,0.072,-0.26,-0.004,0.96,0.504,1.0,0.204
208,3,0.3,0.264,0.74,0.188,0.94,0.272,0.68,-0.028
209,3,0.28,0.456,1.0,0.38,0.92,0.04,0.36,-0.26
210,8,0.472,0.436,0.768,0.06,0.688,0.02,0.552,0.74
211,8,0.664,0.416,0.536,-0.26,0.456,0.0,0.744,1.0
212,4,0.432,0.396,0.728,0.74,0.648,-0.02,0.512,0.68
213,4,0.2,0.376,0.92,1.0,0.84,-0.04,0.28,0.36
214,6,-0.032,0.056,0.688,0.98,1.0,0.96,0.472,0.34
215,6,-0.264,-0.264,0.456,0.96,1.0,1.0,0.664,0.32
216,1,0.736,-0.072,0.436,0.728,0.68,0.768,0.644,0.512
217,1,1.0,0.12,0.416,0.496,0.36,0.536,0.624,0.704
218,,0.98,0.1,0.396,0.476,0.34,0.516,0.604,0.684
219,,0.96,0.08,0.376,0.456,0.32,0.496,0.584,0.664
220,,0.94,0.06,0.356,0.436,0.3,0.476,0.564,0.644
221,,0.92,0.04,0.336,0.416,0.28,0.456,0.544,0.624
222,,0.9,0.02,0.316,0.396,0.26,0.436,0.524,0.604
223,,0.88,0.0,0.296,0.376,0.24,0.416,0.504,0.584
224,,0.86,-0.02,0.276,0.356,0.22,0.396,0.484,0.564
225,2,1.0,0.98,0.468,0.336,-0.012,0.076,0.252,0.544
226,2,1.0,1.0,0.66,0.316,-0.244,-0.244,0.02,0.524
227,5,0.68,0.768,0.64,0.508,0.756,-0.052,0.0,0.292
228,5,0.36,0.536,0.62,0.7,1.0,0.14,-0.02,0.06
229,7,0.34,0.304,0.3,0.468,0.98,0.332,0.98,0.252
230,7,0.32,0.072,-0.02,0.236,0.96,0.524,1.0,0.444
231,3,0.3,0.264,0.98,0.428,0.94,0.292,0.68,0.212
232,3,0.28,0.456,1.0,0.62,0.92,0.06,0.36,-0.02
233,8,0.472,0.436,0.768,0.3,0.688,0.04,0.552,0.98
234,8,0.664,0.416,0.536,-0.02,0.456,0.02,0.744,1.0
235,4,0.432,0.396,0.728,0.98,0.648,0.0,0.512,0.68
236,4,0.2,0.376,0.92,1.0,0.84,-0.02,0.28,0.36
237,6,-0.032,0.056,0.688,0.98,1.0,0.98,0.472,0.34
238,6,-0.264,-0.264,0.456,0.96,1.0,1.0,0.664,0.32
239,1,0.736,-0.072,0.436,0.728,0.68,0.768,0.644,0.512
240,1,1.0,0.12,0.416,0.496,0.36,0.536,0.624,0.704
241,,0.98,0.1,0.396,0.476,0.34,0.516,0.604,0.684
242,,0.96,0.08,0.376,0.456,0.32,0.496,0.584,0.664
243,,0.94,0.06,0.356,0.436,0.3,0.476,0.564,0.644
244,,0.92,0.04,0.336,0.416,0.28,0.456,0.544,0.624
245,,0.9,0.02,0.316,0.396,0.26,0.436,0.524,0.604
246,,0.88,0.0,0.296,0.376,0.24,0.416,0.504,0.584
247,,0.86,-0.02,0.276,0.356,0.22,0.396,0.484,0.564
248,2,1.0,0.98,0.468,0.336,-0.012,0.076,0.252,0.544
249,2,1.0,1.0,0.66,0.316,-0.244,-0.244,0.02,0.524
250,5,0.68,0.768,0.64,0.508,0.756,-0.052,0.0,0.292
251,5,0.36,0.536,0.62,0.7,1.0,0.14,-0.02,0.06
252,7,0.34,0.304,0.3,0.468,0.98,0.332,0.98,0.252
253,7,0.32,0.072,-0.02,0.236,0.96,0.524,1.0,0.444
254,3,0.3,0.264,0.98,0.428,0.94,0.292,0.68,0.212
255,3,0.28,0.456,1.0,0.62,0.92,0.06,0.36,-0.02
256,8,0.472,0.436,0.768,0.3,0.688,0.04,0.552,0.98
257,8,0.664,0.416,0.536,-0.02,0.456,0.02,0.744,1.0
258,4,0.432,0.396,0.728,0.98,0.648,0.0,0.512,0.68
259,4,0.2,0.376,0.92,1.0,0.84,-0.02,0.28,0.36
260,6,-0.032,0.056,0.688,0.98,1.0,0.98,0.472,0.34
261,6,-0.264,-0.264,0.456,0.96,1.0,1.0,0.664,0.32
262,1,0.736,-0.072,0.436,0.728,0.68,0.768,0.644,0.512
263,1,1.0,0.12,0.416,0.496,0.36,0.536,0.624,0.704
264,,0.98,0.1,0.396,0.476,0.34,0.516,0.604,0.684
265,,0.96,0.08,0.376,0.456,0.32,0.496,0.584,0.664
266,,0.94,0.06,0.356,0.436,0.3,0.476,0.564,0.644
267,,0.92,0.04,0.336,0.416,0.28,0.456,0.544,0.624
268,,0.9,0.02,0.316,0.396,0.26,0.436,0.524,0.604
269,,0.88,0.0,0.296,0.376,0.24,0.416,0.504,0.584
270,,0.86,-0.02,0.276,0.356,0.22,0.396,0.484,0.564
271,2,1.0,0.98,0.468,0.336,-0.012,0.076,0.252,0.544
272,2,1.0,1.0,0.66,0.316,-0.244,-0.244,0.02,0.524
273,5,0.68,0.768,0.64,0.508,0.756,-0.052,0.0,0.292
274,5,0.36,0.536,0.62,0.7,1.0,0.14,-0.02,0.06
275,7,0.34,0.304,0.3,0.468,0.98,0.332,0.98,0.252
276,7,0.32,0.072,-0.02,0.236,0.96,0.524,1.0,0.444
277,3,0.3,0.264,0.98,0.428,0.94,0.292,0.68,0.212
278,3,0.28,0.456,1.0,0.62,0.92,0.06,0.36,-0.02
279,8,0.472,0.436,0.768,0.3,0.688,0.04,0.552,0.98
280,8,0.664,0.416,0.536,-0.02,0.456,0.02,0.744,1.0
281,4,0.432,0.396,0.728,0.98,0.648,0.0,0.512,0.68
282,4,0.2,0.376,0.92,1.0,0.84,-0.02,0.28,0.36
283,6,-0.032,0.056,0.688,0.98,1.0,0.98,0.472,0.34
284,6,-0.264,-0.264,0.456,0.96,1.0,1.0,0.664,0.32
285,2,-0.072,0.736,0.648,0.94,0.768,0.68,0.432,0.3
286,2,0.12,1.0,0.84,0.92,0.536,0.36,0.2,0.28
287,,0.1,0.98,0.82,0.9,0.516,0.34,0.18,0.26
288,,0.08,0.96,0.8,0.88,0.496,0.32,0.16,0.24
289,,0.06,0.94,0.78,0.86,0.476,0.3,0.14,0.22
290,,0.04,0.92,0.76,0.84,0.456,0.28,0.12,0.2
291,,0.02,0.9,0.74,0.82,0.436,0.26,0.1,0.18
292,,0.0,0.88,0.72,0.8,0.416,0.24,0.08,0.16
293,,-0.02,0.86,0.7,0.78,0.396,0.22,0.06,0.14
294,1,0.98,1.0,0.68,0.548,0.076,-0.012,0.04,0.332
295,1,1.0,1.0,0.66,0.316,-0.244,-0.244,0.02,0.524
296,5,0.68,0.768,0.64,0.508,0.756,-0.052,0.0,0.292
297,5,0.36,0.536,0.62,0.7,1.0,0.14,-0.02,0.06
298,7,0.34,0.304,0.3,0.468,0.98,0.332,0.98,0.252
299,7,0.32,0.072,-0.02,0.236,0.96,0.524,1.0,0.444
300,3,0.3,0.264,0.98,0.428,0.94,0.292,0.68,0.212
301,3,0.28,0.456,1.0,0.62,0.92,0.06,0.36,-0.02
302,8,0.472,0.436,0.768,0.3,0.688,0.04,0.552,0.98
303,8,0.664,0.416,0.536,-0.02,0.456,0.02,0.744,1.0
304,4,0.432,0.396,0.728,0.98,0.648,0.0,0.512,0.68
305,4,0.2,0.376,0.92,1.0,0.84,-0.02,0.28,0.36
306,6,-0.032,0.056,0.688,0.98,1.0,0.98,0.472,0.34
307,6,-0.264,-0.264,0.456,0.96,1.0,1.0,0.664,0.32
308,2,-0.072,0.736,0.648,0.94,0.768,0.68,0.432,0.3
309,2,0.12,1.0,0.84,0.92,0.536,0.36,0.2,0.28
310,,0.1,0.98,0.82,0.9,0.516,0.34,0.18,0.26
311,,0.08,0.96,0.8,0.88,0.496,0.32,0.16,0.24
312,,0.06,0.94,0.78,0.86,0.476,0.3,0.14,0.22
313,,0.04,0.92,0.76,0.84,0.456,0.28,0.12,0.2
314,,0.02,0.9,0.74,0.82,0.436,0.26,0.1,0.18
315,,0.0,0.88,0.72,0.8,0.416,0.24,0.08,0.16
316,,-0.02,0.86,0.7,0.78,0.396,0.22,0.06,0.14
317,1,0.98,1.0,0.68,0.548,0.076,-0.012,0.04,0.332
318,1,1.0,1.0,0.66,0.316,-0.244,-0.244,0.02,0.524
319,6,0.768,0.68,0.428,0.296,-0.052,0.756,0.212,0.504
320,6,0.536,0.36,0.196,0.276,0.14,1.0,0.404,0.484
321,,0.516,0.34,0.176,0.256,0.12,0.98,0.384,0.464
322,,0.496,0.32,0.156,0.236,0.1,0.96,0.364,0.444
323,,0.476,0.3,0.136,0.216,0.08,0.94,0.344,0.424
324,,0.456,0.28,0.116,0.196,0.06,0.92,0.324,0.404
325,,0.436,0.26,0.096,0.176,0.04,0.9,0.304,0.384
326,,0.416,0.24,0.076,0.156,0.02,0.88,0.284,0.364
327,,0.396,0.22,0.056,0.136,0.0,0.86,0.264,0.344
328,,0.376,0.2,0.036,0.116,-0.02,0.84,0.244,0.324
329,5,0.056,-0.032,0.016,0.308,0.98,1.0,0.224,0.092
330,5,-0.264,-0.264,-0.004,0.5,1.0,1.0,0.204,-0.14
331,2,-0.072,0.736,0.188,0.48,0.768,0.68,-0.028,-0.16
332,2,0.12,1.0,0.38,0.46,0.536,0.36,-0.26,-0.18
333,7,0.1,0.768,0.06,0.228,0.516,0.552,0.74,0.012
334,7,0.08,0.536,-0.26,-0.004,0.496,0.744,1.0,0.204
335,3,0.06,0.728,0.74,0.188,0.476,0.512,0.68,-0.028
336,3,0.04,0.92,1.0,0.38,0.456,0.28,0.36,-0.26
337,8,0.232,0.9,0.768,0.06,0.224,0.26,0.552,0.74
338,8,0.424,0.88,0.536,-0.26,-0.008,0.24,0.744,1.0
339,4,0.192,0.86,0.728,0.74,0.184,0.22,0.512,0.68
340,4,-0.04,0.84,0.92,1.0,0.376,0.2,0.28,0.36
341,1,0.96,1.0,0.9,0.768,0.056,-0.032,0.26,0.552
342,1,1.0,1.0,0.88,0.536,-0.264,-0.264,0.24,0.744
343,5,0.68,0.768,0.86,0.728,0.736,-0.072,0.22,0.512
344,5,0.36,0.536,0.84,0.92,1.0,0.12,0.2,0.28
345,,0.34,0.516,0.82,0.9,0.98,0.1,0.18,0.26
346,,0.32,0.496,0.8,0.88,0.96,0.08,0.16,0.24
347,,0.3,0.476,0.78,0.86,0.94,0.06,0.14,0.22
348,,0.28,0.456,0.76,0.84,0.92,0.04,0.12,0.2
349,,0.26,0.436,0.74,0.82,0.9,0.02,0.1,0.18
350,,0.24,0.416,0.72,0.8,0.88,0.0,0.08,0.16
351,,0.22,0.396,0.7,0.78,0.86,-0.02,0.06,0.14
352,6,-0.012,0.076,0.468,0.76,1.0,0.98,0.252,0.12
353,6,-0.244,-0.244,0.236,0.74,1.0,1.0,0.444,0.1
354,1,0.756,-0.052,0.216,0.508,0.68,0.768,0.424,0.292
355,1,1.0,0.14,0.196,0.276,0.36,0.536,0.404,0.484
356,,0.98,0.12,0.176,0.256,0.34,0.516,0.384,0.464
357,,0.96,0.1,0.156,0.236,0.32,0.496,0.364,0.444
358,,0.94,0.08,0.136,0.216,0.3,0.476,0.344,0.424
359,,0.92,0.06,0.116,0.196,0.28,0.456,0.324,0.404
360,,0.9,0.04,0.096,0.176,0.26,0.436,0.304,0.384
361,,0.88,0.02,0.076,0.156,0.24,0.416,0.284,0.364
362,,0.86,0.0,0.056,0.136,0.22,0.396,0.264,0.344
363,,0.84,-0.02,0.036,0.116,0.2,0.376,0.244,0.324
364,2,1.0,0.98,0.228,0.096,-0.032,0.056,0.012,0.304
365,2,1.0,1.0,0.42,0.076,-0.264,-0.264,-0.22,0.284
366,5,0.68,0.768,0.4,0.268,0.736,-0.072,-0.24,0.052
367,5,0.36,0.536,0.38,0.46,1.0,0.12,-0.26,-0.18
368,7,0.34,0.304,0.06,0.228,0.98,0.312,0.74,0.012
369,7,0.32,0.072,-0.26,-0.004,0.96,0.504,1.0,0.204
370,3,0.3,0.264,0.74,0.188,0.94,0.272,0.68,-0.028
371,3,0.28,0.456,1.0,0.38,0.92,0.04,0.36,-0.26
372,8,0.472,0.436,0.768,0.06,0.688,0.02,0.552,0.74
373,8,0.664,0.416,0.536,-0.26,0.456,0.0,0.744,1.0
374,4,0.432,0.396,0.728,0.74,0.648,-0.02,0.512,0.68
375,4,0.2,0.376,0.92,1.0,0.84,-0.04,0.28,0.36
376,6,-0.032,0.056,0.688,0.98,1.0,0.96,0.472,0.34
377,6,-0.264,-0.264,0.456,0.96,1.0,1.0,0.664,0.32
378,1,0.736,-0.072,0.436,0.728,0.68,0.768,0.644,0.512
379,1,1.0,0.12,0.416,0.496,0.36,0.536,0.624,0.704
380,,0.98,0.1,0.396,0.476,0.34,0.516,0.604,0.684
381,,0.96,0.08,0.376,0.456,0.32,0.496,0.584,0.664
382,,0.94,0.06,0.356,0.436,0.3,0.476,0.564,0.644
383,,0.92,0.04,0.336,0.416,0.28,0.456,0.544,0.624
384,,0.9,0.02,0.316,0.396,0.26,0.436,0.524,0.604
385,,0.88,0.0,0.296,0.376,0.24,0.416,0.504,0.584
386,,0.86,-0.02,0.276,0.356,0.22,0.396,0.484,0.564
387,2,1.0,0.98,0.468,0.336,-0.012,0.076,0.252,0.544
388,2,1.0,1.0,0.66,0.316,-0.244,-0.244,0.02,0.524
389,6,0.768,0.68,0.428,0.296,-0.052,0.756,0.212,0.504
390,6,0.536,0.36,0.196,0.276,0.14,1.0,0.404,0.484
391,,0.516,0.34,0.176,0.256,0.12,0.98,0.384,0.464
392,,0.496,0.32,0.156,0.236,0.1,0.96,0.364,0.444
393,,0.476,0.3,0.136,0.216,0.08,0.94,0.344,0.424
394,,0.456,0.28,0.116,0.196,0.06,0.92,0.324,0.404
395,,0.436,0.26,0.096,0.176,0.04,0.9,0.304,0.384
396,,0.416,0.24,0.076,0.156,0.02,0.88,0.284,0.364
397,,0.396,0.22,0.056,0.136,0.0,0.86,0.264,0.344
398,,0.376,0.2,0.036,0.116,-0.02,0.84,0.244,0.324
399,5,0.056,-0.032,0.016,0.308,0.98,1.0,0.224,0.092
400,5,-0.264,-0.264,-0.004,0.5,1.0,1.0,0.204,-0.14
401,1,0.736,-0.072,-0.024,0.268,0.68,0.768,0.184,0.052
402,1,1.0,0.12,-0.044,0.036,0.36,0.536,0.164,0.244
403,3,0.98,0.312,0.956,0.228,0.34,0.304,-0.156,0.012
404,3,0.96,0.504,1.0,0.42,0.32,0.072,-0.476,-0.22
405,7,0.94,0.272,0.68,0.188,0.3,0.264,0.524,-0.028
406,7,0.92,0.04,0.36,-0.044,0.28,0.456,1.0,0.164
407,4,0.688,0.02,0.552,0.956,0.472,0.436,0.768,-0.156
408,4,0.456,0.0,0.744,1.0,0.664,0.416,0.536,-0.476
409,8,0.648,-0.02,0.512,0.68,0.432,0.396,0.728,0.524
410,8,0.84,-0.04,0.28,0.36,0.2,0.376,0.92,1.0
411,2,1.0,0.96,0.472,0.34,-0.032,0.056,0.688,0.98
412,2,1.0,1.0,0.664,0.32,-0.264,-0.264,0.456,0.96
413,5,0.68,0.768,0.644,0.512,0.736,-0.072,0.436,0.728
414,5,0.36,0.536,0.624,0.704,1.0,0.12,0.416,0.496
415,,0.34,0.516,0.604,0.684,0.98,0.1,0.396,0.476
416,,0.32,0.496,0.584,0.664,0.96,0.08,0.376,0.456
417,,0.3,0.476,0.564,0.644,0.94,0.06,0.356,0.436
418,,0.28,0.456,0.544,0.624,0.92,0.04,0.336,0.416
419,,0.26,0.436,0.524,0.604,0.9,0.02,0.316,0.396
420,,0.24,0.416,0.504,0.584,0.88,0.0,0.296,0.376
421,,0.22,0.396,0.484,0.564,0.86,-0.02,0.276,0.356
422,6,-0.012,0.076,0.252,0.544,1.0,0.98,0.468,0.336
423,6,-0.244,-0.244,0.02,0.524,1.0,1.0,0.66,0.316
424,1,0.756,-0.052,0.0,0.292,0.68,0.768,0.64,0.508
425,1,1.0,0.14,-0.02,0.06,0.36,0.536,0.62,0.7
426,3,0.98,0.332,0.98,0.252,0.34,0.304,0.3,0.468
427,3,0.96,0.524,1.0,0.444,0.32,0.072,-0.02,0.236
428,7,0.94,0.292,0.68,0.212,0.3,0.264,0.98,0.428
429,7,0.92,0.06,0.36,-0.02,0.28,0.456,1.0,0.62
430,4,0.688,0.04,0.552,0.98,0.472,0.436,0.768,0.3
431,4,0.456,0.02,0.744,1.0,0.664,0.416,0.536,-0.02
432,8,0.648,0.0,0.512,0.68,0.432,0.396,0.728,0.98
433,8,0.84,-0.02,0.28,0.36,0.2,0.376,0.92,1.0
434,2,1.0,0.98,0.472,0.34,-0.032,0.056,0.688,0.98
435,2,1.0,1.0,0.664,0.32,-0.264,-0.264,0.456,0.96
436,5,0.68,0.768,0.644,0.512,0.736,-0.072,0.436,0.728
437,5,0.36,0.536,0.624,0.704,1.0,0.12,0.416,0.496
438,,0.34,0.516,0.604,0.684,0.98,0.1,0.396,0.476
439,,0.32,0.496,0.584,0.664,0.96,0.08,0.376,0.456
440,,0.3,0.476,0.564,0.644,0.94,0.06,0.356,0.436
441,,0.28,0.456,0.544,0.624,0.92,0.04,0.336,0.416
442,,0.26,0.436,0.524,0.604,0.9,0.02,0.316,0.396
443,,0.24,0.416,0.504,0.584,0.88,0.0,0.296,0.376
444,,0.22,0.396,0.484,0.564,0.86,-0.02,0.276,0.356
445,6,-0.012,0.076,0.252,0.544,1.0,0.98,0.468,0.336
446,6,-0.244,-0.244,0.02,0.524,1.0,1.0,0.66,0.316
447,1,0.756,-0.052,0.0,0.292,0.68,0.768,0.64,0.508
448,1,1.0,0.14,-0.02,0.06,0.36,0.536,0.62,0.7
449,3,0.98,0.332,0.98,0.252,0.34,0.304,0.3,0.468
450,3,0.96,0.524,1.0,0.444,0.32,0.072,-0.02,0.236
451,7,0.94,0.292,0.68,0.212,0.3,0.264,0.98,0.428
452,7,0.92,0.06,0.36,-0.02,0.28,0.456,1.0,0.62
453,4,0.688,0.04,0.552,0.98,0.472,0.436,0.768,0.3
454,4,0.456,0.02,0.744,1.0,0.664,0.416,0.536,-0.02
455,8,0.648,0.0,0.512,0.68,0.432,0.396,0.728,0.98
456,8,0.84,-0.02,0.28,0.36,0.2,0.376,0.92,1.0
457,2,1.0,0.98,0.472,0.34,-0.032,0.056,0.688,0.98
458,2,1.0,1.0,0.664,0.32,-0.264,-0.264,0.456,0.96
459,6,0.768,0.68,0.432,0.3,-0.072,0.736,0.648,0.94
460,6,0.536,0.36,0.2,0.28,0.12,1.0,0.84,0.92
461,,0.516,0.34,0.18,0.26,0.1,0.98,0.82,0.9
462,,0.496,0.32,0.16,0.24,0.08,0.96,0.8,0.88
463,,0.476,0.3,0.14,0.22,0.06,0.94,0.78,0.86
464,,0.456,0.28,0.12,0.2,0.04,0.92,0.76,0.84
465,,0.436,0.26,0.1,0.18,0.02,0.9,0.74,0.82
466,,0.416,0.24,0.08,0.16,0.0,0.88,0.72,0.8
467,,0.396,0.22,0.06,0.14,-0.02,0.86,0.7,0.78
468,5,0.076,-0.012,0.04,0.332,0.98,1.0,0.68,0.548
469,5,-0.244,-0.244,0.02,0.524,1.0,1.0,0.66,0.316
470,1,0.756,-0.052,0.0,0.292,0.68,0.768,0.64,0.508
471,1,1.0,0.14,-0.02,0.06,0.36,0.536,0.62,0.7
472,3,0.98,0.332,0.98,0.252,0.34,0.304,0.3,0.468
473,3,0.96,0.524,1.0,0.444,0.32,0.072,-0.02,0.236
474,7,0.94,0.292,0.68,0.212,0.3,0.264,0.98,0.428
475,7,0.92,0.06,0.36,-0.02,0.28,0.456,1.0,0.62
476,4,0.688,0.04,0.552,0.98,0.472,0.436,0.768,0.3
477,4,0.456,0.02,0.744,1.0,0.664,0.416,0.536,-0.02
478,8,0.648,0.0,0.512,0.68,0.432,0.396,0.728,0.98
479,8,0.84,-0.02,0.28,0.36,0.2,0.376,0.92,1.0
480,2,1.0,0.98,0.472,0.34,-0.032,0.056,0.688,0.98
481,2,1.0,1.0,0.664,0.32,-0.264,-0.264,0.456,0.96
482,6,0.768,0.68,0.432,0.3,-0.072,0.736,0.648,0.94
483,6,0.536,0.36,0.2,0.28,0.12,1.0,0.84,0.92
484,,0.516,0.34,0.18,0.26,0.1,0.98,0.82,0.9
485,,0.496,0.32,0.16,0.24,0.08,0.96,0.8,0.88
486,,0.476,0.3,0.14,0.22,0.06,0.94,0.78,0.86
487,,0.456,0.28,0.12,0.2,0.04,0.92,0.76,0.84
488,,0.436,0.26,0.1,0.18,0.02,0.9,0.74,0.82
489,,0.416,0.24,0.08,0.16,0.0,0.88,0.72,0.8
490,,0.396,0.22,0.06,0.14,-0.02,0.86,0.7,0.78
491,5,0.076,-0.012,0.04,0.332,0.98,1.0,0.68,0.548
492,5,-0.244,-0.244,0.02,0.524,1.0,1.0,0.66,0.316
493,1,0.756,-0.052,0.0,0.292,0.68,0.768,0.64,0.508
494,1,1.0,0.14,-0.02,0.06,0.36,0.536,0.62,0.7
495,3,0.98,0.332,0.98,0.252,0.34,0.304,0.3,0.468
496,3,0.96,0.524,1.0,0.444,0.32,0.072,-0.02,0.236
497,7,0.94,0.292,0.68,0.212,0.3,0.264,0.98,0.428
498,7,0.92,0.06,0.36,-0.02,0.28,0.456,1.0,0.62
499,4,0.688,0.04,0.552,0.98,0.472,0.436,0.768,0.3
500,4,0.456,0.02,0.744,1.0,0.664,0.416,0.536,-0.02
501,8,0.648,0.0,0.512,0.68,0.432,0.396,0.728,0.98
502,8,0.84,-0.02,0.28,0.36,0.2,0.376,0.92,1.0
503,2,1.0,0.98,0.472,0.34,-0.032,0.056,0.688,0.98
504,2,1.0,1.0,0.664,0.32,-0.264,-0.264,0.456,0.96
505,6,0.768,0.68,0.432,0.3,-0.072,0.736,0.648,0.94
506,6,0.536,0.36,0.2,0.28,0.12,1.0,0.84,0.92
507,,0.516,0.34,0.18,0.26,0.1,0.98,0.82,0.9
508,,0.496,0.32,0.16,0.24,0.08,0.96,0.8,0.88
509,,0.476,0.3,0.14,0.22,0.06,0.94,0.78,0.86
510,,0.456,0.28,0.12,0.2,0.04,0.92,0.76,0.84
511,,0.436,0.26,0.1,0.18,0.02,0.9,0.74,0.82
512,,0.416,0.24,0.08,0.16,0.0,0.88,0.72,0.8
513,,0.396,0.22,0.06,0.14,-0.02,0.86,0.7,0.78
514,5,0.076,-0.012,0.04,0.332,0.98,1.0,0.68,0.548
515,5,-0.244,-0.244,0.02,0.524,1.0,1.0,0.66,0.316
516,1,0.756,-0.052,0.0,0.292,0.68,0.768,0.64,0.508
517,1,1.0,0.14,-0.02,0.06,0.36,0.536,0.62,0.7
518,3,0.98,0.332,0.98,0.252,0.34,0.304,0.3,0.468
519,3,0.96,0.524,1.0,0.444,0.32,0.072,-0.02,0.236
520,7,0.94,0.292,0.68,0.212,0.3,0.264,0.98,0.428
521,7,0.92,0.06,0.36,-0.02,0.28,0.456,1.0,0.62
522,4,0.688,0.04,0.552,0.98,0.472,0.436,0.768,0.3
523,4,0.456,0.02,0.744,1.0,0.664,0.416,0.536,-0.02
524,8,0.648,0.0,0.512,0.68,0.432,0.396,0.728,0.98
525,8,0.84,-0.02,0.28,0.36,0.2,0.376,0.92,1.0
526,2,1.0,0.98,0.472,0.34,-0.032,0.056,0.688,0.98
527,2,1.0,1.0,0.664,0.32,-0.264,-0.264,0.456,0.96
528,5,0.68,0.768,0.644,0.512,0.736,-0.072,0.436,0.728
529,5,0.36,0.536,0.624,0.704,1.0,0.12,0.416,0.496
530,,0.34,0.516,0.604,0.684,0.98,0.1,0.396,0.476
531,,0.32,0.496,0.584,0.664,0.96,0.08,0.376,0.456
532,,0.3,0.476,0.564,0.644,0.94,0.06,0.356,0.436
533,,0.28,0.456,0.544,0.624,0.92,0.04,0.336,0.416
534,,0.26,0.436,0.524,0.604,0.9,0.02,0.316,0.396
535,,0.24,0.416,0.504,0.584,0.88,0.0,0.296,0.376
536,,0.22,0.396,0.484,0.564,0.86,-0.02,0.276,0.356
537,6,-0.012,0.076,0.252,0.544,1.0,0.98,0.468,0.336
538,6,-0.244,-0.244,0.02,0.524,1.0,1.0,0.66,0.316
539,2,-0.052,0.756,0.212,0.504,0.768,0.68,0.428,0.296
540,2,0.14,1.0,0.404,0.484,0.536,0.36,0.196,0.276
541,,0.12,0.98,0.384,0.464,0.516,0.34,0.176,0.256
542,,0.1,0.96,0.364,0.444,0.496,0.32,0.156,0.236
543,,0.08,0.94,0.344,0.424,0.476,0.3,0.136,0.216
544,,0.06,0.92,0.324,0.404,0.456,0.28,0.116,0.196
545,,0.04,0.9,0.304,0.384,0.436,0.26,0.096,0.176
546,,0.02,0.88,0.284,0.364,0.416,0.24,0.076,0.156
547,,0.0,0.86,0.264,0.344,0.396,0.22,0.056,0.136
548,,-0.02,0.84,0.244,0.324,0.376,0.2,0.036,0.116
549,1,0.98,1.0,0.224,0.092,0.056,-0.032,0.016,0.308
550,1,1.0,1.0,0.204,-0.14,-0.264,-0.264,-0.004,0.5
551,6,0.768,0.68,-0.028,-0.16,-0.072,0.736,0.188,0.48
552,6,0.536,0.36,-0.26,-0.18,0.12,1.0,0.38,0.46
553,3,0.516,0.552,0.74,0.012,0.1,0.768,0.06,0.228
554,3,0.496,0.744,1.0,0.204,0.08,0.536,-0.26,-0.004
555,7,0.476,0.512,0.68,-0.028,0.06,0.728,0.74,0.188
556,7,0.456,0.28,0.36,-0.26,0.04,0.92,1.0,0.38
557,4,0.224,0.26,0.552,0.74,0.232,0.9,0.768,0.06
558,4,-0.008,0.24,0.744,1.0,0.424,0.88,0.536,-0.26
559,8,0.184,0.22,0.512,0.68,0.192,0.86,0.728,0.74
560,8,0.376,0.2,0.28,0.36,-0.04,0.84,0.92,1.0
561,5,0.056,-0.032,0.26,0.552,0.96,1.0,0.9,0.768
562,5,-0.264,-0.264,0.24,0.744,1.0,1.0,0.88,0.536
563,2,-0.072,0.736,0.432,0.724,0.768,0.68,0.648,0.516
564,2,0.12,1.0,0.624,0.704,0.536,0.36,0.416,0.496
565,,0.1,0.98,0.604,0.684,0.516,0.34,0.396,0.476
566,,0.08,0.96,0.584,0.664,0.496,0.32,0.376,0.456
567,,0.06,0.94,0.564,0.644,0.476,0.3,0.356,0.436
568,,0.04,0.92,0.544,0.624,0.456,0.28,0.336,0.416
569,,0.02,0.9,0.524,0.604,0.436,0.26,0.316,0.396
570,,0.0,0.88,0.504,0.584,0.416,0.24,0.296,0.376
571,,-0.02,0.86,0.484,0.564,0.396,0.22,0.276,0.356
572,1,0.98,1.0,0.464,0.332,0.076,-0.012,0.256,0.548
573,1,1.0,1.0,0.444,0.1,-0.244,-0.244,0.236,0.74
574,5,0.68,0.768,0.424,0.292,0.756,-0.052,0.216,0.508
575,5,0.36,0.536,0.404,0.484,1.0,0.14,0.196,0.276
576,,0.34,0.516,0.384,0.464,0.98,0.12,0.176,0.256
577,,0.32,0.496,0.364,0.444,0.96,0.1,0.156,0.236
578,,0.3,0.476,0.344,0.424,0.94,0.08,0.136,0.216
579,,0.28,0.456,0.324,0.404,0.92,0.06,0.116,0.196
580,,0.26,0.436,0.304,0.384,0.9,0.04,0.096,0.176
581,,0.24,0.416,0.284,0.364,0.88,0.02,0.076,0.156
582,,0.22,0.396,0.264,0.344,0.86,0.0,0.056,0.136
583,,0.2,0.376,0.244,0.324,0.84,-0.02,0.036,0.116
584,6,-0.032,0.056,0.012,0.304,1.0,0.98,0.228,0.096
585,6,-0.264,-0.264,-0.22,0.284,1.0,1.0,0.42,0.076
586,2,-0.072,0.736,-0.028,0.264,0.768,0.68,0.188,0.056
587,2,0.12,1.0,0.164,0.244,0.536,0.36,-0.044,0.036
588,7,0.1,0.768,-0.156,0.012,0.516,0.552,0.956,0.228
589,7,0.08,0.536,-0.476,-0.22,0.496,0.744,1.0,0.42
590,3,0.06,0.728,0.524,-0.028,0.476,0.512,0.68,0.188
591,3,0.04,0.92,1.0,0.164,0.456,0.28,0.36,-0.044
592,8,0.232,0.9,0.768,-0.156,0.224,0.26,0.552,0.956
593,8,0.424,0.88,0.536,-0.476,-0.008,0.24,0.744,1.0
594,4,0.192,0.86,0.728,0.524,0.184,0.22,0.512,0.68
595,4,-0.04,0.84,0.92,1.0,0.376,0.2,0.28,0.36
596,1,0.96,1.0,0.9,0.768,0.056,-0.032,0.26,0.552
597,1,1.0,1.0,0.88,0.536,-0.264,-0.264,0.24,0.744
598,5,0.68,0.768,0.86,0.728,0.736,-0.072,0.22,0.512
599,5,0.36,0.536,0.84,0.92,1.0,0.12,0.2,0.28
600,,0.34,0.516,0.82,0.9,0.98,0.1,0.18,0.26
601,,0.32,0.496,0.8,0.88,0.96,0.08,0.16,0.24
602,,0.3,0.476,0.78,0.86,0.94,0.06,0.14,0.22
603,,0.28,0.456,0.76,0.84,0.92,0.04,0.12,0.2
604,,0.26,0.436,0.74,0.82,0.9,0.02,0.1,0.18
605,,0.24,0.416,0.72,0.8,0.88,0.0,0.08,0.16
606,,0.22,0.396,0.7,0.78,0.86,-0.02,0.06,0.14
607,6,-0.012,0.076,0.468,0.76,1.0,0.98,0.252,0.12
608,6,-0.244,-0.244,0.236,0.74,1.0,1.0,0.444,0.1
609,1,0.756,-0.052,0.216,0.508,0.68,0.768,0.424,0.292
610,1,1.0,0.14,0.196,0.276,0.36,0.536,0.404,0.484
611,,0.98,0.12,0.176,0.256,0.34,0.516,0.384,0.464
612,,0.96,0.1,0.156,0.236,0.32,0.496,0.364,0.444
613,,0.94,0.08,0.136,0.216,0.3,0.476,0.344,0.424
614,,0.92,0.06,0.116,0.196,0.28,0.456,0.324,0.404
615,,0.9,0.04,0.096,0.176,0.26,0.436,0.304,0.384
616,,0.88,0.02,0.076,0.156,0.24,0.416,0.284,0.364
617,,0.86,0.0,0.056,0.136,0.22,0.396,0.264,0.344
618,,0.84,-0.02,0.036,0.116,0.2,0.376,0.244,0.324
619,2,1.0,0.98,0.228,0.096,-0.032,0.056,0.012,0.304
620,2,1.0,1.0,0.42,0.076,-0.264,-0.264,-0.22,0.284
621,6,0.768,0.68,0.188,0.056,-0.072,0.736,-0.028,0.264
622,6,0.536,0.36,-0.044,0.036,0.12,1.0,0.164,0.244
623,3,0.516,0.552,0.956,0.228,0.1,0.768,-0.156,0.012
624,3,0.496,0.744,1.0,0.42,0.08,0.536,-0.476,-0.22
625,7,0.476,0.512,0.68,0.188,0.06,0.728,0.524,-0.028
626,7,0.456,0.28,0.36,-0.044,0.04,0.92,1.0,0.164
627,4,0.224,0.26,0.552,0.956,0.232,0.9,0.768,-0.156
628,4,-0.008,0.24,0.744,1.0,0.424,0.88,0.536,-0.476
629,8,0.184,0.22,0.512,0.68,0.192,0.86,0.728,0.524
630,8,0.376,0.2,0.28,0.36,-0.04,0.84,0.92,1.0
631,5,0.056,-0.032,0.26,0.552,0.96,1.0,0.9,0.768
632,5,-0.264,-0.264,0.24,0.744,1.0,1.0,0.88,0.536
633,2,-0.072,0.736,0.432,0.724,0.768,0.68,0.648,0.516
634,2,0.12,1.0,0.624,0.704,0.536,0.36,0.416,0.496
635,,0.1,0.98,0.604,0.684,0.516,0.34,0.396,0.476
636,,0.08,0.96,0.584,0.664,0.496,0.32,0.376,0.456
637,,0.06,0.94,0.564,0.644,0.476,0.3,0.356,0.436
638,,0.04,0.92,0.544,0.624,0.456,0.28,0.336,0.416
639,,0.02,0.9,0.524,0.604,0.436,0.26,0.316,0.396
640,,0.0,0.88,0.504,0.584,0.416,0.24,0.296,0.376
641,,-0.02,0.86,0.484,0.564,0.396,0.22,0.276,0.356
642,1,0.98,1.0,0.464,0.332,0.076,-0.012,0.256,0.548
643,1,1.0,1.0,0.444,0.1,-0.244,-0.244,0.236,0.74
644,5,0.68,0.768,0.424,0.292,0.756,-0.052,0.216,0.508
645,5,0.36,0.536,0.404,0.484,1.0,0.14,0.196,0.276
646,,0.34,0.516,0.384,0.464,0.98,0.12,0.176,0.256
647,,0.32,0.496,0.364,0.444,0.96,0.1,0.156,0.236
648,,0.3,0.476,0.344,0.424,0.94,0.08,0.136,0.216
649,,0.28,0.456,0.324,0.404,0.92,0.06,0.116,0.196
650,,0.26,0.436,0.304,0.384,0.9,0.04,0.096,0.176
651,,0.24,0.416,0.284,0.364,0.88,0.02,0.076,0.156
652,,0.22,0.396,0.264,0.344,0.86,0.0,0.056,0.136
653,,0.2,0.376,0.244,0.324,0.84,-0.02,0.036,0.116
654,6,-0.032,0.056,0.012,0.304,1.0,0.98,0.228,0.096
655,6,-0.264,-0.264,-0.22,0.284,1.0,1.0,0.42,0.076
656,1,0.736,-0.072,-0.24,0.052,0.68,0.768,0.4,0.268
657,1,1.0,0.12,-0.26,-0.18,0.36,0.536,0.38,0.46
658,3,0.98,0.312,0.74,0.012,0.34,0.304,0.06,0.228
659,3,0.96,0.504,1.0,0.204,0.32,0.072,-0.26,-0.004
660,7,0.94,0.272,0.68,-0.028,0.3,0.264,0.74,0.188
661,7,0.92,0.04,0.36,-0.26,0.28,0.456,1.0,0.38
662,4,0.688,0.02,0.552,0.74,0.472,0.436,0.768,0.06
663,4,0.456,0.0,0.744,1.0,0.664,0.416,0.536,-0.26
664,8,0.648,-0.02,0.512,0.68,0.432,0.396,0.728,0.74
665,8,0.84,-0.04,0.28,0.36,0.2,0.376,0.92,1.0
666,2,1.0,0.96,0.472,0.34,-0.032,0.056,0.688,0.98
667,2,1.0,1.0,0.664,0.32,-0.264,-0.264,0.456,0.96
668,6,0.768,0.68,0.432,0.3,-0.072,0.736,0.648,0.94
669,6,0.536,0.36,0.2,0.28,0.12,1.0,0.84,0.92
670,,0.516,0.34,0.18,0.26,0.1,0.98,0.82,0.9
671,,0.496,0.32,0.16,0.24,0.08,0.96,0.8,0.88
672,,0.476,0.3,0.14,0.22,0.06,0.94,0.78,0.86
673,,0.456,0.28,0.12,0.2,0.04,0.92,0.76,0.84
674,,0.436,0.26,0.1,0.18,0.02,0.9,0.74,0.82
675,,0.416,0.24,0.08,0.16,0.0,0.88,0.72,0.8
676,,0.396,0.22,0.06,0.14,-0.02,0.86,0.7,0.78
677,5,0.076,-0.012,0.04,0.332,0.98,1.0,0.68,0.548
678,5,-0.244,-0.244,0.02,0.524,1.0,1.0,0.66,0.316
679,2,-0.052,0.756,0.212,0.504,0.768,0.68,0.428,0.296
680,2,0.14,1.0,0.404,0.484,0.536,0.36,0.196,0.276
681,,0.12,0.98,0.384,0.464,0.516,0.34,0.176,0.256
682,,0.1,0.96,0.364,0.444,0.496,0.32,0.156,0.236
683,,0.08,0.94,0.344,0.424,0.476,0.3,0.136,0.216
684,,0.06,0.92,0.324,0.404,0.456,0.28,0.116,0.196
685,,0.04,0.9,0.304,0.384,0.436,0.26,0.096,0.176
686,,0.02,0.88,0.284,0.364,0.416,0.24,0.076,0.156
687,,0.0,0.86,0.264,0.344,0.396,0.22,0.056,0.136
688,,-0.02,0.84,0.244,0.324,0.376,0.2,0.036,0.116
689,1,0.98,1.0,0.224,0.092,0.056,-0.032,0.016,0.308
690,1,1.0,1.0,0.204,-0.14,-0.264,-0.264,-0.004,0.5
691,6,0.768,0.68,-0.028,-0.16,-0.072,0.736,0.188,0.48
692,6,0.536,0.36,-0.26,-0.18,0.12,1.0,0.38,0.46
693,3,0.516,0.552,0.74,0.012,0.1,0.768,0.06,0.228
694,3,0.496,0.744,1.0,0.204,0.08,0.536,-0.26,-0.004
695,7,0.476,0.512,0.68,-0.028,0.06,0.728,0.74,0.188
696,7,0.456,0.28,0.36,-0.26,0.04,0.92,1.0,0.38
697,4,0.224,0.26,0.552,0.74,0.232,0.9,0.768,0.06
698,4,-0.008,0.24,0.744,1.0,0.424,0.88,0.536,-0.26
699,8,0.184,0.22,0.512,0.68,0.192,0.86,0.728,0.74
700,8,0.376,0.2,0.28,0.36,-0.04,0.84,0.92,1.0
701,5,0.056,-0.032,0.26,0.552,0.96,1.0,0.9,0.768
702,5,-0.264,-0.264,0.24,0.744,1.0,1.0,0.88,0.536
703,1,0.736,-0.072,0.22,0.512,0.68,0.768,0.86,0.728
704,1,1.0,0.12,0.2,0.28,0.36,0.536,0.84,0.92
705,,0.98,0.1,0.18,0.26,0.34,0.516,0.82,0.9
706,,0.96,0.08,0.16,0.24,0.32,0.496,0.8,0.88
707,,0.94,0.06,0.14,0.22,0.3,0.476,0.78,0.86
708,,0.92,0.04,0.12,0.2,0.28,0.456,0.76,0.84
709,,0.9,0.02,0.1,0.18,0.26,0.436,0.74,0.82
710,,0.88,0.0,0.08,0.16,0.24,0.416,0.72,0.8
711,,0.86,-0.02,0.06,0.14,0.22,0.396,0.7,0.78
712,2,1.0,0.98,0.252,0.12,-0.012,0.076,0.468,0.76
713,2,1.0,1.0,0.444,0.1,-0.244,-0.244,0.236,0.74
714,5,0.68,0.768,0.424,0.292,0.756,-0.052,0.216,0.508
715,5,0.36,0.536,0.404,0.484,1.0,0.14,0.196,0.276
716,,0.34,0.516,0.384,0.464,0.98,0.12,0.176,0.256
717,,0.32,0.496,0.364,0.444,0.96,0.1,0.156,0.236
718,,0.3,0.476,0.344,0.424,0.94,0.08,0.136,0.216
719,,0.28,0.456,0.324,0.404,0.92,0.06,0.116,0.196
720,,0.26,0.436,0.304,0.384,0.9,0.04,0.096,0.176
721,,0.24,0.416,0.284,0.364,0.88,0.02,0.076,0.156
722,,0.22,0.396,0.264,0.344,0.86,0.0,0.056,0.136
723,,0.2,0.376,0.244,0.324,0.84,-0.02,0.036,0.116
724,6,-0.032,0.056,0.012,0.304,1.0,0.98,0.228,0.096
725,6,-0.264,-0.264,-0.22,0.284,1.0,1.0,0.42,0.076
726,1,0.736,-0.072,-0.24,0.052,0.68,0.768,0.4,0.268
727,1,1.0,0.12,-0.26,-0.18,0.36,0.536,0.38,0.46
728,3,0.98,0.312,0.74,0.012,0.34,0.304,0.06,0.228
729,3,0.96,0.504,1.0,0.204,0.32,0.072,-0.26,-0.004
730,7,0.94,0.272,0.68,-0.028,0.3,0.264,0.74,0.188
731,7,0.92,0.04,0.36,-0.26,0.28,0.456,1.0,0.38
732,4,0.688,0.02,0.552,0.74,0.472,0.436,0.768,0.06
733,4,0.456,0.0,0.744,1.0,0.664,0.416,0.536,-0.26
734,8,0.648,-0.02,0.512,0.68,0.432,0.396,0.728,0.74
735,8,0.84,-0.04,0.28,0.36,0.2,0.376,0.92,1.0
736,2,1.0,0.96,0.472,0.34,-0.032,0.056,0.688,0.98
737,2,1.0,1.0,0.664,0.32,-0.264,-0.264,0.456,0.96
738,5,0.68,0.768,0.644,0.512,0.736,-0.072,0.436,0.728
739,5,0.36,0.536,0.624,0.704,1.0,0.12,0.416,0.496
740,,0.34,0.516,0.604,0.684,0.98,0.1,0.396,0.476
741,,0.32,0.496,0.584,0.664,0.96,0.08,0.376,0.456
742,,0.3,0.476,0.564,0.644,0.94,0.06,0.356,0.436
743,,0.28,0.456,0.544,0.624,0.92,0.04,0.336,0.416
744,,0.26,0.436,0.524,0.604,0.9,0.02,0.316,0.396
745,,0.24,0.416,0.504,0.584,0.88,0.0,0.296,0.376
746,,0.22,0.396,0.484,0.564,0.86,-0.02,0.276,0.356
747,6,-0.012,0.076,0.252,0.544,1.0,0.98,0.468,0.336
748,6,-0.244,-0.244,0.02,0.524,1.0,1.0,0.66,0.316
749,1,0.756,-0.052,0.0,0.292,0.68,0.768,0.64,0.508
750,1,1.0,0.14,-0.02,0.06,0.36,0.536,0.62,0.7
751,3,0.98,0.332,0.98,0.252,0.34,0.304,0.3,0.468
752,3,0.96,0.524,1.0,0.444,0.32,0.072,-0.02,0.236
753,7,0.94,0.292,0.68,0.212,0.3,0.264,0.98,0.428
754,7,0.92,0.06,0.36,-0.02,0.28,0.456,1.0,0.62
755,4,0.688,0.04,0.552,0.98,0.472,0.436,0.768,0.3
756,4,0.456,0.02,0.744,1.0,0.664,0.416,0.536,-0.02
757,8,0.648,0.0,0.512,0.68,0.432,0.396,0.728,0.98
758,8,0.84,-0.02,0.28,0.36,0.2,0.376,0.92,1.0
759,2,1.0,0.98,0.472,0.34,-0.032,0.056,0.688,0.98
760,2,1.0,1.0,0.664,0.32,-0.264,-0.264,0.456,0.96
761,5,0.68,0.768,0.644,0.512,0.736,-0.072,0.436,0.728
762,5,0.36,0.536,0.624,0.704,1.0,0.12,0.416,0.496
763,,0.34,0.516,0.604,0.684,0.98,0.1,0.396,0.476
764,,0.32,0.496,0.584,0.664,0.96,0.08,0.376,0.456
765,,0.3,0.476,0.564,0.644,0.94,0.06,0.356,0.436
766,,0.28,0.456,0.544,0.624,0.92,0.04,0.336,0.416
767,,0.26,0.436,0.524,0.604,0.9,0.02,0.316,0.396
768,,0.24,0.416,0.504,0.584,0.88,0.0,0.296,0.376
769,,0.22,0.396,0.484,0.564,0.86,-0.02,0.276,0.356
770,6,-0.012,0.076,0.252,0.544,1.0,0.98,0.468,0.336
771,6,-0.244,-0.244,0.02,0.524,1.0,1.0,0.66,0.316
772,2,-0.052,0.756,0.212,0.504,0.768,0.68,0.428,0.296
773,2,0.14,1.0,0.404,0.484,0.536,0.36,0.196,0.276
774,,0.12,0.98,0.384,0.464,0.516,0.34,0.176,0.256
775,,0.1,0.96,0.364,0.444,0.496,0.32,0.156,0.236
776,,0.08,0.94,0.344,0.424,0.476,0.3,0.136,0.216
777,,0.06,0.92,0.324,0.404,0.456,0.28,0.116,0.196
778,,0.04,0.9,0.304,0.384,0.436,0.26,0.096,0.176
779,,0.02,0.88,0.284,0.364,0.416,0.24,0.076,0.156
780,,0.0,0.86,0.264,0.344,0.396,0.22,0.056,0.136
781,,-0.02,0.84,0.244,0.324,0.376,0.2,0.036,0.116
782,1,0.98,1.0,0.224,0.092,0.056,-0.032,0.016,0.308
783,1,1.0,1.0,0.204,-0.14,-0.264,-0.264,-0.004,0.5
784,5,0.68,0.768,0.184,0.052,0.736,-0.072,-0.024,0.268
785,5,0.36,0.536,0.164,0.244,1.0,0.12,-0.044,0.036
786,7,0.34,0.304,-0.156,0.012,0.98,0.312,0.956,0.228
787,7,0.32,0.072,-0.476,-0.22,0.96,0.504,1.0,0.42
788,3,0.3,0.264,0.524,-0.028,0.94,0.272,0.68,0.188
789,3,0.28,0.456,1.0,0.164,0.92,0.04,0.36,-0.044
790,8,0.472,0.436,0.768,-0.156,0.688,0.02,0.552,0.956
791,8,0.664,0.416,0.536,-0.476,0.456,0.0,0.744,1.0
792,4,0.432,0.396,0.728,0.524,0.648,-0.02,0.512,0.68
793,4,0.2,0.376,0.92,1.0,0.84,-0.04,0.28,0.36
794,6,-0.032,0.056,0.688,0.98,1.0,0.96,0.472,0.34
795,6,-0.264,-0.264,0.456,0.96,1.0,1.0,0.664,0.32
796,1,0.736,-0.072,0.436,0.728,0.68,0.768,0.644,0.512
797,1,1.0,0.12,0.416,0.496,0.36,0.536,0.624,0.704
798,,0.98,0.1,0.396,0.476,0.34,0.516,0.604,0.684
799,,0.96,0.08,0.376,0.456,0.32,0.496,0.584,0.664
800,,0.94,0.06,0.356,0.436,0.3,0.476,0.564,0.644
801,,0.92,0.04,0.336,0.416,0.28,0.456,0.544,0.624
802,,0.9,0.02,0.316,0.396,0.26,0.436,0.524,0.604
803,,0.88,0.0,0.296,0.376,0.24,0.416,0.504,0.584
804,,0.86,-0.02,0.276,0.356,0.22,0.396,0.484,0.564
805,2,1.0,0.98,0.468,0.336,-0.012,0.076,0.252,0.544
806,2,1.0,1.0,0.66,0.316,-0.244,-0.244,0.02,0.524
807,5,0.68,0.768,0.64,0.508,0.756,-0.052,0.0,0.292
808,5,0.36,0.536,0.62,0.7,1.0,0.14,-0.02,0.06
