step,active_motive,motive_1,motive_2,motive_3,motive_4,motive_5,motive_6,motive_7,motive_8
0,,0.02503,0.00388,0.03033,0.05371,0.03267,0.08279,0.02715,0.09653
1,,0.00503,-0.01612,0.01033,0.03371,0.01267,0.06279,0.00715,0.07653
2,2,0.19703,0.98388,0.20233,0.01371,-0.21933,-0.25721,-0.22485,0.05653
3,2,0.38903,1.0,0.39433,-0.00629,-0.45133,-0.57721,-0.45685,0.03653
4,6,0.15703,0.68,0.16233,-0.02629,-0.25933,0.42279,-0.26485,0.01653
5,6,-0.07497,0.36,-0.06967,-0.04629,-0.06733,1.0,-0.07285,-0.00347
6,1,0.92503,0.552,-0.08967,-0.27829,-0.38733,0.768,-0.09285,0.18853
7,1,1.0,0.744,-0.10967,-0.51029,-0.70733,0.536,-0.11285,0.38053
8,5,0.68,0.512,-0.12967,-0.31829,0.29267,0.728,-0.13285,0.14853
9,5,0.36,0.28,-0.14967,-0.12629,1.0,0.92,-0.15285,-0.08347
10,7,0.34,0.048,-0.46967,-0.35829,0.98,1.0,0.84715,0.10853
11,7,0.32,-0.184,-0.78967,-0.59029,0.96,1.0,1.0,0.30053
12,3,0.3,0.008,0.21033,-0.39829,0.94,0.768,0.68,0.06853
13,3,0.28,0.2,1.0,-0.20629,0.92,0.536,0.36,-0.16347
14,4,0.048,0.18,1.0,0.79371,1.0,0.516,0.128,-0.48347
15,4,-0.184,0.16,1.0,1.0,1.0,0.496,-0.104,-0.80347
16,8,0.008,0.14,0.768,0.68,0.768,0.476,0.088,0.19653
17,8,0.2,0.12,0.536,0.36,0.536,0.456,0.28,1.0
18,,0.18,0.1,0.516,0.34,0.516,0.436,0.26,0.98
19,,0.16,0.08,0.496,0.32,0.496,0.416,0.24,0.96
20,,0.14,0.06,0.476,0.3,0.476,0.396,0.22,0.94
21,,0.12,0.04,0.456,0.28,0.456,0.376,0.2,0.92
22,,0.1,0.02,0.436,0.26,0.436,0.356,0.18,0.9
23,,0.08,0.0,0.416,0.24,0.416,0.336,0.16,0.88
24,,0.06,-0.02,0.396,0.22,0.396,0.316,0.14,0.86
25,2,0.252,0.98,0.588,0.2,0.164,-0.004,-0.092,0.84
26,2,0.444,1.0,0.78,0.18,-0.068,-0.324,-0.324,0.82
27,6,0.212,0.68,0.548,0.16,0.124,0.676,-0.132,0.8
28,6,-0.02,0.36,0.316,0.14,0.316,1.0,0.06,0.78
29,1,0.98,0.552,0.296,-0.092,-0.004,0.768,0.04,0.972
30,1,1.0,0.744,0.276,-0.324,-0.324,0.536,0.02,1.0
31,5,0.68,0.512,0.256,-0.132,0.676,0.728,0.0,0.768
32,5,0.36,0.28,0.236,0.06,1.0,0.92,-0.02,0.536
33,7,0.34,0.048,-0.084,-0.172,0.98,1.0,0.98,0.728
34,7,0.32,-0.184,-0.404,-0.404,0.96,1.0,1.0,0.92
35,4,0.088,-0.204,-0.212,0.596,1.0,0.98,0.768,0.6
36,4,-0.144,-0.224,-0.02,1.0,1.0,0.96,0.536,0.28
37,2,0.048,0.776,0.172,0.98,0.768,0.64,0.304,0.26
38,2,0.24,1.0,0.364,0.96,0.536,0.32,0.072,0.24
39,,0.22,0.98,0.344,0.94,0.516,0.3,0.052,0.22
40,,0.2,0.96,0.324,0.92,0.496,0.28,0.032,0.2
41,,0.18,0.94,0.304,0.9,0.476,0.26,0.012,0.18
42,,0.16,0.92,0.284,0.88,0.456,0.24,-0.008,0.16
43,7,0.14,0.688,-0.036,0.648,0.436,0.432,0.992,0.352
44,7,0.12,0.456,-0.356,0.416,0.416,0.624,1.0,0.544
45,3,0.1,0.648,0.644,0.608,0.396,0.392,0.68,0.312
46,3,0.08,0.84,1.0,0.8,0.376,0.16,0.36,0.08
47,,0.06,0.82,0.98,0.78,0.356,0.14,0.34,0.06
48,,0.04,0.8,0.96,0.76,0.336,0.12,0.32,0.04
49,,0.02,0.78,0.94,0.74,0.316,0.1,0.3,0.02
50,,0.0,0.76,0.92,0.72,0.296,0.08,0.28,0.0
51,,-0.02,0.74,0.9,0.7,0.276,0.06,0.26,-0.02
52,1,0.98,0.932,0.88,0.468,-0.044,-0.172,0.24,0.172
53,1,1.0,1.0,0.86,0.236,-0.364,-0.404,0.22,0.364
54,6,0.768,0.68,0.628,0.216,-0.172,0.596,0.412,0.344
55,6,0.536,0.36,0.396,0.196,0.02,1.0,0.604,0.324
56,,0.516,0.34,0.376,0.176,0.0,0.98,0.584,0.304
57,,0.496,0.32,0.356,0.156,-0.02,0.96,0.564,0.284
58,5,0.176,0.088,0.336,0.348,0.98,1.0,0.544,0.052
59,5,-0.144,-0.144,0.316,0.54,1.0,1.0,0.524,-0.18
60,8,0.048,-0.164,0.084,0.22,0.768,0.98,0.716,0.82
61,8,0.24,-0.184,-0.148,-0.1,0.536,0.96,0.908,1.0
62,2,0.432,0.816,0.044,-0.12,0.304,0.64,0.676,0.98
63,2,0.624,1.0,0.236,-0.14,0.072,0.32,0.444,0.96
64,4,0.392,0.98,0.428,0.86,0.264,0.3,0.212,0.64
65,4,0.16,0.96,0.62,1.0,0.456,0.28,-0.02,0.32
66,7,0.14,0.728,0.3,0.768,0.436,0.472,0.98,0.512
67,7,0.12,0.496,-0.02,0.536,0.416,0.664,1.0,0.704
68,3,0.1,0.688,0.98,0.728,0.396,0.432,0.68,0.472
69,3,0.08,0.88,1.0,0.92,0.376,0.2,0.36,0.24
70,,0.06,0.86,0.98,0.9,0.356,0.18,0.34,0.22
71,,0.04,0.84,0.96,0.88,0.336,0.16,0.32,0.2
72,,0.02,0.82,0.94,0.86,0.316,0.14,0.3,0.18
73,,0.0,0.8,0.92,0.84,0.296,0.12,0.28,0.16
74,,-0.02,0.78,0.9,0.82,0.276,0.1,0.26,0.14
75,1,0.98,0.972,0.88,0.588,-0.044,-0.132,0.24,0.332
76,1,1.0,1.0,0.86,0.356,-0.364,-0.364,0.22,0.524
77,6,0.768,0.68,0.628,0.336,-0.172,0.636,0.412,0.504
78,6,0.536,0.36,0.396,0.316,0.02,1.0,0.604,0.484
79,,0.516,0.34,0.376,0.296,0.0,0.98,0.584,0.464
80,,0.496,0.32,0.356,0.276,-0.02,0.96,0.564,0.444
81,5,0.176,0.088,0.336,0.468,0.98,1.0,0.544,0.212
82,5,-0.144,-0.144,0.316,0.66,1.0,1.0,0.524,-0.02
83,2,0.048,0.856,0.508,0.64,0.768,0.68,0.292,-0.04
84,2,0.24,1.0,0.7,0.62,0.536,0.36,0.06,-0.06
85,8,0.432,0.98,0.468,0.3,0.304,0.34,0.252,0.94
86,8,0.624,0.96,0.236,-0.02,0.072,0.32,0.444,1.0
87,4,0.392,0.94,0.428,0.98,0.264,0.3,0.212,0.68
88,4,0.16,0.92,0.62,1.0,0.456,0.28,-0.02,0.36
89,7,0.14,0.688,0.3,0.768,0.436,0.472,0.98,0.552
90,7,0.12,0.456,-0.02,0.536,0.416,0.664,1.0,0.744
91,3,0.1,0.648,0.98,0.728,0.396,0.432,0.68,0.512
92,3,0.08,0.84,1.0,0.92,0.376,0.2,0.36,0.28
93,,0.06,0.82,0.98,0.9,0.356,0.18,0.34,0.26
94,,0.04,0.8,0.96,0.88,0.336,0.16,0.32,0.24
95,,0.02,0.78,0.94,0.86,0.316,0.14,0.3,0.22
96,,0.0,0.76,0.92,0.84,0.296,0.12,0.28,0.2
97,,-0.02,0.74,0.9,0.82,0.276,0.1,0.26,0.18
98,1,0.98,0.932,0.88,0.588,-0.044,-0.132,0.24,0.372
99,1,1.0,1.0,0.86,0.356,-0.364,-0.364,0.22,0.564
100,6,0.768,0.68,0.628,0.336,-0.172,0.636,0.412,0.544
101,6,0.536,0.36,0.396,0.316,0.02,1.0,0.604,0.524
102,,0.516,0.34,0.376,0.296,0.0,0.98,0.584,0.504
103,,0.496,0.32,0.356,0.276,-0.02,0.96,0.564,0.484
104,5,0.176,0.088,0.336,0.468,0.98,1.0,0.544,0.252
105,5,-0.144,-0.144,0.316,0.66,1.0,1.0,0.524,0.02
106,1,0.856,0.048,0.296,0.428,0.68,0.768,0.504,0.212
107,1,1.0,0.24,0.276,0.196,0.36,0.536,0.484,0.404
108,,0.98,0.22,0.256,0.176,0.34,0.516,0.464,0.384
109,,0.96,0.2,0.236,0.156,0.32,0.496,0.444,0.364
110,,0.94,0.18,0.216,0.136,0.3,0.476,0.424,0.344
111,,0.92,0.16,0.196,0.116,0.28,0.456,0.404,0.324
112,,0.9,0.14,0.176,0.096,0.26,0.436,0.384,0.304
113,,0.88,0.12,0.156,0.076,0.24,0.416,0.364,0.284
114,,0.86,0.1,0.136,0.056,0.22,0.396,0.344,0.264
115,,0.84,0.08,0.116,0.036,0.2,0.376,0.324,0.244
116,,0.82,0.06,0.096,0.016,0.18,0.356,0.304,0.224
117,,0.8,0.04,0.076,-0.004,0.16,0.336,0.284,0.204
118,4,0.568,0.02,0.268,0.996,0.352,0.316,0.052,-0.116
119,4,0.336,0.0,0.46,1.0,0.544,0.296,-0.18,-0.436
120,8,0.528,-0.02,0.228,0.68,0.312,0.276,0.012,0.564
121,8,0.72,-0.04,-0.004,0.36,0.08,0.256,0.204,1.0
122,2,0.912,0.96,0.188,0.34,-0.152,-0.064,-0.028,0.98
123,2,1.0,1.0,0.38,0.32,-0.384,-0.384,-0.26,0.96
124,5,0.68,0.768,0.36,0.512,0.616,-0.192,-0.28,0.728
125,5,0.36,0.536,0.34,0.704,1.0,-0.0,-0.3,0.496
126,7,0.34,0.304,0.02,0.472,0.98,0.192,0.7,0.688
127,7,0.32,0.072,-0.3,0.24,0.96,0.384,1.0,0.88
128,3,0.3,0.264,0.7,0.432,0.94,0.152,0.68,0.648
129,3,0.28,0.456,1.0,0.624,0.92,-0.08,0.36,0.416
130,6,0.048,0.136,0.768,0.604,1.0,0.92,0.552,0.396
131,6,-0.184,-0.184,0.536,0.584,1.0,1.0,0.744,0.376
132,1,0.816,0.008,0.516,0.352,0.68,0.768,0.724,0.568
133,1,1.0,0.2,0.496,0.12,0.36,0.536,0.704,0.76
134,,0.98,0.18,0.476,0.1,0.34,0.516,0.684,0.74
135,,0.96,0.16,0.456,0.08,0.32,0.496,0.664,0.72
136,,0.94,0.14,0.436,0.06,0.3,0.476,0.644,0.7
137,,0.92,0.12,0.416,0.04,0.28,0.456,0.624,0.68
138,,0.9,0.1,0.396,0.02,0.26,0.436,0.604,0.66
139,,0.88,0.08,0.376,0.0,0.24,0.416,0.584,0.64
140,,0.86,0.06,0.356,-0.02,0.22,0.396,0.564,0.62
141,4,0.628,0.04,0.548,0.98,0.412,0.376,0.332,0.3
142,4,0.396,0.02,0.74,1.0,0.604,0.356,0.1,-0.02
143,8,0.588,0.0,0.508,0.68,0.372,0.336,0.292,0.98
144,8,0.78,-0.02,0.276,0.36,0.14,0.316,0.484,1.0
145,2,0.972,0.98,0.468,0.34,-0.092,-0.004,0.252,0.98
146,2,1.0,1.0,0.66,0.32,-0.324,-0.324,0.02,0.96
147,6,0.768,0.68,0.428,0.3,-0.132,0.676,0.212,0.94
148,6,0.536,0.36,0.196,0.28,0.06,1.0,0.404,0.92
149,,0.516,0.34,0.176,0.26,0.04,0.98,0.384,0.9
150,,0.496,0.32,0.156,0.24,0.02,0.96,0.364,0.88
151,,0.476,0.3,0.136,0.22,0.0,0.94,0.344,0.86
152,,0.456,0.28,0.116,0.2,-0.02,0.92,0.324,0.84
153,5,0.136,0.048,0.096,0.392,0.98,1.0,0.304,0.608
154,5,-0.184,-0.184,0.076,0.584,1.0,1.0,0.284,0.376
155,2,0.008,0.816,0.268,0.564,0.768,0.68,0.052,0.356
156,2,0.2,1.0,0.46,0.544,0.536,0.36,-0.18,0.336
157,7,0.18,0.768,0.14,0.312,0.516,0.552,0.82,0.528
158,7,0.16,0.536,-0.18,0.08,0.496,0.744,1.0,0.72
159,3,0.14,0.728,0.82,0.272,0.476,0.512,0.68,0.488
160,3,0.12,0.92,1.0,0.464,0.456,0.28,0.36,0.256
161,,0.1,0.9,0.98,0.444,0.436,0.26,0.34,0.236
162,,0.08,0.88,0.96,0.424,0.416,0.24,0.32,0.216
163,,0.06,0.86,0.94,0.404,0.396,0.22,0.3,0.196
164,,0.04,0.84,0.92,0.384,0.376,0.2,0.28,0.176
165,,0.02,0.82,0.9,0.364,0.356,0.18,0.26,0.156
166,,0.0,0.8,0.88,0.344,0.336,0.16,0.24,0.136
167,,-0.02,0.78,0.86,0.324,0.316,0.14,0.22,0.116
168,1,0.98,0.972,0.84,0.092,-0.004,-0.092,0.2,0.308
169,1,1.0,1.0,0.82,-0.14,-0.324,-0.324,0.18,0.5
170,6,0.768,0.68,0.588,-0.16,-0.132,0.676,0.372,0.48
171,6,0.536,0.36,0.356,-0.18,0.06,1.0,0.564,0.46
172,4,0.304,0.34,0.548,0.82,0.252,0.98,0.332,0.14
173,4,0.072,0.32,0.74,1.0,0.444,0.96,0.1,-0.18
174,8,0.264,0.3,0.508,0.68,0.212,0.94,0.292,0.82
175,8,0.456,0.28,0.276,0.36,-0.02,0.92,0.484,1.0
176,5,0.136,0.048,0.256,0.552,0.98,1.0,0.464,0.768
177,5,-0.184,-0.184,0.236,0.744,1.0,1.0,0.444,0.536
178,1,0.816,0.008,0.216,0.512,0.68,0.768,0.424,0.728
179,1,1.0,0.2,0.196,0.28,0.36,0.536,0.404,0.92
180,,0.98,0.18,0.176,0.26,0.34,0.516,0.384,0.9
181,,0.96,0.16,0.156,0.24,0.32,0.496,0.364,0.88
182,,0.94,0.14,0.136,0.22,0.3,0.476,0.344,0.86
183,,0.92,0.12,0.116,0.2,0.28,0.456,0.324,0.84
184,,0.9,0.1,0.096,0.18,0.26,0.436,0.304,0.82
185,,0.88,0.08,0.076,0.16,0.24,0.416,0.284,0.8
186,,0.86,0.06,0.056,0.14,0.22,0.396,0.264,0.78
187,,0.84,0.04,0.036,0.12,0.2,0.376,0.244,0.76
188,,0.82,0.02,0.016,0.1,0.18,0.356,0.224,0.74
189,,0.8,0.0,-0.004,0.08,0.16,0.336,0.204,0.72
190,3,0.78,0.192,0.996,0.272,0.14,0.104,-0.116,0.488
191,3,0.76,0.384,1.0,0.464,0.12,-0.128,-0.436,0.256
192,7,0.74,0.152,0.68,0.232,0.1,0.064,0.564,0.448
193,7,0.72,-0.08,0.36,0.0,0.08,0.256,1.0,0.64
194,2,0.912,0.92,0.552,-0.02,-0.152,-0.064,0.768,0.62
195,2,1.0,1.0,0.744,-0.04,-0.384,-0.384,0.536,0.6
196,6,0.768,0.68,0.512,-0.06,-0.192,0.616,0.728,0.58
197,6,0.536,0.36,0.28,-0.08,-0.0,1.0,0.92,0.56
198,4,0.304,0.34,0.472,0.92,0.192,0.98,0.688,0.24
199,4,0.072,0.32,0.664,1.0,0.384,0.96,0.456,-0.08
200,8,0.264,0.3,0.432,0.68,0.152,0.94,0.648,0.92
201,8,0.456,0.28,0.2,0.36,-0.08,0.92,0.84,1.0
202,5,0.136,0.048,0.18,0.552,0.92,1.0,0.82,0.768
203,5,-0.184,-0.184,0.16,0.744,1.0,1.0,0.8,0.536
204,2,0.008,0.816,0.352,0.724,0.768,0.68,0.568,0.516
205,2,0.2,1.0,0.544,0.704,0.536,0.36,0.336,0.496
206,,0.18,0.98,0.524,0.684,0.516,0.34,0.316,0.476
207,,0.16,0.96,0.504,0.664,0.496,0.32,0.296,0.456
208,,0.14,0.94,0.484,0.644,0.476,0.3,0.276,0.436
209,,0.12,0.92,0.464,0.624,0.456,0.28,0.256,0.416
210,,0.1,0.9,0.444,0.604,0.436,0.26,0.236,0.396
211,,0.08,0.88,0.424,0.584,0.416,0.24,0.216,0.376
212,,0.06,0.86,0.404,0.564,0.396,0.22,0.196,0.356
213,,0.04,0.84,0.384,0.544,0.376,0.2,0.176,0.336
214,,0.02,0.82,0.364,0.524,0.356,0.18,0.156,0.316
215,,0.0,0.8,0.344,0.504,0.336,0.16,0.136,0.296
216,,-0.02,0.78,0.324,0.484,0.316,0.14,0.116,0.276
217,1,0.98,0.972,0.304,0.252,-0.004,-0.092,0.096,0.468
218,1,1.0,1.0,0.284,0.02,-0.324,-0.324,0.076,0.66
219,6,0.768,0.68,0.052,0.0,-0.132,0.676,0.268,0.64
220,6,0.536,0.36,-0.18,-0.02,0.06,1.0,0.46,0.62
221,3,0.516,0.552,0.82,0.172,0.04,0.768,0.14,0.388
222,3,0.496,0.744,1.0,0.364,0.02,0.536,-0.18,0.156
223,7,0.476,0.512,0.68,0.132,0.0,0.728,0.82,0.348
224,7,0.456,0.28,0.36,-0.1,-0.02,0.92,1.0,0.54
225,4,0.224,0.26,0.552,0.9,0.172,0.9,0.768,0.22
226,4,-0.008,0.24,0.744,1.0,0.364,0.88,0.536,-0.1
227,8,0.184,0.22,0.512,0.68,0.132,0.86,0.728,0.9
228,8,0.376,0.2,0.28,0.36,-0.1,0.84,0.92,1.0
229,5,0.056,-0.032,0.26,0.552,0.9,1.0,0.9,0.768
230,5,-0.264,-0.264,0.24,0.744,1.0,1.0,0.88,0.536
231,2,-0.072,0.736,0.432,0.724,0.768,0.68,0.648,0.516
232,2,0.12,1.0,0.624,0.704,0.536,0.36,0.416,0.496
233,,0.1,0.98,0.604,0.684,0.516,0.34,0.396,0.476
234,,0.08,0.96,0.584,0.664,0.496,0.32,0.376,0.456
235,,0.06,0.94,0.564,0.644,0.476,0.3,0.356,0.436
236,,0.04,0.92,0.544,0.624,0.456,0.28,0.336,0.416
237,,0.02,0.9,0.524,0.604,0.436,0.26,0.316,0.396
238,,0.0,0.88,0.504,0.584,0.416,0.24,0.296,0.376
239,,-0.02,0.86,0.484,0.564,0.396,0.22,0.276,0.356
240,1,0.98,1.0,0.464,0.332,0.076,-0.012,0.256,0.548
241,1,1.0,1.0,0.444,0.1,-0.244,-0.244,0.236,0.74
242,5,0.68,0.768,0.424,0.292,0.756,-0.052,0.216,0.508
243,5,0.36,0.536,0.404,0.484,1.0,0.14,0.196,0.276
244,,0.34,0.516,0.384,0.464,0.98,0.12,0.176,0.256
245,,0.32,0.496,0.364,0.444,0.96,0.1,0.156,0.236
246,,0.3,0.476,0.344,0.424,0.94,0.08,0.136,0.216
247,,0.28,0.456,0.324,0.404,0.92,0.06,0.116,0.196
248,,0.26,0.436,0.304,0.384,0.9,0.04,0.096,0.176
249,,0.24,0.416,0.284,0.364,0.88,0.02,0.076,0.156
250,,0.22,0.396,0.264,0.344,0.86,0.0,0.056,0.136
251,,0.2,0.376,0.244,0.324,0.84,-0.02,0.036,0.116
252,6,-0.032,0.056,0.012,0.304,1.0,0.98,0.228,0.096
253,6,-0.264,-0.264,-0.22,0.284,1.0,1.0,0.42,0.076
254,1,0.736,-0.072,-0.24,0.052,0.68,0.768,0.4,0.268
255,1,1.0,0.12,-0.26,-0.18,0.36,0.536,0.38,0.46
256,3,0.98,0.312,0.74,0.012,0.34,0.304,0.06,0.228
257,3,0.96,0.504,1.0,0.204,0.32,0.072,-0.26,-0.004
258,7,0.94,0.272,0.68,-0.028,0.3,0.264,0.74,0.188
259,7,0.92,0.04,0.36,-0.26,0.28,0.456,1.0,0.38
260,4,0.688,0.02,0.552,0.74,0.472,0.436,0.768,0.06
261,4,0.456,0.0,0.744,1.0,0.664,0.416,0.536,-0.26
262,8,0.648,-0.02,0.512,0.68,0.432,0.396,0.728,0.74
263,8,0.84,-0.04,0.28,0.36,0.2,0.376,0.92,1.0
264,2,1.0,0.96,0.472,0.34,-0.032,0.056,0.688,0.98
265,2,1.0,1.0,0.664,0.32,-0.264,-0.264,0.456,0.96
266,6,0.768,0.68,0.432,0.3,-0.072,0.736,0.648,0.94
267,6,0.536,0.36,0.2,0.28,0.12,1.0,0.84,0.92
268,,0.516,0.34,0.18,0.26,0.1,0.98,0.82,0.9
269,,0.496,0.32,0.16,0.24,0.08,0.96,0.8,0.88
270,,0.476,0.3,0.14,0.22,0.06,0.94,0.78,0.86
271,,0.456,0.28,0.12,0.2,0.04,0.92,0.76,0.84
272,,0.436,0.26,0.1,0.18,0.02,0.9,0.74,0.82
273,,0.416,0.24,0.08,0.16,0.0,0.88,0.72,0.8
274,,0.396,0.22,0.06,0.14,-0.02,0.86,0.7,0.78
275,5,0.076,-0.012,0.04,0.332,0.98,1.0,0.68,0.548
276,5,-0.244,-0.244,0.02,0.524,1.0,1.0,0.66,0.316
277,1,0.756,-0.052,0.0,0.292,0.68,0.768,0.64,0.508
278,1,1.0,0.14,-0.02,0.06,0.36,0.536,0.62,0.7
279,3,0.98,0.332,0.98,0.252,0.34,0.304,0.3,0.468
280,3,0.96,0.524,1.0,0.444,0.32,0.072,-0.02,0.236
281,7,0.94,0.292,0.68,0.212,0.3,0.264,0.98,0.428
282,7,0.92,0.06,0.36,-0.02,0.28,0.456,1.0,0.62
283,4,0.688,0.04,0.552,0.98,0.472,0.436,0.768,0.3
284,4,0.456,0.02,0.744,1.0,0.664,0.416,0.536,-0.02
285,8,0.648,0.0,0.512,0.68,0.432,0.396,0.728,0.98
286,8,0.84,-0.02,0.28,0.36,0.2,0.376,0.92,1.0
287,2,1.0,0.98,0.472,0.34,-0.032,0.056,0.688,0.98
288,2,1.0,1.0,0.664,0.32,-0.264,-0.264,0.456,0.96
289,5,0.68,0.768,0.644,0.512,0.736,-0.072,0.436,0.728
290,5,0.36,0.536,0.624,0.704,1.0,0.12,0.416,0.496
291,,0.34,0.516,0.604,0.684,0.98,0.1,0.396,0.476
292,,0.32,0.496,0.584,0.664,0.96,0.08,0.376,0.456
293,,0.3,0.476,0.564,0.644,0.94,0.06,0.356,0.436
294,,0.28,0.456,0.544,0.624,0.92,0.04,0.336,0.416
295,,0.26,0.436,0.524,0.604,0.9,0.02,0.316,0.396
296,,0.24,0.416,0.504,0.584,0.88,0.0,0.296,0.376
297,,0.22,0.396,0.484,0.564,0.86,-0.02,0.276,0.356
298,6,-0.012,0.076,0.252,0.544,1.0,0.98,0.468,0.336
299,6,-0.244,-0.244,0.02,0.524,1.0,1.0,0.66,0.316
300,2,-0.052,0.756,0.212,0.504,0.768,0.68,0.428,0.296
301,2,0.14,1.0,0.404,0.484,0.536,0.36,0.196,0.276
302,,0.12,0.98,0.384,0.464,0.516,0.34,0.176,0.256
303,,0.1,0.96,0.364,0.444,0.496,0.32,0.156,0.236
304,,0.08,0.94,0.344,0.424,0.476,0.3,0.136,0.216
305,,0.06,0.92,0.324,0.404,0.456,0.28,0.116,0.196
306,,0.04,0.9,0.304,0.384,0.436,0.26,0.096,0.176
307,,0.02,0.88,0.284,0.364,0.416,0.24,0.076,0.156
308,,0.0,0.86,0.264,0.344,0.396,0.22,0.056,0.136
309,,-0.02,0.84,0.244,0.324,0.376,0.2,0.036,0.116
310,1,0.98,1.0,0.224,0.092,0.056,-0.032,0.016,0.308
311,1,1.0,1.0,0.204,-0.14,-0.264,-0.264,-0.004,0.5
312,6,0.768,0.68,-0.028,-0.16,-0.072,0.736,0.188,0.48
313,6,0.536,0.36,-0.26,-0.18,0.12,1.0,0.38,0.46
314,3,0.516,0.552,0.74,0.012,0.1,0.768,0.06,0.228
315,3,0.496,0.744,1.0,0.204,0.08,0.536,-0.26,-0.004
316,7,0.476,0.512,0.68,-0.028,0.06,0.728,0.74,0.188
317,7,0.456,0.28,0.36,-0.26,0.04,0.92,1.0,0.38
318,4,0.224,0.26,0.552,0.74,0.232,0.9,0.768,0.06
319,4,-0.008,0.24,0.744,1.0,0.424,0.88,0.536,-0.26
320,8,0.184,0.22,0.512,0.68,0.192,0.86,0.728,0.74
321,8,0.376,0.2,0.28,0.36,-0.04,0.84,0.92,1.0
322,5,0.056,-0.032,0.26,0.552,0.96,1.0,0.9,0.768
323,5,-0.264,-0.264,0.24,0.744,1.0,1.0,0.88,0.536
324,1,0.736,-0.072,0.22,0.512,0.68,0.768,0.86,0.728
325,1,1.0,0.12,0.2,0.28,0.36,0.536,0.84,0.92
326,,0.98,0.1,0.18,0.26,0.34,0.516,0.82,0.9
327,,0.96,0.08,0.16,0.24,0.32,0.496,0.8,0.88
328,,0.94,0.06,0.14,0.22,0.3,0.476,0.78,0.86
329,,0.92,0.04,0.12,0.2,0.28,0.456,0.76,0.84
330,,0.9,0.02,0.1,0.18,0.26,0.436,0.74,0.82
331,,0.88,0.0,0.08,0.16,0.24,0.416,0.72,0.8
332,,0.86,-0.02,0.06,0.14,0.22,0.396,0.7,0.78
333,2,1.0,0.98,0.252,0.12,-0.012,0.076,0.468,0.76
334,2,1.0,1.0,0.444,0.1,-0.244,-0.244,0.236,0.74
335,6,0.768,0.68,0.212,0.08,-0.052,0.756,0.428,0.72
336,6,0.536,0.36,-0.02,0.06,0.14,1.0,0.62,0.7
337,3,0.516,0.552,0.98,0.252,0.12,0.768,0.3,0.468
338,3,0.496,0.744,1.0,0.444,0.1,0.536,-0.02,0.236
339,7,0.476,0.512,0.68,0.212,0.08,0.728,0.98,0.428
340,7,0.456,0.28,0.36,-0.02,0.06,0.92,1.0,0.62
341,4,0.224,0.26,0.552,0.98,0.252,0.9,0.768,0.3
342,4,-0.008,0.24,0.744,1.0,0.444,0.88,0.536,-0.02
343,8,0.184,0.22,0.512,0.68,0.212,0.86,0.728,0.98
344,8,0.376,0.2,0.28,0.36,-0.02,0.84,0.92,1.0
345,5,0.056,-0.032,0.26,0.552,0.98,1.0,0.9,0.768
346,5,-0.264,-0.264,0.24,0.744,1.0,1.0,0.88,0.536
347,1,0.736,-0.072,0.22,0.512,0.68,0.768,0.86,0.728
348,1,1.0,0.12,0.2,0.28,0.36,0.536,0.84,0.92
349,,0.98,0.1,0.18,0.26,0.34,0.516,0.82,0.9
350,,0.96,0.08,0.16,0.24,0.32,0.496,0.8,0.88
351,,0.94,0.06,0.14,0.22,0.3,0.476,0.78,0.86
352,,0.92,0.04,0.12,0.2,0.28,0.456,0.76,0.84
353,,0.9,0.02,0.1,0.18,0.26,0.436,0.74,0.82
354,,0.88,0.0,0.08,0.16,0.24,0.416,0.72,0.8
355,,0.86,-0.02,0.06,0.14,0.22,0.396,0.7,0.78
356,2,1.0,0.98,0.252,0.12,-0.012,0.076,0.468,0.76
357,2,1.0,1.0,0.444,0.1,-0.244,-0.244,0.236,0.74
358,6,0.768,0.68,0.212,0.08,-0.052,0.756,0.428,0.72
359,6,0.536,0.36,-0.02,0.06,0.14,1.0,0.62,0.7
360,3,0.516,0.552,0.98,0.252,0.12,0.768,0.3,0.468
361,3,0.496,0.744,1.0,0.444,0.1,0.536,-0.02,0.236
362,7,0.476,0.512,0.68,0.212,0.08,0.728,0.98,0.428
363,7,0.456,0.28,0.36,-0.02,0.06,0.92,1.0,0.62
364,4,0.224,0.26,0.552,0.98,0.252,0.9,0.768,0.3
365,4,-0.008,0.24,0.744,1.0,0.444,0.88,0.536,-0.02
366,8,0.184,0.22,0.512,0.68,0.212,0.86,0.728,0.98
367,8,0.376,0.2,0.28,0.36,-0.02,0.84,0.92,1.0
368,5,0.056,-0.032,0.26,0.552,0.98,1.0,0.9,0.768
369,5,-0.264,-0.264,0.24,0.744,1.0,1.0,0.88,0.536
370,1,0.736,-0.072,0.22,0.512,0.68,0.768,0.86,0.728
371,1,1.0,0.12,0.2,0.28,0.36,0.536,0.84,0.92
372,,0.98,0.1,0.18,0.26,0.34,0.516,0.82,0.9
373,,0.96,0.08,0.16,0.24,0.32,0.496,0.8,0.88
374,,0.94,0.06,0.14,0.22,0.3,0.476,0.78,0.86
375,,0.92,0.04,0.12,0.2,0.28,0.456,0.76,0.84
376,,0.9,0.02,0.1,0.18,0.26,0.436,0.74,0.82
377,,0.88,0.0,0.08,0.16,0.24,0.416,0.72,0.8
378,,0.86,-0.02,0.06,0.14,0.22,0.396,0.7,0.78
379,2,1.0,0.98,0.252,0.12,-0.012,0.076,0.468,0.76
380,2,1.0,1.0,0.444,0.1,-0.244,-0.244,0.236,0.74
381,6,0.768,0.68,0.212,0.08,-0.052,0.756,0.428,0.72
382,6,0.536,0.36,-0.02,0.06,0.14,1.0,0.62,0.7
383,3,0.516,0.552,0.98,0.252,0.12,0.768,0.3,0.468
384,3,0.496,0.744,1.0,0.444,0.1,0.536,-0.02,0.236
385,7,0.476,0.512,0.68,0.212,0.08,0.728,0.98,0.428
386,7,0.456,0.28,0.36,-0.02,0.06,0.92,1.0,0.62
387,4,0.224,0.26,0.552,0.98,0.252,0.9,0.768,0.3
388,4,-0.008,0.24,0.744,1.0,0.444,0.88,0.536,-0.02
389,8,0.184,0.22,0.512,0.68,0.212,0.86,0.728,0.98
390,8,0.376,0.2,0.28,0.36,-0.02,0.84,0.92,1.0
391,5,0.056,-0.032,0.26,0.552,0.98,1.0,0.9,0.768
392,5,-0.264,-0.264,0.24,0.744,1.0,1.0,0.88,0.536
393,1,0.736,-0.072,0.22,0.512,0.68,0.768,0.86,0.728
394,1,1.0,0.12,0.2,0.28,0.36,0.536,0.84,0.92
395,,0.98,0.1,0.18,0.26,0.34,0.516,0.82,0.9
396,,0.96,0.08,0.16,0.24,0.32,0.496,0.8,0.88
397,,0.94,0.06,0.14,0.22,0.3,0.476,0.78,0.86
398,,0.92,0.04,0.12,0.2,0.28,0.456,0.76,0.84
399,,0.9,0.02,0.1,0.18,0.26,0.436,0.74,0.82
400,,0.88,0.0,0.08,0.16,0.24,0.416,0.72,0.8
401,,0.86,-0.02,0.06,0.14,0.22,0.396,0.7,0.78
402,2,1.0,0.98,0.252,0.12,-0.012,0.076,0.468,0.76
403,2,1.0,1.0,0.444,0.1,-0.244,-0.244,0.236,0.74
404,5,0.68,0.768,0.424,0.292,0.756,-0.052,0.216,0.508
405,5,0.36,0.536,0.404,0.484,1.0,0.14,0.196,0.276
406,,0.34,0.516,0.384,0.464,0.98,0.12,0.176,0.256
407,,0.32,0.496,0.364,0.444,0.96,0.1,0.156,0.236
408,,0.3,0.476,0.344,0.424,0.94,0.08,0.136,0.216
409,,0.28,0.456,0.324,0.404,0.92,0.06,0.116,0.196
410,,0.26,0.436,0.304,0.384,0.9,0.04,0.096,0.176
411,,0.24,0.416,0.284,0.364,0.88,0.02,0.076,0.156
412,,0.22,0.396,0.264,0.344,0.86,0.0,0.056,0.136
413,,0.2,0.376,0.244,0.324,0.84,-0.02,0.036,0.116
414,6,-0.032,0.056,0.012,0.304,1.0,0.98,0.228,0.096
415,6,-0.264,-0.264,-0.22,0.284,1.0,1.0,0.42,0.076
416,1,0.736,-0.072,-0.24,0.052,0.68,0.768,0.4,0.268
417,1,1.0,0.12,-0.26,-0.18,0.36,0.536,0.38,0.46
418,3,0.98,0.312,0.74,0.012,0.34,0.304,0.06,0.228
419,3,0.96,0.504,1.0,0.204,0.32,0.072,-0.26,-0.004
420,7,0.94,0.272,0.68,-0.028,0.3,0.264,0.74,0.188
421,7,0.92,0.04,0.36,-0.26,0.28,0.456,1.0,0.38
422,4,0.688,0.02,0.552,0.74,0.472,0.436,0.768,0.06
423,4,0.456,0.0,0.744,1.0,0.664,0.416,0.536,-0.26
424,8,0.648,-0.02,0.512,0.68,0.432,0.396,0.728,0.74
425,8,0.84,-0.04,0.28,0.36,0.2,0.376,0.92,1.0
426,2,1.0,0.96,0.472,0.34,-0.032,0.056,0.688,0.98
427,2,1.0,1.0,0.664,0.32,-0.264,-0.264,0.456,0.96
428,6,0.768,0.68,0.432,0.3,-0.072,0.736,0.648,0.94
429,6,0.536,0.36,0.2,0.28,0.12,1.0,0.84,0.92
430,,0.516,0.34,0.18,0.26,0.1,0.98,0.82,0.9
431,,0.496,0.32,0.16,0.24,0.08,0.96,0.8,0.88
432,,0.476,0.3,0.14,0.22,0.06,0.94,0.78,0.86
433,,0.456,0.28,0.12,0.2,0.04,0.92,0.76,0.84
434,,0.436,0.26,0.1,0.18,0.02,0.9,0.74,0.82
435,,0.416,0.24,0.08,0.16,0.0,0.88,0.72,0.8
436,,0.396,0.22,0.06,0.14,-0.02,0.86,0.7,0.78
437,5,0.076,-0.012,0.04,0.332,0.98,1.0,0.68,0.548
438,5,-0.244,-0.244,0.02,0.524,1.0,1.0,0.66,0.316
439,1,0.756,-0.052,0.0,0.292,0.68,0.768,0.64,0.508
440,1,1.0,0.14,-0.02,0.06,0.36,0.536,0.62,0.7
441,3,0.98,0.332,0.98,0.252,0.34,0.304,0.3,0.468
442,3,0.96,0.524,1.0,0.444,0.32,0.072,-0.02,0.236
443,7,0.94,0.292,0.68,0.212,0.3,0.264,0.98,0.428
444,7,0.92,0.06,0.36,-0.02,0.28,0.456,1.0,0.62
445,4,0.688,0.04,0.552,0.98,0.472,0.436,0.768,0.3
446,4,0.456,0.02,0.744,1.0,0.664,0.416,0.536,-0.02
447,8,0.648,0.0,0.512,0.68,0.432,0.396,0.728,0.98
448,8,0.84,-0.02,0.28,0.36,0.2,0.376,0.92,1.0
449,2,1.0,0.98,0.472,0.34,-0.032,0.056,0.688,0.98
450,2,1.0,1.0,0.664,0.32,-0.264,-0.264,0.456,0.96
451,5,0.68,0.768,0.644,0.512,0.736,-0.072,0.436,0.728
452,5,0.36,0.536,0.624,0.704,1.0,0.12,0.416,0.496
453,,0.34,0.516,0.604,0.684,0.98,0.1,0.396,0.476
454,,0.32,0.496,0.584,0.664,0.96,0.08,0.376,0.456
455,,0.3,0.476,0.564,0.644,0.94,0.06,0.356,0.436
456,,0.28,0.456,0.544,0.624,0.92,0.04,0.336,0.416
457,,0.26,0.436,0.524,0.604,0.9,0.02,0.316,0.396
458,,0.24,0.416,0.504,0.584,0.88,0.0,0.296,0.376
459,,0.22,0.396,0.484,0.564,0.86,-0.02,0.276,0.356
460,6,-0.012,0.076,0.252,0.544,1.0,0.98,0.468,0.336
461,6,-0.244,-0.244,0.02,0.524,1.0,1.0,0.66,0.316
462,2,-0.052,0.756,0.212,0.504,0.768,0.68,0.428,0.296
463,2,0.14,1.0,0.404,0.484,0.536,0.36,0.196,0.276
464,,0.12,0.98,0.384,0.464,0.516,0.34,0.176,0.256
465,,0.1,0.96,0.364,0.444,0.496,0.32,0.156,0.236
466,,0.08,0.94,0.344,0.424,0.476,0.3,0.136,0.216
467,,0.06,0.92,0.324,0.404,0.456,0.28,0.116,0.196
468,,0.04,0.9,0.304,0.384,0.436,0.26,0.096,0.176
469,,0.02,0.88,0.284,0.364,0.416,0.24,0.076,0.156
470,,0.0,0.86,0.264,0.344,0.396,0.22,0.056,0.136
471,,-0.02,0.84,0.244,0.324,0.376,0.2,0.036,0.116
472,1,0.98,1.0,0.224,0.092,0.056,-0.032,0.016,0.308
473,1,1.0,1.0,0.204,-0.14,-0.264,-0.264,-0.004,0.5
474,6,0.768,0.68,-0.028,-0.16,-0.072,0.736,0.188,0.48
475,6,0.536,0.36,-0.26,-0.18,0.12,1.0,0.38,0.46
476,3,0.516,0.552,0.74,0.012,0.1,0.768,0.06,0.228
477,3,0.496,0.744,1.0,0.204,0.08,0.536,-0.26,-0.004
478,7,0.476,0.512,0.68,-0.028,0.06,0.728,0.74,0.188
479,7,0.456,0.28,0.36,-0.26,0.04,0.92,1.0,0.38
480,4,0.224,0.26,0.552,0.74,0.232,0.9,0.768,0.06
481,4,-0.008,0.24,0.744,1.0,0.424,0.88,0.536,-0.26
482,8,0.184,0.22,0.512,0.68,0.192,0.86,0.728,0.74
483,8,0.376,0.2,0.28,0.36,-0.04,0.84,0.92,1.0
484,5,0.056,-0.032,0.26,0.552,0.96,1.0,0.9,0.768
485,5,-0.264,-0.264,0.24,0.744,1.0,1.0,0.88,0.536
486,1,0.736,-0.072,0.22,0.512,0.68,0.768,0.86,0.728
487,1,1.0,0.12,0.2,0.28,0.36,0.536,0.84,0.92
488,,0.98,0.1,0.18,0.26,0.34,0.516,0.82,0.9
489,,0.96,0.08,0.16,0.24,0.32,0.496,0.8,0.88
490,,0.94,0.06,0.14,0.22,0.3,0.476,0.78,0.86
491,,0.92,0.04,0.12,0.2,0.28,0.456,0.76,0.84
492,,0.9,0.02,0.1,0.18,0.26,0.436,0.74,0.82
493,,0.88,0.0,0.08,0.16,0.24,0.416,0.72,0.8
494,,0.86,-0.02,0.06,0.14,0.22,0.396,0.7,0.78
495,2,1.0,0.98,0.252,0.12,-0.012,0.076,0.468,0.76
496,2,1.0,1.0,0.444,0.1,-0.244,-0.244,0.236,0.74
497,5,0.68,0.768,0.424,0.292,0.756,-0.052,0.216,0.508
498,5,0.36,0.536,0.404,0.484,1.0,0.14,0.196,0.276
499,,0.34,0.516,0.384,0.464,0.98,0.12,0.176,0.256
500,,0.32,0.496,0.364,0.444,0.96,0.1,0.156,0.236
501,,0.3,0.476,0.344,0.424,0.94,0.08,0.136,0.216
502,,0.28,0.456,0.324,0.404,0.92,0.06,0.116,0.196
503,,0.26,0.436,0.304,0.384,0.9,0.04,0.096,0.176
504,,0.24,0.416,0.284,0.364,0.88,0.02,0.076,0.156
505,,0.22,0.396,0.264,0.344,0.86,0.0,0.056,0.136
506,,0.2,0.376,0.244,0.324,0.84,-0.02,0.036,0.116
507,6,-0.032,0.056,0.012,0.304,1.0,0.98,0.228,0.096
508,6,-0.264,-0.264,-0.22,0.284,1.0,1.0,0.42,0.076
509,2,-0.072,0.736,-0.028,0.264,0.768,0.68,0.188,0.056
510,2,0.12,1.0,0.164,0.244,0.536,0.36,-0.044,0.036
511,7,0.1,0.768,-0.156,0.012,0.516,0.552,0.956,0.228
512,7,0.08,0.536,-0.476,-0.22,0.496,0.744,1.0,0.42
513,3,0.06,0.728,0.524,-0.028,0.476,0.512,0.68,0.188
514,3,0.04,0.92,1.0,0.164,0.456,0.28,0.36,-0.044
515,8,0.232,0.9,0.768,-0.156,0.224,0.26,0.552,0.956
516,8,0.424,0.88,0.536,-0.476,-0.008,0.24,0.744,1.0
517,4,0.192,0.86,0.728,0.524,0.184,0.22,0.512,0.68
518,4,-0.04,0.84,0.92,1.0,0.376,0.2,0.28,0.36
519,1,0.96,1.0,0.9,0.768,0.056,-0.032,0.26,0.552
520,1,1.0,1.0,0.88,0.536,-0.264,-0.264,0.24,0.744
521,6,0.768,0.68,0.648,0.516,-0.072,0.736,0.432,0.724
522,6,0.536,0.36,0.416,0.496,0.12,1.0,0.624,0.704
523,,0.516,0.34,0.396,0.476,0.1,0.98,0.604,0.684
524,,0.496,0.32,0.376,0.456,0.08,0.96,0.584,0.664
525,,0.476,0.3,0.356,0.436,0.06,0.94,0.564,0.644
526,,0.456,0.28,0.336,0.416,0.04,0.92,0.544,0.624
527,,0.436,0.26,0.316,0.396,0.02,0.9,0.524,0.604
528,,0.416,0.24,0.296,0.376,0.0,0.88,0.504,0.584
529,,0.396,0.22,0.276,0.356,-0.02,0.86,0.484,0.564
530,5,0.076,-0.012,0.256,0.548,0.98,1.0,0.464,0.332
531,5,-0.244,-0.244,0.236,0.74,1.0,1.0,0.444,0.1
532,2,-0.052,0.756,0.428,0.72,0.768,0.68,0.212,0.08
533,2,0.14,1.0,0.62,0.7,0.536,0.36,-0.02,0.06
534,7,0.12,0.768,0.3,0.468,0.516,0.552,0.98,0.252
535,7,0.1,0.536,-0.02,0.236,0.496,0.744,1.0,0.444
536,3,0.08,0.728,0.98,0.428,0.476,0.512,0.68,0.212
537,3,0.06,0.92,1.0,0.62,0.456,0.28,0.36,-0.02
538,8,0.252,0.9,0.768,0.3,0.224,0.26,0.552,0.98
539,8,0.444,0.88,0.536,-0.02,-0.008,0.24,0.744,1.0
540,4,0.212,0.86,0.728,0.98,0.184,0.22,0.512,0.68
541,4,-0.02,0.84,0.92,1.0,0.376,0.2,0.28,0.36
542,1,0.98,1.0,0.9,0.768,0.056,-0.032,0.26,0.552
543,1,1.0,1.0,0.88,0.536,-0.264,-0.264,0.24,0.744
544,6,0.768,0.68,0.648,0.516,-0.072,0.736,0.432,0.724
545,6,0.536,0.36,0.416,0.496,0.12,1.0,0.624,0.704
546,,0.516,0.34,0.396,0.476,0.1,0.98,0.604,0.684
547,,0.496,0.32,0.376,0.456,0.08,0.96,0.584,0.664
548,,0.476,0.3,0.356,0.436,0.06,0.94,0.564,0.644
549,,0.456,0.28,0.336,0.416,0.04,0.92,0.544,0.624
550,,0.436,0.26,0.316,0.396,0.02,0.9,0.524,0.604
551,,0.416,0.24,0.296,0.376,0.0,0.88,0.504,0.584
552,,0.396,0.22,0.276,0.356,-0.02,0.86,0.484,0.564
553,5,0.076,-0.012,0.256,0.548,0.98,1.0,0.464,0.332
554,5,-0.244,-0.244,0.236,0.74,1.0,1.0,0.444,0.1
555,2,-0.052,0.756,0.428,0.72,0.768,0.68,0.212,0.08
556,2,0.14,1.0,0.62,0.7,0.536,0.36,-0.02,0.06
557,7,0.12,0.768,0.3,0.468,0.516,0.552,0.98,0.252
558,7,0.1,0.536,-0.02,0.236,0.496,0.744,1.0,0.444
559,3,0.08,0.728,0.98,0.428,0.476,0.512,0.68,0.212
560,3,0.06,0.92,1.0,0.62,0.456,0.28,0.36,-0.02
561,8,0.252,0.9,0.768,0.3,0.224,0.26,0.552,0.98
562,8,0.444,0.88,0.536,-0.02,-0.008,0.24,0.744,1.0
563,4,0.212,0.86,0.728,0.98,0.184,0.22,0.512,0.68
564,4,-0.02,0.84,0.92,1.0,0.376,0.2,0.28,0.36
565,1,0.98,1.0,0.9,0.768,0.056,-0.032,0.26,0.552
566,1,1.0,1.0,0.88,0.536,-0.264,-0.264,0.24,0.744
567,5,0.68,0.768,0.86,0.728,0.736,-0.072,0.22,0.512
568,5,0.36,0.536,0.84,0.92,1.0,0.12,0.2,0.28
569,,0.34,0.516,0.82,0.9,0.98,0.1,0.18,0.26
570,,0.32,0.496,0.8,0.88,0.96,0.08,0.16,0.24
571,,0.3,0.476,0.78,0.86,0.94,0.06,0.14,0.22
572,,0.28,0.456,0.76,0.84,0.92,0.04,0.12,0.2
573,,0.26,0.436,0.74,0.82,0.9,0.02,0.1,0.18
574,,0.24,0.416,0.72,0.8,0.88,0.0,0.08,0.16
575,,0.22,0.396,0.7,0.78,0.86,-0.02,0.06,0.14
576,6,-0.012,0.076,0.468,0.76,1.0,0.98,0.252,0.12
577,6,-0.244,-0.244,0.236,0.74,1.0,1.0,0.444,0.1
578,2,-0.052,0.756,0.428,0.72,0.768,0.68,0.212,0.08
579,2,0.14,1.0,0.62,0.7,0.536,0.36,-0.02,0.06
580,7,0.12,0.768,0.3,0.468,0.516,0.552,0.98,0.252
581,7,0.1,0.536,-0.02,0.236,0.496,0.744,1.0,0.444
582,3,0.08,0.728,0.98,0.428,0.476,0.512,0.68,0.212
583,3,0.06,0.92,1.0,0.62,0.456,0.28,0.36,-0.02
584,8,0.252,0.9,0.768,0.3,0.224,0.26,0.552,0.98
585,8,0.444,0.88,0.536,-0.02,-0.008,0.24,0.744,1.0
586,4,0.212,0.86,0.728,0.98,0.184,0.22,0.512,0.68
587,4,-0.02,0.84,0.92,1.0,0.376,0.2,0.28,0.36
588,1,0.98,1.0,0.9,0.768,0.056,-0.032,0.26,0.552
589,1,1.0,1.0,0.88,0.536,-0.264,-0.264,0.24,0.744
590,5,0.68,0.768,0.86,0.728,0.736,-0.072,0.22,0.512
591,5,0.36,0.536,0.84,0.92,1.0,0.12,0.2,0.28
592,,0.34,0.516,0.82,0.9,0.98,0.1,0.18,0.26
593,,0.32,0.496,0.8,0.88,0.96,0.08,0.16,0.24
594,,0.3,0.476,0.78,0.86,0.94,0.06,0.14,0.22
595,,0.28,0.456,0.76,0.84,0.92,0.04,0.12,0.2
596,,0.26,0.436,0.74,0.82,0.9,0.02,0.1,0.18
597,,0.24,0.416,0.72,0.8,0.88,0.0,0.08,0.16
598,,0.22,0.396,0.7,0.78,0.86,-0.02,0.06,0.14
599,6,-0.012,0.076,0.468,0.76,1.0,0.98,0.252,0.12
600,6,-0.244,-0.244,0.236,0.74,1.0,1.0,0.444,0.1
601,1,0.756,-0.052,0.216,0.508,0.68,0.768,0.424,0.292
602,1,1.0,0.14,0.196,0.276,0.36,0.536,0.404,0.484
603,,0.98,0.12,0.176,0.256,0.34,0.516,0.384,0.464
604,,0.96,0.1,0.156,0.236,0.32,0.496,0.364,0.444
605,,0.94,0.08,0.136,0.216,0.3,0.476,0.344,0.424
606,,0.92,0.06,0.116,0.196,0.28,0.456,0.324,0.404
607,,0.9,0.04,0.096,0.176,0.26,0.436,0.304,0.384
608,,0.88,0.02,0.076,0.156,0.24,0.416,0.284,0.364
609,,0.86,0.0,0.056,0.136,0.22,0.396,0.264,0.344
610,,0.84,-0.02,0.036,0.116,0.2,0.376,0.244,0.324
611,2,1.0,0.98,0.228,0.096,-0.032,0.056,0.012,0.304
612,2,1.0,1.0,0.42,0.076,-0.264,-0.264,-0.22,0.284
613,5,0.68,0.768,0.4,0.268,0.736,-0.072,-0.24,0.052
614,5,0.36,0.536,0.38,0.46,1.0,0.12,-0.26,-0.18
615,7,0.34,0.304,0.06,0.228,0.98,0.312,0.74,0.012
616,7,0.32,0.072,-0.26,-0.004,0.96,0.504,1.0,0.204
617,3,0.3,0.264,0.74,0.188,0.94,0.272,0.68,-0.028
618,3,0.28,0.456,1.0,0.38,0.92,0.04,0.36,-0.26
619,8,0.472,0.436,0.768,0.06,0.688,0.02,0.552,0.74
620,8,0.664,0.416,0.536,-0.26,0.456,0.0,0.744,1.0
621,4,0.432,0.396,0.728,0.74,0.648,-0.02,0.512,0.68
622,4,0.2,0.376,0.92,1.0,0.84,-0.04,0.28,0.36
623,6,-0.032,0.056,0.688,0.98,1.0,0.96,0.472,0.34
624,6,-0.264,-0.264,0.456,0.96,1.0,1.0,0.664,0.32
625,2,-0.072,0.736,0.648,0.94,0.768,0.68,0.432,0.3
626,2,0.12,1.0,0.84,0.92,0.536,0.36,0.2,0.28
627,,0.1,0.98,0.82,0.9,0.516,0.34,0.18,0.26
628,,0.08,0.96,0.8,0.88,0.496,0.32,0.16,0.24
629,,0.06,0.94,0.78,0.86,0.476,0.3,0.14,0.22
630,,0.04,0.92,0.76,0.84,0.456,0.28,0.12,0.2
631,,0.02,0.9,0.74,0.82,0.436,0.26,0.1,0.18
632,,0.0,0.88,0.72,0.8,0.416,0.24,0.08,0.16
633,,-0.02,0.86,0.7,0.78,0.396,0.22,0.06,0.14
634,1,0.98,1.0,0.68,0.548,0.076,-0.012,0.04,0.332
635,1,1.0,1.0,0.66,0.316,-0.244,-0.244,0.02,0.524
636,5,0.68,0.768,0.64,0.508,0.756,-0.052,0.0,0.292
637,5,0.36,0.536,0.62,0.7,1.0,0.14,-0.02,0.06
638,7,0.34,0.304,0.3,0.468,0.98,0.332,0.98,0.252
639,7,0.32,0.072,-0.02,0.236,0.96,0.524,1.0,0.444
640,3,0.3,0.264,0.98,0.428,0.94,0.292,0.68,0.212
641,3,0.28,0.456,1.0,0.62,0.92,0.06,0.36,-0.02
642,8,0.472,0.436,0.768,0.3,0.688,0.04,0.552,0.98
643,8,0.664,0.416,0.536,-0.02,0.456,0.02,0.744,1.0
644,4,0.432,0.396,0.728,0.98,0.648,0.0,0.512,0.68
645,4,0.2,0.376,0.92,1.0,0.84,-0.02,0.28,0.36
646,6,-0.032,0.056,0.688,0.98,1.0,0.98,0.472,0.34
647,6,-0.264,-0.264,0.456,0.96,1.0,1.0,0.664,0.32
648,1,0.736,-0.072,0.436,0.728,0.68,0.768,0.644,0.512
649,1,1.0,0.12,0.416,0.496,0.36,0.536,0.624,0.704
650,,0.98,0.1,0.396,0.476,0.34,0.516,0.604,0.684
651,,0.96,0.08,0.376,0.456,0.32,0.496,0.584,0.664
652,,0.94,0.06,0.356,0.436,0.3,0.476,0.564,0.644
653,,0.92,0.04,0.336,0.416,0.28,0.456,0.544,0.624
654,,0.9,0.02,0.316,0.396,0.26,0.436,0.524,0.604
655,,0.88,0.0,0.296,0.376,0.24,0.416,0.504,0.584
656,,0.86,-0.02,0.276,0.356,0.22,0.396,0.484,0.564
657,2,1.0,0.98,0.468,0.336,-0.012,0.076,0.252,0.544
658,2,1.0,1.0,0.66,0.316,-0.244,-0.244,0.02,0.524
659,6,0.768,0.68,0.428,0.296,-0.052,0.756,0.212,0.504
660,6,0.536,0.36,0.196,0.276,0.14,1.0,0.404,0.484
661,,0.516,0.34,0.176,0.256,0.12,0.98,0.384,0.464
662,,0.496,0.32,0.156,0.236,0.1,0.96,0.364,0.444
663,,0.476,0.3,0.136,0.216,0.08,0.94,0.344,0.424
664,,0.456,0.28,0.116,0.196,0.06,0.92,0.324,0.404
665,,0.436,0.26,0.096,0.176,0.04,0.9,0.304,0.384
666,,0.416,0.24,0.076,0.156,0.02,0.88,0.284,0.364
667,,0.396,0.22,0.056,0.136,0.0,0.86,0.264,0.344
668,,0.376,0.2,0.036,0.116,-0.02,0.84,0.244,0.324
669,5,0.056,-0.032,0.016,0.308,0.98,1.0,0.224,0.092
670,5,-0.264,-0.264,-0.004,0.5,1.0,1.0,0.204,-0.14
671,1,0.736,-0.072,-0.024,0.268,0.68,0.768,0.184,0.052
672,1,1.0,0.12,-0.044,0.036,0.36,0.536,0.164,0.244
673,3,0.98,0.312,0.956,0.228,0.34,0.304,-0.156,0.012
674,3,0.96,0.504,1.0,0.42,0.32,0.072,-0.476,-0.22
675,7,0.94,0.272,0.68,0.188,0.3,0.264,0.524,-0.028
676,7,0.92,0.04,0.36,-0.044,0.28,0.456,1.0,0.164
677,4,0.688,0.02,0.552,0.956,0.472,0.436,0.768,-0.156
678,4,0.456,0.0,0.744,1.0,0.664,0.416,0.536,-0.476
679,8,0.648,-0.02,0.512,0.68,0.432,0.396,0.728,0.524
680,8,0.84,-0.04,0.28,0.36,0.2,0.376,0.92,1.0
681,2,1.0,0.96,0.472,0.34,-0.032,0.056,0.688,0.98
682,2,1.0,1.0,0.664,0.32,-0.264,-0.264,0.456,0.96
683,5,0.68,0.768,0.644,0.512,0.736,-0.072,0.436,0.728
684,5,0.36,0.536,0.624,0.704,1.0,0.12,0.416,0.496
685,,0.34,0.516,0.604,0.684,0.98,0.1,0.396,0.476
686,,0.32,0.496,0.584,0.664,0.96,0.08,0.376,0.456
687,,0.3,0.476,0.564,0.644,0.94,0.06,0.356,0.436
688,,0.28,0.456,0.544,0.624,0.92,0.04,0.336,0.416
689,,0.26,0.436,0.524,0.604,0.9,0.02,0.316,0.396
690,,0.24,0.416,0.504,0.584,0.88,0.0,0.296,0.376
691,,0.22,0.396,0.484,0.564,0.86,-0.02,0.276,0.356
692,6,-0.012,0.076,0.252,0.544,1.0,0.98,0.468,0.336
693,6,-0.244,-0.244,0.02,0.524,1.0,1.0,0.66,0.316
694,2,-0.052,0.756,0.212,0.504,0.768,0.68,0.428,0.296
695,2,0.14,1.0,0.404,0.484,0.536,0.36,0.196,0.276
696,,0.12,0.98,0.384,0.464,0.516,0.34,0.176,0.256
697,,0.1,0.96,0.364,0.444,0.496,0.32,0.156,0.236
698,,0.08,0.94,0.344,0.424,0.476,0.3,0.136,0.216
699,,0.06,0.92,0.324,0.404,0.456,0.28,0.116,0.196
700,,0.04,0.9,0.304,0.384,0.436,0.26,0.096,0.176
701,,0.02,0.88,0.284,0.364,0.416,0.24,0.076,0.156
702,,0.0,0.86,0.264,0.344,0.396,0.22,0.056,0.136
703,,-0.02,0.84,0.244,0.324,0.376,0.2,0.036,0.116
704,1,0.98,1.0,0.224,0.092,0.056,-0.032,0.016,0.308
705,1,1.0,1.0,0.204,-0.14,-0.264,-0.264,-0.004,0.5
706,5,0.68,0.768,0.184,0.052,0.736,-0.072,-0.024,0.268
707,5,0.36,0.536,0.164,0.244,1.0,0.12,-0.044,0.036
708,7,0.34,0.304,-0.156,0.012,0.98,0.312,0.956,0.228
709,7,0.32,0.072,-0.476,-0.22,0.96,0.504,1.0,0.42
710,3,0.3,0.264,0.524,-0.028,0.94,0.272,0.68,0.188
711,3,0.28,0.456,1.0,0.164,0.92,0.04,0.36,-0.044
712,8,0.472,0.436,0.768,-0.156,0.688,0.02,0.552,0.956
713,8,0.664,0.416,0.536,-0.476,0.456,0.0,0.744,1.0
714,4,0.432,0.396,0.728,0.524,0.648,-0.02,0.512,0.68
715,4,0.2,0.376,0.92,1.0,0.84,-0.04,0.28,0.36
716,6,-0.032,0.056,0.688,0.98,1.0,0.96,0.472,0.34
717,6,-0.264,-0.264,0.456,0.96,1.0,1.0,0.664,0.32
718,1,0.736,-0.072,0.436,0.728,0.68,0.768,0.644,0.512
719,1,1.0,0.12,0.416,0.496,0.36,0.536,0.624,0.704
720,,0.98,0.1,0.396,0.476,0.34,0.516,0.604,0.684
721,,0.96,0.08,0.376,0.456,0.32,0.496,0.584,0.664
722,,0.94,0.06,0.356,0.436,0.3,0.476,0.564,0.644
723,,0.92,0.04,0.336,0.416,0.28,0.456,0.544,0.624
724,,0.9,0.02,0.316,0.396,0.26,0.436,0.524,0.604
725,,0.88,0.0,0.296,0.376,0.24,0.416,0.504,0.584
726,,0.86,-0.02,0.276,0.356,0.22,0.396,0.484,0.564
727,2,1.0,0.98,0.468,0.336,-0.012,0.076,0.252,0.544
728,2,1.0,1.0,0.66,0.316,-0.244,-0.244,0.02,0.524
729,5,0.68,0.768,0.64,0.508,0.756,-0.052,0.0,0.292
730,5,0.36,0.536,0.62,0.7,1.0,0.14,-0.02,0.06
731,7,0.34,0.304,0.3,0.468,0.98,0.332,0.98,0.252
732,7,0.32,0.072,-0.02,0.236,0.96,0.524,1.0,0.444
733,3,0.3,0.264,0.98,0.428,0.94,0.292,0.68,0.212
734,3,0.28,0.456,1.0,0.62,0.92,0.06,0.36,-0.02
735,8,0.472,0.436,0.768,0.3,0.688,0.04,0.552,0.98
736,8,0.664,0.416,0.536,-0.02,0.456,0.02,0.744,1.0
737,4,0.432,0.396,0.728,0.98,0.648,0.0,0.512,0.68
738,4,0.2,0.376,0.92,1.0,0.84,-0.02,0.28,0.36
739,6,-0.032,0.056,0.688,0.98,1.0,0.98,0.472,0.34
740,6,-0.264,-0.264,0.456,0.96,1.0,1.0,0.664,0.32
741,2,-0.072,0.736,0.648,0.94,0.768,0.68,0.432,0.3
742,2,0.12,1.0,0.84,0.92,0.536,0.36,0.2,0.28
743,,0.1,0.98,0.82,0.9,0.516,0.34,0.18,0.26
744,,0.08,0.96,0.8,0.88,0.496,0.32,0.16,0.24
745,,0.06,0.94,0.78,0.86,0.476,0.3,0.14,0.22
746,,0.04,0.92,0.76,0.84,0.456,0.28,0.12,0.2
747,,0.02,0.9,0.74,0.82,0.436,0.26,0.1,0.18
748,,0.0,0.88,0.72,0.8,0.416,0.24,0.08,0.16
749,,-0.02,0.86,0.7,0.78,0.396,0.22,0.06,0.14
750,1,0.98,1.0,0.68,0.548,0.076,-0.012,0.04,0.332
751,1,1.0,1.0,0.66,0.316,-0.244,-0.244,0.02,0.524
752,6,0.768,0.68,0.428,0.296,-0.052,0.756,0.212,0.504
753,6,0.536,0.36,0.196,0.276,0.14,1.0,0.404,0.484
754,,0.516,0.34,0.176,0.256,0.12,0.98,0.384,0.464
755,,0.496,0.32,0.156,0.236,0.1,0.96,0.364,0.444
756,,0.476,0.3,0.136,0.216,0.08,0.94,0.344,0.424
757,,0.456,0.28,0.116,0.196,0.06,0.92,0.324,0.404
758,,0.436,0.26,0.096,0.176,0.04,0.9,0.304,0.384
759,,0.416,0.24,0.076,0.156,0.02,0.88,0.284,0.364
760,,0.396,0.22,0.056,0.136,0.0,0.86,0.264,0.344
761,,0.376,0.2,0.036,0.116,-0.02,0.84,0.244,0.324
762,5,0.056,-0.032,0.016,0.308,0.98,1.0,0.224,0.092
763,5,-0.264,-0.264,-0.004,0.5,1.0,1.0,0.204,-0.14
764,2,-0.072,0.736,0.188,0.48,0.768,0.68,-0.028,-0.16
765,2,0.12,1.0,0.38,0.46,0.536,0.36,-0.26,-0.18
766,7,0.1,0.768,0.06,0.228,0.516,0.552,0.74,0.012
767,7,0.08,0.536,-0.26,-0.004,0.496,0.744,1.0,0.204
768,3,0.06,0.728,0.74,0.188,0.476,0.512,0.68,-0.028
769,3,0.04,0.92,1.0,0.38,0.456,0.28,0.36,-0.26
770,8,0.232,0.9,0.768,0.06,0.224,0.26,0.552,0.74
771,8,0.424,0.88,0.536,-0.26,-0.008,0.24,0.744,1.0
772,4,0.192,0.86,0.728,0.74,0.184,0.22,0.512,0.68
773,4,-0.04,0.84,0.92,1.0,0.376,0.2,0.28,0.36
774,1,0.96,1.0,0.9,0.768,0.056,-0.032,0.26,0.552
775,1,1.0,1.0,0.88,0.536,-0.264,-0.264,0.24,0.744
776,5,0.68,0.768,0.86,0.728,0.736,-0.072,0.22,0.512
777,5,0.36,0.536,0.84,0.92,1.0,0.12,0.2,0.28
778,,0.34,0.516,0.82,0.9,0.98,0.1,0.18,0.26
779,,0.32,0.496,0.8,0.88,0.96,0.08,0.16,0.24
780,,0.3,0.476,0.78,0.86,0.94,0.06,0.14,0.22
781,,0.28,0.456,0.76,0.84,0.92,0.04,0.12,0.2
782,,0.26,0.436,0.74,0.82,0.9,0.02,0.1,0.18
783,,0.24,0.416,0.72,0.8,0.88,0.0,0.08,0.16
784,,0.22,0.396,0.7,0.78,0.86,-0.02,0.06,0.14
785,6,-0.012,0.076,0.468,0.76,1.0,0.98,0.252,0.12
786,6,-0.244,-0.244,0.236,0.74,1.0,1.0,0.444,0.1
787,1,0.756,-0.052,0.216,0.508,0.68,0.768,0.424,0.292
788,1,1.0,0.14,0.196,0.276,0.36,0.536,0.404,0.484
789,,0.98,0.12,0.176,0.256,0.34,0.516,0.384,0.464
790,,0.96,0.1,0.156,0.236,0.32,0.496,0.364,0.444
791,,0.94,0.08,0.136,0.216,0.3,0.476,0.344,0.424
792,,0.92,0.06,0.116,0.196,0.28,0.456,0.324,0.404
793,,0.9,0.04,0.096,0.176,0.26,0.436,0.304,0.384
794,,0.88,0.02,0.076,0.156,0.24,0.416,0.284,0.364
795,,0.86,0.0,0.056,0.136,0.22,0.396,0.264,0.344
796,,0.84,-0.02,0.036,0.116,0.2,0.376,0.244,0.324
797,2,1.0,0.98,0.228,0.096,-0.032,0.056,0.012,0.304
798,2,1.0,1.0,0.42,0.076,-0.264,-0.264,-0.22,0.284
799,6,0.768,0.68,0.188,0.056,-0.072,0.736,-0.028,0.264
800,6,0.536,0.36,-0.044,0.036,0.12,1.0,0.164,0.244
801,3,0.516,0.552,0.956,0.228,0.1,0.768,-0.156,0.012
802,3,0.496,0.744,1.0,0.42,0.08,0.536,-0.476,-0.22
803,7,0.476,0.512,0.68,0.188,0.06,0.728,0.524,-0.028
804,7,0.456,0.28,0.36,-0.044,0.04,0.92,1.0,0.164
805,4,0.224,0.26,0.552,0.956,0.232,0.9,0.768,-0.156
806,4,-0.008,0.24,0.744,1.0,0.424,0.88,0.536,-0.476
807,8,0.184,0.22,0.512,0.68,0.192,0.86,0.728,0.524
808,8,0.376,0.2,0.28,0.36,-0.04,0.84,0.92,1.0
