step,active_motive,motive_1,motive_2,motive_3,motive_4,motive_5,motive_6,motive_7,motive_8
0,,0.06451,0.06689,0.08642,0.02302,0.04992,0.0572,0.07686,0.00436
1,,0.04451,0.04689,0.06642,0.00302,0.02992,0.0372,0.05686,-0.01564
2,8,0.23651,0.02689,-0.16558,-0.31698,-0.20208,0.0172,0.24886,0.98436
3,8,0.42851,0.00689,-0.39758,-0.63698,-0.43408,-0.0028,0.44086,1.0
4,4,0.19651,-0.01311,-0.20558,0.36302,-0.24208,-0.0228,0.20886,0.68
5,4,-0.03549,-0.03311,-0.01358,1.0,-0.05008,-0.0428,-0.02314,0.36
6,5,-0.35549,-0.26511,-0.03358,1.0,0.94992,0.1492,-0.04314,0.128
7,5,-0.67549,-0.49711,-0.05358,1.0,1.0,0.3412,-0.06314,-0.104
8,1,0.32451,-0.30511,-0.07358,0.768,0.68,0.1092,-0.08314,0.088
9,1,1.0,-0.11311,-0.09358,0.536,0.36,-0.1228,-0.10314,0.28
10,6,0.768,-0.43311,-0.32558,0.516,0.552,0.8772,0.08886,0.26
11,6,0.536,-0.75311,-0.55758,0.496,0.744,1.0,0.28086,0.24
12,2,0.728,0.24689,-0.36558,0.476,0.512,0.68,0.04886,0.22
13,2,0.92,1.0,-0.17358,0.456,0.28,0.36,-0.18314,0.2
14,7,0.9,0.768,-0.49358,0.224,0.26,0.552,0.81686,0.392
15,7,0.88,0.536,-0.81358,-0.008,0.24,0.744,1.0,0.584
16,3,0.86,0.728,0.18642,0.184,0.22,0.512,0.68,0.352
17,3,0.84,0.92,1.0,0.376,0.2,0.28,0.36,0.12
18,,0.82,0.9,0.98,0.356,0.18,0.26,0.34,0.1
19,,0.8,0.88,0.96,0.336,0.16,0.24,0.32,0.08
20,,0.78,0.86,0.94,0.316,0.14,0.22,0.3,0.06
21,,0.76,0.84,0.92,0.296,0.12,0.2,0.28,0.04
22,,0.74,0.82,0.9,0.276,0.1,0.18,0.26,0.02
23,,0.72,0.8,0.88,0.256,0.08,0.16,0.24,0.0
24,,0.7,0.78,0.86,0.236,0.06,0.14,0.22,-0.02
25,8,0.892,0.76,0.628,-0.084,-0.172,0.12,0.412,0.98
26,8,1.0,0.74,0.396,-0.404,-0.404,0.1,0.604,1.0
27,5,0.68,0.508,0.376,-0.212,0.596,0.292,0.584,0.768
28,5,0.36,0.276,0.356,-0.02,1.0,0.484,0.564,0.536
29,4,0.128,0.256,0.548,0.98,1.0,0.464,0.332,0.216
30,4,-0.104,0.236,0.74,1.0,1.0,0.444,0.1,-0.104
31,8,0.088,0.216,0.508,0.68,0.768,0.424,0.292,0.896
32,8,0.28,0.196,0.276,0.36,0.536,0.404,0.484,1.0
33,,0.26,0.176,0.256,0.34,0.516,0.384,0.464,0.98
34,,0.24,0.156,0.236,0.32,0.496,0.364,0.444,0.96
35,,0.22,0.136,0.216,0.3,0.476,0.344,0.424,0.94
36,,0.2,0.116,0.196,0.28,0.456,0.324,0.404,0.92
37,,0.18,0.096,0.176,0.26,0.436,0.304,0.384,0.9
38,,0.16,0.076,0.156,0.24,0.416,0.284,0.364,0.88
39,,0.14,0.056,0.136,0.22,0.396,0.264,0.344,0.86
40,,0.12,0.036,0.116,0.2,0.376,0.244,0.324,0.84
41,,0.1,0.016,0.096,0.18,0.356,0.224,0.304,0.82
42,,0.08,-0.004,0.076,0.16,0.336,0.204,0.284,0.8
43,2,0.272,0.996,0.268,0.14,0.104,-0.116,0.052,0.78
44,2,0.464,1.0,0.46,0.12,-0.128,-0.436,-0.18,0.76
45,6,0.232,0.68,0.228,0.1,0.064,0.564,0.012,0.74
46,6,0.0,0.36,-0.004,0.08,0.256,1.0,0.204,0.72
47,3,-0.02,0.552,0.996,0.272,0.236,0.768,-0.116,0.488
48,3,-0.04,0.744,1.0,0.464,0.216,0.536,-0.436,0.256
49,7,-0.06,0.512,0.68,0.232,0.196,0.728,0.564,0.448
50,7,-0.08,0.28,0.36,0.0,0.176,0.92,1.0,0.64
51,1,0.92,0.472,0.34,-0.232,-0.144,0.688,0.98,0.832
52,1,1.0,0.664,0.32,-0.464,-0.464,0.456,0.96,1.0
53,5,0.68,0.432,0.3,-0.272,0.536,0.648,0.94,0.768
54,5,0.36,0.2,0.28,-0.08,1.0,0.84,0.92,0.536
55,4,0.128,0.18,0.472,0.92,1.0,0.82,0.688,0.216
56,4,-0.104,0.16,0.664,1.0,1.0,0.8,0.456,-0.104
57,1,0.896,0.352,0.644,0.768,0.68,0.568,0.436,0.088
58,1,1.0,0.544,0.624,0.536,0.36,0.336,0.416,0.28
59,,0.98,0.524,0.604,0.516,0.34,0.316,0.396,0.26
60,,0.96,0.504,0.584,0.496,0.32,0.296,0.376,0.24
61,,0.94,0.484,0.564,0.476,0.3,0.276,0.356,0.22
62,,0.92,0.464,0.544,0.456,0.28,0.256,0.336,0.2
63,,0.9,0.444,0.524,0.436,0.26,0.236,0.316,0.18
64,,0.88,0.424,0.504,0.416,0.24,0.216,0.296,0.16
65,,0.86,0.404,0.484,0.396,0.22,0.196,0.276,0.14
66,,0.84,0.384,0.464,0.376,0.2,0.176,0.256,0.12
67,,0.82,0.364,0.444,0.356,0.18,0.156,0.236,0.1
68,,0.8,0.344,0.424,0.336,0.16,0.136,0.216,0.08
69,,0.78,0.324,0.404,0.316,0.14,0.116,0.196,0.06
70,,0.76,0.304,0.384,0.296,0.12,0.096,0.176,0.04
71,,0.74,0.284,0.364,0.276,0.1,0.076,0.156,0.02
72,,0.72,0.264,0.344,0.256,0.08,0.056,0.136,0.0
73,,0.7,0.244,0.324,0.236,0.06,0.036,0.116,-0.02
74,8,0.892,0.224,0.092,-0.084,-0.172,0.016,0.308,0.98
75,8,1.0,0.204,-0.14,-0.404,-0.404,-0.004,0.5,1.0
76,5,0.68,-0.028,-0.16,-0.212,0.596,0.188,0.48,0.768
77,5,0.36,-0.26,-0.18,-0.02,1.0,0.38,0.46,0.536
78,2,0.552,0.74,0.012,-0.04,0.768,0.06,0.228,0.516
79,2,0.744,1.0,0.204,-0.06,0.536,-0.26,-0.004,0.496
80,6,0.512,0.68,-0.028,-0.08,0.728,0.74,0.188,0.476
81,6,0.28,0.36,-0.26,-0.1,0.92,1.0,0.38,0.456
82,3,0.26,0.552,0.74,0.092,0.9,0.768,0.06,0.224
83,3,0.24,0.744,1.0,0.284,0.88,0.536,-0.26,-0.008
84,7,0.22,0.512,0.68,0.052,0.86,0.728,0.74,0.184
85,7,0.2,0.28,0.36,-0.18,0.84,0.92,1.0,0.376
86,4,-0.032,0.26,0.552,0.82,1.0,0.9,0.768,0.056
87,4,-0.264,0.24,0.744,1.0,1.0,0.88,0.536,-0.264
88,1,0.736,0.432,0.724,0.768,0.68,0.648,0.516,-0.072
89,1,1.0,0.624,0.704,0.536,0.36,0.416,0.496,0.12
90,,0.98,0.604,0.684,0.516,0.34,0.396,0.476,0.1
91,,0.96,0.584,0.664,0.496,0.32,0.376,0.456,0.08
92,,0.94,0.564,0.644,0.476,0.3,0.356,0.436,0.06
93,,0.92,0.544,0.624,0.456,0.28,0.336,0.416,0.04
94,,0.9,0.524,0.604,0.436,0.26,0.316,0.396,0.02
95,,0.88,0.504,0.584,0.416,0.24,0.296,0.376,0.0
96,,0.86,0.484,0.564,0.396,0.22,0.276,0.356,-0.02
97,8,1.0,0.464,0.332,0.076,-0.012,0.256,0.548,0.98
98,8,1.0,0.444,0.1,-0.244,-0.244,0.236,0.74,1.0
99,5,0.68,0.212,0.08,-0.052,0.756,0.428,0.72,0.768
100,5,0.36,-0.02,0.06,0.14,1.0,0.62,0.7,0.536
101,2,0.552,0.98,0.252,0.12,0.768,0.3,0.468,0.516
102,2,0.744,1.0,0.444,0.1,0.536,-0.02,0.236,0.496
103,6,0.512,0.68,0.212,0.08,0.728,0.98,0.428,0.476
104,6,0.28,0.36,-0.02,0.06,0.92,1.0,0.62,0.456
105,3,0.26,0.552,0.98,0.252,0.9,0.768,0.3,0.224
106,3,0.24,0.744,1.0,0.444,0.88,0.536,-0.02,-0.008
107,7,0.22,0.512,0.68,0.212,0.86,0.728,0.98,0.184
108,7,0.2,0.28,0.36,-0.02,0.84,0.92,1.0,0.376
109,4,-0.032,0.26,0.552,0.98,1.0,0.9,0.768,0.056
110,4,-0.264,0.24,0.744,1.0,1.0,0.88,0.536,-0.264
111,1,0.736,0.432,0.724,0.768,0.68,0.648,0.516,-0.072
112,1,1.0,0.624,0.704,0.536,0.36,0.416,0.496,0.12
113,,0.98,0.604,0.684,0.516,0.34,0.396,0.476,0.1
114,,0.96,0.584,0.664,0.496,0.32,0.376,0.456,0.08
115,,0.94,0.564,0.644,0.476,0.3,0.356,0.436,0.06
116,,0.92,0.544,0.624,0.456,0.28,0.336,0.416,0.04
117,,0.9,0.524,0.604,0.436,0.26,0.316,0.396,0.02
118,,0.88,0.504,0.584,0.416,0.24,0.296,0.376,0.0
119,,0.86,0.484,0.564,0.396,0.22,0.276,0.356,-0.02
120,8,1.0,0.464,0.332,0.076,-0.012,0.256,0.548,0.98
121,8,1.0,0.444,0.1,-0.244,-0.244,0.236,0.74,1.0
122,5,0.68,0.212,0.08,-0.052,0.756,0.428,0.72,0.768
123,5,0.36,-0.02,0.06,0.14,1.0,0.62,0.7,0.536
124,2,0.552,0.98,0.252,0.12,0.768,0.3,0.468,0.516
125,2,0.744,1.0,0.444,0.1,0.536,-0.02,0.236,0.496
126,6,0.512,0.68,0.212,0.08,0.728,0.98,0.428,0.476
127,6,0.28,0.36,-0.02,0.06,0.92,1.0,0.62,0.456
128,3,0.26,0.552,0.98,0.252,0.9,0.768,0.3,0.224
129,3,0.24,0.744,1.0,0.444,0.88,0.536,-0.02,-0.008
130,7,0.22,0.512,0.68,0.212,0.86,0.728,0.98,0.184
131,7,0.2,0.28,0.36,-0.02,0.84,0.92,1.0,0.376
132,4,-0.032,0.26,0.552,0.98,1.0,0.9,0.768,0.056
133,4,-0.264,0.24,0.744,1.0,1.0,0.88,0.536,-0.264
134,1,0.736,0.432,0.724,0.768,0.68,0.648,0.516,-0.072
135,1,1.0,0.624,0.704,0.536,0.36,0.416,0.496,0.12
136,,0.98,0.604,0.684,0.516,0.34,0.396,0.476,0.1
137,,0.96,0.584,0.664,0.496,0.32,0.376,0.456,0.08
138,,0.94,0.564,0.644,0.476,0.3,0.356,0.436,0.06
139,,0.92,0.544,0.624,0.456,0.28,0.336,0.416,0.04
140,,0.9,0.524,0.604,0.436,0.26,0.316,0.396,0.02
141,,0.88,0.504,0.584,0.416,0.24,0.296,0.376,0.0
142,,0.86,0.484,0.564,0.396,0.22,0.276,0.356,-0.02
143,8,1.0,0.464,0.332,0.076,-0.012,0.256,0.548,0.98
144,8,1.0,0.444,0.1,-0.244,-0.244,0.236,0.74,1.0
145,4,0.768,0.424,0.292,0.756,-0.052,0.216,0.508,0.68
146,4,0.536,0.404,0.484,1.0,0.14,0.196,0.276,0.36
147,,0.516,0.384,0.464,0.98,0.12,0.176,0.256,0.34
148,,0.496,0.364,0.444,0.96,0.1,0.156,0.236,0.32
149,,0.476,0.344,0.424,0.94,0.08,0.136,0.216,0.3
150,,0.456,0.324,0.404,0.92,0.06,0.116,0.196,0.28
151,,0.436,0.304,0.384,0.9,0.04,0.096,0.176,0.26
152,,0.416,0.284,0.364,0.88,0.02,0.076,0.156,0.24
153,,0.396,0.264,0.344,0.86,0.0,0.056,0.136,0.22
154,,0.376,0.244,0.324,0.84,-0.02,0.036,0.116,0.2
155,5,0.056,0.012,0.304,1.0,0.98,0.228,0.096,-0.032
156,5,-0.264,-0.22,0.284,1.0,1.0,0.42,0.076,-0.264
157,8,-0.072,-0.24,0.052,0.68,0.768,0.4,0.268,0.736
158,8,0.12,-0.26,-0.18,0.36,0.536,0.38,0.46,1.0
159,2,0.312,0.74,0.012,0.34,0.304,0.06,0.228,0.98
160,2,0.504,1.0,0.204,0.32,0.072,-0.26,-0.004,0.96
161,6,0.272,0.68,-0.028,0.3,0.264,0.74,0.188,0.94
162,6,0.04,0.36,-0.26,0.28,0.456,1.0,0.38,0.92
163,3,0.02,0.552,0.74,0.472,0.436,0.768,0.06,0.688
164,3,0.0,0.744,1.0,0.664,0.416,0.536,-0.26,0.456
165,7,-0.02,0.512,0.68,0.432,0.396,0.728,0.74,0.648
166,7,-0.04,0.28,0.36,0.2,0.376,0.92,1.0,0.84
167,1,0.96,0.472,0.34,-0.032,0.056,0.688,0.98,1.0
168,1,1.0,0.664,0.32,-0.264,-0.264,0.456,0.96,1.0
169,4,0.768,0.644,0.512,0.736,-0.072,0.436,0.728,0.68
170,4,0.536,0.624,0.704,1.0,0.12,0.416,0.496,0.36
171,,0.516,0.604,0.684,0.98,0.1,0.396,0.476,0.34
172,,0.496,0.584,0.664,0.96,0.08,0.376,0.456,0.32
173,,0.476,0.564,0.644,0.94,0.06,0.356,0.436,0.3
174,,0.456,0.544,0.624,0.92,0.04,0.336,0.416,0.28
175,,0.436,0.524,0.604,0.9,0.02,0.316,0.396,0.26
176,,0.416,0.504,0.584,0.88,0.0,0.296,0.376,0.24
177,,0.396,0.484,0.564,0.86,-0.02,0.276,0.356,0.22
178,5,0.076,0.252,0.544,1.0,0.98,0.468,0.336,-0.012
179,5,-0.244,0.02,0.524,1.0,1.0,0.66,0.316,-0.244
180,1,0.756,0.212,0.504,0.768,0.68,0.428,0.296,-0.052
181,1,1.0,0.404,0.484,0.536,0.36,0.196,0.276,0.14
182,,0.98,0.384,0.464,0.516,0.34,0.176,0.256,0.12
183,,0.96,0.364,0.444,0.496,0.32,0.156,0.236,0.1
184,,0.94,0.344,0.424,0.476,0.3,0.136,0.216,0.08
185,,0.92,0.324,0.404,0.456,0.28,0.116,0.196,0.06
186,,0.9,0.304,0.384,0.436,0.26,0.096,0.176,0.04
187,,0.88,0.284,0.364,0.416,0.24,0.076,0.156,0.02
188,,0.86,0.264,0.344,0.396,0.22,0.056,0.136,0.0
189,,0.84,0.244,0.324,0.376,0.2,0.036,0.116,-0.02
190,8,1.0,0.224,0.092,0.056,-0.032,0.016,0.308,0.98
191,8,1.0,0.204,-0.14,-0.264,-0.264,-0.004,0.5,1.0
192,5,0.68,-0.028,-0.16,-0.072,0.736,0.188,0.48,0.768
193,5,0.36,-0.26,-0.18,0.12,1.0,0.38,0.46,0.536
194,2,0.552,0.74,0.012,0.1,0.768,0.06,0.228,0.516
195,2,0.744,1.0,0.204,0.08,0.536,-0.26,-0.004,0.496
196,6,0.512,0.68,-0.028,0.06,0.728,0.74,0.188,0.476
197,6,0.28,0.36,-0.26,0.04,0.92,1.0,0.38,0.456
198,3,0.26,0.552,0.74,0.232,0.9,0.768,0.06,0.224
199,3,0.24,0.744,1.0,0.424,0.88,0.536,-0.26,-0.008
200,7,0.22,0.512,0.68,0.192,0.86,0.728,0.74,0.184
201,7,0.2,0.28,0.36,-0.04,0.84,0.92,1.0,0.376
202,4,-0.032,0.26,0.552,0.96,1.0,0.9,0.768,0.056
203,4,-0.264,0.24,0.744,1.0,1.0,0.88,0.536,-0.264
204,1,0.736,0.432,0.724,0.768,0.68,0.648,0.516,-0.072
205,1,1.0,0.624,0.704,0.536,0.36,0.416,0.496,0.12
206,,0.98,0.604,0.684,0.516,0.34,0.396,0.476,0.1
207,,0.96,0.584,0.664,0.496,0.32,0.376,0.456,0.08
208,,0.94,0.564,0.644,0.476,0.3,0.356,0.436,0.06
209,,0.92,0.544,0.624,0.456,0.28,0.336,0.416,0.04
210,,0.9,0.524,0.604,0.436,0.26,0.316,0.396,0.02
211,,0.88,0.504,0.584,0.416,0.24,0.296,0.376,0.0
212,,0.86,0.484,0.564,0.396,0.22,0.276,0.356,-0.02
213,8,1.0,0.464,0.332,0.076,-0.012,0.256,0.548,0.98
214,8,1.0,0.444,0.1,-0.244,-0.244,0.236,0.74,1.0
215,4,0.768,0.424,0.292,0.756,-0.052,0.216,0.508,0.68
216,4,0.536,0.404,0.484,1.0,0.14,0.196,0.276,0.36
217,,0.516,0.384,0.464,0.98,0.12,0.176,0.256,0.34
218,,0.496,0.364,0.444,0.96,0.1,0.156,0.236,0.32
219,,0.476,0.344,0.424,0.94,0.08,0.136,0.216,0.3
220,,0.456,0.324,0.404,0.92,0.06,0.116,0.196,0.28
221,,0.436,0.304,0.384,0.9,0.04,0.096,0.176,0.26
222,,0.416,0.284,0.364,0.88,0.02,0.076,0.156,0.24
223,,0.396,0.264,0.344,0.86,0.0,0.056,0.136,0.22
224,,0.376,0.244,0.324,0.84,-0.02,0.036,0.116,0.2
225,5,0.056,0.012,0.304,1.0,0.98,0.228,0.096,-0.032
226,5,-0.264,-0.22,0.284,1.0,1.0,0.42,0.076,-0.264
227,1,0.736,-0.028,0.264,0.768,0.68,0.188,0.056,-0.072
228,1,1.0,0.164,0.244,0.536,0.36,-0.044,0.036,0.12
229,6,0.768,-0.156,0.012,0.516,0.552,0.956,0.228,0.1
230,6,0.536,-0.476,-0.22,0.496,0.744,1.0,0.42,0.08
231,2,0.728,0.524,-0.028,0.476,0.512,0.68,0.188,0.06
232,2,0.92,1.0,0.164,0.456,0.28,0.36,-0.044,0.04
233,7,0.9,0.768,-0.156,0.224,0.26,0.552,0.956,0.232
234,7,0.88,0.536,-0.476,-0.008,0.24,0.744,1.0,0.424
235,3,0.86,0.728,0.524,0.184,0.22,0.512,0.68,0.192
236,3,0.84,0.92,1.0,0.376,0.2,0.28,0.36,-0.04
237,8,1.0,0.9,0.768,0.056,-0.032,0.26,0.552,0.96
238,8,1.0,0.88,0.536,-0.264,-0.264,0.24,0.744,1.0
239,5,0.68,0.648,0.516,-0.072,0.736,0.432,0.724,0.768
240,5,0.36,0.416,0.496,0.12,1.0,0.624,0.704,0.536
241,,0.34,0.396,0.476,0.1,0.98,0.604,0.684,0.516
242,,0.32,0.376,0.456,0.08,0.96,0.584,0.664,0.496
243,,0.3,0.356,0.436,0.06,0.94,0.564,0.644,0.476
244,,0.28,0.336,0.416,0.04,0.92,0.544,0.624,0.456
245,,0.26,0.316,0.396,0.02,0.9,0.524,0.604,0.436
246,,0.24,0.296,0.376,0.0,0.88,0.504,0.584,0.416
247,,0.22,0.276,0.356,-0.02,0.86,0.484,0.564,0.396
248,4,-0.012,0.256,0.548,0.98,1.0,0.464,0.332,0.076
249,4,-0.244,0.236,0.74,1.0,1.0,0.444,0.1,-0.244
250,1,0.756,0.428,0.72,0.768,0.68,0.212,0.08,-0.052
251,1,1.0,0.62,0.7,0.536,0.36,-0.02,0.06,0.14
252,6,0.768,0.3,0.468,0.516,0.552,0.98,0.252,0.12
253,6,0.536,-0.02,0.236,0.496,0.744,1.0,0.444,0.1
254,2,0.728,0.98,0.428,0.476,0.512,0.68,0.212,0.08
255,2,0.92,1.0,0.62,0.456,0.28,0.36,-0.02,0.06
256,7,0.9,0.768,0.3,0.224,0.26,0.552,0.98,0.252
257,7,0.88,0.536,-0.02,-0.008,0.24,0.744,1.0,0.444
258,3,0.86,0.728,0.98,0.184,0.22,0.512,0.68,0.212
259,3,0.84,0.92,1.0,0.376,0.2,0.28,0.36,-0.02
260,8,1.0,0.9,0.768,0.056,-0.032,0.26,0.552,0.98
261,8,1.0,0.88,0.536,-0.264,-0.264,0.24,0.744,1.0
262,5,0.68,0.648,0.516,-0.072,0.736,0.432,0.724,0.768
263,5,0.36,0.416,0.496,0.12,1.0,0.624,0.704,0.536
264,,0.34,0.396,0.476,0.1,0.98,0.604,0.684,0.516
265,,0.32,0.376,0.456,0.08,0.96,0.584,0.664,0.496
266,,0.3,0.356,0.436,0.06,0.94,0.564,0.644,0.476
267,,0.28,0.336,0.416,0.04,0.92,0.544,0.624,0.456
268,,0.26,0.316,0.396,0.02,0.9,0.524,0.604,0.436
269,,0.24,0.296,0.376,0.0,0.88,0.504,0.584,0.416
270,,0.22,0.276,0.356,-0.02,0.86,0.484,0.564,0.396
271,4,-0.012,0.256,0.548,0.98,1.0,0.464,0.332,0.076
272,4,-0.244,0.236,0.74,1.0,1.0,0.444,0.1,-0.244
273,1,0.756,0.428,0.72,0.768,0.68,0.212,0.08,-0.052
274,1,1.0,0.62,0.7,0.536,0.36,-0.02,0.06,0.14
275,6,0.768,0.3,0.468,0.516,0.552,0.98,0.252,0.12
276,6,0.536,-0.02,0.236,0.496,0.744,1.0,0.444,0.1
277,2,0.728,0.98,0.428,0.476,0.512,0.68,0.212,0.08
278,2,0.92,1.0,0.62,0.456,0.28,0.36,-0.02,0.06
279,7,0.9,0.768,0.3,0.224,0.26,0.552,0.98,0.252
280,7,0.88,0.536,-0.02,-0.008,0.24,0.744,1.0,0.444
281,3,0.86,0.728,0.98,0.184,0.22,0.512,0.68,0.212
282,3,0.84,0.92,1.0,0.376,0.2,0.28,0.36,-0.02
283,8,1.0,0.9,0.768,0.056,-0.032,0.26,0.552,0.98
284,8,1.0,0.88,0.536,-0.264,-0.264,0.24,0.744,1.0
285,4,0.768,0.86,0.728,0.736,-0.072,0.22,0.512,0.68
286,4,0.536,0.84,0.92,1.0,0.12,0.2,0.28,0.36
287,,0.516,0.82,0.9,0.98,0.1,0.18,0.26,0.34
288,,0.496,0.8,0.88,0.96,0.08,0.16,0.24,0.32
289,,0.476,0.78,0.86,0.94,0.06,0.14,0.22,0.3
290,,0.456,0.76,0.84,0.92,0.04,0.12,0.2,0.28
291,,0.436,0.74,0.82,0.9,0.02,0.1,0.18,0.26
292,,0.416,0.72,0.8,0.88,0.0,0.08,0.16,0.24
293,,0.396,0.7,0.78,0.86,-0.02,0.06,0.14,0.22
294,5,0.076,0.468,0.76,1.0,0.98,0.252,0.12,-0.012
295,5,-0.244,0.236,0.74,1.0,1.0,0.444,0.1,-0.244
296,1,0.756,0.428,0.72,0.768,0.68,0.212,0.08,-0.052
297,1,1.0,0.62,0.7,0.536,0.36,-0.02,0.06,0.14
298,6,0.768,0.3,0.468,0.516,0.552,0.98,0.252,0.12
299,6,0.536,-0.02,0.236,0.496,0.744,1.0,0.444,0.1
300,2,0.728,0.98,0.428,0.476,0.512,0.68,0.212,0.08
301,2,0.92,1.0,0.62,0.456,0.28,0.36,-0.02,0.06
302,7,0.9,0.768,0.3,0.224,0.26,0.552,0.98,0.252
303,7,0.88,0.536,-0.02,-0.008,0.24,0.744,1.0,0.444
304,3,0.86,0.728,0.98,0.184,0.22,0.512,0.68,0.212
305,3,0.84,0.92,1.0,0.376,0.2,0.28,0.36,-0.02
306,8,1.0,0.9,0.768,0.056,-0.032,0.26,0.552,0.98
307,8,1.0,0.88,0.536,-0.264,-0.264,0.24,0.744,1.0
308,5,0.68,0.648,0.516,-0.072,0.736,0.432,0.724,0.768
309,5,0.36,0.416,0.496,0.12,1.0,0.624,0.704,0.536
310,,0.34,0.396,0.476,0.1,0.98,0.604,0.684,0.516
311,,0.32,0.376,0.456,0.08,0.96,0.584,0.664,0.496
312,,0.3,0.356,0.436,0.06,0.94,0.564,0.644,0.476
313,,0.28,0.336,0.416,0.04,0.92,0.544,0.624,0.456
314,,0.26,0.316,0.396,0.02,0.9,0.524,0.604,0.436
315,,0.24,0.296,0.376,0.0,0.88,0.504,0.584,0.416
316,,0.22,0.276,0.356,-0.02,0.86,0.484,0.564,0.396
317,4,-0.012,0.256,0.548,0.98,1.0,0.464,0.332,0.076
318,4,-0.244,0.236,0.74,1.0,1.0,0.444,0.1,-0.244
319,1,0.756,0.428,0.72,0.768,0.68,0.212,0.08,-0.052
320,1,1.0,0.62,0.7,0.536,0.36,-0.02,0.06,0.14
321,6,0.768,0.3,0.468,0.516,0.552,0.98,0.252,0.12
322,6,0.536,-0.02,0.236,0.496,0.744,1.0,0.444,0.1
323,2,0.728,0.98,0.428,0.476,0.512,0.68,0.212,0.08
324,2,0.92,1.0,0.62,0.456,0.28,0.36,-0.02,0.06
325,7,0.9,0.768,0.3,0.224,0.26,0.552,0.98,0.252
326,7,0.88,0.536,-0.02,-0.008,0.24,0.744,1.0,0.444
327,3,0.86,0.728,0.98,0.184,0.22,0.512,0.68,0.212
328,3,0.84,0.92,1.0,0.376,0.2,0.28,0.36,-0.02
329,8,1.0,0.9,0.768,0.056,-0.032,0.26,0.552,0.98
330,8,1.0,0.88,0.536,-0.264,-0.264,0.24,0.744,1.0
331,4,0.768,0.86,0.728,0.736,-0.072,0.22,0.512,0.68
332,4,0.536,0.84,0.92,1.0,0.12,0.2,0.28,0.36
333,,0.516,0.82,0.9,0.98,0.1,0.18,0.26,0.34
334,,0.496,0.8,0.88,0.96,0.08,0.16,0.24,0.32
335,,0.476,0.78,0.86,0.94,0.06,0.14,0.22,0.3
336,,0.456,0.76,0.84,0.92,0.04,0.12,0.2,0.28
337,,0.436,0.74,0.82,0.9,0.02,0.1,0.18,0.26
338,,0.416,0.72,0.8,0.88,0.0,0.08,0.16,0.24
339,,0.396,0.7,0.78,0.86,-0.02,0.06,0.14,0.22
340,5,0.076,0.468,0.76,1.0,0.98,0.252,0.12,-0.012
341,5,-0.244,0.236,0.74,1.0,1.0,0.444,0.1,-0.244
342,8,-0.052,0.216,0.508,0.68,0.768,0.424,0.292,0.756
343,8,0.14,0.196,0.276,0.36,0.536,0.404,0.484,1.0
344,,0.12,0.176,0.256,0.34,0.516,0.384,0.464,0.98
345,,0.1,0.156,0.236,0.32,0.496,0.364,0.444,0.96
346,,0.08,0.136,0.216,0.3,0.476,0.344,0.424,0.94
347,,0.06,0.116,0.196,0.28,0.456,0.324,0.404,0.92
348,,0.04,0.096,0.176,0.26,0.436,0.304,0.384,0.9
349,,0.02,0.076,0.156,0.24,0.416,0.284,0.364,0.88
350,,0.0,0.056,0.136,0.22,0.396,0.264,0.344,0.86
351,,-0.02,0.036,0.116,0.2,0.376,0.244,0.324,0.84
352,1,0.98,0.228,0.096,-0.032,0.056,0.012,0.304,1.0
353,1,1.0,0.42,0.076,-0.264,-0.264,-0.22,0.284,1.0
354,4,0.768,0.4,0.268,0.736,-0.072,-0.24,0.052,0.68
355,4,0.536,0.38,0.46,1.0,0.12,-0.26,-0.18,0.36
356,6,0.304,0.06,0.228,0.98,0.312,0.74,0.012,0.34
357,6,0.072,-0.26,-0.004,0.96,0.504,1.0,0.204,0.32
358,2,0.264,0.74,0.188,0.94,0.272,0.68,-0.028,0.3
359,2,0.456,1.0,0.38,0.92,0.04,0.36,-0.26,0.28
360,7,0.436,0.768,0.06,0.688,0.02,0.552,0.74,0.472
361,7,0.416,0.536,-0.26,0.456,0.0,0.744,1.0,0.664
362,3,0.396,0.728,0.74,0.648,-0.02,0.512,0.68,0.432
363,3,0.376,0.92,1.0,0.84,-0.04,0.28,0.36,0.2
364,5,0.056,0.688,0.98,1.0,0.96,0.472,0.34,-0.032
365,5,-0.264,0.456,0.96,1.0,1.0,0.664,0.32,-0.264
366,8,-0.072,0.436,0.728,0.68,0.768,0.644,0.512,0.736
367,8,0.12,0.416,0.496,0.36,0.536,0.624,0.704,1.0
368,,0.1,0.396,0.476,0.34,0.516,0.604,0.684,0.98
369,,0.08,0.376,0.456,0.32,0.496,0.584,0.664,0.96
370,,0.06,0.356,0.436,0.3,0.476,0.564,0.644,0.94
371,,0.04,0.336,0.416,0.28,0.456,0.544,0.624,0.92
372,,0.02,0.316,0.396,0.26,0.436,0.524,0.604,0.9
373,,0.0,0.296,0.376,0.24,0.416,0.504,0.584,0.88
374,,-0.02,0.276,0.356,0.22,0.396,0.484,0.564,0.86
375,1,0.98,0.468,0.336,-0.012,0.076,0.252,0.544,1.0
376,1,1.0,0.66,0.316,-0.244,-0.244,0.02,0.524,1.0
377,5,0.68,0.428,0.296,-0.052,0.756,0.212,0.504,0.768
378,5,0.36,0.196,0.276,0.14,1.0,0.404,0.484,0.536
379,,0.34,0.176,0.256,0.12,0.98,0.384,0.464,0.516
380,,0.32,0.156,0.236,0.1,0.96,0.364,0.444,0.496
381,,0.3,0.136,0.216,0.08,0.94,0.344,0.424,0.476
382,,0.28,0.116,0.196,0.06,0.92,0.324,0.404,0.456
383,,0.26,0.096,0.176,0.04,0.9,0.304,0.384,0.436
384,,0.24,0.076,0.156,0.02,0.88,0.284,0.364,0.416
385,,0.22,0.056,0.136,0.0,0.86,0.264,0.344,0.396
386,,0.2,0.036,0.116,-0.02,0.84,0.244,0.324,0.376
387,4,-0.032,0.016,0.308,0.98,1.0,0.224,0.092,0.056
388,4,-0.264,-0.004,0.5,1.0,1.0,0.204,-0.14,-0.264
389,1,0.736,0.188,0.48,0.768,0.68,-0.028,-0.16,-0.072
390,1,1.0,0.38,0.46,0.536,0.36,-0.26,-0.18,0.12
391,6,0.768,0.06,0.228,0.516,0.552,0.74,0.012,0.1
392,6,0.536,-0.26,-0.004,0.496,0.744,1.0,0.204,0.08
393,2,0.728,0.74,0.188,0.476,0.512,0.68,-0.028,0.06
394,2,0.92,1.0,0.38,0.456,0.28,0.36,-0.26,0.04
395,7,0.9,0.768,0.06,0.224,0.26,0.552,0.74,0.232
396,7,0.88,0.536,-0.26,-0.008,0.24,0.744,1.0,0.424
397,3,0.86,0.728,0.74,0.184,0.22,0.512,0.68,0.192
398,3,0.84,0.92,1.0,0.376,0.2,0.28,0.36,-0.04
399,8,1.0,0.9,0.768,0.056,-0.032,0.26,0.552,0.96
400,8,1.0,0.88,0.536,-0.264,-0.264,0.24,0.744,1.0
401,5,0.68,0.648,0.516,-0.072,0.736,0.432,0.724,0.768
402,5,0.36,0.416,0.496,0.12,1.0,0.624,0.704,0.536
403,,0.34,0.396,0.476,0.1,0.98,0.604,0.684,0.516
404,,0.32,0.376,0.456,0.08,0.96,0.584,0.664,0.496
405,,0.3,0.356,0.436,0.06,0.94,0.564,0.644,0.476
406,,0.28,0.336,0.416,0.04,0.92,0.544,0.624,0.456
407,,0.26,0.316,0.396,0.02,0.9,0.524,0.604,0.436
408,,0.24,0.296,0.376,0.0,0.88,0.504,0.584,0.416
409,,0.22,0.276,0.356,-0.02,0.86,0.484,0.564,0.396
410,4,-0.012,0.256,0.548,0.98,1.0,0.464,0.332,0.076
411,4,-0.244,0.236,0.74,1.0,1.0,0.444,0.1,-0.244
412,1,0.756,0.428,0.72,0.768,0.68,0.212,0.08,-0.052
413,1,1.0,0.62,0.7,0.536,0.36,-0.02,0.06,0.14
414,6,0.768,0.3,0.468,0.516,0.552,0.98,0.252,0.12
415,6,0.536,-0.02,0.236,0.496,0.744,1.0,0.444,0.1
416,2,0.728,0.98,0.428,0.476,0.512,0.68,0.212,0.08
417,2,0.92,1.0,0.62,0.456,0.28,0.36,-0.02,0.06
418,7,0.9,0.768,0.3,0.224,0.26,0.552,0.98,0.252
419,7,0.88,0.536,-0.02,-0.008,0.24,0.744,1.0,0.444
420,3,0.86,0.728,0.98,0.184,0.22,0.512,0.68,0.212
421,3,0.84,0.92,1.0,0.376,0.2,0.28,0.36,-0.02
422,8,1.0,0.9,0.768,0.056,-0.032,0.26,0.552,0.98
423,8,1.0,0.88,0.536,-0.264,-0.264,0.24,0.744,1.0
424,5,0.68,0.648,0.516,-0.072,0.736,0.432,0.724,0.768
425,5,0.36,0.416,0.496,0.12,1.0,0.624,0.704,0.536
426,,0.34,0.396,0.476,0.1,0.98,0.604,0.684,0.516
427,,0.32,0.376,0.456,0.08,0.96,0.584,0.664,0.496
428,,0.3,0.356,0.436,0.06,0.94,0.564,0.644,0.476
429,,0.28,0.336,0.416,0.04,0.92,0.544,0.624,0.456
430,,0.26,0.316,0.396,0.02,0.9,0.524,0.604,0.436
431,,0.24,0.296,0.376,0.0,0.88,0.504,0.584,0.416
432,,0.22,0.276,0.356,-0.02,0.86,0.484,0.564,0.396
433,4,-0.012,0.256,0.548,0.98,1.0,0.464,0.332,0.076
434,4,-0.244,0.236,0.74,1.0,1.0,0.444,0.1,-0.244
435,8,-0.052,0.216,0.508,0.68,0.768,0.424,0.292,0.756
436,8,0.14,0.196,0.276,0.36,0.536,0.404,0.484,1.0
437,,0.12,0.176,0.256,0.34,0.516,0.384,0.464,0.98
438,,0.1,0.156,0.236,0.32,0.496,0.364,0.444,0.96
439,,0.08,0.136,0.216,0.3,0.476,0.344,0.424,0.94
440,,0.06,0.116,0.196,0.28,0.456,0.324,0.404,0.92
441,,0.04,0.096,0.176,0.26,0.436,0.304,0.384,0.9
442,,0.02,0.076,0.156,0.24,0.416,0.284,0.364,0.88
443,,0.0,0.056,0.136,0.22,0.396,0.264,0.344,0.86
444,,-0.02,0.036,0.116,0.2,0.376,0.244,0.324,0.84
445,1,0.98,0.228,0.096,-0.032,0.056,0.012,0.304,1.0
446,1,1.0,0.42,0.076,-0.264,-0.264,-0.22,0.284,1.0
447,4,0.768,0.4,0.268,0.736,-0.072,-0.24,0.052,0.68
448,4,0.536,0.38,0.46,1.0,0.12,-0.26,-0.18,0.36
449,6,0.304,0.06,0.228,0.98,0.312,0.74,0.012,0.34
450,6,0.072,-0.26,-0.004,0.96,0.504,1.0,0.204,0.32
451,2,0.264,0.74,0.188,0.94,0.272,0.68,-0.028,0.3
452,2,0.456,1.0,0.38,0.92,0.04,0.36,-0.26,0.28
453,7,0.436,0.768,0.06,0.688,0.02,0.552,0.74,0.472
454,7,0.416,0.536,-0.26,0.456,0.0,0.744,1.0,0.664
455,3,0.396,0.728,0.74,0.648,-0.02,0.512,0.68,0.432
456,3,0.376,0.92,1.0,0.84,-0.04,0.28,0.36,0.2
457,5,0.056,0.688,0.98,1.0,0.96,0.472,0.34,-0.032
458,5,-0.264,0.456,0.96,1.0,1.0,0.664,0.32,-0.264
459,8,-0.072,0.436,0.728,0.68,0.768,0.644,0.512,0.736
460,8,0.12,0.416,0.496,0.36,0.536,0.624,0.704,1.0
461,,0.1,0.396,0.476,0.34,0.516,0.604,0.684,0.98
462,,0.08,0.376,0.456,0.32,0.496,0.584,0.664,0.96
463,,0.06,0.356,0.436,0.3,0.476,0.564,0.644,0.94
464,,0.04,0.336,0.416,0.28,0.456,0.544,0.624,0.92
465,,0.02,0.316,0.396,0.26,0.436,0.524,0.604,0.9
466,,0.0,0.296,0.376,0.24,0.416,0.504,0.584,0.88
467,,-0.02,0.276,0.356,0.22,0.396,0.484,0.564,0.86
468,1,0.98,0.468,0.336,-0.012,0.076,0.252,0.544,1.0
469,1,1.0,0.66,0.316,-0.244,-0.244,0.02,0.524,1.0
470,5,0.68,0.428,0.296,-0.052,0.756,0.212,0.504,0.768
471,5,0.36,0.196,0.276,0.14,1.0,0.404,0.484,0.536
472,,0.34,0.176,0.256,0.12,0.98,0.384,0.464,0.516
473,,0.32,0.156,0.236,0.1,0.96,0.364,0.444,0.496
474,,0.3,0.136,0.216,0.08,0.94,0.344,0.424,0.476
475,,0.28,0.116,0.196,0.06,0.92,0.324,0.404,0.456
476,,0.26,0.096,0.176,0.04,0.9,0.304,0.384,0.436
477,,0.24,0.076,0.156,0.02,0.88,0.284,0.364,0.416
478,,0.22,0.056,0.136,0.0,0.86,0.264,0.344,0.396
479,,0.2,0.036,0.116,-0.02,0.84,0.244,0.324,0.376
480,4,-0.032,0.016,0.308,0.98,1.0,0.224,0.092,0.056
481,4,-0.264,-0.004,0.5,1.0,1.0,0.204,-0.14,-0.264
482,8,-0.072,-0.024,0.268,0.68,0.768,0.184,0.052,0.736
483,8,0.12,-0.044,0.036,0.36,0.536,0.164,0.244,1.0
484,2,0.312,0.956,0.228,0.34,0.304,-0.156,0.012,0.98
485,2,0.504,1.0,0.42,0.32,0.072,-0.476,-0.22,0.96
486,6,0.272,0.68,0.188,0.3,0.264,0.524,-0.028,0.94
487,6,0.04,0.36,-0.044,0.28,0.456,1.0,0.164,0.92
488,3,0.02,0.552,0.956,0.472,0.436,0.768,-0.156,0.688
489,3,0.0,0.744,1.0,0.664,0.416,0.536,-0.476,0.456
490,7,-0.02,0.512,0.68,0.432,0.396,0.728,0.524,0.648
491,7,-0.04,0.28,0.36,0.2,0.376,0.92,1.0,0.84
492,1,0.96,0.472,0.34,-0.032,0.056,0.688,0.98,1.0
493,1,1.0,0.664,0.32,-0.264,-0.264,0.456,0.96,1.0
494,5,0.68,0.432,0.3,-0.072,0.736,0.648,0.94,0.768
495,5,0.36,0.2,0.28,0.12,1.0,0.84,0.92,0.536
496,,0.34,0.18,0.26,0.1,0.98,0.82,0.9,0.516
497,,0.32,0.16,0.24,0.08,0.96,0.8,0.88,0.496
498,,0.3,0.14,0.22,0.06,0.94,0.78,0.86,0.476
499,,0.28,0.12,0.2,0.04,0.92,0.76,0.84,0.456
500,,0.26,0.1,0.18,0.02,0.9,0.74,0.82,0.436
501,,0.24,0.08,0.16,0.0,0.88,0.72,0.8,0.416
502,,0.22,0.06,0.14,-0.02,0.86,0.7,0.78,0.396
503,4,-0.012,0.04,0.332,0.98,1.0,0.68,0.548,0.076
504,4,-0.244,0.02,0.524,1.0,1.0,0.66,0.316,-0.244
505,8,-0.052,0.0,0.292,0.68,0.768,0.64,0.508,0.756
506,8,0.14,-0.02,0.06,0.36,0.536,0.62,0.7,1.0
507,2,0.332,0.98,0.252,0.34,0.304,0.3,0.468,0.98
508,2,0.524,1.0,0.444,0.32,0.072,-0.02,0.236,0.96
509,6,0.292,0.68,0.212,0.3,0.264,0.98,0.428,0.94
510,6,0.06,0.36,-0.02,0.28,0.456,1.0,0.62,0.92
511,3,0.04,0.552,0.98,0.472,0.436,0.768,0.3,0.688
512,3,0.02,0.744,1.0,0.664,0.416,0.536,-0.02,0.456
513,7,0.0,0.512,0.68,0.432,0.396,0.728,0.98,0.648
514,7,-0.02,0.28,0.36,0.2,0.376,0.92,1.0,0.84
515,1,0.98,0.472,0.34,-0.032,0.056,0.688,0.98,1.0
516,1,1.0,0.664,0.32,-0.264,-0.264,0.456,0.96,1.0
517,4,0.768,0.644,0.512,0.736,-0.072,0.436,0.728,0.68
518,4,0.536,0.624,0.704,1.0,0.12,0.416,0.496,0.36
519,,0.516,0.604,0.684,0.98,0.1,0.396,0.476,0.34
520,,0.496,0.584,0.664,0.96,0.08,0.376,0.456,0.32
521,,0.476,0.564,0.644,0.94,0.06,0.356,0.436,0.3
522,,0.456,0.544,0.624,0.92,0.04,0.336,0.416,0.28
523,,0.436,0.524,0.604,0.9,0.02,0.316,0.396,0.26
524,,0.416,0.504,0.584,0.88,0.0,0.296,0.376,0.24
525,,0.396,0.484,0.564,0.86,-0.02,0.276,0.356,0.22
526,5,0.076,0.252,0.544,1.0,0.98,0.468,0.336,-0.012
527,5,-0.244,0.02,0.524,1.0,1.0,0.66,0.316,-0.244
528,8,-0.052,0.0,0.292,0.68,0.768,0.64,0.508,0.756
529,8,0.14,-0.02,0.06,0.36,0.536,0.62,0.7,1.0
530,2,0.332,0.98,0.252,0.34,0.304,0.3,0.468,0.98
531,2,0.524,1.0,0.444,0.32,0.072,-0.02,0.236,0.96
532,6,0.292,0.68,0.212,0.3,0.264,0.98,0.428,0.94
533,6,0.06,0.36,-0.02,0.28,0.456,1.0,0.62,0.92
534,3,0.04,0.552,0.98,0.472,0.436,0.768,0.3,0.688
535,3,0.02,0.744,1.0,0.664,0.416,0.536,-0.02,0.456
536,7,0.0,0.512,0.68,0.432,0.396,0.728,0.98,0.648
537,7,-0.02,0.28,0.36,0.2,0.376,0.92,1.0,0.84
538,1,0.98,0.472,0.34,-0.032,0.056,0.688,0.98,1.0
539,1,1.0,0.664,0.32,-0.264,-0.264,0.456,0.96,1.0
540,4,0.768,0.644,0.512,0.736,-0.072,0.436,0.728,0.68
541,4,0.536,0.624,0.704,1.0,0.12,0.416,0.496,0.36
542,,0.516,0.604,0.684,0.98,0.1,0.396,0.476,0.34
543,,0.496,0.584,0.664,0.96,0.08,0.376,0.456,0.32
544,,0.476,0.564,0.644,0.94,0.06,0.356,0.436,0.3
545,,0.456,0.544,0.624,0.92,0.04,0.336,0.416,0.28
546,,0.436,0.524,0.604,0.9,0.02,0.316,0.396,0.26
547,,0.416,0.504,0.584,0.88,0.0,0.296,0.376,0.24
548,,0.396,0.484,0.564,0.86,-0.02,0.276,0.356,0.22
549,5,0.076,0.252,0.544,1.0,0.98,0.468,0.336,-0.012
550,5,-0.244,0.02,0.524,1.0,1.0,0.66,0.316,-0.244
551,8,-0.052,0.0,0.292,0.68,0.768,0.64,0.508,0.756
552,8,0.14,-0.02,0.06,0.36,0.536,0.62,0.7,1.0
553,2,0.332,0.98,0.252,0.34,0.304,0.3,0.468,0.98
554,2,0.524,1.0,0.444,0.32,0.072,-0.02,0.236,0.96
555,6,0.292,0.68,0.212,0.3,0.264,0.98,0.428,0.94
556,6,0.06,0.36,-0.02,0.28,0.456,1.0,0.62,0.92
557,3,0.04,0.552,0.98,0.472,0.436,0.768,0.3,0.688
558,3,0.02,0.744,1.0,0.664,0.416,0.536,-0.02,0.456
559,7,0.0,0.512,0.68,0.432,0.396,0.728,0.98,0.648
560,7,-0.02,0.28,0.36,0.2,0.376,0.92,1.0,0.84
561,1,0.98,0.472,0.34,-0.032,0.056,0.688,0.98,1.0
562,1,1.0,0.664,0.32,-0.264,-0.264,0.456,0.96,1.0
563,4,0.768,0.644,0.512,0.736,-0.072,0.436,0.728,0.68
564,4,0.536,0.624,0.704,1.0,0.12,0.416,0.496,0.36
565,,0.516,0.604,0.684,0.98,0.1,0.396,0.476,0.34
566,,0.496,0.584,0.664,0.96,0.08,0.376,0.456,0.32
567,,0.476,0.564,0.644,0.94,0.06,0.356,0.436,0.3
568,,0.456,0.544,0.624,0.92,0.04,0.336,0.416,0.28
569,,0.436,0.524,0.604,0.9,0.02,0.316,0.396,0.26
570,,0.416,0.504,0.584,0.88,0.0,0.296,0.376,0.24
571,,0.396,0.484,0.564,0.86,-0.02,0.276,0.356,0.22
572,5,0.076,0.252,0.544,1.0,0.98,0.468,0.336,-0.012
573,5,-0.244,0.02,0.524,1.0,1.0,0.66,0.316,-0.244
574,1,0.756,0.212,0.504,0.768,0.68,0.428,0.296,-0.052
575,1,1.0,0.404,0.484,0.536,0.36,0.196,0.276,0.14
576,,0.98,0.384,0.464,0.516,0.34,0.176,0.256,0.12
577,,0.96,0.364,0.444,0.496,0.32,0.156,0.236,0.1
578,,0.94,0.344,0.424,0.476,0.3,0.136,0.216,0.08
579,,0.92,0.324,0.404,0.456,0.28,0.116,0.196,0.06
580,,0.9,0.304,0.384,0.436,0.26,0.096,0.176,0.04
581,,0.88,0.284,0.364,0.416,0.24,0.076,0.156,0.02
582,,0.86,0.264,0.344,0.396,0.22,0.056,0.136,0.0
583,,0.84,0.244,0.324,0.376,0.2,0.036,0.116,-0.02
584,8,1.0,0.224,0.092,0.056,-0.032,0.016,0.308,0.98
585,8,1.0,0.204,-0.14,-0.264,-0.264,-0.004,0.5,1.0
586,5,0.68,-0.028,-0.16,-0.072,0.736,0.188,0.48,0.768
587,5,0.36,-0.26,-0.18,0.12,1.0,0.38,0.46,0.536
588,2,0.552,0.74,0.012,0.1,0.768,0.06,0.228,0.516
589,2,0.744,1.0,0.204,0.08,0.536,-0.26,-0.004,0.496
590,6,0.512,0.68,-0.028,0.06,0.728,0.74,0.188,0.476
591,6,0.28,0.36,-0.26,0.04,0.92,1.0,0.38,0.456
592,3,0.26,0.552,0.74,0.232,0.9,0.768,0.06,0.224
593,3,0.24,0.744,1.0,0.424,0.88,0.536,-0.26,-0.008
594,7,0.22,0.512,0.68,0.192,0.86,0.728,0.74,0.184
595,7,0.2,0.28,0.36,-0.04,0.84,0.92,1.0,0.376
596,4,-0.032,0.26,0.552,0.96,1.0,0.9,0.768,0.056
597,4,-0.264,0.24,0.744,1.0,1.0,0.88,0.536,-0.264
598,8,-0.072,0.22,0.512,0.68,0.768,0.86,0.728,0.736
599,8,0.12,0.2,0.28,0.36,0.536,0.84,0.92,1.0
600,,0.1,0.18,0.26,0.34,0.516,0.82,0.9,0.98
601,,0.08,0.16,0.24,0.32,0.496,0.8,0.88,0.96
602,,0.06,0.14,0.22,0.3,0.476,0.78,0.86,0.94
603,,0.04,0.12,0.2,0.28,0.456,0.76,0.84,0.92
604,,0.02,0.1,0.18,0.26,0.436,0.74,0.82,0.9
605,,0.0,0.08,0.16,0.24,0.416,0.72,0.8,0.88
606,,-0.02,0.06,0.14,0.22,0.396,0.7,0.78,0.86
607,1,0.98,0.252,0.12,-0.012,0.076,0.468,0.76,1.0
608,1,1.0,0.444,0.1,-0.244,-0.244,0.236,0.74,1.0
609,5,0.68,0.212,0.08,-0.052,0.756,0.428,0.72,0.768
610,5,0.36,-0.02,0.06,0.14,1.0,0.62,0.7,0.536
611,2,0.552,0.98,0.252,0.12,0.768,0.3,0.468,0.516
612,2,0.744,1.0,0.444,0.1,0.536,-0.02,0.236,0.496
613,6,0.512,0.68,0.212,0.08,0.728,0.98,0.428,0.476
614,6,0.28,0.36,-0.02,0.06,0.92,1.0,0.62,0.456
615,3,0.26,0.552,0.98,0.252,0.9,0.768,0.3,0.224
616,3,0.24,0.744,1.0,0.444,0.88,0.536,-0.02,-0.008
617,7,0.22,0.512,0.68,0.212,0.86,0.728,0.98,0.184
618,7,0.2,0.28,0.36,-0.02,0.84,0.92,1.0,0.376
619,4,-0.032,0.26,0.552,0.98,1.0,0.9,0.768,0.056
620,4,-0.264,0.24,0.744,1.0,1.0,0.88,0.536,-0.264
621,1,0.736,0.432,0.724,0.768,0.68,0.648,0.516,-0.072
622,1,1.0,0.624,0.704,0.536,0.36,0.416,0.496,0.12
623,,0.98,0.604,0.684,0.516,0.34,0.396,0.476,0.1
624,,0.96,0.584,0.664,0.496,0.32,0.376,0.456,0.08
625,,0.94,0.564,0.644,0.476,0.3,0.356,0.436,0.06
626,,0.92,0.544,0.624,0.456,0.28,0.336,0.416,0.04
627,,0.9,0.524,0.604,0.436,0.26,0.316,0.396,0.02
628,,0.88,0.504,0.584,0.416,0.24,0.296,0.376,0.0
629,,0.86,0.484,0.564,0.396,0.22,0.276,0.356,-0.02
630,8,1.0,0.464,0.332,0.076,-0.012,0.256,0.548,0.98
631,8,1.0,0.444,0.1,-0.244,-0.244,0.236,0.74,1.0
632,5,0.68,0.212,0.08,-0.052,0.756,0.428,0.72,0.768
633,5,0.36,-0.02,0.06,0.14,1.0,0.62,0.7,0.536
634,2,0.552,0.98,0.252,0.12,0.768,0.3,0.468,0.516
635,2,0.744,1.0,0.444,0.1,0.536,-0.02,0.236,0.496
636,6,0.512,0.68,0.212,0.08,0.728,0.98,0.428,0.476
637,6,0.28,0.36,-0.02,0.06,0.92,1.0,0.62,0.456
638,3,0.26,0.552,0.98,0.252,0.9,0.768,0.3,0.224
639,3,0.24,0.744,1.0,0.444,0.88,0.536,-0.02,-0.008
640,7,0.22,0.512,0.68,0.212,0.86,0.728,0.98,0.184
641,7,0.2,0.28,0.36,-0.02,0.84,0.92,1.0,0.376
642,4,-0.032,0.26,0.552,0.98,1.0,0.9,0.768,0.056
643,4,-0.264,0.24,0.744,1.0,1.0,0.88,0.536,-0.264
644,1,0.736,0.432,0.724,0.768,0.68,0.648,0.516,-0.072
645,1,1.0,0.624,0.704,0.536,0.36,0.416,0.496,0.12
646,,0.98,0.604,0.684,0.516,0.34,0.396,0.476,0.1
647,,0.96,0.584,0.664,0.496,0.32,0.376,0.456,0.08
648,,0.94,0.564,0.644,0.476,0.3,0.356,0.436,0.06
649,,0.92,0.544,0.624,0.456,0.28,0.336,0.416,0.04
650,,0.9,0.524,0.604,0.436,0.26,0.316,0.396,0.02
651,,0.88,0.504,0.584,0.416,0.24,0.296,0.376,0.0
652,,0.86,0.484,0.564,0.396,0.22,0.276,0.356,-0.02
653,8,1.0,0.464,0.332,0.076,-0.012,0.256,0.548,0.98
654,8,1.0,0.444,0.1,-0.244,-0.244,0.236,0.74,1.0
655,4,0.768,0.424,0.292,0.756,-0.052,0.216,0.508,0.68
656,4,0.536,0.404,0.484,1.0,0.14,0.196,0.276,0.36
657,,0.516,0.384,0.464,0.98,0.12,0.176,0.256,0.34
658,,0.496,0.364,0.444,0.96,0.1,0.156,0.236,0.32
659,,0.476,0.344,0.424,0.94,0.08,0.136,0.216,0.3
660,,0.456,0.324,0.404,0.92,0.06,0.116,0.196,0.28
661,,0.436,0.304,0.384,0.9,0.04,0.096,0.176,0.26
662,,0.416,0.284,0.364,0.88,0.02,0.076,0.156,0.24
663,,0.396,0.264,0.344,0.86,0.0,0.056,0.136,0.22
664,,0.376,0.244,0.324,0.84,-0.02,0.036,0.116,0.2
665,5,0.056,0.012,0.304,1.0,0.98,0.228,0.096,-0.032
666,5,-0.264,-0.22,0.284,1.0,1.0,0.42,0.076,-0.264
667,1,0.736,-0.028,0.264,0.768,0.68,0.188,0.056,-0.072
668,1,1.0,0.164,0.244,0.536,0.36,-0.044,0.036,0.12
669,6,0.768,-0.156,0.012,0.516,0.552,0.956,0.228,0.1
670,6,0.536,-0.476,-0.22,0.496,0.744,1.0,0.42,0.08
671,2,0.728,0.524,-0.028,0.476,0.512,0.68,0.188,0.06
672,2,0.92,1.0,0.164,0.456,0.28,0.36,-0.044,0.04
673,7,0.9,0.768,-0.156,0.224,0.26,0.552,0.956,0.232
674,7,0.88,0.536,-0.476,-0.008,0.24,0.744,1.0,0.424
675,3,0.86,0.728,0.524,0.184,0.22,0.512,0.68,0.192
676,3,0.84,0.92,1.0,0.376,0.2,0.28,0.36,-0.04
677,8,1.0,0.9,0.768,0.056,-0.032,0.26,0.552,0.96
678,8,1.0,0.88,0.536,-0.264,-0.264,0.24,0.744,1.0
679,5,0.68,0.648,0.516,-0.072,0.736,0.432,0.724,0.768
680,5,0.36,0.416,0.496,0.12,1.0,0.624,0.704,0.536
681,,0.34,0.396,0.476,0.1,0.98,0.604,0.684,0.516
682,,0.32,0.376,0.456,0.08,0.96,0.584,0.664,0.496
683,,0.3,0.356,0.436,0.06,0.94,0.564,0.644,0.476
684,,0.28,0.336,0.416,0.04,0.92,0.544,0.624,0.456
685,,0.26,0.316,0.396,0.02,0.9,0.524,0.604,0.436
686,,0.24,0.296,0.376,0.0,0.88,0.504,0.584,0.416
687,,0.22,0.276,0.356,-0.02,0.86,0.484,0.564,0.396
688,4,-0.012,0.256,0.548,0.98,1.0,0.464,0.332,0.076
689,4,-0.244,0.236,0.74,1.0,1.0,0.444,0.1,-0.244
690,8,-0.052,0.216,0.508,0.68,0.768,0.424,0.292,0.756
691,8,0.14,0.196,0.276,0.36,0.536,0.404,0.484,1.0
692,,0.12,0.176,0.256,0.34,0.516,0.384,0.464,0.98
693,,0.1,0.156,0.236,0.32,0.496,0.364,0.444,0.96
694,,0.08,0.136,0.216,0.3,0.476,0.344,0.424,0.94
695,,0.06,0.116,0.196,0.28,0.456,0.324,0.404,0.92
696,,0.04,0.096,0.176,0.26,0.436,0.304,0.384,0.9
697,,0.02,0.076,0.156,0.24,0.416,0.284,0.364,0.88
698,,0.0,0.056,0.136,0.22,0.396,0.264,0.344,0.86
699,,-0.02,0.036,0.116,0.2,0.376,0.244,0.324,0.84
700,1,0.98,0.228,0.096,-0.032,0.056,0.012,0.304,1.0
701,1,1.0,0.42,0.076,-0.264,-0.264,-0.22,0.284,1.0
702,4,0.768,0.4,0.268,0.736,-0.072,-0.24,0.052,0.68
703,4,0.536,0.38,0.46,1.0,0.12,-0.26,-0.18,0.36
704,6,0.304,0.06,0.228,0.98,0.312,0.74,0.012,0.34
705,6,0.072,-0.26,-0.004,0.96,0.504,1.0,0.204,0.32
706,2,0.264,0.74,0.188,0.94,0.272,0.68,-0.028,0.3
707,2,0.456,1.0,0.38,0.92,0.04,0.36,-0.26,0.28
708,7,0.436,0.768,0.06,0.688,0.02,0.552,0.74,0.472
709,7,0.416,0.536,-0.26,0.456,0.0,0.744,1.0,0.664
710,3,0.396,0.728,0.74,0.648,-0.02,0.512,0.68,0.432
711,3,0.376,0.92,1.0,0.84,-0.04,0.28,0.36,0.2
712,5,0.056,0.688,0.98,1.0,0.96,0.472,0.34,-0.032
713,5,-0.264,0.456,0.96,1.0,1.0,0.664,0.32,-0.264
714,1,0.736,0.648,0.94,0.768,0.68,0.432,0.3,-0.072
715,1,1.0,0.84,0.92,0.536,0.36,0.2,0.28,0.12
716,,0.98,0.82,0.9,0.516,0.34,0.18,0.26,0.1
717,,0.96,0.8,0.88,0.496,0.32,0.16,0.24,0.08
718,,0.94,0.78,0.86,0.476,0.3,0.14,0.22,0.06
719,,0.92,0.76,0.84,0.456,0.28,0.12,0.2,0.04
720,,0.9,0.74,0.82,0.436,0.26,0.1,0.18,0.02
721,,0.88,0.72,0.8,0.416,0.24,0.08,0.16,0.0
722,,0.86,0.7,0.78,0.396,0.22,0.06,0.14,-0.02
723,8,1.0,0.68,0.548,0.076,-0.012,0.04,0.332,0.98
724,8,1.0,0.66,0.316,-0.244,-0.244,0.02,0.524,1.0
725,5,0.68,0.428,0.296,-0.052,0.756,0.212,0.504,0.768
726,5,0.36,0.196,0.276,0.14,1.0,0.404,0.484,0.536
727,,0.34,0.176,0.256,0.12,0.98,0.384,0.464,0.516
728,,0.32,0.156,0.236,0.1,0.96,0.364,0.444,0.496
729,,0.3,0.136,0.216,0.08,0.94,0.344,0.424,0.476
730,,0.28,0.116,0.196,0.06,0.92,0.324,0.404,0.456
731,,0.26,0.096,0.176,0.04,0.9,0.304,0.384,0.436
732,,0.24,0.076,0.156,0.02,0.88,0.284,0.364,0.416
733,,0.22,0.056,0.136,0.0,0.86,0.264,0.344,0.396
734,,0.2,0.036,0.116,-0.02,0.84,0.244,0.324,0.376
735,4,-0.032,0.016,0.308,0.98,1.0,0.224,0.092,0.056
736,4,-0.264,-0.004,0.5,1.0,1.0,0.204,-0.14,-0.264
737,1,0.736,0.188,0.48,0.768,0.68,-0.028,-0.16,-0.072
738,1,1.0,0.38,0.46,0.536,0.36,-0.26,-0.18,0.12
739,6,0.768,0.06,0.228,0.516,0.552,0.74,0.012,0.1
740,6,0.536,-0.26,-0.004,0.496,0.744,1.0,0.204,0.08
741,2,0.728,0.74,0.188,0.476,0.512,0.68,-0.028,0.06
742,2,0.92,1.0,0.38,0.456,0.28,0.36,-0.26,0.04
743,7,0.9,0.768,0.06,0.224,0.26,0.552,0.74,0.232
744,7,0.88,0.536,-0.26,-0.008,0.24,0.744,1.0,0.424
745,3,0.86,0.728,0.74,0.184,0.22,0.512,0.68,0.192
746,3,0.84,0.92,1.0,0.376,0.2,0.28,0.36,-0.04
747,8,1.0,0.9,0.768,0.056,-0.032,0.26,0.552,0.96
748,8,1.0,0.88,0.536,-0.264,-0.264,0.24,0.744,1.0
749,5,0.68,0.648,0.516,-0.072,0.736,0.432,0.724,0.768
750,5,0.36,0.416,0.496,0.12,1.0,0.624,0.704,0.536
751,,0.34,0.396,0.476,0.1,0.98,0.604,0.684,0.516
752,,0.32,0.376,0.456,0.08,0.96,0.584,0.664,0.496
753,,0.3,0.356,0.436,0.06,0.94,0.564,0.644,0.476
754,,0.28,0.336,0.416,0.04,0.92,0.544,0.624,0.456
755,,0.26,0.316,0.396,0.02,0.9,0.524,0.604,0.436
756,,0.24,0.296,0.376,0.0,0.88,0.504,0.584,0.416
757,,0.22,0.276,0.356,-0.02,0.86,0.484,0.564,0.396
758,4,-0.012,0.256,0.548,0.98,1.0,0.464,0.332,0.076
759,4,-0.244,0.236,0.74,1.0,1.0,0.444,0.1,-0.244
760,1,0.756,0.428,0.72,0.768,0.68,0.212,0.08,-0.052
761,1,1.0,0.62,0.7,0.536,0.36,-0.02,0.06,0.14
762,6,0.768,0.3,0.468,0.516,0.552,0.98,0.252,0.12
763,6,0.536,-0.02,0.236,0.496,0.744,1.0,0.444,0.1
764,2,0.728,0.98,0.428,0.476,0.512,0.68,0.212,0.08
765,2,0.92,1.0,0.62,0.456,0.28,0.36,-0.02,0.06
766,7,0.9,0.768,0.3,0.224,0.26,0.552,0.98,0.252
767,7,0.88,0.536,-0.02,-0.008,0.24,0.744,1.0,0.444
768,3,0.86,0.728,0.98,0.184,0.22,0.512,0.68,0.212
769,3,0.84,0.92,1.0,0.376,0.2,0.28,0.36,-0.02
770,8,1.0,0.9,0.768,0.056,-0.032,0.26,0.552,0.98
771,8,1.0,0.88,0.536,-0.264,-0.264,0.24,0.744,1.0
772,5,0.68,0.648,0.516,-0.072,0.736,0.432,0.724,0.768
773,5,0.36,0.416,0.496,0.12,1.0,0.624,0.704,0.536
774,,0.34,0.396,0.476,0.1,0.98,0.604,0.684,0.516
775,,0.32,0.376,0.456,0.08,0.96,0.584,0.664,0.496
776,,0.3,0.356,0.436,0.06,0.94,0.564,0.644,0.476
777,,0.28,0.336,0.416,0.04,0.92,0.544,0.624,0.456
778,,0.26,0.316,0.396,0.02,0.9,0.524,0.604,0.436
779,,0.24,0.296,0.376,0.0,0.88,0.504,0.584,0.416
780,,0.22,0.276,0.356,-0.02,0.86,0.484,0.564,0.396
781,4,-0.012,0.256,0.548,0.98,1.0,0.464,0.332,0.076
782,4,-0.244,0.236,0.74,1.0,1.0,0.444,0.1,-0.244
783,1,0.756,0.428,0.72,0.768,0.68,0.212,0.08,-0.052
784,1,1.0,0.62,0.7,0.536,0.36,-0.02,0.06,0.14
785,6,0.768,0.3,0.468,0.516,0.552,0.98,0.252,0.12
786,6,0.536,-0.02,0.236,0.496,0.744,1.0,0.444,0.1
787,2,0.728,0.98,0.428,0.476,0.512,0.68,0.212,0.08
788,2,0.92,1.0,0.62,0.456,0.28,0.36,-0.02,0.06
789,7,0.9,0.768,0.3,0.224,0.26,0.552,0.98,0.252
790,7,0.88,0.536,-0.02,-0.008,0.24,0.744,1.0,0.444
791,3,0.86,0.728,0.98,0.184,0.22,0.512,0.68,0.212
792,3,0.84,0.92,1.0,0.376,0.2,0.28,0.36,-0.02
793,8,1.0,0.9,0.768,0.056,-0.032,0.26,0.552,0.98
794,8,1.0,0.88,0.536,-0.264,-0.264,0.24,0.744,1.0
795,5,0.68,0.648,0.516,-0.072,0.736,0.432,0.724,0.768
796,5,0.36,0.416,0.496,0.12,1.0,0.624,0.704,0.536
797,,0.34,0.396,0.476,0.1,0.98,0.604,0.684,0.516
798,,0.32,0.376,0.456,0.08,0.96,0.584,0.664,0.496
799,,0.3,0.356,0.436,0.06,0.94,0.564,0.644,0.476
800,,0.28,0.336,0.416,0.04,0.92,0.544,0.624,0.456
