step,active_motive,motive_1,motive_2,motive_3,motive_4,motive_5,motive_6,motive_7,motive_8
0,,0.07483,0.01845,0.02093,0.03705,0.04845,0.06183,0.03689,0.04625
1,,0.05483,-0.00155,0.00093,0.01705,0.02845,0.04183,0.01689,0.02625
2,2,0.24683,0.99845,0.19293,-0.00295,-0.20355,-0.27817,-0.21511,0.00625
3,2,0.43883,1.0,0.38493,-0.02295,-0.43555,-0.59817,-0.44711,-0.01375
4,6,0.20683,0.68,0.15293,-0.04295,-0.24355,0.40183,-0.25511,-0.03375
5,6,-0.02517,0.36,-0.07907,-0.06295,-0.05155,1.0,-0.06311,-0.05375
6,3,-0.04517,0.552,0.92093,0.12905,-0.07155,0.768,-0.38311,-0.28575
7,3,-0.06517,0.744,1.0,0.32105,-0.09155,0.536,-0.70311,-0.51775
8,7,-0.08517,0.512,0.68,0.08905,-0.11155,0.728,0.29689,-0.32575
9,7,-0.10517,0.28,0.36,-0.14295,-0.13155,0.92,1.0,-0.13375
10,4,-0.33717,0.26,0.552,0.85705,0.06045,0.9,0.768,-0.45375
11,4,-0.56917,0.24,0.744,1.0,0.25245,0.88,0.536,-0.77375
12,8,-0.37717,0.22,0.512,0.68,0.02045,0.86,0.728,0.22625
13,8,-0.18517,0.2,0.28,0.36,-0.21155,0.84,0.92,1.0
14,5,-0.50517,-0.032,0.26,0.552,0.78845,1.0,0.9,0.768
15,5,-0.82517,-0.264,0.24,0.744,1.0,1.0,0.88,0.536
16,1,0.17483,-0.072,0.22,0.512,0.68,0.768,0.86,0.728
17,1,1.0,0.12,0.2,0.28,0.36,0.536,0.84,0.92
18,,0.98,0.1,0.18,0.26,0.34,0.516,0.82,0.9
19,,0.96,0.08,0.16,0.24,0.32,0.496,0.8,0.88
20,,0.94,0.06,0.14,0.22,0.3,0.476,0.78,0.86
21,,0.92,0.04,0.12,0.2,0.28,0.456,0.76,0.84
22,,0.9,0.02,0.1,0.18,0.26,0.436,0.74,0.82
23,,0.88,0.0,0.08,0.16,0.24,0.416,0.72,0.8
24,,0.86,-0.02,0.06,0.14,0.22,0.396,0.7,0.78
25,2,1.0,0.98,0.252,0.12,-0.012,0.076,0.468,0.76
26,2,1.0,1.0,0.444,0.1,-0.244,-0.244,0.236,0.74
27,5,0.68,0.768,0.424,0.292,0.756,-0.052,0.216,0.508
28,5,0.36,0.536,0.404,0.484,1.0,0.14,0.196,0.276
29,,0.34,0.516,0.384,0.464,0.98,0.12,0.176,0.256
30,,0.32,0.496,0.364,0.444,0.96,0.1,0.156,0.236
31,,0.3,0.476,0.344,0.424,0.94,0.08,0.136,0.216
32,,0.28,0.456,0.324,0.404,0.92,0.06,0.116,0.196
33,,0.26,0.436,0.304,0.384,0.9,0.04,0.096,0.176
34,,0.24,0.416,0.284,0.364,0.88,0.02,0.076,0.156
35,,0.22,0.396,0.264,0.344,0.86,0.0,0.056,0.136
36,,0.2,0.376,0.244,0.324,0.84,-0.02,0.036,0.116
37,6,-0.032,0.056,0.012,0.304,1.0,0.98,0.228,0.096
38,6,-0.264,-0.264,-0.22,0.284,1.0,1.0,0.42,0.076
39,2,-0.072,0.736,-0.028,0.264,0.768,0.68,0.188,0.056
40,2,0.12,1.0,0.164,0.244,0.536,0.36,-0.044,0.036
41,7,0.1,0.768,-0.156,0.012,0.516,0.552,0.956,0.228
42,7,0.08,0.536,-0.476,-0.22,0.496,0.744,1.0,0.42
43,3,0.06,0.728,0.524,-0.028,0.476,0.512,0.68,0.188
44,3,0.04,0.92,1.0,0.164,0.456,0.28,0.36,-0.044
45,8,0.232,0.9,0.768,-0.156,0.224,0.26,0.552,0.956
46,8,0.424,0.88,0.536,-0.476,-0.008,0.24,0.744,1.0
47,4,0.192,0.86,0.728,0.524,0.184,0.22,0.512,0.68
48,4,-0.04,0.84,0.92,1.0,0.376,0.2,0.28,0.36
49,1,0.96,1.0,0.9,0.768,0.056,-0.032,0.26,0.552
50,1,1.0,1.0,0.88,0.536,-0.264,-0.264,0.24,0.744
51,6,0.768,0.68,0.648,0.516,-0.072,0.736,0.432,0.724
52,6,0.536,0.36,0.416,0.496,0.12,1.0,0.624,0.704
53,,0.516,0.34,0.396,0.476,0.1,0.98,0.604,0.684
54,,0.496,0.32,0.376,0.456,0.08,0.96,0.584,0.664
55,,0.476,0.3,0.356,0.436,0.06,0.94,0.564,0.644
56,,0.456,0.28,0.336,0.416,0.04,0.92,0.544,0.624
57,,0.436,0.26,0.316,0.396,0.02,0.9,0.524,0.604
58,,0.416,0.24,0.296,0.376,0.0,0.88,0.504,0.584
59,,0.396,0.22,0.276,0.356,-0.02,0.86,0.484,0.564
60,5,0.076,-0.012,0.256,0.548,0.98,1.0,0.464,0.332
61,5,-0.244,-0.244,0.236,0.74,1.0,1.0,0.444,0.1
62,1,0.756,-0.052,0.216,0.508,0.68,0.768,0.424,0.292
63,1,1.0,0.14,0.196,0.276,0.36,0.536,0.404,0.484
64,,0.98,0.12,0.176,0.256,0.34,0.516,0.384,0.464
65,,0.96,0.1,0.156,0.236,0.32,0.496,0.364,0.444
66,,0.94,0.08,0.136,0.216,0.3,0.476,0.344,0.424
67,,0.92,0.06,0.116,0.196,0.28,0.456,0.324,0.404
68,,0.9,0.04,0.096,0.176,0.26,0.436,0.304,0.384
69,,0.88,0.02,0.076,0.156,0.24,0.416,0.284,0.364
70,,0.86,0.0,0.056,0.136,0.22,0.396,0.264,0.344
71,,0.84,-0.02,0.036,0.116,0.2,0.376,0.244,0.324
72,2,1.0,0.98,0.228,0.096,-0.032,0.056,0.012,0.304
73,2,1.0,1.0,0.42,0.076,-0.264,-0.264,-0.22,0.284
74,6,0.768,0.68,0.188,0.056,-0.072,0.736,-0.028,0.264
75,6,0.536,0.36,-0.044,0.036,0.12,1.0,0.164,0.244
76,3,0.516,0.552,0.956,0.228,0.1,0.768,-0.156,0.012
77,3,0.496,0.744,1.0,0.42,0.08,0.536,-0.476,-0.22
78,7,0.476,0.512,0.68,0.188,0.06,0.728,0.524,-0.028
79,7,0.456,0.28,0.36,-0.044,0.04,0.92,1.0,0.164
80,4,0.224,0.26,0.552,0.956,0.232,0.9,0.768,-0.156
81,4,-0.008,0.24,0.744,1.0,0.424,0.88,0.536,-0.476
82,8,0.184,0.22,0.512,0.68,0.192,0.86,0.728,0.524
83,8,0.376,0.2,0.28,0.36,-0.04,0.84,0.92,1.0
84,5,0.056,-0.032,0.26,0.552,0.96,1.0,0.9,0.768
85,5,-0.264,-0.264,0.24,0.744,1.0,1.0,0.88,0.536
86,1,0.736,-0.072,0.22,0.512,0.68,0.768,0.86,0.728
87,1,1.0,0.12,0.2,0.28,0.36,0.536,0.84,0.92
88,,0.98,0.1,0.18,0.26,0.34,0.516,0.82,0.9
89,,0.96,0.08,0.16,0.24,0.32,0.496,0.8,0.88
90,,0.94,0.06,0.14,0.22,0.3,0.476,0.78,0.86
91,,0.92,0.04,0.12,0.2,0.28,0.456,0.76,0.84
92,,0.9,0.02,0.1,0.18,0.26,0.436,0.74,0.82
93,,0.88,0.0,0.08,0.16,0.24,0.416,0.72,0.8
94,,0.86,-0.02,0.06,0.14,0.22,0.396,0.7,0.78
95,2,1.0,0.98,0.252,0.12,-0.012,0.076,0.468,0.76
96,2,1.0,1.0,0.444,0.1,-0.244,-0.244,0.236,0.74
97,5,0.68,0.768,0.424,0.292,0.756,-0.052,0.216,0.508
98,5,0.36,0.536,0.404,0.484,1.0,0.14,0.196,0.276
99,,0.34,0.516,0.384,0.464,0.98,0.12,0.176,0.256
100,,0.32,0.496,0.364,0.444,0.96,0.1,0.156,0.236
101,,0.3,0.476,0.344,0.424,0.94,0.08,0.136,0.216
102,,0.28,0.456,0.324,0.404,0.92,0.06,0.116,0.196
103,,0.26,0.436,0.304,0.384,0.9,0.04,0.096,0.176
104,,0.24,0.416,0.284,0.364,0.88,0.02,0.076,0.156
105,,0.22,0.396,0.264,0.344,0.86,0.0,0.056,0.136
106,,0.2,0.376,0.244,0.324,0.84,-0.02,0.036,0.116
107,6,-0.032,0.056,0.012,0.304,1.0,0.98,0.228,0.096
108,6,-0.264,-0.264,-0.22,0.284,1.0,1.0,0.42,0.076
109,1,0.736,-0.072,-0.24,0.052,0.68,0.768,0.4,0.268
110,1,1.0,0.12,-0.26,-0.18,0.36,0.536,0.38,0.46
111,3,0.98,0.312,0.74,0.012,0.34,0.304,0.06,0.228
112,3,0.96,0.504,1.0,0.204,0.32,0.072,-0.26,-0.004
113,7,0.94,0.272,0.68,-0.028,0.3,0.264,0.74,0.188
114,7,0.92,0.04,0.36,-0.26,0.28,0.456,1.0,0.38
115,4,0.688,0.02,0.552,0.74,0.472,0.436,0.768,0.06
116,4,0.456,0.0,0.744,1.0,0.664,0.416,0.536,-0.26
117,8,0.648,-0.02,0.512,0.68,0.432,0.396,0.728,0.74
118,8,0.84,-0.04,0.28,0.36,0.2,0.376,0.92,1.0
119,2,1.0,0.96,0.472,0.34,-0.032,0.056,0.688,0.98
120,2,1.0,1.0,0.664,0.32,-0.264,-0.264,0.456,0.96
121,5,0.68,0.768,0.644,0.512,0.736,-0.072,0.436,0.728
122,5,0.36,0.536,0.624,0.704,1.0,0.12,0.416,0.496
123,,0.34,0.516,0.604,0.684,0.98,0.1,0.396,0.476
124,,0.32,0.496,0.584,0.664,0.96,0.08,0.376,0.456
125,,0.3,0.476,0.564,0.644,0.94,0.06,0.356,0.436
126,,0.28,0.456,0.544,0.624,0.92,0.04,0.336,0.416
127,,0.26,0.436,0.524,0.604,0.9,0.02,0.316,0.396
128,,0.24,0.416,0.504,0.584,0.88,0.0,0.296,0.376
129,,0.22,0.396,0.484,0.564,0.86,-0.02,0.276,0.356
130,6,-0.012,0.076,0.252,0.544,1.0,0.98,0.468,0.336
131,6,-0.244,-0.244,0.02,0.524,1.0,1.0,0.66,0.316
132,1,0.756,-0.052,0.0,0.292,0.68,0.768,0.64,0.508
133,1,1.0,0.14,-0.02,0.06,0.36,0.536,0.62,0.7
134,3,0.98,0.332,0.98,0.252,0.34,0.304,0.3,0.468
135,3,0.96,0.524,1.0,0.444,0.32,0.072,-0.02,0.236
136,7,0.94,0.292,0.68,0.212,0.3,0.264,0.98,0.428
137,7,0.92,0.06,0.36,-0.02,0.28,0.456,1.0,0.62
138,4,0.688,0.04,0.552,0.98,0.472,0.436,0.768,0.3
139,4,0.456,0.02,0.744,1.0,0.664,0.416,0.536,-0.02
140,8,0.648,0.0,0.512,0.68,0.432,0.396,0.728,0.98
141,8,0.84,-0.02,0.28,0.36,0.2,0.376,0.92,1.0
142,2,1.0,0.98,0.472,0.34,-0.032,0.056,0.688,0.98
143,2,1.0,1.0,0.664,0.32,-0.264,-0.264,0.456,0.96
144,6,0.768,0.68,0.432,0.3,-0.072,0.736,0.648,0.94
145,6,0.536,0.36,0.2,0.28,0.12,1.0,0.84,0.92
146,,0.516,0.34,0.18,0.26,0.1,0.98,0.82,0.9
147,,0.496,0.32,0.16,0.24,0.08,0.96,0.8,0.88
148,,0.476,0.3,0.14,0.22,0.06,0.94,0.78,0.86
149,,0.456,0.28,0.12,0.2,0.04,0.92,0.76,0.84
150,,0.436,0.26,0.1,0.18,0.02,0.9,0.74,0.82
151,,0.416,0.24,0.08,0.16,0.0,0.88,0.72,0.8
152,,0.396,0.22,0.06,0.14,-0.02,0.86,0.7,0.78
153,5,0.076,-0.012,0.04,0.332,0.98,1.0,0.68,0.548
154,5,-0.244,-0.244,0.02,0.524,1.0,1.0,0.66,0.316
155,1,0.756,-0.052,0.0,0.292,0.68,0.768,0.64,0.508
156,1,1.0,0.14,-0.02,0.06,0.36,0.536,0.62,0.7
157,3,0.98,0.332,0.98,0.252,0.34,0.304,0.3,0.468
158,3,0.96,0.524,1.0,0.444,0.32,0.072,-0.02,0.236
159,7,0.94,0.292,0.68,0.212,0.3,0.264,0.98,0.428
160,7,0.92,0.06,0.36,-0.02,0.28,0.456,1.0,0.62
161,4,0.688,0.04,0.552,0.98,0.472,0.436,0.768,0.3
162,4,0.456,0.02,0.744,1.0,0.664,0.416,0.536,-0.02
163,8,0.648,0.0,0.512,0.68,0.432,0.396,0.728,0.98
164,8,0.84,-0.02,0.28,0.36,0.2,0.376,0.92,1.0
165,2,1.0,0.98,0.472,0.34,-0.032,0.056,0.688,0.98
166,2,1.0,1.0,0.664,0.32,-0.264,-0.264,0.456,0.96
167,5,0.68,0.768,0.644,0.512,0.736,-0.072,0.436,0.728
168,5,0.36,0.536,0.624,0.704,1.0,0.12,0.416,0.496
169,,0.34,0.516,0.604,0.684,0.98,0.1,0.396,0.476
170,,0.32,0.496,0.584,0.664,0.96,0.08,0.376,0.456
171,,0.3,0.476,0.564,0.644,0.94,0.06,0.356,0.436
172,,0.28,0.456,0.544,0.624,0.92,0.04,0.336,0.416
173,,0.26,0.436,0.524,0.604,0.9,0.02,0.316,0.396
174,,0.24,0.416,0.504,0.584,0.88,0.0,0.296,0.376
175,,0.22,0.396,0.484,0.564,0.86,-0.02,0.276,0.356
176,6,-0.012,0.076,0.252,0.544,1.0,0.98,0.468,0.336
177,6,-0.244,-0.244,0.02,0.524,1.0,1.0,0.66,0.316
178,2,-0.052,0.756,0.212,0.504,0.768,0.68,0.428,0.296
179,2,0.14,1.0,0.404,0.484,0.536,0.36,0.196,0.276
180,,0.12,0.98,0.384,0.464,0.516,0.34,0.176,0.256
181,,0.1,0.96,0.364,0.444,0.496,0.32,0.156,0.236
182,,0.08,0.94,0.344,0.424,0.476,0.3,0.136,0.216
183,,0.06,0.92,0.324,0.404,0.456,0.28,0.116,0.196
184,,0.04,0.9,0.304,0.384,0.436,0.26,0.096,0.176
185,,0.02,0.88,0.284,0.364,0.416,0.24,0.076,0.156
186,,0.0,0.86,0.264,0.344,0.396,0.22,0.056,0.136
187,,-0.02,0.84,0.244,0.324,0.376,0.2,0.036,0.116
188,1,0.98,1.0,0.224,0.092,0.056,-0.032,0.016,0.308
189,1,1.0,1.0,0.204,-0.14,-0.264,-0.264,-0.004,0.5
190,5,0.68,0.768,0.184,0.052,0.736,-0.072,-0.024,0.268
191,5,0.36,0.536,0.164,0.244,1.0,0.12,-0.044,0.036
192,7,0.34,0.304,-0.156,0.012,0.98,0.312,0.956,0.228
193,7,0.32,0.072,-0.476,-0.22,0.96,0.504,1.0,0.42
194,3,0.3,0.264,0.524,-0.028,0.94,0.272,0.68,0.188
195,3,0.28,0.456,1.0,0.164,0.92,0.04,0.36,-0.044
196,8,0.472,0.436,0.768,-0.156,0.688,0.02,0.552,0.956
197,8,0.664,0.416,0.536,-0.476,0.456,0.0,0.744,1.0
198,4,0.432,0.396,0.728,0.524,0.648,-0.02,0.512,0.68
199,4,0.2,0.376,0.92,1.0,0.84,-0.04,0.28,0.36
200,6,-0.032,0.056,0.688,0.98,1.0,0.96,0.472,0.34
201,6,-0.264,-0.264,0.456,0.96,1.0,1.0,0.664,0.32
202,2,-0.072,0.736,0.648,0.94,0.768,0.68,0.432,0.3
203,2,0.12,1.0,0.84,0.92,0.536,0.36,0.2,0.28
204,,0.1,0.98,0.82,0.9,0.516,0.34,0.18,0.26
205,,0.08,0.96,0.8,0.88,0.496,0.32,0.16,0.24
206,,0.06,0.94,0.78,0.86,0.476,0.3,0.14,0.22
207,,0.04,0.92,0.76,0.84,0.456,0.28,0.12,0.2
208,,0.02,0.9,0.74,0.82,0.436,0.26,0.1,0.18
209,,0.0,0.88,0.72,0.8,0.416,0.24,0.08,0.16
210,,-0.02,0.86,0.7,0.78,0.396,0.22,0.06,0.14
211,1,0.98,1.0,0.68,0.548,0.076,-0.012,0.04,0.332
212,1,1.0,1.0,0.66,0.316,-0.244,-0.244,0.02,0.524
213,6,0.768,0.68,0.428,0.296,-0.052,0.756,0.212,0.504
214,6,0.536,0.36,0.196,0.276,0.14,1.0,0.404,0.484
215,,0.516,0.34,0.176,0.256,0.12,0.98,0.384,0.464
216,,0.496,0.32,0.156,0.236,0.1,0.96,0.364,0.444
217,,0.476,0.3,0.136,0.216,0.08,0.94,0.344,0.424
218,,0.456,0.28,0.116,0.196,0.06,0.92,0.324,0.404
219,,0.436,0.26,0.096,0.176,0.04,0.9,0.304,0.384
220,,0.416,0.24,0.076,0.156,0.02,0.88,0.284,0.364
221,,0.396,0.22,0.056,0.136,0.0,0.86,0.264,0.344
222,,0.376,0.2,0.036,0.116,-0.02,0.84,0.244,0.324
223,5,0.056,-0.032,0.016,0.308,0.98,1.0,0.224,0.092
224,5,-0.264,-0.264,-0.004,0.5,1.0,1.0,0.204,-0.14
225,2,-0.072,0.736,0.188,0.48,0.768,0.68,-0.028,-0.16
226,2,0.12,1.0,0.38,0.46,0.536,0.36,-0.26,-0.18
227,7,0.1,0.768,0.06,0.228,0.516,0.552,0.74,0.012
228,7,0.08,0.536,-0.26,-0.004,0.496,0.744,1.0,0.204
229,3,0.06,0.728,0.74,0.188,0.476,0.512,0.68,-0.028
230,3,0.04,0.92,1.0,0.38,0.456,0.28,0.36,-0.26
231,8,0.232,0.9,0.768,0.06,0.224,0.26,0.552,0.74
232,8,0.424,0.88,0.536,-0.26,-0.008,0.24,0.744,1.0
233,4,0.192,0.86,0.728,0.74,0.184,0.22,0.512,0.68
234,4,-0.04,0.84,0.92,1.0,0.376,0.2,0.28,0.36
235,1,0.96,1.0,0.9,0.768,0.056,-0.032,0.26,0.552
236,1,1.0,1.0,0.88,0.536,-0.264,-0.264,0.24,0.744
237,5,0.68,0.768,0.86,0.728,0.736,-0.072,0.22,0.512
238,5,0.36,0.536,0.84,0.92,1.0,0.12,0.2,0.28
239,,0.34,0.516,0.82,0.9,0.98,0.1,0.18,0.26
240,,0.32,0.496,0.8,0.88,0.96,0.08,0.16,0.24
241,,0.3,0.476,0.78,0.86,0.94,0.06,0.14,0.22
242,,0.28,0.456,0.76,0.84,0.92,0.04,0.12,0.2
243,,0.26,0.436,0.74,0.82,0.9,0.02,0.1,0.18
244,,0.24,0.416,0.72,0.8,0.88,0.0,0.08,0.16
245,,0.22,0.396,0.7,0.78,0.86,-0.02,0.06,0.14
246,6,-0.012,0.076,0.468,0.76,1.0,0.98,0.252,0.12
247,6,-0.244,-0.244,0.236,0.74,1.0,1.0,0.444,0.1
248,1,0.756,-0.052,0.216,0.508,0.68,0.768,0.424,0.292
249,1,1.0,0.14,0.196,0.276,0.36,0.536,0.404,0.484
250,,0.98,0.12,0.176,0.256,0.34,0.516,0.384,0.464
251,,0.96,0.1,0.156,0.236,0.32,0.496,0.364,0.444
252,,0.94,0.08,0.136,0.216,0.3,0.476,0.344,0.424
253,,0.92,0.06,0.116,0.196,0.28,0.456,0.324,0.404
254,,0.9,0.04,0.096,0.176,0.26,0.436,0.304,0.384
255,,0.88,0.02,0.076,0.156,0.24,0.416,0.284,0.364
256,,0.86,0.0,0.056,0.136,0.22,0.396,0.264,0.344
257,,0.84,-0.02,0.036,0.116,0.2,0.376,0.244,0.324
258,2,1.0,0.98,0.228,0.096,-0.032,0.056,0.012,0.304
259,2,1.0,1.0,0.42,0.076,-0.264,-0.264,-0.22,0.284
260,5,0.68,0.768,0.4,0.268,0.736,-0.072,-0.24,0.052
261,5,0.36,0.536,0.38,0.46,1.0,0.12,-0.26,-0.18
262,7,0.34,0.304,0.06,0.228,0.98,0.312,0.74,0.012
263,7,0.32,0.072,-0.26,-0.004,0.96,0.504,1.0,0.204
264,3,0.3,0.264,0.74,0.188,0.94,0.272,0.68,-0.028
265,3,0.28,0.456,1.0,0.38,0.92,0.04,0.36,-0.26
266,8,0.472,0.436,0.768,0.06,0.688,0.02,0.552,0.74
267,8,0.664,0.416,0.536,-0.26,0.456,0.0,0.744,1.0
268,4,0.432,0.396,0.728,0.74,0.648,-0.02,0.512,0.68
269,4,0.2,0.376,0.92,1.0,0.84,-0.04,0.28,0.36
270,6,-0.032,0.056,0.688,0.98,1.0,0.96,0.472,0.34
271,6,-0.264,-0.264,0.456,0.96,1.0,1.0,0.664,0.32
272,2,-0.072,0.736,0.648,0.94,0.768,0.68,0.432,0.3
273,2,0.12,1.0,0.84,0.92,0.536,0.36,0.2,0.28
274,,0.1,0.98,0.82,0.9,0.516,0.34,0.18,0.26
275,,0.08,0.96,0.8,0.88,0.496,0.32,0.16,0.24
276,,0.06,0.94,0.78,0.86,0.476,0.3,0.14,0.22
277,,0.04,0.92,0.76,0.84,0.456,0.28,0.12,0.2
278,,0.02,0.9,0.74,0.82,0.436,0.26,0.1,0.18
279,,0.0,0.88,0.72,0.8,0.416,0.24,0.08,0.16
280,,-0.02,0.86,0.7,0.78,0.396,0.22,0.06,0.14
281,1,0.98,1.0,0.68,0.548,0.076,-0.012,0.04,0.332
282,1,1.0,1.0,0.66,0.316,-0.244,-0.244,0.02,0.524
283,5,0.68,0.768,0.64,0.508,0.756,-0.052,0.0,0.292
284,5,0.36,0.536,0.62,0.7,1.0,0.14,-0.02,0.06
285,7,0.34,0.304,0.3,0.468,0.98,0.332,0.98,0.252
286,7,0.32,0.072,-0.02,0.236,0.96,0.524,1.0,0.444
287,3,0.3,0.264,0.98,0.428,0.94,0.292,0.68,0.212
288,3,0.28,0.456,1.0,0.62,0.92,0.06,0.36,-0.02
289,8,0.472,0.436,0.768,0.3,0.688,0.04,0.552,0.98
290,8,0.664,0.416,0.536,-0.02,0.456,0.02,0.744,1.0
291,4,0.432,0.396,0.728,0.98,0.648,0.0,0.512,0.68
292,4,0.2,0.376,0.92,1.0,0.84,-0.02,0.28,0.36
293,6,-0.032,0.056,0.688,0.98,1.0,0.98,0.472,0.34
294,6,-0.264,-0.264,0.456,0.96,1.0,1.0,0.664,0.32
295,1,0.736,-0.072,0.436,0.728,0.68,0.768,0.644,0.512
296,1,1.0,0.12,0.416,0.496,0.36,0.536,0.624,0.704
297,,0.98,0.1,0.396,0.476,0.34,0.516,0.604,0.684
298,,0.96,0.08,0.376,0.456,0.32,0.496,0.584,0.664
299,,0.94,0.06,0.356,0.436,0.3,0.476,0.564,0.644
300,,0.92,0.04,0.336,0.416,0.28,0.456,0.544,0.624
301,,0.9,0.02,0.316,0.396,0.26,0.436,0.524,0.604
302,,0.88,0.0,0.296,0.376,0.24,0.416,0.504,0.584
303,,0.86,-0.02,0.276,0.356,0.22,0.396,0.484,0.564
304,2,1.0,0.98,0.468,0.336,-0.012,0.076,0.252,0.544
305,2,1.0,1.0,0.66,0.316,-0.244,-0.244,0.02,0.524
306,5,0.68,0.768,0.64,0.508,0.756,-0.052,0.0,0.292
307,5,0.36,0.536,0.62,0.7,1.0,0.14,-0.02,0.06
308,7,0.34,0.304,0.3,0.468,0.98,0.332,0.98,0.252
309,7,0.32,0.072,-0.02,0.236,0.96,0.524,1.0,0.444
310,3,0.3,0.264,0.98,0.428,0.94,0.292,0.68,0.212
311,3,0.28,0.456,1.0,0.62,0.92,0.06,0.36,-0.02
312,8,0.472,0.436,0.768,0.3,0.688,0.04,0.552,0.98
313,8,0.664,0.416,0.536,-0.02,0.456,0.02,0.744,1.0
314,4,0.432,0.396,0.728,0.98,0.648,0.0,0.512,0.68
315,4,0.2,0.376,0.92,1.0,0.84,-0.02,0.28,0.36
316,6,-0.032,0.056,0.688,0.98,1.0,0.98,0.472,0.34
317,6,-0.264,-0.264,0.456,0.96,1.0,1.0,0.664,0.32
318,2,-0.072,0.736,0.648,0.94,0.768,0.68,0.432,0.3
319,2,0.12,1.0,0.84,0.92,0.536,0.36,0.2,0.28
320,,0.1,0.98,0.82,0.9,0.516,0.34,0.18,0.26
321,,0.08,0.96,0.8,0.88,0.496,0.32,0.16,0.24
322,,0.06,0.94,0.78,0.86,0.476,0.3,0.14,0.22
323,,0.04,0.92,0.76,0.84,0.456,0.28,0.12,0.2
324,,0.02,0.9,0.74,0.82,0.436,0.26,0.1,0.18
325,,0.0,0.88,0.72,0.8,0.416,0.24,0.08,0.16
326,,-0.02,0.86,0.7,0.78,0.396,0.22,0.06,0.14
327,1,0.98,1.0,0.68,0.548,0.076,-0.012,0.04,0.332
328,1,1.0,1.0,0.66,0.316,-0.244,-0.244,0.02,0.524
329,6,0.768,0.68,0.428,0.296,-0.052,0.756,0.212,0.504
330,6,0.536,0.36,0.196,0.276,0.14,1.0,0.404,0.484
331,,0.516,0.34,0.176,0.256,0.12,0.98,0.384,0.464
332,,0.496,0.32,0.156,0.236,0.1,0.96,0.364,0.444
333,,0.476,0.3,0.136,0.216,0.08,0.94,0.344,0.424
334,,0.456,0.28,0.116,0.196,0.06,0.92,0.324,0.404
335,,0.436,0.26,0.096,0.176,0.04,0.9,0.304,0.384
336,,0.416,0.24,0.076,0.156,0.02,0.88,0.284,0.364
337,,0.396,0.22,0.056,0.136,0.0,0.86,0.264,0.344
338,,0.376,0.2,0.036,0.116,-0.02,0.84,0.244,0.324
339,5,0.056,-0.032,0.016,0.308,0.98,1.0,0.224,0.092
340,5,-0.264,-0.264,-0.004,0.5,1.0,1.0,0.204,-0.14
341,1,0.736,-0.072,-0.024,0.268,0.68,0.768,0.184,0.052
342,1,1.0,0.12,-0.044,0.036,0.36,0.536,0.164,0.244
343,3,0.98,0.312,0.956,0.228,0.34,0.304,-0.156,0.012
344,3,0.96,0.504,1.0,0.42,0.32,0.072,-0.476,-0.22
345,7,0.94,0.272,0.68,0.188,0.3,0.264,0.524,-0.028
346,7,0.92,0.04,0.36,-0.044,0.28,0.456,1.0,0.164
347,4,0.688,0.02,0.552,0.956,0.472,0.436,0.768,-0.156
348,4,0.456,0.0,0.744,1.0,0.664,0.416,0.536,-0.476
349,8,0.648,-0.02,0.512,0.68,0.432,0.396,0.728,0.524
350,8,0.84,-0.04,0.28,0.36,0.2,0.376,0.92,1.0
351,2,1.0,0.96,0.472,0.34,-0.032,0.056,0.688,0.98
352,2,1.0,1.0,0.664,0.32,-0.264,-0.264,0.456,0.96
353,5,0.68,0.768,0.644,0.512,0.736,-0.072,0.436,0.728
354,5,0.36,0.536,0.624,0.704,1.0,0.12,0.416,0.496
355,,0.34,0.516,0.604,0.684,0.98,0.1,0.396,0.476
356,,0.32,0.496,0.584,0.664,0.96,0.08,0.376,0.456
357,,0.3,0.476,0.564,0.644,0.94,0.06,0.356,0.436
358,,0.28,0.456,0.544,0.624,0.92,0.04,0.336,0.416
359,,0.26,0.436,0.524,0.604,0.9,0.02,0.316,0.396
360,,0.24,0.416,0.504,0.584,0.88,0.0,0.296,0.376
361,,0.22,0.396,0.484,0.564,0.86,-0.02,0.276,0.356
362,6,-0.012,0.076,0.252,0.544,1.0,0.98,0.468,0.336
363,6,-0.244,-0.244,0.02,0.524,1.0,1.0,0.66,0.316
364,1,0.756,-0.052,0.0,0.292,0.68,0.768,0.64,0.508
365,1,1.0,0.14,-0.02,0.06,0.36,0.536,0.62,0.7
366,3,0.98,0.332,0.98,0.252,0.34,0.304,0.3,0.468
367,3,0.96,0.524,1.0,0.444,0.32,0.072,-0.02,0.236
368,7,0.94,0.292,0.68,0.212,0.3,0.264,0.98,0.428
369,7,0.92,0.06,0.36,-0.02,0.28,0.456,1.0,0.62
370,4,0.688,0.04,0.552,0.98,0.472,0.436,0.768,0.3
371,4,0.456,0.02,0.744,1.0,0.664,0.416,0.536,-0.02
372,8,0.648,0.0,0.512,0.68,0.432,0.396,0.728,0.98
373,8,0.84,-0.02,0.28,0.36,0.2,0.376,0.92,1.0
374,2,1.0,0.98,0.472,0.34,-0.032,0.056,0.688,0.98
375,2,1.0,1.0,0.664,0.32,-0.264,-0.264,0.456,0.96
376,5,0.68,0.768,0.644,0.512,0.736,-0.072,0.436,0.728
377,5,0.36,0.536,0.624,0.704,1.0,0.12,0.416,0.496
378,,0.34,0.516,0.604,0.684,0.98,0.1,0.396,0.476
379,,0.32,0.496,0.584,0.664,0.96,0.08,0.376,0.456
380,,0.3,0.476,0.564,0.644,0.94,0.06,0.356,0.436
381,,0.28,0.456,0.544,0.624,0.92,0.04,0.336,0.416
382,,0.26,0.436,0.524,0.604,0.9,0.02,0.316,0.396
383,,0.24,0.416,0.504,0.584,0.88,0.0,0.296,0.376
384,,0.22,0.396,0.484,0.564,0.86,-0.02,0.276,0.356
385,6,-0.012,0.076,0.252,0.544,1.0,0.98,0.468,0.336
386,6,-0.244,-0.244,0.02,0.524,1.0,1.0,0.66,0.316
387,2,-0.052,0.756,0.212,0.504,0.768,0.68,0.428,0.296
388,2,0.14,1.0,0.404,0.484,0.536,0.36,0.196,0.276
389,,0.12,0.98,0.384,0.464,0.516,0.34,0.176,0.256
390,,0.1,0.96,0.364,0.444,0.496,0.32,0.156,0.236
391,,0.08,0.94,0.344,0.424,0.476,0.3,0.136,0.216
392,,0.06,0.92,0.324,0.404,0.456,0.28,0.116,0.196
393,,0.04,0.9,0.304,0.384,0.436,0.26,0.096,0.176
394,,0.02,0.88,0.284,0.364,0.416,0.24,0.076,0.156
395,,0.0,0.86,0.264,0.344,0.396,0.22,0.056,0.136
396,,-0.02,0.84,0.244,0.324,0.376,0.2,0.036,0.116
397,1,0.98,1.0,0.224,0.092,0.056,-0.032,0.016,0.308
398,1,1.0,1.0,0.204,-0.14,-0.264,-0.264,-0.004,0.5
399,6,0.768,0.68,-0.028,-0.16,-0.072,0.736,0.188,0.48
400,6,0.536,0.36,-0.26,-0.18,0.12,1.0,0.38,0.46
401,3,0.516,0.552,0.74,0.012,0.1,0.768,0.06,0.228
402,3,0.496,0.744,1.0,0.204,0.08,0.536,-0.26,-0.004
403,7,0.476,0.512,0.68,-0.028,0.06,0.728,0.74,0.188
404,7,0.456,0.28,0.36,-0.26,0.04,0.92,1.0,0.38
405,4,0.224,0.26,0.552,0.74,0.232,0.9,0.768,0.06
406,4,-0.008,0.24,0.744,1.0,0.424,0.88,0.536,-0.26
407,8,0.184,0.22,0.512,0.68,0.192,0.86,0.728,0.74
408,8,0.376,0.2,0.28,0.36,-0.04,0.84,0.92,1.0
409,5,0.056,-0.032,0.26,0.552,0.96,1.0,0.9,0.768
410,5,-0.264,-0.264,0.24,0.744,1.0,1.0,0.88,0.536
411,2,-0.072,0.736,0.432,0.724,0.768,0.68,0.648,0.516
412,2,0.12,1.0,0.624,0.704,0.536,0.36,0.416,0.496
413,,0.1,0.98,0.604,0.684,0.516,0.34,0.396,0.476
414,,0.08,0.96,0.584,0.664,0.496,0.32,0.376,0.456
415,,0.06,0.94,0.564,0.644,0.476,0.3,0.356,0.436
416,,0.04,0.92,0.544,0.624,0.456,0.28,0.336,0.416
417,,0.02,0.9,0.524,0.604,0.436,0.26,0.316,0.396
418,,0.0,0.88,0.504,0.584,0.416,0.24,0.296,0.376
419,,-0.02,0.86,0.484,0.564,0.396,0.22,0.276,0.356
420,1,0.98,1.0,0.464,0.332,0.076,-0.012,0.256,0.548
421,1,1.0,1.0,0.444,0.1,-0.244,-0.244,0.236,0.74
422,6,0.768,0.68,0.212,0.08,-0.052,0.756,0.428,0.72
423,6,0.536,0.36,-0.02,0.06,0.14,1.0,0.62,0.7
424,3,0.516,0.552,0.98,0.252,0.12,0.768,0.3,0.468
425,3,0.496,0.744,1.0,0.444,0.1,0.536,-0.02,0.236
426,7,0.476,0.512,0.68,0.212,0.08,0.728,0.98,0.428
427,7,0.456,0.28,0.36,-0.02,0.06,0.92,1.0,0.62
428,4,0.224,0.26,0.552,0.98,0.252,0.9,0.768,0.3
429,4,-0.008,0.24,0.744,1.0,0.444,0.88,0.536,-0.02
430,8,0.184,0.22,0.512,0.68,0.212,0.86,0.728,0.98
431,8,0.376,0.2,0.28,0.36,-0.02,0.84,0.92,1.0
432,5,0.056,-0.032,0.26,0.552,0.98,1.0,0.9,0.768
433,5,-0.264,-0.264,0.24,0.744,1.0,1.0,0.88,0.536
434,1,0.736,-0.072,0.22,0.512,0.68,0.768,0.86,0.728
435,1,1.0,0.12,0.2,0.28,0.36,0.536,0.84,0.92
436,,0.98,0.1,0.18,0.26,0.34,0.516,0.82,0.9
437,,0.96,0.08,0.16,0.24,0.32,0.496,0.8,0.88
438,,0.94,0.06,0.14,0.22,0.3,0.476,0.78,0.86
439,,0.92,0.04,0.12,0.2,0.28,0.456,0.76,0.84
440,,0.9,0.02,0.1,0.18,0.26,0.436,0.74,0.82
441,,0.88,0.0,0.08,0.16,0.24,0.416,0.72,0.8
442,,0.86,-0.02,0.06,0.14,0.22,0.396,0.7,0.78
443,2,1.0,0.98,0.252,0.12,-0.012,0.076,0.468,0.76
444,2,1.0,1.0,0.444,0.1,-0.244,-0.244,0.236,0.74
445,5,0.68,0.768,0.424,0.292,0.756,-0.052,0.216,0.508
446,5,0.36,0.536,0.404,0.484,1.0,0.14,0.196,0.276
447,,0.34,0.516,0.384,0.464,0.98,0.12,0.176,0.256
448,,0.32,0.496,0.364,0.444,0.96,0.1,0.156,0.236
449,,0.3,0.476,0.344,0.424,0.94,0.08,0.136,0.216
450,,0.28,0.456,0.324,0.404,0.92,0.06,0.116,0.196
451,,0.26,0.436,0.304,0.384,0.9,0.04,0.096,0.176
452,,0.24,0.416,0.284,0.364,0.88,0.02,0.076,0.156
453,,0.22,0.396,0.264,0.344,0.86,0.0,0.056,0.136
454,,0.2,0.376,0.244,0.324,0.84,-0.02,0.036,0.116
455,6,-0.032,0.056,0.012,0.304,1.0,0.98,0.228,0.096
456,6,-0.264,-0.264,-0.22,0.284,1.0,1.0,0.42,0.076
457,1,0.736,-0.072,-0.24,0.052,0.68,0.768,0.4,0.268
458,1,1.0,0.12,-0.26,-0.18,0.36,0.536,0.38,0.46
459,3,0.98,0.312,0.74,0.012,0.34,0.304,0.06,0.228
460,3,0.96,0.504,1.0,0.204,0.32,0.072,-0.26,-0.004
461,7,0.94,0.272,0.68,-0.028,0.3,0.264,0.74,0.188
462,7,0.92,0.04,0.36,-0.26,0.28,0.456,1.0,0.38
463,4,0.688,0.02,0.552,0.74,0.472,0.436,0.768,0.06
464,4,0.456,0.0,0.744,1.0,0.664,0.416,0.536,-0.26
465,8,0.648,-0.02,0.512,0.68,0.432,0.396,0.728,0.74
466,8,0.84,-0.04,0.28,0.36,0.2,0.376,0.92,1.0
467,2,1.0,0.96,0.472,0.34,-0.032,0.056,0.688,0.98
468,2,1.0,1.0,0.664,0.32,-0.264,-0.264,0.456,0.96
469,6,0.768,0.68,0.432,0.3,-0.072,0.736,0.648,0.94
470,6,0.536,0.36,0.2,0.28,0.12,1.0,0.84,0.92
471,,0.516,0.34,0.18,0.26,0.1,0.98,0.82,0.9
472,,0.496,0.32,0.16,0.24,0.08,0.96,0.8,0.88
473,,0.476,0.3,0.14,0.22,0.06,0.94,0.78,0.86
474,,0.456,0.28,0.12,0.2,0.04,0.92,0.76,0.84
475,,0.436,0.26,0.1,0.18,0.02,0.9,0.74,0.82
476,,0.416,0.24,0.08,0.16,0.0,0.88,0.72,0.8
477,,0.396,0.22,0.06,0.14,-0.02,0.86,0.7,0.78
478,5,0.076,-0.012,0.04,0.332,0.98,1.0,0.68,0.548
479,5,-0.244,-0.244,0.02,0.524,1.0,1.0,0.66,0.316
480,1,0.756,-0.052,0.0,0.292,0.68,0.768,0.64,0.508
481,1,1.0,0.14,-0.02,0.06,0.36,0.536,0.62,0.7
482,3,0.98,0.332,0.98,0.252,0.34,0.304,0.3,0.468
483,3,0.96,0.524,1.0,0.444,0.32,0.072,-0.02,0.236
484,7,0.94,0.292,0.68,0.212,0.3,0.264,0.98,0.428
485,7,0.92,0.06,0.36,-0.02,0.28,0.456,1.0,0.62
486,4,0.688,0.04,0.552,0.98,0.472,0.436,0.768,0.3
487,4,0.456,0.02,0.744,1.0,0.664,0.416,0.536,-0.02
488,8,0.648,0.0,0.512,0.68,0.432,0.396,0.728,0.98
489,8,0.84,-0.02,0.28,0.36,0.2,0.376,0.92,1.0
490,2,1.0,0.98,0.472,0.34,-0.032,0.056,0.688,0.98
491,2,1.0,1.0,0.664,0.32,-0.264,-0.264,0.456,0.96
492,6,0.768,0.68,0.432,0.3,-0.072,0.736,0.648,0.94
493,6,0.536,0.36,0.2,0.28,0.12,1.0,0.84,0.92
494,,0.516,0.34,0.18,0.26,0.1,0.98,0.82,0.9
495,,0.496,0.32,0.16,0.24,0.08,0.96,0.8,0.88
496,,0.476,0.3,0.14,0.22,0.06,0.94,0.78,0.86
497,,0.456,0.28,0.12,0.2,0.04,0.92,0.76,0.84
498,,0.436,0.26,0.1,0.18,0.02,0.9,0.74,0.82
499,,0.416,0.24,0.08,0.16,0.0,0.88,0.72,0.8
500,,0.396,0.22,0.06,0.14,-0.02,0.86,0.7,0.78
501,5,0.076,-0.012,0.04,0.332,0.98,1.0,0.68,0.548
502,5,-0.244,-0.244,0.02,0.524,1.0,1.0,0.66,0.316
503,2,-0.052,0.756,0.212,0.504,0.768,0.68,0.428,0.296
504,2,0.14,1.0,0.404,0.484,0.536,0.36,0.196,0.276
505,,0.12,0.98,0.384,0.464,0.516,0.34,0.176,0.256
506,,0.1,0.96,0.364,0.444,0.496,0.32,0.156,0.236
507,,0.08,0.94,0.344,0.424,0.476,0.3,0.136,0.216
508,,0.06,0.92,0.324,0.404,0.456,0.28,0.116,0.196
509,,0.04,0.9,0.304,0.384,0.436,0.26,0.096,0.176
510,,0.02,0.88,0.284,0.364,0.416,0.24,0.076,0.156
511,,0.0,0.86,0.264,0.344,0.396,0.22,0.056,0.136
512,,-0.02,0.84,0.244,0.324,0.376,0.2,0.036,0.116
513,1,0.98,1.0,0.224,0.092,0.056,-0.032,0.016,0.308
514,1,1.0,1.0,0.204,-0.14,-0.264,-0.264,-0.004,0.5
515,5,0.68,0.768,0.184,0.052,0.736,-0.072,-0.024,0.268
516,5,0.36,0.536,0.164,0.244,1.0,0.12,-0.044,0.036
517,7,0.34,0.304,-0.156,0.012,0.98,0.312,0.956,0.228
518,7,0.32,0.072,-0.476,-0.22,0.96,0.504,1.0,0.42
519,3,0.3,0.264,0.524,-0.028,0.94,0.272,0.68,0.188
520,3,0.28,0.456,1.0,0.164,0.92,0.04,0.36,-0.044
521,8,0.472,0.436,0.768,-0.156,0.688,0.02,0.552,0.956
522,8,0.664,0.416,0.536,-0.476,0.456,0.0,0.744,1.0
523,4,0.432,0.396,0.728,0.524,0.648,-0.02,0.512,0.68
524,4,0.2,0.376,0.92,1.0,0.84,-0.04,0.28,0.36
525,6,-0.032,0.056,0.688,0.98,1.0,0.96,0.472,0.34
526,6,-0.264,-0.264,0.456,0.96,1.0,1.0,0.664,0.32
527,1,0.736,-0.072,0.436,0.728,0.68,0.768,0.644,0.512
528,1,1.0,0.12,0.416,0.496,0.36,0.536,0.624,0.704
529,,0.98,0.1,0.396,0.476,0.34,0.516,0.604,0.684
530,,0.96,0.08,0.376,0.456,0.32,0.496,0.584,0.664
531,,0.94,0.06,0.356,0.436,0.3,0.476,0.564,0.644
532,,0.92,0.04,0.336,0.416,0.28,0.456,0.544,0.624
533,,0.9,0.02,0.316,0.396,0.26,0.436,0.524,0.604
534,,0.88,0.0,0.296,0.376,0.24,0.416,0.504,0.584
535,,0.86,-0.02,0.276,0.356,0.22,0.396,0.484,0.564
536,2,1.0,0.98,0.468,0.336,-0.012,0.076,0.252,0.544
537,2,1.0,1.0,0.66,0.316,-0.244,-0.244,0.02,0.524
538,5,0.68,0.768,0.64,0.508,0.756,-0.052,0.0,0.292
539,5,0.36,0.536,0.62,0.7,1.0,0.14,-0.02,0.06
540,7,0.34,0.304,0.3,0.468,0.98,0.332,0.98,0.252
541,7,0.32,0.072,-0.02,0.236,0.96,0.524,1.0,0.444
542,3,0.3,0.264,0.98,0.428,0.94,0.292,0.68,0.212
543,3,0.28,0.456,1.0,0.62,0.92,0.06,0.36,-0.02
544,8,0.472,0.436,0.768,0.3,0.688,0.04,0.552,0.98
545,8,0.664,0.416,0.536,-0.02,0.456,0.02,0.744,1.0
546,4,0.432,0.396,0.728,0.98,0.648,0.0,0.512,0.68
547,4,0.2,0.376,0.92,1.0,0.84,-0.02,0.28,0.36
548,6,-0.032,0.056,0.688,0.98,1.0,0.98,0.472,0.34
549,6,-0.264,-0.264,0.456,0.96,1.0,1.0,0.664,0.32
550,2,-0.072,0.736,0.648,0.94,0.768,0.68,0.432,0.3
551,2,0.12,1.0,0.84,0.92,0.536,0.36,0.2,0.28
552,,0.1,0.98,0.82,0.9,0.516,0.34,0.18,0.26
553,,0.08,0.96,0.8,0.88,0.496,0.32,0.16,0.24
554,,0.06,0.94,0.78,0.86,0.476,0.3,0.14,0.22
555,,0.04,0.92,0.76,0.84,0.456,0.28,0.12,0.2
556,,0.02,0.9,0.74,0.82,0.436,0.26,0.1,0.18
557,,0.0,0.88,0.72,0.8,0.416,0.24,0.08,0.16
558,,-0.02,0.86,0.7,0.78,0.396,0.22,0.06,0.14
559,1,0.98,1.0,0.68,0.548,0.076,-0.012,0.04,0.332
560,1,1.0,1.0,0.66,0.316,-0.244,-0.244,0.02,0.524
561,5,0.68,0.768,0.64,0.508,0.756,-0.052,0.0,0.292
562,5,0.36,0.536,0.62,0.7,1.0,0.14,-0.02,0.06
563,7,0.34,0.304,0.3,0.468,0.98,0.332,0.98,0.252
564,7,0.32,0.072,-0.02,0.236,0.96,0.524,1.0,0.444
565,3,0.3,0.264,0.98,0.428,0.94,0.292,0.68,0.212
566,3,0.28,0.456,1.0,0.62,0.92,0.06,0.36,-0.02
567,8,0.472,0.436,0.768,0.3,0.688,0.04,0.552,0.98
568,8,0.664,0.416,0.536,-0.02,0.456,0.02,0.744,1.0
569,4,0.432,0.396,0.728,0.98,0.648,0.0,0.512,0.68
570,4,0.2,0.376,0.92,1.0,0.84,-0.02,0.28,0.36
571,6,-0.032,0.056,0.688,0.98,1.0,0.98,0.472,0.34
572,6,-0.264,-0.264,0.456,0.96,1.0,1.0,0.664,0.32
573,2,-0.072,0.736,0.648,0.94,0.768,0.68,0.432,0.3
574,2,0.12,1.0,0.84,0.92,0.536,0.36,0.2,0.28
575,,0.1,0.98,0.82,0.9,0.516,0.34,0.18,0.26
576,,0.08,0.96,0.8,0.88,0.496,0.32,0.16,0.24
577,,0.06,0.94,0.78,0.86,0.476,0.3,0.14,0.22
578,,0.04,0.92,0.76,0.84,0.456,0.28,0.12,0.2
579,,0.02,0.9,0.74,0.82,0.436,0.26,0.1,0.18
580,,0.0,0.88,0.72,0.8,0.416,0.24,0.08,0.16
581,,-0.02,0.86,0.7,0.78,0.396,0.22,0.06,0.14
582,1,0.98,1.0,0.68,0.548,0.076,-0.012,0.04,0.332
583,1,1.0,1.0,0.66,0.316,-0.244,-0.244,0.02,0.524
584,5,0.68,0.768,0.64,0.508,0.756,-0.052,0.0,0.292
585,5,0.36,0.536,0.62,0.7,1.0,0.14,-0.02,0.06
586,7,0.34,0.304,0.3,0.468,0.98,0.332,0.98,0.252
587,7,0.32,0.072,-0.02,0.236,0.96,0.524,1.0,0.444
588,3,0.3,0.264,0.98,0.428,0.94,0.292,0.68,0.212
589,3,0.28,0.456,1.0,0.62,0.92,0.06,0.36,-0.02
590,8,0.472,0.436,0.768,0.3,0.688,0.04,0.552,0.98
591,8,0.664,0.416,0.536,-0.02,0.456,0.02,0.744,1.0
592,4,0.432,0.396,0.728,0.98,0.648,0.0,0.512,0.68
593,4,0.2,0.376,0.92,1.0,0.84,-0.02,0.28,0.36
594,6,-0.032,0.056,0.688,0.98,1.0,0.98,0.472,0.34
595,6,-0.264,-0.264,0.456,0.96,1.0,1.0,0.664,0.32
596,2,-0.072,0.736,0.648,0.94,0.768,0.68,0.432,0.3
597,2,0.12,1.0,0.84,0.92,0.536,0.36,0.2,0.28
598,,0.1,0.98,0.82,0.9,0.516,0.34,0.18,0.26
599,,0.08,0.96,0.8,0.88,0.496,0.32,0.16,0.24
600,,0.06,0.94,0.78,0.86,0.476,0.3,0.14,0.22
601,,0.04,0.92,0.76,0.84,0.456,0.28,0.12,0.2
602,,0.02,0.9,0.74,0.82,0.436,0.26,0.1,0.18
603,,0.0,0.88,0.72,0.8,0.416,0.24,0.08,0.16
604,,-0.02,0.86,0.7,0.78,0.396,0.22,0.06,0.14
605,1,0.98,1.0,0.68,0.548,0.076,-0.012,0.04,0.332
606,1,1.0,1.0,0.66,0.316,-0.244,-0.244,0.02,0.524
607,6,0.768,0.68,0.428,0.296,-0.052,0.756,0.212,0.504
608,6,0.536,0.36,0.196,0.276,0.14,1.0,0.404,0.484
609,,0.516,0.34,0.176,0.256,0.12,0.98,0.384,0.464
610,,0.496,0.32,0.156,0.236,0.1,0.96,0.364,0.444
611,,0.476,0.3,0.136,0.216,0.08,0.94,0.344,0.424
612,,0.456,0.28,0.116,0.196,0.06,0.92,0.324,0.404
613,,0.436,0.26,0.096,0.176,0.04,0.9,0.304,0.384
614,,0.416,0.24,0.076,0.156,0.02,0.88,0.284,0.364
615,,0.396,0.22,0.056,0.136,0.0,0.86,0.264,0.344
616,,0.376,0.2,0.036,0.116,-0.02,0.84,0.244,0.324
617,5,0.056,-0.032,0.016,0.308,0.98,1.0,0.224,0.092
618,5,-0.264,-0.264,-0.004,0.5,1.0,1.0,0.204,-0.14
619,1,0.736,-0.072,-0.024,0.268,0.68,0.768,0.184,0.052
620,1,1.0,0.12,-0.044,0.036,0.36,0.536,0.164,0.244
621,3,0.98,0.312,0.956,0.228,0.34,0.304,-0.156,0.012
622,3,0.96,0.504,1.0,0.42,0.32,0.072,-0.476,-0.22
623,7,0.94,0.272,0.68,0.188,0.3,0.264,0.524,-0.028
624,7,0.92,0.04,0.36,-0.044,0.28,0.456,1.0,0.164
625,4,0.688,0.02,0.552,0.956,0.472,0.436,0.768,-0.156
626,4,0.456,0.0,0.744,1.0,0.664,0.416,0.536,-0.476
627,8,0.648,-0.02,0.512,0.68,0.432,0.396,0.728,0.524
628,8,0.84,-0.04,0.28,0.36,0.2,0.376,0.92,1.0
629,2,1.0,0.96,0.472,0.34,-0.032,0.056,0.688,0.98
630,2,1.0,1.0,0.664,0.32,-0.264,-0.264,0.456,0.96
631,6,0.768,0.68,0.432,0.3,-0.072,0.736,0.648,0.94
632,6,0.536,0.36,0.2,0.28,0.12,1.0,0.84,0.92
633,,0.516,0.34,0.18,0.26,0.1,0.98,0.82,0.9
634,,0.496,0.32,0.16,0.24,0.08,0.96,0.8,0.88
635,,0.476,0.3,0.14,0.22,0.06,0.94,0.78,0.86
636,,0.456,0.28,0.12,0.2,0.04,0.92,0.76,0.84
637,,0.436,0.26,0.1,0.18,0.02,0.9,0.74,0.82
638,,0.416,0.24,0.08,0.16,0.0,0.88,0.72,0.8
639,,0.396,0.22,0.06,0.14,-0.02,0.86,0.7,0.78
640,5,0.076,-0.012,0.04,0.332,0.98,1.0,0.68,0.548
641,5,-0.244,-0.244,0.02,0.524,1.0,1.0,0.66,0.316
642,2,-0.052,0.756,0.212,0.504,0.768,0.68,0.428,0.296
643,2,0.14,1.0,0.404,0.484,0.536,0.36,0.196,0.276
644,,0.12,0.98,0.384,0.464,0.516,0.34,0.176,0.256
645,,0.1,0.96,0.364,0.444,0.496,0.32,0.156,0.236
646,,0.08,0.94,0.344,0.424,0.476,0.3,0.136,0.216
647,,0.06,0.92,0.324,0.404,0.456,0.28,0.116,0.196
648,,0.04,0.9,0.304,0.384,0.436,0.26,0.096,0.176
649,,0.02,0.88,0.284,0.364,0.416,0.24,0.076,0.156
650,,0.0,0.86,0.264,0.344,0.396,0.22,0.056,0.136
651,,-0.02,0.84,0.244,0.324,0.376,0.2,0.036,0.116
652,1,0.98,1.0,0.224,0.092,0.056,-0.032,0.016,0.308
653,1,1.0,1.0,0.204,-0.14,-0.264,-0.264,-0.004,0.5
654,5,0.68,0.768,0.184,0.052,0.736,-0.072,-0.024,0.268
655,5,0.36,0.536,0.164,0.244,1.0,0.12,-0.044,0.036
656,7,0.34,0.304,-0.156,0.012,0.98,0.312,0.956,0.228
657,7,0.32,0.072,-0.476,-0.22,0.96,0.504,1.0,0.42
658,3,0.3,0.264,0.524,-0.028,0.94,0.272,0.68,0.188
659,3,0.28,0.456,1.0,0.164,0.92,0.04,0.36,-0.044
660,8,0.472,0.436,0.768,-0.156,0.688,0.02,0.552,0.956
661,8,0.664,0.416,0.536,-0.476,0.456,0.0,0.744,1.0
662,4,0.432,0.396,0.728,0.524,0.648,-0.02,0.512,0.68
663,4,0.2,0.376,0.92,1.0,0.84,-0.04,0.28,0.36
664,6,-0.032,0.056,0.688,0.98,1.0,0.96,0.472,0.34
665,6,-0.264,-0.264,0.456,0.96,1.0,1.0,0.664,0.32
666,2,-0.072,0.736,0.648,0.94,0.768,0.68,0.432,0.3
667,2,0.12,1.0,0.84,0.92,0.536,0.36,0.2,0.28
668,,0.1,0.98,0.82,0.9,0.516,0.34,0.18,0.26
669,,0.08,0.96,0.8,0.88,0.496,0.32,0.16,0.24
670,,0.06,0.94,0.78,0.86,0.476,0.3,0.14,0.22
671,,0.04,0.92,0.76,0.84,0.456,0.28,0.12,0.2
672,,0.02,0.9,0.74,0.82,0.436,0.26,0.1,0.18
673,,0.0,0.88,0.72,0.8,0.416,0.24,0.08,0.16
674,,-0.02,0.86,0.7,0.78,0.396,0.22,0.06,0.14
675,1,0.98,1.0,0.68,0.548,0.076,-0.012,0.04,0.332
676,1,1.0,1.0,0.66,0.316,-0.244,-0.244,0.02,0.524
677,5,0.68,0.768,0.64,0.508,0.756,-0.052,0.0,0.292
678,5,0.36,0.536,0.62,0.7,1.0,0.14,-0.02,0.06
679,7,0.34,0.304,0.3,0.468,0.98,0.332,0.98,0.252
680,7,0.32,0.072,-0.02,0.236,0.96,0.524,1.0,0.444
681,3,0.3,0.264,0.98,0.428,0.94,0.292,0.68,0.212
682,3,0.28,0.456,1.0,0.62,0.92,0.06,0.36,-0.02
683,8,0.472,0.436,0.768,0.3,0.688,0.04,0.552,0.98
684,8,0.664,0.416,0.536,-0.02,0.456,0.02,0.744,1.0
685,4,0.432,0.396,0.728,0.98,0.648,0.0,0.512,0.68
686,4,0.2,0.376,0.92,1.0,0.84,-0.02,0.28,0.36
687,6,-0.032,0.056,0.688,0.98,1.0,0.98,0.472,0.34
688,6,-0.264,-0.264,0.456,0.96,1.0,1.0,0.664,0.32
689,2,-0.072,0.736,0.648,0.94,0.768,0.68,0.432,0.3
690,2,0.12,1.0,0.84,0.92,0.536,0.36,0.2,0.28
691,,0.1,0.98,0.82,0.9,0.516,0.34,0.18,0.26
692,,0.08,0.96,0.8,0.88,0.496,0.32,0.16,0.24
693,,0.06,0.94,0.78,0.86,0.476,0.3,0.14,0.22
694,,0.04,0.92,0.76,0.84,0.456,0.28,0.12,0.2
695,,0.02,0.9,0.74,0.82,0.436,0.26,0.1,0.18
696,,0.0,0.88,0.72,0.8,0.416,0.24,0.08,0.16
697,,-0.02,0.86,0.7,0.78,0.396,0.22,0.06,0.14
698,1,0.98,1.0,0.68,0.548,0.076,-0.012,0.04,0.332
699,1,1.0,1.0,0.66,0.316,-0.244,-0.244,0.02,0.524
700,5,0.68,0.768,0.64,0.508,0.756,-0.052,0.0,0.292
701,5,0.36,0.536,0.62,0.7,1.0,0.14,-0.02,0.06
702,7,0.34,0.304,0.3,0.468,0.98,0.332,0.98,0.252
703,7,0.32,0.072,-0.02,0.236,0.96,0.524,1.0,0.444
704,3,0.3,0.264,0.98,0.428,0.94,0.292,0.68,0.212
705,3,0.28,0.456,1.0,0.62,0.92,0.06,0.36,-0.02
706,8,0.472,0.436,0.768,0.3,0.688,0.04,0.552,0.98
707,8,0.664,0.416,0.536,-0.02,0.456,0.02,0.744,1.0
708,4,0.432,0.396,0.728,0.98,0.648,0.0,0.512,0.68
709,4,0.2,0.376,0.92,1.0,0.84,-0.02,0.28,0.36
710,6,-0.032,0.056,0.688,0.98,1.0,0.98,0.472,0.34
711,6,-0.264,-0.264,0.456,0.96,1.0,1.0,0.664,0.32
712,1,0.736,-0.072,0.436,0.728,0.68,0.768,0.644,0.512
713,1,1.0,0.12,0.416,0.496,0.36,0.536,0.624,0.704
714,,0.98,0.1,0.396,0.476,0.34,0.516,0.604,0.684
715,,0.96,0.08,0.376,0.456,0.32,0.496,0.584,0.664
716,,0.94,0.06,0.356,0.436,0.3,0.476,0.564,0.644
717,,0.92,0.04,0.336,0.416,0.28,0.456,0.544,0.624
718,,0.9,0.02,0.316,0.396,0.26,0.436,0.524,0.604
719,,0.88,0.0,0.296,0.376,0.24,0.416,0.504,0.584
720,,0.86,-0.02,0.276,0.356,0.22,0.396,0.484,0.564
721,2,1.0,0.98,0.468,0.336,-0.012,0.076,0.252,0.544
722,2,1.0,1.0,0.66,0.316,-0.244,-0.244,0.02,0.524
723,6,0.768,0.68,0.428,0.296,-0.052,0.756,0.212,0.504
724,6,0.536,0.36,0.196,0.276,0.14,1.0,0.404,0.484
725,,0.516,0.34,0.176,0.256,0.12,0.98,0.384,0.464
726,,0.496,0.32,0.156,0.236,0.1,0.96,0.364,0.444
727,,0.476,0.3,0.136,0.216,0.08,0.94,0.344,0.424
728,,0.456,0.28,0.116,0.196,0.06,0.92,0.324,0.404
729,,0.436,0.26,0.096,0.176,0.04,0.9,0.304,0.384
730,,0.416,0.24,0.076,0.156,0.02,0.88,0.284,0.364
731,,0.396,0.22,0.056,0.136,0.0,0.86,0.264,0.344
732,,0.376,0.2,0.036,0.116,-0.02,0.84,0.244,0.324
733,5,0.056,-0.032,0.016,0.308,0.98,1.0,0.224,0.092
734,5,-0.264,-0.264,-0.004,0.5,1.0,1.0,0.204,-0.14
735,2,-0.072,0.736,0.188,0.48,0.768,0.68,-0.028,-0.16
736,2,0.12,1.0,0.38,0.46,0.536,0.36,-0.26,-0.18
737,7,0.1,0.768,0.06,0.228,0.516,0.552,0.74,0.012
738,7,0.08,0.536,-0.26,-0.004,0.496,0.744,1.0,0.204
739,3,0.06,0.728,0.74,0.188,0.476,0.512,0.68,-0.028
740,3,0.04,0.92,1.0,0.38,0.456,0.28,0.36,-0.26
741,8,0.232,0.9,0.768,0.06,0.224,0.26,0.552,0.74
742,8,0.424,0.88,0.536,-0.26,-0.008,0.24,0.744,1.0
743,4,0.192,0.86,0.728,0.74,0.184,0.22,0.512,0.68
744,4,-0.04,0.84,0.92,1.0,0.376,0.2,0.28,0.36
745,1,0.96,1.0,0.9,0.768,0.056,-0.032,0.26,0.552
746,1,1.0,1.0,0.88,0.536,-0.264,-0.264,0.24,0.744
747,6,0.768,0.68,0.648,0.516,-0.072,0.736,0.432,0.724
748,6,0.536,0.36,0.416,0.496,0.12,1.0,0.624,0.704
749,,0.516,0.34,0.396,0.476,0.1,0.98,0.604,0.684
750,,0.496,0.32,0.376,0.456,0.08,0.96,0.584,0.664
751,,0.476,0.3,0.356,0.436,0.06,0.94,0.564,0.644
752,,0.456,0.28,0.336,0.416,0.04,0.92,0.544,0.624
753,,0.436,0.26,0.316,0.396,0.02,0.9,0.524,0.604
754,,0.416,0.24,0.296,0.376,0.0,0.88,0.504,0.584
755,,0.396,0.22,0.276,0.356,-0.02,0.86,0.484,0.564
756,5,0.076,-0.012,0.256,0.548,0.98,1.0,0.464,0.332
757,5,-0.244,-0.244,0.236,0.74,1.0,1.0,0.444,0.1
758,2,-0.052,0.756,0.428,0.72,0.768,0.68,0.212,0.08
759,2,0.14,1.0,0.62,0.7,0.536,0.36,-0.02,0.06
760,7,0.12,0.768,0.3,0.468,0.516,0.552,0.98,0.252
761,7,0.1,0.536,-0.02,0.236,0.496,0.744,1.0,0.444
762,3,0.08,0.728,0.98,0.428,0.476,0.512,0.68,0.212
763,3,0.06,0.92,1.0,0.62,0.456,0.28,0.36,-0.02
764,8,0.252,0.9,0.768,0.3,0.224,0.26,0.552,0.98
765,8,0.444,0.88,0.536,-0.02,-0.008,0.24,0.744,1.0
766,4,0.212,0.86,0.728,0.98,0.184,0.22,0.512,0.68
767,4,-0.02,0.84,0.92,1.0,0.376,0.2,0.28,0.36
768,1,0.98,1.0,0.9,0.768,0.056,-0.032,0.26,0.552
769,1,1.0,1.0,0.88,0.536,-0.264,-0.264,0.24,0.744
770,6,0.768,0.68,0.648,0.516,-0.072,0.736,0.432,0.724
771,6,0.536,0.36,0.416,0.496,0.12,1.0,0.624,0.704
772,,0.516,0.34,0.396,0.476,0.1,0.98,0.604,0.684
773,,0.496,0.32,0.376,0.456,0.08,0.96,0.584,0.664
774,,0.476,0.3,0.356,0.436,0.06,0.94,0.564,0.644
775,,0.456,0.28,0.336,0.416,0.04,0.92,0.544,0.624
776,,0.436,0.26,0.316,0.396,0.02,0.9,0.524,0.604
777,,0.416,0.24,0.296,0.376,0.0,0.88,0.504,0.584
778,,0.396,0.22,0.276,0.356,-0.02,0.86,0.484,0.564
779,5,0.076,-0.012,0.256,0.548,0.98,1.0,0.464,0.332
780,5,-0.244,-0.244,0.236,0.74,1.0,1.0,0.444,0.1
781,1,0.756,-0.052,0.216,0.508,0.68,0.768,0.424,0.292
782,1,1.0,0.14,0.196,0.276,0.36,0.536,0.404,0.484
783,,0.98,0.12,0.176,0.256,0.34,0.516,0.384,0.464
784,,0.96,0.1,0.156,0.236,0.32,0.496,0.364,0.444
785,,0.94,0.08,0.136,0.216,0.3,0.476,0.344,0.424
786,,0.92,0.06,0.116,0.196,0.28,0.456,0.324,0.404
787,,0.9,0.04,0.096,0.176,0.26,0.436,0.304,0.384
788,,0.88,0.02,0.076,0.156,0.24,0.416,0.284,0.364
789,,0.86,0.0,0.056,0.136,0.22,0.396,0.264,0.344
790,,0.84,-0.02,0.036,0.116,0.2,0.376,0.244,0.324
791,2,1.0,0.98,0.228,0.096,-0.032,0.056,0.012,0.304
792,2,1.0,1.0,0.42,0.076,-0.264,-0.264,-0.22,0.284
793,6,0.768,0.68,0.188,0.056,-0.072,0.736,-0.028,0.264
794,6,0.536,0.36,-0.044,0.036,0.12,1.0,0.164,0.244
795,3,0.516,0.552,0.956,0.228,0.1,0.768,-0.156,0.012
796,3,0.496,0.744,1.0,0.42,0.08,0.536,-0.476,-0.22
797,7,0.476,0.512,0.68,0.188,0.06,0.728,0.524,-0.028
798,7,0.456,0.28,0.36,-0.044,0.04,0.92,1.0,0.164
799,4,0.224,0.26,0.552,0.956,0.232,0.9,0.768,-0.156
800,4,-0.008,0.24,0.744,1.0,0.424,0.88,0.536,-0.476
801,8,0.184,0.22,0.512,0.68,0.192,0.86,0.728,0.524
802,8,0.376,0.2,0.28,0.36,-0.04,0.84,0.92,1.0
803,5,0.056,-0.032,0.26,0.552,0.96,1.0,0.9,0.768
804,5,-0.264,-0.264,0.24,0.744,1.0,1.0,0.88,0.536
805,1,0.736,-0.072,0.22,0.512,0.68,0.768,0.86,0.728
806,1,1.0,0.12,0.2,0.28,0.36,0.536,0.84,0.92
807,,0.98,0.1,0.18,0.26,0.34,0.516,0.82,0.9
