step,active_motive,motive_1,motive_2,motive_3,motive_4,motive_5,motive_6,motive_7,motive_8
0,,0.39106,0.18224,0.75536,0.42516,0.20794,0.5677,0.03131,0.84228
1,,0.34106,0.13224,0.70536,0.37516,0.15794,0.5177,-0.01869,0.79228
2,7,0.39106,-0.10076,0.35536,0.14216,0.20794,0.8507,0.98131,1.0
3,7,0.44106,-0.33376,0.00536,-0.09084,0.25794,1.0,1.0,1.0
4,2,0.77406,0.66624,0.33836,-0.04084,0.02494,0.65,0.767,1.0
5,2,1.0,1.0,0.67136,0.00916,-0.20806,0.3,0.534,1.0
6,5,0.65,0.767,0.72136,0.34216,0.79194,0.633,0.584,0.767
7,5,0.3,0.534,0.77136,0.67516,1.0,0.966,0.634,0.534
8,,0.25,0.484,0.72136,0.62516,0.95,0.916,0.584,0.484
9,,0.2,0.434,0.67136,0.57516,0.9,0.866,0.534,0.434
10,,0.15,0.384,0.62136,0.52516,0.85,0.816,0.484,0.384
11,,0.1,0.334,0.57136,0.47516,0.8,0.766,0.434,0.334
12,,0.05,0.284,0.52136,0.42516,0.75,0.716,0.384,0.284
13,,0.0,0.234,0.47136,0.37516,0.7,0.666,0.334,0.234
14,,-0.05,0.184,0.42136,0.32516,0.65,0.616,0.284,0.184
15,1,0.95,0.517,0.47136,0.09216,0.3,0.383,0.334,0.517
16,1,1.0,0.85,0.52136,-0.14084,-0.05,0.15,0.384,0.85
17,4,0.767,0.9,0.85436,0.85916,0.283,0.2,0.151,0.5
18,4,0.534,0.95,1.0,1.0,0.616,0.25,-0.082,0.15
19,7,0.584,0.717,0.65,0.767,0.666,0.583,0.918,0.483
20,7,0.634,0.484,0.3,0.534,0.716,0.916,1.0,0.816
21,,0.584,0.434,0.25,0.484,0.666,0.866,0.95,0.766
22,,0.534,0.384,0.2,0.434,0.616,0.816,0.9,0.716
23,,0.484,0.334,0.15,0.384,0.566,0.766,0.85,0.666
24,,0.434,0.284,0.1,0.334,0.516,0.716,0.8,0.616
25,,0.384,0.234,0.05,0.284,0.466,0.666,0.75,0.566
26,,0.334,0.184,0.0,0.234,0.416,0.616,0.7,0.516
27,,0.284,0.134,-0.05,0.184,0.366,0.566,0.65,0.466
28,3,0.334,0.467,0.95,0.517,0.416,0.333,0.3,0.233
29,3,0.384,0.8,1.0,0.85,0.466,0.1,-0.05,0.0
30,7,0.434,0.567,0.65,0.617,0.516,0.433,0.95,0.333
31,7,0.484,0.334,0.3,0.384,0.566,0.766,1.0,0.666
32,,0.434,0.284,0.25,0.334,0.516,0.716,0.95,0.616
33,,0.384,0.234,0.2,0.284,0.466,0.666,0.9,0.566
34,,0.334,0.184,0.15,0.234,0.416,0.616,0.85,0.516
35,,0.284,0.134,0.1,0.184,0.366,0.566,0.8,0.466
36,,0.234,0.084,0.05,0.134,0.316,0.516,0.75,0.416
37,,0.184,0.034,0.0,0.084,0.266,0.466,0.7,0.366
38,,0.134,-0.016,-0.05,0.034,0.216,0.416,0.65,0.316
39,3,0.184,0.317,0.95,0.367,0.266,0.183,0.3,0.083
40,3,0.234,0.65,1.0,0.7,0.316,-0.05,-0.05,-0.15
41,8,0.567,0.7,0.767,0.35,0.083,0.0,0.283,0.85
42,8,0.9,0.75,0.534,-0.0,-0.15,0.05,0.616,1.0
43,5,0.55,0.517,0.584,0.333,0.85,0.383,0.666,0.767
44,5,0.2,0.284,0.634,0.666,1.0,0.716,0.716,0.534
45,,0.15,0.234,0.584,0.616,0.95,0.666,0.666,0.484
46,,0.1,0.184,0.534,0.566,0.9,0.616,0.616,0.434
47,,0.05,0.134,0.484,0.516,0.85,0.566,0.566,0.384
48,,0.0,0.084,0.434,0.466,0.8,0.516,0.516,0.334
49,,-0.05,0.034,0.384,0.416,0.75,0.466,0.466,0.284
50,1,0.95,0.367,0.434,0.183,0.4,0.233,0.516,0.617
51,1,1.0,0.7,0.484,-0.05,0.05,0.0,0.566,0.95
52,4,0.767,0.75,0.817,0.95,0.383,0.05,0.333,0.6
53,4,0.534,0.8,1.0,1.0,0.716,0.1,0.1,0.25
54,,0.484,0.75,0.95,0.95,0.666,0.05,0.05,0.2
55,,0.434,0.7,0.9,0.9,0.616,0.0,0.0,0.15
56,,0.384,0.65,0.85,0.85,0.566,-0.05,-0.05,0.1
57,7,0.434,0.417,0.5,0.617,0.616,0.283,0.95,0.433
58,7,0.484,0.184,0.15,0.384,0.666,0.616,1.0,0.766
59,,0.434,0.134,0.1,0.334,0.616,0.566,0.95,0.716
60,,0.384,0.084,0.05,0.284,0.566,0.516,0.9,0.666
61,,0.334,0.034,0.0,0.234,0.516,0.466,0.85,0.616
62,,0.284,-0.016,-0.05,0.184,0.466,0.416,0.8,0.566
63,3,0.334,0.317,0.95,0.517,0.516,0.183,0.45,0.333
64,3,0.384,0.65,1.0,0.85,0.566,-0.05,0.1,0.1
65,6,0.151,0.3,0.767,0.9,0.899,0.95,0.433,0.15
66,6,-0.082,-0.05,0.534,0.95,1.0,1.0,0.766,0.2
67,1,0.918,0.283,0.584,0.717,0.65,0.767,0.816,0.533
68,1,1.0,0.616,0.634,0.484,0.3,0.534,0.866,0.866
69,,0.95,0.566,0.584,0.434,0.25,0.484,0.816,0.816
70,,0.9,0.516,0.534,0.384,0.2,0.434,0.766,0.766
71,,0.85,0.466,0.484,0.334,0.15,0.384,0.716,0.716
72,,0.8,0.416,0.434,0.284,0.1,0.334,0.666,0.666
73,,0.75,0.366,0.384,0.234,0.05,0.284,0.616,0.616
74,,0.7,0.316,0.334,0.184,0.0,0.234,0.566,0.566
75,,0.65,0.266,0.284,0.134,-0.05,0.184,0.516,0.516
76,5,0.3,0.033,0.334,0.467,0.95,0.517,0.566,0.283
77,5,-0.05,-0.2,0.384,0.8,1.0,0.85,0.616,0.05
78,2,0.283,0.8,0.717,0.85,0.767,0.5,0.383,0.1
79,2,0.616,1.0,1.0,0.9,0.534,0.15,0.15,0.15
80,,0.566,0.95,0.95,0.85,0.484,0.1,0.1,0.1
81,,0.516,0.9,0.9,0.8,0.434,0.05,0.05,0.05
82,,0.466,0.85,0.85,0.75,0.384,0.0,0.0,0.0
83,,0.416,0.8,0.8,0.7,0.334,-0.05,-0.05,-0.05
84,7,0.466,0.567,0.45,0.467,0.384,0.283,0.95,0.283
85,7,0.516,0.334,0.1,0.234,0.434,0.616,1.0,0.616
86,,0.466,0.284,0.05,0.184,0.384,0.566,0.95,0.566
87,,0.416,0.234,0.0,0.134,0.334,0.516,0.9,0.516
88,,0.366,0.184,-0.05,0.084,0.284,0.466,0.85,0.466
89,3,0.416,0.517,0.95,0.417,0.334,0.233,0.5,0.233
90,3,0.466,0.85,1.0,0.75,0.384,0.0,0.15,0.0
91,,0.416,0.8,0.95,0.7,0.334,-0.05,0.1,-0.05
92,8,0.749,0.85,0.717,0.35,0.101,0.0,0.433,0.95
93,8,1.0,0.9,0.484,-0.0,-0.132,0.05,0.766,1.0
94,5,0.65,0.667,0.534,0.333,0.868,0.383,0.816,0.767
95,5,0.3,0.434,0.584,0.666,1.0,0.716,0.866,0.534
96,,0.25,0.384,0.534,0.616,0.95,0.666,0.816,0.484
97,,0.2,0.334,0.484,0.566,0.9,0.616,0.766,0.434
98,,0.15,0.284,0.434,0.516,0.85,0.566,0.716,0.384
99,,0.1,0.234,0.384,0.466,0.8,0.516,0.666,0.334
100,,0.05,0.184,0.334,0.416,0.75,0.466,0.616,0.284
101,,0.0,0.134,0.284,0.366,0.7,0.416,0.566,0.234
102,,-0.05,0.084,0.234,0.316,0.65,0.366,0.516,0.184
103,1,0.95,0.417,0.284,0.083,0.3,0.133,0.566,0.517
104,1,1.0,0.75,0.334,-0.15,-0.05,-0.1,0.616,0.85
105,4,0.767,0.8,0.667,0.85,0.283,-0.05,0.383,0.5
106,4,0.534,0.85,1.0,1.0,0.616,0.0,0.15,0.15
107,,0.484,0.8,0.95,0.95,0.566,-0.05,0.1,0.1
108,6,0.251,0.45,0.717,1.0,0.899,0.95,0.433,0.15
109,6,0.018,0.1,0.484,1.0,1.0,1.0,0.766,0.2
110,,-0.032,0.05,0.434,0.95,0.95,0.95,0.716,0.15
111,1,0.968,0.383,0.484,0.717,0.6,0.717,0.766,0.483
112,1,1.0,0.716,0.534,0.484,0.25,0.484,0.816,0.816
113,,0.95,0.666,0.484,0.434,0.2,0.434,0.766,0.766
114,,0.9,0.616,0.434,0.384,0.15,0.384,0.716,0.716
115,,0.85,0.566,0.384,0.334,0.1,0.334,0.666,0.666
116,,0.8,0.516,0.334,0.284,0.05,0.284,0.616,0.616
117,,0.75,0.466,0.284,0.234,0.0,0.234,0.566,0.566
118,,0.7,0.416,0.234,0.184,-0.05,0.184,0.516,0.516
119,5,0.35,0.183,0.284,0.517,0.95,0.517,0.566,0.283
120,5,-0.0,-0.05,0.334,0.85,1.0,0.85,0.616,0.05
121,2,0.333,0.95,0.667,0.9,0.767,0.5,0.383,0.1
122,2,0.666,1.0,1.0,0.95,0.534,0.15,0.15,0.15
123,,0.616,0.95,0.95,0.9,0.484,0.1,0.1,0.1
124,,0.566,0.9,0.9,0.85,0.434,0.05,0.05,0.05
125,,0.516,0.85,0.85,0.8,0.384,0.0,0.0,0.0
126,,0.466,0.8,0.8,0.75,0.334,-0.05,-0.05,-0.05
127,7,0.516,0.567,0.45,0.517,0.384,0.283,0.95,0.283
128,7,0.566,0.334,0.1,0.284,0.434,0.616,1.0,0.616
129,,0.516,0.284,0.05,0.234,0.384,0.566,0.95,0.566
130,,0.466,0.234,0.0,0.184,0.334,0.516,0.9,0.516
131,,0.416,0.184,-0.05,0.134,0.284,0.466,0.85,0.466
132,3,0.466,0.517,0.95,0.467,0.334,0.233,0.5,0.233
133,3,0.516,0.85,1.0,0.8,0.384,0.0,0.15,0.0
134,,0.466,0.8,0.95,0.75,0.334,-0.05,0.1,-0.05
135,8,0.799,0.85,0.717,0.4,0.101,0.0,0.433,0.95
136,8,1.0,0.9,0.484,0.05,-0.132,0.05,0.766,1.0
137,5,0.65,0.667,0.534,0.383,0.868,0.383,0.816,0.767
138,5,0.3,0.434,0.584,0.716,1.0,0.716,0.866,0.534
139,,0.25,0.384,0.534,0.666,0.95,0.666,0.816,0.484
140,,0.2,0.334,0.484,0.616,0.9,0.616,0.766,0.434
141,,0.15,0.284,0.434,0.566,0.85,0.566,0.716,0.384
142,,0.1,0.234,0.384,0.516,0.8,0.516,0.666,0.334
143,,0.05,0.184,0.334,0.466,0.75,0.466,0.616,0.284
144,,0.0,0.134,0.284,0.416,0.7,0.416,0.566,0.234
145,,-0.05,0.084,0.234,0.366,0.65,0.366,0.516,0.184
146,1,0.95,0.417,0.284,0.133,0.3,0.133,0.566,0.517
147,1,1.0,0.75,0.334,-0.1,-0.05,-0.1,0.616,0.85
148,6,0.767,0.4,0.101,-0.05,0.283,0.9,0.949,0.9
149,6,0.534,0.05,-0.132,0.0,0.616,1.0,1.0,0.95
150,3,0.584,0.383,0.868,0.333,0.666,0.767,0.65,0.717
151,3,0.634,0.716,1.0,0.666,0.716,0.534,0.3,0.484
152,,0.584,0.666,0.95,0.616,0.666,0.484,0.25,0.434
153,,0.534,0.616,0.9,0.566,0.616,0.434,0.2,0.384
154,,0.484,0.566,0.85,0.516,0.566,0.384,0.15,0.334
155,,0.434,0.516,0.8,0.466,0.516,0.334,0.1,0.284
156,,0.384,0.466,0.75,0.416,0.466,0.284,0.05,0.234
157,,0.334,0.416,0.7,0.366,0.416,0.234,0.0,0.184
158,,0.284,0.366,0.65,0.316,0.366,0.184,-0.05,0.134
159,7,0.334,0.133,0.3,0.083,0.416,0.517,0.95,0.467
160,7,0.384,-0.1,-0.05,-0.15,0.466,0.85,1.0,0.8
161,4,0.151,-0.05,0.283,0.85,0.799,0.9,0.767,0.45
162,4,-0.082,0.0,0.616,1.0,1.0,0.95,0.534,0.1
163,1,0.918,0.333,0.666,0.767,0.65,0.717,0.584,0.433
164,1,1.0,0.666,0.716,0.534,0.3,0.484,0.634,0.766
165,,0.95,0.616,0.666,0.484,0.25,0.434,0.584,0.716
166,,0.9,0.566,0.616,0.434,0.2,0.384,0.534,0.666
167,,0.85,0.516,0.566,0.384,0.15,0.334,0.484,0.616
168,,0.8,0.466,0.516,0.334,0.1,0.284,0.434,0.566
169,,0.75,0.416,0.466,0.284,0.05,0.234,0.384,0.516
170,,0.7,0.366,0.416,0.234,0.0,0.184,0.334,0.466
171,,0.65,0.316,0.366,0.184,-0.05,0.134,0.284,0.416
172,5,0.3,0.083,0.416,0.517,0.95,0.467,0.334,0.183
173,5,-0.05,-0.15,0.466,0.85,1.0,0.8,0.384,-0.05
174,2,0.283,0.85,0.799,0.9,0.767,0.45,0.151,0.0
175,2,0.616,1.0,1.0,0.95,0.534,0.1,-0.082,0.05
176,7,0.666,0.767,0.65,0.717,0.584,0.433,0.918,0.383
177,7,0.716,0.534,0.3,0.484,0.634,0.766,1.0,0.716
178,,0.666,0.484,0.25,0.434,0.584,0.716,0.95,0.666
179,,0.616,0.434,0.2,0.384,0.534,0.666,0.9,0.616
180,,0.566,0.384,0.15,0.334,0.484,0.616,0.85,0.566
181,,0.516,0.334,0.1,0.284,0.434,0.566,0.8,0.516
182,,0.466,0.284,0.05,0.234,0.384,0.516,0.75,0.466
183,,0.416,0.234,0.0,0.184,0.334,0.466,0.7,0.416
184,,0.366,0.184,-0.05,0.134,0.284,0.416,0.65,0.366
185,3,0.416,0.517,0.95,0.467,0.334,0.183,0.3,0.133
186,3,0.466,0.85,1.0,0.8,0.384,-0.05,-0.05,-0.1
187,8,0.799,0.9,0.767,0.45,0.151,0.0,0.283,0.9
188,8,1.0,0.95,0.534,0.1,-0.082,0.05,0.616,1.0
189,5,0.65,0.717,0.584,0.433,0.918,0.383,0.666,0.767
190,5,0.3,0.484,0.634,0.766,1.0,0.716,0.716,0.534
191,,0.25,0.434,0.584,0.716,0.95,0.666,0.666,0.484
192,,0.2,0.384,0.534,0.666,0.9,0.616,0.616,0.434
193,,0.15,0.334,0.484,0.616,0.85,0.566,0.566,0.384
194,,0.1,0.284,0.434,0.566,0.8,0.516,0.516,0.334
195,,0.05,0.234,0.384,0.516,0.75,0.466,0.466,0.284
196,,0.0,0.184,0.334,0.466,0.7,0.416,0.416,0.234
197,,-0.05,0.134,0.284,0.416,0.65,0.366,0.366,0.184
198,1,0.95,0.467,0.334,0.183,0.3,0.133,0.416,0.517
199,1,1.0,0.8,0.384,-0.05,-0.05,-0.1,0.466,0.85
200,6,0.767,0.45,0.151,0.0,0.283,0.9,0.799,0.9
201,6,0.534,0.1,-0.082,0.05,0.616,1.0,1.0,0.95
202,3,0.584,0.433,0.918,0.383,0.666,0.767,0.65,0.717
203,3,0.634,0.766,1.0,0.716,0.716,0.534,0.3,0.484
204,,0.584,0.716,0.95,0.666,0.666,0.484,0.25,0.434
205,,0.534,0.666,0.9,0.616,0.616,0.434,0.2,0.384
206,,0.484,0.616,0.85,0.566,0.566,0.384,0.15,0.334
207,,0.434,0.566,0.8,0.516,0.516,0.334,0.1,0.284
208,,0.384,0.516,0.75,0.466,0.466,0.284,0.05,0.234
209,,0.334,0.466,0.7,0.416,0.416,0.234,0.0,0.184
210,,0.284,0.416,0.65,0.366,0.366,0.184,-0.05,0.134
211,7,0.334,0.183,0.3,0.133,0.416,0.517,0.95,0.467
212,7,0.384,-0.05,-0.05,-0.1,0.466,0.85,1.0,0.8
213,4,0.151,0.0,0.283,0.9,0.799,0.9,0.767,0.45
214,4,-0.082,0.05,0.616,1.0,1.0,0.95,0.534,0.1
215,1,0.918,0.383,0.666,0.767,0.65,0.717,0.584,0.433
216,1,1.0,0.716,0.716,0.534,0.3,0.484,0.634,0.766
217,,0.95,0.666,0.666,0.484,0.25,0.434,0.584,0.716
218,,0.9,0.616,0.616,0.434,0.2,0.384,0.534,0.666
219,,0.85,0.566,0.566,0.384,0.15,0.334,0.484,0.616
220,,0.8,0.516,0.516,0.334,0.1,0.284,0.434,0.566
221,,0.75,0.466,0.466,0.284,0.05,0.234,0.384,0.516
222,,0.7,0.416,0.416,0.234,0.0,0.184,0.334,0.466
223,,0.65,0.366,0.366,0.184,-0.05,0.134,0.284,0.416
224,5,0.3,0.133,0.416,0.517,0.95,0.467,0.334,0.183
225,5,-0.05,-0.1,0.466,0.85,1.0,0.8,0.384,-0.05
226,2,0.283,0.9,0.799,0.9,0.767,0.45,0.151,0.0
227,2,0.616,1.0,1.0,0.95,0.534,0.1,-0.082,0.05
228,7,0.666,0.767,0.65,0.717,0.584,0.433,0.918,0.383
229,7,0.716,0.534,0.3,0.484,0.634,0.766,1.0,0.716
230,,0.666,0.484,0.25,0.434,0.584,0.716,0.95,0.666
231,,0.616,0.434,0.2,0.384,0.534,0.666,0.9,0.616
232,,0.566,0.384,0.15,0.334,0.484,0.616,0.85,0.566
233,,0.516,0.334,0.1,0.284,0.434,0.566,0.8,0.516
234,,0.466,0.284,0.05,0.234,0.384,0.516,0.75,0.466
235,,0.416,0.234,0.0,0.184,0.334,0.466,0.7,0.416
236,,0.366,0.184,-0.05,0.134,0.284,0.416,0.65,0.366
237,3,0.416,0.517,0.95,0.467,0.334,0.183,0.3,0.133
238,3,0.466,0.85,1.0,0.8,0.384,-0.05,-0.05,-0.1
239,8,0.799,0.9,0.767,0.45,0.151,0.0,0.283,0.9
240,8,1.0,0.95,0.534,0.1,-0.082,0.05,0.616,1.0
241,5,0.65,0.717,0.584,0.433,0.918,0.383,0.666,0.767
242,5,0.3,0.484,0.634,0.766,1.0,0.716,0.716,0.534
243,,0.25,0.434,0.584,0.716,0.95,0.666,0.666,0.484
244,,0.2,0.384,0.534,0.666,0.9,0.616,0.616,0.434
245,,0.15,0.334,0.484,0.616,0.85,0.566,0.566,0.384
246,,0.1,0.284,0.434,0.566,0.8,0.516,0.516,0.334
247,,0.05,0.234,0.384,0.516,0.75,0.466,0.466,0.284
248,,0.0,0.184,0.334,0.466,0.7,0.416,0.416,0.234
249,,-0.05,0.134,0.284,0.416,0.65,0.366,0.366,0.184
250,1,0.95,0.467,0.334,0.183,0.3,0.133,0.416,0.517
251,1,1.0,0.8,0.384,-0.05,-0.05,-0.1,0.466,0.85
252,6,0.767,0.45,0.151,0.0,0.283,0.9,0.799,0.9
253,6,0.534,0.1,-0.082,0.05,0.616,1.0,1.0,0.95
254,3,0.584,0.433,0.918,0.383,0.666,0.767,0.65,0.717
255,3,0.634,0.766,1.0,0.716,0.716,0.534,0.3,0.484
256,,0.584,0.716,0.95,0.666,0.666,0.484,0.25,0.434
257,,0.534,0.666,0.9,0.616,0.616,0.434,0.2,0.384
258,,0.484,0.616,0.85,0.566,0.566,0.384,0.15,0.334
259,,0.434,0.566,0.8,0.516,0.516,0.334,0.1,0.284
260,,0.384,0.516,0.75,0.466,0.466,0.284,0.05,0.234
261,,0.334,0.466,0.7,0.416,0.416,0.234,0.0,0.184
262,,0.284,0.416,0.65,0.366,0.366,0.184,-0.05,0.134
263,7,0.334,0.183,0.3,0.133,0.416,0.517,0.95,0.467
264,7,0.384,-0.05,-0.05,-0.1,0.466,0.85,1.0,0.8
265,4,0.151,0.0,0.283,0.9,0.799,0.9,0.767,0.45
266,4,-0.082,0.05,0.616,1.0,1.0,0.95,0.534,0.1
267,1,0.918,0.383,0.666,0.767,0.65,0.717,0.584,0.433
268,1,1.0,0.716,0.716,0.534,0.3,0.484,0.634,0.766
269,,0.95,0.666,0.666,0.484,0.25,0.434,0.584,0.716
270,,0.9,0.616,0.616,0.434,0.2,0.384,0.534,0.666
271,,0.85,0.566,0.566,0.384,0.15,0.334,0.484,0.616
272,,0.8,0.516,0.516,0.334,0.1,0.284,0.434,0.566
273,,0.75,0.466,0.466,0.284,0.05,0.234,0.384,0.516
274,,0.7,0.416,0.416,0.234,0.0,0.184,0.334,0.466
275,,0.65,0.366,0.366,0.184,-0.05,0.134,0.284,0.416
276,5,0.3,0.133,0.416,0.517,0.95,0.467,0.334,0.183
277,5,-0.05,-0.1,0.466,0.85,1.0,0.8,0.384,-0.05
278,2,0.283,0.9,0.799,0.9,0.767,0.45,0.151,0.0
279,2,0.616,1.0,1.0,0.95,0.534,0.1,-0.082,0.05
280,7,0.666,0.767,0.65,0.717,0.584,0.433,0.918,0.383
281,7,0.716,0.534,0.3,0.484,0.634,0.766,1.0,0.716
282,,0.666,0.484,0.25,0.434,0.584,0.716,0.95,0.666
283,,0.616,0.434,0.2,0.384,0.534,0.666,0.9,0.616
284,,0.566,0.384,0.15,0.334,0.484,0.616,0.85,0.566
285,,0.516,0.334,0.1,0.284,0.434,0.566,0.8,0.516
286,,0.466,0.284,0.05,0.234,0.384,0.516,0.75,0.466
287,,0.416,0.234,0.0,0.184,0.334,0.466,0.7,0.416
288,,0.366,0.184,-0.05,0.134,0.284,0.416,0.65,0.366
289,3,0.416,0.517,0.95,0.467,0.334,0.183,0.3,0.133
290,3,0.466,0.85,1.0,0.8,0.384,-0.05,-0.05,-0.1
291,8,0.799,0.9,0.767,0.45,0.151,0.0,0.283,0.9
292,8,1.0,0.95,0.534,0.1,-0.082,0.05,0.616,1.0
293,5,0.65,0.717,0.584,0.433,0.918,0.383,0.666,0.767
294,5,0.3,0.484,0.634,0.766,1.0,0.716,0.716,0.534
295,,0.25,0.434,0.584,0.716,0.95,0.666,0.666,0.484
296,,0.2,0.384,0.534,0.666,0.9,0.616,0.616,0.434
297,,0.15,0.334,0.484,0.616,0.85,0.566,0.566,0.384
298,,0.1,0.284,0.434,0.566,0.8,0.516,0.516,0.334
299,,0.05,0.234,0.384,0.516,0.75,0.466,0.466,0.284
300,,0.0,0.184,0.334,0.466,0.7,0.416,0.416,0.234
301,,-0.05,0.134,0.284,0.416,0.65,0.366,0.366,0.184
302,1,0.95,0.467,0.334,0.183,0.3,0.133,0.416,0.517
303,1,1.0,0.8,0.384,-0.05,-0.05,-0.1,0.466,0.85
304,6,0.767,0.45,0.151,0.0,0.283,0.9,0.799,0.9
305,6,0.534,0.1,-0.082,0.05,0.616,1.0,1.0,0.95
306,3,0.584,0.433,0.918,0.383,0.666,0.767,0.65,0.717
307,3,0.634,0.766,1.0,0.716,0.716,0.534,0.3,0.484
308,,0.584,0.716,0.95,0.666,0.666,0.484,0.25,0.434
309,,0.534,0.666,0.9,0.616,0.616,0.434,0.2,0.384
310,,0.484,0.616,0.85,0.566,0.566,0.384,0.15,0.334
311,,0.434,0.566,0.8,0.516,0.516,0.334,0.1,0.284
312,,0.384,0.516,0.75,0.466,0.466,0.284,0.05,0.234
313,,0.334,0.466,0.7,0.416,0.416,0.234,0.0,0.184
314,,0.284,0.416,0.65,0.366,0.366,0.184,-0.05,0.134
315,7,0.334,0.183,0.3,0.133,0.416,0.517,0.95,0.467
316,7,0.384,-0.05,-0.05,-0.1,0.466,0.85,1.0,0.8
317,4,0.151,0.0,0.283,0.9,0.799,0.9,0.767,0.45
318,4,-0.082,0.05,0.616,1.0,1.0,0.95,0.534,0.1
319,1,0.918,0.383,0.666,0.767,0.65,0.717,0.584,0.433
320,1,1.0,0.716,0.716,0.534,0.3,0.484,0.634,0.766
321,,0.95,0.666,0.666,0.484,0.25,0.434,0.584,0.716
322,,0.9,0.616,0.616,0.434,0.2,0.384,0.534,0.666
323,,0.85,0.566,0.566,0.384,0.15,0.334,0.484,0.616
324,,0.8,0.516,0.516,0.334,0.1,0.284,0.434,0.566
325,,0.75,0.466,0.466,0.284,0.05,0.234,0.384,0.516
326,,0.7,0.416,0.416,0.234,0.0,0.184,0.334,0.466
327,,0.65,0.366,0.366,0.184,-0.05,0.134,0.284,0.416
328,5,0.3,0.133,0.416,0.517,0.95,0.467,0.334,0.183
329,5,-0.05,-0.1,0.466,0.85,1.0,0.8,0.384,-0.05
330,2,0.283,0.9,0.799,0.9,0.767,0.45,0.151,0.0
331,2,0.616,1.0,1.0,0.95,0.534,0.1,-0.082,0.05
332,7,0.666,0.767,0.65,0.717,0.584,0.433,0.918,0.383
333,7,0.716,0.534,0.3,0.484,0.634,0.766,1.0,0.716
334,,0.666,0.484,0.25,0.434,0.584,0.716,0.95,0.666
335,,0.616,0.434,0.2,0.384,0.534,0.666,0.9,0.616
336,,0.566,0.384,0.15,0.334,0.484,0.616,0.85,0.566
337,,0.516,0.334,0.1,0.284,0.434,0.566,0.8,0.516
338,,0.466,0.284,0.05,0.234,0.384,0.516,0.75,0.466
339,,0.416,0.234,0.0,0.184,0.334,0.466,0.7,0.416
340,,0.366,0.184,-0.05,0.134,0.284,0.416,0.65,0.366
341,3,0.416,0.517,0.95,0.467,0.334,0.183,0.3,0.133
342,3,0.466,0.85,1.0,0.8,0.384,-0.05,-0.05,-0.1
343,8,0.799,0.9,0.767,0.45,0.151,0.0,0.283,0.9
344,8,1.0,0.95,0.534,0.1,-0.082,0.05,0.616,1.0
345,5,0.65,0.717,0.584,0.433,0.918,0.383,0.666,0.767
346,5,0.3,0.484,0.634,0.766,1.0,0.716,0.716,0.534
347,,0.25,0.434,0.584,0.716,0.95,0.666,0.666,0.484
348,,0.2,0.384,0.534,0.666,0.9,0.616,0.616,0.434
349,,0.15,0.334,0.484,0.616,0.85,0.566,0.566,0.384
350,,0.1,0.284,0.434,0.566,0.8,0.516,0.516,0.334
351,,0.05,0.234,0.384,0.516,0.75,0.466,0.466,0.284
352,,0.0,0.184,0.334,0.466,0.7,0.416,0.416,0.234
353,,-0.05,0.134,0.284,0.416,0.65,0.366,0.366,0.184
354,1,0.95,0.467,0.334,0.183,0.3,0.133,0.416,0.517
355,1,1.0,0.8,0.384,-0.05,-0.05,-0.1,0.466,0.85
356,6,0.767,0.45,0.151,0.0,0.283,0.9,0.799,0.9
357,6,0.534,0.1,-0.082,0.05,0.616,1.0,1.0,0.95
358,3,0.584,0.433,0.918,0.383,0.666,0.767,0.65,0.717
359,3,0.634,0.766,1.0,0.716,0.716,0.534,0.3,0.484
360,,0.584,0.716,0.95,0.666,0.666,0.484,0.25,0.434
361,,0.534,0.666,0.9,0.616,0.616,0.434,0.2,0.384
362,,0.484,0.616,0.85,0.566,0.566,0.384,0.15,0.334
363,,0.434,0.566,0.8,0.516,0.516,0.334,0.1,0.284
364,,0.384,0.516,0.75,0.466,0.466,0.284,0.05,0.234
365,,0.334,0.466,0.7,0.416,0.416,0.234,0.0,0.184
366,,0.284,0.416,0.65,0.366,0.366,0.184,-0.05,0.134
367,7,0.334,0.183,0.3,0.133,0.416,0.517,0.95,0.467
368,7,0.384,-0.05,-0.05,-0.1,0.466,0.85,1.0,0.8
369,4,0.151,0.0,0.283,0.9,0.799,0.9,0.767,0.45
370,4,-0.082,0.05,0.616,1.0,1.0,0.95,0.534,0.1
371,1,0.918,0.383,0.666,0.767,0.65,0.717,0.584,0.433
372,1,1.0,0.716,0.716,0.534,0.3,0.484,0.634,0.766
373,,0.95,0.666,0.666,0.484,0.25,0.434,0.584,0.716
374,,0.9,0.616,0.616,0.434,0.2,0.384,0.534,0.666
375,,0.85,0.566,0.566,0.384,0.15,0.334,0.484,0.616
376,,0.8,0.516,0.516,0.334,0.1,0.284,0.434,0.566
377,,0.75,0.466,0.466,0.284,0.05,0.234,0.384,0.516
378,,0.7,0.416,0.416,0.234,0.0,0.184,0.334,0.466
379,,0.65,0.366,0.366,0.184,-0.05,0.134,0.284,0.416
380,5,0.3,0.133,0.416,0.517,0.95,0.467,0.334,0.183
381,5,-0.05,-0.1,0.466,0.85,1.0,0.8,0.384,-0.05
382,2,0.283,0.9,0.799,0.9,0.767,0.45,0.151,0.0
383,2,0.616,1.0,1.0,0.95,0.534,0.1,-0.082,0.05
384,7,0.666,0.767,0.65,0.717,0.584,0.433,0.918,0.383
385,7,0.716,0.534,0.3,0.484,0.634,0.766,1.0,0.716
386,,0.666,0.484,0.25,0.434,0.584,0.716,0.95,0.666
387,,0.616,0.434,0.2,0.384,0.534,0.666,0.9,0.616
388,,0.566,0.384,0.15,0.334,0.484,0.616,0.85,0.566
389,,0.516,0.334,0.1,0.284,0.434,0.566,0.8,0.516
390,,0.466,0.284,0.05,0.234,0.384,0.516,0.75,0.466
391,,0.416,0.234,0.0,0.184,0.334,0.466,0.7,0.416
392,,0.366,0.184,-0.05,0.134,0.284,0.416,0.65,0.366
393,3,0.416,0.517,0.95,0.467,0.334,0.183,0.3,0.133
394,3,0.466,0.85,1.0,0.8,0.384,-0.05,-0.05,-0.1
395,8,0.799,0.9,0.767,0.45,0.151,0.0,0.283,0.9
396,8,1.0,0.95,0.534,0.1,-0.082,0.05,0.616,1.0
397,5,0.65,0.717,0.584,0.433,0.918,0.383,0.666,0.767
398,5,0.3,0.484,0.634,0.766,1.0,0.716,0.716,0.534
399,,0.25,0.434,0.584,0.716,0.95,0.666,0.666,0.484
400,,0.2,0.384,0.534,0.666,0.9,0.616,0.616,0.434
401,,0.15,0.334,0.484,0.616,0.85,0.566,0.566,0.384
402,,0.1,0.284,0.434,0.566,0.8,0.516,0.516,0.334
403,,0.05,0.234,0.384,0.516,0.75,0.466,0.466,0.284
404,,0.0,0.184,0.334,0.466,0.7,0.416,0.416,0.234
405,,-0.05,0.134,0.284,0.416,0.65,0.366,0.366,0.184
406,1,0.95,0.467,0.334,0.183,0.3,0.133,0.416,0.517
407,1,1.0,0.8,0.384,-0.05,-0.05,-0.1,0.466,0.85
408,6,0.767,0.45,0.151,0.0,0.283,0.9,0.799,0.9
409,6,0.534,0.1,-0.082,0.05,0.616,1.0,1.0,0.95
410,3,0.584,0.433,0.918,0.383,0.666,0.767,0.65,0.717
411,3,0.634,0.766,1.0,0.716,0.716,0.534,0.3,0.484
412,,0.584,0.716,0.95,0.666,0.666,0.484,0.25,0.434
413,,0.534,0.666,0.9,0.616,0.616,0.434,0.2,0.384
414,,0.484,0.616,0.85,0.566,0.566,0.384,0.15,0.334
415,,0.434,0.566,0.8,0.516,0.516,0.334,0.1,0.284
416,,0.384,0.516,0.75,0.466,0.466,0.284,0.05,0.234
417,,0.334,0.466,0.7,0.416,0.416,0.234,0.0,0.184
418,,0.284,0.416,0.65,0.366,0.366,0.184,-0.05,0.134
419,7,0.334,0.183,0.3,0.133,0.416,0.517,0.95,0.467
420,7,0.384,-0.05,-0.05,-0.1,0.466,0.85,1.0,0.8
421,4,0.151,0.0,0.283,0.9,0.799,0.9,0.767,0.45
422,4,-0.082,0.05,0.616,1.0,1.0,0.95,0.534,0.1
423,1,0.918,0.383,0.666,0.767,0.65,0.717,0.584,0.433
424,1,1.0,0.716,0.716,0.534,0.3,0.484,0.634,0.766
425,,0.95,0.666,0.666,0.484,0.25,0.434,0.584,0.716
426,,0.9,0.616,0.616,0.434,0.2,0.384,0.534,0.666
427,,0.85,0.566,0.566,0.384,0.15,0.334,0.484,0.616
428,,0.8,0.516,0.516,0.334,0.1,0.284,0.434,0.566
429,,0.75,0.466,0.466,0.284,0.05,0.234,0.384,0.516
430,,0.7,0.416,0.416,0.234,0.0,0.184,0.334,0.466
431,,0.65,0.366,0.366,0.184,-0.05,0.134,0.284,0.416
432,5,0.3,0.133,0.416,0.517,0.95,0.467,0.334,0.183
433,5,-0.05,-0.1,0.466,0.85,1.0,0.8,0.384,-0.05
434,2,0.283,0.9,0.799,0.9,0.767,0.45,0.151,0.0
435,2,0.616,1.0,1.0,0.95,0.534,0.1,-0.082,0.05
436,7,0.666,0.767,0.65,0.717,0.584,0.433,0.918,0.383
437,7,0.716,0.534,0.3,0.484,0.634,0.766,1.0,0.716
438,,0.666,0.484,0.25,0.434,0.584,0.716,0.95,0.666
439,,0.616,0.434,0.2,0.384,0.534,0.666,0.9,0.616
440,,0.566,0.384,0.15,0.334,0.484,0.616,0.85,0.566
441,,0.516,0.334,0.1,0.284,0.434,0.566,0.8,0.516
442,,0.466,0.284,0.05,0.234,0.384,0.516,0.75,0.466
443,,0.416,0.234,0.0,0.184,0.334,0.466,0.7,0.416
444,,0.366,0.184,-0.05,0.134,0.284,0.416,0.65,0.366
445,3,0.416,0.517,0.95,0.467,0.334,0.183,0.3,0.133
446,3,0.466,0.85,1.0,0.8,0.384,-0.05,-0.05,-0.1
447,8,0.799,0.9,0.767,0.45,0.151,0.0,0.283,0.9
448,8,1.0,0.95,0.534,0.1,-0.082,0.05,0.616,1.0
449,5,0.65,0.717,0.584,0.433,0.918,0.383,0.666,0.767
450,5,0.3,0.484,0.634,0.766,1.0,0.716,0.716,0.534
451,,0.25,0.434,0.584,0.716,0.95,0.666,0.666,0.484
452,,0.2,0.384,0.534,0.666,0.9,0.616,0.616,0.434
453,,0.15,0.334,0.484,0.616,0.85,0.566,0.566,0.384
454,,0.1,0.284,0.434,0.566,0.8,0.516,0.516,0.334
455,,0.05,0.234,0.384,0.516,0.75,0.466,0.466,0.284
456,,0.0,0.184,0.334,0.466,0.7,0.416,0.416,0.234
457,,-0.05,0.134,0.284,0.416,0.65,0.366,0.366,0.184
458,1,0.95,0.467,0.334,0.183,0.3,0.133,0.416,0.517
459,1,1.0,0.8,0.384,-0.05,-0.05,-0.1,0.466,0.85
460,6,0.767,0.45,0.151,0.0,0.283,0.9,0.799,0.9
461,6,0.534,0.1,-0.082,0.05,0.616,1.0,1.0,0.95
462,3,0.584,0.433,0.918,0.383,0.666,0.767,0.65,0.717
463,3,0.634,0.766,1.0,0.716,0.716,0.534,0.3,0.484
464,,0.584,0.716,0.95,0.666,0.666,0.484,0.25,0.434
465,,0.534,0.666,0.9,0.616,0.616,0.434,0.2,0.384
466,,0.484,0.616,0.85,0.566,0.566,0.384,0.15,0.334
467,,0.434,0.566,0.8,0.516,0.516,0.334,0.1,0.284
468,,0.384,0.516,0.75,0.466,0.466,0.284,0.05,0.234
469,,0.334,0.466,0.7,0.416,0.416,0.234,0.0,0.184
470,,0.284,0.416,0.65,0.366,0.366,0.184,-0.05,0.134
471,7,0.334,0.183,0.3,0.133,0.416,0.517,0.95,0.467
472,7,0.384,-0.05,-0.05,-0.1,0.466,0.85,1.0,0.8
473,4,0.151,0.0,0.283,0.9,0.799,0.9,0.767,0.45
474,4,-0.082,0.05,0.616,1.0,1.0,0.95,0.534,0.1
475,1,0.918,0.383,0.666,0.767,0.65,0.717,0.584,0.433
476,1,1.0,0.716,0.716,0.534,0.3,0.484,0.634,0.766
477,,0.95,0.666,0.666,0.484,0.25,0.434,0.584,0.716
478,,0.9,0.616,0.616,0.434,0.2,0.384,0.534,0.666
479,,0.85,0.566,0.566,0.384,0.15,0.334,0.484,0.616
480,,0.8,0.516,0.516,0.334,0.1,0.284,0.434,0.566
481,,0.75,0.466,0.466,0.284,0.05,0.234,0.384,0.516
482,,0.7,0.416,0.416,0.234,0.0,0.184,0.334,0.466
483,,0.65,0.366,0.366,0.184,-0.05,0.134,0.284,0.416
484,5,0.3,0.133,0.416,0.517,0.95,0.467,0.334,0.183
485,5,-0.05,-0.1,0.466,0.85,1.0,0.8,0.384,-0.05
486,2,0.283,0.9,0.799,0.9,0.767,0.45,0.151,0.0
487,2,0.616,1.0,1.0,0.95,0.534,0.1,-0.082,0.05
488,7,0.666,0.767,0.65,0.717,0.584,0.433,0.918,0.383
489,7,0.716,0.534,0.3,0.484,0.634,0.766,1.0,0.716
490,,0.666,0.484,0.25,0.434,0.584,0.716,0.95,0.666
491,,0.616,0.434,0.2,0.384,0.534,0.666,0.9,0.616
492,,0.566,0.384,0.15,0.334,0.484,0.616,0.85,0.566
493,,0.516,0.334,0.1,0.284,0.434,0.566,0.8,0.516
494,,0.466,0.284,0.05,0.234,0.384,0.516,0.75,0.466
495,,0.416,0.234,0.0,0.184,0.334,0.466,0.7,0.416
496,,0.366,0.184,-0.05,0.134,0.284,0.416,0.65,0.366
497,3,0.416,0.517,0.95,0.467,0.334,0.183,0.3,0.133
498,3,0.466,0.85,1.0,0.8,0.384,-0.05,-0.05,-0.1
499,8,0.799,0.9,0.767,0.45,0.151,0.0,0.283,0.9
