step,active_motive,motive_1,motive_2,motive_3,motive_4,motive_5,motive_6,motive_7,motive_8
0,,0.84891,0.72173,0.23598,0.25607,0.04043,0.71066,0.11089,0.43934
1,,0.79891,0.67173,0.18598,0.20607,-0.00957,0.66066,0.06089,0.38934
2,5,0.44891,0.43873,0.23598,0.53907,0.99043,0.99366,0.11089,0.15634
3,5,0.09891,0.20573,0.28598,0.87207,1.0,1.0,0.16089,-0.07666
4,8,0.43191,0.25573,0.05298,0.52207,0.767,1.0,0.49389,0.92334
5,8,0.76491,0.30573,-0.18002,0.17207,0.534,1.0,0.82689,1.0
6,3,0.81491,0.63873,0.81998,0.50507,0.584,0.767,0.47689,0.767
7,3,0.86491,0.97173,1.0,0.83807,0.634,0.534,0.12689,0.534
8,,0.81491,0.92173,0.95,0.78807,0.584,0.484,0.07689,0.484
9,,0.76491,0.87173,0.9,0.73807,0.534,0.434,0.02689,0.434
10,,0.71491,0.82173,0.85,0.68807,0.484,0.384,-0.02311,0.384
11,7,0.76491,0.58873,0.5,0.45507,0.534,0.717,0.97689,0.717
12,7,0.81491,0.35573,0.15,0.22207,0.584,1.0,1.0,1.0
13,,0.76491,0.30573,0.1,0.17207,0.534,0.95,0.95,0.95
14,,0.71491,0.25573,0.05,0.12207,0.484,0.9,0.9,0.9
15,,0.66491,0.20573,0.0,0.07207,0.434,0.85,0.85,0.85
16,,0.61491,0.15573,-0.05,0.02207,0.384,0.8,0.8,0.8
17,3,0.66491,0.48873,0.95,0.35507,0.434,0.567,0.45,0.567
18,3,0.71491,0.82173,1.0,0.68807,0.484,0.334,0.1,0.334
19,,0.66491,0.77173,0.95,0.63807,0.434,0.284,0.05,0.284
20,,0.61491,0.72173,0.9,0.58807,0.384,0.234,0.0,0.234
21,,0.56491,0.67173,0.85,0.53807,0.334,0.184,-0.05,0.184
22,7,0.61491,0.43873,0.5,0.30507,0.384,0.517,0.95,0.517
23,7,0.66491,0.20573,0.15,0.07207,0.434,0.85,1.0,0.85
24,,0.61491,0.15573,0.1,0.02207,0.384,0.8,0.95,0.8
25,,0.56491,0.10573,0.05,-0.02793,0.334,0.75,0.9,0.75
26,4,0.33191,0.15573,0.383,0.97207,0.667,0.8,0.667,0.4
27,4,0.09891,0.20573,0.716,1.0,1.0,0.85,0.434,0.05
28,,0.04891,0.15573,0.666,0.95,0.95,0.8,0.384,0.0
29,,-0.00109,0.10573,0.616,0.9,0.9,0.75,0.334,-0.05
30,8,0.33191,0.15573,0.383,0.55,0.667,0.8,0.667,0.95
31,8,0.66491,0.20573,0.15,0.2,0.434,0.85,1.0,1.0
32,,0.61491,0.15573,0.1,0.15,0.384,0.8,0.95,0.95
33,,0.56491,0.10573,0.05,0.1,0.334,0.75,0.9,0.9
34,,0.51491,0.05573,0.0,0.05,0.284,0.7,0.85,0.85
35,,0.46491,0.00573,-0.05,0.0,0.234,0.65,0.8,0.8
36,3,0.51491,0.33873,0.95,0.333,0.284,0.417,0.45,0.567
37,3,0.56491,0.67173,1.0,0.666,0.334,0.184,0.1,0.334
38,,0.51491,0.62173,0.95,0.616,0.284,0.134,0.05,0.284
39,,0.46491,0.57173,0.9,0.566,0.234,0.084,0.0,0.234
40,,0.41491,0.52173,0.85,0.516,0.184,0.034,-0.05,0.184
41,7,0.46491,0.28873,0.5,0.283,0.234,0.367,0.95,0.517
42,7,0.51491,0.05573,0.15,0.05,0.284,0.7,1.0,0.85
43,,0.46491,0.00573,0.1,0.0,0.234,0.65,0.95,0.8
44,,0.41491,-0.04427,0.05,-0.05,0.184,0.6,0.9,0.75
45,4,0.18191,0.00573,0.383,0.95,0.517,0.65,0.667,0.4
46,4,-0.05109,0.05573,0.716,1.0,0.85,0.7,0.434,0.05
47,1,0.94891,0.38873,0.766,0.767,0.5,0.467,0.484,0.383
48,1,1.0,0.72173,0.816,0.534,0.15,0.234,0.534,0.716
49,,0.95,0.67173,0.766,0.484,0.1,0.184,0.484,0.666
50,,0.9,0.62173,0.716,0.434,0.05,0.134,0.434,0.616
51,,0.85,0.57173,0.666,0.384,0.0,0.084,0.384,0.566
52,,0.8,0.52173,0.616,0.334,-0.05,0.034,0.334,0.516
53,5,0.45,0.28873,0.666,0.667,0.95,0.367,0.384,0.283
54,5,0.1,0.05573,0.716,1.0,1.0,0.7,0.434,0.05
55,,0.05,0.00573,0.666,0.95,0.95,0.65,0.384,0.0
56,,0.0,-0.04427,0.616,0.9,0.9,0.6,0.334,-0.05
57,8,0.333,0.00573,0.383,0.55,0.667,0.65,0.667,0.95
58,8,0.666,0.05573,0.15,0.2,0.434,0.7,1.0,1.0
59,,0.616,0.00573,0.1,0.15,0.384,0.65,0.95,0.95
60,,0.566,-0.04427,0.05,0.1,0.334,0.6,0.9,0.9
61,2,0.899,0.95573,0.383,0.15,0.101,0.25,0.667,0.95
62,2,1.0,1.0,0.716,0.2,-0.132,-0.1,0.434,1.0
63,5,0.65,0.767,0.766,0.533,0.868,0.233,0.484,0.767
64,5,0.3,0.534,0.816,0.866,1.0,0.566,0.534,0.534
65,,0.25,0.484,0.766,0.816,0.95,0.516,0.484,0.484
66,,0.2,0.434,0.716,0.766,0.9,0.466,0.434,0.434
67,,0.15,0.384,0.666,0.716,0.85,0.416,0.384,0.384
68,,0.1,0.334,0.616,0.666,0.8,0.366,0.334,0.334
69,,0.05,0.284,0.566,0.616,0.75,0.316,0.284,0.284
70,,0.0,0.234,0.516,0.566,0.7,0.266,0.234,0.234
71,,-0.05,0.184,0.466,0.516,0.65,0.216,0.184,0.184
72,1,0.95,0.517,0.516,0.283,0.3,-0.017,0.234,0.517
73,1,1.0,0.85,0.566,0.05,-0.05,-0.25,0.284,0.85
74,6,0.767,0.5,0.333,0.1,0.283,0.75,0.617,0.9
75,6,0.534,0.15,0.1,0.15,0.616,1.0,0.95,0.95
76,,0.484,0.1,0.05,0.1,0.566,0.95,0.9,0.9
77,,0.434,0.05,0.0,0.05,0.516,0.9,0.85,0.85
78,,0.384,0.0,-0.05,0.0,0.466,0.85,0.8,0.8
79,3,0.434,0.333,0.95,0.333,0.516,0.617,0.45,0.567
80,3,0.484,0.666,1.0,0.666,0.566,0.384,0.1,0.334
81,,0.434,0.616,0.95,0.616,0.516,0.334,0.05,0.284
82,,0.384,0.566,0.9,0.566,0.466,0.284,0.0,0.234
83,,0.334,0.516,0.85,0.516,0.416,0.234,-0.05,0.184
84,7,0.384,0.283,0.5,0.283,0.466,0.567,0.95,0.517
85,7,0.434,0.05,0.15,0.05,0.516,0.9,1.0,0.85
86,,0.384,0.0,0.1,0.0,0.466,0.85,0.95,0.8
87,,0.334,-0.05,0.05,-0.05,0.416,0.8,0.9,0.75
88,2,0.667,0.95,0.383,0.0,0.183,0.45,0.667,0.8
89,2,1.0,1.0,0.716,0.05,-0.05,0.1,0.434,0.85
90,5,0.65,0.767,0.766,0.383,0.95,0.433,0.484,0.617
91,5,0.3,0.534,0.816,0.716,1.0,0.766,0.534,0.384
92,,0.25,0.484,0.766,0.666,0.95,0.716,0.484,0.334
93,,0.2,0.434,0.716,0.616,0.9,0.666,0.434,0.284
94,,0.15,0.384,0.666,0.566,0.85,0.616,0.384,0.234
95,,0.1,0.334,0.616,0.516,0.8,0.566,0.334,0.184
96,,0.05,0.284,0.566,0.466,0.75,0.516,0.284,0.134
97,,0.0,0.234,0.516,0.416,0.7,0.466,0.234,0.084
98,,-0.05,0.184,0.466,0.366,0.65,0.416,0.184,0.034
99,1,0.95,0.517,0.516,0.133,0.3,0.183,0.234,0.367
100,1,1.0,0.85,0.566,-0.1,-0.05,-0.05,0.284,0.7
101,4,0.767,0.9,0.899,0.9,0.283,0.0,0.051,0.35
102,4,0.534,0.95,1.0,1.0,0.616,0.05,-0.182,-0.0
103,7,0.584,0.717,0.65,0.767,0.666,0.383,0.818,0.333
104,7,0.634,0.484,0.3,0.534,0.716,0.716,1.0,0.666
105,,0.584,0.434,0.25,0.484,0.666,0.666,0.95,0.616
106,,0.534,0.384,0.2,0.434,0.616,0.616,0.9,0.566
107,,0.484,0.334,0.15,0.384,0.566,0.566,0.85,0.516
108,,0.434,0.284,0.1,0.334,0.516,0.516,0.8,0.466
109,,0.384,0.234,0.05,0.284,0.466,0.466,0.75,0.416
110,,0.334,0.184,0.0,0.234,0.416,0.416,0.7,0.366
111,,0.284,0.134,-0.05,0.184,0.366,0.366,0.65,0.316
112,3,0.334,0.467,0.95,0.517,0.416,0.133,0.3,0.083
113,3,0.384,0.8,1.0,0.85,0.466,-0.1,-0.05,-0.15
114,8,0.717,0.85,0.767,0.5,0.233,-0.05,0.283,0.85
115,8,1.0,0.9,0.534,0.15,0.0,0.0,0.616,1.0
116,,0.95,0.85,0.484,0.1,-0.05,-0.05,0.566,0.95
117,5,0.6,0.617,0.534,0.433,0.95,0.283,0.616,0.717
118,5,0.25,0.384,0.584,0.766,1.0,0.616,0.666,0.484
119,,0.2,0.334,0.534,0.716,0.95,0.566,0.616,0.434
120,,0.15,0.284,0.484,0.666,0.9,0.516,0.566,0.384
121,,0.1,0.234,0.434,0.616,0.85,0.466,0.516,0.334
122,,0.05,0.184,0.384,0.566,0.8,0.416,0.466,0.284
123,,0.0,0.134,0.334,0.516,0.75,0.366,0.416,0.234
124,,-0.05,0.084,0.284,0.466,0.7,0.316,0.366,0.184
125,1,0.95,0.417,0.334,0.233,0.35,0.083,0.416,0.517
126,1,1.0,0.75,0.384,0.0,-0.0,-0.15,0.466,0.85
127,6,0.767,0.4,0.151,0.05,0.333,0.85,0.799,0.9
128,6,0.534,0.05,-0.082,0.1,0.666,1.0,1.0,0.95
129,3,0.584,0.383,0.918,0.433,0.716,0.767,0.65,0.717
130,3,0.634,0.716,1.0,0.766,0.766,0.534,0.3,0.484
131,,0.584,0.666,0.95,0.716,0.716,0.484,0.25,0.434
132,,0.534,0.616,0.9,0.666,0.666,0.434,0.2,0.384
133,,0.484,0.566,0.85,0.616,0.616,0.384,0.15,0.334
134,,0.434,0.516,0.8,0.566,0.566,0.334,0.1,0.284
135,,0.384,0.466,0.75,0.516,0.516,0.284,0.05,0.234
136,,0.334,0.416,0.7,0.466,0.466,0.234,0.0,0.184
137,,0.284,0.366,0.65,0.416,0.416,0.184,-0.05,0.134
138,7,0.334,0.133,0.3,0.183,0.466,0.517,0.95,0.467
139,7,0.384,-0.1,-0.05,-0.05,0.516,0.85,1.0,0.8
140,2,0.717,0.9,0.283,0.0,0.283,0.5,0.767,0.85
141,2,1.0,1.0,0.616,0.05,0.05,0.15,0.534,0.9
142,,0.95,0.95,0.566,0.0,0.0,0.1,0.484,0.85
143,,0.9,0.9,0.516,-0.05,-0.05,0.05,0.434,0.8
144,5,0.55,0.667,0.566,0.283,0.95,0.383,0.484,0.567
145,5,0.2,0.434,0.616,0.616,1.0,0.716,0.534,0.334
146,,0.15,0.384,0.566,0.566,0.95,0.666,0.484,0.284
147,,0.1,0.334,0.516,0.516,0.9,0.616,0.434,0.234
148,,0.05,0.284,0.466,0.466,0.85,0.566,0.384,0.184
149,,0.0,0.234,0.416,0.416,0.8,0.516,0.334,0.134
150,,-0.05,0.184,0.366,0.366,0.75,0.466,0.284,0.084
151,1,0.95,0.517,0.416,0.133,0.4,0.233,0.334,0.417
152,1,1.0,0.85,0.466,-0.1,0.05,0.0,0.384,0.75
153,4,0.767,0.9,0.799,0.9,0.383,0.05,0.151,0.4
154,4,0.534,0.95,1.0,1.0,0.716,0.1,-0.082,0.05
155,7,0.584,0.717,0.65,0.767,0.766,0.433,0.918,0.383
156,7,0.634,0.484,0.3,0.534,0.816,0.766,1.0,0.716
157,,0.584,0.434,0.25,0.484,0.766,0.716,0.95,0.666
158,,0.534,0.384,0.2,0.434,0.716,0.666,0.9,0.616
159,,0.484,0.334,0.15,0.384,0.666,0.616,0.85,0.566
160,,0.434,0.284,0.1,0.334,0.616,0.566,0.8,0.516
161,,0.384,0.234,0.05,0.284,0.566,0.516,0.75,0.466
162,,0.334,0.184,0.0,0.234,0.516,0.466,0.7,0.416
163,,0.284,0.134,-0.05,0.184,0.466,0.416,0.65,0.366
164,3,0.334,0.467,0.95,0.517,0.516,0.183,0.3,0.133
165,3,0.384,0.8,1.0,0.85,0.566,-0.05,-0.05,-0.1
166,8,0.717,0.85,0.767,0.5,0.333,0.0,0.283,0.9
167,8,1.0,0.9,0.534,0.15,0.1,0.05,0.616,1.0
168,,0.95,0.85,0.484,0.1,0.05,0.0,0.566,0.95
169,,0.9,0.8,0.434,0.05,0.0,-0.05,0.516,0.9
170,6,0.667,0.45,0.201,0.1,0.333,0.95,0.849,0.95
171,6,0.434,0.1,-0.032,0.15,0.666,1.0,1.0,1.0
172,3,0.484,0.433,0.968,0.483,0.716,0.767,0.65,0.767
173,3,0.534,0.766,1.0,0.816,0.766,0.534,0.3,0.534
174,,0.484,0.716,0.95,0.766,0.716,0.484,0.25,0.484
175,,0.434,0.666,0.9,0.716,0.666,0.434,0.2,0.434
176,,0.384,0.616,0.85,0.666,0.616,0.384,0.15,0.384
177,,0.334,0.566,0.8,0.616,0.566,0.334,0.1,0.334
178,,0.284,0.516,0.75,0.566,0.516,0.284,0.05,0.284
179,,0.234,0.466,0.7,0.516,0.466,0.234,0.0,0.234
180,,0.184,0.416,0.65,0.466,0.416,0.184,-0.05,0.184
181,7,0.234,0.183,0.3,0.233,0.466,0.517,0.95,0.517
182,7,0.284,-0.05,-0.05,0.0,0.516,0.85,1.0,0.85
183,2,0.617,0.95,0.283,0.05,0.283,0.5,0.767,0.9
184,2,0.95,1.0,0.616,0.1,0.05,0.15,0.534,0.95
185,,0.9,0.95,0.566,0.05,0.0,0.1,0.484,0.9
186,,0.85,0.9,0.516,0.0,-0.05,0.05,0.434,0.85
187,5,0.5,0.667,0.566,0.333,0.95,0.383,0.484,0.617
188,5,0.15,0.434,0.616,0.666,1.0,0.716,0.534,0.384
189,,0.1,0.384,0.566,0.616,0.95,0.666,0.484,0.334
190,,0.05,0.334,0.516,0.566,0.9,0.616,0.434,0.284
191,,0.0,0.284,0.466,0.516,0.85,0.566,0.384,0.234
192,,-0.05,0.234,0.416,0.466,0.8,0.516,0.334,0.184
193,1,0.95,0.567,0.466,0.233,0.45,0.283,0.384,0.517
194,1,1.0,0.9,0.516,0.0,0.1,0.05,0.434,0.85
195,,0.95,0.85,0.466,-0.05,0.05,0.0,0.384,0.8
196,4,0.717,0.9,0.799,0.95,0.383,0.05,0.151,0.45
197,4,0.484,0.95,1.0,1.0,0.716,0.1,-0.082,0.1
198,7,0.534,0.717,0.65,0.767,0.766,0.433,0.918,0.433
199,7,0.584,0.484,0.3,0.534,0.816,0.766,1.0,0.766
200,,0.534,0.434,0.25,0.484,0.766,0.716,0.95,0.716
201,,0.484,0.384,0.2,0.434,0.716,0.666,0.9,0.666
202,,0.434,0.334,0.15,0.384,0.666,0.616,0.85,0.616
203,,0.384,0.284,0.1,0.334,0.616,0.566,0.8,0.566
204,,0.334,0.234,0.05,0.284,0.566,0.516,0.75,0.516
205,,0.284,0.184,0.0,0.234,0.516,0.466,0.7,0.466
206,,0.234,0.134,-0.05,0.184,0.466,0.416,0.65,0.416
207,3,0.284,0.467,0.95,0.517,0.516,0.183,0.3,0.183
208,3,0.334,0.8,1.0,0.85,0.566,-0.05,-0.05,-0.05
209,6,0.101,0.45,0.767,0.9,0.899,0.95,0.283,0.0
210,6,-0.132,0.1,0.534,0.95,1.0,1.0,0.616,0.05
211,1,0.868,0.433,0.584,0.717,0.65,0.767,0.666,0.383
212,1,1.0,0.766,0.634,0.484,0.3,0.534,0.716,0.716
213,,0.95,0.716,0.584,0.434,0.25,0.484,0.666,0.666
214,,0.9,0.666,0.534,0.384,0.2,0.434,0.616,0.616
215,,0.85,0.616,0.484,0.334,0.15,0.384,0.566,0.566
216,,0.8,0.566,0.434,0.284,0.1,0.334,0.516,0.516
217,,0.75,0.516,0.384,0.234,0.05,0.284,0.466,0.466
218,,0.7,0.466,0.334,0.184,0.0,0.234,0.416,0.416
219,,0.65,0.416,0.284,0.134,-0.05,0.184,0.366,0.366
220,5,0.3,0.183,0.334,0.467,0.95,0.517,0.416,0.133
221,5,-0.05,-0.05,0.384,0.8,1.0,0.85,0.466,-0.1
222,8,0.283,0.0,0.151,0.45,0.767,0.9,0.799,0.9
223,8,0.616,0.05,-0.082,0.1,0.534,0.95,1.0,1.0
224,3,0.666,0.383,0.918,0.433,0.584,0.717,0.65,0.767
225,3,0.716,0.716,1.0,0.766,0.634,0.484,0.3,0.534
226,,0.666,0.666,0.95,0.716,0.584,0.434,0.25,0.484
227,,0.616,0.616,0.9,0.666,0.534,0.384,0.2,0.434
228,,0.566,0.566,0.85,0.616,0.484,0.334,0.15,0.384
229,,0.516,0.516,0.8,0.566,0.434,0.284,0.1,0.334
230,,0.466,0.466,0.75,0.516,0.384,0.234,0.05,0.284
231,,0.416,0.416,0.7,0.466,0.334,0.184,0.0,0.234
232,,0.366,0.366,0.65,0.416,0.284,0.134,-0.05,0.184
233,7,0.416,0.133,0.3,0.183,0.334,0.467,0.95,0.517
234,7,0.466,-0.1,-0.05,-0.05,0.384,0.8,1.0,0.85
235,2,0.799,0.9,0.283,0.0,0.151,0.45,0.767,0.9
236,2,1.0,1.0,0.616,0.05,-0.082,0.1,0.534,0.95
237,5,0.65,0.767,0.666,0.383,0.918,0.433,0.584,0.717
238,5,0.3,0.534,0.716,0.716,1.0,0.766,0.634,0.484
239,,0.25,0.484,0.666,0.666,0.95,0.716,0.584,0.434
240,,0.2,0.434,0.616,0.616,0.9,0.666,0.534,0.384
241,,0.15,0.384,0.566,0.566,0.85,0.616,0.484,0.334
242,,0.1,0.334,0.516,0.516,0.8,0.566,0.434,0.284
243,,0.05,0.284,0.466,0.466,0.75,0.516,0.384,0.234
244,,0.0,0.234,0.416,0.416,0.7,0.466,0.334,0.184
245,,-0.05,0.184,0.366,0.366,0.65,0.416,0.284,0.134
246,1,0.95,0.517,0.416,0.133,0.3,0.183,0.334,0.467
247,1,1.0,0.85,0.466,-0.1,-0.05,-0.05,0.384,0.8
248,4,0.767,0.9,0.799,0.9,0.283,0.0,0.151,0.45
249,4,0.534,0.95,1.0,1.0,0.616,0.05,-0.082,0.1
250,7,0.584,0.717,0.65,0.767,0.666,0.383,0.918,0.433
251,7,0.634,0.484,0.3,0.534,0.716,0.716,1.0,0.766
252,,0.584,0.434,0.25,0.484,0.666,0.666,0.95,0.716
253,,0.534,0.384,0.2,0.434,0.616,0.616,0.9,0.666
254,,0.484,0.334,0.15,0.384,0.566,0.566,0.85,0.616
255,,0.434,0.284,0.1,0.334,0.516,0.516,0.8,0.566
256,,0.384,0.234,0.05,0.284,0.466,0.466,0.75,0.516
257,,0.334,0.184,0.0,0.234,0.416,0.416,0.7,0.466
258,,0.284,0.134,-0.05,0.184,0.366,0.366,0.65,0.416
259,3,0.334,0.467,0.95,0.517,0.416,0.133,0.3,0.183
260,3,0.384,0.8,1.0,0.85,0.466,-0.1,-0.05,-0.05
261,6,0.151,0.45,0.767,0.9,0.799,0.9,0.283,0.0
262,6,-0.082,0.1,0.534,0.95,1.0,1.0,0.616,0.05
263,1,0.918,0.433,0.584,0.717,0.65,0.767,0.666,0.383
264,1,1.0,0.766,0.634,0.484,0.3,0.534,0.716,0.716
265,,0.95,0.716,0.584,0.434,0.25,0.484,0.666,0.666
266,,0.9,0.666,0.534,0.384,0.2,0.434,0.616,0.616
267,,0.85,0.616,0.484,0.334,0.15,0.384,0.566,0.566
268,,0.8,0.566,0.434,0.284,0.1,0.334,0.516,0.516
269,,0.75,0.516,0.384,0.234,0.05,0.284,0.466,0.466
270,,0.7,0.466,0.334,0.184,0.0,0.234,0.416,0.416
271,,0.65,0.416,0.284,0.134,-0.05,0.184,0.366,0.366
272,5,0.3,0.183,0.334,0.467,0.95,0.517,0.416,0.133
273,5,-0.05,-0.05,0.384,0.8,1.0,0.85,0.466,-0.1
274,8,0.283,0.0,0.151,0.45,0.767,0.9,0.799,0.9
275,8,0.616,0.05,-0.082,0.1,0.534,0.95,1.0,1.0
276,3,0.666,0.383,0.918,0.433,0.584,0.717,0.65,0.767
277,3,0.716,0.716,1.0,0.766,0.634,0.484,0.3,0.534
278,,0.666,0.666,0.95,0.716,0.584,0.434,0.25,0.484
279,,0.616,0.616,0.9,0.666,0.534,0.384,0.2,0.434
280,,0.566,0.566,0.85,0.616,0.484,0.334,0.15,0.384
281,,0.516,0.516,0.8,0.566,0.434,0.284,0.1,0.334
282,,0.466,0.466,0.75,0.516,0.384,0.234,0.05,0.284
283,,0.416,0.416,0.7,0.466,0.334,0.184,0.0,0.234
284,,0.366,0.366,0.65,0.416,0.284,0.134,-0.05,0.184
285,7,0.416,0.133,0.3,0.183,0.334,0.467,0.95,0.517
286,7,0.466,-0.1,-0.05,-0.05,0.384,0.8,1.0,0.85
287,2,0.799,0.9,0.283,0.0,0.151,0.45,0.767,0.9
288,2,1.0,1.0,0.616,0.05,-0.082,0.1,0.534,0.95
289,5,0.65,0.767,0.666,0.383,0.918,0.433,0.584,0.717
290,5,0.3,0.534,0.716,0.716,1.0,0.766,0.634,0.484
291,,0.25,0.484,0.666,0.666,0.95,0.716,0.584,0.434
292,,0.2,0.434,0.616,0.616,0.9,0.666,0.534,0.384
293,,0.15,0.384,0.566,0.566,0.85,0.616,0.484,0.334
294,,0.1,0.334,0.516,0.516,0.8,0.566,0.434,0.284
295,,0.05,0.284,0.466,0.466,0.75,0.516,0.384,0.234
296,,0.0,0.234,0.416,0.416,0.7,0.466,0.334,0.184
297,,-0.05,0.184,0.366,0.366,0.65,0.416,0.284,0.134
298,1,0.95,0.517,0.416,0.133,0.3,0.183,0.334,0.467
299,1,1.0,0.85,0.466,-0.1,-0.05,-0.05,0.384,0.8
300,4,0.767,0.9,0.799,0.9,0.283,0.0,0.151,0.45
301,4,0.534,0.95,1.0,1.0,0.616,0.05,-0.082,0.1
302,7,0.584,0.717,0.65,0.767,0.666,0.383,0.918,0.433
303,7,0.634,0.484,0.3,0.534,0.716,0.716,1.0,0.766
304,,0.584,0.434,0.25,0.484,0.666,0.666,0.95,0.716
305,,0.534,0.384,0.2,0.434,0.616,0.616,0.9,0.666
306,,0.484,0.334,0.15,0.384,0.566,0.566,0.85,0.616
307,,0.434,0.284,0.1,0.334,0.516,0.516,0.8,0.566
308,,0.384,0.234,0.05,0.284,0.466,0.466,0.75,0.516
309,,0.334,0.184,0.0,0.234,0.416,0.416,0.7,0.466
310,,0.284,0.134,-0.05,0.184,0.366,0.366,0.65,0.416
311,3,0.334,0.467,0.95,0.517,0.416,0.133,0.3,0.183
312,3,0.384,0.8,1.0,0.85,0.466,-0.1,-0.05,-0.05
313,6,0.151,0.45,0.767,0.9,0.799,0.9,0.283,0.0
314,6,-0.082,0.1,0.534,0.95,1.0,1.0,0.616,0.05
315,1,0.918,0.433,0.584,0.717,0.65,0.767,0.666,0.383
316,1,1.0,0.766,0.634,0.484,0.3,0.534,0.716,0.716
317,,0.95,0.716,0.584,0.434,0.25,0.484,0.666,0.666
318,,0.9,0.666,0.534,0.384,0.2,0.434,0.616,0.616
319,,0.85,0.616,0.484,0.334,0.15,0.384,0.566,0.566
320,,0.8,0.566,0.434,0.284,0.1,0.334,0.516,0.516
321,,0.75,0.516,0.384,0.234,0.05,0.284,0.466,0.466
322,,0.7,0.466,0.334,0.184,0.0,0.234,0.416,0.416
323,,0.65,0.416,0.284,0.134,-0.05,0.184,0.366,0.366
324,5,0.3,0.183,0.334,0.467,0.95,0.517,0.416,0.133
325,5,-0.05,-0.05,0.384,0.8,1.0,0.85,0.466,-0.1
326,8,0.283,0.0,0.151,0.45,0.767,0.9,0.799,0.9
327,8,0.616,0.05,-0.082,0.1,0.534,0.95,1.0,1.0
328,3,0.666,0.383,0.918,0.433,0.584,0.717,0.65,0.767
329,3,0.716,0.716,1.0,0.766,0.634,0.484,0.3,0.534
330,,0.666,0.666,0.95,0.716,0.584,0.434,0.25,0.484
331,,0.616,0.616,0.9,0.666,0.534,0.384,0.2,0.434
332,,0.566,0.566,0.85,0.616,0.484,0.334,0.15,0.384
333,,0.516,0.516,0.8,0.566,0.434,0.284,0.1,0.334
334,,0.466,0.466,0.75,0.516,0.384,0.234,0.05,0.284
335,,0.416,0.416,0.7,0.466,0.334,0.184,0.0,0.234
336,,0.366,0.366,0.65,0.416,0.284,0.134,-0.05,0.184
337,7,0.416,0.133,0.3,0.183,0.334,0.467,0.95,0.517
338,7,0.466,-0.1,-0.05,-0.05,0.384,0.8,1.0,0.85
339,2,0.799,0.9,0.283,0.0,0.151,0.45,0.767,0.9
340,2,1.0,1.0,0.616,0.05,-0.082,0.1,0.534,0.95
341,5,0.65,0.767,0.666,0.383,0.918,0.433,0.584,0.717
342,5,0.3,0.534,0.716,0.716,1.0,0.766,0.634,0.484
343,,0.25,0.484,0.666,0.666,0.95,0.716,0.584,0.434
344,,0.2,0.434,0.616,0.616,0.9,0.666,0.534,0.384
345,,0.15,0.384,0.566,0.566,0.85,0.616,0.484,0.334
346,,0.1,0.334,0.516,0.516,0.8,0.566,0.434,0.284
347,,0.05,0.284,0.466,0.466,0.75,0.516,0.384,0.234
348,,0.0,0.234,0.416,0.416,0.7,0.466,0.334,0.184
349,,-0.05,0.184,0.366,0.366,0.65,0.416,0.284,0.134
350,1,0.95,0.517,0.416,0.133,0.3,0.183,0.334,0.467
351,1,1.0,0.85,0.466,-0.1,-0.05,-0.05,0.384,0.8
352,4,0.767,0.9,0.799,0.9,0.283,0.0,0.151,0.45
353,4,0.534,0.95,1.0,1.0,0.616,0.05,-0.082,0.1
354,7,0.584,0.717,0.65,0.767,0.666,0.383,0.918,0.433
355,7,0.634,0.484,0.3,0.534,0.716,0.716,1.0,0.766
356,,0.584,0.434,0.25,0.484,0.666,0.666,0.95,0.716
357,,0.534,0.384,0.2,0.434,0.616,0.616,0.9,0.666
358,,0.484,0.334,0.15,0.384,0.566,0.566,0.85,0.616
359,,0.434,0.284,0.1,0.334,0.516,0.516,0.8,0.566
360,,0.384,0.234,0.05,0.284,0.466,0.466,0.75,0.516
361,,0.334,0.184,0.0,0.234,0.416,0.416,0.7,0.466
362,,0.284,0.134,-0.05,0.184,0.366,0.366,0.65,0.416
363,3,0.334,0.467,0.95,0.517,0.416,0.133,0.3,0.183
364,3,0.384,0.8,1.0,0.85,0.466,-0.1,-0.05,-0.05
365,6,0.151,0.45,0.767,0.9,0.799,0.9,0.283,0.0
366,6,-0.082,0.1,0.534,0.95,1.0,1.0,0.616,0.05
367,1,0.918,0.433,0.584,0.717,0.65,0.767,0.666,0.383
368,1,1.0,0.766,0.634,0.484,0.3,0.534,0.716,0.716
369,,0.95,0.716,0.584,0.434,0.25,0.484,0.666,0.666
370,,0.9,0.666,0.534,0.384,0.2,0.434,0.616,0.616
371,,0.85,0.616,0.484,0.334,0.15,0.384,0.566,0.566
372,,0.8,0.566,0.434,0.284,0.1,0.334,0.516,0.516
373,,0.75,0.516,0.384,0.234,0.05,0.284,0.466,0.466
374,,0.7,0.466,0.334,0.184,0.0,0.234,0.416,0.416
375,,0.65,0.416,0.284,0.134,-0.05,0.184,0.366,0.366
376,5,0.3,0.183,0.334,0.467,0.95,0.517,0.416,0.133
377,5,-0.05,-0.05,0.384,0.8,1.0,0.85,0.466,-0.1
378,8,0.283,0.0,0.151,0.45,0.767,0.9,0.799,0.9
379,8,0.616,0.05,-0.082,0.1,0.534,0.95,1.0,1.0
380,3,0.666,0.383,0.918,0.433,0.584,0.717,0.65,0.767
381,3,0.716,0.716,1.0,0.766,0.634,0.484,0.3,0.534
382,,0.666,0.666,0.95,0.716,0.584,0.434,0.25,0.484
383,,0.616,0.616,0.9,0.666,0.534,0.384,0.2,0.434
384,,0.566,0.566,0.85,0.616,0.484,0.334,0.15,0.384
385,,0.516,0.516,0.8,0.566,0.434,0.284,0.1,0.334
386,,0.466,0.466,0.75,0.516,0.384,0.234,0.05,0.284
387,,0.416,0.416,0.7,0.466,0.334,0.184,0.0,0.234
388,,0.366,0.366,0.65,0.416,0.284,0.134,-0.05,0.184
389,7,0.416,0.133,0.3,0.183,0.334,0.467,0.95,0.517
390,7,0.466,-0.1,-0.05,-0.05,0.384,0.8,1.0,0.85
391,2,0.799,0.9,0.283,0.0,0.151,0.45,0.767,0.9
392,2,1.0,1.0,0.616,0.05,-0.082,0.1,0.534,0.95
393,5,0.65,0.767,0.666,0.383,0.918,0.433,0.584,0.717
394,5,0.3,0.534,0.716,0.716,1.0,0.766,0.634,0.484
395,,0.25,0.484,0.666,0.666,0.95,0.716,0.584,0.434
396,,0.2,0.434,0.616,0.616,0.9,0.666,0.534,0.384
397,,0.15,0.384,0.566,0.566,0.85,0.616,0.484,0.334
398,,0.1,0.334,0.516,0.516,0.8,0.566,0.434,0.284
399,,0.05,0.284,0.466,0.466,0.75,0.516,0.384,0.234
400,,0.0,0.234,0.416,0.416,0.7,0.466,0.334,0.184
401,,-0.05,0.184,0.366,0.366,0.65,0.416,0.284,0.134
402,1,0.95,0.517,0.416,0.133,0.3,0.183,0.334,0.467
403,1,1.0,0.85,0.466,-0.1,-0.05,-0.05,0.384,0.8
404,4,0.767,0.9,0.799,0.9,0.283,0.0,0.151,0.45
405,4,0.534,0.95,1.0,1.0,0.616,0.05,-0.082,0.1
406,7,0.584,0.717,0.65,0.767,0.666,0.383,0.918,0.433
407,7,0.634,0.484,0.3,0.534,0.716,0.716,1.0,0.766
408,,0.584,0.434,0.25,0.484,0.666,0.666,0.95,0.716
409,,0.534,0.384,0.2,0.434,0.616,0.616,0.9,0.666
410,,0.484,0.334,0.15,0.384,0.566,0.566,0.85,0.616
411,,0.434,0.284,0.1,0.334,0.516,0.516,0.8,0.566
412,,0.384,0.234,0.05,0.284,0.466,0.466,0.75,0.516
413,,0.334,0.184,0.0,0.234,0.416,0.416,0.7,0.466
414,,0.284,0.134,-0.05,0.184,0.366,0.366,0.65,0.416
415,3,0.334,0.467,0.95,0.517,0.416,0.133,0.3,0.183
416,3,0.384,0.8,1.0,0.85,0.466,-0.1,-0.05,-0.05
417,6,0.151,0.45,0.767,0.9,0.799,0.9,0.283,0.0
418,6,-0.082,0.1,0.534,0.95,1.0,1.0,0.616,0.05
419,1,0.918,0.433,0.584,0.717,0.65,0.767,0.666,0.383
420,1,1.0,0.766,0.634,0.484,0.3,0.534,0.716,0.716
421,,0.95,0.716,0.584,0.434,0.25,0.484,0.666,0.666
422,,0.9,0.666,0.534,0.384,0.2,0.434,0.616,0.616
423,,0.85,0.616,0.484,0.334,0.15,0.384,0.566,0.566
424,,0.8,0.566,0.434,0.284,0.1,0.334,0.516,0.516
425,,0.75,0.516,0.384,0.234,0.05,0.284,0.466,0.466
426,,0.7,0.466,0.334,0.184,0.0,0.234,0.416,0.416
427,,0.65,0.416,0.284,0.134,-0.05,0.184,0.366,0.366
428,5,0.3,0.183,0.334,0.467,0.95,0.517,0.416,0.133
429,5,-0.05,-0.05,0.384,0.8,1.0,0.85,0.466,-0.1
430,8,0.283,0.0,0.151,0.45,0.767,0.9,0.799,0.9
431,8,0.616,0.05,-0.082,0.1,0.534,0.95,1.0,1.0
432,3,0.666,0.383,0.918,0.433,0.584,0.717,0.65,0.767
433,3,0.716,0.716,1.0,0.766,0.634,0.484,0.3,0.534
434,,0.666,0.666,0.95,0.716,0.584,0.434,0.25,0.484
435,,0.616,0.616,0.9,0.666,0.534,0.384,0.2,0.434
436,,0.566,0.566,0.85,0.616,0.484,0.334,0.15,0.384
437,,0.516,0.516,0.8,0.566,0.434,0.284,0.1,0.334
438,,0.466,0.466,0.75,0.516,0.384,0.234,0.05,0.284
439,,0.416,0.416,0.7,0.466,0.334,0.184,0.0,0.234
440,,0.366,0.366,0.65,0.416,0.284,0.134,-0.05,0.184
441,7,0.416,0.133,0.3,0.183,0.334,0.467,0.95,0.517
442,7,0.466,-0.1,-0.05,-0.05,0.384,0.8,1.0,0.85
443,2,0.799,0.9,0.283,0.0,0.151,0.45,0.767,0.9
444,2,1.0,1.0,0.616,0.05,-0.082,0.1,0.534,0.95
445,5,0.65,0.767,0.666,0.383,0.918,0.433,0.584,0.717
446,5,0.3,0.534,0.716,0.716,1.0,0.766,0.634,0.484
447,,0.25,0.484,0.666,0.666,0.95,0.716,0.584,0.434
448,,0.2,0.434,0.616,0.616,0.9,0.666,0.534,0.384
449,,0.15,0.384,0.566,0.566,0.85,0.616,0.484,0.334
450,,0.1,0.334,0.516,0.516,0.8,0.566,0.434,0.284
451,,0.05,0.284,0.466,0.466,0.75,0.516,0.384,0.234
452,,0.0,0.234,0.416,0.416,0.7,0.466,0.334,0.184
453,,-0.05,0.184,0.366,0.366,0.65,0.416,0.284,0.134
454,1,0.95,0.517,0.416,0.133,0.3,0.183,0.334,0.467
455,1,1.0,0.85,0.466,-0.1,-0.05,-0.05,0.384,0.8
456,4,0.767,0.9,0.799,0.9,0.283,0.0,0.151,0.45
457,4,0.534,0.95,1.0,1.0,0.616,0.05,-0.082,0.1
458,7,0.584,0.717,0.65,0.767,0.666,0.383,0.918,0.433
459,7,0.634,0.484,0.3,0.534,0.716,0.716,1.0,0.766
460,,0.584,0.434,0.25,0.484,0.666,0.666,0.95,0.716
461,,0.534,0.384,0.2,0.434,0.616,0.616,0.9,0.666
462,,0.484,0.334,0.15,0.384,0.566,0.566,0.85,0.616
463,,0.434,0.284,0.1,0.334,0.516,0.516,0.8,0.566
464,,0.384,0.234,0.05,0.284,0.466,0.466,0.75,0.516
465,,0.334,0.184,0.0,0.234,0.416,0.416,0.7,0.466
466,,0.284,0.134,-0.05,0.184,0.366,0.366,0.65,0.416
467,3,0.334,0.467,0.95,0.517,0.416,0.133,0.3,0.183
468,3,0.384,0.8,1.0,0.85,0.466,-0.1,-0.05,-0.05
469,6,0.151,0.45,0.767,0.9,0.799,0.9,0.283,0.0
470,6,-0.082,0.1,0.534,0.95,1.0,1.0,0.616,0.05
471,1,0.918,0.433,0.584,0.717,0.65,0.767,0.666,0.383
472,1,1.0,0.766,0.634,0.484,0.3,0.534,0.716,0.716
473,,0.95,0.716,0.584,0.434,0.25,0.484,0.666,0.666
474,,0.9,0.666,0.534,0.384,0.2,0.434,0.616,0.616
475,,0.85,0.616,0.484,0.334,0.15,0.384,0.566,0.566
476,,0.8,0.566,0.434,0.284,0.1,0.334,0.516,0.516
477,,0.75,0.516,0.384,0.234,0.05,0.284,0.466,0.466
478,,0.7,0.466,0.334,0.184,0.0,0.234,0.416,0.416
479,,0.65,0.416,0.284,0.134,-0.05,0.184,0.366,0.366
480,5,0.3,0.183,0.334,0.467,0.95,0.517,0.416,0.133
481,5,-0.05,-0.05,0.384,0.8,1.0,0.85,0.466,-0.1
482,8,0.283,0.0,0.151,0.45,0.767,0.9,0.799,0.9
483,8,0.616,0.05,-0.082,0.1,0.534,0.95,1.0,1.0
484,3,0.666,0.383,0.918,0.433,0.584,0.717,0.65,0.767
485,3,0.716,0.716,1.0,0.766,0.634,0.484,0.3,0.534
486,,0.666,0.666,0.95,0.716,0.584,0.434,0.25,0.484
487,,0.616,0.616,0.9,0.666,0.534,0.384,0.2,0.434
488,,0.566,0.566,0.85,0.616,0.484,0.334,0.15,0.384
489,,0.516,0.516,0.8,0.566,0.434,0.284,0.1,0.334
490,,0.466,0.466,0.75,0.516,0.384,0.234,0.05,0.284
491,,0.416,0.416,0.7,0.466,0.334,0.184,0.0,0.234
492,,0.366,0.366,0.65,0.416,0.284,0.134,-0.05,0.184
493,7,0.416,0.133,0.3,0.183,0.334,0.467,0.95,0.517
494,7,0.466,-0.1,-0.05,-0.05,0.384,0.8,1.0,0.85
495,2,0.799,0.9,0.283,0.0,0.151,0.45,0.767,0.9
496,2,1.0,1.0,0.616,0.05,-0.082,0.1,0.534,0.95
497,5,0.65,0.767,0.666,0.383,0.918,0.433,0.584,0.717
498,5,0.3,0.534,0.716,0.716,1.0,0.766,0.634,0.484
499,,0.25,0.484,0.666,0.666,0.95,0.716,0.584,0.434
