step,active_motive,motive_1,motive_2,motive_3,motive_4,motive_5,motive_6,motive_7,motive_8
0,,0.98033,0.07535,0.3057,0.19091,0.26847,0.48528,0.37269,0.39469
1,,0.93033,0.02535,0.2557,0.14091,0.21847,0.43528,0.32269,0.34469
2,,0.88033,-0.02465,0.2057,0.09091,0.16847,0.38528,0.27269,0.29469
3,2,1.0,0.97535,0.5387,0.14091,-0.06453,0.03528,0.03969,0.34469
4,2,1.0,1.0,0.8717,0.19091,-0.29753,-0.31472,-0.19331,0.39469
5,6,0.767,0.65,0.6387,0.24091,0.03547,0.68528,0.13969,0.44469
6,6,0.534,0.3,0.4057,0.29091,0.36847,1.0,0.47269,0.49469
7,,0.484,0.25,0.3557,0.24091,0.31847,0.95,0.42269,0.44469
8,,0.434,0.2,0.3057,0.19091,0.26847,0.9,0.37269,0.39469
9,,0.384,0.15,0.2557,0.14091,0.21847,0.85,0.32269,0.34469
10,,0.334,0.1,0.2057,0.09091,0.16847,0.8,0.27269,0.29469
11,,0.284,0.05,0.1557,0.04091,0.11847,0.75,0.22269,0.24469
12,,0.234,0.0,0.1057,-0.00909,0.06847,0.7,0.17269,0.19469
13,4,0.001,0.05,0.4387,0.99091,0.40147,0.75,-0.06031,-0.15531
14,4,-0.232,0.1,0.7717,1.0,0.73447,0.8,-0.29331,-0.50531
15,8,0.101,0.15,0.5387,0.65,0.50147,0.85,0.03969,0.49469
16,8,0.434,0.2,0.3057,0.3,0.26847,0.9,0.37269,1.0
17,,0.384,0.15,0.2557,0.25,0.21847,0.85,0.32269,0.95
18,,0.334,0.1,0.2057,0.2,0.16847,0.8,0.27269,0.9
19,,0.284,0.05,0.1557,0.15,0.11847,0.75,0.22269,0.85
20,,0.234,0.0,0.1057,0.1,0.06847,0.7,0.17269,0.8
21,,0.184,-0.05,0.0557,0.05,0.01847,0.65,0.12269,0.75
22,2,0.517,0.95,0.3887,0.1,-0.21453,0.3,-0.11031,0.8
23,2,0.85,1.0,0.7217,0.15,-0.44753,-0.05,-0.34331,0.85
24,5,0.5,0.767,0.7717,0.483,0.55247,0.283,-0.29331,0.617
25,5,0.15,0.534,0.8217,0.816,1.0,0.616,-0.24331,0.384
26,7,0.2,0.301,0.4717,0.583,1.0,0.949,0.75669,0.717
27,7,0.25,0.068,0.1217,0.35,1.0,1.0,1.0,1.0
28,,0.2,0.018,0.0717,0.3,0.95,0.95,0.95,0.95
29,,0.15,-0.032,0.0217,0.25,0.9,0.9,0.9,0.9
30,2,0.483,0.968,0.3547,0.3,0.667,0.55,0.667,0.95
31,2,0.816,1.0,0.6877,0.35,0.434,0.2,0.434,1.0
32,,0.766,0.95,0.6377,0.3,0.384,0.15,0.384,0.95
33,,0.716,0.9,0.5877,0.25,0.334,0.1,0.334,0.9
34,,0.666,0.85,0.5377,0.2,0.284,0.05,0.284,0.85
35,,0.616,0.8,0.4877,0.15,0.234,0.0,0.234,0.8
36,,0.566,0.75,0.4377,0.1,0.184,-0.05,0.184,0.75
37,6,0.333,0.4,0.2047,0.15,0.517,0.95,0.517,0.8
38,6,0.1,0.05,-0.0283,0.2,0.85,1.0,0.85,0.85
39,3,0.15,0.383,0.9717,0.533,0.9,0.767,0.5,0.617
40,3,0.2,0.716,1.0,0.866,0.95,0.534,0.15,0.384
41,,0.15,0.666,0.95,0.816,0.9,0.484,0.1,0.334
42,,0.1,0.616,0.9,0.766,0.85,0.434,0.05,0.284
43,,0.05,0.566,0.85,0.716,0.8,0.384,0.0,0.234
44,,0.0,0.516,0.8,0.666,0.75,0.334,-0.05,0.184
45,7,0.05,0.283,0.45,0.433,0.8,0.667,0.95,0.517
46,7,0.1,0.05,0.1,0.2,0.85,1.0,1.0,0.85
47,,0.05,0.0,0.05,0.15,0.8,0.95,0.95,0.8
48,,0.0,-0.05,0.0,0.1,0.75,0.9,0.9,0.75
49,2,0.333,0.95,0.333,0.15,0.517,0.55,0.667,0.8
50,2,0.666,1.0,0.666,0.2,0.284,0.2,0.434,0.85
51,,0.616,0.95,0.616,0.15,0.234,0.15,0.384,0.8
52,,0.566,0.9,0.566,0.1,0.184,0.1,0.334,0.75
53,,0.516,0.85,0.516,0.05,0.134,0.05,0.284,0.7
54,,0.466,0.8,0.466,0.0,0.084,0.0,0.234,0.65
55,,0.416,0.75,0.416,-0.05,0.034,-0.05,0.184,0.6
56,6,0.183,0.4,0.183,0.0,0.367,0.95,0.517,0.65
57,6,-0.05,0.05,-0.05,0.05,0.7,1.0,0.85,0.7
58,3,0.0,0.383,0.95,0.383,0.75,0.767,0.5,0.467
59,3,0.05,0.716,1.0,0.716,0.8,0.534,0.15,0.234
60,,0.0,0.666,0.95,0.666,0.75,0.484,0.1,0.184
61,,-0.05,0.616,0.9,0.616,0.7,0.434,0.05,0.134
62,1,0.95,0.949,0.95,0.383,0.35,0.201,0.1,0.467
63,1,1.0,1.0,1.0,0.15,-0.0,-0.032,0.15,0.8
64,6,0.767,0.65,0.767,0.2,0.333,0.968,0.483,0.85
65,6,0.534,0.3,0.534,0.25,0.666,1.0,0.816,0.9
66,,0.484,0.25,0.484,0.2,0.616,0.95,0.766,0.85
67,,0.434,0.2,0.434,0.15,0.566,0.9,0.716,0.8
68,,0.384,0.15,0.384,0.1,0.516,0.85,0.666,0.75
69,,0.334,0.1,0.334,0.05,0.466,0.8,0.616,0.7
70,,0.284,0.05,0.284,0.0,0.416,0.75,0.566,0.65
71,,0.234,0.0,0.234,-0.05,0.366,0.7,0.516,0.6
72,4,0.001,0.05,0.567,0.95,0.699,0.75,0.283,0.25
73,4,-0.232,0.1,0.9,1.0,1.0,0.8,0.05,-0.1
74,1,0.768,0.433,0.95,0.767,0.65,0.567,0.1,0.233
75,1,1.0,0.766,1.0,0.534,0.3,0.334,0.15,0.566
76,,0.95,0.716,0.95,0.484,0.25,0.284,0.1,0.516
77,,0.9,0.666,0.9,0.434,0.2,0.234,0.05,0.466
78,,0.85,0.616,0.85,0.384,0.15,0.184,0.0,0.416
79,,0.8,0.566,0.8,0.334,0.1,0.134,-0.05,0.366
80,7,0.85,0.333,0.45,0.101,0.15,0.467,0.95,0.699
81,7,0.9,0.1,0.1,-0.132,0.2,0.8,1.0,1.0
82,4,0.667,0.15,0.433,0.868,0.533,0.85,0.767,0.65
83,4,0.434,0.2,0.766,1.0,0.866,0.9,0.534,0.3
84,,0.384,0.15,0.716,0.95,0.816,0.85,0.484,0.25
85,,0.334,0.1,0.666,0.9,0.766,0.8,0.434,0.2
86,,0.284,0.05,0.616,0.85,0.716,0.75,0.384,0.15
87,,0.234,0.0,0.566,0.8,0.666,0.7,0.334,0.1
88,,0.184,-0.05,0.516,0.75,0.616,0.65,0.284,0.05
89,2,0.517,0.95,0.849,0.8,0.383,0.3,0.051,0.1
90,2,0.85,1.0,1.0,0.85,0.15,-0.05,-0.182,0.15
91,7,0.9,0.767,0.65,0.617,0.2,0.283,0.818,0.483
92,7,0.95,0.534,0.3,0.384,0.25,0.616,1.0,0.816
93,,0.9,0.484,0.25,0.334,0.2,0.566,0.95,0.766
94,,0.85,0.434,0.2,0.284,0.15,0.516,0.9,0.716
95,,0.8,0.384,0.15,0.234,0.1,0.466,0.85,0.666
96,,0.75,0.334,0.1,0.184,0.05,0.416,0.8,0.616
97,,0.7,0.284,0.05,0.134,0.0,0.366,0.75,0.566
98,,0.65,0.234,0.0,0.084,-0.05,0.316,0.7,0.516
99,5,0.3,0.001,0.05,0.417,0.95,0.649,0.75,0.283
100,5,-0.05,-0.232,0.1,0.75,1.0,0.982,0.8,0.05
101,2,0.283,0.768,0.433,0.8,0.767,0.632,0.567,0.1
102,2,0.616,1.0,0.766,0.85,0.534,0.282,0.334,0.15
103,,0.566,0.95,0.716,0.8,0.484,0.232,0.284,0.1
104,,0.516,0.9,0.666,0.75,0.434,0.182,0.234,0.05
105,,0.466,0.85,0.616,0.7,0.384,0.132,0.184,0.0
106,,0.416,0.8,0.566,0.65,0.334,0.082,0.134,-0.05
107,8,0.749,0.85,0.333,0.3,0.101,0.132,0.467,0.95
108,8,1.0,0.9,0.1,-0.05,-0.132,0.182,0.8,1.0
109,5,0.65,0.667,0.15,0.283,0.868,0.515,0.85,0.767
110,5,0.3,0.434,0.2,0.616,1.0,0.848,0.9,0.534
111,,0.25,0.384,0.15,0.566,0.95,0.798,0.85,0.484
112,,0.2,0.334,0.1,0.516,0.9,0.748,0.8,0.434
113,,0.15,0.284,0.05,0.466,0.85,0.698,0.75,0.384
114,,0.1,0.234,0.0,0.416,0.8,0.648,0.7,0.334
115,,0.05,0.184,-0.05,0.366,0.75,0.598,0.65,0.284
116,3,0.1,0.517,0.95,0.699,0.8,0.365,0.3,0.051
117,3,0.15,0.85,1.0,1.0,0.85,0.132,-0.05,-0.182
118,8,0.483,0.9,0.767,0.65,0.617,0.182,0.283,0.818
119,8,0.816,0.95,0.534,0.3,0.384,0.232,0.616,1.0
120,,0.766,0.9,0.484,0.25,0.334,0.182,0.566,0.95
121,,0.716,0.85,0.434,0.2,0.284,0.132,0.516,0.9
122,,0.666,0.8,0.384,0.15,0.234,0.082,0.466,0.85
123,,0.616,0.75,0.334,0.1,0.184,0.032,0.416,0.8
124,,0.566,0.7,0.284,0.05,0.134,-0.018,0.366,0.75
125,6,0.333,0.35,0.051,0.1,0.467,0.982,0.699,0.8
126,6,0.1,-0.0,-0.182,0.15,0.8,1.0,1.0,0.85
127,3,0.15,0.333,0.818,0.483,0.85,0.767,0.65,0.617
128,3,0.2,0.666,1.0,0.816,0.9,0.534,0.3,0.384
129,,0.15,0.616,0.95,0.766,0.85,0.484,0.25,0.334
130,,0.1,0.566,0.9,0.716,0.8,0.434,0.2,0.284
131,,0.05,0.516,0.85,0.666,0.75,0.384,0.15,0.234
132,,0.0,0.466,0.8,0.616,0.7,0.334,0.1,0.184
133,,-0.05,0.416,0.75,0.566,0.65,0.284,0.05,0.134
134,1,0.95,0.749,0.8,0.333,0.3,0.051,0.1,0.467
135,1,1.0,1.0,0.85,0.1,-0.05,-0.182,0.15,0.8
136,6,0.767,0.65,0.617,0.15,0.283,0.818,0.483,0.85
137,6,0.534,0.3,0.384,0.2,0.616,1.0,0.816,0.9
138,,0.484,0.25,0.334,0.15,0.566,0.95,0.766,0.85
139,,0.434,0.2,0.284,0.1,0.516,0.9,0.716,0.8
140,,0.384,0.15,0.234,0.05,0.466,0.85,0.666,0.75
141,,0.334,0.1,0.184,0.0,0.416,0.8,0.616,0.7
142,,0.284,0.05,0.134,-0.05,0.366,0.75,0.566,0.65
143,4,0.051,0.1,0.467,0.95,0.699,0.8,0.333,0.3
144,4,-0.182,0.15,0.8,1.0,1.0,0.85,0.1,-0.05
145,1,0.818,0.483,0.85,0.767,0.65,0.617,0.15,0.283
146,1,1.0,0.816,0.9,0.534,0.3,0.384,0.2,0.616
147,,0.95,0.766,0.85,0.484,0.25,0.334,0.15,0.566
148,,0.9,0.716,0.8,0.434,0.2,0.284,0.1,0.516
149,,0.85,0.666,0.75,0.384,0.15,0.234,0.05,0.466
150,,0.8,0.616,0.7,0.334,0.1,0.184,0.0,0.416
151,,0.75,0.566,0.65,0.284,0.05,0.134,-0.05,0.366
152,7,0.8,0.333,0.3,0.051,0.1,0.467,0.95,0.699
153,7,0.85,0.1,-0.05,-0.182,0.15,0.8,1.0,1.0
154,4,0.617,0.15,0.283,0.818,0.483,0.85,0.767,0.65
155,4,0.384,0.2,0.616,1.0,0.816,0.9,0.534,0.3
156,,0.334,0.15,0.566,0.95,0.766,0.85,0.484,0.25
157,,0.284,0.1,0.516,0.9,0.716,0.8,0.434,0.2
158,,0.234,0.05,0.466,0.85,0.666,0.75,0.384,0.15
159,,0.184,0.0,0.416,0.8,0.616,0.7,0.334,0.1
160,,0.134,-0.05,0.366,0.75,0.566,0.65,0.284,0.05
161,2,0.467,0.95,0.699,0.8,0.333,0.3,0.051,0.1
162,2,0.8,1.0,1.0,0.85,0.1,-0.05,-0.182,0.15
163,7,0.85,0.767,0.65,0.617,0.15,0.283,0.818,0.483
164,7,0.9,0.534,0.3,0.384,0.2,0.616,1.0,0.816
165,,0.85,0.484,0.25,0.334,0.15,0.566,0.95,0.766
166,,0.8,0.434,0.2,0.284,0.1,0.516,0.9,0.716
167,,0.75,0.384,0.15,0.234,0.05,0.466,0.85,0.666
168,,0.7,0.334,0.1,0.184,0.0,0.416,0.8,0.616
169,,0.65,0.284,0.05,0.134,-0.05,0.366,0.75,0.566
170,5,0.3,0.051,0.1,0.467,0.95,0.699,0.8,0.333
171,5,-0.05,-0.182,0.15,0.8,1.0,1.0,0.85,0.1
172,2,0.283,0.818,0.483,0.85,0.767,0.65,0.617,0.15
173,2,0.616,1.0,0.816,0.9,0.534,0.3,0.384,0.2
174,,0.566,0.95,0.766,0.85,0.484,0.25,0.334,0.15
175,,0.516,0.9,0.716,0.8,0.434,0.2,0.284,0.1
176,,0.466,0.85,0.666,0.75,0.384,0.15,0.234,0.05
177,,0.416,0.8,0.616,0.7,0.334,0.1,0.184,0.0
178,,0.366,0.75,0.566,0.65,0.284,0.05,0.134,-0.05
179,8,0.699,0.8,0.333,0.3,0.051,0.1,0.467,0.95
180,8,1.0,0.85,0.1,-0.05,-0.182,0.15,0.8,1.0
181,5,0.65,0.617,0.15,0.283,0.818,0.483,0.85,0.767
182,5,0.3,0.384,0.2,0.616,1.0,0.816,0.9,0.534
183,,0.25,0.334,0.15,0.566,0.95,0.766,0.85,0.484
184,,0.2,0.284,0.1,0.516,0.9,0.716,0.8,0.434
185,,0.15,0.234,0.05,0.466,0.85,0.666,0.75,0.384
186,,0.1,0.184,0.0,0.416,0.8,0.616,0.7,0.334
187,,0.05,0.134,-0.05,0.366,0.75,0.566,0.65,0.284
188,3,0.1,0.467,0.95,0.699,0.8,0.333,0.3,0.051
189,3,0.15,0.8,1.0,1.0,0.85,0.1,-0.05,-0.182
190,8,0.483,0.85,0.767,0.65,0.617,0.15,0.283,0.818
191,8,0.816,0.9,0.534,0.3,0.384,0.2,0.616,1.0
192,,0.766,0.85,0.484,0.25,0.334,0.15,0.566,0.95
193,,0.716,0.8,0.434,0.2,0.284,0.1,0.516,0.9
194,,0.666,0.75,0.384,0.15,0.234,0.05,0.466,0.85
195,,0.616,0.7,0.334,0.1,0.184,0.0,0.416,0.8
196,,0.566,0.65,0.284,0.05,0.134,-0.05,0.366,0.75
197,6,0.333,0.3,0.051,0.1,0.467,0.95,0.699,0.8
198,6,0.1,-0.05,-0.182,0.15,0.8,1.0,1.0,0.85
199,3,0.15,0.283,0.818,0.483,0.85,0.767,0.65,0.617
200,3,0.2,0.616,1.0,0.816,0.9,0.534,0.3,0.384
201,,0.15,0.566,0.95,0.766,0.85,0.484,0.25,0.334
202,,0.1,0.516,0.9,0.716,0.8,0.434,0.2,0.284
203,,0.05,0.466,0.85,0.666,0.75,0.384,0.15,0.234
204,,0.0,0.416,0.8,0.616,0.7,0.334,0.1,0.184
205,,-0.05,0.366,0.75,0.566,0.65,0.284,0.05,0.134
206,1,0.95,0.699,0.8,0.333,0.3,0.051,0.1,0.467
207,1,1.0,1.0,0.85,0.1,-0.05,-0.182,0.15,0.8
208,6,0.767,0.65,0.617,0.15,0.283,0.818,0.483,0.85
209,6,0.534,0.3,0.384,0.2,0.616,1.0,0.816,0.9
210,,0.484,0.25,0.334,0.15,0.566,0.95,0.766,0.85
211,,0.434,0.2,0.284,0.1,0.516,0.9,0.716,0.8
212,,0.384,0.15,0.234,0.05,0.466,0.85,0.666,0.75
213,,0.334,0.1,0.184,0.0,0.416,0.8,0.616,0.7
214,,0.284,0.05,0.134,-0.05,0.366,0.75,0.566,0.65
215,4,0.051,0.1,0.467,0.95,0.699,0.8,0.333,0.3
216,4,-0.182,0.15,0.8,1.0,1.0,0.85,0.1,-0.05
217,1,0.818,0.483,0.85,0.767,0.65,0.617,0.15,0.283
218,1,1.0,0.816,0.9,0.534,0.3,0.384,0.2,0.616
219,,0.95,0.766,0.85,0.484,0.25,0.334,0.15,0.566
220,,0.9,0.716,0.8,0.434,0.2,0.284,0.1,0.516
221,,0.85,0.666,0.75,0.384,0.15,0.234,0.05,0.466
222,,0.8,0.616,0.7,0.334,0.1,0.184,0.0,0.416
223,,0.75,0.566,0.65,0.284,0.05,0.134,-0.05,0.366
224,7,0.8,0.333,0.3,0.051,0.1,0.467,0.95,0.699
225,7,0.85,0.1,-0.05,-0.182,0.15,0.8,1.0,1.0
226,4,0.617,0.15,0.283,0.818,0.483,0.85,0.767,0.65
227,4,0.384,0.2,0.616,1.0,0.816,0.9,0.534,0.3
228,,0.334,0.15,0.566,0.95,0.766,0.85,0.484,0.25
229,,0.284,0.1,0.516,0.9,0.716,0.8,0.434,0.2
230,,0.234,0.05,0.466,0.85,0.666,0.75,0.384,0.15
231,,0.184,0.0,0.416,0.8,0.616,0.7,0.334,0.1
232,,0.134,-0.05,0.366,0.75,0.566,0.65,0.284,0.05
233,2,0.467,0.95,0.699,0.8,0.333,0.3,0.051,0.1
234,2,0.8,1.0,1.0,0.85,0.1,-0.05,-0.182,0.15
235,7,0.85,0.767,0.65,0.617,0.15,0.283,0.818,0.483
236,7,0.9,0.534,0.3,0.384,0.2,0.616,1.0,0.816
237,,0.85,0.484,0.25,0.334,0.15,0.566,0.95,0.766
238,,0.8,0.434,0.2,0.284,0.1,0.516,0.9,0.716
239,,0.75,0.384,0.15,0.234,0.05,0.466,0.85,0.666
240,,0.7,0.334,0.1,0.184,0.0,0.416,0.8,0.616
241,,0.65,0.284,0.05,0.134,-0.05,0.366,0.75,0.566
242,5,0.3,0.051,0.1,0.467,0.95,0.699,0.8,0.333
243,5,-0.05,-0.182,0.15,0.8,1.0,1.0,0.85,0.1
244,2,0.283,0.818,0.483,0.85,0.767,0.65,0.617,0.15
245,2,0.616,1.0,0.816,0.9,0.534,0.3,0.384,0.2
246,,0.566,0.95,0.766,0.85,0.484,0.25,0.334,0.15
247,,0.516,0.9,0.716,0.8,0.434,0.2,0.284,0.1
248,,0.466,0.85,0.666,0.75,0.384,0.15,0.234,0.05
249,,0.416,0.8,0.616,0.7,0.334,0.1,0.184,0.0
250,,0.366,0.75,0.566,0.65,0.284,0.05,0.134,-0.05
251,8,0.699,0.8,0.333,0.3,0.051,0.1,0.467,0.95
252,8,1.0,0.85,0.1,-0.05,-0.182,0.15,0.8,1.0
253,5,0.65,0.617,0.15,0.283,0.818,0.483,0.85,0.767
254,5,0.3,0.384,0.2,0.616,1.0,0.816,0.9,0.534
255,,0.25,0.334,0.15,0.566,0.95,0.766,0.85,0.484
256,,0.2,0.284,0.1,0.516,0.9,0.716,0.8,0.434
257,,0.15,0.234,0.05,0.466,0.85,0.666,0.75,0.384
258,,0.1,0.184,0.0,0.416,0.8,0.616,0.7,0.334
259,,0.05,0.134,-0.05,0.366,0.75,0.566,0.65,0.284
260,3,0.1,0.467,0.95,0.699,0.8,0.333,0.3,0.051
261,3,0.15,0.8,1.0,1.0,0.85,0.1,-0.05,-0.182
262,8,0.483,0.85,0.767,0.65,0.617,0.15,0.283,0.818
263,8,0.816,0.9,0.534,0.3,0.384,0.2,0.616,1.0
264,,0.766,0.85,0.484,0.25,0.334,0.15,0.566,0.95
265,,0.716,0.8,0.434,0.2,0.284,0.1,0.516,0.9
266,,0.666,0.75,0.384,0.15,0.234,0.05,0.466,0.85
267,,0.616,0.7,0.334,0.1,0.184,0.0,0.416,0.8
268,,0.566,0.65,0.284,0.05,0.134,-0.05,0.366,0.75
269,6,0.333,0.3,0.051,0.1,0.467,0.95,0.699,0.8
270,6,0.1,-0.05,-0.182,0.15,0.8,1.0,1.0,0.85
271,3,0.15,0.283,0.818,0.483,0.85,0.767,0.65,0.617
272,3,0.2,0.616,1.0,0.816,0.9,0.534,0.3,0.384
273,,0.15,0.566,0.95,0.766,0.85,0.484,0.25,0.334
274,,0.1,0.516,0.9,0.716,0.8,0.434,0.2,0.284
275,,0.05,0.466,0.85,0.666,0.75,0.384,0.15,0.234
276,,0.0,0.416,0.8,0.616,0.7,0.334,0.1,0.184
277,,-0.05,0.366,0.75,0.566,0.65,0.284,0.05,0.134
278,1,0.95,0.699,0.8,0.333,0.3,0.051,0.1,0.467
279,1,1.0,1.0,0.85,0.1,-0.05,-0.182,0.15,0.8
280,6,0.767,0.65,0.617,0.15,0.283,0.818,0.483,0.85
281,6,0.534,0.3,0.384,0.2,0.616,1.0,0.816,0.9
282,,0.484,0.25,0.334,0.15,0.566,0.95,0.766,0.85
283,,0.434,0.2,0.284,0.1,0.516,0.9,0.716,0.8
284,,0.384,0.15,0.234,0.05,0.466,0.85,0.666,0.75
285,,0.334,0.1,0.184,0.0,0.416,0.8,0.616,0.7
286,,0.284,0.05,0.134,-0.05,0.366,0.75,0.566,0.65
287,4,0.051,0.1,0.467,0.95,0.699,0.8,0.333,0.3
288,4,-0.182,0.15,0.8,1.0,1.0,0.85,0.1,-0.05
289,1,0.818,0.483,0.85,0.767,0.65,0.617,0.15,0.283
290,1,1.0,0.816,0.9,0.534,0.3,0.384,0.2,0.616
291,,0.95,0.766,0.85,0.484,0.25,0.334,0.15,0.566
292,,0.9,0.716,0.8,0.434,0.2,0.284,0.1,0.516
293,,0.85,0.666,0.75,0.384,0.15,0.234,0.05,0.466
294,,0.8,0.616,0.7,0.334,0.1,0.184,0.0,0.416
295,,0.75,0.566,0.65,0.284,0.05,0.134,-0.05,0.366
296,7,0.8,0.333,0.3,0.051,0.1,0.467,0.95,0.699
297,7,0.85,0.1,-0.05,-0.182,0.15,0.8,1.0,1.0
298,4,0.617,0.15,0.283,0.818,0.483,0.85,0.767,0.65
299,4,0.384,0.2,0.616,1.0,0.816,0.9,0.534,0.3
300,,0.334,0.15,0.566,0.95,0.766,0.85,0.484,0.25
301,,0.284,0.1,0.516,0.9,0.716,0.8,0.434,0.2
302,,0.234,0.05,0.466,0.85,0.666,0.75,0.384,0.15
303,,0.184,0.0,0.416,0.8,0.616,0.7,0.334,0.1
304,,0.134,-0.05,0.366,0.75,0.566,0.65,0.284,0.05
305,2,0.467,0.95,0.699,0.8,0.333,0.3,0.051,0.1
306,2,0.8,1.0,1.0,0.85,0.1,-0.05,-0.182,0.15
307,7,0.85,0.767,0.65,0.617,0.15,0.283,0.818,0.483
308,7,0.9,0.534,0.3,0.384,0.2,0.616,1.0,0.816
309,,0.85,0.484,0.25,0.334,0.15,0.566,0.95,0.766
310,,0.8,0.434,0.2,0.284,0.1,0.516,0.9,0.716
311,,0.75,0.384,0.15,0.234,0.05,0.466,0.85,0.666
312,,0.7,0.334,0.1,0.184,0.0,0.416,0.8,0.616
313,,0.65,0.284,0.05,0.134,-0.05,0.366,0.75,0.566
314,5,0.3,0.051,0.1,0.467,0.95,0.699,0.8,0.333
315,5,-0.05,-0.182,0.15,0.8,1.0,1.0,0.85,0.1
316,2,0.283,0.818,0.483,0.85,0.767,0.65,0.617,0.15
317,2,0.616,1.0,0.816,0.9,0.534,0.3,0.384,0.2
318,,0.566,0.95,0.766,0.85,0.484,0.25,0.334,0.15
319,,0.516,0.9,0.716,0.8,0.434,0.2,0.284,0.1
320,,0.466,0.85,0.666,0.75,0.384,0.15,0.234,0.05
321,,0.416,0.8,0.616,0.7,0.334,0.1,0.184,0.0
322,,0.366,0.75,0.566,0.65,0.284,0.05,0.134,-0.05
323,8,0.699,0.8,0.333,0.3,0.051,0.1,0.467,0.95
324,8,1.0,0.85,0.1,-0.05,-0.182,0.15,0.8,1.0
325,5,0.65,0.617,0.15,0.283,0.818,0.483,0.85,0.767
326,5,0.3,0.384,0.2,0.616,1.0,0.816,0.9,0.534
327,,0.25,0.334,0.15,0.566,0.95,0.766,0.85,0.484
328,,0.2,0.284,0.1,0.516,0.9,0.716,0.8,0.434
329,,0.15,0.234,0.05,0.466,0.85,0.666,0.75,0.384
330,,0.1,0.184,0.0,0.416,0.8,0.616,0.7,0.334
331,,0.05,0.134,-0.05,0.366,0.75,0.566,0.65,0.284
332,3,0.1,0.467,0.95,0.699,0.8,0.333,0.3,0.051
333,3,0.15,0.8,1.0,1.0,0.85,0.1,-0.05,-0.182
334,8,0.483,0.85,0.767,0.65,0.617,0.15,0.283,0.818
335,8,0.816,0.9,0.534,0.3,0.384,0.2,0.616,1.0
336,,0.766,0.85,0.484,0.25,0.334,0.15,0.566,0.95
337,,0.716,0.8,0.434,0.2,0.284,0.1,0.516,0.9
338,,0.666,0.75,0.384,0.15,0.234,0.05,0.466,0.85
339,,0.616,0.7,0.334,0.1,0.184,0.0,0.416,0.8
340,,0.566,0.65,0.284,0.05,0.134,-0.05,0.366,0.75
341,6,0.333,0.3,0.051,0.1,0.467,0.95,0.699,0.8
342,6,0.1,-0.05,-0.182,0.15,0.8,1.0,1.0,0.85
343,3,0.15,0.283,0.818,0.483,0.85,0.767,0.65,0.617
344,3,0.2,0.616,1.0,0.816,0.9,0.534,0.3,0.384
345,,0.15,0.566,0.95,0.766,0.85,0.484,0.25,0.334
346,,0.1,0.516,0.9,0.716,0.8,0.434,0.2,0.284
347,,0.05,0.466,0.85,0.666,0.75,0.384,0.15,0.234
348,,0.0,0.416,0.8,0.616,0.7,0.334,0.1,0.184
349,,-0.05,0.366,0.75,0.566,0.65,0.284,0.05,0.134
350,1,0.95,0.699,0.8,0.333,0.3,0.051,0.1,0.467
351,1,1.0,1.0,0.85,0.1,-0.05,-0.182,0.15,0.8
352,6,0.767,0.65,0.617,0.15,0.283,0.818,0.483,0.85
353,6,0.534,0.3,0.384,0.2,0.616,1.0,0.816,0.9
354,,0.484,0.25,0.334,0.15,0.566,0.95,0.766,0.85
355,,0.434,0.2,0.284,0.1,0.516,0.9,0.716,0.8
356,,0.384,0.15,0.234,0.05,0.466,0.85,0.666,0.75
357,,0.334,0.1,0.184,0.0,0.416,0.8,0.616,0.7
358,,0.284,0.05,0.134,-0.05,0.366,0.75,0.566,0.65
359,4,0.051,0.1,0.467,0.95,0.699,0.8,0.333,0.3
360,4,-0.182,0.15,0.8,1.0,1.0,0.85,0.1,-0.05
361,1,0.818,0.483,0.85,0.767,0.65,0.617,0.15,0.283
362,1,1.0,0.816,0.9,0.534,0.3,0.384,0.2,0.616
363,,0.95,0.766,0.85,0.484,0.25,0.334,0.15,0.566
364,,0.9,0.716,0.8,0.434,0.2,0.284,0.1,0.516
365,,0.85,0.666,0.75,0.384,0.15,0.234,0.05,0.466
366,,0.8,0.616,0.7,0.334,0.1,0.184,0.0,0.416
367,,0.75,0.566,0.65,0.284,0.05,0.134,-0.05,0.366
368,7,0.8,0.333,0.3,0.051,0.1,0.467,0.95,0.699
369,7,0.85,0.1,-0.05,-0.182,0.15,0.8,1.0,1.0
370,4,0.617,0.15,0.283,0.818,0.483,0.85,0.767,0.65
371,4,0.384,0.2,0.616,1.0,0.816,0.9,0.534,0.3
372,,0.334,0.15,0.566,0.95,0.766,0.85,0.484,0.25
373,,0.284,0.1,0.516,0.9,0.716,0.8,0.434,0.2
374,,0.234,0.05,0.466,0.85,0.666,0.75,0.384,0.15
375,,0.184,0.0,0.416,0.8,0.616,0.7,0.334,0.1
376,,0.134,-0.05,0.366,0.75,0.566,0.65,0.284,0.05
377,2,0.467,0.95,0.699,0.8,0.333,0.3,0.051,0.1
378,2,0.8,1.0,1.0,0.85,0.1,-0.05,-0.182,0.15
379,7,0.85,0.767,0.65,0.617,0.15,0.283,0.818,0.483
380,7,0.9,0.534,0.3,0.384,0.2,0.616,1.0,0.816
381,,0.85,0.484,0.25,0.334,0.15,0.566,0.95,0.766
382,,0.8,0.434,0.2,0.284,0.1,0.516,0.9,0.716
383,,0.75,0.384,0.15,0.234,0.05,0.466,0.85,0.666
384,,0.7,0.334,0.1,0.184,0.0,0.416,0.8,0.616
385,,0.65,0.284,0.05,0.134,-0.05,0.366,0.75,0.566
386,5,0.3,0.051,0.1,0.467,0.95,0.699,0.8,0.333
387,5,-0.05,-0.182,0.15,0.8,1.0,1.0,0.85,0.1
388,2,0.283,0.818,0.483,0.85,0.767,0.65,0.617,0.15
389,2,0.616,1.0,0.816,0.9,0.534,0.3,0.384,0.2
390,,0.566,0.95,0.766,0.85,0.484,0.25,0.334,0.15
391,,0.516,0.9,0.716,0.8,0.434,0.2,0.284,0.1
392,,0.466,0.85,0.666,0.75,0.384,0.15,0.234,0.05
393,,0.416,0.8,0.616,0.7,0.334,0.1,0.184,0.0
394,,0.366,0.75,0.566,0.65,0.284,0.05,0.134,-0.05
395,8,0.699,0.8,0.333,0.3,0.051,0.1,0.467,0.95
396,8,1.0,0.85,0.1,-0.05,-0.182,0.15,0.8,1.0
397,5,0.65,0.617,0.15,0.283,0.818,0.483,0.85,0.767
398,5,0.3,0.384,0.2,0.616,1.0,0.816,0.9,0.534
399,,0.25,0.334,0.15,0.566,0.95,0.766,0.85,0.484
400,,0.2,0.284,0.1,0.516,0.9,0.716,0.8,0.434
401,,0.15,0.234,0.05,0.466,0.85,0.666,0.75,0.384
402,,0.1,0.184,0.0,0.416,0.8,0.616,0.7,0.334
403,,0.05,0.134,-0.05,0.366,0.75,0.566,0.65,0.284
404,3,0.1,0.467,0.95,0.699,0.8,0.333,0.3,0.051
405,3,0.15,0.8,1.0,1.0,0.85,0.1,-0.05,-0.182
406,8,0.483,0.85,0.767,0.65,0.617,0.15,0.283,0.818
407,8,0.816,0.9,0.534,0.3,0.384,0.2,0.616,1.0
408,,0.766,0.85,0.484,0.25,0.334,0.15,0.566,0.95
409,,0.716,0.8,0.434,0.2,0.284,0.1,0.516,0.9
410,,0.666,0.75,0.384,0.15,0.234,0.05,0.466,0.85
411,,0.616,0.7,0.334,0.1,0.184,0.0,0.416,0.8
412,,0.566,0.65,0.284,0.05,0.134,-0.05,0.366,0.75
413,6,0.333,0.3,0.051,0.1,0.467,0.95,0.699,0.8
414,6,0.1,-0.05,-0.182,0.15,0.8,1.0,1.0,0.85
415,3,0.15,0.283,0.818,0.483,0.85,0.767,0.65,0.617
416,3,0.2,0.616,1.0,0.816,0.9,0.534,0.3,0.384
417,,0.15,0.566,0.95,0.766,0.85,0.484,0.25,0.334
418,,0.1,0.516,0.9,0.716,0.8,0.434,0.2,0.284
419,,0.05,0.466,0.85,0.666,0.75,0.384,0.15,0.234
420,,0.0,0.416,0.8,0.616,0.7,0.334,0.1,0.184
421,,-0.05,0.366,0.75,0.566,0.65,0.284,0.05,0.134
422,1,0.95,0.699,0.8,0.333,0.3,0.051,0.1,0.467
423,1,1.0,1.0,0.85,0.1,-0.05,-0.182,0.15,0.8
424,6,0.767,0.65,0.617,0.15,0.283,0.818,0.483,0.85
425,6,0.534,0.3,0.384,0.2,0.616,1.0,0.816,0.9
426,,0.484,0.25,0.334,0.15,0.566,0.95,0.766,0.85
427,,0.434,0.2,0.284,0.1,0.516,0.9,0.716,0.8
428,,0.384,0.15,0.234,0.05,0.466,0.85,0.666,0.75
429,,0.334,0.1,0.184,0.0,0.416,0.8,0.616,0.7
430,,0.284,0.05,0.134,-0.05,0.366,0.75,0.566,0.65
431,4,0.051,0.1,0.467,0.95,0.699,0.8,0.333,0.3
432,4,-0.182,0.15,0.8,1.0,1.0,0.85,0.1,-0.05
433,1,0.818,0.483,0.85,0.767,0.65,0.617,0.15,0.283
434,1,1.0,0.816,0.9,0.534,0.3,0.384,0.2,0.616
435,,0.95,0.766,0.85,0.484,0.25,0.334,0.15,0.566
436,,0.9,0.716,0.8,0.434,0.2,0.284,0.1,0.516
437,,0.85,0.666,0.75,0.384,0.15,0.234,0.05,0.466
438,,0.8,0.616,0.7,0.334,0.1,0.184,0.0,0.416
439,,0.75,0.566,0.65,0.284,0.05,0.134,-0.05,0.366
440,7,0.8,0.333,0.3,0.051,0.1,0.467,0.95,0.699
441,7,0.85,0.1,-0.05,-0.182,0.15,0.8,1.0,1.0
442,4,0.617,0.15,0.283,0.818,0.483,0.85,0.767,0.65
443,4,0.384,0.2,0.616,1.0,0.816,0.9,0.534,0.3
444,,0.334,0.15,0.566,0.95,0.766,0.85,0.484,0.25
445,,0.284,0.1,0.516,0.9,0.716,0.8,0.434,0.2
446,,0.234,0.05,0.466,0.85,0.666,0.75,0.384,0.15
447,,0.184,0.0,0.416,0.8,0.616,0.7,0.334,0.1
448,,0.134,-0.05,0.366,0.75,0.566,0.65,0.284,0.05
449,2,0.467,0.95,0.699,0.8,0.333,0.3,0.051,0.1
450,2,0.8,1.0,1.0,0.85,0.1,-0.05,-0.182,0.15
451,7,0.85,0.767,0.65,0.617,0.15,0.283,0.818,0.483
452,7,0.9,0.534,0.3,0.384,0.2,0.616,1.0,0.816
453,,0.85,0.484,0.25,0.334,0.15,0.566,0.95,0.766
454,,0.8,0.434,0.2,0.284,0.1,0.516,0.9,0.716
455,,0.75,0.384,0.15,0.234,0.05,0.466,0.85,0.666
456,,0.7,0.334,0.1,0.184,0.0,0.416,0.8,0.616
457,,0.65,0.284,0.05,0.134,-0.05,0.366,0.75,0.566
458,5,0.3,0.051,0.1,0.467,0.95,0.699,0.8,0.333
459,5,-0.05,-0.182,0.15,0.8,1.0,1.0,0.85,0.1
460,2,0.283,0.818,0.483,0.85,0.767,0.65,0.617,0.15
461,2,0.616,1.0,0.816,0.9,0.534,0.3,0.384,0.2
462,,0.566,0.95,0.766,0.85,0.484,0.25,0.334,0.15
463,,0.516,0.9,0.716,0.8,0.434,0.2,0.284,0.1
464,,0.466,0.85,0.666,0.75,0.384,0.15,0.234,0.05
465,,0.416,0.8,0.616,0.7,0.334,0.1,0.184,0.0
466,,0.366,0.75,0.566,0.65,0.284,0.05,0.134,-0.05
467,8,0.699,0.8,0.333,0.3,0.051,0.1,0.467,0.95
468,8,1.0,0.85,0.1,-0.05,-0.182,0.15,0.8,1.0
469,5,0.65,0.617,0.15,0.283,0.818,0.483,0.85,0.767
470,5,0.3,0.384,0.2,0.616,1.0,0.816,0.9,0.534
471,,0.25,0.334,0.15,0.566,0.95,0.766,0.85,0.484
472,,0.2,0.284,0.1,0.516,0.9,0.716,0.8,0.434
473,,0.15,0.234,0.05,0.466,0.85,0.666,0.75,0.384
474,,0.1,0.184,0.0,0.416,0.8,0.616,0.7,0.334
475,,0.05,0.134,-0.05,0.366,0.75,0.566,0.65,0.284
476,3,0.1,0.467,0.95,0.699,0.8,0.333,0.3,0.051
477,3,0.15,0.8,1.0,1.0,0.85,0.1,-0.05,-0.182
478,8,0.483,0.85,0.767,0.65,0.617,0.15,0.283,0.818
479,8,0.816,0.9,0.534,0.3,0.384,0.2,0.616,1.0
480,,0.766,0.85,0.484,0.25,0.334,0.15,0.566,0.95
481,,0.716,0.8,0.434,0.2,0.284,0.1,0.516,0.9
482,,0.666,0.75,0.384,0.15,0.234,0.05,0.466,0.85
483,,0.616,0.7,0.334,0.1,0.184,0.0,0.416,0.8
484,,0.566,0.65,0.284,0.05,0.134,-0.05,0.366,0.75
485,6,0.333,0.3,0.051,0.1,0.467,0.95,0.699,0.8
486,6,0.1,-0.05,-0.182,0.15,0.8,1.0,1.0,0.85
487,3,0.15,0.283,0.818,0.483,0.85,0.767,0.65,0.617
488,3,0.2,0.616,1.0,0.816,0.9,0.534,0.3,0.384
489,,0.15,0.566,0.95,0.766,0.85,0.484,0.25,0.334
490,,0.1,0.516,0.9,0.716,0.8,0.434,0.2,0.284
491,,0.05,0.466,0.85,0.666,0.75,0.384,0.15,0.234
492,,0.0,0.416,0.8,0.616,0.7,0.334,0.1,0.184
493,,-0.05,0.366,0.75,0.566,0.65,0.284,0.05,0.134
494,1,0.95,0.699,0.8,0.333,0.3,0.051,0.1,0.467
495,1,1.0,1.0,0.85,0.1,-0.05,-0.182,0.15,0.8
496,6,0.767,0.65,0.617,0.15,0.283,0.818,0.483,0.85
497,6,0.534,0.3,0.384,0.2,0.616,1.0,0.816,0.9
498,,0.484,0.25,0.334,0.15,0.566,0.95,0.766,0.85
499,,0.434,0.2,0.284,0.1,0.516,0.9,0.716,0.8
