step,active_motive,motive_1,motive_2,motive_3,motive_4,motive_5,motive_6,motive_7,motive_8
0,,0.09416,0.31141,0.97951,0.17533,0.01716,0.76336,0.80691,0.3463
1,,0.04416,0.26141,0.92951,0.12533,-0.03284,0.71336,0.75691,0.2963
2,5,-0.30584,0.02841,0.97951,0.45833,0.96716,1.0,0.80691,0.0633
3,5,-0.65584,-0.20459,1.0,0.79133,1.0,1.0,0.85691,-0.1697
4,1,0.34416,0.12841,1.0,0.55833,0.65,0.767,0.90691,0.1633
5,1,1.0,0.46141,1.0,0.32533,0.3,0.534,0.95691,0.4963
6,,0.95,0.41141,0.95,0.27533,0.25,0.484,0.90691,0.4463
7,,0.9,0.36141,0.9,0.22533,0.2,0.434,0.85691,0.3963
8,,0.85,0.31141,0.85,0.17533,0.15,0.384,0.80691,0.3463
9,,0.8,0.26141,0.8,0.12533,0.1,0.334,0.75691,0.2963
10,,0.75,0.21141,0.75,0.07533,0.05,0.284,0.70691,0.2463
11,,0.7,0.16141,0.7,0.02533,0.0,0.234,0.65691,0.1963
12,,0.65,0.11141,0.65,-0.02467,-0.05,0.184,0.60691,0.1463
13,5,0.3,-0.12159,0.7,0.30833,0.95,0.517,0.65691,-0.0867
14,5,-0.05,-0.35459,0.75,0.64133,1.0,0.85,0.70691,-0.3197
15,2,0.283,0.64541,1.0,0.69133,0.767,0.5,0.47391,-0.2697
16,2,0.616,1.0,1.0,0.74133,0.534,0.15,0.24091,-0.2197
17,8,0.949,1.0,0.767,0.39133,0.301,0.2,0.57391,0.7803
18,8,1.0,1.0,0.534,0.04133,0.068,0.25,0.90691,1.0
19,,0.95,0.95,0.484,-0.00867,0.018,0.2,0.85691,0.95
20,4,0.717,1.0,0.817,0.99133,0.351,0.25,0.62391,0.6
21,4,0.484,1.0,1.0,1.0,0.684,0.3,0.39091,0.25
22,,0.434,0.95,0.95,0.95,0.634,0.25,0.34091,0.2
23,,0.384,0.9,0.9,0.9,0.584,0.2,0.29091,0.15
24,,0.334,0.85,0.85,0.85,0.534,0.15,0.24091,0.1
25,,0.284,0.8,0.8,0.8,0.484,0.1,0.19091,0.05
26,,0.234,0.75,0.75,0.75,0.434,0.05,0.14091,0.0
27,,0.184,0.7,0.7,0.7,0.384,0.0,0.09091,-0.05
28,8,0.517,0.75,0.467,0.35,0.151,0.05,0.42391,0.95
29,8,0.85,0.8,0.234,-0.0,-0.082,0.1,0.75691,1.0
30,5,0.5,0.567,0.284,0.333,0.918,0.433,0.80691,0.767
31,5,0.15,0.334,0.334,0.666,1.0,0.766,0.85691,0.534
32,,0.1,0.284,0.284,0.616,0.95,0.716,0.80691,0.484
33,,0.05,0.234,0.234,0.566,0.9,0.666,0.75691,0.434
34,,0.0,0.184,0.184,0.516,0.85,0.616,0.70691,0.384
35,,-0.05,0.134,0.134,0.466,0.8,0.566,0.65691,0.334
36,1,0.95,0.467,0.184,0.233,0.45,0.333,0.70691,0.667
37,1,1.0,0.8,0.234,0.0,0.1,0.1,0.75691,1.0
38,,0.95,0.75,0.184,-0.05,0.05,0.05,0.70691,0.95
39,4,0.717,0.8,0.517,0.95,0.383,0.1,0.47391,0.6
40,4,0.484,0.85,0.85,1.0,0.716,0.15,0.24091,0.25
41,,0.434,0.8,0.8,0.95,0.666,0.1,0.19091,0.2
42,,0.384,0.75,0.75,0.9,0.616,0.05,0.14091,0.15
43,,0.334,0.7,0.7,0.85,0.566,0.0,0.09091,0.1
44,,0.284,0.65,0.65,0.8,0.516,-0.05,0.04091,0.05
45,6,0.051,0.3,0.417,0.85,0.849,0.95,0.37391,0.1
46,6,-0.182,-0.05,0.184,0.9,1.0,1.0,0.70691,0.15
47,1,0.818,0.283,0.234,0.667,0.65,0.767,0.75691,0.483
48,1,1.0,0.616,0.284,0.434,0.3,0.534,0.80691,0.816
49,,0.95,0.566,0.234,0.384,0.25,0.484,0.75691,0.766
50,,0.9,0.516,0.184,0.334,0.2,0.434,0.70691,0.716
51,,0.85,0.466,0.134,0.284,0.15,0.384,0.65691,0.666
52,,0.8,0.416,0.084,0.234,0.1,0.334,0.60691,0.616
53,,0.75,0.366,0.034,0.184,0.05,0.284,0.55691,0.566
54,,0.7,0.316,-0.016,0.134,0.0,0.234,0.50691,0.516
55,3,0.75,0.649,0.984,0.467,0.05,0.001,0.15691,0.283
56,3,0.8,0.982,1.0,0.8,0.1,-0.232,-0.19309,0.05
57,6,0.567,0.632,0.767,0.85,0.433,0.768,0.13991,0.1
58,6,0.334,0.282,0.534,0.9,0.766,1.0,0.47291,0.15
59,,0.284,0.232,0.484,0.85,0.716,0.95,0.42291,0.1
60,,0.234,0.182,0.434,0.8,0.666,0.9,0.37291,0.05
61,,0.184,0.132,0.384,0.75,0.616,0.85,0.32291,0.0
62,,0.134,0.082,0.334,0.7,0.566,0.8,0.27291,-0.05
63,8,0.467,0.132,0.101,0.35,0.333,0.85,0.60591,0.95
64,8,0.8,0.182,-0.132,-0.0,0.1,0.9,0.93891,1.0
65,3,0.85,0.515,0.868,0.333,0.15,0.667,0.58891,0.767
66,3,0.9,0.848,1.0,0.666,0.2,0.434,0.23891,0.534
67,,0.85,0.798,0.95,0.616,0.15,0.384,0.18891,0.484
68,,0.8,0.748,0.9,0.566,0.1,0.334,0.13891,0.434
69,,0.75,0.698,0.85,0.516,0.05,0.284,0.08891,0.384
70,,0.7,0.648,0.8,0.466,0.0,0.234,0.03891,0.334
71,,0.65,0.598,0.75,0.416,-0.05,0.184,-0.01109,0.284
72,5,0.3,0.365,0.8,0.749,0.95,0.517,0.03891,0.051
73,5,-0.05,0.132,0.85,1.0,1.0,0.85,0.08891,-0.182
74,8,0.283,0.182,0.617,0.65,0.767,0.9,0.42191,0.818
75,8,0.616,0.232,0.384,0.3,0.534,0.95,0.75491,1.0
76,,0.566,0.182,0.334,0.25,0.484,0.9,0.70491,0.95
77,,0.516,0.132,0.284,0.2,0.434,0.85,0.65491,0.9
78,,0.466,0.082,0.234,0.15,0.384,0.8,0.60491,0.85
79,,0.416,0.032,0.184,0.1,0.334,0.75,0.55491,0.8
80,,0.366,-0.018,0.134,0.05,0.284,0.7,0.50491,0.75
81,2,0.699,0.982,0.467,0.1,0.051,0.35,0.27191,0.8
82,2,1.0,1.0,0.8,0.15,-0.182,-0.0,0.03891,0.85
83,5,0.65,0.767,0.85,0.483,0.818,0.333,0.08891,0.617
84,5,0.3,0.534,0.9,0.816,1.0,0.666,0.13891,0.384
85,,0.25,0.484,0.85,0.766,0.95,0.616,0.08891,0.334
86,,0.2,0.434,0.8,0.716,0.9,0.566,0.03891,0.284
87,,0.15,0.384,0.75,0.666,0.85,0.516,-0.01109,0.234
88,7,0.2,0.151,0.4,0.433,0.9,0.849,0.98891,0.567
89,7,0.25,-0.082,0.05,0.2,0.95,1.0,1.0,0.9
90,2,0.583,0.918,0.383,0.25,0.717,0.65,0.767,0.95
91,2,0.916,1.0,0.716,0.3,0.484,0.3,0.534,1.0
92,,0.866,0.95,0.666,0.25,0.434,0.25,0.484,0.95
93,,0.816,0.9,0.616,0.2,0.384,0.2,0.434,0.9
94,,0.766,0.85,0.566,0.15,0.334,0.15,0.384,0.85
95,,0.716,0.8,0.516,0.1,0.284,0.1,0.334,0.8
96,,0.666,0.75,0.466,0.05,0.234,0.05,0.284,0.75
97,,0.616,0.7,0.416,0.0,0.184,0.0,0.234,0.7
98,,0.566,0.65,0.366,-0.05,0.134,-0.05,0.184,0.65
99,6,0.333,0.3,0.133,0.0,0.467,0.95,0.517,0.7
100,6,0.1,-0.05,-0.1,0.05,0.8,1.0,0.85,0.75
101,3,0.15,0.283,0.9,0.383,0.85,0.767,0.5,0.517
102,3,0.2,0.616,1.0,0.716,0.9,0.534,0.15,0.284
103,,0.15,0.566,0.95,0.666,0.85,0.484,0.1,0.234
104,,0.1,0.516,0.9,0.616,0.8,0.434,0.05,0.184
105,,0.05,0.466,0.85,0.566,0.75,0.384,0.0,0.134
106,,0.0,0.416,0.8,0.516,0.7,0.334,-0.05,0.084
107,7,0.05,0.183,0.45,0.283,0.75,0.667,0.95,0.417
108,7,0.1,-0.05,0.1,0.05,0.8,1.0,1.0,0.75
109,2,0.433,0.95,0.433,0.1,0.567,0.65,0.767,0.8
110,2,0.766,1.0,0.766,0.15,0.334,0.3,0.534,0.85
111,,0.716,0.95,0.716,0.1,0.284,0.25,0.484,0.8
112,,0.666,0.9,0.666,0.05,0.234,0.2,0.434,0.75
113,,0.616,0.85,0.616,0.0,0.184,0.15,0.384,0.7
114,,0.566,0.8,0.566,-0.05,0.134,0.1,0.334,0.65
115,4,0.333,0.85,0.899,0.95,0.467,0.15,0.101,0.3
116,4,0.1,0.9,1.0,1.0,0.8,0.2,-0.132,-0.05
117,7,0.15,0.667,0.65,0.767,0.85,0.533,0.868,0.283
118,7,0.2,0.434,0.3,0.534,0.9,0.866,1.0,0.616
119,,0.15,0.384,0.25,0.484,0.85,0.816,0.95,0.566
120,,0.1,0.334,0.2,0.434,0.8,0.766,0.9,0.516
121,,0.05,0.284,0.15,0.384,0.75,0.716,0.85,0.466
122,,0.0,0.234,0.1,0.334,0.7,0.666,0.8,0.416
123,,-0.05,0.184,0.05,0.284,0.65,0.616,0.75,0.366
124,1,0.95,0.517,0.1,0.051,0.3,0.383,0.8,0.699
125,1,1.0,0.85,0.15,-0.182,-0.05,0.15,0.85,1.0
126,4,0.767,0.9,0.483,0.818,0.283,0.2,0.617,0.65
127,4,0.534,0.95,0.816,1.0,0.616,0.25,0.384,0.3
128,,0.484,0.9,0.766,0.95,0.566,0.2,0.334,0.25
129,,0.434,0.85,0.716,0.9,0.516,0.15,0.284,0.2
130,,0.384,0.8,0.666,0.85,0.466,0.1,0.234,0.15
131,,0.334,0.75,0.616,0.8,0.416,0.05,0.184,0.1
132,,0.284,0.7,0.566,0.75,0.366,0.0,0.134,0.05
133,,0.234,0.65,0.516,0.7,0.316,-0.05,0.084,0.0
134,6,0.001,0.3,0.283,0.75,0.649,0.95,0.417,0.05
135,6,-0.232,-0.05,0.05,0.8,0.982,1.0,0.75,0.1
136,1,0.768,0.283,0.1,0.567,0.632,0.767,0.8,0.433
137,1,1.0,0.616,0.15,0.334,0.282,0.534,0.85,0.766
138,,0.95,0.566,0.1,0.284,0.232,0.484,0.8,0.716
139,,0.9,0.516,0.05,0.234,0.182,0.434,0.75,0.666
140,,0.85,0.466,0.0,0.184,0.132,0.384,0.7,0.616
141,,0.8,0.416,-0.05,0.134,0.082,0.334,0.65,0.566
142,3,0.85,0.749,0.95,0.467,0.132,0.101,0.3,0.333
143,3,0.9,1.0,1.0,0.8,0.182,-0.132,-0.05,0.1
144,6,0.667,0.65,0.767,0.85,0.515,0.868,0.283,0.15
145,6,0.434,0.3,0.534,0.9,0.848,1.0,0.616,0.2
146,,0.384,0.25,0.484,0.85,0.798,0.95,0.566,0.15
147,,0.334,0.2,0.434,0.8,0.748,0.9,0.516,0.1
148,,0.284,0.15,0.384,0.75,0.698,0.85,0.466,0.05
149,,0.234,0.1,0.334,0.7,0.648,0.8,0.416,0.0
150,,0.184,0.05,0.284,0.65,0.598,0.75,0.366,-0.05
151,8,0.517,0.1,0.051,0.3,0.365,0.8,0.699,0.95
152,8,0.85,0.15,-0.182,-0.05,0.132,0.85,1.0,1.0
153,3,0.9,0.483,0.818,0.283,0.182,0.617,0.65,0.767
154,3,0.95,0.816,1.0,0.616,0.232,0.384,0.3,0.534
155,,0.9,0.766,0.95,0.566,0.182,0.334,0.25,0.484
156,,0.85,0.716,0.9,0.516,0.132,0.284,0.2,0.434
157,,0.8,0.666,0.85,0.466,0.082,0.234,0.15,0.384
158,,0.75,0.616,0.8,0.416,0.032,0.184,0.1,0.334
159,,0.7,0.566,0.75,0.366,-0.018,0.134,0.05,0.284
160,5,0.35,0.333,0.8,0.699,0.982,0.467,0.1,0.051
161,5,-0.0,0.1,0.85,1.0,1.0,0.8,0.15,-0.182
162,8,0.333,0.15,0.617,0.65,0.767,0.85,0.483,0.818
163,8,0.666,0.2,0.384,0.3,0.534,0.9,0.816,1.0
164,,0.616,0.15,0.334,0.25,0.484,0.85,0.766,0.95
165,,0.566,0.1,0.284,0.2,0.434,0.8,0.716,0.9
166,,0.516,0.05,0.234,0.15,0.384,0.75,0.666,0.85
167,,0.466,0.0,0.184,0.1,0.334,0.7,0.616,0.8
168,,0.416,-0.05,0.134,0.05,0.284,0.65,0.566,0.75
169,2,0.749,0.95,0.467,0.1,0.051,0.3,0.333,0.8
170,2,1.0,1.0,0.8,0.15,-0.182,-0.05,0.1,0.85
171,5,0.65,0.767,0.85,0.483,0.818,0.283,0.15,0.617
172,5,0.3,0.534,0.9,0.816,1.0,0.616,0.2,0.384
173,,0.25,0.484,0.85,0.766,0.95,0.566,0.15,0.334
174,,0.2,0.434,0.8,0.716,0.9,0.516,0.1,0.284
175,,0.15,0.384,0.75,0.666,0.85,0.466,0.05,0.234
176,,0.1,0.334,0.7,0.616,0.8,0.416,0.0,0.184
177,,0.05,0.284,0.65,0.566,0.75,0.366,-0.05,0.134
178,7,0.1,0.051,0.3,0.333,0.8,0.699,0.95,0.467
179,7,0.15,-0.182,-0.05,0.1,0.85,1.0,1.0,0.8
180,2,0.483,0.818,0.283,0.15,0.617,0.65,0.767,0.85
181,2,0.816,1.0,0.616,0.2,0.384,0.3,0.534,0.9
182,,0.766,0.95,0.566,0.15,0.334,0.25,0.484,0.85
183,,0.716,0.9,0.516,0.1,0.284,0.2,0.434,0.8
184,,0.666,0.85,0.466,0.05,0.234,0.15,0.384,0.75
185,,0.616,0.8,0.416,0.0,0.184,0.1,0.334,0.7
186,,0.566,0.75,0.366,-0.05,0.134,0.05,0.284,0.65
187,4,0.333,0.8,0.699,0.95,0.467,0.1,0.051,0.3
188,4,0.1,0.85,1.0,1.0,0.8,0.15,-0.182,-0.05
189,7,0.15,0.617,0.65,0.767,0.85,0.483,0.818,0.283
190,7,0.2,0.384,0.3,0.534,0.9,0.816,1.0,0.616
191,,0.15,0.334,0.25,0.484,0.85,0.766,0.95,0.566
192,,0.1,0.284,0.2,0.434,0.8,0.716,0.9,0.516
193,,0.05,0.234,0.15,0.384,0.75,0.666,0.85,0.466
194,,0.0,0.184,0.1,0.334,0.7,0.616,0.8,0.416
195,,-0.05,0.134,0.05,0.284,0.65,0.566,0.75,0.366
196,1,0.95,0.467,0.1,0.051,0.3,0.333,0.8,0.699
197,1,1.0,0.8,0.15,-0.182,-0.05,0.1,0.85,1.0
198,4,0.767,0.85,0.483,0.818,0.283,0.15,0.617,0.65
199,4,0.534,0.9,0.816,1.0,0.616,0.2,0.384,0.3
200,,0.484,0.85,0.766,0.95,0.566,0.15,0.334,0.25
201,,0.434,0.8,0.716,0.9,0.516,0.1,0.284,0.2
202,,0.384,0.75,0.666,0.85,0.466,0.05,0.234,0.15
203,,0.334,0.7,0.616,0.8,0.416,0.0,0.184,0.1
204,,0.284,0.65,0.566,0.75,0.366,-0.05,0.134,0.05
205,6,0.051,0.3,0.333,0.8,0.699,0.95,0.467,0.1
206,6,-0.182,-0.05,0.1,0.85,1.0,1.0,0.8,0.15
207,1,0.818,0.283,0.15,0.617,0.65,0.767,0.85,0.483
208,1,1.0,0.616,0.2,0.384,0.3,0.534,0.9,0.816
209,,0.95,0.566,0.15,0.334,0.25,0.484,0.85,0.766
210,,0.9,0.516,0.1,0.284,0.2,0.434,0.8,0.716
211,,0.85,0.466,0.05,0.234,0.15,0.384,0.75,0.666
212,,0.8,0.416,0.0,0.184,0.1,0.334,0.7,0.616
213,,0.75,0.366,-0.05,0.134,0.05,0.284,0.65,0.566
214,3,0.8,0.699,0.95,0.467,0.1,0.051,0.3,0.333
215,3,0.85,1.0,1.0,0.8,0.15,-0.182,-0.05,0.1
216,6,0.617,0.65,0.767,0.85,0.483,0.818,0.283,0.15
217,6,0.384,0.3,0.534,0.9,0.816,1.0,0.616,0.2
218,,0.334,0.25,0.484,0.85,0.766,0.95,0.566,0.15
219,,0.284,0.2,0.434,0.8,0.716,0.9,0.516,0.1
220,,0.234,0.15,0.384,0.75,0.666,0.85,0.466,0.05
221,,0.184,0.1,0.334,0.7,0.616,0.8,0.416,0.0
222,,0.134,0.05,0.284,0.65,0.566,0.75,0.366,-0.05
223,8,0.467,0.1,0.051,0.3,0.333,0.8,0.699,0.95
224,8,0.8,0.15,-0.182,-0.05,0.1,0.85,1.0,1.0
225,3,0.85,0.483,0.818,0.283,0.15,0.617,0.65,0.767
226,3,0.9,0.816,1.0,0.616,0.2,0.384,0.3,0.534
227,,0.85,0.766,0.95,0.566,0.15,0.334,0.25,0.484
228,,0.8,0.716,0.9,0.516,0.1,0.284,0.2,0.434
229,,0.75,0.666,0.85,0.466,0.05,0.234,0.15,0.384
230,,0.7,0.616,0.8,0.416,0.0,0.184,0.1,0.334
231,,0.65,0.566,0.75,0.366,-0.05,0.134,0.05,0.284
232,5,0.3,0.333,0.8,0.699,0.95,0.467,0.1,0.051
233,5,-0.05,0.1,0.85,1.0,1.0,0.8,0.15,-0.182
234,8,0.283,0.15,0.617,0.65,0.767,0.85,0.483,0.818
235,8,0.616,0.2,0.384,0.3,0.534,0.9,0.816,1.0
236,,0.566,0.15,0.334,0.25,0.484,0.85,0.766,0.95
237,,0.516,0.1,0.284,0.2,0.434,0.8,0.716,0.9
238,,0.466,0.05,0.234,0.15,0.384,0.75,0.666,0.85
239,,0.416,0.0,0.184,0.1,0.334,0.7,0.616,0.8
240,,0.366,-0.05,0.134,0.05,0.284,0.65,0.566,0.75
241,2,0.699,0.95,0.467,0.1,0.051,0.3,0.333,0.8
242,2,1.0,1.0,0.8,0.15,-0.182,-0.05,0.1,0.85
243,5,0.65,0.767,0.85,0.483,0.818,0.283,0.15,0.617
244,5,0.3,0.534,0.9,0.816,1.0,0.616,0.2,0.384
245,,0.25,0.484,0.85,0.766,0.95,0.566,0.15,0.334
246,,0.2,0.434,0.8,0.716,0.9,0.516,0.1,0.284
247,,0.15,0.384,0.75,0.666,0.85,0.466,0.05,0.234
248,,0.1,0.334,0.7,0.616,0.8,0.416,0.0,0.184
249,,0.05,0.284,0.65,0.566,0.75,0.366,-0.05,0.134
250,7,0.1,0.051,0.3,0.333,0.8,0.699,0.95,0.467
251,7,0.15,-0.182,-0.05,0.1,0.85,1.0,1.0,0.8
252,2,0.483,0.818,0.283,0.15,0.617,0.65,0.767,0.85
253,2,0.816,1.0,0.616,0.2,0.384,0.3,0.534,0.9
254,,0.766,0.95,0.566,0.15,0.334,0.25,0.484,0.85
255,,0.716,0.9,0.516,0.1,0.284,0.2,0.434,0.8
256,,0.666,0.85,0.466,0.05,0.234,0.15,0.384,0.75
257,,0.616,0.8,0.416,0.0,0.184,0.1,0.334,0.7
258,,0.566,0.75,0.366,-0.05,0.134,0.05,0.284,0.65
259,4,0.333,0.8,0.699,0.95,0.467,0.1,0.051,0.3
260,4,0.1,0.85,1.0,1.0,0.8,0.15,-0.182,-0.05
261,7,0.15,0.617,0.65,0.767,0.85,0.483,0.818,0.283
262,7,0.2,0.384,0.3,0.534,0.9,0.816,1.0,0.616
263,,0.15,0.334,0.25,0.484,0.85,0.766,0.95,0.566
264,,0.1,0.284,0.2,0.434,0.8,0.716,0.9,0.516
265,,0.05,0.234,0.15,0.384,0.75,0.666,0.85,0.466
266,,0.0,0.184,0.1,0.334,0.7,0.616,0.8,0.416
267,,-0.05,0.134,0.05,0.284,0.65,0.566,0.75,0.366
268,1,0.95,0.467,0.1,0.051,0.3,0.333,0.8,0.699
269,1,1.0,0.8,0.15,-0.182,-0.05,0.1,0.85,1.0
270,4,0.767,0.85,0.483,0.818,0.283,0.15,0.617,0.65
271,4,0.534,0.9,0.816,1.0,0.616,0.2,0.384,0.3
272,,0.484,0.85,0.766,0.95,0.566,0.15,0.334,0.25
273,,0.434,0.8,0.716,0.9,0.516,0.1,0.284,0.2
274,,0.384,0.75,0.666,0.85,0.466,0.05,0.234,0.15
275,,0.334,0.7,0.616,0.8,0.416,0.0,0.184,0.1
276,,0.284,0.65,0.566,0.75,0.366,-0.05,0.134,0.05
277,6,0.051,0.3,0.333,0.8,0.699,0.95,0.467,0.1
278,6,-0.182,-0.05,0.1,0.85,1.0,1.0,0.8,0.15
279,1,0.818,0.283,0.15,0.617,0.65,0.767,0.85,0.483
280,1,1.0,0.616,0.2,0.384,0.3,0.534,0.9,0.816
281,,0.95,0.566,0.15,0.334,0.25,0.484,0.85,0.766
282,,0.9,0.516,0.1,0.284,0.2,0.434,0.8,0.716
283,,0.85,0.466,0.05,0.234,0.15,0.384,0.75,0.666
284,,0.8,0.416,0.0,0.184,0.1,0.334,0.7,0.616
285,,0.75,0.366,-0.05,0.134,0.05,0.284,0.65,0.566
286,3,0.8,0.699,0.95,0.467,0.1,0.051,0.3,0.333
287,3,0.85,1.0,1.0,0.8,0.15,-0.182,-0.05,0.1
288,6,0.617,0.65,0.767,0.85,0.483,0.818,0.283,0.15
289,6,0.384,0.3,0.534,0.9,0.816,1.0,0.616,0.2
290,,0.334,0.25,0.484,0.85,0.766,0.95,0.566,0.15
291,,0.284,0.2,0.434,0.8,0.716,0.9,0.516,0.1
292,,0.234,0.15,0.384,0.75,0.666,0.85,0.466,0.05
293,,0.184,0.1,0.334,0.7,0.616,0.8,0.416,0.0
294,,0.134,0.05,0.284,0.65,0.566,0.75,0.366,-0.05
295,8,0.467,0.1,0.051,0.3,0.333,0.8,0.699,0.95
296,8,0.8,0.15,-0.182,-0.05,0.1,0.85,1.0,1.0
297,3,0.85,0.483,0.818,0.283,0.15,0.617,0.65,0.767
298,3,0.9,0.816,1.0,0.616,0.2,0.384,0.3,0.534
299,,0.85,0.766,0.95,0.566,0.15,0.334,0.25,0.484
300,,0.8,0.716,0.9,0.516,0.1,0.284,0.2,0.434
301,,0.75,0.666,0.85,0.466,0.05,0.234,0.15,0.384
302,,0.7,0.616,0.8,0.416,0.0,0.184,0.1,0.334
303,,0.65,0.566,0.75,0.366,-0.05,0.134,0.05,0.284
304,5,0.3,0.333,0.8,0.699,0.95,0.467,0.1,0.051
305,5,-0.05,0.1,0.85,1.0,1.0,0.8,0.15,-0.182
306,8,0.283,0.15,0.617,0.65,0.767,0.85,0.483,0.818
307,8,0.616,0.2,0.384,0.3,0.534,0.9,0.816,1.0
308,,0.566,0.15,0.334,0.25,0.484,0.85,0.766,0.95
309,,0.516,0.1,0.284,0.2,0.434,0.8,0.716,0.9
310,,0.466,0.05,0.234,0.15,0.384,0.75,0.666,0.85
311,,0.416,0.0,0.184,0.1,0.334,0.7,0.616,0.8
312,,0.366,-0.05,0.134,0.05,0.284,0.65,0.566,0.75
313,2,0.699,0.95,0.467,0.1,0.051,0.3,0.333,0.8
314,2,1.0,1.0,0.8,0.15,-0.182,-0.05,0.1,0.85
315,5,0.65,0.767,0.85,0.483,0.818,0.283,0.15,0.617
316,5,0.3,0.534,0.9,0.816,1.0,0.616,0.2,0.384
317,,0.25,0.484,0.85,0.766,0.95,0.566,0.15,0.334
318,,0.2,0.434,0.8,0.716,0.9,0.516,0.1,0.284
319,,0.15,0.384,0.75,0.666,0.85,0.466,0.05,0.234
320,,0.1,0.334,0.7,0.616,0.8,0.416,0.0,0.184
321,,0.05,0.284,0.65,0.566,0.75,0.366,-0.05,0.134
322,7,0.1,0.051,0.3,0.333,0.8,0.699,0.95,0.467
323,7,0.15,-0.182,-0.05,0.1,0.85,1.0,1.0,0.8
324,2,0.483,0.818,0.283,0.15,0.617,0.65,0.767,0.85
325,2,0.816,1.0,0.616,0.2,0.384,0.3,0.534,0.9
326,,0.766,0.95,0.566,0.15,0.334,0.25,0.484,0.85
327,,0.716,0.9,0.516,0.1,0.284,0.2,0.434,0.8
328,,0.666,0.85,0.466,0.05,0.234,0.15,0.384,0.75
329,,0.616,0.8,0.416,0.0,0.184,0.1,0.334,0.7
330,,0.566,0.75,0.366,-0.05,0.134,0.05,0.284,0.65
331,4,0.333,0.8,0.699,0.95,0.467,0.1,0.051,0.3
332,4,0.1,0.85,1.0,1.0,0.8,0.15,-0.182,-0.05
333,7,0.15,0.617,0.65,0.767,0.85,0.483,0.818,0.283
334,7,0.2,0.384,0.3,0.534,0.9,0.816,1.0,0.616
335,,0.15,0.334,0.25,0.484,0.85,0.766,0.95,0.566
336,,0.1,0.284,0.2,0.434,0.8,0.716,0.9,0.516
337,,0.05,0.234,0.15,0.384,0.75,0.666,0.85,0.466
338,,0.0,0.184,0.1,0.334,0.7,0.616,0.8,0.416
339,,-0.05,0.134,0.05,0.284,0.65,0.566,0.75,0.366
340,1,0.95,0.467,0.1,0.051,0.3,0.333,0.8,0.699
341,1,1.0,0.8,0.15,-0.182,-0.05,0.1,0.85,1.0
342,4,0.767,0.85,0.483,0.818,0.283,0.15,0.617,0.65
343,4,0.534,0.9,0.816,1.0,0.616,0.2,0.384,0.3
344,,0.484,0.85,0.766,0.95,0.566,0.15,0.334,0.25
345,,0.434,0.8,0.716,0.9,0.516,0.1,0.284,0.2
346,,0.384,0.75,0.666,0.85,0.466,0.05,0.234,0.15
347,,0.334,0.7,0.616,0.8,0.416,0.0,0.184,0.1
348,,0.284,0.65,0.566,0.75,0.366,-0.05,0.134,0.05
349,6,0.051,0.3,0.333,0.8,0.699,0.95,0.467,0.1
350,6,-0.182,-0.05,0.1,0.85,1.0,1.0,0.8,0.15
351,1,0.818,0.283,0.15,0.617,0.65,0.767,0.85,0.483
352,1,1.0,0.616,0.2,0.384,0.3,0.534,0.9,0.816
353,,0.95,0.566,0.15,0.334,0.25,0.484,0.85,0.766
354,,0.9,0.516,0.1,0.284,0.2,0.434,0.8,0.716
355,,0.85,0.466,0.05,0.234,0.15,0.384,0.75,0.666
356,,0.8,0.416,0.0,0.184,0.1,0.334,0.7,0.616
357,,0.75,0.366,-0.05,0.134,0.05,0.284,0.65,0.566
358,3,0.8,0.699,0.95,0.467,0.1,0.051,0.3,0.333
359,3,0.85,1.0,1.0,0.8,0.15,-0.182,-0.05,0.1
360,6,0.617,0.65,0.767,0.85,0.483,0.818,0.283,0.15
361,6,0.384,0.3,0.534,0.9,0.816,1.0,0.616,0.2
362,,0.334,0.25,0.484,0.85,0.766,0.95,0.566,0.15
363,,0.284,0.2,0.434,0.8,0.716,0.9,0.516,0.1
364,,0.234,0.15,0.384,0.75,0.666,0.85,0.466,0.05
365,,0.184,0.1,0.334,0.7,0.616,0.8,0.416,0.0
366,,0.134,0.05,0.284,0.65,0.566,0.75,0.366,-0.05
367,8,0.467,0.1,0.051,0.3,0.333,0.8,0.699,0.95
368,8,0.8,0.15,-0.182,-0.05,0.1,0.85,1.0,1.0
369,3,0.85,0.483,0.818,0.283,0.15,0.617,0.65,0.767
370,3,0.9,0.816,1.0,0.616,0.2,0.384,0.3,0.534
371,,0.85,0.766,0.95,0.566,0.15,0.334,0.25,0.484
372,,0.8,0.716,0.9,0.516,0.1,0.284,0.2,0.434
373,,0.75,0.666,0.85,0.466,0.05,0.234,0.15,0.384
374,,0.7,0.616,0.8,0.416,0.0,0.184,0.1,0.334
375,,0.65,0.566,0.75,0.366,-0.05,0.134,0.05,0.284
376,5,0.3,0.333,0.8,0.699,0.95,0.467,0.1,0.051
377,5,-0.05,0.1,0.85,1.0,1.0,0.8,0.15,-0.182
378,8,0.283,0.15,0.617,0.65,0.767,0.85,0.483,0.818
379,8,0.616,0.2,0.384,0.3,0.534,0.9,0.816,1.0
380,,0.566,0.15,0.334,0.25,0.484,0.85,0.766,0.95
381,,0.516,0.1,0.284,0.2,0.434,0.8,0.716,0.9
382,,0.466,0.05,0.234,0.15,0.384,0.75,0.666,0.85
383,,0.416,0.0,0.184,0.1,0.334,0.7,0.616,0.8
384,,0.366,-0.05,0.134,0.05,0.284,0.65,0.566,0.75
385,2,0.699,0.95,0.467,0.1,0.051,0.3,0.333,0.8
386,2,1.0,1.0,0.8,0.15,-0.182,-0.05,0.1,0.85
387,5,0.65,0.767,0.85,0.483,0.818,0.283,0.15,0.617
388,5,0.3,0.534,0.9,0.816,1.0,0.616,0.2,0.384
389,,0.25,0.484,0.85,0.766,0.95,0.566,0.15,0.334
390,,0.2,0.434,0.8,0.716,0.9,0.516,0.1,0.284
391,,0.15,0.384,0.75,0.666,0.85,0.466,0.05,0.234
392,,0.1,0.334,0.7,0.616,0.8,0.416,0.0,0.184
393,,0.05,0.284,0.65,0.566,0.75,0.366,-0.05,0.134
394,7,0.1,0.051,0.3,0.333,0.8,0.699,0.95,0.467
395,7,0.15,-0.182,-0.05,0.1,0.85,1.0,1.0,0.8
396,2,0.483,0.818,0.283,0.15,0.617,0.65,0.767,0.85
397,2,0.816,1.0,0.616,0.2,0.384,0.3,0.534,0.9
398,,0.766,0.95,0.566,0.15,0.334,0.25,0.484,0.85
399,,0.716,0.9,0.516,0.1,0.284,0.2,0.434,0.8
400,,0.666,0.85,0.466,0.05,0.234,0.15,0.384,0.75
401,,0.616,0.8,0.416,0.0,0.184,0.1,0.334,0.7
402,,0.566,0.75,0.366,-0.05,0.134,0.05,0.284,0.65
403,4,0.333,0.8,0.699,0.95,0.467,0.1,0.051,0.3
404,4,0.1,0.85,1.0,1.0,0.8,0.15,-0.182,-0.05
405,7,0.15,0.617,0.65,0.767,0.85,0.483,0.818,0.283
406,7,0.2,0.384,0.3,0.534,0.9,0.816,1.0,0.616
407,,0.15,0.334,0.25,0.484,0.85,0.766,0.95,0.566
408,,0.1,0.284,0.2,0.434,0.8,0.716,0.9,0.516
409,,0.05,0.234,0.15,0.384,0.75,0.666,0.85,0.466
410,,0.0,0.184,0.1,0.334,0.7,0.616,0.8,0.416
411,,-0.05,0.134,0.05,0.284,0.65,0.566,0.75,0.366
412,1,0.95,0.467,0.1,0.051,0.3,0.333,0.8,0.699
413,1,1.0,0.8,0.15,-0.182,-0.05,0.1,0.85,1.0
414,4,0.767,0.85,0.483,0.818,0.283,0.15,0.617,0.65
415,4,0.534,0.9,0.816,1.0,0.616,0.2,0.384,0.3
416,,0.484,0.85,0.766,0.95,0.566,0.15,0.334,0.25
417,,0.434,0.8,0.716,0.9,0.516,0.1,0.284,0.2
418,,0.384,0.75,0.666,0.85,0.466,0.05,0.234,0.15
419,,0.334,0.7,0.616,0.8,0.416,0.0,0.184,0.1
420,,0.284,0.65,0.566,0.75,0.366,-0.05,0.134,0.05
421,6,0.051,0.3,0.333,0.8,0.699,0.95,0.467,0.1
422,6,-0.182,-0.05,0.1,0.85,1.0,1.0,0.8,0.15
423,1,0.818,0.283,0.15,0.617,0.65,0.767,0.85,0.483
424,1,1.0,0.616,0.2,0.384,0.3,0.534,0.9,0.816
425,,0.95,0.566,0.15,0.334,0.25,0.484,0.85,0.766
426,,0.9,0.516,0.1,0.284,0.2,0.434,0.8,0.716
427,,0.85,0.466,0.05,0.234,0.15,0.384,0.75,0.666
428,,0.8,0.416,0.0,0.184,0.1,0.334,0.7,0.616
429,,0.75,0.366,-0.05,0.134,0.05,0.284,0.65,0.566
430,3,0.8,0.699,0.95,0.467,0.1,0.051,0.3,0.333
431,3,0.85,1.0,1.0,0.8,0.15,-0.182,-0.05,0.1
432,6,0.617,0.65,0.767,0.85,0.483,0.818,0.283,0.15
433,6,0.384,0.3,0.534,0.9,0.816,1.0,0.616,0.2
434,,0.334,0.25,0.484,0.85,0.766,0.95,0.566,0.15
435,,0.284,0.2,0.434,0.8,0.716,0.9,0.516,0.1
436,,0.234,0.15,0.384,0.75,0.666,0.85,0.466,0.05
437,,0.184,0.1,0.334,0.7,0.616,0.8,0.416,0.0
438,,0.134,0.05,0.284,0.65,0.566,0.75,0.366,-0.05
439,8,0.467,0.1,0.051,0.3,0.333,0.8,0.699,0.95
440,8,0.8,0.15,-0.182,-0.05,0.1,0.85,1.0,1.0
441,3,0.85,0.483,0.818,0.283,0.15,0.617,0.65,0.767
442,3,0.9,0.816,1.0,0.616,0.2,0.384,0.3,0.534
443,,0.85,0.766,0.95,0.566,0.15,0.334,0.25,0.484
444,,0.8,0.716,0.9,0.516,0.1,0.284,0.2,0.434
445,,0.75,0.666,0.85,0.466,0.05,0.234,0.15,0.384
446,,0.7,0.616,0.8,0.416,0.0,0.184,0.1,0.334
447,,0.65,0.566,0.75,0.366,-0.05,0.134,0.05,0.284
448,5,0.3,0.333,0.8,0.699,0.95,0.467,0.1,0.051
449,5,-0.05,0.1,0.85,1.0,1.0,0.8,0.15,-0.182
450,8,0.283,0.15,0.617,0.65,0.767,0.85,0.483,0.818
451,8,0.616,0.2,0.384,0.3,0.534,0.9,0.816,1.0
452,,0.566,0.15,0.334,0.25,0.484,0.85,0.766,0.95
453,,0.516,0.1,0.284,0.2,0.434,0.8,0.716,0.9
454,,0.466,0.05,0.234,0.15,0.384,0.75,0.666,0.85
455,,0.416,0.0,0.184,0.1,0.334,0.7,0.616,0.8
456,,0.366,-0.05,0.134,0.05,0.284,0.65,0.566,0.75
457,2,0.699,0.95,0.467,0.1,0.051,0.3,0.333,0.8
458,2,1.0,1.0,0.8,0.15,-0.182,-0.05,0.1,0.85
459,5,0.65,0.767,0.85,0.483,0.818,0.283,0.15,0.617
460,5,0.3,0.534,0.9,0.816,1.0,0.616,0.2,0.384
461,,0.25,0.484,0.85,0.766,0.95,0.566,0.15,0.334
462,,0.2,0.434,0.8,0.716,0.9,0.516,0.1,0.284
463,,0.15,0.384,0.75,0.666,0.85,0.466,0.05,0.234
464,,0.1,0.334,0.7,0.616,0.8,0.416,0.0,0.184
465,,0.05,0.284,0.65,0.566,0.75,0.366,-0.05,0.134
466,7,0.1,0.051,0.3,0.333,0.8,0.699,0.95,0.467
467,7,0.15,-0.182,-0.05,0.1,0.85,1.0,1.0,0.8
468,2,0.483,0.818,0.283,0.15,0.617,0.65,0.767,0.85
469,2,0.816,1.0,0.616,0.2,0.384,0.3,0.534,0.9
470,,0.766,0.95,0.566,0.15,0.334,0.25,0.484,0.85
471,,0.716,0.9,0.516,0.1,0.284,0.2,0.434,0.8
472,,0.666,0.85,0.466,0.05,0.234,0.15,0.384,0.75
473,,0.616,0.8,0.416,0.0,0.184,0.1,0.334,0.7
474,,0.566,0.75,0.366,-0.05,0.134,0.05,0.284,0.65
475,4,0.333,0.8,0.699,0.95,0.467,0.1,0.051,0.3
476,4,0.1,0.85,1.0,1.0,0.8,0.15,-0.182,-0.05
477,7,0.15,0.617,0.65,0.767,0.85,0.483,0.818,0.283
478,7,0.2,0.384,0.3,0.534,0.9,0.816,1.0,0.616
479,,0.15,0.334,0.25,0.484,0.85,0.766,0.95,0.566
480,,0.1,0.284,0.2,0.434,0.8,0.716,0.9,0.516
481,,0.05,0.234,0.15,0.384,0.75,0.666,0.85,0.466
482,,0.0,0.184,0.1,0.334,0.7,0.616,0.8,0.416
483,,-0.05,0.134,0.05,0.284,0.65,0.566,0.75,0.366
484,1,0.95,0.467,0.1,0.051,0.3,0.333,0.8,0.699
485,1,1.0,0.8,0.15,-0.182,-0.05,0.1,0.85,1.0
486,4,0.767,0.85,0.483,0.818,0.283,0.15,0.617,0.65
487,4,0.534,0.9,0.816,1.0,0.616,0.2,0.384,0.3
488,,0.484,0.85,0.766,0.95,0.566,0.15,0.334,0.25
489,,0.434,0.8,0.716,0.9,0.516,0.1,0.284,0.2
490,,0.384,0.75,0.666,0.85,0.466,0.05,0.234,0.15
491,,0.334,0.7,0.616,0.8,0.416,0.0,0.184,0.1
492,,0.284,0.65,0.566,0.75,0.366,-0.05,0.134,0.05
493,6,0.051,0.3,0.333,0.8,0.699,0.95,0.467,0.1
494,6,-0.182,-0.05,0.1,0.85,1.0,1.0,0.8,0.15
495,1,0.818,0.283,0.15,0.617,0.65,0.767,0.85,0.483
496,1,1.0,0.616,0.2,0.384,0.3,0.534,0.9,0.816
497,,0.95,0.566,0.15,0.334,0.25,0.484,0.85,0.766
498,,0.9,0.516,0.1,0.284,0.2,0.434,0.8,0.716
499,,0.85,0.466,0.05,0.234,0.15,0.384,0.75,0.666
