step,active_motive,motive_1,motive_2,motive_3,motive_4,motive_5,motive_6,motive_7,motive_8
0,,0.57337,0.1285,0.8112,0.82064,0.62594,0.82043,0.65148,0.20668
1,,0.52337,0.0785,0.7612,0.77064,0.57594,0.77043,0.60148,0.15668
2,,0.47337,0.0285,0.7112,0.72064,0.52594,0.72043,0.55148,0.10668
3,,0.42337,-0.0215,0.6612,0.67064,0.47594,0.67043,0.50148,0.05668
4,2,0.75637,0.9785,0.9942,0.72064,0.24294,0.32043,0.26848,0.10668
5,2,1.0,1.0,1.0,0.77064,0.00994,-0.02957,0.03548,0.15668
6,6,0.767,0.65,0.767,0.82064,0.34294,0.97043,0.36848,0.20668
7,6,0.534,0.3,0.534,0.87064,0.67594,1.0,0.70148,0.25668
8,,0.484,0.25,0.484,0.82064,0.62594,0.95,0.65148,0.20668
9,,0.434,0.2,0.434,0.77064,0.57594,0.9,0.60148,0.15668
10,,0.384,0.15,0.384,0.72064,0.52594,0.85,0.55148,0.10668
11,,0.334,0.1,0.334,0.67064,0.47594,0.8,0.50148,0.05668
12,,0.284,0.05,0.284,0.62064,0.42594,0.75,0.45148,0.00668
13,,0.234,0.0,0.234,0.57064,0.37594,0.7,0.40148,-0.04332
14,8,0.567,0.05,0.001,0.22064,0.14294,0.75,0.73448,0.95668
15,8,0.9,0.1,-0.232,-0.12936,-0.09006,0.8,1.0,1.0
16,3,0.95,0.433,0.768,0.20364,-0.04006,0.567,0.65,0.767
17,3,1.0,0.766,1.0,0.53664,0.00994,0.334,0.3,0.534
18,,0.95,0.716,0.95,0.48664,-0.04006,0.284,0.25,0.484
19,5,0.6,0.483,1.0,0.81964,0.95994,0.617,0.3,0.251
20,5,0.25,0.25,1.0,1.0,1.0,0.95,0.35,0.018
21,,0.2,0.2,0.95,0.95,0.95,0.9,0.3,-0.032
22,8,0.533,0.25,0.717,0.6,0.717,0.95,0.633,0.968
23,8,0.866,0.3,0.484,0.25,0.484,1.0,0.966,1.0
24,,0.816,0.25,0.434,0.2,0.434,0.95,0.916,0.95
25,,0.766,0.2,0.384,0.15,0.384,0.9,0.866,0.9
26,,0.716,0.15,0.334,0.1,0.334,0.85,0.816,0.85
27,,0.666,0.1,0.284,0.05,0.284,0.8,0.766,0.8
28,,0.616,0.05,0.234,0.0,0.234,0.75,0.716,0.75
29,,0.566,0.0,0.184,-0.05,0.184,0.7,0.666,0.7
30,4,0.333,0.05,0.517,0.95,0.517,0.75,0.433,0.35
31,4,0.1,0.1,0.85,1.0,0.85,0.8,0.2,-0.0
32,,0.05,0.05,0.8,0.95,0.8,0.75,0.15,-0.05
33,8,0.383,0.1,0.567,0.6,0.567,0.8,0.483,0.95
34,8,0.716,0.15,0.334,0.25,0.334,0.85,0.816,1.0
35,,0.666,0.1,0.284,0.2,0.284,0.8,0.766,0.95
36,,0.616,0.05,0.234,0.15,0.234,0.75,0.716,0.9
37,,0.566,0.0,0.184,0.1,0.184,0.7,0.666,0.85
38,,0.516,-0.05,0.134,0.05,0.134,0.65,0.616,0.8
39,2,0.849,0.95,0.467,0.1,-0.099,0.3,0.383,0.85
40,2,1.0,1.0,0.8,0.15,-0.332,-0.05,0.15,0.9
41,5,0.65,0.767,0.85,0.483,0.668,0.283,0.2,0.667
42,5,0.3,0.534,0.9,0.816,1.0,0.616,0.25,0.434
43,,0.25,0.484,0.85,0.766,0.95,0.566,0.2,0.384
44,,0.2,0.434,0.8,0.716,0.9,0.516,0.15,0.334
45,,0.15,0.384,0.75,0.666,0.85,0.466,0.1,0.284
46,,0.1,0.334,0.7,0.616,0.8,0.416,0.05,0.234
47,,0.05,0.284,0.65,0.566,0.75,0.366,0.0,0.184
48,,0.0,0.234,0.6,0.516,0.7,0.316,-0.05,0.134
49,7,0.05,0.001,0.25,0.283,0.75,0.649,0.95,0.467
50,7,0.1,-0.232,-0.1,0.05,0.8,0.982,1.0,0.8
51,2,0.433,0.768,0.233,0.1,0.567,0.632,0.767,0.85
52,2,0.766,1.0,0.566,0.15,0.334,0.282,0.534,0.9
53,,0.716,0.95,0.516,0.1,0.284,0.232,0.484,0.85
54,,0.666,0.9,0.466,0.05,0.234,0.182,0.434,0.8
55,,0.616,0.85,0.416,0.0,0.184,0.132,0.384,0.75
56,,0.566,0.8,0.366,-0.05,0.134,0.082,0.334,0.7
57,4,0.333,0.85,0.699,0.95,0.467,0.132,0.101,0.35
58,4,0.1,0.9,1.0,1.0,0.8,0.182,-0.132,-0.0
59,7,0.15,0.667,0.65,0.767,0.85,0.515,0.868,0.333
60,7,0.2,0.434,0.3,0.534,0.9,0.848,1.0,0.666
61,,0.15,0.384,0.25,0.484,0.85,0.798,0.95,0.616
62,,0.1,0.334,0.2,0.434,0.8,0.748,0.9,0.566
63,,0.05,0.284,0.15,0.384,0.75,0.698,0.85,0.516
64,,0.0,0.234,0.1,0.334,0.7,0.648,0.8,0.466
65,,-0.05,0.184,0.05,0.284,0.65,0.598,0.75,0.416
66,1,0.95,0.517,0.1,0.051,0.3,0.365,0.8,0.749
67,1,1.0,0.85,0.15,-0.182,-0.05,0.132,0.85,1.0
68,4,0.767,0.9,0.483,0.818,0.283,0.182,0.617,0.65
69,4,0.534,0.95,0.816,1.0,0.616,0.232,0.384,0.3
70,,0.484,0.9,0.766,0.95,0.566,0.182,0.334,0.25
71,,0.434,0.85,0.716,0.9,0.516,0.132,0.284,0.2
72,,0.384,0.8,0.666,0.85,0.466,0.082,0.234,0.15
73,,0.334,0.75,0.616,0.8,0.416,0.032,0.184,0.1
74,,0.284,0.7,0.566,0.75,0.366,-0.018,0.134,0.05
75,6,0.051,0.35,0.333,0.8,0.699,0.982,0.467,0.1
76,6,-0.182,-0.0,0.1,0.85,1.0,1.0,0.8,0.15
77,1,0.818,0.333,0.15,0.617,0.65,0.767,0.85,0.483
78,1,1.0,0.666,0.2,0.384,0.3,0.534,0.9,0.816
79,,0.95,0.616,0.15,0.334,0.25,0.484,0.85,0.766
80,,0.9,0.566,0.1,0.284,0.2,0.434,0.8,0.716
81,,0.85,0.516,0.05,0.234,0.15,0.384,0.75,0.666
82,,0.8,0.466,0.0,0.184,0.1,0.334,0.7,0.616
83,,0.75,0.416,-0.05,0.134,0.05,0.284,0.65,0.566
84,3,0.8,0.749,0.95,0.467,0.1,0.051,0.3,0.333
85,3,0.85,1.0,1.0,0.8,0.15,-0.182,-0.05,0.1
86,6,0.617,0.65,0.767,0.85,0.483,0.818,0.283,0.15
87,6,0.384,0.3,0.534,0.9,0.816,1.0,0.616,0.2
88,,0.334,0.25,0.484,0.85,0.766,0.95,0.566,0.15
89,,0.284,0.2,0.434,0.8,0.716,0.9,0.516,0.1
90,,0.234,0.15,0.384,0.75,0.666,0.85,0.466,0.05
91,,0.184,0.1,0.334,0.7,0.616,0.8,0.416,0.0
92,,0.134,0.05,0.284,0.65,0.566,0.75,0.366,-0.05
93,8,0.467,0.1,0.051,0.3,0.333,0.8,0.699,0.95
94,8,0.8,0.15,-0.182,-0.05,0.1,0.85,1.0,1.0
95,3,0.85,0.483,0.818,0.283,0.15,0.617,0.65,0.767
96,3,0.9,0.816,1.0,0.616,0.2,0.384,0.3,0.534
97,,0.85,0.766,0.95,0.566,0.15,0.334,0.25,0.484
98,,0.8,0.716,0.9,0.516,0.1,0.284,0.2,0.434
99,,0.75,0.666,0.85,0.466,0.05,0.234,0.15,0.384
100,,0.7,0.616,0.8,0.416,0.0,0.184,0.1,0.334
101,,0.65,0.566,0.75,0.366,-0.05,0.134,0.05,0.284
102,5,0.3,0.333,0.8,0.699,0.95,0.467,0.1,0.051
103,5,-0.05,0.1,0.85,1.0,1.0,0.8,0.15,-0.182
104,8,0.283,0.15,0.617,0.65,0.767,0.85,0.483,0.818
105,8,0.616,0.2,0.384,0.3,0.534,0.9,0.816,1.0
106,,0.566,0.15,0.334,0.25,0.484,0.85,0.766,0.95
107,,0.516,0.1,0.284,0.2,0.434,0.8,0.716,0.9
108,,0.466,0.05,0.234,0.15,0.384,0.75,0.666,0.85
109,,0.416,0.0,0.184,0.1,0.334,0.7,0.616,0.8
110,,0.366,-0.05,0.134,0.05,0.284,0.65,0.566,0.75
111,2,0.699,0.95,0.467,0.1,0.051,0.3,0.333,0.8
112,2,1.0,1.0,0.8,0.15,-0.182,-0.05,0.1,0.85
113,5,0.65,0.767,0.85,0.483,0.818,0.283,0.15,0.617
114,5,0.3,0.534,0.9,0.816,1.0,0.616,0.2,0.384
115,,0.25,0.484,0.85,0.766,0.95,0.566,0.15,0.334
116,,0.2,0.434,0.8,0.716,0.9,0.516,0.1,0.284
117,,0.15,0.384,0.75,0.666,0.85,0.466,0.05,0.234
118,,0.1,0.334,0.7,0.616,0.8,0.416,0.0,0.184
119,,0.05,0.284,0.65,0.566,0.75,0.366,-0.05,0.134
120,7,0.1,0.051,0.3,0.333,0.8,0.699,0.95,0.467
121,7,0.15,-0.182,-0.05,0.1,0.85,1.0,1.0,0.8
122,2,0.483,0.818,0.283,0.15,0.617,0.65,0.767,0.85
123,2,0.816,1.0,0.616,0.2,0.384,0.3,0.534,0.9
124,,0.766,0.95,0.566,0.15,0.334,0.25,0.484,0.85
125,,0.716,0.9,0.516,0.1,0.284,0.2,0.434,0.8
126,,0.666,0.85,0.466,0.05,0.234,0.15,0.384,0.75
127,,0.616,0.8,0.416,0.0,0.184,0.1,0.334,0.7
128,,0.566,0.75,0.366,-0.05,0.134,0.05,0.284,0.65
129,4,0.333,0.8,0.699,0.95,0.467,0.1,0.051,0.3
130,4,0.1,0.85,1.0,1.0,0.8,0.15,-0.182,-0.05
131,7,0.15,0.617,0.65,0.767,0.85,0.483,0.818,0.283
132,7,0.2,0.384,0.3,0.534,0.9,0.816,1.0,0.616
133,,0.15,0.334,0.25,0.484,0.85,0.766,0.95,0.566
134,,0.1,0.284,0.2,0.434,0.8,0.716,0.9,0.516
135,,0.05,0.234,0.15,0.384,0.75,0.666,0.85,0.466
136,,0.0,0.184,0.1,0.334,0.7,0.616,0.8,0.416
137,,-0.05,0.134,0.05,0.284,0.65,0.566,0.75,0.366
138,1,0.95,0.467,0.1,0.051,0.3,0.333,0.8,0.699
139,1,1.0,0.8,0.15,-0.182,-0.05,0.1,0.85,1.0
140,4,0.767,0.85,0.483,0.818,0.283,0.15,0.617,0.65
141,4,0.534,0.9,0.816,1.0,0.616,0.2,0.384,0.3
142,,0.484,0.85,0.766,0.95,0.566,0.15,0.334,0.25
143,,0.434,0.8,0.716,0.9,0.516,0.1,0.284,0.2
144,,0.384,0.75,0.666,0.85,0.466,0.05,0.234,0.15
145,,0.334,0.7,0.616,0.8,0.416,0.0,0.184,0.1
146,,0.284,0.65,0.566,0.75,0.366,-0.05,0.134,0.05
147,6,0.051,0.3,0.333,0.8,0.699,0.95,0.467,0.1
148,6,-0.182,-0.05,0.1,0.85,1.0,1.0,0.8,0.15
149,1,0.818,0.283,0.15,0.617,0.65,0.767,0.85,0.483
150,1,1.0,0.616,0.2,0.384,0.3,0.534,0.9,0.816
151,,0.95,0.566,0.15,0.334,0.25,0.484,0.85,0.766
152,,0.9,0.516,0.1,0.284,0.2,0.434,0.8,0.716
153,,0.85,0.466,0.05,0.234,0.15,0.384,0.75,0.666
154,,0.8,0.416,0.0,0.184,0.1,0.334,0.7,0.616
155,,0.75,0.366,-0.05,0.134,0.05,0.284,0.65,0.566
156,3,0.8,0.699,0.95,0.467,0.1,0.051,0.3,0.333
157,3,0.85,1.0,1.0,0.8,0.15,-0.182,-0.05,0.1
158,6,0.617,0.65,0.767,0.85,0.483,0.818,0.283,0.15
159,6,0.384,0.3,0.534,0.9,0.816,1.0,0.616,0.2
160,,0.334,0.25,0.484,0.85,0.766,0.95,0.566,0.15
161,,0.284,0.2,0.434,0.8,0.716,0.9,0.516,0.1
162,,0.234,0.15,0.384,0.75,0.666,0.85,0.466,0.05
163,,0.184,0.1,0.334,0.7,0.616,0.8,0.416,0.0
164,,0.134,0.05,0.284,0.65,0.566,0.75,0.366,-0.05
165,8,0.467,0.1,0.051,0.3,0.333,0.8,0.699,0.95
166,8,0.8,0.15,-0.182,-0.05,0.1,0.85,1.0,1.0
167,3,0.85,0.483,0.818,0.283,0.15,0.617,0.65,0.767
168,3,0.9,0.816,1.0,0.616,0.2,0.384,0.3,0.534
169,,0.85,0.766,0.95,0.566,0.15,0.334,0.25,0.484
170,,0.8,0.716,0.9,0.516,0.1,0.284,0.2,0.434
171,,0.75,0.666,0.85,0.466,0.05,0.234,0.15,0.384
172,,0.7,0.616,0.8,0.416,0.0,0.184,0.1,0.334
173,,0.65,0.566,0.75,0.366,-0.05,0.134,0.05,0.284
174,5,0.3,0.333,0.8,0.699,0.95,0.467,0.1,0.051
175,5,-0.05,0.1,0.85,1.0,1.0,0.8,0.15,-0.182
176,8,0.283,0.15,0.617,0.65,0.767,0.85,0.483,0.818
177,8,0.616,0.2,0.384,0.3,0.534,0.9,0.816,1.0
178,,0.566,0.15,0.334,0.25,0.484,0.85,0.766,0.95
179,,0.516,0.1,0.284,0.2,0.434,0.8,0.716,0.9
180,,0.466,0.05,0.234,0.15,0.384,0.75,0.666,0.85
181,,0.416,0.0,0.184,0.1,0.334,0.7,0.616,0.8
182,,0.366,-0.05,0.134,0.05,0.284,0.65,0.566,0.75
183,2,0.699,0.95,0.467,0.1,0.051,0.3,0.333,0.8
184,2,1.0,1.0,0.8,0.15,-0.182,-0.05,0.1,0.85
185,5,0.65,0.767,0.85,0.483,0.818,0.283,0.15,0.617
186,5,0.3,0.534,0.9,0.816,1.0,0.616,0.2,0.384
187,,0.25,0.484,0.85,0.766,0.95,0.566,0.15,0.334
188,,0.2,0.434,0.8,0.716,0.9,0.516,0.1,0.284
189,,0.15,0.384,0.75,0.666,0.85,0.466,0.05,0.234
190,,0.1,0.334,0.7,0.616,0.8,0.416,0.0,0.184
191,,0.05,0.284,0.65,0.566,0.75,0.366,-0.05,0.134
192,7,0.1,0.051,0.3,0.333,0.8,0.699,0.95,0.467
193,7,0.15,-0.182,-0.05,0.1,0.85,1.0,1.0,0.8
194,2,0.483,0.818,0.283,0.15,0.617,0.65,0.767,0.85
195,2,0.816,1.0,0.616,0.2,0.384,0.3,0.534,0.9
196,,0.766,0.95,0.566,0.15,0.334,0.25,0.484,0.85
197,,0.716,0.9,0.516,0.1,0.284,0.2,0.434,0.8
198,,0.666,0.85,0.466,0.05,0.234,0.15,0.384,0.75
199,,0.616,0.8,0.416,0.0,0.184,0.1,0.334,0.7
200,,0.566,0.75,0.366,-0.05,0.134,0.05,0.284,0.65
201,4,0.333,0.8,0.699,0.95,0.467,0.1,0.051,0.3
202,4,0.1,0.85,1.0,1.0,0.8,0.15,-0.182,-0.05
203,7,0.15,0.617,0.65,0.767,0.85,0.483,0.818,0.283
204,7,0.2,0.384,0.3,0.534,0.9,0.816,1.0,0.616
205,,0.15,0.334,0.25,0.484,0.85,0.766,0.95,0.566
206,,0.1,0.284,0.2,0.434,0.8,0.716,0.9,0.516
207,,0.05,0.234,0.15,0.384,0.75,0.666,0.85,0.466
208,,0.0,0.184,0.1,0.334,0.7,0.616,0.8,0.416
209,,-0.05,0.134,0.05,0.284,0.65,0.566,0.75,0.366
210,1,0.95,0.467,0.1,0.051,0.3,0.333,0.8,0.699
211,1,1.0,0.8,0.15,-0.182,-0.05,0.1,0.85,1.0
212,4,0.767,0.85,0.483,0.818,0.283,0.15,0.617,0.65
213,4,0.534,0.9,0.816,1.0,0.616,0.2,0.384,0.3
214,,0.484,0.85,0.766,0.95,0.566,0.15,0.334,0.25
215,,0.434,0.8,0.716,0.9,0.516,0.1,0.284,0.2
216,,0.384,0.75,0.666,0.85,0.466,0.05,0.234,0.15
217,,0.334,0.7,0.616,0.8,0.416,0.0,0.184,0.1
218,,0.284,0.65,0.566,0.75,0.366,-0.05,0.134,0.05
219,6,0.051,0.3,0.333,0.8,0.699,0.95,0.467,0.1
220,6,-0.182,-0.05,0.1,0.85,1.0,1.0,0.8,0.15
221,1,0.818,0.283,0.15,0.617,0.65,0.767,0.85,0.483
222,1,1.0,0.616,0.2,0.384,0.3,0.534,0.9,0.816
223,,0.95,0.566,0.15,0.334,0.25,0.484,0.85,0.766
224,,0.9,0.516,0.1,0.284,0.2,0.434,0.8,0.716
225,,0.85,0.466,0.05,0.234,0.15,0.384,0.75,0.666
226,,0.8,0.416,0.0,0.184,0.1,0.334,0.7,0.616
227,,0.75,0.366,-0.05,0.134,0.05,0.284,0.65,0.566
228,3,0.8,0.699,0.95,0.467,0.1,0.051,0.3,0.333
229,3,0.85,1.0,1.0,0.8,0.15,-0.182,-0.05,0.1
230,6,0.617,0.65,0.767,0.85,0.483,0.818,0.283,0.15
231,6,0.384,0.3,0.534,0.9,0.816,1.0,0.616,0.2
232,,0.334,0.25,0.484,0.85,0.766,0.95,0.566,0.15
233,,0.284,0.2,0.434,0.8,0.716,0.9,0.516,0.1
234,,0.234,0.15,0.384,0.75,0.666,0.85,0.466,0.05
235,,0.184,0.1,0.334,0.7,0.616,0.8,0.416,0.0
236,,0.134,0.05,0.284,0.65,0.566,0.75,0.366,-0.05
237,8,0.467,0.1,0.051,0.3,0.333,0.8,0.699,0.95
238,8,0.8,0.15,-0.182,-0.05,0.1,0.85,1.0,1.0
239,3,0.85,0.483,0.818,0.283,0.15,0.617,0.65,0.767
240,3,0.9,0.816,1.0,0.616,0.2,0.384,0.3,0.534
241,,0.85,0.766,0.95,0.566,0.15,0.334,0.25,0.484
242,,0.8,0.716,0.9,0.516,0.1,0.284,0.2,0.434
243,,0.75,0.666,0.85,0.466,0.05,0.234,0.15,0.384
244,,0.7,0.616,0.8,0.416,0.0,0.184,0.1,0.334
245,,0.65,0.566,0.75,0.366,-0.05,0.134,0.05,0.284
246,5,0.3,0.333,0.8,0.699,0.95,0.467,0.1,0.051
247,5,-0.05,0.1,0.85,1.0,1.0,0.8,0.15,-0.182
248,8,0.283,0.15,0.617,0.65,0.767,0.85,0.483,0.818
249,8,0.616,0.2,0.384,0.3,0.534,0.9,0.816,1.0
250,,0.566,0.15,0.334,0.25,0.484,0.85,0.766,0.95
251,,0.516,0.1,0.284,0.2,0.434,0.8,0.716,0.9
252,,0.466,0.05,0.234,0.15,0.384,0.75,0.666,0.85
253,,0.416,0.0,0.184,0.1,0.334,0.7,0.616,0.8
254,,0.366,-0.05,0.134,0.05,0.284,0.65,0.566,0.75
255,2,0.699,0.95,0.467,0.1,0.051,0.3,0.333,0.8
256,2,1.0,1.0,0.8,0.15,-0.182,-0.05,0.1,0.85
257,5,0.65,0.767,0.85,0.483,0.818,0.283,0.15,0.617
258,5,0.3,0.534,0.9,0.816,1.0,0.616,0.2,0.384
259,,0.25,0.484,0.85,0.766,0.95,0.566,0.15,0.334
260,,0.2,0.434,0.8,0.716,0.9,0.516,0.1,0.284
261,,0.15,0.384,0.75,0.666,0.85,0.466,0.05,0.234
262,,0.1,0.334,0.7,0.616,0.8,0.416,0.0,0.184
263,,0.05,0.284,0.65,0.566,0.75,0.366,-0.05,0.134
264,7,0.1,0.051,0.3,0.333,0.8,0.699,0.95,0.467
265,7,0.15,-0.182,-0.05,0.1,0.85,1.0,1.0,0.8
266,2,0.483,0.818,0.283,0.15,0.617,0.65,0.767,0.85
267,2,0.816,1.0,0.616,0.2,0.384,0.3,0.534,0.9
268,,0.766,0.95,0.566,0.15,0.334,0.25,0.484,0.85
269,,0.716,0.9,0.516,0.1,0.284,0.2,0.434,0.8
270,,0.666,0.85,0.466,0.05,0.234,0.15,0.384,0.75
271,,0.616,0.8,0.416,0.0,0.184,0.1,0.334,0.7
272,,0.566,0.75,0.366,-0.05,0.134,0.05,0.284,0.65
273,4,0.333,0.8,0.699,0.95,0.467,0.1,0.051,0.3
274,4,0.1,0.85,1.0,1.0,0.8,0.15,-0.182,-0.05
275,7,0.15,0.617,0.65,0.767,0.85,0.483,0.818,0.283
276,7,0.2,0.384,0.3,0.534,0.9,0.816,1.0,0.616
277,,0.15,0.334,0.25,0.484,0.85,0.766,0.95,0.566
278,,0.1,0.284,0.2,0.434,0.8,0.716,0.9,0.516
279,,0.05,0.234,0.15,0.384,0.75,0.666,0.85,0.466
280,,0.0,0.184,0.1,0.334,0.7,0.616,0.8,0.416
281,,-0.05,0.134,0.05,0.284,0.65,0.566,0.75,0.366
282,1,0.95,0.467,0.1,0.051,0.3,0.333,0.8,0.699
283,1,1.0,0.8,0.15,-0.182,-0.05,0.1,0.85,1.0
284,4,0.767,0.85,0.483,0.818,0.283,0.15,0.617,0.65
285,4,0.534,0.9,0.816,1.0,0.616,0.2,0.384,0.3
286,,0.484,0.85,0.766,0.95,0.566,0.15,0.334,0.25
287,,0.434,0.8,0.716,0.9,0.516,0.1,0.284,0.2
288,,0.384,0.75,0.666,0.85,0.466,0.05,0.234,0.15
289,,0.334,0.7,0.616,0.8,0.416,0.0,0.184,0.1
290,,0.284,0.65,0.566,0.75,0.366,-0.05,0.134,0.05
291,6,0.051,0.3,0.333,0.8,0.699,0.95,0.467,0.1
292,6,-0.182,-0.05,0.1,0.85,1.0,1.0,0.8,0.15
293,1,0.818,0.283,0.15,0.617,0.65,0.767,0.85,0.483
294,1,1.0,0.616,0.2,0.384,0.3,0.534,0.9,0.816
295,,0.95,0.566,0.15,0.334,0.25,0.484,0.85,0.766
296,,0.9,0.516,0.1,0.284,0.2,0.434,0.8,0.716
297,,0.85,0.466,0.05,0.234,0.15,0.384,0.75,0.666
298,,0.8,0.416,0.0,0.184,0.1,0.334,0.7,0.616
299,,0.75,0.366,-0.05,0.134,0.05,0.284,0.65,0.566
300,3,0.8,0.699,0.95,0.467,0.1,0.051,0.3,0.333
301,3,0.85,1.0,1.0,0.8,0.15,-0.182,-0.05,0.1
302,6,0.617,0.65,0.767,0.85,0.483,0.818,0.283,0.15
303,6,0.384,0.3,0.534,0.9,0.816,1.0,0.616,0.2
304,,0.334,0.25,0.484,0.85,0.766,0.95,0.566,0.15
305,,0.284,0.2,0.434,0.8,0.716,0.9,0.516,0.1
306,,0.234,0.15,0.384,0.75,0.666,0.85,0.466,0.05
307,,0.184,0.1,0.334,0.7,0.616,0.8,0.416,0.0
308,,0.134,0.05,0.284,0.65,0.566,0.75,0.366,-0.05
309,8,0.467,0.1,0.051,0.3,0.333,0.8,0.699,0.95
310,8,0.8,0.15,-0.182,-0.05,0.1,0.85,1.0,1.0
311,3,0.85,0.483,0.818,0.283,0.15,0.617,0.65,0.767
312,3,0.9,0.816,1.0,0.616,0.2,0.384,0.3,0.534
313,,0.85,0.766,0.95,0.566,0.15,0.334,0.25,0.484
314,,0.8,0.716,0.9,0.516,0.1,0.284,0.2,0.434
315,,0.75,0.666,0.85,0.466,0.05,0.234,0.15,0.384
316,,0.7,0.616,0.8,0.416,0.0,0.184,0.1,0.334
317,,0.65,0.566,0.75,0.366,-0.05,0.134,0.05,0.284
318,5,0.3,0.333,0.8,0.699,0.95,0.467,0.1,0.051
319,5,-0.05,0.1,0.85,1.0,1.0,0.8,0.15,-0.182
320,8,0.283,0.15,0.617,0.65,0.767,0.85,0.483,0.818
321,8,0.616,0.2,0.384,0.3,0.534,0.9,0.816,1.0
322,,0.566,0.15,0.334,0.25,0.484,0.85,0.766,0.95
323,,0.516,0.1,0.284,0.2,0.434,0.8,0.716,0.9
324,,0.466,0.05,0.234,0.15,0.384,0.75,0.666,0.85
325,,0.416,0.0,0.184,0.1,0.334,0.7,0.616,0.8
326,,0.366,-0.05,0.134,0.05,0.284,0.65,0.566,0.75
327,2,0.699,0.95,0.467,0.1,0.051,0.3,0.333,0.8
328,2,1.0,1.0,0.8,0.15,-0.182,-0.05,0.1,0.85
329,5,0.65,0.767,0.85,0.483,0.818,0.283,0.15,0.617
330,5,0.3,0.534,0.9,0.816,1.0,0.616,0.2,0.384
331,,0.25,0.484,0.85,0.766,0.95,0.566,0.15,0.334
332,,0.2,0.434,0.8,0.716,0.9,0.516,0.1,0.284
333,,0.15,0.384,0.75,0.666,0.85,0.466,0.05,0.234
334,,0.1,0.334,0.7,0.616,0.8,0.416,0.0,0.184
335,,0.05,0.284,0.65,0.566,0.75,0.366,-0.05,0.134
336,7,0.1,0.051,0.3,0.333,0.8,0.699,0.95,0.467
337,7,0.15,-0.182,-0.05,0.1,0.85,1.0,1.0,0.8
338,2,0.483,0.818,0.283,0.15,0.617,0.65,0.767,0.85
339,2,0.816,1.0,0.616,0.2,0.384,0.3,0.534,0.9
340,,0.766,0.95,0.566,0.15,0.334,0.25,0.484,0.85
341,,0.716,0.9,0.516,0.1,0.284,0.2,0.434,0.8
342,,0.666,0.85,0.466,0.05,0.234,0.15,0.384,0.75
343,,0.616,0.8,0.416,0.0,0.184,0.1,0.334,0.7
344,,0.566,0.75,0.366,-0.05,0.134,0.05,0.284,0.65
345,4,0.333,0.8,0.699,0.95,0.467,0.1,0.051,0.3
346,4,0.1,0.85,1.0,1.0,0.8,0.15,-0.182,-0.05
347,7,0.15,0.617,0.65,0.767,0.85,0.483,0.818,0.283
348,7,0.2,0.384,0.3,0.534,0.9,0.816,1.0,0.616
349,,0.15,0.334,0.25,0.484,0.85,0.766,0.95,0.566
350,,0.1,0.284,0.2,0.434,0.8,0.716,0.9,0.516
351,,0.05,0.234,0.15,0.384,0.75,0.666,0.85,0.466
352,,0.0,0.184,0.1,0.334,0.7,0.616,0.8,0.416
353,,-0.05,0.134,0.05,0.284,0.65,0.566,0.75,0.366
354,1,0.95,0.467,0.1,0.051,0.3,0.333,0.8,0.699
355,1,1.0,0.8,0.15,-0.182,-0.05,0.1,0.85,1.0
356,4,0.767,0.85,0.483,0.818,0.283,0.15,0.617,0.65
357,4,0.534,0.9,0.816,1.0,0.616,0.2,0.384,0.3
358,,0.484,0.85,0.766,0.95,0.566,0.15,0.334,0.25
359,,0.434,0.8,0.716,0.9,0.516,0.1,0.284,0.2
360,,0.384,0.75,0.666,0.85,0.466,0.05,0.234,0.15
361,,0.334,0.7,0.616,0.8,0.416,0.0,0.184,0.1
362,,0.284,0.65,0.566,0.75,0.366,-0.05,0.134,0.05
363,6,0.051,0.3,0.333,0.8,0.699,0.95,0.467,0.1
364,6,-0.182,-0.05,0.1,0.85,1.0,1.0,0.8,0.15
365,1,0.818,0.283,0.15,0.617,0.65,0.767,0.85,0.483
366,1,1.0,0.616,0.2,0.384,0.3,0.534,0.9,0.816
367,,0.95,0.566,0.15,0.334,0.25,0.484,0.85,0.766
368,,0.9,0.516,0.1,0.284,0.2,0.434,0.8,0.716
369,,0.85,0.466,0.05,0.234,0.15,0.384,0.75,0.666
370,,0.8,0.416,0.0,0.184,0.1,0.334,0.7,0.616
371,,0.75,0.366,-0.05,0.134,0.05,0.284,0.65,0.566
372,3,0.8,0.699,0.95,0.467,0.1,0.051,0.3,0.333
373,3,0.85,1.0,1.0,0.8,0.15,-0.182,-0.05,0.1
374,6,0.617,0.65,0.767,0.85,0.483,0.818,0.283,0.15
375,6,0.384,0.3,0.534,0.9,0.816,1.0,0.616,0.2
376,,0.334,0.25,0.484,0.85,0.766,0.95,0.566,0.15
377,,0.284,0.2,0.434,0.8,0.716,0.9,0.516,0.1
378,,0.234,0.15,0.384,0.75,0.666,0.85,0.466,0.05
379,,0.184,0.1,0.334,0.7,0.616,0.8,0.416,0.0
380,,0.134,0.05,0.284,0.65,0.566,0.75,0.366,-0.05
381,8,0.467,0.1,0.051,0.3,0.333,0.8,0.699,0.95
382,8,0.8,0.15,-0.182,-0.05,0.1,0.85,1.0,1.0
383,3,0.85,0.483,0.818,0.283,0.15,0.617,0.65,0.767
384,3,0.9,0.816,1.0,0.616,0.2,0.384,0.3,0.534
385,,0.85,0.766,0.95,0.566,0.15,0.334,0.25,0.484
386,,0.8,0.716,0.9,0.516,0.1,0.284,0.2,0.434
387,,0.75,0.666,0.85,0.466,0.05,0.234,0.15,0.384
388,,0.7,0.616,0.8,0.416,0.0,0.184,0.1,0.334
389,,0.65,0.566,0.75,0.366,-0.05,0.134,0.05,0.284
390,5,0.3,0.333,0.8,0.699,0.95,0.467,0.1,0.051
391,5,-0.05,0.1,0.85,1.0,1.0,0.8,0.15,-0.182
392,8,0.283,0.15,0.617,0.65,0.767,0.85,0.483,0.818
393,8,0.616,0.2,0.384,0.3,0.534,0.9,0.816,1.0
394,,0.566,0.15,0.334,0.25,0.484,0.85,0.766,0.95
395,,0.516,0.1,0.284,0.2,0.434,0.8,0.716,0.9
396,,0.466,0.05,0.234,0.15,0.384,0.75,0.666,0.85
397,,0.416,0.0,0.184,0.1,0.334,0.7,0.616,0.8
398,,0.366,-0.05,0.134,0.05,0.284,0.65,0.566,0.75
399,2,0.699,0.95,0.467,0.1,0.051,0.3,0.333,0.8
400,2,1.0,1.0,0.8,0.15,-0.182,-0.05,0.1,0.85
401,5,0.65,0.767,0.85,0.483,0.818,0.283,0.15,0.617
402,5,0.3,0.534,0.9,0.816,1.0,0.616,0.2,0.384
403,,0.25,0.484,0.85,0.766,0.95,0.566,0.15,0.334
404,,0.2,0.434,0.8,0.716,0.9,0.516,0.1,0.284
405,,0.15,0.384,0.75,0.666,0.85,0.466,0.05,0.234
406,,0.1,0.334,0.7,0.616,0.8,0.416,0.0,0.184
407,,0.05,0.284,0.65,0.566,0.75,0.366,-0.05,0.134
408,7,0.1,0.051,0.3,0.333,0.8,0.699,0.95,0.467
409,7,0.15,-0.182,-0.05,0.1,0.85,1.0,1.0,0.8
410,2,0.483,0.818,0.283,0.15,0.617,0.65,0.767,0.85
411,2,0.816,1.0,0.616,0.2,0.384,0.3,0.534,0.9
412,,0.766,0.95,0.566,0.15,0.334,0.25,0.484,0.85
413,,0.716,0.9,0.516,0.1,0.284,0.2,0.434,0.8
414,,0.666,0.85,0.466,0.05,0.234,0.15,0.384,0.75
415,,0.616,0.8,0.416,0.0,0.184,0.1,0.334,0.7
416,,0.566,0.75,0.366,-0.05,0.134,0.05,0.284,0.65
417,4,0.333,0.8,0.699,0.95,0.467,0.1,0.051,0.3
418,4,0.1,0.85,1.0,1.0,0.8,0.15,-0.182,-0.05
419,7,0.15,0.617,0.65,0.767,0.85,0.483,0.818,0.283
420,7,0.2,0.384,0.3,0.534,0.9,0.816,1.0,0.616
421,,0.15,0.334,0.25,0.484,0.85,0.766,0.95,0.566
422,,0.1,0.284,0.2,0.434,0.8,0.716,0.9,0.516
423,,0.05,0.234,0.15,0.384,0.75,0.666,0.85,0.466
424,,0.0,0.184,0.1,0.334,0.7,0.616,0.8,0.416
425,,-0.05,0.134,0.05,0.284,0.65,0.566,0.75,0.366
426,1,0.95,0.467,0.1,0.051,0.3,0.333,0.8,0.699
427,1,1.0,0.8,0.15,-0.182,-0.05,0.1,0.85,1.0
428,4,0.767,0.85,0.483,0.818,0.283,0.15,0.617,0.65
429,4,0.534,0.9,0.816,1.0,0.616,0.2,0.384,0.3
430,,0.484,0.85,0.766,0.95,0.566,0.15,0.334,0.25
431,,0.434,0.8,0.716,0.9,0.516,0.1,0.284,0.2
432,,0.384,0.75,0.666,0.85,0.466,0.05,0.234,0.15
433,,0.334,0.7,0.616,0.8,0.416,0.0,0.184,0.1
434,,0.284,0.65,0.566,0.75,0.366,-0.05,0.134,0.05
435,6,0.051,0.3,0.333,0.8,0.699,0.95,0.467,0.1
436,6,-0.182,-0.05,0.1,0.85,1.0,1.0,0.8,0.15
437,1,0.818,0.283,0.15,0.617,0.65,0.767,0.85,0.483
438,1,1.0,0.616,0.2,0.384,0.3,0.534,0.9,0.816
439,,0.95,0.566,0.15,0.334,0.25,0.484,0.85,0.766
440,,0.9,0.516,0.1,0.284,0.2,0.434,0.8,0.716
441,,0.85,0.466,0.05,0.234,0.15,0.384,0.75,0.666
442,,0.8,0.416,0.0,0.184,0.1,0.334,0.7,0.616
443,,0.75,0.366,-0.05,0.134,0.05,0.284,0.65,0.566
444,3,0.8,0.699,0.95,0.467,0.1,0.051,0.3,0.333
445,3,0.85,1.0,1.0,0.8,0.15,-0.182,-0.05,0.1
446,6,0.617,0.65,0.767,0.85,0.483,0.818,0.283,0.15
447,6,0.384,0.3,0.534,0.9,0.816,1.0,0.616,0.2
448,,0.334,0.25,0.484,0.85,0.766,0.95,0.566,0.15
449,,0.284,0.2,0.434,0.8,0.716,0.9,0.516,0.1
450,,0.234,0.15,0.384,0.75,0.666,0.85,0.466,0.05
451,,0.184,0.1,0.334,0.7,0.616,0.8,0.416,0.0
452,,0.134,0.05,0.284,0.65,0.566,0.75,0.366,-0.05
453,8,0.467,0.1,0.051,0.3,0.333,0.8,0.699,0.95
454,8,0.8,0.15,-0.182,-0.05,0.1,0.85,1.0,1.0
455,3,0.85,0.483,0.818,0.283,0.15,0.617,0.65,0.767
456,3,0.9,0.816,1.0,0.616,0.2,0.384,0.3,0.534
457,,0.85,0.766,0.95,0.566,0.15,0.334,0.25,0.484
458,,0.8,0.716,0.9,0.516,0.1,0.284,0.2,0.434
459,,0.75,0.666,0.85,0.466,0.05,0.234,0.15,0.384
460,,0.7,0.616,0.8,0.416,0.0,0.184,0.1,0.334
461,,0.65,0.566,0.75,0.366,-0.05,0.134,0.05,0.284
462,5,0.3,0.333,0.8,0.699,0.95,0.467,0.1,0.051
463,5,-0.05,0.1,0.85,1.0,1.0,0.8,0.15,-0.182
464,8,0.283,0.15,0.617,0.65,0.767,0.85,0.483,0.818
465,8,0.616,0.2,0.384,0.3,0.534,0.9,0.816,1.0
466,,0.566,0.15,0.334,0.25,0.484,0.85,0.766,0.95
467,,0.516,0.1,0.284,0.2,0.434,0.8,0.716,0.9
468,,0.466,0.05,0.234,0.15,0.384,0.75,0.666,0.85
469,,0.416,0.0,0.184,0.1,0.334,0.7,0.616,0.8
470,,0.366,-0.05,0.134,0.05,0.284,0.65,0.566,0.75
471,2,0.699,0.95,0.467,0.1,0.051,0.3,0.333,0.8
472,2,1.0,1.0,0.8,0.15,-0.182,-0.05,0.1,0.85
473,5,0.65,0.767,0.85,0.483,0.818,0.283,0.15,0.617
474,5,0.3,0.534,0.9,0.816,1.0,0.616,0.2,0.384
475,,0.25,0.484,0.85,0.766,0.95,0.566,0.15,0.334
476,,0.2,0.434,0.8,0.716,0.9,0.516,0.1,0.284
477,,0.15,0.384,0.75,0.666,0.85,0.466,0.05,0.234
478,,0.1,0.334,0.7,0.616,0.8,0.416,0.0,0.184
479,,0.05,0.284,0.65,0.566,0.75,0.366,-0.05,0.134
480,7,0.1,0.051,0.3,0.333,0.8,0.699,0.95,0.467
481,7,0.15,-0.182,-0.05,0.1,0.85,1.0,1.0,0.8
482,2,0.483,0.818,0.283,0.15,0.617,0.65,0.767,0.85
483,2,0.816,1.0,0.616,0.2,0.384,0.3,0.534,0.9
484,,0.766,0.95,0.566,0.15,0.334,0.25,0.484,0.85
485,,0.716,0.9,0.516,0.1,0.284,0.2,0.434,0.8
486,,0.666,0.85,0.466,0.05,0.234,0.15,0.384,0.75
487,,0.616,0.8,0.416,0.0,0.184,0.1,0.334,0.7
488,,0.566,0.75,0.366,-0.05,0.134,0.05,0.284,0.65
489,4,0.333,0.8,0.699,0.95,0.467,0.1,0.051,0.3
490,4,0.1,0.85,1.0,1.0,0.8,0.15,-0.182,-0.05
491,7,0.15,0.617,0.65,0.767,0.85,0.483,0.818,0.283
492,7,0.2,0.384,0.3,0.534,0.9,0.816,1.0,0.616
493,,0.15,0.334,0.25,0.484,0.85,0.766,0.95,0.566
494,,0.1,0.284,0.2,0.434,0.8,0.716,0.9,0.516
495,,0.05,0.234,0.15,0.384,0.75,0.666,0.85,0.466
496,,0.0,0.184,0.1,0.334,0.7,0.616,0.8,0.416
497,,-0.05,0.134,0.05,0.284,0.65,0.566,0.75,0.366
498,1,0.95,0.467,0.1,0.051,0.3,0.333,0.8,0.699
499,1,1.0,0.8,0.15,-0.182,-0.05,0.1,0.85,1.0
