step,active_motive,motive_1,motive_2,motive_3,motive_4,motive_5,motive_6,motive_7,motive_8
0,,0.80936,0.81011,0.86707,0.91324,0.51134,0.50152,0.7983,0.64996
1,,0.75936,0.76011,0.81707,0.86324,0.46134,0.45152,0.7483,0.59996
2,,0.70936,0.71011,0.76707,0.81324,0.41134,0.40152,0.6983,0.54996
3,,0.65936,0.66011,0.71707,0.76324,0.36134,0.35152,0.6483,0.49996
4,,0.60936,0.61011,0.66707,0.71324,0.31134,0.30152,0.5983,0.44996
5,,0.55936,0.56011,0.61707,0.66324,0.26134,0.25152,0.5483,0.39996
6,,0.50936,0.51011,0.56707,0.61324,0.21134,0.20152,0.4983,0.34996
7,,0.45936,0.46011,0.51707,0.56324,0.16134,0.15152,0.4483,0.29996
8,,0.40936,0.41011,0.46707,0.51324,0.11134,0.10152,0.3983,0.24996
9,,0.35936,0.36011,0.41707,0.46324,0.06134,0.05152,0.3483,0.19996
10,,0.30936,0.31011,0.36707,0.41324,0.01134,0.00152,0.2983,0.14996
11,,0.25936,0.26011,0.31707,0.36324,-0.03866,-0.04848,0.2483,0.09996
12,6,0.02636,-0.08989,0.08407,0.41324,0.29434,0.95152,0.5813,0.14996
13,6,-0.20664,-0.43989,-0.14893,0.46324,0.62734,1.0,0.9143,0.19996
14,2,0.12636,0.56011,0.18407,0.51324,0.39434,0.65,0.6813,0.24996
15,2,0.45936,1.0,0.51707,0.56324,0.16134,0.3,0.4483,0.29996
16,,0.40936,0.95,0.46707,0.51324,0.11134,0.25,0.3983,0.24996
17,,0.35936,0.9,0.41707,0.46324,0.06134,0.2,0.3483,0.19996
18,,0.30936,0.85,0.36707,0.41324,0.01134,0.15,0.2983,0.14996
19,,0.25936,0.8,0.31707,0.36324,-0.03866,0.1,0.2483,0.09996
20,5,-0.09064,0.567,0.36707,0.69624,0.96134,0.433,0.2983,-0.13304
21,5,-0.44064,0.334,0.41707,1.0,1.0,0.766,0.3483,-0.36604
22,1,0.55936,0.667,0.46707,0.767,0.65,0.533,0.3983,-0.03304
23,1,1.0,1.0,0.51707,0.534,0.3,0.3,0.4483,0.29996
24,,0.95,0.95,0.46707,0.484,0.25,0.25,0.3983,0.24996
25,,0.9,0.9,0.41707,0.434,0.2,0.2,0.3483,0.19996
26,,0.85,0.85,0.36707,0.384,0.15,0.15,0.2983,0.14996
27,,0.8,0.8,0.31707,0.334,0.1,0.1,0.2483,0.09996
28,,0.75,0.75,0.26707,0.284,0.05,0.05,0.1983,0.04996
29,,0.7,0.7,0.21707,0.234,0.0,0.0,0.1483,-4e-05
30,8,1.0,0.75,-0.01593,-0.116,-0.233,0.05,0.4813,0.99996
31,8,1.0,0.8,-0.24893,-0.466,-0.466,0.1,0.8143,1.0
32,5,0.65,0.567,-0.19893,-0.133,0.534,0.433,0.8643,0.767
33,5,0.3,0.334,-0.14893,0.2,1.0,0.766,0.9143,0.534
34,3,0.35,0.667,0.85107,0.533,1.0,0.533,0.5643,0.301
35,3,0.4,1.0,1.0,0.866,1.0,0.3,0.2143,0.068
36,,0.35,0.95,0.95,0.816,0.95,0.25,0.1643,0.018
37,,0.3,0.9,0.9,0.766,0.9,0.2,0.1143,-0.032
38,8,0.633,0.95,0.667,0.416,0.667,0.25,0.4473,0.968
39,8,0.966,1.0,0.434,0.066,0.434,0.3,0.7803,1.0
40,,0.916,0.95,0.384,0.016,0.384,0.25,0.7303,0.95
41,,0.866,0.9,0.334,-0.034,0.334,0.2,0.6803,0.9
42,4,0.633,0.95,0.667,0.966,0.667,0.25,0.4473,0.55
43,4,0.4,1.0,1.0,1.0,1.0,0.3,0.2143,0.2
44,,0.35,0.95,0.95,0.95,0.95,0.25,0.1643,0.15
45,,0.3,0.9,0.9,0.9,0.9,0.2,0.1143,0.1
46,,0.25,0.85,0.85,0.85,0.85,0.15,0.0643,0.05
47,,0.2,0.8,0.8,0.8,0.8,0.1,0.0143,0.0
48,,0.15,0.75,0.75,0.75,0.75,0.05,-0.0357,-0.05
49,8,0.483,0.8,0.517,0.4,0.517,0.1,0.2973,0.95
50,8,0.816,0.85,0.284,0.05,0.284,0.15,0.6303,1.0
51,,0.766,0.8,0.234,0.0,0.234,0.1,0.5803,0.95
52,,0.716,0.75,0.184,-0.05,0.184,0.05,0.5303,0.9
53,4,0.483,0.8,0.517,0.95,0.517,0.1,0.2973,0.55
54,4,0.25,0.85,0.85,1.0,0.85,0.15,0.0643,0.2
55,,0.2,0.8,0.8,0.95,0.8,0.1,0.0143,0.15
56,,0.15,0.75,0.75,0.9,0.75,0.05,-0.0357,0.1
57,7,0.2,0.517,0.4,0.667,0.8,0.383,0.9643,0.433
58,7,0.25,0.284,0.05,0.434,0.85,0.716,1.0,0.766
59,,0.2,0.234,0.0,0.384,0.8,0.666,0.95,0.716
60,,0.15,0.184,-0.05,0.334,0.75,0.616,0.9,0.666
61,3,0.2,0.517,0.95,0.667,0.8,0.383,0.55,0.433
62,3,0.25,0.85,1.0,1.0,0.85,0.15,0.2,0.2
63,,0.2,0.8,0.95,0.95,0.8,0.1,0.15,0.15
64,,0.15,0.75,0.9,0.9,0.75,0.05,0.1,0.1
65,,0.1,0.7,0.85,0.85,0.7,0.0,0.05,0.05
66,,0.05,0.65,0.8,0.8,0.65,-0.05,0.0,0.0
67,6,-0.183,0.3,0.567,0.85,0.983,0.95,0.333,0.05
68,6,-0.416,-0.05,0.334,0.9,1.0,1.0,0.666,0.1
69,1,0.584,0.283,0.384,0.667,0.65,0.767,0.716,0.433
70,1,1.0,0.616,0.434,0.434,0.3,0.534,0.766,0.766
71,,0.95,0.566,0.384,0.384,0.25,0.484,0.716,0.716
72,,0.9,0.516,0.334,0.334,0.2,0.434,0.666,0.666
73,,0.85,0.466,0.284,0.284,0.15,0.384,0.616,0.616
74,,0.8,0.416,0.234,0.234,0.1,0.334,0.566,0.566
75,,0.75,0.366,0.184,0.184,0.05,0.284,0.516,0.516
76,,0.7,0.316,0.134,0.134,0.0,0.234,0.466,0.466
77,,0.65,0.266,0.084,0.084,-0.05,0.184,0.416,0.416
78,5,0.3,0.033,0.134,0.417,0.95,0.517,0.466,0.183
79,5,-0.05,-0.2,0.184,0.75,1.0,0.85,0.516,-0.05
80,2,0.283,0.8,0.517,0.8,0.767,0.5,0.283,0.0
81,2,0.616,1.0,0.85,0.85,0.534,0.15,0.05,0.05
82,,0.566,0.95,0.8,0.8,0.484,0.1,0.0,0.0
83,,0.516,0.9,0.75,0.75,0.434,0.05,-0.05,-0.05
84,8,0.849,0.95,0.517,0.4,0.201,0.1,0.283,0.95
85,8,1.0,1.0,0.284,0.05,-0.032,0.15,0.616,1.0
86,5,0.65,0.767,0.334,0.383,0.968,0.483,0.666,0.767
87,5,0.3,0.534,0.384,0.716,1.0,0.816,0.716,0.534
88,,0.25,0.484,0.334,0.666,0.95,0.766,0.666,0.484
89,,0.2,0.434,0.284,0.616,0.9,0.716,0.616,0.434
90,,0.15,0.384,0.234,0.566,0.85,0.666,0.566,0.384
91,,0.1,0.334,0.184,0.516,0.8,0.616,0.516,0.334
92,,0.05,0.284,0.134,0.466,0.75,0.566,0.466,0.284
93,,0.0,0.234,0.084,0.416,0.7,0.516,0.416,0.234
94,,-0.05,0.184,0.034,0.366,0.65,0.466,0.366,0.184
95,1,0.95,0.517,0.084,0.133,0.3,0.233,0.416,0.517
96,1,1.0,0.85,0.134,-0.1,-0.05,0.0,0.466,0.85
97,4,0.767,0.9,0.467,0.9,0.283,0.05,0.233,0.5
98,4,0.534,0.95,0.8,1.0,0.616,0.1,0.0,0.15
99,,0.484,0.9,0.75,0.95,0.566,0.05,-0.05,0.1
100,7,0.534,0.667,0.4,0.717,0.616,0.383,0.95,0.433
101,7,0.584,0.434,0.05,0.484,0.666,0.716,1.0,0.766
102,,0.534,0.384,0.0,0.434,0.616,0.666,0.95,0.716
103,,0.484,0.334,-0.05,0.384,0.566,0.616,0.9,0.666
104,3,0.534,0.667,0.95,0.717,0.616,0.383,0.55,0.433
105,3,0.584,1.0,1.0,1.0,0.666,0.15,0.2,0.2
106,,0.534,0.95,0.95,0.95,0.616,0.1,0.15,0.15
107,,0.484,0.9,0.9,0.9,0.566,0.05,0.1,0.1
108,,0.434,0.85,0.85,0.85,0.516,0.0,0.05,0.05
109,,0.384,0.8,0.8,0.8,0.466,-0.05,0.0,0.0
110,6,0.151,0.45,0.567,0.85,0.799,0.95,0.333,0.05
111,6,-0.082,0.1,0.334,0.9,1.0,1.0,0.666,0.1
112,1,0.918,0.433,0.384,0.667,0.65,0.767,0.716,0.433
113,1,1.0,0.766,0.434,0.434,0.3,0.534,0.766,0.766
114,,0.95,0.716,0.384,0.384,0.25,0.484,0.716,0.716
115,,0.9,0.666,0.334,0.334,0.2,0.434,0.666,0.666
116,,0.85,0.616,0.284,0.284,0.15,0.384,0.616,0.616
117,,0.8,0.566,0.234,0.234,0.1,0.334,0.566,0.566
118,,0.75,0.516,0.184,0.184,0.05,0.284,0.516,0.516
119,,0.7,0.466,0.134,0.134,0.0,0.234,0.466,0.466
120,,0.65,0.416,0.084,0.084,-0.05,0.184,0.416,0.416
121,5,0.3,0.183,0.134,0.417,0.95,0.517,0.466,0.183
122,5,-0.05,-0.05,0.184,0.75,1.0,0.85,0.516,-0.05
123,2,0.283,0.95,0.517,0.8,0.767,0.5,0.283,0.0
124,2,0.616,1.0,0.85,0.85,0.534,0.15,0.05,0.05
125,,0.566,0.95,0.8,0.8,0.484,0.1,0.0,0.0
126,,0.516,0.9,0.75,0.75,0.434,0.05,-0.05,-0.05
127,8,0.849,0.95,0.517,0.4,0.201,0.1,0.283,0.95
128,8,1.0,1.0,0.284,0.05,-0.032,0.15,0.616,1.0
129,5,0.65,0.767,0.334,0.383,0.968,0.483,0.666,0.767
130,5,0.3,0.534,0.384,0.716,1.0,0.816,0.716,0.534
131,,0.25,0.484,0.334,0.666,0.95,0.766,0.666,0.484
132,,0.2,0.434,0.284,0.616,0.9,0.716,0.616,0.434
133,,0.15,0.384,0.234,0.566,0.85,0.666,0.566,0.384
134,,0.1,0.334,0.184,0.516,0.8,0.616,0.516,0.334
135,,0.05,0.284,0.134,0.466,0.75,0.566,0.466,0.284
136,,0.0,0.234,0.084,0.416,0.7,0.516,0.416,0.234
137,,-0.05,0.184,0.034,0.366,0.65,0.466,0.366,0.184
138,1,0.95,0.517,0.084,0.133,0.3,0.233,0.416,0.517
139,1,1.0,0.85,0.134,-0.1,-0.05,0.0,0.466,0.85
140,4,0.767,0.9,0.467,0.9,0.283,0.05,0.233,0.5
141,4,0.534,0.95,0.8,1.0,0.616,0.1,0.0,0.15
142,,0.484,0.9,0.75,0.95,0.566,0.05,-0.05,0.1
143,7,0.534,0.667,0.4,0.717,0.616,0.383,0.95,0.433
144,7,0.584,0.434,0.05,0.484,0.666,0.716,1.0,0.766
145,,0.534,0.384,0.0,0.434,0.616,0.666,0.95,0.716
146,,0.484,0.334,-0.05,0.384,0.566,0.616,0.9,0.666
147,3,0.534,0.667,0.95,0.717,0.616,0.383,0.55,0.433
148,3,0.584,1.0,1.0,1.0,0.666,0.15,0.2,0.2
149,,0.534,0.95,0.95,0.95,0.616,0.1,0.15,0.15
150,,0.484,0.9,0.9,0.9,0.566,0.05,0.1,0.1
151,,0.434,0.85,0.85,0.85,0.516,0.0,0.05,0.05
152,,0.384,0.8,0.8,0.8,0.466,-0.05,0.0,0.0
153,6,0.151,0.45,0.567,0.85,0.799,0.95,0.333,0.05
154,6,-0.082,0.1,0.334,0.9,1.0,1.0,0.666,0.1
155,1,0.918,0.433,0.384,0.667,0.65,0.767,0.716,0.433
156,1,1.0,0.766,0.434,0.434,0.3,0.534,0.766,0.766
157,,0.95,0.716,0.384,0.384,0.25,0.484,0.716,0.716
158,,0.9,0.666,0.334,0.334,0.2,0.434,0.666,0.666
159,,0.85,0.616,0.284,0.284,0.15,0.384,0.616,0.616
160,,0.8,0.566,0.234,0.234,0.1,0.334,0.566,0.566
161,,0.75,0.516,0.184,0.184,0.05,0.284,0.516,0.516
162,,0.7,0.466,0.134,0.134,0.0,0.234,0.466,0.466
163,,0.65,0.416,0.084,0.084,-0.05,0.184,0.416,0.416
164,5,0.3,0.183,0.134,0.417,0.95,0.517,0.466,0.183
165,5,-0.05,-0.05,0.184,0.75,1.0,0.85,0.516,-0.05
166,8,0.283,0.0,-0.049,0.4,0.767,0.9,0.849,0.95
167,8,0.616,0.05,-0.282,0.05,0.534,0.95,1.0,1.0
168,3,0.666,0.383,0.718,0.383,0.584,0.717,0.65,0.767
169,3,0.716,0.716,1.0,0.716,0.634,0.484,0.3,0.534
170,,0.666,0.666,0.95,0.666,0.584,0.434,0.25,0.484
171,,0.616,0.616,0.9,0.616,0.534,0.384,0.2,0.434
172,,0.566,0.566,0.85,0.566,0.484,0.334,0.15,0.384
173,,0.516,0.516,0.8,0.516,0.434,0.284,0.1,0.334
174,,0.466,0.466,0.75,0.466,0.384,0.234,0.05,0.284
175,,0.416,0.416,0.7,0.416,0.334,0.184,0.0,0.234
176,,0.366,0.366,0.65,0.366,0.284,0.134,-0.05,0.184
177,7,0.416,0.133,0.3,0.133,0.334,0.467,0.95,0.517
178,7,0.466,-0.1,-0.05,-0.1,0.384,0.8,1.0,0.85
179,2,0.799,0.9,0.283,-0.05,0.151,0.45,0.767,0.9
180,2,1.0,1.0,0.616,0.0,-0.082,0.1,0.534,0.95
181,5,0.65,0.767,0.666,0.333,0.918,0.433,0.584,0.717
182,5,0.3,0.534,0.716,0.666,1.0,0.766,0.634,0.484
183,,0.25,0.484,0.666,0.616,0.95,0.716,0.584,0.434
184,,0.2,0.434,0.616,0.566,0.9,0.666,0.534,0.384
185,,0.15,0.384,0.566,0.516,0.85,0.616,0.484,0.334
186,,0.1,0.334,0.516,0.466,0.8,0.566,0.434,0.284
187,,0.05,0.284,0.466,0.416,0.75,0.516,0.384,0.234
188,,0.0,0.234,0.416,0.366,0.7,0.466,0.334,0.184
189,,-0.05,0.184,0.366,0.316,0.65,0.416,0.284,0.134
190,1,0.95,0.517,0.416,0.083,0.3,0.183,0.334,0.467
191,1,1.0,0.85,0.466,-0.15,-0.05,-0.05,0.384,0.8
192,4,0.767,0.9,0.799,0.85,0.283,0.0,0.151,0.45
193,4,0.534,0.95,1.0,1.0,0.616,0.05,-0.082,0.1
194,7,0.584,0.717,0.65,0.767,0.666,0.383,0.918,0.433
195,7,0.634,0.484,0.3,0.534,0.716,0.716,1.0,0.766
196,,0.584,0.434,0.25,0.484,0.666,0.666,0.95,0.716
197,,0.534,0.384,0.2,0.434,0.616,0.616,0.9,0.666
198,,0.484,0.334,0.15,0.384,0.566,0.566,0.85,0.616
199,,0.434,0.284,0.1,0.334,0.516,0.516,0.8,0.566
200,,0.384,0.234,0.05,0.284,0.466,0.466,0.75,0.516
201,,0.334,0.184,0.0,0.234,0.416,0.416,0.7,0.466
202,,0.284,0.134,-0.05,0.184,0.366,0.366,0.65,0.416
203,3,0.334,0.467,0.95,0.517,0.416,0.133,0.3,0.183
204,3,0.384,0.8,1.0,0.85,0.466,-0.1,-0.05,-0.05
205,6,0.151,0.45,0.767,0.9,0.799,0.9,0.283,0.0
206,6,-0.082,0.1,0.534,0.95,1.0,1.0,0.616,0.05
207,1,0.918,0.433,0.584,0.717,0.65,0.767,0.666,0.383
208,1,1.0,0.766,0.634,0.484,0.3,0.534,0.716,0.716
209,,0.95,0.716,0.584,0.434,0.25,0.484,0.666,0.666
210,,0.9,0.666,0.534,0.384,0.2,0.434,0.616,0.616
211,,0.85,0.616,0.484,0.334,0.15,0.384,0.566,0.566
212,,0.8,0.566,0.434,0.284,0.1,0.334,0.516,0.516
213,,0.75,0.516,0.384,0.234,0.05,0.284,0.466,0.466
214,,0.7,0.466,0.334,0.184,0.0,0.234,0.416,0.416
215,,0.65,0.416,0.284,0.134,-0.05,0.184,0.366,0.366
216,5,0.3,0.183,0.334,0.467,0.95,0.517,0.416,0.133
217,5,-0.05,-0.05,0.384,0.8,1.0,0.85,0.466,-0.1
218,8,0.283,0.0,0.151,0.45,0.767,0.9,0.799,0.9
219,8,0.616,0.05,-0.082,0.1,0.534,0.95,1.0,1.0
220,3,0.666,0.383,0.918,0.433,0.584,0.717,0.65,0.767
221,3,0.716,0.716,1.0,0.766,0.634,0.484,0.3,0.534
222,,0.666,0.666,0.95,0.716,0.584,0.434,0.25,0.484
223,,0.616,0.616,0.9,0.666,0.534,0.384,0.2,0.434
224,,0.566,0.566,0.85,0.616,0.484,0.334,0.15,0.384
225,,0.516,0.516,0.8,0.566,0.434,0.284,0.1,0.334
226,,0.466,0.466,0.75,0.516,0.384,0.234,0.05,0.284
227,,0.416,0.416,0.7,0.466,0.334,0.184,0.0,0.234
228,,0.366,0.366,0.65,0.416,0.284,0.134,-0.05,0.184
229,7,0.416,0.133,0.3,0.183,0.334,0.467,0.95,0.517
230,7,0.466,-0.1,-0.05,-0.05,0.384,0.8,1.0,0.85
231,2,0.799,0.9,0.283,0.0,0.151,0.45,0.767,0.9
232,2,1.0,1.0,0.616,0.05,-0.082,0.1,0.534,0.95
233,5,0.65,0.767,0.666,0.383,0.918,0.433,0.584,0.717
234,5,0.3,0.534,0.716,0.716,1.0,0.766,0.634,0.484
235,,0.25,0.484,0.666,0.666,0.95,0.716,0.584,0.434
236,,0.2,0.434,0.616,0.616,0.9,0.666,0.534,0.384
237,,0.15,0.384,0.566,0.566,0.85,0.616,0.484,0.334
238,,0.1,0.334,0.516,0.516,0.8,0.566,0.434,0.284
239,,0.05,0.284,0.466,0.466,0.75,0.516,0.384,0.234
240,,0.0,0.234,0.416,0.416,0.7,0.466,0.334,0.184
241,,-0.05,0.184,0.366,0.366,0.65,0.416,0.284,0.134
242,1,0.95,0.517,0.416,0.133,0.3,0.183,0.334,0.467
243,1,1.0,0.85,0.466,-0.1,-0.05,-0.05,0.384,0.8
244,4,0.767,0.9,0.799,0.9,0.283,0.0,0.151,0.45
245,4,0.534,0.95,1.0,1.0,0.616,0.05,-0.082,0.1
246,7,0.584,0.717,0.65,0.767,0.666,0.383,0.918,0.433
247,7,0.634,0.484,0.3,0.534,0.716,0.716,1.0,0.766
248,,0.584,0.434,0.25,0.484,0.666,0.666,0.95,0.716
249,,0.534,0.384,0.2,0.434,0.616,0.616,0.9,0.666
250,,0.484,0.334,0.15,0.384,0.566,0.566,0.85,0.616
251,,0.434,0.284,0.1,0.334,0.516,0.516,0.8,0.566
252,,0.384,0.234,0.05,0.284,0.466,0.466,0.75,0.516
253,,0.334,0.184,0.0,0.234,0.416,0.416,0.7,0.466
254,,0.284,0.134,-0.05,0.184,0.366,0.366,0.65,0.416
255,3,0.334,0.467,0.95,0.517,0.416,0.133,0.3,0.183
256,3,0.384,0.8,1.0,0.85,0.466,-0.1,-0.05,-0.05
257,6,0.151,0.45,0.767,0.9,0.799,0.9,0.283,0.0
258,6,-0.082,0.1,0.534,0.95,1.0,1.0,0.616,0.05
259,1,0.918,0.433,0.584,0.717,0.65,0.767,0.666,0.383
260,1,1.0,0.766,0.634,0.484,0.3,0.534,0.716,0.716
261,,0.95,0.716,0.584,0.434,0.25,0.484,0.666,0.666
262,,0.9,0.666,0.534,0.384,0.2,0.434,0.616,0.616
263,,0.85,0.616,0.484,0.334,0.15,0.384,0.566,0.566
264,,0.8,0.566,0.434,0.284,0.1,0.334,0.516,0.516
265,,0.75,0.516,0.384,0.234,0.05,0.284,0.466,0.466
266,,0.7,0.466,0.334,0.184,0.0,0.234,0.416,0.416
267,,0.65,0.416,0.284,0.134,-0.05,0.184,0.366,0.366
268,5,0.3,0.183,0.334,0.467,0.95,0.517,0.416,0.133
269,5,-0.05,-0.05,0.384,0.8,1.0,0.85,0.466,-0.1
270,8,0.283,0.0,0.151,0.45,0.767,0.9,0.799,0.9
271,8,0.616,0.05,-0.082,0.1,0.534,0.95,1.0,1.0
272,3,0.666,0.383,0.918,0.433,0.584,0.717,0.65,0.767
273,3,0.716,0.716,1.0,0.766,0.634,0.484,0.3,0.534
274,,0.666,0.666,0.95,0.716,0.584,0.434,0.25,0.484
275,,0.616,0.616,0.9,0.666,0.534,0.384,0.2,0.434
276,,0.566,0.566,0.85,0.616,0.484,0.334,0.15,0.384
277,,0.516,0.516,0.8,0.566,0.434,0.284,0.1,0.334
278,,0.466,0.466,0.75,0.516,0.384,0.234,0.05,0.284
279,,0.416,0.416,0.7,0.466,0.334,0.184,0.0,0.234
280,,0.366,0.366,0.65,0.416,0.284,0.134,-0.05,0.184
281,7,0.416,0.133,0.3,0.183,0.334,0.467,0.95,0.517
282,7,0.466,-0.1,-0.05,-0.05,0.384,0.8,1.0,0.85
283,2,0.799,0.9,0.283,0.0,0.151,0.45,0.767,0.9
284,2,1.0,1.0,0.616,0.05,-0.082,0.1,0.534,0.95
285,5,0.65,0.767,0.666,0.383,0.918,0.433,0.584,0.717
286,5,0.3,0.534,0.716,0.716,1.0,0.766,0.634,0.484
287,,0.25,0.484,0.666,0.666,0.95,0.716,0.584,0.434
288,,0.2,0.434,0.616,0.616,0.9,0.666,0.534,0.384
289,,0.15,0.384,0.566,0.566,0.85,0.616,0.484,0.334
290,,0.1,0.334,0.516,0.516,0.8,0.566,0.434,0.284
291,,0.05,0.284,0.466,0.466,0.75,0.516,0.384,0.234
292,,0.0,0.234,0.416,0.416,0.7,0.466,0.334,0.184
293,,-0.05,0.184,0.366,0.366,0.65,0.416,0.284,0.134
294,1,0.95,0.517,0.416,0.133,0.3,0.183,0.334,0.467
295,1,1.0,0.85,0.466,-0.1,-0.05,-0.05,0.384,0.8
296,4,0.767,0.9,0.799,0.9,0.283,0.0,0.151,0.45
297,4,0.534,0.95,1.0,1.0,0.616,0.05,-0.082,0.1
298,7,0.584,0.717,0.65,0.767,0.666,0.383,0.918,0.433
299,7,0.634,0.484,0.3,0.534,0.716,0.716,1.0,0.766
300,,0.584,0.434,0.25,0.484,0.666,0.666,0.95,0.716
301,,0.534,0.384,0.2,0.434,0.616,0.616,0.9,0.666
302,,0.484,0.334,0.15,0.384,0.566,0.566,0.85,0.616
303,,0.434,0.284,0.1,0.334,0.516,0.516,0.8,0.566
304,,0.384,0.234,0.05,0.284,0.466,0.466,0.75,0.516
305,,0.334,0.184,0.0,0.234,0.416,0.416,0.7,0.466
306,,0.284,0.134,-0.05,0.184,0.366,0.366,0.65,0.416
307,3,0.334,0.467,0.95,0.517,0.416,0.133,0.3,0.183
308,3,0.384,0.8,1.0,0.85,0.466,-0.1,-0.05,-0.05
309,6,0.151,0.45,0.767,0.9,0.799,0.9,0.283,0.0
310,6,-0.082,0.1,0.534,0.95,1.0,1.0,0.616,0.05
311,1,0.918,0.433,0.584,0.717,0.65,0.767,0.666,0.383
312,1,1.0,0.766,0.634,0.484,0.3,0.534,0.716,0.716
313,,0.95,0.716,0.584,0.434,0.25,0.484,0.666,0.666
314,,0.9,0.666,0.534,0.384,0.2,0.434,0.616,0.616
315,,0.85,0.616,0.484,0.334,0.15,0.384,0.566,0.566
316,,0.8,0.566,0.434,0.284,0.1,0.334,0.516,0.516
317,,0.75,0.516,0.384,0.234,0.05,0.284,0.466,0.466
318,,0.7,0.466,0.334,0.184,0.0,0.234,0.416,0.416
319,,0.65,0.416,0.284,0.134,-0.05,0.184,0.366,0.366
320,5,0.3,0.183,0.334,0.467,0.95,0.517,0.416,0.133
321,5,-0.05,-0.05,0.384,0.8,1.0,0.85,0.466,-0.1
322,8,0.283,0.0,0.151,0.45,0.767,0.9,0.799,0.9
323,8,0.616,0.05,-0.082,0.1,0.534,0.95,1.0,1.0
324,3,0.666,0.383,0.918,0.433,0.584,0.717,0.65,0.767
325,3,0.716,0.716,1.0,0.766,0.634,0.484,0.3,0.534
326,,0.666,0.666,0.95,0.716,0.584,0.434,0.25,0.484
327,,0.616,0.616,0.9,0.666,0.534,0.384,0.2,0.434
328,,0.566,0.566,0.85,0.616,0.484,0.334,0.15,0.384
329,,0.516,0.516,0.8,0.566,0.434,0.284,0.1,0.334
330,,0.466,0.466,0.75,0.516,0.384,0.234,0.05,0.284
331,,0.416,0.416,0.7,0.466,0.334,0.184,0.0,0.234
332,,0.366,0.366,0.65,0.416,0.284,0.134,-0.05,0.184
333,7,0.416,0.133,0.3,0.183,0.334,0.467,0.95,0.517
334,7,0.466,-0.1,-0.05,-0.05,0.384,0.8,1.0,0.85
335,2,0.799,0.9,0.283,0.0,0.151,0.45,0.767,0.9
336,2,1.0,1.0,0.616,0.05,-0.082,0.1,0.534,0.95
337,5,0.65,0.767,0.666,0.383,0.918,0.433,0.584,0.717
338,5,0.3,0.534,0.716,0.716,1.0,0.766,0.634,0.484
339,,0.25,0.484,0.666,0.666,0.95,0.716,0.584,0.434
340,,0.2,0.434,0.616,0.616,0.9,0.666,0.534,0.384
341,,0.15,0.384,0.566,0.566,0.85,0.616,0.484,0.334
342,,0.1,0.334,0.516,0.516,0.8,0.566,0.434,0.284
343,,0.05,0.284,0.466,0.466,0.75,0.516,0.384,0.234
344,,0.0,0.234,0.416,0.416,0.7,0.466,0.334,0.184
345,,-0.05,0.184,0.366,0.366,0.65,0.416,0.284,0.134
346,1,0.95,0.517,0.416,0.133,0.3,0.183,0.334,0.467
347,1,1.0,0.85,0.466,-0.1,-0.05,-0.05,0.384,0.8
348,4,0.767,0.9,0.799,0.9,0.283,0.0,0.151,0.45
349,4,0.534,0.95,1.0,1.0,0.616,0.05,-0.082,0.1
350,7,0.584,0.717,0.65,0.767,0.666,0.383,0.918,0.433
351,7,0.634,0.484,0.3,0.534,0.716,0.716,1.0,0.766
352,,0.584,0.434,0.25,0.484,0.666,0.666,0.95,0.716
353,,0.534,0.384,0.2,0.434,0.616,0.616,0.9,0.666
354,,0.484,0.334,0.15,0.384,0.566,0.566,0.85,0.616
355,,0.434,0.284,0.1,0.334,0.516,0.516,0.8,0.566
356,,0.384,0.234,0.05,0.284,0.466,0.466,0.75,0.516
357,,0.334,0.184,0.0,0.234,0.416,0.416,0.7,0.466
358,,0.284,0.134,-0.05,0.184,0.366,0.366,0.65,0.416
359,3,0.334,0.467,0.95,0.517,0.416,0.133,0.3,0.183
360,3,0.384,0.8,1.0,0.85,0.466,-0.1,-0.05,-0.05
361,6,0.151,0.45,0.767,0.9,0.799,0.9,0.283,0.0
362,6,-0.082,0.1,0.534,0.95,1.0,1.0,0.616,0.05
363,1,0.918,0.433,0.584,0.717,0.65,0.767,0.666,0.383
364,1,1.0,0.766,0.634,0.484,0.3,0.534,0.716,0.716
365,,0.95,0.716,0.584,0.434,0.25,0.484,0.666,0.666
366,,0.9,0.666,0.534,0.384,0.2,0.434,0.616,0.616
367,,0.85,0.616,0.484,0.334,0.15,0.384,0.566,0.566
368,,0.8,0.566,0.434,0.284,0.1,0.334,0.516,0.516
369,,0.75,0.516,0.384,0.234,0.05,0.284,0.466,0.466
370,,0.7,0.466,0.334,0.184,0.0,0.234,0.416,0.416
371,,0.65,0.416,0.284,0.134,-0.05,0.184,0.366,0.366
372,5,0.3,0.183,0.334,0.467,0.95,0.517,0.416,0.133
373,5,-0.05,-0.05,0.384,0.8,1.0,0.85,0.466,-0.1
374,8,0.283,0.0,0.151,0.45,0.767,0.9,0.799,0.9
375,8,0.616,0.05,-0.082,0.1,0.534,0.95,1.0,1.0
376,3,0.666,0.383,0.918,0.433,0.584,0.717,0.65,0.767
377,3,0.716,0.716,1.0,0.766,0.634,0.484,0.3,0.534
378,,0.666,0.666,0.95,0.716,0.584,0.434,0.25,0.484
379,,0.616,0.616,0.9,0.666,0.534,0.384,0.2,0.434
380,,0.566,0.566,0.85,0.616,0.484,0.334,0.15,0.384
381,,0.516,0.516,0.8,0.566,0.434,0.284,0.1,0.334
382,,0.466,0.466,0.75,0.516,0.384,0.234,0.05,0.284
383,,0.416,0.416,0.7,0.466,0.334,0.184,0.0,0.234
384,,0.366,0.366,0.65,0.416,0.284,0.134,-0.05,0.184
385,7,0.416,0.133,0.3,0.183,0.334,0.467,0.95,0.517
386,7,0.466,-0.1,-0.05,-0.05,0.384,0.8,1.0,0.85
387,2,0.799,0.9,0.283,0.0,0.151,0.45,0.767,0.9
388,2,1.0,1.0,0.616,0.05,-0.082,0.1,0.534,0.95
389,5,0.65,0.767,0.666,0.383,0.918,0.433,0.584,0.717
390,5,0.3,0.534,0.716,0.716,1.0,0.766,0.634,0.484
391,,0.25,0.484,0.666,0.666,0.95,0.716,0.584,0.434
392,,0.2,0.434,0.616,0.616,0.9,0.666,0.534,0.384
393,,0.15,0.384,0.566,0.566,0.85,0.616,0.484,0.334
394,,0.1,0.334,0.516,0.516,0.8,0.566,0.434,0.284
395,,0.05,0.284,0.466,0.466,0.75,0.516,0.384,0.234
396,,0.0,0.234,0.416,0.416,0.7,0.466,0.334,0.184
397,,-0.05,0.184,0.366,0.366,0.65,0.416,0.284,0.134
398,1,0.95,0.517,0.416,0.133,0.3,0.183,0.334,0.467
399,1,1.0,0.85,0.466,-0.1,-0.05,-0.05,0.384,0.8
400,4,0.767,0.9,0.799,0.9,0.283,0.0,0.151,0.45
401,4,0.534,0.95,1.0,1.0,0.616,0.05,-0.082,0.1
402,7,0.584,0.717,0.65,0.767,0.666,0.383,0.918,0.433
403,7,0.634,0.484,0.3,0.534,0.716,0.716,1.0,0.766
404,,0.584,0.434,0.25,0.484,0.666,0.666,0.95,0.716
405,,0.534,0.384,0.2,0.434,0.616,0.616,0.9,0.666
406,,0.484,0.334,0.15,0.384,0.566,0.566,0.85,0.616
407,,0.434,0.284,0.1,0.334,0.516,0.516,0.8,0.566
408,,0.384,0.234,0.05,0.284,0.466,0.466,0.75,0.516
409,,0.334,0.184,0.0,0.234,0.416,0.416,0.7,0.466
410,,0.284,0.134,-0.05,0.184,0.366,0.366,0.65,0.416
411,3,0.334,0.467,0.95,0.517,0.416,0.133,0.3,0.183
412,3,0.384,0.8,1.0,0.85,0.466,-0.1,-0.05,-0.05
413,6,0.151,0.45,0.767,0.9,0.799,0.9,0.283,0.0
414,6,-0.082,0.1,0.534,0.95,1.0,1.0,0.616,0.05
415,1,0.918,0.433,0.584,0.717,0.65,0.767,0.666,0.383
416,1,1.0,0.766,0.634,0.484,0.3,0.534,0.716,0.716
417,,0.95,0.716,0.584,0.434,0.25,0.484,0.666,0.666
418,,0.9,0.666,0.534,0.384,0.2,0.434,0.616,0.616
419,,0.85,0.616,0.484,0.334,0.15,0.384,0.566,0.566
420,,0.8,0.566,0.434,0.284,0.1,0.334,0.516,0.516
421,,0.75,0.516,0.384,0.234,0.05,0.284,0.466,0.466
422,,0.7,0.466,0.334,0.184,0.0,0.234,0.416,0.416
423,,0.65,0.416,0.284,0.134,-0.05,0.184,0.366,0.366
424,5,0.3,0.183,0.334,0.467,0.95,0.517,0.416,0.133
425,5,-0.05,-0.05,0.384,0.8,1.0,0.85,0.466,-0.1
426,8,0.283,0.0,0.151,0.45,0.767,0.9,0.799,0.9
427,8,0.616,0.05,-0.082,0.1,0.534,0.95,1.0,1.0
428,3,0.666,0.383,0.918,0.433,0.584,0.717,0.65,0.767
429,3,0.716,0.716,1.0,0.766,0.634,0.484,0.3,0.534
430,,0.666,0.666,0.95,0.716,0.584,0.434,0.25,0.484
431,,0.616,0.616,0.9,0.666,0.534,0.384,0.2,0.434
432,,0.566,0.566,0.85,0.616,0.484,0.334,0.15,0.384
433,,0.516,0.516,0.8,0.566,0.434,0.284,0.1,0.334
434,,0.466,0.466,0.75,0.516,0.384,0.234,0.05,0.284
435,,0.416,0.416,0.7,0.466,0.334,0.184,0.0,0.234
436,,0.366,0.366,0.65,0.416,0.284,0.134,-0.05,0.184
437,7,0.416,0.133,0.3,0.183,0.334,0.467,0.95,0.517
438,7,0.466,-0.1,-0.05,-0.05,0.384,0.8,1.0,0.85
439,2,0.799,0.9,0.283,0.0,0.151,0.45,0.767,0.9
440,2,1.0,1.0,0.616,0.05,-0.082,0.1,0.534,0.95
441,5,0.65,0.767,0.666,0.383,0.918,0.433,0.584,0.717
442,5,0.3,0.534,0.716,0.716,1.0,0.766,0.634,0.484
443,,0.25,0.484,0.666,0.666,0.95,0.716,0.584,0.434
444,,0.2,0.434,0.616,0.616,0.9,0.666,0.534,0.384
445,,0.15,0.384,0.566,0.566,0.85,0.616,0.484,0.334
446,,0.1,0.334,0.516,0.516,0.8,0.566,0.434,0.284
447,,0.05,0.284,0.466,0.466,0.75,0.516,0.384,0.234
448,,0.0,0.234,0.416,0.416,0.7,0.466,0.334,0.184
449,,-0.05,0.184,0.366,0.366,0.65,0.416,0.284,0.134
450,1,0.95,0.517,0.416,0.133,0.3,0.183,0.334,0.467
451,1,1.0,0.85,0.466,-0.1,-0.05,-0.05,0.384,0.8
452,4,0.767,0.9,0.799,0.9,0.283,0.0,0.151,0.45
453,4,0.534,0.95,1.0,1.0,0.616,0.05,-0.082,0.1
454,7,0.584,0.717,0.65,0.767,0.666,0.383,0.918,0.433
455,7,0.634,0.484,0.3,0.534,0.716,0.716,1.0,0.766
456,,0.584,0.434,0.25,0.484,0.666,0.666,0.95,0.716
457,,0.534,0.384,0.2,0.434,0.616,0.616,0.9,0.666
458,,0.484,0.334,0.15,0.384,0.566,0.566,0.85,0.616
459,,0.434,0.284,0.1,0.334,0.516,0.516,0.8,0.566
460,,0.384,0.234,0.05,0.284,0.466,0.466,0.75,0.516
461,,0.334,0.184,0.0,0.234,0.416,0.416,0.7,0.466
462,,0.284,0.134,-0.05,0.184,0.366,0.366,0.65,0.416
463,3,0.334,0.467,0.95,0.517,0.416,0.133,0.3,0.183
464,3,0.384,0.8,1.0,0.85,0.466,-0.1,-0.05,-0.05
465,6,0.151,0.45,0.767,0.9,0.799,0.9,0.283,0.0
466,6,-0.082,0.1,0.534,0.95,1.0,1.0,0.616,0.05
467,1,0.918,0.433,0.584,0.717,0.65,0.767,0.666,0.383
468,1,1.0,0.766,0.634,0.484,0.3,0.534,0.716,0.716
469,,0.95,0.716,0.584,0.434,0.25,0.484,0.666,0.666
470,,0.9,0.666,0.534,0.384,0.2,0.434,0.616,0.616
471,,0.85,0.616,0.484,0.334,0.15,0.384,0.566,0.566
472,,0.8,0.566,0.434,0.284,0.1,0.334,0.516,0.516
473,,0.75,0.516,0.384,0.234,0.05,0.284,0.466,0.466
474,,0.7,0.466,0.334,0.184,0.0,0.234,0.416,0.416
475,,0.65,0.416,0.284,0.134,-0.05,0.184,0.366,0.366
476,5,0.3,0.183,0.334,0.467,0.95,0.517,0.416,0.133
477,5,-0.05,-0.05,0.384,0.8,1.0,0.85,0.466,-0.1
478,8,0.283,0.0,0.151,0.45,0.767,0.9,0.799,0.9
479,8,0.616,0.05,-0.082,0.1,0.534,0.95,1.0,1.0
480,3,0.666,0.383,0.918,0.433,0.584,0.717,0.65,0.767
481,3,0.716,0.716,1.0,0.766,0.634,0.484,0.3,0.534
482,,0.666,0.666,0.95,0.716,0.584,0.434,0.25,0.484
483,,0.616,0.616,0.9,0.666,0.534,0.384,0.2,0.434
484,,0.566,0.566,0.85,0.616,0.484,0.334,0.15,0.384
485,,0.516,0.516,0.8,0.566,0.434,0.284,0.1,0.334
486,,0.466,0.466,0.75,0.516,0.384,0.234,0.05,0.284
487,,0.416,0.416,0.7,0.466,0.334,0.184,0.0,0.234
488,,0.366,0.366,0.65,0.416,0.284,0.134,-0.05,0.184
489,7,0.416,0.133,0.3,0.183,0.334,0.467,0.95,0.517
490,7,0.466,-0.1,-0.05,-0.05,0.384,0.8,1.0,0.85
491,2,0.799,0.9,0.283,0.0,0.151,0.45,0.767,0.9
492,2,1.0,1.0,0.616,0.05,-0.082,0.1,0.534,0.95
493,5,0.65,0.767,0.666,0.383,0.918,0.433,0.584,0.717
494,5,0.3,0.534,0.716,0.716,1.0,0.766,0.634,0.484
495,,0.25,0.484,0.666,0.666,0.95,0.716,0.584,0.434
496,,0.2,0.434,0.616,0.616,0.9,0.666,0.534,0.384
497,,0.15,0.384,0.566,0.566,0.85,0.616,0.484,0.334
498,,0.1,0.334,0.516,0.516,0.8,0.566,0.434,0.284
499,,0.05,0.284,0.466,0.466,0.75,0.516,0.384,0.234
