step,active_motive,motive_1,motive_2,motive_3,motive_4,motive_5,motive_6,motive_7,motive_8
0,,0.02898,0.01612,0.09297,0.08081,0.06334,0.08715,0.08037,0.01866
1,,0.00898,-0.00388,0.07297,0.06081,0.04334,0.06715,0.06037,-0.00134
2,2,0.20098,0.99612,0.26497,0.04081,-0.18866,-0.25285,-0.17163,-0.02134
3,2,0.39298,1.0,0.45697,0.02081,-0.42066,-0.57285,-0.40363,-0.04134
4,6,0.16098,0.68,0.22497,0.00081,-0.22866,0.42715,-0.21163,-0.06134
5,6,-0.07102,0.36,-0.00703,-0.01919,-0.03666,1.0,-0.01963,-0.08134
6,8,0.12098,0.34,-0.23903,-0.33919,-0.26866,0.98,0.17237,0.91866
7,8,0.31298,0.32,-0.47103,-0.65919,-0.50066,0.96,0.36437,1.0
8,4,0.08098,0.3,-0.27903,0.34081,-0.30866,0.94,0.13237,0.68
9,4,-0.15102,0.28,-0.08703,1.0,-0.11666,0.92,-0.09963,0.36
10,1,0.84898,0.472,-0.10703,0.768,-0.43666,0.688,-0.11963,0.552
11,1,1.0,0.664,-0.12703,0.536,-0.75666,0.456,-0.13963,0.744
12,5,0.68,0.432,-0.14703,0.728,0.24334,0.648,-0.15963,0.512
13,5,0.36,0.2,-0.16703,0.92,1.0,0.84,-0.17963,0.28
14,7,0.34,-0.032,-0.48703,0.688,0.98,1.0,0.82037,0.472
15,7,0.32,-0.264,-0.80703,0.456,0.96,1.0,1.0,0.664
16,3,0.3,-0.072,0.19297,0.648,0.94,0.768,0.68,0.432
17,3,0.28,0.12,1.0,0.84,0.92,0.536,0.36,0.2
18,,0.26,0.1,0.98,0.82,0.9,0.516,0.34,0.18
19,,0.24,0.08,0.96,0.8,0.88,0.496,0.32,0.16
20,,0.22,0.06,0.94,0.78,0.86,0.476,0.3,0.14
21,,0.2,0.04,0.92,0.76,0.84,0.456,0.28,0.12
22,,0.18,0.02,0.9,0.74,0.82,0.436,0.26,0.1
23,,0.16,0.0,0.88,0.72,0.8,0.416,0.24,0.08
24,,0.14,-0.02,0.86,0.7,0.78,0.396,0.22,0.06
25,2,0.332,0.98,1.0,0.68,0.548,0.076,-0.012,0.04
26,2,0.524,1.0,1.0,0.66,0.316,-0.244,-0.244,0.02
27,7,0.504,0.768,0.68,0.428,0.296,-0.052,0.756,0.212
28,7,0.484,0.536,0.36,0.196,0.276,0.14,1.0,0.404
29,,0.464,0.516,0.34,0.176,0.256,0.12,0.98,0.384
30,,0.444,0.496,0.32,0.156,0.236,0.1,0.96,0.364
31,,0.424,0.476,0.3,0.136,0.216,0.08,0.94,0.344
32,,0.404,0.456,0.28,0.116,0.196,0.06,0.92,0.324
33,,0.384,0.436,0.26,0.096,0.176,0.04,0.9,0.304
34,,0.364,0.416,0.24,0.076,0.156,0.02,0.88,0.284
35,,0.344,0.396,0.22,0.056,0.136,0.0,0.86,0.264
36,,0.324,0.376,0.2,0.036,0.116,-0.02,0.84,0.244
37,6,0.092,0.056,-0.032,0.016,0.308,0.98,1.0,0.224
38,6,-0.14,-0.264,-0.264,-0.004,0.5,1.0,1.0,0.204
39,3,-0.16,-0.072,0.736,0.188,0.48,0.768,0.68,-0.028
40,3,-0.18,0.12,1.0,0.38,0.46,0.536,0.36,-0.26
41,8,0.012,0.1,0.768,0.06,0.228,0.516,0.552,0.74
42,8,0.204,0.08,0.536,-0.26,-0.004,0.496,0.744,1.0
43,4,-0.028,0.06,0.728,0.74,0.188,0.476,0.512,0.68
44,4,-0.26,0.04,0.92,1.0,0.38,0.456,0.28,0.36
45,1,0.74,0.232,0.9,0.768,0.06,0.224,0.26,0.552
46,1,1.0,0.424,0.88,0.536,-0.26,-0.008,0.24,0.744
47,5,0.68,0.192,0.86,0.728,0.74,0.184,0.22,0.512
48,5,0.36,-0.04,0.84,0.92,1.0,0.376,0.2,0.28
49,2,0.552,0.96,1.0,0.9,0.768,0.056,-0.032,0.26
50,2,0.744,1.0,1.0,0.88,0.536,-0.264,-0.264,0.24
51,6,0.512,0.68,0.768,0.86,0.728,0.736,-0.072,0.22
52,6,0.28,0.36,0.536,0.84,0.92,1.0,0.12,0.2
53,,0.26,0.34,0.516,0.82,0.9,0.98,0.1,0.18
54,,0.24,0.32,0.496,0.8,0.88,0.96,0.08,0.16
55,,0.22,0.3,0.476,0.78,0.86,0.94,0.06,0.14
56,,0.2,0.28,0.456,0.76,0.84,0.92,0.04,0.12
57,,0.18,0.26,0.436,0.74,0.82,0.9,0.02,0.1
58,,0.16,0.24,0.416,0.72,0.8,0.88,0.0,0.08
59,,0.14,0.22,0.396,0.7,0.78,0.86,-0.02,0.06
60,7,0.12,-0.012,0.076,0.468,0.76,1.0,0.98,0.252
61,7,0.1,-0.244,-0.244,0.236,0.74,1.0,1.0,0.444
62,3,0.08,-0.052,0.756,0.428,0.72,0.768,0.68,0.212
63,3,0.06,0.14,1.0,0.62,0.7,0.536,0.36,-0.02
64,8,0.252,0.12,0.768,0.3,0.468,0.516,0.552,0.98
65,8,0.444,0.1,0.536,-0.02,0.236,0.496,0.744,1.0
66,4,0.212,0.08,0.728,0.98,0.428,0.476,0.512,0.68
67,4,-0.02,0.06,0.92,1.0,0.62,0.456,0.28,0.36
68,1,0.98,0.252,0.9,0.768,0.3,0.224,0.26,0.552
69,1,1.0,0.444,0.88,0.536,-0.02,-0.008,0.24,0.744
70,5,0.68,0.212,0.86,0.728,0.98,0.184,0.22,0.512
71,5,0.36,-0.02,0.84,0.92,1.0,0.376,0.2,0.28
72,2,0.552,0.98,1.0,0.9,0.768,0.056,-0.032,0.26
73,2,0.744,1.0,1.0,0.88,0.536,-0.264,-0.264,0.24
74,7,0.724,0.768,0.68,0.648,0.516,-0.072,0.736,0.432
75,7,0.704,0.536,0.36,0.416,0.496,0.12,1.0,0.624
76,,0.684,0.516,0.34,0.396,0.476,0.1,0.98,0.604
77,,0.664,0.496,0.32,0.376,0.456,0.08,0.96,0.584
78,,0.644,0.476,0.3,0.356,0.436,0.06,0.94,0.564
79,,0.624,0.456,0.28,0.336,0.416,0.04,0.92,0.544
80,,0.604,0.436,0.26,0.316,0.396,0.02,0.9,0.524
81,,0.584,0.416,0.24,0.296,0.376,0.0,0.88,0.504
82,,0.564,0.396,0.22,0.276,0.356,-0.02,0.86,0.484
83,6,0.332,0.076,-0.012,0.256,0.548,0.98,1.0,0.464
84,6,0.1,-0.244,-0.244,0.236,0.74,1.0,1.0,0.444
85,2,0.292,0.756,-0.052,0.216,0.508,0.68,0.768,0.424
86,2,0.484,1.0,0.14,0.196,0.276,0.36,0.536,0.404
87,,0.464,0.98,0.12,0.176,0.256,0.34,0.516,0.384
88,,0.444,0.96,0.1,0.156,0.236,0.32,0.496,0.364
89,,0.424,0.94,0.08,0.136,0.216,0.3,0.476,0.344
90,,0.404,0.92,0.06,0.116,0.196,0.28,0.456,0.324
91,,0.384,0.9,0.04,0.096,0.176,0.26,0.436,0.304
92,,0.364,0.88,0.02,0.076,0.156,0.24,0.416,0.284
93,,0.344,0.86,0.0,0.056,0.136,0.22,0.396,0.264
94,,0.324,0.84,-0.02,0.036,0.116,0.2,0.376,0.244
95,3,0.304,1.0,0.98,0.228,0.096,-0.032,0.056,0.012
96,3,0.284,1.0,1.0,0.42,0.076,-0.264,-0.264,-0.22
97,7,0.264,0.768,0.68,0.188,0.056,-0.072,0.736,-0.028
98,7,0.244,0.536,0.36,-0.044,0.036,0.12,1.0,0.164
99,4,0.012,0.516,0.552,0.956,0.228,0.1,0.768,-0.156
100,4,-0.22,0.496,0.744,1.0,0.42,0.08,0.536,-0.476
101,8,-0.028,0.476,0.512,0.68,0.188,0.06,0.728,0.524
102,8,0.164,0.456,0.28,0.36,-0.044,0.04,0.92,1.0
103,5,-0.156,0.224,0.26,0.552,0.956,0.232,0.9,0.768
104,5,-0.476,-0.008,0.24,0.744,1.0,0.424,0.88,0.536
105,1,0.524,0.184,0.22,0.512,0.68,0.192,0.86,0.728
106,1,1.0,0.376,0.2,0.28,0.36,-0.04,0.84,0.92
107,6,0.768,0.056,-0.032,0.26,0.552,0.96,1.0,0.9
108,6,0.536,-0.264,-0.264,0.24,0.744,1.0,1.0,0.88
109,2,0.728,0.736,-0.072,0.22,0.512,0.68,0.768,0.86
110,2,0.92,1.0,0.12,0.2,0.28,0.36,0.536,0.84
111,,0.9,0.98,0.1,0.18,0.26,0.34,0.516,0.82
112,,0.88,0.96,0.08,0.16,0.24,0.32,0.496,0.8
113,,0.86,0.94,0.06,0.14,0.22,0.3,0.476,0.78
114,,0.84,0.92,0.04,0.12,0.2,0.28,0.456,0.76
115,,0.82,0.9,0.02,0.1,0.18,0.26,0.436,0.74
116,,0.8,0.88,0.0,0.08,0.16,0.24,0.416,0.72
117,,0.78,0.86,-0.02,0.06,0.14,0.22,0.396,0.7
118,3,0.76,1.0,0.98,0.252,0.12,-0.012,0.076,0.468
119,3,0.74,1.0,1.0,0.444,0.1,-0.244,-0.244,0.236
120,6,0.508,0.68,0.768,0.424,0.292,0.756,-0.052,0.216
121,6,0.276,0.36,0.536,0.404,0.484,1.0,0.14,0.196
122,,0.256,0.34,0.516,0.384,0.464,0.98,0.12,0.176
123,,0.236,0.32,0.496,0.364,0.444,0.96,0.1,0.156
124,,0.216,0.3,0.476,0.344,0.424,0.94,0.08,0.136
125,,0.196,0.28,0.456,0.324,0.404,0.92,0.06,0.116
126,,0.176,0.26,0.436,0.304,0.384,0.9,0.04,0.096
127,,0.156,0.24,0.416,0.284,0.364,0.88,0.02,0.076
128,,0.136,0.22,0.396,0.264,0.344,0.86,0.0,0.056
129,,0.116,0.2,0.376,0.244,0.324,0.84,-0.02,0.036
130,7,0.096,-0.032,0.056,0.012,0.304,1.0,0.98,0.228
131,7,0.076,-0.264,-0.264,-0.22,0.284,1.0,1.0,0.42
132,3,0.056,-0.072,0.736,-0.028,0.264,0.768,0.68,0.188
133,3,0.036,0.12,1.0,0.164,0.244,0.536,0.36,-0.044
134,8,0.228,0.1,0.768,-0.156,0.012,0.516,0.552,0.956
135,8,0.42,0.08,0.536,-0.476,-0.22,0.496,0.744,1.0
136,4,0.188,0.06,0.728,0.524,-0.028,0.476,0.512,0.68
137,4,-0.044,0.04,0.92,1.0,0.164,0.456,0.28,0.36
138,1,0.956,0.232,0.9,0.768,-0.156,0.224,0.26,0.552
139,1,1.0,0.424,0.88,0.536,-0.476,-0.008,0.24,0.744
140,5,0.68,0.192,0.86,0.728,0.524,0.184,0.22,0.512
141,5,0.36,-0.04,0.84,0.92,1.0,0.376,0.2,0.28
142,2,0.552,0.96,1.0,0.9,0.768,0.056,-0.032,0.26
143,2,0.744,1.0,1.0,0.88,0.536,-0.264,-0.264,0.24
144,6,0.512,0.68,0.768,0.86,0.728,0.736,-0.072,0.22
145,6,0.28,0.36,0.536,0.84,0.92,1.0,0.12,0.2
146,,0.26,0.34,0.516,0.82,0.9,0.98,0.1,0.18
147,,0.24,0.32,0.496,0.8,0.88,0.96,0.08,0.16
148,,0.22,0.3,0.476,0.78,0.86,0.94,0.06,0.14
149,,0.2,0.28,0.456,0.76,0.84,0.92,0.04,0.12
150,,0.18,0.26,0.436,0.74,0.82,0.9,0.02,0.1
151,,0.16,0.24,0.416,0.72,0.8,0.88,0.0,0.08
152,,0.14,0.22,0.396,0.7,0.78,0.86,-0.02,0.06
153,7,0.12,-0.012,0.076,0.468,0.76,1.0,0.98,0.252
154,7,0.1,-0.244,-0.244,0.236,0.74,1.0,1.0,0.444
155,2,0.292,0.756,-0.052,0.216,0.508,0.68,0.768,0.424
156,2,0.484,1.0,0.14,0.196,0.276,0.36,0.536,0.404
157,,0.464,0.98,0.12,0.176,0.256,0.34,0.516,0.384
158,,0.444,0.96,0.1,0.156,0.236,0.32,0.496,0.364
159,,0.424,0.94,0.08,0.136,0.216,0.3,0.476,0.344
160,,0.404,0.92,0.06,0.116,0.196,0.28,0.456,0.324
161,,0.384,0.9,0.04,0.096,0.176,0.26,0.436,0.304
162,,0.364,0.88,0.02,0.076,0.156,0.24,0.416,0.284
163,,0.344,0.86,0.0,0.056,0.136,0.22,0.396,0.264
164,,0.324,0.84,-0.02,0.036,0.116,0.2,0.376,0.244
165,3,0.304,1.0,0.98,0.228,0.096,-0.032,0.056,0.012
166,3,0.284,1.0,1.0,0.42,0.076,-0.264,-0.264,-0.22
167,6,0.052,0.68,0.768,0.4,0.268,0.736,-0.072,-0.24
168,6,-0.18,0.36,0.536,0.38,0.46,1.0,0.12,-0.26
169,8,0.012,0.34,0.304,0.06,0.228,0.98,0.312,0.74
170,8,0.204,0.32,0.072,-0.26,-0.004,0.96,0.504,1.0
171,4,-0.028,0.3,0.264,0.74,0.188,0.94,0.272,0.68
172,4,-0.26,0.28,0.456,1.0,0.38,0.92,0.04,0.36
173,1,0.74,0.472,0.436,0.768,0.06,0.688,0.02,0.552
174,1,1.0,0.664,0.416,0.536,-0.26,0.456,0.0,0.744
175,5,0.68,0.432,0.396,0.728,0.74,0.648,-0.02,0.512
176,5,0.36,0.2,0.376,0.92,1.0,0.84,-0.04,0.28
177,7,0.34,-0.032,0.056,0.688,0.98,1.0,0.96,0.472
178,7,0.32,-0.264,-0.264,0.456,0.96,1.0,1.0,0.664
179,2,0.512,0.736,-0.072,0.436,0.728,0.68,0.768,0.644
180,2,0.704,1.0,0.12,0.416,0.496,0.36,0.536,0.624
181,,0.684,0.98,0.1,0.396,0.476,0.34,0.516,0.604
182,,0.664,0.96,0.08,0.376,0.456,0.32,0.496,0.584
183,,0.644,0.94,0.06,0.356,0.436,0.3,0.476,0.564
184,,0.624,0.92,0.04,0.336,0.416,0.28,0.456,0.544
185,,0.604,0.9,0.02,0.316,0.396,0.26,0.436,0.524
186,,0.584,0.88,0.0,0.296,0.376,0.24,0.416,0.504
187,,0.564,0.86,-0.02,0.276,0.356,0.22,0.396,0.484
188,3,0.544,1.0,0.98,0.468,0.336,-0.012,0.076,0.252
189,3,0.524,1.0,1.0,0.66,0.316,-0.244,-0.244,0.02
190,7,0.504,0.768,0.68,0.428,0.296,-0.052,0.756,0.212
191,7,0.484,0.536,0.36,0.196,0.276,0.14,1.0,0.404
192,,0.464,0.516,0.34,0.176,0.256,0.12,0.98,0.384
193,,0.444,0.496,0.32,0.156,0.236,0.1,0.96,0.364
194,,0.424,0.476,0.3,0.136,0.216,0.08,0.94,0.344
195,,0.404,0.456,0.28,0.116,0.196,0.06,0.92,0.324
196,,0.384,0.436,0.26,0.096,0.176,0.04,0.9,0.304
197,,0.364,0.416,0.24,0.076,0.156,0.02,0.88,0.284
198,,0.344,0.396,0.22,0.056,0.136,0.0,0.86,0.264
199,,0.324,0.376,0.2,0.036,0.116,-0.02,0.84,0.244
