step,active_motive,motive_1,motive_2,motive_3,motive_4,motive_5,motive_6,motive_7,motive_8
0,,0.02799,0.09549,0.07379,0.05544,0.06117,0.04196,0.02477,0.0356
1,,0.00799,0.07549,0.05379,0.03544,0.04117,0.02196,0.00477,0.0156
2,,-0.01201,0.05549,0.03379,0.01544,0.02117,0.00196,-0.01523,-0.0044
3,7,-0.03201,-0.17651,-0.28621,-0.21656,0.00117,0.19396,0.98477,0.1876
4,7,-0.05201,-0.40851,-0.60621,-0.44856,-0.01883,0.38596,1.0,0.3796
5,3,-0.07201,-0.21651,0.39379,-0.25656,-0.03883,0.15396,0.68,0.1476
6,3,-0.09201,-0.02451,1.0,-0.06456,-0.05883,-0.07804,0.36,-0.0844
7,1,0.90799,0.16749,0.98,-0.29656,-0.37883,-0.31004,0.34,0.1076
8,1,1.0,0.35949,0.96,-0.52856,-0.69883,-0.54204,0.32,0.2996
9,5,0.68,0.12749,0.94,-0.33656,0.30117,-0.35004,0.3,0.0676
10,5,0.36,-0.10451,0.92,-0.14456,1.0,-0.15804,0.28,-0.1644
11,8,0.552,-0.12451,0.688,-0.46456,0.768,-0.17804,0.472,0.8356
12,8,0.744,-0.14451,0.456,-0.78456,0.536,-0.19804,0.664,1.0
13,4,0.512,-0.16451,0.648,0.21544,0.728,-0.21804,0.432,0.68
14,4,0.28,-0.18451,0.84,1.0,0.92,-0.23804,0.2,0.36
15,6,0.048,-0.50451,0.608,0.98,1.0,0.76196,0.392,0.34
16,6,-0.184,-0.82451,0.376,0.96,1.0,1.0,0.584,0.32
17,2,0.008,0.17549,0.568,0.94,0.768,0.68,0.352,0.3
18,2,0.2,1.0,0.76,0.92,0.536,0.36,0.12,0.28
19,,0.18,0.98,0.74,0.9,0.516,0.34,0.1,0.26
20,,0.16,0.96,0.72,0.88,0.496,0.32,0.08,0.24
21,,0.14,0.94,0.7,0.86,0.476,0.3,0.06,0.22
22,,0.12,0.92,0.68,0.84,0.456,0.28,0.04,0.2
23,,0.1,0.9,0.66,0.82,0.436,0.26,0.02,0.18
24,,0.08,0.88,0.64,0.8,0.416,0.24,0.0,0.16
25,,0.06,0.86,0.62,0.78,0.396,0.22,-0.02,0.14
26,7,0.04,0.628,0.3,0.548,0.376,0.412,0.98,0.332
27,7,0.02,0.396,-0.02,0.316,0.356,0.604,1.0,0.524
28,3,0.0,0.588,0.98,0.508,0.336,0.372,0.68,0.292
29,3,-0.02,0.78,1.0,0.7,0.316,0.14,0.36,0.06
30,1,0.98,0.972,0.98,0.468,-0.004,-0.092,0.34,0.252
31,1,1.0,1.0,0.96,0.236,-0.324,-0.324,0.32,0.444
32,5,0.68,0.768,0.94,0.428,0.676,-0.132,0.3,0.212
33,5,0.36,0.536,0.92,0.62,1.0,0.06,0.28,-0.02
34,8,0.552,0.516,0.688,0.3,0.768,0.04,0.472,0.98
35,8,0.744,0.496,0.456,-0.02,0.536,0.02,0.664,1.0
36,4,0.512,0.476,0.648,0.98,0.728,0.0,0.432,0.68
37,4,0.28,0.456,0.84,1.0,0.92,-0.02,0.2,0.36
38,6,0.048,0.136,0.608,0.98,1.0,0.98,0.392,0.34
39,6,-0.184,-0.184,0.376,0.96,1.0,1.0,0.584,0.32
40,2,0.008,0.816,0.568,0.94,0.768,0.68,0.352,0.3
41,2,0.2,1.0,0.76,0.92,0.536,0.36,0.12,0.28
42,,0.18,0.98,0.74,0.9,0.516,0.34,0.1,0.26
43,,0.16,0.96,0.72,0.88,0.496,0.32,0.08,0.24
44,,0.14,0.94,0.7,0.86,0.476,0.3,0.06,0.22
45,,0.12,0.92,0.68,0.84,0.456,0.28,0.04,0.2
46,,0.1,0.9,0.66,0.82,0.436,0.26,0.02,0.18
47,,0.08,0.88,0.64,0.8,0.416,0.24,0.0,0.16
48,,0.06,0.86,0.62,0.78,0.396,0.22,-0.02,0.14
49,7,0.04,0.628,0.3,0.548,0.376,0.412,0.98,0.332
50,7,0.02,0.396,-0.02,0.316,0.356,0.604,1.0,0.524
51,3,0.0,0.588,0.98,0.508,0.336,0.372,0.68,0.292
52,3,-0.02,0.78,1.0,0.7,0.316,0.14,0.36,0.06
53,1,0.98,0.972,0.98,0.468,-0.004,-0.092,0.34,0.252
54,1,1.0,1.0,0.96,0.236,-0.324,-0.324,0.32,0.444
55,5,0.68,0.768,0.94,0.428,0.676,-0.132,0.3,0.212
56,5,0.36,0.536,0.92,0.62,1.0,0.06,0.28,-0.02
57,8,0.552,0.516,0.688,0.3,0.768,0.04,0.472,0.98
58,8,0.744,0.496,0.456,-0.02,0.536,0.02,0.664,1.0
59,4,0.512,0.476,0.648,0.98,0.728,0.0,0.432,0.68
60,4,0.28,0.456,0.84,1.0,0.92,-0.02,0.2,0.36
61,6,0.048,0.136,0.608,0.98,1.0,0.98,0.392,0.34
62,6,-0.184,-0.184,0.376,0.96,1.0,1.0,0.584,0.32
63,1,0.816,0.008,0.356,0.728,0.68,0.768,0.564,0.512
64,1,1.0,0.2,0.336,0.496,0.36,0.536,0.544,0.704
65,,0.98,0.18,0.316,0.476,0.34,0.516,0.524,0.684
66,,0.96,0.16,0.296,0.456,0.32,0.496,0.504,0.664
67,,0.94,0.14,0.276,0.436,0.3,0.476,0.484,0.644
68,,0.92,0.12,0.256,0.416,0.28,0.456,0.464,0.624
69,,0.9,0.1,0.236,0.396,0.26,0.436,0.444,0.604
70,,0.88,0.08,0.216,0.376,0.24,0.416,0.424,0.584
71,,0.86,0.06,0.196,0.356,0.22,0.396,0.404,0.564
72,,0.84,0.04,0.176,0.336,0.2,0.376,0.384,0.544
73,,0.82,0.02,0.156,0.316,0.18,0.356,0.364,0.524
74,,0.8,0.0,0.136,0.296,0.16,0.336,0.344,0.504
75,,0.78,-0.02,0.116,0.276,0.14,0.316,0.324,0.484
76,2,0.972,0.98,0.308,0.256,-0.092,-0.004,0.092,0.464
77,2,1.0,1.0,0.5,0.236,-0.324,-0.324,-0.14,0.444
78,6,0.768,0.68,0.268,0.216,-0.132,0.676,0.052,0.424
79,6,0.536,0.36,0.036,0.196,0.06,1.0,0.244,0.404
80,,0.516,0.34,0.016,0.176,0.04,0.98,0.224,0.384
81,,0.496,0.32,-0.004,0.156,0.02,0.96,0.204,0.364
82,3,0.476,0.512,0.996,0.348,0.0,0.728,-0.116,0.132
83,3,0.456,0.704,1.0,0.54,-0.02,0.496,-0.436,-0.1
84,7,0.436,0.472,0.68,0.308,-0.04,0.688,0.564,0.092
85,7,0.416,0.24,0.36,0.076,-0.06,0.88,1.0,0.284
86,5,0.096,0.008,0.34,0.268,0.94,1.0,0.98,0.052
87,5,-0.224,-0.224,0.32,0.46,1.0,1.0,0.96,-0.18
88,2,-0.032,0.776,0.512,0.44,0.768,0.68,0.728,-0.2
89,2,0.16,1.0,0.704,0.42,0.536,0.36,0.496,-0.22
90,8,0.352,0.98,0.472,0.1,0.304,0.34,0.688,0.78
91,8,0.544,0.96,0.24,-0.22,0.072,0.32,0.88,1.0
92,4,0.312,0.94,0.432,0.78,0.264,0.3,0.648,0.68
93,4,0.08,0.92,0.624,1.0,0.456,0.28,0.416,0.36
94,,0.06,0.9,0.604,0.98,0.436,0.26,0.396,0.34
95,,0.04,0.88,0.584,0.96,0.416,0.24,0.376,0.32
96,,0.02,0.86,0.564,0.94,0.396,0.22,0.356,0.3
97,,0.0,0.84,0.544,0.92,0.376,0.2,0.336,0.28
98,,-0.02,0.82,0.524,0.9,0.356,0.18,0.316,0.26
99,1,0.98,1.0,0.504,0.668,0.036,-0.052,0.296,0.452
100,1,1.0,1.0,0.484,0.436,-0.284,-0.284,0.276,0.644
101,5,0.68,0.768,0.464,0.628,0.716,-0.092,0.256,0.412
102,5,0.36,0.536,0.444,0.82,1.0,0.1,0.236,0.18
103,,0.34,0.516,0.424,0.8,0.98,0.08,0.216,0.16
104,,0.32,0.496,0.404,0.78,0.96,0.06,0.196,0.14
105,,0.3,0.476,0.384,0.76,0.94,0.04,0.176,0.12
106,,0.28,0.456,0.364,0.74,0.92,0.02,0.156,0.1
107,,0.26,0.436,0.344,0.72,0.9,0.0,0.136,0.08
108,,0.24,0.416,0.324,0.7,0.88,-0.02,0.116,0.06
109,6,0.008,0.096,0.092,0.68,1.0,0.98,0.308,0.04
110,6,-0.224,-0.224,-0.14,0.66,1.0,1.0,0.5,0.02
111,1,0.776,-0.032,-0.16,0.428,0.68,0.768,0.48,0.212
112,1,1.0,0.16,-0.18,0.196,0.36,0.536,0.46,0.404
113,3,0.98,0.352,0.82,0.388,0.34,0.304,0.14,0.172
114,3,0.96,0.544,1.0,0.58,0.32,0.072,-0.18,-0.06
115,7,0.94,0.312,0.68,0.348,0.3,0.264,0.82,0.132
116,7,0.92,0.08,0.36,0.116,0.28,0.456,1.0,0.324
117,,0.9,0.06,0.34,0.096,0.26,0.436,0.98,0.304
118,,0.88,0.04,0.32,0.076,0.24,0.416,0.96,0.284
119,,0.86,0.02,0.3,0.056,0.22,0.396,0.94,0.264
120,,0.84,0.0,0.28,0.036,0.2,0.376,0.92,0.244
121,,0.82,-0.02,0.26,0.016,0.18,0.356,0.9,0.224
122,2,1.0,0.98,0.452,-0.004,-0.052,0.036,0.668,0.204
123,2,1.0,1.0,0.644,-0.024,-0.284,-0.284,0.436,0.184
124,5,0.68,0.768,0.624,0.168,0.716,-0.092,0.416,-0.048
125,5,0.36,0.536,0.604,0.36,1.0,0.1,0.396,-0.28
126,8,0.552,0.516,0.372,0.04,0.768,0.08,0.588,0.72
127,8,0.744,0.496,0.14,-0.28,0.536,0.06,0.78,1.0
128,4,0.512,0.476,0.332,0.72,0.728,0.04,0.548,0.68
129,4,0.28,0.456,0.524,1.0,0.92,0.02,0.316,0.36
130,,0.26,0.436,0.504,0.98,0.9,0.0,0.296,0.34
131,,0.24,0.416,0.484,0.96,0.88,-0.02,0.276,0.32
132,6,0.008,0.096,0.252,0.94,1.0,0.98,0.468,0.3
133,6,-0.224,-0.224,0.02,0.92,1.0,1.0,0.66,0.28
134,2,-0.032,0.776,0.212,0.9,0.768,0.68,0.428,0.26
135,2,0.16,1.0,0.404,0.88,0.536,0.36,0.196,0.24
136,,0.14,0.98,0.384,0.86,0.516,0.34,0.176,0.22
137,,0.12,0.96,0.364,0.84,0.496,0.32,0.156,0.2
138,,0.1,0.94,0.344,0.82,0.476,0.3,0.136,0.18
139,,0.08,0.92,0.324,0.8,0.456,0.28,0.116,0.16
140,,0.06,0.9,0.304,0.78,0.436,0.26,0.096,0.14
141,,0.04,0.88,0.284,0.76,0.416,0.24,0.076,0.12
142,,0.02,0.86,0.264,0.74,0.396,0.22,0.056,0.1
143,,0.0,0.84,0.244,0.72,0.376,0.2,0.036,0.08
144,,-0.02,0.82,0.224,0.7,0.356,0.18,0.016,0.06
145,1,0.98,1.0,0.204,0.468,0.036,-0.052,-0.004,0.252
146,1,1.0,1.0,0.184,0.236,-0.284,-0.284,-0.024,0.444
147,6,0.768,0.68,-0.048,0.216,-0.092,0.716,0.168,0.424
148,6,0.536,0.36,-0.28,0.196,0.1,1.0,0.36,0.404
149,3,0.516,0.552,0.72,0.388,0.08,0.768,0.04,0.172
150,3,0.496,0.744,1.0,0.58,0.06,0.536,-0.28,-0.06
151,7,0.476,0.512,0.68,0.348,0.04,0.728,0.72,0.132
152,7,0.456,0.28,0.36,0.116,0.02,0.92,1.0,0.324
153,,0.436,0.26,0.34,0.096,0.0,0.9,0.98,0.304
154,,0.416,0.24,0.32,0.076,-0.02,0.88,0.96,0.284
155,5,0.096,0.008,0.3,0.268,0.98,1.0,0.94,0.052
156,5,-0.224,-0.224,0.28,0.46,1.0,1.0,0.92,-0.18
157,2,-0.032,0.776,0.472,0.44,0.768,0.68,0.688,-0.2
158,2,0.16,1.0,0.664,0.42,0.536,0.36,0.456,-0.22
159,8,0.352,0.98,0.432,0.1,0.304,0.34,0.648,0.78
160,8,0.544,0.96,0.2,-0.22,0.072,0.32,0.84,1.0
161,4,0.312,0.94,0.392,0.78,0.264,0.3,0.608,0.68
162,4,0.08,0.92,0.584,1.0,0.456,0.28,0.376,0.36
163,,0.06,0.9,0.564,0.98,0.436,0.26,0.356,0.34
164,,0.04,0.88,0.544,0.96,0.416,0.24,0.336,0.32
165,,0.02,0.86,0.524,0.94,0.396,0.22,0.316,0.3
166,,0.0,0.84,0.504,0.92,0.376,0.2,0.296,0.28
167,,-0.02,0.82,0.484,0.9,0.356,0.18,0.276,0.26
168,1,0.98,1.0,0.464,0.668,0.036,-0.052,0.256,0.452
169,1,1.0,1.0,0.444,0.436,-0.284,-0.284,0.236,0.644
170,6,0.768,0.68,0.212,0.416,-0.092,0.716,0.428,0.624
171,6,0.536,0.36,-0.02,0.396,0.1,1.0,0.62,0.604
172,3,0.516,0.552,0.98,0.588,0.08,0.768,0.3,0.372
173,3,0.496,0.744,1.0,0.78,0.06,0.536,-0.02,0.14
174,7,0.476,0.512,0.68,0.548,0.04,0.728,0.98,0.332
175,7,0.456,0.28,0.36,0.316,0.02,0.92,1.0,0.524
176,,0.436,0.26,0.34,0.296,0.0,0.9,0.98,0.504
177,,0.416,0.24,0.32,0.276,-0.02,0.88,0.96,0.484
178,5,0.096,0.008,0.3,0.468,0.98,1.0,0.94,0.252
179,5,-0.224,-0.224,0.28,0.66,1.0,1.0,0.92,0.02
180,1,0.776,-0.032,0.26,0.428,0.68,0.768,0.9,0.212
181,1,1.0,0.16,0.24,0.196,0.36,0.536,0.88,0.404
182,,0.98,0.14,0.22,0.176,0.34,0.516,0.86,0.384
183,,0.96,0.12,0.2,0.156,0.32,0.496,0.84,0.364
184,,0.94,0.1,0.18,0.136,0.3,0.476,0.82,0.344
185,,0.92,0.08,0.16,0.116,0.28,0.456,0.8,0.324
186,,0.9,0.06,0.14,0.096,0.26,0.436,0.78,0.304
187,,0.88,0.04,0.12,0.076,0.24,0.416,0.76,0.284
188,,0.86,0.02,0.1,0.056,0.22,0.396,0.74,0.264
189,,0.84,0.0,0.08,0.036,0.2,0.376,0.72,0.244
190,,0.82,-0.02,0.06,0.016,0.18,0.356,0.7,0.224
191,2,1.0,0.98,0.252,-0.004,-0.052,0.036,0.468,0.204
192,2,1.0,1.0,0.444,-0.024,-0.284,-0.284,0.236,0.184
193,6,0.768,0.68,0.212,-0.044,-0.092,0.716,0.428,0.164
194,6,0.536,0.36,-0.02,-0.064,0.1,1.0,0.62,0.144
195,4,0.304,0.34,0.172,0.936,0.292,0.98,0.388,-0.176
196,4,0.072,0.32,0.364,1.0,0.484,0.96,0.156,-0.496
197,8,0.264,0.3,0.132,0.68,0.252,0.94,0.348,0.504
198,8,0.456,0.28,-0.1,0.36,0.02,0.92,0.54,1.0
199,3,0.436,0.472,0.9,0.552,0.0,0.688,0.22,0.768
