step,active_motive,motive_1,motive_2,motive_3,motive_4,motive_5,motive_6,motive_7,motive_8
0,,0.01887,0.02789,0.07004,0.08467,0.08563,0.04045,0.08878,0.08509
1,,-0.00113,0.00789,0.05004,0.06467,0.06563,0.02045,0.06878,0.06509
2,1,0.99887,0.19989,0.03004,-0.16733,-0.25437,-0.21155,0.04878,0.25709
3,1,1.0,0.39189,0.01004,-0.39933,-0.57437,-0.44355,0.02878,0.44909
4,5,0.68,0.15989,-0.00996,-0.20733,0.42563,-0.25155,0.00878,0.21709
5,5,0.36,-0.07211,-0.02996,-0.01533,1.0,-0.05955,-0.01122,-0.01491
6,2,0.552,0.92789,0.16204,-0.03533,0.768,-0.37955,-0.24322,-0.03491
7,2,0.744,1.0,0.35404,-0.05533,0.536,-0.69955,-0.47522,-0.05491
8,6,0.512,0.68,0.12204,-0.07533,0.728,0.30045,-0.28322,-0.07491
9,6,0.28,0.36,-0.10996,-0.09533,0.92,1.0,-0.09122,-0.09491
10,3,0.26,0.552,0.89004,0.09667,0.9,0.768,-0.41122,-0.32691
11,3,0.24,0.744,1.0,0.28867,0.88,0.536,-0.73122,-0.55891
12,7,0.22,0.512,0.68,0.05667,0.86,0.728,0.26878,-0.36691
13,7,0.2,0.28,0.36,-0.17533,0.84,0.92,1.0,-0.17491
14,4,-0.032,0.26,0.552,0.82467,1.0,0.9,0.768,-0.49491
15,4,-0.264,0.24,0.744,1.0,1.0,0.88,0.536,-0.81491
16,8,-0.072,0.22,0.512,0.68,0.768,0.86,0.728,0.18509
17,8,0.12,0.2,0.28,0.36,0.536,0.84,0.92,1.0
18,,0.1,0.18,0.26,0.34,0.516,0.82,0.9,0.98
19,,0.08,0.16,0.24,0.32,0.496,0.8,0.88,0.96
20,,0.06,0.14,0.22,0.3,0.476,0.78,0.86,0.94
21,,0.04,0.12,0.2,0.28,0.456,0.76,0.84,0.92
22,,0.02,0.1,0.18,0.26,0.436,0.74,0.82,0.9
23,,0.0,0.08,0.16,0.24,0.416,0.72,0.8,0.88
24,,-0.02,0.06,0.14,0.22,0.396,0.7,0.78,0.86
25,1,0.98,0.252,0.12,-0.012,0.076,0.468,0.76,1.0
26,1,1.0,0.444,0.1,-0.244,-0.244,0.236,0.74,1.0
27,4,0.768,0.424,0.292,0.756,-0.052,0.216,0.508,0.68
28,4,0.536,0.404,0.484,1.0,0.14,0.196,0.276,0.36
29,,0.516,0.384,0.464,0.98,0.12,0.176,0.256,0.34
30,,0.496,0.364,0.444,0.96,0.1,0.156,0.236,0.32
31,,0.476,0.344,0.424,0.94,0.08,0.136,0.216,0.3
32,,0.456,0.324,0.404,0.92,0.06,0.116,0.196,0.28
33,,0.436,0.304,0.384,0.9,0.04,0.096,0.176,0.26
34,,0.416,0.284,0.364,0.88,0.02,0.076,0.156,0.24
35,,0.396,0.264,0.344,0.86,0.0,0.056,0.136,0.22
36,,0.376,0.244,0.324,0.84,-0.02,0.036,0.116,0.2
37,5,0.056,0.012,0.304,1.0,0.98,0.228,0.096,-0.032
38,5,-0.264,-0.22,0.284,1.0,1.0,0.42,0.076,-0.264
39,8,-0.072,-0.24,0.052,0.68,0.768,0.4,0.268,0.736
40,8,0.12,-0.26,-0.18,0.36,0.536,0.38,0.46,1.0
41,2,0.312,0.74,0.012,0.34,0.304,0.06,0.228,0.98
42,2,0.504,1.0,0.204,0.32,0.072,-0.26,-0.004,0.96
43,6,0.272,0.68,-0.028,0.3,0.264,0.74,0.188,0.94
44,6,0.04,0.36,-0.26,0.28,0.456,1.0,0.38,0.92
45,3,0.02,0.552,0.74,0.472,0.436,0.768,0.06,0.688
46,3,0.0,0.744,1.0,0.664,0.416,0.536,-0.26,0.456
47,7,-0.02,0.512,0.68,0.432,0.396,0.728,0.74,0.648
48,7,-0.04,0.28,0.36,0.2,0.376,0.92,1.0,0.84
49,1,0.96,0.472,0.34,-0.032,0.056,0.688,0.98,1.0
50,1,1.0,0.664,0.32,-0.264,-0.264,0.456,0.96,1.0
51,5,0.68,0.432,0.3,-0.072,0.736,0.648,0.94,0.768
52,5,0.36,0.2,0.28,0.12,1.0,0.84,0.92,0.536
53,,0.34,0.18,0.26,0.1,0.98,0.82,0.9,0.516
54,,0.32,0.16,0.24,0.08,0.96,0.8,0.88,0.496
55,,0.3,0.14,0.22,0.06,0.94,0.78,0.86,0.476
56,,0.28,0.12,0.2,0.04,0.92,0.76,0.84,0.456
57,,0.26,0.1,0.18,0.02,0.9,0.74,0.82,0.436
58,,0.24,0.08,0.16,0.0,0.88,0.72,0.8,0.416
59,,0.22,0.06,0.14,-0.02,0.86,0.7,0.78,0.396
60,4,-0.012,0.04,0.332,0.98,1.0,0.68,0.548,0.076
61,4,-0.244,0.02,0.524,1.0,1.0,0.66,0.316,-0.244
62,8,-0.052,0.0,0.292,0.68,0.768,0.64,0.508,0.756
63,8,0.14,-0.02,0.06,0.36,0.536,0.62,0.7,1.0
64,2,0.332,0.98,0.252,0.34,0.304,0.3,0.468,0.98
65,2,0.524,1.0,0.444,0.32,0.072,-0.02,0.236,0.96
66,6,0.292,0.68,0.212,0.3,0.264,0.98,0.428,0.94
67,6,0.06,0.36,-0.02,0.28,0.456,1.0,0.62,0.92
68,3,0.04,0.552,0.98,0.472,0.436,0.768,0.3,0.688
69,3,0.02,0.744,1.0,0.664,0.416,0.536,-0.02,0.456
70,7,0.0,0.512,0.68,0.432,0.396,0.728,0.98,0.648
71,7,-0.02,0.28,0.36,0.2,0.376,0.92,1.0,0.84
72,1,0.98,0.472,0.34,-0.032,0.056,0.688,0.98,1.0
73,1,1.0,0.664,0.32,-0.264,-0.264,0.456,0.96,1.0
74,5,0.68,0.432,0.3,-0.072,0.736,0.648,0.94,0.768
75,5,0.36,0.2,0.28,0.12,1.0,0.84,0.92,0.536
76,,0.34,0.18,0.26,0.1,0.98,0.82,0.9,0.516
77,,0.32,0.16,0.24,0.08,0.96,0.8,0.88,0.496
78,,0.3,0.14,0.22,0.06,0.94,0.78,0.86,0.476
79,,0.28,0.12,0.2,0.04,0.92,0.76,0.84,0.456
80,,0.26,0.1,0.18,0.02,0.9,0.74,0.82,0.436
81,,0.24,0.08,0.16,0.0,0.88,0.72,0.8,0.416
82,,0.22,0.06,0.14,-0.02,0.86,0.7,0.78,0.396
83,4,-0.012,0.04,0.332,0.98,1.0,0.68,0.548,0.076
84,4,-0.244,0.02,0.524,1.0,1.0,0.66,0.316,-0.244
85,8,-0.052,0.0,0.292,0.68,0.768,0.64,0.508,0.756
86,8,0.14,-0.02,0.06,0.36,0.536,0.62,0.7,1.0
87,2,0.332,0.98,0.252,0.34,0.304,0.3,0.468,0.98
88,2,0.524,1.0,0.444,0.32,0.072,-0.02,0.236,0.96
89,6,0.292,0.68,0.212,0.3,0.264,0.98,0.428,0.94
90,6,0.06,0.36,-0.02,0.28,0.456,1.0,0.62,0.92
91,3,0.04,0.552,0.98,0.472,0.436,0.768,0.3,0.688
92,3,0.02,0.744,1.0,0.664,0.416,0.536,-0.02,0.456
93,7,0.0,0.512,0.68,0.432,0.396,0.728,0.98,0.648
94,7,-0.02,0.28,0.36,0.2,0.376,0.92,1.0,0.84
95,1,0.98,0.472,0.34,-0.032,0.056,0.688,0.98,1.0
96,1,1.0,0.664,0.32,-0.264,-0.264,0.456,0.96,1.0
97,5,0.68,0.432,0.3,-0.072,0.736,0.648,0.94,0.768
98,5,0.36,0.2,0.28,0.12,1.0,0.84,0.92,0.536
99,,0.34,0.18,0.26,0.1,0.98,0.82,0.9,0.516
100,,0.32,0.16,0.24,0.08,0.96,0.8,0.88,0.496
101,,0.3,0.14,0.22,0.06,0.94,0.78,0.86,0.476
102,,0.28,0.12,0.2,0.04,0.92,0.76,0.84,0.456
103,,0.26,0.1,0.18,0.02,0.9,0.74,0.82,0.436
104,,0.24,0.08,0.16,0.0,0.88,0.72,0.8,0.416
105,,0.22,0.06,0.14,-0.02,0.86,0.7,0.78,0.396
106,4,-0.012,0.04,0.332,0.98,1.0,0.68,0.548,0.076
107,4,-0.244,0.02,0.524,1.0,1.0,0.66,0.316,-0.244
108,1,0.756,0.212,0.504,0.768,0.68,0.428,0.296,-0.052
109,1,1.0,0.404,0.484,0.536,0.36,0.196,0.276,0.14
110,,0.98,0.384,0.464,0.516,0.34,0.176,0.256,0.12
111,,0.96,0.364,0.444,0.496,0.32,0.156,0.236,0.1
112,,0.94,0.344,0.424,0.476,0.3,0.136,0.216,0.08
113,,0.92,0.324,0.404,0.456,0.28,0.116,0.196,0.06
114,,0.9,0.304,0.384,0.436,0.26,0.096,0.176,0.04
115,,0.88,0.284,0.364,0.416,0.24,0.076,0.156,0.02
116,,0.86,0.264,0.344,0.396,0.22,0.056,0.136,0.0
117,,0.84,0.244,0.324,0.376,0.2,0.036,0.116,-0.02
118,8,1.0,0.224,0.092,0.056,-0.032,0.016,0.308,0.98
119,8,1.0,0.204,-0.14,-0.264,-0.264,-0.004,0.5,1.0
120,5,0.68,-0.028,-0.16,-0.072,0.736,0.188,0.48,0.768
121,5,0.36,-0.26,-0.18,0.12,1.0,0.38,0.46,0.536
122,2,0.552,0.74,0.012,0.1,0.768,0.06,0.228,0.516
123,2,0.744,1.0,0.204,0.08,0.536,-0.26,-0.004,0.496
124,6,0.512,0.68,-0.028,0.06,0.728,0.74,0.188,0.476
125,6,0.28,0.36,-0.26,0.04,0.92,1.0,0.38,0.456
126,3,0.26,0.552,0.74,0.232,0.9,0.768,0.06,0.224
127,3,0.24,0.744,1.0,0.424,0.88,0.536,-0.26,-0.008
128,7,0.22,0.512,0.68,0.192,0.86,0.728,0.74,0.184
129,7,0.2,0.28,0.36,-0.04,0.84,0.92,1.0,0.376
130,4,-0.032,0.26,0.552,0.96,1.0,0.9,0.768,0.056
131,4,-0.264,0.24,0.744,1.0,1.0,0.88,0.536,-0.264
132,8,-0.072,0.22,0.512,0.68,0.768,0.86,0.728,0.736
133,8,0.12,0.2,0.28,0.36,0.536,0.84,0.92,1.0
134,,0.1,0.18,0.26,0.34,0.516,0.82,0.9,0.98
135,,0.08,0.16,0.24,0.32,0.496,0.8,0.88,0.96
136,,0.06,0.14,0.22,0.3,0.476,0.78,0.86,0.94
137,,0.04,0.12,0.2,0.28,0.456,0.76,0.84,0.92
138,,0.02,0.1,0.18,0.26,0.436,0.74,0.82,0.9
139,,0.0,0.08,0.16,0.24,0.416,0.72,0.8,0.88
140,,-0.02,0.06,0.14,0.22,0.396,0.7,0.78,0.86
141,1,0.98,0.252,0.12,-0.012,0.076,0.468,0.76,1.0
142,1,1.0,0.444,0.1,-0.244,-0.244,0.236,0.74,1.0
143,4,0.768,0.424,0.292,0.756,-0.052,0.216,0.508,0.68
144,4,0.536,0.404,0.484,1.0,0.14,0.196,0.276,0.36
145,,0.516,0.384,0.464,0.98,0.12,0.176,0.256,0.34
146,,0.496,0.364,0.444,0.96,0.1,0.156,0.236,0.32
147,,0.476,0.344,0.424,0.94,0.08,0.136,0.216,0.3
148,,0.456,0.324,0.404,0.92,0.06,0.116,0.196,0.28
149,,0.436,0.304,0.384,0.9,0.04,0.096,0.176,0.26
150,,0.416,0.284,0.364,0.88,0.02,0.076,0.156,0.24
151,,0.396,0.264,0.344,0.86,0.0,0.056,0.136,0.22
152,,0.376,0.244,0.324,0.84,-0.02,0.036,0.116,0.2
153,5,0.056,0.012,0.304,1.0,0.98,0.228,0.096,-0.032
154,5,-0.264,-0.22,0.284,1.0,1.0,0.42,0.076,-0.264
155,1,0.736,-0.028,0.264,0.768,0.68,0.188,0.056,-0.072
156,1,1.0,0.164,0.244,0.536,0.36,-0.044,0.036,0.12
157,6,0.768,-0.156,0.012,0.516,0.552,0.956,0.228,0.1
158,6,0.536,-0.476,-0.22,0.496,0.744,1.0,0.42,0.08
159,2,0.728,0.524,-0.028,0.476,0.512,0.68,0.188,0.06
160,2,0.92,1.0,0.164,0.456,0.28,0.36,-0.044,0.04
161,7,0.9,0.768,-0.156,0.224,0.26,0.552,0.956,0.232
162,7,0.88,0.536,-0.476,-0.008,0.24,0.744,1.0,0.424
163,3,0.86,0.728,0.524,0.184,0.22,0.512,0.68,0.192
164,3,0.84,0.92,1.0,0.376,0.2,0.28,0.36,-0.04
165,8,1.0,0.9,0.768,0.056,-0.032,0.26,0.552,0.96
166,8,1.0,0.88,0.536,-0.264,-0.264,0.24,0.744,1.0
167,4,0.768,0.86,0.728,0.736,-0.072,0.22,0.512,0.68
168,4,0.536,0.84,0.92,1.0,0.12,0.2,0.28,0.36
169,,0.516,0.82,0.9,0.98,0.1,0.18,0.26,0.34
170,,0.496,0.8,0.88,0.96,0.08,0.16,0.24,0.32
171,,0.476,0.78,0.86,0.94,0.06,0.14,0.22,0.3
172,,0.456,0.76,0.84,0.92,0.04,0.12,0.2,0.28
173,,0.436,0.74,0.82,0.9,0.02,0.1,0.18,0.26
174,,0.416,0.72,0.8,0.88,0.0,0.08,0.16,0.24
175,,0.396,0.7,0.78,0.86,-0.02,0.06,0.14,0.22
176,5,0.076,0.468,0.76,1.0,0.98,0.252,0.12,-0.012
177,5,-0.244,0.236,0.74,1.0,1.0,0.444,0.1,-0.244
178,1,0.756,0.428,0.72,0.768,0.68,0.212,0.08,-0.052
179,1,1.0,0.62,0.7,0.536,0.36,-0.02,0.06,0.14
180,6,0.768,0.3,0.468,0.516,0.552,0.98,0.252,0.12
181,6,0.536,-0.02,0.236,0.496,0.744,1.0,0.444,0.1
182,2,0.728,0.98,0.428,0.476,0.512,0.68,0.212,0.08
183,2,0.92,1.0,0.62,0.456,0.28,0.36,-0.02,0.06
184,7,0.9,0.768,0.3,0.224,0.26,0.552,0.98,0.252
185,7,0.88,0.536,-0.02,-0.008,0.24,0.744,1.0,0.444
186,3,0.86,0.728,0.98,0.184,0.22,0.512,0.68,0.212
187,3,0.84,0.92,1.0,0.376,0.2,0.28,0.36,-0.02
188,8,1.0,0.9,0.768,0.056,-0.032,0.26,0.552,0.98
189,8,1.0,0.88,0.536,-0.264,-0.264,0.24,0.744,1.0
190,5,0.68,0.648,0.516,-0.072,0.736,0.432,0.724,0.768
191,5,0.36,0.416,0.496,0.12,1.0,0.624,0.704,0.536
192,,0.34,0.396,0.476,0.1,0.98,0.604,0.684,0.516
193,,0.32,0.376,0.456,0.08,0.96,0.584,0.664,0.496
194,,0.3,0.356,0.436,0.06,0.94,0.564,0.644,0.476
195,,0.28,0.336,0.416,0.04,0.92,0.544,0.624,0.456
196,,0.26,0.316,0.396,0.02,0.9,0.524,0.604,0.436
197,,0.24,0.296,0.376,0.0,0.88,0.504,0.584,0.416
198,,0.22,0.276,0.356,-0.02,0.86,0.484,0.564,0.396
199,4,-0.012,0.256,0.548,0.98,1.0,0.464,0.332,0.076
