step,active_motive,motive_1,motive_2,motive_3,motive_4,motive_5,motive_6,motive_7,motive_8
0,,0.08671,0.09132,0.05113,0.05015,0.07983,0.065,0.0702,0.07958
1,,0.03671,0.04132,0.00113,0.00015,0.02983,0.015,0.0202,0.02958
2,,-0.01329,-0.00868,-0.04887,-0.04985,-0.02017,-0.035,-0.0298,-0.02042
3,4,0.19571,0.34132,0.44213,0.95015,0.47083,0.315,0.1792,0.12958
4,4,0.40471,0.69132,0.93313,1.0,0.96183,0.665,0.3882,0.27958
5,,0.35471,0.64132,0.88313,0.95,0.91183,0.615,0.3382,0.22958
6,,0.30471,0.59132,0.83313,0.9,0.86183,0.565,0.2882,0.17958
7,,0.25471,0.54132,0.78313,0.85,0.81183,0.515,0.2382,0.12958
8,,0.20471,0.49132,0.73313,0.8,0.76183,0.465,0.1882,0.07958
9,,0.15471,0.44132,0.68313,0.75,0.71183,0.415,0.1382,0.02958
10,,0.10471,0.39132,0.63313,0.7,0.66183,0.365,0.0882,-0.02042
11,8,0.59571,0.74132,0.84213,0.85,0.87083,0.715,0.5792,0.97958
12,8,1.0,1.0,1.0,1.0,1.0,1.0,1.0,1.0
13,,0.95,0.95,0.95,0.95,0.95,0.95,0.95,0.95
14,,0.9,0.9,0.9,0.9,0.9,0.9,0.9,0.9
15,,0.85,0.85,0.85,0.85,0.85,0.85,0.85,0.85
16,,0.8,0.8,0.8,0.8,0.8,0.8,0.8,0.8
17,,0.75,0.75,0.75,0.75,0.75,0.75,0.75,0.75
18,,0.7,0.7,0.7,0.7,0.7,0.7,0.7,0.7
19,,0.65,0.65,0.65,0.65,0.65,0.65,0.65,0.65
20,,0.6,0.6,0.6,0.6,0.6,0.6,0.6,0.6
21,,0.55,0.55,0.55,0.55,0.55,0.55,0.55,0.55
22,,0.5,0.5,0.5,0.5,0.5,0.5,0.5,0.5
23,,0.45,0.45,0.45,0.45,0.45,0.45,0.45,0.45
24,,0.4,0.4,0.4,0.4,0.4,0.4,0.4,0.4
25,,0.35,0.35,0.35,0.35,0.35,0.35,0.35,0.35
26,,0.3,0.3,0.3,0.3,0.3,0.3,0.3,0.3
27,,0.25,0.25,0.25,0.25,0.25,0.25,0.25,0.25
28,,0.2,0.2,0.2,0.2,0.2,0.2,0.2,0.2
29,,0.15,0.15,0.15,0.15,0.15,0.15,0.15,0.15
30,,0.1,0.1,0.1,0.1,0.1,0.1,0.1,0.1
31,,0.05,0.05,0.05,0.05,0.05,0.05,0.05,0.05
32,,0.0,0.0,0.0,0.0,0.0,0.0,0.0,0.0
33,,-0.05,-0.05,-0.05,-0.05,-0.05,-0.05,-0.05,-0.05
34,4,0.159,0.3,0.441,0.95,0.441,0.3,0.159,0.1
35,4,0.368,0.65,0.932,1.0,0.932,0.65,0.368,0.25
36,,0.318,0.6,0.882,0.95,0.882,0.6,0.318,0.2
37,,0.268,0.55,0.832,0.9,0.832,0.55,0.268,0.15
38,,0.218,0.5,0.782,0.85,0.782,0.5,0.218,0.1
39,,0.168,0.45,0.732,0.8,0.732,0.45,0.168,0.05
40,,0.118,0.4,0.682,0.75,0.682,0.4,0.118,0.0
41,,0.068,0.35,0.632,0.7,0.632,0.35,0.068,-0.05
42,8,0.559,0.7,0.841,0.85,0.841,0.7,0.559,0.95
43,8,1.0,1.0,1.0,1.0,1.0,1.0,1.0,1.0
44,,0.95,0.95,0.95,0.95,0.95,0.95,0.95,0.95
45,,0.9,0.9,0.9,0.9,0.9,0.9,0.9,0.9
46,,0.85,0.85,0.85,0.85,0.85,0.85,0.85,0.85
47,,0.8,0.8,0.8,0.8,0.8,0.8,0.8,0.8
48,,0.75,0.75,0.75,0.75,0.75,0.75,0.75,0.75
49,,0.7,0.7,0.7,0.7,0.7,0.7,0.7,0.7
50,,0.65,0.65,0.65,0.65,0.65,0.65,0.65,0.65
51,,0.6,0.6,0.6,0.6,0.6,0.6,0.6,0.6
52,,0.55,0.55,0.55,0.55,0.55,0.55,0.55,0.55
53,,0.5,0.5,0.5,0.5,0.5,0.5,0.5,0.5
54,,0.45,0.45,0.45,0.45,0.45,0.45,0.45,0.45
55,,0.4,0.4,0.4,0.4,0.4,0.4,0.4,0.4
56,,0.35,0.35,0.35,0.35,0.35,0.35,0.35,0.35
57,,0.3,0.3,0.3,0.3,0.3,0.3,0.3,0.3
58,,0.25,0.25,0.25,0.25,0.25,0.25,0.25,0.25
59,,0.2,0.2,0.2,0.2,0.2,0.2,0.2,0.2
60,,0.15,0.15,0.15,0.15,0.15,0.15,0.15,0.15
61,,0.1,0.1,0.1,0.1,0.1,0.1,0.1,0.1
62,,0.05,0.05,0.05,0.05,0.05,0.05,0.05,0.05
63,,0.0,0.0,0.0,0.0,0.0,0.0,0.0,0.0
64,,-0.05,-0.05,-0.05,-0.05,-0.05,-0.05,-0.05,-0.05
65,3,0.3,0.441,0.95,0.441,0.3,0.159,0.1,0.159
66,3,0.65,0.932,1.0,0.932,0.65,0.368,0.25,0.368
67,,0.6,0.882,0.95,0.882,0.6,0.318,0.2,0.318
68,,0.55,0.832,0.9,0.832,0.55,0.268,0.15,0.268
69,,0.5,0.782,0.85,0.782,0.5,0.218,0.1,0.218
70,,0.45,0.732,0.8,0.732,0.45,0.168,0.05,0.168
71,,0.4,0.682,0.75,0.682,0.4,0.118,0.0,0.118
72,,0.35,0.632,0.7,0.632,0.35,0.068,-0.05,0.068
73,7,0.7,0.841,0.85,0.841,0.7,0.559,0.95,0.559
74,7,1.0,1.0,1.0,1.0,1.0,1.0,1.0,1.0
75,,0.95,0.95,0.95,0.95,0.95,0.95,0.95,0.95
76,,0.9,0.9,0.9,0.9,0.9,0.9,0.9,0.9
77,,0.85,0.85,0.85,0.85,0.85,0.85,0.85,0.85
78,,0.8,0.8,0.8,0.8,0.8,0.8,0.8,0.8
79,,0.75,0.75,0.75,0.75,0.75,0.75,0.75,0.75
80,,0.7,0.7,0.7,0.7,0.7,0.7,0.7,0.7
81,,0.65,0.65,0.65,0.65,0.65,0.65,0.65,0.65
82,,0.6,0.6,0.6,0.6,0.6,0.6,0.6,0.6
83,,0.55,0.55,0.55,0.55,0.55,0.55,0.55,0.55
84,,0.5,0.5,0.5,0.5,0.5,0.5,0.5,0.5
85,,0.45,0.45,0.45,0.45,0.45,0.45,0.45,0.45
86,,0.4,0.4,0.4,0.4,0.4,0.4,0.4,0.4
87,,0.35,0.35,0.35,0.35,0.35,0.35,0.35,0.35
88,,0.3,0.3,0.3,0.3,0.3,0.3,0.3,0.3
89,,0.25,0.25,0.25,0.25,0.25,0.25,0.25,0.25
90,,0.2,0.2,0.2,0.2,0.2,0.2,0.2,0.2
91,,0.15,0.15,0.15,0.15,0.15,0.15,0.15,0.15
92,,0.1,0.1,0.1,0.1,0.1,0.1,0.1,0.1
93,,0.05,0.05,0.05,0.05,0.05,0.05,0.05,0.05
94,,0.0,0.0,0.0,0.0,0.0,0.0,0.0,0.0
95,,-0.05,-0.05,-0.05,-0.05,-0.05,-0.05,-0.05,-0.05
96,7,0.3,0.159,0.1,0.159,0.3,0.441,0.95,0.441
97,7,0.65,0.368,0.25,0.368,0.65,0.932,1.0,0.932
98,,0.6,0.318,0.2,0.318,0.6,0.882,0.95,0.882
99,,0.55,0.268,0.15,0.268,0.55,0.832,0.9,0.832
100,,0.5,0.218,0.1,0.218,0.5,0.782,0.85,0.782
101,,0.45,0.168,0.05,0.168,0.45,0.732,0.8,0.732
102,,0.4,0.118,0.0,0.118,0.4,0.682,0.75,0.682
103,,0.35,0.068,-0.05,0.068,0.35,0.632,0.7,0.632
104,3,0.7,0.559,0.95,0.559,0.7,0.841,0.85,0.841
105,3,1.0,1.0,1.0,1.0,1.0,1.0,1.0,1.0
106,,0.95,0.95,0.95,0.95,0.95,0.95,0.95,0.95
107,,0.9,0.9,0.9,0.9,0.9,0.9,0.9,0.9
108,,0.85,0.85,0.85,0.85,0.85,0.85,0.85,0.85
109,,0.8,0.8,0.8,0.8,0.8,0.8,0.8,0.8
110,,0.75,0.75,0.75,0.75,0.75,0.75,0.75,0.75
111,,0.7,0.7,0.7,0.7,0.7,0.7,0.7,0.7
112,,0.65,0.65,0.65,0.65,0.65,0.65,0.65,0.65
113,,0.6,0.6,0.6,0.6,0.6,0.6,0.6,0.6
114,,0.55,0.55,0.55,0.55,0.55,0.55,0.55,0.55
115,,0.5,0.5,0.5,0.5,0.5,0.5,0.5,0.5
116,,0.45,0.45,0.45,0.45,0.45,0.45,0.45,0.45
117,,0.4,0.4,0.4,0.4,0.4,0.4,0.4,0.4
118,,0.35,0.35,0.35,0.35,0.35,0.35,0.35,0.35
119,,0.3,0.3,0.3,0.3,0.3,0.3,0.3,0.3
120,,0.25,0.25,0.25,0.25,0.25,0.25,0.25,0.25
121,,0.2,0.2,0.2,0.2,0.2,0.2,0.2,0.2
122,,0.15,0.15,0.15,0.15,0.15,0.15,0.15,0.15
123,,0.1,0.1,0.1,0.1,0.1,0.1,0.1,0.1
124,,0.05,0.05,0.05,0.05,0.05,0.05,0.05,0.05
125,,0.0,0.0,0.0,0.0,0.0,0.0,0.0,0.0
126,,-0.05,-0.05,-0.05,-0.05,-0.05,-0.05,-0.05,-0.05
127,7,0.3,0.159,0.1,0.159,0.3,0.441,0.95,0.441
128,7,0.65,0.368,0.25,0.368,0.65,0.932,1.0,0.932
129,,0.6,0.318,0.2,0.318,0.6,0.882,0.95,0.882
130,,0.55,0.268,0.15,0.268,0.55,0.832,0.9,0.832
131,,0.5,0.218,0.1,0.218,0.5,0.782,0.85,0.782
132,,0.45,0.168,0.05,0.168,0.45,0.732,0.8,0.732
133,,0.4,0.118,0.0,0.118,0.4,0.682,0.75,0.682
134,,0.35,0.068,-0.05,0.068,0.35,0.632,0.7,0.632
135,3,0.7,0.559,0.95,0.559,0.7,0.841,0.85,0.841
136,3,1.0,1.0,1.0,1.0,1.0,1.0,1.0,1.0
137,,0.95,0.95,0.95,0.95,0.95,0.95,0.95,0.95
138,,0.9,0.9,0.9,0.9,0.9,0.9,0.9,0.9
139,,0.85,0.85,0.85,0.85,0.85,0.85,0.85,0.85
140,,0.8,0.8,0.8,0.8,0.8,0.8,0.8,0.8
141,,0.75,0.75,0.75,0.75,0.75,0.75,0.75,0.75
142,,0.7,0.7,0.7,0.7,0.7,0.7,0.7,0.7
143,,0.65,0.65,0.65,0.65,0.65,0.65,0.65,0.65
144,,0.6,0.6,0.6,0.6,0.6,0.6,0.6,0.6
145,,0.55,0.55,0.55,0.55,0.55,0.55,0.55,0.55
146,,0.5,0.5,0.5,0.5,0.5,0.5,0.5,0.5
147,,0.45,0.45,0.45,0.45,0.45,0.45,0.45,0.45
148,,0.4,0.4,0.4,0.4,0.4,0.4,0.4,0.4
149,,0.35,0.35,0.35,0.35,0.35,0.35,0.35,0.35
150,,0.3,0.3,0.3,0.3,0.3,0.3,0.3,0.3
151,,0.25,0.25,0.25,0.25,0.25,0.25,0.25,0.25
152,,0.2,0.2,0.2,0.2,0.2,0.2,0.2,0.2
153,,0.15,0.15,0.15,0.15,0.15,0.15,0.15,0.15
154,,0.1,0.1,0.1,0.1,0.1,0.1,0.1,0.1
155,,0.05,0.05,0.05,0.05,0.05,0.05,0.05,0.05
156,,0.0,0.0,0.0,0.0,0.0,0.0,0.0,0.0
157,,-0.05,-0.05,-0.05,-0.05,-0.05,-0.05,-0.05,-0.05
158,4,0.159,0.3,0.441,0.95,0.441,0.3,0.159,0.1
159,4,0.368,0.65,0.932,1.0,0.932,0.65,0.368,0.25
160,,0.318,0.6,0.882,0.95,0.882,0.6,0.318,0.2
161,,0.268,0.55,0.832,0.9,0.832,0.55,0.268,0.15
162,,0.218,0.5,0.782,0.85,0.782,0.5,0.218,0.1
163,,0.168,0.45,0.732,0.8,0.732,0.45,0.168,0.05
164,,0.118,0.4,0.682,0.75,0.682,0.4,0.118,0.0
165,,0.068,0.35,0.632,0.7,0.632,0.35,0.068,-0.05
166,8,0.559,0.7,0.841,0.85,0.841,0.7,0.559,0.95
167,8,1.0,1.0,1.0,1.0,1.0,1.0,1.0,1.0
168,,0.95,0.95,0.95,0.95,0.95,0.95,0.95,0.95
169,,0.9,0.9,0.9,0.9,0.9,0.9,0.9,0.9
170,,0.85,0.85,0.85,0.85,0.85,0.85,0.85,0.85
171,,0.8,0.8,0.8,0.8,0.8,0.8,0.8,0.8
172,,0.75,0.75,0.75,0.75,0.75,0.75,0.75,0.75
173,,0.7,0.7,0.7,0.7,0.7,0.7,0.7,0.7
174,,0.65,0.65,0.65,0.65,0.65,0.65,0.65,0.65
175,,0.6,0.6,0.6,0.6,0.6,0.6,0.6,0.6
176,,0.55,0.55,0.55,0.55,0.55,0.55,0.55,0.55
177,,0.5,0.5,0.5,0.5,0.5,0.5,0.5,0.5
178,,0.45,0.45,0.45,0.45,0.45,0.45,0.45,0.45
179,,0.4,0.4,0.4,0.4,0.4,0.4,0.4,0.4
180,,0.35,0.35,0.35,0.35,0.35,0.35,0.35,0.35
181,,0.3,0.3,0.3,0.3,0.3,0.3,0.3,0.3
182,,0.25,0.25,0.25,0.25,0.25,0.25,0.25,0.25
183,,0.2,0.2,0.2,0.2,0.2,0.2,0.2,0.2
184,,0.15,0.15,0.15,0.15,0.15,0.15,0.15,0.15
185,,0.1,0.1,0.1,0.1,0.1,0.1,0.1,0.1
186,,0.05,0.05,0.05,0.05,0.05,0.05,0.05,0.05
187,,0.0,0.0,0.0,0.0,0.0,0.0,0.0,0.0
188,,-0.05,-0.05,-0.05,-0.05,-0.05,-0.05,-0.05,-0.05
189,2,0.441,0.95,0.441,0.3,0.159,0.1,0.159,0.3
190,2,0.932,1.0,0.932,0.65,0.368,0.25,0.368,0.65
191,,0.882,0.95,0.882,0.6,0.318,0.2,0.318,0.6
192,,0.832,0.9,0.832,0.55,0.268,0.15,0.268,0.55
193,,0.782,0.85,0.782,0.5,0.218,0.1,0.218,0.5
194,,0.732,0.8,0.732,0.45,0.168,0.05,0.168,0.45
195,,0.682,0.75,0.682,0.4,0.118,0.0,0.118,0.4
196,,0.632,0.7,0.632,0.35,0.068,-0.05,0.068,0.35
197,6,0.841,0.85,0.841,0.7,0.559,0.95,0.559,0.7
198,6,1.0,1.0,1.0,1.0,1.0,1.0,1.0,1.0
199,,0.95,0.95,0.95,0.95,0.95,0.95,0.95,0.95
200,,0.9,0.9,0.9,0.9,0.9,0.9,0.9,0.9
201,,0.85,0.85,0.85,0.85,0.85,0.85,0.85,0.85
202,,0.8,0.8,0.8,0.8,0.8,0.8,0.8,0.8
203,,0.75,0.75,0.75,0.75,0.75,0.75,0.75,0.75
204,,0.7,0.7,0.7,0.7,0.7,0.7,0.7,0.7
205,,0.65,0.65,0.65,0.65,0.65,0.65,0.65,0.65
206,,0.6,0.6,0.6,0.6,0.6,0.6,0.6,0.6
207,,0.55,0.55,0.55,0.55,0.55,0.55,0.55,0.55
208,,0.5,0.5,0.5,0.5,0.5,0.5,0.5,0.5
209,,0.45,0.45,0.45,0.45,0.45,0.45,0.45,0.45
210,,0.4,0.4,0.4,0.4,0.4,0.4,0.4,0.4
211,,0.35,0.35,0.35,0.35,0.35,0.35,0.35,0.35
212,,0.3,0.3,0.3,0.3,0.3,0.3,0.3,0.3
213,,0.25,0.25,0.25,0.25,0.25,0.25,0.25,0.25
214,,0.2,0.2,0.2,0.2,0.2,0.2,0.2,0.2
215,,0.15,0.15,0.15,0.15,0.15,0.15,0.15,0.15
216,,0.1,0.1,0.1,0.1,0.1,0.1,0.1,0.1
217,,0.05,0.05,0.05,0.05,0.05,0.05,0.05,0.05
218,,0.0,0.0,0.0,0.0,0.0,0.0,0.0,0.0
219,,-0.05,-0.05,-0.05,-0.05,-0.05,-0.05,-0.05,-0.05
220,2,0.441,0.95,0.441,0.3,0.159,0.1,0.159,0.3
221,2,0.932,1.0,0.932,0.65,0.368,0.25,0.368,0.65
222,,0.882,0.95,0.882,0.6,0.318,0.2,0.318,0.6
223,,0.832,0.9,0.832,0.55,0.268,0.15,0.268,0.55
224,,0.782,0.85,0.782,0.5,0.218,0.1,0.218,0.5
225,,0.732,0.8,0.732,0.45,0.168,0.05,0.168,0.45
226,,0.682,0.75,0.682,0.4,0.118,0.0,0.118,0.4
227,,0.632,0.7,0.632,0.35,0.068,-0.05,0.068,0.35
228,6,0.841,0.85,0.841,0.7,0.559,0.95,0.559,0.7
229,6,1.0,1.0,1.0,1.0,1.0,1.0,1.0,1.0
230,,0.95,0.95,0.95,0.95,0.95,0.95,0.95,0.95
231,,0.9,0.9,0.9,0.9,0.9,0.9,0.9,0.9
232,,0.85,0.85,0.85,0.85,0.85,0.85,0.85,0.85
233,,0.8,0.8,0.8,0.8,0.8,0.8,0.8,0.8
234,,0.75,0.75,0.75,0.75,0.75,0.75,0.75,0.75
235,,0.7,0.7,0.7,0.7,0.7,0.7,0.7,0.7
236,,0.65,0.65,0.65,0.65,0.65,0.65,0.65,0.65
237,,0.6,0.6,0.6,0.6,0.6,0.6,0.6,0.6
238,,0.55,0.55,0.55,0.55,0.55,0.55,0.55,0.55
239,,0.5,0.5,0.5,0.5,0.5,0.5,0.5,0.5
240,,0.45,0.45,0.45,0.45,0.45,0.45,0.45,0.45
241,,0.4,0.4,0.4,0.4,0.4,0.4,0.4,0.4
242,,0.35,0.35,0.35,0.35,0.35,0.35,0.35,0.35
243,,0.3,0.3,0.3,0.3,0.3,0.3,0.3,0.3
244,,0.25,0.25,0.25,0.25,0.25,0.25,0.25,0.25
245,,0.2,0.2,0.2,0.2,0.2,0.2,0.2,0.2
246,,0.15,0.15,0.15,0.15,0.15,0.15,0.15,0.15
247,,0.1,0.1,0.1,0.1,0.1,0.1,0.1,0.1
248,,0.05,0.05,0.05,0.05,0.05,0.05,0.05,0.05
249,,0.0,0.0,0.0,0.0,0.0,0.0,0.0,0.0
250,,-0.05,-0.05,-0.05,-0.05,-0.05,-0.05,-0.05,-0.05
251,8,0.441,0.3,0.159,0.1,0.159,0.3,0.441,0.95
252,8,0.932,0.65,0.368,0.25,0.368,0.65,0.932,1.0
253,,0.882,0.6,0.318,0.2,0.318,0.6,0.882,0.95
254,,0.832,0.55,0.268,0.15,0.268,0.55,0.832,0.9
255,,0.782,0.5,0.218,0.1,0.218,0.5,0.782,0.85
256,,0.732,0.45,0.168,0.05,0.168,0.45,0.732,0.8
257,,0.682,0.4,0.118,0.0,0.118,0.4,0.682,0.75
258,,0.632,0.35,0.068,-0.05,0.068,0.35,0.632,0.7
259,4,0.841,0.7,0.559,0.95,0.559,0.7,0.841,0.85
260,4,1.0,1.0,1.0,1.0,1.0,1.0,1.0,1.0
261,,0.95,0.95,0.95,0.95,0.95,0.95,0.95,0.95
262,,0.9,0.9,0.9,0.9,0.9,0.9,0.9,0.9
263,,0.85,0.85,0.85,0.85,0.85,0.85,0.85,0.85
264,,0.8,0.8,0.8,0.8,0.8,0.8,0.8,0.8
265,,0.75,0.75,0.75,0.75,0.75,0.75,0.75,0.75
266,,0.7,0.7,0.7,0.7,0.7,0.7,0.7,0.7
267,,0.65,0.65,0.65,0.65,0.65,0.65,0.65,0.65
268,,0.6,0.6,0.6,0.6,0.6,0.6,0.6,0.6
269,,0.55,0.55,0.55,0.55,0.55,0.55,0.55,0.55
270,,0.5,0.5,0.5,0.5,0.5,0.5,0.5,0.5
271,,0.45,0.45,0.45,0.45,0.45,0.45,0.45,0.45
272,,0.4,0.4,0.4,0.4,0.4,0.4,0.4,0.4
273,,0.35,0.35,0.35,0.35,0.35,0.35,0.35,0.35
274,,0.3,0.3,0.3,0.3,0.3,0.3,0.3,0.3
275,,0.25,0.25,0.25,0.25,0.25,0.25,0.25,0.25
276,,0.2,0.2,0.2,0.2,0.2,0.2,0.2,0.2
277,,0.15,0.15,0.15,0.15,0.15,0.15,0.15,0.15
278,,0.1,0.1,0.1,0.1,0.1,0.1,0.1,0.1
279,,0.05,0.05,0.05,0.05,0.05,0.05,0.05,0.05
280,,0.0,0.0,0.0,0.0,0.0,0.0,0.0,0.0
281,,-0.05,-0.05,-0.05,-0.05,-0.05,-0.05,-0.05,-0.05
282,7,0.3,0.159,0.1,0.159,0.3,0.441,0.95,0.441
283,7,0.65,0.368,0.25,0.368,0.65,0.932,1.0,0.932
284,,0.6,0.318,0.2,0.318,0.6,0.882,0.95,0.882
285,,0.55,0.268,0.15,0.268,0.55,0.832,0.9,0.832
286,,0.5,0.218,0.1,0.218,0.5,0.782,0.85,0.782
287,,0.45,0.168,0.05,0.168,0.45,0.732,0.8,0.732
288,,0.4,0.118,0.0,0.118,0.4,0.682,0.75,0.682
289,,0.35,0.068,-0.05,0.068,0.35,0.632,0.7,0.632
290,3,0.7,0.559,0.95,0.559,0.7,0.841,0.85,0.841
291,3,1.0,1.0,1.0,1.0,1.0,1.0,1.0,1.0
292,,0.95,0.95,0.95,0.95,0.95,0.95,0.95,0.95
293,,0.9,0.9,0.9,0.9,0.9,0.9,0.9,0.9
294,,0.85,0.85,0.85,0.85,0.85,0.85,0.85,0.85
295,,0.8,0.8,0.8,0.8,0.8,0.8,0.8,0.8
296,,0.75,0.75,0.75,0.75,0.75,0.75,0.75,0.75
297,,0.7,0.7,0.7,0.7,0.7,0.7,0.7,0.7
298,,0.65,0.65,0.65,0.65,0.65,0.65,0.65,0.65
299,,0.6,0.6,0.6,0.6,0.6,0.6,0.6,0.6
300,,0.55,0.55,0.55,0.55,0.55,0.55,0.55,0.55
301,,0.5,0.5,0.5,0.5,0.5,0.5,0.5,0.5
302,,0.45,0.45,0.45,0.45,0.45,0.45,0.45,0.45
303,,0.4,0.4,0.4,0.4,0.4,0.4,0.4,0.4
304,,0.35,0.35,0.35,0.35,0.35,0.35,0.35,0.35
305,,0.3,0.3,0.3,0.3,0.3,0.3,0.3,0.3
306,,0.25,0.25,0.25,0.25,0.25,0.25,0.25,0.25
307,,0.2,0.2,0.2,0.2,0.2,0.2,0.2,0.2
308,,0.15,0.15,0.15,0.15,0.15,0.15,0.15,0.15
309,,0.1,0.1,0.1,0.1,0.1,0.1,0.1,0.1
310,,0.05,0.05,0.05,0.05,0.05,0.05,0.05,0.05
311,,0.0,0.0,0.0,0.0,0.0,0.0,0.0,0.0
312,,-0.05,-0.05,-0.05,-0.05,-0.05,-0.05,-0.05,-0.05
313,7,0.3,0.159,0.1,0.159,0.3,0.441,0.95,0.441
314,7,0.65,0.368,0.25,0.368,0.65,0.932,1.0,0.932
315,,0.6,0.318,0.2,0.318,0.6,0.882,0.95,0.882
316,,0.55,0.268,0.15,0.268,0.55,0.832,0.9,0.832
317,,0.5,0.218,0.1,0.218,0.5,0.782,0.85,0.782
318,,0.45,0.168,0.05,0.168,0.45,0.732,0.8,0.732
319,,0.4,0.118,0.0,0.118,0.4,0.682,0.75,0.682
320,,0.35,0.068,-0.05,0.068,0.35,0.632,0.7,0.632
321,3,0.7,0.559,0.95,0.559,0.7,0.841,0.85,0.841
322,3,1.0,1.0,1.0,1.0,1.0,1.0,1.0,1.0
323,,0.95,0.95,0.95,0.95,0.95,0.95,0.95,0.95
324,,0.9,0.9,0.9,0.9,0.9,0.9,0.9,0.9
325,,0.85,0.85,0.85,0.85,0.85,0.85,0.85,0.85
326,,0.8,0.8,0.8,0.8,0.8,0.8,0.8,0.8
327,,0.75,0.75,0.75,0.75,0.75,0.75,0.75,0.75
328,,0.7,0.7,0.7,0.7,0.7,0.7,0.7,0.7
329,,0.65,0.65,0.65,0.65,0.65,0.65,0.65,0.65
330,,0.6,0.6,0.6,0.6,0.6,0.6,0.6,0.6
331,,0.55,0.55,0.55,0.55,0.55,0.55,0.55,0.55
332,,0.5,0.5,0.5,0.5,0.5,0.5,0.5,0.5
333,,0.45,0.45,0.45,0.45,0.45,0.45,0.45,0.45
334,,0.4,0.4,0.4,0.4,0.4,0.4,0.4,0.4
335,,0.35,0.35,0.35,0.35,0.35,0.35,0.35,0.35
336,,0.3,0.3,0.3,0.3,0.3,0.3,0.3,0.3
337,,0.25,0.25,0.25,0.25,0.25,0.25,0.25,0.25
338,,0.2,0.2,0.2,0.2,0.2,0.2,0.2,0.2
339,,0.15,0.15,0.15,0.15,0.15,0.15,0.15,0.15
340,,0.1,0.1,0.1,0.1,0.1,0.1,0.1,0.1
341,,0.05,0.05,0.05,0.05,0.05,0.05,0.05,0.05
342,,0.0,0.0,0.0,0.0,0.0,0.0,0.0,0.0
343,,-0.05,-0.05,-0.05,-0.05,-0.05,-0.05,-0.05,-0.05
344,6,0.159,0.1,0.159,0.3,0.441,0.95,0.441,0.3
345,6,0.368,0.25,0.368,0.65,0.932,1.0,0.932,0.65
346,,0.318,0.2,0.318,0.6,0.882,0.95,0.882,0.6
347,,0.268,0.15,0.268,0.55,0.832,0.9,0.832,0.55
348,,0.218,0.1,0.218,0.5,0.782,0.85,0.782,0.5
349,,0.168,0.05,0.168,0.45,0.732,0.8,0.732,0.45
350,,0.118,0.0,0.118,0.4,0.682,0.75,0.682,0.4
351,,0.068,-0.05,0.068,0.35,0.632,0.7,0.632,0.35
352,2,0.559,0.95,0.559,0.7,0.841,0.85,0.841,0.7
353,2,1.0,1.0,1.0,1.0,1.0,1.0,1.0,1.0
354,,0.95,0.95,0.95,0.95,0.95,0.95,0.95,0.95
355,,0.9,0.9,0.9,0.9,0.9,0.9,0.9,0.9
356,,0.85,0.85,0.85,0.85,0.85,0.85,0.85,0.85
357,,0.8,0.8,0.8,0.8,0.8,0.8,0.8,0.8
358,,0.75,0.75,0.75,0.75,0.75,0.75,0.75,0.75
359,,0.7,0.7,0.7,0.7,0.7,0.7,0.7,0.7
360,,0.65,0.65,0.65,0.65,0.65,0.65,0.65,0.65
361,,0.6,0.6,0.6,0.6,0.6,0.6,0.6,0.6
362,,0.55,0.55,0.55,0.55,0.55,0.55,0.55,0.55
363,,0.5,0.5,0.5,0.5,0.5,0.5,0.5,0.5
364,,0.45,0.45,0.45,0.45,0.45,0.45,0.45,0.45
365,,0.4,0.4,0.4,0.4,0.4,0.4,0.4,0.4
366,,0.35,0.35,0.35,0.35,0.35,0.35,0.35,0.35
367,,0.3,0.3,0.3,0.3,0.3,0.3,0.3,0.3
368,,0.25,0.25,0.25,0.25,0.25,0.25,0.25,0.25
369,,0.2,0.2,0.2,0.2,0.2,0.2,0.2,0.2
370,,0.15,0.15,0.15,0.15,0.15,0.15,0.15,0.15
371,,0.1,0.1,0.1,0.1,0.1,0.1,0.1,0.1
372,,0.05,0.05,0.05,0.05,0.05,0.05,0.05,0.05
373,,0.0,0.0,0.0,0.0,0.0,0.0,0.0,0.0
374,,-0.05,-0.05,-0.05,-0.05,-0.05,-0.05,-0.05,-0.05
375,3,0.3,0.441,0.95,0.441,0.3,0.159,0.1,0.159
376,3,0.65,0.932,1.0,0.932,0.65,0.368,0.25,0.368
377,,0.6,0.882,0.95,0.882,0.6,0.318,0.2,0.318
378,,0.55,0.832,0.9,0.832,0.55,0.268,0.15,0.268
379,,0.5,0.782,0.85,0.782,0.5,0.218,0.1,0.218
380,,0.45,0.732,0.8,0.732,0.45,0.168,0.05,0.168
381,,0.4,0.682,0.75,0.682,0.4,0.118,0.0,0.118
382,,0.35,0.632,0.7,0.632,0.35,0.068,-0.05,0.068
383,7,0.7,0.841,0.85,0.841,0.7,0.559,0.95,0.559
384,7,1.0,1.0,1.0,1.0,1.0,1.0,1.0,1.0
385,,0.95,0.95,0.95,0.95,0.95,0.95,0.95,0.95
386,,0.9,0.9,0.9,0.9,0.9,0.9,0.9,0.9
387,,0.85,0.85,0.85,0.85,0.85,0.85,0.85,0.85
388,,0.8,0.8,0.8,0.8,0.8,0.8,0.8,0.8
389,,0.75,0.75,0.75,0.75,0.75,0.75,0.75,0.75
390,,0.7,0.7,0.7,0.7,0.7,0.7,0.7,0.7
391,,0.65,0.65,0.65,0.65,0.65,0.65,0.65,0.65
392,,0.6,0.6,0.6,0.6,0.6,0.6,0.6,0.6
393,,0.55,0.55,0.55,0.55,0.55,0.55,0.55,0.55
394,,0.5,0.5,0.5,0.5,0.5,0.5,0.5,0.5
395,,0.45,0.45,0.45,0.45,0.45,0.45,0.45,0.45
396,,0.4,0.4,0.4,0.4,0.4,0.4,0.4,0.4
397,,0.35,0.35,0.35,0.35,0.35,0.35,0.35,0.35
398,,0.3,0.3,0.3,0.3,0.3,0.3,0.3,0.3
399,,0.25,0.25,0.25,0.25,0.25,0.25,0.25,0.25
400,,0.2,0.2,0.2,0.2,0.2,0.2,0.2,0.2
401,,0.15,0.15,0.15,0.15,0.15,0.15,0.15,0.15
402,,0.1,0.1,0.1,0.1,0.1,0.1,0.1,0.1
403,,0.05,0.05,0.05,0.05,0.05,0.05,0.05,0.05
404,,0.0,0.0,0.0,0.0,0.0,0.0,0.0,0.0
405,,-0.05,-0.05,-0.05,-0.05,-0.05,-0.05,-0.05,-0.05
406,1,0.95,0.441,0.3,0.159,0.1,0.159,0.3,0.441
407,1,1.0,0.932,0.65,0.368,0.25,0.368,0.65,0.932
408,,0.95,0.882,0.6,0.318,0.2,0.318,0.6,0.882
409,,0.9,0.832,0.55,0.268,0.15,0.268,0.55,0.832
410,,0.85,0.782,0.5,0.218,0.1,0.218,0.5,0.782
411,,0.8,0.732,0.45,0.168,0.05,0.168,0.45,0.732
412,,0.75,0.682,0.4,0.118,0.0,0.118,0.4,0.682
413,,0.7,0.632,0.35,0.068,-0.05,0.068,0.35,0.632
414,5,0.85,0.841,0.7,0.559,0.95,0.559,0.7,0.841
415,5,1.0,1.0,1.0,1.0,1.0,1.0,1.0,1.0
416,,0.95,0.95,0.95,0.95,0.95,0.95,0.95,0.95
417,,0.9,0.9,0.9,0.9,0.9,0.9,0.9,0.9
418,,0.85,0.85,0.85,0.85,0.85,0.85,0.85,0.85
419,,0.8,0.8,0.8,0.8,0.8,0.8,0.8,0.8
420,,0.75,0.75,0.75,0.75,0.75,0.75,0.75,0.75
421,,0.7,0.7,0.7,0.7,0.7,0.7,0.7,0.7
422,,0.65,0.65,0.65,0.65,0.65,0.65,0.65,0.65
423,,0.6,0.6,0.6,0.6,0.6,0.6,0.6,0.6
424,,0.55,0.55,0.55,0.55,0.55,0.55,0.55,0.55
425,,0.5,0.5,0.5,0.5,0.5,0.5,0.5,0.5
426,,0.45,0.45,0.45,0.45,0.45,0.45,0.45,0.45
427,,0.4,0.4,0.4,0.4,0.4,0.4,0.4,0.4
428,,0.35,0.35,0.35,0.35,0.35,0.35,0.35,0.35
429,,0.3,0.3,0.3,0.3,0.3,0.3,0.3,0.3
430,,0.25,0.25,0.25,0.25,0.25,0.25,0.25,0.25
431,,0.2,0.2,0.2,0.2,0.2,0.2,0.2,0.2
432,,0.15,0.15,0.15,0.15,0.15,0.15,0.15,0.15
433,,0.1,0.1,0.1,0.1,0.1,0.1,0.1,0.1
434,,0.05,0.05,0.05,0.05,0.05,0.05,0.05,0.05
435,,0.0,0.0,0.0,0.0,0.0,0.0,0.0,0.0
436,,-0.05,-0.05,-0.05,-0.05,-0.05,-0.05,-0.05,-0.05
437,2,0.441,0.95,0.441,0.3,0.159,0.1,0.159,0.3
438,2,0.932,1.0,0.932,0.65,0.368,0.25,0.368,0.65
439,,0.882,0.95,0.882,0.6,0.318,0.2,0.318,0.6
440,,0.832,0.9,0.832,0.55,0.268,0.15,0.268,0.55
441,,0.782,0.85,0.782,0.5,0.218,0.1,0.218,0.5
442,,0.732,0.8,0.732,0.45,0.168,0.05,0.168,0.45
443,,0.682,0.75,0.682,0.4,0.118,0.0,0.118,0.4
444,,0.632,0.7,0.632,0.35,0.068,-0.05,0.068,0.35
445,6,0.841,0.85,0.841,0.7,0.559,0.95,0.559,0.7
446,6,1.0,1.0,1.0,1.0,1.0,1.0,1.0,1.0
447,,0.95,0.95,0.95,0.95,0.95,0.95,0.95,0.95
448,,0.9,0.9,0.9,0.9,0.9,0.9,0.9,0.9
449,,0.85,0.85,0.85,0.85,0.85,0.85,0.85,0.85
450,,0.8,0.8,0.8,0.8,0.8,0.8,0.8,0.8
451,,0.75,0.75,0.75,0.75,0.75,0.75,0.75,0.75
452,,0.7,0.7,0.7,0.7,0.7,0.7,0.7,0.7
453,,0.65,0.65,0.65,0.65,0.65,0.65,0.65,0.65
454,,0.6,0.6,0.6,0.6,0.6,0.6,0.6,0.6
455,,0.55,0.55,0.55,0.55,0.55,0.55,0.55,0.55
456,,0.5,0.5,0.5,0.5,0.5,0.5,0.5,0.5
457,,0.45,0.45,0.45,0.45,0.45,0.45,0.45,0.45
458,,0.4,0.4,0.4,0.4,0.4,0.4,0.4,0.4
459,,0.35,0.35,0.35,0.35,0.35,0.35,0.35,0.35
460,,0.3,0.3,0.3,0.3,0.3,0.3,0.3,0.3
461,,0.25,0.25,0.25,0.25,0.25,0.25,0.25,0.25
462,,0.2,0.2,0.2,0.2,0.2,0.2,0.2,0.2
463,,0.15,0.15,0.15,0.15,0.15,0.15,0.15,0.15
464,,0.1,0.1,0.1,0.1,0.1,0.1,0.1,0.1
465,,0.05,0.05,0.05,0.05,0.05,0.05,0.05,0.05
466,,0.0,0.0,0.0,0.0,0.0,0.0,0.0,0.0
467,,-0.05,-0.05,-0.05,-0.05,-0.05,-0.05,-0.05,-0.05
468,7,0.3,0.159,0.1,0.159,0.3,0.441,0.95,0.441
469,7,0.65,0.368,0.25,0.368,0.65,0.932,1.0,0.932
470,,0.6,0.318,0.2,0.318,0.6,0.882,0.95,0.882
471,,0.55,0.268,0.15,0.268,0.55,0.832,0.9,0.832
472,,0.5,0.218,0.1,0.218,0.5,0.782,0.85,0.782
473,,0.45,0.168,0.05,0.168,0.45,0.732,0.8,0.732
474,,0.4,0.118,0.0,0.118,0.4,0.682,0.75,0.682
475,,0.35,0.068,-0.05,0.068,0.35,0.632,0.7,0.632
476,3,0.7,0.559,0.95,0.559,0.7,0.841,0.85,0.841
477,3,1.0,1.0,1.0,1.0,1.0,1.0,1.0,1.0
478,,0.95,0.95,0.95,0.95,0.95,0.95,0.95,0.95
479,,0.9,0.9,0.9,0.9,0.9,0.9,0.9,0.9
480,,0.85,0.85,0.85,0.85,0.85,0.85,0.85,0.85
481,,0.8,0.8,0.8,0.8,0.8,0.8,0.8,0.8
482,,0.75,0.75,0.75,0.75,0.75,0.75,0.75,0.75
483,,0.7,0.7,0.7,0.7,0.7,0.7,0.7,0.7
484,,0.65,0.65,0.65,0.65,0.65,0.65,0.65,0.65
485,,0.6,0.6,0.6,0.6,0.6,0.6,0.6,0.6
486,,0.55,0.55,0.55,0.55,0.55,0.55,0.55,0.55
487,,0.5,0.5,0.5,0.5,0.5,0.5,0.5,0.5
488,,0.45,0.45,0.45,0.45,0.45,0.45,0.45,0.45
489,,0.4,0.4,0.4,0.4,0.4,0.4,0.4,0.4
490,,0.35,0.35,0.35,0.35,0.35,0.35,0.35,0.35
491,,0.3,0.3,0.3,0.3,0.3,0.3,0.3,0.3
492,,0.25,0.25,0.25,0.25,0.25,0.25,0.25,0.25
493,,0.2,0.2,0.2,0.2,0.2,0.2,0.2,0.2
494,,0.15,0.15,0.15,0.15,0.15,0.15,0.15,0.15
495,,0.1,0.1,0.1,0.1,0.1,0.1,0.1,0.1
496,,0.05,0.05,0.05,0.05,0.05,0.05,0.05,0.05
497,,0.0,0.0,0.0,0.0,0.0,0.0,0.0,0.0
498,,-0.05,-0.05,-0.05,-0.05,-0.05,-0.05,-0.05,-0.05
499,6,0.159,0.1,0.159,0.3,0.441,0.95,0.441,0.3
500,6,0.368,0.25,0.368,0.65,0.932,1.0,0.932,0.65
501,,0.318,0.2,0.318,0.6,0.882,0.95,0.882,0.6
502,,0.268,0.15,0.268,0.55,0.832,0.9,0.832,0.55
503,,0.218,0.1,0.218,0.5,0.782,0.85,0.782,0.5
504,,0.168,0.05,0.168,0.45,0.732,0.8,0.732,0.45
505,,0.118,0.0,0.118,0.4,0.682,0.75,0.682,0.4
506,,0.068,-0.05,0.068,0.35,0.632,0.7,0.632,0.35
507,2,0.559,0.95,0.559,0.7,0.841,0.85,0.841,0.7
508,2,1.0,1.0,1.0,1.0,1.0,1.0,1.0,1.0
509,,0.95,0.95,0.95,0.95,0.95,0.95,0.95,0.95
510,,0.9,0.9,0.9,0.9,0.9,0.9,0.9,0.9
511,,0.85,0.85,0.85,0.85,0.85,0.85,0.85,0.85
512,,0.8,0.8,0.8,0.8,0.8,0.8,0.8,0.8
513,,0.75,0.75,0.75,0.75,0.75,0.75,0.75,0.75
514,,0.7,0.7,0.7,0.7,0.7,0.7,0.7,0.7
515,,0.65,0.65,0.65,0.65,0.65,0.65,0.65,0.65
516,,0.6,0.6,0.6,0.6,0.6,0.6,0.6,0.6
517,,0.55,0.55,0.55,0.55,0.55,0.55,0.55,0.55
518,,0.5,0.5,0.5,0.5,0.5,0.5,0.5,0.5
519,,0.45,0.45,0.45,0.45,0.45,0.45,0.45,0.45
520,,0.4,0.4,0.4,0.4,0.4,0.4,0.4,0.4
521,,0.35,0.35,0.35,0.35,0.35,0.35,0.35,0.35
522,,0.3,0.3,0.3,0.3,0.3,0.3,0.3,0.3
523,,0.25,0.25,0.25,0.25,0.25,0.25,0.25,0.25
524,,0.2,0.2,0.2,0.2,0.2,0.2,0.2,0.2
525,,0.15,0.15,0.15,0.15,0.15,0.15,0.15,0.15
526,,0.1,0.1,0.1,0.1,0.1,0.1,0.1,0.1
527,,0.05,0.05,0.05,0.05,0.05,0.05,0.05,0.05
528,,0.0,0.0,0.0,0.0,0.0,0.0,0.0,0.0
529,,-0.05,-0.05,-0.05,-0.05,-0.05,-0.05,-0.05,-0.05
530,5,0.1,0.159,0.3,0.441,0.95,0.441,0.3,0.159
531,5,0.25,0.368,0.65,0.932,1.0,0.932,0.65,0.368
532,,0.2,0.318,0.6,0.882,0.95,0.882,0.6,0.318
533,,0.15,0.268,0.55,0.832,0.9,0.832,0.55,0.268
534,,0.1,0.218,0.5,0.782,0.85,0.782,0.5,0.218
535,,0.05,0.168,0.45,0.732,0.8,0.732,0.45,0.168
536,,0.0,0.118,0.4,0.682,0.75,0.682,0.4,0.118
537,,-0.05,0.068,0.35,0.632,0.7,0.632,0.35,0.068
538,1,0.95,0.559,0.7,0.841,0.85,0.841,0.7,0.559
539,1,1.0,1.0,1.0,1.0,1.0,1.0,1.0,1.0
540,,0.95,0.95,0.95,0.95,0.95,0.95,0.95,0.95
541,,0.9,0.9,0.9,0.9,0.9,0.9,0.9,0.9
542,,0.85,0.85,0.85,0.85,0.85,0.85,0.85,0.85
543,,0.8,0.8,0.8,0.8,0.8,0.8,0.8,0.8
544,,0.75,0.75,0.75,0.75,0.75,0.75,0.75,0.75
545,,0.7,0.7,0.7,0.7,0.7,0.7,0.7,0.7
546,,0.65,0.65,0.65,0.65,0.65,0.65,0.65,0.65
547,,0.6,0.6,0.6,0.6,0.6,0.6,0.6,0.6
548,,0.55,0.55,0.55,0.55,0.55,0.55,0.55,0.55
549,,0.5,0.5,0.5,0.5,0.5,0.5,0.5,0.5
550,,0.45,0.45,0.45,0.45,0.45,0.45,0.45,0.45
551,,0.4,0.4,0.4,0.4,0.4,0.4,0.4,0.4
552,,0.35,0.35,0.35,0.35,0.35,0.35,0.35,0.35
553,,0.3,0.3,0.3,0.3,0.3,0.3,0.3,0.3
554,,0.25,0.25,0.25,0.25,0.25,0.25,0.25,0.25
555,,0.2,0.2,0.2,0.2,0.2,0.2,0.2,0.2
556,,0.15,0.15,0.15,0.15,0.15,0.15,0.15,0.15
557,,0.1,0.1,0.1,0.1,0.1,0.1,0.1,0.1
558,,0.05,0.05,0.05,0.05,0.05,0.05,0.05,0.05
559,,0.0,0.0,0.0,0.0,0.0,0.0,0.0,0.0
560,,-0.05,-0.05,-0.05,-0.05,-0.05,-0.05,-0.05,-0.05
561,6,0.159,0.1,0.159,0.3,0.441,0.95,0.441,0.3
562,6,0.368,0.25,0.368,0.65,0.932,1.0,0.932,0.65
563,,0.318,0.2,0.318,0.6,0.882,0.95,0.882,0.6
564,,0.268,0.15,0.268,0.55,0.832,0.9,0.832,0.55
565,,0.218,0.1,0.218,0.5,0.782,0.85,0.782,0.5
566,,0.168,0.05,0.168,0.45,0.732,0.8,0.732,0.45
567,,0.118,0.0,0.118,0.4,0.682,0.75,0.682,0.4
568,,0.068,-0.05,0.068,0.35,0.632,0.7,0.632,0.35
569,2,0.559,0.95,0.559,0.7,0.841,0.85,0.841,0.7
570,2,1.0,1.0,1.0,1.0,1.0,1.0,1.0,1.0
571,,0.95,0.95,0.95,0.95,0.95,0.95,0.95,0.95
572,,0.9,0.9,0.9,0.9,0.9,0.9,0.9,0.9
573,,0.85,0.85,0.85,0.85,0.85,0.85,0.85,0.85
574,,0.8,0.8,0.8,0.8,0.8,0.8,0.8,0.8
575,,0.75,0.75,0.75,0.75,0.75,0.75,0.75,0.75
576,,0.7,0.7,0.7,0.7,0.7,0.7,0.7,0.7
577,,0.65,0.65,0.65,0.65,0.65,0.65,0.65,0.65
578,,0.6,0.6,0.6,0.6,0.6,0.6,0.6,0.6
579,,0.55,0.55,0.55,0.55,0.55,0.55,0.55,0.55
580,,0.5,0.5,0.5,0.5,0.5,0.5,0.5,0.5
581,,0.45,0.45,0.45,0.45,0.45,0.45,0.45,0.45
582,,0.4,0.4,0.4,0.4,0.4,0.4,0.4,0.4
583,,0.35,0.35,0.35,0.35,0.35,0.35,0.35,0.35
584,,0.3,0.3,0.3,0.3,0.3,0.3,0.3,0.3
585,,0.25,0.25,0.25,0.25,0.25,0.25,0.25,0.25
586,,0.2,0.2,0.2,0.2,0.2,0.2,0.2,0.2
587,,0.15,0.15,0.15,0.15,0.15,0.15,0.15,0.15
588,,0.1,0.1,0.1,0.1,0.1,0.1,0.1,0.1
589,,0.05,0.05,0.05,0.05,0.05,0.05,0.05,0.05
590,,0.0,0.0,0.0,0.0,0.0,0.0,0.0,0.0
591,,-0.05,-0.05,-0.05,-0.05,-0.05,-0.05,-0.05,-0.05
592,2,0.441,0.95,0.441,0.3,0.159,0.1,0.159,0.3
593,2,0.932,1.0,0.932,0.65,0.368,0.25,0.368,0.65
594,,0.882,0.95,0.882,0.6,0.318,0.2,0.318,0.6
595,,0.832,0.9,0.832,0.55,0.268,0.15,0.268,0.55
596,,0.782,0.85,0.782,0.5,0.218,0.1,0.218,0.5
597,,0.732,0.8,0.732,0.45,0.168,0.05,0.168,0.45
598,,0.682,0.75,0.682,0.4,0.118,0.0,0.118,0.4
599,,0.632,0.7,0.632,0.35,0.068,-0.05,0.068,0.35
600,6,0.841,0.85,0.841,0.7,0.559,0.95,0.559,0.7
601,6,1.0,1.0,1.0,1.0,1.0,1.0,1.0,1.0
602,,0.95,0.95,0.95,0.95,0.95,0.95,0.95,0.95
603,,0.9,0.9,0.9,0.9,0.9,0.9,0.9,0.9
604,,0.85,0.85,0.85,0.85,0.85,0.85,0.85,0.85
605,,0.8,0.8,0.8,0.8,0.8,0.8,0.8,0.8
606,,0.75,0.75,0.75,0.75,0.75,0.75,0.75,0.75
607,,0.7,0.7,0.7,0.7,0.7,0.7,0.7,0.7
608,,0.65,0.65,0.65,0.65,0.65,0.65,0.65,0.65
609,,0.6,0.6,0.6,0.6,0.6,0.6,0.6,0.6
610,,0.55,0.55,0.55,0.55,0.55,0.55,0.55,0.55
611,,0.5,0.5,0.5,0.5,0.5,0.5,0.5,0.5
612,,0.45,0.45,0.45,0.45,0.45,0.45,0.45,0.45
613,,0.4,0.4,0.4,0.4,0.4,0.4,0.4,0.4
614,,0.35,0.35,0.35,0.35,0.35,0.35,0.35,0.35
615,,0.3,0.3,0.3,0.3,0.3,0.3,0.3,0.3
616,,0.25,0.25,0.25,0.25,0.25,0.25,0.25,0.25
617,,0.2,0.2,0.2,0.2,0.2,0.2,0.2,0.2
618,,0.15,0.15,0.15,0.15,0.15,0.15,0.15,0.15
619,,0.1,0.1,0.1,0.1,0.1,0.1,0.1,0.1
620,,0.05,0.05,0.05,0.05,0.05,0.05,0.05,0.05
621,,0.0,0.0,0.0,0.0,0.0,0.0,0.0,0.0
622,,-0.05,-0.05,-0.05,-0.05,-0.05,-0.05,-0.05,-0.05
623,2,0.441,0.95,0.441,0.3,0.159,0.1,0.159,0.3
624,2,0.932,1.0,0.932,0.65,0.368,0.25,0.368,0.65
625,,0.882,0.95,0.882,0.6,0.318,0.2,0.318,0.6
626,,0.832,0.9,0.832,0.55,0.268,0.15,0.268,0.55
627,,0.782,0.85,0.782,0.5,0.218,0.1,0.218,0.5
628,,0.732,0.8,0.732,0.45,0.168,0.05,0.168,0.45
629,,0.682,0.75,0.682,0.4,0.118,0.0,0.118,0.4
630,,0.632,0.7,0.632,0.35,0.068,-0.05,0.068,0.35
631,6,0.841,0.85,0.841,0.7,0.559,0.95,0.559,0.7
632,6,1.0,1.0,1.0,1.0,1.0,1.0,1.0,1.0
633,,0.95,0.95,0.95,0.95,0.95,0.95,0.95,0.95
634,,0.9,0.9,0.9,0.9,0.9,0.9,0.9,0.9
635,,0.85,0.85,0.85,0.85,0.85,0.85,0.85,0.85
636,,0.8,0.8,0.8,0.8,0.8,0.8,0.8,0.8
637,,0.75,0.75,0.75,0.75,0.75,0.75,0.75,0.75
638,,0.7,0.7,0.7,0.7,0.7,0.7,0.7,0.7
639,,0.65,0.65,0.65,0.65,0.65,0.65,0.65,0.65
640,,0.6,0.6,0.6,0.6,0.6,0.6,0.6,0.6
641,,0.55,0.55,0.55,0.55,0.55,0.55,0.55,0.55
642,,0.5,0.5,0.5,0.5,0.5,0.5,0.5,0.5
643,,0.45,0.45,0.45,0.45,0.45,0.45,0.45,0.45
644,,0.4,0.4,0.4,0.4,0.4,0.4,0.4,0.4
645,,0.35,0.35,0.35,0.35,0.35,0.35,0.35,0.35
646,,0.3,0.3,0.3,0.3,0.3,0.3,0.3,0.3
647,,0.25,0.25,0.25,0.25,0.25,0.25,0.25,0.25
648,,0.2,0.2,0.2,0.2,0.2,0.2,0.2,0.2
649,,0.15,0.15,0.15,0.15,0.15,0.15,0.15,0.15
650,,0.1,0.1,0.1,0.1,0.1,0.1,0.1,0.1
651,,0.05,0.05,0.05,0.05,0.05,0.05,0.05,0.05
652,,0.0,0.0,0.0,0.0,0.0,0.0,0.0,0.0
653,,-0.05,-0.05,-0.05,-0.05,-0.05,-0.05,-0.05,-0.05
654,6,0.159,0.1,0.159,0.3,0.441,0.95,0.441,0.3
655,6,0.368,0.25,0.368,0.65,0.932,1.0,0.932,0.65
656,,0.318,0.2,0.318,0.6,0.882,0.95,0.882,0.6
657,,0.268,0.15,0.268,0.55,0.832,0.9,0.832,0.55
658,,0.218,0.1,0.218,0.5,0.782,0.85,0.782,0.5
659,,0.168,0.05,0.168,0.45,0.732,0.8,0.732,0.45
660,,0.118,0.0,0.118,0.4,0.682,0.75,0.682,0.4
661,,0.068,-0.05,0.068,0.35,0.632,0.7,0.632,0.35
662,2,0.559,0.95,0.559,0.7,0.841,0.85,0.841,0.7
663,2,1.0,1.0,1.0,1.0,1.0,1.0,1.0,1.0
664,,0.95,0.95,0.95,0.95,0.95,0.95,0.95,0.95
665,,0.9,0.9,0.9,0.9,0.9,0.9,0.9,0.9
666,,0.85,0.85,0.85,0.85,0.85,0.85,0.85,0.85
667,,0.8,0.8,0.8,0.8,0.8,0.8,0.8,0.8
668,,0.75,0.75,0.75,0.75,0.75,0.75,0.75,0.75
669,,0.7,0.7,0.7,0.7,0.7,0.7,0.7,0.7
670,,0.65,0.65,0.65,0.65,0.65,0.65,0.65,0.65
671,,0.6,0.6,0.6,0.6,0.6,0.6,0.6,0.6
672,,0.55,0.55,0.55,0.55,0.55,0.55,0.55,0.55
673,,0.5,0.5,0.5,0.5,0.5,0.5,0.5,0.5
674,,0.45,0.45,0.45,0.45,0.45,0.45,0.45,0.45
675,,0.4,0.4,0.4,0.4,0.4,0.4,0.4,0.4
676,,0.35,0.35,0.35,0.35,0.35,0.35,0.35,0.35
677,,0.3,0.3,0.3,0.3,0.3,0.3,0.3,0.3
678,,0.25,0.25,0.25,0.25,0.25,0.25,0.25,0.25
679,,0.2,0.2,0.2,0.2,0.2,0.2,0.2,0.2
680,,0.15,0.15,0.15,0.15,0.15,0.15,0.15,0.15
681,,0.1,0.1,0.1,0.1,0.1,0.1,0.1,0.1
682,,0.05,0.05,0.05,0.05,0.05,0.05,0.05,0.05
683,,0.0,0.0,0.0,0.0,0.0,0.0,0.0,0.0
684,,-0.05,-0.05,-0.05,-0.05,-0.05,-0.05,-0.05,-0.05
685,1,0.95,0.441,0.3,0.159,0.1,0.159,0.3,0.441
686,1,1.0,0.932,0.65,0.368,0.25,0.368,0.65,0.932
687,,0.95,0.882,0.6,0.318,0.2,0.318,0.6,0.882
688,,0.9,0.832,0.55,0.268,0.15,0.268,0.55,0.832
689,,0.85,0.782,0.5,0.218,0.1,0.218,0.5,0.782
690,,0.8,0.732,0.45,0.168,0.05,0.168,0.45,0.732
691,,0.75,0.682,0.4,0.118,0.0,0.118,0.4,0.682
692,,0.7,0.632,0.35,0.068,-0.05,0.068,0.35,0.632
693,5,0.85,0.841,0.7,0.559,0.95,0.559,0.7,0.841
694,5,1.0,1.0,1.0,1.0,1.0,1.0,1.0,1.0
695,,0.95,0.95,0.95,0.95,0.95,0.95,0.95,0.95
696,,0.9,0.9,0.9,0.9,0.9,0.9,0.9,0.9
697,,0.85,0.85,0.85,0.85,0.85,0.85,0.85,0.85
698,,0.8,0.8,0.8,0.8,0.8,0.8,0.8,0.8
699,,0.75,0.75,0.75,0.75,0.75,0.75,0.75,0.75
700,,0.7,0.7,0.7,0.7,0.7,0.7,0.7,0.7
701,,0.65,0.65,0.65,0.65,0.65,0.65,0.65,0.65
702,,0.6,0.6,0.6,0.6,0.6,0.6,0.6,0.6
703,,0.55,0.55,0.55,0.55,0.55,0.55,0.55,0.55
704,,0.5,0.5,0.5,0.5,0.5,0.5,0.5,0.5
705,,0.45,0.45,0.45,0.45,0.45,0.45,0.45,0.45
706,,0.4,0.4,0.4,0.4,0.4,0.4,0.4,0.4
707,,0.35,0.35,0.35,0.35,0.35,0.35,0.35,0.35
708,,0.3,0.3,0.3,0.3,0.3,0.3,0.3,0.3
709,,0.25,0.25,0.25,0.25,0.25,0.25,0.25,0.25
710,,0.2,0.2,0.2,0.2,0.2,0.2,0.2,0.2
711,,0.15,0.15,0.15,0.15,0.15,0.15,0.15,0.15
712,,0.1,0.1,0.1,0.1,0.1,0.1,0.1,0.1
713,,0.05,0.05,0.05,0.05,0.05,0.05,0.05,0.05
714,,0.0,0.0,0.0,0.0,0.0,0.0,0.0,0.0
715,,-0.05,-0.05,-0.05,-0.05,-0.05,-0.05,-0.05,-0.05
716,4,0.159,0.3,0.441,0.95,0.441,0.3,0.159,0.1
717,4,0.368,0.65,0.932,1.0,0.932,0.65,0.368,0.25
718,,0.318,0.6,0.882,0.95,0.882,0.6,0.318,0.2
719,,0.268,0.55,0.832,0.9,0.832,0.55,0.268,0.15
720,,0.218,0.5,0.782,0.85,0.782,0.5,0.218,0.1
721,,0.168,0.45,0.732,0.8,0.732,0.45,0.168,0.05
722,,0.118,0.4,0.682,0.75,0.682,0.4,0.118,0.0
723,,0.068,0.35,0.632,0.7,0.632,0.35,0.068,-0.05
724,8,0.559,0.7,0.841,0.85,0.841,0.7,0.559,0.95
725,8,1.0,1.0,1.0,1.0,1.0,1.0,1.0,1.0
726,,0.95,0.95,0.95,0.95,0.95,0.95,0.95,0.95
727,,0.9,0.9,0.9,0.9,0.9,0.9,0.9,0.9
728,,0.85,0.85,0.85,0.85,0.85,0.85,0.85,0.85
729,,0.8,0.8,0.8,0.8,0.8,0.8,0.8,0.8
730,,0.75,0.75,0.75,0.75,0.75,0.75,0.75,0.75
731,,0.7,0.7,0.7,0.7,0.7,0.7,0.7,0.7
732,,0.65,0.65,0.65,0.65,0.65,0.65,0.65,0.65
733,,0.6,0.6,0.6,0.6,0.6,0.6,0.6,0.6
734,,0.55,0.55,0.55,0.55,0.55,0.55,0.55,0.55
735,,0.5,0.5,0.5,0.5,0.5,0.5,0.5,0.5
736,,0.45,0.45,0.45,0.45,0.45,0.45,0.45,0.45
737,,0.4,0.4,0.4,0.4,0.4,0.4,0.4,0.4
738,,0.35,0.35,0.35,0.35,0.35,0.35,0.35,0.35
739,,0.3,0.3,0.3,0.3,0.3,0.3,0.3,0.3
740,,0.25,0.25,0.25,0.25,0.25,0.25,0.25,0.25
741,,0.2,0.2,0.2,0.2,0.2,0.2,0.2,0.2
742,,0.15,0.15,0.15,0.15,0.15,0.15,0.15,0.15
743,,0.1,0.1,0.1,0.1,0.1,0.1,0.1,0.1
744,,0.05,0.05,0.05,0.05,0.05,0.05,0.05,0.05
745,,0.0,0.0,0.0,0.0,0.0,0.0,0.0,0.0
746,,-0.05,-0.05,-0.05,-0.05,-0.05,-0.05,-0.05,-0.05
747,2,0.441,0.95,0.441,0.3,0.159,0.1,0.159,0.3
748,2,0.932,1.0,0.932,0.65,0.368,0.25,0.368,0.65
749,,0.882,0.95,0.882,0.6,0.318,0.2,0.318,0.6
750,,0.832,0.9,0.832,0.55,0.268,0.15,0.268,0.55
751,,0.782,0.85,0.782,0.5,0.218,0.1,0.218,0.5
752,,0.732,0.8,0.732,0.45,0.168,0.05,0.168,0.45
753,,0.682,0.75,0.682,0.4,0.118,0.0,0.118,0.4
754,,0.632,0.7,0.632,0.35,0.068,-0.05,0.068,0.35
755,6,0.841,0.85,0.841,0.7,0.559,0.95,0.559,0.7
756,6,1.0,1.0,1.0,1.0,1.0,1.0,1.0,1.0
757,,0.95,0.95,0.95,0.95,0.95,0.95,0.95,0.95
758,,0.9,0.9,0.9,0.9,0.9,0.9,0.9,0.9
759,,0.85,0.85,0.85,0.85,0.85,0.85,0.85,0.85
760,,0.8,0.8,0.8,0.8,0.8,0.8,0.8,0.8
761,,0.75,0.75,0.75,0.75,0.75,0.75,0.75,0.75
762,,0.7,0.7,0.7,0.7,0.7,0.7,0.7,0.7
763,,0.65,0.65,0.65,0.65,0.65,0.65,0.65,0.65
764,,0.6,0.6,0.6,0.6,0.6,0.6,0.6,0.6
765,,0.55,0.55,0.55,0.55,0.55,0.55,0.55,0.55
766,,0.5,0.5,0.5,0.5,0.5,0.5,0.5,0.5
767,,0.45,0.45,0.45,0.45,0.45,0.45,0.45,0.45
768,,0.4,0.4,0.4,0.4,0.4,0.4,0.4,0.4
769,,0.35,0.35,0.35,0.35,0.35,0.35,0.35,0.35
770,,0.3,0.3,0.3,0.3,0.3,0.3,0.3,0.3
771,,0.25,0.25,0.25,0.25,0.25,0.25,0.25,0.25
772,,0.2,0.2,0.2,0.2,0.2,0.2,0.2,0.2
773,,0.15,0.15,0.15,0.15,0.15,0.15,0.15,0.15
774,,0.1,0.1,0.1,0.1,0.1,0.1,0.1,0.1
775,,0.05,0.05,0.05,0.05,0.05,0.05,0.05,0.05
776,,0.0,0.0,0.0,0.0,0.0,0.0,0.0,0.0
777,,-0.05,-0.05,-0.05,-0.05,-0.05,-0.05,-0.05,-0.05
778,6,0.159,0.1,0.159,0.3,0.441,0.95,0.441,0.3
779,6,0.368,0.25,0.368,0.65,0.932,1.0,0.932,0.65
780,,0.318,0.2,0.318,0.6,0.882,0.95,0.882,0.6
781,,0.268,0.15,0.268,0.55,0.832,0.9,0.832,0.55
782,,0.218,0.1,0.218,0.5,0.782,0.85,0.782,0.5
783,,0.168,0.05,0.168,0.45,0.732,0.8,0.732,0.45
784,,0.118,0.0,0.118,0.4,0.682,0.75,0.682,0.4
785,,0.068,-0.05,0.068,0.35,0.632,0.7,0.632,0.35
786,2,0.559,0.95,0.559,0.7,0.841,0.85,0.841,0.7
787,2,1.0,1.0,1.0,1.0,1.0,1.0,1.0,1.0
788,,0.95,0.95,0.95,0.95,0.95,0.95,0.95,0.95
789,,0.9,0.9,0.9,0.9,0.9,0.9,0.9,0.9
790,,0.85,0.85,0.85,0.85,0.85,0.85,0.85,0.85
791,,0.8,0.8,0.8,0.8,0.8,0.8,0.8,0.8
792,,0.75,0.75,0.75,0.75,0.75,0.75,0.75,0.75
793,,0.7,0.7,0.7,0.7,0.7,0.7,0.7,0.7
794,,0.65,0.65,0.65,0.65,0.65,0.65,0.65,0.65
795,,0.6,0.6,0.6,0.6,0.6,0.6,0.6,0.6
796,,0.55,0.55,0.55,0.55,0.55,0.55,0.55,0.55
797,,0.5,0.5,0.5,0.5,0.5,0.5,0.5,0.5
798,,0.45,0.45,0.45,0.45,0.45,0.45,0.45,0.45
799,,0.4,0.4,0.4,0.4,0.4,0.4,0.4,0.4
800,,0.35,0.35,0.35,0.35,0.35,0.35,0.35,0.35
801,,0.3,0.3,0.3,0.3,0.3,0.3,0.3,0.3
802,,0.25,0.25,0.25,0.25,0.25,0.25,0.25,0.25
803,,0.2,0.2,0.2,0.2,0.2,0.2,0.2,0.2
804,,0.15,0.15,0.15,0.15,0.15,0.15,0.15,0.15
805,,0.1,0.1,0.1,0.1,0.1,0.1,0.1,0.1
806,,0.05,0.05,0.05,0.05,0.05,0.05,0.05,0.05
807,,0.0,0.0,0.0,0.0,0.0,0.0,0.0,0.0
808,,-0.05,-0.05,-0.05,-0.05,-0.05,-0.05,-0.05,-0.05
809,7,0.3,0.159,0.1,0.159,0.3,0.441,0.95,0.441
810,7,0.65,0.368,0.25,0.368,0.65,0.932,1.0,0.932
811,,0.6,0.318,0.2,0.318,0.6,0.882,0.95,0.882
812,,0.55,0.268,0.15,0.268,0.55,0.832,0.9,0.832
813,,0.5,0.218,0.1,0.218,0.5,0.782,0.85,0.782
814,,0.45,0.168,0.05,0.168,0.45,0.732,0.8,0.732
815,,0.4,0.118,0.0,0.118,0.4,0.682,0.75,0.682
816,,0.35,0.068,-0.05,0.068,0.35,0.632,0.7,0.632
817,3,0.7,0.559,0.95,0.559,0.7,0.841,0.85,0.841
818,3,1.0,1.0,1.0,1.0,1.0,1.0,1.0,1.0
819,,0.95,0.95,0.95,0.95,0.95,0.95,0.95,0.95
820,,0.9,0.9,0.9,0.9,0.9,0.9,0.9,0.9
821,,0.85,0.85,0.85,0.85,0.85,0.85,0.85,0.85
822,,0.8,0.8,0.8,0.8,0.8,0.8,0.8,0.8
823,,0.75,0.75,0.75,0.75,0.75,0.75,0.75,0.75
824,,0.7,0.7,0.7,0.7,0.7,0.7,0.7,0.7
825,,0.65,0.65,0.65,0.65,0.65,0.65,0.65,0.65
826,,0.6,0.6,0.6,0.6,0.6,0.6,0.6,0.6
827,,0.55,0.55,0.55,0.55,0.55,0.55,0.55,0.55
828,,0.5,0.5,0.5,0.5,0.5,0.5,0.5,0.5
829,,0.45,0.45,0.45,0.45,0.45,0.45,0.45,0.45
830,,0.4,0.4,0.4,0.4,0.4,0.4,0.4,0.4
831,,0.35,0.35,0.35,0.35,0.35,0.35,0.35,0.35
832,,0.3,0.3,0.3,0.3,0.3,0.3,0.3,0.3
833,,0.25,0.25,0.25,0.25,0.25,0.25,0.25,0.25
834,,0.2,0.2,0.2,0.2,0.2,0.2,0.2,0.2
835,,0.15,0.15,0.15,0.15,0.15,0.15,0.15,0.15
836,,0.1,0.1,0.1,0.1,0.1,0.1,0.1,0.1
837,,0.05,0.05,0.05,0.05,0.05,0.05,0.05,0.05
838,,0.0,0.0,0.0,0.0,0.0,0.0,0.0,0.0
839,,-0.05,-0.05,-0.05,-0.05,-0.05,-0.05,-0.05,-0.05
840,6,0.159,0.1,0.159,0.3,0.441,0.95,0.441,0.3
841,6,0.368,0.25,0.368,0.65,0.932,1.0,0.932,0.65
842,,0.318,0.2,0.318,0.6,0.882,0.95,0.882,0.6
843,,0.268,0.15,0.268,0.55,0.832,0.9,0.832,0.55
844,,0.218,0.1,0.218,0.5,0.782,0.85,0.782,0.5
845,,0.168,0.05,0.168,0.45,0.732,0.8,0.732,0.45
846,,0.118,0.0,0.118,0.4,0.682,0.75,0.682,0.4
847,,0.068,-0.05,0.068,0.35,0.632,0.7,0.632,0.35
848,2,0.559,0.95,0.559,0.7,0.841,0.85,0.841,0.7
849,2,1.0,1.0,1.0,1.0,1.0,1.0,1.0,1.0
850,,0.95,0.95,0.95,0.95,0.95,0.95,0.95,0.95
851,,0.9,0.9,0.9,0.9,0.9,0.9,0.9,0.9
852,,0.85,0.85,0.85,0.85,0.85,0.85,0.85,0.85
853,,0.8,0.8,0.8,0.8,0.8,0.8,0.8,0.8
854,,0.75,0.75,0.75,0.75,0.75,0.75,0.75,0.75
855,,0.7,0.7,0.7,0.7,0.7,0.7,0.7,0.7
856,,0.65,0.65,0.65,0.65,0.65,0.65,0.65,0.65
857,,0.6,0.6,0.6,0.6,0.6,0.6,0.6,0.6
858,,0.55,0.55,0.55,0.55,0.55,0.55,0.55,0.55
859,,0.5,0.5,0.5,0.5,0.5,0.5,0.5,0.5
860,,0.45,0.45,0.45,0.45,0.45,0.45,0.45,0.45
861,,0.4,0.4,0.4,0.4,0.4,0.4,0.4,0.4
862,,0.35,0.35,0.35,0.35,0.35,0.35,0.35,0.35
863,,0.3,0.3,0.3,0.3,0.3,0.3,0.3,0.3
864,,0.25,0.25,0.25,0.25,0.25,0.25,0.25,0.25
865,,0.2,0.2,0.2,0.2,0.2,0.2,0.2,0.2
866,,0.15,0.15,0.15,0.15,0.15,0.15,0.15,0.15
867,,0.1,0.1,0.1,0.1,0.1,0.1,0.1,0.1
868,,0.05,0.05,0.05,0.05,0.05,0.05,0.05,0.05
869,,0.0,0.0,0.0,0.0,0.0,0.0,0.0,0.0
870,,-0.05,-0.05,-0.05,-0.05,-0.05,-0.05,-0.05,-0.05
871,3,0.3,0.441,0.95,0.441,0.3,0.159,0.1,0.159
872,3,0.65,0.932,1.0,0.932,0.65,0.368,0.25,0.368
873,,0.6,0.882,0.95,0.882,0.6,0.318,0.2,0.318
874,,0.55,0.832,0.9,0.832,0.55,0.268,0.15,0.268
875,,0.5,0.782,0.85,0.782,0.5,0.218,0.1,0.218
876,,0.45,0.732,0.8,0.732,0.45,0.168,0.05,0.168
877,,0.4,0.682,0.75,0.682,0.4,0.118,0.0,0.118
878,,0.35,0.632,0.7,0.632,0.35,0.068,-0.05,0.068
879,7,0.7,0.841,0.85,0.841,0.7,0.559,0.95,0.559
880,7,1.0,1.0,1.0,1.0,1.0,1.0,1.0,1.0
881,,0.95,0.95,0.95,0.95,0.95,0.95,0.95,0.95
882,,0.9,0.9,0.9,0.9,0.9,0.9,0.9,0.9
883,,0.85,0.85,0.85,0.85,0.85,0.85,0.85,0.85
884,,0.8,0.8,0.8,0.8,0.8,0.8,0.8,0.8
885,,0.75,0.75,0.75,0.75,0.75,0.75,0.75,0.75
886,,0.7,0.7,0.7,0.7,0.7,0.7,0.7,0.7
887,,0.65,0.65,0.65,0.65,0.65,0.65,0.65,0.65
888,,0.6,0.6,0.6,0.6,0.6,0.6,0.6,0.6
889,,0.55,0.55,0.55,0.55,0.55,0.55,0.55,0.55
890,,0.5,0.5,0.5,0.5,0.5,0.5,0.5,0.5
891,,0.45,0.45,0.45,0.45,0.45,0.45,0.45,0.45
892,,0.4,0.4,0.4,0.4,0.4,0.4,0.4,0.4
893,,0.35,0.35,0.35,0.35,0.35,0.35,0.35,0.35
894,,0.3,0.3,0.3,0.3,0.3,0.3,0.3,0.3
895,,0.25,0.25,0.25,0.25,0.25,0.25,0.25,0.25
896,,0.2,0.2,0.2,0.2,0.2,0.2,0.2,0.2
897,,0.15,0.15,0.15,0.15,0.15,0.15,0.15,0.15
898,,0.1,0.1,0.1,0.1,0.1,0.1,0.1,0.1
899,,0.05,0.05,0.05,0.05,0.05,0.05,0.05,0.05
900,,0.0,0.0,0.0,0.0,0.0,0.0,0.0,0.0
901,,-0.05,-0.05,-0.05,-0.05,-0.05,-0.05,-0.05,-0.05
902,4,0.159,0.3,0.441,0.95,0.441,0.3,0.159,0.1
903,4,0.368,0.65,0.932,1.0,0.932,0.65,0.368,0.25
904,,0.318,0.6,0.882,0.95,0.882,0.6,0.318,0.2
905,,0.268,0.55,0.832,0.9,0.832,0.55,0.268,0.15
906,,0.218,0.5,0.782,0.85,0.782,0.5,0.218,0.1
907,,0.168,0.45,0.732,0.8,0.732,0.45,0.168,0.05
908,,0.118,0.4,0.682,0.75,0.682,0.4,0.118,0.0
909,,0.068,0.35,0.632,0.7,0.632,0.35,0.068,-0.05
910,8,0.559,0.7,0.841,0.85,0.841,0.7,0.559,0.95
911,8,1.0,1.0,1.0,1.0,1.0,1.0,1.0,1.0
912,,0.95,0.95,0.95,0.95,0.95,0.95,0.95,0.95
913,,0.9,0.9,0.9,0.9,0.9,0.9,0.9,0.9
914,,0.85,0.85,0.85,0.85,0.85,0.85,0.85,0.85
915,,0.8,0.8,0.8,0.8,0.8,0.8,0.8,0.8
916,,0.75,0.75,0.75,0.75,0.75,0.75,0.75,0.75
917,,0.7,0.7,0.7,0.7,0.7,0.7,0.7,0.7
918,,0.65,0.65,0.65,0.65,0.65,0.65,0.65,0.65
919,,0.6,0.6,0.6,0.6,0.6,0.6,0.6,0.6
920,,0.55,0.55,0.55,0.55,0.55,0.55,0.55,0.55
