step,active_motive,motive_1,motive_2,motive_3,motive_4,motive_5,motive_6,motive_7,motive_8
0,,0.05769,0.04925,0.01952,0.07225,0.02808,0.00243,0.06455,0.01771
1,,0.00769,-0.00075,-0.03048,0.02225,-0.02192,-0.04757,0.01455,-0.03229
2,6,0.21669,0.14925,0.17852,0.37225,0.46908,0.95243,0.50555,0.31771
3,6,0.42569,0.29925,0.38752,0.72225,0.96008,1.0,0.99655,0.66771
4,,0.37569,0.24925,0.33752,0.67225,0.91008,0.95,0.94655,0.61771
5,,0.32569,0.19925,0.28752,0.62225,0.86008,0.9,0.89655,0.56771
6,,0.27569,0.14925,0.23752,0.57225,0.81008,0.85,0.84655,0.51771
7,,0.22569,0.09925,0.18752,0.52225,0.76008,0.8,0.79655,0.46771
8,,0.17569,0.04925,0.13752,0.47225,0.71008,0.75,0.74655,0.41771
9,,0.12569,-0.00075,0.08752,0.42225,0.66008,0.7,0.69655,0.36771
10,2,0.61669,0.99925,0.57852,0.77225,0.86908,0.85,0.90555,0.71771
11,2,1.0,1.0,1.0,1.0,1.0,1.0,1.0,1.0
12,,0.95,0.95,0.95,0.95,0.95,0.95,0.95,0.95
13,,0.9,0.9,0.9,0.9,0.9,0.9,0.9,0.9
14,,0.85,0.85,0.85,0.85,0.85,0.85,0.85,0.85
15,,0.8,0.8,0.8,0.8,0.8,0.8,0.8,0.8
16,,0.75,0.75,0.75,0.75,0.75,0.75,0.75,0.75
17,,0.7,0.7,0.7,0.7,0.7,0.7,0.7,0.7
18,,0.65,0.65,0.65,0.65,0.65,0.65,0.65,0.65
19,,0.6,0.6,0.6,0.6,0.6,0.6,0.6,0.6
20,,0.55,0.55,0.55,0.55,0.55,0.55,0.55,0.55
21,,0.5,0.5,0.5,0.5,0.5,0.5,0.5,0.5
22,,0.45,0.45,0.45,0.45,0.45,0.45,0.45,0.45
23,,0.4,0.4,0.4,0.4,0.4,0.4,0.4,0.4
24,,0.35,0.35,0.35,0.35,0.35,0.35,0.35,0.35
25,,0.3,0.3,0.3,0.3,0.3,0.3,0.3,0.3
26,,0.25,0.25,0.25,0.25,0.25,0.25,0.25,0.25
27,,0.2,0.2,0.2,0.2,0.2,0.2,0.2,0.2
28,,0.15,0.15,0.15,0.15,0.15,0.15,0.15,0.15
29,,0.1,0.1,0.1,0.1,0.1,0.1,0.1,0.1
30,,0.05,0.05,0.05,0.05,0.05,0.05,0.05,0.05
31,,0.0,0.0,0.0,0.0,0.0,0.0,0.0,0.0
32,,-0.05,-0.05,-0.05,-0.05,-0.05,-0.05,-0.05,-0.05
33,4,0.159,0.3,0.441,0.95,0.441,0.3,0.159,0.1
34,4,0.368,0.65,0.932,1.0,0.932,0.65,0.368,0.25
35,,0.318,0.6,0.882,0.95,0.882,0.6,0.318,0.2
36,,0.268,0.55,0.832,0.9,0.832,0.55,0.268,0.15
37,,0.218,0.5,0.782,0.85,0.782,0.5,0.218,0.1
38,,0.168,0.45,0.732,0.8,0.732,0.45,0.168,0.05
39,,0.118,0.4,0.682,0.75,0.682,0.4,0.118,0.0
40,,0.068,0.35,0.632,0.7,0.632,0.35,0.068,-0.05
41,8,0.559,0.7,0.841,0.85,0.841,0.7,0.559,0.95
42,8,1.0,1.0,1.0,1.0,1.0,1.0,1.0,1.0
43,,0.95,0.95,0.95,0.95,0.95,0.95,0.95,0.95
44,,0.9,0.9,0.9,0.9,0.9,0.9,0.9,0.9
45,,0.85,0.85,0.85,0.85,0.85,0.85,0.85,0.85
46,,0.8,0.8,0.8,0.8,0.8,0.8,0.8,0.8
47,,0.75,0.75,0.75,0.75,0.75,0.75,0.75,0.75
48,,0.7,0.7,0.7,0.7,0.7,0.7,0.7,0.7
49,,0.65,0.65,0.65,0.65,0.65,0.65,0.65,0.65
50,,0.6,0.6,0.6,0.6,0.6,0.6,0.6,0.6
51,,0.55,0.55,0.55,0.55,0.55,0.55,0.55,0.55
52,,0.5,0.5,0.5,0.5,0.5,0.5,0.5,0.5
53,,0.45,0.45,0.45,0.45,0.45,0.45,0.45,0.45
54,,0.4,0.4,0.4,0.4,0.4,0.4,0.4,0.4
55,,0.35,0.35,0.35,0.35,0.35,0.35,0.35,0.35
56,,0.3,0.3,0.3,0.3,0.3,0.3,0.3,0.3
57,,0.25,0.25,0.25,0.25,0.25,0.25,0.25,0.25
58,,0.2,0.2,0.2,0.2,0.2,0.2,0.2,0.2
59,,0.15,0.15,0.15,0.15,0.15,0.15,0.15,0.15
60,,0.1,0.1,0.1,0.1,0.1,0.1,0.1,0.1
61,,0.05,0.05,0.05,0.05,0.05,0.05,0.05,0.05
62,,0.0,0.0,0.0,0.0,0.0,0.0,0.0,0.0
63,,-0.05,-0.05,-0.05,-0.05,-0.05,-0.05,-0.05,-0.05
64,6,0.159,0.1,0.159,0.3,0.441,0.95,0.441,0.3
65,6,0.368,0.25,0.368,0.65,0.932,1.0,0.932,0.65
66,,0.318,0.2,0.318,0.6,0.882,0.95,0.882,0.6
67,,0.268,0.15,0.268,0.55,0.832,0.9,0.832,0.55
68,,0.218,0.1,0.218,0.5,0.782,0.85,0.782,0.5
69,,0.168,0.05,0.168,0.45,0.732,0.8,0.732,0.45
70,,0.118,0.0,0.118,0.4,0.682,0.75,0.682,0.4
71,,0.068,-0.05,0.068,0.35,0.632,0.7,0.632,0.35
72,2,0.559,0.95,0.559,0.7,0.841,0.85,0.841,0.7
73,2,1.0,1.0,1.0,1.0,1.0,1.0,1.0,1.0
74,,0.95,0.95,0.95,0.95,0.95,0.95,0.95,0.95
75,,0.9,0.9,0.9,0.9,0.9,0.9,0.9,0.9
76,,0.85,0.85,0.85,0.85,0.85,0.85,0.85,0.85
77,,0.8,0.8,0.8,0.8,0.8,0.8,0.8,0.8
78,,0.75,0.75,0.75,0.75,0.75,0.75,0.75,0.75
79,,0.7,0.7,0.7,0.7,0.7,0.7,0.7,0.7
80,,0.65,0.65,0.65,0.65,0.65,0.65,0.65,0.65
81,,0.6,0.6,0.6,0.6,0.6,0.6,0.6,0.6
82,,0.55,0.55,0.55,0.55,0.55,0.55,0.55,0.55
83,,0.5,0.5,0.5,0.5,0.5,0.5,0.5,0.5
84,,0.45,0.45,0.45,0.45,0.45,0.45,0.45,0.45
85,,0.4,0.4,0.4,0.4,0.4,0.4,0.4,0.4
86,,0.35,0.35,0.35,0.35,0.35,0.35,0.35,0.35
87,,0.3,0.3,0.3,0.3,0.3,0.3,0.3,0.3
88,,0.25,0.25,0.25,0.25,0.25,0.25,0.25,0.25
89,,0.2,0.2,0.2,0.2,0.2,0.2,0.2,0.2
90,,0.15,0.15,0.15,0.15,0.15,0.15,0.15,0.15
91,,0.1,0.1,0.1,0.1,0.1,0.1,0.1,0.1
92,,0.05,0.05,0.05,0.05,0.05,0.05,0.05,0.05
93,,0.0,0.0,0.0,0.0,0.0,0.0,0.0,0.0
94,,-0.05,-0.05,-0.05,-0.05,-0.05,-0.05,-0.05,-0.05
95,5,0.1,0.159,0.3,0.441,0.95,0.441,0.3,0.159
96,5,0.25,0.368,0.65,0.932,1.0,0.932,0.65,0.368
97,,0.2,0.318,0.6,0.882,0.95,0.882,0.6,0.318
98,,0.15,0.268,0.55,0.832,0.9,0.832,0.55,0.268
99,,0.1,0.218,0.5,0.782,0.85,0.782,0.5,0.218
100,,0.05,0.168,0.45,0.732,0.8,0.732,0.45,0.168
101,,0.0,0.118,0.4,0.682,0.75,0.682,0.4,0.118
102,,-0.05,0.068,0.35,0.632,0.7,0.632,0.35,0.068
103,1,0.95,0.559,0.7,0.841,0.85,0.841,0.7,0.559
104,1,1.0,1.0,1.0,1.0,1.0,1.0,1.0,1.0
105,,0.95,0.95,0.95,0.95,0.95,0.95,0.95,0.95
106,,0.9,0.9,0.9,0.9,0.9,0.9,0.9,0.9
107,,0.85,0.85,0.85,0.85,0.85,0.85,0.85,0.85
108,,0.8,0.8,0.8,0.8,0.8,0.8,0.8,0.8
109,,0.75,0.75,0.75,0.75,0.75,0.75,0.75,0.75
110,,0.7,0.7,0.7,0.7,0.7,0.7,0.7,0.7
111,,0.65,0.65,0.65,0.65,0.65,0.65,0.65,0.65
112,,0.6,0.6,0.6,0.6,0.6,0.6,0.6,0.6
113,,0.55,0.55,0.55,0.55,0.55,0.55,0.55,0.55
114,,0.5,0.5,0.5,0.5,0.5,0.5,0.5,0.5
115,,0.45,0.45,0.45,0.45,0.45,0.45,0.45,0.45
116,,0.4,0.4,0.4,0.4,0.4,0.4,0.4,0.4
117,,0.35,0.35,0.35,0.35,0.35,0.35,0.35,0.35
118,,0.3,0.3,0.3,0.3,0.3,0.3,0.3,0.3
119,,0.25,0.25,0.25,0.25,0.25,0.25,0.25,0.25
120,,0.2,0.2,0.2,0.2,0.2,0.2,0.2,0.2
121,,0.15,0.15,0.15,0.15,0.15,0.15,0.15,0.15
122,,0.1,0.1,0.1,0.1,0.1,0.1,0.1,0.1
123,,0.05,0.05,0.05,0.05,0.05,0.05,0.05,0.05
124,,0.0,0.0,0.0,0.0,0.0,0.0,0.0,0.0
125,,-0.05,-0.05,-0.05,-0.05,-0.05,-0.05,-0.05,-0.05
126,6,0.159,0.1,0.159,0.3,0.441,0.95,0.441,0.3
127,6,0.368,0.25,0.368,0.65,0.932,1.0,0.932,0.65
128,,0.318,0.2,0.318,0.6,0.882,0.95,0.882,0.6
129,,0.268,0.15,0.268,0.55,0.832,0.9,0.832,0.55
130,,0.218,0.1,0.218,0.5,0.782,0.85,0.782,0.5
131,,0.168,0.05,0.168,0.45,0.732,0.8,0.732,0.45
132,,0.118,0.0,0.118,0.4,0.682,0.75,0.682,0.4
133,,0.068,-0.05,0.068,0.35,0.632,0.7,0.632,0.35
134,2,0.559,0.95,0.559,0.7,0.841,0.85,0.841,0.7
135,2,1.0,1.0,1.0,1.0,1.0,1.0,1.0,1.0
136,,0.95,0.95,0.95,0.95,0.95,0.95,0.95,0.95
137,,0.9,0.9,0.9,0.9,0.9,0.9,0.9,0.9
138,,0.85,0.85,0.85,0.85,0.85,0.85,0.85,0.85
139,,0.8,0.8,0.8,0.8,0.8,0.8,0.8,0.8
140,,0.75,0.75,0.75,0.75,0.75,0.75,0.75,0.75
141,,0.7,0.7,0.7,0.7,0.7,0.7,0.7,0.7
142,,0.65,0.65,0.65,0.65,0.65,0.65,0.65,0.65
143,,0.6,0.6,0.6,0.6,0.6,0.6,0.6,0.6
144,,0.55,0.55,0.55,0.55,0.55,0.55,0.55,0.55
145,,0.5,0.5,0.5,0.5,0.5,0.5,0.5,0.5
146,,0.45,0.45,0.45,0.45,0.45,0.45,0.45,0.45
147,,0.4,0.4,0.4,0.4,0.4,0.4,0.4,0.4
148,,0.35,0.35,0.35,0.35,0.35,0.35,0.35,0.35
149,,0.3,0.3,0.3,0.3,0.3,0.3,0.3,0.3
150,,0.25,0.25,0.25,0.25,0.25,0.25,0.25,0.25
151,,0.2,0.2,0.2,0.2,0.2,0.2,0.2,0.2
152,,0.15,0.15,0.15,0.15,0.15,0.15,0.15,0.15
153,,0.1,0.1,0.1,0.1,0.1,0.1,0.1,0.1
154,,0.05,0.05,0.05,0.05,0.05,0.05,0.05,0.05
155,,0.0,0.0,0.0,0.0,0.0,0.0,0.0,0.0
156,,-0.05,-0.05,-0.05,-0.05,-0.05,-0.05,-0.05,-0.05
157,5,0.1,0.159,0.3,0.441,0.95,0.441,0.3,0.159
158,5,0.25,0.368,0.65,0.932,1.0,0.932,0.65,0.368
159,,0.2,0.318,0.6,0.882,0.95,0.882,0.6,0.318
160,,0.15,0.268,0.55,0.832,0.9,0.832,0.55,0.268
161,,0.1,0.218,0.5,0.782,0.85,0.782,0.5,0.218
162,,0.05,0.168,0.45,0.732,0.8,0.732,0.45,0.168
163,,0.0,0.118,0.4,0.682,0.75,0.682,0.4,0.118
164,,-0.05,0.068,0.35,0.632,0.7,0.632,0.35,0.068
165,1,0.95,0.559,0.7,0.841,0.85,0.841,0.7,0.559
166,1,1.0,1.0,1.0,1.0,1.0,1.0,1.0,1.0
167,,0.95,0.95,0.95,0.95,0.95,0.95,0.95,0.95
168,,0.9,0.9,0.9,0.9,0.9,0.9,0.9,0.9
169,,0.85,0.85,0.85,0.85,0.85,0.85,0.85,0.85
170,,0.8,0.8,0.8,0.8,0.8,0.8,0.8,0.8
171,,0.75,0.75,0.75,0.75,0.75,0.75,0.75,0.75
172,,0.7,0.7,0.7,0.7,0.7,0.7,0.7,0.7
173,,0.65,0.65,0.65,0.65,0.65,0.65,0.65,0.65
174,,0.6,0.6,0.6,0.6,0.6,0.6,0.6,0.6
175,,0.55,0.55,0.55,0.55,0.55,0.55,0.55,0.55
176,,0.5,0.5,0.5,0.5,0.5,0.5,0.5,0.5
177,,0.45,0.45,0.45,0.45,0.45,0.45,0.45,0.45
178,,0.4,0.4,0.4,0.4,0.4,0.4,0.4,0.4
179,,0.35,0.35,0.35,0.35,0.35,0.35,0.35,0.35
180,,0.3,0.3,0.3,0.3,0.3,0.3,0.3,0.3
181,,0.25,0.25,0.25,0.25,0.25,0.25,0.25,0.25
182,,0.2,0.2,0.2,0.2,0.2,0.2,0.2,0.2
183,,0.15,0.15,0.15,0.15,0.15,0.15,0.15,0.15
184,,0.1,0.1,0.1,0.1,0.1,0.1,0.1,0.1
185,,0.05,0.05,0.05,0.05,0.05,0.05,0.05,0.05
186,,0.0,0.0,0.0,0.0,0.0,0.0,0.0,0.0
187,,-0.05,-0.05,-0.05,-0.05,-0.05,-0.05,-0.05,-0.05
188,6,0.159,0.1,0.159,0.3,0.441,0.95,0.441,0.3
189,6,0.368,0.25,0.368,0.65,0.932,1.0,0.932,0.65
190,,0.318,0.2,0.318,0.6,0.882,0.95,0.882,0.6
191,,0.268,0.15,0.268,0.55,0.832,0.9,0.832,0.55
192,,0.218,0.1,0.218,0.5,0.782,0.85,0.782,0.5
193,,0.168,0.05,0.168,0.45,0.732,0.8,0.732,0.45
194,,0.118,0.0,0.118,0.4,0.682,0.75,0.682,0.4
195,,0.068,-0.05,0.068,0.35,0.632,0.7,0.632,0.35
196,2,0.559,0.95,0.559,0.7,0.841,0.85,0.841,0.7
197,2,1.0,1.0,1.0,1.0,1.0,1.0,1.0,1.0
198,,0.95,0.95,0.95,0.95,0.95,0.95,0.95,0.95
199,,0.9,0.9,0.9,0.9,0.9,0.9,0.9,0.9
200,,0.85,0.85,0.85,0.85,0.85,0.85,0.85,0.85
201,,0.8,0.8,0.8,0.8,0.8,0.8,0.8,0.8
202,,0.75,0.75,0.75,0.75,0.75,0.75,0.75,0.75
203,,0.7,0.7,0.7,0.7,0.7,0.7,0.7,0.7
204,,0.65,0.65,0.65,0.65,0.65,0.65,0.65,0.65
205,,0.6,0.6,0.6,0.6,0.6,0.6,0.6,0.6
206,,0.55,0.55,0.55,0.55,0.55,0.55,0.55,0.55
207,,0.5,0.5,0.5,0.5,0.5,0.5,0.5,0.5
208,,0.45,0.45,0.45,0.45,0.45,0.45,0.45,0.45
209,,0.4,0.4,0.4,0.4,0.4,0.4,0.4,0.4
210,,0.35,0.35,0.35,0.35,0.35,0.35,0.35,0.35
211,,0.3,0.3,0.3,0.3,0.3,0.3,0.3,0.3
212,,0.25,0.25,0.25,0.25,0.25,0.25,0.25,0.25
213,,0.2,0.2,0.2,0.2,0.2,0.2,0.2,0.2
214,,0.15,0.15,0.15,0.15,0.15,0.15,0.15,0.15
215,,0.1,0.1,0.1,0.1,0.1,0.1,0.1,0.1
216,,0.05,0.05,0.05,0.05,0.05,0.05,0.05,0.05
217,,0.0,0.0,0.0,0.0,0.0,0.0,0.0,0.0
218,,-0.05,-0.05,-0.05,-0.05,-0.05,-0.05,-0.05,-0.05
219,3,0.3,0.441,0.95,0.441,0.3,0.159,0.1,0.159
220,3,0.65,0.932,1.0,0.932,0.65,0.368,0.25,0.368
221,,0.6,0.882,0.95,0.882,0.6,0.318,0.2,0.318
222,,0.55,0.832,0.9,0.832,0.55,0.268,0.15,0.268
223,,0.5,0.782,0.85,0.782,0.5,0.218,0.1,0.218
224,,0.45,0.732,0.8,0.732,0.45,0.168,0.05,0.168
225,,0.4,0.682,0.75,0.682,0.4,0.118,0.0,0.118
226,,0.35,0.632,0.7,0.632,0.35,0.068,-0.05,0.068
227,7,0.7,0.841,0.85,0.841,0.7,0.559,0.95,0.559
228,7,1.0,1.0,1.0,1.0,1.0,1.0,1.0,1.0
229,,0.95,0.95,0.95,0.95,0.95,0.95,0.95,0.95
230,,0.9,0.9,0.9,0.9,0.9,0.9,0.9,0.9
231,,0.85,0.85,0.85,0.85,0.85,0.85,0.85,0.85
232,,0.8,0.8,0.8,0.8,0.8,0.8,0.8,0.8
233,,0.75,0.75,0.75,0.75,0.75,0.75,0.75,0.75
234,,0.7,0.7,0.7,0.7,0.7,0.7,0.7,0.7
235,,0.65,0.65,0.65,0.65,0.65,0.65,0.65,0.65
236,,0.6,0.6,0.6,0.6,0.6,0.6,0.6,0.6
237,,0.55,0.55,0.55,0.55,0.55,0.55,0.55,0.55
238,,0.5,0.5,0.5,0.5,0.5,0.5,0.5,0.5
239,,0.45,0.45,0.45,0.45,0.45,0.45,0.45,0.45
240,,0.4,0.4,0.4,0.4,0.4,0.4,0.4,0.4
241,,0.35,0.35,0.35,0.35,0.35,0.35,0.35,0.35
242,,0.3,0.3,0.3,0.3,0.3,0.3,0.3,0.3
243,,0.25,0.25,0.25,0.25,0.25,0.25,0.25,0.25
244,,0.2,0.2,0.2,0.2,0.2,0.2,0.2,0.2
245,,0.15,0.15,0.15,0.15,0.15,0.15,0.15,0.15
246,,0.1,0.1,0.1,0.1,0.1,0.1,0.1,0.1
247,,0.05,0.05,0.05,0.05,0.05,0.05,0.05,0.05
248,,0.0,0.0,0.0,0.0,0.0,0.0,0.0,0.0
249,,-0.05,-0.05,-0.05,-0.05,-0.05,-0.05,-0.05,-0.05
250,4,0.159,0.3,0.441,0.95,0.441,0.3,0.159,0.1
251,4,0.368,0.65,0.932,1.0,0.932,0.65,0.368,0.25
252,,0.318,0.6,0.882,0.95,0.882,0.6,0.318,0.2
253,,0.268,0.55,0.832,0.9,0.832,0.55,0.268,0.15
254,,0.218,0.5,0.782,0.85,0.782,0.5,0.218,0.1
255,,0.168,0.45,0.732,0.8,0.732,0.45,0.168,0.05
256,,0.118,0.4,0.682,0.75,0.682,0.4,0.118,0.0
257,,0.068,0.35,0.632,0.7,0.632,0.35,0.068,-0.05
258,8,0.559,0.7,0.841,0.85,0.841,0.7,0.559,0.95
259,8,1.0,1.0,1.0,1.0,1.0,1.0,1.0,1.0
260,,0.95,0.95,0.95,0.95,0.95,0.95,0.95,0.95
261,,0.9,0.9,0.9,0.9,0.9,0.9,0.9,0.9
262,,0.85,0.85,0.85,0.85,0.85,0.85,0.85,0.85
263,,0.8,0.8,0.8,0.8,0.8,0.8,0.8,0.8
264,,0.75,0.75,0.75,0.75,0.75,0.75,0.75,0.75
265,,0.7,0.7,0.7,0.7,0.7,0.7,0.7,0.7
266,,0.65,0.65,0.65,0.65,0.65,0.65,0.65,0.65
267,,0.6,0.6,0.6,0.6,0.6,0.6,0.6,0.6
268,,0.55,0.55,0.55,0.55,0.55,0.55,0.55,0.55
269,,0.5,0.5,0.5,0.5,0.5,0.5,0.5,0.5
270,,0.45,0.45,0.45,0.45,0.45,0.45,0.45,0.45
271,,0.4,0.4,0.4,0.4,0.4,0.4,0.4,0.4
272,,0.35,0.35,0.35,0.35,0.35,0.35,0.35,0.35
273,,0.3,0.3,0.3,0.3,0.3,0.3,0.3,0.3
274,,0.25,0.25,0.25,0.25,0.25,0.25,0.25,0.25
275,,0.2,0.2,0.2,0.2,0.2,0.2,0.2,0.2
276,,0.15,0.15,0.15,0.15,0.15,0.15,0.15,0.15
277,,0.1,0.1,0.1,0.1,0.1,0.1,0.1,0.1
278,,0.05,0.05,0.05,0.05,0.05,0.05,0.05,0.05
279,,0.0,0.0,0.0,0.0,0.0,0.0,0.0,0.0
280,,-0.05,-0.05,-0.05,-0.05,-0.05,-0.05,-0.05,-0.05
281,1,0.95,0.441,0.3,0.159,0.1,0.159,0.3,0.441
282,1,1.0,0.932,0.65,0.368,0.25,0.368,0.65,0.932
283,,0.95,0.882,0.6,0.318,0.2,0.318,0.6,0.882
284,,0.9,0.832,0.55,0.268,0.15,0.268,0.55,0.832
285,,0.85,0.782,0.5,0.218,0.1,0.218,0.5,0.782
286,,0.8,0.732,0.45,0.168,0.05,0.168,0.45,0.732
287,,0.75,0.682,0.4,0.118,0.0,0.118,0.4,0.682
288,,0.7,0.632,0.35,0.068,-0.05,0.068,0.35,0.632
289,5,0.85,0.841,0.7,0.559,0.95,0.559,0.7,0.841
290,5,1.0,1.0,1.0,1.0,1.0,1.0,1.0,1.0
291,,0.95,0.95,0.95,0.95,0.95,0.95,0.95,0.95
292,,0.9,0.9,0.9,0.9,0.9,0.9,0.9,0.9
293,,0.85,0.85,0.85,0.85,0.85,0.85,0.85,0.85
294,,0.8,0.8,0.8,0.8,0.8,0.8,0.8,0.8
295,,0.75,0.75,0.75,0.75,0.75,0.75,0.75,0.75
296,,0.7,0.7,0.7,0.7,0.7,0.7,0.7,0.7
297,,0.65,0.65,0.65,0.65,0.65,0.65,0.65,0.65
298,,0.6,0.6,0.6,0.6,0.6,0.6,0.6,0.6
299,,0.55,0.55,0.55,0.55,0.55,0.55,0.55,0.55
300,,0.5,0.5,0.5,0.5,0.5,0.5,0.5,0.5
301,,0.45,0.45,0.45,0.45,0.45,0.45,0.45,0.45
302,,0.4,0.4,0.4,0.4,0.4,0.4,0.4,0.4
303,,0.35,0.35,0.35,0.35,0.35,0.35,0.35,0.35
304,,0.3,0.3,0.3,0.3,0.3,0.3,0.3,0.3
305,,0.25,0.25,0.25,0.25,0.25,0.25,0.25,0.25
306,,0.2,0.2,0.2,0.2,0.2,0.2,0.2,0.2
307,,0.15,0.15,0.15,0.15,0.15,0.15,0.15,0.15
308,,0.1,0.1,0.1,0.1,0.1,0.1,0.1,0.1
309,,0.05,0.05,0.05,0.05,0.05,0.05,0.05,0.05
310,,0.0,0.0,0.0,0.0,0.0,0.0,0.0,0.0
311,,-0.05,-0.05,-0.05,-0.05,-0.05,-0.05,-0.05,-0.05
312,5,0.1,0.159,0.3,0.441,0.95,0.441,0.3,0.159
313,5,0.25,0.368,0.65,0.932,1.0,0.932,0.65,0.368
314,,0.2,0.318,0.6,0.882,0.95,0.882,0.6,0.318
315,,0.15,0.268,0.55,0.832,0.9,0.832,0.55,0.268
316,,0.1,0.218,0.5,0.782,0.85,0.782,0.5,0.218
317,,0.05,0.168,0.45,0.732,0.8,0.732,0.45,0.168
318,,0.0,0.118,0.4,0.682,0.75,0.682,0.4,0.118
319,,-0.05,0.068,0.35,0.632,0.7,0.632,0.35,0.068
320,1,0.95,0.559,0.7,0.841,0.85,0.841,0.7,0.559
321,1,1.0,1.0,1.0,1.0,1.0,1.0,1.0,1.0
322,,0.95,0.95,0.95,0.95,0.95,0.95,0.95,0.95
323,,0.9,0.9,0.9,0.9,0.9,0.9,0.9,0.9
324,,0.85,0.85,0.85,0.85,0.85,0.85,0.85,0.85
325,,0.8,0.8,0.8,0.8,0.8,0.8,0.8,0.8
326,,0.75,0.75,0.75,0.75,0.75,0.75,0.75,0.75
327,,0.7,0.7,0.7,0.7,0.7,0.7,0.7,0.7
328,,0.65,0.65,0.65,0.65,0.65,0.65,0.65,0.65
329,,0.6,0.6,0.6,0.6,0.6,0.6,0.6,0.6
330,,0.55,0.55,0.55,0.55,0.55,0.55,0.55,0.55
331,,0.5,0.5,0.5,0.5,0.5,0.5,0.5,0.5
332,,0.45,0.45,0.45,0.45,0.45,0.45,0.45,0.45
333,,0.4,0.4,0.4,0.4,0.4,0.4,0.4,0.4
334,,0.35,0.35,0.35,0.35,0.35,0.35,0.35,0.35
335,,0.3,0.3,0.3,0.3,0.3,0.3,0.3,0.3
336,,0.25,0.25,0.25,0.25,0.25,0.25,0.25,0.25
337,,0.2,0.2,0.2,0.2,0.2,0.2,0.2,0.2
338,,0.15,0.15,0.15,0.15,0.15,0.15,0.15,0.15
339,,0.1,0.1,0.1,0.1,0.1,0.1,0.1,0.1
340,,0.05,0.05,0.05,0.05,0.05,0.05,0.05,0.05
341,,0.0,0.0,0.0,0.0,0.0,0.0,0.0,0.0
342,,-0.05,-0.05,-0.05,-0.05,-0.05,-0.05,-0.05,-0.05
343,8,0.441,0.3,0.159,0.1,0.159,0.3,0.441,0.95
344,8,0.932,0.65,0.368,0.25,0.368,0.65,0.932,1.0
345,,0.882,0.6,0.318,0.2,0.318,0.6,0.882,0.95
346,,0.832,0.55,0.268,0.15,0.268,0.55,0.832,0.9
347,,0.782,0.5,0.218,0.1,0.218,0.5,0.782,0.85
348,,0.732,0.45,0.168,0.05,0.168,0.45,0.732,0.8
349,,0.682,0.4,0.118,0.0,0.118,0.4,0.682,0.75
350,,0.632,0.35,0.068,-0.05,0.068,0.35,0.632,0.7
351,4,0.841,0.7,0.559,0.95,0.559,0.7,0.841,0.85
352,4,1.0,1.0,1.0,1.0,1.0,1.0,1.0,1.0
353,,0.95,0.95,0.95,0.95,0.95,0.95,0.95,0.95
354,,0.9,0.9,0.9,0.9,0.9,0.9,0.9,0.9
355,,0.85,0.85,0.85,0.85,0.85,0.85,0.85,0.85
356,,0.8,0.8,0.8,0.8,0.8,0.8,0.8,0.8
357,,0.75,0.75,0.75,0.75,0.75,0.75,0.75,0.75
358,,0.7,0.7,0.7,0.7,0.7,0.7,0.7,0.7
359,,0.65,0.65,0.65,0.65,0.65,0.65,0.65,0.65
360,,0.6,0.6,0.6,0.6,0.6,0.6,0.6,0.6
361,,0.55,0.55,0.55,0.55,0.55,0.55,0.55,0.55
362,,0.5,0.5,0.5,0.5,0.5,0.5,0.5,0.5
363,,0.45,0.45,0.45,0.45,0.45,0.45,0.45,0.45
364,,0.4,0.4,0.4,0.4,0.4,0.4,0.4,0.4
365,,0.35,0.35,0.35,0.35,0.35,0.35,0.35,0.35
366,,0.3,0.3,0.3,0.3,0.3,0.3,0.3,0.3
367,,0.25,0.25,0.25,0.25,0.25,0.25,0.25,0.25
368,,0.2,0.2,0.2,0.2,0.2,0.2,0.2,0.2
369,,0.15,0.15,0.15,0.15,0.15,0.15,0.15,0.15
370,,0.1,0.1,0.1,0.1,0.1,0.1,0.1,0.1
371,,0.05,0.05,0.05,0.05,0.05,0.05,0.05,0.05
372,,0.0,0.0,0.0,0.0,0.0,0.0,0.0,0.0
373,,-0.05,-0.05,-0.05,-0.05,-0.05,-0.05,-0.05,-0.05
374,5,0.1,0.159,0.3,0.441,0.95,0.441,0.3,0.159
375,5,0.25,0.368,0.65,0.932,1.0,0.932,0.65,0.368
376,,0.2,0.318,0.6,0.882,0.95,0.882,0.6,0.318
377,,0.15,0.268,0.55,0.832,0.9,0.832,0.55,0.268
378,,0.1,0.218,0.5,0.782,0.85,0.782,0.5,0.218
379,,0.05,0.168,0.45,0.732,0.8,0.732,0.45,0.168
380,,0.0,0.118,0.4,0.682,0.75,0.682,0.4,0.118
381,,-0.05,0.068,0.35,0.632,0.7,0.632,0.35,0.068
382,1,0.95,0.559,0.7,0.841,0.85,0.841,0.7,0.559
383,1,1.0,1.0,1.0,1.0,1.0,1.0,1.0,1.0
384,,0.95,0.95,0.95,0.95,0.95,0.95,0.95,0.95
385,,0.9,0.9,0.9,0.9,0.9,0.9,0.9,0.9
386,,0.85,0.85,0.85,0.85,0.85,0.85,0.85,0.85
387,,0.8,0.8,0.8,0.8,0.8,0.8,0.8,0.8
388,,0.75,0.75,0.75,0.75,0.75,0.75,0.75,0.75
389,,0.7,0.7,0.7,0.7,0.7,0.7,0.7,0.7
390,,0.65,0.65,0.65,0.65,0.65,0.65,0.65,0.65
391,,0.6,0.6,0.6,0.6,0.6,0.6,0.6,0.6
392,,0.55,0.55,0.55,0.55,0.55,0.55,0.55,0.55
393,,0.5,0.5,0.5,0.5,0.5,0.5,0.5,0.5
394,,0.45,0.45,0.45,0.45,0.45,0.45,0.45,0.45
395,,0.4,0.4,0.4,0.4,0.4,0.4,0.4,0.4
396,,0.35,0.35,0.35,0.35,0.35,0.35,0.35,0.35
397,,0.3,0.3,0.3,0.3,0.3,0.3,0.3,0.3
398,,0.25,0.25,0.25,0.25,0.25,0.25,0.25,0.25
399,,0.2,0.2,0.2,0.2,0.2,0.2,0.2,0.2
400,,0.15,0.15,0.15,0.15,0.15,0.15,0.15,0.15
401,,0.1,0.1,0.1,0.1,0.1,0.1,0.1,0.1
402,,0.05,0.05,0.05,0.05,0.05,0.05,0.05,0.05
403,,0.0,0.0,0.0,0.0,0.0,0.0,0.0,0.0
404,,-0.05,-0.05,-0.05,-0.05,-0.05,-0.05,-0.05,-0.05
405,1,0.95,0.441,0.3,0.159,0.1,0.159,0.3,0.441
406,1,1.0,0.932,0.65,0.368,0.25,0.368,0.65,0.932
407,,0.95,0.882,0.6,0.318,0.2,0.318,0.6,0.882
408,,0.9,0.832,0.55,0.268,0.15,0.268,0.55,0.832
409,,0.85,0.782,0.5,0.218,0.1,0.218,0.5,0.782
410,,0.8,0.732,0.45,0.168,0.05,0.168,0.45,0.732
411,,0.75,0.682,0.4,0.118,0.0,0.118,0.4,0.682
412,,0.7,0.632,0.35,0.068,-0.05,0.068,0.35,0.632
413,5,0.85,0.841,0.7,0.559,0.95,0.559,0.7,0.841
414,5,1.0,1.0,1.0,1.0,1.0,1.0,1.0,1.0
415,,0.95,0.95,0.95,0.95,0.95,0.95,0.95,0.95
416,,0.9,0.9,0.9,0.9,0.9,0.9,0.9,0.9
417,,0.85,0.85,0.85,0.85,0.85,0.85,0.85,0.85
418,,0.8,0.8,0.8,0.8,0.8,0.8,0.8,0.8
419,,0.75,0.75,0.75,0.75,0.75,0.75,0.75,0.75
420,,0.7,0.7,0.7,0.7,0.7,0.7,0.7,0.7
421,,0.65,0.65,0.65,0.65,0.65,0.65,0.65,0.65
422,,0.6,0.6,0.6,0.6,0.6,0.6,0.6,0.6
423,,0.55,0.55,0.55,0.55,0.55,0.55,0.55,0.55
424,,0.5,0.5,0.5,0.5,0.5,0.5,0.5,0.5
425,,0.45,0.45,0.45,0.45,0.45,0.45,0.45,0.45
426,,0.4,0.4,0.4,0.4,0.4,0.4,0.4,0.4
427,,0.35,0.35,0.35,0.35,0.35,0.35,0.35,0.35
428,,0.3,0.3,0.3,0.3,0.3,0.3,0.3,0.3
429,,0.25,0.25,0.25,0.25,0.25,0.25,0.25,0.25
430,,0.2,0.2,0.2,0.2,0.2,0.2,0.2,0.2
431,,0.15,0.15,0.15,0.15,0.15,0.15,0.15,0.15
432,,0.1,0.1,0.1,0.1,0.1,0.1,0.1,0.1
433,,0.05,0.05,0.05,0.05,0.05,0.05,0.05,0.05
434,,0.0,0.0,0.0,0.0,0.0,0.0,0.0,0.0
435,,-0.05,-0.05,-0.05,-0.05,-0.05,-0.05,-0.05,-0.05
436,6,0.159,0.1,0.159,0.3,0.441,0.95,0.441,0.3
437,6,0.368,0.25,0.368,0.65,0.932,1.0,0.932,0.65
438,,0.318,0.2,0.318,0.6,0.882,0.95,0.882,0.6
439,,0.268,0.15,0.268,0.55,0.832,0.9,0.832,0.55
440,,0.218,0.1,0.218,0.5,0.782,0.85,0.782,0.5
441,,0.168,0.05,0.168,0.45,0.732,0.8,0.732,0.45
442,,0.118,0.0,0.118,0.4,0.682,0.75,0.682,0.4
443,,0.068,-0.05,0.068,0.35,0.632,0.7,0.632,0.35
444,2,0.559,0.95,0.559,0.7,0.841,0.85,0.841,0.7
445,2,1.0,1.0,1.0,1.0,1.0,1.0,1.0,1.0
446,,0.95,0.95,0.95,0.95,0.95,0.95,0.95,0.95
447,,0.9,0.9,0.9,0.9,0.9,0.9,0.9,0.9
448,,0.85,0.85,0.85,0.85,0.85,0.85,0.85,0.85
449,,0.8,0.8,0.8,0.8,0.8,0.8,0.8,0.8
450,,0.75,0.75,0.75,0.75,0.75,0.75,0.75,0.75
451,,0.7,0.7,0.7,0.7,0.7,0.7,0.7,0.7
452,,0.65,0.65,0.65,0.65,0.65,0.65,0.65,0.65
453,,0.6,0.6,0.6,0.6,0.6,0.6,0.6,0.6
454,,0.55,0.55,0.55,0.55,0.55,0.55,0.55,0.55
455,,0.5,0.5,0.5,0.5,0.5,0.5,0.5,0.5
456,,0.45,0.45,0.45,0.45,0.45,0.45,0.45,0.45
457,,0.4,0.4,0.4,0.4,0.4,0.4,0.4,0.4
458,,0.35,0.35,0.35,0.35,0.35,0.35,0.35,0.35
459,,0.3,0.3,0.3,0.3,0.3,0.3,0.3,0.3
460,,0.25,0.25,0.25,0.25,0.25,0.25,0.25,0.25
461,,0.2,0.2,0.2,0.2,0.2,0.2,0.2,0.2
462,,0.15,0.15,0.15,0.15,0.15,0.15,0.15,0.15
463,,0.1,0.1,0.1,0.1,0.1,0.1,0.1,0.1
464,,0.05,0.05,0.05,0.05,0.05,0.05,0.05,0.05
465,,0.0,0.0,0.0,0.0,0.0,0.0,0.0,0.0
466,,-0.05,-0.05,-0.05,-0.05,-0.05,-0.05,-0.05,-0.05
467,5,0.1,0.159,0.3,0.441,0.95,0.441,0.3,0.159
468,5,0.25,0.368,0.65,0.932,1.0,0.932,0.65,0.368
469,,0.2,0.318,0.6,0.882,0.95,0.882,0.6,0.318
470,,0.15,0.268,0.55,0.832,0.9,0.832,0.55,0.268
471,,0.1,0.218,0.5,0.782,0.85,0.782,0.5,0.218
472,,0.05,0.168,0.45,0.732,0.8,0.732,0.45,0.168
473,,0.0,0.118,0.4,0.682,0.75,0.682,0.4,0.118
474,,-0.05,0.068,0.35,0.632,0.7,0.632,0.35,0.068
475,1,0.95,0.559,0.7,0.841,0.85,0.841,0.7,0.559
476,1,1.0,1.0,1.0,1.0,1.0,1.0,1.0,1.0
477,,0.95,0.95,0.95,0.95,0.95,0.95,0.95,0.95
478,,0.9,0.9,0.9,0.9,0.9,0.9,0.9,0.9
479,,0.85,0.85,0.85,0.85,0.85,0.85,0.85,0.85
480,,0.8,0.8,0.8,0.8,0.8,0.8,0.8,0.8
481,,0.75,0.75,0.75,0.75,0.75,0.75,0.75,0.75
482,,0.7,0.7,0.7,0.7,0.7,0.7,0.7,0.7
483,,0.65,0.65,0.65,0.65,0.65,0.65,0.65,0.65
484,,0.6,0.6,0.6,0.6,0.6,0.6,0.6,0.6
485,,0.55,0.55,0.55,0.55,0.55,0.55,0.55,0.55
486,,0.5,0.5,0.5,0.5,0.5,0.5,0.5,0.5
487,,0.45,0.45,0.45,0.45,0.45,0.45,0.45,0.45
488,,0.4,0.4,0.4,0.4,0.4,0.4,0.4,0.4
489,,0.35,0.35,0.35,0.35,0.35,0.35,0.35,0.35
490,,0.3,0.3,0.3,0.3,0.3,0.3,0.3,0.3
491,,0.25,0.25,0.25,0.25,0.25,0.25,0.25,0.25
492,,0.2,0.2,0.2,0.2,0.2,0.2,0.2,0.2
493,,0.15,0.15,0.15,0.15,0.15,0.15,0.15,0.15
494,,0.1,0.1,0.1,0.1,0.1,0.1,0.1,0.1
495,,0.05,0.05,0.05,0.05,0.05,0.05,0.05,0.05
496,,0.0,0.0,0.0,0.0,0.0,0.0,0.0,0.0
497,,-0.05,-0.05,-0.05,-0.05,-0.05,-0.05,-0.05,-0.05
498,7,0.3,0.159,0.1,0.159,0.3,0.441,0.95,0.441
499,7,0.65,0.368,0.25,0.368,0.65,0.932,1.0,0.932
500,,0.6,0.318,0.2,0.318,0.6,0.882,0.95,0.882
501,,0.55,0.268,0.15,0.268,0.55,0.832,0.9,0.832
502,,0.5,0.218,0.1,0.218,0.5,0.782,0.85,0.782
503,,0.45,0.168,0.05,0.168,0.45,0.732,0.8,0.732
504,,0.4,0.118,0.0,0.118,0.4,0.682,0.75,0.682
505,,0.35,0.068,-0.05,0.068,0.35,0.632,0.7,0.632
506,3,0.7,0.559,0.95,0.559,0.7,0.841,0.85,0.841
507,3,1.0,1.0,1.0,1.0,1.0,1.0,1.0,1.0
508,,0.95,0.95,0.95,0.95,0.95,0.95,0.95,0.95
509,,0.9,0.9,0.9,0.9,0.9,0.9,0.9,0.9
510,,0.85,0.85,0.85,0.85,0.85,0.85,0.85,0.85
511,,0.8,0.8,0.8,0.8,0.8,0.8,0.8,0.8
512,,0.75,0.75,0.75,0.75,0.75,0.75,0.75,0.75
513,,0.7,0.7,0.7,0.7,0.7,0.7,0.7,0.7
514,,0.65,0.65,0.65,0.65,0.65,0.65,0.65,0.65
515,,0.6,0.6,0.6,0.6,0.6,0.6,0.6,0.6
516,,0.55,0.55,0.55,0.55,0.55,0.55,0.55,0.55
517,,0.5,0.5,0.5,0.5,0.5,0.5,0.5,0.5
518,,0.45,0.45,0.45,0.45,0.45,0.45,0.45,0.45
519,,0.4,0.4,0.4,0.4,0.4,0.4,0.4,0.4
520,,0.35,0.35,0.35,0.35,0.35,0.35,0.35,0.35
521,,0.3,0.3,0.3,0.3,0.3,0.3,0.3,0.3
522,,0.25,0.25,0.25,0.25,0.25,0.25,0.25,0.25
523,,0.2,0.2,0.2,0.2,0.2,0.2,0.2,0.2
524,,0.15,0.15,0.15,0.15,0.15,0.15,0.15,0.15
525,,0.1,0.1,0.1,0.1,0.1,0.1,0.1,0.1
526,,0.05,0.05,0.05,0.05,0.05,0.05,0.05,0.05
527,,0.0,0.0,0.0,0.0,0.0,0.0,0.0,0.0
528,,-0.05,-0.05,-0.05,-0.05,-0.05,-0.05,-0.05,-0.05
529,3,0.3,0.441,0.95,0.441,0.3,0.159,0.1,0.159
530,3,0.65,0.932,1.0,0.932,0.65,0.368,0.25,0.368
531,,0.6,0.882,0.95,0.882,0.6,0.318,0.2,0.318
532,,0.55,0.832,0.9,0.832,0.55,0.268,0.15,0.268
533,,0.5,0.782,0.85,0.782,0.5,0.218,0.1,0.218
534,,0.45,0.732,0.8,0.732,0.45,0.168,0.05,0.168
535,,0.4,0.682,0.75,0.682,0.4,0.118,0.0,0.118
536,,0.35,0.632,0.7,0.632,0.35,0.068,-0.05,0.068
537,7,0.7,0.841,0.85,0.841,0.7,0.559,0.95,0.559
538,7,1.0,1.0,1.0,1.0,1.0,1.0,1.0,1.0
539,,0.95,0.95,0.95,0.95,0.95,0.95,0.95,0.95
540,,0.9,0.9,0.9,0.9,0.9,0.9,0.9,0.9
541,,0.85,0.85,0.85,0.85,0.85,0.85,0.85,0.85
542,,0.8,0.8,0.8,0.8,0.8,0.8,0.8,0.8
543,,0.75,0.75,0.75,0.75,0.75,0.75,0.75,0.75
544,,0.7,0.7,0.7,0.7,0.7,0.7,0.7,0.7
545,,0.65,0.65,0.65,0.65,0.65,0.65,0.65,0.65
546,,0.6,0.6,0.6,0.6,0.6,0.6,0.6,0.6
547,,0.55,0.55,0.55,0.55,0.55,0.55,0.55,0.55
548,,0.5,0.5,0.5,0.5,0.5,0.5,0.5,0.5
549,,0.45,0.45,0.45,0.45,0.45,0.45,0.45,0.45
550,,0.4,0.4,0.4,0.4,0.4,0.4,0.4,0.4
551,,0.35,0.35,0.35,0.35,0.35,0.35,0.35,0.35
552,,0.3,0.3,0.3,0.3,0.3,0.3,0.3,0.3
553,,0.25,0.25,0.25,0.25,0.25,0.25,0.25,0.25
554,,0.2,0.2,0.2,0.2,0.2,0.2,0.2,0.2
555,,0.15,0.15,0.15,0.15,0.15,0.15,0.15,0.15
556,,0.1,0.1,0.1,0.1,0.1,0.1,0.1,0.1
557,,0.05,0.05,0.05,0.05,0.05,0.05,0.05,0.05
558,,0.0,0.0,0.0,0.0,0.0,0.0,0.0,0.0
559,,-0.05,-0.05,-0.05,-0.05,-0.05,-0.05,-0.05,-0.05
560,4,0.159,0.3,0.441,0.95,0.441,0.3,0.159,0.1
561,4,0.368,0.65,0.932,1.0,0.932,0.65,0.368,0.25
562,,0.318,0.6,0.882,0.95,0.882,0.6,0.318,0.2
563,,0.268,0.55,0.832,0.9,0.832,0.55,0.268,0.15
564,,0.218,0.5,0.782,0.85,0.782,0.5,0.218,0.1
565,,0.168,0.45,0.732,0.8,0.732,0.45,0.168,0.05
566,,0.118,0.4,0.682,0.75,0.682,0.4,0.118,0.0
567,,0.068,0.35,0.632,0.7,0.632,0.35,0.068,-0.05
568,8,0.559,0.7,0.841,0.85,0.841,0.7,0.559,0.95
569,8,1.0,1.0,1.0,1.0,1.0,1.0,1.0,1.0
570,,0.95,0.95,0.95,0.95,0.95,0.95,0.95,0.95
571,,0.9,0.9,0.9,0.9,0.9,0.9,0.9,0.9
572,,0.85,0.85,0.85,0.85,0.85,0.85,0.85,0.85
573,,0.8,0.8,0.8,0.8,0.8,0.8,0.8,0.8
574,,0.75,0.75,0.75,0.75,0.75,0.75,0.75,0.75
575,,0.7,0.7,0.7,0.7,0.7,0.7,0.7,0.7
576,,0.65,0.65,0.65,0.65,0.65,0.65,0.65,0.65
577,,0.6,0.6,0.6,0.6,0.6,0.6,0.6,0.6
578,,0.55,0.55,0.55,0.55,0.55,0.55,0.55,0.55
579,,0.5,0.5,0.5,0.5,0.5,0.5,0.5,0.5
580,,0.45,0.45,0.45,0.45,0.45,0.45,0.45,0.45
581,,0.4,0.4,0.4,0.4,0.4,0.4,0.4,0.4
582,,0.35,0.35,0.35,0.35,0.35,0.35,0.35,0.35
583,,0.3,0.3,0.3,0.3,0.3,0.3,0.3,0.3
584,,0.25,0.25,0.25,0.25,0.25,0.25,0.25,0.25
585,,0.2,0.2,0.2,0.2,0.2,0.2,0.2,0.2
586,,0.15,0.15,0.15,0.15,0.15,0.15,0.15,0.15
587,,0.1,0.1,0.1,0.1,0.1,0.1,0.1,0.1
588,,0.05,0.05,0.05,0.05,0.05,0.05,0.05,0.05
589,,0.0,0.0,0.0,0.0,0.0,0.0,0.0,0.0
590,,-0.05,-0.05,-0.05,-0.05,-0.05,-0.05,-0.05,-0.05
591,1,0.95,0.441,0.3,0.159,0.1,0.159,0.3,0.441
592,1,1.0,0.932,0.65,0.368,0.25,0.368,0.65,0.932
593,,0.95,0.882,0.6,0.318,0.2,0.318,0.6,0.882
594,,0.9,0.832,0.55,0.268,0.15,0.268,0.55,0.832
595,,0.85,0.782,0.5,0.218,0.1,0.218,0.5,0.782
596,,0.8,0.732,0.45,0.168,0.05,0.168,0.45,0.732
597,,0.75,0.682,0.4,0.118,0.0,0.118,0.4,0.682
598,,0.7,0.632,0.35,0.068,-0.05,0.068,0.35,0.632
599,5,0.85,0.841,0.7,0.559,0.95,0.559,0.7,0.841
600,5,1.0,1.0,1.0,1.0,1.0,1.0,1.0,1.0
601,,0.95,0.95,0.95,0.95,0.95,0.95,0.95,0.95
602,,0.9,0.9,0.9,0.9,0.9,0.9,0.9,0.9
603,,0.85,0.85,0.85,0.85,0.85,0.85,0.85,0.85
604,,0.8,0.8,0.8,0.8,0.8,0.8,0.8,0.8
605,,0.75,0.75,0.75,0.75,0.75,0.75,0.75,0.75
606,,0.7,0.7,0.7,0.7,0.7,0.7,0.7,0.7
607,,0.65,0.65,0.65,0.65,0.65,0.65,0.65,0.65
608,,0.6,0.6,0.6,0.6,0.6,0.6,0.6,0.6
609,,0.55,0.55,0.55,0.55,0.55,0.55,0.55,0.55
610,,0.5,0.5,0.5,0.5,0.5,0.5,0.5,0.5
611,,0.45,0.45,0.45,0.45,0.45,0.45,0.45,0.45
612,,0.4,0.4,0.4,0.4,0.4,0.4,0.4,0.4
613,,0.35,0.35,0.35,0.35,0.35,0.35,0.35,0.35
614,,0.3,0.3,0.3,0.3,0.3,0.3,0.3,0.3
615,,0.25,0.25,0.25,0.25,0.25,0.25,0.25,0.25
616,,0.2,0.2,0.2,0.2,0.2,0.2,0.2,0.2
617,,0.15,0.15,0.15,0.15,0.15,0.15,0.15,0.15
618,,0.1,0.1,0.1,0.1,0.1,0.1,0.1,0.1
619,,0.05,0.05,0.05,0.05,0.05,0.05,0.05,0.05
620,,0.0,0.0,0.0,0.0,0.0,0.0,0.0,0.0
621,,-0.05,-0.05,-0.05,-0.05,-0.05,-0.05,-0.05,-0.05
622,4,0.159,0.3,0.441,0.95,0.441,0.3,0.159,0.1
623,4,0.368,0.65,0.932,1.0,0.932,0.65,0.368,0.25
624,,0.318,0.6,0.882,0.95,0.882,0.6,0.318,0.2
625,,0.268,0.55,0.832,0.9,0.832,0.55,0.268,0.15
626,,0.218,0.5,0.782,0.85,0.782,0.5,0.218,0.1
627,,0.168,0.45,0.732,0.8,0.732,0.45,0.168,0.05
628,,0.118,0.4,0.682,0.75,0.682,0.4,0.118,0.0
629,,0.068,0.35,0.632,0.7,0.632,0.35,0.068,-0.05
630,8,0.559,0.7,0.841,0.85,0.841,0.7,0.559,0.95
631,8,1.0,1.0,1.0,1.0,1.0,1.0,1.0,1.0
632,,0.95,0.95,0.95,0.95,0.95,0.95,0.95,0.95
633,,0.9,0.9,0.9,0.9,0.9,0.9,0.9,0.9
634,,0.85,0.85,0.85,0.85,0.85,0.85,0.85,0.85
635,,0.8,0.8,0.8,0.8,0.8,0.8,0.8,0.8
636,,0.75,0.75,0.75,0.75,0.75,0.75,0.75,0.75
637,,0.7,0.7,0.7,0.7,0.7,0.7,0.7,0.7
638,,0.65,0.65,0.65,0.65,0.65,0.65,0.65,0.65
639,,0.6,0.6,0.6,0.6,0.6,0.6,0.6,0.6
640,,0.55,0.55,0.55,0.55,0.55,0.55,0.55,0.55
641,,0.5,0.5,0.5,0.5,0.5,0.5,0.5,0.5
642,,0.45,0.45,0.45,0.45,0.45,0.45,0.45,0.45
643,,0.4,0.4,0.4,0.4,0.4,0.4,0.4,0.4
644,,0.35,0.35,0.35,0.35,0.35,0.35,0.35,0.35
645,,0.3,0.3,0.3,0.3,0.3,0.3,0.3,0.3
646,,0.25,0.25,0.25,0.25,0.25,0.25,0.25,0.25
647,,0.2,0.2,0.2,0.2,0.2,0.2,0.2,0.2
648,,0.15,0.15,0.15,0.15,0.15,0.15,0.15,0.15
649,,0.1,0.1,0.1,0.1,0.1,0.1,0.1,0.1
650,,0.05,0.05,0.05,0.05,0.05,0.05,0.05,0.05
651,,0.0,0.0,0.0,0.0,0.0,0.0,0.0,0.0
652,,-0.05,-0.05,-0.05,-0.05,-0.05,-0.05,-0.05,-0.05
653,7,0.3,0.159,0.1,0.159,0.3,0.441,0.95,0.441
654,7,0.65,0.368,0.25,0.368,0.65,0.932,1.0,0.932
655,,0.6,0.318,0.2,0.318,0.6,0.882,0.95,0.882
656,,0.55,0.268,0.15,0.268,0.55,0.832,0.9,0.832
657,,0.5,0.218,0.1,0.218,0.5,0.782,0.85,0.782
658,,0.45,0.168,0.05,0.168,0.45,0.732,0.8,0.732
659,,0.4,0.118,0.0,0.118,0.4,0.682,0.75,0.682
660,,0.35,0.068,-0.05,0.068,0.35,0.632,0.7,0.632
661,3,0.7,0.559,0.95,0.559,0.7,0.841,0.85,0.841
662,3,1.0,1.0,1.0,1.0,1.0,1.0,1.0,1.0
663,,0.95,0.95,0.95,0.95,0.95,0.95,0.95,0.95
664,,0.9,0.9,0.9,0.9,0.9,0.9,0.9,0.9
665,,0.85,0.85,0.85,0.85,0.85,0.85,0.85,0.85
666,,0.8,0.8,0.8,0.8,0.8,0.8,0.8,0.8
667,,0.75,0.75,0.75,0.75,0.75,0.75,0.75,0.75
668,,0.7,0.7,0.7,0.7,0.7,0.7,0.7,0.7
669,,0.65,0.65,0.65,0.65,0.65,0.65,0.65,0.65
670,,0.6,0.6,0.6,0.6,0.6,0.6,0.6,0.6
671,,0.55,0.55,0.55,0.55,0.55,0.55,0.55,0.55
672,,0.5,0.5,0.5,0.5,0.5,0.5,0.5,0.5
673,,0.45,0.45,0.45,0.45,0.45,0.45,0.45,0.45
674,,0.4,0.4,0.4,0.4,0.4,0.4,0.4,0.4
675,,0.35,0.35,0.35,0.35,0.35,0.35,0.35,0.35
676,,0.3,0.3,0.3,0.3,0.3,0.3,0.3,0.3
677,,0.25,0.25,0.25,0.25,0.25,0.25,0.25,0.25
678,,0.2,0.2,0.2,0.2,0.2,0.2,0.2,0.2
679,,0.15,0.15,0.15,0.15,0.15,0.15,0.15,0.15
680,,0.1,0.1,0.1,0.1,0.1,0.1,0.1,0.1
681,,0.05,0.05,0.05,0.05,0.05,0.05,0.05,0.05
682,,0.0,0.0,0.0,0.0,0.0,0.0,0.0,0.0
683,,-0.05,-0.05,-0.05,-0.05,-0.05,-0.05,-0.05,-0.05
684,5,0.1,0.159,0.3,0.441,0.95,0.441,0.3,0.159
685,5,0.25,0.368,0.65,0.932,1.0,0.932,0.65,0.368
686,,0.2,0.318,0.6,0.882,0.95,0.882,0.6,0.318
687,,0.15,0.268,0.55,0.832,0.9,0.832,0.55,0.268
688,,0.1,0.218,0.5,0.782,0.85,0.782,0.5,0.218
689,,0.05,0.168,0.45,0.732,0.8,0.732,0.45,0.168
690,,0.0,0.118,0.4,0.682,0.75,0.682,0.4,0.118
691,,-0.05,0.068,0.35,0.632,0.7,0.632,0.35,0.068
692,1,0.95,0.559,0.7,0.841,0.85,0.841,0.7,0.559
693,1,1.0,1.0,1.0,1.0,1.0,1.0,1.0,1.0
694,,0.95,0.95,0.95,0.95,0.95,0.95,0.95,0.95
695,,0.9,0.9,0.9,0.9,0.9,0.9,0.9,0.9
696,,0.85,0.85,0.85,0.85,0.85,0.85,0.85,0.85
697,,0.8,0.8,0.8,0.8,0.8,0.8,0.8,0.8
698,,0.75,0.75,0.75,0.75,0.75,0.75,0.75,0.75
699,,0.7,0.7,0.7,0.7,0.7,0.7,0.7,0.7
700,,0.65,0.65,0.65,0.65,0.65,0.65,0.65,0.65
701,,0.6,0.6,0.6,0.6,0.6,0.6,0.6,0.6
702,,0.55,0.55,0.55,0.55,0.55,0.55,0.55,0.55
703,,0.5,0.5,0.5,0.5,0.5,0.5,0.5,0.5
704,,0.45,0.45,0.45,0.45,0.45,0.45,0.45,0.45
705,,0.4,0.4,0.4,0.4,0.4,0.4,0.4,0.4
706,,0.35,0.35,0.35,0.35,0.35,0.35,0.35,0.35
707,,0.3,0.3,0.3,0.3,0.3,0.3,0.3,0.3
708,,0.25,0.25,0.25,0.25,0.25,0.25,0.25,0.25
709,,0.2,0.2,0.2,0.2,0.2,0.2,0.2,0.2
710,,0.15,0.15,0.15,0.15,0.15,0.15,0.15,0.15
711,,0.1,0.1,0.1,0.1,0.1,0.1,0.1,0.1
712,,0.05,0.05,0.05,0.05,0.05,0.05,0.05,0.05
713,,0.0,0.0,0.0,0.0,0.0,0.0,0.0,0.0
714,,-0.05,-0.05,-0.05,-0.05,-0.05,-0.05,-0.05,-0.05
715,5,0.1,0.159,0.3,0.441,0.95,0.441,0.3,0.159
716,5,0.25,0.368,0.65,0.932,1.0,0.932,0.65,0.368
717,,0.2,0.318,0.6,0.882,0.95,0.882,0.6,0.318
718,,0.15,0.268,0.55,0.832,0.9,0.832,0.55,0.268
719,,0.1,0.218,0.5,0.782,0.85,0.782,0.5,0.218
720,,0.05,0.168,0.45,0.732,0.8,0.732,0.45,0.168
721,,0.0,0.118,0.4,0.682,0.75,0.682,0.4,0.118
722,,-0.05,0.068,0.35,0.632,0.7,0.632,0.35,0.068
723,1,0.95,0.559,0.7,0.841,0.85,0.841,0.7,0.559
724,1,1.0,1.0,1.0,1.0,1.0,1.0,1.0,1.0
725,,0.95,0.95,0.95,0.95,0.95,0.95,0.95,0.95
726,,0.9,0.9,0.9,0.9,0.9,0.9,0.9,0.9
727,,0.85,0.85,0.85,0.85,0.85,0.85,0.85,0.85
728,,0.8,0.8,0.8,0.8,0.8,0.8,0.8,0.8
729,,0.75,0.75,0.75,0.75,0.75,0.75,0.75,0.75
730,,0.7,0.7,0.7,0.7,0.7,0.7,0.7,0.7
731,,0.65,0.65,0.65,0.65,0.65,0.65,0.65,0.65
732,,0.6,0.6,0.6,0.6,0.6,0.6,0.6,0.6
733,,0.55,0.55,0.55,0.55,0.55,0.55,0.55,0.55
734,,0.5,0.5,0.5,0.5,0.5,0.5,0.5,0.5
735,,0.45,0.45,0.45,0.45,0.45,0.45,0.45,0.45
736,,0.4,0.4,0.4,0.4,0.4,0.4,0.4,0.4
737,,0.35,0.35,0.35,0.35,0.35,0.35,0.35,0.35
738,,0.3,0.3,0.3,0.3,0.3,0.3,0.3,0.3
739,,0.25,0.25,0.25,0.25,0.25,0.25,0.25,0.25
740,,0.2,0.2,0.2,0.2,0.2,0.2,0.2,0.2
741,,0.15,0.15,0.15,0.15,0.15,0.15,0.15,0.15
742,,0.1,0.1,0.1,0.1,0.1,0.1,0.1,0.1
743,,0.05,0.05,0.05,0.05,0.05,0.05,0.05,0.05
744,,0.0,0.0,0.0,0.0,0.0,0.0,0.0,0.0
745,,-0.05,-0.05,-0.05,-0.05,-0.05,-0.05,-0.05,-0.05
746,8,0.441,0.3,0.159,0.1,0.159,0.3,0.441,0.95
747,8,0.932,0.65,0.368,0.25,0.368,0.65,0.932,1.0
748,,0.882,0.6,0.318,0.2,0.318,0.6,0.882,0.95
749,,0.832,0.55,0.268,0.15,0.268,0.55,0.832,0.9
750,,0.782,0.5,0.218,0.1,0.218,0.5,0.782,0.85
751,,0.732,0.45,0.168,0.05,0.168,0.45,0.732,0.8
752,,0.682,0.4,0.118,0.0,0.118,0.4,0.682,0.75
753,,0.632,0.35,0.068,-0.05,0.068,0.35,0.632,0.7
754,4,0.841,0.7,0.559,0.95,0.559,0.7,0.841,0.85
755,4,1.0,1.0,1.0,1.0,1.0,1.0,1.0,1.0
756,,0.95,0.95,0.95,0.95,0.95,0.95,0.95,0.95
757,,0.9,0.9,0.9,0.9,0.9,0.9,0.9,0.9
758,,0.85,0.85,0.85,0.85,0.85,0.85,0.85,0.85
759,,0.8,0.8,0.8,0.8,0.8,0.8,0.8,0.8
760,,0.75,0.75,0.75,0.75,0.75,0.75,0.75,0.75
761,,0.7,0.7,0.7,0.7,0.7,0.7,0.7,0.7
762,,0.65,0.65,0.65,0.65,0.65,0.65,0.65,0.65
763,,0.6,0.6,0.6,0.6,0.6,0.6,0.6,0.6
764,,0.55,0.55,0.55,0.55,0.55,0.55,0.55,0.55
765,,0.5,0.5,0.5,0.5,0.5,0.5,0.5,0.5
766,,0.45,0.45,0.45,0.45,0.45,0.45,0.45,0.45
767,,0.4,0.4,0.4,0.4,0.4,0.4,0.4,0.4
768,,0.35,0.35,0.35,0.35,0.35,0.35,0.35,0.35
769,,0.3,0.3,0.3,0.3,0.3,0.3,0.3,0.3
770,,0.25,0.25,0.25,0.25,0.25,0.25,0.25,0.25
771,,0.2,0.2,0.2,0.2,0.2,0.2,0.2,0.2
772,,0.15,0.15,0.15,0.15,0.15,0.15,0.15,0.15
773,,0.1,0.1,0.1,0.1,0.1,0.1,0.1,0.1
774,,0.05,0.05,0.05,0.05,0.05,0.05,0.05,0.05
775,,0.0,0.0,0.0,0.0,0.0,0.0,0.0,0.0
776,,-0.05,-0.05,-0.05,-0.05,-0.05,-0.05,-0.05,-0.05
777,7,0.3,0.159,0.1,0.159,0.3,0.441,0.95,0.441
778,7,0.65,0.368,0.25,0.368,0.65,0.932,1.0,0.932
779,,0.6,0.318,0.2,0.318,0.6,0.882,0.95,0.882
780,,0.55,0.268,0.15,0.268,0.55,0.832,0.9,0.832
781,,0.5,0.218,0.1,0.218,0.5,0.782,0.85,0.782
782,,0.45,0.168,0.05,0.168,0.45,0.732,0.8,0.732
783,,0.4,0.118,0.0,0.118,0.4,0.682,0.75,0.682
784,,0.35,0.068,-0.05,0.068,0.35,0.632,0.7,0.632
785,3,0.7,0.559,0.95,0.559,0.7,0.841,0.85,0.841
786,3,1.0,1.0,1.0,1.0,1.0,1.0,1.0,1.0
787,,0.95,0.95,0.95,0.95,0.95,0.95,0.95,0.95
788,,0.9,0.9,0.9,0.9,0.9,0.9,0.9,0.9
789,,0.85,0.85,0.85,0.85,0.85,0.85,0.85,0.85
790,,0.8,0.8,0.8,0.8,0.8,0.8,0.8,0.8
791,,0.75,0.75,0.75,0.75,0.75,0.75,0.75,0.75
792,,0.7,0.7,0.7,0.7,0.7,0.7,0.7,0.7
793,,0.65,0.65,0.65,0.65,0.65,0.65,0.65,0.65
794,,0.6,0.6,0.6,0.6,0.6,0.6,0.6,0.6
795,,0.55,0.55,0.55,0.55,0.55,0.55,0.55,0.55
796,,0.5,0.5,0.5,0.5,0.5,0.5,0.5,0.5
797,,0.45,0.45,0.45,0.45,0.45,0.45,0.45,0.45
798,,0.4,0.4,0.4,0.4,0.4,0.4,0.4,0.4
799,,0.35,0.35,0.35,0.35,0.35,0.35,0.35,0.35
800,,0.3,0.3,0.3,0.3,0.3,0.3,0.3,0.3
801,,0.25,0.25,0.25,0.25,0.25,0.25,0.25,0.25
802,,0.2,0.2,0.2,0.2,0.2,0.2,0.2,0.2
803,,0.15,0.15,0.15,0.15,0.15,0.15,0.15,0.15
804,,0.1,0.1,0.1,0.1,0.1,0.1,0.1,0.1
805,,0.05,0.05,0.05,0.05,0.05,0.05,0.05,0.05
806,,0.0,0.0,0.0,0.0,0.0,0.0,0.0,0.0
807,,-0.05,-0.05,-0.05,-0.05,-0.05,-0.05,-0.05,-0.05
808,1,0.95,0.441,0.3,0.159,0.1,0.159,0.3,0.441
809,1,1.0,0.932,0.65,0.368,0.25,0.368,0.65,0.932
810,,0.95,0.882,0.6,0.318,0.2,0.318,0.6,0.882
811,,0.9,0.832,0.55,0.268,0.15,0.268,0.55,0.832
812,,0.85,0.782,0.5,0.218,0.1,0.218,0.5,0.782
813,,0.8,0.732,0.45,0.168,0.05,0.168,0.45,0.732
814,,0.75,0.682,0.4,0.118,0.0,0.118,0.4,0.682
815,,0.7,0.632,0.35,0.068,-0.05,0.068,0.35,0.632
816,5,0.85,0.841,0.7,0.559,0.95,0.559,0.7,0.841
817,5,1.0,1.0,1.0,1.0,1.0,1.0,1.0,1.0
818,,0.95,0.95,0.95,0.95,0.95,0.95,0.95,0.95
819,,0.9,0.9,0.9,0.9,0.9,0.9,0.9,0.9
820,,0.85,0.85,0.85,0.85,0.85,0.85,0.85,0.85
821,,0.8,0.8,0.8,0.8,0.8,0.8,0.8,0.8
822,,0.75,0.75,0.75,0.75,0.75,0.75,0.75,0.75
823,,0.7,0.7,0.7,0.7,0.7,0.7,0.7,0.7
824,,0.65,0.65,0.65,0.65,0.65,0.65,0.65,0.65
825,,0.6,0.6,0.6,0.6,0.6,0.6,0.6,0.6
826,,0.55,0.55,0.55,0.55,0.55,0.55,0.55,0.55
827,,0.5,0.5,0.5,0.5,0.5,0.5,0.5,0.5
828,,0.45,0.45,0.45,0.45,0.45,0.45,0.45,0.45
829,,0.4,0.4,0.4,0.4,0.4,0.4,0.4,0.4
830,,0.35,0.35,0.35,0.35,0.35,0.35,0.35,0.35
831,,0.3,0.3,0.3,0.3,0.3,0.3,0.3,0.3
832,,0.25,0.25,0.25,0.25,0.25,0.25,0.25,0.25
833,,0.2,0.2,0.2,0.2,0.2,0.2,0.2,0.2
834,,0.15,0.15,0.15,0.15,0.15,0.15,0.15,0.15
835,,0.1,0.1,0.1,0.1,0.1,0.1,0.1,0.1
836,,0.05,0.05,0.05,0.05,0.05,0.05,0.05,0.05
837,,0.0,0.0,0.0,0.0,0.0,0.0,0.0,0.0
838,,-0.05,-0.05,-0.05,-0.05,-0.05,-0.05,-0.05,-0.05
839,8,0.441,0.3,0.159,0.1,0.159,0.3,0.441,0.95
840,8,0.932,0.65,0.368,0.25,0.368,0.65,0.932,1.0
841,,0.882,0.6,0.318,0.2,0.318,0.6,0.882,0.95
842,,0.832,0.55,0.268,0.15,0.268,0.55,0.832,0.9
843,,0.782,0.5,0.218,0.1,0.218,0.5,0.782,0.85
844,,0.732,0.45,0.168,0.05,0.168,0.45,0.732,0.8
845,,0.682,0.4,0.118,0.0,0.118,0.4,0.682,0.75
846,,0.632,0.35,0.068,-0.05,0.068,0.35,0.632,0.7
847,4,0.841,0.7,0.559,0.95,0.559,0.7,0.841,0.85
848,4,1.0,1.0,1.0,1.0,1.0,1.0,1.0,1.0
849,,0.95,0.95,0.95,0.95,0.95,0.95,0.95,0.95
850,,0.9,0.9,0.9,0.9,0.9,0.9,0.9,0.9
851,,0.85,0.85,0.85,0.85,0.85,0.85,0.85,0.85
852,,0.8,0.8,0.8,0.8,0.8,0.8,0.8,0.8
853,,0.75,0.75,0.75,0.75,0.75,0.75,0.75,0.75
854,,0.7,0.7,0.7,0.7,0.7,0.7,0.7,0.7
855,,0.65,0.65,0.65,0.65,0.65,0.65,0.65,0.65
856,,0.6,0.6,0.6,0.6,0.6,0.6,0.6,0.6
857,,0.55,0.55,0.55,0.55,0.55,0.55,0.55,0.55
858,,0.5,0.5,0.5,0.5,0.5,0.5,0.5,0.5
859,,0.45,0.45,0.45,0.45,0.45,0.45,0.45,0.45
860,,0.4,0.4,0.4,0.4,0.4,0.4,0.4,0.4
861,,0.35,0.35,0.35,0.35,0.35,0.35,0.35,0.35
862,,0.3,0.3,0.3,0.3,0.3,0.3,0.3,0.3
863,,0.25,0.25,0.25,0.25,0.25,0.25,0.25,0.25
864,,0.2,0.2,0.2,0.2,0.2,0.2,0.2,0.2
865,,0.15,0.15,0.15,0.15,0.15,0.15,0.15,0.15
866,,0.1,0.1,0.1,0.1,0.1,0.1,0.1,0.1
867,,0.05,0.05,0.05,0.05,0.05,0.05,0.05,0.05
868,,0.0,0.0,0.0,0.0,0.0,0.0,0.0,0.0
869,,-0.05,-0.05,-0.05,-0.05,-0.05,-0.05,-0.05,-0.05
870,3,0.3,0.441,0.95,0.441,0.3,0.159,0.1,0.159
871,3,0.65,0.932,1.0,0.932,0.65,0.368,0.25,0.368
872,,0.6,0.882,0.95,0.882,0.6,0.318,0.2,0.318
873,,0.55,0.832,0.9,0.832,0.55,0.268,0.15,0.268
874,,0.5,0.782,0.85,0.782,0.5,0.218,0.1,0.218
875,,0.45,0.732,0.8,0.732,0.45,0.168,0.05,0.168
876,,0.4,0.682,0.75,0.682,0.4,0.118,0.0,0.118
877,,0.35,0.632,0.7,0.632,0.35,0.068,-0.05,0.068
878,7,0.7,0.841,0.85,0.841,0.7,0.559,0.95,0.559
879,7,1.0,1.0,1.0,1.0,1.0,1.0,1.0,1.0
880,,0.95,0.95,0.95,0.95,0.95,0.95,0.95,0.95
881,,0.9,0.9,0.9,0.9,0.9,0.9,0.9,0.9
882,,0.85,0.85,0.85,0.85,0.85,0.85,0.85,0.85
883,,0.8,0.8,0.8,0.8,0.8,0.8,0.8,0.8
884,,0.75,0.75,0.75,0.75,0.75,0.75,0.75,0.75
885,,0.7,0.7,0.7,0.7,0.7,0.7,0.7,0.7
886,,0.65,0.65,0.65,0.65,0.65,0.65,0.65,0.65
887,,0.6,0.6,0.6,0.6,0.6,0.6,0.6,0.6
888,,0.55,0.55,0.55,0.55,0.55,0.55,0.55,0.55
889,,0.5,0.5,0.5,0.5,0.5,0.5,0.5,0.5
890,,0.45,0.45,0.45,0.45,0.45,0.45,0.45,0.45
891,,0.4,0.4,0.4,0.4,0.4,0.4,0.4,0.4
892,,0.35,0.35,0.35,0.35,0.35,0.35,0.35,0.35
893,,0.3,0.3,0.3,0.3,0.3,0.3,0.3,0.3
894,,0.25,0.25,0.25,0.25,0.25,0.25,0.25,0.25
895,,0.2,0.2,0.2,0.2,0.2,0.2,0.2,0.2
896,,0.15,0.15,0.15,0.15,0.15,0.15,0.15,0.15
897,,0.1,0.1,0.1,0.1,0.1,0.1,0.1,0.1
898,,0.05,0.05,0.05,0.05,0.05,0.05,0.05,0.05
899,,0.0,0.0,0.0,0.0,0.0,0.0,0.0,0.0
900,,-0.05,-0.05,-0.05,-0.05,-0.05,-0.05,-0.05,-0.05
901,8,0.441,0.3,0.159,0.1,0.159,0.3,0.441,0.95
902,8,0.932,0.65,0.368,0.25,0.368,0.65,0.932,1.0
903,,0.882,0.6,0.318,0.2,0.318,0.6,0.882,0.95
904,,0.832,0.55,0.268,0.15,0.268,0.55,0.832,0.9
905,,0.782,0.5,0.218,0.1,0.218,0.5,0.782,0.85
906,,0.732,0.45,0.168,0.05,0.168,0.45,0.732,0.8
907,,0.682,0.4,0.118,0.0,0.118,0.4,0.682,0.75
908,,0.632,0.35,0.068,-0.05,0.068,0.35,0.632,0.7
909,4,0.841,0.7,0.559,0.95,0.559,0.7,0.841,0.85
910,4,1.0,1.0,1.0,1.0,1.0,1.0,1.0,1.0
911,,0.95,0.95,0.95,0.95,0.95,0.95,0.95,0.95
912,,0.9,0.9,0.9,0.9,0.9,0.9,0.9,0.9
913,,0.85,0.85,0.85,0.85,0.85,0.85,0.85,0.85
914,,0.8,0.8,0.8,0.8,0.8,0.8,0.8,0.8
915,,0.75,0.75,0.75,0.75,0.75,0.75,0.75,0.75
916,,0.7,0.7,0.7,0.7,0.7,0.7,0.7,0.7
917,,0.65,0.65,0.65,0.65,0.65,0.65,0.65,0.65
918,,0.6,0.6,0.6,0.6,0.6,0.6,0.6,0.6
919,,0.55,0.55,0.55,0.55,0.55,0.55,0.55,0.55
920,,0.5,0.5,0.5,0.5,0.5,0.5,0.5,0.5
