step,active_motive,motive_1,motive_2,motive_3,motive_4,motive_5,motive_6,motive_7,motive_8
0,,0.07261,0.09759,0.05163,0.0323,0.07952,0.02708,0.0439,0.00785
1,,0.02261,0.04759,0.00163,-0.0177,0.02952,-0.02292,-0.0061,-0.04215
2,8,0.51361,0.39759,0.21063,0.1323,0.23852,0.32708,0.4849,0.95785
3,8,1.0,0.74759,0.41963,0.2823,0.44752,0.67708,0.9759,1.0
4,,0.95,0.69759,0.36963,0.2323,0.39752,0.62708,0.9259,0.95
5,,0.9,0.64759,0.31963,0.1823,0.34752,0.57708,0.8759,0.9
6,,0.85,0.59759,0.26963,0.1323,0.29752,0.52708,0.8259,0.85
7,,0.8,0.54759,0.21963,0.0823,0.24752,0.47708,0.7759,0.8
8,,0.75,0.49759,0.16963,0.0323,0.19752,0.42708,0.7259,0.75
9,,0.7,0.44759,0.11963,-0.0177,0.14752,0.37708,0.6759,0.7
10,4,0.909,0.79759,0.61063,0.9823,0.63852,0.72708,0.8849,0.85
11,4,1.0,1.0,1.0,1.0,1.0,1.0,1.0,1.0
12,,0.95,0.95,0.95,0.95,0.95,0.95,0.95,0.95
13,,0.9,0.9,0.9,0.9,0.9,0.9,0.9,0.9
14,,0.85,0.85,0.85,0.85,0.85,0.85,0.85,0.85
15,,0.8,0.8,0.8,0.8,0.8,0.8,0.8,0.8
16,,0.75,0.75,0.75,0.75,0.75,0.75,0.75,0.75
17,,0.7,0.7,0.7,0.7,0.7,0.7,0.7,0.7
18,,0.65,0.65,0.65,0.65,0.65,0.65,0.65,0.65
19,,0.6,0.6,0.6,0.6,0.6,0.6,0.6,0.6
20,,0.55,0.55,0.55,0.55,0.55,0.55,0.55,0.55
21,,0.5,0.5,0.5,0.5,0.5,0.5,0.5,0.5
22,,0.45,0.45,0.45,0.45,0.45,0.45,0.45,0.45
23,,0.4,0.4,0.4,0.4,0.4,0.4,0.4,0.4
24,,0.35,0.35,0.35,0.35,0.35,0.35,0.35,0.35
25,,0.3,0.3,0.3,0.3,0.3,0.3,0.3,0.3
26,,0.25,0.25,0.25,0.25,0.25,0.25,0.25,0.25
27,,0.2,0.2,0.2,0.2,0.2,0.2,0.2,0.2
28,,0.15,0.15,0.15,0.15,0.15,0.15,0.15,0.15
29,,0.1,0.1,0.1,0.1,0.1,0.1,0.1,0.1
30,,0.05,0.05,0.05,0.05,0.05,0.05,0.05,0.05
31,,0.0,0.0,0.0,0.0,0.0,0.0,0.0,0.0
32,,-0.05,-0.05,-0.05,-0.05,-0.05,-0.05,-0.05,-0.05
33,5,0.1,0.159,0.3,0.441,0.95,0.441,0.3,0.159
34,5,0.25,0.368,0.65,0.932,1.0,0.932,0.65,0.368
35,,0.2,0.318,0.6,0.882,0.95,0.882,0.6,0.318
36,,0.15,0.268,0.55,0.832,0.9,0.832,0.55,0.268
37,,0.1,0.218,0.5,0.782,0.85,0.782,0.5,0.218
38,,0.05,0.168,0.45,0.732,0.8,0.732,0.45,0.168
39,,0.0,0.118,0.4,0.682,0.75,0.682,0.4,0.118
40,,-0.05,0.068,0.35,0.632,0.7,0.632,0.35,0.068
41,1,0.95,0.559,0.7,0.841,0.85,0.841,0.7,0.559
42,1,1.0,1.0,1.0,1.0,1.0,1.0,1.0,1.0
43,,0.95,0.95,0.95,0.95,0.95,0.95,0.95,0.95
44,,0.9,0.9,0.9,0.9,0.9,0.9,0.9,0.9
45,,0.85,0.85,0.85,0.85,0.85,0.85,0.85,0.85
46,,0.8,0.8,0.8,0.8,0.8,0.8,0.8,0.8
47,,0.75,0.75,0.75,0.75,0.75,0.75,0.75,0.75
48,,0.7,0.7,0.7,0.7,0.7,0.7,0.7,0.7
49,,0.65,0.65,0.65,0.65,0.65,0.65,0.65,0.65
50,,0.6,0.6,0.6,0.6,0.6,0.6,0.6,0.6
51,,0.55,0.55,0.55,0.55,0.55,0.55,0.55,0.55
52,,0.5,0.5,0.5,0.5,0.5,0.5,0.5,0.5
53,,0.45,0.45,0.45,0.45,0.45,0.45,0.45,0.45
54,,0.4,0.4,0.4,0.4,0.4,0.4,0.4,0.4
55,,0.35,0.35,0.35,0.35,0.35,0.35,0.35,0.35
56,,0.3,0.3,0.3,0.3,0.3,0.3,0.3,0.3
57,,0.25,0.25,0.25,0.25,0.25,0.25,0.25,0.25
58,,0.2,0.2,0.2,0.2,0.2,0.2,0.2,0.2
59,,0.15,0.15,0.15,0.15,0.15,0.15,0.15,0.15
60,,0.1,0.1,0.1,0.1,0.1,0.1,0.1,0.1
61,,0.05,0.05,0.05,0.05,0.05,0.05,0.05,0.05
62,,0.0,0.0,0.0,0.0,0.0,0.0,0.0,0.0
63,,-0.05,-0.05,-0.05,-0.05,-0.05,-0.05,-0.05,-0.05
64,2,0.441,0.95,0.441,0.3,0.159,0.1,0.159,0.3
65,2,0.932,1.0,0.932,0.65,0.368,0.25,0.368,0.65
66,,0.882,0.95,0.882,0.6,0.318,0.2,0.318,0.6
67,,0.832,0.9,0.832,0.55,0.268,0.15,0.268,0.55
68,,0.782,0.85,0.782,0.5,0.218,0.1,0.218,0.5
69,,0.732,0.8,0.732,0.45,0.168,0.05,0.168,0.45
70,,0.682,0.75,0.682,0.4,0.118,0.0,0.118,0.4
71,,0.632,0.7,0.632,0.35,0.068,-0.05,0.068,0.35
72,6,0.841,0.85,0.841,0.7,0.559,0.95,0.559,0.7
73,6,1.0,1.0,1.0,1.0,1.0,1.0,1.0,1.0
74,,0.95,0.95,0.95,0.95,0.95,0.95,0.95,0.95
75,,0.9,0.9,0.9,0.9,0.9,0.9,0.9,0.9
76,,0.85,0.85,0.85,0.85,0.85,0.85,0.85,0.85
77,,0.8,0.8,0.8,0.8,0.8,0.8,0.8,0.8
78,,0.75,0.75,0.75,0.75,0.75,0.75,0.75,0.75
79,,0.7,0.7,0.7,0.7,0.7,0.7,0.7,0.7
80,,0.65,0.65,0.65,0.65,0.65,0.65,0.65,0.65
81,,0.6,0.6,0.6,0.6,0.6,0.6,0.6,0.6
82,,0.55,0.55,0.55,0.55,0.55,0.55,0.55,0.55
83,,0.5,0.5,0.5,0.5,0.5,0.5,0.5,0.5
84,,0.45,0.45,0.45,0.45,0.45,0.45,0.45,0.45
85,,0.4,0.4,0.4,0.4,0.4,0.4,0.4,0.4
86,,0.35,0.35,0.35,0.35,0.35,0.35,0.35,0.35
87,,0.3,0.3,0.3,0.3,0.3,0.3,0.3,0.3
88,,0.25,0.25,0.25,0.25,0.25,0.25,0.25,0.25
89,,0.2,0.2,0.2,0.2,0.2,0.2,0.2,0.2
90,,0.15,0.15,0.15,0.15,0.15,0.15,0.15,0.15
91,,0.1,0.1,0.1,0.1,0.1,0.1,0.1,0.1
92,,0.05,0.05,0.05,0.05,0.05,0.05,0.05,0.05
93,,0.0,0.0,0.0,0.0,0.0,0.0,0.0,0.0
94,,-0.05,-0.05,-0.05,-0.05,-0.05,-0.05,-0.05,-0.05
95,5,0.1,0.159,0.3,0.441,0.95,0.441,0.3,0.159
96,5,0.25,0.368,0.65,0.932,1.0,0.932,0.65,0.368
97,,0.2,0.318,0.6,0.882,0.95,0.882,0.6,0.318
98,,0.15,0.268,0.55,0.832,0.9,0.832,0.55,0.268
99,,0.1,0.218,0.5,0.782,0.85,0.782,0.5,0.218
100,,0.05,0.168,0.45,0.732,0.8,0.732,0.45,0.168
101,,0.0,0.118,0.4,0.682,0.75,0.682,0.4,0.118
102,,-0.05,0.068,0.35,0.632,0.7,0.632,0.35,0.068
103,1,0.95,0.559,0.7,0.841,0.85,0.841,0.7,0.559
104,1,1.0,1.0,1.0,1.0,1.0,1.0,1.0,1.0
105,,0.95,0.95,0.95,0.95,0.95,0.95,0.95,0.95
106,,0.9,0.9,0.9,0.9,0.9,0.9,0.9,0.9
107,,0.85,0.85,0.85,0.85,0.85,0.85,0.85,0.85
108,,0.8,0.8,0.8,0.8,0.8,0.8,0.8,0.8
109,,0.75,0.75,0.75,0.75,0.75,0.75,0.75,0.75
110,,0.7,0.7,0.7,0.7,0.7,0.7,0.7,0.7
111,,0.65,0.65,0.65,0.65,0.65,0.65,0.65,0.65
112,,0.6,0.6,0.6,0.6,0.6,0.6,0.6,0.6
113,,0.55,0.55,0.55,0.55,0.55,0.55,0.55,0.55
114,,0.5,0.5,0.5,0.5,0.5,0.5,0.5,0.5
115,,0.45,0.45,0.45,0.45,0.45,0.45,0.45,0.45
116,,0.4,0.4,0.4,0.4,0.4,0.4,0.4,0.4
117,,0.35,0.35,0.35,0.35,0.35,0.35,0.35,0.35
118,,0.3,0.3,0.3,0.3,0.3,0.3,0.3,0.3
119,,0.25,0.25,0.25,0.25,0.25,0.25,0.25,0.25
120,,0.2,0.2,0.2,0.2,0.2,0.2,0.2,0.2
121,,0.15,0.15,0.15,0.15,0.15,0.15,0.15,0.15
122,,0.1,0.1,0.1,0.1,0.1,0.1,0.1,0.1
123,,0.05,0.05,0.05,0.05,0.05,0.05,0.05,0.05
124,,0.0,0.0,0.0,0.0,0.0,0.0,0.0,0.0
125,,-0.05,-0.05,-0.05,-0.05,-0.05,-0.05,-0.05,-0.05
126,6,0.159,0.1,0.159,0.3,0.441,0.95,0.441,0.3
127,6,0.368,0.25,0.368,0.65,0.932,1.0,0.932,0.65
128,,0.318,0.2,0.318,0.6,0.882,0.95,0.882,0.6
129,,0.268,0.15,0.268,0.55,0.832,0.9,0.832,0.55
130,,0.218,0.1,0.218,0.5,0.782,0.85,0.782,0.5
131,,0.168,0.05,0.168,0.45,0.732,0.8,0.732,0.45
132,,0.118,0.0,0.118,0.4,0.682,0.75,0.682,0.4
133,,0.068,-0.05,0.068,0.35,0.632,0.7,0.632,0.35
134,2,0.559,0.95,0.559,0.7,0.841,0.85,0.841,0.7
135,2,1.0,1.0,1.0,1.0,1.0,1.0,1.0,1.0
136,,0.95,0.95,0.95,0.95,0.95,0.95,0.95,0.95
137,,0.9,0.9,0.9,0.9,0.9,0.9,0.9,0.9
138,,0.85,0.85,0.85,0.85,0.85,0.85,0.85,0.85
139,,0.8,0.8,0.8,0.8,0.8,0.8,0.8,0.8
140,,0.75,0.75,0.75,0.75,0.75,0.75,0.75,0.75
141,,0.7,0.7,0.7,0.7,0.7,0.7,0.7,0.7
142,,0.65,0.65,0.65,0.65,0.65,0.65,0.65,0.65
143,,0.6,0.6,0.6,0.6,0.6,0.6,0.6,0.6
144,,0.55,0.55,0.55,0.55,0.55,0.55,0.55,0.55
145,,0.5,0.5,0.5,0.5,0.5,0.5,0.5,0.5
146,,0.45,0.45,0.45,0.45,0.45,0.45,0.45,0.45
147,,0.4,0.4,0.4,0.4,0.4,0.4,0.4,0.4
148,,0.35,0.35,0.35,0.35,0.35,0.35,0.35,0.35
149,,0.3,0.3,0.3,0.3,0.3,0.3,0.3,0.3
150,,0.25,0.25,0.25,0.25,0.25,0.25,0.25,0.25
151,,0.2,0.2,0.2,0.2,0.2,0.2,0.2,0.2
152,,0.15,0.15,0.15,0.15,0.15,0.15,0.15,0.15
153,,0.1,0.1,0.1,0.1,0.1,0.1,0.1,0.1
154,,0.05,0.05,0.05,0.05,0.05,0.05,0.05,0.05
155,,0.0,0.0,0.0,0.0,0.0,0.0,0.0,0.0
156,,-0.05,-0.05,-0.05,-0.05,-0.05,-0.05,-0.05,-0.05
157,7,0.3,0.159,0.1,0.159,0.3,0.441,0.95,0.441
158,7,0.65,0.368,0.25,0.368,0.65,0.932,1.0,0.932
159,,0.6,0.318,0.2,0.318,0.6,0.882,0.95,0.882
160,,0.55,0.268,0.15,0.268,0.55,0.832,0.9,0.832
161,,0.5,0.218,0.1,0.218,0.5,0.782,0.85,0.782
162,,0.45,0.168,0.05,0.168,0.45,0.732,0.8,0.732
163,,0.4,0.118,0.0,0.118,0.4,0.682,0.75,0.682
164,,0.35,0.068,-0.05,0.068,0.35,0.632,0.7,0.632
165,3,0.7,0.559,0.95,0.559,0.7,0.841,0.85,0.841
166,3,1.0,1.0,1.0,1.0,1.0,1.0,1.0,1.0
167,,0.95,0.95,0.95,0.95,0.95,0.95,0.95,0.95
168,,0.9,0.9,0.9,0.9,0.9,0.9,0.9,0.9
169,,0.85,0.85,0.85,0.85,0.85,0.85,0.85,0.85
170,,0.8,0.8,0.8,0.8,0.8,0.8,0.8,0.8
171,,0.75,0.75,0.75,0.75,0.75,0.75,0.75,0.75
172,,0.7,0.7,0.7,0.7,0.7,0.7,0.7,0.7
173,,0.65,0.65,0.65,0.65,0.65,0.65,0.65,0.65
174,,0.6,0.6,0.6,0.6,0.6,0.6,0.6,0.6
175,,0.55,0.55,0.55,0.55,0.55,0.55,0.55,0.55
176,,0.5,0.5,0.5,0.5,0.5,0.5,0.5,0.5
177,,0.45,0.45,0.45,0.45,0.45,0.45,0.45,0.45
178,,0.4,0.4,0.4,0.4,0.4,0.4,0.4,0.4
179,,0.35,0.35,0.35,0.35,0.35,0.35,0.35,0.35
180,,0.3,0.3,0.3,0.3,0.3,0.3,0.3,0.3
181,,0.25,0.25,0.25,0.25,0.25,0.25,0.25,0.25
182,,0.2,0.2,0.2,0.2,0.2,0.2,0.2,0.2
183,,0.15,0.15,0.15,0.15,0.15,0.15,0.15,0.15
184,,0.1,0.1,0.1,0.1,0.1,0.1,0.1,0.1
185,,0.05,0.05,0.05,0.05,0.05,0.05,0.05,0.05
186,,0.0,0.0,0.0,0.0,0.0,0.0,0.0,0.0
187,,-0.05,-0.05,-0.05,-0.05,-0.05,-0.05,-0.05,-0.05
188,7,0.3,0.159,0.1,0.159,0.3,0.441,0.95,0.441
189,7,0.65,0.368,0.25,0.368,0.65,0.932,1.0,0.932
190,,0.6,0.318,0.2,0.318,0.6,0.882,0.95,0.882
191,,0.55,0.268,0.15,0.268,0.55,0.832,0.9,0.832
192,,0.5,0.218,0.1,0.218,0.5,0.782,0.85,0.782
193,,0.45,0.168,0.05,0.168,0.45,0.732,0.8,0.732
194,,0.4,0.118,0.0,0.118,0.4,0.682,0.75,0.682
195,,0.35,0.068,-0.05,0.068,0.35,0.632,0.7,0.632
196,3,0.7,0.559,0.95,0.559,0.7,0.841,0.85,0.841
197,3,1.0,1.0,1.0,1.0,1.0,1.0,1.0,1.0
198,,0.95,0.95,0.95,0.95,0.95,0.95,0.95,0.95
199,,0.9,0.9,0.9,0.9,0.9,0.9,0.9,0.9
200,,0.85,0.85,0.85,0.85,0.85,0.85,0.85,0.85
201,,0.8,0.8,0.8,0.8,0.8,0.8,0.8,0.8
202,,0.75,0.75,0.75,0.75,0.75,0.75,0.75,0.75
203,,0.7,0.7,0.7,0.7,0.7,0.7,0.7,0.7
204,,0.65,0.65,0.65,0.65,0.65,0.65,0.65,0.65
205,,0.6,0.6,0.6,0.6,0.6,0.6,0.6,0.6
206,,0.55,0.55,0.55,0.55,0.55,0.55,0.55,0.55
207,,0.5,0.5,0.5,0.5,0.5,0.5,0.5,0.5
208,,0.45,0.45,0.45,0.45,0.45,0.45,0.45,0.45
209,,0.4,0.4,0.4,0.4,0.4,0.4,0.4,0.4
210,,0.35,0.35,0.35,0.35,0.35,0.35,0.35,0.35
211,,0.3,0.3,0.3,0.3,0.3,0.3,0.3,0.3
212,,0.25,0.25,0.25,0.25,0.25,0.25,0.25,0.25
213,,0.2,0.2,0.2,0.2,0.2,0.2,0.2,0.2
214,,0.15,0.15,0.15,0.15,0.15,0.15,0.15,0.15
215,,0.1,0.1,0.1,0.1,0.1,0.1,0.1,0.1
216,,0.05,0.05,0.05,0.05,0.05,0.05,0.05,0.05
217,,0.0,0.0,0.0,0.0,0.0,0.0,0.0,0.0
218,,-0.05,-0.05,-0.05,-0.05,-0.05,-0.05,-0.05,-0.05
219,1,0.95,0.441,0.3,0.159,0.1,0.159,0.3,0.441
220,1,1.0,0.932,0.65,0.368,0.25,0.368,0.65,0.932
221,,0.95,0.882,0.6,0.318,0.2,0.318,0.6,0.882
222,,0.9,0.832,0.55,0.268,0.15,0.268,0.55,0.832
223,,0.85,0.782,0.5,0.218,0.1,0.218,0.5,0.782
224,,0.8,0.732,0.45,0.168,0.05,0.168,0.45,0.732
225,,0.75,0.682,0.4,0.118,0.0,0.118,0.4,0.682
226,,0.7,0.632,0.35,0.068,-0.05,0.068,0.35,0.632
227,5,0.85,0.841,0.7,0.559,0.95,0.559,0.7,0.841
228,5,1.0,1.0,1.0,1.0,1.0,1.0,1.0,1.0
229,,0.95,0.95,0.95,0.95,0.95,0.95,0.95,0.95
230,,0.9,0.9,0.9,0.9,0.9,0.9,0.9,0.9
231,,0.85,0.85,0.85,0.85,0.85,0.85,0.85,0.85
232,,0.8,0.8,0.8,0.8,0.8,0.8,0.8,0.8
233,,0.75,0.75,0.75,0.75,0.75,0.75,0.75,0.75
234,,0.7,0.7,0.7,0.7,0.7,0.7,0.7,0.7
235,,0.65,0.65,0.65,0.65,0.65,0.65,0.65,0.65
236,,0.6,0.6,0.6,0.6,0.6,0.6,0.6,0.6
237,,0.55,0.55,0.55,0.55,0.55,0.55,0.55,0.55
238,,0.5,0.5,0.5,0.5,0.5,0.5,0.5,0.5
239,,0.45,0.45,0.45,0.45,0.45,0.45,0.45,0.45
240,,0.4,0.4,0.4,0.4,0.4,0.4,0.4,0.4
241,,0.35,0.35,0.35,0.35,0.35,0.35,0.35,0.35
242,,0.3,0.3,0.3,0.3,0.3,0.3,0.3,0.3
243,,0.25,0.25,0.25,0.25,0.25,0.25,0.25,0.25
244,,0.2,0.2,0.2,0.2,0.2,0.2,0.2,0.2
245,,0.15,0.15,0.15,0.15,0.15,0.15,0.15,0.15
246,,0.1,0.1,0.1,0.1,0.1,0.1,0.1,0.1
247,,0.05,0.05,0.05,0.05,0.05,0.05,0.05,0.05
248,,0.0,0.0,0.0,0.0,0.0,0.0,0.0,0.0
249,,-0.05,-0.05,-0.05,-0.05,-0.05,-0.05,-0.05,-0.05
250,4,0.159,0.3,0.441,0.95,0.441,0.3,0.159,0.1
251,4,0.368,0.65,0.932,1.0,0.932,0.65,0.368,0.25
252,,0.318,0.6,0.882,0.95,0.882,0.6,0.318,0.2
253,,0.268,0.55,0.832,0.9,0.832,0.55,0.268,0.15
254,,0.218,0.5,0.782,0.85,0.782,0.5,0.218,0.1
255,,0.168,0.45,0.732,0.8,0.732,0.45,0.168,0.05
256,,0.118,0.4,0.682,0.75,0.682,0.4,0.118,0.0
257,,0.068,0.35,0.632,0.7,0.632,0.35,0.068,-0.05
258,8,0.559,0.7,0.841,0.85,0.841,0.7,0.559,0.95
259,8,1.0,1.0,1.0,1.0,1.0,1.0,1.0,1.0
260,,0.95,0.95,0.95,0.95,0.95,0.95,0.95,0.95
261,,0.9,0.9,0.9,0.9,0.9,0.9,0.9,0.9
262,,0.85,0.85,0.85,0.85,0.85,0.85,0.85,0.85
263,,0.8,0.8,0.8,0.8,0.8,0.8,0.8,0.8
264,,0.75,0.75,0.75,0.75,0.75,0.75,0.75,0.75
265,,0.7,0.7,0.7,0.7,0.7,0.7,0.7,0.7
266,,0.65,0.65,0.65,0.65,0.65,0.65,0.65,0.65
267,,0.6,0.6,0.6,0.6,0.6,0.6,0.6,0.6
268,,0.55,0.55,0.55,0.55,0.55,0.55,0.55,0.55
269,,0.5,0.5,0.5,0.5,0.5,0.5,0.5,0.5
270,,0.45,0.45,0.45,0.45,0.45,0.45,0.45,0.45
271,,0.4,0.4,0.4,0.4,0.4,0.4,0.4,0.4
272,,0.35,0.35,0.35,0.35,0.35,0.35,0.35,0.35
273,,0.3,0.3,0.3,0.3,0.3,0.3,0.3,0.3
274,,0.25,0.25,0.25,0.25,0.25,0.25,0.25,0.25
275,,0.2,0.2,0.2,0.2,0.2,0.2,0.2,0.2
276,,0.15,0.15,0.15,0.15,0.15,0.15,0.15,0.15
277,,0.1,0.1,0.1,0.1,0.1,0.1,0.1,0.1
278,,0.05,0.05,0.05,0.05,0.05,0.05,0.05,0.05
279,,0.0,0.0,0.0,0.0,0.0,0.0,0.0,0.0
280,,-0.05,-0.05,-0.05,-0.05,-0.05,-0.05,-0.05,-0.05
281,5,0.1,0.159,0.3,0.441,0.95,0.441,0.3,0.159
282,5,0.25,0.368,0.65,0.932,1.0,0.932,0.65,0.368
283,,0.2,0.318,0.6,0.882,0.95,0.882,0.6,0.318
284,,0.15,0.268,0.55,0.832,0.9,0.832,0.55,0.268
285,,0.1,0.218,0.5,0.782,0.85,0.782,0.5,0.218
286,,0.05,0.168,0.45,0.732,0.8,0.732,0.45,0.168
287,,0.0,0.118,0.4,0.682,0.75,0.682,0.4,0.118
288,,-0.05,0.068,0.35,0.632,0.7,0.632,0.35,0.068
289,1,0.95,0.559,0.7,0.841,0.85,0.841,0.7,0.559
290,1,1.0,1.0,1.0,1.0,1.0,1.0,1.0,1.0
291,,0.95,0.95,0.95,0.95,0.95,0.95,0.95,0.95
292,,0.9,0.9,0.9,0.9,0.9,0.9,0.9,0.9
293,,0.85,0.85,0.85,0.85,0.85,0.85,0.85,0.85
294,,0.8,0.8,0.8,0.8,0.8,0.8,0.8,0.8
295,,0.75,0.75,0.75,0.75,0.75,0.75,0.75,0.75
296,,0.7,0.7,0.7,0.7,0.7,0.7,0.7,0.7
297,,0.65,0.65,0.65,0.65,0.65,0.65,0.65,0.65
298,,0.6,0.6,0.6,0.6,0.6,0.6,0.6,0.6
299,,0.55,0.55,0.55,0.55,0.55,0.55,0.55,0.55
300,,0.5,0.5,0.5,0.5,0.5,0.5,0.5,0.5
301,,0.45,0.45,0.45,0.45,0.45,0.45,0.45,0.45
302,,0.4,0.4,0.4,0.4,0.4,0.4,0.4,0.4
303,,0.35,0.35,0.35,0.35,0.35,0.35,0.35,0.35
304,,0.3,0.3,0.3,0.3,0.3,0.3,0.3,0.3
305,,0.25,0.25,0.25,0.25,0.25,0.25,0.25,0.25
306,,0.2,0.2,0.2,0.2,0.2,0.2,0.2,0.2
307,,0.15,0.15,0.15,0.15,0.15,0.15,0.15,0.15
308,,0.1,0.1,0.1,0.1,0.1,0.1,0.1,0.1
309,,0.05,0.05,0.05,0.05,0.05,0.05,0.05,0.05
310,,0.0,0.0,0.0,0.0,0.0,0.0,0.0,0.0
311,,-0.05,-0.05,-0.05,-0.05,-0.05,-0.05,-0.05,-0.05
312,1,0.95,0.441,0.3,0.159,0.1,0.159,0.3,0.441
313,1,1.0,0.932,0.65,0.368,0.25,0.368,0.65,0.932
314,,0.95,0.882,0.6,0.318,0.2,0.318,0.6,0.882
315,,0.9,0.832,0.55,0.268,0.15,0.268,0.55,0.832
316,,0.85,0.782,0.5,0.218,0.1,0.218,0.5,0.782
317,,0.8,0.732,0.45,0.168,0.05,0.168,0.45,0.732
318,,0.75,0.682,0.4,0.118,0.0,0.118,0.4,0.682
319,,0.7,0.632,0.35,0.068,-0.05,0.068,0.35,0.632
320,5,0.85,0.841,0.7,0.559,0.95,0.559,0.7,0.841
321,5,1.0,1.0,1.0,1.0,1.0,1.0,1.0,1.0
322,,0.95,0.95,0.95,0.95,0.95,0.95,0.95,0.95
323,,0.9,0.9,0.9,0.9,0.9,0.9,0.9,0.9
324,,0.85,0.85,0.85,0.85,0.85,0.85,0.85,0.85
325,,0.8,0.8,0.8,0.8,0.8,0.8,0.8,0.8
326,,0.75,0.75,0.75,0.75,0.75,0.75,0.75,0.75
327,,0.7,0.7,0.7,0.7,0.7,0.7,0.7,0.7
328,,0.65,0.65,0.65,0.65,0.65,0.65,0.65,0.65
329,,0.6,0.6,0.6,0.6,0.6,0.6,0.6,0.6
330,,0.55,0.55,0.55,0.55,0.55,0.55,0.55,0.55
331,,0.5,0.5,0.5,0.5,0.5,0.5,0.5,0.5
332,,0.45,0.45,0.45,0.45,0.45,0.45,0.45,0.45
333,,0.4,0.4,0.4,0.4,0.4,0.4,0.4,0.4
334,,0.35,0.35,0.35,0.35,0.35,0.35,0.35,0.35
335,,0.3,0.3,0.3,0.3,0.3,0.3,0.3,0.3
336,,0.25,0.25,0.25,0.25,0.25,0.25,0.25,0.25
337,,0.2,0.2,0.2,0.2,0.2,0.2,0.2,0.2
338,,0.15,0.15,0.15,0.15,0.15,0.15,0.15,0.15
339,,0.1,0.1,0.1,0.1,0.1,0.1,0.1,0.1
340,,0.05,0.05,0.05,0.05,0.05,0.05,0.05,0.05
341,,0.0,0.0,0.0,0.0,0.0,0.0,0.0,0.0
342,,-0.05,-0.05,-0.05,-0.05,-0.05,-0.05,-0.05,-0.05
343,2,0.441,0.95,0.441,0.3,0.159,0.1,0.159,0.3
344,2,0.932,1.0,0.932,0.65,0.368,0.25,0.368,0.65
345,,0.882,0.95,0.882,0.6,0.318,0.2,0.318,0.6
346,,0.832,0.9,0.832,0.55,0.268,0.15,0.268,0.55
347,,0.782,0.85,0.782,0.5,0.218,0.1,0.218,0.5
348,,0.732,0.8,0.732,0.45,0.168,0.05,0.168,0.45
349,,0.682,0.75,0.682,0.4,0.118,0.0,0.118,0.4
350,,0.632,0.7,0.632,0.35,0.068,-0.05,0.068,0.35
351,6,0.841,0.85,0.841,0.7,0.559,0.95,0.559,0.7
352,6,1.0,1.0,1.0,1.0,1.0,1.0,1.0,1.0
353,,0.95,0.95,0.95,0.95,0.95,0.95,0.95,0.95
354,,0.9,0.9,0.9,0.9,0.9,0.9,0.9,0.9
355,,0.85,0.85,0.85,0.85,0.85,0.85,0.85,0.85
356,,0.8,0.8,0.8,0.8,0.8,0.8,0.8,0.8
357,,0.75,0.75,0.75,0.75,0.75,0.75,0.75,0.75
358,,0.7,0.7,0.7,0.7,0.7,0.7,0.7,0.7
359,,0.65,0.65,0.65,0.65,0.65,0.65,0.65,0.65
360,,0.6,0.6,0.6,0.6,0.6,0.6,0.6,0.6
361,,0.55,0.55,0.55,0.55,0.55,0.55,0.55,0.55
362,,0.5,0.5,0.5,0.5,0.5,0.5,0.5,0.5
363,,0.45,0.45,0.45,0.45,0.45,0.45,0.45,0.45
364,,0.4,0.4,0.4,0.4,0.4,0.4,0.4,0.4
365,,0.35,0.35,0.35,0.35,0.35,0.35,0.35,0.35
366,,0.3,0.3,0.3,0.3,0.3,0.3,0.3,0.3
367,,0.25,0.25,0.25,0.25,0.25,0.25,0.25,0.25
368,,0.2,0.2,0.2,0.2,0.2,0.2,0.2,0.2
369,,0.15,0.15,0.15,0.15,0.15,0.15,0.15,0.15
370,,0.1,0.1,0.1,0.1,0.1,0.1,0.1,0.1
371,,0.05,0.05,0.05,0.05,0.05,0.05,0.05,0.05
372,,0.0,0.0,0.0,0.0,0.0,0.0,0.0,0.0
373,,-0.05,-0.05,-0.05,-0.05,-0.05,-0.05,-0.05,-0.05
374,2,0.441,0.95,0.441,0.3,0.159,0.1,0.159,0.3
375,2,0.932,1.0,0.932,0.65,0.368,0.25,0.368,0.65
376,,0.882,0.95,0.882,0.6,0.318,0.2,0.318,0.6
377,,0.832,0.9,0.832,0.55,0.268,0.15,0.268,0.55
378,,0.782,0.85,0.782,0.5,0.218,0.1,0.218,0.5
379,,0.732,0.8,0.732,0.45,0.168,0.05,0.168,0.45
380,,0.682,0.75,0.682,0.4,0.118,0.0,0.118,0.4
381,,0.632,0.7,0.632,0.35,0.068,-0.05,0.068,0.35
382,6,0.841,0.85,0.841,0.7,0.559,0.95,0.559,0.7
383,6,1.0,1.0,1.0,1.0,1.0,1.0,1.0,1.0
384,,0.95,0.95,0.95,0.95,0.95,0.95,0.95,0.95
385,,0.9,0.9,0.9,0.9,0.9,0.9,0.9,0.9
386,,0.85,0.85,0.85,0.85,0.85,0.85,0.85,0.85
387,,0.8,0.8,0.8,0.8,0.8,0.8,0.8,0.8
388,,0.75,0.75,0.75,0.75,0.75,0.75,0.75,0.75
389,,0.7,0.7,0.7,0.7,0.7,0.7,0.7,0.7
390,,0.65,0.65,0.65,0.65,0.65,0.65,0.65,0.65
391,,0.6,0.6,0.6,0.6,0.6,0.6,0.6,0.6
392,,0.55,0.55,0.55,0.55,0.55,0.55,0.55,0.55
393,,0.5,0.5,0.5,0.5,0.5,0.5,0.5,0.5
394,,0.45,0.45,0.45,0.45,0.45,0.45,0.45,0.45
395,,0.4,0.4,0.4,0.4,0.4,0.4,0.4,0.4
396,,0.35,0.35,0.35,0.35,0.35,0.35,0.35,0.35
397,,0.3,0.3,0.3,0.3,0.3,0.3,0.3,0.3
398,,0.25,0.25,0.25,0.25,0.25,0.25,0.25,0.25
399,,0.2,0.2,0.2,0.2,0.2,0.2,0.2,0.2
400,,0.15,0.15,0.15,0.15,0.15,0.15,0.15,0.15
401,,0.1,0.1,0.1,0.1,0.1,0.1,0.1,0.1
402,,0.05,0.05,0.05,0.05,0.05,0.05,0.05,0.05
403,,0.0,0.0,0.0,0.0,0.0,0.0,0.0,0.0
404,,-0.05,-0.05,-0.05,-0.05,-0.05,-0.05,-0.05,-0.05
405,1,0.95,0.441,0.3,0.159,0.1,0.159,0.3,0.441
406,1,1.0,0.932,0.65,0.368,0.25,0.368,0.65,0.932
407,,0.95,0.882,0.6,0.318,0.2,0.318,0.6,0.882
408,,0.9,0.832,0.55,0.268,0.15,0.268,0.55,0.832
409,,0.85,0.782,0.5,0.218,0.1,0.218,0.5,0.782
410,,0.8,0.732,0.45,0.168,0.05,0.168,0.45,0.732
411,,0.75,0.682,0.4,0.118,0.0,0.118,0.4,0.682
412,,0.7,0.632,0.35,0.068,-0.05,0.068,0.35,0.632
413,5,0.85,0.841,0.7,0.559,0.95,0.559,0.7,0.841
414,5,1.0,1.0,1.0,1.0,1.0,1.0,1.0,1.0
415,,0.95,0.95,0.95,0.95,0.95,0.95,0.95,0.95
416,,0.9,0.9,0.9,0.9,0.9,0.9,0.9,0.9
417,,0.85,0.85,0.85,0.85,0.85,0.85,0.85,0.85
418,,0.8,0.8,0.8,0.8,0.8,0.8,0.8,0.8
419,,0.75,0.75,0.75,0.75,0.75,0.75,0.75,0.75
420,,0.7,0.7,0.7,0.7,0.7,0.7,0.7,0.7
421,,0.65,0.65,0.65,0.65,0.65,0.65,0.65,0.65
422,,0.6,0.6,0.6,0.6,0.6,0.6,0.6,0.6
423,,0.55,0.55,0.55,0.55,0.55,0.55,0.55,0.55
424,,0.5,0.5,0.5,0.5,0.5,0.5,0.5,0.5
425,,0.45,0.45,0.45,0.45,0.45,0.45,0.45,0.45
426,,0.4,0.4,0.4,0.4,0.4,0.4,0.4,0.4
427,,0.35,0.35,0.35,0.35,0.35,0.35,0.35,0.35
428,,0.3,0.3,0.3,0.3,0.3,0.3,0.3,0.3
429,,0.25,0.25,0.25,0.25,0.25,0.25,0.25,0.25
430,,0.2,0.2,0.2,0.2,0.2,0.2,0.2,0.2
431,,0.15,0.15,0.15,0.15,0.15,0.15,0.15,0.15
432,,0.1,0.1,0.1,0.1,0.1,0.1,0.1,0.1
433,,0.05,0.05,0.05,0.05,0.05,0.05,0.05,0.05
434,,0.0,0.0,0.0,0.0,0.0,0.0,0.0,0.0
435,,-0.05,-0.05,-0.05,-0.05,-0.05,-0.05,-0.05,-0.05
436,7,0.3,0.159,0.1,0.159,0.3,0.441,0.95,0.441
437,7,0.65,0.368,0.25,0.368,0.65,0.932,1.0,0.932
438,,0.6,0.318,0.2,0.318,0.6,0.882,0.95,0.882
439,,0.55,0.268,0.15,0.268,0.55,0.832,0.9,0.832
440,,0.5,0.218,0.1,0.218,0.5,0.782,0.85,0.782
441,,0.45,0.168,0.05,0.168,0.45,0.732,0.8,0.732
442,,0.4,0.118,0.0,0.118,0.4,0.682,0.75,0.682
443,,0.35,0.068,-0.05,0.068,0.35,0.632,0.7,0.632
444,3,0.7,0.559,0.95,0.559,0.7,0.841,0.85,0.841
445,3,1.0,1.0,1.0,1.0,1.0,1.0,1.0,1.0
446,,0.95,0.95,0.95,0.95,0.95,0.95,0.95,0.95
447,,0.9,0.9,0.9,0.9,0.9,0.9,0.9,0.9
448,,0.85,0.85,0.85,0.85,0.85,0.85,0.85,0.85
449,,0.8,0.8,0.8,0.8,0.8,0.8,0.8,0.8
450,,0.75,0.75,0.75,0.75,0.75,0.75,0.75,0.75
451,,0.7,0.7,0.7,0.7,0.7,0.7,0.7,0.7
452,,0.65,0.65,0.65,0.65,0.65,0.65,0.65,0.65
453,,0.6,0.6,0.6,0.6,0.6,0.6,0.6,0.6
454,,0.55,0.55,0.55,0.55,0.55,0.55,0.55,0.55
455,,0.5,0.5,0.5,0.5,0.5,0.5,0.5,0.5
456,,0.45,0.45,0.45,0.45,0.45,0.45,0.45,0.45
457,,0.4,0.4,0.4,0.4,0.4,0.4,0.4,0.4
458,,0.35,0.35,0.35,0.35,0.35,0.35,0.35,0.35
459,,0.3,0.3,0.3,0.3,0.3,0.3,0.3,0.3
460,,0.25,0.25,0.25,0.25,0.25,0.25,0.25,0.25
461,,0.2,0.2,0.2,0.2,0.2,0.2,0.2,0.2
462,,0.15,0.15,0.15,0.15,0.15,0.15,0.15,0.15
463,,0.1,0.1,0.1,0.1,0.1,0.1,0.1,0.1
464,,0.05,0.05,0.05,0.05,0.05,0.05,0.05,0.05
465,,0.0,0.0,0.0,0.0,0.0,0.0,0.0,0.0
466,,-0.05,-0.05,-0.05,-0.05,-0.05,-0.05,-0.05,-0.05
467,2,0.441,0.95,0.441,0.3,0.159,0.1,0.159,0.3
468,2,0.932,1.0,0.932,0.65,0.368,0.25,0.368,0.65
469,,0.882,0.95,0.882,0.6,0.318,0.2,0.318,0.6
470,,0.832,0.9,0.832,0.55,0.268,0.15,0.268,0.55
471,,0.782,0.85,0.782,0.5,0.218,0.1,0.218,0.5
472,,0.732,0.8,0.732,0.45,0.168,0.05,0.168,0.45
473,,0.682,0.75,0.682,0.4,0.118,0.0,0.118,0.4
474,,0.632,0.7,0.632,0.35,0.068,-0.05,0.068,0.35
475,6,0.841,0.85,0.841,0.7,0.559,0.95,0.559,0.7
476,6,1.0,1.0,1.0,1.0,1.0,1.0,1.0,1.0
477,,0.95,0.95,0.95,0.95,0.95,0.95,0.95,0.95
478,,0.9,0.9,0.9,0.9,0.9,0.9,0.9,0.9
479,,0.85,0.85,0.85,0.85,0.85,0.85,0.85,0.85
480,,0.8,0.8,0.8,0.8,0.8,0.8,0.8,0.8
481,,0.75,0.75,0.75,0.75,0.75,0.75,0.75,0.75
482,,0.7,0.7,0.7,0.7,0.7,0.7,0.7,0.7
483,,0.65,0.65,0.65,0.65,0.65,0.65,0.65,0.65
484,,0.6,0.6,0.6,0.6,0.6,0.6,0.6,0.6
485,,0.55,0.55,0.55,0.55,0.55,0.55,0.55,0.55
486,,0.5,0.5,0.5,0.5,0.5,0.5,0.5,0.5
487,,0.45,0.45,0.45,0.45,0.45,0.45,0.45,0.45
488,,0.4,0.4,0.4,0.4,0.4,0.4,0.4,0.4
489,,0.35,0.35,0.35,0.35,0.35,0.35,0.35,0.35
490,,0.3,0.3,0.3,0.3,0.3,0.3,0.3,0.3
491,,0.25,0.25,0.25,0.25,0.25,0.25,0.25,0.25
492,,0.2,0.2,0.2,0.2,0.2,0.2,0.2,0.2
493,,0.15,0.15,0.15,0.15,0.15,0.15,0.15,0.15
494,,0.1,0.1,0.1,0.1,0.1,0.1,0.1,0.1
495,,0.05,0.05,0.05,0.05,0.05,0.05,0.05,0.05
496,,0.0,0.0,0.0,0.0,0.0,0.0,0.0,0.0
497,,-0.05,-0.05,-0.05,-0.05,-0.05,-0.05,-0.05,-0.05
498,8,0.441,0.3,0.159,0.1,0.159,0.3,0.441,0.95
499,8,0.932,0.65,0.368,0.25,0.368,0.65,0.932,1.0
500,,0.882,0.6,0.318,0.2,0.318,0.6,0.882,0.95
501,,0.832,0.55,0.268,0.15,0.268,0.55,0.832,0.9
502,,0.782,0.5,0.218,0.1,0.218,0.5,0.782,0.85
503,,0.732,0.45,0.168,0.05,0.168,0.45,0.732,0.8
504,,0.682,0.4,0.118,0.0,0.118,0.4,0.682,0.75
505,,0.632,0.35,0.068,-0.05,0.068,0.35,0.632,0.7
506,4,0.841,0.7,0.559,0.95,0.559,0.7,0.841,0.85
507,4,1.0,1.0,1.0,1.0,1.0,1.0,1.0,1.0
508,,0.95,0.95,0.95,0.95,0.95,0.95,0.95,0.95
509,,0.9,0.9,0.9,0.9,0.9,0.9,0.9,0.9
510,,0.85,0.85,0.85,0.85,0.85,0.85,0.85,0.85
511,,0.8,0.8,0.8,0.8,0.8,0.8,0.8,0.8
512,,0.75,0.75,0.75,0.75,0.75,0.75,0.75,0.75
513,,0.7,0.7,0.7,0.7,0.7,0.7,0.7,0.7
514,,0.65,0.65,0.65,0.65,0.65,0.65,0.65,0.65
515,,0.6,0.6,0.6,0.6,0.6,0.6,0.6,0.6
516,,0.55,0.55,0.55,0.55,0.55,0.55,0.55,0.55
517,,0.5,0.5,0.5,0.5,0.5,0.5,0.5,0.5
518,,0.45,0.45,0.45,0.45,0.45,0.45,0.45,0.45
519,,0.4,0.4,0.4,0.4,0.4,0.4,0.4,0.4
520,,0.35,0.35,0.35,0.35,0.35,0.35,0.35,0.35
521,,0.3,0.3,0.3,0.3,0.3,0.3,0.3,0.3
522,,0.25,0.25,0.25,0.25,0.25,0.25,0.25,0.25
523,,0.2,0.2,0.2,0.2,0.2,0.2,0.2,0.2
524,,0.15,0.15,0.15,0.15,0.15,0.15,0.15,0.15
525,,0.1,0.1,0.1,0.1,0.1,0.1,0.1,0.1
526,,0.05,0.05,0.05,0.05,0.05,0.05,0.05,0.05
527,,0.0,0.0,0.0,0.0,0.0,0.0,0.0,0.0
528,,-0.05,-0.05,-0.05,-0.05,-0.05,-0.05,-0.05,-0.05
529,6,0.159,0.1,0.159,0.3,0.441,0.95,0.441,0.3
530,6,0.368,0.25,0.368,0.65,0.932,1.0,0.932,0.65
531,,0.318,0.2,0.318,0.6,0.882,0.95,0.882,0.6
532,,0.268,0.15,0.268,0.55,0.832,0.9,0.832,0.55
533,,0.218,0.1,0.218,0.5,0.782,0.85,0.782,0.5
534,,0.168,0.05,0.168,0.45,0.732,0.8,0.732,0.45
535,,0.118,0.0,0.118,0.4,0.682,0.75,0.682,0.4
536,,0.068,-0.05,0.068,0.35,0.632,0.7,0.632,0.35
537,2,0.559,0.95,0.559,0.7,0.841,0.85,0.841,0.7
538,2,1.0,1.0,1.0,1.0,1.0,1.0,1.0,1.0
539,,0.95,0.95,0.95,0.95,0.95,0.95,0.95,0.95
540,,0.9,0.9,0.9,0.9,0.9,0.9,0.9,0.9
541,,0.85,0.85,0.85,0.85,0.85,0.85,0.85,0.85
542,,0.8,0.8,0.8,0.8,0.8,0.8,0.8,0.8
543,,0.75,0.75,0.75,0.75,0.75,0.75,0.75,0.75
544,,0.7,0.7,0.7,0.7,0.7,0.7,0.7,0.7
545,,0.65,0.65,0.65,0.65,0.65,0.65,0.65,0.65
546,,0.6,0.6,0.6,0.6,0.6,0.6,0.6,0.6
547,,0.55,0.55,0.55,0.55,0.55,0.55,0.55,0.55
548,,0.5,0.5,0.5,0.5,0.5,0.5,0.5,0.5
549,,0.45,0.45,0.45,0.45,0.45,0.45,0.45,0.45
550,,0.4,0.4,0.4,0.4,0.4,0.4,0.4,0.4
551,,0.35,0.35,0.35,0.35,0.35,0.35,0.35,0.35
552,,0.3,0.3,0.3,0.3,0.3,0.3,0.3,0.3
553,,0.25,0.25,0.25,0.25,0.25,0.25,0.25,0.25
554,,0.2,0.2,0.2,0.2,0.2,0.2,0.2,0.2
555,,0.15,0.15,0.15,0.15,0.15,0.15,0.15,0.15
556,,0.1,0.1,0.1,0.1,0.1,0.1,0.1,0.1
557,,0.05,0.05,0.05,0.05,0.05,0.05,0.05,0.05
558,,0.0,0.0,0.0,0.0,0.0,0.0,0.0,0.0
559,,-0.05,-0.05,-0.05,-0.05,-0.05,-0.05,-0.05,-0.05
560,6,0.159,0.1,0.159,0.3,0.441,0.95,0.441,0.3
561,6,0.368,0.25,0.368,0.65,0.932,1.0,0.932,0.65
562,,0.318,0.2,0.318,0.6,0.882,0.95,0.882,0.6
563,,0.268,0.15,0.268,0.55,0.832,0.9,0.832,0.55
564,,0.218,0.1,0.218,0.5,0.782,0.85,0.782,0.5
565,,0.168,0.05,0.168,0.45,0.732,0.8,0.732,0.45
566,,0.118,0.0,0.118,0.4,0.682,0.75,0.682,0.4
567,,0.068,-0.05,0.068,0.35,0.632,0.7,0.632,0.35
568,2,0.559,0.95,0.559,0.7,0.841,0.85,0.841,0.7
569,2,1.0,1.0,1.0,1.0,1.0,1.0,1.0,1.0
570,,0.95,0.95,0.95,0.95,0.95,0.95,0.95,0.95
571,,0.9,0.9,0.9,0.9,0.9,0.9,0.9,0.9
572,,0.85,0.85,0.85,0.85,0.85,0.85,0.85,0.85
573,,0.8,0.8,0.8,0.8,0.8,0.8,0.8,0.8
574,,0.75,0.75,0.75,0.75,0.75,0.75,0.75,0.75
575,,0.7,0.7,0.7,0.7,0.7,0.7,0.7,0.7
576,,0.65,0.65,0.65,0.65,0.65,0.65,0.65,0.65
577,,0.6,0.6,0.6,0.6,0.6,0.6,0.6,0.6
578,,0.55,0.55,0.55,0.55,0.55,0.55,0.55,0.55
579,,0.5,0.5,0.5,0.5,0.5,0.5,0.5,0.5
580,,0.45,0.45,0.45,0.45,0.45,0.45,0.45,0.45
581,,0.4,0.4,0.4,0.4,0.4,0.4,0.4,0.4
582,,0.35,0.35,0.35,0.35,0.35,0.35,0.35,0.35
583,,0.3,0.3,0.3,0.3,0.3,0.3,0.3,0.3
584,,0.25,0.25,0.25,0.25,0.25,0.25,0.25,0.25
585,,0.2,0.2,0.2,0.2,0.2,0.2,0.2,0.2
586,,0.15,0.15,0.15,0.15,0.15,0.15,0.15,0.15
587,,0.1,0.1,0.1,0.1,0.1,0.1,0.1,0.1
588,,0.05,0.05,0.05,0.05,0.05,0.05,0.05,0.05
589,,0.0,0.0,0.0,0.0,0.0,0.0,0.0,0.0
590,,-0.05,-0.05,-0.05,-0.05,-0.05,-0.05,-0.05,-0.05
591,8,0.441,0.3,0.159,0.1,0.159,0.3,0.441,0.95
592,8,0.932,0.65,0.368,0.25,0.368,0.65,0.932,1.0
593,,0.882,0.6,0.318,0.2,0.318,0.6,0.882,0.95
594,,0.832,0.55,0.268,0.15,0.268,0.55,0.832,0.9
595,,0.782,0.5,0.218,0.1,0.218,0.5,0.782,0.85
596,,0.732,0.45,0.168,0.05,0.168,0.45,0.732,0.8
597,,0.682,0.4,0.118,0.0,0.118,0.4,0.682,0.75
598,,0.632,0.35,0.068,-0.05,0.068,0.35,0.632,0.7
599,4,0.841,0.7,0.559,0.95,0.559,0.7,0.841,0.85
600,4,1.0,1.0,1.0,1.0,1.0,1.0,1.0,1.0
601,,0.95,0.95,0.95,0.95,0.95,0.95,0.95,0.95
602,,0.9,0.9,0.9,0.9,0.9,0.9,0.9,0.9
603,,0.85,0.85,0.85,0.85,0.85,0.85,0.85,0.85
604,,0.8,0.8,0.8,0.8,0.8,0.8,0.8,0.8
605,,0.75,0.75,0.75,0.75,0.75,0.75,0.75,0.75
606,,0.7,0.7,0.7,0.7,0.7,0.7,0.7,0.7
607,,0.65,0.65,0.65,0.65,0.65,0.65,0.65,0.65
608,,0.6,0.6,0.6,0.6,0.6,0.6,0.6,0.6
609,,0.55,0.55,0.55,0.55,0.55,0.55,0.55,0.55
610,,0.5,0.5,0.5,0.5,0.5,0.5,0.5,0.5
611,,0.45,0.45,0.45,0.45,0.45,0.45,0.45,0.45
612,,0.4,0.4,0.4,0.4,0.4,0.4,0.4,0.4
613,,0.35,0.35,0.35,0.35,0.35,0.35,0.35,0.35
614,,0.3,0.3,0.3,0.3,0.3,0.3,0.3,0.3
615,,0.25,0.25,0.25,0.25,0.25,0.25,0.25,0.25
616,,0.2,0.2,0.2,0.2,0.2,0.2,0.2,0.2
617,,0.15,0.15,0.15,0.15,0.15,0.15,0.15,0.15
618,,0.1,0.1,0.1,0.1,0.1,0.1,0.1,0.1
619,,0.05,0.05,0.05,0.05,0.05,0.05,0.05,0.05
620,,0.0,0.0,0.0,0.0,0.0,0.0,0.0,0.0
621,,-0.05,-0.05,-0.05,-0.05,-0.05,-0.05,-0.05,-0.05
622,1,0.95,0.441,0.3,0.159,0.1,0.159,0.3,0.441
623,1,1.0,0.932,0.65,0.368,0.25,0.368,0.65,0.932
624,,0.95,0.882,0.6,0.318,0.2,0.318,0.6,0.882
625,,0.9,0.832,0.55,0.268,0.15,0.268,0.55,0.832
626,,0.85,0.782,0.5,0.218,0.1,0.218,0.5,0.782
627,,0.8,0.732,0.45,0.168,0.05,0.168,0.45,0.732
628,,0.75,0.682,0.4,0.118,0.0,0.118,0.4,0.682
629,,0.7,0.632,0.35,0.068,-0.05,0.068,0.35,0.632
630,5,0.85,0.841,0.7,0.559,0.95,0.559,0.7,0.841
631,5,1.0,1.0,1.0,1.0,1.0,1.0,1.0,1.0
632,,0.95,0.95,0.95,0.95,0.95,0.95,0.95,0.95
633,,0.9,0.9,0.9,0.9,0.9,0.9,0.9,0.9
634,,0.85,0.85,0.85,0.85,0.85,0.85,0.85,0.85
635,,0.8,0.8,0.8,0.8,0.8,0.8,0.8,0.8
636,,0.75,0.75,0.75,0.75,0.75,0.75,0.75,0.75
637,,0.7,0.7,0.7,0.7,0.7,0.7,0.7,0.7
638,,0.65,0.65,0.65,0.65,0.65,0.65,0.65,0.65
639,,0.6,0.6,0.6,0.6,0.6,0.6,0.6,0.6
640,,0.55,0.55,0.55,0.55,0.55,0.55,0.55,0.55
641,,0.5,0.5,0.5,0.5,0.5,0.5,0.5,0.5
642,,0.45,0.45,0.45,0.45,0.45,0.45,0.45,0.45
643,,0.4,0.4,0.4,0.4,0.4,0.4,0.4,0.4
644,,0.35,0.35,0.35,0.35,0.35,0.35,0.35,0.35
645,,0.3,0.3,0.3,0.3,0.3,0.3,0.3,0.3
646,,0.25,0.25,0.25,0.25,0.25,0.25,0.25,0.25
647,,0.2,0.2,0.2,0.2,0.2,0.2,0.2,0.2
648,,0.15,0.15,0.15,0.15,0.15,0.15,0.15,0.15
649,,0.1,0.1,0.1,0.1,0.1,0.1,0.1,0.1
650,,0.05,0.05,0.05,0.05,0.05,0.05,0.05,0.05
651,,0.0,0.0,0.0,0.0,0.0,0.0,0.0,0.0
652,,-0.05,-0.05,-0.05,-0.05,-0.05,-0.05,-0.05,-0.05
653,8,0.441,0.3,0.159,0.1,0.159,0.3,0.441,0.95
654,8,0.932,0.65,0.368,0.25,0.368,0.65,0.932,1.0
655,,0.882,0.6,0.318,0.2,0.318,0.6,0.882,0.95
656,,0.832,0.55,0.268,0.15,0.268,0.55,0.832,0.9
657,,0.782,0.5,0.218,0.1,0.218,0.5,0.782,0.85
658,,0.732,0.45,0.168,0.05,0.168,0.45,0.732,0.8
659,,0.682,0.4,0.118,0.0,0.118,0.4,0.682,0.75
660,,0.632,0.35,0.068,-0.05,0.068,0.35,0.632,0.7
661,4,0.841,0.7,0.559,0.95,0.559,0.7,0.841,0.85
662,4,1.0,1.0,1.0,1.0,1.0,1.0,1.0,1.0
663,,0.95,0.95,0.95,0.95,0.95,0.95,0.95,0.95
664,,0.9,0.9,0.9,0.9,0.9,0.9,0.9,0.9
665,,0.85,0.85,0.85,0.85,0.85,0.85,0.85,0.85
666,,0.8,0.8,0.8,0.8,0.8,0.8,0.8,0.8
667,,0.75,0.75,0.75,0.75,0.75,0.75,0.75,0.75
668,,0.7,0.7,0.7,0.7,0.7,0.7,0.7,0.7
669,,0.65,0.65,0.65,0.65,0.65,0.65,0.65,0.65
670,,0.6,0.6,0.6,0.6,0.6,0.6,0.6,0.6
671,,0.55,0.55,0.55,0.55,0.55,0.55,0.55,0.55
672,,0.5,0.5,0.5,0.5,0.5,0.5,0.5,0.5
673,,0.45,0.45,0.45,0.45,0.45,0.45,0.45,0.45
674,,0.4,0.4,0.4,0.4,0.4,0.4,0.4,0.4
675,,0.35,0.35,0.35,0.35,0.35,0.35,0.35,0.35
676,,0.3,0.3,0.3,0.3,0.3,0.3,0.3,0.3
677,,0.25,0.25,0.25,0.25,0.25,0.25,0.25,0.25
678,,0.2,0.2,0.2,0.2,0.2,0.2,0.2,0.2
679,,0.15,0.15,0.15,0.15,0.15,0.15,0.15,0.15
680,,0.1,0.1,0.1,0.1,0.1,0.1,0.1,0.1
681,,0.05,0.05,0.05,0.05,0.05,0.05,0.05,0.05
682,,0.0,0.0,0.0,0.0,0.0,0.0,0.0,0.0
683,,-0.05,-0.05,-0.05,-0.05,-0.05,-0.05,-0.05,-0.05
684,5,0.1,0.159,0.3,0.441,0.95,0.441,0.3,0.159
685,5,0.25,0.368,0.65,0.932,1.0,0.932,0.65,0.368
686,,0.2,0.318,0.6,0.882,0.95,0.882,0.6,0.318
687,,0.15,0.268,0.55,0.832,0.9,0.832,0.55,0.268
688,,0.1,0.218,0.5,0.782,0.85,0.782,0.5,0.218
689,,0.05,0.168,0.45,0.732,0.8,0.732,0.45,0.168
690,,0.0,0.118,0.4,0.682,0.75,0.682,0.4,0.118
691,,-0.05,0.068,0.35,0.632,0.7,0.632,0.35,0.068
692,1,0.95,0.559,0.7,0.841,0.85,0.841,0.7,0.559
693,1,1.0,1.0,1.0,1.0,1.0,1.0,1.0,1.0
694,,0.95,0.95,0.95,0.95,0.95,0.95,0.95,0.95
695,,0.9,0.9,0.9,0.9,0.9,0.9,0.9,0.9
696,,0.85,0.85,0.85,0.85,0.85,0.85,0.85,0.85
697,,0.8,0.8,0.8,0.8,0.8,0.8,0.8,0.8
698,,0.75,0.75,0.75,0.75,0.75,0.75,0.75,0.75
699,,0.7,0.7,0.7,0.7,0.7,0.7,0.7,0.7
700,,0.65,0.65,0.65,0.65,0.65,0.65,0.65,0.65
701,,0.6,0.6,0.6,0.6,0.6,0.6,0.6,0.6
702,,0.55,0.55,0.55,0.55,0.55,0.55,0.55,0.55
703,,0.5,0.5,0.5,0.5,0.5,0.5,0.5,0.5
704,,0.45,0.45,0.45,0.45,0.45,0.45,0.45,0.45
705,,0.4,0.4,0.4,0.4,0.4,0.4,0.4,0.4
706,,0.35,0.35,0.35,0.35,0.35,0.35,0.35,0.35
707,,0.3,0.3,0.3,0.3,0.3,0.3,0.3,0.3
708,,0.25,0.25,0.25,0.25,0.25,0.25,0.25,0.25
709,,0.2,0.2,0.2,0.2,0.2,0.2,0.2,0.2
710,,0.15,0.15,0.15,0.15,0.15,0.15,0.15,0.15
711,,0.1,0.1,0.1,0.1,0.1,0.1,0.1,0.1
712,,0.05,0.05,0.05,0.05,0.05,0.05,0.05,0.05
713,,0.0,0.0,0.0,0.0,0.0,0.0,0.0,0.0
714,,-0.05,-0.05,-0.05,-0.05,-0.05,-0.05,-0.05,-0.05
715,5,0.1,0.159,0.3,0.441,0.95,0.441,0.3,0.159
716,5,0.25,0.368,0.65,0.932,1.0,0.932,0.65,0.368
717,,0.2,0.318,0.6,0.882,0.95,0.882,0.6,0.318
718,,0.15,0.268,0.55,0.832,0.9,0.832,0.55,0.268
719,,0.1,0.218,0.5,0.782,0.85,0.782,0.5,0.218
720,,0.05,0.168,0.45,0.732,0.8,0.732,0.45,0.168
721,,0.0,0.118,0.4,0.682,0.75,0.682,0.4,0.118
722,,-0.05,0.068,0.35,0.632,0.7,0.632,0.35,0.068
723,1,0.95,0.559,0.7,0.841,0.85,0.841,0.7,0.559
724,1,1.0,1.0,1.0,1.0,1.0,1.0,1.0,1.0
725,,0.95,0.95,0.95,0.95,0.95,0.95,0.95,0.95
726,,0.9,0.9,0.9,0.9,0.9,0.9,0.9,0.9
727,,0.85,0.85,0.85,0.85,0.85,0.85,0.85,0.85
728,,0.8,0.8,0.8,0.8,0.8,0.8,0.8,0.8
729,,0.75,0.75,0.75,0.75,0.75,0.75,0.75,0.75
730,,0.7,0.7,0.7,0.7,0.7,0.7,0.7,0.7
731,,0.65,0.65,0.65,0.65,0.65,0.65,0.65,0.65
732,,0.6,0.6,0.6,0.6,0.6,0.6,0.6,0.6
733,,0.55,0.55,0.55,0.55,0.55,0.55,0.55,0.55
734,,0.5,0.5,0.5,0.5,0.5,0.5,0.5,0.5
735,,0.45,0.45,0.45,0.45,0.45,0.45,0.45,0.45
736,,0.4,0.4,0.4,0.4,0.4,0.4,0.4,0.4
737,,0.35,0.35,0.35,0.35,0.35,0.35,0.35,0.35
738,,0.3,0.3,0.3,0.3,0.3,0.3,0.3,0.3
739,,0.25,0.25,0.25,0.25,0.25,0.25,0.25,0.25
740,,0.2,0.2,0.2,0.2,0.2,0.2,0.2,0.2
741,,0.15,0.15,0.15,0.15,0.15,0.15,0.15,0.15
742,,0.1,0.1,0.1,0.1,0.1,0.1,0.1,0.1
743,,0.05,0.05,0.05,0.05,0.05,0.05,0.05,0.05
744,,0.0,0.0,0.0,0.0,0.0,0.0,0.0,0.0
745,,-0.05,-0.05,-0.05,-0.05,-0.05,-0.05,-0.05,-0.05
746,1,0.95,0.441,0.3,0.159,0.1,0.159,0.3,0.441
747,1,1.0,0.932,0.65,0.368,0.25,0.368,0.65,0.932
748,,0.95,0.882,0.6,0.318,0.2,0.318,0.6,0.882
749,,0.9,0.832,0.55,0.268,0.15,0.268,0.55,0.832
750,,0.85,0.782,0.5,0.218,0.1,0.218,0.5,0.782
751,,0.8,0.732,0.45,0.168,0.05,0.168,0.45,0.732
752,,0.75,0.682,0.4,0.118,0.0,0.118,0.4,0.682
753,,0.7,0.632,0.35,0.068,-0.05,0.068,0.35,0.632
754,5,0.85,0.841,0.7,0.559,0.95,0.559,0.7,0.841
755,5,1.0,1.0,1.0,1.0,1.0,1.0,1.0,1.0
756,,0.95,0.95,0.95,0.95,0.95,0.95,0.95,0.95
757,,0.9,0.9,0.9,0.9,0.9,0.9,0.9,0.9
758,,0.85,0.85,0.85,0.85,0.85,0.85,0.85,0.85
759,,0.8,0.8,0.8,0.8,0.8,0.8,0.8,0.8
760,,0.75,0.75,0.75,0.75,0.75,0.75,0.75,0.75
761,,0.7,0.7,0.7,0.7,0.7,0.7,0.7,0.7
762,,0.65,0.65,0.65,0.65,0.65,0.65,0.65,0.65
763,,0.6,0.6,0.6,0.6,0.6,0.6,0.6,0.6
764,,0.55,0.55,0.55,0.55,0.55,0.55,0.55,0.55
765,,0.5,0.5,0.5,0.5,0.5,0.5,0.5,0.5
766,,0.45,0.45,0.45,0.45,0.45,0.45,0.45,0.45
767,,0.4,0.4,0.4,0.4,0.4,0.4,0.4,0.4
768,,0.35,0.35,0.35,0.35,0.35,0.35,0.35,0.35
769,,0.3,0.3,0.3,0.3,0.3,0.3,0.3,0.3
770,,0.25,0.25,0.25,0.25,0.25,0.25,0.25,0.25
771,,0.2,0.2,0.2,0.2,0.2,0.2,0.2,0.2
772,,0.15,0.15,0.15,0.15,0.15,0.15,0.15,0.15
773,,0.1,0.1,0.1,0.1,0.1,0.1,0.1,0.1
774,,0.05,0.05,0.05,0.05,0.05,0.05,0.05,0.05
775,,0.0,0.0,0.0,0.0,0.0,0.0,0.0,0.0
776,,-0.05,-0.05,-0.05,-0.05,-0.05,-0.05,-0.05,-0.05
777,8,0.441,0.3,0.159,0.1,0.159,0.3,0.441,0.95
778,8,0.932,0.65,0.368,0.25,0.368,0.65,0.932,1.0
779,,0.882,0.6,0.318,0.2,0.318,0.6,0.882,0.95
780,,0.832,0.55,0.268,0.15,0.268,0.55,0.832,0.9
781,,0.782,0.5,0.218,0.1,0.218,0.5,0.782,0.85
782,,0.732,0.45,0.168,0.05,0.168,0.45,0.732,0.8
783,,0.682,0.4,0.118,0.0,0.118,0.4,0.682,0.75
784,,0.632,0.35,0.068,-0.05,0.068,0.35,0.632,0.7
785,4,0.841,0.7,0.559,0.95,0.559,0.7,0.841,0.85
786,4,1.0,1.0,1.0,1.0,1.0,1.0,1.0,1.0
787,,0.95,0.95,0.95,0.95,0.95,0.95,0.95,0.95
788,,0.9,0.9,0.9,0.9,0.9,0.9,0.9,0.9
789,,0.85,0.85,0.85,0.85,0.85,0.85,0.85,0.85
790,,0.8,0.8,0.8,0.8,0.8,0.8,0.8,0.8
791,,0.75,0.75,0.75,0.75,0.75,0.75,0.75,0.75
792,,0.7,0.7,0.7,0.7,0.7,0.7,0.7,0.7
793,,0.65,0.65,0.65,0.65,0.65,0.65,0.65,0.65
794,,0.6,0.6,0.6,0.6,0.6,0.6,0.6,0.6
795,,0.55,0.55,0.55,0.55,0.55,0.55,0.55,0.55
796,,0.5,0.5,0.5,0.5,0.5,0.5,0.5,0.5
797,,0.45,0.45,0.45,0.45,0.45,0.45,0.45,0.45
798,,0.4,0.4,0.4,0.4,0.4,0.4,0.4,0.4
799,,0.35,0.35,0.35,0.35,0.35,0.35,0.35,0.35
800,,0.3,0.3,0.3,0.3,0.3,0.3,0.3,0.3
801,,0.25,0.25,0.25,0.25,0.25,0.25,0.25,0.25
802,,0.2,0.2,0.2,0.2,0.2,0.2,0.2,0.2
803,,0.15,0.15,0.15,0.15,0.15,0.15,0.15,0.15
804,,0.1,0.1,0.1,0.1,0.1,0.1,0.1,0.1
805,,0.05,0.05,0.05,0.05,0.05,0.05,0.05,0.05
806,,0.0,0.0,0.0,0.0,0.0,0.0,0.0,0.0
807,,-0.05,-0.05,-0.05,-0.05,-0.05,-0.05,-0.05,-0.05
808,5,0.1,0.159,0.3,0.441,0.95,0.441,0.3,0.159
809,5,0.25,0.368,0.65,0.932,1.0,0.932,0.65,0.368
810,,0.2,0.318,0.6,0.882,0.95,0.882,0.6,0.318
811,,0.15,0.268,0.55,0.832,0.9,0.832,0.55,0.268
812,,0.1,0.218,0.5,0.782,0.85,0.782,0.5,0.218
813,,0.05,0.168,0.45,0.732,0.8,0.732,0.45,0.168
814,,0.0,0.118,0.4,0.682,0.75,0.682,0.4,0.118
815,,-0.05,0.068,0.35,0.632,0.7,0.632,0.35,0.068
816,1,0.95,0.559,0.7,0.841,0.85,0.841,0.7,0.559
817,1,1.0,1.0,1.0,1.0,1.0,1.0,1.0,1.0
818,,0.95,0.95,0.95,0.95,0.95,0.95,0.95,0.95
819,,0.9,0.9,0.9,0.9,0.9,0.9,0.9,0.9
820,,0.85,0.85,0.85,0.85,0.85,0.85,0.85,0.85
821,,0.8,0.8,0.8,0.8,0.8,0.8,0.8,0.8
822,,0.75,0.75,0.75,0.75,0.75,0.75,0.75,0.75
823,,0.7,0.7,0.7,0.7,0.7,0.7,0.7,0.7
824,,0.65,0.65,0.65,0.65,0.65,0.65,0.65,0.65
825,,0.6,0.6,0.6,0.6,0.6,0.6,0.6,0.6
826,,0.55,0.55,0.55,0.55,0.55,0.55,0.55,0.55
827,,0.5,0.5,0.5,0.5,0.5,0.5,0.5,0.5
828,,0.45,0.45,0.45,0.45,0.45,0.45,0.45,0.45
829,,0.4,0.4,0.4,0.4,0.4,0.4,0.4,0.4
830,,0.35,0.35,0.35,0.35,0.35,0.35,0.35,0.35
831,,0.3,0.3,0.3,0.3,0.3,0.3,0.3,0.3
832,,0.25,0.25,0.25,0.25,0.25,0.25,0.25,0.25
833,,0.2,0.2,0.2,0.2,0.2,0.2,0.2,0.2
834,,0.15,0.15,0.15,0.15,0.15,0.15,0.15,0.15
835,,0.1,0.1,0.1,0.1,0.1,0.1,0.1,0.1
836,,0.05,0.05,0.05,0.05,0.05,0.05,0.05,0.05
837,,0.0,0.0,0.0,0.0,0.0,0.0,0.0,0.0
838,,-0.05,-0.05,-0.05,-0.05,-0.05,-0.05,-0.05,-0.05
839,7,0.3,0.159,0.1,0.159,0.3,0.441,0.95,0.441
840,7,0.65,0.368,0.25,0.368,0.65,0.932,1.0,0.932
841,,0.6,0.318,0.2,0.318,0.6,0.882,0.95,0.882
842,,0.55,0.268,0.15,0.268,0.55,0.832,0.9,0.832
843,,0.5,0.218,0.1,0.218,0.5,0.782,0.85,0.782
844,,0.45,0.168,0.05,0.168,0.45,0.732,0.8,0.732
845,,0.4,0.118,0.0,0.118,0.4,0.682,0.75,0.682
846,,0.35,0.068,-0.05,0.068,0.35,0.632,0.7,0.632
847,3,0.7,0.559,0.95,0.559,0.7,0.841,0.85,0.841
848,3,1.0,1.0,1.0,1.0,1.0,1.0,1.0,1.0
849,,0.95,0.95,0.95,0.95,0.95,0.95,0.95,0.95
850,,0.9,0.9,0.9,0.9,0.9,0.9,0.9,0.9
851,,0.85,0.85,0.85,0.85,0.85,0.85,0.85,0.85
852,,0.8,0.8,0.8,0.8,0.8,0.8,0.8,0.8
853,,0.75,0.75,0.75,0.75,0.75,0.75,0.75,0.75
854,,0.7,0.7,0.7,0.7,0.7,0.7,0.7,0.7
855,,0.65,0.65,0.65,0.65,0.65,0.65,0.65,0.65
856,,0.6,0.6,0.6,0.6,0.6,0.6,0.6,0.6
857,,0.55,0.55,0.55,0.55,0.55,0.55,0.55,0.55
858,,0.5,0.5,0.5,0.5,0.5,0.5,0.5,0.5
859,,0.45,0.45,0.45,0.45,0.45,0.45,0.45,0.45
860,,0.4,0.4,0.4,0.4,0.4,0.4,0.4,0.4
861,,0.35,0.35,0.35,0.35,0.35,0.35,0.35,0.35
862,,0.3,0.3,0.3,0.3,0.3,0.3,0.3,0.3
863,,0.25,0.25,0.25,0.25,0.25,0.25,0.25,0.25
864,,0.2,0.2,0.2,0.2,0.2,0.2,0.2,0.2
865,,0.15,0.15,0.15,0.15,0.15,0.15,0.15,0.15
866,,0.1,0.1,0.1,0.1,0.1,0.1,0.1,0.1
867,,0.05,0.05,0.05,0.05,0.05,0.05,0.05,0.05
868,,0.0,0.0,0.0,0.0,0.0,0.0,0.0,0.0
869,,-0.05,-0.05,-0.05,-0.05,-0.05,-0.05,-0.05,-0.05
870,8,0.441,0.3,0.159,0.1,0.159,0.3,0.441,0.95
871,8,0.932,0.65,0.368,0.25,0.368,0.65,0.932,1.0
872,,0.882,0.6,0.318,0.2,0.318,0.6,0.882,0.95
873,,0.832,0.55,0.268,0.15,0.268,0.55,0.832,0.9
874,,0.782,0.5,0.218,0.1,0.218,0.5,0.782,0.85
875,,0.732,0.45,0.168,0.05,0.168,0.45,0.732,0.8
876,,0.682,0.4,0.118,0.0,0.118,0.4,0.682,0.75
877,,0.632,0.35,0.068,-0.05,0.068,0.35,0.632,0.7
878,4,0.841,0.7,0.559,0.95,0.559,0.7,0.841,0.85
879,4,1.0,1.0,1.0,1.0,1.0,1.0,1.0,1.0
880,,0.95,0.95,0.95,0.95,0.95,0.95,0.95,0.95
881,,0.9,0.9,0.9,0.9,0.9,0.9,0.9,0.9
882,,0.85,0.85,0.85,0.85,0.85,0.85,0.85,0.85
883,,0.8,0.8,0.8,0.8,0.8,0.8,0.8,0.8
884,,0.75,0.75,0.75,0.75,0.75,0.75,0.75,0.75
885,,0.7,0.7,0.7,0.7,0.7,0.7,0.7,0.7
886,,0.65,0.65,0.65,0.65,0.65,0.65,0.65,0.65
887,,0.6,0.6,0.6,0.6,0.6,0.6,0.6,0.6
888,,0.55,0.55,0.55,0.55,0.55,0.55,0.55,0.55
889,,0.5,0.5,0.5,0.5,0.5,0.5,0.5,0.5
890,,0.45,0.45,0.45,0.45,0.45,0.45,0.45,0.45
891,,0.4,0.4,0.4,0.4,0.4,0.4,0.4,0.4
892,,0.35,0.35,0.35,0.35,0.35,0.35,0.35,0.35
893,,0.3,0.3,0.3,0.3,0.3,0.3,0.3,0.3
894,,0.25,0.25,0.25,0.25,0.25,0.25,0.25,0.25
895,,0.2,0.2,0.2,0.2,0.2,0.2,0.2,0.2
896,,0.15,0.15,0.15,0.15,0.15,0.15,0.15,0.15
897,,0.1,0.1,0.1,0.1,0.1,0.1,0.1,0.1
898,,0.05,0.05,0.05,0.05,0.05,0.05,0.05,0.05
899,,0.0,0.0,0.0,0.0,0.0,0.0,0.0,0.0
900,,-0.05,-0.05,-0.05,-0.05,-0.05,-0.05,-0.05,-0.05
901,7,0.3,0.159,0.1,0.159,0.3,0.441,0.95,0.441
902,7,0.65,0.368,0.25,0.368,0.65,0.932,1.0,0.932
903,,0.6,0.318,0.2,0.318,0.6,0.882,0.95,0.882
904,,0.55,0.268,0.15,0.268,0.55,0.832,0.9,0.832
905,,0.5,0.218,0.1,0.218,0.5,0.782,0.85,0.782
906,,0.45,0.168,0.05,0.168,0.45,0.732,0.8,0.732
907,,0.4,0.118,0.0,0.118,0.4,0.682,0.75,0.682
908,,0.35,0.068,-0.05,0.068,0.35,0.632,0.7,0.632
909,3,0.7,0.559,0.95,0.559,0.7,0.841,0.85,0.841
910,3,1.0,1.0,1.0,1.0,1.0,1.0,1.0,1.0
911,,0.95,0.95,0.95,0.95,0.95,0.95,0.95,0.95
912,,0.9,0.9,0.9,0.9,0.9,0.9,0.9,0.9
913,,0.85,0.85,0.85,0.85,0.85,0.85,0.85,0.85
914,,0.8,0.8,0.8,0.8,0.8,0.8,0.8,0.8
915,,0.75,0.75,0.75,0.75,0.75,0.75,0.75,0.75
916,,0.7,0.7,0.7,0.7,0.7,0.7,0.7,0.7
917,,0.65,0.65,0.65,0.65,0.65,0.65,0.65,0.65
918,,0.6,0.6,0.6,0.6,0.6,0.6,0.6,0.6
919,,0.55,0.55,0.55,0.55,0.55,0.55,0.55,0.55
920,,0.5,0.5,0.5,0.5,0.5,0.5,0.5,0.5
921,,0.45,0.45,0.45,0.45,0.45,0.45,0.45,0.45
