step,active_motive,motive_1,motive_2,motive_3,motive_4,motive_5,motive_6,motive_7,motive_8
0,,0.42711,0.81801,0.86073,0.00695,0.51075,0.41741,0.22211,0.11987
1,,0.41711,0.80801,0.85073,-0.00305,0.50075,0.40741,0.21211,0.10987
2,4,0.12411,0.79801,1.0,0.99695,0.77375,0.39741,-0.08089,-0.30013
3,4,-0.16889,0.78801,1.0,1.0,1.0,0.38741,-0.37389,-0.71013
4,8,0.10411,0.77801,0.707,0.59,0.707,0.37741,-0.10089,0.28987
5,8,0.37711,0.76801,0.414,0.18,0.414,0.36741,0.17211,1.0
6,,0.36711,0.75801,0.404,0.17,0.404,0.35741,0.16211,0.99
7,,0.35711,0.74801,0.394,0.16,0.394,0.34741,0.15211,0.98
8,,0.34711,0.73801,0.384,0.15,0.384,0.33741,0.14211,0.97
9,,0.33711,0.72801,0.374,0.14,0.374,0.32741,0.13211,0.96
10,,0.32711,0.71801,0.364,0.13,0.364,0.31741,0.12211,0.95
11,,0.31711,0.70801,0.354,0.12,0.354,0.30741,0.11211,0.94
12,,0.30711,0.69801,0.344,0.11,0.344,0.29741,0.10211,0.93
13,,0.29711,0.68801,0.334,0.1,0.334,0.28741,0.09211,0.92
14,,0.28711,0.67801,0.324,0.09,0.324,0.27741,0.08211,0.91
15,,0.27711,0.66801,0.314,0.08,0.314,0.26741,0.07211,0.9
16,,0.26711,0.65801,0.304,0.07,0.304,0.25741,0.06211,0.89
17,,0.25711,0.64801,0.294,0.06,0.294,0.24741,0.05211,0.88
18,,0.24711,0.63801,0.284,0.05,0.284,0.23741,0.04211,0.87
19,,0.23711,0.62801,0.274,0.04,0.274,0.22741,0.03211,0.86
20,,0.22711,0.61801,0.264,0.03,0.264,0.21741,0.02211,0.85
21,,0.21711,0.60801,0.254,0.02,0.254,0.20741,0.01211,0.84
22,,0.20711,0.59801,0.244,0.01,0.244,0.19741,0.00211,0.83
23,,0.19711,0.58801,0.234,0.0,0.234,0.18741,-0.00789,0.82
24,7,0.18711,0.29501,-0.176,-0.293,0.224,0.46041,0.99211,1.0
25,7,0.17711,0.00201,-0.586,-0.586,0.214,0.73341,1.0,1.0
26,4,-0.11589,-0.00799,-0.313,0.414,0.487,0.72341,0.707,0.59
27,4,-0.40889,-0.01799,-0.04,1.0,0.76,0.71341,0.414,0.18
28,1,0.59111,0.25501,-0.05,0.707,0.35,0.42041,0.404,0.453
29,1,1.0,0.52801,-0.06,0.414,-0.06,0.12741,0.394,0.726
30,5,0.59,0.23501,-0.07,0.687,0.94,0.40041,0.384,0.433
31,5,0.18,-0.05799,-0.08,0.96,1.0,0.67341,0.374,0.14
32,3,0.17,0.21501,0.92,1.0,0.99,0.38041,-0.036,-0.153
33,3,0.16,0.48801,1.0,1.0,0.98,0.08741,-0.446,-0.446
34,7,0.15,0.19501,0.59,0.707,0.97,0.36041,0.554,-0.173
35,7,0.14,-0.09799,0.18,0.414,0.96,0.63341,1.0,0.1
36,2,0.413,0.90201,0.453,0.404,0.667,0.22341,0.707,0.09
37,2,0.686,1.0,0.726,0.394,0.374,-0.18659,0.414,0.08
38,6,0.393,0.59,0.433,0.384,0.647,0.81341,0.687,0.07
39,6,0.1,0.18,0.14,0.374,0.92,1.0,0.96,0.06
40,,0.09,0.17,0.13,0.364,0.91,0.99,0.95,0.05
41,,0.08,0.16,0.12,0.354,0.9,0.98,0.94,0.04
42,,0.07,0.15,0.11,0.344,0.89,0.97,0.93,0.03
43,,0.06,0.14,0.1,0.334,0.88,0.96,0.92,0.02
44,,0.05,0.13,0.09,0.324,0.87,0.95,0.91,0.01
45,,0.04,0.12,0.08,0.314,0.86,0.94,0.9,0.0
46,,0.03,0.11,0.07,0.304,0.85,0.93,0.89,-0.01
47,8,0.303,0.1,-0.223,-0.106,0.557,0.92,1.0,0.99
48,8,0.576,0.09,-0.516,-0.516,0.264,0.91,1.0,1.0
49,3,0.566,0.363,0.484,-0.243,0.254,0.617,0.59,0.707
50,3,0.556,0.636,1.0,0.03,0.244,0.324,0.18,0.414
51,,0.546,0.626,0.99,0.02,0.234,0.314,0.17,0.404
52,,0.536,0.616,0.98,0.01,0.224,0.304,0.16,0.394
53,,0.526,0.606,0.97,0.0,0.214,0.294,0.15,0.384
54,,0.516,0.596,0.96,-0.01,0.204,0.284,0.14,0.374
55,4,0.223,0.586,1.0,0.99,0.477,0.274,-0.153,-0.036
56,4,-0.07,0.576,1.0,1.0,0.75,0.264,-0.446,-0.446
57,8,0.203,0.566,0.707,0.59,0.457,0.254,-0.173,0.554
58,8,0.476,0.556,0.414,0.18,0.164,0.244,0.1,1.0
59,,0.466,0.546,0.404,0.17,0.154,0.234,0.09,0.99
60,,0.456,0.536,0.394,0.16,0.144,0.224,0.08,0.98
61,,0.446,0.526,0.384,0.15,0.134,0.214,0.07,0.97
62,,0.436,0.516,0.374,0.14,0.124,0.204,0.06,0.96
63,,0.426,0.506,0.364,0.13,0.114,0.194,0.05,0.95
64,,0.416,0.496,0.354,0.12,0.104,0.184,0.04,0.94
65,,0.406,0.486,0.344,0.11,0.094,0.174,0.03,0.93
66,,0.396,0.476,0.334,0.1,0.084,0.164,0.02,0.92
67,,0.386,0.466,0.324,0.09,0.074,0.154,0.01,0.91
68,,0.376,0.456,0.314,0.08,0.064,0.144,0.0,0.9
69,,0.366,0.446,0.304,0.07,0.054,0.134,-0.01,0.89
70,7,0.356,0.153,-0.106,-0.223,0.044,0.407,0.99,1.0
71,7,0.346,-0.14,-0.516,-0.516,0.034,0.68,1.0,1.0
72,4,0.053,-0.15,-0.243,0.484,0.307,0.67,0.707,0.59
73,4,-0.24,-0.16,0.03,1.0,0.58,0.66,0.414,0.18
74,1,0.76,0.113,0.02,0.707,0.17,0.367,0.404,0.453
75,1,1.0,0.386,0.01,0.414,-0.24,0.074,0.394,0.726
76,5,0.59,0.093,0.0,0.687,0.76,0.347,0.384,0.433
77,5,0.18,-0.2,-0.01,0.96,1.0,0.62,0.374,0.14
78,2,0.453,0.8,0.263,0.95,0.707,0.21,0.081,0.13
79,2,0.726,1.0,0.536,0.94,0.414,-0.2,-0.212,0.12
80,7,0.716,0.707,0.126,0.647,0.404,0.073,0.788,0.393
81,7,0.706,0.414,-0.284,0.354,0.394,0.346,1.0,0.666
82,3,0.696,0.687,0.716,0.627,0.384,0.053,0.59,0.373
83,3,0.686,0.96,1.0,0.9,0.374,-0.24,0.18,0.08
84,6,0.393,0.55,0.707,0.89,0.647,0.76,0.453,0.07
85,6,0.1,0.14,0.414,0.88,0.92,1.0,0.726,0.06
86,,0.09,0.13,0.404,0.87,0.91,0.99,0.716,0.05
87,,0.08,0.12,0.394,0.86,0.9,0.98,0.706,0.04
88,,0.07,0.11,0.384,0.85,0.89,0.97,0.696,0.03
89,,0.06,0.1,0.374,0.84,0.88,0.96,0.686,0.02
90,,0.05,0.09,0.364,0.83,0.87,0.95,0.676,0.01
91,,0.04,0.08,0.354,0.82,0.86,0.94,0.666,0.0
92,,0.03,0.07,0.344,0.81,0.85,0.93,0.656,-0.01
93,8,0.303,0.06,0.051,0.4,0.557,0.92,0.929,0.99
94,8,0.576,0.05,-0.242,-0.01,0.264,0.91,1.0,1.0
95,3,0.566,0.323,0.758,0.263,0.254,0.617,0.59,0.707
96,3,0.556,0.596,1.0,0.536,0.244,0.324,0.18,0.414
97,,0.546,0.586,0.99,0.526,0.234,0.314,0.17,0.404
98,,0.536,0.576,0.98,0.516,0.224,0.304,0.16,0.394
99,,0.526,0.566,0.97,0.506,0.214,0.294,0.15,0.384
100,,0.516,0.556,0.96,0.496,0.204,0.284,0.14,0.374
101,,0.506,0.546,0.95,0.486,0.194,0.274,0.13,0.364
102,,0.496,0.536,0.94,0.476,0.184,0.264,0.12,0.354
103,,0.486,0.526,0.93,0.466,0.174,0.254,0.11,0.344
104,,0.476,0.516,0.92,0.456,0.164,0.244,0.1,0.334
105,,0.466,0.506,0.91,0.446,0.154,0.234,0.09,0.324
106,,0.456,0.496,0.9,0.436,0.144,0.224,0.08,0.314
107,,0.446,0.486,0.89,0.426,0.134,0.214,0.07,0.304
108,,0.436,0.476,0.88,0.416,0.124,0.204,0.06,0.294
109,,0.426,0.466,0.87,0.406,0.114,0.194,0.05,0.284
110,,0.416,0.456,0.86,0.396,0.104,0.184,0.04,0.274
111,,0.406,0.446,0.85,0.386,0.094,0.174,0.03,0.264
112,,0.396,0.436,0.84,0.376,0.084,0.164,0.02,0.254
113,,0.386,0.426,0.83,0.366,0.074,0.154,0.01,0.244
114,,0.376,0.416,0.82,0.356,0.064,0.144,0.0,0.234
115,,0.366,0.406,0.81,0.346,0.054,0.134,-0.01,0.224
116,7,0.356,0.113,0.4,0.053,0.044,0.407,0.99,0.497
117,7,0.346,-0.18,-0.01,-0.24,0.034,0.68,1.0,0.77
118,4,0.053,-0.19,0.263,0.76,0.307,0.67,0.707,0.36
119,4,-0.24,-0.2,0.536,1.0,0.58,0.66,0.414,-0.05
120,1,0.76,0.073,0.526,0.707,0.17,0.367,0.404,0.223
121,1,1.0,0.346,0.516,0.414,-0.24,0.074,0.394,0.496
122,5,0.59,0.053,0.506,0.687,0.76,0.347,0.384,0.203
123,5,0.18,-0.24,0.496,0.96,1.0,0.62,0.374,-0.09
124,2,0.453,0.76,0.769,0.95,0.707,0.21,0.081,-0.1
125,2,0.726,1.0,1.0,0.94,0.414,-0.2,-0.212,-0.11
126,7,0.716,0.707,0.59,0.647,0.404,0.073,0.788,0.163
127,7,0.706,0.414,0.18,0.354,0.394,0.346,1.0,0.436
128,,0.696,0.404,0.17,0.344,0.384,0.336,0.99,0.426
129,,0.686,0.394,0.16,0.334,0.374,0.326,0.98,0.416
130,,0.676,0.384,0.15,0.324,0.364,0.316,0.97,0.406
131,,0.666,0.374,0.14,0.314,0.354,0.306,0.96,0.396
132,,0.656,0.364,0.13,0.304,0.344,0.296,0.95,0.386
133,,0.646,0.354,0.12,0.294,0.334,0.286,0.94,0.376
134,,0.636,0.344,0.11,0.284,0.324,0.276,0.93,0.366
135,,0.626,0.334,0.1,0.274,0.314,0.266,0.92,0.356
136,,0.616,0.324,0.09,0.264,0.304,0.256,0.91,0.346
137,,0.606,0.314,0.08,0.254,0.294,0.246,0.9,0.336
138,,0.596,0.304,0.07,0.244,0.284,0.236,0.89,0.326
139,,0.586,0.294,0.06,0.234,0.274,0.226,0.88,0.316
140,,0.576,0.284,0.05,0.224,0.264,0.216,0.87,0.306
141,,0.566,0.274,0.04,0.214,0.254,0.206,0.86,0.296
142,,0.556,0.264,0.03,0.204,0.244,0.196,0.85,0.286
143,,0.546,0.254,0.02,0.194,0.234,0.186,0.84,0.276
144,,0.536,0.244,0.01,0.184,0.224,0.176,0.83,0.266
145,,0.526,0.234,0.0,0.174,0.214,0.166,0.82,0.256
146,,0.516,0.224,-0.01,0.164,0.204,0.156,0.81,0.246
147,3,0.506,0.497,0.99,0.437,0.194,-0.137,0.4,-0.047
148,3,0.496,0.77,1.0,0.71,0.184,-0.43,-0.01,-0.34
149,6,0.203,0.36,0.707,0.7,0.457,0.57,0.263,-0.35
150,6,-0.09,-0.05,0.414,0.69,0.73,1.0,0.536,-0.36
151,8,0.183,-0.06,0.121,0.28,0.437,0.99,0.809,0.64
152,8,0.456,-0.07,-0.172,-0.13,0.144,0.98,1.0,1.0
153,3,0.446,0.203,0.828,0.143,0.134,0.687,0.59,0.707
154,3,0.436,0.476,1.0,0.416,0.124,0.394,0.18,0.414
155,,0.426,0.466,0.99,0.406,0.114,0.384,0.17,0.404
156,,0.416,0.456,0.98,0.396,0.104,0.374,0.16,0.394
157,,0.406,0.446,0.97,0.386,0.094,0.364,0.15,0.384
158,,0.396,0.436,0.96,0.376,0.084,0.354,0.14,0.374
159,,0.386,0.426,0.95,0.366,0.074,0.344,0.13,0.364
160,,0.376,0.416,0.94,0.356,0.064,0.334,0.12,0.354
161,,0.366,0.406,0.93,0.346,0.054,0.324,0.11,0.344
162,,0.356,0.396,0.92,0.336,0.044,0.314,0.1,0.334
163,,0.346,0.386,0.91,0.326,0.034,0.304,0.09,0.324
164,,0.336,0.376,0.9,0.316,0.024,0.294,0.08,0.314
165,,0.326,0.366,0.89,0.306,0.014,0.284,0.07,0.304
166,,0.316,0.356,0.88,0.296,0.004,0.274,0.06,0.294
167,,0.306,0.346,0.87,0.286,-0.006,0.264,0.05,0.284
168,5,-0.104,0.053,0.86,0.559,0.994,0.537,0.04,-0.009
169,5,-0.514,-0.24,0.85,0.832,1.0,0.81,0.03,-0.302
170,1,0.486,0.033,0.84,0.539,0.59,0.517,0.02,-0.029
171,1,1.0,0.306,0.83,0.246,0.18,0.224,0.01,0.244
172,,0.99,0.296,0.82,0.236,0.17,0.214,0.0,0.234
173,,0.98,0.286,0.81,0.226,0.16,0.204,-0.01,0.224
174,7,0.97,-0.007,0.4,-0.067,0.15,0.477,0.99,0.497
175,7,0.96,-0.3,-0.01,-0.36,0.14,0.75,1.0,0.77
176,4,0.667,-0.31,0.263,0.64,0.413,0.74,0.707,0.36
177,4,0.374,-0.32,0.536,1.0,0.686,0.73,0.414,-0.05
178,2,0.647,0.68,0.809,0.99,0.393,0.32,0.121,-0.06
179,2,0.92,1.0,1.0,0.98,0.1,-0.09,-0.172,-0.07
180,7,0.91,0.707,0.59,0.687,0.09,0.183,0.828,0.203
181,7,0.9,0.414,0.18,0.394,0.08,0.456,1.0,0.476
182,,0.89,0.404,0.17,0.384,0.07,0.446,0.99,0.466
183,,0.88,0.394,0.16,0.374,0.06,0.436,0.98,0.456
184,,0.87,0.384,0.15,0.364,0.05,0.426,0.97,0.446
185,,0.86,0.374,0.14,0.354,0.04,0.416,0.96,0.436
186,,0.85,0.364,0.13,0.344,0.03,0.406,0.95,0.426
187,,0.84,0.354,0.12,0.334,0.02,0.396,0.94,0.416
188,,0.83,0.344,0.11,0.324,0.01,0.386,0.93,0.406
189,,0.82,0.334,0.1,0.314,0.0,0.376,0.92,0.396
190,,0.81,0.324,0.09,0.304,-0.01,0.366,0.91,0.386
191,5,0.4,0.031,0.08,0.577,0.99,0.639,0.9,0.093
192,5,-0.01,-0.262,0.07,0.85,1.0,0.912,0.89,-0.2
193,2,0.263,0.738,0.343,0.84,0.707,0.502,0.597,-0.21
194,2,0.536,1.0,0.616,0.83,0.414,0.092,0.304,-0.22
195,8,0.809,0.99,0.323,0.42,0.121,0.082,0.577,0.78
196,8,1.0,0.98,0.03,0.01,-0.172,0.072,0.85,1.0
197,5,0.59,0.687,0.02,0.283,0.828,0.345,0.84,0.707
198,5,0.18,0.394,0.01,0.556,1.0,0.618,0.83,0.414
199,,0.17,0.384,0.0,0.546,0.99,0.608,0.82,0.404
200,,0.16,0.374,-0.01,0.536,0.98,0.598,0.81,0.394
201,3,0.15,0.647,0.99,0.809,0.97,0.305,0.4,0.101
202,3,0.14,0.92,1.0,1.0,0.96,0.012,-0.01,-0.192
203,8,0.413,0.91,0.707,0.59,0.667,0.002,0.263,0.808
204,8,0.686,0.9,0.414,0.18,0.374,-0.008,0.536,1.0
205,6,0.393,0.49,0.121,0.17,0.647,0.992,0.809,0.99
206,6,0.1,0.08,-0.172,0.16,0.92,1.0,1.0,0.98
207,3,0.09,0.353,0.828,0.433,0.91,0.707,0.59,0.687
208,3,0.08,0.626,1.0,0.706,0.9,0.414,0.18,0.394
209,,0.07,0.616,0.99,0.696,0.89,0.404,0.17,0.384
210,,0.06,0.606,0.98,0.686,0.88,0.394,0.16,0.374
211,,0.05,0.596,0.97,0.676,0.87,0.384,0.15,0.364
212,,0.04,0.586,0.96,0.666,0.86,0.374,0.14,0.354
213,,0.03,0.576,0.95,0.656,0.85,0.364,0.13,0.344
214,,0.02,0.566,0.94,0.646,0.84,0.354,0.12,0.334
215,,0.01,0.556,0.93,0.636,0.83,0.344,0.11,0.324
216,,0.0,0.546,0.92,0.626,0.82,0.334,0.1,0.314
217,,-0.01,0.536,0.91,0.616,0.81,0.324,0.09,0.304
218,1,0.99,0.809,0.9,0.323,0.4,0.031,0.08,0.577
219,1,1.0,1.0,0.89,0.03,-0.01,-0.262,0.07,0.85
220,6,0.707,0.59,0.597,0.02,0.263,0.738,0.343,0.84
221,6,0.414,0.18,0.304,0.01,0.536,1.0,0.616,0.83
222,,0.404,0.17,0.294,0.0,0.526,0.99,0.606,0.82
223,,0.394,0.16,0.284,-0.01,0.516,0.98,0.596,0.81
224,4,0.101,0.15,0.557,0.99,0.789,0.97,0.303,0.4
225,4,-0.192,0.14,0.83,1.0,1.0,0.96,0.01,-0.01
226,1,0.808,0.413,0.82,0.707,0.59,0.667,0.0,0.263
227,1,1.0,0.686,0.81,0.414,0.18,0.374,-0.01,0.536
228,7,0.99,0.393,0.4,0.121,0.17,0.647,0.99,0.809
229,7,0.98,0.1,-0.01,-0.172,0.16,0.92,1.0,1.0
230,4,0.687,0.09,0.263,0.828,0.433,0.91,0.707,0.59
231,4,0.394,0.08,0.536,1.0,0.706,0.9,0.414,0.18
232,,0.384,0.07,0.526,0.99,0.696,0.89,0.404,0.17
233,,0.374,0.06,0.516,0.98,0.686,0.88,0.394,0.16
234,,0.364,0.05,0.506,0.97,0.676,0.87,0.384,0.15
235,,0.354,0.04,0.496,0.96,0.666,0.86,0.374,0.14
236,,0.344,0.03,0.486,0.95,0.656,0.85,0.364,0.13
237,,0.334,0.02,0.476,0.94,0.646,0.84,0.354,0.12
238,,0.324,0.01,0.466,0.93,0.636,0.83,0.344,0.11
239,,0.314,0.0,0.456,0.92,0.626,0.82,0.334,0.1
240,,0.304,-0.01,0.446,0.91,0.616,0.81,0.324,0.09
241,2,0.577,0.99,0.719,0.9,0.323,0.4,0.031,0.08
242,2,0.85,1.0,0.992,0.89,0.03,-0.01,-0.262,0.07
243,7,0.84,0.707,0.582,0.597,0.02,0.263,0.738,0.343
244,7,0.83,0.414,0.172,0.304,0.01,0.536,1.0,0.616
245,,0.82,0.404,0.162,0.294,0.0,0.526,0.99,0.606
246,,0.81,0.394,0.152,0.284,-0.01,0.516,0.98,0.596
247,5,0.4,0.101,0.142,0.557,0.99,0.789,0.97,0.303
248,5,-0.01,-0.192,0.132,0.83,1.0,1.0,0.96,0.01
249,2,0.263,0.808,0.405,0.82,0.707,0.59,0.667,0.0
250,2,0.536,1.0,0.678,0.81,0.414,0.18,0.374,-0.01
251,8,0.809,0.99,0.385,0.4,0.121,0.17,0.647,0.99
252,8,1.0,0.98,0.092,-0.01,-0.172,0.16,0.92,1.0
253,5,0.59,0.687,0.082,0.263,0.828,0.433,0.91,0.707
254,5,0.18,0.394,0.072,0.536,1.0,0.706,0.9,0.414
255,,0.17,0.384,0.062,0.526,0.99,0.696,0.89,0.404
256,,0.16,0.374,0.052,0.516,0.98,0.686,0.88,0.394
257,,0.15,0.364,0.042,0.506,0.97,0.676,0.87,0.384
258,,0.14,0.354,0.032,0.496,0.96,0.666,0.86,0.374
259,,0.13,0.344,0.022,0.486,0.95,0.656,0.85,0.364
260,,0.12,0.334,0.012,0.476,0.94,0.646,0.84,0.354
261,,0.11,0.324,0.002,0.466,0.93,0.636,0.83,0.344
262,,0.1,0.314,-0.008,0.456,0.92,0.626,0.82,0.334
263,3,0.09,0.587,0.992,0.729,0.91,0.333,0.41,0.041
264,3,0.08,0.86,1.0,1.0,0.9,0.04,-0.0,-0.252
265,8,0.353,0.85,0.707,0.59,0.607,0.03,0.273,0.748
266,8,0.626,0.84,0.414,0.18,0.314,0.02,0.546,1.0
267,,0.616,0.83,0.404,0.17,0.304,0.01,0.536,0.99
268,,0.606,0.82,0.394,0.16,0.294,0.0,0.526,0.98
269,,0.596,0.81,0.384,0.15,0.284,-0.01,0.516,0.97
270,6,0.303,0.4,0.091,0.14,0.557,0.99,0.789,0.96
271,6,0.01,-0.01,-0.202,0.13,0.83,1.0,1.0,0.95
272,3,0.0,0.263,0.798,0.403,0.82,0.707,0.59,0.657
273,3,-0.01,0.536,1.0,0.676,0.81,0.414,0.18,0.364
274,1,0.99,0.809,0.99,0.383,0.4,0.121,0.17,0.637
275,1,1.0,1.0,0.98,0.09,-0.01,-0.172,0.16,0.91
276,6,0.707,0.59,0.687,0.08,0.263,0.828,0.433,0.9
277,6,0.414,0.18,0.394,0.07,0.536,1.0,0.706,0.89
278,,0.404,0.17,0.384,0.06,0.526,0.99,0.696,0.88
279,,0.394,0.16,0.374,0.05,0.516,0.98,0.686,0.87
280,,0.384,0.15,0.364,0.04,0.506,0.97,0.676,0.86
281,,0.374,0.14,0.354,0.03,0.496,0.96,0.666,0.85
282,,0.364,0.13,0.344,0.02,0.486,0.95,0.656,0.84
283,,0.354,0.12,0.334,0.01,0.476,0.94,0.646,0.83
284,,0.344,0.11,0.324,0.0,0.466,0.93,0.636,0.82
285,,0.334,0.1,0.314,-0.01,0.456,0.92,0.626,0.81
286,4,0.041,0.09,0.587,0.99,0.729,0.91,0.333,0.4
287,4,-0.252,0.08,0.86,1.0,1.0,0.9,0.04,-0.01
288,1,0.748,0.353,0.85,0.707,0.59,0.607,0.03,0.263
289,1,1.0,0.626,0.84,0.414,0.18,0.314,0.02,0.536
290,,0.99,0.616,0.83,0.404,0.17,0.304,0.01,0.526
291,,0.98,0.606,0.82,0.394,0.16,0.294,0.0,0.516
292,,0.97,0.596,0.81,0.384,0.15,0.284,-0.01,0.506
293,7,0.96,0.303,0.4,0.091,0.14,0.557,0.99,0.779
294,7,0.95,0.01,-0.01,-0.202,0.13,0.83,1.0,1.0
295,4,0.657,0.0,0.263,0.798,0.403,0.82,0.707,0.59
296,4,0.364,-0.01,0.536,1.0,0.676,0.81,0.414,0.18
297,2,0.637,0.99,0.809,0.99,0.383,0.4,0.121,0.17
298,2,0.91,1.0,1.0,0.98,0.09,-0.01,-0.172,0.16
299,7,0.9,0.707,0.59,0.687,0.08,0.263,0.828,0.433
300,7,0.89,0.414,0.18,0.394,0.07,0.536,1.0,0.706
301,,0.88,0.404,0.17,0.384,0.06,0.526,0.99,0.696
302,,0.87,0.394,0.16,0.374,0.05,0.516,0.98,0.686
303,,0.86,0.384,0.15,0.364,0.04,0.506,0.97,0.676
304,,0.85,0.374,0.14,0.354,0.03,0.496,0.96,0.666
305,,0.84,0.364,0.13,0.344,0.02,0.486,0.95,0.656
306,,0.83,0.354,0.12,0.334,0.01,0.476,0.94,0.646
307,,0.82,0.344,0.11,0.324,0.0,0.466,0.93,0.636
308,,0.81,0.334,0.1,0.314,-0.01,0.456,0.92,0.626
309,5,0.4,0.041,0.09,0.587,0.99,0.729,0.91,0.333
310,5,-0.01,-0.252,0.08,0.86,1.0,1.0,0.9,0.04
311,2,0.263,0.748,0.353,0.85,0.707,0.59,0.607,0.03
312,2,0.536,1.0,0.626,0.84,0.414,0.18,0.314,0.02
313,,0.526,0.99,0.616,0.83,0.404,0.17,0.304,0.01
314,,0.516,0.98,0.606,0.82,0.394,0.16,0.294,0.0
315,,0.506,0.97,0.596,0.81,0.384,0.15,0.284,-0.01
316,8,0.779,0.96,0.303,0.4,0.091,0.14,0.557,0.99
317,8,1.0,0.95,0.01,-0.01,-0.202,0.13,0.83,1.0
318,5,0.59,0.657,0.0,0.263,0.798,0.403,0.82,0.707
319,5,0.18,0.364,-0.01,0.536,1.0,0.676,0.81,0.414
320,3,0.17,0.637,0.99,0.809,0.99,0.383,0.4,0.121
321,3,0.16,0.91,1.0,1.0,0.98,0.09,-0.01,-0.172
322,8,0.433,0.9,0.707,0.59,0.687,0.08,0.263,0.828
323,8,0.706,0.89,0.414,0.18,0.394,0.07,0.536,1.0
324,,0.696,0.88,0.404,0.17,0.384,0.06,0.526,0.99
325,,0.686,0.87,0.394,0.16,0.374,0.05,0.516,0.98
326,,0.676,0.86,0.384,0.15,0.364,0.04,0.506,0.97
327,,0.666,0.85,0.374,0.14,0.354,0.03,0.496,0.96
328,,0.656,0.84,0.364,0.13,0.344,0.02,0.486,0.95
329,,0.646,0.83,0.354,0.12,0.334,0.01,0.476,0.94
330,,0.636,0.82,0.344,0.11,0.324,0.0,0.466,0.93
331,,0.626,0.81,0.334,0.1,0.314,-0.01,0.456,0.92
332,6,0.333,0.4,0.041,0.09,0.587,0.99,0.729,0.91
333,6,0.04,-0.01,-0.252,0.08,0.86,1.0,1.0,0.9
334,3,0.03,0.263,0.748,0.353,0.85,0.707,0.59,0.607
335,3,0.02,0.536,1.0,0.626,0.84,0.414,0.18,0.314
336,,0.01,0.526,0.99,0.616,0.83,0.404,0.17,0.304
337,,0.0,0.516,0.98,0.606,0.82,0.394,0.16,0.294
338,,-0.01,0.506,0.97,0.596,0.81,0.384,0.15,0.284
339,1,0.99,0.779,0.96,0.303,0.4,0.091,0.14,0.557
340,1,1.0,1.0,0.95,0.01,-0.01,-0.202,0.13,0.83
341,6,0.707,0.59,0.657,0.0,0.263,0.798,0.403,0.82
342,6,0.414,0.18,0.364,-0.01,0.536,1.0,0.676,0.81
343,4,0.121,0.17,0.637,0.99,0.809,0.99,0.383,0.4
344,4,-0.172,0.16,0.91,1.0,1.0,0.98,0.09,-0.01
345,1,0.828,0.433,0.9,0.707,0.59,0.687,0.08,0.263
346,1,1.0,0.706,0.89,0.414,0.18,0.394,0.07,0.536
347,,0.99,0.696,0.88,0.404,0.17,0.384,0.06,0.526
348,,0.98,0.686,0.87,0.394,0.16,0.374,0.05,0.516
349,,0.97,0.676,0.86,0.384,0.15,0.364,0.04,0.506
350,,0.96,0.666,0.85,0.374,0.14,0.354,0.03,0.496
351,,0.95,0.656,0.84,0.364,0.13,0.344,0.02,0.486
352,,0.94,0.646,0.83,0.354,0.12,0.334,0.01,0.476
353,,0.93,0.636,0.82,0.344,0.11,0.324,0.0,0.466
354,,0.92,0.626,0.81,0.334,0.1,0.314,-0.01,0.456
355,7,0.91,0.333,0.4,0.041,0.09,0.587,0.99,0.729
356,7,0.9,0.04,-0.01,-0.252,0.08,0.86,1.0,1.0
357,4,0.607,0.03,0.263,0.748,0.353,0.85,0.707,0.59
358,4,0.314,0.02,0.536,1.0,0.626,0.84,0.414,0.18
359,,0.304,0.01,0.526,0.99,0.616,0.83,0.404,0.17
360,,0.294,0.0,0.516,0.98,0.606,0.82,0.394,0.16
361,,0.284,-0.01,0.506,0.97,0.596,0.81,0.384,0.15
362,2,0.557,0.99,0.779,0.96,0.303,0.4,0.091,0.14
363,2,0.83,1.0,1.0,0.95,0.01,-0.01,-0.202,0.13
364,7,0.82,0.707,0.59,0.657,0.0,0.263,0.798,0.403
365,7,0.81,0.414,0.18,0.364,-0.01,0.536,1.0,0.676
366,5,0.4,0.121,0.17,0.637,0.99,0.809,0.99,0.383
367,5,-0.01,-0.172,0.16,0.91,1.0,1.0,0.98,0.09
368,2,0.263,0.828,0.433,0.9,0.707,0.59,0.687,0.08
369,2,0.536,1.0,0.706,0.89,0.414,0.18,0.394,0.07
370,,0.526,0.99,0.696,0.88,0.404,0.17,0.384,0.06
371,,0.516,0.98,0.686,0.87,0.394,0.16,0.374,0.05
372,,0.506,0.97,0.676,0.86,0.384,0.15,0.364,0.04
373,,0.496,0.96,0.666,0.85,0.374,0.14,0.354,0.03
374,,0.486,0.95,0.656,0.84,0.364,0.13,0.344,0.02
375,,0.476,0.94,0.646,0.83,0.354,0.12,0.334,0.01
376,,0.466,0.93,0.636,0.82,0.344,0.11,0.324,0.0
377,,0.456,0.92,0.626,0.81,0.334,0.1,0.314,-0.01
378,8,0.729,0.91,0.333,0.4,0.041,0.09,0.587,0.99
379,8,1.0,0.9,0.04,-0.01,-0.252,0.08,0.86,1.0
380,5,0.59,0.607,0.03,0.263,0.748,0.353,0.85,0.707
381,5,0.18,0.314,0.02,0.536,1.0,0.626,0.84,0.414
382,,0.17,0.304,0.01,0.526,0.99,0.616,0.83,0.404
383,,0.16,0.294,0.0,0.516,0.98,0.606,0.82,0.394
384,,0.15,0.284,-0.01,0.506,0.97,0.596,0.81,0.384
385,3,0.14,0.557,0.99,0.779,0.96,0.303,0.4,0.091
386,3,0.13,0.83,1.0,1.0,0.95,0.01,-0.01,-0.202
387,8,0.403,0.82,0.707,0.59,0.657,0.0,0.263,0.798
388,8,0.676,0.81,0.414,0.18,0.364,-0.01,0.536,1.0
389,6,0.383,0.4,0.121,0.17,0.637,0.99,0.809,0.99
390,6,0.09,-0.01,-0.172,0.16,0.91,1.0,1.0,0.98
391,3,0.08,0.263,0.828,0.433,0.9,0.707,0.59,0.687
392,3,0.07,0.536,1.0,0.706,0.89,0.414,0.18,0.394
393,,0.06,0.526,0.99,0.696,0.88,0.404,0.17,0.384
394,,0.05,0.516,0.98,0.686,0.87,0.394,0.16,0.374
395,,0.04,0.506,0.97,0.676,0.86,0.384,0.15,0.364
396,,0.03,0.496,0.96,0.666,0.85,0.374,0.14,0.354
397,,0.02,0.486,0.95,0.656,0.84,0.364,0.13,0.344
398,,0.01,0.476,0.94,0.646,0.83,0.354,0.12,0.334
399,,0.0,0.466,0.93,0.636,0.82,0.344,0.11,0.324
400,,-0.01,0.456,0.92,0.626,0.81,0.334,0.1,0.314
401,1,0.99,0.729,0.91,0.333,0.4,0.041,0.09,0.587
402,1,1.0,1.0,0.9,0.04,-0.01,-0.252,0.08,0.86
403,6,0.707,0.59,0.607,0.03,0.263,0.748,0.353,0.85
404,6,0.414,0.18,0.314,0.02,0.536,1.0,0.626,0.84
405,,0.404,0.17,0.304,0.01,0.526,0.99,0.616,0.83
406,,0.394,0.16,0.294,0.0,0.516,0.98,0.606,0.82
407,,0.384,0.15,0.284,-0.01,0.506,0.97,0.596,0.81
408,4,0.091,0.14,0.557,0.99,0.779,0.96,0.303,0.4
409,4,-0.202,0.13,0.83,1.0,1.0,0.95,0.01,-0.01
410,1,0.798,0.403,0.82,0.707,0.59,0.657,0.0,0.263
411,1,1.0,0.676,0.81,0.414,0.18,0.364,-0.01,0.536
412,7,0.99,0.383,0.4,0.121,0.17,0.637,0.99,0.809
413,7,0.98,0.09,-0.01,-0.172,0.16,0.91,1.0,1.0
414,4,0.687,0.08,0.263,0.828,0.433,0.9,0.707,0.59
415,4,0.394,0.07,0.536,1.0,0.706,0.89,0.414,0.18
416,,0.384,0.06,0.526,0.99,0.696,0.88,0.404,0.17
417,,0.374,0.05,0.516,0.98,0.686,0.87,0.394,0.16
418,,0.364,0.04,0.506,0.97,0.676,0.86,0.384,0.15
419,,0.354,0.03,0.496,0.96,0.666,0.85,0.374,0.14
420,,0.344,0.02,0.486,0.95,0.656,0.84,0.364,0.13
421,,0.334,0.01,0.476,0.94,0.646,0.83,0.354,0.12
422,,0.324,0.0,0.466,0.93,0.636,0.82,0.344,0.11
423,,0.314,-0.01,0.456,0.92,0.626,0.81,0.334,0.1
424,2,0.587,0.99,0.729,0.91,0.333,0.4,0.041,0.09
425,2,0.86,1.0,1.0,0.9,0.04,-0.01,-0.252,0.08
426,7,0.85,0.707,0.59,0.607,0.03,0.263,0.748,0.353
427,7,0.84,0.414,0.18,0.314,0.02,0.536,1.0,0.626
428,,0.83,0.404,0.17,0.304,0.01,0.526,0.99,0.616
429,,0.82,0.394,0.16,0.294,0.0,0.516,0.98,0.606
430,,0.81,0.384,0.15,0.284,-0.01,0.506,0.97,0.596
431,5,0.4,0.091,0.14,0.557,0.99,0.779,0.96,0.303
432,5,-0.01,-0.202,0.13,0.83,1.0,1.0,0.95,0.01
433,2,0.263,0.798,0.403,0.82,0.707,0.59,0.657,0.0
434,2,0.536,1.0,0.676,0.81,0.414,0.18,0.364,-0.01
435,8,0.809,0.99,0.383,0.4,0.121,0.17,0.637,0.99
436,8,1.0,0.98,0.09,-0.01,-0.172,0.16,0.91,1.0
437,5,0.59,0.687,0.08,0.263,0.828,0.433,0.9,0.707
438,5,0.18,0.394,0.07,0.536,1.0,0.706,0.89,0.414
439,,0.17,0.384,0.06,0.526,0.99,0.696,0.88,0.404
440,,0.16,0.374,0.05,0.516,0.98,0.686,0.87,0.394
441,,0.15,0.364,0.04,0.506,0.97,0.676,0.86,0.384
442,,0.14,0.354,0.03,0.496,0.96,0.666,0.85,0.374
443,,0.13,0.344,0.02,0.486,0.95,0.656,0.84,0.364
444,,0.12,0.334,0.01,0.476,0.94,0.646,0.83,0.354
445,,0.11,0.324,0.0,0.466,0.93,0.636,0.82,0.344
446,,0.1,0.314,-0.01,0.456,0.92,0.626,0.81,0.334
447,3,0.09,0.587,0.99,0.729,0.91,0.333,0.4,0.041
448,3,0.08,0.86,1.0,1.0,0.9,0.04,-0.01,-0.252
449,8,0.353,0.85,0.707,0.59,0.607,0.03,0.263,0.748
450,8,0.626,0.84,0.414,0.18,0.314,0.02,0.536,1.0
451,,0.616,0.83,0.404,0.17,0.304,0.01,0.526,0.99
452,,0.606,0.82,0.394,0.16,0.294,0.0,0.516,0.98
453,,0.596,0.81,0.384,0.15,0.284,-0.01,0.506,0.97
454,6,0.303,0.4,0.091,0.14,0.557,0.99,0.779,0.96
455,6,0.01,-0.01,-0.202,0.13,0.83,1.0,1.0,0.95
456,3,0.0,0.263,0.798,0.403,0.82,0.707,0.59,0.657
457,3,-0.01,0.536,1.0,0.676,0.81,0.414,0.18,0.364
458,1,0.99,0.809,0.99,0.383,0.4,0.121,0.17,0.637
459,1,1.0,1.0,0.98,0.09,-0.01,-0.172,0.16,0.91
460,6,0.707,0.59,0.687,0.08,0.263,0.828,0.433,0.9
461,6,0.414,0.18,0.394,0.07,0.536,1.0,0.706,0.89
462,,0.404,0.17,0.384,0.06,0.526,0.99,0.696,0.88
463,,0.394,0.16,0.374,0.05,0.516,0.98,0.686,0.87
464,,0.384,0.15,0.364,0.04,0.506,0.97,0.676,0.86
465,,0.374,0.14,0.354,0.03,0.496,0.96,0.666,0.85
466,,0.364,0.13,0.344,0.02,0.486,0.95,0.656,0.84
467,,0.354,0.12,0.334,0.01,0.476,0.94,0.646,0.83
468,,0.344,0.11,0.324,0.0,0.466,0.93,0.636,0.82
469,,0.334,0.1,0.314,-0.01,0.456,0.92,0.626,0.81
470,4,0.041,0.09,0.587,0.99,0.729,0.91,0.333,0.4
471,4,-0.252,0.08,0.86,1.0,1.0,0.9,0.04,-0.01
472,1,0.748,0.353,0.85,0.707,0.59,0.607,0.03,0.263
473,1,1.0,0.626,0.84,0.414,0.18,0.314,0.02,0.536
474,,0.99,0.616,0.83,0.404,0.17,0.304,0.01,0.526
475,,0.98,0.606,0.82,0.394,0.16,0.294,0.0,0.516
476,,0.97,0.596,0.81,0.384,0.15,0.284,-0.01,0.506
477,7,0.96,0.303,0.4,0.091,0.14,0.557,0.99,0.779
478,7,0.95,0.01,-0.01,-0.202,0.13,0.83,1.0,1.0
479,4,0.657,0.0,0.263,0.798,0.403,0.82,0.707,0.59
480,4,0.364,-0.01,0.536,1.0,0.676,0.81,0.414,0.18
481,2,0.637,0.99,0.809,0.99,0.383,0.4,0.121,0.17
482,2,0.91,1.0,1.0,0.98,0.09,-0.01,-0.172,0.16
483,7,0.9,0.707,0.59,0.687,0.08,0.263,0.828,0.433
484,7,0.89,0.414,0.18,0.394,0.07,0.536,1.0,0.706
485,,0.88,0.404,0.17,0.384,0.06,0.526,0.99,0.696
486,,0.87,0.394,0.16,0.374,0.05,0.516,0.98,0.686
487,,0.86,0.384,0.15,0.364,0.04,0.506,0.97,0.676
488,,0.85,0.374,0.14,0.354,0.03,0.496,0.96,0.666
489,,0.84,0.364,0.13,0.344,0.02,0.486,0.95,0.656
490,,0.83,0.354,0.12,0.334,0.01,0.476,0.94,0.646
491,,0.82,0.344,0.11,0.324,0.0,0.466,0.93,0.636
492,,0.81,0.334,0.1,0.314,-0.01,0.456,0.92,0.626
493,5,0.4,0.041,0.09,0.587,0.99,0.729,0.91,0.333
494,5,-0.01,-0.252,0.08,0.86,1.0,1.0,0.9,0.04
495,2,0.263,0.748,0.353,0.85,0.707,0.59,0.607,0.03
496,2,0.536,1.0,0.626,0.84,0.414,0.18,0.314,0.02
497,,0.526,0.99,0.616,0.83,0.404,0.17,0.304,0.01
498,,0.516,0.98,0.606,0.82,0.394,0.16,0.294,0.0
499,,0.506,0.97,0.596,0.81,0.384,0.15,0.284,-0.01
