step,active_motive,motive_1,motive_2,motive_3,motive_4,motive_5,motive_6,motive_7,motive_8
0,,0.98342,0.39882,0.81643,0.79835,0.15072,0.5082,0.69581,0.85836
1,,0.97342,0.38882,0.80643,0.78835,0.14072,0.4982,0.68581,0.84836
2,,0.96342,0.37882,0.79643,0.77835,0.13072,0.4882,0.67581,0.83836
3,,0.95342,0.36882,0.78643,0.76835,0.12072,0.4782,0.66581,0.82836
4,,0.94342,0.35882,0.77643,0.75835,0.11072,0.4682,0.65581,0.81836
5,,0.93342,0.34882,0.76643,0.74835,0.10072,0.4582,0.64581,0.80836
6,,0.92342,0.33882,0.75643,0.73835,0.09072,0.4482,0.63581,0.79836
7,,0.91342,0.32882,0.74643,0.72835,0.08072,0.4382,0.62581,0.78836
8,,0.90342,0.31882,0.73643,0.71835,0.07072,0.4282,0.61581,0.77836
9,,0.89342,0.30882,0.72643,0.70835,0.06072,0.4182,0.60581,0.76836
10,,0.88342,0.29882,0.71643,0.69835,0.05072,0.4082,0.59581,0.75836
11,,0.87342,0.28882,0.70643,0.68835,0.04072,0.3982,0.58581,0.74836
12,,0.86342,0.27882,0.69643,0.67835,0.03072,0.3882,0.57581,0.73836
13,,0.85342,0.26882,0.68643,0.66835,0.02072,0.3782,0.56581,0.72836
14,,0.84342,0.25882,0.67643,0.65835,0.01072,0.3682,0.55581,0.71836
15,,0.83342,0.24882,0.66643,0.64835,0.00072,0.3582,0.54581,0.70836
16,,0.82342,0.23882,0.65643,0.63835,-0.00928,0.3482,0.53581,0.69836
17,5,0.41342,-0.05418,0.64643,0.91135,0.99072,0.6212,0.52581,0.40536
18,5,0.00342,-0.34718,0.63643,1.0,1.0,0.8942,0.51581,0.11236
19,2,0.27642,0.65282,0.90943,0.99,0.707,0.4842,0.22281,0.10236
20,2,0.54942,1.0,1.0,0.98,0.414,0.0742,-0.07019,0.09236
21,7,0.53942,0.707,0.59,0.687,0.404,0.3472,0.92981,0.36536
22,7,0.52942,0.414,0.18,0.394,0.394,0.6202,1.0,0.63836
23,,0.51942,0.404,0.17,0.384,0.384,0.6102,0.99,0.62836
24,,0.50942,0.394,0.16,0.374,0.374,0.6002,0.98,0.61836
25,,0.49942,0.384,0.15,0.364,0.364,0.5902,0.97,0.60836
26,,0.48942,0.374,0.14,0.354,0.354,0.5802,0.96,0.59836
27,,0.47942,0.364,0.13,0.344,0.344,0.5702,0.95,0.58836
28,,0.46942,0.354,0.12,0.334,0.334,0.5602,0.94,0.57836
29,,0.45942,0.344,0.11,0.324,0.324,0.5502,0.93,0.56836
30,,0.44942,0.334,0.1,0.314,0.314,0.5402,0.92,0.55836
31,,0.43942,0.324,0.09,0.304,0.304,0.5302,0.91,0.54836
32,,0.42942,0.314,0.08,0.294,0.294,0.5202,0.9,0.53836
33,,0.41942,0.304,0.07,0.284,0.284,0.5102,0.89,0.52836
34,,0.40942,0.294,0.06,0.274,0.274,0.5002,0.88,0.51836
35,,0.39942,0.284,0.05,0.264,0.264,0.4902,0.87,0.50836
36,,0.38942,0.274,0.04,0.254,0.254,0.4802,0.86,0.49836
37,,0.37942,0.264,0.03,0.244,0.244,0.4702,0.85,0.48836
38,,0.36942,0.254,0.02,0.234,0.234,0.4602,0.84,0.47836
39,,0.35942,0.244,0.01,0.224,0.224,0.4502,0.83,0.46836
40,,0.34942,0.234,0.0,0.214,0.214,0.4402,0.82,0.45836
41,,0.33942,0.224,-0.01,0.204,0.204,0.4302,0.81,0.44836
42,3,0.32942,0.497,0.99,0.477,0.194,0.1372,0.4,0.15536
43,3,0.31942,0.77,1.0,0.75,0.184,-0.1558,-0.01,-0.13764
44,6,0.02642,0.36,0.707,0.74,0.457,0.8442,0.263,-0.14764
45,6,-0.26658,-0.05,0.414,0.73,0.73,1.0,0.536,-0.15764
46,1,0.73342,0.223,0.404,0.437,0.32,0.707,0.526,0.11536
47,1,1.0,0.496,0.394,0.144,-0.09,0.414,0.516,0.38836
48,5,0.59,0.203,0.384,0.417,0.91,0.687,0.506,0.09536
49,5,0.18,-0.09,0.374,0.69,1.0,0.96,0.496,-0.19764
50,8,0.453,-0.1,0.081,0.28,0.707,0.95,0.769,0.80236
51,8,0.726,-0.11,-0.212,-0.13,0.414,0.94,1.0,1.0
52,3,0.716,0.163,0.788,0.143,0.404,0.647,0.59,0.707
53,3,0.706,0.436,1.0,0.416,0.394,0.354,0.18,0.414
54,,0.696,0.426,0.99,0.406,0.384,0.344,0.17,0.404
55,,0.686,0.416,0.98,0.396,0.374,0.334,0.16,0.394
56,,0.676,0.406,0.97,0.386,0.364,0.324,0.15,0.384
57,,0.666,0.396,0.96,0.376,0.354,0.314,0.14,0.374
58,,0.656,0.386,0.95,0.366,0.344,0.304,0.13,0.364
59,,0.646,0.376,0.94,0.356,0.334,0.294,0.12,0.354
60,,0.636,0.366,0.93,0.346,0.324,0.284,0.11,0.344
61,,0.626,0.356,0.92,0.336,0.314,0.274,0.1,0.334
62,,0.616,0.346,0.91,0.326,0.304,0.264,0.09,0.324
63,,0.606,0.336,0.9,0.316,0.294,0.254,0.08,0.314
64,,0.596,0.326,0.89,0.306,0.284,0.244,0.07,0.304
65,,0.586,0.316,0.88,0.296,0.274,0.234,0.06,0.294
66,,0.576,0.306,0.87,0.286,0.264,0.224,0.05,0.284
67,,0.566,0.296,0.86,0.276,0.254,0.214,0.04,0.274
68,,0.556,0.286,0.85,0.266,0.244,0.204,0.03,0.264
69,,0.546,0.276,0.84,0.256,0.234,0.194,0.02,0.254
70,,0.536,0.266,0.83,0.246,0.224,0.184,0.01,0.244
71,,0.526,0.256,0.82,0.236,0.214,0.174,0.0,0.234
72,,0.516,0.246,0.81,0.226,0.204,0.164,-0.01,0.224
73,7,0.506,-0.047,0.4,-0.067,0.194,0.437,0.99,0.497
74,7,0.496,-0.34,-0.01,-0.36,0.184,0.71,1.0,0.77
75,4,0.203,-0.35,0.263,0.64,0.457,0.7,0.707,0.36
76,4,-0.09,-0.36,0.536,1.0,0.73,0.69,0.414,-0.05
77,2,0.183,0.64,0.809,0.99,0.437,0.28,0.121,-0.06
78,2,0.456,1.0,1.0,0.98,0.144,-0.13,-0.172,-0.07
79,7,0.446,0.707,0.59,0.687,0.134,0.143,0.828,0.203
80,7,0.436,0.414,0.18,0.394,0.124,0.416,1.0,0.476
81,,0.426,0.404,0.17,0.384,0.114,0.406,0.99,0.466
82,,0.416,0.394,0.16,0.374,0.104,0.396,0.98,0.456
83,,0.406,0.384,0.15,0.364,0.094,0.386,0.97,0.446
84,,0.396,0.374,0.14,0.354,0.084,0.376,0.96,0.436
85,,0.386,0.364,0.13,0.344,0.074,0.366,0.95,0.426
86,,0.376,0.354,0.12,0.334,0.064,0.356,0.94,0.416
87,,0.366,0.344,0.11,0.324,0.054,0.346,0.93,0.406
88,,0.356,0.334,0.1,0.314,0.044,0.336,0.92,0.396
89,,0.346,0.324,0.09,0.304,0.034,0.326,0.91,0.386
90,,0.336,0.314,0.08,0.294,0.024,0.316,0.9,0.376
91,,0.326,0.304,0.07,0.284,0.014,0.306,0.89,0.366
92,,0.316,0.294,0.06,0.274,0.004,0.296,0.88,0.356
93,,0.306,0.284,0.05,0.264,-0.006,0.286,0.87,0.346
94,5,-0.104,-0.009,0.04,0.537,0.994,0.559,0.86,0.053
95,5,-0.514,-0.302,0.03,0.81,1.0,0.832,0.85,-0.24
96,1,0.486,-0.029,0.02,0.517,0.59,0.539,0.84,0.033
97,1,1.0,0.244,0.01,0.224,0.18,0.246,0.83,0.306
98,,0.99,0.234,0.0,0.214,0.17,0.236,0.82,0.296
99,,0.98,0.224,-0.01,0.204,0.16,0.226,0.81,0.286
100,3,0.97,0.497,0.99,0.477,0.15,-0.067,0.4,-0.007
101,3,0.96,0.77,1.0,0.75,0.14,-0.36,-0.01,-0.3
102,6,0.667,0.36,0.707,0.74,0.413,0.64,0.263,-0.31
103,6,0.374,-0.05,0.414,0.73,0.686,1.0,0.536,-0.32
104,8,0.647,-0.06,0.121,0.32,0.393,0.99,0.809,0.68
105,8,0.92,-0.07,-0.172,-0.09,0.1,0.98,1.0,1.0
106,3,0.91,0.203,0.828,0.183,0.09,0.687,0.59,0.707
107,3,0.9,0.476,1.0,0.456,0.08,0.394,0.18,0.414
108,,0.89,0.466,0.99,0.446,0.07,0.384,0.17,0.404
109,,0.88,0.456,0.98,0.436,0.06,0.374,0.16,0.394
110,,0.87,0.446,0.97,0.426,0.05,0.364,0.15,0.384
111,,0.86,0.436,0.96,0.416,0.04,0.354,0.14,0.374
112,,0.85,0.426,0.95,0.406,0.03,0.344,0.13,0.364
113,,0.84,0.416,0.94,0.396,0.02,0.334,0.12,0.354
114,,0.83,0.406,0.93,0.386,0.01,0.324,0.11,0.344
115,,0.82,0.396,0.92,0.376,0.0,0.314,0.1,0.334
116,,0.81,0.386,0.91,0.366,-0.01,0.304,0.09,0.324
117,5,0.4,0.093,0.9,0.639,0.99,0.577,0.08,0.031
118,5,-0.01,-0.2,0.89,0.912,1.0,0.85,0.07,-0.262
119,8,0.263,-0.21,0.597,0.502,0.707,0.84,0.343,0.738
120,8,0.536,-0.22,0.304,0.092,0.414,0.83,0.616,1.0
121,2,0.809,0.78,0.577,0.082,0.121,0.42,0.323,0.99
122,2,1.0,1.0,0.85,0.072,-0.172,0.01,0.03,0.98
123,5,0.59,0.707,0.84,0.345,0.828,0.283,0.02,0.687
124,5,0.18,0.414,0.83,0.618,1.0,0.556,0.01,0.394
125,,0.17,0.404,0.82,0.608,0.99,0.546,0.0,0.384
126,,0.16,0.394,0.81,0.598,0.98,0.536,-0.01,0.374
127,7,0.15,0.101,0.4,0.305,0.97,0.809,0.99,0.647
128,7,0.14,-0.192,-0.01,0.012,0.96,1.0,1.0,0.92
129,2,0.413,0.808,0.263,0.002,0.667,0.59,0.707,0.91
130,2,0.686,1.0,0.536,-0.008,0.374,0.18,0.414,0.9
131,4,0.393,0.99,0.809,0.992,0.647,0.17,0.121,0.49
132,4,0.1,0.98,1.0,1.0,0.92,0.16,-0.172,0.08
133,7,0.09,0.687,0.59,0.707,0.91,0.433,0.828,0.353
134,7,0.08,0.394,0.18,0.414,0.9,0.706,1.0,0.626
135,,0.07,0.384,0.17,0.404,0.89,0.696,0.99,0.616
136,,0.06,0.374,0.16,0.394,0.88,0.686,0.98,0.606
137,,0.05,0.364,0.15,0.384,0.87,0.676,0.97,0.596
138,,0.04,0.354,0.14,0.374,0.86,0.666,0.96,0.586
139,,0.03,0.344,0.13,0.364,0.85,0.656,0.95,0.576
140,,0.02,0.334,0.12,0.354,0.84,0.646,0.94,0.566
141,,0.01,0.324,0.11,0.344,0.83,0.636,0.93,0.556
142,,0.0,0.314,0.1,0.334,0.82,0.626,0.92,0.546
143,,-0.01,0.304,0.09,0.324,0.81,0.616,0.91,0.536
144,1,0.99,0.577,0.08,0.031,0.4,0.323,0.9,0.809
145,1,1.0,0.85,0.07,-0.262,-0.01,0.03,0.89,1.0
146,4,0.707,0.84,0.343,0.738,0.263,0.02,0.597,0.59
147,4,0.414,0.83,0.616,1.0,0.536,0.01,0.304,0.18
148,,0.404,0.82,0.606,0.99,0.526,0.0,0.294,0.17
149,,0.394,0.81,0.596,0.98,0.516,-0.01,0.284,0.16
150,6,0.101,0.4,0.303,0.97,0.789,0.99,0.557,0.15
151,6,-0.192,-0.01,0.01,0.96,1.0,1.0,0.83,0.14
152,1,0.808,0.263,0.0,0.667,0.59,0.707,0.82,0.413
153,1,1.0,0.536,-0.01,0.374,0.18,0.414,0.81,0.686
154,3,0.99,0.809,0.99,0.647,0.17,0.121,0.4,0.393
155,3,0.98,1.0,1.0,0.92,0.16,-0.172,-0.01,0.1
156,6,0.687,0.59,0.707,0.91,0.433,0.828,0.263,0.09
157,6,0.394,0.18,0.414,0.9,0.706,1.0,0.536,0.08
158,,0.384,0.17,0.404,0.89,0.696,0.99,0.526,0.07
159,,0.374,0.16,0.394,0.88,0.686,0.98,0.516,0.06
160,,0.364,0.15,0.384,0.87,0.676,0.97,0.506,0.05
161,,0.354,0.14,0.374,0.86,0.666,0.96,0.496,0.04
162,,0.344,0.13,0.364,0.85,0.656,0.95,0.486,0.03
163,,0.334,0.12,0.354,0.84,0.646,0.94,0.476,0.02
164,,0.324,0.11,0.344,0.83,0.636,0.93,0.466,0.01
165,,0.314,0.1,0.334,0.82,0.626,0.92,0.456,0.0
166,,0.304,0.09,0.324,0.81,0.616,0.91,0.446,-0.01
167,8,0.577,0.08,0.031,0.4,0.323,0.9,0.719,0.99
168,8,0.85,0.07,-0.262,-0.01,0.03,0.89,0.992,1.0
169,3,0.84,0.343,0.738,0.263,0.02,0.597,0.582,0.707
170,3,0.83,0.616,1.0,0.536,0.01,0.304,0.172,0.414
171,,0.82,0.606,0.99,0.526,0.0,0.294,0.162,0.404
172,,0.81,0.596,0.98,0.516,-0.01,0.284,0.152,0.394
173,5,0.4,0.303,0.97,0.789,0.99,0.557,0.142,0.101
174,5,-0.01,0.01,0.96,1.0,1.0,0.83,0.132,-0.192
175,8,0.263,0.0,0.667,0.59,0.707,0.82,0.405,0.808
176,8,0.536,-0.01,0.374,0.18,0.414,0.81,0.678,1.0
177,2,0.809,0.99,0.647,0.17,0.121,0.4,0.385,0.99
178,2,1.0,1.0,0.92,0.16,-0.172,-0.01,0.092,0.98
179,5,0.59,0.707,0.91,0.433,0.828,0.263,0.082,0.687
180,5,0.18,0.414,0.9,0.706,1.0,0.536,0.072,0.394
181,,0.17,0.404,0.89,0.696,0.99,0.526,0.062,0.384
182,,0.16,0.394,0.88,0.686,0.98,0.516,0.052,0.374
183,,0.15,0.384,0.87,0.676,0.97,0.506,0.042,0.364
184,,0.14,0.374,0.86,0.666,0.96,0.496,0.032,0.354
185,,0.13,0.364,0.85,0.656,0.95,0.486,0.022,0.344
186,,0.12,0.354,0.84,0.646,0.94,0.476,0.012,0.334
187,,0.11,0.344,0.83,0.636,0.93,0.466,0.002,0.324
188,,0.1,0.334,0.82,0.626,0.92,0.456,-0.008,0.314
189,7,0.09,0.041,0.41,0.333,0.91,0.729,0.992,0.587
190,7,0.08,-0.252,-0.0,0.04,0.9,1.0,1.0,0.86
191,2,0.353,0.748,0.273,0.03,0.607,0.59,0.707,0.85
192,2,0.626,1.0,0.546,0.02,0.314,0.18,0.414,0.84
193,,0.616,0.99,0.536,0.01,0.304,0.17,0.404,0.83
194,,0.606,0.98,0.526,0.0,0.294,0.16,0.394,0.82
195,,0.596,0.97,0.516,-0.01,0.284,0.15,0.384,0.81
196,4,0.303,0.96,0.789,0.99,0.557,0.14,0.091,0.4
197,4,0.01,0.95,1.0,1.0,0.83,0.13,-0.202,-0.01
198,7,0.0,0.657,0.59,0.707,0.82,0.403,0.798,0.263
199,7,-0.01,0.364,0.18,0.414,0.81,0.676,1.0,0.536
200,1,0.99,0.637,0.17,0.121,0.4,0.383,0.99,0.809
201,1,1.0,0.91,0.16,-0.172,-0.01,0.09,0.98,1.0
202,4,0.707,0.9,0.433,0.828,0.263,0.08,0.687,0.59
203,4,0.414,0.89,0.706,1.0,0.536,0.07,0.394,0.18
204,,0.404,0.88,0.696,0.99,0.526,0.06,0.384,0.17
205,,0.394,0.87,0.686,0.98,0.516,0.05,0.374,0.16
206,,0.384,0.86,0.676,0.97,0.506,0.04,0.364,0.15
207,,0.374,0.85,0.666,0.96,0.496,0.03,0.354,0.14
208,,0.364,0.84,0.656,0.95,0.486,0.02,0.344,0.13
209,,0.354,0.83,0.646,0.94,0.476,0.01,0.334,0.12
210,,0.344,0.82,0.636,0.93,0.466,0.0,0.324,0.11
211,,0.334,0.81,0.626,0.92,0.456,-0.01,0.314,0.1
212,6,0.041,0.4,0.333,0.91,0.729,0.99,0.587,0.09
213,6,-0.252,-0.01,0.04,0.9,1.0,1.0,0.86,0.08
214,1,0.748,0.263,0.03,0.607,0.59,0.707,0.85,0.353
215,1,1.0,0.536,0.02,0.314,0.18,0.414,0.84,0.626
216,,0.99,0.526,0.01,0.304,0.17,0.404,0.83,0.616
217,,0.98,0.516,0.0,0.294,0.16,0.394,0.82,0.606
218,,0.97,0.506,-0.01,0.284,0.15,0.384,0.81,0.596
219,3,0.96,0.779,0.99,0.557,0.14,0.091,0.4,0.303
220,3,0.95,1.0,1.0,0.83,0.13,-0.202,-0.01,0.01
221,6,0.657,0.59,0.707,0.82,0.403,0.798,0.263,0.0
222,6,0.364,0.18,0.414,0.81,0.676,1.0,0.536,-0.01
223,8,0.637,0.17,0.121,0.4,0.383,0.99,0.809,0.99
224,8,0.91,0.16,-0.172,-0.01,0.09,0.98,1.0,1.0
225,3,0.9,0.433,0.828,0.263,0.08,0.687,0.59,0.707
226,3,0.89,0.706,1.0,0.536,0.07,0.394,0.18,0.414
227,,0.88,0.696,0.99,0.526,0.06,0.384,0.17,0.404
228,,0.87,0.686,0.98,0.516,0.05,0.374,0.16,0.394
229,,0.86,0.676,0.97,0.506,0.04,0.364,0.15,0.384
230,,0.85,0.666,0.96,0.496,0.03,0.354,0.14,0.374
231,,0.84,0.656,0.95,0.486,0.02,0.344,0.13,0.364
232,,0.83,0.646,0.94,0.476,0.01,0.334,0.12,0.354
233,,0.82,0.636,0.93,0.466,0.0,0.324,0.11,0.344
234,,0.81,0.626,0.92,0.456,-0.01,0.314,0.1,0.334
235,5,0.4,0.333,0.91,0.729,0.99,0.587,0.09,0.041
236,5,-0.01,0.04,0.9,1.0,1.0,0.86,0.08,-0.252
237,8,0.263,0.03,0.607,0.59,0.707,0.85,0.353,0.748
238,8,0.536,0.02,0.314,0.18,0.414,0.84,0.626,1.0
239,,0.526,0.01,0.304,0.17,0.404,0.83,0.616,0.99
240,,0.516,0.0,0.294,0.16,0.394,0.82,0.606,0.98
241,,0.506,-0.01,0.284,0.15,0.384,0.81,0.596,0.97
242,2,0.779,0.99,0.557,0.14,0.091,0.4,0.303,0.96
243,2,1.0,1.0,0.83,0.13,-0.202,-0.01,0.01,0.95
244,5,0.59,0.707,0.82,0.403,0.798,0.263,0.0,0.657
245,5,0.18,0.414,0.81,0.676,1.0,0.536,-0.01,0.364
246,7,0.17,0.121,0.4,0.383,0.99,0.809,0.99,0.637
247,7,0.16,-0.172,-0.01,0.09,0.98,1.0,1.0,0.91
248,2,0.433,0.828,0.263,0.08,0.687,0.59,0.707,0.9
249,2,0.706,1.0,0.536,0.07,0.394,0.18,0.414,0.89
250,,0.696,0.99,0.526,0.06,0.384,0.17,0.404,0.88
251,,0.686,0.98,0.516,0.05,0.374,0.16,0.394,0.87
252,,0.676,0.97,0.506,0.04,0.364,0.15,0.384,0.86
253,,0.666,0.96,0.496,0.03,0.354,0.14,0.374,0.85
254,,0.656,0.95,0.486,0.02,0.344,0.13,0.364,0.84
255,,0.646,0.94,0.476,0.01,0.334,0.12,0.354,0.83
256,,0.636,0.93,0.466,0.0,0.324,0.11,0.344,0.82
257,,0.626,0.92,0.456,-0.01,0.314,0.1,0.334,0.81
258,4,0.333,0.91,0.729,0.99,0.587,0.09,0.041,0.4
259,4,0.04,0.9,1.0,1.0,0.86,0.08,-0.252,-0.01
260,7,0.03,0.607,0.59,0.707,0.85,0.353,0.748,0.263
261,7,0.02,0.314,0.18,0.414,0.84,0.626,1.0,0.536
262,,0.01,0.304,0.17,0.404,0.83,0.616,0.99,0.526
263,,0.0,0.294,0.16,0.394,0.82,0.606,0.98,0.516
264,,-0.01,0.284,0.15,0.384,0.81,0.596,0.97,0.506
265,1,0.99,0.557,0.14,0.091,0.4,0.303,0.96,0.779
266,1,1.0,0.83,0.13,-0.202,-0.01,0.01,0.95,1.0
267,4,0.707,0.82,0.403,0.798,0.263,0.0,0.657,0.59
268,4,0.414,0.81,0.676,1.0,0.536,-0.01,0.364,0.18
269,6,0.121,0.4,0.383,0.99,0.809,0.99,0.637,0.17
270,6,-0.172,-0.01,0.09,0.98,1.0,1.0,0.91,0.16
271,1,0.828,0.263,0.08,0.687,0.59,0.707,0.9,0.433
272,1,1.0,0.536,0.07,0.394,0.18,0.414,0.89,0.706
273,,0.99,0.526,0.06,0.384,0.17,0.404,0.88,0.696
274,,0.98,0.516,0.05,0.374,0.16,0.394,0.87,0.686
275,,0.97,0.506,0.04,0.364,0.15,0.384,0.86,0.676
276,,0.96,0.496,0.03,0.354,0.14,0.374,0.85,0.666
277,,0.95,0.486,0.02,0.344,0.13,0.364,0.84,0.656
278,,0.94,0.476,0.01,0.334,0.12,0.354,0.83,0.646
279,,0.93,0.466,0.0,0.324,0.11,0.344,0.82,0.636
280,,0.92,0.456,-0.01,0.314,0.1,0.334,0.81,0.626
281,3,0.91,0.729,0.99,0.587,0.09,0.041,0.4,0.333
282,3,0.9,1.0,1.0,0.86,0.08,-0.252,-0.01,0.04
283,6,0.607,0.59,0.707,0.85,0.353,0.748,0.263,0.03
284,6,0.314,0.18,0.414,0.84,0.626,1.0,0.536,0.02
285,,0.304,0.17,0.404,0.83,0.616,0.99,0.526,0.01
286,,0.294,0.16,0.394,0.82,0.606,0.98,0.516,0.0
287,,0.284,0.15,0.384,0.81,0.596,0.97,0.506,-0.01
288,8,0.557,0.14,0.091,0.4,0.303,0.96,0.779,0.99
289,8,0.83,0.13,-0.202,-0.01,0.01,0.95,1.0,1.0
290,3,0.82,0.403,0.798,0.263,0.0,0.657,0.59,0.707
291,3,0.81,0.676,1.0,0.536,-0.01,0.364,0.18,0.414
292,5,0.4,0.383,0.99,0.809,0.99,0.637,0.17,0.121
293,5,-0.01,0.09,0.98,1.0,1.0,0.91,0.16,-0.172
294,8,0.263,0.08,0.687,0.59,0.707,0.9,0.433,0.828
295,8,0.536,0.07,0.394,0.18,0.414,0.89,0.706,1.0
296,,0.526,0.06,0.384,0.17,0.404,0.88,0.696,0.99
297,,0.516,0.05,0.374,0.16,0.394,0.87,0.686,0.98
298,,0.506,0.04,0.364,0.15,0.384,0.86,0.676,0.97
299,,0.496,0.03,0.354,0.14,0.374,0.85,0.666,0.96
300,,0.486,0.02,0.344,0.13,0.364,0.84,0.656,0.95
301,,0.476,0.01,0.334,0.12,0.354,0.83,0.646,0.94
302,,0.466,0.0,0.324,0.11,0.344,0.82,0.636,0.93
303,,0.456,-0.01,0.314,0.1,0.334,0.81,0.626,0.92
304,2,0.729,0.99,0.587,0.09,0.041,0.4,0.333,0.91
305,2,1.0,1.0,0.86,0.08,-0.252,-0.01,0.04,0.9
306,5,0.59,0.707,0.85,0.353,0.748,0.263,0.03,0.607
307,5,0.18,0.414,0.84,0.626,1.0,0.536,0.02,0.314
308,,0.17,0.404,0.83,0.616,0.99,0.526,0.01,0.304
309,,0.16,0.394,0.82,0.606,0.98,0.516,0.0,0.294
310,,0.15,0.384,0.81,0.596,0.97,0.506,-0.01,0.284
311,7,0.14,0.091,0.4,0.303,0.96,0.779,0.99,0.557
312,7,0.13,-0.202,-0.01,0.01,0.95,1.0,1.0,0.83
313,2,0.403,0.798,0.263,0.0,0.657,0.59,0.707,0.82
314,2,0.676,1.0,0.536,-0.01,0.364,0.18,0.414,0.81
315,4,0.383,0.99,0.809,0.99,0.637,0.17,0.121,0.4
316,4,0.09,0.98,1.0,1.0,0.91,0.16,-0.172,-0.01
317,7,0.08,0.687,0.59,0.707,0.9,0.433,0.828,0.263
318,7,0.07,0.394,0.18,0.414,0.89,0.706,1.0,0.536
319,,0.06,0.384,0.17,0.404,0.88,0.696,0.99,0.526
320,,0.05,0.374,0.16,0.394,0.87,0.686,0.98,0.516
321,,0.04,0.364,0.15,0.384,0.86,0.676,0.97,0.506
322,,0.03,0.354,0.14,0.374,0.85,0.666,0.96,0.496
323,,0.02,0.344,0.13,0.364,0.84,0.656,0.95,0.486
324,,0.01,0.334,0.12,0.354,0.83,0.646,0.94,0.476
325,,0.0,0.324,0.11,0.344,0.82,0.636,0.93,0.466
326,,-0.01,0.314,0.1,0.334,0.81,0.626,0.92,0.456
327,1,0.99,0.587,0.09,0.041,0.4,0.333,0.91,0.729
328,1,1.0,0.86,0.08,-0.252,-0.01,0.04,0.9,1.0
329,4,0.707,0.85,0.353,0.748,0.263,0.03,0.607,0.59
330,4,0.414,0.84,0.626,1.0,0.536,0.02,0.314,0.18
331,,0.404,0.83,0.616,0.99,0.526,0.01,0.304,0.17
332,,0.394,0.82,0.606,0.98,0.516,0.0,0.294,0.16
333,,0.384,0.81,0.596,0.97,0.506,-0.01,0.284,0.15
334,6,0.091,0.4,0.303,0.96,0.779,0.99,0.557,0.14
335,6,-0.202,-0.01,0.01,0.95,1.0,1.0,0.83,0.13
336,1,0.798,0.263,0.0,0.657,0.59,0.707,0.82,0.403
337,1,1.0,0.536,-0.01,0.364,0.18,0.414,0.81,0.676
338,3,0.99,0.809,0.99,0.637,0.17,0.121,0.4,0.383
339,3,0.98,1.0,1.0,0.91,0.16,-0.172,-0.01,0.09
340,6,0.687,0.59,0.707,0.9,0.433,0.828,0.263,0.08
341,6,0.394,0.18,0.414,0.89,0.706,1.0,0.536,0.07
342,,0.384,0.17,0.404,0.88,0.696,0.99,0.526,0.06
343,,0.374,0.16,0.394,0.87,0.686,0.98,0.516,0.05
344,,0.364,0.15,0.384,0.86,0.676,0.97,0.506,0.04
345,,0.354,0.14,0.374,0.85,0.666,0.96,0.496,0.03
346,,0.344,0.13,0.364,0.84,0.656,0.95,0.486,0.02
347,,0.334,0.12,0.354,0.83,0.646,0.94,0.476,0.01
348,,0.324,0.11,0.344,0.82,0.636,0.93,0.466,0.0
349,,0.314,0.1,0.334,0.81,0.626,0.92,0.456,-0.01
350,8,0.587,0.09,0.041,0.4,0.333,0.91,0.729,0.99
351,8,0.86,0.08,-0.252,-0.01,0.04,0.9,1.0,1.0
352,3,0.85,0.353,0.748,0.263,0.03,0.607,0.59,0.707
353,3,0.84,0.626,1.0,0.536,0.02,0.314,0.18,0.414
354,,0.83,0.616,0.99,0.526,0.01,0.304,0.17,0.404
355,,0.82,0.606,0.98,0.516,0.0,0.294,0.16,0.394
356,,0.81,0.596,0.97,0.506,-0.01,0.284,0.15,0.384
357,5,0.4,0.303,0.96,0.779,0.99,0.557,0.14,0.091
358,5,-0.01,0.01,0.95,1.0,1.0,0.83,0.13,-0.202
359,8,0.263,0.0,0.657,0.59,0.707,0.82,0.403,0.798
360,8,0.536,-0.01,0.364,0.18,0.414,0.81,0.676,1.0
361,2,0.809,0.99,0.637,0.17,0.121,0.4,0.383,0.99
362,2,1.0,1.0,0.91,0.16,-0.172,-0.01,0.09,0.98
363,5,0.59,0.707,0.9,0.433,0.828,0.263,0.08,0.687
364,5,0.18,0.414,0.89,0.706,1.0,0.536,0.07,0.394
365,,0.17,0.404,0.88,0.696,0.99,0.526,0.06,0.384
366,,0.16,0.394,0.87,0.686,0.98,0.516,0.05,0.374
367,,0.15,0.384,0.86,0.676,0.97,0.506,0.04,0.364
368,,0.14,0.374,0.85,0.666,0.96,0.496,0.03,0.354
369,,0.13,0.364,0.84,0.656,0.95,0.486,0.02,0.344
370,,0.12,0.354,0.83,0.646,0.94,0.476,0.01,0.334
371,,0.11,0.344,0.82,0.636,0.93,0.466,0.0,0.324
372,,0.1,0.334,0.81,0.626,0.92,0.456,-0.01,0.314
373,7,0.09,0.041,0.4,0.333,0.91,0.729,0.99,0.587
374,7,0.08,-0.252,-0.01,0.04,0.9,1.0,1.0,0.86
375,2,0.353,0.748,0.263,0.03,0.607,0.59,0.707,0.85
376,2,0.626,1.0,0.536,0.02,0.314,0.18,0.414,0.84
377,,0.616,0.99,0.526,0.01,0.304,0.17,0.404,0.83
378,,0.606,0.98,0.516,0.0,0.294,0.16,0.394,0.82
379,,0.596,0.97,0.506,-0.01,0.284,0.15,0.384,0.81
380,4,0.303,0.96,0.779,0.99,0.557,0.14,0.091,0.4
381,4,0.01,0.95,1.0,1.0,0.83,0.13,-0.202,-0.01
382,7,0.0,0.657,0.59,0.707,0.82,0.403,0.798,0.263
383,7,-0.01,0.364,0.18,0.414,0.81,0.676,1.0,0.536
384,1,0.99,0.637,0.17,0.121,0.4,0.383,0.99,0.809
385,1,1.0,0.91,0.16,-0.172,-0.01,0.09,0.98,1.0
386,4,0.707,0.9,0.433,0.828,0.263,0.08,0.687,0.59
387,4,0.414,0.89,0.706,1.0,0.536,0.07,0.394,0.18
388,,0.404,0.88,0.696,0.99,0.526,0.06,0.384,0.17
389,,0.394,0.87,0.686,0.98,0.516,0.05,0.374,0.16
390,,0.384,0.86,0.676,0.97,0.506,0.04,0.364,0.15
391,,0.374,0.85,0.666,0.96,0.496,0.03,0.354,0.14
392,,0.364,0.84,0.656,0.95,0.486,0.02,0.344,0.13
393,,0.354,0.83,0.646,0.94,0.476,0.01,0.334,0.12
394,,0.344,0.82,0.636,0.93,0.466,0.0,0.324,0.11
395,,0.334,0.81,0.626,0.92,0.456,-0.01,0.314,0.1
396,6,0.041,0.4,0.333,0.91,0.729,0.99,0.587,0.09
397,6,-0.252,-0.01,0.04,0.9,1.0,1.0,0.86,0.08
398,1,0.748,0.263,0.03,0.607,0.59,0.707,0.85,0.353
399,1,1.0,0.536,0.02,0.314,0.18,0.414,0.84,0.626
400,,0.99,0.526,0.01,0.304,0.17,0.404,0.83,0.616
401,,0.98,0.516,0.0,0.294,0.16,0.394,0.82,0.606
402,,0.97,0.506,-0.01,0.284,0.15,0.384,0.81,0.596
403,3,0.96,0.779,0.99,0.557,0.14,0.091,0.4,0.303
404,3,0.95,1.0,1.0,0.83,0.13,-0.202,-0.01,0.01
405,6,0.657,0.59,0.707,0.82,0.403,0.798,0.263,0.0
406,6,0.364,0.18,0.414,0.81,0.676,1.0,0.536,-0.01
407,8,0.637,0.17,0.121,0.4,0.383,0.99,0.809,0.99
408,8,0.91,0.16,-0.172,-0.01,0.09,0.98,1.0,1.0
409,3,0.9,0.433,0.828,0.263,0.08,0.687,0.59,0.707
410,3,0.89,0.706,1.0,0.536,0.07,0.394,0.18,0.414
411,,0.88,0.696,0.99,0.526,0.06,0.384,0.17,0.404
412,,0.87,0.686,0.98,0.516,0.05,0.374,0.16,0.394
413,,0.86,0.676,0.97,0.506,0.04,0.364,0.15,0.384
414,,0.85,0.666,0.96,0.496,0.03,0.354,0.14,0.374
415,,0.84,0.656,0.95,0.486,0.02,0.344,0.13,0.364
416,,0.83,0.646,0.94,0.476,0.01,0.334,0.12,0.354
417,,0.82,0.636,0.93,0.466,0.0,0.324,0.11,0.344
418,,0.81,0.626,0.92,0.456,-0.01,0.314,0.1,0.334
419,5,0.4,0.333,0.91,0.729,0.99,0.587,0.09,0.041
420,5,-0.01,0.04,0.9,1.0,1.0,0.86,0.08,-0.252
421,8,0.263,0.03,0.607,0.59,0.707,0.85,0.353,0.748
422,8,0.536,0.02,0.314,0.18,0.414,0.84,0.626,1.0
423,,0.526,0.01,0.304,0.17,0.404,0.83,0.616,0.99
424,,0.516,0.0,0.294,0.16,0.394,0.82,0.606,0.98
425,,0.506,-0.01,0.284,0.15,0.384,0.81,0.596,0.97
426,2,0.779,0.99,0.557,0.14,0.091,0.4,0.303,0.96
427,2,1.0,1.0,0.83,0.13,-0.202,-0.01,0.01,0.95
428,5,0.59,0.707,0.82,0.403,0.798,0.263,0.0,0.657
429,5,0.18,0.414,0.81,0.676,1.0,0.536,-0.01,0.364
430,7,0.17,0.121,0.4,0.383,0.99,0.809,0.99,0.637
431,7,0.16,-0.172,-0.01,0.09,0.98,1.0,1.0,0.91
432,2,0.433,0.828,0.263,0.08,0.687,0.59,0.707,0.9
433,2,0.706,1.0,0.536,0.07,0.394,0.18,0.414,0.89
434,,0.696,0.99,0.526,0.06,0.384,0.17,0.404,0.88
435,,0.686,0.98,0.516,0.05,0.374,0.16,0.394,0.87
436,,0.676,0.97,0.506,0.04,0.364,0.15,0.384,0.86
437,,0.666,0.96,0.496,0.03,0.354,0.14,0.374,0.85
438,,0.656,0.95,0.486,0.02,0.344,0.13,0.364,0.84
439,,0.646,0.94,0.476,0.01,0.334,0.12,0.354,0.83
440,,0.636,0.93,0.466,0.0,0.324,0.11,0.344,0.82
441,,0.626,0.92,0.456,-0.01,0.314,0.1,0.334,0.81
442,4,0.333,0.91,0.729,0.99,0.587,0.09,0.041,0.4
443,4,0.04,0.9,1.0,1.0,0.86,0.08,-0.252,-0.01
444,7,0.03,0.607,0.59,0.707,0.85,0.353,0.748,0.263
445,7,0.02,0.314,0.18,0.414,0.84,0.626,1.0,0.536
446,,0.01,0.304,0.17,0.404,0.83,0.616,0.99,0.526
447,,0.0,0.294,0.16,0.394,0.82,0.606,0.98,0.516
448,,-0.01,0.284,0.15,0.384,0.81,0.596,0.97,0.506
449,1,0.99,0.557,0.14,0.091,0.4,0.303,0.96,0.779
450,1,1.0,0.83,0.13,-0.202,-0.01,0.01,0.95,1.0
451,4,0.707,0.82,0.403,0.798,0.263,0.0,0.657,0.59
452,4,0.414,0.81,0.676,1.0,0.536,-0.01,0.364,0.18
453,6,0.121,0.4,0.383,0.99,0.809,0.99,0.637,0.17
454,6,-0.172,-0.01,0.09,0.98,1.0,1.0,0.91,0.16
455,1,0.828,0.263,0.08,0.687,0.59,0.707,0.9,0.433
456,1,1.0,0.536,0.07,0.394,0.18,0.414,0.89,0.706
457,,0.99,0.526,0.06,0.384,0.17,0.404,0.88,0.696
458,,0.98,0.516,0.05,0.374,0.16,0.394,0.87,0.686
459,,0.97,0.506,0.04,0.364,0.15,0.384,0.86,0.676
460,,0.96,0.496,0.03,0.354,0.14,0.374,0.85,0.666
461,,0.95,0.486,0.02,0.344,0.13,0.364,0.84,0.656
462,,0.94,0.476,0.01,0.334,0.12,0.354,0.83,0.646
463,,0.93,0.466,0.0,0.324,0.11,0.344,0.82,0.636
464,,0.92,0.456,-0.01,0.314,0.1,0.334,0.81,0.626
465,3,0.91,0.729,0.99,0.587,0.09,0.041,0.4,0.333
466,3,0.9,1.0,1.0,0.86,0.08,-0.252,-0.01,0.04
467,6,0.607,0.59,0.707,0.85,0.353,0.748,0.263,0.03
468,6,0.314,0.18,0.414,0.84,0.626,1.0,0.536,0.02
469,,0.304,0.17,0.404,0.83,0.616,0.99,0.526,0.01
470,,0.294,0.16,0.394,0.82,0.606,0.98,0.516,0.0
471,,0.284,0.15,0.384,0.81,0.596,0.97,0.506,-0.01
472,8,0.557,0.14,0.091,0.4,0.303,0.96,0.779,0.99
473,8,0.83,0.13,-0.202,-0.01,0.01,0.95,1.0,1.0
474,3,0.82,0.403,0.798,0.263,0.0,0.657,0.59,0.707
475,3,0.81,0.676,1.0,0.536,-0.01,0.364,0.18,0.414
476,5,0.4,0.383,0.99,0.809,0.99,0.637,0.17,0.121
477,5,-0.01,0.09,0.98,1.0,1.0,0.91,0.16,-0.172
478,8,0.263,0.08,0.687,0.59,0.707,0.9,0.433,0.828
479,8,0.536,0.07,0.394,0.18,0.414,0.89,0.706,1.0
480,,0.526,0.06,0.384,0.17,0.404,0.88,0.696,0.99
481,,0.516,0.05,0.374,0.16,0.394,0.87,0.686,0.98
482,,0.506,0.04,0.364,0.15,0.384,0.86,0.676,0.97
483,,0.496,0.03,0.354,0.14,0.374,0.85,0.666,0.96
484,,0.486,0.02,0.344,0.13,0.364,0.84,0.656,0.95
485,,0.476,0.01,0.334,0.12,0.354,0.83,0.646,0.94
486,,0.466,0.0,0.324,0.11,0.344,0.82,0.636,0.93
487,,0.456,-0.01,0.314,0.1,0.334,0.81,0.626,0.92
488,2,0.729,0.99,0.587,0.09,0.041,0.4,0.333,0.91
489,2,1.0,1.0,0.86,0.08,-0.252,-0.01,0.04,0.9
490,5,0.59,0.707,0.85,0.353,0.748,0.263,0.03,0.607
491,5,0.18,0.414,0.84,0.626,1.0,0.536,0.02,0.314
492,,0.17,0.404,0.83,0.616,0.99,0.526,0.01,0.304
493,,0.16,0.394,0.82,0.606,0.98,0.516,0.0,0.294
494,,0.15,0.384,0.81,0.596,0.97,0.506,-0.01,0.284
495,7,0.14,0.091,0.4,0.303,0.96,0.779,0.99,0.557
496,7,0.13,-0.202,-0.01,0.01,0.95,1.0,1.0,0.83
497,2,0.403,0.798,0.263,0.0,0.657,0.59,0.707,0.82
498,2,0.676,1.0,0.536,-0.01,0.364,0.18,0.414,0.81
499,4,0.383,0.99,0.809,0.99,0.637,0.17,0.121,0.4
