step,active_motive,motive_1,motive_2,motive_3,motive_4,motive_5,motive_6,motive_7,motive_8
0,,0.17495,0.98217,0.51664,0.26083,0.99625,0.96542,0.55829,0.88264
1,,0.16495,0.97217,0.50664,0.25083,0.98625,0.95542,0.54829,0.87264
2,,0.15495,0.96217,0.49664,0.24083,0.97625,0.94542,0.53829,0.86264
3,,0.14495,0.95217,0.48664,0.23083,0.96625,0.93542,0.52829,0.85264
4,,0.13495,0.94217,0.47664,0.22083,0.95625,0.92542,0.51829,0.84264
5,,0.12495,0.93217,0.46664,0.21083,0.94625,0.91542,0.50829,0.83264
6,,0.11495,0.92217,0.45664,0.20083,0.93625,0.90542,0.49829,0.82264
7,,0.10495,0.91217,0.44664,0.19083,0.92625,0.89542,0.48829,0.81264
8,,0.09495,0.90217,0.43664,0.18083,0.91625,0.88542,0.47829,0.80264
9,,0.08495,0.89217,0.42664,0.17083,0.90625,0.87542,0.46829,0.79264
10,,0.07495,0.88217,0.41664,0.16083,0.89625,0.86542,0.45829,0.78264
11,,0.06495,0.87217,0.40664,0.15083,0.88625,0.85542,0.44829,0.77264
12,,0.05495,0.86217,0.39664,0.14083,0.87625,0.84542,0.43829,0.76264
13,,0.04495,0.85217,0.38664,0.13083,0.86625,0.83542,0.42829,0.75264
14,,0.03495,0.84217,0.37664,0.12083,0.85625,0.82542,0.41829,0.74264
15,,0.02495,0.83217,0.36664,0.11083,0.84625,0.81542,0.40829,0.73264
16,,0.01495,0.82217,0.35664,0.10083,0.83625,0.80542,0.39829,0.72264
17,,0.00495,0.81217,0.34664,0.09083,0.82625,0.79542,0.38829,0.71264
18,,-0.00505,0.80217,0.33664,0.08083,0.81625,0.78542,0.37829,0.70264
19,1,0.99495,1.0,0.32664,-0.21217,0.40625,0.49242,0.36829,0.97564
20,1,1.0,1.0,0.31664,-0.50517,-0.00375,0.19942,0.35829,1.0
21,4,0.707,0.99,0.58964,0.49483,0.26925,0.18942,0.06529,0.59
22,4,0.414,0.98,0.86264,1.0,0.54225,0.17942,-0.22771,0.18
23,7,0.404,0.687,0.45264,0.707,0.53225,0.45242,0.77229,0.453
24,7,0.394,0.394,0.04264,0.414,0.52225,0.72542,1.0,0.726
25,,0.384,0.384,0.03264,0.404,0.51225,0.71542,0.99,0.716
26,,0.374,0.374,0.02264,0.394,0.50225,0.70542,0.98,0.706
27,,0.364,0.364,0.01264,0.384,0.49225,0.69542,0.97,0.696
28,,0.354,0.354,0.00264,0.374,0.48225,0.68542,0.96,0.686
29,,0.344,0.344,-0.00736,0.364,0.47225,0.67542,0.95,0.676
30,3,0.334,0.617,0.99264,0.637,0.46225,0.38242,0.54,0.383
31,3,0.324,0.89,1.0,0.91,0.45225,0.08942,0.13,0.09
32,,0.314,0.88,0.99,0.9,0.44225,0.07942,0.12,0.08
33,,0.304,0.87,0.98,0.89,0.43225,0.06942,0.11,0.07
34,,0.294,0.86,0.97,0.88,0.42225,0.05942,0.1,0.06
35,,0.284,0.85,0.96,0.87,0.41225,0.04942,0.09,0.05
36,,0.274,0.84,0.95,0.86,0.40225,0.03942,0.08,0.04
37,,0.264,0.83,0.94,0.85,0.39225,0.02942,0.07,0.03
38,,0.254,0.82,0.93,0.84,0.38225,0.01942,0.06,0.02
39,,0.244,0.81,0.92,0.83,0.37225,0.00942,0.05,0.01
40,,0.234,0.8,0.91,0.82,0.36225,-0.00058,0.04,0.0
41,6,-0.059,0.39,0.617,0.81,0.63525,0.99942,0.313,-0.01
42,6,-0.352,-0.02,0.324,0.8,0.90825,1.0,0.586,-0.02
43,1,0.648,0.253,0.314,0.507,0.49825,0.707,0.576,0.253
44,1,1.0,0.526,0.304,0.214,0.08825,0.414,0.566,0.526
45,,0.99,0.516,0.294,0.204,0.07825,0.404,0.556,0.516
46,,0.98,0.506,0.284,0.194,0.06825,0.394,0.546,0.506
47,,0.97,0.496,0.274,0.184,0.05825,0.384,0.536,0.496
48,,0.96,0.486,0.264,0.174,0.04825,0.374,0.526,0.486
49,,0.95,0.476,0.254,0.164,0.03825,0.364,0.516,0.476
50,,0.94,0.466,0.244,0.154,0.02825,0.354,0.506,0.466
51,,0.93,0.456,0.234,0.144,0.01825,0.344,0.496,0.456
52,,0.92,0.446,0.224,0.134,0.00825,0.334,0.486,0.446
53,,0.91,0.436,0.214,0.124,-0.00175,0.324,0.476,0.436
54,5,0.5,0.143,0.204,0.397,0.99825,0.597,0.466,0.143
55,5,0.09,-0.15,0.194,0.67,1.0,0.87,0.456,-0.15
56,2,0.363,0.85,0.467,0.66,0.707,0.46,0.163,-0.16
57,2,0.636,1.0,0.74,0.65,0.414,0.05,-0.13,-0.17
58,8,0.909,0.99,0.447,0.24,0.121,0.04,0.143,0.83
59,8,1.0,0.98,0.154,-0.17,-0.172,0.03,0.416,1.0
60,5,0.59,0.687,0.144,0.103,0.828,0.303,0.406,0.707
61,5,0.18,0.394,0.134,0.376,1.0,0.576,0.396,0.414
62,,0.17,0.384,0.124,0.366,0.99,0.566,0.386,0.404
63,,0.16,0.374,0.114,0.356,0.98,0.556,0.376,0.394
64,,0.15,0.364,0.104,0.346,0.97,0.546,0.366,0.384
65,,0.14,0.354,0.094,0.336,0.96,0.536,0.356,0.374
66,,0.13,0.344,0.084,0.326,0.95,0.526,0.346,0.364
67,,0.12,0.334,0.074,0.316,0.94,0.516,0.336,0.354
68,,0.11,0.324,0.064,0.306,0.93,0.506,0.326,0.344
69,,0.1,0.314,0.054,0.296,0.92,0.496,0.316,0.334
70,,0.09,0.304,0.044,0.286,0.91,0.486,0.306,0.324
71,,0.08,0.294,0.034,0.276,0.9,0.476,0.296,0.314
72,,0.07,0.284,0.024,0.266,0.89,0.466,0.286,0.304
73,,0.06,0.274,0.014,0.256,0.88,0.456,0.276,0.294
74,,0.05,0.264,0.004,0.246,0.87,0.446,0.266,0.284
75,,0.04,0.254,-0.006,0.236,0.86,0.436,0.256,0.274
76,3,0.03,0.527,0.994,0.509,0.85,0.143,-0.154,-0.019
77,3,0.02,0.8,1.0,0.782,0.84,-0.15,-0.564,-0.312
78,7,0.01,0.507,0.59,0.489,0.83,0.123,0.436,-0.039
79,7,0.0,0.214,0.18,0.196,0.82,0.396,1.0,0.234
80,,-0.01,0.204,0.17,0.186,0.81,0.386,0.99,0.224
81,1,0.99,0.477,0.16,-0.107,0.4,0.093,0.98,0.497
82,1,1.0,0.75,0.15,-0.4,-0.01,-0.2,0.97,0.77
83,4,0.707,0.74,0.423,0.6,0.263,-0.21,0.677,0.36
84,4,0.414,0.73,0.696,1.0,0.536,-0.22,0.384,-0.05
85,6,0.121,0.32,0.403,0.99,0.809,0.78,0.657,-0.06
86,6,-0.172,-0.09,0.11,0.98,1.0,1.0,0.93,-0.07
87,1,0.828,0.183,0.1,0.687,0.59,0.707,0.92,0.203
88,1,1.0,0.456,0.09,0.394,0.18,0.414,0.91,0.476
89,,0.99,0.446,0.08,0.384,0.17,0.404,0.9,0.466
90,,0.98,0.436,0.07,0.374,0.16,0.394,0.89,0.456
91,,0.97,0.426,0.06,0.364,0.15,0.384,0.88,0.446
92,,0.96,0.416,0.05,0.354,0.14,0.374,0.87,0.436
93,,0.95,0.406,0.04,0.344,0.13,0.364,0.86,0.426
94,,0.94,0.396,0.03,0.334,0.12,0.354,0.85,0.416
95,,0.93,0.386,0.02,0.324,0.11,0.344,0.84,0.406
96,,0.92,0.376,0.01,0.314,0.1,0.334,0.83,0.396
97,,0.91,0.366,0.0,0.304,0.09,0.324,0.82,0.386
98,,0.9,0.356,-0.01,0.294,0.08,0.314,0.81,0.376
99,3,0.89,0.629,0.99,0.567,0.07,0.021,0.4,0.083
100,3,0.88,0.902,1.0,0.84,0.06,-0.272,-0.01,-0.21
101,6,0.587,0.492,0.707,0.83,0.333,0.728,0.263,-0.22
102,6,0.294,0.082,0.414,0.82,0.606,1.0,0.536,-0.23
103,8,0.567,0.072,0.121,0.41,0.313,0.99,0.809,0.77
104,8,0.84,0.062,-0.172,-0.0,0.02,0.98,1.0,1.0
105,3,0.83,0.335,0.828,0.273,0.01,0.687,0.59,0.707
106,3,0.82,0.608,1.0,0.546,0.0,0.394,0.18,0.414
107,,0.81,0.598,0.99,0.536,-0.01,0.384,0.17,0.404
108,5,0.4,0.305,0.98,0.809,0.99,0.657,0.16,0.111
109,5,-0.01,0.012,0.97,1.0,1.0,0.93,0.15,-0.182
110,8,0.263,0.002,0.677,0.59,0.707,0.92,0.423,0.818
111,8,0.536,-0.008,0.384,0.18,0.414,0.91,0.696,1.0
112,2,0.809,0.992,0.657,0.17,0.121,0.5,0.403,0.99
113,2,1.0,1.0,0.93,0.16,-0.172,0.09,0.11,0.98
114,5,0.59,0.707,0.92,0.433,0.828,0.363,0.1,0.687
115,5,0.18,0.414,0.91,0.706,1.0,0.636,0.09,0.394
116,,0.17,0.404,0.9,0.696,0.99,0.626,0.08,0.384
117,,0.16,0.394,0.89,0.686,0.98,0.616,0.07,0.374
118,,0.15,0.384,0.88,0.676,0.97,0.606,0.06,0.364
119,,0.14,0.374,0.87,0.666,0.96,0.596,0.05,0.354
120,,0.13,0.364,0.86,0.656,0.95,0.586,0.04,0.344
121,,0.12,0.354,0.85,0.646,0.94,0.576,0.03,0.334
122,,0.11,0.344,0.84,0.636,0.93,0.566,0.02,0.324
123,,0.1,0.334,0.83,0.626,0.92,0.556,0.01,0.314
124,,0.09,0.324,0.82,0.616,0.91,0.546,0.0,0.304
125,,0.08,0.314,0.81,0.606,0.9,0.536,-0.01,0.294
126,7,0.07,0.021,0.4,0.313,0.89,0.809,0.99,0.567
127,7,0.06,-0.272,-0.01,0.02,0.88,1.0,1.0,0.84
128,2,0.333,0.728,0.263,0.01,0.587,0.59,0.707,0.83
129,2,0.606,1.0,0.536,0.0,0.294,0.18,0.414,0.82
130,,0.596,0.99,0.526,-0.01,0.284,0.17,0.404,0.81
131,4,0.303,0.98,0.799,0.99,0.557,0.16,0.111,0.4
132,4,0.01,0.97,1.0,1.0,0.83,0.15,-0.182,-0.01
133,7,0.0,0.677,0.59,0.707,0.82,0.423,0.818,0.263
134,7,-0.01,0.384,0.18,0.414,0.81,0.696,1.0,0.536
135,1,0.99,0.657,0.17,0.121,0.4,0.403,0.99,0.809
136,1,1.0,0.93,0.16,-0.172,-0.01,0.11,0.98,1.0
137,4,0.707,0.92,0.433,0.828,0.263,0.1,0.687,0.59
138,4,0.414,0.91,0.706,1.0,0.536,0.09,0.394,0.18
139,,0.404,0.9,0.696,0.99,0.526,0.08,0.384,0.17
140,,0.394,0.89,0.686,0.98,0.516,0.07,0.374,0.16
141,,0.384,0.88,0.676,0.97,0.506,0.06,0.364,0.15
142,,0.374,0.87,0.666,0.96,0.496,0.05,0.354,0.14
143,,0.364,0.86,0.656,0.95,0.486,0.04,0.344,0.13
144,,0.354,0.85,0.646,0.94,0.476,0.03,0.334,0.12
145,,0.344,0.84,0.636,0.93,0.466,0.02,0.324,0.11
146,,0.334,0.83,0.626,0.92,0.456,0.01,0.314,0.1
147,,0.324,0.82,0.616,0.91,0.446,0.0,0.304,0.09
148,,0.314,0.81,0.606,0.9,0.436,-0.01,0.294,0.08
149,6,0.021,0.4,0.313,0.89,0.709,0.99,0.567,0.07
150,6,-0.272,-0.01,0.02,0.88,0.982,1.0,0.84,0.06
151,1,0.728,0.263,0.01,0.587,0.572,0.707,0.83,0.333
152,1,1.0,0.536,0.0,0.294,0.162,0.414,0.82,0.606
153,,0.99,0.526,-0.01,0.284,0.152,0.404,0.81,0.596
154,3,0.98,0.799,0.99,0.557,0.142,0.111,0.4,0.303
155,3,0.97,1.0,1.0,0.83,0.132,-0.182,-0.01,0.01
156,6,0.677,0.59,0.707,0.82,0.405,0.818,0.263,0.0
157,6,0.384,0.18,0.414,0.81,0.678,1.0,0.536,-0.01
158,8,0.657,0.17,0.121,0.4,0.385,0.99,0.809,0.99
159,8,0.93,0.16,-0.172,-0.01,0.092,0.98,1.0,1.0
160,3,0.92,0.433,0.828,0.263,0.082,0.687,0.59,0.707
161,3,0.91,0.706,1.0,0.536,0.072,0.394,0.18,0.414
162,,0.9,0.696,0.99,0.526,0.062,0.384,0.17,0.404
163,,0.89,0.686,0.98,0.516,0.052,0.374,0.16,0.394
164,,0.88,0.676,0.97,0.506,0.042,0.364,0.15,0.384
165,,0.87,0.666,0.96,0.496,0.032,0.354,0.14,0.374
166,,0.86,0.656,0.95,0.486,0.022,0.344,0.13,0.364
167,,0.85,0.646,0.94,0.476,0.012,0.334,0.12,0.354
168,,0.84,0.636,0.93,0.466,0.002,0.324,0.11,0.344
169,,0.83,0.626,0.92,0.456,-0.008,0.314,0.1,0.334
170,5,0.42,0.333,0.91,0.729,0.992,0.587,0.09,0.041
171,5,0.01,0.04,0.9,1.0,1.0,0.86,0.08,-0.252
172,8,0.283,0.03,0.607,0.59,0.707,0.85,0.353,0.748
173,8,0.556,0.02,0.314,0.18,0.414,0.84,0.626,1.0
174,,0.546,0.01,0.304,0.17,0.404,0.83,0.616,0.99
175,,0.536,0.0,0.294,0.16,0.394,0.82,0.606,0.98
176,,0.526,-0.01,0.284,0.15,0.384,0.81,0.596,0.97
177,2,0.799,0.99,0.557,0.14,0.091,0.4,0.303,0.96
178,2,1.0,1.0,0.83,0.13,-0.202,-0.01,0.01,0.95
179,5,0.59,0.707,0.82,0.403,0.798,0.263,0.0,0.657
180,5,0.18,0.414,0.81,0.676,1.0,0.536,-0.01,0.364
181,7,0.17,0.121,0.4,0.383,0.99,0.809,0.99,0.637
182,7,0.16,-0.172,-0.01,0.09,0.98,1.0,1.0,0.91
183,2,0.433,0.828,0.263,0.08,0.687,0.59,0.707,0.9
184,2,0.706,1.0,0.536,0.07,0.394,0.18,0.414,0.89
185,,0.696,0.99,0.526,0.06,0.384,0.17,0.404,0.88
186,,0.686,0.98,0.516,0.05,0.374,0.16,0.394,0.87
187,,0.676,0.97,0.506,0.04,0.364,0.15,0.384,0.86
188,,0.666,0.96,0.496,0.03,0.354,0.14,0.374,0.85
189,,0.656,0.95,0.486,0.02,0.344,0.13,0.364,0.84
190,,0.646,0.94,0.476,0.01,0.334,0.12,0.354,0.83
191,,0.636,0.93,0.466,0.0,0.324,0.11,0.344,0.82
192,,0.626,0.92,0.456,-0.01,0.314,0.1,0.334,0.81
193,4,0.333,0.91,0.729,0.99,0.587,0.09,0.041,0.4
194,4,0.04,0.9,1.0,1.0,0.86,0.08,-0.252,-0.01
195,7,0.03,0.607,0.59,0.707,0.85,0.353,0.748,0.263
196,7,0.02,0.314,0.18,0.414,0.84,0.626,1.0,0.536
197,,0.01,0.304,0.17,0.404,0.83,0.616,0.99,0.526
198,,0.0,0.294,0.16,0.394,0.82,0.606,0.98,0.516
199,,-0.01,0.284,0.15,0.384,0.81,0.596,0.97,0.506
200,1,0.99,0.557,0.14,0.091,0.4,0.303,0.96,0.779
201,1,1.0,0.83,0.13,-0.202,-0.01,0.01,0.95,1.0
202,4,0.707,0.82,0.403,0.798,0.263,0.0,0.657,0.59
203,4,0.414,0.81,0.676,1.0,0.536,-0.01,0.364,0.18
204,6,0.121,0.4,0.383,0.99,0.809,0.99,0.637,0.17
205,6,-0.172,-0.01,0.09,0.98,1.0,1.0,0.91,0.16
206,1,0.828,0.263,0.08,0.687,0.59,0.707,0.9,0.433
207,1,1.0,0.536,0.07,0.394,0.18,0.414,0.89,0.706
208,,0.99,0.526,0.06,0.384,0.17,0.404,0.88,0.696
209,,0.98,0.516,0.05,0.374,0.16,0.394,0.87,0.686
210,,0.97,0.506,0.04,0.364,0.15,0.384,0.86,0.676
211,,0.96,0.496,0.03,0.354,0.14,0.374,0.85,0.666
212,,0.95,0.486,0.02,0.344,0.13,0.364,0.84,0.656
213,,0.94,0.476,0.01,0.334,0.12,0.354,0.83,0.646
214,,0.93,0.466,0.0,0.324,0.11,0.344,0.82,0.636
215,,0.92,0.456,-0.01,0.314,0.1,0.334,0.81,0.626
216,3,0.91,0.729,0.99,0.587,0.09,0.041,0.4,0.333
217,3,0.9,1.0,1.0,0.86,0.08,-0.252,-0.01,0.04
218,6,0.607,0.59,0.707,0.85,0.353,0.748,0.263,0.03
219,6,0.314,0.18,0.414,0.84,0.626,1.0,0.536,0.02
220,,0.304,0.17,0.404,0.83,0.616,0.99,0.526,0.01
221,,0.294,0.16,0.394,0.82,0.606,0.98,0.516,0.0
222,,0.284,0.15,0.384,0.81,0.596,0.97,0.506,-0.01
223,8,0.557,0.14,0.091,0.4,0.303,0.96,0.779,0.99
224,8,0.83,0.13,-0.202,-0.01,0.01,0.95,1.0,1.0
225,3,0.82,0.403,0.798,0.263,0.0,0.657,0.59,0.707
226,3,0.81,0.676,1.0,0.536,-0.01,0.364,0.18,0.414
227,5,0.4,0.383,0.99,0.809,0.99,0.637,0.17,0.121
228,5,-0.01,0.09,0.98,1.0,1.0,0.91,0.16,-0.172
229,8,0.263,0.08,0.687,0.59,0.707,0.9,0.433,0.828
230,8,0.536,0.07,0.394,0.18,0.414,0.89,0.706,1.0
231,,0.526,0.06,0.384,0.17,0.404,0.88,0.696,0.99
232,,0.516,0.05,0.374,0.16,0.394,0.87,0.686,0.98
233,,0.506,0.04,0.364,0.15,0.384,0.86,0.676,0.97
234,,0.496,0.03,0.354,0.14,0.374,0.85,0.666,0.96
235,,0.486,0.02,0.344,0.13,0.364,0.84,0.656,0.95
236,,0.476,0.01,0.334,0.12,0.354,0.83,0.646,0.94
237,,0.466,0.0,0.324,0.11,0.344,0.82,0.636,0.93
238,,0.456,-0.01,0.314,0.1,0.334,0.81,0.626,0.92
239,2,0.729,0.99,0.587,0.09,0.041,0.4,0.333,0.91
240,2,1.0,1.0,0.86,0.08,-0.252,-0.01,0.04,0.9
241,5,0.59,0.707,0.85,0.353,0.748,0.263,0.03,0.607
242,5,0.18,0.414,0.84,0.626,1.0,0.536,0.02,0.314
243,,0.17,0.404,0.83,0.616,0.99,0.526,0.01,0.304
244,,0.16,0.394,0.82,0.606,0.98,0.516,0.0,0.294
245,,0.15,0.384,0.81,0.596,0.97,0.506,-0.01,0.284
246,7,0.14,0.091,0.4,0.303,0.96,0.779,0.99,0.557
247,7,0.13,-0.202,-0.01,0.01,0.95,1.0,1.0,0.83
248,2,0.403,0.798,0.263,0.0,0.657,0.59,0.707,0.82
249,2,0.676,1.0,0.536,-0.01,0.364,0.18,0.414,0.81
250,4,0.383,0.99,0.809,0.99,0.637,0.17,0.121,0.4
251,4,0.09,0.98,1.0,1.0,0.91,0.16,-0.172,-0.01
252,7,0.08,0.687,0.59,0.707,0.9,0.433,0.828,0.263
253,7,0.07,0.394,0.18,0.414,0.89,0.706,1.0,0.536
254,,0.06,0.384,0.17,0.404,0.88,0.696,0.99,0.526
255,,0.05,0.374,0.16,0.394,0.87,0.686,0.98,0.516
256,,0.04,0.364,0.15,0.384,0.86,0.676,0.97,0.506
257,,0.03,0.354,0.14,0.374,0.85,0.666,0.96,0.496
258,,0.02,0.344,0.13,0.364,0.84,0.656,0.95,0.486
259,,0.01,0.334,0.12,0.354,0.83,0.646,0.94,0.476
260,,0.0,0.324,0.11,0.344,0.82,0.636,0.93,0.466
261,,-0.01,0.314,0.1,0.334,0.81,0.626,0.92,0.456
262,1,0.99,0.587,0.09,0.041,0.4,0.333,0.91,0.729
263,1,1.0,0.86,0.08,-0.252,-0.01,0.04,0.9,1.0
264,4,0.707,0.85,0.353,0.748,0.263,0.03,0.607,0.59
265,4,0.414,0.84,0.626,1.0,0.536,0.02,0.314,0.18
266,,0.404,0.83,0.616,0.99,0.526,0.01,0.304,0.17
267,,0.394,0.82,0.606,0.98,0.516,0.0,0.294,0.16
268,,0.384,0.81,0.596,0.97,0.506,-0.01,0.284,0.15
269,6,0.091,0.4,0.303,0.96,0.779,0.99,0.557,0.14
270,6,-0.202,-0.01,0.01,0.95,1.0,1.0,0.83,0.13
271,1,0.798,0.263,0.0,0.657,0.59,0.707,0.82,0.403
272,1,1.0,0.536,-0.01,0.364,0.18,0.414,0.81,0.676
273,3,0.99,0.809,0.99,0.637,0.17,0.121,0.4,0.383
274,3,0.98,1.0,1.0,0.91,0.16,-0.172,-0.01,0.09
275,6,0.687,0.59,0.707,0.9,0.433,0.828,0.263,0.08
276,6,0.394,0.18,0.414,0.89,0.706,1.0,0.536,0.07
277,,0.384,0.17,0.404,0.88,0.696,0.99,0.526,0.06
278,,0.374,0.16,0.394,0.87,0.686,0.98,0.516,0.05
279,,0.364,0.15,0.384,0.86,0.676,0.97,0.506,0.04
280,,0.354,0.14,0.374,0.85,0.666,0.96,0.496,0.03
281,,0.344,0.13,0.364,0.84,0.656,0.95,0.486,0.02
282,,0.334,0.12,0.354,0.83,0.646,0.94,0.476,0.01
283,,0.324,0.11,0.344,0.82,0.636,0.93,0.466,0.0
284,,0.314,0.1,0.334,0.81,0.626,0.92,0.456,-0.01
285,8,0.587,0.09,0.041,0.4,0.333,0.91,0.729,0.99
286,8,0.86,0.08,-0.252,-0.01,0.04,0.9,1.0,1.0
287,3,0.85,0.353,0.748,0.263,0.03,0.607,0.59,0.707
288,3,0.84,0.626,1.0,0.536,0.02,0.314,0.18,0.414
289,,0.83,0.616,0.99,0.526,0.01,0.304,0.17,0.404
290,,0.82,0.606,0.98,0.516,0.0,0.294,0.16,0.394
291,,0.81,0.596,0.97,0.506,-0.01,0.284,0.15,0.384
292,5,0.4,0.303,0.96,0.779,0.99,0.557,0.14,0.091
293,5,-0.01,0.01,0.95,1.0,1.0,0.83,0.13,-0.202
294,8,0.263,0.0,0.657,0.59,0.707,0.82,0.403,0.798
295,8,0.536,-0.01,0.364,0.18,0.414,0.81,0.676,1.0
296,2,0.809,0.99,0.637,0.17,0.121,0.4,0.383,0.99
297,2,1.0,1.0,0.91,0.16,-0.172,-0.01,0.09,0.98
298,5,0.59,0.707,0.9,0.433,0.828,0.263,0.08,0.687
299,5,0.18,0.414,0.89,0.706,1.0,0.536,0.07,0.394
300,,0.17,0.404,0.88,0.696,0.99,0.526,0.06,0.384
301,,0.16,0.394,0.87,0.686,0.98,0.516,0.05,0.374
302,,0.15,0.384,0.86,0.676,0.97,0.506,0.04,0.364
303,,0.14,0.374,0.85,0.666,0.96,0.496,0.03,0.354
304,,0.13,0.364,0.84,0.656,0.95,0.486,0.02,0.344
305,,0.12,0.354,0.83,0.646,0.94,0.476,0.01,0.334
306,,0.11,0.344,0.82,0.636,0.93,0.466,0.0,0.324
307,,0.1,0.334,0.81,0.626,0.92,0.456,-0.01,0.314
308,7,0.09,0.041,0.4,0.333,0.91,0.729,0.99,0.587
309,7,0.08,-0.252,-0.01,0.04,0.9,1.0,1.0,0.86
310,2,0.353,0.748,0.263,0.03,0.607,0.59,0.707,0.85
311,2,0.626,1.0,0.536,0.02,0.314,0.18,0.414,0.84
312,,0.616,0.99,0.526,0.01,0.304,0.17,0.404,0.83
313,,0.606,0.98,0.516,0.0,0.294,0.16,0.394,0.82
314,,0.596,0.97,0.506,-0.01,0.284,0.15,0.384,0.81
315,4,0.303,0.96,0.779,0.99,0.557,0.14,0.091,0.4
316,4,0.01,0.95,1.0,1.0,0.83,0.13,-0.202,-0.01
317,7,0.0,0.657,0.59,0.707,0.82,0.403,0.798,0.263
318,7,-0.01,0.364,0.18,0.414,0.81,0.676,1.0,0.536
319,1,0.99,0.637,0.17,0.121,0.4,0.383,0.99,0.809
320,1,1.0,0.91,0.16,-0.172,-0.01,0.09,0.98,1.0
321,4,0.707,0.9,0.433,0.828,0.263,0.08,0.687,0.59
322,4,0.414,0.89,0.706,1.0,0.536,0.07,0.394,0.18
323,,0.404,0.88,0.696,0.99,0.526,0.06,0.384,0.17
324,,0.394,0.87,0.686,0.98,0.516,0.05,0.374,0.16
325,,0.384,0.86,0.676,0.97,0.506,0.04,0.364,0.15
326,,0.374,0.85,0.666,0.96,0.496,0.03,0.354,0.14
327,,0.364,0.84,0.656,0.95,0.486,0.02,0.344,0.13
328,,0.354,0.83,0.646,0.94,0.476,0.01,0.334,0.12
329,,0.344,0.82,0.636,0.93,0.466,0.0,0.324,0.11
330,,0.334,0.81,0.626,0.92,0.456,-0.01,0.314,0.1
331,6,0.041,0.4,0.333,0.91,0.729,0.99,0.587,0.09
332,6,-0.252,-0.01,0.04,0.9,1.0,1.0,0.86,0.08
333,1,0.748,0.263,0.03,0.607,0.59,0.707,0.85,0.353
334,1,1.0,0.536,0.02,0.314,0.18,0.414,0.84,0.626
335,,0.99,0.526,0.01,0.304,0.17,0.404,0.83,0.616
336,,0.98,0.516,0.0,0.294,0.16,0.394,0.82,0.606
337,,0.97,0.506,-0.01,0.284,0.15,0.384,0.81,0.596
338,3,0.96,0.779,0.99,0.557,0.14,0.091,0.4,0.303
339,3,0.95,1.0,1.0,0.83,0.13,-0.202,-0.01,0.01
340,6,0.657,0.59,0.707,0.82,0.403,0.798,0.263,0.0
341,6,0.364,0.18,0.414,0.81,0.676,1.0,0.536,-0.01
342,8,0.637,0.17,0.121,0.4,0.383,0.99,0.809,0.99
343,8,0.91,0.16,-0.172,-0.01,0.09,0.98,1.0,1.0
344,3,0.9,0.433,0.828,0.263,0.08,0.687,0.59,0.707
345,3,0.89,0.706,1.0,0.536,0.07,0.394,0.18,0.414
346,,0.88,0.696,0.99,0.526,0.06,0.384,0.17,0.404
347,,0.87,0.686,0.98,0.516,0.05,0.374,0.16,0.394
348,,0.86,0.676,0.97,0.506,0.04,0.364,0.15,0.384
349,,0.85,0.666,0.96,0.496,0.03,0.354,0.14,0.374
350,,0.84,0.656,0.95,0.486,0.02,0.344,0.13,0.364
351,,0.83,0.646,0.94,0.476,0.01,0.334,0.12,0.354
352,,0.82,0.636,0.93,0.466,0.0,0.324,0.11,0.344
353,,0.81,0.626,0.92,0.456,-0.01,0.314,0.1,0.334
354,5,0.4,0.333,0.91,0.729,0.99,0.587,0.09,0.041
355,5,-0.01,0.04,0.9,1.0,1.0,0.86,0.08,-0.252
356,8,0.263,0.03,0.607,0.59,0.707,0.85,0.353,0.748
357,8,0.536,0.02,0.314,0.18,0.414,0.84,0.626,1.0
358,,0.526,0.01,0.304,0.17,0.404,0.83,0.616,0.99
359,,0.516,0.0,0.294,0.16,0.394,0.82,0.606,0.98
360,,0.506,-0.01,0.284,0.15,0.384,0.81,0.596,0.97
361,2,0.779,0.99,0.557,0.14,0.091,0.4,0.303,0.96
362,2,1.0,1.0,0.83,0.13,-0.202,-0.01,0.01,0.95
363,5,0.59,0.707,0.82,0.403,0.798,0.263,0.0,0.657
364,5,0.18,0.414,0.81,0.676,1.0,0.536,-0.01,0.364
365,7,0.17,0.121,0.4,0.383,0.99,0.809,0.99,0.637
366,7,0.16,-0.172,-0.01,0.09,0.98,1.0,1.0,0.91
367,2,0.433,0.828,0.263,0.08,0.687,0.59,0.707,0.9
368,2,0.706,1.0,0.536,0.07,0.394,0.18,0.414,0.89
369,,0.696,0.99,0.526,0.06,0.384,0.17,0.404,0.88
370,,0.686,0.98,0.516,0.05,0.374,0.16,0.394,0.87
371,,0.676,0.97,0.506,0.04,0.364,0.15,0.384,0.86
372,,0.666,0.96,0.496,0.03,0.354,0.14,0.374,0.85
373,,0.656,0.95,0.486,0.02,0.344,0.13,0.364,0.84
374,,0.646,0.94,0.476,0.01,0.334,0.12,0.354,0.83
375,,0.636,0.93,0.466,0.0,0.324,0.11,0.344,0.82
376,,0.626,0.92,0.456,-0.01,0.314,0.1,0.334,0.81
377,4,0.333,0.91,0.729,0.99,0.587,0.09,0.041,0.4
378,4,0.04,0.9,1.0,1.0,0.86,0.08,-0.252,-0.01
379,7,0.03,0.607,0.59,0.707,0.85,0.353,0.748,0.263
380,7,0.02,0.314,0.18,0.414,0.84,0.626,1.0,0.536
381,,0.01,0.304,0.17,0.404,0.83,0.616,0.99,0.526
382,,0.0,0.294,0.16,0.394,0.82,0.606,0.98,0.516
383,,-0.01,0.284,0.15,0.384,0.81,0.596,0.97,0.506
384,1,0.99,0.557,0.14,0.091,0.4,0.303,0.96,0.779
385,1,1.0,0.83,0.13,-0.202,-0.01,0.01,0.95,1.0
386,4,0.707,0.82,0.403,0.798,0.263,0.0,0.657,0.59
387,4,0.414,0.81,0.676,1.0,0.536,-0.01,0.364,0.18
388,6,0.121,0.4,0.383,0.99,0.809,0.99,0.637,0.17
389,6,-0.172,-0.01,0.09,0.98,1.0,1.0,0.91,0.16
390,1,0.828,0.263,0.08,0.687,0.59,0.707,0.9,0.433
391,1,1.0,0.536,0.07,0.394,0.18,0.414,0.89,0.706
392,,0.99,0.526,0.06,0.384,0.17,0.404,0.88,0.696
393,,0.98,0.516,0.05,0.374,0.16,0.394,0.87,0.686
394,,0.97,0.506,0.04,0.364,0.15,0.384,0.86,0.676
395,,0.96,0.496,0.03,0.354,0.14,0.374,0.85,0.666
396,,0.95,0.486,0.02,0.344,0.13,0.364,0.84,0.656
397,,0.94,0.476,0.01,0.334,0.12,0.354,0.83,0.646
398,,0.93,0.466,0.0,0.324,0.11,0.344,0.82,0.636
399,,0.92,0.456,-0.01,0.314,0.1,0.334,0.81,0.626
400,3,0.91,0.729,0.99,0.587,0.09,0.041,0.4,0.333
401,3,0.9,1.0,1.0,0.86,0.08,-0.252,-0.01,0.04
402,6,0.607,0.59,0.707,0.85,0.353,0.748,0.263,0.03
403,6,0.314,0.18,0.414,0.84,0.626,1.0,0.536,0.02
404,,0.304,0.17,0.404,0.83,0.616,0.99,0.526,0.01
405,,0.294,0.16,0.394,0.82,0.606,0.98,0.516,0.0
406,,0.284,0.15,0.384,0.81,0.596,0.97,0.506,-0.01
407,8,0.557,0.14,0.091,0.4,0.303,0.96,0.779,0.99
408,8,0.83,0.13,-0.202,-0.01,0.01,0.95,1.0,1.0
409,3,0.82,0.403,0.798,0.263,0.0,0.657,0.59,0.707
410,3,0.81,0.676,1.0,0.536,-0.01,0.364,0.18,0.414
411,5,0.4,0.383,0.99,0.809,0.99,0.637,0.17,0.121
412,5,-0.01,0.09,0.98,1.0,1.0,0.91,0.16,-0.172
413,8,0.263,0.08,0.687,0.59,0.707,0.9,0.433,0.828
414,8,0.536,0.07,0.394,0.18,0.414,0.89,0.706,1.0
415,,0.526,0.06,0.384,0.17,0.404,0.88,0.696,0.99
416,,0.516,0.05,0.374,0.16,0.394,0.87,0.686,0.98
417,,0.506,0.04,0.364,0.15,0.384,0.86,0.676,0.97
418,,0.496,0.03,0.354,0.14,0.374,0.85,0.666,0.96
419,,0.486,0.02,0.344,0.13,0.364,0.84,0.656,0.95
420,,0.476,0.01,0.334,0.12,0.354,0.83,0.646,0.94
421,,0.466,0.0,0.324,0.11,0.344,0.82,0.636,0.93
422,,0.456,-0.01,0.314,0.1,0.334,0.81,0.626,0.92
423,2,0.729,0.99,0.587,0.09,0.041,0.4,0.333,0.91
424,2,1.0,1.0,0.86,0.08,-0.252,-0.01,0.04,0.9
425,5,0.59,0.707,0.85,0.353,0.748,0.263,0.03,0.607
426,5,0.18,0.414,0.84,0.626,1.0,0.536,0.02,0.314
427,,0.17,0.404,0.83,0.616,0.99,0.526,0.01,0.304
428,,0.16,0.394,0.82,0.606,0.98,0.516,0.0,0.294
429,,0.15,0.384,0.81,0.596,0.97,0.506,-0.01,0.284
430,7,0.14,0.091,0.4,0.303,0.96,0.779,0.99,0.557
431,7,0.13,-0.202,-0.01,0.01,0.95,1.0,1.0,0.83
432,2,0.403,0.798,0.263,0.0,0.657,0.59,0.707,0.82
433,2,0.676,1.0,0.536,-0.01,0.364,0.18,0.414,0.81
434,4,0.383,0.99,0.809,0.99,0.637,0.17,0.121,0.4
435,4,0.09,0.98,1.0,1.0,0.91,0.16,-0.172,-0.01
436,7,0.08,0.687,0.59,0.707,0.9,0.433,0.828,0.263
437,7,0.07,0.394,0.18,0.414,0.89,0.706,1.0,0.536
438,,0.06,0.384,0.17,0.404,0.88,0.696,0.99,0.526
439,,0.05,0.374,0.16,0.394,0.87,0.686,0.98,0.516
440,,0.04,0.364,0.15,0.384,0.86,0.676,0.97,0.506
441,,0.03,0.354,0.14,0.374,0.85,0.666,0.96,0.496
442,,0.02,0.344,0.13,0.364,0.84,0.656,0.95,0.486
443,,0.01,0.334,0.12,0.354,0.83,0.646,0.94,0.476
444,,0.0,0.324,0.11,0.344,0.82,0.636,0.93,0.466
445,,-0.01,0.314,0.1,0.334,0.81,0.626,0.92,0.456
446,1,0.99,0.587,0.09,0.041,0.4,0.333,0.91,0.729
447,1,1.0,0.86,0.08,-0.252,-0.01,0.04,0.9,1.0
448,4,0.707,0.85,0.353,0.748,0.263,0.03,0.607,0.59
449,4,0.414,0.84,0.626,1.0,0.536,0.02,0.314,0.18
450,,0.404,0.83,0.616,0.99,0.526,0.01,0.304,0.17
451,,0.394,0.82,0.606,0.98,0.516,0.0,0.294,0.16
452,,0.384,0.81,0.596,0.97,0.506,-0.01,0.284,0.15
453,6,0.091,0.4,0.303,0.96,0.779,0.99,0.557,0.14
454,6,-0.202,-0.01,0.01,0.95,1.0,1.0,0.83,0.13
455,1,0.798,0.263,0.0,0.657,0.59,0.707,0.82,0.403
456,1,1.0,0.536,-0.01,0.364,0.18,0.414,0.81,0.676
457,3,0.99,0.809,0.99,0.637,0.17,0.121,0.4,0.383
458,3,0.98,1.0,1.0,0.91,0.16,-0.172,-0.01,0.09
459,6,0.687,0.59,0.707,0.9,0.433,0.828,0.263,0.08
460,6,0.394,0.18,0.414,0.89,0.706,1.0,0.536,0.07
461,,0.384,0.17,0.404,0.88,0.696,0.99,0.526,0.06
462,,0.374,0.16,0.394,0.87,0.686,0.98,0.516,0.05
463,,0.364,0.15,0.384,0.86,0.676,0.97,0.506,0.04
464,,0.354,0.14,0.374,0.85,0.666,0.96,0.496,0.03
465,,0.344,0.13,0.364,0.84,0.656,0.95,0.486,0.02
466,,0.334,0.12,0.354,0.83,0.646,0.94,0.476,0.01
467,,0.324,0.11,0.344,0.82,0.636,0.93,0.466,0.0
468,,0.314,0.1,0.334,0.81,0.626,0.92,0.456,-0.01
469,8,0.587,0.09,0.041,0.4,0.333,0.91,0.729,0.99
470,8,0.86,0.08,-0.252,-0.01,0.04,0.9,1.0,1.0
471,3,0.85,0.353,0.748,0.263,0.03,0.607,0.59,0.707
472,3,0.84,0.626,1.0,0.536,0.02,0.314,0.18,0.414
473,,0.83,0.616,0.99,0.526,0.01,0.304,0.17,0.404
474,,0.82,0.606,0.98,0.516,0.0,0.294,0.16,0.394
475,,0.81,0.596,0.97,0.506,-0.01,0.284,0.15,0.384
476,5,0.4,0.303,0.96,0.779,0.99,0.557,0.14,0.091
477,5,-0.01,0.01,0.95,1.0,1.0,0.83,0.13,-0.202
478,8,0.263,0.0,0.657,0.59,0.707,0.82,0.403,0.798
479,8,0.536,-0.01,0.364,0.18,0.414,0.81,0.676,1.0
480,2,0.809,0.99,0.637,0.17,0.121,0.4,0.383,0.99
481,2,1.0,1.0,0.91,0.16,-0.172,-0.01,0.09,0.98
482,5,0.59,0.707,0.9,0.433,0.828,0.263,0.08,0.687
483,5,0.18,0.414,0.89,0.706,1.0,0.536,0.07,0.394
484,,0.17,0.404,0.88,0.696,0.99,0.526,0.06,0.384
485,,0.16,0.394,0.87,0.686,0.98,0.516,0.05,0.374
486,,0.15,0.384,0.86,0.676,0.97,0.506,0.04,0.364
487,,0.14,0.374,0.85,0.666,0.96,0.496,0.03,0.354
488,,0.13,0.364,0.84,0.656,0.95,0.486,0.02,0.344
489,,0.12,0.354,0.83,0.646,0.94,0.476,0.01,0.334
490,,0.11,0.344,0.82,0.636,0.93,0.466,0.0,0.324
491,,0.1,0.334,0.81,0.626,0.92,0.456,-0.01,0.314
492,7,0.09,0.041,0.4,0.333,0.91,0.729,0.99,0.587
493,7,0.08,-0.252,-0.01,0.04,0.9,1.0,1.0,0.86
494,2,0.353,0.748,0.263,0.03,0.607,0.59,0.707,0.85
495,2,0.626,1.0,0.536,0.02,0.314,0.18,0.414,0.84
496,,0.616,0.99,0.526,0.01,0.304,0.17,0.404,0.83
497,,0.606,0.98,0.516,0.0,0.294,0.16,0.394,0.82
498,,0.596,0.97,0.506,-0.01,0.284,0.15,0.384,0.81
499,4,0.303,0.96,0.779,0.99,0.557,0.14,0.091,0.4
