step,active_motive,motive_1,motive_2,motive_3,motive_4,motive_5,motive_6,motive_7,motive_8
0,,0.18224,0.75536,0.42516,0.20794,0.5677,0.03131,0.84228,0.44975
1,,0.17224,0.74536,0.41516,0.19794,0.5577,0.02131,0.83228,0.43975
2,,0.16224,0.73536,0.40516,0.18794,0.5477,0.01131,0.82228,0.42975
3,,0.15224,0.72536,0.39516,0.17794,0.5377,0.00131,0.81228,0.41975
4,,0.14224,0.71536,0.38516,0.16794,0.5277,-0.00869,0.80228,0.40975
5,6,-0.15076,0.30536,0.09216,0.15794,0.8007,0.99131,1.0,0.39975
6,6,-0.44376,-0.10464,-0.20084,0.14794,1.0,1.0,1.0,0.38975
7,1,0.55624,0.16836,-0.21084,-0.14506,0.59,0.707,0.99,0.66275
8,1,1.0,0.44136,-0.22084,-0.43806,0.18,0.414,0.98,0.93575
9,4,0.707,0.43136,0.05216,0.56194,0.453,0.404,0.687,0.52575
10,4,0.414,0.42136,0.32516,1.0,0.726,0.394,0.394,0.11575
11,,0.404,0.41136,0.31516,0.99,0.716,0.384,0.384,0.10575
12,,0.394,0.40136,0.30516,0.98,0.706,0.374,0.374,0.09575
13,,0.384,0.39136,0.29516,0.97,0.696,0.364,0.364,0.08575
14,,0.374,0.38136,0.28516,0.96,0.686,0.354,0.354,0.07575
15,,0.364,0.37136,0.27516,0.95,0.676,0.344,0.344,0.06575
16,,0.354,0.36136,0.26516,0.94,0.666,0.334,0.334,0.05575
17,,0.344,0.35136,0.25516,0.93,0.656,0.324,0.324,0.04575
18,,0.334,0.34136,0.24516,0.92,0.646,0.314,0.314,0.03575
19,,0.324,0.33136,0.23516,0.91,0.636,0.304,0.304,0.02575
20,,0.314,0.32136,0.22516,0.9,0.626,0.294,0.294,0.01575
21,,0.304,0.31136,0.21516,0.89,0.616,0.284,0.284,0.00575
22,,0.294,0.30136,0.20516,0.88,0.606,0.274,0.274,-0.00425
23,8,0.567,0.29136,-0.08784,0.47,0.313,0.264,0.547,0.99575
24,8,0.84,0.28136,-0.38084,0.06,0.02,0.254,0.82,1.0
25,3,0.83,0.55436,0.61916,0.333,0.01,-0.039,0.41,0.707
26,3,0.82,0.82736,1.0,0.606,0.0,-0.332,-0.0,0.414
27,6,0.527,0.41736,0.707,0.596,0.273,0.668,0.273,0.404
28,6,0.234,0.00736,0.414,0.586,0.546,1.0,0.546,0.394
29,,0.224,-0.00264,0.404,0.576,0.536,0.99,0.536,0.384
30,2,0.497,0.99736,0.677,0.566,0.243,0.58,0.243,0.374
31,2,0.77,1.0,0.95,0.556,-0.05,0.17,-0.05,0.364
32,7,0.76,0.707,0.54,0.263,-0.06,0.443,0.95,0.637
33,7,0.75,0.414,0.13,-0.03,-0.07,0.716,1.0,0.91
34,5,0.34,0.121,0.12,0.243,0.93,0.989,0.99,0.617
35,5,-0.07,-0.172,0.11,0.516,1.0,1.0,0.98,0.324
36,2,0.203,0.828,0.383,0.506,0.707,0.59,0.687,0.314
37,2,0.476,1.0,0.656,0.496,0.414,0.18,0.394,0.304
38,,0.466,0.99,0.646,0.486,0.404,0.17,0.384,0.294
39,,0.456,0.98,0.636,0.476,0.394,0.16,0.374,0.284
40,,0.446,0.97,0.626,0.466,0.384,0.15,0.364,0.274
41,,0.436,0.96,0.616,0.456,0.374,0.14,0.354,0.264
42,,0.426,0.95,0.606,0.446,0.364,0.13,0.344,0.254
43,,0.416,0.94,0.596,0.436,0.354,0.12,0.334,0.244
44,,0.406,0.93,0.586,0.426,0.344,0.11,0.324,0.234
45,,0.396,0.92,0.576,0.416,0.334,0.1,0.314,0.224
46,,0.386,0.91,0.566,0.406,0.324,0.09,0.304,0.214
47,,0.376,0.9,0.556,0.396,0.314,0.08,0.294,0.204
48,,0.366,0.89,0.546,0.386,0.304,0.07,0.284,0.194
49,,0.356,0.88,0.536,0.376,0.294,0.06,0.274,0.184
50,,0.346,0.87,0.526,0.366,0.284,0.05,0.264,0.174
51,,0.336,0.86,0.516,0.356,0.274,0.04,0.254,0.164
52,,0.326,0.85,0.506,0.346,0.264,0.03,0.244,0.154
53,,0.316,0.84,0.496,0.336,0.254,0.02,0.234,0.144
54,,0.306,0.83,0.486,0.326,0.244,0.01,0.224,0.134
55,,0.296,0.82,0.476,0.316,0.234,0.0,0.214,0.124
56,,0.286,0.81,0.466,0.306,0.224,-0.01,0.204,0.114
57,6,-0.007,0.4,0.173,0.296,0.497,0.99,0.477,0.104
58,6,-0.3,-0.01,-0.12,0.286,0.77,1.0,0.75,0.094
59,1,0.7,0.263,-0.13,-0.007,0.36,0.707,0.74,0.367
60,1,1.0,0.536,-0.14,-0.3,-0.05,0.414,0.73,0.64
61,4,0.707,0.526,0.133,0.7,0.223,0.404,0.437,0.23
62,4,0.414,0.516,0.406,1.0,0.496,0.394,0.144,-0.18
63,8,0.687,0.506,0.113,0.59,0.203,0.384,0.417,0.82
64,8,0.96,0.496,-0.18,0.18,-0.09,0.374,0.69,1.0
65,3,0.95,0.769,0.82,0.453,-0.1,0.081,0.28,0.707
66,3,0.94,1.0,1.0,0.726,-0.11,-0.212,-0.13,0.414
67,6,0.647,0.59,0.707,0.716,0.163,0.788,0.143,0.404
68,6,0.354,0.18,0.414,0.706,0.436,1.0,0.416,0.394
69,,0.344,0.17,0.404,0.696,0.426,0.99,0.406,0.384
70,,0.334,0.16,0.394,0.686,0.416,0.98,0.396,0.374
71,,0.324,0.15,0.384,0.676,0.406,0.97,0.386,0.364
72,,0.314,0.14,0.374,0.666,0.396,0.96,0.376,0.354
73,,0.304,0.13,0.364,0.656,0.386,0.95,0.366,0.344
74,,0.294,0.12,0.354,0.646,0.376,0.94,0.356,0.334
75,,0.284,0.11,0.344,0.636,0.366,0.93,0.346,0.324
76,,0.274,0.1,0.334,0.626,0.356,0.92,0.336,0.314
77,,0.264,0.09,0.324,0.616,0.346,0.91,0.326,0.304
78,,0.254,0.08,0.314,0.606,0.336,0.9,0.316,0.294
79,,0.244,0.07,0.304,0.596,0.326,0.89,0.306,0.284
80,,0.234,0.06,0.294,0.586,0.316,0.88,0.296,0.274
81,,0.224,0.05,0.284,0.576,0.306,0.87,0.286,0.264
82,,0.214,0.04,0.274,0.566,0.296,0.86,0.276,0.254
83,,0.204,0.03,0.264,0.556,0.286,0.85,0.266,0.244
84,,0.194,0.02,0.254,0.546,0.276,0.84,0.256,0.234
85,,0.184,0.01,0.244,0.536,0.266,0.83,0.246,0.224
86,,0.174,0.0,0.234,0.526,0.256,0.82,0.236,0.214
87,,0.164,-0.01,0.224,0.516,0.246,0.81,0.226,0.204
88,2,0.437,0.99,0.497,0.506,-0.047,0.4,-0.067,0.194
89,2,0.71,1.0,0.77,0.496,-0.34,-0.01,-0.36,0.184
90,7,0.7,0.707,0.36,0.203,-0.35,0.263,0.64,0.457
91,7,0.69,0.414,-0.05,-0.09,-0.36,0.536,1.0,0.73
92,5,0.28,0.121,-0.06,0.183,0.64,0.809,0.99,0.437
93,5,-0.13,-0.172,-0.07,0.456,1.0,1.0,0.98,0.144
94,2,0.143,0.828,0.203,0.446,0.707,0.59,0.687,0.134
95,2,0.416,1.0,0.476,0.436,0.414,0.18,0.394,0.124
96,,0.406,0.99,0.466,0.426,0.404,0.17,0.384,0.114
97,,0.396,0.98,0.456,0.416,0.394,0.16,0.374,0.104
98,,0.386,0.97,0.446,0.406,0.384,0.15,0.364,0.094
99,,0.376,0.96,0.436,0.396,0.374,0.14,0.354,0.084
100,,0.366,0.95,0.426,0.386,0.364,0.13,0.344,0.074
101,,0.356,0.94,0.416,0.376,0.354,0.12,0.334,0.064
102,,0.346,0.93,0.406,0.366,0.344,0.11,0.324,0.054
103,,0.336,0.92,0.396,0.356,0.334,0.1,0.314,0.044
104,,0.326,0.91,0.386,0.346,0.324,0.09,0.304,0.034
105,,0.316,0.9,0.376,0.336,0.314,0.08,0.294,0.024
106,,0.306,0.89,0.366,0.326,0.304,0.07,0.284,0.014
107,,0.296,0.88,0.356,0.316,0.294,0.06,0.274,0.004
108,,0.286,0.87,0.346,0.306,0.284,0.05,0.264,-0.006
109,8,0.559,0.86,0.053,-0.104,-0.009,0.04,0.537,0.994
110,8,0.832,0.85,-0.24,-0.514,-0.302,0.03,0.81,1.0
111,4,0.539,0.84,0.033,0.486,-0.029,0.02,0.517,0.59
112,4,0.246,0.83,0.306,1.0,0.244,0.01,0.224,0.18
113,,0.236,0.82,0.296,0.99,0.234,0.0,0.214,0.17
114,,0.226,0.81,0.286,0.98,0.224,-0.01,0.204,0.16
115,6,-0.067,0.4,-0.007,0.97,0.497,0.99,0.477,0.15
116,6,-0.36,-0.01,-0.3,0.96,0.77,1.0,0.75,0.14
117,1,0.64,0.263,-0.31,0.667,0.36,0.707,0.74,0.413
118,1,1.0,0.536,-0.32,0.374,-0.05,0.414,0.73,0.686
119,3,0.99,0.809,0.68,0.647,-0.06,0.121,0.32,0.393
120,3,0.98,1.0,1.0,0.92,-0.07,-0.172,-0.09,0.1
121,6,0.687,0.59,0.707,0.91,0.203,0.828,0.183,0.09
122,6,0.394,0.18,0.414,0.9,0.476,1.0,0.456,0.08
123,,0.384,0.17,0.404,0.89,0.466,0.99,0.446,0.07
124,,0.374,0.16,0.394,0.88,0.456,0.98,0.436,0.06
125,,0.364,0.15,0.384,0.87,0.446,0.97,0.426,0.05
126,,0.354,0.14,0.374,0.86,0.436,0.96,0.416,0.04
127,,0.344,0.13,0.364,0.85,0.426,0.95,0.406,0.03
128,,0.334,0.12,0.354,0.84,0.416,0.94,0.396,0.02
129,,0.324,0.11,0.344,0.83,0.406,0.93,0.386,0.01
130,,0.314,0.1,0.334,0.82,0.396,0.92,0.376,0.0
131,,0.304,0.09,0.324,0.81,0.386,0.91,0.366,-0.01
132,8,0.577,0.08,0.031,0.4,0.093,0.9,0.639,0.99
133,8,0.85,0.07,-0.262,-0.01,-0.2,0.89,0.912,1.0
134,3,0.84,0.343,0.738,0.263,-0.21,0.597,0.502,0.707
135,3,0.83,0.616,1.0,0.536,-0.22,0.304,0.092,0.414
136,5,0.42,0.323,0.99,0.809,0.78,0.577,0.082,0.121
137,5,0.01,0.03,0.98,1.0,1.0,0.85,0.072,-0.172
138,8,0.283,0.02,0.687,0.59,0.707,0.84,0.345,0.828
139,8,0.556,0.01,0.394,0.18,0.414,0.83,0.618,1.0
140,,0.546,0.0,0.384,0.17,0.404,0.82,0.608,0.99
141,,0.536,-0.01,0.374,0.16,0.394,0.81,0.598,0.98
142,2,0.809,0.99,0.647,0.15,0.101,0.4,0.305,0.97
143,2,1.0,1.0,0.92,0.14,-0.192,-0.01,0.012,0.96
144,5,0.59,0.707,0.91,0.413,0.808,0.263,0.002,0.667
145,5,0.18,0.414,0.9,0.686,1.0,0.536,-0.008,0.374
146,7,0.17,0.121,0.49,0.393,0.99,0.809,0.992,0.647
147,7,0.16,-0.172,0.08,0.1,0.98,1.0,1.0,0.92
148,2,0.433,0.828,0.353,0.09,0.687,0.59,0.707,0.91
149,2,0.706,1.0,0.626,0.08,0.394,0.18,0.414,0.9
150,,0.696,0.99,0.616,0.07,0.384,0.17,0.404,0.89
151,,0.686,0.98,0.606,0.06,0.374,0.16,0.394,0.88
152,,0.676,0.97,0.596,0.05,0.364,0.15,0.384,0.87
153,,0.666,0.96,0.586,0.04,0.354,0.14,0.374,0.86
154,,0.656,0.95,0.576,0.03,0.344,0.13,0.364,0.85
155,,0.646,0.94,0.566,0.02,0.334,0.12,0.354,0.84
156,,0.636,0.93,0.556,0.01,0.324,0.11,0.344,0.83
157,,0.626,0.92,0.546,0.0,0.314,0.1,0.334,0.82
158,,0.616,0.91,0.536,-0.01,0.304,0.09,0.324,0.81
159,4,0.323,0.9,0.809,0.99,0.577,0.08,0.031,0.4
160,4,0.03,0.89,1.0,1.0,0.85,0.07,-0.262,-0.01
161,7,0.02,0.597,0.59,0.707,0.84,0.343,0.738,0.263
162,7,0.01,0.304,0.18,0.414,0.83,0.616,1.0,0.536
163,,0.0,0.294,0.17,0.404,0.82,0.606,0.99,0.526
164,,-0.01,0.284,0.16,0.394,0.81,0.596,0.98,0.516
165,1,0.99,0.557,0.15,0.101,0.4,0.303,0.97,0.789
166,1,1.0,0.83,0.14,-0.192,-0.01,0.01,0.96,1.0
167,4,0.707,0.82,0.413,0.808,0.263,0.0,0.667,0.59
168,4,0.414,0.81,0.686,1.0,0.536,-0.01,0.374,0.18
169,6,0.121,0.4,0.393,0.99,0.809,0.99,0.647,0.17
170,6,-0.172,-0.01,0.1,0.98,1.0,1.0,0.92,0.16
171,1,0.828,0.263,0.09,0.687,0.59,0.707,0.91,0.433
172,1,1.0,0.536,0.08,0.394,0.18,0.414,0.9,0.706
173,,0.99,0.526,0.07,0.384,0.17,0.404,0.89,0.696
174,,0.98,0.516,0.06,0.374,0.16,0.394,0.88,0.686
175,,0.97,0.506,0.05,0.364,0.15,0.384,0.87,0.676
176,,0.96,0.496,0.04,0.354,0.14,0.374,0.86,0.666
177,,0.95,0.486,0.03,0.344,0.13,0.364,0.85,0.656
178,,0.94,0.476,0.02,0.334,0.12,0.354,0.84,0.646
179,,0.93,0.466,0.01,0.324,0.11,0.344,0.83,0.636
180,,0.92,0.456,0.0,0.314,0.1,0.334,0.82,0.626
181,,0.91,0.446,-0.01,0.304,0.09,0.324,0.81,0.616
182,3,0.9,0.719,0.99,0.577,0.08,0.031,0.4,0.323
183,3,0.89,0.992,1.0,0.85,0.07,-0.262,-0.01,0.03
184,6,0.597,0.582,0.707,0.84,0.343,0.738,0.263,0.02
185,6,0.304,0.172,0.414,0.83,0.616,1.0,0.536,0.01
186,,0.294,0.162,0.404,0.82,0.606,0.99,0.526,0.0
187,,0.284,0.152,0.394,0.81,0.596,0.98,0.516,-0.01
188,8,0.557,0.142,0.101,0.4,0.303,0.97,0.789,0.99
189,8,0.83,0.132,-0.192,-0.01,0.01,0.96,1.0,1.0
190,3,0.82,0.405,0.808,0.263,0.0,0.667,0.59,0.707
191,3,0.81,0.678,1.0,0.536,-0.01,0.374,0.18,0.414
192,5,0.4,0.385,0.99,0.809,0.99,0.647,0.17,0.121
193,5,-0.01,0.092,0.98,1.0,1.0,0.92,0.16,-0.172
194,8,0.263,0.082,0.687,0.59,0.707,0.91,0.433,0.828
195,8,0.536,0.072,0.394,0.18,0.414,0.9,0.706,1.0
196,,0.526,0.062,0.384,0.17,0.404,0.89,0.696,0.99
197,,0.516,0.052,0.374,0.16,0.394,0.88,0.686,0.98
198,,0.506,0.042,0.364,0.15,0.384,0.87,0.676,0.97
199,,0.496,0.032,0.354,0.14,0.374,0.86,0.666,0.96
200,,0.486,0.022,0.344,0.13,0.364,0.85,0.656,0.95
201,,0.476,0.012,0.334,0.12,0.354,0.84,0.646,0.94
202,,0.466,0.002,0.324,0.11,0.344,0.83,0.636,0.93
203,,0.456,-0.008,0.314,0.1,0.334,0.82,0.626,0.92
204,2,0.729,0.992,0.587,0.09,0.041,0.41,0.333,0.91
205,2,1.0,1.0,0.86,0.08,-0.252,-0.0,0.04,0.9
206,5,0.59,0.707,0.85,0.353,0.748,0.273,0.03,0.607
207,5,0.18,0.414,0.84,0.626,1.0,0.546,0.02,0.314
208,,0.17,0.404,0.83,0.616,0.99,0.536,0.01,0.304
209,,0.16,0.394,0.82,0.606,0.98,0.526,0.0,0.294
210,,0.15,0.384,0.81,0.596,0.97,0.516,-0.01,0.284
211,7,0.14,0.091,0.4,0.303,0.96,0.789,0.99,0.557
212,7,0.13,-0.202,-0.01,0.01,0.95,1.0,1.0,0.83
213,2,0.403,0.798,0.263,0.0,0.657,0.59,0.707,0.82
214,2,0.676,1.0,0.536,-0.01,0.364,0.18,0.414,0.81
215,4,0.383,0.99,0.809,0.99,0.637,0.17,0.121,0.4
216,4,0.09,0.98,1.0,1.0,0.91,0.16,-0.172,-0.01
217,7,0.08,0.687,0.59,0.707,0.9,0.433,0.828,0.263
218,7,0.07,0.394,0.18,0.414,0.89,0.706,1.0,0.536
219,,0.06,0.384,0.17,0.404,0.88,0.696,0.99,0.526
220,,0.05,0.374,0.16,0.394,0.87,0.686,0.98,0.516
221,,0.04,0.364,0.15,0.384,0.86,0.676,0.97,0.506
222,,0.03,0.354,0.14,0.374,0.85,0.666,0.96,0.496
223,,0.02,0.344,0.13,0.364,0.84,0.656,0.95,0.486
224,,0.01,0.334,0.12,0.354,0.83,0.646,0.94,0.476
225,,0.0,0.324,0.11,0.344,0.82,0.636,0.93,0.466
226,,-0.01,0.314,0.1,0.334,0.81,0.626,0.92,0.456
227,1,0.99,0.587,0.09,0.041,0.4,0.333,0.91,0.729
228,1,1.0,0.86,0.08,-0.252,-0.01,0.04,0.9,1.0
229,4,0.707,0.85,0.353,0.748,0.263,0.03,0.607,0.59
230,4,0.414,0.84,0.626,1.0,0.536,0.02,0.314,0.18
231,,0.404,0.83,0.616,0.99,0.526,0.01,0.304,0.17
232,,0.394,0.82,0.606,0.98,0.516,0.0,0.294,0.16
233,,0.384,0.81,0.596,0.97,0.506,-0.01,0.284,0.15
234,6,0.091,0.4,0.303,0.96,0.779,0.99,0.557,0.14
235,6,-0.202,-0.01,0.01,0.95,1.0,1.0,0.83,0.13
236,1,0.798,0.263,0.0,0.657,0.59,0.707,0.82,0.403
237,1,1.0,0.536,-0.01,0.364,0.18,0.414,0.81,0.676
238,3,0.99,0.809,0.99,0.637,0.17,0.121,0.4,0.383
239,3,0.98,1.0,1.0,0.91,0.16,-0.172,-0.01,0.09
240,6,0.687,0.59,0.707,0.9,0.433,0.828,0.263,0.08
241,6,0.394,0.18,0.414,0.89,0.706,1.0,0.536,0.07
242,,0.384,0.17,0.404,0.88,0.696,0.99,0.526,0.06
243,,0.374,0.16,0.394,0.87,0.686,0.98,0.516,0.05
244,,0.364,0.15,0.384,0.86,0.676,0.97,0.506,0.04
245,,0.354,0.14,0.374,0.85,0.666,0.96,0.496,0.03
246,,0.344,0.13,0.364,0.84,0.656,0.95,0.486,0.02
247,,0.334,0.12,0.354,0.83,0.646,0.94,0.476,0.01
248,,0.324,0.11,0.344,0.82,0.636,0.93,0.466,0.0
249,,0.314,0.1,0.334,0.81,0.626,0.92,0.456,-0.01
250,8,0.587,0.09,0.041,0.4,0.333,0.91,0.729,0.99
251,8,0.86,0.08,-0.252,-0.01,0.04,0.9,1.0,1.0
252,3,0.85,0.353,0.748,0.263,0.03,0.607,0.59,0.707
253,3,0.84,0.626,1.0,0.536,0.02,0.314,0.18,0.414
254,,0.83,0.616,0.99,0.526,0.01,0.304,0.17,0.404
255,,0.82,0.606,0.98,0.516,0.0,0.294,0.16,0.394
256,,0.81,0.596,0.97,0.506,-0.01,0.284,0.15,0.384
257,5,0.4,0.303,0.96,0.779,0.99,0.557,0.14,0.091
258,5,-0.01,0.01,0.95,1.0,1.0,0.83,0.13,-0.202
259,8,0.263,0.0,0.657,0.59,0.707,0.82,0.403,0.798
260,8,0.536,-0.01,0.364,0.18,0.414,0.81,0.676,1.0
261,2,0.809,0.99,0.637,0.17,0.121,0.4,0.383,0.99
262,2,1.0,1.0,0.91,0.16,-0.172,-0.01,0.09,0.98
263,5,0.59,0.707,0.9,0.433,0.828,0.263,0.08,0.687
264,5,0.18,0.414,0.89,0.706,1.0,0.536,0.07,0.394
265,,0.17,0.404,0.88,0.696,0.99,0.526,0.06,0.384
266,,0.16,0.394,0.87,0.686,0.98,0.516,0.05,0.374
267,,0.15,0.384,0.86,0.676,0.97,0.506,0.04,0.364
268,,0.14,0.374,0.85,0.666,0.96,0.496,0.03,0.354
269,,0.13,0.364,0.84,0.656,0.95,0.486,0.02,0.344
270,,0.12,0.354,0.83,0.646,0.94,0.476,0.01,0.334
271,,0.11,0.344,0.82,0.636,0.93,0.466,0.0,0.324
272,,0.1,0.334,0.81,0.626,0.92,0.456,-0.01,0.314
273,7,0.09,0.041,0.4,0.333,0.91,0.729,0.99,0.587
274,7,0.08,-0.252,-0.01,0.04,0.9,1.0,1.0,0.86
275,2,0.353,0.748,0.263,0.03,0.607,0.59,0.707,0.85
276,2,0.626,1.0,0.536,0.02,0.314,0.18,0.414,0.84
277,,0.616,0.99,0.526,0.01,0.304,0.17,0.404,0.83
278,,0.606,0.98,0.516,0.0,0.294,0.16,0.394,0.82
279,,0.596,0.97,0.506,-0.01,0.284,0.15,0.384,0.81
280,4,0.303,0.96,0.779,0.99,0.557,0.14,0.091,0.4
281,4,0.01,0.95,1.0,1.0,0.83,0.13,-0.202,-0.01
282,7,0.0,0.657,0.59,0.707,0.82,0.403,0.798,0.263
283,7,-0.01,0.364,0.18,0.414,0.81,0.676,1.0,0.536
284,1,0.99,0.637,0.17,0.121,0.4,0.383,0.99,0.809
285,1,1.0,0.91,0.16,-0.172,-0.01,0.09,0.98,1.0
286,4,0.707,0.9,0.433,0.828,0.263,0.08,0.687,0.59
287,4,0.414,0.89,0.706,1.0,0.536,0.07,0.394,0.18
288,,0.404,0.88,0.696,0.99,0.526,0.06,0.384,0.17
289,,0.394,0.87,0.686,0.98,0.516,0.05,0.374,0.16
290,,0.384,0.86,0.676,0.97,0.506,0.04,0.364,0.15
291,,0.374,0.85,0.666,0.96,0.496,0.03,0.354,0.14
292,,0.364,0.84,0.656,0.95,0.486,0.02,0.344,0.13
293,,0.354,0.83,0.646,0.94,0.476,0.01,0.334,0.12
294,,0.344,0.82,0.636,0.93,0.466,0.0,0.324,0.11
295,,0.334,0.81,0.626,0.92,0.456,-0.01,0.314,0.1
296,6,0.041,0.4,0.333,0.91,0.729,0.99,0.587,0.09
297,6,-0.252,-0.01,0.04,0.9,1.0,1.0,0.86,0.08
298,1,0.748,0.263,0.03,0.607,0.59,0.707,0.85,0.353
299,1,1.0,0.536,0.02,0.314,0.18,0.414,0.84,0.626
300,,0.99,0.526,0.01,0.304,0.17,0.404,0.83,0.616
301,,0.98,0.516,0.0,0.294,0.16,0.394,0.82,0.606
302,,0.97,0.506,-0.01,0.284,0.15,0.384,0.81,0.596
303,3,0.96,0.779,0.99,0.557,0.14,0.091,0.4,0.303
304,3,0.95,1.0,1.0,0.83,0.13,-0.202,-0.01,0.01
305,6,0.657,0.59,0.707,0.82,0.403,0.798,0.263,0.0
306,6,0.364,0.18,0.414,0.81,0.676,1.0,0.536,-0.01
307,8,0.637,0.17,0.121,0.4,0.383,0.99,0.809,0.99
308,8,0.91,0.16,-0.172,-0.01,0.09,0.98,1.0,1.0
309,3,0.9,0.433,0.828,0.263,0.08,0.687,0.59,0.707
310,3,0.89,0.706,1.0,0.536,0.07,0.394,0.18,0.414
311,,0.88,0.696,0.99,0.526,0.06,0.384,0.17,0.404
312,,0.87,0.686,0.98,0.516,0.05,0.374,0.16,0.394
313,,0.86,0.676,0.97,0.506,0.04,0.364,0.15,0.384
314,,0.85,0.666,0.96,0.496,0.03,0.354,0.14,0.374
315,,0.84,0.656,0.95,0.486,0.02,0.344,0.13,0.364
316,,0.83,0.646,0.94,0.476,0.01,0.334,0.12,0.354
317,,0.82,0.636,0.93,0.466,0.0,0.324,0.11,0.344
318,,0.81,0.626,0.92,0.456,-0.01,0.314,0.1,0.334
319,5,0.4,0.333,0.91,0.729,0.99,0.587,0.09,0.041
320,5,-0.01,0.04,0.9,1.0,1.0,0.86,0.08,-0.252
321,8,0.263,0.03,0.607,0.59,0.707,0.85,0.353,0.748
322,8,0.536,0.02,0.314,0.18,0.414,0.84,0.626,1.0
323,,0.526,0.01,0.304,0.17,0.404,0.83,0.616,0.99
324,,0.516,0.0,0.294,0.16,0.394,0.82,0.606,0.98
325,,0.506,-0.01,0.284,0.15,0.384,0.81,0.596,0.97
326,2,0.779,0.99,0.557,0.14,0.091,0.4,0.303,0.96
327,2,1.0,1.0,0.83,0.13,-0.202,-0.01,0.01,0.95
328,5,0.59,0.707,0.82,0.403,0.798,0.263,0.0,0.657
329,5,0.18,0.414,0.81,0.676,1.0,0.536,-0.01,0.364
330,7,0.17,0.121,0.4,0.383,0.99,0.809,0.99,0.637
331,7,0.16,-0.172,-0.01,0.09,0.98,1.0,1.0,0.91
332,2,0.433,0.828,0.263,0.08,0.687,0.59,0.707,0.9
333,2,0.706,1.0,0.536,0.07,0.394,0.18,0.414,0.89
334,,0.696,0.99,0.526,0.06,0.384,0.17,0.404,0.88
335,,0.686,0.98,0.516,0.05,0.374,0.16,0.394,0.87
336,,0.676,0.97,0.506,0.04,0.364,0.15,0.384,0.86
337,,0.666,0.96,0.496,0.03,0.354,0.14,0.374,0.85
338,,0.656,0.95,0.486,0.02,0.344,0.13,0.364,0.84
339,,0.646,0.94,0.476,0.01,0.334,0.12,0.354,0.83
340,,0.636,0.93,0.466,0.0,0.324,0.11,0.344,0.82
341,,0.626,0.92,0.456,-0.01,0.314,0.1,0.334,0.81
342,4,0.333,0.91,0.729,0.99,0.587,0.09,0.041,0.4
343,4,0.04,0.9,1.0,1.0,0.86,0.08,-0.252,-0.01
344,7,0.03,0.607,0.59,0.707,0.85,0.353,0.748,0.263
345,7,0.02,0.314,0.18,0.414,0.84,0.626,1.0,0.536
346,,0.01,0.304,0.17,0.404,0.83,0.616,0.99,0.526
347,,0.0,0.294,0.16,0.394,0.82,0.606,0.98,0.516
348,,-0.01,0.284,0.15,0.384,0.81,0.596,0.97,0.506
349,1,0.99,0.557,0.14,0.091,0.4,0.303,0.96,0.779
350,1,1.0,0.83,0.13,-0.202,-0.01,0.01,0.95,1.0
351,4,0.707,0.82,0.403,0.798,0.263,0.0,0.657,0.59
352,4,0.414,0.81,0.676,1.0,0.536,-0.01,0.364,0.18
353,6,0.121,0.4,0.383,0.99,0.809,0.99,0.637,0.17
354,6,-0.172,-0.01,0.09,0.98,1.0,1.0,0.91,0.16
355,1,0.828,0.263,0.08,0.687,0.59,0.707,0.9,0.433
356,1,1.0,0.536,0.07,0.394,0.18,0.414,0.89,0.706
357,,0.99,0.526,0.06,0.384,0.17,0.404,0.88,0.696
358,,0.98,0.516,0.05,0.374,0.16,0.394,0.87,0.686
359,,0.97,0.506,0.04,0.364,0.15,0.384,0.86,0.676
360,,0.96,0.496,0.03,0.354,0.14,0.374,0.85,0.666
361,,0.95,0.486,0.02,0.344,0.13,0.364,0.84,0.656
362,,0.94,0.476,0.01,0.334,0.12,0.354,0.83,0.646
363,,0.93,0.466,0.0,0.324,0.11,0.344,0.82,0.636
364,,0.92,0.456,-0.01,0.314,0.1,0.334,0.81,0.626
365,3,0.91,0.729,0.99,0.587,0.09,0.041,0.4,0.333
366,3,0.9,1.0,1.0,0.86,0.08,-0.252,-0.01,0.04
367,6,0.607,0.59,0.707,0.85,0.353,0.748,0.263,0.03
368,6,0.314,0.18,0.414,0.84,0.626,1.0,0.536,0.02
369,,0.304,0.17,0.404,0.83,0.616,0.99,0.526,0.01
370,,0.294,0.16,0.394,0.82,0.606,0.98,0.516,0.0
371,,0.284,0.15,0.384,0.81,0.596,0.97,0.506,-0.01
372,8,0.557,0.14,0.091,0.4,0.303,0.96,0.779,0.99
373,8,0.83,0.13,-0.202,-0.01,0.01,0.95,1.0,1.0
374,3,0.82,0.403,0.798,0.263,0.0,0.657,0.59,0.707
375,3,0.81,0.676,1.0,0.536,-0.01,0.364,0.18,0.414
376,5,0.4,0.383,0.99,0.809,0.99,0.637,0.17,0.121
377,5,-0.01,0.09,0.98,1.0,1.0,0.91,0.16,-0.172
378,8,0.263,0.08,0.687,0.59,0.707,0.9,0.433,0.828
379,8,0.536,0.07,0.394,0.18,0.414,0.89,0.706,1.0
380,,0.526,0.06,0.384,0.17,0.404,0.88,0.696,0.99
381,,0.516,0.05,0.374,0.16,0.394,0.87,0.686,0.98
382,,0.506,0.04,0.364,0.15,0.384,0.86,0.676,0.97
383,,0.496,0.03,0.354,0.14,0.374,0.85,0.666,0.96
384,,0.486,0.02,0.344,0.13,0.364,0.84,0.656,0.95
385,,0.476,0.01,0.334,0.12,0.354,0.83,0.646,0.94
386,,0.466,0.0,0.324,0.11,0.344,0.82,0.636,0.93
387,,0.456,-0.01,0.314,0.1,0.334,0.81,0.626,0.92
388,2,0.729,0.99,0.587,0.09,0.041,0.4,0.333,0.91
389,2,1.0,1.0,0.86,0.08,-0.252,-0.01,0.04,0.9
390,5,0.59,0.707,0.85,0.353,0.748,0.263,0.03,0.607
391,5,0.18,0.414,0.84,0.626,1.0,0.536,0.02,0.314
392,,0.17,0.404,0.83,0.616,0.99,0.526,0.01,0.304
393,,0.16,0.394,0.82,0.606,0.98,0.516,0.0,0.294
394,,0.15,0.384,0.81,0.596,0.97,0.506,-0.01,0.284
395,7,0.14,0.091,0.4,0.303,0.96,0.779,0.99,0.557
396,7,0.13,-0.202,-0.01,0.01,0.95,1.0,1.0,0.83
397,2,0.403,0.798,0.263,0.0,0.657,0.59,0.707,0.82
398,2,0.676,1.0,0.536,-0.01,0.364,0.18,0.414,0.81
399,4,0.383,0.99,0.809,0.99,0.637,0.17,0.121,0.4
400,4,0.09,0.98,1.0,1.0,0.91,0.16,-0.172,-0.01
401,7,0.08,0.687,0.59,0.707,0.9,0.433,0.828,0.263
402,7,0.07,0.394,0.18,0.414,0.89,0.706,1.0,0.536
403,,0.06,0.384,0.17,0.404,0.88,0.696,0.99,0.526
404,,0.05,0.374,0.16,0.394,0.87,0.686,0.98,0.516
405,,0.04,0.364,0.15,0.384,0.86,0.676,0.97,0.506
406,,0.03,0.354,0.14,0.374,0.85,0.666,0.96,0.496
407,,0.02,0.344,0.13,0.364,0.84,0.656,0.95,0.486
408,,0.01,0.334,0.12,0.354,0.83,0.646,0.94,0.476
409,,0.0,0.324,0.11,0.344,0.82,0.636,0.93,0.466
410,,-0.01,0.314,0.1,0.334,0.81,0.626,0.92,0.456
411,1,0.99,0.587,0.09,0.041,0.4,0.333,0.91,0.729
412,1,1.0,0.86,0.08,-0.252,-0.01,0.04,0.9,1.0
413,4,0.707,0.85,0.353,0.748,0.263,0.03,0.607,0.59
414,4,0.414,0.84,0.626,1.0,0.536,0.02,0.314,0.18
415,,0.404,0.83,0.616,0.99,0.526,0.01,0.304,0.17
416,,0.394,0.82,0.606,0.98,0.516,0.0,0.294,0.16
417,,0.384,0.81,0.596,0.97,0.506,-0.01,0.284,0.15
418,6,0.091,0.4,0.303,0.96,0.779,0.99,0.557,0.14
419,6,-0.202,-0.01,0.01,0.95,1.0,1.0,0.83,0.13
420,1,0.798,0.263,0.0,0.657,0.59,0.707,0.82,0.403
421,1,1.0,0.536,-0.01,0.364,0.18,0.414,0.81,0.676
422,3,0.99,0.809,0.99,0.637,0.17,0.121,0.4,0.383
423,3,0.98,1.0,1.0,0.91,0.16,-0.172,-0.01,0.09
424,6,0.687,0.59,0.707,0.9,0.433,0.828,0.263,0.08
425,6,0.394,0.18,0.414,0.89,0.706,1.0,0.536,0.07
426,,0.384,0.17,0.404,0.88,0.696,0.99,0.526,0.06
427,,0.374,0.16,0.394,0.87,0.686,0.98,0.516,0.05
428,,0.364,0.15,0.384,0.86,0.676,0.97,0.506,0.04
429,,0.354,0.14,0.374,0.85,0.666,0.96,0.496,0.03
430,,0.344,0.13,0.364,0.84,0.656,0.95,0.486,0.02
431,,0.334,0.12,0.354,0.83,0.646,0.94,0.476,0.01
432,,0.324,0.11,0.344,0.82,0.636,0.93,0.466,0.0
433,,0.314,0.1,0.334,0.81,0.626,0.92,0.456,-0.01
434,8,0.587,0.09,0.041,0.4,0.333,0.91,0.729,0.99
435,8,0.86,0.08,-0.252,-0.01,0.04,0.9,1.0,1.0
436,3,0.85,0.353,0.748,0.263,0.03,0.607,0.59,0.707
437,3,0.84,0.626,1.0,0.536,0.02,0.314,0.18,0.414
438,,0.83,0.616,0.99,0.526,0.01,0.304,0.17,0.404
439,,0.82,0.606,0.98,0.516,0.0,0.294,0.16,0.394
440,,0.81,0.596,0.97,0.506,-0.01,0.284,0.15,0.384
441,5,0.4,0.303,0.96,0.779,0.99,0.557,0.14,0.091
442,5,-0.01,0.01,0.95,1.0,1.0,0.83,0.13,-0.202
443,8,0.263,0.0,0.657,0.59,0.707,0.82,0.403,0.798
444,8,0.536,-0.01,0.364,0.18,0.414,0.81,0.676,1.0
445,2,0.809,0.99,0.637,0.17,0.121,0.4,0.383,0.99
446,2,1.0,1.0,0.91,0.16,-0.172,-0.01,0.09,0.98
447,5,0.59,0.707,0.9,0.433,0.828,0.263,0.08,0.687
448,5,0.18,0.414,0.89,0.706,1.0,0.536,0.07,0.394
449,,0.17,0.404,0.88,0.696,0.99,0.526,0.06,0.384
450,,0.16,0.394,0.87,0.686,0.98,0.516,0.05,0.374
451,,0.15,0.384,0.86,0.676,0.97,0.506,0.04,0.364
452,,0.14,0.374,0.85,0.666,0.96,0.496,0.03,0.354
453,,0.13,0.364,0.84,0.656,0.95,0.486,0.02,0.344
454,,0.12,0.354,0.83,0.646,0.94,0.476,0.01,0.334
455,,0.11,0.344,0.82,0.636,0.93,0.466,0.0,0.324
456,,0.1,0.334,0.81,0.626,0.92,0.456,-0.01,0.314
457,7,0.09,0.041,0.4,0.333,0.91,0.729,0.99,0.587
458,7,0.08,-0.252,-0.01,0.04,0.9,1.0,1.0,0.86
459,2,0.353,0.748,0.263,0.03,0.607,0.59,0.707,0.85
460,2,0.626,1.0,0.536,0.02,0.314,0.18,0.414,0.84
461,,0.616,0.99,0.526,0.01,0.304,0.17,0.404,0.83
462,,0.606,0.98,0.516,0.0,0.294,0.16,0.394,0.82
463,,0.596,0.97,0.506,-0.01,0.284,0.15,0.384,0.81
464,4,0.303,0.96,0.779,0.99,0.557,0.14,0.091,0.4
465,4,0.01,0.95,1.0,1.0,0.83,0.13,-0.202,-0.01
466,7,0.0,0.657,0.59,0.707,0.82,0.403,0.798,0.263
467,7,-0.01,0.364,0.18,0.414,0.81,0.676,1.0,0.536
468,1,0.99,0.637,0.17,0.121,0.4,0.383,0.99,0.809
469,1,1.0,0.91,0.16,-0.172,-0.01,0.09,0.98,1.0
470,4,0.707,0.9,0.433,0.828,0.263,0.08,0.687,0.59
471,4,0.414,0.89,0.706,1.0,0.536,0.07,0.394,0.18
472,,0.404,0.88,0.696,0.99,0.526,0.06,0.384,0.17
473,,0.394,0.87,0.686,0.98,0.516,0.05,0.374,0.16
474,,0.384,0.86,0.676,0.97,0.506,0.04,0.364,0.15
475,,0.374,0.85,0.666,0.96,0.496,0.03,0.354,0.14
476,,0.364,0.84,0.656,0.95,0.486,0.02,0.344,0.13
477,,0.354,0.83,0.646,0.94,0.476,0.01,0.334,0.12
478,,0.344,0.82,0.636,0.93,0.466,0.0,0.324,0.11
479,,0.334,0.81,0.626,0.92,0.456,-0.01,0.314,0.1
480,6,0.041,0.4,0.333,0.91,0.729,0.99,0.587,0.09
481,6,-0.252,-0.01,0.04,0.9,1.0,1.0,0.86,0.08
482,1,0.748,0.263,0.03,0.607,0.59,0.707,0.85,0.353
483,1,1.0,0.536,0.02,0.314,0.18,0.414,0.84,0.626
484,,0.99,0.526,0.01,0.304,0.17,0.404,0.83,0.616
485,,0.98,0.516,0.0,0.294,0.16,0.394,0.82,0.606
486,,0.97,0.506,-0.01,0.284,0.15,0.384,0.81,0.596
487,3,0.96,0.779,0.99,0.557,0.14,0.091,0.4,0.303
488,3,0.95,1.0,1.0,0.83,0.13,-0.202,-0.01,0.01
489,6,0.657,0.59,0.707,0.82,0.403,0.798,0.263,0.0
490,6,0.364,0.18,0.414,0.81,0.676,1.0,0.536,-0.01
491,8,0.637,0.17,0.121,0.4,0.383,0.99,0.809,0.99
492,8,0.91,0.16,-0.172,-0.01,0.09,0.98,1.0,1.0
493,3,0.9,0.433,0.828,0.263,0.08,0.687,0.59,0.707
494,3,0.89,0.706,1.0,0.536,0.07,0.394,0.18,0.414
495,,0.88,0.696,0.99,0.526,0.06,0.384,0.17,0.404
496,,0.87,0.686,0.98,0.516,0.05,0.374,0.16,0.394
497,,0.86,0.676,0.97,0.506,0.04,0.364,0.15,0.384
498,,0.85,0.666,0.96,0.496,0.03,0.354,0.14,0.374
499,,0.84,0.656,0.95,0.486,0.02,0.344,0.13,0.364
