step,active_motive,motive_1,motive_2,motive_3,motive_4,motive_5,motive_6,motive_7,motive_8
0,,0.97301,0.3931,0.89205,0.63114,0.79481,0.50264,0.5769,0.49252
1,,0.96301,0.3831,0.88205,0.62114,0.78481,0.49264,0.5669,0.48252
2,,0.95301,0.3731,0.87205,0.61114,0.77481,0.48264,0.5569,0.47252
3,,0.94301,0.3631,0.86205,0.60114,0.76481,0.47264,0.5469,0.46252
4,,0.93301,0.3531,0.85205,0.59114,0.75481,0.46264,0.5369,0.45252
5,,0.92301,0.3431,0.84205,0.58114,0.74481,0.45264,0.5269,0.44252
6,,0.91301,0.3331,0.83205,0.57114,0.73481,0.44264,0.5169,0.43252
7,,0.90301,0.3231,0.82205,0.56114,0.72481,0.43264,0.5069,0.42252
8,,0.89301,0.3131,0.81205,0.55114,0.71481,0.42264,0.4969,0.41252
9,,0.88301,0.3031,0.80205,0.54114,0.70481,0.41264,0.4869,0.40252
10,,0.87301,0.2931,0.79205,0.53114,0.69481,0.40264,0.4769,0.39252
11,,0.86301,0.2831,0.78205,0.52114,0.68481,0.39264,0.4669,0.38252
12,,0.85301,0.2731,0.77205,0.51114,0.67481,0.38264,0.4569,0.37252
13,,0.84301,0.2631,0.76205,0.50114,0.66481,0.37264,0.4469,0.36252
14,,0.83301,0.2531,0.75205,0.49114,0.65481,0.36264,0.4369,0.35252
15,,0.82301,0.2431,0.74205,0.48114,0.64481,0.35264,0.4269,0.34252
16,,0.81301,0.2331,0.73205,0.47114,0.63481,0.34264,0.4169,0.33252
17,,0.80301,0.2231,0.72205,0.46114,0.62481,0.33264,0.4069,0.32252
18,,0.79301,0.2131,0.71205,0.45114,0.61481,0.32264,0.3969,0.31252
19,,0.78301,0.2031,0.70205,0.44114,0.60481,0.31264,0.3869,0.30252
20,,0.77301,0.1931,0.69205,0.43114,0.59481,0.30264,0.3769,0.29252
21,,0.76301,0.1831,0.68205,0.42114,0.58481,0.29264,0.3669,0.28252
22,,0.75301,0.1731,0.67205,0.41114,0.57481,0.28264,0.3569,0.27252
23,,0.74301,0.1631,0.66205,0.40114,0.56481,0.27264,0.3469,0.26252
24,,0.73301,0.1531,0.65205,0.39114,0.55481,0.26264,0.3369,0.25252
25,,0.72301,0.1431,0.64205,0.38114,0.54481,0.25264,0.3269,0.24252
26,,0.71301,0.1331,0.63205,0.37114,0.53481,0.24264,0.3169,0.23252
27,,0.70301,0.1231,0.62205,0.36114,0.52481,0.23264,0.3069,0.22252
28,,0.69301,0.1131,0.61205,0.35114,0.51481,0.22264,0.2969,0.21252
29,,0.68301,0.1031,0.60205,0.34114,0.50481,0.21264,0.2869,0.20252
30,,0.67301,0.0931,0.59205,0.33114,0.49481,0.20264,0.2769,0.19252
31,,0.66301,0.0831,0.58205,0.32114,0.48481,0.19264,0.2669,0.18252
32,,0.65301,0.0731,0.57205,0.31114,0.47481,0.18264,0.2569,0.17252
33,,0.64301,0.0631,0.56205,0.30114,0.46481,0.17264,0.2469,0.16252
34,,0.63301,0.0531,0.55205,0.29114,0.45481,0.16264,0.2369,0.15252
35,,0.62301,0.0431,0.54205,0.28114,0.44481,0.15264,0.2269,0.14252
36,,0.61301,0.0331,0.53205,0.27114,0.43481,0.14264,0.2169,0.13252
37,,0.60301,0.0231,0.52205,0.26114,0.42481,0.13264,0.2069,0.12252
38,,0.59301,0.0131,0.51205,0.25114,0.41481,0.12264,0.1969,0.11252
39,,0.58301,0.0031,0.50205,0.24114,0.40481,0.11264,0.1869,0.10252
40,,0.57301,-0.0069,0.49205,0.23114,0.39481,0.10264,0.1769,0.09252
41,2,0.84601,0.9931,0.76505,0.22114,0.10181,-0.30736,-0.1161,0.08252
42,2,1.0,1.0,1.0,0.21114,-0.19119,-0.71736,-0.4091,0.07252
43,6,0.707,0.59,0.707,0.20114,0.08181,0.28264,-0.1361,0.06252
44,6,0.414,0.18,0.414,0.19114,0.35481,1.0,0.1369,0.05252
45,,0.404,0.17,0.404,0.18114,0.34481,0.99,0.1269,0.04252
46,,0.394,0.16,0.394,0.17114,0.33481,0.98,0.1169,0.03252
47,,0.384,0.15,0.384,0.16114,0.32481,0.97,0.1069,0.02252
48,,0.374,0.14,0.374,0.15114,0.31481,0.96,0.0969,0.01252
49,,0.364,0.13,0.364,0.14114,0.30481,0.95,0.0869,0.00252
50,,0.354,0.12,0.354,0.13114,0.29481,0.94,0.0769,-0.00748
51,8,0.627,0.11,0.061,-0.27886,0.00181,0.93,0.3499,0.99252
52,8,0.9,0.1,-0.232,-0.68886,-0.29119,0.92,0.6229,1.0
53,4,0.607,0.09,0.041,0.31114,-0.01819,0.91,0.3299,0.59
54,4,0.314,0.08,0.314,1.0,0.25481,0.9,0.0369,0.18
55,,0.304,0.07,0.304,0.99,0.24481,0.89,0.0269,0.17
56,,0.294,0.06,0.294,0.98,0.23481,0.88,0.0169,0.16
57,,0.284,0.05,0.284,0.97,0.22481,0.87,0.0069,0.15
58,,0.274,0.04,0.274,0.96,0.21481,0.86,-0.0031,0.14
59,7,0.264,-0.253,-0.136,0.667,0.20481,1.0,0.9969,0.413
60,7,0.254,-0.546,-0.546,0.374,0.19481,1.0,1.0,0.686
61,2,0.527,0.454,-0.273,0.364,-0.09819,0.59,0.707,0.676
62,2,0.8,1.0,-0.0,0.354,-0.39119,0.18,0.414,0.666
63,5,0.39,0.707,-0.01,0.627,0.60881,0.453,0.404,0.373
64,5,-0.02,0.414,-0.02,0.9,1.0,0.726,0.394,0.08
65,3,-0.03,0.687,0.98,1.0,0.99,0.433,-0.016,-0.213
66,3,-0.04,0.96,1.0,1.0,0.98,0.14,-0.426,-0.506
67,8,0.233,0.95,0.707,0.59,0.687,0.13,-0.153,0.494
68,8,0.506,0.94,0.414,0.18,0.394,0.12,0.12,1.0
69,,0.496,0.93,0.404,0.17,0.384,0.11,0.11,0.99
70,,0.486,0.92,0.394,0.16,0.374,0.1,0.1,0.98
71,,0.476,0.91,0.384,0.15,0.364,0.09,0.09,0.97
72,,0.466,0.9,0.374,0.14,0.354,0.08,0.08,0.96
73,,0.456,0.89,0.364,0.13,0.344,0.07,0.07,0.95
74,,0.446,0.88,0.354,0.12,0.334,0.06,0.06,0.94
75,,0.436,0.87,0.344,0.11,0.324,0.05,0.05,0.93
76,,0.426,0.86,0.334,0.1,0.314,0.04,0.04,0.92
77,,0.416,0.85,0.324,0.09,0.304,0.03,0.03,0.91
78,,0.406,0.84,0.314,0.08,0.294,0.02,0.02,0.9
79,,0.396,0.83,0.304,0.07,0.284,0.01,0.01,0.89
80,,0.386,0.82,0.294,0.06,0.274,0.0,0.0,0.88
81,,0.376,0.81,0.284,0.05,0.264,-0.01,-0.01,0.87
82,6,0.083,0.4,-0.009,0.04,0.537,0.99,0.263,0.86
83,6,-0.21,-0.01,-0.302,0.03,0.81,1.0,0.536,0.85
84,3,-0.22,0.263,0.698,0.303,0.8,0.707,0.126,0.557
85,3,-0.23,0.536,1.0,0.576,0.79,0.414,-0.284,0.264
86,7,-0.24,0.243,0.59,0.283,0.78,0.687,0.716,0.537
87,7,-0.25,-0.05,0.18,-0.01,0.77,0.96,1.0,0.81
88,1,0.75,0.223,0.17,-0.303,0.36,0.667,0.99,1.0
89,1,1.0,0.496,0.16,-0.596,-0.05,0.374,0.98,1.0
90,4,0.707,0.486,0.433,0.404,0.223,0.364,0.687,0.59
91,4,0.414,0.476,0.706,1.0,0.496,0.354,0.394,0.18
92,,0.404,0.466,0.696,0.99,0.486,0.344,0.384,0.17
93,,0.394,0.456,0.686,0.98,0.476,0.334,0.374,0.16
94,,0.384,0.446,0.676,0.97,0.466,0.324,0.364,0.15
95,,0.374,0.436,0.666,0.96,0.456,0.314,0.354,0.14
96,,0.364,0.426,0.656,0.95,0.446,0.304,0.344,0.13
97,,0.354,0.416,0.646,0.94,0.436,0.294,0.334,0.12
98,,0.344,0.406,0.636,0.93,0.426,0.284,0.324,0.11
99,,0.334,0.396,0.626,0.92,0.416,0.274,0.314,0.1
100,,0.324,0.386,0.616,0.91,0.406,0.264,0.304,0.09
101,,0.314,0.376,0.606,0.9,0.396,0.254,0.294,0.08
102,,0.304,0.366,0.596,0.89,0.386,0.244,0.284,0.07
103,,0.294,0.356,0.586,0.88,0.376,0.234,0.274,0.06
104,,0.284,0.346,0.576,0.87,0.366,0.224,0.264,0.05
105,,0.274,0.336,0.566,0.86,0.356,0.214,0.254,0.04
106,,0.264,0.326,0.556,0.85,0.346,0.204,0.244,0.03
107,,0.254,0.316,0.546,0.84,0.336,0.194,0.234,0.02
108,,0.244,0.306,0.536,0.83,0.326,0.184,0.224,0.01
109,,0.234,0.296,0.526,0.82,0.316,0.174,0.214,0.0
110,,0.224,0.286,0.516,0.81,0.306,0.164,0.204,-0.01
111,8,0.497,0.276,0.223,0.4,0.013,0.154,0.477,0.99
112,8,0.77,0.266,-0.07,-0.01,-0.28,0.144,0.75,1.0
113,5,0.36,-0.027,-0.08,0.263,0.72,0.417,0.74,0.707
114,5,-0.05,-0.32,-0.09,0.536,1.0,0.69,0.73,0.414
115,2,0.223,0.68,0.183,0.526,0.707,0.28,0.437,0.404
116,2,0.496,1.0,0.456,0.516,0.414,-0.13,0.144,0.394
117,6,0.203,0.59,0.163,0.506,0.687,0.87,0.417,0.384
118,6,-0.09,0.18,-0.13,0.496,0.96,1.0,0.69,0.374
119,3,-0.1,0.453,0.87,0.769,0.95,0.707,0.28,0.081
120,3,-0.11,0.726,1.0,1.0,0.94,0.414,-0.13,-0.212
121,8,0.163,0.716,0.707,0.59,0.647,0.404,0.143,0.788
122,8,0.436,0.706,0.414,0.18,0.354,0.394,0.416,1.0
123,,0.426,0.696,0.404,0.17,0.344,0.384,0.406,0.99
124,,0.416,0.686,0.394,0.16,0.334,0.374,0.396,0.98
125,,0.406,0.676,0.384,0.15,0.324,0.364,0.386,0.97
126,,0.396,0.666,0.374,0.14,0.314,0.354,0.376,0.96
127,,0.386,0.656,0.364,0.13,0.304,0.344,0.366,0.95
128,,0.376,0.646,0.354,0.12,0.294,0.334,0.356,0.94
129,,0.366,0.636,0.344,0.11,0.284,0.324,0.346,0.93
130,,0.356,0.626,0.334,0.1,0.274,0.314,0.336,0.92
131,,0.346,0.616,0.324,0.09,0.264,0.304,0.326,0.91
132,,0.336,0.606,0.314,0.08,0.254,0.294,0.316,0.9
133,,0.326,0.596,0.304,0.07,0.244,0.284,0.306,0.89
134,,0.316,0.586,0.294,0.06,0.234,0.274,0.296,0.88
135,,0.306,0.576,0.284,0.05,0.224,0.264,0.286,0.87
136,,0.296,0.566,0.274,0.04,0.214,0.254,0.276,0.86
137,,0.286,0.556,0.264,0.03,0.204,0.244,0.266,0.85
138,,0.276,0.546,0.254,0.02,0.194,0.234,0.256,0.84
139,,0.266,0.536,0.244,0.01,0.184,0.224,0.246,0.83
140,,0.256,0.526,0.234,0.0,0.174,0.214,0.236,0.82
141,,0.246,0.516,0.224,-0.01,0.164,0.204,0.226,0.81
142,4,-0.047,0.506,0.497,0.99,0.437,0.194,-0.067,0.4
143,4,-0.34,0.496,0.77,1.0,0.71,0.184,-0.36,-0.01
144,7,-0.35,0.203,0.36,0.707,0.7,0.457,0.64,0.263
145,7,-0.36,-0.09,-0.05,0.414,0.69,0.73,1.0,0.536
146,1,0.64,0.183,-0.06,0.121,0.28,0.437,0.99,0.809
147,1,1.0,0.456,-0.07,-0.172,-0.13,0.144,0.98,1.0
148,4,0.707,0.446,0.203,0.828,0.143,0.134,0.687,0.59
149,4,0.414,0.436,0.476,1.0,0.416,0.124,0.394,0.18
150,,0.404,0.426,0.466,0.99,0.406,0.114,0.384,0.17
151,,0.394,0.416,0.456,0.98,0.396,0.104,0.374,0.16
152,,0.384,0.406,0.446,0.97,0.386,0.094,0.364,0.15
153,,0.374,0.396,0.436,0.96,0.376,0.084,0.354,0.14
154,,0.364,0.386,0.426,0.95,0.366,0.074,0.344,0.13
155,,0.354,0.376,0.416,0.94,0.356,0.064,0.334,0.12
156,,0.344,0.366,0.406,0.93,0.346,0.054,0.324,0.11
157,,0.334,0.356,0.396,0.92,0.336,0.044,0.314,0.1
158,,0.324,0.346,0.386,0.91,0.326,0.034,0.304,0.09
159,,0.314,0.336,0.376,0.9,0.316,0.024,0.294,0.08
160,,0.304,0.326,0.366,0.89,0.306,0.014,0.284,0.07
161,,0.294,0.316,0.356,0.88,0.296,0.004,0.274,0.06
162,,0.284,0.306,0.346,0.87,0.286,-0.006,0.264,0.05
163,6,-0.009,-0.104,0.053,0.86,0.559,0.994,0.537,0.04
164,6,-0.302,-0.514,-0.24,0.85,0.832,1.0,0.81,0.03
165,2,-0.029,0.486,0.033,0.84,0.539,0.59,0.517,0.02
166,2,0.244,1.0,0.306,0.83,0.246,0.18,0.224,0.01
167,,0.234,0.99,0.296,0.82,0.236,0.17,0.214,0.0
168,,0.224,0.98,0.286,0.81,0.226,0.16,0.204,-0.01
169,8,0.497,0.97,-0.007,0.4,-0.067,0.15,0.477,0.99
170,8,0.77,0.96,-0.3,-0.01,-0.36,0.14,0.75,1.0
171,5,0.36,0.667,-0.31,0.263,0.64,0.413,0.74,0.707
172,5,-0.05,0.374,-0.32,0.536,1.0,0.686,0.73,0.414
173,3,-0.06,0.647,0.68,0.809,0.99,0.393,0.32,0.121
174,3,-0.07,0.92,1.0,1.0,0.98,0.1,-0.09,-0.172
175,8,0.203,0.91,0.707,0.59,0.687,0.09,0.183,0.828
176,8,0.476,0.9,0.414,0.18,0.394,0.08,0.456,1.0
177,,0.466,0.89,0.404,0.17,0.384,0.07,0.446,0.99
178,,0.456,0.88,0.394,0.16,0.374,0.06,0.436,0.98
179,,0.446,0.87,0.384,0.15,0.364,0.05,0.426,0.97
180,,0.436,0.86,0.374,0.14,0.354,0.04,0.416,0.96
181,,0.426,0.85,0.364,0.13,0.344,0.03,0.406,0.95
182,,0.416,0.84,0.354,0.12,0.334,0.02,0.396,0.94
183,,0.406,0.83,0.344,0.11,0.324,0.01,0.386,0.93
184,,0.396,0.82,0.334,0.1,0.314,0.0,0.376,0.92
185,,0.386,0.81,0.324,0.09,0.304,-0.01,0.366,0.91
186,6,0.093,0.4,0.031,0.08,0.577,0.99,0.639,0.9
187,6,-0.2,-0.01,-0.262,0.07,0.85,1.0,0.912,0.89
188,3,-0.21,0.263,0.738,0.343,0.84,0.707,0.502,0.597
189,3,-0.22,0.536,1.0,0.616,0.83,0.414,0.092,0.304
190,1,0.78,0.809,0.99,0.323,0.42,0.121,0.082,0.577
191,1,1.0,1.0,0.98,0.03,0.01,-0.172,0.072,0.85
192,6,0.707,0.59,0.687,0.02,0.283,0.828,0.345,0.84
193,6,0.414,0.18,0.394,0.01,0.556,1.0,0.618,0.83
194,,0.404,0.17,0.384,0.0,0.546,0.99,0.608,0.82
195,,0.394,0.16,0.374,-0.01,0.536,0.98,0.598,0.81
196,4,0.101,0.15,0.647,0.99,0.809,0.97,0.305,0.4
197,4,-0.192,0.14,0.92,1.0,1.0,0.96,0.012,-0.01
198,1,0.808,0.413,0.91,0.707,0.59,0.667,0.002,0.263
199,1,1.0,0.686,0.9,0.414,0.18,0.374,-0.008,0.536
200,7,0.99,0.393,0.49,0.121,0.17,0.647,0.992,0.809
201,7,0.98,0.1,0.08,-0.172,0.16,0.92,1.0,1.0
202,4,0.687,0.09,0.353,0.828,0.433,0.91,0.707,0.59
203,4,0.394,0.08,0.626,1.0,0.706,0.9,0.414,0.18
204,,0.384,0.07,0.616,0.99,0.696,0.89,0.404,0.17
205,,0.374,0.06,0.606,0.98,0.686,0.88,0.394,0.16
206,,0.364,0.05,0.596,0.97,0.676,0.87,0.384,0.15
207,,0.354,0.04,0.586,0.96,0.666,0.86,0.374,0.14
208,,0.344,0.03,0.576,0.95,0.656,0.85,0.364,0.13
209,,0.334,0.02,0.566,0.94,0.646,0.84,0.354,0.12
210,,0.324,0.01,0.556,0.93,0.636,0.83,0.344,0.11
211,,0.314,0.0,0.546,0.92,0.626,0.82,0.334,0.1
212,,0.304,-0.01,0.536,0.91,0.616,0.81,0.324,0.09
213,2,0.577,0.99,0.809,0.9,0.323,0.4,0.031,0.08
214,2,0.85,1.0,1.0,0.89,0.03,-0.01,-0.262,0.07
215,7,0.84,0.707,0.59,0.597,0.02,0.263,0.738,0.343
216,7,0.83,0.414,0.18,0.304,0.01,0.536,1.0,0.616
217,,0.82,0.404,0.17,0.294,0.0,0.526,0.99,0.606
218,,0.81,0.394,0.16,0.284,-0.01,0.516,0.98,0.596
219,5,0.4,0.101,0.15,0.557,0.99,0.789,0.97,0.303
220,5,-0.01,-0.192,0.14,0.83,1.0,1.0,0.96,0.01
221,2,0.263,0.808,0.413,0.82,0.707,0.59,0.667,0.0
222,2,0.536,1.0,0.686,0.81,0.414,0.18,0.374,-0.01
223,8,0.809,0.99,0.393,0.4,0.121,0.17,0.647,0.99
224,8,1.0,0.98,0.1,-0.01,-0.172,0.16,0.92,1.0
225,5,0.59,0.687,0.09,0.263,0.828,0.433,0.91,0.707
226,5,0.18,0.394,0.08,0.536,1.0,0.706,0.9,0.414
227,,0.17,0.384,0.07,0.526,0.99,0.696,0.89,0.404
228,,0.16,0.374,0.06,0.516,0.98,0.686,0.88,0.394
229,,0.15,0.364,0.05,0.506,0.97,0.676,0.87,0.384
230,,0.14,0.354,0.04,0.496,0.96,0.666,0.86,0.374
231,,0.13,0.344,0.03,0.486,0.95,0.656,0.85,0.364
232,,0.12,0.334,0.02,0.476,0.94,0.646,0.84,0.354
233,,0.11,0.324,0.01,0.466,0.93,0.636,0.83,0.344
234,,0.1,0.314,0.0,0.456,0.92,0.626,0.82,0.334
235,,0.09,0.304,-0.01,0.446,0.91,0.616,0.81,0.324
236,3,0.08,0.577,0.99,0.719,0.9,0.323,0.4,0.031
237,3,0.07,0.85,1.0,0.992,0.89,0.03,-0.01,-0.262
238,8,0.343,0.84,0.707,0.582,0.597,0.02,0.263,0.738
239,8,0.616,0.83,0.414,0.172,0.304,0.01,0.536,1.0
240,,0.606,0.82,0.404,0.162,0.294,0.0,0.526,0.99
241,,0.596,0.81,0.394,0.152,0.284,-0.01,0.516,0.98
242,6,0.303,0.4,0.101,0.142,0.557,0.99,0.789,0.97
243,6,0.01,-0.01,-0.192,0.132,0.83,1.0,1.0,0.96
244,3,0.0,0.263,0.808,0.405,0.82,0.707,0.59,0.667
245,3,-0.01,0.536,1.0,0.678,0.81,0.414,0.18,0.374
246,1,0.99,0.809,0.99,0.385,0.4,0.121,0.17,0.647
247,1,1.0,1.0,0.98,0.092,-0.01,-0.172,0.16,0.92
248,6,0.707,0.59,0.687,0.082,0.263,0.828,0.433,0.91
249,6,0.414,0.18,0.394,0.072,0.536,1.0,0.706,0.9
250,,0.404,0.17,0.384,0.062,0.526,0.99,0.696,0.89
251,,0.394,0.16,0.374,0.052,0.516,0.98,0.686,0.88
252,,0.384,0.15,0.364,0.042,0.506,0.97,0.676,0.87
253,,0.374,0.14,0.354,0.032,0.496,0.96,0.666,0.86
254,,0.364,0.13,0.344,0.022,0.486,0.95,0.656,0.85
255,,0.354,0.12,0.334,0.012,0.476,0.94,0.646,0.84
256,,0.344,0.11,0.324,0.002,0.466,0.93,0.636,0.83
257,,0.334,0.1,0.314,-0.008,0.456,0.92,0.626,0.82
258,4,0.041,0.09,0.587,0.992,0.729,0.91,0.333,0.41
259,4,-0.252,0.08,0.86,1.0,1.0,0.9,0.04,-0.0
260,1,0.748,0.353,0.85,0.707,0.59,0.607,0.03,0.273
261,1,1.0,0.626,0.84,0.414,0.18,0.314,0.02,0.546
262,,0.99,0.616,0.83,0.404,0.17,0.304,0.01,0.536
263,,0.98,0.606,0.82,0.394,0.16,0.294,0.0,0.526
264,,0.97,0.596,0.81,0.384,0.15,0.284,-0.01,0.516
265,7,0.96,0.303,0.4,0.091,0.14,0.557,0.99,0.789
266,7,0.95,0.01,-0.01,-0.202,0.13,0.83,1.0,1.0
267,4,0.657,0.0,0.263,0.798,0.403,0.82,0.707,0.59
268,4,0.364,-0.01,0.536,1.0,0.676,0.81,0.414,0.18
269,2,0.637,0.99,0.809,0.99,0.383,0.4,0.121,0.17
270,2,0.91,1.0,1.0,0.98,0.09,-0.01,-0.172,0.16
271,7,0.9,0.707,0.59,0.687,0.08,0.263,0.828,0.433
272,7,0.89,0.414,0.18,0.394,0.07,0.536,1.0,0.706
273,,0.88,0.404,0.17,0.384,0.06,0.526,0.99,0.696
274,,0.87,0.394,0.16,0.374,0.05,0.516,0.98,0.686
275,,0.86,0.384,0.15,0.364,0.04,0.506,0.97,0.676
276,,0.85,0.374,0.14,0.354,0.03,0.496,0.96,0.666
277,,0.84,0.364,0.13,0.344,0.02,0.486,0.95,0.656
278,,0.83,0.354,0.12,0.334,0.01,0.476,0.94,0.646
279,,0.82,0.344,0.11,0.324,0.0,0.466,0.93,0.636
280,,0.81,0.334,0.1,0.314,-0.01,0.456,0.92,0.626
281,5,0.4,0.041,0.09,0.587,0.99,0.729,0.91,0.333
282,5,-0.01,-0.252,0.08,0.86,1.0,1.0,0.9,0.04
283,2,0.263,0.748,0.353,0.85,0.707,0.59,0.607,0.03
284,2,0.536,1.0,0.626,0.84,0.414,0.18,0.314,0.02
285,,0.526,0.99,0.616,0.83,0.404,0.17,0.304,0.01
286,,0.516,0.98,0.606,0.82,0.394,0.16,0.294,0.0
287,,0.506,0.97,0.596,0.81,0.384,0.15,0.284,-0.01
288,8,0.779,0.96,0.303,0.4,0.091,0.14,0.557,0.99
289,8,1.0,0.95,0.01,-0.01,-0.202,0.13,0.83,1.0
290,5,0.59,0.657,0.0,0.263,0.798,0.403,0.82,0.707
291,5,0.18,0.364,-0.01,0.536,1.0,0.676,0.81,0.414
292,3,0.17,0.637,0.99,0.809,0.99,0.383,0.4,0.121
293,3,0.16,0.91,1.0,1.0,0.98,0.09,-0.01,-0.172
294,8,0.433,0.9,0.707,0.59,0.687,0.08,0.263,0.828
295,8,0.706,0.89,0.414,0.18,0.394,0.07,0.536,1.0
296,,0.696,0.88,0.404,0.17,0.384,0.06,0.526,0.99
297,,0.686,0.87,0.394,0.16,0.374,0.05,0.516,0.98
298,,0.676,0.86,0.384,0.15,0.364,0.04,0.506,0.97
299,,0.666,0.85,0.374,0.14,0.354,0.03,0.496,0.96
300,,0.656,0.84,0.364,0.13,0.344,0.02,0.486,0.95
301,,0.646,0.83,0.354,0.12,0.334,0.01,0.476,0.94
302,,0.636,0.82,0.344,0.11,0.324,0.0,0.466,0.93
303,,0.626,0.81,0.334,0.1,0.314,-0.01,0.456,0.92
304,6,0.333,0.4,0.041,0.09,0.587,0.99,0.729,0.91
305,6,0.04,-0.01,-0.252,0.08,0.86,1.0,1.0,0.9
306,3,0.03,0.263,0.748,0.353,0.85,0.707,0.59,0.607
307,3,0.02,0.536,1.0,0.626,0.84,0.414,0.18,0.314
308,,0.01,0.526,0.99,0.616,0.83,0.404,0.17,0.304
309,,0.0,0.516,0.98,0.606,0.82,0.394,0.16,0.294
310,,-0.01,0.506,0.97,0.596,0.81,0.384,0.15,0.284
311,1,0.99,0.779,0.96,0.303,0.4,0.091,0.14,0.557
312,1,1.0,1.0,0.95,0.01,-0.01,-0.202,0.13,0.83
313,6,0.707,0.59,0.657,0.0,0.263,0.798,0.403,0.82
314,6,0.414,0.18,0.364,-0.01,0.536,1.0,0.676,0.81
315,4,0.121,0.17,0.637,0.99,0.809,0.99,0.383,0.4
316,4,-0.172,0.16,0.91,1.0,1.0,0.98,0.09,-0.01
317,1,0.828,0.433,0.9,0.707,0.59,0.687,0.08,0.263
318,1,1.0,0.706,0.89,0.414,0.18,0.394,0.07,0.536
319,,0.99,0.696,0.88,0.404,0.17,0.384,0.06,0.526
320,,0.98,0.686,0.87,0.394,0.16,0.374,0.05,0.516
321,,0.97,0.676,0.86,0.384,0.15,0.364,0.04,0.506
322,,0.96,0.666,0.85,0.374,0.14,0.354,0.03,0.496
323,,0.95,0.656,0.84,0.364,0.13,0.344,0.02,0.486
324,,0.94,0.646,0.83,0.354,0.12,0.334,0.01,0.476
325,,0.93,0.636,0.82,0.344,0.11,0.324,0.0,0.466
326,,0.92,0.626,0.81,0.334,0.1,0.314,-0.01,0.456
327,7,0.91,0.333,0.4,0.041,0.09,0.587,0.99,0.729
328,7,0.9,0.04,-0.01,-0.252,0.08,0.86,1.0,1.0
329,4,0.607,0.03,0.263,0.748,0.353,0.85,0.707,0.59
330,4,0.314,0.02,0.536,1.0,0.626,0.84,0.414,0.18
331,,0.304,0.01,0.526,0.99,0.616,0.83,0.404,0.17
332,,0.294,0.0,0.516,0.98,0.606,0.82,0.394,0.16
333,,0.284,-0.01,0.506,0.97,0.596,0.81,0.384,0.15
334,2,0.557,0.99,0.779,0.96,0.303,0.4,0.091,0.14
335,2,0.83,1.0,1.0,0.95,0.01,-0.01,-0.202,0.13
336,7,0.82,0.707,0.59,0.657,0.0,0.263,0.798,0.403
337,7,0.81,0.414,0.18,0.364,-0.01,0.536,1.0,0.676
338,5,0.4,0.121,0.17,0.637,0.99,0.809,0.99,0.383
339,5,-0.01,-0.172,0.16,0.91,1.0,1.0,0.98,0.09
340,2,0.263,0.828,0.433,0.9,0.707,0.59,0.687,0.08
341,2,0.536,1.0,0.706,0.89,0.414,0.18,0.394,0.07
342,,0.526,0.99,0.696,0.88,0.404,0.17,0.384,0.06
343,,0.516,0.98,0.686,0.87,0.394,0.16,0.374,0.05
344,,0.506,0.97,0.676,0.86,0.384,0.15,0.364,0.04
345,,0.496,0.96,0.666,0.85,0.374,0.14,0.354,0.03
346,,0.486,0.95,0.656,0.84,0.364,0.13,0.344,0.02
347,,0.476,0.94,0.646,0.83,0.354,0.12,0.334,0.01
348,,0.466,0.93,0.636,0.82,0.344,0.11,0.324,0.0
349,,0.456,0.92,0.626,0.81,0.334,0.1,0.314,-0.01
350,8,0.729,0.91,0.333,0.4,0.041,0.09,0.587,0.99
351,8,1.0,0.9,0.04,-0.01,-0.252,0.08,0.86,1.0
352,5,0.59,0.607,0.03,0.263,0.748,0.353,0.85,0.707
353,5,0.18,0.314,0.02,0.536,1.0,0.626,0.84,0.414
354,,0.17,0.304,0.01,0.526,0.99,0.616,0.83,0.404
355,,0.16,0.294,0.0,0.516,0.98,0.606,0.82,0.394
356,,0.15,0.284,-0.01,0.506,0.97,0.596,0.81,0.384
357,3,0.14,0.557,0.99,0.779,0.96,0.303,0.4,0.091
358,3,0.13,0.83,1.0,1.0,0.95,0.01,-0.01,-0.202
359,8,0.403,0.82,0.707,0.59,0.657,0.0,0.263,0.798
360,8,0.676,0.81,0.414,0.18,0.364,-0.01,0.536,1.0
361,6,0.383,0.4,0.121,0.17,0.637,0.99,0.809,0.99
362,6,0.09,-0.01,-0.172,0.16,0.91,1.0,1.0,0.98
363,3,0.08,0.263,0.828,0.433,0.9,0.707,0.59,0.687
364,3,0.07,0.536,1.0,0.706,0.89,0.414,0.18,0.394
365,,0.06,0.526,0.99,0.696,0.88,0.404,0.17,0.384
366,,0.05,0.516,0.98,0.686,0.87,0.394,0.16,0.374
367,,0.04,0.506,0.97,0.676,0.86,0.384,0.15,0.364
368,,0.03,0.496,0.96,0.666,0.85,0.374,0.14,0.354
369,,0.02,0.486,0.95,0.656,0.84,0.364,0.13,0.344
370,,0.01,0.476,0.94,0.646,0.83,0.354,0.12,0.334
371,,0.0,0.466,0.93,0.636,0.82,0.344,0.11,0.324
372,,-0.01,0.456,0.92,0.626,0.81,0.334,0.1,0.314
373,1,0.99,0.729,0.91,0.333,0.4,0.041,0.09,0.587
374,1,1.0,1.0,0.9,0.04,-0.01,-0.252,0.08,0.86
375,6,0.707,0.59,0.607,0.03,0.263,0.748,0.353,0.85
376,6,0.414,0.18,0.314,0.02,0.536,1.0,0.626,0.84
377,,0.404,0.17,0.304,0.01,0.526,0.99,0.616,0.83
378,,0.394,0.16,0.294,0.0,0.516,0.98,0.606,0.82
379,,0.384,0.15,0.284,-0.01,0.506,0.97,0.596,0.81
380,4,0.091,0.14,0.557,0.99,0.779,0.96,0.303,0.4
381,4,-0.202,0.13,0.83,1.0,1.0,0.95,0.01,-0.01
382,1,0.798,0.403,0.82,0.707,0.59,0.657,0.0,0.263
383,1,1.0,0.676,0.81,0.414,0.18,0.364,-0.01,0.536
384,7,0.99,0.383,0.4,0.121,0.17,0.637,0.99,0.809
385,7,0.98,0.09,-0.01,-0.172,0.16,0.91,1.0,1.0
386,4,0.687,0.08,0.263,0.828,0.433,0.9,0.707,0.59
387,4,0.394,0.07,0.536,1.0,0.706,0.89,0.414,0.18
388,,0.384,0.06,0.526,0.99,0.696,0.88,0.404,0.17
389,,0.374,0.05,0.516,0.98,0.686,0.87,0.394,0.16
390,,0.364,0.04,0.506,0.97,0.676,0.86,0.384,0.15
391,,0.354,0.03,0.496,0.96,0.666,0.85,0.374,0.14
392,,0.344,0.02,0.486,0.95,0.656,0.84,0.364,0.13
393,,0.334,0.01,0.476,0.94,0.646,0.83,0.354,0.12
394,,0.324,0.0,0.466,0.93,0.636,0.82,0.344,0.11
395,,0.314,-0.01,0.456,0.92,0.626,0.81,0.334,0.1
396,2,0.587,0.99,0.729,0.91,0.333,0.4,0.041,0.09
397,2,0.86,1.0,1.0,0.9,0.04,-0.01,-0.252,0.08
398,7,0.85,0.707,0.59,0.607,0.03,0.263,0.748,0.353
399,7,0.84,0.414,0.18,0.314,0.02,0.536,1.0,0.626
400,,0.83,0.404,0.17,0.304,0.01,0.526,0.99,0.616
401,,0.82,0.394,0.16,0.294,0.0,0.516,0.98,0.606
402,,0.81,0.384,0.15,0.284,-0.01,0.506,0.97,0.596
403,5,0.4,0.091,0.14,0.557,0.99,0.779,0.96,0.303
404,5,-0.01,-0.202,0.13,0.83,1.0,1.0,0.95,0.01
405,2,0.263,0.798,0.403,0.82,0.707,0.59,0.657,0.0
406,2,0.536,1.0,0.676,0.81,0.414,0.18,0.364,-0.01
407,8,0.809,0.99,0.383,0.4,0.121,0.17,0.637,0.99
408,8,1.0,0.98,0.09,-0.01,-0.172,0.16,0.91,1.0
409,5,0.59,0.687,0.08,0.263,0.828,0.433,0.9,0.707
410,5,0.18,0.394,0.07,0.536,1.0,0.706,0.89,0.414
411,,0.17,0.384,0.06,0.526,0.99,0.696,0.88,0.404
412,,0.16,0.374,0.05,0.516,0.98,0.686,0.87,0.394
413,,0.15,0.364,0.04,0.506,0.97,0.676,0.86,0.384
414,,0.14,0.354,0.03,0.496,0.96,0.666,0.85,0.374
415,,0.13,0.344,0.02,0.486,0.95,0.656,0.84,0.364
416,,0.12,0.334,0.01,0.476,0.94,0.646,0.83,0.354
417,,0.11,0.324,0.0,0.466,0.93,0.636,0.82,0.344
418,,0.1,0.314,-0.01,0.456,0.92,0.626,0.81,0.334
419,3,0.09,0.587,0.99,0.729,0.91,0.333,0.4,0.041
420,3,0.08,0.86,1.0,1.0,0.9,0.04,-0.01,-0.252
421,8,0.353,0.85,0.707,0.59,0.607,0.03,0.263,0.748
422,8,0.626,0.84,0.414,0.18,0.314,0.02,0.536,1.0
423,,0.616,0.83,0.404,0.17,0.304,0.01,0.526,0.99
424,,0.606,0.82,0.394,0.16,0.294,0.0,0.516,0.98
425,,0.596,0.81,0.384,0.15,0.284,-0.01,0.506,0.97
426,6,0.303,0.4,0.091,0.14,0.557,0.99,0.779,0.96
427,6,0.01,-0.01,-0.202,0.13,0.83,1.0,1.0,0.95
428,3,0.0,0.263,0.798,0.403,0.82,0.707,0.59,0.657
429,3,-0.01,0.536,1.0,0.676,0.81,0.414,0.18,0.364
430,1,0.99,0.809,0.99,0.383,0.4,0.121,0.17,0.637
431,1,1.0,1.0,0.98,0.09,-0.01,-0.172,0.16,0.91
432,6,0.707,0.59,0.687,0.08,0.263,0.828,0.433,0.9
433,6,0.414,0.18,0.394,0.07,0.536,1.0,0.706,0.89
434,,0.404,0.17,0.384,0.06,0.526,0.99,0.696,0.88
435,,0.394,0.16,0.374,0.05,0.516,0.98,0.686,0.87
436,,0.384,0.15,0.364,0.04,0.506,0.97,0.676,0.86
437,,0.374,0.14,0.354,0.03,0.496,0.96,0.666,0.85
438,,0.364,0.13,0.344,0.02,0.486,0.95,0.656,0.84
439,,0.354,0.12,0.334,0.01,0.476,0.94,0.646,0.83
440,,0.344,0.11,0.324,0.0,0.466,0.93,0.636,0.82
441,,0.334,0.1,0.314,-0.01,0.456,0.92,0.626,0.81
442,4,0.041,0.09,0.587,0.99,0.729,0.91,0.333,0.4
443,4,-0.252,0.08,0.86,1.0,1.0,0.9,0.04,-0.01
444,1,0.748,0.353,0.85,0.707,0.59,0.607,0.03,0.263
445,1,1.0,0.626,0.84,0.414,0.18,0.314,0.02,0.536
446,,0.99,0.616,0.83,0.404,0.17,0.304,0.01,0.526
447,,0.98,0.606,0.82,0.394,0.16,0.294,0.0,0.516
448,,0.97,0.596,0.81,0.384,0.15,0.284,-0.01,0.506
449,7,0.96,0.303,0.4,0.091,0.14,0.557,0.99,0.779
450,7,0.95,0.01,-0.01,-0.202,0.13,0.83,1.0,1.0
451,4,0.657,0.0,0.263,0.798,0.403,0.82,0.707,0.59
452,4,0.364,-0.01,0.536,1.0,0.676,0.81,0.414,0.18
453,2,0.637,0.99,0.809,0.99,0.383,0.4,0.121,0.17
454,2,0.91,1.0,1.0,0.98,0.09,-0.01,-0.172,0.16
455,7,0.9,0.707,0.59,0.687,0.08,0.263,0.828,0.433
456,7,0.89,0.414,0.18,0.394,0.07,0.536,1.0,0.706
457,,0.88,0.404,0.17,0.384,0.06,0.526,0.99,0.696
458,,0.87,0.394,0.16,0.374,0.05,0.516,0.98,0.686
459,,0.86,0.384,0.15,0.364,0.04,0.506,0.97,0.676
460,,0.85,0.374,0.14,0.354,0.03,0.496,0.96,0.666
461,,0.84,0.364,0.13,0.344,0.02,0.486,0.95,0.656
462,,0.83,0.354,0.12,0.334,0.01,0.476,0.94,0.646
463,,0.82,0.344,0.11,0.324,0.0,0.466,0.93,0.636
464,,0.81,0.334,0.1,0.314,-0.01,0.456,0.92,0.626
465,5,0.4,0.041,0.09,0.587,0.99,0.729,0.91,0.333
466,5,-0.01,-0.252,0.08,0.86,1.0,1.0,0.9,0.04
467,2,0.263,0.748,0.353,0.85,0.707,0.59,0.607,0.03
468,2,0.536,1.0,0.626,0.84,0.414,0.18,0.314,0.02
469,,0.526,0.99,0.616,0.83,0.404,0.17,0.304,0.01
470,,0.516,0.98,0.606,0.82,0.394,0.16,0.294,0.0
471,,0.506,0.97,0.596,0.81,0.384,0.15,0.284,-0.01
472,8,0.779,0.96,0.303,0.4,0.091,0.14,0.557,0.99
473,8,1.0,0.95,0.01,-0.01,-0.202,0.13,0.83,1.0
474,5,0.59,0.657,0.0,0.263,0.798,0.403,0.82,0.707
475,5,0.18,0.364,-0.01,0.536,1.0,0.676,0.81,0.414
476,3,0.17,0.637,0.99,0.809,0.99,0.383,0.4,0.121
477,3,0.16,0.91,1.0,1.0,0.98,0.09,-0.01,-0.172
478,8,0.433,0.9,0.707,0.59,0.687,0.08,0.263,0.828
479,8,0.706,0.89,0.414,0.18,0.394,0.07,0.536,1.0
480,,0.696,0.88,0.404,0.17,0.384,0.06,0.526,0.99
481,,0.686,0.87,0.394,0.16,0.374,0.05,0.516,0.98
482,,0.676,0.86,0.384,0.15,0.364,0.04,0.506,0.97
483,,0.666,0.85,0.374,0.14,0.354,0.03,0.496,0.96
484,,0.656,0.84,0.364,0.13,0.344,0.02,0.486,0.95
485,,0.646,0.83,0.354,0.12,0.334,0.01,0.476,0.94
486,,0.636,0.82,0.344,0.11,0.324,0.0,0.466,0.93
487,,0.626,0.81,0.334,0.1,0.314,-0.01,0.456,0.92
488,6,0.333,0.4,0.041,0.09,0.587,0.99,0.729,0.91
489,6,0.04,-0.01,-0.252,0.08,0.86,1.0,1.0,0.9
490,3,0.03,0.263,0.748,0.353,0.85,0.707,0.59,0.607
491,3,0.02,0.536,1.0,0.626,0.84,0.414,0.18,0.314
492,,0.01,0.526,0.99,0.616,0.83,0.404,0.17,0.304
493,,0.0,0.516,0.98,0.606,0.82,0.394,0.16,0.294
494,,-0.01,0.506,0.97,0.596,0.81,0.384,0.15,0.284
495,1,0.99,0.779,0.96,0.303,0.4,0.091,0.14,0.557
496,1,1.0,1.0,0.95,0.01,-0.01,-0.202,0.13,0.83
497,6,0.707,0.59,0.657,0.0,0.263,0.798,0.403,0.82
498,6,0.414,0.18,0.364,-0.01,0.536,1.0,0.676,0.81
499,4,0.121,0.17,0.637,0.99,0.809,0.99,0.383,0.4
