step,active_motive,motive_1,motive_2,motive_3,motive_4,motive_5,motive_6,motive_7,motive_8
0,,0.32596,0.22024,0.71115,0.8095,0.34867,0.09618,0.94052,0.39757
1,,0.31596,0.21024,0.70115,0.7995,0.33867,0.08618,0.93052,0.38757
2,,0.30596,0.20024,0.69115,0.7895,0.32867,0.07618,0.92052,0.37757
3,,0.29596,0.19024,0.68115,0.7795,0.31867,0.06618,0.91052,0.36757
4,,0.28596,0.18024,0.67115,0.7695,0.30867,0.05618,0.90052,0.35757
5,,0.27596,0.17024,0.66115,0.7595,0.29867,0.04618,0.89052,0.34757
6,,0.26596,0.16024,0.65115,0.7495,0.28867,0.03618,0.88052,0.33757
7,,0.25596,0.15024,0.64115,0.7395,0.27867,0.02618,0.87052,0.32757
8,,0.24596,0.14024,0.63115,0.7295,0.26867,0.01618,0.86052,0.31757
9,,0.23596,0.13024,0.62115,0.7195,0.25867,0.00618,0.85052,0.30757
10,,0.22596,0.12024,0.61115,0.7095,0.24867,-0.00382,0.84052,0.29757
11,6,-0.06704,-0.28976,0.31815,0.6995,0.52167,0.99618,1.0,0.28757
12,6,-0.36004,-0.69976,0.02515,0.6895,0.79467,1.0,1.0,0.27757
13,2,-0.08704,0.30024,0.29815,0.6795,0.50167,0.59,0.707,0.26757
14,2,0.18596,1.0,0.57115,0.6695,0.20867,0.18,0.414,0.25757
15,,0.17596,0.99,0.56115,0.6595,0.19867,0.17,0.404,0.24757
16,,0.16596,0.98,0.55115,0.6495,0.18867,0.16,0.394,0.23757
17,,0.15596,0.97,0.54115,0.6395,0.17867,0.15,0.384,0.22757
18,,0.14596,0.96,0.53115,0.6295,0.16867,0.14,0.374,0.21757
19,,0.13596,0.95,0.52115,0.6195,0.15867,0.13,0.364,0.20757
20,,0.12596,0.94,0.51115,0.6095,0.14867,0.12,0.354,0.19757
21,,0.11596,0.93,0.50115,0.5995,0.13867,0.11,0.344,0.18757
22,,0.10596,0.92,0.49115,0.5895,0.12867,0.1,0.334,0.17757
23,,0.09596,0.91,0.48115,0.5795,0.11867,0.09,0.324,0.16757
24,,0.08596,0.9,0.47115,0.5695,0.10867,0.08,0.314,0.15757
25,,0.07596,0.89,0.46115,0.5595,0.09867,0.07,0.304,0.14757
26,,0.06596,0.88,0.45115,0.5495,0.08867,0.06,0.294,0.13757
27,,0.05596,0.87,0.44115,0.5395,0.07867,0.05,0.284,0.12757
28,,0.04596,0.86,0.43115,0.5295,0.06867,0.04,0.274,0.11757
29,,0.03596,0.85,0.42115,0.5195,0.05867,0.03,0.264,0.10757
30,,0.02596,0.84,0.41115,0.5095,0.04867,0.02,0.254,0.09757
31,,0.01596,0.83,0.40115,0.4995,0.03867,0.01,0.244,0.08757
32,,0.00596,0.82,0.39115,0.4895,0.02867,0.0,0.234,0.07757
33,,-0.00404,0.81,0.38115,0.4795,0.01867,-0.01,0.224,0.06757
34,6,-0.29704,0.4,0.08815,0.4695,0.29167,0.99,0.497,0.05757
35,6,-0.59004,-0.01,-0.20485,0.4595,0.56467,1.0,0.77,0.04757
36,1,0.40996,0.263,-0.21485,0.1665,0.15467,0.707,0.76,0.32057
37,1,1.0,0.536,-0.22485,-0.1265,-0.25533,0.414,0.75,0.59357
38,5,0.59,0.243,-0.23485,0.1465,0.74467,0.687,0.74,0.30057
39,5,0.18,-0.05,-0.24485,0.4195,1.0,0.96,0.73,0.00757
40,3,0.17,0.223,0.75515,0.6925,0.99,0.667,0.32,-0.28543
41,3,0.16,0.496,1.0,0.9655,0.98,0.374,-0.09,-0.57843
42,8,0.433,0.486,0.707,0.5555,0.687,0.364,0.183,0.42157
43,8,0.706,0.476,0.414,0.1455,0.394,0.354,0.456,1.0
44,,0.696,0.466,0.404,0.1355,0.384,0.344,0.446,0.99
45,,0.686,0.456,0.394,0.1255,0.374,0.334,0.436,0.98
46,,0.676,0.446,0.384,0.1155,0.364,0.324,0.426,0.97
47,,0.666,0.436,0.374,0.1055,0.354,0.314,0.416,0.96
48,,0.656,0.426,0.364,0.0955,0.344,0.304,0.406,0.95
49,,0.646,0.416,0.354,0.0855,0.334,0.294,0.396,0.94
50,,0.636,0.406,0.344,0.0755,0.324,0.284,0.386,0.93
51,,0.626,0.396,0.334,0.0655,0.314,0.274,0.376,0.92
52,,0.616,0.386,0.324,0.0555,0.304,0.264,0.366,0.91
53,,0.606,0.376,0.314,0.0455,0.294,0.254,0.356,0.9
54,,0.596,0.366,0.304,0.0355,0.284,0.244,0.346,0.89
55,,0.586,0.356,0.294,0.0255,0.274,0.234,0.336,0.88
56,,0.576,0.346,0.284,0.0155,0.264,0.224,0.326,0.87
57,,0.566,0.336,0.274,0.0055,0.254,0.214,0.316,0.86
58,,0.556,0.326,0.264,-0.0045,0.244,0.204,0.306,0.85
59,4,0.263,0.316,0.537,0.9955,0.517,0.194,0.013,0.44
60,4,-0.03,0.306,0.81,1.0,0.79,0.184,-0.28,0.03
61,7,-0.04,0.013,0.4,0.707,0.78,0.457,0.72,0.303
62,7,-0.05,-0.28,-0.01,0.414,0.77,0.73,1.0,0.576
63,2,0.223,0.72,0.263,0.404,0.477,0.32,0.707,0.566
64,2,0.496,1.0,0.536,0.394,0.184,-0.09,0.414,0.556
65,6,0.203,0.59,0.243,0.384,0.457,0.91,0.687,0.546
66,6,-0.09,0.18,-0.05,0.374,0.73,1.0,0.96,0.536
67,1,0.91,0.453,-0.06,0.081,0.32,0.707,0.95,0.809
68,1,1.0,0.726,-0.07,-0.212,-0.09,0.414,0.94,1.0
69,4,0.707,0.716,0.203,0.788,0.183,0.404,0.647,0.59
70,4,0.414,0.706,0.476,1.0,0.456,0.394,0.354,0.18
71,,0.404,0.696,0.466,0.99,0.446,0.384,0.344,0.17
72,,0.394,0.686,0.456,0.98,0.436,0.374,0.334,0.16
73,,0.384,0.676,0.446,0.97,0.426,0.364,0.324,0.15
74,,0.374,0.666,0.436,0.96,0.416,0.354,0.314,0.14
75,,0.364,0.656,0.426,0.95,0.406,0.344,0.304,0.13
76,,0.354,0.646,0.416,0.94,0.396,0.334,0.294,0.12
77,,0.344,0.636,0.406,0.93,0.386,0.324,0.284,0.11
78,,0.334,0.626,0.396,0.92,0.376,0.314,0.274,0.1
79,,0.324,0.616,0.386,0.91,0.366,0.304,0.264,0.09
80,,0.314,0.606,0.376,0.9,0.356,0.294,0.254,0.08
81,,0.304,0.596,0.366,0.89,0.346,0.284,0.244,0.07
82,,0.294,0.586,0.356,0.88,0.336,0.274,0.234,0.06
83,,0.284,0.576,0.346,0.87,0.326,0.264,0.224,0.05
84,,0.274,0.566,0.336,0.86,0.316,0.254,0.214,0.04
85,,0.264,0.556,0.326,0.85,0.306,0.244,0.204,0.03
86,,0.254,0.546,0.316,0.84,0.296,0.234,0.194,0.02
87,,0.244,0.536,0.306,0.83,0.286,0.224,0.184,0.01
88,,0.234,0.526,0.296,0.82,0.276,0.214,0.174,0.0
89,,0.224,0.516,0.286,0.81,0.266,0.204,0.164,-0.01
90,8,0.497,0.506,-0.007,0.4,-0.027,0.194,0.437,0.99
91,8,0.77,0.496,-0.3,-0.01,-0.32,0.184,0.71,1.0
92,5,0.36,0.203,-0.31,0.263,0.68,0.457,0.7,0.707
93,5,-0.05,-0.09,-0.32,0.536,1.0,0.73,0.69,0.414
94,3,-0.06,0.183,0.68,0.809,0.99,0.437,0.28,0.121
95,3,-0.07,0.456,1.0,1.0,0.98,0.144,-0.13,-0.172
96,8,0.203,0.446,0.707,0.59,0.687,0.134,0.143,0.828
97,8,0.476,0.436,0.414,0.18,0.394,0.124,0.416,1.0
98,,0.466,0.426,0.404,0.17,0.384,0.114,0.406,0.99
99,,0.456,0.416,0.394,0.16,0.374,0.104,0.396,0.98
100,,0.446,0.406,0.384,0.15,0.364,0.094,0.386,0.97
101,,0.436,0.396,0.374,0.14,0.354,0.084,0.376,0.96
102,,0.426,0.386,0.364,0.13,0.344,0.074,0.366,0.95
103,,0.416,0.376,0.354,0.12,0.334,0.064,0.356,0.94
104,,0.406,0.366,0.344,0.11,0.324,0.054,0.346,0.93
105,,0.396,0.356,0.334,0.1,0.314,0.044,0.336,0.92
106,,0.386,0.346,0.324,0.09,0.304,0.034,0.326,0.91
107,,0.376,0.336,0.314,0.08,0.294,0.024,0.316,0.9
108,,0.366,0.326,0.304,0.07,0.284,0.014,0.306,0.89
109,,0.356,0.316,0.294,0.06,0.274,0.004,0.296,0.88
110,,0.346,0.306,0.284,0.05,0.264,-0.006,0.286,0.87
111,6,0.053,-0.104,-0.009,0.04,0.537,0.994,0.559,0.86
112,6,-0.24,-0.514,-0.302,0.03,0.81,1.0,0.832,0.85
113,2,0.033,0.486,-0.029,0.02,0.517,0.59,0.539,0.84
114,2,0.306,1.0,0.244,0.01,0.224,0.18,0.246,0.83
115,,0.296,0.99,0.234,0.0,0.214,0.17,0.236,0.82
116,,0.286,0.98,0.224,-0.01,0.204,0.16,0.226,0.81
117,4,-0.007,0.97,0.497,0.99,0.477,0.15,-0.067,0.4
118,4,-0.3,0.96,0.77,1.0,0.75,0.14,-0.36,-0.01
119,7,-0.31,0.667,0.36,0.707,0.74,0.413,0.64,0.263
120,7,-0.32,0.374,-0.05,0.414,0.73,0.686,1.0,0.536
121,1,0.68,0.647,-0.06,0.121,0.32,0.393,0.99,0.809
122,1,1.0,0.92,-0.07,-0.172,-0.09,0.1,0.98,1.0
123,4,0.707,0.91,0.203,0.828,0.183,0.09,0.687,0.59
124,4,0.414,0.9,0.476,1.0,0.456,0.08,0.394,0.18
125,,0.404,0.89,0.466,0.99,0.446,0.07,0.384,0.17
126,,0.394,0.88,0.456,0.98,0.436,0.06,0.374,0.16
127,,0.384,0.87,0.446,0.97,0.426,0.05,0.364,0.15
128,,0.374,0.86,0.436,0.96,0.416,0.04,0.354,0.14
129,,0.364,0.85,0.426,0.95,0.406,0.03,0.344,0.13
130,,0.354,0.84,0.416,0.94,0.396,0.02,0.334,0.12
131,,0.344,0.83,0.406,0.93,0.386,0.01,0.324,0.11
132,,0.334,0.82,0.396,0.92,0.376,0.0,0.314,0.1
133,,0.324,0.81,0.386,0.91,0.366,-0.01,0.304,0.09
134,6,0.031,0.4,0.093,0.9,0.639,0.99,0.577,0.08
135,6,-0.262,-0.01,-0.2,0.89,0.912,1.0,0.85,0.07
136,1,0.738,0.263,-0.21,0.597,0.502,0.707,0.84,0.343
137,1,1.0,0.536,-0.22,0.304,0.092,0.414,0.83,0.616
138,3,0.99,0.809,0.78,0.577,0.082,0.121,0.42,0.323
139,3,0.98,1.0,1.0,0.85,0.072,-0.172,0.01,0.03
140,6,0.687,0.59,0.707,0.84,0.345,0.828,0.283,0.02
141,6,0.394,0.18,0.414,0.83,0.618,1.0,0.556,0.01
142,,0.384,0.17,0.404,0.82,0.608,0.99,0.546,0.0
143,,0.374,0.16,0.394,0.81,0.598,0.98,0.536,-0.01
144,8,0.647,0.15,0.101,0.4,0.305,0.97,0.809,0.99
145,8,0.92,0.14,-0.192,-0.01,0.012,0.96,1.0,1.0
146,3,0.91,0.413,0.808,0.263,0.002,0.667,0.59,0.707
147,3,0.9,0.686,1.0,0.536,-0.008,0.374,0.18,0.414
148,5,0.49,0.393,0.99,0.809,0.992,0.647,0.17,0.121
149,5,0.08,0.1,0.98,1.0,1.0,0.92,0.16,-0.172
150,8,0.353,0.09,0.687,0.59,0.707,0.91,0.433,0.828
151,8,0.626,0.08,0.394,0.18,0.414,0.9,0.706,1.0
152,,0.616,0.07,0.384,0.17,0.404,0.89,0.696,0.99
153,,0.606,0.06,0.374,0.16,0.394,0.88,0.686,0.98
154,,0.596,0.05,0.364,0.15,0.384,0.87,0.676,0.97
155,,0.586,0.04,0.354,0.14,0.374,0.86,0.666,0.96
156,,0.576,0.03,0.344,0.13,0.364,0.85,0.656,0.95
157,,0.566,0.02,0.334,0.12,0.354,0.84,0.646,0.94
158,,0.556,0.01,0.324,0.11,0.344,0.83,0.636,0.93
159,,0.546,0.0,0.314,0.1,0.334,0.82,0.626,0.92
160,,0.536,-0.01,0.304,0.09,0.324,0.81,0.616,0.91
161,2,0.809,0.99,0.577,0.08,0.031,0.4,0.323,0.9
162,2,1.0,1.0,0.85,0.07,-0.262,-0.01,0.03,0.89
163,5,0.59,0.707,0.84,0.343,0.738,0.263,0.02,0.597
164,5,0.18,0.414,0.83,0.616,1.0,0.536,0.01,0.304
165,,0.17,0.404,0.82,0.606,0.99,0.526,0.0,0.294
166,,0.16,0.394,0.81,0.596,0.98,0.516,-0.01,0.284
167,7,0.15,0.101,0.4,0.303,0.97,0.789,0.99,0.557
168,7,0.14,-0.192,-0.01,0.01,0.96,1.0,1.0,0.83
169,2,0.413,0.808,0.263,0.0,0.667,0.59,0.707,0.82
170,2,0.686,1.0,0.536,-0.01,0.374,0.18,0.414,0.81
171,4,0.393,0.99,0.809,0.99,0.647,0.17,0.121,0.4
172,4,0.1,0.98,1.0,1.0,0.92,0.16,-0.172,-0.01
173,7,0.09,0.687,0.59,0.707,0.91,0.433,0.828,0.263
174,7,0.08,0.394,0.18,0.414,0.9,0.706,1.0,0.536
175,,0.07,0.384,0.17,0.404,0.89,0.696,0.99,0.526
176,,0.06,0.374,0.16,0.394,0.88,0.686,0.98,0.516
177,,0.05,0.364,0.15,0.384,0.87,0.676,0.97,0.506
178,,0.04,0.354,0.14,0.374,0.86,0.666,0.96,0.496
179,,0.03,0.344,0.13,0.364,0.85,0.656,0.95,0.486
180,,0.02,0.334,0.12,0.354,0.84,0.646,0.94,0.476
181,,0.01,0.324,0.11,0.344,0.83,0.636,0.93,0.466
182,,0.0,0.314,0.1,0.334,0.82,0.626,0.92,0.456
183,,-0.01,0.304,0.09,0.324,0.81,0.616,0.91,0.446
184,1,0.99,0.577,0.08,0.031,0.4,0.323,0.9,0.719
185,1,1.0,0.85,0.07,-0.262,-0.01,0.03,0.89,0.992
186,4,0.707,0.84,0.343,0.738,0.263,0.02,0.597,0.582
187,4,0.414,0.83,0.616,1.0,0.536,0.01,0.304,0.172
188,,0.404,0.82,0.606,0.99,0.526,0.0,0.294,0.162
189,,0.394,0.81,0.596,0.98,0.516,-0.01,0.284,0.152
190,6,0.101,0.4,0.303,0.97,0.789,0.99,0.557,0.142
191,6,-0.192,-0.01,0.01,0.96,1.0,1.0,0.83,0.132
192,1,0.808,0.263,0.0,0.667,0.59,0.707,0.82,0.405
193,1,1.0,0.536,-0.01,0.374,0.18,0.414,0.81,0.678
194,3,0.99,0.809,0.99,0.647,0.17,0.121,0.4,0.385
195,3,0.98,1.0,1.0,0.92,0.16,-0.172,-0.01,0.092
196,6,0.687,0.59,0.707,0.91,0.433,0.828,0.263,0.082
197,6,0.394,0.18,0.414,0.9,0.706,1.0,0.536,0.072
198,,0.384,0.17,0.404,0.89,0.696,0.99,0.526,0.062
199,,0.374,0.16,0.394,0.88,0.686,0.98,0.516,0.052
200,,0.364,0.15,0.384,0.87,0.676,0.97,0.506,0.042
201,,0.354,0.14,0.374,0.86,0.666,0.96,0.496,0.032
202,,0.344,0.13,0.364,0.85,0.656,0.95,0.486,0.022
203,,0.334,0.12,0.354,0.84,0.646,0.94,0.476,0.012
204,,0.324,0.11,0.344,0.83,0.636,0.93,0.466,0.002
205,,0.314,0.1,0.334,0.82,0.626,0.92,0.456,-0.008
206,8,0.587,0.09,0.041,0.41,0.333,0.91,0.729,0.992
207,8,0.86,0.08,-0.252,-0.0,0.04,0.9,1.0,1.0
208,3,0.85,0.353,0.748,0.273,0.03,0.607,0.59,0.707
209,3,0.84,0.626,1.0,0.546,0.02,0.314,0.18,0.414
210,,0.83,0.616,0.99,0.536,0.01,0.304,0.17,0.404
211,,0.82,0.606,0.98,0.526,0.0,0.294,0.16,0.394
212,,0.81,0.596,0.97,0.516,-0.01,0.284,0.15,0.384
213,5,0.4,0.303,0.96,0.789,0.99,0.557,0.14,0.091
214,5,-0.01,0.01,0.95,1.0,1.0,0.83,0.13,-0.202
215,8,0.263,0.0,0.657,0.59,0.707,0.82,0.403,0.798
216,8,0.536,-0.01,0.364,0.18,0.414,0.81,0.676,1.0
217,2,0.809,0.99,0.637,0.17,0.121,0.4,0.383,0.99
218,2,1.0,1.0,0.91,0.16,-0.172,-0.01,0.09,0.98
219,5,0.59,0.707,0.9,0.433,0.828,0.263,0.08,0.687
220,5,0.18,0.414,0.89,0.706,1.0,0.536,0.07,0.394
221,,0.17,0.404,0.88,0.696,0.99,0.526,0.06,0.384
222,,0.16,0.394,0.87,0.686,0.98,0.516,0.05,0.374
223,,0.15,0.384,0.86,0.676,0.97,0.506,0.04,0.364
224,,0.14,0.374,0.85,0.666,0.96,0.496,0.03,0.354
225,,0.13,0.364,0.84,0.656,0.95,0.486,0.02,0.344
226,,0.12,0.354,0.83,0.646,0.94,0.476,0.01,0.334
227,,0.11,0.344,0.82,0.636,0.93,0.466,0.0,0.324
228,,0.1,0.334,0.81,0.626,0.92,0.456,-0.01,0.314
229,7,0.09,0.041,0.4,0.333,0.91,0.729,0.99,0.587
230,7,0.08,-0.252,-0.01,0.04,0.9,1.0,1.0,0.86
231,2,0.353,0.748,0.263,0.03,0.607,0.59,0.707,0.85
232,2,0.626,1.0,0.536,0.02,0.314,0.18,0.414,0.84
233,,0.616,0.99,0.526,0.01,0.304,0.17,0.404,0.83
234,,0.606,0.98,0.516,0.0,0.294,0.16,0.394,0.82
235,,0.596,0.97,0.506,-0.01,0.284,0.15,0.384,0.81
236,4,0.303,0.96,0.779,0.99,0.557,0.14,0.091,0.4
237,4,0.01,0.95,1.0,1.0,0.83,0.13,-0.202,-0.01
238,7,0.0,0.657,0.59,0.707,0.82,0.403,0.798,0.263
239,7,-0.01,0.364,0.18,0.414,0.81,0.676,1.0,0.536
240,1,0.99,0.637,0.17,0.121,0.4,0.383,0.99,0.809
241,1,1.0,0.91,0.16,-0.172,-0.01,0.09,0.98,1.0
242,4,0.707,0.9,0.433,0.828,0.263,0.08,0.687,0.59
243,4,0.414,0.89,0.706,1.0,0.536,0.07,0.394,0.18
244,,0.404,0.88,0.696,0.99,0.526,0.06,0.384,0.17
245,,0.394,0.87,0.686,0.98,0.516,0.05,0.374,0.16
246,,0.384,0.86,0.676,0.97,0.506,0.04,0.364,0.15
247,,0.374,0.85,0.666,0.96,0.496,0.03,0.354,0.14
248,,0.364,0.84,0.656,0.95,0.486,0.02,0.344,0.13
249,,0.354,0.83,0.646,0.94,0.476,0.01,0.334,0.12
250,,0.344,0.82,0.636,0.93,0.466,0.0,0.324,0.11
251,,0.334,0.81,0.626,0.92,0.456,-0.01,0.314,0.1
252,6,0.041,0.4,0.333,0.91,0.729,0.99,0.587,0.09
253,6,-0.252,-0.01,0.04,0.9,1.0,1.0,0.86,0.08
254,1,0.748,0.263,0.03,0.607,0.59,0.707,0.85,0.353
255,1,1.0,0.536,0.02,0.314,0.18,0.414,0.84,0.626
256,,0.99,0.526,0.01,0.304,0.17,0.404,0.83,0.616
257,,0.98,0.516,0.0,0.294,0.16,0.394,0.82,0.606
258,,0.97,0.506,-0.01,0.284,0.15,0.384,0.81,0.596
259,3,0.96,0.779,0.99,0.557,0.14,0.091,0.4,0.303
260,3,0.95,1.0,1.0,0.83,0.13,-0.202,-0.01,0.01
261,6,0.657,0.59,0.707,0.82,0.403,0.798,0.263,0.0
262,6,0.364,0.18,0.414,0.81,0.676,1.0,0.536,-0.01
263,8,0.637,0.17,0.121,0.4,0.383,0.99,0.809,0.99
264,8,0.91,0.16,-0.172,-0.01,0.09,0.98,1.0,1.0
265,3,0.9,0.433,0.828,0.263,0.08,0.687,0.59,0.707
266,3,0.89,0.706,1.0,0.536,0.07,0.394,0.18,0.414
267,,0.88,0.696,0.99,0.526,0.06,0.384,0.17,0.404
268,,0.87,0.686,0.98,0.516,0.05,0.374,0.16,0.394
269,,0.86,0.676,0.97,0.506,0.04,0.364,0.15,0.384
270,,0.85,0.666,0.96,0.496,0.03,0.354,0.14,0.374
271,,0.84,0.656,0.95,0.486,0.02,0.344,0.13,0.364
272,,0.83,0.646,0.94,0.476,0.01,0.334,0.12,0.354
273,,0.82,0.636,0.93,0.466,0.0,0.324,0.11,0.344
274,,0.81,0.626,0.92,0.456,-0.01,0.314,0.1,0.334
275,5,0.4,0.333,0.91,0.729,0.99,0.587,0.09,0.041
276,5,-0.01,0.04,0.9,1.0,1.0,0.86,0.08,-0.252
277,8,0.263,0.03,0.607,0.59,0.707,0.85,0.353,0.748
278,8,0.536,0.02,0.314,0.18,0.414,0.84,0.626,1.0
279,,0.526,0.01,0.304,0.17,0.404,0.83,0.616,0.99
280,,0.516,0.0,0.294,0.16,0.394,0.82,0.606,0.98
281,,0.506,-0.01,0.284,0.15,0.384,0.81,0.596,0.97
282,2,0.779,0.99,0.557,0.14,0.091,0.4,0.303,0.96
283,2,1.0,1.0,0.83,0.13,-0.202,-0.01,0.01,0.95
284,5,0.59,0.707,0.82,0.403,0.798,0.263,0.0,0.657
285,5,0.18,0.414,0.81,0.676,1.0,0.536,-0.01,0.364
286,7,0.17,0.121,0.4,0.383,0.99,0.809,0.99,0.637
287,7,0.16,-0.172,-0.01,0.09,0.98,1.0,1.0,0.91
288,2,0.433,0.828,0.263,0.08,0.687,0.59,0.707,0.9
289,2,0.706,1.0,0.536,0.07,0.394,0.18,0.414,0.89
290,,0.696,0.99,0.526,0.06,0.384,0.17,0.404,0.88
291,,0.686,0.98,0.516,0.05,0.374,0.16,0.394,0.87
292,,0.676,0.97,0.506,0.04,0.364,0.15,0.384,0.86
293,,0.666,0.96,0.496,0.03,0.354,0.14,0.374,0.85
294,,0.656,0.95,0.486,0.02,0.344,0.13,0.364,0.84
295,,0.646,0.94,0.476,0.01,0.334,0.12,0.354,0.83
296,,0.636,0.93,0.466,0.0,0.324,0.11,0.344,0.82
297,,0.626,0.92,0.456,-0.01,0.314,0.1,0.334,0.81
298,4,0.333,0.91,0.729,0.99,0.587,0.09,0.041,0.4
299,4,0.04,0.9,1.0,1.0,0.86,0.08,-0.252,-0.01
300,7,0.03,0.607,0.59,0.707,0.85,0.353,0.748,0.263
301,7,0.02,0.314,0.18,0.414,0.84,0.626,1.0,0.536
302,,0.01,0.304,0.17,0.404,0.83,0.616,0.99,0.526
303,,0.0,0.294,0.16,0.394,0.82,0.606,0.98,0.516
304,,-0.01,0.284,0.15,0.384,0.81,0.596,0.97,0.506
305,1,0.99,0.557,0.14,0.091,0.4,0.303,0.96,0.779
306,1,1.0,0.83,0.13,-0.202,-0.01,0.01,0.95,1.0
307,4,0.707,0.82,0.403,0.798,0.263,0.0,0.657,0.59
308,4,0.414,0.81,0.676,1.0,0.536,-0.01,0.364,0.18
309,6,0.121,0.4,0.383,0.99,0.809,0.99,0.637,0.17
310,6,-0.172,-0.01,0.09,0.98,1.0,1.0,0.91,0.16
311,1,0.828,0.263,0.08,0.687,0.59,0.707,0.9,0.433
312,1,1.0,0.536,0.07,0.394,0.18,0.414,0.89,0.706
313,,0.99,0.526,0.06,0.384,0.17,0.404,0.88,0.696
314,,0.98,0.516,0.05,0.374,0.16,0.394,0.87,0.686
315,,0.97,0.506,0.04,0.364,0.15,0.384,0.86,0.676
316,,0.96,0.496,0.03,0.354,0.14,0.374,0.85,0.666
317,,0.95,0.486,0.02,0.344,0.13,0.364,0.84,0.656
318,,0.94,0.476,0.01,0.334,0.12,0.354,0.83,0.646
319,,0.93,0.466,0.0,0.324,0.11,0.344,0.82,0.636
320,,0.92,0.456,-0.01,0.314,0.1,0.334,0.81,0.626
321,3,0.91,0.729,0.99,0.587,0.09,0.041,0.4,0.333
322,3,0.9,1.0,1.0,0.86,0.08,-0.252,-0.01,0.04
323,6,0.607,0.59,0.707,0.85,0.353,0.748,0.263,0.03
324,6,0.314,0.18,0.414,0.84,0.626,1.0,0.536,0.02
325,,0.304,0.17,0.404,0.83,0.616,0.99,0.526,0.01
326,,0.294,0.16,0.394,0.82,0.606,0.98,0.516,0.0
327,,0.284,0.15,0.384,0.81,0.596,0.97,0.506,-0.01
328,8,0.557,0.14,0.091,0.4,0.303,0.96,0.779,0.99
329,8,0.83,0.13,-0.202,-0.01,0.01,0.95,1.0,1.0
330,3,0.82,0.403,0.798,0.263,0.0,0.657,0.59,0.707
331,3,0.81,0.676,1.0,0.536,-0.01,0.364,0.18,0.414
332,5,0.4,0.383,0.99,0.809,0.99,0.637,0.17,0.121
333,5,-0.01,0.09,0.98,1.0,1.0,0.91,0.16,-0.172
334,8,0.263,0.08,0.687,0.59,0.707,0.9,0.433,0.828
335,8,0.536,0.07,0.394,0.18,0.414,0.89,0.706,1.0
336,,0.526,0.06,0.384,0.17,0.404,0.88,0.696,0.99
337,,0.516,0.05,0.374,0.16,0.394,0.87,0.686,0.98
338,,0.506,0.04,0.364,0.15,0.384,0.86,0.676,0.97
339,,0.496,0.03,0.354,0.14,0.374,0.85,0.666,0.96
340,,0.486,0.02,0.344,0.13,0.364,0.84,0.656,0.95
341,,0.476,0.01,0.334,0.12,0.354,0.83,0.646,0.94
342,,0.466,0.0,0.324,0.11,0.344,0.82,0.636,0.93
343,,0.456,-0.01,0.314,0.1,0.334,0.81,0.626,0.92
344,2,0.729,0.99,0.587,0.09,0.041,0.4,0.333,0.91
345,2,1.0,1.0,0.86,0.08,-0.252,-0.01,0.04,0.9
346,5,0.59,0.707,0.85,0.353,0.748,0.263,0.03,0.607
347,5,0.18,0.414,0.84,0.626,1.0,0.536,0.02,0.314
348,,0.17,0.404,0.83,0.616,0.99,0.526,0.01,0.304
349,,0.16,0.394,0.82,0.606,0.98,0.516,0.0,0.294
350,,0.15,0.384,0.81,0.596,0.97,0.506,-0.01,0.284
351,7,0.14,0.091,0.4,0.303,0.96,0.779,0.99,0.557
352,7,0.13,-0.202,-0.01,0.01,0.95,1.0,1.0,0.83
353,2,0.403,0.798,0.263,0.0,0.657,0.59,0.707,0.82
354,2,0.676,1.0,0.536,-0.01,0.364,0.18,0.414,0.81
355,4,0.383,0.99,0.809,0.99,0.637,0.17,0.121,0.4
356,4,0.09,0.98,1.0,1.0,0.91,0.16,-0.172,-0.01
357,7,0.08,0.687,0.59,0.707,0.9,0.433,0.828,0.263
358,7,0.07,0.394,0.18,0.414,0.89,0.706,1.0,0.536
359,,0.06,0.384,0.17,0.404,0.88,0.696,0.99,0.526
360,,0.05,0.374,0.16,0.394,0.87,0.686,0.98,0.516
361,,0.04,0.364,0.15,0.384,0.86,0.676,0.97,0.506
362,,0.03,0.354,0.14,0.374,0.85,0.666,0.96,0.496
363,,0.02,0.344,0.13,0.364,0.84,0.656,0.95,0.486
364,,0.01,0.334,0.12,0.354,0.83,0.646,0.94,0.476
365,,0.0,0.324,0.11,0.344,0.82,0.636,0.93,0.466
366,,-0.01,0.314,0.1,0.334,0.81,0.626,0.92,0.456
367,1,0.99,0.587,0.09,0.041,0.4,0.333,0.91,0.729
368,1,1.0,0.86,0.08,-0.252,-0.01,0.04,0.9,1.0
369,4,0.707,0.85,0.353,0.748,0.263,0.03,0.607,0.59
370,4,0.414,0.84,0.626,1.0,0.536,0.02,0.314,0.18
371,,0.404,0.83,0.616,0.99,0.526,0.01,0.304,0.17
372,,0.394,0.82,0.606,0.98,0.516,0.0,0.294,0.16
373,,0.384,0.81,0.596,0.97,0.506,-0.01,0.284,0.15
374,6,0.091,0.4,0.303,0.96,0.779,0.99,0.557,0.14
375,6,-0.202,-0.01,0.01,0.95,1.0,1.0,0.83,0.13
376,1,0.798,0.263,0.0,0.657,0.59,0.707,0.82,0.403
377,1,1.0,0.536,-0.01,0.364,0.18,0.414,0.81,0.676
378,3,0.99,0.809,0.99,0.637,0.17,0.121,0.4,0.383
379,3,0.98,1.0,1.0,0.91,0.16,-0.172,-0.01,0.09
380,6,0.687,0.59,0.707,0.9,0.433,0.828,0.263,0.08
381,6,0.394,0.18,0.414,0.89,0.706,1.0,0.536,0.07
382,,0.384,0.17,0.404,0.88,0.696,0.99,0.526,0.06
383,,0.374,0.16,0.394,0.87,0.686,0.98,0.516,0.05
384,,0.364,0.15,0.384,0.86,0.676,0.97,0.506,0.04
385,,0.354,0.14,0.374,0.85,0.666,0.96,0.496,0.03
386,,0.344,0.13,0.364,0.84,0.656,0.95,0.486,0.02
387,,0.334,0.12,0.354,0.83,0.646,0.94,0.476,0.01
388,,0.324,0.11,0.344,0.82,0.636,0.93,0.466,0.0
389,,0.314,0.1,0.334,0.81,0.626,0.92,0.456,-0.01
390,8,0.587,0.09,0.041,0.4,0.333,0.91,0.729,0.99
391,8,0.86,0.08,-0.252,-0.01,0.04,0.9,1.0,1.0
392,3,0.85,0.353,0.748,0.263,0.03,0.607,0.59,0.707
393,3,0.84,0.626,1.0,0.536,0.02,0.314,0.18,0.414
394,,0.83,0.616,0.99,0.526,0.01,0.304,0.17,0.404
395,,0.82,0.606,0.98,0.516,0.0,0.294,0.16,0.394
396,,0.81,0.596,0.97,0.506,-0.01,0.284,0.15,0.384
397,5,0.4,0.303,0.96,0.779,0.99,0.557,0.14,0.091
398,5,-0.01,0.01,0.95,1.0,1.0,0.83,0.13,-0.202
399,8,0.263,0.0,0.657,0.59,0.707,0.82,0.403,0.798
400,8,0.536,-0.01,0.364,0.18,0.414,0.81,0.676,1.0
401,2,0.809,0.99,0.637,0.17,0.121,0.4,0.383,0.99
402,2,1.0,1.0,0.91,0.16,-0.172,-0.01,0.09,0.98
403,5,0.59,0.707,0.9,0.433,0.828,0.263,0.08,0.687
404,5,0.18,0.414,0.89,0.706,1.0,0.536,0.07,0.394
405,,0.17,0.404,0.88,0.696,0.99,0.526,0.06,0.384
406,,0.16,0.394,0.87,0.686,0.98,0.516,0.05,0.374
407,,0.15,0.384,0.86,0.676,0.97,0.506,0.04,0.364
408,,0.14,0.374,0.85,0.666,0.96,0.496,0.03,0.354
409,,0.13,0.364,0.84,0.656,0.95,0.486,0.02,0.344
410,,0.12,0.354,0.83,0.646,0.94,0.476,0.01,0.334
411,,0.11,0.344,0.82,0.636,0.93,0.466,0.0,0.324
412,,0.1,0.334,0.81,0.626,0.92,0.456,-0.01,0.314
413,7,0.09,0.041,0.4,0.333,0.91,0.729,0.99,0.587
414,7,0.08,-0.252,-0.01,0.04,0.9,1.0,1.0,0.86
415,2,0.353,0.748,0.263,0.03,0.607,0.59,0.707,0.85
416,2,0.626,1.0,0.536,0.02,0.314,0.18,0.414,0.84
417,,0.616,0.99,0.526,0.01,0.304,0.17,0.404,0.83
418,,0.606,0.98,0.516,0.0,0.294,0.16,0.394,0.82
419,,0.596,0.97,0.506,-0.01,0.284,0.15,0.384,0.81
420,4,0.303,0.96,0.779,0.99,0.557,0.14,0.091,0.4
421,4,0.01,0.95,1.0,1.0,0.83,0.13,-0.202,-0.01
422,7,0.0,0.657,0.59,0.707,0.82,0.403,0.798,0.263
423,7,-0.01,0.364,0.18,0.414,0.81,0.676,1.0,0.536
424,1,0.99,0.637,0.17,0.121,0.4,0.383,0.99,0.809
425,1,1.0,0.91,0.16,-0.172,-0.01,0.09,0.98,1.0
426,4,0.707,0.9,0.433,0.828,0.263,0.08,0.687,0.59
427,4,0.414,0.89,0.706,1.0,0.536,0.07,0.394,0.18
428,,0.404,0.88,0.696,0.99,0.526,0.06,0.384,0.17
429,,0.394,0.87,0.686,0.98,0.516,0.05,0.374,0.16
430,,0.384,0.86,0.676,0.97,0.506,0.04,0.364,0.15
431,,0.374,0.85,0.666,0.96,0.496,0.03,0.354,0.14
432,,0.364,0.84,0.656,0.95,0.486,0.02,0.344,0.13
433,,0.354,0.83,0.646,0.94,0.476,0.01,0.334,0.12
434,,0.344,0.82,0.636,0.93,0.466,0.0,0.324,0.11
435,,0.334,0.81,0.626,0.92,0.456,-0.01,0.314,0.1
436,6,0.041,0.4,0.333,0.91,0.729,0.99,0.587,0.09
437,6,-0.252,-0.01,0.04,0.9,1.0,1.0,0.86,0.08
438,1,0.748,0.263,0.03,0.607,0.59,0.707,0.85,0.353
439,1,1.0,0.536,0.02,0.314,0.18,0.414,0.84,0.626
440,,0.99,0.526,0.01,0.304,0.17,0.404,0.83,0.616
441,,0.98,0.516,0.0,0.294,0.16,0.394,0.82,0.606
442,,0.97,0.506,-0.01,0.284,0.15,0.384,0.81,0.596
443,3,0.96,0.779,0.99,0.557,0.14,0.091,0.4,0.303
444,3,0.95,1.0,1.0,0.83,0.13,-0.202,-0.01,0.01
445,6,0.657,0.59,0.707,0.82,0.403,0.798,0.263,0.0
446,6,0.364,0.18,0.414,0.81,0.676,1.0,0.536,-0.01
447,8,0.637,0.17,0.121,0.4,0.383,0.99,0.809,0.99
448,8,0.91,0.16,-0.172,-0.01,0.09,0.98,1.0,1.0
449,3,0.9,0.433,0.828,0.263,0.08,0.687,0.59,0.707
450,3,0.89,0.706,1.0,0.536,0.07,0.394,0.18,0.414
451,,0.88,0.696,0.99,0.526,0.06,0.384,0.17,0.404
452,,0.87,0.686,0.98,0.516,0.05,0.374,0.16,0.394
453,,0.86,0.676,0.97,0.506,0.04,0.364,0.15,0.384
454,,0.85,0.666,0.96,0.496,0.03,0.354,0.14,0.374
455,,0.84,0.656,0.95,0.486,0.02,0.344,0.13,0.364
456,,0.83,0.646,0.94,0.476,0.01,0.334,0.12,0.354
457,,0.82,0.636,0.93,0.466,0.0,0.324,0.11,0.344
458,,0.81,0.626,0.92,0.456,-0.01,0.314,0.1,0.334
459,5,0.4,0.333,0.91,0.729,0.99,0.587,0.09,0.041
460,5,-0.01,0.04,0.9,1.0,1.0,0.86,0.08,-0.252
461,8,0.263,0.03,0.607,0.59,0.707,0.85,0.353,0.748
462,8,0.536,0.02,0.314,0.18,0.414,0.84,0.626,1.0
463,,0.526,0.01,0.304,0.17,0.404,0.83,0.616,0.99
464,,0.516,0.0,0.294,0.16,0.394,0.82,0.606,0.98
465,,0.506,-0.01,0.284,0.15,0.384,0.81,0.596,0.97
466,2,0.779,0.99,0.557,0.14,0.091,0.4,0.303,0.96
467,2,1.0,1.0,0.83,0.13,-0.202,-0.01,0.01,0.95
468,5,0.59,0.707,0.82,0.403,0.798,0.263,0.0,0.657
469,5,0.18,0.414,0.81,0.676,1.0,0.536,-0.01,0.364
470,7,0.17,0.121,0.4,0.383,0.99,0.809,0.99,0.637
471,7,0.16,-0.172,-0.01,0.09,0.98,1.0,1.0,0.91
472,2,0.433,0.828,0.263,0.08,0.687,0.59,0.707,0.9
473,2,0.706,1.0,0.536,0.07,0.394,0.18,0.414,0.89
474,,0.696,0.99,0.526,0.06,0.384,0.17,0.404,0.88
475,,0.686,0.98,0.516,0.05,0.374,0.16,0.394,0.87
476,,0.676,0.97,0.506,0.04,0.364,0.15,0.384,0.86
477,,0.666,0.96,0.496,0.03,0.354,0.14,0.374,0.85
478,,0.656,0.95,0.486,0.02,0.344,0.13,0.364,0.84
479,,0.646,0.94,0.476,0.01,0.334,0.12,0.354,0.83
480,,0.636,0.93,0.466,0.0,0.324,0.11,0.344,0.82
481,,0.626,0.92,0.456,-0.01,0.314,0.1,0.334,0.81
482,4,0.333,0.91,0.729,0.99,0.587,0.09,0.041,0.4
483,4,0.04,0.9,1.0,1.0,0.86,0.08,-0.252,-0.01
484,7,0.03,0.607,0.59,0.707,0.85,0.353,0.748,0.263
485,7,0.02,0.314,0.18,0.414,0.84,0.626,1.0,0.536
486,,0.01,0.304,0.17,0.404,0.83,0.616,0.99,0.526
487,,0.0,0.294,0.16,0.394,0.82,0.606,0.98,0.516
488,,-0.01,0.284,0.15,0.384,0.81,0.596,0.97,0.506
489,1,0.99,0.557,0.14,0.091,0.4,0.303,0.96,0.779
490,1,1.0,0.83,0.13,-0.202,-0.01,0.01,0.95,1.0
491,4,0.707,0.82,0.403,0.798,0.263,0.0,0.657,0.59
492,4,0.414,0.81,0.676,1.0,0.536,-0.01,0.364,0.18
493,6,0.121,0.4,0.383,0.99,0.809,0.99,0.637,0.17
494,6,-0.172,-0.01,0.09,0.98,1.0,1.0,0.91,0.16
495,1,0.828,0.263,0.08,0.687,0.59,0.707,0.9,0.433
496,1,1.0,0.536,0.07,0.394,0.18,0.414,0.89,0.706
497,,0.99,0.526,0.06,0.384,0.17,0.404,0.88,0.696
498,,0.98,0.516,0.05,0.374,0.16,0.394,0.87,0.686
499,,0.97,0.506,0.04,0.364,0.15,0.384,0.86,0.676
