step,active_motive,motive_1,motive_2,motive_3,motive_4,motive_5,motive_6,motive_7,motive_8
0,,0.19146,0.48586,0.42446,0.36086,0.11799,0.12803,0.02022,0.35533
1,,-0.00854,0.28586,0.22446,0.16086,-0.08201,-0.07197,-0.17978,0.15533
2,7,0.19146,0.34486,0.22446,0.21986,0.11799,0.26903,0.82022,0.49633
3,7,0.39146,0.40386,0.22446,0.27886,0.31799,0.61003,1.0,0.83733
4,,0.19146,0.20386,0.02446,0.07886,0.11799,0.41003,0.8,0.63733
5,,-0.00854,0.00386,-0.17554,-0.12114,-0.08201,0.21003,0.6,0.43733
6,3,0.19146,0.34486,0.82446,0.21986,0.11799,0.26903,0.6,0.49633
7,3,0.39146,0.68586,1.0,0.56086,0.31799,0.32803,0.6,0.55533
8,,0.19146,0.48586,0.8,0.36086,0.11799,0.12803,0.4,0.35533
9,,-0.00854,0.28586,0.6,0.16086,-0.08201,-0.07197,0.2,0.15533
10,5,-0.00854,0.34486,0.8,0.50186,0.91799,0.26903,0.4,0.21433
11,5,-0.00854,0.40386,1.0,0.84286,1.0,0.61003,0.6,0.27333
12,1,0.99146,0.74486,1.0,0.90186,1.0,0.66903,0.8,0.61433
13,1,1.0,1.0,1.0,0.96086,1.0,0.72803,1.0,0.95533
14,,0.8,0.8,0.8,0.76086,0.8,0.52803,0.8,0.75533
15,,0.6,0.6,0.6,0.56086,0.6,0.32803,0.6,0.55533
16,,0.4,0.4,0.4,0.36086,0.4,0.12803,0.4,0.35533
17,,0.2,0.2,0.2,0.16086,0.2,-0.07197,0.2,0.15533
18,6,0.259,0.2,0.259,0.36086,0.541,0.92803,0.541,0.35533
19,6,0.318,0.2,0.318,0.56086,0.882,1.0,0.882,0.55533
20,,0.118,0.0,0.118,0.36086,0.682,0.8,0.682,0.35533
21,,-0.082,-0.2,-0.082,0.16086,0.482,0.6,0.482,0.15533
22,2,0.259,0.8,0.259,0.36086,0.541,0.6,0.541,0.35533
23,2,0.6,1.0,0.6,0.56086,0.6,0.6,0.6,0.55533
24,,0.4,0.8,0.4,0.36086,0.4,0.4,0.4,0.35533
25,,0.2,0.6,0.2,0.16086,0.2,0.2,0.2,0.15533
26,,0.0,0.4,0.0,-0.03914,0.0,0.0,0.0,-0.04467
27,8,0.341,0.6,0.059,-0.03914,0.059,0.2,0.341,0.95533
28,8,0.682,0.8,0.118,-0.03914,0.118,0.4,0.682,1.0
29,4,0.741,1.0,0.459,0.96086,0.459,0.6,0.741,1.0
30,4,0.8,1.0,0.8,1.0,0.8,0.8,0.8,1.0
31,,0.6,0.8,0.6,0.8,0.6,0.6,0.6,0.8
32,,0.4,0.6,0.4,0.6,0.4,0.4,0.4,0.6
33,,0.2,0.4,0.2,0.4,0.2,0.2,0.2,0.4
34,,0.0,0.2,0.0,0.2,0.0,0.0,0.0,0.2
35,,-0.2,0.0,-0.2,0.0,-0.2,-0.2,-0.2,0.0
36,3,0.0,0.341,0.8,0.341,0.0,-0.141,-0.2,0.059
37,3,0.2,0.682,1.0,0.682,0.2,-0.082,-0.2,0.118
38,7,0.4,0.741,1.0,0.741,0.4,0.259,0.8,0.459
39,7,0.6,0.8,1.0,0.8,0.6,0.6,1.0,0.8
40,,0.4,0.6,0.8,0.6,0.4,0.4,0.8,0.6
41,,0.2,0.4,0.6,0.4,0.2,0.2,0.6,0.4
42,,0.0,0.2,0.4,0.2,0.0,0.0,0.4,0.2
43,,-0.2,0.0,0.2,0.0,-0.2,-0.2,0.2,0.0
44,5,-0.2,0.059,0.4,0.341,0.8,0.141,0.4,0.059
45,5,-0.2,0.118,0.6,0.682,1.0,0.482,0.6,0.118
46,1,0.8,0.459,0.8,0.741,1.0,0.541,0.8,0.459
47,1,1.0,0.8,1.0,0.8,1.0,0.6,1.0,0.8
48,,0.8,0.6,0.8,0.6,0.8,0.4,0.8,0.6
49,,0.6,0.4,0.6,0.4,0.6,0.2,0.6,0.4
50,,0.4,0.2,0.4,0.2,0.4,0.0,0.4,0.2
51,,0.2,0.0,0.2,0.0,0.2,-0.2,0.2,0.0
52,6,0.259,0.0,0.259,0.2,0.541,0.8,0.541,0.2
53,6,0.318,0.0,0.318,0.4,0.882,1.0,0.882,0.4
54,,0.118,-0.2,0.118,0.2,0.682,0.8,0.682,0.2
55,2,0.459,0.8,0.459,0.4,0.741,0.8,0.741,0.4
56,2,0.8,1.0,0.8,0.6,0.8,0.8,0.8,0.6
57,,0.6,0.8,0.6,0.4,0.6,0.6,0.6,0.4
58,,0.4,0.6,0.4,0.2,0.4,0.4,0.4,0.2
59,,0.2,0.4,0.2,0.0,0.2,0.2,0.2,0.0
60,,0.0,0.2,0.0,-0.2,0.0,0.0,0.0,-0.2
61,8,0.341,0.4,0.059,-0.2,0.059,0.2,0.341,0.8
62,8,0.682,0.6,0.118,-0.2,0.118,0.4,0.682,1.0
63,4,0.741,0.8,0.459,0.8,0.459,0.6,0.741,1.0
64,4,0.8,1.0,0.8,1.0,0.8,0.8,0.8,1.0
65,,0.6,0.8,0.6,0.8,0.6,0.6,0.6,0.8
66,,0.4,0.6,0.4,0.6,0.4,0.4,0.4,0.6
67,,0.2,0.4,0.2,0.4,0.2,0.2,0.2,0.4
68,,0.0,0.2,0.0,0.2,0.0,0.0,0.0,0.2
69,,-0.2,0.0,-0.2,0.0,-0.2,-0.2,-0.2,0.0
70,7,0.0,0.059,-0.2,0.059,0.0,0.141,0.8,0.341
71,7,0.2,0.118,-0.2,0.118,0.2,0.482,1.0,0.682
72,3,0.4,0.459,0.8,0.459,0.4,0.541,1.0,0.741
73,3,0.6,0.8,1.0,0.8,0.6,0.6,1.0,0.8
74,,0.4,0.6,0.8,0.6,0.4,0.4,0.8,0.6
75,,0.2,0.4,0.6,0.4,0.2,0.2,0.6,0.4
76,,0.0,0.2,0.4,0.2,0.0,0.0,0.4,0.2
77,,-0.2,0.0,0.2,0.0,-0.2,-0.2,0.2,0.0
78,6,-0.141,0.0,0.259,0.2,0.141,0.8,0.541,0.2
79,6,-0.082,0.0,0.318,0.4,0.482,1.0,0.882,0.4
80,1,0.918,0.341,0.518,0.459,0.482,1.0,1.0,0.741
81,1,1.0,0.682,0.718,0.518,0.482,1.0,1.0,1.0
82,,0.8,0.482,0.518,0.318,0.282,0.8,0.8,0.8
83,,0.6,0.282,0.318,0.118,0.082,0.6,0.6,0.6
84,,0.4,0.082,0.118,-0.082,-0.118,0.4,0.4,0.4
85,5,0.4,0.141,0.318,0.259,0.882,0.741,0.6,0.459
86,5,0.4,0.2,0.518,0.6,1.0,1.0,0.8,0.518
87,,0.2,0.0,0.318,0.4,0.8,0.8,0.6,0.318
88,,0.0,-0.2,0.118,0.2,0.6,0.6,0.4,0.118
89,2,0.341,0.8,0.459,0.4,0.659,0.6,0.459,0.318
90,2,0.682,1.0,0.8,0.6,0.718,0.6,0.518,0.518
91,,0.482,0.8,0.6,0.4,0.518,0.4,0.318,0.318
92,,0.282,0.6,0.4,0.2,0.318,0.2,0.118,0.118
93,,0.082,0.4,0.2,0.0,0.118,0.0,-0.082,-0.082
94,7,0.282,0.459,0.2,0.059,0.318,0.341,0.918,0.259
95,7,0.482,0.518,0.2,0.118,0.518,0.682,1.0,0.6
96,,0.282,0.318,0.0,-0.082,0.318,0.482,0.8,0.4
97,4,0.341,0.518,0.341,0.918,0.659,0.682,0.859,0.4
98,4,0.4,0.718,0.682,1.0,1.0,0.882,0.918,0.4
99,,0.2,0.518,0.482,0.8,0.8,0.682,0.718,0.2
100,,0.0,0.318,0.282,0.6,0.6,0.482,0.518,0.0
101,,-0.2,0.118,0.082,0.4,0.4,0.282,0.318,-0.2
102,8,0.141,0.318,0.141,0.4,0.459,0.482,0.659,0.8
103,8,0.482,0.518,0.2,0.4,0.518,0.682,1.0,1.0
104,,0.282,0.318,0.0,0.2,0.318,0.482,0.8,0.8
105,,0.082,0.118,-0.2,0.0,0.118,0.282,0.6,0.6
106,3,0.282,0.459,0.8,0.341,0.318,0.341,0.6,0.659
107,3,0.482,0.8,1.0,0.682,0.518,0.4,0.6,0.718
108,,0.282,0.6,0.8,0.482,0.318,0.2,0.4,0.518
109,,0.082,0.4,0.6,0.282,0.118,0.0,0.2,0.318
110,,-0.118,0.2,0.4,0.082,-0.082,-0.2,0.0,0.118
111,6,-0.059,0.2,0.459,0.282,0.259,0.8,0.341,0.318
112,6,0.0,0.2,0.518,0.482,0.6,1.0,0.682,0.518
113,,-0.2,0.0,0.318,0.282,0.4,0.8,0.482,0.318
114,1,0.8,0.341,0.518,0.341,0.4,0.859,0.682,0.659
115,1,1.0,0.682,0.718,0.4,0.4,0.918,0.882,1.0
116,,0.8,0.482,0.518,0.2,0.2,0.718,0.682,0.8
117,,0.6,0.282,0.318,0.0,0.0,0.518,0.482,0.6
118,,0.4,0.082,0.118,-0.2,-0.2,0.318,0.282,0.4
119,4,0.459,0.282,0.459,0.8,0.141,0.518,0.341,0.4
120,4,0.518,0.482,0.8,1.0,0.482,0.718,0.4,0.4
121,,0.318,0.282,0.6,0.8,0.282,0.518,0.2,0.2
122,,0.118,0.082,0.4,0.6,0.082,0.318,0.0,0.0
123,,-0.082,-0.118,0.2,0.4,-0.118,0.118,-0.2,-0.2
124,7,0.118,-0.059,0.2,0.459,0.082,0.459,0.8,0.141
125,7,0.318,0.0,0.2,0.518,0.282,0.8,1.0,0.482
126,,0.118,-0.2,0.0,0.318,0.082,0.6,0.8,0.282
127,2,0.459,0.8,0.341,0.518,0.141,0.6,0.859,0.482
128,2,0.8,1.0,0.682,0.718,0.2,0.6,0.918,0.682
129,,0.6,0.8,0.482,0.518,0.0,0.4,0.718,0.482
130,,0.4,0.6,0.282,0.318,-0.2,0.2,0.518,0.282
131,5,0.4,0.659,0.482,0.659,0.8,0.541,0.718,0.341
132,5,0.4,0.718,0.682,1.0,1.0,0.882,0.918,0.4
133,,0.2,0.518,0.482,0.8,0.8,0.682,0.718,0.2
134,,0.0,0.318,0.282,0.6,0.6,0.482,0.518,0.0
135,,-0.2,0.118,0.082,0.4,0.4,0.282,0.318,-0.2
136,8,0.141,0.318,0.141,0.4,0.459,0.482,0.659,0.8
137,8,0.482,0.518,0.2,0.4,0.518,0.682,1.0,1.0
138,,0.282,0.318,0.0,0.2,0.318,0.482,0.8,0.8
139,,0.082,0.118,-0.2,0.0,0.118,0.282,0.6,0.6
140,3,0.282,0.459,0.8,0.341,0.318,0.341,0.6,0.659
141,3,0.482,0.8,1.0,0.682,0.518,0.4,0.6,0.718
142,,0.282,0.6,0.8,0.482,0.318,0.2,0.4,0.518
143,,0.082,0.4,0.6,0.282,0.118,0.0,0.2,0.318
144,,-0.118,0.2,0.4,0.082,-0.082,-0.2,0.0,0.118
145,6,-0.059,0.2,0.459,0.282,0.259,0.8,0.341,0.318
146,6,0.0,0.2,0.518,0.482,0.6,1.0,0.682,0.518
147,,-0.2,0.0,0.318,0.282,0.4,0.8,0.482,0.318
148,1,0.8,0.341,0.518,0.341,0.4,0.859,0.682,0.659
149,1,1.0,0.682,0.718,0.4,0.4,0.918,0.882,1.0
150,,0.8,0.482,0.518,0.2,0.2,0.718,0.682,0.8
151,,0.6,0.282,0.318,0.0,0.0,0.518,0.482,0.6
152,,0.4,0.082,0.118,-0.2,-0.2,0.318,0.282,0.4
153,4,0.459,0.282,0.459,0.8,0.141,0.518,0.341,0.4
154,4,0.518,0.482,0.8,1.0,0.482,0.718,0.4,0.4
155,,0.318,0.282,0.6,0.8,0.282,0.518,0.2,0.2
156,,0.118,0.082,0.4,0.6,0.082,0.318,0.0,0.0
157,,-0.082,-0.118,0.2,0.4,-0.118,0.118,-0.2,-0.2
158,8,0.259,0.082,0.259,0.4,-0.059,0.318,0.141,0.8
159,8,0.6,0.282,0.318,0.4,0.0,0.518,0.482,1.0
160,,0.4,0.082,0.118,0.2,-0.2,0.318,0.282,0.8
161,5,0.4,0.141,0.318,0.541,0.8,0.659,0.482,0.859
162,5,0.4,0.2,0.518,0.882,1.0,1.0,0.682,0.918
163,,0.2,0.0,0.318,0.682,0.8,0.8,0.482,0.718
164,,0.0,-0.2,0.118,0.482,0.6,0.6,0.282,0.518
165,2,0.341,0.8,0.459,0.682,0.659,0.6,0.341,0.718
166,2,0.682,1.0,0.8,0.882,0.718,0.6,0.4,0.918
167,,0.482,0.8,0.6,0.682,0.518,0.4,0.2,0.718
168,,0.282,0.6,0.4,0.482,0.318,0.2,0.0,0.518
169,,0.082,0.4,0.2,0.282,0.118,0.0,-0.2,0.318
170,7,0.282,0.459,0.2,0.341,0.318,0.341,0.8,0.659
171,7,0.482,0.518,0.2,0.4,0.518,0.682,1.0,1.0
172,,0.282,0.318,0.0,0.2,0.318,0.482,0.8,0.8
173,,0.082,0.118,-0.2,0.0,0.118,0.282,0.6,0.6
174,3,0.282,0.459,0.8,0.341,0.318,0.341,0.6,0.659
175,3,0.482,0.8,1.0,0.682,0.518,0.4,0.6,0.718
176,,0.282,0.6,0.8,0.482,0.318,0.2,0.4,0.518
177,,0.082,0.4,0.6,0.282,0.118,0.0,0.2,0.318
178,,-0.118,0.2,0.4,0.082,-0.082,-0.2,0.0,0.118
179,6,-0.059,0.2,0.459,0.282,0.259,0.8,0.341,0.318
180,6,0.0,0.2,0.518,0.482,0.6,1.0,0.682,0.518
181,,-0.2,0.0,0.318,0.282,0.4,0.8,0.482,0.318
182,1,0.8,0.341,0.518,0.341,0.4,0.859,0.682,0.659
183,1,1.0,0.682,0.718,0.4,0.4,0.918,0.882,1.0
184,,0.8,0.482,0.518,0.2,0.2,0.718,0.682,0.8
185,,0.6,0.282,0.318,0.0,0.0,0.518,0.482,0.6
186,,0.4,0.082,0.118,-0.2,-0.2,0.318,0.282,0.4
187,5,0.4,0.141,0.318,0.141,0.8,0.659,0.482,0.459
188,5,0.4,0.2,0.518,0.482,1.0,1.0,0.682,0.518
189,,0.2,0.0,0.318,0.282,0.8,0.8,0.482,0.318
190,,0.0,-0.2,0.118,0.082,0.6,0.6,0.282,0.118
191,2,0.341,0.8,0.459,0.282,0.659,0.6,0.341,0.318
192,2,0.682,1.0,0.8,0.482,0.718,0.6,0.4,0.518
193,,0.482,0.8,0.6,0.282,0.518,0.4,0.2,0.318
194,,0.282,0.6,0.4,0.082,0.318,0.2,0.0,0.118
195,,0.082,0.4,0.2,-0.118,0.118,0.0,-0.2,-0.082
196,7,0.282,0.459,0.2,-0.059,0.318,0.341,0.8,0.259
197,7,0.482,0.518,0.2,0.0,0.518,0.682,1.0,0.6
198,,0.282,0.318,0.0,-0.2,0.318,0.482,0.8,0.4
199,4,0.341,0.518,0.341,0.8,0.659,0.682,0.859,0.4
200,4,0.4,0.718,0.682,1.0,1.0,0.882,0.918,0.4
201,,0.2,0.518,0.482,0.8,0.8,0.682,0.718,0.2
202,,0.0,0.318,0.282,0.6,0.6,0.482,0.518,0.0
203,,-0.2,0.118,0.082,0.4,0.4,0.282,0.318,-0.2
204,8,0.141,0.318,0.141,0.4,0.459,0.482,0.659,0.8
205,8,0.482,0.518,0.2,0.4,0.518,0.682,1.0,1.0
206,,0.282,0.318,0.0,0.2,0.318,0.482,0.8,0.8
207,,0.082,0.118,-0.2,0.0,0.118,0.282,0.6,0.6
208,3,0.282,0.459,0.8,0.341,0.318,0.341,0.6,0.659
209,3,0.482,0.8,1.0,0.682,0.518,0.4,0.6,0.718
210,,0.282,0.6,0.8,0.482,0.318,0.2,0.4,0.518
211,,0.082,0.4,0.6,0.282,0.118,0.0,0.2,0.318
212,,-0.118,0.2,0.4,0.082,-0.082,-0.2,0.0,0.118
213,6,-0.059,0.2,0.459,0.282,0.259,0.8,0.341,0.318
214,6,0.0,0.2,0.518,0.482,0.6,1.0,0.682,0.518
215,,-0.2,0.0,0.318,0.282,0.4,0.8,0.482,0.318
216,1,0.8,0.341,0.518,0.341,0.4,0.859,0.682,0.659
217,1,1.0,0.682,0.718,0.4,0.4,0.918,0.882,1.0
218,,0.8,0.482,0.518,0.2,0.2,0.718,0.682,0.8
219,,0.6,0.282,0.318,0.0,0.0,0.518,0.482,0.6
220,,0.4,0.082,0.118,-0.2,-0.2,0.318,0.282,0.4
221,4,0.459,0.282,0.459,0.8,0.141,0.518,0.341,0.4
222,4,0.518,0.482,0.8,1.0,0.482,0.718,0.4,0.4
223,,0.318,0.282,0.6,0.8,0.282,0.518,0.2,0.2
224,,0.118,0.082,0.4,0.6,0.082,0.318,0.0,0.0
225,,-0.082,-0.118,0.2,0.4,-0.118,0.118,-0.2,-0.2
226,7,0.118,-0.059,0.2,0.459,0.082,0.459,0.8,0.141
227,7,0.318,0.0,0.2,0.518,0.282,0.8,1.0,0.482
228,,0.118,-0.2,0.0,0.318,0.082,0.6,0.8,0.282
229,2,0.459,0.8,0.341,0.518,0.141,0.6,0.859,0.482
230,2,0.8,1.0,0.682,0.718,0.2,0.6,0.918,0.682
231,,0.6,0.8,0.482,0.518,0.0,0.4,0.718,0.482
232,,0.4,0.6,0.282,0.318,-0.2,0.2,0.518,0.282
233,5,0.4,0.659,0.482,0.659,0.8,0.541,0.718,0.341
234,5,0.4,0.718,0.682,1.0,1.0,0.882,0.918,0.4
235,,0.2,0.518,0.482,0.8,0.8,0.682,0.718,0.2
236,,0.0,0.318,0.282,0.6,0.6,0.482,0.518,0.0
237,,-0.2,0.118,0.082,0.4,0.4,0.282,0.318,-0.2
238,1,0.8,0.459,0.282,0.459,0.4,0.341,0.518,0.141
239,1,1.0,0.8,0.482,0.518,0.4,0.4,0.718,0.482
240,,0.8,0.6,0.282,0.318,0.2,0.2,0.518,0.282
241,,0.6,0.4,0.082,0.118,0.0,0.0,0.318,0.082
242,,0.4,0.2,-0.118,-0.082,-0.2,-0.2,0.118,-0.118
243,5,0.4,0.259,0.082,0.259,0.8,0.141,0.318,-0.059
244,5,0.4,0.318,0.282,0.6,1.0,0.482,0.518,0.0
245,,0.2,0.118,0.082,0.4,0.8,0.282,0.318,-0.2
246,8,0.541,0.318,0.141,0.4,0.859,0.482,0.659,0.8
247,8,0.882,0.518,0.2,0.4,0.918,0.682,1.0,1.0
248,,0.682,0.318,0.0,0.2,0.718,0.482,0.8,0.8
249,,0.482,0.118,-0.2,0.0,0.518,0.282,0.6,0.6
250,3,0.682,0.459,0.8,0.341,0.718,0.341,0.6,0.659
251,3,0.882,0.8,1.0,0.682,0.918,0.4,0.6,0.718
252,,0.682,0.6,0.8,0.482,0.718,0.2,0.4,0.518
253,,0.482,0.4,0.6,0.282,0.518,0.0,0.2,0.318
254,,0.282,0.2,0.4,0.082,0.318,-0.2,0.0,0.118
255,6,0.341,0.2,0.459,0.282,0.659,0.8,0.341,0.318
256,6,0.4,0.2,0.518,0.482,1.0,1.0,0.682,0.518
257,,0.2,0.0,0.318,0.282,0.8,0.8,0.482,0.318
258,,0.0,-0.2,0.118,0.082,0.6,0.6,0.282,0.118
259,2,0.341,0.8,0.459,0.282,0.659,0.6,0.341,0.318
260,2,0.682,1.0,0.8,0.482,0.718,0.6,0.4,0.518
261,,0.482,0.8,0.6,0.282,0.518,0.4,0.2,0.318
262,,0.282,0.6,0.4,0.082,0.318,0.2,0.0,0.118
263,,0.082,0.4,0.2,-0.118,0.118,0.0,-0.2,-0.082
264,7,0.282,0.459,0.2,-0.059,0.318,0.341,0.8,0.259
265,7,0.482,0.518,0.2,0.0,0.518,0.682,1.0,0.6
266,,0.282,0.318,0.0,-0.2,0.318,0.482,0.8,0.4
267,4,0.341,0.518,0.341,0.8,0.659,0.682,0.859,0.4
268,4,0.4,0.718,0.682,1.0,1.0,0.882,0.918,0.4
269,,0.2,0.518,0.482,0.8,0.8,0.682,0.718,0.2
270,,0.0,0.318,0.282,0.6,0.6,0.482,0.518,0.0
271,,-0.2,0.118,0.082,0.4,0.4,0.282,0.318,-0.2
272,1,0.8,0.459,0.282,0.459,0.4,0.341,0.518,0.141
273,1,1.0,0.8,0.482,0.518,0.4,0.4,0.718,0.482
274,,0.8,0.6,0.282,0.318,0.2,0.2,0.518,0.282
275,,0.6,0.4,0.082,0.118,0.0,0.0,0.318,0.082
276,,0.4,0.2,-0.118,-0.082,-0.2,-0.2,0.118,-0.118
277,5,0.4,0.259,0.082,0.259,0.8,0.141,0.318,-0.059
278,5,0.4,0.318,0.282,0.6,1.0,0.482,0.518,0.0
279,,0.2,0.118,0.082,0.4,0.8,0.282,0.318,-0.2
280,8,0.541,0.318,0.141,0.4,0.859,0.482,0.659,0.8
281,8,0.882,0.518,0.2,0.4,0.918,0.682,1.0,1.0
282,,0.682,0.318,0.0,0.2,0.718,0.482,0.8,0.8
283,,0.482,0.118,-0.2,0.0,0.518,0.282,0.6,0.6
284,3,0.682,0.459,0.8,0.341,0.718,0.341,0.6,0.659
285,3,0.882,0.8,1.0,0.682,0.918,0.4,0.6,0.718
286,,0.682,0.6,0.8,0.482,0.718,0.2,0.4,0.518
287,,0.482,0.4,0.6,0.282,0.518,0.0,0.2,0.318
288,,0.282,0.2,0.4,0.082,0.318,-0.2,0.0,0.118
289,6,0.341,0.2,0.459,0.282,0.659,0.8,0.341,0.318
290,6,0.4,0.2,0.518,0.482,1.0,1.0,0.682,0.518
291,,0.2,0.0,0.318,0.282,0.8,0.8,0.482,0.318
292,,0.0,-0.2,0.118,0.082,0.6,0.6,0.282,0.118
293,2,0.341,0.8,0.459,0.282,0.659,0.6,0.341,0.318
294,2,0.682,1.0,0.8,0.482,0.718,0.6,0.4,0.518
295,,0.482,0.8,0.6,0.282,0.518,0.4,0.2,0.318
296,,0.282,0.6,0.4,0.082,0.318,0.2,0.0,0.118
297,,0.082,0.4,0.2,-0.118,0.118,0.0,-0.2,-0.082
298,7,0.282,0.459,0.2,-0.059,0.318,0.341,0.8,0.259
299,7,0.482,0.518,0.2,0.0,0.518,0.682,1.0,0.6
300,,0.282,0.318,0.0,-0.2,0.318,0.482,0.8,0.4
301,4,0.341,0.518,0.341,0.8,0.659,0.682,0.859,0.4
302,4,0.4,0.718,0.682,1.0,1.0,0.882,0.918,0.4
303,,0.2,0.518,0.482,0.8,0.8,0.682,0.718,0.2
304,,0.0,0.318,0.282,0.6,0.6,0.482,0.518,0.0
305,,-0.2,0.118,0.082,0.4,0.4,0.282,0.318,-0.2
306,1,0.8,0.459,0.282,0.459,0.4,0.341,0.518,0.141
307,1,1.0,0.8,0.482,0.518,0.4,0.4,0.718,0.482
308,,0.8,0.6,0.282,0.318,0.2,0.2,0.518,0.282
309,,0.6,0.4,0.082,0.118,0.0,0.0,0.318,0.082
310,,0.4,0.2,-0.118,-0.082,-0.2,-0.2,0.118,-0.118
311,6,0.459,0.2,-0.059,0.118,0.141,0.8,0.459,0.082
312,6,0.518,0.2,0.0,0.318,0.482,1.0,0.8,0.282
313,,0.318,0.0,-0.2,0.118,0.282,0.8,0.6,0.082
314,3,0.518,0.341,0.8,0.459,0.482,0.859,0.6,0.141
315,3,0.718,0.682,1.0,0.8,0.682,0.918,0.6,0.2
316,,0.518,0.482,0.8,0.6,0.482,0.718,0.4,0.0
317,,0.318,0.282,0.6,0.4,0.282,0.518,0.2,-0.2
318,8,0.659,0.482,0.659,0.4,0.341,0.718,0.541,0.8
319,8,1.0,0.682,0.718,0.4,0.4,0.918,0.882,1.0
320,,0.8,0.482,0.518,0.2,0.2,0.718,0.682,0.8
321,,0.6,0.282,0.318,0.0,0.0,0.518,0.482,0.6
322,,0.4,0.082,0.118,-0.2,-0.2,0.318,0.282,0.4
323,4,0.459,0.282,0.459,0.8,0.141,0.518,0.341,0.4
324,4,0.518,0.482,0.8,1.0,0.482,0.718,0.4,0.4
325,,0.318,0.282,0.6,0.8,0.282,0.518,0.2,0.2
326,,0.118,0.082,0.4,0.6,0.082,0.318,0.0,0.0
327,,-0.082,-0.118,0.2,0.4,-0.118,0.118,-0.2,-0.2
328,8,0.259,0.082,0.259,0.4,-0.059,0.318,0.141,0.8
329,8,0.6,0.282,0.318,0.4,0.0,0.518,0.482,1.0
330,,0.4,0.082,0.118,0.2,-0.2,0.318,0.282,0.8
331,5,0.4,0.141,0.318,0.541,0.8,0.659,0.482,0.859
332,5,0.4,0.2,0.518,0.882,1.0,1.0,0.682,0.918
333,,0.2,0.0,0.318,0.682,0.8,0.8,0.482,0.718
334,,0.0,-0.2,0.118,0.482,0.6,0.6,0.282,0.518
335,2,0.341,0.8,0.459,0.682,0.659,0.6,0.341,0.718
336,2,0.682,1.0,0.8,0.882,0.718,0.6,0.4,0.918
337,,0.482,0.8,0.6,0.682,0.518,0.4,0.2,0.718
338,,0.282,0.6,0.4,0.482,0.318,0.2,0.0,0.518
339,,0.082,0.4,0.2,0.282,0.118,0.0,-0.2,0.318
340,7,0.282,0.459,0.2,0.341,0.318,0.341,0.8,0.659
341,7,0.482,0.518,0.2,0.4,0.518,0.682,1.0,1.0
342,,0.282,0.318,0.0,0.2,0.318,0.482,0.8,0.8
343,,0.082,0.118,-0.2,0.0,0.118,0.282,0.6,0.6
344,3,0.282,0.459,0.8,0.341,0.318,0.341,0.6,0.659
345,3,0.482,0.8,1.0,0.682,0.518,0.4,0.6,0.718
346,,0.282,0.6,0.8,0.482,0.318,0.2,0.4,0.518
347,,0.082,0.4,0.6,0.282,0.118,0.0,0.2,0.318
348,,-0.118,0.2,0.4,0.082,-0.082,-0.2,0.0,0.118
349,6,-0.059,0.2,0.459,0.282,0.259,0.8,0.341,0.318
350,6,0.0,0.2,0.518,0.482,0.6,1.0,0.682,0.518
351,,-0.2,0.0,0.318,0.282,0.4,0.8,0.482,0.318
352,1,0.8,0.341,0.518,0.341,0.4,0.859,0.682,0.659
353,1,1.0,0.682,0.718,0.4,0.4,0.918,0.882,1.0
354,,0.8,0.482,0.518,0.2,0.2,0.718,0.682,0.8
355,,0.6,0.282,0.318,0.0,0.0,0.518,0.482,0.6
356,,0.4,0.082,0.118,-0.2,-0.2,0.318,0.282,0.4
357,4,0.459,0.282,0.459,0.8,0.141,0.518,0.341,0.4
358,4,0.518,0.482,0.8,1.0,0.482,0.718,0.4,0.4
359,,0.318,0.282,0.6,0.8,0.282,0.518,0.2,0.2
360,,0.118,0.082,0.4,0.6,0.082,0.318,0.0,0.0
361,,-0.082,-0.118,0.2,0.4,-0.118,0.118,-0.2,-0.2
362,7,0.118,-0.059,0.2,0.459,0.082,0.459,0.8,0.141
363,7,0.318,0.0,0.2,0.518,0.282,0.8,1.0,0.482
364,,0.118,-0.2,0.0,0.318,0.082,0.6,0.8,0.282
365,2,0.459,0.8,0.341,0.518,0.141,0.6,0.859,0.482
366,2,0.8,1.0,0.682,0.718,0.2,0.6,0.918,0.682
367,,0.6,0.8,0.482,0.518,0.0,0.4,0.718,0.482
368,,0.4,0.6,0.282,0.318,-0.2,0.2,0.518,0.282
369,5,0.4,0.659,0.482,0.659,0.8,0.541,0.718,0.341
370,5,0.4,0.718,0.682,1.0,1.0,0.882,0.918,0.4
371,,0.2,0.518,0.482,0.8,0.8,0.682,0.718,0.2
372,,0.0,0.318,0.282,0.6,0.6,0.482,0.518,0.0
373,,-0.2,0.118,0.082,0.4,0.4,0.282,0.318,-0.2
374,1,0.8,0.459,0.282,0.459,0.4,0.341,0.518,0.141
375,1,1.0,0.8,0.482,0.518,0.4,0.4,0.718,0.482
376,,0.8,0.6,0.282,0.318,0.2,0.2,0.518,0.282
377,,0.6,0.4,0.082,0.118,0.0,0.0,0.318,0.082
378,,0.4,0.2,-0.118,-0.082,-0.2,-0.2,0.118,-0.118
379,6,0.459,0.2,-0.059,0.118,0.141,0.8,0.459,0.082
380,6,0.518,0.2,0.0,0.318,0.482,1.0,0.8,0.282
381,,0.318,0.0,-0.2,0.118,0.282,0.8,0.6,0.082
382,3,0.518,0.341,0.8,0.459,0.482,0.859,0.6,0.141
383,3,0.718,0.682,1.0,0.8,0.682,0.918,0.6,0.2
384,,0.518,0.482,0.8,0.6,0.482,0.718,0.4,0.0
385,,0.318,0.282,0.6,0.4,0.282,0.518,0.2,-0.2
386,8,0.659,0.482,0.659,0.4,0.341,0.718,0.541,0.8
387,8,1.0,0.682,0.718,0.4,0.4,0.918,0.882,1.0
388,,0.8,0.482,0.518,0.2,0.2,0.718,0.682,0.8
389,,0.6,0.282,0.318,0.0,0.0,0.518,0.482,0.6
390,,0.4,0.082,0.118,-0.2,-0.2,0.318,0.282,0.4
391,5,0.4,0.141,0.318,0.141,0.8,0.659,0.482,0.459
392,5,0.4,0.2,0.518,0.482,1.0,1.0,0.682,0.518
393,,0.2,0.0,0.318,0.282,0.8,0.8,0.482,0.318
394,,0.0,-0.2,0.118,0.082,0.6,0.6,0.282,0.118
395,2,0.341,0.8,0.459,0.282,0.659,0.6,0.341,0.318
396,2,0.682,1.0,0.8,0.482,0.718,0.6,0.4,0.518
397,,0.482,0.8,0.6,0.282,0.518,0.4,0.2,0.318
398,,0.282,0.6,0.4,0.082,0.318,0.2,0.0,0.118
399,,0.082,0.4,0.2,-0.118,0.118,0.0,-0.2,-0.082
400,7,0.282,0.459,0.2,-0.059,0.318,0.341,0.8,0.259
401,7,0.482,0.518,0.2,0.0,0.518,0.682,1.0,0.6
402,,0.282,0.318,0.0,-0.2,0.318,0.482,0.8,0.4
403,4,0.341,0.518,0.341,0.8,0.659,0.682,0.859,0.4
404,4,0.4,0.718,0.682,1.0,1.0,0.882,0.918,0.4
405,,0.2,0.518,0.482,0.8,0.8,0.682,0.718,0.2
406,,0.0,0.318,0.282,0.6,0.6,0.482,0.518,0.0
407,,-0.2,0.118,0.082,0.4,0.4,0.282,0.318,-0.2
408,8,0.141,0.318,0.141,0.4,0.459,0.482,0.659,0.8
409,8,0.482,0.518,0.2,0.4,0.518,0.682,1.0,1.0
410,,0.282,0.318,0.0,0.2,0.318,0.482,0.8,0.8
411,,0.082,0.118,-0.2,0.0,0.118,0.282,0.6,0.6
412,3,0.282,0.459,0.8,0.341,0.318,0.341,0.6,0.659
413,3,0.482,0.8,1.0,0.682,0.518,0.4,0.6,0.718
414,,0.282,0.6,0.8,0.482,0.318,0.2,0.4,0.518
415,,0.082,0.4,0.6,0.282,0.118,0.0,0.2,0.318
416,,-0.118,0.2,0.4,0.082,-0.082,-0.2,0.0,0.118
417,6,-0.059,0.2,0.459,0.282,0.259,0.8,0.341,0.318
418,6,0.0,0.2,0.518,0.482,0.6,1.0,0.682,0.518
419,,-0.2,0.0,0.318,0.282,0.4,0.8,0.482,0.318
420,1,0.8,0.341,0.518,0.341,0.4,0.859,0.682,0.659
421,1,1.0,0.682,0.718,0.4,0.4,0.918,0.882,1.0
422,,0.8,0.482,0.518,0.2,0.2,0.718,0.682,0.8
423,,0.6,0.282,0.318,0.0,0.0,0.518,0.482,0.6
424,,0.4,0.082,0.118,-0.2,-0.2,0.318,0.282,0.4
425,5,0.4,0.141,0.318,0.141,0.8,0.659,0.482,0.459
426,5,0.4,0.2,0.518,0.482,1.0,1.0,0.682,0.518
427,,0.2,0.0,0.318,0.282,0.8,0.8,0.482,0.318
428,,0.0,-0.2,0.118,0.082,0.6,0.6,0.282,0.118
429,2,0.341,0.8,0.459,0.282,0.659,0.6,0.341,0.318
430,2,0.682,1.0,0.8,0.482,0.718,0.6,0.4,0.518
431,,0.482,0.8,0.6,0.282,0.518,0.4,0.2,0.318
432,,0.282,0.6,0.4,0.082,0.318,0.2,0.0,0.118
433,,0.082,0.4,0.2,-0.118,0.118,0.0,-0.2,-0.082
434,7,0.282,0.459,0.2,-0.059,0.318,0.341,0.8,0.259
435,7,0.482,0.518,0.2,0.0,0.518,0.682,1.0,0.6
436,,0.282,0.318,0.0,-0.2,0.318,0.482,0.8,0.4
437,4,0.341,0.518,0.341,0.8,0.659,0.682,0.859,0.4
438,4,0.4,0.718,0.682,1.0,1.0,0.882,0.918,0.4
439,,0.2,0.518,0.482,0.8,0.8,0.682,0.718,0.2
440,,0.0,0.318,0.282,0.6,0.6,0.482,0.518,0.0
441,,-0.2,0.118,0.082,0.4,0.4,0.282,0.318,-0.2
442,1,0.8,0.459,0.282,0.459,0.4,0.341,0.518,0.141
443,1,1.0,0.8,0.482,0.518,0.4,0.4,0.718,0.482
444,,0.8,0.6,0.282,0.318,0.2,0.2,0.518,0.282
445,,0.6,0.4,0.082,0.118,0.0,0.0,0.318,0.082
446,,0.4,0.2,-0.118,-0.082,-0.2,-0.2,0.118,-0.118
447,6,0.459,0.2,-0.059,0.118,0.141,0.8,0.459,0.082
448,6,0.518,0.2,0.0,0.318,0.482,1.0,0.8,0.282
449,,0.318,0.0,-0.2,0.118,0.282,0.8,0.6,0.082
450,3,0.518,0.341,0.8,0.459,0.482,0.859,0.6,0.141
451,3,0.718,0.682,1.0,0.8,0.682,0.918,0.6,0.2
452,,0.518,0.482,0.8,0.6,0.482,0.718,0.4,0.0
453,,0.318,0.282,0.6,0.4,0.282,0.518,0.2,-0.2
454,8,0.659,0.482,0.659,0.4,0.341,0.718,0.541,0.8
455,8,1.0,0.682,0.718,0.4,0.4,0.918,0.882,1.0
456,,0.8,0.482,0.518,0.2,0.2,0.718,0.682,0.8
457,,0.6,0.282,0.318,0.0,0.0,0.518,0.482,0.6
458,,0.4,0.082,0.118,-0.2,-0.2,0.318,0.282,0.4
459,4,0.459,0.282,0.459,0.8,0.141,0.518,0.341,0.4
460,4,0.518,0.482,0.8,1.0,0.482,0.718,0.4,0.4
461,,0.318,0.282,0.6,0.8,0.282,0.518,0.2,0.2
462,,0.118,0.082,0.4,0.6,0.082,0.318,0.0,0.0
463,,-0.082,-0.118,0.2,0.4,-0.118,0.118,-0.2,-0.2
464,7,0.118,-0.059,0.2,0.459,0.082,0.459,0.8,0.141
465,7,0.318,0.0,0.2,0.518,0.282,0.8,1.0,0.482
466,,0.118,-0.2,0.0,0.318,0.082,0.6,0.8,0.282
467,2,0.459,0.8,0.341,0.518,0.141,0.6,0.859,0.482
468,2,0.8,1.0,0.682,0.718,0.2,0.6,0.918,0.682
469,,0.6,0.8,0.482,0.518,0.0,0.4,0.718,0.482
470,,0.4,0.6,0.282,0.318,-0.2,0.2,0.518,0.282
471,5,0.4,0.659,0.482,0.659,0.8,0.541,0.718,0.341
472,5,0.4,0.718,0.682,1.0,1.0,0.882,0.918,0.4
473,,0.2,0.518,0.482,0.8,0.8,0.682,0.718,0.2
474,,0.0,0.318,0.282,0.6,0.6,0.482,0.518,0.0
475,,-0.2,0.118,0.082,0.4,0.4,0.282,0.318,-0.2
476,8,0.141,0.318,0.141,0.4,0.459,0.482,0.659,0.8
477,8,0.482,0.518,0.2,0.4,0.518,0.682,1.0,1.0
478,,0.282,0.318,0.0,0.2,0.318,0.482,0.8,0.8
479,,0.082,0.118,-0.2,0.0,0.118,0.282,0.6,0.6
480,3,0.282,0.459,0.8,0.341,0.318,0.341,0.6,0.659
481,3,0.482,0.8,1.0,0.682,0.518,0.4,0.6,0.718
482,,0.282,0.6,0.8,0.482,0.318,0.2,0.4,0.518
483,,0.082,0.4,0.6,0.282,0.118,0.0,0.2,0.318
484,,-0.118,0.2,0.4,0.082,-0.082,-0.2,0.0,0.118
485,6,-0.059,0.2,0.459,0.282,0.259,0.8,0.341,0.318
486,6,0.0,0.2,0.518,0.482,0.6,1.0,0.682,0.518
487,,-0.2,0.0,0.318,0.282,0.4,0.8,0.482,0.318
488,1,0.8,0.341,0.518,0.341,0.4,0.859,0.682,0.659
489,1,1.0,0.682,0.718,0.4,0.4,0.918,0.882,1.0
490,,0.8,0.482,0.518,0.2,0.2,0.718,0.682,0.8
491,,0.6,0.282,0.318,0.0,0.0,0.518,0.482,0.6
492,,0.4,0.082,0.118,-0.2,-0.2,0.318,0.282,0.4
493,5,0.4,0.141,0.318,0.141,0.8,0.659,0.482,0.459
494,5,0.4,0.2,0.518,0.482,1.0,1.0,0.682,0.518
495,,0.2,0.0,0.318,0.282,0.8,0.8,0.482,0.318
496,,0.0,-0.2,0.118,0.082,0.6,0.6,0.282,0.118
497,2,0.341,0.8,0.459,0.282,0.659,0.6,0.341,0.318
498,2,0.682,1.0,0.8,0.482,0.718,0.6,0.4,0.518
499,,0.482,0.8,0.6,0.282,0.518,0.4,0.2,0.318
500,,0.282,0.6,0.4,0.082,0.318,0.2,0.0,0.118
501,,0.082,0.4,0.2,-0.118,0.118,0.0,-0.2,-0.082
502,7,0.282,0.459,0.2,-0.059,0.318,0.341,0.8,0.259
503,7,0.482,0.518,0.2,0.0,0.518,0.682,1.0,0.6
504,,0.282,0.318,0.0,-0.2,0.318,0.482,0.8,0.4
505,4,0.341,0.518,0.341,0.8,0.659,0.682,0.859,0.4
506,4,0.4,0.718,0.682,1.0,1.0,0.882,0.918,0.4
507,,0.2,0.518,0.482,0.8,0.8,0.682,0.718,0.2
508,,0.0,0.318,0.282,0.6,0.6,0.482,0.518,0.0
509,,-0.2,0.118,0.082,0.4,0.4,0.282,0.318,-0.2
510,8,0.141,0.318,0.141,0.4,0.459,0.482,0.659,0.8
511,8,0.482,0.518,0.2,0.4,0.518,0.682,1.0,1.0
512,,0.282,0.318,0.0,0.2,0.318,0.482,0.8,0.8
513,,0.082,0.118,-0.2,0.0,0.118,0.282,0.6,0.6
514,3,0.282,0.459,0.8,0.341,0.318,0.341,0.6,0.659
515,3,0.482,0.8,1.0,0.682,0.518,0.4,0.6,0.718
516,,0.282,0.6,0.8,0.482,0.318,0.2,0.4,0.518
517,,0.082,0.4,0.6,0.282,0.118,0.0,0.2,0.318
518,,-0.118,0.2,0.4,0.082,-0.082,-0.2,0.0,0.118
519,6,-0.059,0.2,0.459,0.282,0.259,0.8,0.341,0.318
520,6,0.0,0.2,0.518,0.482,0.6,1.0,0.682,0.518
521,,-0.2,0.0,0.318,0.282,0.4,0.8,0.482,0.318
522,1,0.8,0.341,0.518,0.341,0.4,0.859,0.682,0.659
523,1,1.0,0.682,0.718,0.4,0.4,0.918,0.882,1.0
524,,0.8,0.482,0.518,0.2,0.2,0.718,0.682,0.8
525,,0.6,0.282,0.318,0.0,0.0,0.518,0.482,0.6
526,,0.4,0.082,0.118,-0.2,-0.2,0.318,0.282,0.4
527,5,0.4,0.141,0.318,0.141,0.8,0.659,0.482,0.459
528,5,0.4,0.2,0.518,0.482,1.0,1.0,0.682,0.518
529,,0.2,0.0,0.318,0.282,0.8,0.8,0.482,0.318
530,,0.0,-0.2,0.118,0.082,0.6,0.6,0.282,0.118
531,2,0.341,0.8,0.459,0.282,0.659,0.6,0.341,0.318
532,2,0.682,1.0,0.8,0.482,0.718,0.6,0.4,0.518
533,,0.482,0.8,0.6,0.282,0.518,0.4,0.2,0.318
534,,0.282,0.6,0.4,0.082,0.318,0.2,0.0,0.118
535,,0.082,0.4,0.2,-0.118,0.118,0.0,-0.2,-0.082
536,7,0.282,0.459,0.2,-0.059,0.318,0.341,0.8,0.259
537,7,0.482,0.518,0.2,0.0,0.518,0.682,1.0,0.6
538,,0.282,0.318,0.0,-0.2,0.318,0.482,0.8,0.4
539,4,0.341,0.518,0.341,0.8,0.659,0.682,0.859,0.4
540,4,0.4,0.718,0.682,1.0,1.0,0.882,0.918,0.4
541,,0.2,0.518,0.482,0.8,0.8,0.682,0.718,0.2
542,,0.0,0.318,0.282,0.6,0.6,0.482,0.518,0.0
543,,-0.2,0.118,0.082,0.4,0.4,0.282,0.318,-0.2
544,8,0.141,0.318,0.141,0.4,0.459,0.482,0.659,0.8
545,8,0.482,0.518,0.2,0.4,0.518,0.682,1.0,1.0
546,,0.282,0.318,0.0,0.2,0.318,0.482,0.8,0.8
547,,0.082,0.118,-0.2,0.0,0.118,0.282,0.6,0.6
548,3,0.282,0.459,0.8,0.341,0.318,0.341,0.6,0.659
549,3,0.482,0.8,1.0,0.682,0.518,0.4,0.6,0.718
550,,0.282,0.6,0.8,0.482,0.318,0.2,0.4,0.518
551,,0.082,0.4,0.6,0.282,0.118,0.0,0.2,0.318
552,,-0.118,0.2,0.4,0.082,-0.082,-0.2,0.0,0.118
553,6,-0.059,0.2,0.459,0.282,0.259,0.8,0.341,0.318
554,6,0.0,0.2,0.518,0.482,0.6,1.0,0.682,0.518
555,,-0.2,0.0,0.318,0.282,0.4,0.8,0.482,0.318
556,1,0.8,0.341,0.518,0.341,0.4,0.859,0.682,0.659
557,1,1.0,0.682,0.718,0.4,0.4,0.918,0.882,1.0
558,,0.8,0.482,0.518,0.2,0.2,0.718,0.682,0.8
559,,0.6,0.282,0.318,0.0,0.0,0.518,0.482,0.6
560,,0.4,0.082,0.118,-0.2,-0.2,0.318,0.282,0.4
561,5,0.4,0.141,0.318,0.141,0.8,0.659,0.482,0.459
562,5,0.4,0.2,0.518,0.482,1.0,1.0,0.682,0.518
563,,0.2,0.0,0.318,0.282,0.8,0.8,0.482,0.318
564,,0.0,-0.2,0.118,0.082,0.6,0.6,0.282,0.118
565,2,0.341,0.8,0.459,0.282,0.659,0.6,0.341,0.318
566,2,0.682,1.0,0.8,0.482,0.718,0.6,0.4,0.518
567,,0.482,0.8,0.6,0.282,0.518,0.4,0.2,0.318
568,,0.282,0.6,0.4,0.082,0.318,0.2,0.0,0.118
569,,0.082,0.4,0.2,-0.118,0.118,0.0,-0.2,-0.082
570,7,0.282,0.459,0.2,-0.059,0.318,0.341,0.8,0.259
571,7,0.482,0.518,0.2,0.0,0.518,0.682,1.0,0.6
572,,0.282,0.318,0.0,-0.2,0.318,0.482,0.8,0.4
573,4,0.341,0.518,0.341,0.8,0.659,0.682,0.859,0.4
574,4,0.4,0.718,0.682,1.0,1.0,0.882,0.918,0.4
575,,0.2,0.518,0.482,0.8,0.8,0.682,0.718,0.2
576,,0.0,0.318,0.282,0.6,0.6,0.482,0.518,0.0
577,,-0.2,0.118,0.082,0.4,0.4,0.282,0.318,-0.2
578,8,0.141,0.318,0.141,0.4,0.459,0.482,0.659,0.8
579,8,0.482,0.518,0.2,0.4,0.518,0.682,1.0,1.0
580,,0.282,0.318,0.0,0.2,0.318,0.482,0.8,0.8
581,,0.082,0.118,-0.2,0.0,0.118,0.282,0.6,0.6
582,3,0.282,0.459,0.8,0.341,0.318,0.341,0.6,0.659
583,3,0.482,0.8,1.0,0.682,0.518,0.4,0.6,0.718
584,,0.282,0.6,0.8,0.482,0.318,0.2,0.4,0.518
585,,0.082,0.4,0.6,0.282,0.118,0.0,0.2,0.318
586,,-0.118,0.2,0.4,0.082,-0.082,-0.2,0.0,0.118
587,6,-0.059,0.2,0.459,0.282,0.259,0.8,0.341,0.318
588,6,0.0,0.2,0.518,0.482,0.6,1.0,0.682,0.518
589,,-0.2,0.0,0.318,0.282,0.4,0.8,0.482,0.318
590,1,0.8,0.341,0.518,0.341,0.4,0.859,0.682,0.659
591,1,1.0,0.682,0.718,0.4,0.4,0.918,0.882,1.0
592,,0.8,0.482,0.518,0.2,0.2,0.718,0.682,0.8
593,,0.6,0.282,0.318,0.0,0.0,0.518,0.482,0.6
594,,0.4,0.082,0.118,-0.2,-0.2,0.318,0.282,0.4
595,5,0.4,0.141,0.318,0.141,0.8,0.659,0.482,0.459
596,5,0.4,0.2,0.518,0.482,1.0,1.0,0.682,0.518
597,,0.2,0.0,0.318,0.282,0.8,0.8,0.482,0.318
598,,0.0,-0.2,0.118,0.082,0.6,0.6,0.282,0.118
599,2,0.341,0.8,0.459,0.282,0.659,0.6,0.341,0.318
600,2,0.682,1.0,0.8,0.482,0.718,0.6,0.4,0.518
601,,0.482,0.8,0.6,0.282,0.518,0.4,0.2,0.318
602,,0.282,0.6,0.4,0.082,0.318,0.2,0.0,0.118
603,,0.082,0.4,0.2,-0.118,0.118,0.0,-0.2,-0.082
604,7,0.282,0.459,0.2,-0.059,0.318,0.341,0.8,0.259
605,7,0.482,0.518,0.2,0.0,0.518,0.682,1.0,0.6
606,,0.282,0.318,0.0,-0.2,0.318,0.482,0.8,0.4
607,4,0.341,0.518,0.341,0.8,0.659,0.682,0.859,0.4
608,4,0.4,0.718,0.682,1.0,1.0,0.882,0.918,0.4
609,,0.2,0.518,0.482,0.8,0.8,0.682,0.718,0.2
610,,0.0,0.318,0.282,0.6,0.6,0.482,0.518,0.0
611,,-0.2,0.118,0.082,0.4,0.4,0.282,0.318,-0.2
612,1,0.8,0.459,0.282,0.459,0.4,0.341,0.518,0.141
613,1,1.0,0.8,0.482,0.518,0.4,0.4,0.718,0.482
614,,0.8,0.6,0.282,0.318,0.2,0.2,0.518,0.282
615,,0.6,0.4,0.082,0.118,0.0,0.0,0.318,0.082
616,,0.4,0.2,-0.118,-0.082,-0.2,-0.2,0.118,-0.118
617,6,0.459,0.2,-0.059,0.118,0.141,0.8,0.459,0.082
618,6,0.518,0.2,0.0,0.318,0.482,1.0,0.8,0.282
619,,0.318,0.0,-0.2,0.118,0.282,0.8,0.6,0.082
620,3,0.518,0.341,0.8,0.459,0.482,0.859,0.6,0.141
621,3,0.718,0.682,1.0,0.8,0.682,0.918,0.6,0.2
622,,0.518,0.482,0.8,0.6,0.482,0.718,0.4,0.0
623,,0.318,0.282,0.6,0.4,0.282,0.518,0.2,-0.2
624,8,0.659,0.482,0.659,0.4,0.341,0.718,0.541,0.8
625,8,1.0,0.682,0.718,0.4,0.4,0.918,0.882,1.0
626,,0.8,0.482,0.518,0.2,0.2,0.718,0.682,0.8
627,,0.6,0.282,0.318,0.0,0.0,0.518,0.482,0.6
628,,0.4,0.082,0.118,-0.2,-0.2,0.318,0.282,0.4
629,5,0.4,0.141,0.318,0.141,0.8,0.659,0.482,0.459
630,5,0.4,0.2,0.518,0.482,1.0,1.0,0.682,0.518
631,,0.2,0.0,0.318,0.282,0.8,0.8,0.482,0.318
632,,0.0,-0.2,0.118,0.082,0.6,0.6,0.282,0.118
633,2,0.341,0.8,0.459,0.282,0.659,0.6,0.341,0.318
634,2,0.682,1.0,0.8,0.482,0.718,0.6,0.4,0.518
635,,0.482,0.8,0.6,0.282,0.518,0.4,0.2,0.318
636,,0.282,0.6,0.4,0.082,0.318,0.2,0.0,0.118
637,,0.082,0.4,0.2,-0.118,0.118,0.0,-0.2,-0.082
638,7,0.282,0.459,0.2,-0.059,0.318,0.341,0.8,0.259
639,7,0.482,0.518,0.2,0.0,0.518,0.682,1.0,0.6
640,,0.282,0.318,0.0,-0.2,0.318,0.482,0.8,0.4
641,4,0.341,0.518,0.341,0.8,0.659,0.682,0.859,0.4
642,4,0.4,0.718,0.682,1.0,1.0,0.882,0.918,0.4
643,,0.2,0.518,0.482,0.8,0.8,0.682,0.718,0.2
644,,0.0,0.318,0.282,0.6,0.6,0.482,0.518,0.0
645,,-0.2,0.118,0.082,0.4,0.4,0.282,0.318,-0.2
646,1,0.8,0.459,0.282,0.459,0.4,0.341,0.518,0.141
647,1,1.0,0.8,0.482,0.518,0.4,0.4,0.718,0.482
648,,0.8,0.6,0.282,0.318,0.2,0.2,0.518,0.282
649,,0.6,0.4,0.082,0.118,0.0,0.0,0.318,0.082
650,,0.4,0.2,-0.118,-0.082,-0.2,-0.2,0.118,-0.118
651,6,0.459,0.2,-0.059,0.118,0.141,0.8,0.459,0.082
652,6,0.518,0.2,0.0,0.318,0.482,1.0,0.8,0.282
653,,0.318,0.0,-0.2,0.118,0.282,0.8,0.6,0.082
654,3,0.518,0.341,0.8,0.459,0.482,0.859,0.6,0.141
655,3,0.718,0.682,1.0,0.8,0.682,0.918,0.6,0.2
656,,0.518,0.482,0.8,0.6,0.482,0.718,0.4,0.0
657,,0.318,0.282,0.6,0.4,0.282,0.518,0.2,-0.2
658,8,0.659,0.482,0.659,0.4,0.341,0.718,0.541,0.8
659,8,1.0,0.682,0.718,0.4,0.4,0.918,0.882,1.0
660,,0.8,0.482,0.518,0.2,0.2,0.718,0.682,0.8
661,,0.6,0.282,0.318,0.0,0.0,0.518,0.482,0.6
662,,0.4,0.082,0.118,-0.2,-0.2,0.318,0.282,0.4
663,4,0.459,0.282,0.459,0.8,0.141,0.518,0.341,0.4
664,4,0.518,0.482,0.8,1.0,0.482,0.718,0.4,0.4
665,,0.318,0.282,0.6,0.8,0.282,0.518,0.2,0.2
666,,0.118,0.082,0.4,0.6,0.082,0.318,0.0,0.0
667,,-0.082,-0.118,0.2,0.4,-0.118,0.118,-0.2,-0.2
668,7,0.118,-0.059,0.2,0.459,0.082,0.459,0.8,0.141
669,7,0.318,0.0,0.2,0.518,0.282,0.8,1.0,0.482
670,,0.118,-0.2,0.0,0.318,0.082,0.6,0.8,0.282
671,2,0.459,0.8,0.341,0.518,0.141,0.6,0.859,0.482
672,2,0.8,1.0,0.682,0.718,0.2,0.6,0.918,0.682
673,,0.6,0.8,0.482,0.518,0.0,0.4,0.718,0.482
674,,0.4,0.6,0.282,0.318,-0.2,0.2,0.518,0.282
675,5,0.4,0.659,0.482,0.659,0.8,0.541,0.718,0.341
676,5,0.4,0.718,0.682,1.0,1.0,0.882,0.918,0.4
677,,0.2,0.518,0.482,0.8,0.8,0.682,0.718,0.2
678,,0.0,0.318,0.282,0.6,0.6,0.482,0.518,0.0
679,,-0.2,0.118,0.082,0.4,0.4,0.282,0.318,-0.2
680,8,0.141,0.318,0.141,0.4,0.459,0.482,0.659,0.8
681,8,0.482,0.518,0.2,0.4,0.518,0.682,1.0,1.0
682,,0.282,0.318,0.0,0.2,0.318,0.482,0.8,0.8
683,,0.082,0.118,-0.2,0.0,0.118,0.282,0.6,0.6
684,3,0.282,0.459,0.8,0.341,0.318,0.341,0.6,0.659
685,3,0.482,0.8,1.0,0.682,0.518,0.4,0.6,0.718
686,,0.282,0.6,0.8,0.482,0.318,0.2,0.4,0.518
687,,0.082,0.4,0.6,0.282,0.118,0.0,0.2,0.318
688,,-0.118,0.2,0.4,0.082,-0.082,-0.2,0.0,0.118
689,6,-0.059,0.2,0.459,0.282,0.259,0.8,0.341,0.318
690,6,0.0,0.2,0.518,0.482,0.6,1.0,0.682,0.518
691,,-0.2,0.0,0.318,0.282,0.4,0.8,0.482,0.318
692,1,0.8,0.341,0.518,0.341,0.4,0.859,0.682,0.659
693,1,1.0,0.682,0.718,0.4,0.4,0.918,0.882,1.0
694,,0.8,0.482,0.518,0.2,0.2,0.718,0.682,0.8
695,,0.6,0.282,0.318,0.0,0.0,0.518,0.482,0.6
696,,0.4,0.082,0.118,-0.2,-0.2,0.318,0.282,0.4
697,4,0.459,0.282,0.459,0.8,0.141,0.518,0.341,0.4
698,4,0.518,0.482,0.8,1.0,0.482,0.718,0.4,0.4
699,,0.318,0.282,0.6,0.8,0.282,0.518,0.2,0.2
700,,0.118,0.082,0.4,0.6,0.082,0.318,0.0,0.0
701,,-0.082,-0.118,0.2,0.4,-0.118,0.118,-0.2,-0.2
702,7,0.118,-0.059,0.2,0.459,0.082,0.459,0.8,0.141
703,7,0.318,0.0,0.2,0.518,0.282,0.8,1.0,0.482
704,,0.118,-0.2,0.0,0.318,0.082,0.6,0.8,0.282
705,2,0.459,0.8,0.341,0.518,0.141,0.6,0.859,0.482
706,2,0.8,1.0,0.682,0.718,0.2,0.6,0.918,0.682
707,,0.6,0.8,0.482,0.518,0.0,0.4,0.718,0.482
708,,0.4,0.6,0.282,0.318,-0.2,0.2,0.518,0.282
709,5,0.4,0.659,0.482,0.659,0.8,0.541,0.718,0.341
710,5,0.4,0.718,0.682,1.0,1.0,0.882,0.918,0.4
711,,0.2,0.518,0.482,0.8,0.8,0.682,0.718,0.2
712,,0.0,0.318,0.282,0.6,0.6,0.482,0.518,0.0
713,,-0.2,0.118,0.082,0.4,0.4,0.282,0.318,-0.2
714,1,0.8,0.459,0.282,0.459,0.4,0.341,0.518,0.141
715,1,1.0,0.8,0.482,0.518,0.4,0.4,0.718,0.482
716,,0.8,0.6,0.282,0.318,0.2,0.2,0.518,0.282
717,,0.6,0.4,0.082,0.118,0.0,0.0,0.318,0.082
718,,0.4,0.2,-0.118,-0.082,-0.2,-0.2,0.118,-0.118
719,5,0.4,0.259,0.082,0.259,0.8,0.141,0.318,-0.059
720,5,0.4,0.318,0.282,0.6,1.0,0.482,0.518,0.0
721,,0.2,0.118,0.082,0.4,0.8,0.282,0.318,-0.2
722,8,0.541,0.318,0.141,0.4,0.859,0.482,0.659,0.8
723,8,0.882,0.518,0.2,0.4,0.918,0.682,1.0,1.0
724,,0.682,0.318,0.0,0.2,0.718,0.482,0.8,0.8
725,,0.482,0.118,-0.2,0.0,0.518,0.282,0.6,0.6
726,3,0.682,0.459,0.8,0.341,0.718,0.341,0.6,0.659
727,3,0.882,0.8,1.0,0.682,0.918,0.4,0.6,0.718
728,,0.682,0.6,0.8,0.482,0.718,0.2,0.4,0.518
729,,0.482,0.4,0.6,0.282,0.518,0.0,0.2,0.318
730,,0.282,0.2,0.4,0.082,0.318,-0.2,0.0,0.118
731,6,0.341,0.2,0.459,0.282,0.659,0.8,0.341,0.318
732,6,0.4,0.2,0.518,0.482,1.0,1.0,0.682,0.518
733,,0.2,0.0,0.318,0.282,0.8,0.8,0.482,0.318
734,,0.0,-0.2,0.118,0.082,0.6,0.6,0.282,0.118
735,2,0.341,0.8,0.459,0.282,0.659,0.6,0.341,0.318
736,2,0.682,1.0,0.8,0.482,0.718,0.6,0.4,0.518
737,,0.482,0.8,0.6,0.282,0.518,0.4,0.2,0.318
738,,0.282,0.6,0.4,0.082,0.318,0.2,0.0,0.118
739,,0.082,0.4,0.2,-0.118,0.118,0.0,-0.2,-0.082
740,7,0.282,0.459,0.2,-0.059,0.318,0.341,0.8,0.259
741,7,0.482,0.518,0.2,0.0,0.518,0.682,1.0,0.6
742,,0.282,0.318,0.0,-0.2,0.318,0.482,0.8,0.4
743,4,0.341,0.518,0.341,0.8,0.659,0.682,0.859,0.4
744,4,0.4,0.718,0.682,1.0,1.0,0.882,0.918,0.4
745,,0.2,0.518,0.482,0.8,0.8,0.682,0.718,0.2
746,,0.0,0.318,0.282,0.6,0.6,0.482,0.518,0.0
747,,-0.2,0.118,0.082,0.4,0.4,0.282,0.318,-0.2
748,8,0.141,0.318,0.141,0.4,0.459,0.482,0.659,0.8
749,8,0.482,0.518,0.2,0.4,0.518,0.682,1.0,1.0
750,,0.282,0.318,0.0,0.2,0.318,0.482,0.8,0.8
751,,0.082,0.118,-0.2,0.0,0.118,0.282,0.6,0.6
752,3,0.282,0.459,0.8,0.341,0.318,0.341,0.6,0.659
753,3,0.482,0.8,1.0,0.682,0.518,0.4,0.6,0.718
754,,0.282,0.6,0.8,0.482,0.318,0.2,0.4,0.518
755,,0.082,0.4,0.6,0.282,0.118,0.0,0.2,0.318
756,,-0.118,0.2,0.4,0.082,-0.082,-0.2,0.0,0.118
757,6,-0.059,0.2,0.459,0.282,0.259,0.8,0.341,0.318
758,6,0.0,0.2,0.518,0.482,0.6,1.0,0.682,0.518
759,,-0.2,0.0,0.318,0.282,0.4,0.8,0.482,0.318
760,1,0.8,0.341,0.518,0.341,0.4,0.859,0.682,0.659
761,1,1.0,0.682,0.718,0.4,0.4,0.918,0.882,1.0
762,,0.8,0.482,0.518,0.2,0.2,0.718,0.682,0.8
763,,0.6,0.282,0.318,0.0,0.0,0.518,0.482,0.6
764,,0.4,0.082,0.118,-0.2,-0.2,0.318,0.282,0.4
765,4,0.459,0.282,0.459,0.8,0.141,0.518,0.341,0.4
766,4,0.518,0.482,0.8,1.0,0.482,0.718,0.4,0.4
767,,0.318,0.282,0.6,0.8,0.282,0.518,0.2,0.2
768,,0.118,0.082,0.4,0.6,0.082,0.318,0.0,0.0
769,,-0.082,-0.118,0.2,0.4,-0.118,0.118,-0.2,-0.2
770,8,0.259,0.082,0.259,0.4,-0.059,0.318,0.141,0.8
771,8,0.6,0.282,0.318,0.4,0.0,0.518,0.482,1.0
772,,0.4,0.082,0.118,0.2,-0.2,0.318,0.282,0.8
773,5,0.4,0.141,0.318,0.541,0.8,0.659,0.482,0.859
774,5,0.4,0.2,0.518,0.882,1.0,1.0,0.682,0.918
775,,0.2,0.0,0.318,0.682,0.8,0.8,0.482,0.718
776,,0.0,-0.2,0.118,0.482,0.6,0.6,0.282,0.518
777,2,0.341,0.8,0.459,0.682,0.659,0.6,0.341,0.718
778,2,0.682,1.0,0.8,0.882,0.718,0.6,0.4,0.918
779,,0.482,0.8,0.6,0.682,0.518,0.4,0.2,0.718
780,,0.282,0.6,0.4,0.482,0.318,0.2,0.0,0.518
781,,0.082,0.4,0.2,0.282,0.118,0.0,-0.2,0.318
782,7,0.282,0.459,0.2,0.341,0.318,0.341,0.8,0.659
783,7,0.482,0.518,0.2,0.4,0.518,0.682,1.0,1.0
784,,0.282,0.318,0.0,0.2,0.318,0.482,0.8,0.8
785,,0.082,0.118,-0.2,0.0,0.118,0.282,0.6,0.6
786,3,0.282,0.459,0.8,0.341,0.318,0.341,0.6,0.659
787,3,0.482,0.8,1.0,0.682,0.518,0.4,0.6,0.718
788,,0.282,0.6,0.8,0.482,0.318,0.2,0.4,0.518
789,,0.082,0.4,0.6,0.282,0.118,0.0,0.2,0.318
790,,-0.118,0.2,0.4,0.082,-0.082,-0.2,0.0,0.118
791,6,-0.059,0.2,0.459,0.282,0.259,0.8,0.341,0.318
792,6,0.0,0.2,0.518,0.482,0.6,1.0,0.682,0.518
793,,-0.2,0.0,0.318,0.282,0.4,0.8,0.482,0.318
794,1,0.8,0.341,0.518,0.341,0.4,0.859,0.682,0.659
795,1,1.0,0.682,0.718,0.4,0.4,0.918,0.882,1.0
796,,0.8,0.482,0.518,0.2,0.2,0.718,0.682,0.8
797,,0.6,0.282,0.318,0.0,0.0,0.518,0.482,0.6
798,,0.4,0.082,0.118,-0.2,-0.2,0.318,0.282,0.4
799,4,0.459,0.282,0.459,0.8,0.141,0.518,0.341,0.4
800,4,0.518,0.482,0.8,1.0,0.482,0.718,0.4,0.4
801,,0.318,0.282,0.6,0.8,0.282,0.518,0.2,0.2
802,,0.118,0.082,0.4,0.6,0.082,0.318,0.0,0.0
803,,-0.082,-0.118,0.2,0.4,-0.118,0.118,-0.2,-0.2
804,7,0.118,-0.059,0.2,0.459,0.082,0.459,0.8,0.141
805,7,0.318,0.0,0.2,0.518,0.282,0.8,1.0,0.482
806,,0.118,-0.2,0.0,0.318,0.082,0.6,0.8,0.282
807,2,0.459,0.8,0.341,0.518,0.141,0.6,0.859,0.482
808,2,0.8,1.0,0.682,0.718,0.2,0.6,0.918,0.682
809,,0.6,0.8,0.482,0.518,0.0,0.4,0.718,0.482
810,,0.4,0.6,0.282,0.318,-0.2,0.2,0.518,0.282
811,5,0.4,0.659,0.482,0.659,0.8,0.541,0.718,0.341
812,5,0.4,0.718,0.682,1.0,1.0,0.882,0.918,0.4
813,,0.2,0.518,0.482,0.8,0.8,0.682,0.718,0.2
814,,0.0,0.318,0.282,0.6,0.6,0.482,0.518,0.0
815,,-0.2,0.118,0.082,0.4,0.4,0.282,0.318,-0.2
816,1,0.8,0.459,0.282,0.459,0.4,0.341,0.518,0.141
817,1,1.0,0.8,0.482,0.518,0.4,0.4,0.718,0.482
818,,0.8,0.6,0.282,0.318,0.2,0.2,0.518,0.282
819,,0.6,0.4,0.082,0.118,0.0,0.0,0.318,0.082
820,,0.4,0.2,-0.118,-0.082,-0.2,-0.2,0.118,-0.118
821,5,0.4,0.259,0.082,0.259,0.8,0.141,0.318,-0.059
822,5,0.4,0.318,0.282,0.6,1.0,0.482,0.518,0.0
823,,0.2,0.118,0.082,0.4,0.8,0.282,0.318,-0.2
824,8,0.541,0.318,0.141,0.4,0.859,0.482,0.659,0.8
825,8,0.882,0.518,0.2,0.4,0.918,0.682,1.0,1.0
826,,0.682,0.318,0.0,0.2,0.718,0.482,0.8,0.8
827,,0.482,0.118,-0.2,0.0,0.518,0.282,0.6,0.6
828,3,0.682,0.459,0.8,0.341,0.718,0.341,0.6,0.659
829,3,0.882,0.8,1.0,0.682,0.918,0.4,0.6,0.718
830,,0.682,0.6,0.8,0.482,0.718,0.2,0.4,0.518
831,,0.482,0.4,0.6,0.282,0.518,0.0,0.2,0.318
832,,0.282,0.2,0.4,0.082,0.318,-0.2,0.0,0.118
833,6,0.341,0.2,0.459,0.282,0.659,0.8,0.341,0.318
834,6,0.4,0.2,0.518,0.482,1.0,1.0,0.682,0.518
835,,0.2,0.0,0.318,0.282,0.8,0.8,0.482,0.318
836,,0.0,-0.2,0.118,0.082,0.6,0.6,0.282,0.118
837,2,0.341,0.8,0.459,0.282,0.659,0.6,0.341,0.318
838,2,0.682,1.0,0.8,0.482,0.718,0.6,0.4,0.518
839,,0.482,0.8,0.6,0.282,0.518,0.4,0.2,0.318
840,,0.282,0.6,0.4,0.082,0.318,0.2,0.0,0.118
841,,0.082,0.4,0.2,-0.118,0.118,0.0,-0.2,-0.082
842,7,0.282,0.459,0.2,-0.059,0.318,0.341,0.8,0.259
843,7,0.482,0.518,0.2,0.0,0.518,0.682,1.0,0.6
844,,0.282,0.318,0.0,-0.2,0.318,0.482,0.8,0.4
845,4,0.341,0.518,0.341,0.8,0.659,0.682,0.859,0.4
846,4,0.4,0.718,0.682,1.0,1.0,0.882,0.918,0.4
847,,0.2,0.518,0.482,0.8,0.8,0.682,0.718,0.2
848,,0.0,0.318,0.282,0.6,0.6,0.482,0.518,0.0
849,,-0.2,0.118,0.082,0.4,0.4,0.282,0.318,-0.2
850,8,0.141,0.318,0.141,0.4,0.459,0.482,0.659,0.8
851,8,0.482,0.518,0.2,0.4,0.518,0.682,1.0,1.0
852,,0.282,0.318,0.0,0.2,0.318,0.482,0.8,0.8
