step,active_motive,motive_1,motive_2,motive_3,motive_4,motive_5,motive_6,motive_7,motive_8
0,,0.43934,0.20172,0.89576,0.47537,0.56328,0.69552,0.13933,0.60442
1,,0.28934,0.05172,0.74576,0.32537,0.41328,0.54552,-0.01067,0.45442
2,7,0.53934,0.23072,0.89576,0.50437,0.66328,0.86652,0.98933,0.77542
3,7,0.78934,0.40972,1.0,0.68337,0.91328,1.0,1.0,1.0
4,,0.63934,0.25972,0.85,0.53337,0.76328,0.85,0.85,0.85
5,,0.48934,0.10972,0.7,0.38337,0.61328,0.7,0.7,0.7
6,,0.33934,-0.04028,0.55,0.23337,0.46328,0.55,0.55,0.55
7,2,0.66034,0.95972,0.871,0.48337,0.64228,0.7,0.729,0.8
8,2,0.98134,1.0,1.0,0.73337,0.82128,0.85,0.908,1.0
9,,0.83134,0.85,0.85,0.58337,0.67128,0.7,0.758,0.85
10,,0.68134,0.7,0.7,0.43337,0.52128,0.55,0.608,0.7
11,,0.53134,0.55,0.55,0.28337,0.37128,0.4,0.458,0.55
12,,0.38134,0.4,0.4,0.13337,0.22128,0.25,0.308,0.4
13,,0.23134,0.25,0.25,-0.01663,0.07128,0.1,0.158,0.25
14,4,0.41034,0.5,0.571,0.98337,0.39228,0.35,0.337,0.4
15,4,0.58934,0.75,0.892,1.0,0.71328,0.6,0.516,0.55
16,,0.43934,0.6,0.742,0.85,0.56328,0.45,0.366,0.4
17,,0.28934,0.45,0.592,0.7,0.41328,0.3,0.216,0.25
18,,0.13934,0.3,0.442,0.55,0.26328,0.15,0.066,0.1
19,,-0.01066,0.15,0.292,0.4,0.11328,0.0,-0.084,-0.05
20,7,0.23934,0.329,0.442,0.579,0.36328,0.321,0.916,0.271
21,7,0.48934,0.508,0.592,0.758,0.61328,0.642,1.0,0.592
22,,0.33934,0.358,0.442,0.608,0.46328,0.492,0.85,0.442
23,,0.18934,0.208,0.292,0.458,0.31328,0.342,0.7,0.292
24,,0.03934,0.058,0.142,0.308,0.16328,0.192,0.55,0.142
25,,-0.11066,-0.092,-0.008,0.158,0.01328,0.042,0.4,-0.008
26,1,0.88934,0.229,0.242,0.337,0.16328,0.221,0.65,0.313
27,1,1.0,0.55,0.492,0.516,0.31328,0.4,0.9,0.634
28,,0.85,0.4,0.342,0.366,0.16328,0.25,0.75,0.484
29,,0.7,0.25,0.192,0.216,0.01328,0.1,0.6,0.334
30,,0.55,0.1,0.042,0.066,-0.13672,-0.05,0.45,0.184
31,5,0.7,0.279,0.292,0.387,0.86328,0.271,0.7,0.363
32,5,0.85,0.458,0.542,0.708,1.0,0.592,0.95,0.542
33,,0.7,0.308,0.392,0.558,0.85,0.442,0.8,0.392
34,,0.55,0.158,0.242,0.408,0.7,0.292,0.65,0.242
35,,0.4,0.008,0.092,0.258,0.55,0.142,0.5,0.092
36,,0.25,-0.142,-0.058,0.108,0.4,-0.008,0.35,-0.058
37,2,0.571,0.858,0.263,0.358,0.579,0.142,0.529,0.192
38,2,0.892,1.0,0.584,0.608,0.758,0.292,0.708,0.442
39,,0.742,0.85,0.434,0.458,0.608,0.142,0.558,0.292
40,,0.592,0.7,0.284,0.308,0.458,-0.008,0.408,0.142
41,6,0.771,0.85,0.463,0.558,0.779,0.992,0.729,0.392
42,6,0.95,1.0,0.642,0.808,1.0,1.0,1.0,0.642
43,,0.8,0.85,0.492,0.658,0.85,0.85,0.85,0.492
44,,0.65,0.7,0.342,0.508,0.7,0.7,0.7,0.342
45,,0.5,0.55,0.192,0.358,0.55,0.55,0.55,0.192
46,,0.35,0.4,0.042,0.208,0.4,0.4,0.4,0.042
47,,0.2,0.25,-0.108,0.058,0.25,0.25,0.25,-0.108
48,3,0.45,0.571,0.892,0.379,0.5,0.429,0.4,0.071
49,3,0.7,0.892,1.0,0.7,0.75,0.608,0.55,0.25
50,,0.55,0.742,0.85,0.55,0.6,0.458,0.4,0.1
51,,0.4,0.592,0.7,0.4,0.45,0.308,0.25,-0.05
52,8,0.721,0.842,0.879,0.55,0.629,0.558,0.571,0.95
53,8,1.0,1.0,1.0,0.7,0.808,0.808,0.892,1.0
54,,0.85,0.85,0.85,0.55,0.658,0.658,0.742,0.85
55,,0.7,0.7,0.7,0.4,0.508,0.508,0.592,0.7
56,,0.55,0.55,0.55,0.25,0.358,0.358,0.442,0.55
57,,0.4,0.4,0.4,0.1,0.208,0.208,0.292,0.4
58,,0.25,0.25,0.25,-0.05,0.058,0.058,0.142,0.25
59,4,0.429,0.5,0.571,0.95,0.379,0.308,0.321,0.4
60,4,0.608,0.75,0.892,1.0,0.7,0.558,0.5,0.55
61,,0.458,0.6,0.742,0.85,0.55,0.408,0.35,0.4
62,,0.308,0.45,0.592,0.7,0.4,0.258,0.2,0.25
63,,0.158,0.3,0.442,0.55,0.25,0.108,0.05,0.1
64,,0.008,0.15,0.292,0.4,0.1,-0.042,-0.1,-0.05
65,7,0.258,0.329,0.442,0.579,0.35,0.279,0.9,0.271
66,7,0.508,0.508,0.592,0.758,0.6,0.6,1.0,0.592
67,,0.358,0.358,0.442,0.608,0.45,0.45,0.85,0.442
68,,0.208,0.208,0.292,0.458,0.3,0.3,0.7,0.292
69,,0.058,0.058,0.142,0.308,0.15,0.15,0.55,0.142
70,,-0.092,-0.092,-0.008,0.158,0.0,0.0,0.4,-0.008
71,1,0.908,0.229,0.242,0.337,0.15,0.179,0.65,0.313
72,1,1.0,0.55,0.492,0.516,0.3,0.358,0.9,0.634
73,,0.85,0.4,0.342,0.366,0.15,0.208,0.75,0.484
74,,0.7,0.25,0.192,0.216,0.0,0.058,0.6,0.334
75,,0.55,0.1,0.042,0.066,-0.15,-0.092,0.45,0.184
76,5,0.7,0.279,0.292,0.387,0.85,0.229,0.7,0.363
77,5,0.85,0.458,0.542,0.708,1.0,0.55,0.95,0.542
78,,0.7,0.308,0.392,0.558,0.85,0.4,0.8,0.392
79,,0.55,0.158,0.242,0.408,0.7,0.25,0.65,0.242
80,,0.4,0.008,0.092,0.258,0.55,0.1,0.5,0.092
81,,0.25,-0.142,-0.058,0.108,0.4,-0.05,0.35,-0.058
82,2,0.571,0.858,0.263,0.358,0.579,0.1,0.529,0.192
83,2,0.892,1.0,0.584,0.608,0.758,0.25,0.708,0.442
84,,0.742,0.85,0.434,0.458,0.608,0.1,0.558,0.292
85,,0.592,0.7,0.284,0.308,0.458,-0.05,0.408,0.142
86,6,0.771,0.85,0.463,0.558,0.779,0.95,0.729,0.392
87,6,0.95,1.0,0.642,0.808,1.0,1.0,1.0,0.642
88,,0.8,0.85,0.492,0.658,0.85,0.85,0.85,0.492
89,,0.65,0.7,0.342,0.508,0.7,0.7,0.7,0.342
90,,0.5,0.55,0.192,0.358,0.55,0.55,0.55,0.192
91,,0.35,0.4,0.042,0.208,0.4,0.4,0.4,0.042
92,,0.2,0.25,-0.108,0.058,0.25,0.25,0.25,-0.108
93,3,0.45,0.571,0.892,0.379,0.5,0.429,0.4,0.071
94,3,0.7,0.892,1.0,0.7,0.75,0.608,0.55,0.25
95,,0.55,0.742,0.85,0.55,0.6,0.458,0.4,0.1
96,,0.4,0.592,0.7,0.4,0.45,0.308,0.25,-0.05
97,8,0.721,0.842,0.879,0.55,0.629,0.558,0.571,0.95
98,8,1.0,1.0,1.0,0.7,0.808,0.808,0.892,1.0
99,,0.85,0.85,0.85,0.55,0.658,0.658,0.742,0.85
100,,0.7,0.7,0.7,0.4,0.508,0.508,0.592,0.7
101,,0.55,0.55,0.55,0.25,0.358,0.358,0.442,0.55
102,,0.4,0.4,0.4,0.1,0.208,0.208,0.292,0.4
103,,0.25,0.25,0.25,-0.05,0.058,0.058,0.142,0.25
104,4,0.429,0.5,0.571,0.95,0.379,0.308,0.321,0.4
105,4,0.608,0.75,0.892,1.0,0.7,0.558,0.5,0.55
106,,0.458,0.6,0.742,0.85,0.55,0.408,0.35,0.4
107,,0.308,0.45,0.592,0.7,0.4,0.258,0.2,0.25
108,,0.158,0.3,0.442,0.55,0.25,0.108,0.05,0.1
109,,0.008,0.15,0.292,0.4,0.1,-0.042,-0.1,-0.05
110,7,0.258,0.329,0.442,0.579,0.35,0.279,0.9,0.271
111,7,0.508,0.508,0.592,0.758,0.6,0.6,1.0,0.592
112,,0.358,0.358,0.442,0.608,0.45,0.45,0.85,0.442
113,,0.208,0.208,0.292,0.458,0.3,0.3,0.7,0.292
114,,0.058,0.058,0.142,0.308,0.15,0.15,0.55,0.142
115,,-0.092,-0.092,-0.008,0.158,0.0,0.0,0.4,-0.008
116,2,0.229,0.908,0.313,0.408,0.179,0.15,0.579,0.242
117,2,0.55,1.0,0.634,0.658,0.358,0.3,0.758,0.492
118,,0.4,0.85,0.484,0.508,0.208,0.15,0.608,0.342
119,,0.25,0.7,0.334,0.358,0.058,0.0,0.458,0.192
120,,0.1,0.55,0.184,0.208,-0.092,-0.15,0.308,0.042
121,6,0.279,0.7,0.363,0.458,0.229,0.85,0.629,0.292
122,6,0.458,0.85,0.542,0.708,0.55,1.0,0.95,0.542
123,,0.308,0.7,0.392,0.558,0.4,0.85,0.8,0.392
124,,0.158,0.55,0.242,0.408,0.25,0.7,0.65,0.242
125,,0.008,0.4,0.092,0.258,0.1,0.55,0.5,0.092
126,,-0.142,0.25,-0.058,0.108,-0.05,0.4,0.35,-0.058
127,1,0.858,0.571,0.192,0.287,0.1,0.579,0.6,0.263
128,1,1.0,0.892,0.442,0.466,0.25,0.758,0.85,0.584
129,,0.85,0.742,0.292,0.316,0.1,0.608,0.7,0.434
130,,0.7,0.592,0.142,0.166,-0.05,0.458,0.55,0.284
131,5,0.85,0.771,0.392,0.487,0.95,0.779,0.8,0.463
132,5,1.0,0.95,0.642,0.808,1.0,1.0,1.0,0.642
133,,0.85,0.8,0.492,0.658,0.85,0.85,0.85,0.492
134,,0.7,0.65,0.342,0.508,0.7,0.7,0.7,0.342
135,,0.55,0.5,0.192,0.358,0.55,0.55,0.55,0.192
136,,0.4,0.35,0.042,0.208,0.4,0.4,0.4,0.042
137,,0.25,0.2,-0.108,0.058,0.25,0.25,0.25,-0.108
138,3,0.5,0.521,0.892,0.379,0.5,0.429,0.4,0.071
139,3,0.75,0.842,1.0,0.7,0.75,0.608,0.55,0.25
140,,0.6,0.692,0.85,0.55,0.6,0.458,0.4,0.1
141,,0.45,0.542,0.7,0.4,0.45,0.308,0.25,-0.05
142,8,0.771,0.792,0.879,0.55,0.629,0.558,0.571,0.95
143,8,1.0,1.0,1.0,0.7,0.808,0.808,0.892,1.0
144,,0.85,0.85,0.85,0.55,0.658,0.658,0.742,0.85
145,,0.7,0.7,0.7,0.4,0.508,0.508,0.592,0.7
146,,0.55,0.55,0.55,0.25,0.358,0.358,0.442,0.55
147,,0.4,0.4,0.4,0.1,0.208,0.208,0.292,0.4
148,,0.25,0.25,0.25,-0.05,0.058,0.058,0.142,0.25
149,4,0.429,0.5,0.571,0.95,0.379,0.308,0.321,0.4
150,4,0.608,0.75,0.892,1.0,0.7,0.558,0.5,0.55
151,,0.458,0.6,0.742,0.85,0.55,0.408,0.35,0.4
152,,0.308,0.45,0.592,0.7,0.4,0.258,0.2,0.25
153,,0.158,0.3,0.442,0.55,0.25,0.108,0.05,0.1
154,,0.008,0.15,0.292,0.4,0.1,-0.042,-0.1,-0.05
155,7,0.258,0.329,0.442,0.579,0.35,0.279,0.9,0.271
156,7,0.508,0.508,0.592,0.758,0.6,0.6,1.0,0.592
157,,0.358,0.358,0.442,0.608,0.45,0.45,0.85,0.442
158,,0.208,0.208,0.292,0.458,0.3,0.3,0.7,0.292
159,,0.058,0.058,0.142,0.308,0.15,0.15,0.55,0.142
160,,-0.092,-0.092,-0.008,0.158,0.0,0.0,0.4,-0.008
161,2,0.229,0.908,0.313,0.408,0.179,0.15,0.579,0.242
162,2,0.55,1.0,0.634,0.658,0.358,0.3,0.758,0.492
163,,0.4,0.85,0.484,0.508,0.208,0.15,0.608,0.342
164,,0.25,0.7,0.334,0.358,0.058,0.0,0.458,0.192
165,,0.1,0.55,0.184,0.208,-0.092,-0.15,0.308,0.042
166,6,0.279,0.7,0.363,0.458,0.229,0.85,0.629,0.292
167,6,0.458,0.85,0.542,0.708,0.55,1.0,0.95,0.542
168,,0.308,0.7,0.392,0.558,0.4,0.85,0.8,0.392
169,,0.158,0.55,0.242,0.408,0.25,0.7,0.65,0.242
170,,0.008,0.4,0.092,0.258,0.1,0.55,0.5,0.092
171,,-0.142,0.25,-0.058,0.108,-0.05,0.4,0.35,-0.058
172,1,0.858,0.571,0.192,0.287,0.1,0.579,0.6,0.263
173,1,1.0,0.892,0.442,0.466,0.25,0.758,0.85,0.584
174,,0.85,0.742,0.292,0.316,0.1,0.608,0.7,0.434
175,,0.7,0.592,0.142,0.166,-0.05,0.458,0.55,0.284
176,5,0.85,0.771,0.392,0.487,0.95,0.779,0.8,0.463
177,5,1.0,0.95,0.642,0.808,1.0,1.0,1.0,0.642
178,,0.85,0.8,0.492,0.658,0.85,0.85,0.85,0.492
179,,0.7,0.65,0.342,0.508,0.7,0.7,0.7,0.342
180,,0.55,0.5,0.192,0.358,0.55,0.55,0.55,0.192
181,,0.4,0.35,0.042,0.208,0.4,0.4,0.4,0.042
182,,0.25,0.2,-0.108,0.058,0.25,0.25,0.25,-0.108
183,3,0.5,0.521,0.892,0.379,0.5,0.429,0.4,0.071
184,3,0.75,0.842,1.0,0.7,0.75,0.608,0.55,0.25
185,,0.6,0.692,0.85,0.55,0.6,0.458,0.4,0.1
186,,0.45,0.542,0.7,0.4,0.45,0.308,0.25,-0.05
187,8,0.771,0.792,0.879,0.55,0.629,0.558,0.571,0.95
188,8,1.0,1.0,1.0,0.7,0.808,0.808,0.892,1.0
189,,0.85,0.85,0.85,0.55,0.658,0.658,0.742,0.85
190,,0.7,0.7,0.7,0.4,0.508,0.508,0.592,0.7
191,,0.55,0.55,0.55,0.25,0.358,0.358,0.442,0.55
192,,0.4,0.4,0.4,0.1,0.208,0.208,0.292,0.4
193,,0.25,0.25,0.25,-0.05,0.058,0.058,0.142,0.25
194,4,0.429,0.5,0.571,0.95,0.379,0.308,0.321,0.4
195,4,0.608,0.75,0.892,1.0,0.7,0.558,0.5,0.55
196,,0.458,0.6,0.742,0.85,0.55,0.408,0.35,0.4
197,,0.308,0.45,0.592,0.7,0.4,0.258,0.2,0.25
198,,0.158,0.3,0.442,0.55,0.25,0.108,0.05,0.1
199,,0.008,0.15,0.292,0.4,0.1,-0.042,-0.1,-0.05
200,7,0.258,0.329,0.442,0.579,0.35,0.279,0.9,0.271
201,7,0.508,0.508,0.592,0.758,0.6,0.6,1.0,0.592
202,,0.358,0.358,0.442,0.608,0.45,0.45,0.85,0.442
203,,0.208,0.208,0.292,0.458,0.3,0.3,0.7,0.292
204,,0.058,0.058,0.142,0.308,0.15,0.15,0.55,0.142
205,,-0.092,-0.092,-0.008,0.158,0.0,0.0,0.4,-0.008
206,1,0.908,0.229,0.242,0.337,0.15,0.179,0.65,0.313
207,1,1.0,0.55,0.492,0.516,0.3,0.358,0.9,0.634
208,,0.85,0.4,0.342,0.366,0.15,0.208,0.75,0.484
209,,0.7,0.25,0.192,0.216,0.0,0.058,0.6,0.334
210,,0.55,0.1,0.042,0.066,-0.15,-0.092,0.45,0.184
211,5,0.7,0.279,0.292,0.387,0.85,0.229,0.7,0.363
212,5,0.85,0.458,0.542,0.708,1.0,0.55,0.95,0.542
213,,0.7,0.308,0.392,0.558,0.85,0.4,0.8,0.392
214,,0.55,0.158,0.242,0.408,0.7,0.25,0.65,0.242
215,,0.4,0.008,0.092,0.258,0.55,0.1,0.5,0.092
216,,0.25,-0.142,-0.058,0.108,0.4,-0.05,0.35,-0.058
217,2,0.571,0.858,0.263,0.358,0.579,0.1,0.529,0.192
218,2,0.892,1.0,0.584,0.608,0.758,0.25,0.708,0.442
219,,0.742,0.85,0.434,0.458,0.608,0.1,0.558,0.292
220,,0.592,0.7,0.284,0.308,0.458,-0.05,0.408,0.142
221,6,0.771,0.85,0.463,0.558,0.779,0.95,0.729,0.392
222,6,0.95,1.0,0.642,0.808,1.0,1.0,1.0,0.642
223,,0.8,0.85,0.492,0.658,0.85,0.85,0.85,0.492
224,,0.65,0.7,0.342,0.508,0.7,0.7,0.7,0.342
225,,0.5,0.55,0.192,0.358,0.55,0.55,0.55,0.192
226,,0.35,0.4,0.042,0.208,0.4,0.4,0.4,0.042
227,,0.2,0.25,-0.108,0.058,0.25,0.25,0.25,-0.108
228,3,0.45,0.571,0.892,0.379,0.5,0.429,0.4,0.071
229,3,0.7,0.892,1.0,0.7,0.75,0.608,0.55,0.25
230,,0.55,0.742,0.85,0.55,0.6,0.458,0.4,0.1
231,,0.4,0.592,0.7,0.4,0.45,0.308,0.25,-0.05
232,8,0.721,0.842,0.879,0.55,0.629,0.558,0.571,0.95
233,8,1.0,1.0,1.0,0.7,0.808,0.808,0.892,1.0
234,,0.85,0.85,0.85,0.55,0.658,0.658,0.742,0.85
235,,0.7,0.7,0.7,0.4,0.508,0.508,0.592,0.7
236,,0.55,0.55,0.55,0.25,0.358,0.358,0.442,0.55
237,,0.4,0.4,0.4,0.1,0.208,0.208,0.292,0.4
238,,0.25,0.25,0.25,-0.05,0.058,0.058,0.142,0.25
239,4,0.429,0.5,0.571,0.95,0.379,0.308,0.321,0.4
240,4,0.608,0.75,0.892,1.0,0.7,0.558,0.5,0.55
241,,0.458,0.6,0.742,0.85,0.55,0.408,0.35,0.4
242,,0.308,0.45,0.592,0.7,0.4,0.258,0.2,0.25
243,,0.158,0.3,0.442,0.55,0.25,0.108,0.05,0.1
244,,0.008,0.15,0.292,0.4,0.1,-0.042,-0.1,-0.05
245,7,0.258,0.329,0.442,0.579,0.35,0.279,0.9,0.271
246,7,0.508,0.508,0.592,0.758,0.6,0.6,1.0,0.592
247,,0.358,0.358,0.442,0.608,0.45,0.45,0.85,0.442
248,,0.208,0.208,0.292,0.458,0.3,0.3,0.7,0.292
249,,0.058,0.058,0.142,0.308,0.15,0.15,0.55,0.142
250,,-0.092,-0.092,-0.008,0.158,0.0,0.0,0.4,-0.008
251,2,0.229,0.908,0.313,0.408,0.179,0.15,0.579,0.242
252,2,0.55,1.0,0.634,0.658,0.358,0.3,0.758,0.492
253,,0.4,0.85,0.484,0.508,0.208,0.15,0.608,0.342
254,,0.25,0.7,0.334,0.358,0.058,0.0,0.458,0.192
255,,0.1,0.55,0.184,0.208,-0.092,-0.15,0.308,0.042
256,6,0.279,0.7,0.363,0.458,0.229,0.85,0.629,0.292
257,6,0.458,0.85,0.542,0.708,0.55,1.0,0.95,0.542
258,,0.308,0.7,0.392,0.558,0.4,0.85,0.8,0.392
259,,0.158,0.55,0.242,0.408,0.25,0.7,0.65,0.242
260,,0.008,0.4,0.092,0.258,0.1,0.55,0.5,0.092
261,,-0.142,0.25,-0.058,0.108,-0.05,0.4,0.35,-0.058
262,1,0.858,0.571,0.192,0.287,0.1,0.579,0.6,0.263
263,1,1.0,0.892,0.442,0.466,0.25,0.758,0.85,0.584
264,,0.85,0.742,0.292,0.316,0.1,0.608,0.7,0.434
265,,0.7,0.592,0.142,0.166,-0.05,0.458,0.55,0.284
266,5,0.85,0.771,0.392,0.487,0.95,0.779,0.8,0.463
267,5,1.0,0.95,0.642,0.808,1.0,1.0,1.0,0.642
268,,0.85,0.8,0.492,0.658,0.85,0.85,0.85,0.492
269,,0.7,0.65,0.342,0.508,0.7,0.7,0.7,0.342
270,,0.55,0.5,0.192,0.358,0.55,0.55,0.55,0.192
271,,0.4,0.35,0.042,0.208,0.4,0.4,0.4,0.042
272,,0.25,0.2,-0.108,0.058,0.25,0.25,0.25,-0.108
273,8,0.571,0.45,0.071,0.208,0.429,0.5,0.571,0.892
274,8,0.892,0.7,0.25,0.358,0.608,0.75,0.892,1.0
275,,0.742,0.55,0.1,0.208,0.458,0.6,0.742,0.85
276,,0.592,0.4,-0.05,0.058,0.308,0.45,0.592,0.7
277,3,0.842,0.721,0.95,0.379,0.558,0.629,0.742,0.879
278,3,1.0,1.0,1.0,0.7,0.808,0.808,0.892,1.0
279,,0.85,0.85,0.85,0.55,0.658,0.658,0.742,0.85
280,,0.7,0.7,0.7,0.4,0.508,0.508,0.592,0.7
281,,0.55,0.55,0.55,0.25,0.358,0.358,0.442,0.55
282,,0.4,0.4,0.4,0.1,0.208,0.208,0.292,0.4
283,,0.25,0.25,0.25,-0.05,0.058,0.058,0.142,0.25
284,4,0.429,0.5,0.571,0.95,0.379,0.308,0.321,0.4
285,4,0.608,0.75,0.892,1.0,0.7,0.558,0.5,0.55
286,,0.458,0.6,0.742,0.85,0.55,0.408,0.35,0.4
287,,0.308,0.45,0.592,0.7,0.4,0.258,0.2,0.25
288,,0.158,0.3,0.442,0.55,0.25,0.108,0.05,0.1
289,,0.008,0.15,0.292,0.4,0.1,-0.042,-0.1,-0.05
290,7,0.258,0.329,0.442,0.579,0.35,0.279,0.9,0.271
291,7,0.508,0.508,0.592,0.758,0.6,0.6,1.0,0.592
292,,0.358,0.358,0.442,0.608,0.45,0.45,0.85,0.442
293,,0.208,0.208,0.292,0.458,0.3,0.3,0.7,0.292
294,,0.058,0.058,0.142,0.308,0.15,0.15,0.55,0.142
295,,-0.092,-0.092,-0.008,0.158,0.0,0.0,0.4,-0.008
296,2,0.229,0.908,0.313,0.408,0.179,0.15,0.579,0.242
297,2,0.55,1.0,0.634,0.658,0.358,0.3,0.758,0.492
298,,0.4,0.85,0.484,0.508,0.208,0.15,0.608,0.342
299,,0.25,0.7,0.334,0.358,0.058,0.0,0.458,0.192
300,,0.1,0.55,0.184,0.208,-0.092,-0.15,0.308,0.042
301,6,0.279,0.7,0.363,0.458,0.229,0.85,0.629,0.292
302,6,0.458,0.85,0.542,0.708,0.55,1.0,0.95,0.542
303,,0.308,0.7,0.392,0.558,0.4,0.85,0.8,0.392
304,,0.158,0.55,0.242,0.408,0.25,0.7,0.65,0.242
305,,0.008,0.4,0.092,0.258,0.1,0.55,0.5,0.092
306,,-0.142,0.25,-0.058,0.108,-0.05,0.4,0.35,-0.058
307,1,0.858,0.571,0.192,0.287,0.1,0.579,0.6,0.263
308,1,1.0,0.892,0.442,0.466,0.25,0.758,0.85,0.584
309,,0.85,0.742,0.292,0.316,0.1,0.608,0.7,0.434
310,,0.7,0.592,0.142,0.166,-0.05,0.458,0.55,0.284
311,5,0.85,0.771,0.392,0.487,0.95,0.779,0.8,0.463
312,5,1.0,0.95,0.642,0.808,1.0,1.0,1.0,0.642
313,,0.85,0.8,0.492,0.658,0.85,0.85,0.85,0.492
314,,0.7,0.65,0.342,0.508,0.7,0.7,0.7,0.342
315,,0.55,0.5,0.192,0.358,0.55,0.55,0.55,0.192
316,,0.4,0.35,0.042,0.208,0.4,0.4,0.4,0.042
317,,0.25,0.2,-0.108,0.058,0.25,0.25,0.25,-0.108
318,8,0.571,0.45,0.071,0.208,0.429,0.5,0.571,0.892
319,8,0.892,0.7,0.25,0.358,0.608,0.75,0.892,1.0
320,,0.742,0.55,0.1,0.208,0.458,0.6,0.742,0.85
321,,0.592,0.4,-0.05,0.058,0.308,0.45,0.592,0.7
322,3,0.842,0.721,0.95,0.379,0.558,0.629,0.742,0.879
323,3,1.0,1.0,1.0,0.7,0.808,0.808,0.892,1.0
324,,0.85,0.85,0.85,0.55,0.658,0.658,0.742,0.85
325,,0.7,0.7,0.7,0.4,0.508,0.508,0.592,0.7
326,,0.55,0.55,0.55,0.25,0.358,0.358,0.442,0.55
327,,0.4,0.4,0.4,0.1,0.208,0.208,0.292,0.4
328,,0.25,0.25,0.25,-0.05,0.058,0.058,0.142,0.25
329,4,0.429,0.5,0.571,0.95,0.379,0.308,0.321,0.4
330,4,0.608,0.75,0.892,1.0,0.7,0.558,0.5,0.55
331,,0.458,0.6,0.742,0.85,0.55,0.408,0.35,0.4
332,,0.308,0.45,0.592,0.7,0.4,0.258,0.2,0.25
333,,0.158,0.3,0.442,0.55,0.25,0.108,0.05,0.1
334,,0.008,0.15,0.292,0.4,0.1,-0.042,-0.1,-0.05
335,7,0.258,0.329,0.442,0.579,0.35,0.279,0.9,0.271
336,7,0.508,0.508,0.592,0.758,0.6,0.6,1.0,0.592
337,,0.358,0.358,0.442,0.608,0.45,0.45,0.85,0.442
338,,0.208,0.208,0.292,0.458,0.3,0.3,0.7,0.292
339,,0.058,0.058,0.142,0.308,0.15,0.15,0.55,0.142
340,,-0.092,-0.092,-0.008,0.158,0.0,0.0,0.4,-0.008
341,1,0.908,0.229,0.242,0.337,0.15,0.179,0.65,0.313
342,1,1.0,0.55,0.492,0.516,0.3,0.358,0.9,0.634
343,,0.85,0.4,0.342,0.366,0.15,0.208,0.75,0.484
344,,0.7,0.25,0.192,0.216,0.0,0.058,0.6,0.334
345,,0.55,0.1,0.042,0.066,-0.15,-0.092,0.45,0.184
346,5,0.7,0.279,0.292,0.387,0.85,0.229,0.7,0.363
347,5,0.85,0.458,0.542,0.708,1.0,0.55,0.95,0.542
348,,0.7,0.308,0.392,0.558,0.85,0.4,0.8,0.392
349,,0.55,0.158,0.242,0.408,0.7,0.25,0.65,0.242
350,,0.4,0.008,0.092,0.258,0.55,0.1,0.5,0.092
351,,0.25,-0.142,-0.058,0.108,0.4,-0.05,0.35,-0.058
352,2,0.571,0.858,0.263,0.358,0.579,0.1,0.529,0.192
353,2,0.892,1.0,0.584,0.608,0.758,0.25,0.708,0.442
354,,0.742,0.85,0.434,0.458,0.608,0.1,0.558,0.292
355,,0.592,0.7,0.284,0.308,0.458,-0.05,0.408,0.142
356,6,0.771,0.85,0.463,0.558,0.779,0.95,0.729,0.392
357,6,0.95,1.0,0.642,0.808,1.0,1.0,1.0,0.642
358,,0.8,0.85,0.492,0.658,0.85,0.85,0.85,0.492
359,,0.65,0.7,0.342,0.508,0.7,0.7,0.7,0.342
360,,0.5,0.55,0.192,0.358,0.55,0.55,0.55,0.192
361,,0.35,0.4,0.042,0.208,0.4,0.4,0.4,0.042
362,,0.2,0.25,-0.108,0.058,0.25,0.25,0.25,-0.108
363,8,0.521,0.5,0.071,0.208,0.429,0.5,0.571,0.892
364,8,0.842,0.75,0.25,0.358,0.608,0.75,0.892,1.0
365,,0.692,0.6,0.1,0.208,0.458,0.6,0.742,0.85
366,,0.542,0.45,-0.05,0.058,0.308,0.45,0.592,0.7
367,3,0.792,0.771,0.95,0.379,0.558,0.629,0.742,0.879
368,3,1.0,1.0,1.0,0.7,0.808,0.808,0.892,1.0
369,,0.85,0.85,0.85,0.55,0.658,0.658,0.742,0.85
370,,0.7,0.7,0.7,0.4,0.508,0.508,0.592,0.7
371,,0.55,0.55,0.55,0.25,0.358,0.358,0.442,0.55
372,,0.4,0.4,0.4,0.1,0.208,0.208,0.292,0.4
373,,0.25,0.25,0.25,-0.05,0.058,0.058,0.142,0.25
374,4,0.429,0.5,0.571,0.95,0.379,0.308,0.321,0.4
375,4,0.608,0.75,0.892,1.0,0.7,0.558,0.5,0.55
376,,0.458,0.6,0.742,0.85,0.55,0.408,0.35,0.4
377,,0.308,0.45,0.592,0.7,0.4,0.258,0.2,0.25
378,,0.158,0.3,0.442,0.55,0.25,0.108,0.05,0.1
379,,0.008,0.15,0.292,0.4,0.1,-0.042,-0.1,-0.05
380,7,0.258,0.329,0.442,0.579,0.35,0.279,0.9,0.271
381,7,0.508,0.508,0.592,0.758,0.6,0.6,1.0,0.592
382,,0.358,0.358,0.442,0.608,0.45,0.45,0.85,0.442
383,,0.208,0.208,0.292,0.458,0.3,0.3,0.7,0.292
384,,0.058,0.058,0.142,0.308,0.15,0.15,0.55,0.142
385,,-0.092,-0.092,-0.008,0.158,0.0,0.0,0.4,-0.008
386,1,0.908,0.229,0.242,0.337,0.15,0.179,0.65,0.313
387,1,1.0,0.55,0.492,0.516,0.3,0.358,0.9,0.634
388,,0.85,0.4,0.342,0.366,0.15,0.208,0.75,0.484
389,,0.7,0.25,0.192,0.216,0.0,0.058,0.6,0.334
390,,0.55,0.1,0.042,0.066,-0.15,-0.092,0.45,0.184
391,5,0.7,0.279,0.292,0.387,0.85,0.229,0.7,0.363
392,5,0.85,0.458,0.542,0.708,1.0,0.55,0.95,0.542
393,,0.7,0.308,0.392,0.558,0.85,0.4,0.8,0.392
394,,0.55,0.158,0.242,0.408,0.7,0.25,0.65,0.242
395,,0.4,0.008,0.092,0.258,0.55,0.1,0.5,0.092
396,,0.25,-0.142,-0.058,0.108,0.4,-0.05,0.35,-0.058
397,2,0.571,0.858,0.263,0.358,0.579,0.1,0.529,0.192
398,2,0.892,1.0,0.584,0.608,0.758,0.25,0.708,0.442
399,,0.742,0.85,0.434,0.458,0.608,0.1,0.558,0.292
400,,0.592,0.7,0.284,0.308,0.458,-0.05,0.408,0.142
401,6,0.771,0.85,0.463,0.558,0.779,0.95,0.729,0.392
402,6,0.95,1.0,0.642,0.808,1.0,1.0,1.0,0.642
403,,0.8,0.85,0.492,0.658,0.85,0.85,0.85,0.492
404,,0.65,0.7,0.342,0.508,0.7,0.7,0.7,0.342
405,,0.5,0.55,0.192,0.358,0.55,0.55,0.55,0.192
406,,0.35,0.4,0.042,0.208,0.4,0.4,0.4,0.042
407,,0.2,0.25,-0.108,0.058,0.25,0.25,0.25,-0.108
408,3,0.45,0.571,0.892,0.379,0.5,0.429,0.4,0.071
409,3,0.7,0.892,1.0,0.7,0.75,0.608,0.55,0.25
410,,0.55,0.742,0.85,0.55,0.6,0.458,0.4,0.1
411,,0.4,0.592,0.7,0.4,0.45,0.308,0.25,-0.05
412,8,0.721,0.842,0.879,0.55,0.629,0.558,0.571,0.95
413,8,1.0,1.0,1.0,0.7,0.808,0.808,0.892,1.0
414,,0.85,0.85,0.85,0.55,0.658,0.658,0.742,0.85
415,,0.7,0.7,0.7,0.4,0.508,0.508,0.592,0.7
416,,0.55,0.55,0.55,0.25,0.358,0.358,0.442,0.55
417,,0.4,0.4,0.4,0.1,0.208,0.208,0.292,0.4
418,,0.25,0.25,0.25,-0.05,0.058,0.058,0.142,0.25
419,4,0.429,0.5,0.571,0.95,0.379,0.308,0.321,0.4
420,4,0.608,0.75,0.892,1.0,0.7,0.558,0.5,0.55
421,,0.458,0.6,0.742,0.85,0.55,0.408,0.35,0.4
422,,0.308,0.45,0.592,0.7,0.4,0.258,0.2,0.25
423,,0.158,0.3,0.442,0.55,0.25,0.108,0.05,0.1
424,,0.008,0.15,0.292,0.4,0.1,-0.042,-0.1,-0.05
425,7,0.258,0.329,0.442,0.579,0.35,0.279,0.9,0.271
426,7,0.508,0.508,0.592,0.758,0.6,0.6,1.0,0.592
427,,0.358,0.358,0.442,0.608,0.45,0.45,0.85,0.442
428,,0.208,0.208,0.292,0.458,0.3,0.3,0.7,0.292
429,,0.058,0.058,0.142,0.308,0.15,0.15,0.55,0.142
430,,-0.092,-0.092,-0.008,0.158,0.0,0.0,0.4,-0.008
431,2,0.229,0.908,0.313,0.408,0.179,0.15,0.579,0.242
432,2,0.55,1.0,0.634,0.658,0.358,0.3,0.758,0.492
433,,0.4,0.85,0.484,0.508,0.208,0.15,0.608,0.342
434,,0.25,0.7,0.334,0.358,0.058,0.0,0.458,0.192
435,,0.1,0.55,0.184,0.208,-0.092,-0.15,0.308,0.042
436,6,0.279,0.7,0.363,0.458,0.229,0.85,0.629,0.292
437,6,0.458,0.85,0.542,0.708,0.55,1.0,0.95,0.542
438,,0.308,0.7,0.392,0.558,0.4,0.85,0.8,0.392
439,,0.158,0.55,0.242,0.408,0.25,0.7,0.65,0.242
440,,0.008,0.4,0.092,0.258,0.1,0.55,0.5,0.092
441,,-0.142,0.25,-0.058,0.108,-0.05,0.4,0.35,-0.058
442,1,0.858,0.571,0.192,0.287,0.1,0.579,0.6,0.263
443,1,1.0,0.892,0.442,0.466,0.25,0.758,0.85,0.584
444,,0.85,0.742,0.292,0.316,0.1,0.608,0.7,0.434
445,,0.7,0.592,0.142,0.166,-0.05,0.458,0.55,0.284
446,5,0.85,0.771,0.392,0.487,0.95,0.779,0.8,0.463
447,5,1.0,0.95,0.642,0.808,1.0,1.0,1.0,0.642
448,,0.85,0.8,0.492,0.658,0.85,0.85,0.85,0.492
449,,0.7,0.65,0.342,0.508,0.7,0.7,0.7,0.342
450,,0.55,0.5,0.192,0.358,0.55,0.55,0.55,0.192
451,,0.4,0.35,0.042,0.208,0.4,0.4,0.4,0.042
452,,0.25,0.2,-0.108,0.058,0.25,0.25,0.25,-0.108
453,8,0.571,0.45,0.071,0.208,0.429,0.5,0.571,0.892
454,8,0.892,0.7,0.25,0.358,0.608,0.75,0.892,1.0
455,,0.742,0.55,0.1,0.208,0.458,0.6,0.742,0.85
456,,0.592,0.4,-0.05,0.058,0.308,0.45,0.592,0.7
457,3,0.842,0.721,0.95,0.379,0.558,0.629,0.742,0.879
458,3,1.0,1.0,1.0,0.7,0.808,0.808,0.892,1.0
459,,0.85,0.85,0.85,0.55,0.658,0.658,0.742,0.85
460,,0.7,0.7,0.7,0.4,0.508,0.508,0.592,0.7
461,,0.55,0.55,0.55,0.25,0.358,0.358,0.442,0.55
462,,0.4,0.4,0.4,0.1,0.208,0.208,0.292,0.4
463,,0.25,0.25,0.25,-0.05,0.058,0.058,0.142,0.25
464,4,0.429,0.5,0.571,0.95,0.379,0.308,0.321,0.4
465,4,0.608,0.75,0.892,1.0,0.7,0.558,0.5,0.55
466,,0.458,0.6,0.742,0.85,0.55,0.408,0.35,0.4
467,,0.308,0.45,0.592,0.7,0.4,0.258,0.2,0.25
468,,0.158,0.3,0.442,0.55,0.25,0.108,0.05,0.1
469,,0.008,0.15,0.292,0.4,0.1,-0.042,-0.1,-0.05
470,7,0.258,0.329,0.442,0.579,0.35,0.279,0.9,0.271
471,7,0.508,0.508,0.592,0.758,0.6,0.6,1.0,0.592
472,,0.358,0.358,0.442,0.608,0.45,0.45,0.85,0.442
473,,0.208,0.208,0.292,0.458,0.3,0.3,0.7,0.292
474,,0.058,0.058,0.142,0.308,0.15,0.15,0.55,0.142
475,,-0.092,-0.092,-0.008,0.158,0.0,0.0,0.4,-0.008
476,2,0.229,0.908,0.313,0.408,0.179,0.15,0.579,0.242
477,2,0.55,1.0,0.634,0.658,0.358,0.3,0.758,0.492
478,,0.4,0.85,0.484,0.508,0.208,0.15,0.608,0.342
479,,0.25,0.7,0.334,0.358,0.058,0.0,0.458,0.192
480,,0.1,0.55,0.184,0.208,-0.092,-0.15,0.308,0.042
481,6,0.279,0.7,0.363,0.458,0.229,0.85,0.629,0.292
482,6,0.458,0.85,0.542,0.708,0.55,1.0,0.95,0.542
483,,0.308,0.7,0.392,0.558,0.4,0.85,0.8,0.392
484,,0.158,0.55,0.242,0.408,0.25,0.7,0.65,0.242
485,,0.008,0.4,0.092,0.258,0.1,0.55,0.5,0.092
486,,-0.142,0.25,-0.058,0.108,-0.05,0.4,0.35,-0.058
487,1,0.858,0.571,0.192,0.287,0.1,0.579,0.6,0.263
488,1,1.0,0.892,0.442,0.466,0.25,0.758,0.85,0.584
489,,0.85,0.742,0.292,0.316,0.1,0.608,0.7,0.434
490,,0.7,0.592,0.142,0.166,-0.05,0.458,0.55,0.284
491,5,0.85,0.771,0.392,0.487,0.95,0.779,0.8,0.463
492,5,1.0,0.95,0.642,0.808,1.0,1.0,1.0,0.642
493,,0.85,0.8,0.492,0.658,0.85,0.85,0.85,0.492
494,,0.7,0.65,0.342,0.508,0.7,0.7,0.7,0.342
495,,0.55,0.5,0.192,0.358,0.55,0.55,0.55,0.192
496,,0.4,0.35,0.042,0.208,0.4,0.4,0.4,0.042
497,,0.25,0.2,-0.108,0.058,0.25,0.25,0.25,-0.108
498,8,0.571,0.45,0.071,0.208,0.429,0.5,0.571,0.892
499,8,0.892,0.7,0.25,0.358,0.608,0.75,0.892,1.0
