step,active_motive,motive_1,motive_2,motive_3,motive_4,motive_5,motive_6,motive_7,motive_8
0,,0.37454,0.95071,0.73199,0.59866,0.15602,0.15599,0.05808,0.86618
1,,0.22454,0.80071,0.58199,0.44866,0.00602,0.00599,-0.09192,0.71618
2,7,0.47454,0.97971,0.73199,0.62766,0.25602,0.32699,0.90808,1.0
3,7,0.72454,1.0,0.88199,0.80666,0.50602,0.64799,1.0,1.0
4,,0.57454,0.85,0.73199,0.65666,0.35602,0.49799,0.85,0.85
5,,0.42454,0.7,0.58199,0.50666,0.20602,0.34799,0.7,0.7
6,,0.27454,0.55,0.43199,0.35666,0.05602,0.19799,0.55,0.55
7,,0.12454,0.4,0.28199,0.20666,-0.09398,0.04799,0.4,0.4
8,5,0.27454,0.579,0.53199,0.52766,0.90602,0.36899,0.65,0.579
9,5,0.42454,0.758,0.78199,0.84866,1.0,0.68999,0.9,0.758
10,,0.27454,0.608,0.63199,0.69866,0.85,0.53999,0.75,0.608
11,,0.12454,0.458,0.48199,0.54866,0.7,0.38999,0.6,0.458
12,,-0.02546,0.308,0.33199,0.39866,0.55,0.23999,0.45,0.308
13,1,0.97454,0.629,0.58199,0.57766,0.7,0.41899,0.7,0.629
14,1,1.0,0.95,0.83199,0.75666,0.85,0.59799,0.95,0.95
15,,0.85,0.8,0.68199,0.60666,0.7,0.44799,0.8,0.8
16,,0.7,0.65,0.53199,0.45666,0.55,0.29799,0.65,0.65
17,,0.55,0.5,0.38199,0.30666,0.4,0.14799,0.5,0.5
18,,0.4,0.35,0.23199,0.15666,0.25,-0.00201,0.35,0.35
19,6,0.579,0.5,0.41099,0.40666,0.571,0.99799,0.671,0.6
20,6,0.758,0.65,0.58999,0.65666,0.892,1.0,0.992,0.85
21,,0.608,0.5,0.43999,0.50666,0.742,0.85,0.842,0.7
22,,0.458,0.35,0.28999,0.35666,0.592,0.7,0.692,0.55
23,,0.308,0.2,0.13999,0.20666,0.442,0.55,0.542,0.4
24,,0.158,0.05,-0.01001,0.05666,0.292,0.4,0.392,0.25
25,3,0.408,0.371,0.98999,0.37766,0.542,0.579,0.542,0.429
26,3,0.658,0.692,1.0,0.69866,0.792,0.758,0.692,0.608
27,,0.508,0.542,0.85,0.54866,0.642,0.608,0.542,0.458
28,,0.358,0.392,0.7,0.39866,0.492,0.458,0.392,0.308
29,,0.208,0.242,0.55,0.24866,0.342,0.308,0.242,0.158
30,,0.058,0.092,0.4,0.09866,0.192,0.158,0.092,0.008
31,,-0.092,-0.058,0.25,-0.05134,0.042,0.008,-0.058,-0.142
32,8,0.229,0.192,0.429,0.09866,0.221,0.258,0.263,0.858
33,8,0.55,0.442,0.608,0.24866,0.4,0.508,0.584,1.0
34,,0.4,0.292,0.458,0.09866,0.25,0.358,0.434,0.85
35,,0.25,0.142,0.308,-0.05134,0.1,0.208,0.284,0.7
36,4,0.429,0.392,0.629,0.94866,0.421,0.458,0.463,0.85
37,4,0.608,0.642,0.95,1.0,0.742,0.708,0.642,1.0
38,,0.458,0.492,0.8,0.85,0.592,0.558,0.492,0.85
39,,0.308,0.342,0.65,0.7,0.442,0.408,0.342,0.7
40,,0.158,0.192,0.5,0.55,0.292,0.258,0.192,0.55
41,,0.008,0.042,0.35,0.4,0.142,0.108,0.042,0.4
42,,-0.142,-0.108,0.2,0.25,-0.008,-0.042,-0.108,0.25
43,1,0.858,0.213,0.45,0.429,0.142,0.137,0.142,0.571
44,1,1.0,0.534,0.7,0.608,0.292,0.316,0.392,0.892
45,,0.85,0.384,0.55,0.458,0.142,0.166,0.242,0.742
46,,0.7,0.234,0.4,0.308,-0.008,0.016,0.092,0.592
47,5,0.85,0.413,0.65,0.629,0.992,0.337,0.342,0.771
48,5,1.0,0.592,0.9,0.95,1.0,0.658,0.592,0.95
49,,0.85,0.442,0.75,0.8,0.85,0.508,0.442,0.8
50,,0.7,0.292,0.6,0.65,0.7,0.358,0.292,0.65
51,,0.55,0.142,0.45,0.5,0.55,0.208,0.142,0.5
52,,0.4,-0.008,0.3,0.35,0.4,0.058,-0.008,0.35
53,7,0.65,0.171,0.45,0.529,0.65,0.379,0.992,0.671
54,7,0.9,0.35,0.6,0.708,0.9,0.7,1.0,0.992
55,,0.75,0.2,0.45,0.558,0.75,0.55,0.85,0.842
56,,0.6,0.05,0.3,0.408,0.6,0.4,0.7,0.692
57,,0.45,-0.1,0.15,0.258,0.45,0.25,0.55,0.542
58,2,0.771,0.9,0.471,0.508,0.629,0.4,0.729,0.792
59,2,1.0,1.0,0.792,0.758,0.808,0.55,0.908,1.0
60,,0.85,0.85,0.642,0.608,0.658,0.4,0.758,0.85
61,,0.7,0.7,0.492,0.458,0.508,0.25,0.608,0.7
62,,0.55,0.55,0.342,0.308,0.358,0.1,0.458,0.55
63,,0.4,0.4,0.192,0.158,0.208,-0.05,0.308,0.4
64,6,0.579,0.55,0.371,0.408,0.529,0.95,0.629,0.65
65,6,0.758,0.7,0.55,0.658,0.85,1.0,0.95,0.9
66,,0.608,0.55,0.4,0.508,0.7,0.85,0.8,0.75
67,,0.458,0.4,0.25,0.358,0.55,0.7,0.65,0.6
68,,0.308,0.25,0.1,0.208,0.4,0.55,0.5,0.45
69,,0.158,0.1,-0.05,0.058,0.25,0.4,0.35,0.3
70,3,0.408,0.421,0.95,0.379,0.5,0.579,0.5,0.479
71,3,0.658,0.742,1.0,0.7,0.75,0.758,0.65,0.658
72,,0.508,0.592,0.85,0.55,0.6,0.608,0.5,0.508
73,,0.358,0.442,0.7,0.4,0.45,0.458,0.35,0.358
74,,0.208,0.292,0.55,0.25,0.3,0.308,0.2,0.208
75,,0.058,0.142,0.4,0.1,0.15,0.158,0.05,0.058
76,,-0.092,-0.008,0.25,-0.05,0.0,0.008,-0.1,-0.092
77,7,0.158,0.171,0.4,0.129,0.25,0.329,0.9,0.229
78,7,0.408,0.35,0.55,0.308,0.5,0.65,1.0,0.55
79,,0.258,0.2,0.4,0.158,0.35,0.5,0.85,0.4
80,,0.108,0.05,0.25,0.008,0.2,0.35,0.7,0.25
81,,-0.042,-0.1,0.1,-0.142,0.05,0.2,0.55,0.1
82,4,0.137,0.15,0.421,0.858,0.371,0.45,0.729,0.25
83,4,0.316,0.4,0.742,1.0,0.692,0.7,0.908,0.4
84,,0.166,0.25,0.592,0.85,0.542,0.55,0.758,0.25
85,,0.016,0.1,0.442,0.7,0.392,0.4,0.608,0.1
86,,-0.134,-0.05,0.292,0.55,0.242,0.25,0.458,-0.05
87,1,0.866,0.271,0.542,0.729,0.392,0.429,0.708,0.271
88,1,1.0,0.592,0.792,0.908,0.542,0.608,0.958,0.592
89,,0.85,0.442,0.642,0.758,0.392,0.458,0.808,0.442
90,,0.7,0.292,0.492,0.608,0.242,0.308,0.658,0.292
91,,0.55,0.142,0.342,0.458,0.092,0.158,0.508,0.142
92,,0.4,-0.008,0.192,0.308,-0.058,0.008,0.358,-0.008
93,5,0.55,0.171,0.442,0.629,0.942,0.329,0.608,0.171
94,5,0.7,0.35,0.692,0.95,1.0,0.65,0.858,0.35
95,,0.55,0.2,0.542,0.8,0.85,0.5,0.708,0.2
96,,0.4,0.05,0.392,0.65,0.7,0.35,0.558,0.05
97,,0.25,-0.1,0.242,0.5,0.55,0.2,0.408,-0.1
98,8,0.571,0.15,0.421,0.65,0.729,0.45,0.729,0.9
99,8,0.892,0.4,0.6,0.8,0.908,0.7,1.0,1.0
100,,0.742,0.25,0.45,0.65,0.758,0.55,0.85,0.85
101,,0.592,0.1,0.3,0.5,0.608,0.4,0.7,0.7
102,,0.442,-0.05,0.15,0.35,0.458,0.25,0.55,0.55
103,2,0.763,0.95,0.471,0.6,0.637,0.4,0.729,0.8
104,2,1.0,1.0,0.792,0.85,0.816,0.55,0.908,1.0
105,,0.85,0.85,0.642,0.7,0.666,0.4,0.758,0.85
106,,0.7,0.7,0.492,0.55,0.516,0.25,0.608,0.7
107,,0.55,0.55,0.342,0.4,0.366,0.1,0.458,0.55
108,,0.4,0.4,0.192,0.25,0.216,-0.05,0.308,0.4
109,6,0.579,0.55,0.371,0.5,0.537,0.95,0.629,0.65
110,6,0.758,0.7,0.55,0.75,0.858,1.0,0.95,0.9
111,,0.608,0.55,0.4,0.6,0.708,0.85,0.8,0.75
112,,0.458,0.4,0.25,0.45,0.558,0.7,0.65,0.6
113,,0.308,0.25,0.1,0.3,0.408,0.55,0.5,0.45
114,,0.158,0.1,-0.05,0.15,0.258,0.4,0.35,0.3
115,3,0.408,0.421,0.95,0.471,0.508,0.579,0.5,0.479
116,3,0.658,0.742,1.0,0.792,0.758,0.758,0.65,0.658
117,,0.508,0.592,0.85,0.642,0.608,0.608,0.5,0.508
118,,0.358,0.442,0.7,0.492,0.458,0.458,0.35,0.358
119,,0.208,0.292,0.55,0.342,0.308,0.308,0.2,0.208
120,,0.058,0.142,0.4,0.192,0.158,0.158,0.05,0.058
121,,-0.092,-0.008,0.25,0.042,0.008,0.008,-0.1,-0.092
122,7,0.158,0.171,0.4,0.221,0.258,0.329,0.9,0.229
123,7,0.408,0.35,0.55,0.4,0.508,0.65,1.0,0.55
124,,0.258,0.2,0.4,0.25,0.358,0.5,0.85,0.4
125,,0.108,0.05,0.25,0.1,0.208,0.35,0.7,0.25
126,,-0.042,-0.1,0.1,-0.05,0.058,0.2,0.55,0.1
127,2,0.279,0.9,0.421,0.2,0.237,0.35,0.729,0.35
128,2,0.6,1.0,0.742,0.45,0.416,0.5,0.908,0.6
129,,0.45,0.85,0.592,0.3,0.266,0.35,0.758,0.45
130,,0.3,0.7,0.442,0.15,0.116,0.2,0.608,0.3
131,,0.15,0.55,0.292,0.0,-0.034,0.05,0.458,0.15
132,5,0.3,0.729,0.542,0.321,0.966,0.371,0.708,0.329
133,5,0.45,0.908,0.792,0.642,1.0,0.692,0.958,0.508
134,,0.3,0.758,0.642,0.492,0.85,0.542,0.808,0.358
135,,0.15,0.608,0.492,0.342,0.7,0.392,0.658,0.208
136,,0.0,0.458,0.342,0.192,0.55,0.242,0.508,0.058
137,,-0.15,0.308,0.192,0.042,0.4,0.092,0.358,-0.092
138,1,0.85,0.629,0.442,0.221,0.55,0.271,0.608,0.229
139,1,1.0,0.95,0.692,0.4,0.7,0.45,0.858,0.55
140,,0.85,0.8,0.542,0.25,0.55,0.3,0.708,0.4
141,,0.7,0.65,0.392,0.1,0.4,0.15,0.558,0.25
142,,0.55,0.5,0.242,-0.05,0.25,0.0,0.408,0.1
143,4,0.729,0.75,0.563,0.95,0.571,0.25,0.587,0.25
144,4,0.908,1.0,0.884,1.0,0.892,0.5,0.766,0.4
145,,0.758,0.85,0.734,0.85,0.742,0.35,0.616,0.25
146,,0.608,0.7,0.584,0.7,0.592,0.2,0.466,0.1
147,,0.458,0.55,0.434,0.55,0.442,0.05,0.316,-0.05
148,8,0.779,0.8,0.613,0.7,0.621,0.3,0.637,0.95
149,8,1.0,1.0,0.792,0.85,0.8,0.55,0.958,1.0
150,,0.85,0.85,0.642,0.7,0.65,0.4,0.808,0.85
151,,0.7,0.7,0.492,0.55,0.5,0.25,0.658,0.7
152,,0.55,0.55,0.342,0.4,0.35,0.1,0.508,0.55
153,,0.4,0.4,0.192,0.25,0.2,-0.05,0.358,0.4
154,6,0.579,0.55,0.371,0.5,0.521,0.95,0.679,0.65
155,6,0.758,0.7,0.55,0.75,0.842,1.0,1.0,0.9
156,,0.608,0.55,0.4,0.6,0.692,0.85,0.85,0.75
157,,0.458,0.4,0.25,0.45,0.542,0.7,0.7,0.6
158,,0.308,0.25,0.1,0.3,0.392,0.55,0.55,0.45
159,,0.158,0.1,-0.05,0.15,0.242,0.4,0.4,0.3
160,3,0.408,0.421,0.95,0.471,0.492,0.579,0.55,0.479
161,3,0.658,0.742,1.0,0.792,0.742,0.758,0.7,0.658
162,,0.508,0.592,0.85,0.642,0.592,0.608,0.55,0.508
163,,0.358,0.442,0.7,0.492,0.442,0.458,0.4,0.358
164,,0.208,0.292,0.55,0.342,0.292,0.308,0.25,0.208
165,,0.058,0.142,0.4,0.192,0.142,0.158,0.1,0.058
166,,-0.092,-0.008,0.25,0.042,-0.008,0.008,-0.05,-0.092
167,8,0.229,0.242,0.429,0.192,0.171,0.258,0.271,0.908
168,8,0.55,0.492,0.608,0.342,0.35,0.508,0.592,1.0
169,,0.4,0.342,0.458,0.192,0.2,0.358,0.442,0.85
170,,0.25,0.192,0.308,0.042,0.05,0.208,0.292,0.7
171,,0.1,0.042,0.158,-0.108,-0.1,0.058,0.142,0.55
172,4,0.279,0.292,0.479,0.892,0.221,0.308,0.321,0.7
173,4,0.458,0.542,0.8,1.0,0.542,0.558,0.5,0.85
174,,0.308,0.392,0.65,0.85,0.392,0.408,0.35,0.7
175,,0.158,0.242,0.5,0.7,0.242,0.258,0.2,0.55
176,,0.008,0.092,0.35,0.55,0.092,0.108,0.05,0.4
177,,-0.142,-0.058,0.2,0.4,-0.058,-0.042,-0.1,0.25
178,1,0.858,0.263,0.45,0.579,0.092,0.137,0.15,0.571
179,1,1.0,0.584,0.7,0.758,0.242,0.316,0.4,0.892
180,,0.85,0.434,0.55,0.608,0.092,0.166,0.25,0.742
181,,0.7,0.284,0.4,0.458,-0.058,0.016,0.1,0.592
182,5,0.85,0.463,0.65,0.779,0.942,0.337,0.35,0.771
183,5,1.0,0.642,0.9,1.0,1.0,0.658,0.6,0.95
184,,0.85,0.492,0.75,0.85,0.85,0.508,0.45,0.8
185,,0.7,0.342,0.6,0.7,0.7,0.358,0.3,0.65
186,,0.55,0.192,0.45,0.55,0.55,0.208,0.15,0.5
187,,0.4,0.042,0.3,0.4,0.4,0.058,0.0,0.35
188,,0.25,-0.108,0.15,0.25,0.25,-0.092,-0.15,0.2
189,7,0.5,0.071,0.3,0.429,0.5,0.229,0.85,0.521
190,7,0.75,0.25,0.45,0.608,0.75,0.55,1.0,0.842
191,,0.6,0.1,0.3,0.458,0.6,0.4,0.85,0.692
192,,0.45,-0.05,0.15,0.308,0.45,0.25,0.7,0.542
193,2,0.771,0.95,0.471,0.558,0.629,0.4,0.879,0.792
194,2,1.0,1.0,0.792,0.808,0.808,0.55,1.0,1.0
195,,0.85,0.85,0.642,0.658,0.658,0.4,0.85,0.85
196,,0.7,0.7,0.492,0.508,0.508,0.25,0.7,0.7
197,,0.55,0.55,0.342,0.358,0.358,0.1,0.55,0.55
198,,0.4,0.4,0.192,0.208,0.208,-0.05,0.4,0.4
199,6,0.579,0.55,0.371,0.458,0.529,0.95,0.721,0.65
200,6,0.758,0.7,0.55,0.708,0.85,1.0,1.0,0.9
201,,0.608,0.55,0.4,0.558,0.7,0.85,0.85,0.75
202,,0.458,0.4,0.25,0.408,0.55,0.7,0.7,0.6
203,,0.308,0.25,0.1,0.258,0.4,0.55,0.55,0.45
204,,0.158,0.1,-0.05,0.108,0.25,0.4,0.4,0.3
205,3,0.408,0.421,0.95,0.429,0.5,0.579,0.55,0.479
206,3,0.658,0.742,1.0,0.75,0.75,0.758,0.7,0.658
207,,0.508,0.592,0.85,0.6,0.6,0.608,0.55,0.508
208,,0.358,0.442,0.7,0.45,0.45,0.458,0.4,0.358
209,,0.208,0.292,0.55,0.3,0.3,0.308,0.25,0.208
210,,0.058,0.142,0.4,0.15,0.15,0.158,0.1,0.058
211,,-0.092,-0.008,0.25,0.0,0.0,0.008,-0.05,-0.092
212,1,0.908,0.313,0.5,0.179,0.15,0.187,0.2,0.229
213,1,1.0,0.634,0.75,0.358,0.3,0.366,0.45,0.55
214,,0.85,0.484,0.6,0.208,0.15,0.216,0.3,0.4
215,,0.7,0.334,0.45,0.058,0.0,0.066,0.15,0.25
216,,0.55,0.184,0.3,-0.092,-0.15,-0.084,0.0,0.1
217,5,0.7,0.363,0.55,0.229,0.85,0.237,0.25,0.279
218,5,0.85,0.542,0.8,0.55,1.0,0.558,0.5,0.458
219,,0.7,0.392,0.65,0.4,0.85,0.408,0.35,0.308
220,,0.55,0.242,0.5,0.25,0.7,0.258,0.2,0.158
221,,0.4,0.092,0.35,0.1,0.55,0.108,0.05,0.008
222,,0.25,-0.058,0.2,-0.05,0.4,-0.042,-0.1,-0.142
223,8,0.571,0.192,0.379,0.1,0.579,0.208,0.221,0.858
224,8,0.892,0.442,0.558,0.25,0.758,0.458,0.542,1.0
225,,0.742,0.292,0.408,0.1,0.608,0.308,0.392,0.85
226,,0.592,0.142,0.258,-0.05,0.458,0.158,0.242,0.7
227,4,0.771,0.392,0.579,0.95,0.779,0.408,0.421,0.85
228,4,0.95,0.642,0.9,1.0,1.0,0.658,0.6,1.0
229,,0.8,0.492,0.75,0.85,0.85,0.508,0.45,0.85
230,,0.65,0.342,0.6,0.7,0.7,0.358,0.3,0.7
231,,0.5,0.192,0.45,0.55,0.55,0.208,0.15,0.55
232,,0.35,0.042,0.3,0.4,0.4,0.058,0.0,0.4
233,,0.2,-0.108,0.15,0.25,0.25,-0.092,-0.15,0.25
234,7,0.45,0.071,0.3,0.429,0.5,0.229,0.85,0.571
235,7,0.7,0.25,0.45,0.608,0.75,0.55,1.0,0.892
236,,0.55,0.1,0.3,0.458,0.6,0.4,0.85,0.742
237,,0.4,-0.05,0.15,0.308,0.45,0.25,0.7,0.592
238,2,0.721,0.95,0.471,0.558,0.629,0.4,0.879,0.842
239,2,1.0,1.0,0.792,0.808,0.808,0.55,1.0,1.0
240,,0.85,0.85,0.642,0.658,0.658,0.4,0.85,0.85
241,,0.7,0.7,0.492,0.508,0.508,0.25,0.7,0.7
242,,0.55,0.55,0.342,0.358,0.358,0.1,0.55,0.55
243,,0.4,0.4,0.192,0.208,0.208,-0.05,0.4,0.4
244,6,0.579,0.55,0.371,0.458,0.529,0.95,0.721,0.65
245,6,0.758,0.7,0.55,0.708,0.85,1.0,1.0,0.9
246,,0.608,0.55,0.4,0.558,0.7,0.85,0.85,0.75
247,,0.458,0.4,0.25,0.408,0.55,0.7,0.7,0.6
248,,0.308,0.25,0.1,0.258,0.4,0.55,0.55,0.45
249,,0.158,0.1,-0.05,0.108,0.25,0.4,0.4,0.3
250,3,0.408,0.421,0.95,0.429,0.5,0.579,0.55,0.479
251,3,0.658,0.742,1.0,0.75,0.75,0.758,0.7,0.658
252,,0.508,0.592,0.85,0.6,0.6,0.608,0.55,0.508
253,,0.358,0.442,0.7,0.45,0.45,0.458,0.4,0.358
254,,0.208,0.292,0.55,0.3,0.3,0.308,0.25,0.208
255,,0.058,0.142,0.4,0.15,0.15,0.158,0.1,0.058
256,,-0.092,-0.008,0.25,0.0,0.0,0.008,-0.05,-0.092
257,8,0.229,0.242,0.429,0.15,0.179,0.258,0.271,0.908
258,8,0.55,0.492,0.608,0.3,0.358,0.508,0.592,1.0
259,,0.4,0.342,0.458,0.15,0.208,0.358,0.442,0.85
260,,0.25,0.192,0.308,0.0,0.058,0.208,0.292,0.7
261,,0.1,0.042,0.158,-0.15,-0.092,0.058,0.142,0.55
262,4,0.279,0.292,0.479,0.85,0.229,0.308,0.321,0.7
263,4,0.458,0.542,0.8,1.0,0.55,0.558,0.5,0.85
264,,0.308,0.392,0.65,0.85,0.4,0.408,0.35,0.7
265,,0.158,0.242,0.5,0.7,0.25,0.258,0.2,0.55
266,,0.008,0.092,0.35,0.55,0.1,0.108,0.05,0.4
267,,-0.142,-0.058,0.2,0.4,-0.05,-0.042,-0.1,0.25
268,1,0.858,0.263,0.45,0.579,0.1,0.137,0.15,0.571
269,1,1.0,0.584,0.7,0.758,0.25,0.316,0.4,0.892
270,,0.85,0.434,0.55,0.608,0.1,0.166,0.25,0.742
271,,0.7,0.284,0.4,0.458,-0.05,0.016,0.1,0.592
272,5,0.85,0.463,0.65,0.779,0.95,0.337,0.35,0.771
273,5,1.0,0.642,0.9,1.0,1.0,0.658,0.6,0.95
274,,0.85,0.492,0.75,0.85,0.85,0.508,0.45,0.8
275,,0.7,0.342,0.6,0.7,0.7,0.358,0.3,0.65
276,,0.55,0.192,0.45,0.55,0.55,0.208,0.15,0.5
277,,0.4,0.042,0.3,0.4,0.4,0.058,0.0,0.35
278,,0.25,-0.108,0.15,0.25,0.25,-0.092,-0.15,0.2
279,7,0.5,0.071,0.3,0.429,0.5,0.229,0.85,0.521
280,7,0.75,0.25,0.45,0.608,0.75,0.55,1.0,0.842
281,,0.6,0.1,0.3,0.458,0.6,0.4,0.85,0.692
282,,0.45,-0.05,0.15,0.308,0.45,0.25,0.7,0.542
283,2,0.771,0.95,0.471,0.558,0.629,0.4,0.879,0.792
284,2,1.0,1.0,0.792,0.808,0.808,0.55,1.0,1.0
285,,0.85,0.85,0.642,0.658,0.658,0.4,0.85,0.85
286,,0.7,0.7,0.492,0.508,0.508,0.25,0.7,0.7
287,,0.55,0.55,0.342,0.358,0.358,0.1,0.55,0.55
288,,0.4,0.4,0.192,0.208,0.208,-0.05,0.4,0.4
289,6,0.579,0.55,0.371,0.458,0.529,0.95,0.721,0.65
290,6,0.758,0.7,0.55,0.708,0.85,1.0,1.0,0.9
291,,0.608,0.55,0.4,0.558,0.7,0.85,0.85,0.75
292,,0.458,0.4,0.25,0.408,0.55,0.7,0.7,0.6
293,,0.308,0.25,0.1,0.258,0.4,0.55,0.55,0.45
294,,0.158,0.1,-0.05,0.108,0.25,0.4,0.4,0.3
295,3,0.408,0.421,0.95,0.429,0.5,0.579,0.55,0.479
296,3,0.658,0.742,1.0,0.75,0.75,0.758,0.7,0.658
297,,0.508,0.592,0.85,0.6,0.6,0.608,0.55,0.508
298,,0.358,0.442,0.7,0.45,0.45,0.458,0.4,0.358
299,,0.208,0.292,0.55,0.3,0.3,0.308,0.25,0.208
300,,0.058,0.142,0.4,0.15,0.15,0.158,0.1,0.058
301,,-0.092,-0.008,0.25,0.0,0.0,0.008,-0.05,-0.092
302,1,0.908,0.313,0.5,0.179,0.15,0.187,0.2,0.229
303,1,1.0,0.634,0.75,0.358,0.3,0.366,0.45,0.55
304,,0.85,0.484,0.6,0.208,0.15,0.216,0.3,0.4
305,,0.7,0.334,0.45,0.058,0.0,0.066,0.15,0.25
306,,0.55,0.184,0.3,-0.092,-0.15,-0.084,0.0,0.1
307,5,0.7,0.363,0.55,0.229,0.85,0.237,0.25,0.279
308,5,0.85,0.542,0.8,0.55,1.0,0.558,0.5,0.458
309,,0.7,0.392,0.65,0.4,0.85,0.408,0.35,0.308
310,,0.55,0.242,0.5,0.25,0.7,0.258,0.2,0.158
311,,0.4,0.092,0.35,0.1,0.55,0.108,0.05,0.008
312,,0.25,-0.058,0.2,-0.05,0.4,-0.042,-0.1,-0.142
313,8,0.571,0.192,0.379,0.1,0.579,0.208,0.221,0.858
314,8,0.892,0.442,0.558,0.25,0.758,0.458,0.542,1.0
315,,0.742,0.292,0.408,0.1,0.608,0.308,0.392,0.85
316,,0.592,0.142,0.258,-0.05,0.458,0.158,0.242,0.7
317,4,0.771,0.392,0.579,0.95,0.779,0.408,0.421,0.85
318,4,0.95,0.642,0.9,1.0,1.0,0.658,0.6,1.0
319,,0.8,0.492,0.75,0.85,0.85,0.508,0.45,0.85
320,,0.65,0.342,0.6,0.7,0.7,0.358,0.3,0.7
321,,0.5,0.192,0.45,0.55,0.55,0.208,0.15,0.55
322,,0.35,0.042,0.3,0.4,0.4,0.058,0.0,0.4
323,,0.2,-0.108,0.15,0.25,0.25,-0.092,-0.15,0.25
324,7,0.45,0.071,0.3,0.429,0.5,0.229,0.85,0.571
325,7,0.7,0.25,0.45,0.608,0.75,0.55,1.0,0.892
326,,0.55,0.1,0.3,0.458,0.6,0.4,0.85,0.742
327,,0.4,-0.05,0.15,0.308,0.45,0.25,0.7,0.592
328,2,0.721,0.95,0.471,0.558,0.629,0.4,0.879,0.842
329,2,1.0,1.0,0.792,0.808,0.808,0.55,1.0,1.0
330,,0.85,0.85,0.642,0.658,0.658,0.4,0.85,0.85
331,,0.7,0.7,0.492,0.508,0.508,0.25,0.7,0.7
332,,0.55,0.55,0.342,0.358,0.358,0.1,0.55,0.55
333,,0.4,0.4,0.192,0.208,0.208,-0.05,0.4,0.4
334,6,0.579,0.55,0.371,0.458,0.529,0.95,0.721,0.65
335,6,0.758,0.7,0.55,0.708,0.85,1.0,1.0,0.9
336,,0.608,0.55,0.4,0.558,0.7,0.85,0.85,0.75
337,,0.458,0.4,0.25,0.408,0.55,0.7,0.7,0.6
338,,0.308,0.25,0.1,0.258,0.4,0.55,0.55,0.45
339,,0.158,0.1,-0.05,0.108,0.25,0.4,0.4,0.3
340,3,0.408,0.421,0.95,0.429,0.5,0.579,0.55,0.479
341,3,0.658,0.742,1.0,0.75,0.75,0.758,0.7,0.658
342,,0.508,0.592,0.85,0.6,0.6,0.608,0.55,0.508
343,,0.358,0.442,0.7,0.45,0.45,0.458,0.4,0.358
344,,0.208,0.292,0.55,0.3,0.3,0.308,0.25,0.208
345,,0.058,0.142,0.4,0.15,0.15,0.158,0.1,0.058
346,,-0.092,-0.008,0.25,0.0,0.0,0.008,-0.05,-0.092
347,8,0.229,0.242,0.429,0.15,0.179,0.258,0.271,0.908
348,8,0.55,0.492,0.608,0.3,0.358,0.508,0.592,1.0
349,,0.4,0.342,0.458,0.15,0.208,0.358,0.442,0.85
350,,0.25,0.192,0.308,0.0,0.058,0.208,0.292,0.7
351,,0.1,0.042,0.158,-0.15,-0.092,0.058,0.142,0.55
352,4,0.279,0.292,0.479,0.85,0.229,0.308,0.321,0.7
353,4,0.458,0.542,0.8,1.0,0.55,0.558,0.5,0.85
354,,0.308,0.392,0.65,0.85,0.4,0.408,0.35,0.7
355,,0.158,0.242,0.5,0.7,0.25,0.258,0.2,0.55
356,,0.008,0.092,0.35,0.55,0.1,0.108,0.05,0.4
357,,-0.142,-0.058,0.2,0.4,-0.05,-0.042,-0.1,0.25
358,1,0.858,0.263,0.45,0.579,0.1,0.137,0.15,0.571
359,1,1.0,0.584,0.7,0.758,0.25,0.316,0.4,0.892
360,,0.85,0.434,0.55,0.608,0.1,0.166,0.25,0.742
361,,0.7,0.284,0.4,0.458,-0.05,0.016,0.1,0.592
362,5,0.85,0.463,0.65,0.779,0.95,0.337,0.35,0.771
363,5,1.0,0.642,0.9,1.0,1.0,0.658,0.6,0.95
364,,0.85,0.492,0.75,0.85,0.85,0.508,0.45,0.8
365,,0.7,0.342,0.6,0.7,0.7,0.358,0.3,0.65
366,,0.55,0.192,0.45,0.55,0.55,0.208,0.15,0.5
367,,0.4,0.042,0.3,0.4,0.4,0.058,0.0,0.35
368,,0.25,-0.108,0.15,0.25,0.25,-0.092,-0.15,0.2
369,7,0.5,0.071,0.3,0.429,0.5,0.229,0.85,0.521
370,7,0.75,0.25,0.45,0.608,0.75,0.55,1.0,0.842
371,,0.6,0.1,0.3,0.458,0.6,0.4,0.85,0.692
372,,0.45,-0.05,0.15,0.308,0.45,0.25,0.7,0.542
373,2,0.771,0.95,0.471,0.558,0.629,0.4,0.879,0.792
374,2,1.0,1.0,0.792,0.808,0.808,0.55,1.0,1.0
375,,0.85,0.85,0.642,0.658,0.658,0.4,0.85,0.85
376,,0.7,0.7,0.492,0.508,0.508,0.25,0.7,0.7
377,,0.55,0.55,0.342,0.358,0.358,0.1,0.55,0.55
378,,0.4,0.4,0.192,0.208,0.208,-0.05,0.4,0.4
379,6,0.579,0.55,0.371,0.458,0.529,0.95,0.721,0.65
380,6,0.758,0.7,0.55,0.708,0.85,1.0,1.0,0.9
381,,0.608,0.55,0.4,0.558,0.7,0.85,0.85,0.75
382,,0.458,0.4,0.25,0.408,0.55,0.7,0.7,0.6
383,,0.308,0.25,0.1,0.258,0.4,0.55,0.55,0.45
384,,0.158,0.1,-0.05,0.108,0.25,0.4,0.4,0.3
385,3,0.408,0.421,0.95,0.429,0.5,0.579,0.55,0.479
386,3,0.658,0.742,1.0,0.75,0.75,0.758,0.7,0.658
387,,0.508,0.592,0.85,0.6,0.6,0.608,0.55,0.508
388,,0.358,0.442,0.7,0.45,0.45,0.458,0.4,0.358
389,,0.208,0.292,0.55,0.3,0.3,0.308,0.25,0.208
390,,0.058,0.142,0.4,0.15,0.15,0.158,0.1,0.058
391,,-0.092,-0.008,0.25,0.0,0.0,0.008,-0.05,-0.092
392,8,0.229,0.242,0.429,0.15,0.179,0.258,0.271,0.908
393,8,0.55,0.492,0.608,0.3,0.358,0.508,0.592,1.0
394,,0.4,0.342,0.458,0.15,0.208,0.358,0.442,0.85
395,,0.25,0.192,0.308,0.0,0.058,0.208,0.292,0.7
396,,0.1,0.042,0.158,-0.15,-0.092,0.058,0.142,0.55
397,4,0.279,0.292,0.479,0.85,0.229,0.308,0.321,0.7
398,4,0.458,0.542,0.8,1.0,0.55,0.558,0.5,0.85
399,,0.308,0.392,0.65,0.85,0.4,0.408,0.35,0.7
400,,0.158,0.242,0.5,0.7,0.25,0.258,0.2,0.55
401,,0.008,0.092,0.35,0.55,0.1,0.108,0.05,0.4
402,,-0.142,-0.058,0.2,0.4,-0.05,-0.042,-0.1,0.25
403,1,0.858,0.263,0.45,0.579,0.1,0.137,0.15,0.571
404,1,1.0,0.584,0.7,0.758,0.25,0.316,0.4,0.892
405,,0.85,0.434,0.55,0.608,0.1,0.166,0.25,0.742
406,,0.7,0.284,0.4,0.458,-0.05,0.016,0.1,0.592
407,5,0.85,0.463,0.65,0.779,0.95,0.337,0.35,0.771
408,5,1.0,0.642,0.9,1.0,1.0,0.658,0.6,0.95
409,,0.85,0.492,0.75,0.85,0.85,0.508,0.45,0.8
410,,0.7,0.342,0.6,0.7,0.7,0.358,0.3,0.65
411,,0.55,0.192,0.45,0.55,0.55,0.208,0.15,0.5
412,,0.4,0.042,0.3,0.4,0.4,0.058,0.0,0.35
413,,0.25,-0.108,0.15,0.25,0.25,-0.092,-0.15,0.2
414,7,0.5,0.071,0.3,0.429,0.5,0.229,0.85,0.521
415,7,0.75,0.25,0.45,0.608,0.75,0.55,1.0,0.842
416,,0.6,0.1,0.3,0.458,0.6,0.4,0.85,0.692
417,,0.45,-0.05,0.15,0.308,0.45,0.25,0.7,0.542
418,2,0.771,0.95,0.471,0.558,0.629,0.4,0.879,0.792
419,2,1.0,1.0,0.792,0.808,0.808,0.55,1.0,1.0
420,,0.85,0.85,0.642,0.658,0.658,0.4,0.85,0.85
421,,0.7,0.7,0.492,0.508,0.508,0.25,0.7,0.7
422,,0.55,0.55,0.342,0.358,0.358,0.1,0.55,0.55
423,,0.4,0.4,0.192,0.208,0.208,-0.05,0.4,0.4
424,6,0.579,0.55,0.371,0.458,0.529,0.95,0.721,0.65
425,6,0.758,0.7,0.55,0.708,0.85,1.0,1.0,0.9
426,,0.608,0.55,0.4,0.558,0.7,0.85,0.85,0.75
427,,0.458,0.4,0.25,0.408,0.55,0.7,0.7,0.6
428,,0.308,0.25,0.1,0.258,0.4,0.55,0.55,0.45
429,,0.158,0.1,-0.05,0.108,0.25,0.4,0.4,0.3
430,3,0.408,0.421,0.95,0.429,0.5,0.579,0.55,0.479
431,3,0.658,0.742,1.0,0.75,0.75,0.758,0.7,0.658
432,,0.508,0.592,0.85,0.6,0.6,0.608,0.55,0.508
433,,0.358,0.442,0.7,0.45,0.45,0.458,0.4,0.358
434,,0.208,0.292,0.55,0.3,0.3,0.308,0.25,0.208
435,,0.058,0.142,0.4,0.15,0.15,0.158,0.1,0.058
436,,-0.092,-0.008,0.25,0.0,0.0,0.008,-0.05,-0.092
437,8,0.229,0.242,0.429,0.15,0.179,0.258,0.271,0.908
438,8,0.55,0.492,0.608,0.3,0.358,0.508,0.592,1.0
439,,0.4,0.342,0.458,0.15,0.208,0.358,0.442,0.85
440,,0.25,0.192,0.308,0.0,0.058,0.208,0.292,0.7
441,,0.1,0.042,0.158,-0.15,-0.092,0.058,0.142,0.55
442,4,0.279,0.292,0.479,0.85,0.229,0.308,0.321,0.7
443,4,0.458,0.542,0.8,1.0,0.55,0.558,0.5,0.85
444,,0.308,0.392,0.65,0.85,0.4,0.408,0.35,0.7
445,,0.158,0.242,0.5,0.7,0.25,0.258,0.2,0.55
446,,0.008,0.092,0.35,0.55,0.1,0.108,0.05,0.4
447,,-0.142,-0.058,0.2,0.4,-0.05,-0.042,-0.1,0.25
448,1,0.858,0.263,0.45,0.579,0.1,0.137,0.15,0.571
449,1,1.0,0.584,0.7,0.758,0.25,0.316,0.4,0.892
450,,0.85,0.434,0.55,0.608,0.1,0.166,0.25,0.742
451,,0.7,0.284,0.4,0.458,-0.05,0.016,0.1,0.592
452,5,0.85,0.463,0.65,0.779,0.95,0.337,0.35,0.771
453,5,1.0,0.642,0.9,1.0,1.0,0.658,0.6,0.95
454,,0.85,0.492,0.75,0.85,0.85,0.508,0.45,0.8
455,,0.7,0.342,0.6,0.7,0.7,0.358,0.3,0.65
456,,0.55,0.192,0.45,0.55,0.55,0.208,0.15,0.5
457,,0.4,0.042,0.3,0.4,0.4,0.058,0.0,0.35
458,,0.25,-0.108,0.15,0.25,0.25,-0.092,-0.15,0.2
459,7,0.5,0.071,0.3,0.429,0.5,0.229,0.85,0.521
460,7,0.75,0.25,0.45,0.608,0.75,0.55,1.0,0.842
461,,0.6,0.1,0.3,0.458,0.6,0.4,0.85,0.692
462,,0.45,-0.05,0.15,0.308,0.45,0.25,0.7,0.542
463,2,0.771,0.95,0.471,0.558,0.629,0.4,0.879,0.792
464,2,1.0,1.0,0.792,0.808,0.808,0.55,1.0,1.0
465,,0.85,0.85,0.642,0.658,0.658,0.4,0.85,0.85
466,,0.7,0.7,0.492,0.508,0.508,0.25,0.7,0.7
467,,0.55,0.55,0.342,0.358,0.358,0.1,0.55,0.55
468,,0.4,0.4,0.192,0.208,0.208,-0.05,0.4,0.4
469,6,0.579,0.55,0.371,0.458,0.529,0.95,0.721,0.65
470,6,0.758,0.7,0.55,0.708,0.85,1.0,1.0,0.9
471,,0.608,0.55,0.4,0.558,0.7,0.85,0.85,0.75
472,,0.458,0.4,0.25,0.408,0.55,0.7,0.7,0.6
473,,0.308,0.25,0.1,0.258,0.4,0.55,0.55,0.45
474,,0.158,0.1,-0.05,0.108,0.25,0.4,0.4,0.3
475,3,0.408,0.421,0.95,0.429,0.5,0.579,0.55,0.479
476,3,0.658,0.742,1.0,0.75,0.75,0.758,0.7,0.658
477,,0.508,0.592,0.85,0.6,0.6,0.608,0.55,0.508
478,,0.358,0.442,0.7,0.45,0.45,0.458,0.4,0.358
479,,0.208,0.292,0.55,0.3,0.3,0.308,0.25,0.208
480,,0.058,0.142,0.4,0.15,0.15,0.158,0.1,0.058
481,,-0.092,-0.008,0.25,0.0,0.0,0.008,-0.05,-0.092
482,8,0.229,0.242,0.429,0.15,0.179,0.258,0.271,0.908
483,8,0.55,0.492,0.608,0.3,0.358,0.508,0.592,1.0
484,,0.4,0.342,0.458,0.15,0.208,0.358,0.442,0.85
485,,0.25,0.192,0.308,0.0,0.058,0.208,0.292,0.7
486,,0.1,0.042,0.158,-0.15,-0.092,0.058,0.142,0.55
487,4,0.279,0.292,0.479,0.85,0.229,0.308,0.321,0.7
488,4,0.458,0.542,0.8,1.0,0.55,0.558,0.5,0.85
489,,0.308,0.392,0.65,0.85,0.4,0.408,0.35,0.7
490,,0.158,0.242,0.5,0.7,0.25,0.258,0.2,0.55
491,,0.008,0.092,0.35,0.55,0.1,0.108,0.05,0.4
492,,-0.142,-0.058,0.2,0.4,-0.05,-0.042,-0.1,0.25
493,1,0.858,0.263,0.45,0.579,0.1,0.137,0.15,0.571
494,1,1.0,0.584,0.7,0.758,0.25,0.316,0.4,0.892
495,,0.85,0.434,0.55,0.608,0.1,0.166,0.25,0.742
496,,0.7,0.284,0.4,0.458,-0.05,0.016,0.1,0.592
497,5,0.85,0.463,0.65,0.779,0.95,0.337,0.35,0.771
498,5,1.0,0.642,0.9,1.0,1.0,0.658,0.6,0.95
499,,0.85,0.492,0.75,0.85,0.85,0.508,0.45,0.8
