step,active_motive,motive_1,motive_2,motive_3,motive_4,motive_5,motive_6,motive_7,motive_8
0,,0.01944,0.04114,0.06995,0.01384,0.01327,0.09695,0.07146,0.00411
1,,-0.03056,-0.00886,0.01995,-0.03616,-0.03673,0.04695,0.02146,-0.04589
2,8,0.30244,0.04114,-0.21305,-0.38616,-0.26973,0.09695,0.35446,0.95411
3,8,0.63544,0.09114,-0.44605,-0.73616,-0.50273,0.14695,0.68746,1.0
4,4,0.40244,0.14114,-0.11305,0.26384,-0.16973,0.19695,0.45446,0.65
5,4,0.16944,0.19114,0.21995,1.0,0.16327,0.24695,0.22146,0.3
6,,0.11944,0.14114,0.16995,0.95,0.11327,0.19695,0.17146,0.25
7,,0.06944,0.09114,0.11995,0.9,0.06327,0.14695,0.12146,0.2
8,,0.01944,0.04114,0.06995,0.85,0.01327,0.09695,0.07146,0.15
9,,-0.03056,-0.00886,0.01995,0.8,-0.03673,0.04695,0.02146,0.1
10,5,-0.38056,-0.24186,0.06995,1.0,0.96327,0.37995,0.07146,-0.133
11,5,-0.73056,-0.47486,0.11995,1.0,1.0,0.71295,0.12146,-0.366
12,1,0.26944,-0.14186,0.16995,0.767,0.65,0.47995,0.17146,-0.033
13,1,1.0,0.19114,0.21995,0.534,0.3,0.24695,0.22146,0.3
14,,0.95,0.14114,0.16995,0.484,0.25,0.19695,0.17146,0.25
15,,0.9,0.09114,0.11995,0.434,0.2,0.14695,0.12146,0.2
16,,0.85,0.04114,0.06995,0.384,0.15,0.09695,0.07146,0.15
17,,0.8,-0.00886,0.01995,0.334,0.1,0.04695,0.02146,0.1
18,2,1.0,0.99114,0.35295,0.384,-0.133,-0.30305,-0.21154,0.15
19,2,1.0,1.0,0.68595,0.434,-0.366,-0.65305,-0.44454,0.2
20,6,0.767,0.65,0.45295,0.484,-0.033,0.34695,-0.11154,0.25
21,6,0.534,0.3,0.21995,0.534,0.3,1.0,0.22146,0.3
22,,0.484,0.25,0.16995,0.484,0.25,0.95,0.17146,0.25
23,,0.434,0.2,0.11995,0.434,0.2,0.9,0.12146,0.2
24,,0.384,0.15,0.06995,0.384,0.15,0.85,0.07146,0.15
25,,0.334,0.1,0.01995,0.334,0.1,0.8,0.02146,0.1
26,,0.284,0.05,-0.03005,0.284,0.05,0.75,-0.02854,0.05
27,3,0.334,0.383,0.96995,0.617,0.1,0.517,-0.37854,-0.183
28,3,0.384,0.716,1.0,0.95,0.15,0.284,-0.72854,-0.416
29,7,0.434,0.483,0.65,0.717,0.2,0.617,0.27146,-0.083
30,7,0.484,0.25,0.3,0.484,0.25,0.95,1.0,0.25
31,,0.434,0.2,0.25,0.434,0.2,0.9,0.95,0.2
32,,0.384,0.15,0.2,0.384,0.15,0.85,0.9,0.15
33,,0.334,0.1,0.15,0.334,0.1,0.8,0.85,0.1
34,,0.284,0.05,0.1,0.284,0.05,0.75,0.8,0.05
35,,0.234,0.0,0.05,0.234,0.0,0.7,0.75,0.0
36,,0.184,-0.05,0.0,0.184,-0.05,0.65,0.7,-0.05
37,8,0.517,0.0,-0.233,-0.166,-0.283,0.7,1.0,0.95
38,8,0.85,0.05,-0.466,-0.516,-0.516,0.75,1.0,1.0
39,4,0.617,0.1,-0.133,0.484,-0.183,0.8,0.767,0.65
40,4,0.384,0.15,0.2,1.0,0.15,0.85,0.534,0.3
41,,0.334,0.1,0.15,0.95,0.1,0.8,0.484,0.25
42,,0.284,0.05,0.1,0.9,0.05,0.75,0.434,0.2
43,,0.234,0.0,0.05,0.85,0.0,0.7,0.384,0.15
44,,0.184,-0.05,0.0,0.8,-0.05,0.65,0.334,0.1
45,5,-0.166,-0.283,0.05,1.0,0.95,0.983,0.384,-0.133
46,5,-0.516,-0.516,0.1,1.0,1.0,1.0,0.434,-0.366
47,2,-0.183,0.484,0.433,1.0,0.767,0.65,0.201,-0.316
48,2,0.15,1.0,0.766,1.0,0.534,0.3,-0.032,-0.266
49,8,0.483,1.0,0.533,0.65,0.301,0.35,0.301,0.734
50,8,0.816,1.0,0.3,0.3,0.068,0.4,0.634,1.0
51,,0.766,0.95,0.25,0.25,0.018,0.35,0.584,0.95
52,,0.716,0.9,0.2,0.2,-0.032,0.3,0.534,0.9
53,5,0.366,0.667,0.25,0.533,0.968,0.633,0.584,0.667
54,5,0.016,0.434,0.3,0.866,1.0,0.966,0.634,0.434
55,,-0.034,0.384,0.25,0.816,0.95,0.916,0.584,0.384
56,1,0.966,0.717,0.3,0.583,0.6,0.683,0.634,0.717
57,1,1.0,1.0,0.35,0.35,0.25,0.45,0.684,1.0
58,,0.95,0.95,0.3,0.3,0.2,0.4,0.634,0.95
59,,0.9,0.9,0.25,0.25,0.15,0.35,0.584,0.9
60,,0.85,0.85,0.2,0.2,0.1,0.3,0.534,0.85
61,,0.8,0.8,0.15,0.15,0.05,0.25,0.484,0.8
62,,0.75,0.75,0.1,0.1,0.0,0.2,0.434,0.75
63,,0.7,0.7,0.05,0.05,-0.05,0.15,0.384,0.7
64,5,0.35,0.467,0.1,0.383,0.95,0.483,0.434,0.467
65,5,-0.0,0.234,0.15,0.716,1.0,0.816,0.484,0.234
66,,-0.05,0.184,0.1,0.666,0.95,0.766,0.434,0.184
67,1,0.95,0.517,0.15,0.433,0.6,0.533,0.484,0.517
68,1,1.0,0.85,0.2,0.2,0.25,0.3,0.534,0.85
69,,0.95,0.8,0.15,0.15,0.2,0.25,0.484,0.8
70,,0.9,0.75,0.1,0.1,0.15,0.2,0.434,0.75
71,,0.85,0.7,0.05,0.05,0.1,0.15,0.384,0.7
72,,0.8,0.65,0.0,0.0,0.05,0.1,0.334,0.65
73,,0.75,0.6,-0.05,-0.05,0.0,0.05,0.284,0.6
74,3,0.8,0.933,0.95,0.283,0.05,-0.183,-0.066,0.367
75,3,0.85,1.0,1.0,0.616,0.1,-0.416,-0.416,0.134
76,7,0.9,0.767,0.65,0.383,0.15,-0.083,0.584,0.467
77,7,0.95,0.534,0.3,0.15,0.2,0.25,1.0,0.8
78,,0.9,0.484,0.25,0.1,0.15,0.2,0.95,0.75
79,,0.85,0.434,0.2,0.05,0.1,0.15,0.9,0.7
80,,0.8,0.384,0.15,0.0,0.05,0.1,0.85,0.65
81,,0.75,0.334,0.1,-0.05,0.0,0.05,0.8,0.6
82,4,0.517,0.384,0.433,0.95,0.333,0.1,0.567,0.25
83,4,0.284,0.434,0.766,1.0,0.666,0.15,0.334,-0.1
84,8,0.617,0.484,0.533,0.65,0.433,0.2,0.667,0.9
85,8,0.95,0.534,0.3,0.3,0.2,0.25,1.0,1.0
86,,0.9,0.484,0.25,0.25,0.15,0.2,0.95,0.95
87,,0.85,0.434,0.2,0.2,0.1,0.15,0.9,0.9
88,,0.8,0.384,0.15,0.15,0.05,0.1,0.85,0.85
89,,0.75,0.334,0.1,0.1,0.0,0.05,0.8,0.8
90,,0.7,0.284,0.05,0.05,-0.05,0.0,0.75,0.75
91,5,0.35,0.051,0.1,0.383,0.95,0.333,0.8,0.517
92,5,-0.0,-0.182,0.15,0.716,1.0,0.666,0.85,0.284
93,2,0.333,0.818,0.483,0.766,0.767,0.316,0.617,0.334
94,2,0.666,1.0,0.816,0.816,0.534,-0.034,0.384,0.384
95,6,0.433,0.65,0.583,0.866,0.867,0.966,0.717,0.434
96,6,0.2,0.3,0.35,0.916,1.0,1.0,1.0,0.484
97,,0.15,0.25,0.3,0.866,0.95,0.95,0.95,0.434
98,,0.1,0.2,0.25,0.816,0.9,0.9,0.9,0.384
99,,0.05,0.15,0.2,0.766,0.85,0.85,0.85,0.334
100,,0.0,0.1,0.15,0.716,0.8,0.8,0.8,0.284
101,,-0.05,0.05,0.1,0.666,0.75,0.75,0.75,0.234
102,1,0.95,0.383,0.15,0.433,0.4,0.517,0.8,0.567
103,1,1.0,0.716,0.2,0.2,0.05,0.284,0.85,0.9
104,,0.95,0.666,0.15,0.15,0.0,0.234,0.8,0.85
105,,0.9,0.616,0.1,0.1,-0.05,0.184,0.75,0.8
106,5,0.55,0.383,0.15,0.433,0.95,0.517,0.8,0.567
107,5,0.2,0.15,0.2,0.766,1.0,0.85,0.85,0.334
108,,0.15,0.1,0.15,0.716,0.95,0.8,0.8,0.284
109,,0.1,0.05,0.1,0.666,0.9,0.75,0.75,0.234
110,,0.05,0.0,0.05,0.616,0.85,0.7,0.7,0.184
111,,0.0,-0.05,0.0,0.566,0.8,0.65,0.65,0.134
112,2,0.333,0.95,0.333,0.616,0.567,0.3,0.417,0.184
113,2,0.666,1.0,0.666,0.666,0.334,-0.05,0.184,0.234
114,6,0.433,0.65,0.433,0.716,0.667,0.95,0.517,0.284
115,6,0.2,0.3,0.2,0.766,1.0,1.0,0.85,0.334
116,,0.15,0.25,0.15,0.716,0.95,0.95,0.8,0.284
117,,0.1,0.2,0.1,0.666,0.9,0.9,0.75,0.234
118,,0.05,0.15,0.05,0.616,0.85,0.85,0.7,0.184
119,,0.0,0.1,0.0,0.566,0.8,0.8,0.65,0.134
120,,-0.05,0.05,-0.05,0.516,0.75,0.75,0.6,0.084
121,1,0.95,0.383,0.0,0.283,0.4,0.517,0.65,0.417
122,1,1.0,0.716,0.05,0.05,0.05,0.284,0.7,0.75
123,,0.95,0.666,0.0,0.0,0.0,0.234,0.65,0.7
124,,0.9,0.616,-0.05,-0.05,-0.05,0.184,0.6,0.65
125,4,0.667,0.666,0.283,0.95,0.283,0.234,0.367,0.3
126,4,0.434,0.716,0.616,1.0,0.616,0.284,0.134,-0.05
127,8,0.767,0.766,0.383,0.65,0.383,0.334,0.467,0.95
128,8,1.0,0.816,0.15,0.3,0.15,0.384,0.8,1.0
129,,0.95,0.766,0.1,0.25,0.1,0.334,0.75,0.95
130,,0.9,0.716,0.05,0.2,0.05,0.284,0.7,0.9
131,,0.85,0.666,0.0,0.15,0.0,0.234,0.65,0.85
132,,0.8,0.616,-0.05,0.1,-0.05,0.184,0.6,0.8
133,3,0.85,0.949,0.95,0.433,0.0,-0.049,0.25,0.567
134,3,0.9,1.0,1.0,0.766,0.05,-0.282,-0.1,0.334
135,6,0.667,0.65,0.767,0.816,0.383,0.718,0.233,0.384
136,6,0.434,0.3,0.534,0.866,0.716,1.0,0.566,0.434
137,,0.384,0.25,0.484,0.816,0.666,0.95,0.516,0.384
138,,0.334,0.2,0.434,0.766,0.616,0.9,0.466,0.334
139,,0.284,0.15,0.384,0.716,0.566,0.85,0.416,0.284
140,,0.234,0.1,0.334,0.666,0.516,0.8,0.366,0.234
141,,0.184,0.05,0.284,0.616,0.466,0.75,0.316,0.184
142,,0.134,0.0,0.234,0.566,0.416,0.7,0.266,0.134
143,,0.084,-0.05,0.184,0.516,0.366,0.65,0.216,0.084
144,2,0.417,0.95,0.517,0.566,0.133,0.3,-0.017,0.134
145,2,0.75,1.0,0.85,0.616,-0.1,-0.05,-0.25,0.184
146,7,0.8,0.767,0.5,0.383,-0.05,0.283,0.75,0.517
147,7,0.85,0.534,0.15,0.15,0.0,0.616,1.0,0.85
148,,0.8,0.484,0.1,0.1,-0.05,0.566,0.95,0.8
149,5,0.45,0.251,0.15,0.433,0.95,0.899,1.0,0.567
150,5,0.1,0.018,0.2,0.766,1.0,1.0,1.0,0.334
151,,0.05,-0.032,0.15,0.716,0.95,0.95,0.95,0.284
152,2,0.383,0.968,0.483,0.766,0.717,0.6,0.717,0.334
153,2,0.716,1.0,0.816,0.816,0.484,0.25,0.484,0.384
154,,0.666,0.95,0.766,0.766,0.434,0.2,0.434,0.334
155,,0.616,0.9,0.716,0.716,0.384,0.15,0.384,0.284
156,,0.566,0.85,0.666,0.666,0.334,0.1,0.334,0.234
157,,0.516,0.8,0.616,0.616,0.284,0.05,0.284,0.184
158,,0.466,0.75,0.566,0.566,0.234,0.0,0.234,0.134
159,,0.416,0.7,0.516,0.516,0.184,-0.05,0.184,0.084
160,6,0.183,0.35,0.283,0.566,0.517,0.95,0.517,0.134
161,6,-0.05,-0.0,0.05,0.616,0.85,1.0,0.85,0.184
162,1,0.95,0.333,0.1,0.383,0.5,0.767,0.9,0.517
163,1,1.0,0.666,0.15,0.15,0.15,0.534,0.95,0.85
164,,0.95,0.616,0.1,0.1,0.1,0.484,0.9,0.8
165,,0.9,0.566,0.05,0.05,0.05,0.434,0.85,0.75
166,,0.85,0.516,0.0,0.0,0.0,0.384,0.8,0.7
167,,0.8,0.466,-0.05,-0.05,-0.05,0.334,0.75,0.65
168,4,0.567,0.516,0.283,0.95,0.283,0.384,0.517,0.3
169,4,0.334,0.566,0.616,1.0,0.616,0.434,0.284,-0.05
170,8,0.667,0.616,0.383,0.65,0.383,0.484,0.617,0.95
171,8,1.0,0.666,0.15,0.3,0.15,0.534,0.95,1.0
172,,0.95,0.616,0.1,0.25,0.1,0.484,0.9,0.95
173,,0.9,0.566,0.05,0.2,0.05,0.434,0.85,0.9
174,,0.85,0.516,0.0,0.15,0.0,0.384,0.8,0.85
175,,0.8,0.466,-0.05,0.1,-0.05,0.334,0.75,0.8
176,3,0.85,0.799,0.95,0.433,0.0,0.101,0.4,0.567
177,3,0.9,1.0,1.0,0.766,0.05,-0.132,0.05,0.334
178,6,0.667,0.65,0.767,0.816,0.383,0.868,0.383,0.384
179,6,0.434,0.3,0.534,0.866,0.716,1.0,0.716,0.434
180,,0.384,0.25,0.484,0.816,0.666,0.95,0.666,0.384
181,,0.334,0.2,0.434,0.766,0.616,0.9,0.616,0.334
182,,0.284,0.15,0.384,0.716,0.566,0.85,0.566,0.284
183,,0.234,0.1,0.334,0.666,0.516,0.8,0.516,0.234
184,,0.184,0.05,0.284,0.616,0.466,0.75,0.466,0.184
185,,0.134,0.0,0.234,0.566,0.416,0.7,0.416,0.134
186,,0.084,-0.05,0.184,0.516,0.366,0.65,0.366,0.084
187,2,0.417,0.95,0.517,0.566,0.133,0.3,0.133,0.134
188,2,0.75,1.0,0.85,0.616,-0.1,-0.05,-0.1,0.184
189,5,0.4,0.767,0.9,0.949,0.9,0.283,-0.05,-0.049
190,5,0.05,0.534,0.95,1.0,1.0,0.616,0.0,-0.282
191,8,0.383,0.584,0.717,0.65,0.767,0.666,0.333,0.718
192,8,0.716,0.634,0.484,0.3,0.534,0.716,0.666,1.0
193,,0.666,0.584,0.434,0.25,0.484,0.666,0.616,0.95
194,,0.616,0.534,0.384,0.2,0.434,0.616,0.566,0.9
195,,0.566,0.484,0.334,0.15,0.384,0.566,0.516,0.85
196,,0.516,0.434,0.284,0.1,0.334,0.516,0.466,0.8
197,,0.466,0.384,0.234,0.05,0.284,0.466,0.416,0.75
198,,0.416,0.334,0.184,0.0,0.234,0.416,0.366,0.7
199,,0.366,0.284,0.134,-0.05,0.184,0.366,0.316,0.65
200,4,0.133,0.334,0.467,0.95,0.517,0.416,0.083,0.3
201,4,-0.1,0.384,0.8,1.0,0.85,0.466,-0.15,-0.05
202,7,-0.05,0.151,0.45,0.767,0.9,0.799,0.85,0.283
203,7,0.0,-0.082,0.1,0.534,0.95,1.0,1.0,0.616
204,2,0.333,0.918,0.433,0.584,0.717,0.65,0.767,0.666
205,2,0.666,1.0,0.766,0.634,0.484,0.3,0.534,0.716
206,,0.616,0.95,0.716,0.584,0.434,0.25,0.484,0.666
207,,0.566,0.9,0.666,0.534,0.384,0.2,0.434,0.616
208,,0.516,0.85,0.616,0.484,0.334,0.15,0.384,0.566
209,,0.466,0.8,0.566,0.434,0.284,0.1,0.334,0.516
210,,0.416,0.75,0.516,0.384,0.234,0.05,0.284,0.466
211,,0.366,0.7,0.466,0.334,0.184,0.0,0.234,0.416
212,,0.316,0.65,0.416,0.284,0.134,-0.05,0.184,0.366
213,6,0.083,0.3,0.183,0.334,0.467,0.95,0.517,0.416
214,6,-0.15,-0.05,-0.05,0.384,0.8,1.0,0.85,0.466
215,1,0.85,0.283,0.0,0.151,0.45,0.767,0.9,0.799
216,1,1.0,0.616,0.05,-0.082,0.1,0.534,0.95,1.0
217,4,0.767,0.666,0.383,0.918,0.433,0.584,0.717,0.65
218,4,0.534,0.716,0.716,1.0,0.766,0.634,0.484,0.3
219,,0.484,0.666,0.666,0.95,0.716,0.584,0.434,0.25
220,,0.434,0.616,0.616,0.9,0.666,0.534,0.384,0.2
221,,0.384,0.566,0.566,0.85,0.616,0.484,0.334,0.15
222,,0.334,0.516,0.516,0.8,0.566,0.434,0.284,0.1
223,,0.284,0.466,0.466,0.75,0.516,0.384,0.234,0.05
224,,0.234,0.416,0.416,0.7,0.466,0.334,0.184,0.0
225,,0.184,0.366,0.366,0.65,0.416,0.284,0.134,-0.05
226,8,0.517,0.416,0.133,0.3,0.183,0.334,0.467,0.95
227,8,0.85,0.466,-0.1,-0.05,-0.05,0.384,0.8,1.0
228,3,0.9,0.799,0.9,0.283,0.0,0.151,0.45,0.767
229,3,0.95,1.0,1.0,0.616,0.05,-0.082,0.1,0.534
230,6,0.717,0.65,0.767,0.666,0.383,0.918,0.433,0.584
231,6,0.484,0.3,0.534,0.716,0.716,1.0,0.766,0.634
232,,0.434,0.25,0.484,0.666,0.666,0.95,0.716,0.584
233,,0.384,0.2,0.434,0.616,0.616,0.9,0.666,0.534
234,,0.334,0.15,0.384,0.566,0.566,0.85,0.616,0.484
235,,0.284,0.1,0.334,0.516,0.516,0.8,0.566,0.434
236,,0.234,0.05,0.284,0.466,0.466,0.75,0.516,0.384
237,,0.184,0.0,0.234,0.416,0.416,0.7,0.466,0.334
238,,0.134,-0.05,0.184,0.366,0.366,0.65,0.416,0.284
239,2,0.467,0.95,0.517,0.416,0.133,0.3,0.183,0.334
240,2,0.8,1.0,0.85,0.466,-0.1,-0.05,-0.05,0.384
241,5,0.45,0.767,0.9,0.799,0.9,0.283,0.0,0.151
242,5,0.1,0.534,0.95,1.0,1.0,0.616,0.05,-0.082
243,8,0.433,0.584,0.717,0.65,0.767,0.666,0.383,0.918
244,8,0.766,0.634,0.484,0.3,0.534,0.716,0.716,1.0
245,,0.716,0.584,0.434,0.25,0.484,0.666,0.666,0.95
246,,0.666,0.534,0.384,0.2,0.434,0.616,0.616,0.9
247,,0.616,0.484,0.334,0.15,0.384,0.566,0.566,0.85
248,,0.566,0.434,0.284,0.1,0.334,0.516,0.516,0.8
249,,0.516,0.384,0.234,0.05,0.284,0.466,0.466,0.75
250,,0.466,0.334,0.184,0.0,0.234,0.416,0.416,0.7
251,,0.416,0.284,0.134,-0.05,0.184,0.366,0.366,0.65
252,4,0.183,0.334,0.467,0.95,0.517,0.416,0.133,0.3
253,4,-0.05,0.384,0.8,1.0,0.85,0.466,-0.1,-0.05
254,7,0.0,0.151,0.45,0.767,0.9,0.799,0.9,0.283
255,7,0.05,-0.082,0.1,0.534,0.95,1.0,1.0,0.616
256,2,0.383,0.918,0.433,0.584,0.717,0.65,0.767,0.666
257,2,0.716,1.0,0.766,0.634,0.484,0.3,0.534,0.716
258,,0.666,0.95,0.716,0.584,0.434,0.25,0.484,0.666
259,,0.616,0.9,0.666,0.534,0.384,0.2,0.434,0.616
260,,0.566,0.85,0.616,0.484,0.334,0.15,0.384,0.566
261,,0.516,0.8,0.566,0.434,0.284,0.1,0.334,0.516
262,,0.466,0.75,0.516,0.384,0.234,0.05,0.284,0.466
263,,0.416,0.7,0.466,0.334,0.184,0.0,0.234,0.416
264,,0.366,0.65,0.416,0.284,0.134,-0.05,0.184,0.366
265,6,0.133,0.3,0.183,0.334,0.467,0.95,0.517,0.416
266,6,-0.1,-0.05,-0.05,0.384,0.8,1.0,0.85,0.466
267,1,0.9,0.283,0.0,0.151,0.45,0.767,0.9,0.799
268,1,1.0,0.616,0.05,-0.082,0.1,0.534,0.95,1.0
269,4,0.767,0.666,0.383,0.918,0.433,0.584,0.717,0.65
270,4,0.534,0.716,0.716,1.0,0.766,0.634,0.484,0.3
271,,0.484,0.666,0.666,0.95,0.716,0.584,0.434,0.25
272,,0.434,0.616,0.616,0.9,0.666,0.534,0.384,0.2
273,,0.384,0.566,0.566,0.85,0.616,0.484,0.334,0.15
274,,0.334,0.516,0.516,0.8,0.566,0.434,0.284,0.1
275,,0.284,0.466,0.466,0.75,0.516,0.384,0.234,0.05
276,,0.234,0.416,0.416,0.7,0.466,0.334,0.184,0.0
277,,0.184,0.366,0.366,0.65,0.416,0.284,0.134,-0.05
278,8,0.517,0.416,0.133,0.3,0.183,0.334,0.467,0.95
279,8,0.85,0.466,-0.1,-0.05,-0.05,0.384,0.8,1.0
280,3,0.9,0.799,0.9,0.283,0.0,0.151,0.45,0.767
281,3,0.95,1.0,1.0,0.616,0.05,-0.082,0.1,0.534
282,6,0.717,0.65,0.767,0.666,0.383,0.918,0.433,0.584
283,6,0.484,0.3,0.534,0.716,0.716,1.0,0.766,0.634
284,,0.434,0.25,0.484,0.666,0.666,0.95,0.716,0.584
285,,0.384,0.2,0.434,0.616,0.616,0.9,0.666,0.534
286,,0.334,0.15,0.384,0.566,0.566,0.85,0.616,0.484
287,,0.284,0.1,0.334,0.516,0.516,0.8,0.566,0.434
288,,0.234,0.05,0.284,0.466,0.466,0.75,0.516,0.384
289,,0.184,0.0,0.234,0.416,0.416,0.7,0.466,0.334
290,,0.134,-0.05,0.184,0.366,0.366,0.65,0.416,0.284
291,2,0.467,0.95,0.517,0.416,0.133,0.3,0.183,0.334
292,2,0.8,1.0,0.85,0.466,-0.1,-0.05,-0.05,0.384
293,5,0.45,0.767,0.9,0.799,0.9,0.283,0.0,0.151
294,5,0.1,0.534,0.95,1.0,1.0,0.616,0.05,-0.082
295,8,0.433,0.584,0.717,0.65,0.767,0.666,0.383,0.918
296,8,0.766,0.634,0.484,0.3,0.534,0.716,0.716,1.0
297,,0.716,0.584,0.434,0.25,0.484,0.666,0.666,0.95
298,,0.666,0.534,0.384,0.2,0.434,0.616,0.616,0.9
299,,0.616,0.484,0.334,0.15,0.384,0.566,0.566,0.85
300,,0.566,0.434,0.284,0.1,0.334,0.516,0.516,0.8
301,,0.516,0.384,0.234,0.05,0.284,0.466,0.466,0.75
302,,0.466,0.334,0.184,0.0,0.234,0.416,0.416,0.7
303,,0.416,0.284,0.134,-0.05,0.184,0.366,0.366,0.65
304,4,0.183,0.334,0.467,0.95,0.517,0.416,0.133,0.3
305,4,-0.05,0.384,0.8,1.0,0.85,0.466,-0.1,-0.05
306,7,0.0,0.151,0.45,0.767,0.9,0.799,0.9,0.283
307,7,0.05,-0.082,0.1,0.534,0.95,1.0,1.0,0.616
308,2,0.383,0.918,0.433,0.584,0.717,0.65,0.767,0.666
309,2,0.716,1.0,0.766,0.634,0.484,0.3,0.534,0.716
310,,0.666,0.95,0.716,0.584,0.434,0.25,0.484,0.666
311,,0.616,0.9,0.666,0.534,0.384,0.2,0.434,0.616
312,,0.566,0.85,0.616,0.484,0.334,0.15,0.384,0.566
313,,0.516,0.8,0.566,0.434,0.284,0.1,0.334,0.516
314,,0.466,0.75,0.516,0.384,0.234,0.05,0.284,0.466
315,,0.416,0.7,0.466,0.334,0.184,0.0,0.234,0.416
316,,0.366,0.65,0.416,0.284,0.134,-0.05,0.184,0.366
317,6,0.133,0.3,0.183,0.334,0.467,0.95,0.517,0.416
318,6,-0.1,-0.05,-0.05,0.384,0.8,1.0,0.85,0.466
319,1,0.9,0.283,0.0,0.151,0.45,0.767,0.9,0.799
320,1,1.0,0.616,0.05,-0.082,0.1,0.534,0.95,1.0
321,4,0.767,0.666,0.383,0.918,0.433,0.584,0.717,0.65
322,4,0.534,0.716,0.716,1.0,0.766,0.634,0.484,0.3
323,,0.484,0.666,0.666,0.95,0.716,0.584,0.434,0.25
324,,0.434,0.616,0.616,0.9,0.666,0.534,0.384,0.2
325,,0.384,0.566,0.566,0.85,0.616,0.484,0.334,0.15
326,,0.334,0.516,0.516,0.8,0.566,0.434,0.284,0.1
327,,0.284,0.466,0.466,0.75,0.516,0.384,0.234,0.05
328,,0.234,0.416,0.416,0.7,0.466,0.334,0.184,0.0
329,,0.184,0.366,0.366,0.65,0.416,0.284,0.134,-0.05
330,8,0.517,0.416,0.133,0.3,0.183,0.334,0.467,0.95
331,8,0.85,0.466,-0.1,-0.05,-0.05,0.384,0.8,1.0
332,3,0.9,0.799,0.9,0.283,0.0,0.151,0.45,0.767
333,3,0.95,1.0,1.0,0.616,0.05,-0.082,0.1,0.534
334,6,0.717,0.65,0.767,0.666,0.383,0.918,0.433,0.584
335,6,0.484,0.3,0.534,0.716,0.716,1.0,0.766,0.634
336,,0.434,0.25,0.484,0.666,0.666,0.95,0.716,0.584
337,,0.384,0.2,0.434,0.616,0.616,0.9,0.666,0.534
338,,0.334,0.15,0.384,0.566,0.566,0.85,0.616,0.484
339,,0.284,0.1,0.334,0.516,0.516,0.8,0.566,0.434
340,,0.234,0.05,0.284,0.466,0.466,0.75,0.516,0.384
341,,0.184,0.0,0.234,0.416,0.416,0.7,0.466,0.334
342,,0.134,-0.05,0.184,0.366,0.366,0.65,0.416,0.284
343,2,0.467,0.95,0.517,0.416,0.133,0.3,0.183,0.334
344,2,0.8,1.0,0.85,0.466,-0.1,-0.05,-0.05,0.384
345,5,0.45,0.767,0.9,0.799,0.9,0.283,0.0,0.151
346,5,0.1,0.534,0.95,1.0,1.0,0.616,0.05,-0.082
347,8,0.433,0.584,0.717,0.65,0.767,0.666,0.383,0.918
348,8,0.766,0.634,0.484,0.3,0.534,0.716,0.716,1.0
349,,0.716,0.584,0.434,0.25,0.484,0.666,0.666,0.95
350,,0.666,0.534,0.384,0.2,0.434,0.616,0.616,0.9
351,,0.616,0.484,0.334,0.15,0.384,0.566,0.566,0.85
352,,0.566,0.434,0.284,0.1,0.334,0.516,0.516,0.8
353,,0.516,0.384,0.234,0.05,0.284,0.466,0.466,0.75
354,,0.466,0.334,0.184,0.0,0.234,0.416,0.416,0.7
355,,0.416,0.284,0.134,-0.05,0.184,0.366,0.366,0.65
356,4,0.183,0.334,0.467,0.95,0.517,0.416,0.133,0.3
357,4,-0.05,0.384,0.8,1.0,0.85,0.466,-0.1,-0.05
358,7,0.0,0.151,0.45,0.767,0.9,0.799,0.9,0.283
359,7,0.05,-0.082,0.1,0.534,0.95,1.0,1.0,0.616
360,2,0.383,0.918,0.433,0.584,0.717,0.65,0.767,0.666
361,2,0.716,1.0,0.766,0.634,0.484,0.3,0.534,0.716
362,,0.666,0.95,0.716,0.584,0.434,0.25,0.484,0.666
363,,0.616,0.9,0.666,0.534,0.384,0.2,0.434,0.616
364,,0.566,0.85,0.616,0.484,0.334,0.15,0.384,0.566
365,,0.516,0.8,0.566,0.434,0.284,0.1,0.334,0.516
366,,0.466,0.75,0.516,0.384,0.234,0.05,0.284,0.466
367,,0.416,0.7,0.466,0.334,0.184,0.0,0.234,0.416
368,,0.366,0.65,0.416,0.284,0.134,-0.05,0.184,0.366
369,6,0.133,0.3,0.183,0.334,0.467,0.95,0.517,0.416
370,6,-0.1,-0.05,-0.05,0.384,0.8,1.0,0.85,0.466
371,1,0.9,0.283,0.0,0.151,0.45,0.767,0.9,0.799
372,1,1.0,0.616,0.05,-0.082,0.1,0.534,0.95,1.0
373,4,0.767,0.666,0.383,0.918,0.433,0.584,0.717,0.65
374,4,0.534,0.716,0.716,1.0,0.766,0.634,0.484,0.3
375,,0.484,0.666,0.666,0.95,0.716,0.584,0.434,0.25
376,,0.434,0.616,0.616,0.9,0.666,0.534,0.384,0.2
377,,0.384,0.566,0.566,0.85,0.616,0.484,0.334,0.15
378,,0.334,0.516,0.516,0.8,0.566,0.434,0.284,0.1
379,,0.284,0.466,0.466,0.75,0.516,0.384,0.234,0.05
380,,0.234,0.416,0.416,0.7,0.466,0.334,0.184,0.0
381,,0.184,0.366,0.366,0.65,0.416,0.284,0.134,-0.05
382,8,0.517,0.416,0.133,0.3,0.183,0.334,0.467,0.95
383,8,0.85,0.466,-0.1,-0.05,-0.05,0.384,0.8,1.0
384,3,0.9,0.799,0.9,0.283,0.0,0.151,0.45,0.767
385,3,0.95,1.0,1.0,0.616,0.05,-0.082,0.1,0.534
386,6,0.717,0.65,0.767,0.666,0.383,0.918,0.433,0.584
387,6,0.484,0.3,0.534,0.716,0.716,1.0,0.766,0.634
388,,0.434,0.25,0.484,0.666,0.666,0.95,0.716,0.584
389,,0.384,0.2,0.434,0.616,0.616,0.9,0.666,0.534
390,,0.334,0.15,0.384,0.566,0.566,0.85,0.616,0.484
391,,0.284,0.1,0.334,0.516,0.516,0.8,0.566,0.434
392,,0.234,0.05,0.284,0.466,0.466,0.75,0.516,0.384
393,,0.184,0.0,0.234,0.416,0.416,0.7,0.466,0.334
394,,0.134,-0.05,0.184,0.366,0.366,0.65,0.416,0.284
395,2,0.467,0.95,0.517,0.416,0.133,0.3,0.183,0.334
396,2,0.8,1.0,0.85,0.466,-0.1,-0.05,-0.05,0.384
397,5,0.45,0.767,0.9,0.799,0.9,0.283,0.0,0.151
398,5,0.1,0.534,0.95,1.0,1.0,0.616,0.05,-0.082
399,8,0.433,0.584,0.717,0.65,0.767,0.666,0.383,0.918
400,8,0.766,0.634,0.484,0.3,0.534,0.716,0.716,1.0
401,,0.716,0.584,0.434,0.25,0.484,0.666,0.666,0.95
402,,0.666,0.534,0.384,0.2,0.434,0.616,0.616,0.9
403,,0.616,0.484,0.334,0.15,0.384,0.566,0.566,0.85
404,,0.566,0.434,0.284,0.1,0.334,0.516,0.516,0.8
405,,0.516,0.384,0.234,0.05,0.284,0.466,0.466,0.75
406,,0.466,0.334,0.184,0.0,0.234,0.416,0.416,0.7
407,,0.416,0.284,0.134,-0.05,0.184,0.366,0.366,0.65
408,4,0.183,0.334,0.467,0.95,0.517,0.416,0.133,0.3
409,4,-0.05,0.384,0.8,1.0,0.85,0.466,-0.1,-0.05
410,7,0.0,0.151,0.45,0.767,0.9,0.799,0.9,0.283
411,7,0.05,-0.082,0.1,0.534,0.95,1.0,1.0,0.616
412,2,0.383,0.918,0.433,0.584,0.717,0.65,0.767,0.666
413,2,0.716,1.0,0.766,0.634,0.484,0.3,0.534,0.716
414,,0.666,0.95,0.716,0.584,0.434,0.25,0.484,0.666
415,,0.616,0.9,0.666,0.534,0.384,0.2,0.434,0.616
416,,0.566,0.85,0.616,0.484,0.334,0.15,0.384,0.566
417,,0.516,0.8,0.566,0.434,0.284,0.1,0.334,0.516
418,,0.466,0.75,0.516,0.384,0.234,0.05,0.284,0.466
419,,0.416,0.7,0.466,0.334,0.184,0.0,0.234,0.416
420,,0.366,0.65,0.416,0.284,0.134,-0.05,0.184,0.366
421,6,0.133,0.3,0.183,0.334,0.467,0.95,0.517,0.416
422,6,-0.1,-0.05,-0.05,0.384,0.8,1.0,0.85,0.466
423,1,0.9,0.283,0.0,0.151,0.45,0.767,0.9,0.799
424,1,1.0,0.616,0.05,-0.082,0.1,0.534,0.95,1.0
425,4,0.767,0.666,0.383,0.918,0.433,0.584,0.717,0.65
426,4,0.534,0.716,0.716,1.0,0.766,0.634,0.484,0.3
427,,0.484,0.666,0.666,0.95,0.716,0.584,0.434,0.25
428,,0.434,0.616,0.616,0.9,0.666,0.534,0.384,0.2
429,,0.384,0.566,0.566,0.85,0.616,0.484,0.334,0.15
430,,0.334,0.516,0.516,0.8,0.566,0.434,0.284,0.1
431,,0.284,0.466,0.466,0.75,0.516,0.384,0.234,0.05
432,,0.234,0.416,0.416,0.7,0.466,0.334,0.184,0.0
433,,0.184,0.366,0.366,0.65,0.416,0.284,0.134,-0.05
434,8,0.517,0.416,0.133,0.3,0.183,0.334,0.467,0.95
435,8,0.85,0.466,-0.1,-0.05,-0.05,0.384,0.8,1.0
436,3,0.9,0.799,0.9,0.283,0.0,0.151,0.45,0.767
437,3,0.95,1.0,1.0,0.616,0.05,-0.082,0.1,0.534
438,6,0.717,0.65,0.767,0.666,0.383,0.918,0.433,0.584
439,6,0.484,0.3,0.534,0.716,0.716,1.0,0.766,0.634
440,,0.434,0.25,0.484,0.666,0.666,0.95,0.716,0.584
441,,0.384,0.2,0.434,0.616,0.616,0.9,0.666,0.534
442,,0.334,0.15,0.384,0.566,0.566,0.85,0.616,0.484
443,,0.284,0.1,0.334,0.516,0.516,0.8,0.566,0.434
444,,0.234,0.05,0.284,0.466,0.466,0.75,0.516,0.384
445,,0.184,0.0,0.234,0.416,0.416,0.7,0.466,0.334
446,,0.134,-0.05,0.184,0.366,0.366,0.65,0.416,0.284
447,2,0.467,0.95,0.517,0.416,0.133,0.3,0.183,0.334
448,2,0.8,1.0,0.85,0.466,-0.1,-0.05,-0.05,0.384
449,5,0.45,0.767,0.9,0.799,0.9,0.283,0.0,0.151
450,5,0.1,0.534,0.95,1.0,1.0,0.616,0.05,-0.082
451,8,0.433,0.584,0.717,0.65,0.767,0.666,0.383,0.918
452,8,0.766,0.634,0.484,0.3,0.534,0.716,0.716,1.0
453,,0.716,0.584,0.434,0.25,0.484,0.666,0.666,0.95
454,,0.666,0.534,0.384,0.2,0.434,0.616,0.616,0.9
455,,0.616,0.484,0.334,0.15,0.384,0.566,0.566,0.85
456,,0.566,0.434,0.284,0.1,0.334,0.516,0.516,0.8
457,,0.516,0.384,0.234,0.05,0.284,0.466,0.466,0.75
458,,0.466,0.334,0.184,0.0,0.234,0.416,0.416,0.7
459,,0.416,0.284,0.134,-0.05,0.184,0.366,0.366,0.65
460,4,0.183,0.334,0.467,0.95,0.517,0.416,0.133,0.3
461,4,-0.05,0.384,0.8,1.0,0.85,0.466,-0.1,-0.05
462,7,0.0,0.151,0.45,0.767,0.9,0.799,0.9,0.283
463,7,0.05,-0.082,0.1,0.534,0.95,1.0,1.0,0.616
464,2,0.383,0.918,0.433,0.584,0.717,0.65,0.767,0.666
465,2,0.716,1.0,0.766,0.634,0.484,0.3,0.534,0.716
466,,0.666,0.95,0.716,0.584,0.434,0.25,0.484,0.666
467,,0.616,0.9,0.666,0.534,0.384,0.2,0.434,0.616
468,,0.566,0.85,0.616,0.484,0.334,0.15,0.384,0.566
469,,0.516,0.8,0.566,0.434,0.284,0.1,0.334,0.516
470,,0.466,0.75,0.516,0.384,0.234,0.05,0.284,0.466
471,,0.416,0.7,0.466,0.334,0.184,0.0,0.234,0.416
472,,0.366,0.65,0.416,0.284,0.134,-0.05,0.184,0.366
473,6,0.133,0.3,0.183,0.334,0.467,0.95,0.517,0.416
474,6,-0.1,-0.05,-0.05,0.384,0.8,1.0,0.85,0.466
475,1,0.9,0.283,0.0,0.151,0.45,0.767,0.9,0.799
476,1,1.0,0.616,0.05,-0.082,0.1,0.534,0.95,1.0
477,4,0.767,0.666,0.383,0.918,0.433,0.584,0.717,0.65
478,4,0.534,0.716,0.716,1.0,0.766,0.634,0.484,0.3
479,,0.484,0.666,0.666,0.95,0.716,0.584,0.434,0.25
480,,0.434,0.616,0.616,0.9,0.666,0.534,0.384,0.2
481,,0.384,0.566,0.566,0.85,0.616,0.484,0.334,0.15
482,,0.334,0.516,0.516,0.8,0.566,0.434,0.284,0.1
483,,0.284,0.466,0.466,0.75,0.516,0.384,0.234,0.05
484,,0.234,0.416,0.416,0.7,0.466,0.334,0.184,0.0
485,,0.184,0.366,0.366,0.65,0.416,0.284,0.134,-0.05
486,8,0.517,0.416,0.133,0.3,0.183,0.334,0.467,0.95
487,8,0.85,0.466,-0.1,-0.05,-0.05,0.384,0.8,1.0
488,3,0.9,0.799,0.9,0.283,0.0,0.151,0.45,0.767
489,3,0.95,1.0,1.0,0.616,0.05,-0.082,0.1,0.534
490,6,0.717,0.65,0.767,0.666,0.383,0.918,0.433,0.584
491,6,0.484,0.3,0.534,0.716,0.716,1.0,0.766,0.634
492,,0.434,0.25,0.484,0.666,0.666,0.95,0.716,0.584
493,,0.384,0.2,0.434,0.616,0.616,0.9,0.666,0.534
494,,0.334,0.15,0.384,0.566,0.566,0.85,0.616,0.484
495,,0.284,0.1,0.334,0.516,0.516,0.8,0.566,0.434
496,,0.234,0.05,0.284,0.466,0.466,0.75,0.516,0.384
497,,0.184,0.0,0.234,0.416,0.416,0.7,0.466,0.334
498,,0.134,-0.05,0.184,0.366,0.366,0.65,0.416,0.284
499,2,0.467,0.95,0.517,0.416,0.133,0.3,0.183,0.334
