step,active_motive,motive_1,motive_2,motive_3,motive_4,motive_5,motive_6,motive_7,motive_8
0,,0.0548,0.04235,0.05685,0.05759,0.07316,0.01277,0.025,0.05805
1,,0.0048,-0.00765,0.00685,0.00759,0.02316,-0.03723,-0.025,0.00805
2,6,-0.2282,-0.35765,-0.22615,0.05759,0.35616,0.96277,0.308,0.05805
3,6,-0.4612,-0.70765,-0.45915,0.10759,0.68916,1.0,0.641,0.10805
4,2,-0.1282,0.29235,-0.12615,0.15759,0.45616,0.65,0.408,0.15805
5,2,0.2048,1.0,0.20685,0.20759,0.22316,0.3,0.175,0.20805
6,,0.1548,0.95,0.15685,0.15759,0.17316,0.25,0.125,0.15805
7,,0.1048,0.9,0.10685,0.10759,0.12316,0.2,0.075,0.10805
8,,0.0548,0.85,0.05685,0.05759,0.07316,0.15,0.025,0.05805
9,,0.0048,0.8,0.00685,0.00759,0.02316,0.1,-0.025,0.00805
10,7,0.0548,0.567,-0.34315,-0.22541,0.07316,0.433,0.975,0.34105
11,7,0.1048,0.334,-0.69315,-0.45841,0.12316,0.766,1.0,0.67405
12,3,0.1548,0.667,0.30685,-0.12541,0.17316,0.533,0.65,0.44105
13,3,0.2048,1.0,1.0,0.20759,0.22316,0.3,0.3,0.20805
14,,0.1548,0.95,0.95,0.15759,0.17316,0.25,0.25,0.15805
15,,0.1048,0.9,0.9,0.10759,0.12316,0.2,0.2,0.10805
16,,0.0548,0.85,0.85,0.05759,0.07316,0.15,0.15,0.05805
17,,0.0048,0.8,0.8,0.00759,0.02316,0.1,0.1,0.00805
18,,-0.0452,0.75,0.75,-0.04241,-0.02684,0.05,0.05,-0.04195
19,1,0.9548,1.0,0.8,-0.27541,-0.37684,-0.183,0.1,0.29105
20,1,1.0,1.0,0.85,-0.50841,-0.72684,-0.416,0.15,0.62405
21,5,0.65,0.767,0.9,-0.17541,0.27316,-0.083,0.2,0.39105
22,5,0.3,0.534,0.95,0.15759,1.0,0.25,0.25,0.15805
23,,0.25,0.484,0.9,0.10759,0.95,0.2,0.2,0.10805
24,,0.2,0.434,0.85,0.05759,0.9,0.15,0.15,0.05805
25,,0.15,0.384,0.8,0.00759,0.85,0.1,0.1,0.00805
26,,0.1,0.334,0.75,-0.04241,0.8,0.05,0.05,-0.04195
27,4,-0.133,0.384,1.0,0.95759,1.0,0.1,-0.183,-0.39195
28,4,-0.366,0.434,1.0,1.0,1.0,0.15,-0.416,-0.74195
29,8,-0.033,0.484,0.767,0.65,0.767,0.2,-0.083,0.25805
30,8,0.3,0.534,0.534,0.3,0.534,0.25,0.25,1.0
31,,0.25,0.484,0.484,0.25,0.484,0.2,0.2,0.95
32,,0.2,0.434,0.434,0.2,0.434,0.15,0.15,0.9
33,,0.15,0.384,0.384,0.15,0.384,0.1,0.1,0.85
34,,0.1,0.334,0.334,0.1,0.334,0.05,0.05,0.8
35,,0.05,0.284,0.284,0.05,0.284,0.0,0.0,0.75
36,,0.0,0.234,0.234,0.0,0.234,-0.05,-0.05,0.7
37,6,-0.233,-0.116,0.001,0.05,0.567,0.95,0.283,0.75
38,6,-0.466,-0.466,-0.232,0.1,0.9,1.0,0.616,0.8
39,2,-0.133,0.534,0.101,0.15,0.667,0.65,0.383,0.85
40,2,0.2,1.0,0.434,0.2,0.434,0.3,0.15,0.9
41,,0.15,0.95,0.384,0.15,0.384,0.25,0.1,0.85
42,,0.1,0.9,0.334,0.1,0.334,0.2,0.05,0.8
43,,0.05,0.85,0.284,0.05,0.284,0.15,0.0,0.75
44,,0.0,0.8,0.234,0.0,0.234,0.1,-0.05,0.7
45,7,0.05,0.567,-0.116,-0.233,0.284,0.433,0.95,1.0
46,7,0.1,0.334,-0.466,-0.466,0.334,0.766,1.0,1.0
47,4,-0.133,0.384,-0.133,0.534,0.667,0.816,0.767,0.65
48,4,-0.366,0.434,0.2,1.0,1.0,0.866,0.534,0.3
49,1,0.634,0.767,0.25,0.767,0.65,0.633,0.584,0.633
50,1,1.0,1.0,0.3,0.534,0.3,0.4,0.634,0.966
51,,0.95,0.95,0.25,0.484,0.25,0.35,0.584,0.916
52,,0.9,0.9,0.2,0.434,0.2,0.3,0.534,0.866
53,,0.85,0.85,0.15,0.384,0.15,0.25,0.484,0.816
54,,0.8,0.8,0.1,0.334,0.1,0.2,0.434,0.766
55,,0.75,0.75,0.05,0.284,0.05,0.15,0.384,0.716
56,,0.7,0.7,0.0,0.234,0.0,0.1,0.334,0.666
57,,0.65,0.65,-0.05,0.184,-0.05,0.05,0.284,0.616
58,3,0.7,0.983,0.95,0.517,0.0,-0.183,-0.066,0.383
59,3,0.75,1.0,1.0,0.85,0.05,-0.416,-0.416,0.15
60,7,0.8,0.767,0.65,0.617,0.1,-0.083,0.584,0.483
61,7,0.85,0.534,0.3,0.384,0.15,0.25,1.0,0.816
62,,0.8,0.484,0.25,0.334,0.1,0.2,0.95,0.766
63,,0.75,0.434,0.2,0.284,0.05,0.15,0.9,0.716
64,,0.7,0.384,0.15,0.234,0.0,0.1,0.85,0.666
65,,0.65,0.334,0.1,0.184,-0.05,0.05,0.8,0.616
66,5,0.3,0.101,0.15,0.517,0.95,0.383,0.85,0.383
67,5,-0.05,-0.132,0.2,0.85,1.0,0.716,0.9,0.15
68,2,0.283,0.868,0.533,0.9,0.767,0.366,0.667,0.2
69,2,0.616,1.0,0.866,0.95,0.534,0.016,0.434,0.25
70,,0.566,0.95,0.816,0.9,0.484,-0.034,0.384,0.2
71,6,0.333,0.6,0.583,0.95,0.817,0.966,0.717,0.25
72,6,0.1,0.25,0.35,1.0,1.0,1.0,1.0,0.3
73,,0.05,0.2,0.3,0.95,0.95,0.95,0.95,0.25
74,,0.0,0.15,0.25,0.9,0.9,0.9,0.9,0.2
75,,-0.05,0.1,0.2,0.85,0.85,0.85,0.85,0.15
76,1,0.95,0.433,0.25,0.617,0.5,0.617,0.9,0.483
77,1,1.0,0.766,0.3,0.384,0.15,0.384,0.95,0.816
78,,0.95,0.716,0.25,0.334,0.1,0.334,0.9,0.766
79,,0.9,0.666,0.2,0.284,0.05,0.284,0.85,0.716
80,,0.85,0.616,0.15,0.234,0.0,0.234,0.8,0.666
81,,0.8,0.566,0.1,0.184,-0.05,0.184,0.75,0.616
82,5,0.45,0.333,0.15,0.517,0.95,0.517,0.8,0.383
83,5,0.1,0.1,0.2,0.85,1.0,0.85,0.85,0.15
84,,0.05,0.05,0.15,0.8,0.95,0.8,0.8,0.1
85,,0.0,0.0,0.1,0.75,0.9,0.75,0.75,0.05
86,,-0.05,-0.05,0.05,0.7,0.85,0.7,0.7,0.0
87,1,0.95,0.283,0.1,0.467,0.5,0.467,0.75,0.333
88,1,1.0,0.616,0.15,0.234,0.15,0.234,0.8,0.666
89,,0.95,0.566,0.1,0.184,0.1,0.184,0.75,0.616
90,,0.9,0.516,0.05,0.134,0.05,0.134,0.7,0.566
91,,0.85,0.466,0.0,0.084,0.0,0.084,0.65,0.516
92,,0.8,0.416,-0.05,0.034,-0.05,0.034,0.6,0.466
93,3,0.85,0.749,0.95,0.367,0.0,-0.199,0.25,0.233
94,3,0.9,1.0,1.0,0.7,0.05,-0.432,-0.1,0.0
95,6,0.667,0.65,0.767,0.75,0.383,0.568,0.233,0.05
96,6,0.434,0.3,0.534,0.8,0.716,1.0,0.566,0.1
97,,0.384,0.25,0.484,0.75,0.666,0.95,0.516,0.05
98,,0.334,0.2,0.434,0.7,0.616,0.9,0.466,0.0
99,,0.284,0.15,0.384,0.65,0.566,0.85,0.416,-0.05
100,8,0.617,0.2,0.151,0.3,0.333,0.9,0.749,0.95
101,8,0.95,0.25,-0.082,-0.05,0.1,0.95,1.0,1.0
102,3,1.0,0.583,0.918,0.283,0.15,0.717,0.65,0.767
103,3,1.0,0.916,1.0,0.616,0.2,0.484,0.3,0.534
104,,0.95,0.866,0.95,0.566,0.15,0.434,0.25,0.484
105,,0.9,0.816,0.9,0.516,0.1,0.384,0.2,0.434
106,,0.85,0.766,0.85,0.466,0.05,0.334,0.15,0.384
107,,0.8,0.716,0.8,0.416,0.0,0.284,0.1,0.334
108,,0.75,0.666,0.75,0.366,-0.05,0.234,0.05,0.284
109,5,0.4,0.433,0.8,0.699,0.95,0.567,0.1,0.051
110,5,0.05,0.2,0.85,1.0,1.0,0.9,0.15,-0.182
111,8,0.383,0.25,0.617,0.65,0.767,0.95,0.483,0.818
112,8,0.716,0.3,0.384,0.3,0.534,1.0,0.816,1.0
113,,0.666,0.25,0.334,0.25,0.484,0.95,0.766,0.95
114,,0.616,0.2,0.284,0.2,0.434,0.9,0.716,0.9
115,,0.566,0.15,0.234,0.15,0.384,0.85,0.666,0.85
116,,0.516,0.1,0.184,0.1,0.334,0.8,0.616,0.8
117,,0.466,0.05,0.134,0.05,0.284,0.75,0.566,0.75
118,,0.416,0.0,0.084,0.0,0.234,0.7,0.516,0.7
119,,0.366,-0.05,0.034,-0.05,0.184,0.65,0.466,0.65
120,2,0.699,0.95,0.367,0.0,-0.049,0.3,0.233,0.7
121,2,1.0,1.0,0.7,0.05,-0.282,-0.05,0.0,0.75
122,5,0.65,0.767,0.75,0.383,0.718,0.283,0.05,0.517
123,5,0.3,0.534,0.8,0.716,1.0,0.616,0.1,0.284
124,,0.25,0.484,0.75,0.666,0.95,0.566,0.05,0.234
125,,0.2,0.434,0.7,0.616,0.9,0.516,0.0,0.184
126,,0.15,0.384,0.65,0.566,0.85,0.466,-0.05,0.134
127,7,0.2,0.151,0.3,0.333,0.9,0.799,0.95,0.467
128,7,0.25,-0.082,-0.05,0.1,0.95,1.0,1.0,0.8
129,2,0.583,0.918,0.283,0.15,0.717,0.65,0.767,0.85
130,2,0.916,1.0,0.616,0.2,0.484,0.3,0.534,0.9
131,,0.866,0.95,0.566,0.15,0.434,0.25,0.484,0.85
132,,0.816,0.9,0.516,0.1,0.384,0.2,0.434,0.8
133,,0.766,0.85,0.466,0.05,0.334,0.15,0.384,0.75
134,,0.716,0.8,0.416,0.0,0.284,0.1,0.334,0.7
135,,0.666,0.75,0.366,-0.05,0.234,0.05,0.284,0.65
136,4,0.433,0.8,0.699,0.95,0.567,0.1,0.051,0.3
137,4,0.2,0.85,1.0,1.0,0.9,0.15,-0.182,-0.05
138,7,0.25,0.617,0.65,0.767,0.95,0.483,0.818,0.283
139,7,0.3,0.384,0.3,0.534,1.0,0.816,1.0,0.616
140,,0.25,0.334,0.25,0.484,0.95,0.766,0.95,0.566
141,,0.2,0.284,0.2,0.434,0.9,0.716,0.9,0.516
142,,0.15,0.234,0.15,0.384,0.85,0.666,0.85,0.466
143,,0.1,0.184,0.1,0.334,0.8,0.616,0.8,0.416
144,,0.05,0.134,0.05,0.284,0.75,0.566,0.75,0.366
145,,0.0,0.084,0.0,0.234,0.7,0.516,0.7,0.316
146,,-0.05,0.034,-0.05,0.184,0.65,0.466,0.65,0.266
147,1,0.95,0.367,0.0,-0.049,0.3,0.233,0.7,0.599
148,1,1.0,0.7,0.05,-0.282,-0.05,0.0,0.75,0.932
149,4,0.767,0.75,0.383,0.718,0.283,0.05,0.517,0.582
150,4,0.534,0.8,0.716,1.0,0.616,0.1,0.284,0.232
151,,0.484,0.75,0.666,0.95,0.566,0.05,0.234,0.182
152,,0.434,0.7,0.616,0.9,0.516,0.0,0.184,0.132
153,,0.384,0.65,0.566,0.85,0.466,-0.05,0.134,0.082
154,6,0.151,0.3,0.333,0.9,0.799,0.95,0.467,0.132
155,6,-0.082,-0.05,0.1,0.95,1.0,1.0,0.8,0.182
156,1,0.918,0.283,0.15,0.717,0.65,0.767,0.85,0.515
157,1,1.0,0.616,0.2,0.484,0.3,0.534,0.9,0.848
158,,0.95,0.566,0.15,0.434,0.25,0.484,0.85,0.798
159,,0.9,0.516,0.1,0.384,0.2,0.434,0.8,0.748
160,,0.85,0.466,0.05,0.334,0.15,0.384,0.75,0.698
161,,0.8,0.416,0.0,0.284,0.1,0.334,0.7,0.648
162,,0.75,0.366,-0.05,0.234,0.05,0.284,0.65,0.598
163,3,0.8,0.699,0.95,0.567,0.1,0.051,0.3,0.365
164,3,0.85,1.0,1.0,0.9,0.15,-0.182,-0.05,0.132
165,6,0.617,0.65,0.767,0.95,0.483,0.818,0.283,0.182
166,6,0.384,0.3,0.534,1.0,0.816,1.0,0.616,0.232
167,,0.334,0.25,0.484,0.95,0.766,0.95,0.566,0.182
168,,0.284,0.2,0.434,0.9,0.716,0.9,0.516,0.132
169,,0.234,0.15,0.384,0.85,0.666,0.85,0.466,0.082
170,,0.184,0.1,0.334,0.8,0.616,0.8,0.416,0.032
171,,0.134,0.05,0.284,0.75,0.566,0.75,0.366,-0.018
172,8,0.467,0.1,0.051,0.4,0.333,0.8,0.699,0.982
173,8,0.8,0.15,-0.182,0.05,0.1,0.85,1.0,1.0
174,3,0.85,0.483,0.818,0.383,0.15,0.617,0.65,0.767
175,3,0.9,0.816,1.0,0.716,0.2,0.384,0.3,0.534
176,,0.85,0.766,0.95,0.666,0.15,0.334,0.25,0.484
177,,0.8,0.716,0.9,0.616,0.1,0.284,0.2,0.434
178,,0.75,0.666,0.85,0.566,0.05,0.234,0.15,0.384
179,,0.7,0.616,0.8,0.516,0.0,0.184,0.1,0.334
180,,0.65,0.566,0.75,0.466,-0.05,0.134,0.05,0.284
181,5,0.3,0.333,0.8,0.799,0.95,0.467,0.1,0.051
182,5,-0.05,0.1,0.85,1.0,1.0,0.8,0.15,-0.182
183,8,0.283,0.15,0.617,0.65,0.767,0.85,0.483,0.818
184,8,0.616,0.2,0.384,0.3,0.534,0.9,0.816,1.0
185,,0.566,0.15,0.334,0.25,0.484,0.85,0.766,0.95
186,,0.516,0.1,0.284,0.2,0.434,0.8,0.716,0.9
187,,0.466,0.05,0.234,0.15,0.384,0.75,0.666,0.85
188,,0.416,0.0,0.184,0.1,0.334,0.7,0.616,0.8
189,,0.366,-0.05,0.134,0.05,0.284,0.65,0.566,0.75
190,2,0.699,0.95,0.467,0.1,0.051,0.3,0.333,0.8
191,2,1.0,1.0,0.8,0.15,-0.182,-0.05,0.1,0.85
192,5,0.65,0.767,0.85,0.483,0.818,0.283,0.15,0.617
193,5,0.3,0.534,0.9,0.816,1.0,0.616,0.2,0.384
194,,0.25,0.484,0.85,0.766,0.95,0.566,0.15,0.334
195,,0.2,0.434,0.8,0.716,0.9,0.516,0.1,0.284
196,,0.15,0.384,0.75,0.666,0.85,0.466,0.05,0.234
197,,0.1,0.334,0.7,0.616,0.8,0.416,0.0,0.184
198,,0.05,0.284,0.65,0.566,0.75,0.366,-0.05,0.134
199,7,0.1,0.051,0.3,0.333,0.8,0.699,0.95,0.467
200,7,0.15,-0.182,-0.05,0.1,0.85,1.0,1.0,0.8
201,2,0.483,0.818,0.283,0.15,0.617,0.65,0.767,0.85
202,2,0.816,1.0,0.616,0.2,0.384,0.3,0.534,0.9
203,,0.766,0.95,0.566,0.15,0.334,0.25,0.484,0.85
204,,0.716,0.9,0.516,0.1,0.284,0.2,0.434,0.8
205,,0.666,0.85,0.466,0.05,0.234,0.15,0.384,0.75
206,,0.616,0.8,0.416,0.0,0.184,0.1,0.334,0.7
207,,0.566,0.75,0.366,-0.05,0.134,0.05,0.284,0.65
208,4,0.333,0.8,0.699,0.95,0.467,0.1,0.051,0.3
209,4,0.1,0.85,1.0,1.0,0.8,0.15,-0.182,-0.05
210,7,0.15,0.617,0.65,0.767,0.85,0.483,0.818,0.283
211,7,0.2,0.384,0.3,0.534,0.9,0.816,1.0,0.616
212,,0.15,0.334,0.25,0.484,0.85,0.766,0.95,0.566
213,,0.1,0.284,0.2,0.434,0.8,0.716,0.9,0.516
214,,0.05,0.234,0.15,0.384,0.75,0.666,0.85,0.466
215,,0.0,0.184,0.1,0.334,0.7,0.616,0.8,0.416
216,,-0.05,0.134,0.05,0.284,0.65,0.566,0.75,0.366
217,1,0.95,0.467,0.1,0.051,0.3,0.333,0.8,0.699
218,1,1.0,0.8,0.15,-0.182,-0.05,0.1,0.85,1.0
219,4,0.767,0.85,0.483,0.818,0.283,0.15,0.617,0.65
220,4,0.534,0.9,0.816,1.0,0.616,0.2,0.384,0.3
221,,0.484,0.85,0.766,0.95,0.566,0.15,0.334,0.25
222,,0.434,0.8,0.716,0.9,0.516,0.1,0.284,0.2
223,,0.384,0.75,0.666,0.85,0.466,0.05,0.234,0.15
224,,0.334,0.7,0.616,0.8,0.416,0.0,0.184,0.1
225,,0.284,0.65,0.566,0.75,0.366,-0.05,0.134,0.05
226,6,0.051,0.3,0.333,0.8,0.699,0.95,0.467,0.1
227,6,-0.182,-0.05,0.1,0.85,1.0,1.0,0.8,0.15
228,1,0.818,0.283,0.15,0.617,0.65,0.767,0.85,0.483
229,1,1.0,0.616,0.2,0.384,0.3,0.534,0.9,0.816
230,,0.95,0.566,0.15,0.334,0.25,0.484,0.85,0.766
231,,0.9,0.516,0.1,0.284,0.2,0.434,0.8,0.716
232,,0.85,0.466,0.05,0.234,0.15,0.384,0.75,0.666
233,,0.8,0.416,0.0,0.184,0.1,0.334,0.7,0.616
234,,0.75,0.366,-0.05,0.134,0.05,0.284,0.65,0.566
235,3,0.8,0.699,0.95,0.467,0.1,0.051,0.3,0.333
236,3,0.85,1.0,1.0,0.8,0.15,-0.182,-0.05,0.1
237,6,0.617,0.65,0.767,0.85,0.483,0.818,0.283,0.15
238,6,0.384,0.3,0.534,0.9,0.816,1.0,0.616,0.2
239,,0.334,0.25,0.484,0.85,0.766,0.95,0.566,0.15
240,,0.284,0.2,0.434,0.8,0.716,0.9,0.516,0.1
241,,0.234,0.15,0.384,0.75,0.666,0.85,0.466,0.05
242,,0.184,0.1,0.334,0.7,0.616,0.8,0.416,0.0
243,,0.134,0.05,0.284,0.65,0.566,0.75,0.366,-0.05
244,8,0.467,0.1,0.051,0.3,0.333,0.8,0.699,0.95
245,8,0.8,0.15,-0.182,-0.05,0.1,0.85,1.0,1.0
246,3,0.85,0.483,0.818,0.283,0.15,0.617,0.65,0.767
247,3,0.9,0.816,1.0,0.616,0.2,0.384,0.3,0.534
248,,0.85,0.766,0.95,0.566,0.15,0.334,0.25,0.484
249,,0.8,0.716,0.9,0.516,0.1,0.284,0.2,0.434
250,,0.75,0.666,0.85,0.466,0.05,0.234,0.15,0.384
251,,0.7,0.616,0.8,0.416,0.0,0.184,0.1,0.334
252,,0.65,0.566,0.75,0.366,-0.05,0.134,0.05,0.284
253,5,0.3,0.333,0.8,0.699,0.95,0.467,0.1,0.051
254,5,-0.05,0.1,0.85,1.0,1.0,0.8,0.15,-0.182
255,8,0.283,0.15,0.617,0.65,0.767,0.85,0.483,0.818
256,8,0.616,0.2,0.384,0.3,0.534,0.9,0.816,1.0
257,,0.566,0.15,0.334,0.25,0.484,0.85,0.766,0.95
258,,0.516,0.1,0.284,0.2,0.434,0.8,0.716,0.9
259,,0.466,0.05,0.234,0.15,0.384,0.75,0.666,0.85
260,,0.416,0.0,0.184,0.1,0.334,0.7,0.616,0.8
261,,0.366,-0.05,0.134,0.05,0.284,0.65,0.566,0.75
262,2,0.699,0.95,0.467,0.1,0.051,0.3,0.333,0.8
263,2,1.0,1.0,0.8,0.15,-0.182,-0.05,0.1,0.85
264,5,0.65,0.767,0.85,0.483,0.818,0.283,0.15,0.617
265,5,0.3,0.534,0.9,0.816,1.0,0.616,0.2,0.384
266,,0.25,0.484,0.85,0.766,0.95,0.566,0.15,0.334
267,,0.2,0.434,0.8,0.716,0.9,0.516,0.1,0.284
268,,0.15,0.384,0.75,0.666,0.85,0.466,0.05,0.234
269,,0.1,0.334,0.7,0.616,0.8,0.416,0.0,0.184
270,,0.05,0.284,0.65,0.566,0.75,0.366,-0.05,0.134
271,7,0.1,0.051,0.3,0.333,0.8,0.699,0.95,0.467
272,7,0.15,-0.182,-0.05,0.1,0.85,1.0,1.0,0.8
273,2,0.483,0.818,0.283,0.15,0.617,0.65,0.767,0.85
274,2,0.816,1.0,0.616,0.2,0.384,0.3,0.534,0.9
275,,0.766,0.95,0.566,0.15,0.334,0.25,0.484,0.85
276,,0.716,0.9,0.516,0.1,0.284,0.2,0.434,0.8
277,,0.666,0.85,0.466,0.05,0.234,0.15,0.384,0.75
278,,0.616,0.8,0.416,0.0,0.184,0.1,0.334,0.7
279,,0.566,0.75,0.366,-0.05,0.134,0.05,0.284,0.65
280,4,0.333,0.8,0.699,0.95,0.467,0.1,0.051,0.3
281,4,0.1,0.85,1.0,1.0,0.8,0.15,-0.182,-0.05
282,7,0.15,0.617,0.65,0.767,0.85,0.483,0.818,0.283
283,7,0.2,0.384,0.3,0.534,0.9,0.816,1.0,0.616
284,,0.15,0.334,0.25,0.484,0.85,0.766,0.95,0.566
285,,0.1,0.284,0.2,0.434,0.8,0.716,0.9,0.516
286,,0.05,0.234,0.15,0.384,0.75,0.666,0.85,0.466
287,,0.0,0.184,0.1,0.334,0.7,0.616,0.8,0.416
288,,-0.05,0.134,0.05,0.284,0.65,0.566,0.75,0.366
289,1,0.95,0.467,0.1,0.051,0.3,0.333,0.8,0.699
290,1,1.0,0.8,0.15,-0.182,-0.05,0.1,0.85,1.0
291,4,0.767,0.85,0.483,0.818,0.283,0.15,0.617,0.65
292,4,0.534,0.9,0.816,1.0,0.616,0.2,0.384,0.3
293,,0.484,0.85,0.766,0.95,0.566,0.15,0.334,0.25
294,,0.434,0.8,0.716,0.9,0.516,0.1,0.284,0.2
295,,0.384,0.75,0.666,0.85,0.466,0.05,0.234,0.15
296,,0.334,0.7,0.616,0.8,0.416,0.0,0.184,0.1
297,,0.284,0.65,0.566,0.75,0.366,-0.05,0.134,0.05
298,6,0.051,0.3,0.333,0.8,0.699,0.95,0.467,0.1
299,6,-0.182,-0.05,0.1,0.85,1.0,1.0,0.8,0.15
300,1,0.818,0.283,0.15,0.617,0.65,0.767,0.85,0.483
301,1,1.0,0.616,0.2,0.384,0.3,0.534,0.9,0.816
302,,0.95,0.566,0.15,0.334,0.25,0.484,0.85,0.766
303,,0.9,0.516,0.1,0.284,0.2,0.434,0.8,0.716
304,,0.85,0.466,0.05,0.234,0.15,0.384,0.75,0.666
305,,0.8,0.416,0.0,0.184,0.1,0.334,0.7,0.616
306,,0.75,0.366,-0.05,0.134,0.05,0.284,0.65,0.566
307,3,0.8,0.699,0.95,0.467,0.1,0.051,0.3,0.333
308,3,0.85,1.0,1.0,0.8,0.15,-0.182,-0.05,0.1
309,6,0.617,0.65,0.767,0.85,0.483,0.818,0.283,0.15
310,6,0.384,0.3,0.534,0.9,0.816,1.0,0.616,0.2
311,,0.334,0.25,0.484,0.85,0.766,0.95,0.566,0.15
312,,0.284,0.2,0.434,0.8,0.716,0.9,0.516,0.1
313,,0.234,0.15,0.384,0.75,0.666,0.85,0.466,0.05
314,,0.184,0.1,0.334,0.7,0.616,0.8,0.416,0.0
315,,0.134,0.05,0.284,0.65,0.566,0.75,0.366,-0.05
316,8,0.467,0.1,0.051,0.3,0.333,0.8,0.699,0.95
317,8,0.8,0.15,-0.182,-0.05,0.1,0.85,1.0,1.0
318,3,0.85,0.483,0.818,0.283,0.15,0.617,0.65,0.767
319,3,0.9,0.816,1.0,0.616,0.2,0.384,0.3,0.534
320,,0.85,0.766,0.95,0.566,0.15,0.334,0.25,0.484
321,,0.8,0.716,0.9,0.516,0.1,0.284,0.2,0.434
322,,0.75,0.666,0.85,0.466,0.05,0.234,0.15,0.384
323,,0.7,0.616,0.8,0.416,0.0,0.184,0.1,0.334
324,,0.65,0.566,0.75,0.366,-0.05,0.134,0.05,0.284
325,5,0.3,0.333,0.8,0.699,0.95,0.467,0.1,0.051
326,5,-0.05,0.1,0.85,1.0,1.0,0.8,0.15,-0.182
327,8,0.283,0.15,0.617,0.65,0.767,0.85,0.483,0.818
328,8,0.616,0.2,0.384,0.3,0.534,0.9,0.816,1.0
329,,0.566,0.15,0.334,0.25,0.484,0.85,0.766,0.95
330,,0.516,0.1,0.284,0.2,0.434,0.8,0.716,0.9
331,,0.466,0.05,0.234,0.15,0.384,0.75,0.666,0.85
332,,0.416,0.0,0.184,0.1,0.334,0.7,0.616,0.8
333,,0.366,-0.05,0.134,0.05,0.284,0.65,0.566,0.75
334,2,0.699,0.95,0.467,0.1,0.051,0.3,0.333,0.8
335,2,1.0,1.0,0.8,0.15,-0.182,-0.05,0.1,0.85
336,5,0.65,0.767,0.85,0.483,0.818,0.283,0.15,0.617
337,5,0.3,0.534,0.9,0.816,1.0,0.616,0.2,0.384
338,,0.25,0.484,0.85,0.766,0.95,0.566,0.15,0.334
339,,0.2,0.434,0.8,0.716,0.9,0.516,0.1,0.284
340,,0.15,0.384,0.75,0.666,0.85,0.466,0.05,0.234
341,,0.1,0.334,0.7,0.616,0.8,0.416,0.0,0.184
342,,0.05,0.284,0.65,0.566,0.75,0.366,-0.05,0.134
343,7,0.1,0.051,0.3,0.333,0.8,0.699,0.95,0.467
344,7,0.15,-0.182,-0.05,0.1,0.85,1.0,1.0,0.8
345,2,0.483,0.818,0.283,0.15,0.617,0.65,0.767,0.85
346,2,0.816,1.0,0.616,0.2,0.384,0.3,0.534,0.9
347,,0.766,0.95,0.566,0.15,0.334,0.25,0.484,0.85
348,,0.716,0.9,0.516,0.1,0.284,0.2,0.434,0.8
349,,0.666,0.85,0.466,0.05,0.234,0.15,0.384,0.75
350,,0.616,0.8,0.416,0.0,0.184,0.1,0.334,0.7
351,,0.566,0.75,0.366,-0.05,0.134,0.05,0.284,0.65
352,4,0.333,0.8,0.699,0.95,0.467,0.1,0.051,0.3
353,4,0.1,0.85,1.0,1.0,0.8,0.15,-0.182,-0.05
354,7,0.15,0.617,0.65,0.767,0.85,0.483,0.818,0.283
355,7,0.2,0.384,0.3,0.534,0.9,0.816,1.0,0.616
356,,0.15,0.334,0.25,0.484,0.85,0.766,0.95,0.566
357,,0.1,0.284,0.2,0.434,0.8,0.716,0.9,0.516
358,,0.05,0.234,0.15,0.384,0.75,0.666,0.85,0.466
359,,0.0,0.184,0.1,0.334,0.7,0.616,0.8,0.416
360,,-0.05,0.134,0.05,0.284,0.65,0.566,0.75,0.366
361,1,0.95,0.467,0.1,0.051,0.3,0.333,0.8,0.699
362,1,1.0,0.8,0.15,-0.182,-0.05,0.1,0.85,1.0
363,4,0.767,0.85,0.483,0.818,0.283,0.15,0.617,0.65
364,4,0.534,0.9,0.816,1.0,0.616,0.2,0.384,0.3
365,,0.484,0.85,0.766,0.95,0.566,0.15,0.334,0.25
366,,0.434,0.8,0.716,0.9,0.516,0.1,0.284,0.2
367,,0.384,0.75,0.666,0.85,0.466,0.05,0.234,0.15
368,,0.334,0.7,0.616,0.8,0.416,0.0,0.184,0.1
369,,0.284,0.65,0.566,0.75,0.366,-0.05,0.134,0.05
370,6,0.051,0.3,0.333,0.8,0.699,0.95,0.467,0.1
371,6,-0.182,-0.05,0.1,0.85,1.0,1.0,0.8,0.15
372,1,0.818,0.283,0.15,0.617,0.65,0.767,0.85,0.483
373,1,1.0,0.616,0.2,0.384,0.3,0.534,0.9,0.816
374,,0.95,0.566,0.15,0.334,0.25,0.484,0.85,0.766
375,,0.9,0.516,0.1,0.284,0.2,0.434,0.8,0.716
376,,0.85,0.466,0.05,0.234,0.15,0.384,0.75,0.666
377,,0.8,0.416,0.0,0.184,0.1,0.334,0.7,0.616
378,,0.75,0.366,-0.05,0.134,0.05,0.284,0.65,0.566
379,3,0.8,0.699,0.95,0.467,0.1,0.051,0.3,0.333
380,3,0.85,1.0,1.0,0.8,0.15,-0.182,-0.05,0.1
381,6,0.617,0.65,0.767,0.85,0.483,0.818,0.283,0.15
382,6,0.384,0.3,0.534,0.9,0.816,1.0,0.616,0.2
383,,0.334,0.25,0.484,0.85,0.766,0.95,0.566,0.15
384,,0.284,0.2,0.434,0.8,0.716,0.9,0.516,0.1
385,,0.234,0.15,0.384,0.75,0.666,0.85,0.466,0.05
386,,0.184,0.1,0.334,0.7,0.616,0.8,0.416,0.0
387,,0.134,0.05,0.284,0.65,0.566,0.75,0.366,-0.05
388,8,0.467,0.1,0.051,0.3,0.333,0.8,0.699,0.95
389,8,0.8,0.15,-0.182,-0.05,0.1,0.85,1.0,1.0
390,3,0.85,0.483,0.818,0.283,0.15,0.617,0.65,0.767
391,3,0.9,0.816,1.0,0.616,0.2,0.384,0.3,0.534
392,,0.85,0.766,0.95,0.566,0.15,0.334,0.25,0.484
393,,0.8,0.716,0.9,0.516,0.1,0.284,0.2,0.434
394,,0.75,0.666,0.85,0.466,0.05,0.234,0.15,0.384
395,,0.7,0.616,0.8,0.416,0.0,0.184,0.1,0.334
396,,0.65,0.566,0.75,0.366,-0.05,0.134,0.05,0.284
397,5,0.3,0.333,0.8,0.699,0.95,0.467,0.1,0.051
398,5,-0.05,0.1,0.85,1.0,1.0,0.8,0.15,-0.182
399,8,0.283,0.15,0.617,0.65,0.767,0.85,0.483,0.818
400,8,0.616,0.2,0.384,0.3,0.534,0.9,0.816,1.0
401,,0.566,0.15,0.334,0.25,0.484,0.85,0.766,0.95
402,,0.516,0.1,0.284,0.2,0.434,0.8,0.716,0.9
403,,0.466,0.05,0.234,0.15,0.384,0.75,0.666,0.85
404,,0.416,0.0,0.184,0.1,0.334,0.7,0.616,0.8
405,,0.366,-0.05,0.134,0.05,0.284,0.65,0.566,0.75
406,2,0.699,0.95,0.467,0.1,0.051,0.3,0.333,0.8
407,2,1.0,1.0,0.8,0.15,-0.182,-0.05,0.1,0.85
408,5,0.65,0.767,0.85,0.483,0.818,0.283,0.15,0.617
409,5,0.3,0.534,0.9,0.816,1.0,0.616,0.2,0.384
410,,0.25,0.484,0.85,0.766,0.95,0.566,0.15,0.334
411,,0.2,0.434,0.8,0.716,0.9,0.516,0.1,0.284
412,,0.15,0.384,0.75,0.666,0.85,0.466,0.05,0.234
413,,0.1,0.334,0.7,0.616,0.8,0.416,0.0,0.184
414,,0.05,0.284,0.65,0.566,0.75,0.366,-0.05,0.134
415,7,0.1,0.051,0.3,0.333,0.8,0.699,0.95,0.467
416,7,0.15,-0.182,-0.05,0.1,0.85,1.0,1.0,0.8
417,2,0.483,0.818,0.283,0.15,0.617,0.65,0.767,0.85
418,2,0.816,1.0,0.616,0.2,0.384,0.3,0.534,0.9
419,,0.766,0.95,0.566,0.15,0.334,0.25,0.484,0.85
420,,0.716,0.9,0.516,0.1,0.284,0.2,0.434,0.8
421,,0.666,0.85,0.466,0.05,0.234,0.15,0.384,0.75
422,,0.616,0.8,0.416,0.0,0.184,0.1,0.334,0.7
423,,0.566,0.75,0.366,-0.05,0.134,0.05,0.284,0.65
424,4,0.333,0.8,0.699,0.95,0.467,0.1,0.051,0.3
425,4,0.1,0.85,1.0,1.0,0.8,0.15,-0.182,-0.05
426,7,0.15,0.617,0.65,0.767,0.85,0.483,0.818,0.283
427,7,0.2,0.384,0.3,0.534,0.9,0.816,1.0,0.616
428,,0.15,0.334,0.25,0.484,0.85,0.766,0.95,0.566
429,,0.1,0.284,0.2,0.434,0.8,0.716,0.9,0.516
430,,0.05,0.234,0.15,0.384,0.75,0.666,0.85,0.466
431,,0.0,0.184,0.1,0.334,0.7,0.616,0.8,0.416
432,,-0.05,0.134,0.05,0.284,0.65,0.566,0.75,0.366
433,1,0.95,0.467,0.1,0.051,0.3,0.333,0.8,0.699
434,1,1.0,0.8,0.15,-0.182,-0.05,0.1,0.85,1.0
435,4,0.767,0.85,0.483,0.818,0.283,0.15,0.617,0.65
436,4,0.534,0.9,0.816,1.0,0.616,0.2,0.384,0.3
437,,0.484,0.85,0.766,0.95,0.566,0.15,0.334,0.25
438,,0.434,0.8,0.716,0.9,0.516,0.1,0.284,0.2
439,,0.384,0.75,0.666,0.85,0.466,0.05,0.234,0.15
440,,0.334,0.7,0.616,0.8,0.416,0.0,0.184,0.1
441,,0.284,0.65,0.566,0.75,0.366,-0.05,0.134,0.05
442,6,0.051,0.3,0.333,0.8,0.699,0.95,0.467,0.1
443,6,-0.182,-0.05,0.1,0.85,1.0,1.0,0.8,0.15
444,1,0.818,0.283,0.15,0.617,0.65,0.767,0.85,0.483
445,1,1.0,0.616,0.2,0.384,0.3,0.534,0.9,0.816
446,,0.95,0.566,0.15,0.334,0.25,0.484,0.85,0.766
447,,0.9,0.516,0.1,0.284,0.2,0.434,0.8,0.716
448,,0.85,0.466,0.05,0.234,0.15,0.384,0.75,0.666
449,,0.8,0.416,0.0,0.184,0.1,0.334,0.7,0.616
450,,0.75,0.366,-0.05,0.134,0.05,0.284,0.65,0.566
451,3,0.8,0.699,0.95,0.467,0.1,0.051,0.3,0.333
452,3,0.85,1.0,1.0,0.8,0.15,-0.182,-0.05,0.1
453,6,0.617,0.65,0.767,0.85,0.483,0.818,0.283,0.15
454,6,0.384,0.3,0.534,0.9,0.816,1.0,0.616,0.2
455,,0.334,0.25,0.484,0.85,0.766,0.95,0.566,0.15
456,,0.284,0.2,0.434,0.8,0.716,0.9,0.516,0.1
457,,0.234,0.15,0.384,0.75,0.666,0.85,0.466,0.05
458,,0.184,0.1,0.334,0.7,0.616,0.8,0.416,0.0
459,,0.134,0.05,0.284,0.65,0.566,0.75,0.366,-0.05
460,8,0.467,0.1,0.051,0.3,0.333,0.8,0.699,0.95
461,8,0.8,0.15,-0.182,-0.05,0.1,0.85,1.0,1.0
462,3,0.85,0.483,0.818,0.283,0.15,0.617,0.65,0.767
463,3,0.9,0.816,1.0,0.616,0.2,0.384,0.3,0.534
464,,0.85,0.766,0.95,0.566,0.15,0.334,0.25,0.484
465,,0.8,0.716,0.9,0.516,0.1,0.284,0.2,0.434
466,,0.75,0.666,0.85,0.466,0.05,0.234,0.15,0.384
467,,0.7,0.616,0.8,0.416,0.0,0.184,0.1,0.334
468,,0.65,0.566,0.75,0.366,-0.05,0.134,0.05,0.284
469,5,0.3,0.333,0.8,0.699,0.95,0.467,0.1,0.051
470,5,-0.05,0.1,0.85,1.0,1.0,0.8,0.15,-0.182
471,8,0.283,0.15,0.617,0.65,0.767,0.85,0.483,0.818
472,8,0.616,0.2,0.384,0.3,0.534,0.9,0.816,1.0
473,,0.566,0.15,0.334,0.25,0.484,0.85,0.766,0.95
474,,0.516,0.1,0.284,0.2,0.434,0.8,0.716,0.9
475,,0.466,0.05,0.234,0.15,0.384,0.75,0.666,0.85
476,,0.416,0.0,0.184,0.1,0.334,0.7,0.616,0.8
477,,0.366,-0.05,0.134,0.05,0.284,0.65,0.566,0.75
478,2,0.699,0.95,0.467,0.1,0.051,0.3,0.333,0.8
479,2,1.0,1.0,0.8,0.15,-0.182,-0.05,0.1,0.85
480,5,0.65,0.767,0.85,0.483,0.818,0.283,0.15,0.617
481,5,0.3,0.534,0.9,0.816,1.0,0.616,0.2,0.384
482,,0.25,0.484,0.85,0.766,0.95,0.566,0.15,0.334
483,,0.2,0.434,0.8,0.716,0.9,0.516,0.1,0.284
484,,0.15,0.384,0.75,0.666,0.85,0.466,0.05,0.234
485,,0.1,0.334,0.7,0.616,0.8,0.416,0.0,0.184
486,,0.05,0.284,0.65,0.566,0.75,0.366,-0.05,0.134
487,7,0.1,0.051,0.3,0.333,0.8,0.699,0.95,0.467
488,7,0.15,-0.182,-0.05,0.1,0.85,1.0,1.0,0.8
489,2,0.483,0.818,0.283,0.15,0.617,0.65,0.767,0.85
490,2,0.816,1.0,0.616,0.2,0.384,0.3,0.534,0.9
491,,0.766,0.95,0.566,0.15,0.334,0.25,0.484,0.85
492,,0.716,0.9,0.516,0.1,0.284,0.2,0.434,0.8
493,,0.666,0.85,0.466,0.05,0.234,0.15,0.384,0.75
494,,0.616,0.8,0.416,0.0,0.184,0.1,0.334,0.7
495,,0.566,0.75,0.366,-0.05,0.134,0.05,0.284,0.65
496,4,0.333,0.8,0.699,0.95,0.467,0.1,0.051,0.3
497,4,0.1,0.85,1.0,1.0,0.8,0.15,-0.182,-0.05
498,7,0.15,0.617,0.65,0.767,0.85,0.483,0.818,0.283
499,7,0.2,0.384,0.3,0.534,0.9,0.816,1.0,0.616
