step,active_motive,motive_1,motive_2,motive_3,motive_4,motive_5,motive_6,motive_7,motive_8
0,,0.08631,0.06233,0.03309,0.00636,0.0311,0.03252,0.07296,0.06376
1,,0.07631,0.05233,0.02309,-0.00364,0.0211,0.02252,0.06296,0.05376
2,4,-0.21669,0.04233,0.29609,0.99636,0.2941,0.01252,-0.23004,-0.35624
3,4,-0.50969,0.03233,0.56909,1.0,0.5671,0.00252,-0.52304,-0.76624
4,8,-0.23669,0.02233,0.27609,0.59,0.2741,-0.00748,-0.25004,0.23376
5,8,0.03631,0.01233,-0.01691,0.18,-0.0189,-0.01748,0.02296,1.0
6,5,-0.37369,-0.28067,-0.02691,0.453,0.9811,0.25552,0.01296,0.707
7,5,-0.78369,-0.57367,-0.03691,0.726,1.0,0.52852,0.00296,0.414
8,1,0.21631,-0.30067,-0.04691,0.433,0.59,0.23552,-0.00704,0.687
9,1,1.0,-0.02767,-0.05691,0.14,0.18,-0.05748,-0.01704,0.96
10,6,0.707,-0.43767,-0.34991,0.13,0.453,0.94252,0.25596,0.95
11,6,0.414,-0.84767,-0.64291,0.12,0.726,1.0,0.52896,0.94
12,2,0.687,0.15233,-0.36991,0.11,0.433,0.59,0.23596,0.93
13,2,0.96,1.0,-0.09691,0.1,0.14,0.18,-0.05704,0.92
14,3,0.95,1.0,0.90309,0.373,0.13,-0.113,-0.46704,0.627
15,3,0.94,1.0,1.0,0.646,0.12,-0.406,-0.87704,0.334
16,7,0.93,0.707,0.59,0.353,0.11,-0.133,0.12296,0.607
17,7,0.92,0.414,0.18,0.06,0.1,0.14,1.0,0.88
18,,0.91,0.404,0.17,0.05,0.09,0.13,0.99,0.87
19,,0.9,0.394,0.16,0.04,0.08,0.12,0.98,0.86
20,,0.89,0.384,0.15,0.03,0.07,0.11,0.97,0.85
21,,0.88,0.374,0.14,0.02,0.06,0.1,0.96,0.84
22,,0.87,0.364,0.13,0.01,0.05,0.09,0.95,0.83
23,,0.86,0.354,0.12,0.0,0.04,0.08,0.94,0.82
24,,0.85,0.344,0.11,-0.01,0.03,0.07,0.93,0.81
25,4,0.557,0.334,0.383,0.99,0.303,0.06,0.637,0.4
26,4,0.264,0.324,0.656,1.0,0.576,0.05,0.344,-0.01
27,8,0.537,0.314,0.363,0.59,0.283,0.04,0.617,0.99
28,8,0.81,0.304,0.07,0.18,-0.01,0.03,0.89,1.0
29,5,0.4,0.011,0.06,0.453,0.99,0.303,0.88,0.707
30,5,-0.01,-0.282,0.05,0.726,1.0,0.576,0.87,0.414
31,2,0.263,0.718,0.323,0.716,0.707,0.166,0.577,0.404
32,2,0.536,1.0,0.596,0.706,0.414,-0.244,0.284,0.394
33,6,0.243,0.59,0.303,0.696,0.687,0.756,0.557,0.384
34,6,-0.05,0.18,0.01,0.686,0.96,1.0,0.83,0.374
35,1,0.95,0.453,0.0,0.393,0.55,0.707,0.82,0.647
36,1,1.0,0.726,-0.01,0.1,0.14,0.414,0.81,0.92
37,3,0.99,0.999,0.99,0.373,0.13,0.121,0.4,0.627
38,3,0.98,1.0,1.0,0.646,0.12,-0.172,-0.01,0.334
39,6,0.687,0.59,0.707,0.636,0.393,0.828,0.263,0.324
40,6,0.394,0.18,0.414,0.626,0.666,1.0,0.536,0.314
41,,0.384,0.17,0.404,0.616,0.656,0.99,0.526,0.304
42,,0.374,0.16,0.394,0.606,0.646,0.98,0.516,0.294
43,,0.364,0.15,0.384,0.596,0.636,0.97,0.506,0.284
44,,0.354,0.14,0.374,0.586,0.626,0.96,0.496,0.274
45,,0.344,0.13,0.364,0.576,0.616,0.95,0.486,0.264
46,,0.334,0.12,0.354,0.566,0.606,0.94,0.476,0.254
47,,0.324,0.11,0.344,0.556,0.596,0.93,0.466,0.244
48,,0.314,0.1,0.334,0.546,0.586,0.92,0.456,0.234
49,,0.304,0.09,0.324,0.536,0.576,0.91,0.446,0.224
50,,0.294,0.08,0.314,0.526,0.566,0.9,0.436,0.214
51,,0.284,0.07,0.304,0.516,0.556,0.89,0.426,0.204
52,,0.274,0.06,0.294,0.506,0.546,0.88,0.416,0.194
53,,0.264,0.05,0.284,0.496,0.536,0.87,0.406,0.184
54,,0.254,0.04,0.274,0.486,0.526,0.86,0.396,0.174
55,,0.244,0.03,0.264,0.476,0.516,0.85,0.386,0.164
56,,0.234,0.02,0.254,0.466,0.506,0.84,0.376,0.154
57,,0.224,0.01,0.244,0.456,0.496,0.83,0.366,0.144
58,,0.214,0.0,0.234,0.446,0.486,0.82,0.356,0.134
59,,0.204,-0.01,0.224,0.436,0.476,0.81,0.346,0.124
60,2,0.477,0.99,0.497,0.426,0.183,0.4,0.053,0.114
61,2,0.75,1.0,0.77,0.416,-0.11,-0.01,-0.24,0.104
62,7,0.74,0.707,0.36,0.123,-0.12,0.263,0.76,0.377
63,7,0.73,0.414,-0.05,-0.17,-0.13,0.536,1.0,0.65
64,4,0.437,0.404,0.223,0.83,0.143,0.526,0.707,0.24
65,4,0.144,0.394,0.496,1.0,0.416,0.516,0.414,-0.17
66,8,0.417,0.384,0.203,0.59,0.123,0.506,0.687,0.83
67,8,0.69,0.374,-0.09,0.18,-0.17,0.496,0.96,1.0
68,5,0.28,0.081,-0.1,0.453,0.83,0.769,0.95,0.707
69,5,-0.13,-0.212,-0.11,0.726,1.0,1.0,0.94,0.414
70,2,0.143,0.788,0.163,0.716,0.707,0.59,0.647,0.404
71,2,0.416,1.0,0.436,0.706,0.414,0.18,0.354,0.394
72,,0.406,0.99,0.426,0.696,0.404,0.17,0.344,0.384
73,,0.396,0.98,0.416,0.686,0.394,0.16,0.334,0.374
74,,0.386,0.97,0.406,0.676,0.384,0.15,0.324,0.364
75,,0.376,0.96,0.396,0.666,0.374,0.14,0.314,0.354
76,,0.366,0.95,0.386,0.656,0.364,0.13,0.304,0.344
77,,0.356,0.94,0.376,0.646,0.354,0.12,0.294,0.334
78,,0.346,0.93,0.366,0.636,0.344,0.11,0.284,0.324
79,,0.336,0.92,0.356,0.626,0.334,0.1,0.274,0.314
80,,0.326,0.91,0.346,0.616,0.324,0.09,0.264,0.304
81,,0.316,0.9,0.336,0.606,0.314,0.08,0.254,0.294
82,,0.306,0.89,0.326,0.596,0.304,0.07,0.244,0.284
83,,0.296,0.88,0.316,0.586,0.294,0.06,0.234,0.274
84,,0.286,0.87,0.306,0.576,0.284,0.05,0.224,0.264
85,,0.276,0.86,0.296,0.566,0.274,0.04,0.214,0.254
86,,0.266,0.85,0.286,0.556,0.264,0.03,0.204,0.244
87,,0.256,0.84,0.276,0.546,0.254,0.02,0.194,0.234
88,,0.246,0.83,0.266,0.536,0.244,0.01,0.184,0.224
89,,0.236,0.82,0.256,0.526,0.234,0.0,0.174,0.214
90,,0.226,0.81,0.246,0.516,0.224,-0.01,0.164,0.204
91,6,-0.067,0.4,-0.047,0.506,0.497,0.99,0.437,0.194
92,6,-0.36,-0.01,-0.34,0.496,0.77,1.0,0.71,0.184
93,1,0.64,0.263,-0.35,0.203,0.36,0.707,0.7,0.457
94,1,1.0,0.536,-0.36,-0.09,-0.05,0.414,0.69,0.73
95,3,0.99,0.809,0.64,0.183,-0.06,0.121,0.28,0.437
96,3,0.98,1.0,1.0,0.456,-0.07,-0.172,-0.13,0.144
97,6,0.687,0.59,0.707,0.446,0.203,0.828,0.143,0.134
98,6,0.394,0.18,0.414,0.436,0.476,1.0,0.416,0.124
99,,0.384,0.17,0.404,0.426,0.466,0.99,0.406,0.114
100,,0.374,0.16,0.394,0.416,0.456,0.98,0.396,0.104
101,,0.364,0.15,0.384,0.406,0.446,0.97,0.386,0.094
102,,0.354,0.14,0.374,0.396,0.436,0.96,0.376,0.084
103,,0.344,0.13,0.364,0.386,0.426,0.95,0.366,0.074
104,,0.334,0.12,0.354,0.376,0.416,0.94,0.356,0.064
105,,0.324,0.11,0.344,0.366,0.406,0.93,0.346,0.054
106,,0.314,0.1,0.334,0.356,0.396,0.92,0.336,0.044
107,,0.304,0.09,0.324,0.346,0.386,0.91,0.326,0.034
108,,0.294,0.08,0.314,0.336,0.376,0.9,0.316,0.024
109,,0.284,0.07,0.304,0.326,0.366,0.89,0.306,0.014
110,,0.274,0.06,0.294,0.316,0.356,0.88,0.296,0.004
111,,0.264,0.05,0.284,0.306,0.346,0.87,0.286,-0.006
112,8,0.537,0.04,-0.009,-0.104,0.053,0.86,0.559,0.994
113,8,0.81,0.03,-0.302,-0.514,-0.24,0.85,0.832,1.0
114,4,0.517,0.02,-0.029,0.486,0.033,0.84,0.539,0.59
115,4,0.224,0.01,0.244,1.0,0.306,0.83,0.246,0.18
116,,0.214,0.0,0.234,0.99,0.296,0.82,0.236,0.17
117,,0.204,-0.01,0.224,0.98,0.286,0.81,0.226,0.16
118,2,0.477,0.99,0.497,0.97,-0.007,0.4,-0.067,0.15
119,2,0.75,1.0,0.77,0.96,-0.3,-0.01,-0.36,0.14
120,7,0.74,0.707,0.36,0.667,-0.31,0.263,0.64,0.413
121,7,0.73,0.414,-0.05,0.374,-0.32,0.536,1.0,0.686
122,5,0.32,0.121,-0.06,0.647,0.68,0.809,0.99,0.393
123,5,-0.09,-0.172,-0.07,0.92,1.0,1.0,0.98,0.1
124,2,0.183,0.828,0.203,0.91,0.707,0.59,0.687,0.09
125,2,0.456,1.0,0.476,0.9,0.414,0.18,0.394,0.08
126,,0.446,0.99,0.466,0.89,0.404,0.17,0.384,0.07
127,,0.436,0.98,0.456,0.88,0.394,0.16,0.374,0.06
128,,0.426,0.97,0.446,0.87,0.384,0.15,0.364,0.05
129,,0.416,0.96,0.436,0.86,0.374,0.14,0.354,0.04
130,,0.406,0.95,0.426,0.85,0.364,0.13,0.344,0.03
131,,0.396,0.94,0.416,0.84,0.354,0.12,0.334,0.02
132,,0.386,0.93,0.406,0.83,0.344,0.11,0.324,0.01
133,,0.376,0.92,0.396,0.82,0.334,0.1,0.314,0.0
134,,0.366,0.91,0.386,0.81,0.324,0.09,0.304,-0.01
135,8,0.639,0.9,0.093,0.4,0.031,0.08,0.577,0.99
136,8,0.912,0.89,-0.2,-0.01,-0.262,0.07,0.85,1.0
137,5,0.502,0.597,-0.21,0.263,0.738,0.343,0.84,0.707
138,5,0.092,0.304,-0.22,0.536,1.0,0.616,0.83,0.414
139,3,0.082,0.577,0.78,0.809,0.99,0.323,0.42,0.121
140,3,0.072,0.85,1.0,1.0,0.98,0.03,0.01,-0.172
141,8,0.345,0.84,0.707,0.59,0.687,0.02,0.283,0.828
142,8,0.618,0.83,0.414,0.18,0.394,0.01,0.556,1.0
143,,0.608,0.82,0.404,0.17,0.384,0.0,0.546,0.99
144,,0.598,0.81,0.394,0.16,0.374,-0.01,0.536,0.98
145,6,0.305,0.4,0.101,0.15,0.647,0.99,0.809,0.97
146,6,0.012,-0.01,-0.192,0.14,0.92,1.0,1.0,0.96
147,3,0.002,0.263,0.808,0.413,0.91,0.707,0.59,0.667
148,3,-0.008,0.536,1.0,0.686,0.9,0.414,0.18,0.374
149,1,0.992,0.809,0.99,0.393,0.49,0.121,0.17,0.647
150,1,1.0,1.0,0.98,0.1,0.08,-0.172,0.16,0.92
151,6,0.707,0.59,0.687,0.09,0.353,0.828,0.433,0.91
152,6,0.414,0.18,0.394,0.08,0.626,1.0,0.706,0.9
153,,0.404,0.17,0.384,0.07,0.616,0.99,0.696,0.89
154,,0.394,0.16,0.374,0.06,0.606,0.98,0.686,0.88
155,,0.384,0.15,0.364,0.05,0.596,0.97,0.676,0.87
156,,0.374,0.14,0.354,0.04,0.586,0.96,0.666,0.86
157,,0.364,0.13,0.344,0.03,0.576,0.95,0.656,0.85
158,,0.354,0.12,0.334,0.02,0.566,0.94,0.646,0.84
159,,0.344,0.11,0.324,0.01,0.556,0.93,0.636,0.83
160,,0.334,0.1,0.314,0.0,0.546,0.92,0.626,0.82
161,,0.324,0.09,0.304,-0.01,0.536,0.91,0.616,0.81
162,4,0.031,0.08,0.577,0.99,0.809,0.9,0.323,0.4
163,4,-0.262,0.07,0.85,1.0,1.0,0.89,0.03,-0.01
164,1,0.738,0.343,0.84,0.707,0.59,0.597,0.02,0.263
165,1,1.0,0.616,0.83,0.414,0.18,0.304,0.01,0.536
166,,0.99,0.606,0.82,0.404,0.17,0.294,0.0,0.526
167,,0.98,0.596,0.81,0.394,0.16,0.284,-0.01,0.516
168,7,0.97,0.303,0.4,0.101,0.15,0.557,0.99,0.789
169,7,0.96,0.01,-0.01,-0.192,0.14,0.83,1.0,1.0
170,4,0.667,0.0,0.263,0.808,0.413,0.82,0.707,0.59
171,4,0.374,-0.01,0.536,1.0,0.686,0.81,0.414,0.18
172,2,0.647,0.99,0.809,0.99,0.393,0.4,0.121,0.17
173,2,0.92,1.0,1.0,0.98,0.1,-0.01,-0.172,0.16
174,7,0.91,0.707,0.59,0.687,0.09,0.263,0.828,0.433
175,7,0.9,0.414,0.18,0.394,0.08,0.536,1.0,0.706
176,,0.89,0.404,0.17,0.384,0.07,0.526,0.99,0.696
177,,0.88,0.394,0.16,0.374,0.06,0.516,0.98,0.686
178,,0.87,0.384,0.15,0.364,0.05,0.506,0.97,0.676
179,,0.86,0.374,0.14,0.354,0.04,0.496,0.96,0.666
180,,0.85,0.364,0.13,0.344,0.03,0.486,0.95,0.656
181,,0.84,0.354,0.12,0.334,0.02,0.476,0.94,0.646
182,,0.83,0.344,0.11,0.324,0.01,0.466,0.93,0.636
183,,0.82,0.334,0.1,0.314,0.0,0.456,0.92,0.626
184,,0.81,0.324,0.09,0.304,-0.01,0.446,0.91,0.616
185,5,0.4,0.031,0.08,0.577,0.99,0.719,0.9,0.323
186,5,-0.01,-0.262,0.07,0.85,1.0,0.992,0.89,0.03
187,2,0.263,0.738,0.343,0.84,0.707,0.582,0.597,0.02
188,2,0.536,1.0,0.616,0.83,0.414,0.172,0.304,0.01
189,,0.526,0.99,0.606,0.82,0.404,0.162,0.294,0.0
190,,0.516,0.98,0.596,0.81,0.394,0.152,0.284,-0.01
191,8,0.789,0.97,0.303,0.4,0.101,0.142,0.557,0.99
192,8,1.0,0.96,0.01,-0.01,-0.192,0.132,0.83,1.0
193,5,0.59,0.667,0.0,0.263,0.808,0.405,0.82,0.707
194,5,0.18,0.374,-0.01,0.536,1.0,0.678,0.81,0.414
195,3,0.17,0.647,0.99,0.809,0.99,0.385,0.4,0.121
196,3,0.16,0.92,1.0,1.0,0.98,0.092,-0.01,-0.172
197,8,0.433,0.91,0.707,0.59,0.687,0.082,0.263,0.828
198,8,0.706,0.9,0.414,0.18,0.394,0.072,0.536,1.0
199,,0.696,0.89,0.404,0.17,0.384,0.062,0.526,0.99
200,,0.686,0.88,0.394,0.16,0.374,0.052,0.516,0.98
201,,0.676,0.87,0.384,0.15,0.364,0.042,0.506,0.97
202,,0.666,0.86,0.374,0.14,0.354,0.032,0.496,0.96
203,,0.656,0.85,0.364,0.13,0.344,0.022,0.486,0.95
204,,0.646,0.84,0.354,0.12,0.334,0.012,0.476,0.94
205,,0.636,0.83,0.344,0.11,0.324,0.002,0.466,0.93
206,,0.626,0.82,0.334,0.1,0.314,-0.008,0.456,0.92
207,6,0.333,0.41,0.041,0.09,0.587,0.992,0.729,0.91
208,6,0.04,-0.0,-0.252,0.08,0.86,1.0,1.0,0.9
209,3,0.03,0.273,0.748,0.353,0.85,0.707,0.59,0.607
210,3,0.02,0.546,1.0,0.626,0.84,0.414,0.18,0.314
211,,0.01,0.536,0.99,0.616,0.83,0.404,0.17,0.304
212,,0.0,0.526,0.98,0.606,0.82,0.394,0.16,0.294
213,,-0.01,0.516,0.97,0.596,0.81,0.384,0.15,0.284
214,1,0.99,0.789,0.96,0.303,0.4,0.091,0.14,0.557
215,1,1.0,1.0,0.95,0.01,-0.01,-0.202,0.13,0.83
216,6,0.707,0.59,0.657,0.0,0.263,0.798,0.403,0.82
217,6,0.414,0.18,0.364,-0.01,0.536,1.0,0.676,0.81
218,4,0.121,0.17,0.637,0.99,0.809,0.99,0.383,0.4
219,4,-0.172,0.16,0.91,1.0,1.0,0.98,0.09,-0.01
220,1,0.828,0.433,0.9,0.707,0.59,0.687,0.08,0.263
221,1,1.0,0.706,0.89,0.414,0.18,0.394,0.07,0.536
222,,0.99,0.696,0.88,0.404,0.17,0.384,0.06,0.526
223,,0.98,0.686,0.87,0.394,0.16,0.374,0.05,0.516
224,,0.97,0.676,0.86,0.384,0.15,0.364,0.04,0.506
225,,0.96,0.666,0.85,0.374,0.14,0.354,0.03,0.496
226,,0.95,0.656,0.84,0.364,0.13,0.344,0.02,0.486
227,,0.94,0.646,0.83,0.354,0.12,0.334,0.01,0.476
228,,0.93,0.636,0.82,0.344,0.11,0.324,0.0,0.466
229,,0.92,0.626,0.81,0.334,0.1,0.314,-0.01,0.456
230,7,0.91,0.333,0.4,0.041,0.09,0.587,0.99,0.729
231,7,0.9,0.04,-0.01,-0.252,0.08,0.86,1.0,1.0
232,4,0.607,0.03,0.263,0.748,0.353,0.85,0.707,0.59
233,4,0.314,0.02,0.536,1.0,0.626,0.84,0.414,0.18
234,,0.304,0.01,0.526,0.99,0.616,0.83,0.404,0.17
235,,0.294,0.0,0.516,0.98,0.606,0.82,0.394,0.16
236,,0.284,-0.01,0.506,0.97,0.596,0.81,0.384,0.15
237,2,0.557,0.99,0.779,0.96,0.303,0.4,0.091,0.14
238,2,0.83,1.0,1.0,0.95,0.01,-0.01,-0.202,0.13
239,7,0.82,0.707,0.59,0.657,0.0,0.263,0.798,0.403
240,7,0.81,0.414,0.18,0.364,-0.01,0.536,1.0,0.676
241,5,0.4,0.121,0.17,0.637,0.99,0.809,0.99,0.383
242,5,-0.01,-0.172,0.16,0.91,1.0,1.0,0.98,0.09
243,2,0.263,0.828,0.433,0.9,0.707,0.59,0.687,0.08
244,2,0.536,1.0,0.706,0.89,0.414,0.18,0.394,0.07
245,,0.526,0.99,0.696,0.88,0.404,0.17,0.384,0.06
246,,0.516,0.98,0.686,0.87,0.394,0.16,0.374,0.05
247,,0.506,0.97,0.676,0.86,0.384,0.15,0.364,0.04
248,,0.496,0.96,0.666,0.85,0.374,0.14,0.354,0.03
249,,0.486,0.95,0.656,0.84,0.364,0.13,0.344,0.02
250,,0.476,0.94,0.646,0.83,0.354,0.12,0.334,0.01
251,,0.466,0.93,0.636,0.82,0.344,0.11,0.324,0.0
252,,0.456,0.92,0.626,0.81,0.334,0.1,0.314,-0.01
253,8,0.729,0.91,0.333,0.4,0.041,0.09,0.587,0.99
254,8,1.0,0.9,0.04,-0.01,-0.252,0.08,0.86,1.0
255,5,0.59,0.607,0.03,0.263,0.748,0.353,0.85,0.707
256,5,0.18,0.314,0.02,0.536,1.0,0.626,0.84,0.414
257,,0.17,0.304,0.01,0.526,0.99,0.616,0.83,0.404
258,,0.16,0.294,0.0,0.516,0.98,0.606,0.82,0.394
259,,0.15,0.284,-0.01,0.506,0.97,0.596,0.81,0.384
260,3,0.14,0.557,0.99,0.779,0.96,0.303,0.4,0.091
261,3,0.13,0.83,1.0,1.0,0.95,0.01,-0.01,-0.202
262,8,0.403,0.82,0.707,0.59,0.657,0.0,0.263,0.798
263,8,0.676,0.81,0.414,0.18,0.364,-0.01,0.536,1.0
264,6,0.383,0.4,0.121,0.17,0.637,0.99,0.809,0.99
265,6,0.09,-0.01,-0.172,0.16,0.91,1.0,1.0,0.98
266,3,0.08,0.263,0.828,0.433,0.9,0.707,0.59,0.687
267,3,0.07,0.536,1.0,0.706,0.89,0.414,0.18,0.394
268,,0.06,0.526,0.99,0.696,0.88,0.404,0.17,0.384
269,,0.05,0.516,0.98,0.686,0.87,0.394,0.16,0.374
270,,0.04,0.506,0.97,0.676,0.86,0.384,0.15,0.364
271,,0.03,0.496,0.96,0.666,0.85,0.374,0.14,0.354
272,,0.02,0.486,0.95,0.656,0.84,0.364,0.13,0.344
273,,0.01,0.476,0.94,0.646,0.83,0.354,0.12,0.334
274,,0.0,0.466,0.93,0.636,0.82,0.344,0.11,0.324
275,,-0.01,0.456,0.92,0.626,0.81,0.334,0.1,0.314
276,1,0.99,0.729,0.91,0.333,0.4,0.041,0.09,0.587
277,1,1.0,1.0,0.9,0.04,-0.01,-0.252,0.08,0.86
278,6,0.707,0.59,0.607,0.03,0.263,0.748,0.353,0.85
279,6,0.414,0.18,0.314,0.02,0.536,1.0,0.626,0.84
280,,0.404,0.17,0.304,0.01,0.526,0.99,0.616,0.83
281,,0.394,0.16,0.294,0.0,0.516,0.98,0.606,0.82
282,,0.384,0.15,0.284,-0.01,0.506,0.97,0.596,0.81
283,4,0.091,0.14,0.557,0.99,0.779,0.96,0.303,0.4
284,4,-0.202,0.13,0.83,1.0,1.0,0.95,0.01,-0.01
285,1,0.798,0.403,0.82,0.707,0.59,0.657,0.0,0.263
286,1,1.0,0.676,0.81,0.414,0.18,0.364,-0.01,0.536
287,7,0.99,0.383,0.4,0.121,0.17,0.637,0.99,0.809
288,7,0.98,0.09,-0.01,-0.172,0.16,0.91,1.0,1.0
289,4,0.687,0.08,0.263,0.828,0.433,0.9,0.707,0.59
290,4,0.394,0.07,0.536,1.0,0.706,0.89,0.414,0.18
291,,0.384,0.06,0.526,0.99,0.696,0.88,0.404,0.17
292,,0.374,0.05,0.516,0.98,0.686,0.87,0.394,0.16
293,,0.364,0.04,0.506,0.97,0.676,0.86,0.384,0.15
294,,0.354,0.03,0.496,0.96,0.666,0.85,0.374,0.14
295,,0.344,0.02,0.486,0.95,0.656,0.84,0.364,0.13
296,,0.334,0.01,0.476,0.94,0.646,0.83,0.354,0.12
297,,0.324,0.0,0.466,0.93,0.636,0.82,0.344,0.11
298,,0.314,-0.01,0.456,0.92,0.626,0.81,0.334,0.1
299,2,0.587,0.99,0.729,0.91,0.333,0.4,0.041,0.09
300,2,0.86,1.0,1.0,0.9,0.04,-0.01,-0.252,0.08
301,7,0.85,0.707,0.59,0.607,0.03,0.263,0.748,0.353
302,7,0.84,0.414,0.18,0.314,0.02,0.536,1.0,0.626
303,,0.83,0.404,0.17,0.304,0.01,0.526,0.99,0.616
304,,0.82,0.394,0.16,0.294,0.0,0.516,0.98,0.606
305,,0.81,0.384,0.15,0.284,-0.01,0.506,0.97,0.596
306,5,0.4,0.091,0.14,0.557,0.99,0.779,0.96,0.303
307,5,-0.01,-0.202,0.13,0.83,1.0,1.0,0.95,0.01
308,2,0.263,0.798,0.403,0.82,0.707,0.59,0.657,0.0
309,2,0.536,1.0,0.676,0.81,0.414,0.18,0.364,-0.01
310,8,0.809,0.99,0.383,0.4,0.121,0.17,0.637,0.99
311,8,1.0,0.98,0.09,-0.01,-0.172,0.16,0.91,1.0
312,5,0.59,0.687,0.08,0.263,0.828,0.433,0.9,0.707
313,5,0.18,0.394,0.07,0.536,1.0,0.706,0.89,0.414
314,,0.17,0.384,0.06,0.526,0.99,0.696,0.88,0.404
315,,0.16,0.374,0.05,0.516,0.98,0.686,0.87,0.394
316,,0.15,0.364,0.04,0.506,0.97,0.676,0.86,0.384
317,,0.14,0.354,0.03,0.496,0.96,0.666,0.85,0.374
318,,0.13,0.344,0.02,0.486,0.95,0.656,0.84,0.364
319,,0.12,0.334,0.01,0.476,0.94,0.646,0.83,0.354
320,,0.11,0.324,0.0,0.466,0.93,0.636,0.82,0.344
321,,0.1,0.314,-0.01,0.456,0.92,0.626,0.81,0.334
322,3,0.09,0.587,0.99,0.729,0.91,0.333,0.4,0.041
323,3,0.08,0.86,1.0,1.0,0.9,0.04,-0.01,-0.252
324,8,0.353,0.85,0.707,0.59,0.607,0.03,0.263,0.748
325,8,0.626,0.84,0.414,0.18,0.314,0.02,0.536,1.0
326,,0.616,0.83,0.404,0.17,0.304,0.01,0.526,0.99
327,,0.606,0.82,0.394,0.16,0.294,0.0,0.516,0.98
328,,0.596,0.81,0.384,0.15,0.284,-0.01,0.506,0.97
329,6,0.303,0.4,0.091,0.14,0.557,0.99,0.779,0.96
330,6,0.01,-0.01,-0.202,0.13,0.83,1.0,1.0,0.95
331,3,0.0,0.263,0.798,0.403,0.82,0.707,0.59,0.657
332,3,-0.01,0.536,1.0,0.676,0.81,0.414,0.18,0.364
333,1,0.99,0.809,0.99,0.383,0.4,0.121,0.17,0.637
334,1,1.0,1.0,0.98,0.09,-0.01,-0.172,0.16,0.91
335,6,0.707,0.59,0.687,0.08,0.263,0.828,0.433,0.9
336,6,0.414,0.18,0.394,0.07,0.536,1.0,0.706,0.89
337,,0.404,0.17,0.384,0.06,0.526,0.99,0.696,0.88
338,,0.394,0.16,0.374,0.05,0.516,0.98,0.686,0.87
339,,0.384,0.15,0.364,0.04,0.506,0.97,0.676,0.86
340,,0.374,0.14,0.354,0.03,0.496,0.96,0.666,0.85
341,,0.364,0.13,0.344,0.02,0.486,0.95,0.656,0.84
342,,0.354,0.12,0.334,0.01,0.476,0.94,0.646,0.83
343,,0.344,0.11,0.324,0.0,0.466,0.93,0.636,0.82
344,,0.334,0.1,0.314,-0.01,0.456,0.92,0.626,0.81
345,4,0.041,0.09,0.587,0.99,0.729,0.91,0.333,0.4
346,4,-0.252,0.08,0.86,1.0,1.0,0.9,0.04,-0.01
347,1,0.748,0.353,0.85,0.707,0.59,0.607,0.03,0.263
348,1,1.0,0.626,0.84,0.414,0.18,0.314,0.02,0.536
349,,0.99,0.616,0.83,0.404,0.17,0.304,0.01,0.526
350,,0.98,0.606,0.82,0.394,0.16,0.294,0.0,0.516
351,,0.97,0.596,0.81,0.384,0.15,0.284,-0.01,0.506
352,7,0.96,0.303,0.4,0.091,0.14,0.557,0.99,0.779
353,7,0.95,0.01,-0.01,-0.202,0.13,0.83,1.0,1.0
354,4,0.657,0.0,0.263,0.798,0.403,0.82,0.707,0.59
355,4,0.364,-0.01,0.536,1.0,0.676,0.81,0.414,0.18
356,2,0.637,0.99,0.809,0.99,0.383,0.4,0.121,0.17
357,2,0.91,1.0,1.0,0.98,0.09,-0.01,-0.172,0.16
358,7,0.9,0.707,0.59,0.687,0.08,0.263,0.828,0.433
359,7,0.89,0.414,0.18,0.394,0.07,0.536,1.0,0.706
360,,0.88,0.404,0.17,0.384,0.06,0.526,0.99,0.696
361,,0.87,0.394,0.16,0.374,0.05,0.516,0.98,0.686
362,,0.86,0.384,0.15,0.364,0.04,0.506,0.97,0.676
363,,0.85,0.374,0.14,0.354,0.03,0.496,0.96,0.666
364,,0.84,0.364,0.13,0.344,0.02,0.486,0.95,0.656
365,,0.83,0.354,0.12,0.334,0.01,0.476,0.94,0.646
366,,0.82,0.344,0.11,0.324,0.0,0.466,0.93,0.636
367,,0.81,0.334,0.1,0.314,-0.01,0.456,0.92,0.626
368,5,0.4,0.041,0.09,0.587,0.99,0.729,0.91,0.333
369,5,-0.01,-0.252,0.08,0.86,1.0,1.0,0.9,0.04
370,2,0.263,0.748,0.353,0.85,0.707,0.59,0.607,0.03
371,2,0.536,1.0,0.626,0.84,0.414,0.18,0.314,0.02
372,,0.526,0.99,0.616,0.83,0.404,0.17,0.304,0.01
373,,0.516,0.98,0.606,0.82,0.394,0.16,0.294,0.0
374,,0.506,0.97,0.596,0.81,0.384,0.15,0.284,-0.01
375,8,0.779,0.96,0.303,0.4,0.091,0.14,0.557,0.99
376,8,1.0,0.95,0.01,-0.01,-0.202,0.13,0.83,1.0
377,5,0.59,0.657,0.0,0.263,0.798,0.403,0.82,0.707
378,5,0.18,0.364,-0.01,0.536,1.0,0.676,0.81,0.414
379,3,0.17,0.637,0.99,0.809,0.99,0.383,0.4,0.121
380,3,0.16,0.91,1.0,1.0,0.98,0.09,-0.01,-0.172
381,8,0.433,0.9,0.707,0.59,0.687,0.08,0.263,0.828
382,8,0.706,0.89,0.414,0.18,0.394,0.07,0.536,1.0
383,,0.696,0.88,0.404,0.17,0.384,0.06,0.526,0.99
384,,0.686,0.87,0.394,0.16,0.374,0.05,0.516,0.98
385,,0.676,0.86,0.384,0.15,0.364,0.04,0.506,0.97
386,,0.666,0.85,0.374,0.14,0.354,0.03,0.496,0.96
387,,0.656,0.84,0.364,0.13,0.344,0.02,0.486,0.95
388,,0.646,0.83,0.354,0.12,0.334,0.01,0.476,0.94
389,,0.636,0.82,0.344,0.11,0.324,0.0,0.466,0.93
390,,0.626,0.81,0.334,0.1,0.314,-0.01,0.456,0.92
391,6,0.333,0.4,0.041,0.09,0.587,0.99,0.729,0.91
392,6,0.04,-0.01,-0.252,0.08,0.86,1.0,1.0,0.9
393,3,0.03,0.263,0.748,0.353,0.85,0.707,0.59,0.607
394,3,0.02,0.536,1.0,0.626,0.84,0.414,0.18,0.314
395,,0.01,0.526,0.99,0.616,0.83,0.404,0.17,0.304
396,,0.0,0.516,0.98,0.606,0.82,0.394,0.16,0.294
397,,-0.01,0.506,0.97,0.596,0.81,0.384,0.15,0.284
398,1,0.99,0.779,0.96,0.303,0.4,0.091,0.14,0.557
399,1,1.0,1.0,0.95,0.01,-0.01,-0.202,0.13,0.83
400,6,0.707,0.59,0.657,0.0,0.263,0.798,0.403,0.82
401,6,0.414,0.18,0.364,-0.01,0.536,1.0,0.676,0.81
402,4,0.121,0.17,0.637,0.99,0.809,0.99,0.383,0.4
403,4,-0.172,0.16,0.91,1.0,1.0,0.98,0.09,-0.01
404,1,0.828,0.433,0.9,0.707,0.59,0.687,0.08,0.263
405,1,1.0,0.706,0.89,0.414,0.18,0.394,0.07,0.536
406,,0.99,0.696,0.88,0.404,0.17,0.384,0.06,0.526
407,,0.98,0.686,0.87,0.394,0.16,0.374,0.05,0.516
408,,0.97,0.676,0.86,0.384,0.15,0.364,0.04,0.506
409,,0.96,0.666,0.85,0.374,0.14,0.354,0.03,0.496
410,,0.95,0.656,0.84,0.364,0.13,0.344,0.02,0.486
411,,0.94,0.646,0.83,0.354,0.12,0.334,0.01,0.476
412,,0.93,0.636,0.82,0.344,0.11,0.324,0.0,0.466
413,,0.92,0.626,0.81,0.334,0.1,0.314,-0.01,0.456
414,7,0.91,0.333,0.4,0.041,0.09,0.587,0.99,0.729
415,7,0.9,0.04,-0.01,-0.252,0.08,0.86,1.0,1.0
416,4,0.607,0.03,0.263,0.748,0.353,0.85,0.707,0.59
417,4,0.314,0.02,0.536,1.0,0.626,0.84,0.414,0.18
418,,0.304,0.01,0.526,0.99,0.616,0.83,0.404,0.17
419,,0.294,0.0,0.516,0.98,0.606,0.82,0.394,0.16
420,,0.284,-0.01,0.506,0.97,0.596,0.81,0.384,0.15
421,2,0.557,0.99,0.779,0.96,0.303,0.4,0.091,0.14
422,2,0.83,1.0,1.0,0.95,0.01,-0.01,-0.202,0.13
423,7,0.82,0.707,0.59,0.657,0.0,0.263,0.798,0.403
424,7,0.81,0.414,0.18,0.364,-0.01,0.536,1.0,0.676
425,5,0.4,0.121,0.17,0.637,0.99,0.809,0.99,0.383
426,5,-0.01,-0.172,0.16,0.91,1.0,1.0,0.98,0.09
427,2,0.263,0.828,0.433,0.9,0.707,0.59,0.687,0.08
428,2,0.536,1.0,0.706,0.89,0.414,0.18,0.394,0.07
429,,0.526,0.99,0.696,0.88,0.404,0.17,0.384,0.06
430,,0.516,0.98,0.686,0.87,0.394,0.16,0.374,0.05
431,,0.506,0.97,0.676,0.86,0.384,0.15,0.364,0.04
432,,0.496,0.96,0.666,0.85,0.374,0.14,0.354,0.03
433,,0.486,0.95,0.656,0.84,0.364,0.13,0.344,0.02
434,,0.476,0.94,0.646,0.83,0.354,0.12,0.334,0.01
435,,0.466,0.93,0.636,0.82,0.344,0.11,0.324,0.0
436,,0.456,0.92,0.626,0.81,0.334,0.1,0.314,-0.01
437,8,0.729,0.91,0.333,0.4,0.041,0.09,0.587,0.99
438,8,1.0,0.9,0.04,-0.01,-0.252,0.08,0.86,1.0
439,5,0.59,0.607,0.03,0.263,0.748,0.353,0.85,0.707
440,5,0.18,0.314,0.02,0.536,1.0,0.626,0.84,0.414
441,,0.17,0.304,0.01,0.526,0.99,0.616,0.83,0.404
442,,0.16,0.294,0.0,0.516,0.98,0.606,0.82,0.394
443,,0.15,0.284,-0.01,0.506,0.97,0.596,0.81,0.384
444,3,0.14,0.557,0.99,0.779,0.96,0.303,0.4,0.091
445,3,0.13,0.83,1.0,1.0,0.95,0.01,-0.01,-0.202
446,8,0.403,0.82,0.707,0.59,0.657,0.0,0.263,0.798
447,8,0.676,0.81,0.414,0.18,0.364,-0.01,0.536,1.0
448,6,0.383,0.4,0.121,0.17,0.637,0.99,0.809,0.99
449,6,0.09,-0.01,-0.172,0.16,0.91,1.0,1.0,0.98
450,3,0.08,0.263,0.828,0.433,0.9,0.707,0.59,0.687
451,3,0.07,0.536,1.0,0.706,0.89,0.414,0.18,0.394
452,,0.06,0.526,0.99,0.696,0.88,0.404,0.17,0.384
453,,0.05,0.516,0.98,0.686,0.87,0.394,0.16,0.374
454,,0.04,0.506,0.97,0.676,0.86,0.384,0.15,0.364
455,,0.03,0.496,0.96,0.666,0.85,0.374,0.14,0.354
456,,0.02,0.486,0.95,0.656,0.84,0.364,0.13,0.344
457,,0.01,0.476,0.94,0.646,0.83,0.354,0.12,0.334
458,,0.0,0.466,0.93,0.636,0.82,0.344,0.11,0.324
459,,-0.01,0.456,0.92,0.626,0.81,0.334,0.1,0.314
460,1,0.99,0.729,0.91,0.333,0.4,0.041,0.09,0.587
461,1,1.0,1.0,0.9,0.04,-0.01,-0.252,0.08,0.86
462,6,0.707,0.59,0.607,0.03,0.263,0.748,0.353,0.85
463,6,0.414,0.18,0.314,0.02,0.536,1.0,0.626,0.84
464,,0.404,0.17,0.304,0.01,0.526,0.99,0.616,0.83
465,,0.394,0.16,0.294,0.0,0.516,0.98,0.606,0.82
466,,0.384,0.15,0.284,-0.01,0.506,0.97,0.596,0.81
467,4,0.091,0.14,0.557,0.99,0.779,0.96,0.303,0.4
468,4,-0.202,0.13,0.83,1.0,1.0,0.95,0.01,-0.01
469,1,0.798,0.403,0.82,0.707,0.59,0.657,0.0,0.263
470,1,1.0,0.676,0.81,0.414,0.18,0.364,-0.01,0.536
471,7,0.99,0.383,0.4,0.121,0.17,0.637,0.99,0.809
472,7,0.98,0.09,-0.01,-0.172,0.16,0.91,1.0,1.0
473,4,0.687,0.08,0.263,0.828,0.433,0.9,0.707,0.59
474,4,0.394,0.07,0.536,1.0,0.706,0.89,0.414,0.18
475,,0.384,0.06,0.526,0.99,0.696,0.88,0.404,0.17
476,,0.374,0.05,0.516,0.98,0.686,0.87,0.394,0.16
477,,0.364,0.04,0.506,0.97,0.676,0.86,0.384,0.15
478,,0.354,0.03,0.496,0.96,0.666,0.85,0.374,0.14
479,,0.344,0.02,0.486,0.95,0.656,0.84,0.364,0.13
480,,0.334,0.01,0.476,0.94,0.646,0.83,0.354,0.12
481,,0.324,0.0,0.466,0.93,0.636,0.82,0.344,0.11
482,,0.314,-0.01,0.456,0.92,0.626,0.81,0.334,0.1
483,2,0.587,0.99,0.729,0.91,0.333,0.4,0.041,0.09
484,2,0.86,1.0,1.0,0.9,0.04,-0.01,-0.252,0.08
485,7,0.85,0.707,0.59,0.607,0.03,0.263,0.748,0.353
486,7,0.84,0.414,0.18,0.314,0.02,0.536,1.0,0.626
487,,0.83,0.404,0.17,0.304,0.01,0.526,0.99,0.616
488,,0.82,0.394,0.16,0.294,0.0,0.516,0.98,0.606
489,,0.81,0.384,0.15,0.284,-0.01,0.506,0.97,0.596
490,5,0.4,0.091,0.14,0.557,0.99,0.779,0.96,0.303
491,5,-0.01,-0.202,0.13,0.83,1.0,1.0,0.95,0.01
492,2,0.263,0.798,0.403,0.82,0.707,0.59,0.657,0.0
493,2,0.536,1.0,0.676,0.81,0.414,0.18,0.364,-0.01
494,8,0.809,0.99,0.383,0.4,0.121,0.17,0.637,0.99
495,8,1.0,0.98,0.09,-0.01,-0.172,0.16,0.91,1.0
496,5,0.59,0.687,0.08,0.263,0.828,0.433,0.9,0.707
497,5,0.18,0.394,0.07,0.536,1.0,0.706,0.89,0.414
498,,0.17,0.384,0.06,0.526,0.99,0.696,0.88,0.404
499,,0.16,0.374,0.05,0.516,0.98,0.686,0.87,0.394
