step,active_motive,motive_1,motive_2,motive_3,motive_4,motive_5,motive_6,motive_7,motive_8
0,,0.09283,0.04282,0.09667,0.09636,0.0853,0.02944,0.03851,0.08511
1,,0.08283,0.03282,0.08667,0.08636,0.0753,0.01944,0.02851,0.07511
2,,0.07283,0.02282,0.07667,0.07636,0.0653,0.00944,0.01851,0.06511
3,,0.06283,0.01282,0.06667,0.06636,0.0553,-0.00056,0.00851,0.05511
4,6,-0.23017,-0.39718,-0.22633,0.05636,0.3283,0.99944,0.28151,0.04511
5,6,-0.52317,-0.80718,-0.51933,0.04636,0.6013,1.0,0.55451,0.03511
6,2,-0.25017,0.19282,-0.24633,0.03636,0.3083,0.59,0.26151,0.02511
7,2,0.02283,1.0,0.02667,0.02636,0.0153,0.18,-0.03149,0.01511
8,7,0.01283,0.707,-0.38333,-0.26664,0.0053,0.453,0.96851,0.28811
9,7,0.00283,0.414,-0.79333,-0.55964,-0.0047,0.726,1.0,0.56111
10,3,-0.00717,0.687,0.20667,-0.28664,-0.0147,0.433,0.59,0.26811
11,3,-0.01717,0.96,1.0,-0.01364,-0.0247,0.14,0.18,-0.02489
12,8,0.25583,0.95,0.707,-0.42364,-0.3177,0.13,0.453,0.97511
13,8,0.52883,0.94,0.414,-0.83364,-0.6107,0.12,0.726,1.0
14,4,0.23583,0.93,0.687,0.16636,-0.3377,0.11,0.433,0.59
15,4,-0.05717,0.92,0.96,1.0,-0.0647,0.1,0.14,0.18
16,5,-0.46717,0.627,0.95,1.0,0.9353,0.373,0.13,-0.113
17,5,-0.87717,0.334,0.94,1.0,1.0,0.646,0.12,-0.406
18,1,0.12283,0.607,0.93,0.707,0.59,0.353,0.11,-0.133
19,1,1.0,0.88,0.92,0.414,0.18,0.06,0.1,0.14
20,,0.99,0.87,0.91,0.404,0.17,0.05,0.09,0.13
21,,0.98,0.86,0.9,0.394,0.16,0.04,0.08,0.12
22,,0.97,0.85,0.89,0.384,0.15,0.03,0.07,0.11
23,,0.96,0.84,0.88,0.374,0.14,0.02,0.06,0.1
24,,0.95,0.83,0.87,0.364,0.13,0.01,0.05,0.09
25,,0.94,0.82,0.86,0.354,0.12,0.0,0.04,0.08
26,,0.93,0.81,0.85,0.344,0.11,-0.01,0.03,0.07
27,6,0.637,0.4,0.557,0.334,0.383,0.99,0.303,0.06
28,6,0.344,-0.01,0.264,0.324,0.656,1.0,0.576,0.05
29,2,0.617,0.99,0.537,0.314,0.363,0.59,0.283,0.04
30,2,0.89,1.0,0.81,0.304,0.07,0.18,-0.01,0.03
31,7,0.88,0.707,0.4,0.011,0.06,0.453,0.99,0.303
32,7,0.87,0.414,-0.01,-0.282,0.05,0.726,1.0,0.576
33,4,0.577,0.404,0.263,0.718,0.323,0.716,0.707,0.166
34,4,0.284,0.394,0.536,1.0,0.596,0.706,0.414,-0.244
35,8,0.557,0.384,0.243,0.59,0.303,0.696,0.687,0.756
36,8,0.83,0.374,-0.05,0.18,0.01,0.686,0.96,1.0
37,3,0.82,0.647,0.95,0.453,0.0,0.393,0.55,0.707
38,3,0.81,0.92,1.0,0.726,-0.01,0.1,0.14,0.414
39,5,0.4,0.627,0.99,0.999,0.99,0.373,0.13,0.121
40,5,-0.01,0.334,0.98,1.0,1.0,0.646,0.12,-0.172
41,8,0.263,0.324,0.687,0.59,0.707,0.636,0.393,0.828
42,8,0.536,0.314,0.394,0.18,0.414,0.626,0.666,1.0
43,,0.526,0.304,0.384,0.17,0.404,0.616,0.656,0.99
44,,0.516,0.294,0.374,0.16,0.394,0.606,0.646,0.98
45,,0.506,0.284,0.364,0.15,0.384,0.596,0.636,0.97
46,,0.496,0.274,0.354,0.14,0.374,0.586,0.626,0.96
47,,0.486,0.264,0.344,0.13,0.364,0.576,0.616,0.95
48,,0.476,0.254,0.334,0.12,0.354,0.566,0.606,0.94
49,,0.466,0.244,0.324,0.11,0.344,0.556,0.596,0.93
50,,0.456,0.234,0.314,0.1,0.334,0.546,0.586,0.92
51,,0.446,0.224,0.304,0.09,0.324,0.536,0.576,0.91
52,,0.436,0.214,0.294,0.08,0.314,0.526,0.566,0.9
53,,0.426,0.204,0.284,0.07,0.304,0.516,0.556,0.89
54,,0.416,0.194,0.274,0.06,0.294,0.506,0.546,0.88
55,,0.406,0.184,0.264,0.05,0.284,0.496,0.536,0.87
56,,0.396,0.174,0.254,0.04,0.274,0.486,0.526,0.86
57,,0.386,0.164,0.244,0.03,0.264,0.476,0.516,0.85
58,,0.376,0.154,0.234,0.02,0.254,0.466,0.506,0.84
59,,0.366,0.144,0.224,0.01,0.244,0.456,0.496,0.83
60,,0.356,0.134,0.214,0.0,0.234,0.446,0.486,0.82
61,,0.346,0.124,0.204,-0.01,0.224,0.436,0.476,0.81
62,4,0.053,0.114,0.477,0.99,0.497,0.426,0.183,0.4
63,4,-0.24,0.104,0.75,1.0,0.77,0.416,-0.11,-0.01
64,1,0.76,0.377,0.74,0.707,0.36,0.123,-0.12,0.263
65,1,1.0,0.65,0.73,0.414,-0.05,-0.17,-0.13,0.536
66,6,0.707,0.24,0.437,0.404,0.223,0.83,0.143,0.526
67,6,0.414,-0.17,0.144,0.394,0.496,1.0,0.416,0.516
68,2,0.687,0.83,0.417,0.384,0.203,0.59,0.123,0.506
69,2,0.96,1.0,0.69,0.374,-0.09,0.18,-0.17,0.496
70,7,0.95,0.707,0.28,0.081,-0.1,0.453,0.83,0.769
71,7,0.94,0.414,-0.13,-0.212,-0.11,0.726,1.0,1.0
72,4,0.647,0.404,0.143,0.788,0.163,0.716,0.707,0.59
73,4,0.354,0.394,0.416,1.0,0.436,0.706,0.414,0.18
74,,0.344,0.384,0.406,0.99,0.426,0.696,0.404,0.17
75,,0.334,0.374,0.396,0.98,0.416,0.686,0.394,0.16
76,,0.324,0.364,0.386,0.97,0.406,0.676,0.384,0.15
77,,0.314,0.354,0.376,0.96,0.396,0.666,0.374,0.14
78,,0.304,0.344,0.366,0.95,0.386,0.656,0.364,0.13
79,,0.294,0.334,0.356,0.94,0.376,0.646,0.354,0.12
80,,0.284,0.324,0.346,0.93,0.366,0.636,0.344,0.11
81,,0.274,0.314,0.336,0.92,0.356,0.626,0.334,0.1
82,,0.264,0.304,0.326,0.91,0.346,0.616,0.324,0.09
83,,0.254,0.294,0.316,0.9,0.336,0.606,0.314,0.08
84,,0.244,0.284,0.306,0.89,0.326,0.596,0.304,0.07
85,,0.234,0.274,0.296,0.88,0.316,0.586,0.294,0.06
86,,0.224,0.264,0.286,0.87,0.306,0.576,0.284,0.05
87,,0.214,0.254,0.276,0.86,0.296,0.566,0.274,0.04
88,,0.204,0.244,0.266,0.85,0.286,0.556,0.264,0.03
89,,0.194,0.234,0.256,0.84,0.276,0.546,0.254,0.02
90,,0.184,0.224,0.246,0.83,0.266,0.536,0.244,0.01
91,,0.174,0.214,0.236,0.82,0.256,0.526,0.234,0.0
92,,0.164,0.204,0.226,0.81,0.246,0.516,0.224,-0.01
93,8,0.437,0.194,-0.067,0.4,-0.047,0.506,0.497,0.99
94,8,0.71,0.184,-0.36,-0.01,-0.34,0.496,0.77,1.0
95,3,0.7,0.457,0.64,0.263,-0.35,0.203,0.36,0.707
96,3,0.69,0.73,1.0,0.536,-0.36,-0.09,-0.05,0.414
97,5,0.28,0.437,0.99,0.809,0.64,0.183,-0.06,0.121
98,5,-0.13,0.144,0.98,1.0,1.0,0.456,-0.07,-0.172
99,8,0.143,0.134,0.687,0.59,0.707,0.446,0.203,0.828
100,8,0.416,0.124,0.394,0.18,0.414,0.436,0.476,1.0
101,,0.406,0.114,0.384,0.17,0.404,0.426,0.466,0.99
102,,0.396,0.104,0.374,0.16,0.394,0.416,0.456,0.98
103,,0.386,0.094,0.364,0.15,0.384,0.406,0.446,0.97
104,,0.376,0.084,0.354,0.14,0.374,0.396,0.436,0.96
105,,0.366,0.074,0.344,0.13,0.364,0.386,0.426,0.95
106,,0.356,0.064,0.334,0.12,0.354,0.376,0.416,0.94
107,,0.346,0.054,0.324,0.11,0.344,0.366,0.406,0.93
108,,0.336,0.044,0.314,0.1,0.334,0.356,0.396,0.92
109,,0.326,0.034,0.304,0.09,0.324,0.346,0.386,0.91
110,,0.316,0.024,0.294,0.08,0.314,0.336,0.376,0.9
111,,0.306,0.014,0.284,0.07,0.304,0.326,0.366,0.89
112,,0.296,0.004,0.274,0.06,0.294,0.316,0.356,0.88
113,,0.286,-0.006,0.264,0.05,0.284,0.306,0.346,0.87
114,2,0.559,0.994,0.537,0.04,-0.009,-0.104,0.053,0.86
115,2,0.832,1.0,0.81,0.03,-0.302,-0.514,-0.24,0.85
116,6,0.539,0.59,0.517,0.02,-0.029,0.486,0.033,0.84
117,6,0.246,0.18,0.224,0.01,0.244,1.0,0.306,0.83
118,,0.236,0.17,0.214,0.0,0.234,0.99,0.296,0.82
119,,0.226,0.16,0.204,-0.01,0.224,0.98,0.286,0.81
120,4,-0.067,0.15,0.477,0.99,0.497,0.97,-0.007,0.4
121,4,-0.36,0.14,0.75,1.0,0.77,0.96,-0.3,-0.01
122,1,0.64,0.413,0.74,0.707,0.36,0.667,-0.31,0.263
123,1,1.0,0.686,0.73,0.414,-0.05,0.374,-0.32,0.536
124,7,0.99,0.393,0.32,0.121,-0.06,0.647,0.68,0.809
125,7,0.98,0.1,-0.09,-0.172,-0.07,0.92,1.0,1.0
126,4,0.687,0.09,0.183,0.828,0.203,0.91,0.707,0.59
127,4,0.394,0.08,0.456,1.0,0.476,0.9,0.414,0.18
128,,0.384,0.07,0.446,0.99,0.466,0.89,0.404,0.17
129,,0.374,0.06,0.436,0.98,0.456,0.88,0.394,0.16
130,,0.364,0.05,0.426,0.97,0.446,0.87,0.384,0.15
131,,0.354,0.04,0.416,0.96,0.436,0.86,0.374,0.14
132,,0.344,0.03,0.406,0.95,0.426,0.85,0.364,0.13
133,,0.334,0.02,0.396,0.94,0.416,0.84,0.354,0.12
134,,0.324,0.01,0.386,0.93,0.406,0.83,0.344,0.11
135,,0.314,0.0,0.376,0.92,0.396,0.82,0.334,0.1
136,,0.304,-0.01,0.366,0.91,0.386,0.81,0.324,0.09
137,2,0.577,0.99,0.639,0.9,0.093,0.4,0.031,0.08
138,2,0.85,1.0,0.912,0.89,-0.2,-0.01,-0.262,0.07
139,7,0.84,0.707,0.502,0.597,-0.21,0.263,0.738,0.343
140,7,0.83,0.414,0.092,0.304,-0.22,0.536,1.0,0.616
141,5,0.42,0.121,0.082,0.577,0.78,0.809,0.99,0.323
142,5,0.01,-0.172,0.072,0.85,1.0,1.0,0.98,0.03
143,2,0.283,0.828,0.345,0.84,0.707,0.59,0.687,0.02
144,2,0.556,1.0,0.618,0.83,0.414,0.18,0.394,0.01
145,,0.546,0.99,0.608,0.82,0.404,0.17,0.384,0.0
146,,0.536,0.98,0.598,0.81,0.394,0.16,0.374,-0.01
147,8,0.809,0.97,0.305,0.4,0.101,0.15,0.647,0.99
148,8,1.0,0.96,0.012,-0.01,-0.192,0.14,0.92,1.0
149,5,0.59,0.667,0.002,0.263,0.808,0.413,0.91,0.707
150,5,0.18,0.374,-0.008,0.536,1.0,0.686,0.9,0.414
151,3,0.17,0.647,0.992,0.809,0.99,0.393,0.49,0.121
152,3,0.16,0.92,1.0,1.0,0.98,0.1,0.08,-0.172
153,8,0.433,0.91,0.707,0.59,0.687,0.09,0.353,0.828
154,8,0.706,0.9,0.414,0.18,0.394,0.08,0.626,1.0
155,,0.696,0.89,0.404,0.17,0.384,0.07,0.616,0.99
156,,0.686,0.88,0.394,0.16,0.374,0.06,0.606,0.98
157,,0.676,0.87,0.384,0.15,0.364,0.05,0.596,0.97
158,,0.666,0.86,0.374,0.14,0.354,0.04,0.586,0.96
159,,0.656,0.85,0.364,0.13,0.344,0.03,0.576,0.95
160,,0.646,0.84,0.354,0.12,0.334,0.02,0.566,0.94
161,,0.636,0.83,0.344,0.11,0.324,0.01,0.556,0.93
162,,0.626,0.82,0.334,0.1,0.314,0.0,0.546,0.92
163,,0.616,0.81,0.324,0.09,0.304,-0.01,0.536,0.91
164,6,0.323,0.4,0.031,0.08,0.577,0.99,0.809,0.9
165,6,0.03,-0.01,-0.262,0.07,0.85,1.0,1.0,0.89
166,3,0.02,0.263,0.738,0.343,0.84,0.707,0.59,0.597
167,3,0.01,0.536,1.0,0.616,0.83,0.414,0.18,0.304
168,,0.0,0.526,0.99,0.606,0.82,0.404,0.17,0.294
169,,-0.01,0.516,0.98,0.596,0.81,0.394,0.16,0.284
170,1,0.99,0.789,0.97,0.303,0.4,0.101,0.15,0.557
171,1,1.0,1.0,0.96,0.01,-0.01,-0.192,0.14,0.83
172,6,0.707,0.59,0.667,0.0,0.263,0.808,0.413,0.82
173,6,0.414,0.18,0.374,-0.01,0.536,1.0,0.686,0.81
174,4,0.121,0.17,0.647,0.99,0.809,0.99,0.393,0.4
175,4,-0.172,0.16,0.92,1.0,1.0,0.98,0.1,-0.01
176,1,0.828,0.433,0.91,0.707,0.59,0.687,0.09,0.263
177,1,1.0,0.706,0.9,0.414,0.18,0.394,0.08,0.536
178,,0.99,0.696,0.89,0.404,0.17,0.384,0.07,0.526
179,,0.98,0.686,0.88,0.394,0.16,0.374,0.06,0.516
180,,0.97,0.676,0.87,0.384,0.15,0.364,0.05,0.506
181,,0.96,0.666,0.86,0.374,0.14,0.354,0.04,0.496
182,,0.95,0.656,0.85,0.364,0.13,0.344,0.03,0.486
183,,0.94,0.646,0.84,0.354,0.12,0.334,0.02,0.476
184,,0.93,0.636,0.83,0.344,0.11,0.324,0.01,0.466
185,,0.92,0.626,0.82,0.334,0.1,0.314,0.0,0.456
186,,0.91,0.616,0.81,0.324,0.09,0.304,-0.01,0.446
187,7,0.9,0.323,0.4,0.031,0.08,0.577,0.99,0.719
188,7,0.89,0.03,-0.01,-0.262,0.07,0.85,1.0,0.992
189,4,0.597,0.02,0.263,0.738,0.343,0.84,0.707,0.582
190,4,0.304,0.01,0.536,1.0,0.616,0.83,0.414,0.172
191,,0.294,0.0,0.526,0.99,0.606,0.82,0.404,0.162
192,,0.284,-0.01,0.516,0.98,0.596,0.81,0.394,0.152
193,2,0.557,0.99,0.789,0.97,0.303,0.4,0.101,0.142
194,2,0.83,1.0,1.0,0.96,0.01,-0.01,-0.192,0.132
195,7,0.82,0.707,0.59,0.667,0.0,0.263,0.808,0.405
196,7,0.81,0.414,0.18,0.374,-0.01,0.536,1.0,0.678
197,5,0.4,0.121,0.17,0.647,0.99,0.809,0.99,0.385
198,5,-0.01,-0.172,0.16,0.92,1.0,1.0,0.98,0.092
199,2,0.263,0.828,0.433,0.91,0.707,0.59,0.687,0.082
200,2,0.536,1.0,0.706,0.9,0.414,0.18,0.394,0.072
201,,0.526,0.99,0.696,0.89,0.404,0.17,0.384,0.062
202,,0.516,0.98,0.686,0.88,0.394,0.16,0.374,0.052
203,,0.506,0.97,0.676,0.87,0.384,0.15,0.364,0.042
204,,0.496,0.96,0.666,0.86,0.374,0.14,0.354,0.032
205,,0.486,0.95,0.656,0.85,0.364,0.13,0.344,0.022
206,,0.476,0.94,0.646,0.84,0.354,0.12,0.334,0.012
207,,0.466,0.93,0.636,0.83,0.344,0.11,0.324,0.002
208,,0.456,0.92,0.626,0.82,0.334,0.1,0.314,-0.008
209,8,0.729,0.91,0.333,0.41,0.041,0.09,0.587,0.992
210,8,1.0,0.9,0.04,-0.0,-0.252,0.08,0.86,1.0
211,5,0.59,0.607,0.03,0.273,0.748,0.353,0.85,0.707
212,5,0.18,0.314,0.02,0.546,1.0,0.626,0.84,0.414
213,,0.17,0.304,0.01,0.536,0.99,0.616,0.83,0.404
214,,0.16,0.294,0.0,0.526,0.98,0.606,0.82,0.394
215,,0.15,0.284,-0.01,0.516,0.97,0.596,0.81,0.384
216,3,0.14,0.557,0.99,0.789,0.96,0.303,0.4,0.091
217,3,0.13,0.83,1.0,1.0,0.95,0.01,-0.01,-0.202
218,8,0.403,0.82,0.707,0.59,0.657,0.0,0.263,0.798
219,8,0.676,0.81,0.414,0.18,0.364,-0.01,0.536,1.0
220,6,0.383,0.4,0.121,0.17,0.637,0.99,0.809,0.99
221,6,0.09,-0.01,-0.172,0.16,0.91,1.0,1.0,0.98
222,3,0.08,0.263,0.828,0.433,0.9,0.707,0.59,0.687
223,3,0.07,0.536,1.0,0.706,0.89,0.414,0.18,0.394
224,,0.06,0.526,0.99,0.696,0.88,0.404,0.17,0.384
225,,0.05,0.516,0.98,0.686,0.87,0.394,0.16,0.374
226,,0.04,0.506,0.97,0.676,0.86,0.384,0.15,0.364
227,,0.03,0.496,0.96,0.666,0.85,0.374,0.14,0.354
228,,0.02,0.486,0.95,0.656,0.84,0.364,0.13,0.344
229,,0.01,0.476,0.94,0.646,0.83,0.354,0.12,0.334
230,,0.0,0.466,0.93,0.636,0.82,0.344,0.11,0.324
231,,-0.01,0.456,0.92,0.626,0.81,0.334,0.1,0.314
232,1,0.99,0.729,0.91,0.333,0.4,0.041,0.09,0.587
233,1,1.0,1.0,0.9,0.04,-0.01,-0.252,0.08,0.86
234,6,0.707,0.59,0.607,0.03,0.263,0.748,0.353,0.85
235,6,0.414,0.18,0.314,0.02,0.536,1.0,0.626,0.84
236,,0.404,0.17,0.304,0.01,0.526,0.99,0.616,0.83
237,,0.394,0.16,0.294,0.0,0.516,0.98,0.606,0.82
238,,0.384,0.15,0.284,-0.01,0.506,0.97,0.596,0.81
239,4,0.091,0.14,0.557,0.99,0.779,0.96,0.303,0.4
240,4,-0.202,0.13,0.83,1.0,1.0,0.95,0.01,-0.01
241,1,0.798,0.403,0.82,0.707,0.59,0.657,0.0,0.263
242,1,1.0,0.676,0.81,0.414,0.18,0.364,-0.01,0.536
243,7,0.99,0.383,0.4,0.121,0.17,0.637,0.99,0.809
244,7,0.98,0.09,-0.01,-0.172,0.16,0.91,1.0,1.0
245,4,0.687,0.08,0.263,0.828,0.433,0.9,0.707,0.59
246,4,0.394,0.07,0.536,1.0,0.706,0.89,0.414,0.18
247,,0.384,0.06,0.526,0.99,0.696,0.88,0.404,0.17
248,,0.374,0.05,0.516,0.98,0.686,0.87,0.394,0.16
249,,0.364,0.04,0.506,0.97,0.676,0.86,0.384,0.15
250,,0.354,0.03,0.496,0.96,0.666,0.85,0.374,0.14
251,,0.344,0.02,0.486,0.95,0.656,0.84,0.364,0.13
252,,0.334,0.01,0.476,0.94,0.646,0.83,0.354,0.12
253,,0.324,0.0,0.466,0.93,0.636,0.82,0.344,0.11
254,,0.314,-0.01,0.456,0.92,0.626,0.81,0.334,0.1
255,2,0.587,0.99,0.729,0.91,0.333,0.4,0.041,0.09
256,2,0.86,1.0,1.0,0.9,0.04,-0.01,-0.252,0.08
257,7,0.85,0.707,0.59,0.607,0.03,0.263,0.748,0.353
258,7,0.84,0.414,0.18,0.314,0.02,0.536,1.0,0.626
259,,0.83,0.404,0.17,0.304,0.01,0.526,0.99,0.616
260,,0.82,0.394,0.16,0.294,0.0,0.516,0.98,0.606
261,,0.81,0.384,0.15,0.284,-0.01,0.506,0.97,0.596
262,5,0.4,0.091,0.14,0.557,0.99,0.779,0.96,0.303
263,5,-0.01,-0.202,0.13,0.83,1.0,1.0,0.95,0.01
264,2,0.263,0.798,0.403,0.82,0.707,0.59,0.657,0.0
265,2,0.536,1.0,0.676,0.81,0.414,0.18,0.364,-0.01
266,8,0.809,0.99,0.383,0.4,0.121,0.17,0.637,0.99
267,8,1.0,0.98,0.09,-0.01,-0.172,0.16,0.91,1.0
268,5,0.59,0.687,0.08,0.263,0.828,0.433,0.9,0.707
269,5,0.18,0.394,0.07,0.536,1.0,0.706,0.89,0.414
270,,0.17,0.384,0.06,0.526,0.99,0.696,0.88,0.404
271,,0.16,0.374,0.05,0.516,0.98,0.686,0.87,0.394
272,,0.15,0.364,0.04,0.506,0.97,0.676,0.86,0.384
273,,0.14,0.354,0.03,0.496,0.96,0.666,0.85,0.374
274,,0.13,0.344,0.02,0.486,0.95,0.656,0.84,0.364
275,,0.12,0.334,0.01,0.476,0.94,0.646,0.83,0.354
276,,0.11,0.324,0.0,0.466,0.93,0.636,0.82,0.344
277,,0.1,0.314,-0.01,0.456,0.92,0.626,0.81,0.334
278,3,0.09,0.587,0.99,0.729,0.91,0.333,0.4,0.041
279,3,0.08,0.86,1.0,1.0,0.9,0.04,-0.01,-0.252
280,8,0.353,0.85,0.707,0.59,0.607,0.03,0.263,0.748
281,8,0.626,0.84,0.414,0.18,0.314,0.02,0.536,1.0
282,,0.616,0.83,0.404,0.17,0.304,0.01,0.526,0.99
283,,0.606,0.82,0.394,0.16,0.294,0.0,0.516,0.98
284,,0.596,0.81,0.384,0.15,0.284,-0.01,0.506,0.97
285,6,0.303,0.4,0.091,0.14,0.557,0.99,0.779,0.96
286,6,0.01,-0.01,-0.202,0.13,0.83,1.0,1.0,0.95
287,3,0.0,0.263,0.798,0.403,0.82,0.707,0.59,0.657
288,3,-0.01,0.536,1.0,0.676,0.81,0.414,0.18,0.364
289,1,0.99,0.809,0.99,0.383,0.4,0.121,0.17,0.637
290,1,1.0,1.0,0.98,0.09,-0.01,-0.172,0.16,0.91
291,6,0.707,0.59,0.687,0.08,0.263,0.828,0.433,0.9
292,6,0.414,0.18,0.394,0.07,0.536,1.0,0.706,0.89
293,,0.404,0.17,0.384,0.06,0.526,0.99,0.696,0.88
294,,0.394,0.16,0.374,0.05,0.516,0.98,0.686,0.87
295,,0.384,0.15,0.364,0.04,0.506,0.97,0.676,0.86
296,,0.374,0.14,0.354,0.03,0.496,0.96,0.666,0.85
297,,0.364,0.13,0.344,0.02,0.486,0.95,0.656,0.84
298,,0.354,0.12,0.334,0.01,0.476,0.94,0.646,0.83
299,,0.344,0.11,0.324,0.0,0.466,0.93,0.636,0.82
300,,0.334,0.1,0.314,-0.01,0.456,0.92,0.626,0.81
301,4,0.041,0.09,0.587,0.99,0.729,0.91,0.333,0.4
302,4,-0.252,0.08,0.86,1.0,1.0,0.9,0.04,-0.01
303,1,0.748,0.353,0.85,0.707,0.59,0.607,0.03,0.263
304,1,1.0,0.626,0.84,0.414,0.18,0.314,0.02,0.536
305,,0.99,0.616,0.83,0.404,0.17,0.304,0.01,0.526
306,,0.98,0.606,0.82,0.394,0.16,0.294,0.0,0.516
307,,0.97,0.596,0.81,0.384,0.15,0.284,-0.01,0.506
308,7,0.96,0.303,0.4,0.091,0.14,0.557,0.99,0.779
309,7,0.95,0.01,-0.01,-0.202,0.13,0.83,1.0,1.0
310,4,0.657,0.0,0.263,0.798,0.403,0.82,0.707,0.59
311,4,0.364,-0.01,0.536,1.0,0.676,0.81,0.414,0.18
312,2,0.637,0.99,0.809,0.99,0.383,0.4,0.121,0.17
313,2,0.91,1.0,1.0,0.98,0.09,-0.01,-0.172,0.16
314,7,0.9,0.707,0.59,0.687,0.08,0.263,0.828,0.433
315,7,0.89,0.414,0.18,0.394,0.07,0.536,1.0,0.706
316,,0.88,0.404,0.17,0.384,0.06,0.526,0.99,0.696
317,,0.87,0.394,0.16,0.374,0.05,0.516,0.98,0.686
318,,0.86,0.384,0.15,0.364,0.04,0.506,0.97,0.676
319,,0.85,0.374,0.14,0.354,0.03,0.496,0.96,0.666
320,,0.84,0.364,0.13,0.344,0.02,0.486,0.95,0.656
321,,0.83,0.354,0.12,0.334,0.01,0.476,0.94,0.646
322,,0.82,0.344,0.11,0.324,0.0,0.466,0.93,0.636
323,,0.81,0.334,0.1,0.314,-0.01,0.456,0.92,0.626
324,5,0.4,0.041,0.09,0.587,0.99,0.729,0.91,0.333
325,5,-0.01,-0.252,0.08,0.86,1.0,1.0,0.9,0.04
326,2,0.263,0.748,0.353,0.85,0.707,0.59,0.607,0.03
327,2,0.536,1.0,0.626,0.84,0.414,0.18,0.314,0.02
328,,0.526,0.99,0.616,0.83,0.404,0.17,0.304,0.01
329,,0.516,0.98,0.606,0.82,0.394,0.16,0.294,0.0
330,,0.506,0.97,0.596,0.81,0.384,0.15,0.284,-0.01
331,8,0.779,0.96,0.303,0.4,0.091,0.14,0.557,0.99
332,8,1.0,0.95,0.01,-0.01,-0.202,0.13,0.83,1.0
333,5,0.59,0.657,0.0,0.263,0.798,0.403,0.82,0.707
334,5,0.18,0.364,-0.01,0.536,1.0,0.676,0.81,0.414
335,3,0.17,0.637,0.99,0.809,0.99,0.383,0.4,0.121
336,3,0.16,0.91,1.0,1.0,0.98,0.09,-0.01,-0.172
337,8,0.433,0.9,0.707,0.59,0.687,0.08,0.263,0.828
338,8,0.706,0.89,0.414,0.18,0.394,0.07,0.536,1.0
339,,0.696,0.88,0.404,0.17,0.384,0.06,0.526,0.99
340,,0.686,0.87,0.394,0.16,0.374,0.05,0.516,0.98
341,,0.676,0.86,0.384,0.15,0.364,0.04,0.506,0.97
342,,0.666,0.85,0.374,0.14,0.354,0.03,0.496,0.96
343,,0.656,0.84,0.364,0.13,0.344,0.02,0.486,0.95
344,,0.646,0.83,0.354,0.12,0.334,0.01,0.476,0.94
345,,0.636,0.82,0.344,0.11,0.324,0.0,0.466,0.93
346,,0.626,0.81,0.334,0.1,0.314,-0.01,0.456,0.92
347,6,0.333,0.4,0.041,0.09,0.587,0.99,0.729,0.91
348,6,0.04,-0.01,-0.252,0.08,0.86,1.0,1.0,0.9
349,3,0.03,0.263,0.748,0.353,0.85,0.707,0.59,0.607
350,3,0.02,0.536,1.0,0.626,0.84,0.414,0.18,0.314
351,,0.01,0.526,0.99,0.616,0.83,0.404,0.17,0.304
352,,0.0,0.516,0.98,0.606,0.82,0.394,0.16,0.294
353,,-0.01,0.506,0.97,0.596,0.81,0.384,0.15,0.284
354,1,0.99,0.779,0.96,0.303,0.4,0.091,0.14,0.557
355,1,1.0,1.0,0.95,0.01,-0.01,-0.202,0.13,0.83
356,6,0.707,0.59,0.657,0.0,0.263,0.798,0.403,0.82
357,6,0.414,0.18,0.364,-0.01,0.536,1.0,0.676,0.81
358,4,0.121,0.17,0.637,0.99,0.809,0.99,0.383,0.4
359,4,-0.172,0.16,0.91,1.0,1.0,0.98,0.09,-0.01
360,1,0.828,0.433,0.9,0.707,0.59,0.687,0.08,0.263
361,1,1.0,0.706,0.89,0.414,0.18,0.394,0.07,0.536
362,,0.99,0.696,0.88,0.404,0.17,0.384,0.06,0.526
363,,0.98,0.686,0.87,0.394,0.16,0.374,0.05,0.516
364,,0.97,0.676,0.86,0.384,0.15,0.364,0.04,0.506
365,,0.96,0.666,0.85,0.374,0.14,0.354,0.03,0.496
366,,0.95,0.656,0.84,0.364,0.13,0.344,0.02,0.486
367,,0.94,0.646,0.83,0.354,0.12,0.334,0.01,0.476
368,,0.93,0.636,0.82,0.344,0.11,0.324,0.0,0.466
369,,0.92,0.626,0.81,0.334,0.1,0.314,-0.01,0.456
370,7,0.91,0.333,0.4,0.041,0.09,0.587,0.99,0.729
371,7,0.9,0.04,-0.01,-0.252,0.08,0.86,1.0,1.0
372,4,0.607,0.03,0.263,0.748,0.353,0.85,0.707,0.59
373,4,0.314,0.02,0.536,1.0,0.626,0.84,0.414,0.18
374,,0.304,0.01,0.526,0.99,0.616,0.83,0.404,0.17
375,,0.294,0.0,0.516,0.98,0.606,0.82,0.394,0.16
376,,0.284,-0.01,0.506,0.97,0.596,0.81,0.384,0.15
377,2,0.557,0.99,0.779,0.96,0.303,0.4,0.091,0.14
378,2,0.83,1.0,1.0,0.95,0.01,-0.01,-0.202,0.13
379,7,0.82,0.707,0.59,0.657,0.0,0.263,0.798,0.403
380,7,0.81,0.414,0.18,0.364,-0.01,0.536,1.0,0.676
381,5,0.4,0.121,0.17,0.637,0.99,0.809,0.99,0.383
382,5,-0.01,-0.172,0.16,0.91,1.0,1.0,0.98,0.09
383,2,0.263,0.828,0.433,0.9,0.707,0.59,0.687,0.08
384,2,0.536,1.0,0.706,0.89,0.414,0.18,0.394,0.07
385,,0.526,0.99,0.696,0.88,0.404,0.17,0.384,0.06
386,,0.516,0.98,0.686,0.87,0.394,0.16,0.374,0.05
387,,0.506,0.97,0.676,0.86,0.384,0.15,0.364,0.04
388,,0.496,0.96,0.666,0.85,0.374,0.14,0.354,0.03
389,,0.486,0.95,0.656,0.84,0.364,0.13,0.344,0.02
390,,0.476,0.94,0.646,0.83,0.354,0.12,0.334,0.01
391,,0.466,0.93,0.636,0.82,0.344,0.11,0.324,0.0
392,,0.456,0.92,0.626,0.81,0.334,0.1,0.314,-0.01
393,8,0.729,0.91,0.333,0.4,0.041,0.09,0.587,0.99
394,8,1.0,0.9,0.04,-0.01,-0.252,0.08,0.86,1.0
395,5,0.59,0.607,0.03,0.263,0.748,0.353,0.85,0.707
396,5,0.18,0.314,0.02,0.536,1.0,0.626,0.84,0.414
397,,0.17,0.304,0.01,0.526,0.99,0.616,0.83,0.404
398,,0.16,0.294,0.0,0.516,0.98,0.606,0.82,0.394
399,,0.15,0.284,-0.01,0.506,0.97,0.596,0.81,0.384
400,3,0.14,0.557,0.99,0.779,0.96,0.303,0.4,0.091
401,3,0.13,0.83,1.0,1.0,0.95,0.01,-0.01,-0.202
402,8,0.403,0.82,0.707,0.59,0.657,0.0,0.263,0.798
403,8,0.676,0.81,0.414,0.18,0.364,-0.01,0.536,1.0
404,6,0.383,0.4,0.121,0.17,0.637,0.99,0.809,0.99
405,6,0.09,-0.01,-0.172,0.16,0.91,1.0,1.0,0.98
406,3,0.08,0.263,0.828,0.433,0.9,0.707,0.59,0.687
407,3,0.07,0.536,1.0,0.706,0.89,0.414,0.18,0.394
408,,0.06,0.526,0.99,0.696,0.88,0.404,0.17,0.384
409,,0.05,0.516,0.98,0.686,0.87,0.394,0.16,0.374
410,,0.04,0.506,0.97,0.676,0.86,0.384,0.15,0.364
411,,0.03,0.496,0.96,0.666,0.85,0.374,0.14,0.354
412,,0.02,0.486,0.95,0.656,0.84,0.364,0.13,0.344
413,,0.01,0.476,0.94,0.646,0.83,0.354,0.12,0.334
414,,0.0,0.466,0.93,0.636,0.82,0.344,0.11,0.324
415,,-0.01,0.456,0.92,0.626,0.81,0.334,0.1,0.314
416,1,0.99,0.729,0.91,0.333,0.4,0.041,0.09,0.587
417,1,1.0,1.0,0.9,0.04,-0.01,-0.252,0.08,0.86
418,6,0.707,0.59,0.607,0.03,0.263,0.748,0.353,0.85
419,6,0.414,0.18,0.314,0.02,0.536,1.0,0.626,0.84
420,,0.404,0.17,0.304,0.01,0.526,0.99,0.616,0.83
421,,0.394,0.16,0.294,0.0,0.516,0.98,0.606,0.82
422,,0.384,0.15,0.284,-0.01,0.506,0.97,0.596,0.81
423,4,0.091,0.14,0.557,0.99,0.779,0.96,0.303,0.4
424,4,-0.202,0.13,0.83,1.0,1.0,0.95,0.01,-0.01
425,1,0.798,0.403,0.82,0.707,0.59,0.657,0.0,0.263
426,1,1.0,0.676,0.81,0.414,0.18,0.364,-0.01,0.536
427,7,0.99,0.383,0.4,0.121,0.17,0.637,0.99,0.809
428,7,0.98,0.09,-0.01,-0.172,0.16,0.91,1.0,1.0
429,4,0.687,0.08,0.263,0.828,0.433,0.9,0.707,0.59
430,4,0.394,0.07,0.536,1.0,0.706,0.89,0.414,0.18
431,,0.384,0.06,0.526,0.99,0.696,0.88,0.404,0.17
432,,0.374,0.05,0.516,0.98,0.686,0.87,0.394,0.16
433,,0.364,0.04,0.506,0.97,0.676,0.86,0.384,0.15
434,,0.354,0.03,0.496,0.96,0.666,0.85,0.374,0.14
435,,0.344,0.02,0.486,0.95,0.656,0.84,0.364,0.13
436,,0.334,0.01,0.476,0.94,0.646,0.83,0.354,0.12
437,,0.324,0.0,0.466,0.93,0.636,0.82,0.344,0.11
438,,0.314,-0.01,0.456,0.92,0.626,0.81,0.334,0.1
439,2,0.587,0.99,0.729,0.91,0.333,0.4,0.041,0.09
440,2,0.86,1.0,1.0,0.9,0.04,-0.01,-0.252,0.08
441,7,0.85,0.707,0.59,0.607,0.03,0.263,0.748,0.353
442,7,0.84,0.414,0.18,0.314,0.02,0.536,1.0,0.626
443,,0.83,0.404,0.17,0.304,0.01,0.526,0.99,0.616
444,,0.82,0.394,0.16,0.294,0.0,0.516,0.98,0.606
445,,0.81,0.384,0.15,0.284,-0.01,0.506,0.97,0.596
446,5,0.4,0.091,0.14,0.557,0.99,0.779,0.96,0.303
447,5,-0.01,-0.202,0.13,0.83,1.0,1.0,0.95,0.01
448,2,0.263,0.798,0.403,0.82,0.707,0.59,0.657,0.0
449,2,0.536,1.0,0.676,0.81,0.414,0.18,0.364,-0.01
450,8,0.809,0.99,0.383,0.4,0.121,0.17,0.637,0.99
451,8,1.0,0.98,0.09,-0.01,-0.172,0.16,0.91,1.0
452,5,0.59,0.687,0.08,0.263,0.828,0.433,0.9,0.707
453,5,0.18,0.394,0.07,0.536,1.0,0.706,0.89,0.414
454,,0.17,0.384,0.06,0.526,0.99,0.696,0.88,0.404
455,,0.16,0.374,0.05,0.516,0.98,0.686,0.87,0.394
456,,0.15,0.364,0.04,0.506,0.97,0.676,0.86,0.384
457,,0.14,0.354,0.03,0.496,0.96,0.666,0.85,0.374
458,,0.13,0.344,0.02,0.486,0.95,0.656,0.84,0.364
459,,0.12,0.334,0.01,0.476,0.94,0.646,0.83,0.354
460,,0.11,0.324,0.0,0.466,0.93,0.636,0.82,0.344
461,,0.1,0.314,-0.01,0.456,0.92,0.626,0.81,0.334
462,3,0.09,0.587,0.99,0.729,0.91,0.333,0.4,0.041
463,3,0.08,0.86,1.0,1.0,0.9,0.04,-0.01,-0.252
464,8,0.353,0.85,0.707,0.59,0.607,0.03,0.263,0.748
465,8,0.626,0.84,0.414,0.18,0.314,0.02,0.536,1.0
466,,0.616,0.83,0.404,0.17,0.304,0.01,0.526,0.99
467,,0.606,0.82,0.394,0.16,0.294,0.0,0.516,0.98
468,,0.596,0.81,0.384,0.15,0.284,-0.01,0.506,0.97
469,6,0.303,0.4,0.091,0.14,0.557,0.99,0.779,0.96
470,6,0.01,-0.01,-0.202,0.13,0.83,1.0,1.0,0.95
471,3,0.0,0.263,0.798,0.403,0.82,0.707,0.59,0.657
472,3,-0.01,0.536,1.0,0.676,0.81,0.414,0.18,0.364
473,1,0.99,0.809,0.99,0.383,0.4,0.121,0.17,0.637
474,1,1.0,1.0,0.98,0.09,-0.01,-0.172,0.16,0.91
475,6,0.707,0.59,0.687,0.08,0.263,0.828,0.433,0.9
476,6,0.414,0.18,0.394,0.07,0.536,1.0,0.706,0.89
477,,0.404,0.17,0.384,0.06,0.526,0.99,0.696,0.88
478,,0.394,0.16,0.374,0.05,0.516,0.98,0.686,0.87
479,,0.384,0.15,0.364,0.04,0.506,0.97,0.676,0.86
480,,0.374,0.14,0.354,0.03,0.496,0.96,0.666,0.85
481,,0.364,0.13,0.344,0.02,0.486,0.95,0.656,0.84
482,,0.354,0.12,0.334,0.01,0.476,0.94,0.646,0.83
483,,0.344,0.11,0.324,0.0,0.466,0.93,0.636,0.82
484,,0.334,0.1,0.314,-0.01,0.456,0.92,0.626,0.81
485,4,0.041,0.09,0.587,0.99,0.729,0.91,0.333,0.4
486,4,-0.252,0.08,0.86,1.0,1.0,0.9,0.04,-0.01
487,1,0.748,0.353,0.85,0.707,0.59,0.607,0.03,0.263
488,1,1.0,0.626,0.84,0.414,0.18,0.314,0.02,0.536
489,,0.99,0.616,0.83,0.404,0.17,0.304,0.01,0.526
490,,0.98,0.606,0.82,0.394,0.16,0.294,0.0,0.516
491,,0.97,0.596,0.81,0.384,0.15,0.284,-0.01,0.506
492,7,0.96,0.303,0.4,0.091,0.14,0.557,0.99,0.779
493,7,0.95,0.01,-0.01,-0.202,0.13,0.83,1.0,1.0
494,4,0.657,0.0,0.263,0.798,0.403,0.82,0.707,0.59
495,4,0.364,-0.01,0.536,1.0,0.676,0.81,0.414,0.18
496,2,0.637,0.99,0.809,0.99,0.383,0.4,0.121,0.17
497,2,0.91,1.0,1.0,0.98,0.09,-0.01,-0.172,0.16
498,7,0.9,0.707,0.59,0.687,0.08,0.263,0.828,0.433
499,7,0.89,0.414,0.18,0.394,0.07,0.536,1.0,0.706
