step,active_motive,motive_1,motive_2,motive_3,motive_4,motive_5,motive_6,motive_7,motive_8
0,,0.02898,0.01612,0.09297,0.08081,0.06334,0.08715,0.08037,0.01866
1,,0.01898,0.00612,0.08297,0.07081,0.05334,0.07715,0.07037,0.00866
2,,0.00898,-0.00388,0.07297,0.06081,0.04334,0.06715,0.06037,-0.00134
3,2,0.28198,0.99612,0.34597,0.05081,-0.24966,-0.34285,-0.23263,-0.01134
4,2,0.55498,1.0,0.61897,0.04081,-0.54266,-0.75285,-0.52563,-0.02134
5,6,0.26198,0.59,0.32597,0.03081,-0.26966,0.24715,-0.25263,-0.03134
6,6,-0.03102,0.18,0.03297,0.02081,0.00334,1.0,0.02037,-0.04134
7,8,0.24198,0.17,-0.26003,-0.38919,-0.28966,0.99,0.29337,0.95866
8,8,0.51498,0.16,-0.55303,-0.79919,-0.58266,0.98,0.56637,1.0
9,4,0.22198,0.15,-0.28003,0.20081,-0.30966,0.97,0.27337,0.59
10,4,-0.07102,0.14,-0.00703,1.0,-0.03666,0.96,-0.01963,0.18
11,1,0.92898,0.413,-0.01703,0.707,-0.44666,0.667,-0.02963,0.453
12,1,1.0,0.686,-0.02703,0.414,-0.85666,0.374,-0.03963,0.726
13,5,0.59,0.393,-0.03703,0.687,0.14334,0.647,-0.04963,0.433
14,5,0.18,0.1,-0.04703,0.96,1.0,0.92,-0.05963,0.14
15,7,0.17,-0.193,-0.45703,0.667,0.99,1.0,0.94037,0.413
16,7,0.16,-0.486,-0.86703,0.374,0.98,1.0,1.0,0.686
17,3,0.15,-0.213,0.13297,0.647,0.97,0.707,0.59,0.393
18,3,0.14,0.06,1.0,0.92,0.96,0.414,0.18,0.1
19,,0.13,0.05,0.99,0.91,0.95,0.404,0.17,0.09
20,,0.12,0.04,0.98,0.9,0.94,0.394,0.16,0.08
21,,0.11,0.03,0.97,0.89,0.93,0.384,0.15,0.07
22,,0.1,0.02,0.96,0.88,0.92,0.374,0.14,0.06
23,,0.09,0.01,0.95,0.87,0.91,0.364,0.13,0.05
24,,0.08,0.0,0.94,0.86,0.9,0.354,0.12,0.04
25,,0.07,-0.01,0.93,0.85,0.89,0.344,0.11,0.03
26,2,0.343,0.99,1.0,0.84,0.597,-0.066,-0.183,0.02
27,2,0.616,1.0,1.0,0.83,0.304,-0.476,-0.476,0.01
28,7,0.606,0.707,0.59,0.537,0.294,-0.203,0.524,0.283
29,7,0.596,0.414,0.18,0.244,0.284,0.07,1.0,0.556
30,,0.586,0.404,0.17,0.234,0.274,0.06,0.99,0.546
31,,0.576,0.394,0.16,0.224,0.264,0.05,0.98,0.536
32,,0.566,0.384,0.15,0.214,0.254,0.04,0.97,0.526
33,,0.556,0.374,0.14,0.204,0.244,0.03,0.96,0.516
34,,0.546,0.364,0.13,0.194,0.234,0.02,0.95,0.506
35,,0.536,0.354,0.12,0.184,0.224,0.01,0.94,0.496
36,,0.526,0.344,0.11,0.174,0.214,0.0,0.93,0.486
37,,0.516,0.334,0.1,0.164,0.204,-0.01,0.92,0.476
38,6,0.223,-0.076,-0.193,0.154,0.477,0.99,1.0,0.466
39,6,-0.07,-0.486,-0.486,0.144,0.75,1.0,1.0,0.456
40,3,-0.08,-0.213,0.514,0.417,0.74,0.707,0.59,0.163
41,3,-0.09,0.06,1.0,0.69,0.73,0.414,0.18,-0.13
42,8,0.183,0.05,0.707,0.28,0.437,0.404,0.453,0.87
43,8,0.456,0.04,0.414,-0.13,0.144,0.394,0.726,1.0
44,4,0.163,0.03,0.687,0.87,0.417,0.384,0.433,0.59
45,4,-0.13,0.02,0.96,1.0,0.69,0.374,0.14,0.18
46,1,0.87,0.293,0.95,0.707,0.28,0.081,0.13,0.453
47,1,1.0,0.566,0.94,0.414,-0.13,-0.212,0.12,0.726
48,6,0.707,0.156,0.647,0.404,0.143,0.788,0.393,0.716
49,6,0.414,-0.254,0.354,0.394,0.416,1.0,0.666,0.706
50,2,0.687,0.746,0.627,0.384,0.123,0.59,0.373,0.696
51,2,0.96,1.0,0.9,0.374,-0.17,0.18,0.08,0.686
52,5,0.55,0.707,0.89,0.647,0.83,0.453,0.07,0.393
53,5,0.14,0.414,0.88,0.92,1.0,0.726,0.06,0.1
54,,0.13,0.404,0.87,0.91,0.99,0.716,0.05,0.09
55,,0.12,0.394,0.86,0.9,0.98,0.706,0.04,0.08
56,,0.11,0.384,0.85,0.89,0.97,0.696,0.03,0.07
57,,0.1,0.374,0.84,0.88,0.96,0.686,0.02,0.06
58,,0.09,0.364,0.83,0.87,0.95,0.676,0.01,0.05
59,,0.08,0.354,0.82,0.86,0.94,0.666,0.0,0.04
60,,0.07,0.344,0.81,0.85,0.93,0.656,-0.01,0.03
61,7,0.06,0.051,0.4,0.557,0.92,0.929,0.99,0.303
62,7,0.05,-0.242,-0.01,0.264,0.91,1.0,1.0,0.576
63,2,0.323,0.758,0.263,0.254,0.617,0.59,0.707,0.566
64,2,0.596,1.0,0.536,0.244,0.324,0.18,0.414,0.556
65,,0.586,0.99,0.526,0.234,0.314,0.17,0.404,0.546
66,,0.576,0.98,0.516,0.224,0.304,0.16,0.394,0.536
67,,0.566,0.97,0.506,0.214,0.294,0.15,0.384,0.526
68,,0.556,0.96,0.496,0.204,0.284,0.14,0.374,0.516
69,,0.546,0.95,0.486,0.194,0.274,0.13,0.364,0.506
70,,0.536,0.94,0.476,0.184,0.264,0.12,0.354,0.496
71,,0.526,0.93,0.466,0.174,0.254,0.11,0.344,0.486
72,,0.516,0.92,0.456,0.164,0.244,0.1,0.334,0.476
73,,0.506,0.91,0.446,0.154,0.234,0.09,0.324,0.466
74,,0.496,0.9,0.436,0.144,0.224,0.08,0.314,0.456
75,,0.486,0.89,0.426,0.134,0.214,0.07,0.304,0.446
76,,0.476,0.88,0.416,0.124,0.204,0.06,0.294,0.436
77,,0.466,0.87,0.406,0.114,0.194,0.05,0.284,0.426
78,,0.456,0.86,0.396,0.104,0.184,0.04,0.274,0.416
79,,0.446,0.85,0.386,0.094,0.174,0.03,0.264,0.406
80,,0.436,0.84,0.376,0.084,0.164,0.02,0.254,0.396
81,,0.426,0.83,0.366,0.074,0.154,0.01,0.244,0.386
82,,0.416,0.82,0.356,0.064,0.144,0.0,0.234,0.376
83,,0.406,0.81,0.346,0.054,0.134,-0.01,0.224,0.366
84,6,0.113,0.4,0.053,0.044,0.407,0.99,0.497,0.356
85,6,-0.18,-0.01,-0.24,0.034,0.68,1.0,0.77,0.346
86,3,-0.19,0.263,0.76,0.307,0.67,0.707,0.36,0.053
87,3,-0.2,0.536,1.0,0.58,0.66,0.414,-0.05,-0.24
88,8,0.073,0.526,0.707,0.17,0.367,0.404,0.223,0.76
89,8,0.346,0.516,0.414,-0.24,0.074,0.394,0.496,1.0
90,4,0.053,0.506,0.687,0.76,0.347,0.384,0.203,0.59
91,4,-0.24,0.496,0.96,1.0,0.62,0.374,-0.09,0.18
92,1,0.76,0.769,0.95,0.707,0.21,0.081,-0.1,0.453
93,1,1.0,1.0,0.94,0.414,-0.2,-0.212,-0.11,0.726
94,6,0.707,0.59,0.647,0.404,0.073,0.788,0.163,0.716
95,6,0.414,0.18,0.354,0.394,0.346,1.0,0.436,0.706
96,,0.404,0.17,0.344,0.384,0.336,0.99,0.426,0.696
97,,0.394,0.16,0.334,0.374,0.326,0.98,0.416,0.686
98,,0.384,0.15,0.324,0.364,0.316,0.97,0.406,0.676
99,,0.374,0.14,0.314,0.354,0.306,0.96,0.396,0.666
100,,0.364,0.13,0.304,0.344,0.296,0.95,0.386,0.656
101,,0.354,0.12,0.294,0.334,0.286,0.94,0.376,0.646
102,,0.344,0.11,0.284,0.324,0.276,0.93,0.366,0.636
103,,0.334,0.1,0.274,0.314,0.266,0.92,0.356,0.626
104,,0.324,0.09,0.264,0.304,0.256,0.91,0.346,0.616
105,,0.314,0.08,0.254,0.294,0.246,0.9,0.336,0.606
106,,0.304,0.07,0.244,0.284,0.236,0.89,0.326,0.596
107,,0.294,0.06,0.234,0.274,0.226,0.88,0.316,0.586
108,,0.284,0.05,0.224,0.264,0.216,0.87,0.306,0.576
109,,0.274,0.04,0.214,0.254,0.206,0.86,0.296,0.566
110,,0.264,0.03,0.204,0.244,0.196,0.85,0.286,0.556
111,,0.254,0.02,0.194,0.234,0.186,0.84,0.276,0.546
112,,0.244,0.01,0.184,0.224,0.176,0.83,0.266,0.536
113,,0.234,0.0,0.174,0.214,0.166,0.82,0.256,0.526
114,,0.224,-0.01,0.164,0.204,0.156,0.81,0.246,0.516
115,2,0.497,0.99,0.437,0.194,-0.137,0.4,-0.047,0.506
116,2,0.77,1.0,0.71,0.184,-0.43,-0.01,-0.34,0.496
117,5,0.36,0.707,0.7,0.457,0.57,0.263,-0.35,0.203
118,5,-0.05,0.414,0.69,0.73,1.0,0.536,-0.36,-0.09
119,7,-0.06,0.121,0.28,0.437,0.99,0.809,0.64,0.183
120,7,-0.07,-0.172,-0.13,0.144,0.98,1.0,1.0,0.456
121,2,0.203,0.828,0.143,0.134,0.687,0.59,0.707,0.446
122,2,0.476,1.0,0.416,0.124,0.394,0.18,0.414,0.436
123,,0.466,0.99,0.406,0.114,0.384,0.17,0.404,0.426
124,,0.456,0.98,0.396,0.104,0.374,0.16,0.394,0.416
125,,0.446,0.97,0.386,0.094,0.364,0.15,0.384,0.406
126,,0.436,0.96,0.376,0.084,0.354,0.14,0.374,0.396
127,,0.426,0.95,0.366,0.074,0.344,0.13,0.364,0.386
128,,0.416,0.94,0.356,0.064,0.334,0.12,0.354,0.376
129,,0.406,0.93,0.346,0.054,0.324,0.11,0.344,0.366
130,,0.396,0.92,0.336,0.044,0.314,0.1,0.334,0.356
131,,0.386,0.91,0.326,0.034,0.304,0.09,0.324,0.346
132,,0.376,0.9,0.316,0.024,0.294,0.08,0.314,0.336
133,,0.366,0.89,0.306,0.014,0.284,0.07,0.304,0.326
134,,0.356,0.88,0.296,0.004,0.274,0.06,0.294,0.316
135,,0.346,0.87,0.286,-0.006,0.264,0.05,0.284,0.306
136,4,0.053,0.86,0.559,0.994,0.537,0.04,-0.009,-0.104
137,4,-0.24,0.85,0.832,1.0,0.81,0.03,-0.302,-0.514
138,8,0.033,0.84,0.539,0.59,0.517,0.02,-0.029,0.486
139,8,0.306,0.83,0.246,0.18,0.224,0.01,0.244,1.0
140,,0.296,0.82,0.236,0.17,0.214,0.0,0.234,0.99
141,,0.286,0.81,0.226,0.16,0.204,-0.01,0.224,0.98
142,6,-0.007,0.4,-0.067,0.15,0.477,0.99,0.497,0.97
143,6,-0.3,-0.01,-0.36,0.14,0.75,1.0,0.77,0.96
144,3,-0.31,0.263,0.64,0.413,0.74,0.707,0.36,0.667
145,3,-0.32,0.536,1.0,0.686,0.73,0.414,-0.05,0.374
146,1,0.68,0.809,0.99,0.393,0.32,0.121,-0.06,0.647
147,1,1.0,1.0,0.98,0.1,-0.09,-0.172,-0.07,0.92
148,6,0.707,0.59,0.687,0.09,0.183,0.828,0.203,0.91
149,6,0.414,0.18,0.394,0.08,0.456,1.0,0.476,0.9
150,,0.404,0.17,0.384,0.07,0.446,0.99,0.466,0.89
151,,0.394,0.16,0.374,0.06,0.436,0.98,0.456,0.88
152,,0.384,0.15,0.364,0.05,0.426,0.97,0.446,0.87
153,,0.374,0.14,0.354,0.04,0.416,0.96,0.436,0.86
154,,0.364,0.13,0.344,0.03,0.406,0.95,0.426,0.85
155,,0.354,0.12,0.334,0.02,0.396,0.94,0.416,0.84
156,,0.344,0.11,0.324,0.01,0.386,0.93,0.406,0.83
157,,0.334,0.1,0.314,0.0,0.376,0.92,0.396,0.82
158,,0.324,0.09,0.304,-0.01,0.366,0.91,0.386,0.81
159,4,0.031,0.08,0.577,0.99,0.639,0.9,0.093,0.4
160,4,-0.262,0.07,0.85,1.0,0.912,0.89,-0.2,-0.01
161,1,0.738,0.343,0.84,0.707,0.502,0.597,-0.21,0.263
162,1,1.0,0.616,0.83,0.414,0.092,0.304,-0.22,0.536
163,7,0.99,0.323,0.42,0.121,0.082,0.577,0.78,0.809
164,7,0.98,0.03,0.01,-0.172,0.072,0.85,1.0,1.0
165,4,0.687,0.02,0.283,0.828,0.345,0.84,0.707,0.59
166,4,0.394,0.01,0.556,1.0,0.618,0.83,0.414,0.18
167,,0.384,0.0,0.546,0.99,0.608,0.82,0.404,0.17
168,,0.374,-0.01,0.536,0.98,0.598,0.81,0.394,0.16
169,2,0.647,0.99,0.809,0.97,0.305,0.4,0.101,0.15
170,2,0.92,1.0,1.0,0.96,0.012,-0.01,-0.192,0.14
171,7,0.91,0.707,0.59,0.667,0.002,0.263,0.808,0.413
172,7,0.9,0.414,0.18,0.374,-0.008,0.536,1.0,0.686
173,5,0.49,0.121,0.17,0.647,0.992,0.809,0.99,0.393
174,5,0.08,-0.172,0.16,0.92,1.0,1.0,0.98,0.1
175,2,0.353,0.828,0.433,0.91,0.707,0.59,0.687,0.09
176,2,0.626,1.0,0.706,0.9,0.414,0.18,0.394,0.08
177,,0.616,0.99,0.696,0.89,0.404,0.17,0.384,0.07
178,,0.606,0.98,0.686,0.88,0.394,0.16,0.374,0.06
179,,0.596,0.97,0.676,0.87,0.384,0.15,0.364,0.05
180,,0.586,0.96,0.666,0.86,0.374,0.14,0.354,0.04
181,,0.576,0.95,0.656,0.85,0.364,0.13,0.344,0.03
182,,0.566,0.94,0.646,0.84,0.354,0.12,0.334,0.02
183,,0.556,0.93,0.636,0.83,0.344,0.11,0.324,0.01
184,,0.546,0.92,0.626,0.82,0.334,0.1,0.314,0.0
185,,0.536,0.91,0.616,0.81,0.324,0.09,0.304,-0.01
186,8,0.809,0.9,0.323,0.4,0.031,0.08,0.577,0.99
187,8,1.0,0.89,0.03,-0.01,-0.262,0.07,0.85,1.0
188,5,0.59,0.597,0.02,0.263,0.738,0.343,0.84,0.707
189,5,0.18,0.304,0.01,0.536,1.0,0.616,0.83,0.414
190,,0.17,0.294,0.0,0.526,0.99,0.606,0.82,0.404
191,,0.16,0.284,-0.01,0.516,0.98,0.596,0.81,0.394
192,3,0.15,0.557,0.99,0.789,0.97,0.303,0.4,0.101
193,3,0.14,0.83,1.0,1.0,0.96,0.01,-0.01,-0.192
194,8,0.413,0.82,0.707,0.59,0.667,0.0,0.263,0.808
195,8,0.686,0.81,0.414,0.18,0.374,-0.01,0.536,1.0
196,6,0.393,0.4,0.121,0.17,0.647,0.99,0.809,0.99
197,6,0.1,-0.01,-0.172,0.16,0.92,1.0,1.0,0.98
198,3,0.09,0.263,0.828,0.433,0.91,0.707,0.59,0.687
199,3,0.08,0.536,1.0,0.706,0.9,0.414,0.18,0.394
200,,0.07,0.526,0.99,0.696,0.89,0.404,0.17,0.384
201,,0.06,0.516,0.98,0.686,0.88,0.394,0.16,0.374
202,,0.05,0.506,0.97,0.676,0.87,0.384,0.15,0.364
203,,0.04,0.496,0.96,0.666,0.86,0.374,0.14,0.354
204,,0.03,0.486,0.95,0.656,0.85,0.364,0.13,0.344
205,,0.02,0.476,0.94,0.646,0.84,0.354,0.12,0.334
206,,0.01,0.466,0.93,0.636,0.83,0.344,0.11,0.324
207,,0.0,0.456,0.92,0.626,0.82,0.334,0.1,0.314
208,,-0.01,0.446,0.91,0.616,0.81,0.324,0.09,0.304
209,1,0.99,0.719,0.9,0.323,0.4,0.031,0.08,0.577
210,1,1.0,0.992,0.89,0.03,-0.01,-0.262,0.07,0.85
211,6,0.707,0.582,0.597,0.02,0.263,0.738,0.343,0.84
212,6,0.414,0.172,0.304,0.01,0.536,1.0,0.616,0.83
213,,0.404,0.162,0.294,0.0,0.526,0.99,0.606,0.82
214,,0.394,0.152,0.284,-0.01,0.516,0.98,0.596,0.81
215,4,0.101,0.142,0.557,0.99,0.789,0.97,0.303,0.4
216,4,-0.192,0.132,0.83,1.0,1.0,0.96,0.01,-0.01
217,1,0.808,0.405,0.82,0.707,0.59,0.667,0.0,0.263
218,1,1.0,0.678,0.81,0.414,0.18,0.374,-0.01,0.536
219,7,0.99,0.385,0.4,0.121,0.17,0.647,0.99,0.809
220,7,0.98,0.092,-0.01,-0.172,0.16,0.92,1.0,1.0
221,4,0.687,0.082,0.263,0.828,0.433,0.91,0.707,0.59
222,4,0.394,0.072,0.536,1.0,0.706,0.9,0.414,0.18
223,,0.384,0.062,0.526,0.99,0.696,0.89,0.404,0.17
224,,0.374,0.052,0.516,0.98,0.686,0.88,0.394,0.16
225,,0.364,0.042,0.506,0.97,0.676,0.87,0.384,0.15
226,,0.354,0.032,0.496,0.96,0.666,0.86,0.374,0.14
227,,0.344,0.022,0.486,0.95,0.656,0.85,0.364,0.13
228,,0.334,0.012,0.476,0.94,0.646,0.84,0.354,0.12
229,,0.324,0.002,0.466,0.93,0.636,0.83,0.344,0.11
230,,0.314,-0.008,0.456,0.92,0.626,0.82,0.334,0.1
231,2,0.587,0.992,0.729,0.91,0.333,0.41,0.041,0.09
232,2,0.86,1.0,1.0,0.9,0.04,-0.0,-0.252,0.08
233,7,0.85,0.707,0.59,0.607,0.03,0.273,0.748,0.353
234,7,0.84,0.414,0.18,0.314,0.02,0.546,1.0,0.626
235,,0.83,0.404,0.17,0.304,0.01,0.536,0.99,0.616
236,,0.82,0.394,0.16,0.294,0.0,0.526,0.98,0.606
237,,0.81,0.384,0.15,0.284,-0.01,0.516,0.97,0.596
238,5,0.4,0.091,0.14,0.557,0.99,0.789,0.96,0.303
239,5,-0.01,-0.202,0.13,0.83,1.0,1.0,0.95,0.01
240,2,0.263,0.798,0.403,0.82,0.707,0.59,0.657,0.0
241,2,0.536,1.0,0.676,0.81,0.414,0.18,0.364,-0.01
242,8,0.809,0.99,0.383,0.4,0.121,0.17,0.637,0.99
243,8,1.0,0.98,0.09,-0.01,-0.172,0.16,0.91,1.0
244,5,0.59,0.687,0.08,0.263,0.828,0.433,0.9,0.707
245,5,0.18,0.394,0.07,0.536,1.0,0.706,0.89,0.414
246,,0.17,0.384,0.06,0.526,0.99,0.696,0.88,0.404
247,,0.16,0.374,0.05,0.516,0.98,0.686,0.87,0.394
248,,0.15,0.364,0.04,0.506,0.97,0.676,0.86,0.384
249,,0.14,0.354,0.03,0.496,0.96,0.666,0.85,0.374
250,,0.13,0.344,0.02,0.486,0.95,0.656,0.84,0.364
251,,0.12,0.334,0.01,0.476,0.94,0.646,0.83,0.354
252,,0.11,0.324,0.0,0.466,0.93,0.636,0.82,0.344
253,,0.1,0.314,-0.01,0.456,0.92,0.626,0.81,0.334
254,3,0.09,0.587,0.99,0.729,0.91,0.333,0.4,0.041
255,3,0.08,0.86,1.0,1.0,0.9,0.04,-0.01,-0.252
256,8,0.353,0.85,0.707,0.59,0.607,0.03,0.263,0.748
257,8,0.626,0.84,0.414,0.18,0.314,0.02,0.536,1.0
258,,0.616,0.83,0.404,0.17,0.304,0.01,0.526,0.99
259,,0.606,0.82,0.394,0.16,0.294,0.0,0.516,0.98
260,,0.596,0.81,0.384,0.15,0.284,-0.01,0.506,0.97
261,6,0.303,0.4,0.091,0.14,0.557,0.99,0.779,0.96
262,6,0.01,-0.01,-0.202,0.13,0.83,1.0,1.0,0.95
263,3,0.0,0.263,0.798,0.403,0.82,0.707,0.59,0.657
264,3,-0.01,0.536,1.0,0.676,0.81,0.414,0.18,0.364
265,1,0.99,0.809,0.99,0.383,0.4,0.121,0.17,0.637
266,1,1.0,1.0,0.98,0.09,-0.01,-0.172,0.16,0.91
267,6,0.707,0.59,0.687,0.08,0.263,0.828,0.433,0.9
268,6,0.414,0.18,0.394,0.07,0.536,1.0,0.706,0.89
269,,0.404,0.17,0.384,0.06,0.526,0.99,0.696,0.88
270,,0.394,0.16,0.374,0.05,0.516,0.98,0.686,0.87
271,,0.384,0.15,0.364,0.04,0.506,0.97,0.676,0.86
272,,0.374,0.14,0.354,0.03,0.496,0.96,0.666,0.85
273,,0.364,0.13,0.344,0.02,0.486,0.95,0.656,0.84
274,,0.354,0.12,0.334,0.01,0.476,0.94,0.646,0.83
275,,0.344,0.11,0.324,0.0,0.466,0.93,0.636,0.82
276,,0.334,0.1,0.314,-0.01,0.456,0.92,0.626,0.81
277,4,0.041,0.09,0.587,0.99,0.729,0.91,0.333,0.4
278,4,-0.252,0.08,0.86,1.0,1.0,0.9,0.04,-0.01
279,1,0.748,0.353,0.85,0.707,0.59,0.607,0.03,0.263
280,1,1.0,0.626,0.84,0.414,0.18,0.314,0.02,0.536
281,,0.99,0.616,0.83,0.404,0.17,0.304,0.01,0.526
282,,0.98,0.606,0.82,0.394,0.16,0.294,0.0,0.516
283,,0.97,0.596,0.81,0.384,0.15,0.284,-0.01,0.506
284,7,0.96,0.303,0.4,0.091,0.14,0.557,0.99,0.779
285,7,0.95,0.01,-0.01,-0.202,0.13,0.83,1.0,1.0
286,4,0.657,0.0,0.263,0.798,0.403,0.82,0.707,0.59
287,4,0.364,-0.01,0.536,1.0,0.676,0.81,0.414,0.18
288,2,0.637,0.99,0.809,0.99,0.383,0.4,0.121,0.17
289,2,0.91,1.0,1.0,0.98,0.09,-0.01,-0.172,0.16
290,7,0.9,0.707,0.59,0.687,0.08,0.263,0.828,0.433
291,7,0.89,0.414,0.18,0.394,0.07,0.536,1.0,0.706
292,,0.88,0.404,0.17,0.384,0.06,0.526,0.99,0.696
293,,0.87,0.394,0.16,0.374,0.05,0.516,0.98,0.686
294,,0.86,0.384,0.15,0.364,0.04,0.506,0.97,0.676
295,,0.85,0.374,0.14,0.354,0.03,0.496,0.96,0.666
296,,0.84,0.364,0.13,0.344,0.02,0.486,0.95,0.656
297,,0.83,0.354,0.12,0.334,0.01,0.476,0.94,0.646
298,,0.82,0.344,0.11,0.324,0.0,0.466,0.93,0.636
299,,0.81,0.334,0.1,0.314,-0.01,0.456,0.92,0.626
300,5,0.4,0.041,0.09,0.587,0.99,0.729,0.91,0.333
301,5,-0.01,-0.252,0.08,0.86,1.0,1.0,0.9,0.04
302,2,0.263,0.748,0.353,0.85,0.707,0.59,0.607,0.03
303,2,0.536,1.0,0.626,0.84,0.414,0.18,0.314,0.02
304,,0.526,0.99,0.616,0.83,0.404,0.17,0.304,0.01
305,,0.516,0.98,0.606,0.82,0.394,0.16,0.294,0.0
306,,0.506,0.97,0.596,0.81,0.384,0.15,0.284,-0.01
307,8,0.779,0.96,0.303,0.4,0.091,0.14,0.557,0.99
308,8,1.0,0.95,0.01,-0.01,-0.202,0.13,0.83,1.0
309,5,0.59,0.657,0.0,0.263,0.798,0.403,0.82,0.707
310,5,0.18,0.364,-0.01,0.536,1.0,0.676,0.81,0.414
311,3,0.17,0.637,0.99,0.809,0.99,0.383,0.4,0.121
312,3,0.16,0.91,1.0,1.0,0.98,0.09,-0.01,-0.172
313,8,0.433,0.9,0.707,0.59,0.687,0.08,0.263,0.828
314,8,0.706,0.89,0.414,0.18,0.394,0.07,0.536,1.0
315,,0.696,0.88,0.404,0.17,0.384,0.06,0.526,0.99
316,,0.686,0.87,0.394,0.16,0.374,0.05,0.516,0.98
317,,0.676,0.86,0.384,0.15,0.364,0.04,0.506,0.97
318,,0.666,0.85,0.374,0.14,0.354,0.03,0.496,0.96
319,,0.656,0.84,0.364,0.13,0.344,0.02,0.486,0.95
320,,0.646,0.83,0.354,0.12,0.334,0.01,0.476,0.94
321,,0.636,0.82,0.344,0.11,0.324,0.0,0.466,0.93
322,,0.626,0.81,0.334,0.1,0.314,-0.01,0.456,0.92
323,6,0.333,0.4,0.041,0.09,0.587,0.99,0.729,0.91
324,6,0.04,-0.01,-0.252,0.08,0.86,1.0,1.0,0.9
325,3,0.03,0.263,0.748,0.353,0.85,0.707,0.59,0.607
326,3,0.02,0.536,1.0,0.626,0.84,0.414,0.18,0.314
327,,0.01,0.526,0.99,0.616,0.83,0.404,0.17,0.304
328,,0.0,0.516,0.98,0.606,0.82,0.394,0.16,0.294
329,,-0.01,0.506,0.97,0.596,0.81,0.384,0.15,0.284
330,1,0.99,0.779,0.96,0.303,0.4,0.091,0.14,0.557
331,1,1.0,1.0,0.95,0.01,-0.01,-0.202,0.13,0.83
332,6,0.707,0.59,0.657,0.0,0.263,0.798,0.403,0.82
333,6,0.414,0.18,0.364,-0.01,0.536,1.0,0.676,0.81
334,4,0.121,0.17,0.637,0.99,0.809,0.99,0.383,0.4
335,4,-0.172,0.16,0.91,1.0,1.0,0.98,0.09,-0.01
336,1,0.828,0.433,0.9,0.707,0.59,0.687,0.08,0.263
337,1,1.0,0.706,0.89,0.414,0.18,0.394,0.07,0.536
338,,0.99,0.696,0.88,0.404,0.17,0.384,0.06,0.526
339,,0.98,0.686,0.87,0.394,0.16,0.374,0.05,0.516
340,,0.97,0.676,0.86,0.384,0.15,0.364,0.04,0.506
341,,0.96,0.666,0.85,0.374,0.14,0.354,0.03,0.496
342,,0.95,0.656,0.84,0.364,0.13,0.344,0.02,0.486
343,,0.94,0.646,0.83,0.354,0.12,0.334,0.01,0.476
344,,0.93,0.636,0.82,0.344,0.11,0.324,0.0,0.466
345,,0.92,0.626,0.81,0.334,0.1,0.314,-0.01,0.456
346,7,0.91,0.333,0.4,0.041,0.09,0.587,0.99,0.729
347,7,0.9,0.04,-0.01,-0.252,0.08,0.86,1.0,1.0
348,4,0.607,0.03,0.263,0.748,0.353,0.85,0.707,0.59
349,4,0.314,0.02,0.536,1.0,0.626,0.84,0.414,0.18
350,,0.304,0.01,0.526,0.99,0.616,0.83,0.404,0.17
351,,0.294,0.0,0.516,0.98,0.606,0.82,0.394,0.16
352,,0.284,-0.01,0.506,0.97,0.596,0.81,0.384,0.15
353,2,0.557,0.99,0.779,0.96,0.303,0.4,0.091,0.14
354,2,0.83,1.0,1.0,0.95,0.01,-0.01,-0.202,0.13
355,7,0.82,0.707,0.59,0.657,0.0,0.263,0.798,0.403
356,7,0.81,0.414,0.18,0.364,-0.01,0.536,1.0,0.676
357,5,0.4,0.121,0.17,0.637,0.99,0.809,0.99,0.383
358,5,-0.01,-0.172,0.16,0.91,1.0,1.0,0.98,0.09
359,2,0.263,0.828,0.433,0.9,0.707,0.59,0.687,0.08
360,2,0.536,1.0,0.706,0.89,0.414,0.18,0.394,0.07
361,,0.526,0.99,0.696,0.88,0.404,0.17,0.384,0.06
362,,0.516,0.98,0.686,0.87,0.394,0.16,0.374,0.05
363,,0.506,0.97,0.676,0.86,0.384,0.15,0.364,0.04
364,,0.496,0.96,0.666,0.85,0.374,0.14,0.354,0.03
365,,0.486,0.95,0.656,0.84,0.364,0.13,0.344,0.02
366,,0.476,0.94,0.646,0.83,0.354,0.12,0.334,0.01
367,,0.466,0.93,0.636,0.82,0.344,0.11,0.324,0.0
368,,0.456,0.92,0.626,0.81,0.334,0.1,0.314,-0.01
369,8,0.729,0.91,0.333,0.4,0.041,0.09,0.587,0.99
370,8,1.0,0.9,0.04,-0.01,-0.252,0.08,0.86,1.0
371,5,0.59,0.607,0.03,0.263,0.748,0.353,0.85,0.707
372,5,0.18,0.314,0.02,0.536,1.0,0.626,0.84,0.414
373,,0.17,0.304,0.01,0.526,0.99,0.616,0.83,0.404
374,,0.16,0.294,0.0,0.516,0.98,0.606,0.82,0.394
375,,0.15,0.284,-0.01,0.506,0.97,0.596,0.81,0.384
376,3,0.14,0.557,0.99,0.779,0.96,0.303,0.4,0.091
377,3,0.13,0.83,1.0,1.0,0.95,0.01,-0.01,-0.202
378,8,0.403,0.82,0.707,0.59,0.657,0.0,0.263,0.798
379,8,0.676,0.81,0.414,0.18,0.364,-0.01,0.536,1.0
380,6,0.383,0.4,0.121,0.17,0.637,0.99,0.809,0.99
381,6,0.09,-0.01,-0.172,0.16,0.91,1.0,1.0,0.98
382,3,0.08,0.263,0.828,0.433,0.9,0.707,0.59,0.687
383,3,0.07,0.536,1.0,0.706,0.89,0.414,0.18,0.394
384,,0.06,0.526,0.99,0.696,0.88,0.404,0.17,0.384
385,,0.05,0.516,0.98,0.686,0.87,0.394,0.16,0.374
386,,0.04,0.506,0.97,0.676,0.86,0.384,0.15,0.364
387,,0.03,0.496,0.96,0.666,0.85,0.374,0.14,0.354
388,,0.02,0.486,0.95,0.656,0.84,0.364,0.13,0.344
389,,0.01,0.476,0.94,0.646,0.83,0.354,0.12,0.334
390,,0.0,0.466,0.93,0.636,0.82,0.344,0.11,0.324
391,,-0.01,0.456,0.92,0.626,0.81,0.334,0.1,0.314
392,1,0.99,0.729,0.91,0.333,0.4,0.041,0.09,0.587
393,1,1.0,1.0,0.9,0.04,-0.01,-0.252,0.08,0.86
394,6,0.707,0.59,0.607,0.03,0.263,0.748,0.353,0.85
395,6,0.414,0.18,0.314,0.02,0.536,1.0,0.626,0.84
396,,0.404,0.17,0.304,0.01,0.526,0.99,0.616,0.83
397,,0.394,0.16,0.294,0.0,0.516,0.98,0.606,0.82
398,,0.384,0.15,0.284,-0.01,0.506,0.97,0.596,0.81
399,4,0.091,0.14,0.557,0.99,0.779,0.96,0.303,0.4
400,4,-0.202,0.13,0.83,1.0,1.0,0.95,0.01,-0.01
401,1,0.798,0.403,0.82,0.707,0.59,0.657,0.0,0.263
402,1,1.0,0.676,0.81,0.414,0.18,0.364,-0.01,0.536
403,7,0.99,0.383,0.4,0.121,0.17,0.637,0.99,0.809
404,7,0.98,0.09,-0.01,-0.172,0.16,0.91,1.0,1.0
405,4,0.687,0.08,0.263,0.828,0.433,0.9,0.707,0.59
406,4,0.394,0.07,0.536,1.0,0.706,0.89,0.414,0.18
407,,0.384,0.06,0.526,0.99,0.696,0.88,0.404,0.17
408,,0.374,0.05,0.516,0.98,0.686,0.87,0.394,0.16
409,,0.364,0.04,0.506,0.97,0.676,0.86,0.384,0.15
410,,0.354,0.03,0.496,0.96,0.666,0.85,0.374,0.14
411,,0.344,0.02,0.486,0.95,0.656,0.84,0.364,0.13
412,,0.334,0.01,0.476,0.94,0.646,0.83,0.354,0.12
413,,0.324,0.0,0.466,0.93,0.636,0.82,0.344,0.11
414,,0.314,-0.01,0.456,0.92,0.626,0.81,0.334,0.1
415,2,0.587,0.99,0.729,0.91,0.333,0.4,0.041,0.09
416,2,0.86,1.0,1.0,0.9,0.04,-0.01,-0.252,0.08
417,7,0.85,0.707,0.59,0.607,0.03,0.263,0.748,0.353
418,7,0.84,0.414,0.18,0.314,0.02,0.536,1.0,0.626
419,,0.83,0.404,0.17,0.304,0.01,0.526,0.99,0.616
420,,0.82,0.394,0.16,0.294,0.0,0.516,0.98,0.606
421,,0.81,0.384,0.15,0.284,-0.01,0.506,0.97,0.596
422,5,0.4,0.091,0.14,0.557,0.99,0.779,0.96,0.303
423,5,-0.01,-0.202,0.13,0.83,1.0,1.0,0.95,0.01
424,2,0.263,0.798,0.403,0.82,0.707,0.59,0.657,0.0
425,2,0.536,1.0,0.676,0.81,0.414,0.18,0.364,-0.01
426,8,0.809,0.99,0.383,0.4,0.121,0.17,0.637,0.99
427,8,1.0,0.98,0.09,-0.01,-0.172,0.16,0.91,1.0
428,5,0.59,0.687,0.08,0.263,0.828,0.433,0.9,0.707
429,5,0.18,0.394,0.07,0.536,1.0,0.706,0.89,0.414
430,,0.17,0.384,0.06,0.526,0.99,0.696,0.88,0.404
431,,0.16,0.374,0.05,0.516,0.98,0.686,0.87,0.394
432,,0.15,0.364,0.04,0.506,0.97,0.676,0.86,0.384
433,,0.14,0.354,0.03,0.496,0.96,0.666,0.85,0.374
434,,0.13,0.344,0.02,0.486,0.95,0.656,0.84,0.364
435,,0.12,0.334,0.01,0.476,0.94,0.646,0.83,0.354
436,,0.11,0.324,0.0,0.466,0.93,0.636,0.82,0.344
437,,0.1,0.314,-0.01,0.456,0.92,0.626,0.81,0.334
438,3,0.09,0.587,0.99,0.729,0.91,0.333,0.4,0.041
439,3,0.08,0.86,1.0,1.0,0.9,0.04,-0.01,-0.252
440,8,0.353,0.85,0.707,0.59,0.607,0.03,0.263,0.748
441,8,0.626,0.84,0.414,0.18,0.314,0.02,0.536,1.0
442,,0.616,0.83,0.404,0.17,0.304,0.01,0.526,0.99
443,,0.606,0.82,0.394,0.16,0.294,0.0,0.516,0.98
444,,0.596,0.81,0.384,0.15,0.284,-0.01,0.506,0.97
445,6,0.303,0.4,0.091,0.14,0.557,0.99,0.779,0.96
446,6,0.01,-0.01,-0.202,0.13,0.83,1.0,1.0,0.95
447,3,0.0,0.263,0.798,0.403,0.82,0.707,0.59,0.657
448,3,-0.01,0.536,1.0,0.676,0.81,0.414,0.18,0.364
449,1,0.99,0.809,0.99,0.383,0.4,0.121,0.17,0.637
450,1,1.0,1.0,0.98,0.09,-0.01,-0.172,0.16,0.91
451,6,0.707,0.59,0.687,0.08,0.263,0.828,0.433,0.9
452,6,0.414,0.18,0.394,0.07,0.536,1.0,0.706,0.89
453,,0.404,0.17,0.384,0.06,0.526,0.99,0.696,0.88
454,,0.394,0.16,0.374,0.05,0.516,0.98,0.686,0.87
455,,0.384,0.15,0.364,0.04,0.506,0.97,0.676,0.86
456,,0.374,0.14,0.354,0.03,0.496,0.96,0.666,0.85
457,,0.364,0.13,0.344,0.02,0.486,0.95,0.656,0.84
458,,0.354,0.12,0.334,0.01,0.476,0.94,0.646,0.83
459,,0.344,0.11,0.324,0.0,0.466,0.93,0.636,0.82
460,,0.334,0.1,0.314,-0.01,0.456,0.92,0.626,0.81
461,4,0.041,0.09,0.587,0.99,0.729,0.91,0.333,0.4
462,4,-0.252,0.08,0.86,1.0,1.0,0.9,0.04,-0.01
463,1,0.748,0.353,0.85,0.707,0.59,0.607,0.03,0.263
464,1,1.0,0.626,0.84,0.414,0.18,0.314,0.02,0.536
465,,0.99,0.616,0.83,0.404,0.17,0.304,0.01,0.526
466,,0.98,0.606,0.82,0.394,0.16,0.294,0.0,0.516
467,,0.97,0.596,0.81,0.384,0.15,0.284,-0.01,0.506
468,7,0.96,0.303,0.4,0.091,0.14,0.557,0.99,0.779
469,7,0.95,0.01,-0.01,-0.202,0.13,0.83,1.0,1.0
470,4,0.657,0.0,0.263,0.798,0.403,0.82,0.707,0.59
471,4,0.364,-0.01,0.536,1.0,0.676,0.81,0.414,0.18
472,2,0.637,0.99,0.809,0.99,0.383,0.4,0.121,0.17
473,2,0.91,1.0,1.0,0.98,0.09,-0.01,-0.172,0.16
474,7,0.9,0.707,0.59,0.687,0.08,0.263,0.828,0.433
475,7,0.89,0.414,0.18,0.394,0.07,0.536,1.0,0.706
476,,0.88,0.404,0.17,0.384,0.06,0.526,0.99,0.696
477,,0.87,0.394,0.16,0.374,0.05,0.516,0.98,0.686
478,,0.86,0.384,0.15,0.364,0.04,0.506,0.97,0.676
479,,0.85,0.374,0.14,0.354,0.03,0.496,0.96,0.666
480,,0.84,0.364,0.13,0.344,0.02,0.486,0.95,0.656
481,,0.83,0.354,0.12,0.334,0.01,0.476,0.94,0.646
482,,0.82,0.344,0.11,0.324,0.0,0.466,0.93,0.636
483,,0.81,0.334,0.1,0.314,-0.01,0.456,0.92,0.626
484,5,0.4,0.041,0.09,0.587,0.99,0.729,0.91,0.333
485,5,-0.01,-0.252,0.08,0.86,1.0,1.0,0.9,0.04
486,2,0.263,0.748,0.353,0.85,0.707,0.59,0.607,0.03
487,2,0.536,1.0,0.626,0.84,0.414,0.18,0.314,0.02
488,,0.526,0.99,0.616,0.83,0.404,0.17,0.304,0.01
489,,0.516,0.98,0.606,0.82,0.394,0.16,0.294,0.0
490,,0.506,0.97,0.596,0.81,0.384,0.15,0.284,-0.01
491,8,0.779,0.96,0.303,0.4,0.091,0.14,0.557,0.99
492,8,1.0,0.95,0.01,-0.01,-0.202,0.13,0.83,1.0
493,5,0.59,0.657,0.0,0.263,0.798,0.403,0.82,0.707
494,5,0.18,0.364,-0.01,0.536,1.0,0.676,0.81,0.414
495,3,0.17,0.637,0.99,0.809,0.99,0.383,0.4,0.121
496,3,0.16,0.91,1.0,1.0,0.98,0.09,-0.01,-0.172
497,8,0.433,0.9,0.707,0.59,0.687,0.08,0.263,0.828
498,8,0.706,0.89,0.414,0.18,0.394,0.07,0.536,1.0
499,,0.696,0.88,0.404,0.17,0.384,0.06,0.526,0.99
