step,active_motive,motive_1,motive_2,motive_3,motive_4,motive_5,motive_6,motive_7,motive_8
0,,0.00903,0.08353,0.03208,0.01865,0.00408,0.05909,0.06776,0.00166
1,,-0.00097,0.07353,0.02208,0.00865,-0.00592,0.04909,0.05776,-0.00834
2,8,0.27203,0.06353,-0.27092,-0.40135,-0.29892,0.03909,0.33076,0.99166
3,8,0.54503,0.05353,-0.56392,-0.81135,-0.59192,0.02909,0.60376,1.0
4,4,0.25203,0.04353,-0.29092,0.18865,-0.31892,0.01909,0.31076,0.59
5,4,-0.04097,0.03353,-0.01792,1.0,-0.04592,0.00909,0.01776,0.18
6,5,-0.45097,-0.25947,-0.02792,1.0,0.95408,0.28209,0.00776,-0.113
7,5,-0.86097,-0.55247,-0.03792,1.0,1.0,0.55509,-0.00224,-0.406
8,1,0.13903,-0.27947,-0.04792,0.707,0.59,0.26209,-0.01224,-0.133
9,1,1.0,-0.00647,-0.05792,0.414,0.18,-0.03091,-0.02224,0.14
10,3,0.99,0.26653,0.94208,0.687,0.17,-0.32391,-0.43224,-0.153
11,3,0.98,0.53953,1.0,0.96,0.16,-0.61691,-0.84224,-0.446
12,7,0.97,0.24653,0.59,0.667,0.15,-0.34391,0.15776,-0.173
13,7,0.96,-0.04647,0.18,0.374,0.14,-0.07091,1.0,0.1
14,6,0.667,-0.45647,-0.113,0.364,0.413,0.92909,1.0,0.09
15,6,0.374,-0.86647,-0.406,0.354,0.686,1.0,1.0,0.08
16,2,0.647,0.13353,-0.133,0.344,0.393,0.59,0.707,0.07
17,2,0.92,1.0,0.14,0.334,0.1,0.18,0.414,0.06
18,,0.91,0.99,0.13,0.324,0.09,0.17,0.404,0.05
19,,0.9,0.98,0.12,0.314,0.08,0.16,0.394,0.04
20,,0.89,0.97,0.11,0.304,0.07,0.15,0.384,0.03
21,,0.88,0.96,0.1,0.294,0.06,0.14,0.374,0.02
22,,0.87,0.95,0.09,0.284,0.05,0.13,0.364,0.01
23,,0.86,0.94,0.08,0.274,0.04,0.12,0.354,0.0
24,,0.85,0.93,0.07,0.264,0.03,0.11,0.344,-0.01
25,8,1.0,0.92,-0.223,-0.146,-0.263,0.1,0.617,0.99
26,8,1.0,0.91,-0.516,-0.556,-0.556,0.09,0.89,1.0
27,4,0.707,0.9,-0.243,0.444,-0.283,0.08,0.597,0.59
28,4,0.414,0.89,0.03,1.0,-0.01,0.07,0.304,0.18
29,5,0.004,0.597,0.02,1.0,0.99,0.343,0.294,-0.113
30,5,-0.406,0.304,0.01,1.0,1.0,0.616,0.284,-0.406
31,1,0.594,0.577,0.0,0.707,0.59,0.323,0.274,-0.133
32,1,1.0,0.85,-0.01,0.414,0.18,0.03,0.264,0.14
33,3,0.99,1.0,0.99,0.687,0.17,-0.263,-0.146,-0.153
34,3,0.98,1.0,1.0,0.96,0.16,-0.556,-0.556,-0.446
35,6,0.687,0.59,0.707,0.95,0.433,0.444,-0.283,-0.456
36,6,0.394,0.18,0.414,0.94,0.706,1.0,-0.01,-0.466
37,8,0.667,0.17,0.121,0.53,0.413,0.99,0.263,0.534
38,8,0.94,0.16,-0.172,0.12,0.12,0.98,0.536,1.0
39,3,0.93,0.433,0.828,0.393,0.11,0.687,0.126,0.707
40,3,0.92,0.706,1.0,0.666,0.1,0.394,-0.284,0.414
41,7,0.91,0.413,0.59,0.373,0.09,0.667,0.716,0.687
42,7,0.9,0.12,0.18,0.08,0.08,0.94,1.0,0.96
43,,0.89,0.11,0.17,0.07,0.07,0.93,0.99,0.95
44,,0.88,0.1,0.16,0.06,0.06,0.92,0.98,0.94
45,,0.87,0.09,0.15,0.05,0.05,0.91,0.97,0.93
46,,0.86,0.08,0.14,0.04,0.04,0.9,0.96,0.92
47,,0.85,0.07,0.13,0.03,0.03,0.89,0.95,0.91
48,,0.84,0.06,0.12,0.02,0.02,0.88,0.94,0.9
49,,0.83,0.05,0.11,0.01,0.01,0.87,0.93,0.89
50,,0.82,0.04,0.1,0.0,0.0,0.86,0.92,0.88
51,,0.81,0.03,0.09,-0.01,-0.01,0.85,0.91,0.87
52,5,0.4,-0.263,0.08,0.263,0.99,1.0,0.9,0.577
53,5,-0.01,-0.556,0.07,0.536,1.0,1.0,0.89,0.284
54,2,0.263,0.444,0.343,0.526,0.707,0.59,0.597,0.274
55,2,0.536,1.0,0.616,0.516,0.414,0.18,0.304,0.264
56,,0.526,0.99,0.606,0.506,0.404,0.17,0.294,0.254
57,,0.516,0.98,0.596,0.496,0.394,0.16,0.284,0.244
58,,0.506,0.97,0.586,0.486,0.384,0.15,0.274,0.234
59,,0.496,0.96,0.576,0.476,0.374,0.14,0.264,0.224
60,,0.486,0.95,0.566,0.466,0.364,0.13,0.254,0.214
61,,0.476,0.94,0.556,0.456,0.354,0.12,0.244,0.204
62,,0.466,0.93,0.546,0.446,0.344,0.11,0.234,0.194
63,,0.456,0.92,0.536,0.436,0.334,0.1,0.224,0.184
64,,0.446,0.91,0.526,0.426,0.324,0.09,0.214,0.174
65,,0.436,0.9,0.516,0.416,0.314,0.08,0.204,0.164
66,,0.426,0.89,0.506,0.406,0.304,0.07,0.194,0.154
67,,0.416,0.88,0.496,0.396,0.294,0.06,0.184,0.144
68,,0.406,0.87,0.486,0.386,0.284,0.05,0.174,0.134
69,,0.396,0.86,0.476,0.376,0.274,0.04,0.164,0.124
70,,0.386,0.85,0.466,0.366,0.264,0.03,0.154,0.114
71,,0.376,0.84,0.456,0.356,0.254,0.02,0.144,0.104
72,,0.366,0.83,0.446,0.346,0.244,0.01,0.134,0.094
73,,0.356,0.82,0.436,0.336,0.234,0.0,0.124,0.084
74,,0.346,0.81,0.426,0.326,0.224,-0.01,0.114,0.074
75,6,0.053,0.4,0.133,0.316,0.497,0.99,0.387,0.064
76,6,-0.24,-0.01,-0.16,0.306,0.77,1.0,0.66,0.054
77,1,0.76,0.263,-0.17,0.013,0.36,0.707,0.65,0.327
78,1,1.0,0.536,-0.18,-0.28,-0.05,0.414,0.64,0.6
79,4,0.707,0.526,0.093,0.72,0.223,0.404,0.347,0.19
80,4,0.414,0.516,0.366,1.0,0.496,0.394,0.054,-0.22
81,8,0.687,0.506,0.073,0.59,0.203,0.384,0.327,0.78
82,8,0.96,0.496,-0.22,0.18,-0.09,0.374,0.6,1.0
83,3,0.95,0.769,0.78,0.453,-0.1,0.081,0.19,0.707
84,3,0.94,1.0,1.0,0.726,-0.11,-0.212,-0.22,0.414
85,7,0.93,0.707,0.59,0.433,-0.12,0.061,0.78,0.687
86,7,0.92,0.414,0.18,0.14,-0.13,0.334,1.0,0.96
87,5,0.51,0.121,0.17,0.413,0.87,0.607,0.99,0.667
88,5,0.1,-0.172,0.16,0.686,1.0,0.88,0.98,0.374
89,2,0.373,0.828,0.433,0.676,0.707,0.47,0.687,0.364
90,2,0.646,1.0,0.706,0.666,0.414,0.06,0.394,0.354
91,,0.636,0.99,0.696,0.656,0.404,0.05,0.384,0.344
92,,0.626,0.98,0.686,0.646,0.394,0.04,0.374,0.334
93,,0.616,0.97,0.676,0.636,0.384,0.03,0.364,0.324
94,,0.606,0.96,0.666,0.626,0.374,0.02,0.354,0.314
95,,0.596,0.95,0.656,0.616,0.364,0.01,0.344,0.304
96,,0.586,0.94,0.646,0.606,0.354,0.0,0.334,0.294
97,,0.576,0.93,0.636,0.596,0.344,-0.01,0.324,0.284
98,6,0.283,0.52,0.343,0.586,0.617,0.99,0.597,0.274
99,6,-0.01,0.11,0.05,0.576,0.89,1.0,0.87,0.264
100,1,0.99,0.383,0.04,0.283,0.48,0.707,0.86,0.537
101,1,1.0,0.656,0.03,-0.01,0.07,0.414,0.85,0.81
102,4,0.707,0.646,0.303,0.99,0.343,0.404,0.557,0.4
103,4,0.414,0.636,0.576,1.0,0.616,0.394,0.264,-0.01
104,8,0.687,0.626,0.283,0.59,0.323,0.384,0.537,0.99
105,8,0.96,0.616,-0.01,0.18,0.03,0.374,0.81,1.0
106,3,0.95,0.889,0.99,0.453,0.02,0.081,0.4,0.707
107,3,0.94,1.0,1.0,0.726,0.01,-0.212,-0.01,0.414
108,6,0.647,0.59,0.707,0.716,0.283,0.788,0.263,0.404
109,6,0.354,0.18,0.414,0.706,0.556,1.0,0.536,0.394
110,,0.344,0.17,0.404,0.696,0.546,0.99,0.526,0.384
111,,0.334,0.16,0.394,0.686,0.536,0.98,0.516,0.374
112,,0.324,0.15,0.384,0.676,0.526,0.97,0.506,0.364
113,,0.314,0.14,0.374,0.666,0.516,0.96,0.496,0.354
114,,0.304,0.13,0.364,0.656,0.506,0.95,0.486,0.344
115,,0.294,0.12,0.354,0.646,0.496,0.94,0.476,0.334
116,,0.284,0.11,0.344,0.636,0.486,0.93,0.466,0.324
117,,0.274,0.1,0.334,0.626,0.476,0.92,0.456,0.314
118,,0.264,0.09,0.324,0.616,0.466,0.91,0.446,0.304
119,,0.254,0.08,0.314,0.606,0.456,0.9,0.436,0.294
120,,0.244,0.07,0.304,0.596,0.446,0.89,0.426,0.284
121,,0.234,0.06,0.294,0.586,0.436,0.88,0.416,0.274
122,,0.224,0.05,0.284,0.576,0.426,0.87,0.406,0.264
123,,0.214,0.04,0.274,0.566,0.416,0.86,0.396,0.254
124,,0.204,0.03,0.264,0.556,0.406,0.85,0.386,0.244
125,,0.194,0.02,0.254,0.546,0.396,0.84,0.376,0.234
126,,0.184,0.01,0.244,0.536,0.386,0.83,0.366,0.224
127,,0.174,0.0,0.234,0.526,0.376,0.82,0.356,0.214
128,,0.164,-0.01,0.224,0.516,0.366,0.81,0.346,0.204
129,2,0.437,0.99,0.497,0.506,0.073,0.4,0.053,0.194
130,2,0.71,1.0,0.77,0.496,-0.22,-0.01,-0.24,0.184
131,7,0.7,0.707,0.36,0.203,-0.23,0.263,0.76,0.457
132,7,0.69,0.414,-0.05,-0.09,-0.24,0.536,1.0,0.73
133,5,0.28,0.121,-0.06,0.183,0.76,0.809,0.99,0.437
134,5,-0.13,-0.172,-0.07,0.456,1.0,1.0,0.98,0.144
135,2,0.143,0.828,0.203,0.446,0.707,0.59,0.687,0.134
136,2,0.416,1.0,0.476,0.436,0.414,0.18,0.394,0.124
137,,0.406,0.99,0.466,0.426,0.404,0.17,0.384,0.114
138,,0.396,0.98,0.456,0.416,0.394,0.16,0.374,0.104
139,,0.386,0.97,0.446,0.406,0.384,0.15,0.364,0.094
140,,0.376,0.96,0.436,0.396,0.374,0.14,0.354,0.084
141,,0.366,0.95,0.426,0.386,0.364,0.13,0.344,0.074
142,,0.356,0.94,0.416,0.376,0.354,0.12,0.334,0.064
143,,0.346,0.93,0.406,0.366,0.344,0.11,0.324,0.054
144,,0.336,0.92,0.396,0.356,0.334,0.1,0.314,0.044
145,,0.326,0.91,0.386,0.346,0.324,0.09,0.304,0.034
146,,0.316,0.9,0.376,0.336,0.314,0.08,0.294,0.024
147,,0.306,0.89,0.366,0.326,0.304,0.07,0.284,0.014
148,,0.296,0.88,0.356,0.316,0.294,0.06,0.274,0.004
149,,0.286,0.87,0.346,0.306,0.284,0.05,0.264,-0.006
150,8,0.559,0.86,0.053,-0.104,-0.009,0.04,0.537,0.994
151,8,0.832,0.85,-0.24,-0.514,-0.302,0.03,0.81,1.0
152,4,0.539,0.84,0.033,0.486,-0.029,0.02,0.517,0.59
153,4,0.246,0.83,0.306,1.0,0.244,0.01,0.224,0.18
154,,0.236,0.82,0.296,0.99,0.234,0.0,0.214,0.17
155,,0.226,0.81,0.286,0.98,0.224,-0.01,0.204,0.16
156,6,-0.067,0.4,-0.007,0.97,0.497,0.99,0.477,0.15
157,6,-0.36,-0.01,-0.3,0.96,0.77,1.0,0.75,0.14
158,1,0.64,0.263,-0.31,0.667,0.36,0.707,0.74,0.413
159,1,1.0,0.536,-0.32,0.374,-0.05,0.414,0.73,0.686
160,3,0.99,0.809,0.68,0.647,-0.06,0.121,0.32,0.393
161,3,0.98,1.0,1.0,0.92,-0.07,-0.172,-0.09,0.1
162,6,0.687,0.59,0.707,0.91,0.203,0.828,0.183,0.09
163,6,0.394,0.18,0.414,0.9,0.476,1.0,0.456,0.08
164,,0.384,0.17,0.404,0.89,0.466,0.99,0.446,0.07
165,,0.374,0.16,0.394,0.88,0.456,0.98,0.436,0.06
166,,0.364,0.15,0.384,0.87,0.446,0.97,0.426,0.05
167,,0.354,0.14,0.374,0.86,0.436,0.96,0.416,0.04
168,,0.344,0.13,0.364,0.85,0.426,0.95,0.406,0.03
169,,0.334,0.12,0.354,0.84,0.416,0.94,0.396,0.02
170,,0.324,0.11,0.344,0.83,0.406,0.93,0.386,0.01
171,,0.314,0.1,0.334,0.82,0.396,0.92,0.376,0.0
172,,0.304,0.09,0.324,0.81,0.386,0.91,0.366,-0.01
173,8,0.577,0.08,0.031,0.4,0.093,0.9,0.639,0.99
174,8,0.85,0.07,-0.262,-0.01,-0.2,0.89,0.912,1.0
175,3,0.84,0.343,0.738,0.263,-0.21,0.597,0.502,0.707
176,3,0.83,0.616,1.0,0.536,-0.22,0.304,0.092,0.414
177,5,0.42,0.323,0.99,0.809,0.78,0.577,0.082,0.121
178,5,0.01,0.03,0.98,1.0,1.0,0.85,0.072,-0.172
179,8,0.283,0.02,0.687,0.59,0.707,0.84,0.345,0.828
180,8,0.556,0.01,0.394,0.18,0.414,0.83,0.618,1.0
181,,0.546,0.0,0.384,0.17,0.404,0.82,0.608,0.99
182,,0.536,-0.01,0.374,0.16,0.394,0.81,0.598,0.98
183,2,0.809,0.99,0.647,0.15,0.101,0.4,0.305,0.97
184,2,1.0,1.0,0.92,0.14,-0.192,-0.01,0.012,0.96
185,5,0.59,0.707,0.91,0.413,0.808,0.263,0.002,0.667
186,5,0.18,0.414,0.9,0.686,1.0,0.536,-0.008,0.374
187,7,0.17,0.121,0.49,0.393,0.99,0.809,0.992,0.647
188,7,0.16,-0.172,0.08,0.1,0.98,1.0,1.0,0.92
189,2,0.433,0.828,0.353,0.09,0.687,0.59,0.707,0.91
190,2,0.706,1.0,0.626,0.08,0.394,0.18,0.414,0.9
191,,0.696,0.99,0.616,0.07,0.384,0.17,0.404,0.89
192,,0.686,0.98,0.606,0.06,0.374,0.16,0.394,0.88
193,,0.676,0.97,0.596,0.05,0.364,0.15,0.384,0.87
194,,0.666,0.96,0.586,0.04,0.354,0.14,0.374,0.86
195,,0.656,0.95,0.576,0.03,0.344,0.13,0.364,0.85
196,,0.646,0.94,0.566,0.02,0.334,0.12,0.354,0.84
197,,0.636,0.93,0.556,0.01,0.324,0.11,0.344,0.83
198,,0.626,0.92,0.546,0.0,0.314,0.1,0.334,0.82
199,,0.616,0.91,0.536,-0.01,0.304,0.09,0.324,0.81
200,4,0.323,0.9,0.809,0.99,0.577,0.08,0.031,0.4
201,4,0.03,0.89,1.0,1.0,0.85,0.07,-0.262,-0.01
202,7,0.02,0.597,0.59,0.707,0.84,0.343,0.738,0.263
203,7,0.01,0.304,0.18,0.414,0.83,0.616,1.0,0.536
204,,0.0,0.294,0.17,0.404,0.82,0.606,0.99,0.526
205,,-0.01,0.284,0.16,0.394,0.81,0.596,0.98,0.516
206,1,0.99,0.557,0.15,0.101,0.4,0.303,0.97,0.789
207,1,1.0,0.83,0.14,-0.192,-0.01,0.01,0.96,1.0
208,4,0.707,0.82,0.413,0.808,0.263,0.0,0.667,0.59
209,4,0.414,0.81,0.686,1.0,0.536,-0.01,0.374,0.18
210,6,0.121,0.4,0.393,0.99,0.809,0.99,0.647,0.17
211,6,-0.172,-0.01,0.1,0.98,1.0,1.0,0.92,0.16
212,1,0.828,0.263,0.09,0.687,0.59,0.707,0.91,0.433
213,1,1.0,0.536,0.08,0.394,0.18,0.414,0.9,0.706
214,,0.99,0.526,0.07,0.384,0.17,0.404,0.89,0.696
215,,0.98,0.516,0.06,0.374,0.16,0.394,0.88,0.686
216,,0.97,0.506,0.05,0.364,0.15,0.384,0.87,0.676
217,,0.96,0.496,0.04,0.354,0.14,0.374,0.86,0.666
218,,0.95,0.486,0.03,0.344,0.13,0.364,0.85,0.656
219,,0.94,0.476,0.02,0.334,0.12,0.354,0.84,0.646
220,,0.93,0.466,0.01,0.324,0.11,0.344,0.83,0.636
221,,0.92,0.456,0.0,0.314,0.1,0.334,0.82,0.626
222,,0.91,0.446,-0.01,0.304,0.09,0.324,0.81,0.616
223,3,0.9,0.719,0.99,0.577,0.08,0.031,0.4,0.323
224,3,0.89,0.992,1.0,0.85,0.07,-0.262,-0.01,0.03
225,6,0.597,0.582,0.707,0.84,0.343,0.738,0.263,0.02
226,6,0.304,0.172,0.414,0.83,0.616,1.0,0.536,0.01
227,,0.294,0.162,0.404,0.82,0.606,0.99,0.526,0.0
228,,0.284,0.152,0.394,0.81,0.596,0.98,0.516,-0.01
229,8,0.557,0.142,0.101,0.4,0.303,0.97,0.789,0.99
230,8,0.83,0.132,-0.192,-0.01,0.01,0.96,1.0,1.0
231,3,0.82,0.405,0.808,0.263,0.0,0.667,0.59,0.707
232,3,0.81,0.678,1.0,0.536,-0.01,0.374,0.18,0.414
233,5,0.4,0.385,0.99,0.809,0.99,0.647,0.17,0.121
234,5,-0.01,0.092,0.98,1.0,1.0,0.92,0.16,-0.172
235,8,0.263,0.082,0.687,0.59,0.707,0.91,0.433,0.828
236,8,0.536,0.072,0.394,0.18,0.414,0.9,0.706,1.0
237,,0.526,0.062,0.384,0.17,0.404,0.89,0.696,0.99
238,,0.516,0.052,0.374,0.16,0.394,0.88,0.686,0.98
239,,0.506,0.042,0.364,0.15,0.384,0.87,0.676,0.97
240,,0.496,0.032,0.354,0.14,0.374,0.86,0.666,0.96
241,,0.486,0.022,0.344,0.13,0.364,0.85,0.656,0.95
242,,0.476,0.012,0.334,0.12,0.354,0.84,0.646,0.94
243,,0.466,0.002,0.324,0.11,0.344,0.83,0.636,0.93
244,,0.456,-0.008,0.314,0.1,0.334,0.82,0.626,0.92
245,2,0.729,0.992,0.587,0.09,0.041,0.41,0.333,0.91
246,2,1.0,1.0,0.86,0.08,-0.252,-0.0,0.04,0.9
247,5,0.59,0.707,0.85,0.353,0.748,0.273,0.03,0.607
248,5,0.18,0.414,0.84,0.626,1.0,0.546,0.02,0.314
249,,0.17,0.404,0.83,0.616,0.99,0.536,0.01,0.304
250,,0.16,0.394,0.82,0.606,0.98,0.526,0.0,0.294
251,,0.15,0.384,0.81,0.596,0.97,0.516,-0.01,0.284
252,7,0.14,0.091,0.4,0.303,0.96,0.789,0.99,0.557
253,7,0.13,-0.202,-0.01,0.01,0.95,1.0,1.0,0.83
254,2,0.403,0.798,0.263,0.0,0.657,0.59,0.707,0.82
255,2,0.676,1.0,0.536,-0.01,0.364,0.18,0.414,0.81
256,4,0.383,0.99,0.809,0.99,0.637,0.17,0.121,0.4
257,4,0.09,0.98,1.0,1.0,0.91,0.16,-0.172,-0.01
258,7,0.08,0.687,0.59,0.707,0.9,0.433,0.828,0.263
259,7,0.07,0.394,0.18,0.414,0.89,0.706,1.0,0.536
260,,0.06,0.384,0.17,0.404,0.88,0.696,0.99,0.526
261,,0.05,0.374,0.16,0.394,0.87,0.686,0.98,0.516
262,,0.04,0.364,0.15,0.384,0.86,0.676,0.97,0.506
263,,0.03,0.354,0.14,0.374,0.85,0.666,0.96,0.496
264,,0.02,0.344,0.13,0.364,0.84,0.656,0.95,0.486
265,,0.01,0.334,0.12,0.354,0.83,0.646,0.94,0.476
266,,0.0,0.324,0.11,0.344,0.82,0.636,0.93,0.466
267,,-0.01,0.314,0.1,0.334,0.81,0.626,0.92,0.456
268,1,0.99,0.587,0.09,0.041,0.4,0.333,0.91,0.729
269,1,1.0,0.86,0.08,-0.252,-0.01,0.04,0.9,1.0
270,4,0.707,0.85,0.353,0.748,0.263,0.03,0.607,0.59
271,4,0.414,0.84,0.626,1.0,0.536,0.02,0.314,0.18
272,,0.404,0.83,0.616,0.99,0.526,0.01,0.304,0.17
273,,0.394,0.82,0.606,0.98,0.516,0.0,0.294,0.16
274,,0.384,0.81,0.596,0.97,0.506,-0.01,0.284,0.15
275,6,0.091,0.4,0.303,0.96,0.779,0.99,0.557,0.14
276,6,-0.202,-0.01,0.01,0.95,1.0,1.0,0.83,0.13
277,1,0.798,0.263,0.0,0.657,0.59,0.707,0.82,0.403
278,1,1.0,0.536,-0.01,0.364,0.18,0.414,0.81,0.676
279,3,0.99,0.809,0.99,0.637,0.17,0.121,0.4,0.383
280,3,0.98,1.0,1.0,0.91,0.16,-0.172,-0.01,0.09
281,6,0.687,0.59,0.707,0.9,0.433,0.828,0.263,0.08
282,6,0.394,0.18,0.414,0.89,0.706,1.0,0.536,0.07
283,,0.384,0.17,0.404,0.88,0.696,0.99,0.526,0.06
284,,0.374,0.16,0.394,0.87,0.686,0.98,0.516,0.05
285,,0.364,0.15,0.384,0.86,0.676,0.97,0.506,0.04
286,,0.354,0.14,0.374,0.85,0.666,0.96,0.496,0.03
287,,0.344,0.13,0.364,0.84,0.656,0.95,0.486,0.02
288,,0.334,0.12,0.354,0.83,0.646,0.94,0.476,0.01
289,,0.324,0.11,0.344,0.82,0.636,0.93,0.466,0.0
290,,0.314,0.1,0.334,0.81,0.626,0.92,0.456,-0.01
291,8,0.587,0.09,0.041,0.4,0.333,0.91,0.729,0.99
292,8,0.86,0.08,-0.252,-0.01,0.04,0.9,1.0,1.0
293,3,0.85,0.353,0.748,0.263,0.03,0.607,0.59,0.707
294,3,0.84,0.626,1.0,0.536,0.02,0.314,0.18,0.414
295,,0.83,0.616,0.99,0.526,0.01,0.304,0.17,0.404
296,,0.82,0.606,0.98,0.516,0.0,0.294,0.16,0.394
297,,0.81,0.596,0.97,0.506,-0.01,0.284,0.15,0.384
298,5,0.4,0.303,0.96,0.779,0.99,0.557,0.14,0.091
299,5,-0.01,0.01,0.95,1.0,1.0,0.83,0.13,-0.202
300,8,0.263,0.0,0.657,0.59,0.707,0.82,0.403,0.798
301,8,0.536,-0.01,0.364,0.18,0.414,0.81,0.676,1.0
302,2,0.809,0.99,0.637,0.17,0.121,0.4,0.383,0.99
303,2,1.0,1.0,0.91,0.16,-0.172,-0.01,0.09,0.98
304,5,0.59,0.707,0.9,0.433,0.828,0.263,0.08,0.687
305,5,0.18,0.414,0.89,0.706,1.0,0.536,0.07,0.394
306,,0.17,0.404,0.88,0.696,0.99,0.526,0.06,0.384
307,,0.16,0.394,0.87,0.686,0.98,0.516,0.05,0.374
308,,0.15,0.384,0.86,0.676,0.97,0.506,0.04,0.364
309,,0.14,0.374,0.85,0.666,0.96,0.496,0.03,0.354
310,,0.13,0.364,0.84,0.656,0.95,0.486,0.02,0.344
311,,0.12,0.354,0.83,0.646,0.94,0.476,0.01,0.334
312,,0.11,0.344,0.82,0.636,0.93,0.466,0.0,0.324
313,,0.1,0.334,0.81,0.626,0.92,0.456,-0.01,0.314
314,7,0.09,0.041,0.4,0.333,0.91,0.729,0.99,0.587
315,7,0.08,-0.252,-0.01,0.04,0.9,1.0,1.0,0.86
316,2,0.353,0.748,0.263,0.03,0.607,0.59,0.707,0.85
317,2,0.626,1.0,0.536,0.02,0.314,0.18,0.414,0.84
318,,0.616,0.99,0.526,0.01,0.304,0.17,0.404,0.83
319,,0.606,0.98,0.516,0.0,0.294,0.16,0.394,0.82
320,,0.596,0.97,0.506,-0.01,0.284,0.15,0.384,0.81
321,4,0.303,0.96,0.779,0.99,0.557,0.14,0.091,0.4
322,4,0.01,0.95,1.0,1.0,0.83,0.13,-0.202,-0.01
323,7,0.0,0.657,0.59,0.707,0.82,0.403,0.798,0.263
324,7,-0.01,0.364,0.18,0.414,0.81,0.676,1.0,0.536
325,1,0.99,0.637,0.17,0.121,0.4,0.383,0.99,0.809
326,1,1.0,0.91,0.16,-0.172,-0.01,0.09,0.98,1.0
327,4,0.707,0.9,0.433,0.828,0.263,0.08,0.687,0.59
328,4,0.414,0.89,0.706,1.0,0.536,0.07,0.394,0.18
329,,0.404,0.88,0.696,0.99,0.526,0.06,0.384,0.17
330,,0.394,0.87,0.686,0.98,0.516,0.05,0.374,0.16
331,,0.384,0.86,0.676,0.97,0.506,0.04,0.364,0.15
332,,0.374,0.85,0.666,0.96,0.496,0.03,0.354,0.14
333,,0.364,0.84,0.656,0.95,0.486,0.02,0.344,0.13
334,,0.354,0.83,0.646,0.94,0.476,0.01,0.334,0.12
335,,0.344,0.82,0.636,0.93,0.466,0.0,0.324,0.11
336,,0.334,0.81,0.626,0.92,0.456,-0.01,0.314,0.1
337,6,0.041,0.4,0.333,0.91,0.729,0.99,0.587,0.09
338,6,-0.252,-0.01,0.04,0.9,1.0,1.0,0.86,0.08
339,1,0.748,0.263,0.03,0.607,0.59,0.707,0.85,0.353
340,1,1.0,0.536,0.02,0.314,0.18,0.414,0.84,0.626
341,,0.99,0.526,0.01,0.304,0.17,0.404,0.83,0.616
342,,0.98,0.516,0.0,0.294,0.16,0.394,0.82,0.606
343,,0.97,0.506,-0.01,0.284,0.15,0.384,0.81,0.596
344,3,0.96,0.779,0.99,0.557,0.14,0.091,0.4,0.303
345,3,0.95,1.0,1.0,0.83,0.13,-0.202,-0.01,0.01
346,6,0.657,0.59,0.707,0.82,0.403,0.798,0.263,0.0
347,6,0.364,0.18,0.414,0.81,0.676,1.0,0.536,-0.01
348,8,0.637,0.17,0.121,0.4,0.383,0.99,0.809,0.99
349,8,0.91,0.16,-0.172,-0.01,0.09,0.98,1.0,1.0
350,3,0.9,0.433,0.828,0.263,0.08,0.687,0.59,0.707
351,3,0.89,0.706,1.0,0.536,0.07,0.394,0.18,0.414
352,,0.88,0.696,0.99,0.526,0.06,0.384,0.17,0.404
353,,0.87,0.686,0.98,0.516,0.05,0.374,0.16,0.394
354,,0.86,0.676,0.97,0.506,0.04,0.364,0.15,0.384
355,,0.85,0.666,0.96,0.496,0.03,0.354,0.14,0.374
356,,0.84,0.656,0.95,0.486,0.02,0.344,0.13,0.364
357,,0.83,0.646,0.94,0.476,0.01,0.334,0.12,0.354
358,,0.82,0.636,0.93,0.466,0.0,0.324,0.11,0.344
359,,0.81,0.626,0.92,0.456,-0.01,0.314,0.1,0.334
360,5,0.4,0.333,0.91,0.729,0.99,0.587,0.09,0.041
361,5,-0.01,0.04,0.9,1.0,1.0,0.86,0.08,-0.252
362,8,0.263,0.03,0.607,0.59,0.707,0.85,0.353,0.748
363,8,0.536,0.02,0.314,0.18,0.414,0.84,0.626,1.0
364,,0.526,0.01,0.304,0.17,0.404,0.83,0.616,0.99
365,,0.516,0.0,0.294,0.16,0.394,0.82,0.606,0.98
366,,0.506,-0.01,0.284,0.15,0.384,0.81,0.596,0.97
367,2,0.779,0.99,0.557,0.14,0.091,0.4,0.303,0.96
368,2,1.0,1.0,0.83,0.13,-0.202,-0.01,0.01,0.95
369,5,0.59,0.707,0.82,0.403,0.798,0.263,0.0,0.657
370,5,0.18,0.414,0.81,0.676,1.0,0.536,-0.01,0.364
371,7,0.17,0.121,0.4,0.383,0.99,0.809,0.99,0.637
372,7,0.16,-0.172,-0.01,0.09,0.98,1.0,1.0,0.91
373,2,0.433,0.828,0.263,0.08,0.687,0.59,0.707,0.9
374,2,0.706,1.0,0.536,0.07,0.394,0.18,0.414,0.89
375,,0.696,0.99,0.526,0.06,0.384,0.17,0.404,0.88
376,,0.686,0.98,0.516,0.05,0.374,0.16,0.394,0.87
377,,0.676,0.97,0.506,0.04,0.364,0.15,0.384,0.86
378,,0.666,0.96,0.496,0.03,0.354,0.14,0.374,0.85
379,,0.656,0.95,0.486,0.02,0.344,0.13,0.364,0.84
380,,0.646,0.94,0.476,0.01,0.334,0.12,0.354,0.83
381,,0.636,0.93,0.466,0.0,0.324,0.11,0.344,0.82
382,,0.626,0.92,0.456,-0.01,0.314,0.1,0.334,0.81
383,4,0.333,0.91,0.729,0.99,0.587,0.09,0.041,0.4
384,4,0.04,0.9,1.0,1.0,0.86,0.08,-0.252,-0.01
385,7,0.03,0.607,0.59,0.707,0.85,0.353,0.748,0.263
386,7,0.02,0.314,0.18,0.414,0.84,0.626,1.0,0.536
387,,0.01,0.304,0.17,0.404,0.83,0.616,0.99,0.526
388,,0.0,0.294,0.16,0.394,0.82,0.606,0.98,0.516
389,,-0.01,0.284,0.15,0.384,0.81,0.596,0.97,0.506
390,1,0.99,0.557,0.14,0.091,0.4,0.303,0.96,0.779
391,1,1.0,0.83,0.13,-0.202,-0.01,0.01,0.95,1.0
392,4,0.707,0.82,0.403,0.798,0.263,0.0,0.657,0.59
393,4,0.414,0.81,0.676,1.0,0.536,-0.01,0.364,0.18
394,6,0.121,0.4,0.383,0.99,0.809,0.99,0.637,0.17
395,6,-0.172,-0.01,0.09,0.98,1.0,1.0,0.91,0.16
396,1,0.828,0.263,0.08,0.687,0.59,0.707,0.9,0.433
397,1,1.0,0.536,0.07,0.394,0.18,0.414,0.89,0.706
398,,0.99,0.526,0.06,0.384,0.17,0.404,0.88,0.696
399,,0.98,0.516,0.05,0.374,0.16,0.394,0.87,0.686
400,,0.97,0.506,0.04,0.364,0.15,0.384,0.86,0.676
401,,0.96,0.496,0.03,0.354,0.14,0.374,0.85,0.666
402,,0.95,0.486,0.02,0.344,0.13,0.364,0.84,0.656
403,,0.94,0.476,0.01,0.334,0.12,0.354,0.83,0.646
404,,0.93,0.466,0.0,0.324,0.11,0.344,0.82,0.636
405,,0.92,0.456,-0.01,0.314,0.1,0.334,0.81,0.626
406,3,0.91,0.729,0.99,0.587,0.09,0.041,0.4,0.333
407,3,0.9,1.0,1.0,0.86,0.08,-0.252,-0.01,0.04
408,6,0.607,0.59,0.707,0.85,0.353,0.748,0.263,0.03
409,6,0.314,0.18,0.414,0.84,0.626,1.0,0.536,0.02
410,,0.304,0.17,0.404,0.83,0.616,0.99,0.526,0.01
411,,0.294,0.16,0.394,0.82,0.606,0.98,0.516,0.0
412,,0.284,0.15,0.384,0.81,0.596,0.97,0.506,-0.01
413,8,0.557,0.14,0.091,0.4,0.303,0.96,0.779,0.99
414,8,0.83,0.13,-0.202,-0.01,0.01,0.95,1.0,1.0
415,3,0.82,0.403,0.798,0.263,0.0,0.657,0.59,0.707
416,3,0.81,0.676,1.0,0.536,-0.01,0.364,0.18,0.414
417,5,0.4,0.383,0.99,0.809,0.99,0.637,0.17,0.121
418,5,-0.01,0.09,0.98,1.0,1.0,0.91,0.16,-0.172
419,8,0.263,0.08,0.687,0.59,0.707,0.9,0.433,0.828
420,8,0.536,0.07,0.394,0.18,0.414,0.89,0.706,1.0
421,,0.526,0.06,0.384,0.17,0.404,0.88,0.696,0.99
422,,0.516,0.05,0.374,0.16,0.394,0.87,0.686,0.98
423,,0.506,0.04,0.364,0.15,0.384,0.86,0.676,0.97
424,,0.496,0.03,0.354,0.14,0.374,0.85,0.666,0.96
425,,0.486,0.02,0.344,0.13,0.364,0.84,0.656,0.95
426,,0.476,0.01,0.334,0.12,0.354,0.83,0.646,0.94
427,,0.466,0.0,0.324,0.11,0.344,0.82,0.636,0.93
428,,0.456,-0.01,0.314,0.1,0.334,0.81,0.626,0.92
429,2,0.729,0.99,0.587,0.09,0.041,0.4,0.333,0.91
430,2,1.0,1.0,0.86,0.08,-0.252,-0.01,0.04,0.9
431,5,0.59,0.707,0.85,0.353,0.748,0.263,0.03,0.607
432,5,0.18,0.414,0.84,0.626,1.0,0.536,0.02,0.314
433,,0.17,0.404,0.83,0.616,0.99,0.526,0.01,0.304
434,,0.16,0.394,0.82,0.606,0.98,0.516,0.0,0.294
435,,0.15,0.384,0.81,0.596,0.97,0.506,-0.01,0.284
436,7,0.14,0.091,0.4,0.303,0.96,0.779,0.99,0.557
437,7,0.13,-0.202,-0.01,0.01,0.95,1.0,1.0,0.83
438,2,0.403,0.798,0.263,0.0,0.657,0.59,0.707,0.82
439,2,0.676,1.0,0.536,-0.01,0.364,0.18,0.414,0.81
440,4,0.383,0.99,0.809,0.99,0.637,0.17,0.121,0.4
441,4,0.09,0.98,1.0,1.0,0.91,0.16,-0.172,-0.01
442,7,0.08,0.687,0.59,0.707,0.9,0.433,0.828,0.263
443,7,0.07,0.394,0.18,0.414,0.89,0.706,1.0,0.536
444,,0.06,0.384,0.17,0.404,0.88,0.696,0.99,0.526
445,,0.05,0.374,0.16,0.394,0.87,0.686,0.98,0.516
446,,0.04,0.364,0.15,0.384,0.86,0.676,0.97,0.506
447,,0.03,0.354,0.14,0.374,0.85,0.666,0.96,0.496
448,,0.02,0.344,0.13,0.364,0.84,0.656,0.95,0.486
449,,0.01,0.334,0.12,0.354,0.83,0.646,0.94,0.476
450,,0.0,0.324,0.11,0.344,0.82,0.636,0.93,0.466
451,,-0.01,0.314,0.1,0.334,0.81,0.626,0.92,0.456
452,1,0.99,0.587,0.09,0.041,0.4,0.333,0.91,0.729
453,1,1.0,0.86,0.08,-0.252,-0.01,0.04,0.9,1.0
454,4,0.707,0.85,0.353,0.748,0.263,0.03,0.607,0.59
455,4,0.414,0.84,0.626,1.0,0.536,0.02,0.314,0.18
456,,0.404,0.83,0.616,0.99,0.526,0.01,0.304,0.17
457,,0.394,0.82,0.606,0.98,0.516,0.0,0.294,0.16
458,,0.384,0.81,0.596,0.97,0.506,-0.01,0.284,0.15
459,6,0.091,0.4,0.303,0.96,0.779,0.99,0.557,0.14
460,6,-0.202,-0.01,0.01,0.95,1.0,1.0,0.83,0.13
461,1,0.798,0.263,0.0,0.657,0.59,0.707,0.82,0.403
462,1,1.0,0.536,-0.01,0.364,0.18,0.414,0.81,0.676
463,3,0.99,0.809,0.99,0.637,0.17,0.121,0.4,0.383
464,3,0.98,1.0,1.0,0.91,0.16,-0.172,-0.01,0.09
465,6,0.687,0.59,0.707,0.9,0.433,0.828,0.263,0.08
466,6,0.394,0.18,0.414,0.89,0.706,1.0,0.536,0.07
467,,0.384,0.17,0.404,0.88,0.696,0.99,0.526,0.06
468,,0.374,0.16,0.394,0.87,0.686,0.98,0.516,0.05
469,,0.364,0.15,0.384,0.86,0.676,0.97,0.506,0.04
470,,0.354,0.14,0.374,0.85,0.666,0.96,0.496,0.03
471,,0.344,0.13,0.364,0.84,0.656,0.95,0.486,0.02
472,,0.334,0.12,0.354,0.83,0.646,0.94,0.476,0.01
473,,0.324,0.11,0.344,0.82,0.636,0.93,0.466,0.0
474,,0.314,0.1,0.334,0.81,0.626,0.92,0.456,-0.01
475,8,0.587,0.09,0.041,0.4,0.333,0.91,0.729,0.99
476,8,0.86,0.08,-0.252,-0.01,0.04,0.9,1.0,1.0
477,3,0.85,0.353,0.748,0.263,0.03,0.607,0.59,0.707
478,3,0.84,0.626,1.0,0.536,0.02,0.314,0.18,0.414
479,,0.83,0.616,0.99,0.526,0.01,0.304,0.17,0.404
480,,0.82,0.606,0.98,0.516,0.0,0.294,0.16,0.394
481,,0.81,0.596,0.97,0.506,-0.01,0.284,0.15,0.384
482,5,0.4,0.303,0.96,0.779,0.99,0.557,0.14,0.091
483,5,-0.01,0.01,0.95,1.0,1.0,0.83,0.13,-0.202
484,8,0.263,0.0,0.657,0.59,0.707,0.82,0.403,0.798
485,8,0.536,-0.01,0.364,0.18,0.414,0.81,0.676,1.0
486,2,0.809,0.99,0.637,0.17,0.121,0.4,0.383,0.99
487,2,1.0,1.0,0.91,0.16,-0.172,-0.01,0.09,0.98
488,5,0.59,0.707,0.9,0.433,0.828,0.263,0.08,0.687
489,5,0.18,0.414,0.89,0.706,1.0,0.536,0.07,0.394
490,,0.17,0.404,0.88,0.696,0.99,0.526,0.06,0.384
491,,0.16,0.394,0.87,0.686,0.98,0.516,0.05,0.374
492,,0.15,0.384,0.86,0.676,0.97,0.506,0.04,0.364
493,,0.14,0.374,0.85,0.666,0.96,0.496,0.03,0.354
494,,0.13,0.364,0.84,0.656,0.95,0.486,0.02,0.344
495,,0.12,0.354,0.83,0.646,0.94,0.476,0.01,0.334
496,,0.11,0.344,0.82,0.636,0.93,0.466,0.0,0.324
497,,0.1,0.334,0.81,0.626,0.92,0.456,-0.01,0.314
498,7,0.09,0.041,0.4,0.333,0.91,0.729,0.99,0.587
499,7,0.08,-0.252,-0.01,0.04,0.9,1.0,1.0,0.86
