step,active_motive,motive_1,motive_2,motive_3,motive_4,motive_5,motive_6,motive_7,motive_8
0,,0.05529,0.05927,0.00809,0.03697,0.02422,0.08031,0.04703,0.09834
1,,0.04529,0.04927,-0.00191,0.02697,0.01422,0.07031,0.03703,0.08834
2,3,0.03529,0.32227,0.99809,0.29997,0.00422,-0.22269,-0.37297,-0.20466
3,3,0.02529,0.59527,1.0,0.57297,-0.00578,-0.51569,-0.78297,-0.49766
4,7,0.01529,0.30227,0.59,0.27997,-0.01578,-0.24269,0.21703,-0.22466
5,7,0.00529,0.00927,0.18,-0.01303,-0.02578,0.03031,1.0,0.04834
6,5,-0.40471,-0.28373,0.17,0.25997,0.97422,0.30331,0.99,-0.24466
7,5,-0.81471,-0.57673,0.16,0.53297,1.0,0.57631,0.98,-0.53766
8,1,0.18529,-0.30373,0.15,0.23997,0.59,0.28331,0.97,-0.26466
9,1,1.0,-0.03073,0.14,-0.05303,0.18,-0.00969,0.96,0.00834
10,4,0.707,-0.04073,0.413,0.94697,0.453,-0.01969,0.667,-0.40166
11,4,0.414,-0.05073,0.686,1.0,0.726,-0.02969,0.374,-0.81166
12,8,0.687,-0.06073,0.393,0.59,0.433,-0.03969,0.647,0.18834
13,8,0.96,-0.07073,0.1,0.18,0.14,-0.04969,0.92,1.0
14,2,1.0,0.92927,0.373,0.17,-0.153,-0.45969,0.627,0.99
15,2,1.0,1.0,0.646,0.16,-0.446,-0.86969,0.334,0.98
16,6,0.707,0.59,0.353,0.15,-0.173,0.13031,0.607,0.97
17,6,0.414,0.18,0.06,0.14,0.1,1.0,0.88,0.96
18,,0.404,0.17,0.05,0.13,0.09,0.99,0.87,0.95
19,,0.394,0.16,0.04,0.12,0.08,0.98,0.86,0.94
20,,0.384,0.15,0.03,0.11,0.07,0.97,0.85,0.93
21,,0.374,0.14,0.02,0.1,0.06,0.96,0.84,0.92
22,,0.364,0.13,0.01,0.09,0.05,0.95,0.83,0.91
23,,0.354,0.12,0.0,0.08,0.04,0.94,0.82,0.9
24,,0.344,0.11,-0.01,0.07,0.03,0.93,0.81,0.89
25,3,0.334,0.383,0.99,0.343,0.02,0.637,0.4,0.597
26,3,0.324,0.656,1.0,0.616,0.01,0.344,-0.01,0.304
27,7,0.314,0.363,0.59,0.323,0.0,0.617,0.99,0.577
28,7,0.304,0.07,0.18,0.03,-0.01,0.89,1.0,0.85
29,5,-0.106,-0.223,0.17,0.303,0.99,1.0,0.99,0.557
30,5,-0.516,-0.516,0.16,0.576,1.0,1.0,0.98,0.264
31,2,-0.243,0.484,0.433,0.566,0.707,0.59,0.687,0.254
32,2,0.03,1.0,0.706,0.556,0.414,0.18,0.394,0.244
33,,0.02,0.99,0.696,0.546,0.404,0.17,0.384,0.234
34,,0.01,0.98,0.686,0.536,0.394,0.16,0.374,0.224
35,,0.0,0.97,0.676,0.526,0.384,0.15,0.364,0.214
36,,-0.01,0.96,0.666,0.516,0.374,0.14,0.354,0.204
37,1,0.99,1.0,0.656,0.223,-0.036,-0.153,0.344,0.477
38,1,1.0,1.0,0.646,-0.07,-0.446,-0.446,0.334,0.75
39,5,0.59,0.707,0.636,0.203,0.554,-0.173,0.324,0.457
40,5,0.18,0.414,0.626,0.476,1.0,0.1,0.314,0.164
41,,0.17,0.404,0.616,0.466,0.99,0.09,0.304,0.154
42,,0.16,0.394,0.606,0.456,0.98,0.08,0.294,0.144
43,,0.15,0.384,0.596,0.446,0.97,0.07,0.284,0.134
44,,0.14,0.374,0.586,0.436,0.96,0.06,0.274,0.124
45,,0.13,0.364,0.576,0.426,0.95,0.05,0.264,0.114
46,,0.12,0.354,0.566,0.416,0.94,0.04,0.254,0.104
47,,0.11,0.344,0.556,0.406,0.93,0.03,0.244,0.094
48,,0.1,0.334,0.546,0.396,0.92,0.02,0.234,0.084
49,,0.09,0.324,0.536,0.386,0.91,0.01,0.224,0.074
50,,0.08,0.314,0.526,0.376,0.9,0.0,0.214,0.064
51,,0.07,0.304,0.516,0.366,0.89,-0.01,0.204,0.054
52,6,-0.223,-0.106,0.223,0.356,1.0,0.99,0.477,0.044
53,6,-0.516,-0.516,-0.07,0.346,1.0,1.0,0.75,0.034
54,1,0.484,-0.243,-0.08,0.053,0.59,0.707,0.74,0.307
55,1,1.0,0.03,-0.09,-0.24,0.18,0.414,0.73,0.58
56,4,0.707,0.02,0.183,0.76,0.453,0.404,0.437,0.17
57,4,0.414,0.01,0.456,1.0,0.726,0.394,0.144,-0.24
58,8,0.687,0.0,0.163,0.59,0.433,0.384,0.417,0.76
59,8,0.96,-0.01,-0.13,0.18,0.14,0.374,0.69,1.0
60,3,0.95,0.263,0.87,0.453,0.13,0.081,0.28,0.707
61,3,0.94,0.536,1.0,0.726,0.12,-0.212,-0.13,0.414
62,6,0.647,0.126,0.707,0.716,0.393,0.788,0.143,0.404
63,6,0.354,-0.284,0.414,0.706,0.666,1.0,0.416,0.394
64,2,0.627,0.716,0.687,0.696,0.373,0.59,0.123,0.384
65,2,0.9,1.0,0.96,0.686,0.08,0.18,-0.17,0.374
66,7,0.89,0.707,0.55,0.393,0.07,0.453,0.83,0.647
67,7,0.88,0.414,0.14,0.1,0.06,0.726,1.0,0.92
68,,0.87,0.404,0.13,0.09,0.05,0.716,0.99,0.91
69,,0.86,0.394,0.12,0.08,0.04,0.706,0.98,0.9
70,,0.85,0.384,0.11,0.07,0.03,0.696,0.97,0.89
71,,0.84,0.374,0.1,0.06,0.02,0.686,0.96,0.88
72,,0.83,0.364,0.09,0.05,0.01,0.676,0.95,0.87
73,,0.82,0.354,0.08,0.04,0.0,0.666,0.94,0.86
74,,0.81,0.344,0.07,0.03,-0.01,0.656,0.93,0.85
75,5,0.4,0.051,0.06,0.303,0.99,0.929,0.92,0.557
76,5,-0.01,-0.242,0.05,0.576,1.0,1.0,0.91,0.264
77,2,0.263,0.758,0.323,0.566,0.707,0.59,0.617,0.254
78,2,0.536,1.0,0.596,0.556,0.414,0.18,0.324,0.244
79,,0.526,0.99,0.586,0.546,0.404,0.17,0.314,0.234
80,,0.516,0.98,0.576,0.536,0.394,0.16,0.304,0.224
81,,0.506,0.97,0.566,0.526,0.384,0.15,0.294,0.214
82,,0.496,0.96,0.556,0.516,0.374,0.14,0.284,0.204
83,,0.486,0.95,0.546,0.506,0.364,0.13,0.274,0.194
84,,0.476,0.94,0.536,0.496,0.354,0.12,0.264,0.184
85,,0.466,0.93,0.526,0.486,0.344,0.11,0.254,0.174
86,,0.456,0.92,0.516,0.476,0.334,0.1,0.244,0.164
87,,0.446,0.91,0.506,0.466,0.324,0.09,0.234,0.154
88,,0.436,0.9,0.496,0.456,0.314,0.08,0.224,0.144
89,,0.426,0.89,0.486,0.446,0.304,0.07,0.214,0.134
90,,0.416,0.88,0.476,0.436,0.294,0.06,0.204,0.124
91,,0.406,0.87,0.466,0.426,0.284,0.05,0.194,0.114
92,,0.396,0.86,0.456,0.416,0.274,0.04,0.184,0.104
93,,0.386,0.85,0.446,0.406,0.264,0.03,0.174,0.094
94,,0.376,0.84,0.436,0.396,0.254,0.02,0.164,0.084
95,,0.366,0.83,0.426,0.386,0.244,0.01,0.154,0.074
96,,0.356,0.82,0.416,0.376,0.234,0.0,0.144,0.064
97,,0.346,0.81,0.406,0.366,0.224,-0.01,0.134,0.054
98,6,0.053,0.4,0.113,0.356,0.497,0.99,0.407,0.044
99,6,-0.24,-0.01,-0.18,0.346,0.77,1.0,0.68,0.034
100,1,0.76,0.263,-0.19,0.053,0.36,0.707,0.67,0.307
101,1,1.0,0.536,-0.2,-0.24,-0.05,0.414,0.66,0.58
102,4,0.707,0.526,0.073,0.76,0.223,0.404,0.367,0.17
103,4,0.414,0.516,0.346,1.0,0.496,0.394,0.074,-0.24
104,8,0.687,0.506,0.053,0.59,0.203,0.384,0.347,0.76
105,8,0.96,0.496,-0.24,0.18,-0.09,0.374,0.62,1.0
106,3,0.95,0.769,0.76,0.453,-0.1,0.081,0.21,0.707
107,3,0.94,1.0,1.0,0.726,-0.11,-0.212,-0.2,0.414
108,6,0.647,0.59,0.707,0.716,0.163,0.788,0.073,0.404
109,6,0.354,0.18,0.414,0.706,0.436,1.0,0.346,0.394
110,,0.344,0.17,0.404,0.696,0.426,0.99,0.336,0.384
111,,0.334,0.16,0.394,0.686,0.416,0.98,0.326,0.374
112,,0.324,0.15,0.384,0.676,0.406,0.97,0.316,0.364
113,,0.314,0.14,0.374,0.666,0.396,0.96,0.306,0.354
114,,0.304,0.13,0.364,0.656,0.386,0.95,0.296,0.344
115,,0.294,0.12,0.354,0.646,0.376,0.94,0.286,0.334
116,,0.284,0.11,0.344,0.636,0.366,0.93,0.276,0.324
117,,0.274,0.1,0.334,0.626,0.356,0.92,0.266,0.314
118,,0.264,0.09,0.324,0.616,0.346,0.91,0.256,0.304
119,,0.254,0.08,0.314,0.606,0.336,0.9,0.246,0.294
120,,0.244,0.07,0.304,0.596,0.326,0.89,0.236,0.284
121,,0.234,0.06,0.294,0.586,0.316,0.88,0.226,0.274
122,,0.224,0.05,0.284,0.576,0.306,0.87,0.216,0.264
123,,0.214,0.04,0.274,0.566,0.296,0.86,0.206,0.254
124,,0.204,0.03,0.264,0.556,0.286,0.85,0.196,0.244
125,,0.194,0.02,0.254,0.546,0.276,0.84,0.186,0.234
126,,0.184,0.01,0.244,0.536,0.266,0.83,0.176,0.224
127,,0.174,0.0,0.234,0.526,0.256,0.82,0.166,0.214
128,,0.164,-0.01,0.224,0.516,0.246,0.81,0.156,0.204
129,2,0.437,0.99,0.497,0.506,-0.047,0.4,-0.137,0.194
130,2,0.71,1.0,0.77,0.496,-0.34,-0.01,-0.43,0.184
131,7,0.7,0.707,0.36,0.203,-0.35,0.263,0.57,0.457
132,7,0.69,0.414,-0.05,-0.09,-0.36,0.536,1.0,0.73
133,5,0.28,0.121,-0.06,0.183,0.64,0.809,0.99,0.437
134,5,-0.13,-0.172,-0.07,0.456,1.0,1.0,0.98,0.144
135,2,0.143,0.828,0.203,0.446,0.707,0.59,0.687,0.134
136,2,0.416,1.0,0.476,0.436,0.414,0.18,0.394,0.124
137,,0.406,0.99,0.466,0.426,0.404,0.17,0.384,0.114
138,,0.396,0.98,0.456,0.416,0.394,0.16,0.374,0.104
139,,0.386,0.97,0.446,0.406,0.384,0.15,0.364,0.094
140,,0.376,0.96,0.436,0.396,0.374,0.14,0.354,0.084
141,,0.366,0.95,0.426,0.386,0.364,0.13,0.344,0.074
142,,0.356,0.94,0.416,0.376,0.354,0.12,0.334,0.064
143,,0.346,0.93,0.406,0.366,0.344,0.11,0.324,0.054
144,,0.336,0.92,0.396,0.356,0.334,0.1,0.314,0.044
145,,0.326,0.91,0.386,0.346,0.324,0.09,0.304,0.034
146,,0.316,0.9,0.376,0.336,0.314,0.08,0.294,0.024
147,,0.306,0.89,0.366,0.326,0.304,0.07,0.284,0.014
148,,0.296,0.88,0.356,0.316,0.294,0.06,0.274,0.004
149,,0.286,0.87,0.346,0.306,0.284,0.05,0.264,-0.006
150,8,0.559,0.86,0.053,-0.104,-0.009,0.04,0.537,0.994
151,8,0.832,0.85,-0.24,-0.514,-0.302,0.03,0.81,1.0
152,4,0.539,0.84,0.033,0.486,-0.029,0.02,0.517,0.59
153,4,0.246,0.83,0.306,1.0,0.244,0.01,0.224,0.18
154,,0.236,0.82,0.296,0.99,0.234,0.0,0.214,0.17
155,,0.226,0.81,0.286,0.98,0.224,-0.01,0.204,0.16
156,6,-0.067,0.4,-0.007,0.97,0.497,0.99,0.477,0.15
157,6,-0.36,-0.01,-0.3,0.96,0.77,1.0,0.75,0.14
158,1,0.64,0.263,-0.31,0.667,0.36,0.707,0.74,0.413
159,1,1.0,0.536,-0.32,0.374,-0.05,0.414,0.73,0.686
160,3,0.99,0.809,0.68,0.647,-0.06,0.121,0.32,0.393
161,3,0.98,1.0,1.0,0.92,-0.07,-0.172,-0.09,0.1
162,6,0.687,0.59,0.707,0.91,0.203,0.828,0.183,0.09
163,6,0.394,0.18,0.414,0.9,0.476,1.0,0.456,0.08
164,,0.384,0.17,0.404,0.89,0.466,0.99,0.446,0.07
165,,0.374,0.16,0.394,0.88,0.456,0.98,0.436,0.06
166,,0.364,0.15,0.384,0.87,0.446,0.97,0.426,0.05
167,,0.354,0.14,0.374,0.86,0.436,0.96,0.416,0.04
168,,0.344,0.13,0.364,0.85,0.426,0.95,0.406,0.03
169,,0.334,0.12,0.354,0.84,0.416,0.94,0.396,0.02
170,,0.324,0.11,0.344,0.83,0.406,0.93,0.386,0.01
171,,0.314,0.1,0.334,0.82,0.396,0.92,0.376,0.0
172,,0.304,0.09,0.324,0.81,0.386,0.91,0.366,-0.01
173,8,0.577,0.08,0.031,0.4,0.093,0.9,0.639,0.99
174,8,0.85,0.07,-0.262,-0.01,-0.2,0.89,0.912,1.0
175,3,0.84,0.343,0.738,0.263,-0.21,0.597,0.502,0.707
176,3,0.83,0.616,1.0,0.536,-0.22,0.304,0.092,0.414
177,5,0.42,0.323,0.99,0.809,0.78,0.577,0.082,0.121
178,5,0.01,0.03,0.98,1.0,1.0,0.85,0.072,-0.172
179,8,0.283,0.02,0.687,0.59,0.707,0.84,0.345,0.828
180,8,0.556,0.01,0.394,0.18,0.414,0.83,0.618,1.0
181,,0.546,0.0,0.384,0.17,0.404,0.82,0.608,0.99
182,,0.536,-0.01,0.374,0.16,0.394,0.81,0.598,0.98
183,2,0.809,0.99,0.647,0.15,0.101,0.4,0.305,0.97
184,2,1.0,1.0,0.92,0.14,-0.192,-0.01,0.012,0.96
185,5,0.59,0.707,0.91,0.413,0.808,0.263,0.002,0.667
186,5,0.18,0.414,0.9,0.686,1.0,0.536,-0.008,0.374
187,7,0.17,0.121,0.49,0.393,0.99,0.809,0.992,0.647
188,7,0.16,-0.172,0.08,0.1,0.98,1.0,1.0,0.92
189,2,0.433,0.828,0.353,0.09,0.687,0.59,0.707,0.91
190,2,0.706,1.0,0.626,0.08,0.394,0.18,0.414,0.9
191,,0.696,0.99,0.616,0.07,0.384,0.17,0.404,0.89
192,,0.686,0.98,0.606,0.06,0.374,0.16,0.394,0.88
193,,0.676,0.97,0.596,0.05,0.364,0.15,0.384,0.87
194,,0.666,0.96,0.586,0.04,0.354,0.14,0.374,0.86
195,,0.656,0.95,0.576,0.03,0.344,0.13,0.364,0.85
196,,0.646,0.94,0.566,0.02,0.334,0.12,0.354,0.84
197,,0.636,0.93,0.556,0.01,0.324,0.11,0.344,0.83
198,,0.626,0.92,0.546,0.0,0.314,0.1,0.334,0.82
199,,0.616,0.91,0.536,-0.01,0.304,0.09,0.324,0.81
200,4,0.323,0.9,0.809,0.99,0.577,0.08,0.031,0.4
201,4,0.03,0.89,1.0,1.0,0.85,0.07,-0.262,-0.01
202,7,0.02,0.597,0.59,0.707,0.84,0.343,0.738,0.263
203,7,0.01,0.304,0.18,0.414,0.83,0.616,1.0,0.536
204,,0.0,0.294,0.17,0.404,0.82,0.606,0.99,0.526
205,,-0.01,0.284,0.16,0.394,0.81,0.596,0.98,0.516
206,1,0.99,0.557,0.15,0.101,0.4,0.303,0.97,0.789
207,1,1.0,0.83,0.14,-0.192,-0.01,0.01,0.96,1.0
208,4,0.707,0.82,0.413,0.808,0.263,0.0,0.667,0.59
209,4,0.414,0.81,0.686,1.0,0.536,-0.01,0.374,0.18
210,6,0.121,0.4,0.393,0.99,0.809,0.99,0.647,0.17
211,6,-0.172,-0.01,0.1,0.98,1.0,1.0,0.92,0.16
212,1,0.828,0.263,0.09,0.687,0.59,0.707,0.91,0.433
213,1,1.0,0.536,0.08,0.394,0.18,0.414,0.9,0.706
214,,0.99,0.526,0.07,0.384,0.17,0.404,0.89,0.696
215,,0.98,0.516,0.06,0.374,0.16,0.394,0.88,0.686
216,,0.97,0.506,0.05,0.364,0.15,0.384,0.87,0.676
217,,0.96,0.496,0.04,0.354,0.14,0.374,0.86,0.666
218,,0.95,0.486,0.03,0.344,0.13,0.364,0.85,0.656
219,,0.94,0.476,0.02,0.334,0.12,0.354,0.84,0.646
220,,0.93,0.466,0.01,0.324,0.11,0.344,0.83,0.636
221,,0.92,0.456,0.0,0.314,0.1,0.334,0.82,0.626
222,,0.91,0.446,-0.01,0.304,0.09,0.324,0.81,0.616
223,3,0.9,0.719,0.99,0.577,0.08,0.031,0.4,0.323
224,3,0.89,0.992,1.0,0.85,0.07,-0.262,-0.01,0.03
225,6,0.597,0.582,0.707,0.84,0.343,0.738,0.263,0.02
226,6,0.304,0.172,0.414,0.83,0.616,1.0,0.536,0.01
227,,0.294,0.162,0.404,0.82,0.606,0.99,0.526,0.0
228,,0.284,0.152,0.394,0.81,0.596,0.98,0.516,-0.01
229,8,0.557,0.142,0.101,0.4,0.303,0.97,0.789,0.99
230,8,0.83,0.132,-0.192,-0.01,0.01,0.96,1.0,1.0
231,3,0.82,0.405,0.808,0.263,0.0,0.667,0.59,0.707
232,3,0.81,0.678,1.0,0.536,-0.01,0.374,0.18,0.414
233,5,0.4,0.385,0.99,0.809,0.99,0.647,0.17,0.121
234,5,-0.01,0.092,0.98,1.0,1.0,0.92,0.16,-0.172
235,8,0.263,0.082,0.687,0.59,0.707,0.91,0.433,0.828
236,8,0.536,0.072,0.394,0.18,0.414,0.9,0.706,1.0
237,,0.526,0.062,0.384,0.17,0.404,0.89,0.696,0.99
238,,0.516,0.052,0.374,0.16,0.394,0.88,0.686,0.98
239,,0.506,0.042,0.364,0.15,0.384,0.87,0.676,0.97
240,,0.496,0.032,0.354,0.14,0.374,0.86,0.666,0.96
241,,0.486,0.022,0.344,0.13,0.364,0.85,0.656,0.95
242,,0.476,0.012,0.334,0.12,0.354,0.84,0.646,0.94
243,,0.466,0.002,0.324,0.11,0.344,0.83,0.636,0.93
244,,0.456,-0.008,0.314,0.1,0.334,0.82,0.626,0.92
245,2,0.729,0.992,0.587,0.09,0.041,0.41,0.333,0.91
246,2,1.0,1.0,0.86,0.08,-0.252,-0.0,0.04,0.9
247,5,0.59,0.707,0.85,0.353,0.748,0.273,0.03,0.607
248,5,0.18,0.414,0.84,0.626,1.0,0.546,0.02,0.314
249,,0.17,0.404,0.83,0.616,0.99,0.536,0.01,0.304
250,,0.16,0.394,0.82,0.606,0.98,0.526,0.0,0.294
251,,0.15,0.384,0.81,0.596,0.97,0.516,-0.01,0.284
252,7,0.14,0.091,0.4,0.303,0.96,0.789,0.99,0.557
253,7,0.13,-0.202,-0.01,0.01,0.95,1.0,1.0,0.83
254,2,0.403,0.798,0.263,0.0,0.657,0.59,0.707,0.82
255,2,0.676,1.0,0.536,-0.01,0.364,0.18,0.414,0.81
256,4,0.383,0.99,0.809,0.99,0.637,0.17,0.121,0.4
257,4,0.09,0.98,1.0,1.0,0.91,0.16,-0.172,-0.01
258,7,0.08,0.687,0.59,0.707,0.9,0.433,0.828,0.263
259,7,0.07,0.394,0.18,0.414,0.89,0.706,1.0,0.536
260,,0.06,0.384,0.17,0.404,0.88,0.696,0.99,0.526
261,,0.05,0.374,0.16,0.394,0.87,0.686,0.98,0.516
262,,0.04,0.364,0.15,0.384,0.86,0.676,0.97,0.506
263,,0.03,0.354,0.14,0.374,0.85,0.666,0.96,0.496
264,,0.02,0.344,0.13,0.364,0.84,0.656,0.95,0.486
265,,0.01,0.334,0.12,0.354,0.83,0.646,0.94,0.476
266,,0.0,0.324,0.11,0.344,0.82,0.636,0.93,0.466
267,,-0.01,0.314,0.1,0.334,0.81,0.626,0.92,0.456
268,1,0.99,0.587,0.09,0.041,0.4,0.333,0.91,0.729
269,1,1.0,0.86,0.08,-0.252,-0.01,0.04,0.9,1.0
270,4,0.707,0.85,0.353,0.748,0.263,0.03,0.607,0.59
271,4,0.414,0.84,0.626,1.0,0.536,0.02,0.314,0.18
272,,0.404,0.83,0.616,0.99,0.526,0.01,0.304,0.17
273,,0.394,0.82,0.606,0.98,0.516,0.0,0.294,0.16
274,,0.384,0.81,0.596,0.97,0.506,-0.01,0.284,0.15
275,6,0.091,0.4,0.303,0.96,0.779,0.99,0.557,0.14
276,6,-0.202,-0.01,0.01,0.95,1.0,1.0,0.83,0.13
277,1,0.798,0.263,0.0,0.657,0.59,0.707,0.82,0.403
278,1,1.0,0.536,-0.01,0.364,0.18,0.414,0.81,0.676
279,3,0.99,0.809,0.99,0.637,0.17,0.121,0.4,0.383
280,3,0.98,1.0,1.0,0.91,0.16,-0.172,-0.01,0.09
281,6,0.687,0.59,0.707,0.9,0.433,0.828,0.263,0.08
282,6,0.394,0.18,0.414,0.89,0.706,1.0,0.536,0.07
283,,0.384,0.17,0.404,0.88,0.696,0.99,0.526,0.06
284,,0.374,0.16,0.394,0.87,0.686,0.98,0.516,0.05
285,,0.364,0.15,0.384,0.86,0.676,0.97,0.506,0.04
286,,0.354,0.14,0.374,0.85,0.666,0.96,0.496,0.03
287,,0.344,0.13,0.364,0.84,0.656,0.95,0.486,0.02
288,,0.334,0.12,0.354,0.83,0.646,0.94,0.476,0.01
289,,0.324,0.11,0.344,0.82,0.636,0.93,0.466,0.0
290,,0.314,0.1,0.334,0.81,0.626,0.92,0.456,-0.01
291,8,0.587,0.09,0.041,0.4,0.333,0.91,0.729,0.99
292,8,0.86,0.08,-0.252,-0.01,0.04,0.9,1.0,1.0
293,3,0.85,0.353,0.748,0.263,0.03,0.607,0.59,0.707
294,3,0.84,0.626,1.0,0.536,0.02,0.314,0.18,0.414
295,,0.83,0.616,0.99,0.526,0.01,0.304,0.17,0.404
296,,0.82,0.606,0.98,0.516,0.0,0.294,0.16,0.394
297,,0.81,0.596,0.97,0.506,-0.01,0.284,0.15,0.384
298,5,0.4,0.303,0.96,0.779,0.99,0.557,0.14,0.091
299,5,-0.01,0.01,0.95,1.0,1.0,0.83,0.13,-0.202
300,8,0.263,0.0,0.657,0.59,0.707,0.82,0.403,0.798
301,8,0.536,-0.01,0.364,0.18,0.414,0.81,0.676,1.0
302,2,0.809,0.99,0.637,0.17,0.121,0.4,0.383,0.99
303,2,1.0,1.0,0.91,0.16,-0.172,-0.01,0.09,0.98
304,5,0.59,0.707,0.9,0.433,0.828,0.263,0.08,0.687
305,5,0.18,0.414,0.89,0.706,1.0,0.536,0.07,0.394
306,,0.17,0.404,0.88,0.696,0.99,0.526,0.06,0.384
307,,0.16,0.394,0.87,0.686,0.98,0.516,0.05,0.374
308,,0.15,0.384,0.86,0.676,0.97,0.506,0.04,0.364
309,,0.14,0.374,0.85,0.666,0.96,0.496,0.03,0.354
310,,0.13,0.364,0.84,0.656,0.95,0.486,0.02,0.344
311,,0.12,0.354,0.83,0.646,0.94,0.476,0.01,0.334
312,,0.11,0.344,0.82,0.636,0.93,0.466,0.0,0.324
313,,0.1,0.334,0.81,0.626,0.92,0.456,-0.01,0.314
314,7,0.09,0.041,0.4,0.333,0.91,0.729,0.99,0.587
315,7,0.08,-0.252,-0.01,0.04,0.9,1.0,1.0,0.86
316,2,0.353,0.748,0.263,0.03,0.607,0.59,0.707,0.85
317,2,0.626,1.0,0.536,0.02,0.314,0.18,0.414,0.84
318,,0.616,0.99,0.526,0.01,0.304,0.17,0.404,0.83
319,,0.606,0.98,0.516,0.0,0.294,0.16,0.394,0.82
320,,0.596,0.97,0.506,-0.01,0.284,0.15,0.384,0.81
321,4,0.303,0.96,0.779,0.99,0.557,0.14,0.091,0.4
322,4,0.01,0.95,1.0,1.0,0.83,0.13,-0.202,-0.01
323,7,0.0,0.657,0.59,0.707,0.82,0.403,0.798,0.263
324,7,-0.01,0.364,0.18,0.414,0.81,0.676,1.0,0.536
325,1,0.99,0.637,0.17,0.121,0.4,0.383,0.99,0.809
326,1,1.0,0.91,0.16,-0.172,-0.01,0.09,0.98,1.0
327,4,0.707,0.9,0.433,0.828,0.263,0.08,0.687,0.59
328,4,0.414,0.89,0.706,1.0,0.536,0.07,0.394,0.18
329,,0.404,0.88,0.696,0.99,0.526,0.06,0.384,0.17
330,,0.394,0.87,0.686,0.98,0.516,0.05,0.374,0.16
331,,0.384,0.86,0.676,0.97,0.506,0.04,0.364,0.15
332,,0.374,0.85,0.666,0.96,0.496,0.03,0.354,0.14
333,,0.364,0.84,0.656,0.95,0.486,0.02,0.344,0.13
334,,0.354,0.83,0.646,0.94,0.476,0.01,0.334,0.12
335,,0.344,0.82,0.636,0.93,0.466,0.0,0.324,0.11
336,,0.334,0.81,0.626,0.92,0.456,-0.01,0.314,0.1
337,6,0.041,0.4,0.333,0.91,0.729,0.99,0.587,0.09
338,6,-0.252,-0.01,0.04,0.9,1.0,1.0,0.86,0.08
339,1,0.748,0.263,0.03,0.607,0.59,0.707,0.85,0.353
340,1,1.0,0.536,0.02,0.314,0.18,0.414,0.84,0.626
341,,0.99,0.526,0.01,0.304,0.17,0.404,0.83,0.616
342,,0.98,0.516,0.0,0.294,0.16,0.394,0.82,0.606
343,,0.97,0.506,-0.01,0.284,0.15,0.384,0.81,0.596
344,3,0.96,0.779,0.99,0.557,0.14,0.091,0.4,0.303
345,3,0.95,1.0,1.0,0.83,0.13,-0.202,-0.01,0.01
346,6,0.657,0.59,0.707,0.82,0.403,0.798,0.263,0.0
347,6,0.364,0.18,0.414,0.81,0.676,1.0,0.536,-0.01
348,8,0.637,0.17,0.121,0.4,0.383,0.99,0.809,0.99
349,8,0.91,0.16,-0.172,-0.01,0.09,0.98,1.0,1.0
350,3,0.9,0.433,0.828,0.263,0.08,0.687,0.59,0.707
351,3,0.89,0.706,1.0,0.536,0.07,0.394,0.18,0.414
352,,0.88,0.696,0.99,0.526,0.06,0.384,0.17,0.404
353,,0.87,0.686,0.98,0.516,0.05,0.374,0.16,0.394
354,,0.86,0.676,0.97,0.506,0.04,0.364,0.15,0.384
355,,0.85,0.666,0.96,0.496,0.03,0.354,0.14,0.374
356,,0.84,0.656,0.95,0.486,0.02,0.344,0.13,0.364
357,,0.83,0.646,0.94,0.476,0.01,0.334,0.12,0.354
358,,0.82,0.636,0.93,0.466,0.0,0.324,0.11,0.344
359,,0.81,0.626,0.92,0.456,-0.01,0.314,0.1,0.334
360,5,0.4,0.333,0.91,0.729,0.99,0.587,0.09,0.041
361,5,-0.01,0.04,0.9,1.0,1.0,0.86,0.08,-0.252
362,8,0.263,0.03,0.607,0.59,0.707,0.85,0.353,0.748
363,8,0.536,0.02,0.314,0.18,0.414,0.84,0.626,1.0
364,,0.526,0.01,0.304,0.17,0.404,0.83,0.616,0.99
365,,0.516,0.0,0.294,0.16,0.394,0.82,0.606,0.98
366,,0.506,-0.01,0.284,0.15,0.384,0.81,0.596,0.97
367,2,0.779,0.99,0.557,0.14,0.091,0.4,0.303,0.96
368,2,1.0,1.0,0.83,0.13,-0.202,-0.01,0.01,0.95
369,5,0.59,0.707,0.82,0.403,0.798,0.263,0.0,0.657
370,5,0.18,0.414,0.81,0.676,1.0,0.536,-0.01,0.364
371,7,0.17,0.121,0.4,0.383,0.99,0.809,0.99,0.637
372,7,0.16,-0.172,-0.01,0.09,0.98,1.0,1.0,0.91
373,2,0.433,0.828,0.263,0.08,0.687,0.59,0.707,0.9
374,2,0.706,1.0,0.536,0.07,0.394,0.18,0.414,0.89
375,,0.696,0.99,0.526,0.06,0.384,0.17,0.404,0.88
376,,0.686,0.98,0.516,0.05,0.374,0.16,0.394,0.87
377,,0.676,0.97,0.506,0.04,0.364,0.15,0.384,0.86
378,,0.666,0.96,0.496,0.03,0.354,0.14,0.374,0.85
379,,0.656,0.95,0.486,0.02,0.344,0.13,0.364,0.84
380,,0.646,0.94,0.476,0.01,0.334,0.12,0.354,0.83
381,,0.636,0.93,0.466,0.0,0.324,0.11,0.344,0.82
382,,0.626,0.92,0.456,-0.01,0.314,0.1,0.334,0.81
383,4,0.333,0.91,0.729,0.99,0.587,0.09,0.041,0.4
384,4,0.04,0.9,1.0,1.0,0.86,0.08,-0.252,-0.01
385,7,0.03,0.607,0.59,0.707,0.85,0.353,0.748,0.263
386,7,0.02,0.314,0.18,0.414,0.84,0.626,1.0,0.536
387,,0.01,0.304,0.17,0.404,0.83,0.616,0.99,0.526
388,,0.0,0.294,0.16,0.394,0.82,0.606,0.98,0.516
389,,-0.01,0.284,0.15,0.384,0.81,0.596,0.97,0.506
390,1,0.99,0.557,0.14,0.091,0.4,0.303,0.96,0.779
391,1,1.0,0.83,0.13,-0.202,-0.01,0.01,0.95,1.0
392,4,0.707,0.82,0.403,0.798,0.263,0.0,0.657,0.59
393,4,0.414,0.81,0.676,1.0,0.536,-0.01,0.364,0.18
394,6,0.121,0.4,0.383,0.99,0.809,0.99,0.637,0.17
395,6,-0.172,-0.01,0.09,0.98,1.0,1.0,0.91,0.16
396,1,0.828,0.263,0.08,0.687,0.59,0.707,0.9,0.433
397,1,1.0,0.536,0.07,0.394,0.18,0.414,0.89,0.706
398,,0.99,0.526,0.06,0.384,0.17,0.404,0.88,0.696
399,,0.98,0.516,0.05,0.374,0.16,0.394,0.87,0.686
400,,0.97,0.506,0.04,0.364,0.15,0.384,0.86,0.676
401,,0.96,0.496,0.03,0.354,0.14,0.374,0.85,0.666
402,,0.95,0.486,0.02,0.344,0.13,0.364,0.84,0.656
403,,0.94,0.476,0.01,0.334,0.12,0.354,0.83,0.646
404,,0.93,0.466,0.0,0.324,0.11,0.344,0.82,0.636
405,,0.92,0.456,-0.01,0.314,0.1,0.334,0.81,0.626
406,3,0.91,0.729,0.99,0.587,0.09,0.041,0.4,0.333
407,3,0.9,1.0,1.0,0.86,0.08,-0.252,-0.01,0.04
408,6,0.607,0.59,0.707,0.85,0.353,0.748,0.263,0.03
409,6,0.314,0.18,0.414,0.84,0.626,1.0,0.536,0.02
410,,0.304,0.17,0.404,0.83,0.616,0.99,0.526,0.01
411,,0.294,0.16,0.394,0.82,0.606,0.98,0.516,0.0
412,,0.284,0.15,0.384,0.81,0.596,0.97,0.506,-0.01
413,8,0.557,0.14,0.091,0.4,0.303,0.96,0.779,0.99
414,8,0.83,0.13,-0.202,-0.01,0.01,0.95,1.0,1.0
415,3,0.82,0.403,0.798,0.263,0.0,0.657,0.59,0.707
416,3,0.81,0.676,1.0,0.536,-0.01,0.364,0.18,0.414
417,5,0.4,0.383,0.99,0.809,0.99,0.637,0.17,0.121
418,5,-0.01,0.09,0.98,1.0,1.0,0.91,0.16,-0.172
419,8,0.263,0.08,0.687,0.59,0.707,0.9,0.433,0.828
420,8,0.536,0.07,0.394,0.18,0.414,0.89,0.706,1.0
421,,0.526,0.06,0.384,0.17,0.404,0.88,0.696,0.99
422,,0.516,0.05,0.374,0.16,0.394,0.87,0.686,0.98
423,,0.506,0.04,0.364,0.15,0.384,0.86,0.676,0.97
424,,0.496,0.03,0.354,0.14,0.374,0.85,0.666,0.96
425,,0.486,0.02,0.344,0.13,0.364,0.84,0.656,0.95
426,,0.476,0.01,0.334,0.12,0.354,0.83,0.646,0.94
427,,0.466,0.0,0.324,0.11,0.344,0.82,0.636,0.93
428,,0.456,-0.01,0.314,0.1,0.334,0.81,0.626,0.92
429,2,0.729,0.99,0.587,0.09,0.041,0.4,0.333,0.91
430,2,1.0,1.0,0.86,0.08,-0.252,-0.01,0.04,0.9
431,5,0.59,0.707,0.85,0.353,0.748,0.263,0.03,0.607
432,5,0.18,0.414,0.84,0.626,1.0,0.536,0.02,0.314
433,,0.17,0.404,0.83,0.616,0.99,0.526,0.01,0.304
434,,0.16,0.394,0.82,0.606,0.98,0.516,0.0,0.294
435,,0.15,0.384,0.81,0.596,0.97,0.506,-0.01,0.284
436,7,0.14,0.091,0.4,0.303,0.96,0.779,0.99,0.557
437,7,0.13,-0.202,-0.01,0.01,0.95,1.0,1.0,0.83
438,2,0.403,0.798,0.263,0.0,0.657,0.59,0.707,0.82
439,2,0.676,1.0,0.536,-0.01,0.364,0.18,0.414,0.81
440,4,0.383,0.99,0.809,0.99,0.637,0.17,0.121,0.4
441,4,0.09,0.98,1.0,1.0,0.91,0.16,-0.172,-0.01
442,7,0.08,0.687,0.59,0.707,0.9,0.433,0.828,0.263
443,7,0.07,0.394,0.18,0.414,0.89,0.706,1.0,0.536
444,,0.06,0.384,0.17,0.404,0.88,0.696,0.99,0.526
445,,0.05,0.374,0.16,0.394,0.87,0.686,0.98,0.516
446,,0.04,0.364,0.15,0.384,0.86,0.676,0.97,0.506
447,,0.03,0.354,0.14,0.374,0.85,0.666,0.96,0.496
448,,0.02,0.344,0.13,0.364,0.84,0.656,0.95,0.486
449,,0.01,0.334,0.12,0.354,0.83,0.646,0.94,0.476
450,,0.0,0.324,0.11,0.344,0.82,0.636,0.93,0.466
451,,-0.01,0.314,0.1,0.334,0.81,0.626,0.92,0.456
452,1,0.99,0.587,0.09,0.041,0.4,0.333,0.91,0.729
453,1,1.0,0.86,0.08,-0.252,-0.01,0.04,0.9,1.0
454,4,0.707,0.85,0.353,0.748,0.263,0.03,0.607,0.59
455,4,0.414,0.84,0.626,1.0,0.536,0.02,0.314,0.18
456,,0.404,0.83,0.616,0.99,0.526,0.01,0.304,0.17
457,,0.394,0.82,0.606,0.98,0.516,0.0,0.294,0.16
458,,0.384,0.81,0.596,0.97,0.506,-0.01,0.284,0.15
459,6,0.091,0.4,0.303,0.96,0.779,0.99,0.557,0.14
460,6,-0.202,-0.01,0.01,0.95,1.0,1.0,0.83,0.13
461,1,0.798,0.263,0.0,0.657,0.59,0.707,0.82,0.403
462,1,1.0,0.536,-0.01,0.364,0.18,0.414,0.81,0.676
463,3,0.99,0.809,0.99,0.637,0.17,0.121,0.4,0.383
464,3,0.98,1.0,1.0,0.91,0.16,-0.172,-0.01,0.09
465,6,0.687,0.59,0.707,0.9,0.433,0.828,0.263,0.08
466,6,0.394,0.18,0.414,0.89,0.706,1.0,0.536,0.07
467,,0.384,0.17,0.404,0.88,0.696,0.99,0.526,0.06
468,,0.374,0.16,0.394,0.87,0.686,0.98,0.516,0.05
469,,0.364,0.15,0.384,0.86,0.676,0.97,0.506,0.04
470,,0.354,0.14,0.374,0.85,0.666,0.96,0.496,0.03
471,,0.344,0.13,0.364,0.84,0.656,0.95,0.486,0.02
472,,0.334,0.12,0.354,0.83,0.646,0.94,0.476,0.01
473,,0.324,0.11,0.344,0.82,0.636,0.93,0.466,0.0
474,,0.314,0.1,0.334,0.81,0.626,0.92,0.456,-0.01
475,8,0.587,0.09,0.041,0.4,0.333,0.91,0.729,0.99
476,8,0.86,0.08,-0.252,-0.01,0.04,0.9,1.0,1.0
477,3,0.85,0.353,0.748,0.263,0.03,0.607,0.59,0.707
478,3,0.84,0.626,1.0,0.536,0.02,0.314,0.18,0.414
479,,0.83,0.616,0.99,0.526,0.01,0.304,0.17,0.404
480,,0.82,0.606,0.98,0.516,0.0,0.294,0.16,0.394
481,,0.81,0.596,0.97,0.506,-0.01,0.284,0.15,0.384
482,5,0.4,0.303,0.96,0.779,0.99,0.557,0.14,0.091
483,5,-0.01,0.01,0.95,1.0,1.0,0.83,0.13,-0.202
484,8,0.263,0.0,0.657,0.59,0.707,0.82,0.403,0.798
485,8,0.536,-0.01,0.364,0.18,0.414,0.81,0.676,1.0
486,2,0.809,0.99,0.637,0.17,0.121,0.4,0.383,0.99
487,2,1.0,1.0,0.91,0.16,-0.172,-0.01,0.09,0.98
488,5,0.59,0.707,0.9,0.433,0.828,0.263,0.08,0.687
489,5,0.18,0.414,0.89,0.706,1.0,0.536,0.07,0.394
490,,0.17,0.404,0.88,0.696,0.99,0.526,0.06,0.384
491,,0.16,0.394,0.87,0.686,0.98,0.516,0.05,0.374
492,,0.15,0.384,0.86,0.676,0.97,0.506,0.04,0.364
493,,0.14,0.374,0.85,0.666,0.96,0.496,0.03,0.354
494,,0.13,0.364,0.84,0.656,0.95,0.486,0.02,0.344
495,,0.12,0.354,0.83,0.646,0.94,0.476,0.01,0.334
496,,0.11,0.344,0.82,0.636,0.93,0.466,0.0,0.324
497,,0.1,0.334,0.81,0.626,0.92,0.456,-0.01,0.314
498,7,0.09,0.041,0.4,0.333,0.91,0.729,0.99,0.587
499,7,0.08,-0.252,-0.01,0.04,0.9,1.0,1.0,0.86
