step,active_motive,motive_1,motive_2,motive_3,motive_4,motive_5,motive_6,motive_7,motive_8
0,,0.0973,0.03931,0.0892,0.06311,0.07948,0.05026,0.05769,0.04925
1,,0.0873,0.02931,0.0792,0.05311,0.06948,0.04026,0.04769,0.03925
2,,0.0773,0.01931,0.0692,0.04311,0.05948,0.03026,0.03769,0.02925
3,,0.0673,0.00931,0.0592,0.03311,0.04948,0.02026,0.02769,0.01925
4,,0.0573,-0.00069,0.0492,0.02311,0.03948,0.01026,0.01769,0.00925
5,2,0.3303,0.99931,0.3222,0.01311,-0.25352,-0.39974,-0.27531,-0.00075
6,2,0.6033,1.0,0.5952,0.00311,-0.54652,-0.80974,-0.56831,-0.01075
7,6,0.3103,0.59,0.3022,-0.00689,-0.27352,0.19026,-0.29531,-0.02075
8,6,0.0173,0.18,0.0092,-0.01689,-0.00052,1.0,-0.02231,-0.03075
9,8,0.2903,0.17,-0.2838,-0.42689,-0.29352,0.99,0.25069,0.96925
10,8,0.5633,0.16,-0.5768,-0.83689,-0.58652,0.98,0.52369,1.0
11,4,0.2703,0.15,-0.3038,0.16311,-0.31352,0.97,0.23069,0.59
12,4,-0.0227,0.14,-0.0308,1.0,-0.04052,0.96,-0.06231,0.18
13,7,-0.0327,-0.153,-0.4408,0.707,-0.05052,1.0,0.93769,0.453
14,7,-0.0427,-0.446,-0.8508,0.414,-0.06052,1.0,1.0,0.726
15,3,-0.0527,-0.173,0.1492,0.687,-0.07052,0.707,0.59,0.433
16,3,-0.0627,0.1,1.0,0.96,-0.08052,0.414,0.18,0.14
17,5,-0.4727,-0.193,0.99,1.0,0.91948,0.687,0.17,-0.153
18,5,-0.8827,-0.486,0.98,1.0,1.0,0.96,0.16,-0.446
19,1,0.1173,-0.213,0.97,0.707,0.59,0.667,0.15,-0.173
20,1,1.0,0.06,0.96,0.414,0.18,0.374,0.14,0.1
21,,0.99,0.05,0.95,0.404,0.17,0.364,0.13,0.09
22,,0.98,0.04,0.94,0.394,0.16,0.354,0.12,0.08
23,,0.97,0.03,0.93,0.384,0.15,0.344,0.11,0.07
24,,0.96,0.02,0.92,0.374,0.14,0.334,0.1,0.06
25,,0.95,0.01,0.91,0.364,0.13,0.324,0.09,0.05
26,,0.94,0.0,0.9,0.354,0.12,0.314,0.08,0.04
27,,0.93,-0.01,0.89,0.344,0.11,0.304,0.07,0.03
28,2,1.0,0.99,1.0,0.334,-0.183,-0.106,-0.223,0.02
29,2,1.0,1.0,1.0,0.324,-0.476,-0.516,-0.516,0.01
30,6,0.707,0.59,0.707,0.314,-0.203,0.484,-0.243,0.0
31,6,0.414,0.18,0.414,0.304,0.07,1.0,0.03,-0.01
32,8,0.687,0.17,0.121,-0.106,-0.223,0.99,0.303,0.99
33,8,0.96,0.16,-0.172,-0.516,-0.516,0.98,0.576,1.0
34,5,0.55,-0.133,-0.182,-0.243,0.484,1.0,0.566,0.707
35,5,0.14,-0.426,-0.192,0.03,1.0,1.0,0.556,0.414
36,2,0.413,0.574,0.081,0.02,0.707,0.59,0.263,0.404
37,2,0.686,1.0,0.354,0.01,0.414,0.18,-0.03,0.394
38,7,0.676,0.707,-0.056,-0.283,0.404,0.453,0.97,0.667
39,7,0.666,0.414,-0.466,-0.576,0.394,0.726,1.0,0.94
40,4,0.373,0.404,-0.193,0.424,0.667,0.716,0.707,0.53
41,4,0.08,0.394,0.08,1.0,0.94,0.706,0.414,0.12
42,,0.07,0.384,0.07,0.99,0.93,0.696,0.404,0.11
43,,0.06,0.374,0.06,0.98,0.92,0.686,0.394,0.1
44,,0.05,0.364,0.05,0.97,0.91,0.676,0.384,0.09
45,,0.04,0.354,0.04,0.96,0.9,0.666,0.374,0.08
46,,0.03,0.344,0.03,0.95,0.89,0.656,0.364,0.07
47,,0.02,0.334,0.02,0.94,0.88,0.646,0.354,0.06
48,,0.01,0.324,0.01,0.93,0.87,0.636,0.344,0.05
49,,0.0,0.314,0.0,0.92,0.86,0.626,0.334,0.04
50,,-0.01,0.304,-0.01,0.91,0.85,0.616,0.324,0.03
51,1,0.99,0.577,-0.02,0.617,0.44,0.323,0.314,0.303
52,1,1.0,0.85,-0.03,0.324,0.03,0.03,0.304,0.576
53,3,0.99,1.0,0.97,0.597,0.02,-0.263,-0.106,0.283
54,3,0.98,1.0,1.0,0.87,0.01,-0.556,-0.516,-0.01
55,6,0.687,0.59,0.707,0.86,0.283,0.444,-0.243,-0.02
56,6,0.394,0.18,0.414,0.85,0.556,1.0,0.03,-0.03
57,8,0.667,0.17,0.121,0.44,0.263,0.99,0.303,0.97
58,8,0.94,0.16,-0.172,0.03,-0.03,0.98,0.576,1.0
59,3,0.93,0.433,0.828,0.303,-0.04,0.687,0.166,0.707
60,3,0.92,0.706,1.0,0.576,-0.05,0.394,-0.244,0.414
61,7,0.91,0.413,0.59,0.283,-0.06,0.667,0.756,0.687
62,7,0.9,0.12,0.18,-0.01,-0.07,0.94,1.0,0.96
63,5,0.49,-0.173,0.17,0.263,0.93,1.0,0.99,0.667
64,5,0.08,-0.466,0.16,0.536,1.0,1.0,0.98,0.374
65,2,0.353,0.534,0.433,0.526,0.707,0.59,0.687,0.364
66,2,0.626,1.0,0.706,0.516,0.414,0.18,0.394,0.354
67,,0.616,0.99,0.696,0.506,0.404,0.17,0.384,0.344
68,,0.606,0.98,0.686,0.496,0.394,0.16,0.374,0.334
69,,0.596,0.97,0.676,0.486,0.384,0.15,0.364,0.324
70,,0.586,0.96,0.666,0.476,0.374,0.14,0.354,0.314
71,,0.576,0.95,0.656,0.466,0.364,0.13,0.344,0.304
72,,0.566,0.94,0.646,0.456,0.354,0.12,0.334,0.294
73,,0.556,0.93,0.636,0.446,0.344,0.11,0.324,0.284
74,,0.546,0.92,0.626,0.436,0.334,0.1,0.314,0.274
75,,0.536,0.91,0.616,0.426,0.324,0.09,0.304,0.264
76,,0.526,0.9,0.606,0.416,0.314,0.08,0.294,0.254
77,,0.516,0.89,0.596,0.406,0.304,0.07,0.284,0.244
78,,0.506,0.88,0.586,0.396,0.294,0.06,0.274,0.234
79,,0.496,0.87,0.576,0.386,0.284,0.05,0.264,0.224
80,,0.486,0.86,0.566,0.376,0.274,0.04,0.254,0.214
81,,0.476,0.85,0.556,0.366,0.264,0.03,0.244,0.204
82,,0.466,0.84,0.546,0.356,0.254,0.02,0.234,0.194
83,,0.456,0.83,0.536,0.346,0.244,0.01,0.224,0.184
84,,0.446,0.82,0.526,0.336,0.234,0.0,0.214,0.174
85,,0.436,0.81,0.516,0.326,0.224,-0.01,0.204,0.164
86,6,0.143,0.4,0.223,0.316,0.497,0.99,0.477,0.154
87,6,-0.15,-0.01,-0.07,0.306,0.77,1.0,0.75,0.144
88,1,0.85,0.263,-0.08,0.013,0.36,0.707,0.74,0.417
89,1,1.0,0.536,-0.09,-0.28,-0.05,0.414,0.73,0.69
90,4,0.707,0.526,0.183,0.72,0.223,0.404,0.437,0.28
91,4,0.414,0.516,0.456,1.0,0.496,0.394,0.144,-0.13
92,8,0.687,0.506,0.163,0.59,0.203,0.384,0.417,0.87
93,8,0.96,0.496,-0.13,0.18,-0.09,0.374,0.69,1.0
94,3,0.95,0.769,0.87,0.453,-0.1,0.081,0.28,0.707
95,3,0.94,1.0,1.0,0.726,-0.11,-0.212,-0.13,0.414
96,6,0.647,0.59,0.707,0.716,0.163,0.788,0.143,0.404
97,6,0.354,0.18,0.414,0.706,0.436,1.0,0.416,0.394
98,,0.344,0.17,0.404,0.696,0.426,0.99,0.406,0.384
99,,0.334,0.16,0.394,0.686,0.416,0.98,0.396,0.374
100,,0.324,0.15,0.384,0.676,0.406,0.97,0.386,0.364
101,,0.314,0.14,0.374,0.666,0.396,0.96,0.376,0.354
102,,0.304,0.13,0.364,0.656,0.386,0.95,0.366,0.344
103,,0.294,0.12,0.354,0.646,0.376,0.94,0.356,0.334
104,,0.284,0.11,0.344,0.636,0.366,0.93,0.346,0.324
105,,0.274,0.1,0.334,0.626,0.356,0.92,0.336,0.314
106,,0.264,0.09,0.324,0.616,0.346,0.91,0.326,0.304
107,,0.254,0.08,0.314,0.606,0.336,0.9,0.316,0.294
108,,0.244,0.07,0.304,0.596,0.326,0.89,0.306,0.284
109,,0.234,0.06,0.294,0.586,0.316,0.88,0.296,0.274
110,,0.224,0.05,0.284,0.576,0.306,0.87,0.286,0.264
111,,0.214,0.04,0.274,0.566,0.296,0.86,0.276,0.254
112,,0.204,0.03,0.264,0.556,0.286,0.85,0.266,0.244
113,,0.194,0.02,0.254,0.546,0.276,0.84,0.256,0.234
114,,0.184,0.01,0.244,0.536,0.266,0.83,0.246,0.224
115,,0.174,0.0,0.234,0.526,0.256,0.82,0.236,0.214
116,,0.164,-0.01,0.224,0.516,0.246,0.81,0.226,0.204
117,2,0.437,0.99,0.497,0.506,-0.047,0.4,-0.067,0.194
118,2,0.71,1.0,0.77,0.496,-0.34,-0.01,-0.36,0.184
119,7,0.7,0.707,0.36,0.203,-0.35,0.263,0.64,0.457
120,7,0.69,0.414,-0.05,-0.09,-0.36,0.536,1.0,0.73
121,5,0.28,0.121,-0.06,0.183,0.64,0.809,0.99,0.437
122,5,-0.13,-0.172,-0.07,0.456,1.0,1.0,0.98,0.144
123,2,0.143,0.828,0.203,0.446,0.707,0.59,0.687,0.134
124,2,0.416,1.0,0.476,0.436,0.414,0.18,0.394,0.124
125,,0.406,0.99,0.466,0.426,0.404,0.17,0.384,0.114
126,,0.396,0.98,0.456,0.416,0.394,0.16,0.374,0.104
127,,0.386,0.97,0.446,0.406,0.384,0.15,0.364,0.094
128,,0.376,0.96,0.436,0.396,0.374,0.14,0.354,0.084
129,,0.366,0.95,0.426,0.386,0.364,0.13,0.344,0.074
130,,0.356,0.94,0.416,0.376,0.354,0.12,0.334,0.064
131,,0.346,0.93,0.406,0.366,0.344,0.11,0.324,0.054
132,,0.336,0.92,0.396,0.356,0.334,0.1,0.314,0.044
133,,0.326,0.91,0.386,0.346,0.324,0.09,0.304,0.034
134,,0.316,0.9,0.376,0.336,0.314,0.08,0.294,0.024
135,,0.306,0.89,0.366,0.326,0.304,0.07,0.284,0.014
136,,0.296,0.88,0.356,0.316,0.294,0.06,0.274,0.004
137,,0.286,0.87,0.346,0.306,0.284,0.05,0.264,-0.006
138,8,0.559,0.86,0.053,-0.104,-0.009,0.04,0.537,0.994
139,8,0.832,0.85,-0.24,-0.514,-0.302,0.03,0.81,1.0
140,4,0.539,0.84,0.033,0.486,-0.029,0.02,0.517,0.59
141,4,0.246,0.83,0.306,1.0,0.244,0.01,0.224,0.18
142,,0.236,0.82,0.296,0.99,0.234,0.0,0.214,0.17
143,,0.226,0.81,0.286,0.98,0.224,-0.01,0.204,0.16
144,6,-0.067,0.4,-0.007,0.97,0.497,0.99,0.477,0.15
145,6,-0.36,-0.01,-0.3,0.96,0.77,1.0,0.75,0.14
146,1,0.64,0.263,-0.31,0.667,0.36,0.707,0.74,0.413
147,1,1.0,0.536,-0.32,0.374,-0.05,0.414,0.73,0.686
148,3,0.99,0.809,0.68,0.647,-0.06,0.121,0.32,0.393
149,3,0.98,1.0,1.0,0.92,-0.07,-0.172,-0.09,0.1
150,6,0.687,0.59,0.707,0.91,0.203,0.828,0.183,0.09
151,6,0.394,0.18,0.414,0.9,0.476,1.0,0.456,0.08
152,,0.384,0.17,0.404,0.89,0.466,0.99,0.446,0.07
153,,0.374,0.16,0.394,0.88,0.456,0.98,0.436,0.06
154,,0.364,0.15,0.384,0.87,0.446,0.97,0.426,0.05
155,,0.354,0.14,0.374,0.86,0.436,0.96,0.416,0.04
156,,0.344,0.13,0.364,0.85,0.426,0.95,0.406,0.03
157,,0.334,0.12,0.354,0.84,0.416,0.94,0.396,0.02
158,,0.324,0.11,0.344,0.83,0.406,0.93,0.386,0.01
159,,0.314,0.1,0.334,0.82,0.396,0.92,0.376,0.0
160,,0.304,0.09,0.324,0.81,0.386,0.91,0.366,-0.01
161,8,0.577,0.08,0.031,0.4,0.093,0.9,0.639,0.99
162,8,0.85,0.07,-0.262,-0.01,-0.2,0.89,0.912,1.0
163,3,0.84,0.343,0.738,0.263,-0.21,0.597,0.502,0.707
164,3,0.83,0.616,1.0,0.536,-0.22,0.304,0.092,0.414
165,5,0.42,0.323,0.99,0.809,0.78,0.577,0.082,0.121
166,5,0.01,0.03,0.98,1.0,1.0,0.85,0.072,-0.172
167,8,0.283,0.02,0.687,0.59,0.707,0.84,0.345,0.828
168,8,0.556,0.01,0.394,0.18,0.414,0.83,0.618,1.0
169,,0.546,0.0,0.384,0.17,0.404,0.82,0.608,0.99
170,,0.536,-0.01,0.374,0.16,0.394,0.81,0.598,0.98
171,2,0.809,0.99,0.647,0.15,0.101,0.4,0.305,0.97
172,2,1.0,1.0,0.92,0.14,-0.192,-0.01,0.012,0.96
173,5,0.59,0.707,0.91,0.413,0.808,0.263,0.002,0.667
174,5,0.18,0.414,0.9,0.686,1.0,0.536,-0.008,0.374
175,7,0.17,0.121,0.49,0.393,0.99,0.809,0.992,0.647
176,7,0.16,-0.172,0.08,0.1,0.98,1.0,1.0,0.92
177,2,0.433,0.828,0.353,0.09,0.687,0.59,0.707,0.91
178,2,0.706,1.0,0.626,0.08,0.394,0.18,0.414,0.9
179,,0.696,0.99,0.616,0.07,0.384,0.17,0.404,0.89
180,,0.686,0.98,0.606,0.06,0.374,0.16,0.394,0.88
181,,0.676,0.97,0.596,0.05,0.364,0.15,0.384,0.87
182,,0.666,0.96,0.586,0.04,0.354,0.14,0.374,0.86
183,,0.656,0.95,0.576,0.03,0.344,0.13,0.364,0.85
184,,0.646,0.94,0.566,0.02,0.334,0.12,0.354,0.84
185,,0.636,0.93,0.556,0.01,0.324,0.11,0.344,0.83
186,,0.626,0.92,0.546,0.0,0.314,0.1,0.334,0.82
187,,0.616,0.91,0.536,-0.01,0.304,0.09,0.324,0.81
188,4,0.323,0.9,0.809,0.99,0.577,0.08,0.031,0.4
189,4,0.03,0.89,1.0,1.0,0.85,0.07,-0.262,-0.01
190,7,0.02,0.597,0.59,0.707,0.84,0.343,0.738,0.263
191,7,0.01,0.304,0.18,0.414,0.83,0.616,1.0,0.536
192,,0.0,0.294,0.17,0.404,0.82,0.606,0.99,0.526
193,,-0.01,0.284,0.16,0.394,0.81,0.596,0.98,0.516
194,1,0.99,0.557,0.15,0.101,0.4,0.303,0.97,0.789
195,1,1.0,0.83,0.14,-0.192,-0.01,0.01,0.96,1.0
196,4,0.707,0.82,0.413,0.808,0.263,0.0,0.667,0.59
197,4,0.414,0.81,0.686,1.0,0.536,-0.01,0.374,0.18
198,6,0.121,0.4,0.393,0.99,0.809,0.99,0.647,0.17
199,6,-0.172,-0.01,0.1,0.98,1.0,1.0,0.92,0.16
200,1,0.828,0.263,0.09,0.687,0.59,0.707,0.91,0.433
201,1,1.0,0.536,0.08,0.394,0.18,0.414,0.9,0.706
202,,0.99,0.526,0.07,0.384,0.17,0.404,0.89,0.696
203,,0.98,0.516,0.06,0.374,0.16,0.394,0.88,0.686
204,,0.97,0.506,0.05,0.364,0.15,0.384,0.87,0.676
205,,0.96,0.496,0.04,0.354,0.14,0.374,0.86,0.666
206,,0.95,0.486,0.03,0.344,0.13,0.364,0.85,0.656
207,,0.94,0.476,0.02,0.334,0.12,0.354,0.84,0.646
208,,0.93,0.466,0.01,0.324,0.11,0.344,0.83,0.636
209,,0.92,0.456,0.0,0.314,0.1,0.334,0.82,0.626
210,,0.91,0.446,-0.01,0.304,0.09,0.324,0.81,0.616
211,3,0.9,0.719,0.99,0.577,0.08,0.031,0.4,0.323
212,3,0.89,0.992,1.0,0.85,0.07,-0.262,-0.01,0.03
213,6,0.597,0.582,0.707,0.84,0.343,0.738,0.263,0.02
214,6,0.304,0.172,0.414,0.83,0.616,1.0,0.536,0.01
215,,0.294,0.162,0.404,0.82,0.606,0.99,0.526,0.0
216,,0.284,0.152,0.394,0.81,0.596,0.98,0.516,-0.01
217,8,0.557,0.142,0.101,0.4,0.303,0.97,0.789,0.99
218,8,0.83,0.132,-0.192,-0.01,0.01,0.96,1.0,1.0
219,3,0.82,0.405,0.808,0.263,0.0,0.667,0.59,0.707
220,3,0.81,0.678,1.0,0.536,-0.01,0.374,0.18,0.414
221,5,0.4,0.385,0.99,0.809,0.99,0.647,0.17,0.121
222,5,-0.01,0.092,0.98,1.0,1.0,0.92,0.16,-0.172
223,8,0.263,0.082,0.687,0.59,0.707,0.91,0.433,0.828
224,8,0.536,0.072,0.394,0.18,0.414,0.9,0.706,1.0
225,,0.526,0.062,0.384,0.17,0.404,0.89,0.696,0.99
226,,0.516,0.052,0.374,0.16,0.394,0.88,0.686,0.98
227,,0.506,0.042,0.364,0.15,0.384,0.87,0.676,0.97
228,,0.496,0.032,0.354,0.14,0.374,0.86,0.666,0.96
229,,0.486,0.022,0.344,0.13,0.364,0.85,0.656,0.95
230,,0.476,0.012,0.334,0.12,0.354,0.84,0.646,0.94
231,,0.466,0.002,0.324,0.11,0.344,0.83,0.636,0.93
232,,0.456,-0.008,0.314,0.1,0.334,0.82,0.626,0.92
233,2,0.729,0.992,0.587,0.09,0.041,0.41,0.333,0.91
234,2,1.0,1.0,0.86,0.08,-0.252,-0.0,0.04,0.9
235,5,0.59,0.707,0.85,0.353,0.748,0.273,0.03,0.607
236,5,0.18,0.414,0.84,0.626,1.0,0.546,0.02,0.314
237,,0.17,0.404,0.83,0.616,0.99,0.536,0.01,0.304
238,,0.16,0.394,0.82,0.606,0.98,0.526,0.0,0.294
239,,0.15,0.384,0.81,0.596,0.97,0.516,-0.01,0.284
240,7,0.14,0.091,0.4,0.303,0.96,0.789,0.99,0.557
241,7,0.13,-0.202,-0.01,0.01,0.95,1.0,1.0,0.83
242,2,0.403,0.798,0.263,0.0,0.657,0.59,0.707,0.82
243,2,0.676,1.0,0.536,-0.01,0.364,0.18,0.414,0.81
244,4,0.383,0.99,0.809,0.99,0.637,0.17,0.121,0.4
245,4,0.09,0.98,1.0,1.0,0.91,0.16,-0.172,-0.01
246,7,0.08,0.687,0.59,0.707,0.9,0.433,0.828,0.263
247,7,0.07,0.394,0.18,0.414,0.89,0.706,1.0,0.536
248,,0.06,0.384,0.17,0.404,0.88,0.696,0.99,0.526
249,,0.05,0.374,0.16,0.394,0.87,0.686,0.98,0.516
250,,0.04,0.364,0.15,0.384,0.86,0.676,0.97,0.506
251,,0.03,0.354,0.14,0.374,0.85,0.666,0.96,0.496
252,,0.02,0.344,0.13,0.364,0.84,0.656,0.95,0.486
253,,0.01,0.334,0.12,0.354,0.83,0.646,0.94,0.476
254,,0.0,0.324,0.11,0.344,0.82,0.636,0.93,0.466
255,,-0.01,0.314,0.1,0.334,0.81,0.626,0.92,0.456
256,1,0.99,0.587,0.09,0.041,0.4,0.333,0.91,0.729
257,1,1.0,0.86,0.08,-0.252,-0.01,0.04,0.9,1.0
258,4,0.707,0.85,0.353,0.748,0.263,0.03,0.607,0.59
259,4,0.414,0.84,0.626,1.0,0.536,0.02,0.314,0.18
260,,0.404,0.83,0.616,0.99,0.526,0.01,0.304,0.17
261,,0.394,0.82,0.606,0.98,0.516,0.0,0.294,0.16
262,,0.384,0.81,0.596,0.97,0.506,-0.01,0.284,0.15
263,6,0.091,0.4,0.303,0.96,0.779,0.99,0.557,0.14
264,6,-0.202,-0.01,0.01,0.95,1.0,1.0,0.83,0.13
265,1,0.798,0.263,0.0,0.657,0.59,0.707,0.82,0.403
266,1,1.0,0.536,-0.01,0.364,0.18,0.414,0.81,0.676
267,3,0.99,0.809,0.99,0.637,0.17,0.121,0.4,0.383
268,3,0.98,1.0,1.0,0.91,0.16,-0.172,-0.01,0.09
269,6,0.687,0.59,0.707,0.9,0.433,0.828,0.263,0.08
270,6,0.394,0.18,0.414,0.89,0.706,1.0,0.536,0.07
271,,0.384,0.17,0.404,0.88,0.696,0.99,0.526,0.06
272,,0.374,0.16,0.394,0.87,0.686,0.98,0.516,0.05
273,,0.364,0.15,0.384,0.86,0.676,0.97,0.506,0.04
274,,0.354,0.14,0.374,0.85,0.666,0.96,0.496,0.03
275,,0.344,0.13,0.364,0.84,0.656,0.95,0.486,0.02
276,,0.334,0.12,0.354,0.83,0.646,0.94,0.476,0.01
277,,0.324,0.11,0.344,0.82,0.636,0.93,0.466,0.0
278,,0.314,0.1,0.334,0.81,0.626,0.92,0.456,-0.01
279,8,0.587,0.09,0.041,0.4,0.333,0.91,0.729,0.99
280,8,0.86,0.08,-0.252,-0.01,0.04,0.9,1.0,1.0
281,3,0.85,0.353,0.748,0.263,0.03,0.607,0.59,0.707
282,3,0.84,0.626,1.0,0.536,0.02,0.314,0.18,0.414
283,,0.83,0.616,0.99,0.526,0.01,0.304,0.17,0.404
284,,0.82,0.606,0.98,0.516,0.0,0.294,0.16,0.394
285,,0.81,0.596,0.97,0.506,-0.01,0.284,0.15,0.384
286,5,0.4,0.303,0.96,0.779,0.99,0.557,0.14,0.091
287,5,-0.01,0.01,0.95,1.0,1.0,0.83,0.13,-0.202
288,8,0.263,0.0,0.657,0.59,0.707,0.82,0.403,0.798
289,8,0.536,-0.01,0.364,0.18,0.414,0.81,0.676,1.0
290,2,0.809,0.99,0.637,0.17,0.121,0.4,0.383,0.99
291,2,1.0,1.0,0.91,0.16,-0.172,-0.01,0.09,0.98
292,5,0.59,0.707,0.9,0.433,0.828,0.263,0.08,0.687
293,5,0.18,0.414,0.89,0.706,1.0,0.536,0.07,0.394
294,,0.17,0.404,0.88,0.696,0.99,0.526,0.06,0.384
295,,0.16,0.394,0.87,0.686,0.98,0.516,0.05,0.374
296,,0.15,0.384,0.86,0.676,0.97,0.506,0.04,0.364
297,,0.14,0.374,0.85,0.666,0.96,0.496,0.03,0.354
298,,0.13,0.364,0.84,0.656,0.95,0.486,0.02,0.344
299,,0.12,0.354,0.83,0.646,0.94,0.476,0.01,0.334
300,,0.11,0.344,0.82,0.636,0.93,0.466,0.0,0.324
301,,0.1,0.334,0.81,0.626,0.92,0.456,-0.01,0.314
302,7,0.09,0.041,0.4,0.333,0.91,0.729,0.99,0.587
303,7,0.08,-0.252,-0.01,0.04,0.9,1.0,1.0,0.86
304,2,0.353,0.748,0.263,0.03,0.607,0.59,0.707,0.85
305,2,0.626,1.0,0.536,0.02,0.314,0.18,0.414,0.84
306,,0.616,0.99,0.526,0.01,0.304,0.17,0.404,0.83
307,,0.606,0.98,0.516,0.0,0.294,0.16,0.394,0.82
308,,0.596,0.97,0.506,-0.01,0.284,0.15,0.384,0.81
309,4,0.303,0.96,0.779,0.99,0.557,0.14,0.091,0.4
310,4,0.01,0.95,1.0,1.0,0.83,0.13,-0.202,-0.01
311,7,0.0,0.657,0.59,0.707,0.82,0.403,0.798,0.263
312,7,-0.01,0.364,0.18,0.414,0.81,0.676,1.0,0.536
313,1,0.99,0.637,0.17,0.121,0.4,0.383,0.99,0.809
314,1,1.0,0.91,0.16,-0.172,-0.01,0.09,0.98,1.0
315,4,0.707,0.9,0.433,0.828,0.263,0.08,0.687,0.59
316,4,0.414,0.89,0.706,1.0,0.536,0.07,0.394,0.18
317,,0.404,0.88,0.696,0.99,0.526,0.06,0.384,0.17
318,,0.394,0.87,0.686,0.98,0.516,0.05,0.374,0.16
319,,0.384,0.86,0.676,0.97,0.506,0.04,0.364,0.15
320,,0.374,0.85,0.666,0.96,0.496,0.03,0.354,0.14
321,,0.364,0.84,0.656,0.95,0.486,0.02,0.344,0.13
322,,0.354,0.83,0.646,0.94,0.476,0.01,0.334,0.12
323,,0.344,0.82,0.636,0.93,0.466,0.0,0.324,0.11
324,,0.334,0.81,0.626,0.92,0.456,-0.01,0.314,0.1
325,6,0.041,0.4,0.333,0.91,0.729,0.99,0.587,0.09
326,6,-0.252,-0.01,0.04,0.9,1.0,1.0,0.86,0.08
327,1,0.748,0.263,0.03,0.607,0.59,0.707,0.85,0.353
328,1,1.0,0.536,0.02,0.314,0.18,0.414,0.84,0.626
329,,0.99,0.526,0.01,0.304,0.17,0.404,0.83,0.616
330,,0.98,0.516,0.0,0.294,0.16,0.394,0.82,0.606
331,,0.97,0.506,-0.01,0.284,0.15,0.384,0.81,0.596
332,3,0.96,0.779,0.99,0.557,0.14,0.091,0.4,0.303
333,3,0.95,1.0,1.0,0.83,0.13,-0.202,-0.01,0.01
334,6,0.657,0.59,0.707,0.82,0.403,0.798,0.263,0.0
335,6,0.364,0.18,0.414,0.81,0.676,1.0,0.536,-0.01
336,8,0.637,0.17,0.121,0.4,0.383,0.99,0.809,0.99
337,8,0.91,0.16,-0.172,-0.01,0.09,0.98,1.0,1.0
338,3,0.9,0.433,0.828,0.263,0.08,0.687,0.59,0.707
339,3,0.89,0.706,1.0,0.536,0.07,0.394,0.18,0.414
340,,0.88,0.696,0.99,0.526,0.06,0.384,0.17,0.404
341,,0.87,0.686,0.98,0.516,0.05,0.374,0.16,0.394
342,,0.86,0.676,0.97,0.506,0.04,0.364,0.15,0.384
343,,0.85,0.666,0.96,0.496,0.03,0.354,0.14,0.374
344,,0.84,0.656,0.95,0.486,0.02,0.344,0.13,0.364
345,,0.83,0.646,0.94,0.476,0.01,0.334,0.12,0.354
346,,0.82,0.636,0.93,0.466,0.0,0.324,0.11,0.344
347,,0.81,0.626,0.92,0.456,-0.01,0.314,0.1,0.334
348,5,0.4,0.333,0.91,0.729,0.99,0.587,0.09,0.041
349,5,-0.01,0.04,0.9,1.0,1.0,0.86,0.08,-0.252
350,8,0.263,0.03,0.607,0.59,0.707,0.85,0.353,0.748
351,8,0.536,0.02,0.314,0.18,0.414,0.84,0.626,1.0
352,,0.526,0.01,0.304,0.17,0.404,0.83,0.616,0.99
353,,0.516,0.0,0.294,0.16,0.394,0.82,0.606,0.98
354,,0.506,-0.01,0.284,0.15,0.384,0.81,0.596,0.97
355,2,0.779,0.99,0.557,0.14,0.091,0.4,0.303,0.96
356,2,1.0,1.0,0.83,0.13,-0.202,-0.01,0.01,0.95
357,5,0.59,0.707,0.82,0.403,0.798,0.263,0.0,0.657
358,5,0.18,0.414,0.81,0.676,1.0,0.536,-0.01,0.364
359,7,0.17,0.121,0.4,0.383,0.99,0.809,0.99,0.637
360,7,0.16,-0.172,-0.01,0.09,0.98,1.0,1.0,0.91
361,2,0.433,0.828,0.263,0.08,0.687,0.59,0.707,0.9
362,2,0.706,1.0,0.536,0.07,0.394,0.18,0.414,0.89
363,,0.696,0.99,0.526,0.06,0.384,0.17,0.404,0.88
364,,0.686,0.98,0.516,0.05,0.374,0.16,0.394,0.87
365,,0.676,0.97,0.506,0.04,0.364,0.15,0.384,0.86
366,,0.666,0.96,0.496,0.03,0.354,0.14,0.374,0.85
367,,0.656,0.95,0.486,0.02,0.344,0.13,0.364,0.84
368,,0.646,0.94,0.476,0.01,0.334,0.12,0.354,0.83
369,,0.636,0.93,0.466,0.0,0.324,0.11,0.344,0.82
370,,0.626,0.92,0.456,-0.01,0.314,0.1,0.334,0.81
371,4,0.333,0.91,0.729,0.99,0.587,0.09,0.041,0.4
372,4,0.04,0.9,1.0,1.0,0.86,0.08,-0.252,-0.01
373,7,0.03,0.607,0.59,0.707,0.85,0.353,0.748,0.263
374,7,0.02,0.314,0.18,0.414,0.84,0.626,1.0,0.536
375,,0.01,0.304,0.17,0.404,0.83,0.616,0.99,0.526
376,,0.0,0.294,0.16,0.394,0.82,0.606,0.98,0.516
377,,-0.01,0.284,0.15,0.384,0.81,0.596,0.97,0.506
378,1,0.99,0.557,0.14,0.091,0.4,0.303,0.96,0.779
379,1,1.0,0.83,0.13,-0.202,-0.01,0.01,0.95,1.0
380,4,0.707,0.82,0.403,0.798,0.263,0.0,0.657,0.59
381,4,0.414,0.81,0.676,1.0,0.536,-0.01,0.364,0.18
382,6,0.121,0.4,0.383,0.99,0.809,0.99,0.637,0.17
383,6,-0.172,-0.01,0.09,0.98,1.0,1.0,0.91,0.16
384,1,0.828,0.263,0.08,0.687,0.59,0.707,0.9,0.433
385,1,1.0,0.536,0.07,0.394,0.18,0.414,0.89,0.706
386,,0.99,0.526,0.06,0.384,0.17,0.404,0.88,0.696
387,,0.98,0.516,0.05,0.374,0.16,0.394,0.87,0.686
388,,0.97,0.506,0.04,0.364,0.15,0.384,0.86,0.676
389,,0.96,0.496,0.03,0.354,0.14,0.374,0.85,0.666
390,,0.95,0.486,0.02,0.344,0.13,0.364,0.84,0.656
391,,0.94,0.476,0.01,0.334,0.12,0.354,0.83,0.646
392,,0.93,0.466,0.0,0.324,0.11,0.344,0.82,0.636
393,,0.92,0.456,-0.01,0.314,0.1,0.334,0.81,0.626
394,3,0.91,0.729,0.99,0.587,0.09,0.041,0.4,0.333
395,3,0.9,1.0,1.0,0.86,0.08,-0.252,-0.01,0.04
396,6,0.607,0.59,0.707,0.85,0.353,0.748,0.263,0.03
397,6,0.314,0.18,0.414,0.84,0.626,1.0,0.536,0.02
398,,0.304,0.17,0.404,0.83,0.616,0.99,0.526,0.01
399,,0.294,0.16,0.394,0.82,0.606,0.98,0.516,0.0
400,,0.284,0.15,0.384,0.81,0.596,0.97,0.506,-0.01
401,8,0.557,0.14,0.091,0.4,0.303,0.96,0.779,0.99
402,8,0.83,0.13,-0.202,-0.01,0.01,0.95,1.0,1.0
403,3,0.82,0.403,0.798,0.263,0.0,0.657,0.59,0.707
404,3,0.81,0.676,1.0,0.536,-0.01,0.364,0.18,0.414
405,5,0.4,0.383,0.99,0.809,0.99,0.637,0.17,0.121
406,5,-0.01,0.09,0.98,1.0,1.0,0.91,0.16,-0.172
407,8,0.263,0.08,0.687,0.59,0.707,0.9,0.433,0.828
408,8,0.536,0.07,0.394,0.18,0.414,0.89,0.706,1.0
409,,0.526,0.06,0.384,0.17,0.404,0.88,0.696,0.99
410,,0.516,0.05,0.374,0.16,0.394,0.87,0.686,0.98
411,,0.506,0.04,0.364,0.15,0.384,0.86,0.676,0.97
412,,0.496,0.03,0.354,0.14,0.374,0.85,0.666,0.96
413,,0.486,0.02,0.344,0.13,0.364,0.84,0.656,0.95
414,,0.476,0.01,0.334,0.12,0.354,0.83,0.646,0.94
415,,0.466,0.0,0.324,0.11,0.344,0.82,0.636,0.93
416,,0.456,-0.01,0.314,0.1,0.334,0.81,0.626,0.92
417,2,0.729,0.99,0.587,0.09,0.041,0.4,0.333,0.91
418,2,1.0,1.0,0.86,0.08,-0.252,-0.01,0.04,0.9
419,5,0.59,0.707,0.85,0.353,0.748,0.263,0.03,0.607
420,5,0.18,0.414,0.84,0.626,1.0,0.536,0.02,0.314
421,,0.17,0.404,0.83,0.616,0.99,0.526,0.01,0.304
422,,0.16,0.394,0.82,0.606,0.98,0.516,0.0,0.294
423,,0.15,0.384,0.81,0.596,0.97,0.506,-0.01,0.284
424,7,0.14,0.091,0.4,0.303,0.96,0.779,0.99,0.557
425,7,0.13,-0.202,-0.01,0.01,0.95,1.0,1.0,0.83
426,2,0.403,0.798,0.263,0.0,0.657,0.59,0.707,0.82
427,2,0.676,1.0,0.536,-0.01,0.364,0.18,0.414,0.81
428,4,0.383,0.99,0.809,0.99,0.637,0.17,0.121,0.4
429,4,0.09,0.98,1.0,1.0,0.91,0.16,-0.172,-0.01
430,7,0.08,0.687,0.59,0.707,0.9,0.433,0.828,0.263
431,7,0.07,0.394,0.18,0.414,0.89,0.706,1.0,0.536
432,,0.06,0.384,0.17,0.404,0.88,0.696,0.99,0.526
433,,0.05,0.374,0.16,0.394,0.87,0.686,0.98,0.516
434,,0.04,0.364,0.15,0.384,0.86,0.676,0.97,0.506
435,,0.03,0.354,0.14,0.374,0.85,0.666,0.96,0.496
436,,0.02,0.344,0.13,0.364,0.84,0.656,0.95,0.486
437,,0.01,0.334,0.12,0.354,0.83,0.646,0.94,0.476
438,,0.0,0.324,0.11,0.344,0.82,0.636,0.93,0.466
439,,-0.01,0.314,0.1,0.334,0.81,0.626,0.92,0.456
440,1,0.99,0.587,0.09,0.041,0.4,0.333,0.91,0.729
441,1,1.0,0.86,0.08,-0.252,-0.01,0.04,0.9,1.0
442,4,0.707,0.85,0.353,0.748,0.263,0.03,0.607,0.59
443,4,0.414,0.84,0.626,1.0,0.536,0.02,0.314,0.18
444,,0.404,0.83,0.616,0.99,0.526,0.01,0.304,0.17
445,,0.394,0.82,0.606,0.98,0.516,0.0,0.294,0.16
446,,0.384,0.81,0.596,0.97,0.506,-0.01,0.284,0.15
447,6,0.091,0.4,0.303,0.96,0.779,0.99,0.557,0.14
448,6,-0.202,-0.01,0.01,0.95,1.0,1.0,0.83,0.13
449,1,0.798,0.263,0.0,0.657,0.59,0.707,0.82,0.403
450,1,1.0,0.536,-0.01,0.364,0.18,0.414,0.81,0.676
451,3,0.99,0.809,0.99,0.637,0.17,0.121,0.4,0.383
452,3,0.98,1.0,1.0,0.91,0.16,-0.172,-0.01,0.09
453,6,0.687,0.59,0.707,0.9,0.433,0.828,0.263,0.08
454,6,0.394,0.18,0.414,0.89,0.706,1.0,0.536,0.07
455,,0.384,0.17,0.404,0.88,0.696,0.99,0.526,0.06
456,,0.374,0.16,0.394,0.87,0.686,0.98,0.516,0.05
457,,0.364,0.15,0.384,0.86,0.676,0.97,0.506,0.04
458,,0.354,0.14,0.374,0.85,0.666,0.96,0.496,0.03
459,,0.344,0.13,0.364,0.84,0.656,0.95,0.486,0.02
460,,0.334,0.12,0.354,0.83,0.646,0.94,0.476,0.01
461,,0.324,0.11,0.344,0.82,0.636,0.93,0.466,0.0
462,,0.314,0.1,0.334,0.81,0.626,0.92,0.456,-0.01
463,8,0.587,0.09,0.041,0.4,0.333,0.91,0.729,0.99
464,8,0.86,0.08,-0.252,-0.01,0.04,0.9,1.0,1.0
465,3,0.85,0.353,0.748,0.263,0.03,0.607,0.59,0.707
466,3,0.84,0.626,1.0,0.536,0.02,0.314,0.18,0.414
467,,0.83,0.616,0.99,0.526,0.01,0.304,0.17,0.404
468,,0.82,0.606,0.98,0.516,0.0,0.294,0.16,0.394
469,,0.81,0.596,0.97,0.506,-0.01,0.284,0.15,0.384
470,5,0.4,0.303,0.96,0.779,0.99,0.557,0.14,0.091
471,5,-0.01,0.01,0.95,1.0,1.0,0.83,0.13,-0.202
472,8,0.263,0.0,0.657,0.59,0.707,0.82,0.403,0.798
473,8,0.536,-0.01,0.364,0.18,0.414,0.81,0.676,1.0
474,2,0.809,0.99,0.637,0.17,0.121,0.4,0.383,0.99
475,2,1.0,1.0,0.91,0.16,-0.172,-0.01,0.09,0.98
476,5,0.59,0.707,0.9,0.433,0.828,0.263,0.08,0.687
477,5,0.18,0.414,0.89,0.706,1.0,0.536,0.07,0.394
478,,0.17,0.404,0.88,0.696,0.99,0.526,0.06,0.384
479,,0.16,0.394,0.87,0.686,0.98,0.516,0.05,0.374
480,,0.15,0.384,0.86,0.676,0.97,0.506,0.04,0.364
481,,0.14,0.374,0.85,0.666,0.96,0.496,0.03,0.354
482,,0.13,0.364,0.84,0.656,0.95,0.486,0.02,0.344
483,,0.12,0.354,0.83,0.646,0.94,0.476,0.01,0.334
484,,0.11,0.344,0.82,0.636,0.93,0.466,0.0,0.324
485,,0.1,0.334,0.81,0.626,0.92,0.456,-0.01,0.314
486,7,0.09,0.041,0.4,0.333,0.91,0.729,0.99,0.587
487,7,0.08,-0.252,-0.01,0.04,0.9,1.0,1.0,0.86
488,2,0.353,0.748,0.263,0.03,0.607,0.59,0.707,0.85
489,2,0.626,1.0,0.536,0.02,0.314,0.18,0.414,0.84
490,,0.616,0.99,0.526,0.01,0.304,0.17,0.404,0.83
491,,0.606,0.98,0.516,0.0,0.294,0.16,0.394,0.82
492,,0.596,0.97,0.506,-0.01,0.284,0.15,0.384,0.81
493,4,0.303,0.96,0.779,0.99,0.557,0.14,0.091,0.4
494,4,0.01,0.95,1.0,1.0,0.83,0.13,-0.202,-0.01
495,7,0.0,0.657,0.59,0.707,0.82,0.403,0.798,0.263
496,7,-0.01,0.364,0.18,0.414,0.81,0.676,1.0,0.536
497,1,0.99,0.637,0.17,0.121,0.4,0.383,0.99,0.809
498,1,1.0,0.91,0.16,-0.172,-0.01,0.09,0.98,1.0
499,4,0.707,0.9,0.433,0.828,0.263,0.08,0.687,0.59
