step,active_motive,motive_1,motive_2,motive_3,motive_4,motive_5,motive_6,motive_7,motive_8
0,,0.05397,0.05868,0.09653,0.0607,0.0276,0.02963,0.01653,0.00156
1,,0.04397,0.04868,0.08653,0.0507,0.0176,0.01963,0.00653,-0.00844
2,8,0.31697,0.03868,-0.20647,-0.3593,-0.2754,0.00963,0.27953,0.99156
3,8,0.58997,0.02868,-0.49947,-0.7693,-0.5684,-0.00037,0.55253,1.0
4,4,0.29697,0.01868,-0.22647,0.2307,-0.2954,-0.01037,0.25953,0.59
5,4,0.00397,0.00868,0.04653,1.0,-0.0224,-0.02037,-0.03347,0.18
6,7,-0.00603,-0.28432,-0.36347,0.707,-0.0324,0.25263,0.96653,0.453
7,7,-0.01603,-0.57732,-0.77347,0.414,-0.0424,0.52563,1.0,0.726
8,3,-0.02603,-0.30432,0.22653,0.687,-0.0524,0.23263,0.59,0.433
9,3,-0.03603,-0.03132,1.0,0.96,-0.0624,-0.06037,0.18,0.14
10,5,-0.44603,-0.32432,0.99,1.0,0.9376,0.21263,0.17,-0.153
11,5,-0.85603,-0.61732,0.98,1.0,1.0,0.48563,0.16,-0.446
12,1,0.14397,-0.34432,0.97,0.707,0.59,0.19263,0.15,-0.173
13,1,1.0,-0.07132,0.96,0.414,0.18,-0.10037,0.14,0.1
14,6,0.707,-0.48132,0.667,0.404,0.453,0.89963,0.413,0.09
15,6,0.414,-0.89132,0.374,0.394,0.726,1.0,0.686,0.08
16,2,0.687,0.10868,0.647,0.384,0.433,0.59,0.393,0.07
17,2,0.96,1.0,0.92,0.374,0.14,0.18,0.1,0.06
18,,0.95,0.99,0.91,0.364,0.13,0.17,0.09,0.05
19,,0.94,0.98,0.9,0.354,0.12,0.16,0.08,0.04
20,,0.93,0.97,0.89,0.344,0.11,0.15,0.07,0.03
21,,0.92,0.96,0.88,0.334,0.1,0.14,0.06,0.02
22,,0.91,0.95,0.87,0.324,0.09,0.13,0.05,0.01
23,,0.9,0.94,0.86,0.314,0.08,0.12,0.04,0.0
24,,0.89,0.93,0.85,0.304,0.07,0.11,0.03,-0.01
25,8,1.0,0.92,0.557,-0.106,-0.223,0.1,0.303,0.99
26,8,1.0,0.91,0.264,-0.516,-0.516,0.09,0.576,1.0
27,4,0.707,0.9,0.537,0.484,-0.243,0.08,0.283,0.59
28,4,0.414,0.89,0.81,1.0,0.03,0.07,-0.01,0.18
29,7,0.404,0.597,0.4,0.707,0.02,0.343,0.99,0.453
30,7,0.394,0.304,-0.01,0.414,0.01,0.616,1.0,0.726
31,3,0.384,0.577,0.99,0.687,0.0,0.323,0.59,0.433
32,3,0.374,0.85,1.0,0.96,-0.01,0.03,0.18,0.14
33,5,-0.036,0.557,0.99,1.0,0.99,0.303,0.17,-0.153
34,5,-0.446,0.264,0.98,1.0,1.0,0.576,0.16,-0.446
35,8,-0.173,0.254,0.687,0.59,0.707,0.566,0.433,0.554
36,8,0.1,0.244,0.394,0.18,0.414,0.556,0.706,1.0
37,,0.09,0.234,0.384,0.17,0.404,0.546,0.696,0.99
38,,0.08,0.224,0.374,0.16,0.394,0.536,0.686,0.98
39,,0.07,0.214,0.364,0.15,0.384,0.526,0.676,0.97
40,,0.06,0.204,0.354,0.14,0.374,0.516,0.666,0.96
41,,0.05,0.194,0.344,0.13,0.364,0.506,0.656,0.95
42,,0.04,0.184,0.334,0.12,0.354,0.496,0.646,0.94
43,,0.03,0.174,0.324,0.11,0.344,0.486,0.636,0.93
44,,0.02,0.164,0.314,0.1,0.334,0.476,0.626,0.92
45,,0.01,0.154,0.304,0.09,0.324,0.466,0.616,0.91
46,,0.0,0.144,0.294,0.08,0.314,0.456,0.606,0.9
47,,-0.01,0.134,0.284,0.07,0.304,0.446,0.596,0.89
48,1,0.99,0.407,0.274,-0.223,-0.106,0.153,0.586,1.0
49,1,1.0,0.68,0.264,-0.516,-0.516,-0.14,0.576,1.0
50,4,0.707,0.67,0.537,0.484,-0.243,-0.15,0.283,0.59
51,4,0.414,0.66,0.81,1.0,0.03,-0.16,-0.01,0.18
52,6,0.121,0.25,0.517,0.99,0.303,0.84,0.263,0.17
53,6,-0.172,-0.16,0.224,0.98,0.576,1.0,0.536,0.16
54,1,0.828,0.113,0.214,0.687,0.166,0.707,0.526,0.433
55,1,1.0,0.386,0.204,0.394,-0.244,0.414,0.516,0.706
56,5,0.59,0.093,0.194,0.667,0.756,0.687,0.506,0.413
57,5,0.18,-0.2,0.184,0.94,1.0,0.96,0.496,0.12
58,2,0.453,0.8,0.457,0.93,0.707,0.55,0.203,0.11
59,2,0.726,1.0,0.73,0.92,0.414,0.14,-0.09,0.1
60,7,0.716,0.707,0.32,0.627,0.404,0.413,0.91,0.373
61,7,0.706,0.414,-0.09,0.334,0.394,0.686,1.0,0.646
62,3,0.696,0.687,0.91,0.607,0.384,0.393,0.59,0.353
63,3,0.686,0.96,1.0,0.88,0.374,0.1,0.18,0.06
64,,0.676,0.95,0.99,0.87,0.364,0.09,0.17,0.05
65,,0.666,0.94,0.98,0.86,0.354,0.08,0.16,0.04
66,,0.656,0.93,0.97,0.85,0.344,0.07,0.15,0.03
67,,0.646,0.92,0.96,0.84,0.334,0.06,0.14,0.02
68,,0.636,0.91,0.95,0.83,0.324,0.05,0.13,0.01
69,,0.626,0.9,0.94,0.82,0.314,0.04,0.12,0.0
70,,0.616,0.89,0.93,0.81,0.304,0.03,0.11,-0.01
71,8,0.889,0.88,0.637,0.4,0.011,0.02,0.383,0.99
72,8,1.0,0.87,0.344,-0.01,-0.282,0.01,0.656,1.0
73,5,0.59,0.577,0.334,0.263,0.718,0.283,0.646,0.707
74,5,0.18,0.284,0.324,0.536,1.0,0.556,0.636,0.414
75,,0.17,0.274,0.314,0.526,0.99,0.546,0.626,0.404
76,,0.16,0.264,0.304,0.516,0.98,0.536,0.616,0.394
77,,0.15,0.254,0.294,0.506,0.97,0.526,0.606,0.384
78,,0.14,0.244,0.284,0.496,0.96,0.516,0.596,0.374
79,,0.13,0.234,0.274,0.486,0.95,0.506,0.586,0.364
80,,0.12,0.224,0.264,0.476,0.94,0.496,0.576,0.354
81,,0.11,0.214,0.254,0.466,0.93,0.486,0.566,0.344
82,,0.1,0.204,0.244,0.456,0.92,0.476,0.556,0.334
83,,0.09,0.194,0.234,0.446,0.91,0.466,0.546,0.324
84,,0.08,0.184,0.224,0.436,0.9,0.456,0.536,0.314
85,,0.07,0.174,0.214,0.426,0.89,0.446,0.526,0.304
86,,0.06,0.164,0.204,0.416,0.88,0.436,0.516,0.294
87,,0.05,0.154,0.194,0.406,0.87,0.426,0.506,0.284
88,,0.04,0.144,0.184,0.396,0.86,0.416,0.496,0.274
89,,0.03,0.134,0.174,0.386,0.85,0.406,0.486,0.264
90,,0.02,0.124,0.164,0.376,0.84,0.396,0.476,0.254
91,,0.01,0.114,0.154,0.366,0.83,0.386,0.466,0.244
92,,0.0,0.104,0.144,0.356,0.82,0.376,0.456,0.234
93,,-0.01,0.094,0.134,0.346,0.81,0.366,0.446,0.224
94,1,0.99,0.367,0.124,0.053,0.4,0.073,0.436,0.497
95,1,1.0,0.64,0.114,-0.24,-0.01,-0.22,0.426,0.77
96,4,0.707,0.63,0.387,0.76,0.263,-0.23,0.133,0.36
97,4,0.414,0.62,0.66,1.0,0.536,-0.24,-0.16,-0.05
98,6,0.121,0.21,0.367,0.99,0.809,0.76,0.113,-0.06
99,6,-0.172,-0.2,0.074,0.98,1.0,1.0,0.386,-0.07
100,2,0.101,0.8,0.347,0.97,0.707,0.59,0.093,-0.08
101,2,0.374,1.0,0.62,0.96,0.414,0.18,-0.2,-0.09
102,7,0.364,0.707,0.21,0.667,0.404,0.453,0.8,0.183
103,7,0.354,0.414,-0.2,0.374,0.394,0.726,1.0,0.456
104,3,0.344,0.687,0.8,0.647,0.384,0.433,0.59,0.163
105,3,0.334,0.96,1.0,0.92,0.374,0.14,0.18,-0.13
106,8,0.607,0.95,0.707,0.51,0.081,0.13,0.453,0.87
107,8,0.88,0.94,0.414,0.1,-0.212,0.12,0.726,1.0
108,5,0.47,0.647,0.404,0.373,0.788,0.393,0.716,0.707
109,5,0.06,0.354,0.394,0.646,1.0,0.666,0.706,0.414
110,,0.05,0.344,0.384,0.636,0.99,0.656,0.696,0.404
111,,0.04,0.334,0.374,0.626,0.98,0.646,0.686,0.394
112,,0.03,0.324,0.364,0.616,0.97,0.636,0.676,0.384
113,,0.02,0.314,0.354,0.606,0.96,0.626,0.666,0.374
114,,0.01,0.304,0.344,0.596,0.95,0.616,0.656,0.364
115,,0.0,0.294,0.334,0.586,0.94,0.606,0.646,0.354
116,,-0.01,0.284,0.324,0.576,0.93,0.596,0.636,0.344
117,1,0.99,0.557,0.314,0.283,0.52,0.303,0.626,0.617
118,1,1.0,0.83,0.304,-0.01,0.11,0.01,0.616,0.89
119,4,0.707,0.82,0.577,0.99,0.383,0.0,0.323,0.48
120,4,0.414,0.81,0.85,1.0,0.656,-0.01,0.03,0.07
121,6,0.121,0.4,0.557,0.99,0.929,0.99,0.303,0.06
122,6,-0.172,-0.01,0.264,0.98,1.0,1.0,0.576,0.05
123,1,0.828,0.263,0.254,0.687,0.59,0.707,0.566,0.323
124,1,1.0,0.536,0.244,0.394,0.18,0.414,0.556,0.596
125,,0.99,0.526,0.234,0.384,0.17,0.404,0.546,0.586
126,,0.98,0.516,0.224,0.374,0.16,0.394,0.536,0.576
127,,0.97,0.506,0.214,0.364,0.15,0.384,0.526,0.566
128,,0.96,0.496,0.204,0.354,0.14,0.374,0.516,0.556
129,,0.95,0.486,0.194,0.344,0.13,0.364,0.506,0.546
130,,0.94,0.476,0.184,0.334,0.12,0.354,0.496,0.536
131,,0.93,0.466,0.174,0.324,0.11,0.344,0.486,0.526
132,,0.92,0.456,0.164,0.314,0.1,0.334,0.476,0.516
133,,0.91,0.446,0.154,0.304,0.09,0.324,0.466,0.506
134,,0.9,0.436,0.144,0.294,0.08,0.314,0.456,0.496
135,,0.89,0.426,0.134,0.284,0.07,0.304,0.446,0.486
136,,0.88,0.416,0.124,0.274,0.06,0.294,0.436,0.476
137,,0.87,0.406,0.114,0.264,0.05,0.284,0.426,0.466
138,,0.86,0.396,0.104,0.254,0.04,0.274,0.416,0.456
139,,0.85,0.386,0.094,0.244,0.03,0.264,0.406,0.446
140,,0.84,0.376,0.084,0.234,0.02,0.254,0.396,0.436
141,,0.83,0.366,0.074,0.224,0.01,0.244,0.386,0.426
142,,0.82,0.356,0.064,0.214,0.0,0.234,0.376,0.416
143,,0.81,0.346,0.054,0.204,-0.01,0.224,0.366,0.406
144,5,0.4,0.053,0.044,0.477,0.99,0.497,0.356,0.113
145,5,-0.01,-0.24,0.034,0.75,1.0,0.77,0.346,-0.18
146,2,0.263,0.76,0.307,0.74,0.707,0.36,0.053,-0.19
147,2,0.536,1.0,0.58,0.73,0.414,-0.05,-0.24,-0.2
148,7,0.526,0.707,0.17,0.437,0.404,0.223,0.76,0.073
149,7,0.516,0.414,-0.24,0.144,0.394,0.496,1.0,0.346
150,3,0.506,0.687,0.76,0.417,0.384,0.203,0.59,0.053
151,3,0.496,0.96,1.0,0.69,0.374,-0.09,0.18,-0.24
152,8,0.769,0.95,0.707,0.28,0.081,-0.1,0.453,0.76
153,8,1.0,0.94,0.414,-0.13,-0.212,-0.11,0.726,1.0
154,5,0.59,0.647,0.404,0.143,0.788,0.163,0.716,0.707
155,5,0.18,0.354,0.394,0.416,1.0,0.436,0.706,0.414
156,,0.17,0.344,0.384,0.406,0.99,0.426,0.696,0.404
157,,0.16,0.334,0.374,0.396,0.98,0.416,0.686,0.394
158,,0.15,0.324,0.364,0.386,0.97,0.406,0.676,0.384
159,,0.14,0.314,0.354,0.376,0.96,0.396,0.666,0.374
160,,0.13,0.304,0.344,0.366,0.95,0.386,0.656,0.364
161,,0.12,0.294,0.334,0.356,0.94,0.376,0.646,0.354
162,,0.11,0.284,0.324,0.346,0.93,0.366,0.636,0.344
163,,0.1,0.274,0.314,0.336,0.92,0.356,0.626,0.334
164,,0.09,0.264,0.304,0.326,0.91,0.346,0.616,0.324
165,,0.08,0.254,0.294,0.316,0.9,0.336,0.606,0.314
166,,0.07,0.244,0.284,0.306,0.89,0.326,0.596,0.304
167,,0.06,0.234,0.274,0.296,0.88,0.316,0.586,0.294
168,,0.05,0.224,0.264,0.286,0.87,0.306,0.576,0.284
169,,0.04,0.214,0.254,0.276,0.86,0.296,0.566,0.274
170,,0.03,0.204,0.244,0.266,0.85,0.286,0.556,0.264
171,,0.02,0.194,0.234,0.256,0.84,0.276,0.546,0.254
172,,0.01,0.184,0.224,0.246,0.83,0.266,0.536,0.244
173,,0.0,0.174,0.214,0.236,0.82,0.256,0.526,0.234
174,,-0.01,0.164,0.204,0.226,0.81,0.246,0.516,0.224
175,1,0.99,0.437,0.194,-0.067,0.4,-0.047,0.506,0.497
176,1,1.0,0.71,0.184,-0.36,-0.01,-0.34,0.496,0.77
177,4,0.707,0.7,0.457,0.64,0.263,-0.35,0.203,0.36
178,4,0.414,0.69,0.73,1.0,0.536,-0.36,-0.09,-0.05
179,6,0.121,0.28,0.437,0.99,0.809,0.64,0.183,-0.06
180,6,-0.172,-0.13,0.144,0.98,1.0,1.0,0.456,-0.07
181,1,0.828,0.143,0.134,0.687,0.59,0.707,0.446,0.203
182,1,1.0,0.416,0.124,0.394,0.18,0.414,0.436,0.476
183,,0.99,0.406,0.114,0.384,0.17,0.404,0.426,0.466
184,,0.98,0.396,0.104,0.374,0.16,0.394,0.416,0.456
185,,0.97,0.386,0.094,0.364,0.15,0.384,0.406,0.446
186,,0.96,0.376,0.084,0.354,0.14,0.374,0.396,0.436
187,,0.95,0.366,0.074,0.344,0.13,0.364,0.386,0.426
188,,0.94,0.356,0.064,0.334,0.12,0.354,0.376,0.416
189,,0.93,0.346,0.054,0.324,0.11,0.344,0.366,0.406
190,,0.92,0.336,0.044,0.314,0.1,0.334,0.356,0.396
191,,0.91,0.326,0.034,0.304,0.09,0.324,0.346,0.386
192,,0.9,0.316,0.024,0.294,0.08,0.314,0.336,0.376
193,,0.89,0.306,0.014,0.284,0.07,0.304,0.326,0.366
194,,0.88,0.296,0.004,0.274,0.06,0.294,0.316,0.356
195,,0.87,0.286,-0.006,0.264,0.05,0.284,0.306,0.346
196,3,0.86,0.559,0.994,0.537,0.04,-0.009,-0.104,0.053
197,3,0.85,0.832,1.0,0.81,0.03,-0.302,-0.514,-0.24
198,7,0.84,0.539,0.59,0.517,0.02,-0.029,0.486,0.033
199,7,0.83,0.246,0.18,0.224,0.01,0.244,1.0,0.306
200,,0.82,0.236,0.17,0.214,0.0,0.234,0.99,0.296
201,,0.81,0.226,0.16,0.204,-0.01,0.224,0.98,0.286
202,5,0.4,-0.067,0.15,0.477,0.99,0.497,0.97,-0.007
203,5,-0.01,-0.36,0.14,0.75,1.0,0.77,0.96,-0.3
204,2,0.263,0.64,0.413,0.74,0.707,0.36,0.667,-0.31
205,2,0.536,1.0,0.686,0.73,0.414,-0.05,0.374,-0.32
206,8,0.809,0.99,0.393,0.32,0.121,-0.06,0.647,0.68
207,8,1.0,0.98,0.1,-0.09,-0.172,-0.07,0.92,1.0
208,5,0.59,0.687,0.09,0.183,0.828,0.203,0.91,0.707
209,5,0.18,0.394,0.08,0.456,1.0,0.476,0.9,0.414
210,,0.17,0.384,0.07,0.446,0.99,0.466,0.89,0.404
211,,0.16,0.374,0.06,0.436,0.98,0.456,0.88,0.394
212,,0.15,0.364,0.05,0.426,0.97,0.446,0.87,0.384
213,,0.14,0.354,0.04,0.416,0.96,0.436,0.86,0.374
214,,0.13,0.344,0.03,0.406,0.95,0.426,0.85,0.364
215,,0.12,0.334,0.02,0.396,0.94,0.416,0.84,0.354
216,,0.11,0.324,0.01,0.386,0.93,0.406,0.83,0.344
217,,0.1,0.314,0.0,0.376,0.92,0.396,0.82,0.334
218,,0.09,0.304,-0.01,0.366,0.91,0.386,0.81,0.324
219,3,0.08,0.577,0.99,0.639,0.9,0.093,0.4,0.031
220,3,0.07,0.85,1.0,0.912,0.89,-0.2,-0.01,-0.262
221,8,0.343,0.84,0.707,0.502,0.597,-0.21,0.263,0.738
222,8,0.616,0.83,0.414,0.092,0.304,-0.22,0.536,1.0
223,6,0.323,0.42,0.121,0.082,0.577,0.78,0.809,0.99
224,6,0.03,0.01,-0.172,0.072,0.85,1.0,1.0,0.98
225,3,0.02,0.283,0.828,0.345,0.84,0.707,0.59,0.687
226,3,0.01,0.556,1.0,0.618,0.83,0.414,0.18,0.394
227,,0.0,0.546,0.99,0.608,0.82,0.404,0.17,0.384
228,,-0.01,0.536,0.98,0.598,0.81,0.394,0.16,0.374
229,1,0.99,0.809,0.97,0.305,0.4,0.101,0.15,0.647
230,1,1.0,1.0,0.96,0.012,-0.01,-0.192,0.14,0.92
231,6,0.707,0.59,0.667,0.002,0.263,0.808,0.413,0.91
232,6,0.414,0.18,0.374,-0.008,0.536,1.0,0.686,0.9
233,4,0.121,0.17,0.647,0.992,0.809,0.99,0.393,0.49
234,4,-0.172,0.16,0.92,1.0,1.0,0.98,0.1,0.08
235,1,0.828,0.433,0.91,0.707,0.59,0.687,0.09,0.353
236,1,1.0,0.706,0.9,0.414,0.18,0.394,0.08,0.626
237,,0.99,0.696,0.89,0.404,0.17,0.384,0.07,0.616
238,,0.98,0.686,0.88,0.394,0.16,0.374,0.06,0.606
239,,0.97,0.676,0.87,0.384,0.15,0.364,0.05,0.596
240,,0.96,0.666,0.86,0.374,0.14,0.354,0.04,0.586
241,,0.95,0.656,0.85,0.364,0.13,0.344,0.03,0.576
242,,0.94,0.646,0.84,0.354,0.12,0.334,0.02,0.566
243,,0.93,0.636,0.83,0.344,0.11,0.324,0.01,0.556
244,,0.92,0.626,0.82,0.334,0.1,0.314,0.0,0.546
245,,0.91,0.616,0.81,0.324,0.09,0.304,-0.01,0.536
246,7,0.9,0.323,0.4,0.031,0.08,0.577,0.99,0.809
247,7,0.89,0.03,-0.01,-0.262,0.07,0.85,1.0,1.0
248,4,0.597,0.02,0.263,0.738,0.343,0.84,0.707,0.59
249,4,0.304,0.01,0.536,1.0,0.616,0.83,0.414,0.18
250,,0.294,0.0,0.526,0.99,0.606,0.82,0.404,0.17
251,,0.284,-0.01,0.516,0.98,0.596,0.81,0.394,0.16
252,2,0.557,0.99,0.789,0.97,0.303,0.4,0.101,0.15
253,2,0.83,1.0,1.0,0.96,0.01,-0.01,-0.192,0.14
254,7,0.82,0.707,0.59,0.667,0.0,0.263,0.808,0.413
255,7,0.81,0.414,0.18,0.374,-0.01,0.536,1.0,0.686
256,5,0.4,0.121,0.17,0.647,0.99,0.809,0.99,0.393
257,5,-0.01,-0.172,0.16,0.92,1.0,1.0,0.98,0.1
258,2,0.263,0.828,0.433,0.91,0.707,0.59,0.687,0.09
259,2,0.536,1.0,0.706,0.9,0.414,0.18,0.394,0.08
260,,0.526,0.99,0.696,0.89,0.404,0.17,0.384,0.07
261,,0.516,0.98,0.686,0.88,0.394,0.16,0.374,0.06
262,,0.506,0.97,0.676,0.87,0.384,0.15,0.364,0.05
263,,0.496,0.96,0.666,0.86,0.374,0.14,0.354,0.04
264,,0.486,0.95,0.656,0.85,0.364,0.13,0.344,0.03
265,,0.476,0.94,0.646,0.84,0.354,0.12,0.334,0.02
266,,0.466,0.93,0.636,0.83,0.344,0.11,0.324,0.01
267,,0.456,0.92,0.626,0.82,0.334,0.1,0.314,0.0
268,,0.446,0.91,0.616,0.81,0.324,0.09,0.304,-0.01
269,8,0.719,0.9,0.323,0.4,0.031,0.08,0.577,0.99
270,8,0.992,0.89,0.03,-0.01,-0.262,0.07,0.85,1.0
271,5,0.582,0.597,0.02,0.263,0.738,0.343,0.84,0.707
272,5,0.172,0.304,0.01,0.536,1.0,0.616,0.83,0.414
273,,0.162,0.294,0.0,0.526,0.99,0.606,0.82,0.404
274,,0.152,0.284,-0.01,0.516,0.98,0.596,0.81,0.394
275,3,0.142,0.557,0.99,0.789,0.97,0.303,0.4,0.101
276,3,0.132,0.83,1.0,1.0,0.96,0.01,-0.01,-0.192
277,8,0.405,0.82,0.707,0.59,0.667,0.0,0.263,0.808
278,8,0.678,0.81,0.414,0.18,0.374,-0.01,0.536,1.0
279,6,0.385,0.4,0.121,0.17,0.647,0.99,0.809,0.99
280,6,0.092,-0.01,-0.172,0.16,0.92,1.0,1.0,0.98
281,3,0.082,0.263,0.828,0.433,0.91,0.707,0.59,0.687
282,3,0.072,0.536,1.0,0.706,0.9,0.414,0.18,0.394
283,,0.062,0.526,0.99,0.696,0.89,0.404,0.17,0.384
284,,0.052,0.516,0.98,0.686,0.88,0.394,0.16,0.374
285,,0.042,0.506,0.97,0.676,0.87,0.384,0.15,0.364
286,,0.032,0.496,0.96,0.666,0.86,0.374,0.14,0.354
287,,0.022,0.486,0.95,0.656,0.85,0.364,0.13,0.344
288,,0.012,0.476,0.94,0.646,0.84,0.354,0.12,0.334
289,,0.002,0.466,0.93,0.636,0.83,0.344,0.11,0.324
290,,-0.008,0.456,0.92,0.626,0.82,0.334,0.1,0.314
291,1,0.992,0.729,0.91,0.333,0.41,0.041,0.09,0.587
292,1,1.0,1.0,0.9,0.04,-0.0,-0.252,0.08,0.86
293,6,0.707,0.59,0.607,0.03,0.273,0.748,0.353,0.85
294,6,0.414,0.18,0.314,0.02,0.546,1.0,0.626,0.84
295,,0.404,0.17,0.304,0.01,0.536,0.99,0.616,0.83
296,,0.394,0.16,0.294,0.0,0.526,0.98,0.606,0.82
297,,0.384,0.15,0.284,-0.01,0.516,0.97,0.596,0.81
298,4,0.091,0.14,0.557,0.99,0.789,0.96,0.303,0.4
299,4,-0.202,0.13,0.83,1.0,1.0,0.95,0.01,-0.01
300,1,0.798,0.403,0.82,0.707,0.59,0.657,0.0,0.263
301,1,1.0,0.676,0.81,0.414,0.18,0.364,-0.01,0.536
302,7,0.99,0.383,0.4,0.121,0.17,0.637,0.99,0.809
303,7,0.98,0.09,-0.01,-0.172,0.16,0.91,1.0,1.0
304,4,0.687,0.08,0.263,0.828,0.433,0.9,0.707,0.59
305,4,0.394,0.07,0.536,1.0,0.706,0.89,0.414,0.18
306,,0.384,0.06,0.526,0.99,0.696,0.88,0.404,0.17
307,,0.374,0.05,0.516,0.98,0.686,0.87,0.394,0.16
308,,0.364,0.04,0.506,0.97,0.676,0.86,0.384,0.15
309,,0.354,0.03,0.496,0.96,0.666,0.85,0.374,0.14
310,,0.344,0.02,0.486,0.95,0.656,0.84,0.364,0.13
311,,0.334,0.01,0.476,0.94,0.646,0.83,0.354,0.12
312,,0.324,0.0,0.466,0.93,0.636,0.82,0.344,0.11
313,,0.314,-0.01,0.456,0.92,0.626,0.81,0.334,0.1
314,2,0.587,0.99,0.729,0.91,0.333,0.4,0.041,0.09
315,2,0.86,1.0,1.0,0.9,0.04,-0.01,-0.252,0.08
316,7,0.85,0.707,0.59,0.607,0.03,0.263,0.748,0.353
317,7,0.84,0.414,0.18,0.314,0.02,0.536,1.0,0.626
318,,0.83,0.404,0.17,0.304,0.01,0.526,0.99,0.616
319,,0.82,0.394,0.16,0.294,0.0,0.516,0.98,0.606
320,,0.81,0.384,0.15,0.284,-0.01,0.506,0.97,0.596
321,5,0.4,0.091,0.14,0.557,0.99,0.779,0.96,0.303
322,5,-0.01,-0.202,0.13,0.83,1.0,1.0,0.95,0.01
323,2,0.263,0.798,0.403,0.82,0.707,0.59,0.657,0.0
324,2,0.536,1.0,0.676,0.81,0.414,0.18,0.364,-0.01
325,8,0.809,0.99,0.383,0.4,0.121,0.17,0.637,0.99
326,8,1.0,0.98,0.09,-0.01,-0.172,0.16,0.91,1.0
327,5,0.59,0.687,0.08,0.263,0.828,0.433,0.9,0.707
328,5,0.18,0.394,0.07,0.536,1.0,0.706,0.89,0.414
329,,0.17,0.384,0.06,0.526,0.99,0.696,0.88,0.404
330,,0.16,0.374,0.05,0.516,0.98,0.686,0.87,0.394
331,,0.15,0.364,0.04,0.506,0.97,0.676,0.86,0.384
332,,0.14,0.354,0.03,0.496,0.96,0.666,0.85,0.374
333,,0.13,0.344,0.02,0.486,0.95,0.656,0.84,0.364
334,,0.12,0.334,0.01,0.476,0.94,0.646,0.83,0.354
335,,0.11,0.324,0.0,0.466,0.93,0.636,0.82,0.344
336,,0.1,0.314,-0.01,0.456,0.92,0.626,0.81,0.334
337,3,0.09,0.587,0.99,0.729,0.91,0.333,0.4,0.041
338,3,0.08,0.86,1.0,1.0,0.9,0.04,-0.01,-0.252
339,8,0.353,0.85,0.707,0.59,0.607,0.03,0.263,0.748
340,8,0.626,0.84,0.414,0.18,0.314,0.02,0.536,1.0
341,,0.616,0.83,0.404,0.17,0.304,0.01,0.526,0.99
342,,0.606,0.82,0.394,0.16,0.294,0.0,0.516,0.98
343,,0.596,0.81,0.384,0.15,0.284,-0.01,0.506,0.97
344,6,0.303,0.4,0.091,0.14,0.557,0.99,0.779,0.96
345,6,0.01,-0.01,-0.202,0.13,0.83,1.0,1.0,0.95
346,3,0.0,0.263,0.798,0.403,0.82,0.707,0.59,0.657
347,3,-0.01,0.536,1.0,0.676,0.81,0.414,0.18,0.364
348,1,0.99,0.809,0.99,0.383,0.4,0.121,0.17,0.637
349,1,1.0,1.0,0.98,0.09,-0.01,-0.172,0.16,0.91
350,6,0.707,0.59,0.687,0.08,0.263,0.828,0.433,0.9
351,6,0.414,0.18,0.394,0.07,0.536,1.0,0.706,0.89
352,,0.404,0.17,0.384,0.06,0.526,0.99,0.696,0.88
353,,0.394,0.16,0.374,0.05,0.516,0.98,0.686,0.87
354,,0.384,0.15,0.364,0.04,0.506,0.97,0.676,0.86
355,,0.374,0.14,0.354,0.03,0.496,0.96,0.666,0.85
356,,0.364,0.13,0.344,0.02,0.486,0.95,0.656,0.84
357,,0.354,0.12,0.334,0.01,0.476,0.94,0.646,0.83
358,,0.344,0.11,0.324,0.0,0.466,0.93,0.636,0.82
359,,0.334,0.1,0.314,-0.01,0.456,0.92,0.626,0.81
360,4,0.041,0.09,0.587,0.99,0.729,0.91,0.333,0.4
361,4,-0.252,0.08,0.86,1.0,1.0,0.9,0.04,-0.01
362,1,0.748,0.353,0.85,0.707,0.59,0.607,0.03,0.263
363,1,1.0,0.626,0.84,0.414,0.18,0.314,0.02,0.536
364,,0.99,0.616,0.83,0.404,0.17,0.304,0.01,0.526
365,,0.98,0.606,0.82,0.394,0.16,0.294,0.0,0.516
366,,0.97,0.596,0.81,0.384,0.15,0.284,-0.01,0.506
367,7,0.96,0.303,0.4,0.091,0.14,0.557,0.99,0.779
368,7,0.95,0.01,-0.01,-0.202,0.13,0.83,1.0,1.0
369,4,0.657,0.0,0.263,0.798,0.403,0.82,0.707,0.59
370,4,0.364,-0.01,0.536,1.0,0.676,0.81,0.414,0.18
371,2,0.637,0.99,0.809,0.99,0.383,0.4,0.121,0.17
372,2,0.91,1.0,1.0,0.98,0.09,-0.01,-0.172,0.16
373,7,0.9,0.707,0.59,0.687,0.08,0.263,0.828,0.433
374,7,0.89,0.414,0.18,0.394,0.07,0.536,1.0,0.706
375,,0.88,0.404,0.17,0.384,0.06,0.526,0.99,0.696
376,,0.87,0.394,0.16,0.374,0.05,0.516,0.98,0.686
377,,0.86,0.384,0.15,0.364,0.04,0.506,0.97,0.676
378,,0.85,0.374,0.14,0.354,0.03,0.496,0.96,0.666
379,,0.84,0.364,0.13,0.344,0.02,0.486,0.95,0.656
380,,0.83,0.354,0.12,0.334,0.01,0.476,0.94,0.646
381,,0.82,0.344,0.11,0.324,0.0,0.466,0.93,0.636
382,,0.81,0.334,0.1,0.314,-0.01,0.456,0.92,0.626
383,5,0.4,0.041,0.09,0.587,0.99,0.729,0.91,0.333
384,5,-0.01,-0.252,0.08,0.86,1.0,1.0,0.9,0.04
385,2,0.263,0.748,0.353,0.85,0.707,0.59,0.607,0.03
386,2,0.536,1.0,0.626,0.84,0.414,0.18,0.314,0.02
387,,0.526,0.99,0.616,0.83,0.404,0.17,0.304,0.01
388,,0.516,0.98,0.606,0.82,0.394,0.16,0.294,0.0
389,,0.506,0.97,0.596,0.81,0.384,0.15,0.284,-0.01
390,8,0.779,0.96,0.303,0.4,0.091,0.14,0.557,0.99
391,8,1.0,0.95,0.01,-0.01,-0.202,0.13,0.83,1.0
392,5,0.59,0.657,0.0,0.263,0.798,0.403,0.82,0.707
393,5,0.18,0.364,-0.01,0.536,1.0,0.676,0.81,0.414
394,3,0.17,0.637,0.99,0.809,0.99,0.383,0.4,0.121
395,3,0.16,0.91,1.0,1.0,0.98,0.09,-0.01,-0.172
396,8,0.433,0.9,0.707,0.59,0.687,0.08,0.263,0.828
397,8,0.706,0.89,0.414,0.18,0.394,0.07,0.536,1.0
398,,0.696,0.88,0.404,0.17,0.384,0.06,0.526,0.99
399,,0.686,0.87,0.394,0.16,0.374,0.05,0.516,0.98
400,,0.676,0.86,0.384,0.15,0.364,0.04,0.506,0.97
401,,0.666,0.85,0.374,0.14,0.354,0.03,0.496,0.96
402,,0.656,0.84,0.364,0.13,0.344,0.02,0.486,0.95
403,,0.646,0.83,0.354,0.12,0.334,0.01,0.476,0.94
404,,0.636,0.82,0.344,0.11,0.324,0.0,0.466,0.93
405,,0.626,0.81,0.334,0.1,0.314,-0.01,0.456,0.92
406,6,0.333,0.4,0.041,0.09,0.587,0.99,0.729,0.91
407,6,0.04,-0.01,-0.252,0.08,0.86,1.0,1.0,0.9
408,3,0.03,0.263,0.748,0.353,0.85,0.707,0.59,0.607
409,3,0.02,0.536,1.0,0.626,0.84,0.414,0.18,0.314
410,,0.01,0.526,0.99,0.616,0.83,0.404,0.17,0.304
411,,0.0,0.516,0.98,0.606,0.82,0.394,0.16,0.294
412,,-0.01,0.506,0.97,0.596,0.81,0.384,0.15,0.284
413,1,0.99,0.779,0.96,0.303,0.4,0.091,0.14,0.557
414,1,1.0,1.0,0.95,0.01,-0.01,-0.202,0.13,0.83
415,6,0.707,0.59,0.657,0.0,0.263,0.798,0.403,0.82
416,6,0.414,0.18,0.364,-0.01,0.536,1.0,0.676,0.81
417,4,0.121,0.17,0.637,0.99,0.809,0.99,0.383,0.4
418,4,-0.172,0.16,0.91,1.0,1.0,0.98,0.09,-0.01
419,1,0.828,0.433,0.9,0.707,0.59,0.687,0.08,0.263
420,1,1.0,0.706,0.89,0.414,0.18,0.394,0.07,0.536
421,,0.99,0.696,0.88,0.404,0.17,0.384,0.06,0.526
422,,0.98,0.686,0.87,0.394,0.16,0.374,0.05,0.516
423,,0.97,0.676,0.86,0.384,0.15,0.364,0.04,0.506
424,,0.96,0.666,0.85,0.374,0.14,0.354,0.03,0.496
425,,0.95,0.656,0.84,0.364,0.13,0.344,0.02,0.486
426,,0.94,0.646,0.83,0.354,0.12,0.334,0.01,0.476
427,,0.93,0.636,0.82,0.344,0.11,0.324,0.0,0.466
428,,0.92,0.626,0.81,0.334,0.1,0.314,-0.01,0.456
429,7,0.91,0.333,0.4,0.041,0.09,0.587,0.99,0.729
430,7,0.9,0.04,-0.01,-0.252,0.08,0.86,1.0,1.0
431,4,0.607,0.03,0.263,0.748,0.353,0.85,0.707,0.59
432,4,0.314,0.02,0.536,1.0,0.626,0.84,0.414,0.18
433,,0.304,0.01,0.526,0.99,0.616,0.83,0.404,0.17
434,,0.294,0.0,0.516,0.98,0.606,0.82,0.394,0.16
435,,0.284,-0.01,0.506,0.97,0.596,0.81,0.384,0.15
436,2,0.557,0.99,0.779,0.96,0.303,0.4,0.091,0.14
437,2,0.83,1.0,1.0,0.95,0.01,-0.01,-0.202,0.13
438,7,0.82,0.707,0.59,0.657,0.0,0.263,0.798,0.403
439,7,0.81,0.414,0.18,0.364,-0.01,0.536,1.0,0.676
440,5,0.4,0.121,0.17,0.637,0.99,0.809,0.99,0.383
441,5,-0.01,-0.172,0.16,0.91,1.0,1.0,0.98,0.09
442,2,0.263,0.828,0.433,0.9,0.707,0.59,0.687,0.08
443,2,0.536,1.0,0.706,0.89,0.414,0.18,0.394,0.07
444,,0.526,0.99,0.696,0.88,0.404,0.17,0.384,0.06
445,,0.516,0.98,0.686,0.87,0.394,0.16,0.374,0.05
446,,0.506,0.97,0.676,0.86,0.384,0.15,0.364,0.04
447,,0.496,0.96,0.666,0.85,0.374,0.14,0.354,0.03
448,,0.486,0.95,0.656,0.84,0.364,0.13,0.344,0.02
449,,0.476,0.94,0.646,0.83,0.354,0.12,0.334,0.01
450,,0.466,0.93,0.636,0.82,0.344,0.11,0.324,0.0
451,,0.456,0.92,0.626,0.81,0.334,0.1,0.314,-0.01
452,8,0.729,0.91,0.333,0.4,0.041,0.09,0.587,0.99
453,8,1.0,0.9,0.04,-0.01,-0.252,0.08,0.86,1.0
454,5,0.59,0.607,0.03,0.263,0.748,0.353,0.85,0.707
455,5,0.18,0.314,0.02,0.536,1.0,0.626,0.84,0.414
456,,0.17,0.304,0.01,0.526,0.99,0.616,0.83,0.404
457,,0.16,0.294,0.0,0.516,0.98,0.606,0.82,0.394
458,,0.15,0.284,-0.01,0.506,0.97,0.596,0.81,0.384
459,3,0.14,0.557,0.99,0.779,0.96,0.303,0.4,0.091
460,3,0.13,0.83,1.0,1.0,0.95,0.01,-0.01,-0.202
461,8,0.403,0.82,0.707,0.59,0.657,0.0,0.263,0.798
462,8,0.676,0.81,0.414,0.18,0.364,-0.01,0.536,1.0
463,6,0.383,0.4,0.121,0.17,0.637,0.99,0.809,0.99
464,6,0.09,-0.01,-0.172,0.16,0.91,1.0,1.0,0.98
465,3,0.08,0.263,0.828,0.433,0.9,0.707,0.59,0.687
466,3,0.07,0.536,1.0,0.706,0.89,0.414,0.18,0.394
467,,0.06,0.526,0.99,0.696,0.88,0.404,0.17,0.384
468,,0.05,0.516,0.98,0.686,0.87,0.394,0.16,0.374
469,,0.04,0.506,0.97,0.676,0.86,0.384,0.15,0.364
470,,0.03,0.496,0.96,0.666,0.85,0.374,0.14,0.354
471,,0.02,0.486,0.95,0.656,0.84,0.364,0.13,0.344
472,,0.01,0.476,0.94,0.646,0.83,0.354,0.12,0.334
473,,0.0,0.466,0.93,0.636,0.82,0.344,0.11,0.324
474,,-0.01,0.456,0.92,0.626,0.81,0.334,0.1,0.314
475,1,0.99,0.729,0.91,0.333,0.4,0.041,0.09,0.587
476,1,1.0,1.0,0.9,0.04,-0.01,-0.252,0.08,0.86
477,6,0.707,0.59,0.607,0.03,0.263,0.748,0.353,0.85
478,6,0.414,0.18,0.314,0.02,0.536,1.0,0.626,0.84
479,,0.404,0.17,0.304,0.01,0.526,0.99,0.616,0.83
480,,0.394,0.16,0.294,0.0,0.516,0.98,0.606,0.82
481,,0.384,0.15,0.284,-0.01,0.506,0.97,0.596,0.81
482,4,0.091,0.14,0.557,0.99,0.779,0.96,0.303,0.4
483,4,-0.202,0.13,0.83,1.0,1.0,0.95,0.01,-0.01
484,1,0.798,0.403,0.82,0.707,0.59,0.657,0.0,0.263
485,1,1.0,0.676,0.81,0.414,0.18,0.364,-0.01,0.536
486,7,0.99,0.383,0.4,0.121,0.17,0.637,0.99,0.809
487,7,0.98,0.09,-0.01,-0.172,0.16,0.91,1.0,1.0
488,4,0.687,0.08,0.263,0.828,0.433,0.9,0.707,0.59
489,4,0.394,0.07,0.536,1.0,0.706,0.89,0.414,0.18
490,,0.384,0.06,0.526,0.99,0.696,0.88,0.404,0.17
491,,0.374,0.05,0.516,0.98,0.686,0.87,0.394,0.16
492,,0.364,0.04,0.506,0.97,0.676,0.86,0.384,0.15
493,,0.354,0.03,0.496,0.96,0.666,0.85,0.374,0.14
494,,0.344,0.02,0.486,0.95,0.656,0.84,0.364,0.13
495,,0.334,0.01,0.476,0.94,0.646,0.83,0.354,0.12
496,,0.324,0.0,0.466,0.93,0.636,0.82,0.344,0.11
497,,0.314,-0.01,0.456,0.92,0.626,0.81,0.334,0.1
498,2,0.587,0.99,0.729,0.91,0.333,0.4,0.041,0.09
499,2,0.86,1.0,1.0,0.9,0.04,-0.01,-0.252,0.08
