step,active_motive,motive_1,motive_2,motive_3,motive_4,motive_5,motive_6,motive_7,motive_8
0,,0.08094,0.08101,0.08671,0.09132,0.05113,0.05015,0.07983,0.065
1,,0.07094,0.07101,0.07671,0.08132,0.04113,0.04015,0.06983,0.055
2,,0.06094,0.06101,0.06671,0.07132,0.03113,0.03015,0.05983,0.045
3,,0.05094,0.05101,0.05671,0.06132,0.02113,0.02015,0.04983,0.035
4,,0.04094,0.04101,0.04671,0.05132,0.01113,0.01015,0.03983,0.025
5,,0.03094,0.03101,0.03671,0.04132,0.00113,0.00015,0.02983,0.015
6,,0.02094,0.02101,0.02671,0.03132,-0.00887,-0.00985,0.01983,0.005
7,6,-0.27206,-0.38899,-0.26629,0.02132,0.26413,0.99015,0.29283,-0.005
8,6,-0.56506,-0.79899,-0.55929,0.01132,0.53713,1.0,0.56583,-0.015
9,2,-0.29206,0.20101,-0.28629,0.00132,0.24413,0.59,0.27283,-0.025
10,2,-0.01906,1.0,-0.01329,-0.00868,-0.04887,0.18,-0.02017,-0.035
11,5,-0.42906,0.707,-0.02329,0.26432,0.95113,0.453,-0.03017,-0.328
12,5,-0.83906,0.414,-0.03329,0.53732,1.0,0.726,-0.04017,-0.621
13,1,0.16094,0.687,-0.04329,0.24432,0.59,0.433,-0.05017,-0.348
14,1,1.0,0.96,-0.05329,-0.04868,0.18,0.14,-0.06017,-0.075
15,8,1.0,0.95,-0.34629,-0.45868,-0.113,0.13,0.21283,0.925
16,8,1.0,0.94,-0.63929,-0.86868,-0.406,0.12,0.48583,1.0
17,4,0.707,0.93,-0.36629,0.13132,-0.133,0.11,0.19283,0.59
18,4,0.414,0.92,-0.09329,1.0,0.14,0.1,-0.10017,0.18
19,7,0.404,0.627,-0.50329,0.707,0.13,0.373,0.89983,0.453
20,7,0.394,0.334,-0.91329,0.414,0.12,0.646,1.0,0.726
21,3,0.384,0.607,0.08671,0.687,0.11,0.353,0.59,0.433
22,3,0.374,0.88,1.0,0.96,0.1,0.06,0.18,0.14
23,,0.364,0.87,0.99,0.95,0.09,0.05,0.17,0.13
24,,0.354,0.86,0.98,0.94,0.08,0.04,0.16,0.12
25,,0.344,0.85,0.97,0.93,0.07,0.03,0.15,0.11
26,,0.334,0.84,0.96,0.92,0.06,0.02,0.14,0.1
27,,0.324,0.83,0.95,0.91,0.05,0.01,0.13,0.09
28,,0.314,0.82,0.94,0.9,0.04,0.0,0.12,0.08
29,,0.304,0.81,0.93,0.89,0.03,-0.01,0.11,0.07
30,6,0.011,0.4,0.637,0.88,0.303,0.99,0.383,0.06
31,6,-0.282,-0.01,0.344,0.87,0.576,1.0,0.656,0.05
32,1,0.718,0.263,0.334,0.577,0.166,0.707,0.646,0.323
33,1,1.0,0.536,0.324,0.284,-0.244,0.414,0.636,0.596
34,5,0.59,0.243,0.314,0.557,0.756,0.687,0.626,0.303
35,5,0.18,-0.05,0.304,0.83,1.0,0.96,0.616,0.01
36,2,0.453,0.95,0.577,0.82,0.707,0.55,0.323,0.0
37,2,0.726,1.0,0.85,0.81,0.414,0.14,0.03,-0.01
38,8,0.999,0.99,0.557,0.4,0.121,0.13,0.303,0.99
39,8,1.0,0.98,0.264,-0.01,-0.172,0.12,0.576,1.0
40,5,0.59,0.687,0.254,0.263,0.828,0.393,0.566,0.707
41,5,0.18,0.394,0.244,0.536,1.0,0.666,0.556,0.414
42,,0.17,0.384,0.234,0.526,0.99,0.656,0.546,0.404
43,,0.16,0.374,0.224,0.516,0.98,0.646,0.536,0.394
44,,0.15,0.364,0.214,0.506,0.97,0.636,0.526,0.384
45,,0.14,0.354,0.204,0.496,0.96,0.626,0.516,0.374
46,,0.13,0.344,0.194,0.486,0.95,0.616,0.506,0.364
47,,0.12,0.334,0.184,0.476,0.94,0.606,0.496,0.354
48,,0.11,0.324,0.174,0.466,0.93,0.596,0.486,0.344
49,,0.1,0.314,0.164,0.456,0.92,0.586,0.476,0.334
50,,0.09,0.304,0.154,0.446,0.91,0.576,0.466,0.324
51,,0.08,0.294,0.144,0.436,0.9,0.566,0.456,0.314
52,,0.07,0.284,0.134,0.426,0.89,0.556,0.446,0.304
53,,0.06,0.274,0.124,0.416,0.88,0.546,0.436,0.294
54,,0.05,0.264,0.114,0.406,0.87,0.536,0.426,0.284
55,,0.04,0.254,0.104,0.396,0.86,0.526,0.416,0.274
56,,0.03,0.244,0.094,0.386,0.85,0.516,0.406,0.264
57,,0.02,0.234,0.084,0.376,0.84,0.506,0.396,0.254
58,,0.01,0.224,0.074,0.366,0.83,0.496,0.386,0.244
59,,0.0,0.214,0.064,0.356,0.82,0.486,0.376,0.234
60,,-0.01,0.204,0.054,0.346,0.81,0.476,0.366,0.224
61,1,0.99,0.477,0.044,0.053,0.4,0.183,0.356,0.497
62,1,1.0,0.75,0.034,-0.24,-0.01,-0.11,0.346,0.77
63,4,0.707,0.74,0.307,0.76,0.263,-0.12,0.053,0.36
64,4,0.414,0.73,0.58,1.0,0.536,-0.13,-0.24,-0.05
65,7,0.404,0.437,0.17,0.707,0.526,0.143,0.76,0.223
66,7,0.394,0.144,-0.24,0.414,0.516,0.416,1.0,0.496
67,3,0.384,0.417,0.76,0.687,0.506,0.123,0.59,0.203
68,3,0.374,0.69,1.0,0.96,0.496,-0.17,0.18,-0.09
69,6,0.081,0.28,0.707,0.95,0.769,0.83,0.453,-0.1
70,6,-0.212,-0.13,0.414,0.94,1.0,1.0,0.726,-0.11
71,1,0.788,0.143,0.404,0.647,0.59,0.707,0.716,0.163
72,1,1.0,0.416,0.394,0.354,0.18,0.414,0.706,0.436
73,,0.99,0.406,0.384,0.344,0.17,0.404,0.696,0.426
74,,0.98,0.396,0.374,0.334,0.16,0.394,0.686,0.416
75,,0.97,0.386,0.364,0.324,0.15,0.384,0.676,0.406
76,,0.96,0.376,0.354,0.314,0.14,0.374,0.666,0.396
77,,0.95,0.366,0.344,0.304,0.13,0.364,0.656,0.386
78,,0.94,0.356,0.334,0.294,0.12,0.354,0.646,0.376
79,,0.93,0.346,0.324,0.284,0.11,0.344,0.636,0.366
80,,0.92,0.336,0.314,0.274,0.1,0.334,0.626,0.356
81,,0.91,0.326,0.304,0.264,0.09,0.324,0.616,0.346
82,,0.9,0.316,0.294,0.254,0.08,0.314,0.606,0.336
83,,0.89,0.306,0.284,0.244,0.07,0.304,0.596,0.326
84,,0.88,0.296,0.274,0.234,0.06,0.294,0.586,0.316
85,,0.87,0.286,0.264,0.224,0.05,0.284,0.576,0.306
86,,0.86,0.276,0.254,0.214,0.04,0.274,0.566,0.296
87,,0.85,0.266,0.244,0.204,0.03,0.264,0.556,0.286
88,,0.84,0.256,0.234,0.194,0.02,0.254,0.546,0.276
89,,0.83,0.246,0.224,0.184,0.01,0.244,0.536,0.266
90,,0.82,0.236,0.214,0.174,0.0,0.234,0.526,0.256
91,,0.81,0.226,0.204,0.164,-0.01,0.224,0.516,0.246
92,5,0.4,-0.067,0.194,0.437,0.99,0.497,0.506,-0.047
93,5,-0.01,-0.36,0.184,0.71,1.0,0.77,0.496,-0.34
94,2,0.263,0.64,0.457,0.7,0.707,0.36,0.203,-0.35
95,2,0.536,1.0,0.73,0.69,0.414,-0.05,-0.09,-0.36
96,8,0.809,0.99,0.437,0.28,0.121,-0.06,0.183,0.64
97,8,1.0,0.98,0.144,-0.13,-0.172,-0.07,0.456,1.0
98,5,0.59,0.687,0.134,0.143,0.828,0.203,0.446,0.707
99,5,0.18,0.394,0.124,0.416,1.0,0.476,0.436,0.414
100,,0.17,0.384,0.114,0.406,0.99,0.466,0.426,0.404
101,,0.16,0.374,0.104,0.396,0.98,0.456,0.416,0.394
102,,0.15,0.364,0.094,0.386,0.97,0.446,0.406,0.384
103,,0.14,0.354,0.084,0.376,0.96,0.436,0.396,0.374
104,,0.13,0.344,0.074,0.366,0.95,0.426,0.386,0.364
105,,0.12,0.334,0.064,0.356,0.94,0.416,0.376,0.354
106,,0.11,0.324,0.054,0.346,0.93,0.406,0.366,0.344
107,,0.1,0.314,0.044,0.336,0.92,0.396,0.356,0.334
108,,0.09,0.304,0.034,0.326,0.91,0.386,0.346,0.324
109,,0.08,0.294,0.024,0.316,0.9,0.376,0.336,0.314
110,,0.07,0.284,0.014,0.306,0.89,0.366,0.326,0.304
111,,0.06,0.274,0.004,0.296,0.88,0.356,0.316,0.294
112,,0.05,0.264,-0.006,0.286,0.87,0.346,0.306,0.284
113,3,0.04,0.537,0.994,0.559,0.86,0.053,-0.104,-0.009
114,3,0.03,0.81,1.0,0.832,0.85,-0.24,-0.514,-0.302
115,7,0.02,0.517,0.59,0.539,0.84,0.033,0.486,-0.029
116,7,0.01,0.224,0.18,0.246,0.83,0.306,1.0,0.244
117,,0.0,0.214,0.17,0.236,0.82,0.296,0.99,0.234
118,,-0.01,0.204,0.16,0.226,0.81,0.286,0.98,0.224
119,1,0.99,0.477,0.15,-0.067,0.4,-0.007,0.97,0.497
120,1,1.0,0.75,0.14,-0.36,-0.01,-0.3,0.96,0.77
121,4,0.707,0.74,0.413,0.64,0.263,-0.31,0.667,0.36
122,4,0.414,0.73,0.686,1.0,0.536,-0.32,0.374,-0.05
123,6,0.121,0.32,0.393,0.99,0.809,0.68,0.647,-0.06
124,6,-0.172,-0.09,0.1,0.98,1.0,1.0,0.92,-0.07
125,1,0.828,0.183,0.09,0.687,0.59,0.707,0.91,0.203
126,1,1.0,0.456,0.08,0.394,0.18,0.414,0.9,0.476
127,,0.99,0.446,0.07,0.384,0.17,0.404,0.89,0.466
128,,0.98,0.436,0.06,0.374,0.16,0.394,0.88,0.456
129,,0.97,0.426,0.05,0.364,0.15,0.384,0.87,0.446
130,,0.96,0.416,0.04,0.354,0.14,0.374,0.86,0.436
131,,0.95,0.406,0.03,0.344,0.13,0.364,0.85,0.426
132,,0.94,0.396,0.02,0.334,0.12,0.354,0.84,0.416
133,,0.93,0.386,0.01,0.324,0.11,0.344,0.83,0.406
134,,0.92,0.376,0.0,0.314,0.1,0.334,0.82,0.396
135,,0.91,0.366,-0.01,0.304,0.09,0.324,0.81,0.386
136,3,0.9,0.639,0.99,0.577,0.08,0.031,0.4,0.093
137,3,0.89,0.912,1.0,0.85,0.07,-0.262,-0.01,-0.2
138,6,0.597,0.502,0.707,0.84,0.343,0.738,0.263,-0.21
139,6,0.304,0.092,0.414,0.83,0.616,1.0,0.536,-0.22
140,8,0.577,0.082,0.121,0.42,0.323,0.99,0.809,0.78
141,8,0.85,0.072,-0.172,0.01,0.03,0.98,1.0,1.0
142,3,0.84,0.345,0.828,0.283,0.02,0.687,0.59,0.707
143,3,0.83,0.618,1.0,0.556,0.01,0.394,0.18,0.414
144,,0.82,0.608,0.99,0.546,0.0,0.384,0.17,0.404
145,,0.81,0.598,0.98,0.536,-0.01,0.374,0.16,0.394
146,5,0.4,0.305,0.97,0.809,0.99,0.647,0.15,0.101
147,5,-0.01,0.012,0.96,1.0,1.0,0.92,0.14,-0.192
148,8,0.263,0.002,0.667,0.59,0.707,0.91,0.413,0.808
149,8,0.536,-0.008,0.374,0.18,0.414,0.9,0.686,1.0
150,2,0.809,0.992,0.647,0.17,0.121,0.49,0.393,0.99
151,2,1.0,1.0,0.92,0.16,-0.172,0.08,0.1,0.98
152,5,0.59,0.707,0.91,0.433,0.828,0.353,0.09,0.687
153,5,0.18,0.414,0.9,0.706,1.0,0.626,0.08,0.394
154,,0.17,0.404,0.89,0.696,0.99,0.616,0.07,0.384
155,,0.16,0.394,0.88,0.686,0.98,0.606,0.06,0.374
156,,0.15,0.384,0.87,0.676,0.97,0.596,0.05,0.364
157,,0.14,0.374,0.86,0.666,0.96,0.586,0.04,0.354
158,,0.13,0.364,0.85,0.656,0.95,0.576,0.03,0.344
159,,0.12,0.354,0.84,0.646,0.94,0.566,0.02,0.334
160,,0.11,0.344,0.83,0.636,0.93,0.556,0.01,0.324
161,,0.1,0.334,0.82,0.626,0.92,0.546,0.0,0.314
162,,0.09,0.324,0.81,0.616,0.91,0.536,-0.01,0.304
163,7,0.08,0.031,0.4,0.323,0.9,0.809,0.99,0.577
164,7,0.07,-0.262,-0.01,0.03,0.89,1.0,1.0,0.85
165,2,0.343,0.738,0.263,0.02,0.597,0.59,0.707,0.84
166,2,0.616,1.0,0.536,0.01,0.304,0.18,0.414,0.83
167,,0.606,0.99,0.526,0.0,0.294,0.17,0.404,0.82
168,,0.596,0.98,0.516,-0.01,0.284,0.16,0.394,0.81
169,4,0.303,0.97,0.789,0.99,0.557,0.15,0.101,0.4
170,4,0.01,0.96,1.0,1.0,0.83,0.14,-0.192,-0.01
171,7,0.0,0.667,0.59,0.707,0.82,0.413,0.808,0.263
172,7,-0.01,0.374,0.18,0.414,0.81,0.686,1.0,0.536
173,1,0.99,0.647,0.17,0.121,0.4,0.393,0.99,0.809
174,1,1.0,0.92,0.16,-0.172,-0.01,0.1,0.98,1.0
175,4,0.707,0.91,0.433,0.828,0.263,0.09,0.687,0.59
176,4,0.414,0.9,0.706,1.0,0.536,0.08,0.394,0.18
177,,0.404,0.89,0.696,0.99,0.526,0.07,0.384,0.17
178,,0.394,0.88,0.686,0.98,0.516,0.06,0.374,0.16
179,,0.384,0.87,0.676,0.97,0.506,0.05,0.364,0.15
180,,0.374,0.86,0.666,0.96,0.496,0.04,0.354,0.14
181,,0.364,0.85,0.656,0.95,0.486,0.03,0.344,0.13
182,,0.354,0.84,0.646,0.94,0.476,0.02,0.334,0.12
183,,0.344,0.83,0.636,0.93,0.466,0.01,0.324,0.11
184,,0.334,0.82,0.626,0.92,0.456,0.0,0.314,0.1
185,,0.324,0.81,0.616,0.91,0.446,-0.01,0.304,0.09
186,6,0.031,0.4,0.323,0.9,0.719,0.99,0.577,0.08
187,6,-0.262,-0.01,0.03,0.89,0.992,1.0,0.85,0.07
188,1,0.738,0.263,0.02,0.597,0.582,0.707,0.84,0.343
189,1,1.0,0.536,0.01,0.304,0.172,0.414,0.83,0.616
190,,0.99,0.526,0.0,0.294,0.162,0.404,0.82,0.606
191,,0.98,0.516,-0.01,0.284,0.152,0.394,0.81,0.596
192,3,0.97,0.789,0.99,0.557,0.142,0.101,0.4,0.303
193,3,0.96,1.0,1.0,0.83,0.132,-0.192,-0.01,0.01
194,6,0.667,0.59,0.707,0.82,0.405,0.808,0.263,0.0
195,6,0.374,0.18,0.414,0.81,0.678,1.0,0.536,-0.01
196,8,0.647,0.17,0.121,0.4,0.385,0.99,0.809,0.99
197,8,0.92,0.16,-0.172,-0.01,0.092,0.98,1.0,1.0
198,3,0.91,0.433,0.828,0.263,0.082,0.687,0.59,0.707
199,3,0.9,0.706,1.0,0.536,0.072,0.394,0.18,0.414
200,,0.89,0.696,0.99,0.526,0.062,0.384,0.17,0.404
201,,0.88,0.686,0.98,0.516,0.052,0.374,0.16,0.394
202,,0.87,0.676,0.97,0.506,0.042,0.364,0.15,0.384
203,,0.86,0.666,0.96,0.496,0.032,0.354,0.14,0.374
204,,0.85,0.656,0.95,0.486,0.022,0.344,0.13,0.364
205,,0.84,0.646,0.94,0.476,0.012,0.334,0.12,0.354
206,,0.83,0.636,0.93,0.466,0.002,0.324,0.11,0.344
207,,0.82,0.626,0.92,0.456,-0.008,0.314,0.1,0.334
208,5,0.41,0.333,0.91,0.729,0.992,0.587,0.09,0.041
209,5,-0.0,0.04,0.9,1.0,1.0,0.86,0.08,-0.252
210,8,0.273,0.03,0.607,0.59,0.707,0.85,0.353,0.748
211,8,0.546,0.02,0.314,0.18,0.414,0.84,0.626,1.0
212,,0.536,0.01,0.304,0.17,0.404,0.83,0.616,0.99
213,,0.526,0.0,0.294,0.16,0.394,0.82,0.606,0.98
214,,0.516,-0.01,0.284,0.15,0.384,0.81,0.596,0.97
215,2,0.789,0.99,0.557,0.14,0.091,0.4,0.303,0.96
216,2,1.0,1.0,0.83,0.13,-0.202,-0.01,0.01,0.95
217,5,0.59,0.707,0.82,0.403,0.798,0.263,0.0,0.657
218,5,0.18,0.414,0.81,0.676,1.0,0.536,-0.01,0.364
219,7,0.17,0.121,0.4,0.383,0.99,0.809,0.99,0.637
220,7,0.16,-0.172,-0.01,0.09,0.98,1.0,1.0,0.91
221,2,0.433,0.828,0.263,0.08,0.687,0.59,0.707,0.9
222,2,0.706,1.0,0.536,0.07,0.394,0.18,0.414,0.89
223,,0.696,0.99,0.526,0.06,0.384,0.17,0.404,0.88
224,,0.686,0.98,0.516,0.05,0.374,0.16,0.394,0.87
225,,0.676,0.97,0.506,0.04,0.364,0.15,0.384,0.86
226,,0.666,0.96,0.496,0.03,0.354,0.14,0.374,0.85
227,,0.656,0.95,0.486,0.02,0.344,0.13,0.364,0.84
228,,0.646,0.94,0.476,0.01,0.334,0.12,0.354,0.83
229,,0.636,0.93,0.466,0.0,0.324,0.11,0.344,0.82
230,,0.626,0.92,0.456,-0.01,0.314,0.1,0.334,0.81
231,4,0.333,0.91,0.729,0.99,0.587,0.09,0.041,0.4
232,4,0.04,0.9,1.0,1.0,0.86,0.08,-0.252,-0.01
233,7,0.03,0.607,0.59,0.707,0.85,0.353,0.748,0.263
234,7,0.02,0.314,0.18,0.414,0.84,0.626,1.0,0.536
235,,0.01,0.304,0.17,0.404,0.83,0.616,0.99,0.526
236,,0.0,0.294,0.16,0.394,0.82,0.606,0.98,0.516
237,,-0.01,0.284,0.15,0.384,0.81,0.596,0.97,0.506
238,1,0.99,0.557,0.14,0.091,0.4,0.303,0.96,0.779
239,1,1.0,0.83,0.13,-0.202,-0.01,0.01,0.95,1.0
240,4,0.707,0.82,0.403,0.798,0.263,0.0,0.657,0.59
241,4,0.414,0.81,0.676,1.0,0.536,-0.01,0.364,0.18
242,6,0.121,0.4,0.383,0.99,0.809,0.99,0.637,0.17
243,6,-0.172,-0.01,0.09,0.98,1.0,1.0,0.91,0.16
244,1,0.828,0.263,0.08,0.687,0.59,0.707,0.9,0.433
245,1,1.0,0.536,0.07,0.394,0.18,0.414,0.89,0.706
246,,0.99,0.526,0.06,0.384,0.17,0.404,0.88,0.696
247,,0.98,0.516,0.05,0.374,0.16,0.394,0.87,0.686
248,,0.97,0.506,0.04,0.364,0.15,0.384,0.86,0.676
249,,0.96,0.496,0.03,0.354,0.14,0.374,0.85,0.666
250,,0.95,0.486,0.02,0.344,0.13,0.364,0.84,0.656
251,,0.94,0.476,0.01,0.334,0.12,0.354,0.83,0.646
252,,0.93,0.466,0.0,0.324,0.11,0.344,0.82,0.636
253,,0.92,0.456,-0.01,0.314,0.1,0.334,0.81,0.626
254,3,0.91,0.729,0.99,0.587,0.09,0.041,0.4,0.333
255,3,0.9,1.0,1.0,0.86,0.08,-0.252,-0.01,0.04
256,6,0.607,0.59,0.707,0.85,0.353,0.748,0.263,0.03
257,6,0.314,0.18,0.414,0.84,0.626,1.0,0.536,0.02
258,,0.304,0.17,0.404,0.83,0.616,0.99,0.526,0.01
259,,0.294,0.16,0.394,0.82,0.606,0.98,0.516,0.0
260,,0.284,0.15,0.384,0.81,0.596,0.97,0.506,-0.01
261,8,0.557,0.14,0.091,0.4,0.303,0.96,0.779,0.99
262,8,0.83,0.13,-0.202,-0.01,0.01,0.95,1.0,1.0
263,3,0.82,0.403,0.798,0.263,0.0,0.657,0.59,0.707
264,3,0.81,0.676,1.0,0.536,-0.01,0.364,0.18,0.414
265,5,0.4,0.383,0.99,0.809,0.99,0.637,0.17,0.121
266,5,-0.01,0.09,0.98,1.0,1.0,0.91,0.16,-0.172
267,8,0.263,0.08,0.687,0.59,0.707,0.9,0.433,0.828
268,8,0.536,0.07,0.394,0.18,0.414,0.89,0.706,1.0
269,,0.526,0.06,0.384,0.17,0.404,0.88,0.696,0.99
270,,0.516,0.05,0.374,0.16,0.394,0.87,0.686,0.98
271,,0.506,0.04,0.364,0.15,0.384,0.86,0.676,0.97
272,,0.496,0.03,0.354,0.14,0.374,0.85,0.666,0.96
273,,0.486,0.02,0.344,0.13,0.364,0.84,0.656,0.95
274,,0.476,0.01,0.334,0.12,0.354,0.83,0.646,0.94
275,,0.466,0.0,0.324,0.11,0.344,0.82,0.636,0.93
276,,0.456,-0.01,0.314,0.1,0.334,0.81,0.626,0.92
277,2,0.729,0.99,0.587,0.09,0.041,0.4,0.333,0.91
278,2,1.0,1.0,0.86,0.08,-0.252,-0.01,0.04,0.9
279,5,0.59,0.707,0.85,0.353,0.748,0.263,0.03,0.607
280,5,0.18,0.414,0.84,0.626,1.0,0.536,0.02,0.314
281,,0.17,0.404,0.83,0.616,0.99,0.526,0.01,0.304
282,,0.16,0.394,0.82,0.606,0.98,0.516,0.0,0.294
283,,0.15,0.384,0.81,0.596,0.97,0.506,-0.01,0.284
284,7,0.14,0.091,0.4,0.303,0.96,0.779,0.99,0.557
285,7,0.13,-0.202,-0.01,0.01,0.95,1.0,1.0,0.83
286,2,0.403,0.798,0.263,0.0,0.657,0.59,0.707,0.82
287,2,0.676,1.0,0.536,-0.01,0.364,0.18,0.414,0.81
288,4,0.383,0.99,0.809,0.99,0.637,0.17,0.121,0.4
289,4,0.09,0.98,1.0,1.0,0.91,0.16,-0.172,-0.01
290,7,0.08,0.687,0.59,0.707,0.9,0.433,0.828,0.263
291,7,0.07,0.394,0.18,0.414,0.89,0.706,1.0,0.536
292,,0.06,0.384,0.17,0.404,0.88,0.696,0.99,0.526
293,,0.05,0.374,0.16,0.394,0.87,0.686,0.98,0.516
294,,0.04,0.364,0.15,0.384,0.86,0.676,0.97,0.506
295,,0.03,0.354,0.14,0.374,0.85,0.666,0.96,0.496
296,,0.02,0.344,0.13,0.364,0.84,0.656,0.95,0.486
297,,0.01,0.334,0.12,0.354,0.83,0.646,0.94,0.476
298,,0.0,0.324,0.11,0.344,0.82,0.636,0.93,0.466
299,,-0.01,0.314,0.1,0.334,0.81,0.626,0.92,0.456
300,1,0.99,0.587,0.09,0.041,0.4,0.333,0.91,0.729
301,1,1.0,0.86,0.08,-0.252,-0.01,0.04,0.9,1.0
302,4,0.707,0.85,0.353,0.748,0.263,0.03,0.607,0.59
303,4,0.414,0.84,0.626,1.0,0.536,0.02,0.314,0.18
304,,0.404,0.83,0.616,0.99,0.526,0.01,0.304,0.17
305,,0.394,0.82,0.606,0.98,0.516,0.0,0.294,0.16
306,,0.384,0.81,0.596,0.97,0.506,-0.01,0.284,0.15
307,6,0.091,0.4,0.303,0.96,0.779,0.99,0.557,0.14
308,6,-0.202,-0.01,0.01,0.95,1.0,1.0,0.83,0.13
309,1,0.798,0.263,0.0,0.657,0.59,0.707,0.82,0.403
310,1,1.0,0.536,-0.01,0.364,0.18,0.414,0.81,0.676
311,3,0.99,0.809,0.99,0.637,0.17,0.121,0.4,0.383
312,3,0.98,1.0,1.0,0.91,0.16,-0.172,-0.01,0.09
313,6,0.687,0.59,0.707,0.9,0.433,0.828,0.263,0.08
314,6,0.394,0.18,0.414,0.89,0.706,1.0,0.536,0.07
315,,0.384,0.17,0.404,0.88,0.696,0.99,0.526,0.06
316,,0.374,0.16,0.394,0.87,0.686,0.98,0.516,0.05
317,,0.364,0.15,0.384,0.86,0.676,0.97,0.506,0.04
318,,0.354,0.14,0.374,0.85,0.666,0.96,0.496,0.03
319,,0.344,0.13,0.364,0.84,0.656,0.95,0.486,0.02
320,,0.334,0.12,0.354,0.83,0.646,0.94,0.476,0.01
321,,0.324,0.11,0.344,0.82,0.636,0.93,0.466,0.0
322,,0.314,0.1,0.334,0.81,0.626,0.92,0.456,-0.01
323,8,0.587,0.09,0.041,0.4,0.333,0.91,0.729,0.99
324,8,0.86,0.08,-0.252,-0.01,0.04,0.9,1.0,1.0
325,3,0.85,0.353,0.748,0.263,0.03,0.607,0.59,0.707
326,3,0.84,0.626,1.0,0.536,0.02,0.314,0.18,0.414
327,,0.83,0.616,0.99,0.526,0.01,0.304,0.17,0.404
328,,0.82,0.606,0.98,0.516,0.0,0.294,0.16,0.394
329,,0.81,0.596,0.97,0.506,-0.01,0.284,0.15,0.384
330,5,0.4,0.303,0.96,0.779,0.99,0.557,0.14,0.091
331,5,-0.01,0.01,0.95,1.0,1.0,0.83,0.13,-0.202
332,8,0.263,0.0,0.657,0.59,0.707,0.82,0.403,0.798
333,8,0.536,-0.01,0.364,0.18,0.414,0.81,0.676,1.0
334,2,0.809,0.99,0.637,0.17,0.121,0.4,0.383,0.99
335,2,1.0,1.0,0.91,0.16,-0.172,-0.01,0.09,0.98
336,5,0.59,0.707,0.9,0.433,0.828,0.263,0.08,0.687
337,5,0.18,0.414,0.89,0.706,1.0,0.536,0.07,0.394
338,,0.17,0.404,0.88,0.696,0.99,0.526,0.06,0.384
339,,0.16,0.394,0.87,0.686,0.98,0.516,0.05,0.374
340,,0.15,0.384,0.86,0.676,0.97,0.506,0.04,0.364
341,,0.14,0.374,0.85,0.666,0.96,0.496,0.03,0.354
342,,0.13,0.364,0.84,0.656,0.95,0.486,0.02,0.344
343,,0.12,0.354,0.83,0.646,0.94,0.476,0.01,0.334
344,,0.11,0.344,0.82,0.636,0.93,0.466,0.0,0.324
345,,0.1,0.334,0.81,0.626,0.92,0.456,-0.01,0.314
346,7,0.09,0.041,0.4,0.333,0.91,0.729,0.99,0.587
347,7,0.08,-0.252,-0.01,0.04,0.9,1.0,1.0,0.86
348,2,0.353,0.748,0.263,0.03,0.607,0.59,0.707,0.85
349,2,0.626,1.0,0.536,0.02,0.314,0.18,0.414,0.84
350,,0.616,0.99,0.526,0.01,0.304,0.17,0.404,0.83
351,,0.606,0.98,0.516,0.0,0.294,0.16,0.394,0.82
352,,0.596,0.97,0.506,-0.01,0.284,0.15,0.384,0.81
353,4,0.303,0.96,0.779,0.99,0.557,0.14,0.091,0.4
354,4,0.01,0.95,1.0,1.0,0.83,0.13,-0.202,-0.01
355,7,0.0,0.657,0.59,0.707,0.82,0.403,0.798,0.263
356,7,-0.01,0.364,0.18,0.414,0.81,0.676,1.0,0.536
357,1,0.99,0.637,0.17,0.121,0.4,0.383,0.99,0.809
358,1,1.0,0.91,0.16,-0.172,-0.01,0.09,0.98,1.0
359,4,0.707,0.9,0.433,0.828,0.263,0.08,0.687,0.59
360,4,0.414,0.89,0.706,1.0,0.536,0.07,0.394,0.18
361,,0.404,0.88,0.696,0.99,0.526,0.06,0.384,0.17
362,,0.394,0.87,0.686,0.98,0.516,0.05,0.374,0.16
363,,0.384,0.86,0.676,0.97,0.506,0.04,0.364,0.15
364,,0.374,0.85,0.666,0.96,0.496,0.03,0.354,0.14
365,,0.364,0.84,0.656,0.95,0.486,0.02,0.344,0.13
366,,0.354,0.83,0.646,0.94,0.476,0.01,0.334,0.12
367,,0.344,0.82,0.636,0.93,0.466,0.0,0.324,0.11
368,,0.334,0.81,0.626,0.92,0.456,-0.01,0.314,0.1
369,6,0.041,0.4,0.333,0.91,0.729,0.99,0.587,0.09
370,6,-0.252,-0.01,0.04,0.9,1.0,1.0,0.86,0.08
371,1,0.748,0.263,0.03,0.607,0.59,0.707,0.85,0.353
372,1,1.0,0.536,0.02,0.314,0.18,0.414,0.84,0.626
373,,0.99,0.526,0.01,0.304,0.17,0.404,0.83,0.616
374,,0.98,0.516,0.0,0.294,0.16,0.394,0.82,0.606
375,,0.97,0.506,-0.01,0.284,0.15,0.384,0.81,0.596
376,3,0.96,0.779,0.99,0.557,0.14,0.091,0.4,0.303
377,3,0.95,1.0,1.0,0.83,0.13,-0.202,-0.01,0.01
378,6,0.657,0.59,0.707,0.82,0.403,0.798,0.263,0.0
379,6,0.364,0.18,0.414,0.81,0.676,1.0,0.536,-0.01
380,8,0.637,0.17,0.121,0.4,0.383,0.99,0.809,0.99
381,8,0.91,0.16,-0.172,-0.01,0.09,0.98,1.0,1.0
382,3,0.9,0.433,0.828,0.263,0.08,0.687,0.59,0.707
383,3,0.89,0.706,1.0,0.536,0.07,0.394,0.18,0.414
384,,0.88,0.696,0.99,0.526,0.06,0.384,0.17,0.404
385,,0.87,0.686,0.98,0.516,0.05,0.374,0.16,0.394
386,,0.86,0.676,0.97,0.506,0.04,0.364,0.15,0.384
387,,0.85,0.666,0.96,0.496,0.03,0.354,0.14,0.374
388,,0.84,0.656,0.95,0.486,0.02,0.344,0.13,0.364
389,,0.83,0.646,0.94,0.476,0.01,0.334,0.12,0.354
390,,0.82,0.636,0.93,0.466,0.0,0.324,0.11,0.344
391,,0.81,0.626,0.92,0.456,-0.01,0.314,0.1,0.334
392,5,0.4,0.333,0.91,0.729,0.99,0.587,0.09,0.041
393,5,-0.01,0.04,0.9,1.0,1.0,0.86,0.08,-0.252
394,8,0.263,0.03,0.607,0.59,0.707,0.85,0.353,0.748
395,8,0.536,0.02,0.314,0.18,0.414,0.84,0.626,1.0
396,,0.526,0.01,0.304,0.17,0.404,0.83,0.616,0.99
397,,0.516,0.0,0.294,0.16,0.394,0.82,0.606,0.98
398,,0.506,-0.01,0.284,0.15,0.384,0.81,0.596,0.97
399,2,0.779,0.99,0.557,0.14,0.091,0.4,0.303,0.96
400,2,1.0,1.0,0.83,0.13,-0.202,-0.01,0.01,0.95
401,5,0.59,0.707,0.82,0.403,0.798,0.263,0.0,0.657
402,5,0.18,0.414,0.81,0.676,1.0,0.536,-0.01,0.364
403,7,0.17,0.121,0.4,0.383,0.99,0.809,0.99,0.637
404,7,0.16,-0.172,-0.01,0.09,0.98,1.0,1.0,0.91
405,2,0.433,0.828,0.263,0.08,0.687,0.59,0.707,0.9
406,2,0.706,1.0,0.536,0.07,0.394,0.18,0.414,0.89
407,,0.696,0.99,0.526,0.06,0.384,0.17,0.404,0.88
408,,0.686,0.98,0.516,0.05,0.374,0.16,0.394,0.87
409,,0.676,0.97,0.506,0.04,0.364,0.15,0.384,0.86
410,,0.666,0.96,0.496,0.03,0.354,0.14,0.374,0.85
411,,0.656,0.95,0.486,0.02,0.344,0.13,0.364,0.84
412,,0.646,0.94,0.476,0.01,0.334,0.12,0.354,0.83
413,,0.636,0.93,0.466,0.0,0.324,0.11,0.344,0.82
414,,0.626,0.92,0.456,-0.01,0.314,0.1,0.334,0.81
415,4,0.333,0.91,0.729,0.99,0.587,0.09,0.041,0.4
416,4,0.04,0.9,1.0,1.0,0.86,0.08,-0.252,-0.01
417,7,0.03,0.607,0.59,0.707,0.85,0.353,0.748,0.263
418,7,0.02,0.314,0.18,0.414,0.84,0.626,1.0,0.536
419,,0.01,0.304,0.17,0.404,0.83,0.616,0.99,0.526
420,,0.0,0.294,0.16,0.394,0.82,0.606,0.98,0.516
421,,-0.01,0.284,0.15,0.384,0.81,0.596,0.97,0.506
422,1,0.99,0.557,0.14,0.091,0.4,0.303,0.96,0.779
423,1,1.0,0.83,0.13,-0.202,-0.01,0.01,0.95,1.0
424,4,0.707,0.82,0.403,0.798,0.263,0.0,0.657,0.59
425,4,0.414,0.81,0.676,1.0,0.536,-0.01,0.364,0.18
426,6,0.121,0.4,0.383,0.99,0.809,0.99,0.637,0.17
427,6,-0.172,-0.01,0.09,0.98,1.0,1.0,0.91,0.16
428,1,0.828,0.263,0.08,0.687,0.59,0.707,0.9,0.433
429,1,1.0,0.536,0.07,0.394,0.18,0.414,0.89,0.706
430,,0.99,0.526,0.06,0.384,0.17,0.404,0.88,0.696
431,,0.98,0.516,0.05,0.374,0.16,0.394,0.87,0.686
432,,0.97,0.506,0.04,0.364,0.15,0.384,0.86,0.676
433,,0.96,0.496,0.03,0.354,0.14,0.374,0.85,0.666
434,,0.95,0.486,0.02,0.344,0.13,0.364,0.84,0.656
435,,0.94,0.476,0.01,0.334,0.12,0.354,0.83,0.646
436,,0.93,0.466,0.0,0.324,0.11,0.344,0.82,0.636
437,,0.92,0.456,-0.01,0.314,0.1,0.334,0.81,0.626
438,3,0.91,0.729,0.99,0.587,0.09,0.041,0.4,0.333
439,3,0.9,1.0,1.0,0.86,0.08,-0.252,-0.01,0.04
440,6,0.607,0.59,0.707,0.85,0.353,0.748,0.263,0.03
441,6,0.314,0.18,0.414,0.84,0.626,1.0,0.536,0.02
442,,0.304,0.17,0.404,0.83,0.616,0.99,0.526,0.01
443,,0.294,0.16,0.394,0.82,0.606,0.98,0.516,0.0
444,,0.284,0.15,0.384,0.81,0.596,0.97,0.506,-0.01
445,8,0.557,0.14,0.091,0.4,0.303,0.96,0.779,0.99
446,8,0.83,0.13,-0.202,-0.01,0.01,0.95,1.0,1.0
447,3,0.82,0.403,0.798,0.263,0.0,0.657,0.59,0.707
448,3,0.81,0.676,1.0,0.536,-0.01,0.364,0.18,0.414
449,5,0.4,0.383,0.99,0.809,0.99,0.637,0.17,0.121
450,5,-0.01,0.09,0.98,1.0,1.0,0.91,0.16,-0.172
451,8,0.263,0.08,0.687,0.59,0.707,0.9,0.433,0.828
452,8,0.536,0.07,0.394,0.18,0.414,0.89,0.706,1.0
453,,0.526,0.06,0.384,0.17,0.404,0.88,0.696,0.99
454,,0.516,0.05,0.374,0.16,0.394,0.87,0.686,0.98
455,,0.506,0.04,0.364,0.15,0.384,0.86,0.676,0.97
456,,0.496,0.03,0.354,0.14,0.374,0.85,0.666,0.96
457,,0.486,0.02,0.344,0.13,0.364,0.84,0.656,0.95
458,,0.476,0.01,0.334,0.12,0.354,0.83,0.646,0.94
459,,0.466,0.0,0.324,0.11,0.344,0.82,0.636,0.93
460,,0.456,-0.01,0.314,0.1,0.334,0.81,0.626,0.92
461,2,0.729,0.99,0.587,0.09,0.041,0.4,0.333,0.91
462,2,1.0,1.0,0.86,0.08,-0.252,-0.01,0.04,0.9
463,5,0.59,0.707,0.85,0.353,0.748,0.263,0.03,0.607
464,5,0.18,0.414,0.84,0.626,1.0,0.536,0.02,0.314
465,,0.17,0.404,0.83,0.616,0.99,0.526,0.01,0.304
466,,0.16,0.394,0.82,0.606,0.98,0.516,0.0,0.294
467,,0.15,0.384,0.81,0.596,0.97,0.506,-0.01,0.284
468,7,0.14,0.091,0.4,0.303,0.96,0.779,0.99,0.557
469,7,0.13,-0.202,-0.01,0.01,0.95,1.0,1.0,0.83
470,2,0.403,0.798,0.263,0.0,0.657,0.59,0.707,0.82
471,2,0.676,1.0,0.536,-0.01,0.364,0.18,0.414,0.81
472,4,0.383,0.99,0.809,0.99,0.637,0.17,0.121,0.4
473,4,0.09,0.98,1.0,1.0,0.91,0.16,-0.172,-0.01
474,7,0.08,0.687,0.59,0.707,0.9,0.433,0.828,0.263
475,7,0.07,0.394,0.18,0.414,0.89,0.706,1.0,0.536
476,,0.06,0.384,0.17,0.404,0.88,0.696,0.99,0.526
477,,0.05,0.374,0.16,0.394,0.87,0.686,0.98,0.516
478,,0.04,0.364,0.15,0.384,0.86,0.676,0.97,0.506
479,,0.03,0.354,0.14,0.374,0.85,0.666,0.96,0.496
480,,0.02,0.344,0.13,0.364,0.84,0.656,0.95,0.486
481,,0.01,0.334,0.12,0.354,0.83,0.646,0.94,0.476
482,,0.0,0.324,0.11,0.344,0.82,0.636,0.93,0.466
483,,-0.01,0.314,0.1,0.334,0.81,0.626,0.92,0.456
484,1,0.99,0.587,0.09,0.041,0.4,0.333,0.91,0.729
485,1,1.0,0.86,0.08,-0.252,-0.01,0.04,0.9,1.0
486,4,0.707,0.85,0.353,0.748,0.263,0.03,0.607,0.59
487,4,0.414,0.84,0.626,1.0,0.536,0.02,0.314,0.18
488,,0.404,0.83,0.616,0.99,0.526,0.01,0.304,0.17
489,,0.394,0.82,0.606,0.98,0.516,0.0,0.294,0.16
490,,0.384,0.81,0.596,0.97,0.506,-0.01,0.284,0.15
491,6,0.091,0.4,0.303,0.96,0.779,0.99,0.557,0.14
492,6,-0.202,-0.01,0.01,0.95,1.0,1.0,0.83,0.13
493,1,0.798,0.263,0.0,0.657,0.59,0.707,0.82,0.403
494,1,1.0,0.536,-0.01,0.364,0.18,0.414,0.81,0.676
495,3,0.99,0.809,0.99,0.637,0.17,0.121,0.4,0.383
496,3,0.98,1.0,1.0,0.91,0.16,-0.172,-0.01,0.09
497,6,0.687,0.59,0.707,0.9,0.433,0.828,0.263,0.08
498,6,0.394,0.18,0.414,0.89,0.706,1.0,0.536,0.07
499,,0.384,0.17,0.404,0.88,0.696,0.99,0.526,0.06
