step,active_motive,motive_1,motive_2,motive_3,motive_4,motive_5,motive_6,motive_7,motive_8
0,,0.80744,0.89609,0.318,0.11005,0.22794,0.42711,0.81801,0.86073
1,,0.79744,0.88609,0.308,0.10005,0.21794,0.41711,0.80801,0.85073
2,,0.78744,0.87609,0.298,0.09005,0.20794,0.40711,0.79801,0.84073
3,,0.77744,0.86609,0.288,0.08005,0.19794,0.39711,0.78801,0.83073
4,,0.76744,0.85609,0.278,0.07005,0.18794,0.38711,0.77801,0.82073
5,,0.75744,0.84609,0.268,0.06005,0.17794,0.37711,0.76801,0.81073
6,,0.74744,0.83609,0.258,0.05005,0.16794,0.36711,0.75801,0.80073
7,,0.73744,0.82609,0.248,0.04005,0.15794,0.35711,0.74801,0.79073
8,,0.72744,0.81609,0.238,0.03005,0.14794,0.34711,0.73801,0.78073
9,,0.71744,0.80609,0.228,0.02005,0.13794,0.33711,0.72801,0.77073
10,,0.70744,0.79609,0.218,0.01005,0.12794,0.32711,0.71801,0.76073
11,,0.69744,0.78609,0.208,5e-05,0.11794,0.31711,0.70801,0.75073
12,,0.68744,0.77609,0.198,-0.00995,0.10794,0.30711,0.69801,0.74073
13,4,0.93644,1.0,0.729,0.99005,0.63894,0.69711,0.94701,0.93073
14,4,1.0,1.0,1.0,1.0,1.0,1.0,1.0,1.0
15,,0.99,0.99,0.99,0.99,0.99,0.99,0.99,0.99
16,,0.98,0.98,0.98,0.98,0.98,0.98,0.98,0.98
17,,0.97,0.97,0.97,0.97,0.97,0.97,0.97,0.97
18,,0.96,0.96,0.96,0.96,0.96,0.96,0.96,0.96
19,,0.95,0.95,0.95,0.95,0.95,0.95,0.95,0.95
20,,0.94,0.94,0.94,0.94,0.94,0.94,0.94,0.94
21,,0.93,0.93,0.93,0.93,0.93,0.93,0.93,0.93
22,,0.92,0.92,0.92,0.92,0.92,0.92,0.92,0.92
23,,0.91,0.91,0.91,0.91,0.91,0.91,0.91,0.91
24,,0.9,0.9,0.9,0.9,0.9,0.9,0.9,0.9
25,,0.89,0.89,0.89,0.89,0.89,0.89,0.89,0.89
26,,0.88,0.88,0.88,0.88,0.88,0.88,0.88,0.88
27,,0.87,0.87,0.87,0.87,0.87,0.87,0.87,0.87
28,,0.86,0.86,0.86,0.86,0.86,0.86,0.86,0.86
29,,0.85,0.85,0.85,0.85,0.85,0.85,0.85,0.85
30,,0.84,0.84,0.84,0.84,0.84,0.84,0.84,0.84
31,,0.83,0.83,0.83,0.83,0.83,0.83,0.83,0.83
32,,0.82,0.82,0.82,0.82,0.82,0.82,0.82,0.82
33,,0.81,0.81,0.81,0.81,0.81,0.81,0.81,0.81
34,,0.8,0.8,0.8,0.8,0.8,0.8,0.8,0.8
35,,0.79,0.79,0.79,0.79,0.79,0.79,0.79,0.79
36,,0.78,0.78,0.78,0.78,0.78,0.78,0.78,0.78
37,,0.77,0.77,0.77,0.77,0.77,0.77,0.77,0.77
38,,0.76,0.76,0.76,0.76,0.76,0.76,0.76,0.76
39,,0.75,0.75,0.75,0.75,0.75,0.75,0.75,0.75
40,,0.74,0.74,0.74,0.74,0.74,0.74,0.74,0.74
41,,0.73,0.73,0.73,0.73,0.73,0.73,0.73,0.73
42,,0.72,0.72,0.72,0.72,0.72,0.72,0.72,0.72
43,,0.71,0.71,0.71,0.71,0.71,0.71,0.71,0.71
44,,0.7,0.7,0.7,0.7,0.7,0.7,0.7,0.7
45,,0.69,0.69,0.69,0.69,0.69,0.69,0.69,0.69
46,,0.68,0.68,0.68,0.68,0.68,0.68,0.68,0.68
47,,0.67,0.67,0.67,0.67,0.67,0.67,0.67,0.67
48,,0.66,0.66,0.66,0.66,0.66,0.66,0.66,0.66
49,,0.65,0.65,0.65,0.65,0.65,0.65,0.65,0.65
50,,0.64,0.64,0.64,0.64,0.64,0.64,0.64,0.64
51,,0.63,0.63,0.63,0.63,0.63,0.63,0.63,0.63
52,,0.62,0.62,0.62,0.62,0.62,0.62,0.62,0.62
53,,0.61,0.61,0.61,0.61,0.61,0.61,0.61,0.61
54,,0.6,0.6,0.6,0.6,0.6,0.6,0.6,0.6
55,,0.59,0.59,0.59,0.59,0.59,0.59,0.59,0.59
56,,0.58,0.58,0.58,0.58,0.58,0.58,0.58,0.58
57,,0.57,0.57,0.57,0.57,0.57,0.57,0.57,0.57
58,,0.56,0.56,0.56,0.56,0.56,0.56,0.56,0.56
59,,0.55,0.55,0.55,0.55,0.55,0.55,0.55,0.55
60,,0.54,0.54,0.54,0.54,0.54,0.54,0.54,0.54
61,,0.53,0.53,0.53,0.53,0.53,0.53,0.53,0.53
62,,0.52,0.52,0.52,0.52,0.52,0.52,0.52,0.52
63,,0.51,0.51,0.51,0.51,0.51,0.51,0.51,0.51
64,,0.5,0.5,0.5,0.5,0.5,0.5,0.5,0.5
65,,0.49,0.49,0.49,0.49,0.49,0.49,0.49,0.49
66,,0.48,0.48,0.48,0.48,0.48,0.48,0.48,0.48
67,,0.47,0.47,0.47,0.47,0.47,0.47,0.47,0.47
68,,0.46,0.46,0.46,0.46,0.46,0.46,0.46,0.46
69,,0.45,0.45,0.45,0.45,0.45,0.45,0.45,0.45
70,,0.44,0.44,0.44,0.44,0.44,0.44,0.44,0.44
71,,0.43,0.43,0.43,0.43,0.43,0.43,0.43,0.43
72,,0.42,0.42,0.42,0.42,0.42,0.42,0.42,0.42
73,,0.41,0.41,0.41,0.41,0.41,0.41,0.41,0.41
74,,0.4,0.4,0.4,0.4,0.4,0.4,0.4,0.4
75,,0.39,0.39,0.39,0.39,0.39,0.39,0.39,0.39
76,,0.38,0.38,0.38,0.38,0.38,0.38,0.38,0.38
77,,0.37,0.37,0.37,0.37,0.37,0.37,0.37,0.37
78,,0.36,0.36,0.36,0.36,0.36,0.36,0.36,0.36
79,,0.35,0.35,0.35,0.35,0.35,0.35,0.35,0.35
80,,0.34,0.34,0.34,0.34,0.34,0.34,0.34,0.34
81,,0.33,0.33,0.33,0.33,0.33,0.33,0.33,0.33
82,,0.32,0.32,0.32,0.32,0.32,0.32,0.32,0.32
83,,0.31,0.31,0.31,0.31,0.31,0.31,0.31,0.31
84,,0.3,0.3,0.3,0.3,0.3,0.3,0.3,0.3
85,,0.29,0.29,0.29,0.29,0.29,0.29,0.29,0.29
86,,0.28,0.28,0.28,0.28,0.28,0.28,0.28,0.28
87,,0.27,0.27,0.27,0.27,0.27,0.27,0.27,0.27
88,,0.26,0.26,0.26,0.26,0.26,0.26,0.26,0.26
89,,0.25,0.25,0.25,0.25,0.25,0.25,0.25,0.25
90,,0.24,0.24,0.24,0.24,0.24,0.24,0.24,0.24
91,,0.23,0.23,0.23,0.23,0.23,0.23,0.23,0.23
92,,0.22,0.22,0.22,0.22,0.22,0.22,0.22,0.22
93,,0.21,0.21,0.21,0.21,0.21,0.21,0.21,0.21
94,,0.2,0.2,0.2,0.2,0.2,0.2,0.2,0.2
95,,0.19,0.19,0.19,0.19,0.19,0.19,0.19,0.19
96,,0.18,0.18,0.18,0.18,0.18,0.18,0.18,0.18
97,,0.17,0.17,0.17,0.17,0.17,0.17,0.17,0.17
98,,0.16,0.16,0.16,0.16,0.16,0.16,0.16,0.16
99,,0.15,0.15,0.15,0.15,0.15,0.15,0.15,0.15
100,,0.14,0.14,0.14,0.14,0.14,0.14,0.14,0.14
101,,0.13,0.13,0.13,0.13,0.13,0.13,0.13,0.13
102,,0.12,0.12,0.12,0.12,0.12,0.12,0.12,0.12
103,,0.11,0.11,0.11,0.11,0.11,0.11,0.11,0.11
104,,0.1,0.1,0.1,0.1,0.1,0.1,0.1,0.1
105,,0.09,0.09,0.09,0.09,0.09,0.09,0.09,0.09
106,,0.08,0.08,0.08,0.08,0.08,0.08,0.08,0.08
107,,0.07,0.07,0.07,0.07,0.07,0.07,0.07,0.07
108,,0.06,0.06,0.06,0.06,0.06,0.06,0.06,0.06
109,,0.05,0.05,0.05,0.05,0.05,0.05,0.05,0.05
110,,0.04,0.04,0.04,0.04,0.04,0.04,0.04,0.04
111,,0.03,0.03,0.03,0.03,0.03,0.03,0.03,0.03
112,,0.02,0.02,0.02,0.02,0.02,0.02,0.02,0.02
113,,0.01,0.01,0.01,0.01,0.01,0.01,0.01,0.01
114,,0.0,0.0,0.0,0.0,0.0,0.0,0.0,0.0
115,,-0.01,-0.01,-0.01,-0.01,-0.01,-0.01,-0.01,-0.01
116,7,0.38,0.239,0.18,0.239,0.38,0.521,0.99,0.521
117,7,0.77,0.488,0.37,0.488,0.77,1.0,1.0,1.0
118,,0.76,0.478,0.36,0.478,0.76,0.99,0.99,0.99
119,,0.75,0.468,0.35,0.468,0.75,0.98,0.98,0.98
120,,0.74,0.458,0.34,0.458,0.74,0.97,0.97,0.97
121,,0.73,0.448,0.33,0.448,0.73,0.96,0.96,0.96
122,,0.72,0.438,0.32,0.438,0.72,0.95,0.95,0.95
123,,0.71,0.428,0.31,0.428,0.71,0.94,0.94,0.94
124,,0.7,0.418,0.3,0.418,0.7,0.93,0.93,0.93
125,,0.69,0.408,0.29,0.408,0.69,0.92,0.92,0.92
126,,0.68,0.398,0.28,0.398,0.68,0.91,0.91,0.91
127,,0.67,0.388,0.27,0.388,0.67,0.9,0.9,0.9
128,,0.66,0.378,0.26,0.378,0.66,0.89,0.89,0.89
129,,0.65,0.368,0.25,0.368,0.65,0.88,0.88,0.88
130,,0.64,0.358,0.24,0.358,0.64,0.87,0.87,0.87
131,,0.63,0.348,0.23,0.348,0.63,0.86,0.86,0.86
132,,0.62,0.338,0.22,0.338,0.62,0.85,0.85,0.85
133,,0.61,0.328,0.21,0.328,0.61,0.84,0.84,0.84
134,,0.6,0.318,0.2,0.318,0.6,0.83,0.83,0.83
135,,0.59,0.308,0.19,0.308,0.59,0.82,0.82,0.82
136,,0.58,0.298,0.18,0.298,0.58,0.81,0.81,0.81
137,,0.57,0.288,0.17,0.288,0.57,0.8,0.8,0.8
138,,0.56,0.278,0.16,0.278,0.56,0.79,0.79,0.79
139,,0.55,0.268,0.15,0.268,0.55,0.78,0.78,0.78
140,,0.54,0.258,0.14,0.258,0.54,0.77,0.77,0.77
141,,0.53,0.248,0.13,0.248,0.53,0.76,0.76,0.76
142,,0.52,0.238,0.12,0.238,0.52,0.75,0.75,0.75
143,,0.51,0.228,0.11,0.228,0.51,0.74,0.74,0.74
144,,0.5,0.218,0.1,0.218,0.5,0.73,0.73,0.73
145,,0.49,0.208,0.09,0.208,0.49,0.72,0.72,0.72
146,,0.48,0.198,0.08,0.198,0.48,0.71,0.71,0.71
147,,0.47,0.188,0.07,0.188,0.47,0.7,0.7,0.7
148,,0.46,0.178,0.06,0.178,0.46,0.69,0.69,0.69
149,,0.45,0.168,0.05,0.168,0.45,0.68,0.68,0.68
150,,0.44,0.158,0.04,0.158,0.44,0.67,0.67,0.67
151,,0.43,0.148,0.03,0.148,0.43,0.66,0.66,0.66
152,,0.42,0.138,0.02,0.138,0.42,0.65,0.65,0.65
153,,0.41,0.128,0.01,0.128,0.41,0.64,0.64,0.64
154,,0.4,0.118,0.0,0.118,0.4,0.63,0.63,0.63
155,,0.39,0.108,-0.01,0.108,0.39,0.62,0.62,0.62
156,3,0.78,0.639,0.99,0.639,0.78,0.869,0.81,0.869
157,3,1.0,1.0,1.0,1.0,1.0,1.0,1.0,1.0
158,,0.99,0.99,0.99,0.99,0.99,0.99,0.99,0.99
159,,0.98,0.98,0.98,0.98,0.98,0.98,0.98,0.98
160,,0.97,0.97,0.97,0.97,0.97,0.97,0.97,0.97
161,,0.96,0.96,0.96,0.96,0.96,0.96,0.96,0.96
162,,0.95,0.95,0.95,0.95,0.95,0.95,0.95,0.95
163,,0.94,0.94,0.94,0.94,0.94,0.94,0.94,0.94
164,,0.93,0.93,0.93,0.93,0.93,0.93,0.93,0.93
165,,0.92,0.92,0.92,0.92,0.92,0.92,0.92,0.92
166,,0.91,0.91,0.91,0.91,0.91,0.91,0.91,0.91
167,,0.9,0.9,0.9,0.9,0.9,0.9,0.9,0.9
168,,0.89,0.89,0.89,0.89,0.89,0.89,0.89,0.89
169,,0.88,0.88,0.88,0.88,0.88,0.88,0.88,0.88
170,,0.87,0.87,0.87,0.87,0.87,0.87,0.87,0.87
171,,0.86,0.86,0.86,0.86,0.86,0.86,0.86,0.86
172,,0.85,0.85,0.85,0.85,0.85,0.85,0.85,0.85
173,,0.84,0.84,0.84,0.84,0.84,0.84,0.84,0.84
174,,0.83,0.83,0.83,0.83,0.83,0.83,0.83,0.83
175,,0.82,0.82,0.82,0.82,0.82,0.82,0.82,0.82
176,,0.81,0.81,0.81,0.81,0.81,0.81,0.81,0.81
177,,0.8,0.8,0.8,0.8,0.8,0.8,0.8,0.8
178,,0.79,0.79,0.79,0.79,0.79,0.79,0.79,0.79
179,,0.78,0.78,0.78,0.78,0.78,0.78,0.78,0.78
180,,0.77,0.77,0.77,0.77,0.77,0.77,0.77,0.77
181,,0.76,0.76,0.76,0.76,0.76,0.76,0.76,0.76
182,,0.75,0.75,0.75,0.75,0.75,0.75,0.75,0.75
183,,0.74,0.74,0.74,0.74,0.74,0.74,0.74,0.74
184,,0.73,0.73,0.73,0.73,0.73,0.73,0.73,0.73
185,,0.72,0.72,0.72,0.72,0.72,0.72,0.72,0.72
186,,0.71,0.71,0.71,0.71,0.71,0.71,0.71,0.71
187,,0.7,0.7,0.7,0.7,0.7,0.7,0.7,0.7
188,,0.69,0.69,0.69,0.69,0.69,0.69,0.69,0.69
189,,0.68,0.68,0.68,0.68,0.68,0.68,0.68,0.68
190,,0.67,0.67,0.67,0.67,0.67,0.67,0.67,0.67
191,,0.66,0.66,0.66,0.66,0.66,0.66,0.66,0.66
192,,0.65,0.65,0.65,0.65,0.65,0.65,0.65,0.65
193,,0.64,0.64,0.64,0.64,0.64,0.64,0.64,0.64
194,,0.63,0.63,0.63,0.63,0.63,0.63,0.63,0.63
195,,0.62,0.62,0.62,0.62,0.62,0.62,0.62,0.62
196,,0.61,0.61,0.61,0.61,0.61,0.61,0.61,0.61
197,,0.6,0.6,0.6,0.6,0.6,0.6,0.6,0.6
198,,0.59,0.59,0.59,0.59,0.59,0.59,0.59,0.59
199,,0.58,0.58,0.58,0.58,0.58,0.58,0.58,0.58
200,,0.57,0.57,0.57,0.57,0.57,0.57,0.57,0.57
201,,0.56,0.56,0.56,0.56,0.56,0.56,0.56,0.56
202,,0.55,0.55,0.55,0.55,0.55,0.55,0.55,0.55
203,,0.54,0.54,0.54,0.54,0.54,0.54,0.54,0.54
204,,0.53,0.53,0.53,0.53,0.53,0.53,0.53,0.53
205,,0.52,0.52,0.52,0.52,0.52,0.52,0.52,0.52
206,,0.51,0.51,0.51,0.51,0.51,0.51,0.51,0.51
207,,0.5,0.5,0.5,0.5,0.5,0.5,0.5,0.5
208,,0.49,0.49,0.49,0.49,0.49,0.49,0.49,0.49
209,,0.48,0.48,0.48,0.48,0.48,0.48,0.48,0.48
210,,0.47,0.47,0.47,0.47,0.47,0.47,0.47,0.47
211,,0.46,0.46,0.46,0.46,0.46,0.46,0.46,0.46
212,,0.45,0.45,0.45,0.45,0.45,0.45,0.45,0.45
213,,0.44,0.44,0.44,0.44,0.44,0.44,0.44,0.44
214,,0.43,0.43,0.43,0.43,0.43,0.43,0.43,0.43
215,,0.42,0.42,0.42,0.42,0.42,0.42,0.42,0.42
216,,0.41,0.41,0.41,0.41,0.41,0.41,0.41,0.41
217,,0.4,0.4,0.4,0.4,0.4,0.4,0.4,0.4
218,,0.39,0.39,0.39,0.39,0.39,0.39,0.39,0.39
219,,0.38,0.38,0.38,0.38,0.38,0.38,0.38,0.38
220,,0.37,0.37,0.37,0.37,0.37,0.37,0.37,0.37
221,,0.36,0.36,0.36,0.36,0.36,0.36,0.36,0.36
222,,0.35,0.35,0.35,0.35,0.35,0.35,0.35,0.35
223,,0.34,0.34,0.34,0.34,0.34,0.34,0.34,0.34
224,,0.33,0.33,0.33,0.33,0.33,0.33,0.33,0.33
225,,0.32,0.32,0.32,0.32,0.32,0.32,0.32,0.32
226,,0.31,0.31,0.31,0.31,0.31,0.31,0.31,0.31
227,,0.3,0.3,0.3,0.3,0.3,0.3,0.3,0.3
228,,0.29,0.29,0.29,0.29,0.29,0.29,0.29,0.29
229,,0.28,0.28,0.28,0.28,0.28,0.28,0.28,0.28
230,,0.27,0.27,0.27,0.27,0.27,0.27,0.27,0.27
231,,0.26,0.26,0.26,0.26,0.26,0.26,0.26,0.26
232,,0.25,0.25,0.25,0.25,0.25,0.25,0.25,0.25
233,,0.24,0.24,0.24,0.24,0.24,0.24,0.24,0.24
234,,0.23,0.23,0.23,0.23,0.23,0.23,0.23,0.23
235,,0.22,0.22,0.22,0.22,0.22,0.22,0.22,0.22
236,,0.21,0.21,0.21,0.21,0.21,0.21,0.21,0.21
237,,0.2,0.2,0.2,0.2,0.2,0.2,0.2,0.2
238,,0.19,0.19,0.19,0.19,0.19,0.19,0.19,0.19
239,,0.18,0.18,0.18,0.18,0.18,0.18,0.18,0.18
240,,0.17,0.17,0.17,0.17,0.17,0.17,0.17,0.17
241,,0.16,0.16,0.16,0.16,0.16,0.16,0.16,0.16
242,,0.15,0.15,0.15,0.15,0.15,0.15,0.15,0.15
243,,0.14,0.14,0.14,0.14,0.14,0.14,0.14,0.14
244,,0.13,0.13,0.13,0.13,0.13,0.13,0.13,0.13
245,,0.12,0.12,0.12,0.12,0.12,0.12,0.12,0.12
246,,0.11,0.11,0.11,0.11,0.11,0.11,0.11,0.11
247,,0.1,0.1,0.1,0.1,0.1,0.1,0.1,0.1
248,,0.09,0.09,0.09,0.09,0.09,0.09,0.09,0.09
249,,0.08,0.08,0.08,0.08,0.08,0.08,0.08,0.08
250,,0.07,0.07,0.07,0.07,0.07,0.07,0.07,0.07
251,,0.06,0.06,0.06,0.06,0.06,0.06,0.06,0.06
252,,0.05,0.05,0.05,0.05,0.05,0.05,0.05,0.05
253,,0.04,0.04,0.04,0.04,0.04,0.04,0.04,0.04
254,,0.03,0.03,0.03,0.03,0.03,0.03,0.03,0.03
255,,0.02,0.02,0.02,0.02,0.02,0.02,0.02,0.02
256,,0.01,0.01,0.01,0.01,0.01,0.01,0.01,0.01
257,,0.0,0.0,0.0,0.0,0.0,0.0,0.0,0.0
258,,-0.01,-0.01,-0.01,-0.01,-0.01,-0.01,-0.01,-0.01
259,6,0.239,0.18,0.239,0.38,0.521,0.99,0.521,0.38
260,6,0.488,0.37,0.488,0.77,1.0,1.0,1.0,0.77
261,,0.478,0.36,0.478,0.76,0.99,0.99,0.99,0.76
262,,0.468,0.35,0.468,0.75,0.98,0.98,0.98,0.75
263,,0.458,0.34,0.458,0.74,0.97,0.97,0.97,0.74
264,,0.448,0.33,0.448,0.73,0.96,0.96,0.96,0.73
265,,0.438,0.32,0.438,0.72,0.95,0.95,0.95,0.72
266,,0.428,0.31,0.428,0.71,0.94,0.94,0.94,0.71
267,,0.418,0.3,0.418,0.7,0.93,0.93,0.93,0.7
268,,0.408,0.29,0.408,0.69,0.92,0.92,0.92,0.69
269,,0.398,0.28,0.398,0.68,0.91,0.91,0.91,0.68
270,,0.388,0.27,0.388,0.67,0.9,0.9,0.9,0.67
271,,0.378,0.26,0.378,0.66,0.89,0.89,0.89,0.66
272,,0.368,0.25,0.368,0.65,0.88,0.88,0.88,0.65
273,,0.358,0.24,0.358,0.64,0.87,0.87,0.87,0.64
274,,0.348,0.23,0.348,0.63,0.86,0.86,0.86,0.63
275,,0.338,0.22,0.338,0.62,0.85,0.85,0.85,0.62
276,,0.328,0.21,0.328,0.61,0.84,0.84,0.84,0.61
277,,0.318,0.2,0.318,0.6,0.83,0.83,0.83,0.6
278,,0.308,0.19,0.308,0.59,0.82,0.82,0.82,0.59
279,,0.298,0.18,0.298,0.58,0.81,0.81,0.81,0.58
280,,0.288,0.17,0.288,0.57,0.8,0.8,0.8,0.57
281,,0.278,0.16,0.278,0.56,0.79,0.79,0.79,0.56
282,,0.268,0.15,0.268,0.55,0.78,0.78,0.78,0.55
283,,0.258,0.14,0.258,0.54,0.77,0.77,0.77,0.54
284,,0.248,0.13,0.248,0.53,0.76,0.76,0.76,0.53
285,,0.238,0.12,0.238,0.52,0.75,0.75,0.75,0.52
286,,0.228,0.11,0.228,0.51,0.74,0.74,0.74,0.51
287,,0.218,0.1,0.218,0.5,0.73,0.73,0.73,0.5
288,,0.208,0.09,0.208,0.49,0.72,0.72,0.72,0.49
289,,0.198,0.08,0.198,0.48,0.71,0.71,0.71,0.48
290,,0.188,0.07,0.188,0.47,0.7,0.7,0.7,0.47
291,,0.178,0.06,0.178,0.46,0.69,0.69,0.69,0.46
292,,0.168,0.05,0.168,0.45,0.68,0.68,0.68,0.45
293,,0.158,0.04,0.158,0.44,0.67,0.67,0.67,0.44
294,,0.148,0.03,0.148,0.43,0.66,0.66,0.66,0.43
295,,0.138,0.02,0.138,0.42,0.65,0.65,0.65,0.42
296,,0.128,0.01,0.128,0.41,0.64,0.64,0.64,0.41
297,,0.118,0.0,0.118,0.4,0.63,0.63,0.63,0.4
298,,0.108,-0.01,0.108,0.39,0.62,0.62,0.62,0.39
299,2,0.639,0.99,0.639,0.78,0.869,0.81,0.869,0.78
300,2,1.0,1.0,1.0,1.0,1.0,1.0,1.0,1.0
301,,0.99,0.99,0.99,0.99,0.99,0.99,0.99,0.99
302,,0.98,0.98,0.98,0.98,0.98,0.98,0.98,0.98
303,,0.97,0.97,0.97,0.97,0.97,0.97,0.97,0.97
304,,0.96,0.96,0.96,0.96,0.96,0.96,0.96,0.96
305,,0.95,0.95,0.95,0.95,0.95,0.95,0.95,0.95
306,,0.94,0.94,0.94,0.94,0.94,0.94,0.94,0.94
307,,0.93,0.93,0.93,0.93,0.93,0.93,0.93,0.93
308,,0.92,0.92,0.92,0.92,0.92,0.92,0.92,0.92
309,,0.91,0.91,0.91,0.91,0.91,0.91,0.91,0.91
310,,0.9,0.9,0.9,0.9,0.9,0.9,0.9,0.9
311,,0.89,0.89,0.89,0.89,0.89,0.89,0.89,0.89
312,,0.88,0.88,0.88,0.88,0.88,0.88,0.88,0.88
313,,0.87,0.87,0.87,0.87,0.87,0.87,0.87,0.87
314,,0.86,0.86,0.86,0.86,0.86,0.86,0.86,0.86
315,,0.85,0.85,0.85,0.85,0.85,0.85,0.85,0.85
316,,0.84,0.84,0.84,0.84,0.84,0.84,0.84,0.84
317,,0.83,0.83,0.83,0.83,0.83,0.83,0.83,0.83
318,,0.82,0.82,0.82,0.82,0.82,0.82,0.82,0.82
319,,0.81,0.81,0.81,0.81,0.81,0.81,0.81,0.81
320,,0.8,0.8,0.8,0.8,0.8,0.8,0.8,0.8
321,,0.79,0.79,0.79,0.79,0.79,0.79,0.79,0.79
322,,0.78,0.78,0.78,0.78,0.78,0.78,0.78,0.78
323,,0.77,0.77,0.77,0.77,0.77,0.77,0.77,0.77
324,,0.76,0.76,0.76,0.76,0.76,0.76,0.76,0.76
325,,0.75,0.75,0.75,0.75,0.75,0.75,0.75,0.75
326,,0.74,0.74,0.74,0.74,0.74,0.74,0.74,0.74
327,,0.73,0.73,0.73,0.73,0.73,0.73,0.73,0.73
328,,0.72,0.72,0.72,0.72,0.72,0.72,0.72,0.72
329,,0.71,0.71,0.71,0.71,0.71,0.71,0.71,0.71
330,,0.7,0.7,0.7,0.7,0.7,0.7,0.7,0.7
331,,0.69,0.69,0.69,0.69,0.69,0.69,0.69,0.69
332,,0.68,0.68,0.68,0.68,0.68,0.68,0.68,0.68
333,,0.67,0.67,0.67,0.67,0.67,0.67,0.67,0.67
334,,0.66,0.66,0.66,0.66,0.66,0.66,0.66,0.66
335,,0.65,0.65,0.65,0.65,0.65,0.65,0.65,0.65
336,,0.64,0.64,0.64,0.64,0.64,0.64,0.64,0.64
337,,0.63,0.63,0.63,0.63,0.63,0.63,0.63,0.63
338,,0.62,0.62,0.62,0.62,0.62,0.62,0.62,0.62
339,,0.61,0.61,0.61,0.61,0.61,0.61,0.61,0.61
340,,0.6,0.6,0.6,0.6,0.6,0.6,0.6,0.6
341,,0.59,0.59,0.59,0.59,0.59,0.59,0.59,0.59
342,,0.58,0.58,0.58,0.58,0.58,0.58,0.58,0.58
343,,0.57,0.57,0.57,0.57,0.57,0.57,0.57,0.57
344,,0.56,0.56,0.56,0.56,0.56,0.56,0.56,0.56
345,,0.55,0.55,0.55,0.55,0.55,0.55,0.55,0.55
346,,0.54,0.54,0.54,0.54,0.54,0.54,0.54,0.54
347,,0.53,0.53,0.53,0.53,0.53,0.53,0.53,0.53
348,,0.52,0.52,0.52,0.52,0.52,0.52,0.52,0.52
349,,0.51,0.51,0.51,0.51,0.51,0.51,0.51,0.51
350,,0.5,0.5,0.5,0.5,0.5,0.5,0.5,0.5
351,,0.49,0.49,0.49,0.49,0.49,0.49,0.49,0.49
352,,0.48,0.48,0.48,0.48,0.48,0.48,0.48,0.48
353,,0.47,0.47,0.47,0.47,0.47,0.47,0.47,0.47
354,,0.46,0.46,0.46,0.46,0.46,0.46,0.46,0.46
355,,0.45,0.45,0.45,0.45,0.45,0.45,0.45,0.45
356,,0.44,0.44,0.44,0.44,0.44,0.44,0.44,0.44
357,,0.43,0.43,0.43,0.43,0.43,0.43,0.43,0.43
358,,0.42,0.42,0.42,0.42,0.42,0.42,0.42,0.42
359,,0.41,0.41,0.41,0.41,0.41,0.41,0.41,0.41
360,,0.4,0.4,0.4,0.4,0.4,0.4,0.4,0.4
361,,0.39,0.39,0.39,0.39,0.39,0.39,0.39,0.39
362,,0.38,0.38,0.38,0.38,0.38,0.38,0.38,0.38
363,,0.37,0.37,0.37,0.37,0.37,0.37,0.37,0.37
364,,0.36,0.36,0.36,0.36,0.36,0.36,0.36,0.36
365,,0.35,0.35,0.35,0.35,0.35,0.35,0.35,0.35
366,,0.34,0.34,0.34,0.34,0.34,0.34,0.34,0.34
367,,0.33,0.33,0.33,0.33,0.33,0.33,0.33,0.33
368,,0.32,0.32,0.32,0.32,0.32,0.32,0.32,0.32
369,,0.31,0.31,0.31,0.31,0.31,0.31,0.31,0.31
370,,0.3,0.3,0.3,0.3,0.3,0.3,0.3,0.3
371,,0.29,0.29,0.29,0.29,0.29,0.29,0.29,0.29
372,,0.28,0.28,0.28,0.28,0.28,0.28,0.28,0.28
373,,0.27,0.27,0.27,0.27,0.27,0.27,0.27,0.27
374,,0.26,0.26,0.26,0.26,0.26,0.26,0.26,0.26
375,,0.25,0.25,0.25,0.25,0.25,0.25,0.25,0.25
376,,0.24,0.24,0.24,0.24,0.24,0.24,0.24,0.24
377,,0.23,0.23,0.23,0.23,0.23,0.23,0.23,0.23
378,,0.22,0.22,0.22,0.22,0.22,0.22,0.22,0.22
379,,0.21,0.21,0.21,0.21,0.21,0.21,0.21,0.21
380,,0.2,0.2,0.2,0.2,0.2,0.2,0.2,0.2
381,,0.19,0.19,0.19,0.19,0.19,0.19,0.19,0.19
382,,0.18,0.18,0.18,0.18,0.18,0.18,0.18,0.18
383,,0.17,0.17,0.17,0.17,0.17,0.17,0.17,0.17
384,,0.16,0.16,0.16,0.16,0.16,0.16,0.16,0.16
385,,0.15,0.15,0.15,0.15,0.15,0.15,0.15,0.15
386,,0.14,0.14,0.14,0.14,0.14,0.14,0.14,0.14
387,,0.13,0.13,0.13,0.13,0.13,0.13,0.13,0.13
388,,0.12,0.12,0.12,0.12,0.12,0.12,0.12,0.12
389,,0.11,0.11,0.11,0.11,0.11,0.11,0.11,0.11
390,,0.1,0.1,0.1,0.1,0.1,0.1,0.1,0.1
391,,0.09,0.09,0.09,0.09,0.09,0.09,0.09,0.09
392,,0.08,0.08,0.08,0.08,0.08,0.08,0.08,0.08
393,,0.07,0.07,0.07,0.07,0.07,0.07,0.07,0.07
394,,0.06,0.06,0.06,0.06,0.06,0.06,0.06,0.06
395,,0.05,0.05,0.05,0.05,0.05,0.05,0.05,0.05
396,,0.04,0.04,0.04,0.04,0.04,0.04,0.04,0.04
397,,0.03,0.03,0.03,0.03,0.03,0.03,0.03,0.03
398,,0.02,0.02,0.02,0.02,0.02,0.02,0.02,0.02
399,,0.01,0.01,0.01,0.01,0.01,0.01,0.01,0.01
400,,0.0,0.0,0.0,0.0,0.0,0.0,0.0,0.0
401,,-0.01,-0.01,-0.01,-0.01,-0.01,-0.01,-0.01,-0.01
402,8,0.521,0.38,0.239,0.18,0.239,0.38,0.521,0.99
403,8,1.0,0.77,0.488,0.37,0.488,0.77,1.0,1.0
404,,0.99,0.76,0.478,0.36,0.478,0.76,0.99,0.99
405,,0.98,0.75,0.468,0.35,0.468,0.75,0.98,0.98
406,,0.97,0.74,0.458,0.34,0.458,0.74,0.97,0.97
407,,0.96,0.73,0.448,0.33,0.448,0.73,0.96,0.96
408,,0.95,0.72,0.438,0.32,0.438,0.72,0.95,0.95
409,,0.94,0.71,0.428,0.31,0.428,0.71,0.94,0.94
410,,0.93,0.7,0.418,0.3,0.418,0.7,0.93,0.93
411,,0.92,0.69,0.408,0.29,0.408,0.69,0.92,0.92
412,,0.91,0.68,0.398,0.28,0.398,0.68,0.91,0.91
413,,0.9,0.67,0.388,0.27,0.388,0.67,0.9,0.9
414,,0.89,0.66,0.378,0.26,0.378,0.66,0.89,0.89
415,,0.88,0.65,0.368,0.25,0.368,0.65,0.88,0.88
416,,0.87,0.64,0.358,0.24,0.358,0.64,0.87,0.87
417,,0.86,0.63,0.348,0.23,0.348,0.63,0.86,0.86
418,,0.85,0.62,0.338,0.22,0.338,0.62,0.85,0.85
419,,0.84,0.61,0.328,0.21,0.328,0.61,0.84,0.84
420,,0.83,0.6,0.318,0.2,0.318,0.6,0.83,0.83
421,,0.82,0.59,0.308,0.19,0.308,0.59,0.82,0.82
422,,0.81,0.58,0.298,0.18,0.298,0.58,0.81,0.81
423,,0.8,0.57,0.288,0.17,0.288,0.57,0.8,0.8
424,,0.79,0.56,0.278,0.16,0.278,0.56,0.79,0.79
425,,0.78,0.55,0.268,0.15,0.268,0.55,0.78,0.78
426,,0.77,0.54,0.258,0.14,0.258,0.54,0.77,0.77
427,,0.76,0.53,0.248,0.13,0.248,0.53,0.76,0.76
428,,0.75,0.52,0.238,0.12,0.238,0.52,0.75,0.75
429,,0.74,0.51,0.228,0.11,0.228,0.51,0.74,0.74
430,,0.73,0.5,0.218,0.1,0.218,0.5,0.73,0.73
431,,0.72,0.49,0.208,0.09,0.208,0.49,0.72,0.72
432,,0.71,0.48,0.198,0.08,0.198,0.48,0.71,0.71
433,,0.7,0.47,0.188,0.07,0.188,0.47,0.7,0.7
434,,0.69,0.46,0.178,0.06,0.178,0.46,0.69,0.69
435,,0.68,0.45,0.168,0.05,0.168,0.45,0.68,0.68
436,,0.67,0.44,0.158,0.04,0.158,0.44,0.67,0.67
437,,0.66,0.43,0.148,0.03,0.148,0.43,0.66,0.66
438,,0.65,0.42,0.138,0.02,0.138,0.42,0.65,0.65
439,,0.64,0.41,0.128,0.01,0.128,0.41,0.64,0.64
440,,0.63,0.4,0.118,0.0,0.118,0.4,0.63,0.63
441,,0.62,0.39,0.108,-0.01,0.108,0.39,0.62,0.62
442,4,0.869,0.78,0.639,0.99,0.639,0.78,0.869,0.81
443,4,1.0,1.0,1.0,1.0,1.0,1.0,1.0,1.0
444,,0.99,0.99,0.99,0.99,0.99,0.99,0.99,0.99
445,,0.98,0.98,0.98,0.98,0.98,0.98,0.98,0.98
446,,0.97,0.97,0.97,0.97,0.97,0.97,0.97,0.97
447,,0.96,0.96,0.96,0.96,0.96,0.96,0.96,0.96
448,,0.95,0.95,0.95,0.95,0.95,0.95,0.95,0.95
449,,0.94,0.94,0.94,0.94,0.94,0.94,0.94,0.94
450,,0.93,0.93,0.93,0.93,0.93,0.93,0.93,0.93
451,,0.92,0.92,0.92,0.92,0.92,0.92,0.92,0.92
452,,0.91,0.91,0.91,0.91,0.91,0.91,0.91,0.91
453,,0.9,0.9,0.9,0.9,0.9,0.9,0.9,0.9
454,,0.89,0.89,0.89,0.89,0.89,0.89,0.89,0.89
455,,0.88,0.88,0.88,0.88,0.88,0.88,0.88,0.88
456,,0.87,0.87,0.87,0.87,0.87,0.87,0.87,0.87
457,,0.86,0.86,0.86,0.86,0.86,0.86,0.86,0.86
458,,0.85,0.85,0.85,0.85,0.85,0.85,0.85,0.85
459,,0.84,0.84,0.84,0.84,0.84,0.84,0.84,0.84
460,,0.83,0.83,0.83,0.83,0.83,0.83,0.83,0.83
461,,0.82,0.82,0.82,0.82,0.82,0.82,0.82,0.82
462,,0.81,0.81,0.81,0.81,0.81,0.81,0.81,0.81
463,,0.8,0.8,0.8,0.8,0.8,0.8,0.8,0.8
464,,0.79,0.79,0.79,0.79,0.79,0.79,0.79,0.79
465,,0.78,0.78,0.78,0.78,0.78,0.78,0.78,0.78
466,,0.77,0.77,0.77,0.77,0.77,0.77,0.77,0.77
467,,0.76,0.76,0.76,0.76,0.76,0.76,0.76,0.76
468,,0.75,0.75,0.75,0.75,0.75,0.75,0.75,0.75
469,,0.74,0.74,0.74,0.74,0.74,0.74,0.74,0.74
470,,0.73,0.73,0.73,0.73,0.73,0.73,0.73,0.73
471,,0.72,0.72,0.72,0.72,0.72,0.72,0.72,0.72
472,,0.71,0.71,0.71,0.71,0.71,0.71,0.71,0.71
473,,0.7,0.7,0.7,0.7,0.7,0.7,0.7,0.7
474,,0.69,0.69,0.69,0.69,0.69,0.69,0.69,0.69
475,,0.68,0.68,0.68,0.68,0.68,0.68,0.68,0.68
476,,0.67,0.67,0.67,0.67,0.67,0.67,0.67,0.67
477,,0.66,0.66,0.66,0.66,0.66,0.66,0.66,0.66
478,,0.65,0.65,0.65,0.65,0.65,0.65,0.65,0.65
479,,0.64,0.64,0.64,0.64,0.64,0.64,0.64,0.64
480,,0.63,0.63,0.63,0.63,0.63,0.63,0.63,0.63
481,,0.62,0.62,0.62,0.62,0.62,0.62,0.62,0.62
482,,0.61,0.61,0.61,0.61,0.61,0.61,0.61,0.61
483,,0.6,0.6,0.6,0.6,0.6,0.6,0.6,0.6
484,,0.59,0.59,0.59,0.59,0.59,0.59,0.59,0.59
485,,0.58,0.58,0.58,0.58,0.58,0.58,0.58,0.58
486,,0.57,0.57,0.57,0.57,0.57,0.57,0.57,0.57
487,,0.56,0.56,0.56,0.56,0.56,0.56,0.56,0.56
488,,0.55,0.55,0.55,0.55,0.55,0.55,0.55,0.55
489,,0.54,0.54,0.54,0.54,0.54,0.54,0.54,0.54
490,,0.53,0.53,0.53,0.53,0.53,0.53,0.53,0.53
491,,0.52,0.52,0.52,0.52,0.52,0.52,0.52,0.52
492,,0.51,0.51,0.51,0.51,0.51,0.51,0.51,0.51
493,,0.5,0.5,0.5,0.5,0.5,0.5,0.5,0.5
494,,0.49,0.49,0.49,0.49,0.49,0.49,0.49,0.49
495,,0.48,0.48,0.48,0.48,0.48,0.48,0.48,0.48
496,,0.47,0.47,0.47,0.47,0.47,0.47,0.47,0.47
497,,0.46,0.46,0.46,0.46,0.46,0.46,0.46,0.46
498,,0.45,0.45,0.45,0.45,0.45,0.45,0.45,0.45
499,,0.44,0.44,0.44,0.44,0.44,0.44,0.44,0.44
500,,0.43,0.43,0.43,0.43,0.43,0.43,0.43,0.43
501,,0.42,0.42,0.42,0.42,0.42,0.42,0.42,0.42
502,,0.41,0.41,0.41,0.41,0.41,0.41,0.41,0.41
503,,0.4,0.4,0.4,0.4,0.4,0.4,0.4,0.4
504,,0.39,0.39,0.39,0.39,0.39,0.39,0.39,0.39
505,,0.38,0.38,0.38,0.38,0.38,0.38,0.38,0.38
506,,0.37,0.37,0.37,0.37,0.37,0.37,0.37,0.37
507,,0.36,0.36,0.36,0.36,0.36,0.36,0.36,0.36
508,,0.35,0.35,0.35,0.35,0.35,0.35,0.35,0.35
509,,0.34,0.34,0.34,0.34,0.34,0.34,0.34,0.34
510,,0.33,0.33,0.33,0.33,0.33,0.33,0.33,0.33
511,,0.32,0.32,0.32,0.32,0.32,0.32,0.32,0.32
512,,0.31,0.31,0.31,0.31,0.31,0.31,0.31,0.31
513,,0.3,0.3,0.3,0.3,0.3,0.3,0.3,0.3
514,,0.29,0.29,0.29,0.29,0.29,0.29,0.29,0.29
515,,0.28,0.28,0.28,0.28,0.28,0.28,0.28,0.28
516,,0.27,0.27,0.27,0.27,0.27,0.27,0.27,0.27
517,,0.26,0.26,0.26,0.26,0.26,0.26,0.26,0.26
518,,0.25,0.25,0.25,0.25,0.25,0.25,0.25,0.25
519,,0.24,0.24,0.24,0.24,0.24,0.24,0.24,0.24
520,,0.23,0.23,0.23,0.23,0.23,0.23,0.23,0.23
521,,0.22,0.22,0.22,0.22,0.22,0.22,0.22,0.22
522,,0.21,0.21,0.21,0.21,0.21,0.21,0.21,0.21
523,,0.2,0.2,0.2,0.2,0.2,0.2,0.2,0.2
524,,0.19,0.19,0.19,0.19,0.19,0.19,0.19,0.19
525,,0.18,0.18,0.18,0.18,0.18,0.18,0.18,0.18
526,,0.17,0.17,0.17,0.17,0.17,0.17,0.17,0.17
527,,0.16,0.16,0.16,0.16,0.16,0.16,0.16,0.16
528,,0.15,0.15,0.15,0.15,0.15,0.15,0.15,0.15
529,,0.14,0.14,0.14,0.14,0.14,0.14,0.14,0.14
530,,0.13,0.13,0.13,0.13,0.13,0.13,0.13,0.13
531,,0.12,0.12,0.12,0.12,0.12,0.12,0.12,0.12
532,,0.11,0.11,0.11,0.11,0.11,0.11,0.11,0.11
533,,0.1,0.1,0.1,0.1,0.1,0.1,0.1,0.1
534,,0.09,0.09,0.09,0.09,0.09,0.09,0.09,0.09
535,,0.08,0.08,0.08,0.08,0.08,0.08,0.08,0.08
536,,0.07,0.07,0.07,0.07,0.07,0.07,0.07,0.07
537,,0.06,0.06,0.06,0.06,0.06,0.06,0.06,0.06
538,,0.05,0.05,0.05,0.05,0.05,0.05,0.05,0.05
539,,0.04,0.04,0.04,0.04,0.04,0.04,0.04,0.04
540,,0.03,0.03,0.03,0.03,0.03,0.03,0.03,0.03
541,,0.02,0.02,0.02,0.02,0.02,0.02,0.02,0.02
542,,0.01,0.01,0.01,0.01,0.01,0.01,0.01,0.01
543,,0.0,0.0,0.0,0.0,0.0,0.0,0.0,0.0
544,,-0.01,-0.01,-0.01,-0.01,-0.01,-0.01,-0.01,-0.01
545,3,0.38,0.521,0.99,0.521,0.38,0.239,0.18,0.239
546,3,0.77,1.0,1.0,1.0,0.77,0.488,0.37,0.488
547,,0.76,0.99,0.99,0.99,0.76,0.478,0.36,0.478
548,,0.75,0.98,0.98,0.98,0.75,0.468,0.35,0.468
549,,0.74,0.97,0.97,0.97,0.74,0.458,0.34,0.458
550,,0.73,0.96,0.96,0.96,0.73,0.448,0.33,0.448
551,,0.72,0.95,0.95,0.95,0.72,0.438,0.32,0.438
552,,0.71,0.94,0.94,0.94,0.71,0.428,0.31,0.428
553,,0.7,0.93,0.93,0.93,0.7,0.418,0.3,0.418
554,,0.69,0.92,0.92,0.92,0.69,0.408,0.29,0.408
555,,0.68,0.91,0.91,0.91,0.68,0.398,0.28,0.398
556,,0.67,0.9,0.9,0.9,0.67,0.388,0.27,0.388
557,,0.66,0.89,0.89,0.89,0.66,0.378,0.26,0.378
558,,0.65,0.88,0.88,0.88,0.65,0.368,0.25,0.368
559,,0.64,0.87,0.87,0.87,0.64,0.358,0.24,0.358
560,,0.63,0.86,0.86,0.86,0.63,0.348,0.23,0.348
561,,0.62,0.85,0.85,0.85,0.62,0.338,0.22,0.338
562,,0.61,0.84,0.84,0.84,0.61,0.328,0.21,0.328
563,,0.6,0.83,0.83,0.83,0.6,0.318,0.2,0.318
564,,0.59,0.82,0.82,0.82,0.59,0.308,0.19,0.308
565,,0.58,0.81,0.81,0.81,0.58,0.298,0.18,0.298
566,,0.57,0.8,0.8,0.8,0.57,0.288,0.17,0.288
567,,0.56,0.79,0.79,0.79,0.56,0.278,0.16,0.278
568,,0.55,0.78,0.78,0.78,0.55,0.268,0.15,0.268
569,,0.54,0.77,0.77,0.77,0.54,0.258,0.14,0.258
570,,0.53,0.76,0.76,0.76,0.53,0.248,0.13,0.248
571,,0.52,0.75,0.75,0.75,0.52,0.238,0.12,0.238
572,,0.51,0.74,0.74,0.74,0.51,0.228,0.11,0.228
573,,0.5,0.73,0.73,0.73,0.5,0.218,0.1,0.218
574,,0.49,0.72,0.72,0.72,0.49,0.208,0.09,0.208
575,,0.48,0.71,0.71,0.71,0.48,0.198,0.08,0.198
576,,0.47,0.7,0.7,0.7,0.47,0.188,0.07,0.188
577,,0.46,0.69,0.69,0.69,0.46,0.178,0.06,0.178
578,,0.45,0.68,0.68,0.68,0.45,0.168,0.05,0.168
579,,0.44,0.67,0.67,0.67,0.44,0.158,0.04,0.158
580,,0.43,0.66,0.66,0.66,0.43,0.148,0.03,0.148
581,,0.42,0.65,0.65,0.65,0.42,0.138,0.02,0.138
582,,0.41,0.64,0.64,0.64,0.41,0.128,0.01,0.128
583,,0.4,0.63,0.63,0.63,0.4,0.118,0.0,0.118
584,,0.39,0.62,0.62,0.62,0.39,0.108,-0.01,0.108
585,7,0.78,0.869,0.81,0.869,0.78,0.639,0.99,0.639
586,7,1.0,1.0,1.0,1.0,1.0,1.0,1.0,1.0
587,,0.99,0.99,0.99,0.99,0.99,0.99,0.99,0.99
588,,0.98,0.98,0.98,0.98,0.98,0.98,0.98,0.98
589,,0.97,0.97,0.97,0.97,0.97,0.97,0.97,0.97
590,,0.96,0.96,0.96,0.96,0.96,0.96,0.96,0.96
591,,0.95,0.95,0.95,0.95,0.95,0.95,0.95,0.95
592,,0.94,0.94,0.94,0.94,0.94,0.94,0.94,0.94
593,,0.93,0.93,0.93,0.93,0.93,0.93,0.93,0.93
594,,0.92,0.92,0.92,0.92,0.92,0.92,0.92,0.92
595,,0.91,0.91,0.91,0.91,0.91,0.91,0.91,0.91
596,,0.9,0.9,0.9,0.9,0.9,0.9,0.9,0.9
597,,0.89,0.89,0.89,0.89,0.89,0.89,0.89,0.89
598,,0.88,0.88,0.88,0.88,0.88,0.88,0.88,0.88
599,,0.87,0.87,0.87,0.87,0.87,0.87,0.87,0.87
600,,0.86,0.86,0.86,0.86,0.86,0.86,0.86,0.86
601,,0.85,0.85,0.85,0.85,0.85,0.85,0.85,0.85
602,,0.84,0.84,0.84,0.84,0.84,0.84,0.84,0.84
603,,0.83,0.83,0.83,0.83,0.83,0.83,0.83,0.83
604,,0.82,0.82,0.82,0.82,0.82,0.82,0.82,0.82
605,,0.81,0.81,0.81,0.81,0.81,0.81,0.81,0.81
606,,0.8,0.8,0.8,0.8,0.8,0.8,0.8,0.8
607,,0.79,0.79,0.79,0.79,0.79,0.79,0.79,0.79
608,,0.78,0.78,0.78,0.78,0.78,0.78,0.78,0.78
609,,0.77,0.77,0.77,0.77,0.77,0.77,0.77,0.77
610,,0.76,0.76,0.76,0.76,0.76,0.76,0.76,0.76
611,,0.75,0.75,0.75,0.75,0.75,0.75,0.75,0.75
612,,0.74,0.74,0.74,0.74,0.74,0.74,0.74,0.74
613,,0.73,0.73,0.73,0.73,0.73,0.73,0.73,0.73
614,,0.72,0.72,0.72,0.72,0.72,0.72,0.72,0.72
615,,0.71,0.71,0.71,0.71,0.71,0.71,0.71,0.71
616,,0.7,0.7,0.7,0.7,0.7,0.7,0.7,0.7
617,,0.69,0.69,0.69,0.69,0.69,0.69,0.69,0.69
618,,0.68,0.68,0.68,0.68,0.68,0.68,0.68,0.68
619,,0.67,0.67,0.67,0.67,0.67,0.67,0.67,0.67
620,,0.66,0.66,0.66,0.66,0.66,0.66,0.66,0.66
621,,0.65,0.65,0.65,0.65,0.65,0.65,0.65,0.65
622,,0.64,0.64,0.64,0.64,0.64,0.64,0.64,0.64
623,,0.63,0.63,0.63,0.63,0.63,0.63,0.63,0.63
624,,0.62,0.62,0.62,0.62,0.62,0.62,0.62,0.62
625,,0.61,0.61,0.61,0.61,0.61,0.61,0.61,0.61
626,,0.6,0.6,0.6,0.6,0.6,0.6,0.6,0.6
627,,0.59,0.59,0.59,0.59,0.59,0.59,0.59,0.59
628,,0.58,0.58,0.58,0.58,0.58,0.58,0.58,0.58
629,,0.57,0.57,0.57,0.57,0.57,0.57,0.57,0.57
630,,0.56,0.56,0.56,0.56,0.56,0.56,0.56,0.56
631,,0.55,0.55,0.55,0.55,0.55,0.55,0.55,0.55
632,,0.54,0.54,0.54,0.54,0.54,0.54,0.54,0.54
633,,0.53,0.53,0.53,0.53,0.53,0.53,0.53,0.53
634,,0.52,0.52,0.52,0.52,0.52,0.52,0.52,0.52
635,,0.51,0.51,0.51,0.51,0.51,0.51,0.51,0.51
636,,0.5,0.5,0.5,0.5,0.5,0.5,0.5,0.5
637,,0.49,0.49,0.49,0.49,0.49,0.49,0.49,0.49
638,,0.48,0.48,0.48,0.48,0.48,0.48,0.48,0.48
639,,0.47,0.47,0.47,0.47,0.47,0.47,0.47,0.47
640,,0.46,0.46,0.46,0.46,0.46,0.46,0.46,0.46
641,,0.45,0.45,0.45,0.45,0.45,0.45,0.45,0.45
642,,0.44,0.44,0.44,0.44,0.44,0.44,0.44,0.44
643,,0.43,0.43,0.43,0.43,0.43,0.43,0.43,0.43
644,,0.42,0.42,0.42,0.42,0.42,0.42,0.42,0.42
645,,0.41,0.41,0.41,0.41,0.41,0.41,0.41,0.41
646,,0.4,0.4,0.4,0.4,0.4,0.4,0.4,0.4
647,,0.39,0.39,0.39,0.39,0.39,0.39,0.39,0.39
648,,0.38,0.38,0.38,0.38,0.38,0.38,0.38,0.38
649,,0.37,0.37,0.37,0.37,0.37,0.37,0.37,0.37
650,,0.36,0.36,0.36,0.36,0.36,0.36,0.36,0.36
651,,0.35,0.35,0.35,0.35,0.35,0.35,0.35,0.35
652,,0.34,0.34,0.34,0.34,0.34,0.34,0.34,0.34
653,,0.33,0.33,0.33,0.33,0.33,0.33,0.33,0.33
654,,0.32,0.32,0.32,0.32,0.32,0.32,0.32,0.32
655,,0.31,0.31,0.31,0.31,0.31,0.31,0.31,0.31
656,,0.3,0.3,0.3,0.3,0.3,0.3,0.3,0.3
657,,0.29,0.29,0.29,0.29,0.29,0.29,0.29,0.29
658,,0.28,0.28,0.28,0.28,0.28,0.28,0.28,0.28
659,,0.27,0.27,0.27,0.27,0.27,0.27,0.27,0.27
660,,0.26,0.26,0.26,0.26,0.26,0.26,0.26,0.26
661,,0.25,0.25,0.25,0.25,0.25,0.25,0.25,0.25
662,,0.24,0.24,0.24,0.24,0.24,0.24,0.24,0.24
663,,0.23,0.23,0.23,0.23,0.23,0.23,0.23,0.23
664,,0.22,0.22,0.22,0.22,0.22,0.22,0.22,0.22
665,,0.21,0.21,0.21,0.21,0.21,0.21,0.21,0.21
666,,0.2,0.2,0.2,0.2,0.2,0.2,0.2,0.2
667,,0.19,0.19,0.19,0.19,0.19,0.19,0.19,0.19
668,,0.18,0.18,0.18,0.18,0.18,0.18,0.18,0.18
669,,0.17,0.17,0.17,0.17,0.17,0.17,0.17,0.17
670,,0.16,0.16,0.16,0.16,0.16,0.16,0.16,0.16
671,,0.15,0.15,0.15,0.15,0.15,0.15,0.15,0.15
672,,0.14,0.14,0.14,0.14,0.14,0.14,0.14,0.14
673,,0.13,0.13,0.13,0.13,0.13,0.13,0.13,0.13
674,,0.12,0.12,0.12,0.12,0.12,0.12,0.12,0.12
675,,0.11,0.11,0.11,0.11,0.11,0.11,0.11,0.11
676,,0.1,0.1,0.1,0.1,0.1,0.1,0.1,0.1
677,,0.09,0.09,0.09,0.09,0.09,0.09,0.09,0.09
678,,0.08,0.08,0.08,0.08,0.08,0.08,0.08,0.08
679,,0.07,0.07,0.07,0.07,0.07,0.07,0.07,0.07
680,,0.06,0.06,0.06,0.06,0.06,0.06,0.06,0.06
681,,0.05,0.05,0.05,0.05,0.05,0.05,0.05,0.05
682,,0.04,0.04,0.04,0.04,0.04,0.04,0.04,0.04
683,,0.03,0.03,0.03,0.03,0.03,0.03,0.03,0.03
684,,0.02,0.02,0.02,0.02,0.02,0.02,0.02,0.02
685,,0.01,0.01,0.01,0.01,0.01,0.01,0.01,0.01
686,,0.0,0.0,0.0,0.0,0.0,0.0,0.0,0.0
687,,-0.01,-0.01,-0.01,-0.01,-0.01,-0.01,-0.01,-0.01
688,1,0.99,0.521,0.38,0.239,0.18,0.239,0.38,0.521
689,1,1.0,1.0,0.77,0.488,0.37,0.488,0.77,1.0
690,,0.99,0.99,0.76,0.478,0.36,0.478,0.76,0.99
691,,0.98,0.98,0.75,0.468,0.35,0.468,0.75,0.98
692,,0.97,0.97,0.74,0.458,0.34,0.458,0.74,0.97
693,,0.96,0.96,0.73,0.448,0.33,0.448,0.73,0.96
694,,0.95,0.95,0.72,0.438,0.32,0.438,0.72,0.95
695,,0.94,0.94,0.71,0.428,0.31,0.428,0.71,0.94
696,,0.93,0.93,0.7,0.418,0.3,0.418,0.7,0.93
697,,0.92,0.92,0.69,0.408,0.29,0.408,0.69,0.92
698,,0.91,0.91,0.68,0.398,0.28,0.398,0.68,0.91
699,,0.9,0.9,0.67,0.388,0.27,0.388,0.67,0.9
700,,0.89,0.89,0.66,0.378,0.26,0.378,0.66,0.89
701,,0.88,0.88,0.65,0.368,0.25,0.368,0.65,0.88
702,,0.87,0.87,0.64,0.358,0.24,0.358,0.64,0.87
703,,0.86,0.86,0.63,0.348,0.23,0.348,0.63,0.86
704,,0.85,0.85,0.62,0.338,0.22,0.338,0.62,0.85
705,,0.84,0.84,0.61,0.328,0.21,0.328,0.61,0.84
706,,0.83,0.83,0.6,0.318,0.2,0.318,0.6,0.83
707,,0.82,0.82,0.59,0.308,0.19,0.308,0.59,0.82
708,,0.81,0.81,0.58,0.298,0.18,0.298,0.58,0.81
709,,0.8,0.8,0.57,0.288,0.17,0.288,0.57,0.8
710,,0.79,0.79,0.56,0.278,0.16,0.278,0.56,0.79
711,,0.78,0.78,0.55,0.268,0.15,0.268,0.55,0.78
712,,0.77,0.77,0.54,0.258,0.14,0.258,0.54,0.77
713,,0.76,0.76,0.53,0.248,0.13,0.248,0.53,0.76
714,,0.75,0.75,0.52,0.238,0.12,0.238,0.52,0.75
715,,0.74,0.74,0.51,0.228,0.11,0.228,0.51,0.74
716,,0.73,0.73,0.5,0.218,0.1,0.218,0.5,0.73
717,,0.72,0.72,0.49,0.208,0.09,0.208,0.49,0.72
718,,0.71,0.71,0.48,0.198,0.08,0.198,0.48,0.71
719,,0.7,0.7,0.47,0.188,0.07,0.188,0.47,0.7
720,,0.69,0.69,0.46,0.178,0.06,0.178,0.46,0.69
721,,0.68,0.68,0.45,0.168,0.05,0.168,0.45,0.68
722,,0.67,0.67,0.44,0.158,0.04,0.158,0.44,0.67
723,,0.66,0.66,0.43,0.148,0.03,0.148,0.43,0.66
724,,0.65,0.65,0.42,0.138,0.02,0.138,0.42,0.65
725,,0.64,0.64,0.41,0.128,0.01,0.128,0.41,0.64
726,,0.63,0.63,0.4,0.118,0.0,0.118,0.4,0.63
727,,0.62,0.62,0.39,0.108,-0.01,0.108,0.39,0.62
728,5,0.81,0.869,0.78,0.639,0.99,0.639,0.78,0.869
729,5,1.0,1.0,1.0,1.0,1.0,1.0,1.0,1.0
730,,0.99,0.99,0.99,0.99,0.99,0.99,0.99,0.99
731,,0.98,0.98,0.98,0.98,0.98,0.98,0.98,0.98
732,,0.97,0.97,0.97,0.97,0.97,0.97,0.97,0.97
733,,0.96,0.96,0.96,0.96,0.96,0.96,0.96,0.96
734,,0.95,0.95,0.95,0.95,0.95,0.95,0.95,0.95
735,,0.94,0.94,0.94,0.94,0.94,0.94,0.94,0.94
736,,0.93,0.93,0.93,0.93,0.93,0.93,0.93,0.93
737,,0.92,0.92,0.92,0.92,0.92,0.92,0.92,0.92
738,,0.91,0.91,0.91,0.91,0.91,0.91,0.91,0.91
739,,0.9,0.9,0.9,0.9,0.9,0.9,0.9,0.9
740,,0.89,0.89,0.89,0.89,0.89,0.89,0.89,0.89
741,,0.88,0.88,0.88,0.88,0.88,0.88,0.88,0.88
742,,0.87,0.87,0.87,0.87,0.87,0.87,0.87,0.87
743,,0.86,0.86,0.86,0.86,0.86,0.86,0.86,0.86
744,,0.85,0.85,0.85,0.85,0.85,0.85,0.85,0.85
745,,0.84,0.84,0.84,0.84,0.84,0.84,0.84,0.84
746,,0.83,0.83,0.83,0.83,0.83,0.83,0.83,0.83
747,,0.82,0.82,0.82,0.82,0.82,0.82,0.82,0.82
748,,0.81,0.81,0.81,0.81,0.81,0.81,0.81,0.81
749,,0.8,0.8,0.8,0.8,0.8,0.8,0.8,0.8
750,,0.79,0.79,0.79,0.79,0.79,0.79,0.79,0.79
751,,0.78,0.78,0.78,0.78,0.78,0.78,0.78,0.78
752,,0.77,0.77,0.77,0.77,0.77,0.77,0.77,0.77
753,,0.76,0.76,0.76,0.76,0.76,0.76,0.76,0.76
754,,0.75,0.75,0.75,0.75,0.75,0.75,0.75,0.75
755,,0.74,0.74,0.74,0.74,0.74,0.74,0.74,0.74
756,,0.73,0.73,0.73,0.73,0.73,0.73,0.73,0.73
757,,0.72,0.72,0.72,0.72,0.72,0.72,0.72,0.72
758,,0.71,0.71,0.71,0.71,0.71,0.71,0.71,0.71
759,,0.7,0.7,0.7,0.7,0.7,0.7,0.7,0.7
760,,0.69,0.69,0.69,0.69,0.69,0.69,0.69,0.69
761,,0.68,0.68,0.68,0.68,0.68,0.68,0.68,0.68
762,,0.67,0.67,0.67,0.67,0.67,0.67,0.67,0.67
763,,0.66,0.66,0.66,0.66,0.66,0.66,0.66,0.66
764,,0.65,0.65,0.65,0.65,0.65,0.65,0.65,0.65
765,,0.64,0.64,0.64,0.64,0.64,0.64,0.64,0.64
766,,0.63,0.63,0.63,0.63,0.63,0.63,0.63,0.63
767,,0.62,0.62,0.62,0.62,0.62,0.62,0.62,0.62
768,,0.61,0.61,0.61,0.61,0.61,0.61,0.61,0.61
769,,0.6,0.6,0.6,0.6,0.6,0.6,0.6,0.6
770,,0.59,0.59,0.59,0.59,0.59,0.59,0.59,0.59
771,,0.58,0.58,0.58,0.58,0.58,0.58,0.58,0.58
772,,0.57,0.57,0.57,0.57,0.57,0.57,0.57,0.57
773,,0.56,0.56,0.56,0.56,0.56,0.56,0.56,0.56
774,,0.55,0.55,0.55,0.55,0.55,0.55,0.55,0.55
775,,0.54,0.54,0.54,0.54,0.54,0.54,0.54,0.54
776,,0.53,0.53,0.53,0.53,0.53,0.53,0.53,0.53
777,,0.52,0.52,0.52,0.52,0.52,0.52,0.52,0.52
778,,0.51,0.51,0.51,0.51,0.51,0.51,0.51,0.51
779,,0.5,0.5,0.5,0.5,0.5,0.5,0.5,0.5
780,,0.49,0.49,0.49,0.49,0.49,0.49,0.49,0.49
781,,0.48,0.48,0.48,0.48,0.48,0.48,0.48,0.48
782,,0.47,0.47,0.47,0.47,0.47,0.47,0.47,0.47
783,,0.46,0.46,0.46,0.46,0.46,0.46,0.46,0.46
784,,0.45,0.45,0.45,0.45,0.45,0.45,0.45,0.45
785,,0.44,0.44,0.44,0.44,0.44,0.44,0.44,0.44
786,,0.43,0.43,0.43,0.43,0.43,0.43,0.43,0.43
787,,0.42,0.42,0.42,0.42,0.42,0.42,0.42,0.42
788,,0.41,0.41,0.41,0.41,0.41,0.41,0.41,0.41
789,,0.4,0.4,0.4,0.4,0.4,0.4,0.4,0.4
790,,0.39,0.39,0.39,0.39,0.39,0.39,0.39,0.39
791,,0.38,0.38,0.38,0.38,0.38,0.38,0.38,0.38
792,,0.37,0.37,0.37,0.37,0.37,0.37,0.37,0.37
793,,0.36,0.36,0.36,0.36,0.36,0.36,0.36,0.36
794,,0.35,0.35,0.35,0.35,0.35,0.35,0.35,0.35
795,,0.34,0.34,0.34,0.34,0.34,0.34,0.34,0.34
796,,0.33,0.33,0.33,0.33,0.33,0.33,0.33,0.33
797,,0.32,0.32,0.32,0.32,0.32,0.32,0.32,0.32
798,,0.31,0.31,0.31,0.31,0.31,0.31,0.31,0.31
799,,0.3,0.3,0.3,0.3,0.3,0.3,0.3,0.3
800,,0.29,0.29,0.29,0.29,0.29,0.29,0.29,0.29
801,,0.28,0.28,0.28,0.28,0.28,0.28,0.28,0.28
802,,0.27,0.27,0.27,0.27,0.27,0.27,0.27,0.27
803,,0.26,0.26,0.26,0.26,0.26,0.26,0.26,0.26
804,,0.25,0.25,0.25,0.25,0.25,0.25,0.25,0.25
805,,0.24,0.24,0.24,0.24,0.24,0.24,0.24,0.24
806,,0.23,0.23,0.23,0.23,0.23,0.23,0.23,0.23
807,,0.22,0.22,0.22,0.22,0.22,0.22,0.22,0.22
808,,0.21,0.21,0.21,0.21,0.21,0.21,0.21,0.21
809,,0.2,0.2,0.2,0.2,0.2,0.2,0.2,0.2
810,,0.19,0.19,0.19,0.19,0.19,0.19,0.19,0.19
811,,0.18,0.18,0.18,0.18,0.18,0.18,0.18,0.18
812,,0.17,0.17,0.17,0.17,0.17,0.17,0.17,0.17
813,,0.16,0.16,0.16,0.16,0.16,0.16,0.16,0.16
814,,0.15,0.15,0.15,0.15,0.15,0.15,0.15,0.15
815,,0.14,0.14,0.14,0.14,0.14,0.14,0.14,0.14
816,,0.13,0.13,0.13,0.13,0.13,0.13,0.13,0.13
817,,0.12,0.12,0.12,0.12,0.12,0.12,0.12,0.12
818,,0.11,0.11,0.11,0.11,0.11,0.11,0.11,0.11
819,,0.1,0.1,0.1,0.1,0.1,0.1,0.1,0.1
820,,0.09,0.09,0.09,0.09,0.09,0.09,0.09,0.09
821,,0.08,0.08,0.08,0.08,0.08,0.08,0.08,0.08
822,,0.07,0.07,0.07,0.07,0.07,0.07,0.07,0.07
823,,0.06,0.06,0.06,0.06,0.06,0.06,0.06,0.06
824,,0.05,0.05,0.05,0.05,0.05,0.05,0.05,0.05
825,,0.04,0.04,0.04,0.04,0.04,0.04,0.04,0.04
826,,0.03,0.03,0.03,0.03,0.03,0.03,0.03,0.03
827,,0.02,0.02,0.02,0.02,0.02,0.02,0.02,0.02
828,,0.01,0.01,0.01,0.01,0.01,0.01,0.01,0.01
829,,0.0,0.0,0.0,0.0,0.0,0.0,0.0,0.0
830,,-0.01,-0.01,-0.01,-0.01,-0.01,-0.01,-0.01,-0.01
831,6,0.239,0.18,0.239,0.38,0.521,0.99,0.521,0.38
832,6,0.488,0.37,0.488,0.77,1.0,1.0,1.0,0.77
833,,0.478,0.36,0.478,0.76,0.99,0.99,0.99,0.76
834,,0.468,0.35,0.468,0.75,0.98,0.98,0.98,0.75
835,,0.458,0.34,0.458,0.74,0.97,0.97,0.97,0.74
836,,0.448,0.33,0.448,0.73,0.96,0.96,0.96,0.73
837,,0.438,0.32,0.438,0.72,0.95,0.95,0.95,0.72
838,,0.428,0.31,0.428,0.71,0.94,0.94,0.94,0.71
839,,0.418,0.3,0.418,0.7,0.93,0.93,0.93,0.7
840,,0.408,0.29,0.408,0.69,0.92,0.92,0.92,0.69
841,,0.398,0.28,0.398,0.68,0.91,0.91,0.91,0.68
842,,0.388,0.27,0.388,0.67,0.9,0.9,0.9,0.67
843,,0.378,0.26,0.378,0.66,0.89,0.89,0.89,0.66
844,,0.368,0.25,0.368,0.65,0.88,0.88,0.88,0.65
845,,0.358,0.24,0.358,0.64,0.87,0.87,0.87,0.64
846,,0.348,0.23,0.348,0.63,0.86,0.86,0.86,0.63
847,,0.338,0.22,0.338,0.62,0.85,0.85,0.85,0.62
848,,0.328,0.21,0.328,0.61,0.84,0.84,0.84,0.61
849,,0.318,0.2,0.318,0.6,0.83,0.83,0.83,0.6
850,,0.308,0.19,0.308,0.59,0.82,0.82,0.82,0.59
851,,0.298,0.18,0.298,0.58,0.81,0.81,0.81,0.58
852,,0.288,0.17,0.288,0.57,0.8,0.8,0.8,0.57
853,,0.278,0.16,0.278,0.56,0.79,0.79,0.79,0.56
854,,0.268,0.15,0.268,0.55,0.78,0.78,0.78,0.55
855,,0.258,0.14,0.258,0.54,0.77,0.77,0.77,0.54
856,,0.248,0.13,0.248,0.53,0.76,0.76,0.76,0.53
857,,0.238,0.12,0.238,0.52,0.75,0.75,0.75,0.52
858,,0.228,0.11,0.228,0.51,0.74,0.74,0.74,0.51
859,,0.218,0.1,0.218,0.5,0.73,0.73,0.73,0.5
860,,0.208,0.09,0.208,0.49,0.72,0.72,0.72,0.49
861,,0.198,0.08,0.198,0.48,0.71,0.71,0.71,0.48
862,,0.188,0.07,0.188,0.47,0.7,0.7,0.7,0.47
863,,0.178,0.06,0.178,0.46,0.69,0.69,0.69,0.46
864,,0.168,0.05,0.168,0.45,0.68,0.68,0.68,0.45
865,,0.158,0.04,0.158,0.44,0.67,0.67,0.67,0.44
866,,0.148,0.03,0.148,0.43,0.66,0.66,0.66,0.43
867,,0.138,0.02,0.138,0.42,0.65,0.65,0.65,0.42
868,,0.128,0.01,0.128,0.41,0.64,0.64,0.64,0.41
869,,0.118,0.0,0.118,0.4,0.63,0.63,0.63,0.4
870,,0.108,-0.01,0.108,0.39,0.62,0.62,0.62,0.39
871,2,0.639,0.99,0.639,0.78,0.869,0.81,0.869,0.78
872,2,1.0,1.0,1.0,1.0,1.0,1.0,1.0,1.0
873,,0.99,0.99,0.99,0.99,0.99,0.99,0.99,0.99
874,,0.98,0.98,0.98,0.98,0.98,0.98,0.98,0.98
875,,0.97,0.97,0.97,0.97,0.97,0.97,0.97,0.97
876,,0.96,0.96,0.96,0.96,0.96,0.96,0.96,0.96
877,,0.95,0.95,0.95,0.95,0.95,0.95,0.95,0.95
878,,0.94,0.94,0.94,0.94,0.94,0.94,0.94,0.94
879,,0.93,0.93,0.93,0.93,0.93,0.93,0.93,0.93
880,,0.92,0.92,0.92,0.92,0.92,0.92,0.92,0.92
881,,0.91,0.91,0.91,0.91,0.91,0.91,0.91,0.91
882,,0.9,0.9,0.9,0.9,0.9,0.9,0.9,0.9
883,,0.89,0.89,0.89,0.89,0.89,0.89,0.89,0.89
