step,active_motive,motive_1,motive_2,motive_3,motive_4,motive_5,motive_6,motive_7,motive_8
0,,0.06335,0.05358,0.00903,0.08353,0.03208,0.01865,0.00408,0.05909
1,,-0.13665,-0.14642,-0.19097,-0.11647,-0.16792,-0.18135,-0.19592,-0.14091
2,7,-0.03665,-0.32942,-0.49097,-0.29947,-0.06792,0.20165,0.80408,0.24209
3,7,0.06335,-0.51242,-0.79097,-0.48247,0.03208,0.58465,1.0,0.62509
4,3,0.16335,-0.12942,0.20903,-0.09947,0.13208,0.40165,0.7,0.44209
5,3,0.26335,0.25358,1.0,0.28353,0.23208,0.21865,0.4,0.25909
6,,0.06335,0.05358,0.8,0.08353,0.03208,0.01865,0.2,0.05909
7,,-0.13665,-0.14642,0.6,-0.11647,-0.16792,-0.18135,0.0,-0.14091
8,6,-0.31965,-0.44642,0.417,-0.01647,0.21508,0.81865,0.383,-0.04091
9,6,-0.50265,-0.74642,0.234,0.08353,0.59808,1.0,0.766,0.05909
10,2,-0.11965,0.25358,0.617,0.18353,0.41508,0.7,0.583,0.15909
11,2,0.26335,1.0,1.0,0.28353,0.23208,0.4,0.4,0.25909
12,,0.06335,0.8,0.8,0.08353,0.03208,0.2,0.2,0.05909
13,,-0.13665,0.6,0.6,-0.11647,-0.16792,0.0,0.0,-0.14091
14,5,-0.43665,0.417,0.7,0.26653,0.83208,0.383,0.1,-0.32391
15,5,-0.73665,0.234,0.8,0.64953,1.0,0.766,0.2,-0.50691
16,1,0.26335,0.617,0.9,0.46653,0.7,0.583,0.3,-0.12391
17,1,1.0,1.0,1.0,0.28353,0.4,0.4,0.4,0.25909
18,,0.8,0.8,0.8,0.08353,0.2,0.2,0.2,0.05909
19,,0.6,0.6,0.6,-0.11647,0.0,0.0,0.0,-0.14091
20,8,0.983,0.7,0.417,-0.41647,-0.183,0.1,0.383,0.85909
21,8,1.0,0.8,0.234,-0.71647,-0.366,0.2,0.766,1.0
22,4,0.817,0.9,0.617,0.28353,0.017,0.3,0.583,0.7
23,4,0.634,1.0,1.0,1.0,0.4,0.4,0.4,0.4
24,,0.434,0.8,0.8,0.8,0.2,0.2,0.2,0.2
25,,0.234,0.6,0.6,0.6,0.0,0.0,0.0,0.0
26,,0.034,0.4,0.4,0.4,-0.2,-0.2,-0.2,-0.2
27,7,0.134,0.217,0.1,0.217,-0.1,0.183,0.8,0.183
28,7,0.234,0.034,-0.2,0.034,-0.0,0.566,1.0,0.566
29,3,0.334,0.417,0.8,0.417,0.1,0.383,0.7,0.383
30,3,0.434,0.8,1.0,0.8,0.2,0.2,0.4,0.2
31,,0.234,0.6,0.8,0.6,0.0,0.0,0.2,0.0
32,,0.034,0.4,0.6,0.4,-0.2,-0.2,0.0,-0.2
33,8,0.417,0.5,0.417,0.1,-0.383,-0.1,0.383,0.8
34,8,0.8,0.6,0.234,-0.2,-0.566,-0.0,0.766,1.0
35,5,0.5,0.417,0.334,0.183,0.434,0.383,0.866,0.817
36,5,0.2,0.234,0.434,0.566,1.0,0.766,0.966,0.634
37,,0.0,0.034,0.234,0.366,0.8,0.566,0.766,0.434
38,,-0.2,-0.166,0.034,0.166,0.6,0.366,0.566,0.234
39,1,0.8,0.217,0.134,-0.017,0.3,0.183,0.666,0.617
40,1,1.0,0.6,0.234,-0.2,-0.0,0.0,0.766,1.0
41,4,0.817,0.7,0.617,0.8,0.383,0.1,0.583,0.7
42,4,0.634,0.8,1.0,1.0,0.766,0.2,0.4,0.4
43,,0.434,0.6,0.8,0.8,0.566,0.0,0.2,0.2
44,,0.234,0.4,0.6,0.6,0.366,-0.2,0.0,0.0
45,6,0.051,0.1,0.417,0.7,0.749,0.8,0.383,0.1
46,6,-0.132,-0.2,0.234,0.8,1.0,1.0,0.766,0.2
47,2,0.251,0.8,0.617,0.9,0.817,0.7,0.583,0.3
48,2,0.634,1.0,1.0,1.0,0.634,0.4,0.4,0.4
49,,0.434,0.8,0.8,0.8,0.434,0.2,0.2,0.2
50,,0.234,0.6,0.6,0.6,0.234,0.0,0.0,0.0
51,,0.034,0.4,0.4,0.4,0.034,-0.2,-0.2,-0.2
52,7,0.134,0.217,0.1,0.217,0.134,0.183,0.8,0.183
53,7,0.234,0.034,-0.2,0.034,0.234,0.566,1.0,0.566
54,3,0.334,0.417,0.8,0.417,0.334,0.383,0.7,0.383
55,3,0.434,0.8,1.0,0.8,0.434,0.2,0.4,0.2
56,,0.234,0.6,0.8,0.6,0.234,0.0,0.2,0.0
57,,0.034,0.4,0.6,0.4,0.034,-0.2,0.0,-0.2
58,6,-0.149,0.1,0.417,0.5,0.417,0.8,0.383,-0.1
59,6,-0.332,-0.2,0.234,0.6,0.8,1.0,0.766,-0.0
60,1,0.668,0.183,0.334,0.417,0.5,0.817,0.866,0.383
61,1,1.0,0.566,0.434,0.234,0.2,0.634,0.966,0.766
62,,0.8,0.366,0.234,0.034,0.0,0.434,0.766,0.566
63,,0.6,0.166,0.034,-0.166,-0.2,0.234,0.566,0.366
64,5,0.3,-0.017,0.134,0.217,0.8,0.617,0.666,0.183
65,5,-0.0,-0.2,0.234,0.6,1.0,1.0,0.766,0.0
66,2,0.383,0.8,0.617,0.7,0.817,0.7,0.583,0.1
67,2,0.766,1.0,1.0,0.8,0.634,0.4,0.4,0.2
68,,0.566,0.8,0.8,0.6,0.434,0.2,0.2,0.0
69,,0.366,0.6,0.6,0.4,0.234,0.0,0.0,-0.2
70,8,0.749,0.7,0.417,0.1,0.051,0.1,0.383,0.8
71,8,1.0,0.8,0.234,-0.2,-0.132,0.2,0.766,1.0
72,4,0.817,0.9,0.617,0.8,0.251,0.3,0.583,0.7
73,4,0.634,1.0,1.0,1.0,0.634,0.4,0.4,0.4
74,,0.434,0.8,0.8,0.8,0.434,0.2,0.2,0.2
75,,0.234,0.6,0.6,0.6,0.234,0.0,0.0,0.0
76,,0.034,0.4,0.4,0.4,0.034,-0.2,-0.2,-0.2
77,8,0.417,0.5,0.217,0.1,-0.149,-0.1,0.183,0.8
78,8,0.8,0.6,0.034,-0.2,-0.332,-0.0,0.566,1.0
79,5,0.5,0.417,0.134,0.183,0.668,0.383,0.666,0.817
80,5,0.2,0.234,0.234,0.566,1.0,0.766,0.766,0.634
81,,0.0,0.034,0.034,0.366,0.8,0.566,0.566,0.434
82,,-0.2,-0.166,-0.166,0.166,0.6,0.366,0.366,0.234
83,1,0.8,0.217,-0.066,-0.017,0.3,0.183,0.466,0.617
84,1,1.0,0.6,0.034,-0.2,-0.0,0.0,0.566,1.0
85,4,0.817,0.7,0.417,0.8,0.383,0.1,0.383,0.7
86,4,0.634,0.8,0.8,1.0,0.766,0.2,0.2,0.4
87,,0.434,0.6,0.6,0.8,0.566,0.0,0.0,0.2
88,,0.234,0.4,0.4,0.6,0.366,-0.2,-0.2,0.0
89,6,0.051,0.1,0.217,0.7,0.749,0.8,0.183,0.1
90,6,-0.132,-0.2,0.034,0.8,1.0,1.0,0.566,0.2
91,2,0.251,0.8,0.417,0.9,0.817,0.7,0.383,0.3
92,2,0.634,1.0,0.8,1.0,0.634,0.4,0.2,0.4
93,,0.434,0.8,0.6,0.8,0.434,0.2,0.0,0.2
94,,0.234,0.6,0.4,0.6,0.234,0.0,-0.2,0.0
95,7,0.334,0.417,0.1,0.417,0.334,0.383,0.8,0.383
96,7,0.434,0.234,-0.2,0.234,0.434,0.766,1.0,0.766
97,3,0.534,0.617,0.8,0.617,0.534,0.583,0.7,0.583
98,3,0.634,1.0,1.0,1.0,0.634,0.4,0.4,0.4
99,,0.434,0.8,0.8,0.8,0.434,0.2,0.2,0.2
100,,0.234,0.6,0.6,0.6,0.234,0.0,0.0,0.0
101,,0.034,0.4,0.4,0.4,0.034,-0.2,-0.2,-0.2
102,8,0.417,0.5,0.217,0.1,-0.149,-0.1,0.183,0.8
103,8,0.8,0.6,0.034,-0.2,-0.332,-0.0,0.566,1.0
104,5,0.5,0.417,0.134,0.183,0.668,0.383,0.666,0.817
105,5,0.2,0.234,0.234,0.566,1.0,0.766,0.766,0.634
106,,0.0,0.034,0.034,0.366,0.8,0.566,0.566,0.434
107,,-0.2,-0.166,-0.166,0.166,0.6,0.366,0.366,0.234
108,1,0.8,0.217,-0.066,-0.017,0.3,0.183,0.466,0.617
109,1,1.0,0.6,0.034,-0.2,-0.0,0.0,0.566,1.0
110,4,0.817,0.7,0.417,0.8,0.383,0.1,0.383,0.7
111,4,0.634,0.8,0.8,1.0,0.766,0.2,0.2,0.4
112,,0.434,0.6,0.6,0.8,0.566,0.0,0.0,0.2
113,,0.234,0.4,0.4,0.6,0.366,-0.2,-0.2,0.0
114,7,0.334,0.217,0.1,0.417,0.466,0.183,0.8,0.383
115,7,0.434,0.034,-0.2,0.234,0.566,0.566,1.0,0.766
116,3,0.534,0.417,0.8,0.617,0.666,0.383,0.7,0.583
117,3,0.634,0.8,1.0,1.0,0.766,0.2,0.4,0.4
118,,0.434,0.6,0.8,0.8,0.566,0.0,0.2,0.2
119,,0.234,0.4,0.6,0.6,0.366,-0.2,0.0,0.0
120,6,0.051,0.1,0.417,0.7,0.749,0.8,0.383,0.1
121,6,-0.132,-0.2,0.234,0.8,1.0,1.0,0.766,0.2
122,2,0.251,0.8,0.617,0.9,0.817,0.7,0.583,0.3
123,2,0.634,1.0,1.0,1.0,0.634,0.4,0.4,0.4
124,,0.434,0.8,0.8,0.8,0.434,0.2,0.2,0.2
125,,0.234,0.6,0.6,0.6,0.234,0.0,0.0,0.0
126,,0.034,0.4,0.4,0.4,0.034,-0.2,-0.2,-0.2
127,6,-0.149,0.1,0.217,0.5,0.417,0.8,0.183,-0.1
128,6,-0.332,-0.2,0.034,0.6,0.8,1.0,0.566,-0.0
129,1,0.668,0.183,0.134,0.417,0.5,0.817,0.666,0.383
130,1,1.0,0.566,0.234,0.234,0.2,0.634,0.766,0.766
131,,0.8,0.366,0.034,0.034,0.0,0.434,0.566,0.566
132,,0.6,0.166,-0.166,-0.166,-0.2,0.234,0.366,0.366
133,5,0.3,-0.017,-0.066,0.217,0.8,0.617,0.466,0.183
134,5,-0.0,-0.2,0.034,0.6,1.0,1.0,0.566,0.0
135,2,0.383,0.8,0.417,0.7,0.817,0.7,0.383,0.1
136,2,0.766,1.0,0.8,0.8,0.634,0.4,0.2,0.2
137,,0.566,0.8,0.6,0.6,0.434,0.2,0.0,0.0
138,,0.366,0.6,0.4,0.4,0.234,0.0,-0.2,-0.2
139,7,0.466,0.417,0.1,0.217,0.334,0.383,0.8,0.183
140,7,0.566,0.234,-0.2,0.034,0.434,0.766,1.0,0.566
141,3,0.666,0.617,0.8,0.417,0.534,0.583,0.7,0.383
142,3,0.766,1.0,1.0,0.8,0.634,0.4,0.4,0.2
143,,0.566,0.8,0.8,0.6,0.434,0.2,0.2,0.0
144,,0.366,0.6,0.6,0.4,0.234,0.0,0.0,-0.2
145,8,0.749,0.7,0.417,0.1,0.051,0.1,0.383,0.8
146,8,1.0,0.8,0.234,-0.2,-0.132,0.2,0.766,1.0
147,4,0.817,0.9,0.617,0.8,0.251,0.3,0.583,0.7
148,4,0.634,1.0,1.0,1.0,0.634,0.4,0.4,0.4
149,,0.434,0.8,0.8,0.8,0.434,0.2,0.2,0.2
150,,0.234,0.6,0.6,0.6,0.234,0.0,0.0,0.0
151,,0.034,0.4,0.4,0.4,0.034,-0.2,-0.2,-0.2
152,8,0.417,0.5,0.217,0.1,-0.149,-0.1,0.183,0.8
153,8,0.8,0.6,0.034,-0.2,-0.332,-0.0,0.566,1.0
154,5,0.5,0.417,0.134,0.183,0.668,0.383,0.666,0.817
155,5,0.2,0.234,0.234,0.566,1.0,0.766,0.766,0.634
156,,0.0,0.034,0.034,0.366,0.8,0.566,0.566,0.434
157,,-0.2,-0.166,-0.166,0.166,0.6,0.366,0.366,0.234
158,1,0.8,0.217,-0.066,-0.017,0.3,0.183,0.466,0.617
159,1,1.0,0.6,0.034,-0.2,-0.0,0.0,0.566,1.0
160,4,0.817,0.7,0.417,0.8,0.383,0.1,0.383,0.7
161,4,0.634,0.8,0.8,1.0,0.766,0.2,0.2,0.4
162,,0.434,0.6,0.6,0.8,0.566,0.0,0.0,0.2
163,,0.234,0.4,0.4,0.6,0.366,-0.2,-0.2,0.0
164,7,0.334,0.217,0.1,0.417,0.466,0.183,0.8,0.383
165,7,0.434,0.034,-0.2,0.234,0.566,0.566,1.0,0.766
166,3,0.534,0.417,0.8,0.617,0.666,0.383,0.7,0.583
167,3,0.634,0.8,1.0,1.0,0.766,0.2,0.4,0.4
168,,0.434,0.6,0.8,0.8,0.566,0.0,0.2,0.2
169,,0.234,0.4,0.6,0.6,0.366,-0.2,0.0,0.0
170,6,0.051,0.1,0.417,0.7,0.749,0.8,0.383,0.1
171,6,-0.132,-0.2,0.234,0.8,1.0,1.0,0.766,0.2
172,2,0.251,0.8,0.617,0.9,0.817,0.7,0.583,0.3
173,2,0.634,1.0,1.0,1.0,0.634,0.4,0.4,0.4
174,,0.434,0.8,0.8,0.8,0.434,0.2,0.2,0.2
175,,0.234,0.6,0.6,0.6,0.234,0.0,0.0,0.0
176,,0.034,0.4,0.4,0.4,0.034,-0.2,-0.2,-0.2
177,6,-0.149,0.1,0.217,0.5,0.417,0.8,0.183,-0.1
178,6,-0.332,-0.2,0.034,0.6,0.8,1.0,0.566,-0.0
179,1,0.668,0.183,0.134,0.417,0.5,0.817,0.666,0.383
180,1,1.0,0.566,0.234,0.234,0.2,0.634,0.766,0.766
181,,0.8,0.366,0.034,0.034,0.0,0.434,0.566,0.566
182,,0.6,0.166,-0.166,-0.166,-0.2,0.234,0.366,0.366
183,5,0.3,-0.017,-0.066,0.217,0.8,0.617,0.466,0.183
184,5,-0.0,-0.2,0.034,0.6,1.0,1.0,0.566,0.0
185,2,0.383,0.8,0.417,0.7,0.817,0.7,0.383,0.1
186,2,0.766,1.0,0.8,0.8,0.634,0.4,0.2,0.2
187,,0.566,0.8,0.6,0.6,0.434,0.2,0.0,0.0
188,,0.366,0.6,0.4,0.4,0.234,0.0,-0.2,-0.2
189,7,0.466,0.417,0.1,0.217,0.334,0.383,0.8,0.183
190,7,0.566,0.234,-0.2,0.034,0.434,0.766,1.0,0.566
191,3,0.666,0.617,0.8,0.417,0.534,0.583,0.7,0.383
192,3,0.766,1.0,1.0,0.8,0.634,0.4,0.4,0.2
193,,0.566,0.8,0.8,0.6,0.434,0.2,0.2,0.0
194,,0.366,0.6,0.6,0.4,0.234,0.0,0.0,-0.2
195,8,0.749,0.7,0.417,0.1,0.051,0.1,0.383,0.8
196,8,1.0,0.8,0.234,-0.2,-0.132,0.2,0.766,1.0
197,4,0.817,0.9,0.617,0.8,0.251,0.3,0.583,0.7
198,4,0.634,1.0,1.0,1.0,0.634,0.4,0.4,0.4
199,,0.434,0.8,0.8,0.8,0.434,0.2,0.2,0.2
