step,active_motive,motive_1,motive_2,motive_3,motive_4,motive_5,motive_6,motive_7,motive_8
0,,0.01182,0.06967,0.06289,0.08775,0.07351,0.08035,0.0282,0.01774
1,,-0.00818,0.04967,0.04289,0.06775,0.05351,0.06035,0.0082,-0.00226
2,1,0.99182,0.20067,0.12289,0.07675,0.03351,0.06935,0.0882,0.14874
3,1,1.0,0.35167,0.20289,0.08575,0.01351,0.07835,0.1682,0.29974
4,,0.98,0.33167,0.18289,0.06575,-0.00649,0.05835,0.1482,0.27974
5,5,0.96,0.34067,0.26289,0.21675,0.99351,0.20935,0.2282,0.28874
6,5,0.94,0.34967,0.34289,0.36775,1.0,0.36035,0.3082,0.29774
7,,0.92,0.32967,0.32289,0.34775,0.98,0.34035,0.2882,0.27774
8,,0.9,0.30967,0.30289,0.32775,0.96,0.32035,0.2682,0.25774
9,,0.88,0.28967,0.28289,0.30775,0.94,0.30035,0.2482,0.23774
10,,0.86,0.26967,0.26289,0.28775,0.92,0.28035,0.2282,0.21774
11,,0.84,0.24967,0.24289,0.26775,0.9,0.26035,0.2082,0.19774
12,,0.82,0.22967,0.22289,0.24775,0.88,0.24035,0.1882,0.17774
13,,0.8,0.20967,0.20289,0.22775,0.86,0.22035,0.1682,0.15774
14,,0.78,0.18967,0.18289,0.20775,0.84,0.20035,0.1482,0.13774
15,,0.76,0.16967,0.16289,0.18775,0.82,0.18035,0.1282,0.11774
16,,0.74,0.14967,0.14289,0.16775,0.8,0.16035,0.1082,0.09774
17,,0.72,0.12967,0.12289,0.14775,0.78,0.14035,0.0882,0.07774
18,,0.7,0.10967,0.10289,0.12775,0.76,0.12035,0.0682,0.05774
19,,0.68,0.08967,0.08289,0.10775,0.74,0.10035,0.0482,0.03774
20,,0.66,0.06967,0.06289,0.08775,0.72,0.08035,0.0282,0.01774
21,,0.64,0.04967,0.04289,0.06775,0.7,0.06035,0.0082,-0.00226
22,8,0.791,0.12967,0.05189,0.04775,0.709,0.14035,0.1592,0.99774
23,8,0.942,0.20967,0.06089,0.02775,0.718,0.22035,0.3102,1.0
24,,0.922,0.18967,0.04089,0.00775,0.698,0.20035,0.2902,0.98
25,,0.902,0.16967,0.02089,-0.01225,0.678,0.18035,0.2702,0.96
26,4,0.911,0.24967,0.17189,0.98775,0.829,0.26035,0.2792,0.94
27,4,0.92,0.32967,0.32289,1.0,0.98,0.34035,0.2882,0.92
28,,0.9,0.30967,0.30289,0.98,0.96,0.32035,0.2682,0.9
29,,0.88,0.28967,0.28289,0.96,0.94,0.30035,0.2482,0.88
30,,0.86,0.26967,0.26289,0.94,0.92,0.28035,0.2282,0.86
31,,0.84,0.24967,0.24289,0.92,0.9,0.26035,0.2082,0.84
32,,0.82,0.22967,0.22289,0.9,0.88,0.24035,0.1882,0.82
33,,0.8,0.20967,0.20289,0.88,0.86,0.22035,0.1682,0.8
34,,0.78,0.18967,0.18289,0.86,0.84,0.20035,0.1482,0.78
35,,0.76,0.16967,0.16289,0.84,0.82,0.18035,0.1282,0.76
36,,0.74,0.14967,0.14289,0.82,0.8,0.16035,0.1082,0.74
37,,0.72,0.12967,0.12289,0.8,0.78,0.14035,0.0882,0.72
38,,0.7,0.10967,0.10289,0.78,0.76,0.12035,0.0682,0.7
39,,0.68,0.08967,0.08289,0.76,0.74,0.10035,0.0482,0.68
40,,0.66,0.06967,0.06289,0.74,0.72,0.08035,0.0282,0.66
41,,0.64,0.04967,0.04289,0.72,0.7,0.06035,0.0082,0.64
42,,0.62,0.02967,0.02289,0.7,0.68,0.04035,-0.0118,0.62
43,7,0.7,0.03867,0.00289,0.709,0.76,0.19135,0.9882,0.771
44,7,0.78,0.04767,-0.01711,0.718,0.84,0.34235,1.0,0.922
45,3,0.86,0.19867,0.98289,0.869,0.92,0.35135,0.98,0.931
46,3,0.94,0.34967,1.0,1.0,1.0,0.36035,0.96,0.94
47,,0.92,0.32967,0.98,0.98,0.98,0.34035,0.94,0.92
48,,0.9,0.30967,0.96,0.96,0.96,0.32035,0.92,0.9
49,,0.88,0.28967,0.94,0.94,0.94,0.30035,0.9,0.88
50,,0.86,0.26967,0.92,0.92,0.92,0.28035,0.88,0.86
51,,0.84,0.24967,0.9,0.9,0.9,0.26035,0.86,0.84
52,,0.82,0.22967,0.88,0.88,0.88,0.24035,0.84,0.82
53,,0.8,0.20967,0.86,0.86,0.86,0.22035,0.82,0.8
54,,0.78,0.18967,0.84,0.84,0.84,0.20035,0.8,0.78
55,,0.76,0.16967,0.82,0.82,0.82,0.18035,0.78,0.76
56,,0.74,0.14967,0.8,0.8,0.8,0.16035,0.76,0.74
57,,0.72,0.12967,0.78,0.78,0.78,0.14035,0.74,0.72
58,,0.7,0.10967,0.76,0.76,0.76,0.12035,0.72,0.7
59,,0.68,0.08967,0.74,0.74,0.74,0.10035,0.7,0.68
60,,0.66,0.06967,0.72,0.72,0.72,0.08035,0.68,0.66
61,,0.64,0.04967,0.7,0.7,0.7,0.06035,0.66,0.64
62,,0.62,0.02967,0.68,0.68,0.68,0.04035,0.64,0.62
63,,0.6,0.00967,0.66,0.66,0.66,0.02035,0.62,0.6
64,,0.58,-0.01033,0.64,0.64,0.64,0.00035,0.6,0.58
65,2,0.731,0.98967,0.791,0.72,0.649,-0.01965,0.609,0.66
66,2,0.882,1.0,0.942,0.8,0.658,-0.03965,0.618,0.74
67,6,0.891,0.98,0.951,0.88,0.809,0.96035,0.769,0.82
68,6,0.9,0.96,0.96,0.96,0.96,1.0,0.92,0.9
69,,0.88,0.94,0.94,0.94,0.94,0.98,0.9,0.88
70,,0.86,0.92,0.92,0.92,0.92,0.96,0.88,0.86
71,,0.84,0.9,0.9,0.9,0.9,0.94,0.86,0.84
72,,0.82,0.88,0.88,0.88,0.88,0.92,0.84,0.82
73,,0.8,0.86,0.86,0.86,0.86,0.9,0.82,0.8
74,,0.78,0.84,0.84,0.84,0.84,0.88,0.8,0.78
75,,0.76,0.82,0.82,0.82,0.82,0.86,0.78,0.76
76,,0.74,0.8,0.8,0.8,0.8,0.84,0.76,0.74
77,,0.72,0.78,0.78,0.78,0.78,0.82,0.74,0.72
78,,0.7,0.76,0.76,0.76,0.76,0.8,0.72,0.7
79,,0.68,0.74,0.74,0.74,0.74,0.78,0.7,0.68
80,,0.66,0.72,0.72,0.72,0.72,0.76,0.68,0.66
81,,0.64,0.7,0.7,0.7,0.7,0.74,0.66,0.64
82,,0.62,0.68,0.68,0.68,0.68,0.72,0.64,0.62
83,,0.6,0.66,0.66,0.66,0.66,0.7,0.62,0.6
84,,0.58,0.64,0.64,0.64,0.64,0.68,0.6,0.58
85,,0.56,0.62,0.62,0.62,0.62,0.66,0.58,0.56
86,,0.54,0.6,0.6,0.6,0.6,0.64,0.56,0.54
87,,0.52,0.58,0.58,0.58,0.58,0.62,0.54,0.52
88,,0.5,0.56,0.56,0.56,0.56,0.6,0.52,0.5
89,,0.48,0.54,0.54,0.54,0.54,0.58,0.5,0.48
90,,0.46,0.52,0.52,0.52,0.52,0.56,0.48,0.46
91,,0.44,0.5,0.5,0.5,0.5,0.54,0.46,0.44
92,,0.42,0.48,0.48,0.48,0.48,0.52,0.44,0.42
93,,0.4,0.46,0.46,0.46,0.46,0.5,0.42,0.4
94,,0.38,0.44,0.44,0.44,0.44,0.48,0.4,0.38
95,,0.36,0.42,0.42,0.42,0.42,0.46,0.38,0.36
96,,0.34,0.4,0.4,0.4,0.4,0.44,0.36,0.34
97,,0.32,0.38,0.38,0.38,0.38,0.42,0.34,0.32
98,,0.3,0.36,0.36,0.36,0.36,0.4,0.32,0.3
99,,0.28,0.34,0.34,0.34,0.34,0.38,0.3,0.28
100,,0.26,0.32,0.32,0.32,0.32,0.36,0.28,0.26
101,,0.24,0.3,0.3,0.3,0.3,0.34,0.26,0.24
102,,0.22,0.28,0.28,0.28,0.28,0.32,0.24,0.22
103,,0.2,0.26,0.26,0.26,0.26,0.3,0.22,0.2
104,,0.18,0.24,0.24,0.24,0.24,0.28,0.2,0.18
105,,0.16,0.22,0.22,0.22,0.22,0.26,0.18,0.16
106,,0.14,0.2,0.2,0.2,0.2,0.24,0.16,0.14
107,,0.12,0.18,0.18,0.18,0.18,0.22,0.14,0.12
108,,0.1,0.16,0.16,0.16,0.16,0.2,0.12,0.1
109,,0.08,0.14,0.14,0.14,0.14,0.18,0.1,0.08
110,,0.06,0.12,0.12,0.12,0.12,0.16,0.08,0.06
111,,0.04,0.1,0.1,0.1,0.1,0.14,0.06,0.04
112,,0.02,0.08,0.08,0.08,0.08,0.12,0.04,0.02
113,,0.0,0.06,0.06,0.06,0.06,0.1,0.02,0.0
114,,-0.02,0.04,0.04,0.04,0.04,0.08,0.0,-0.02
115,1,0.98,0.191,0.12,0.049,0.02,0.089,0.08,0.131
116,1,1.0,0.342,0.2,0.058,0.0,0.098,0.16,0.282
117,,0.98,0.322,0.18,0.038,-0.02,0.078,0.14,0.262
118,5,0.96,0.331,0.26,0.189,0.98,0.229,0.22,0.271
119,5,0.94,0.34,0.34,0.34,1.0,0.38,0.3,0.28
120,,0.92,0.32,0.32,0.32,0.98,0.36,0.28,0.26
121,,0.9,0.3,0.3,0.3,0.96,0.34,0.26,0.24
122,,0.88,0.28,0.28,0.28,0.94,0.32,0.24,0.22
123,,0.86,0.26,0.26,0.26,0.92,0.3,0.22,0.2
124,,0.84,0.24,0.24,0.24,0.9,0.28,0.2,0.18
125,,0.82,0.22,0.22,0.22,0.88,0.26,0.18,0.16
126,,0.8,0.2,0.2,0.2,0.86,0.24,0.16,0.14
127,,0.78,0.18,0.18,0.18,0.84,0.22,0.14,0.12
128,,0.76,0.16,0.16,0.16,0.82,0.2,0.12,0.1
129,,0.74,0.14,0.14,0.14,0.8,0.18,0.1,0.08
130,,0.72,0.12,0.12,0.12,0.78,0.16,0.08,0.06
131,,0.7,0.1,0.1,0.1,0.76,0.14,0.06,0.04
132,,0.68,0.08,0.08,0.08,0.74,0.12,0.04,0.02
133,,0.66,0.06,0.06,0.06,0.72,0.1,0.02,0.0
134,,0.64,0.04,0.04,0.04,0.7,0.08,0.0,-0.02
135,8,0.791,0.12,0.049,0.02,0.709,0.16,0.151,0.98
136,8,0.942,0.2,0.058,0.0,0.718,0.24,0.302,1.0
137,,0.922,0.18,0.038,-0.02,0.698,0.22,0.282,0.98
138,4,0.931,0.26,0.189,0.98,0.849,0.3,0.291,0.96
139,4,0.94,0.34,0.34,1.0,1.0,0.38,0.3,0.94
140,,0.92,0.32,0.32,0.98,0.98,0.36,0.28,0.92
141,,0.9,0.3,0.3,0.96,0.96,0.34,0.26,0.9
142,,0.88,0.28,0.28,0.94,0.94,0.32,0.24,0.88
143,,0.86,0.26,0.26,0.92,0.92,0.3,0.22,0.86
144,,0.84,0.24,0.24,0.9,0.9,0.28,0.2,0.84
145,,0.82,0.22,0.22,0.88,0.88,0.26,0.18,0.82
146,,0.8,0.2,0.2,0.86,0.86,0.24,0.16,0.8
147,,0.78,0.18,0.18,0.84,0.84,0.22,0.14,0.78
148,,0.76,0.16,0.16,0.82,0.82,0.2,0.12,0.76
149,,0.74,0.14,0.14,0.8,0.8,0.18,0.1,0.74
150,,0.72,0.12,0.12,0.78,0.78,0.16,0.08,0.72
151,,0.7,0.1,0.1,0.76,0.76,0.14,0.06,0.7
152,,0.68,0.08,0.08,0.74,0.74,0.12,0.04,0.68
153,,0.66,0.06,0.06,0.72,0.72,0.1,0.02,0.66
154,,0.64,0.04,0.04,0.7,0.7,0.08,0.0,0.64
155,,0.62,0.02,0.02,0.68,0.68,0.06,-0.02,0.62
156,7,0.7,0.029,0.0,0.689,0.76,0.211,0.98,0.771
157,7,0.78,0.038,-0.02,0.698,0.84,0.362,1.0,0.922
158,3,0.86,0.189,0.98,0.849,0.92,0.371,0.98,0.931
159,3,0.94,0.34,1.0,1.0,1.0,0.38,0.96,0.94
160,,0.92,0.32,0.98,0.98,0.98,0.36,0.94,0.92
161,,0.9,0.3,0.96,0.96,0.96,0.34,0.92,0.9
162,,0.88,0.28,0.94,0.94,0.94,0.32,0.9,0.88
163,,0.86,0.26,0.92,0.92,0.92,0.3,0.88,0.86
164,,0.84,0.24,0.9,0.9,0.9,0.28,0.86,0.84
165,,0.82,0.22,0.88,0.88,0.88,0.26,0.84,0.82
166,,0.8,0.2,0.86,0.86,0.86,0.24,0.82,0.8
167,,0.78,0.18,0.84,0.84,0.84,0.22,0.8,0.78
168,,0.76,0.16,0.82,0.82,0.82,0.2,0.78,0.76
169,,0.74,0.14,0.8,0.8,0.8,0.18,0.76,0.74
170,,0.72,0.12,0.78,0.78,0.78,0.16,0.74,0.72
171,,0.7,0.1,0.76,0.76,0.76,0.14,0.72,0.7
172,,0.68,0.08,0.74,0.74,0.74,0.12,0.7,0.68
173,,0.66,0.06,0.72,0.72,0.72,0.1,0.68,0.66
174,,0.64,0.04,0.7,0.7,0.7,0.08,0.66,0.64
175,,0.62,0.02,0.68,0.68,0.68,0.06,0.64,0.62
176,,0.6,0.0,0.66,0.66,0.66,0.04,0.62,0.6
177,,0.58,-0.02,0.64,0.64,0.64,0.02,0.6,0.58
178,2,0.731,0.98,0.791,0.72,0.649,0.0,0.609,0.66
179,2,0.882,1.0,0.942,0.8,0.658,-0.02,0.618,0.74
180,6,0.891,0.98,0.951,0.88,0.809,0.98,0.769,0.82
181,6,0.9,0.96,0.96,0.96,0.96,1.0,0.92,0.9
182,,0.88,0.94,0.94,0.94,0.94,0.98,0.9,0.88
183,,0.86,0.92,0.92,0.92,0.92,0.96,0.88,0.86
184,,0.84,0.9,0.9,0.9,0.9,0.94,0.86,0.84
185,,0.82,0.88,0.88,0.88,0.88,0.92,0.84,0.82
186,,0.8,0.86,0.86,0.86,0.86,0.9,0.82,0.8
187,,0.78,0.84,0.84,0.84,0.84,0.88,0.8,0.78
188,,0.76,0.82,0.82,0.82,0.82,0.86,0.78,0.76
189,,0.74,0.8,0.8,0.8,0.8,0.84,0.76,0.74
190,,0.72,0.78,0.78,0.78,0.78,0.82,0.74,0.72
191,,0.7,0.76,0.76,0.76,0.76,0.8,0.72,0.7
192,,0.68,0.74,0.74,0.74,0.74,0.78,0.7,0.68
193,,0.66,0.72,0.72,0.72,0.72,0.76,0.68,0.66
194,,0.64,0.7,0.7,0.7,0.7,0.74,0.66,0.64
195,,0.62,0.68,0.68,0.68,0.68,0.72,0.64,0.62
196,,0.6,0.66,0.66,0.66,0.66,0.7,0.62,0.6
197,,0.58,0.64,0.64,0.64,0.64,0.68,0.6,0.58
198,,0.56,0.62,0.62,0.62,0.62,0.66,0.58,0.56
199,,0.54,0.6,0.6,0.6,0.6,0.64,0.56,0.54
200,,0.52,0.58,0.58,0.58,0.58,0.62,0.54,0.52
201,,0.5,0.56,0.56,0.56,0.56,0.6,0.52,0.5
202,,0.48,0.54,0.54,0.54,0.54,0.58,0.5,0.48
203,,0.46,0.52,0.52,0.52,0.52,0.56,0.48,0.46
204,,0.44,0.5,0.5,0.5,0.5,0.54,0.46,0.44
205,,0.42,0.48,0.48,0.48,0.48,0.52,0.44,0.42
206,,0.4,0.46,0.46,0.46,0.46,0.5,0.42,0.4
207,,0.38,0.44,0.44,0.44,0.44,0.48,0.4,0.38
208,,0.36,0.42,0.42,0.42,0.42,0.46,0.38,0.36
209,,0.34,0.4,0.4,0.4,0.4,0.44,0.36,0.34
210,,0.32,0.38,0.38,0.38,0.38,0.42,0.34,0.32
211,,0.3,0.36,0.36,0.36,0.36,0.4,0.32,0.3
212,,0.28,0.34,0.34,0.34,0.34,0.38,0.3,0.28
213,,0.26,0.32,0.32,0.32,0.32,0.36,0.28,0.26
214,,0.24,0.3,0.3,0.3,0.3,0.34,0.26,0.24
215,,0.22,0.28,0.28,0.28,0.28,0.32,0.24,0.22
216,,0.2,0.26,0.26,0.26,0.26,0.3,0.22,0.2
217,,0.18,0.24,0.24,0.24,0.24,0.28,0.2,0.18
218,,0.16,0.22,0.22,0.22,0.22,0.26,0.18,0.16
219,,0.14,0.2,0.2,0.2,0.2,0.24,0.16,0.14
220,,0.12,0.18,0.18,0.18,0.18,0.22,0.14,0.12
221,,0.1,0.16,0.16,0.16,0.16,0.2,0.12,0.1
222,,0.08,0.14,0.14,0.14,0.14,0.18,0.1,0.08
223,,0.06,0.12,0.12,0.12,0.12,0.16,0.08,0.06
224,,0.04,0.1,0.1,0.1,0.1,0.14,0.06,0.04
225,,0.02,0.08,0.08,0.08,0.08,0.12,0.04,0.02
226,,0.0,0.06,0.06,0.06,0.06,0.1,0.02,0.0
227,,-0.02,0.04,0.04,0.04,0.04,0.08,0.0,-0.02
228,8,0.131,0.12,0.049,0.02,0.049,0.16,0.151,0.98
229,8,0.282,0.2,0.058,0.0,0.058,0.24,0.302,1.0
230,,0.262,0.18,0.038,-0.02,0.038,0.22,0.282,0.98
231,4,0.271,0.26,0.189,0.98,0.189,0.3,0.291,0.96
232,4,0.28,0.34,0.34,1.0,0.34,0.38,0.3,0.94
233,,0.26,0.32,0.32,0.98,0.32,0.36,0.28,0.92
234,,0.24,0.3,0.3,0.96,0.3,0.34,0.26,0.9
235,,0.22,0.28,0.28,0.94,0.28,0.32,0.24,0.88
236,,0.2,0.26,0.26,0.92,0.26,0.3,0.22,0.86
237,,0.18,0.24,0.24,0.9,0.24,0.28,0.2,0.84
238,,0.16,0.22,0.22,0.88,0.22,0.26,0.18,0.82
239,,0.14,0.2,0.2,0.86,0.2,0.24,0.16,0.8
240,,0.12,0.18,0.18,0.84,0.18,0.22,0.14,0.78
241,,0.1,0.16,0.16,0.82,0.16,0.2,0.12,0.76
242,,0.08,0.14,0.14,0.8,0.14,0.18,0.1,0.74
243,,0.06,0.12,0.12,0.78,0.12,0.16,0.08,0.72
244,,0.04,0.1,0.1,0.76,0.1,0.14,0.06,0.7
245,,0.02,0.08,0.08,0.74,0.08,0.12,0.04,0.68
246,,0.0,0.06,0.06,0.72,0.06,0.1,0.02,0.66
247,,-0.02,0.04,0.04,0.7,0.04,0.08,0.0,0.64
248,1,0.98,0.191,0.12,0.709,0.02,0.089,0.08,0.791
249,1,1.0,0.342,0.2,0.718,0.0,0.098,0.16,0.942
250,,0.98,0.322,0.18,0.698,-0.02,0.078,0.14,0.922
251,5,0.96,0.331,0.26,0.849,0.98,0.229,0.22,0.931
252,5,0.94,0.34,0.34,1.0,1.0,0.38,0.3,0.94
253,,0.92,0.32,0.32,0.98,0.98,0.36,0.28,0.92
254,,0.9,0.3,0.3,0.96,0.96,0.34,0.26,0.9
255,,0.88,0.28,0.28,0.94,0.94,0.32,0.24,0.88
256,,0.86,0.26,0.26,0.92,0.92,0.3,0.22,0.86
257,,0.84,0.24,0.24,0.9,0.9,0.28,0.2,0.84
258,,0.82,0.22,0.22,0.88,0.88,0.26,0.18,0.82
259,,0.8,0.2,0.2,0.86,0.86,0.24,0.16,0.8
260,,0.78,0.18,0.18,0.84,0.84,0.22,0.14,0.78
261,,0.76,0.16,0.16,0.82,0.82,0.2,0.12,0.76
262,,0.74,0.14,0.14,0.8,0.8,0.18,0.1,0.74
263,,0.72,0.12,0.12,0.78,0.78,0.16,0.08,0.72
264,,0.7,0.1,0.1,0.76,0.76,0.14,0.06,0.7
265,,0.68,0.08,0.08,0.74,0.74,0.12,0.04,0.68
266,,0.66,0.06,0.06,0.72,0.72,0.1,0.02,0.66
267,,0.64,0.04,0.04,0.7,0.7,0.08,0.0,0.64
268,,0.62,0.02,0.02,0.68,0.68,0.06,-0.02,0.62
269,7,0.7,0.029,0.0,0.689,0.76,0.211,0.98,0.771
270,7,0.78,0.038,-0.02,0.698,0.84,0.362,1.0,0.922
271,3,0.86,0.189,0.98,0.849,0.92,0.371,0.98,0.931
272,3,0.94,0.34,1.0,1.0,1.0,0.38,0.96,0.94
273,,0.92,0.32,0.98,0.98,0.98,0.36,0.94,0.92
274,,0.9,0.3,0.96,0.96,0.96,0.34,0.92,0.9
275,,0.88,0.28,0.94,0.94,0.94,0.32,0.9,0.88
276,,0.86,0.26,0.92,0.92,0.92,0.3,0.88,0.86
277,,0.84,0.24,0.9,0.9,0.9,0.28,0.86,0.84
278,,0.82,0.22,0.88,0.88,0.88,0.26,0.84,0.82
279,,0.8,0.2,0.86,0.86,0.86,0.24,0.82,0.8
280,,0.78,0.18,0.84,0.84,0.84,0.22,0.8,0.78
281,,0.76,0.16,0.82,0.82,0.82,0.2,0.78,0.76
282,,0.74,0.14,0.8,0.8,0.8,0.18,0.76,0.74
283,,0.72,0.12,0.78,0.78,0.78,0.16,0.74,0.72
284,,0.7,0.1,0.76,0.76,0.76,0.14,0.72,0.7
285,,0.68,0.08,0.74,0.74,0.74,0.12,0.7,0.68
286,,0.66,0.06,0.72,0.72,0.72,0.1,0.68,0.66
287,,0.64,0.04,0.7,0.7,0.7,0.08,0.66,0.64
288,,0.62,0.02,0.68,0.68,0.68,0.06,0.64,0.62
289,,0.6,0.0,0.66,0.66,0.66,0.04,0.62,0.6
290,,0.58,-0.02,0.64,0.64,0.64,0.02,0.6,0.58
291,2,0.731,0.98,0.791,0.72,0.649,0.0,0.609,0.66
292,2,0.882,1.0,0.942,0.8,0.658,-0.02,0.618,0.74
293,6,0.891,0.98,0.951,0.88,0.809,0.98,0.769,0.82
294,6,0.9,0.96,0.96,0.96,0.96,1.0,0.92,0.9
295,,0.88,0.94,0.94,0.94,0.94,0.98,0.9,0.88
296,,0.86,0.92,0.92,0.92,0.92,0.96,0.88,0.86
297,,0.84,0.9,0.9,0.9,0.9,0.94,0.86,0.84
298,,0.82,0.88,0.88,0.88,0.88,0.92,0.84,0.82
299,,0.8,0.86,0.86,0.86,0.86,0.9,0.82,0.8
300,,0.78,0.84,0.84,0.84,0.84,0.88,0.8,0.78
301,,0.76,0.82,0.82,0.82,0.82,0.86,0.78,0.76
302,,0.74,0.8,0.8,0.8,0.8,0.84,0.76,0.74
303,,0.72,0.78,0.78,0.78,0.78,0.82,0.74,0.72
304,,0.7,0.76,0.76,0.76,0.76,0.8,0.72,0.7
305,,0.68,0.74,0.74,0.74,0.74,0.78,0.7,0.68
306,,0.66,0.72,0.72,0.72,0.72,0.76,0.68,0.66
307,,0.64,0.7,0.7,0.7,0.7,0.74,0.66,0.64
308,,0.62,0.68,0.68,0.68,0.68,0.72,0.64,0.62
309,,0.6,0.66,0.66,0.66,0.66,0.7,0.62,0.6
310,,0.58,0.64,0.64,0.64,0.64,0.68,0.6,0.58
311,,0.56,0.62,0.62,0.62,0.62,0.66,0.58,0.56
312,,0.54,0.6,0.6,0.6,0.6,0.64,0.56,0.54
313,,0.52,0.58,0.58,0.58,0.58,0.62,0.54,0.52
314,,0.5,0.56,0.56,0.56,0.56,0.6,0.52,0.5
315,,0.48,0.54,0.54,0.54,0.54,0.58,0.5,0.48
316,,0.46,0.52,0.52,0.52,0.52,0.56,0.48,0.46
317,,0.44,0.5,0.5,0.5,0.5,0.54,0.46,0.44
318,,0.42,0.48,0.48,0.48,0.48,0.52,0.44,0.42
319,,0.4,0.46,0.46,0.46,0.46,0.5,0.42,0.4
320,,0.38,0.44,0.44,0.44,0.44,0.48,0.4,0.38
321,,0.36,0.42,0.42,0.42,0.42,0.46,0.38,0.36
322,,0.34,0.4,0.4,0.4,0.4,0.44,0.36,0.34
323,,0.32,0.38,0.38,0.38,0.38,0.42,0.34,0.32
324,,0.3,0.36,0.36,0.36,0.36,0.4,0.32,0.3
325,,0.28,0.34,0.34,0.34,0.34,0.38,0.3,0.28
326,,0.26,0.32,0.32,0.32,0.32,0.36,0.28,0.26
327,,0.24,0.3,0.3,0.3,0.3,0.34,0.26,0.24
328,,0.22,0.28,0.28,0.28,0.28,0.32,0.24,0.22
329,,0.2,0.26,0.26,0.26,0.26,0.3,0.22,0.2
330,,0.18,0.24,0.24,0.24,0.24,0.28,0.2,0.18
331,,0.16,0.22,0.22,0.22,0.22,0.26,0.18,0.16
332,,0.14,0.2,0.2,0.2,0.2,0.24,0.16,0.14
333,,0.12,0.18,0.18,0.18,0.18,0.22,0.14,0.12
334,,0.1,0.16,0.16,0.16,0.16,0.2,0.12,0.1
335,,0.08,0.14,0.14,0.14,0.14,0.18,0.1,0.08
336,,0.06,0.12,0.12,0.12,0.12,0.16,0.08,0.06
337,,0.04,0.1,0.1,0.1,0.1,0.14,0.06,0.04
338,,0.02,0.08,0.08,0.08,0.08,0.12,0.04,0.02
339,,0.0,0.06,0.06,0.06,0.06,0.1,0.02,0.0
340,,-0.02,0.04,0.04,0.04,0.04,0.08,0.0,-0.02
341,8,0.131,0.12,0.049,0.02,0.049,0.16,0.151,0.98
342,8,0.282,0.2,0.058,0.0,0.058,0.24,0.302,1.0
343,,0.262,0.18,0.038,-0.02,0.038,0.22,0.282,0.98
344,4,0.271,0.26,0.189,0.98,0.189,0.3,0.291,0.96
345,4,0.28,0.34,0.34,1.0,0.34,0.38,0.3,0.94
346,,0.26,0.32,0.32,0.98,0.32,0.36,0.28,0.92
347,,0.24,0.3,0.3,0.96,0.3,0.34,0.26,0.9
348,,0.22,0.28,0.28,0.94,0.28,0.32,0.24,0.88
349,,0.2,0.26,0.26,0.92,0.26,0.3,0.22,0.86
350,,0.18,0.24,0.24,0.9,0.24,0.28,0.2,0.84
351,,0.16,0.22,0.22,0.88,0.22,0.26,0.18,0.82
352,,0.14,0.2,0.2,0.86,0.2,0.24,0.16,0.8
353,,0.12,0.18,0.18,0.84,0.18,0.22,0.14,0.78
354,,0.1,0.16,0.16,0.82,0.16,0.2,0.12,0.76
355,,0.08,0.14,0.14,0.8,0.14,0.18,0.1,0.74
356,,0.06,0.12,0.12,0.78,0.12,0.16,0.08,0.72
357,,0.04,0.1,0.1,0.76,0.1,0.14,0.06,0.7
358,,0.02,0.08,0.08,0.74,0.08,0.12,0.04,0.68
359,,0.0,0.06,0.06,0.72,0.06,0.1,0.02,0.66
360,,-0.02,0.04,0.04,0.7,0.04,0.08,0.0,0.64
361,1,0.98,0.191,0.12,0.709,0.02,0.089,0.08,0.791
362,1,1.0,0.342,0.2,0.718,0.0,0.098,0.16,0.942
363,,0.98,0.322,0.18,0.698,-0.02,0.078,0.14,0.922
364,5,0.96,0.331,0.26,0.849,0.98,0.229,0.22,0.931
365,5,0.94,0.34,0.34,1.0,1.0,0.38,0.3,0.94
366,,0.92,0.32,0.32,0.98,0.98,0.36,0.28,0.92
367,,0.9,0.3,0.3,0.96,0.96,0.34,0.26,0.9
368,,0.88,0.28,0.28,0.94,0.94,0.32,0.24,0.88
369,,0.86,0.26,0.26,0.92,0.92,0.3,0.22,0.86
370,,0.84,0.24,0.24,0.9,0.9,0.28,0.2,0.84
371,,0.82,0.22,0.22,0.88,0.88,0.26,0.18,0.82
372,,0.8,0.2,0.2,0.86,0.86,0.24,0.16,0.8
373,,0.78,0.18,0.18,0.84,0.84,0.22,0.14,0.78
374,,0.76,0.16,0.16,0.82,0.82,0.2,0.12,0.76
375,,0.74,0.14,0.14,0.8,0.8,0.18,0.1,0.74
376,,0.72,0.12,0.12,0.78,0.78,0.16,0.08,0.72
377,,0.7,0.1,0.1,0.76,0.76,0.14,0.06,0.7
378,,0.68,0.08,0.08,0.74,0.74,0.12,0.04,0.68
379,,0.66,0.06,0.06,0.72,0.72,0.1,0.02,0.66
380,,0.64,0.04,0.04,0.7,0.7,0.08,0.0,0.64
381,,0.62,0.02,0.02,0.68,0.68,0.06,-0.02,0.62
382,7,0.7,0.029,0.0,0.689,0.76,0.211,0.98,0.771
383,7,0.78,0.038,-0.02,0.698,0.84,0.362,1.0,0.922
384,3,0.86,0.189,0.98,0.849,0.92,0.371,0.98,0.931
385,3,0.94,0.34,1.0,1.0,1.0,0.38,0.96,0.94
386,,0.92,0.32,0.98,0.98,0.98,0.36,0.94,0.92
387,,0.9,0.3,0.96,0.96,0.96,0.34,0.92,0.9
388,,0.88,0.28,0.94,0.94,0.94,0.32,0.9,0.88
389,,0.86,0.26,0.92,0.92,0.92,0.3,0.88,0.86
390,,0.84,0.24,0.9,0.9,0.9,0.28,0.86,0.84
391,,0.82,0.22,0.88,0.88,0.88,0.26,0.84,0.82
392,,0.8,0.2,0.86,0.86,0.86,0.24,0.82,0.8
393,,0.78,0.18,0.84,0.84,0.84,0.22,0.8,0.78
394,,0.76,0.16,0.82,0.82,0.82,0.2,0.78,0.76
395,,0.74,0.14,0.8,0.8,0.8,0.18,0.76,0.74
396,,0.72,0.12,0.78,0.78,0.78,0.16,0.74,0.72
397,,0.7,0.1,0.76,0.76,0.76,0.14,0.72,0.7
398,,0.68,0.08,0.74,0.74,0.74,0.12,0.7,0.68
399,,0.66,0.06,0.72,0.72,0.72,0.1,0.68,0.66
400,,0.64,0.04,0.7,0.7,0.7,0.08,0.66,0.64
401,,0.62,0.02,0.68,0.68,0.68,0.06,0.64,0.62
402,,0.6,0.0,0.66,0.66,0.66,0.04,0.62,0.6
403,,0.58,-0.02,0.64,0.64,0.64,0.02,0.6,0.58
404,2,0.731,0.98,0.791,0.72,0.649,0.0,0.609,0.66
405,2,0.882,1.0,0.942,0.8,0.658,-0.02,0.618,0.74
406,6,0.891,0.98,0.951,0.88,0.809,0.98,0.769,0.82
407,6,0.9,0.96,0.96,0.96,0.96,1.0,0.92,0.9
408,,0.88,0.94,0.94,0.94,0.94,0.98,0.9,0.88
409,,0.86,0.92,0.92,0.92,0.92,0.96,0.88,0.86
410,,0.84,0.9,0.9,0.9,0.9,0.94,0.86,0.84
411,,0.82,0.88,0.88,0.88,0.88,0.92,0.84,0.82
412,,0.8,0.86,0.86,0.86,0.86,0.9,0.82,0.8
413,,0.78,0.84,0.84,0.84,0.84,0.88,0.8,0.78
414,,0.76,0.82,0.82,0.82,0.82,0.86,0.78,0.76
415,,0.74,0.8,0.8,0.8,0.8,0.84,0.76,0.74
416,,0.72,0.78,0.78,0.78,0.78,0.82,0.74,0.72
417,,0.7,0.76,0.76,0.76,0.76,0.8,0.72,0.7
418,,0.68,0.74,0.74,0.74,0.74,0.78,0.7,0.68
419,,0.66,0.72,0.72,0.72,0.72,0.76,0.68,0.66
420,,0.64,0.7,0.7,0.7,0.7,0.74,0.66,0.64
421,,0.62,0.68,0.68,0.68,0.68,0.72,0.64,0.62
422,,0.6,0.66,0.66,0.66,0.66,0.7,0.62,0.6
423,,0.58,0.64,0.64,0.64,0.64,0.68,0.6,0.58
424,,0.56,0.62,0.62,0.62,0.62,0.66,0.58,0.56
425,,0.54,0.6,0.6,0.6,0.6,0.64,0.56,0.54
426,,0.52,0.58,0.58,0.58,0.58,0.62,0.54,0.52
427,,0.5,0.56,0.56,0.56,0.56,0.6,0.52,0.5
428,,0.48,0.54,0.54,0.54,0.54,0.58,0.5,0.48
429,,0.46,0.52,0.52,0.52,0.52,0.56,0.48,0.46
430,,0.44,0.5,0.5,0.5,0.5,0.54,0.46,0.44
431,,0.42,0.48,0.48,0.48,0.48,0.52,0.44,0.42
432,,0.4,0.46,0.46,0.46,0.46,0.5,0.42,0.4
433,,0.38,0.44,0.44,0.44,0.44,0.48,0.4,0.38
434,,0.36,0.42,0.42,0.42,0.42,0.46,0.38,0.36
435,,0.34,0.4,0.4,0.4,0.4,0.44,0.36,0.34
436,,0.32,0.38,0.38,0.38,0.38,0.42,0.34,0.32
437,,0.3,0.36,0.36,0.36,0.36,0.4,0.32,0.3
438,,0.28,0.34,0.34,0.34,0.34,0.38,0.3,0.28
439,,0.26,0.32,0.32,0.32,0.32,0.36,0.28,0.26
440,,0.24,0.3,0.3,0.3,0.3,0.34,0.26,0.24
441,,0.22,0.28,0.28,0.28,0.28,0.32,0.24,0.22
442,,0.2,0.26,0.26,0.26,0.26,0.3,0.22,0.2
443,,0.18,0.24,0.24,0.24,0.24,0.28,0.2,0.18
444,,0.16,0.22,0.22,0.22,0.22,0.26,0.18,0.16
445,,0.14,0.2,0.2,0.2,0.2,0.24,0.16,0.14
446,,0.12,0.18,0.18,0.18,0.18,0.22,0.14,0.12
447,,0.1,0.16,0.16,0.16,0.16,0.2,0.12,0.1
448,,0.08,0.14,0.14,0.14,0.14,0.18,0.1,0.08
449,,0.06,0.12,0.12,0.12,0.12,0.16,0.08,0.06
450,,0.04,0.1,0.1,0.1,0.1,0.14,0.06,0.04
451,,0.02,0.08,0.08,0.08,0.08,0.12,0.04,0.02
452,,0.0,0.06,0.06,0.06,0.06,0.1,0.02,0.0
453,,-0.02,0.04,0.04,0.04,0.04,0.08,0.0,-0.02
454,1,0.98,0.191,0.12,0.049,0.02,0.089,0.08,0.131
455,1,1.0,0.342,0.2,0.058,0.0,0.098,0.16,0.282
456,,0.98,0.322,0.18,0.038,-0.02,0.078,0.14,0.262
457,5,0.96,0.331,0.26,0.189,0.98,0.229,0.22,0.271
458,5,0.94,0.34,0.34,0.34,1.0,0.38,0.3,0.28
459,,0.92,0.32,0.32,0.32,0.98,0.36,0.28,0.26
460,,0.9,0.3,0.3,0.3,0.96,0.34,0.26,0.24
461,,0.88,0.28,0.28,0.28,0.94,0.32,0.24,0.22
462,,0.86,0.26,0.26,0.26,0.92,0.3,0.22,0.2
463,,0.84,0.24,0.24,0.24,0.9,0.28,0.2,0.18
464,,0.82,0.22,0.22,0.22,0.88,0.26,0.18,0.16
465,,0.8,0.2,0.2,0.2,0.86,0.24,0.16,0.14
466,,0.78,0.18,0.18,0.18,0.84,0.22,0.14,0.12
467,,0.76,0.16,0.16,0.16,0.82,0.2,0.12,0.1
468,,0.74,0.14,0.14,0.14,0.8,0.18,0.1,0.08
469,,0.72,0.12,0.12,0.12,0.78,0.16,0.08,0.06
470,,0.7,0.1,0.1,0.1,0.76,0.14,0.06,0.04
471,,0.68,0.08,0.08,0.08,0.74,0.12,0.04,0.02
472,,0.66,0.06,0.06,0.06,0.72,0.1,0.02,0.0
473,,0.64,0.04,0.04,0.04,0.7,0.08,0.0,-0.02
474,8,0.791,0.12,0.049,0.02,0.709,0.16,0.151,0.98
475,8,0.942,0.2,0.058,0.0,0.718,0.24,0.302,1.0
476,,0.922,0.18,0.038,-0.02,0.698,0.22,0.282,0.98
477,4,0.931,0.26,0.189,0.98,0.849,0.3,0.291,0.96
478,4,0.94,0.34,0.34,1.0,1.0,0.38,0.3,0.94
479,,0.92,0.32,0.32,0.98,0.98,0.36,0.28,0.92
480,,0.9,0.3,0.3,0.96,0.96,0.34,0.26,0.9
481,,0.88,0.28,0.28,0.94,0.94,0.32,0.24,0.88
482,,0.86,0.26,0.26,0.92,0.92,0.3,0.22,0.86
483,,0.84,0.24,0.24,0.9,0.9,0.28,0.2,0.84
484,,0.82,0.22,0.22,0.88,0.88,0.26,0.18,0.82
485,,0.8,0.2,0.2,0.86,0.86,0.24,0.16,0.8
486,,0.78,0.18,0.18,0.84,0.84,0.22,0.14,0.78
487,,0.76,0.16,0.16,0.82,0.82,0.2,0.12,0.76
488,,0.74,0.14,0.14,0.8,0.8,0.18,0.1,0.74
489,,0.72,0.12,0.12,0.78,0.78,0.16,0.08,0.72
490,,0.7,0.1,0.1,0.76,0.76,0.14,0.06,0.7
491,,0.68,0.08,0.08,0.74,0.74,0.12,0.04,0.68
492,,0.66,0.06,0.06,0.72,0.72,0.1,0.02,0.66
493,,0.64,0.04,0.04,0.7,0.7,0.08,0.0,0.64
494,,0.62,0.02,0.02,0.68,0.68,0.06,-0.02,0.62
495,7,0.7,0.029,0.0,0.689,0.76,0.211,0.98,0.771
496,7,0.78,0.038,-0.02,0.698,0.84,0.362,1.0,0.922
497,3,0.86,0.189,0.98,0.849,0.92,0.371,0.98,0.931
498,3,0.94,0.34,1.0,1.0,1.0,0.38,0.96,0.94
499,,0.92,0.32,0.98,0.98,0.98,0.36,0.94,0.92
500,,0.9,0.3,0.96,0.96,0.96,0.34,0.92,0.9
501,,0.88,0.28,0.94,0.94,0.94,0.32,0.9,0.88
502,,0.86,0.26,0.92,0.92,0.92,0.3,0.88,0.86
503,,0.84,0.24,0.9,0.9,0.9,0.28,0.86,0.84
504,,0.82,0.22,0.88,0.88,0.88,0.26,0.84,0.82
505,,0.8,0.2,0.86,0.86,0.86,0.24,0.82,0.8
506,,0.78,0.18,0.84,0.84,0.84,0.22,0.8,0.78
507,,0.76,0.16,0.82,0.82,0.82,0.2,0.78,0.76
508,,0.74,0.14,0.8,0.8,0.8,0.18,0.76,0.74
509,,0.72,0.12,0.78,0.78,0.78,0.16,0.74,0.72
510,,0.7,0.1,0.76,0.76,0.76,0.14,0.72,0.7
511,,0.68,0.08,0.74,0.74,0.74,0.12,0.7,0.68
512,,0.66,0.06,0.72,0.72,0.72,0.1,0.68,0.66
513,,0.64,0.04,0.7,0.7,0.7,0.08,0.66,0.64
514,,0.62,0.02,0.68,0.68,0.68,0.06,0.64,0.62
515,,0.6,0.0,0.66,0.66,0.66,0.04,0.62,0.6
516,,0.58,-0.02,0.64,0.64,0.64,0.02,0.6,0.58
517,2,0.731,0.98,0.791,0.72,0.649,0.0,0.609,0.66
518,2,0.882,1.0,0.942,0.8,0.658,-0.02,0.618,0.74
519,6,0.891,0.98,0.951,0.88,0.809,0.98,0.769,0.82
520,6,0.9,0.96,0.96,0.96,0.96,1.0,0.92,0.9
521,,0.88,0.94,0.94,0.94,0.94,0.98,0.9,0.88
522,,0.86,0.92,0.92,0.92,0.92,0.96,0.88,0.86
523,,0.84,0.9,0.9,0.9,0.9,0.94,0.86,0.84
524,,0.82,0.88,0.88,0.88,0.88,0.92,0.84,0.82
525,,0.8,0.86,0.86,0.86,0.86,0.9,0.82,0.8
526,,0.78,0.84,0.84,0.84,0.84,0.88,0.8,0.78
527,,0.76,0.82,0.82,0.82,0.82,0.86,0.78,0.76
528,,0.74,0.8,0.8,0.8,0.8,0.84,0.76,0.74
529,,0.72,0.78,0.78,0.78,0.78,0.82,0.74,0.72
530,,0.7,0.76,0.76,0.76,0.76,0.8,0.72,0.7
531,,0.68,0.74,0.74,0.74,0.74,0.78,0.7,0.68
532,,0.66,0.72,0.72,0.72,0.72,0.76,0.68,0.66
533,,0.64,0.7,0.7,0.7,0.7,0.74,0.66,0.64
534,,0.62,0.68,0.68,0.68,0.68,0.72,0.64,0.62
535,,0.6,0.66,0.66,0.66,0.66,0.7,0.62,0.6
536,,0.58,0.64,0.64,0.64,0.64,0.68,0.6,0.58
537,,0.56,0.62,0.62,0.62,0.62,0.66,0.58,0.56
538,,0.54,0.6,0.6,0.6,0.6,0.64,0.56,0.54
539,,0.52,0.58,0.58,0.58,0.58,0.62,0.54,0.52
540,,0.5,0.56,0.56,0.56,0.56,0.6,0.52,0.5
541,,0.48,0.54,0.54,0.54,0.54,0.58,0.5,0.48
542,,0.46,0.52,0.52,0.52,0.52,0.56,0.48,0.46
543,,0.44,0.5,0.5,0.5,0.5,0.54,0.46,0.44
544,,0.42,0.48,0.48,0.48,0.48,0.52,0.44,0.42
545,,0.4,0.46,0.46,0.46,0.46,0.5,0.42,0.4
546,,0.38,0.44,0.44,0.44,0.44,0.48,0.4,0.38
547,,0.36,0.42,0.42,0.42,0.42,0.46,0.38,0.36
548,,0.34,0.4,0.4,0.4,0.4,0.44,0.36,0.34
549,,0.32,0.38,0.38,0.38,0.38,0.42,0.34,0.32
550,,0.3,0.36,0.36,0.36,0.36,0.4,0.32,0.3
551,,0.28,0.34,0.34,0.34,0.34,0.38,0.3,0.28
552,,0.26,0.32,0.32,0.32,0.32,0.36,0.28,0.26
553,,0.24,0.3,0.3,0.3,0.3,0.34,0.26,0.24
554,,0.22,0.28,0.28,0.28,0.28,0.32,0.24,0.22
555,,0.2,0.26,0.26,0.26,0.26,0.3,0.22,0.2
556,,0.18,0.24,0.24,0.24,0.24,0.28,0.2,0.18
557,,0.16,0.22,0.22,0.22,0.22,0.26,0.18,0.16
558,,0.14,0.2,0.2,0.2,0.2,0.24,0.16,0.14
559,,0.12,0.18,0.18,0.18,0.18,0.22,0.14,0.12
560,,0.1,0.16,0.16,0.16,0.16,0.2,0.12,0.1
561,,0.08,0.14,0.14,0.14,0.14,0.18,0.1,0.08
562,,0.06,0.12,0.12,0.12,0.12,0.16,0.08,0.06
563,,0.04,0.1,0.1,0.1,0.1,0.14,0.06,0.04
564,,0.02,0.08,0.08,0.08,0.08,0.12,0.04,0.02
565,,0.0,0.06,0.06,0.06,0.06,0.1,0.02,0.0
566,,-0.02,0.04,0.04,0.04,0.04,0.08,0.0,-0.02
567,1,0.98,0.191,0.12,0.049,0.02,0.089,0.08,0.131
568,1,1.0,0.342,0.2,0.058,0.0,0.098,0.16,0.282
569,,0.98,0.322,0.18,0.038,-0.02,0.078,0.14,0.262
570,5,0.96,0.331,0.26,0.189,0.98,0.229,0.22,0.271
571,5,0.94,0.34,0.34,0.34,1.0,0.38,0.3,0.28
572,,0.92,0.32,0.32,0.32,0.98,0.36,0.28,0.26
573,,0.9,0.3,0.3,0.3,0.96,0.34,0.26,0.24
574,,0.88,0.28,0.28,0.28,0.94,0.32,0.24,0.22
575,,0.86,0.26,0.26,0.26,0.92,0.3,0.22,0.2
576,,0.84,0.24,0.24,0.24,0.9,0.28,0.2,0.18
577,,0.82,0.22,0.22,0.22,0.88,0.26,0.18,0.16
578,,0.8,0.2,0.2,0.2,0.86,0.24,0.16,0.14
579,,0.78,0.18,0.18,0.18,0.84,0.22,0.14,0.12
580,,0.76,0.16,0.16,0.16,0.82,0.2,0.12,0.1
581,,0.74,0.14,0.14,0.14,0.8,0.18,0.1,0.08
582,,0.72,0.12,0.12,0.12,0.78,0.16,0.08,0.06
583,,0.7,0.1,0.1,0.1,0.76,0.14,0.06,0.04
584,,0.68,0.08,0.08,0.08,0.74,0.12,0.04,0.02
585,,0.66,0.06,0.06,0.06,0.72,0.1,0.02,0.0
586,,0.64,0.04,0.04,0.04,0.7,0.08,0.0,-0.02
587,8,0.791,0.12,0.049,0.02,0.709,0.16,0.151,0.98
588,8,0.942,0.2,0.058,0.0,0.718,0.24,0.302,1.0
589,,0.922,0.18,0.038,-0.02,0.698,0.22,0.282,0.98
590,4,0.931,0.26,0.189,0.98,0.849,0.3,0.291,0.96
591,4,0.94,0.34,0.34,1.0,1.0,0.38,0.3,0.94
592,,0.92,0.32,0.32,0.98,0.98,0.36,0.28,0.92
593,,0.9,0.3,0.3,0.96,0.96,0.34,0.26,0.9
594,,0.88,0.28,0.28,0.94,0.94,0.32,0.24,0.88
595,,0.86,0.26,0.26,0.92,0.92,0.3,0.22,0.86
596,,0.84,0.24,0.24,0.9,0.9,0.28,0.2,0.84
597,,0.82,0.22,0.22,0.88,0.88,0.26,0.18,0.82
598,,0.8,0.2,0.2,0.86,0.86,0.24,0.16,0.8
599,,0.78,0.18,0.18,0.84,0.84,0.22,0.14,0.78
600,,0.76,0.16,0.16,0.82,0.82,0.2,0.12,0.76
601,,0.74,0.14,0.14,0.8,0.8,0.18,0.1,0.74
602,,0.72,0.12,0.12,0.78,0.78,0.16,0.08,0.72
603,,0.7,0.1,0.1,0.76,0.76,0.14,0.06,0.7
604,,0.68,0.08,0.08,0.74,0.74,0.12,0.04,0.68
605,,0.66,0.06,0.06,0.72,0.72,0.1,0.02,0.66
606,,0.64,0.04,0.04,0.7,0.7,0.08,0.0,0.64
607,,0.62,0.02,0.02,0.68,0.68,0.06,-0.02,0.62
608,7,0.7,0.029,0.0,0.689,0.76,0.211,0.98,0.771
609,7,0.78,0.038,-0.02,0.698,0.84,0.362,1.0,0.922
610,3,0.86,0.189,0.98,0.849,0.92,0.371,0.98,0.931
611,3,0.94,0.34,1.0,1.0,1.0,0.38,0.96,0.94
612,,0.92,0.32,0.98,0.98,0.98,0.36,0.94,0.92
613,,0.9,0.3,0.96,0.96,0.96,0.34,0.92,0.9
614,,0.88,0.28,0.94,0.94,0.94,0.32,0.9,0.88
615,,0.86,0.26,0.92,0.92,0.92,0.3,0.88,0.86
616,,0.84,0.24,0.9,0.9,0.9,0.28,0.86,0.84
617,,0.82,0.22,0.88,0.88,0.88,0.26,0.84,0.82
618,,0.8,0.2,0.86,0.86,0.86,0.24,0.82,0.8
619,,0.78,0.18,0.84,0.84,0.84,0.22,0.8,0.78
620,,0.76,0.16,0.82,0.82,0.82,0.2,0.78,0.76
621,,0.74,0.14,0.8,0.8,0.8,0.18,0.76,0.74
622,,0.72,0.12,0.78,0.78,0.78,0.16,0.74,0.72
623,,0.7,0.1,0.76,0.76,0.76,0.14,0.72,0.7
624,,0.68,0.08,0.74,0.74,0.74,0.12,0.7,0.68
625,,0.66,0.06,0.72,0.72,0.72,0.1,0.68,0.66
626,,0.64,0.04,0.7,0.7,0.7,0.08,0.66,0.64
627,,0.62,0.02,0.68,0.68,0.68,0.06,0.64,0.62
628,,0.6,0.0,0.66,0.66,0.66,0.04,0.62,0.6
629,,0.58,-0.02,0.64,0.64,0.64,0.02,0.6,0.58
630,2,0.731,0.98,0.791,0.72,0.649,0.0,0.609,0.66
631,2,0.882,1.0,0.942,0.8,0.658,-0.02,0.618,0.74
632,6,0.891,0.98,0.951,0.88,0.809,0.98,0.769,0.82
633,6,0.9,0.96,0.96,0.96,0.96,1.0,0.92,0.9
634,,0.88,0.94,0.94,0.94,0.94,0.98,0.9,0.88
635,,0.86,0.92,0.92,0.92,0.92,0.96,0.88,0.86
636,,0.84,0.9,0.9,0.9,0.9,0.94,0.86,0.84
637,,0.82,0.88,0.88,0.88,0.88,0.92,0.84,0.82
638,,0.8,0.86,0.86,0.86,0.86,0.9,0.82,0.8
639,,0.78,0.84,0.84,0.84,0.84,0.88,0.8,0.78
640,,0.76,0.82,0.82,0.82,0.82,0.86,0.78,0.76
641,,0.74,0.8,0.8,0.8,0.8,0.84,0.76,0.74
642,,0.72,0.78,0.78,0.78,0.78,0.82,0.74,0.72
643,,0.7,0.76,0.76,0.76,0.76,0.8,0.72,0.7
644,,0.68,0.74,0.74,0.74,0.74,0.78,0.7,0.68
645,,0.66,0.72,0.72,0.72,0.72,0.76,0.68,0.66
646,,0.64,0.7,0.7,0.7,0.7,0.74,0.66,0.64
647,,0.62,0.68,0.68,0.68,0.68,0.72,0.64,0.62
648,,0.6,0.66,0.66,0.66,0.66,0.7,0.62,0.6
649,,0.58,0.64,0.64,0.64,0.64,0.68,0.6,0.58
650,,0.56,0.62,0.62,0.62,0.62,0.66,0.58,0.56
651,,0.54,0.6,0.6,0.6,0.6,0.64,0.56,0.54
652,,0.52,0.58,0.58,0.58,0.58,0.62,0.54,0.52
653,,0.5,0.56,0.56,0.56,0.56,0.6,0.52,0.5
654,,0.48,0.54,0.54,0.54,0.54,0.58,0.5,0.48
655,,0.46,0.52,0.52,0.52,0.52,0.56,0.48,0.46
656,,0.44,0.5,0.5,0.5,0.5,0.54,0.46,0.44
657,,0.42,0.48,0.48,0.48,0.48,0.52,0.44,0.42
658,,0.4,0.46,0.46,0.46,0.46,0.5,0.42,0.4
659,,0.38,0.44,0.44,0.44,0.44,0.48,0.4,0.38
660,,0.36,0.42,0.42,0.42,0.42,0.46,0.38,0.36
661,,0.34,0.4,0.4,0.4,0.4,0.44,0.36,0.34
662,,0.32,0.38,0.38,0.38,0.38,0.42,0.34,0.32
663,,0.3,0.36,0.36,0.36,0.36,0.4,0.32,0.3
664,,0.28,0.34,0.34,0.34,0.34,0.38,0.3,0.28
665,,0.26,0.32,0.32,0.32,0.32,0.36,0.28,0.26
666,,0.24,0.3,0.3,0.3,0.3,0.34,0.26,0.24
667,,0.22,0.28,0.28,0.28,0.28,0.32,0.24,0.22
668,,0.2,0.26,0.26,0.26,0.26,0.3,0.22,0.2
669,,0.18,0.24,0.24,0.24,0.24,0.28,0.2,0.18
670,,0.16,0.22,0.22,0.22,0.22,0.26,0.18,0.16
671,,0.14,0.2,0.2,0.2,0.2,0.24,0.16,0.14
672,,0.12,0.18,0.18,0.18,0.18,0.22,0.14,0.12
673,,0.1,0.16,0.16,0.16,0.16,0.2,0.12,0.1
674,,0.08,0.14,0.14,0.14,0.14,0.18,0.1,0.08
675,,0.06,0.12,0.12,0.12,0.12,0.16,0.08,0.06
676,,0.04,0.1,0.1,0.1,0.1,0.14,0.06,0.04
677,,0.02,0.08,0.08,0.08,0.08,0.12,0.04,0.02
678,,0.0,0.06,0.06,0.06,0.06,0.1,0.02,0.0
679,,-0.02,0.04,0.04,0.04,0.04,0.08,0.0,-0.02
680,1,0.98,0.191,0.12,0.049,0.02,0.089,0.08,0.131
681,1,1.0,0.342,0.2,0.058,0.0,0.098,0.16,0.282
682,,0.98,0.322,0.18,0.038,-0.02,0.078,0.14,0.262
683,5,0.96,0.331,0.26,0.189,0.98,0.229,0.22,0.271
684,5,0.94,0.34,0.34,0.34,1.0,0.38,0.3,0.28
685,,0.92,0.32,0.32,0.32,0.98,0.36,0.28,0.26
686,,0.9,0.3,0.3,0.3,0.96,0.34,0.26,0.24
687,,0.88,0.28,0.28,0.28,0.94,0.32,0.24,0.22
688,,0.86,0.26,0.26,0.26,0.92,0.3,0.22,0.2
689,,0.84,0.24,0.24,0.24,0.9,0.28,0.2,0.18
690,,0.82,0.22,0.22,0.22,0.88,0.26,0.18,0.16
691,,0.8,0.2,0.2,0.2,0.86,0.24,0.16,0.14
692,,0.78,0.18,0.18,0.18,0.84,0.22,0.14,0.12
693,,0.76,0.16,0.16,0.16,0.82,0.2,0.12,0.1
694,,0.74,0.14,0.14,0.14,0.8,0.18,0.1,0.08
695,,0.72,0.12,0.12,0.12,0.78,0.16,0.08,0.06
696,,0.7,0.1,0.1,0.1,0.76,0.14,0.06,0.04
697,,0.68,0.08,0.08,0.08,0.74,0.12,0.04,0.02
698,,0.66,0.06,0.06,0.06,0.72,0.1,0.02,0.0
699,,0.64,0.04,0.04,0.04,0.7,0.08,0.0,-0.02
700,8,0.791,0.12,0.049,0.02,0.709,0.16,0.151,0.98
701,8,0.942,0.2,0.058,0.0,0.718,0.24,0.302,1.0
702,,0.922,0.18,0.038,-0.02,0.698,0.22,0.282,0.98
703,4,0.931,0.26,0.189,0.98,0.849,0.3,0.291,0.96
704,4,0.94,0.34,0.34,1.0,1.0,0.38,0.3,0.94
705,,0.92,0.32,0.32,0.98,0.98,0.36,0.28,0.92
706,,0.9,0.3,0.3,0.96,0.96,0.34,0.26,0.9
707,,0.88,0.28,0.28,0.94,0.94,0.32,0.24,0.88
708,,0.86,0.26,0.26,0.92,0.92,0.3,0.22,0.86
709,,0.84,0.24,0.24,0.9,0.9,0.28,0.2,0.84
710,,0.82,0.22,0.22,0.88,0.88,0.26,0.18,0.82
711,,0.8,0.2,0.2,0.86,0.86,0.24,0.16,0.8
712,,0.78,0.18,0.18,0.84,0.84,0.22,0.14,0.78
713,,0.76,0.16,0.16,0.82,0.82,0.2,0.12,0.76
714,,0.74,0.14,0.14,0.8,0.8,0.18,0.1,0.74
715,,0.72,0.12,0.12,0.78,0.78,0.16,0.08,0.72
716,,0.7,0.1,0.1,0.76,0.76,0.14,0.06,0.7
717,,0.68,0.08,0.08,0.74,0.74,0.12,0.04,0.68
718,,0.66,0.06,0.06,0.72,0.72,0.1,0.02,0.66
719,,0.64,0.04,0.04,0.7,0.7,0.08,0.0,0.64
720,,0.62,0.02,0.02,0.68,0.68,0.06,-0.02,0.62
721,7,0.7,0.029,0.0,0.689,0.76,0.211,0.98,0.771
722,7,0.78,0.038,-0.02,0.698,0.84,0.362,1.0,0.922
723,3,0.86,0.189,0.98,0.849,0.92,0.371,0.98,0.931
724,3,0.94,0.34,1.0,1.0,1.0,0.38,0.96,0.94
725,,0.92,0.32,0.98,0.98,0.98,0.36,0.94,0.92
726,,0.9,0.3,0.96,0.96,0.96,0.34,0.92,0.9
727,,0.88,0.28,0.94,0.94,0.94,0.32,0.9,0.88
728,,0.86,0.26,0.92,0.92,0.92,0.3,0.88,0.86
729,,0.84,0.24,0.9,0.9,0.9,0.28,0.86,0.84
730,,0.82,0.22,0.88,0.88,0.88,0.26,0.84,0.82
731,,0.8,0.2,0.86,0.86,0.86,0.24,0.82,0.8
732,,0.78,0.18,0.84,0.84,0.84,0.22,0.8,0.78
733,,0.76,0.16,0.82,0.82,0.82,0.2,0.78,0.76
734,,0.74,0.14,0.8,0.8,0.8,0.18,0.76,0.74
735,,0.72,0.12,0.78,0.78,0.78,0.16,0.74,0.72
736,,0.7,0.1,0.76,0.76,0.76,0.14,0.72,0.7
737,,0.68,0.08,0.74,0.74,0.74,0.12,0.7,0.68
738,,0.66,0.06,0.72,0.72,0.72,0.1,0.68,0.66
739,,0.64,0.04,0.7,0.7,0.7,0.08,0.66,0.64
740,,0.62,0.02,0.68,0.68,0.68,0.06,0.64,0.62
741,,0.6,0.0,0.66,0.66,0.66,0.04,0.62,0.6
742,,0.58,-0.02,0.64,0.64,0.64,0.02,0.6,0.58
743,2,0.731,0.98,0.791,0.72,0.649,0.0,0.609,0.66
744,2,0.882,1.0,0.942,0.8,0.658,-0.02,0.618,0.74
745,6,0.891,0.98,0.951,0.88,0.809,0.98,0.769,0.82
746,6,0.9,0.96,0.96,0.96,0.96,1.0,0.92,0.9
747,,0.88,0.94,0.94,0.94,0.94,0.98,0.9,0.88
748,,0.86,0.92,0.92,0.92,0.92,0.96,0.88,0.86
749,,0.84,0.9,0.9,0.9,0.9,0.94,0.86,0.84
750,,0.82,0.88,0.88,0.88,0.88,0.92,0.84,0.82
751,,0.8,0.86,0.86,0.86,0.86,0.9,0.82,0.8
752,,0.78,0.84,0.84,0.84,0.84,0.88,0.8,0.78
753,,0.76,0.82,0.82,0.82,0.82,0.86,0.78,0.76
754,,0.74,0.8,0.8,0.8,0.8,0.84,0.76,0.74
755,,0.72,0.78,0.78,0.78,0.78,0.82,0.74,0.72
756,,0.7,0.76,0.76,0.76,0.76,0.8,0.72,0.7
757,,0.68,0.74,0.74,0.74,0.74,0.78,0.7,0.68
758,,0.66,0.72,0.72,0.72,0.72,0.76,0.68,0.66
759,,0.64,0.7,0.7,0.7,0.7,0.74,0.66,0.64
760,,0.62,0.68,0.68,0.68,0.68,0.72,0.64,0.62
761,,0.6,0.66,0.66,0.66,0.66,0.7,0.62,0.6
762,,0.58,0.64,0.64,0.64,0.64,0.68,0.6,0.58
763,,0.56,0.62,0.62,0.62,0.62,0.66,0.58,0.56
764,,0.54,0.6,0.6,0.6,0.6,0.64,0.56,0.54
765,,0.52,0.58,0.58,0.58,0.58,0.62,0.54,0.52
766,,0.5,0.56,0.56,0.56,0.56,0.6,0.52,0.5
767,,0.48,0.54,0.54,0.54,0.54,0.58,0.5,0.48
768,,0.46,0.52,0.52,0.52,0.52,0.56,0.48,0.46
769,,0.44,0.5,0.5,0.5,0.5,0.54,0.46,0.44
770,,0.42,0.48,0.48,0.48,0.48,0.52,0.44,0.42
771,,0.4,0.46,0.46,0.46,0.46,0.5,0.42,0.4
772,,0.38,0.44,0.44,0.44,0.44,0.48,0.4,0.38
773,,0.36,0.42,0.42,0.42,0.42,0.46,0.38,0.36
774,,0.34,0.4,0.4,0.4,0.4,0.44,0.36,0.34
775,,0.32,0.38,0.38,0.38,0.38,0.42,0.34,0.32
776,,0.3,0.36,0.36,0.36,0.36,0.4,0.32,0.3
777,,0.28,0.34,0.34,0.34,0.34,0.38,0.3,0.28
778,,0.26,0.32,0.32,0.32,0.32,0.36,0.28,0.26
779,,0.24,0.3,0.3,0.3,0.3,0.34,0.26,0.24
780,,0.22,0.28,0.28,0.28,0.28,0.32,0.24,0.22
781,,0.2,0.26,0.26,0.26,0.26,0.3,0.22,0.2
782,,0.18,0.24,0.24,0.24,0.24,0.28,0.2,0.18
783,,0.16,0.22,0.22,0.22,0.22,0.26,0.18,0.16
784,,0.14,0.2,0.2,0.2,0.2,0.24,0.16,0.14
785,,0.12,0.18,0.18,0.18,0.18,0.22,0.14,0.12
786,,0.1,0.16,0.16,0.16,0.16,0.2,0.12,0.1
787,,0.08,0.14,0.14,0.14,0.14,0.18,0.1,0.08
788,,0.06,0.12,0.12,0.12,0.12,0.16,0.08,0.06
789,,0.04,0.1,0.1,0.1,0.1,0.14,0.06,0.04
790,,0.02,0.08,0.08,0.08,0.08,0.12,0.04,0.02
791,,0.0,0.06,0.06,0.06,0.06,0.1,0.02,0.0
792,,-0.02,0.04,0.04,0.04,0.04,0.08,0.0,-0.02
793,8,0.131,0.12,0.049,0.02,0.049,0.16,0.151,0.98
794,8,0.282,0.2,0.058,0.0,0.058,0.24,0.302,1.0
795,,0.262,0.18,0.038,-0.02,0.038,0.22,0.282,0.98
796,4,0.271,0.26,0.189,0.98,0.189,0.3,0.291,0.96
797,4,0.28,0.34,0.34,1.0,0.34,0.38,0.3,0.94
798,,0.26,0.32,0.32,0.98,0.32,0.36,0.28,0.92
799,,0.24,0.3,0.3,0.96,0.3,0.34,0.26,0.9
800,,0.22,0.28,0.28,0.94,0.28,0.32,0.24,0.88
801,,0.2,0.26,0.26,0.92,0.26,0.3,0.22,0.86
802,,0.18,0.24,0.24,0.9,0.24,0.28,0.2,0.84
803,,0.16,0.22,0.22,0.88,0.22,0.26,0.18,0.82
804,,0.14,0.2,0.2,0.86,0.2,0.24,0.16,0.8
805,,0.12,0.18,0.18,0.84,0.18,0.22,0.14,0.78
806,,0.1,0.16,0.16,0.82,0.16,0.2,0.12,0.76
807,,0.08,0.14,0.14,0.8,0.14,0.18,0.1,0.74
808,,0.06,0.12,0.12,0.78,0.12,0.16,0.08,0.72
809,,0.04,0.1,0.1,0.76,0.1,0.14,0.06,0.7
810,,0.02,0.08,0.08,0.74,0.08,0.12,0.04,0.68
811,,0.0,0.06,0.06,0.72,0.06,0.1,0.02,0.66
812,,-0.02,0.04,0.04,0.7,0.04,0.08,0.0,0.64
813,1,0.98,0.191,0.12,0.709,0.02,0.089,0.08,0.791
814,1,1.0,0.342,0.2,0.718,0.0,0.098,0.16,0.942
815,,0.98,0.322,0.18,0.698,-0.02,0.078,0.14,0.922
816,5,0.96,0.331,0.26,0.849,0.98,0.229,0.22,0.931
817,5,0.94,0.34,0.34,1.0,1.0,0.38,0.3,0.94
818,,0.92,0.32,0.32,0.98,0.98,0.36,0.28,0.92
819,,0.9,0.3,0.3,0.96,0.96,0.34,0.26,0.9
820,,0.88,0.28,0.28,0.94,0.94,0.32,0.24,0.88
821,,0.86,0.26,0.26,0.92,0.92,0.3,0.22,0.86
822,,0.84,0.24,0.24,0.9,0.9,0.28,0.2,0.84
823,,0.82,0.22,0.22,0.88,0.88,0.26,0.18,0.82
824,,0.8,0.2,0.2,0.86,0.86,0.24,0.16,0.8
825,,0.78,0.18,0.18,0.84,0.84,0.22,0.14,0.78
826,,0.76,0.16,0.16,0.82,0.82,0.2,0.12,0.76
827,,0.74,0.14,0.14,0.8,0.8,0.18,0.1,0.74
828,,0.72,0.12,0.12,0.78,0.78,0.16,0.08,0.72
829,,0.7,0.1,0.1,0.76,0.76,0.14,0.06,0.7
830,,0.68,0.08,0.08,0.74,0.74,0.12,0.04,0.68
831,,0.66,0.06,0.06,0.72,0.72,0.1,0.02,0.66
832,,0.64,0.04,0.04,0.7,0.7,0.08,0.0,0.64
833,,0.62,0.02,0.02,0.68,0.68,0.06,-0.02,0.62
834,7,0.7,0.029,0.0,0.689,0.76,0.211,0.98,0.771
835,7,0.78,0.038,-0.02,0.698,0.84,0.362,1.0,0.922
836,3,0.86,0.189,0.98,0.849,0.92,0.371,0.98,0.931
837,3,0.94,0.34,1.0,1.0,1.0,0.38,0.96,0.94
838,,0.92,0.32,0.98,0.98,0.98,0.36,0.94,0.92
839,,0.9,0.3,0.96,0.96,0.96,0.34,0.92,0.9
840,,0.88,0.28,0.94,0.94,0.94,0.32,0.9,0.88
841,,0.86,0.26,0.92,0.92,0.92,0.3,0.88,0.86
842,,0.84,0.24,0.9,0.9,0.9,0.28,0.86,0.84
843,,0.82,0.22,0.88,0.88,0.88,0.26,0.84,0.82
844,,0.8,0.2,0.86,0.86,0.86,0.24,0.82,0.8
845,,0.78,0.18,0.84,0.84,0.84,0.22,0.8,0.78
846,,0.76,0.16,0.82,0.82,0.82,0.2,0.78,0.76
847,,0.74,0.14,0.8,0.8,0.8,0.18,0.76,0.74
848,,0.72,0.12,0.78,0.78,0.78,0.16,0.74,0.72
849,,0.7,0.1,0.76,0.76,0.76,0.14,0.72,0.7
850,,0.68,0.08,0.74,0.74,0.74,0.12,0.7,0.68
851,,0.66,0.06,0.72,0.72,0.72,0.1,0.68,0.66
852,,0.64,0.04,0.7,0.7,0.7,0.08,0.66,0.64
853,,0.62,0.02,0.68,0.68,0.68,0.06,0.64,0.62
854,,0.6,0.0,0.66,0.66,0.66,0.04,0.62,0.6
855,,0.58,-0.02,0.64,0.64,0.64,0.02,0.6,0.58
856,2,0.731,0.98,0.791,0.72,0.649,0.0,0.609,0.66
857,2,0.882,1.0,0.942,0.8,0.658,-0.02,0.618,0.74
858,6,0.891,0.98,0.951,0.88,0.809,0.98,0.769,0.82
859,6,0.9,0.96,0.96,0.96,0.96,1.0,0.92,0.9
860,,0.88,0.94,0.94,0.94,0.94,0.98,0.9,0.88
861,,0.86,0.92,0.92,0.92,0.92,0.96,0.88,0.86
862,,0.84,0.9,0.9,0.9,0.9,0.94,0.86,0.84
863,,0.82,0.88,0.88,0.88,0.88,0.92,0.84,0.82
864,,0.8,0.86,0.86,0.86,0.86,0.9,0.82,0.8
865,,0.78,0.84,0.84,0.84,0.84,0.88,0.8,0.78
866,,0.76,0.82,0.82,0.82,0.82,0.86,0.78,0.76
867,,0.74,0.8,0.8,0.8,0.8,0.84,0.76,0.74
868,,0.72,0.78,0.78,0.78,0.78,0.82,0.74,0.72
869,,0.7,0.76,0.76,0.76,0.76,0.8,0.72,0.7
870,,0.68,0.74,0.74,0.74,0.74,0.78,0.7,0.68
871,,0.66,0.72,0.72,0.72,0.72,0.76,0.68,0.66
872,,0.64,0.7,0.7,0.7,0.7,0.74,0.66,0.64
873,,0.62,0.68,0.68,0.68,0.68,0.72,0.64,0.62
874,,0.6,0.66,0.66,0.66,0.66,0.7,0.62,0.6
875,,0.58,0.64,0.64,0.64,0.64,0.68,0.6,0.58
876,,0.56,0.62,0.62,0.62,0.62,0.66,0.58,0.56
877,,0.54,0.6,0.6,0.6,0.6,0.64,0.56,0.54
878,,0.52,0.58,0.58,0.58,0.58,0.62,0.54,0.52
879,,0.5,0.56,0.56,0.56,0.56,0.6,0.52,0.5
880,,0.48,0.54,0.54,0.54,0.54,0.58,0.5,0.48
881,,0.46,0.52,0.52,0.52,0.52,0.56,0.48,0.46
882,,0.44,0.5,0.5,0.5,0.5,0.54,0.46,0.44
883,,0.42,0.48,0.48,0.48,0.48,0.52,0.44,0.42
884,,0.4,0.46,0.46,0.46,0.46,0.5,0.42,0.4
885,,0.38,0.44,0.44,0.44,0.44,0.48,0.4,0.38
