step,active_motive,motive_1,motive_2,motive_3,motive_4,motive_5,motive_6,motive_7,motive_8
0,,0.08155,0.07069,0.0729,0.07713,0.0074,0.03585,0.01159,0.08631
1,,0.06155,0.05069,0.0529,0.05713,-0.0126,0.01585,-0.00841,0.06631
2,5,0.04155,0.05969,0.1329,0.20813,0.9874,0.16685,0.07159,0.07531
3,5,0.02155,0.06869,0.2129,0.35913,1.0,0.31785,0.15159,0.08431
4,,0.00155,0.04869,0.1929,0.33913,0.98,0.29785,0.13159,0.06431
5,,-0.01845,0.02869,0.1729,0.31913,0.96,0.27785,0.11159,0.04431
6,1,0.98155,0.17969,0.2529,0.32813,0.94,0.28685,0.19159,0.19531
7,1,1.0,0.33069,0.3329,0.33713,0.92,0.29585,0.27159,0.34631
8,,0.98,0.31069,0.3129,0.31713,0.9,0.27585,0.25159,0.32631
9,,0.96,0.29069,0.2929,0.29713,0.88,0.25585,0.23159,0.30631
10,,0.94,0.27069,0.2729,0.27713,0.86,0.23585,0.21159,0.28631
11,,0.92,0.25069,0.2529,0.25713,0.84,0.21585,0.19159,0.26631
12,,0.9,0.23069,0.2329,0.23713,0.82,0.19585,0.17159,0.24631
13,,0.88,0.21069,0.2129,0.21713,0.8,0.17585,0.15159,0.22631
14,,0.86,0.19069,0.1929,0.19713,0.78,0.15585,0.13159,0.20631
15,,0.84,0.17069,0.1729,0.17713,0.76,0.13585,0.11159,0.18631
16,,0.82,0.15069,0.1529,0.15713,0.74,0.11585,0.09159,0.16631
17,,0.8,0.13069,0.1329,0.13713,0.72,0.09585,0.07159,0.14631
18,,0.78,0.11069,0.1129,0.11713,0.7,0.07585,0.05159,0.12631
19,,0.76,0.09069,0.0929,0.09713,0.68,0.05585,0.03159,0.10631
20,,0.74,0.07069,0.0729,0.07713,0.66,0.03585,0.01159,0.08631
21,,0.72,0.05069,0.0529,0.05713,0.64,0.01585,-0.00841,0.06631
22,7,0.8,0.05969,0.0329,0.06613,0.72,0.16685,0.99159,0.21731
23,7,0.88,0.06869,0.0129,0.07513,0.8,0.31785,1.0,0.36831
24,,0.86,0.04869,-0.0071,0.05513,0.78,0.29785,0.98,0.34831
25,3,0.94,0.19969,0.9929,0.20613,0.86,0.30685,0.96,0.35731
26,3,1.0,0.35069,1.0,0.35713,0.94,0.31585,0.94,0.36631
27,,0.98,0.33069,0.98,0.33713,0.92,0.29585,0.92,0.34631
28,,0.96,0.31069,0.96,0.31713,0.9,0.27585,0.9,0.32631
29,,0.94,0.29069,0.94,0.29713,0.88,0.25585,0.88,0.30631
30,,0.92,0.27069,0.92,0.27713,0.86,0.23585,0.86,0.28631
31,,0.9,0.25069,0.9,0.25713,0.84,0.21585,0.84,0.26631
32,,0.88,0.23069,0.88,0.23713,0.82,0.19585,0.82,0.24631
33,,0.86,0.21069,0.86,0.21713,0.8,0.17585,0.8,0.22631
34,,0.84,0.19069,0.84,0.19713,0.78,0.15585,0.78,0.20631
35,,0.82,0.17069,0.82,0.17713,0.76,0.13585,0.76,0.18631
36,,0.8,0.15069,0.8,0.15713,0.74,0.11585,0.74,0.16631
37,,0.78,0.13069,0.78,0.13713,0.72,0.09585,0.72,0.14631
38,,0.76,0.11069,0.76,0.11713,0.7,0.07585,0.7,0.12631
39,,0.74,0.09069,0.74,0.09713,0.68,0.05585,0.68,0.10631
40,,0.72,0.07069,0.72,0.07713,0.66,0.03585,0.66,0.08631
41,,0.7,0.05069,0.7,0.05713,0.64,0.01585,0.64,0.06631
42,,0.68,0.03069,0.68,0.03713,0.62,-0.00415,0.62,0.04631
43,6,0.689,0.01069,0.689,0.11713,0.771,0.99585,0.771,0.12631
44,6,0.698,-0.00931,0.698,0.19713,0.922,1.0,0.922,0.20631
45,2,0.849,0.99069,0.849,0.27713,0.931,0.98,0.931,0.28631
46,2,1.0,1.0,1.0,0.35713,0.94,0.96,0.94,0.36631
47,,0.98,0.98,0.98,0.33713,0.92,0.94,0.92,0.34631
48,,0.96,0.96,0.96,0.31713,0.9,0.92,0.9,0.32631
49,,0.94,0.94,0.94,0.29713,0.88,0.9,0.88,0.30631
50,,0.92,0.92,0.92,0.27713,0.86,0.88,0.86,0.28631
51,,0.9,0.9,0.9,0.25713,0.84,0.86,0.84,0.26631
52,,0.88,0.88,0.88,0.23713,0.82,0.84,0.82,0.24631
53,,0.86,0.86,0.86,0.21713,0.8,0.82,0.8,0.22631
54,,0.84,0.84,0.84,0.19713,0.78,0.8,0.78,0.20631
55,,0.82,0.82,0.82,0.17713,0.76,0.78,0.76,0.18631
56,,0.8,0.8,0.8,0.15713,0.74,0.76,0.74,0.16631
57,,0.78,0.78,0.78,0.13713,0.72,0.74,0.72,0.14631
58,,0.76,0.76,0.76,0.11713,0.7,0.72,0.7,0.12631
59,,0.74,0.74,0.74,0.09713,0.68,0.7,0.68,0.10631
60,,0.72,0.72,0.72,0.07713,0.66,0.68,0.66,0.08631
61,,0.7,0.7,0.7,0.05713,0.64,0.66,0.64,0.06631
62,,0.68,0.68,0.68,0.03713,0.62,0.64,0.62,0.04631
63,,0.66,0.66,0.66,0.01713,0.6,0.62,0.6,0.02631
64,,0.64,0.64,0.64,-0.00287,0.58,0.6,0.58,0.00631
65,4,0.649,0.72,0.791,0.99713,0.731,0.68,0.589,-0.01369
66,4,0.658,0.8,0.942,1.0,0.882,0.76,0.598,-0.03369
67,8,0.809,0.88,0.951,0.98,0.891,0.84,0.749,0.96631
68,8,0.96,0.96,0.96,0.96,0.9,0.92,0.9,1.0
69,,0.94,0.94,0.94,0.94,0.88,0.9,0.88,0.98
70,,0.92,0.92,0.92,0.92,0.86,0.88,0.86,0.96
71,,0.9,0.9,0.9,0.9,0.84,0.86,0.84,0.94
72,,0.88,0.88,0.88,0.88,0.82,0.84,0.82,0.92
73,,0.86,0.86,0.86,0.86,0.8,0.82,0.8,0.9
74,,0.84,0.84,0.84,0.84,0.78,0.8,0.78,0.88
75,,0.82,0.82,0.82,0.82,0.76,0.78,0.76,0.86
76,,0.8,0.8,0.8,0.8,0.74,0.76,0.74,0.84
77,,0.78,0.78,0.78,0.78,0.72,0.74,0.72,0.82
78,,0.76,0.76,0.76,0.76,0.7,0.72,0.7,0.8
79,,0.74,0.74,0.74,0.74,0.68,0.7,0.68,0.78
80,,0.72,0.72,0.72,0.72,0.66,0.68,0.66,0.76
81,,0.7,0.7,0.7,0.7,0.64,0.66,0.64,0.74
82,,0.68,0.68,0.68,0.68,0.62,0.64,0.62,0.72
83,,0.66,0.66,0.66,0.66,0.6,0.62,0.6,0.7
84,,0.64,0.64,0.64,0.64,0.58,0.6,0.58,0.68
85,,0.62,0.62,0.62,0.62,0.56,0.58,0.56,0.66
86,,0.6,0.6,0.6,0.6,0.54,0.56,0.54,0.64
87,,0.58,0.58,0.58,0.58,0.52,0.54,0.52,0.62
88,,0.56,0.56,0.56,0.56,0.5,0.52,0.5,0.6
89,,0.54,0.54,0.54,0.54,0.48,0.5,0.48,0.58
90,,0.52,0.52,0.52,0.52,0.46,0.48,0.46,0.56
91,,0.5,0.5,0.5,0.5,0.44,0.46,0.44,0.54
92,,0.48,0.48,0.48,0.48,0.42,0.44,0.42,0.52
93,,0.46,0.46,0.46,0.46,0.4,0.42,0.4,0.5
94,,0.44,0.44,0.44,0.44,0.38,0.4,0.38,0.48
95,,0.42,0.42,0.42,0.42,0.36,0.38,0.36,0.46
96,,0.4,0.4,0.4,0.4,0.34,0.36,0.34,0.44
97,,0.38,0.38,0.38,0.38,0.32,0.34,0.32,0.42
98,,0.36,0.36,0.36,0.36,0.3,0.32,0.3,0.4
99,,0.34,0.34,0.34,0.34,0.28,0.3,0.28,0.38
100,,0.32,0.32,0.32,0.32,0.26,0.28,0.26,0.36
101,,0.3,0.3,0.3,0.3,0.24,0.26,0.24,0.34
102,,0.28,0.28,0.28,0.28,0.22,0.24,0.22,0.32
103,,0.26,0.26,0.26,0.26,0.2,0.22,0.2,0.3
104,,0.24,0.24,0.24,0.24,0.18,0.2,0.18,0.28
105,,0.22,0.22,0.22,0.22,0.16,0.18,0.16,0.26
106,,0.2,0.2,0.2,0.2,0.14,0.16,0.14,0.24
107,,0.18,0.18,0.18,0.18,0.12,0.14,0.12,0.22
108,,0.16,0.16,0.16,0.16,0.1,0.12,0.1,0.2
109,,0.14,0.14,0.14,0.14,0.08,0.1,0.08,0.18
110,,0.12,0.12,0.12,0.12,0.06,0.08,0.06,0.16
111,,0.1,0.1,0.1,0.1,0.04,0.06,0.04,0.14
112,,0.08,0.08,0.08,0.08,0.02,0.04,0.02,0.12
113,,0.06,0.06,0.06,0.06,0.0,0.02,0.0,0.1
114,,0.04,0.04,0.04,0.04,-0.02,0.0,-0.02,0.08
115,7,0.12,0.049,0.02,0.049,0.06,0.151,0.98,0.231
116,7,0.2,0.058,0.0,0.058,0.14,0.302,1.0,0.382
117,,0.18,0.038,-0.02,0.038,0.12,0.282,0.98,0.362
118,3,0.26,0.189,0.98,0.189,0.2,0.291,0.96,0.371
119,3,0.34,0.34,1.0,0.34,0.28,0.3,0.94,0.38
120,,0.32,0.32,0.98,0.32,0.26,0.28,0.92,0.36
121,,0.3,0.3,0.96,0.3,0.24,0.26,0.9,0.34
122,,0.28,0.28,0.94,0.28,0.22,0.24,0.88,0.32
123,,0.26,0.26,0.92,0.26,0.2,0.22,0.86,0.3
124,,0.24,0.24,0.9,0.24,0.18,0.2,0.84,0.28
125,,0.22,0.22,0.88,0.22,0.16,0.18,0.82,0.26
126,,0.2,0.2,0.86,0.2,0.14,0.16,0.8,0.24
127,,0.18,0.18,0.84,0.18,0.12,0.14,0.78,0.22
128,,0.16,0.16,0.82,0.16,0.1,0.12,0.76,0.2
129,,0.14,0.14,0.8,0.14,0.08,0.1,0.74,0.18
130,,0.12,0.12,0.78,0.12,0.06,0.08,0.72,0.16
131,,0.1,0.1,0.76,0.1,0.04,0.06,0.7,0.14
132,,0.08,0.08,0.74,0.08,0.02,0.04,0.68,0.12
133,,0.06,0.06,0.72,0.06,0.0,0.02,0.66,0.1
134,,0.04,0.04,0.7,0.04,-0.02,0.0,0.64,0.08
135,5,0.02,0.049,0.78,0.191,0.98,0.151,0.72,0.089
136,5,0.0,0.058,0.86,0.342,1.0,0.302,0.8,0.098
137,,-0.02,0.038,0.84,0.322,0.98,0.282,0.78,0.078
138,1,0.98,0.189,0.92,0.331,0.96,0.291,0.86,0.229
139,1,1.0,0.34,1.0,0.34,0.94,0.3,0.94,0.38
140,,0.98,0.32,0.98,0.32,0.92,0.28,0.92,0.36
141,,0.96,0.3,0.96,0.3,0.9,0.26,0.9,0.34
142,,0.94,0.28,0.94,0.28,0.88,0.24,0.88,0.32
143,,0.92,0.26,0.92,0.26,0.86,0.22,0.86,0.3
144,,0.9,0.24,0.9,0.24,0.84,0.2,0.84,0.28
145,,0.88,0.22,0.88,0.22,0.82,0.18,0.82,0.26
146,,0.86,0.2,0.86,0.2,0.8,0.16,0.8,0.24
147,,0.84,0.18,0.84,0.18,0.78,0.14,0.78,0.22
148,,0.82,0.16,0.82,0.16,0.76,0.12,0.76,0.2
149,,0.8,0.14,0.8,0.14,0.74,0.1,0.74,0.18
150,,0.78,0.12,0.78,0.12,0.72,0.08,0.72,0.16
151,,0.76,0.1,0.76,0.1,0.7,0.06,0.7,0.14
152,,0.74,0.08,0.74,0.08,0.68,0.04,0.68,0.12
153,,0.72,0.06,0.72,0.06,0.66,0.02,0.66,0.1
154,,0.7,0.04,0.7,0.04,0.64,0.0,0.64,0.08
155,,0.68,0.02,0.68,0.02,0.62,-0.02,0.62,0.06
156,6,0.689,0.0,0.689,0.1,0.771,0.98,0.771,0.14
157,6,0.698,-0.02,0.698,0.18,0.922,1.0,0.922,0.22
158,2,0.849,0.98,0.849,0.26,0.931,0.98,0.931,0.3
159,2,1.0,1.0,1.0,0.34,0.94,0.96,0.94,0.38
160,,0.98,0.98,0.98,0.32,0.92,0.94,0.92,0.36
161,,0.96,0.96,0.96,0.3,0.9,0.92,0.9,0.34
162,,0.94,0.94,0.94,0.28,0.88,0.9,0.88,0.32
163,,0.92,0.92,0.92,0.26,0.86,0.88,0.86,0.3
164,,0.9,0.9,0.9,0.24,0.84,0.86,0.84,0.28
165,,0.88,0.88,0.88,0.22,0.82,0.84,0.82,0.26
166,,0.86,0.86,0.86,0.2,0.8,0.82,0.8,0.24
167,,0.84,0.84,0.84,0.18,0.78,0.8,0.78,0.22
168,,0.82,0.82,0.82,0.16,0.76,0.78,0.76,0.2
169,,0.8,0.8,0.8,0.14,0.74,0.76,0.74,0.18
170,,0.78,0.78,0.78,0.12,0.72,0.74,0.72,0.16
171,,0.76,0.76,0.76,0.1,0.7,0.72,0.7,0.14
172,,0.74,0.74,0.74,0.08,0.68,0.7,0.68,0.12
173,,0.72,0.72,0.72,0.06,0.66,0.68,0.66,0.1
174,,0.7,0.7,0.7,0.04,0.64,0.66,0.64,0.08
175,,0.68,0.68,0.68,0.02,0.62,0.64,0.62,0.06
176,,0.66,0.66,0.66,0.0,0.6,0.62,0.6,0.04
177,,0.64,0.64,0.64,-0.02,0.58,0.6,0.58,0.02
178,4,0.649,0.72,0.791,0.98,0.731,0.68,0.589,0.0
179,4,0.658,0.8,0.942,1.0,0.882,0.76,0.598,-0.02
180,8,0.809,0.88,0.951,0.98,0.891,0.84,0.749,0.98
181,8,0.96,0.96,0.96,0.96,0.9,0.92,0.9,1.0
182,,0.94,0.94,0.94,0.94,0.88,0.9,0.88,0.98
183,,0.92,0.92,0.92,0.92,0.86,0.88,0.86,0.96
184,,0.9,0.9,0.9,0.9,0.84,0.86,0.84,0.94
185,,0.88,0.88,0.88,0.88,0.82,0.84,0.82,0.92
186,,0.86,0.86,0.86,0.86,0.8,0.82,0.8,0.9
187,,0.84,0.84,0.84,0.84,0.78,0.8,0.78,0.88
188,,0.82,0.82,0.82,0.82,0.76,0.78,0.76,0.86
189,,0.8,0.8,0.8,0.8,0.74,0.76,0.74,0.84
190,,0.78,0.78,0.78,0.78,0.72,0.74,0.72,0.82
191,,0.76,0.76,0.76,0.76,0.7,0.72,0.7,0.8
192,,0.74,0.74,0.74,0.74,0.68,0.7,0.68,0.78
193,,0.72,0.72,0.72,0.72,0.66,0.68,0.66,0.76
194,,0.7,0.7,0.7,0.7,0.64,0.66,0.64,0.74
195,,0.68,0.68,0.68,0.68,0.62,0.64,0.62,0.72
196,,0.66,0.66,0.66,0.66,0.6,0.62,0.6,0.7
197,,0.64,0.64,0.64,0.64,0.58,0.6,0.58,0.68
198,,0.62,0.62,0.62,0.62,0.56,0.58,0.56,0.66
199,,0.6,0.6,0.6,0.6,0.54,0.56,0.54,0.64
200,,0.58,0.58,0.58,0.58,0.52,0.54,0.52,0.62
201,,0.56,0.56,0.56,0.56,0.5,0.52,0.5,0.6
202,,0.54,0.54,0.54,0.54,0.48,0.5,0.48,0.58
203,,0.52,0.52,0.52,0.52,0.46,0.48,0.46,0.56
204,,0.5,0.5,0.5,0.5,0.44,0.46,0.44,0.54
205,,0.48,0.48,0.48,0.48,0.42,0.44,0.42,0.52
206,,0.46,0.46,0.46,0.46,0.4,0.42,0.4,0.5
207,,0.44,0.44,0.44,0.44,0.38,0.4,0.38,0.48
208,,0.42,0.42,0.42,0.42,0.36,0.38,0.36,0.46
209,,0.4,0.4,0.4,0.4,0.34,0.36,0.34,0.44
210,,0.38,0.38,0.38,0.38,0.32,0.34,0.32,0.42
211,,0.36,0.36,0.36,0.36,0.3,0.32,0.3,0.4
212,,0.34,0.34,0.34,0.34,0.28,0.3,0.28,0.38
213,,0.32,0.32,0.32,0.32,0.26,0.28,0.26,0.36
214,,0.3,0.3,0.3,0.3,0.24,0.26,0.24,0.34
215,,0.28,0.28,0.28,0.28,0.22,0.24,0.22,0.32
216,,0.26,0.26,0.26,0.26,0.2,0.22,0.2,0.3
217,,0.24,0.24,0.24,0.24,0.18,0.2,0.18,0.28
218,,0.22,0.22,0.22,0.22,0.16,0.18,0.16,0.26
219,,0.2,0.2,0.2,0.2,0.14,0.16,0.14,0.24
220,,0.18,0.18,0.18,0.18,0.12,0.14,0.12,0.22
221,,0.16,0.16,0.16,0.16,0.1,0.12,0.1,0.2
222,,0.14,0.14,0.14,0.14,0.08,0.1,0.08,0.18
223,,0.12,0.12,0.12,0.12,0.06,0.08,0.06,0.16
224,,0.1,0.1,0.1,0.1,0.04,0.06,0.04,0.14
225,,0.08,0.08,0.08,0.08,0.02,0.04,0.02,0.12
226,,0.06,0.06,0.06,0.06,0.0,0.02,0.0,0.1
227,,0.04,0.04,0.04,0.04,-0.02,0.0,-0.02,0.08
228,7,0.12,0.049,0.02,0.049,0.06,0.151,0.98,0.231
229,7,0.2,0.058,0.0,0.058,0.14,0.302,1.0,0.382
230,,0.18,0.038,-0.02,0.038,0.12,0.282,0.98,0.362
231,3,0.26,0.189,0.98,0.189,0.2,0.291,0.96,0.371
232,3,0.34,0.34,1.0,0.34,0.28,0.3,0.94,0.38
233,,0.32,0.32,0.98,0.32,0.26,0.28,0.92,0.36
234,,0.3,0.3,0.96,0.3,0.24,0.26,0.9,0.34
235,,0.28,0.28,0.94,0.28,0.22,0.24,0.88,0.32
236,,0.26,0.26,0.92,0.26,0.2,0.22,0.86,0.3
237,,0.24,0.24,0.9,0.24,0.18,0.2,0.84,0.28
238,,0.22,0.22,0.88,0.22,0.16,0.18,0.82,0.26
239,,0.2,0.2,0.86,0.2,0.14,0.16,0.8,0.24
240,,0.18,0.18,0.84,0.18,0.12,0.14,0.78,0.22
241,,0.16,0.16,0.82,0.16,0.1,0.12,0.76,0.2
242,,0.14,0.14,0.8,0.14,0.08,0.1,0.74,0.18
243,,0.12,0.12,0.78,0.12,0.06,0.08,0.72,0.16
244,,0.1,0.1,0.76,0.1,0.04,0.06,0.7,0.14
245,,0.08,0.08,0.74,0.08,0.02,0.04,0.68,0.12
246,,0.06,0.06,0.72,0.06,0.0,0.02,0.66,0.1
247,,0.04,0.04,0.7,0.04,-0.02,0.0,0.64,0.08
248,5,0.02,0.049,0.78,0.191,0.98,0.151,0.72,0.089
249,5,0.0,0.058,0.86,0.342,1.0,0.302,0.8,0.098
250,,-0.02,0.038,0.84,0.322,0.98,0.282,0.78,0.078
251,1,0.98,0.189,0.92,0.331,0.96,0.291,0.86,0.229
252,1,1.0,0.34,1.0,0.34,0.94,0.3,0.94,0.38
253,,0.98,0.32,0.98,0.32,0.92,0.28,0.92,0.36
254,,0.96,0.3,0.96,0.3,0.9,0.26,0.9,0.34
255,,0.94,0.28,0.94,0.28,0.88,0.24,0.88,0.32
256,,0.92,0.26,0.92,0.26,0.86,0.22,0.86,0.3
257,,0.9,0.24,0.9,0.24,0.84,0.2,0.84,0.28
258,,0.88,0.22,0.88,0.22,0.82,0.18,0.82,0.26
259,,0.86,0.2,0.86,0.2,0.8,0.16,0.8,0.24
260,,0.84,0.18,0.84,0.18,0.78,0.14,0.78,0.22
261,,0.82,0.16,0.82,0.16,0.76,0.12,0.76,0.2
262,,0.8,0.14,0.8,0.14,0.74,0.1,0.74,0.18
263,,0.78,0.12,0.78,0.12,0.72,0.08,0.72,0.16
264,,0.76,0.1,0.76,0.1,0.7,0.06,0.7,0.14
265,,0.74,0.08,0.74,0.08,0.68,0.04,0.68,0.12
266,,0.72,0.06,0.72,0.06,0.66,0.02,0.66,0.1
267,,0.7,0.04,0.7,0.04,0.64,0.0,0.64,0.08
268,,0.68,0.02,0.68,0.02,0.62,-0.02,0.62,0.06
269,6,0.689,0.0,0.689,0.1,0.771,0.98,0.771,0.14
270,6,0.698,-0.02,0.698,0.18,0.922,1.0,0.922,0.22
271,2,0.849,0.98,0.849,0.26,0.931,0.98,0.931,0.3
272,2,1.0,1.0,1.0,0.34,0.94,0.96,0.94,0.38
273,,0.98,0.98,0.98,0.32,0.92,0.94,0.92,0.36
274,,0.96,0.96,0.96,0.3,0.9,0.92,0.9,0.34
275,,0.94,0.94,0.94,0.28,0.88,0.9,0.88,0.32
276,,0.92,0.92,0.92,0.26,0.86,0.88,0.86,0.3
277,,0.9,0.9,0.9,0.24,0.84,0.86,0.84,0.28
278,,0.88,0.88,0.88,0.22,0.82,0.84,0.82,0.26
279,,0.86,0.86,0.86,0.2,0.8,0.82,0.8,0.24
280,,0.84,0.84,0.84,0.18,0.78,0.8,0.78,0.22
281,,0.82,0.82,0.82,0.16,0.76,0.78,0.76,0.2
282,,0.8,0.8,0.8,0.14,0.74,0.76,0.74,0.18
283,,0.78,0.78,0.78,0.12,0.72,0.74,0.72,0.16
284,,0.76,0.76,0.76,0.1,0.7,0.72,0.7,0.14
285,,0.74,0.74,0.74,0.08,0.68,0.7,0.68,0.12
286,,0.72,0.72,0.72,0.06,0.66,0.68,0.66,0.1
287,,0.7,0.7,0.7,0.04,0.64,0.66,0.64,0.08
288,,0.68,0.68,0.68,0.02,0.62,0.64,0.62,0.06
289,,0.66,0.66,0.66,0.0,0.6,0.62,0.6,0.04
290,,0.64,0.64,0.64,-0.02,0.58,0.6,0.58,0.02
291,4,0.649,0.72,0.791,0.98,0.731,0.68,0.589,0.0
292,4,0.658,0.8,0.942,1.0,0.882,0.76,0.598,-0.02
293,8,0.809,0.88,0.951,0.98,0.891,0.84,0.749,0.98
294,8,0.96,0.96,0.96,0.96,0.9,0.92,0.9,1.0
295,,0.94,0.94,0.94,0.94,0.88,0.9,0.88,0.98
296,,0.92,0.92,0.92,0.92,0.86,0.88,0.86,0.96
297,,0.9,0.9,0.9,0.9,0.84,0.86,0.84,0.94
298,,0.88,0.88,0.88,0.88,0.82,0.84,0.82,0.92
299,,0.86,0.86,0.86,0.86,0.8,0.82,0.8,0.9
300,,0.84,0.84,0.84,0.84,0.78,0.8,0.78,0.88
301,,0.82,0.82,0.82,0.82,0.76,0.78,0.76,0.86
302,,0.8,0.8,0.8,0.8,0.74,0.76,0.74,0.84
303,,0.78,0.78,0.78,0.78,0.72,0.74,0.72,0.82
304,,0.76,0.76,0.76,0.76,0.7,0.72,0.7,0.8
305,,0.74,0.74,0.74,0.74,0.68,0.7,0.68,0.78
306,,0.72,0.72,0.72,0.72,0.66,0.68,0.66,0.76
307,,0.7,0.7,0.7,0.7,0.64,0.66,0.64,0.74
308,,0.68,0.68,0.68,0.68,0.62,0.64,0.62,0.72
309,,0.66,0.66,0.66,0.66,0.6,0.62,0.6,0.7
310,,0.64,0.64,0.64,0.64,0.58,0.6,0.58,0.68
311,,0.62,0.62,0.62,0.62,0.56,0.58,0.56,0.66
312,,0.6,0.6,0.6,0.6,0.54,0.56,0.54,0.64
313,,0.58,0.58,0.58,0.58,0.52,0.54,0.52,0.62
314,,0.56,0.56,0.56,0.56,0.5,0.52,0.5,0.6
315,,0.54,0.54,0.54,0.54,0.48,0.5,0.48,0.58
316,,0.52,0.52,0.52,0.52,0.46,0.48,0.46,0.56
317,,0.5,0.5,0.5,0.5,0.44,0.46,0.44,0.54
318,,0.48,0.48,0.48,0.48,0.42,0.44,0.42,0.52
319,,0.46,0.46,0.46,0.46,0.4,0.42,0.4,0.5
320,,0.44,0.44,0.44,0.44,0.38,0.4,0.38,0.48
321,,0.42,0.42,0.42,0.42,0.36,0.38,0.36,0.46
322,,0.4,0.4,0.4,0.4,0.34,0.36,0.34,0.44
323,,0.38,0.38,0.38,0.38,0.32,0.34,0.32,0.42
324,,0.36,0.36,0.36,0.36,0.3,0.32,0.3,0.4
325,,0.34,0.34,0.34,0.34,0.28,0.3,0.28,0.38
326,,0.32,0.32,0.32,0.32,0.26,0.28,0.26,0.36
327,,0.3,0.3,0.3,0.3,0.24,0.26,0.24,0.34
328,,0.28,0.28,0.28,0.28,0.22,0.24,0.22,0.32
329,,0.26,0.26,0.26,0.26,0.2,0.22,0.2,0.3
330,,0.24,0.24,0.24,0.24,0.18,0.2,0.18,0.28
331,,0.22,0.22,0.22,0.22,0.16,0.18,0.16,0.26
332,,0.2,0.2,0.2,0.2,0.14,0.16,0.14,0.24
333,,0.18,0.18,0.18,0.18,0.12,0.14,0.12,0.22
334,,0.16,0.16,0.16,0.16,0.1,0.12,0.1,0.2
335,,0.14,0.14,0.14,0.14,0.08,0.1,0.08,0.18
336,,0.12,0.12,0.12,0.12,0.06,0.08,0.06,0.16
337,,0.1,0.1,0.1,0.1,0.04,0.06,0.04,0.14
338,,0.08,0.08,0.08,0.08,0.02,0.04,0.02,0.12
339,,0.06,0.06,0.06,0.06,0.0,0.02,0.0,0.1
340,,0.04,0.04,0.04,0.04,-0.02,0.0,-0.02,0.08
341,7,0.12,0.049,0.02,0.049,0.06,0.151,0.98,0.231
342,7,0.2,0.058,0.0,0.058,0.14,0.302,1.0,0.382
343,,0.18,0.038,-0.02,0.038,0.12,0.282,0.98,0.362
344,3,0.26,0.189,0.98,0.189,0.2,0.291,0.96,0.371
345,3,0.34,0.34,1.0,0.34,0.28,0.3,0.94,0.38
346,,0.32,0.32,0.98,0.32,0.26,0.28,0.92,0.36
347,,0.3,0.3,0.96,0.3,0.24,0.26,0.9,0.34
348,,0.28,0.28,0.94,0.28,0.22,0.24,0.88,0.32
349,,0.26,0.26,0.92,0.26,0.2,0.22,0.86,0.3
350,,0.24,0.24,0.9,0.24,0.18,0.2,0.84,0.28
351,,0.22,0.22,0.88,0.22,0.16,0.18,0.82,0.26
352,,0.2,0.2,0.86,0.2,0.14,0.16,0.8,0.24
353,,0.18,0.18,0.84,0.18,0.12,0.14,0.78,0.22
354,,0.16,0.16,0.82,0.16,0.1,0.12,0.76,0.2
355,,0.14,0.14,0.8,0.14,0.08,0.1,0.74,0.18
356,,0.12,0.12,0.78,0.12,0.06,0.08,0.72,0.16
357,,0.1,0.1,0.76,0.1,0.04,0.06,0.7,0.14
358,,0.08,0.08,0.74,0.08,0.02,0.04,0.68,0.12
359,,0.06,0.06,0.72,0.06,0.0,0.02,0.66,0.1
360,,0.04,0.04,0.7,0.04,-0.02,0.0,0.64,0.08
361,5,0.02,0.049,0.78,0.191,0.98,0.151,0.72,0.089
362,5,0.0,0.058,0.86,0.342,1.0,0.302,0.8,0.098
363,,-0.02,0.038,0.84,0.322,0.98,0.282,0.78,0.078
364,1,0.98,0.189,0.92,0.331,0.96,0.291,0.86,0.229
365,1,1.0,0.34,1.0,0.34,0.94,0.3,0.94,0.38
366,,0.98,0.32,0.98,0.32,0.92,0.28,0.92,0.36
367,,0.96,0.3,0.96,0.3,0.9,0.26,0.9,0.34
368,,0.94,0.28,0.94,0.28,0.88,0.24,0.88,0.32
369,,0.92,0.26,0.92,0.26,0.86,0.22,0.86,0.3
370,,0.9,0.24,0.9,0.24,0.84,0.2,0.84,0.28
371,,0.88,0.22,0.88,0.22,0.82,0.18,0.82,0.26
372,,0.86,0.2,0.86,0.2,0.8,0.16,0.8,0.24
373,,0.84,0.18,0.84,0.18,0.78,0.14,0.78,0.22
374,,0.82,0.16,0.82,0.16,0.76,0.12,0.76,0.2
375,,0.8,0.14,0.8,0.14,0.74,0.1,0.74,0.18
376,,0.78,0.12,0.78,0.12,0.72,0.08,0.72,0.16
377,,0.76,0.1,0.76,0.1,0.7,0.06,0.7,0.14
378,,0.74,0.08,0.74,0.08,0.68,0.04,0.68,0.12
379,,0.72,0.06,0.72,0.06,0.66,0.02,0.66,0.1
380,,0.7,0.04,0.7,0.04,0.64,0.0,0.64,0.08
381,,0.68,0.02,0.68,0.02,0.62,-0.02,0.62,0.06
382,6,0.689,0.0,0.689,0.1,0.771,0.98,0.771,0.14
383,6,0.698,-0.02,0.698,0.18,0.922,1.0,0.922,0.22
384,2,0.849,0.98,0.849,0.26,0.931,0.98,0.931,0.3
385,2,1.0,1.0,1.0,0.34,0.94,0.96,0.94,0.38
386,,0.98,0.98,0.98,0.32,0.92,0.94,0.92,0.36
387,,0.96,0.96,0.96,0.3,0.9,0.92,0.9,0.34
388,,0.94,0.94,0.94,0.28,0.88,0.9,0.88,0.32
389,,0.92,0.92,0.92,0.26,0.86,0.88,0.86,0.3
390,,0.9,0.9,0.9,0.24,0.84,0.86,0.84,0.28
391,,0.88,0.88,0.88,0.22,0.82,0.84,0.82,0.26
392,,0.86,0.86,0.86,0.2,0.8,0.82,0.8,0.24
393,,0.84,0.84,0.84,0.18,0.78,0.8,0.78,0.22
394,,0.82,0.82,0.82,0.16,0.76,0.78,0.76,0.2
395,,0.8,0.8,0.8,0.14,0.74,0.76,0.74,0.18
396,,0.78,0.78,0.78,0.12,0.72,0.74,0.72,0.16
397,,0.76,0.76,0.76,0.1,0.7,0.72,0.7,0.14
398,,0.74,0.74,0.74,0.08,0.68,0.7,0.68,0.12
399,,0.72,0.72,0.72,0.06,0.66,0.68,0.66,0.1
400,,0.7,0.7,0.7,0.04,0.64,0.66,0.64,0.08
401,,0.68,0.68,0.68,0.02,0.62,0.64,0.62,0.06
402,,0.66,0.66,0.66,0.0,0.6,0.62,0.6,0.04
403,,0.64,0.64,0.64,-0.02,0.58,0.6,0.58,0.02
404,4,0.649,0.72,0.791,0.98,0.731,0.68,0.589,0.0
405,4,0.658,0.8,0.942,1.0,0.882,0.76,0.598,-0.02
406,8,0.809,0.88,0.951,0.98,0.891,0.84,0.749,0.98
407,8,0.96,0.96,0.96,0.96,0.9,0.92,0.9,1.0
408,,0.94,0.94,0.94,0.94,0.88,0.9,0.88,0.98
409,,0.92,0.92,0.92,0.92,0.86,0.88,0.86,0.96
410,,0.9,0.9,0.9,0.9,0.84,0.86,0.84,0.94
411,,0.88,0.88,0.88,0.88,0.82,0.84,0.82,0.92
412,,0.86,0.86,0.86,0.86,0.8,0.82,0.8,0.9
413,,0.84,0.84,0.84,0.84,0.78,0.8,0.78,0.88
414,,0.82,0.82,0.82,0.82,0.76,0.78,0.76,0.86
415,,0.8,0.8,0.8,0.8,0.74,0.76,0.74,0.84
416,,0.78,0.78,0.78,0.78,0.72,0.74,0.72,0.82
417,,0.76,0.76,0.76,0.76,0.7,0.72,0.7,0.8
418,,0.74,0.74,0.74,0.74,0.68,0.7,0.68,0.78
419,,0.72,0.72,0.72,0.72,0.66,0.68,0.66,0.76
420,,0.7,0.7,0.7,0.7,0.64,0.66,0.64,0.74
421,,0.68,0.68,0.68,0.68,0.62,0.64,0.62,0.72
422,,0.66,0.66,0.66,0.66,0.6,0.62,0.6,0.7
423,,0.64,0.64,0.64,0.64,0.58,0.6,0.58,0.68
424,,0.62,0.62,0.62,0.62,0.56,0.58,0.56,0.66
425,,0.6,0.6,0.6,0.6,0.54,0.56,0.54,0.64
426,,0.58,0.58,0.58,0.58,0.52,0.54,0.52,0.62
427,,0.56,0.56,0.56,0.56,0.5,0.52,0.5,0.6
428,,0.54,0.54,0.54,0.54,0.48,0.5,0.48,0.58
429,,0.52,0.52,0.52,0.52,0.46,0.48,0.46,0.56
430,,0.5,0.5,0.5,0.5,0.44,0.46,0.44,0.54
431,,0.48,0.48,0.48,0.48,0.42,0.44,0.42,0.52
432,,0.46,0.46,0.46,0.46,0.4,0.42,0.4,0.5
433,,0.44,0.44,0.44,0.44,0.38,0.4,0.38,0.48
434,,0.42,0.42,0.42,0.42,0.36,0.38,0.36,0.46
435,,0.4,0.4,0.4,0.4,0.34,0.36,0.34,0.44
436,,0.38,0.38,0.38,0.38,0.32,0.34,0.32,0.42
437,,0.36,0.36,0.36,0.36,0.3,0.32,0.3,0.4
438,,0.34,0.34,0.34,0.34,0.28,0.3,0.28,0.38
439,,0.32,0.32,0.32,0.32,0.26,0.28,0.26,0.36
440,,0.3,0.3,0.3,0.3,0.24,0.26,0.24,0.34
441,,0.28,0.28,0.28,0.28,0.22,0.24,0.22,0.32
442,,0.26,0.26,0.26,0.26,0.2,0.22,0.2,0.3
443,,0.24,0.24,0.24,0.24,0.18,0.2,0.18,0.28
444,,0.22,0.22,0.22,0.22,0.16,0.18,0.16,0.26
445,,0.2,0.2,0.2,0.2,0.14,0.16,0.14,0.24
446,,0.18,0.18,0.18,0.18,0.12,0.14,0.12,0.22
447,,0.16,0.16,0.16,0.16,0.1,0.12,0.1,0.2
448,,0.14,0.14,0.14,0.14,0.08,0.1,0.08,0.18
449,,0.12,0.12,0.12,0.12,0.06,0.08,0.06,0.16
450,,0.1,0.1,0.1,0.1,0.04,0.06,0.04,0.14
451,,0.08,0.08,0.08,0.08,0.02,0.04,0.02,0.12
452,,0.06,0.06,0.06,0.06,0.0,0.02,0.0,0.1
453,,0.04,0.04,0.04,0.04,-0.02,0.0,-0.02,0.08
454,5,0.02,0.049,0.12,0.191,0.98,0.151,0.06,0.089
455,5,0.0,0.058,0.2,0.342,1.0,0.302,0.14,0.098
456,,-0.02,0.038,0.18,0.322,0.98,0.282,0.12,0.078
457,1,0.98,0.189,0.26,0.331,0.96,0.291,0.2,0.229
458,1,1.0,0.34,0.34,0.34,0.94,0.3,0.28,0.38
459,,0.98,0.32,0.32,0.32,0.92,0.28,0.26,0.36
460,,0.96,0.3,0.3,0.3,0.9,0.26,0.24,0.34
461,,0.94,0.28,0.28,0.28,0.88,0.24,0.22,0.32
462,,0.92,0.26,0.26,0.26,0.86,0.22,0.2,0.3
463,,0.9,0.24,0.24,0.24,0.84,0.2,0.18,0.28
464,,0.88,0.22,0.22,0.22,0.82,0.18,0.16,0.26
465,,0.86,0.2,0.2,0.2,0.8,0.16,0.14,0.24
466,,0.84,0.18,0.18,0.18,0.78,0.14,0.12,0.22
467,,0.82,0.16,0.16,0.16,0.76,0.12,0.1,0.2
468,,0.8,0.14,0.14,0.14,0.74,0.1,0.08,0.18
469,,0.78,0.12,0.12,0.12,0.72,0.08,0.06,0.16
470,,0.76,0.1,0.1,0.1,0.7,0.06,0.04,0.14
471,,0.74,0.08,0.08,0.08,0.68,0.04,0.02,0.12
472,,0.72,0.06,0.06,0.06,0.66,0.02,0.0,0.1
473,,0.7,0.04,0.04,0.04,0.64,0.0,-0.02,0.08
474,7,0.78,0.049,0.02,0.049,0.72,0.151,0.98,0.231
475,7,0.86,0.058,0.0,0.058,0.8,0.302,1.0,0.382
476,,0.84,0.038,-0.02,0.038,0.78,0.282,0.98,0.362
477,3,0.92,0.189,0.98,0.189,0.86,0.291,0.96,0.371
478,3,1.0,0.34,1.0,0.34,0.94,0.3,0.94,0.38
479,,0.98,0.32,0.98,0.32,0.92,0.28,0.92,0.36
480,,0.96,0.3,0.96,0.3,0.9,0.26,0.9,0.34
481,,0.94,0.28,0.94,0.28,0.88,0.24,0.88,0.32
482,,0.92,0.26,0.92,0.26,0.86,0.22,0.86,0.3
483,,0.9,0.24,0.9,0.24,0.84,0.2,0.84,0.28
484,,0.88,0.22,0.88,0.22,0.82,0.18,0.82,0.26
485,,0.86,0.2,0.86,0.2,0.8,0.16,0.8,0.24
486,,0.84,0.18,0.84,0.18,0.78,0.14,0.78,0.22
487,,0.82,0.16,0.82,0.16,0.76,0.12,0.76,0.2
488,,0.8,0.14,0.8,0.14,0.74,0.1,0.74,0.18
489,,0.78,0.12,0.78,0.12,0.72,0.08,0.72,0.16
490,,0.76,0.1,0.76,0.1,0.7,0.06,0.7,0.14
491,,0.74,0.08,0.74,0.08,0.68,0.04,0.68,0.12
492,,0.72,0.06,0.72,0.06,0.66,0.02,0.66,0.1
493,,0.7,0.04,0.7,0.04,0.64,0.0,0.64,0.08
494,,0.68,0.02,0.68,0.02,0.62,-0.02,0.62,0.06
495,6,0.689,0.0,0.689,0.1,0.771,0.98,0.771,0.14
496,6,0.698,-0.02,0.698,0.18,0.922,1.0,0.922,0.22
497,2,0.849,0.98,0.849,0.26,0.931,0.98,0.931,0.3
498,2,1.0,1.0,1.0,0.34,0.94,0.96,0.94,0.38
499,,0.98,0.98,0.98,0.32,0.92,0.94,0.92,0.36
500,,0.96,0.96,0.96,0.3,0.9,0.92,0.9,0.34
501,,0.94,0.94,0.94,0.28,0.88,0.9,0.88,0.32
502,,0.92,0.92,0.92,0.26,0.86,0.88,0.86,0.3
503,,0.9,0.9,0.9,0.24,0.84,0.86,0.84,0.28
504,,0.88,0.88,0.88,0.22,0.82,0.84,0.82,0.26
505,,0.86,0.86,0.86,0.2,0.8,0.82,0.8,0.24
506,,0.84,0.84,0.84,0.18,0.78,0.8,0.78,0.22
507,,0.82,0.82,0.82,0.16,0.76,0.78,0.76,0.2
508,,0.8,0.8,0.8,0.14,0.74,0.76,0.74,0.18
509,,0.78,0.78,0.78,0.12,0.72,0.74,0.72,0.16
510,,0.76,0.76,0.76,0.1,0.7,0.72,0.7,0.14
511,,0.74,0.74,0.74,0.08,0.68,0.7,0.68,0.12
512,,0.72,0.72,0.72,0.06,0.66,0.68,0.66,0.1
513,,0.7,0.7,0.7,0.04,0.64,0.66,0.64,0.08
514,,0.68,0.68,0.68,0.02,0.62,0.64,0.62,0.06
515,,0.66,0.66,0.66,0.0,0.6,0.62,0.6,0.04
516,,0.64,0.64,0.64,-0.02,0.58,0.6,0.58,0.02
517,4,0.649,0.72,0.791,0.98,0.731,0.68,0.589,0.0
518,4,0.658,0.8,0.942,1.0,0.882,0.76,0.598,-0.02
519,8,0.809,0.88,0.951,0.98,0.891,0.84,0.749,0.98
520,8,0.96,0.96,0.96,0.96,0.9,0.92,0.9,1.0
521,,0.94,0.94,0.94,0.94,0.88,0.9,0.88,0.98
522,,0.92,0.92,0.92,0.92,0.86,0.88,0.86,0.96
523,,0.9,0.9,0.9,0.9,0.84,0.86,0.84,0.94
524,,0.88,0.88,0.88,0.88,0.82,0.84,0.82,0.92
525,,0.86,0.86,0.86,0.86,0.8,0.82,0.8,0.9
526,,0.84,0.84,0.84,0.84,0.78,0.8,0.78,0.88
527,,0.82,0.82,0.82,0.82,0.76,0.78,0.76,0.86
528,,0.8,0.8,0.8,0.8,0.74,0.76,0.74,0.84
529,,0.78,0.78,0.78,0.78,0.72,0.74,0.72,0.82
530,,0.76,0.76,0.76,0.76,0.7,0.72,0.7,0.8
531,,0.74,0.74,0.74,0.74,0.68,0.7,0.68,0.78
532,,0.72,0.72,0.72,0.72,0.66,0.68,0.66,0.76
533,,0.7,0.7,0.7,0.7,0.64,0.66,0.64,0.74
534,,0.68,0.68,0.68,0.68,0.62,0.64,0.62,0.72
535,,0.66,0.66,0.66,0.66,0.6,0.62,0.6,0.7
536,,0.64,0.64,0.64,0.64,0.58,0.6,0.58,0.68
537,,0.62,0.62,0.62,0.62,0.56,0.58,0.56,0.66
538,,0.6,0.6,0.6,0.6,0.54,0.56,0.54,0.64
539,,0.58,0.58,0.58,0.58,0.52,0.54,0.52,0.62
540,,0.56,0.56,0.56,0.56,0.5,0.52,0.5,0.6
541,,0.54,0.54,0.54,0.54,0.48,0.5,0.48,0.58
542,,0.52,0.52,0.52,0.52,0.46,0.48,0.46,0.56
543,,0.5,0.5,0.5,0.5,0.44,0.46,0.44,0.54
544,,0.48,0.48,0.48,0.48,0.42,0.44,0.42,0.52
545,,0.46,0.46,0.46,0.46,0.4,0.42,0.4,0.5
546,,0.44,0.44,0.44,0.44,0.38,0.4,0.38,0.48
547,,0.42,0.42,0.42,0.42,0.36,0.38,0.36,0.46
548,,0.4,0.4,0.4,0.4,0.34,0.36,0.34,0.44
549,,0.38,0.38,0.38,0.38,0.32,0.34,0.32,0.42
550,,0.36,0.36,0.36,0.36,0.3,0.32,0.3,0.4
551,,0.34,0.34,0.34,0.34,0.28,0.3,0.28,0.38
552,,0.32,0.32,0.32,0.32,0.26,0.28,0.26,0.36
553,,0.3,0.3,0.3,0.3,0.24,0.26,0.24,0.34
554,,0.28,0.28,0.28,0.28,0.22,0.24,0.22,0.32
555,,0.26,0.26,0.26,0.26,0.2,0.22,0.2,0.3
556,,0.24,0.24,0.24,0.24,0.18,0.2,0.18,0.28
557,,0.22,0.22,0.22,0.22,0.16,0.18,0.16,0.26
558,,0.2,0.2,0.2,0.2,0.14,0.16,0.14,0.24
559,,0.18,0.18,0.18,0.18,0.12,0.14,0.12,0.22
560,,0.16,0.16,0.16,0.16,0.1,0.12,0.1,0.2
561,,0.14,0.14,0.14,0.14,0.08,0.1,0.08,0.18
562,,0.12,0.12,0.12,0.12,0.06,0.08,0.06,0.16
563,,0.1,0.1,0.1,0.1,0.04,0.06,0.04,0.14
564,,0.08,0.08,0.08,0.08,0.02,0.04,0.02,0.12
565,,0.06,0.06,0.06,0.06,0.0,0.02,0.0,0.1
566,,0.04,0.04,0.04,0.04,-0.02,0.0,-0.02,0.08
567,7,0.12,0.049,0.02,0.049,0.06,0.151,0.98,0.231
568,7,0.2,0.058,0.0,0.058,0.14,0.302,1.0,0.382
569,,0.18,0.038,-0.02,0.038,0.12,0.282,0.98,0.362
570,3,0.26,0.189,0.98,0.189,0.2,0.291,0.96,0.371
571,3,0.34,0.34,1.0,0.34,0.28,0.3,0.94,0.38
572,,0.32,0.32,0.98,0.32,0.26,0.28,0.92,0.36
573,,0.3,0.3,0.96,0.3,0.24,0.26,0.9,0.34
574,,0.28,0.28,0.94,0.28,0.22,0.24,0.88,0.32
575,,0.26,0.26,0.92,0.26,0.2,0.22,0.86,0.3
576,,0.24,0.24,0.9,0.24,0.18,0.2,0.84,0.28
577,,0.22,0.22,0.88,0.22,0.16,0.18,0.82,0.26
578,,0.2,0.2,0.86,0.2,0.14,0.16,0.8,0.24
579,,0.18,0.18,0.84,0.18,0.12,0.14,0.78,0.22
580,,0.16,0.16,0.82,0.16,0.1,0.12,0.76,0.2
581,,0.14,0.14,0.8,0.14,0.08,0.1,0.74,0.18
582,,0.12,0.12,0.78,0.12,0.06,0.08,0.72,0.16
583,,0.1,0.1,0.76,0.1,0.04,0.06,0.7,0.14
584,,0.08,0.08,0.74,0.08,0.02,0.04,0.68,0.12
585,,0.06,0.06,0.72,0.06,0.0,0.02,0.66,0.1
586,,0.04,0.04,0.7,0.04,-0.02,0.0,0.64,0.08
587,5,0.02,0.049,0.78,0.191,0.98,0.151,0.72,0.089
588,5,0.0,0.058,0.86,0.342,1.0,0.302,0.8,0.098
589,,-0.02,0.038,0.84,0.322,0.98,0.282,0.78,0.078
590,1,0.98,0.189,0.92,0.331,0.96,0.291,0.86,0.229
591,1,1.0,0.34,1.0,0.34,0.94,0.3,0.94,0.38
592,,0.98,0.32,0.98,0.32,0.92,0.28,0.92,0.36
593,,0.96,0.3,0.96,0.3,0.9,0.26,0.9,0.34
594,,0.94,0.28,0.94,0.28,0.88,0.24,0.88,0.32
595,,0.92,0.26,0.92,0.26,0.86,0.22,0.86,0.3
596,,0.9,0.24,0.9,0.24,0.84,0.2,0.84,0.28
597,,0.88,0.22,0.88,0.22,0.82,0.18,0.82,0.26
598,,0.86,0.2,0.86,0.2,0.8,0.16,0.8,0.24
599,,0.84,0.18,0.84,0.18,0.78,0.14,0.78,0.22
600,,0.82,0.16,0.82,0.16,0.76,0.12,0.76,0.2
601,,0.8,0.14,0.8,0.14,0.74,0.1,0.74,0.18
602,,0.78,0.12,0.78,0.12,0.72,0.08,0.72,0.16
603,,0.76,0.1,0.76,0.1,0.7,0.06,0.7,0.14
604,,0.74,0.08,0.74,0.08,0.68,0.04,0.68,0.12
605,,0.72,0.06,0.72,0.06,0.66,0.02,0.66,0.1
606,,0.7,0.04,0.7,0.04,0.64,0.0,0.64,0.08
607,,0.68,0.02,0.68,0.02,0.62,-0.02,0.62,0.06
608,6,0.689,0.0,0.689,0.1,0.771,0.98,0.771,0.14
609,6,0.698,-0.02,0.698,0.18,0.922,1.0,0.922,0.22
610,2,0.849,0.98,0.849,0.26,0.931,0.98,0.931,0.3
611,2,1.0,1.0,1.0,0.34,0.94,0.96,0.94,0.38
612,,0.98,0.98,0.98,0.32,0.92,0.94,0.92,0.36
613,,0.96,0.96,0.96,0.3,0.9,0.92,0.9,0.34
614,,0.94,0.94,0.94,0.28,0.88,0.9,0.88,0.32
615,,0.92,0.92,0.92,0.26,0.86,0.88,0.86,0.3
616,,0.9,0.9,0.9,0.24,0.84,0.86,0.84,0.28
617,,0.88,0.88,0.88,0.22,0.82,0.84,0.82,0.26
618,,0.86,0.86,0.86,0.2,0.8,0.82,0.8,0.24
619,,0.84,0.84,0.84,0.18,0.78,0.8,0.78,0.22
620,,0.82,0.82,0.82,0.16,0.76,0.78,0.76,0.2
621,,0.8,0.8,0.8,0.14,0.74,0.76,0.74,0.18
622,,0.78,0.78,0.78,0.12,0.72,0.74,0.72,0.16
623,,0.76,0.76,0.76,0.1,0.7,0.72,0.7,0.14
624,,0.74,0.74,0.74,0.08,0.68,0.7,0.68,0.12
625,,0.72,0.72,0.72,0.06,0.66,0.68,0.66,0.1
626,,0.7,0.7,0.7,0.04,0.64,0.66,0.64,0.08
627,,0.68,0.68,0.68,0.02,0.62,0.64,0.62,0.06
628,,0.66,0.66,0.66,0.0,0.6,0.62,0.6,0.04
629,,0.64,0.64,0.64,-0.02,0.58,0.6,0.58,0.02
630,4,0.649,0.72,0.791,0.98,0.731,0.68,0.589,0.0
631,4,0.658,0.8,0.942,1.0,0.882,0.76,0.598,-0.02
632,8,0.809,0.88,0.951,0.98,0.891,0.84,0.749,0.98
633,8,0.96,0.96,0.96,0.96,0.9,0.92,0.9,1.0
634,,0.94,0.94,0.94,0.94,0.88,0.9,0.88,0.98
635,,0.92,0.92,0.92,0.92,0.86,0.88,0.86,0.96
636,,0.9,0.9,0.9,0.9,0.84,0.86,0.84,0.94
637,,0.88,0.88,0.88,0.88,0.82,0.84,0.82,0.92
638,,0.86,0.86,0.86,0.86,0.8,0.82,0.8,0.9
639,,0.84,0.84,0.84,0.84,0.78,0.8,0.78,0.88
640,,0.82,0.82,0.82,0.82,0.76,0.78,0.76,0.86
641,,0.8,0.8,0.8,0.8,0.74,0.76,0.74,0.84
642,,0.78,0.78,0.78,0.78,0.72,0.74,0.72,0.82
643,,0.76,0.76,0.76,0.76,0.7,0.72,0.7,0.8
644,,0.74,0.74,0.74,0.74,0.68,0.7,0.68,0.78
645,,0.72,0.72,0.72,0.72,0.66,0.68,0.66,0.76
646,,0.7,0.7,0.7,0.7,0.64,0.66,0.64,0.74
647,,0.68,0.68,0.68,0.68,0.62,0.64,0.62,0.72
648,,0.66,0.66,0.66,0.66,0.6,0.62,0.6,0.7
649,,0.64,0.64,0.64,0.64,0.58,0.6,0.58,0.68
650,,0.62,0.62,0.62,0.62,0.56,0.58,0.56,0.66
651,,0.6,0.6,0.6,0.6,0.54,0.56,0.54,0.64
652,,0.58,0.58,0.58,0.58,0.52,0.54,0.52,0.62
653,,0.56,0.56,0.56,0.56,0.5,0.52,0.5,0.6
654,,0.54,0.54,0.54,0.54,0.48,0.5,0.48,0.58
655,,0.52,0.52,0.52,0.52,0.46,0.48,0.46,0.56
656,,0.5,0.5,0.5,0.5,0.44,0.46,0.44,0.54
657,,0.48,0.48,0.48,0.48,0.42,0.44,0.42,0.52
658,,0.46,0.46,0.46,0.46,0.4,0.42,0.4,0.5
659,,0.44,0.44,0.44,0.44,0.38,0.4,0.38,0.48
660,,0.42,0.42,0.42,0.42,0.36,0.38,0.36,0.46
661,,0.4,0.4,0.4,0.4,0.34,0.36,0.34,0.44
662,,0.38,0.38,0.38,0.38,0.32,0.34,0.32,0.42
663,,0.36,0.36,0.36,0.36,0.3,0.32,0.3,0.4
664,,0.34,0.34,0.34,0.34,0.28,0.3,0.28,0.38
665,,0.32,0.32,0.32,0.32,0.26,0.28,0.26,0.36
666,,0.3,0.3,0.3,0.3,0.24,0.26,0.24,0.34
667,,0.28,0.28,0.28,0.28,0.22,0.24,0.22,0.32
668,,0.26,0.26,0.26,0.26,0.2,0.22,0.2,0.3
669,,0.24,0.24,0.24,0.24,0.18,0.2,0.18,0.28
670,,0.22,0.22,0.22,0.22,0.16,0.18,0.16,0.26
671,,0.2,0.2,0.2,0.2,0.14,0.16,0.14,0.24
672,,0.18,0.18,0.18,0.18,0.12,0.14,0.12,0.22
673,,0.16,0.16,0.16,0.16,0.1,0.12,0.1,0.2
674,,0.14,0.14,0.14,0.14,0.08,0.1,0.08,0.18
675,,0.12,0.12,0.12,0.12,0.06,0.08,0.06,0.16
676,,0.1,0.1,0.1,0.1,0.04,0.06,0.04,0.14
677,,0.08,0.08,0.08,0.08,0.02,0.04,0.02,0.12
678,,0.06,0.06,0.06,0.06,0.0,0.02,0.0,0.1
679,,0.04,0.04,0.04,0.04,-0.02,0.0,-0.02,0.08
680,5,0.02,0.049,0.12,0.191,0.98,0.151,0.06,0.089
681,5,0.0,0.058,0.2,0.342,1.0,0.302,0.14,0.098
682,,-0.02,0.038,0.18,0.322,0.98,0.282,0.12,0.078
683,1,0.98,0.189,0.26,0.331,0.96,0.291,0.2,0.229
684,1,1.0,0.34,0.34,0.34,0.94,0.3,0.28,0.38
685,,0.98,0.32,0.32,0.32,0.92,0.28,0.26,0.36
686,,0.96,0.3,0.3,0.3,0.9,0.26,0.24,0.34
687,,0.94,0.28,0.28,0.28,0.88,0.24,0.22,0.32
688,,0.92,0.26,0.26,0.26,0.86,0.22,0.2,0.3
689,,0.9,0.24,0.24,0.24,0.84,0.2,0.18,0.28
690,,0.88,0.22,0.22,0.22,0.82,0.18,0.16,0.26
691,,0.86,0.2,0.2,0.2,0.8,0.16,0.14,0.24
692,,0.84,0.18,0.18,0.18,0.78,0.14,0.12,0.22
693,,0.82,0.16,0.16,0.16,0.76,0.12,0.1,0.2
694,,0.8,0.14,0.14,0.14,0.74,0.1,0.08,0.18
695,,0.78,0.12,0.12,0.12,0.72,0.08,0.06,0.16
696,,0.76,0.1,0.1,0.1,0.7,0.06,0.04,0.14
697,,0.74,0.08,0.08,0.08,0.68,0.04,0.02,0.12
698,,0.72,0.06,0.06,0.06,0.66,0.02,0.0,0.1
699,,0.7,0.04,0.04,0.04,0.64,0.0,-0.02,0.08
700,7,0.78,0.049,0.02,0.049,0.72,0.151,0.98,0.231
701,7,0.86,0.058,0.0,0.058,0.8,0.302,1.0,0.382
702,,0.84,0.038,-0.02,0.038,0.78,0.282,0.98,0.362
703,3,0.92,0.189,0.98,0.189,0.86,0.291,0.96,0.371
704,3,1.0,0.34,1.0,0.34,0.94,0.3,0.94,0.38
705,,0.98,0.32,0.98,0.32,0.92,0.28,0.92,0.36
706,,0.96,0.3,0.96,0.3,0.9,0.26,0.9,0.34
707,,0.94,0.28,0.94,0.28,0.88,0.24,0.88,0.32
708,,0.92,0.26,0.92,0.26,0.86,0.22,0.86,0.3
709,,0.9,0.24,0.9,0.24,0.84,0.2,0.84,0.28
710,,0.88,0.22,0.88,0.22,0.82,0.18,0.82,0.26
711,,0.86,0.2,0.86,0.2,0.8,0.16,0.8,0.24
712,,0.84,0.18,0.84,0.18,0.78,0.14,0.78,0.22
713,,0.82,0.16,0.82,0.16,0.76,0.12,0.76,0.2
714,,0.8,0.14,0.8,0.14,0.74,0.1,0.74,0.18
715,,0.78,0.12,0.78,0.12,0.72,0.08,0.72,0.16
716,,0.76,0.1,0.76,0.1,0.7,0.06,0.7,0.14
717,,0.74,0.08,0.74,0.08,0.68,0.04,0.68,0.12
718,,0.72,0.06,0.72,0.06,0.66,0.02,0.66,0.1
719,,0.7,0.04,0.7,0.04,0.64,0.0,0.64,0.08
720,,0.68,0.02,0.68,0.02,0.62,-0.02,0.62,0.06
721,6,0.689,0.0,0.689,0.1,0.771,0.98,0.771,0.14
722,6,0.698,-0.02,0.698,0.18,0.922,1.0,0.922,0.22
723,2,0.849,0.98,0.849,0.26,0.931,0.98,0.931,0.3
724,2,1.0,1.0,1.0,0.34,0.94,0.96,0.94,0.38
725,,0.98,0.98,0.98,0.32,0.92,0.94,0.92,0.36
726,,0.96,0.96,0.96,0.3,0.9,0.92,0.9,0.34
727,,0.94,0.94,0.94,0.28,0.88,0.9,0.88,0.32
728,,0.92,0.92,0.92,0.26,0.86,0.88,0.86,0.3
729,,0.9,0.9,0.9,0.24,0.84,0.86,0.84,0.28
730,,0.88,0.88,0.88,0.22,0.82,0.84,0.82,0.26
731,,0.86,0.86,0.86,0.2,0.8,0.82,0.8,0.24
732,,0.84,0.84,0.84,0.18,0.78,0.8,0.78,0.22
733,,0.82,0.82,0.82,0.16,0.76,0.78,0.76,0.2
734,,0.8,0.8,0.8,0.14,0.74,0.76,0.74,0.18
735,,0.78,0.78,0.78,0.12,0.72,0.74,0.72,0.16
736,,0.76,0.76,0.76,0.1,0.7,0.72,0.7,0.14
737,,0.74,0.74,0.74,0.08,0.68,0.7,0.68,0.12
738,,0.72,0.72,0.72,0.06,0.66,0.68,0.66,0.1
739,,0.7,0.7,0.7,0.04,0.64,0.66,0.64,0.08
740,,0.68,0.68,0.68,0.02,0.62,0.64,0.62,0.06
741,,0.66,0.66,0.66,0.0,0.6,0.62,0.6,0.04
742,,0.64,0.64,0.64,-0.02,0.58,0.6,0.58,0.02
743,4,0.649,0.72,0.791,0.98,0.731,0.68,0.589,0.0
744,4,0.658,0.8,0.942,1.0,0.882,0.76,0.598,-0.02
745,8,0.809,0.88,0.951,0.98,0.891,0.84,0.749,0.98
746,8,0.96,0.96,0.96,0.96,0.9,0.92,0.9,1.0
747,,0.94,0.94,0.94,0.94,0.88,0.9,0.88,0.98
748,,0.92,0.92,0.92,0.92,0.86,0.88,0.86,0.96
749,,0.9,0.9,0.9,0.9,0.84,0.86,0.84,0.94
750,,0.88,0.88,0.88,0.88,0.82,0.84,0.82,0.92
751,,0.86,0.86,0.86,0.86,0.8,0.82,0.8,0.9
752,,0.84,0.84,0.84,0.84,0.78,0.8,0.78,0.88
753,,0.82,0.82,0.82,0.82,0.76,0.78,0.76,0.86
754,,0.8,0.8,0.8,0.8,0.74,0.76,0.74,0.84
755,,0.78,0.78,0.78,0.78,0.72,0.74,0.72,0.82
756,,0.76,0.76,0.76,0.76,0.7,0.72,0.7,0.8
757,,0.74,0.74,0.74,0.74,0.68,0.7,0.68,0.78
758,,0.72,0.72,0.72,0.72,0.66,0.68,0.66,0.76
759,,0.7,0.7,0.7,0.7,0.64,0.66,0.64,0.74
760,,0.68,0.68,0.68,0.68,0.62,0.64,0.62,0.72
761,,0.66,0.66,0.66,0.66,0.6,0.62,0.6,0.7
762,,0.64,0.64,0.64,0.64,0.58,0.6,0.58,0.68
763,,0.62,0.62,0.62,0.62,0.56,0.58,0.56,0.66
764,,0.6,0.6,0.6,0.6,0.54,0.56,0.54,0.64
765,,0.58,0.58,0.58,0.58,0.52,0.54,0.52,0.62
766,,0.56,0.56,0.56,0.56,0.5,0.52,0.5,0.6
767,,0.54,0.54,0.54,0.54,0.48,0.5,0.48,0.58
768,,0.52,0.52,0.52,0.52,0.46,0.48,0.46,0.56
769,,0.5,0.5,0.5,0.5,0.44,0.46,0.44,0.54
770,,0.48,0.48,0.48,0.48,0.42,0.44,0.42,0.52
771,,0.46,0.46,0.46,0.46,0.4,0.42,0.4,0.5
772,,0.44,0.44,0.44,0.44,0.38,0.4,0.38,0.48
773,,0.42,0.42,0.42,0.42,0.36,0.38,0.36,0.46
774,,0.4,0.4,0.4,0.4,0.34,0.36,0.34,0.44
775,,0.38,0.38,0.38,0.38,0.32,0.34,0.32,0.42
776,,0.36,0.36,0.36,0.36,0.3,0.32,0.3,0.4
777,,0.34,0.34,0.34,0.34,0.28,0.3,0.28,0.38
778,,0.32,0.32,0.32,0.32,0.26,0.28,0.26,0.36
779,,0.3,0.3,0.3,0.3,0.24,0.26,0.24,0.34
780,,0.28,0.28,0.28,0.28,0.22,0.24,0.22,0.32
781,,0.26,0.26,0.26,0.26,0.2,0.22,0.2,0.3
782,,0.24,0.24,0.24,0.24,0.18,0.2,0.18,0.28
783,,0.22,0.22,0.22,0.22,0.16,0.18,0.16,0.26
784,,0.2,0.2,0.2,0.2,0.14,0.16,0.14,0.24
785,,0.18,0.18,0.18,0.18,0.12,0.14,0.12,0.22
786,,0.16,0.16,0.16,0.16,0.1,0.12,0.1,0.2
787,,0.14,0.14,0.14,0.14,0.08,0.1,0.08,0.18
788,,0.12,0.12,0.12,0.12,0.06,0.08,0.06,0.16
789,,0.1,0.1,0.1,0.1,0.04,0.06,0.04,0.14
790,,0.08,0.08,0.08,0.08,0.02,0.04,0.02,0.12
791,,0.06,0.06,0.06,0.06,0.0,0.02,0.0,0.1
792,,0.04,0.04,0.04,0.04,-0.02,0.0,-0.02,0.08
793,5,0.02,0.049,0.12,0.191,0.98,0.151,0.06,0.089
794,5,0.0,0.058,0.2,0.342,1.0,0.302,0.14,0.098
795,,-0.02,0.038,0.18,0.322,0.98,0.282,0.12,0.078
796,1,0.98,0.189,0.26,0.331,0.96,0.291,0.2,0.229
797,1,1.0,0.34,0.34,0.34,0.94,0.3,0.28,0.38
798,,0.98,0.32,0.32,0.32,0.92,0.28,0.26,0.36
799,,0.96,0.3,0.3,0.3,0.9,0.26,0.24,0.34
800,,0.94,0.28,0.28,0.28,0.88,0.24,0.22,0.32
801,,0.92,0.26,0.26,0.26,0.86,0.22,0.2,0.3
802,,0.9,0.24,0.24,0.24,0.84,0.2,0.18,0.28
803,,0.88,0.22,0.22,0.22,0.82,0.18,0.16,0.26
804,,0.86,0.2,0.2,0.2,0.8,0.16,0.14,0.24
805,,0.84,0.18,0.18,0.18,0.78,0.14,0.12,0.22
806,,0.82,0.16,0.16,0.16,0.76,0.12,0.1,0.2
807,,0.8,0.14,0.14,0.14,0.74,0.1,0.08,0.18
808,,0.78,0.12,0.12,0.12,0.72,0.08,0.06,0.16
809,,0.76,0.1,0.1,0.1,0.7,0.06,0.04,0.14
810,,0.74,0.08,0.08,0.08,0.68,0.04,0.02,0.12
811,,0.72,0.06,0.06,0.06,0.66,0.02,0.0,0.1
812,,0.7,0.04,0.04,0.04,0.64,0.0,-0.02,0.08
813,7,0.78,0.049,0.02,0.049,0.72,0.151,0.98,0.231
814,7,0.86,0.058,0.0,0.058,0.8,0.302,1.0,0.382
815,,0.84,0.038,-0.02,0.038,0.78,0.282,0.98,0.362
816,3,0.92,0.189,0.98,0.189,0.86,0.291,0.96,0.371
817,3,1.0,0.34,1.0,0.34,0.94,0.3,0.94,0.38
818,,0.98,0.32,0.98,0.32,0.92,0.28,0.92,0.36
819,,0.96,0.3,0.96,0.3,0.9,0.26,0.9,0.34
820,,0.94,0.28,0.94,0.28,0.88,0.24,0.88,0.32
821,,0.92,0.26,0.92,0.26,0.86,0.22,0.86,0.3
822,,0.9,0.24,0.9,0.24,0.84,0.2,0.84,0.28
823,,0.88,0.22,0.88,0.22,0.82,0.18,0.82,0.26
824,,0.86,0.2,0.86,0.2,0.8,0.16,0.8,0.24
825,,0.84,0.18,0.84,0.18,0.78,0.14,0.78,0.22
826,,0.82,0.16,0.82,0.16,0.76,0.12,0.76,0.2
827,,0.8,0.14,0.8,0.14,0.74,0.1,0.74,0.18
828,,0.78,0.12,0.78,0.12,0.72,0.08,0.72,0.16
829,,0.76,0.1,0.76,0.1,0.7,0.06,0.7,0.14
830,,0.74,0.08,0.74,0.08,0.68,0.04,0.68,0.12
831,,0.72,0.06,0.72,0.06,0.66,0.02,0.66,0.1
832,,0.7,0.04,0.7,0.04,0.64,0.0,0.64,0.08
833,,0.68,0.02,0.68,0.02,0.62,-0.02,0.62,0.06
834,6,0.689,0.0,0.689,0.1,0.771,0.98,0.771,0.14
835,6,0.698,-0.02,0.698,0.18,0.922,1.0,0.922,0.22
836,2,0.849,0.98,0.849,0.26,0.931,0.98,0.931,0.3
837,2,1.0,1.0,1.0,0.34,0.94,0.96,0.94,0.38
838,,0.98,0.98,0.98,0.32,0.92,0.94,0.92,0.36
839,,0.96,0.96,0.96,0.3,0.9,0.92,0.9,0.34
840,,0.94,0.94,0.94,0.28,0.88,0.9,0.88,0.32
841,,0.92,0.92,0.92,0.26,0.86,0.88,0.86,0.3
842,,0.9,0.9,0.9,0.24,0.84,0.86,0.84,0.28
843,,0.88,0.88,0.88,0.22,0.82,0.84,0.82,0.26
844,,0.86,0.86,0.86,0.2,0.8,0.82,0.8,0.24
845,,0.84,0.84,0.84,0.18,0.78,0.8,0.78,0.22
846,,0.82,0.82,0.82,0.16,0.76,0.78,0.76,0.2
847,,0.8,0.8,0.8,0.14,0.74,0.76,0.74,0.18
848,,0.78,0.78,0.78,0.12,0.72,0.74,0.72,0.16
849,,0.76,0.76,0.76,0.1,0.7,0.72,0.7,0.14
850,,0.74,0.74,0.74,0.08,0.68,0.7,0.68,0.12
851,,0.72,0.72,0.72,0.06,0.66,0.68,0.66,0.1
852,,0.7,0.7,0.7,0.04,0.64,0.66,0.64,0.08
853,,0.68,0.68,0.68,0.02,0.62,0.64,0.62,0.06
854,,0.66,0.66,0.66,0.0,0.6,0.62,0.6,0.04
855,,0.64,0.64,0.64,-0.02,0.58,0.6,0.58,0.02
856,4,0.649,0.72,0.791,0.98,0.731,0.68,0.589,0.0
857,4,0.658,0.8,0.942,1.0,0.882,0.76,0.598,-0.02
858,8,0.809,0.88,0.951,0.98,0.891,0.84,0.749,0.98
859,8,0.96,0.96,0.96,0.96,0.9,0.92,0.9,1.0
860,,0.94,0.94,0.94,0.94,0.88,0.9,0.88,0.98
861,,0.92,0.92,0.92,0.92,0.86,0.88,0.86,0.96
862,,0.9,0.9,0.9,0.9,0.84,0.86,0.84,0.94
863,,0.88,0.88,0.88,0.88,0.82,0.84,0.82,0.92
864,,0.86,0.86,0.86,0.86,0.8,0.82,0.8,0.9
865,,0.84,0.84,0.84,0.84,0.78,0.8,0.78,0.88
866,,0.82,0.82,0.82,0.82,0.76,0.78,0.76,0.86
867,,0.8,0.8,0.8,0.8,0.74,0.76,0.74,0.84
868,,0.78,0.78,0.78,0.78,0.72,0.74,0.72,0.82
869,,0.76,0.76,0.76,0.76,0.7,0.72,0.7,0.8
870,,0.74,0.74,0.74,0.74,0.68,0.7,0.68,0.78
871,,0.72,0.72,0.72,0.72,0.66,0.68,0.66,0.76
872,,0.7,0.7,0.7,0.7,0.64,0.66,0.64,0.74
873,,0.68,0.68,0.68,0.68,0.62,0.64,0.62,0.72
874,,0.66,0.66,0.66,0.66,0.6,0.62,0.6,0.7
875,,0.64,0.64,0.64,0.64,0.58,0.6,0.58,0.68
876,,0.62,0.62,0.62,0.62,0.56,0.58,0.56,0.66
877,,0.6,0.6,0.6,0.6,0.54,0.56,0.54,0.64
878,,0.58,0.58,0.58,0.58,0.52,0.54,0.52,0.62
879,,0.56,0.56,0.56,0.56,0.5,0.52,0.5,0.6
880,,0.54,0.54,0.54,0.54,0.48,0.5,0.48,0.58
881,,0.52,0.52,0.52,0.52,0.46,0.48,0.46,0.56
882,,0.5,0.5,0.5,0.5,0.44,0.46,0.44,0.54
883,,0.48,0.48,0.48,0.48,0.42,0.44,0.42,0.52
884,,0.46,0.46,0.46,0.46,0.4,0.42,0.4,0.5
885,,0.44,0.44,0.44,0.44,0.38,0.4,0.38,0.48
