step,active_motive,motive_1,motive_2,motive_3,motive_4,motive_5,motive_6,motive_7,motive_8
0,,0.37454,0.95071,0.73199,0.59866,0.15602,0.15599,0.05808,0.86618
1,,0.27454,0.85071,0.63199,0.49866,0.05602,0.05599,-0.04192,0.76618
2,7,0.37454,0.66771,0.33199,0.31566,0.15602,0.43899,0.95808,1.0
3,7,0.47454,0.48471,0.03199,0.13266,0.25602,0.82199,1.0,1.0
4,,0.37454,0.38471,-0.06801,0.03266,0.15602,0.72199,0.9,0.9
5,3,0.47454,0.76771,0.93199,0.41566,0.25602,0.53899,0.6,0.717
6,3,0.57454,1.0,1.0,0.79866,0.35602,0.35599,0.3,0.534
7,,0.47454,0.9,0.9,0.69866,0.25602,0.25599,0.2,0.434
8,,0.37454,0.8,0.8,0.59866,0.15602,0.15599,0.1,0.334
9,,0.27454,0.7,0.7,0.49866,0.05602,0.05599,0.0,0.234
10,,0.17454,0.6,0.6,0.39866,-0.04398,-0.04401,-0.1,0.134
11,7,0.27454,0.417,0.3,0.21566,0.05602,0.33899,0.9,0.517
12,7,0.37454,0.234,-0.0,0.03266,0.15602,0.72199,1.0,0.9
13,,0.27454,0.134,-0.1,-0.06734,0.05602,0.62199,0.9,0.8
14,3,0.37454,0.517,0.9,0.31566,0.15602,0.43899,0.6,0.617
15,3,0.47454,0.9,1.0,0.69866,0.25602,0.25599,0.3,0.434
16,,0.37454,0.8,0.9,0.59866,0.15602,0.15599,0.2,0.334
17,,0.27454,0.7,0.8,0.49866,0.05602,0.05599,0.1,0.234
18,,0.17454,0.6,0.7,0.39866,-0.04398,-0.04401,0.0,0.134
19,6,-0.00846,0.3,0.517,0.49866,0.33902,0.95599,0.383,0.234
20,6,-0.19146,-0.0,0.334,0.59866,0.72202,1.0,0.766,0.334
21,1,0.80854,0.383,0.434,0.41566,0.42202,0.817,0.866,0.717
22,1,1.0,0.766,0.534,0.23266,0.12202,0.634,0.966,1.0
23,,0.9,0.666,0.434,0.13266,0.02202,0.534,0.866,0.9
24,,0.8,0.566,0.334,0.03266,-0.07798,0.434,0.766,0.8
25,5,0.5,0.383,0.434,0.41566,0.92202,0.817,0.866,0.617
26,5,0.2,0.2,0.534,0.79866,1.0,1.0,0.966,0.434
27,,0.1,0.1,0.434,0.69866,0.9,0.9,0.866,0.334
28,,0.0,0.0,0.334,0.59866,0.8,0.8,0.766,0.234
29,,-0.1,-0.1,0.234,0.49866,0.7,0.7,0.666,0.134
30,2,0.283,0.9,0.617,0.59866,0.517,0.4,0.483,0.234
31,2,0.666,1.0,1.0,0.69866,0.334,0.1,0.3,0.334
32,,0.566,0.9,0.9,0.59866,0.234,0.0,0.2,0.234
33,,0.466,0.8,0.8,0.49866,0.134,-0.1,0.1,0.134
34,6,0.283,0.5,0.617,0.59866,0.517,0.9,0.483,0.234
35,6,0.1,0.2,0.434,0.69866,0.9,1.0,0.866,0.334
36,,0.0,0.1,0.334,0.59866,0.8,0.9,0.766,0.234
37,,-0.1,0.0,0.234,0.49866,0.7,0.8,0.666,0.134
38,1,0.9,0.383,0.334,0.31566,0.4,0.617,0.766,0.517
39,1,1.0,0.766,0.434,0.13266,0.1,0.434,0.866,0.9
40,,0.9,0.666,0.334,0.03266,0.0,0.334,0.766,0.8
41,,0.8,0.566,0.234,-0.06734,-0.1,0.234,0.666,0.7
42,5,0.5,0.383,0.334,0.31566,0.9,0.617,0.766,0.517
43,5,0.2,0.2,0.434,0.69866,1.0,1.0,0.866,0.334
44,,0.1,0.1,0.334,0.59866,0.9,0.9,0.766,0.234
45,,0.0,0.0,0.234,0.49866,0.8,0.8,0.666,0.134
46,,-0.1,-0.1,0.134,0.39866,0.7,0.7,0.566,0.034
47,2,0.283,0.9,0.517,0.49866,0.517,0.4,0.383,0.134
48,2,0.666,1.0,0.9,0.59866,0.334,0.1,0.2,0.234
49,,0.566,0.9,0.8,0.49866,0.234,0.0,0.1,0.134
50,,0.466,0.8,0.7,0.39866,0.134,-0.1,0.0,0.034
51,6,0.283,0.5,0.517,0.49866,0.517,0.9,0.383,0.134
52,6,0.1,0.2,0.334,0.59866,0.9,1.0,0.766,0.234
53,,0.0,0.1,0.234,0.49866,0.8,0.9,0.666,0.134
54,,-0.1,0.0,0.134,0.39866,0.7,0.8,0.566,0.034
55,1,0.9,0.383,0.234,0.21566,0.4,0.617,0.666,0.417
56,1,1.0,0.766,0.334,0.03266,0.1,0.434,0.766,0.8
57,,0.9,0.666,0.234,-0.06734,0.0,0.334,0.666,0.7
58,4,0.717,0.766,0.617,0.93266,0.383,0.434,0.483,0.4
59,4,0.534,0.866,1.0,1.0,0.766,0.534,0.3,0.1
60,,0.434,0.766,0.9,0.9,0.666,0.434,0.2,0.0
61,,0.334,0.666,0.8,0.8,0.566,0.334,0.1,-0.1
62,8,0.717,0.766,0.617,0.5,0.383,0.434,0.483,0.9
63,8,1.0,0.866,0.434,0.2,0.2,0.534,0.866,1.0
64,,0.9,0.766,0.334,0.1,0.1,0.434,0.766,0.9
65,,0.8,0.666,0.234,0.0,0.0,0.334,0.666,0.8
66,,0.7,0.566,0.134,-0.1,-0.1,0.234,0.566,0.7
67,5,0.4,0.383,0.234,0.283,0.9,0.617,0.666,0.517
68,5,0.1,0.2,0.334,0.666,1.0,1.0,0.766,0.334
69,,0.0,0.1,0.234,0.566,0.9,0.9,0.666,0.234
70,,-0.1,0.0,0.134,0.466,0.8,0.8,0.566,0.134
71,1,0.9,0.383,0.234,0.283,0.5,0.617,0.666,0.517
72,1,1.0,0.766,0.334,0.1,0.2,0.434,0.766,0.9
73,,0.9,0.666,0.234,0.0,0.1,0.334,0.666,0.8
74,,0.8,0.566,0.134,-0.1,0.0,0.234,0.566,0.7
75,4,0.617,0.666,0.517,0.9,0.383,0.334,0.383,0.4
76,4,0.434,0.766,0.9,1.0,0.766,0.434,0.2,0.1
77,,0.334,0.666,0.8,0.9,0.666,0.334,0.1,0.0
78,,0.234,0.566,0.7,0.8,0.566,0.234,0.0,-0.1
79,8,0.617,0.666,0.517,0.5,0.383,0.334,0.383,0.9
80,8,1.0,0.766,0.334,0.2,0.2,0.434,0.766,1.0
81,,0.9,0.666,0.234,0.1,0.1,0.334,0.666,0.9
82,,0.8,0.566,0.134,0.0,0.0,0.234,0.566,0.8
83,,0.7,0.466,0.034,-0.1,-0.1,0.134,0.466,0.7
84,4,0.517,0.566,0.417,0.9,0.283,0.234,0.283,0.4
85,4,0.334,0.666,0.8,1.0,0.666,0.334,0.1,0.1
86,,0.234,0.566,0.7,0.9,0.566,0.234,0.0,0.0
87,,0.134,0.466,0.6,0.8,0.466,0.134,-0.1,-0.1
88,8,0.517,0.566,0.417,0.5,0.283,0.234,0.283,0.9
89,8,0.9,0.666,0.234,0.2,0.1,0.334,0.666,1.0
90,,0.8,0.566,0.134,0.1,0.0,0.234,0.566,0.9
91,,0.7,0.466,0.034,0.0,-0.1,0.134,0.466,0.8
92,5,0.4,0.283,0.134,0.383,0.9,0.517,0.566,0.617
93,5,0.1,0.1,0.234,0.766,1.0,0.9,0.666,0.434
94,,0.0,0.0,0.134,0.666,0.9,0.8,0.566,0.334
95,,-0.1,-0.1,0.034,0.566,0.8,0.7,0.466,0.234
96,1,0.9,0.283,0.134,0.383,0.5,0.517,0.566,0.617
97,1,1.0,0.666,0.234,0.2,0.2,0.334,0.666,1.0
98,,0.9,0.566,0.134,0.1,0.1,0.234,0.566,0.9
99,,0.8,0.466,0.034,0.0,0.0,0.134,0.466,0.8
100,,0.7,0.366,-0.066,-0.1,-0.1,0.034,0.366,0.7
101,5,0.4,0.183,0.034,0.283,0.9,0.417,0.466,0.517
102,5,0.1,-0.0,0.134,0.666,1.0,0.8,0.566,0.334
103,,0.0,-0.1,0.034,0.566,0.9,0.7,0.466,0.234
104,2,0.383,0.9,0.417,0.666,0.717,0.4,0.283,0.334
105,2,0.766,1.0,0.8,0.766,0.534,0.1,0.1,0.434
106,,0.666,0.9,0.7,0.666,0.434,0.0,0.0,0.334
107,,0.566,0.8,0.6,0.566,0.334,-0.1,-0.1,0.234
108,7,0.666,0.617,0.3,0.383,0.434,0.283,0.9,0.617
109,7,0.766,0.434,-0.0,0.2,0.534,0.666,1.0,1.0
110,,0.666,0.334,-0.1,0.1,0.434,0.566,0.9,0.9
111,3,0.766,0.717,0.9,0.483,0.534,0.383,0.6,0.717
112,3,0.866,1.0,1.0,0.866,0.634,0.2,0.3,0.534
113,,0.766,0.9,0.9,0.766,0.534,0.1,0.2,0.434
114,,0.666,0.8,0.8,0.666,0.434,0.0,0.1,0.334
115,,0.566,0.7,0.7,0.566,0.334,-0.1,0.0,0.234
116,6,0.383,0.4,0.517,0.666,0.717,0.9,0.383,0.334
117,6,0.2,0.1,0.334,0.766,1.0,1.0,0.766,0.434
118,,0.1,0.0,0.234,0.666,0.9,0.9,0.666,0.334
119,,0.0,-0.1,0.134,0.566,0.8,0.8,0.566,0.234
120,2,0.383,0.9,0.517,0.666,0.617,0.5,0.383,0.334
121,2,0.766,1.0,0.9,0.766,0.434,0.2,0.2,0.434
122,,0.666,0.9,0.8,0.666,0.334,0.1,0.1,0.334
123,,0.566,0.8,0.7,0.566,0.234,0.0,0.0,0.234
124,,0.466,0.7,0.6,0.466,0.134,-0.1,-0.1,0.134
125,7,0.566,0.517,0.3,0.283,0.234,0.283,0.9,0.517
126,7,0.666,0.334,-0.0,0.1,0.334,0.666,1.0,0.9
127,,0.566,0.234,-0.1,0.0,0.234,0.566,0.9,0.8
128,3,0.666,0.617,0.9,0.383,0.334,0.383,0.6,0.617
129,3,0.766,1.0,1.0,0.766,0.434,0.2,0.3,0.434
130,,0.666,0.9,0.9,0.666,0.334,0.1,0.2,0.334
131,,0.566,0.8,0.8,0.566,0.234,0.0,0.1,0.234
132,,0.466,0.7,0.7,0.466,0.134,-0.1,0.0,0.134
133,6,0.283,0.4,0.517,0.566,0.517,0.9,0.383,0.234
134,6,0.1,0.1,0.334,0.666,0.9,1.0,0.766,0.334
135,,0.0,0.0,0.234,0.566,0.8,0.9,0.666,0.234
136,,-0.1,-0.1,0.134,0.466,0.7,0.8,0.566,0.134
137,2,0.283,0.9,0.517,0.566,0.517,0.5,0.383,0.234
138,2,0.666,1.0,0.9,0.666,0.334,0.2,0.2,0.334
139,,0.566,0.9,0.8,0.566,0.234,0.1,0.1,0.234
140,,0.466,0.8,0.7,0.466,0.134,0.0,0.0,0.134
141,,0.366,0.7,0.6,0.366,0.034,-0.1,-0.1,0.034
142,7,0.466,0.517,0.3,0.183,0.134,0.283,0.9,0.417
143,7,0.566,0.334,-0.0,-0.0,0.234,0.666,1.0,0.8
144,,0.466,0.234,-0.1,-0.1,0.134,0.566,0.9,0.7
145,4,0.283,0.334,0.283,0.9,0.517,0.666,0.717,0.4
146,4,0.1,0.434,0.666,1.0,0.9,0.766,0.534,0.1
147,,0.0,0.334,0.566,0.9,0.8,0.666,0.434,0.0
148,,-0.1,0.234,0.466,0.8,0.7,0.566,0.334,-0.1
149,8,0.283,0.334,0.283,0.5,0.517,0.666,0.717,0.9
150,8,0.666,0.434,0.1,0.2,0.334,0.766,1.0,1.0
151,,0.566,0.334,0.0,0.1,0.234,0.666,0.9,0.9
152,,0.466,0.234,-0.1,0.0,0.134,0.566,0.8,0.8
153,3,0.566,0.617,0.9,0.383,0.234,0.383,0.5,0.617
154,3,0.666,1.0,1.0,0.766,0.334,0.2,0.2,0.434
155,,0.566,0.9,0.9,0.666,0.234,0.1,0.1,0.334
156,,0.466,0.8,0.8,0.566,0.134,0.0,0.0,0.234
157,,0.366,0.7,0.7,0.466,0.034,-0.1,-0.1,0.134
158,7,0.466,0.517,0.4,0.283,0.134,0.283,0.9,0.517
159,7,0.566,0.334,0.1,0.1,0.234,0.666,1.0,0.9
160,,0.466,0.234,0.0,0.0,0.134,0.566,0.9,0.8
161,,0.366,0.134,-0.1,-0.1,0.034,0.466,0.8,0.7
162,3,0.466,0.517,0.9,0.283,0.134,0.283,0.5,0.517
163,3,0.566,0.9,1.0,0.666,0.234,0.1,0.2,0.334
164,,0.466,0.8,0.9,0.566,0.134,0.0,0.1,0.234
165,,0.366,0.7,0.8,0.466,0.034,-0.1,0.0,0.134
166,6,0.183,0.4,0.617,0.566,0.417,0.9,0.383,0.234
167,6,-0.0,0.1,0.434,0.666,0.8,1.0,0.766,0.334
168,,-0.1,0.0,0.334,0.566,0.7,0.9,0.666,0.234
169,1,0.9,0.383,0.434,0.383,0.4,0.717,0.766,0.617
170,1,1.0,0.766,0.534,0.2,0.1,0.534,0.866,1.0
171,,0.9,0.666,0.434,0.1,0.0,0.434,0.766,0.9
172,,0.8,0.566,0.334,0.0,-0.1,0.334,0.666,0.8
173,5,0.5,0.383,0.434,0.383,0.9,0.717,0.766,0.617
174,5,0.2,0.2,0.534,0.766,1.0,1.0,0.866,0.434
175,,0.1,0.1,0.434,0.666,0.9,0.9,0.766,0.334
176,,0.0,0.0,0.334,0.566,0.8,0.8,0.666,0.234
177,,-0.1,-0.1,0.234,0.466,0.7,0.7,0.566,0.134
178,1,0.9,0.283,0.334,0.283,0.4,0.517,0.666,0.517
179,1,1.0,0.666,0.434,0.1,0.1,0.334,0.766,0.9
180,,0.9,0.566,0.334,0.0,0.0,0.234,0.666,0.8
181,,0.8,0.466,0.234,-0.1,-0.1,0.134,0.566,0.7
182,5,0.5,0.283,0.334,0.283,0.9,0.517,0.666,0.517
183,5,0.2,0.1,0.434,0.666,1.0,0.9,0.766,0.334
184,,0.1,0.0,0.334,0.566,0.9,0.8,0.666,0.234
185,,0.0,-0.1,0.234,0.466,0.8,0.7,0.566,0.134
186,2,0.383,0.9,0.617,0.566,0.617,0.4,0.383,0.234
187,2,0.766,1.0,1.0,0.666,0.434,0.1,0.2,0.334
188,,0.666,0.9,0.9,0.566,0.334,0.0,0.1,0.234
189,,0.566,0.8,0.8,0.466,0.234,-0.1,0.0,0.134
190,6,0.383,0.5,0.617,0.566,0.617,0.9,0.383,0.234
191,6,0.2,0.2,0.434,0.666,1.0,1.0,0.766,0.334
192,,0.1,0.1,0.334,0.566,0.9,0.9,0.666,0.234
193,,0.0,0.0,0.234,0.466,0.8,0.8,0.566,0.134
194,,-0.1,-0.1,0.134,0.366,0.7,0.7,0.466,0.034
195,2,0.283,0.9,0.517,0.466,0.517,0.4,0.283,0.134
196,2,0.666,1.0,0.9,0.566,0.334,0.1,0.1,0.234
197,,0.566,0.9,0.8,0.466,0.234,0.0,0.0,0.134
198,,0.466,0.8,0.7,0.366,0.134,-0.1,-0.1,0.034
199,7,0.566,0.617,0.4,0.183,0.234,0.283,0.9,0.417
200,7,0.666,0.434,0.1,-0.0,0.334,0.666,1.0,0.8
201,,0.566,0.334,0.0,-0.1,0.234,0.566,0.9,0.7
202,4,0.383,0.434,0.383,0.9,0.617,0.666,0.717,0.4
203,4,0.2,0.534,0.766,1.0,1.0,0.766,0.534,0.1
204,,0.1,0.434,0.666,0.9,0.9,0.666,0.434,0.0
205,,0.0,0.334,0.566,0.8,0.8,0.566,0.334,-0.1
206,8,0.383,0.434,0.383,0.5,0.617,0.666,0.717,0.9
207,8,0.766,0.534,0.2,0.2,0.434,0.766,1.0,1.0
208,,0.666,0.434,0.1,0.1,0.334,0.666,0.9,0.9
209,,0.566,0.334,0.0,0.0,0.234,0.566,0.8,0.8
210,,0.466,0.234,-0.1,-0.1,0.134,0.466,0.7,0.7
211,3,0.566,0.617,0.9,0.283,0.234,0.283,0.4,0.517
212,3,0.666,1.0,1.0,0.666,0.334,0.1,0.1,0.334
213,,0.566,0.9,0.9,0.566,0.234,0.0,0.0,0.234
214,,0.466,0.8,0.8,0.466,0.134,-0.1,-0.1,0.134
215,7,0.566,0.617,0.5,0.283,0.234,0.283,0.9,0.517
216,7,0.666,0.434,0.2,0.1,0.334,0.666,1.0,0.9
217,,0.566,0.334,0.1,0.0,0.234,0.566,0.9,0.8
218,,0.466,0.234,0.0,-0.1,0.134,0.466,0.8,0.7
219,4,0.283,0.334,0.383,0.9,0.517,0.566,0.617,0.4
220,4,0.1,0.434,0.766,1.0,0.9,0.666,0.434,0.1
221,,0.0,0.334,0.666,0.9,0.8,0.566,0.334,0.0
222,,-0.1,0.234,0.566,0.8,0.7,0.466,0.234,-0.1
223,1,0.9,0.617,0.666,0.617,0.4,0.283,0.334,0.283
224,1,1.0,1.0,0.766,0.434,0.1,0.1,0.434,0.666
225,,0.9,0.9,0.666,0.334,0.0,0.0,0.334,0.566
226,,0.8,0.8,0.566,0.234,-0.1,-0.1,0.234,0.466
227,5,0.5,0.617,0.666,0.617,0.9,0.283,0.334,0.283
228,5,0.2,0.434,0.766,1.0,1.0,0.666,0.434,0.1
229,,0.1,0.334,0.666,0.9,0.9,0.566,0.334,0.0
230,,0.0,0.234,0.566,0.8,0.8,0.466,0.234,-0.1
231,8,0.383,0.334,0.383,0.5,0.617,0.566,0.617,0.9
232,8,0.766,0.434,0.2,0.2,0.434,0.666,1.0,1.0
233,,0.666,0.334,0.1,0.1,0.334,0.566,0.9,0.9
234,,0.566,0.234,0.0,0.0,0.234,0.466,0.8,0.8
235,,0.466,0.134,-0.1,-0.1,0.134,0.366,0.7,0.7
236,3,0.566,0.517,0.9,0.283,0.234,0.183,0.4,0.517
237,3,0.666,0.9,1.0,0.666,0.334,-0.0,0.1,0.334
238,,0.566,0.8,0.9,0.566,0.234,-0.1,0.0,0.234
239,6,0.383,0.5,0.717,0.666,0.617,0.9,0.383,0.334
240,6,0.2,0.2,0.534,0.766,1.0,1.0,0.766,0.434
241,,0.1,0.1,0.434,0.666,0.9,0.9,0.666,0.334
242,,0.0,0.0,0.334,0.566,0.8,0.8,0.566,0.234
243,,-0.1,-0.1,0.234,0.466,0.7,0.7,0.466,0.134
244,1,0.9,0.283,0.334,0.283,0.4,0.517,0.566,0.517
245,1,1.0,0.666,0.434,0.1,0.1,0.334,0.666,0.9
246,,0.9,0.566,0.334,0.0,0.0,0.234,0.566,0.8
247,,0.8,0.466,0.234,-0.1,-0.1,0.134,0.466,0.7
248,4,0.617,0.566,0.617,0.9,0.283,0.234,0.283,0.4
249,4,0.434,0.666,1.0,1.0,0.666,0.334,0.1,0.1
250,,0.334,0.566,0.9,0.9,0.566,0.234,0.0,0.0
251,,0.234,0.466,0.8,0.8,0.466,0.134,-0.1,-0.1
252,8,0.617,0.566,0.617,0.5,0.283,0.234,0.283,0.9
253,8,1.0,0.666,0.434,0.2,0.1,0.334,0.666,1.0
254,,0.9,0.566,0.334,0.1,0.0,0.234,0.566,0.9
255,,0.8,0.466,0.234,0.0,-0.1,0.134,0.466,0.8
256,5,0.5,0.283,0.334,0.383,0.9,0.517,0.566,0.617
257,5,0.2,0.1,0.434,0.766,1.0,0.9,0.666,0.434
258,,0.1,0.0,0.334,0.666,0.9,0.8,0.566,0.334
259,,0.0,-0.1,0.234,0.566,0.8,0.7,0.466,0.234
260,2,0.383,0.9,0.617,0.666,0.617,0.4,0.283,0.334
261,2,0.766,1.0,1.0,0.766,0.434,0.1,0.1,0.434
262,,0.666,0.9,0.9,0.666,0.334,0.0,0.0,0.334
263,,0.566,0.8,0.8,0.566,0.234,-0.1,-0.1,0.234
264,7,0.666,0.617,0.5,0.383,0.334,0.283,0.9,0.617
265,7,0.766,0.434,0.2,0.2,0.434,0.666,1.0,1.0
266,,0.666,0.334,0.1,0.1,0.334,0.566,0.9,0.9
267,,0.566,0.234,0.0,0.0,0.234,0.466,0.8,0.8
268,,0.466,0.134,-0.1,-0.1,0.134,0.366,0.7,0.7
269,4,0.283,0.234,0.283,0.9,0.517,0.466,0.517,0.4
270,4,0.1,0.334,0.666,1.0,0.9,0.566,0.334,0.1
271,,0.0,0.234,0.566,0.9,0.8,0.466,0.234,0.0
272,,-0.1,0.134,0.466,0.8,0.7,0.366,0.134,-0.1
273,8,0.283,0.234,0.283,0.5,0.517,0.466,0.517,0.9
274,8,0.666,0.334,0.1,0.2,0.334,0.566,0.9,1.0
275,,0.566,0.234,0.0,0.1,0.234,0.466,0.8,0.9
276,,0.466,0.134,-0.1,0.0,0.134,0.366,0.7,0.8
277,3,0.566,0.517,0.9,0.383,0.234,0.183,0.4,0.617
278,3,0.666,0.9,1.0,0.766,0.334,-0.0,0.1,0.434
279,,0.566,0.8,0.9,0.666,0.234,-0.1,0.0,0.334
280,6,0.383,0.5,0.717,0.766,0.617,0.9,0.383,0.434
281,6,0.2,0.2,0.534,0.866,1.0,1.0,0.766,0.534
282,,0.1,0.1,0.434,0.766,0.9,0.9,0.666,0.434
283,,0.0,0.0,0.334,0.666,0.8,0.8,0.566,0.334
284,,-0.1,-0.1,0.234,0.566,0.7,0.7,0.466,0.234
285,2,0.283,0.9,0.617,0.666,0.517,0.4,0.283,0.334
286,2,0.666,1.0,1.0,0.766,0.334,0.1,0.1,0.434
287,,0.566,0.9,0.9,0.666,0.234,0.0,0.0,0.334
288,,0.466,0.8,0.8,0.566,0.134,-0.1,-0.1,0.234
289,6,0.283,0.5,0.617,0.666,0.517,0.9,0.283,0.334
290,6,0.1,0.2,0.434,0.766,0.9,1.0,0.666,0.434
291,,0.0,0.1,0.334,0.666,0.8,0.9,0.566,0.334
292,,-0.1,0.0,0.234,0.566,0.7,0.8,0.466,0.234
293,1,0.9,0.383,0.334,0.383,0.4,0.617,0.566,0.617
294,1,1.0,0.766,0.434,0.2,0.1,0.434,0.666,1.0
295,,0.9,0.666,0.334,0.1,0.0,0.334,0.566,0.9
296,,0.8,0.566,0.234,0.0,-0.1,0.234,0.466,0.8
297,5,0.5,0.383,0.334,0.383,0.9,0.617,0.566,0.617
298,5,0.2,0.2,0.434,0.766,1.0,1.0,0.666,0.434
299,,0.1,0.1,0.334,0.666,0.9,0.9,0.566,0.334
300,,0.0,0.0,0.234,0.566,0.8,0.8,0.466,0.234
301,,-0.1,-0.1,0.134,0.466,0.7,0.7,0.366,0.134
302,2,0.283,0.9,0.517,0.566,0.517,0.4,0.183,0.234
303,2,0.666,1.0,0.9,0.666,0.334,0.1,-0.0,0.334
304,,0.566,0.9,0.8,0.566,0.234,0.0,-0.1,0.234
305,7,0.666,0.717,0.5,0.383,0.334,0.383,0.9,0.617
306,7,0.766,0.534,0.2,0.2,0.434,0.766,1.0,1.0
307,,0.666,0.434,0.1,0.1,0.334,0.666,0.9,0.9
308,,0.566,0.334,0.0,0.0,0.234,0.566,0.8,0.8
309,,0.466,0.234,-0.1,-0.1,0.134,0.466,0.7,0.7
310,4,0.283,0.334,0.283,0.9,0.517,0.566,0.517,0.4
311,4,0.1,0.434,0.666,1.0,0.9,0.666,0.334,0.1
312,,0.0,0.334,0.566,0.9,0.8,0.566,0.234,0.0
313,,-0.1,0.234,0.466,0.8,0.7,0.466,0.134,-0.1
314,1,0.9,0.617,0.566,0.617,0.4,0.283,0.234,0.283
315,1,1.0,1.0,0.666,0.434,0.1,0.1,0.334,0.666
316,,0.9,0.9,0.566,0.334,0.0,0.0,0.234,0.566
317,,0.8,0.8,0.466,0.234,-0.1,-0.1,0.134,0.466
318,6,0.617,0.5,0.283,0.334,0.283,0.9,0.517,0.566
319,6,0.434,0.2,0.1,0.434,0.666,1.0,0.9,0.666
320,,0.334,0.1,0.0,0.334,0.566,0.9,0.8,0.566
321,,0.234,0.0,-0.1,0.234,0.466,0.8,0.7,0.466
322,3,0.334,0.383,0.9,0.617,0.566,0.617,0.4,0.283
323,3,0.434,0.766,1.0,1.0,0.666,0.434,0.1,0.1
324,,0.334,0.666,0.9,0.9,0.566,0.334,0.0,0.0
325,,0.234,0.566,0.8,0.8,0.466,0.234,-0.1,-0.1
326,7,0.334,0.383,0.5,0.617,0.566,0.617,0.9,0.283
327,7,0.434,0.2,0.2,0.434,0.666,1.0,1.0,0.666
328,,0.334,0.1,0.1,0.334,0.566,0.9,0.9,0.566
329,,0.234,0.0,0.0,0.234,0.466,0.8,0.8,0.466
330,,0.134,-0.1,-0.1,0.134,0.366,0.7,0.7,0.366
331,3,0.234,0.283,0.9,0.517,0.466,0.517,0.4,0.183
332,3,0.334,0.666,1.0,0.9,0.566,0.334,0.1,-0.0
333,,0.234,0.566,0.9,0.8,0.466,0.234,0.0,-0.1
334,8,0.617,0.666,0.717,0.5,0.283,0.334,0.383,0.9
335,8,1.0,0.766,0.534,0.2,0.1,0.434,0.766,1.0
336,,0.9,0.666,0.434,0.1,0.0,0.334,0.666,0.9
337,,0.8,0.566,0.334,0.0,-0.1,0.234,0.566,0.8
338,5,0.5,0.383,0.434,0.383,0.9,0.617,0.666,0.617
339,5,0.2,0.2,0.534,0.766,1.0,1.0,0.766,0.434
340,,0.1,0.1,0.434,0.666,0.9,0.9,0.666,0.334
341,,0.0,0.0,0.334,0.566,0.8,0.8,0.566,0.234
342,,-0.1,-0.1,0.234,0.466,0.7,0.7,0.466,0.134
343,1,0.9,0.283,0.334,0.283,0.4,0.517,0.566,0.517
344,1,1.0,0.666,0.434,0.1,0.1,0.334,0.666,0.9
345,,0.9,0.566,0.334,0.0,0.0,0.234,0.566,0.8
346,,0.8,0.466,0.234,-0.1,-0.1,0.134,0.466,0.7
347,5,0.5,0.283,0.334,0.283,0.9,0.517,0.566,0.517
348,5,0.2,0.1,0.434,0.666,1.0,0.9,0.666,0.334
349,,0.1,0.0,0.334,0.566,0.9,0.8,0.566,0.234
350,,0.0,-0.1,0.234,0.466,0.8,0.7,0.466,0.134
351,2,0.383,0.9,0.617,0.566,0.617,0.4,0.283,0.234
352,2,0.766,1.0,1.0,0.666,0.434,0.1,0.1,0.334
353,,0.666,0.9,0.9,0.566,0.334,0.0,0.0,0.234
354,,0.566,0.8,0.8,0.466,0.234,-0.1,-0.1,0.134
355,7,0.666,0.617,0.5,0.283,0.334,0.283,0.9,0.517
356,7,0.766,0.434,0.2,0.1,0.434,0.666,1.0,0.9
357,,0.666,0.334,0.1,0.0,0.334,0.566,0.9,0.8
358,,0.566,0.234,0.0,-0.1,0.234,0.466,0.8,0.7
359,4,0.383,0.334,0.383,0.9,0.617,0.566,0.617,0.4
360,4,0.2,0.434,0.766,1.0,1.0,0.666,0.434,0.1
361,,0.1,0.334,0.666,0.9,0.9,0.566,0.334,0.0
362,,0.0,0.234,0.566,0.8,0.8,0.466,0.234,-0.1
363,8,0.383,0.334,0.383,0.5,0.617,0.566,0.617,0.9
364,8,0.766,0.434,0.2,0.2,0.434,0.666,1.0,1.0
365,,0.666,0.334,0.1,0.1,0.334,0.566,0.9,0.9
366,,0.566,0.234,0.0,0.0,0.234,0.466,0.8,0.8
367,,0.466,0.134,-0.1,-0.1,0.134,0.366,0.7,0.7
368,3,0.566,0.517,0.9,0.283,0.234,0.183,0.4,0.517
369,3,0.666,0.9,1.0,0.666,0.334,-0.0,0.1,0.334
370,,0.566,0.8,0.9,0.566,0.234,-0.1,0.0,0.234
371,6,0.383,0.5,0.717,0.666,0.617,0.9,0.383,0.334
372,6,0.2,0.2,0.534,0.766,1.0,1.0,0.766,0.434
373,,0.1,0.1,0.434,0.666,0.9,0.9,0.666,0.334
374,,0.0,0.0,0.334,0.566,0.8,0.8,0.566,0.234
375,,-0.1,-0.1,0.234,0.466,0.7,0.7,0.466,0.134
376,1,0.9,0.283,0.334,0.283,0.4,0.517,0.566,0.517
377,1,1.0,0.666,0.434,0.1,0.1,0.334,0.666,0.9
378,,0.9,0.566,0.334,0.0,0.0,0.234,0.566,0.8
379,,0.8,0.466,0.234,-0.1,-0.1,0.134,0.466,0.7
380,4,0.617,0.566,0.617,0.9,0.283,0.234,0.283,0.4
381,4,0.434,0.666,1.0,1.0,0.666,0.334,0.1,0.1
382,,0.334,0.566,0.9,0.9,0.566,0.234,0.0,0.0
383,,0.234,0.466,0.8,0.8,0.466,0.134,-0.1,-0.1
384,7,0.334,0.283,0.5,0.617,0.566,0.517,0.9,0.283
385,7,0.434,0.1,0.2,0.434,0.666,0.9,1.0,0.666
386,,0.334,0.0,0.1,0.334,0.566,0.8,0.9,0.566
387,,0.234,-0.1,0.0,0.234,0.466,0.7,0.8,0.466
388,2,0.617,0.9,0.383,0.334,0.283,0.4,0.617,0.566
389,2,1.0,1.0,0.766,0.434,0.1,0.1,0.434,0.666
390,,0.9,0.9,0.666,0.334,0.0,0.0,0.334,0.566
391,,0.8,0.8,0.566,0.234,-0.1,-0.1,0.234,0.466
392,5,0.5,0.617,0.666,0.617,0.9,0.283,0.334,0.283
393,5,0.2,0.434,0.766,1.0,1.0,0.666,0.434,0.1
394,,0.1,0.334,0.666,0.9,0.9,0.566,0.334,0.0
395,,0.0,0.234,0.566,0.8,0.8,0.466,0.234,-0.1
396,8,0.383,0.334,0.383,0.5,0.617,0.566,0.617,0.9
397,8,0.766,0.434,0.2,0.2,0.434,0.666,1.0,1.0
398,,0.666,0.334,0.1,0.1,0.334,0.566,0.9,0.9
399,,0.566,0.234,0.0,0.0,0.234,0.466,0.8,0.8
400,,0.466,0.134,-0.1,-0.1,0.134,0.366,0.7,0.7
401,3,0.566,0.517,0.9,0.283,0.234,0.183,0.4,0.517
402,3,0.666,0.9,1.0,0.666,0.334,-0.0,0.1,0.334
403,,0.566,0.8,0.9,0.566,0.234,-0.1,0.0,0.234
404,6,0.383,0.5,0.717,0.666,0.617,0.9,0.383,0.334
405,6,0.2,0.2,0.534,0.766,1.0,1.0,0.766,0.434
406,,0.1,0.1,0.434,0.666,0.9,0.9,0.666,0.334
407,,0.0,0.0,0.334,0.566,0.8,0.8,0.566,0.234
408,,-0.1,-0.1,0.234,0.466,0.7,0.7,0.466,0.134
409,1,0.9,0.283,0.334,0.283,0.4,0.517,0.566,0.517
410,1,1.0,0.666,0.434,0.1,0.1,0.334,0.666,0.9
411,,0.9,0.566,0.334,0.0,0.0,0.234,0.566,0.8
412,,0.8,0.466,0.234,-0.1,-0.1,0.134,0.466,0.7
413,4,0.617,0.566,0.617,0.9,0.283,0.234,0.283,0.4
414,4,0.434,0.666,1.0,1.0,0.666,0.334,0.1,0.1
415,,0.334,0.566,0.9,0.9,0.566,0.234,0.0,0.0
416,,0.234,0.466,0.8,0.8,0.466,0.134,-0.1,-0.1
417,8,0.617,0.566,0.617,0.5,0.283,0.234,0.283,0.9
418,8,1.0,0.666,0.434,0.2,0.1,0.334,0.666,1.0
419,,0.9,0.566,0.334,0.1,0.0,0.234,0.566,0.9
420,,0.8,0.466,0.234,0.0,-0.1,0.134,0.466,0.8
421,5,0.5,0.283,0.334,0.383,0.9,0.517,0.566,0.617
422,5,0.2,0.1,0.434,0.766,1.0,0.9,0.666,0.434
423,,0.1,0.0,0.334,0.666,0.9,0.8,0.566,0.334
424,,0.0,-0.1,0.234,0.566,0.8,0.7,0.466,0.234
425,2,0.383,0.9,0.617,0.666,0.617,0.4,0.283,0.334
426,2,0.766,1.0,1.0,0.766,0.434,0.1,0.1,0.434
427,,0.666,0.9,0.9,0.666,0.334,0.0,0.0,0.334
428,,0.566,0.8,0.8,0.566,0.234,-0.1,-0.1,0.234
429,7,0.666,0.617,0.5,0.383,0.334,0.283,0.9,0.617
430,7,0.766,0.434,0.2,0.2,0.434,0.666,1.0,1.0
431,,0.666,0.334,0.1,0.1,0.334,0.566,0.9,0.9
432,,0.566,0.234,0.0,0.0,0.234,0.466,0.8,0.8
433,,0.466,0.134,-0.1,-0.1,0.134,0.366,0.7,0.7
434,3,0.566,0.517,0.9,0.283,0.234,0.183,0.4,0.517
435,3,0.666,0.9,1.0,0.666,0.334,-0.0,0.1,0.334
436,,0.566,0.8,0.9,0.566,0.234,-0.1,0.0,0.234
437,6,0.383,0.5,0.717,0.666,0.617,0.9,0.383,0.334
438,6,0.2,0.2,0.534,0.766,1.0,1.0,0.766,0.434
439,,0.1,0.1,0.434,0.666,0.9,0.9,0.666,0.334
440,,0.0,0.0,0.334,0.566,0.8,0.8,0.566,0.234
441,,-0.1,-0.1,0.234,0.466,0.7,0.7,0.466,0.134
442,2,0.283,0.9,0.617,0.566,0.517,0.4,0.283,0.234
443,2,0.666,1.0,1.0,0.666,0.334,0.1,0.1,0.334
444,,0.566,0.9,0.9,0.566,0.234,0.0,0.0,0.234
445,,0.466,0.8,0.8,0.466,0.134,-0.1,-0.1,0.134
446,7,0.566,0.617,0.5,0.283,0.234,0.283,0.9,0.517
447,7,0.666,0.434,0.2,0.1,0.334,0.666,1.0,0.9
448,,0.566,0.334,0.1,0.0,0.234,0.566,0.9,0.8
449,,0.466,0.234,0.0,-0.1,0.134,0.466,0.8,0.7
450,4,0.283,0.334,0.383,0.9,0.517,0.566,0.617,0.4
451,4,0.1,0.434,0.766,1.0,0.9,0.666,0.434,0.1
452,,0.0,0.334,0.666,0.9,0.8,0.566,0.334,0.0
453,,-0.1,0.234,0.566,0.8,0.7,0.466,0.234,-0.1
454,8,0.283,0.334,0.383,0.5,0.517,0.566,0.617,0.9
455,8,0.666,0.434,0.2,0.2,0.334,0.666,1.0,1.0
456,,0.566,0.334,0.1,0.1,0.234,0.566,0.9,0.9
457,,0.466,0.234,0.0,0.0,0.134,0.466,0.8,0.8
458,,0.366,0.134,-0.1,-0.1,0.034,0.366,0.7,0.7
459,4,0.183,0.234,0.283,0.9,0.417,0.466,0.517,0.4
460,4,-0.0,0.334,0.666,1.0,0.8,0.566,0.334,0.1
461,,-0.1,0.234,0.566,0.9,0.7,0.466,0.234,0.0
462,1,0.9,0.617,0.666,0.717,0.4,0.283,0.334,0.383
463,1,1.0,1.0,0.766,0.534,0.1,0.1,0.434,0.766
464,,0.9,0.9,0.666,0.434,0.0,0.0,0.334,0.666
465,,0.8,0.8,0.566,0.334,-0.1,-0.1,0.234,0.566
466,5,0.5,0.617,0.666,0.717,0.9,0.283,0.334,0.383
467,5,0.2,0.434,0.766,1.0,1.0,0.666,0.434,0.2
468,,0.1,0.334,0.666,0.9,0.9,0.566,0.334,0.1
469,,0.0,0.234,0.566,0.8,0.8,0.466,0.234,0.0
470,,-0.1,0.134,0.466,0.7,0.7,0.366,0.134,-0.1
471,8,0.283,0.234,0.283,0.4,0.517,0.466,0.517,0.9
472,8,0.666,0.334,0.1,0.1,0.334,0.566,0.9,1.0
473,,0.566,0.234,0.0,0.0,0.234,0.466,0.8,0.9
474,,0.466,0.134,-0.1,-0.1,0.134,0.366,0.7,0.8
475,3,0.566,0.517,0.9,0.283,0.234,0.183,0.4,0.617
476,3,0.666,0.9,1.0,0.666,0.334,-0.0,0.1,0.434
477,,0.566,0.8,0.9,0.566,0.234,-0.1,0.0,0.334
478,6,0.383,0.5,0.717,0.666,0.617,0.9,0.383,0.434
479,6,0.2,0.2,0.534,0.766,1.0,1.0,0.766,0.534
480,,0.1,0.1,0.434,0.666,0.9,0.9,0.666,0.434
481,,0.0,0.0,0.334,0.566,0.8,0.8,0.566,0.334
482,,-0.1,-0.1,0.234,0.466,0.7,0.7,0.466,0.234
483,2,0.283,0.9,0.617,0.566,0.517,0.4,0.283,0.334
484,2,0.666,1.0,1.0,0.666,0.334,0.1,0.1,0.434
485,,0.566,0.9,0.9,0.566,0.234,0.0,0.0,0.334
486,,0.466,0.8,0.8,0.466,0.134,-0.1,-0.1,0.234
487,7,0.566,0.617,0.5,0.283,0.234,0.283,0.9,0.617
488,7,0.666,0.434,0.2,0.1,0.334,0.666,1.0,1.0
489,,0.566,0.334,0.1,0.0,0.234,0.566,0.9,0.9
490,,0.466,0.234,0.0,-0.1,0.134,0.466,0.8,0.8
491,4,0.283,0.334,0.383,0.9,0.517,0.566,0.617,0.5
492,4,0.1,0.434,0.766,1.0,0.9,0.666,0.434,0.2
493,,0.0,0.334,0.666,0.9,0.8,0.566,0.334,0.1
494,,-0.1,0.234,0.566,0.8,0.7,0.466,0.234,0.0
495,1,0.9,0.617,0.666,0.617,0.4,0.283,0.334,0.383
496,1,1.0,1.0,0.766,0.434,0.1,0.1,0.434,0.766
497,,0.9,0.9,0.666,0.334,0.0,0.0,0.334,0.666
498,,0.8,0.8,0.566,0.234,-0.1,-0.1,0.234,0.566
499,6,0.617,0.5,0.383,0.334,0.283,0.9,0.617,0.666
500,6,0.434,0.2,0.2,0.434,0.666,1.0,1.0,0.766
501,,0.334,0.1,0.1,0.334,0.566,0.9,0.9,0.666
502,,0.234,0.0,0.0,0.234,0.466,0.8,0.8,0.566
503,,0.134,-0.1,-0.1,0.134,0.366,0.7,0.7,0.466
504,2,0.517,0.9,0.283,0.234,0.183,0.4,0.517,0.566
505,2,0.9,1.0,0.666,0.334,-0.0,0.1,0.334,0.666
506,,0.8,0.9,0.566,0.234,-0.1,0.0,0.234,0.566
507,5,0.5,0.717,0.666,0.617,0.9,0.383,0.334,0.383
508,5,0.2,0.534,0.766,1.0,1.0,0.766,0.434,0.2
509,,0.1,0.434,0.666,0.9,0.9,0.666,0.334,0.1
510,,0.0,0.334,0.566,0.8,0.8,0.566,0.234,0.0
511,,-0.1,0.234,0.466,0.7,0.7,0.466,0.134,-0.1
512,8,0.283,0.334,0.283,0.4,0.517,0.566,0.517,0.9
513,8,0.666,0.434,0.1,0.1,0.334,0.666,0.9,1.0
514,,0.566,0.334,0.0,0.0,0.234,0.566,0.8,0.9
515,,0.466,0.234,-0.1,-0.1,0.134,0.466,0.7,0.8
516,3,0.566,0.617,0.9,0.283,0.234,0.283,0.4,0.617
517,3,0.666,1.0,1.0,0.666,0.334,0.1,0.1,0.434
518,,0.566,0.9,0.9,0.566,0.234,0.0,0.0,0.334
519,,0.466,0.8,0.8,0.466,0.134,-0.1,-0.1,0.234
520,7,0.566,0.617,0.5,0.283,0.234,0.283,0.9,0.617
521,7,0.666,0.434,0.2,0.1,0.334,0.666,1.0,1.0
522,,0.566,0.334,0.1,0.0,0.234,0.566,0.9,0.9
523,,0.466,0.234,0.0,-0.1,0.134,0.466,0.8,0.8
524,4,0.283,0.334,0.383,0.9,0.517,0.566,0.617,0.5
525,4,0.1,0.434,0.766,1.0,0.9,0.666,0.434,0.2
526,,0.0,0.334,0.666,0.9,0.8,0.566,0.334,0.1
527,,-0.1,0.234,0.566,0.8,0.7,0.466,0.234,0.0
528,1,0.9,0.617,0.666,0.617,0.4,0.283,0.334,0.383
529,1,1.0,1.0,0.766,0.434,0.1,0.1,0.434,0.766
530,,0.9,0.9,0.666,0.334,0.0,0.0,0.334,0.666
531,,0.8,0.8,0.566,0.234,-0.1,-0.1,0.234,0.566
532,5,0.5,0.617,0.666,0.617,0.9,0.283,0.334,0.383
533,5,0.2,0.434,0.766,1.0,1.0,0.666,0.434,0.2
534,,0.1,0.334,0.666,0.9,0.9,0.566,0.334,0.1
535,,0.0,0.234,0.566,0.8,0.8,0.466,0.234,0.0
536,,-0.1,0.134,0.466,0.7,0.7,0.366,0.134,-0.1
537,8,0.283,0.234,0.283,0.4,0.517,0.466,0.517,0.9
538,8,0.666,0.334,0.1,0.1,0.334,0.566,0.9,1.0
539,,0.566,0.234,0.0,0.0,0.234,0.466,0.8,0.9
540,,0.466,0.134,-0.1,-0.1,0.134,0.366,0.7,0.8
541,3,0.566,0.517,0.9,0.283,0.234,0.183,0.4,0.617
542,3,0.666,0.9,1.0,0.666,0.334,-0.0,0.1,0.434
543,,0.566,0.8,0.9,0.566,0.234,-0.1,0.0,0.334
544,6,0.383,0.5,0.717,0.666,0.617,0.9,0.383,0.434
545,6,0.2,0.2,0.534,0.766,1.0,1.0,0.766,0.534
546,,0.1,0.1,0.434,0.666,0.9,0.9,0.666,0.434
547,,0.0,0.0,0.334,0.566,0.8,0.8,0.566,0.334
548,,-0.1,-0.1,0.234,0.466,0.7,0.7,0.466,0.234
549,1,0.9,0.283,0.334,0.283,0.4,0.517,0.566,0.617
550,1,1.0,0.666,0.434,0.1,0.1,0.334,0.666,1.0
551,,0.9,0.566,0.334,0.0,0.0,0.234,0.566,0.9
552,,0.8,0.466,0.234,-0.1,-0.1,0.134,0.466,0.8
553,5,0.5,0.283,0.334,0.283,0.9,0.517,0.566,0.617
554,5,0.2,0.1,0.434,0.666,1.0,0.9,0.666,0.434
555,,0.1,0.0,0.334,0.566,0.9,0.8,0.566,0.334
556,,0.0,-0.1,0.234,0.466,0.8,0.7,0.466,0.234
557,2,0.383,0.9,0.617,0.566,0.617,0.4,0.283,0.334
558,2,0.766,1.0,1.0,0.666,0.434,0.1,0.1,0.434
559,,0.666,0.9,0.9,0.566,0.334,0.0,0.0,0.334
560,,0.566,0.8,0.8,0.466,0.234,-0.1,-0.1,0.234
561,6,0.383,0.5,0.617,0.566,0.617,0.9,0.283,0.334
562,6,0.2,0.2,0.434,0.666,1.0,1.0,0.666,0.434
563,,0.1,0.1,0.334,0.566,0.9,0.9,0.566,0.334
564,,0.0,0.0,0.234,0.466,0.8,0.8,0.466,0.234
565,,-0.1,-0.1,0.134,0.366,0.7,0.7,0.366,0.134
566,2,0.283,0.9,0.517,0.466,0.517,0.4,0.183,0.234
567,2,0.666,1.0,0.9,0.566,0.334,0.1,-0.0,0.334
568,,0.566,0.9,0.8,0.466,0.234,0.0,-0.1,0.234
569,7,0.666,0.717,0.5,0.283,0.334,0.383,0.9,0.617
570,7,0.766,0.534,0.2,0.1,0.434,0.766,1.0,1.0
571,,0.666,0.434,0.1,0.0,0.334,0.666,0.9,0.9
572,,0.566,0.334,0.0,-0.1,0.234,0.566,0.8,0.8
573,4,0.383,0.434,0.383,0.9,0.617,0.666,0.617,0.5
574,4,0.2,0.534,0.766,1.0,1.0,0.766,0.434,0.2
575,,0.1,0.434,0.666,0.9,0.9,0.666,0.334,0.1
576,,0.0,0.334,0.566,0.8,0.8,0.566,0.234,0.0
577,,-0.1,0.234,0.466,0.7,0.7,0.466,0.134,-0.1
578,8,0.283,0.334,0.283,0.4,0.517,0.566,0.517,0.9
579,8,0.666,0.434,0.1,0.1,0.334,0.666,0.9,1.0
580,,0.566,0.334,0.0,0.0,0.234,0.566,0.8,0.9
581,,0.466,0.234,-0.1,-0.1,0.134,0.466,0.7,0.8
582,4,0.283,0.334,0.283,0.9,0.517,0.566,0.517,0.5
583,4,0.1,0.434,0.666,1.0,0.9,0.666,0.334,0.2
584,,0.0,0.334,0.566,0.9,0.8,0.566,0.234,0.1
585,,-0.1,0.234,0.466,0.8,0.7,0.466,0.134,0.0
586,1,0.9,0.617,0.566,0.617,0.4,0.283,0.234,0.383
587,1,1.0,1.0,0.666,0.434,0.1,0.1,0.334,0.766
588,,0.9,0.9,0.566,0.334,0.0,0.0,0.234,0.666
589,,0.8,0.8,0.466,0.234,-0.1,-0.1,0.134,0.566
590,6,0.617,0.5,0.283,0.334,0.283,0.9,0.517,0.666
591,6,0.434,0.2,0.1,0.434,0.666,1.0,0.9,0.766
592,,0.334,0.1,0.0,0.334,0.566,0.9,0.8,0.666
593,,0.234,0.0,-0.1,0.234,0.466,0.8,0.7,0.566
594,3,0.334,0.383,0.9,0.617,0.566,0.617,0.4,0.383
595,3,0.434,0.766,1.0,1.0,0.666,0.434,0.1,0.2
596,,0.334,0.666,0.9,0.9,0.566,0.334,0.0,0.1
597,,0.234,0.566,0.8,0.8,0.466,0.234,-0.1,0.0
598,7,0.334,0.383,0.5,0.617,0.566,0.617,0.9,0.383
599,7,0.434,0.2,0.2,0.434,0.666,1.0,1.0,0.766
600,,0.334,0.1,0.1,0.334,0.566,0.9,0.9,0.666
601,,0.234,0.0,0.0,0.234,0.466,0.8,0.8,0.566
602,,0.134,-0.1,-0.1,0.134,0.366,0.7,0.7,0.466
603,3,0.234,0.283,0.9,0.517,0.466,0.517,0.4,0.283
604,3,0.334,0.666,1.0,0.9,0.566,0.334,0.1,0.1
605,,0.234,0.566,0.9,0.8,0.466,0.234,0.0,0.0
606,,0.134,0.466,0.8,0.7,0.366,0.134,-0.1,-0.1
607,8,0.517,0.566,0.617,0.4,0.183,0.234,0.283,0.9
608,8,0.9,0.666,0.434,0.1,-0.0,0.334,0.666,1.0
609,,0.8,0.566,0.334,0.0,-0.1,0.234,0.566,0.9
610,5,0.5,0.383,0.434,0.383,0.9,0.617,0.666,0.717
611,5,0.2,0.2,0.534,0.766,1.0,1.0,0.766,0.534
612,,0.1,0.1,0.434,0.666,0.9,0.9,0.666,0.434
613,,0.0,0.0,0.334,0.566,0.8,0.8,0.566,0.334
614,,-0.1,-0.1,0.234,0.466,0.7,0.7,0.466,0.234
615,2,0.283,0.9,0.617,0.566,0.517,0.4,0.283,0.334
616,2,0.666,1.0,1.0,0.666,0.334,0.1,0.1,0.434
617,,0.566,0.9,0.9,0.566,0.234,0.0,0.0,0.334
618,,0.466,0.8,0.8,0.466,0.134,-0.1,-0.1,0.234
619,7,0.566,0.617,0.5,0.283,0.234,0.283,0.9,0.617
620,7,0.666,0.434,0.2,0.1,0.334,0.666,1.0,1.0
621,,0.566,0.334,0.1,0.0,0.234,0.566,0.9,0.9
622,,0.466,0.234,0.0,-0.1,0.134,0.466,0.8,0.8
623,4,0.283,0.334,0.383,0.9,0.517,0.566,0.617,0.5
624,4,0.1,0.434,0.766,1.0,0.9,0.666,0.434,0.2
625,,0.0,0.334,0.666,0.9,0.8,0.566,0.334,0.1
626,,-0.1,0.234,0.566,0.8,0.7,0.466,0.234,0.0
627,1,0.9,0.617,0.666,0.617,0.4,0.283,0.334,0.383
628,1,1.0,1.0,0.766,0.434,0.1,0.1,0.434,0.766
629,,0.9,0.9,0.666,0.334,0.0,0.0,0.334,0.666
630,,0.8,0.8,0.566,0.234,-0.1,-0.1,0.234,0.566
631,6,0.617,0.5,0.383,0.334,0.283,0.9,0.617,0.666
632,6,0.434,0.2,0.2,0.434,0.666,1.0,1.0,0.766
633,,0.334,0.1,0.1,0.334,0.566,0.9,0.9,0.666
634,,0.234,0.0,0.0,0.234,0.466,0.8,0.8,0.566
635,,0.134,-0.1,-0.1,0.134,0.366,0.7,0.7,0.466
636,3,0.234,0.283,0.9,0.517,0.466,0.517,0.4,0.283
637,3,0.334,0.666,1.0,0.9,0.566,0.334,0.1,0.1
638,,0.234,0.566,0.9,0.8,0.466,0.234,0.0,0.0
639,,0.134,0.466,0.8,0.7,0.366,0.134,-0.1,-0.1
640,8,0.517,0.566,0.617,0.4,0.183,0.234,0.283,0.9
641,8,0.9,0.666,0.434,0.1,-0.0,0.334,0.666,1.0
642,,0.8,0.566,0.334,0.0,-0.1,0.234,0.566,0.9
643,5,0.5,0.383,0.434,0.383,0.9,0.617,0.666,0.717
644,5,0.2,0.2,0.534,0.766,1.0,1.0,0.766,0.534
645,,0.1,0.1,0.434,0.666,0.9,0.9,0.666,0.434
646,,0.0,0.0,0.334,0.566,0.8,0.8,0.566,0.334
647,,-0.1,-0.1,0.234,0.466,0.7,0.7,0.466,0.234
648,1,0.9,0.283,0.334,0.283,0.4,0.517,0.566,0.617
649,1,1.0,0.666,0.434,0.1,0.1,0.334,0.666,1.0
650,,0.9,0.566,0.334,0.0,0.0,0.234,0.566,0.9
651,,0.8,0.466,0.234,-0.1,-0.1,0.134,0.466,0.8
652,4,0.617,0.566,0.617,0.9,0.283,0.234,0.283,0.5
653,4,0.434,0.666,1.0,1.0,0.666,0.334,0.1,0.2
654,,0.334,0.566,0.9,0.9,0.566,0.234,0.0,0.1
655,,0.234,0.466,0.8,0.8,0.466,0.134,-0.1,0.0
656,7,0.334,0.283,0.5,0.617,0.566,0.517,0.9,0.383
657,7,0.434,0.1,0.2,0.434,0.666,0.9,1.0,0.766
658,,0.334,0.0,0.1,0.334,0.566,0.8,0.9,0.666
659,,0.234,-0.1,0.0,0.234,0.466,0.7,0.8,0.566
660,2,0.617,0.9,0.383,0.334,0.283,0.4,0.617,0.666
661,2,1.0,1.0,0.766,0.434,0.1,0.1,0.434,0.766
662,,0.9,0.9,0.666,0.334,0.0,0.0,0.334,0.666
663,,0.8,0.8,0.566,0.234,-0.1,-0.1,0.234,0.566
664,6,0.617,0.5,0.383,0.334,0.283,0.9,0.617,0.666
665,6,0.434,0.2,0.2,0.434,0.666,1.0,1.0,0.766
666,,0.334,0.1,0.1,0.334,0.566,0.9,0.9,0.666
667,,0.234,0.0,0.0,0.234,0.466,0.8,0.8,0.566
668,,0.134,-0.1,-0.1,0.134,0.366,0.7,0.7,0.466
669,3,0.234,0.283,0.9,0.517,0.466,0.517,0.4,0.283
670,3,0.334,0.666,1.0,0.9,0.566,0.334,0.1,0.1
671,,0.234,0.566,0.9,0.8,0.466,0.234,0.0,0.0
672,,0.134,0.466,0.8,0.7,0.366,0.134,-0.1,-0.1
673,8,0.517,0.566,0.617,0.4,0.183,0.234,0.283,0.9
674,8,0.9,0.666,0.434,0.1,-0.0,0.334,0.666,1.0
675,,0.8,0.566,0.334,0.0,-0.1,0.234,0.566,0.9
676,5,0.5,0.383,0.434,0.383,0.9,0.617,0.666,0.717
677,5,0.2,0.2,0.534,0.766,1.0,1.0,0.766,0.534
678,,0.1,0.1,0.434,0.666,0.9,0.9,0.666,0.434
679,,0.0,0.0,0.334,0.566,0.8,0.8,0.566,0.334
680,,-0.1,-0.1,0.234,0.466,0.7,0.7,0.466,0.234
681,2,0.283,0.9,0.617,0.566,0.517,0.4,0.283,0.334
682,2,0.666,1.0,1.0,0.666,0.334,0.1,0.1,0.434
683,,0.566,0.9,0.9,0.566,0.234,0.0,0.0,0.334
684,,0.466,0.8,0.8,0.466,0.134,-0.1,-0.1,0.234
685,7,0.566,0.617,0.5,0.283,0.234,0.283,0.9,0.617
686,7,0.666,0.434,0.2,0.1,0.334,0.666,1.0,1.0
687,,0.566,0.334,0.1,0.0,0.234,0.566,0.9,0.9
688,,0.466,0.234,0.0,-0.1,0.134,0.466,0.8,0.8
689,4,0.283,0.334,0.383,0.9,0.517,0.566,0.617,0.5
690,4,0.1,0.434,0.766,1.0,0.9,0.666,0.434,0.2
691,,0.0,0.334,0.666,0.9,0.8,0.566,0.334,0.1
692,,-0.1,0.234,0.566,0.8,0.7,0.466,0.234,0.0
693,1,0.9,0.617,0.666,0.617,0.4,0.283,0.334,0.383
694,1,1.0,1.0,0.766,0.434,0.1,0.1,0.434,0.766
695,,0.9,0.9,0.666,0.334,0.0,0.0,0.334,0.666
696,,0.8,0.8,0.566,0.234,-0.1,-0.1,0.234,0.566
697,6,0.617,0.5,0.383,0.334,0.283,0.9,0.617,0.666
698,6,0.434,0.2,0.2,0.434,0.666,1.0,1.0,0.766
699,,0.334,0.1,0.1,0.334,0.566,0.9,0.9,0.666
700,,0.234,0.0,0.0,0.234,0.466,0.8,0.8,0.566
701,,0.134,-0.1,-0.1,0.134,0.366,0.7,0.7,0.466
702,3,0.234,0.283,0.9,0.517,0.466,0.517,0.4,0.283
703,3,0.334,0.666,1.0,0.9,0.566,0.334,0.1,0.1
704,,0.234,0.566,0.9,0.8,0.466,0.234,0.0,0.0
705,,0.134,0.466,0.8,0.7,0.366,0.134,-0.1,-0.1
706,8,0.517,0.566,0.617,0.4,0.183,0.234,0.283,0.9
707,8,0.9,0.666,0.434,0.1,-0.0,0.334,0.666,1.0
708,,0.8,0.566,0.334,0.0,-0.1,0.234,0.566,0.9
709,5,0.5,0.383,0.434,0.383,0.9,0.617,0.666,0.717
710,5,0.2,0.2,0.534,0.766,1.0,1.0,0.766,0.534
711,,0.1,0.1,0.434,0.666,0.9,0.9,0.666,0.434
712,,0.0,0.0,0.334,0.566,0.8,0.8,0.566,0.334
713,,-0.1,-0.1,0.234,0.466,0.7,0.7,0.466,0.234
714,1,0.9,0.283,0.334,0.283,0.4,0.517,0.566,0.617
715,1,1.0,0.666,0.434,0.1,0.1,0.334,0.666,1.0
716,,0.9,0.566,0.334,0.0,0.0,0.234,0.566,0.9
717,,0.8,0.466,0.234,-0.1,-0.1,0.134,0.466,0.8
718,5,0.5,0.283,0.334,0.283,0.9,0.517,0.566,0.617
719,5,0.2,0.1,0.434,0.666,1.0,0.9,0.666,0.434
720,,0.1,0.0,0.334,0.566,0.9,0.8,0.566,0.334
721,,0.0,-0.1,0.234,0.466,0.8,0.7,0.466,0.234
722,2,0.383,0.9,0.617,0.566,0.617,0.4,0.283,0.334
723,2,0.766,1.0,1.0,0.666,0.434,0.1,0.1,0.434
724,,0.666,0.9,0.9,0.566,0.334,0.0,0.0,0.334
725,,0.566,0.8,0.8,0.466,0.234,-0.1,-0.1,0.234
726,6,0.383,0.5,0.617,0.566,0.617,0.9,0.283,0.334
727,6,0.2,0.2,0.434,0.666,1.0,1.0,0.666,0.434
728,,0.1,0.1,0.334,0.566,0.9,0.9,0.566,0.334
729,,0.0,0.0,0.234,0.466,0.8,0.8,0.466,0.234
730,,-0.1,-0.1,0.134,0.366,0.7,0.7,0.366,0.134
731,2,0.283,0.9,0.517,0.466,0.517,0.4,0.183,0.234
732,2,0.666,1.0,0.9,0.566,0.334,0.1,-0.0,0.334
733,,0.566,0.9,0.8,0.466,0.234,0.0,-0.1,0.234
734,7,0.666,0.717,0.5,0.283,0.334,0.383,0.9,0.617
735,7,0.766,0.534,0.2,0.1,0.434,0.766,1.0,1.0
736,,0.666,0.434,0.1,0.0,0.334,0.666,0.9,0.9
737,,0.566,0.334,0.0,-0.1,0.234,0.566,0.8,0.8
738,4,0.383,0.434,0.383,0.9,0.617,0.666,0.617,0.5
739,4,0.2,0.534,0.766,1.0,1.0,0.766,0.434,0.2
740,,0.1,0.434,0.666,0.9,0.9,0.666,0.334,0.1
741,,0.0,0.334,0.566,0.8,0.8,0.566,0.234,0.0
742,,-0.1,0.234,0.466,0.7,0.7,0.466,0.134,-0.1
743,8,0.283,0.334,0.283,0.4,0.517,0.566,0.517,0.9
744,8,0.666,0.434,0.1,0.1,0.334,0.666,0.9,1.0
745,,0.566,0.334,0.0,0.0,0.234,0.566,0.8,0.9
746,,0.466,0.234,-0.1,-0.1,0.134,0.466,0.7,0.8
747,3,0.566,0.617,0.9,0.283,0.234,0.283,0.4,0.617
748,3,0.666,1.0,1.0,0.666,0.334,0.1,0.1,0.434
749,,0.566,0.9,0.9,0.566,0.234,0.0,0.0,0.334
750,,0.466,0.8,0.8,0.466,0.134,-0.1,-0.1,0.234
751,7,0.566,0.617,0.5,0.283,0.234,0.283,0.9,0.617
752,7,0.666,0.434,0.2,0.1,0.334,0.666,1.0,1.0
753,,0.566,0.334,0.1,0.0,0.234,0.566,0.9,0.9
754,,0.466,0.234,0.0,-0.1,0.134,0.466,0.8,0.8
755,4,0.283,0.334,0.383,0.9,0.517,0.566,0.617,0.5
756,4,0.1,0.434,0.766,1.0,0.9,0.666,0.434,0.2
757,,0.0,0.334,0.666,0.9,0.8,0.566,0.334,0.1
758,,-0.1,0.234,0.566,0.8,0.7,0.466,0.234,0.0
759,1,0.9,0.617,0.666,0.617,0.4,0.283,0.334,0.383
760,1,1.0,1.0,0.766,0.434,0.1,0.1,0.434,0.766
761,,0.9,0.9,0.666,0.334,0.0,0.0,0.334,0.666
762,,0.8,0.8,0.566,0.234,-0.1,-0.1,0.234,0.566
763,5,0.5,0.617,0.666,0.617,0.9,0.283,0.334,0.383
764,5,0.2,0.434,0.766,1.0,1.0,0.666,0.434,0.2
765,,0.1,0.334,0.666,0.9,0.9,0.566,0.334,0.1
766,,0.0,0.234,0.566,0.8,0.8,0.466,0.234,0.0
767,,-0.1,0.134,0.466,0.7,0.7,0.366,0.134,-0.1
768,8,0.283,0.234,0.283,0.4,0.517,0.466,0.517,0.9
769,8,0.666,0.334,0.1,0.1,0.334,0.566,0.9,1.0
770,,0.566,0.234,0.0,0.0,0.234,0.466,0.8,0.9
771,,0.466,0.134,-0.1,-0.1,0.134,0.366,0.7,0.8
772,4,0.283,0.234,0.283,0.9,0.517,0.466,0.517,0.5
773,4,0.1,0.334,0.666,1.0,0.9,0.566,0.334,0.2
774,,0.0,0.234,0.566,0.9,0.8,0.466,0.234,0.1
775,,-0.1,0.134,0.466,0.8,0.7,0.366,0.134,0.0
776,1,0.9,0.517,0.566,0.617,0.4,0.183,0.234,0.383
777,1,1.0,0.9,0.666,0.434,0.1,-0.0,0.334,0.766
778,,0.9,0.8,0.566,0.334,0.0,-0.1,0.234,0.666
779,6,0.717,0.5,0.383,0.434,0.383,0.9,0.617,0.766
780,6,0.534,0.2,0.2,0.534,0.766,1.0,1.0,0.866
781,,0.434,0.1,0.1,0.434,0.666,0.9,0.9,0.766
782,,0.334,0.0,0.0,0.334,0.566,0.8,0.8,0.666
783,,0.234,-0.1,-0.1,0.234,0.466,0.7,0.7,0.566
784,2,0.617,0.9,0.283,0.334,0.283,0.4,0.517,0.666
785,2,1.0,1.0,0.666,0.434,0.1,0.1,0.334,0.766
786,,0.9,0.9,0.566,0.334,0.0,0.0,0.234,0.666
787,,0.8,0.8,0.466,0.234,-0.1,-0.1,0.134,0.566
788,6,0.617,0.5,0.283,0.334,0.283,0.9,0.517,0.666
789,6,0.434,0.2,0.1,0.434,0.666,1.0,0.9,0.766
790,,0.334,0.1,0.0,0.334,0.566,0.9,0.8,0.666
791,,0.234,0.0,-0.1,0.234,0.466,0.8,0.7,0.566
792,3,0.334,0.383,0.9,0.617,0.566,0.617,0.4,0.383
793,3,0.434,0.766,1.0,1.0,0.666,0.434,0.1,0.2
794,,0.334,0.666,0.9,0.9,0.566,0.334,0.0,0.1
795,,0.234,0.566,0.8,0.8,0.466,0.234,-0.1,0.0
796,7,0.334,0.383,0.5,0.617,0.566,0.617,0.9,0.383
797,7,0.434,0.2,0.2,0.434,0.666,1.0,1.0,0.766
798,,0.334,0.1,0.1,0.334,0.566,0.9,0.9,0.666
799,,0.234,0.0,0.0,0.234,0.466,0.8,0.8,0.566
800,,0.134,-0.1,-0.1,0.134,0.366,0.7,0.7,0.466
801,2,0.517,0.9,0.283,0.234,0.183,0.4,0.517,0.566
802,2,0.9,1.0,0.666,0.334,-0.0,0.1,0.334,0.666
803,,0.8,0.9,0.566,0.234,-0.1,0.0,0.234,0.566
804,5,0.5,0.717,0.666,0.617,0.9,0.383,0.334,0.383
805,5,0.2,0.534,0.766,1.0,1.0,0.766,0.434,0.2
806,,0.1,0.434,0.666,0.9,0.9,0.666,0.334,0.1
807,,0.0,0.334,0.566,0.8,0.8,0.566,0.234,0.0
808,,-0.1,0.234,0.466,0.7,0.7,0.466,0.134,-0.1
809,8,0.283,0.334,0.283,0.4,0.517,0.566,0.517,0.9
810,8,0.666,0.434,0.1,0.1,0.334,0.666,0.9,1.0
811,,0.566,0.334,0.0,0.0,0.234,0.566,0.8,0.9
812,,0.466,0.234,-0.1,-0.1,0.134,0.466,0.7,0.8
813,3,0.566,0.617,0.9,0.283,0.234,0.283,0.4,0.617
814,3,0.666,1.0,1.0,0.666,0.334,0.1,0.1,0.434
815,,0.566,0.9,0.9,0.566,0.234,0.0,0.0,0.334
816,,0.466,0.8,0.8,0.466,0.134,-0.1,-0.1,0.234
817,6,0.283,0.5,0.617,0.566,0.517,0.9,0.283,0.334
818,6,0.1,0.2,0.434,0.666,0.9,1.0,0.666,0.434
819,,0.0,0.1,0.334,0.566,0.8,0.9,0.566,0.334
820,,-0.1,0.0,0.234,0.466,0.7,0.8,0.466,0.234
821,1,0.9,0.383,0.334,0.283,0.4,0.617,0.566,0.617
822,1,1.0,0.766,0.434,0.1,0.1,0.434,0.666,1.0
823,,0.9,0.666,0.334,0.0,0.0,0.334,0.566,0.9
824,,0.8,0.566,0.234,-0.1,-0.1,0.234,0.466,0.8
825,5,0.5,0.383,0.334,0.283,0.9,0.617,0.566,0.617
826,5,0.2,0.2,0.434,0.666,1.0,1.0,0.666,0.434
827,,0.1,0.1,0.334,0.566,0.9,0.9,0.566,0.334
828,,0.0,0.0,0.234,0.466,0.8,0.8,0.466,0.234
829,,-0.1,-0.1,0.134,0.366,0.7,0.7,0.366,0.134
830,2,0.283,0.9,0.517,0.466,0.517,0.4,0.183,0.234
831,2,0.666,1.0,0.9,0.566,0.334,0.1,-0.0,0.334
832,,0.566,0.9,0.8,0.466,0.234,0.0,-0.1,0.234
833,7,0.666,0.717,0.5,0.283,0.334,0.383,0.9,0.617
834,7,0.766,0.534,0.2,0.1,0.434,0.766,1.0,1.0
835,,0.666,0.434,0.1,0.0,0.334,0.666,0.9,0.9
836,,0.566,0.334,0.0,-0.1,0.234,0.566,0.8,0.8
837,4,0.383,0.434,0.383,0.9,0.617,0.666,0.617,0.5
838,4,0.2,0.534,0.766,1.0,1.0,0.766,0.434,0.2
839,,0.1,0.434,0.666,0.9,0.9,0.666,0.334,0.1
840,,0.0,0.334,0.566,0.8,0.8,0.566,0.234,0.0
841,,-0.1,0.234,0.466,0.7,0.7,0.466,0.134,-0.1
842,1,0.9,0.617,0.566,0.517,0.4,0.283,0.234,0.283
843,1,1.0,1.0,0.666,0.334,0.1,0.1,0.334,0.666
844,,0.9,0.9,0.566,0.234,0.0,0.0,0.234,0.566
