step,active_motive,motive_1,motive_2,motive_3,motive_4,motive_5,motive_6,motive_7,motive_8
0,,0.81722,0.5552,0.52965,0.24185,0.0931,0.89722,0.90042,0.6331
1,,0.79722,0.5352,0.50965,0.22185,0.0731,0.87722,0.88042,0.6131
2,,0.77722,0.5152,0.48965,0.20185,0.0531,0.85722,0.86042,0.5931
3,,0.75722,0.4952,0.46965,0.18185,0.0331,0.83722,0.84042,0.5731
4,,0.73722,0.4752,0.44965,0.16185,0.0131,0.81722,0.82042,0.5531
5,,0.71722,0.4552,0.42965,0.14185,-0.0069,0.79722,0.80042,0.5331
6,5,0.99722,0.7642,0.80965,0.59285,0.9931,1.0,1.0,0.8421
7,5,1.0,1.0,1.0,1.0,1.0,1.0,1.0,1.0
8,,0.98,0.98,0.98,0.98,0.98,0.98,0.98,0.98
9,,0.96,0.96,0.96,0.96,0.96,0.96,0.96,0.96
10,,0.94,0.94,0.94,0.94,0.94,0.94,0.94,0.94
11,,0.92,0.92,0.92,0.92,0.92,0.92,0.92,0.92
12,,0.9,0.9,0.9,0.9,0.9,0.9,0.9,0.9
13,,0.88,0.88,0.88,0.88,0.88,0.88,0.88,0.88
14,,0.86,0.86,0.86,0.86,0.86,0.86,0.86,0.86
15,,0.84,0.84,0.84,0.84,0.84,0.84,0.84,0.84
16,,0.82,0.82,0.82,0.82,0.82,0.82,0.82,0.82
17,,0.8,0.8,0.8,0.8,0.8,0.8,0.8,0.8
18,,0.78,0.78,0.78,0.78,0.78,0.78,0.78,0.78
19,,0.76,0.76,0.76,0.76,0.76,0.76,0.76,0.76
20,,0.74,0.74,0.74,0.74,0.74,0.74,0.74,0.74
21,,0.72,0.72,0.72,0.72,0.72,0.72,0.72,0.72
22,,0.7,0.7,0.7,0.7,0.7,0.7,0.7,0.7
23,,0.68,0.68,0.68,0.68,0.68,0.68,0.68,0.68
24,,0.66,0.66,0.66,0.66,0.66,0.66,0.66,0.66
25,,0.64,0.64,0.64,0.64,0.64,0.64,0.64,0.64
26,,0.62,0.62,0.62,0.62,0.62,0.62,0.62,0.62
27,,0.6,0.6,0.6,0.6,0.6,0.6,0.6,0.6
28,,0.58,0.58,0.58,0.58,0.58,0.58,0.58,0.58
29,,0.56,0.56,0.56,0.56,0.56,0.56,0.56,0.56
30,,0.54,0.54,0.54,0.54,0.54,0.54,0.54,0.54
31,,0.52,0.52,0.52,0.52,0.52,0.52,0.52,0.52
32,,0.5,0.5,0.5,0.5,0.5,0.5,0.5,0.5
33,,0.48,0.48,0.48,0.48,0.48,0.48,0.48,0.48
34,,0.46,0.46,0.46,0.46,0.46,0.46,0.46,0.46
35,,0.44,0.44,0.44,0.44,0.44,0.44,0.44,0.44
36,,0.42,0.42,0.42,0.42,0.42,0.42,0.42,0.42
37,,0.4,0.4,0.4,0.4,0.4,0.4,0.4,0.4
38,,0.38,0.38,0.38,0.38,0.38,0.38,0.38,0.38
39,,0.36,0.36,0.36,0.36,0.36,0.36,0.36,0.36
40,,0.34,0.34,0.34,0.34,0.34,0.34,0.34,0.34
41,,0.32,0.32,0.32,0.32,0.32,0.32,0.32,0.32
42,,0.3,0.3,0.3,0.3,0.3,0.3,0.3,0.3
43,,0.28,0.28,0.28,0.28,0.28,0.28,0.28,0.28
44,,0.26,0.26,0.26,0.26,0.26,0.26,0.26,0.26
45,,0.24,0.24,0.24,0.24,0.24,0.24,0.24,0.24
46,,0.22,0.22,0.22,0.22,0.22,0.22,0.22,0.22
47,,0.2,0.2,0.2,0.2,0.2,0.2,0.2,0.2
48,,0.18,0.18,0.18,0.18,0.18,0.18,0.18,0.18
49,,0.16,0.16,0.16,0.16,0.16,0.16,0.16,0.16
50,,0.14,0.14,0.14,0.14,0.14,0.14,0.14,0.14
51,,0.12,0.12,0.12,0.12,0.12,0.12,0.12,0.12
52,,0.1,0.1,0.1,0.1,0.1,0.1,0.1,0.1
53,,0.08,0.08,0.08,0.08,0.08,0.08,0.08,0.08
54,,0.06,0.06,0.06,0.06,0.06,0.06,0.06,0.06
55,,0.04,0.04,0.04,0.04,0.04,0.04,0.04,0.04
56,,0.02,0.02,0.02,0.02,0.02,0.02,0.02,0.02
57,,0.0,0.0,0.0,0.0,0.0,0.0,0.0,0.0
58,,-0.02,-0.02,-0.02,-0.02,-0.02,-0.02,-0.02,-0.02
59,1,0.98,0.431,0.36,0.289,0.26,0.289,0.36,0.431
60,1,1.0,0.882,0.74,0.598,0.54,0.598,0.74,0.882
61,,0.98,0.862,0.72,0.578,0.52,0.578,0.72,0.862
62,,0.96,0.842,0.7,0.558,0.5,0.558,0.7,0.842
63,,0.94,0.822,0.68,0.538,0.48,0.538,0.68,0.822
64,,0.92,0.802,0.66,0.518,0.46,0.518,0.66,0.802
65,,0.9,0.782,0.64,0.498,0.44,0.498,0.64,0.782
66,,0.88,0.762,0.62,0.478,0.42,0.478,0.62,0.762
67,,0.86,0.742,0.6,0.458,0.4,0.458,0.6,0.742
68,,0.84,0.722,0.58,0.438,0.38,0.438,0.58,0.722
69,,0.82,0.702,0.56,0.418,0.36,0.418,0.56,0.702
70,,0.8,0.682,0.54,0.398,0.34,0.398,0.54,0.682
71,,0.78,0.662,0.52,0.378,0.32,0.378,0.52,0.662
72,,0.76,0.642,0.5,0.358,0.3,0.358,0.5,0.642
73,,0.74,0.622,0.48,0.338,0.28,0.338,0.48,0.622
74,,0.72,0.602,0.46,0.318,0.26,0.318,0.46,0.602
75,,0.7,0.582,0.44,0.298,0.24,0.298,0.44,0.582
76,,0.68,0.562,0.42,0.278,0.22,0.278,0.42,0.562
77,,0.66,0.542,0.4,0.258,0.2,0.258,0.4,0.542
78,,0.64,0.522,0.38,0.238,0.18,0.238,0.38,0.522
79,,0.62,0.502,0.36,0.218,0.16,0.218,0.36,0.502
80,,0.6,0.482,0.34,0.198,0.14,0.198,0.34,0.482
81,,0.58,0.462,0.32,0.178,0.12,0.178,0.32,0.462
82,,0.56,0.442,0.3,0.158,0.1,0.158,0.3,0.442
83,,0.54,0.422,0.28,0.138,0.08,0.138,0.28,0.422
84,,0.52,0.402,0.26,0.118,0.06,0.118,0.26,0.402
85,,0.5,0.382,0.24,0.098,0.04,0.098,0.24,0.382
86,,0.48,0.362,0.22,0.078,0.02,0.078,0.22,0.362
87,,0.46,0.342,0.2,0.058,0.0,0.058,0.2,0.342
88,,0.44,0.322,0.18,0.038,-0.02,0.038,0.18,0.322
89,5,0.72,0.631,0.56,0.489,0.98,0.489,0.56,0.631
90,5,1.0,0.94,0.94,0.94,1.0,0.94,0.94,0.94
91,,0.98,0.92,0.92,0.92,0.98,0.92,0.92,0.92
92,,0.96,0.9,0.9,0.9,0.96,0.9,0.9,0.9
93,,0.94,0.88,0.88,0.88,0.94,0.88,0.88,0.88
94,,0.92,0.86,0.86,0.86,0.92,0.86,0.86,0.86
95,,0.9,0.84,0.84,0.84,0.9,0.84,0.84,0.84
96,,0.88,0.82,0.82,0.82,0.88,0.82,0.82,0.82
97,,0.86,0.8,0.8,0.8,0.86,0.8,0.8,0.8
98,,0.84,0.78,0.78,0.78,0.84,0.78,0.78,0.78
99,,0.82,0.76,0.76,0.76,0.82,0.76,0.76,0.76
100,,0.8,0.74,0.74,0.74,0.8,0.74,0.74,0.74
101,,0.78,0.72,0.72,0.72,0.78,0.72,0.72,0.72
102,,0.76,0.7,0.7,0.7,0.76,0.7,0.7,0.7
103,,0.74,0.68,0.68,0.68,0.74,0.68,0.68,0.68
104,,0.72,0.66,0.66,0.66,0.72,0.66,0.66,0.66
105,,0.7,0.64,0.64,0.64,0.7,0.64,0.64,0.64
106,,0.68,0.62,0.62,0.62,0.68,0.62,0.62,0.62
107,,0.66,0.6,0.6,0.6,0.66,0.6,0.6,0.6
108,,0.64,0.58,0.58,0.58,0.64,0.58,0.58,0.58
109,,0.62,0.56,0.56,0.56,0.62,0.56,0.56,0.56
110,,0.6,0.54,0.54,0.54,0.6,0.54,0.54,0.54
111,,0.58,0.52,0.52,0.52,0.58,0.52,0.52,0.52
112,,0.56,0.5,0.5,0.5,0.56,0.5,0.5,0.5
113,,0.54,0.48,0.48,0.48,0.54,0.48,0.48,0.48
114,,0.52,0.46,0.46,0.46,0.52,0.46,0.46,0.46
115,,0.5,0.44,0.44,0.44,0.5,0.44,0.44,0.44
116,,0.48,0.42,0.42,0.42,0.48,0.42,0.42,0.42
117,,0.46,0.4,0.4,0.4,0.46,0.4,0.4,0.4
118,,0.44,0.38,0.38,0.38,0.44,0.38,0.38,0.38
119,,0.42,0.36,0.36,0.36,0.42,0.36,0.36,0.36
120,,0.4,0.34,0.34,0.34,0.4,0.34,0.34,0.34
121,,0.38,0.32,0.32,0.32,0.38,0.32,0.32,0.32
122,,0.36,0.3,0.3,0.3,0.36,0.3,0.3,0.3
123,,0.34,0.28,0.28,0.28,0.34,0.28,0.28,0.28
124,,0.32,0.26,0.26,0.26,0.32,0.26,0.26,0.26
125,,0.3,0.24,0.24,0.24,0.3,0.24,0.24,0.24
126,,0.28,0.22,0.22,0.22,0.28,0.22,0.22,0.22
127,,0.26,0.2,0.2,0.2,0.26,0.2,0.2,0.2
128,,0.24,0.18,0.18,0.18,0.24,0.18,0.18,0.18
129,,0.22,0.16,0.16,0.16,0.22,0.16,0.16,0.16
130,,0.2,0.14,0.14,0.14,0.2,0.14,0.14,0.14
131,,0.18,0.12,0.12,0.12,0.18,0.12,0.12,0.12
132,,0.16,0.1,0.1,0.1,0.16,0.1,0.1,0.1
133,,0.14,0.08,0.08,0.08,0.14,0.08,0.08,0.08
134,,0.12,0.06,0.06,0.06,0.12,0.06,0.06,0.06
135,,0.1,0.04,0.04,0.04,0.1,0.04,0.04,0.04
136,,0.08,0.02,0.02,0.02,0.08,0.02,0.02,0.02
137,,0.06,0.0,0.0,0.0,0.06,0.0,0.0,0.0
138,,0.04,-0.02,-0.02,-0.02,0.04,-0.02,-0.02,-0.02
139,2,0.491,0.98,0.431,0.36,0.349,0.26,0.289,0.36
140,2,0.942,1.0,0.882,0.74,0.658,0.54,0.598,0.74
141,,0.922,0.98,0.862,0.72,0.638,0.52,0.578,0.72
142,,0.902,0.96,0.842,0.7,0.618,0.5,0.558,0.7
143,,0.882,0.94,0.822,0.68,0.598,0.48,0.538,0.68
144,,0.862,0.92,0.802,0.66,0.578,0.46,0.518,0.66
145,,0.842,0.9,0.782,0.64,0.558,0.44,0.498,0.64
146,,0.822,0.88,0.762,0.62,0.538,0.42,0.478,0.62
147,,0.802,0.86,0.742,0.6,0.518,0.4,0.458,0.6
148,,0.782,0.84,0.722,0.58,0.498,0.38,0.438,0.58
149,,0.762,0.82,0.702,0.56,0.478,0.36,0.418,0.56
150,,0.742,0.8,0.682,0.54,0.458,0.34,0.398,0.54
151,,0.722,0.78,0.662,0.52,0.438,0.32,0.378,0.52
152,,0.702,0.76,0.642,0.5,0.418,0.3,0.358,0.5
153,,0.682,0.74,0.622,0.48,0.398,0.28,0.338,0.48
154,,0.662,0.72,0.602,0.46,0.378,0.26,0.318,0.46
155,,0.642,0.7,0.582,0.44,0.358,0.24,0.298,0.44
156,,0.622,0.68,0.562,0.42,0.338,0.22,0.278,0.42
157,,0.602,0.66,0.542,0.4,0.318,0.2,0.258,0.4
158,,0.582,0.64,0.522,0.38,0.298,0.18,0.238,0.38
159,,0.562,0.62,0.502,0.36,0.278,0.16,0.218,0.36
160,,0.542,0.6,0.482,0.34,0.258,0.14,0.198,0.34
161,,0.522,0.58,0.462,0.32,0.238,0.12,0.178,0.32
162,,0.502,0.56,0.442,0.3,0.218,0.1,0.158,0.3
163,,0.482,0.54,0.422,0.28,0.198,0.08,0.138,0.28
164,,0.462,0.52,0.402,0.26,0.178,0.06,0.118,0.26
165,,0.442,0.5,0.382,0.24,0.158,0.04,0.098,0.24
166,,0.422,0.48,0.362,0.22,0.138,0.02,0.078,0.22
167,,0.402,0.46,0.342,0.2,0.118,0.0,0.058,0.2
168,,0.382,0.44,0.322,0.18,0.098,-0.02,0.038,0.18
169,6,0.691,0.72,0.631,0.56,0.549,0.98,0.489,0.56
170,6,1.0,1.0,0.94,0.94,1.0,1.0,0.94,0.94
171,,0.98,0.98,0.92,0.92,0.98,0.98,0.92,0.92
172,,0.96,0.96,0.9,0.9,0.96,0.96,0.9,0.9
173,,0.94,0.94,0.88,0.88,0.94,0.94,0.88,0.88
174,,0.92,0.92,0.86,0.86,0.92,0.92,0.86,0.86
175,,0.9,0.9,0.84,0.84,0.9,0.9,0.84,0.84
176,,0.88,0.88,0.82,0.82,0.88,0.88,0.82,0.82
177,,0.86,0.86,0.8,0.8,0.86,0.86,0.8,0.8
178,,0.84,0.84,0.78,0.78,0.84,0.84,0.78,0.78
179,,0.82,0.82,0.76,0.76,0.82,0.82,0.76,0.76
180,,0.8,0.8,0.74,0.74,0.8,0.8,0.74,0.74
181,,0.78,0.78,0.72,0.72,0.78,0.78,0.72,0.72
182,,0.76,0.76,0.7,0.7,0.76,0.76,0.7,0.7
183,,0.74,0.74,0.68,0.68,0.74,0.74,0.68,0.68
184,,0.72,0.72,0.66,0.66,0.72,0.72,0.66,0.66
185,,0.7,0.7,0.64,0.64,0.7,0.7,0.64,0.64
186,,0.68,0.68,0.62,0.62,0.68,0.68,0.62,0.62
187,,0.66,0.66,0.6,0.6,0.66,0.66,0.6,0.6
188,,0.64,0.64,0.58,0.58,0.64,0.64,0.58,0.58
189,,0.62,0.62,0.56,0.56,0.62,0.62,0.56,0.56
190,,0.6,0.6,0.54,0.54,0.6,0.6,0.54,0.54
191,,0.58,0.58,0.52,0.52,0.58,0.58,0.52,0.52
192,,0.56,0.56,0.5,0.5,0.56,0.56,0.5,0.5
193,,0.54,0.54,0.48,0.48,0.54,0.54,0.48,0.48
194,,0.52,0.52,0.46,0.46,0.52,0.52,0.46,0.46
195,,0.5,0.5,0.44,0.44,0.5,0.5,0.44,0.44
196,,0.48,0.48,0.42,0.42,0.48,0.48,0.42,0.42
197,,0.46,0.46,0.4,0.4,0.46,0.46,0.4,0.4
198,,0.44,0.44,0.38,0.38,0.44,0.44,0.38,0.38
199,,0.42,0.42,0.36,0.36,0.42,0.42,0.36,0.36
200,,0.4,0.4,0.34,0.34,0.4,0.4,0.34,0.34
201,,0.38,0.38,0.32,0.32,0.38,0.38,0.32,0.32
202,,0.36,0.36,0.3,0.3,0.36,0.36,0.3,0.3
203,,0.34,0.34,0.28,0.28,0.34,0.34,0.28,0.28
204,,0.32,0.32,0.26,0.26,0.32,0.32,0.26,0.26
205,,0.3,0.3,0.24,0.24,0.3,0.3,0.24,0.24
206,,0.28,0.28,0.22,0.22,0.28,0.28,0.22,0.22
207,,0.26,0.26,0.2,0.2,0.26,0.26,0.2,0.2
208,,0.24,0.24,0.18,0.18,0.24,0.24,0.18,0.18
209,,0.22,0.22,0.16,0.16,0.22,0.22,0.16,0.16
210,,0.2,0.2,0.14,0.14,0.2,0.2,0.14,0.14
211,,0.18,0.18,0.12,0.12,0.18,0.18,0.12,0.12
212,,0.16,0.16,0.1,0.1,0.16,0.16,0.1,0.1
213,,0.14,0.14,0.08,0.08,0.14,0.14,0.08,0.08
214,,0.12,0.12,0.06,0.06,0.12,0.12,0.06,0.06
215,,0.1,0.1,0.04,0.04,0.1,0.1,0.04,0.04
216,,0.08,0.08,0.02,0.02,0.08,0.08,0.02,0.02
217,,0.06,0.06,0.0,0.0,0.06,0.06,0.0,0.0
218,,0.04,0.04,-0.02,-0.02,0.04,0.04,-0.02,-0.02
219,7,0.42,0.349,0.26,0.289,0.42,0.491,0.98,0.431
220,7,0.8,0.658,0.54,0.598,0.8,0.942,1.0,0.882
221,,0.78,0.638,0.52,0.578,0.78,0.922,0.98,0.862
222,,0.76,0.618,0.5,0.558,0.76,0.902,0.96,0.842
223,,0.74,0.598,0.48,0.538,0.74,0.882,0.94,0.822
224,,0.72,0.578,0.46,0.518,0.72,0.862,0.92,0.802
225,,0.7,0.558,0.44,0.498,0.7,0.842,0.9,0.782
226,,0.68,0.538,0.42,0.478,0.68,0.822,0.88,0.762
227,,0.66,0.518,0.4,0.458,0.66,0.802,0.86,0.742
228,,0.64,0.498,0.38,0.438,0.64,0.782,0.84,0.722
229,,0.62,0.478,0.36,0.418,0.62,0.762,0.82,0.702
230,,0.6,0.458,0.34,0.398,0.6,0.742,0.8,0.682
231,,0.58,0.438,0.32,0.378,0.58,0.722,0.78,0.662
232,,0.56,0.418,0.3,0.358,0.56,0.702,0.76,0.642
233,,0.54,0.398,0.28,0.338,0.54,0.682,0.74,0.622
234,,0.52,0.378,0.26,0.318,0.52,0.662,0.72,0.602
235,,0.5,0.358,0.24,0.298,0.5,0.642,0.7,0.582
236,,0.48,0.338,0.22,0.278,0.48,0.622,0.68,0.562
237,,0.46,0.318,0.2,0.258,0.46,0.602,0.66,0.542
238,,0.44,0.298,0.18,0.238,0.44,0.582,0.64,0.522
239,,0.42,0.278,0.16,0.218,0.42,0.562,0.62,0.502
240,,0.4,0.258,0.14,0.198,0.4,0.542,0.6,0.482
241,,0.38,0.238,0.12,0.178,0.38,0.522,0.58,0.462
242,,0.36,0.218,0.1,0.158,0.36,0.502,0.56,0.442
243,,0.34,0.198,0.08,0.138,0.34,0.482,0.54,0.422
244,,0.32,0.178,0.06,0.118,0.32,0.462,0.52,0.402
245,,0.3,0.158,0.04,0.098,0.3,0.442,0.5,0.382
246,,0.28,0.138,0.02,0.078,0.28,0.422,0.48,0.362
247,,0.26,0.118,0.0,0.058,0.26,0.402,0.46,0.342
248,,0.24,0.098,-0.02,0.038,0.24,0.382,0.44,0.322
249,3,0.62,0.549,0.98,0.489,0.62,0.691,0.72,0.631
250,3,1.0,1.0,1.0,0.94,1.0,1.0,1.0,0.94
251,,0.98,0.98,0.98,0.92,0.98,0.98,0.98,0.92
252,,0.96,0.96,0.96,0.9,0.96,0.96,0.96,0.9
253,,0.94,0.94,0.94,0.88,0.94,0.94,0.94,0.88
254,,0.92,0.92,0.92,0.86,0.92,0.92,0.92,0.86
255,,0.9,0.9,0.9,0.84,0.9,0.9,0.9,0.84
256,,0.88,0.88,0.88,0.82,0.88,0.88,0.88,0.82
257,,0.86,0.86,0.86,0.8,0.86,0.86,0.86,0.8
258,,0.84,0.84,0.84,0.78,0.84,0.84,0.84,0.78
259,,0.82,0.82,0.82,0.76,0.82,0.82,0.82,0.76
260,,0.8,0.8,0.8,0.74,0.8,0.8,0.8,0.74
261,,0.78,0.78,0.78,0.72,0.78,0.78,0.78,0.72
262,,0.76,0.76,0.76,0.7,0.76,0.76,0.76,0.7
263,,0.74,0.74,0.74,0.68,0.74,0.74,0.74,0.68
264,,0.72,0.72,0.72,0.66,0.72,0.72,0.72,0.66
265,,0.7,0.7,0.7,0.64,0.7,0.7,0.7,0.64
266,,0.68,0.68,0.68,0.62,0.68,0.68,0.68,0.62
267,,0.66,0.66,0.66,0.6,0.66,0.66,0.66,0.6
268,,0.64,0.64,0.64,0.58,0.64,0.64,0.64,0.58
269,,0.62,0.62,0.62,0.56,0.62,0.62,0.62,0.56
270,,0.6,0.6,0.6,0.54,0.6,0.6,0.6,0.54
271,,0.58,0.58,0.58,0.52,0.58,0.58,0.58,0.52
272,,0.56,0.56,0.56,0.5,0.56,0.56,0.56,0.5
273,,0.54,0.54,0.54,0.48,0.54,0.54,0.54,0.48
274,,0.52,0.52,0.52,0.46,0.52,0.52,0.52,0.46
275,,0.5,0.5,0.5,0.44,0.5,0.5,0.5,0.44
276,,0.48,0.48,0.48,0.42,0.48,0.48,0.48,0.42
277,,0.46,0.46,0.46,0.4,0.46,0.46,0.46,0.4
278,,0.44,0.44,0.44,0.38,0.44,0.44,0.44,0.38
279,,0.42,0.42,0.42,0.36,0.42,0.42,0.42,0.36
280,,0.4,0.4,0.4,0.34,0.4,0.4,0.4,0.34
281,,0.38,0.38,0.38,0.32,0.38,0.38,0.38,0.32
282,,0.36,0.36,0.36,0.3,0.36,0.36,0.36,0.3
283,,0.34,0.34,0.34,0.28,0.34,0.34,0.34,0.28
284,,0.32,0.32,0.32,0.26,0.32,0.32,0.32,0.26
285,,0.3,0.3,0.3,0.24,0.3,0.3,0.3,0.24
286,,0.28,0.28,0.28,0.22,0.28,0.28,0.28,0.22
287,,0.26,0.26,0.26,0.2,0.26,0.26,0.26,0.2
288,,0.24,0.24,0.24,0.18,0.24,0.24,0.24,0.18
289,,0.22,0.22,0.22,0.16,0.22,0.22,0.22,0.16
290,,0.2,0.2,0.2,0.14,0.2,0.2,0.2,0.14
291,,0.18,0.18,0.18,0.12,0.18,0.18,0.18,0.12
292,,0.16,0.16,0.16,0.1,0.16,0.16,0.16,0.1
293,,0.14,0.14,0.14,0.08,0.14,0.14,0.14,0.08
294,,0.12,0.12,0.12,0.06,0.12,0.12,0.12,0.06
295,,0.1,0.1,0.1,0.04,0.1,0.1,0.1,0.04
296,,0.08,0.08,0.08,0.02,0.08,0.08,0.08,0.02
297,,0.06,0.06,0.06,0.0,0.06,0.06,0.06,0.0
298,,0.04,0.04,0.04,-0.02,0.04,0.04,0.04,-0.02
299,4,0.349,0.42,0.491,0.98,0.491,0.42,0.349,0.26
300,4,0.658,0.8,0.942,1.0,0.942,0.8,0.658,0.54
301,,0.638,0.78,0.922,0.98,0.922,0.78,0.638,0.52
302,,0.618,0.76,0.902,0.96,0.902,0.76,0.618,0.5
303,,0.598,0.74,0.882,0.94,0.882,0.74,0.598,0.48
304,,0.578,0.72,0.862,0.92,0.862,0.72,0.578,0.46
305,,0.558,0.7,0.842,0.9,0.842,0.7,0.558,0.44
306,,0.538,0.68,0.822,0.88,0.822,0.68,0.538,0.42
307,,0.518,0.66,0.802,0.86,0.802,0.66,0.518,0.4
308,,0.498,0.64,0.782,0.84,0.782,0.64,0.498,0.38
309,,0.478,0.62,0.762,0.82,0.762,0.62,0.478,0.36
310,,0.458,0.6,0.742,0.8,0.742,0.6,0.458,0.34
311,,0.438,0.58,0.722,0.78,0.722,0.58,0.438,0.32
312,,0.418,0.56,0.702,0.76,0.702,0.56,0.418,0.3
313,,0.398,0.54,0.682,0.74,0.682,0.54,0.398,0.28
314,,0.378,0.52,0.662,0.72,0.662,0.52,0.378,0.26
315,,0.358,0.5,0.642,0.7,0.642,0.5,0.358,0.24
316,,0.338,0.48,0.622,0.68,0.622,0.48,0.338,0.22
317,,0.318,0.46,0.602,0.66,0.602,0.46,0.318,0.2
318,,0.298,0.44,0.582,0.64,0.582,0.44,0.298,0.18
319,,0.278,0.42,0.562,0.62,0.562,0.42,0.278,0.16
320,,0.258,0.4,0.542,0.6,0.542,0.4,0.258,0.14
321,,0.238,0.38,0.522,0.58,0.522,0.38,0.238,0.12
322,,0.218,0.36,0.502,0.56,0.502,0.36,0.218,0.1
323,,0.198,0.34,0.482,0.54,0.482,0.34,0.198,0.08
324,,0.178,0.32,0.462,0.52,0.462,0.32,0.178,0.06
325,,0.158,0.3,0.442,0.5,0.442,0.3,0.158,0.04
326,,0.138,0.28,0.422,0.48,0.422,0.28,0.138,0.02
327,,0.118,0.26,0.402,0.46,0.402,0.26,0.118,0.0
328,,0.098,0.24,0.382,0.44,0.382,0.24,0.098,-0.02
329,8,0.549,0.62,0.691,0.72,0.691,0.62,0.549,0.98
330,8,1.0,1.0,1.0,1.0,1.0,1.0,1.0,1.0
331,,0.98,0.98,0.98,0.98,0.98,0.98,0.98,0.98
332,,0.96,0.96,0.96,0.96,0.96,0.96,0.96,0.96
333,,0.94,0.94,0.94,0.94,0.94,0.94,0.94,0.94
334,,0.92,0.92,0.92,0.92,0.92,0.92,0.92,0.92
335,,0.9,0.9,0.9,0.9,0.9,0.9,0.9,0.9
336,,0.88,0.88,0.88,0.88,0.88,0.88,0.88,0.88
337,,0.86,0.86,0.86,0.86,0.86,0.86,0.86,0.86
338,,0.84,0.84,0.84,0.84,0.84,0.84,0.84,0.84
339,,0.82,0.82,0.82,0.82,0.82,0.82,0.82,0.82
340,,0.8,0.8,0.8,0.8,0.8,0.8,0.8,0.8
341,,0.78,0.78,0.78,0.78,0.78,0.78,0.78,0.78
342,,0.76,0.76,0.76,0.76,0.76,0.76,0.76,0.76
343,,0.74,0.74,0.74,0.74,0.74,0.74,0.74,0.74
344,,0.72,0.72,0.72,0.72,0.72,0.72,0.72,0.72
345,,0.7,0.7,0.7,0.7,0.7,0.7,0.7,0.7
346,,0.68,0.68,0.68,0.68,0.68,0.68,0.68,0.68
347,,0.66,0.66,0.66,0.66,0.66,0.66,0.66,0.66
348,,0.64,0.64,0.64,0.64,0.64,0.64,0.64,0.64
349,,0.62,0.62,0.62,0.62,0.62,0.62,0.62,0.62
350,,0.6,0.6,0.6,0.6,0.6,0.6,0.6,0.6
351,,0.58,0.58,0.58,0.58,0.58,0.58,0.58,0.58
352,,0.56,0.56,0.56,0.56,0.56,0.56,0.56,0.56
353,,0.54,0.54,0.54,0.54,0.54,0.54,0.54,0.54
354,,0.52,0.52,0.52,0.52,0.52,0.52,0.52,0.52
355,,0.5,0.5,0.5,0.5,0.5,0.5,0.5,0.5
356,,0.48,0.48,0.48,0.48,0.48,0.48,0.48,0.48
357,,0.46,0.46,0.46,0.46,0.46,0.46,0.46,0.46
358,,0.44,0.44,0.44,0.44,0.44,0.44,0.44,0.44
359,,0.42,0.42,0.42,0.42,0.42,0.42,0.42,0.42
360,,0.4,0.4,0.4,0.4,0.4,0.4,0.4,0.4
361,,0.38,0.38,0.38,0.38,0.38,0.38,0.38,0.38
362,,0.36,0.36,0.36,0.36,0.36,0.36,0.36,0.36
363,,0.34,0.34,0.34,0.34,0.34,0.34,0.34,0.34
364,,0.32,0.32,0.32,0.32,0.32,0.32,0.32,0.32
365,,0.3,0.3,0.3,0.3,0.3,0.3,0.3,0.3
366,,0.28,0.28,0.28,0.28,0.28,0.28,0.28,0.28
367,,0.26,0.26,0.26,0.26,0.26,0.26,0.26,0.26
368,,0.24,0.24,0.24,0.24,0.24,0.24,0.24,0.24
369,,0.22,0.22,0.22,0.22,0.22,0.22,0.22,0.22
370,,0.2,0.2,0.2,0.2,0.2,0.2,0.2,0.2
371,,0.18,0.18,0.18,0.18,0.18,0.18,0.18,0.18
372,,0.16,0.16,0.16,0.16,0.16,0.16,0.16,0.16
373,,0.14,0.14,0.14,0.14,0.14,0.14,0.14,0.14
374,,0.12,0.12,0.12,0.12,0.12,0.12,0.12,0.12
375,,0.1,0.1,0.1,0.1,0.1,0.1,0.1,0.1
376,,0.08,0.08,0.08,0.08,0.08,0.08,0.08,0.08
377,,0.06,0.06,0.06,0.06,0.06,0.06,0.06,0.06
378,,0.04,0.04,0.04,0.04,0.04,0.04,0.04,0.04
379,,0.02,0.02,0.02,0.02,0.02,0.02,0.02,0.02
380,,0.0,0.0,0.0,0.0,0.0,0.0,0.0,0.0
381,,-0.02,-0.02,-0.02,-0.02,-0.02,-0.02,-0.02,-0.02
382,8,0.431,0.36,0.289,0.26,0.289,0.36,0.431,0.98
383,8,0.882,0.74,0.598,0.54,0.598,0.74,0.882,1.0
384,,0.862,0.72,0.578,0.52,0.578,0.72,0.862,0.98
385,,0.842,0.7,0.558,0.5,0.558,0.7,0.842,0.96
386,,0.822,0.68,0.538,0.48,0.538,0.68,0.822,0.94
387,,0.802,0.66,0.518,0.46,0.518,0.66,0.802,0.92
388,,0.782,0.64,0.498,0.44,0.498,0.64,0.782,0.9
389,,0.762,0.62,0.478,0.42,0.478,0.62,0.762,0.88
390,,0.742,0.6,0.458,0.4,0.458,0.6,0.742,0.86
391,,0.722,0.58,0.438,0.38,0.438,0.58,0.722,0.84
392,,0.702,0.56,0.418,0.36,0.418,0.56,0.702,0.82
393,,0.682,0.54,0.398,0.34,0.398,0.54,0.682,0.8
394,,0.662,0.52,0.378,0.32,0.378,0.52,0.662,0.78
395,,0.642,0.5,0.358,0.3,0.358,0.5,0.642,0.76
396,,0.622,0.48,0.338,0.28,0.338,0.48,0.622,0.74
397,,0.602,0.46,0.318,0.26,0.318,0.46,0.602,0.72
398,,0.582,0.44,0.298,0.24,0.298,0.44,0.582,0.7
399,,0.562,0.42,0.278,0.22,0.278,0.42,0.562,0.68
400,,0.542,0.4,0.258,0.2,0.258,0.4,0.542,0.66
401,,0.522,0.38,0.238,0.18,0.238,0.38,0.522,0.64
402,,0.502,0.36,0.218,0.16,0.218,0.36,0.502,0.62
403,,0.482,0.34,0.198,0.14,0.198,0.34,0.482,0.6
404,,0.462,0.32,0.178,0.12,0.178,0.32,0.462,0.58
405,,0.442,0.3,0.158,0.1,0.158,0.3,0.442,0.56
406,,0.422,0.28,0.138,0.08,0.138,0.28,0.422,0.54
407,,0.402,0.26,0.118,0.06,0.118,0.26,0.402,0.52
408,,0.382,0.24,0.098,0.04,0.098,0.24,0.382,0.5
409,,0.362,0.22,0.078,0.02,0.078,0.22,0.362,0.48
410,,0.342,0.2,0.058,0.0,0.058,0.2,0.342,0.46
411,,0.322,0.18,0.038,-0.02,0.038,0.18,0.322,0.44
412,4,0.631,0.56,0.489,0.98,0.489,0.56,0.631,0.72
413,4,0.94,0.94,0.94,1.0,0.94,0.94,0.94,1.0
414,,0.92,0.92,0.92,0.98,0.92,0.92,0.92,0.98
415,,0.9,0.9,0.9,0.96,0.9,0.9,0.9,0.96
416,,0.88,0.88,0.88,0.94,0.88,0.88,0.88,0.94
417,,0.86,0.86,0.86,0.92,0.86,0.86,0.86,0.92
418,,0.84,0.84,0.84,0.9,0.84,0.84,0.84,0.9
419,,0.82,0.82,0.82,0.88,0.82,0.82,0.82,0.88
420,,0.8,0.8,0.8,0.86,0.8,0.8,0.8,0.86
421,,0.78,0.78,0.78,0.84,0.78,0.78,0.78,0.84
422,,0.76,0.76,0.76,0.82,0.76,0.76,0.76,0.82
423,,0.74,0.74,0.74,0.8,0.74,0.74,0.74,0.8
424,,0.72,0.72,0.72,0.78,0.72,0.72,0.72,0.78
425,,0.7,0.7,0.7,0.76,0.7,0.7,0.7,0.76
426,,0.68,0.68,0.68,0.74,0.68,0.68,0.68,0.74
427,,0.66,0.66,0.66,0.72,0.66,0.66,0.66,0.72
428,,0.64,0.64,0.64,0.7,0.64,0.64,0.64,0.7
429,,0.62,0.62,0.62,0.68,0.62,0.62,0.62,0.68
430,,0.6,0.6,0.6,0.66,0.6,0.6,0.6,0.66
431,,0.58,0.58,0.58,0.64,0.58,0.58,0.58,0.64
432,,0.56,0.56,0.56,0.62,0.56,0.56,0.56,0.62
433,,0.54,0.54,0.54,0.6,0.54,0.54,0.54,0.6
434,,0.52,0.52,0.52,0.58,0.52,0.52,0.52,0.58
435,,0.5,0.5,0.5,0.56,0.5,0.5,0.5,0.56
436,,0.48,0.48,0.48,0.54,0.48,0.48,0.48,0.54
437,,0.46,0.46,0.46,0.52,0.46,0.46,0.46,0.52
438,,0.44,0.44,0.44,0.5,0.44,0.44,0.44,0.5
439,,0.42,0.42,0.42,0.48,0.42,0.42,0.42,0.48
440,,0.4,0.4,0.4,0.46,0.4,0.4,0.4,0.46
441,,0.38,0.38,0.38,0.44,0.38,0.38,0.38,0.44
442,,0.36,0.36,0.36,0.42,0.36,0.36,0.36,0.42
443,,0.34,0.34,0.34,0.4,0.34,0.34,0.34,0.4
444,,0.32,0.32,0.32,0.38,0.32,0.32,0.32,0.38
445,,0.3,0.3,0.3,0.36,0.3,0.3,0.3,0.36
446,,0.28,0.28,0.28,0.34,0.28,0.28,0.28,0.34
447,,0.26,0.26,0.26,0.32,0.26,0.26,0.26,0.32
448,,0.24,0.24,0.24,0.3,0.24,0.24,0.24,0.3
449,,0.22,0.22,0.22,0.28,0.22,0.22,0.22,0.28
450,,0.2,0.2,0.2,0.26,0.2,0.2,0.2,0.26
451,,0.18,0.18,0.18,0.24,0.18,0.18,0.18,0.24
452,,0.16,0.16,0.16,0.22,0.16,0.16,0.16,0.22
453,,0.14,0.14,0.14,0.2,0.14,0.14,0.14,0.2
454,,0.12,0.12,0.12,0.18,0.12,0.12,0.12,0.18
455,,0.1,0.1,0.1,0.16,0.1,0.1,0.1,0.16
456,,0.08,0.08,0.08,0.14,0.08,0.08,0.08,0.14
457,,0.06,0.06,0.06,0.12,0.06,0.06,0.06,0.12
458,,0.04,0.04,0.04,0.1,0.04,0.04,0.04,0.1
459,,0.02,0.02,0.02,0.08,0.02,0.02,0.02,0.08
460,,0.0,0.0,0.0,0.06,0.0,0.0,0.0,0.06
461,,-0.02,-0.02,-0.02,0.04,-0.02,-0.02,-0.02,0.04
462,3,0.36,0.431,0.98,0.491,0.36,0.289,0.26,0.349
463,3,0.74,0.882,1.0,0.942,0.74,0.598,0.54,0.658
464,,0.72,0.862,0.98,0.922,0.72,0.578,0.52,0.638
465,,0.7,0.842,0.96,0.902,0.7,0.558,0.5,0.618
466,,0.68,0.822,0.94,0.882,0.68,0.538,0.48,0.598
467,,0.66,0.802,0.92,0.862,0.66,0.518,0.46,0.578
468,,0.64,0.782,0.9,0.842,0.64,0.498,0.44,0.558
469,,0.62,0.762,0.88,0.822,0.62,0.478,0.42,0.538
470,,0.6,0.742,0.86,0.802,0.6,0.458,0.4,0.518
471,,0.58,0.722,0.84,0.782,0.58,0.438,0.38,0.498
472,,0.56,0.702,0.82,0.762,0.56,0.418,0.36,0.478
473,,0.54,0.682,0.8,0.742,0.54,0.398,0.34,0.458
474,,0.52,0.662,0.78,0.722,0.52,0.378,0.32,0.438
475,,0.5,0.642,0.76,0.702,0.5,0.358,0.3,0.418
476,,0.48,0.622,0.74,0.682,0.48,0.338,0.28,0.398
477,,0.46,0.602,0.72,0.662,0.46,0.318,0.26,0.378
478,,0.44,0.582,0.7,0.642,0.44,0.298,0.24,0.358
479,,0.42,0.562,0.68,0.622,0.42,0.278,0.22,0.338
480,,0.4,0.542,0.66,0.602,0.4,0.258,0.2,0.318
481,,0.38,0.522,0.64,0.582,0.38,0.238,0.18,0.298
482,,0.36,0.502,0.62,0.562,0.36,0.218,0.16,0.278
483,,0.34,0.482,0.6,0.542,0.34,0.198,0.14,0.258
484,,0.32,0.462,0.58,0.522,0.32,0.178,0.12,0.238
485,,0.3,0.442,0.56,0.502,0.3,0.158,0.1,0.218
486,,0.28,0.422,0.54,0.482,0.28,0.138,0.08,0.198
487,,0.26,0.402,0.52,0.462,0.26,0.118,0.06,0.178
488,,0.24,0.382,0.5,0.442,0.24,0.098,0.04,0.158
489,,0.22,0.362,0.48,0.422,0.22,0.078,0.02,0.138
490,,0.2,0.342,0.46,0.402,0.2,0.058,0.0,0.118
491,,0.18,0.322,0.44,0.382,0.18,0.038,-0.02,0.098
492,7,0.56,0.631,0.72,0.691,0.56,0.489,0.98,0.549
493,7,0.94,0.94,1.0,1.0,0.94,0.94,1.0,1.0
494,,0.92,0.92,0.98,0.98,0.92,0.92,0.98,0.98
495,,0.9,0.9,0.96,0.96,0.9,0.9,0.96,0.96
496,,0.88,0.88,0.94,0.94,0.88,0.88,0.94,0.94
497,,0.86,0.86,0.92,0.92,0.86,0.86,0.92,0.92
498,,0.84,0.84,0.9,0.9,0.84,0.84,0.9,0.9
499,,0.82,0.82,0.88,0.88,0.82,0.82,0.88,0.88
500,,0.8,0.8,0.86,0.86,0.8,0.8,0.86,0.86
501,,0.78,0.78,0.84,0.84,0.78,0.78,0.84,0.84
502,,0.76,0.76,0.82,0.82,0.76,0.76,0.82,0.82
503,,0.74,0.74,0.8,0.8,0.74,0.74,0.8,0.8
504,,0.72,0.72,0.78,0.78,0.72,0.72,0.78,0.78
505,,0.7,0.7,0.76,0.76,0.7,0.7,0.76,0.76
506,,0.68,0.68,0.74,0.74,0.68,0.68,0.74,0.74
507,,0.66,0.66,0.72,0.72,0.66,0.66,0.72,0.72
508,,0.64,0.64,0.7,0.7,0.64,0.64,0.7,0.7
509,,0.62,0.62,0.68,0.68,0.62,0.62,0.68,0.68
510,,0.6,0.6,0.66,0.66,0.6,0.6,0.66,0.66
511,,0.58,0.58,0.64,0.64,0.58,0.58,0.64,0.64
512,,0.56,0.56,0.62,0.62,0.56,0.56,0.62,0.62
513,,0.54,0.54,0.6,0.6,0.54,0.54,0.6,0.6
514,,0.52,0.52,0.58,0.58,0.52,0.52,0.58,0.58
515,,0.5,0.5,0.56,0.56,0.5,0.5,0.56,0.56
516,,0.48,0.48,0.54,0.54,0.48,0.48,0.54,0.54
517,,0.46,0.46,0.52,0.52,0.46,0.46,0.52,0.52
518,,0.44,0.44,0.5,0.5,0.44,0.44,0.5,0.5
519,,0.42,0.42,0.48,0.48,0.42,0.42,0.48,0.48
520,,0.4,0.4,0.46,0.46,0.4,0.4,0.46,0.46
521,,0.38,0.38,0.44,0.44,0.38,0.38,0.44,0.44
522,,0.36,0.36,0.42,0.42,0.36,0.36,0.42,0.42
523,,0.34,0.34,0.4,0.4,0.34,0.34,0.4,0.4
524,,0.32,0.32,0.38,0.38,0.32,0.32,0.38,0.38
525,,0.3,0.3,0.36,0.36,0.3,0.3,0.36,0.36
526,,0.28,0.28,0.34,0.34,0.28,0.28,0.34,0.34
527,,0.26,0.26,0.32,0.32,0.26,0.26,0.32,0.32
528,,0.24,0.24,0.3,0.3,0.24,0.24,0.3,0.3
529,,0.22,0.22,0.28,0.28,0.22,0.22,0.28,0.28
530,,0.2,0.2,0.26,0.26,0.2,0.2,0.26,0.26
531,,0.18,0.18,0.24,0.24,0.18,0.18,0.24,0.24
532,,0.16,0.16,0.22,0.22,0.16,0.16,0.22,0.22
533,,0.14,0.14,0.2,0.2,0.14,0.14,0.2,0.2
534,,0.12,0.12,0.18,0.18,0.12,0.12,0.18,0.18
535,,0.1,0.1,0.16,0.16,0.1,0.1,0.16,0.16
536,,0.08,0.08,0.14,0.14,0.08,0.08,0.14,0.14
537,,0.06,0.06,0.12,0.12,0.06,0.06,0.12,0.12
538,,0.04,0.04,0.1,0.1,0.04,0.04,0.1,0.1
539,,0.02,0.02,0.08,0.08,0.02,0.02,0.08,0.08
540,,0.0,0.0,0.06,0.06,0.0,0.0,0.06,0.06
541,,-0.02,-0.02,0.04,0.04,-0.02,-0.02,0.04,0.04
542,6,0.289,0.26,0.349,0.42,0.431,0.98,0.491,0.42
543,6,0.598,0.54,0.658,0.8,0.882,1.0,0.942,0.8
544,,0.578,0.52,0.638,0.78,0.862,0.98,0.922,0.78
545,,0.558,0.5,0.618,0.76,0.842,0.96,0.902,0.76
546,,0.538,0.48,0.598,0.74,0.822,0.94,0.882,0.74
547,,0.518,0.46,0.578,0.72,0.802,0.92,0.862,0.72
548,,0.498,0.44,0.558,0.7,0.782,0.9,0.842,0.7
549,,0.478,0.42,0.538,0.68,0.762,0.88,0.822,0.68
550,,0.458,0.4,0.518,0.66,0.742,0.86,0.802,0.66
551,,0.438,0.38,0.498,0.64,0.722,0.84,0.782,0.64
552,,0.418,0.36,0.478,0.62,0.702,0.82,0.762,0.62
553,,0.398,0.34,0.458,0.6,0.682,0.8,0.742,0.6
554,,0.378,0.32,0.438,0.58,0.662,0.78,0.722,0.58
555,,0.358,0.3,0.418,0.56,0.642,0.76,0.702,0.56
556,,0.338,0.28,0.398,0.54,0.622,0.74,0.682,0.54
557,,0.318,0.26,0.378,0.52,0.602,0.72,0.662,0.52
558,,0.298,0.24,0.358,0.5,0.582,0.7,0.642,0.5
559,,0.278,0.22,0.338,0.48,0.562,0.68,0.622,0.48
560,,0.258,0.2,0.318,0.46,0.542,0.66,0.602,0.46
561,,0.238,0.18,0.298,0.44,0.522,0.64,0.582,0.44
562,,0.218,0.16,0.278,0.42,0.502,0.62,0.562,0.42
563,,0.198,0.14,0.258,0.4,0.482,0.6,0.542,0.4
564,,0.178,0.12,0.238,0.38,0.462,0.58,0.522,0.38
565,,0.158,0.1,0.218,0.36,0.442,0.56,0.502,0.36
566,,0.138,0.08,0.198,0.34,0.422,0.54,0.482,0.34
567,,0.118,0.06,0.178,0.32,0.402,0.52,0.462,0.32
568,,0.098,0.04,0.158,0.3,0.382,0.5,0.442,0.3
569,,0.078,0.02,0.138,0.28,0.362,0.48,0.422,0.28
570,,0.058,0.0,0.118,0.26,0.342,0.46,0.402,0.26
571,,0.038,-0.02,0.098,0.24,0.322,0.44,0.382,0.24
572,2,0.489,0.98,0.549,0.62,0.631,0.72,0.691,0.62
573,2,0.94,1.0,1.0,1.0,0.94,1.0,1.0,1.0
574,,0.92,0.98,0.98,0.98,0.92,0.98,0.98,0.98
575,,0.9,0.96,0.96,0.96,0.9,0.96,0.96,0.96
576,,0.88,0.94,0.94,0.94,0.88,0.94,0.94,0.94
577,,0.86,0.92,0.92,0.92,0.86,0.92,0.92,0.92
578,,0.84,0.9,0.9,0.9,0.84,0.9,0.9,0.9
579,,0.82,0.88,0.88,0.88,0.82,0.88,0.88,0.88
580,,0.8,0.86,0.86,0.86,0.8,0.86,0.86,0.86
581,,0.78,0.84,0.84,0.84,0.78,0.84,0.84,0.84
582,,0.76,0.82,0.82,0.82,0.76,0.82,0.82,0.82
583,,0.74,0.8,0.8,0.8,0.74,0.8,0.8,0.8
584,,0.72,0.78,0.78,0.78,0.72,0.78,0.78,0.78
585,,0.7,0.76,0.76,0.76,0.7,0.76,0.76,0.76
586,,0.68,0.74,0.74,0.74,0.68,0.74,0.74,0.74
587,,0.66,0.72,0.72,0.72,0.66,0.72,0.72,0.72
588,,0.64,0.7,0.7,0.7,0.64,0.7,0.7,0.7
589,,0.62,0.68,0.68,0.68,0.62,0.68,0.68,0.68
590,,0.6,0.66,0.66,0.66,0.6,0.66,0.66,0.66
591,,0.58,0.64,0.64,0.64,0.58,0.64,0.64,0.64
592,,0.56,0.62,0.62,0.62,0.56,0.62,0.62,0.62
593,,0.54,0.6,0.6,0.6,0.54,0.6,0.6,0.6
594,,0.52,0.58,0.58,0.58,0.52,0.58,0.58,0.58
595,,0.5,0.56,0.56,0.56,0.5,0.56,0.56,0.56
596,,0.48,0.54,0.54,0.54,0.48,0.54,0.54,0.54
597,,0.46,0.52,0.52,0.52,0.46,0.52,0.52,0.52
598,,0.44,0.5,0.5,0.5,0.44,0.5,0.5,0.5
599,,0.42,0.48,0.48,0.48,0.42,0.48,0.48,0.48
600,,0.4,0.46,0.46,0.46,0.4,0.46,0.46,0.46
601,,0.38,0.44,0.44,0.44,0.38,0.44,0.44,0.44
602,,0.36,0.42,0.42,0.42,0.36,0.42,0.42,0.42
603,,0.34,0.4,0.4,0.4,0.34,0.4,0.4,0.4
604,,0.32,0.38,0.38,0.38,0.32,0.38,0.38,0.38
605,,0.3,0.36,0.36,0.36,0.3,0.36,0.36,0.36
606,,0.28,0.34,0.34,0.34,0.28,0.34,0.34,0.34
607,,0.26,0.32,0.32,0.32,0.26,0.32,0.32,0.32
608,,0.24,0.3,0.3,0.3,0.24,0.3,0.3,0.3
609,,0.22,0.28,0.28,0.28,0.22,0.28,0.28,0.28
610,,0.2,0.26,0.26,0.26,0.2,0.26,0.26,0.26
611,,0.18,0.24,0.24,0.24,0.18,0.24,0.24,0.24
612,,0.16,0.22,0.22,0.22,0.16,0.22,0.22,0.22
613,,0.14,0.2,0.2,0.2,0.14,0.2,0.2,0.2
614,,0.12,0.18,0.18,0.18,0.12,0.18,0.18,0.18
615,,0.1,0.16,0.16,0.16,0.1,0.16,0.16,0.16
616,,0.08,0.14,0.14,0.14,0.08,0.14,0.14,0.14
617,,0.06,0.12,0.12,0.12,0.06,0.12,0.12,0.12
618,,0.04,0.1,0.1,0.1,0.04,0.1,0.1,0.1
619,,0.02,0.08,0.08,0.08,0.02,0.08,0.08,0.08
620,,0.0,0.06,0.06,0.06,0.0,0.06,0.06,0.06
621,,-0.02,0.04,0.04,0.04,-0.02,0.04,0.04,0.04
622,5,0.26,0.349,0.42,0.491,0.98,0.491,0.42,0.349
623,5,0.54,0.658,0.8,0.942,1.0,0.942,0.8,0.658
624,,0.52,0.638,0.78,0.922,0.98,0.922,0.78,0.638
625,,0.5,0.618,0.76,0.902,0.96,0.902,0.76,0.618
626,,0.48,0.598,0.74,0.882,0.94,0.882,0.74,0.598
627,,0.46,0.578,0.72,0.862,0.92,0.862,0.72,0.578
628,,0.44,0.558,0.7,0.842,0.9,0.842,0.7,0.558
629,,0.42,0.538,0.68,0.822,0.88,0.822,0.68,0.538
630,,0.4,0.518,0.66,0.802,0.86,0.802,0.66,0.518
631,,0.38,0.498,0.64,0.782,0.84,0.782,0.64,0.498
632,,0.36,0.478,0.62,0.762,0.82,0.762,0.62,0.478
633,,0.34,0.458,0.6,0.742,0.8,0.742,0.6,0.458
634,,0.32,0.438,0.58,0.722,0.78,0.722,0.58,0.438
635,,0.3,0.418,0.56,0.702,0.76,0.702,0.56,0.418
636,,0.28,0.398,0.54,0.682,0.74,0.682,0.54,0.398
637,,0.26,0.378,0.52,0.662,0.72,0.662,0.52,0.378
638,,0.24,0.358,0.5,0.642,0.7,0.642,0.5,0.358
639,,0.22,0.338,0.48,0.622,0.68,0.622,0.48,0.338
640,,0.2,0.318,0.46,0.602,0.66,0.602,0.46,0.318
641,,0.18,0.298,0.44,0.582,0.64,0.582,0.44,0.298
642,,0.16,0.278,0.42,0.562,0.62,0.562,0.42,0.278
643,,0.14,0.258,0.4,0.542,0.6,0.542,0.4,0.258
644,,0.12,0.238,0.38,0.522,0.58,0.522,0.38,0.238
645,,0.1,0.218,0.36,0.502,0.56,0.502,0.36,0.218
646,,0.08,0.198,0.34,0.482,0.54,0.482,0.34,0.198
647,,0.06,0.178,0.32,0.462,0.52,0.462,0.32,0.178
648,,0.04,0.158,0.3,0.442,0.5,0.442,0.3,0.158
649,,0.02,0.138,0.28,0.422,0.48,0.422,0.28,0.138
650,,0.0,0.118,0.26,0.402,0.46,0.402,0.26,0.118
651,,-0.02,0.098,0.24,0.382,0.44,0.382,0.24,0.098
652,1,0.98,0.549,0.62,0.691,0.72,0.691,0.62,0.549
653,1,1.0,1.0,1.0,1.0,1.0,1.0,1.0,1.0
654,,0.98,0.98,0.98,0.98,0.98,0.98,0.98,0.98
655,,0.96,0.96,0.96,0.96,0.96,0.96,0.96,0.96
656,,0.94,0.94,0.94,0.94,0.94,0.94,0.94,0.94
657,,0.92,0.92,0.92,0.92,0.92,0.92,0.92,0.92
658,,0.9,0.9,0.9,0.9,0.9,0.9,0.9,0.9
659,,0.88,0.88,0.88,0.88,0.88,0.88,0.88,0.88
660,,0.86,0.86,0.86,0.86,0.86,0.86,0.86,0.86
661,,0.84,0.84,0.84,0.84,0.84,0.84,0.84,0.84
662,,0.82,0.82,0.82,0.82,0.82,0.82,0.82,0.82
663,,0.8,0.8,0.8,0.8,0.8,0.8,0.8,0.8
664,,0.78,0.78,0.78,0.78,0.78,0.78,0.78,0.78
665,,0.76,0.76,0.76,0.76,0.76,0.76,0.76,0.76
666,,0.74,0.74,0.74,0.74,0.74,0.74,0.74,0.74
667,,0.72,0.72,0.72,0.72,0.72,0.72,0.72,0.72
668,,0.7,0.7,0.7,0.7,0.7,0.7,0.7,0.7
669,,0.68,0.68,0.68,0.68,0.68,0.68,0.68,0.68
670,,0.66,0.66,0.66,0.66,0.66,0.66,0.66,0.66
671,,0.64,0.64,0.64,0.64,0.64,0.64,0.64,0.64
672,,0.62,0.62,0.62,0.62,0.62,0.62,0.62,0.62
673,,0.6,0.6,0.6,0.6,0.6,0.6,0.6,0.6
674,,0.58,0.58,0.58,0.58,0.58,0.58,0.58,0.58
675,,0.56,0.56,0.56,0.56,0.56,0.56,0.56,0.56
676,,0.54,0.54,0.54,0.54,0.54,0.54,0.54,0.54
677,,0.52,0.52,0.52,0.52,0.52,0.52,0.52,0.52
678,,0.5,0.5,0.5,0.5,0.5,0.5,0.5,0.5
679,,0.48,0.48,0.48,0.48,0.48,0.48,0.48,0.48
680,,0.46,0.46,0.46,0.46,0.46,0.46,0.46,0.46
681,,0.44,0.44,0.44,0.44,0.44,0.44,0.44,0.44
682,,0.42,0.42,0.42,0.42,0.42,0.42,0.42,0.42
683,,0.4,0.4,0.4,0.4,0.4,0.4,0.4,0.4
684,,0.38,0.38,0.38,0.38,0.38,0.38,0.38,0.38
685,,0.36,0.36,0.36,0.36,0.36,0.36,0.36,0.36
686,,0.34,0.34,0.34,0.34,0.34,0.34,0.34,0.34
687,,0.32,0.32,0.32,0.32,0.32,0.32,0.32,0.32
688,,0.3,0.3,0.3,0.3,0.3,0.3,0.3,0.3
689,,0.28,0.28,0.28,0.28,0.28,0.28,0.28,0.28
690,,0.26,0.26,0.26,0.26,0.26,0.26,0.26,0.26
691,,0.24,0.24,0.24,0.24,0.24,0.24,0.24,0.24
692,,0.22,0.22,0.22,0.22,0.22,0.22,0.22,0.22
693,,0.2,0.2,0.2,0.2,0.2,0.2,0.2,0.2
694,,0.18,0.18,0.18,0.18,0.18,0.18,0.18,0.18
695,,0.16,0.16,0.16,0.16,0.16,0.16,0.16,0.16
696,,0.14,0.14,0.14,0.14,0.14,0.14,0.14,0.14
697,,0.12,0.12,0.12,0.12,0.12,0.12,0.12,0.12
698,,0.1,0.1,0.1,0.1,0.1,0.1,0.1,0.1
699,,0.08,0.08,0.08,0.08,0.08,0.08,0.08,0.08
700,,0.06,0.06,0.06,0.06,0.06,0.06,0.06,0.06
701,,0.04,0.04,0.04,0.04,0.04,0.04,0.04,0.04
702,,0.02,0.02,0.02,0.02,0.02,0.02,0.02,0.02
703,,0.0,0.0,0.0,0.0,0.0,0.0,0.0,0.0
704,,-0.02,-0.02,-0.02,-0.02,-0.02,-0.02,-0.02,-0.02
705,6,0.289,0.26,0.289,0.36,0.431,0.98,0.431,0.36
706,6,0.598,0.54,0.598,0.74,0.882,1.0,0.882,0.74
707,,0.578,0.52,0.578,0.72,0.862,0.98,0.862,0.72
708,,0.558,0.5,0.558,0.7,0.842,0.96,0.842,0.7
709,,0.538,0.48,0.538,0.68,0.822,0.94,0.822,0.68
710,,0.518,0.46,0.518,0.66,0.802,0.92,0.802,0.66
711,,0.498,0.44,0.498,0.64,0.782,0.9,0.782,0.64
712,,0.478,0.42,0.478,0.62,0.762,0.88,0.762,0.62
713,,0.458,0.4,0.458,0.6,0.742,0.86,0.742,0.6
714,,0.438,0.38,0.438,0.58,0.722,0.84,0.722,0.58
715,,0.418,0.36,0.418,0.56,0.702,0.82,0.702,0.56
716,,0.398,0.34,0.398,0.54,0.682,0.8,0.682,0.54
717,,0.378,0.32,0.378,0.52,0.662,0.78,0.662,0.52
718,,0.358,0.3,0.358,0.5,0.642,0.76,0.642,0.5
719,,0.338,0.28,0.338,0.48,0.622,0.74,0.622,0.48
720,,0.318,0.26,0.318,0.46,0.602,0.72,0.602,0.46
721,,0.298,0.24,0.298,0.44,0.582,0.7,0.582,0.44
722,,0.278,0.22,0.278,0.42,0.562,0.68,0.562,0.42
723,,0.258,0.2,0.258,0.4,0.542,0.66,0.542,0.4
724,,0.238,0.18,0.238,0.38,0.522,0.64,0.522,0.38
725,,0.218,0.16,0.218,0.36,0.502,0.62,0.502,0.36
726,,0.198,0.14,0.198,0.34,0.482,0.6,0.482,0.34
727,,0.178,0.12,0.178,0.32,0.462,0.58,0.462,0.32
728,,0.158,0.1,0.158,0.3,0.442,0.56,0.442,0.3
729,,0.138,0.08,0.138,0.28,0.422,0.54,0.422,0.28
730,,0.118,0.06,0.118,0.26,0.402,0.52,0.402,0.26
731,,0.098,0.04,0.098,0.24,0.382,0.5,0.382,0.24
732,,0.078,0.02,0.078,0.22,0.362,0.48,0.362,0.22
733,,0.058,0.0,0.058,0.2,0.342,0.46,0.342,0.2
734,,0.038,-0.02,0.038,0.18,0.322,0.44,0.322,0.18
735,2,0.489,0.98,0.489,0.56,0.631,0.72,0.631,0.56
736,2,0.94,1.0,0.94,0.94,0.94,1.0,0.94,0.94
737,,0.92,0.98,0.92,0.92,0.92,0.98,0.92,0.92
738,,0.9,0.96,0.9,0.9,0.9,0.96,0.9,0.9
739,,0.88,0.94,0.88,0.88,0.88,0.94,0.88,0.88
740,,0.86,0.92,0.86,0.86,0.86,0.92,0.86,0.86
741,,0.84,0.9,0.84,0.84,0.84,0.9,0.84,0.84
742,,0.82,0.88,0.82,0.82,0.82,0.88,0.82,0.82
743,,0.8,0.86,0.8,0.8,0.8,0.86,0.8,0.8
744,,0.78,0.84,0.78,0.78,0.78,0.84,0.78,0.78
745,,0.76,0.82,0.76,0.76,0.76,0.82,0.76,0.76
746,,0.74,0.8,0.74,0.74,0.74,0.8,0.74,0.74
747,,0.72,0.78,0.72,0.72,0.72,0.78,0.72,0.72
748,,0.7,0.76,0.7,0.7,0.7,0.76,0.7,0.7
749,,0.68,0.74,0.68,0.68,0.68,0.74,0.68,0.68
750,,0.66,0.72,0.66,0.66,0.66,0.72,0.66,0.66
751,,0.64,0.7,0.64,0.64,0.64,0.7,0.64,0.64
752,,0.62,0.68,0.62,0.62,0.62,0.68,0.62,0.62
753,,0.6,0.66,0.6,0.6,0.6,0.66,0.6,0.6
754,,0.58,0.64,0.58,0.58,0.58,0.64,0.58,0.58
755,,0.56,0.62,0.56,0.56,0.56,0.62,0.56,0.56
756,,0.54,0.6,0.54,0.54,0.54,0.6,0.54,0.54
757,,0.52,0.58,0.52,0.52,0.52,0.58,0.52,0.52
758,,0.5,0.56,0.5,0.5,0.5,0.56,0.5,0.5
759,,0.48,0.54,0.48,0.48,0.48,0.54,0.48,0.48
760,,0.46,0.52,0.46,0.46,0.46,0.52,0.46,0.46
761,,0.44,0.5,0.44,0.44,0.44,0.5,0.44,0.44
762,,0.42,0.48,0.42,0.42,0.42,0.48,0.42,0.42
763,,0.4,0.46,0.4,0.4,0.4,0.46,0.4,0.4
764,,0.38,0.44,0.38,0.38,0.38,0.44,0.38,0.38
765,,0.36,0.42,0.36,0.36,0.36,0.42,0.36,0.36
766,,0.34,0.4,0.34,0.34,0.34,0.4,0.34,0.34
767,,0.32,0.38,0.32,0.32,0.32,0.38,0.32,0.32
768,,0.3,0.36,0.3,0.3,0.3,0.36,0.3,0.3
769,,0.28,0.34,0.28,0.28,0.28,0.34,0.28,0.28
770,,0.26,0.32,0.26,0.26,0.26,0.32,0.26,0.26
771,,0.24,0.3,0.24,0.24,0.24,0.3,0.24,0.24
772,,0.22,0.28,0.22,0.22,0.22,0.28,0.22,0.22
773,,0.2,0.26,0.2,0.2,0.2,0.26,0.2,0.2
774,,0.18,0.24,0.18,0.18,0.18,0.24,0.18,0.18
775,,0.16,0.22,0.16,0.16,0.16,0.22,0.16,0.16
776,,0.14,0.2,0.14,0.14,0.14,0.2,0.14,0.14
777,,0.12,0.18,0.12,0.12,0.12,0.18,0.12,0.12
778,,0.1,0.16,0.1,0.1,0.1,0.16,0.1,0.1
779,,0.08,0.14,0.08,0.08,0.08,0.14,0.08,0.08
780,,0.06,0.12,0.06,0.06,0.06,0.12,0.06,0.06
781,,0.04,0.1,0.04,0.04,0.04,0.1,0.04,0.04
782,,0.02,0.08,0.02,0.02,0.02,0.08,0.02,0.02
783,,0.0,0.06,0.0,0.0,0.0,0.06,0.0,0.0
784,,-0.02,0.04,-0.02,-0.02,-0.02,0.04,-0.02,-0.02
785,1,0.98,0.491,0.36,0.289,0.26,0.349,0.36,0.431
786,1,1.0,0.942,0.74,0.598,0.54,0.658,0.74,0.882
787,,0.98,0.922,0.72,0.578,0.52,0.638,0.72,0.862
788,,0.96,0.902,0.7,0.558,0.5,0.618,0.7,0.842
789,,0.94,0.882,0.68,0.538,0.48,0.598,0.68,0.822
790,,0.92,0.862,0.66,0.518,0.46,0.578,0.66,0.802
791,,0.9,0.842,0.64,0.498,0.44,0.558,0.64,0.782
792,,0.88,0.822,0.62,0.478,0.42,0.538,0.62,0.762
793,,0.86,0.802,0.6,0.458,0.4,0.518,0.6,0.742
794,,0.84,0.782,0.58,0.438,0.38,0.498,0.58,0.722
795,,0.82,0.762,0.56,0.418,0.36,0.478,0.56,0.702
796,,0.8,0.742,0.54,0.398,0.34,0.458,0.54,0.682
797,,0.78,0.722,0.52,0.378,0.32,0.438,0.52,0.662
798,,0.76,0.702,0.5,0.358,0.3,0.418,0.5,0.642
799,,0.74,0.682,0.48,0.338,0.28,0.398,0.48,0.622
800,,0.72,0.662,0.46,0.318,0.26,0.378,0.46,0.602
801,,0.7,0.642,0.44,0.298,0.24,0.358,0.44,0.582
802,,0.68,0.622,0.42,0.278,0.22,0.338,0.42,0.562
803,,0.66,0.602,0.4,0.258,0.2,0.318,0.4,0.542
804,,0.64,0.582,0.38,0.238,0.18,0.298,0.38,0.522
805,,0.62,0.562,0.36,0.218,0.16,0.278,0.36,0.502
806,,0.6,0.542,0.34,0.198,0.14,0.258,0.34,0.482
807,,0.58,0.522,0.32,0.178,0.12,0.238,0.32,0.462
808,,0.56,0.502,0.3,0.158,0.1,0.218,0.3,0.442
809,,0.54,0.482,0.28,0.138,0.08,0.198,0.28,0.422
810,,0.52,0.462,0.26,0.118,0.06,0.178,0.26,0.402
811,,0.5,0.442,0.24,0.098,0.04,0.158,0.24,0.382
812,,0.48,0.422,0.22,0.078,0.02,0.138,0.22,0.362
813,,0.46,0.402,0.2,0.058,0.0,0.118,0.2,0.342
814,,0.44,0.382,0.18,0.038,-0.02,0.098,0.18,0.322
815,5,0.72,0.691,0.56,0.489,0.98,0.549,0.56,0.631
816,5,1.0,1.0,0.94,0.94,1.0,1.0,0.94,0.94
817,,0.98,0.98,0.92,0.92,0.98,0.98,0.92,0.92
818,,0.96,0.96,0.9,0.9,0.96,0.96,0.9,0.9
819,,0.94,0.94,0.88,0.88,0.94,0.94,0.88,0.88
820,,0.92,0.92,0.86,0.86,0.92,0.92,0.86,0.86
821,,0.9,0.9,0.84,0.84,0.9,0.9,0.84,0.84
822,,0.88,0.88,0.82,0.82,0.88,0.88,0.82,0.82
823,,0.86,0.86,0.8,0.8,0.86,0.86,0.8,0.8
824,,0.84,0.84,0.78,0.78,0.84,0.84,0.78,0.78
825,,0.82,0.82,0.76,0.76,0.82,0.82,0.76,0.76
826,,0.8,0.8,0.74,0.74,0.8,0.8,0.74,0.74
827,,0.78,0.78,0.72,0.72,0.78,0.78,0.72,0.72
828,,0.76,0.76,0.7,0.7,0.76,0.76,0.7,0.7
829,,0.74,0.74,0.68,0.68,0.74,0.74,0.68,0.68
830,,0.72,0.72,0.66,0.66,0.72,0.72,0.66,0.66
831,,0.7,0.7,0.64,0.64,0.7,0.7,0.64,0.64
832,,0.68,0.68,0.62,0.62,0.68,0.68,0.62,0.62
833,,0.66,0.66,0.6,0.6,0.66,0.66,0.6,0.6
834,,0.64,0.64,0.58,0.58,0.64,0.64,0.58,0.58
835,,0.62,0.62,0.56,0.56,0.62,0.62,0.56,0.56
836,,0.6,0.6,0.54,0.54,0.6,0.6,0.54,0.54
837,,0.58,0.58,0.52,0.52,0.58,0.58,0.52,0.52
838,,0.56,0.56,0.5,0.5,0.56,0.56,0.5,0.5
839,,0.54,0.54,0.48,0.48,0.54,0.54,0.48,0.48
840,,0.52,0.52,0.46,0.46,0.52,0.52,0.46,0.46
841,,0.5,0.5,0.44,0.44,0.5,0.5,0.44,0.44
842,,0.48,0.48,0.42,0.42,0.48,0.48,0.42,0.42
843,,0.46,0.46,0.4,0.4,0.46,0.46,0.4,0.4
844,,0.44,0.44,0.38,0.38,0.44,0.44,0.38,0.38
845,,0.42,0.42,0.36,0.36,0.42,0.42,0.36,0.36
846,,0.4,0.4,0.34,0.34,0.4,0.4,0.34,0.34
847,,0.38,0.38,0.32,0.32,0.38,0.38,0.32,0.32
848,,0.36,0.36,0.3,0.3,0.36,0.36,0.3,0.3
849,,0.34,0.34,0.28,0.28,0.34,0.34,0.28,0.28
850,,0.32,0.32,0.26,0.26,0.32,0.32,0.26,0.26
851,,0.3,0.3,0.24,0.24,0.3,0.3,0.24,0.24
852,,0.28,0.28,0.22,0.22,0.28,0.28,0.22,0.22
853,,0.26,0.26,0.2,0.2,0.26,0.26,0.2,0.2
854,,0.24,0.24,0.18,0.18,0.24,0.24,0.18,0.18
855,,0.22,0.22,0.16,0.16,0.22,0.22,0.16,0.16
856,,0.2,0.2,0.14,0.14,0.2,0.2,0.14,0.14
857,,0.18,0.18,0.12,0.12,0.18,0.18,0.12,0.12
858,,0.16,0.16,0.1,0.1,0.16,0.16,0.1,0.1
859,,0.14,0.14,0.08,0.08,0.14,0.14,0.08,0.08
860,,0.12,0.12,0.06,0.06,0.12,0.12,0.06,0.06
861,,0.1,0.1,0.04,0.04,0.1,0.1,0.04,0.04
862,,0.08,0.08,0.02,0.02,0.08,0.08,0.02,0.02
863,,0.06,0.06,0.0,0.0,0.06,0.06,0.0,0.0
864,,0.04,0.04,-0.02,-0.02,0.04,0.04,-0.02,-0.02
865,8,0.491,0.42,0.289,0.26,0.349,0.42,0.431,0.98
866,8,0.942,0.8,0.598,0.54,0.658,0.8,0.882,1.0
867,,0.922,0.78,0.578,0.52,0.638,0.78,0.862,0.98
868,,0.902,0.76,0.558,0.5,0.618,0.76,0.842,0.96
869,,0.882,0.74,0.538,0.48,0.598,0.74,0.822,0.94
870,,0.862,0.72,0.518,0.46,0.578,0.72,0.802,0.92
871,,0.842,0.7,0.498,0.44,0.558,0.7,0.782,0.9
872,,0.822,0.68,0.478,0.42,0.538,0.68,0.762,0.88
873,,0.802,0.66,0.458,0.4,0.518,0.66,0.742,0.86
874,,0.782,0.64,0.438,0.38,0.498,0.64,0.722,0.84
875,,0.762,0.62,0.418,0.36,0.478,0.62,0.702,0.82
876,,0.742,0.6,0.398,0.34,0.458,0.6,0.682,0.8
877,,0.722,0.58,0.378,0.32,0.438,0.58,0.662,0.78
878,,0.702,0.56,0.358,0.3,0.418,0.56,0.642,0.76
879,,0.682,0.54,0.338,0.28,0.398,0.54,0.622,0.74
