step,active_motive,motive_1,motive_2,motive_3,motive_4,motive_5,motive_6,motive_7,motive_8
0,,0.52007,0.54671,0.18485,0.96958,0.77513,0.9395,0.89483,0.5979
1,,0.50007,0.52671,0.16485,0.94958,0.75513,0.9195,0.87483,0.5779
2,,0.48007,0.50671,0.14485,0.92958,0.73513,0.8995,0.85483,0.5579
3,,0.46007,0.48671,0.12485,0.90958,0.71513,0.8795,0.83483,0.5379
4,,0.44007,0.46671,0.10485,0.88958,0.69513,0.8595,0.81483,0.5179
5,,0.42007,0.44671,0.08485,0.86958,0.67513,0.8395,0.79483,0.4979
6,,0.40007,0.42671,0.06485,0.84958,0.65513,0.8195,0.77483,0.4779
7,,0.38007,0.40671,0.04485,0.82958,0.63513,0.7995,0.75483,0.4579
8,,0.36007,0.38671,0.02485,0.80958,0.61513,0.7795,0.73483,0.4379
9,,0.34007,0.36671,0.00485,0.78958,0.59513,0.7595,0.71483,0.4179
10,,0.32007,0.34671,-0.01515,0.76958,0.57513,0.7395,0.69483,0.3979
11,3,0.70007,0.79771,0.98485,1.0,0.95513,1.0,0.97483,0.7069
12,3,1.0,1.0,1.0,1.0,1.0,1.0,1.0,1.0
13,,0.98,0.98,0.98,0.98,0.98,0.98,0.98,0.98
14,,0.96,0.96,0.96,0.96,0.96,0.96,0.96,0.96
15,,0.94,0.94,0.94,0.94,0.94,0.94,0.94,0.94
16,,0.92,0.92,0.92,0.92,0.92,0.92,0.92,0.92
17,,0.9,0.9,0.9,0.9,0.9,0.9,0.9,0.9
18,,0.88,0.88,0.88,0.88,0.88,0.88,0.88,0.88
19,,0.86,0.86,0.86,0.86,0.86,0.86,0.86,0.86
20,,0.84,0.84,0.84,0.84,0.84,0.84,0.84,0.84
21,,0.82,0.82,0.82,0.82,0.82,0.82,0.82,0.82
22,,0.8,0.8,0.8,0.8,0.8,0.8,0.8,0.8
23,,0.78,0.78,0.78,0.78,0.78,0.78,0.78,0.78
24,,0.76,0.76,0.76,0.76,0.76,0.76,0.76,0.76
25,,0.74,0.74,0.74,0.74,0.74,0.74,0.74,0.74
26,,0.72,0.72,0.72,0.72,0.72,0.72,0.72,0.72
27,,0.7,0.7,0.7,0.7,0.7,0.7,0.7,0.7
28,,0.68,0.68,0.68,0.68,0.68,0.68,0.68,0.68
29,,0.66,0.66,0.66,0.66,0.66,0.66,0.66,0.66
30,,0.64,0.64,0.64,0.64,0.64,0.64,0.64,0.64
31,,0.62,0.62,0.62,0.62,0.62,0.62,0.62,0.62
32,,0.6,0.6,0.6,0.6,0.6,0.6,0.6,0.6
33,,0.58,0.58,0.58,0.58,0.58,0.58,0.58,0.58
34,,0.56,0.56,0.56,0.56,0.56,0.56,0.56,0.56
35,,0.54,0.54,0.54,0.54,0.54,0.54,0.54,0.54
36,,0.52,0.52,0.52,0.52,0.52,0.52,0.52,0.52
37,,0.5,0.5,0.5,0.5,0.5,0.5,0.5,0.5
38,,0.48,0.48,0.48,0.48,0.48,0.48,0.48,0.48
39,,0.46,0.46,0.46,0.46,0.46,0.46,0.46,0.46
40,,0.44,0.44,0.44,0.44,0.44,0.44,0.44,0.44
41,,0.42,0.42,0.42,0.42,0.42,0.42,0.42,0.42
42,,0.4,0.4,0.4,0.4,0.4,0.4,0.4,0.4
43,,0.38,0.38,0.38,0.38,0.38,0.38,0.38,0.38
44,,0.36,0.36,0.36,0.36,0.36,0.36,0.36,0.36
45,,0.34,0.34,0.34,0.34,0.34,0.34,0.34,0.34
46,,0.32,0.32,0.32,0.32,0.32,0.32,0.32,0.32
47,,0.3,0.3,0.3,0.3,0.3,0.3,0.3,0.3
48,,0.28,0.28,0.28,0.28,0.28,0.28,0.28,0.28
49,,0.26,0.26,0.26,0.26,0.26,0.26,0.26,0.26
50,,0.24,0.24,0.24,0.24,0.24,0.24,0.24,0.24
51,,0.22,0.22,0.22,0.22,0.22,0.22,0.22,0.22
52,,0.2,0.2,0.2,0.2,0.2,0.2,0.2,0.2
53,,0.18,0.18,0.18,0.18,0.18,0.18,0.18,0.18
54,,0.16,0.16,0.16,0.16,0.16,0.16,0.16,0.16
55,,0.14,0.14,0.14,0.14,0.14,0.14,0.14,0.14
56,,0.12,0.12,0.12,0.12,0.12,0.12,0.12,0.12
57,,0.1,0.1,0.1,0.1,0.1,0.1,0.1,0.1
58,,0.08,0.08,0.08,0.08,0.08,0.08,0.08,0.08
59,,0.06,0.06,0.06,0.06,0.06,0.06,0.06,0.06
60,,0.04,0.04,0.04,0.04,0.04,0.04,0.04,0.04
61,,0.02,0.02,0.02,0.02,0.02,0.02,0.02,0.02
62,,0.0,0.0,0.0,0.0,0.0,0.0,0.0,0.0
63,,-0.02,-0.02,-0.02,-0.02,-0.02,-0.02,-0.02,-0.02
64,8,0.431,0.36,0.289,0.26,0.289,0.36,0.431,0.98
65,8,0.882,0.74,0.598,0.54,0.598,0.74,0.882,1.0
66,,0.862,0.72,0.578,0.52,0.578,0.72,0.862,0.98
67,,0.842,0.7,0.558,0.5,0.558,0.7,0.842,0.96
68,,0.822,0.68,0.538,0.48,0.538,0.68,0.822,0.94
69,,0.802,0.66,0.518,0.46,0.518,0.66,0.802,0.92
70,,0.782,0.64,0.498,0.44,0.498,0.64,0.782,0.9
71,,0.762,0.62,0.478,0.42,0.478,0.62,0.762,0.88
72,,0.742,0.6,0.458,0.4,0.458,0.6,0.742,0.86
73,,0.722,0.58,0.438,0.38,0.438,0.58,0.722,0.84
74,,0.702,0.56,0.418,0.36,0.418,0.56,0.702,0.82
75,,0.682,0.54,0.398,0.34,0.398,0.54,0.682,0.8
76,,0.662,0.52,0.378,0.32,0.378,0.52,0.662,0.78
77,,0.642,0.5,0.358,0.3,0.358,0.5,0.642,0.76
78,,0.622,0.48,0.338,0.28,0.338,0.48,0.622,0.74
79,,0.602,0.46,0.318,0.26,0.318,0.46,0.602,0.72
80,,0.582,0.44,0.298,0.24,0.298,0.44,0.582,0.7
81,,0.562,0.42,0.278,0.22,0.278,0.42,0.562,0.68
82,,0.542,0.4,0.258,0.2,0.258,0.4,0.542,0.66
83,,0.522,0.38,0.238,0.18,0.238,0.38,0.522,0.64
84,,0.502,0.36,0.218,0.16,0.218,0.36,0.502,0.62
85,,0.482,0.34,0.198,0.14,0.198,0.34,0.482,0.6
86,,0.462,0.32,0.178,0.12,0.178,0.32,0.462,0.58
87,,0.442,0.3,0.158,0.1,0.158,0.3,0.442,0.56
88,,0.422,0.28,0.138,0.08,0.138,0.28,0.422,0.54
89,,0.402,0.26,0.118,0.06,0.118,0.26,0.402,0.52
90,,0.382,0.24,0.098,0.04,0.098,0.24,0.382,0.5
91,,0.362,0.22,0.078,0.02,0.078,0.22,0.362,0.48
92,,0.342,0.2,0.058,0.0,0.058,0.2,0.342,0.46
93,,0.322,0.18,0.038,-0.02,0.038,0.18,0.322,0.44
94,4,0.631,0.56,0.489,0.98,0.489,0.56,0.631,0.72
95,4,0.94,0.94,0.94,1.0,0.94,0.94,0.94,1.0
96,,0.92,0.92,0.92,0.98,0.92,0.92,0.92,0.98
97,,0.9,0.9,0.9,0.96,0.9,0.9,0.9,0.96
98,,0.88,0.88,0.88,0.94,0.88,0.88,0.88,0.94
99,,0.86,0.86,0.86,0.92,0.86,0.86,0.86,0.92
100,,0.84,0.84,0.84,0.9,0.84,0.84,0.84,0.9
101,,0.82,0.82,0.82,0.88,0.82,0.82,0.82,0.88
102,,0.8,0.8,0.8,0.86,0.8,0.8,0.8,0.86
103,,0.78,0.78,0.78,0.84,0.78,0.78,0.78,0.84
104,,0.76,0.76,0.76,0.82,0.76,0.76,0.76,0.82
105,,0.74,0.74,0.74,0.8,0.74,0.74,0.74,0.8
106,,0.72,0.72,0.72,0.78,0.72,0.72,0.72,0.78
107,,0.7,0.7,0.7,0.76,0.7,0.7,0.7,0.76
108,,0.68,0.68,0.68,0.74,0.68,0.68,0.68,0.74
109,,0.66,0.66,0.66,0.72,0.66,0.66,0.66,0.72
110,,0.64,0.64,0.64,0.7,0.64,0.64,0.64,0.7
111,,0.62,0.62,0.62,0.68,0.62,0.62,0.62,0.68
112,,0.6,0.6,0.6,0.66,0.6,0.6,0.6,0.66
113,,0.58,0.58,0.58,0.64,0.58,0.58,0.58,0.64
114,,0.56,0.56,0.56,0.62,0.56,0.56,0.56,0.62
115,,0.54,0.54,0.54,0.6,0.54,0.54,0.54,0.6
116,,0.52,0.52,0.52,0.58,0.52,0.52,0.52,0.58
117,,0.5,0.5,0.5,0.56,0.5,0.5,0.5,0.56
118,,0.48,0.48,0.48,0.54,0.48,0.48,0.48,0.54
119,,0.46,0.46,0.46,0.52,0.46,0.46,0.46,0.52
120,,0.44,0.44,0.44,0.5,0.44,0.44,0.44,0.5
121,,0.42,0.42,0.42,0.48,0.42,0.42,0.42,0.48
122,,0.4,0.4,0.4,0.46,0.4,0.4,0.4,0.46
123,,0.38,0.38,0.38,0.44,0.38,0.38,0.38,0.44
124,,0.36,0.36,0.36,0.42,0.36,0.36,0.36,0.42
125,,0.34,0.34,0.34,0.4,0.34,0.34,0.34,0.4
126,,0.32,0.32,0.32,0.38,0.32,0.32,0.32,0.38
127,,0.3,0.3,0.3,0.36,0.3,0.3,0.3,0.36
128,,0.28,0.28,0.28,0.34,0.28,0.28,0.28,0.34
129,,0.26,0.26,0.26,0.32,0.26,0.26,0.26,0.32
130,,0.24,0.24,0.24,0.3,0.24,0.24,0.24,0.3
131,,0.22,0.22,0.22,0.28,0.22,0.22,0.22,0.28
132,,0.2,0.2,0.2,0.26,0.2,0.2,0.2,0.26
133,,0.18,0.18,0.18,0.24,0.18,0.18,0.18,0.24
134,,0.16,0.16,0.16,0.22,0.16,0.16,0.16,0.22
135,,0.14,0.14,0.14,0.2,0.14,0.14,0.14,0.2
136,,0.12,0.12,0.12,0.18,0.12,0.12,0.12,0.18
137,,0.1,0.1,0.1,0.16,0.1,0.1,0.1,0.16
138,,0.08,0.08,0.08,0.14,0.08,0.08,0.08,0.14
139,,0.06,0.06,0.06,0.12,0.06,0.06,0.06,0.12
140,,0.04,0.04,0.04,0.1,0.04,0.04,0.04,0.1
141,,0.02,0.02,0.02,0.08,0.02,0.02,0.02,0.08
142,,0.0,0.0,0.0,0.06,0.0,0.0,0.0,0.06
143,,-0.02,-0.02,-0.02,0.04,-0.02,-0.02,-0.02,0.04
144,7,0.36,0.289,0.26,0.349,0.36,0.431,0.98,0.491
145,7,0.74,0.598,0.54,0.658,0.74,0.882,1.0,0.942
146,,0.72,0.578,0.52,0.638,0.72,0.862,0.98,0.922
147,,0.7,0.558,0.5,0.618,0.7,0.842,0.96,0.902
148,,0.68,0.538,0.48,0.598,0.68,0.822,0.94,0.882
149,,0.66,0.518,0.46,0.578,0.66,0.802,0.92,0.862
150,,0.64,0.498,0.44,0.558,0.64,0.782,0.9,0.842
151,,0.62,0.478,0.42,0.538,0.62,0.762,0.88,0.822
152,,0.6,0.458,0.4,0.518,0.6,0.742,0.86,0.802
153,,0.58,0.438,0.38,0.498,0.58,0.722,0.84,0.782
154,,0.56,0.418,0.36,0.478,0.56,0.702,0.82,0.762
155,,0.54,0.398,0.34,0.458,0.54,0.682,0.8,0.742
156,,0.52,0.378,0.32,0.438,0.52,0.662,0.78,0.722
157,,0.5,0.358,0.3,0.418,0.5,0.642,0.76,0.702
158,,0.48,0.338,0.28,0.398,0.48,0.622,0.74,0.682
159,,0.46,0.318,0.26,0.378,0.46,0.602,0.72,0.662
160,,0.44,0.298,0.24,0.358,0.44,0.582,0.7,0.642
161,,0.42,0.278,0.22,0.338,0.42,0.562,0.68,0.622
162,,0.4,0.258,0.2,0.318,0.4,0.542,0.66,0.602
163,,0.38,0.238,0.18,0.298,0.38,0.522,0.64,0.582
164,,0.36,0.218,0.16,0.278,0.36,0.502,0.62,0.562
165,,0.34,0.198,0.14,0.258,0.34,0.482,0.6,0.542
166,,0.32,0.178,0.12,0.238,0.32,0.462,0.58,0.522
167,,0.3,0.158,0.1,0.218,0.3,0.442,0.56,0.502
168,,0.28,0.138,0.08,0.198,0.28,0.422,0.54,0.482
169,,0.26,0.118,0.06,0.178,0.26,0.402,0.52,0.462
170,,0.24,0.098,0.04,0.158,0.24,0.382,0.5,0.442
171,,0.22,0.078,0.02,0.138,0.22,0.362,0.48,0.422
172,,0.2,0.058,0.0,0.118,0.2,0.342,0.46,0.402
173,,0.18,0.038,-0.02,0.098,0.18,0.322,0.44,0.382
174,3,0.56,0.489,0.98,0.549,0.56,0.631,0.72,0.691
175,3,0.94,0.94,1.0,1.0,0.94,0.94,1.0,1.0
176,,0.92,0.92,0.98,0.98,0.92,0.92,0.98,0.98
177,,0.9,0.9,0.96,0.96,0.9,0.9,0.96,0.96
178,,0.88,0.88,0.94,0.94,0.88,0.88,0.94,0.94
179,,0.86,0.86,0.92,0.92,0.86,0.86,0.92,0.92
180,,0.84,0.84,0.9,0.9,0.84,0.84,0.9,0.9
181,,0.82,0.82,0.88,0.88,0.82,0.82,0.88,0.88
182,,0.8,0.8,0.86,0.86,0.8,0.8,0.86,0.86
183,,0.78,0.78,0.84,0.84,0.78,0.78,0.84,0.84
184,,0.76,0.76,0.82,0.82,0.76,0.76,0.82,0.82
185,,0.74,0.74,0.8,0.8,0.74,0.74,0.8,0.8
186,,0.72,0.72,0.78,0.78,0.72,0.72,0.78,0.78
187,,0.7,0.7,0.76,0.76,0.7,0.7,0.76,0.76
188,,0.68,0.68,0.74,0.74,0.68,0.68,0.74,0.74
189,,0.66,0.66,0.72,0.72,0.66,0.66,0.72,0.72
190,,0.64,0.64,0.7,0.7,0.64,0.64,0.7,0.7
191,,0.62,0.62,0.68,0.68,0.62,0.62,0.68,0.68
192,,0.6,0.6,0.66,0.66,0.6,0.6,0.66,0.66
193,,0.58,0.58,0.64,0.64,0.58,0.58,0.64,0.64
194,,0.56,0.56,0.62,0.62,0.56,0.56,0.62,0.62
195,,0.54,0.54,0.6,0.6,0.54,0.54,0.6,0.6
196,,0.52,0.52,0.58,0.58,0.52,0.52,0.58,0.58
197,,0.5,0.5,0.56,0.56,0.5,0.5,0.56,0.56
198,,0.48,0.48,0.54,0.54,0.48,0.48,0.54,0.54
199,,0.46,0.46,0.52,0.52,0.46,0.46,0.52,0.52
200,,0.44,0.44,0.5,0.5,0.44,0.44,0.5,0.5
201,,0.42,0.42,0.48,0.48,0.42,0.42,0.48,0.48
202,,0.4,0.4,0.46,0.46,0.4,0.4,0.46,0.46
203,,0.38,0.38,0.44,0.44,0.38,0.38,0.44,0.44
204,,0.36,0.36,0.42,0.42,0.36,0.36,0.42,0.42
205,,0.34,0.34,0.4,0.4,0.34,0.34,0.4,0.4
206,,0.32,0.32,0.38,0.38,0.32,0.32,0.38,0.38
207,,0.3,0.3,0.36,0.36,0.3,0.3,0.36,0.36
208,,0.28,0.28,0.34,0.34,0.28,0.28,0.34,0.34
209,,0.26,0.26,0.32,0.32,0.26,0.26,0.32,0.32
210,,0.24,0.24,0.3,0.3,0.24,0.24,0.3,0.3
211,,0.22,0.22,0.28,0.28,0.22,0.22,0.28,0.28
212,,0.2,0.2,0.26,0.26,0.2,0.2,0.26,0.26
213,,0.18,0.18,0.24,0.24,0.18,0.18,0.24,0.24
214,,0.16,0.16,0.22,0.22,0.16,0.16,0.22,0.22
215,,0.14,0.14,0.2,0.2,0.14,0.14,0.2,0.2
216,,0.12,0.12,0.18,0.18,0.12,0.12,0.18,0.18
217,,0.1,0.1,0.16,0.16,0.1,0.1,0.16,0.16
218,,0.08,0.08,0.14,0.14,0.08,0.08,0.14,0.14
219,,0.06,0.06,0.12,0.12,0.06,0.06,0.12,0.12
220,,0.04,0.04,0.1,0.1,0.04,0.04,0.1,0.1
221,,0.02,0.02,0.08,0.08,0.02,0.02,0.08,0.08
222,,0.0,0.0,0.06,0.06,0.0,0.0,0.06,0.06
223,,-0.02,-0.02,0.04,0.04,-0.02,-0.02,0.04,0.04
224,5,0.26,0.289,0.42,0.491,0.98,0.431,0.42,0.349
225,5,0.54,0.598,0.8,0.942,1.0,0.882,0.8,0.658
226,,0.52,0.578,0.78,0.922,0.98,0.862,0.78,0.638
227,,0.5,0.558,0.76,0.902,0.96,0.842,0.76,0.618
228,,0.48,0.538,0.74,0.882,0.94,0.822,0.74,0.598
229,,0.46,0.518,0.72,0.862,0.92,0.802,0.72,0.578
230,,0.44,0.498,0.7,0.842,0.9,0.782,0.7,0.558
231,,0.42,0.478,0.68,0.822,0.88,0.762,0.68,0.538
232,,0.4,0.458,0.66,0.802,0.86,0.742,0.66,0.518
233,,0.38,0.438,0.64,0.782,0.84,0.722,0.64,0.498
234,,0.36,0.418,0.62,0.762,0.82,0.702,0.62,0.478
235,,0.34,0.398,0.6,0.742,0.8,0.682,0.6,0.458
236,,0.32,0.378,0.58,0.722,0.78,0.662,0.58,0.438
237,,0.3,0.358,0.56,0.702,0.76,0.642,0.56,0.418
238,,0.28,0.338,0.54,0.682,0.74,0.622,0.54,0.398
239,,0.26,0.318,0.52,0.662,0.72,0.602,0.52,0.378
240,,0.24,0.298,0.5,0.642,0.7,0.582,0.5,0.358
241,,0.22,0.278,0.48,0.622,0.68,0.562,0.48,0.338
242,,0.2,0.258,0.46,0.602,0.66,0.542,0.46,0.318
243,,0.18,0.238,0.44,0.582,0.64,0.522,0.44,0.298
244,,0.16,0.218,0.42,0.562,0.62,0.502,0.42,0.278
245,,0.14,0.198,0.4,0.542,0.6,0.482,0.4,0.258
246,,0.12,0.178,0.38,0.522,0.58,0.462,0.38,0.238
247,,0.1,0.158,0.36,0.502,0.56,0.442,0.36,0.218
248,,0.08,0.138,0.34,0.482,0.54,0.422,0.34,0.198
249,,0.06,0.118,0.32,0.462,0.52,0.402,0.32,0.178
250,,0.04,0.098,0.3,0.442,0.5,0.382,0.3,0.158
251,,0.02,0.078,0.28,0.422,0.48,0.362,0.28,0.138
252,,0.0,0.058,0.26,0.402,0.46,0.342,0.26,0.118
253,,-0.02,0.038,0.24,0.382,0.44,0.322,0.24,0.098
254,1,0.98,0.489,0.62,0.691,0.72,0.631,0.62,0.549
255,1,1.0,0.94,1.0,1.0,1.0,0.94,1.0,1.0
256,,0.98,0.92,0.98,0.98,0.98,0.92,0.98,0.98
257,,0.96,0.9,0.96,0.96,0.96,0.9,0.96,0.96
258,,0.94,0.88,0.94,0.94,0.94,0.88,0.94,0.94
259,,0.92,0.86,0.92,0.92,0.92,0.86,0.92,0.92
260,,0.9,0.84,0.9,0.9,0.9,0.84,0.9,0.9
261,,0.88,0.82,0.88,0.88,0.88,0.82,0.88,0.88
262,,0.86,0.8,0.86,0.86,0.86,0.8,0.86,0.86
263,,0.84,0.78,0.84,0.84,0.84,0.78,0.84,0.84
264,,0.82,0.76,0.82,0.82,0.82,0.76,0.82,0.82
265,,0.8,0.74,0.8,0.8,0.8,0.74,0.8,0.8
266,,0.78,0.72,0.78,0.78,0.78,0.72,0.78,0.78
267,,0.76,0.7,0.76,0.76,0.76,0.7,0.76,0.76
268,,0.74,0.68,0.74,0.74,0.74,0.68,0.74,0.74
269,,0.72,0.66,0.72,0.72,0.72,0.66,0.72,0.72
270,,0.7,0.64,0.7,0.7,0.7,0.64,0.7,0.7
271,,0.68,0.62,0.68,0.68,0.68,0.62,0.68,0.68
272,,0.66,0.6,0.66,0.66,0.66,0.6,0.66,0.66
273,,0.64,0.58,0.64,0.64,0.64,0.58,0.64,0.64
274,,0.62,0.56,0.62,0.62,0.62,0.56,0.62,0.62
275,,0.6,0.54,0.6,0.6,0.6,0.54,0.6,0.6
276,,0.58,0.52,0.58,0.58,0.58,0.52,0.58,0.58
277,,0.56,0.5,0.56,0.56,0.56,0.5,0.56,0.56
278,,0.54,0.48,0.54,0.54,0.54,0.48,0.54,0.54
279,,0.52,0.46,0.52,0.52,0.52,0.46,0.52,0.52
280,,0.5,0.44,0.5,0.5,0.5,0.44,0.5,0.5
281,,0.48,0.42,0.48,0.48,0.48,0.42,0.48,0.48
282,,0.46,0.4,0.46,0.46,0.46,0.4,0.46,0.46
283,,0.44,0.38,0.44,0.44,0.44,0.38,0.44,0.44
284,,0.42,0.36,0.42,0.42,0.42,0.36,0.42,0.42
285,,0.4,0.34,0.4,0.4,0.4,0.34,0.4,0.4
286,,0.38,0.32,0.38,0.38,0.38,0.32,0.38,0.38
287,,0.36,0.3,0.36,0.36,0.36,0.3,0.36,0.36
288,,0.34,0.28,0.34,0.34,0.34,0.28,0.34,0.34
289,,0.32,0.26,0.32,0.32,0.32,0.26,0.32,0.32
290,,0.3,0.24,0.3,0.3,0.3,0.24,0.3,0.3
291,,0.28,0.22,0.28,0.28,0.28,0.22,0.28,0.28
292,,0.26,0.2,0.26,0.26,0.26,0.2,0.26,0.26
293,,0.24,0.18,0.24,0.24,0.24,0.18,0.24,0.24
294,,0.22,0.16,0.22,0.22,0.22,0.16,0.22,0.22
295,,0.2,0.14,0.2,0.2,0.2,0.14,0.2,0.2
296,,0.18,0.12,0.18,0.18,0.18,0.12,0.18,0.18
297,,0.16,0.1,0.16,0.16,0.16,0.1,0.16,0.16
298,,0.14,0.08,0.14,0.14,0.14,0.08,0.14,0.14
299,,0.12,0.06,0.12,0.12,0.12,0.06,0.12,0.12
300,,0.1,0.04,0.1,0.1,0.1,0.04,0.1,0.1
301,,0.08,0.02,0.08,0.08,0.08,0.02,0.08,0.08
302,,0.06,0.0,0.06,0.06,0.06,0.0,0.06,0.06
303,,0.04,-0.02,0.04,0.04,0.04,-0.02,0.04,0.04
304,6,0.349,0.26,0.349,0.42,0.491,0.98,0.491,0.42
305,6,0.658,0.54,0.658,0.8,0.942,1.0,0.942,0.8
306,,0.638,0.52,0.638,0.78,0.922,0.98,0.922,0.78
307,,0.618,0.5,0.618,0.76,0.902,0.96,0.902,0.76
308,,0.598,0.48,0.598,0.74,0.882,0.94,0.882,0.74
309,,0.578,0.46,0.578,0.72,0.862,0.92,0.862,0.72
310,,0.558,0.44,0.558,0.7,0.842,0.9,0.842,0.7
311,,0.538,0.42,0.538,0.68,0.822,0.88,0.822,0.68
312,,0.518,0.4,0.518,0.66,0.802,0.86,0.802,0.66
313,,0.498,0.38,0.498,0.64,0.782,0.84,0.782,0.64
314,,0.478,0.36,0.478,0.62,0.762,0.82,0.762,0.62
315,,0.458,0.34,0.458,0.6,0.742,0.8,0.742,0.6
316,,0.438,0.32,0.438,0.58,0.722,0.78,0.722,0.58
317,,0.418,0.3,0.418,0.56,0.702,0.76,0.702,0.56
318,,0.398,0.28,0.398,0.54,0.682,0.74,0.682,0.54
319,,0.378,0.26,0.378,0.52,0.662,0.72,0.662,0.52
320,,0.358,0.24,0.358,0.5,0.642,0.7,0.642,0.5
321,,0.338,0.22,0.338,0.48,0.622,0.68,0.622,0.48
322,,0.318,0.2,0.318,0.46,0.602,0.66,0.602,0.46
323,,0.298,0.18,0.298,0.44,0.582,0.64,0.582,0.44
324,,0.278,0.16,0.278,0.42,0.562,0.62,0.562,0.42
325,,0.258,0.14,0.258,0.4,0.542,0.6,0.542,0.4
326,,0.238,0.12,0.238,0.38,0.522,0.58,0.522,0.38
327,,0.218,0.1,0.218,0.36,0.502,0.56,0.502,0.36
328,,0.198,0.08,0.198,0.34,0.482,0.54,0.482,0.34
329,,0.178,0.06,0.178,0.32,0.462,0.52,0.462,0.32
330,,0.158,0.04,0.158,0.3,0.442,0.5,0.442,0.3
331,,0.138,0.02,0.138,0.28,0.422,0.48,0.422,0.28
332,,0.118,0.0,0.118,0.26,0.402,0.46,0.402,0.26
333,,0.098,-0.02,0.098,0.24,0.382,0.44,0.382,0.24
334,2,0.549,0.98,0.549,0.62,0.691,0.72,0.691,0.62
335,2,1.0,1.0,1.0,1.0,1.0,1.0,1.0,1.0
336,,0.98,0.98,0.98,0.98,0.98,0.98,0.98,0.98
337,,0.96,0.96,0.96,0.96,0.96,0.96,0.96,0.96
338,,0.94,0.94,0.94,0.94,0.94,0.94,0.94,0.94
339,,0.92,0.92,0.92,0.92,0.92,0.92,0.92,0.92
340,,0.9,0.9,0.9,0.9,0.9,0.9,0.9,0.9
341,,0.88,0.88,0.88,0.88,0.88,0.88,0.88,0.88
342,,0.86,0.86,0.86,0.86,0.86,0.86,0.86,0.86
343,,0.84,0.84,0.84,0.84,0.84,0.84,0.84,0.84
344,,0.82,0.82,0.82,0.82,0.82,0.82,0.82,0.82
345,,0.8,0.8,0.8,0.8,0.8,0.8,0.8,0.8
346,,0.78,0.78,0.78,0.78,0.78,0.78,0.78,0.78
347,,0.76,0.76,0.76,0.76,0.76,0.76,0.76,0.76
348,,0.74,0.74,0.74,0.74,0.74,0.74,0.74,0.74
349,,0.72,0.72,0.72,0.72,0.72,0.72,0.72,0.72
350,,0.7,0.7,0.7,0.7,0.7,0.7,0.7,0.7
351,,0.68,0.68,0.68,0.68,0.68,0.68,0.68,0.68
352,,0.66,0.66,0.66,0.66,0.66,0.66,0.66,0.66
353,,0.64,0.64,0.64,0.64,0.64,0.64,0.64,0.64
354,,0.62,0.62,0.62,0.62,0.62,0.62,0.62,0.62
355,,0.6,0.6,0.6,0.6,0.6,0.6,0.6,0.6
356,,0.58,0.58,0.58,0.58,0.58,0.58,0.58,0.58
357,,0.56,0.56,0.56,0.56,0.56,0.56,0.56,0.56
358,,0.54,0.54,0.54,0.54,0.54,0.54,0.54,0.54
359,,0.52,0.52,0.52,0.52,0.52,0.52,0.52,0.52
360,,0.5,0.5,0.5,0.5,0.5,0.5,0.5,0.5
361,,0.48,0.48,0.48,0.48,0.48,0.48,0.48,0.48
362,,0.46,0.46,0.46,0.46,0.46,0.46,0.46,0.46
363,,0.44,0.44,0.44,0.44,0.44,0.44,0.44,0.44
364,,0.42,0.42,0.42,0.42,0.42,0.42,0.42,0.42
365,,0.4,0.4,0.4,0.4,0.4,0.4,0.4,0.4
366,,0.38,0.38,0.38,0.38,0.38,0.38,0.38,0.38
367,,0.36,0.36,0.36,0.36,0.36,0.36,0.36,0.36
368,,0.34,0.34,0.34,0.34,0.34,0.34,0.34,0.34
369,,0.32,0.32,0.32,0.32,0.32,0.32,0.32,0.32
370,,0.3,0.3,0.3,0.3,0.3,0.3,0.3,0.3
371,,0.28,0.28,0.28,0.28,0.28,0.28,0.28,0.28
372,,0.26,0.26,0.26,0.26,0.26,0.26,0.26,0.26
373,,0.24,0.24,0.24,0.24,0.24,0.24,0.24,0.24
374,,0.22,0.22,0.22,0.22,0.22,0.22,0.22,0.22
375,,0.2,0.2,0.2,0.2,0.2,0.2,0.2,0.2
376,,0.18,0.18,0.18,0.18,0.18,0.18,0.18,0.18
377,,0.16,0.16,0.16,0.16,0.16,0.16,0.16,0.16
378,,0.14,0.14,0.14,0.14,0.14,0.14,0.14,0.14
379,,0.12,0.12,0.12,0.12,0.12,0.12,0.12,0.12
380,,0.1,0.1,0.1,0.1,0.1,0.1,0.1,0.1
381,,0.08,0.08,0.08,0.08,0.08,0.08,0.08,0.08
382,,0.06,0.06,0.06,0.06,0.06,0.06,0.06,0.06
383,,0.04,0.04,0.04,0.04,0.04,0.04,0.04,0.04
384,,0.02,0.02,0.02,0.02,0.02,0.02,0.02,0.02
385,,0.0,0.0,0.0,0.0,0.0,0.0,0.0,0.0
386,,-0.02,-0.02,-0.02,-0.02,-0.02,-0.02,-0.02,-0.02
387,1,0.98,0.431,0.36,0.289,0.26,0.289,0.36,0.431
388,1,1.0,0.882,0.74,0.598,0.54,0.598,0.74,0.882
389,,0.98,0.862,0.72,0.578,0.52,0.578,0.72,0.862
390,,0.96,0.842,0.7,0.558,0.5,0.558,0.7,0.842
391,,0.94,0.822,0.68,0.538,0.48,0.538,0.68,0.822
392,,0.92,0.802,0.66,0.518,0.46,0.518,0.66,0.802
393,,0.9,0.782,0.64,0.498,0.44,0.498,0.64,0.782
394,,0.88,0.762,0.62,0.478,0.42,0.478,0.62,0.762
395,,0.86,0.742,0.6,0.458,0.4,0.458,0.6,0.742
396,,0.84,0.722,0.58,0.438,0.38,0.438,0.58,0.722
397,,0.82,0.702,0.56,0.418,0.36,0.418,0.56,0.702
398,,0.8,0.682,0.54,0.398,0.34,0.398,0.54,0.682
399,,0.78,0.662,0.52,0.378,0.32,0.378,0.52,0.662
400,,0.76,0.642,0.5,0.358,0.3,0.358,0.5,0.642
401,,0.74,0.622,0.48,0.338,0.28,0.338,0.48,0.622
402,,0.72,0.602,0.46,0.318,0.26,0.318,0.46,0.602
403,,0.7,0.582,0.44,0.298,0.24,0.298,0.44,0.582
404,,0.68,0.562,0.42,0.278,0.22,0.278,0.42,0.562
405,,0.66,0.542,0.4,0.258,0.2,0.258,0.4,0.542
406,,0.64,0.522,0.38,0.238,0.18,0.238,0.38,0.522
407,,0.62,0.502,0.36,0.218,0.16,0.218,0.36,0.502
408,,0.6,0.482,0.34,0.198,0.14,0.198,0.34,0.482
409,,0.58,0.462,0.32,0.178,0.12,0.178,0.32,0.462
410,,0.56,0.442,0.3,0.158,0.1,0.158,0.3,0.442
411,,0.54,0.422,0.28,0.138,0.08,0.138,0.28,0.422
412,,0.52,0.402,0.26,0.118,0.06,0.118,0.26,0.402
413,,0.5,0.382,0.24,0.098,0.04,0.098,0.24,0.382
414,,0.48,0.362,0.22,0.078,0.02,0.078,0.22,0.362
415,,0.46,0.342,0.2,0.058,0.0,0.058,0.2,0.342
416,,0.44,0.322,0.18,0.038,-0.02,0.038,0.18,0.322
417,5,0.72,0.631,0.56,0.489,0.98,0.489,0.56,0.631
418,5,1.0,0.94,0.94,0.94,1.0,0.94,0.94,0.94
419,,0.98,0.92,0.92,0.92,0.98,0.92,0.92,0.92
420,,0.96,0.9,0.9,0.9,0.96,0.9,0.9,0.9
421,,0.94,0.88,0.88,0.88,0.94,0.88,0.88,0.88
422,,0.92,0.86,0.86,0.86,0.92,0.86,0.86,0.86
423,,0.9,0.84,0.84,0.84,0.9,0.84,0.84,0.84
424,,0.88,0.82,0.82,0.82,0.88,0.82,0.82,0.82
425,,0.86,0.8,0.8,0.8,0.86,0.8,0.8,0.8
426,,0.84,0.78,0.78,0.78,0.84,0.78,0.78,0.78
427,,0.82,0.76,0.76,0.76,0.82,0.76,0.76,0.76
428,,0.8,0.74,0.74,0.74,0.8,0.74,0.74,0.74
429,,0.78,0.72,0.72,0.72,0.78,0.72,0.72,0.72
430,,0.76,0.7,0.7,0.7,0.76,0.7,0.7,0.7
431,,0.74,0.68,0.68,0.68,0.74,0.68,0.68,0.68
432,,0.72,0.66,0.66,0.66,0.72,0.66,0.66,0.66
433,,0.7,0.64,0.64,0.64,0.7,0.64,0.64,0.64
434,,0.68,0.62,0.62,0.62,0.68,0.62,0.62,0.62
435,,0.66,0.6,0.6,0.6,0.66,0.6,0.6,0.6
436,,0.64,0.58,0.58,0.58,0.64,0.58,0.58,0.58
437,,0.62,0.56,0.56,0.56,0.62,0.56,0.56,0.56
438,,0.6,0.54,0.54,0.54,0.6,0.54,0.54,0.54
439,,0.58,0.52,0.52,0.52,0.58,0.52,0.52,0.52
440,,0.56,0.5,0.5,0.5,0.56,0.5,0.5,0.5
441,,0.54,0.48,0.48,0.48,0.54,0.48,0.48,0.48
442,,0.52,0.46,0.46,0.46,0.52,0.46,0.46,0.46
443,,0.5,0.44,0.44,0.44,0.5,0.44,0.44,0.44
444,,0.48,0.42,0.42,0.42,0.48,0.42,0.42,0.42
445,,0.46,0.4,0.4,0.4,0.46,0.4,0.4,0.4
446,,0.44,0.38,0.38,0.38,0.44,0.38,0.38,0.38
447,,0.42,0.36,0.36,0.36,0.42,0.36,0.36,0.36
448,,0.4,0.34,0.34,0.34,0.4,0.34,0.34,0.34
449,,0.38,0.32,0.32,0.32,0.38,0.32,0.32,0.32
450,,0.36,0.3,0.3,0.3,0.36,0.3,0.3,0.3
451,,0.34,0.28,0.28,0.28,0.34,0.28,0.28,0.28
452,,0.32,0.26,0.26,0.26,0.32,0.26,0.26,0.26
453,,0.3,0.24,0.24,0.24,0.3,0.24,0.24,0.24
454,,0.28,0.22,0.22,0.22,0.28,0.22,0.22,0.22
455,,0.26,0.2,0.2,0.2,0.26,0.2,0.2,0.2
456,,0.24,0.18,0.18,0.18,0.24,0.18,0.18,0.18
457,,0.22,0.16,0.16,0.16,0.22,0.16,0.16,0.16
458,,0.2,0.14,0.14,0.14,0.2,0.14,0.14,0.14
459,,0.18,0.12,0.12,0.12,0.18,0.12,0.12,0.12
460,,0.16,0.1,0.1,0.1,0.16,0.1,0.1,0.1
461,,0.14,0.08,0.08,0.08,0.14,0.08,0.08,0.08
462,,0.12,0.06,0.06,0.06,0.12,0.06,0.06,0.06
463,,0.1,0.04,0.04,0.04,0.1,0.04,0.04,0.04
464,,0.08,0.02,0.02,0.02,0.08,0.02,0.02,0.02
465,,0.06,0.0,0.0,0.0,0.06,0.0,0.0,0.0
466,,0.04,-0.02,-0.02,-0.02,0.04,-0.02,-0.02,-0.02
467,8,0.491,0.36,0.289,0.26,0.349,0.36,0.431,0.98
468,8,0.942,0.74,0.598,0.54,0.658,0.74,0.882,1.0
469,,0.922,0.72,0.578,0.52,0.638,0.72,0.862,0.98
470,,0.902,0.7,0.558,0.5,0.618,0.7,0.842,0.96
471,,0.882,0.68,0.538,0.48,0.598,0.68,0.822,0.94
472,,0.862,0.66,0.518,0.46,0.578,0.66,0.802,0.92
473,,0.842,0.64,0.498,0.44,0.558,0.64,0.782,0.9
474,,0.822,0.62,0.478,0.42,0.538,0.62,0.762,0.88
475,,0.802,0.6,0.458,0.4,0.518,0.6,0.742,0.86
476,,0.782,0.58,0.438,0.38,0.498,0.58,0.722,0.84
477,,0.762,0.56,0.418,0.36,0.478,0.56,0.702,0.82
478,,0.742,0.54,0.398,0.34,0.458,0.54,0.682,0.8
479,,0.722,0.52,0.378,0.32,0.438,0.52,0.662,0.78
480,,0.702,0.5,0.358,0.3,0.418,0.5,0.642,0.76
481,,0.682,0.48,0.338,0.28,0.398,0.48,0.622,0.74
482,,0.662,0.46,0.318,0.26,0.378,0.46,0.602,0.72
483,,0.642,0.44,0.298,0.24,0.358,0.44,0.582,0.7
484,,0.622,0.42,0.278,0.22,0.338,0.42,0.562,0.68
485,,0.602,0.4,0.258,0.2,0.318,0.4,0.542,0.66
486,,0.582,0.38,0.238,0.18,0.298,0.38,0.522,0.64
487,,0.562,0.36,0.218,0.16,0.278,0.36,0.502,0.62
488,,0.542,0.34,0.198,0.14,0.258,0.34,0.482,0.6
489,,0.522,0.32,0.178,0.12,0.238,0.32,0.462,0.58
490,,0.502,0.3,0.158,0.1,0.218,0.3,0.442,0.56
491,,0.482,0.28,0.138,0.08,0.198,0.28,0.422,0.54
492,,0.462,0.26,0.118,0.06,0.178,0.26,0.402,0.52
493,,0.442,0.24,0.098,0.04,0.158,0.24,0.382,0.5
494,,0.422,0.22,0.078,0.02,0.138,0.22,0.362,0.48
495,,0.402,0.2,0.058,0.0,0.118,0.2,0.342,0.46
496,,0.382,0.18,0.038,-0.02,0.098,0.18,0.322,0.44
497,4,0.691,0.56,0.489,0.98,0.549,0.56,0.631,0.72
498,4,1.0,0.94,0.94,1.0,1.0,0.94,0.94,1.0
499,,0.98,0.92,0.92,0.98,0.98,0.92,0.92,0.98
500,,0.96,0.9,0.9,0.96,0.96,0.9,0.9,0.96
501,,0.94,0.88,0.88,0.94,0.94,0.88,0.88,0.94
502,,0.92,0.86,0.86,0.92,0.92,0.86,0.86,0.92
503,,0.9,0.84,0.84,0.9,0.9,0.84,0.84,0.9
504,,0.88,0.82,0.82,0.88,0.88,0.82,0.82,0.88
505,,0.86,0.8,0.8,0.86,0.86,0.8,0.8,0.86
506,,0.84,0.78,0.78,0.84,0.84,0.78,0.78,0.84
507,,0.82,0.76,0.76,0.82,0.82,0.76,0.76,0.82
508,,0.8,0.74,0.74,0.8,0.8,0.74,0.74,0.8
509,,0.78,0.72,0.72,0.78,0.78,0.72,0.72,0.78
510,,0.76,0.7,0.7,0.76,0.76,0.7,0.7,0.76
511,,0.74,0.68,0.68,0.74,0.74,0.68,0.68,0.74
512,,0.72,0.66,0.66,0.72,0.72,0.66,0.66,0.72
513,,0.7,0.64,0.64,0.7,0.7,0.64,0.64,0.7
514,,0.68,0.62,0.62,0.68,0.68,0.62,0.62,0.68
515,,0.66,0.6,0.6,0.66,0.66,0.6,0.6,0.66
516,,0.64,0.58,0.58,0.64,0.64,0.58,0.58,0.64
517,,0.62,0.56,0.56,0.62,0.62,0.56,0.56,0.62
518,,0.6,0.54,0.54,0.6,0.6,0.54,0.54,0.6
519,,0.58,0.52,0.52,0.58,0.58,0.52,0.52,0.58
520,,0.56,0.5,0.5,0.56,0.56,0.5,0.5,0.56
521,,0.54,0.48,0.48,0.54,0.54,0.48,0.48,0.54
522,,0.52,0.46,0.46,0.52,0.52,0.46,0.46,0.52
523,,0.5,0.44,0.44,0.5,0.5,0.44,0.44,0.5
524,,0.48,0.42,0.42,0.48,0.48,0.42,0.42,0.48
525,,0.46,0.4,0.4,0.46,0.46,0.4,0.4,0.46
526,,0.44,0.38,0.38,0.44,0.44,0.38,0.38,0.44
527,,0.42,0.36,0.36,0.42,0.42,0.36,0.36,0.42
528,,0.4,0.34,0.34,0.4,0.4,0.34,0.34,0.4
529,,0.38,0.32,0.32,0.38,0.38,0.32,0.32,0.38
530,,0.36,0.3,0.3,0.36,0.36,0.3,0.3,0.36
531,,0.34,0.28,0.28,0.34,0.34,0.28,0.28,0.34
532,,0.32,0.26,0.26,0.32,0.32,0.26,0.26,0.32
533,,0.3,0.24,0.24,0.3,0.3,0.24,0.24,0.3
534,,0.28,0.22,0.22,0.28,0.28,0.22,0.22,0.28
535,,0.26,0.2,0.2,0.26,0.26,0.2,0.2,0.26
536,,0.24,0.18,0.18,0.24,0.24,0.18,0.18,0.24
537,,0.22,0.16,0.16,0.22,0.22,0.16,0.16,0.22
538,,0.2,0.14,0.14,0.2,0.2,0.14,0.14,0.2
539,,0.18,0.12,0.12,0.18,0.18,0.12,0.12,0.18
540,,0.16,0.1,0.1,0.16,0.16,0.1,0.1,0.16
541,,0.14,0.08,0.08,0.14,0.14,0.08,0.08,0.14
542,,0.12,0.06,0.06,0.12,0.12,0.06,0.06,0.12
543,,0.1,0.04,0.04,0.1,0.1,0.04,0.04,0.1
544,,0.08,0.02,0.02,0.08,0.08,0.02,0.02,0.08
545,,0.06,0.0,0.0,0.06,0.06,0.0,0.0,0.06
546,,0.04,-0.02,-0.02,0.04,0.04,-0.02,-0.02,0.04
547,7,0.42,0.289,0.26,0.349,0.42,0.431,0.98,0.491
548,7,0.8,0.598,0.54,0.658,0.8,0.882,1.0,0.942
549,,0.78,0.578,0.52,0.638,0.78,0.862,0.98,0.922
550,,0.76,0.558,0.5,0.618,0.76,0.842,0.96,0.902
551,,0.74,0.538,0.48,0.598,0.74,0.822,0.94,0.882
552,,0.72,0.518,0.46,0.578,0.72,0.802,0.92,0.862
553,,0.7,0.498,0.44,0.558,0.7,0.782,0.9,0.842
554,,0.68,0.478,0.42,0.538,0.68,0.762,0.88,0.822
555,,0.66,0.458,0.4,0.518,0.66,0.742,0.86,0.802
556,,0.64,0.438,0.38,0.498,0.64,0.722,0.84,0.782
557,,0.62,0.418,0.36,0.478,0.62,0.702,0.82,0.762
558,,0.6,0.398,0.34,0.458,0.6,0.682,0.8,0.742
559,,0.58,0.378,0.32,0.438,0.58,0.662,0.78,0.722
560,,0.56,0.358,0.3,0.418,0.56,0.642,0.76,0.702
561,,0.54,0.338,0.28,0.398,0.54,0.622,0.74,0.682
562,,0.52,0.318,0.26,0.378,0.52,0.602,0.72,0.662
563,,0.5,0.298,0.24,0.358,0.5,0.582,0.7,0.642
564,,0.48,0.278,0.22,0.338,0.48,0.562,0.68,0.622
565,,0.46,0.258,0.2,0.318,0.46,0.542,0.66,0.602
566,,0.44,0.238,0.18,0.298,0.44,0.522,0.64,0.582
567,,0.42,0.218,0.16,0.278,0.42,0.502,0.62,0.562
568,,0.4,0.198,0.14,0.258,0.4,0.482,0.6,0.542
569,,0.38,0.178,0.12,0.238,0.38,0.462,0.58,0.522
570,,0.36,0.158,0.1,0.218,0.36,0.442,0.56,0.502
571,,0.34,0.138,0.08,0.198,0.34,0.422,0.54,0.482
572,,0.32,0.118,0.06,0.178,0.32,0.402,0.52,0.462
573,,0.3,0.098,0.04,0.158,0.3,0.382,0.5,0.442
574,,0.28,0.078,0.02,0.138,0.28,0.362,0.48,0.422
575,,0.26,0.058,0.0,0.118,0.26,0.342,0.46,0.402
576,,0.24,0.038,-0.02,0.098,0.24,0.322,0.44,0.382
577,3,0.62,0.489,0.98,0.549,0.62,0.631,0.72,0.691
578,3,1.0,0.94,1.0,1.0,1.0,0.94,1.0,1.0
579,,0.98,0.92,0.98,0.98,0.98,0.92,0.98,0.98
580,,0.96,0.9,0.96,0.96,0.96,0.9,0.96,0.96
581,,0.94,0.88,0.94,0.94,0.94,0.88,0.94,0.94
582,,0.92,0.86,0.92,0.92,0.92,0.86,0.92,0.92
583,,0.9,0.84,0.9,0.9,0.9,0.84,0.9,0.9
584,,0.88,0.82,0.88,0.88,0.88,0.82,0.88,0.88
585,,0.86,0.8,0.86,0.86,0.86,0.8,0.86,0.86
586,,0.84,0.78,0.84,0.84,0.84,0.78,0.84,0.84
587,,0.82,0.76,0.82,0.82,0.82,0.76,0.82,0.82
588,,0.8,0.74,0.8,0.8,0.8,0.74,0.8,0.8
589,,0.78,0.72,0.78,0.78,0.78,0.72,0.78,0.78
590,,0.76,0.7,0.76,0.76,0.76,0.7,0.76,0.76
591,,0.74,0.68,0.74,0.74,0.74,0.68,0.74,0.74
592,,0.72,0.66,0.72,0.72,0.72,0.66,0.72,0.72
593,,0.7,0.64,0.7,0.7,0.7,0.64,0.7,0.7
594,,0.68,0.62,0.68,0.68,0.68,0.62,0.68,0.68
595,,0.66,0.6,0.66,0.66,0.66,0.6,0.66,0.66
596,,0.64,0.58,0.64,0.64,0.64,0.58,0.64,0.64
597,,0.62,0.56,0.62,0.62,0.62,0.56,0.62,0.62
598,,0.6,0.54,0.6,0.6,0.6,0.54,0.6,0.6
599,,0.58,0.52,0.58,0.58,0.58,0.52,0.58,0.58
600,,0.56,0.5,0.56,0.56,0.56,0.5,0.56,0.56
601,,0.54,0.48,0.54,0.54,0.54,0.48,0.54,0.54
602,,0.52,0.46,0.52,0.52,0.52,0.46,0.52,0.52
603,,0.5,0.44,0.5,0.5,0.5,0.44,0.5,0.5
604,,0.48,0.42,0.48,0.48,0.48,0.42,0.48,0.48
605,,0.46,0.4,0.46,0.46,0.46,0.4,0.46,0.46
606,,0.44,0.38,0.44,0.44,0.44,0.38,0.44,0.44
607,,0.42,0.36,0.42,0.42,0.42,0.36,0.42,0.42
608,,0.4,0.34,0.4,0.4,0.4,0.34,0.4,0.4
609,,0.38,0.32,0.38,0.38,0.38,0.32,0.38,0.38
610,,0.36,0.3,0.36,0.36,0.36,0.3,0.36,0.36
611,,0.34,0.28,0.34,0.34,0.34,0.28,0.34,0.34
612,,0.32,0.26,0.32,0.32,0.32,0.26,0.32,0.32
613,,0.3,0.24,0.3,0.3,0.3,0.24,0.3,0.3
614,,0.28,0.22,0.28,0.28,0.28,0.22,0.28,0.28
615,,0.26,0.2,0.26,0.26,0.26,0.2,0.26,0.26
616,,0.24,0.18,0.24,0.24,0.24,0.18,0.24,0.24
617,,0.22,0.16,0.22,0.22,0.22,0.16,0.22,0.22
618,,0.2,0.14,0.2,0.2,0.2,0.14,0.2,0.2
619,,0.18,0.12,0.18,0.18,0.18,0.12,0.18,0.18
620,,0.16,0.1,0.16,0.16,0.16,0.1,0.16,0.16
621,,0.14,0.08,0.14,0.14,0.14,0.08,0.14,0.14
622,,0.12,0.06,0.12,0.12,0.12,0.06,0.12,0.12
623,,0.1,0.04,0.1,0.1,0.1,0.04,0.1,0.1
624,,0.08,0.02,0.08,0.08,0.08,0.02,0.08,0.08
625,,0.06,0.0,0.06,0.06,0.06,0.0,0.06,0.06
626,,0.04,-0.02,0.04,0.04,0.04,-0.02,0.04,0.04
627,2,0.491,0.98,0.491,0.42,0.349,0.26,0.349,0.42
628,2,0.942,1.0,0.942,0.8,0.658,0.54,0.658,0.8
629,,0.922,0.98,0.922,0.78,0.638,0.52,0.638,0.78
630,,0.902,0.96,0.902,0.76,0.618,0.5,0.618,0.76
631,,0.882,0.94,0.882,0.74,0.598,0.48,0.598,0.74
632,,0.862,0.92,0.862,0.72,0.578,0.46,0.578,0.72
633,,0.842,0.9,0.842,0.7,0.558,0.44,0.558,0.7
634,,0.822,0.88,0.822,0.68,0.538,0.42,0.538,0.68
635,,0.802,0.86,0.802,0.66,0.518,0.4,0.518,0.66
636,,0.782,0.84,0.782,0.64,0.498,0.38,0.498,0.64
637,,0.762,0.82,0.762,0.62,0.478,0.36,0.478,0.62
638,,0.742,0.8,0.742,0.6,0.458,0.34,0.458,0.6
639,,0.722,0.78,0.722,0.58,0.438,0.32,0.438,0.58
640,,0.702,0.76,0.702,0.56,0.418,0.3,0.418,0.56
641,,0.682,0.74,0.682,0.54,0.398,0.28,0.398,0.54
642,,0.662,0.72,0.662,0.52,0.378,0.26,0.378,0.52
643,,0.642,0.7,0.642,0.5,0.358,0.24,0.358,0.5
644,,0.622,0.68,0.622,0.48,0.338,0.22,0.338,0.48
645,,0.602,0.66,0.602,0.46,0.318,0.2,0.318,0.46
646,,0.582,0.64,0.582,0.44,0.298,0.18,0.298,0.44
647,,0.562,0.62,0.562,0.42,0.278,0.16,0.278,0.42
648,,0.542,0.6,0.542,0.4,0.258,0.14,0.258,0.4
649,,0.522,0.58,0.522,0.38,0.238,0.12,0.238,0.38
650,,0.502,0.56,0.502,0.36,0.218,0.1,0.218,0.36
651,,0.482,0.54,0.482,0.34,0.198,0.08,0.198,0.34
652,,0.462,0.52,0.462,0.32,0.178,0.06,0.178,0.32
653,,0.442,0.5,0.442,0.3,0.158,0.04,0.158,0.3
654,,0.422,0.48,0.422,0.28,0.138,0.02,0.138,0.28
655,,0.402,0.46,0.402,0.26,0.118,0.0,0.118,0.26
656,,0.382,0.44,0.382,0.24,0.098,-0.02,0.098,0.24
657,6,0.691,0.72,0.691,0.62,0.549,0.98,0.549,0.62
658,6,1.0,1.0,1.0,1.0,1.0,1.0,1.0,1.0
659,,0.98,0.98,0.98,0.98,0.98,0.98,0.98,0.98
660,,0.96,0.96,0.96,0.96,0.96,0.96,0.96,0.96
661,,0.94,0.94,0.94,0.94,0.94,0.94,0.94,0.94
662,,0.92,0.92,0.92,0.92,0.92,0.92,0.92,0.92
663,,0.9,0.9,0.9,0.9,0.9,0.9,0.9,0.9
664,,0.88,0.88,0.88,0.88,0.88,0.88,0.88,0.88
665,,0.86,0.86,0.86,0.86,0.86,0.86,0.86,0.86
666,,0.84,0.84,0.84,0.84,0.84,0.84,0.84,0.84
667,,0.82,0.82,0.82,0.82,0.82,0.82,0.82,0.82
668,,0.8,0.8,0.8,0.8,0.8,0.8,0.8,0.8
669,,0.78,0.78,0.78,0.78,0.78,0.78,0.78,0.78
670,,0.76,0.76,0.76,0.76,0.76,0.76,0.76,0.76
671,,0.74,0.74,0.74,0.74,0.74,0.74,0.74,0.74
672,,0.72,0.72,0.72,0.72,0.72,0.72,0.72,0.72
673,,0.7,0.7,0.7,0.7,0.7,0.7,0.7,0.7
674,,0.68,0.68,0.68,0.68,0.68,0.68,0.68,0.68
675,,0.66,0.66,0.66,0.66,0.66,0.66,0.66,0.66
676,,0.64,0.64,0.64,0.64,0.64,0.64,0.64,0.64
677,,0.62,0.62,0.62,0.62,0.62,0.62,0.62,0.62
678,,0.6,0.6,0.6,0.6,0.6,0.6,0.6,0.6
679,,0.58,0.58,0.58,0.58,0.58,0.58,0.58,0.58
680,,0.56,0.56,0.56,0.56,0.56,0.56,0.56,0.56
681,,0.54,0.54,0.54,0.54,0.54,0.54,0.54,0.54
682,,0.52,0.52,0.52,0.52,0.52,0.52,0.52,0.52
683,,0.5,0.5,0.5,0.5,0.5,0.5,0.5,0.5
684,,0.48,0.48,0.48,0.48,0.48,0.48,0.48,0.48
685,,0.46,0.46,0.46,0.46,0.46,0.46,0.46,0.46
686,,0.44,0.44,0.44,0.44,0.44,0.44,0.44,0.44
687,,0.42,0.42,0.42,0.42,0.42,0.42,0.42,0.42
688,,0.4,0.4,0.4,0.4,0.4,0.4,0.4,0.4
689,,0.38,0.38,0.38,0.38,0.38,0.38,0.38,0.38
690,,0.36,0.36,0.36,0.36,0.36,0.36,0.36,0.36
691,,0.34,0.34,0.34,0.34,0.34,0.34,0.34,0.34
692,,0.32,0.32,0.32,0.32,0.32,0.32,0.32,0.32
693,,0.3,0.3,0.3,0.3,0.3,0.3,0.3,0.3
694,,0.28,0.28,0.28,0.28,0.28,0.28,0.28,0.28
695,,0.26,0.26,0.26,0.26,0.26,0.26,0.26,0.26
696,,0.24,0.24,0.24,0.24,0.24,0.24,0.24,0.24
697,,0.22,0.22,0.22,0.22,0.22,0.22,0.22,0.22
698,,0.2,0.2,0.2,0.2,0.2,0.2,0.2,0.2
699,,0.18,0.18,0.18,0.18,0.18,0.18,0.18,0.18
700,,0.16,0.16,0.16,0.16,0.16,0.16,0.16,0.16
701,,0.14,0.14,0.14,0.14,0.14,0.14,0.14,0.14
702,,0.12,0.12,0.12,0.12,0.12,0.12,0.12,0.12
703,,0.1,0.1,0.1,0.1,0.1,0.1,0.1,0.1
704,,0.08,0.08,0.08,0.08,0.08,0.08,0.08,0.08
705,,0.06,0.06,0.06,0.06,0.06,0.06,0.06,0.06
706,,0.04,0.04,0.04,0.04,0.04,0.04,0.04,0.04
707,,0.02,0.02,0.02,0.02,0.02,0.02,0.02,0.02
708,,0.0,0.0,0.0,0.0,0.0,0.0,0.0,0.0
709,,-0.02,-0.02,-0.02,-0.02,-0.02,-0.02,-0.02,-0.02
710,8,0.431,0.36,0.289,0.26,0.289,0.36,0.431,0.98
711,8,0.882,0.74,0.598,0.54,0.598,0.74,0.882,1.0
712,,0.862,0.72,0.578,0.52,0.578,0.72,0.862,0.98
713,,0.842,0.7,0.558,0.5,0.558,0.7,0.842,0.96
714,,0.822,0.68,0.538,0.48,0.538,0.68,0.822,0.94
715,,0.802,0.66,0.518,0.46,0.518,0.66,0.802,0.92
716,,0.782,0.64,0.498,0.44,0.498,0.64,0.782,0.9
717,,0.762,0.62,0.478,0.42,0.478,0.62,0.762,0.88
718,,0.742,0.6,0.458,0.4,0.458,0.6,0.742,0.86
719,,0.722,0.58,0.438,0.38,0.438,0.58,0.722,0.84
720,,0.702,0.56,0.418,0.36,0.418,0.56,0.702,0.82
721,,0.682,0.54,0.398,0.34,0.398,0.54,0.682,0.8
722,,0.662,0.52,0.378,0.32,0.378,0.52,0.662,0.78
723,,0.642,0.5,0.358,0.3,0.358,0.5,0.642,0.76
724,,0.622,0.48,0.338,0.28,0.338,0.48,0.622,0.74
725,,0.602,0.46,0.318,0.26,0.318,0.46,0.602,0.72
726,,0.582,0.44,0.298,0.24,0.298,0.44,0.582,0.7
727,,0.562,0.42,0.278,0.22,0.278,0.42,0.562,0.68
728,,0.542,0.4,0.258,0.2,0.258,0.4,0.542,0.66
729,,0.522,0.38,0.238,0.18,0.238,0.38,0.522,0.64
730,,0.502,0.36,0.218,0.16,0.218,0.36,0.502,0.62
731,,0.482,0.34,0.198,0.14,0.198,0.34,0.482,0.6
732,,0.462,0.32,0.178,0.12,0.178,0.32,0.462,0.58
733,,0.442,0.3,0.158,0.1,0.158,0.3,0.442,0.56
734,,0.422,0.28,0.138,0.08,0.138,0.28,0.422,0.54
735,,0.402,0.26,0.118,0.06,0.118,0.26,0.402,0.52
736,,0.382,0.24,0.098,0.04,0.098,0.24,0.382,0.5
737,,0.362,0.22,0.078,0.02,0.078,0.22,0.362,0.48
738,,0.342,0.2,0.058,0.0,0.058,0.2,0.342,0.46
739,,0.322,0.18,0.038,-0.02,0.038,0.18,0.322,0.44
740,4,0.631,0.56,0.489,0.98,0.489,0.56,0.631,0.72
741,4,0.94,0.94,0.94,1.0,0.94,0.94,0.94,1.0
742,,0.92,0.92,0.92,0.98,0.92,0.92,0.92,0.98
743,,0.9,0.9,0.9,0.96,0.9,0.9,0.9,0.96
744,,0.88,0.88,0.88,0.94,0.88,0.88,0.88,0.94
745,,0.86,0.86,0.86,0.92,0.86,0.86,0.86,0.92
746,,0.84,0.84,0.84,0.9,0.84,0.84,0.84,0.9
747,,0.82,0.82,0.82,0.88,0.82,0.82,0.82,0.88
748,,0.8,0.8,0.8,0.86,0.8,0.8,0.8,0.86
749,,0.78,0.78,0.78,0.84,0.78,0.78,0.78,0.84
750,,0.76,0.76,0.76,0.82,0.76,0.76,0.76,0.82
751,,0.74,0.74,0.74,0.8,0.74,0.74,0.74,0.8
752,,0.72,0.72,0.72,0.78,0.72,0.72,0.72,0.78
753,,0.7,0.7,0.7,0.76,0.7,0.7,0.7,0.76
754,,0.68,0.68,0.68,0.74,0.68,0.68,0.68,0.74
755,,0.66,0.66,0.66,0.72,0.66,0.66,0.66,0.72
756,,0.64,0.64,0.64,0.7,0.64,0.64,0.64,0.7
757,,0.62,0.62,0.62,0.68,0.62,0.62,0.62,0.68
758,,0.6,0.6,0.6,0.66,0.6,0.6,0.6,0.66
759,,0.58,0.58,0.58,0.64,0.58,0.58,0.58,0.64
760,,0.56,0.56,0.56,0.62,0.56,0.56,0.56,0.62
761,,0.54,0.54,0.54,0.6,0.54,0.54,0.54,0.6
762,,0.52,0.52,0.52,0.58,0.52,0.52,0.52,0.58
763,,0.5,0.5,0.5,0.56,0.5,0.5,0.5,0.56
764,,0.48,0.48,0.48,0.54,0.48,0.48,0.48,0.54
765,,0.46,0.46,0.46,0.52,0.46,0.46,0.46,0.52
766,,0.44,0.44,0.44,0.5,0.44,0.44,0.44,0.5
767,,0.42,0.42,0.42,0.48,0.42,0.42,0.42,0.48
768,,0.4,0.4,0.4,0.46,0.4,0.4,0.4,0.46
769,,0.38,0.38,0.38,0.44,0.38,0.38,0.38,0.44
770,,0.36,0.36,0.36,0.42,0.36,0.36,0.36,0.42
771,,0.34,0.34,0.34,0.4,0.34,0.34,0.34,0.4
772,,0.32,0.32,0.32,0.38,0.32,0.32,0.32,0.38
773,,0.3,0.3,0.3,0.36,0.3,0.3,0.3,0.36
774,,0.28,0.28,0.28,0.34,0.28,0.28,0.28,0.34
775,,0.26,0.26,0.26,0.32,0.26,0.26,0.26,0.32
776,,0.24,0.24,0.24,0.3,0.24,0.24,0.24,0.3
777,,0.22,0.22,0.22,0.28,0.22,0.22,0.22,0.28
778,,0.2,0.2,0.2,0.26,0.2,0.2,0.2,0.26
779,,0.18,0.18,0.18,0.24,0.18,0.18,0.18,0.24
780,,0.16,0.16,0.16,0.22,0.16,0.16,0.16,0.22
781,,0.14,0.14,0.14,0.2,0.14,0.14,0.14,0.2
782,,0.12,0.12,0.12,0.18,0.12,0.12,0.12,0.18
783,,0.1,0.1,0.1,0.16,0.1,0.1,0.1,0.16
784,,0.08,0.08,0.08,0.14,0.08,0.08,0.08,0.14
785,,0.06,0.06,0.06,0.12,0.06,0.06,0.06,0.12
786,,0.04,0.04,0.04,0.1,0.04,0.04,0.04,0.1
787,,0.02,0.02,0.02,0.08,0.02,0.02,0.02,0.08
788,,0.0,0.0,0.0,0.06,0.0,0.0,0.0,0.06
789,,-0.02,-0.02,-0.02,0.04,-0.02,-0.02,-0.02,0.04
790,6,0.289,0.26,0.289,0.42,0.431,0.98,0.431,0.42
791,6,0.598,0.54,0.598,0.8,0.882,1.0,0.882,0.8
792,,0.578,0.52,0.578,0.78,0.862,0.98,0.862,0.78
793,,0.558,0.5,0.558,0.76,0.842,0.96,0.842,0.76
794,,0.538,0.48,0.538,0.74,0.822,0.94,0.822,0.74
795,,0.518,0.46,0.518,0.72,0.802,0.92,0.802,0.72
796,,0.498,0.44,0.498,0.7,0.782,0.9,0.782,0.7
797,,0.478,0.42,0.478,0.68,0.762,0.88,0.762,0.68
798,,0.458,0.4,0.458,0.66,0.742,0.86,0.742,0.66
799,,0.438,0.38,0.438,0.64,0.722,0.84,0.722,0.64
800,,0.418,0.36,0.418,0.62,0.702,0.82,0.702,0.62
801,,0.398,0.34,0.398,0.6,0.682,0.8,0.682,0.6
802,,0.378,0.32,0.378,0.58,0.662,0.78,0.662,0.58
803,,0.358,0.3,0.358,0.56,0.642,0.76,0.642,0.56
804,,0.338,0.28,0.338,0.54,0.622,0.74,0.622,0.54
805,,0.318,0.26,0.318,0.52,0.602,0.72,0.602,0.52
806,,0.298,0.24,0.298,0.5,0.582,0.7,0.582,0.5
807,,0.278,0.22,0.278,0.48,0.562,0.68,0.562,0.48
808,,0.258,0.2,0.258,0.46,0.542,0.66,0.542,0.46
809,,0.238,0.18,0.238,0.44,0.522,0.64,0.522,0.44
810,,0.218,0.16,0.218,0.42,0.502,0.62,0.502,0.42
811,,0.198,0.14,0.198,0.4,0.482,0.6,0.482,0.4
812,,0.178,0.12,0.178,0.38,0.462,0.58,0.462,0.38
813,,0.158,0.1,0.158,0.36,0.442,0.56,0.442,0.36
814,,0.138,0.08,0.138,0.34,0.422,0.54,0.422,0.34
815,,0.118,0.06,0.118,0.32,0.402,0.52,0.402,0.32
816,,0.098,0.04,0.098,0.3,0.382,0.5,0.382,0.3
817,,0.078,0.02,0.078,0.28,0.362,0.48,0.362,0.28
818,,0.058,0.0,0.058,0.26,0.342,0.46,0.342,0.26
819,,0.038,-0.02,0.038,0.24,0.322,0.44,0.322,0.24
820,2,0.489,0.98,0.489,0.62,0.631,0.72,0.631,0.62
821,2,0.94,1.0,0.94,1.0,0.94,1.0,0.94,1.0
822,,0.92,0.98,0.92,0.98,0.92,0.98,0.92,0.98
823,,0.9,0.96,0.9,0.96,0.9,0.96,0.9,0.96
824,,0.88,0.94,0.88,0.94,0.88,0.94,0.88,0.94
825,,0.86,0.92,0.86,0.92,0.86,0.92,0.86,0.92
826,,0.84,0.9,0.84,0.9,0.84,0.9,0.84,0.9
827,,0.82,0.88,0.82,0.88,0.82,0.88,0.82,0.88
828,,0.8,0.86,0.8,0.86,0.8,0.86,0.8,0.86
829,,0.78,0.84,0.78,0.84,0.78,0.84,0.78,0.84
830,,0.76,0.82,0.76,0.82,0.76,0.82,0.76,0.82
831,,0.74,0.8,0.74,0.8,0.74,0.8,0.74,0.8
832,,0.72,0.78,0.72,0.78,0.72,0.78,0.72,0.78
833,,0.7,0.76,0.7,0.76,0.7,0.76,0.7,0.76
834,,0.68,0.74,0.68,0.74,0.68,0.74,0.68,0.74
835,,0.66,0.72,0.66,0.72,0.66,0.72,0.66,0.72
836,,0.64,0.7,0.64,0.7,0.64,0.7,0.64,0.7
837,,0.62,0.68,0.62,0.68,0.62,0.68,0.62,0.68
838,,0.6,0.66,0.6,0.66,0.6,0.66,0.6,0.66
839,,0.58,0.64,0.58,0.64,0.58,0.64,0.58,0.64
840,,0.56,0.62,0.56,0.62,0.56,0.62,0.56,0.62
841,,0.54,0.6,0.54,0.6,0.54,0.6,0.54,0.6
842,,0.52,0.58,0.52,0.58,0.52,0.58,0.52,0.58
843,,0.5,0.56,0.5,0.56,0.5,0.56,0.5,0.56
844,,0.48,0.54,0.48,0.54,0.48,0.54,0.48,0.54
845,,0.46,0.52,0.46,0.52,0.46,0.52,0.46,0.52
846,,0.44,0.5,0.44,0.5,0.44,0.5,0.44,0.5
847,,0.42,0.48,0.42,0.48,0.42,0.48,0.42,0.48
848,,0.4,0.46,0.4,0.46,0.4,0.46,0.4,0.46
849,,0.38,0.44,0.38,0.44,0.38,0.44,0.38,0.44
850,,0.36,0.42,0.36,0.42,0.36,0.42,0.36,0.42
851,,0.34,0.4,0.34,0.4,0.34,0.4,0.34,0.4
852,,0.32,0.38,0.32,0.38,0.32,0.38,0.32,0.38
853,,0.3,0.36,0.3,0.36,0.3,0.36,0.3,0.36
854,,0.28,0.34,0.28,0.34,0.28,0.34,0.28,0.34
855,,0.26,0.32,0.26,0.32,0.26,0.32,0.26,0.32
856,,0.24,0.3,0.24,0.3,0.24,0.3,0.24,0.3
857,,0.22,0.28,0.22,0.28,0.22,0.28,0.22,0.28
858,,0.2,0.26,0.2,0.26,0.2,0.26,0.2,0.26
859,,0.18,0.24,0.18,0.24,0.18,0.24,0.18,0.24
860,,0.16,0.22,0.16,0.22,0.16,0.22,0.16,0.22
861,,0.14,0.2,0.14,0.2,0.14,0.2,0.14,0.2
862,,0.12,0.18,0.12,0.18,0.12,0.18,0.12,0.18
863,,0.1,0.16,0.1,0.16,0.1,0.16,0.1,0.16
864,,0.08,0.14,0.08,0.14,0.08,0.14,0.08,0.14
865,,0.06,0.12,0.06,0.12,0.06,0.12,0.06,0.12
866,,0.04,0.1,0.04,0.1,0.04,0.1,0.04,0.1
867,,0.02,0.08,0.02,0.08,0.02,0.08,0.02,0.08
868,,0.0,0.06,0.0,0.06,0.0,0.06,0.0,0.06
869,,-0.02,0.04,-0.02,0.04,-0.02,0.04,-0.02,0.04
870,3,0.36,0.491,0.98,0.491,0.36,0.349,0.26,0.349
871,3,0.74,0.942,1.0,0.942,0.74,0.658,0.54,0.658
872,,0.72,0.922,0.98,0.922,0.72,0.638,0.52,0.638
873,,0.7,0.902,0.96,0.902,0.7,0.618,0.5,0.618
874,,0.68,0.882,0.94,0.882,0.68,0.598,0.48,0.598
875,,0.66,0.862,0.92,0.862,0.66,0.578,0.46,0.578
876,,0.64,0.842,0.9,0.842,0.64,0.558,0.44,0.558
877,,0.62,0.822,0.88,0.822,0.62,0.538,0.42,0.538
