step,active_motive,motive_1,motive_2,motive_3,motive_4,motive_5,motive_6,motive_7,motive_8
0,,0.95393,0.91486,0.37016,0.01546,0.92832,0.42818,0.96665,0.96362
1,,0.93393,0.89486,0.35016,-0.00454,0.90832,0.40818,0.94665,0.94362
2,4,1.0,1.0,0.80116,0.99546,1.0,0.78818,1.0,1.0
3,4,1.0,1.0,1.0,1.0,1.0,1.0,1.0,1.0
4,,0.98,0.98,0.98,0.98,0.98,0.98,0.98,0.98
5,,0.96,0.96,0.96,0.96,0.96,0.96,0.96,0.96
6,,0.94,0.94,0.94,0.94,0.94,0.94,0.94,0.94
7,,0.92,0.92,0.92,0.92,0.92,0.92,0.92,0.92
8,,0.9,0.9,0.9,0.9,0.9,0.9,0.9,0.9
9,,0.88,0.88,0.88,0.88,0.88,0.88,0.88,0.88
10,,0.86,0.86,0.86,0.86,0.86,0.86,0.86,0.86
11,,0.84,0.84,0.84,0.84,0.84,0.84,0.84,0.84
12,,0.82,0.82,0.82,0.82,0.82,0.82,0.82,0.82
13,,0.8,0.8,0.8,0.8,0.8,0.8,0.8,0.8
14,,0.78,0.78,0.78,0.78,0.78,0.78,0.78,0.78
15,,0.76,0.76,0.76,0.76,0.76,0.76,0.76,0.76
16,,0.74,0.74,0.74,0.74,0.74,0.74,0.74,0.74
17,,0.72,0.72,0.72,0.72,0.72,0.72,0.72,0.72
18,,0.7,0.7,0.7,0.7,0.7,0.7,0.7,0.7
19,,0.68,0.68,0.68,0.68,0.68,0.68,0.68,0.68
20,,0.66,0.66,0.66,0.66,0.66,0.66,0.66,0.66
21,,0.64,0.64,0.64,0.64,0.64,0.64,0.64,0.64
22,,0.62,0.62,0.62,0.62,0.62,0.62,0.62,0.62
23,,0.6,0.6,0.6,0.6,0.6,0.6,0.6,0.6
24,,0.58,0.58,0.58,0.58,0.58,0.58,0.58,0.58
25,,0.56,0.56,0.56,0.56,0.56,0.56,0.56,0.56
26,,0.54,0.54,0.54,0.54,0.54,0.54,0.54,0.54
27,,0.52,0.52,0.52,0.52,0.52,0.52,0.52,0.52
28,,0.5,0.5,0.5,0.5,0.5,0.5,0.5,0.5
29,,0.48,0.48,0.48,0.48,0.48,0.48,0.48,0.48
30,,0.46,0.46,0.46,0.46,0.46,0.46,0.46,0.46
31,,0.44,0.44,0.44,0.44,0.44,0.44,0.44,0.44
32,,0.42,0.42,0.42,0.42,0.42,0.42,0.42,0.42
33,,0.4,0.4,0.4,0.4,0.4,0.4,0.4,0.4
34,,0.38,0.38,0.38,0.38,0.38,0.38,0.38,0.38
35,,0.36,0.36,0.36,0.36,0.36,0.36,0.36,0.36
36,,0.34,0.34,0.34,0.34,0.34,0.34,0.34,0.34
37,,0.32,0.32,0.32,0.32,0.32,0.32,0.32,0.32
38,,0.3,0.3,0.3,0.3,0.3,0.3,0.3,0.3
39,,0.28,0.28,0.28,0.28,0.28,0.28,0.28,0.28
40,,0.26,0.26,0.26,0.26,0.26,0.26,0.26,0.26
41,,0.24,0.24,0.24,0.24,0.24,0.24,0.24,0.24
42,,0.22,0.22,0.22,0.22,0.22,0.22,0.22,0.22
43,,0.2,0.2,0.2,0.2,0.2,0.2,0.2,0.2
44,,0.18,0.18,0.18,0.18,0.18,0.18,0.18,0.18
45,,0.16,0.16,0.16,0.16,0.16,0.16,0.16,0.16
46,,0.14,0.14,0.14,0.14,0.14,0.14,0.14,0.14
47,,0.12,0.12,0.12,0.12,0.12,0.12,0.12,0.12
48,,0.1,0.1,0.1,0.1,0.1,0.1,0.1,0.1
49,,0.08,0.08,0.08,0.08,0.08,0.08,0.08,0.08
50,,0.06,0.06,0.06,0.06,0.06,0.06,0.06,0.06
51,,0.04,0.04,0.04,0.04,0.04,0.04,0.04,0.04
52,,0.02,0.02,0.02,0.02,0.02,0.02,0.02,0.02
53,,0.0,0.0,0.0,0.0,0.0,0.0,0.0,0.0
54,,-0.02,-0.02,-0.02,-0.02,-0.02,-0.02,-0.02,-0.02
55,1,0.98,0.431,0.36,0.289,0.26,0.289,0.36,0.431
56,1,1.0,0.882,0.74,0.598,0.54,0.598,0.74,0.882
57,,0.98,0.862,0.72,0.578,0.52,0.578,0.72,0.862
58,,0.96,0.842,0.7,0.558,0.5,0.558,0.7,0.842
59,,0.94,0.822,0.68,0.538,0.48,0.538,0.68,0.822
60,,0.92,0.802,0.66,0.518,0.46,0.518,0.66,0.802
61,,0.9,0.782,0.64,0.498,0.44,0.498,0.64,0.782
62,,0.88,0.762,0.62,0.478,0.42,0.478,0.62,0.762
63,,0.86,0.742,0.6,0.458,0.4,0.458,0.6,0.742
64,,0.84,0.722,0.58,0.438,0.38,0.438,0.58,0.722
65,,0.82,0.702,0.56,0.418,0.36,0.418,0.56,0.702
66,,0.8,0.682,0.54,0.398,0.34,0.398,0.54,0.682
67,,0.78,0.662,0.52,0.378,0.32,0.378,0.52,0.662
68,,0.76,0.642,0.5,0.358,0.3,0.358,0.5,0.642
69,,0.74,0.622,0.48,0.338,0.28,0.338,0.48,0.622
70,,0.72,0.602,0.46,0.318,0.26,0.318,0.46,0.602
71,,0.7,0.582,0.44,0.298,0.24,0.298,0.44,0.582
72,,0.68,0.562,0.42,0.278,0.22,0.278,0.42,0.562
73,,0.66,0.542,0.4,0.258,0.2,0.258,0.4,0.542
74,,0.64,0.522,0.38,0.238,0.18,0.238,0.38,0.522
75,,0.62,0.502,0.36,0.218,0.16,0.218,0.36,0.502
76,,0.6,0.482,0.34,0.198,0.14,0.198,0.34,0.482
77,,0.58,0.462,0.32,0.178,0.12,0.178,0.32,0.462
78,,0.56,0.442,0.3,0.158,0.1,0.158,0.3,0.442
79,,0.54,0.422,0.28,0.138,0.08,0.138,0.28,0.422
80,,0.52,0.402,0.26,0.118,0.06,0.118,0.26,0.402
81,,0.5,0.382,0.24,0.098,0.04,0.098,0.24,0.382
82,,0.48,0.362,0.22,0.078,0.02,0.078,0.22,0.362
83,,0.46,0.342,0.2,0.058,0.0,0.058,0.2,0.342
84,,0.44,0.322,0.18,0.038,-0.02,0.038,0.18,0.322
85,5,0.72,0.631,0.56,0.489,0.98,0.489,0.56,0.631
86,5,1.0,0.94,0.94,0.94,1.0,0.94,0.94,0.94
87,,0.98,0.92,0.92,0.92,0.98,0.92,0.92,0.92
88,,0.96,0.9,0.9,0.9,0.96,0.9,0.9,0.9
89,,0.94,0.88,0.88,0.88,0.94,0.88,0.88,0.88
90,,0.92,0.86,0.86,0.86,0.92,0.86,0.86,0.86
91,,0.9,0.84,0.84,0.84,0.9,0.84,0.84,0.84
92,,0.88,0.82,0.82,0.82,0.88,0.82,0.82,0.82
93,,0.86,0.8,0.8,0.8,0.86,0.8,0.8,0.8
94,,0.84,0.78,0.78,0.78,0.84,0.78,0.78,0.78
95,,0.82,0.76,0.76,0.76,0.82,0.76,0.76,0.76
96,,0.8,0.74,0.74,0.74,0.8,0.74,0.74,0.74
97,,0.78,0.72,0.72,0.72,0.78,0.72,0.72,0.72
98,,0.76,0.7,0.7,0.7,0.76,0.7,0.7,0.7
99,,0.74,0.68,0.68,0.68,0.74,0.68,0.68,0.68
100,,0.72,0.66,0.66,0.66,0.72,0.66,0.66,0.66
101,,0.7,0.64,0.64,0.64,0.7,0.64,0.64,0.64
102,,0.68,0.62,0.62,0.62,0.68,0.62,0.62,0.62
103,,0.66,0.6,0.6,0.6,0.66,0.6,0.6,0.6
104,,0.64,0.58,0.58,0.58,0.64,0.58,0.58,0.58
105,,0.62,0.56,0.56,0.56,0.62,0.56,0.56,0.56
106,,0.6,0.54,0.54,0.54,0.6,0.54,0.54,0.54
107,,0.58,0.52,0.52,0.52,0.58,0.52,0.52,0.52
108,,0.56,0.5,0.5,0.5,0.56,0.5,0.5,0.5
109,,0.54,0.48,0.48,0.48,0.54,0.48,0.48,0.48
110,,0.52,0.46,0.46,0.46,0.52,0.46,0.46,0.46
111,,0.5,0.44,0.44,0.44,0.5,0.44,0.44,0.44
112,,0.48,0.42,0.42,0.42,0.48,0.42,0.42,0.42
113,,0.46,0.4,0.4,0.4,0.46,0.4,0.4,0.4
114,,0.44,0.38,0.38,0.38,0.44,0.38,0.38,0.38
115,,0.42,0.36,0.36,0.36,0.42,0.36,0.36,0.36
116,,0.4,0.34,0.34,0.34,0.4,0.34,0.34,0.34
117,,0.38,0.32,0.32,0.32,0.38,0.32,0.32,0.32
118,,0.36,0.3,0.3,0.3,0.36,0.3,0.3,0.3
119,,0.34,0.28,0.28,0.28,0.34,0.28,0.28,0.28
120,,0.32,0.26,0.26,0.26,0.32,0.26,0.26,0.26
121,,0.3,0.24,0.24,0.24,0.3,0.24,0.24,0.24
122,,0.28,0.22,0.22,0.22,0.28,0.22,0.22,0.22
123,,0.26,0.2,0.2,0.2,0.26,0.2,0.2,0.2
124,,0.24,0.18,0.18,0.18,0.24,0.18,0.18,0.18
125,,0.22,0.16,0.16,0.16,0.22,0.16,0.16,0.16
126,,0.2,0.14,0.14,0.14,0.2,0.14,0.14,0.14
127,,0.18,0.12,0.12,0.12,0.18,0.12,0.12,0.12
128,,0.16,0.1,0.1,0.1,0.16,0.1,0.1,0.1
129,,0.14,0.08,0.08,0.08,0.14,0.08,0.08,0.08
130,,0.12,0.06,0.06,0.06,0.12,0.06,0.06,0.06
131,,0.1,0.04,0.04,0.04,0.1,0.04,0.04,0.04
132,,0.08,0.02,0.02,0.02,0.08,0.02,0.02,0.02
133,,0.06,0.0,0.0,0.0,0.06,0.0,0.0,0.0
134,,0.04,-0.02,-0.02,-0.02,0.04,-0.02,-0.02,-0.02
135,6,0.349,0.26,0.289,0.36,0.491,0.98,0.431,0.36
136,6,0.658,0.54,0.598,0.74,0.942,1.0,0.882,0.74
137,,0.638,0.52,0.578,0.72,0.922,0.98,0.862,0.72
138,,0.618,0.5,0.558,0.7,0.902,0.96,0.842,0.7
139,,0.598,0.48,0.538,0.68,0.882,0.94,0.822,0.68
140,,0.578,0.46,0.518,0.66,0.862,0.92,0.802,0.66
141,,0.558,0.44,0.498,0.64,0.842,0.9,0.782,0.64
142,,0.538,0.42,0.478,0.62,0.822,0.88,0.762,0.62
143,,0.518,0.4,0.458,0.6,0.802,0.86,0.742,0.6
144,,0.498,0.38,0.438,0.58,0.782,0.84,0.722,0.58
145,,0.478,0.36,0.418,0.56,0.762,0.82,0.702,0.56
146,,0.458,0.34,0.398,0.54,0.742,0.8,0.682,0.54
147,,0.438,0.32,0.378,0.52,0.722,0.78,0.662,0.52
148,,0.418,0.3,0.358,0.5,0.702,0.76,0.642,0.5
149,,0.398,0.28,0.338,0.48,0.682,0.74,0.622,0.48
150,,0.378,0.26,0.318,0.46,0.662,0.72,0.602,0.46
151,,0.358,0.24,0.298,0.44,0.642,0.7,0.582,0.44
152,,0.338,0.22,0.278,0.42,0.622,0.68,0.562,0.42
153,,0.318,0.2,0.258,0.4,0.602,0.66,0.542,0.4
154,,0.298,0.18,0.238,0.38,0.582,0.64,0.522,0.38
155,,0.278,0.16,0.218,0.36,0.562,0.62,0.502,0.36
156,,0.258,0.14,0.198,0.34,0.542,0.6,0.482,0.34
157,,0.238,0.12,0.178,0.32,0.522,0.58,0.462,0.32
158,,0.218,0.1,0.158,0.3,0.502,0.56,0.442,0.3
159,,0.198,0.08,0.138,0.28,0.482,0.54,0.422,0.28
160,,0.178,0.06,0.118,0.26,0.462,0.52,0.402,0.26
161,,0.158,0.04,0.098,0.24,0.442,0.5,0.382,0.24
162,,0.138,0.02,0.078,0.22,0.422,0.48,0.362,0.22
163,,0.118,0.0,0.058,0.2,0.402,0.46,0.342,0.2
164,,0.098,-0.02,0.038,0.18,0.382,0.44,0.322,0.18
165,2,0.549,0.98,0.489,0.56,0.691,0.72,0.631,0.56
166,2,1.0,1.0,0.94,0.94,1.0,1.0,0.94,0.94
167,,0.98,0.98,0.92,0.92,0.98,0.98,0.92,0.92
168,,0.96,0.96,0.9,0.9,0.96,0.96,0.9,0.9
169,,0.94,0.94,0.88,0.88,0.94,0.94,0.88,0.88
170,,0.92,0.92,0.86,0.86,0.92,0.92,0.86,0.86
171,,0.9,0.9,0.84,0.84,0.9,0.9,0.84,0.84
172,,0.88,0.88,0.82,0.82,0.88,0.88,0.82,0.82
173,,0.86,0.86,0.8,0.8,0.86,0.86,0.8,0.8
174,,0.84,0.84,0.78,0.78,0.84,0.84,0.78,0.78
175,,0.82,0.82,0.76,0.76,0.82,0.82,0.76,0.76
176,,0.8,0.8,0.74,0.74,0.8,0.8,0.74,0.74
177,,0.78,0.78,0.72,0.72,0.78,0.78,0.72,0.72
178,,0.76,0.76,0.7,0.7,0.76,0.76,0.7,0.7
179,,0.74,0.74,0.68,0.68,0.74,0.74,0.68,0.68
180,,0.72,0.72,0.66,0.66,0.72,0.72,0.66,0.66
181,,0.7,0.7,0.64,0.64,0.7,0.7,0.64,0.64
182,,0.68,0.68,0.62,0.62,0.68,0.68,0.62,0.62
183,,0.66,0.66,0.6,0.6,0.66,0.66,0.6,0.6
184,,0.64,0.64,0.58,0.58,0.64,0.64,0.58,0.58
185,,0.62,0.62,0.56,0.56,0.62,0.62,0.56,0.56
186,,0.6,0.6,0.54,0.54,0.6,0.6,0.54,0.54
187,,0.58,0.58,0.52,0.52,0.58,0.58,0.52,0.52
188,,0.56,0.56,0.5,0.5,0.56,0.56,0.5,0.5
189,,0.54,0.54,0.48,0.48,0.54,0.54,0.48,0.48
190,,0.52,0.52,0.46,0.46,0.52,0.52,0.46,0.46
191,,0.5,0.5,0.44,0.44,0.5,0.5,0.44,0.44
192,,0.48,0.48,0.42,0.42,0.48,0.48,0.42,0.42
193,,0.46,0.46,0.4,0.4,0.46,0.46,0.4,0.4
194,,0.44,0.44,0.38,0.38,0.44,0.44,0.38,0.38
195,,0.42,0.42,0.36,0.36,0.42,0.42,0.36,0.36
196,,0.4,0.4,0.34,0.34,0.4,0.4,0.34,0.34
197,,0.38,0.38,0.32,0.32,0.38,0.38,0.32,0.32
198,,0.36,0.36,0.3,0.3,0.36,0.36,0.3,0.3
199,,0.34,0.34,0.28,0.28,0.34,0.34,0.28,0.28
200,,0.32,0.32,0.26,0.26,0.32,0.32,0.26,0.26
201,,0.3,0.3,0.24,0.24,0.3,0.3,0.24,0.24
202,,0.28,0.28,0.22,0.22,0.28,0.28,0.22,0.22
203,,0.26,0.26,0.2,0.2,0.26,0.26,0.2,0.2
204,,0.24,0.24,0.18,0.18,0.24,0.24,0.18,0.18
205,,0.22,0.22,0.16,0.16,0.22,0.22,0.16,0.16
206,,0.2,0.2,0.14,0.14,0.2,0.2,0.14,0.14
207,,0.18,0.18,0.12,0.12,0.18,0.18,0.12,0.12
208,,0.16,0.16,0.1,0.1,0.16,0.16,0.1,0.1
209,,0.14,0.14,0.08,0.08,0.14,0.14,0.08,0.08
210,,0.12,0.12,0.06,0.06,0.12,0.12,0.06,0.06
211,,0.1,0.1,0.04,0.04,0.1,0.1,0.04,0.04
212,,0.08,0.08,0.02,0.02,0.08,0.08,0.02,0.02
213,,0.06,0.06,0.0,0.0,0.06,0.06,0.0,0.0
214,,0.04,0.04,-0.02,-0.02,0.04,0.04,-0.02,-0.02
215,7,0.42,0.349,0.26,0.289,0.42,0.491,0.98,0.431
216,7,0.8,0.658,0.54,0.598,0.8,0.942,1.0,0.882
217,,0.78,0.638,0.52,0.578,0.78,0.922,0.98,0.862
218,,0.76,0.618,0.5,0.558,0.76,0.902,0.96,0.842
219,,0.74,0.598,0.48,0.538,0.74,0.882,0.94,0.822
220,,0.72,0.578,0.46,0.518,0.72,0.862,0.92,0.802
221,,0.7,0.558,0.44,0.498,0.7,0.842,0.9,0.782
222,,0.68,0.538,0.42,0.478,0.68,0.822,0.88,0.762
223,,0.66,0.518,0.4,0.458,0.66,0.802,0.86,0.742
224,,0.64,0.498,0.38,0.438,0.64,0.782,0.84,0.722
225,,0.62,0.478,0.36,0.418,0.62,0.762,0.82,0.702
226,,0.6,0.458,0.34,0.398,0.6,0.742,0.8,0.682
227,,0.58,0.438,0.32,0.378,0.58,0.722,0.78,0.662
228,,0.56,0.418,0.3,0.358,0.56,0.702,0.76,0.642
229,,0.54,0.398,0.28,0.338,0.54,0.682,0.74,0.622
230,,0.52,0.378,0.26,0.318,0.52,0.662,0.72,0.602
231,,0.5,0.358,0.24,0.298,0.5,0.642,0.7,0.582
232,,0.48,0.338,0.22,0.278,0.48,0.622,0.68,0.562
233,,0.46,0.318,0.2,0.258,0.46,0.602,0.66,0.542
234,,0.44,0.298,0.18,0.238,0.44,0.582,0.64,0.522
235,,0.42,0.278,0.16,0.218,0.42,0.562,0.62,0.502
236,,0.4,0.258,0.14,0.198,0.4,0.542,0.6,0.482
237,,0.38,0.238,0.12,0.178,0.38,0.522,0.58,0.462
238,,0.36,0.218,0.1,0.158,0.36,0.502,0.56,0.442
239,,0.34,0.198,0.08,0.138,0.34,0.482,0.54,0.422
240,,0.32,0.178,0.06,0.118,0.32,0.462,0.52,0.402
241,,0.3,0.158,0.04,0.098,0.3,0.442,0.5,0.382
242,,0.28,0.138,0.02,0.078,0.28,0.422,0.48,0.362
243,,0.26,0.118,0.0,0.058,0.26,0.402,0.46,0.342
244,,0.24,0.098,-0.02,0.038,0.24,0.382,0.44,0.322
245,3,0.62,0.549,0.98,0.489,0.62,0.691,0.72,0.631
246,3,1.0,1.0,1.0,0.94,1.0,1.0,1.0,0.94
247,,0.98,0.98,0.98,0.92,0.98,0.98,0.98,0.92
248,,0.96,0.96,0.96,0.9,0.96,0.96,0.96,0.9
249,,0.94,0.94,0.94,0.88,0.94,0.94,0.94,0.88
250,,0.92,0.92,0.92,0.86,0.92,0.92,0.92,0.86
251,,0.9,0.9,0.9,0.84,0.9,0.9,0.9,0.84
252,,0.88,0.88,0.88,0.82,0.88,0.88,0.88,0.82
253,,0.86,0.86,0.86,0.8,0.86,0.86,0.86,0.8
254,,0.84,0.84,0.84,0.78,0.84,0.84,0.84,0.78
255,,0.82,0.82,0.82,0.76,0.82,0.82,0.82,0.76
256,,0.8,0.8,0.8,0.74,0.8,0.8,0.8,0.74
257,,0.78,0.78,0.78,0.72,0.78,0.78,0.78,0.72
258,,0.76,0.76,0.76,0.7,0.76,0.76,0.76,0.7
259,,0.74,0.74,0.74,0.68,0.74,0.74,0.74,0.68
260,,0.72,0.72,0.72,0.66,0.72,0.72,0.72,0.66
261,,0.7,0.7,0.7,0.64,0.7,0.7,0.7,0.64
262,,0.68,0.68,0.68,0.62,0.68,0.68,0.68,0.62
263,,0.66,0.66,0.66,0.6,0.66,0.66,0.66,0.6
264,,0.64,0.64,0.64,0.58,0.64,0.64,0.64,0.58
265,,0.62,0.62,0.62,0.56,0.62,0.62,0.62,0.56
266,,0.6,0.6,0.6,0.54,0.6,0.6,0.6,0.54
267,,0.58,0.58,0.58,0.52,0.58,0.58,0.58,0.52
268,,0.56,0.56,0.56,0.5,0.56,0.56,0.56,0.5
269,,0.54,0.54,0.54,0.48,0.54,0.54,0.54,0.48
270,,0.52,0.52,0.52,0.46,0.52,0.52,0.52,0.46
271,,0.5,0.5,0.5,0.44,0.5,0.5,0.5,0.44
272,,0.48,0.48,0.48,0.42,0.48,0.48,0.48,0.42
273,,0.46,0.46,0.46,0.4,0.46,0.46,0.46,0.4
274,,0.44,0.44,0.44,0.38,0.44,0.44,0.44,0.38
275,,0.42,0.42,0.42,0.36,0.42,0.42,0.42,0.36
276,,0.4,0.4,0.4,0.34,0.4,0.4,0.4,0.34
277,,0.38,0.38,0.38,0.32,0.38,0.38,0.38,0.32
278,,0.36,0.36,0.36,0.3,0.36,0.36,0.36,0.3
279,,0.34,0.34,0.34,0.28,0.34,0.34,0.34,0.28
280,,0.32,0.32,0.32,0.26,0.32,0.32,0.32,0.26
281,,0.3,0.3,0.3,0.24,0.3,0.3,0.3,0.24
282,,0.28,0.28,0.28,0.22,0.28,0.28,0.28,0.22
283,,0.26,0.26,0.26,0.2,0.26,0.26,0.26,0.2
284,,0.24,0.24,0.24,0.18,0.24,0.24,0.24,0.18
285,,0.22,0.22,0.22,0.16,0.22,0.22,0.22,0.16
286,,0.2,0.2,0.2,0.14,0.2,0.2,0.2,0.14
287,,0.18,0.18,0.18,0.12,0.18,0.18,0.18,0.12
288,,0.16,0.16,0.16,0.1,0.16,0.16,0.16,0.1
289,,0.14,0.14,0.14,0.08,0.14,0.14,0.14,0.08
290,,0.12,0.12,0.12,0.06,0.12,0.12,0.12,0.06
291,,0.1,0.1,0.1,0.04,0.1,0.1,0.1,0.04
292,,0.08,0.08,0.08,0.02,0.08,0.08,0.08,0.02
293,,0.06,0.06,0.06,0.0,0.06,0.06,0.06,0.0
294,,0.04,0.04,0.04,-0.02,0.04,0.04,0.04,-0.02
295,4,0.349,0.42,0.491,0.98,0.491,0.42,0.349,0.26
296,4,0.658,0.8,0.942,1.0,0.942,0.8,0.658,0.54
297,,0.638,0.78,0.922,0.98,0.922,0.78,0.638,0.52
298,,0.618,0.76,0.902,0.96,0.902,0.76,0.618,0.5
299,,0.598,0.74,0.882,0.94,0.882,0.74,0.598,0.48
300,,0.578,0.72,0.862,0.92,0.862,0.72,0.578,0.46
301,,0.558,0.7,0.842,0.9,0.842,0.7,0.558,0.44
302,,0.538,0.68,0.822,0.88,0.822,0.68,0.538,0.42
303,,0.518,0.66,0.802,0.86,0.802,0.66,0.518,0.4
304,,0.498,0.64,0.782,0.84,0.782,0.64,0.498,0.38
305,,0.478,0.62,0.762,0.82,0.762,0.62,0.478,0.36
306,,0.458,0.6,0.742,0.8,0.742,0.6,0.458,0.34
307,,0.438,0.58,0.722,0.78,0.722,0.58,0.438,0.32
308,,0.418,0.56,0.702,0.76,0.702,0.56,0.418,0.3
309,,0.398,0.54,0.682,0.74,0.682,0.54,0.398,0.28
310,,0.378,0.52,0.662,0.72,0.662,0.52,0.378,0.26
311,,0.358,0.5,0.642,0.7,0.642,0.5,0.358,0.24
312,,0.338,0.48,0.622,0.68,0.622,0.48,0.338,0.22
313,,0.318,0.46,0.602,0.66,0.602,0.46,0.318,0.2
314,,0.298,0.44,0.582,0.64,0.582,0.44,0.298,0.18
315,,0.278,0.42,0.562,0.62,0.562,0.42,0.278,0.16
316,,0.258,0.4,0.542,0.6,0.542,0.4,0.258,0.14
317,,0.238,0.38,0.522,0.58,0.522,0.38,0.238,0.12
318,,0.218,0.36,0.502,0.56,0.502,0.36,0.218,0.1
319,,0.198,0.34,0.482,0.54,0.482,0.34,0.198,0.08
320,,0.178,0.32,0.462,0.52,0.462,0.32,0.178,0.06
321,,0.158,0.3,0.442,0.5,0.442,0.3,0.158,0.04
322,,0.138,0.28,0.422,0.48,0.422,0.28,0.138,0.02
323,,0.118,0.26,0.402,0.46,0.402,0.26,0.118,0.0
324,,0.098,0.24,0.382,0.44,0.382,0.24,0.098,-0.02
325,8,0.549,0.62,0.691,0.72,0.691,0.62,0.549,0.98
326,8,1.0,1.0,1.0,1.0,1.0,1.0,1.0,1.0
327,,0.98,0.98,0.98,0.98,0.98,0.98,0.98,0.98
328,,0.96,0.96,0.96,0.96,0.96,0.96,0.96,0.96
329,,0.94,0.94,0.94,0.94,0.94,0.94,0.94,0.94
330,,0.92,0.92,0.92,0.92,0.92,0.92,0.92,0.92
331,,0.9,0.9,0.9,0.9,0.9,0.9,0.9,0.9
332,,0.88,0.88,0.88,0.88,0.88,0.88,0.88,0.88
333,,0.86,0.86,0.86,0.86,0.86,0.86,0.86,0.86
334,,0.84,0.84,0.84,0.84,0.84,0.84,0.84,0.84
335,,0.82,0.82,0.82,0.82,0.82,0.82,0.82,0.82
336,,0.8,0.8,0.8,0.8,0.8,0.8,0.8,0.8
337,,0.78,0.78,0.78,0.78,0.78,0.78,0.78,0.78
338,,0.76,0.76,0.76,0.76,0.76,0.76,0.76,0.76
339,,0.74,0.74,0.74,0.74,0.74,0.74,0.74,0.74
340,,0.72,0.72,0.72,0.72,0.72,0.72,0.72,0.72
341,,0.7,0.7,0.7,0.7,0.7,0.7,0.7,0.7
342,,0.68,0.68,0.68,0.68,0.68,0.68,0.68,0.68
343,,0.66,0.66,0.66,0.66,0.66,0.66,0.66,0.66
344,,0.64,0.64,0.64,0.64,0.64,0.64,0.64,0.64
345,,0.62,0.62,0.62,0.62,0.62,0.62,0.62,0.62
346,,0.6,0.6,0.6,0.6,0.6,0.6,0.6,0.6
347,,0.58,0.58,0.58,0.58,0.58,0.58,0.58,0.58
348,,0.56,0.56,0.56,0.56,0.56,0.56,0.56,0.56
349,,0.54,0.54,0.54,0.54,0.54,0.54,0.54,0.54
350,,0.52,0.52,0.52,0.52,0.52,0.52,0.52,0.52
351,,0.5,0.5,0.5,0.5,0.5,0.5,0.5,0.5
352,,0.48,0.48,0.48,0.48,0.48,0.48,0.48,0.48
353,,0.46,0.46,0.46,0.46,0.46,0.46,0.46,0.46
354,,0.44,0.44,0.44,0.44,0.44,0.44,0.44,0.44
355,,0.42,0.42,0.42,0.42,0.42,0.42,0.42,0.42
356,,0.4,0.4,0.4,0.4,0.4,0.4,0.4,0.4
357,,0.38,0.38,0.38,0.38,0.38,0.38,0.38,0.38
358,,0.36,0.36,0.36,0.36,0.36,0.36,0.36,0.36
359,,0.34,0.34,0.34,0.34,0.34,0.34,0.34,0.34
360,,0.32,0.32,0.32,0.32,0.32,0.32,0.32,0.32
361,,0.3,0.3,0.3,0.3,0.3,0.3,0.3,0.3
362,,0.28,0.28,0.28,0.28,0.28,0.28,0.28,0.28
363,,0.26,0.26,0.26,0.26,0.26,0.26,0.26,0.26
364,,0.24,0.24,0.24,0.24,0.24,0.24,0.24,0.24
365,,0.22,0.22,0.22,0.22,0.22,0.22,0.22,0.22
366,,0.2,0.2,0.2,0.2,0.2,0.2,0.2,0.2
367,,0.18,0.18,0.18,0.18,0.18,0.18,0.18,0.18
368,,0.16,0.16,0.16,0.16,0.16,0.16,0.16,0.16
369,,0.14,0.14,0.14,0.14,0.14,0.14,0.14,0.14
370,,0.12,0.12,0.12,0.12,0.12,0.12,0.12,0.12
371,,0.1,0.1,0.1,0.1,0.1,0.1,0.1,0.1
372,,0.08,0.08,0.08,0.08,0.08,0.08,0.08,0.08
373,,0.06,0.06,0.06,0.06,0.06,0.06,0.06,0.06
374,,0.04,0.04,0.04,0.04,0.04,0.04,0.04,0.04
375,,0.02,0.02,0.02,0.02,0.02,0.02,0.02,0.02
376,,0.0,0.0,0.0,0.0,0.0,0.0,0.0,0.0
377,,-0.02,-0.02,-0.02,-0.02,-0.02,-0.02,-0.02,-0.02
378,5,0.26,0.289,0.36,0.431,0.98,0.431,0.36,0.289
379,5,0.54,0.598,0.74,0.882,1.0,0.882,0.74,0.598
380,,0.52,0.578,0.72,0.862,0.98,0.862,0.72,0.578
381,,0.5,0.558,0.7,0.842,0.96,0.842,0.7,0.558
382,,0.48,0.538,0.68,0.822,0.94,0.822,0.68,0.538
383,,0.46,0.518,0.66,0.802,0.92,0.802,0.66,0.518
384,,0.44,0.498,0.64,0.782,0.9,0.782,0.64,0.498
385,,0.42,0.478,0.62,0.762,0.88,0.762,0.62,0.478
386,,0.4,0.458,0.6,0.742,0.86,0.742,0.6,0.458
387,,0.38,0.438,0.58,0.722,0.84,0.722,0.58,0.438
388,,0.36,0.418,0.56,0.702,0.82,0.702,0.56,0.418
389,,0.34,0.398,0.54,0.682,0.8,0.682,0.54,0.398
390,,0.32,0.378,0.52,0.662,0.78,0.662,0.52,0.378
391,,0.3,0.358,0.5,0.642,0.76,0.642,0.5,0.358
392,,0.28,0.338,0.48,0.622,0.74,0.622,0.48,0.338
393,,0.26,0.318,0.46,0.602,0.72,0.602,0.46,0.318
394,,0.24,0.298,0.44,0.582,0.7,0.582,0.44,0.298
395,,0.22,0.278,0.42,0.562,0.68,0.562,0.42,0.278
396,,0.2,0.258,0.4,0.542,0.66,0.542,0.4,0.258
397,,0.18,0.238,0.38,0.522,0.64,0.522,0.38,0.238
398,,0.16,0.218,0.36,0.502,0.62,0.502,0.36,0.218
399,,0.14,0.198,0.34,0.482,0.6,0.482,0.34,0.198
400,,0.12,0.178,0.32,0.462,0.58,0.462,0.32,0.178
401,,0.1,0.158,0.3,0.442,0.56,0.442,0.3,0.158
402,,0.08,0.138,0.28,0.422,0.54,0.422,0.28,0.138
403,,0.06,0.118,0.26,0.402,0.52,0.402,0.26,0.118
404,,0.04,0.098,0.24,0.382,0.5,0.382,0.24,0.098
405,,0.02,0.078,0.22,0.362,0.48,0.362,0.22,0.078
406,,0.0,0.058,0.2,0.342,0.46,0.342,0.2,0.058
407,,-0.02,0.038,0.18,0.322,0.44,0.322,0.18,0.038
408,1,0.98,0.489,0.56,0.631,0.72,0.631,0.56,0.489
409,1,1.0,0.94,0.94,0.94,1.0,0.94,0.94,0.94
410,,0.98,0.92,0.92,0.92,0.98,0.92,0.92,0.92
411,,0.96,0.9,0.9,0.9,0.96,0.9,0.9,0.9
412,,0.94,0.88,0.88,0.88,0.94,0.88,0.88,0.88
413,,0.92,0.86,0.86,0.86,0.92,0.86,0.86,0.86
414,,0.9,0.84,0.84,0.84,0.9,0.84,0.84,0.84
415,,0.88,0.82,0.82,0.82,0.88,0.82,0.82,0.82
416,,0.86,0.8,0.8,0.8,0.86,0.8,0.8,0.8
417,,0.84,0.78,0.78,0.78,0.84,0.78,0.78,0.78
418,,0.82,0.76,0.76,0.76,0.82,0.76,0.76,0.76
419,,0.8,0.74,0.74,0.74,0.8,0.74,0.74,0.74
420,,0.78,0.72,0.72,0.72,0.78,0.72,0.72,0.72
421,,0.76,0.7,0.7,0.7,0.76,0.7,0.7,0.7
422,,0.74,0.68,0.68,0.68,0.74,0.68,0.68,0.68
423,,0.72,0.66,0.66,0.66,0.72,0.66,0.66,0.66
424,,0.7,0.64,0.64,0.64,0.7,0.64,0.64,0.64
425,,0.68,0.62,0.62,0.62,0.68,0.62,0.62,0.62
426,,0.66,0.6,0.6,0.6,0.66,0.6,0.6,0.6
427,,0.64,0.58,0.58,0.58,0.64,0.58,0.58,0.58
428,,0.62,0.56,0.56,0.56,0.62,0.56,0.56,0.56
429,,0.6,0.54,0.54,0.54,0.6,0.54,0.54,0.54
430,,0.58,0.52,0.52,0.52,0.58,0.52,0.52,0.52
431,,0.56,0.5,0.5,0.5,0.56,0.5,0.5,0.5
432,,0.54,0.48,0.48,0.48,0.54,0.48,0.48,0.48
433,,0.52,0.46,0.46,0.46,0.52,0.46,0.46,0.46
434,,0.5,0.44,0.44,0.44,0.5,0.44,0.44,0.44
435,,0.48,0.42,0.42,0.42,0.48,0.42,0.42,0.42
436,,0.46,0.4,0.4,0.4,0.46,0.4,0.4,0.4
437,,0.44,0.38,0.38,0.38,0.44,0.38,0.38,0.38
438,,0.42,0.36,0.36,0.36,0.42,0.36,0.36,0.36
439,,0.4,0.34,0.34,0.34,0.4,0.34,0.34,0.34
440,,0.38,0.32,0.32,0.32,0.38,0.32,0.32,0.32
441,,0.36,0.3,0.3,0.3,0.36,0.3,0.3,0.3
442,,0.34,0.28,0.28,0.28,0.34,0.28,0.28,0.28
443,,0.32,0.26,0.26,0.26,0.32,0.26,0.26,0.26
444,,0.3,0.24,0.24,0.24,0.3,0.24,0.24,0.24
445,,0.28,0.22,0.22,0.22,0.28,0.22,0.22,0.22
446,,0.26,0.2,0.2,0.2,0.26,0.2,0.2,0.2
447,,0.24,0.18,0.18,0.18,0.24,0.18,0.18,0.18
448,,0.22,0.16,0.16,0.16,0.22,0.16,0.16,0.16
449,,0.2,0.14,0.14,0.14,0.2,0.14,0.14,0.14
450,,0.18,0.12,0.12,0.12,0.18,0.12,0.12,0.12
451,,0.16,0.1,0.1,0.1,0.16,0.1,0.1,0.1
452,,0.14,0.08,0.08,0.08,0.14,0.08,0.08,0.08
453,,0.12,0.06,0.06,0.06,0.12,0.06,0.06,0.06
454,,0.1,0.04,0.04,0.04,0.1,0.04,0.04,0.04
455,,0.08,0.02,0.02,0.02,0.08,0.02,0.02,0.02
456,,0.06,0.0,0.0,0.0,0.06,0.0,0.0,0.0
457,,0.04,-0.02,-0.02,-0.02,0.04,-0.02,-0.02,-0.02
458,2,0.491,0.98,0.431,0.36,0.349,0.26,0.289,0.36
459,2,0.942,1.0,0.882,0.74,0.658,0.54,0.598,0.74
460,,0.922,0.98,0.862,0.72,0.638,0.52,0.578,0.72
461,,0.902,0.96,0.842,0.7,0.618,0.5,0.558,0.7
462,,0.882,0.94,0.822,0.68,0.598,0.48,0.538,0.68
463,,0.862,0.92,0.802,0.66,0.578,0.46,0.518,0.66
464,,0.842,0.9,0.782,0.64,0.558,0.44,0.498,0.64
465,,0.822,0.88,0.762,0.62,0.538,0.42,0.478,0.62
466,,0.802,0.86,0.742,0.6,0.518,0.4,0.458,0.6
467,,0.782,0.84,0.722,0.58,0.498,0.38,0.438,0.58
468,,0.762,0.82,0.702,0.56,0.478,0.36,0.418,0.56
469,,0.742,0.8,0.682,0.54,0.458,0.34,0.398,0.54
470,,0.722,0.78,0.662,0.52,0.438,0.32,0.378,0.52
471,,0.702,0.76,0.642,0.5,0.418,0.3,0.358,0.5
472,,0.682,0.74,0.622,0.48,0.398,0.28,0.338,0.48
473,,0.662,0.72,0.602,0.46,0.378,0.26,0.318,0.46
474,,0.642,0.7,0.582,0.44,0.358,0.24,0.298,0.44
475,,0.622,0.68,0.562,0.42,0.338,0.22,0.278,0.42
476,,0.602,0.66,0.542,0.4,0.318,0.2,0.258,0.4
477,,0.582,0.64,0.522,0.38,0.298,0.18,0.238,0.38
478,,0.562,0.62,0.502,0.36,0.278,0.16,0.218,0.36
479,,0.542,0.6,0.482,0.34,0.258,0.14,0.198,0.34
480,,0.522,0.58,0.462,0.32,0.238,0.12,0.178,0.32
481,,0.502,0.56,0.442,0.3,0.218,0.1,0.158,0.3
482,,0.482,0.54,0.422,0.28,0.198,0.08,0.138,0.28
483,,0.462,0.52,0.402,0.26,0.178,0.06,0.118,0.26
484,,0.442,0.5,0.382,0.24,0.158,0.04,0.098,0.24
485,,0.422,0.48,0.362,0.22,0.138,0.02,0.078,0.22
486,,0.402,0.46,0.342,0.2,0.118,0.0,0.058,0.2
487,,0.382,0.44,0.322,0.18,0.098,-0.02,0.038,0.18
488,6,0.691,0.72,0.631,0.56,0.549,0.98,0.489,0.56
489,6,1.0,1.0,0.94,0.94,1.0,1.0,0.94,0.94
490,,0.98,0.98,0.92,0.92,0.98,0.98,0.92,0.92
491,,0.96,0.96,0.9,0.9,0.96,0.96,0.9,0.9
492,,0.94,0.94,0.88,0.88,0.94,0.94,0.88,0.88
493,,0.92,0.92,0.86,0.86,0.92,0.92,0.86,0.86
494,,0.9,0.9,0.84,0.84,0.9,0.9,0.84,0.84
495,,0.88,0.88,0.82,0.82,0.88,0.88,0.82,0.82
496,,0.86,0.86,0.8,0.8,0.86,0.86,0.8,0.8
497,,0.84,0.84,0.78,0.78,0.84,0.84,0.78,0.78
498,,0.82,0.82,0.76,0.76,0.82,0.82,0.76,0.76
499,,0.8,0.8,0.74,0.74,0.8,0.8,0.74,0.74
500,,0.78,0.78,0.72,0.72,0.78,0.78,0.72,0.72
501,,0.76,0.76,0.7,0.7,0.76,0.76,0.7,0.7
502,,0.74,0.74,0.68,0.68,0.74,0.74,0.68,0.68
503,,0.72,0.72,0.66,0.66,0.72,0.72,0.66,0.66
504,,0.7,0.7,0.64,0.64,0.7,0.7,0.64,0.64
505,,0.68,0.68,0.62,0.62,0.68,0.68,0.62,0.62
506,,0.66,0.66,0.6,0.6,0.66,0.66,0.6,0.6
507,,0.64,0.64,0.58,0.58,0.64,0.64,0.58,0.58
508,,0.62,0.62,0.56,0.56,0.62,0.62,0.56,0.56
509,,0.6,0.6,0.54,0.54,0.6,0.6,0.54,0.54
510,,0.58,0.58,0.52,0.52,0.58,0.58,0.52,0.52
511,,0.56,0.56,0.5,0.5,0.56,0.56,0.5,0.5
512,,0.54,0.54,0.48,0.48,0.54,0.54,0.48,0.48
513,,0.52,0.52,0.46,0.46,0.52,0.52,0.46,0.46
514,,0.5,0.5,0.44,0.44,0.5,0.5,0.44,0.44
515,,0.48,0.48,0.42,0.42,0.48,0.48,0.42,0.42
516,,0.46,0.46,0.4,0.4,0.46,0.46,0.4,0.4
517,,0.44,0.44,0.38,0.38,0.44,0.44,0.38,0.38
518,,0.42,0.42,0.36,0.36,0.42,0.42,0.36,0.36
519,,0.4,0.4,0.34,0.34,0.4,0.4,0.34,0.34
520,,0.38,0.38,0.32,0.32,0.38,0.38,0.32,0.32
521,,0.36,0.36,0.3,0.3,0.36,0.36,0.3,0.3
522,,0.34,0.34,0.28,0.28,0.34,0.34,0.28,0.28
523,,0.32,0.32,0.26,0.26,0.32,0.32,0.26,0.26
524,,0.3,0.3,0.24,0.24,0.3,0.3,0.24,0.24
525,,0.28,0.28,0.22,0.22,0.28,0.28,0.22,0.22
526,,0.26,0.26,0.2,0.2,0.26,0.26,0.2,0.2
527,,0.24,0.24,0.18,0.18,0.24,0.24,0.18,0.18
528,,0.22,0.22,0.16,0.16,0.22,0.22,0.16,0.16
529,,0.2,0.2,0.14,0.14,0.2,0.2,0.14,0.14
530,,0.18,0.18,0.12,0.12,0.18,0.18,0.12,0.12
531,,0.16,0.16,0.1,0.1,0.16,0.16,0.1,0.1
532,,0.14,0.14,0.08,0.08,0.14,0.14,0.08,0.08
533,,0.12,0.12,0.06,0.06,0.12,0.12,0.06,0.06
534,,0.1,0.1,0.04,0.04,0.1,0.1,0.04,0.04
535,,0.08,0.08,0.02,0.02,0.08,0.08,0.02,0.02
536,,0.06,0.06,0.0,0.0,0.06,0.06,0.0,0.0
537,,0.04,0.04,-0.02,-0.02,0.04,0.04,-0.02,-0.02
538,8,0.491,0.42,0.289,0.26,0.349,0.42,0.431,0.98
539,8,0.942,0.8,0.598,0.54,0.658,0.8,0.882,1.0
540,,0.922,0.78,0.578,0.52,0.638,0.78,0.862,0.98
541,,0.902,0.76,0.558,0.5,0.618,0.76,0.842,0.96
542,,0.882,0.74,0.538,0.48,0.598,0.74,0.822,0.94
543,,0.862,0.72,0.518,0.46,0.578,0.72,0.802,0.92
544,,0.842,0.7,0.498,0.44,0.558,0.7,0.782,0.9
545,,0.822,0.68,0.478,0.42,0.538,0.68,0.762,0.88
546,,0.802,0.66,0.458,0.4,0.518,0.66,0.742,0.86
547,,0.782,0.64,0.438,0.38,0.498,0.64,0.722,0.84
548,,0.762,0.62,0.418,0.36,0.478,0.62,0.702,0.82
549,,0.742,0.6,0.398,0.34,0.458,0.6,0.682,0.8
550,,0.722,0.58,0.378,0.32,0.438,0.58,0.662,0.78
551,,0.702,0.56,0.358,0.3,0.418,0.56,0.642,0.76
552,,0.682,0.54,0.338,0.28,0.398,0.54,0.622,0.74
553,,0.662,0.52,0.318,0.26,0.378,0.52,0.602,0.72
554,,0.642,0.5,0.298,0.24,0.358,0.5,0.582,0.7
555,,0.622,0.48,0.278,0.22,0.338,0.48,0.562,0.68
556,,0.602,0.46,0.258,0.2,0.318,0.46,0.542,0.66
557,,0.582,0.44,0.238,0.18,0.298,0.44,0.522,0.64
558,,0.562,0.42,0.218,0.16,0.278,0.42,0.502,0.62
559,,0.542,0.4,0.198,0.14,0.258,0.4,0.482,0.6
560,,0.522,0.38,0.178,0.12,0.238,0.38,0.462,0.58
561,,0.502,0.36,0.158,0.1,0.218,0.36,0.442,0.56
562,,0.482,0.34,0.138,0.08,0.198,0.34,0.422,0.54
563,,0.462,0.32,0.118,0.06,0.178,0.32,0.402,0.52
564,,0.442,0.3,0.098,0.04,0.158,0.3,0.382,0.5
565,,0.422,0.28,0.078,0.02,0.138,0.28,0.362,0.48
566,,0.402,0.26,0.058,0.0,0.118,0.26,0.342,0.46
567,,0.382,0.24,0.038,-0.02,0.098,0.24,0.322,0.44
568,4,0.691,0.62,0.489,0.98,0.549,0.62,0.631,0.72
569,4,1.0,1.0,0.94,1.0,1.0,1.0,0.94,1.0
570,,0.98,0.98,0.92,0.98,0.98,0.98,0.92,0.98
571,,0.96,0.96,0.9,0.96,0.96,0.96,0.9,0.96
572,,0.94,0.94,0.88,0.94,0.94,0.94,0.88,0.94
573,,0.92,0.92,0.86,0.92,0.92,0.92,0.86,0.92
574,,0.9,0.9,0.84,0.9,0.9,0.9,0.84,0.9
575,,0.88,0.88,0.82,0.88,0.88,0.88,0.82,0.88
576,,0.86,0.86,0.8,0.86,0.86,0.86,0.8,0.86
577,,0.84,0.84,0.78,0.84,0.84,0.84,0.78,0.84
578,,0.82,0.82,0.76,0.82,0.82,0.82,0.76,0.82
579,,0.8,0.8,0.74,0.8,0.8,0.8,0.74,0.8
580,,0.78,0.78,0.72,0.78,0.78,0.78,0.72,0.78
581,,0.76,0.76,0.7,0.76,0.76,0.76,0.7,0.76
582,,0.74,0.74,0.68,0.74,0.74,0.74,0.68,0.74
583,,0.72,0.72,0.66,0.72,0.72,0.72,0.66,0.72
584,,0.7,0.7,0.64,0.7,0.7,0.7,0.64,0.7
585,,0.68,0.68,0.62,0.68,0.68,0.68,0.62,0.68
586,,0.66,0.66,0.6,0.66,0.66,0.66,0.6,0.66
587,,0.64,0.64,0.58,0.64,0.64,0.64,0.58,0.64
588,,0.62,0.62,0.56,0.62,0.62,0.62,0.56,0.62
589,,0.6,0.6,0.54,0.6,0.6,0.6,0.54,0.6
590,,0.58,0.58,0.52,0.58,0.58,0.58,0.52,0.58
591,,0.56,0.56,0.5,0.56,0.56,0.56,0.5,0.56
592,,0.54,0.54,0.48,0.54,0.54,0.54,0.48,0.54
593,,0.52,0.52,0.46,0.52,0.52,0.52,0.46,0.52
594,,0.5,0.5,0.44,0.5,0.5,0.5,0.44,0.5
595,,0.48,0.48,0.42,0.48,0.48,0.48,0.42,0.48
596,,0.46,0.46,0.4,0.46,0.46,0.46,0.4,0.46
597,,0.44,0.44,0.38,0.44,0.44,0.44,0.38,0.44
598,,0.42,0.42,0.36,0.42,0.42,0.42,0.36,0.42
599,,0.4,0.4,0.34,0.4,0.4,0.4,0.34,0.4
600,,0.38,0.38,0.32,0.38,0.38,0.38,0.32,0.38
601,,0.36,0.36,0.3,0.36,0.36,0.36,0.3,0.36
602,,0.34,0.34,0.28,0.34,0.34,0.34,0.28,0.34
603,,0.32,0.32,0.26,0.32,0.32,0.32,0.26,0.32
604,,0.3,0.3,0.24,0.3,0.3,0.3,0.24,0.3
605,,0.28,0.28,0.22,0.28,0.28,0.28,0.22,0.28
606,,0.26,0.26,0.2,0.26,0.26,0.26,0.2,0.26
607,,0.24,0.24,0.18,0.24,0.24,0.24,0.18,0.24
608,,0.22,0.22,0.16,0.22,0.22,0.22,0.16,0.22
609,,0.2,0.2,0.14,0.2,0.2,0.2,0.14,0.2
610,,0.18,0.18,0.12,0.18,0.18,0.18,0.12,0.18
611,,0.16,0.16,0.1,0.16,0.16,0.16,0.1,0.16
612,,0.14,0.14,0.08,0.14,0.14,0.14,0.08,0.14
613,,0.12,0.12,0.06,0.12,0.12,0.12,0.06,0.12
614,,0.1,0.1,0.04,0.1,0.1,0.1,0.04,0.1
615,,0.08,0.08,0.02,0.08,0.08,0.08,0.02,0.08
616,,0.06,0.06,0.0,0.06,0.06,0.06,0.0,0.06
617,,0.04,0.04,-0.02,0.04,0.04,0.04,-0.02,0.04
618,3,0.42,0.491,0.98,0.491,0.42,0.349,0.26,0.349
619,3,0.8,0.942,1.0,0.942,0.8,0.658,0.54,0.658
620,,0.78,0.922,0.98,0.922,0.78,0.638,0.52,0.638
621,,0.76,0.902,0.96,0.902,0.76,0.618,0.5,0.618
622,,0.74,0.882,0.94,0.882,0.74,0.598,0.48,0.598
623,,0.72,0.862,0.92,0.862,0.72,0.578,0.46,0.578
624,,0.7,0.842,0.9,0.842,0.7,0.558,0.44,0.558
625,,0.68,0.822,0.88,0.822,0.68,0.538,0.42,0.538
626,,0.66,0.802,0.86,0.802,0.66,0.518,0.4,0.518
627,,0.64,0.782,0.84,0.782,0.64,0.498,0.38,0.498
628,,0.62,0.762,0.82,0.762,0.62,0.478,0.36,0.478
629,,0.6,0.742,0.8,0.742,0.6,0.458,0.34,0.458
630,,0.58,0.722,0.78,0.722,0.58,0.438,0.32,0.438
631,,0.56,0.702,0.76,0.702,0.56,0.418,0.3,0.418
632,,0.54,0.682,0.74,0.682,0.54,0.398,0.28,0.398
633,,0.52,0.662,0.72,0.662,0.52,0.378,0.26,0.378
634,,0.5,0.642,0.7,0.642,0.5,0.358,0.24,0.358
635,,0.48,0.622,0.68,0.622,0.48,0.338,0.22,0.338
636,,0.46,0.602,0.66,0.602,0.46,0.318,0.2,0.318
637,,0.44,0.582,0.64,0.582,0.44,0.298,0.18,0.298
638,,0.42,0.562,0.62,0.562,0.42,0.278,0.16,0.278
639,,0.4,0.542,0.6,0.542,0.4,0.258,0.14,0.258
640,,0.38,0.522,0.58,0.522,0.38,0.238,0.12,0.238
641,,0.36,0.502,0.56,0.502,0.36,0.218,0.1,0.218
642,,0.34,0.482,0.54,0.482,0.34,0.198,0.08,0.198
643,,0.32,0.462,0.52,0.462,0.32,0.178,0.06,0.178
644,,0.3,0.442,0.5,0.442,0.3,0.158,0.04,0.158
645,,0.28,0.422,0.48,0.422,0.28,0.138,0.02,0.138
646,,0.26,0.402,0.46,0.402,0.26,0.118,0.0,0.118
647,,0.24,0.382,0.44,0.382,0.24,0.098,-0.02,0.098
648,7,0.62,0.691,0.72,0.691,0.62,0.549,0.98,0.549
649,7,1.0,1.0,1.0,1.0,1.0,1.0,1.0,1.0
650,,0.98,0.98,0.98,0.98,0.98,0.98,0.98,0.98
651,,0.96,0.96,0.96,0.96,0.96,0.96,0.96,0.96
652,,0.94,0.94,0.94,0.94,0.94,0.94,0.94,0.94
653,,0.92,0.92,0.92,0.92,0.92,0.92,0.92,0.92
654,,0.9,0.9,0.9,0.9,0.9,0.9,0.9,0.9
655,,0.88,0.88,0.88,0.88,0.88,0.88,0.88,0.88
656,,0.86,0.86,0.86,0.86,0.86,0.86,0.86,0.86
657,,0.84,0.84,0.84,0.84,0.84,0.84,0.84,0.84
658,,0.82,0.82,0.82,0.82,0.82,0.82,0.82,0.82
659,,0.8,0.8,0.8,0.8,0.8,0.8,0.8,0.8
660,,0.78,0.78,0.78,0.78,0.78,0.78,0.78,0.78
661,,0.76,0.76,0.76,0.76,0.76,0.76,0.76,0.76
662,,0.74,0.74,0.74,0.74,0.74,0.74,0.74,0.74
663,,0.72,0.72,0.72,0.72,0.72,0.72,0.72,0.72
664,,0.7,0.7,0.7,0.7,0.7,0.7,0.7,0.7
665,,0.68,0.68,0.68,0.68,0.68,0.68,0.68,0.68
666,,0.66,0.66,0.66,0.66,0.66,0.66,0.66,0.66
667,,0.64,0.64,0.64,0.64,0.64,0.64,0.64,0.64
668,,0.62,0.62,0.62,0.62,0.62,0.62,0.62,0.62
669,,0.6,0.6,0.6,0.6,0.6,0.6,0.6,0.6
670,,0.58,0.58,0.58,0.58,0.58,0.58,0.58,0.58
671,,0.56,0.56,0.56,0.56,0.56,0.56,0.56,0.56
672,,0.54,0.54,0.54,0.54,0.54,0.54,0.54,0.54
673,,0.52,0.52,0.52,0.52,0.52,0.52,0.52,0.52
674,,0.5,0.5,0.5,0.5,0.5,0.5,0.5,0.5
675,,0.48,0.48,0.48,0.48,0.48,0.48,0.48,0.48
676,,0.46,0.46,0.46,0.46,0.46,0.46,0.46,0.46
677,,0.44,0.44,0.44,0.44,0.44,0.44,0.44,0.44
678,,0.42,0.42,0.42,0.42,0.42,0.42,0.42,0.42
679,,0.4,0.4,0.4,0.4,0.4,0.4,0.4,0.4
680,,0.38,0.38,0.38,0.38,0.38,0.38,0.38,0.38
681,,0.36,0.36,0.36,0.36,0.36,0.36,0.36,0.36
682,,0.34,0.34,0.34,0.34,0.34,0.34,0.34,0.34
683,,0.32,0.32,0.32,0.32,0.32,0.32,0.32,0.32
684,,0.3,0.3,0.3,0.3,0.3,0.3,0.3,0.3
685,,0.28,0.28,0.28,0.28,0.28,0.28,0.28,0.28
686,,0.26,0.26,0.26,0.26,0.26,0.26,0.26,0.26
687,,0.24,0.24,0.24,0.24,0.24,0.24,0.24,0.24
688,,0.22,0.22,0.22,0.22,0.22,0.22,0.22,0.22
689,,0.2,0.2,0.2,0.2,0.2,0.2,0.2,0.2
690,,0.18,0.18,0.18,0.18,0.18,0.18,0.18,0.18
691,,0.16,0.16,0.16,0.16,0.16,0.16,0.16,0.16
692,,0.14,0.14,0.14,0.14,0.14,0.14,0.14,0.14
693,,0.12,0.12,0.12,0.12,0.12,0.12,0.12,0.12
694,,0.1,0.1,0.1,0.1,0.1,0.1,0.1,0.1
695,,0.08,0.08,0.08,0.08,0.08,0.08,0.08,0.08
696,,0.06,0.06,0.06,0.06,0.06,0.06,0.06,0.06
697,,0.04,0.04,0.04,0.04,0.04,0.04,0.04,0.04
698,,0.02,0.02,0.02,0.02,0.02,0.02,0.02,0.02
699,,0.0,0.0,0.0,0.0,0.0,0.0,0.0,0.0
700,,-0.02,-0.02,-0.02,-0.02,-0.02,-0.02,-0.02,-0.02
701,8,0.431,0.36,0.289,0.26,0.289,0.36,0.431,0.98
702,8,0.882,0.74,0.598,0.54,0.598,0.74,0.882,1.0
703,,0.862,0.72,0.578,0.52,0.578,0.72,0.862,0.98
704,,0.842,0.7,0.558,0.5,0.558,0.7,0.842,0.96
705,,0.822,0.68,0.538,0.48,0.538,0.68,0.822,0.94
706,,0.802,0.66,0.518,0.46,0.518,0.66,0.802,0.92
707,,0.782,0.64,0.498,0.44,0.498,0.64,0.782,0.9
708,,0.762,0.62,0.478,0.42,0.478,0.62,0.762,0.88
709,,0.742,0.6,0.458,0.4,0.458,0.6,0.742,0.86
710,,0.722,0.58,0.438,0.38,0.438,0.58,0.722,0.84
711,,0.702,0.56,0.418,0.36,0.418,0.56,0.702,0.82
712,,0.682,0.54,0.398,0.34,0.398,0.54,0.682,0.8
713,,0.662,0.52,0.378,0.32,0.378,0.52,0.662,0.78
714,,0.642,0.5,0.358,0.3,0.358,0.5,0.642,0.76
715,,0.622,0.48,0.338,0.28,0.338,0.48,0.622,0.74
716,,0.602,0.46,0.318,0.26,0.318,0.46,0.602,0.72
717,,0.582,0.44,0.298,0.24,0.298,0.44,0.582,0.7
718,,0.562,0.42,0.278,0.22,0.278,0.42,0.562,0.68
719,,0.542,0.4,0.258,0.2,0.258,0.4,0.542,0.66
720,,0.522,0.38,0.238,0.18,0.238,0.38,0.522,0.64
721,,0.502,0.36,0.218,0.16,0.218,0.36,0.502,0.62
722,,0.482,0.34,0.198,0.14,0.198,0.34,0.482,0.6
723,,0.462,0.32,0.178,0.12,0.178,0.32,0.462,0.58
724,,0.442,0.3,0.158,0.1,0.158,0.3,0.442,0.56
725,,0.422,0.28,0.138,0.08,0.138,0.28,0.422,0.54
726,,0.402,0.26,0.118,0.06,0.118,0.26,0.402,0.52
727,,0.382,0.24,0.098,0.04,0.098,0.24,0.382,0.5
728,,0.362,0.22,0.078,0.02,0.078,0.22,0.362,0.48
729,,0.342,0.2,0.058,0.0,0.058,0.2,0.342,0.46
730,,0.322,0.18,0.038,-0.02,0.038,0.18,0.322,0.44
731,4,0.631,0.56,0.489,0.98,0.489,0.56,0.631,0.72
732,4,0.94,0.94,0.94,1.0,0.94,0.94,0.94,1.0
733,,0.92,0.92,0.92,0.98,0.92,0.92,0.92,0.98
734,,0.9,0.9,0.9,0.96,0.9,0.9,0.9,0.96
735,,0.88,0.88,0.88,0.94,0.88,0.88,0.88,0.94
736,,0.86,0.86,0.86,0.92,0.86,0.86,0.86,0.92
737,,0.84,0.84,0.84,0.9,0.84,0.84,0.84,0.9
738,,0.82,0.82,0.82,0.88,0.82,0.82,0.82,0.88
739,,0.8,0.8,0.8,0.86,0.8,0.8,0.8,0.86
740,,0.78,0.78,0.78,0.84,0.78,0.78,0.78,0.84
741,,0.76,0.76,0.76,0.82,0.76,0.76,0.76,0.82
742,,0.74,0.74,0.74,0.8,0.74,0.74,0.74,0.8
743,,0.72,0.72,0.72,0.78,0.72,0.72,0.72,0.78
744,,0.7,0.7,0.7,0.76,0.7,0.7,0.7,0.76
745,,0.68,0.68,0.68,0.74,0.68,0.68,0.68,0.74
746,,0.66,0.66,0.66,0.72,0.66,0.66,0.66,0.72
747,,0.64,0.64,0.64,0.7,0.64,0.64,0.64,0.7
748,,0.62,0.62,0.62,0.68,0.62,0.62,0.62,0.68
749,,0.6,0.6,0.6,0.66,0.6,0.6,0.6,0.66
750,,0.58,0.58,0.58,0.64,0.58,0.58,0.58,0.64
751,,0.56,0.56,0.56,0.62,0.56,0.56,0.56,0.62
752,,0.54,0.54,0.54,0.6,0.54,0.54,0.54,0.6
753,,0.52,0.52,0.52,0.58,0.52,0.52,0.52,0.58
754,,0.5,0.5,0.5,0.56,0.5,0.5,0.5,0.56
755,,0.48,0.48,0.48,0.54,0.48,0.48,0.48,0.54
756,,0.46,0.46,0.46,0.52,0.46,0.46,0.46,0.52
757,,0.44,0.44,0.44,0.5,0.44,0.44,0.44,0.5
758,,0.42,0.42,0.42,0.48,0.42,0.42,0.42,0.48
759,,0.4,0.4,0.4,0.46,0.4,0.4,0.4,0.46
760,,0.38,0.38,0.38,0.44,0.38,0.38,0.38,0.44
761,,0.36,0.36,0.36,0.42,0.36,0.36,0.36,0.42
762,,0.34,0.34,0.34,0.4,0.34,0.34,0.34,0.4
763,,0.32,0.32,0.32,0.38,0.32,0.32,0.32,0.38
764,,0.3,0.3,0.3,0.36,0.3,0.3,0.3,0.36
765,,0.28,0.28,0.28,0.34,0.28,0.28,0.28,0.34
766,,0.26,0.26,0.26,0.32,0.26,0.26,0.26,0.32
767,,0.24,0.24,0.24,0.3,0.24,0.24,0.24,0.3
768,,0.22,0.22,0.22,0.28,0.22,0.22,0.22,0.28
769,,0.2,0.2,0.2,0.26,0.2,0.2,0.2,0.26
770,,0.18,0.18,0.18,0.24,0.18,0.18,0.18,0.24
771,,0.16,0.16,0.16,0.22,0.16,0.16,0.16,0.22
772,,0.14,0.14,0.14,0.2,0.14,0.14,0.14,0.2
773,,0.12,0.12,0.12,0.18,0.12,0.12,0.12,0.18
774,,0.1,0.1,0.1,0.16,0.1,0.1,0.1,0.16
775,,0.08,0.08,0.08,0.14,0.08,0.08,0.08,0.14
776,,0.06,0.06,0.06,0.12,0.06,0.06,0.06,0.12
777,,0.04,0.04,0.04,0.1,0.04,0.04,0.04,0.1
778,,0.02,0.02,0.02,0.08,0.02,0.02,0.02,0.08
779,,0.0,0.0,0.0,0.06,0.0,0.0,0.0,0.06
780,,-0.02,-0.02,-0.02,0.04,-0.02,-0.02,-0.02,0.04
781,2,0.431,0.98,0.431,0.42,0.289,0.26,0.289,0.42
782,2,0.882,1.0,0.882,0.8,0.598,0.54,0.598,0.8
783,,0.862,0.98,0.862,0.78,0.578,0.52,0.578,0.78
784,,0.842,0.96,0.842,0.76,0.558,0.5,0.558,0.76
785,,0.822,0.94,0.822,0.74,0.538,0.48,0.538,0.74
786,,0.802,0.92,0.802,0.72,0.518,0.46,0.518,0.72
787,,0.782,0.9,0.782,0.7,0.498,0.44,0.498,0.7
788,,0.762,0.88,0.762,0.68,0.478,0.42,0.478,0.68
789,,0.742,0.86,0.742,0.66,0.458,0.4,0.458,0.66
790,,0.722,0.84,0.722,0.64,0.438,0.38,0.438,0.64
791,,0.702,0.82,0.702,0.62,0.418,0.36,0.418,0.62
792,,0.682,0.8,0.682,0.6,0.398,0.34,0.398,0.6
793,,0.662,0.78,0.662,0.58,0.378,0.32,0.378,0.58
794,,0.642,0.76,0.642,0.56,0.358,0.3,0.358,0.56
795,,0.622,0.74,0.622,0.54,0.338,0.28,0.338,0.54
796,,0.602,0.72,0.602,0.52,0.318,0.26,0.318,0.52
797,,0.582,0.7,0.582,0.5,0.298,0.24,0.298,0.5
798,,0.562,0.68,0.562,0.48,0.278,0.22,0.278,0.48
799,,0.542,0.66,0.542,0.46,0.258,0.2,0.258,0.46
800,,0.522,0.64,0.522,0.44,0.238,0.18,0.238,0.44
801,,0.502,0.62,0.502,0.42,0.218,0.16,0.218,0.42
802,,0.482,0.6,0.482,0.4,0.198,0.14,0.198,0.4
803,,0.462,0.58,0.462,0.38,0.178,0.12,0.178,0.38
804,,0.442,0.56,0.442,0.36,0.158,0.1,0.158,0.36
805,,0.422,0.54,0.422,0.34,0.138,0.08,0.138,0.34
806,,0.402,0.52,0.402,0.32,0.118,0.06,0.118,0.32
807,,0.382,0.5,0.382,0.3,0.098,0.04,0.098,0.3
808,,0.362,0.48,0.362,0.28,0.078,0.02,0.078,0.28
809,,0.342,0.46,0.342,0.26,0.058,0.0,0.058,0.26
810,,0.322,0.44,0.322,0.24,0.038,-0.02,0.038,0.24
811,6,0.631,0.72,0.631,0.62,0.489,0.98,0.489,0.62
812,6,0.94,1.0,0.94,1.0,0.94,1.0,0.94,1.0
813,,0.92,0.98,0.92,0.98,0.92,0.98,0.92,0.98
814,,0.9,0.96,0.9,0.96,0.9,0.96,0.9,0.96
815,,0.88,0.94,0.88,0.94,0.88,0.94,0.88,0.94
816,,0.86,0.92,0.86,0.92,0.86,0.92,0.86,0.92
817,,0.84,0.9,0.84,0.9,0.84,0.9,0.84,0.9
818,,0.82,0.88,0.82,0.88,0.82,0.88,0.82,0.88
819,,0.8,0.86,0.8,0.86,0.8,0.86,0.8,0.86
820,,0.78,0.84,0.78,0.84,0.78,0.84,0.78,0.84
821,,0.76,0.82,0.76,0.82,0.76,0.82,0.76,0.82
822,,0.74,0.8,0.74,0.8,0.74,0.8,0.74,0.8
823,,0.72,0.78,0.72,0.78,0.72,0.78,0.72,0.78
824,,0.7,0.76,0.7,0.76,0.7,0.76,0.7,0.76
825,,0.68,0.74,0.68,0.74,0.68,0.74,0.68,0.74
826,,0.66,0.72,0.66,0.72,0.66,0.72,0.66,0.72
827,,0.64,0.7,0.64,0.7,0.64,0.7,0.64,0.7
828,,0.62,0.68,0.62,0.68,0.62,0.68,0.62,0.68
829,,0.6,0.66,0.6,0.66,0.6,0.66,0.6,0.66
830,,0.58,0.64,0.58,0.64,0.58,0.64,0.58,0.64
831,,0.56,0.62,0.56,0.62,0.56,0.62,0.56,0.62
832,,0.54,0.6,0.54,0.6,0.54,0.6,0.54,0.6
833,,0.52,0.58,0.52,0.58,0.52,0.58,0.52,0.58
834,,0.5,0.56,0.5,0.56,0.5,0.56,0.5,0.56
835,,0.48,0.54,0.48,0.54,0.48,0.54,0.48,0.54
836,,0.46,0.52,0.46,0.52,0.46,0.52,0.46,0.52
837,,0.44,0.5,0.44,0.5,0.44,0.5,0.44,0.5
838,,0.42,0.48,0.42,0.48,0.42,0.48,0.42,0.48
839,,0.4,0.46,0.4,0.46,0.4,0.46,0.4,0.46
840,,0.38,0.44,0.38,0.44,0.38,0.44,0.38,0.44
841,,0.36,0.42,0.36,0.42,0.36,0.42,0.36,0.42
842,,0.34,0.4,0.34,0.4,0.34,0.4,0.34,0.4
843,,0.32,0.38,0.32,0.38,0.32,0.38,0.32,0.38
844,,0.3,0.36,0.3,0.36,0.3,0.36,0.3,0.36
845,,0.28,0.34,0.28,0.34,0.28,0.34,0.28,0.34
846,,0.26,0.32,0.26,0.32,0.26,0.32,0.26,0.32
847,,0.24,0.3,0.24,0.3,0.24,0.3,0.24,0.3
848,,0.22,0.28,0.22,0.28,0.22,0.28,0.22,0.28
849,,0.2,0.26,0.2,0.26,0.2,0.26,0.2,0.26
850,,0.18,0.24,0.18,0.24,0.18,0.24,0.18,0.24
851,,0.16,0.22,0.16,0.22,0.16,0.22,0.16,0.22
852,,0.14,0.2,0.14,0.2,0.14,0.2,0.14,0.2
853,,0.12,0.18,0.12,0.18,0.12,0.18,0.12,0.18
854,,0.1,0.16,0.1,0.16,0.1,0.16,0.1,0.16
855,,0.08,0.14,0.08,0.14,0.08,0.14,0.08,0.14
856,,0.06,0.12,0.06,0.12,0.06,0.12,0.06,0.12
857,,0.04,0.1,0.04,0.1,0.04,0.1,0.04,0.1
858,,0.02,0.08,0.02,0.08,0.02,0.08,0.02,0.08
859,,0.0,0.06,0.0,0.06,0.0,0.06,0.0,0.06
860,,-0.02,0.04,-0.02,0.04,-0.02,0.04,-0.02,0.04
861,1,0.98,0.491,0.36,0.349,0.26,0.349,0.36,0.491
862,1,1.0,0.942,0.74,0.658,0.54,0.658,0.74,0.942
863,,0.98,0.922,0.72,0.638,0.52,0.638,0.72,0.922
864,,0.96,0.902,0.7,0.618,0.5,0.618,0.7,0.902
865,,0.94,0.882,0.68,0.598,0.48,0.598,0.68,0.882
866,,0.92,0.862,0.66,0.578,0.46,0.578,0.66,0.862
867,,0.9,0.842,0.64,0.558,0.44,0.558,0.64,0.842
868,,0.88,0.822,0.62,0.538,0.42,0.538,0.62,0.822
869,,0.86,0.802,0.6,0.518,0.4,0.518,0.6,0.802
870,,0.84,0.782,0.58,0.498,0.38,0.498,0.58,0.782
871,,0.82,0.762,0.56,0.478,0.36,0.478,0.56,0.762
872,,0.8,0.742,0.54,0.458,0.34,0.458,0.54,0.742
873,,0.78,0.722,0.52,0.438,0.32,0.438,0.52,0.722
874,,0.76,0.702,0.5,0.418,0.3,0.418,0.5,0.702
875,,0.74,0.682,0.48,0.398,0.28,0.398,0.48,0.682
876,,0.72,0.662,0.46,0.378,0.26,0.378,0.46,0.662
877,,0.7,0.642,0.44,0.358,0.24,0.358,0.44,0.642
878,,0.68,0.622,0.42,0.338,0.22,0.338,0.42,0.622
879,,0.66,0.602,0.4,0.318,0.2,0.318,0.4,0.602
880,,0.64,0.582,0.38,0.298,0.18,0.298,0.38,0.582
881,,0.62,0.562,0.36,0.278,0.16,0.278,0.36,0.562
