step,active_motive,motive_1,motive_2,motive_3,motive_4,motive_5,motive_6,motive_7,motive_8
0,,0.46676,0.85994,0.68031,0.4505,0.01326,0.9422,0.56329,0.38542
1,,0.31676,0.70994,0.53031,0.3005,-0.13674,0.7922,0.41329,0.23542
2,5,0.16676,0.64794,0.68031,0.6625,0.86326,1.0,0.56329,0.17342
3,5,0.01676,0.58594,0.83031,1.0,1.0,1.0,0.71329,0.11142
4,,-0.13324,0.43594,0.68031,0.85,0.85,0.85,0.56329,-0.03858
5,1,0.86676,0.79794,0.83031,0.788,0.7,0.788,0.71329,0.32342
6,1,1.0,1.0,0.98031,0.726,0.55,0.726,0.86329,0.68542
7,,0.85,0.85,0.83031,0.576,0.4,0.576,0.71329,0.53542
8,,0.7,0.7,0.68031,0.426,0.25,0.426,0.56329,0.38542
9,,0.55,0.55,0.53031,0.276,0.1,0.276,0.41329,0.23542
10,,0.4,0.4,0.38031,0.126,-0.05,0.126,0.26329,0.08542
11,5,0.25,0.338,0.53031,0.488,0.95,0.488,0.41329,0.02342
12,5,0.1,0.276,0.68031,0.85,1.0,0.85,0.56329,-0.03858
13,8,0.462,0.426,0.61831,0.7,0.938,1.0,0.92529,0.96142
14,8,0.824,0.576,0.55631,0.55,0.876,1.0,1.0,1.0
15,,0.674,0.426,0.40631,0.4,0.726,0.85,0.85,0.85
16,,0.524,0.276,0.25631,0.25,0.576,0.7,0.7,0.7
17,,0.374,0.126,0.10631,0.1,0.426,0.55,0.55,0.55
18,,0.224,-0.024,-0.04369,-0.05,0.276,0.4,0.4,0.4
19,4,0.162,0.126,0.31831,0.95,0.638,0.55,0.338,0.25
20,4,0.1,0.276,0.68031,1.0,1.0,0.7,0.276,0.1
21,,-0.05,0.126,0.53031,0.85,0.85,0.55,0.126,-0.05
22,8,0.312,0.276,0.46831,0.7,0.788,0.7,0.488,0.95
23,8,0.674,0.426,0.40631,0.55,0.726,0.85,0.85,1.0
24,,0.524,0.276,0.25631,0.4,0.576,0.7,0.7,0.85
25,,0.374,0.126,0.10631,0.25,0.426,0.55,0.55,0.7
26,,0.224,-0.024,-0.04369,0.1,0.276,0.4,0.4,0.55
27,3,0.374,0.338,0.95631,0.462,0.426,0.338,0.25,0.488
28,3,0.524,0.7,1.0,0.824,0.576,0.276,0.1,0.426
29,,0.374,0.55,0.85,0.674,0.426,0.126,-0.05,0.276
30,7,0.524,0.488,0.7,0.612,0.576,0.488,0.95,0.638
31,7,0.674,0.426,0.55,0.55,0.726,0.85,1.0,1.0
32,,0.524,0.276,0.4,0.4,0.576,0.7,0.85,0.85
33,,0.374,0.126,0.25,0.25,0.426,0.55,0.7,0.7
34,,0.224,-0.024,0.1,0.1,0.276,0.4,0.55,0.55
35,2,0.586,0.976,0.462,0.25,0.214,0.25,0.488,0.7
36,2,0.948,1.0,0.824,0.4,0.152,0.1,0.426,0.85
37,,0.798,0.85,0.674,0.25,0.002,-0.05,0.276,0.7
38,6,0.736,0.7,0.612,0.4,0.364,0.95,0.638,0.85
39,6,0.674,0.55,0.55,0.55,0.726,1.0,1.0,1.0
40,,0.524,0.4,0.4,0.4,0.576,0.85,0.85,0.85
41,,0.374,0.25,0.25,0.25,0.426,0.7,0.7,0.7
42,,0.224,0.1,0.1,0.1,0.276,0.55,0.55,0.55
43,,0.074,-0.05,-0.05,-0.05,0.126,0.4,0.4,0.4
44,2,0.436,0.95,0.312,0.1,0.064,0.25,0.338,0.55
45,2,0.798,1.0,0.674,0.25,0.002,0.1,0.276,0.7
46,,0.648,0.85,0.524,0.1,-0.148,-0.05,0.126,0.55
47,5,0.498,0.788,0.674,0.462,0.852,0.312,0.276,0.488
48,5,0.348,0.726,0.824,0.824,1.0,0.674,0.426,0.426
49,,0.198,0.576,0.674,0.674,0.85,0.524,0.276,0.276
50,,0.048,0.426,0.524,0.524,0.7,0.374,0.126,0.126
51,,-0.102,0.276,0.374,0.374,0.55,0.224,-0.024,-0.024
52,1,0.898,0.638,0.524,0.312,0.4,0.162,0.126,0.338
53,1,1.0,1.0,0.674,0.25,0.25,0.1,0.276,0.7
54,,0.85,0.85,0.524,0.1,0.1,-0.05,0.126,0.55
55,6,0.788,0.7,0.462,0.25,0.462,0.95,0.488,0.7
56,6,0.726,0.55,0.4,0.4,0.824,1.0,0.85,0.85
57,,0.576,0.4,0.25,0.25,0.674,0.85,0.7,0.7
58,,0.426,0.25,0.1,0.1,0.524,0.7,0.55,0.55
59,,0.276,0.1,-0.05,-0.05,0.374,0.55,0.4,0.4
60,4,0.214,0.25,0.312,0.95,0.736,0.7,0.338,0.25
61,4,0.152,0.4,0.674,1.0,1.0,0.85,0.276,0.1
62,,0.002,0.25,0.524,0.85,0.85,0.7,0.126,-0.05
63,8,0.364,0.4,0.462,0.7,0.788,0.85,0.488,0.95
64,8,0.726,0.55,0.4,0.55,0.726,1.0,0.85,1.0
65,,0.576,0.4,0.25,0.4,0.576,0.85,0.7,0.85
66,,0.426,0.25,0.1,0.25,0.426,0.7,0.55,0.7
67,,0.276,0.1,-0.05,0.1,0.276,0.55,0.4,0.55
68,3,0.426,0.462,0.95,0.462,0.426,0.488,0.25,0.488
69,3,0.576,0.824,1.0,0.824,0.576,0.426,0.1,0.426
70,,0.426,0.674,0.85,0.674,0.426,0.276,-0.05,0.276
71,7,0.576,0.612,0.7,0.612,0.576,0.638,0.95,0.638
72,7,0.726,0.55,0.55,0.55,0.726,1.0,1.0,1.0
73,,0.576,0.4,0.4,0.4,0.576,0.85,0.85,0.85
74,,0.426,0.25,0.25,0.25,0.426,0.7,0.7,0.7
75,,0.276,0.1,0.1,0.1,0.276,0.55,0.55,0.55
76,,0.126,-0.05,-0.05,-0.05,0.126,0.4,0.4,0.4
77,4,0.064,0.1,0.312,0.95,0.488,0.55,0.338,0.25
78,4,0.002,0.25,0.674,1.0,0.85,0.7,0.276,0.1
79,,-0.148,0.1,0.524,0.85,0.7,0.55,0.126,-0.05
80,1,0.852,0.462,0.674,0.788,0.55,0.488,0.276,0.312
81,1,1.0,0.824,0.824,0.726,0.4,0.426,0.426,0.674
82,,0.85,0.674,0.674,0.576,0.25,0.276,0.276,0.524
83,,0.7,0.524,0.524,0.426,0.1,0.126,0.126,0.374
84,,0.55,0.374,0.374,0.276,-0.05,-0.024,-0.024,0.224
85,5,0.4,0.312,0.524,0.638,0.95,0.338,0.126,0.162
86,5,0.25,0.25,0.674,1.0,1.0,0.7,0.276,0.1
87,,0.1,0.1,0.524,0.85,0.85,0.55,0.126,-0.05
88,8,0.462,0.25,0.462,0.7,0.788,0.7,0.488,0.95
89,8,0.824,0.4,0.4,0.55,0.726,0.85,0.85,1.0
90,,0.674,0.25,0.25,0.4,0.576,0.7,0.7,0.85
91,,0.524,0.1,0.1,0.25,0.426,0.55,0.55,0.7
92,,0.374,-0.05,-0.05,0.1,0.276,0.4,0.4,0.55
93,3,0.524,0.312,0.95,0.462,0.426,0.338,0.25,0.488
94,3,0.674,0.674,1.0,0.824,0.576,0.276,0.1,0.426
95,,0.524,0.524,0.85,0.674,0.426,0.126,-0.05,0.276
96,7,0.674,0.462,0.7,0.612,0.576,0.488,0.95,0.638
97,7,0.824,0.4,0.55,0.55,0.726,0.85,1.0,1.0
98,,0.674,0.25,0.4,0.4,0.576,0.7,0.85,0.85
99,,0.524,0.1,0.25,0.25,0.426,0.55,0.7,0.7
100,,0.374,-0.05,0.1,0.1,0.276,0.4,0.55,0.55
101,2,0.736,0.95,0.462,0.25,0.214,0.25,0.488,0.7
102,2,1.0,1.0,0.824,0.4,0.152,0.1,0.426,0.85
103,,0.85,0.85,0.674,0.25,0.002,-0.05,0.276,0.7
104,6,0.788,0.7,0.612,0.4,0.364,0.95,0.638,0.85
105,6,0.726,0.55,0.55,0.55,0.726,1.0,1.0,1.0
106,,0.576,0.4,0.4,0.4,0.576,0.85,0.85,0.85
107,,0.426,0.25,0.25,0.25,0.426,0.7,0.7,0.7
108,,0.276,0.1,0.1,0.1,0.276,0.55,0.55,0.55
109,,0.126,-0.05,-0.05,-0.05,0.126,0.4,0.4,0.4
110,4,0.064,0.1,0.312,0.95,0.488,0.55,0.338,0.25
111,4,0.002,0.25,0.674,1.0,0.85,0.7,0.276,0.1
112,,-0.148,0.1,0.524,0.85,0.7,0.55,0.126,-0.05
113,1,0.852,0.462,0.674,0.788,0.55,0.488,0.276,0.312
114,1,1.0,0.824,0.824,0.726,0.4,0.426,0.426,0.674
115,,0.85,0.674,0.674,0.576,0.25,0.276,0.276,0.524
116,,0.7,0.524,0.524,0.426,0.1,0.126,0.126,0.374
117,,0.55,0.374,0.374,0.276,-0.05,-0.024,-0.024,0.224
118,5,0.4,0.312,0.524,0.638,0.95,0.338,0.126,0.162
119,5,0.25,0.25,0.674,1.0,1.0,0.7,0.276,0.1
120,,0.1,0.1,0.524,0.85,0.85,0.55,0.126,-0.05
121,8,0.462,0.25,0.462,0.7,0.788,0.7,0.488,0.95
122,8,0.824,0.4,0.4,0.55,0.726,0.85,0.85,1.0
123,,0.674,0.25,0.25,0.4,0.576,0.7,0.7,0.85
124,,0.524,0.1,0.1,0.25,0.426,0.55,0.55,0.7
125,,0.374,-0.05,-0.05,0.1,0.276,0.4,0.4,0.55
126,3,0.524,0.312,0.95,0.462,0.426,0.338,0.25,0.488
127,3,0.674,0.674,1.0,0.824,0.576,0.276,0.1,0.426
128,,0.524,0.524,0.85,0.674,0.426,0.126,-0.05,0.276
129,7,0.674,0.462,0.7,0.612,0.576,0.488,0.95,0.638
130,7,0.824,0.4,0.55,0.55,0.726,0.85,1.0,1.0
131,,0.674,0.25,0.4,0.4,0.576,0.7,0.85,0.85
132,,0.524,0.1,0.25,0.25,0.426,0.55,0.7,0.7
133,,0.374,-0.05,0.1,0.1,0.276,0.4,0.55,0.55
134,2,0.736,0.95,0.462,0.25,0.214,0.25,0.488,0.7
135,2,1.0,1.0,0.824,0.4,0.152,0.1,0.426,0.85
136,,0.85,0.85,0.674,0.25,0.002,-0.05,0.276,0.7
137,6,0.788,0.7,0.612,0.4,0.364,0.95,0.638,0.85
138,6,0.726,0.55,0.55,0.55,0.726,1.0,1.0,1.0
139,,0.576,0.4,0.4,0.4,0.576,0.85,0.85,0.85
140,,0.426,0.25,0.25,0.25,0.426,0.7,0.7,0.7
141,,0.276,0.1,0.1,0.1,0.276,0.55,0.55,0.55
142,,0.126,-0.05,-0.05,-0.05,0.126,0.4,0.4,0.4
143,2,0.488,0.95,0.312,0.1,0.064,0.25,0.338,0.55
144,2,0.85,1.0,0.674,0.25,0.002,0.1,0.276,0.7
145,,0.7,0.85,0.524,0.1,-0.148,-0.05,0.126,0.55
146,5,0.55,0.788,0.674,0.462,0.852,0.312,0.276,0.488
147,5,0.4,0.726,0.824,0.824,1.0,0.674,0.426,0.426
148,,0.25,0.576,0.674,0.674,0.85,0.524,0.276,0.276
149,,0.1,0.426,0.524,0.524,0.7,0.374,0.126,0.126
150,,-0.05,0.276,0.374,0.374,0.55,0.224,-0.024,-0.024
151,1,0.95,0.638,0.524,0.312,0.4,0.162,0.126,0.338
152,1,1.0,1.0,0.674,0.25,0.25,0.1,0.276,0.7
153,,0.85,0.85,0.524,0.1,0.1,-0.05,0.126,0.55
154,6,0.788,0.7,0.462,0.25,0.462,0.95,0.488,0.7
155,6,0.726,0.55,0.4,0.4,0.824,1.0,0.85,0.85
156,,0.576,0.4,0.25,0.25,0.674,0.85,0.7,0.7
157,,0.426,0.25,0.1,0.1,0.524,0.7,0.55,0.55
158,,0.276,0.1,-0.05,-0.05,0.374,0.55,0.4,0.4
159,4,0.214,0.25,0.312,0.95,0.736,0.7,0.338,0.25
160,4,0.152,0.4,0.674,1.0,1.0,0.85,0.276,0.1
161,,0.002,0.25,0.524,0.85,0.85,0.7,0.126,-0.05
162,8,0.364,0.4,0.462,0.7,0.788,0.85,0.488,0.95
163,8,0.726,0.55,0.4,0.55,0.726,1.0,0.85,1.0
164,,0.576,0.4,0.25,0.4,0.576,0.85,0.7,0.85
165,,0.426,0.25,0.1,0.25,0.426,0.7,0.55,0.7
166,,0.276,0.1,-0.05,0.1,0.276,0.55,0.4,0.55
167,3,0.426,0.462,0.95,0.462,0.426,0.488,0.25,0.488
168,3,0.576,0.824,1.0,0.824,0.576,0.426,0.1,0.426
169,,0.426,0.674,0.85,0.674,0.426,0.276,-0.05,0.276
170,7,0.576,0.612,0.7,0.612,0.576,0.638,0.95,0.638
171,7,0.726,0.55,0.55,0.55,0.726,1.0,1.0,1.0
172,,0.576,0.4,0.4,0.4,0.576,0.85,0.85,0.85
173,,0.426,0.25,0.25,0.25,0.426,0.7,0.7,0.7
174,,0.276,0.1,0.1,0.1,0.276,0.55,0.55,0.55
175,,0.126,-0.05,-0.05,-0.05,0.126,0.4,0.4,0.4
176,4,0.064,0.1,0.312,0.95,0.488,0.55,0.338,0.25
177,4,0.002,0.25,0.674,1.0,0.85,0.7,0.276,0.1
178,,-0.148,0.1,0.524,0.85,0.7,0.55,0.126,-0.05
179,1,0.852,0.462,0.674,0.788,0.55,0.488,0.276,0.312
180,1,1.0,0.824,0.824,0.726,0.4,0.426,0.426,0.674
181,,0.85,0.674,0.674,0.576,0.25,0.276,0.276,0.524
182,,0.7,0.524,0.524,0.426,0.1,0.126,0.126,0.374
183,,0.55,0.374,0.374,0.276,-0.05,-0.024,-0.024,0.224
184,5,0.4,0.312,0.524,0.638,0.95,0.338,0.126,0.162
185,5,0.25,0.25,0.674,1.0,1.0,0.7,0.276,0.1
186,,0.1,0.1,0.524,0.85,0.85,0.55,0.126,-0.05
187,8,0.462,0.25,0.462,0.7,0.788,0.7,0.488,0.95
188,8,0.824,0.4,0.4,0.55,0.726,0.85,0.85,1.0
189,,0.674,0.25,0.25,0.4,0.576,0.7,0.7,0.85
190,,0.524,0.1,0.1,0.25,0.426,0.55,0.55,0.7
191,,0.374,-0.05,-0.05,0.1,0.276,0.4,0.4,0.55
192,2,0.736,0.95,0.312,0.25,0.214,0.25,0.338,0.7
193,2,1.0,1.0,0.674,0.4,0.152,0.1,0.276,0.85
194,,0.85,0.85,0.524,0.25,0.002,-0.05,0.126,0.7
195,6,0.788,0.7,0.462,0.4,0.364,0.95,0.488,0.85
196,6,0.726,0.55,0.4,0.55,0.726,1.0,0.85,1.0
197,,0.576,0.4,0.25,0.4,0.576,0.85,0.7,0.85
198,,0.426,0.25,0.1,0.25,0.426,0.7,0.55,0.7
199,,0.276,0.1,-0.05,0.1,0.276,0.55,0.4,0.55
