step,active_motive,motive_1,motive_2,motive_3,motive_4,motive_5,motive_6,motive_7,motive_8
0,,0.98033,0.07535,0.3057,0.19091,0.26847,0.48528,0.37269,0.39469
1,,0.83033,-0.07465,0.1557,0.04091,0.11847,0.33528,0.22269,0.24469
2,2,1.0,0.92535,0.5177,0.19091,0.05647,0.18528,0.16069,0.39469
3,2,1.0,1.0,0.8797,0.34091,-0.00553,0.03528,0.09869,0.54469
4,5,0.85,0.938,1.0,0.70291,0.99447,0.39728,0.24869,0.48269
5,5,0.7,0.876,1.0,1.0,1.0,0.75928,0.39869,0.42069
6,,0.55,0.726,0.85,0.85,0.85,0.60928,0.24869,0.27069
7,,0.4,0.576,0.7,0.7,0.7,0.45928,0.09869,0.12069
8,,0.25,0.426,0.55,0.55,0.55,0.30928,-0.05131,-0.02931
9,7,0.4,0.364,0.4,0.488,0.7,0.67128,0.94869,0.33269
10,7,0.55,0.302,0.25,0.426,0.85,1.0,1.0,0.69469
11,,0.4,0.152,0.1,0.276,0.7,0.85,0.85,0.54469
12,,0.25,0.002,-0.05,0.126,0.55,0.7,0.7,0.39469
13,3,0.4,0.364,0.95,0.488,0.7,0.638,0.55,0.33269
14,3,0.55,0.726,1.0,0.85,0.85,0.576,0.4,0.27069
15,,0.4,0.576,0.85,0.7,0.7,0.426,0.25,0.12069
16,,0.25,0.426,0.7,0.55,0.55,0.276,0.1,-0.02931
17,8,0.612,0.576,0.638,0.4,0.488,0.426,0.462,0.97069
18,8,0.974,0.726,0.576,0.25,0.426,0.576,0.824,1.0
19,,0.824,0.576,0.426,0.1,0.276,0.426,0.674,0.85
20,,0.674,0.426,0.276,-0.05,0.126,0.276,0.524,0.7
21,4,0.612,0.576,0.638,0.95,0.488,0.426,0.462,0.55
22,4,0.55,0.726,1.0,1.0,0.85,0.576,0.4,0.4
23,,0.4,0.576,0.85,0.85,0.7,0.426,0.25,0.25
24,,0.25,0.426,0.7,0.7,0.55,0.276,0.1,0.1
25,,0.1,0.276,0.55,0.55,0.4,0.126,-0.05,-0.05
26,8,0.462,0.426,0.488,0.4,0.338,0.276,0.312,0.95
27,8,0.824,0.576,0.426,0.25,0.276,0.426,0.674,1.0
28,,0.674,0.426,0.276,0.1,0.126,0.276,0.524,0.85
29,,0.524,0.276,0.126,-0.05,-0.024,0.126,0.374,0.7
30,4,0.462,0.426,0.488,0.95,0.338,0.276,0.312,0.55
31,4,0.4,0.576,0.85,1.0,0.7,0.426,0.25,0.4
32,,0.25,0.426,0.7,0.85,0.55,0.276,0.1,0.25
33,,0.1,0.276,0.55,0.7,0.4,0.126,-0.05,0.1
34,7,0.25,0.214,0.4,0.638,0.55,0.488,0.95,0.462
35,7,0.4,0.152,0.25,0.576,0.7,0.85,1.0,0.824
36,,0.25,0.002,0.1,0.426,0.55,0.7,0.85,0.674
37,,0.1,-0.148,-0.05,0.276,0.4,0.55,0.7,0.524
38,2,0.462,0.852,0.312,0.426,0.338,0.4,0.638,0.674
39,2,0.824,1.0,0.674,0.576,0.276,0.25,0.576,0.824
40,,0.674,0.85,0.524,0.426,0.126,0.1,0.426,0.674
41,,0.524,0.7,0.374,0.276,-0.024,-0.05,0.276,0.524
42,6,0.462,0.55,0.312,0.426,0.338,0.95,0.638,0.674
43,6,0.4,0.4,0.25,0.576,0.7,1.0,1.0,0.824
44,,0.25,0.25,0.1,0.426,0.55,0.85,0.85,0.674
45,,0.1,0.1,-0.05,0.276,0.4,0.7,0.7,0.524
46,3,0.25,0.462,0.95,0.638,0.55,0.638,0.55,0.462
47,3,0.4,0.824,1.0,1.0,0.7,0.576,0.4,0.4
48,,0.25,0.674,0.85,0.85,0.55,0.426,0.25,0.25
49,,0.1,0.524,0.7,0.7,0.4,0.276,0.1,0.1
50,,-0.05,0.374,0.55,0.55,0.25,0.126,-0.05,-0.05
51,7,0.1,0.312,0.4,0.488,0.4,0.488,0.95,0.312
52,7,0.25,0.25,0.25,0.426,0.55,0.85,1.0,0.674
53,,0.1,0.1,0.1,0.276,0.4,0.7,0.85,0.524
54,,-0.05,-0.05,-0.05,0.126,0.25,0.55,0.7,0.374
55,3,0.1,0.312,0.95,0.488,0.4,0.488,0.55,0.312
56,3,0.25,0.674,1.0,0.85,0.55,0.426,0.4,0.25
57,,0.1,0.524,0.85,0.7,0.4,0.276,0.25,0.1
58,,-0.05,0.374,0.7,0.55,0.25,0.126,0.1,-0.05
59,8,0.312,0.524,0.638,0.4,0.188,0.276,0.462,0.95
60,8,0.674,0.674,0.576,0.25,0.126,0.426,0.824,1.0
61,,0.524,0.524,0.426,0.1,-0.024,0.276,0.674,0.85
62,5,0.374,0.462,0.576,0.462,0.976,0.638,0.824,0.788
63,5,0.224,0.4,0.726,0.824,1.0,1.0,0.974,0.726
64,,0.074,0.25,0.576,0.674,0.85,0.85,0.824,0.576
65,,-0.076,0.1,0.426,0.524,0.7,0.7,0.674,0.426
66,1,0.924,0.462,0.576,0.462,0.55,0.638,0.824,0.788
67,1,1.0,0.824,0.726,0.4,0.4,0.576,0.974,1.0
68,,0.85,0.674,0.576,0.25,0.25,0.426,0.824,0.85
69,,0.7,0.524,0.426,0.1,0.1,0.276,0.674,0.7
70,,0.55,0.374,0.276,-0.05,-0.05,0.126,0.524,0.55
71,5,0.4,0.312,0.426,0.312,0.95,0.488,0.674,0.488
72,5,0.25,0.25,0.576,0.674,1.0,0.85,0.824,0.426
73,,0.1,0.1,0.426,0.524,0.85,0.7,0.674,0.276
74,,-0.05,-0.05,0.276,0.374,0.7,0.55,0.524,0.126
75,2,0.312,0.95,0.638,0.524,0.638,0.4,0.462,0.276
76,2,0.674,1.0,1.0,0.674,0.576,0.25,0.4,0.426
77,,0.524,0.85,0.85,0.524,0.426,0.1,0.25,0.276
78,,0.374,0.7,0.7,0.374,0.276,-0.05,0.1,0.126
79,6,0.312,0.55,0.638,0.524,0.638,0.95,0.462,0.276
80,6,0.25,0.4,0.576,0.674,1.0,1.0,0.824,0.426
81,,0.1,0.25,0.426,0.524,0.85,0.85,0.674,0.276
82,,-0.05,0.1,0.276,0.374,0.7,0.7,0.524,0.126
83,1,0.95,0.462,0.426,0.312,0.55,0.638,0.674,0.488
84,1,1.0,0.824,0.576,0.25,0.4,0.576,0.824,0.85
85,,0.85,0.674,0.426,0.1,0.25,0.426,0.674,0.7
86,,0.7,0.524,0.276,-0.05,0.1,0.276,0.524,0.55
87,4,0.638,0.674,0.638,0.95,0.462,0.426,0.462,0.4
88,4,0.576,0.824,1.0,1.0,0.824,0.576,0.4,0.25
89,,0.426,0.674,0.85,0.85,0.674,0.426,0.25,0.1
90,,0.276,0.524,0.7,0.7,0.524,0.276,0.1,-0.05
91,8,0.638,0.674,0.638,0.55,0.462,0.426,0.462,0.95
92,8,1.0,0.824,0.576,0.4,0.4,0.576,0.824,1.0
93,,0.85,0.674,0.426,0.25,0.25,0.426,0.674,0.85
94,,0.7,0.524,0.276,0.1,0.1,0.276,0.524,0.7
95,,0.55,0.374,0.126,-0.05,-0.05,0.126,0.374,0.55
96,5,0.4,0.312,0.276,0.312,0.95,0.488,0.524,0.488
97,5,0.25,0.25,0.426,0.674,1.0,0.85,0.674,0.426
98,,0.1,0.1,0.276,0.524,0.85,0.7,0.524,0.276
99,,-0.05,-0.05,0.126,0.374,0.7,0.55,0.374,0.126
100,2,0.312,0.95,0.488,0.524,0.638,0.4,0.312,0.276
101,2,0.674,1.0,0.85,0.674,0.576,0.25,0.25,0.426
102,,0.524,0.85,0.7,0.524,0.426,0.1,0.1,0.276
103,,0.374,0.7,0.55,0.374,0.276,-0.05,-0.05,0.126
104,6,0.312,0.55,0.488,0.524,0.638,0.95,0.312,0.276
105,6,0.25,0.4,0.426,0.674,1.0,1.0,0.674,0.426
106,,0.1,0.25,0.276,0.524,0.85,0.85,0.524,0.276
107,,-0.05,0.1,0.126,0.374,0.7,0.7,0.374,0.126
108,1,0.95,0.462,0.276,0.312,0.55,0.638,0.524,0.488
109,1,1.0,0.824,0.426,0.25,0.4,0.576,0.674,0.85
110,,0.85,0.674,0.276,0.1,0.25,0.426,0.524,0.7
111,,0.7,0.524,0.126,-0.05,0.1,0.276,0.374,0.55
112,4,0.638,0.674,0.488,0.95,0.462,0.426,0.312,0.4
113,4,0.576,0.824,0.85,1.0,0.824,0.576,0.25,0.25
114,,0.426,0.674,0.7,0.85,0.674,0.426,0.1,0.1
115,,0.276,0.524,0.55,0.7,0.524,0.276,-0.05,-0.05
116,8,0.638,0.674,0.488,0.55,0.462,0.426,0.312,0.95
117,8,1.0,0.824,0.426,0.4,0.4,0.576,0.674,1.0
118,,0.85,0.674,0.276,0.25,0.25,0.426,0.524,0.85
119,,0.7,0.524,0.126,0.1,0.1,0.276,0.374,0.7
120,,0.55,0.374,-0.024,-0.05,-0.05,0.126,0.224,0.55
121,4,0.488,0.524,0.338,0.95,0.312,0.276,0.162,0.4
122,4,0.426,0.674,0.7,1.0,0.674,0.426,0.1,0.25
123,,0.276,0.524,0.55,0.85,0.524,0.276,-0.05,0.1
124,7,0.426,0.462,0.4,0.788,0.674,0.638,0.95,0.462
125,7,0.576,0.4,0.25,0.726,0.824,1.0,1.0,0.824
126,,0.426,0.25,0.1,0.576,0.674,0.85,0.85,0.674
127,,0.276,0.1,-0.05,0.426,0.524,0.7,0.7,0.524
128,3,0.426,0.462,0.95,0.788,0.674,0.638,0.55,0.462
129,3,0.576,0.824,1.0,1.0,0.824,0.576,0.4,0.4
130,,0.426,0.674,0.85,0.85,0.674,0.426,0.25,0.25
131,,0.276,0.524,0.7,0.7,0.524,0.276,0.1,0.1
132,,0.126,0.374,0.55,0.55,0.374,0.126,-0.05,-0.05
133,8,0.488,0.524,0.488,0.4,0.312,0.276,0.312,0.95
134,8,0.85,0.674,0.426,0.25,0.25,0.426,0.674,1.0
135,,0.7,0.524,0.276,0.1,0.1,0.276,0.524,0.85
136,,0.55,0.374,0.126,-0.05,-0.05,0.126,0.374,0.7
137,4,0.488,0.524,0.488,0.95,0.312,0.276,0.312,0.55
138,4,0.426,0.674,0.85,1.0,0.674,0.426,0.25,0.4
139,,0.276,0.524,0.7,0.85,0.524,0.276,0.1,0.25
140,,0.126,0.374,0.55,0.7,0.374,0.126,-0.05,0.1
141,7,0.276,0.312,0.4,0.638,0.524,0.488,0.95,0.462
142,7,0.426,0.25,0.25,0.576,0.674,0.85,1.0,0.824
143,,0.276,0.1,0.1,0.426,0.524,0.7,0.85,0.674
144,,0.126,-0.05,-0.05,0.276,0.374,0.55,0.7,0.524
145,2,0.488,0.95,0.312,0.426,0.312,0.4,0.638,0.674
146,2,0.85,1.0,0.674,0.576,0.25,0.25,0.576,0.824
147,,0.7,0.85,0.524,0.426,0.1,0.1,0.426,0.674
148,,0.55,0.7,0.374,0.276,-0.05,-0.05,0.276,0.524
149,6,0.488,0.55,0.312,0.426,0.312,0.95,0.638,0.674
150,6,0.426,0.4,0.25,0.576,0.674,1.0,1.0,0.824
151,,0.276,0.25,0.1,0.426,0.524,0.85,0.85,0.674
152,,0.126,0.1,-0.05,0.276,0.374,0.7,0.7,0.524
153,3,0.276,0.462,0.95,0.638,0.524,0.638,0.55,0.462
154,3,0.426,0.824,1.0,1.0,0.674,0.576,0.4,0.4
155,,0.276,0.674,0.85,0.85,0.524,0.426,0.25,0.25
156,,0.126,0.524,0.7,0.7,0.374,0.276,0.1,0.1
157,,-0.024,0.374,0.55,0.55,0.224,0.126,-0.05,-0.05
158,8,0.338,0.524,0.488,0.4,0.162,0.276,0.312,0.95
159,8,0.7,0.674,0.426,0.25,0.1,0.426,0.674,1.0
160,,0.55,0.524,0.276,0.1,-0.05,0.276,0.524,0.85
161,5,0.4,0.462,0.426,0.462,0.95,0.638,0.674,0.788
162,5,0.25,0.4,0.576,0.824,1.0,1.0,0.824,0.726
163,,0.1,0.25,0.426,0.674,0.85,0.85,0.674,0.576
164,,-0.05,0.1,0.276,0.524,0.7,0.7,0.524,0.426
165,1,0.95,0.462,0.426,0.462,0.55,0.638,0.674,0.788
166,1,1.0,0.824,0.576,0.4,0.4,0.576,0.824,1.0
167,,0.85,0.674,0.426,0.25,0.25,0.426,0.674,0.85
168,,0.7,0.524,0.276,0.1,0.1,0.276,0.524,0.7
169,,0.55,0.374,0.126,-0.05,-0.05,0.126,0.374,0.55
170,5,0.4,0.312,0.276,0.312,0.95,0.488,0.524,0.488
171,5,0.25,0.25,0.426,0.674,1.0,0.85,0.674,0.426
172,,0.1,0.1,0.276,0.524,0.85,0.7,0.524,0.276
173,,-0.05,-0.05,0.126,0.374,0.7,0.55,0.374,0.126
174,1,0.95,0.312,0.276,0.312,0.55,0.488,0.524,0.488
175,1,1.0,0.674,0.426,0.25,0.4,0.426,0.674,0.85
176,,0.85,0.524,0.276,0.1,0.25,0.276,0.524,0.7
177,,0.7,0.374,0.126,-0.05,0.1,0.126,0.374,0.55
178,4,0.638,0.524,0.488,0.95,0.462,0.276,0.312,0.4
179,4,0.576,0.674,0.85,1.0,0.824,0.426,0.25,0.25
180,,0.426,0.524,0.7,0.85,0.674,0.276,0.1,0.1
181,,0.276,0.374,0.55,0.7,0.524,0.126,-0.05,-0.05
182,8,0.638,0.524,0.488,0.55,0.462,0.276,0.312,0.95
183,8,1.0,0.674,0.426,0.4,0.4,0.426,0.674,1.0
184,,0.85,0.524,0.276,0.25,0.25,0.276,0.524,0.85
185,,0.7,0.374,0.126,0.1,0.1,0.126,0.374,0.7
186,,0.55,0.224,-0.024,-0.05,-0.05,-0.024,0.224,0.55
187,4,0.488,0.374,0.338,0.95,0.312,0.126,0.162,0.4
188,4,0.426,0.524,0.7,1.0,0.674,0.276,0.1,0.25
189,,0.276,0.374,0.55,0.85,0.524,0.126,-0.05,0.1
190,7,0.426,0.312,0.4,0.788,0.674,0.488,0.95,0.462
191,7,0.576,0.25,0.25,0.726,0.824,0.85,1.0,0.824
192,,0.426,0.1,0.1,0.576,0.674,0.7,0.85,0.674
193,,0.276,-0.05,-0.05,0.426,0.524,0.55,0.7,0.524
194,2,0.638,0.95,0.312,0.576,0.462,0.4,0.638,0.674
195,2,1.0,1.0,0.674,0.726,0.4,0.25,0.576,0.824
196,,0.85,0.85,0.524,0.576,0.25,0.1,0.426,0.674
197,,0.7,0.7,0.374,0.426,0.1,-0.05,0.276,0.524
198,6,0.638,0.55,0.312,0.576,0.462,0.95,0.638,0.674
199,6,0.576,0.4,0.25,0.726,0.824,1.0,1.0,0.824
