step,active_motive,motive_1,motive_2,motive_3,motive_4,motive_5,motive_6,motive_7,motive_8
0,,0.02534,0.09877,0.02915,0.07707,0.04275,0.02062,0.07997,0.03336
1,,-0.97466,-0.90123,-0.97085,-0.92293,-0.95725,-0.97938,-0.92003,-0.96664
2,6,-1.0,-1.0,-1.0,-1.0,-1.0,0.02062,-1.0,-1.0
3,6,-1.0,-1.0,-1.0,-1.0,-1.0,1.0,-1.0,-1.0
4,4,-1.0,-1.0,-1.0,0.0,-1.0,0.1,-1.0,-1.0
5,4,-1.0,-1.0,-1.0,1.0,-1.0,-0.8,-1.0,-1.0
6,5,-1.0,-1.0,-1.0,0.383,0.0,-1.0,-1.0,-1.0
7,5,-1.0,-1.0,-1.0,-0.234,1.0,-1.0,-1.0,-1.0
8,1,0.0,-1.0,-1.0,-1.0,-0.3,-1.0,-1.0,-1.0
9,1,1.0,-1.0,-1.0,-1.0,-1.0,-1.0,-1.0,-1.0
10,7,0.1,-1.0,-1.0,-1.0,-1.0,-1.0,0.0,-1.0
11,7,-0.8,-1.0,-1.0,-1.0,-1.0,-1.0,1.0,-1.0
12,6,-1.0,-1.0,-1.0,-1.0,-1.0,0.0,0.383,-1.0
13,6,-1.0,-1.0,-1.0,-1.0,-1.0,1.0,-0.234,-1.0
14,1,0.0,-1.0,-1.0,-1.0,-1.0,-0.183,-1.0,-1.0
15,1,1.0,-1.0,-1.0,-1.0,-1.0,-1.0,-1.0,-1.0
16,3,0.1,-1.0,0.0,-1.0,-1.0,-1.0,-1.0,-1.0
17,3,-0.8,-1.0,1.0,-1.0,-1.0,-1.0,-1.0,-1.0
18,5,-1.0,-1.0,0.1,-1.0,0.0,-1.0,-1.0,-1.0
19,5,-1.0,-1.0,-0.8,-1.0,1.0,-1.0,-1.0,-1.0
20,7,-1.0,-1.0,-1.0,-1.0,0.1,-1.0,0.0,-1.0
21,7,-1.0,-1.0,-1.0,-1.0,-0.8,-1.0,1.0,-1.0
22,2,-1.0,0.0,-1.0,-1.0,-1.0,-1.0,-0.183,-1.0
23,2,-1.0,1.0,-1.0,-1.0,-1.0,-1.0,-1.0,-1.0
24,6,-1.0,-0.3,-1.0,-1.0,-1.0,0.0,-1.0,-1.0
25,6,-1.0,-1.0,-1.0,-1.0,-1.0,1.0,-1.0,-1.0
26,2,-1.0,0.0,-1.0,-1.0,-1.0,-0.3,-1.0,-1.0
27,2,-1.0,1.0,-1.0,-1.0,-1.0,-1.0,-1.0,-1.0
28,4,-1.0,0.1,-1.0,0.0,-1.0,-1.0,-1.0,-1.0
29,4,-1.0,-0.8,-1.0,1.0,-1.0,-1.0,-1.0,-1.0
30,5,-1.0,-1.0,-1.0,0.383,0.0,-1.0,-1.0,-1.0
31,5,-1.0,-1.0,-1.0,-0.234,1.0,-1.0,-1.0,-1.0
32,6,-1.0,-1.0,-1.0,-1.0,0.383,0.0,-1.0,-1.0
33,6,-1.0,-1.0,-1.0,-1.0,-0.234,1.0,-1.0,-1.0
34,8,-1.0,-1.0,-1.0,-1.0,-1.0,0.1,-1.0,0.0
35,8,-1.0,-1.0,-1.0,-1.0,-1.0,-0.8,-1.0,1.0
36,2,-1.0,0.0,-1.0,-1.0,-1.0,-1.0,-1.0,0.1
37,2,-1.0,1.0,-1.0,-1.0,-1.0,-1.0,-1.0,-0.8
38,5,-1.0,-0.183,-1.0,-1.0,0.0,-1.0,-1.0,-1.0
39,5,-1.0,-1.0,-1.0,-1.0,1.0,-1.0,-1.0,-1.0
40,2,-1.0,0.0,-1.0,-1.0,-0.183,-1.0,-1.0,-1.0
41,2,-1.0,1.0,-1.0,-1.0,-1.0,-1.0,-1.0,-1.0
42,5,-1.0,-0.183,-1.0,-1.0,0.0,-1.0,-1.0,-1.0
43,5,-1.0,-1.0,-1.0,-1.0,1.0,-1.0,-1.0,-1.0
44,3,-1.0,-1.0,0.0,-1.0,0.1,-1.0,-1.0,-1.0
45,3,-1.0,-1.0,1.0,-1.0,-0.8,-1.0,-1.0,-1.0
46,7,-1.0,-1.0,-0.3,-1.0,-1.0,-1.0,0.0,-1.0
47,7,-1.0,-1.0,-1.0,-1.0,-1.0,-1.0,1.0,-1.0
48,8,-1.0,-1.0,-1.0,-1.0,-1.0,-1.0,0.383,0.0
49,8,-1.0,-1.0,-1.0,-1.0,-1.0,-1.0,-0.234,1.0
50,4,-1.0,-1.0,-1.0,0.0,-1.0,-1.0,-1.0,-0.3
51,4,-1.0,-1.0,-1.0,1.0,-1.0,-1.0,-1.0,-1.0
52,2,-1.0,0.0,-1.0,0.1,-1.0,-1.0,-1.0,-1.0
53,2,-1.0,1.0,-1.0,-0.8,-1.0,-1.0,-1.0,-1.0
54,3,-1.0,0.383,0.0,-1.0,-1.0,-1.0,-1.0,-1.0
55,3,-1.0,-0.234,1.0,-1.0,-1.0,-1.0,-1.0,-1.0
56,8,-1.0,-1.0,-0.183,-1.0,-1.0,-1.0,-1.0,0.0
57,8,-1.0,-1.0,-1.0,-1.0,-1.0,-1.0,-1.0,1.0
58,3,-1.0,-1.0,0.0,-1.0,-1.0,-1.0,-1.0,-0.183
59,3,-1.0,-1.0,1.0,-1.0,-1.0,-1.0,-1.0,-1.0
60,2,-1.0,0.0,0.383,-1.0,-1.0,-1.0,-1.0,-1.0
61,2,-1.0,1.0,-0.234,-1.0,-1.0,-1.0,-1.0,-1.0
62,1,0.0,0.383,-1.0,-1.0,-1.0,-1.0,-1.0,-1.0
63,1,1.0,-0.234,-1.0,-1.0,-1.0,-1.0,-1.0,-1.0
64,7,0.1,-1.0,-1.0,-1.0,-1.0,-1.0,0.0,-1.0
65,7,-0.8,-1.0,-1.0,-1.0,-1.0,-1.0,1.0,-1.0
66,5,-1.0,-1.0,-1.0,-1.0,0.0,-1.0,0.1,-1.0
67,5,-1.0,-1.0,-1.0,-1.0,1.0,-1.0,-0.8,-1.0
68,8,-1.0,-1.0,-1.0,-1.0,-0.183,-1.0,-1.0,0.0
69,8,-1.0,-1.0,-1.0,-1.0,-1.0,-1.0,-1.0,1.0
70,7,-1.0,-1.0,-1.0,-1.0,-1.0,-1.0,0.0,0.383
71,7,-1.0,-1.0,-1.0,-1.0,-1.0,-1.0,1.0,-0.234
72,5,-1.0,-1.0,-1.0,-1.0,0.0,-1.0,0.1,-1.0
73,5,-1.0,-1.0,-1.0,-1.0,1.0,-1.0,-0.8,-1.0
74,3,-1.0,-1.0,0.0,-1.0,0.1,-1.0,-1.0,-1.0
75,3,-1.0,-1.0,1.0,-1.0,-0.8,-1.0,-1.0,-1.0
76,8,-1.0,-1.0,-0.183,-1.0,-1.0,-1.0,-1.0,0.0
77,8,-1.0,-1.0,-1.0,-1.0,-1.0,-1.0,-1.0,1.0
78,4,-1.0,-1.0,-1.0,0.0,-1.0,-1.0,-1.0,-0.3
79,4,-1.0,-1.0,-1.0,1.0,-1.0,-1.0,-1.0,-1.0
80,5,-1.0,-1.0,-1.0,0.383,0.0,-1.0,-1.0,-1.0
81,5,-1.0,-1.0,-1.0,-0.234,1.0,-1.0,-1.0,-1.0
82,1,0.0,-1.0,-1.0,-1.0,-0.3,-1.0,-1.0,-1.0
83,1,1.0,-1.0,-1.0,-1.0,-1.0,-1.0,-1.0,-1.0
84,8,0.383,-1.0,-1.0,-1.0,-1.0,-1.0,-1.0,0.0
85,8,-0.234,-1.0,-1.0,-1.0,-1.0,-1.0,-1.0,1.0
86,4,-1.0,-1.0,-1.0,0.0,-1.0,-1.0,-1.0,-0.3
87,4,-1.0,-1.0,-1.0,1.0,-1.0,-1.0,-1.0,-1.0
88,7,-1.0,-1.0,-1.0,-0.183,-1.0,-1.0,0.0,-1.0
89,7,-1.0,-1.0,-1.0,-1.0,-1.0,-1.0,1.0,-1.0
90,6,-1.0,-1.0,-1.0,-1.0,-1.0,0.0,0.383,-1.0
91,6,-1.0,-1.0,-1.0,-1.0,-1.0,1.0,-0.234,-1.0
92,2,-1.0,0.0,-1.0,-1.0,-1.0,-0.3,-1.0,-1.0
93,2,-1.0,1.0,-1.0,-1.0,-1.0,-1.0,-1.0,-1.0
94,1,0.0,0.383,-1.0,-1.0,-1.0,-1.0,-1.0,-1.0
95,1,1.0,-0.234,-1.0,-1.0,-1.0,-1.0,-1.0,-1.0
96,3,0.1,-0.851,0.0,-1.0,-1.0,-1.0,-1.0,-1.0
97,3,-0.8,-1.0,1.0,-1.0,-1.0,-1.0,-1.0,-1.0
98,8,-1.0,-1.0,-0.183,-1.0,-1.0,-1.0,-1.0,0.0
99,8,-1.0,-1.0,-1.0,-1.0,-1.0,-1.0,-1.0,1.0
100,6,-1.0,-1.0,-1.0,-1.0,-1.0,0.0,-1.0,0.1
101,6,-1.0,-1.0,-1.0,-1.0,-1.0,1.0,-1.0,-0.8
102,5,-1.0,-1.0,-1.0,-1.0,0.0,0.383,-1.0,-1.0
103,5,-1.0,-1.0,-1.0,-1.0,1.0,-0.234,-1.0,-1.0
104,7,-1.0,-1.0,-1.0,-1.0,0.1,-0.851,0.0,-1.0
105,7,-1.0,-1.0,-1.0,-1.0,-0.8,-1.0,1.0,-1.0
106,6,-1.0,-1.0,-1.0,-1.0,-1.0,0.0,0.383,-1.0
107,6,-1.0,-1.0,-1.0,-1.0,-1.0,1.0,-0.234,-1.0
108,1,0.0,-1.0,-1.0,-1.0,-1.0,-0.183,-1.0,-1.0
109,1,1.0,-1.0,-1.0,-1.0,-1.0,-1.0,-1.0,-1.0
110,3,0.1,-1.0,0.0,-1.0,-1.0,-1.0,-1.0,-1.0
111,3,-0.8,-1.0,1.0,-1.0,-1.0,-1.0,-1.0,-1.0
112,6,-1.0,-1.0,-0.183,-1.0,-1.0,0.0,-1.0,-1.0
113,6,-1.0,-1.0,-1.0,-1.0,-1.0,1.0,-1.0,-1.0
114,5,-1.0,-1.0,-1.0,-1.0,0.0,0.383,-1.0,-1.0
115,5,-1.0,-1.0,-1.0,-1.0,1.0,-0.234,-1.0,-1.0
116,2,-1.0,0.0,-1.0,-1.0,-0.183,-1.0,-1.0,-1.0
117,2,-1.0,1.0,-1.0,-1.0,-1.0,-1.0,-1.0,-1.0
118,8,-1.0,0.1,-1.0,-1.0,-1.0,-1.0,-1.0,0.0
119,8,-1.0,-0.8,-1.0,-1.0,-1.0,-1.0,-1.0,1.0
120,4,-1.0,-1.0,-1.0,0.0,-1.0,-1.0,-1.0,-0.3
121,4,-1.0,-1.0,-1.0,1.0,-1.0,-1.0,-1.0,-1.0
122,6,-1.0,-1.0,-1.0,0.1,-1.0,0.0,-1.0,-1.0
123,6,-1.0,-1.0,-1.0,-0.8,-1.0,1.0,-1.0,-1.0
124,5,-1.0,-1.0,-1.0,-1.0,0.0,0.383,-1.0,-1.0
125,5,-1.0,-1.0,-1.0,-1.0,1.0,-0.234,-1.0,-1.0
126,3,-1.0,-1.0,0.0,-1.0,0.1,-1.0,-1.0,-1.0
127,3,-1.0,-1.0,1.0,-1.0,-0.8,-1.0,-1.0,-1.0
128,4,-1.0,-1.0,0.383,0.0,-1.0,-1.0,-1.0,-1.0
129,4,-1.0,-1.0,-0.234,1.0,-1.0,-1.0,-1.0,-1.0
130,6,-1.0,-1.0,-1.0,0.1,-1.0,0.0,-1.0,-1.0
131,6,-1.0,-1.0,-1.0,-0.8,-1.0,1.0,-1.0,-1.0
132,7,-1.0,-1.0,-1.0,-1.0,-1.0,0.383,0.0,-1.0
133,7,-1.0,-1.0,-1.0,-1.0,-1.0,-0.234,1.0,-1.0
134,1,0.0,-1.0,-1.0,-1.0,-1.0,-1.0,0.1,-1.0
135,1,1.0,-1.0,-1.0,-1.0,-1.0,-1.0,-0.8,-1.0
136,5,-0.3,-1.0,-1.0,-1.0,0.0,-1.0,-1.0,-1.0
137,5,-1.0,-1.0,-1.0,-1.0,1.0,-1.0,-1.0,-1.0
138,4,-1.0,-1.0,-1.0,0.0,0.383,-1.0,-1.0,-1.0
139,4,-1.0,-1.0,-1.0,1.0,-0.234,-1.0,-1.0,-1.0
140,6,-1.0,-1.0,-1.0,0.1,-0.851,0.0,-1.0,-1.0
141,6,-1.0,-1.0,-1.0,-0.8,-1.0,1.0,-1.0,-1.0
142,3,-1.0,-1.0,0.0,-1.0,-1.0,-0.183,-1.0,-1.0
143,3,-1.0,-1.0,1.0,-1.0,-1.0,-1.0,-1.0,-1.0
144,2,-1.0,0.0,0.383,-1.0,-1.0,-1.0,-1.0,-1.0
145,2,-1.0,1.0,-0.234,-1.0,-1.0,-1.0,-1.0,-1.0
146,1,0.0,0.383,-1.0,-1.0,-1.0,-1.0,-1.0,-1.0
147,1,1.0,-0.234,-1.0,-1.0,-1.0,-1.0,-1.0,-1.0
148,7,0.1,-1.0,-1.0,-1.0,-1.0,-1.0,0.0,-1.0
149,7,-0.8,-1.0,-1.0,-1.0,-1.0,-1.0,1.0,-1.0
150,6,-1.0,-1.0,-1.0,-1.0,-1.0,0.0,0.383,-1.0
151,6,-1.0,-1.0,-1.0,-1.0,-1.0,1.0,-0.234,-1.0
152,2,-1.0,0.0,-1.0,-1.0,-1.0,-0.3,-1.0,-1.0
153,2,-1.0,1.0,-1.0,-1.0,-1.0,-1.0,-1.0,-1.0
154,5,-1.0,-0.183,-1.0,-1.0,0.0,-1.0,-1.0,-1.0
155,5,-1.0,-1.0,-1.0,-1.0,1.0,-1.0,-1.0,-1.0
156,1,0.0,-1.0,-1.0,-1.0,-0.3,-1.0,-1.0,-1.0
157,1,1.0,-1.0,-1.0,-1.0,-1.0,-1.0,-1.0,-1.0
158,6,-0.183,-1.0,-1.0,-1.0,-1.0,0.0,-1.0,-1.0
159,6,-1.0,-1.0,-1.0,-1.0,-1.0,1.0,-1.0,-1.0
160,8,-1.0,-1.0,-1.0,-1.0,-1.0,0.1,-1.0,0.0
161,8,-1.0,-1.0,-1.0,-1.0,-1.0,-0.8,-1.0,1.0
162,7,-1.0,-1.0,-1.0,-1.0,-1.0,-1.0,0.0,0.383
163,7,-1.0,-1.0,-1.0,-1.0,-1.0,-1.0,1.0,-0.234
164,5,-1.0,-1.0,-1.0,-1.0,0.0,-1.0,0.1,-1.0
165,5,-1.0,-1.0,-1.0,-1.0,1.0,-1.0,-0.8,-1.0
166,4,-1.0,-1.0,-1.0,0.0,0.383,-1.0,-1.0,-1.0
167,4,-1.0,-1.0,-1.0,1.0,-0.234,-1.0,-1.0,-1.0
168,8,-1.0,-1.0,-1.0,-0.3,-1.0,-1.0,-1.0,0.0
169,8,-1.0,-1.0,-1.0,-1.0,-1.0,-1.0,-1.0,1.0
170,2,-1.0,0.0,-1.0,-1.0,-1.0,-1.0,-1.0,0.1
171,2,-1.0,1.0,-1.0,-1.0,-1.0,-1.0,-1.0,-0.8
172,1,0.0,0.383,-1.0,-1.0,-1.0,-1.0,-1.0,-1.0
173,1,1.0,-0.234,-1.0,-1.0,-1.0,-1.0,-1.0,-1.0
174,4,-0.183,-1.0,-1.0,0.0,-1.0,-1.0,-1.0,-1.0
175,4,-1.0,-1.0,-1.0,1.0,-1.0,-1.0,-1.0,-1.0
176,2,-1.0,0.0,-1.0,0.1,-1.0,-1.0,-1.0,-1.0
177,2,-1.0,1.0,-1.0,-0.8,-1.0,-1.0,-1.0,-1.0
178,1,0.0,0.383,-1.0,-1.0,-1.0,-1.0,-1.0,-1.0
179,1,1.0,-0.234,-1.0,-1.0,-1.0,-1.0,-1.0,-1.0
180,3,0.1,-0.851,0.0,-1.0,-1.0,-1.0,-1.0,-1.0
181,3,-0.8,-1.0,1.0,-1.0,-1.0,-1.0,-1.0,-1.0
182,7,-1.0,-1.0,-0.3,-1.0,-1.0,-1.0,0.0,-1.0
183,7,-1.0,-1.0,-1.0,-1.0,-1.0,-1.0,1.0,-1.0
184,5,-1.0,-1.0,-1.0,-1.0,0.0,-1.0,0.1,-1.0
185,5,-1.0,-1.0,-1.0,-1.0,1.0,-1.0,-0.8,-1.0
186,1,0.0,-1.0,-1.0,-1.0,-0.3,-1.0,-1.0,-1.0
187,1,1.0,-1.0,-1.0,-1.0,-1.0,-1.0,-1.0,-1.0
188,7,0.1,-1.0,-1.0,-1.0,-1.0,-1.0,0.0,-1.0
189,7,-0.8,-1.0,-1.0,-1.0,-1.0,-1.0,1.0,-1.0
190,4,-1.0,-1.0,-1.0,0.0,-1.0,-1.0,-0.183,-1.0
191,4,-1.0,-1.0,-1.0,1.0,-1.0,-1.0,-1.0,-1.0
192,6,-1.0,-1.0,-1.0,0.1,-1.0,0.0,-1.0,-1.0
193,6,-1.0,-1.0,-1.0,-0.8,-1.0,1.0,-1.0,-1.0
194,3,-1.0,-1.0,0.0,-1.0,-1.0,-0.183,-1.0,-1.0
195,3,-1.0,-1.0,1.0,-1.0,-1.0,-1.0,-1.0,-1.0
196,8,-1.0,-1.0,-0.183,-1.0,-1.0,-1.0,-1.0,0.0
197,8,-1.0,-1.0,-1.0,-1.0,-1.0,-1.0,-1.0,1.0
198,6,-1.0,-1.0,-1.0,-1.0,-1.0,0.0,-1.0,0.1
199,6,-1.0,-1.0,-1.0,-1.0,-1.0,1.0,-1.0,-0.8
200,1,0.0,-1.0,-1.0,-1.0,-1.0,-0.183,-1.0,-1.0
201,1,1.0,-1.0,-1.0,-1.0,-1.0,-1.0,-1.0,-1.0
202,7,0.1,-1.0,-1.0,-1.0,-1.0,-1.0,0.0,-1.0
203,7,-0.8,-1.0,-1.0,-1.0,-1.0,-1.0,1.0,-1.0
204,6,-1.0,-1.0,-1.0,-1.0,-1.0,0.0,0.383,-1.0
205,6,-1.0,-1.0,-1.0,-1.0,-1.0,1.0,-0.234,-1.0
206,2,-1.0,0.0,-1.0,-1.0,-1.0,-0.3,-1.0,-1.0
207,2,-1.0,1.0,-1.0,-1.0,-1.0,-1.0,-1.0,-1.0
208,8,-1.0,0.1,-1.0,-1.0,-1.0,-1.0,-1.0,0.0
209,8,-1.0,-0.8,-1.0,-1.0,-1.0,-1.0,-1.0,1.0
210,1,0.0,-1.0,-1.0,-1.0,-1.0,-1.0,-1.0,0.383
211,1,1.0,-1.0,-1.0,-1.0,-1.0,-1.0,-1.0,-0.234
212,5,-0.3,-1.0,-1.0,-1.0,0.0,-1.0,-1.0,-1.0
213,5,-1.0,-1.0,-1.0,-1.0,1.0,-1.0,-1.0,-1.0
214,8,-1.0,-1.0,-1.0,-1.0,-0.183,-1.0,-1.0,0.0
215,8,-1.0,-1.0,-1.0,-1.0,-1.0,-1.0,-1.0,1.0
216,3,-1.0,-1.0,0.0,-1.0,-1.0,-1.0,-1.0,-0.183
217,3,-1.0,-1.0,1.0,-1.0,-1.0,-1.0,-1.0,-1.0
218,7,-1.0,-1.0,-0.3,-1.0,-1.0,-1.0,0.0,-1.0
219,7,-1.0,-1.0,-1.0,-1.0,-1.0,-1.0,1.0,-1.0
220,1,0.0,-1.0,-1.0,-1.0,-1.0,-1.0,0.1,-1.0
221,1,1.0,-1.0,-1.0,-1.0,-1.0,-1.0,-0.8,-1.0
222,8,0.383,-1.0,-1.0,-1.0,-1.0,-1.0,-1.0,0.0
223,8,-0.234,-1.0,-1.0,-1.0,-1.0,-1.0,-1.0,1.0
224,2,-0.851,0.0,-1.0,-1.0,-1.0,-1.0,-1.0,0.1
225,2,-1.0,1.0,-1.0,-1.0,-1.0,-1.0,-1.0,-0.8
226,6,-1.0,-0.3,-1.0,-1.0,-1.0,0.0,-1.0,-1.0
227,6,-1.0,-1.0,-1.0,-1.0,-1.0,1.0,-1.0,-1.0
228,8,-1.0,-1.0,-1.0,-1.0,-1.0,0.1,-1.0,0.0
229,8,-1.0,-1.0,-1.0,-1.0,-1.0,-0.8,-1.0,1.0
230,5,-1.0,-1.0,-1.0,-1.0,0.0,-1.0,-1.0,-0.183
231,5,-1.0,-1.0,-1.0,-1.0,1.0,-1.0,-1.0,-1.0
232,8,-1.0,-1.0,-1.0,-1.0,-0.183,-1.0,-1.0,0.0
233,8,-1.0,-1.0,-1.0,-1.0,-1.0,-1.0,-1.0,1.0
234,5,-1.0,-1.0,-1.0,-1.0,0.0,-1.0,-1.0,-0.183
235,5,-1.0,-1.0,-1.0,-1.0,1.0,-1.0,-1.0,-1.0
236,7,-1.0,-1.0,-1.0,-1.0,0.1,-1.0,0.0,-1.0
237,7,-1.0,-1.0,-1.0,-1.0,-0.8,-1.0,1.0,-1.0
238,4,-1.0,-1.0,-1.0,0.0,-1.0,-1.0,-0.183,-1.0
239,4,-1.0,-1.0,-1.0,1.0,-1.0,-1.0,-1.0,-1.0
240,8,-1.0,-1.0,-1.0,-0.3,-1.0,-1.0,-1.0,0.0
241,8,-1.0,-1.0,-1.0,-1.0,-1.0,-1.0,-1.0,1.0
242,7,-1.0,-1.0,-1.0,-1.0,-1.0,-1.0,0.0,0.383
243,7,-1.0,-1.0,-1.0,-1.0,-1.0,-1.0,1.0,-0.234
244,5,-1.0,-1.0,-1.0,-1.0,0.0,-1.0,0.1,-1.0
245,5,-1.0,-1.0,-1.0,-1.0,1.0,-1.0,-0.8,-1.0
246,1,0.0,-1.0,-1.0,-1.0,-0.3,-1.0,-1.0,-1.0
247,1,1.0,-1.0,-1.0,-1.0,-1.0,-1.0,-1.0,-1.0
248,8,0.383,-1.0,-1.0,-1.0,-1.0,-1.0,-1.0,0.0
249,8,-0.234,-1.0,-1.0,-1.0,-1.0,-1.0,-1.0,1.0
250,6,-1.0,-1.0,-1.0,-1.0,-1.0,0.0,-1.0,0.1
251,6,-1.0,-1.0,-1.0,-1.0,-1.0,1.0,-1.0,-0.8
252,2,-1.0,0.0,-1.0,-1.0,-1.0,-0.3,-1.0,-1.0
253,2,-1.0,1.0,-1.0,-1.0,-1.0,-1.0,-1.0,-1.0
254,6,-1.0,-0.3,-1.0,-1.0,-1.0,0.0,-1.0,-1.0
255,6,-1.0,-1.0,-1.0,-1.0,-1.0,1.0,-1.0,-1.0
256,7,-1.0,-1.0,-1.0,-1.0,-1.0,0.383,0.0,-1.0
257,7,-1.0,-1.0,-1.0,-1.0,-1.0,-0.234,1.0,-1.0
258,4,-1.0,-1.0,-1.0,0.0,-1.0,-1.0,-0.183,-1.0
259,4,-1.0,-1.0,-1.0,1.0,-1.0,-1.0,-1.0,-1.0
260,2,-1.0,0.0,-1.0,0.1,-1.0,-1.0,-1.0,-1.0
261,2,-1.0,1.0,-1.0,-0.8,-1.0,-1.0,-1.0,-1.0
262,8,-1.0,0.1,-1.0,-1.0,-1.0,-1.0,-1.0,0.0
263,8,-1.0,-0.8,-1.0,-1.0,-1.0,-1.0,-1.0,1.0
264,7,-1.0,-1.0,-1.0,-1.0,-1.0,-1.0,0.0,0.383
265,7,-1.0,-1.0,-1.0,-1.0,-1.0,-1.0,1.0,-0.234
266,6,-1.0,-1.0,-1.0,-1.0,-1.0,0.0,0.383,-1.0
267,6,-1.0,-1.0,-1.0,-1.0,-1.0,1.0,-0.234,-1.0
268,1,0.0,-1.0,-1.0,-1.0,-1.0,-0.183,-1.0,-1.0
269,1,1.0,-1.0,-1.0,-1.0,-1.0,-1.0,-1.0,-1.0
270,7,0.1,-1.0,-1.0,-1.0,-1.0,-1.0,0.0,-1.0
271,7,-0.8,-1.0,-1.0,-1.0,-1.0,-1.0,1.0,-1.0
272,2,-1.0,0.0,-1.0,-1.0,-1.0,-1.0,-0.183,-1.0
273,2,-1.0,1.0,-1.0,-1.0,-1.0,-1.0,-1.0,-1.0
274,7,-1.0,-0.183,-1.0,-1.0,-1.0,-1.0,0.0,-1.0
275,7,-1.0,-1.0,-1.0,-1.0,-1.0,-1.0,1.0,-1.0
276,3,-1.0,-1.0,0.0,-1.0,-1.0,-1.0,-0.3,-1.0
277,3,-1.0,-1.0,1.0,-1.0,-1.0,-1.0,-1.0,-1.0
278,2,-1.0,0.0,0.383,-1.0,-1.0,-1.0,-1.0,-1.0
279,2,-1.0,1.0,-0.234,-1.0,-1.0,-1.0,-1.0,-1.0
280,5,-1.0,-0.183,-1.0,-1.0,0.0,-1.0,-1.0,-1.0
281,5,-1.0,-1.0,-1.0,-1.0,1.0,-1.0,-1.0,-1.0
282,7,-1.0,-1.0,-1.0,-1.0,0.1,-1.0,0.0,-1.0
283,7,-1.0,-1.0,-1.0,-1.0,-0.8,-1.0,1.0,-1.0
284,2,-1.0,0.0,-1.0,-1.0,-1.0,-1.0,-0.183,-1.0
285,2,-1.0,1.0,-1.0,-1.0,-1.0,-1.0,-1.0,-1.0
286,3,-1.0,0.383,0.0,-1.0,-1.0,-1.0,-1.0,-1.0
287,3,-1.0,-0.234,1.0,-1.0,-1.0,-1.0,-1.0,-1.0
288,6,-1.0,-1.0,-0.183,-1.0,-1.0,0.0,-1.0,-1.0
289,6,-1.0,-1.0,-1.0,-1.0,-1.0,1.0,-1.0,-1.0
290,3,-1.0,-1.0,0.0,-1.0,-1.0,-0.183,-1.0,-1.0
291,3,-1.0,-1.0,1.0,-1.0,-1.0,-1.0,-1.0,-1.0
292,5,-1.0,-1.0,0.1,-1.0,0.0,-1.0,-1.0,-1.0
293,5,-1.0,-1.0,-0.8,-1.0,1.0,-1.0,-1.0,-1.0
294,2,-1.0,0.0,-1.0,-1.0,-0.183,-1.0,-1.0,-1.0
295,2,-1.0,1.0,-1.0,-1.0,-1.0,-1.0,-1.0,-1.0
296,1,0.0,0.383,-1.0,-1.0,-1.0,-1.0,-1.0,-1.0
297,1,1.0,-0.234,-1.0,-1.0,-1.0,-1.0,-1.0,-1.0
298,4,-0.183,-1.0,-1.0,0.0,-1.0,-1.0,-1.0,-1.0
299,4,-1.0,-1.0,-1.0,1.0,-1.0,-1.0,-1.0,-1.0
300,5,-1.0,-1.0,-1.0,0.383,0.0,-1.0,-1.0,-1.0
301,5,-1.0,-1.0,-1.0,-0.234,1.0,-1.0,-1.0,-1.0
302,3,-1.0,-1.0,0.0,-0.851,0.1,-1.0,-1.0,-1.0
303,3,-1.0,-1.0,1.0,-1.0,-0.8,-1.0,-1.0,-1.0
304,8,-1.0,-1.0,-0.183,-1.0,-1.0,-1.0,-1.0,0.0
305,8,-1.0,-1.0,-1.0,-1.0,-1.0,-1.0,-1.0,1.0
306,7,-1.0,-1.0,-1.0,-1.0,-1.0,-1.0,0.0,0.383
307,7,-1.0,-1.0,-1.0,-1.0,-1.0,-1.0,1.0,-0.234
308,6,-1.0,-1.0,-1.0,-1.0,-1.0,0.0,0.383,-1.0
309,6,-1.0,-1.0,-1.0,-1.0,-1.0,1.0,-0.234,-1.0
310,3,-1.0,-1.0,0.0,-1.0,-1.0,-0.183,-1.0,-1.0
311,3,-1.0,-1.0,1.0,-1.0,-1.0,-1.0,-1.0,-1.0
312,7,-1.0,-1.0,-0.3,-1.0,-1.0,-1.0,0.0,-1.0
313,7,-1.0,-1.0,-1.0,-1.0,-1.0,-1.0,1.0,-1.0
314,8,-1.0,-1.0,-1.0,-1.0,-1.0,-1.0,0.383,0.0
315,8,-1.0,-1.0,-1.0,-1.0,-1.0,-1.0,-0.234,1.0
316,6,-1.0,-1.0,-1.0,-1.0,-1.0,0.0,-0.851,0.1
317,6,-1.0,-1.0,-1.0,-1.0,-1.0,1.0,-1.0,-0.8
318,4,-1.0,-1.0,-1.0,0.0,-1.0,0.1,-1.0,-1.0
319,4,-1.0,-1.0,-1.0,1.0,-1.0,-0.8,-1.0,-1.0
320,3,-1.0,-1.0,0.0,0.383,-1.0,-1.0,-1.0,-1.0
321,3,-1.0,-1.0,1.0,-0.234,-1.0,-1.0,-1.0,-1.0
322,7,-1.0,-1.0,-0.3,-1.0,-1.0,-1.0,0.0,-1.0
323,7,-1.0,-1.0,-1.0,-1.0,-1.0,-1.0,1.0,-1.0
324,1,0.0,-1.0,-1.0,-1.0,-1.0,-1.0,0.1,-1.0
325,1,1.0,-1.0,-1.0,-1.0,-1.0,-1.0,-0.8,-1.0
326,2,0.383,0.0,-1.0,-1.0,-1.0,-1.0,-1.0,-1.0
327,2,-0.234,1.0,-1.0,-1.0,-1.0,-1.0,-1.0,-1.0
328,8,-0.851,0.1,-1.0,-1.0,-1.0,-1.0,-1.0,0.0
329,8,-1.0,-0.8,-1.0,-1.0,-1.0,-1.0,-1.0,1.0
330,1,0.0,-1.0,-1.0,-1.0,-1.0,-1.0,-1.0,0.383
331,1,1.0,-1.0,-1.0,-1.0,-1.0,-1.0,-1.0,-0.234
332,4,-0.183,-1.0,-1.0,0.0,-1.0,-1.0,-1.0,-1.0
333,4,-1.0,-1.0,-1.0,1.0,-1.0,-1.0,-1.0,-1.0
334,3,-1.0,-1.0,0.0,0.383,-1.0,-1.0,-1.0,-1.0
335,3,-1.0,-1.0,1.0,-0.234,-1.0,-1.0,-1.0,-1.0
336,2,-1.0,0.0,0.383,-1.0,-1.0,-1.0,-1.0,-1.0
337,2,-1.0,1.0,-0.234,-1.0,-1.0,-1.0,-1.0,-1.0
338,4,-1.0,0.1,-0.851,0.0,-1.0,-1.0,-1.0,-1.0
339,4,-1.0,-0.8,-1.0,1.0,-1.0,-1.0,-1.0,-1.0
340,1,0.0,-1.0,-1.0,-0.183,-1.0,-1.0,-1.0,-1.0
341,1,1.0,-1.0,-1.0,-1.0,-1.0,-1.0,-1.0,-1.0
342,6,-0.183,-1.0,-1.0,-1.0,-1.0,0.0,-1.0,-1.0
343,6,-1.0,-1.0,-1.0,-1.0,-1.0,1.0,-1.0,-1.0
344,2,-1.0,0.0,-1.0,-1.0,-1.0,-0.3,-1.0,-1.0
345,2,-1.0,1.0,-1.0,-1.0,-1.0,-1.0,-1.0,-1.0
346,3,-1.0,0.383,0.0,-1.0,-1.0,-1.0,-1.0,-1.0
347,3,-1.0,-0.234,1.0,-1.0,-1.0,-1.0,-1.0,-1.0
348,5,-1.0,-1.0,0.1,-1.0,0.0,-1.0,-1.0,-1.0
349,5,-1.0,-1.0,-0.8,-1.0,1.0,-1.0,-1.0,-1.0
350,7,-1.0,-1.0,-1.0,-1.0,0.1,-1.0,0.0,-1.0
351,7,-1.0,-1.0,-1.0,-1.0,-0.8,-1.0,1.0,-1.0
352,8,-1.0,-1.0,-1.0,-1.0,-1.0,-1.0,0.383,0.0
353,8,-1.0,-1.0,-1.0,-1.0,-1.0,-1.0,-0.234,1.0
354,1,0.0,-1.0,-1.0,-1.0,-1.0,-1.0,-1.0,0.383
355,1,1.0,-1.0,-1.0,-1.0,-1.0,-1.0,-1.0,-0.234
356,3,0.1,-1.0,0.0,-1.0,-1.0,-1.0,-1.0,-1.0
357,3,-0.8,-1.0,1.0,-1.0,-1.0,-1.0,-1.0,-1.0
358,7,-1.0,-1.0,-0.3,-1.0,-1.0,-1.0,0.0,-1.0
359,7,-1.0,-1.0,-1.0,-1.0,-1.0,-1.0,1.0,-1.0
360,8,-1.0,-1.0,-1.0,-1.0,-1.0,-1.0,0.383,0.0
361,8,-1.0,-1.0,-1.0,-1.0,-1.0,-1.0,-0.234,1.0
362,5,-1.0,-1.0,-1.0,-1.0,0.0,-1.0,-1.0,-0.183
363,5,-1.0,-1.0,-1.0,-1.0,1.0,-1.0,-1.0,-1.0
364,1,0.0,-1.0,-1.0,-1.0,-0.3,-1.0,-1.0,-1.0
365,1,1.0,-1.0,-1.0,-1.0,-1.0,-1.0,-1.0,-1.0
366,6,-0.183,-1.0,-1.0,-1.0,-1.0,0.0,-1.0,-1.0
367,6,-1.0,-1.0,-1.0,-1.0,-1.0,1.0,-1.0,-1.0
368,5,-1.0,-1.0,-1.0,-1.0,0.0,0.383,-1.0,-1.0
369,5,-1.0,-1.0,-1.0,-1.0,1.0,-0.234,-1.0,-1.0
370,7,-1.0,-1.0,-1.0,-1.0,0.1,-0.851,0.0,-1.0
371,7,-1.0,-1.0,-1.0,-1.0,-0.8,-1.0,1.0,-1.0
372,2,-1.0,0.0,-1.0,-1.0,-1.0,-1.0,-0.183,-1.0
373,2,-1.0,1.0,-1.0,-1.0,-1.0,-1.0,-1.0,-1.0
374,1,0.0,0.383,-1.0,-1.0,-1.0,-1.0,-1.0,-1.0
375,1,1.0,-0.234,-1.0,-1.0,-1.0,-1.0,-1.0,-1.0
376,7,0.1,-1.0,-1.0,-1.0,-1.0,-1.0,0.0,-1.0
377,7,-0.8,-1.0,-1.0,-1.0,-1.0,-1.0,1.0,-1.0
378,6,-1.0,-1.0,-1.0,-1.0,-1.0,0.0,0.383,-1.0
379,6,-1.0,-1.0,-1.0,-1.0,-1.0,1.0,-0.234,-1.0
380,2,-1.0,0.0,-1.0,-1.0,-1.0,-0.3,-1.0,-1.0
381,2,-1.0,1.0,-1.0,-1.0,-1.0,-1.0,-1.0,-1.0
382,1,0.0,0.383,-1.0,-1.0,-1.0,-1.0,-1.0,-1.0
383,1,1.0,-0.234,-1.0,-1.0,-1.0,-1.0,-1.0,-1.0
384,5,-0.3,-1.0,-1.0,-1.0,0.0,-1.0,-1.0,-1.0
385,5,-1.0,-1.0,-1.0,-1.0,1.0,-1.0,-1.0,-1.0
386,8,-1.0,-1.0,-1.0,-1.0,-0.183,-1.0,-1.0,0.0
387,8,-1.0,-1.0,-1.0,-1.0,-1.0,-1.0,-1.0,1.0
388,2,-1.0,0.0,-1.0,-1.0,-1.0,-1.0,-1.0,0.1
389,2,-1.0,1.0,-1.0,-1.0,-1.0,-1.0,-1.0,-0.8
390,1,0.0,0.383,-1.0,-1.0,-1.0,-1.0,-1.0,-1.0
391,1,1.0,-0.234,-1.0,-1.0,-1.0,-1.0,-1.0,-1.0
392,7,0.1,-1.0,-1.0,-1.0,-1.0,-1.0,0.0,-1.0
393,7,-0.8,-1.0,-1.0,-1.0,-1.0,-1.0,1.0,-1.0
394,2,-1.0,0.0,-1.0,-1.0,-1.0,-1.0,-0.183,-1.0
395,2,-1.0,1.0,-1.0,-1.0,-1.0,-1.0,-1.0,-1.0
396,1,0.0,0.383,-1.0,-1.0,-1.0,-1.0,-1.0,-1.0
397,1,1.0,-0.234,-1.0,-1.0,-1.0,-1.0,-1.0,-1.0
398,8,0.383,-1.0,-1.0,-1.0,-1.0,-1.0,-1.0,0.0
399,8,-0.234,-1.0,-1.0,-1.0,-1.0,-1.0,-1.0,1.0
400,2,-0.851,0.0,-1.0,-1.0,-1.0,-1.0,-1.0,0.1
401,2,-1.0,1.0,-1.0,-1.0,-1.0,-1.0,-1.0,-0.8
402,4,-1.0,0.1,-1.0,0.0,-1.0,-1.0,-1.0,-1.0
403,4,-1.0,-0.8,-1.0,1.0,-1.0,-1.0,-1.0,-1.0
404,1,0.0,-1.0,-1.0,-0.183,-1.0,-1.0,-1.0,-1.0
405,1,1.0,-1.0,-1.0,-1.0,-1.0,-1.0,-1.0,-1.0
406,4,-0.183,-1.0,-1.0,0.0,-1.0,-1.0,-1.0,-1.0
407,4,-1.0,-1.0,-1.0,1.0,-1.0,-1.0,-1.0,-1.0
408,6,-1.0,-1.0,-1.0,0.1,-1.0,0.0,-1.0,-1.0
409,6,-1.0,-1.0,-1.0,-0.8,-1.0,1.0,-1.0,-1.0
410,3,-1.0,-1.0,0.0,-1.0,-1.0,-0.183,-1.0,-1.0
411,3,-1.0,-1.0,1.0,-1.0,-1.0,-1.0,-1.0,-1.0
412,8,-1.0,-1.0,-0.183,-1.0,-1.0,-1.0,-1.0,0.0
413,8,-1.0,-1.0,-1.0,-1.0,-1.0,-1.0,-1.0,1.0
414,5,-1.0,-1.0,-1.0,-1.0,0.0,-1.0,-1.0,-0.183
415,5,-1.0,-1.0,-1.0,-1.0,1.0,-1.0,-1.0,-1.0
416,6,-1.0,-1.0,-1.0,-1.0,0.383,0.0,-1.0,-1.0
417,6,-1.0,-1.0,-1.0,-1.0,-0.234,1.0,-1.0,-1.0
418,3,-1.0,-1.0,0.0,-1.0,-1.0,-0.183,-1.0,-1.0
419,3,-1.0,-1.0,1.0,-1.0,-1.0,-1.0,-1.0,-1.0
420,2,-1.0,0.0,0.383,-1.0,-1.0,-1.0,-1.0,-1.0
421,2,-1.0,1.0,-0.234,-1.0,-1.0,-1.0,-1.0,-1.0
422,6,-1.0,-0.3,-1.0,-1.0,-1.0,0.0,-1.0,-1.0
423,6,-1.0,-1.0,-1.0,-1.0,-1.0,1.0,-1.0,-1.0
424,1,0.0,-1.0,-1.0,-1.0,-1.0,-0.183,-1.0,-1.0
425,1,1.0,-1.0,-1.0,-1.0,-1.0,-1.0,-1.0,-1.0
426,7,0.1,-1.0,-1.0,-1.0,-1.0,-1.0,0.0,-1.0
427,7,-0.8,-1.0,-1.0,-1.0,-1.0,-1.0,1.0,-1.0
428,5,-1.0,-1.0,-1.0,-1.0,0.0,-1.0,0.1,-1.0
429,5,-1.0,-1.0,-1.0,-1.0,1.0,-1.0,-0.8,-1.0
430,1,0.0,-1.0,-1.0,-1.0,-0.3,-1.0,-1.0,-1.0
431,1,1.0,-1.0,-1.0,-1.0,-1.0,-1.0,-1.0,-1.0
432,2,0.383,0.0,-1.0,-1.0,-1.0,-1.0,-1.0,-1.0
433,2,-0.234,1.0,-1.0,-1.0,-1.0,-1.0,-1.0,-1.0
434,7,-1.0,-0.183,-1.0,-1.0,-1.0,-1.0,0.0,-1.0
435,7,-1.0,-1.0,-1.0,-1.0,-1.0,-1.0,1.0,-1.0
436,1,0.0,-1.0,-1.0,-1.0,-1.0,-1.0,0.1,-1.0
437,1,1.0,-1.0,-1.0,-1.0,-1.0,-1.0,-0.8,-1.0
438,8,0.383,-1.0,-1.0,-1.0,-1.0,-1.0,-1.0,0.0
439,8,-0.234,-1.0,-1.0,-1.0,-1.0,-1.0,-1.0,1.0
440,2,-0.851,0.0,-1.0,-1.0,-1.0,-1.0,-1.0,0.1
441,2,-1.0,1.0,-1.0,-1.0,-1.0,-1.0,-1.0,-0.8
442,4,-1.0,0.1,-1.0,0.0,-1.0,-1.0,-1.0,-1.0
443,4,-1.0,-0.8,-1.0,1.0,-1.0,-1.0,-1.0,-1.0
444,6,-1.0,-1.0,-1.0,0.1,-1.0,0.0,-1.0,-1.0
445,6,-1.0,-1.0,-1.0,-0.8,-1.0,1.0,-1.0,-1.0
446,3,-1.0,-1.0,0.0,-1.0,-1.0,-0.183,-1.0,-1.0
447,3,-1.0,-1.0,1.0,-1.0,-1.0,-1.0,-1.0,-1.0
448,7,-1.0,-1.0,-0.3,-1.0,-1.0,-1.0,0.0,-1.0
449,7,-1.0,-1.0,-1.0,-1.0,-1.0,-1.0,1.0,-1.0
450,1,0.0,-1.0,-1.0,-1.0,-1.0,-1.0,0.1,-1.0
451,1,1.0,-1.0,-1.0,-1.0,-1.0,-1.0,-0.8,-1.0
452,8,0.383,-1.0,-1.0,-1.0,-1.0,-1.0,-1.0,0.0
453,8,-0.234,-1.0,-1.0,-1.0,-1.0,-1.0,-1.0,1.0
454,6,-1.0,-1.0,-1.0,-1.0,-1.0,0.0,-1.0,0.1
455,6,-1.0,-1.0,-1.0,-1.0,-1.0,1.0,-1.0,-0.8
456,3,-1.0,-1.0,0.0,-1.0,-1.0,-0.183,-1.0,-1.0
457,3,-1.0,-1.0,1.0,-1.0,-1.0,-1.0,-1.0,-1.0
458,4,-1.0,-1.0,0.383,0.0,-1.0,-1.0,-1.0,-1.0
459,4,-1.0,-1.0,-0.234,1.0,-1.0,-1.0,-1.0,-1.0
460,2,-1.0,0.0,-0.851,0.1,-1.0,-1.0,-1.0,-1.0
461,2,-1.0,1.0,-1.0,-0.8,-1.0,-1.0,-1.0,-1.0
462,1,0.0,0.383,-1.0,-1.0,-1.0,-1.0,-1.0,-1.0
463,1,1.0,-0.234,-1.0,-1.0,-1.0,-1.0,-1.0,-1.0
464,7,0.1,-1.0,-1.0,-1.0,-1.0,-1.0,0.0,-1.0
465,7,-0.8,-1.0,-1.0,-1.0,-1.0,-1.0,1.0,-1.0
466,4,-1.0,-1.0,-1.0,0.0,-1.0,-1.0,-0.183,-1.0
467,4,-1.0,-1.0,-1.0,1.0,-1.0,-1.0,-1.0,-1.0
468,3,-1.0,-1.0,0.0,0.383,-1.0,-1.0,-1.0,-1.0
469,3,-1.0,-1.0,1.0,-0.234,-1.0,-1.0,-1.0,-1.0
470,7,-1.0,-1.0,-0.3,-1.0,-1.0,-1.0,0.0,-1.0
471,7,-1.0,-1.0,-1.0,-1.0,-1.0,-1.0,1.0,-1.0
472,6,-1.0,-1.0,-1.0,-1.0,-1.0,0.0,0.383,-1.0
473,6,-1.0,-1.0,-1.0,-1.0,-1.0,1.0,-0.234,-1.0
474,8,-1.0,-1.0,-1.0,-1.0,-1.0,0.1,-0.851,0.0
475,8,-1.0,-1.0,-1.0,-1.0,-1.0,-0.8,-1.0,1.0
476,1,0.0,-1.0,-1.0,-1.0,-1.0,-1.0,-1.0,0.383
477,1,1.0,-1.0,-1.0,-1.0,-1.0,-1.0,-1.0,-0.234
478,3,0.1,-1.0,0.0,-1.0,-1.0,-1.0,-1.0,-1.0
479,3,-0.8,-1.0,1.0,-1.0,-1.0,-1.0,-1.0,-1.0
480,5,-1.0,-1.0,0.1,-1.0,0.0,-1.0,-1.0,-1.0
481,5,-1.0,-1.0,-0.8,-1.0,1.0,-1.0,-1.0,-1.0
482,2,-1.0,0.0,-1.0,-1.0,-0.183,-1.0,-1.0,-1.0
483,2,-1.0,1.0,-1.0,-1.0,-1.0,-1.0,-1.0,-1.0
484,7,-1.0,-0.183,-1.0,-1.0,-1.0,-1.0,0.0,-1.0
485,7,-1.0,-1.0,-1.0,-1.0,-1.0,-1.0,1.0,-1.0
486,6,-1.0,-1.0,-1.0,-1.0,-1.0,0.0,0.383,-1.0
487,6,-1.0,-1.0,-1.0,-1.0,-1.0,1.0,-0.234,-1.0
488,4,-1.0,-1.0,-1.0,0.0,-1.0,0.1,-1.0,-1.0
489,4,-1.0,-1.0,-1.0,1.0,-1.0,-0.8,-1.0,-1.0
490,1,0.0,-1.0,-1.0,-0.183,-1.0,-1.0,-1.0,-1.0
491,1,1.0,-1.0,-1.0,-1.0,-1.0,-1.0,-1.0,-1.0
492,5,-0.3,-1.0,-1.0,-1.0,0.0,-1.0,-1.0,-1.0
493,5,-1.0,-1.0,-1.0,-1.0,1.0,-1.0,-1.0,-1.0
494,8,-1.0,-1.0,-1.0,-1.0,-0.183,-1.0,-1.0,0.0
495,8,-1.0,-1.0,-1.0,-1.0,-1.0,-1.0,-1.0,1.0
496,4,-1.0,-1.0,-1.0,0.0,-1.0,-1.0,-1.0,-0.3
497,4,-1.0,-1.0,-1.0,1.0,-1.0,-1.0,-1.0,-1.0
498,5,-1.0,-1.0,-1.0,0.383,0.0,-1.0,-1.0,-1.0
499,5,-1.0,-1.0,-1.0,-0.234,1.0,-1.0,-1.0,-1.0
500,1,0.0,-1.0,-1.0,-1.0,-0.3,-1.0,-1.0,-1.0
501,1,1.0,-1.0,-1.0,-1.0,-1.0,-1.0,-1.0,-1.0
502,2,0.383,0.0,-1.0,-1.0,-1.0,-1.0,-1.0,-1.0
503,2,-0.234,1.0,-1.0,-1.0,-1.0,-1.0,-1.0,-1.0
504,7,-1.0,-0.183,-1.0,-1.0,-1.0,-1.0,0.0,-1.0
505,7,-1.0,-1.0,-1.0,-1.0,-1.0,-1.0,1.0,-1.0
506,2,-1.0,0.0,-1.0,-1.0,-1.0,-1.0,-0.183,-1.0
507,2,-1.0,1.0,-1.0,-1.0,-1.0,-1.0,-1.0,-1.0
508,3,-1.0,0.383,0.0,-1.0,-1.0,-1.0,-1.0,-1.0
509,3,-1.0,-0.234,1.0,-1.0,-1.0,-1.0,-1.0,-1.0
510,7,-1.0,-1.0,-0.3,-1.0,-1.0,-1.0,0.0,-1.0
511,7,-1.0,-1.0,-1.0,-1.0,-1.0,-1.0,1.0,-1.0
512,5,-1.0,-1.0,-1.0,-1.0,0.0,-1.0,0.1,-1.0
513,5,-1.0,-1.0,-1.0,-1.0,1.0,-1.0,-0.8,-1.0
514,8,-1.0,-1.0,-1.0,-1.0,-0.183,-1.0,-1.0,0.0
515,8,-1.0,-1.0,-1.0,-1.0,-1.0,-1.0,-1.0,1.0
516,7,-1.0,-1.0,-1.0,-1.0,-1.0,-1.0,0.0,0.383
517,7,-1.0,-1.0,-1.0,-1.0,-1.0,-1.0,1.0,-0.234
518,4,-1.0,-1.0,-1.0,0.0,-1.0,-1.0,-0.183,-1.0
519,4,-1.0,-1.0,-1.0,1.0,-1.0,-1.0,-1.0,-1.0
520,6,-1.0,-1.0,-1.0,0.1,-1.0,0.0,-1.0,-1.0
521,6,-1.0,-1.0,-1.0,-0.8,-1.0,1.0,-1.0,-1.0
522,3,-1.0,-1.0,0.0,-1.0,-1.0,-0.183,-1.0,-1.0
523,3,-1.0,-1.0,1.0,-1.0,-1.0,-1.0,-1.0,-1.0
524,2,-1.0,0.0,0.383,-1.0,-1.0,-1.0,-1.0,-1.0
525,2,-1.0,1.0,-0.234,-1.0,-1.0,-1.0,-1.0,-1.0
526,7,-1.0,-0.183,-1.0,-1.0,-1.0,-1.0,0.0,-1.0
527,7,-1.0,-1.0,-1.0,-1.0,-1.0,-1.0,1.0,-1.0
528,3,-1.0,-1.0,0.0,-1.0,-1.0,-1.0,-0.3,-1.0
529,3,-1.0,-1.0,1.0,-1.0,-1.0,-1.0,-1.0,-1.0
530,4,-1.0,-1.0,0.383,0.0,-1.0,-1.0,-1.0,-1.0
531,4,-1.0,-1.0,-0.234,1.0,-1.0,-1.0,-1.0,-1.0
532,5,-1.0,-1.0,-1.0,0.383,0.0,-1.0,-1.0,-1.0
533,5,-1.0,-1.0,-1.0,-0.234,1.0,-1.0,-1.0,-1.0
534,8,-1.0,-1.0,-1.0,-1.0,-0.183,-1.0,-1.0,0.0
535,8,-1.0,-1.0,-1.0,-1.0,-1.0,-1.0,-1.0,1.0
536,6,-1.0,-1.0,-1.0,-1.0,-1.0,0.0,-1.0,0.1
537,6,-1.0,-1.0,-1.0,-1.0,-1.0,1.0,-1.0,-0.8
538,3,-1.0,-1.0,0.0,-1.0,-1.0,-0.183,-1.0,-1.0
539,3,-1.0,-1.0,1.0,-1.0,-1.0,-1.0,-1.0,-1.0
540,8,-1.0,-1.0,-0.183,-1.0,-1.0,-1.0,-1.0,0.0
541,8,-1.0,-1.0,-1.0,-1.0,-1.0,-1.0,-1.0,1.0
542,6,-1.0,-1.0,-1.0,-1.0,-1.0,0.0,-1.0,0.1
543,6,-1.0,-1.0,-1.0,-1.0,-1.0,1.0,-1.0,-0.8
544,4,-1.0,-1.0,-1.0,0.0,-1.0,0.1,-1.0,-1.0
545,4,-1.0,-1.0,-1.0,1.0,-1.0,-0.8,-1.0,-1.0
546,3,-1.0,-1.0,0.0,0.383,-1.0,-1.0,-1.0,-1.0
547,3,-1.0,-1.0,1.0,-0.234,-1.0,-1.0,-1.0,-1.0
548,6,-1.0,-1.0,-0.183,-1.0,-1.0,0.0,-1.0,-1.0
549,6,-1.0,-1.0,-1.0,-1.0,-1.0,1.0,-1.0,-1.0
550,4,-1.0,-1.0,-1.0,0.0,-1.0,0.1,-1.0,-1.0
551,4,-1.0,-1.0,-1.0,1.0,-1.0,-0.8,-1.0,-1.0
552,3,-1.0,-1.0,0.0,0.383,-1.0,-1.0,-1.0,-1.0
553,3,-1.0,-1.0,1.0,-0.234,-1.0,-1.0,-1.0,-1.0
554,2,-1.0,0.0,0.383,-1.0,-1.0,-1.0,-1.0,-1.0
555,2,-1.0,1.0,-0.234,-1.0,-1.0,-1.0,-1.0,-1.0
556,5,-1.0,-0.183,-1.0,-1.0,0.0,-1.0,-1.0,-1.0
557,5,-1.0,-1.0,-1.0,-1.0,1.0,-1.0,-1.0,-1.0
558,3,-1.0,-1.0,0.0,-1.0,0.1,-1.0,-1.0,-1.0
559,3,-1.0,-1.0,1.0,-1.0,-0.8,-1.0,-1.0,-1.0
560,8,-1.0,-1.0,-0.183,-1.0,-1.0,-1.0,-1.0,0.0
561,8,-1.0,-1.0,-1.0,-1.0,-1.0,-1.0,-1.0,1.0
562,3,-1.0,-1.0,0.0,-1.0,-1.0,-1.0,-1.0,-0.183
563,3,-1.0,-1.0,1.0,-1.0,-1.0,-1.0,-1.0,-1.0
564,2,-1.0,0.0,0.383,-1.0,-1.0,-1.0,-1.0,-1.0
565,2,-1.0,1.0,-0.234,-1.0,-1.0,-1.0,-1.0,-1.0
566,8,-1.0,0.1,-1.0,-1.0,-1.0,-1.0,-1.0,0.0
567,8,-1.0,-0.8,-1.0,-1.0,-1.0,-1.0,-1.0,1.0
568,1,0.0,-1.0,-1.0,-1.0,-1.0,-1.0,-1.0,0.383
569,1,1.0,-1.0,-1.0,-1.0,-1.0,-1.0,-1.0,-0.234
570,2,0.383,0.0,-1.0,-1.0,-1.0,-1.0,-1.0,-1.0
571,2,-0.234,1.0,-1.0,-1.0,-1.0,-1.0,-1.0,-1.0
572,6,-1.0,-0.3,-1.0,-1.0,-1.0,0.0,-1.0,-1.0
573,6,-1.0,-1.0,-1.0,-1.0,-1.0,1.0,-1.0,-1.0
574,8,-1.0,-1.0,-1.0,-1.0,-1.0,0.1,-1.0,0.0
575,8,-1.0,-1.0,-1.0,-1.0,-1.0,-0.8,-1.0,1.0
576,4,-1.0,-1.0,-1.0,0.0,-1.0,-1.0,-1.0,-0.3
577,4,-1.0,-1.0,-1.0,1.0,-1.0,-1.0,-1.0,-1.0
578,2,-1.0,0.0,-1.0,0.1,-1.0,-1.0,-1.0,-1.0
579,2,-1.0,1.0,-1.0,-0.8,-1.0,-1.0,-1.0,-1.0
580,7,-1.0,-0.183,-1.0,-1.0,-1.0,-1.0,0.0,-1.0
581,7,-1.0,-1.0,-1.0,-1.0,-1.0,-1.0,1.0,-1.0
582,8,-1.0,-1.0,-1.0,-1.0,-1.0,-1.0,0.383,0.0
583,8,-1.0,-1.0,-1.0,-1.0,-1.0,-1.0,-0.234,1.0
584,1,0.0,-1.0,-1.0,-1.0,-1.0,-1.0,-1.0,0.383
585,1,1.0,-1.0,-1.0,-1.0,-1.0,-1.0,-1.0,-0.234
586,5,-0.3,-1.0,-1.0,-1.0,0.0,-1.0,-1.0,-1.0
587,5,-1.0,-1.0,-1.0,-1.0,1.0,-1.0,-1.0,-1.0
588,1,0.0,-1.0,-1.0,-1.0,-0.3,-1.0,-1.0,-1.0
589,1,1.0,-1.0,-1.0,-1.0,-1.0,-1.0,-1.0,-1.0
590,3,0.1,-1.0,0.0,-1.0,-1.0,-1.0,-1.0,-1.0
591,3,-0.8,-1.0,1.0,-1.0,-1.0,-1.0,-1.0,-1.0
592,4,-1.0,-1.0,0.383,0.0,-1.0,-1.0,-1.0,-1.0
593,4,-1.0,-1.0,-0.234,1.0,-1.0,-1.0,-1.0,-1.0
594,7,-1.0,-1.0,-1.0,-0.183,-1.0,-1.0,0.0,-1.0
595,7,-1.0,-1.0,-1.0,-1.0,-1.0,-1.0,1.0,-1.0
596,5,-1.0,-1.0,-1.0,-1.0,0.0,-1.0,0.1,-1.0
597,5,-1.0,-1.0,-1.0,-1.0,1.0,-1.0,-0.8,-1.0
598,8,-1.0,-1.0,-1.0,-1.0,-0.183,-1.0,-1.0,0.0
599,8,-1.0,-1.0,-1.0,-1.0,-1.0,-1.0,-1.0,1.0
600,7,-1.0,-1.0,-1.0,-1.0,-1.0,-1.0,0.0,0.383
601,7,-1.0,-1.0,-1.0,-1.0,-1.0,-1.0,1.0,-0.234
602,2,-1.0,0.0,-1.0,-1.0,-1.0,-1.0,-0.183,-1.0
603,2,-1.0,1.0,-1.0,-1.0,-1.0,-1.0,-1.0,-1.0
604,5,-1.0,-0.183,-1.0,-1.0,0.0,-1.0,-1.0,-1.0
605,5,-1.0,-1.0,-1.0,-1.0,1.0,-1.0,-1.0,-1.0
606,1,0.0,-1.0,-1.0,-1.0,-0.3,-1.0,-1.0,-1.0
607,1,1.0,-1.0,-1.0,-1.0,-1.0,-1.0,-1.0,-1.0
608,4,-0.183,-1.0,-1.0,0.0,-1.0,-1.0,-1.0,-1.0
609,4,-1.0,-1.0,-1.0,1.0,-1.0,-1.0,-1.0,-1.0
610,6,-1.0,-1.0,-1.0,0.1,-1.0,0.0,-1.0,-1.0
611,6,-1.0,-1.0,-1.0,-0.8,-1.0,1.0,-1.0,-1.0
612,3,-1.0,-1.0,0.0,-1.0,-1.0,-0.183,-1.0,-1.0
613,3,-1.0,-1.0,1.0,-1.0,-1.0,-1.0,-1.0,-1.0
614,5,-1.0,-1.0,0.1,-1.0,0.0,-1.0,-1.0,-1.0
615,5,-1.0,-1.0,-0.8,-1.0,1.0,-1.0,-1.0,-1.0
616,7,-1.0,-1.0,-1.0,-1.0,0.1,-1.0,0.0,-1.0
617,7,-1.0,-1.0,-1.0,-1.0,-0.8,-1.0,1.0,-1.0
618,3,-1.0,-1.0,0.0,-1.0,-1.0,-1.0,-0.3,-1.0
619,3,-1.0,-1.0,1.0,-1.0,-1.0,-1.0,-1.0,-1.0
620,8,-1.0,-1.0,-0.183,-1.0,-1.0,-1.0,-1.0,0.0
621,8,-1.0,-1.0,-1.0,-1.0,-1.0,-1.0,-1.0,1.0
622,4,-1.0,-1.0,-1.0,0.0,-1.0,-1.0,-1.0,-0.3
623,4,-1.0,-1.0,-1.0,1.0,-1.0,-1.0,-1.0,-1.0
624,1,0.0,-1.0,-1.0,-0.183,-1.0,-1.0,-1.0,-1.0
625,1,1.0,-1.0,-1.0,-1.0,-1.0,-1.0,-1.0,-1.0
626,8,0.383,-1.0,-1.0,-1.0,-1.0,-1.0,-1.0,0.0
627,8,-0.234,-1.0,-1.0,-1.0,-1.0,-1.0,-1.0,1.0
628,5,-1.0,-1.0,-1.0,-1.0,0.0,-1.0,-1.0,-0.183
629,5,-1.0,-1.0,-1.0,-1.0,1.0,-1.0,-1.0,-1.0
630,7,-1.0,-1.0,-1.0,-1.0,0.1,-1.0,0.0,-1.0
631,7,-1.0,-1.0,-1.0,-1.0,-0.8,-1.0,1.0,-1.0
632,6,-1.0,-1.0,-1.0,-1.0,-1.0,0.0,0.383,-1.0
633,6,-1.0,-1.0,-1.0,-1.0,-1.0,1.0,-0.234,-1.0
634,2,-1.0,0.0,-1.0,-1.0,-1.0,-0.3,-1.0,-1.0
635,2,-1.0,1.0,-1.0,-1.0,-1.0,-1.0,-1.0,-1.0
636,1,0.0,0.383,-1.0,-1.0,-1.0,-1.0,-1.0,-1.0
637,1,1.0,-0.234,-1.0,-1.0,-1.0,-1.0,-1.0,-1.0
638,5,-0.3,-1.0,-1.0,-1.0,0.0,-1.0,-1.0,-1.0
639,5,-1.0,-1.0,-1.0,-1.0,1.0,-1.0,-1.0,-1.0
640,6,-1.0,-1.0,-1.0,-1.0,0.383,0.0,-1.0,-1.0
641,6,-1.0,-1.0,-1.0,-1.0,-0.234,1.0,-1.0,-1.0
642,2,-1.0,0.0,-1.0,-1.0,-1.0,-0.3,-1.0,-1.0
643,2,-1.0,1.0,-1.0,-1.0,-1.0,-1.0,-1.0,-1.0
644,5,-1.0,-0.183,-1.0,-1.0,0.0,-1.0,-1.0,-1.0
645,5,-1.0,-1.0,-1.0,-1.0,1.0,-1.0,-1.0,-1.0
646,2,-1.0,0.0,-1.0,-1.0,-0.183,-1.0,-1.0,-1.0
647,2,-1.0,1.0,-1.0,-1.0,-1.0,-1.0,-1.0,-1.0
648,6,-1.0,-0.3,-1.0,-1.0,-1.0,0.0,-1.0,-1.0
649,6,-1.0,-1.0,-1.0,-1.0,-1.0,1.0,-1.0,-1.0
650,5,-1.0,-1.0,-1.0,-1.0,0.0,0.383,-1.0,-1.0
651,5,-1.0,-1.0,-1.0,-1.0,1.0,-0.234,-1.0,-1.0
652,8,-1.0,-1.0,-1.0,-1.0,-0.183,-1.0,-1.0,0.0
653,8,-1.0,-1.0,-1.0,-1.0,-1.0,-1.0,-1.0,1.0
654,6,-1.0,-1.0,-1.0,-1.0,-1.0,0.0,-1.0,0.1
655,6,-1.0,-1.0,-1.0,-1.0,-1.0,1.0,-1.0,-0.8
656,2,-1.0,0.0,-1.0,-1.0,-1.0,-0.3,-1.0,-1.0
657,2,-1.0,1.0,-1.0,-1.0,-1.0,-1.0,-1.0,-1.0
658,5,-1.0,-0.183,-1.0,-1.0,0.0,-1.0,-1.0,-1.0
659,5,-1.0,-1.0,-1.0,-1.0,1.0,-1.0,-1.0,-1.0
660,2,-1.0,0.0,-1.0,-1.0,-0.183,-1.0,-1.0,-1.0
661,2,-1.0,1.0,-1.0,-1.0,-1.0,-1.0,-1.0,-1.0
662,6,-1.0,-0.3,-1.0,-1.0,-1.0,0.0,-1.0,-1.0
663,6,-1.0,-1.0,-1.0,-1.0,-1.0,1.0,-1.0,-1.0
664,5,-1.0,-1.0,-1.0,-1.0,0.0,0.383,-1.0,-1.0
665,5,-1.0,-1.0,-1.0,-1.0,1.0,-0.234,-1.0,-1.0
666,3,-1.0,-1.0,0.0,-1.0,0.1,-1.0,-1.0,-1.0
667,3,-1.0,-1.0,1.0,-1.0,-0.8,-1.0,-1.0,-1.0
668,8,-1.0,-1.0,-0.183,-1.0,-1.0,-1.0,-1.0,0.0
669,8,-1.0,-1.0,-1.0,-1.0,-1.0,-1.0,-1.0,1.0
670,3,-1.0,-1.0,0.0,-1.0,-1.0,-1.0,-1.0,-0.183
671,3,-1.0,-1.0,1.0,-1.0,-1.0,-1.0,-1.0,-1.0
672,1,0.0,-1.0,0.1,-1.0,-1.0,-1.0,-1.0,-1.0
673,1,1.0,-1.0,-0.8,-1.0,-1.0,-1.0,-1.0,-1.0
674,7,0.1,-1.0,-1.0,-1.0,-1.0,-1.0,0.0,-1.0
675,7,-0.8,-1.0,-1.0,-1.0,-1.0,-1.0,1.0,-1.0
676,4,-1.0,-1.0,-1.0,0.0,-1.0,-1.0,-0.183,-1.0
677,4,-1.0,-1.0,-1.0,1.0,-1.0,-1.0,-1.0,-1.0
678,2,-1.0,0.0,-1.0,0.1,-1.0,-1.0,-1.0,-1.0
679,2,-1.0,1.0,-1.0,-0.8,-1.0,-1.0,-1.0,-1.0
680,8,-1.0,0.1,-1.0,-1.0,-1.0,-1.0,-1.0,0.0
681,8,-1.0,-0.8,-1.0,-1.0,-1.0,-1.0,-1.0,1.0
682,7,-1.0,-1.0,-1.0,-1.0,-1.0,-1.0,0.0,0.383
683,7,-1.0,-1.0,-1.0,-1.0,-1.0,-1.0,1.0,-0.234
684,4,-1.0,-1.0,-1.0,0.0,-1.0,-1.0,-0.183,-1.0
685,4,-1.0,-1.0,-1.0,1.0,-1.0,-1.0,-1.0,-1.0
686,2,-1.0,0.0,-1.0,0.1,-1.0,-1.0,-1.0,-1.0
687,2,-1.0,1.0,-1.0,-0.8,-1.0,-1.0,-1.0,-1.0
688,6,-1.0,-0.3,-1.0,-1.0,-1.0,0.0,-1.0,-1.0
689,6,-1.0,-1.0,-1.0,-1.0,-1.0,1.0,-1.0,-1.0
690,3,-1.0,-1.0,0.0,-1.0,-1.0,-0.183,-1.0,-1.0
691,3,-1.0,-1.0,1.0,-1.0,-1.0,-1.0,-1.0,-1.0
692,8,-1.0,-1.0,-0.183,-1.0,-1.0,-1.0,-1.0,0.0
693,8,-1.0,-1.0,-1.0,-1.0,-1.0,-1.0,-1.0,1.0
694,1,0.0,-1.0,-1.0,-1.0,-1.0,-1.0,-1.0,0.383
695,1,1.0,-1.0,-1.0,-1.0,-1.0,-1.0,-1.0,-0.234
696,3,0.1,-1.0,0.0,-1.0,-1.0,-1.0,-1.0,-1.0
697,3,-0.8,-1.0,1.0,-1.0,-1.0,-1.0,-1.0,-1.0
698,4,-1.0,-1.0,0.383,0.0,-1.0,-1.0,-1.0,-1.0
699,4,-1.0,-1.0,-0.234,1.0,-1.0,-1.0,-1.0,-1.0
700,2,-1.0,0.0,-0.851,0.1,-1.0,-1.0,-1.0,-1.0
701,2,-1.0,1.0,-1.0,-0.8,-1.0,-1.0,-1.0,-1.0
702,6,-1.0,-0.3,-1.0,-1.0,-1.0,0.0,-1.0,-1.0
703,6,-1.0,-1.0,-1.0,-1.0,-1.0,1.0,-1.0,-1.0
704,3,-1.0,-1.0,0.0,-1.0,-1.0,-0.183,-1.0,-1.0
705,3,-1.0,-1.0,1.0,-1.0,-1.0,-1.0,-1.0,-1.0
706,2,-1.0,0.0,0.383,-1.0,-1.0,-1.0,-1.0,-1.0
707,2,-1.0,1.0,-0.234,-1.0,-1.0,-1.0,-1.0,-1.0
708,4,-1.0,0.1,-0.851,0.0,-1.0,-1.0,-1.0,-1.0
709,4,-1.0,-0.8,-1.0,1.0,-1.0,-1.0,-1.0,-1.0
710,8,-1.0,-1.0,-1.0,-0.3,-1.0,-1.0,-1.0,0.0
711,8,-1.0,-1.0,-1.0,-1.0,-1.0,-1.0,-1.0,1.0
712,1,0.0,-1.0,-1.0,-1.0,-1.0,-1.0,-1.0,0.383
713,1,1.0,-1.0,-1.0,-1.0,-1.0,-1.0,-1.0,-0.234
714,7,0.1,-1.0,-1.0,-1.0,-1.0,-1.0,0.0,-0.851
715,7,-0.8,-1.0,-1.0,-1.0,-1.0,-1.0,1.0,-1.0
716,8,-1.0,-1.0,-1.0,-1.0,-1.0,-1.0,0.383,0.0
717,8,-1.0,-1.0,-1.0,-1.0,-1.0,-1.0,-0.234,1.0
718,1,0.0,-1.0,-1.0,-1.0,-1.0,-1.0,-1.0,0.383
719,1,1.0,-1.0,-1.0,-1.0,-1.0,-1.0,-1.0,-0.234
720,4,-0.183,-1.0,-1.0,0.0,-1.0,-1.0,-1.0,-1.0
721,4,-1.0,-1.0,-1.0,1.0,-1.0,-1.0,-1.0,-1.0
722,7,-1.0,-1.0,-1.0,-0.183,-1.0,-1.0,0.0,-1.0
723,7,-1.0,-1.0,-1.0,-1.0,-1.0,-1.0,1.0,-1.0
724,3,-1.0,-1.0,0.0,-1.0,-1.0,-1.0,-0.3,-1.0
725,3,-1.0,-1.0,1.0,-1.0,-1.0,-1.0,-1.0,-1.0
726,7,-1.0,-1.0,-0.3,-1.0,-1.0,-1.0,0.0,-1.0
727,7,-1.0,-1.0,-1.0,-1.0,-1.0,-1.0,1.0,-1.0
728,5,-1.0,-1.0,-1.0,-1.0,0.0,-1.0,0.1,-1.0
729,5,-1.0,-1.0,-1.0,-1.0,1.0,-1.0,-0.8,-1.0
730,1,0.0,-1.0,-1.0,-1.0,-0.3,-1.0,-1.0,-1.0
731,1,1.0,-1.0,-1.0,-1.0,-1.0,-1.0,-1.0,-1.0
732,7,0.1,-1.0,-1.0,-1.0,-1.0,-1.0,0.0,-1.0
733,7,-0.8,-1.0,-1.0,-1.0,-1.0,-1.0,1.0,-1.0
734,6,-1.0,-1.0,-1.0,-1.0,-1.0,0.0,0.383,-1.0
735,6,-1.0,-1.0,-1.0,-1.0,-1.0,1.0,-0.234,-1.0
736,4,-1.0,-1.0,-1.0,0.0,-1.0,0.1,-1.0,-1.0
737,4,-1.0,-1.0,-1.0,1.0,-1.0,-0.8,-1.0,-1.0
738,7,-1.0,-1.0,-1.0,-0.183,-1.0,-1.0,0.0,-1.0
739,7,-1.0,-1.0,-1.0,-1.0,-1.0,-1.0,1.0,-1.0
740,2,-1.0,0.0,-1.0,-1.0,-1.0,-1.0,-0.183,-1.0
741,2,-1.0,1.0,-1.0,-1.0,-1.0,-1.0,-1.0,-1.0
742,7,-1.0,-0.183,-1.0,-1.0,-1.0,-1.0,0.0,-1.0
743,7,-1.0,-1.0,-1.0,-1.0,-1.0,-1.0,1.0,-1.0
744,5,-1.0,-1.0,-1.0,-1.0,0.0,-1.0,0.1,-1.0
745,5,-1.0,-1.0,-1.0,-1.0,1.0,-1.0,-0.8,-1.0
746,3,-1.0,-1.0,0.0,-1.0,0.1,-1.0,-1.0,-1.0
747,3,-1.0,-1.0,1.0,-1.0,-0.8,-1.0,-1.0,-1.0
748,6,-1.0,-1.0,-0.183,-1.0,-1.0,0.0,-1.0,-1.0
749,6,-1.0,-1.0,-1.0,-1.0,-1.0,1.0,-1.0,-1.0
750,8,-1.0,-1.0,-1.0,-1.0,-1.0,0.1,-1.0,0.0
751,8,-1.0,-1.0,-1.0,-1.0,-1.0,-0.8,-1.0,1.0
752,7,-1.0,-1.0,-1.0,-1.0,-1.0,-1.0,0.0,0.383
753,7,-1.0,-1.0,-1.0,-1.0,-1.0,-1.0,1.0,-0.234
754,2,-1.0,0.0,-1.0,-1.0,-1.0,-1.0,-0.183,-1.0
755,2,-1.0,1.0,-1.0,-1.0,-1.0,-1.0,-1.0,-1.0
756,8,-1.0,0.1,-1.0,-1.0,-1.0,-1.0,-1.0,0.0
757,8,-1.0,-0.8,-1.0,-1.0,-1.0,-1.0,-1.0,1.0
758,6,-1.0,-1.0,-1.0,-1.0,-1.0,0.0,-1.0,0.1
759,6,-1.0,-1.0,-1.0,-1.0,-1.0,1.0,-1.0,-0.8
760,4,-1.0,-1.0,-1.0,0.0,-1.0,0.1,-1.0,-1.0
761,4,-1.0,-1.0,-1.0,1.0,-1.0,-0.8,-1.0,-1.0
762,8,-1.0,-1.0,-1.0,-0.3,-1.0,-1.0,-1.0,0.0
763,8,-1.0,-1.0,-1.0,-1.0,-1.0,-1.0,-1.0,1.0
764,4,-1.0,-1.0,-1.0,0.0,-1.0,-1.0,-1.0,-0.3
765,4,-1.0,-1.0,-1.0,1.0,-1.0,-1.0,-1.0,-1.0
766,2,-1.0,0.0,-1.0,0.1,-1.0,-1.0,-1.0,-1.0
767,2,-1.0,1.0,-1.0,-0.8,-1.0,-1.0,-1.0,-1.0
768,7,-1.0,-0.183,-1.0,-1.0,-1.0,-1.0,0.0,-1.0
769,7,-1.0,-1.0,-1.0,-1.0,-1.0,-1.0,1.0,-1.0
770,4,-1.0,-1.0,-1.0,0.0,-1.0,-1.0,-0.183,-1.0
771,4,-1.0,-1.0,-1.0,1.0,-1.0,-1.0,-1.0,-1.0
772,5,-1.0,-1.0,-1.0,0.383,0.0,-1.0,-1.0,-1.0
773,5,-1.0,-1.0,-1.0,-0.234,1.0,-1.0,-1.0,-1.0
774,1,0.0,-1.0,-1.0,-1.0,-0.3,-1.0,-1.0,-1.0
775,1,1.0,-1.0,-1.0,-1.0,-1.0,-1.0,-1.0,-1.0
776,5,-0.3,-1.0,-1.0,-1.0,0.0,-1.0,-1.0,-1.0
777,5,-1.0,-1.0,-1.0,-1.0,1.0,-1.0,-1.0,-1.0
778,1,0.0,-1.0,-1.0,-1.0,-0.3,-1.0,-1.0,-1.0
779,1,1.0,-1.0,-1.0,-1.0,-1.0,-1.0,-1.0,-1.0
780,6,-0.183,-1.0,-1.0,-1.0,-1.0,0.0,-1.0,-1.0
781,6,-1.0,-1.0,-1.0,-1.0,-1.0,1.0,-1.0,-1.0
782,8,-1.0,-1.0,-1.0,-1.0,-1.0,0.1,-1.0,0.0
783,8,-1.0,-1.0,-1.0,-1.0,-1.0,-0.8,-1.0,1.0
784,7,-1.0,-1.0,-1.0,-1.0,-1.0,-1.0,0.0,0.383
785,7,-1.0,-1.0,-1.0,-1.0,-1.0,-1.0,1.0,-0.234
786,6,-1.0,-1.0,-1.0,-1.0,-1.0,0.0,0.383,-1.0
787,6,-1.0,-1.0,-1.0,-1.0,-1.0,1.0,-0.234,-1.0
788,5,-1.0,-1.0,-1.0,-1.0,0.0,0.383,-1.0,-1.0
789,5,-1.0,-1.0,-1.0,-1.0,1.0,-0.234,-1.0,-1.0
790,7,-1.0,-1.0,-1.0,-1.0,0.1,-0.851,0.0,-1.0
791,7,-1.0,-1.0,-1.0,-1.0,-0.8,-1.0,1.0,-1.0
792,3,-1.0,-1.0,0.0,-1.0,-1.0,-1.0,-0.3,-1.0
793,3,-1.0,-1.0,1.0,-1.0,-1.0,-1.0,-1.0,-1.0
794,8,-1.0,-1.0,-0.183,-1.0,-1.0,-1.0,-1.0,0.0
795,8,-1.0,-1.0,-1.0,-1.0,-1.0,-1.0,-1.0,1.0
796,5,-1.0,-1.0,-1.0,-1.0,0.0,-1.0,-1.0,-0.183
797,5,-1.0,-1.0,-1.0,-1.0,1.0,-1.0,-1.0,-1.0
798,4,-1.0,-1.0,-1.0,0.0,0.383,-1.0,-1.0,-1.0
799,4,-1.0,-1.0,-1.0,1.0,-0.234,-1.0,-1.0,-1.0
800,8,-1.0,-1.0,-1.0,-0.3,-1.0,-1.0,-1.0,0.0
801,8,-1.0,-1.0,-1.0,-1.0,-1.0,-1.0,-1.0,1.0
802,2,-1.0,0.0,-1.0,-1.0,-1.0,-1.0,-1.0,0.1
803,2,-1.0,1.0,-1.0,-1.0,-1.0,-1.0,-1.0,-0.8
804,7,-1.0,-0.183,-1.0,-1.0,-1.0,-1.0,0.0,-1.0
805,7,-1.0,-1.0,-1.0,-1.0,-1.0,-1.0,1.0,-1.0
806,1,0.0,-1.0,-1.0,-1.0,-1.0,-1.0,0.1,-1.0
807,1,1.0,-1.0,-1.0,-1.0,-1.0,-1.0,-0.8,-1.0
808,8,0.383,-1.0,-1.0,-1.0,-1.0,-1.0,-1.0,0.0
809,8,-0.234,-1.0,-1.0,-1.0,-1.0,-1.0,-1.0,1.0
810,4,-1.0,-1.0,-1.0,0.0,-1.0,-1.0,-1.0,-0.3
811,4,-1.0,-1.0,-1.0,1.0,-1.0,-1.0,-1.0,-1.0
812,8,-1.0,-1.0,-1.0,-0.3,-1.0,-1.0,-1.0,0.0
813,8,-1.0,-1.0,-1.0,-1.0,-1.0,-1.0,-1.0,1.0
814,5,-1.0,-1.0,-1.0,-1.0,0.0,-1.0,-1.0,-0.183
815,5,-1.0,-1.0,-1.0,-1.0,1.0,-1.0,-1.0,-1.0
816,8,-1.0,-1.0,-1.0,-1.0,-0.183,-1.0,-1.0,0.0
817,8,-1.0,-1.0,-1.0,-1.0,-1.0,-1.0,-1.0,1.0
818,5,-1.0,-1.0,-1.0,-1.0,0.0,-1.0,-1.0,-0.183
819,5,-1.0,-1.0,-1.0,-1.0,1.0,-1.0,-1.0,-1.0
820,7,-1.0,-1.0,-1.0,-1.0,0.1,-1.0,0.0,-1.0
821,7,-1.0,-1.0,-1.0,-1.0,-0.8,-1.0,1.0,-1.0
822,2,-1.0,0.0,-1.0,-1.0,-1.0,-1.0,-0.183,-1.0
823,2,-1.0,1.0,-1.0,-1.0,-1.0,-1.0,-1.0,-1.0
824,3,-1.0,0.383,0.0,-1.0,-1.0,-1.0,-1.0,-1.0
825,3,-1.0,-0.234,1.0,-1.0,-1.0,-1.0,-1.0,-1.0
826,5,-1.0,-1.0,0.1,-1.0,0.0,-1.0,-1.0,-1.0
827,5,-1.0,-1.0,-0.8,-1.0,1.0,-1.0,-1.0,-1.0
828,1,0.0,-1.0,-1.0,-1.0,-0.3,-1.0,-1.0,-1.0
829,1,1.0,-1.0,-1.0,-1.0,-1.0,-1.0,-1.0,-1.0
830,7,0.1,-1.0,-1.0,-1.0,-1.0,-1.0,0.0,-1.0
831,7,-0.8,-1.0,-1.0,-1.0,-1.0,-1.0,1.0,-1.0
832,6,-1.0,-1.0,-1.0,-1.0,-1.0,0.0,0.383,-1.0
833,6,-1.0,-1.0,-1.0,-1.0,-1.0,1.0,-0.234,-1.0
834,8,-1.0,-1.0,-1.0,-1.0,-1.0,0.1,-0.851,0.0
835,8,-1.0,-1.0,-1.0,-1.0,-1.0,-0.8,-1.0,1.0
836,3,-1.0,-1.0,0.0,-1.0,-1.0,-1.0,-1.0,-0.183
837,3,-1.0,-1.0,1.0,-1.0,-1.0,-1.0,-1.0,-1.0
838,5,-1.0,-1.0,0.1,-1.0,0.0,-1.0,-1.0,-1.0
839,5,-1.0,-1.0,-0.8,-1.0,1.0,-1.0,-1.0,-1.0
840,6,-1.0,-1.0,-1.0,-1.0,0.383,0.0,-1.0,-1.0
841,6,-1.0,-1.0,-1.0,-1.0,-0.234,1.0,-1.0,-1.0
842,3,-1.0,-1.0,0.0,-1.0,-1.0,-0.183,-1.0,-1.0
843,3,-1.0,-1.0,1.0,-1.0,-1.0,-1.0,-1.0,-1.0
844,6,-1.0,-1.0,-0.183,-1.0,-1.0,0.0,-1.0,-1.0
845,6,-1.0,-1.0,-1.0,-1.0,-1.0,1.0,-1.0,-1.0
846,8,-1.0,-1.0,-1.0,-1.0,-1.0,0.1,-1.0,0.0
847,8,-1.0,-1.0,-1.0,-1.0,-1.0,-0.8,-1.0,1.0
848,3,-1.0,-1.0,0.0,-1.0,-1.0,-1.0,-1.0,-0.183
849,3,-1.0,-1.0,1.0,-1.0,-1.0,-1.0,-1.0,-1.0
850,6,-1.0,-1.0,-0.183,-1.0,-1.0,0.0,-1.0,-1.0
851,6,-1.0,-1.0,-1.0,-1.0,-1.0,1.0,-1.0,-1.0
852,2,-1.0,0.0,-1.0,-1.0,-1.0,-0.3,-1.0,-1.0
853,2,-1.0,1.0,-1.0,-1.0,-1.0,-1.0,-1.0,-1.0
854,4,-1.0,0.1,-1.0,0.0,-1.0,-1.0,-1.0,-1.0
855,4,-1.0,-0.8,-1.0,1.0,-1.0,-1.0,-1.0,-1.0
856,7,-1.0,-1.0,-1.0,-0.183,-1.0,-1.0,0.0,-1.0
857,7,-1.0,-1.0,-1.0,-1.0,-1.0,-1.0,1.0,-1.0
858,3,-1.0,-1.0,0.0,-1.0,-1.0,-1.0,-0.3,-1.0
859,3,-1.0,-1.0,1.0,-1.0,-1.0,-1.0,-1.0,-1.0
860,4,-1.0,-1.0,0.383,0.0,-1.0,-1.0,-1.0,-1.0
861,4,-1.0,-1.0,-0.234,1.0,-1.0,-1.0,-1.0,-1.0
862,7,-1.0,-1.0,-1.0,-0.183,-1.0,-1.0,0.0,-1.0
863,7,-1.0,-1.0,-1.0,-1.0,-1.0,-1.0,1.0,-1.0
864,5,-1.0,-1.0,-1.0,-1.0,0.0,-1.0,0.1,-1.0
865,5,-1.0,-1.0,-1.0,-1.0,1.0,-1.0,-0.8,-1.0
866,1,0.0,-1.0,-1.0,-1.0,-0.3,-1.0,-1.0,-1.0
867,1,1.0,-1.0,-1.0,-1.0,-1.0,-1.0,-1.0,-1.0
868,4,-0.183,-1.0,-1.0,0.0,-1.0,-1.0,-1.0,-1.0
869,4,-1.0,-1.0,-1.0,1.0,-1.0,-1.0,-1.0,-1.0
870,5,-1.0,-1.0,-1.0,0.383,0.0,-1.0,-1.0,-1.0
871,5,-1.0,-1.0,-1.0,-0.234,1.0,-1.0,-1.0,-1.0
872,3,-1.0,-1.0,0.0,-0.851,0.1,-1.0,-1.0,-1.0
873,3,-1.0,-1.0,1.0,-1.0,-0.8,-1.0,-1.0,-1.0
874,4,-1.0,-1.0,0.383,0.0,-1.0,-1.0,-1.0,-1.0
875,4,-1.0,-1.0,-0.234,1.0,-1.0,-1.0,-1.0,-1.0
876,7,-1.0,-1.0,-1.0,-0.183,-1.0,-1.0,0.0,-1.0
877,7,-1.0,-1.0,-1.0,-1.0,-1.0,-1.0,1.0,-1.0
878,3,-1.0,-1.0,0.0,-1.0,-1.0,-1.0,-0.3,-1.0
879,3,-1.0,-1.0,1.0,-1.0,-1.0,-1.0,-1.0,-1.0
880,7,-1.0,-1.0,-0.3,-1.0,-1.0,-1.0,0.0,-1.0
881,7,-1.0,-1.0,-1.0,-1.0,-1.0,-1.0,1.0,-1.0
882,3,-1.0,-1.0,0.0,-1.0,-1.0,-1.0,-0.3,-1.0
883,3,-1.0,-1.0,1.0,-1.0,-1.0,-1.0,-1.0,-1.0
884,7,-1.0,-1.0,-0.3,-1.0,-1.0,-1.0,0.0,-1.0
885,7,-1.0,-1.0,-1.0,-1.0,-1.0,-1.0,1.0,-1.0
886,8,-1.0,-1.0,-1.0,-1.0,-1.0,-1.0,0.383,0.0
887,8,-1.0,-1.0,-1.0,-1.0,-1.0,-1.0,-0.234,1.0
888,4,-1.0,-1.0,-1.0,0.0,-1.0,-1.0,-1.0,-0.3
889,4,-1.0,-1.0,-1.0,1.0,-1.0,-1.0,-1.0,-1.0
890,6,-1.0,-1.0,-1.0,0.1,-1.0,0.0,-1.0,-1.0
891,6,-1.0,-1.0,-1.0,-0.8,-1.0,1.0,-1.0,-1.0
892,3,-1.0,-1.0,0.0,-1.0,-1.0,-0.183,-1.0,-1.0
893,3,-1.0,-1.0,1.0,-1.0,-1.0,-1.0,-1.0,-1.0
894,7,-1.0,-1.0,-0.3,-1.0,-1.0,-1.0,0.0,-1.0
895,7,-1.0,-1.0,-1.0,-1.0,-1.0,-1.0,1.0,-1.0
896,6,-1.0,-1.0,-1.0,-1.0,-1.0,0.0,0.383,-1.0
897,6,-1.0,-1.0,-1.0,-1.0,-1.0,1.0,-0.234,-1.0
898,8,-1.0,-1.0,-1.0,-1.0,-1.0,0.1,-0.851,0.0
899,8,-1.0,-1.0,-1.0,-1.0,-1.0,-0.8,-1.0,1.0
900,2,-1.0,0.0,-1.0,-1.0,-1.0,-1.0,-1.0,0.1
901,2,-1.0,1.0,-1.0,-1.0,-1.0,-1.0,-1.0,-0.8
902,1,0.0,0.383,-1.0,-1.0,-1.0,-1.0,-1.0,-1.0
903,1,1.0,-0.234,-1.0,-1.0,-1.0,-1.0,-1.0,-1.0
904,6,-0.183,-1.0,-1.0,-1.0,-1.0,0.0,-1.0,-1.0
905,6,-1.0,-1.0,-1.0,-1.0,-1.0,1.0,-1.0,-1.0
906,8,-1.0,-1.0,-1.0,-1.0,-1.0,0.1,-1.0,0.0
907,8,-1.0,-1.0,-1.0,-1.0,-1.0,-0.8,-1.0,1.0
908,3,-1.0,-1.0,0.0,-1.0,-1.0,-1.0,-1.0,-0.183
909,3,-1.0,-1.0,1.0,-1.0,-1.0,-1.0,-1.0,-1.0
910,2,-1.0,0.0,0.383,-1.0,-1.0,-1.0,-1.0,-1.0
911,2,-1.0,1.0,-0.234,-1.0,-1.0,-1.0,-1.0,-1.0
912,5,-1.0,-0.183,-1.0,-1.0,0.0,-1.0,-1.0,-1.0
913,5,-1.0,-1.0,-1.0,-1.0,1.0,-1.0,-1.0,-1.0
914,3,-1.0,-1.0,0.0,-1.0,0.1,-1.0,-1.0,-1.0
915,3,-1.0,-1.0,1.0,-1.0,-0.8,-1.0,-1.0,-1.0
916,7,-1.0,-1.0,-0.3,-1.0,-1.0,-1.0,0.0,-1.0
917,7,-1.0,-1.0,-1.0,-1.0,-1.0,-1.0,1.0,-1.0
918,5,-1.0,-1.0,-1.0,-1.0,0.0,-1.0,0.1,-1.0
919,5,-1.0,-1.0,-1.0,-1.0,1.0,-1.0,-0.8,-1.0
920,6,-1.0,-1.0,-1.0,-1.0,0.383,0.0,-1.0,-1.0
921,6,-1.0,-1.0,-1.0,-1.0,-0.234,1.0,-1.0,-1.0
922,2,-1.0,0.0,-1.0,-1.0,-1.0,-0.3,-1.0,-1.0
923,2,-1.0,1.0,-1.0,-1.0,-1.0,-1.0,-1.0,-1.0
924,4,-1.0,0.1,-1.0,0.0,-1.0,-1.0,-1.0,-1.0
925,4,-1.0,-0.8,-1.0,1.0,-1.0,-1.0,-1.0,-1.0
926,1,0.0,-1.0,-1.0,-0.183,-1.0,-1.0,-1.0,-1.0
927,1,1.0,-1.0,-1.0,-1.0,-1.0,-1.0,-1.0,-1.0
928,5,-0.3,-1.0,-1.0,-1.0,0.0,-1.0,-1.0,-1.0
929,5,-1.0,-1.0,-1.0,-1.0,1.0,-1.0,-1.0,-1.0
930,6,-1.0,-1.0,-1.0,-1.0,0.383,0.0,-1.0,-1.0
931,6,-1.0,-1.0,-1.0,-1.0,-0.234,1.0,-1.0,-1.0
932,7,-1.0,-1.0,-1.0,-1.0,-1.0,0.383,0.0,-1.0
933,7,-1.0,-1.0,-1.0,-1.0,-1.0,-0.234,1.0,-1.0
934,3,-1.0,-1.0,0.0,-1.0,-1.0,-1.0,-0.3,-1.0
935,3,-1.0,-1.0,1.0,-1.0,-1.0,-1.0,-1.0,-1.0
936,4,-1.0,-1.0,0.383,0.0,-1.0,-1.0,-1.0,-1.0
937,4,-1.0,-1.0,-0.234,1.0,-1.0,-1.0,-1.0,-1.0
938,2,-1.0,0.0,-0.851,0.1,-1.0,-1.0,-1.0,-1.0
939,2,-1.0,1.0,-1.0,-0.8,-1.0,-1.0,-1.0,-1.0
940,3,-1.0,0.383,0.0,-1.0,-1.0,-1.0,-1.0,-1.0
941,3,-1.0,-0.234,1.0,-1.0,-1.0,-1.0,-1.0,-1.0
942,7,-1.0,-1.0,-0.3,-1.0,-1.0,-1.0,0.0,-1.0
943,7,-1.0,-1.0,-1.0,-1.0,-1.0,-1.0,1.0,-1.0
944,3,-1.0,-1.0,0.0,-1.0,-1.0,-1.0,-0.3,-1.0
945,3,-1.0,-1.0,1.0,-1.0,-1.0,-1.0,-1.0,-1.0
946,1,0.0,-1.0,0.1,-1.0,-1.0,-1.0,-1.0,-1.0
947,1,1.0,-1.0,-0.8,-1.0,-1.0,-1.0,-1.0,-1.0
948,6,-0.183,-1.0,-1.0,-1.0,-1.0,0.0,-1.0,-1.0
949,6,-1.0,-1.0,-1.0,-1.0,-1.0,1.0,-1.0,-1.0
950,3,-1.0,-1.0,0.0,-1.0,-1.0,-0.183,-1.0,-1.0
951,3,-1.0,-1.0,1.0,-1.0,-1.0,-1.0,-1.0,-1.0
952,8,-1.0,-1.0,-0.183,-1.0,-1.0,-1.0,-1.0,0.0
953,8,-1.0,-1.0,-1.0,-1.0,-1.0,-1.0,-1.0,1.0
954,3,-1.0,-1.0,0.0,-1.0,-1.0,-1.0,-1.0,-0.183
955,3,-1.0,-1.0,1.0,-1.0,-1.0,-1.0,-1.0,-1.0
956,7,-1.0,-1.0,-0.3,-1.0,-1.0,-1.0,0.0,-1.0
957,7,-1.0,-1.0,-1.0,-1.0,-1.0,-1.0,1.0,-1.0
958,2,-1.0,0.0,-1.0,-1.0,-1.0,-1.0,-0.183,-1.0
959,2,-1.0,1.0,-1.0,-1.0,-1.0,-1.0,-1.0,-1.0
960,8,-1.0,0.1,-1.0,-1.0,-1.0,-1.0,-1.0,0.0
961,8,-1.0,-0.8,-1.0,-1.0,-1.0,-1.0,-1.0,1.0
962,5,-1.0,-1.0,-1.0,-1.0,0.0,-1.0,-1.0,-0.183
963,5,-1.0,-1.0,-1.0,-1.0,1.0,-1.0,-1.0,-1.0
964,6,-1.0,-1.0,-1.0,-1.0,0.383,0.0,-1.0,-1.0
965,6,-1.0,-1.0,-1.0,-1.0,-0.234,1.0,-1.0,-1.0
966,3,-1.0,-1.0,0.0,-1.0,-1.0,-0.183,-1.0,-1.0
967,3,-1.0,-1.0,1.0,-1.0,-1.0,-1.0,-1.0,-1.0
968,6,-1.0,-1.0,-0.183,-1.0,-1.0,0.0,-1.0,-1.0
969,6,-1.0,-1.0,-1.0,-1.0,-1.0,1.0,-1.0,-1.0
970,3,-1.0,-1.0,0.0,-1.0,-1.0,-0.183,-1.0,-1.0
971,3,-1.0,-1.0,1.0,-1.0,-1.0,-1.0,-1.0,-1.0
972,6,-1.0,-1.0,-0.183,-1.0,-1.0,0.0,-1.0,-1.0
973,6,-1.0,-1.0,-1.0,-1.0,-1.0,1.0,-1.0,-1.0
974,4,-1.0,-1.0,-1.0,0.0,-1.0,0.1,-1.0,-1.0
975,4,-1.0,-1.0,-1.0,1.0,-1.0,-0.8,-1.0,-1.0
976,2,-1.0,0.0,-1.0,0.1,-1.0,-1.0,-1.0,-1.0
977,2,-1.0,1.0,-1.0,-0.8,-1.0,-1.0,-1.0,-1.0
978,6,-1.0,-0.3,-1.0,-1.0,-1.0,0.0,-1.0,-1.0
979,6,-1.0,-1.0,-1.0,-1.0,-1.0,1.0,-1.0,-1.0
980,7,-1.0,-1.0,-1.0,-1.0,-1.0,0.383,0.0,-1.0
981,7,-1.0,-1.0,-1.0,-1.0,-1.0,-0.234,1.0,-1.0
982,1,0.0,-1.0,-1.0,-1.0,-1.0,-1.0,0.1,-1.0
983,1,1.0,-1.0,-1.0,-1.0,-1.0,-1.0,-0.8,-1.0
984,3,0.1,-1.0,0.0,-1.0,-1.0,-1.0,-1.0,-1.0
985,3,-0.8,-1.0,1.0,-1.0,-1.0,-1.0,-1.0,-1.0
986,6,-1.0,-1.0,-0.183,-1.0,-1.0,0.0,-1.0,-1.0
987,6,-1.0,-1.0,-1.0,-1.0,-1.0,1.0,-1.0,-1.0
988,7,-1.0,-1.0,-1.0,-1.0,-1.0,0.383,0.0,-1.0
989,7,-1.0,-1.0,-1.0,-1.0,-1.0,-0.234,1.0,-1.0
990,1,0.0,-1.0,-1.0,-1.0,-1.0,-1.0,0.1,-1.0
991,1,1.0,-1.0,-1.0,-1.0,-1.0,-1.0,-0.8,-1.0
992,8,0.383,-1.0,-1.0,-1.0,-1.0,-1.0,-1.0,0.0
993,8,-0.234,-1.0,-1.0,-1.0,-1.0,-1.0,-1.0,1.0
994,4,-1.0,-1.0,-1.0,0.0,-1.0,-1.0,-1.0,-0.3
995,4,-1.0,-1.0,-1.0,1.0,-1.0,-1.0,-1.0,-1.0
996,3,-1.0,-1.0,0.0,0.383,-1.0,-1.0,-1.0,-1.0
997,3,-1.0,-1.0,1.0,-0.234,-1.0,-1.0,-1.0,-1.0
998,7,-1.0,-1.0,-0.3,-1.0,-1.0,-1.0,0.0,-1.0
999,7,-1.0,-1.0,-1.0,-1.0,-1.0,-1.0,1.0,-1.0
