step,active_motive,motive_1,motive_2,motive_3,motive_4,motive_5,motive_6,motive_7,motive_8
0,,0.85114,0.31692,0.16949,0.5568,0.93615,0.69603,0.57006,0.09718
1,,0.70114,0.16692,0.01949,0.4068,0.78615,0.54603,0.42006,-0.05282
2,8,0.99214,0.31692,0.02849,0.3568,0.79515,0.69603,0.71106,0.94718
3,8,1.0,0.46692,0.03749,0.3068,0.80415,0.84603,1.0,1.0
4,,0.85,0.31692,-0.11251,0.1568,0.65415,0.69603,0.85,0.85
5,3,1.0,0.60792,0.88749,0.4478,0.80415,0.70503,0.8,0.859
6,3,1.0,0.89892,1.0,0.7388,0.95415,0.71403,0.75,0.868
7,,0.85,0.74892,0.85,0.5888,0.80415,0.56403,0.6,0.718
8,,0.7,0.59892,0.7,0.4388,0.65415,0.41403,0.45,0.568
9,,0.55,0.44892,0.55,0.2888,0.50415,0.26403,0.3,0.418
10,,0.4,0.29892,0.4,0.1388,0.35415,0.11403,0.15,0.268
11,,0.25,0.14892,0.25,-0.0112,0.20415,-0.03597,0.0,0.118
12,6,0.259,0.09892,0.259,0.1388,0.49515,0.96403,0.291,0.268
13,6,0.268,0.04892,0.268,0.2888,0.78615,1.0,0.582,0.418
14,,0.118,-0.10108,0.118,0.1388,0.63615,0.85,0.432,0.268
15,2,0.409,0.89892,0.409,0.2888,0.64515,0.8,0.441,0.418
16,2,0.7,1.0,0.7,0.4388,0.65415,0.75,0.45,0.568
17,,0.55,0.85,0.55,0.2888,0.50415,0.6,0.3,0.418
18,,0.4,0.7,0.4,0.1388,0.35415,0.45,0.15,0.268
19,,0.25,0.55,0.25,-0.0112,0.20415,0.3,0.0,0.118
20,4,0.259,0.7,0.541,0.9888,0.49515,0.45,0.009,0.068
21,4,0.268,0.85,0.832,1.0,0.78615,0.6,0.018,0.018
22,,0.118,0.7,0.682,0.85,0.63615,0.45,-0.132,-0.132
23,8,0.409,0.85,0.691,0.8,0.64515,0.6,0.159,0.868
24,8,0.7,1.0,0.7,0.75,0.65415,0.75,0.45,1.0
25,,0.55,0.85,0.55,0.6,0.50415,0.6,0.3,0.85
26,,0.4,0.7,0.4,0.45,0.35415,0.45,0.15,0.7
27,,0.25,0.55,0.25,0.3,0.20415,0.3,0.0,0.55
28,,0.1,0.4,0.1,0.15,0.05415,0.15,-0.15,0.4
29,7,0.25,0.409,0.05,0.159,0.20415,0.441,0.85,0.691
30,7,0.4,0.418,0.0,0.168,0.35415,0.732,1.0,0.982
31,,0.25,0.268,-0.15,0.018,0.20415,0.582,0.85,0.832
32,3,0.4,0.559,0.85,0.309,0.35415,0.591,0.8,0.841
33,3,0.55,0.85,1.0,0.6,0.50415,0.6,0.75,0.85
34,,0.4,0.7,0.85,0.45,0.35415,0.45,0.6,0.7
35,,0.25,0.55,0.7,0.3,0.20415,0.3,0.45,0.55
36,,0.1,0.4,0.55,0.15,0.05415,0.15,0.3,0.4
37,,-0.05,0.25,0.4,0.0,-0.09585,0.0,0.15,0.25
38,5,-0.1,0.259,0.55,0.291,0.90415,0.291,0.3,0.259
39,5,-0.15,0.268,0.7,0.582,1.0,0.582,0.45,0.268
40,1,0.85,0.559,0.85,0.591,0.95,0.591,0.6,0.559
41,1,1.0,0.85,1.0,0.6,0.9,0.6,0.75,0.85
42,,0.85,0.7,0.85,0.45,0.75,0.45,0.6,0.7
43,,0.7,0.55,0.7,0.3,0.6,0.3,0.45,0.55
44,,0.55,0.4,0.55,0.15,0.45,0.15,0.3,0.4
45,,0.4,0.25,0.4,0.0,0.3,0.0,0.15,0.25
46,,0.25,0.1,0.25,-0.15,0.15,-0.15,0.0,0.1
47,4,0.259,0.25,0.541,0.85,0.441,0.0,0.009,0.05
48,4,0.268,0.4,0.832,1.0,0.732,0.15,0.018,0.0
49,,0.118,0.25,0.682,0.85,0.582,0.0,-0.132,-0.15
50,8,0.409,0.4,0.691,0.8,0.591,0.15,0.159,0.85
51,8,0.7,0.55,0.7,0.75,0.6,0.3,0.45,1.0
52,,0.55,0.4,0.55,0.6,0.45,0.15,0.3,0.85
53,,0.4,0.25,0.4,0.45,0.3,0.0,0.15,0.7
54,,0.25,0.1,0.25,0.3,0.15,-0.15,0.0,0.55
55,6,0.259,0.05,0.259,0.45,0.441,0.85,0.291,0.7
56,6,0.268,0.0,0.268,0.6,0.732,1.0,0.582,0.85
57,,0.118,-0.15,0.118,0.45,0.582,0.85,0.432,0.7
58,2,0.409,0.85,0.409,0.6,0.591,0.8,0.441,0.85
59,2,0.7,1.0,0.7,0.75,0.6,0.75,0.45,1.0
60,,0.55,0.85,0.55,0.6,0.45,0.6,0.3,0.85
61,,0.4,0.7,0.4,0.45,0.3,0.45,0.15,0.7
62,,0.25,0.55,0.25,0.3,0.15,0.3,0.0,0.55
63,,0.1,0.4,0.1,0.15,0.0,0.15,-0.15,0.4
64,7,0.25,0.409,0.05,0.159,0.15,0.441,0.85,0.691
65,7,0.4,0.418,0.0,0.168,0.3,0.732,1.0,0.982
66,,0.25,0.268,-0.15,0.018,0.15,0.582,0.85,0.832
67,3,0.4,0.559,0.85,0.309,0.3,0.591,0.8,0.841
68,3,0.55,0.85,1.0,0.6,0.45,0.6,0.75,0.85
69,,0.4,0.7,0.85,0.45,0.3,0.45,0.6,0.7
70,,0.25,0.55,0.7,0.3,0.15,0.3,0.45,0.55
71,,0.1,0.4,0.55,0.15,0.0,0.15,0.3,0.4
72,,-0.05,0.25,0.4,0.0,-0.15,0.0,0.15,0.25
73,5,-0.1,0.259,0.55,0.291,0.85,0.291,0.3,0.259
74,5,-0.15,0.268,0.7,0.582,1.0,0.582,0.45,0.268
75,1,0.85,0.559,0.85,0.591,0.95,0.591,0.6,0.559
76,1,1.0,0.85,1.0,0.6,0.9,0.6,0.75,0.85
77,,0.85,0.7,0.85,0.45,0.75,0.45,0.6,0.7
78,,0.7,0.55,0.7,0.3,0.6,0.3,0.45,0.55
79,,0.55,0.4,0.55,0.15,0.45,0.15,0.3,0.4
80,,0.4,0.25,0.4,0.0,0.3,0.0,0.15,0.25
81,,0.25,0.1,0.25,-0.15,0.15,-0.15,0.0,0.1
82,6,0.259,0.05,0.259,0.0,0.441,0.85,0.291,0.25
83,6,0.268,0.0,0.268,0.15,0.732,1.0,0.582,0.4
84,,0.118,-0.15,0.118,0.0,0.582,0.85,0.432,0.25
85,2,0.409,0.85,0.409,0.15,0.591,0.8,0.441,0.4
86,2,0.7,1.0,0.7,0.3,0.6,0.75,0.45,0.55
87,,0.55,0.85,0.55,0.15,0.45,0.6,0.3,0.4
88,,0.4,0.7,0.4,0.0,0.3,0.45,0.15,0.25
89,,0.25,0.55,0.25,-0.15,0.15,0.3,0.0,0.1
90,4,0.259,0.7,0.541,0.85,0.441,0.45,0.009,0.05
91,4,0.268,0.85,0.832,1.0,0.732,0.6,0.018,0.0
92,,0.118,0.7,0.682,0.85,0.582,0.45,-0.132,-0.15
93,8,0.409,0.85,0.691,0.8,0.591,0.6,0.159,0.85
94,8,0.7,1.0,0.7,0.75,0.6,0.75,0.45,1.0
95,,0.55,0.85,0.55,0.6,0.45,0.6,0.3,0.85
96,,0.4,0.7,0.4,0.45,0.3,0.45,0.15,0.7
97,,0.25,0.55,0.25,0.3,0.15,0.3,0.0,0.55
98,,0.1,0.4,0.1,0.15,0.0,0.15,-0.15,0.4
99,7,0.25,0.409,0.05,0.159,0.15,0.441,0.85,0.691
100,7,0.4,0.418,0.0,0.168,0.3,0.732,1.0,0.982
101,,0.25,0.268,-0.15,0.018,0.15,0.582,0.85,0.832
102,3,0.4,0.559,0.85,0.309,0.3,0.591,0.8,0.841
103,3,0.55,0.85,1.0,0.6,0.45,0.6,0.75,0.85
104,,0.4,0.7,0.85,0.45,0.3,0.45,0.6,0.7
105,,0.25,0.55,0.7,0.3,0.15,0.3,0.45,0.55
106,,0.1,0.4,0.55,0.15,0.0,0.15,0.3,0.4
107,,-0.05,0.25,0.4,0.0,-0.15,0.0,0.15,0.25
108,5,-0.1,0.259,0.55,0.291,0.85,0.291,0.3,0.259
109,5,-0.15,0.268,0.7,0.582,1.0,0.582,0.45,0.268
110,1,0.85,0.559,0.85,0.591,0.95,0.591,0.6,0.559
111,1,1.0,0.85,1.0,0.6,0.9,0.6,0.75,0.85
112,,0.85,0.7,0.85,0.45,0.75,0.45,0.6,0.7
113,,0.7,0.55,0.7,0.3,0.6,0.3,0.45,0.55
114,,0.55,0.4,0.55,0.15,0.45,0.15,0.3,0.4
115,,0.4,0.25,0.4,0.0,0.3,0.0,0.15,0.25
116,,0.25,0.1,0.25,-0.15,0.15,-0.15,0.0,0.1
117,4,0.259,0.25,0.541,0.85,0.441,0.0,0.009,0.05
118,4,0.268,0.4,0.832,1.0,0.732,0.15,0.018,0.0
119,,0.118,0.25,0.682,0.85,0.582,0.0,-0.132,-0.15
120,8,0.409,0.4,0.691,0.8,0.591,0.15,0.159,0.85
121,8,0.7,0.55,0.7,0.75,0.6,0.3,0.45,1.0
122,,0.55,0.4,0.55,0.6,0.45,0.15,0.3,0.85
123,,0.4,0.25,0.4,0.45,0.3,0.0,0.15,0.7
124,,0.25,0.1,0.25,0.3,0.15,-0.15,0.0,0.55
125,6,0.259,0.05,0.259,0.45,0.441,0.85,0.291,0.7
126,6,0.268,0.0,0.268,0.6,0.732,1.0,0.582,0.85
127,,0.118,-0.15,0.118,0.45,0.582,0.85,0.432,0.7
128,2,0.409,0.85,0.409,0.6,0.591,0.8,0.441,0.85
129,2,0.7,1.0,0.7,0.75,0.6,0.75,0.45,1.0
130,,0.55,0.85,0.55,0.6,0.45,0.6,0.3,0.85
131,,0.4,0.7,0.4,0.45,0.3,0.45,0.15,0.7
132,,0.25,0.55,0.25,0.3,0.15,0.3,0.0,0.55
133,,0.1,0.4,0.1,0.15,0.0,0.15,-0.15,0.4
134,7,0.25,0.409,0.05,0.159,0.15,0.441,0.85,0.691
135,7,0.4,0.418,0.0,0.168,0.3,0.732,1.0,0.982
136,,0.25,0.268,-0.15,0.018,0.15,0.582,0.85,0.832
137,3,0.4,0.559,0.85,0.309,0.3,0.591,0.8,0.841
138,3,0.55,0.85,1.0,0.6,0.45,0.6,0.75,0.85
139,,0.4,0.7,0.85,0.45,0.3,0.45,0.6,0.7
140,,0.25,0.55,0.7,0.3,0.15,0.3,0.45,0.55
141,,0.1,0.4,0.55,0.15,0.0,0.15,0.3,0.4
142,,-0.05,0.25,0.4,0.0,-0.15,0.0,0.15,0.25
143,5,-0.1,0.259,0.55,0.291,0.85,0.291,0.3,0.259
144,5,-0.15,0.268,0.7,0.582,1.0,0.582,0.45,0.268
145,1,0.85,0.559,0.85,0.591,0.95,0.591,0.6,0.559
146,1,1.0,0.85,1.0,0.6,0.9,0.6,0.75,0.85
147,,0.85,0.7,0.85,0.45,0.75,0.45,0.6,0.7
148,,0.7,0.55,0.7,0.3,0.6,0.3,0.45,0.55
149,,0.55,0.4,0.55,0.15,0.45,0.15,0.3,0.4
150,,0.4,0.25,0.4,0.0,0.3,0.0,0.15,0.25
151,,0.25,0.1,0.25,-0.15,0.15,-0.15,0.0,0.1
152,6,0.259,0.05,0.259,0.0,0.441,0.85,0.291,0.25
153,6,0.268,0.0,0.268,0.15,0.732,1.0,0.582,0.4
154,,0.118,-0.15,0.118,0.0,0.582,0.85,0.432,0.25
155,2,0.409,0.85,0.409,0.15,0.591,0.8,0.441,0.4
156,2,0.7,1.0,0.7,0.3,0.6,0.75,0.45,0.55
157,,0.55,0.85,0.55,0.15,0.45,0.6,0.3,0.4
158,,0.4,0.7,0.4,0.0,0.3,0.45,0.15,0.25
159,,0.25,0.55,0.25,-0.15,0.15,0.3,0.0,0.1
160,4,0.259,0.7,0.541,0.85,0.441,0.45,0.009,0.05
161,4,0.268,0.85,0.832,1.0,0.732,0.6,0.018,0.0
162,,0.118,0.7,0.682,0.85,0.582,0.45,-0.132,-0.15
163,8,0.409,0.85,0.691,0.8,0.591,0.6,0.159,0.85
164,8,0.7,1.0,0.7,0.75,0.6,0.75,0.45,1.0
165,,0.55,0.85,0.55,0.6,0.45,0.6,0.3,0.85
166,,0.4,0.7,0.4,0.45,0.3,0.45,0.15,0.7
167,,0.25,0.55,0.25,0.3,0.15,0.3,0.0,0.55
168,,0.1,0.4,0.1,0.15,0.0,0.15,-0.15,0.4
169,7,0.25,0.409,0.05,0.159,0.15,0.441,0.85,0.691
170,7,0.4,0.418,0.0,0.168,0.3,0.732,1.0,0.982
171,,0.25,0.268,-0.15,0.018,0.15,0.582,0.85,0.832
172,3,0.4,0.559,0.85,0.309,0.3,0.591,0.8,0.841
173,3,0.55,0.85,1.0,0.6,0.45,0.6,0.75,0.85
174,,0.4,0.7,0.85,0.45,0.3,0.45,0.6,0.7
175,,0.25,0.55,0.7,0.3,0.15,0.3,0.45,0.55
176,,0.1,0.4,0.55,0.15,0.0,0.15,0.3,0.4
177,,-0.05,0.25,0.4,0.0,-0.15,0.0,0.15,0.25
178,5,-0.1,0.259,0.55,0.291,0.85,0.291,0.3,0.259
179,5,-0.15,0.268,0.7,0.582,1.0,0.582,0.45,0.268
180,1,0.85,0.559,0.85,0.591,0.95,0.591,0.6,0.559
181,1,1.0,0.85,1.0,0.6,0.9,0.6,0.75,0.85
182,,0.85,0.7,0.85,0.45,0.75,0.45,0.6,0.7
183,,0.7,0.55,0.7,0.3,0.6,0.3,0.45,0.55
184,,0.55,0.4,0.55,0.15,0.45,0.15,0.3,0.4
185,,0.4,0.25,0.4,0.0,0.3,0.0,0.15,0.25
186,,0.25,0.1,0.25,-0.15,0.15,-0.15,0.0,0.1
187,4,0.259,0.25,0.541,0.85,0.441,0.0,0.009,0.05
188,4,0.268,0.4,0.832,1.0,0.732,0.15,0.018,0.0
189,,0.118,0.25,0.682,0.85,0.582,0.0,-0.132,-0.15
190,8,0.409,0.4,0.691,0.8,0.591,0.15,0.159,0.85
191,8,0.7,0.55,0.7,0.75,0.6,0.3,0.45,1.0
192,,0.55,0.4,0.55,0.6,0.45,0.15,0.3,0.85
193,,0.4,0.25,0.4,0.45,0.3,0.0,0.15,0.7
194,,0.25,0.1,0.25,0.3,0.15,-0.15,0.0,0.55
195,6,0.259,0.05,0.259,0.45,0.441,0.85,0.291,0.7
196,6,0.268,0.0,0.268,0.6,0.732,1.0,0.582,0.85
197,,0.118,-0.15,0.118,0.45,0.582,0.85,0.432,0.7
198,2,0.409,0.85,0.409,0.6,0.591,0.8,0.441,0.85
199,2,0.7,1.0,0.7,0.75,0.6,0.75,0.45,1.0
