step,active_motive,motive_1,motive_2,motive_3,motive_4,motive_5,motive_6,motive_7,motive_8
0,,0.38962,0.29764,0.09998,0.05349,0.95854,0.84714,0.35491,0.9568
1,,0.23962,0.14764,-0.05002,-0.09651,0.80854,0.69714,0.20491,0.8068
2,4,0.34862,0.39764,0.34098,0.90349,1.0,0.94714,0.31391,0.8568
3,4,0.45762,0.64764,0.73198,1.0,1.0,1.0,0.42291,0.9068
4,,0.30762,0.49764,0.58198,0.85,0.85,0.85,0.27291,0.7568
5,,0.15762,0.34764,0.43198,0.7,0.7,0.7,0.12291,0.6068
6,,0.00762,0.19764,0.28198,0.55,0.55,0.55,-0.02709,0.4568
7,7,0.25762,0.30664,0.33198,0.659,0.8,0.941,0.97291,0.8478
8,7,0.50762,0.41564,0.38198,0.768,1.0,1.0,1.0,1.0
9,,0.35762,0.26564,0.23198,0.618,0.85,0.85,0.85,0.85
10,,0.20762,0.11564,0.08198,0.468,0.7,0.7,0.7,0.7
11,,0.05762,-0.03436,-0.06802,0.318,0.55,0.55,0.55,0.55
12,3,0.30762,0.35664,0.93198,0.709,0.8,0.659,0.6,0.659
13,3,0.55762,0.74764,1.0,1.0,1.0,0.768,0.65,0.768
14,,0.40762,0.59764,0.85,0.85,0.85,0.618,0.5,0.618
15,,0.25762,0.44764,0.7,0.7,0.7,0.468,0.35,0.468
16,,0.10762,0.29764,0.55,0.55,0.55,0.318,0.2,0.318
17,,-0.04238,0.14764,0.4,0.4,0.4,0.168,0.05,0.168
18,1,0.95762,0.53864,0.65,0.509,0.45,0.277,0.3,0.559
19,1,1.0,0.92964,0.9,0.618,0.5,0.386,0.55,0.95
20,,0.85,0.77964,0.75,0.468,0.35,0.236,0.4,0.8
21,,0.7,0.62964,0.6,0.318,0.2,0.086,0.25,0.65
22,,0.55,0.47964,0.45,0.168,0.05,-0.064,0.1,0.5
23,6,0.659,0.52964,0.559,0.418,0.441,0.936,0.491,0.75
24,6,0.768,0.57964,0.668,0.668,0.832,1.0,0.882,1.0
25,,0.618,0.42964,0.518,0.518,0.682,0.85,0.732,0.85
26,,0.468,0.27964,0.368,0.368,0.532,0.7,0.582,0.7
27,,0.318,0.12964,0.218,0.218,0.382,0.55,0.432,0.55
28,,0.168,-0.02036,0.068,0.068,0.232,0.4,0.282,0.4
29,2,0.559,0.97964,0.459,0.318,0.341,0.45,0.391,0.65
30,2,0.95,1.0,0.85,0.568,0.45,0.5,0.5,0.9
31,,0.8,0.85,0.7,0.418,0.3,0.35,0.35,0.75
32,,0.65,0.7,0.55,0.268,0.15,0.2,0.2,0.6
33,,0.5,0.55,0.4,0.118,0.0,0.05,0.05,0.45
34,,0.35,0.4,0.25,-0.032,-0.15,-0.1,-0.1,0.3
35,5,0.4,0.509,0.5,0.359,0.85,0.291,0.15,0.409
36,5,0.45,0.618,0.75,0.75,1.0,0.682,0.4,0.518
37,,0.3,0.468,0.6,0.6,0.85,0.532,0.25,0.368
38,,0.15,0.318,0.45,0.45,0.7,0.382,0.1,0.218
39,,0.0,0.168,0.3,0.3,0.55,0.232,-0.05,0.068
40,7,0.25,0.277,0.35,0.409,0.8,0.623,0.95,0.459
41,7,0.5,0.386,0.4,0.518,1.0,1.0,1.0,0.85
42,,0.35,0.236,0.25,0.368,0.85,0.85,0.85,0.7
43,,0.2,0.086,0.1,0.218,0.7,0.7,0.7,0.55
44,,0.05,-0.064,-0.05,0.068,0.55,0.55,0.55,0.4
45,2,0.441,0.936,0.341,0.318,0.659,0.6,0.659,0.65
46,2,0.832,1.0,0.732,0.568,0.768,0.65,0.768,0.9
47,,0.682,0.85,0.582,0.418,0.618,0.5,0.618,0.75
48,,0.532,0.7,0.432,0.268,0.468,0.35,0.468,0.6
49,,0.382,0.55,0.282,0.118,0.318,0.2,0.318,0.45
50,,0.232,0.4,0.132,-0.032,0.168,0.05,0.168,0.3
51,4,0.341,0.65,0.523,0.968,0.559,0.3,0.277,0.35
52,4,0.45,0.9,0.914,1.0,0.95,0.55,0.386,0.4
53,,0.3,0.75,0.764,0.85,0.8,0.4,0.236,0.25
54,,0.15,0.6,0.614,0.7,0.65,0.25,0.086,0.1
55,,0.0,0.45,0.464,0.55,0.5,0.1,-0.064,-0.05
56,7,0.25,0.559,0.514,0.659,0.75,0.491,0.936,0.341
57,7,0.5,0.668,0.564,0.768,1.0,0.882,1.0,0.732
58,,0.35,0.518,0.414,0.618,0.85,0.732,0.85,0.582
59,,0.2,0.368,0.264,0.468,0.7,0.582,0.7,0.432
60,,0.05,0.218,0.114,0.318,0.55,0.432,0.55,0.282
61,,-0.1,0.068,-0.036,0.168,0.4,0.282,0.4,0.132
62,1,0.9,0.459,0.214,0.277,0.45,0.391,0.65,0.523
63,1,1.0,0.85,0.464,0.386,0.5,0.5,0.9,0.914
64,,0.85,0.7,0.314,0.236,0.35,0.35,0.75,0.764
65,,0.7,0.55,0.164,0.086,0.2,0.2,0.6,0.614
66,,0.55,0.4,0.014,-0.064,0.05,0.05,0.45,0.464
67,4,0.659,0.65,0.405,0.936,0.441,0.3,0.559,0.514
68,4,0.768,0.9,0.796,1.0,0.832,0.55,0.668,0.564
69,,0.618,0.75,0.646,0.85,0.682,0.4,0.518,0.414
70,,0.468,0.6,0.496,0.7,0.532,0.25,0.368,0.264
71,,0.318,0.45,0.346,0.55,0.382,0.1,0.218,0.114
72,,0.168,0.3,0.196,0.4,0.232,-0.05,0.068,-0.036
73,6,0.277,0.35,0.305,0.65,0.623,0.95,0.459,0.214
74,6,0.386,0.4,0.414,0.9,1.0,1.0,0.85,0.464
75,,0.236,0.25,0.264,0.75,0.85,0.85,0.7,0.314
76,,0.086,0.1,0.114,0.6,0.7,0.7,0.55,0.164
77,,-0.064,-0.05,-0.036,0.45,0.55,0.55,0.4,0.014
78,1,0.936,0.341,0.214,0.559,0.6,0.659,0.65,0.405
79,1,1.0,0.732,0.464,0.668,0.65,0.768,0.9,0.796
80,,0.85,0.582,0.314,0.518,0.5,0.618,0.75,0.646
81,,0.7,0.432,0.164,0.368,0.35,0.468,0.6,0.496
82,,0.55,0.282,0.014,0.218,0.2,0.318,0.45,0.346
83,,0.4,0.132,-0.136,0.068,0.05,0.168,0.3,0.196
84,3,0.65,0.523,0.864,0.459,0.3,0.277,0.35,0.305
85,3,0.9,0.914,1.0,0.85,0.55,0.386,0.4,0.414
86,,0.75,0.764,0.85,0.7,0.4,0.236,0.25,0.264
87,,0.6,0.614,0.7,0.55,0.25,0.086,0.1,0.114
88,,0.45,0.464,0.55,0.4,0.1,-0.064,-0.05,-0.036
89,6,0.559,0.514,0.659,0.65,0.491,0.936,0.341,0.214
90,6,0.668,0.564,0.768,0.9,0.882,1.0,0.732,0.464
91,,0.518,0.414,0.618,0.75,0.732,0.85,0.582,0.314
92,,0.368,0.264,0.468,0.6,0.582,0.7,0.432,0.164
93,,0.218,0.114,0.318,0.45,0.432,0.55,0.282,0.014
94,,0.068,-0.036,0.168,0.3,0.282,0.4,0.132,-0.136
95,8,0.459,0.214,0.277,0.35,0.391,0.65,0.523,0.864
96,8,0.85,0.464,0.386,0.4,0.5,0.9,0.914,1.0
97,,0.7,0.314,0.236,0.25,0.35,0.75,0.764,0.85
98,,0.55,0.164,0.086,0.1,0.2,0.6,0.614,0.7
99,,0.4,0.014,-0.064,-0.05,0.05,0.45,0.464,0.55
100,3,0.65,0.405,0.936,0.341,0.3,0.559,0.514,0.659
101,3,0.9,0.796,1.0,0.732,0.55,0.668,0.564,0.768
102,,0.75,0.646,0.85,0.582,0.4,0.518,0.414,0.618
103,,0.6,0.496,0.7,0.432,0.25,0.368,0.264,0.468
104,,0.45,0.346,0.55,0.282,0.1,0.218,0.114,0.318
105,,0.3,0.196,0.4,0.132,-0.05,0.068,-0.036,0.168
106,5,0.35,0.305,0.65,0.523,0.95,0.459,0.214,0.277
107,5,0.4,0.414,0.9,0.914,1.0,0.85,0.464,0.386
108,,0.25,0.264,0.75,0.764,0.85,0.7,0.314,0.236
109,,0.1,0.114,0.6,0.614,0.7,0.55,0.164,0.086
110,,-0.05,-0.036,0.45,0.464,0.55,0.4,0.014,-0.064
111,8,0.341,0.214,0.559,0.514,0.659,0.65,0.405,0.936
112,8,0.732,0.464,0.668,0.564,0.768,0.9,0.796,1.0
113,,0.582,0.314,0.518,0.414,0.618,0.75,0.646,0.85
114,,0.432,0.164,0.368,0.264,0.468,0.6,0.496,0.7
115,,0.282,0.014,0.218,0.114,0.318,0.45,0.346,0.55
116,,0.132,-0.136,0.068,-0.036,0.168,0.3,0.196,0.4
117,2,0.523,0.864,0.459,0.214,0.277,0.35,0.305,0.65
118,2,0.914,1.0,0.85,0.464,0.386,0.4,0.414,0.9
119,,0.764,0.85,0.7,0.314,0.236,0.25,0.264,0.75
120,,0.614,0.7,0.55,0.164,0.086,0.1,0.114,0.6
121,,0.464,0.55,0.4,0.014,-0.064,-0.05,-0.036,0.45
122,5,0.514,0.659,0.65,0.405,0.936,0.341,0.214,0.559
123,5,0.564,0.768,0.9,0.796,1.0,0.732,0.464,0.668
124,,0.414,0.618,0.75,0.646,0.85,0.582,0.314,0.518
125,,0.264,0.468,0.6,0.496,0.7,0.432,0.164,0.368
126,,0.114,0.318,0.45,0.346,0.55,0.282,0.014,0.218
127,,-0.036,0.168,0.3,0.196,0.4,0.132,-0.136,0.068
128,7,0.214,0.277,0.35,0.305,0.65,0.523,0.864,0.459
129,7,0.464,0.386,0.4,0.414,0.9,0.914,1.0,0.85
130,,0.314,0.236,0.25,0.264,0.75,0.764,0.85,0.7
131,,0.164,0.086,0.1,0.114,0.6,0.614,0.7,0.55
132,,0.014,-0.064,-0.05,-0.036,0.45,0.464,0.55,0.4
133,2,0.405,0.936,0.341,0.214,0.559,0.514,0.659,0.65
134,2,0.796,1.0,0.732,0.464,0.668,0.564,0.768,0.9
135,,0.646,0.85,0.582,0.314,0.518,0.414,0.618,0.75
136,,0.496,0.7,0.432,0.164,0.368,0.264,0.468,0.6
137,,0.346,0.55,0.282,0.014,0.218,0.114,0.318,0.45
138,,0.196,0.4,0.132,-0.136,0.068,-0.036,0.168,0.3
139,4,0.305,0.65,0.523,0.864,0.459,0.214,0.277,0.35
140,4,0.414,0.9,0.914,1.0,0.85,0.464,0.386,0.4
141,,0.264,0.75,0.764,0.85,0.7,0.314,0.236,0.25
142,,0.114,0.6,0.614,0.7,0.55,0.164,0.086,0.1
143,,-0.036,0.45,0.464,0.55,0.4,0.014,-0.064,-0.05
144,7,0.214,0.559,0.514,0.659,0.65,0.405,0.936,0.341
145,7,0.464,0.668,0.564,0.768,0.9,0.796,1.0,0.732
146,,0.314,0.518,0.414,0.618,0.75,0.646,0.85,0.582
147,,0.164,0.368,0.264,0.468,0.6,0.496,0.7,0.432
148,,0.014,0.218,0.114,0.318,0.45,0.346,0.55,0.282
149,,-0.136,0.068,-0.036,0.168,0.3,0.196,0.4,0.132
150,1,0.864,0.459,0.214,0.277,0.35,0.305,0.65,0.523
151,1,1.0,0.85,0.464,0.386,0.4,0.414,0.9,0.914
152,,0.85,0.7,0.314,0.236,0.25,0.264,0.75,0.764
153,,0.7,0.55,0.164,0.086,0.1,0.114,0.6,0.614
154,,0.55,0.4,0.014,-0.064,-0.05,-0.036,0.45,0.464
155,4,0.659,0.65,0.405,0.936,0.341,0.214,0.559,0.514
156,4,0.768,0.9,0.796,1.0,0.732,0.464,0.668,0.564
157,,0.618,0.75,0.646,0.85,0.582,0.314,0.518,0.414
158,,0.468,0.6,0.496,0.7,0.432,0.164,0.368,0.264
159,,0.318,0.45,0.346,0.55,0.282,0.014,0.218,0.114
160,,0.168,0.3,0.196,0.4,0.132,-0.136,0.068,-0.036
161,6,0.277,0.35,0.305,0.65,0.523,0.864,0.459,0.214
162,6,0.386,0.4,0.414,0.9,0.914,1.0,0.85,0.464
163,,0.236,0.25,0.264,0.75,0.764,0.85,0.7,0.314
164,,0.086,0.1,0.114,0.6,0.614,0.7,0.55,0.164
165,,-0.064,-0.05,-0.036,0.45,0.464,0.55,0.4,0.014
166,1,0.936,0.341,0.214,0.559,0.514,0.659,0.65,0.405
167,1,1.0,0.732,0.464,0.668,0.564,0.768,0.9,0.796
168,,0.85,0.582,0.314,0.518,0.414,0.618,0.75,0.646
169,,0.7,0.432,0.164,0.368,0.264,0.468,0.6,0.496
170,,0.55,0.282,0.014,0.218,0.114,0.318,0.45,0.346
171,,0.4,0.132,-0.136,0.068,-0.036,0.168,0.3,0.196
172,3,0.65,0.523,0.864,0.459,0.214,0.277,0.35,0.305
173,3,0.9,0.914,1.0,0.85,0.464,0.386,0.4,0.414
174,,0.75,0.764,0.85,0.7,0.314,0.236,0.25,0.264
175,,0.6,0.614,0.7,0.55,0.164,0.086,0.1,0.114
176,,0.45,0.464,0.55,0.4,0.014,-0.064,-0.05,-0.036
177,6,0.559,0.514,0.659,0.65,0.405,0.936,0.341,0.214
178,6,0.668,0.564,0.768,0.9,0.796,1.0,0.732,0.464
179,,0.518,0.414,0.618,0.75,0.646,0.85,0.582,0.314
180,,0.368,0.264,0.468,0.6,0.496,0.7,0.432,0.164
181,,0.218,0.114,0.318,0.45,0.346,0.55,0.282,0.014
182,,0.068,-0.036,0.168,0.3,0.196,0.4,0.132,-0.136
183,8,0.459,0.214,0.277,0.35,0.305,0.65,0.523,0.864
184,8,0.85,0.464,0.386,0.4,0.414,0.9,0.914,1.0
185,,0.7,0.314,0.236,0.25,0.264,0.75,0.764,0.85
186,,0.55,0.164,0.086,0.1,0.114,0.6,0.614,0.7
187,,0.4,0.014,-0.064,-0.05,-0.036,0.45,0.464,0.55
188,3,0.65,0.405,0.936,0.341,0.214,0.559,0.514,0.659
189,3,0.9,0.796,1.0,0.732,0.464,0.668,0.564,0.768
190,,0.75,0.646,0.85,0.582,0.314,0.518,0.414,0.618
191,,0.6,0.496,0.7,0.432,0.164,0.368,0.264,0.468
192,,0.45,0.346,0.55,0.282,0.014,0.218,0.114,0.318
193,,0.3,0.196,0.4,0.132,-0.136,0.068,-0.036,0.168
194,5,0.35,0.305,0.65,0.523,0.864,0.459,0.214,0.277
195,5,0.4,0.414,0.9,0.914,1.0,0.85,0.464,0.386
196,,0.25,0.264,0.75,0.764,0.85,0.7,0.314,0.236
197,,0.1,0.114,0.6,0.614,0.7,0.55,0.164,0.086
198,,-0.05,-0.036,0.45,0.464,0.55,0.4,0.014,-0.064
199,8,0.341,0.214,0.559,0.514,0.659,0.65,0.405,0.936
200,8,0.732,0.464,0.668,0.564,0.768,0.9,0.796,1.0
201,,0.582,0.314,0.518,0.414,0.618,0.75,0.646,0.85
202,,0.432,0.164,0.368,0.264,0.468,0.6,0.496,0.7
203,,0.282,0.014,0.218,0.114,0.318,0.45,0.346,0.55
204,,0.132,-0.136,0.068,-0.036,0.168,0.3,0.196,0.4
205,2,0.523,0.864,0.459,0.214,0.277,0.35,0.305,0.65
206,2,0.914,1.0,0.85,0.464,0.386,0.4,0.414,0.9
207,,0.764,0.85,0.7,0.314,0.236,0.25,0.264,0.75
208,,0.614,0.7,0.55,0.164,0.086,0.1,0.114,0.6
209,,0.464,0.55,0.4,0.014,-0.064,-0.05,-0.036,0.45
210,5,0.514,0.659,0.65,0.405,0.936,0.341,0.214,0.559
211,5,0.564,0.768,0.9,0.796,1.0,0.732,0.464,0.668
212,,0.414,0.618,0.75,0.646,0.85,0.582,0.314,0.518
213,,0.264,0.468,0.6,0.496,0.7,0.432,0.164,0.368
214,,0.114,0.318,0.45,0.346,0.55,0.282,0.014,0.218
215,,-0.036,0.168,0.3,0.196,0.4,0.132,-0.136,0.068
216,7,0.214,0.277,0.35,0.305,0.65,0.523,0.864,0.459
217,7,0.464,0.386,0.4,0.414,0.9,0.914,1.0,0.85
218,,0.314,0.236,0.25,0.264,0.75,0.764,0.85,0.7
219,,0.164,0.086,0.1,0.114,0.6,0.614,0.7,0.55
220,,0.014,-0.064,-0.05,-0.036,0.45,0.464,0.55,0.4
221,2,0.405,0.936,0.341,0.214,0.559,0.514,0.659,0.65
222,2,0.796,1.0,0.732,0.464,0.668,0.564,0.768,0.9
223,,0.646,0.85,0.582,0.314,0.518,0.414,0.618,0.75
224,,0.496,0.7,0.432,0.164,0.368,0.264,0.468,0.6
225,,0.346,0.55,0.282,0.014,0.218,0.114,0.318,0.45
226,,0.196,0.4,0.132,-0.136,0.068,-0.036,0.168,0.3
227,4,0.305,0.65,0.523,0.864,0.459,0.214,0.277,0.35
228,4,0.414,0.9,0.914,1.0,0.85,0.464,0.386,0.4
229,,0.264,0.75,0.764,0.85,0.7,0.314,0.236,0.25
230,,0.114,0.6,0.614,0.7,0.55,0.164,0.086,0.1
231,,-0.036,0.45,0.464,0.55,0.4,0.014,-0.064,-0.05
232,7,0.214,0.559,0.514,0.659,0.65,0.405,0.936,0.341
233,7,0.464,0.668,0.564,0.768,0.9,0.796,1.0,0.732
234,,0.314,0.518,0.414,0.618,0.75,0.646,0.85,0.582
235,,0.164,0.368,0.264,0.468,0.6,0.496,0.7,0.432
236,,0.014,0.218,0.114,0.318,0.45,0.346,0.55,0.282
237,,-0.136,0.068,-0.036,0.168,0.3,0.196,0.4,0.132
238,1,0.864,0.459,0.214,0.277,0.35,0.305,0.65,0.523
239,1,1.0,0.85,0.464,0.386,0.4,0.414,0.9,0.914
240,,0.85,0.7,0.314,0.236,0.25,0.264,0.75,0.764
241,,0.7,0.55,0.164,0.086,0.1,0.114,0.6,0.614
242,,0.55,0.4,0.014,-0.064,-0.05,-0.036,0.45,0.464
243,4,0.659,0.65,0.405,0.936,0.341,0.214,0.559,0.514
244,4,0.768,0.9,0.796,1.0,0.732,0.464,0.668,0.564
245,,0.618,0.75,0.646,0.85,0.582,0.314,0.518,0.414
246,,0.468,0.6,0.496,0.7,0.432,0.164,0.368,0.264
247,,0.318,0.45,0.346,0.55,0.282,0.014,0.218,0.114
248,,0.168,0.3,0.196,0.4,0.132,-0.136,0.068,-0.036
249,6,0.277,0.35,0.305,0.65,0.523,0.864,0.459,0.214
250,6,0.386,0.4,0.414,0.9,0.914,1.0,0.85,0.464
251,,0.236,0.25,0.264,0.75,0.764,0.85,0.7,0.314
252,,0.086,0.1,0.114,0.6,0.614,0.7,0.55,0.164
253,,-0.064,-0.05,-0.036,0.45,0.464,0.55,0.4,0.014
254,1,0.936,0.341,0.214,0.559,0.514,0.659,0.65,0.405
255,1,1.0,0.732,0.464,0.668,0.564,0.768,0.9,0.796
256,,0.85,0.582,0.314,0.518,0.414,0.618,0.75,0.646
257,,0.7,0.432,0.164,0.368,0.264,0.468,0.6,0.496
258,,0.55,0.282,0.014,0.218,0.114,0.318,0.45,0.346
259,,0.4,0.132,-0.136,0.068,-0.036,0.168,0.3,0.196
260,3,0.65,0.523,0.864,0.459,0.214,0.277,0.35,0.305
261,3,0.9,0.914,1.0,0.85,0.464,0.386,0.4,0.414
262,,0.75,0.764,0.85,0.7,0.314,0.236,0.25,0.264
263,,0.6,0.614,0.7,0.55,0.164,0.086,0.1,0.114
264,,0.45,0.464,0.55,0.4,0.014,-0.064,-0.05,-0.036
265,6,0.559,0.514,0.659,0.65,0.405,0.936,0.341,0.214
266,6,0.668,0.564,0.768,0.9,0.796,1.0,0.732,0.464
267,,0.518,0.414,0.618,0.75,0.646,0.85,0.582,0.314
268,,0.368,0.264,0.468,0.6,0.496,0.7,0.432,0.164
269,,0.218,0.114,0.318,0.45,0.346,0.55,0.282,0.014
270,,0.068,-0.036,0.168,0.3,0.196,0.4,0.132,-0.136
271,8,0.459,0.214,0.277,0.35,0.305,0.65,0.523,0.864
272,8,0.85,0.464,0.386,0.4,0.414,0.9,0.914,1.0
273,,0.7,0.314,0.236,0.25,0.264,0.75,0.764,0.85
274,,0.55,0.164,0.086,0.1,0.114,0.6,0.614,0.7
275,,0.4,0.014,-0.064,-0.05,-0.036,0.45,0.464,0.55
276,3,0.65,0.405,0.936,0.341,0.214,0.559,0.514,0.659
277,3,0.9,0.796,1.0,0.732,0.464,0.668,0.564,0.768
278,,0.75,0.646,0.85,0.582,0.314,0.518,0.414,0.618
279,,0.6,0.496,0.7,0.432,0.164,0.368,0.264,0.468
280,,0.45,0.346,0.55,0.282,0.014,0.218,0.114,0.318
281,,0.3,0.196,0.4,0.132,-0.136,0.068,-0.036,0.168
282,5,0.35,0.305,0.65,0.523,0.864,0.459,0.214,0.277
283,5,0.4,0.414,0.9,0.914,1.0,0.85,0.464,0.386
284,,0.25,0.264,0.75,0.764,0.85,0.7,0.314,0.236
285,,0.1,0.114,0.6,0.614,0.7,0.55,0.164,0.086
286,,-0.05,-0.036,0.45,0.464,0.55,0.4,0.014,-0.064
287,8,0.341,0.214,0.559,0.514,0.659,0.65,0.405,0.936
288,8,0.732,0.464,0.668,0.564,0.768,0.9,0.796,1.0
289,,0.582,0.314,0.518,0.414,0.618,0.75,0.646,0.85
290,,0.432,0.164,0.368,0.264,0.468,0.6,0.496,0.7
291,,0.282,0.014,0.218,0.114,0.318,0.45,0.346,0.55
292,,0.132,-0.136,0.068,-0.036,0.168,0.3,0.196,0.4
293,2,0.523,0.864,0.459,0.214,0.277,0.35,0.305,0.65
294,2,0.914,1.0,0.85,0.464,0.386,0.4,0.414,0.9
295,,0.764,0.85,0.7,0.314,0.236,0.25,0.264,0.75
296,,0.614,0.7,0.55,0.164,0.086,0.1,0.114,0.6
297,,0.464,0.55,0.4,0.014,-0.064,-0.05,-0.036,0.45
298,5,0.514,0.659,0.65,0.405,0.936,0.341,0.214,0.559
299,5,0.564,0.768,0.9,0.796,1.0,0.732,0.464,0.668
300,,0.414,0.618,0.75,0.646,0.85,0.582,0.314,0.518
301,,0.264,0.468,0.6,0.496,0.7,0.432,0.164,0.368
302,,0.114,0.318,0.45,0.346,0.55,0.282,0.014,0.218
303,,-0.036,0.168,0.3,0.196,0.4,0.132,-0.136,0.068
304,7,0.214,0.277,0.35,0.305,0.65,0.523,0.864,0.459
305,7,0.464,0.386,0.4,0.414,0.9,0.914,1.0,0.85
306,,0.314,0.236,0.25,0.264,0.75,0.764,0.85,0.7
307,,0.164,0.086,0.1,0.114,0.6,0.614,0.7,0.55
308,,0.014,-0.064,-0.05,-0.036,0.45,0.464,0.55,0.4
309,2,0.405,0.936,0.341,0.214,0.559,0.514,0.659,0.65
310,2,0.796,1.0,0.732,0.464,0.668,0.564,0.768,0.9
311,,0.646,0.85,0.582,0.314,0.518,0.414,0.618,0.75
312,,0.496,0.7,0.432,0.164,0.368,0.264,0.468,0.6
313,,0.346,0.55,0.282,0.014,0.218,0.114,0.318,0.45
314,,0.196,0.4,0.132,-0.136,0.068,-0.036,0.168,0.3
315,4,0.305,0.65,0.523,0.864,0.459,0.214,0.277,0.35
316,4,0.414,0.9,0.914,1.0,0.85,0.464,0.386,0.4
317,,0.264,0.75,0.764,0.85,0.7,0.314,0.236,0.25
318,,0.114,0.6,0.614,0.7,0.55,0.164,0.086,0.1
319,,-0.036,0.45,0.464,0.55,0.4,0.014,-0.064,-0.05
320,7,0.214,0.559,0.514,0.659,0.65,0.405,0.936,0.341
321,7,0.464,0.668,0.564,0.768,0.9,0.796,1.0,0.732
322,,0.314,0.518,0.414,0.618,0.75,0.646,0.85,0.582
323,,0.164,0.368,0.264,0.468,0.6,0.496,0.7,0.432
324,,0.014,0.218,0.114,0.318,0.45,0.346,0.55,0.282
325,,-0.136,0.068,-0.036,0.168,0.3,0.196,0.4,0.132
326,1,0.864,0.459,0.214,0.277,0.35,0.305,0.65,0.523
327,1,1.0,0.85,0.464,0.386,0.4,0.414,0.9,0.914
328,,0.85,0.7,0.314,0.236,0.25,0.264,0.75,0.764
329,,0.7,0.55,0.164,0.086,0.1,0.114,0.6,0.614
330,,0.55,0.4,0.014,-0.064,-0.05,-0.036,0.45,0.464
331,4,0.659,0.65,0.405,0.936,0.341,0.214,0.559,0.514
332,4,0.768,0.9,0.796,1.0,0.732,0.464,0.668,0.564
333,,0.618,0.75,0.646,0.85,0.582,0.314,0.518,0.414
334,,0.468,0.6,0.496,0.7,0.432,0.164,0.368,0.264
335,,0.318,0.45,0.346,0.55,0.282,0.014,0.218,0.114
336,,0.168,0.3,0.196,0.4,0.132,-0.136,0.068,-0.036
337,6,0.277,0.35,0.305,0.65,0.523,0.864,0.459,0.214
338,6,0.386,0.4,0.414,0.9,0.914,1.0,0.85,0.464
339,,0.236,0.25,0.264,0.75,0.764,0.85,0.7,0.314
340,,0.086,0.1,0.114,0.6,0.614,0.7,0.55,0.164
341,,-0.064,-0.05,-0.036,0.45,0.464,0.55,0.4,0.014
342,1,0.936,0.341,0.214,0.559,0.514,0.659,0.65,0.405
343,1,1.0,0.732,0.464,0.668,0.564,0.768,0.9,0.796
344,,0.85,0.582,0.314,0.518,0.414,0.618,0.75,0.646
345,,0.7,0.432,0.164,0.368,0.264,0.468,0.6,0.496
346,,0.55,0.282,0.014,0.218,0.114,0.318,0.45,0.346
347,,0.4,0.132,-0.136,0.068,-0.036,0.168,0.3,0.196
348,3,0.65,0.523,0.864,0.459,0.214,0.277,0.35,0.305
349,3,0.9,0.914,1.0,0.85,0.464,0.386,0.4,0.414
350,,0.75,0.764,0.85,0.7,0.314,0.236,0.25,0.264
351,,0.6,0.614,0.7,0.55,0.164,0.086,0.1,0.114
352,,0.45,0.464,0.55,0.4,0.014,-0.064,-0.05,-0.036
353,6,0.559,0.514,0.659,0.65,0.405,0.936,0.341,0.214
354,6,0.668,0.564,0.768,0.9,0.796,1.0,0.732,0.464
355,,0.518,0.414,0.618,0.75,0.646,0.85,0.582,0.314
356,,0.368,0.264,0.468,0.6,0.496,0.7,0.432,0.164
357,,0.218,0.114,0.318,0.45,0.346,0.55,0.282,0.014
358,,0.068,-0.036,0.168,0.3,0.196,0.4,0.132,-0.136
359,8,0.459,0.214,0.277,0.35,0.305,0.65,0.523,0.864
360,8,0.85,0.464,0.386,0.4,0.414,0.9,0.914,1.0
361,,0.7,0.314,0.236,0.25,0.264,0.75,0.764,0.85
362,,0.55,0.164,0.086,0.1,0.114,0.6,0.614,0.7
363,,0.4,0.014,-0.064,-0.05,-0.036,0.45,0.464,0.55
364,3,0.65,0.405,0.936,0.341,0.214,0.559,0.514,0.659
365,3,0.9,0.796,1.0,0.732,0.464,0.668,0.564,0.768
366,,0.75,0.646,0.85,0.582,0.314,0.518,0.414,0.618
367,,0.6,0.496,0.7,0.432,0.164,0.368,0.264,0.468
368,,0.45,0.346,0.55,0.282,0.014,0.218,0.114,0.318
369,,0.3,0.196,0.4,0.132,-0.136,0.068,-0.036,0.168
370,5,0.35,0.305,0.65,0.523,0.864,0.459,0.214,0.277
371,5,0.4,0.414,0.9,0.914,1.0,0.85,0.464,0.386
372,,0.25,0.264,0.75,0.764,0.85,0.7,0.314,0.236
373,,0.1,0.114,0.6,0.614,0.7,0.55,0.164,0.086
374,,-0.05,-0.036,0.45,0.464,0.55,0.4,0.014,-0.064
375,8,0.341,0.214,0.559,0.514,0.659,0.65,0.405,0.936
376,8,0.732,0.464,0.668,0.564,0.768,0.9,0.796,1.0
377,,0.582,0.314,0.518,0.414,0.618,0.75,0.646,0.85
378,,0.432,0.164,0.368,0.264,0.468,0.6,0.496,0.7
379,,0.282,0.014,0.218,0.114,0.318,0.45,0.346,0.55
380,,0.132,-0.136,0.068,-0.036,0.168,0.3,0.196,0.4
381,2,0.523,0.864,0.459,0.214,0.277,0.35,0.305,0.65
382,2,0.914,1.0,0.85,0.464,0.386,0.4,0.414,0.9
383,,0.764,0.85,0.7,0.314,0.236,0.25,0.264,0.75
384,,0.614,0.7,0.55,0.164,0.086,0.1,0.114,0.6
385,,0.464,0.55,0.4,0.014,-0.064,-0.05,-0.036,0.45
386,5,0.514,0.659,0.65,0.405,0.936,0.341,0.214,0.559
387,5,0.564,0.768,0.9,0.796,1.0,0.732,0.464,0.668
388,,0.414,0.618,0.75,0.646,0.85,0.582,0.314,0.518
389,,0.264,0.468,0.6,0.496,0.7,0.432,0.164,0.368
390,,0.114,0.318,0.45,0.346,0.55,0.282,0.014,0.218
391,,-0.036,0.168,0.3,0.196,0.4,0.132,-0.136,0.068
392,7,0.214,0.277,0.35,0.305,0.65,0.523,0.864,0.459
393,7,0.464,0.386,0.4,0.414,0.9,0.914,1.0,0.85
394,,0.314,0.236,0.25,0.264,0.75,0.764,0.85,0.7
395,,0.164,0.086,0.1,0.114,0.6,0.614,0.7,0.55
396,,0.014,-0.064,-0.05,-0.036,0.45,0.464,0.55,0.4
397,2,0.405,0.936,0.341,0.214,0.559,0.514,0.659,0.65
398,2,0.796,1.0,0.732,0.464,0.668,0.564,0.768,0.9
399,,0.646,0.85,0.582,0.314,0.518,0.414,0.618,0.75
400,,0.496,0.7,0.432,0.164,0.368,0.264,0.468,0.6
401,,0.346,0.55,0.282,0.014,0.218,0.114,0.318,0.45
402,,0.196,0.4,0.132,-0.136,0.068,-0.036,0.168,0.3
403,4,0.305,0.65,0.523,0.864,0.459,0.214,0.277,0.35
404,4,0.414,0.9,0.914,1.0,0.85,0.464,0.386,0.4
405,,0.264,0.75,0.764,0.85,0.7,0.314,0.236,0.25
406,,0.114,0.6,0.614,0.7,0.55,0.164,0.086,0.1
407,,-0.036,0.45,0.464,0.55,0.4,0.014,-0.064,-0.05
408,7,0.214,0.559,0.514,0.659,0.65,0.405,0.936,0.341
409,7,0.464,0.668,0.564,0.768,0.9,0.796,1.0,0.732
410,,0.314,0.518,0.414,0.618,0.75,0.646,0.85,0.582
411,,0.164,0.368,0.264,0.468,0.6,0.496,0.7,0.432
412,,0.014,0.218,0.114,0.318,0.45,0.346,0.55,0.282
413,,-0.136,0.068,-0.036,0.168,0.3,0.196,0.4,0.132
414,1,0.864,0.459,0.214,0.277,0.35,0.305,0.65,0.523
415,1,1.0,0.85,0.464,0.386,0.4,0.414,0.9,0.914
416,,0.85,0.7,0.314,0.236,0.25,0.264,0.75,0.764
417,,0.7,0.55,0.164,0.086,0.1,0.114,0.6,0.614
418,,0.55,0.4,0.014,-0.064,-0.05,-0.036,0.45,0.464
419,4,0.659,0.65,0.405,0.936,0.341,0.214,0.559,0.514
420,4,0.768,0.9,0.796,1.0,0.732,0.464,0.668,0.564
421,,0.618,0.75,0.646,0.85,0.582,0.314,0.518,0.414
422,,0.468,0.6,0.496,0.7,0.432,0.164,0.368,0.264
423,,0.318,0.45,0.346,0.55,0.282,0.014,0.218,0.114
424,,0.168,0.3,0.196,0.4,0.132,-0.136,0.068,-0.036
425,6,0.277,0.35,0.305,0.65,0.523,0.864,0.459,0.214
426,6,0.386,0.4,0.414,0.9,0.914,1.0,0.85,0.464
427,,0.236,0.25,0.264,0.75,0.764,0.85,0.7,0.314
428,,0.086,0.1,0.114,0.6,0.614,0.7,0.55,0.164
429,,-0.064,-0.05,-0.036,0.45,0.464,0.55,0.4,0.014
430,1,0.936,0.341,0.214,0.559,0.514,0.659,0.65,0.405
431,1,1.0,0.732,0.464,0.668,0.564,0.768,0.9,0.796
432,,0.85,0.582,0.314,0.518,0.414,0.618,0.75,0.646
433,,0.7,0.432,0.164,0.368,0.264,0.468,0.6,0.496
434,,0.55,0.282,0.014,0.218,0.114,0.318,0.45,0.346
435,,0.4,0.132,-0.136,0.068,-0.036,0.168,0.3,0.196
436,3,0.65,0.523,0.864,0.459,0.214,0.277,0.35,0.305
437,3,0.9,0.914,1.0,0.85,0.464,0.386,0.4,0.414
438,,0.75,0.764,0.85,0.7,0.314,0.236,0.25,0.264
439,,0.6,0.614,0.7,0.55,0.164,0.086,0.1,0.114
440,,0.45,0.464,0.55,0.4,0.014,-0.064,-0.05,-0.036
441,6,0.559,0.514,0.659,0.65,0.405,0.936,0.341,0.214
442,6,0.668,0.564,0.768,0.9,0.796,1.0,0.732,0.464
443,,0.518,0.414,0.618,0.75,0.646,0.85,0.582,0.314
444,,0.368,0.264,0.468,0.6,0.496,0.7,0.432,0.164
445,,0.218,0.114,0.318,0.45,0.346,0.55,0.282,0.014
446,,0.068,-0.036,0.168,0.3,0.196,0.4,0.132,-0.136
447,8,0.459,0.214,0.277,0.35,0.305,0.65,0.523,0.864
448,8,0.85,0.464,0.386,0.4,0.414,0.9,0.914,1.0
449,,0.7,0.314,0.236,0.25,0.264,0.75,0.764,0.85
450,,0.55,0.164,0.086,0.1,0.114,0.6,0.614,0.7
451,,0.4,0.014,-0.064,-0.05,-0.036,0.45,0.464,0.55
452,3,0.65,0.405,0.936,0.341,0.214,0.559,0.514,0.659
453,3,0.9,0.796,1.0,0.732,0.464,0.668,0.564,0.768
454,,0.75,0.646,0.85,0.582,0.314,0.518,0.414,0.618
455,,0.6,0.496,0.7,0.432,0.164,0.368,0.264,0.468
456,,0.45,0.346,0.55,0.282,0.014,0.218,0.114,0.318
457,,0.3,0.196,0.4,0.132,-0.136,0.068,-0.036,0.168
458,5,0.35,0.305,0.65,0.523,0.864,0.459,0.214,0.277
459,5,0.4,0.414,0.9,0.914,1.0,0.85,0.464,0.386
460,,0.25,0.264,0.75,0.764,0.85,0.7,0.314,0.236
461,,0.1,0.114,0.6,0.614,0.7,0.55,0.164,0.086
462,,-0.05,-0.036,0.45,0.464,0.55,0.4,0.014,-0.064
463,8,0.341,0.214,0.559,0.514,0.659,0.65,0.405,0.936
464,8,0.732,0.464,0.668,0.564,0.768,0.9,0.796,1.0
465,,0.582,0.314,0.518,0.414,0.618,0.75,0.646,0.85
466,,0.432,0.164,0.368,0.264,0.468,0.6,0.496,0.7
467,,0.282,0.014,0.218,0.114,0.318,0.45,0.346,0.55
468,,0.132,-0.136,0.068,-0.036,0.168,0.3,0.196,0.4
469,2,0.523,0.864,0.459,0.214,0.277,0.35,0.305,0.65
470,2,0.914,1.0,0.85,0.464,0.386,0.4,0.414,0.9
471,,0.764,0.85,0.7,0.314,0.236,0.25,0.264,0.75
472,,0.614,0.7,0.55,0.164,0.086,0.1,0.114,0.6
473,,0.464,0.55,0.4,0.014,-0.064,-0.05,-0.036,0.45
474,5,0.514,0.659,0.65,0.405,0.936,0.341,0.214,0.559
475,5,0.564,0.768,0.9,0.796,1.0,0.732,0.464,0.668
476,,0.414,0.618,0.75,0.646,0.85,0.582,0.314,0.518
477,,0.264,0.468,0.6,0.496,0.7,0.432,0.164,0.368
478,,0.114,0.318,0.45,0.346,0.55,0.282,0.014,0.218
479,,-0.036,0.168,0.3,0.196,0.4,0.132,-0.136,0.068
480,7,0.214,0.277,0.35,0.305,0.65,0.523,0.864,0.459
481,7,0.464,0.386,0.4,0.414,0.9,0.914,1.0,0.85
482,,0.314,0.236,0.25,0.264,0.75,0.764,0.85,0.7
483,,0.164,0.086,0.1,0.114,0.6,0.614,0.7,0.55
484,,0.014,-0.064,-0.05,-0.036,0.45,0.464,0.55,0.4
485,2,0.405,0.936,0.341,0.214,0.559,0.514,0.659,0.65
486,2,0.796,1.0,0.732,0.464,0.668,0.564,0.768,0.9
487,,0.646,0.85,0.582,0.314,0.518,0.414,0.618,0.75
488,,0.496,0.7,0.432,0.164,0.368,0.264,0.468,0.6
489,,0.346,0.55,0.282,0.014,0.218,0.114,0.318,0.45
490,,0.196,0.4,0.132,-0.136,0.068,-0.036,0.168,0.3
491,4,0.305,0.65,0.523,0.864,0.459,0.214,0.277,0.35
492,4,0.414,0.9,0.914,1.0,0.85,0.464,0.386,0.4
493,,0.264,0.75,0.764,0.85,0.7,0.314,0.236,0.25
494,,0.114,0.6,0.614,0.7,0.55,0.164,0.086,0.1
495,,-0.036,0.45,0.464,0.55,0.4,0.014,-0.064,-0.05
496,7,0.214,0.559,0.514,0.659,0.65,0.405,0.936,0.341
497,7,0.464,0.668,0.564,0.768,0.9,0.796,1.0,0.732
498,,0.314,0.518,0.414,0.618,0.75,0.646,0.85,0.582
499,,0.164,0.368,0.264,0.468,0.6,0.496,0.7,0.432
500,,0.014,0.218,0.114,0.318,0.45,0.346,0.55,0.282
501,,-0.136,0.068,-0.036,0.168,0.3,0.196,0.4,0.132
502,1,0.864,0.459,0.214,0.277,0.35,0.305,0.65,0.523
503,1,1.0,0.85,0.464,0.386,0.4,0.414,0.9,0.914
504,,0.85,0.7,0.314,0.236,0.25,0.264,0.75,0.764
505,,0.7,0.55,0.164,0.086,0.1,0.114,0.6,0.614
506,,0.55,0.4,0.014,-0.064,-0.05,-0.036,0.45,0.464
507,4,0.659,0.65,0.405,0.936,0.341,0.214,0.559,0.514
508,4,0.768,0.9,0.796,1.0,0.732,0.464,0.668,0.564
509,,0.618,0.75,0.646,0.85,0.582,0.314,0.518,0.414
510,,0.468,0.6,0.496,0.7,0.432,0.164,0.368,0.264
511,,0.318,0.45,0.346,0.55,0.282,0.014,0.218,0.114
512,,0.168,0.3,0.196,0.4,0.132,-0.136,0.068,-0.036
513,6,0.277,0.35,0.305,0.65,0.523,0.864,0.459,0.214
514,6,0.386,0.4,0.414,0.9,0.914,1.0,0.85,0.464
515,,0.236,0.25,0.264,0.75,0.764,0.85,0.7,0.314
516,,0.086,0.1,0.114,0.6,0.614,0.7,0.55,0.164
517,,-0.064,-0.05,-0.036,0.45,0.464,0.55,0.4,0.014
518,1,0.936,0.341,0.214,0.559,0.514,0.659,0.65,0.405
519,1,1.0,0.732,0.464,0.668,0.564,0.768,0.9,0.796
520,,0.85,0.582,0.314,0.518,0.414,0.618,0.75,0.646
521,,0.7,0.432,0.164,0.368,0.264,0.468,0.6,0.496
522,,0.55,0.282,0.014,0.218,0.114,0.318,0.45,0.346
523,,0.4,0.132,-0.136,0.068,-0.036,0.168,0.3,0.196
524,3,0.65,0.523,0.864,0.459,0.214,0.277,0.35,0.305
525,3,0.9,0.914,1.0,0.85,0.464,0.386,0.4,0.414
526,,0.75,0.764,0.85,0.7,0.314,0.236,0.25,0.264
527,,0.6,0.614,0.7,0.55,0.164,0.086,0.1,0.114
528,,0.45,0.464,0.55,0.4,0.014,-0.064,-0.05,-0.036
529,6,0.559,0.514,0.659,0.65,0.405,0.936,0.341,0.214
530,6,0.668,0.564,0.768,0.9,0.796,1.0,0.732,0.464
531,,0.518,0.414,0.618,0.75,0.646,0.85,0.582,0.314
532,,0.368,0.264,0.468,0.6,0.496,0.7,0.432,0.164
533,,0.218,0.114,0.318,0.45,0.346,0.55,0.282,0.014
534,,0.068,-0.036,0.168,0.3,0.196,0.4,0.132,-0.136
535,8,0.459,0.214,0.277,0.35,0.305,0.65,0.523,0.864
536,8,0.85,0.464,0.386,0.4,0.414,0.9,0.914,1.0
537,,0.7,0.314,0.236,0.25,0.264,0.75,0.764,0.85
538,,0.55,0.164,0.086,0.1,0.114,0.6,0.614,0.7
539,,0.4,0.014,-0.064,-0.05,-0.036,0.45,0.464,0.55
540,3,0.65,0.405,0.936,0.341,0.214,0.559,0.514,0.659
541,3,0.9,0.796,1.0,0.732,0.464,0.668,0.564,0.768
542,,0.75,0.646,0.85,0.582,0.314,0.518,0.414,0.618
543,,0.6,0.496,0.7,0.432,0.164,0.368,0.264,0.468
544,,0.45,0.346,0.55,0.282,0.014,0.218,0.114,0.318
545,,0.3,0.196,0.4,0.132,-0.136,0.068,-0.036,0.168
546,5,0.35,0.305,0.65,0.523,0.864,0.459,0.214,0.277
547,5,0.4,0.414,0.9,0.914,1.0,0.85,0.464,0.386
548,,0.25,0.264,0.75,0.764,0.85,0.7,0.314,0.236
549,,0.1,0.114,0.6,0.614,0.7,0.55,0.164,0.086
550,,-0.05,-0.036,0.45,0.464,0.55,0.4,0.014,-0.064
551,8,0.341,0.214,0.559,0.514,0.659,0.65,0.405,0.936
552,8,0.732,0.464,0.668,0.564,0.768,0.9,0.796,1.0
553,,0.582,0.314,0.518,0.414,0.618,0.75,0.646,0.85
554,,0.432,0.164,0.368,0.264,0.468,0.6,0.496,0.7
555,,0.282,0.014,0.218,0.114,0.318,0.45,0.346,0.55
556,,0.132,-0.136,0.068,-0.036,0.168,0.3,0.196,0.4
557,2,0.523,0.864,0.459,0.214,0.277,0.35,0.305,0.65
558,2,0.914,1.0,0.85,0.464,0.386,0.4,0.414,0.9
559,,0.764,0.85,0.7,0.314,0.236,0.25,0.264,0.75
560,,0.614,0.7,0.55,0.164,0.086,0.1,0.114,0.6
561,,0.464,0.55,0.4,0.014,-0.064,-0.05,-0.036,0.45
562,5,0.514,0.659,0.65,0.405,0.936,0.341,0.214,0.559
563,5,0.564,0.768,0.9,0.796,1.0,0.732,0.464,0.668
564,,0.414,0.618,0.75,0.646,0.85,0.582,0.314,0.518
565,,0.264,0.468,0.6,0.496,0.7,0.432,0.164,0.368
566,,0.114,0.318,0.45,0.346,0.55,0.282,0.014,0.218
567,,-0.036,0.168,0.3,0.196,0.4,0.132,-0.136,0.068
568,7,0.214,0.277,0.35,0.305,0.65,0.523,0.864,0.459
569,7,0.464,0.386,0.4,0.414,0.9,0.914,1.0,0.85
570,,0.314,0.236,0.25,0.264,0.75,0.764,0.85,0.7
571,,0.164,0.086,0.1,0.114,0.6,0.614,0.7,0.55
572,,0.014,-0.064,-0.05,-0.036,0.45,0.464,0.55,0.4
573,2,0.405,0.936,0.341,0.214,0.559,0.514,0.659,0.65
574,2,0.796,1.0,0.732,0.464,0.668,0.564,0.768,0.9
575,,0.646,0.85,0.582,0.314,0.518,0.414,0.618,0.75
576,,0.496,0.7,0.432,0.164,0.368,0.264,0.468,0.6
577,,0.346,0.55,0.282,0.014,0.218,0.114,0.318,0.45
578,,0.196,0.4,0.132,-0.136,0.068,-0.036,0.168,0.3
579,4,0.305,0.65,0.523,0.864,0.459,0.214,0.277,0.35
580,4,0.414,0.9,0.914,1.0,0.85,0.464,0.386,0.4
581,,0.264,0.75,0.764,0.85,0.7,0.314,0.236,0.25
582,,0.114,0.6,0.614,0.7,0.55,0.164,0.086,0.1
583,,-0.036,0.45,0.464,0.55,0.4,0.014,-0.064,-0.05
584,7,0.214,0.559,0.514,0.659,0.65,0.405,0.936,0.341
585,7,0.464,0.668,0.564,0.768,0.9,0.796,1.0,0.732
586,,0.314,0.518,0.414,0.618,0.75,0.646,0.85,0.582
587,,0.164,0.368,0.264,0.468,0.6,0.496,0.7,0.432
588,,0.014,0.218,0.114,0.318,0.45,0.346,0.55,0.282
589,,-0.136,0.068,-0.036,0.168,0.3,0.196,0.4,0.132
590,1,0.864,0.459,0.214,0.277,0.35,0.305,0.65,0.523
591,1,1.0,0.85,0.464,0.386,0.4,0.414,0.9,0.914
592,,0.85,0.7,0.314,0.236,0.25,0.264,0.75,0.764
593,,0.7,0.55,0.164,0.086,0.1,0.114,0.6,0.614
594,,0.55,0.4,0.014,-0.064,-0.05,-0.036,0.45,0.464
595,4,0.659,0.65,0.405,0.936,0.341,0.214,0.559,0.514
596,4,0.768,0.9,0.796,1.0,0.732,0.464,0.668,0.564
597,,0.618,0.75,0.646,0.85,0.582,0.314,0.518,0.414
598,,0.468,0.6,0.496,0.7,0.432,0.164,0.368,0.264
599,,0.318,0.45,0.346,0.55,0.282,0.014,0.218,0.114
600,,0.168,0.3,0.196,0.4,0.132,-0.136,0.068,-0.036
601,6,0.277,0.35,0.305,0.65,0.523,0.864,0.459,0.214
602,6,0.386,0.4,0.414,0.9,0.914,1.0,0.85,0.464
603,,0.236,0.25,0.264,0.75,0.764,0.85,0.7,0.314
604,,0.086,0.1,0.114,0.6,0.614,0.7,0.55,0.164
605,,-0.064,-0.05,-0.036,0.45,0.464,0.55,0.4,0.014
606,1,0.936,0.341,0.214,0.559,0.514,0.659,0.65,0.405
607,1,1.0,0.732,0.464,0.668,0.564,0.768,0.9,0.796
608,,0.85,0.582,0.314,0.518,0.414,0.618,0.75,0.646
609,,0.7,0.432,0.164,0.368,0.264,0.468,0.6,0.496
610,,0.55,0.282,0.014,0.218,0.114,0.318,0.45,0.346
611,,0.4,0.132,-0.136,0.068,-0.036,0.168,0.3,0.196
612,3,0.65,0.523,0.864,0.459,0.214,0.277,0.35,0.305
613,3,0.9,0.914,1.0,0.85,0.464,0.386,0.4,0.414
614,,0.75,0.764,0.85,0.7,0.314,0.236,0.25,0.264
615,,0.6,0.614,0.7,0.55,0.164,0.086,0.1,0.114
616,,0.45,0.464,0.55,0.4,0.014,-0.064,-0.05,-0.036
617,6,0.559,0.514,0.659,0.65,0.405,0.936,0.341,0.214
618,6,0.668,0.564,0.768,0.9,0.796,1.0,0.732,0.464
619,,0.518,0.414,0.618,0.75,0.646,0.85,0.582,0.314
620,,0.368,0.264,0.468,0.6,0.496,0.7,0.432,0.164
621,,0.218,0.114,0.318,0.45,0.346,0.55,0.282,0.014
622,,0.068,-0.036,0.168,0.3,0.196,0.4,0.132,-0.136
623,8,0.459,0.214,0.277,0.35,0.305,0.65,0.523,0.864
624,8,0.85,0.464,0.386,0.4,0.414,0.9,0.914,1.0
625,,0.7,0.314,0.236,0.25,0.264,0.75,0.764,0.85
626,,0.55,0.164,0.086,0.1,0.114,0.6,0.614,0.7
627,,0.4,0.014,-0.064,-0.05,-0.036,0.45,0.464,0.55
628,3,0.65,0.405,0.936,0.341,0.214,0.559,0.514,0.659
629,3,0.9,0.796,1.0,0.732,0.464,0.668,0.564,0.768
630,,0.75,0.646,0.85,0.582,0.314,0.518,0.414,0.618
631,,0.6,0.496,0.7,0.432,0.164,0.368,0.264,0.468
632,,0.45,0.346,0.55,0.282,0.014,0.218,0.114,0.318
633,,0.3,0.196,0.4,0.132,-0.136,0.068,-0.036,0.168
634,5,0.35,0.305,0.65,0.523,0.864,0.459,0.214,0.277
635,5,0.4,0.414,0.9,0.914,1.0,0.85,0.464,0.386
636,,0.25,0.264,0.75,0.764,0.85,0.7,0.314,0.236
637,,0.1,0.114,0.6,0.614,0.7,0.55,0.164,0.086
638,,-0.05,-0.036,0.45,0.464,0.55,0.4,0.014,-0.064
639,8,0.341,0.214,0.559,0.514,0.659,0.65,0.405,0.936
640,8,0.732,0.464,0.668,0.564,0.768,0.9,0.796,1.0
641,,0.582,0.314,0.518,0.414,0.618,0.75,0.646,0.85
642,,0.432,0.164,0.368,0.264,0.468,0.6,0.496,0.7
643,,0.282,0.014,0.218,0.114,0.318,0.45,0.346,0.55
644,,0.132,-0.136,0.068,-0.036,0.168,0.3,0.196,0.4
645,2,0.523,0.864,0.459,0.214,0.277,0.35,0.305,0.65
646,2,0.914,1.0,0.85,0.464,0.386,0.4,0.414,0.9
647,,0.764,0.85,0.7,0.314,0.236,0.25,0.264,0.75
648,,0.614,0.7,0.55,0.164,0.086,0.1,0.114,0.6
649,,0.464,0.55,0.4,0.014,-0.064,-0.05,-0.036,0.45
650,5,0.514,0.659,0.65,0.405,0.936,0.341,0.214,0.559
651,5,0.564,0.768,0.9,0.796,1.0,0.732,0.464,0.668
652,,0.414,0.618,0.75,0.646,0.85,0.582,0.314,0.518
653,,0.264,0.468,0.6,0.496,0.7,0.432,0.164,0.368
654,,0.114,0.318,0.45,0.346,0.55,0.282,0.014,0.218
655,,-0.036,0.168,0.3,0.196,0.4,0.132,-0.136,0.068
656,7,0.214,0.277,0.35,0.305,0.65,0.523,0.864,0.459
657,7,0.464,0.386,0.4,0.414,0.9,0.914,1.0,0.85
658,,0.314,0.236,0.25,0.264,0.75,0.764,0.85,0.7
659,,0.164,0.086,0.1,0.114,0.6,0.614,0.7,0.55
660,,0.014,-0.064,-0.05,-0.036,0.45,0.464,0.55,0.4
661,2,0.405,0.936,0.341,0.214,0.559,0.514,0.659,0.65
662,2,0.796,1.0,0.732,0.464,0.668,0.564,0.768,0.9
663,,0.646,0.85,0.582,0.314,0.518,0.414,0.618,0.75
664,,0.496,0.7,0.432,0.164,0.368,0.264,0.468,0.6
665,,0.346,0.55,0.282,0.014,0.218,0.114,0.318,0.45
666,,0.196,0.4,0.132,-0.136,0.068,-0.036,0.168,0.3
667,4,0.305,0.65,0.523,0.864,0.459,0.214,0.277,0.35
668,4,0.414,0.9,0.914,1.0,0.85,0.464,0.386,0.4
669,,0.264,0.75,0.764,0.85,0.7,0.314,0.236,0.25
670,,0.114,0.6,0.614,0.7,0.55,0.164,0.086,0.1
671,,-0.036,0.45,0.464,0.55,0.4,0.014,-0.064,-0.05
672,7,0.214,0.559,0.514,0.659,0.65,0.405,0.936,0.341
673,7,0.464,0.668,0.564,0.768,0.9,0.796,1.0,0.732
674,,0.314,0.518,0.414,0.618,0.75,0.646,0.85,0.582
675,,0.164,0.368,0.264,0.468,0.6,0.496,0.7,0.432
676,,0.014,0.218,0.114,0.318,0.45,0.346,0.55,0.282
677,,-0.136,0.068,-0.036,0.168,0.3,0.196,0.4,0.132
678,1,0.864,0.459,0.214,0.277,0.35,0.305,0.65,0.523
679,1,1.0,0.85,0.464,0.386,0.4,0.414,0.9,0.914
680,,0.85,0.7,0.314,0.236,0.25,0.264,0.75,0.764
681,,0.7,0.55,0.164,0.086,0.1,0.114,0.6,0.614
682,,0.55,0.4,0.014,-0.064,-0.05,-0.036,0.45,0.464
683,4,0.659,0.65,0.405,0.936,0.341,0.214,0.559,0.514
684,4,0.768,0.9,0.796,1.0,0.732,0.464,0.668,0.564
685,,0.618,0.75,0.646,0.85,0.582,0.314,0.518,0.414
686,,0.468,0.6,0.496,0.7,0.432,0.164,0.368,0.264
687,,0.318,0.45,0.346,0.55,0.282,0.014,0.218,0.114
688,,0.168,0.3,0.196,0.4,0.132,-0.136,0.068,-0.036
689,6,0.277,0.35,0.305,0.65,0.523,0.864,0.459,0.214
690,6,0.386,0.4,0.414,0.9,0.914,1.0,0.85,0.464
691,,0.236,0.25,0.264,0.75,0.764,0.85,0.7,0.314
692,,0.086,0.1,0.114,0.6,0.614,0.7,0.55,0.164
693,,-0.064,-0.05,-0.036,0.45,0.464,0.55,0.4,0.014
694,1,0.936,0.341,0.214,0.559,0.514,0.659,0.65,0.405
695,1,1.0,0.732,0.464,0.668,0.564,0.768,0.9,0.796
696,,0.85,0.582,0.314,0.518,0.414,0.618,0.75,0.646
697,,0.7,0.432,0.164,0.368,0.264,0.468,0.6,0.496
698,,0.55,0.282,0.014,0.218,0.114,0.318,0.45,0.346
699,,0.4,0.132,-0.136,0.068,-0.036,0.168,0.3,0.196
700,3,0.65,0.523,0.864,0.459,0.214,0.277,0.35,0.305
701,3,0.9,0.914,1.0,0.85,0.464,0.386,0.4,0.414
702,,0.75,0.764,0.85,0.7,0.314,0.236,0.25,0.264
703,,0.6,0.614,0.7,0.55,0.164,0.086,0.1,0.114
704,,0.45,0.464,0.55,0.4,0.014,-0.064,-0.05,-0.036
705,6,0.559,0.514,0.659,0.65,0.405,0.936,0.341,0.214
706,6,0.668,0.564,0.768,0.9,0.796,1.0,0.732,0.464
707,,0.518,0.414,0.618,0.75,0.646,0.85,0.582,0.314
708,,0.368,0.264,0.468,0.6,0.496,0.7,0.432,0.164
709,,0.218,0.114,0.318,0.45,0.346,0.55,0.282,0.014
710,,0.068,-0.036,0.168,0.3,0.196,0.4,0.132,-0.136
711,8,0.459,0.214,0.277,0.35,0.305,0.65,0.523,0.864
712,8,0.85,0.464,0.386,0.4,0.414,0.9,0.914,1.0
713,,0.7,0.314,0.236,0.25,0.264,0.75,0.764,0.85
714,,0.55,0.164,0.086,0.1,0.114,0.6,0.614,0.7
715,,0.4,0.014,-0.064,-0.05,-0.036,0.45,0.464,0.55
716,3,0.65,0.405,0.936,0.341,0.214,0.559,0.514,0.659
717,3,0.9,0.796,1.0,0.732,0.464,0.668,0.564,0.768
718,,0.75,0.646,0.85,0.582,0.314,0.518,0.414,0.618
719,,0.6,0.496,0.7,0.432,0.164,0.368,0.264,0.468
720,,0.45,0.346,0.55,0.282,0.014,0.218,0.114,0.318
721,,0.3,0.196,0.4,0.132,-0.136,0.068,-0.036,0.168
722,5,0.35,0.305,0.65,0.523,0.864,0.459,0.214,0.277
723,5,0.4,0.414,0.9,0.914,1.0,0.85,0.464,0.386
724,,0.25,0.264,0.75,0.764,0.85,0.7,0.314,0.236
725,,0.1,0.114,0.6,0.614,0.7,0.55,0.164,0.086
726,,-0.05,-0.036,0.45,0.464,0.55,0.4,0.014,-0.064
727,8,0.341,0.214,0.559,0.514,0.659,0.65,0.405,0.936
728,8,0.732,0.464,0.668,0.564,0.768,0.9,0.796,1.0
729,,0.582,0.314,0.518,0.414,0.618,0.75,0.646,0.85
730,,0.432,0.164,0.368,0.264,0.468,0.6,0.496,0.7
731,,0.282,0.014,0.218,0.114,0.318,0.45,0.346,0.55
732,,0.132,-0.136,0.068,-0.036,0.168,0.3,0.196,0.4
733,2,0.523,0.864,0.459,0.214,0.277,0.35,0.305,0.65
734,2,0.914,1.0,0.85,0.464,0.386,0.4,0.414,0.9
735,,0.764,0.85,0.7,0.314,0.236,0.25,0.264,0.75
736,,0.614,0.7,0.55,0.164,0.086,0.1,0.114,0.6
737,,0.464,0.55,0.4,0.014,-0.064,-0.05,-0.036,0.45
738,5,0.514,0.659,0.65,0.405,0.936,0.341,0.214,0.559
739,5,0.564,0.768,0.9,0.796,1.0,0.732,0.464,0.668
740,,0.414,0.618,0.75,0.646,0.85,0.582,0.314,0.518
741,,0.264,0.468,0.6,0.496,0.7,0.432,0.164,0.368
742,,0.114,0.318,0.45,0.346,0.55,0.282,0.014,0.218
743,,-0.036,0.168,0.3,0.196,0.4,0.132,-0.136,0.068
744,7,0.214,0.277,0.35,0.305,0.65,0.523,0.864,0.459
745,7,0.464,0.386,0.4,0.414,0.9,0.914,1.0,0.85
746,,0.314,0.236,0.25,0.264,0.75,0.764,0.85,0.7
747,,0.164,0.086,0.1,0.114,0.6,0.614,0.7,0.55
748,,0.014,-0.064,-0.05,-0.036,0.45,0.464,0.55,0.4
749,2,0.405,0.936,0.341,0.214,0.559,0.514,0.659,0.65
750,2,0.796,1.0,0.732,0.464,0.668,0.564,0.768,0.9
751,,0.646,0.85,0.582,0.314,0.518,0.414,0.618,0.75
752,,0.496,0.7,0.432,0.164,0.368,0.264,0.468,0.6
753,,0.346,0.55,0.282,0.014,0.218,0.114,0.318,0.45
754,,0.196,0.4,0.132,-0.136,0.068,-0.036,0.168,0.3
755,4,0.305,0.65,0.523,0.864,0.459,0.214,0.277,0.35
756,4,0.414,0.9,0.914,1.0,0.85,0.464,0.386,0.4
757,,0.264,0.75,0.764,0.85,0.7,0.314,0.236,0.25
758,,0.114,0.6,0.614,0.7,0.55,0.164,0.086,0.1
759,,-0.036,0.45,0.464,0.55,0.4,0.014,-0.064,-0.05
760,7,0.214,0.559,0.514,0.659,0.65,0.405,0.936,0.341
761,7,0.464,0.668,0.564,0.768,0.9,0.796,1.0,0.732
762,,0.314,0.518,0.414,0.618,0.75,0.646,0.85,0.582
763,,0.164,0.368,0.264,0.468,0.6,0.496,0.7,0.432
764,,0.014,0.218,0.114,0.318,0.45,0.346,0.55,0.282
765,,-0.136,0.068,-0.036,0.168,0.3,0.196,0.4,0.132
766,1,0.864,0.459,0.214,0.277,0.35,0.305,0.65,0.523
767,1,1.0,0.85,0.464,0.386,0.4,0.414,0.9,0.914
768,,0.85,0.7,0.314,0.236,0.25,0.264,0.75,0.764
769,,0.7,0.55,0.164,0.086,0.1,0.114,0.6,0.614
770,,0.55,0.4,0.014,-0.064,-0.05,-0.036,0.45,0.464
771,4,0.659,0.65,0.405,0.936,0.341,0.214,0.559,0.514
772,4,0.768,0.9,0.796,1.0,0.732,0.464,0.668,0.564
773,,0.618,0.75,0.646,0.85,0.582,0.314,0.518,0.414
774,,0.468,0.6,0.496,0.7,0.432,0.164,0.368,0.264
775,,0.318,0.45,0.346,0.55,0.282,0.014,0.218,0.114
776,,0.168,0.3,0.196,0.4,0.132,-0.136,0.068,-0.036
777,6,0.277,0.35,0.305,0.65,0.523,0.864,0.459,0.214
778,6,0.386,0.4,0.414,0.9,0.914,1.0,0.85,0.464
779,,0.236,0.25,0.264,0.75,0.764,0.85,0.7,0.314
780,,0.086,0.1,0.114,0.6,0.614,0.7,0.55,0.164
781,,-0.064,-0.05,-0.036,0.45,0.464,0.55,0.4,0.014
782,1,0.936,0.341,0.214,0.559,0.514,0.659,0.65,0.405
783,1,1.0,0.732,0.464,0.668,0.564,0.768,0.9,0.796
784,,0.85,0.582,0.314,0.518,0.414,0.618,0.75,0.646
785,,0.7,0.432,0.164,0.368,0.264,0.468,0.6,0.496
786,,0.55,0.282,0.014,0.218,0.114,0.318,0.45,0.346
787,,0.4,0.132,-0.136,0.068,-0.036,0.168,0.3,0.196
788,3,0.65,0.523,0.864,0.459,0.214,0.277,0.35,0.305
789,3,0.9,0.914,1.0,0.85,0.464,0.386,0.4,0.414
790,,0.75,0.764,0.85,0.7,0.314,0.236,0.25,0.264
791,,0.6,0.614,0.7,0.55,0.164,0.086,0.1,0.114
792,,0.45,0.464,0.55,0.4,0.014,-0.064,-0.05,-0.036
793,6,0.559,0.514,0.659,0.65,0.405,0.936,0.341,0.214
794,6,0.668,0.564,0.768,0.9,0.796,1.0,0.732,0.464
795,,0.518,0.414,0.618,0.75,0.646,0.85,0.582,0.314
796,,0.368,0.264,0.468,0.6,0.496,0.7,0.432,0.164
797,,0.218,0.114,0.318,0.45,0.346,0.55,0.282,0.014
798,,0.068,-0.036,0.168,0.3,0.196,0.4,0.132,-0.136
799,8,0.459,0.214,0.277,0.35,0.305,0.65,0.523,0.864
800,8,0.85,0.464,0.386,0.4,0.414,0.9,0.914,1.0
801,,0.7,0.314,0.236,0.25,0.264,0.75,0.764,0.85
