step,active_motive,motive_1,motive_2,motive_3,motive_4,motive_5,motive_6,motive_7,motive_8
0,,0.01068,0.03357,0.01697,0.06468,0.03883,0.02294,0.02659,0.03603
1,,-0.03932,-0.01643,-0.03303,0.01468,-0.01117,-0.02706,-0.02341,-0.01397
2,1,0.96068,0.30457,0.21697,0.19368,0.13883,0.15194,0.22659,0.30703
3,1,1.0,0.62557,0.46697,0.37268,0.28883,0.33094,0.47659,0.62803
4,,0.95,0.57557,0.41697,0.32268,0.23883,0.28094,0.42659,0.57803
5,,0.9,0.52557,0.36697,0.27268,0.18883,0.23094,0.37659,0.52803
6,,0.85,0.47557,0.31697,0.22268,0.13883,0.18094,0.32659,0.47803
7,,0.8,0.42557,0.26697,0.17268,0.08883,0.13094,0.27659,0.42803
8,,0.75,0.37557,0.21697,0.12268,0.03883,0.08094,0.22659,0.37803
9,,0.7,0.32557,0.16697,0.07268,-0.01117,0.03094,0.17659,0.32803
10,5,0.85,0.50457,0.41697,0.39368,0.98883,0.35194,0.42659,0.50703
11,5,1.0,0.68357,0.66697,0.71468,1.0,0.67294,0.67659,0.68603
12,,0.95,0.63357,0.61697,0.66468,0.95,0.62294,0.62659,0.63603
13,,0.9,0.58357,0.56697,0.61468,0.9,0.57294,0.57659,0.58603
14,,0.85,0.53357,0.51697,0.56468,0.85,0.52294,0.52659,0.53603
15,,0.8,0.48357,0.46697,0.51468,0.8,0.47294,0.47659,0.48603
16,,0.75,0.43357,0.41697,0.46468,0.75,0.42294,0.42659,0.43603
17,,0.7,0.38357,0.36697,0.41468,0.7,0.37294,0.37659,0.38603
18,,0.65,0.33357,0.31697,0.36468,0.65,0.32294,0.32659,0.33603
19,,0.6,0.28357,0.26697,0.31468,0.6,0.27294,0.27659,0.28603
20,,0.55,0.23357,0.21697,0.26468,0.55,0.22294,0.22659,0.23603
21,,0.5,0.18357,0.16697,0.21468,0.5,0.17294,0.17659,0.18603
22,,0.45,0.13357,0.11697,0.16468,0.45,0.12294,0.12659,0.13603
23,,0.4,0.08357,0.06697,0.11468,0.4,0.07294,0.07659,0.08603
24,,0.35,0.03357,0.01697,0.06468,0.35,0.02294,0.02659,0.03603
25,,0.3,-0.01643,-0.03303,0.01468,0.3,-0.02706,-0.02341,-0.01397
26,3,0.55,0.30457,0.96697,0.33568,0.55,0.15194,0.12659,0.16503
27,3,0.8,0.62557,1.0,0.65668,0.8,0.33094,0.27659,0.34403
28,,0.75,0.57557,0.95,0.60668,0.75,0.28094,0.22659,0.29403
29,,0.7,0.52557,0.9,0.55668,0.7,0.23094,0.17659,0.24403
30,,0.65,0.47557,0.85,0.50668,0.65,0.18094,0.12659,0.19403
31,,0.6,0.42557,0.8,0.45668,0.6,0.13094,0.07659,0.14403
32,,0.55,0.37557,0.75,0.40668,0.55,0.08094,0.02659,0.09403
33,,0.5,0.32557,0.7,0.35668,0.5,0.03094,-0.02341,0.04403
34,7,0.75,0.50457,0.85,0.53568,0.75,0.35194,0.97659,0.36503
35,7,1.0,0.68357,1.0,0.71468,1.0,0.67294,1.0,0.68603
36,,0.95,0.63357,0.95,0.66468,0.95,0.62294,0.95,0.63603
37,,0.9,0.58357,0.9,0.61468,0.9,0.57294,0.9,0.58603
38,,0.85,0.53357,0.85,0.56468,0.85,0.52294,0.85,0.53603
39,,0.8,0.48357,0.8,0.51468,0.8,0.47294,0.8,0.48603
40,,0.75,0.43357,0.75,0.46468,0.75,0.42294,0.75,0.43603
41,,0.7,0.38357,0.7,0.41468,0.7,0.37294,0.7,0.38603
42,,0.65,0.33357,0.65,0.36468,0.65,0.32294,0.65,0.33603
43,,0.6,0.28357,0.6,0.31468,0.6,0.27294,0.6,0.28603
44,,0.55,0.23357,0.55,0.26468,0.55,0.22294,0.55,0.23603
45,,0.5,0.18357,0.5,0.21468,0.5,0.17294,0.5,0.18603
46,,0.45,0.13357,0.45,0.16468,0.45,0.12294,0.45,0.13603
47,,0.4,0.08357,0.4,0.11468,0.4,0.07294,0.4,0.08603
48,,0.35,0.03357,0.35,0.06468,0.35,0.02294,0.35,0.03603
49,,0.3,-0.01643,0.3,0.01468,0.3,-0.02706,0.3,-0.01397
50,6,0.479,0.13357,0.479,0.26468,0.621,0.97294,0.621,0.23603
51,6,0.658,0.28357,0.658,0.51468,0.942,1.0,0.942,0.48603
52,,0.608,0.23357,0.608,0.46468,0.892,0.95,0.892,0.43603
53,,0.558,0.18357,0.558,0.41468,0.842,0.9,0.842,0.38603
54,,0.508,0.13357,0.508,0.36468,0.792,0.85,0.792,0.33603
55,,0.458,0.08357,0.458,0.31468,0.742,0.8,0.742,0.28603
56,,0.408,0.03357,0.408,0.26468,0.692,0.75,0.692,0.23603
57,,0.358,-0.01643,0.358,0.21468,0.642,0.7,0.642,0.18603
58,2,0.679,0.98357,0.679,0.46468,0.821,0.85,0.821,0.43603
59,2,1.0,1.0,1.0,0.71468,1.0,1.0,1.0,0.68603
60,,0.95,0.95,0.95,0.66468,0.95,0.95,0.95,0.63603
61,,0.9,0.9,0.9,0.61468,0.9,0.9,0.9,0.58603
62,,0.85,0.85,0.85,0.56468,0.85,0.85,0.85,0.53603
63,,0.8,0.8,0.8,0.51468,0.8,0.8,0.8,0.48603
64,,0.75,0.75,0.75,0.46468,0.75,0.75,0.75,0.43603
65,,0.7,0.7,0.7,0.41468,0.7,0.7,0.7,0.38603
66,,0.65,0.65,0.65,0.36468,0.65,0.65,0.65,0.33603
67,,0.6,0.6,0.6,0.31468,0.6,0.6,0.6,0.28603
68,,0.55,0.55,0.55,0.26468,0.55,0.55,0.55,0.23603
69,,0.5,0.5,0.5,0.21468,0.5,0.5,0.5,0.18603
70,,0.45,0.45,0.45,0.16468,0.45,0.45,0.45,0.13603
71,,0.4,0.4,0.4,0.11468,0.4,0.4,0.4,0.08603
72,,0.35,0.35,0.35,0.06468,0.35,0.35,0.35,0.03603
73,,0.3,0.3,0.3,0.01468,0.3,0.3,0.3,-0.01397
74,8,0.621,0.55,0.479,0.16468,0.479,0.55,0.621,0.98603
75,8,0.942,0.8,0.658,0.31468,0.658,0.8,0.942,1.0
76,,0.892,0.75,0.608,0.26468,0.608,0.75,0.892,0.95
77,,0.842,0.7,0.558,0.21468,0.558,0.7,0.842,0.9
78,,0.792,0.65,0.508,0.16468,0.508,0.65,0.792,0.85
79,,0.742,0.6,0.458,0.11468,0.458,0.6,0.742,0.8
80,,0.692,0.55,0.408,0.06468,0.408,0.55,0.692,0.75
81,,0.642,0.5,0.358,0.01468,0.358,0.5,0.642,0.7
82,,0.592,0.45,0.308,-0.03532,0.308,0.45,0.592,0.65
83,4,0.771,0.7,0.629,0.96468,0.629,0.7,0.771,0.8
84,4,0.95,0.95,0.95,1.0,0.95,0.95,0.95,0.95
85,,0.9,0.9,0.9,0.95,0.9,0.9,0.9,0.9
86,,0.85,0.85,0.85,0.9,0.85,0.85,0.85,0.85
87,,0.8,0.8,0.8,0.85,0.8,0.8,0.8,0.8
88,,0.75,0.75,0.75,0.8,0.75,0.75,0.75,0.75
89,,0.7,0.7,0.7,0.75,0.7,0.7,0.7,0.7
90,,0.65,0.65,0.65,0.7,0.65,0.65,0.65,0.65
91,,0.6,0.6,0.6,0.65,0.6,0.6,0.6,0.6
92,,0.55,0.55,0.55,0.6,0.55,0.55,0.55,0.55
93,,0.5,0.5,0.5,0.55,0.5,0.5,0.5,0.5
94,,0.45,0.45,0.45,0.5,0.45,0.45,0.45,0.45
95,,0.4,0.4,0.4,0.45,0.4,0.4,0.4,0.4
96,,0.35,0.35,0.35,0.4,0.35,0.35,0.35,0.35
97,,0.3,0.3,0.3,0.35,0.3,0.3,0.3,0.3
98,,0.25,0.25,0.25,0.3,0.25,0.25,0.25,0.25
99,,0.2,0.2,0.2,0.25,0.2,0.2,0.2,0.2
100,,0.15,0.15,0.15,0.2,0.15,0.15,0.15,0.15
101,,0.1,0.1,0.1,0.15,0.1,0.1,0.1,0.1
102,,0.05,0.05,0.05,0.1,0.05,0.05,0.05,0.05
103,,0.0,0.0,0.0,0.05,0.0,0.0,0.0,0.0
104,,-0.05,-0.05,-0.05,0.0,-0.05,-0.05,-0.05,-0.05
105,5,0.1,0.129,0.2,0.321,0.95,0.271,0.2,0.129
106,5,0.25,0.308,0.45,0.642,1.0,0.592,0.45,0.308
107,,0.2,0.258,0.4,0.592,0.95,0.542,0.4,0.258
108,,0.15,0.208,0.35,0.542,0.9,0.492,0.35,0.208
109,,0.1,0.158,0.3,0.492,0.85,0.442,0.3,0.158
110,,0.05,0.108,0.25,0.442,0.8,0.392,0.25,0.108
111,,0.0,0.058,0.2,0.392,0.75,0.342,0.2,0.058
112,,-0.05,0.008,0.15,0.342,0.7,0.292,0.15,0.008
113,1,0.95,0.329,0.4,0.521,0.85,0.471,0.4,0.329
114,1,1.0,0.65,0.65,0.7,1.0,0.65,0.65,0.65
115,,0.95,0.6,0.6,0.65,0.95,0.6,0.6,0.6
116,,0.9,0.55,0.55,0.6,0.9,0.55,0.55,0.55
117,,0.85,0.5,0.5,0.55,0.85,0.5,0.5,0.5
118,,0.8,0.45,0.45,0.5,0.8,0.45,0.45,0.45
119,,0.75,0.4,0.4,0.45,0.75,0.4,0.4,0.4
120,,0.7,0.35,0.35,0.4,0.7,0.35,0.35,0.35
121,,0.65,0.3,0.3,0.35,0.65,0.3,0.3,0.3
122,,0.6,0.25,0.25,0.3,0.6,0.25,0.25,0.25
123,,0.55,0.2,0.2,0.25,0.55,0.2,0.2,0.2
124,,0.5,0.15,0.15,0.2,0.5,0.15,0.15,0.15
125,,0.45,0.1,0.1,0.15,0.45,0.1,0.1,0.1
126,,0.4,0.05,0.05,0.1,0.4,0.05,0.05,0.05
127,,0.35,0.0,0.0,0.05,0.35,0.0,0.0,0.0
128,,0.3,-0.05,-0.05,0.0,0.3,-0.05,-0.05,-0.05
129,6,0.479,0.1,0.129,0.25,0.621,0.95,0.271,0.2
130,6,0.658,0.25,0.308,0.5,0.942,1.0,0.592,0.45
131,,0.608,0.2,0.258,0.45,0.892,0.95,0.542,0.4
132,,0.558,0.15,0.208,0.4,0.842,0.9,0.492,0.35
133,,0.508,0.1,0.158,0.35,0.792,0.85,0.442,0.3
134,,0.458,0.05,0.108,0.3,0.742,0.8,0.392,0.25
135,,0.408,0.0,0.058,0.25,0.692,0.75,0.342,0.2
136,,0.358,-0.05,0.008,0.2,0.642,0.7,0.292,0.15
137,2,0.679,0.95,0.329,0.45,0.821,0.85,0.471,0.4
138,2,1.0,1.0,0.65,0.7,1.0,1.0,0.65,0.65
139,,0.95,0.95,0.6,0.65,0.95,0.95,0.6,0.6
140,,0.9,0.9,0.55,0.6,0.9,0.9,0.55,0.55
141,,0.85,0.85,0.5,0.55,0.85,0.85,0.5,0.5
142,,0.8,0.8,0.45,0.5,0.8,0.8,0.45,0.45
143,,0.75,0.75,0.4,0.45,0.75,0.75,0.4,0.4
144,,0.7,0.7,0.35,0.4,0.7,0.7,0.35,0.35
145,,0.65,0.65,0.3,0.35,0.65,0.65,0.3,0.3
146,,0.6,0.6,0.25,0.3,0.6,0.6,0.25,0.25
147,,0.55,0.55,0.2,0.25,0.55,0.55,0.2,0.2
148,,0.5,0.5,0.15,0.2,0.5,0.5,0.15,0.15
149,,0.45,0.45,0.1,0.15,0.45,0.45,0.1,0.1
150,,0.4,0.4,0.05,0.1,0.4,0.4,0.05,0.05
151,,0.35,0.35,0.0,0.05,0.35,0.35,0.0,0.0
152,,0.3,0.3,-0.05,0.0,0.3,0.3,-0.05,-0.05
153,7,0.55,0.479,0.1,0.179,0.55,0.621,0.95,0.271
154,7,0.8,0.658,0.25,0.358,0.8,0.942,1.0,0.592
155,,0.75,0.608,0.2,0.308,0.75,0.892,0.95,0.542
156,,0.7,0.558,0.15,0.258,0.7,0.842,0.9,0.492
157,,0.65,0.508,0.1,0.208,0.65,0.792,0.85,0.442
158,,0.6,0.458,0.05,0.158,0.6,0.742,0.8,0.392
159,,0.55,0.408,0.0,0.108,0.55,0.692,0.75,0.342
160,,0.5,0.358,-0.05,0.058,0.5,0.642,0.7,0.292
161,3,0.75,0.679,0.95,0.379,0.75,0.821,0.85,0.471
162,3,1.0,1.0,1.0,0.7,1.0,1.0,1.0,0.65
163,,0.95,0.95,0.95,0.65,0.95,0.95,0.95,0.6
164,,0.9,0.9,0.9,0.6,0.9,0.9,0.9,0.55
165,,0.85,0.85,0.85,0.55,0.85,0.85,0.85,0.5
166,,0.8,0.8,0.8,0.5,0.8,0.8,0.8,0.45
167,,0.75,0.75,0.75,0.45,0.75,0.75,0.75,0.4
168,,0.7,0.7,0.7,0.4,0.7,0.7,0.7,0.35
169,,0.65,0.65,0.65,0.35,0.65,0.65,0.65,0.3
170,,0.6,0.6,0.6,0.3,0.6,0.6,0.6,0.25
171,,0.55,0.55,0.55,0.25,0.55,0.55,0.55,0.2
172,,0.5,0.5,0.5,0.2,0.5,0.5,0.5,0.15
173,,0.45,0.45,0.45,0.15,0.45,0.45,0.45,0.1
174,,0.4,0.4,0.4,0.1,0.4,0.4,0.4,0.05
175,,0.35,0.35,0.35,0.05,0.35,0.35,0.35,0.0
176,,0.3,0.3,0.3,0.0,0.3,0.3,0.3,-0.05
177,8,0.621,0.55,0.479,0.15,0.479,0.55,0.621,0.95
178,8,0.942,0.8,0.658,0.3,0.658,0.8,0.942,1.0
179,,0.892,0.75,0.608,0.25,0.608,0.75,0.892,0.95
180,,0.842,0.7,0.558,0.2,0.558,0.7,0.842,0.9
181,,0.792,0.65,0.508,0.15,0.508,0.65,0.792,0.85
182,,0.742,0.6,0.458,0.1,0.458,0.6,0.742,0.8
183,,0.692,0.55,0.408,0.05,0.408,0.55,0.692,0.75
184,,0.642,0.5,0.358,0.0,0.358,0.5,0.642,0.7
185,,0.592,0.45,0.308,-0.05,0.308,0.45,0.592,0.65
186,4,0.771,0.7,0.629,0.95,0.629,0.7,0.771,0.8
187,4,0.95,0.95,0.95,1.0,0.95,0.95,0.95,0.95
188,,0.9,0.9,0.9,0.95,0.9,0.9,0.9,0.9
189,,0.85,0.85,0.85,0.9,0.85,0.85,0.85,0.85
190,,0.8,0.8,0.8,0.85,0.8,0.8,0.8,0.8
191,,0.75,0.75,0.75,0.8,0.75,0.75,0.75,0.75
192,,0.7,0.7,0.7,0.75,0.7,0.7,0.7,0.7
193,,0.65,0.65,0.65,0.7,0.65,0.65,0.65,0.65
194,,0.6,0.6,0.6,0.65,0.6,0.6,0.6,0.6
195,,0.55,0.55,0.55,0.6,0.55,0.55,0.55,0.55
196,,0.5,0.5,0.5,0.55,0.5,0.5,0.5,0.5
197,,0.45,0.45,0.45,0.5,0.45,0.45,0.45,0.45
198,,0.4,0.4,0.4,0.45,0.4,0.4,0.4,0.4
199,,0.35,0.35,0.35,0.4,0.35,0.35,0.35,0.35
200,,0.3,0.3,0.3,0.35,0.3,0.3,0.3,0.3
201,,0.25,0.25,0.25,0.3,0.25,0.25,0.25,0.25
202,,0.2,0.2,0.2,0.25,0.2,0.2,0.2,0.2
203,,0.15,0.15,0.15,0.2,0.15,0.15,0.15,0.15
204,,0.1,0.1,0.1,0.15,0.1,0.1,0.1,0.1
205,,0.05,0.05,0.05,0.1,0.05,0.05,0.05,0.05
206,,0.0,0.0,0.0,0.05,0.0,0.0,0.0,0.0
207,,-0.05,-0.05,-0.05,0.0,-0.05,-0.05,-0.05,-0.05
208,8,0.271,0.2,0.129,0.15,0.129,0.2,0.271,0.95
209,8,0.592,0.45,0.308,0.3,0.308,0.45,0.592,1.0
210,,0.542,0.4,0.258,0.25,0.258,0.4,0.542,0.95
211,,0.492,0.35,0.208,0.2,0.208,0.35,0.492,0.9
212,,0.442,0.3,0.158,0.15,0.158,0.3,0.442,0.85
213,,0.392,0.25,0.108,0.1,0.108,0.25,0.392,0.8
214,,0.342,0.2,0.058,0.05,0.058,0.2,0.342,0.75
215,,0.292,0.15,0.008,0.0,0.008,0.15,0.292,0.7
216,,0.242,0.1,-0.042,-0.05,-0.042,0.1,0.242,0.65
217,4,0.421,0.35,0.279,0.95,0.279,0.35,0.421,0.8
218,4,0.6,0.6,0.6,1.0,0.6,0.6,0.6,0.95
219,,0.55,0.55,0.55,0.95,0.55,0.55,0.55,0.9
220,,0.5,0.5,0.5,0.9,0.5,0.5,0.5,0.85
221,,0.45,0.45,0.45,0.85,0.45,0.45,0.45,0.8
222,,0.4,0.4,0.4,0.8,0.4,0.4,0.4,0.75
223,,0.35,0.35,0.35,0.75,0.35,0.35,0.35,0.7
224,,0.3,0.3,0.3,0.7,0.3,0.3,0.3,0.65
225,,0.25,0.25,0.25,0.65,0.25,0.25,0.25,0.6
226,,0.2,0.2,0.2,0.6,0.2,0.2,0.2,0.55
227,,0.15,0.15,0.15,0.55,0.15,0.15,0.15,0.5
228,,0.1,0.1,0.1,0.5,0.1,0.1,0.1,0.45
229,,0.05,0.05,0.05,0.45,0.05,0.05,0.05,0.4
230,,0.0,0.0,0.0,0.4,0.0,0.0,0.0,0.35
231,,-0.05,-0.05,-0.05,0.35,-0.05,-0.05,-0.05,0.3
232,1,0.95,0.271,0.2,0.529,0.1,0.129,0.2,0.621
233,1,1.0,0.592,0.45,0.708,0.25,0.308,0.45,0.942
234,,0.95,0.542,0.4,0.658,0.2,0.258,0.4,0.892
235,,0.9,0.492,0.35,0.608,0.15,0.208,0.35,0.842
236,,0.85,0.442,0.3,0.558,0.1,0.158,0.3,0.792
237,,0.8,0.392,0.25,0.508,0.05,0.108,0.25,0.742
238,,0.75,0.342,0.2,0.458,0.0,0.058,0.2,0.692
239,,0.7,0.292,0.15,0.408,-0.05,0.008,0.15,0.642
240,5,0.85,0.471,0.4,0.729,0.95,0.329,0.4,0.821
241,5,1.0,0.65,0.65,1.0,1.0,0.65,0.65,1.0
242,,0.95,0.6,0.6,0.95,0.95,0.6,0.6,0.95
243,,0.9,0.55,0.55,0.9,0.9,0.55,0.55,0.9
244,,0.85,0.5,0.5,0.85,0.85,0.5,0.5,0.85
245,,0.8,0.45,0.45,0.8,0.8,0.45,0.45,0.8
246,,0.75,0.4,0.4,0.75,0.75,0.4,0.4,0.75
247,,0.7,0.35,0.35,0.7,0.7,0.35,0.35,0.7
248,,0.65,0.3,0.3,0.65,0.65,0.3,0.3,0.65
249,,0.6,0.25,0.25,0.6,0.6,0.25,0.25,0.6
250,,0.55,0.2,0.2,0.55,0.55,0.2,0.2,0.55
251,,0.5,0.15,0.15,0.5,0.5,0.15,0.15,0.5
252,,0.45,0.1,0.1,0.45,0.45,0.1,0.1,0.45
253,,0.4,0.05,0.05,0.4,0.4,0.05,0.05,0.4
254,,0.35,0.0,0.0,0.35,0.35,0.0,0.0,0.35
255,,0.3,-0.05,-0.05,0.3,0.3,-0.05,-0.05,0.3
256,2,0.621,0.95,0.271,0.55,0.479,0.1,0.129,0.55
257,2,0.942,1.0,0.592,0.8,0.658,0.25,0.308,0.8
258,,0.892,0.95,0.542,0.75,0.608,0.2,0.258,0.75
259,,0.842,0.9,0.492,0.7,0.558,0.15,0.208,0.7
260,,0.792,0.85,0.442,0.65,0.508,0.1,0.158,0.65
261,,0.742,0.8,0.392,0.6,0.458,0.05,0.108,0.6
262,,0.692,0.75,0.342,0.55,0.408,0.0,0.058,0.55
263,,0.642,0.7,0.292,0.5,0.358,-0.05,0.008,0.5
264,6,0.821,0.85,0.471,0.75,0.679,0.95,0.329,0.75
265,6,1.0,1.0,0.65,1.0,1.0,1.0,0.65,1.0
266,,0.95,0.95,0.6,0.95,0.95,0.95,0.6,0.95
267,,0.9,0.9,0.55,0.9,0.9,0.9,0.55,0.9
268,,0.85,0.85,0.5,0.85,0.85,0.85,0.5,0.85
269,,0.8,0.8,0.45,0.8,0.8,0.8,0.45,0.8
270,,0.75,0.75,0.4,0.75,0.75,0.75,0.4,0.75
271,,0.7,0.7,0.35,0.7,0.7,0.7,0.35,0.7
272,,0.65,0.65,0.3,0.65,0.65,0.65,0.3,0.65
273,,0.6,0.6,0.25,0.6,0.6,0.6,0.25,0.6
274,,0.55,0.55,0.2,0.55,0.55,0.55,0.2,0.55
275,,0.5,0.5,0.15,0.5,0.5,0.5,0.15,0.5
276,,0.45,0.45,0.1,0.45,0.45,0.45,0.1,0.45
277,,0.4,0.4,0.05,0.4,0.4,0.4,0.05,0.4
278,,0.35,0.35,0.0,0.35,0.35,0.35,0.0,0.35
279,,0.3,0.3,-0.05,0.3,0.3,0.3,-0.05,0.3
280,3,0.55,0.621,0.95,0.621,0.55,0.479,0.1,0.479
281,3,0.8,0.942,1.0,0.942,0.8,0.658,0.25,0.658
282,,0.75,0.892,0.95,0.892,0.75,0.608,0.2,0.608
283,,0.7,0.842,0.9,0.842,0.7,0.558,0.15,0.558
284,,0.65,0.792,0.85,0.792,0.65,0.508,0.1,0.508
285,,0.6,0.742,0.8,0.742,0.6,0.458,0.05,0.458
286,,0.55,0.692,0.75,0.692,0.55,0.408,0.0,0.408
287,,0.5,0.642,0.7,0.642,0.5,0.358,-0.05,0.358
288,7,0.75,0.821,0.85,0.821,0.75,0.679,0.95,0.679
289,7,1.0,1.0,1.0,1.0,1.0,1.0,1.0,1.0
290,,0.95,0.95,0.95,0.95,0.95,0.95,0.95,0.95
291,,0.9,0.9,0.9,0.9,0.9,0.9,0.9,0.9
292,,0.85,0.85,0.85,0.85,0.85,0.85,0.85,0.85
293,,0.8,0.8,0.8,0.8,0.8,0.8,0.8,0.8
294,,0.75,0.75,0.75,0.75,0.75,0.75,0.75,0.75
295,,0.7,0.7,0.7,0.7,0.7,0.7,0.7,0.7
296,,0.65,0.65,0.65,0.65,0.65,0.65,0.65,0.65
297,,0.6,0.6,0.6,0.6,0.6,0.6,0.6,0.6
298,,0.55,0.55,0.55,0.55,0.55,0.55,0.55,0.55
299,,0.5,0.5,0.5,0.5,0.5,0.5,0.5,0.5
300,,0.45,0.45,0.45,0.45,0.45,0.45,0.45,0.45
301,,0.4,0.4,0.4,0.4,0.4,0.4,0.4,0.4
302,,0.35,0.35,0.35,0.35,0.35,0.35,0.35,0.35
303,,0.3,0.3,0.3,0.3,0.3,0.3,0.3,0.3
304,,0.25,0.25,0.25,0.25,0.25,0.25,0.25,0.25
305,,0.2,0.2,0.2,0.2,0.2,0.2,0.2,0.2
306,,0.15,0.15,0.15,0.15,0.15,0.15,0.15,0.15
307,,0.1,0.1,0.1,0.1,0.1,0.1,0.1,0.1
308,,0.05,0.05,0.05,0.05,0.05,0.05,0.05,0.05
309,,0.0,0.0,0.0,0.0,0.0,0.0,0.0,0.0
310,,-0.05,-0.05,-0.05,-0.05,-0.05,-0.05,-0.05,-0.05
311,5,0.1,0.129,0.2,0.271,0.95,0.271,0.2,0.129
312,5,0.25,0.308,0.45,0.592,1.0,0.592,0.45,0.308
313,,0.2,0.258,0.4,0.542,0.95,0.542,0.4,0.258
314,,0.15,0.208,0.35,0.492,0.9,0.492,0.35,0.208
315,,0.1,0.158,0.3,0.442,0.85,0.442,0.3,0.158
316,,0.05,0.108,0.25,0.392,0.8,0.392,0.25,0.108
317,,0.0,0.058,0.2,0.342,0.75,0.342,0.2,0.058
318,,-0.05,0.008,0.15,0.292,0.7,0.292,0.15,0.008
319,1,0.95,0.329,0.4,0.471,0.85,0.471,0.4,0.329
320,1,1.0,0.65,0.65,0.65,1.0,0.65,0.65,0.65
321,,0.95,0.6,0.6,0.6,0.95,0.6,0.6,0.6
322,,0.9,0.55,0.55,0.55,0.9,0.55,0.55,0.55
323,,0.85,0.5,0.5,0.5,0.85,0.5,0.5,0.5
324,,0.8,0.45,0.45,0.45,0.8,0.45,0.45,0.45
325,,0.75,0.4,0.4,0.4,0.75,0.4,0.4,0.4
326,,0.7,0.35,0.35,0.35,0.7,0.35,0.35,0.35
327,,0.65,0.3,0.3,0.3,0.65,0.3,0.3,0.3
328,,0.6,0.25,0.25,0.25,0.6,0.25,0.25,0.25
329,,0.55,0.2,0.2,0.2,0.55,0.2,0.2,0.2
330,,0.5,0.15,0.15,0.15,0.5,0.15,0.15,0.15
331,,0.45,0.1,0.1,0.1,0.45,0.1,0.1,0.1
332,,0.4,0.05,0.05,0.05,0.4,0.05,0.05,0.05
333,,0.35,0.0,0.0,0.0,0.35,0.0,0.0,0.0
334,,0.3,-0.05,-0.05,-0.05,0.3,-0.05,-0.05,-0.05
335,6,0.479,0.1,0.129,0.2,0.621,0.95,0.271,0.2
336,6,0.658,0.25,0.308,0.45,0.942,1.0,0.592,0.45
337,,0.608,0.2,0.258,0.4,0.892,0.95,0.542,0.4
338,,0.558,0.15,0.208,0.35,0.842,0.9,0.492,0.35
339,,0.508,0.1,0.158,0.3,0.792,0.85,0.442,0.3
340,,0.458,0.05,0.108,0.25,0.742,0.8,0.392,0.25
341,,0.408,0.0,0.058,0.2,0.692,0.75,0.342,0.2
342,,0.358,-0.05,0.008,0.15,0.642,0.7,0.292,0.15
343,2,0.679,0.95,0.329,0.4,0.821,0.85,0.471,0.4
344,2,1.0,1.0,0.65,0.65,1.0,1.0,0.65,0.65
345,,0.95,0.95,0.6,0.6,0.95,0.95,0.6,0.6
346,,0.9,0.9,0.55,0.55,0.9,0.9,0.55,0.55
347,,0.85,0.85,0.5,0.5,0.85,0.85,0.5,0.5
348,,0.8,0.8,0.45,0.45,0.8,0.8,0.45,0.45
349,,0.75,0.75,0.4,0.4,0.75,0.75,0.4,0.4
350,,0.7,0.7,0.35,0.35,0.7,0.7,0.35,0.35
351,,0.65,0.65,0.3,0.3,0.65,0.65,0.3,0.3
352,,0.6,0.6,0.25,0.25,0.6,0.6,0.25,0.25
353,,0.55,0.55,0.2,0.2,0.55,0.55,0.2,0.2
354,,0.5,0.5,0.15,0.15,0.5,0.5,0.15,0.15
355,,0.45,0.45,0.1,0.1,0.45,0.45,0.1,0.1
356,,0.4,0.4,0.05,0.05,0.4,0.4,0.05,0.05
357,,0.35,0.35,0.0,0.0,0.35,0.35,0.0,0.0
358,,0.3,0.3,-0.05,-0.05,0.3,0.3,-0.05,-0.05
359,3,0.55,0.621,0.95,0.271,0.55,0.479,0.1,0.129
360,3,0.8,0.942,1.0,0.592,0.8,0.658,0.25,0.308
361,,0.75,0.892,0.95,0.542,0.75,0.608,0.2,0.258
362,,0.7,0.842,0.9,0.492,0.7,0.558,0.15,0.208
363,,0.65,0.792,0.85,0.442,0.65,0.508,0.1,0.158
364,,0.6,0.742,0.8,0.392,0.6,0.458,0.05,0.108
365,,0.55,0.692,0.75,0.342,0.55,0.408,0.0,0.058
366,,0.5,0.642,0.7,0.292,0.5,0.358,-0.05,0.008
367,7,0.75,0.821,0.85,0.471,0.75,0.679,0.95,0.329
368,7,1.0,1.0,1.0,0.65,1.0,1.0,1.0,0.65
369,,0.95,0.95,0.95,0.6,0.95,0.95,0.95,0.6
370,,0.9,0.9,0.9,0.55,0.9,0.9,0.9,0.55
371,,0.85,0.85,0.85,0.5,0.85,0.85,0.85,0.5
372,,0.8,0.8,0.8,0.45,0.8,0.8,0.8,0.45
373,,0.75,0.75,0.75,0.4,0.75,0.75,0.75,0.4
374,,0.7,0.7,0.7,0.35,0.7,0.7,0.7,0.35
375,,0.65,0.65,0.65,0.3,0.65,0.65,0.65,0.3
376,,0.6,0.6,0.6,0.25,0.6,0.6,0.6,0.25
377,,0.55,0.55,0.55,0.2,0.55,0.55,0.55,0.2
378,,0.5,0.5,0.5,0.15,0.5,0.5,0.5,0.15
379,,0.45,0.45,0.45,0.1,0.45,0.45,0.45,0.1
380,,0.4,0.4,0.4,0.05,0.4,0.4,0.4,0.05
381,,0.35,0.35,0.35,0.0,0.35,0.35,0.35,0.0
382,,0.3,0.3,0.3,-0.05,0.3,0.3,0.3,-0.05
383,8,0.621,0.55,0.479,0.1,0.479,0.55,0.621,0.95
384,8,0.942,0.8,0.658,0.25,0.658,0.8,0.942,1.0
385,,0.892,0.75,0.608,0.2,0.608,0.75,0.892,0.95
386,,0.842,0.7,0.558,0.15,0.558,0.7,0.842,0.9
387,,0.792,0.65,0.508,0.1,0.508,0.65,0.792,0.85
388,,0.742,0.6,0.458,0.05,0.458,0.6,0.742,0.8
389,,0.692,0.55,0.408,0.0,0.408,0.55,0.692,0.75
390,,0.642,0.5,0.358,-0.05,0.358,0.5,0.642,0.7
391,4,0.821,0.75,0.679,0.95,0.679,0.75,0.821,0.85
392,4,1.0,1.0,1.0,1.0,1.0,1.0,1.0,1.0
393,,0.95,0.95,0.95,0.95,0.95,0.95,0.95,0.95
394,,0.9,0.9,0.9,0.9,0.9,0.9,0.9,0.9
395,,0.85,0.85,0.85,0.85,0.85,0.85,0.85,0.85
396,,0.8,0.8,0.8,0.8,0.8,0.8,0.8,0.8
397,,0.75,0.75,0.75,0.75,0.75,0.75,0.75,0.75
398,,0.7,0.7,0.7,0.7,0.7,0.7,0.7,0.7
399,,0.65,0.65,0.65,0.65,0.65,0.65,0.65,0.65
400,,0.6,0.6,0.6,0.6,0.6,0.6,0.6,0.6
401,,0.55,0.55,0.55,0.55,0.55,0.55,0.55,0.55
402,,0.5,0.5,0.5,0.5,0.5,0.5,0.5,0.5
403,,0.45,0.45,0.45,0.45,0.45,0.45,0.45,0.45
404,,0.4,0.4,0.4,0.4,0.4,0.4,0.4,0.4
405,,0.35,0.35,0.35,0.35,0.35,0.35,0.35,0.35
406,,0.3,0.3,0.3,0.3,0.3,0.3,0.3,0.3
407,,0.25,0.25,0.25,0.25,0.25,0.25,0.25,0.25
408,,0.2,0.2,0.2,0.2,0.2,0.2,0.2,0.2
409,,0.15,0.15,0.15,0.15,0.15,0.15,0.15,0.15
410,,0.1,0.1,0.1,0.1,0.1,0.1,0.1,0.1
411,,0.05,0.05,0.05,0.05,0.05,0.05,0.05,0.05
412,,0.0,0.0,0.0,0.0,0.0,0.0,0.0,0.0
413,,-0.05,-0.05,-0.05,-0.05,-0.05,-0.05,-0.05,-0.05
414,8,0.271,0.2,0.129,0.1,0.129,0.2,0.271,0.95
415,8,0.592,0.45,0.308,0.25,0.308,0.45,0.592,1.0
416,,0.542,0.4,0.258,0.2,0.258,0.4,0.542,0.95
417,,0.492,0.35,0.208,0.15,0.208,0.35,0.492,0.9
418,,0.442,0.3,0.158,0.1,0.158,0.3,0.442,0.85
419,,0.392,0.25,0.108,0.05,0.108,0.25,0.392,0.8
420,,0.342,0.2,0.058,0.0,0.058,0.2,0.342,0.75
421,,0.292,0.15,0.008,-0.05,0.008,0.15,0.292,0.7
422,4,0.471,0.4,0.329,0.95,0.329,0.4,0.471,0.85
423,4,0.65,0.65,0.65,1.0,0.65,0.65,0.65,1.0
424,,0.6,0.6,0.6,0.95,0.6,0.6,0.6,0.95
425,,0.55,0.55,0.55,0.9,0.55,0.55,0.55,0.9
426,,0.5,0.5,0.5,0.85,0.5,0.5,0.5,0.85
427,,0.45,0.45,0.45,0.8,0.45,0.45,0.45,0.8
428,,0.4,0.4,0.4,0.75,0.4,0.4,0.4,0.75
429,,0.35,0.35,0.35,0.7,0.35,0.35,0.35,0.7
430,,0.3,0.3,0.3,0.65,0.3,0.3,0.3,0.65
431,,0.25,0.25,0.25,0.6,0.25,0.25,0.25,0.6
432,,0.2,0.2,0.2,0.55,0.2,0.2,0.2,0.55
433,,0.15,0.15,0.15,0.5,0.15,0.15,0.15,0.5
434,,0.1,0.1,0.1,0.45,0.1,0.1,0.1,0.45
435,,0.05,0.05,0.05,0.4,0.05,0.05,0.05,0.4
436,,0.0,0.0,0.0,0.35,0.0,0.0,0.0,0.35
437,,-0.05,-0.05,-0.05,0.3,-0.05,-0.05,-0.05,0.3
438,6,0.129,0.1,0.129,0.55,0.271,0.95,0.271,0.55
439,6,0.308,0.25,0.308,0.8,0.592,1.0,0.592,0.8
440,,0.258,0.2,0.258,0.75,0.542,0.95,0.542,0.75
441,,0.208,0.15,0.208,0.7,0.492,0.9,0.492,0.7
442,,0.158,0.1,0.158,0.65,0.442,0.85,0.442,0.65
443,,0.108,0.05,0.108,0.6,0.392,0.8,0.392,0.6
444,,0.058,0.0,0.058,0.55,0.342,0.75,0.342,0.55
445,,0.008,-0.05,0.008,0.5,0.292,0.7,0.292,0.5
446,2,0.329,0.95,0.329,0.75,0.471,0.85,0.471,0.75
447,2,0.65,1.0,0.65,1.0,0.65,1.0,0.65,1.0
448,,0.6,0.95,0.6,0.95,0.6,0.95,0.6,0.95
449,,0.55,0.9,0.55,0.9,0.55,0.9,0.55,0.9
450,,0.5,0.85,0.5,0.85,0.5,0.85,0.5,0.85
451,,0.45,0.8,0.45,0.8,0.45,0.8,0.45,0.8
452,,0.4,0.75,0.4,0.75,0.4,0.75,0.4,0.75
453,,0.35,0.7,0.35,0.7,0.35,0.7,0.35,0.7
454,,0.3,0.65,0.3,0.65,0.3,0.65,0.3,0.65
455,,0.25,0.6,0.25,0.6,0.25,0.6,0.25,0.6
456,,0.2,0.55,0.2,0.55,0.2,0.55,0.2,0.55
457,,0.15,0.5,0.15,0.5,0.15,0.5,0.15,0.5
458,,0.1,0.45,0.1,0.45,0.1,0.45,0.1,0.45
459,,0.05,0.4,0.05,0.4,0.05,0.4,0.05,0.4
460,,0.0,0.35,0.0,0.35,0.0,0.35,0.0,0.35
461,,-0.05,0.3,-0.05,0.3,-0.05,0.3,-0.05,0.3
462,1,0.95,0.621,0.2,0.479,0.1,0.479,0.2,0.621
463,1,1.0,0.942,0.45,0.658,0.25,0.658,0.45,0.942
464,,0.95,0.892,0.4,0.608,0.2,0.608,0.4,0.892
465,,0.9,0.842,0.35,0.558,0.15,0.558,0.35,0.842
466,,0.85,0.792,0.3,0.508,0.1,0.508,0.3,0.792
467,,0.8,0.742,0.25,0.458,0.05,0.458,0.25,0.742
468,,0.75,0.692,0.2,0.408,0.0,0.408,0.2,0.692
469,,0.7,0.642,0.15,0.358,-0.05,0.358,0.15,0.642
470,5,0.85,0.821,0.4,0.679,0.95,0.679,0.4,0.821
471,5,1.0,1.0,0.65,1.0,1.0,1.0,0.65,1.0
472,,0.95,0.95,0.6,0.95,0.95,0.95,0.6,0.95
473,,0.9,0.9,0.55,0.9,0.9,0.9,0.55,0.9
474,,0.85,0.85,0.5,0.85,0.85,0.85,0.5,0.85
475,,0.8,0.8,0.45,0.8,0.8,0.8,0.45,0.8
476,,0.75,0.75,0.4,0.75,0.75,0.75,0.4,0.75
477,,0.7,0.7,0.35,0.7,0.7,0.7,0.35,0.7
478,,0.65,0.65,0.3,0.65,0.65,0.65,0.3,0.65
479,,0.6,0.6,0.25,0.6,0.6,0.6,0.25,0.6
480,,0.55,0.55,0.2,0.55,0.55,0.55,0.2,0.55
481,,0.5,0.5,0.15,0.5,0.5,0.5,0.15,0.5
482,,0.45,0.45,0.1,0.45,0.45,0.45,0.1,0.45
483,,0.4,0.4,0.05,0.4,0.4,0.4,0.05,0.4
484,,0.35,0.35,0.0,0.35,0.35,0.35,0.0,0.35
485,,0.3,0.3,-0.05,0.3,0.3,0.3,-0.05,0.3
486,7,0.55,0.479,0.1,0.479,0.55,0.621,0.95,0.621
487,7,0.8,0.658,0.25,0.658,0.8,0.942,1.0,0.942
488,,0.75,0.608,0.2,0.608,0.75,0.892,0.95,0.892
489,,0.7,0.558,0.15,0.558,0.7,0.842,0.9,0.842
490,,0.65,0.508,0.1,0.508,0.65,0.792,0.85,0.792
491,,0.6,0.458,0.05,0.458,0.6,0.742,0.8,0.742
492,,0.55,0.408,0.0,0.408,0.55,0.692,0.75,0.692
493,,0.5,0.358,-0.05,0.358,0.5,0.642,0.7,0.642
494,3,0.75,0.679,0.95,0.679,0.75,0.821,0.85,0.821
495,3,1.0,1.0,1.0,1.0,1.0,1.0,1.0,1.0
496,,0.95,0.95,0.95,0.95,0.95,0.95,0.95,0.95
497,,0.9,0.9,0.9,0.9,0.9,0.9,0.9,0.9
498,,0.85,0.85,0.85,0.85,0.85,0.85,0.85,0.85
499,,0.8,0.8,0.8,0.8,0.8,0.8,0.8,0.8
500,,0.75,0.75,0.75,0.75,0.75,0.75,0.75,0.75
501,,0.7,0.7,0.7,0.7,0.7,0.7,0.7,0.7
502,,0.65,0.65,0.65,0.65,0.65,0.65,0.65,0.65
503,,0.6,0.6,0.6,0.6,0.6,0.6,0.6,0.6
504,,0.55,0.55,0.55,0.55,0.55,0.55,0.55,0.55
505,,0.5,0.5,0.5,0.5,0.5,0.5,0.5,0.5
506,,0.45,0.45,0.45,0.45,0.45,0.45,0.45,0.45
507,,0.4,0.4,0.4,0.4,0.4,0.4,0.4,0.4
508,,0.35,0.35,0.35,0.35,0.35,0.35,0.35,0.35
509,,0.3,0.3,0.3,0.3,0.3,0.3,0.3,0.3
510,,0.25,0.25,0.25,0.25,0.25,0.25,0.25,0.25
511,,0.2,0.2,0.2,0.2,0.2,0.2,0.2,0.2
512,,0.15,0.15,0.15,0.15,0.15,0.15,0.15,0.15
513,,0.1,0.1,0.1,0.1,0.1,0.1,0.1,0.1
514,,0.05,0.05,0.05,0.05,0.05,0.05,0.05,0.05
515,,0.0,0.0,0.0,0.0,0.0,0.0,0.0,0.0
516,,-0.05,-0.05,-0.05,-0.05,-0.05,-0.05,-0.05,-0.05
517,3,0.2,0.271,0.95,0.271,0.2,0.129,0.1,0.129
518,3,0.45,0.592,1.0,0.592,0.45,0.308,0.25,0.308
519,,0.4,0.542,0.95,0.542,0.4,0.258,0.2,0.258
520,,0.35,0.492,0.9,0.492,0.35,0.208,0.15,0.208
521,,0.3,0.442,0.85,0.442,0.3,0.158,0.1,0.158
522,,0.25,0.392,0.8,0.392,0.25,0.108,0.05,0.108
523,,0.2,0.342,0.75,0.342,0.2,0.058,0.0,0.058
524,,0.15,0.292,0.7,0.292,0.15,0.008,-0.05,0.008
525,7,0.4,0.471,0.85,0.471,0.4,0.329,0.95,0.329
526,7,0.65,0.65,1.0,0.65,0.65,0.65,1.0,0.65
527,,0.6,0.6,0.95,0.6,0.6,0.6,0.95,0.6
528,,0.55,0.55,0.9,0.55,0.55,0.55,0.9,0.55
529,,0.5,0.5,0.85,0.5,0.5,0.5,0.85,0.5
530,,0.45,0.45,0.8,0.45,0.45,0.45,0.8,0.45
531,,0.4,0.4,0.75,0.4,0.4,0.4,0.75,0.4
532,,0.35,0.35,0.7,0.35,0.35,0.35,0.7,0.35
533,,0.3,0.3,0.65,0.3,0.3,0.3,0.65,0.3
534,,0.25,0.25,0.6,0.25,0.25,0.25,0.6,0.25
535,,0.2,0.2,0.55,0.2,0.2,0.2,0.55,0.2
536,,0.15,0.15,0.5,0.15,0.15,0.15,0.5,0.15
537,,0.1,0.1,0.45,0.1,0.1,0.1,0.45,0.1
538,,0.05,0.05,0.4,0.05,0.05,0.05,0.4,0.05
539,,0.0,0.0,0.35,0.0,0.0,0.0,0.35,0.0
540,,-0.05,-0.05,0.3,-0.05,-0.05,-0.05,0.3,-0.05
541,6,0.129,0.1,0.479,0.2,0.271,0.95,0.621,0.2
542,6,0.308,0.25,0.658,0.45,0.592,1.0,0.942,0.45
543,,0.258,0.2,0.608,0.4,0.542,0.95,0.892,0.4
544,,0.208,0.15,0.558,0.35,0.492,0.9,0.842,0.35
545,,0.158,0.1,0.508,0.3,0.442,0.85,0.792,0.3
546,,0.108,0.05,0.458,0.25,0.392,0.8,0.742,0.25
547,,0.058,0.0,0.408,0.2,0.342,0.75,0.692,0.2
548,,0.008,-0.05,0.358,0.15,0.292,0.7,0.642,0.15
549,2,0.329,0.95,0.679,0.4,0.471,0.85,0.821,0.4
550,2,0.65,1.0,1.0,0.65,0.65,1.0,1.0,0.65
551,,0.6,0.95,0.95,0.6,0.6,0.95,0.95,0.6
552,,0.55,0.9,0.9,0.55,0.55,0.9,0.9,0.55
553,,0.5,0.85,0.85,0.5,0.5,0.85,0.85,0.5
554,,0.45,0.8,0.8,0.45,0.45,0.8,0.8,0.45
555,,0.4,0.75,0.75,0.4,0.4,0.75,0.75,0.4
556,,0.35,0.7,0.7,0.35,0.35,0.7,0.7,0.35
557,,0.3,0.65,0.65,0.3,0.3,0.65,0.65,0.3
558,,0.25,0.6,0.6,0.25,0.25,0.6,0.6,0.25
559,,0.2,0.55,0.55,0.2,0.2,0.55,0.55,0.2
560,,0.15,0.5,0.5,0.15,0.15,0.5,0.5,0.15
561,,0.1,0.45,0.45,0.1,0.1,0.45,0.45,0.1
562,,0.05,0.4,0.4,0.05,0.05,0.4,0.4,0.05
563,,0.0,0.35,0.35,0.0,0.0,0.35,0.35,0.0
564,,-0.05,0.3,0.3,-0.05,-0.05,0.3,0.3,-0.05
565,4,0.129,0.55,0.621,0.95,0.271,0.55,0.479,0.1
566,4,0.308,0.8,0.942,1.0,0.592,0.8,0.658,0.25
567,,0.258,0.75,0.892,0.95,0.542,0.75,0.608,0.2
568,,0.208,0.7,0.842,0.9,0.492,0.7,0.558,0.15
569,,0.158,0.65,0.792,0.85,0.442,0.65,0.508,0.1
570,,0.108,0.6,0.742,0.8,0.392,0.6,0.458,0.05
571,,0.058,0.55,0.692,0.75,0.342,0.55,0.408,0.0
572,,0.008,0.5,0.642,0.7,0.292,0.5,0.358,-0.05
573,8,0.329,0.75,0.821,0.85,0.471,0.75,0.679,0.95
574,8,0.65,1.0,1.0,1.0,0.65,1.0,1.0,1.0
575,,0.6,0.95,0.95,0.95,0.6,0.95,0.95,0.95
576,,0.55,0.9,0.9,0.9,0.55,0.9,0.9,0.9
577,,0.5,0.85,0.85,0.85,0.5,0.85,0.85,0.85
578,,0.45,0.8,0.8,0.8,0.45,0.8,0.8,0.8
579,,0.4,0.75,0.75,0.75,0.4,0.75,0.75,0.75
580,,0.35,0.7,0.7,0.7,0.35,0.7,0.7,0.7
581,,0.3,0.65,0.65,0.65,0.3,0.65,0.65,0.65
582,,0.25,0.6,0.6,0.6,0.25,0.6,0.6,0.6
583,,0.2,0.55,0.55,0.55,0.2,0.55,0.55,0.55
584,,0.15,0.5,0.5,0.5,0.15,0.5,0.5,0.5
585,,0.1,0.45,0.45,0.45,0.1,0.45,0.45,0.45
586,,0.05,0.4,0.4,0.4,0.05,0.4,0.4,0.4
587,,0.0,0.35,0.35,0.35,0.0,0.35,0.35,0.35
588,,-0.05,0.3,0.3,0.3,-0.05,0.3,0.3,0.3
589,5,0.1,0.479,0.55,0.621,0.95,0.621,0.55,0.479
590,5,0.25,0.658,0.8,0.942,1.0,0.942,0.8,0.658
591,,0.2,0.608,0.75,0.892,0.95,0.892,0.75,0.608
592,,0.15,0.558,0.7,0.842,0.9,0.842,0.7,0.558
593,,0.1,0.508,0.65,0.792,0.85,0.792,0.65,0.508
594,,0.05,0.458,0.6,0.742,0.8,0.742,0.6,0.458
595,,0.0,0.408,0.55,0.692,0.75,0.692,0.55,0.408
596,,-0.05,0.358,0.5,0.642,0.7,0.642,0.5,0.358
597,1,0.95,0.679,0.75,0.821,0.85,0.821,0.75,0.679
598,1,1.0,1.0,1.0,1.0,1.0,1.0,1.0,1.0
599,,0.95,0.95,0.95,0.95,0.95,0.95,0.95,0.95
600,,0.9,0.9,0.9,0.9,0.9,0.9,0.9,0.9
601,,0.85,0.85,0.85,0.85,0.85,0.85,0.85,0.85
602,,0.8,0.8,0.8,0.8,0.8,0.8,0.8,0.8
603,,0.75,0.75,0.75,0.75,0.75,0.75,0.75,0.75
604,,0.7,0.7,0.7,0.7,0.7,0.7,0.7,0.7
605,,0.65,0.65,0.65,0.65,0.65,0.65,0.65,0.65
606,,0.6,0.6,0.6,0.6,0.6,0.6,0.6,0.6
607,,0.55,0.55,0.55,0.55,0.55,0.55,0.55,0.55
608,,0.5,0.5,0.5,0.5,0.5,0.5,0.5,0.5
609,,0.45,0.45,0.45,0.45,0.45,0.45,0.45,0.45
610,,0.4,0.4,0.4,0.4,0.4,0.4,0.4,0.4
611,,0.35,0.35,0.35,0.35,0.35,0.35,0.35,0.35
612,,0.3,0.3,0.3,0.3,0.3,0.3,0.3,0.3
613,,0.25,0.25,0.25,0.25,0.25,0.25,0.25,0.25
614,,0.2,0.2,0.2,0.2,0.2,0.2,0.2,0.2
615,,0.15,0.15,0.15,0.15,0.15,0.15,0.15,0.15
616,,0.1,0.1,0.1,0.1,0.1,0.1,0.1,0.1
617,,0.05,0.05,0.05,0.05,0.05,0.05,0.05,0.05
618,,0.0,0.0,0.0,0.0,0.0,0.0,0.0,0.0
619,,-0.05,-0.05,-0.05,-0.05,-0.05,-0.05,-0.05,-0.05
620,3,0.2,0.271,0.95,0.271,0.2,0.129,0.1,0.129
621,3,0.45,0.592,1.0,0.592,0.45,0.308,0.25,0.308
622,,0.4,0.542,0.95,0.542,0.4,0.258,0.2,0.258
623,,0.35,0.492,0.9,0.492,0.35,0.208,0.15,0.208
624,,0.3,0.442,0.85,0.442,0.3,0.158,0.1,0.158
625,,0.25,0.392,0.8,0.392,0.25,0.108,0.05,0.108
626,,0.2,0.342,0.75,0.342,0.2,0.058,0.0,0.058
627,,0.15,0.292,0.7,0.292,0.15,0.008,-0.05,0.008
628,7,0.4,0.471,0.85,0.471,0.4,0.329,0.95,0.329
629,7,0.65,0.65,1.0,0.65,0.65,0.65,1.0,0.65
630,,0.6,0.6,0.95,0.6,0.6,0.6,0.95,0.6
631,,0.55,0.55,0.9,0.55,0.55,0.55,0.9,0.55
632,,0.5,0.5,0.85,0.5,0.5,0.5,0.85,0.5
633,,0.45,0.45,0.8,0.45,0.45,0.45,0.8,0.45
634,,0.4,0.4,0.75,0.4,0.4,0.4,0.75,0.4
635,,0.35,0.35,0.7,0.35,0.35,0.35,0.7,0.35
636,,0.3,0.3,0.65,0.3,0.3,0.3,0.65,0.3
637,,0.25,0.25,0.6,0.25,0.25,0.25,0.6,0.25
638,,0.2,0.2,0.55,0.2,0.2,0.2,0.55,0.2
639,,0.15,0.15,0.5,0.15,0.15,0.15,0.5,0.15
640,,0.1,0.1,0.45,0.1,0.1,0.1,0.45,0.1
641,,0.05,0.05,0.4,0.05,0.05,0.05,0.4,0.05
642,,0.0,0.0,0.35,0.0,0.0,0.0,0.35,0.0
643,,-0.05,-0.05,0.3,-0.05,-0.05,-0.05,0.3,-0.05
644,6,0.129,0.1,0.479,0.2,0.271,0.95,0.621,0.2
645,6,0.308,0.25,0.658,0.45,0.592,1.0,0.942,0.45
646,,0.258,0.2,0.608,0.4,0.542,0.95,0.892,0.4
647,,0.208,0.15,0.558,0.35,0.492,0.9,0.842,0.35
648,,0.158,0.1,0.508,0.3,0.442,0.85,0.792,0.3
649,,0.108,0.05,0.458,0.25,0.392,0.8,0.742,0.25
650,,0.058,0.0,0.408,0.2,0.342,0.75,0.692,0.2
651,,0.008,-0.05,0.358,0.15,0.292,0.7,0.642,0.15
652,2,0.329,0.95,0.679,0.4,0.471,0.85,0.821,0.4
653,2,0.65,1.0,1.0,0.65,0.65,1.0,1.0,0.65
654,,0.6,0.95,0.95,0.6,0.6,0.95,0.95,0.6
655,,0.55,0.9,0.9,0.55,0.55,0.9,0.9,0.55
656,,0.5,0.85,0.85,0.5,0.5,0.85,0.85,0.5
657,,0.45,0.8,0.8,0.45,0.45,0.8,0.8,0.45
658,,0.4,0.75,0.75,0.4,0.4,0.75,0.75,0.4
659,,0.35,0.7,0.7,0.35,0.35,0.7,0.7,0.35
660,,0.3,0.65,0.65,0.3,0.3,0.65,0.65,0.3
661,,0.25,0.6,0.6,0.25,0.25,0.6,0.6,0.25
662,,0.2,0.55,0.55,0.2,0.2,0.55,0.55,0.2
663,,0.15,0.5,0.5,0.15,0.15,0.5,0.5,0.15
664,,0.1,0.45,0.45,0.1,0.1,0.45,0.45,0.1
665,,0.05,0.4,0.4,0.05,0.05,0.4,0.4,0.05
666,,0.0,0.35,0.35,0.0,0.0,0.35,0.35,0.0
667,,-0.05,0.3,0.3,-0.05,-0.05,0.3,0.3,-0.05
668,5,0.1,0.479,0.55,0.271,0.95,0.621,0.55,0.129
669,5,0.25,0.658,0.8,0.592,1.0,0.942,0.8,0.308
670,,0.2,0.608,0.75,0.542,0.95,0.892,0.75,0.258
671,,0.15,0.558,0.7,0.492,0.9,0.842,0.7,0.208
672,,0.1,0.508,0.65,0.442,0.85,0.792,0.65,0.158
673,,0.05,0.458,0.6,0.392,0.8,0.742,0.6,0.108
674,,0.0,0.408,0.55,0.342,0.75,0.692,0.55,0.058
675,,-0.05,0.358,0.5,0.292,0.7,0.642,0.5,0.008
676,1,0.95,0.679,0.75,0.471,0.85,0.821,0.75,0.329
677,1,1.0,1.0,1.0,0.65,1.0,1.0,1.0,0.65
678,,0.95,0.95,0.95,0.6,0.95,0.95,0.95,0.6
679,,0.9,0.9,0.9,0.55,0.9,0.9,0.9,0.55
680,,0.85,0.85,0.85,0.5,0.85,0.85,0.85,0.5
681,,0.8,0.8,0.8,0.45,0.8,0.8,0.8,0.45
682,,0.75,0.75,0.75,0.4,0.75,0.75,0.75,0.4
683,,0.7,0.7,0.7,0.35,0.7,0.7,0.7,0.35
684,,0.65,0.65,0.65,0.3,0.65,0.65,0.65,0.3
685,,0.6,0.6,0.6,0.25,0.6,0.6,0.6,0.25
686,,0.55,0.55,0.55,0.2,0.55,0.55,0.55,0.2
687,,0.5,0.5,0.5,0.15,0.5,0.5,0.5,0.15
688,,0.45,0.45,0.45,0.1,0.45,0.45,0.45,0.1
689,,0.4,0.4,0.4,0.05,0.4,0.4,0.4,0.05
690,,0.35,0.35,0.35,0.0,0.35,0.35,0.35,0.0
691,,0.3,0.3,0.3,-0.05,0.3,0.3,0.3,-0.05
692,4,0.479,0.55,0.621,0.95,0.621,0.55,0.479,0.1
693,4,0.658,0.8,0.942,1.0,0.942,0.8,0.658,0.25
694,,0.608,0.75,0.892,0.95,0.892,0.75,0.608,0.2
695,,0.558,0.7,0.842,0.9,0.842,0.7,0.558,0.15
696,,0.508,0.65,0.792,0.85,0.792,0.65,0.508,0.1
697,,0.458,0.6,0.742,0.8,0.742,0.6,0.458,0.05
698,,0.408,0.55,0.692,0.75,0.692,0.55,0.408,0.0
699,,0.358,0.5,0.642,0.7,0.642,0.5,0.358,-0.05
700,8,0.679,0.75,0.821,0.85,0.821,0.75,0.679,0.95
701,8,1.0,1.0,1.0,1.0,1.0,1.0,1.0,1.0
702,,0.95,0.95,0.95,0.95,0.95,0.95,0.95,0.95
703,,0.9,0.9,0.9,0.9,0.9,0.9,0.9,0.9
704,,0.85,0.85,0.85,0.85,0.85,0.85,0.85,0.85
705,,0.8,0.8,0.8,0.8,0.8,0.8,0.8,0.8
706,,0.75,0.75,0.75,0.75,0.75,0.75,0.75,0.75
707,,0.7,0.7,0.7,0.7,0.7,0.7,0.7,0.7
708,,0.65,0.65,0.65,0.65,0.65,0.65,0.65,0.65
709,,0.6,0.6,0.6,0.6,0.6,0.6,0.6,0.6
710,,0.55,0.55,0.55,0.55,0.55,0.55,0.55,0.55
711,,0.5,0.5,0.5,0.5,0.5,0.5,0.5,0.5
712,,0.45,0.45,0.45,0.45,0.45,0.45,0.45,0.45
713,,0.4,0.4,0.4,0.4,0.4,0.4,0.4,0.4
714,,0.35,0.35,0.35,0.35,0.35,0.35,0.35,0.35
715,,0.3,0.3,0.3,0.3,0.3,0.3,0.3,0.3
716,,0.25,0.25,0.25,0.25,0.25,0.25,0.25,0.25
717,,0.2,0.2,0.2,0.2,0.2,0.2,0.2,0.2
718,,0.15,0.15,0.15,0.15,0.15,0.15,0.15,0.15
719,,0.1,0.1,0.1,0.1,0.1,0.1,0.1,0.1
720,,0.05,0.05,0.05,0.05,0.05,0.05,0.05,0.05
721,,0.0,0.0,0.0,0.0,0.0,0.0,0.0,0.0
722,,-0.05,-0.05,-0.05,-0.05,-0.05,-0.05,-0.05,-0.05
723,2,0.271,0.95,0.271,0.2,0.129,0.1,0.129,0.2
724,2,0.592,1.0,0.592,0.45,0.308,0.25,0.308,0.45
725,,0.542,0.95,0.542,0.4,0.258,0.2,0.258,0.4
726,,0.492,0.9,0.492,0.35,0.208,0.15,0.208,0.35
727,,0.442,0.85,0.442,0.3,0.158,0.1,0.158,0.3
728,,0.392,0.8,0.392,0.25,0.108,0.05,0.108,0.25
729,,0.342,0.75,0.342,0.2,0.058,0.0,0.058,0.2
730,,0.292,0.7,0.292,0.15,0.008,-0.05,0.008,0.15
731,6,0.471,0.85,0.471,0.4,0.329,0.95,0.329,0.4
732,6,0.65,1.0,0.65,0.65,0.65,1.0,0.65,0.65
733,,0.6,0.95,0.6,0.6,0.6,0.95,0.6,0.6
734,,0.55,0.9,0.55,0.55,0.55,0.9,0.55,0.55
735,,0.5,0.85,0.5,0.5,0.5,0.85,0.5,0.5
736,,0.45,0.8,0.45,0.45,0.45,0.8,0.45,0.45
737,,0.4,0.75,0.4,0.4,0.4,0.75,0.4,0.4
738,,0.35,0.7,0.35,0.35,0.35,0.7,0.35,0.35
739,,0.3,0.65,0.3,0.3,0.3,0.65,0.3,0.3
740,,0.25,0.6,0.25,0.25,0.25,0.6,0.25,0.25
741,,0.2,0.55,0.2,0.2,0.2,0.55,0.2,0.2
742,,0.15,0.5,0.15,0.15,0.15,0.5,0.15,0.15
743,,0.1,0.45,0.1,0.1,0.1,0.45,0.1,0.1
744,,0.05,0.4,0.05,0.05,0.05,0.4,0.05,0.05
745,,0.0,0.35,0.0,0.0,0.0,0.35,0.0,0.0
746,,-0.05,0.3,-0.05,-0.05,-0.05,0.3,-0.05,-0.05
747,3,0.2,0.621,0.95,0.271,0.2,0.479,0.1,0.129
748,3,0.45,0.942,1.0,0.592,0.45,0.658,0.25,0.308
749,,0.4,0.892,0.95,0.542,0.4,0.608,0.2,0.258
750,,0.35,0.842,0.9,0.492,0.35,0.558,0.15,0.208
751,,0.3,0.792,0.85,0.442,0.3,0.508,0.1,0.158
752,,0.25,0.742,0.8,0.392,0.25,0.458,0.05,0.108
753,,0.2,0.692,0.75,0.342,0.2,0.408,0.0,0.058
754,,0.15,0.642,0.7,0.292,0.15,0.358,-0.05,0.008
755,7,0.4,0.821,0.85,0.471,0.4,0.679,0.95,0.329
756,7,0.65,1.0,1.0,0.65,0.65,1.0,1.0,0.65
757,,0.6,0.95,0.95,0.6,0.6,0.95,0.95,0.6
758,,0.55,0.9,0.9,0.55,0.55,0.9,0.9,0.55
759,,0.5,0.85,0.85,0.5,0.5,0.85,0.85,0.5
760,,0.45,0.8,0.8,0.45,0.45,0.8,0.8,0.45
761,,0.4,0.75,0.75,0.4,0.4,0.75,0.75,0.4
762,,0.35,0.7,0.7,0.35,0.35,0.7,0.7,0.35
763,,0.3,0.65,0.65,0.3,0.3,0.65,0.65,0.3
764,,0.25,0.6,0.6,0.25,0.25,0.6,0.6,0.25
765,,0.2,0.55,0.55,0.2,0.2,0.55,0.55,0.2
766,,0.15,0.5,0.5,0.15,0.15,0.5,0.5,0.15
767,,0.1,0.45,0.45,0.1,0.1,0.45,0.45,0.1
768,,0.05,0.4,0.4,0.05,0.05,0.4,0.4,0.05
769,,0.0,0.35,0.35,0.0,0.0,0.35,0.35,0.0
770,,-0.05,0.3,0.3,-0.05,-0.05,0.3,0.3,-0.05
771,8,0.271,0.55,0.479,0.1,0.129,0.55,0.621,0.95
772,8,0.592,0.8,0.658,0.25,0.308,0.8,0.942,1.0
773,,0.542,0.75,0.608,0.2,0.258,0.75,0.892,0.95
774,,0.492,0.7,0.558,0.15,0.208,0.7,0.842,0.9
775,,0.442,0.65,0.508,0.1,0.158,0.65,0.792,0.85
776,,0.392,0.6,0.458,0.05,0.108,0.6,0.742,0.8
777,,0.342,0.55,0.408,0.0,0.058,0.55,0.692,0.75
778,,0.292,0.5,0.358,-0.05,0.008,0.5,0.642,0.7
779,4,0.471,0.75,0.679,0.95,0.329,0.75,0.821,0.85
780,4,0.65,1.0,1.0,1.0,0.65,1.0,1.0,1.0
781,,0.6,0.95,0.95,0.95,0.6,0.95,0.95,0.95
782,,0.55,0.9,0.9,0.9,0.55,0.9,0.9,0.9
783,,0.5,0.85,0.85,0.85,0.5,0.85,0.85,0.85
784,,0.45,0.8,0.8,0.8,0.45,0.8,0.8,0.8
785,,0.4,0.75,0.75,0.75,0.4,0.75,0.75,0.75
786,,0.35,0.7,0.7,0.7,0.35,0.7,0.7,0.7
787,,0.3,0.65,0.65,0.65,0.3,0.65,0.65,0.65
788,,0.25,0.6,0.6,0.6,0.25,0.6,0.6,0.6
789,,0.2,0.55,0.55,0.55,0.2,0.55,0.55,0.55
790,,0.15,0.5,0.5,0.5,0.15,0.5,0.5,0.5
791,,0.1,0.45,0.45,0.45,0.1,0.45,0.45,0.45
792,,0.05,0.4,0.4,0.4,0.05,0.4,0.4,0.4
793,,0.0,0.35,0.35,0.35,0.0,0.35,0.35,0.35
794,,-0.05,0.3,0.3,0.3,-0.05,0.3,0.3,0.3
795,5,0.1,0.479,0.55,0.621,0.95,0.621,0.55,0.479
796,5,0.25,0.658,0.8,0.942,1.0,0.942,0.8,0.658
797,,0.2,0.608,0.75,0.892,0.95,0.892,0.75,0.608
798,,0.15,0.558,0.7,0.842,0.9,0.842,0.7,0.558
799,,0.1,0.508,0.65,0.792,0.85,0.792,0.65,0.508
800,,0.05,0.458,0.6,0.742,0.8,0.742,0.6,0.458
801,,0.0,0.408,0.55,0.692,0.75,0.692,0.55,0.408
802,,-0.05,0.358,0.5,0.642,0.7,0.642,0.5,0.358
803,1,0.95,0.679,0.75,0.821,0.85,0.821,0.75,0.679
804,1,1.0,1.0,1.0,1.0,1.0,1.0,1.0,1.0
805,,0.95,0.95,0.95,0.95,0.95,0.95,0.95,0.95
806,,0.9,0.9,0.9,0.9,0.9,0.9,0.9,0.9
807,,0.85,0.85,0.85,0.85,0.85,0.85,0.85,0.85
808,,0.8,0.8,0.8,0.8,0.8,0.8,0.8,0.8
809,,0.75,0.75,0.75,0.75,0.75,0.75,0.75,0.75
810,,0.7,0.7,0.7,0.7,0.7,0.7,0.7,0.7
811,,0.65,0.65,0.65,0.65,0.65,0.65,0.65,0.65
812,,0.6,0.6,0.6,0.6,0.6,0.6,0.6,0.6
813,,0.55,0.55,0.55,0.55,0.55,0.55,0.55,0.55
814,,0.5,0.5,0.5,0.5,0.5,0.5,0.5,0.5
815,,0.45,0.45,0.45,0.45,0.45,0.45,0.45,0.45
816,,0.4,0.4,0.4,0.4,0.4,0.4,0.4,0.4
817,,0.35,0.35,0.35,0.35,0.35,0.35,0.35,0.35
818,,0.3,0.3,0.3,0.3,0.3,0.3,0.3,0.3
819,,0.25,0.25,0.25,0.25,0.25,0.25,0.25,0.25
820,,0.2,0.2,0.2,0.2,0.2,0.2,0.2,0.2
821,,0.15,0.15,0.15,0.15,0.15,0.15,0.15,0.15
822,,0.1,0.1,0.1,0.1,0.1,0.1,0.1,0.1
823,,0.05,0.05,0.05,0.05,0.05,0.05,0.05,0.05
824,,0.0,0.0,0.0,0.0,0.0,0.0,0.0,0.0
825,,-0.05,-0.05,-0.05,-0.05,-0.05,-0.05,-0.05,-0.05
826,2,0.271,0.95,0.271,0.2,0.129,0.1,0.129,0.2
827,2,0.592,1.0,0.592,0.45,0.308,0.25,0.308,0.45
828,,0.542,0.95,0.542,0.4,0.258,0.2,0.258,0.4
829,,0.492,0.9,0.492,0.35,0.208,0.15,0.208,0.35
830,,0.442,0.85,0.442,0.3,0.158,0.1,0.158,0.3
831,,0.392,0.8,0.392,0.25,0.108,0.05,0.108,0.25
832,,0.342,0.75,0.342,0.2,0.058,0.0,0.058,0.2
833,,0.292,0.7,0.292,0.15,0.008,-0.05,0.008,0.15
834,6,0.471,0.85,0.471,0.4,0.329,0.95,0.329,0.4
835,6,0.65,1.0,0.65,0.65,0.65,1.0,0.65,0.65
836,,0.6,0.95,0.6,0.6,0.6,0.95,0.6,0.6
837,,0.55,0.9,0.55,0.55,0.55,0.9,0.55,0.55
838,,0.5,0.85,0.5,0.5,0.5,0.85,0.5,0.5
839,,0.45,0.8,0.45,0.45,0.45,0.8,0.45,0.45
840,,0.4,0.75,0.4,0.4,0.4,0.75,0.4,0.4
841,,0.35,0.7,0.35,0.35,0.35,0.7,0.35,0.35
842,,0.3,0.65,0.3,0.3,0.3,0.65,0.3,0.3
843,,0.25,0.6,0.25,0.25,0.25,0.6,0.25,0.25
844,,0.2,0.55,0.2,0.2,0.2,0.55,0.2,0.2
845,,0.15,0.5,0.15,0.15,0.15,0.5,0.15,0.15
846,,0.1,0.45,0.1,0.1,0.1,0.45,0.1,0.1
847,,0.05,0.4,0.05,0.05,0.05,0.4,0.05,0.05
848,,0.0,0.35,0.0,0.0,0.0,0.35,0.0,0.0
849,,-0.05,0.3,-0.05,-0.05,-0.05,0.3,-0.05,-0.05
850,4,0.129,0.55,0.271,0.95,0.271,0.55,0.129,0.1
851,4,0.308,0.8,0.592,1.0,0.592,0.8,0.308,0.25
852,,0.258,0.75,0.542,0.95,0.542,0.75,0.258,0.2
853,,0.208,0.7,0.492,0.9,0.492,0.7,0.208,0.15
854,,0.158,0.65,0.442,0.85,0.442,0.65,0.158,0.1
855,,0.108,0.6,0.392,0.8,0.392,0.6,0.108,0.05
856,,0.058,0.55,0.342,0.75,0.342,0.55,0.058,0.0
857,,0.008,0.5,0.292,0.7,0.292,0.5,0.008,-0.05
858,8,0.329,0.75,0.471,0.85,0.471,0.75,0.329,0.95
859,8,0.65,1.0,0.65,1.0,0.65,1.0,0.65,1.0
860,,0.6,0.95,0.6,0.95,0.6,0.95,0.6,0.95
861,,0.55,0.9,0.55,0.9,0.55,0.9,0.55,0.9
862,,0.5,0.85,0.5,0.85,0.5,0.85,0.5,0.85
863,,0.45,0.8,0.45,0.8,0.45,0.8,0.45,0.8
864,,0.4,0.75,0.4,0.75,0.4,0.75,0.4,0.75
865,,0.35,0.7,0.35,0.7,0.35,0.7,0.35,0.7
866,,0.3,0.65,0.3,0.65,0.3,0.65,0.3,0.65
867,,0.25,0.6,0.25,0.6,0.25,0.6,0.25,0.6
868,,0.2,0.55,0.2,0.55,0.2,0.55,0.2,0.55
869,,0.15,0.5,0.15,0.5,0.15,0.5,0.15,0.5
870,,0.1,0.45,0.1,0.45,0.1,0.45,0.1,0.45
871,,0.05,0.4,0.05,0.4,0.05,0.4,0.05,0.4
872,,0.0,0.35,0.0,0.35,0.0,0.35,0.0,0.35
873,,-0.05,0.3,-0.05,0.3,-0.05,0.3,-0.05,0.3
874,1,0.95,0.621,0.2,0.479,0.1,0.479,0.2,0.621
875,1,1.0,0.942,0.45,0.658,0.25,0.658,0.45,0.942
876,,0.95,0.892,0.4,0.608,0.2,0.608,0.4,0.892
877,,0.9,0.842,0.35,0.558,0.15,0.558,0.35,0.842
878,,0.85,0.792,0.3,0.508,0.1,0.508,0.3,0.792
879,,0.8,0.742,0.25,0.458,0.05,0.458,0.25,0.742
880,,0.75,0.692,0.2,0.408,0.0,0.408,0.2,0.692
881,,0.7,0.642,0.15,0.358,-0.05,0.358,0.15,0.642
882,5,0.85,0.821,0.4,0.679,0.95,0.679,0.4,0.821
883,5,1.0,1.0,0.65,1.0,1.0,1.0,0.65,1.0
884,,0.95,0.95,0.6,0.95,0.95,0.95,0.6,0.95
885,,0.9,0.9,0.55,0.9,0.9,0.9,0.55,0.9
886,,0.85,0.85,0.5,0.85,0.85,0.85,0.5,0.85
887,,0.8,0.8,0.45,0.8,0.8,0.8,0.45,0.8
888,,0.75,0.75,0.4,0.75,0.75,0.75,0.4,0.75
889,,0.7,0.7,0.35,0.7,0.7,0.7,0.35,0.7
890,,0.65,0.65,0.3,0.65,0.65,0.65,0.3,0.65
891,,0.6,0.6,0.25,0.6,0.6,0.6,0.25,0.6
892,,0.55,0.55,0.2,0.55,0.55,0.55,0.2,0.55
