step,active_motive,motive_1,motive_2,motive_3,motive_4,motive_5,motive_6,motive_7,motive_8
0,,0.01943,0.00709,0.03968,0.00508,0.08866,0.00276,0.05789,0.04385
1,,-0.03057,-0.04291,-0.01032,-0.04492,0.03866,-0.04724,0.00789,-0.00615
2,6,0.14843,0.10709,0.16868,0.20508,0.35966,0.95276,0.32889,0.24385
3,6,0.32743,0.25709,0.34768,0.45508,0.68066,1.0,0.64989,0.49385
4,,0.27743,0.20709,0.29768,0.40508,0.63066,0.95,0.59989,0.44385
5,,0.22743,0.15709,0.24768,0.35508,0.58066,0.9,0.54989,0.39385
6,,0.17743,0.10709,0.19768,0.30508,0.53066,0.85,0.49989,0.34385
7,,0.12743,0.05709,0.14768,0.25508,0.48066,0.8,0.44989,0.29385
8,,0.07743,0.00709,0.09768,0.20508,0.43066,0.75,0.39989,0.24385
9,,0.02743,-0.04291,0.04768,0.15508,0.38066,0.7,0.34989,0.19385
10,2,0.34843,0.95709,0.36868,0.40508,0.55966,0.85,0.52889,0.44385
11,2,0.66943,1.0,0.68968,0.65508,0.73866,1.0,0.70789,0.69385
12,,0.61943,0.95,0.63968,0.60508,0.68866,0.95,0.65789,0.64385
13,,0.56943,0.9,0.58968,0.55508,0.63866,0.9,0.60789,0.59385
14,,0.51943,0.85,0.53968,0.50508,0.58866,0.85,0.55789,0.54385
15,,0.46943,0.8,0.48968,0.45508,0.53866,0.8,0.50789,0.49385
16,,0.41943,0.75,0.43968,0.40508,0.48866,0.75,0.45789,0.44385
17,,0.36943,0.7,0.38968,0.35508,0.43866,0.7,0.40789,0.39385
18,,0.31943,0.65,0.33968,0.30508,0.38866,0.65,0.35789,0.34385
19,,0.26943,0.6,0.28968,0.25508,0.33866,0.6,0.30789,0.29385
20,,0.21943,0.55,0.23968,0.20508,0.28866,0.55,0.25789,0.24385
21,,0.16943,0.5,0.18968,0.15508,0.23866,0.5,0.20789,0.19385
22,,0.11943,0.45,0.13968,0.10508,0.18866,0.45,0.15789,0.14385
23,,0.06943,0.4,0.08968,0.05508,0.13866,0.4,0.10789,0.09385
24,,0.01943,0.35,0.03968,0.00508,0.08866,0.35,0.05789,0.04385
25,,-0.03057,0.3,-0.01032,-0.04492,0.03866,0.3,0.00789,-0.00615
26,4,0.14843,0.55,0.31068,0.95508,0.35966,0.55,0.18689,0.14385
27,4,0.32743,0.8,0.63168,1.0,0.68066,0.8,0.36589,0.29385
28,,0.27743,0.75,0.58168,0.95,0.63066,0.75,0.31589,0.24385
29,,0.22743,0.7,0.53168,0.9,0.58066,0.7,0.26589,0.19385
30,,0.17743,0.65,0.48168,0.85,0.53066,0.65,0.21589,0.14385
31,,0.12743,0.6,0.43168,0.8,0.48066,0.6,0.16589,0.09385
32,,0.07743,0.55,0.38168,0.75,0.43066,0.55,0.11589,0.04385
33,,0.02743,0.5,0.33168,0.7,0.38066,0.5,0.06589,-0.00615
34,8,0.34843,0.75,0.51068,0.85,0.55966,0.75,0.38689,0.99385
35,8,0.66943,1.0,0.68968,1.0,0.73866,1.0,0.70789,1.0
36,,0.61943,0.95,0.63968,0.95,0.68866,0.95,0.65789,0.95
37,,0.56943,0.9,0.58968,0.9,0.63866,0.9,0.60789,0.9
38,,0.51943,0.85,0.53968,0.85,0.58866,0.85,0.55789,0.85
39,,0.46943,0.8,0.48968,0.8,0.53866,0.8,0.50789,0.8
40,,0.41943,0.75,0.43968,0.75,0.48866,0.75,0.45789,0.75
41,,0.36943,0.7,0.38968,0.7,0.43866,0.7,0.40789,0.7
42,,0.31943,0.65,0.33968,0.65,0.38866,0.65,0.35789,0.65
43,,0.26943,0.6,0.28968,0.6,0.33866,0.6,0.30789,0.6
44,,0.21943,0.55,0.23968,0.55,0.28866,0.55,0.25789,0.55
45,,0.16943,0.5,0.18968,0.5,0.23866,0.5,0.20789,0.5
46,,0.11943,0.45,0.13968,0.45,0.18866,0.45,0.15789,0.45
47,,0.06943,0.4,0.08968,0.4,0.13866,0.4,0.10789,0.4
48,,0.01943,0.35,0.03968,0.35,0.08866,0.35,0.05789,0.35
49,,-0.03057,0.3,-0.01032,0.3,0.03866,0.3,0.00789,0.3
50,1,0.96943,0.621,0.23968,0.479,0.18866,0.479,0.25789,0.621
51,1,1.0,0.942,0.48968,0.658,0.33866,0.658,0.50789,0.942
52,,0.95,0.892,0.43968,0.608,0.28866,0.608,0.45789,0.892
53,,0.9,0.842,0.38968,0.558,0.23866,0.558,0.40789,0.842
54,,0.85,0.792,0.33968,0.508,0.18866,0.508,0.35789,0.792
55,,0.8,0.742,0.28968,0.458,0.13866,0.458,0.30789,0.742
56,,0.75,0.692,0.23968,0.408,0.08866,0.408,0.25789,0.692
57,,0.7,0.642,0.18968,0.358,0.03866,0.358,0.20789,0.642
58,,0.65,0.592,0.13968,0.308,-0.01134,0.308,0.15789,0.592
59,5,0.8,0.771,0.38968,0.629,0.98866,0.629,0.40789,0.771
60,5,0.95,0.95,0.63968,0.95,1.0,0.95,0.65789,0.95
61,,0.9,0.9,0.58968,0.9,0.95,0.9,0.60789,0.9
62,,0.85,0.85,0.53968,0.85,0.9,0.85,0.55789,0.85
63,,0.8,0.8,0.48968,0.8,0.85,0.8,0.50789,0.8
64,,0.75,0.75,0.43968,0.75,0.8,0.75,0.45789,0.75
65,,0.7,0.7,0.38968,0.7,0.75,0.7,0.40789,0.7
66,,0.65,0.65,0.33968,0.65,0.7,0.65,0.35789,0.65
67,,0.6,0.6,0.28968,0.6,0.65,0.6,0.30789,0.6
68,,0.55,0.55,0.23968,0.55,0.6,0.55,0.25789,0.55
69,,0.5,0.5,0.18968,0.5,0.55,0.5,0.20789,0.5
70,,0.45,0.45,0.13968,0.45,0.5,0.45,0.15789,0.45
71,,0.4,0.4,0.08968,0.4,0.45,0.4,0.10789,0.4
72,,0.35,0.35,0.03968,0.35,0.4,0.35,0.05789,0.35
73,,0.3,0.3,-0.01032,0.3,0.35,0.3,0.00789,0.3
74,3,0.55,0.621,0.98968,0.621,0.6,0.479,0.15789,0.479
75,3,0.8,0.942,1.0,0.942,0.85,0.658,0.30789,0.658
76,,0.75,0.892,0.95,0.892,0.8,0.608,0.25789,0.608
77,,0.7,0.842,0.9,0.842,0.75,0.558,0.20789,0.558
78,,0.65,0.792,0.85,0.792,0.7,0.508,0.15789,0.508
79,,0.6,0.742,0.8,0.742,0.65,0.458,0.10789,0.458
80,,0.55,0.692,0.75,0.692,0.6,0.408,0.05789,0.408
81,,0.5,0.642,0.7,0.642,0.55,0.358,0.00789,0.358
82,,0.45,0.592,0.65,0.592,0.5,0.308,-0.04211,0.308
83,7,0.7,0.771,0.8,0.771,0.75,0.629,0.95789,0.629
84,7,0.95,0.95,0.95,0.95,1.0,0.95,1.0,0.95
85,,0.9,0.9,0.9,0.9,0.95,0.9,0.95,0.9
86,,0.85,0.85,0.85,0.85,0.9,0.85,0.9,0.85
87,,0.8,0.8,0.8,0.8,0.85,0.8,0.85,0.8
88,,0.75,0.75,0.75,0.75,0.8,0.75,0.8,0.75
89,,0.7,0.7,0.7,0.7,0.75,0.7,0.75,0.7
90,,0.65,0.65,0.65,0.65,0.7,0.65,0.7,0.65
91,,0.6,0.6,0.6,0.6,0.65,0.6,0.65,0.6
92,,0.55,0.55,0.55,0.55,0.6,0.55,0.6,0.55
93,,0.5,0.5,0.5,0.5,0.55,0.5,0.55,0.5
94,,0.45,0.45,0.45,0.45,0.5,0.45,0.5,0.45
95,,0.4,0.4,0.4,0.4,0.45,0.4,0.45,0.4
96,,0.35,0.35,0.35,0.35,0.4,0.35,0.4,0.35
97,,0.3,0.3,0.3,0.3,0.35,0.3,0.35,0.3
98,,0.25,0.25,0.25,0.25,0.3,0.25,0.3,0.25
99,,0.2,0.2,0.2,0.2,0.25,0.2,0.25,0.2
100,,0.15,0.15,0.15,0.15,0.2,0.15,0.2,0.15
101,,0.1,0.1,0.1,0.1,0.15,0.1,0.15,0.1
102,,0.05,0.05,0.05,0.05,0.1,0.05,0.1,0.05
103,,0.0,0.0,0.0,0.0,0.05,0.0,0.05,0.0
104,,-0.05,-0.05,-0.05,-0.05,0.0,-0.05,0.0,-0.05
105,8,0.271,0.2,0.129,0.1,0.179,0.2,0.321,0.95
106,8,0.592,0.45,0.308,0.25,0.358,0.45,0.642,1.0
107,,0.542,0.4,0.258,0.2,0.308,0.4,0.592,0.95
108,,0.492,0.35,0.208,0.15,0.258,0.35,0.542,0.9
109,,0.442,0.3,0.158,0.1,0.208,0.3,0.492,0.85
110,,0.392,0.25,0.108,0.05,0.158,0.25,0.442,0.8
111,,0.342,0.2,0.058,0.0,0.108,0.2,0.392,0.75
112,,0.292,0.15,0.008,-0.05,0.058,0.15,0.342,0.7
113,4,0.471,0.4,0.329,0.95,0.379,0.4,0.521,0.85
114,4,0.65,0.65,0.65,1.0,0.7,0.65,0.7,1.0
115,,0.6,0.6,0.6,0.95,0.65,0.6,0.65,0.95
116,,0.55,0.55,0.55,0.9,0.6,0.55,0.6,0.9
117,,0.5,0.5,0.5,0.85,0.55,0.5,0.55,0.85
118,,0.45,0.45,0.45,0.8,0.5,0.45,0.5,0.8
119,,0.4,0.4,0.4,0.75,0.45,0.4,0.45,0.75
120,,0.35,0.35,0.35,0.7,0.4,0.35,0.4,0.7
121,,0.3,0.3,0.3,0.65,0.35,0.3,0.35,0.65
122,,0.25,0.25,0.25,0.6,0.3,0.25,0.3,0.6
123,,0.2,0.2,0.2,0.55,0.25,0.2,0.25,0.55
124,,0.15,0.15,0.15,0.5,0.2,0.15,0.2,0.5
125,,0.1,0.1,0.1,0.45,0.15,0.1,0.15,0.45
126,,0.05,0.05,0.05,0.4,0.1,0.05,0.1,0.4
127,,0.0,0.0,0.0,0.35,0.05,0.0,0.05,0.35
128,,-0.05,-0.05,-0.05,0.3,0.0,-0.05,0.0,0.3
129,3,0.2,0.271,0.95,0.621,0.25,0.129,0.15,0.479
130,3,0.45,0.592,1.0,0.942,0.5,0.308,0.3,0.658
131,,0.4,0.542,0.95,0.892,0.45,0.258,0.25,0.608
132,,0.35,0.492,0.9,0.842,0.4,0.208,0.2,0.558
133,,0.3,0.442,0.85,0.792,0.35,0.158,0.15,0.508
134,,0.25,0.392,0.8,0.742,0.3,0.108,0.1,0.458
135,,0.2,0.342,0.75,0.692,0.25,0.058,0.05,0.408
136,,0.15,0.292,0.7,0.642,0.2,0.008,0.0,0.358
137,,0.1,0.242,0.65,0.592,0.15,-0.042,-0.05,0.308
138,7,0.35,0.421,0.8,0.771,0.4,0.279,0.95,0.629
139,7,0.6,0.6,0.95,0.95,0.65,0.6,1.0,0.95
140,,0.55,0.55,0.9,0.9,0.6,0.55,0.95,0.9
141,,0.5,0.5,0.85,0.85,0.55,0.5,0.9,0.85
142,,0.45,0.45,0.8,0.8,0.5,0.45,0.85,0.8
143,,0.4,0.4,0.75,0.75,0.45,0.4,0.8,0.75
144,,0.35,0.35,0.7,0.7,0.4,0.35,0.75,0.7
145,,0.3,0.3,0.65,0.65,0.35,0.3,0.7,0.65
146,,0.25,0.25,0.6,0.6,0.3,0.25,0.65,0.6
147,,0.2,0.2,0.55,0.55,0.25,0.2,0.6,0.55
148,,0.15,0.15,0.5,0.5,0.2,0.15,0.55,0.5
149,,0.1,0.1,0.45,0.45,0.15,0.1,0.5,0.45
150,,0.05,0.05,0.4,0.4,0.1,0.05,0.45,0.4
151,,0.0,0.0,0.35,0.35,0.05,0.0,0.4,0.35
152,,-0.05,-0.05,0.3,0.3,0.0,-0.05,0.35,0.3
153,1,0.95,0.271,0.55,0.479,0.15,0.129,0.6,0.621
154,1,1.0,0.592,0.8,0.658,0.3,0.308,0.85,0.942
155,,0.95,0.542,0.75,0.608,0.25,0.258,0.8,0.892
156,,0.9,0.492,0.7,0.558,0.2,0.208,0.75,0.842
157,,0.85,0.442,0.65,0.508,0.15,0.158,0.7,0.792
158,,0.8,0.392,0.6,0.458,0.1,0.108,0.65,0.742
159,,0.75,0.342,0.55,0.408,0.05,0.058,0.6,0.692
160,,0.7,0.292,0.5,0.358,0.0,0.008,0.55,0.642
161,,0.65,0.242,0.45,0.308,-0.05,-0.042,0.5,0.592
162,5,0.8,0.421,0.7,0.629,0.95,0.279,0.75,0.771
163,5,0.95,0.6,0.95,0.95,1.0,0.6,1.0,0.95
164,,0.9,0.55,0.9,0.9,0.95,0.55,0.95,0.9
165,,0.85,0.5,0.85,0.85,0.9,0.5,0.9,0.85
166,,0.8,0.45,0.8,0.8,0.85,0.45,0.85,0.8
167,,0.75,0.4,0.75,0.75,0.8,0.4,0.8,0.75
168,,0.7,0.35,0.7,0.7,0.75,0.35,0.75,0.7
169,,0.65,0.3,0.65,0.65,0.7,0.3,0.7,0.65
170,,0.6,0.25,0.6,0.6,0.65,0.25,0.65,0.6
171,,0.55,0.2,0.55,0.55,0.6,0.2,0.6,0.55
172,,0.5,0.15,0.5,0.5,0.55,0.15,0.55,0.5
173,,0.45,0.1,0.45,0.45,0.5,0.1,0.5,0.45
174,,0.4,0.05,0.4,0.4,0.45,0.05,0.45,0.4
175,,0.35,0.0,0.35,0.35,0.4,0.0,0.4,0.35
176,,0.3,-0.05,0.3,0.3,0.35,-0.05,0.35,0.3
177,6,0.479,0.1,0.479,0.55,0.671,0.95,0.671,0.55
178,6,0.658,0.25,0.658,0.8,0.992,1.0,0.992,0.8
179,,0.608,0.2,0.608,0.75,0.942,0.95,0.942,0.75
180,,0.558,0.15,0.558,0.7,0.892,0.9,0.892,0.7
181,,0.508,0.1,0.508,0.65,0.842,0.85,0.842,0.65
182,,0.458,0.05,0.458,0.6,0.792,0.8,0.792,0.6
183,,0.408,0.0,0.408,0.55,0.742,0.75,0.742,0.55
184,,0.358,-0.05,0.358,0.5,0.692,0.7,0.692,0.5
185,2,0.679,0.95,0.679,0.75,0.871,0.85,0.871,0.75
186,2,1.0,1.0,1.0,1.0,1.0,1.0,1.0,1.0
187,,0.95,0.95,0.95,0.95,0.95,0.95,0.95,0.95
188,,0.9,0.9,0.9,0.9,0.9,0.9,0.9,0.9
189,,0.85,0.85,0.85,0.85,0.85,0.85,0.85,0.85
190,,0.8,0.8,0.8,0.8,0.8,0.8,0.8,0.8
191,,0.75,0.75,0.75,0.75,0.75,0.75,0.75,0.75
192,,0.7,0.7,0.7,0.7,0.7,0.7,0.7,0.7
193,,0.65,0.65,0.65,0.65,0.65,0.65,0.65,0.65
194,,0.6,0.6,0.6,0.6,0.6,0.6,0.6,0.6
195,,0.55,0.55,0.55,0.55,0.55,0.55,0.55,0.55
196,,0.5,0.5,0.5,0.5,0.5,0.5,0.5,0.5
197,,0.45,0.45,0.45,0.45,0.45,0.45,0.45,0.45
198,,0.4,0.4,0.4,0.4,0.4,0.4,0.4,0.4
199,,0.35,0.35,0.35,0.35,0.35,0.35,0.35,0.35
200,,0.3,0.3,0.3,0.3,0.3,0.3,0.3,0.3
201,,0.25,0.25,0.25,0.25,0.25,0.25,0.25,0.25
202,,0.2,0.2,0.2,0.2,0.2,0.2,0.2,0.2
203,,0.15,0.15,0.15,0.15,0.15,0.15,0.15,0.15
204,,0.1,0.1,0.1,0.1,0.1,0.1,0.1,0.1
205,,0.05,0.05,0.05,0.05,0.05,0.05,0.05,0.05
206,,0.0,0.0,0.0,0.0,0.0,0.0,0.0,0.0
207,,-0.05,-0.05,-0.05,-0.05,-0.05,-0.05,-0.05,-0.05
208,7,0.2,0.129,0.1,0.129,0.2,0.271,0.95,0.271
209,7,0.45,0.308,0.25,0.308,0.45,0.592,1.0,0.592
210,,0.4,0.258,0.2,0.258,0.4,0.542,0.95,0.542
211,,0.35,0.208,0.15,0.208,0.35,0.492,0.9,0.492
212,,0.3,0.158,0.1,0.158,0.3,0.442,0.85,0.442
213,,0.25,0.108,0.05,0.108,0.25,0.392,0.8,0.392
214,,0.2,0.058,0.0,0.058,0.2,0.342,0.75,0.342
215,,0.15,0.008,-0.05,0.008,0.15,0.292,0.7,0.292
216,3,0.4,0.329,0.95,0.329,0.4,0.471,0.85,0.471
217,3,0.65,0.65,1.0,0.65,0.65,0.65,1.0,0.65
218,,0.6,0.6,0.95,0.6,0.6,0.6,0.95,0.6
219,,0.55,0.55,0.9,0.55,0.55,0.55,0.9,0.55
220,,0.5,0.5,0.85,0.5,0.5,0.5,0.85,0.5
221,,0.45,0.45,0.8,0.45,0.45,0.45,0.8,0.45
222,,0.4,0.4,0.75,0.4,0.4,0.4,0.75,0.4
223,,0.35,0.35,0.7,0.35,0.35,0.35,0.7,0.35
224,,0.3,0.3,0.65,0.3,0.3,0.3,0.65,0.3
225,,0.25,0.25,0.6,0.25,0.25,0.25,0.6,0.25
226,,0.2,0.2,0.55,0.2,0.2,0.2,0.55,0.2
227,,0.15,0.15,0.5,0.15,0.15,0.15,0.5,0.15
228,,0.1,0.1,0.45,0.1,0.1,0.1,0.45,0.1
229,,0.05,0.05,0.4,0.05,0.05,0.05,0.4,0.05
230,,0.0,0.0,0.35,0.0,0.0,0.0,0.35,0.0
231,,-0.05,-0.05,0.3,-0.05,-0.05,-0.05,0.3,-0.05
232,8,0.271,0.2,0.479,0.1,0.129,0.2,0.621,0.95
233,8,0.592,0.45,0.658,0.25,0.308,0.45,0.942,1.0
234,,0.542,0.4,0.608,0.2,0.258,0.4,0.892,0.95
235,,0.492,0.35,0.558,0.15,0.208,0.35,0.842,0.9
236,,0.442,0.3,0.508,0.1,0.158,0.3,0.792,0.85
237,,0.392,0.25,0.458,0.05,0.108,0.25,0.742,0.8
238,,0.342,0.2,0.408,0.0,0.058,0.2,0.692,0.75
239,,0.292,0.15,0.358,-0.05,0.008,0.15,0.642,0.7
240,4,0.471,0.4,0.679,0.95,0.329,0.4,0.821,0.85
241,4,0.65,0.65,1.0,1.0,0.65,0.65,1.0,1.0
242,,0.6,0.6,0.95,0.95,0.6,0.6,0.95,0.95
243,,0.55,0.55,0.9,0.9,0.55,0.55,0.9,0.9
244,,0.5,0.5,0.85,0.85,0.5,0.5,0.85,0.85
245,,0.45,0.45,0.8,0.8,0.45,0.45,0.8,0.8
246,,0.4,0.4,0.75,0.75,0.4,0.4,0.75,0.75
247,,0.35,0.35,0.7,0.7,0.35,0.35,0.7,0.7
248,,0.3,0.3,0.65,0.65,0.3,0.3,0.65,0.65
249,,0.25,0.25,0.6,0.6,0.25,0.25,0.6,0.6
250,,0.2,0.2,0.55,0.55,0.2,0.2,0.55,0.55
251,,0.15,0.15,0.5,0.5,0.15,0.15,0.5,0.5
252,,0.1,0.1,0.45,0.45,0.1,0.1,0.45,0.45
253,,0.05,0.05,0.4,0.4,0.05,0.05,0.4,0.4
254,,0.0,0.0,0.35,0.35,0.0,0.0,0.35,0.35
255,,-0.05,-0.05,0.3,0.3,-0.05,-0.05,0.3,0.3
256,1,0.95,0.271,0.55,0.479,0.1,0.129,0.55,0.621
257,1,1.0,0.592,0.8,0.658,0.25,0.308,0.8,0.942
258,,0.95,0.542,0.75,0.608,0.2,0.258,0.75,0.892
259,,0.9,0.492,0.7,0.558,0.15,0.208,0.7,0.842
260,,0.85,0.442,0.65,0.508,0.1,0.158,0.65,0.792
261,,0.8,0.392,0.6,0.458,0.05,0.108,0.6,0.742
262,,0.75,0.342,0.55,0.408,0.0,0.058,0.55,0.692
263,,0.7,0.292,0.5,0.358,-0.05,0.008,0.5,0.642
264,5,0.85,0.471,0.75,0.679,0.95,0.329,0.75,0.821
265,5,1.0,0.65,1.0,1.0,1.0,0.65,1.0,1.0
266,,0.95,0.6,0.95,0.95,0.95,0.6,0.95,0.95
267,,0.9,0.55,0.9,0.9,0.9,0.55,0.9,0.9
268,,0.85,0.5,0.85,0.85,0.85,0.5,0.85,0.85
269,,0.8,0.45,0.8,0.8,0.8,0.45,0.8,0.8
270,,0.75,0.4,0.75,0.75,0.75,0.4,0.75,0.75
271,,0.7,0.35,0.7,0.7,0.7,0.35,0.7,0.7
272,,0.65,0.3,0.65,0.65,0.65,0.3,0.65,0.65
273,,0.6,0.25,0.6,0.6,0.6,0.25,0.6,0.6
274,,0.55,0.2,0.55,0.55,0.55,0.2,0.55,0.55
275,,0.5,0.15,0.5,0.5,0.5,0.15,0.5,0.5
276,,0.45,0.1,0.45,0.45,0.45,0.1,0.45,0.45
277,,0.4,0.05,0.4,0.4,0.4,0.05,0.4,0.4
278,,0.35,0.0,0.35,0.35,0.35,0.0,0.35,0.35
279,,0.3,-0.05,0.3,0.3,0.3,-0.05,0.3,0.3
280,6,0.479,0.1,0.479,0.55,0.621,0.95,0.621,0.55
281,6,0.658,0.25,0.658,0.8,0.942,1.0,0.942,0.8
282,,0.608,0.2,0.608,0.75,0.892,0.95,0.892,0.75
283,,0.558,0.15,0.558,0.7,0.842,0.9,0.842,0.7
284,,0.508,0.1,0.508,0.65,0.792,0.85,0.792,0.65
285,,0.458,0.05,0.458,0.6,0.742,0.8,0.742,0.6
286,,0.408,0.0,0.408,0.55,0.692,0.75,0.692,0.55
287,,0.358,-0.05,0.358,0.5,0.642,0.7,0.642,0.5
288,2,0.679,0.95,0.679,0.75,0.821,0.85,0.821,0.75
289,2,1.0,1.0,1.0,1.0,1.0,1.0,1.0,1.0
290,,0.95,0.95,0.95,0.95,0.95,0.95,0.95,0.95
291,,0.9,0.9,0.9,0.9,0.9,0.9,0.9,0.9
292,,0.85,0.85,0.85,0.85,0.85,0.85,0.85,0.85
293,,0.8,0.8,0.8,0.8,0.8,0.8,0.8,0.8
294,,0.75,0.75,0.75,0.75,0.75,0.75,0.75,0.75
295,,0.7,0.7,0.7,0.7,0.7,0.7,0.7,0.7
296,,0.65,0.65,0.65,0.65,0.65,0.65,0.65,0.65
297,,0.6,0.6,0.6,0.6,0.6,0.6,0.6,0.6
298,,0.55,0.55,0.55,0.55,0.55,0.55,0.55,0.55
299,,0.5,0.5,0.5,0.5,0.5,0.5,0.5,0.5
300,,0.45,0.45,0.45,0.45,0.45,0.45,0.45,0.45
301,,0.4,0.4,0.4,0.4,0.4,0.4,0.4,0.4
302,,0.35,0.35,0.35,0.35,0.35,0.35,0.35,0.35
303,,0.3,0.3,0.3,0.3,0.3,0.3,0.3,0.3
304,,0.25,0.25,0.25,0.25,0.25,0.25,0.25,0.25
305,,0.2,0.2,0.2,0.2,0.2,0.2,0.2,0.2
306,,0.15,0.15,0.15,0.15,0.15,0.15,0.15,0.15
307,,0.1,0.1,0.1,0.1,0.1,0.1,0.1,0.1
308,,0.05,0.05,0.05,0.05,0.05,0.05,0.05,0.05
309,,0.0,0.0,0.0,0.0,0.0,0.0,0.0,0.0
310,,-0.05,-0.05,-0.05,-0.05,-0.05,-0.05,-0.05,-0.05
311,2,0.271,0.95,0.271,0.2,0.129,0.1,0.129,0.2
312,2,0.592,1.0,0.592,0.45,0.308,0.25,0.308,0.45
313,,0.542,0.95,0.542,0.4,0.258,0.2,0.258,0.4
314,,0.492,0.9,0.492,0.35,0.208,0.15,0.208,0.35
315,,0.442,0.85,0.442,0.3,0.158,0.1,0.158,0.3
316,,0.392,0.8,0.392,0.25,0.108,0.05,0.108,0.25
317,,0.342,0.75,0.342,0.2,0.058,0.0,0.058,0.2
318,,0.292,0.7,0.292,0.15,0.008,-0.05,0.008,0.15
319,6,0.471,0.85,0.471,0.4,0.329,0.95,0.329,0.4
320,6,0.65,1.0,0.65,0.65,0.65,1.0,0.65,0.65
321,,0.6,0.95,0.6,0.6,0.6,0.95,0.6,0.6
322,,0.55,0.9,0.55,0.55,0.55,0.9,0.55,0.55
323,,0.5,0.85,0.5,0.5,0.5,0.85,0.5,0.5
324,,0.45,0.8,0.45,0.45,0.45,0.8,0.45,0.45
325,,0.4,0.75,0.4,0.4,0.4,0.75,0.4,0.4
326,,0.35,0.7,0.35,0.35,0.35,0.7,0.35,0.35
327,,0.3,0.65,0.3,0.3,0.3,0.65,0.3,0.3
328,,0.25,0.6,0.25,0.25,0.25,0.6,0.25,0.25
329,,0.2,0.55,0.2,0.2,0.2,0.55,0.2,0.2
330,,0.15,0.5,0.15,0.15,0.15,0.5,0.15,0.15
331,,0.1,0.45,0.1,0.1,0.1,0.45,0.1,0.1
332,,0.05,0.4,0.05,0.05,0.05,0.4,0.05,0.05
333,,0.0,0.35,0.0,0.0,0.0,0.35,0.0,0.0
334,,-0.05,0.3,-0.05,-0.05,-0.05,0.3,-0.05,-0.05
335,3,0.2,0.621,0.95,0.271,0.2,0.479,0.1,0.129
336,3,0.45,0.942,1.0,0.592,0.45,0.658,0.25,0.308
337,,0.4,0.892,0.95,0.542,0.4,0.608,0.2,0.258
338,,0.35,0.842,0.9,0.492,0.35,0.558,0.15,0.208
339,,0.3,0.792,0.85,0.442,0.3,0.508,0.1,0.158
340,,0.25,0.742,0.8,0.392,0.25,0.458,0.05,0.108
341,,0.2,0.692,0.75,0.342,0.2,0.408,0.0,0.058
342,,0.15,0.642,0.7,0.292,0.15,0.358,-0.05,0.008
343,7,0.4,0.821,0.85,0.471,0.4,0.679,0.95,0.329
344,7,0.65,1.0,1.0,0.65,0.65,1.0,1.0,0.65
345,,0.6,0.95,0.95,0.6,0.6,0.95,0.95,0.6
346,,0.55,0.9,0.9,0.55,0.55,0.9,0.9,0.55
347,,0.5,0.85,0.85,0.5,0.5,0.85,0.85,0.5
348,,0.45,0.8,0.8,0.45,0.45,0.8,0.8,0.45
349,,0.4,0.75,0.75,0.4,0.4,0.75,0.75,0.4
350,,0.35,0.7,0.7,0.35,0.35,0.7,0.7,0.35
351,,0.3,0.65,0.65,0.3,0.3,0.65,0.65,0.3
352,,0.25,0.6,0.6,0.25,0.25,0.6,0.6,0.25
353,,0.2,0.55,0.55,0.2,0.2,0.55,0.55,0.2
354,,0.15,0.5,0.5,0.15,0.15,0.5,0.5,0.15
355,,0.1,0.45,0.45,0.1,0.1,0.45,0.45,0.1
356,,0.05,0.4,0.4,0.05,0.05,0.4,0.4,0.05
357,,0.0,0.35,0.35,0.0,0.0,0.35,0.35,0.0
358,,-0.05,0.3,0.3,-0.05,-0.05,0.3,0.3,-0.05
359,4,0.129,0.55,0.621,0.95,0.271,0.55,0.479,0.1
360,4,0.308,0.8,0.942,1.0,0.592,0.8,0.658,0.25
361,,0.258,0.75,0.892,0.95,0.542,0.75,0.608,0.2
362,,0.208,0.7,0.842,0.9,0.492,0.7,0.558,0.15
363,,0.158,0.65,0.792,0.85,0.442,0.65,0.508,0.1
364,,0.108,0.6,0.742,0.8,0.392,0.6,0.458,0.05
365,,0.058,0.55,0.692,0.75,0.342,0.55,0.408,0.0
366,,0.008,0.5,0.642,0.7,0.292,0.5,0.358,-0.05
367,8,0.329,0.75,0.821,0.85,0.471,0.75,0.679,0.95
368,8,0.65,1.0,1.0,1.0,0.65,1.0,1.0,1.0
369,,0.6,0.95,0.95,0.95,0.6,0.95,0.95,0.95
370,,0.55,0.9,0.9,0.9,0.55,0.9,0.9,0.9
371,,0.5,0.85,0.85,0.85,0.5,0.85,0.85,0.85
372,,0.45,0.8,0.8,0.8,0.45,0.8,0.8,0.8
373,,0.4,0.75,0.75,0.75,0.4,0.75,0.75,0.75
374,,0.35,0.7,0.7,0.7,0.35,0.7,0.7,0.7
375,,0.3,0.65,0.65,0.65,0.3,0.65,0.65,0.65
376,,0.25,0.6,0.6,0.6,0.25,0.6,0.6,0.6
377,,0.2,0.55,0.55,0.55,0.2,0.55,0.55,0.55
378,,0.15,0.5,0.5,0.5,0.15,0.5,0.5,0.5
379,,0.1,0.45,0.45,0.45,0.1,0.45,0.45,0.45
380,,0.05,0.4,0.4,0.4,0.05,0.4,0.4,0.4
381,,0.0,0.35,0.35,0.35,0.0,0.35,0.35,0.35
382,,-0.05,0.3,0.3,0.3,-0.05,0.3,0.3,0.3
383,1,0.95,0.621,0.55,0.479,0.1,0.479,0.55,0.621
384,1,1.0,0.942,0.8,0.658,0.25,0.658,0.8,0.942
385,,0.95,0.892,0.75,0.608,0.2,0.608,0.75,0.892
386,,0.9,0.842,0.7,0.558,0.15,0.558,0.7,0.842
387,,0.85,0.792,0.65,0.508,0.1,0.508,0.65,0.792
388,,0.8,0.742,0.6,0.458,0.05,0.458,0.6,0.742
389,,0.75,0.692,0.55,0.408,0.0,0.408,0.55,0.692
390,,0.7,0.642,0.5,0.358,-0.05,0.358,0.5,0.642
391,5,0.85,0.821,0.75,0.679,0.95,0.679,0.75,0.821
392,5,1.0,1.0,1.0,1.0,1.0,1.0,1.0,1.0
393,,0.95,0.95,0.95,0.95,0.95,0.95,0.95,0.95
394,,0.9,0.9,0.9,0.9,0.9,0.9,0.9,0.9
395,,0.85,0.85,0.85,0.85,0.85,0.85,0.85,0.85
396,,0.8,0.8,0.8,0.8,0.8,0.8,0.8,0.8
397,,0.75,0.75,0.75,0.75,0.75,0.75,0.75,0.75
398,,0.7,0.7,0.7,0.7,0.7,0.7,0.7,0.7
399,,0.65,0.65,0.65,0.65,0.65,0.65,0.65,0.65
400,,0.6,0.6,0.6,0.6,0.6,0.6,0.6,0.6
401,,0.55,0.55,0.55,0.55,0.55,0.55,0.55,0.55
402,,0.5,0.5,0.5,0.5,0.5,0.5,0.5,0.5
403,,0.45,0.45,0.45,0.45,0.45,0.45,0.45,0.45
404,,0.4,0.4,0.4,0.4,0.4,0.4,0.4,0.4
405,,0.35,0.35,0.35,0.35,0.35,0.35,0.35,0.35
406,,0.3,0.3,0.3,0.3,0.3,0.3,0.3,0.3
407,,0.25,0.25,0.25,0.25,0.25,0.25,0.25,0.25
408,,0.2,0.2,0.2,0.2,0.2,0.2,0.2,0.2
409,,0.15,0.15,0.15,0.15,0.15,0.15,0.15,0.15
410,,0.1,0.1,0.1,0.1,0.1,0.1,0.1,0.1
411,,0.05,0.05,0.05,0.05,0.05,0.05,0.05,0.05
412,,0.0,0.0,0.0,0.0,0.0,0.0,0.0,0.0
413,,-0.05,-0.05,-0.05,-0.05,-0.05,-0.05,-0.05,-0.05
414,4,0.129,0.2,0.271,0.95,0.271,0.2,0.129,0.1
415,4,0.308,0.45,0.592,1.0,0.592,0.45,0.308,0.25
416,,0.258,0.4,0.542,0.95,0.542,0.4,0.258,0.2
417,,0.208,0.35,0.492,0.9,0.492,0.35,0.208,0.15
418,,0.158,0.3,0.442,0.85,0.442,0.3,0.158,0.1
419,,0.108,0.25,0.392,0.8,0.392,0.25,0.108,0.05
420,,0.058,0.2,0.342,0.75,0.342,0.2,0.058,0.0
421,,0.008,0.15,0.292,0.7,0.292,0.15,0.008,-0.05
422,8,0.329,0.4,0.471,0.85,0.471,0.4,0.329,0.95
423,8,0.65,0.65,0.65,1.0,0.65,0.65,0.65,1.0
424,,0.6,0.6,0.6,0.95,0.6,0.6,0.6,0.95
425,,0.55,0.55,0.55,0.9,0.55,0.55,0.55,0.9
426,,0.5,0.5,0.5,0.85,0.5,0.5,0.5,0.85
427,,0.45,0.45,0.45,0.8,0.45,0.45,0.45,0.8
428,,0.4,0.4,0.4,0.75,0.4,0.4,0.4,0.75
429,,0.35,0.35,0.35,0.7,0.35,0.35,0.35,0.7
430,,0.3,0.3,0.3,0.65,0.3,0.3,0.3,0.65
431,,0.25,0.25,0.25,0.6,0.25,0.25,0.25,0.6
432,,0.2,0.2,0.2,0.55,0.2,0.2,0.2,0.55
433,,0.15,0.15,0.15,0.5,0.15,0.15,0.15,0.5
434,,0.1,0.1,0.1,0.45,0.1,0.1,0.1,0.45
435,,0.05,0.05,0.05,0.4,0.05,0.05,0.05,0.4
436,,0.0,0.0,0.0,0.35,0.0,0.0,0.0,0.35
437,,-0.05,-0.05,-0.05,0.3,-0.05,-0.05,-0.05,0.3
438,2,0.271,0.95,0.271,0.55,0.129,0.1,0.129,0.55
439,2,0.592,1.0,0.592,0.8,0.308,0.25,0.308,0.8
440,,0.542,0.95,0.542,0.75,0.258,0.2,0.258,0.75
441,,0.492,0.9,0.492,0.7,0.208,0.15,0.208,0.7
442,,0.442,0.85,0.442,0.65,0.158,0.1,0.158,0.65
443,,0.392,0.8,0.392,0.6,0.108,0.05,0.108,0.6
444,,0.342,0.75,0.342,0.55,0.058,0.0,0.058,0.55
445,,0.292,0.7,0.292,0.5,0.008,-0.05,0.008,0.5
446,6,0.471,0.85,0.471,0.75,0.329,0.95,0.329,0.75
447,6,0.65,1.0,0.65,1.0,0.65,1.0,0.65,1.0
448,,0.6,0.95,0.6,0.95,0.6,0.95,0.6,0.95
449,,0.55,0.9,0.55,0.9,0.55,0.9,0.55,0.9
450,,0.5,0.85,0.5,0.85,0.5,0.85,0.5,0.85
451,,0.45,0.8,0.45,0.8,0.45,0.8,0.45,0.8
452,,0.4,0.75,0.4,0.75,0.4,0.75,0.4,0.75
453,,0.35,0.7,0.35,0.7,0.35,0.7,0.35,0.7
454,,0.3,0.65,0.3,0.65,0.3,0.65,0.3,0.65
455,,0.25,0.6,0.25,0.6,0.25,0.6,0.25,0.6
456,,0.2,0.55,0.2,0.55,0.2,0.55,0.2,0.55
457,,0.15,0.5,0.15,0.5,0.15,0.5,0.15,0.5
458,,0.1,0.45,0.1,0.45,0.1,0.45,0.1,0.45
459,,0.05,0.4,0.05,0.4,0.05,0.4,0.05,0.4
460,,0.0,0.35,0.0,0.35,0.0,0.35,0.0,0.35
461,,-0.05,0.3,-0.05,0.3,-0.05,0.3,-0.05,0.3
462,3,0.2,0.621,0.95,0.621,0.2,0.479,0.1,0.479
463,3,0.45,0.942,1.0,0.942,0.45,0.658,0.25,0.658
464,,0.4,0.892,0.95,0.892,0.4,0.608,0.2,0.608
465,,0.35,0.842,0.9,0.842,0.35,0.558,0.15,0.558
466,,0.3,0.792,0.85,0.792,0.3,0.508,0.1,0.508
467,,0.25,0.742,0.8,0.742,0.25,0.458,0.05,0.458
468,,0.2,0.692,0.75,0.692,0.2,0.408,0.0,0.408
469,,0.15,0.642,0.7,0.642,0.15,0.358,-0.05,0.358
470,7,0.4,0.821,0.85,0.821,0.4,0.679,0.95,0.679
471,7,0.65,1.0,1.0,1.0,0.65,1.0,1.0,1.0
472,,0.6,0.95,0.95,0.95,0.6,0.95,0.95,0.95
473,,0.55,0.9,0.9,0.9,0.55,0.9,0.9,0.9
474,,0.5,0.85,0.85,0.85,0.5,0.85,0.85,0.85
475,,0.45,0.8,0.8,0.8,0.45,0.8,0.8,0.8
476,,0.4,0.75,0.75,0.75,0.4,0.75,0.75,0.75
477,,0.35,0.7,0.7,0.7,0.35,0.7,0.7,0.7
478,,0.3,0.65,0.65,0.65,0.3,0.65,0.65,0.65
479,,0.25,0.6,0.6,0.6,0.25,0.6,0.6,0.6
480,,0.2,0.55,0.55,0.55,0.2,0.55,0.55,0.55
481,,0.15,0.5,0.5,0.5,0.15,0.5,0.5,0.5
482,,0.1,0.45,0.45,0.45,0.1,0.45,0.45,0.45
483,,0.05,0.4,0.4,0.4,0.05,0.4,0.4,0.4
484,,0.0,0.35,0.35,0.35,0.0,0.35,0.35,0.35
485,,-0.05,0.3,0.3,0.3,-0.05,0.3,0.3,0.3
486,1,0.95,0.621,0.55,0.479,0.1,0.479,0.55,0.621
487,1,1.0,0.942,0.8,0.658,0.25,0.658,0.8,0.942
488,,0.95,0.892,0.75,0.608,0.2,0.608,0.75,0.892
489,,0.9,0.842,0.7,0.558,0.15,0.558,0.7,0.842
490,,0.85,0.792,0.65,0.508,0.1,0.508,0.65,0.792
491,,0.8,0.742,0.6,0.458,0.05,0.458,0.6,0.742
492,,0.75,0.692,0.55,0.408,0.0,0.408,0.55,0.692
493,,0.7,0.642,0.5,0.358,-0.05,0.358,0.5,0.642
494,5,0.85,0.821,0.75,0.679,0.95,0.679,0.75,0.821
495,5,1.0,1.0,1.0,1.0,1.0,1.0,1.0,1.0
496,,0.95,0.95,0.95,0.95,0.95,0.95,0.95,0.95
497,,0.9,0.9,0.9,0.9,0.9,0.9,0.9,0.9
498,,0.85,0.85,0.85,0.85,0.85,0.85,0.85,0.85
499,,0.8,0.8,0.8,0.8,0.8,0.8,0.8,0.8
500,,0.75,0.75,0.75,0.75,0.75,0.75,0.75,0.75
501,,0.7,0.7,0.7,0.7,0.7,0.7,0.7,0.7
502,,0.65,0.65,0.65,0.65,0.65,0.65,0.65,0.65
503,,0.6,0.6,0.6,0.6,0.6,0.6,0.6,0.6
504,,0.55,0.55,0.55,0.55,0.55,0.55,0.55,0.55
505,,0.5,0.5,0.5,0.5,0.5,0.5,0.5,0.5
506,,0.45,0.45,0.45,0.45,0.45,0.45,0.45,0.45
507,,0.4,0.4,0.4,0.4,0.4,0.4,0.4,0.4
508,,0.35,0.35,0.35,0.35,0.35,0.35,0.35,0.35
509,,0.3,0.3,0.3,0.3,0.3,0.3,0.3,0.3
510,,0.25,0.25,0.25,0.25,0.25,0.25,0.25,0.25
511,,0.2,0.2,0.2,0.2,0.2,0.2,0.2,0.2
512,,0.15,0.15,0.15,0.15,0.15,0.15,0.15,0.15
513,,0.1,0.1,0.1,0.1,0.1,0.1,0.1,0.1
514,,0.05,0.05,0.05,0.05,0.05,0.05,0.05,0.05
515,,0.0,0.0,0.0,0.0,0.0,0.0,0.0,0.0
516,,-0.05,-0.05,-0.05,-0.05,-0.05,-0.05,-0.05,-0.05
517,6,0.129,0.1,0.129,0.2,0.271,0.95,0.271,0.2
518,6,0.308,0.25,0.308,0.45,0.592,1.0,0.592,0.45
519,,0.258,0.2,0.258,0.4,0.542,0.95,0.542,0.4
520,,0.208,0.15,0.208,0.35,0.492,0.9,0.492,0.35
521,,0.158,0.1,0.158,0.3,0.442,0.85,0.442,0.3
522,,0.108,0.05,0.108,0.25,0.392,0.8,0.392,0.25
523,,0.058,0.0,0.058,0.2,0.342,0.75,0.342,0.2
524,,0.008,-0.05,0.008,0.15,0.292,0.7,0.292,0.15
525,2,0.329,0.95,0.329,0.4,0.471,0.85,0.471,0.4
526,2,0.65,1.0,0.65,0.65,0.65,1.0,0.65,0.65
527,,0.6,0.95,0.6,0.6,0.6,0.95,0.6,0.6
528,,0.55,0.9,0.55,0.55,0.55,0.9,0.55,0.55
529,,0.5,0.85,0.5,0.5,0.5,0.85,0.5,0.5
530,,0.45,0.8,0.45,0.45,0.45,0.8,0.45,0.45
531,,0.4,0.75,0.4,0.4,0.4,0.75,0.4,0.4
532,,0.35,0.7,0.35,0.35,0.35,0.7,0.35,0.35
533,,0.3,0.65,0.3,0.3,0.3,0.65,0.3,0.3
534,,0.25,0.6,0.25,0.25,0.25,0.6,0.25,0.25
535,,0.2,0.55,0.2,0.2,0.2,0.55,0.2,0.2
536,,0.15,0.5,0.15,0.15,0.15,0.5,0.15,0.15
537,,0.1,0.45,0.1,0.1,0.1,0.45,0.1,0.1
538,,0.05,0.4,0.05,0.05,0.05,0.4,0.05,0.05
539,,0.0,0.35,0.0,0.0,0.0,0.35,0.0,0.0
540,,-0.05,0.3,-0.05,-0.05,-0.05,0.3,-0.05,-0.05
541,4,0.129,0.55,0.271,0.95,0.271,0.55,0.129,0.1
542,4,0.308,0.8,0.592,1.0,0.592,0.8,0.308,0.25
543,,0.258,0.75,0.542,0.95,0.542,0.75,0.258,0.2
544,,0.208,0.7,0.492,0.9,0.492,0.7,0.208,0.15
545,,0.158,0.65,0.442,0.85,0.442,0.65,0.158,0.1
546,,0.108,0.6,0.392,0.8,0.392,0.6,0.108,0.05
547,,0.058,0.55,0.342,0.75,0.342,0.55,0.058,0.0
548,,0.008,0.5,0.292,0.7,0.292,0.5,0.008,-0.05
549,8,0.329,0.75,0.471,0.85,0.471,0.75,0.329,0.95
550,8,0.65,1.0,0.65,1.0,0.65,1.0,0.65,1.0
551,,0.6,0.95,0.6,0.95,0.6,0.95,0.6,0.95
552,,0.55,0.9,0.55,0.9,0.55,0.9,0.55,0.9
553,,0.5,0.85,0.5,0.85,0.5,0.85,0.5,0.85
554,,0.45,0.8,0.45,0.8,0.45,0.8,0.45,0.8
555,,0.4,0.75,0.4,0.75,0.4,0.75,0.4,0.75
556,,0.35,0.7,0.35,0.7,0.35,0.7,0.35,0.7
557,,0.3,0.65,0.3,0.65,0.3,0.65,0.3,0.65
558,,0.25,0.6,0.25,0.6,0.25,0.6,0.25,0.6
559,,0.2,0.55,0.2,0.55,0.2,0.55,0.2,0.55
560,,0.15,0.5,0.15,0.5,0.15,0.5,0.15,0.5
561,,0.1,0.45,0.1,0.45,0.1,0.45,0.1,0.45
562,,0.05,0.4,0.05,0.4,0.05,0.4,0.05,0.4
563,,0.0,0.35,0.0,0.35,0.0,0.35,0.0,0.35
564,,-0.05,0.3,-0.05,0.3,-0.05,0.3,-0.05,0.3
565,7,0.2,0.479,0.1,0.479,0.2,0.621,0.95,0.621
566,7,0.45,0.658,0.25,0.658,0.45,0.942,1.0,0.942
567,,0.4,0.608,0.2,0.608,0.4,0.892,0.95,0.892
568,,0.35,0.558,0.15,0.558,0.35,0.842,0.9,0.842
569,,0.3,0.508,0.1,0.508,0.3,0.792,0.85,0.792
570,,0.25,0.458,0.05,0.458,0.25,0.742,0.8,0.742
571,,0.2,0.408,0.0,0.408,0.2,0.692,0.75,0.692
572,,0.15,0.358,-0.05,0.358,0.15,0.642,0.7,0.642
573,3,0.4,0.679,0.95,0.679,0.4,0.821,0.85,0.821
574,3,0.65,1.0,1.0,1.0,0.65,1.0,1.0,1.0
575,,0.6,0.95,0.95,0.95,0.6,0.95,0.95,0.95
576,,0.55,0.9,0.9,0.9,0.55,0.9,0.9,0.9
577,,0.5,0.85,0.85,0.85,0.5,0.85,0.85,0.85
578,,0.45,0.8,0.8,0.8,0.45,0.8,0.8,0.8
579,,0.4,0.75,0.75,0.75,0.4,0.75,0.75,0.75
580,,0.35,0.7,0.7,0.7,0.35,0.7,0.7,0.7
581,,0.3,0.65,0.65,0.65,0.3,0.65,0.65,0.65
582,,0.25,0.6,0.6,0.6,0.25,0.6,0.6,0.6
583,,0.2,0.55,0.55,0.55,0.2,0.55,0.55,0.55
584,,0.15,0.5,0.5,0.5,0.15,0.5,0.5,0.5
585,,0.1,0.45,0.45,0.45,0.1,0.45,0.45,0.45
586,,0.05,0.4,0.4,0.4,0.05,0.4,0.4,0.4
587,,0.0,0.35,0.35,0.35,0.0,0.35,0.35,0.35
588,,-0.05,0.3,0.3,0.3,-0.05,0.3,0.3,0.3
589,1,0.95,0.621,0.55,0.479,0.1,0.479,0.55,0.621
590,1,1.0,0.942,0.8,0.658,0.25,0.658,0.8,0.942
591,,0.95,0.892,0.75,0.608,0.2,0.608,0.75,0.892
592,,0.9,0.842,0.7,0.558,0.15,0.558,0.7,0.842
593,,0.85,0.792,0.65,0.508,0.1,0.508,0.65,0.792
594,,0.8,0.742,0.6,0.458,0.05,0.458,0.6,0.742
595,,0.75,0.692,0.55,0.408,0.0,0.408,0.55,0.692
596,,0.7,0.642,0.5,0.358,-0.05,0.358,0.5,0.642
597,5,0.85,0.821,0.75,0.679,0.95,0.679,0.75,0.821
598,5,1.0,1.0,1.0,1.0,1.0,1.0,1.0,1.0
599,,0.95,0.95,0.95,0.95,0.95,0.95,0.95,0.95
600,,0.9,0.9,0.9,0.9,0.9,0.9,0.9,0.9
601,,0.85,0.85,0.85,0.85,0.85,0.85,0.85,0.85
602,,0.8,0.8,0.8,0.8,0.8,0.8,0.8,0.8
603,,0.75,0.75,0.75,0.75,0.75,0.75,0.75,0.75
604,,0.7,0.7,0.7,0.7,0.7,0.7,0.7,0.7
605,,0.65,0.65,0.65,0.65,0.65,0.65,0.65,0.65
606,,0.6,0.6,0.6,0.6,0.6,0.6,0.6,0.6
607,,0.55,0.55,0.55,0.55,0.55,0.55,0.55,0.55
608,,0.5,0.5,0.5,0.5,0.5,0.5,0.5,0.5
609,,0.45,0.45,0.45,0.45,0.45,0.45,0.45,0.45
610,,0.4,0.4,0.4,0.4,0.4,0.4,0.4,0.4
611,,0.35,0.35,0.35,0.35,0.35,0.35,0.35,0.35
612,,0.3,0.3,0.3,0.3,0.3,0.3,0.3,0.3
613,,0.25,0.25,0.25,0.25,0.25,0.25,0.25,0.25
614,,0.2,0.2,0.2,0.2,0.2,0.2,0.2,0.2
615,,0.15,0.15,0.15,0.15,0.15,0.15,0.15,0.15
616,,0.1,0.1,0.1,0.1,0.1,0.1,0.1,0.1
617,,0.05,0.05,0.05,0.05,0.05,0.05,0.05,0.05
618,,0.0,0.0,0.0,0.0,0.0,0.0,0.0,0.0
619,,-0.05,-0.05,-0.05,-0.05,-0.05,-0.05,-0.05,-0.05
620,1,0.95,0.271,0.2,0.129,0.1,0.129,0.2,0.271
621,1,1.0,0.592,0.45,0.308,0.25,0.308,0.45,0.592
622,,0.95,0.542,0.4,0.258,0.2,0.258,0.4,0.542
623,,0.9,0.492,0.35,0.208,0.15,0.208,0.35,0.492
624,,0.85,0.442,0.3,0.158,0.1,0.158,0.3,0.442
625,,0.8,0.392,0.25,0.108,0.05,0.108,0.25,0.392
626,,0.75,0.342,0.2,0.058,0.0,0.058,0.2,0.342
627,,0.7,0.292,0.15,0.008,-0.05,0.008,0.15,0.292
628,5,0.85,0.471,0.4,0.329,0.95,0.329,0.4,0.471
629,5,1.0,0.65,0.65,0.65,1.0,0.65,0.65,0.65
630,,0.95,0.6,0.6,0.6,0.95,0.6,0.6,0.6
631,,0.9,0.55,0.55,0.55,0.9,0.55,0.55,0.55
632,,0.85,0.5,0.5,0.5,0.85,0.5,0.5,0.5
633,,0.8,0.45,0.45,0.45,0.8,0.45,0.45,0.45
634,,0.75,0.4,0.4,0.4,0.75,0.4,0.4,0.4
635,,0.7,0.35,0.35,0.35,0.7,0.35,0.35,0.35
636,,0.65,0.3,0.3,0.3,0.65,0.3,0.3,0.3
637,,0.6,0.25,0.25,0.25,0.6,0.25,0.25,0.25
638,,0.55,0.2,0.2,0.2,0.55,0.2,0.2,0.2
639,,0.5,0.15,0.15,0.15,0.5,0.15,0.15,0.15
640,,0.45,0.1,0.1,0.1,0.45,0.1,0.1,0.1
641,,0.4,0.05,0.05,0.05,0.4,0.05,0.05,0.05
642,,0.35,0.0,0.0,0.0,0.35,0.0,0.0,0.0
643,,0.3,-0.05,-0.05,-0.05,0.3,-0.05,-0.05,-0.05
644,7,0.55,0.129,0.1,0.129,0.55,0.271,0.95,0.271
645,7,0.8,0.308,0.25,0.308,0.8,0.592,1.0,0.592
646,,0.75,0.258,0.2,0.258,0.75,0.542,0.95,0.542
647,,0.7,0.208,0.15,0.208,0.7,0.492,0.9,0.492
648,,0.65,0.158,0.1,0.158,0.65,0.442,0.85,0.442
649,,0.6,0.108,0.05,0.108,0.6,0.392,0.8,0.392
650,,0.55,0.058,0.0,0.058,0.55,0.342,0.75,0.342
651,,0.5,0.008,-0.05,0.008,0.5,0.292,0.7,0.292
652,3,0.75,0.329,0.95,0.329,0.75,0.471,0.85,0.471
653,3,1.0,0.65,1.0,0.65,1.0,0.65,1.0,0.65
654,,0.95,0.6,0.95,0.6,0.95,0.6,0.95,0.6
655,,0.9,0.55,0.9,0.55,0.9,0.55,0.9,0.55
656,,0.85,0.5,0.85,0.5,0.85,0.5,0.85,0.5
657,,0.8,0.45,0.8,0.45,0.8,0.45,0.8,0.45
658,,0.75,0.4,0.75,0.4,0.75,0.4,0.75,0.4
659,,0.7,0.35,0.7,0.35,0.7,0.35,0.7,0.35
660,,0.65,0.3,0.65,0.3,0.65,0.3,0.65,0.3
661,,0.6,0.25,0.6,0.25,0.6,0.25,0.6,0.25
662,,0.55,0.2,0.55,0.2,0.55,0.2,0.55,0.2
663,,0.5,0.15,0.5,0.15,0.5,0.15,0.5,0.15
664,,0.45,0.1,0.45,0.1,0.45,0.1,0.45,0.1
665,,0.4,0.05,0.4,0.05,0.4,0.05,0.4,0.05
666,,0.35,0.0,0.35,0.0,0.35,0.0,0.35,0.0
667,,0.3,-0.05,0.3,-0.05,0.3,-0.05,0.3,-0.05
668,8,0.621,0.2,0.479,0.1,0.479,0.2,0.621,0.95
669,8,0.942,0.45,0.658,0.25,0.658,0.45,0.942,1.0
670,,0.892,0.4,0.608,0.2,0.608,0.4,0.892,0.95
671,,0.842,0.35,0.558,0.15,0.558,0.35,0.842,0.9
672,,0.792,0.3,0.508,0.1,0.508,0.3,0.792,0.85
673,,0.742,0.25,0.458,0.05,0.458,0.25,0.742,0.8
674,,0.692,0.2,0.408,0.0,0.408,0.2,0.692,0.75
675,,0.642,0.15,0.358,-0.05,0.358,0.15,0.642,0.7
676,4,0.821,0.4,0.679,0.95,0.679,0.4,0.821,0.85
677,4,1.0,0.65,1.0,1.0,1.0,0.65,1.0,1.0
678,,0.95,0.6,0.95,0.95,0.95,0.6,0.95,0.95
679,,0.9,0.55,0.9,0.9,0.9,0.55,0.9,0.9
680,,0.85,0.5,0.85,0.85,0.85,0.5,0.85,0.85
681,,0.8,0.45,0.8,0.8,0.8,0.45,0.8,0.8
682,,0.75,0.4,0.75,0.75,0.75,0.4,0.75,0.75
683,,0.7,0.35,0.7,0.7,0.7,0.35,0.7,0.7
684,,0.65,0.3,0.65,0.65,0.65,0.3,0.65,0.65
685,,0.6,0.25,0.6,0.6,0.6,0.25,0.6,0.6
686,,0.55,0.2,0.55,0.55,0.55,0.2,0.55,0.55
687,,0.5,0.15,0.5,0.5,0.5,0.15,0.5,0.5
688,,0.45,0.1,0.45,0.45,0.45,0.1,0.45,0.45
689,,0.4,0.05,0.4,0.4,0.4,0.05,0.4,0.4
690,,0.35,0.0,0.35,0.35,0.35,0.0,0.35,0.35
691,,0.3,-0.05,0.3,0.3,0.3,-0.05,0.3,0.3
692,6,0.479,0.1,0.479,0.55,0.621,0.95,0.621,0.55
693,6,0.658,0.25,0.658,0.8,0.942,1.0,0.942,0.8
694,,0.608,0.2,0.608,0.75,0.892,0.95,0.892,0.75
695,,0.558,0.15,0.558,0.7,0.842,0.9,0.842,0.7
696,,0.508,0.1,0.508,0.65,0.792,0.85,0.792,0.65
697,,0.458,0.05,0.458,0.6,0.742,0.8,0.742,0.6
698,,0.408,0.0,0.408,0.55,0.692,0.75,0.692,0.55
699,,0.358,-0.05,0.358,0.5,0.642,0.7,0.642,0.5
700,2,0.679,0.95,0.679,0.75,0.821,0.85,0.821,0.75
701,2,1.0,1.0,1.0,1.0,1.0,1.0,1.0,1.0
702,,0.95,0.95,0.95,0.95,0.95,0.95,0.95,0.95
703,,0.9,0.9,0.9,0.9,0.9,0.9,0.9,0.9
704,,0.85,0.85,0.85,0.85,0.85,0.85,0.85,0.85
705,,0.8,0.8,0.8,0.8,0.8,0.8,0.8,0.8
706,,0.75,0.75,0.75,0.75,0.75,0.75,0.75,0.75
707,,0.7,0.7,0.7,0.7,0.7,0.7,0.7,0.7
708,,0.65,0.65,0.65,0.65,0.65,0.65,0.65,0.65
709,,0.6,0.6,0.6,0.6,0.6,0.6,0.6,0.6
710,,0.55,0.55,0.55,0.55,0.55,0.55,0.55,0.55
711,,0.5,0.5,0.5,0.5,0.5,0.5,0.5,0.5
712,,0.45,0.45,0.45,0.45,0.45,0.45,0.45,0.45
713,,0.4,0.4,0.4,0.4,0.4,0.4,0.4,0.4
714,,0.35,0.35,0.35,0.35,0.35,0.35,0.35,0.35
715,,0.3,0.3,0.3,0.3,0.3,0.3,0.3,0.3
716,,0.25,0.25,0.25,0.25,0.25,0.25,0.25,0.25
717,,0.2,0.2,0.2,0.2,0.2,0.2,0.2,0.2
718,,0.15,0.15,0.15,0.15,0.15,0.15,0.15,0.15
719,,0.1,0.1,0.1,0.1,0.1,0.1,0.1,0.1
720,,0.05,0.05,0.05,0.05,0.05,0.05,0.05,0.05
721,,0.0,0.0,0.0,0.0,0.0,0.0,0.0,0.0
722,,-0.05,-0.05,-0.05,-0.05,-0.05,-0.05,-0.05,-0.05
723,4,0.129,0.2,0.271,0.95,0.271,0.2,0.129,0.1
724,4,0.308,0.45,0.592,1.0,0.592,0.45,0.308,0.25
725,,0.258,0.4,0.542,0.95,0.542,0.4,0.258,0.2
726,,0.208,0.35,0.492,0.9,0.492,0.35,0.208,0.15
727,,0.158,0.3,0.442,0.85,0.442,0.3,0.158,0.1
728,,0.108,0.25,0.392,0.8,0.392,0.25,0.108,0.05
729,,0.058,0.2,0.342,0.75,0.342,0.2,0.058,0.0
730,,0.008,0.15,0.292,0.7,0.292,0.15,0.008,-0.05
731,8,0.329,0.4,0.471,0.85,0.471,0.4,0.329,0.95
732,8,0.65,0.65,0.65,1.0,0.65,0.65,0.65,1.0
733,,0.6,0.6,0.6,0.95,0.6,0.6,0.6,0.95
734,,0.55,0.55,0.55,0.9,0.55,0.55,0.55,0.9
735,,0.5,0.5,0.5,0.85,0.5,0.5,0.5,0.85
736,,0.45,0.45,0.45,0.8,0.45,0.45,0.45,0.8
737,,0.4,0.4,0.4,0.75,0.4,0.4,0.4,0.75
738,,0.35,0.35,0.35,0.7,0.35,0.35,0.35,0.7
739,,0.3,0.3,0.3,0.65,0.3,0.3,0.3,0.65
740,,0.25,0.25,0.25,0.6,0.25,0.25,0.25,0.6
741,,0.2,0.2,0.2,0.55,0.2,0.2,0.2,0.55
742,,0.15,0.15,0.15,0.5,0.15,0.15,0.15,0.5
743,,0.1,0.1,0.1,0.45,0.1,0.1,0.1,0.45
744,,0.05,0.05,0.05,0.4,0.05,0.05,0.05,0.4
745,,0.0,0.0,0.0,0.35,0.0,0.0,0.0,0.35
746,,-0.05,-0.05,-0.05,0.3,-0.05,-0.05,-0.05,0.3
747,6,0.129,0.1,0.129,0.55,0.271,0.95,0.271,0.55
748,6,0.308,0.25,0.308,0.8,0.592,1.0,0.592,0.8
749,,0.258,0.2,0.258,0.75,0.542,0.95,0.542,0.75
750,,0.208,0.15,0.208,0.7,0.492,0.9,0.492,0.7
751,,0.158,0.1,0.158,0.65,0.442,0.85,0.442,0.65
752,,0.108,0.05,0.108,0.6,0.392,0.8,0.392,0.6
753,,0.058,0.0,0.058,0.55,0.342,0.75,0.342,0.55
754,,0.008,-0.05,0.008,0.5,0.292,0.7,0.292,0.5
755,2,0.329,0.95,0.329,0.75,0.471,0.85,0.471,0.75
756,2,0.65,1.0,0.65,1.0,0.65,1.0,0.65,1.0
757,,0.6,0.95,0.6,0.95,0.6,0.95,0.6,0.95
758,,0.55,0.9,0.55,0.9,0.55,0.9,0.55,0.9
759,,0.5,0.85,0.5,0.85,0.5,0.85,0.5,0.85
760,,0.45,0.8,0.45,0.8,0.45,0.8,0.45,0.8
761,,0.4,0.75,0.4,0.75,0.4,0.75,0.4,0.75
762,,0.35,0.7,0.35,0.7,0.35,0.7,0.35,0.7
763,,0.3,0.65,0.3,0.65,0.3,0.65,0.3,0.65
764,,0.25,0.6,0.25,0.6,0.25,0.6,0.25,0.6
765,,0.2,0.55,0.2,0.55,0.2,0.55,0.2,0.55
766,,0.15,0.5,0.15,0.5,0.15,0.5,0.15,0.5
767,,0.1,0.45,0.1,0.45,0.1,0.45,0.1,0.45
768,,0.05,0.4,0.05,0.4,0.05,0.4,0.05,0.4
769,,0.0,0.35,0.0,0.35,0.0,0.35,0.0,0.35
770,,-0.05,0.3,-0.05,0.3,-0.05,0.3,-0.05,0.3
771,5,0.1,0.479,0.2,0.621,0.95,0.621,0.2,0.479
772,5,0.25,0.658,0.45,0.942,1.0,0.942,0.45,0.658
773,,0.2,0.608,0.4,0.892,0.95,0.892,0.4,0.608
774,,0.15,0.558,0.35,0.842,0.9,0.842,0.35,0.558
775,,0.1,0.508,0.3,0.792,0.85,0.792,0.3,0.508
776,,0.05,0.458,0.25,0.742,0.8,0.742,0.25,0.458
777,,0.0,0.408,0.2,0.692,0.75,0.692,0.2,0.408
778,,-0.05,0.358,0.15,0.642,0.7,0.642,0.15,0.358
779,1,0.95,0.679,0.4,0.821,0.85,0.821,0.4,0.679
780,1,1.0,1.0,0.65,1.0,1.0,1.0,0.65,1.0
781,,0.95,0.95,0.6,0.95,0.95,0.95,0.6,0.95
782,,0.9,0.9,0.55,0.9,0.9,0.9,0.55,0.9
783,,0.85,0.85,0.5,0.85,0.85,0.85,0.5,0.85
784,,0.8,0.8,0.45,0.8,0.8,0.8,0.45,0.8
785,,0.75,0.75,0.4,0.75,0.75,0.75,0.4,0.75
786,,0.7,0.7,0.35,0.7,0.7,0.7,0.35,0.7
787,,0.65,0.65,0.3,0.65,0.65,0.65,0.3,0.65
788,,0.6,0.6,0.25,0.6,0.6,0.6,0.25,0.6
789,,0.55,0.55,0.2,0.55,0.55,0.55,0.2,0.55
790,,0.5,0.5,0.15,0.5,0.5,0.5,0.15,0.5
791,,0.45,0.45,0.1,0.45,0.45,0.45,0.1,0.45
792,,0.4,0.4,0.05,0.4,0.4,0.4,0.05,0.4
793,,0.35,0.35,0.0,0.35,0.35,0.35,0.0,0.35
794,,0.3,0.3,-0.05,0.3,0.3,0.3,-0.05,0.3
795,7,0.55,0.479,0.1,0.479,0.55,0.621,0.95,0.621
796,7,0.8,0.658,0.25,0.658,0.8,0.942,1.0,0.942
797,,0.75,0.608,0.2,0.608,0.75,0.892,0.95,0.892
798,,0.7,0.558,0.15,0.558,0.7,0.842,0.9,0.842
799,,0.65,0.508,0.1,0.508,0.65,0.792,0.85,0.792
800,,0.6,0.458,0.05,0.458,0.6,0.742,0.8,0.742
801,,0.55,0.408,0.0,0.408,0.55,0.692,0.75,0.692
802,,0.5,0.358,-0.05,0.358,0.5,0.642,0.7,0.642
803,3,0.75,0.679,0.95,0.679,0.75,0.821,0.85,0.821
804,3,1.0,1.0,1.0,1.0,1.0,1.0,1.0,1.0
805,,0.95,0.95,0.95,0.95,0.95,0.95,0.95,0.95
806,,0.9,0.9,0.9,0.9,0.9,0.9,0.9,0.9
807,,0.85,0.85,0.85,0.85,0.85,0.85,0.85,0.85
808,,0.8,0.8,0.8,0.8,0.8,0.8,0.8,0.8
809,,0.75,0.75,0.75,0.75,0.75,0.75,0.75,0.75
810,,0.7,0.7,0.7,0.7,0.7,0.7,0.7,0.7
811,,0.65,0.65,0.65,0.65,0.65,0.65,0.65,0.65
812,,0.6,0.6,0.6,0.6,0.6,0.6,0.6,0.6
813,,0.55,0.55,0.55,0.55,0.55,0.55,0.55,0.55
814,,0.5,0.5,0.5,0.5,0.5,0.5,0.5,0.5
815,,0.45,0.45,0.45,0.45,0.45,0.45,0.45,0.45
816,,0.4,0.4,0.4,0.4,0.4,0.4,0.4,0.4
817,,0.35,0.35,0.35,0.35,0.35,0.35,0.35,0.35
818,,0.3,0.3,0.3,0.3,0.3,0.3,0.3,0.3
819,,0.25,0.25,0.25,0.25,0.25,0.25,0.25,0.25
820,,0.2,0.2,0.2,0.2,0.2,0.2,0.2,0.2
821,,0.15,0.15,0.15,0.15,0.15,0.15,0.15,0.15
822,,0.1,0.1,0.1,0.1,0.1,0.1,0.1,0.1
823,,0.05,0.05,0.05,0.05,0.05,0.05,0.05,0.05
824,,0.0,0.0,0.0,0.0,0.0,0.0,0.0,0.0
825,,-0.05,-0.05,-0.05,-0.05,-0.05,-0.05,-0.05,-0.05
826,6,0.129,0.1,0.129,0.2,0.271,0.95,0.271,0.2
827,6,0.308,0.25,0.308,0.45,0.592,1.0,0.592,0.45
828,,0.258,0.2,0.258,0.4,0.542,0.95,0.542,0.4
829,,0.208,0.15,0.208,0.35,0.492,0.9,0.492,0.35
830,,0.158,0.1,0.158,0.3,0.442,0.85,0.442,0.3
831,,0.108,0.05,0.108,0.25,0.392,0.8,0.392,0.25
832,,0.058,0.0,0.058,0.2,0.342,0.75,0.342,0.2
833,,0.008,-0.05,0.008,0.15,0.292,0.7,0.292,0.15
834,2,0.329,0.95,0.329,0.4,0.471,0.85,0.471,0.4
835,2,0.65,1.0,0.65,0.65,0.65,1.0,0.65,0.65
836,,0.6,0.95,0.6,0.6,0.6,0.95,0.6,0.6
837,,0.55,0.9,0.55,0.55,0.55,0.9,0.55,0.55
838,,0.5,0.85,0.5,0.5,0.5,0.85,0.5,0.5
839,,0.45,0.8,0.45,0.45,0.45,0.8,0.45,0.45
840,,0.4,0.75,0.4,0.4,0.4,0.75,0.4,0.4
841,,0.35,0.7,0.35,0.35,0.35,0.7,0.35,0.35
842,,0.3,0.65,0.3,0.3,0.3,0.65,0.3,0.3
843,,0.25,0.6,0.25,0.25,0.25,0.6,0.25,0.25
844,,0.2,0.55,0.2,0.2,0.2,0.55,0.2,0.2
845,,0.15,0.5,0.15,0.15,0.15,0.5,0.15,0.15
846,,0.1,0.45,0.1,0.1,0.1,0.45,0.1,0.1
847,,0.05,0.4,0.05,0.05,0.05,0.4,0.05,0.05
848,,0.0,0.35,0.0,0.0,0.0,0.35,0.0,0.0
849,,-0.05,0.3,-0.05,-0.05,-0.05,0.3,-0.05,-0.05
850,7,0.2,0.479,0.1,0.129,0.2,0.621,0.95,0.271
851,7,0.45,0.658,0.25,0.308,0.45,0.942,1.0,0.592
852,,0.4,0.608,0.2,0.258,0.4,0.892,0.95,0.542
853,,0.35,0.558,0.15,0.208,0.35,0.842,0.9,0.492
854,,0.3,0.508,0.1,0.158,0.3,0.792,0.85,0.442
855,,0.25,0.458,0.05,0.108,0.25,0.742,0.8,0.392
856,,0.2,0.408,0.0,0.058,0.2,0.692,0.75,0.342
857,,0.15,0.358,-0.05,0.008,0.15,0.642,0.7,0.292
858,3,0.4,0.679,0.95,0.329,0.4,0.821,0.85,0.471
859,3,0.65,1.0,1.0,0.65,0.65,1.0,1.0,0.65
860,,0.6,0.95,0.95,0.6,0.6,0.95,0.95,0.6
861,,0.55,0.9,0.9,0.55,0.55,0.9,0.9,0.55
862,,0.5,0.85,0.85,0.5,0.5,0.85,0.85,0.5
863,,0.45,0.8,0.8,0.45,0.45,0.8,0.8,0.45
864,,0.4,0.75,0.75,0.4,0.4,0.75,0.75,0.4
865,,0.35,0.7,0.7,0.35,0.35,0.7,0.7,0.35
866,,0.3,0.65,0.65,0.3,0.3,0.65,0.65,0.3
867,,0.25,0.6,0.6,0.25,0.25,0.6,0.6,0.25
868,,0.2,0.55,0.55,0.2,0.2,0.55,0.55,0.2
869,,0.15,0.5,0.5,0.15,0.15,0.5,0.5,0.15
870,,0.1,0.45,0.45,0.1,0.1,0.45,0.45,0.1
871,,0.05,0.4,0.4,0.05,0.05,0.4,0.4,0.05
872,,0.0,0.35,0.35,0.0,0.0,0.35,0.35,0.0
873,,-0.05,0.3,0.3,-0.05,-0.05,0.3,0.3,-0.05
874,8,0.271,0.55,0.479,0.1,0.129,0.55,0.621,0.95
875,8,0.592,0.8,0.658,0.25,0.308,0.8,0.942,1.0
876,,0.542,0.75,0.608,0.2,0.258,0.75,0.892,0.95
877,,0.492,0.7,0.558,0.15,0.208,0.7,0.842,0.9
878,,0.442,0.65,0.508,0.1,0.158,0.65,0.792,0.85
879,,0.392,0.6,0.458,0.05,0.108,0.6,0.742,0.8
880,,0.342,0.55,0.408,0.0,0.058,0.55,0.692,0.75
881,,0.292,0.5,0.358,-0.05,0.008,0.5,0.642,0.7
882,4,0.471,0.75,0.679,0.95,0.329,0.75,0.821,0.85
883,4,0.65,1.0,1.0,1.0,0.65,1.0,1.0,1.0
884,,0.6,0.95,0.95,0.95,0.6,0.95,0.95,0.95
885,,0.55,0.9,0.9,0.9,0.55,0.9,0.9,0.9
886,,0.5,0.85,0.85,0.85,0.5,0.85,0.85,0.85
887,,0.45,0.8,0.8,0.8,0.45,0.8,0.8,0.8
888,,0.4,0.75,0.75,0.75,0.4,0.75,0.75,0.75
889,,0.35,0.7,0.7,0.7,0.35,0.7,0.7,0.7
890,,0.3,0.65,0.65,0.65,0.3,0.65,0.65,0.65
891,,0.25,0.6,0.6,0.6,0.25,0.6,0.6,0.6
892,,0.2,0.55,0.55,0.55,0.2,0.55,0.55,0.55
