step,active_motive,motive_1,motive_2,motive_3,motive_4,motive_5,motive_6,motive_7,motive_8
0,,0.03048,0.01647,0.05341,0.04848,0.06924,0.02694,0.02441,0.01683
1,,-0.01952,-0.03353,0.00341,-0.00152,0.01924,-0.02306,-0.02559,-0.03317
2,2,0.30148,0.96647,0.32441,0.24848,0.19824,0.12694,0.15341,0.21683
3,2,0.62248,1.0,0.64541,0.49848,0.37724,0.27694,0.33241,0.46683
4,,0.57248,0.95,0.59541,0.44848,0.32724,0.22694,0.28241,0.41683
5,,0.52248,0.9,0.54541,0.39848,0.27724,0.17694,0.23241,0.36683
6,,0.47248,0.85,0.49541,0.34848,0.22724,0.12694,0.18241,0.31683
7,,0.42248,0.8,0.44541,0.29848,0.17724,0.07694,0.13241,0.26683
8,,0.37248,0.75,0.39541,0.24848,0.12724,0.02694,0.08241,0.21683
9,,0.32248,0.7,0.34541,0.19848,0.07724,-0.02306,0.03241,0.16683
10,6,0.50148,0.85,0.52441,0.44848,0.39824,0.97694,0.35341,0.41683
11,6,0.68048,1.0,0.70341,0.69848,0.71924,1.0,0.67441,0.66683
12,,0.63048,0.95,0.65341,0.64848,0.66924,0.95,0.62441,0.61683
13,,0.58048,0.9,0.60341,0.59848,0.61924,0.9,0.57441,0.56683
14,,0.53048,0.85,0.55341,0.54848,0.56924,0.85,0.52441,0.51683
15,,0.48048,0.8,0.50341,0.49848,0.51924,0.8,0.47441,0.46683
16,,0.43048,0.75,0.45341,0.44848,0.46924,0.75,0.42441,0.41683
17,,0.38048,0.7,0.40341,0.39848,0.41924,0.7,0.37441,0.36683
18,,0.33048,0.65,0.35341,0.34848,0.36924,0.65,0.32441,0.31683
19,,0.28048,0.6,0.30341,0.29848,0.31924,0.6,0.27441,0.26683
20,,0.23048,0.55,0.25341,0.24848,0.26924,0.55,0.22441,0.21683
21,,0.18048,0.5,0.20341,0.19848,0.21924,0.5,0.17441,0.16683
22,,0.13048,0.45,0.15341,0.14848,0.16924,0.45,0.12441,0.11683
23,,0.08048,0.4,0.10341,0.09848,0.11924,0.4,0.07441,0.06683
24,,0.03048,0.35,0.05341,0.04848,0.06924,0.35,0.02441,0.01683
25,,-0.01952,0.3,0.00341,-0.00152,0.01924,0.3,-0.02559,-0.03317
26,8,0.30148,0.55,0.18241,0.14848,0.19824,0.55,0.29541,0.96683
27,8,0.62248,0.8,0.36141,0.29848,0.37724,0.8,0.61641,1.0
28,,0.57248,0.75,0.31141,0.24848,0.32724,0.75,0.56641,0.95
29,,0.52248,0.7,0.26141,0.19848,0.27724,0.7,0.51641,0.9
30,,0.47248,0.65,0.21141,0.14848,0.22724,0.65,0.46641,0.85
31,,0.42248,0.6,0.16141,0.09848,0.17724,0.6,0.41641,0.8
32,,0.37248,0.55,0.11141,0.04848,0.12724,0.55,0.36641,0.75
33,,0.32248,0.5,0.06141,-0.00152,0.07724,0.5,0.31641,0.7
34,4,0.50148,0.75,0.38241,0.99848,0.39824,0.75,0.49541,0.85
35,4,0.68048,1.0,0.70341,1.0,0.71924,1.0,0.67441,1.0
36,,0.63048,0.95,0.65341,0.95,0.66924,0.95,0.62441,0.95
37,,0.58048,0.9,0.60341,0.9,0.61924,0.9,0.57441,0.9
38,,0.53048,0.85,0.55341,0.85,0.56924,0.85,0.52441,0.85
39,,0.48048,0.8,0.50341,0.8,0.51924,0.8,0.47441,0.8
40,,0.43048,0.75,0.45341,0.75,0.46924,0.75,0.42441,0.75
41,,0.38048,0.7,0.40341,0.7,0.41924,0.7,0.37441,0.7
42,,0.33048,0.65,0.35341,0.65,0.36924,0.65,0.32441,0.65
43,,0.28048,0.6,0.30341,0.6,0.31924,0.6,0.27441,0.6
44,,0.23048,0.55,0.25341,0.55,0.26924,0.55,0.22441,0.55
45,,0.18048,0.5,0.20341,0.5,0.21924,0.5,0.17441,0.5
46,,0.13048,0.45,0.15341,0.45,0.16924,0.45,0.12441,0.45
47,,0.08048,0.4,0.10341,0.4,0.11924,0.4,0.07441,0.4
48,,0.03048,0.35,0.05341,0.35,0.06924,0.35,0.02441,0.35
49,,-0.01952,0.3,0.00341,0.3,0.01924,0.3,-0.02559,0.3
50,7,0.23048,0.479,0.15341,0.479,0.26924,0.621,0.97441,0.621
51,7,0.48048,0.658,0.30341,0.658,0.51924,0.942,1.0,0.942
52,,0.43048,0.608,0.25341,0.608,0.46924,0.892,0.95,0.892
53,,0.38048,0.558,0.20341,0.558,0.41924,0.842,0.9,0.842
54,,0.33048,0.508,0.15341,0.508,0.36924,0.792,0.85,0.792
55,,0.28048,0.458,0.10341,0.458,0.31924,0.742,0.8,0.742
56,,0.23048,0.408,0.05341,0.408,0.26924,0.692,0.75,0.692
57,,0.18048,0.358,0.00341,0.358,0.21924,0.642,0.7,0.642
58,,0.13048,0.308,-0.04659,0.308,0.16924,0.592,0.65,0.592
59,3,0.38048,0.629,0.95341,0.629,0.41924,0.771,0.8,0.771
60,3,0.63048,0.95,1.0,0.95,0.66924,0.95,0.95,0.95
61,,0.58048,0.9,0.95,0.9,0.61924,0.9,0.9,0.9
62,,0.53048,0.85,0.9,0.85,0.56924,0.85,0.85,0.85
63,,0.48048,0.8,0.85,0.8,0.51924,0.8,0.8,0.8
64,,0.43048,0.75,0.8,0.75,0.46924,0.75,0.75,0.75
65,,0.38048,0.7,0.75,0.7,0.41924,0.7,0.7,0.7
66,,0.33048,0.65,0.7,0.65,0.36924,0.65,0.65,0.65
67,,0.28048,0.6,0.65,0.6,0.31924,0.6,0.6,0.6
68,,0.23048,0.55,0.6,0.55,0.26924,0.55,0.55,0.55
69,,0.18048,0.5,0.55,0.5,0.21924,0.5,0.5,0.5
70,,0.13048,0.45,0.5,0.45,0.16924,0.45,0.45,0.45
71,,0.08048,0.4,0.45,0.4,0.11924,0.4,0.4,0.4
72,,0.03048,0.35,0.4,0.35,0.06924,0.35,0.35,0.35
73,,-0.01952,0.3,0.35,0.3,0.01924,0.3,0.3,0.3
74,1,0.98048,0.621,0.6,0.479,0.16924,0.479,0.55,0.621
75,1,1.0,0.942,0.85,0.658,0.31924,0.658,0.8,0.942
76,,0.95,0.892,0.8,0.608,0.26924,0.608,0.75,0.892
77,,0.9,0.842,0.75,0.558,0.21924,0.558,0.7,0.842
78,,0.85,0.792,0.7,0.508,0.16924,0.508,0.65,0.792
79,,0.8,0.742,0.65,0.458,0.11924,0.458,0.6,0.742
80,,0.75,0.692,0.6,0.408,0.06924,0.408,0.55,0.692
81,,0.7,0.642,0.55,0.358,0.01924,0.358,0.5,0.642
82,,0.65,0.592,0.5,0.308,-0.03076,0.308,0.45,0.592
83,5,0.8,0.771,0.75,0.629,0.96924,0.629,0.7,0.771
84,5,0.95,0.95,1.0,0.95,1.0,0.95,0.95,0.95
85,,0.9,0.9,0.95,0.9,0.95,0.9,0.9,0.9
86,,0.85,0.85,0.9,0.85,0.9,0.85,0.85,0.85
87,,0.8,0.8,0.85,0.8,0.85,0.8,0.8,0.8
88,,0.75,0.75,0.8,0.75,0.8,0.75,0.75,0.75
89,,0.7,0.7,0.75,0.7,0.75,0.7,0.7,0.7
90,,0.65,0.65,0.7,0.65,0.7,0.65,0.65,0.65
91,,0.6,0.6,0.65,0.6,0.65,0.6,0.6,0.6
92,,0.55,0.55,0.6,0.55,0.6,0.55,0.55,0.55
93,,0.5,0.5,0.55,0.5,0.55,0.5,0.5,0.5
94,,0.45,0.45,0.5,0.45,0.5,0.45,0.45,0.45
95,,0.4,0.4,0.45,0.4,0.45,0.4,0.4,0.4
96,,0.35,0.35,0.4,0.35,0.4,0.35,0.35,0.35
97,,0.3,0.3,0.35,0.3,0.35,0.3,0.3,0.3
98,,0.25,0.25,0.3,0.25,0.3,0.25,0.25,0.25
99,,0.2,0.2,0.25,0.2,0.25,0.2,0.2,0.2
100,,0.15,0.15,0.2,0.15,0.2,0.15,0.15,0.15
101,,0.1,0.1,0.15,0.1,0.15,0.1,0.1,0.1
102,,0.05,0.05,0.1,0.05,0.1,0.05,0.05,0.05
103,,0.0,0.0,0.05,0.0,0.05,0.0,0.0,0.0
104,,-0.05,-0.05,0.0,-0.05,0.0,-0.05,-0.05,-0.05
105,1,0.95,0.271,0.25,0.129,0.15,0.129,0.2,0.271
106,1,1.0,0.592,0.5,0.308,0.3,0.308,0.45,0.592
107,,0.95,0.542,0.45,0.258,0.25,0.258,0.4,0.542
108,,0.9,0.492,0.4,0.208,0.2,0.208,0.35,0.492
109,,0.85,0.442,0.35,0.158,0.15,0.158,0.3,0.442
110,,0.8,0.392,0.3,0.108,0.1,0.108,0.25,0.392
111,,0.75,0.342,0.25,0.058,0.05,0.058,0.2,0.342
112,,0.7,0.292,0.2,0.008,0.0,0.008,0.15,0.292
113,,0.65,0.242,0.15,-0.042,-0.05,-0.042,0.1,0.242
114,5,0.8,0.421,0.4,0.279,0.95,0.279,0.35,0.421
115,5,0.95,0.6,0.65,0.6,1.0,0.6,0.6,0.6
116,,0.9,0.55,0.6,0.55,0.95,0.55,0.55,0.55
117,,0.85,0.5,0.55,0.5,0.9,0.5,0.5,0.5
118,,0.8,0.45,0.5,0.45,0.85,0.45,0.45,0.45
119,,0.75,0.4,0.45,0.4,0.8,0.4,0.4,0.4
120,,0.7,0.35,0.4,0.35,0.75,0.35,0.35,0.35
121,,0.65,0.3,0.35,0.3,0.7,0.3,0.3,0.3
122,,0.6,0.25,0.3,0.25,0.65,0.25,0.25,0.25
123,,0.55,0.2,0.25,0.2,0.6,0.2,0.2,0.2
124,,0.5,0.15,0.2,0.15,0.55,0.15,0.15,0.15
125,,0.45,0.1,0.15,0.1,0.5,0.1,0.1,0.1
126,,0.4,0.05,0.1,0.05,0.45,0.05,0.05,0.05
127,,0.35,0.0,0.05,0.0,0.4,0.0,0.0,0.0
128,,0.3,-0.05,0.0,-0.05,0.35,-0.05,-0.05,-0.05
129,7,0.55,0.129,0.15,0.129,0.6,0.271,0.95,0.271
130,7,0.8,0.308,0.3,0.308,0.85,0.592,1.0,0.592
131,,0.75,0.258,0.25,0.258,0.8,0.542,0.95,0.542
132,,0.7,0.208,0.2,0.208,0.75,0.492,0.9,0.492
133,,0.65,0.158,0.15,0.158,0.7,0.442,0.85,0.442
134,,0.6,0.108,0.1,0.108,0.65,0.392,0.8,0.392
135,,0.55,0.058,0.05,0.058,0.6,0.342,0.75,0.342
136,,0.5,0.008,0.0,0.008,0.55,0.292,0.7,0.292
137,,0.45,-0.042,-0.05,-0.042,0.5,0.242,0.65,0.242
138,3,0.7,0.279,0.95,0.279,0.75,0.421,0.8,0.421
139,3,0.95,0.6,1.0,0.6,1.0,0.6,0.95,0.6
140,,0.9,0.55,0.95,0.55,0.95,0.55,0.9,0.55
141,,0.85,0.5,0.9,0.5,0.9,0.5,0.85,0.5
142,,0.8,0.45,0.85,0.45,0.85,0.45,0.8,0.45
143,,0.75,0.4,0.8,0.4,0.8,0.4,0.75,0.4
144,,0.7,0.35,0.75,0.35,0.75,0.35,0.7,0.35
145,,0.65,0.3,0.7,0.3,0.7,0.3,0.65,0.3
146,,0.6,0.25,0.65,0.25,0.65,0.25,0.6,0.25
147,,0.55,0.2,0.6,0.2,0.6,0.2,0.55,0.2
148,,0.5,0.15,0.55,0.15,0.55,0.15,0.5,0.15
149,,0.45,0.1,0.5,0.1,0.5,0.1,0.45,0.1
150,,0.4,0.05,0.45,0.05,0.45,0.05,0.4,0.05
151,,0.35,0.0,0.4,0.0,0.4,0.0,0.35,0.0
152,,0.3,-0.05,0.35,-0.05,0.35,-0.05,0.3,-0.05
153,2,0.621,0.95,0.671,0.2,0.529,0.1,0.479,0.2
154,2,0.942,1.0,0.992,0.45,0.708,0.25,0.658,0.45
155,,0.892,0.95,0.942,0.4,0.658,0.2,0.608,0.4
156,,0.842,0.9,0.892,0.35,0.608,0.15,0.558,0.35
157,,0.792,0.85,0.842,0.3,0.558,0.1,0.508,0.3
158,,0.742,0.8,0.792,0.25,0.508,0.05,0.458,0.25
159,,0.692,0.75,0.742,0.2,0.458,0.0,0.408,0.2
160,,0.642,0.7,0.692,0.15,0.408,-0.05,0.358,0.15
161,6,0.821,0.85,0.871,0.4,0.729,0.95,0.679,0.4
162,6,1.0,1.0,1.0,0.65,1.0,1.0,1.0,0.65
163,,0.95,0.95,0.95,0.6,0.95,0.95,0.95,0.6
164,,0.9,0.9,0.9,0.55,0.9,0.9,0.9,0.55
165,,0.85,0.85,0.85,0.5,0.85,0.85,0.85,0.5
166,,0.8,0.8,0.8,0.45,0.8,0.8,0.8,0.45
167,,0.75,0.75,0.75,0.4,0.75,0.75,0.75,0.4
168,,0.7,0.7,0.7,0.35,0.7,0.7,0.7,0.35
169,,0.65,0.65,0.65,0.3,0.65,0.65,0.65,0.3
170,,0.6,0.6,0.6,0.25,0.6,0.6,0.6,0.25
171,,0.55,0.55,0.55,0.2,0.55,0.55,0.55,0.2
172,,0.5,0.5,0.5,0.15,0.5,0.5,0.5,0.15
173,,0.45,0.45,0.45,0.1,0.45,0.45,0.45,0.1
174,,0.4,0.4,0.4,0.05,0.4,0.4,0.4,0.05
175,,0.35,0.35,0.35,0.0,0.35,0.35,0.35,0.0
176,,0.3,0.3,0.3,-0.05,0.3,0.3,0.3,-0.05
177,8,0.621,0.55,0.479,0.1,0.479,0.55,0.621,0.95
178,8,0.942,0.8,0.658,0.25,0.658,0.8,0.942,1.0
179,,0.892,0.75,0.608,0.2,0.608,0.75,0.892,0.95
180,,0.842,0.7,0.558,0.15,0.558,0.7,0.842,0.9
181,,0.792,0.65,0.508,0.1,0.508,0.65,0.792,0.85
182,,0.742,0.6,0.458,0.05,0.458,0.6,0.742,0.8
183,,0.692,0.55,0.408,0.0,0.408,0.55,0.692,0.75
184,,0.642,0.5,0.358,-0.05,0.358,0.5,0.642,0.7
185,4,0.821,0.75,0.679,0.95,0.679,0.75,0.821,0.85
186,4,1.0,1.0,1.0,1.0,1.0,1.0,1.0,1.0
187,,0.95,0.95,0.95,0.95,0.95,0.95,0.95,0.95
188,,0.9,0.9,0.9,0.9,0.9,0.9,0.9,0.9
189,,0.85,0.85,0.85,0.85,0.85,0.85,0.85,0.85
190,,0.8,0.8,0.8,0.8,0.8,0.8,0.8,0.8
191,,0.75,0.75,0.75,0.75,0.75,0.75,0.75,0.75
192,,0.7,0.7,0.7,0.7,0.7,0.7,0.7,0.7
193,,0.65,0.65,0.65,0.65,0.65,0.65,0.65,0.65
194,,0.6,0.6,0.6,0.6,0.6,0.6,0.6,0.6
195,,0.55,0.55,0.55,0.55,0.55,0.55,0.55,0.55
196,,0.5,0.5,0.5,0.5,0.5,0.5,0.5,0.5
197,,0.45,0.45,0.45,0.45,0.45,0.45,0.45,0.45
198,,0.4,0.4,0.4,0.4,0.4,0.4,0.4,0.4
199,,0.35,0.35,0.35,0.35,0.35,0.35,0.35,0.35
200,,0.3,0.3,0.3,0.3,0.3,0.3,0.3,0.3
201,,0.25,0.25,0.25,0.25,0.25,0.25,0.25,0.25
202,,0.2,0.2,0.2,0.2,0.2,0.2,0.2,0.2
203,,0.15,0.15,0.15,0.15,0.15,0.15,0.15,0.15
204,,0.1,0.1,0.1,0.1,0.1,0.1,0.1,0.1
205,,0.05,0.05,0.05,0.05,0.05,0.05,0.05,0.05
206,,0.0,0.0,0.0,0.0,0.0,0.0,0.0,0.0
207,,-0.05,-0.05,-0.05,-0.05,-0.05,-0.05,-0.05,-0.05
208,1,0.95,0.271,0.2,0.129,0.1,0.129,0.2,0.271
209,1,1.0,0.592,0.45,0.308,0.25,0.308,0.45,0.592
210,,0.95,0.542,0.4,0.258,0.2,0.258,0.4,0.542
211,,0.9,0.492,0.35,0.208,0.15,0.208,0.35,0.492
212,,0.85,0.442,0.3,0.158,0.1,0.158,0.3,0.442
213,,0.8,0.392,0.25,0.108,0.05,0.108,0.25,0.392
214,,0.75,0.342,0.2,0.058,0.0,0.058,0.2,0.342
215,,0.7,0.292,0.15,0.008,-0.05,0.008,0.15,0.292
216,5,0.85,0.471,0.4,0.329,0.95,0.329,0.4,0.471
217,5,1.0,0.65,0.65,0.65,1.0,0.65,0.65,0.65
218,,0.95,0.6,0.6,0.6,0.95,0.6,0.6,0.6
219,,0.9,0.55,0.55,0.55,0.9,0.55,0.55,0.55
220,,0.85,0.5,0.5,0.5,0.85,0.5,0.5,0.5
221,,0.8,0.45,0.45,0.45,0.8,0.45,0.45,0.45
222,,0.75,0.4,0.4,0.4,0.75,0.4,0.4,0.4
223,,0.7,0.35,0.35,0.35,0.7,0.35,0.35,0.35
224,,0.65,0.3,0.3,0.3,0.65,0.3,0.3,0.3
225,,0.6,0.25,0.25,0.25,0.6,0.25,0.25,0.25
226,,0.55,0.2,0.2,0.2,0.55,0.2,0.2,0.2
227,,0.5,0.15,0.15,0.15,0.5,0.15,0.15,0.15
228,,0.45,0.1,0.1,0.1,0.45,0.1,0.1,0.1
229,,0.4,0.05,0.05,0.05,0.4,0.05,0.05,0.05
230,,0.35,0.0,0.0,0.0,0.35,0.0,0.0,0.0
231,,0.3,-0.05,-0.05,-0.05,0.3,-0.05,-0.05,-0.05
232,3,0.55,0.271,0.95,0.271,0.55,0.129,0.1,0.129
233,3,0.8,0.592,1.0,0.592,0.8,0.308,0.25,0.308
234,,0.75,0.542,0.95,0.542,0.75,0.258,0.2,0.258
235,,0.7,0.492,0.9,0.492,0.7,0.208,0.15,0.208
236,,0.65,0.442,0.85,0.442,0.65,0.158,0.1,0.158
237,,0.6,0.392,0.8,0.392,0.6,0.108,0.05,0.108
238,,0.55,0.342,0.75,0.342,0.55,0.058,0.0,0.058
239,,0.5,0.292,0.7,0.292,0.5,0.008,-0.05,0.008
240,7,0.75,0.471,0.85,0.471,0.75,0.329,0.95,0.329
241,7,1.0,0.65,1.0,0.65,1.0,0.65,1.0,0.65
242,,0.95,0.6,0.95,0.6,0.95,0.6,0.95,0.6
243,,0.9,0.55,0.9,0.55,0.9,0.55,0.9,0.55
244,,0.85,0.5,0.85,0.5,0.85,0.5,0.85,0.5
245,,0.8,0.45,0.8,0.45,0.8,0.45,0.8,0.45
246,,0.75,0.4,0.75,0.4,0.75,0.4,0.75,0.4
247,,0.7,0.35,0.7,0.35,0.7,0.35,0.7,0.35
248,,0.65,0.3,0.65,0.3,0.65,0.3,0.65,0.3
249,,0.6,0.25,0.6,0.25,0.6,0.25,0.6,0.25
250,,0.55,0.2,0.55,0.2,0.55,0.2,0.55,0.2
251,,0.5,0.15,0.5,0.15,0.5,0.15,0.5,0.15
252,,0.45,0.1,0.45,0.1,0.45,0.1,0.45,0.1
253,,0.4,0.05,0.4,0.05,0.4,0.05,0.4,0.05
254,,0.35,0.0,0.35,0.0,0.35,0.0,0.35,0.0
255,,0.3,-0.05,0.3,-0.05,0.3,-0.05,0.3,-0.05
256,8,0.621,0.2,0.479,0.1,0.479,0.2,0.621,0.95
257,8,0.942,0.45,0.658,0.25,0.658,0.45,0.942,1.0
258,,0.892,0.4,0.608,0.2,0.608,0.4,0.892,0.95
259,,0.842,0.35,0.558,0.15,0.558,0.35,0.842,0.9
260,,0.792,0.3,0.508,0.1,0.508,0.3,0.792,0.85
261,,0.742,0.25,0.458,0.05,0.458,0.25,0.742,0.8
262,,0.692,0.2,0.408,0.0,0.408,0.2,0.692,0.75
263,,0.642,0.15,0.358,-0.05,0.358,0.15,0.642,0.7
264,4,0.821,0.4,0.679,0.95,0.679,0.4,0.821,0.85
265,4,1.0,0.65,1.0,1.0,1.0,0.65,1.0,1.0
266,,0.95,0.6,0.95,0.95,0.95,0.6,0.95,0.95
267,,0.9,0.55,0.9,0.9,0.9,0.55,0.9,0.9
268,,0.85,0.5,0.85,0.85,0.85,0.5,0.85,0.85
269,,0.8,0.45,0.8,0.8,0.8,0.45,0.8,0.8
270,,0.75,0.4,0.75,0.75,0.75,0.4,0.75,0.75
271,,0.7,0.35,0.7,0.7,0.7,0.35,0.7,0.7
272,,0.65,0.3,0.65,0.65,0.65,0.3,0.65,0.65
273,,0.6,0.25,0.6,0.6,0.6,0.25,0.6,0.6
274,,0.55,0.2,0.55,0.55,0.55,0.2,0.55,0.55
275,,0.5,0.15,0.5,0.5,0.5,0.15,0.5,0.5
276,,0.45,0.1,0.45,0.45,0.45,0.1,0.45,0.45
277,,0.4,0.05,0.4,0.4,0.4,0.05,0.4,0.4
278,,0.35,0.0,0.35,0.35,0.35,0.0,0.35,0.35
279,,0.3,-0.05,0.3,0.3,0.3,-0.05,0.3,0.3
280,6,0.479,0.1,0.479,0.55,0.621,0.95,0.621,0.55
281,6,0.658,0.25,0.658,0.8,0.942,1.0,0.942,0.8
282,,0.608,0.2,0.608,0.75,0.892,0.95,0.892,0.75
283,,0.558,0.15,0.558,0.7,0.842,0.9,0.842,0.7
284,,0.508,0.1,0.508,0.65,0.792,0.85,0.792,0.65
285,,0.458,0.05,0.458,0.6,0.742,0.8,0.742,0.6
286,,0.408,0.0,0.408,0.55,0.692,0.75,0.692,0.55
287,,0.358,-0.05,0.358,0.5,0.642,0.7,0.642,0.5
288,2,0.679,0.95,0.679,0.75,0.821,0.85,0.821,0.75
289,2,1.0,1.0,1.0,1.0,1.0,1.0,1.0,1.0
290,,0.95,0.95,0.95,0.95,0.95,0.95,0.95,0.95
291,,0.9,0.9,0.9,0.9,0.9,0.9,0.9,0.9
292,,0.85,0.85,0.85,0.85,0.85,0.85,0.85,0.85
293,,0.8,0.8,0.8,0.8,0.8,0.8,0.8,0.8
294,,0.75,0.75,0.75,0.75,0.75,0.75,0.75,0.75
295,,0.7,0.7,0.7,0.7,0.7,0.7,0.7,0.7
296,,0.65,0.65,0.65,0.65,0.65,0.65,0.65,0.65
297,,0.6,0.6,0.6,0.6,0.6,0.6,0.6,0.6
298,,0.55,0.55,0.55,0.55,0.55,0.55,0.55,0.55
299,,0.5,0.5,0.5,0.5,0.5,0.5,0.5,0.5
300,,0.45,0.45,0.45,0.45,0.45,0.45,0.45,0.45
301,,0.4,0.4,0.4,0.4,0.4,0.4,0.4,0.4
302,,0.35,0.35,0.35,0.35,0.35,0.35,0.35,0.35
303,,0.3,0.3,0.3,0.3,0.3,0.3,0.3,0.3
304,,0.25,0.25,0.25,0.25,0.25,0.25,0.25,0.25
305,,0.2,0.2,0.2,0.2,0.2,0.2,0.2,0.2
306,,0.15,0.15,0.15,0.15,0.15,0.15,0.15,0.15
307,,0.1,0.1,0.1,0.1,0.1,0.1,0.1,0.1
308,,0.05,0.05,0.05,0.05,0.05,0.05,0.05,0.05
309,,0.0,0.0,0.0,0.0,0.0,0.0,0.0,0.0
310,,-0.05,-0.05,-0.05,-0.05,-0.05,-0.05,-0.05,-0.05
311,6,0.129,0.1,0.129,0.2,0.271,0.95,0.271,0.2
312,6,0.308,0.25,0.308,0.45,0.592,1.0,0.592,0.45
313,,0.258,0.2,0.258,0.4,0.542,0.95,0.542,0.4
314,,0.208,0.15,0.208,0.35,0.492,0.9,0.492,0.35
315,,0.158,0.1,0.158,0.3,0.442,0.85,0.442,0.3
316,,0.108,0.05,0.108,0.25,0.392,0.8,0.392,0.25
317,,0.058,0.0,0.058,0.2,0.342,0.75,0.342,0.2
318,,0.008,-0.05,0.008,0.15,0.292,0.7,0.292,0.15
319,2,0.329,0.95,0.329,0.4,0.471,0.85,0.471,0.4
320,2,0.65,1.0,0.65,0.65,0.65,1.0,0.65,0.65
321,,0.6,0.95,0.6,0.6,0.6,0.95,0.6,0.6
322,,0.55,0.9,0.55,0.55,0.55,0.9,0.55,0.55
323,,0.5,0.85,0.5,0.5,0.5,0.85,0.5,0.5
324,,0.45,0.8,0.45,0.45,0.45,0.8,0.45,0.45
325,,0.4,0.75,0.4,0.4,0.4,0.75,0.4,0.4
326,,0.35,0.7,0.35,0.35,0.35,0.7,0.35,0.35
327,,0.3,0.65,0.3,0.3,0.3,0.65,0.3,0.3
328,,0.25,0.6,0.25,0.25,0.25,0.6,0.25,0.25
329,,0.2,0.55,0.2,0.2,0.2,0.55,0.2,0.2
330,,0.15,0.5,0.15,0.15,0.15,0.5,0.15,0.15
331,,0.1,0.45,0.1,0.1,0.1,0.45,0.1,0.1
332,,0.05,0.4,0.05,0.05,0.05,0.4,0.05,0.05
333,,0.0,0.35,0.0,0.0,0.0,0.35,0.0,0.0
334,,-0.05,0.3,-0.05,-0.05,-0.05,0.3,-0.05,-0.05
335,3,0.2,0.621,0.95,0.271,0.2,0.479,0.1,0.129
336,3,0.45,0.942,1.0,0.592,0.45,0.658,0.25,0.308
337,,0.4,0.892,0.95,0.542,0.4,0.608,0.2,0.258
338,,0.35,0.842,0.9,0.492,0.35,0.558,0.15,0.208
339,,0.3,0.792,0.85,0.442,0.3,0.508,0.1,0.158
340,,0.25,0.742,0.8,0.392,0.25,0.458,0.05,0.108
341,,0.2,0.692,0.75,0.342,0.2,0.408,0.0,0.058
342,,0.15,0.642,0.7,0.292,0.15,0.358,-0.05,0.008
343,7,0.4,0.821,0.85,0.471,0.4,0.679,0.95,0.329
344,7,0.65,1.0,1.0,0.65,0.65,1.0,1.0,0.65
345,,0.6,0.95,0.95,0.6,0.6,0.95,0.95,0.6
346,,0.55,0.9,0.9,0.55,0.55,0.9,0.9,0.55
347,,0.5,0.85,0.85,0.5,0.5,0.85,0.85,0.5
348,,0.45,0.8,0.8,0.45,0.45,0.8,0.8,0.45
349,,0.4,0.75,0.75,0.4,0.4,0.75,0.75,0.4
350,,0.35,0.7,0.7,0.35,0.35,0.7,0.7,0.35
351,,0.3,0.65,0.65,0.3,0.3,0.65,0.65,0.3
352,,0.25,0.6,0.6,0.25,0.25,0.6,0.6,0.25
353,,0.2,0.55,0.55,0.2,0.2,0.55,0.55,0.2
354,,0.15,0.5,0.5,0.15,0.15,0.5,0.5,0.15
355,,0.1,0.45,0.45,0.1,0.1,0.45,0.45,0.1
356,,0.05,0.4,0.4,0.05,0.05,0.4,0.4,0.05
357,,0.0,0.35,0.35,0.0,0.0,0.35,0.35,0.0
358,,-0.05,0.3,0.3,-0.05,-0.05,0.3,0.3,-0.05
359,5,0.1,0.479,0.55,0.271,0.95,0.621,0.55,0.129
360,5,0.25,0.658,0.8,0.592,1.0,0.942,0.8,0.308
361,,0.2,0.608,0.75,0.542,0.95,0.892,0.75,0.258
362,,0.15,0.558,0.7,0.492,0.9,0.842,0.7,0.208
363,,0.1,0.508,0.65,0.442,0.85,0.792,0.65,0.158
364,,0.05,0.458,0.6,0.392,0.8,0.742,0.6,0.108
365,,0.0,0.408,0.55,0.342,0.75,0.692,0.55,0.058
366,,-0.05,0.358,0.5,0.292,0.7,0.642,0.5,0.008
367,1,0.95,0.679,0.75,0.471,0.85,0.821,0.75,0.329
368,1,1.0,1.0,1.0,0.65,1.0,1.0,1.0,0.65
369,,0.95,0.95,0.95,0.6,0.95,0.95,0.95,0.6
370,,0.9,0.9,0.9,0.55,0.9,0.9,0.9,0.55
371,,0.85,0.85,0.85,0.5,0.85,0.85,0.85,0.5
372,,0.8,0.8,0.8,0.45,0.8,0.8,0.8,0.45
373,,0.75,0.75,0.75,0.4,0.75,0.75,0.75,0.4
374,,0.7,0.7,0.7,0.35,0.7,0.7,0.7,0.35
375,,0.65,0.65,0.65,0.3,0.65,0.65,0.65,0.3
376,,0.6,0.6,0.6,0.25,0.6,0.6,0.6,0.25
377,,0.55,0.55,0.55,0.2,0.55,0.55,0.55,0.2
378,,0.5,0.5,0.5,0.15,0.5,0.5,0.5,0.15
379,,0.45,0.45,0.45,0.1,0.45,0.45,0.45,0.1
380,,0.4,0.4,0.4,0.05,0.4,0.4,0.4,0.05
381,,0.35,0.35,0.35,0.0,0.35,0.35,0.35,0.0
382,,0.3,0.3,0.3,-0.05,0.3,0.3,0.3,-0.05
383,4,0.479,0.55,0.621,0.95,0.621,0.55,0.479,0.1
384,4,0.658,0.8,0.942,1.0,0.942,0.8,0.658,0.25
385,,0.608,0.75,0.892,0.95,0.892,0.75,0.608,0.2
386,,0.558,0.7,0.842,0.9,0.842,0.7,0.558,0.15
387,,0.508,0.65,0.792,0.85,0.792,0.65,0.508,0.1
388,,0.458,0.6,0.742,0.8,0.742,0.6,0.458,0.05
389,,0.408,0.55,0.692,0.75,0.692,0.55,0.408,0.0
390,,0.358,0.5,0.642,0.7,0.642,0.5,0.358,-0.05
391,8,0.679,0.75,0.821,0.85,0.821,0.75,0.679,0.95
392,8,1.0,1.0,1.0,1.0,1.0,1.0,1.0,1.0
393,,0.95,0.95,0.95,0.95,0.95,0.95,0.95,0.95
394,,0.9,0.9,0.9,0.9,0.9,0.9,0.9,0.9
395,,0.85,0.85,0.85,0.85,0.85,0.85,0.85,0.85
396,,0.8,0.8,0.8,0.8,0.8,0.8,0.8,0.8
397,,0.75,0.75,0.75,0.75,0.75,0.75,0.75,0.75
398,,0.7,0.7,0.7,0.7,0.7,0.7,0.7,0.7
399,,0.65,0.65,0.65,0.65,0.65,0.65,0.65,0.65
400,,0.6,0.6,0.6,0.6,0.6,0.6,0.6,0.6
401,,0.55,0.55,0.55,0.55,0.55,0.55,0.55,0.55
402,,0.5,0.5,0.5,0.5,0.5,0.5,0.5,0.5
403,,0.45,0.45,0.45,0.45,0.45,0.45,0.45,0.45
404,,0.4,0.4,0.4,0.4,0.4,0.4,0.4,0.4
405,,0.35,0.35,0.35,0.35,0.35,0.35,0.35,0.35
406,,0.3,0.3,0.3,0.3,0.3,0.3,0.3,0.3
407,,0.25,0.25,0.25,0.25,0.25,0.25,0.25,0.25
408,,0.2,0.2,0.2,0.2,0.2,0.2,0.2,0.2
409,,0.15,0.15,0.15,0.15,0.15,0.15,0.15,0.15
410,,0.1,0.1,0.1,0.1,0.1,0.1,0.1,0.1
411,,0.05,0.05,0.05,0.05,0.05,0.05,0.05,0.05
412,,0.0,0.0,0.0,0.0,0.0,0.0,0.0,0.0
413,,-0.05,-0.05,-0.05,-0.05,-0.05,-0.05,-0.05,-0.05
414,5,0.1,0.129,0.2,0.271,0.95,0.271,0.2,0.129
415,5,0.25,0.308,0.45,0.592,1.0,0.592,0.45,0.308
416,,0.2,0.258,0.4,0.542,0.95,0.542,0.4,0.258
417,,0.15,0.208,0.35,0.492,0.9,0.492,0.35,0.208
418,,0.1,0.158,0.3,0.442,0.85,0.442,0.3,0.158
419,,0.05,0.108,0.25,0.392,0.8,0.392,0.25,0.108
420,,0.0,0.058,0.2,0.342,0.75,0.342,0.2,0.058
421,,-0.05,0.008,0.15,0.292,0.7,0.292,0.15,0.008
422,1,0.95,0.329,0.4,0.471,0.85,0.471,0.4,0.329
423,1,1.0,0.65,0.65,0.65,1.0,0.65,0.65,0.65
424,,0.95,0.6,0.6,0.6,0.95,0.6,0.6,0.6
425,,0.9,0.55,0.55,0.55,0.9,0.55,0.55,0.55
426,,0.85,0.5,0.5,0.5,0.85,0.5,0.5,0.5
427,,0.8,0.45,0.45,0.45,0.8,0.45,0.45,0.45
428,,0.75,0.4,0.4,0.4,0.75,0.4,0.4,0.4
429,,0.7,0.35,0.35,0.35,0.7,0.35,0.35,0.35
430,,0.65,0.3,0.3,0.3,0.65,0.3,0.3,0.3
431,,0.6,0.25,0.25,0.25,0.6,0.25,0.25,0.25
432,,0.55,0.2,0.2,0.2,0.55,0.2,0.2,0.2
433,,0.5,0.15,0.15,0.15,0.5,0.15,0.15,0.15
434,,0.45,0.1,0.1,0.1,0.45,0.1,0.1,0.1
435,,0.4,0.05,0.05,0.05,0.4,0.05,0.05,0.05
436,,0.35,0.0,0.0,0.0,0.35,0.0,0.0,0.0
437,,0.3,-0.05,-0.05,-0.05,0.3,-0.05,-0.05,-0.05
438,2,0.621,0.95,0.271,0.2,0.479,0.1,0.129,0.2
439,2,0.942,1.0,0.592,0.45,0.658,0.25,0.308,0.45
440,,0.892,0.95,0.542,0.4,0.608,0.2,0.258,0.4
441,,0.842,0.9,0.492,0.35,0.558,0.15,0.208,0.35
442,,0.792,0.85,0.442,0.3,0.508,0.1,0.158,0.3
443,,0.742,0.8,0.392,0.25,0.458,0.05,0.108,0.25
444,,0.692,0.75,0.342,0.2,0.408,0.0,0.058,0.2
445,,0.642,0.7,0.292,0.15,0.358,-0.05,0.008,0.15
446,6,0.821,0.85,0.471,0.4,0.679,0.95,0.329,0.4
447,6,1.0,1.0,0.65,0.65,1.0,1.0,0.65,0.65
448,,0.95,0.95,0.6,0.6,0.95,0.95,0.6,0.6
449,,0.9,0.9,0.55,0.55,0.9,0.9,0.55,0.55
450,,0.85,0.85,0.5,0.5,0.85,0.85,0.5,0.5
451,,0.8,0.8,0.45,0.45,0.8,0.8,0.45,0.45
452,,0.75,0.75,0.4,0.4,0.75,0.75,0.4,0.4
453,,0.7,0.7,0.35,0.35,0.7,0.7,0.35,0.35
454,,0.65,0.65,0.3,0.3,0.65,0.65,0.3,0.3
455,,0.6,0.6,0.25,0.25,0.6,0.6,0.25,0.25
456,,0.55,0.55,0.2,0.2,0.55,0.55,0.2,0.2
457,,0.5,0.5,0.15,0.15,0.5,0.5,0.15,0.15
458,,0.45,0.45,0.1,0.1,0.45,0.45,0.1,0.1
459,,0.4,0.4,0.05,0.05,0.4,0.4,0.05,0.05
460,,0.35,0.35,0.0,0.0,0.35,0.35,0.0,0.0
461,,0.3,0.3,-0.05,-0.05,0.3,0.3,-0.05,-0.05
462,8,0.621,0.55,0.129,0.1,0.479,0.55,0.271,0.95
463,8,0.942,0.8,0.308,0.25,0.658,0.8,0.592,1.0
464,,0.892,0.75,0.258,0.2,0.608,0.75,0.542,0.95
465,,0.842,0.7,0.208,0.15,0.558,0.7,0.492,0.9
466,,0.792,0.65,0.158,0.1,0.508,0.65,0.442,0.85
467,,0.742,0.6,0.108,0.05,0.458,0.6,0.392,0.8
468,,0.692,0.55,0.058,0.0,0.408,0.55,0.342,0.75
469,,0.642,0.5,0.008,-0.05,0.358,0.5,0.292,0.7
470,4,0.821,0.75,0.329,0.95,0.679,0.75,0.471,0.85
471,4,1.0,1.0,0.65,1.0,1.0,1.0,0.65,1.0
472,,0.95,0.95,0.6,0.95,0.95,0.95,0.6,0.95
473,,0.9,0.9,0.55,0.9,0.9,0.9,0.55,0.9
474,,0.85,0.85,0.5,0.85,0.85,0.85,0.5,0.85
475,,0.8,0.8,0.45,0.8,0.8,0.8,0.45,0.8
476,,0.75,0.75,0.4,0.75,0.75,0.75,0.4,0.75
477,,0.7,0.7,0.35,0.7,0.7,0.7,0.35,0.7
478,,0.65,0.65,0.3,0.65,0.65,0.65,0.3,0.65
479,,0.6,0.6,0.25,0.6,0.6,0.6,0.25,0.6
480,,0.55,0.55,0.2,0.55,0.55,0.55,0.2,0.55
481,,0.5,0.5,0.15,0.5,0.5,0.5,0.15,0.5
482,,0.45,0.45,0.1,0.45,0.45,0.45,0.1,0.45
483,,0.4,0.4,0.05,0.4,0.4,0.4,0.05,0.4
484,,0.35,0.35,0.0,0.35,0.35,0.35,0.0,0.35
485,,0.3,0.3,-0.05,0.3,0.3,0.3,-0.05,0.3
486,3,0.55,0.621,0.95,0.621,0.55,0.479,0.1,0.479
487,3,0.8,0.942,1.0,0.942,0.8,0.658,0.25,0.658
488,,0.75,0.892,0.95,0.892,0.75,0.608,0.2,0.608
489,,0.7,0.842,0.9,0.842,0.7,0.558,0.15,0.558
490,,0.65,0.792,0.85,0.792,0.65,0.508,0.1,0.508
491,,0.6,0.742,0.8,0.742,0.6,0.458,0.05,0.458
492,,0.55,0.692,0.75,0.692,0.55,0.408,0.0,0.408
493,,0.5,0.642,0.7,0.642,0.5,0.358,-0.05,0.358
494,7,0.75,0.821,0.85,0.821,0.75,0.679,0.95,0.679
495,7,1.0,1.0,1.0,1.0,1.0,1.0,1.0,1.0
496,,0.95,0.95,0.95,0.95,0.95,0.95,0.95,0.95
497,,0.9,0.9,0.9,0.9,0.9,0.9,0.9,0.9
498,,0.85,0.85,0.85,0.85,0.85,0.85,0.85,0.85
499,,0.8,0.8,0.8,0.8,0.8,0.8,0.8,0.8
500,,0.75,0.75,0.75,0.75,0.75,0.75,0.75,0.75
501,,0.7,0.7,0.7,0.7,0.7,0.7,0.7,0.7
502,,0.65,0.65,0.65,0.65,0.65,0.65,0.65,0.65
503,,0.6,0.6,0.6,0.6,0.6,0.6,0.6,0.6
504,,0.55,0.55,0.55,0.55,0.55,0.55,0.55,0.55
505,,0.5,0.5,0.5,0.5,0.5,0.5,0.5,0.5
506,,0.45,0.45,0.45,0.45,0.45,0.45,0.45,0.45
507,,0.4,0.4,0.4,0.4,0.4,0.4,0.4,0.4
508,,0.35,0.35,0.35,0.35,0.35,0.35,0.35,0.35
509,,0.3,0.3,0.3,0.3,0.3,0.3,0.3,0.3
510,,0.25,0.25,0.25,0.25,0.25,0.25,0.25,0.25
511,,0.2,0.2,0.2,0.2,0.2,0.2,0.2,0.2
512,,0.15,0.15,0.15,0.15,0.15,0.15,0.15,0.15
513,,0.1,0.1,0.1,0.1,0.1,0.1,0.1,0.1
514,,0.05,0.05,0.05,0.05,0.05,0.05,0.05,0.05
515,,0.0,0.0,0.0,0.0,0.0,0.0,0.0,0.0
516,,-0.05,-0.05,-0.05,-0.05,-0.05,-0.05,-0.05,-0.05
517,3,0.2,0.271,0.95,0.271,0.2,0.129,0.1,0.129
518,3,0.45,0.592,1.0,0.592,0.45,0.308,0.25,0.308
519,,0.4,0.542,0.95,0.542,0.4,0.258,0.2,0.258
520,,0.35,0.492,0.9,0.492,0.35,0.208,0.15,0.208
521,,0.3,0.442,0.85,0.442,0.3,0.158,0.1,0.158
522,,0.25,0.392,0.8,0.392,0.25,0.108,0.05,0.108
523,,0.2,0.342,0.75,0.342,0.2,0.058,0.0,0.058
524,,0.15,0.292,0.7,0.292,0.15,0.008,-0.05,0.008
525,7,0.4,0.471,0.85,0.471,0.4,0.329,0.95,0.329
526,7,0.65,0.65,1.0,0.65,0.65,0.65,1.0,0.65
527,,0.6,0.6,0.95,0.6,0.6,0.6,0.95,0.6
528,,0.55,0.55,0.9,0.55,0.55,0.55,0.9,0.55
529,,0.5,0.5,0.85,0.5,0.5,0.5,0.85,0.5
530,,0.45,0.45,0.8,0.45,0.45,0.45,0.8,0.45
531,,0.4,0.4,0.75,0.4,0.4,0.4,0.75,0.4
532,,0.35,0.35,0.7,0.35,0.35,0.35,0.7,0.35
533,,0.3,0.3,0.65,0.3,0.3,0.3,0.65,0.3
534,,0.25,0.25,0.6,0.25,0.25,0.25,0.6,0.25
535,,0.2,0.2,0.55,0.2,0.2,0.2,0.55,0.2
536,,0.15,0.15,0.5,0.15,0.15,0.15,0.5,0.15
537,,0.1,0.1,0.45,0.1,0.1,0.1,0.45,0.1
538,,0.05,0.05,0.4,0.05,0.05,0.05,0.4,0.05
539,,0.0,0.0,0.35,0.0,0.0,0.0,0.35,0.0
540,,-0.05,-0.05,0.3,-0.05,-0.05,-0.05,0.3,-0.05
541,1,0.95,0.271,0.55,0.129,0.1,0.129,0.55,0.271
542,1,1.0,0.592,0.8,0.308,0.25,0.308,0.8,0.592
543,,0.95,0.542,0.75,0.258,0.2,0.258,0.75,0.542
544,,0.9,0.492,0.7,0.208,0.15,0.208,0.7,0.492
545,,0.85,0.442,0.65,0.158,0.1,0.158,0.65,0.442
546,,0.8,0.392,0.6,0.108,0.05,0.108,0.6,0.392
547,,0.75,0.342,0.55,0.058,0.0,0.058,0.55,0.342
548,,0.7,0.292,0.5,0.008,-0.05,0.008,0.5,0.292
549,5,0.85,0.471,0.75,0.329,0.95,0.329,0.75,0.471
550,5,1.0,0.65,1.0,0.65,1.0,0.65,1.0,0.65
551,,0.95,0.6,0.95,0.6,0.95,0.6,0.95,0.6
552,,0.9,0.55,0.9,0.55,0.9,0.55,0.9,0.55
553,,0.85,0.5,0.85,0.5,0.85,0.5,0.85,0.5
554,,0.8,0.45,0.8,0.45,0.8,0.45,0.8,0.45
555,,0.75,0.4,0.75,0.4,0.75,0.4,0.75,0.4
556,,0.7,0.35,0.7,0.35,0.7,0.35,0.7,0.35
557,,0.65,0.3,0.65,0.3,0.65,0.3,0.65,0.3
558,,0.6,0.25,0.6,0.25,0.6,0.25,0.6,0.25
559,,0.55,0.2,0.55,0.2,0.55,0.2,0.55,0.2
560,,0.5,0.15,0.5,0.15,0.5,0.15,0.5,0.15
561,,0.45,0.1,0.45,0.1,0.45,0.1,0.45,0.1
562,,0.4,0.05,0.4,0.05,0.4,0.05,0.4,0.05
563,,0.35,0.0,0.35,0.0,0.35,0.0,0.35,0.0
564,,0.3,-0.05,0.3,-0.05,0.3,-0.05,0.3,-0.05
565,4,0.479,0.2,0.621,0.95,0.621,0.2,0.479,0.1
566,4,0.658,0.45,0.942,1.0,0.942,0.45,0.658,0.25
567,,0.608,0.4,0.892,0.95,0.892,0.4,0.608,0.2
568,,0.558,0.35,0.842,0.9,0.842,0.35,0.558,0.15
569,,0.508,0.3,0.792,0.85,0.792,0.3,0.508,0.1
570,,0.458,0.25,0.742,0.8,0.742,0.25,0.458,0.05
571,,0.408,0.2,0.692,0.75,0.692,0.2,0.408,0.0
572,,0.358,0.15,0.642,0.7,0.642,0.15,0.358,-0.05
573,8,0.679,0.4,0.821,0.85,0.821,0.4,0.679,0.95
574,8,1.0,0.65,1.0,1.0,1.0,0.65,1.0,1.0
575,,0.95,0.6,0.95,0.95,0.95,0.6,0.95,0.95
576,,0.9,0.55,0.9,0.9,0.9,0.55,0.9,0.9
577,,0.85,0.5,0.85,0.85,0.85,0.5,0.85,0.85
578,,0.8,0.45,0.8,0.8,0.8,0.45,0.8,0.8
579,,0.75,0.4,0.75,0.75,0.75,0.4,0.75,0.75
580,,0.7,0.35,0.7,0.7,0.7,0.35,0.7,0.7
581,,0.65,0.3,0.65,0.65,0.65,0.3,0.65,0.65
582,,0.6,0.25,0.6,0.6,0.6,0.25,0.6,0.6
583,,0.55,0.2,0.55,0.55,0.55,0.2,0.55,0.55
584,,0.5,0.15,0.5,0.5,0.5,0.15,0.5,0.5
585,,0.45,0.1,0.45,0.45,0.45,0.1,0.45,0.45
586,,0.4,0.05,0.4,0.4,0.4,0.05,0.4,0.4
587,,0.35,0.0,0.35,0.35,0.35,0.0,0.35,0.35
588,,0.3,-0.05,0.3,0.3,0.3,-0.05,0.3,0.3
589,6,0.479,0.1,0.479,0.55,0.621,0.95,0.621,0.55
590,6,0.658,0.25,0.658,0.8,0.942,1.0,0.942,0.8
591,,0.608,0.2,0.608,0.75,0.892,0.95,0.892,0.75
592,,0.558,0.15,0.558,0.7,0.842,0.9,0.842,0.7
593,,0.508,0.1,0.508,0.65,0.792,0.85,0.792,0.65
594,,0.458,0.05,0.458,0.6,0.742,0.8,0.742,0.6
595,,0.408,0.0,0.408,0.55,0.692,0.75,0.692,0.55
596,,0.358,-0.05,0.358,0.5,0.642,0.7,0.642,0.5
597,2,0.679,0.95,0.679,0.75,0.821,0.85,0.821,0.75
598,2,1.0,1.0,1.0,1.0,1.0,1.0,1.0,1.0
599,,0.95,0.95,0.95,0.95,0.95,0.95,0.95,0.95
600,,0.9,0.9,0.9,0.9,0.9,0.9,0.9,0.9
601,,0.85,0.85,0.85,0.85,0.85,0.85,0.85,0.85
602,,0.8,0.8,0.8,0.8,0.8,0.8,0.8,0.8
603,,0.75,0.75,0.75,0.75,0.75,0.75,0.75,0.75
604,,0.7,0.7,0.7,0.7,0.7,0.7,0.7,0.7
605,,0.65,0.65,0.65,0.65,0.65,0.65,0.65,0.65
606,,0.6,0.6,0.6,0.6,0.6,0.6,0.6,0.6
607,,0.55,0.55,0.55,0.55,0.55,0.55,0.55,0.55
608,,0.5,0.5,0.5,0.5,0.5,0.5,0.5,0.5
609,,0.45,0.45,0.45,0.45,0.45,0.45,0.45,0.45
610,,0.4,0.4,0.4,0.4,0.4,0.4,0.4,0.4
611,,0.35,0.35,0.35,0.35,0.35,0.35,0.35,0.35
612,,0.3,0.3,0.3,0.3,0.3,0.3,0.3,0.3
613,,0.25,0.25,0.25,0.25,0.25,0.25,0.25,0.25
614,,0.2,0.2,0.2,0.2,0.2,0.2,0.2,0.2
615,,0.15,0.15,0.15,0.15,0.15,0.15,0.15,0.15
616,,0.1,0.1,0.1,0.1,0.1,0.1,0.1,0.1
617,,0.05,0.05,0.05,0.05,0.05,0.05,0.05,0.05
618,,0.0,0.0,0.0,0.0,0.0,0.0,0.0,0.0
619,,-0.05,-0.05,-0.05,-0.05,-0.05,-0.05,-0.05,-0.05
620,4,0.129,0.2,0.271,0.95,0.271,0.2,0.129,0.1
621,4,0.308,0.45,0.592,1.0,0.592,0.45,0.308,0.25
622,,0.258,0.4,0.542,0.95,0.542,0.4,0.258,0.2
623,,0.208,0.35,0.492,0.9,0.492,0.35,0.208,0.15
624,,0.158,0.3,0.442,0.85,0.442,0.3,0.158,0.1
625,,0.108,0.25,0.392,0.8,0.392,0.25,0.108,0.05
626,,0.058,0.2,0.342,0.75,0.342,0.2,0.058,0.0
627,,0.008,0.15,0.292,0.7,0.292,0.15,0.008,-0.05
628,8,0.329,0.4,0.471,0.85,0.471,0.4,0.329,0.95
629,8,0.65,0.65,0.65,1.0,0.65,0.65,0.65,1.0
630,,0.6,0.6,0.6,0.95,0.6,0.6,0.6,0.95
631,,0.55,0.55,0.55,0.9,0.55,0.55,0.55,0.9
632,,0.5,0.5,0.5,0.85,0.5,0.5,0.5,0.85
633,,0.45,0.45,0.45,0.8,0.45,0.45,0.45,0.8
634,,0.4,0.4,0.4,0.75,0.4,0.4,0.4,0.75
635,,0.35,0.35,0.35,0.7,0.35,0.35,0.35,0.7
636,,0.3,0.3,0.3,0.65,0.3,0.3,0.3,0.65
637,,0.25,0.25,0.25,0.6,0.25,0.25,0.25,0.6
638,,0.2,0.2,0.2,0.55,0.2,0.2,0.2,0.55
639,,0.15,0.15,0.15,0.5,0.15,0.15,0.15,0.5
640,,0.1,0.1,0.1,0.45,0.1,0.1,0.1,0.45
641,,0.05,0.05,0.05,0.4,0.05,0.05,0.05,0.4
642,,0.0,0.0,0.0,0.35,0.0,0.0,0.0,0.35
643,,-0.05,-0.05,-0.05,0.3,-0.05,-0.05,-0.05,0.3
644,7,0.2,0.129,0.1,0.479,0.2,0.271,0.95,0.621
645,7,0.45,0.308,0.25,0.658,0.45,0.592,1.0,0.942
646,,0.4,0.258,0.2,0.608,0.4,0.542,0.95,0.892
647,,0.35,0.208,0.15,0.558,0.35,0.492,0.9,0.842
648,,0.3,0.158,0.1,0.508,0.3,0.442,0.85,0.792
649,,0.25,0.108,0.05,0.458,0.25,0.392,0.8,0.742
650,,0.2,0.058,0.0,0.408,0.2,0.342,0.75,0.692
651,,0.15,0.008,-0.05,0.358,0.15,0.292,0.7,0.642
652,3,0.4,0.329,0.95,0.679,0.4,0.471,0.85,0.821
653,3,0.65,0.65,1.0,1.0,0.65,0.65,1.0,1.0
654,,0.6,0.6,0.95,0.95,0.6,0.6,0.95,0.95
655,,0.55,0.55,0.9,0.9,0.55,0.55,0.9,0.9
656,,0.5,0.5,0.85,0.85,0.5,0.5,0.85,0.85
657,,0.45,0.45,0.8,0.8,0.45,0.45,0.8,0.8
658,,0.4,0.4,0.75,0.75,0.4,0.4,0.75,0.75
659,,0.35,0.35,0.7,0.7,0.35,0.35,0.7,0.7
660,,0.3,0.3,0.65,0.65,0.3,0.3,0.65,0.65
661,,0.25,0.25,0.6,0.6,0.25,0.25,0.6,0.6
662,,0.2,0.2,0.55,0.55,0.2,0.2,0.55,0.55
663,,0.15,0.15,0.5,0.5,0.15,0.15,0.5,0.5
664,,0.1,0.1,0.45,0.45,0.1,0.1,0.45,0.45
665,,0.05,0.05,0.4,0.4,0.05,0.05,0.4,0.4
666,,0.0,0.0,0.35,0.35,0.0,0.0,0.35,0.35
667,,-0.05,-0.05,0.3,0.3,-0.05,-0.05,0.3,0.3
668,5,0.1,0.129,0.55,0.621,0.95,0.271,0.55,0.479
669,5,0.25,0.308,0.8,0.942,1.0,0.592,0.8,0.658
670,,0.2,0.258,0.75,0.892,0.95,0.542,0.75,0.608
671,,0.15,0.208,0.7,0.842,0.9,0.492,0.7,0.558
672,,0.1,0.158,0.65,0.792,0.85,0.442,0.65,0.508
673,,0.05,0.108,0.6,0.742,0.8,0.392,0.6,0.458
674,,0.0,0.058,0.55,0.692,0.75,0.342,0.55,0.408
675,,-0.05,0.008,0.5,0.642,0.7,0.292,0.5,0.358
676,1,0.95,0.329,0.75,0.821,0.85,0.471,0.75,0.679
677,1,1.0,0.65,1.0,1.0,1.0,0.65,1.0,1.0
678,,0.95,0.6,0.95,0.95,0.95,0.6,0.95,0.95
679,,0.9,0.55,0.9,0.9,0.9,0.55,0.9,0.9
680,,0.85,0.5,0.85,0.85,0.85,0.5,0.85,0.85
681,,0.8,0.45,0.8,0.8,0.8,0.45,0.8,0.8
682,,0.75,0.4,0.75,0.75,0.75,0.4,0.75,0.75
683,,0.7,0.35,0.7,0.7,0.7,0.35,0.7,0.7
684,,0.65,0.3,0.65,0.65,0.65,0.3,0.65,0.65
685,,0.6,0.25,0.6,0.6,0.6,0.25,0.6,0.6
686,,0.55,0.2,0.55,0.55,0.55,0.2,0.55,0.55
687,,0.5,0.15,0.5,0.5,0.5,0.15,0.5,0.5
688,,0.45,0.1,0.45,0.45,0.45,0.1,0.45,0.45
689,,0.4,0.05,0.4,0.4,0.4,0.05,0.4,0.4
690,,0.35,0.0,0.35,0.35,0.35,0.0,0.35,0.35
691,,0.3,-0.05,0.3,0.3,0.3,-0.05,0.3,0.3
692,2,0.621,0.95,0.621,0.55,0.479,0.1,0.479,0.55
693,2,0.942,1.0,0.942,0.8,0.658,0.25,0.658,0.8
694,,0.892,0.95,0.892,0.75,0.608,0.2,0.608,0.75
695,,0.842,0.9,0.842,0.7,0.558,0.15,0.558,0.7
696,,0.792,0.85,0.792,0.65,0.508,0.1,0.508,0.65
697,,0.742,0.8,0.742,0.6,0.458,0.05,0.458,0.6
698,,0.692,0.75,0.692,0.55,0.408,0.0,0.408,0.55
699,,0.642,0.7,0.642,0.5,0.358,-0.05,0.358,0.5
700,6,0.821,0.85,0.821,0.75,0.679,0.95,0.679,0.75
701,6,1.0,1.0,1.0,1.0,1.0,1.0,1.0,1.0
702,,0.95,0.95,0.95,0.95,0.95,0.95,0.95,0.95
703,,0.9,0.9,0.9,0.9,0.9,0.9,0.9,0.9
704,,0.85,0.85,0.85,0.85,0.85,0.85,0.85,0.85
705,,0.8,0.8,0.8,0.8,0.8,0.8,0.8,0.8
706,,0.75,0.75,0.75,0.75,0.75,0.75,0.75,0.75
707,,0.7,0.7,0.7,0.7,0.7,0.7,0.7,0.7
708,,0.65,0.65,0.65,0.65,0.65,0.65,0.65,0.65
709,,0.6,0.6,0.6,0.6,0.6,0.6,0.6,0.6
710,,0.55,0.55,0.55,0.55,0.55,0.55,0.55,0.55
711,,0.5,0.5,0.5,0.5,0.5,0.5,0.5,0.5
712,,0.45,0.45,0.45,0.45,0.45,0.45,0.45,0.45
713,,0.4,0.4,0.4,0.4,0.4,0.4,0.4,0.4
714,,0.35,0.35,0.35,0.35,0.35,0.35,0.35,0.35
715,,0.3,0.3,0.3,0.3,0.3,0.3,0.3,0.3
716,,0.25,0.25,0.25,0.25,0.25,0.25,0.25,0.25
717,,0.2,0.2,0.2,0.2,0.2,0.2,0.2,0.2
718,,0.15,0.15,0.15,0.15,0.15,0.15,0.15,0.15
719,,0.1,0.1,0.1,0.1,0.1,0.1,0.1,0.1
720,,0.05,0.05,0.05,0.05,0.05,0.05,0.05,0.05
721,,0.0,0.0,0.0,0.0,0.0,0.0,0.0,0.0
722,,-0.05,-0.05,-0.05,-0.05,-0.05,-0.05,-0.05,-0.05
723,8,0.271,0.2,0.129,0.1,0.129,0.2,0.271,0.95
724,8,0.592,0.45,0.308,0.25,0.308,0.45,0.592,1.0
725,,0.542,0.4,0.258,0.2,0.258,0.4,0.542,0.95
726,,0.492,0.35,0.208,0.15,0.208,0.35,0.492,0.9
727,,0.442,0.3,0.158,0.1,0.158,0.3,0.442,0.85
728,,0.392,0.25,0.108,0.05,0.108,0.25,0.392,0.8
729,,0.342,0.2,0.058,0.0,0.058,0.2,0.342,0.75
730,,0.292,0.15,0.008,-0.05,0.008,0.15,0.292,0.7
731,4,0.471,0.4,0.329,0.95,0.329,0.4,0.471,0.85
732,4,0.65,0.65,0.65,1.0,0.65,0.65,0.65,1.0
733,,0.6,0.6,0.6,0.95,0.6,0.6,0.6,0.95
734,,0.55,0.55,0.55,0.9,0.55,0.55,0.55,0.9
735,,0.5,0.5,0.5,0.85,0.5,0.5,0.5,0.85
736,,0.45,0.45,0.45,0.8,0.45,0.45,0.45,0.8
737,,0.4,0.4,0.4,0.75,0.4,0.4,0.4,0.75
738,,0.35,0.35,0.35,0.7,0.35,0.35,0.35,0.7
739,,0.3,0.3,0.3,0.65,0.3,0.3,0.3,0.65
740,,0.25,0.25,0.25,0.6,0.25,0.25,0.25,0.6
741,,0.2,0.2,0.2,0.55,0.2,0.2,0.2,0.55
742,,0.15,0.15,0.15,0.5,0.15,0.15,0.15,0.5
743,,0.1,0.1,0.1,0.45,0.1,0.1,0.1,0.45
744,,0.05,0.05,0.05,0.4,0.05,0.05,0.05,0.4
745,,0.0,0.0,0.0,0.35,0.0,0.0,0.0,0.35
746,,-0.05,-0.05,-0.05,0.3,-0.05,-0.05,-0.05,0.3
747,1,0.95,0.271,0.2,0.479,0.1,0.129,0.2,0.621
748,1,1.0,0.592,0.45,0.658,0.25,0.308,0.45,0.942
749,,0.95,0.542,0.4,0.608,0.2,0.258,0.4,0.892
750,,0.9,0.492,0.35,0.558,0.15,0.208,0.35,0.842
751,,0.85,0.442,0.3,0.508,0.1,0.158,0.3,0.792
752,,0.8,0.392,0.25,0.458,0.05,0.108,0.25,0.742
753,,0.75,0.342,0.2,0.408,0.0,0.058,0.2,0.692
754,,0.7,0.292,0.15,0.358,-0.05,0.008,0.15,0.642
755,5,0.85,0.471,0.4,0.679,0.95,0.329,0.4,0.821
756,5,1.0,0.65,0.65,1.0,1.0,0.65,0.65,1.0
757,,0.95,0.6,0.6,0.95,0.95,0.6,0.6,0.95
758,,0.9,0.55,0.55,0.9,0.9,0.55,0.55,0.9
759,,0.85,0.5,0.5,0.85,0.85,0.5,0.5,0.85
760,,0.8,0.45,0.45,0.8,0.8,0.45,0.45,0.8
761,,0.75,0.4,0.4,0.75,0.75,0.4,0.4,0.75
762,,0.7,0.35,0.35,0.7,0.7,0.35,0.35,0.7
763,,0.65,0.3,0.3,0.65,0.65,0.3,0.3,0.65
764,,0.6,0.25,0.25,0.6,0.6,0.25,0.25,0.6
765,,0.55,0.2,0.2,0.55,0.55,0.2,0.2,0.55
766,,0.5,0.15,0.15,0.5,0.5,0.15,0.15,0.5
767,,0.45,0.1,0.1,0.45,0.45,0.1,0.1,0.45
768,,0.4,0.05,0.05,0.4,0.4,0.05,0.05,0.4
769,,0.35,0.0,0.0,0.35,0.35,0.0,0.0,0.35
770,,0.3,-0.05,-0.05,0.3,0.3,-0.05,-0.05,0.3
771,2,0.621,0.95,0.271,0.55,0.479,0.1,0.129,0.55
772,2,0.942,1.0,0.592,0.8,0.658,0.25,0.308,0.8
773,,0.892,0.95,0.542,0.75,0.608,0.2,0.258,0.75
774,,0.842,0.9,0.492,0.7,0.558,0.15,0.208,0.7
775,,0.792,0.85,0.442,0.65,0.508,0.1,0.158,0.65
776,,0.742,0.8,0.392,0.6,0.458,0.05,0.108,0.6
777,,0.692,0.75,0.342,0.55,0.408,0.0,0.058,0.55
778,,0.642,0.7,0.292,0.5,0.358,-0.05,0.008,0.5
779,6,0.821,0.85,0.471,0.75,0.679,0.95,0.329,0.75
780,6,1.0,1.0,0.65,1.0,1.0,1.0,0.65,1.0
781,,0.95,0.95,0.6,0.95,0.95,0.95,0.6,0.95
782,,0.9,0.9,0.55,0.9,0.9,0.9,0.55,0.9
783,,0.85,0.85,0.5,0.85,0.85,0.85,0.5,0.85
784,,0.8,0.8,0.45,0.8,0.8,0.8,0.45,0.8
785,,0.75,0.75,0.4,0.75,0.75,0.75,0.4,0.75
786,,0.7,0.7,0.35,0.7,0.7,0.7,0.35,0.7
787,,0.65,0.65,0.3,0.65,0.65,0.65,0.3,0.65
788,,0.6,0.6,0.25,0.6,0.6,0.6,0.25,0.6
789,,0.55,0.55,0.2,0.55,0.55,0.55,0.2,0.55
790,,0.5,0.5,0.15,0.5,0.5,0.5,0.15,0.5
791,,0.45,0.45,0.1,0.45,0.45,0.45,0.1,0.45
792,,0.4,0.4,0.05,0.4,0.4,0.4,0.05,0.4
793,,0.35,0.35,0.0,0.35,0.35,0.35,0.0,0.35
794,,0.3,0.3,-0.05,0.3,0.3,0.3,-0.05,0.3
795,3,0.55,0.621,0.95,0.621,0.55,0.479,0.1,0.479
796,3,0.8,0.942,1.0,0.942,0.8,0.658,0.25,0.658
797,,0.75,0.892,0.95,0.892,0.75,0.608,0.2,0.608
798,,0.7,0.842,0.9,0.842,0.7,0.558,0.15,0.558
799,,0.65,0.792,0.85,0.792,0.65,0.508,0.1,0.508
800,,0.6,0.742,0.8,0.742,0.6,0.458,0.05,0.458
801,,0.55,0.692,0.75,0.692,0.55,0.408,0.0,0.408
802,,0.5,0.642,0.7,0.642,0.5,0.358,-0.05,0.358
803,7,0.75,0.821,0.85,0.821,0.75,0.679,0.95,0.679
804,7,1.0,1.0,1.0,1.0,1.0,1.0,1.0,1.0
805,,0.95,0.95,0.95,0.95,0.95,0.95,0.95,0.95
806,,0.9,0.9,0.9,0.9,0.9,0.9,0.9,0.9
807,,0.85,0.85,0.85,0.85,0.85,0.85,0.85,0.85
808,,0.8,0.8,0.8,0.8,0.8,0.8,0.8,0.8
809,,0.75,0.75,0.75,0.75,0.75,0.75,0.75,0.75
810,,0.7,0.7,0.7,0.7,0.7,0.7,0.7,0.7
811,,0.65,0.65,0.65,0.65,0.65,0.65,0.65,0.65
812,,0.6,0.6,0.6,0.6,0.6,0.6,0.6,0.6
813,,0.55,0.55,0.55,0.55,0.55,0.55,0.55,0.55
814,,0.5,0.5,0.5,0.5,0.5,0.5,0.5,0.5
815,,0.45,0.45,0.45,0.45,0.45,0.45,0.45,0.45
816,,0.4,0.4,0.4,0.4,0.4,0.4,0.4,0.4
817,,0.35,0.35,0.35,0.35,0.35,0.35,0.35,0.35
818,,0.3,0.3,0.3,0.3,0.3,0.3,0.3,0.3
819,,0.25,0.25,0.25,0.25,0.25,0.25,0.25,0.25
820,,0.2,0.2,0.2,0.2,0.2,0.2,0.2,0.2
821,,0.15,0.15,0.15,0.15,0.15,0.15,0.15,0.15
822,,0.1,0.1,0.1,0.1,0.1,0.1,0.1,0.1
823,,0.05,0.05,0.05,0.05,0.05,0.05,0.05,0.05
824,,0.0,0.0,0.0,0.0,0.0,0.0,0.0,0.0
825,,-0.05,-0.05,-0.05,-0.05,-0.05,-0.05,-0.05,-0.05
826,6,0.129,0.1,0.129,0.2,0.271,0.95,0.271,0.2
827,6,0.308,0.25,0.308,0.45,0.592,1.0,0.592,0.45
828,,0.258,0.2,0.258,0.4,0.542,0.95,0.542,0.4
829,,0.208,0.15,0.208,0.35,0.492,0.9,0.492,0.35
830,,0.158,0.1,0.158,0.3,0.442,0.85,0.442,0.3
831,,0.108,0.05,0.108,0.25,0.392,0.8,0.392,0.25
832,,0.058,0.0,0.058,0.2,0.342,0.75,0.342,0.2
833,,0.008,-0.05,0.008,0.15,0.292,0.7,0.292,0.15
834,2,0.329,0.95,0.329,0.4,0.471,0.85,0.471,0.4
835,2,0.65,1.0,0.65,0.65,0.65,1.0,0.65,0.65
836,,0.6,0.95,0.6,0.6,0.6,0.95,0.6,0.6
837,,0.55,0.9,0.55,0.55,0.55,0.9,0.55,0.55
838,,0.5,0.85,0.5,0.5,0.5,0.85,0.5,0.5
839,,0.45,0.8,0.45,0.45,0.45,0.8,0.45,0.45
840,,0.4,0.75,0.4,0.4,0.4,0.75,0.4,0.4
841,,0.35,0.7,0.35,0.35,0.35,0.7,0.35,0.35
842,,0.3,0.65,0.3,0.3,0.3,0.65,0.3,0.3
843,,0.25,0.6,0.25,0.25,0.25,0.6,0.25,0.25
844,,0.2,0.55,0.2,0.2,0.2,0.55,0.2,0.2
845,,0.15,0.5,0.15,0.15,0.15,0.5,0.15,0.15
846,,0.1,0.45,0.1,0.1,0.1,0.45,0.1,0.1
847,,0.05,0.4,0.05,0.05,0.05,0.4,0.05,0.05
848,,0.0,0.35,0.0,0.0,0.0,0.35,0.0,0.0
849,,-0.05,0.3,-0.05,-0.05,-0.05,0.3,-0.05,-0.05
850,3,0.2,0.621,0.95,0.271,0.2,0.479,0.1,0.129
851,3,0.45,0.942,1.0,0.592,0.45,0.658,0.25,0.308
852,,0.4,0.892,0.95,0.542,0.4,0.608,0.2,0.258
853,,0.35,0.842,0.9,0.492,0.35,0.558,0.15,0.208
854,,0.3,0.792,0.85,0.442,0.3,0.508,0.1,0.158
855,,0.25,0.742,0.8,0.392,0.25,0.458,0.05,0.108
856,,0.2,0.692,0.75,0.342,0.2,0.408,0.0,0.058
857,,0.15,0.642,0.7,0.292,0.15,0.358,-0.05,0.008
858,7,0.4,0.821,0.85,0.471,0.4,0.679,0.95,0.329
859,7,0.65,1.0,1.0,0.65,0.65,1.0,1.0,0.65
860,,0.6,0.95,0.95,0.6,0.6,0.95,0.95,0.6
861,,0.55,0.9,0.9,0.55,0.55,0.9,0.9,0.55
862,,0.5,0.85,0.85,0.5,0.5,0.85,0.85,0.5
863,,0.45,0.8,0.8,0.45,0.45,0.8,0.8,0.45
864,,0.4,0.75,0.75,0.4,0.4,0.75,0.75,0.4
865,,0.35,0.7,0.7,0.35,0.35,0.7,0.7,0.35
866,,0.3,0.65,0.65,0.3,0.3,0.65,0.65,0.3
867,,0.25,0.6,0.6,0.25,0.25,0.6,0.6,0.25
868,,0.2,0.55,0.55,0.2,0.2,0.55,0.55,0.2
869,,0.15,0.5,0.5,0.15,0.15,0.5,0.5,0.15
870,,0.1,0.45,0.45,0.1,0.1,0.45,0.45,0.1
871,,0.05,0.4,0.4,0.05,0.05,0.4,0.4,0.05
872,,0.0,0.35,0.35,0.0,0.0,0.35,0.35,0.0
873,,-0.05,0.3,0.3,-0.05,-0.05,0.3,0.3,-0.05
874,1,0.95,0.621,0.55,0.129,0.1,0.479,0.55,0.271
875,1,1.0,0.942,0.8,0.308,0.25,0.658,0.8,0.592
876,,0.95,0.892,0.75,0.258,0.2,0.608,0.75,0.542
877,,0.9,0.842,0.7,0.208,0.15,0.558,0.7,0.492
878,,0.85,0.792,0.65,0.158,0.1,0.508,0.65,0.442
879,,0.8,0.742,0.6,0.108,0.05,0.458,0.6,0.392
880,,0.75,0.692,0.55,0.058,0.0,0.408,0.55,0.342
881,,0.7,0.642,0.5,0.008,-0.05,0.358,0.5,0.292
882,5,0.85,0.821,0.75,0.329,0.95,0.679,0.75,0.471
883,5,1.0,1.0,1.0,0.65,1.0,1.0,1.0,0.65
884,,0.95,0.95,0.95,0.6,0.95,0.95,0.95,0.6
885,,0.9,0.9,0.9,0.55,0.9,0.9,0.9,0.55
886,,0.85,0.85,0.85,0.5,0.85,0.85,0.85,0.5
887,,0.8,0.8,0.8,0.45,0.8,0.8,0.8,0.45
888,,0.75,0.75,0.75,0.4,0.75,0.75,0.75,0.4
889,,0.7,0.7,0.7,0.35,0.7,0.7,0.7,0.35
890,,0.65,0.65,0.65,0.3,0.65,0.65,0.65,0.3
891,,0.6,0.6,0.6,0.25,0.6,0.6,0.6,0.25
892,,0.55,0.55,0.55,0.2,0.55,0.55,0.55,0.2
