step,active_motive,motive_1,motive_2,motive_3,motive_4,motive_5,motive_6,motive_7,motive_8
0,,0.03745,0.09507,0.0732,0.05987,0.0156,0.0156,0.00581,0.08662
1,,-0.01255,0.04507,0.0232,0.00987,-0.0344,-0.0344,-0.04419,0.03662
2,7,0.23745,0.22407,0.1732,0.18887,0.2156,0.2866,0.95581,0.35762
3,7,0.48745,0.40307,0.3232,0.36787,0.4656,0.6076,1.0,0.67862
4,,0.43745,0.35307,0.2732,0.31787,0.4156,0.5576,0.95,0.62862
5,,0.38745,0.30307,0.2232,0.26787,0.3656,0.5076,0.9,0.57862
6,,0.33745,0.25307,0.1732,0.21787,0.3156,0.4576,0.85,0.52862
7,,0.28745,0.20307,0.1232,0.16787,0.2656,0.4076,0.8,0.47862
8,,0.23745,0.15307,0.0732,0.11787,0.2156,0.3576,0.75,0.42862
9,,0.18745,0.10307,0.0232,0.06787,0.1656,0.3076,0.7,0.37862
10,,0.13745,0.05307,-0.0268,0.01787,0.1156,0.2576,0.65,0.32862
11,3,0.38745,0.37407,0.9732,0.33887,0.3656,0.4366,0.8,0.50762
12,3,0.63745,0.69507,1.0,0.65987,0.6156,0.6156,0.95,0.68662
13,,0.58745,0.64507,0.95,0.60987,0.5656,0.5656,0.9,0.63662
14,,0.53745,0.59507,0.9,0.55987,0.5156,0.5156,0.85,0.58662
15,,0.48745,0.54507,0.85,0.50987,0.4656,0.4656,0.8,0.53662
16,,0.43745,0.49507,0.8,0.45987,0.4156,0.4156,0.75,0.48662
17,,0.38745,0.44507,0.75,0.40987,0.3656,0.3656,0.7,0.43662
18,,0.33745,0.39507,0.7,0.35987,0.3156,0.3156,0.65,0.38662
19,,0.28745,0.34507,0.65,0.30987,0.2656,0.2656,0.6,0.33662
20,,0.23745,0.29507,0.6,0.25987,0.2156,0.2156,0.55,0.28662
21,,0.18745,0.24507,0.55,0.20987,0.1656,0.1656,0.5,0.23662
22,,0.13745,0.19507,0.5,0.15987,0.1156,0.1156,0.45,0.18662
23,,0.08745,0.14507,0.45,0.10987,0.0656,0.0656,0.4,0.13662
24,,0.03745,0.09507,0.4,0.05987,0.0156,0.0156,0.35,0.08662
25,,-0.01255,0.04507,0.35,0.00987,-0.0344,-0.0344,0.3,0.03662
26,6,0.16645,0.19507,0.529,0.25987,0.2866,0.9656,0.621,0.28662
27,6,0.34545,0.34507,0.708,0.50987,0.6076,1.0,0.942,0.53662
28,,0.29545,0.29507,0.658,0.45987,0.5576,0.95,0.892,0.48662
29,,0.24545,0.24507,0.608,0.40987,0.5076,0.9,0.842,0.43662
30,,0.19545,0.19507,0.558,0.35987,0.4576,0.85,0.792,0.38662
31,,0.14545,0.14507,0.508,0.30987,0.4076,0.8,0.742,0.33662
32,,0.09545,0.09507,0.458,0.25987,0.3576,0.75,0.692,0.28662
33,,0.04545,0.04507,0.408,0.20987,0.3076,0.7,0.642,0.23662
34,,-0.00455,-0.00493,0.358,0.15987,0.2576,0.65,0.592,0.18662
35,2,0.31645,0.99507,0.679,0.40987,0.4366,0.8,0.771,0.43662
36,2,0.63745,1.0,1.0,0.65987,0.6156,0.95,0.95,0.68662
37,,0.58745,0.95,0.95,0.60987,0.5656,0.9,0.9,0.63662
38,,0.53745,0.9,0.9,0.55987,0.5156,0.85,0.85,0.58662
39,,0.48745,0.85,0.85,0.50987,0.4656,0.8,0.8,0.53662
40,,0.43745,0.8,0.8,0.45987,0.4156,0.75,0.75,0.48662
41,,0.38745,0.75,0.75,0.40987,0.3656,0.7,0.7,0.43662
42,,0.33745,0.7,0.7,0.35987,0.3156,0.65,0.65,0.38662
43,,0.28745,0.65,0.65,0.30987,0.2656,0.6,0.6,0.33662
44,,0.23745,0.6,0.6,0.25987,0.2156,0.55,0.55,0.28662
45,,0.18745,0.55,0.55,0.20987,0.1656,0.5,0.5,0.23662
46,,0.13745,0.5,0.5,0.15987,0.1156,0.45,0.45,0.18662
47,,0.08745,0.45,0.45,0.10987,0.0656,0.4,0.4,0.13662
48,,0.03745,0.4,0.4,0.05987,0.0156,0.35,0.35,0.08662
49,,-0.01255,0.35,0.35,0.00987,-0.0344,0.3,0.3,0.03662
50,5,0.13745,0.529,0.6,0.33087,0.9656,0.621,0.55,0.21562
51,5,0.28745,0.708,0.85,0.65187,1.0,0.942,0.8,0.39462
52,,0.23745,0.658,0.8,0.60187,0.95,0.892,0.75,0.34462
53,,0.18745,0.608,0.75,0.55187,0.9,0.842,0.7,0.29462
54,,0.13745,0.558,0.7,0.50187,0.85,0.792,0.65,0.24462
55,,0.08745,0.508,0.65,0.45187,0.8,0.742,0.6,0.19462
56,,0.03745,0.458,0.6,0.40187,0.75,0.692,0.55,0.14462
57,,-0.01255,0.408,0.55,0.35187,0.7,0.642,0.5,0.09462
58,1,0.98745,0.729,0.8,0.53087,0.85,0.821,0.75,0.41562
59,1,1.0,1.0,1.0,0.70987,1.0,1.0,1.0,0.73662
60,,0.95,0.95,0.95,0.65987,0.95,0.95,0.95,0.68662
61,,0.9,0.9,0.9,0.60987,0.9,0.9,0.9,0.63662
62,,0.85,0.85,0.85,0.55987,0.85,0.85,0.85,0.58662
63,,0.8,0.8,0.8,0.50987,0.8,0.8,0.8,0.53662
64,,0.75,0.75,0.75,0.45987,0.75,0.75,0.75,0.48662
65,,0.7,0.7,0.7,0.40987,0.7,0.7,0.7,0.43662
66,,0.65,0.65,0.65,0.35987,0.65,0.65,0.65,0.38662
67,,0.6,0.6,0.6,0.30987,0.6,0.6,0.6,0.33662
68,,0.55,0.55,0.55,0.25987,0.55,0.55,0.55,0.28662
69,,0.5,0.5,0.5,0.20987,0.5,0.5,0.5,0.23662
70,,0.45,0.45,0.45,0.15987,0.45,0.45,0.45,0.18662
71,,0.4,0.4,0.4,0.10987,0.4,0.4,0.4,0.13662
72,,0.35,0.35,0.35,0.05987,0.35,0.35,0.35,0.08662
73,,0.3,0.3,0.3,0.00987,0.3,0.3,0.3,0.03662
74,,0.25,0.25,0.25,-0.04013,0.25,0.25,0.25,-0.01338
75,4,0.429,0.5,0.571,0.95987,0.571,0.5,0.429,0.13662
76,4,0.608,0.75,0.892,1.0,0.892,0.75,0.608,0.28662
77,,0.558,0.7,0.842,0.95,0.842,0.7,0.558,0.23662
78,,0.508,0.65,0.792,0.9,0.792,0.65,0.508,0.18662
79,,0.458,0.6,0.742,0.85,0.742,0.6,0.458,0.13662
80,,0.408,0.55,0.692,0.8,0.692,0.55,0.408,0.08662
81,,0.358,0.5,0.642,0.75,0.642,0.5,0.358,0.03662
82,,0.308,0.45,0.592,0.7,0.592,0.45,0.308,-0.01338
83,8,0.629,0.7,0.771,0.85,0.771,0.7,0.629,0.98662
84,8,0.95,0.95,0.95,1.0,0.95,0.95,0.95,1.0
85,,0.9,0.9,0.9,0.95,0.9,0.9,0.9,0.95
86,,0.85,0.85,0.85,0.9,0.85,0.85,0.85,0.9
87,,0.8,0.8,0.8,0.85,0.8,0.8,0.8,0.85
88,,0.75,0.75,0.75,0.8,0.75,0.75,0.75,0.8
89,,0.7,0.7,0.7,0.75,0.7,0.7,0.7,0.75
90,,0.65,0.65,0.65,0.7,0.65,0.65,0.65,0.7
91,,0.6,0.6,0.6,0.65,0.6,0.6,0.6,0.65
92,,0.55,0.55,0.55,0.6,0.55,0.55,0.55,0.6
93,,0.5,0.5,0.5,0.55,0.5,0.5,0.5,0.55
94,,0.45,0.45,0.45,0.5,0.45,0.45,0.45,0.5
95,,0.4,0.4,0.4,0.45,0.4,0.4,0.4,0.45
96,,0.35,0.35,0.35,0.4,0.35,0.35,0.35,0.4
97,,0.3,0.3,0.3,0.35,0.3,0.3,0.3,0.35
98,,0.25,0.25,0.25,0.3,0.25,0.25,0.25,0.3
99,,0.2,0.2,0.2,0.25,0.2,0.2,0.2,0.25
100,,0.15,0.15,0.15,0.2,0.15,0.15,0.15,0.2
101,,0.1,0.1,0.1,0.15,0.1,0.1,0.1,0.15
102,,0.05,0.05,0.05,0.1,0.05,0.05,0.05,0.1
103,,0.0,0.0,0.0,0.05,0.0,0.0,0.0,0.05
104,,-0.05,-0.05,-0.05,0.0,-0.05,-0.05,-0.05,0.0
105,3,0.2,0.271,0.95,0.321,0.2,0.129,0.1,0.179
106,3,0.45,0.592,1.0,0.642,0.45,0.308,0.25,0.358
107,,0.4,0.542,0.95,0.592,0.4,0.258,0.2,0.308
108,,0.35,0.492,0.9,0.542,0.35,0.208,0.15,0.258
109,,0.3,0.442,0.85,0.492,0.3,0.158,0.1,0.208
110,,0.25,0.392,0.8,0.442,0.25,0.108,0.05,0.158
111,,0.2,0.342,0.75,0.392,0.2,0.058,0.0,0.108
112,,0.15,0.292,0.7,0.342,0.15,0.008,-0.05,0.058
113,7,0.4,0.471,0.85,0.521,0.4,0.329,0.95,0.379
114,7,0.65,0.65,1.0,0.7,0.65,0.65,1.0,0.7
115,,0.6,0.6,0.95,0.65,0.6,0.6,0.95,0.65
116,,0.55,0.55,0.9,0.6,0.55,0.55,0.9,0.6
117,,0.5,0.5,0.85,0.55,0.5,0.5,0.85,0.55
118,,0.45,0.45,0.8,0.5,0.45,0.45,0.8,0.5
119,,0.4,0.4,0.75,0.45,0.4,0.4,0.75,0.45
120,,0.35,0.35,0.7,0.4,0.35,0.35,0.7,0.4
121,,0.3,0.3,0.65,0.35,0.3,0.3,0.65,0.35
122,,0.25,0.25,0.6,0.3,0.25,0.25,0.6,0.3
123,,0.2,0.2,0.55,0.25,0.2,0.2,0.55,0.25
124,,0.15,0.15,0.5,0.2,0.15,0.15,0.5,0.2
125,,0.1,0.1,0.45,0.15,0.1,0.1,0.45,0.15
126,,0.05,0.05,0.4,0.1,0.05,0.05,0.4,0.1
127,,0.0,0.0,0.35,0.05,0.0,0.0,0.35,0.05
128,,-0.05,-0.05,0.3,0.0,-0.05,-0.05,0.3,0.0
129,2,0.271,0.95,0.621,0.25,0.129,0.1,0.479,0.25
130,2,0.592,1.0,0.942,0.5,0.308,0.25,0.658,0.5
131,,0.542,0.95,0.892,0.45,0.258,0.2,0.608,0.45
132,,0.492,0.9,0.842,0.4,0.208,0.15,0.558,0.4
133,,0.442,0.85,0.792,0.35,0.158,0.1,0.508,0.35
134,,0.392,0.8,0.742,0.3,0.108,0.05,0.458,0.3
135,,0.342,0.75,0.692,0.25,0.058,0.0,0.408,0.25
136,,0.292,0.7,0.642,0.2,0.008,-0.05,0.358,0.2
137,6,0.471,0.85,0.821,0.45,0.329,0.95,0.679,0.45
138,6,0.65,1.0,1.0,0.7,0.65,1.0,1.0,0.7
139,,0.6,0.95,0.95,0.65,0.6,0.95,0.95,0.65
140,,0.55,0.9,0.9,0.6,0.55,0.9,0.9,0.6
141,,0.5,0.85,0.85,0.55,0.5,0.85,0.85,0.55
142,,0.45,0.8,0.8,0.5,0.45,0.8,0.8,0.5
143,,0.4,0.75,0.75,0.45,0.4,0.75,0.75,0.45
144,,0.35,0.7,0.7,0.4,0.35,0.7,0.7,0.4
145,,0.3,0.65,0.65,0.35,0.3,0.65,0.65,0.35
146,,0.25,0.6,0.6,0.3,0.25,0.6,0.6,0.3
147,,0.2,0.55,0.55,0.25,0.2,0.55,0.55,0.25
148,,0.15,0.5,0.5,0.2,0.15,0.5,0.5,0.2
149,,0.1,0.45,0.45,0.15,0.1,0.45,0.45,0.15
150,,0.05,0.4,0.4,0.1,0.05,0.4,0.4,0.1
151,,0.0,0.35,0.35,0.05,0.0,0.35,0.35,0.05
152,,-0.05,0.3,0.3,0.0,-0.05,0.3,0.3,0.0
153,1,0.95,0.621,0.55,0.179,0.1,0.479,0.55,0.321
154,1,1.0,0.942,0.8,0.358,0.25,0.658,0.8,0.642
155,,0.95,0.892,0.75,0.308,0.2,0.608,0.75,0.592
156,,0.9,0.842,0.7,0.258,0.15,0.558,0.7,0.542
157,,0.85,0.792,0.65,0.208,0.1,0.508,0.65,0.492
158,,0.8,0.742,0.6,0.158,0.05,0.458,0.6,0.442
159,,0.75,0.692,0.55,0.108,0.0,0.408,0.55,0.392
160,,0.7,0.642,0.5,0.058,-0.05,0.358,0.5,0.342
161,5,0.85,0.821,0.75,0.379,0.95,0.679,0.75,0.521
162,5,1.0,1.0,1.0,0.7,1.0,1.0,1.0,0.7
163,,0.95,0.95,0.95,0.65,0.95,0.95,0.95,0.65
164,,0.9,0.9,0.9,0.6,0.9,0.9,0.9,0.6
165,,0.85,0.85,0.85,0.55,0.85,0.85,0.85,0.55
166,,0.8,0.8,0.8,0.5,0.8,0.8,0.8,0.5
167,,0.75,0.75,0.75,0.45,0.75,0.75,0.75,0.45
168,,0.7,0.7,0.7,0.4,0.7,0.7,0.7,0.4
169,,0.65,0.65,0.65,0.35,0.65,0.65,0.65,0.35
170,,0.6,0.6,0.6,0.3,0.6,0.6,0.6,0.3
171,,0.55,0.55,0.55,0.25,0.55,0.55,0.55,0.25
172,,0.5,0.5,0.5,0.2,0.5,0.5,0.5,0.2
173,,0.45,0.45,0.45,0.15,0.45,0.45,0.45,0.15
174,,0.4,0.4,0.4,0.1,0.4,0.4,0.4,0.1
175,,0.35,0.35,0.35,0.05,0.35,0.35,0.35,0.05
176,,0.3,0.3,0.3,0.0,0.3,0.3,0.3,0.0
177,,0.25,0.25,0.25,-0.05,0.25,0.25,0.25,-0.05
178,8,0.571,0.5,0.429,0.1,0.429,0.5,0.571,0.95
179,8,0.892,0.75,0.608,0.25,0.608,0.75,0.892,1.0
180,,0.842,0.7,0.558,0.2,0.558,0.7,0.842,0.95
181,,0.792,0.65,0.508,0.15,0.508,0.65,0.792,0.9
182,,0.742,0.6,0.458,0.1,0.458,0.6,0.742,0.85
183,,0.692,0.55,0.408,0.05,0.408,0.55,0.692,0.8
184,,0.642,0.5,0.358,0.0,0.358,0.5,0.642,0.75
185,,0.592,0.45,0.308,-0.05,0.308,0.45,0.592,0.7
186,4,0.771,0.7,0.629,0.95,0.629,0.7,0.771,0.85
187,4,0.95,0.95,0.95,1.0,0.95,0.95,0.95,1.0
188,,0.9,0.9,0.9,0.95,0.9,0.9,0.9,0.95
189,,0.85,0.85,0.85,0.9,0.85,0.85,0.85,0.9
190,,0.8,0.8,0.8,0.85,0.8,0.8,0.8,0.85
191,,0.75,0.75,0.75,0.8,0.75,0.75,0.75,0.8
192,,0.7,0.7,0.7,0.75,0.7,0.7,0.7,0.75
193,,0.65,0.65,0.65,0.7,0.65,0.65,0.65,0.7
194,,0.6,0.6,0.6,0.65,0.6,0.6,0.6,0.65
195,,0.55,0.55,0.55,0.6,0.55,0.55,0.55,0.6
196,,0.5,0.5,0.5,0.55,0.5,0.5,0.5,0.55
197,,0.45,0.45,0.45,0.5,0.45,0.45,0.45,0.5
198,,0.4,0.4,0.4,0.45,0.4,0.4,0.4,0.45
199,,0.35,0.35,0.35,0.4,0.35,0.35,0.35,0.4
200,,0.3,0.3,0.3,0.35,0.3,0.3,0.3,0.35
201,,0.25,0.25,0.25,0.3,0.25,0.25,0.25,0.3
202,,0.2,0.2,0.2,0.25,0.2,0.2,0.2,0.25
203,,0.15,0.15,0.15,0.2,0.15,0.15,0.15,0.2
204,,0.1,0.1,0.1,0.15,0.1,0.1,0.1,0.15
205,,0.05,0.05,0.05,0.1,0.05,0.05,0.05,0.1
206,,0.0,0.0,0.0,0.05,0.0,0.0,0.0,0.05
207,,-0.05,-0.05,-0.05,0.0,-0.05,-0.05,-0.05,0.0
208,5,0.1,0.129,0.2,0.321,0.95,0.271,0.2,0.179
209,5,0.25,0.308,0.45,0.642,1.0,0.592,0.45,0.358
210,,0.2,0.258,0.4,0.592,0.95,0.542,0.4,0.308
211,,0.15,0.208,0.35,0.542,0.9,0.492,0.35,0.258
212,,0.1,0.158,0.3,0.492,0.85,0.442,0.3,0.208
213,,0.05,0.108,0.25,0.442,0.8,0.392,0.25,0.158
214,,0.0,0.058,0.2,0.392,0.75,0.342,0.2,0.108
215,,-0.05,0.008,0.15,0.342,0.7,0.292,0.15,0.058
216,1,0.95,0.329,0.4,0.521,0.85,0.471,0.4,0.379
217,1,1.0,0.65,0.65,0.7,1.0,0.65,0.65,0.7
218,,0.95,0.6,0.6,0.65,0.95,0.6,0.6,0.65
219,,0.9,0.55,0.55,0.6,0.9,0.55,0.55,0.6
220,,0.85,0.5,0.5,0.55,0.85,0.5,0.5,0.55
221,,0.8,0.45,0.45,0.5,0.8,0.45,0.45,0.5
222,,0.75,0.4,0.4,0.45,0.75,0.4,0.4,0.45
223,,0.7,0.35,0.35,0.4,0.7,0.35,0.35,0.4
224,,0.65,0.3,0.3,0.35,0.65,0.3,0.3,0.35
225,,0.6,0.25,0.25,0.3,0.6,0.25,0.25,0.3
226,,0.55,0.2,0.2,0.25,0.55,0.2,0.2,0.25
227,,0.5,0.15,0.15,0.2,0.5,0.15,0.15,0.2
228,,0.45,0.1,0.1,0.15,0.45,0.1,0.1,0.15
229,,0.4,0.05,0.05,0.1,0.4,0.05,0.05,0.1
230,,0.35,0.0,0.0,0.05,0.35,0.0,0.0,0.05
231,,0.3,-0.05,-0.05,0.0,0.3,-0.05,-0.05,0.0
232,3,0.55,0.271,0.95,0.321,0.55,0.129,0.1,0.179
233,3,0.8,0.592,1.0,0.642,0.8,0.308,0.25,0.358
234,,0.75,0.542,0.95,0.592,0.75,0.258,0.2,0.308
235,,0.7,0.492,0.9,0.542,0.7,0.208,0.15,0.258
236,,0.65,0.442,0.85,0.492,0.65,0.158,0.1,0.208
237,,0.6,0.392,0.8,0.442,0.6,0.108,0.05,0.158
238,,0.55,0.342,0.75,0.392,0.55,0.058,0.0,0.108
239,,0.5,0.292,0.7,0.342,0.5,0.008,-0.05,0.058
240,7,0.75,0.471,0.85,0.521,0.75,0.329,0.95,0.379
241,7,1.0,0.65,1.0,0.7,1.0,0.65,1.0,0.7
242,,0.95,0.6,0.95,0.65,0.95,0.6,0.95,0.65
243,,0.9,0.55,0.9,0.6,0.9,0.55,0.9,0.6
244,,0.85,0.5,0.85,0.55,0.85,0.5,0.85,0.55
245,,0.8,0.45,0.8,0.5,0.8,0.45,0.8,0.5
246,,0.75,0.4,0.75,0.45,0.75,0.4,0.75,0.45
247,,0.7,0.35,0.7,0.4,0.7,0.35,0.7,0.4
248,,0.65,0.3,0.65,0.35,0.65,0.3,0.65,0.35
249,,0.6,0.25,0.6,0.3,0.6,0.25,0.6,0.3
250,,0.55,0.2,0.55,0.25,0.55,0.2,0.55,0.25
251,,0.5,0.15,0.5,0.2,0.5,0.15,0.5,0.2
252,,0.45,0.1,0.45,0.15,0.45,0.1,0.45,0.15
253,,0.4,0.05,0.4,0.1,0.4,0.05,0.4,0.1
254,,0.35,0.0,0.35,0.05,0.35,0.0,0.35,0.05
255,,0.3,-0.05,0.3,0.0,0.3,-0.05,0.3,0.0
256,6,0.479,0.1,0.479,0.25,0.621,0.95,0.621,0.25
257,6,0.658,0.25,0.658,0.5,0.942,1.0,0.942,0.5
258,,0.608,0.2,0.608,0.45,0.892,0.95,0.892,0.45
259,,0.558,0.15,0.558,0.4,0.842,0.9,0.842,0.4
260,,0.508,0.1,0.508,0.35,0.792,0.85,0.792,0.35
261,,0.458,0.05,0.458,0.3,0.742,0.8,0.742,0.3
262,,0.408,0.0,0.408,0.25,0.692,0.75,0.692,0.25
263,,0.358,-0.05,0.358,0.2,0.642,0.7,0.642,0.2
264,2,0.679,0.95,0.679,0.45,0.821,0.85,0.821,0.45
265,2,1.0,1.0,1.0,0.7,1.0,1.0,1.0,0.7
266,,0.95,0.95,0.95,0.65,0.95,0.95,0.95,0.65
267,,0.9,0.9,0.9,0.6,0.9,0.9,0.9,0.6
268,,0.85,0.85,0.85,0.55,0.85,0.85,0.85,0.55
269,,0.8,0.8,0.8,0.5,0.8,0.8,0.8,0.5
270,,0.75,0.75,0.75,0.45,0.75,0.75,0.75,0.45
271,,0.7,0.7,0.7,0.4,0.7,0.7,0.7,0.4
272,,0.65,0.65,0.65,0.35,0.65,0.65,0.65,0.35
273,,0.6,0.6,0.6,0.3,0.6,0.6,0.6,0.3
274,,0.55,0.55,0.55,0.25,0.55,0.55,0.55,0.25
275,,0.5,0.5,0.5,0.2,0.5,0.5,0.5,0.2
276,,0.45,0.45,0.45,0.15,0.45,0.45,0.45,0.15
277,,0.4,0.4,0.4,0.1,0.4,0.4,0.4,0.1
278,,0.35,0.35,0.35,0.05,0.35,0.35,0.35,0.05
279,,0.3,0.3,0.3,0.0,0.3,0.3,0.3,0.0
280,,0.25,0.25,0.25,-0.05,0.25,0.25,0.25,-0.05
281,8,0.571,0.5,0.429,0.1,0.429,0.5,0.571,0.95
282,8,0.892,0.75,0.608,0.25,0.608,0.75,0.892,1.0
283,,0.842,0.7,0.558,0.2,0.558,0.7,0.842,0.95
284,,0.792,0.65,0.508,0.15,0.508,0.65,0.792,0.9
285,,0.742,0.6,0.458,0.1,0.458,0.6,0.742,0.85
286,,0.692,0.55,0.408,0.05,0.408,0.55,0.692,0.8
287,,0.642,0.5,0.358,0.0,0.358,0.5,0.642,0.75
288,,0.592,0.45,0.308,-0.05,0.308,0.45,0.592,0.7
289,4,0.771,0.7,0.629,0.95,0.629,0.7,0.771,0.85
290,4,0.95,0.95,0.95,1.0,0.95,0.95,0.95,1.0
291,,0.9,0.9,0.9,0.95,0.9,0.9,0.9,0.95
292,,0.85,0.85,0.85,0.9,0.85,0.85,0.85,0.9
293,,0.8,0.8,0.8,0.85,0.8,0.8,0.8,0.85
294,,0.75,0.75,0.75,0.8,0.75,0.75,0.75,0.8
295,,0.7,0.7,0.7,0.75,0.7,0.7,0.7,0.75
296,,0.65,0.65,0.65,0.7,0.65,0.65,0.65,0.7
297,,0.6,0.6,0.6,0.65,0.6,0.6,0.6,0.65
298,,0.55,0.55,0.55,0.6,0.55,0.55,0.55,0.6
299,,0.5,0.5,0.5,0.55,0.5,0.5,0.5,0.55
300,,0.45,0.45,0.45,0.5,0.45,0.45,0.45,0.5
301,,0.4,0.4,0.4,0.45,0.4,0.4,0.4,0.45
302,,0.35,0.35,0.35,0.4,0.35,0.35,0.35,0.4
303,,0.3,0.3,0.3,0.35,0.3,0.3,0.3,0.35
304,,0.25,0.25,0.25,0.3,0.25,0.25,0.25,0.3
305,,0.2,0.2,0.2,0.25,0.2,0.2,0.2,0.25
306,,0.15,0.15,0.15,0.2,0.15,0.15,0.15,0.2
307,,0.1,0.1,0.1,0.15,0.1,0.1,0.1,0.15
308,,0.05,0.05,0.05,0.1,0.05,0.05,0.05,0.1
309,,0.0,0.0,0.0,0.05,0.0,0.0,0.0,0.05
310,,-0.05,-0.05,-0.05,0.0,-0.05,-0.05,-0.05,0.0
311,5,0.1,0.129,0.2,0.321,0.95,0.271,0.2,0.179
312,5,0.25,0.308,0.45,0.642,1.0,0.592,0.45,0.358
313,,0.2,0.258,0.4,0.592,0.95,0.542,0.4,0.308
314,,0.15,0.208,0.35,0.542,0.9,0.492,0.35,0.258
315,,0.1,0.158,0.3,0.492,0.85,0.442,0.3,0.208
316,,0.05,0.108,0.25,0.442,0.8,0.392,0.25,0.158
317,,0.0,0.058,0.2,0.392,0.75,0.342,0.2,0.108
318,,-0.05,0.008,0.15,0.342,0.7,0.292,0.15,0.058
319,1,0.95,0.329,0.4,0.521,0.85,0.471,0.4,0.379
320,1,1.0,0.65,0.65,0.7,1.0,0.65,0.65,0.7
321,,0.95,0.6,0.6,0.65,0.95,0.6,0.6,0.65
322,,0.9,0.55,0.55,0.6,0.9,0.55,0.55,0.6
323,,0.85,0.5,0.5,0.55,0.85,0.5,0.5,0.55
324,,0.8,0.45,0.45,0.5,0.8,0.45,0.45,0.5
325,,0.75,0.4,0.4,0.45,0.75,0.4,0.4,0.45
326,,0.7,0.35,0.35,0.4,0.7,0.35,0.35,0.4
327,,0.65,0.3,0.3,0.35,0.65,0.3,0.3,0.35
328,,0.6,0.25,0.25,0.3,0.6,0.25,0.25,0.3
329,,0.55,0.2,0.2,0.25,0.55,0.2,0.2,0.25
330,,0.5,0.15,0.15,0.2,0.5,0.15,0.15,0.2
331,,0.45,0.1,0.1,0.15,0.45,0.1,0.1,0.15
332,,0.4,0.05,0.05,0.1,0.4,0.05,0.05,0.1
333,,0.35,0.0,0.0,0.05,0.35,0.0,0.0,0.05
334,,0.3,-0.05,-0.05,0.0,0.3,-0.05,-0.05,0.0
335,2,0.621,0.95,0.271,0.25,0.479,0.1,0.129,0.25
336,2,0.942,1.0,0.592,0.5,0.658,0.25,0.308,0.5
337,,0.892,0.95,0.542,0.45,0.608,0.2,0.258,0.45
338,,0.842,0.9,0.492,0.4,0.558,0.15,0.208,0.4
339,,0.792,0.85,0.442,0.35,0.508,0.1,0.158,0.35
340,,0.742,0.8,0.392,0.3,0.458,0.05,0.108,0.3
341,,0.692,0.75,0.342,0.25,0.408,0.0,0.058,0.25
342,,0.642,0.7,0.292,0.2,0.358,-0.05,0.008,0.2
343,6,0.821,0.85,0.471,0.45,0.679,0.95,0.329,0.45
344,6,1.0,1.0,0.65,0.7,1.0,1.0,0.65,0.7
345,,0.95,0.95,0.6,0.65,0.95,0.95,0.6,0.65
346,,0.9,0.9,0.55,0.6,0.9,0.9,0.55,0.6
347,,0.85,0.85,0.5,0.55,0.85,0.85,0.5,0.55
348,,0.8,0.8,0.45,0.5,0.8,0.8,0.45,0.5
349,,0.75,0.75,0.4,0.45,0.75,0.75,0.4,0.45
350,,0.7,0.7,0.35,0.4,0.7,0.7,0.35,0.4
351,,0.65,0.65,0.3,0.35,0.65,0.65,0.3,0.35
352,,0.6,0.6,0.25,0.3,0.6,0.6,0.25,0.3
353,,0.55,0.55,0.2,0.25,0.55,0.55,0.2,0.25
354,,0.5,0.5,0.15,0.2,0.5,0.5,0.15,0.2
355,,0.45,0.45,0.1,0.15,0.45,0.45,0.1,0.15
356,,0.4,0.4,0.05,0.1,0.4,0.4,0.05,0.1
357,,0.35,0.35,0.0,0.05,0.35,0.35,0.0,0.05
358,,0.3,0.3,-0.05,0.0,0.3,0.3,-0.05,0.0
359,3,0.55,0.621,0.95,0.321,0.55,0.479,0.1,0.179
360,3,0.8,0.942,1.0,0.642,0.8,0.658,0.25,0.358
361,,0.75,0.892,0.95,0.592,0.75,0.608,0.2,0.308
362,,0.7,0.842,0.9,0.542,0.7,0.558,0.15,0.258
363,,0.65,0.792,0.85,0.492,0.65,0.508,0.1,0.208
364,,0.6,0.742,0.8,0.442,0.6,0.458,0.05,0.158
365,,0.55,0.692,0.75,0.392,0.55,0.408,0.0,0.108
366,,0.5,0.642,0.7,0.342,0.5,0.358,-0.05,0.058
367,7,0.75,0.821,0.85,0.521,0.75,0.679,0.95,0.379
368,7,1.0,1.0,1.0,0.7,1.0,1.0,1.0,0.7
369,,0.95,0.95,0.95,0.65,0.95,0.95,0.95,0.65
370,,0.9,0.9,0.9,0.6,0.9,0.9,0.9,0.6
371,,0.85,0.85,0.85,0.55,0.85,0.85,0.85,0.55
372,,0.8,0.8,0.8,0.5,0.8,0.8,0.8,0.5
373,,0.75,0.75,0.75,0.45,0.75,0.75,0.75,0.45
374,,0.7,0.7,0.7,0.4,0.7,0.7,0.7,0.4
375,,0.65,0.65,0.65,0.35,0.65,0.65,0.65,0.35
376,,0.6,0.6,0.6,0.3,0.6,0.6,0.6,0.3
377,,0.55,0.55,0.55,0.25,0.55,0.55,0.55,0.25
378,,0.5,0.5,0.5,0.2,0.5,0.5,0.5,0.2
379,,0.45,0.45,0.45,0.15,0.45,0.45,0.45,0.15
380,,0.4,0.4,0.4,0.1,0.4,0.4,0.4,0.1
381,,0.35,0.35,0.35,0.05,0.35,0.35,0.35,0.05
382,,0.3,0.3,0.3,0.0,0.3,0.3,0.3,0.0
383,,0.25,0.25,0.25,-0.05,0.25,0.25,0.25,-0.05
384,8,0.571,0.5,0.429,0.1,0.429,0.5,0.571,0.95
385,8,0.892,0.75,0.608,0.25,0.608,0.75,0.892,1.0
386,,0.842,0.7,0.558,0.2,0.558,0.7,0.842,0.95
387,,0.792,0.65,0.508,0.15,0.508,0.65,0.792,0.9
388,,0.742,0.6,0.458,0.1,0.458,0.6,0.742,0.85
389,,0.692,0.55,0.408,0.05,0.408,0.55,0.692,0.8
390,,0.642,0.5,0.358,0.0,0.358,0.5,0.642,0.75
391,,0.592,0.45,0.308,-0.05,0.308,0.45,0.592,0.7
392,4,0.771,0.7,0.629,0.95,0.629,0.7,0.771,0.85
393,4,0.95,0.95,0.95,1.0,0.95,0.95,0.95,1.0
394,,0.9,0.9,0.9,0.95,0.9,0.9,0.9,0.95
395,,0.85,0.85,0.85,0.9,0.85,0.85,0.85,0.9
396,,0.8,0.8,0.8,0.85,0.8,0.8,0.8,0.85
397,,0.75,0.75,0.75,0.8,0.75,0.75,0.75,0.8
398,,0.7,0.7,0.7,0.75,0.7,0.7,0.7,0.75
399,,0.65,0.65,0.65,0.7,0.65,0.65,0.65,0.7
400,,0.6,0.6,0.6,0.65,0.6,0.6,0.6,0.65
401,,0.55,0.55,0.55,0.6,0.55,0.55,0.55,0.6
402,,0.5,0.5,0.5,0.55,0.5,0.5,0.5,0.55
403,,0.45,0.45,0.45,0.5,0.45,0.45,0.45,0.5
404,,0.4,0.4,0.4,0.45,0.4,0.4,0.4,0.45
405,,0.35,0.35,0.35,0.4,0.35,0.35,0.35,0.4
406,,0.3,0.3,0.3,0.35,0.3,0.3,0.3,0.35
407,,0.25,0.25,0.25,0.3,0.25,0.25,0.25,0.3
408,,0.2,0.2,0.2,0.25,0.2,0.2,0.2,0.25
409,,0.15,0.15,0.15,0.2,0.15,0.15,0.15,0.2
410,,0.1,0.1,0.1,0.15,0.1,0.1,0.1,0.15
411,,0.05,0.05,0.05,0.1,0.05,0.05,0.05,0.1
412,,0.0,0.0,0.0,0.05,0.0,0.0,0.0,0.05
413,,-0.05,-0.05,-0.05,0.0,-0.05,-0.05,-0.05,0.0
414,2,0.271,0.95,0.271,0.25,0.129,0.1,0.129,0.25
415,2,0.592,1.0,0.592,0.5,0.308,0.25,0.308,0.5
416,,0.542,0.95,0.542,0.45,0.258,0.2,0.258,0.45
417,,0.492,0.9,0.492,0.4,0.208,0.15,0.208,0.4
418,,0.442,0.85,0.442,0.35,0.158,0.1,0.158,0.35
419,,0.392,0.8,0.392,0.3,0.108,0.05,0.108,0.3
420,,0.342,0.75,0.342,0.25,0.058,0.0,0.058,0.25
421,,0.292,0.7,0.292,0.2,0.008,-0.05,0.008,0.2
422,6,0.471,0.85,0.471,0.45,0.329,0.95,0.329,0.45
423,6,0.65,1.0,0.65,0.7,0.65,1.0,0.65,0.7
424,,0.6,0.95,0.6,0.65,0.6,0.95,0.6,0.65
425,,0.55,0.9,0.55,0.6,0.55,0.9,0.55,0.6
426,,0.5,0.85,0.5,0.55,0.5,0.85,0.5,0.55
427,,0.45,0.8,0.45,0.5,0.45,0.8,0.45,0.5
428,,0.4,0.75,0.4,0.45,0.4,0.75,0.4,0.45
429,,0.35,0.7,0.35,0.4,0.35,0.7,0.35,0.4
430,,0.3,0.65,0.3,0.35,0.3,0.65,0.3,0.35
431,,0.25,0.6,0.25,0.3,0.25,0.6,0.25,0.3
432,,0.2,0.55,0.2,0.25,0.2,0.55,0.2,0.25
433,,0.15,0.5,0.15,0.2,0.15,0.5,0.15,0.2
434,,0.1,0.45,0.1,0.15,0.1,0.45,0.1,0.15
435,,0.05,0.4,0.05,0.1,0.05,0.4,0.05,0.1
436,,0.0,0.35,0.0,0.05,0.0,0.35,0.0,0.05
437,,-0.05,0.3,-0.05,0.0,-0.05,0.3,-0.05,0.0
438,3,0.2,0.621,0.95,0.321,0.2,0.479,0.1,0.179
439,3,0.45,0.942,1.0,0.642,0.45,0.658,0.25,0.358
440,,0.4,0.892,0.95,0.592,0.4,0.608,0.2,0.308
441,,0.35,0.842,0.9,0.542,0.35,0.558,0.15,0.258
442,,0.3,0.792,0.85,0.492,0.3,0.508,0.1,0.208
443,,0.25,0.742,0.8,0.442,0.25,0.458,0.05,0.158
444,,0.2,0.692,0.75,0.392,0.2,0.408,0.0,0.108
445,,0.15,0.642,0.7,0.342,0.15,0.358,-0.05,0.058
446,7,0.4,0.821,0.85,0.521,0.4,0.679,0.95,0.379
447,7,0.65,1.0,1.0,0.7,0.65,1.0,1.0,0.7
448,,0.6,0.95,0.95,0.65,0.6,0.95,0.95,0.65
449,,0.55,0.9,0.9,0.6,0.55,0.9,0.9,0.6
450,,0.5,0.85,0.85,0.55,0.5,0.85,0.85,0.55
451,,0.45,0.8,0.8,0.5,0.45,0.8,0.8,0.5
452,,0.4,0.75,0.75,0.45,0.4,0.75,0.75,0.45
453,,0.35,0.7,0.7,0.4,0.35,0.7,0.7,0.4
454,,0.3,0.65,0.65,0.35,0.3,0.65,0.65,0.35
455,,0.25,0.6,0.6,0.3,0.25,0.6,0.6,0.3
456,,0.2,0.55,0.55,0.25,0.2,0.55,0.55,0.25
457,,0.15,0.5,0.5,0.2,0.15,0.5,0.5,0.2
458,,0.1,0.45,0.45,0.15,0.1,0.45,0.45,0.15
459,,0.05,0.4,0.4,0.1,0.05,0.4,0.4,0.1
460,,0.0,0.35,0.35,0.05,0.0,0.35,0.35,0.05
461,,-0.05,0.3,0.3,0.0,-0.05,0.3,0.3,0.0
462,1,0.95,0.621,0.55,0.179,0.1,0.479,0.55,0.321
463,1,1.0,0.942,0.8,0.358,0.25,0.658,0.8,0.642
464,,0.95,0.892,0.75,0.308,0.2,0.608,0.75,0.592
465,,0.9,0.842,0.7,0.258,0.15,0.558,0.7,0.542
466,,0.85,0.792,0.65,0.208,0.1,0.508,0.65,0.492
467,,0.8,0.742,0.6,0.158,0.05,0.458,0.6,0.442
468,,0.75,0.692,0.55,0.108,0.0,0.408,0.55,0.392
469,,0.7,0.642,0.5,0.058,-0.05,0.358,0.5,0.342
470,5,0.85,0.821,0.75,0.379,0.95,0.679,0.75,0.521
471,5,1.0,1.0,1.0,0.7,1.0,1.0,1.0,0.7
472,,0.95,0.95,0.95,0.65,0.95,0.95,0.95,0.65
473,,0.9,0.9,0.9,0.6,0.9,0.9,0.9,0.6
474,,0.85,0.85,0.85,0.55,0.85,0.85,0.85,0.55
475,,0.8,0.8,0.8,0.5,0.8,0.8,0.8,0.5
476,,0.75,0.75,0.75,0.45,0.75,0.75,0.75,0.45
477,,0.7,0.7,0.7,0.4,0.7,0.7,0.7,0.4
478,,0.65,0.65,0.65,0.35,0.65,0.65,0.65,0.35
479,,0.6,0.6,0.6,0.3,0.6,0.6,0.6,0.3
480,,0.55,0.55,0.55,0.25,0.55,0.55,0.55,0.25
481,,0.5,0.5,0.5,0.2,0.5,0.5,0.5,0.2
482,,0.45,0.45,0.45,0.15,0.45,0.45,0.45,0.15
483,,0.4,0.4,0.4,0.1,0.4,0.4,0.4,0.1
484,,0.35,0.35,0.35,0.05,0.35,0.35,0.35,0.05
485,,0.3,0.3,0.3,0.0,0.3,0.3,0.3,0.0
486,,0.25,0.25,0.25,-0.05,0.25,0.25,0.25,-0.05
487,8,0.571,0.5,0.429,0.1,0.429,0.5,0.571,0.95
488,8,0.892,0.75,0.608,0.25,0.608,0.75,0.892,1.0
489,,0.842,0.7,0.558,0.2,0.558,0.7,0.842,0.95
490,,0.792,0.65,0.508,0.15,0.508,0.65,0.792,0.9
491,,0.742,0.6,0.458,0.1,0.458,0.6,0.742,0.85
492,,0.692,0.55,0.408,0.05,0.408,0.55,0.692,0.8
493,,0.642,0.5,0.358,0.0,0.358,0.5,0.642,0.75
494,,0.592,0.45,0.308,-0.05,0.308,0.45,0.592,0.7
495,4,0.771,0.7,0.629,0.95,0.629,0.7,0.771,0.85
496,4,0.95,0.95,0.95,1.0,0.95,0.95,0.95,1.0
497,,0.9,0.9,0.9,0.95,0.9,0.9,0.9,0.95
498,,0.85,0.85,0.85,0.9,0.85,0.85,0.85,0.9
499,,0.8,0.8,0.8,0.85,0.8,0.8,0.8,0.85
500,,0.75,0.75,0.75,0.8,0.75,0.75,0.75,0.8
501,,0.7,0.7,0.7,0.75,0.7,0.7,0.7,0.75
502,,0.65,0.65,0.65,0.7,0.65,0.65,0.65,0.7
503,,0.6,0.6,0.6,0.65,0.6,0.6,0.6,0.65
504,,0.55,0.55,0.55,0.6,0.55,0.55,0.55,0.6
505,,0.5,0.5,0.5,0.55,0.5,0.5,0.5,0.55
506,,0.45,0.45,0.45,0.5,0.45,0.45,0.45,0.5
507,,0.4,0.4,0.4,0.45,0.4,0.4,0.4,0.45
508,,0.35,0.35,0.35,0.4,0.35,0.35,0.35,0.4
509,,0.3,0.3,0.3,0.35,0.3,0.3,0.3,0.35
510,,0.25,0.25,0.25,0.3,0.25,0.25,0.25,0.3
511,,0.2,0.2,0.2,0.25,0.2,0.2,0.2,0.25
512,,0.15,0.15,0.15,0.2,0.15,0.15,0.15,0.2
513,,0.1,0.1,0.1,0.15,0.1,0.1,0.1,0.15
514,,0.05,0.05,0.05,0.1,0.05,0.05,0.05,0.1
515,,0.0,0.0,0.0,0.05,0.0,0.0,0.0,0.05
516,,-0.05,-0.05,-0.05,0.0,-0.05,-0.05,-0.05,0.0
517,1,0.95,0.271,0.2,0.179,0.1,0.129,0.2,0.321
518,1,1.0,0.592,0.45,0.358,0.25,0.308,0.45,0.642
519,,0.95,0.542,0.4,0.308,0.2,0.258,0.4,0.592
520,,0.9,0.492,0.35,0.258,0.15,0.208,0.35,0.542
521,,0.85,0.442,0.3,0.208,0.1,0.158,0.3,0.492
522,,0.8,0.392,0.25,0.158,0.05,0.108,0.25,0.442
523,,0.75,0.342,0.2,0.108,0.0,0.058,0.2,0.392
524,,0.7,0.292,0.15,0.058,-0.05,0.008,0.15,0.342
525,5,0.85,0.471,0.4,0.379,0.95,0.329,0.4,0.521
526,5,1.0,0.65,0.65,0.7,1.0,0.65,0.65,0.7
527,,0.95,0.6,0.6,0.65,0.95,0.6,0.6,0.65
528,,0.9,0.55,0.55,0.6,0.9,0.55,0.55,0.6
529,,0.85,0.5,0.5,0.55,0.85,0.5,0.5,0.55
530,,0.8,0.45,0.45,0.5,0.8,0.45,0.45,0.5
531,,0.75,0.4,0.4,0.45,0.75,0.4,0.4,0.45
532,,0.7,0.35,0.35,0.4,0.7,0.35,0.35,0.4
533,,0.65,0.3,0.3,0.35,0.65,0.3,0.3,0.35
534,,0.6,0.25,0.25,0.3,0.6,0.25,0.25,0.3
535,,0.55,0.2,0.2,0.25,0.55,0.2,0.2,0.25
536,,0.5,0.15,0.15,0.2,0.5,0.15,0.15,0.2
537,,0.45,0.1,0.1,0.15,0.45,0.1,0.1,0.15
538,,0.4,0.05,0.05,0.1,0.4,0.05,0.05,0.1
539,,0.35,0.0,0.0,0.05,0.35,0.0,0.0,0.05
540,,0.3,-0.05,-0.05,0.0,0.3,-0.05,-0.05,0.0
541,2,0.621,0.95,0.271,0.25,0.479,0.1,0.129,0.25
542,2,0.942,1.0,0.592,0.5,0.658,0.25,0.308,0.5
543,,0.892,0.95,0.542,0.45,0.608,0.2,0.258,0.45
544,,0.842,0.9,0.492,0.4,0.558,0.15,0.208,0.4
545,,0.792,0.85,0.442,0.35,0.508,0.1,0.158,0.35
546,,0.742,0.8,0.392,0.3,0.458,0.05,0.108,0.3
547,,0.692,0.75,0.342,0.25,0.408,0.0,0.058,0.25
548,,0.642,0.7,0.292,0.2,0.358,-0.05,0.008,0.2
549,6,0.821,0.85,0.471,0.45,0.679,0.95,0.329,0.45
550,6,1.0,1.0,0.65,0.7,1.0,1.0,0.65,0.7
551,,0.95,0.95,0.6,0.65,0.95,0.95,0.6,0.65
552,,0.9,0.9,0.55,0.6,0.9,0.9,0.55,0.6
553,,0.85,0.85,0.5,0.55,0.85,0.85,0.5,0.55
554,,0.8,0.8,0.45,0.5,0.8,0.8,0.45,0.5
555,,0.75,0.75,0.4,0.45,0.75,0.75,0.4,0.45
556,,0.7,0.7,0.35,0.4,0.7,0.7,0.35,0.4
557,,0.65,0.65,0.3,0.35,0.65,0.65,0.3,0.35
558,,0.6,0.6,0.25,0.3,0.6,0.6,0.25,0.3
559,,0.55,0.55,0.2,0.25,0.55,0.55,0.2,0.25
560,,0.5,0.5,0.15,0.2,0.5,0.5,0.15,0.2
561,,0.45,0.45,0.1,0.15,0.45,0.45,0.1,0.15
562,,0.4,0.4,0.05,0.1,0.4,0.4,0.05,0.1
563,,0.35,0.35,0.0,0.05,0.35,0.35,0.0,0.05
564,,0.3,0.3,-0.05,0.0,0.3,0.3,-0.05,0.0
565,3,0.55,0.621,0.95,0.321,0.55,0.479,0.1,0.179
566,3,0.8,0.942,1.0,0.642,0.8,0.658,0.25,0.358
567,,0.75,0.892,0.95,0.592,0.75,0.608,0.2,0.308
568,,0.7,0.842,0.9,0.542,0.7,0.558,0.15,0.258
569,,0.65,0.792,0.85,0.492,0.65,0.508,0.1,0.208
570,,0.6,0.742,0.8,0.442,0.6,0.458,0.05,0.158
571,,0.55,0.692,0.75,0.392,0.55,0.408,0.0,0.108
572,,0.5,0.642,0.7,0.342,0.5,0.358,-0.05,0.058
573,7,0.75,0.821,0.85,0.521,0.75,0.679,0.95,0.379
574,7,1.0,1.0,1.0,0.7,1.0,1.0,1.0,0.7
575,,0.95,0.95,0.95,0.65,0.95,0.95,0.95,0.65
576,,0.9,0.9,0.9,0.6,0.9,0.9,0.9,0.6
577,,0.85,0.85,0.85,0.55,0.85,0.85,0.85,0.55
578,,0.8,0.8,0.8,0.5,0.8,0.8,0.8,0.5
579,,0.75,0.75,0.75,0.45,0.75,0.75,0.75,0.45
580,,0.7,0.7,0.7,0.4,0.7,0.7,0.7,0.4
581,,0.65,0.65,0.65,0.35,0.65,0.65,0.65,0.35
582,,0.6,0.6,0.6,0.3,0.6,0.6,0.6,0.3
583,,0.55,0.55,0.55,0.25,0.55,0.55,0.55,0.25
584,,0.5,0.5,0.5,0.2,0.5,0.5,0.5,0.2
585,,0.45,0.45,0.45,0.15,0.45,0.45,0.45,0.15
586,,0.4,0.4,0.4,0.1,0.4,0.4,0.4,0.1
587,,0.35,0.35,0.35,0.05,0.35,0.35,0.35,0.05
588,,0.3,0.3,0.3,0.0,0.3,0.3,0.3,0.0
589,,0.25,0.25,0.25,-0.05,0.25,0.25,0.25,-0.05
590,4,0.429,0.5,0.571,0.95,0.571,0.5,0.429,0.1
591,4,0.608,0.75,0.892,1.0,0.892,0.75,0.608,0.25
592,,0.558,0.7,0.842,0.95,0.842,0.7,0.558,0.2
593,,0.508,0.65,0.792,0.9,0.792,0.65,0.508,0.15
594,,0.458,0.6,0.742,0.85,0.742,0.6,0.458,0.1
595,,0.408,0.55,0.692,0.8,0.692,0.55,0.408,0.05
596,,0.358,0.5,0.642,0.75,0.642,0.5,0.358,0.0
597,,0.308,0.45,0.592,0.7,0.592,0.45,0.308,-0.05
598,8,0.629,0.7,0.771,0.85,0.771,0.7,0.629,0.95
599,8,0.95,0.95,0.95,1.0,0.95,0.95,0.95,1.0
600,,0.9,0.9,0.9,0.95,0.9,0.9,0.9,0.95
601,,0.85,0.85,0.85,0.9,0.85,0.85,0.85,0.9
602,,0.8,0.8,0.8,0.85,0.8,0.8,0.8,0.85
603,,0.75,0.75,0.75,0.8,0.75,0.75,0.75,0.8
604,,0.7,0.7,0.7,0.75,0.7,0.7,0.7,0.75
605,,0.65,0.65,0.65,0.7,0.65,0.65,0.65,0.7
606,,0.6,0.6,0.6,0.65,0.6,0.6,0.6,0.65
607,,0.55,0.55,0.55,0.6,0.55,0.55,0.55,0.6
608,,0.5,0.5,0.5,0.55,0.5,0.5,0.5,0.55
609,,0.45,0.45,0.45,0.5,0.45,0.45,0.45,0.5
610,,0.4,0.4,0.4,0.45,0.4,0.4,0.4,0.45
611,,0.35,0.35,0.35,0.4,0.35,0.35,0.35,0.4
612,,0.3,0.3,0.3,0.35,0.3,0.3,0.3,0.35
613,,0.25,0.25,0.25,0.3,0.25,0.25,0.25,0.3
614,,0.2,0.2,0.2,0.25,0.2,0.2,0.2,0.25
615,,0.15,0.15,0.15,0.2,0.15,0.15,0.15,0.2
616,,0.1,0.1,0.1,0.15,0.1,0.1,0.1,0.15
617,,0.05,0.05,0.05,0.1,0.05,0.05,0.05,0.1
618,,0.0,0.0,0.0,0.05,0.0,0.0,0.0,0.05
619,,-0.05,-0.05,-0.05,0.0,-0.05,-0.05,-0.05,0.0
620,2,0.271,0.95,0.271,0.25,0.129,0.1,0.129,0.25
621,2,0.592,1.0,0.592,0.5,0.308,0.25,0.308,0.5
622,,0.542,0.95,0.542,0.45,0.258,0.2,0.258,0.45
623,,0.492,0.9,0.492,0.4,0.208,0.15,0.208,0.4
624,,0.442,0.85,0.442,0.35,0.158,0.1,0.158,0.35
625,,0.392,0.8,0.392,0.3,0.108,0.05,0.108,0.3
626,,0.342,0.75,0.342,0.25,0.058,0.0,0.058,0.25
627,,0.292,0.7,0.292,0.2,0.008,-0.05,0.008,0.2
628,6,0.471,0.85,0.471,0.45,0.329,0.95,0.329,0.45
629,6,0.65,1.0,0.65,0.7,0.65,1.0,0.65,0.7
630,,0.6,0.95,0.6,0.65,0.6,0.95,0.6,0.65
631,,0.55,0.9,0.55,0.6,0.55,0.9,0.55,0.6
632,,0.5,0.85,0.5,0.55,0.5,0.85,0.5,0.55
633,,0.45,0.8,0.45,0.5,0.45,0.8,0.45,0.5
634,,0.4,0.75,0.4,0.45,0.4,0.75,0.4,0.45
635,,0.35,0.7,0.35,0.4,0.35,0.7,0.35,0.4
636,,0.3,0.65,0.3,0.35,0.3,0.65,0.3,0.35
637,,0.25,0.6,0.25,0.3,0.25,0.6,0.25,0.3
638,,0.2,0.55,0.2,0.25,0.2,0.55,0.2,0.25
639,,0.15,0.5,0.15,0.2,0.15,0.5,0.15,0.2
640,,0.1,0.45,0.1,0.15,0.1,0.45,0.1,0.15
641,,0.05,0.4,0.05,0.1,0.05,0.4,0.05,0.1
642,,0.0,0.35,0.0,0.05,0.0,0.35,0.0,0.05
643,,-0.05,0.3,-0.05,0.0,-0.05,0.3,-0.05,0.0
644,7,0.2,0.479,0.1,0.179,0.2,0.621,0.95,0.321
645,7,0.45,0.658,0.25,0.358,0.45,0.942,1.0,0.642
646,,0.4,0.608,0.2,0.308,0.4,0.892,0.95,0.592
647,,0.35,0.558,0.15,0.258,0.35,0.842,0.9,0.542
648,,0.3,0.508,0.1,0.208,0.3,0.792,0.85,0.492
649,,0.25,0.458,0.05,0.158,0.25,0.742,0.8,0.442
650,,0.2,0.408,0.0,0.108,0.2,0.692,0.75,0.392
651,,0.15,0.358,-0.05,0.058,0.15,0.642,0.7,0.342
652,3,0.4,0.679,0.95,0.379,0.4,0.821,0.85,0.521
653,3,0.65,1.0,1.0,0.7,0.65,1.0,1.0,0.7
654,,0.6,0.95,0.95,0.65,0.6,0.95,0.95,0.65
655,,0.55,0.9,0.9,0.6,0.55,0.9,0.9,0.6
656,,0.5,0.85,0.85,0.55,0.5,0.85,0.85,0.55
657,,0.45,0.8,0.8,0.5,0.45,0.8,0.8,0.5
658,,0.4,0.75,0.75,0.45,0.4,0.75,0.75,0.45
659,,0.35,0.7,0.7,0.4,0.35,0.7,0.7,0.4
660,,0.3,0.65,0.65,0.35,0.3,0.65,0.65,0.35
661,,0.25,0.6,0.6,0.3,0.25,0.6,0.6,0.3
662,,0.2,0.55,0.55,0.25,0.2,0.55,0.55,0.25
663,,0.15,0.5,0.5,0.2,0.15,0.5,0.5,0.2
664,,0.1,0.45,0.45,0.15,0.1,0.45,0.45,0.15
665,,0.05,0.4,0.4,0.1,0.05,0.4,0.4,0.1
666,,0.0,0.35,0.35,0.05,0.0,0.35,0.35,0.05
667,,-0.05,0.3,0.3,0.0,-0.05,0.3,0.3,0.0
668,5,0.1,0.479,0.55,0.321,0.95,0.621,0.55,0.179
669,5,0.25,0.658,0.8,0.642,1.0,0.942,0.8,0.358
670,,0.2,0.608,0.75,0.592,0.95,0.892,0.75,0.308
671,,0.15,0.558,0.7,0.542,0.9,0.842,0.7,0.258
672,,0.1,0.508,0.65,0.492,0.85,0.792,0.65,0.208
673,,0.05,0.458,0.6,0.442,0.8,0.742,0.6,0.158
674,,0.0,0.408,0.55,0.392,0.75,0.692,0.55,0.108
675,,-0.05,0.358,0.5,0.342,0.7,0.642,0.5,0.058
676,1,0.95,0.679,0.75,0.521,0.85,0.821,0.75,0.379
677,1,1.0,1.0,1.0,0.7,1.0,1.0,1.0,0.7
678,,0.95,0.95,0.95,0.65,0.95,0.95,0.95,0.65
679,,0.9,0.9,0.9,0.6,0.9,0.9,0.9,0.6
680,,0.85,0.85,0.85,0.55,0.85,0.85,0.85,0.55
681,,0.8,0.8,0.8,0.5,0.8,0.8,0.8,0.5
682,,0.75,0.75,0.75,0.45,0.75,0.75,0.75,0.45
683,,0.7,0.7,0.7,0.4,0.7,0.7,0.7,0.4
684,,0.65,0.65,0.65,0.35,0.65,0.65,0.65,0.35
685,,0.6,0.6,0.6,0.3,0.6,0.6,0.6,0.3
686,,0.55,0.55,0.55,0.25,0.55,0.55,0.55,0.25
687,,0.5,0.5,0.5,0.2,0.5,0.5,0.5,0.2
688,,0.45,0.45,0.45,0.15,0.45,0.45,0.45,0.15
689,,0.4,0.4,0.4,0.1,0.4,0.4,0.4,0.1
690,,0.35,0.35,0.35,0.05,0.35,0.35,0.35,0.05
691,,0.3,0.3,0.3,0.0,0.3,0.3,0.3,0.0
692,,0.25,0.25,0.25,-0.05,0.25,0.25,0.25,-0.05
693,8,0.571,0.5,0.429,0.1,0.429,0.5,0.571,0.95
694,8,0.892,0.75,0.608,0.25,0.608,0.75,0.892,1.0
695,,0.842,0.7,0.558,0.2,0.558,0.7,0.842,0.95
696,,0.792,0.65,0.508,0.15,0.508,0.65,0.792,0.9
697,,0.742,0.6,0.458,0.1,0.458,0.6,0.742,0.85
698,,0.692,0.55,0.408,0.05,0.408,0.55,0.692,0.8
699,,0.642,0.5,0.358,0.0,0.358,0.5,0.642,0.75
700,,0.592,0.45,0.308,-0.05,0.308,0.45,0.592,0.7
701,4,0.771,0.7,0.629,0.95,0.629,0.7,0.771,0.85
702,4,0.95,0.95,0.95,1.0,0.95,0.95,0.95,1.0
703,,0.9,0.9,0.9,0.95,0.9,0.9,0.9,0.95
704,,0.85,0.85,0.85,0.9,0.85,0.85,0.85,0.9
705,,0.8,0.8,0.8,0.85,0.8,0.8,0.8,0.85
706,,0.75,0.75,0.75,0.8,0.75,0.75,0.75,0.8
707,,0.7,0.7,0.7,0.75,0.7,0.7,0.7,0.75
708,,0.65,0.65,0.65,0.7,0.65,0.65,0.65,0.7
709,,0.6,0.6,0.6,0.65,0.6,0.6,0.6,0.65
710,,0.55,0.55,0.55,0.6,0.55,0.55,0.55,0.6
711,,0.5,0.5,0.5,0.55,0.5,0.5,0.5,0.55
712,,0.45,0.45,0.45,0.5,0.45,0.45,0.45,0.5
713,,0.4,0.4,0.4,0.45,0.4,0.4,0.4,0.45
714,,0.35,0.35,0.35,0.4,0.35,0.35,0.35,0.4
715,,0.3,0.3,0.3,0.35,0.3,0.3,0.3,0.35
716,,0.25,0.25,0.25,0.3,0.25,0.25,0.25,0.3
717,,0.2,0.2,0.2,0.25,0.2,0.2,0.2,0.25
718,,0.15,0.15,0.15,0.2,0.15,0.15,0.15,0.2
719,,0.1,0.1,0.1,0.15,0.1,0.1,0.1,0.15
720,,0.05,0.05,0.05,0.1,0.05,0.05,0.05,0.1
721,,0.0,0.0,0.0,0.05,0.0,0.0,0.0,0.05
722,,-0.05,-0.05,-0.05,0.0,-0.05,-0.05,-0.05,0.0
723,7,0.2,0.129,0.1,0.179,0.2,0.271,0.95,0.321
724,7,0.45,0.308,0.25,0.358,0.45,0.592,1.0,0.642
725,,0.4,0.258,0.2,0.308,0.4,0.542,0.95,0.592
726,,0.35,0.208,0.15,0.258,0.35,0.492,0.9,0.542
727,,0.3,0.158,0.1,0.208,0.3,0.442,0.85,0.492
728,,0.25,0.108,0.05,0.158,0.25,0.392,0.8,0.442
729,,0.2,0.058,0.0,0.108,0.2,0.342,0.75,0.392
730,,0.15,0.008,-0.05,0.058,0.15,0.292,0.7,0.342
731,3,0.4,0.329,0.95,0.379,0.4,0.471,0.85,0.521
732,3,0.65,0.65,1.0,0.7,0.65,0.65,1.0,0.7
733,,0.6,0.6,0.95,0.65,0.6,0.6,0.95,0.65
734,,0.55,0.55,0.9,0.6,0.55,0.55,0.9,0.6
735,,0.5,0.5,0.85,0.55,0.5,0.5,0.85,0.55
736,,0.45,0.45,0.8,0.5,0.45,0.45,0.8,0.5
737,,0.4,0.4,0.75,0.45,0.4,0.4,0.75,0.45
738,,0.35,0.35,0.7,0.4,0.35,0.35,0.7,0.4
739,,0.3,0.3,0.65,0.35,0.3,0.3,0.65,0.35
740,,0.25,0.25,0.6,0.3,0.25,0.25,0.6,0.3
741,,0.2,0.2,0.55,0.25,0.2,0.2,0.55,0.25
742,,0.15,0.15,0.5,0.2,0.15,0.15,0.5,0.2
743,,0.1,0.1,0.45,0.15,0.1,0.1,0.45,0.15
744,,0.05,0.05,0.4,0.1,0.05,0.05,0.4,0.1
745,,0.0,0.0,0.35,0.05,0.0,0.0,0.35,0.05
746,,-0.05,-0.05,0.3,0.0,-0.05,-0.05,0.3,0.0
747,2,0.271,0.95,0.621,0.25,0.129,0.1,0.479,0.25
748,2,0.592,1.0,0.942,0.5,0.308,0.25,0.658,0.5
749,,0.542,0.95,0.892,0.45,0.258,0.2,0.608,0.45
750,,0.492,0.9,0.842,0.4,0.208,0.15,0.558,0.4
751,,0.442,0.85,0.792,0.35,0.158,0.1,0.508,0.35
752,,0.392,0.8,0.742,0.3,0.108,0.05,0.458,0.3
753,,0.342,0.75,0.692,0.25,0.058,0.0,0.408,0.25
754,,0.292,0.7,0.642,0.2,0.008,-0.05,0.358,0.2
755,6,0.471,0.85,0.821,0.45,0.329,0.95,0.679,0.45
756,6,0.65,1.0,1.0,0.7,0.65,1.0,1.0,0.7
757,,0.6,0.95,0.95,0.65,0.6,0.95,0.95,0.65
758,,0.55,0.9,0.9,0.6,0.55,0.9,0.9,0.6
759,,0.5,0.85,0.85,0.55,0.5,0.85,0.85,0.55
760,,0.45,0.8,0.8,0.5,0.45,0.8,0.8,0.5
761,,0.4,0.75,0.75,0.45,0.4,0.75,0.75,0.45
762,,0.35,0.7,0.7,0.4,0.35,0.7,0.7,0.4
763,,0.3,0.65,0.65,0.35,0.3,0.65,0.65,0.35
764,,0.25,0.6,0.6,0.3,0.25,0.6,0.6,0.3
765,,0.2,0.55,0.55,0.25,0.2,0.55,0.55,0.25
766,,0.15,0.5,0.5,0.2,0.15,0.5,0.5,0.2
767,,0.1,0.45,0.45,0.15,0.1,0.45,0.45,0.15
768,,0.05,0.4,0.4,0.1,0.05,0.4,0.4,0.1
769,,0.0,0.35,0.35,0.05,0.0,0.35,0.35,0.05
770,,-0.05,0.3,0.3,0.0,-0.05,0.3,0.3,0.0
771,1,0.95,0.621,0.55,0.179,0.1,0.479,0.55,0.321
772,1,1.0,0.942,0.8,0.358,0.25,0.658,0.8,0.642
773,,0.95,0.892,0.75,0.308,0.2,0.608,0.75,0.592
774,,0.9,0.842,0.7,0.258,0.15,0.558,0.7,0.542
775,,0.85,0.792,0.65,0.208,0.1,0.508,0.65,0.492
776,,0.8,0.742,0.6,0.158,0.05,0.458,0.6,0.442
777,,0.75,0.692,0.55,0.108,0.0,0.408,0.55,0.392
778,,0.7,0.642,0.5,0.058,-0.05,0.358,0.5,0.342
779,5,0.85,0.821,0.75,0.379,0.95,0.679,0.75,0.521
780,5,1.0,1.0,1.0,0.7,1.0,1.0,1.0,0.7
781,,0.95,0.95,0.95,0.65,0.95,0.95,0.95,0.65
782,,0.9,0.9,0.9,0.6,0.9,0.9,0.9,0.6
783,,0.85,0.85,0.85,0.55,0.85,0.85,0.85,0.55
784,,0.8,0.8,0.8,0.5,0.8,0.8,0.8,0.5
785,,0.75,0.75,0.75,0.45,0.75,0.75,0.75,0.45
786,,0.7,0.7,0.7,0.4,0.7,0.7,0.7,0.4
787,,0.65,0.65,0.65,0.35,0.65,0.65,0.65,0.35
788,,0.6,0.6,0.6,0.3,0.6,0.6,0.6,0.3
789,,0.55,0.55,0.55,0.25,0.55,0.55,0.55,0.25
790,,0.5,0.5,0.5,0.2,0.5,0.5,0.5,0.2
791,,0.45,0.45,0.45,0.15,0.45,0.45,0.45,0.15
792,,0.4,0.4,0.4,0.1,0.4,0.4,0.4,0.1
793,,0.35,0.35,0.35,0.05,0.35,0.35,0.35,0.05
794,,0.3,0.3,0.3,0.0,0.3,0.3,0.3,0.0
795,,0.25,0.25,0.25,-0.05,0.25,0.25,0.25,-0.05
796,8,0.571,0.5,0.429,0.1,0.429,0.5,0.571,0.95
797,8,0.892,0.75,0.608,0.25,0.608,0.75,0.892,1.0
798,,0.842,0.7,0.558,0.2,0.558,0.7,0.842,0.95
799,,0.792,0.65,0.508,0.15,0.508,0.65,0.792,0.9
800,,0.742,0.6,0.458,0.1,0.458,0.6,0.742,0.85
801,,0.692,0.55,0.408,0.05,0.408,0.55,0.692,0.8
802,,0.642,0.5,0.358,0.0,0.358,0.5,0.642,0.75
803,,0.592,0.45,0.308,-0.05,0.308,0.45,0.592,0.7
804,4,0.771,0.7,0.629,0.95,0.629,0.7,0.771,0.85
805,4,0.95,0.95,0.95,1.0,0.95,0.95,0.95,1.0
806,,0.9,0.9,0.9,0.95,0.9,0.9,0.9,0.95
807,,0.85,0.85,0.85,0.9,0.85,0.85,0.85,0.9
808,,0.8,0.8,0.8,0.85,0.8,0.8,0.8,0.85
809,,0.75,0.75,0.75,0.8,0.75,0.75,0.75,0.8
810,,0.7,0.7,0.7,0.75,0.7,0.7,0.7,0.75
811,,0.65,0.65,0.65,0.7,0.65,0.65,0.65,0.7
812,,0.6,0.6,0.6,0.65,0.6,0.6,0.6,0.65
813,,0.55,0.55,0.55,0.6,0.55,0.55,0.55,0.6
814,,0.5,0.5,0.5,0.55,0.5,0.5,0.5,0.55
815,,0.45,0.45,0.45,0.5,0.45,0.45,0.45,0.5
816,,0.4,0.4,0.4,0.45,0.4,0.4,0.4,0.45
817,,0.35,0.35,0.35,0.4,0.35,0.35,0.35,0.4
818,,0.3,0.3,0.3,0.35,0.3,0.3,0.3,0.35
819,,0.25,0.25,0.25,0.3,0.25,0.25,0.25,0.3
820,,0.2,0.2,0.2,0.25,0.2,0.2,0.2,0.25
821,,0.15,0.15,0.15,0.2,0.15,0.15,0.15,0.2
822,,0.1,0.1,0.1,0.15,0.1,0.1,0.1,0.15
823,,0.05,0.05,0.05,0.1,0.05,0.05,0.05,0.1
824,,0.0,0.0,0.0,0.05,0.0,0.0,0.0,0.05
825,,-0.05,-0.05,-0.05,0.0,-0.05,-0.05,-0.05,0.0
826,3,0.2,0.271,0.95,0.321,0.2,0.129,0.1,0.179
827,3,0.45,0.592,1.0,0.642,0.45,0.308,0.25,0.358
828,,0.4,0.542,0.95,0.592,0.4,0.258,0.2,0.308
829,,0.35,0.492,0.9,0.542,0.35,0.208,0.15,0.258
830,,0.3,0.442,0.85,0.492,0.3,0.158,0.1,0.208
831,,0.25,0.392,0.8,0.442,0.25,0.108,0.05,0.158
832,,0.2,0.342,0.75,0.392,0.2,0.058,0.0,0.108
833,,0.15,0.292,0.7,0.342,0.15,0.008,-0.05,0.058
834,7,0.4,0.471,0.85,0.521,0.4,0.329,0.95,0.379
835,7,0.65,0.65,1.0,0.7,0.65,0.65,1.0,0.7
836,,0.6,0.6,0.95,0.65,0.6,0.6,0.95,0.65
837,,0.55,0.55,0.9,0.6,0.55,0.55,0.9,0.6
838,,0.5,0.5,0.85,0.55,0.5,0.5,0.85,0.55
839,,0.45,0.45,0.8,0.5,0.45,0.45,0.8,0.5
840,,0.4,0.4,0.75,0.45,0.4,0.4,0.75,0.45
841,,0.35,0.35,0.7,0.4,0.35,0.35,0.7,0.4
842,,0.3,0.3,0.65,0.35,0.3,0.3,0.65,0.35
843,,0.25,0.25,0.6,0.3,0.25,0.25,0.6,0.3
844,,0.2,0.2,0.55,0.25,0.2,0.2,0.55,0.25
845,,0.15,0.15,0.5,0.2,0.15,0.15,0.5,0.2
846,,0.1,0.1,0.45,0.15,0.1,0.1,0.45,0.15
847,,0.05,0.05,0.4,0.1,0.05,0.05,0.4,0.1
848,,0.0,0.0,0.35,0.05,0.0,0.0,0.35,0.05
849,,-0.05,-0.05,0.3,0.0,-0.05,-0.05,0.3,0.0
850,6,0.129,0.1,0.479,0.25,0.271,0.95,0.621,0.25
851,6,0.308,0.25,0.658,0.5,0.592,1.0,0.942,0.5
852,,0.258,0.2,0.608,0.45,0.542,0.95,0.892,0.45
853,,0.208,0.15,0.558,0.4,0.492,0.9,0.842,0.4
854,,0.158,0.1,0.508,0.35,0.442,0.85,0.792,0.35
855,,0.108,0.05,0.458,0.3,0.392,0.8,0.742,0.3
856,,0.058,0.0,0.408,0.25,0.342,0.75,0.692,0.25
857,,0.008,-0.05,0.358,0.2,0.292,0.7,0.642,0.2
858,2,0.329,0.95,0.679,0.45,0.471,0.85,0.821,0.45
859,2,0.65,1.0,1.0,0.7,0.65,1.0,1.0,0.7
860,,0.6,0.95,0.95,0.65,0.6,0.95,0.95,0.65
861,,0.55,0.9,0.9,0.6,0.55,0.9,0.9,0.6
862,,0.5,0.85,0.85,0.55,0.5,0.85,0.85,0.55
863,,0.45,0.8,0.8,0.5,0.45,0.8,0.8,0.5
864,,0.4,0.75,0.75,0.45,0.4,0.75,0.75,0.45
865,,0.35,0.7,0.7,0.4,0.35,0.7,0.7,0.4
866,,0.3,0.65,0.65,0.35,0.3,0.65,0.65,0.35
867,,0.25,0.6,0.6,0.3,0.25,0.6,0.6,0.3
868,,0.2,0.55,0.55,0.25,0.2,0.55,0.55,0.25
869,,0.15,0.5,0.5,0.2,0.15,0.5,0.5,0.2
870,,0.1,0.45,0.45,0.15,0.1,0.45,0.45,0.15
871,,0.05,0.4,0.4,0.1,0.05,0.4,0.4,0.1
872,,0.0,0.35,0.35,0.05,0.0,0.35,0.35,0.05
873,,-0.05,0.3,0.3,0.0,-0.05,0.3,0.3,0.0
874,1,0.95,0.621,0.55,0.179,0.1,0.479,0.55,0.321
875,1,1.0,0.942,0.8,0.358,0.25,0.658,0.8,0.642
876,,0.95,0.892,0.75,0.308,0.2,0.608,0.75,0.592
877,,0.9,0.842,0.7,0.258,0.15,0.558,0.7,0.542
878,,0.85,0.792,0.65,0.208,0.1,0.508,0.65,0.492
879,,0.8,0.742,0.6,0.158,0.05,0.458,0.6,0.442
880,,0.75,0.692,0.55,0.108,0.0,0.408,0.55,0.392
881,,0.7,0.642,0.5,0.058,-0.05,0.358,0.5,0.342
882,5,0.85,0.821,0.75,0.379,0.95,0.679,0.75,0.521
883,5,1.0,1.0,1.0,0.7,1.0,1.0,1.0,0.7
884,,0.95,0.95,0.95,0.65,0.95,0.95,0.95,0.65
885,,0.9,0.9,0.9,0.6,0.9,0.9,0.9,0.6
886,,0.85,0.85,0.85,0.55,0.85,0.85,0.85,0.55
887,,0.8,0.8,0.8,0.5,0.8,0.8,0.8,0.5
888,,0.75,0.75,0.75,0.45,0.75,0.75,0.75,0.45
889,,0.7,0.7,0.7,0.4,0.7,0.7,0.7,0.4
890,,0.65,0.65,0.65,0.35,0.65,0.65,0.65,0.35
891,,0.6,0.6,0.6,0.3,0.6,0.6,0.6,0.3
892,,0.55,0.55,0.55,0.25,0.55,0.55,0.55,0.25
893,,0.5,0.5,0.5,0.2,0.5,0.5,0.5,0.2
894,,0.45,0.45,0.45,0.15,0.45,0.45,0.45,0.15
895,,0.4,0.4,0.4,0.1,0.4,0.4,0.4,0.1
896,,0.35,0.35,0.35,0.05,0.35,0.35,0.35,0.05
