step,active_motive,motive_1,motive_2,motive_3,motive_4,motive_5,motive_6,motive_7,motive_8
0,,0.06515,0.02067,0.0274,0.02146,0.03773,0.0039,0.06183,0.03366
1,,0.01515,-0.02933,-0.0226,-0.02854,-0.01227,-0.0461,0.01183,-0.01634
2,6,0.19415,0.12067,0.1564,0.22146,0.30873,0.9539,0.33283,0.23366
3,6,0.37315,0.27067,0.3354,0.47146,0.62973,1.0,0.65383,0.48366
4,,0.32315,0.22067,0.2854,0.42146,0.57973,0.95,0.60383,0.43366
5,,0.27315,0.17067,0.2354,0.37146,0.52973,0.9,0.55383,0.38366
6,,0.22315,0.12067,0.1854,0.32146,0.47973,0.85,0.50383,0.33366
7,,0.17315,0.07067,0.1354,0.27146,0.42973,0.8,0.45383,0.28366
8,,0.12315,0.02067,0.0854,0.22146,0.37973,0.75,0.40383,0.23366
9,,0.07315,-0.02933,0.0354,0.17146,0.32973,0.7,0.35383,0.18366
10,2,0.39415,0.97067,0.3564,0.42146,0.50873,0.85,0.53283,0.43366
11,2,0.71515,1.0,0.6774,0.67146,0.68773,1.0,0.71183,0.68366
12,,0.66515,0.95,0.6274,0.62146,0.63773,0.95,0.66183,0.63366
13,,0.61515,0.9,0.5774,0.57146,0.58773,0.9,0.61183,0.58366
14,,0.56515,0.85,0.5274,0.52146,0.53773,0.85,0.56183,0.53366
15,,0.51515,0.8,0.4774,0.47146,0.48773,0.8,0.51183,0.48366
16,,0.46515,0.75,0.4274,0.42146,0.43773,0.75,0.46183,0.43366
17,,0.41515,0.7,0.3774,0.37146,0.38773,0.7,0.41183,0.38366
18,,0.36515,0.65,0.3274,0.32146,0.33773,0.65,0.36183,0.33366
19,,0.31515,0.6,0.2774,0.27146,0.28773,0.6,0.31183,0.28366
20,,0.26515,0.55,0.2274,0.22146,0.23773,0.55,0.26183,0.23366
21,,0.21515,0.5,0.1774,0.17146,0.18773,0.5,0.21183,0.18366
22,,0.16515,0.45,0.1274,0.12146,0.13773,0.45,0.16183,0.13366
23,,0.11515,0.4,0.0774,0.07146,0.08773,0.4,0.11183,0.08366
24,,0.06515,0.35,0.0274,0.02146,0.03773,0.35,0.06183,0.03366
25,,0.01515,0.3,-0.0226,-0.02854,-0.01227,0.3,0.01183,-0.01634
26,4,0.19415,0.55,0.2984,0.97146,0.30873,0.55,0.19083,0.13366
27,4,0.37315,0.8,0.6194,1.0,0.62973,0.8,0.36983,0.28366
28,,0.32315,0.75,0.5694,0.95,0.57973,0.75,0.31983,0.23366
29,,0.27315,0.7,0.5194,0.9,0.52973,0.7,0.26983,0.18366
30,,0.22315,0.65,0.4694,0.85,0.47973,0.65,0.21983,0.13366
31,,0.17315,0.6,0.4194,0.8,0.42973,0.6,0.16983,0.08366
32,,0.12315,0.55,0.3694,0.75,0.37973,0.55,0.11983,0.03366
33,,0.07315,0.5,0.3194,0.7,0.32973,0.5,0.06983,-0.01634
34,8,0.39415,0.75,0.4984,0.85,0.50873,0.75,0.39083,0.98366
35,8,0.71515,1.0,0.6774,1.0,0.68773,1.0,0.71183,1.0
36,,0.66515,0.95,0.6274,0.95,0.63773,0.95,0.66183,0.95
37,,0.61515,0.9,0.5774,0.9,0.58773,0.9,0.61183,0.9
38,,0.56515,0.85,0.5274,0.85,0.53773,0.85,0.56183,0.85
39,,0.51515,0.8,0.4774,0.8,0.48773,0.8,0.51183,0.8
40,,0.46515,0.75,0.4274,0.75,0.43773,0.75,0.46183,0.75
41,,0.41515,0.7,0.3774,0.7,0.38773,0.7,0.41183,0.7
42,,0.36515,0.65,0.3274,0.65,0.33773,0.65,0.36183,0.65
43,,0.31515,0.6,0.2774,0.6,0.28773,0.6,0.31183,0.6
44,,0.26515,0.55,0.2274,0.55,0.23773,0.55,0.26183,0.55
45,,0.21515,0.5,0.1774,0.5,0.18773,0.5,0.21183,0.5
46,,0.16515,0.45,0.1274,0.45,0.13773,0.45,0.16183,0.45
47,,0.11515,0.4,0.0774,0.4,0.08773,0.4,0.11183,0.4
48,,0.06515,0.35,0.0274,0.35,0.03773,0.35,0.06183,0.35
49,,0.01515,0.3,-0.0226,0.3,-0.01227,0.3,0.01183,0.3
50,3,0.26515,0.621,0.9774,0.621,0.23773,0.479,0.16183,0.479
51,3,0.51515,0.942,1.0,0.942,0.48773,0.658,0.31183,0.658
52,,0.46515,0.892,0.95,0.892,0.43773,0.608,0.26183,0.608
53,,0.41515,0.842,0.9,0.842,0.38773,0.558,0.21183,0.558
54,,0.36515,0.792,0.85,0.792,0.33773,0.508,0.16183,0.508
55,,0.31515,0.742,0.8,0.742,0.28773,0.458,0.11183,0.458
56,,0.26515,0.692,0.75,0.692,0.23773,0.408,0.06183,0.408
57,,0.21515,0.642,0.7,0.642,0.18773,0.358,0.01183,0.358
58,,0.16515,0.592,0.65,0.592,0.13773,0.308,-0.03817,0.308
59,7,0.41515,0.771,0.8,0.771,0.38773,0.629,0.96183,0.629
60,7,0.66515,0.95,0.95,0.95,0.63773,0.95,1.0,0.95
61,,0.61515,0.9,0.9,0.9,0.58773,0.9,0.95,0.9
62,,0.56515,0.85,0.85,0.85,0.53773,0.85,0.9,0.85
63,,0.51515,0.8,0.8,0.8,0.48773,0.8,0.85,0.8
64,,0.46515,0.75,0.75,0.75,0.43773,0.75,0.8,0.75
65,,0.41515,0.7,0.7,0.7,0.38773,0.7,0.75,0.7
66,,0.36515,0.65,0.65,0.65,0.33773,0.65,0.7,0.65
67,,0.31515,0.6,0.6,0.6,0.28773,0.6,0.65,0.6
68,,0.26515,0.55,0.55,0.55,0.23773,0.55,0.6,0.55
69,,0.21515,0.5,0.5,0.5,0.18773,0.5,0.55,0.5
70,,0.16515,0.45,0.45,0.45,0.13773,0.45,0.5,0.45
71,,0.11515,0.4,0.4,0.4,0.08773,0.4,0.45,0.4
72,,0.06515,0.35,0.35,0.35,0.03773,0.35,0.4,0.35
73,,0.01515,0.3,0.3,0.3,-0.01227,0.3,0.35,0.3
74,5,0.16515,0.479,0.55,0.621,0.98773,0.621,0.6,0.479
75,5,0.31515,0.658,0.8,0.942,1.0,0.942,0.85,0.658
76,,0.26515,0.608,0.75,0.892,0.95,0.892,0.8,0.608
77,,0.21515,0.558,0.7,0.842,0.9,0.842,0.75,0.558
78,,0.16515,0.508,0.65,0.792,0.85,0.792,0.7,0.508
79,,0.11515,0.458,0.6,0.742,0.8,0.742,0.65,0.458
80,,0.06515,0.408,0.55,0.692,0.75,0.692,0.6,0.408
81,,0.01515,0.358,0.5,0.642,0.7,0.642,0.55,0.358
82,,-0.03485,0.308,0.45,0.592,0.65,0.592,0.5,0.308
83,1,0.96515,0.629,0.7,0.771,0.8,0.771,0.75,0.629
84,1,1.0,0.95,0.95,0.95,0.95,0.95,1.0,0.95
85,,0.95,0.9,0.9,0.9,0.9,0.9,0.95,0.9
86,,0.9,0.85,0.85,0.85,0.85,0.85,0.9,0.85
87,,0.85,0.8,0.8,0.8,0.8,0.8,0.85,0.8
88,,0.8,0.75,0.75,0.75,0.75,0.75,0.8,0.75
89,,0.75,0.7,0.7,0.7,0.7,0.7,0.75,0.7
90,,0.7,0.65,0.65,0.65,0.65,0.65,0.7,0.65
91,,0.65,0.6,0.6,0.6,0.6,0.6,0.65,0.6
92,,0.6,0.55,0.55,0.55,0.55,0.55,0.6,0.55
93,,0.55,0.5,0.5,0.5,0.5,0.5,0.55,0.5
94,,0.5,0.45,0.45,0.45,0.45,0.45,0.5,0.45
95,,0.45,0.4,0.4,0.4,0.4,0.4,0.45,0.4
96,,0.4,0.35,0.35,0.35,0.35,0.35,0.4,0.35
97,,0.35,0.3,0.3,0.3,0.3,0.3,0.35,0.3
98,,0.3,0.25,0.25,0.25,0.25,0.25,0.3,0.25
99,,0.25,0.2,0.2,0.2,0.2,0.2,0.25,0.2
100,,0.2,0.15,0.15,0.15,0.15,0.15,0.2,0.15
101,,0.15,0.1,0.1,0.1,0.1,0.1,0.15,0.1
102,,0.1,0.05,0.05,0.05,0.05,0.05,0.1,0.05
103,,0.05,0.0,0.0,0.0,0.0,0.0,0.05,0.0
104,,0.0,-0.05,-0.05,-0.05,-0.05,-0.05,0.0,-0.05
105,3,0.25,0.271,0.95,0.271,0.2,0.129,0.15,0.129
106,3,0.5,0.592,1.0,0.592,0.45,0.308,0.3,0.308
107,,0.45,0.542,0.95,0.542,0.4,0.258,0.25,0.258
108,,0.4,0.492,0.9,0.492,0.35,0.208,0.2,0.208
109,,0.35,0.442,0.85,0.442,0.3,0.158,0.15,0.158
110,,0.3,0.392,0.8,0.392,0.25,0.108,0.1,0.108
111,,0.25,0.342,0.75,0.342,0.2,0.058,0.05,0.058
112,,0.2,0.292,0.7,0.292,0.15,0.008,0.0,0.008
113,,0.15,0.242,0.65,0.242,0.1,-0.042,-0.05,-0.042
114,7,0.4,0.421,0.8,0.421,0.35,0.279,0.95,0.279
115,7,0.65,0.6,0.95,0.6,0.6,0.6,1.0,0.6
116,,0.6,0.55,0.9,0.55,0.55,0.55,0.95,0.55
117,,0.55,0.5,0.85,0.5,0.5,0.5,0.9,0.5
118,,0.5,0.45,0.8,0.45,0.45,0.45,0.85,0.45
119,,0.45,0.4,0.75,0.4,0.4,0.4,0.8,0.4
120,,0.4,0.35,0.7,0.35,0.35,0.35,0.75,0.35
121,,0.35,0.3,0.65,0.3,0.3,0.3,0.7,0.3
122,,0.3,0.25,0.6,0.25,0.25,0.25,0.65,0.25
123,,0.25,0.2,0.55,0.2,0.2,0.2,0.6,0.2
124,,0.2,0.15,0.5,0.15,0.15,0.15,0.55,0.15
125,,0.15,0.1,0.45,0.1,0.1,0.1,0.5,0.1
126,,0.1,0.05,0.4,0.05,0.05,0.05,0.45,0.05
127,,0.05,0.0,0.35,0.0,0.0,0.0,0.4,0.0
128,,0.0,-0.05,0.3,-0.05,-0.05,-0.05,0.35,-0.05
129,8,0.321,0.2,0.479,0.1,0.129,0.2,0.671,0.95
130,8,0.642,0.45,0.658,0.25,0.308,0.45,0.992,1.0
131,,0.592,0.4,0.608,0.2,0.258,0.4,0.942,0.95
132,,0.542,0.35,0.558,0.15,0.208,0.35,0.892,0.9
133,,0.492,0.3,0.508,0.1,0.158,0.3,0.842,0.85
134,,0.442,0.25,0.458,0.05,0.108,0.25,0.792,0.8
135,,0.392,0.2,0.408,0.0,0.058,0.2,0.742,0.75
136,,0.342,0.15,0.358,-0.05,0.008,0.15,0.692,0.7
137,4,0.521,0.4,0.679,0.95,0.329,0.4,0.871,0.85
138,4,0.7,0.65,1.0,1.0,0.65,0.65,1.0,1.0
139,,0.65,0.6,0.95,0.95,0.6,0.6,0.95,0.95
140,,0.6,0.55,0.9,0.9,0.55,0.55,0.9,0.9
141,,0.55,0.5,0.85,0.85,0.5,0.5,0.85,0.85
142,,0.5,0.45,0.8,0.8,0.45,0.45,0.8,0.8
143,,0.45,0.4,0.75,0.75,0.4,0.4,0.75,0.75
144,,0.4,0.35,0.7,0.7,0.35,0.35,0.7,0.7
145,,0.35,0.3,0.65,0.65,0.3,0.3,0.65,0.65
146,,0.3,0.25,0.6,0.6,0.25,0.25,0.6,0.6
147,,0.25,0.2,0.55,0.55,0.2,0.2,0.55,0.55
148,,0.2,0.15,0.5,0.5,0.15,0.15,0.5,0.5
149,,0.15,0.1,0.45,0.45,0.1,0.1,0.45,0.45
150,,0.1,0.05,0.4,0.4,0.05,0.05,0.4,0.4
151,,0.05,0.0,0.35,0.35,0.0,0.0,0.35,0.35
152,,0.0,-0.05,0.3,0.3,-0.05,-0.05,0.3,0.3
153,5,0.15,0.129,0.55,0.621,0.95,0.271,0.55,0.479
154,5,0.3,0.308,0.8,0.942,1.0,0.592,0.8,0.658
155,,0.25,0.258,0.75,0.892,0.95,0.542,0.75,0.608
156,,0.2,0.208,0.7,0.842,0.9,0.492,0.7,0.558
157,,0.15,0.158,0.65,0.792,0.85,0.442,0.65,0.508
158,,0.1,0.108,0.6,0.742,0.8,0.392,0.6,0.458
159,,0.05,0.058,0.55,0.692,0.75,0.342,0.55,0.408
160,,0.0,0.008,0.5,0.642,0.7,0.292,0.5,0.358
161,,-0.05,-0.042,0.45,0.592,0.65,0.242,0.45,0.308
162,1,0.95,0.279,0.7,0.771,0.8,0.421,0.7,0.629
163,1,1.0,0.6,0.95,0.95,0.95,0.6,0.95,0.95
164,,0.95,0.55,0.9,0.9,0.9,0.55,0.9,0.9
165,,0.9,0.5,0.85,0.85,0.85,0.5,0.85,0.85
166,,0.85,0.45,0.8,0.8,0.8,0.45,0.8,0.8
167,,0.8,0.4,0.75,0.75,0.75,0.4,0.75,0.75
168,,0.75,0.35,0.7,0.7,0.7,0.35,0.7,0.7
169,,0.7,0.3,0.65,0.65,0.65,0.3,0.65,0.65
170,,0.65,0.25,0.6,0.6,0.6,0.25,0.6,0.6
171,,0.6,0.2,0.55,0.55,0.55,0.2,0.55,0.55
172,,0.55,0.15,0.5,0.5,0.5,0.15,0.5,0.5
173,,0.5,0.1,0.45,0.45,0.45,0.1,0.45,0.45
174,,0.45,0.05,0.4,0.4,0.4,0.05,0.4,0.4
175,,0.4,0.0,0.35,0.35,0.35,0.0,0.35,0.35
176,,0.35,-0.05,0.3,0.3,0.3,-0.05,0.3,0.3
177,6,0.529,0.1,0.479,0.55,0.621,0.95,0.621,0.55
178,6,0.708,0.25,0.658,0.8,0.942,1.0,0.942,0.8
179,,0.658,0.2,0.608,0.75,0.892,0.95,0.892,0.75
180,,0.608,0.15,0.558,0.7,0.842,0.9,0.842,0.7
181,,0.558,0.1,0.508,0.65,0.792,0.85,0.792,0.65
182,,0.508,0.05,0.458,0.6,0.742,0.8,0.742,0.6
183,,0.458,0.0,0.408,0.55,0.692,0.75,0.692,0.55
184,,0.408,-0.05,0.358,0.5,0.642,0.7,0.642,0.5
185,2,0.729,0.95,0.679,0.75,0.821,0.85,0.821,0.75
186,2,1.0,1.0,1.0,1.0,1.0,1.0,1.0,1.0
187,,0.95,0.95,0.95,0.95,0.95,0.95,0.95,0.95
188,,0.9,0.9,0.9,0.9,0.9,0.9,0.9,0.9
189,,0.85,0.85,0.85,0.85,0.85,0.85,0.85,0.85
190,,0.8,0.8,0.8,0.8,0.8,0.8,0.8,0.8
191,,0.75,0.75,0.75,0.75,0.75,0.75,0.75,0.75
192,,0.7,0.7,0.7,0.7,0.7,0.7,0.7,0.7
193,,0.65,0.65,0.65,0.65,0.65,0.65,0.65,0.65
194,,0.6,0.6,0.6,0.6,0.6,0.6,0.6,0.6
195,,0.55,0.55,0.55,0.55,0.55,0.55,0.55,0.55
196,,0.5,0.5,0.5,0.5,0.5,0.5,0.5,0.5
197,,0.45,0.45,0.45,0.45,0.45,0.45,0.45,0.45
198,,0.4,0.4,0.4,0.4,0.4,0.4,0.4,0.4
199,,0.35,0.35,0.35,0.35,0.35,0.35,0.35,0.35
200,,0.3,0.3,0.3,0.3,0.3,0.3,0.3,0.3
201,,0.25,0.25,0.25,0.25,0.25,0.25,0.25,0.25
202,,0.2,0.2,0.2,0.2,0.2,0.2,0.2,0.2
203,,0.15,0.15,0.15,0.15,0.15,0.15,0.15,0.15
204,,0.1,0.1,0.1,0.1,0.1,0.1,0.1,0.1
205,,0.05,0.05,0.05,0.05,0.05,0.05,0.05,0.05
206,,0.0,0.0,0.0,0.0,0.0,0.0,0.0,0.0
207,,-0.05,-0.05,-0.05,-0.05,-0.05,-0.05,-0.05,-0.05
208,2,0.271,0.95,0.271,0.2,0.129,0.1,0.129,0.2
209,2,0.592,1.0,0.592,0.45,0.308,0.25,0.308,0.45
210,,0.542,0.95,0.542,0.4,0.258,0.2,0.258,0.4
211,,0.492,0.9,0.492,0.35,0.208,0.15,0.208,0.35
212,,0.442,0.85,0.442,0.3,0.158,0.1,0.158,0.3
213,,0.392,0.8,0.392,0.25,0.108,0.05,0.108,0.25
214,,0.342,0.75,0.342,0.2,0.058,0.0,0.058,0.2
215,,0.292,0.7,0.292,0.15,0.008,-0.05,0.008,0.15
216,6,0.471,0.85,0.471,0.4,0.329,0.95,0.329,0.4
217,6,0.65,1.0,0.65,0.65,0.65,1.0,0.65,0.65
218,,0.6,0.95,0.6,0.6,0.6,0.95,0.6,0.6
219,,0.55,0.9,0.55,0.55,0.55,0.9,0.55,0.55
220,,0.5,0.85,0.5,0.5,0.5,0.85,0.5,0.5
221,,0.45,0.8,0.45,0.45,0.45,0.8,0.45,0.45
222,,0.4,0.75,0.4,0.4,0.4,0.75,0.4,0.4
223,,0.35,0.7,0.35,0.35,0.35,0.7,0.35,0.35
224,,0.3,0.65,0.3,0.3,0.3,0.65,0.3,0.3
225,,0.25,0.6,0.25,0.25,0.25,0.6,0.25,0.25
226,,0.2,0.55,0.2,0.2,0.2,0.55,0.2,0.2
227,,0.15,0.5,0.15,0.15,0.15,0.5,0.15,0.15
228,,0.1,0.45,0.1,0.1,0.1,0.45,0.1,0.1
229,,0.05,0.4,0.05,0.05,0.05,0.4,0.05,0.05
230,,0.0,0.35,0.0,0.0,0.0,0.35,0.0,0.0
231,,-0.05,0.3,-0.05,-0.05,-0.05,0.3,-0.05,-0.05
232,8,0.271,0.55,0.129,0.1,0.129,0.55,0.271,0.95
233,8,0.592,0.8,0.308,0.25,0.308,0.8,0.592,1.0
234,,0.542,0.75,0.258,0.2,0.258,0.75,0.542,0.95
235,,0.492,0.7,0.208,0.15,0.208,0.7,0.492,0.9
236,,0.442,0.65,0.158,0.1,0.158,0.65,0.442,0.85
237,,0.392,0.6,0.108,0.05,0.108,0.6,0.392,0.8
238,,0.342,0.55,0.058,0.0,0.058,0.55,0.342,0.75
239,,0.292,0.5,0.008,-0.05,0.008,0.5,0.292,0.7
240,4,0.471,0.75,0.329,0.95,0.329,0.75,0.471,0.85
241,4,0.65,1.0,0.65,1.0,0.65,1.0,0.65,1.0
242,,0.6,0.95,0.6,0.95,0.6,0.95,0.6,0.95
243,,0.55,0.9,0.55,0.9,0.55,0.9,0.55,0.9
244,,0.5,0.85,0.5,0.85,0.5,0.85,0.5,0.85
245,,0.45,0.8,0.45,0.8,0.45,0.8,0.45,0.8
246,,0.4,0.75,0.4,0.75,0.4,0.75,0.4,0.75
247,,0.35,0.7,0.35,0.7,0.35,0.7,0.35,0.7
248,,0.3,0.65,0.3,0.65,0.3,0.65,0.3,0.65
249,,0.25,0.6,0.25,0.6,0.25,0.6,0.25,0.6
250,,0.2,0.55,0.2,0.55,0.2,0.55,0.2,0.55
251,,0.15,0.5,0.15,0.5,0.15,0.5,0.15,0.5
252,,0.1,0.45,0.1,0.45,0.1,0.45,0.1,0.45
253,,0.05,0.4,0.05,0.4,0.05,0.4,0.05,0.4
254,,0.0,0.35,0.0,0.35,0.0,0.35,0.0,0.35
255,,-0.05,0.3,-0.05,0.3,-0.05,0.3,-0.05,0.3
256,3,0.2,0.621,0.95,0.621,0.2,0.479,0.1,0.479
257,3,0.45,0.942,1.0,0.942,0.45,0.658,0.25,0.658
258,,0.4,0.892,0.95,0.892,0.4,0.608,0.2,0.608
259,,0.35,0.842,0.9,0.842,0.35,0.558,0.15,0.558
260,,0.3,0.792,0.85,0.792,0.3,0.508,0.1,0.508
261,,0.25,0.742,0.8,0.742,0.25,0.458,0.05,0.458
262,,0.2,0.692,0.75,0.692,0.2,0.408,0.0,0.408
263,,0.15,0.642,0.7,0.642,0.15,0.358,-0.05,0.358
264,7,0.4,0.821,0.85,0.821,0.4,0.679,0.95,0.679
265,7,0.65,1.0,1.0,1.0,0.65,1.0,1.0,1.0
266,,0.6,0.95,0.95,0.95,0.6,0.95,0.95,0.95
267,,0.55,0.9,0.9,0.9,0.55,0.9,0.9,0.9
268,,0.5,0.85,0.85,0.85,0.5,0.85,0.85,0.85
269,,0.45,0.8,0.8,0.8,0.45,0.8,0.8,0.8
270,,0.4,0.75,0.75,0.75,0.4,0.75,0.75,0.75
271,,0.35,0.7,0.7,0.7,0.35,0.7,0.7,0.7
272,,0.3,0.65,0.65,0.65,0.3,0.65,0.65,0.65
273,,0.25,0.6,0.6,0.6,0.25,0.6,0.6,0.6
274,,0.2,0.55,0.55,0.55,0.2,0.55,0.55,0.55
275,,0.15,0.5,0.5,0.5,0.15,0.5,0.5,0.5
276,,0.1,0.45,0.45,0.45,0.1,0.45,0.45,0.45
277,,0.05,0.4,0.4,0.4,0.05,0.4,0.4,0.4
278,,0.0,0.35,0.35,0.35,0.0,0.35,0.35,0.35
279,,-0.05,0.3,0.3,0.3,-0.05,0.3,0.3,0.3
280,1,0.95,0.621,0.55,0.479,0.1,0.479,0.55,0.621
281,1,1.0,0.942,0.8,0.658,0.25,0.658,0.8,0.942
282,,0.95,0.892,0.75,0.608,0.2,0.608,0.75,0.892
283,,0.9,0.842,0.7,0.558,0.15,0.558,0.7,0.842
284,,0.85,0.792,0.65,0.508,0.1,0.508,0.65,0.792
285,,0.8,0.742,0.6,0.458,0.05,0.458,0.6,0.742
286,,0.75,0.692,0.55,0.408,0.0,0.408,0.55,0.692
287,,0.7,0.642,0.5,0.358,-0.05,0.358,0.5,0.642
288,5,0.85,0.821,0.75,0.679,0.95,0.679,0.75,0.821
289,5,1.0,1.0,1.0,1.0,1.0,1.0,1.0,1.0
290,,0.95,0.95,0.95,0.95,0.95,0.95,0.95,0.95
291,,0.9,0.9,0.9,0.9,0.9,0.9,0.9,0.9
292,,0.85,0.85,0.85,0.85,0.85,0.85,0.85,0.85
293,,0.8,0.8,0.8,0.8,0.8,0.8,0.8,0.8
294,,0.75,0.75,0.75,0.75,0.75,0.75,0.75,0.75
295,,0.7,0.7,0.7,0.7,0.7,0.7,0.7,0.7
296,,0.65,0.65,0.65,0.65,0.65,0.65,0.65,0.65
297,,0.6,0.6,0.6,0.6,0.6,0.6,0.6,0.6
298,,0.55,0.55,0.55,0.55,0.55,0.55,0.55,0.55
299,,0.5,0.5,0.5,0.5,0.5,0.5,0.5,0.5
300,,0.45,0.45,0.45,0.45,0.45,0.45,0.45,0.45
301,,0.4,0.4,0.4,0.4,0.4,0.4,0.4,0.4
302,,0.35,0.35,0.35,0.35,0.35,0.35,0.35,0.35
303,,0.3,0.3,0.3,0.3,0.3,0.3,0.3,0.3
304,,0.25,0.25,0.25,0.25,0.25,0.25,0.25,0.25
305,,0.2,0.2,0.2,0.2,0.2,0.2,0.2,0.2
306,,0.15,0.15,0.15,0.15,0.15,0.15,0.15,0.15
307,,0.1,0.1,0.1,0.1,0.1,0.1,0.1,0.1
308,,0.05,0.05,0.05,0.05,0.05,0.05,0.05,0.05
309,,0.0,0.0,0.0,0.0,0.0,0.0,0.0,0.0
310,,-0.05,-0.05,-0.05,-0.05,-0.05,-0.05,-0.05,-0.05
311,1,0.95,0.271,0.2,0.129,0.1,0.129,0.2,0.271
312,1,1.0,0.592,0.45,0.308,0.25,0.308,0.45,0.592
313,,0.95,0.542,0.4,0.258,0.2,0.258,0.4,0.542
314,,0.9,0.492,0.35,0.208,0.15,0.208,0.35,0.492
315,,0.85,0.442,0.3,0.158,0.1,0.158,0.3,0.442
316,,0.8,0.392,0.25,0.108,0.05,0.108,0.25,0.392
317,,0.75,0.342,0.2,0.058,0.0,0.058,0.2,0.342
318,,0.7,0.292,0.15,0.008,-0.05,0.008,0.15,0.292
319,5,0.85,0.471,0.4,0.329,0.95,0.329,0.4,0.471
320,5,1.0,0.65,0.65,0.65,1.0,0.65,0.65,0.65
321,,0.95,0.6,0.6,0.6,0.95,0.6,0.6,0.6
322,,0.9,0.55,0.55,0.55,0.9,0.55,0.55,0.55
323,,0.85,0.5,0.5,0.5,0.85,0.5,0.5,0.5
324,,0.8,0.45,0.45,0.45,0.8,0.45,0.45,0.45
325,,0.75,0.4,0.4,0.4,0.75,0.4,0.4,0.4
326,,0.7,0.35,0.35,0.35,0.7,0.35,0.35,0.35
327,,0.65,0.3,0.3,0.3,0.65,0.3,0.3,0.3
328,,0.6,0.25,0.25,0.25,0.6,0.25,0.25,0.25
329,,0.55,0.2,0.2,0.2,0.55,0.2,0.2,0.2
330,,0.5,0.15,0.15,0.15,0.5,0.15,0.15,0.15
331,,0.45,0.1,0.1,0.1,0.45,0.1,0.1,0.1
332,,0.4,0.05,0.05,0.05,0.4,0.05,0.05,0.05
333,,0.35,0.0,0.0,0.0,0.35,0.0,0.0,0.0
334,,0.3,-0.05,-0.05,-0.05,0.3,-0.05,-0.05,-0.05
335,6,0.479,0.1,0.129,0.2,0.621,0.95,0.271,0.2
336,6,0.658,0.25,0.308,0.45,0.942,1.0,0.592,0.45
337,,0.608,0.2,0.258,0.4,0.892,0.95,0.542,0.4
338,,0.558,0.15,0.208,0.35,0.842,0.9,0.492,0.35
339,,0.508,0.1,0.158,0.3,0.792,0.85,0.442,0.3
340,,0.458,0.05,0.108,0.25,0.742,0.8,0.392,0.25
341,,0.408,0.0,0.058,0.2,0.692,0.75,0.342,0.2
342,,0.358,-0.05,0.008,0.15,0.642,0.7,0.292,0.15
343,2,0.679,0.95,0.329,0.4,0.821,0.85,0.471,0.4
344,2,1.0,1.0,0.65,0.65,1.0,1.0,0.65,0.65
345,,0.95,0.95,0.6,0.6,0.95,0.95,0.6,0.6
346,,0.9,0.9,0.55,0.55,0.9,0.9,0.55,0.55
347,,0.85,0.85,0.5,0.5,0.85,0.85,0.5,0.5
348,,0.8,0.8,0.45,0.45,0.8,0.8,0.45,0.45
349,,0.75,0.75,0.4,0.4,0.75,0.75,0.4,0.4
350,,0.7,0.7,0.35,0.35,0.7,0.7,0.35,0.35
351,,0.65,0.65,0.3,0.3,0.65,0.65,0.3,0.3
352,,0.6,0.6,0.25,0.25,0.6,0.6,0.25,0.25
353,,0.55,0.55,0.2,0.2,0.55,0.55,0.2,0.2
354,,0.5,0.5,0.15,0.15,0.5,0.5,0.15,0.15
355,,0.45,0.45,0.1,0.1,0.45,0.45,0.1,0.1
356,,0.4,0.4,0.05,0.05,0.4,0.4,0.05,0.05
357,,0.35,0.35,0.0,0.0,0.35,0.35,0.0,0.0
358,,0.3,0.3,-0.05,-0.05,0.3,0.3,-0.05,-0.05
359,4,0.479,0.55,0.271,0.95,0.621,0.55,0.129,0.1
360,4,0.658,0.8,0.592,1.0,0.942,0.8,0.308,0.25
361,,0.608,0.75,0.542,0.95,0.892,0.75,0.258,0.2
362,,0.558,0.7,0.492,0.9,0.842,0.7,0.208,0.15
363,,0.508,0.65,0.442,0.85,0.792,0.65,0.158,0.1
364,,0.458,0.6,0.392,0.8,0.742,0.6,0.108,0.05
365,,0.408,0.55,0.342,0.75,0.692,0.55,0.058,0.0
366,,0.358,0.5,0.292,0.7,0.642,0.5,0.008,-0.05
367,8,0.679,0.75,0.471,0.85,0.821,0.75,0.329,0.95
368,8,1.0,1.0,0.65,1.0,1.0,1.0,0.65,1.0
369,,0.95,0.95,0.6,0.95,0.95,0.95,0.6,0.95
370,,0.9,0.9,0.55,0.9,0.9,0.9,0.55,0.9
371,,0.85,0.85,0.5,0.85,0.85,0.85,0.5,0.85
372,,0.8,0.8,0.45,0.8,0.8,0.8,0.45,0.8
373,,0.75,0.75,0.4,0.75,0.75,0.75,0.4,0.75
374,,0.7,0.7,0.35,0.7,0.7,0.7,0.35,0.7
375,,0.65,0.65,0.3,0.65,0.65,0.65,0.3,0.65
376,,0.6,0.6,0.25,0.6,0.6,0.6,0.25,0.6
377,,0.55,0.55,0.2,0.55,0.55,0.55,0.2,0.55
378,,0.5,0.5,0.15,0.5,0.5,0.5,0.15,0.5
379,,0.45,0.45,0.1,0.45,0.45,0.45,0.1,0.45
380,,0.4,0.4,0.05,0.4,0.4,0.4,0.05,0.4
381,,0.35,0.35,0.0,0.35,0.35,0.35,0.0,0.35
382,,0.3,0.3,-0.05,0.3,0.3,0.3,-0.05,0.3
383,3,0.55,0.621,0.95,0.621,0.55,0.479,0.1,0.479
384,3,0.8,0.942,1.0,0.942,0.8,0.658,0.25,0.658
385,,0.75,0.892,0.95,0.892,0.75,0.608,0.2,0.608
386,,0.7,0.842,0.9,0.842,0.7,0.558,0.15,0.558
387,,0.65,0.792,0.85,0.792,0.65,0.508,0.1,0.508
388,,0.6,0.742,0.8,0.742,0.6,0.458,0.05,0.458
389,,0.55,0.692,0.75,0.692,0.55,0.408,0.0,0.408
390,,0.5,0.642,0.7,0.642,0.5,0.358,-0.05,0.358
391,7,0.75,0.821,0.85,0.821,0.75,0.679,0.95,0.679
392,7,1.0,1.0,1.0,1.0,1.0,1.0,1.0,1.0
393,,0.95,0.95,0.95,0.95,0.95,0.95,0.95,0.95
394,,0.9,0.9,0.9,0.9,0.9,0.9,0.9,0.9
395,,0.85,0.85,0.85,0.85,0.85,0.85,0.85,0.85
396,,0.8,0.8,0.8,0.8,0.8,0.8,0.8,0.8
397,,0.75,0.75,0.75,0.75,0.75,0.75,0.75,0.75
398,,0.7,0.7,0.7,0.7,0.7,0.7,0.7,0.7
399,,0.65,0.65,0.65,0.65,0.65,0.65,0.65,0.65
400,,0.6,0.6,0.6,0.6,0.6,0.6,0.6,0.6
401,,0.55,0.55,0.55,0.55,0.55,0.55,0.55,0.55
402,,0.5,0.5,0.5,0.5,0.5,0.5,0.5,0.5
403,,0.45,0.45,0.45,0.45,0.45,0.45,0.45,0.45
404,,0.4,0.4,0.4,0.4,0.4,0.4,0.4,0.4
405,,0.35,0.35,0.35,0.35,0.35,0.35,0.35,0.35
406,,0.3,0.3,0.3,0.3,0.3,0.3,0.3,0.3
407,,0.25,0.25,0.25,0.25,0.25,0.25,0.25,0.25
408,,0.2,0.2,0.2,0.2,0.2,0.2,0.2,0.2
409,,0.15,0.15,0.15,0.15,0.15,0.15,0.15,0.15
410,,0.1,0.1,0.1,0.1,0.1,0.1,0.1,0.1
411,,0.05,0.05,0.05,0.05,0.05,0.05,0.05,0.05
412,,0.0,0.0,0.0,0.0,0.0,0.0,0.0,0.0
413,,-0.05,-0.05,-0.05,-0.05,-0.05,-0.05,-0.05,-0.05
414,2,0.271,0.95,0.271,0.2,0.129,0.1,0.129,0.2
415,2,0.592,1.0,0.592,0.45,0.308,0.25,0.308,0.45
416,,0.542,0.95,0.542,0.4,0.258,0.2,0.258,0.4
417,,0.492,0.9,0.492,0.35,0.208,0.15,0.208,0.35
418,,0.442,0.85,0.442,0.3,0.158,0.1,0.158,0.3
419,,0.392,0.8,0.392,0.25,0.108,0.05,0.108,0.25
420,,0.342,0.75,0.342,0.2,0.058,0.0,0.058,0.2
421,,0.292,0.7,0.292,0.15,0.008,-0.05,0.008,0.15
422,6,0.471,0.85,0.471,0.4,0.329,0.95,0.329,0.4
423,6,0.65,1.0,0.65,0.65,0.65,1.0,0.65,0.65
424,,0.6,0.95,0.6,0.6,0.6,0.95,0.6,0.6
425,,0.55,0.9,0.55,0.55,0.55,0.9,0.55,0.55
426,,0.5,0.85,0.5,0.5,0.5,0.85,0.5,0.5
427,,0.45,0.8,0.45,0.45,0.45,0.8,0.45,0.45
428,,0.4,0.75,0.4,0.4,0.4,0.75,0.4,0.4
429,,0.35,0.7,0.35,0.35,0.35,0.7,0.35,0.35
430,,0.3,0.65,0.3,0.3,0.3,0.65,0.3,0.3
431,,0.25,0.6,0.25,0.25,0.25,0.6,0.25,0.25
432,,0.2,0.55,0.2,0.2,0.2,0.55,0.2,0.2
433,,0.15,0.5,0.15,0.15,0.15,0.5,0.15,0.15
434,,0.1,0.45,0.1,0.1,0.1,0.45,0.1,0.1
435,,0.05,0.4,0.05,0.05,0.05,0.4,0.05,0.05
436,,0.0,0.35,0.0,0.0,0.0,0.35,0.0,0.0
437,,-0.05,0.3,-0.05,-0.05,-0.05,0.3,-0.05,-0.05
438,7,0.2,0.479,0.1,0.129,0.2,0.621,0.95,0.271
439,7,0.45,0.658,0.25,0.308,0.45,0.942,1.0,0.592
440,,0.4,0.608,0.2,0.258,0.4,0.892,0.95,0.542
441,,0.35,0.558,0.15,0.208,0.35,0.842,0.9,0.492
442,,0.3,0.508,0.1,0.158,0.3,0.792,0.85,0.442
443,,0.25,0.458,0.05,0.108,0.25,0.742,0.8,0.392
444,,0.2,0.408,0.0,0.058,0.2,0.692,0.75,0.342
445,,0.15,0.358,-0.05,0.008,0.15,0.642,0.7,0.292
446,3,0.4,0.679,0.95,0.329,0.4,0.821,0.85,0.471
447,3,0.65,1.0,1.0,0.65,0.65,1.0,1.0,0.65
448,,0.6,0.95,0.95,0.6,0.6,0.95,0.95,0.6
449,,0.55,0.9,0.9,0.55,0.55,0.9,0.9,0.55
450,,0.5,0.85,0.85,0.5,0.5,0.85,0.85,0.5
451,,0.45,0.8,0.8,0.45,0.45,0.8,0.8,0.45
452,,0.4,0.75,0.75,0.4,0.4,0.75,0.75,0.4
453,,0.35,0.7,0.7,0.35,0.35,0.7,0.7,0.35
454,,0.3,0.65,0.65,0.3,0.3,0.65,0.65,0.3
455,,0.25,0.6,0.6,0.25,0.25,0.6,0.6,0.25
456,,0.2,0.55,0.55,0.2,0.2,0.55,0.55,0.2
457,,0.15,0.5,0.5,0.15,0.15,0.5,0.5,0.15
458,,0.1,0.45,0.45,0.1,0.1,0.45,0.45,0.1
459,,0.05,0.4,0.4,0.05,0.05,0.4,0.4,0.05
460,,0.0,0.35,0.35,0.0,0.0,0.35,0.35,0.0
461,,-0.05,0.3,0.3,-0.05,-0.05,0.3,0.3,-0.05
462,5,0.1,0.479,0.55,0.271,0.95,0.621,0.55,0.129
463,5,0.25,0.658,0.8,0.592,1.0,0.942,0.8,0.308
464,,0.2,0.608,0.75,0.542,0.95,0.892,0.75,0.258
465,,0.15,0.558,0.7,0.492,0.9,0.842,0.7,0.208
466,,0.1,0.508,0.65,0.442,0.85,0.792,0.65,0.158
467,,0.05,0.458,0.6,0.392,0.8,0.742,0.6,0.108
468,,0.0,0.408,0.55,0.342,0.75,0.692,0.55,0.058
469,,-0.05,0.358,0.5,0.292,0.7,0.642,0.5,0.008
470,1,0.95,0.679,0.75,0.471,0.85,0.821,0.75,0.329
471,1,1.0,1.0,1.0,0.65,1.0,1.0,1.0,0.65
472,,0.95,0.95,0.95,0.6,0.95,0.95,0.95,0.6
473,,0.9,0.9,0.9,0.55,0.9,0.9,0.9,0.55
474,,0.85,0.85,0.85,0.5,0.85,0.85,0.85,0.5
475,,0.8,0.8,0.8,0.45,0.8,0.8,0.8,0.45
476,,0.75,0.75,0.75,0.4,0.75,0.75,0.75,0.4
477,,0.7,0.7,0.7,0.35,0.7,0.7,0.7,0.35
478,,0.65,0.65,0.65,0.3,0.65,0.65,0.65,0.3
479,,0.6,0.6,0.6,0.25,0.6,0.6,0.6,0.25
480,,0.55,0.55,0.55,0.2,0.55,0.55,0.55,0.2
481,,0.5,0.5,0.5,0.15,0.5,0.5,0.5,0.15
482,,0.45,0.45,0.45,0.1,0.45,0.45,0.45,0.1
483,,0.4,0.4,0.4,0.05,0.4,0.4,0.4,0.05
484,,0.35,0.35,0.35,0.0,0.35,0.35,0.35,0.0
485,,0.3,0.3,0.3,-0.05,0.3,0.3,0.3,-0.05
486,4,0.479,0.55,0.621,0.95,0.621,0.55,0.479,0.1
487,4,0.658,0.8,0.942,1.0,0.942,0.8,0.658,0.25
488,,0.608,0.75,0.892,0.95,0.892,0.75,0.608,0.2
489,,0.558,0.7,0.842,0.9,0.842,0.7,0.558,0.15
490,,0.508,0.65,0.792,0.85,0.792,0.65,0.508,0.1
491,,0.458,0.6,0.742,0.8,0.742,0.6,0.458,0.05
492,,0.408,0.55,0.692,0.75,0.692,0.55,0.408,0.0
493,,0.358,0.5,0.642,0.7,0.642,0.5,0.358,-0.05
494,8,0.679,0.75,0.821,0.85,0.821,0.75,0.679,0.95
495,8,1.0,1.0,1.0,1.0,1.0,1.0,1.0,1.0
496,,0.95,0.95,0.95,0.95,0.95,0.95,0.95,0.95
497,,0.9,0.9,0.9,0.9,0.9,0.9,0.9,0.9
498,,0.85,0.85,0.85,0.85,0.85,0.85,0.85,0.85
499,,0.8,0.8,0.8,0.8,0.8,0.8,0.8,0.8
500,,0.75,0.75,0.75,0.75,0.75,0.75,0.75,0.75
501,,0.7,0.7,0.7,0.7,0.7,0.7,0.7,0.7
502,,0.65,0.65,0.65,0.65,0.65,0.65,0.65,0.65
503,,0.6,0.6,0.6,0.6,0.6,0.6,0.6,0.6
504,,0.55,0.55,0.55,0.55,0.55,0.55,0.55,0.55
505,,0.5,0.5,0.5,0.5,0.5,0.5,0.5,0.5
506,,0.45,0.45,0.45,0.45,0.45,0.45,0.45,0.45
507,,0.4,0.4,0.4,0.4,0.4,0.4,0.4,0.4
508,,0.35,0.35,0.35,0.35,0.35,0.35,0.35,0.35
509,,0.3,0.3,0.3,0.3,0.3,0.3,0.3,0.3
510,,0.25,0.25,0.25,0.25,0.25,0.25,0.25,0.25
511,,0.2,0.2,0.2,0.2,0.2,0.2,0.2,0.2
512,,0.15,0.15,0.15,0.15,0.15,0.15,0.15,0.15
513,,0.1,0.1,0.1,0.1,0.1,0.1,0.1,0.1
514,,0.05,0.05,0.05,0.05,0.05,0.05,0.05,0.05
515,,0.0,0.0,0.0,0.0,0.0,0.0,0.0,0.0
516,,-0.05,-0.05,-0.05,-0.05,-0.05,-0.05,-0.05,-0.05
517,8,0.271,0.2,0.129,0.1,0.129,0.2,0.271,0.95
518,8,0.592,0.45,0.308,0.25,0.308,0.45,0.592,1.0
519,,0.542,0.4,0.258,0.2,0.258,0.4,0.542,0.95
520,,0.492,0.35,0.208,0.15,0.208,0.35,0.492,0.9
521,,0.442,0.3,0.158,0.1,0.158,0.3,0.442,0.85
522,,0.392,0.25,0.108,0.05,0.108,0.25,0.392,0.8
523,,0.342,0.2,0.058,0.0,0.058,0.2,0.342,0.75
524,,0.292,0.15,0.008,-0.05,0.008,0.15,0.292,0.7
525,4,0.471,0.4,0.329,0.95,0.329,0.4,0.471,0.85
526,4,0.65,0.65,0.65,1.0,0.65,0.65,0.65,1.0
527,,0.6,0.6,0.6,0.95,0.6,0.6,0.6,0.95
528,,0.55,0.55,0.55,0.9,0.55,0.55,0.55,0.9
529,,0.5,0.5,0.5,0.85,0.5,0.5,0.5,0.85
530,,0.45,0.45,0.45,0.8,0.45,0.45,0.45,0.8
531,,0.4,0.4,0.4,0.75,0.4,0.4,0.4,0.75
532,,0.35,0.35,0.35,0.7,0.35,0.35,0.35,0.7
533,,0.3,0.3,0.3,0.65,0.3,0.3,0.3,0.65
534,,0.25,0.25,0.25,0.6,0.25,0.25,0.25,0.6
535,,0.2,0.2,0.2,0.55,0.2,0.2,0.2,0.55
536,,0.15,0.15,0.15,0.5,0.15,0.15,0.15,0.5
537,,0.1,0.1,0.1,0.45,0.1,0.1,0.1,0.45
538,,0.05,0.05,0.05,0.4,0.05,0.05,0.05,0.4
539,,0.0,0.0,0.0,0.35,0.0,0.0,0.0,0.35
540,,-0.05,-0.05,-0.05,0.3,-0.05,-0.05,-0.05,0.3
541,5,0.1,0.129,0.2,0.621,0.95,0.271,0.2,0.479
542,5,0.25,0.308,0.45,0.942,1.0,0.592,0.45,0.658
543,,0.2,0.258,0.4,0.892,0.95,0.542,0.4,0.608
544,,0.15,0.208,0.35,0.842,0.9,0.492,0.35,0.558
545,,0.1,0.158,0.3,0.792,0.85,0.442,0.3,0.508
546,,0.05,0.108,0.25,0.742,0.8,0.392,0.25,0.458
547,,0.0,0.058,0.2,0.692,0.75,0.342,0.2,0.408
548,,-0.05,0.008,0.15,0.642,0.7,0.292,0.15,0.358
549,1,0.95,0.329,0.4,0.821,0.85,0.471,0.4,0.679
550,1,1.0,0.65,0.65,1.0,1.0,0.65,0.65,1.0
551,,0.95,0.6,0.6,0.95,0.95,0.6,0.6,0.95
552,,0.9,0.55,0.55,0.9,0.9,0.55,0.55,0.9
553,,0.85,0.5,0.5,0.85,0.85,0.5,0.5,0.85
554,,0.8,0.45,0.45,0.8,0.8,0.45,0.45,0.8
555,,0.75,0.4,0.4,0.75,0.75,0.4,0.4,0.75
556,,0.7,0.35,0.35,0.7,0.7,0.35,0.35,0.7
557,,0.65,0.3,0.3,0.65,0.65,0.3,0.3,0.65
558,,0.6,0.25,0.25,0.6,0.6,0.25,0.25,0.6
559,,0.55,0.2,0.2,0.55,0.55,0.2,0.2,0.55
560,,0.5,0.15,0.15,0.5,0.5,0.15,0.15,0.5
561,,0.45,0.1,0.1,0.45,0.45,0.1,0.1,0.45
562,,0.4,0.05,0.05,0.4,0.4,0.05,0.05,0.4
563,,0.35,0.0,0.0,0.35,0.35,0.0,0.0,0.35
564,,0.3,-0.05,-0.05,0.3,0.3,-0.05,-0.05,0.3
565,2,0.621,0.95,0.271,0.55,0.479,0.1,0.129,0.55
566,2,0.942,1.0,0.592,0.8,0.658,0.25,0.308,0.8
567,,0.892,0.95,0.542,0.75,0.608,0.2,0.258,0.75
568,,0.842,0.9,0.492,0.7,0.558,0.15,0.208,0.7
569,,0.792,0.85,0.442,0.65,0.508,0.1,0.158,0.65
570,,0.742,0.8,0.392,0.6,0.458,0.05,0.108,0.6
571,,0.692,0.75,0.342,0.55,0.408,0.0,0.058,0.55
572,,0.642,0.7,0.292,0.5,0.358,-0.05,0.008,0.5
573,6,0.821,0.85,0.471,0.75,0.679,0.95,0.329,0.75
574,6,1.0,1.0,0.65,1.0,1.0,1.0,0.65,1.0
575,,0.95,0.95,0.6,0.95,0.95,0.95,0.6,0.95
576,,0.9,0.9,0.55,0.9,0.9,0.9,0.55,0.9
577,,0.85,0.85,0.5,0.85,0.85,0.85,0.5,0.85
578,,0.8,0.8,0.45,0.8,0.8,0.8,0.45,0.8
579,,0.75,0.75,0.4,0.75,0.75,0.75,0.4,0.75
580,,0.7,0.7,0.35,0.7,0.7,0.7,0.35,0.7
581,,0.65,0.65,0.3,0.65,0.65,0.65,0.3,0.65
582,,0.6,0.6,0.25,0.6,0.6,0.6,0.25,0.6
583,,0.55,0.55,0.2,0.55,0.55,0.55,0.2,0.55
584,,0.5,0.5,0.15,0.5,0.5,0.5,0.15,0.5
585,,0.45,0.45,0.1,0.45,0.45,0.45,0.1,0.45
586,,0.4,0.4,0.05,0.4,0.4,0.4,0.05,0.4
587,,0.35,0.35,0.0,0.35,0.35,0.35,0.0,0.35
588,,0.3,0.3,-0.05,0.3,0.3,0.3,-0.05,0.3
589,3,0.55,0.621,0.95,0.621,0.55,0.479,0.1,0.479
590,3,0.8,0.942,1.0,0.942,0.8,0.658,0.25,0.658
591,,0.75,0.892,0.95,0.892,0.75,0.608,0.2,0.608
592,,0.7,0.842,0.9,0.842,0.7,0.558,0.15,0.558
593,,0.65,0.792,0.85,0.792,0.65,0.508,0.1,0.508
594,,0.6,0.742,0.8,0.742,0.6,0.458,0.05,0.458
595,,0.55,0.692,0.75,0.692,0.55,0.408,0.0,0.408
596,,0.5,0.642,0.7,0.642,0.5,0.358,-0.05,0.358
597,7,0.75,0.821,0.85,0.821,0.75,0.679,0.95,0.679
598,7,1.0,1.0,1.0,1.0,1.0,1.0,1.0,1.0
599,,0.95,0.95,0.95,0.95,0.95,0.95,0.95,0.95
600,,0.9,0.9,0.9,0.9,0.9,0.9,0.9,0.9
601,,0.85,0.85,0.85,0.85,0.85,0.85,0.85,0.85
602,,0.8,0.8,0.8,0.8,0.8,0.8,0.8,0.8
603,,0.75,0.75,0.75,0.75,0.75,0.75,0.75,0.75
604,,0.7,0.7,0.7,0.7,0.7,0.7,0.7,0.7
605,,0.65,0.65,0.65,0.65,0.65,0.65,0.65,0.65
606,,0.6,0.6,0.6,0.6,0.6,0.6,0.6,0.6
607,,0.55,0.55,0.55,0.55,0.55,0.55,0.55,0.55
608,,0.5,0.5,0.5,0.5,0.5,0.5,0.5,0.5
609,,0.45,0.45,0.45,0.45,0.45,0.45,0.45,0.45
610,,0.4,0.4,0.4,0.4,0.4,0.4,0.4,0.4
611,,0.35,0.35,0.35,0.35,0.35,0.35,0.35,0.35
612,,0.3,0.3,0.3,0.3,0.3,0.3,0.3,0.3
613,,0.25,0.25,0.25,0.25,0.25,0.25,0.25,0.25
614,,0.2,0.2,0.2,0.2,0.2,0.2,0.2,0.2
615,,0.15,0.15,0.15,0.15,0.15,0.15,0.15,0.15
616,,0.1,0.1,0.1,0.1,0.1,0.1,0.1,0.1
617,,0.05,0.05,0.05,0.05,0.05,0.05,0.05,0.05
618,,0.0,0.0,0.0,0.0,0.0,0.0,0.0,0.0
619,,-0.05,-0.05,-0.05,-0.05,-0.05,-0.05,-0.05,-0.05
620,5,0.1,0.129,0.2,0.271,0.95,0.271,0.2,0.129
621,5,0.25,0.308,0.45,0.592,1.0,0.592,0.45,0.308
622,,0.2,0.258,0.4,0.542,0.95,0.542,0.4,0.258
623,,0.15,0.208,0.35,0.492,0.9,0.492,0.35,0.208
624,,0.1,0.158,0.3,0.442,0.85,0.442,0.3,0.158
625,,0.05,0.108,0.25,0.392,0.8,0.392,0.25,0.108
626,,0.0,0.058,0.2,0.342,0.75,0.342,0.2,0.058
627,,-0.05,0.008,0.15,0.292,0.7,0.292,0.15,0.008
628,1,0.95,0.329,0.4,0.471,0.85,0.471,0.4,0.329
629,1,1.0,0.65,0.65,0.65,1.0,0.65,0.65,0.65
630,,0.95,0.6,0.6,0.6,0.95,0.6,0.6,0.6
631,,0.9,0.55,0.55,0.55,0.9,0.55,0.55,0.55
632,,0.85,0.5,0.5,0.5,0.85,0.5,0.5,0.5
633,,0.8,0.45,0.45,0.45,0.8,0.45,0.45,0.45
634,,0.75,0.4,0.4,0.4,0.75,0.4,0.4,0.4
635,,0.7,0.35,0.35,0.35,0.7,0.35,0.35,0.35
636,,0.65,0.3,0.3,0.3,0.65,0.3,0.3,0.3
637,,0.6,0.25,0.25,0.25,0.6,0.25,0.25,0.25
638,,0.55,0.2,0.2,0.2,0.55,0.2,0.2,0.2
639,,0.5,0.15,0.15,0.15,0.5,0.15,0.15,0.15
640,,0.45,0.1,0.1,0.1,0.45,0.1,0.1,0.1
641,,0.4,0.05,0.05,0.05,0.4,0.05,0.05,0.05
642,,0.35,0.0,0.0,0.0,0.35,0.0,0.0,0.0
643,,0.3,-0.05,-0.05,-0.05,0.3,-0.05,-0.05,-0.05
644,2,0.621,0.95,0.271,0.2,0.479,0.1,0.129,0.2
645,2,0.942,1.0,0.592,0.45,0.658,0.25,0.308,0.45
646,,0.892,0.95,0.542,0.4,0.608,0.2,0.258,0.4
647,,0.842,0.9,0.492,0.35,0.558,0.15,0.208,0.35
648,,0.792,0.85,0.442,0.3,0.508,0.1,0.158,0.3
649,,0.742,0.8,0.392,0.25,0.458,0.05,0.108,0.25
650,,0.692,0.75,0.342,0.2,0.408,0.0,0.058,0.2
651,,0.642,0.7,0.292,0.15,0.358,-0.05,0.008,0.15
652,6,0.821,0.85,0.471,0.4,0.679,0.95,0.329,0.4
653,6,1.0,1.0,0.65,0.65,1.0,1.0,0.65,0.65
654,,0.95,0.95,0.6,0.6,0.95,0.95,0.6,0.6
655,,0.9,0.9,0.55,0.55,0.9,0.9,0.55,0.55
656,,0.85,0.85,0.5,0.5,0.85,0.85,0.5,0.5
657,,0.8,0.8,0.45,0.45,0.8,0.8,0.45,0.45
658,,0.75,0.75,0.4,0.4,0.75,0.75,0.4,0.4
659,,0.7,0.7,0.35,0.35,0.7,0.7,0.35,0.35
660,,0.65,0.65,0.3,0.3,0.65,0.65,0.3,0.3
661,,0.6,0.6,0.25,0.25,0.6,0.6,0.25,0.25
662,,0.55,0.55,0.2,0.2,0.55,0.55,0.2,0.2
663,,0.5,0.5,0.15,0.15,0.5,0.5,0.15,0.15
664,,0.45,0.45,0.1,0.1,0.45,0.45,0.1,0.1
665,,0.4,0.4,0.05,0.05,0.4,0.4,0.05,0.05
666,,0.35,0.35,0.0,0.0,0.35,0.35,0.0,0.0
667,,0.3,0.3,-0.05,-0.05,0.3,0.3,-0.05,-0.05
668,8,0.621,0.55,0.129,0.1,0.479,0.55,0.271,0.95
669,8,0.942,0.8,0.308,0.25,0.658,0.8,0.592,1.0
670,,0.892,0.75,0.258,0.2,0.608,0.75,0.542,0.95
671,,0.842,0.7,0.208,0.15,0.558,0.7,0.492,0.9
672,,0.792,0.65,0.158,0.1,0.508,0.65,0.442,0.85
673,,0.742,0.6,0.108,0.05,0.458,0.6,0.392,0.8
674,,0.692,0.55,0.058,0.0,0.408,0.55,0.342,0.75
675,,0.642,0.5,0.008,-0.05,0.358,0.5,0.292,0.7
676,4,0.821,0.75,0.329,0.95,0.679,0.75,0.471,0.85
677,4,1.0,1.0,0.65,1.0,1.0,1.0,0.65,1.0
678,,0.95,0.95,0.6,0.95,0.95,0.95,0.6,0.95
679,,0.9,0.9,0.55,0.9,0.9,0.9,0.55,0.9
680,,0.85,0.85,0.5,0.85,0.85,0.85,0.5,0.85
681,,0.8,0.8,0.45,0.8,0.8,0.8,0.45,0.8
682,,0.75,0.75,0.4,0.75,0.75,0.75,0.4,0.75
683,,0.7,0.7,0.35,0.7,0.7,0.7,0.35,0.7
684,,0.65,0.65,0.3,0.65,0.65,0.65,0.3,0.65
685,,0.6,0.6,0.25,0.6,0.6,0.6,0.25,0.6
686,,0.55,0.55,0.2,0.55,0.55,0.55,0.2,0.55
687,,0.5,0.5,0.15,0.5,0.5,0.5,0.15,0.5
688,,0.45,0.45,0.1,0.45,0.45,0.45,0.1,0.45
689,,0.4,0.4,0.05,0.4,0.4,0.4,0.05,0.4
690,,0.35,0.35,0.0,0.35,0.35,0.35,0.0,0.35
691,,0.3,0.3,-0.05,0.3,0.3,0.3,-0.05,0.3
692,7,0.55,0.479,0.1,0.479,0.55,0.621,0.95,0.621
693,7,0.8,0.658,0.25,0.658,0.8,0.942,1.0,0.942
694,,0.75,0.608,0.2,0.608,0.75,0.892,0.95,0.892
695,,0.7,0.558,0.15,0.558,0.7,0.842,0.9,0.842
696,,0.65,0.508,0.1,0.508,0.65,0.792,0.85,0.792
697,,0.6,0.458,0.05,0.458,0.6,0.742,0.8,0.742
698,,0.55,0.408,0.0,0.408,0.55,0.692,0.75,0.692
699,,0.5,0.358,-0.05,0.358,0.5,0.642,0.7,0.642
700,3,0.75,0.679,0.95,0.679,0.75,0.821,0.85,0.821
701,3,1.0,1.0,1.0,1.0,1.0,1.0,1.0,1.0
702,,0.95,0.95,0.95,0.95,0.95,0.95,0.95,0.95
703,,0.9,0.9,0.9,0.9,0.9,0.9,0.9,0.9
704,,0.85,0.85,0.85,0.85,0.85,0.85,0.85,0.85
705,,0.8,0.8,0.8,0.8,0.8,0.8,0.8,0.8
706,,0.75,0.75,0.75,0.75,0.75,0.75,0.75,0.75
707,,0.7,0.7,0.7,0.7,0.7,0.7,0.7,0.7
708,,0.65,0.65,0.65,0.65,0.65,0.65,0.65,0.65
709,,0.6,0.6,0.6,0.6,0.6,0.6,0.6,0.6
710,,0.55,0.55,0.55,0.55,0.55,0.55,0.55,0.55
711,,0.5,0.5,0.5,0.5,0.5,0.5,0.5,0.5
712,,0.45,0.45,0.45,0.45,0.45,0.45,0.45,0.45
713,,0.4,0.4,0.4,0.4,0.4,0.4,0.4,0.4
714,,0.35,0.35,0.35,0.35,0.35,0.35,0.35,0.35
715,,0.3,0.3,0.3,0.3,0.3,0.3,0.3,0.3
716,,0.25,0.25,0.25,0.25,0.25,0.25,0.25,0.25
717,,0.2,0.2,0.2,0.2,0.2,0.2,0.2,0.2
718,,0.15,0.15,0.15,0.15,0.15,0.15,0.15,0.15
719,,0.1,0.1,0.1,0.1,0.1,0.1,0.1,0.1
720,,0.05,0.05,0.05,0.05,0.05,0.05,0.05,0.05
721,,0.0,0.0,0.0,0.0,0.0,0.0,0.0,0.0
722,,-0.05,-0.05,-0.05,-0.05,-0.05,-0.05,-0.05,-0.05
723,5,0.1,0.129,0.2,0.271,0.95,0.271,0.2,0.129
724,5,0.25,0.308,0.45,0.592,1.0,0.592,0.45,0.308
725,,0.2,0.258,0.4,0.542,0.95,0.542,0.4,0.258
726,,0.15,0.208,0.35,0.492,0.9,0.492,0.35,0.208
727,,0.1,0.158,0.3,0.442,0.85,0.442,0.3,0.158
728,,0.05,0.108,0.25,0.392,0.8,0.392,0.25,0.108
729,,0.0,0.058,0.2,0.342,0.75,0.342,0.2,0.058
730,,-0.05,0.008,0.15,0.292,0.7,0.292,0.15,0.008
731,1,0.95,0.329,0.4,0.471,0.85,0.471,0.4,0.329
732,1,1.0,0.65,0.65,0.65,1.0,0.65,0.65,0.65
733,,0.95,0.6,0.6,0.6,0.95,0.6,0.6,0.6
734,,0.9,0.55,0.55,0.55,0.9,0.55,0.55,0.55
735,,0.85,0.5,0.5,0.5,0.85,0.5,0.5,0.5
736,,0.8,0.45,0.45,0.45,0.8,0.45,0.45,0.45
737,,0.75,0.4,0.4,0.4,0.75,0.4,0.4,0.4
738,,0.7,0.35,0.35,0.35,0.7,0.35,0.35,0.35
739,,0.65,0.3,0.3,0.3,0.65,0.3,0.3,0.3
740,,0.6,0.25,0.25,0.25,0.6,0.25,0.25,0.25
741,,0.55,0.2,0.2,0.2,0.55,0.2,0.2,0.2
742,,0.5,0.15,0.15,0.15,0.5,0.15,0.15,0.15
743,,0.45,0.1,0.1,0.1,0.45,0.1,0.1,0.1
744,,0.4,0.05,0.05,0.05,0.4,0.05,0.05,0.05
745,,0.35,0.0,0.0,0.0,0.35,0.0,0.0,0.0
746,,0.3,-0.05,-0.05,-0.05,0.3,-0.05,-0.05,-0.05
747,2,0.621,0.95,0.271,0.2,0.479,0.1,0.129,0.2
748,2,0.942,1.0,0.592,0.45,0.658,0.25,0.308,0.45
749,,0.892,0.95,0.542,0.4,0.608,0.2,0.258,0.4
750,,0.842,0.9,0.492,0.35,0.558,0.15,0.208,0.35
751,,0.792,0.85,0.442,0.3,0.508,0.1,0.158,0.3
752,,0.742,0.8,0.392,0.25,0.458,0.05,0.108,0.25
753,,0.692,0.75,0.342,0.2,0.408,0.0,0.058,0.2
754,,0.642,0.7,0.292,0.15,0.358,-0.05,0.008,0.15
755,6,0.821,0.85,0.471,0.4,0.679,0.95,0.329,0.4
756,6,1.0,1.0,0.65,0.65,1.0,1.0,0.65,0.65
757,,0.95,0.95,0.6,0.6,0.95,0.95,0.6,0.6
758,,0.9,0.9,0.55,0.55,0.9,0.9,0.55,0.55
759,,0.85,0.85,0.5,0.5,0.85,0.85,0.5,0.5
760,,0.8,0.8,0.45,0.45,0.8,0.8,0.45,0.45
761,,0.75,0.75,0.4,0.4,0.75,0.75,0.4,0.4
762,,0.7,0.7,0.35,0.35,0.7,0.7,0.35,0.35
763,,0.65,0.65,0.3,0.3,0.65,0.65,0.3,0.3
764,,0.6,0.6,0.25,0.25,0.6,0.6,0.25,0.25
765,,0.55,0.55,0.2,0.2,0.55,0.55,0.2,0.2
766,,0.5,0.5,0.15,0.15,0.5,0.5,0.15,0.15
767,,0.45,0.45,0.1,0.1,0.45,0.45,0.1,0.1
768,,0.4,0.4,0.05,0.05,0.4,0.4,0.05,0.05
769,,0.35,0.35,0.0,0.0,0.35,0.35,0.0,0.0
770,,0.3,0.3,-0.05,-0.05,0.3,0.3,-0.05,-0.05
771,8,0.621,0.55,0.129,0.1,0.479,0.55,0.271,0.95
772,8,0.942,0.8,0.308,0.25,0.658,0.8,0.592,1.0
773,,0.892,0.75,0.258,0.2,0.608,0.75,0.542,0.95
774,,0.842,0.7,0.208,0.15,0.558,0.7,0.492,0.9
775,,0.792,0.65,0.158,0.1,0.508,0.65,0.442,0.85
776,,0.742,0.6,0.108,0.05,0.458,0.6,0.392,0.8
777,,0.692,0.55,0.058,0.0,0.408,0.55,0.342,0.75
778,,0.642,0.5,0.008,-0.05,0.358,0.5,0.292,0.7
779,4,0.821,0.75,0.329,0.95,0.679,0.75,0.471,0.85
780,4,1.0,1.0,0.65,1.0,1.0,1.0,0.65,1.0
781,,0.95,0.95,0.6,0.95,0.95,0.95,0.6,0.95
782,,0.9,0.9,0.55,0.9,0.9,0.9,0.55,0.9
783,,0.85,0.85,0.5,0.85,0.85,0.85,0.5,0.85
784,,0.8,0.8,0.45,0.8,0.8,0.8,0.45,0.8
785,,0.75,0.75,0.4,0.75,0.75,0.75,0.4,0.75
786,,0.7,0.7,0.35,0.7,0.7,0.7,0.35,0.7
787,,0.65,0.65,0.3,0.65,0.65,0.65,0.3,0.65
788,,0.6,0.6,0.25,0.6,0.6,0.6,0.25,0.6
789,,0.55,0.55,0.2,0.55,0.55,0.55,0.2,0.55
790,,0.5,0.5,0.15,0.5,0.5,0.5,0.15,0.5
791,,0.45,0.45,0.1,0.45,0.45,0.45,0.1,0.45
792,,0.4,0.4,0.05,0.4,0.4,0.4,0.05,0.4
793,,0.35,0.35,0.0,0.35,0.35,0.35,0.0,0.35
794,,0.3,0.3,-0.05,0.3,0.3,0.3,-0.05,0.3
795,7,0.55,0.479,0.1,0.479,0.55,0.621,0.95,0.621
796,7,0.8,0.658,0.25,0.658,0.8,0.942,1.0,0.942
797,,0.75,0.608,0.2,0.608,0.75,0.892,0.95,0.892
798,,0.7,0.558,0.15,0.558,0.7,0.842,0.9,0.842
799,,0.65,0.508,0.1,0.508,0.65,0.792,0.85,0.792
800,,0.6,0.458,0.05,0.458,0.6,0.742,0.8,0.742
801,,0.55,0.408,0.0,0.408,0.55,0.692,0.75,0.692
802,,0.5,0.358,-0.05,0.358,0.5,0.642,0.7,0.642
803,3,0.75,0.679,0.95,0.679,0.75,0.821,0.85,0.821
804,3,1.0,1.0,1.0,1.0,1.0,1.0,1.0,1.0
805,,0.95,0.95,0.95,0.95,0.95,0.95,0.95,0.95
806,,0.9,0.9,0.9,0.9,0.9,0.9,0.9,0.9
807,,0.85,0.85,0.85,0.85,0.85,0.85,0.85,0.85
808,,0.8,0.8,0.8,0.8,0.8,0.8,0.8,0.8
809,,0.75,0.75,0.75,0.75,0.75,0.75,0.75,0.75
810,,0.7,0.7,0.7,0.7,0.7,0.7,0.7,0.7
811,,0.65,0.65,0.65,0.65,0.65,0.65,0.65,0.65
812,,0.6,0.6,0.6,0.6,0.6,0.6,0.6,0.6
813,,0.55,0.55,0.55,0.55,0.55,0.55,0.55,0.55
814,,0.5,0.5,0.5,0.5,0.5,0.5,0.5,0.5
815,,0.45,0.45,0.45,0.45,0.45,0.45,0.45,0.45
816,,0.4,0.4,0.4,0.4,0.4,0.4,0.4,0.4
817,,0.35,0.35,0.35,0.35,0.35,0.35,0.35,0.35
818,,0.3,0.3,0.3,0.3,0.3,0.3,0.3,0.3
819,,0.25,0.25,0.25,0.25,0.25,0.25,0.25,0.25
820,,0.2,0.2,0.2,0.2,0.2,0.2,0.2,0.2
821,,0.15,0.15,0.15,0.15,0.15,0.15,0.15,0.15
822,,0.1,0.1,0.1,0.1,0.1,0.1,0.1,0.1
823,,0.05,0.05,0.05,0.05,0.05,0.05,0.05,0.05
824,,0.0,0.0,0.0,0.0,0.0,0.0,0.0,0.0
825,,-0.05,-0.05,-0.05,-0.05,-0.05,-0.05,-0.05,-0.05
826,3,0.2,0.271,0.95,0.271,0.2,0.129,0.1,0.129
827,3,0.45,0.592,1.0,0.592,0.45,0.308,0.25,0.308
828,,0.4,0.542,0.95,0.542,0.4,0.258,0.2,0.258
829,,0.35,0.492,0.9,0.492,0.35,0.208,0.15,0.208
830,,0.3,0.442,0.85,0.442,0.3,0.158,0.1,0.158
831,,0.25,0.392,0.8,0.392,0.25,0.108,0.05,0.108
832,,0.2,0.342,0.75,0.342,0.2,0.058,0.0,0.058
833,,0.15,0.292,0.7,0.292,0.15,0.008,-0.05,0.008
834,7,0.4,0.471,0.85,0.471,0.4,0.329,0.95,0.329
835,7,0.65,0.65,1.0,0.65,0.65,0.65,1.0,0.65
836,,0.6,0.6,0.95,0.6,0.6,0.6,0.95,0.6
837,,0.55,0.55,0.9,0.55,0.55,0.55,0.9,0.55
838,,0.5,0.5,0.85,0.5,0.5,0.5,0.85,0.5
839,,0.45,0.45,0.8,0.45,0.45,0.45,0.8,0.45
840,,0.4,0.4,0.75,0.4,0.4,0.4,0.75,0.4
841,,0.35,0.35,0.7,0.35,0.35,0.35,0.7,0.35
842,,0.3,0.3,0.65,0.3,0.3,0.3,0.65,0.3
843,,0.25,0.25,0.6,0.25,0.25,0.25,0.6,0.25
844,,0.2,0.2,0.55,0.2,0.2,0.2,0.55,0.2
845,,0.15,0.15,0.5,0.15,0.15,0.15,0.5,0.15
846,,0.1,0.1,0.45,0.1,0.1,0.1,0.45,0.1
847,,0.05,0.05,0.4,0.05,0.05,0.05,0.4,0.05
848,,0.0,0.0,0.35,0.0,0.0,0.0,0.35,0.0
849,,-0.05,-0.05,0.3,-0.05,-0.05,-0.05,0.3,-0.05
850,1,0.95,0.271,0.55,0.129,0.1,0.129,0.55,0.271
851,1,1.0,0.592,0.8,0.308,0.25,0.308,0.8,0.592
852,,0.95,0.542,0.75,0.258,0.2,0.258,0.75,0.542
853,,0.9,0.492,0.7,0.208,0.15,0.208,0.7,0.492
854,,0.85,0.442,0.65,0.158,0.1,0.158,0.65,0.442
855,,0.8,0.392,0.6,0.108,0.05,0.108,0.6,0.392
856,,0.75,0.342,0.55,0.058,0.0,0.058,0.55,0.342
857,,0.7,0.292,0.5,0.008,-0.05,0.008,0.5,0.292
858,5,0.85,0.471,0.75,0.329,0.95,0.329,0.75,0.471
859,5,1.0,0.65,1.0,0.65,1.0,0.65,1.0,0.65
860,,0.95,0.6,0.95,0.6,0.95,0.6,0.95,0.6
861,,0.9,0.55,0.9,0.55,0.9,0.55,0.9,0.55
862,,0.85,0.5,0.85,0.5,0.85,0.5,0.85,0.5
863,,0.8,0.45,0.8,0.45,0.8,0.45,0.8,0.45
864,,0.75,0.4,0.75,0.4,0.75,0.4,0.75,0.4
865,,0.7,0.35,0.7,0.35,0.7,0.35,0.7,0.35
866,,0.65,0.3,0.65,0.3,0.65,0.3,0.65,0.3
867,,0.6,0.25,0.6,0.25,0.6,0.25,0.6,0.25
868,,0.55,0.2,0.55,0.2,0.55,0.2,0.55,0.2
869,,0.5,0.15,0.5,0.15,0.5,0.15,0.5,0.15
870,,0.45,0.1,0.45,0.1,0.45,0.1,0.45,0.1
871,,0.4,0.05,0.4,0.05,0.4,0.05,0.4,0.05
872,,0.35,0.0,0.35,0.0,0.35,0.0,0.35,0.0
873,,0.3,-0.05,0.3,-0.05,0.3,-0.05,0.3,-0.05
874,6,0.479,0.1,0.479,0.2,0.621,0.95,0.621,0.2
875,6,0.658,0.25,0.658,0.45,0.942,1.0,0.942,0.45
876,,0.608,0.2,0.608,0.4,0.892,0.95,0.892,0.4
877,,0.558,0.15,0.558,0.35,0.842,0.9,0.842,0.35
878,,0.508,0.1,0.508,0.3,0.792,0.85,0.792,0.3
879,,0.458,0.05,0.458,0.25,0.742,0.8,0.742,0.25
880,,0.408,0.0,0.408,0.2,0.692,0.75,0.692,0.2
881,,0.358,-0.05,0.358,0.15,0.642,0.7,0.642,0.15
882,2,0.679,0.95,0.679,0.4,0.821,0.85,0.821,0.4
883,2,1.0,1.0,1.0,0.65,1.0,1.0,1.0,0.65
884,,0.95,0.95,0.95,0.6,0.95,0.95,0.95,0.6
885,,0.9,0.9,0.9,0.55,0.9,0.9,0.9,0.55
886,,0.85,0.85,0.85,0.5,0.85,0.85,0.85,0.5
887,,0.8,0.8,0.8,0.45,0.8,0.8,0.8,0.45
888,,0.75,0.75,0.75,0.4,0.75,0.75,0.75,0.4
889,,0.7,0.7,0.7,0.35,0.7,0.7,0.7,0.35
890,,0.65,0.65,0.65,0.3,0.65,0.65,0.65,0.3
891,,0.6,0.6,0.6,0.25,0.6,0.6,0.6,0.25
892,,0.55,0.55,0.55,0.2,0.55,0.55,0.55,0.2
893,,0.5,0.5,0.5,0.15,0.5,0.5,0.5,0.15
