step,active_motive,motive_1,motive_2,motive_3,motive_4,motive_5,motive_6,motive_7,motive_8
0,,0.04601,0.05848,0.04003,0.06977,0.01801,0.06965,0.04117,0.08743
1,,-0.00399,0.00848,-0.00997,0.01977,-0.03199,0.01965,-0.00883,0.03743
2,5,0.14601,0.18748,0.24003,0.34077,0.96801,0.34065,0.24117,0.21643
3,5,0.29601,0.36648,0.49003,0.66177,1.0,0.66165,0.49117,0.39543
4,,0.24601,0.31648,0.44003,0.61177,0.95,0.61165,0.44117,0.34543
5,,0.19601,0.26648,0.39003,0.56177,0.9,0.56165,0.39117,0.29543
6,,0.14601,0.21648,0.34003,0.51177,0.85,0.51165,0.34117,0.24543
7,,0.09601,0.16648,0.29003,0.46177,0.8,0.46165,0.29117,0.19543
8,,0.04601,0.11648,0.24003,0.41177,0.75,0.41165,0.24117,0.14543
9,,-0.00399,0.06648,0.19003,0.36177,0.7,0.36165,0.19117,0.09543
10,1,0.99601,0.38748,0.44003,0.54077,0.85,0.54065,0.44117,0.41643
11,1,1.0,0.70848,0.69003,0.71977,1.0,0.71965,0.69117,0.73743
12,,0.95,0.65848,0.64003,0.66977,0.95,0.66965,0.64117,0.68743
13,,0.9,0.60848,0.59003,0.61977,0.9,0.61965,0.59117,0.63743
14,,0.85,0.55848,0.54003,0.56977,0.85,0.56965,0.54117,0.58743
15,,0.8,0.50848,0.49003,0.51977,0.8,0.51965,0.49117,0.53743
16,,0.75,0.45848,0.44003,0.46977,0.75,0.46965,0.44117,0.48743
17,,0.7,0.40848,0.39003,0.41977,0.7,0.41965,0.39117,0.43743
18,,0.65,0.35848,0.34003,0.36977,0.65,0.36965,0.34117,0.38743
19,,0.6,0.30848,0.29003,0.31977,0.6,0.31965,0.29117,0.33743
20,,0.55,0.25848,0.24003,0.26977,0.55,0.26965,0.24117,0.28743
21,,0.5,0.20848,0.19003,0.21977,0.5,0.21965,0.19117,0.23743
22,,0.45,0.15848,0.14003,0.16977,0.45,0.16965,0.14117,0.18743
23,,0.4,0.10848,0.09003,0.11977,0.4,0.11965,0.09117,0.13743
24,,0.35,0.05848,0.04003,0.06977,0.35,0.06965,0.04117,0.08743
25,,0.3,0.00848,-0.00997,0.01977,0.3,0.01965,-0.00883,0.03743
26,3,0.55,0.32948,0.99003,0.34077,0.55,0.19865,0.14117,0.21643
27,3,0.8,0.65048,1.0,0.66177,0.8,0.37765,0.29117,0.39543
28,,0.75,0.60048,0.95,0.61177,0.75,0.32765,0.24117,0.34543
29,,0.7,0.55048,0.9,0.56177,0.7,0.27765,0.19117,0.29543
30,,0.65,0.50048,0.85,0.51177,0.65,0.22765,0.14117,0.24543
31,,0.6,0.45048,0.8,0.46177,0.6,0.17765,0.09117,0.19543
32,,0.55,0.40048,0.75,0.41177,0.55,0.12765,0.04117,0.14543
33,,0.5,0.35048,0.7,0.36177,0.5,0.07765,-0.00883,0.09543
34,7,0.75,0.52948,0.85,0.54077,0.75,0.39865,0.99117,0.41643
35,7,1.0,0.70848,1.0,0.71977,1.0,0.71965,1.0,0.73743
36,,0.95,0.65848,0.95,0.66977,0.95,0.66965,0.95,0.68743
37,,0.9,0.60848,0.9,0.61977,0.9,0.61965,0.9,0.63743
38,,0.85,0.55848,0.85,0.56977,0.85,0.56965,0.85,0.58743
39,,0.8,0.50848,0.8,0.51977,0.8,0.51965,0.8,0.53743
40,,0.75,0.45848,0.75,0.46977,0.75,0.46965,0.75,0.48743
41,,0.7,0.40848,0.7,0.41977,0.7,0.41965,0.7,0.43743
42,,0.65,0.35848,0.65,0.36977,0.65,0.36965,0.65,0.38743
43,,0.6,0.30848,0.6,0.31977,0.6,0.31965,0.6,0.33743
44,,0.55,0.25848,0.55,0.26977,0.55,0.26965,0.55,0.28743
45,,0.5,0.20848,0.5,0.21977,0.5,0.21965,0.5,0.23743
46,,0.45,0.15848,0.45,0.16977,0.45,0.16965,0.45,0.18743
47,,0.4,0.10848,0.4,0.11977,0.4,0.11965,0.4,0.13743
48,,0.35,0.05848,0.35,0.06977,0.35,0.06965,0.35,0.08743
49,,0.3,0.00848,0.3,0.01977,0.3,0.01965,0.3,0.03743
50,,0.25,-0.04152,0.25,-0.03023,0.25,-0.03035,0.25,-0.01257
51,2,0.571,0.95848,0.571,0.21977,0.429,0.11965,0.429,0.23743
52,2,0.892,1.0,0.892,0.46977,0.608,0.26965,0.608,0.48743
53,,0.842,0.95,0.842,0.41977,0.558,0.21965,0.558,0.43743
54,,0.792,0.9,0.792,0.36977,0.508,0.16965,0.508,0.38743
55,,0.742,0.85,0.742,0.31977,0.458,0.11965,0.458,0.33743
56,,0.692,0.8,0.692,0.26977,0.408,0.06965,0.408,0.28743
57,,0.642,0.75,0.642,0.21977,0.358,0.01965,0.358,0.23743
58,,0.592,0.7,0.592,0.16977,0.308,-0.03035,0.308,0.18743
59,6,0.771,0.85,0.771,0.41977,0.629,0.96965,0.629,0.43743
60,6,0.95,1.0,0.95,0.66977,0.95,1.0,0.95,0.68743
61,,0.9,0.95,0.9,0.61977,0.9,0.95,0.9,0.63743
62,,0.85,0.9,0.85,0.56977,0.85,0.9,0.85,0.58743
63,,0.8,0.85,0.8,0.51977,0.8,0.85,0.8,0.53743
64,,0.75,0.8,0.75,0.46977,0.75,0.8,0.75,0.48743
65,,0.7,0.75,0.7,0.41977,0.7,0.75,0.7,0.43743
66,,0.65,0.7,0.65,0.36977,0.65,0.7,0.65,0.38743
67,,0.6,0.65,0.6,0.31977,0.6,0.65,0.6,0.33743
68,,0.55,0.6,0.55,0.26977,0.55,0.6,0.55,0.28743
69,,0.5,0.55,0.5,0.21977,0.5,0.55,0.5,0.23743
70,,0.45,0.5,0.45,0.16977,0.45,0.5,0.45,0.18743
71,,0.4,0.45,0.4,0.11977,0.4,0.45,0.4,0.13743
72,,0.35,0.4,0.35,0.06977,0.35,0.4,0.35,0.08743
73,,0.3,0.35,0.3,0.01977,0.3,0.35,0.3,0.03743
74,,0.25,0.3,0.25,-0.03023,0.25,0.3,0.25,-0.01257
75,4,0.429,0.55,0.571,0.96977,0.571,0.55,0.429,0.13743
76,4,0.608,0.8,0.892,1.0,0.892,0.8,0.608,0.28743
77,,0.558,0.75,0.842,0.95,0.842,0.75,0.558,0.23743
78,,0.508,0.7,0.792,0.9,0.792,0.7,0.508,0.18743
79,,0.458,0.65,0.742,0.85,0.742,0.65,0.458,0.13743
80,,0.408,0.6,0.692,0.8,0.692,0.6,0.408,0.08743
81,,0.358,0.55,0.642,0.75,0.642,0.55,0.358,0.03743
82,,0.308,0.5,0.592,0.7,0.592,0.5,0.308,-0.01257
83,8,0.629,0.75,0.771,0.85,0.771,0.75,0.629,0.98743
84,8,0.95,1.0,0.95,1.0,0.95,1.0,0.95,1.0
85,,0.9,0.95,0.9,0.95,0.9,0.95,0.9,0.95
86,,0.85,0.9,0.85,0.9,0.85,0.9,0.85,0.9
87,,0.8,0.85,0.8,0.85,0.8,0.85,0.8,0.85
88,,0.75,0.8,0.75,0.8,0.75,0.8,0.75,0.8
89,,0.7,0.75,0.7,0.75,0.7,0.75,0.7,0.75
90,,0.65,0.7,0.65,0.7,0.65,0.7,0.65,0.7
91,,0.6,0.65,0.6,0.65,0.6,0.65,0.6,0.65
92,,0.55,0.6,0.55,0.6,0.55,0.6,0.55,0.6
93,,0.5,0.55,0.5,0.55,0.5,0.55,0.5,0.55
94,,0.45,0.5,0.45,0.5,0.45,0.5,0.45,0.5
95,,0.4,0.45,0.4,0.45,0.4,0.45,0.4,0.45
96,,0.35,0.4,0.35,0.4,0.35,0.4,0.35,0.4
97,,0.3,0.35,0.3,0.35,0.3,0.35,0.3,0.35
98,,0.25,0.3,0.25,0.3,0.25,0.3,0.25,0.3
99,,0.2,0.25,0.2,0.25,0.2,0.25,0.2,0.25
100,,0.15,0.2,0.15,0.2,0.15,0.2,0.15,0.2
101,,0.1,0.15,0.1,0.15,0.1,0.15,0.1,0.15
102,,0.05,0.1,0.05,0.1,0.05,0.1,0.05,0.1
103,,0.0,0.05,0.0,0.05,0.0,0.05,0.0,0.05
104,,-0.05,0.0,-0.05,0.0,-0.05,0.0,-0.05,0.0
105,5,0.1,0.179,0.2,0.321,0.95,0.321,0.2,0.179
106,5,0.25,0.358,0.45,0.642,1.0,0.642,0.45,0.358
107,,0.2,0.308,0.4,0.592,0.95,0.592,0.4,0.308
108,,0.15,0.258,0.35,0.542,0.9,0.542,0.35,0.258
109,,0.1,0.208,0.3,0.492,0.85,0.492,0.3,0.208
110,,0.05,0.158,0.25,0.442,0.8,0.442,0.25,0.158
111,,0.0,0.108,0.2,0.392,0.75,0.392,0.2,0.108
112,,-0.05,0.058,0.15,0.342,0.7,0.342,0.15,0.058
113,1,0.95,0.379,0.4,0.521,0.85,0.521,0.4,0.379
114,1,1.0,0.7,0.65,0.7,1.0,0.7,0.65,0.7
115,,0.95,0.65,0.6,0.65,0.95,0.65,0.6,0.65
116,,0.9,0.6,0.55,0.6,0.9,0.6,0.55,0.6
117,,0.85,0.55,0.5,0.55,0.85,0.55,0.5,0.55
118,,0.8,0.5,0.45,0.5,0.8,0.5,0.45,0.5
119,,0.75,0.45,0.4,0.45,0.75,0.45,0.4,0.45
120,,0.7,0.4,0.35,0.4,0.7,0.4,0.35,0.4
121,,0.65,0.35,0.3,0.35,0.65,0.35,0.3,0.35
122,,0.6,0.3,0.25,0.3,0.6,0.3,0.25,0.3
123,,0.55,0.25,0.2,0.25,0.55,0.25,0.2,0.25
124,,0.5,0.2,0.15,0.2,0.5,0.2,0.15,0.2
125,,0.45,0.15,0.1,0.15,0.45,0.15,0.1,0.15
126,,0.4,0.1,0.05,0.1,0.4,0.1,0.05,0.1
127,,0.35,0.05,0.0,0.05,0.35,0.05,0.0,0.05
128,,0.3,0.0,-0.05,0.0,0.3,0.0,-0.05,0.0
129,3,0.55,0.321,0.95,0.321,0.55,0.179,0.1,0.179
130,3,0.8,0.642,1.0,0.642,0.8,0.358,0.25,0.358
131,,0.75,0.592,0.95,0.592,0.75,0.308,0.2,0.308
132,,0.7,0.542,0.9,0.542,0.7,0.258,0.15,0.258
133,,0.65,0.492,0.85,0.492,0.65,0.208,0.1,0.208
134,,0.6,0.442,0.8,0.442,0.6,0.158,0.05,0.158
135,,0.55,0.392,0.75,0.392,0.55,0.108,0.0,0.108
136,,0.5,0.342,0.7,0.342,0.5,0.058,-0.05,0.058
137,7,0.75,0.521,0.85,0.521,0.75,0.379,0.95,0.379
138,7,1.0,0.7,1.0,0.7,1.0,0.7,1.0,0.7
139,,0.95,0.65,0.95,0.65,0.95,0.65,0.95,0.65
140,,0.9,0.6,0.9,0.6,0.9,0.6,0.9,0.6
141,,0.85,0.55,0.85,0.55,0.85,0.55,0.85,0.55
142,,0.8,0.5,0.8,0.5,0.8,0.5,0.8,0.5
143,,0.75,0.45,0.75,0.45,0.75,0.45,0.75,0.45
144,,0.7,0.4,0.7,0.4,0.7,0.4,0.7,0.4
145,,0.65,0.35,0.65,0.35,0.65,0.35,0.65,0.35
146,,0.6,0.3,0.6,0.3,0.6,0.3,0.6,0.3
147,,0.55,0.25,0.55,0.25,0.55,0.25,0.55,0.25
148,,0.5,0.2,0.5,0.2,0.5,0.2,0.5,0.2
149,,0.45,0.15,0.45,0.15,0.45,0.15,0.45,0.15
150,,0.4,0.1,0.4,0.1,0.4,0.1,0.4,0.1
151,,0.35,0.05,0.35,0.05,0.35,0.05,0.35,0.05
152,,0.3,0.0,0.3,0.0,0.3,0.0,0.3,0.0
153,,0.25,-0.05,0.25,-0.05,0.25,-0.05,0.25,-0.05
154,8,0.571,0.2,0.429,0.1,0.429,0.2,0.571,0.95
155,8,0.892,0.45,0.608,0.25,0.608,0.45,0.892,1.0
156,,0.842,0.4,0.558,0.2,0.558,0.4,0.842,0.95
157,,0.792,0.35,0.508,0.15,0.508,0.35,0.792,0.9
158,,0.742,0.3,0.458,0.1,0.458,0.3,0.742,0.85
159,,0.692,0.25,0.408,0.05,0.408,0.25,0.692,0.8
160,,0.642,0.2,0.358,0.0,0.358,0.2,0.642,0.75
161,,0.592,0.15,0.308,-0.05,0.308,0.15,0.592,0.7
162,4,0.771,0.4,0.629,0.95,0.629,0.4,0.771,0.85
163,4,0.95,0.65,0.95,1.0,0.95,0.65,0.95,1.0
164,,0.9,0.6,0.9,0.95,0.9,0.6,0.9,0.95
165,,0.85,0.55,0.85,0.9,0.85,0.55,0.85,0.9
166,,0.8,0.5,0.8,0.85,0.8,0.5,0.8,0.85
167,,0.75,0.45,0.75,0.8,0.75,0.45,0.75,0.8
168,,0.7,0.4,0.7,0.75,0.7,0.4,0.7,0.75
169,,0.65,0.35,0.65,0.7,0.65,0.35,0.65,0.7
170,,0.6,0.3,0.6,0.65,0.6,0.3,0.6,0.65
171,,0.55,0.25,0.55,0.6,0.55,0.25,0.55,0.6
172,,0.5,0.2,0.5,0.55,0.5,0.2,0.5,0.55
173,,0.45,0.15,0.45,0.5,0.45,0.15,0.45,0.5
174,,0.4,0.1,0.4,0.45,0.4,0.1,0.4,0.45
175,,0.35,0.05,0.35,0.4,0.35,0.05,0.35,0.4
176,,0.3,0.0,0.3,0.35,0.3,0.0,0.3,0.35
177,,0.25,-0.05,0.25,0.3,0.25,-0.05,0.25,0.3
178,6,0.429,0.1,0.429,0.55,0.571,0.95,0.571,0.55
179,6,0.608,0.25,0.608,0.8,0.892,1.0,0.892,0.8
180,,0.558,0.2,0.558,0.75,0.842,0.95,0.842,0.75
181,,0.508,0.15,0.508,0.7,0.792,0.9,0.792,0.7
182,,0.458,0.1,0.458,0.65,0.742,0.85,0.742,0.65
183,,0.408,0.05,0.408,0.6,0.692,0.8,0.692,0.6
184,,0.358,0.0,0.358,0.55,0.642,0.75,0.642,0.55
185,,0.308,-0.05,0.308,0.5,0.592,0.7,0.592,0.5
186,2,0.629,0.95,0.629,0.75,0.771,0.85,0.771,0.75
187,2,0.95,1.0,0.95,1.0,0.95,1.0,0.95,1.0
188,,0.9,0.95,0.9,0.95,0.9,0.95,0.9,0.95
189,,0.85,0.9,0.85,0.9,0.85,0.9,0.85,0.9
190,,0.8,0.85,0.8,0.85,0.8,0.85,0.8,0.85
191,,0.75,0.8,0.75,0.8,0.75,0.8,0.75,0.8
192,,0.7,0.75,0.7,0.75,0.7,0.75,0.7,0.75
193,,0.65,0.7,0.65,0.7,0.65,0.7,0.65,0.7
194,,0.6,0.65,0.6,0.65,0.6,0.65,0.6,0.65
195,,0.55,0.6,0.55,0.6,0.55,0.6,0.55,0.6
196,,0.5,0.55,0.5,0.55,0.5,0.55,0.5,0.55
197,,0.45,0.5,0.45,0.5,0.45,0.5,0.45,0.5
198,,0.4,0.45,0.4,0.45,0.4,0.45,0.4,0.45
199,,0.35,0.4,0.35,0.4,0.35,0.4,0.35,0.4
200,,0.3,0.35,0.3,0.35,0.3,0.35,0.3,0.35
201,,0.25,0.3,0.25,0.3,0.25,0.3,0.25,0.3
202,,0.2,0.25,0.2,0.25,0.2,0.25,0.2,0.25
203,,0.15,0.2,0.15,0.2,0.15,0.2,0.15,0.2
204,,0.1,0.15,0.1,0.15,0.1,0.15,0.1,0.15
205,,0.05,0.1,0.05,0.1,0.05,0.1,0.05,0.1
206,,0.0,0.05,0.0,0.05,0.0,0.05,0.0,0.05
207,,-0.05,0.0,-0.05,0.0,-0.05,0.0,-0.05,0.0
208,1,0.95,0.321,0.2,0.179,0.1,0.179,0.2,0.321
209,1,1.0,0.642,0.45,0.358,0.25,0.358,0.45,0.642
210,,0.95,0.592,0.4,0.308,0.2,0.308,0.4,0.592
211,,0.9,0.542,0.35,0.258,0.15,0.258,0.35,0.542
212,,0.85,0.492,0.3,0.208,0.1,0.208,0.3,0.492
213,,0.8,0.442,0.25,0.158,0.05,0.158,0.25,0.442
214,,0.75,0.392,0.2,0.108,0.0,0.108,0.2,0.392
215,,0.7,0.342,0.15,0.058,-0.05,0.058,0.15,0.342
216,5,0.85,0.521,0.4,0.379,0.95,0.379,0.4,0.521
217,5,1.0,0.7,0.65,0.7,1.0,0.7,0.65,0.7
218,,0.95,0.65,0.6,0.65,0.95,0.65,0.6,0.65
219,,0.9,0.6,0.55,0.6,0.9,0.6,0.55,0.6
220,,0.85,0.55,0.5,0.55,0.85,0.55,0.5,0.55
221,,0.8,0.5,0.45,0.5,0.8,0.5,0.45,0.5
222,,0.75,0.45,0.4,0.45,0.75,0.45,0.4,0.45
223,,0.7,0.4,0.35,0.4,0.7,0.4,0.35,0.4
224,,0.65,0.35,0.3,0.35,0.65,0.35,0.3,0.35
225,,0.6,0.3,0.25,0.3,0.6,0.3,0.25,0.3
226,,0.55,0.25,0.2,0.25,0.55,0.25,0.2,0.25
227,,0.5,0.2,0.15,0.2,0.5,0.2,0.15,0.2
228,,0.45,0.15,0.1,0.15,0.45,0.15,0.1,0.15
229,,0.4,0.1,0.05,0.1,0.4,0.1,0.05,0.1
230,,0.35,0.05,0.0,0.05,0.35,0.05,0.0,0.05
231,,0.3,0.0,-0.05,0.0,0.3,0.0,-0.05,0.0
232,7,0.55,0.179,0.1,0.179,0.55,0.321,0.95,0.321
233,7,0.8,0.358,0.25,0.358,0.8,0.642,1.0,0.642
234,,0.75,0.308,0.2,0.308,0.75,0.592,0.95,0.592
235,,0.7,0.258,0.15,0.258,0.7,0.542,0.9,0.542
236,,0.65,0.208,0.1,0.208,0.65,0.492,0.85,0.492
237,,0.6,0.158,0.05,0.158,0.6,0.442,0.8,0.442
238,,0.55,0.108,0.0,0.108,0.55,0.392,0.75,0.392
239,,0.5,0.058,-0.05,0.058,0.5,0.342,0.7,0.342
240,3,0.75,0.379,0.95,0.379,0.75,0.521,0.85,0.521
241,3,1.0,0.7,1.0,0.7,1.0,0.7,1.0,0.7
242,,0.95,0.65,0.95,0.65,0.95,0.65,0.95,0.65
243,,0.9,0.6,0.9,0.6,0.9,0.6,0.9,0.6
244,,0.85,0.55,0.85,0.55,0.85,0.55,0.85,0.55
245,,0.8,0.5,0.8,0.5,0.8,0.5,0.8,0.5
246,,0.75,0.45,0.75,0.45,0.75,0.45,0.75,0.45
247,,0.7,0.4,0.7,0.4,0.7,0.4,0.7,0.4
248,,0.65,0.35,0.65,0.35,0.65,0.35,0.65,0.35
249,,0.6,0.3,0.6,0.3,0.6,0.3,0.6,0.3
250,,0.55,0.25,0.55,0.25,0.55,0.25,0.55,0.25
251,,0.5,0.2,0.5,0.2,0.5,0.2,0.5,0.2
252,,0.45,0.15,0.45,0.15,0.45,0.15,0.45,0.15
253,,0.4,0.1,0.4,0.1,0.4,0.1,0.4,0.1
254,,0.35,0.05,0.35,0.05,0.35,0.05,0.35,0.05
255,,0.3,0.0,0.3,0.0,0.3,0.0,0.3,0.0
256,,0.25,-0.05,0.25,-0.05,0.25,-0.05,0.25,-0.05
257,6,0.429,0.1,0.429,0.2,0.571,0.95,0.571,0.2
258,6,0.608,0.25,0.608,0.45,0.892,1.0,0.892,0.45
259,,0.558,0.2,0.558,0.4,0.842,0.95,0.842,0.4
260,,0.508,0.15,0.508,0.35,0.792,0.9,0.792,0.35
261,,0.458,0.1,0.458,0.3,0.742,0.85,0.742,0.3
262,,0.408,0.05,0.408,0.25,0.692,0.8,0.692,0.25
263,,0.358,0.0,0.358,0.2,0.642,0.75,0.642,0.2
264,,0.308,-0.05,0.308,0.15,0.592,0.7,0.592,0.15
265,2,0.629,0.95,0.629,0.4,0.771,0.85,0.771,0.4
266,2,0.95,1.0,0.95,0.65,0.95,1.0,0.95,0.65
267,,0.9,0.95,0.9,0.6,0.9,0.95,0.9,0.6
268,,0.85,0.9,0.85,0.55,0.85,0.9,0.85,0.55
269,,0.8,0.85,0.8,0.5,0.8,0.85,0.8,0.5
270,,0.75,0.8,0.75,0.45,0.75,0.8,0.75,0.45
271,,0.7,0.75,0.7,0.4,0.7,0.75,0.7,0.4
272,,0.65,0.7,0.65,0.35,0.65,0.7,0.65,0.35
273,,0.6,0.65,0.6,0.3,0.6,0.65,0.6,0.3
274,,0.55,0.6,0.55,0.25,0.55,0.6,0.55,0.25
275,,0.5,0.55,0.5,0.2,0.5,0.55,0.5,0.2
276,,0.45,0.5,0.45,0.15,0.45,0.5,0.45,0.15
277,,0.4,0.45,0.4,0.1,0.4,0.45,0.4,0.1
278,,0.35,0.4,0.35,0.05,0.35,0.4,0.35,0.05
279,,0.3,0.35,0.3,0.0,0.3,0.35,0.3,0.0
280,,0.25,0.3,0.25,-0.05,0.25,0.3,0.25,-0.05
281,4,0.429,0.55,0.571,0.95,0.571,0.55,0.429,0.1
282,4,0.608,0.8,0.892,1.0,0.892,0.8,0.608,0.25
283,,0.558,0.75,0.842,0.95,0.842,0.75,0.558,0.2
284,,0.508,0.7,0.792,0.9,0.792,0.7,0.508,0.15
285,,0.458,0.65,0.742,0.85,0.742,0.65,0.458,0.1
286,,0.408,0.6,0.692,0.8,0.692,0.6,0.408,0.05
287,,0.358,0.55,0.642,0.75,0.642,0.55,0.358,0.0
288,,0.308,0.5,0.592,0.7,0.592,0.5,0.308,-0.05
289,8,0.629,0.75,0.771,0.85,0.771,0.75,0.629,0.95
290,8,0.95,1.0,0.95,1.0,0.95,1.0,0.95,1.0
291,,0.9,0.95,0.9,0.95,0.9,0.95,0.9,0.95
292,,0.85,0.9,0.85,0.9,0.85,0.9,0.85,0.9
293,,0.8,0.85,0.8,0.85,0.8,0.85,0.8,0.85
294,,0.75,0.8,0.75,0.8,0.75,0.8,0.75,0.8
295,,0.7,0.75,0.7,0.75,0.7,0.75,0.7,0.75
296,,0.65,0.7,0.65,0.7,0.65,0.7,0.65,0.7
297,,0.6,0.65,0.6,0.65,0.6,0.65,0.6,0.65
298,,0.55,0.6,0.55,0.6,0.55,0.6,0.55,0.6
299,,0.5,0.55,0.5,0.55,0.5,0.55,0.5,0.55
300,,0.45,0.5,0.45,0.5,0.45,0.5,0.45,0.5
301,,0.4,0.45,0.4,0.45,0.4,0.45,0.4,0.45
302,,0.35,0.4,0.35,0.4,0.35,0.4,0.35,0.4
303,,0.3,0.35,0.3,0.35,0.3,0.35,0.3,0.35
304,,0.25,0.3,0.25,0.3,0.25,0.3,0.25,0.3
305,,0.2,0.25,0.2,0.25,0.2,0.25,0.2,0.25
306,,0.15,0.2,0.15,0.2,0.15,0.2,0.15,0.2
307,,0.1,0.15,0.1,0.15,0.1,0.15,0.1,0.15
308,,0.05,0.1,0.05,0.1,0.05,0.1,0.05,0.1
309,,0.0,0.05,0.0,0.05,0.0,0.05,0.0,0.05
310,,-0.05,0.0,-0.05,0.0,-0.05,0.0,-0.05,0.0
311,1,0.95,0.321,0.2,0.179,0.1,0.179,0.2,0.321
312,1,1.0,0.642,0.45,0.358,0.25,0.358,0.45,0.642
313,,0.95,0.592,0.4,0.308,0.2,0.308,0.4,0.592
314,,0.9,0.542,0.35,0.258,0.15,0.258,0.35,0.542
315,,0.85,0.492,0.3,0.208,0.1,0.208,0.3,0.492
316,,0.8,0.442,0.25,0.158,0.05,0.158,0.25,0.442
317,,0.75,0.392,0.2,0.108,0.0,0.108,0.2,0.392
318,,0.7,0.342,0.15,0.058,-0.05,0.058,0.15,0.342
319,5,0.85,0.521,0.4,0.379,0.95,0.379,0.4,0.521
320,5,1.0,0.7,0.65,0.7,1.0,0.7,0.65,0.7
321,,0.95,0.65,0.6,0.65,0.95,0.65,0.6,0.65
322,,0.9,0.6,0.55,0.6,0.9,0.6,0.55,0.6
323,,0.85,0.55,0.5,0.55,0.85,0.55,0.5,0.55
324,,0.8,0.5,0.45,0.5,0.8,0.5,0.45,0.5
325,,0.75,0.45,0.4,0.45,0.75,0.45,0.4,0.45
326,,0.7,0.4,0.35,0.4,0.7,0.4,0.35,0.4
327,,0.65,0.35,0.3,0.35,0.65,0.35,0.3,0.35
328,,0.6,0.3,0.25,0.3,0.6,0.3,0.25,0.3
329,,0.55,0.25,0.2,0.25,0.55,0.25,0.2,0.25
330,,0.5,0.2,0.15,0.2,0.5,0.2,0.15,0.2
331,,0.45,0.15,0.1,0.15,0.45,0.15,0.1,0.15
332,,0.4,0.1,0.05,0.1,0.4,0.1,0.05,0.1
333,,0.35,0.05,0.0,0.05,0.35,0.05,0.0,0.05
334,,0.3,0.0,-0.05,0.0,0.3,0.0,-0.05,0.0
335,3,0.55,0.321,0.95,0.321,0.55,0.179,0.1,0.179
336,3,0.8,0.642,1.0,0.642,0.8,0.358,0.25,0.358
337,,0.75,0.592,0.95,0.592,0.75,0.308,0.2,0.308
338,,0.7,0.542,0.9,0.542,0.7,0.258,0.15,0.258
339,,0.65,0.492,0.85,0.492,0.65,0.208,0.1,0.208
340,,0.6,0.442,0.8,0.442,0.6,0.158,0.05,0.158
341,,0.55,0.392,0.75,0.392,0.55,0.108,0.0,0.108
342,,0.5,0.342,0.7,0.342,0.5,0.058,-0.05,0.058
343,7,0.75,0.521,0.85,0.521,0.75,0.379,0.95,0.379
344,7,1.0,0.7,1.0,0.7,1.0,0.7,1.0,0.7
345,,0.95,0.65,0.95,0.65,0.95,0.65,0.95,0.65
346,,0.9,0.6,0.9,0.6,0.9,0.6,0.9,0.6
347,,0.85,0.55,0.85,0.55,0.85,0.55,0.85,0.55
348,,0.8,0.5,0.8,0.5,0.8,0.5,0.8,0.5
349,,0.75,0.45,0.75,0.45,0.75,0.45,0.75,0.45
350,,0.7,0.4,0.7,0.4,0.7,0.4,0.7,0.4
351,,0.65,0.35,0.65,0.35,0.65,0.35,0.65,0.35
352,,0.6,0.3,0.6,0.3,0.6,0.3,0.6,0.3
353,,0.55,0.25,0.55,0.25,0.55,0.25,0.55,0.25
354,,0.5,0.2,0.5,0.2,0.5,0.2,0.5,0.2
355,,0.45,0.15,0.45,0.15,0.45,0.15,0.45,0.15
356,,0.4,0.1,0.4,0.1,0.4,0.1,0.4,0.1
357,,0.35,0.05,0.35,0.05,0.35,0.05,0.35,0.05
358,,0.3,0.0,0.3,0.0,0.3,0.0,0.3,0.0
359,,0.25,-0.05,0.25,-0.05,0.25,-0.05,0.25,-0.05
360,4,0.429,0.2,0.571,0.95,0.571,0.2,0.429,0.1
361,4,0.608,0.45,0.892,1.0,0.892,0.45,0.608,0.25
362,,0.558,0.4,0.842,0.95,0.842,0.4,0.558,0.2
363,,0.508,0.35,0.792,0.9,0.792,0.35,0.508,0.15
364,,0.458,0.3,0.742,0.85,0.742,0.3,0.458,0.1
365,,0.408,0.25,0.692,0.8,0.692,0.25,0.408,0.05
366,,0.358,0.2,0.642,0.75,0.642,0.2,0.358,0.0
367,,0.308,0.15,0.592,0.7,0.592,0.15,0.308,-0.05
368,8,0.629,0.4,0.771,0.85,0.771,0.4,0.629,0.95
369,8,0.95,0.65,0.95,1.0,0.95,0.65,0.95,1.0
370,,0.9,0.6,0.9,0.95,0.9,0.6,0.9,0.95
371,,0.85,0.55,0.85,0.9,0.85,0.55,0.85,0.9
372,,0.8,0.5,0.8,0.85,0.8,0.5,0.8,0.85
373,,0.75,0.45,0.75,0.8,0.75,0.45,0.75,0.8
374,,0.7,0.4,0.7,0.75,0.7,0.4,0.7,0.75
375,,0.65,0.35,0.65,0.7,0.65,0.35,0.65,0.7
376,,0.6,0.3,0.6,0.65,0.6,0.3,0.6,0.65
377,,0.55,0.25,0.55,0.6,0.55,0.25,0.55,0.6
378,,0.5,0.2,0.5,0.55,0.5,0.2,0.5,0.55
379,,0.45,0.15,0.45,0.5,0.45,0.15,0.45,0.5
380,,0.4,0.1,0.4,0.45,0.4,0.1,0.4,0.45
381,,0.35,0.05,0.35,0.4,0.35,0.05,0.35,0.4
382,,0.3,0.0,0.3,0.35,0.3,0.0,0.3,0.35
383,,0.25,-0.05,0.25,0.3,0.25,-0.05,0.25,0.3
384,6,0.429,0.1,0.429,0.55,0.571,0.95,0.571,0.55
385,6,0.608,0.25,0.608,0.8,0.892,1.0,0.892,0.8
386,,0.558,0.2,0.558,0.75,0.842,0.95,0.842,0.75
387,,0.508,0.15,0.508,0.7,0.792,0.9,0.792,0.7
388,,0.458,0.1,0.458,0.65,0.742,0.85,0.742,0.65
389,,0.408,0.05,0.408,0.6,0.692,0.8,0.692,0.6
390,,0.358,0.0,0.358,0.55,0.642,0.75,0.642,0.55
391,,0.308,-0.05,0.308,0.5,0.592,0.7,0.592,0.5
392,2,0.629,0.95,0.629,0.75,0.771,0.85,0.771,0.75
393,2,0.95,1.0,0.95,1.0,0.95,1.0,0.95,1.0
394,,0.9,0.95,0.9,0.95,0.9,0.95,0.9,0.95
395,,0.85,0.9,0.85,0.9,0.85,0.9,0.85,0.9
396,,0.8,0.85,0.8,0.85,0.8,0.85,0.8,0.85
397,,0.75,0.8,0.75,0.8,0.75,0.8,0.75,0.8
398,,0.7,0.75,0.7,0.75,0.7,0.75,0.7,0.75
399,,0.65,0.7,0.65,0.7,0.65,0.7,0.65,0.7
400,,0.6,0.65,0.6,0.65,0.6,0.65,0.6,0.65
401,,0.55,0.6,0.55,0.6,0.55,0.6,0.55,0.6
402,,0.5,0.55,0.5,0.55,0.5,0.55,0.5,0.55
403,,0.45,0.5,0.45,0.5,0.45,0.5,0.45,0.5
404,,0.4,0.45,0.4,0.45,0.4,0.45,0.4,0.45
405,,0.35,0.4,0.35,0.4,0.35,0.4,0.35,0.4
406,,0.3,0.35,0.3,0.35,0.3,0.35,0.3,0.35
407,,0.25,0.3,0.25,0.3,0.25,0.3,0.25,0.3
408,,0.2,0.25,0.2,0.25,0.2,0.25,0.2,0.25
409,,0.15,0.2,0.15,0.2,0.15,0.2,0.15,0.2
410,,0.1,0.15,0.1,0.15,0.1,0.15,0.1,0.15
411,,0.05,0.1,0.05,0.1,0.05,0.1,0.05,0.1
412,,0.0,0.05,0.0,0.05,0.0,0.05,0.0,0.05
413,,-0.05,0.0,-0.05,0.0,-0.05,0.0,-0.05,0.0
414,3,0.2,0.321,0.95,0.321,0.2,0.179,0.1,0.179
415,3,0.45,0.642,1.0,0.642,0.45,0.358,0.25,0.358
416,,0.4,0.592,0.95,0.592,0.4,0.308,0.2,0.308
417,,0.35,0.542,0.9,0.542,0.35,0.258,0.15,0.258
418,,0.3,0.492,0.85,0.492,0.3,0.208,0.1,0.208
419,,0.25,0.442,0.8,0.442,0.25,0.158,0.05,0.158
420,,0.2,0.392,0.75,0.392,0.2,0.108,0.0,0.108
421,,0.15,0.342,0.7,0.342,0.15,0.058,-0.05,0.058
422,7,0.4,0.521,0.85,0.521,0.4,0.379,0.95,0.379
423,7,0.65,0.7,1.0,0.7,0.65,0.7,1.0,0.7
424,,0.6,0.65,0.95,0.65,0.6,0.65,0.95,0.65
425,,0.55,0.6,0.9,0.6,0.55,0.6,0.9,0.6
426,,0.5,0.55,0.85,0.55,0.5,0.55,0.85,0.55
427,,0.45,0.5,0.8,0.5,0.45,0.5,0.8,0.5
428,,0.4,0.45,0.75,0.45,0.4,0.45,0.75,0.45
429,,0.35,0.4,0.7,0.4,0.35,0.4,0.7,0.4
430,,0.3,0.35,0.65,0.35,0.3,0.35,0.65,0.35
431,,0.25,0.3,0.6,0.3,0.25,0.3,0.6,0.3
432,,0.2,0.25,0.55,0.25,0.2,0.25,0.55,0.25
433,,0.15,0.2,0.5,0.2,0.15,0.2,0.5,0.2
434,,0.1,0.15,0.45,0.15,0.1,0.15,0.45,0.15
435,,0.05,0.1,0.4,0.1,0.05,0.1,0.4,0.1
436,,0.0,0.05,0.35,0.05,0.0,0.05,0.35,0.05
437,,-0.05,0.0,0.3,0.0,-0.05,0.0,0.3,0.0
438,1,0.95,0.321,0.55,0.179,0.1,0.179,0.55,0.321
439,1,1.0,0.642,0.8,0.358,0.25,0.358,0.8,0.642
440,,0.95,0.592,0.75,0.308,0.2,0.308,0.75,0.592
441,,0.9,0.542,0.7,0.258,0.15,0.258,0.7,0.542
442,,0.85,0.492,0.65,0.208,0.1,0.208,0.65,0.492
443,,0.8,0.442,0.6,0.158,0.05,0.158,0.6,0.442
444,,0.75,0.392,0.55,0.108,0.0,0.108,0.55,0.392
445,,0.7,0.342,0.5,0.058,-0.05,0.058,0.5,0.342
446,5,0.85,0.521,0.75,0.379,0.95,0.379,0.75,0.521
447,5,1.0,0.7,1.0,0.7,1.0,0.7,1.0,0.7
448,,0.95,0.65,0.95,0.65,0.95,0.65,0.95,0.65
449,,0.9,0.6,0.9,0.6,0.9,0.6,0.9,0.6
450,,0.85,0.55,0.85,0.55,0.85,0.55,0.85,0.55
451,,0.8,0.5,0.8,0.5,0.8,0.5,0.8,0.5
452,,0.75,0.45,0.75,0.45,0.75,0.45,0.75,0.45
453,,0.7,0.4,0.7,0.4,0.7,0.4,0.7,0.4
454,,0.65,0.35,0.65,0.35,0.65,0.35,0.65,0.35
455,,0.6,0.3,0.6,0.3,0.6,0.3,0.6,0.3
456,,0.55,0.25,0.55,0.25,0.55,0.25,0.55,0.25
457,,0.5,0.2,0.5,0.2,0.5,0.2,0.5,0.2
458,,0.45,0.15,0.45,0.15,0.45,0.15,0.45,0.15
459,,0.4,0.1,0.4,0.1,0.4,0.1,0.4,0.1
460,,0.35,0.05,0.35,0.05,0.35,0.05,0.35,0.05
461,,0.3,0.0,0.3,0.0,0.3,0.0,0.3,0.0
462,,0.25,-0.05,0.25,-0.05,0.25,-0.05,0.25,-0.05
463,4,0.429,0.2,0.571,0.95,0.571,0.2,0.429,0.1
464,4,0.608,0.45,0.892,1.0,0.892,0.45,0.608,0.25
465,,0.558,0.4,0.842,0.95,0.842,0.4,0.558,0.2
466,,0.508,0.35,0.792,0.9,0.792,0.35,0.508,0.15
467,,0.458,0.3,0.742,0.85,0.742,0.3,0.458,0.1
468,,0.408,0.25,0.692,0.8,0.692,0.25,0.408,0.05
469,,0.358,0.2,0.642,0.75,0.642,0.2,0.358,0.0
470,,0.308,0.15,0.592,0.7,0.592,0.15,0.308,-0.05
471,8,0.629,0.4,0.771,0.85,0.771,0.4,0.629,0.95
472,8,0.95,0.65,0.95,1.0,0.95,0.65,0.95,1.0
473,,0.9,0.6,0.9,0.95,0.9,0.6,0.9,0.95
474,,0.85,0.55,0.85,0.9,0.85,0.55,0.85,0.9
475,,0.8,0.5,0.8,0.85,0.8,0.5,0.8,0.85
476,,0.75,0.45,0.75,0.8,0.75,0.45,0.75,0.8
477,,0.7,0.4,0.7,0.75,0.7,0.4,0.7,0.75
478,,0.65,0.35,0.65,0.7,0.65,0.35,0.65,0.7
479,,0.6,0.3,0.6,0.65,0.6,0.3,0.6,0.65
480,,0.55,0.25,0.55,0.6,0.55,0.25,0.55,0.6
481,,0.5,0.2,0.5,0.55,0.5,0.2,0.5,0.55
482,,0.45,0.15,0.45,0.5,0.45,0.15,0.45,0.5
483,,0.4,0.1,0.4,0.45,0.4,0.1,0.4,0.45
484,,0.35,0.05,0.35,0.4,0.35,0.05,0.35,0.4
485,,0.3,0.0,0.3,0.35,0.3,0.0,0.3,0.35
486,,0.25,-0.05,0.25,0.3,0.25,-0.05,0.25,0.3
487,2,0.571,0.95,0.571,0.55,0.429,0.1,0.429,0.55
488,2,0.892,1.0,0.892,0.8,0.608,0.25,0.608,0.8
489,,0.842,0.95,0.842,0.75,0.558,0.2,0.558,0.75
490,,0.792,0.9,0.792,0.7,0.508,0.15,0.508,0.7
491,,0.742,0.85,0.742,0.65,0.458,0.1,0.458,0.65
492,,0.692,0.8,0.692,0.6,0.408,0.05,0.408,0.6
493,,0.642,0.75,0.642,0.55,0.358,0.0,0.358,0.55
494,,0.592,0.7,0.592,0.5,0.308,-0.05,0.308,0.5
495,6,0.771,0.85,0.771,0.75,0.629,0.95,0.629,0.75
496,6,0.95,1.0,0.95,1.0,0.95,1.0,0.95,1.0
497,,0.9,0.95,0.9,0.95,0.9,0.95,0.9,0.95
498,,0.85,0.9,0.85,0.9,0.85,0.9,0.85,0.9
499,,0.8,0.85,0.8,0.85,0.8,0.85,0.8,0.85
500,,0.75,0.8,0.75,0.8,0.75,0.8,0.75,0.8
501,,0.7,0.75,0.7,0.75,0.7,0.75,0.7,0.75
502,,0.65,0.7,0.65,0.7,0.65,0.7,0.65,0.7
503,,0.6,0.65,0.6,0.65,0.6,0.65,0.6,0.65
504,,0.55,0.6,0.55,0.6,0.55,0.6,0.55,0.6
505,,0.5,0.55,0.5,0.55,0.5,0.55,0.5,0.55
506,,0.45,0.5,0.45,0.5,0.45,0.5,0.45,0.5
507,,0.4,0.45,0.4,0.45,0.4,0.45,0.4,0.45
508,,0.35,0.4,0.35,0.4,0.35,0.4,0.35,0.4
509,,0.3,0.35,0.3,0.35,0.3,0.35,0.3,0.35
510,,0.25,0.3,0.25,0.3,0.25,0.3,0.25,0.3
511,,0.2,0.25,0.2,0.25,0.2,0.25,0.2,0.25
512,,0.15,0.2,0.15,0.2,0.15,0.2,0.15,0.2
513,,0.1,0.15,0.1,0.15,0.1,0.15,0.1,0.15
514,,0.05,0.1,0.05,0.1,0.05,0.1,0.05,0.1
515,,0.0,0.05,0.0,0.05,0.0,0.05,0.0,0.05
516,,-0.05,0.0,-0.05,0.0,-0.05,0.0,-0.05,0.0
517,3,0.2,0.321,0.95,0.321,0.2,0.179,0.1,0.179
518,3,0.45,0.642,1.0,0.642,0.45,0.358,0.25,0.358
519,,0.4,0.592,0.95,0.592,0.4,0.308,0.2,0.308
520,,0.35,0.542,0.9,0.542,0.35,0.258,0.15,0.258
521,,0.3,0.492,0.85,0.492,0.3,0.208,0.1,0.208
522,,0.25,0.442,0.8,0.442,0.25,0.158,0.05,0.158
523,,0.2,0.392,0.75,0.392,0.2,0.108,0.0,0.108
524,,0.15,0.342,0.7,0.342,0.15,0.058,-0.05,0.058
525,7,0.4,0.521,0.85,0.521,0.4,0.379,0.95,0.379
526,7,0.65,0.7,1.0,0.7,0.65,0.7,1.0,0.7
527,,0.6,0.65,0.95,0.65,0.6,0.65,0.95,0.65
528,,0.55,0.6,0.9,0.6,0.55,0.6,0.9,0.6
529,,0.5,0.55,0.85,0.55,0.5,0.55,0.85,0.55
530,,0.45,0.5,0.8,0.5,0.45,0.5,0.8,0.5
531,,0.4,0.45,0.75,0.45,0.4,0.45,0.75,0.45
532,,0.35,0.4,0.7,0.4,0.35,0.4,0.7,0.4
533,,0.3,0.35,0.65,0.35,0.3,0.35,0.65,0.35
534,,0.25,0.3,0.6,0.3,0.25,0.3,0.6,0.3
535,,0.2,0.25,0.55,0.25,0.2,0.25,0.55,0.25
536,,0.15,0.2,0.5,0.2,0.15,0.2,0.5,0.2
537,,0.1,0.15,0.45,0.15,0.1,0.15,0.45,0.15
538,,0.05,0.1,0.4,0.1,0.05,0.1,0.4,0.1
539,,0.0,0.05,0.35,0.05,0.0,0.05,0.35,0.05
540,,-0.05,0.0,0.3,0.0,-0.05,0.0,0.3,0.0
541,1,0.95,0.321,0.55,0.179,0.1,0.179,0.55,0.321
542,1,1.0,0.642,0.8,0.358,0.25,0.358,0.8,0.642
543,,0.95,0.592,0.75,0.308,0.2,0.308,0.75,0.592
544,,0.9,0.542,0.7,0.258,0.15,0.258,0.7,0.542
545,,0.85,0.492,0.65,0.208,0.1,0.208,0.65,0.492
546,,0.8,0.442,0.6,0.158,0.05,0.158,0.6,0.442
547,,0.75,0.392,0.55,0.108,0.0,0.108,0.55,0.392
548,,0.7,0.342,0.5,0.058,-0.05,0.058,0.5,0.342
549,5,0.85,0.521,0.75,0.379,0.95,0.379,0.75,0.521
550,5,1.0,0.7,1.0,0.7,1.0,0.7,1.0,0.7
551,,0.95,0.65,0.95,0.65,0.95,0.65,0.95,0.65
552,,0.9,0.6,0.9,0.6,0.9,0.6,0.9,0.6
553,,0.85,0.55,0.85,0.55,0.85,0.55,0.85,0.55
554,,0.8,0.5,0.8,0.5,0.8,0.5,0.8,0.5
555,,0.75,0.45,0.75,0.45,0.75,0.45,0.75,0.45
556,,0.7,0.4,0.7,0.4,0.7,0.4,0.7,0.4
557,,0.65,0.35,0.65,0.35,0.65,0.35,0.65,0.35
558,,0.6,0.3,0.6,0.3,0.6,0.3,0.6,0.3
559,,0.55,0.25,0.55,0.25,0.55,0.25,0.55,0.25
560,,0.5,0.2,0.5,0.2,0.5,0.2,0.5,0.2
561,,0.45,0.15,0.45,0.15,0.45,0.15,0.45,0.15
562,,0.4,0.1,0.4,0.1,0.4,0.1,0.4,0.1
563,,0.35,0.05,0.35,0.05,0.35,0.05,0.35,0.05
564,,0.3,0.0,0.3,0.0,0.3,0.0,0.3,0.0
565,,0.25,-0.05,0.25,-0.05,0.25,-0.05,0.25,-0.05
566,2,0.571,0.95,0.571,0.2,0.429,0.1,0.429,0.2
567,2,0.892,1.0,0.892,0.45,0.608,0.25,0.608,0.45
568,,0.842,0.95,0.842,0.4,0.558,0.2,0.558,0.4
569,,0.792,0.9,0.792,0.35,0.508,0.15,0.508,0.35
570,,0.742,0.85,0.742,0.3,0.458,0.1,0.458,0.3
571,,0.692,0.8,0.692,0.25,0.408,0.05,0.408,0.25
572,,0.642,0.75,0.642,0.2,0.358,0.0,0.358,0.2
573,,0.592,0.7,0.592,0.15,0.308,-0.05,0.308,0.15
574,6,0.771,0.85,0.771,0.4,0.629,0.95,0.629,0.4
575,6,0.95,1.0,0.95,0.65,0.95,1.0,0.95,0.65
576,,0.9,0.95,0.9,0.6,0.9,0.95,0.9,0.6
577,,0.85,0.9,0.85,0.55,0.85,0.9,0.85,0.55
578,,0.8,0.85,0.8,0.5,0.8,0.85,0.8,0.5
579,,0.75,0.8,0.75,0.45,0.75,0.8,0.75,0.45
580,,0.7,0.75,0.7,0.4,0.7,0.75,0.7,0.4
581,,0.65,0.7,0.65,0.35,0.65,0.7,0.65,0.35
582,,0.6,0.65,0.6,0.3,0.6,0.65,0.6,0.3
583,,0.55,0.6,0.55,0.25,0.55,0.6,0.55,0.25
584,,0.5,0.55,0.5,0.2,0.5,0.55,0.5,0.2
585,,0.45,0.5,0.45,0.15,0.45,0.5,0.45,0.15
586,,0.4,0.45,0.4,0.1,0.4,0.45,0.4,0.1
587,,0.35,0.4,0.35,0.05,0.35,0.4,0.35,0.05
588,,0.3,0.35,0.3,0.0,0.3,0.35,0.3,0.0
589,,0.25,0.3,0.25,-0.05,0.25,0.3,0.25,-0.05
590,4,0.429,0.55,0.571,0.95,0.571,0.55,0.429,0.1
591,4,0.608,0.8,0.892,1.0,0.892,0.8,0.608,0.25
592,,0.558,0.75,0.842,0.95,0.842,0.75,0.558,0.2
593,,0.508,0.7,0.792,0.9,0.792,0.7,0.508,0.15
594,,0.458,0.65,0.742,0.85,0.742,0.65,0.458,0.1
595,,0.408,0.6,0.692,0.8,0.692,0.6,0.408,0.05
596,,0.358,0.55,0.642,0.75,0.642,0.55,0.358,0.0
597,,0.308,0.5,0.592,0.7,0.592,0.5,0.308,-0.05
598,8,0.629,0.75,0.771,0.85,0.771,0.75,0.629,0.95
599,8,0.95,1.0,0.95,1.0,0.95,1.0,0.95,1.0
600,,0.9,0.95,0.9,0.95,0.9,0.95,0.9,0.95
601,,0.85,0.9,0.85,0.9,0.85,0.9,0.85,0.9
602,,0.8,0.85,0.8,0.85,0.8,0.85,0.8,0.85
603,,0.75,0.8,0.75,0.8,0.75,0.8,0.75,0.8
604,,0.7,0.75,0.7,0.75,0.7,0.75,0.7,0.75
605,,0.65,0.7,0.65,0.7,0.65,0.7,0.65,0.7
606,,0.6,0.65,0.6,0.65,0.6,0.65,0.6,0.65
607,,0.55,0.6,0.55,0.6,0.55,0.6,0.55,0.6
608,,0.5,0.55,0.5,0.55,0.5,0.55,0.5,0.55
609,,0.45,0.5,0.45,0.5,0.45,0.5,0.45,0.5
610,,0.4,0.45,0.4,0.45,0.4,0.45,0.4,0.45
611,,0.35,0.4,0.35,0.4,0.35,0.4,0.35,0.4
612,,0.3,0.35,0.3,0.35,0.3,0.35,0.3,0.35
613,,0.25,0.3,0.25,0.3,0.25,0.3,0.25,0.3
614,,0.2,0.25,0.2,0.25,0.2,0.25,0.2,0.25
615,,0.15,0.2,0.15,0.2,0.15,0.2,0.15,0.2
616,,0.1,0.15,0.1,0.15,0.1,0.15,0.1,0.15
617,,0.05,0.1,0.05,0.1,0.05,0.1,0.05,0.1
618,,0.0,0.05,0.0,0.05,0.0,0.05,0.0,0.05
619,,-0.05,0.0,-0.05,0.0,-0.05,0.0,-0.05,0.0
620,7,0.2,0.179,0.1,0.179,0.2,0.321,0.95,0.321
621,7,0.45,0.358,0.25,0.358,0.45,0.642,1.0,0.642
622,,0.4,0.308,0.2,0.308,0.4,0.592,0.95,0.592
623,,0.35,0.258,0.15,0.258,0.35,0.542,0.9,0.542
624,,0.3,0.208,0.1,0.208,0.3,0.492,0.85,0.492
625,,0.25,0.158,0.05,0.158,0.25,0.442,0.8,0.442
626,,0.2,0.108,0.0,0.108,0.2,0.392,0.75,0.392
627,,0.15,0.058,-0.05,0.058,0.15,0.342,0.7,0.342
628,3,0.4,0.379,0.95,0.379,0.4,0.521,0.85,0.521
629,3,0.65,0.7,1.0,0.7,0.65,0.7,1.0,0.7
630,,0.6,0.65,0.95,0.65,0.6,0.65,0.95,0.65
631,,0.55,0.6,0.9,0.6,0.55,0.6,0.9,0.6
632,,0.5,0.55,0.85,0.55,0.5,0.55,0.85,0.55
633,,0.45,0.5,0.8,0.5,0.45,0.5,0.8,0.5
634,,0.4,0.45,0.75,0.45,0.4,0.45,0.75,0.45
635,,0.35,0.4,0.7,0.4,0.35,0.4,0.7,0.4
636,,0.3,0.35,0.65,0.35,0.3,0.35,0.65,0.35
637,,0.25,0.3,0.6,0.3,0.25,0.3,0.6,0.3
638,,0.2,0.25,0.55,0.25,0.2,0.25,0.55,0.25
639,,0.15,0.2,0.5,0.2,0.15,0.2,0.5,0.2
640,,0.1,0.15,0.45,0.15,0.1,0.15,0.45,0.15
641,,0.05,0.1,0.4,0.1,0.05,0.1,0.4,0.1
642,,0.0,0.05,0.35,0.05,0.0,0.05,0.35,0.05
643,,-0.05,0.0,0.3,0.0,-0.05,0.0,0.3,0.0
644,5,0.1,0.179,0.55,0.321,0.95,0.321,0.55,0.179
645,5,0.25,0.358,0.8,0.642,1.0,0.642,0.8,0.358
646,,0.2,0.308,0.75,0.592,0.95,0.592,0.75,0.308
647,,0.15,0.258,0.7,0.542,0.9,0.542,0.7,0.258
648,,0.1,0.208,0.65,0.492,0.85,0.492,0.65,0.208
649,,0.05,0.158,0.6,0.442,0.8,0.442,0.6,0.158
650,,0.0,0.108,0.55,0.392,0.75,0.392,0.55,0.108
651,,-0.05,0.058,0.5,0.342,0.7,0.342,0.5,0.058
652,1,0.95,0.379,0.75,0.521,0.85,0.521,0.75,0.379
653,1,1.0,0.7,1.0,0.7,1.0,0.7,1.0,0.7
654,,0.95,0.65,0.95,0.65,0.95,0.65,0.95,0.65
655,,0.9,0.6,0.9,0.6,0.9,0.6,0.9,0.6
656,,0.85,0.55,0.85,0.55,0.85,0.55,0.85,0.55
657,,0.8,0.5,0.8,0.5,0.8,0.5,0.8,0.5
658,,0.75,0.45,0.75,0.45,0.75,0.45,0.75,0.45
659,,0.7,0.4,0.7,0.4,0.7,0.4,0.7,0.4
660,,0.65,0.35,0.65,0.35,0.65,0.35,0.65,0.35
661,,0.6,0.3,0.6,0.3,0.6,0.3,0.6,0.3
662,,0.55,0.25,0.55,0.25,0.55,0.25,0.55,0.25
663,,0.5,0.2,0.5,0.2,0.5,0.2,0.5,0.2
664,,0.45,0.15,0.45,0.15,0.45,0.15,0.45,0.15
665,,0.4,0.1,0.4,0.1,0.4,0.1,0.4,0.1
666,,0.35,0.05,0.35,0.05,0.35,0.05,0.35,0.05
667,,0.3,0.0,0.3,0.0,0.3,0.0,0.3,0.0
668,,0.25,-0.05,0.25,-0.05,0.25,-0.05,0.25,-0.05
669,4,0.429,0.2,0.571,0.95,0.571,0.2,0.429,0.1
670,4,0.608,0.45,0.892,1.0,0.892,0.45,0.608,0.25
671,,0.558,0.4,0.842,0.95,0.842,0.4,0.558,0.2
672,,0.508,0.35,0.792,0.9,0.792,0.35,0.508,0.15
673,,0.458,0.3,0.742,0.85,0.742,0.3,0.458,0.1
674,,0.408,0.25,0.692,0.8,0.692,0.25,0.408,0.05
675,,0.358,0.2,0.642,0.75,0.642,0.2,0.358,0.0
676,,0.308,0.15,0.592,0.7,0.592,0.15,0.308,-0.05
677,8,0.629,0.4,0.771,0.85,0.771,0.4,0.629,0.95
678,8,0.95,0.65,0.95,1.0,0.95,0.65,0.95,1.0
679,,0.9,0.6,0.9,0.95,0.9,0.6,0.9,0.95
680,,0.85,0.55,0.85,0.9,0.85,0.55,0.85,0.9
681,,0.8,0.5,0.8,0.85,0.8,0.5,0.8,0.85
682,,0.75,0.45,0.75,0.8,0.75,0.45,0.75,0.8
683,,0.7,0.4,0.7,0.75,0.7,0.4,0.7,0.75
684,,0.65,0.35,0.65,0.7,0.65,0.35,0.65,0.7
685,,0.6,0.3,0.6,0.65,0.6,0.3,0.6,0.65
686,,0.55,0.25,0.55,0.6,0.55,0.25,0.55,0.6
687,,0.5,0.2,0.5,0.55,0.5,0.2,0.5,0.55
688,,0.45,0.15,0.45,0.5,0.45,0.15,0.45,0.5
689,,0.4,0.1,0.4,0.45,0.4,0.1,0.4,0.45
690,,0.35,0.05,0.35,0.4,0.35,0.05,0.35,0.4
691,,0.3,0.0,0.3,0.35,0.3,0.0,0.3,0.35
692,,0.25,-0.05,0.25,0.3,0.25,-0.05,0.25,0.3
693,6,0.429,0.1,0.429,0.55,0.571,0.95,0.571,0.55
694,6,0.608,0.25,0.608,0.8,0.892,1.0,0.892,0.8
695,,0.558,0.2,0.558,0.75,0.842,0.95,0.842,0.75
696,,0.508,0.15,0.508,0.7,0.792,0.9,0.792,0.7
697,,0.458,0.1,0.458,0.65,0.742,0.85,0.742,0.65
698,,0.408,0.05,0.408,0.6,0.692,0.8,0.692,0.6
699,,0.358,0.0,0.358,0.55,0.642,0.75,0.642,0.55
700,,0.308,-0.05,0.308,0.5,0.592,0.7,0.592,0.5
701,2,0.629,0.95,0.629,0.75,0.771,0.85,0.771,0.75
702,2,0.95,1.0,0.95,1.0,0.95,1.0,0.95,1.0
703,,0.9,0.95,0.9,0.95,0.9,0.95,0.9,0.95
704,,0.85,0.9,0.85,0.9,0.85,0.9,0.85,0.9
705,,0.8,0.85,0.8,0.85,0.8,0.85,0.8,0.85
706,,0.75,0.8,0.75,0.8,0.75,0.8,0.75,0.8
707,,0.7,0.75,0.7,0.75,0.7,0.75,0.7,0.75
708,,0.65,0.7,0.65,0.7,0.65,0.7,0.65,0.7
709,,0.6,0.65,0.6,0.65,0.6,0.65,0.6,0.65
710,,0.55,0.6,0.55,0.6,0.55,0.6,0.55,0.6
711,,0.5,0.55,0.5,0.55,0.5,0.55,0.5,0.55
712,,0.45,0.5,0.45,0.5,0.45,0.5,0.45,0.5
713,,0.4,0.45,0.4,0.45,0.4,0.45,0.4,0.45
714,,0.35,0.4,0.35,0.4,0.35,0.4,0.35,0.4
715,,0.3,0.35,0.3,0.35,0.3,0.35,0.3,0.35
716,,0.25,0.3,0.25,0.3,0.25,0.3,0.25,0.3
717,,0.2,0.25,0.2,0.25,0.2,0.25,0.2,0.25
718,,0.15,0.2,0.15,0.2,0.15,0.2,0.15,0.2
719,,0.1,0.15,0.1,0.15,0.1,0.15,0.1,0.15
720,,0.05,0.1,0.05,0.1,0.05,0.1,0.05,0.1
721,,0.0,0.05,0.0,0.05,0.0,0.05,0.0,0.05
722,,-0.05,0.0,-0.05,0.0,-0.05,0.0,-0.05,0.0
723,1,0.95,0.321,0.2,0.179,0.1,0.179,0.2,0.321
724,1,1.0,0.642,0.45,0.358,0.25,0.358,0.45,0.642
725,,0.95,0.592,0.4,0.308,0.2,0.308,0.4,0.592
726,,0.9,0.542,0.35,0.258,0.15,0.258,0.35,0.542
727,,0.85,0.492,0.3,0.208,0.1,0.208,0.3,0.492
728,,0.8,0.442,0.25,0.158,0.05,0.158,0.25,0.442
729,,0.75,0.392,0.2,0.108,0.0,0.108,0.2,0.392
730,,0.7,0.342,0.15,0.058,-0.05,0.058,0.15,0.342
731,5,0.85,0.521,0.4,0.379,0.95,0.379,0.4,0.521
732,5,1.0,0.7,0.65,0.7,1.0,0.7,0.65,0.7
733,,0.95,0.65,0.6,0.65,0.95,0.65,0.6,0.65
734,,0.9,0.6,0.55,0.6,0.9,0.6,0.55,0.6
735,,0.85,0.55,0.5,0.55,0.85,0.55,0.5,0.55
736,,0.8,0.5,0.45,0.5,0.8,0.5,0.45,0.5
737,,0.75,0.45,0.4,0.45,0.75,0.45,0.4,0.45
738,,0.7,0.4,0.35,0.4,0.7,0.4,0.35,0.4
739,,0.65,0.35,0.3,0.35,0.65,0.35,0.3,0.35
740,,0.6,0.3,0.25,0.3,0.6,0.3,0.25,0.3
741,,0.55,0.25,0.2,0.25,0.55,0.25,0.2,0.25
742,,0.5,0.2,0.15,0.2,0.5,0.2,0.15,0.2
743,,0.45,0.15,0.1,0.15,0.45,0.15,0.1,0.15
744,,0.4,0.1,0.05,0.1,0.4,0.1,0.05,0.1
745,,0.35,0.05,0.0,0.05,0.35,0.05,0.0,0.05
746,,0.3,0.0,-0.05,0.0,0.3,0.0,-0.05,0.0
747,7,0.55,0.179,0.1,0.179,0.55,0.321,0.95,0.321
748,7,0.8,0.358,0.25,0.358,0.8,0.642,1.0,0.642
749,,0.75,0.308,0.2,0.308,0.75,0.592,0.95,0.592
750,,0.7,0.258,0.15,0.258,0.7,0.542,0.9,0.542
751,,0.65,0.208,0.1,0.208,0.65,0.492,0.85,0.492
752,,0.6,0.158,0.05,0.158,0.6,0.442,0.8,0.442
753,,0.55,0.108,0.0,0.108,0.55,0.392,0.75,0.392
754,,0.5,0.058,-0.05,0.058,0.5,0.342,0.7,0.342
755,3,0.75,0.379,0.95,0.379,0.75,0.521,0.85,0.521
756,3,1.0,0.7,1.0,0.7,1.0,0.7,1.0,0.7
757,,0.95,0.65,0.95,0.65,0.95,0.65,0.95,0.65
758,,0.9,0.6,0.9,0.6,0.9,0.6,0.9,0.6
759,,0.85,0.55,0.85,0.55,0.85,0.55,0.85,0.55
760,,0.8,0.5,0.8,0.5,0.8,0.5,0.8,0.5
761,,0.75,0.45,0.75,0.45,0.75,0.45,0.75,0.45
762,,0.7,0.4,0.7,0.4,0.7,0.4,0.7,0.4
763,,0.65,0.35,0.65,0.35,0.65,0.35,0.65,0.35
764,,0.6,0.3,0.6,0.3,0.6,0.3,0.6,0.3
765,,0.55,0.25,0.55,0.25,0.55,0.25,0.55,0.25
766,,0.5,0.2,0.5,0.2,0.5,0.2,0.5,0.2
767,,0.45,0.15,0.45,0.15,0.45,0.15,0.45,0.15
768,,0.4,0.1,0.4,0.1,0.4,0.1,0.4,0.1
769,,0.35,0.05,0.35,0.05,0.35,0.05,0.35,0.05
770,,0.3,0.0,0.3,0.0,0.3,0.0,0.3,0.0
771,,0.25,-0.05,0.25,-0.05,0.25,-0.05,0.25,-0.05
772,4,0.429,0.2,0.571,0.95,0.571,0.2,0.429,0.1
773,4,0.608,0.45,0.892,1.0,0.892,0.45,0.608,0.25
774,,0.558,0.4,0.842,0.95,0.842,0.4,0.558,0.2
775,,0.508,0.35,0.792,0.9,0.792,0.35,0.508,0.15
776,,0.458,0.3,0.742,0.85,0.742,0.3,0.458,0.1
777,,0.408,0.25,0.692,0.8,0.692,0.25,0.408,0.05
778,,0.358,0.2,0.642,0.75,0.642,0.2,0.358,0.0
779,,0.308,0.15,0.592,0.7,0.592,0.15,0.308,-0.05
780,8,0.629,0.4,0.771,0.85,0.771,0.4,0.629,0.95
781,8,0.95,0.65,0.95,1.0,0.95,0.65,0.95,1.0
782,,0.9,0.6,0.9,0.95,0.9,0.6,0.9,0.95
783,,0.85,0.55,0.85,0.9,0.85,0.55,0.85,0.9
784,,0.8,0.5,0.8,0.85,0.8,0.5,0.8,0.85
785,,0.75,0.45,0.75,0.8,0.75,0.45,0.75,0.8
786,,0.7,0.4,0.7,0.75,0.7,0.4,0.7,0.75
787,,0.65,0.35,0.65,0.7,0.65,0.35,0.65,0.7
788,,0.6,0.3,0.6,0.65,0.6,0.3,0.6,0.65
789,,0.55,0.25,0.55,0.6,0.55,0.25,0.55,0.6
790,,0.5,0.2,0.5,0.55,0.5,0.2,0.5,0.55
791,,0.45,0.15,0.45,0.5,0.45,0.15,0.45,0.5
792,,0.4,0.1,0.4,0.45,0.4,0.1,0.4,0.45
793,,0.35,0.05,0.35,0.4,0.35,0.05,0.35,0.4
794,,0.3,0.0,0.3,0.35,0.3,0.0,0.3,0.35
795,,0.25,-0.05,0.25,0.3,0.25,-0.05,0.25,0.3
796,2,0.571,0.95,0.571,0.55,0.429,0.1,0.429,0.55
797,2,0.892,1.0,0.892,0.8,0.608,0.25,0.608,0.8
798,,0.842,0.95,0.842,0.75,0.558,0.2,0.558,0.75
799,,0.792,0.9,0.792,0.7,0.508,0.15,0.508,0.7
800,,0.742,0.85,0.742,0.65,0.458,0.1,0.458,0.65
801,,0.692,0.8,0.692,0.6,0.408,0.05,0.408,0.6
802,,0.642,0.75,0.642,0.55,0.358,0.0,0.358,0.55
803,,0.592,0.7,0.592,0.5,0.308,-0.05,0.308,0.5
804,6,0.771,0.85,0.771,0.75,0.629,0.95,0.629,0.75
805,6,0.95,1.0,0.95,1.0,0.95,1.0,0.95,1.0
806,,0.9,0.95,0.9,0.95,0.9,0.95,0.9,0.95
807,,0.85,0.9,0.85,0.9,0.85,0.9,0.85,0.9
808,,0.8,0.85,0.8,0.85,0.8,0.85,0.8,0.85
809,,0.75,0.8,0.75,0.8,0.75,0.8,0.75,0.8
810,,0.7,0.75,0.7,0.75,0.7,0.75,0.7,0.75
811,,0.65,0.7,0.65,0.7,0.65,0.7,0.65,0.7
812,,0.6,0.65,0.6,0.65,0.6,0.65,0.6,0.65
813,,0.55,0.6,0.55,0.6,0.55,0.6,0.55,0.6
814,,0.5,0.55,0.5,0.55,0.5,0.55,0.5,0.55
815,,0.45,0.5,0.45,0.5,0.45,0.5,0.45,0.5
816,,0.4,0.45,0.4,0.45,0.4,0.45,0.4,0.45
817,,0.35,0.4,0.35,0.4,0.35,0.4,0.35,0.4
818,,0.3,0.35,0.3,0.35,0.3,0.35,0.3,0.35
819,,0.25,0.3,0.25,0.3,0.25,0.3,0.25,0.3
820,,0.2,0.25,0.2,0.25,0.2,0.25,0.2,0.25
821,,0.15,0.2,0.15,0.2,0.15,0.2,0.15,0.2
822,,0.1,0.15,0.1,0.15,0.1,0.15,0.1,0.15
823,,0.05,0.1,0.05,0.1,0.05,0.1,0.05,0.1
824,,0.0,0.05,0.0,0.05,0.0,0.05,0.0,0.05
825,,-0.05,0.0,-0.05,0.0,-0.05,0.0,-0.05,0.0
826,5,0.1,0.179,0.2,0.321,0.95,0.321,0.2,0.179
827,5,0.25,0.358,0.45,0.642,1.0,0.642,0.45,0.358
828,,0.2,0.308,0.4,0.592,0.95,0.592,0.4,0.308
829,,0.15,0.258,0.35,0.542,0.9,0.542,0.35,0.258
830,,0.1,0.208,0.3,0.492,0.85,0.492,0.3,0.208
831,,0.05,0.158,0.25,0.442,0.8,0.442,0.25,0.158
832,,0.0,0.108,0.2,0.392,0.75,0.392,0.2,0.108
833,,-0.05,0.058,0.15,0.342,0.7,0.342,0.15,0.058
834,1,0.95,0.379,0.4,0.521,0.85,0.521,0.4,0.379
835,1,1.0,0.7,0.65,0.7,1.0,0.7,0.65,0.7
836,,0.95,0.65,0.6,0.65,0.95,0.65,0.6,0.65
837,,0.9,0.6,0.55,0.6,0.9,0.6,0.55,0.6
838,,0.85,0.55,0.5,0.55,0.85,0.55,0.5,0.55
839,,0.8,0.5,0.45,0.5,0.8,0.5,0.45,0.5
840,,0.75,0.45,0.4,0.45,0.75,0.45,0.4,0.45
841,,0.7,0.4,0.35,0.4,0.7,0.4,0.35,0.4
842,,0.65,0.35,0.3,0.35,0.65,0.35,0.3,0.35
843,,0.6,0.3,0.25,0.3,0.6,0.3,0.25,0.3
844,,0.55,0.25,0.2,0.25,0.55,0.25,0.2,0.25
845,,0.5,0.2,0.15,0.2,0.5,0.2,0.15,0.2
846,,0.45,0.15,0.1,0.15,0.45,0.15,0.1,0.15
847,,0.4,0.1,0.05,0.1,0.4,0.1,0.05,0.1
848,,0.35,0.05,0.0,0.05,0.35,0.05,0.0,0.05
849,,0.3,0.0,-0.05,0.0,0.3,0.0,-0.05,0.0
850,3,0.55,0.321,0.95,0.321,0.55,0.179,0.1,0.179
851,3,0.8,0.642,1.0,0.642,0.8,0.358,0.25,0.358
852,,0.75,0.592,0.95,0.592,0.75,0.308,0.2,0.308
853,,0.7,0.542,0.9,0.542,0.7,0.258,0.15,0.258
854,,0.65,0.492,0.85,0.492,0.65,0.208,0.1,0.208
855,,0.6,0.442,0.8,0.442,0.6,0.158,0.05,0.158
856,,0.55,0.392,0.75,0.392,0.55,0.108,0.0,0.108
857,,0.5,0.342,0.7,0.342,0.5,0.058,-0.05,0.058
858,7,0.75,0.521,0.85,0.521,0.75,0.379,0.95,0.379
859,7,1.0,0.7,1.0,0.7,1.0,0.7,1.0,0.7
860,,0.95,0.65,0.95,0.65,0.95,0.65,0.95,0.65
861,,0.9,0.6,0.9,0.6,0.9,0.6,0.9,0.6
862,,0.85,0.55,0.85,0.55,0.85,0.55,0.85,0.55
863,,0.8,0.5,0.8,0.5,0.8,0.5,0.8,0.5
864,,0.75,0.45,0.75,0.45,0.75,0.45,0.75,0.45
865,,0.7,0.4,0.7,0.4,0.7,0.4,0.7,0.4
866,,0.65,0.35,0.65,0.35,0.65,0.35,0.65,0.35
867,,0.6,0.3,0.6,0.3,0.6,0.3,0.6,0.3
868,,0.55,0.25,0.55,0.25,0.55,0.25,0.55,0.25
869,,0.5,0.2,0.5,0.2,0.5,0.2,0.5,0.2
870,,0.45,0.15,0.45,0.15,0.45,0.15,0.45,0.15
871,,0.4,0.1,0.4,0.1,0.4,0.1,0.4,0.1
872,,0.35,0.05,0.35,0.05,0.35,0.05,0.35,0.05
873,,0.3,0.0,0.3,0.0,0.3,0.0,0.3,0.0
874,,0.25,-0.05,0.25,-0.05,0.25,-0.05,0.25,-0.05
875,4,0.429,0.2,0.571,0.95,0.571,0.2,0.429,0.1
876,4,0.608,0.45,0.892,1.0,0.892,0.45,0.608,0.25
877,,0.558,0.4,0.842,0.95,0.842,0.4,0.558,0.2
878,,0.508,0.35,0.792,0.9,0.792,0.35,0.508,0.15
879,,0.458,0.3,0.742,0.85,0.742,0.3,0.458,0.1
880,,0.408,0.25,0.692,0.8,0.692,0.25,0.408,0.05
881,,0.358,0.2,0.642,0.75,0.642,0.2,0.358,0.0
882,,0.308,0.15,0.592,0.7,0.592,0.15,0.308,-0.05
883,8,0.629,0.4,0.771,0.85,0.771,0.4,0.629,0.95
884,8,0.95,0.65,0.95,1.0,0.95,0.65,0.95,1.0
885,,0.9,0.6,0.9,0.95,0.9,0.6,0.9,0.95
886,,0.85,0.55,0.85,0.9,0.85,0.55,0.85,0.9
887,,0.8,0.5,0.8,0.85,0.8,0.5,0.8,0.85
888,,0.75,0.45,0.75,0.8,0.75,0.45,0.75,0.8
889,,0.7,0.4,0.7,0.75,0.7,0.4,0.7,0.75
890,,0.65,0.35,0.65,0.7,0.65,0.35,0.65,0.7
891,,0.6,0.3,0.6,0.65,0.6,0.3,0.6,0.65
892,,0.55,0.25,0.55,0.6,0.55,0.25,0.55,0.6
893,,0.5,0.2,0.5,0.55,0.5,0.2,0.5,0.55
894,,0.45,0.15,0.45,0.5,0.45,0.15,0.45,0.5
