step,active_motive,motive_1,motive_2,motive_3,motive_4,motive_5,motive_6,motive_7,motive_8
0,,0.00452,0.03253,0.03887,0.02713,0.08287,0.03568,0.02809,0.05427
1,,-0.04548,-0.01747,-0.01113,-0.02287,0.03287,-0.01432,-0.02191,0.00427
2,1,0.95452,0.30353,0.23887,0.15613,0.18287,0.16468,0.22809,0.32527
3,1,1.0,0.62453,0.48887,0.33513,0.33287,0.34368,0.47809,0.64627
4,,0.95,0.57453,0.43887,0.28513,0.28287,0.29368,0.42809,0.59627
5,,0.9,0.52453,0.38887,0.23513,0.23287,0.24368,0.37809,0.54627
6,,0.85,0.47453,0.33887,0.18513,0.18287,0.19368,0.32809,0.49627
7,,0.8,0.42453,0.28887,0.13513,0.13287,0.14368,0.27809,0.44627
8,,0.75,0.37453,0.23887,0.08513,0.08287,0.09368,0.22809,0.39627
9,,0.7,0.32453,0.18887,0.03513,0.03287,0.04368,0.17809,0.34627
10,,0.65,0.27453,0.13887,-0.01487,-0.01713,-0.00632,0.12809,0.29627
11,5,0.8,0.45353,0.38887,0.30613,0.98287,0.31468,0.37809,0.47527
12,5,0.95,0.63253,0.63887,0.62713,1.0,0.63568,0.62809,0.65427
13,,0.9,0.58253,0.58887,0.57713,0.95,0.58568,0.57809,0.60427
14,,0.85,0.53253,0.53887,0.52713,0.9,0.53568,0.52809,0.55427
15,,0.8,0.48253,0.48887,0.47713,0.85,0.48568,0.47809,0.50427
16,,0.75,0.43253,0.43887,0.42713,0.8,0.43568,0.42809,0.45427
17,,0.7,0.38253,0.38887,0.37713,0.75,0.38568,0.37809,0.40427
18,,0.65,0.33253,0.33887,0.32713,0.7,0.33568,0.32809,0.35427
19,,0.6,0.28253,0.28887,0.27713,0.65,0.28568,0.27809,0.30427
20,,0.55,0.23253,0.23887,0.22713,0.6,0.23568,0.22809,0.25427
21,,0.5,0.18253,0.18887,0.17713,0.55,0.18568,0.17809,0.20427
22,,0.45,0.13253,0.13887,0.12713,0.5,0.13568,0.12809,0.15427
23,,0.4,0.08253,0.08887,0.07713,0.45,0.08568,0.07809,0.10427
24,,0.35,0.03253,0.03887,0.02713,0.4,0.03568,0.02809,0.05427
25,,0.3,-0.01747,-0.01113,-0.02287,0.35,-0.01432,-0.02191,0.00427
26,4,0.479,0.23253,0.30987,0.97713,0.671,0.23568,0.15709,0.15427
27,4,0.658,0.48253,0.63087,1.0,0.992,0.48568,0.33609,0.30427
28,,0.608,0.43253,0.58087,0.95,0.942,0.43568,0.28609,0.25427
29,,0.558,0.38253,0.53087,0.9,0.892,0.38568,0.23609,0.20427
30,,0.508,0.33253,0.48087,0.85,0.842,0.33568,0.18609,0.15427
31,,0.458,0.28253,0.43087,0.8,0.792,0.28568,0.13609,0.10427
32,,0.408,0.23253,0.38087,0.75,0.742,0.23568,0.08609,0.05427
33,,0.358,0.18253,0.33087,0.7,0.692,0.18568,0.03609,0.00427
34,,0.308,0.13253,0.28087,0.65,0.642,0.13568,-0.01391,-0.04573
35,8,0.629,0.38253,0.45987,0.8,0.821,0.38568,0.30709,0.95427
36,8,0.95,0.63253,0.63887,0.95,1.0,0.63568,0.62809,1.0
37,,0.9,0.58253,0.58887,0.9,0.95,0.58568,0.57809,0.95
38,,0.85,0.53253,0.53887,0.85,0.9,0.53568,0.52809,0.9
39,,0.8,0.48253,0.48887,0.8,0.85,0.48568,0.47809,0.85
40,,0.75,0.43253,0.43887,0.75,0.8,0.43568,0.42809,0.8
41,,0.7,0.38253,0.38887,0.7,0.75,0.38568,0.37809,0.75
42,,0.65,0.33253,0.33887,0.65,0.7,0.33568,0.32809,0.7
43,,0.6,0.28253,0.28887,0.6,0.65,0.28568,0.27809,0.65
44,,0.55,0.23253,0.23887,0.55,0.6,0.23568,0.22809,0.6
45,,0.5,0.18253,0.18887,0.5,0.55,0.18568,0.17809,0.55
46,,0.45,0.13253,0.13887,0.45,0.5,0.13568,0.12809,0.5
47,,0.4,0.08253,0.08887,0.4,0.45,0.08568,0.07809,0.45
48,,0.35,0.03253,0.03887,0.35,0.4,0.03568,0.02809,0.4
49,,0.3,-0.01747,-0.01113,0.3,0.35,-0.01432,-0.02191,0.35
50,7,0.55,0.16153,0.13887,0.479,0.6,0.30668,0.97809,0.671
51,7,0.8,0.34053,0.28887,0.658,0.85,0.62768,1.0,0.992
52,,0.75,0.29053,0.23887,0.608,0.8,0.57768,0.95,0.942
53,,0.7,0.24053,0.18887,0.558,0.75,0.52768,0.9,0.892
54,,0.65,0.19053,0.13887,0.508,0.7,0.47768,0.85,0.842
55,,0.6,0.14053,0.08887,0.458,0.65,0.42768,0.8,0.792
56,,0.55,0.09053,0.03887,0.408,0.6,0.37768,0.75,0.742
57,,0.5,0.04053,-0.01113,0.358,0.55,0.32768,0.7,0.692
58,3,0.75,0.36153,0.98887,0.679,0.8,0.50668,0.85,0.871
59,3,1.0,0.68253,1.0,1.0,1.0,0.68568,1.0,1.0
60,,0.95,0.63253,0.95,0.95,0.95,0.63568,0.95,0.95
61,,0.9,0.58253,0.9,0.9,0.9,0.58568,0.9,0.9
62,,0.85,0.53253,0.85,0.85,0.85,0.53568,0.85,0.85
63,,0.8,0.48253,0.8,0.8,0.8,0.48568,0.8,0.8
64,,0.75,0.43253,0.75,0.75,0.75,0.43568,0.75,0.75
65,,0.7,0.38253,0.7,0.7,0.7,0.38568,0.7,0.7
66,,0.65,0.33253,0.65,0.65,0.65,0.33568,0.65,0.65
67,,0.6,0.28253,0.6,0.6,0.6,0.28568,0.6,0.6
68,,0.55,0.23253,0.55,0.55,0.55,0.23568,0.55,0.55
69,,0.5,0.18253,0.5,0.5,0.5,0.18568,0.5,0.5
70,,0.45,0.13253,0.45,0.45,0.45,0.13568,0.45,0.45
71,,0.4,0.08253,0.4,0.4,0.4,0.08568,0.4,0.4
72,,0.35,0.03253,0.35,0.35,0.35,0.03568,0.35,0.35
73,,0.3,-0.01747,0.3,0.3,0.3,-0.01432,0.3,0.3
74,2,0.621,0.98253,0.621,0.55,0.479,0.13568,0.479,0.55
75,2,0.942,1.0,0.942,0.8,0.658,0.28568,0.658,0.8
76,,0.892,0.95,0.892,0.75,0.608,0.23568,0.608,0.75
77,,0.842,0.9,0.842,0.7,0.558,0.18568,0.558,0.7
78,,0.792,0.85,0.792,0.65,0.508,0.13568,0.508,0.65
79,,0.742,0.8,0.742,0.6,0.458,0.08568,0.458,0.6
80,,0.692,0.75,0.692,0.55,0.408,0.03568,0.408,0.55
81,,0.642,0.7,0.642,0.5,0.358,-0.01432,0.358,0.5
82,6,0.821,0.85,0.821,0.75,0.679,0.98568,0.679,0.75
83,6,1.0,1.0,1.0,1.0,1.0,1.0,1.0,1.0
84,,0.95,0.95,0.95,0.95,0.95,0.95,0.95,0.95
85,,0.9,0.9,0.9,0.9,0.9,0.9,0.9,0.9
86,,0.85,0.85,0.85,0.85,0.85,0.85,0.85,0.85
87,,0.8,0.8,0.8,0.8,0.8,0.8,0.8,0.8
88,,0.75,0.75,0.75,0.75,0.75,0.75,0.75,0.75
89,,0.7,0.7,0.7,0.7,0.7,0.7,0.7,0.7
90,,0.65,0.65,0.65,0.65,0.65,0.65,0.65,0.65
91,,0.6,0.6,0.6,0.6,0.6,0.6,0.6,0.6
92,,0.55,0.55,0.55,0.55,0.55,0.55,0.55,0.55
93,,0.5,0.5,0.5,0.5,0.5,0.5,0.5,0.5
94,,0.45,0.45,0.45,0.45,0.45,0.45,0.45,0.45
95,,0.4,0.4,0.4,0.4,0.4,0.4,0.4,0.4
96,,0.35,0.35,0.35,0.35,0.35,0.35,0.35,0.35
97,,0.3,0.3,0.3,0.3,0.3,0.3,0.3,0.3
98,,0.25,0.25,0.25,0.25,0.25,0.25,0.25,0.25
99,,0.2,0.2,0.2,0.2,0.2,0.2,0.2,0.2
100,,0.15,0.15,0.15,0.15,0.15,0.15,0.15,0.15
101,,0.1,0.1,0.1,0.1,0.1,0.1,0.1,0.1
102,,0.05,0.05,0.05,0.05,0.05,0.05,0.05,0.05
103,,0.0,0.0,0.0,0.0,0.0,0.0,0.0,0.0
104,,-0.05,-0.05,-0.05,-0.05,-0.05,-0.05,-0.05,-0.05
105,1,0.95,0.271,0.2,0.129,0.1,0.129,0.2,0.271
106,1,1.0,0.592,0.45,0.308,0.25,0.308,0.45,0.592
107,,0.95,0.542,0.4,0.258,0.2,0.258,0.4,0.542
108,,0.9,0.492,0.35,0.208,0.15,0.208,0.35,0.492
109,,0.85,0.442,0.3,0.158,0.1,0.158,0.3,0.442
110,,0.8,0.392,0.25,0.108,0.05,0.108,0.25,0.392
111,,0.75,0.342,0.2,0.058,0.0,0.058,0.2,0.342
112,,0.7,0.292,0.15,0.008,-0.05,0.008,0.15,0.292
113,5,0.85,0.471,0.4,0.329,0.95,0.329,0.4,0.471
114,5,1.0,0.65,0.65,0.65,1.0,0.65,0.65,0.65
115,,0.95,0.6,0.6,0.6,0.95,0.6,0.6,0.6
116,,0.9,0.55,0.55,0.55,0.9,0.55,0.55,0.55
117,,0.85,0.5,0.5,0.5,0.85,0.5,0.5,0.5
118,,0.8,0.45,0.45,0.45,0.8,0.45,0.45,0.45
119,,0.75,0.4,0.4,0.4,0.75,0.4,0.4,0.4
120,,0.7,0.35,0.35,0.35,0.7,0.35,0.35,0.35
121,,0.65,0.3,0.3,0.3,0.65,0.3,0.3,0.3
122,,0.6,0.25,0.25,0.25,0.6,0.25,0.25,0.25
123,,0.55,0.2,0.2,0.2,0.55,0.2,0.2,0.2
124,,0.5,0.15,0.15,0.15,0.5,0.15,0.15,0.15
125,,0.45,0.1,0.1,0.1,0.45,0.1,0.1,0.1
126,,0.4,0.05,0.05,0.05,0.4,0.05,0.05,0.05
127,,0.35,0.0,0.0,0.0,0.35,0.0,0.0,0.0
128,,0.3,-0.05,-0.05,-0.05,0.3,-0.05,-0.05,-0.05
129,7,0.55,0.129,0.1,0.129,0.55,0.271,0.95,0.271
130,7,0.8,0.308,0.25,0.308,0.8,0.592,1.0,0.592
131,,0.75,0.258,0.2,0.258,0.75,0.542,0.95,0.542
132,,0.7,0.208,0.15,0.208,0.7,0.492,0.9,0.492
133,,0.65,0.158,0.1,0.158,0.65,0.442,0.85,0.442
134,,0.6,0.108,0.05,0.108,0.6,0.392,0.8,0.392
135,,0.55,0.058,0.0,0.058,0.55,0.342,0.75,0.342
136,,0.5,0.008,-0.05,0.008,0.5,0.292,0.7,0.292
137,3,0.75,0.329,0.95,0.329,0.75,0.471,0.85,0.471
138,3,1.0,0.65,1.0,0.65,1.0,0.65,1.0,0.65
139,,0.95,0.6,0.95,0.6,0.95,0.6,0.95,0.6
140,,0.9,0.55,0.9,0.55,0.9,0.55,0.9,0.55
141,,0.85,0.5,0.85,0.5,0.85,0.5,0.85,0.5
142,,0.8,0.45,0.8,0.45,0.8,0.45,0.8,0.45
143,,0.75,0.4,0.75,0.4,0.75,0.4,0.75,0.4
144,,0.7,0.35,0.7,0.35,0.7,0.35,0.7,0.35
145,,0.65,0.3,0.65,0.3,0.65,0.3,0.65,0.3
146,,0.6,0.25,0.6,0.25,0.6,0.25,0.6,0.25
147,,0.55,0.2,0.55,0.2,0.55,0.2,0.55,0.2
148,,0.5,0.15,0.5,0.15,0.5,0.15,0.5,0.15
149,,0.45,0.1,0.45,0.1,0.45,0.1,0.45,0.1
150,,0.4,0.05,0.4,0.05,0.4,0.05,0.4,0.05
151,,0.35,0.0,0.35,0.0,0.35,0.0,0.35,0.0
152,,0.3,-0.05,0.3,-0.05,0.3,-0.05,0.3,-0.05
153,6,0.479,0.1,0.479,0.2,0.621,0.95,0.621,0.2
154,6,0.658,0.25,0.658,0.45,0.942,1.0,0.942,0.45
155,,0.608,0.2,0.608,0.4,0.892,0.95,0.892,0.4
156,,0.558,0.15,0.558,0.35,0.842,0.9,0.842,0.35
157,,0.508,0.1,0.508,0.3,0.792,0.85,0.792,0.3
158,,0.458,0.05,0.458,0.25,0.742,0.8,0.742,0.25
159,,0.408,0.0,0.408,0.2,0.692,0.75,0.692,0.2
160,,0.358,-0.05,0.358,0.15,0.642,0.7,0.642,0.15
161,2,0.679,0.95,0.679,0.4,0.821,0.85,0.821,0.4
162,2,1.0,1.0,1.0,0.65,1.0,1.0,1.0,0.65
163,,0.95,0.95,0.95,0.6,0.95,0.95,0.95,0.6
164,,0.9,0.9,0.9,0.55,0.9,0.9,0.9,0.55
165,,0.85,0.85,0.85,0.5,0.85,0.85,0.85,0.5
166,,0.8,0.8,0.8,0.45,0.8,0.8,0.8,0.45
167,,0.75,0.75,0.75,0.4,0.75,0.75,0.75,0.4
168,,0.7,0.7,0.7,0.35,0.7,0.7,0.7,0.35
169,,0.65,0.65,0.65,0.3,0.65,0.65,0.65,0.3
170,,0.6,0.6,0.6,0.25,0.6,0.6,0.6,0.25
171,,0.55,0.55,0.55,0.2,0.55,0.55,0.55,0.2
172,,0.5,0.5,0.5,0.15,0.5,0.5,0.5,0.15
173,,0.45,0.45,0.45,0.1,0.45,0.45,0.45,0.1
174,,0.4,0.4,0.4,0.05,0.4,0.4,0.4,0.05
175,,0.35,0.35,0.35,0.0,0.35,0.35,0.35,0.0
176,,0.3,0.3,0.3,-0.05,0.3,0.3,0.3,-0.05
177,4,0.479,0.55,0.621,0.95,0.621,0.55,0.479,0.1
178,4,0.658,0.8,0.942,1.0,0.942,0.8,0.658,0.25
179,,0.608,0.75,0.892,0.95,0.892,0.75,0.608,0.2
180,,0.558,0.7,0.842,0.9,0.842,0.7,0.558,0.15
181,,0.508,0.65,0.792,0.85,0.792,0.65,0.508,0.1
182,,0.458,0.6,0.742,0.8,0.742,0.6,0.458,0.05
183,,0.408,0.55,0.692,0.75,0.692,0.55,0.408,0.0
184,,0.358,0.5,0.642,0.7,0.642,0.5,0.358,-0.05
185,8,0.679,0.75,0.821,0.85,0.821,0.75,0.679,0.95
186,8,1.0,1.0,1.0,1.0,1.0,1.0,1.0,1.0
187,,0.95,0.95,0.95,0.95,0.95,0.95,0.95,0.95
188,,0.9,0.9,0.9,0.9,0.9,0.9,0.9,0.9
189,,0.85,0.85,0.85,0.85,0.85,0.85,0.85,0.85
190,,0.8,0.8,0.8,0.8,0.8,0.8,0.8,0.8
191,,0.75,0.75,0.75,0.75,0.75,0.75,0.75,0.75
192,,0.7,0.7,0.7,0.7,0.7,0.7,0.7,0.7
193,,0.65,0.65,0.65,0.65,0.65,0.65,0.65,0.65
194,,0.6,0.6,0.6,0.6,0.6,0.6,0.6,0.6
195,,0.55,0.55,0.55,0.55,0.55,0.55,0.55,0.55
196,,0.5,0.5,0.5,0.5,0.5,0.5,0.5,0.5
197,,0.45,0.45,0.45,0.45,0.45,0.45,0.45,0.45
198,,0.4,0.4,0.4,0.4,0.4,0.4,0.4,0.4
199,,0.35,0.35,0.35,0.35,0.35,0.35,0.35,0.35
200,,0.3,0.3,0.3,0.3,0.3,0.3,0.3,0.3
201,,0.25,0.25,0.25,0.25,0.25,0.25,0.25,0.25
202,,0.2,0.2,0.2,0.2,0.2,0.2,0.2,0.2
203,,0.15,0.15,0.15,0.15,0.15,0.15,0.15,0.15
204,,0.1,0.1,0.1,0.1,0.1,0.1,0.1,0.1
205,,0.05,0.05,0.05,0.05,0.05,0.05,0.05,0.05
206,,0.0,0.0,0.0,0.0,0.0,0.0,0.0,0.0
207,,-0.05,-0.05,-0.05,-0.05,-0.05,-0.05,-0.05,-0.05
208,1,0.95,0.271,0.2,0.129,0.1,0.129,0.2,0.271
209,1,1.0,0.592,0.45,0.308,0.25,0.308,0.45,0.592
210,,0.95,0.542,0.4,0.258,0.2,0.258,0.4,0.542
211,,0.9,0.492,0.35,0.208,0.15,0.208,0.35,0.492
212,,0.85,0.442,0.3,0.158,0.1,0.158,0.3,0.442
213,,0.8,0.392,0.25,0.108,0.05,0.108,0.25,0.392
214,,0.75,0.342,0.2,0.058,0.0,0.058,0.2,0.342
215,,0.7,0.292,0.15,0.008,-0.05,0.008,0.15,0.292
216,5,0.85,0.471,0.4,0.329,0.95,0.329,0.4,0.471
217,5,1.0,0.65,0.65,0.65,1.0,0.65,0.65,0.65
218,,0.95,0.6,0.6,0.6,0.95,0.6,0.6,0.6
219,,0.9,0.55,0.55,0.55,0.9,0.55,0.55,0.55
220,,0.85,0.5,0.5,0.5,0.85,0.5,0.5,0.5
221,,0.8,0.45,0.45,0.45,0.8,0.45,0.45,0.45
222,,0.75,0.4,0.4,0.4,0.75,0.4,0.4,0.4
223,,0.7,0.35,0.35,0.35,0.7,0.35,0.35,0.35
224,,0.65,0.3,0.3,0.3,0.65,0.3,0.3,0.3
225,,0.6,0.25,0.25,0.25,0.6,0.25,0.25,0.25
226,,0.55,0.2,0.2,0.2,0.55,0.2,0.2,0.2
227,,0.5,0.15,0.15,0.15,0.5,0.15,0.15,0.15
228,,0.45,0.1,0.1,0.1,0.45,0.1,0.1,0.1
229,,0.4,0.05,0.05,0.05,0.4,0.05,0.05,0.05
230,,0.35,0.0,0.0,0.0,0.35,0.0,0.0,0.0
231,,0.3,-0.05,-0.05,-0.05,0.3,-0.05,-0.05,-0.05
232,2,0.621,0.95,0.271,0.2,0.479,0.1,0.129,0.2
233,2,0.942,1.0,0.592,0.45,0.658,0.25,0.308,0.45
234,,0.892,0.95,0.542,0.4,0.608,0.2,0.258,0.4
235,,0.842,0.9,0.492,0.35,0.558,0.15,0.208,0.35
236,,0.792,0.85,0.442,0.3,0.508,0.1,0.158,0.3
237,,0.742,0.8,0.392,0.25,0.458,0.05,0.108,0.25
238,,0.692,0.75,0.342,0.2,0.408,0.0,0.058,0.2
239,,0.642,0.7,0.292,0.15,0.358,-0.05,0.008,0.15
240,6,0.821,0.85,0.471,0.4,0.679,0.95,0.329,0.4
241,6,1.0,1.0,0.65,0.65,1.0,1.0,0.65,0.65
242,,0.95,0.95,0.6,0.6,0.95,0.95,0.6,0.6
243,,0.9,0.9,0.55,0.55,0.9,0.9,0.55,0.55
244,,0.85,0.85,0.5,0.5,0.85,0.85,0.5,0.5
245,,0.8,0.8,0.45,0.45,0.8,0.8,0.45,0.45
246,,0.75,0.75,0.4,0.4,0.75,0.75,0.4,0.4
247,,0.7,0.7,0.35,0.35,0.7,0.7,0.35,0.35
248,,0.65,0.65,0.3,0.3,0.65,0.65,0.3,0.3
249,,0.6,0.6,0.25,0.25,0.6,0.6,0.25,0.25
250,,0.55,0.55,0.2,0.2,0.55,0.55,0.2,0.2
251,,0.5,0.5,0.15,0.15,0.5,0.5,0.15,0.15
252,,0.45,0.45,0.1,0.1,0.45,0.45,0.1,0.1
253,,0.4,0.4,0.05,0.05,0.4,0.4,0.05,0.05
254,,0.35,0.35,0.0,0.0,0.35,0.35,0.0,0.0
255,,0.3,0.3,-0.05,-0.05,0.3,0.3,-0.05,-0.05
256,7,0.55,0.479,0.1,0.129,0.55,0.621,0.95,0.271
257,7,0.8,0.658,0.25,0.308,0.8,0.942,1.0,0.592
258,,0.75,0.608,0.2,0.258,0.75,0.892,0.95,0.542
259,,0.7,0.558,0.15,0.208,0.7,0.842,0.9,0.492
260,,0.65,0.508,0.1,0.158,0.65,0.792,0.85,0.442
261,,0.6,0.458,0.05,0.108,0.6,0.742,0.8,0.392
262,,0.55,0.408,0.0,0.058,0.55,0.692,0.75,0.342
263,,0.5,0.358,-0.05,0.008,0.5,0.642,0.7,0.292
264,3,0.75,0.679,0.95,0.329,0.75,0.821,0.85,0.471
265,3,1.0,1.0,1.0,0.65,1.0,1.0,1.0,0.65
266,,0.95,0.95,0.95,0.6,0.95,0.95,0.95,0.6
267,,0.9,0.9,0.9,0.55,0.9,0.9,0.9,0.55
268,,0.85,0.85,0.85,0.5,0.85,0.85,0.85,0.5
269,,0.8,0.8,0.8,0.45,0.8,0.8,0.8,0.45
270,,0.75,0.75,0.75,0.4,0.75,0.75,0.75,0.4
271,,0.7,0.7,0.7,0.35,0.7,0.7,0.7,0.35
272,,0.65,0.65,0.65,0.3,0.65,0.65,0.65,0.3
273,,0.6,0.6,0.6,0.25,0.6,0.6,0.6,0.25
274,,0.55,0.55,0.55,0.2,0.55,0.55,0.55,0.2
275,,0.5,0.5,0.5,0.15,0.5,0.5,0.5,0.15
276,,0.45,0.45,0.45,0.1,0.45,0.45,0.45,0.1
277,,0.4,0.4,0.4,0.05,0.4,0.4,0.4,0.05
278,,0.35,0.35,0.35,0.0,0.35,0.35,0.35,0.0
279,,0.3,0.3,0.3,-0.05,0.3,0.3,0.3,-0.05
280,4,0.479,0.55,0.621,0.95,0.621,0.55,0.479,0.1
281,4,0.658,0.8,0.942,1.0,0.942,0.8,0.658,0.25
282,,0.608,0.75,0.892,0.95,0.892,0.75,0.608,0.2
283,,0.558,0.7,0.842,0.9,0.842,0.7,0.558,0.15
284,,0.508,0.65,0.792,0.85,0.792,0.65,0.508,0.1
285,,0.458,0.6,0.742,0.8,0.742,0.6,0.458,0.05
286,,0.408,0.55,0.692,0.75,0.692,0.55,0.408,0.0
287,,0.358,0.5,0.642,0.7,0.642,0.5,0.358,-0.05
288,8,0.679,0.75,0.821,0.85,0.821,0.75,0.679,0.95
289,8,1.0,1.0,1.0,1.0,1.0,1.0,1.0,1.0
290,,0.95,0.95,0.95,0.95,0.95,0.95,0.95,0.95
291,,0.9,0.9,0.9,0.9,0.9,0.9,0.9,0.9
292,,0.85,0.85,0.85,0.85,0.85,0.85,0.85,0.85
293,,0.8,0.8,0.8,0.8,0.8,0.8,0.8,0.8
294,,0.75,0.75,0.75,0.75,0.75,0.75,0.75,0.75
295,,0.7,0.7,0.7,0.7,0.7,0.7,0.7,0.7
296,,0.65,0.65,0.65,0.65,0.65,0.65,0.65,0.65
297,,0.6,0.6,0.6,0.6,0.6,0.6,0.6,0.6
298,,0.55,0.55,0.55,0.55,0.55,0.55,0.55,0.55
299,,0.5,0.5,0.5,0.5,0.5,0.5,0.5,0.5
300,,0.45,0.45,0.45,0.45,0.45,0.45,0.45,0.45
301,,0.4,0.4,0.4,0.4,0.4,0.4,0.4,0.4
302,,0.35,0.35,0.35,0.35,0.35,0.35,0.35,0.35
303,,0.3,0.3,0.3,0.3,0.3,0.3,0.3,0.3
304,,0.25,0.25,0.25,0.25,0.25,0.25,0.25,0.25
305,,0.2,0.2,0.2,0.2,0.2,0.2,0.2,0.2
306,,0.15,0.15,0.15,0.15,0.15,0.15,0.15,0.15
307,,0.1,0.1,0.1,0.1,0.1,0.1,0.1,0.1
308,,0.05,0.05,0.05,0.05,0.05,0.05,0.05,0.05
309,,0.0,0.0,0.0,0.0,0.0,0.0,0.0,0.0
310,,-0.05,-0.05,-0.05,-0.05,-0.05,-0.05,-0.05,-0.05
311,8,0.271,0.2,0.129,0.1,0.129,0.2,0.271,0.95
312,8,0.592,0.45,0.308,0.25,0.308,0.45,0.592,1.0
313,,0.542,0.4,0.258,0.2,0.258,0.4,0.542,0.95
314,,0.492,0.35,0.208,0.15,0.208,0.35,0.492,0.9
315,,0.442,0.3,0.158,0.1,0.158,0.3,0.442,0.85
316,,0.392,0.25,0.108,0.05,0.108,0.25,0.392,0.8
317,,0.342,0.2,0.058,0.0,0.058,0.2,0.342,0.75
318,,0.292,0.15,0.008,-0.05,0.008,0.15,0.292,0.7
319,4,0.471,0.4,0.329,0.95,0.329,0.4,0.471,0.85
320,4,0.65,0.65,0.65,1.0,0.65,0.65,0.65,1.0
321,,0.6,0.6,0.6,0.95,0.6,0.6,0.6,0.95
322,,0.55,0.55,0.55,0.9,0.55,0.55,0.55,0.9
323,,0.5,0.5,0.5,0.85,0.5,0.5,0.5,0.85
324,,0.45,0.45,0.45,0.8,0.45,0.45,0.45,0.8
325,,0.4,0.4,0.4,0.75,0.4,0.4,0.4,0.75
326,,0.35,0.35,0.35,0.7,0.35,0.35,0.35,0.7
327,,0.3,0.3,0.3,0.65,0.3,0.3,0.3,0.65
328,,0.25,0.25,0.25,0.6,0.25,0.25,0.25,0.6
329,,0.2,0.2,0.2,0.55,0.2,0.2,0.2,0.55
330,,0.15,0.15,0.15,0.5,0.15,0.15,0.15,0.5
331,,0.1,0.1,0.1,0.45,0.1,0.1,0.1,0.45
332,,0.05,0.05,0.05,0.4,0.05,0.05,0.05,0.4
333,,0.0,0.0,0.0,0.35,0.0,0.0,0.0,0.35
334,,-0.05,-0.05,-0.05,0.3,-0.05,-0.05,-0.05,0.3
335,1,0.95,0.271,0.2,0.479,0.1,0.129,0.2,0.621
336,1,1.0,0.592,0.45,0.658,0.25,0.308,0.45,0.942
337,,0.95,0.542,0.4,0.608,0.2,0.258,0.4,0.892
338,,0.9,0.492,0.35,0.558,0.15,0.208,0.35,0.842
339,,0.85,0.442,0.3,0.508,0.1,0.158,0.3,0.792
340,,0.8,0.392,0.25,0.458,0.05,0.108,0.25,0.742
341,,0.75,0.342,0.2,0.408,0.0,0.058,0.2,0.692
342,,0.7,0.292,0.15,0.358,-0.05,0.008,0.15,0.642
343,5,0.85,0.471,0.4,0.679,0.95,0.329,0.4,0.821
344,5,1.0,0.65,0.65,1.0,1.0,0.65,0.65,1.0
345,,0.95,0.6,0.6,0.95,0.95,0.6,0.6,0.95
346,,0.9,0.55,0.55,0.9,0.9,0.55,0.55,0.9
347,,0.85,0.5,0.5,0.85,0.85,0.5,0.5,0.85
348,,0.8,0.45,0.45,0.8,0.8,0.45,0.45,0.8
349,,0.75,0.4,0.4,0.75,0.75,0.4,0.4,0.75
350,,0.7,0.35,0.35,0.7,0.7,0.35,0.35,0.7
351,,0.65,0.3,0.3,0.65,0.65,0.3,0.3,0.65
352,,0.6,0.25,0.25,0.6,0.6,0.25,0.25,0.6
353,,0.55,0.2,0.2,0.55,0.55,0.2,0.2,0.55
354,,0.5,0.15,0.15,0.5,0.5,0.15,0.15,0.5
355,,0.45,0.1,0.1,0.45,0.45,0.1,0.1,0.45
356,,0.4,0.05,0.05,0.4,0.4,0.05,0.05,0.4
357,,0.35,0.0,0.0,0.35,0.35,0.0,0.0,0.35
358,,0.3,-0.05,-0.05,0.3,0.3,-0.05,-0.05,0.3
359,7,0.55,0.129,0.1,0.479,0.55,0.271,0.95,0.621
360,7,0.8,0.308,0.25,0.658,0.8,0.592,1.0,0.942
361,,0.75,0.258,0.2,0.608,0.75,0.542,0.95,0.892
362,,0.7,0.208,0.15,0.558,0.7,0.492,0.9,0.842
363,,0.65,0.158,0.1,0.508,0.65,0.442,0.85,0.792
364,,0.6,0.108,0.05,0.458,0.6,0.392,0.8,0.742
365,,0.55,0.058,0.0,0.408,0.55,0.342,0.75,0.692
366,,0.5,0.008,-0.05,0.358,0.5,0.292,0.7,0.642
367,3,0.75,0.329,0.95,0.679,0.75,0.471,0.85,0.821
368,3,1.0,0.65,1.0,1.0,1.0,0.65,1.0,1.0
369,,0.95,0.6,0.95,0.95,0.95,0.6,0.95,0.95
370,,0.9,0.55,0.9,0.9,0.9,0.55,0.9,0.9
371,,0.85,0.5,0.85,0.85,0.85,0.5,0.85,0.85
372,,0.8,0.45,0.8,0.8,0.8,0.45,0.8,0.8
373,,0.75,0.4,0.75,0.75,0.75,0.4,0.75,0.75
374,,0.7,0.35,0.7,0.7,0.7,0.35,0.7,0.7
375,,0.65,0.3,0.65,0.65,0.65,0.3,0.65,0.65
376,,0.6,0.25,0.6,0.6,0.6,0.25,0.6,0.6
377,,0.55,0.2,0.55,0.55,0.55,0.2,0.55,0.55
378,,0.5,0.15,0.5,0.5,0.5,0.15,0.5,0.5
379,,0.45,0.1,0.45,0.45,0.45,0.1,0.45,0.45
380,,0.4,0.05,0.4,0.4,0.4,0.05,0.4,0.4
381,,0.35,0.0,0.35,0.35,0.35,0.0,0.35,0.35
382,,0.3,-0.05,0.3,0.3,0.3,-0.05,0.3,0.3
383,6,0.479,0.1,0.479,0.55,0.621,0.95,0.621,0.55
384,6,0.658,0.25,0.658,0.8,0.942,1.0,0.942,0.8
385,,0.608,0.2,0.608,0.75,0.892,0.95,0.892,0.75
386,,0.558,0.15,0.558,0.7,0.842,0.9,0.842,0.7
387,,0.508,0.1,0.508,0.65,0.792,0.85,0.792,0.65
388,,0.458,0.05,0.458,0.6,0.742,0.8,0.742,0.6
389,,0.408,0.0,0.408,0.55,0.692,0.75,0.692,0.55
390,,0.358,-0.05,0.358,0.5,0.642,0.7,0.642,0.5
391,2,0.679,0.95,0.679,0.75,0.821,0.85,0.821,0.75
392,2,1.0,1.0,1.0,1.0,1.0,1.0,1.0,1.0
393,,0.95,0.95,0.95,0.95,0.95,0.95,0.95,0.95
394,,0.9,0.9,0.9,0.9,0.9,0.9,0.9,0.9
395,,0.85,0.85,0.85,0.85,0.85,0.85,0.85,0.85
396,,0.8,0.8,0.8,0.8,0.8,0.8,0.8,0.8
397,,0.75,0.75,0.75,0.75,0.75,0.75,0.75,0.75
398,,0.7,0.7,0.7,0.7,0.7,0.7,0.7,0.7
399,,0.65,0.65,0.65,0.65,0.65,0.65,0.65,0.65
400,,0.6,0.6,0.6,0.6,0.6,0.6,0.6,0.6
401,,0.55,0.55,0.55,0.55,0.55,0.55,0.55,0.55
402,,0.5,0.5,0.5,0.5,0.5,0.5,0.5,0.5
403,,0.45,0.45,0.45,0.45,0.45,0.45,0.45,0.45
404,,0.4,0.4,0.4,0.4,0.4,0.4,0.4,0.4
405,,0.35,0.35,0.35,0.35,0.35,0.35,0.35,0.35
406,,0.3,0.3,0.3,0.3,0.3,0.3,0.3,0.3
407,,0.25,0.25,0.25,0.25,0.25,0.25,0.25,0.25
408,,0.2,0.2,0.2,0.2,0.2,0.2,0.2,0.2
409,,0.15,0.15,0.15,0.15,0.15,0.15,0.15,0.15
410,,0.1,0.1,0.1,0.1,0.1,0.1,0.1,0.1
411,,0.05,0.05,0.05,0.05,0.05,0.05,0.05,0.05
412,,0.0,0.0,0.0,0.0,0.0,0.0,0.0,0.0
413,,-0.05,-0.05,-0.05,-0.05,-0.05,-0.05,-0.05,-0.05
414,8,0.271,0.2,0.129,0.1,0.129,0.2,0.271,0.95
415,8,0.592,0.45,0.308,0.25,0.308,0.45,0.592,1.0
416,,0.542,0.4,0.258,0.2,0.258,0.4,0.542,0.95
417,,0.492,0.35,0.208,0.15,0.208,0.35,0.492,0.9
418,,0.442,0.3,0.158,0.1,0.158,0.3,0.442,0.85
419,,0.392,0.25,0.108,0.05,0.108,0.25,0.392,0.8
420,,0.342,0.2,0.058,0.0,0.058,0.2,0.342,0.75
421,,0.292,0.15,0.008,-0.05,0.008,0.15,0.292,0.7
422,4,0.471,0.4,0.329,0.95,0.329,0.4,0.471,0.85
423,4,0.65,0.65,0.65,1.0,0.65,0.65,0.65,1.0
424,,0.6,0.6,0.6,0.95,0.6,0.6,0.6,0.95
425,,0.55,0.55,0.55,0.9,0.55,0.55,0.55,0.9
426,,0.5,0.5,0.5,0.85,0.5,0.5,0.5,0.85
427,,0.45,0.45,0.45,0.8,0.45,0.45,0.45,0.8
428,,0.4,0.4,0.4,0.75,0.4,0.4,0.4,0.75
429,,0.35,0.35,0.35,0.7,0.35,0.35,0.35,0.7
430,,0.3,0.3,0.3,0.65,0.3,0.3,0.3,0.65
431,,0.25,0.25,0.25,0.6,0.25,0.25,0.25,0.6
432,,0.2,0.2,0.2,0.55,0.2,0.2,0.2,0.55
433,,0.15,0.15,0.15,0.5,0.15,0.15,0.15,0.5
434,,0.1,0.1,0.1,0.45,0.1,0.1,0.1,0.45
435,,0.05,0.05,0.05,0.4,0.05,0.05,0.05,0.4
436,,0.0,0.0,0.0,0.35,0.0,0.0,0.0,0.35
437,,-0.05,-0.05,-0.05,0.3,-0.05,-0.05,-0.05,0.3
438,3,0.2,0.271,0.95,0.621,0.2,0.129,0.1,0.479
439,3,0.45,0.592,1.0,0.942,0.45,0.308,0.25,0.658
440,,0.4,0.542,0.95,0.892,0.4,0.258,0.2,0.608
441,,0.35,0.492,0.9,0.842,0.35,0.208,0.15,0.558
442,,0.3,0.442,0.85,0.792,0.3,0.158,0.1,0.508
443,,0.25,0.392,0.8,0.742,0.25,0.108,0.05,0.458
444,,0.2,0.342,0.75,0.692,0.2,0.058,0.0,0.408
445,,0.15,0.292,0.7,0.642,0.15,0.008,-0.05,0.358
446,7,0.4,0.471,0.85,0.821,0.4,0.329,0.95,0.679
447,7,0.65,0.65,1.0,1.0,0.65,0.65,1.0,1.0
448,,0.6,0.6,0.95,0.95,0.6,0.6,0.95,0.95
449,,0.55,0.55,0.9,0.9,0.55,0.55,0.9,0.9
450,,0.5,0.5,0.85,0.85,0.5,0.5,0.85,0.85
451,,0.45,0.45,0.8,0.8,0.45,0.45,0.8,0.8
452,,0.4,0.4,0.75,0.75,0.4,0.4,0.75,0.75
453,,0.35,0.35,0.7,0.7,0.35,0.35,0.7,0.7
454,,0.3,0.3,0.65,0.65,0.3,0.3,0.65,0.65
455,,0.25,0.25,0.6,0.6,0.25,0.25,0.6,0.6
456,,0.2,0.2,0.55,0.55,0.2,0.2,0.55,0.55
457,,0.15,0.15,0.5,0.5,0.15,0.15,0.5,0.5
458,,0.1,0.1,0.45,0.45,0.1,0.1,0.45,0.45
459,,0.05,0.05,0.4,0.4,0.05,0.05,0.4,0.4
460,,0.0,0.0,0.35,0.35,0.0,0.0,0.35,0.35
461,,-0.05,-0.05,0.3,0.3,-0.05,-0.05,0.3,0.3
462,5,0.1,0.129,0.55,0.621,0.95,0.271,0.55,0.479
463,5,0.25,0.308,0.8,0.942,1.0,0.592,0.8,0.658
464,,0.2,0.258,0.75,0.892,0.95,0.542,0.75,0.608
465,,0.15,0.208,0.7,0.842,0.9,0.492,0.7,0.558
466,,0.1,0.158,0.65,0.792,0.85,0.442,0.65,0.508
467,,0.05,0.108,0.6,0.742,0.8,0.392,0.6,0.458
468,,0.0,0.058,0.55,0.692,0.75,0.342,0.55,0.408
469,,-0.05,0.008,0.5,0.642,0.7,0.292,0.5,0.358
470,1,0.95,0.329,0.75,0.821,0.85,0.471,0.75,0.679
471,1,1.0,0.65,1.0,1.0,1.0,0.65,1.0,1.0
472,,0.95,0.6,0.95,0.95,0.95,0.6,0.95,0.95
473,,0.9,0.55,0.9,0.9,0.9,0.55,0.9,0.9
474,,0.85,0.5,0.85,0.85,0.85,0.5,0.85,0.85
475,,0.8,0.45,0.8,0.8,0.8,0.45,0.8,0.8
476,,0.75,0.4,0.75,0.75,0.75,0.4,0.75,0.75
477,,0.7,0.35,0.7,0.7,0.7,0.35,0.7,0.7
478,,0.65,0.3,0.65,0.65,0.65,0.3,0.65,0.65
479,,0.6,0.25,0.6,0.6,0.6,0.25,0.6,0.6
480,,0.55,0.2,0.55,0.55,0.55,0.2,0.55,0.55
481,,0.5,0.15,0.5,0.5,0.5,0.15,0.5,0.5
482,,0.45,0.1,0.45,0.45,0.45,0.1,0.45,0.45
483,,0.4,0.05,0.4,0.4,0.4,0.05,0.4,0.4
484,,0.35,0.0,0.35,0.35,0.35,0.0,0.35,0.35
485,,0.3,-0.05,0.3,0.3,0.3,-0.05,0.3,0.3
486,2,0.621,0.95,0.621,0.55,0.479,0.1,0.479,0.55
487,2,0.942,1.0,0.942,0.8,0.658,0.25,0.658,0.8
488,,0.892,0.95,0.892,0.75,0.608,0.2,0.608,0.75
489,,0.842,0.9,0.842,0.7,0.558,0.15,0.558,0.7
490,,0.792,0.85,0.792,0.65,0.508,0.1,0.508,0.65
491,,0.742,0.8,0.742,0.6,0.458,0.05,0.458,0.6
492,,0.692,0.75,0.692,0.55,0.408,0.0,0.408,0.55
493,,0.642,0.7,0.642,0.5,0.358,-0.05,0.358,0.5
494,6,0.821,0.85,0.821,0.75,0.679,0.95,0.679,0.75
495,6,1.0,1.0,1.0,1.0,1.0,1.0,1.0,1.0
496,,0.95,0.95,0.95,0.95,0.95,0.95,0.95,0.95
497,,0.9,0.9,0.9,0.9,0.9,0.9,0.9,0.9
498,,0.85,0.85,0.85,0.85,0.85,0.85,0.85,0.85
499,,0.8,0.8,0.8,0.8,0.8,0.8,0.8,0.8
500,,0.75,0.75,0.75,0.75,0.75,0.75,0.75,0.75
501,,0.7,0.7,0.7,0.7,0.7,0.7,0.7,0.7
502,,0.65,0.65,0.65,0.65,0.65,0.65,0.65,0.65
503,,0.6,0.6,0.6,0.6,0.6,0.6,0.6,0.6
504,,0.55,0.55,0.55,0.55,0.55,0.55,0.55,0.55
505,,0.5,0.5,0.5,0.5,0.5,0.5,0.5,0.5
506,,0.45,0.45,0.45,0.45,0.45,0.45,0.45,0.45
507,,0.4,0.4,0.4,0.4,0.4,0.4,0.4,0.4
508,,0.35,0.35,0.35,0.35,0.35,0.35,0.35,0.35
509,,0.3,0.3,0.3,0.3,0.3,0.3,0.3,0.3
510,,0.25,0.25,0.25,0.25,0.25,0.25,0.25,0.25
511,,0.2,0.2,0.2,0.2,0.2,0.2,0.2,0.2
512,,0.15,0.15,0.15,0.15,0.15,0.15,0.15,0.15
513,,0.1,0.1,0.1,0.1,0.1,0.1,0.1,0.1
514,,0.05,0.05,0.05,0.05,0.05,0.05,0.05,0.05
515,,0.0,0.0,0.0,0.0,0.0,0.0,0.0,0.0
516,,-0.05,-0.05,-0.05,-0.05,-0.05,-0.05,-0.05,-0.05
517,8,0.271,0.2,0.129,0.1,0.129,0.2,0.271,0.95
518,8,0.592,0.45,0.308,0.25,0.308,0.45,0.592,1.0
519,,0.542,0.4,0.258,0.2,0.258,0.4,0.542,0.95
520,,0.492,0.35,0.208,0.15,0.208,0.35,0.492,0.9
521,,0.442,0.3,0.158,0.1,0.158,0.3,0.442,0.85
522,,0.392,0.25,0.108,0.05,0.108,0.25,0.392,0.8
523,,0.342,0.2,0.058,0.0,0.058,0.2,0.342,0.75
524,,0.292,0.15,0.008,-0.05,0.008,0.15,0.292,0.7
525,4,0.471,0.4,0.329,0.95,0.329,0.4,0.471,0.85
526,4,0.65,0.65,0.65,1.0,0.65,0.65,0.65,1.0
527,,0.6,0.6,0.6,0.95,0.6,0.6,0.6,0.95
528,,0.55,0.55,0.55,0.9,0.55,0.55,0.55,0.9
529,,0.5,0.5,0.5,0.85,0.5,0.5,0.5,0.85
530,,0.45,0.45,0.45,0.8,0.45,0.45,0.45,0.8
531,,0.4,0.4,0.4,0.75,0.4,0.4,0.4,0.75
532,,0.35,0.35,0.35,0.7,0.35,0.35,0.35,0.7
533,,0.3,0.3,0.3,0.65,0.3,0.3,0.3,0.65
534,,0.25,0.25,0.25,0.6,0.25,0.25,0.25,0.6
535,,0.2,0.2,0.2,0.55,0.2,0.2,0.2,0.55
536,,0.15,0.15,0.15,0.5,0.15,0.15,0.15,0.5
537,,0.1,0.1,0.1,0.45,0.1,0.1,0.1,0.45
538,,0.05,0.05,0.05,0.4,0.05,0.05,0.05,0.4
539,,0.0,0.0,0.0,0.35,0.0,0.0,0.0,0.35
540,,-0.05,-0.05,-0.05,0.3,-0.05,-0.05,-0.05,0.3
541,3,0.2,0.271,0.95,0.621,0.2,0.129,0.1,0.479
542,3,0.45,0.592,1.0,0.942,0.45,0.308,0.25,0.658
543,,0.4,0.542,0.95,0.892,0.4,0.258,0.2,0.608
544,,0.35,0.492,0.9,0.842,0.35,0.208,0.15,0.558
545,,0.3,0.442,0.85,0.792,0.3,0.158,0.1,0.508
546,,0.25,0.392,0.8,0.742,0.25,0.108,0.05,0.458
547,,0.2,0.342,0.75,0.692,0.2,0.058,0.0,0.408
548,,0.15,0.292,0.7,0.642,0.15,0.008,-0.05,0.358
549,7,0.4,0.471,0.85,0.821,0.4,0.329,0.95,0.679
550,7,0.65,0.65,1.0,1.0,0.65,0.65,1.0,1.0
551,,0.6,0.6,0.95,0.95,0.6,0.6,0.95,0.95
552,,0.55,0.55,0.9,0.9,0.55,0.55,0.9,0.9
553,,0.5,0.5,0.85,0.85,0.5,0.5,0.85,0.85
554,,0.45,0.45,0.8,0.8,0.45,0.45,0.8,0.8
555,,0.4,0.4,0.75,0.75,0.4,0.4,0.75,0.75
556,,0.35,0.35,0.7,0.7,0.35,0.35,0.7,0.7
557,,0.3,0.3,0.65,0.65,0.3,0.3,0.65,0.65
558,,0.25,0.25,0.6,0.6,0.25,0.25,0.6,0.6
559,,0.2,0.2,0.55,0.55,0.2,0.2,0.55,0.55
560,,0.15,0.15,0.5,0.5,0.15,0.15,0.5,0.5
561,,0.1,0.1,0.45,0.45,0.1,0.1,0.45,0.45
562,,0.05,0.05,0.4,0.4,0.05,0.05,0.4,0.4
563,,0.0,0.0,0.35,0.35,0.0,0.0,0.35,0.35
564,,-0.05,-0.05,0.3,0.3,-0.05,-0.05,0.3,0.3
565,5,0.1,0.129,0.55,0.621,0.95,0.271,0.55,0.479
566,5,0.25,0.308,0.8,0.942,1.0,0.592,0.8,0.658
567,,0.2,0.258,0.75,0.892,0.95,0.542,0.75,0.608
568,,0.15,0.208,0.7,0.842,0.9,0.492,0.7,0.558
569,,0.1,0.158,0.65,0.792,0.85,0.442,0.65,0.508
570,,0.05,0.108,0.6,0.742,0.8,0.392,0.6,0.458
571,,0.0,0.058,0.55,0.692,0.75,0.342,0.55,0.408
572,,-0.05,0.008,0.5,0.642,0.7,0.292,0.5,0.358
573,1,0.95,0.329,0.75,0.821,0.85,0.471,0.75,0.679
574,1,1.0,0.65,1.0,1.0,1.0,0.65,1.0,1.0
575,,0.95,0.6,0.95,0.95,0.95,0.6,0.95,0.95
576,,0.9,0.55,0.9,0.9,0.9,0.55,0.9,0.9
577,,0.85,0.5,0.85,0.85,0.85,0.5,0.85,0.85
578,,0.8,0.45,0.8,0.8,0.8,0.45,0.8,0.8
579,,0.75,0.4,0.75,0.75,0.75,0.4,0.75,0.75
580,,0.7,0.35,0.7,0.7,0.7,0.35,0.7,0.7
581,,0.65,0.3,0.65,0.65,0.65,0.3,0.65,0.65
582,,0.6,0.25,0.6,0.6,0.6,0.25,0.6,0.6
583,,0.55,0.2,0.55,0.55,0.55,0.2,0.55,0.55
584,,0.5,0.15,0.5,0.5,0.5,0.15,0.5,0.5
585,,0.45,0.1,0.45,0.45,0.45,0.1,0.45,0.45
586,,0.4,0.05,0.4,0.4,0.4,0.05,0.4,0.4
587,,0.35,0.0,0.35,0.35,0.35,0.0,0.35,0.35
588,,0.3,-0.05,0.3,0.3,0.3,-0.05,0.3,0.3
589,2,0.621,0.95,0.621,0.55,0.479,0.1,0.479,0.55
590,2,0.942,1.0,0.942,0.8,0.658,0.25,0.658,0.8
591,,0.892,0.95,0.892,0.75,0.608,0.2,0.608,0.75
592,,0.842,0.9,0.842,0.7,0.558,0.15,0.558,0.7
593,,0.792,0.85,0.792,0.65,0.508,0.1,0.508,0.65
594,,0.742,0.8,0.742,0.6,0.458,0.05,0.458,0.6
595,,0.692,0.75,0.692,0.55,0.408,0.0,0.408,0.55
596,,0.642,0.7,0.642,0.5,0.358,-0.05,0.358,0.5
597,6,0.821,0.85,0.821,0.75,0.679,0.95,0.679,0.75
598,6,1.0,1.0,1.0,1.0,1.0,1.0,1.0,1.0
599,,0.95,0.95,0.95,0.95,0.95,0.95,0.95,0.95
600,,0.9,0.9,0.9,0.9,0.9,0.9,0.9,0.9
601,,0.85,0.85,0.85,0.85,0.85,0.85,0.85,0.85
602,,0.8,0.8,0.8,0.8,0.8,0.8,0.8,0.8
603,,0.75,0.75,0.75,0.75,0.75,0.75,0.75,0.75
604,,0.7,0.7,0.7,0.7,0.7,0.7,0.7,0.7
605,,0.65,0.65,0.65,0.65,0.65,0.65,0.65,0.65
606,,0.6,0.6,0.6,0.6,0.6,0.6,0.6,0.6
607,,0.55,0.55,0.55,0.55,0.55,0.55,0.55,0.55
608,,0.5,0.5,0.5,0.5,0.5,0.5,0.5,0.5
609,,0.45,0.45,0.45,0.45,0.45,0.45,0.45,0.45
610,,0.4,0.4,0.4,0.4,0.4,0.4,0.4,0.4
611,,0.35,0.35,0.35,0.35,0.35,0.35,0.35,0.35
612,,0.3,0.3,0.3,0.3,0.3,0.3,0.3,0.3
613,,0.25,0.25,0.25,0.25,0.25,0.25,0.25,0.25
614,,0.2,0.2,0.2,0.2,0.2,0.2,0.2,0.2
615,,0.15,0.15,0.15,0.15,0.15,0.15,0.15,0.15
616,,0.1,0.1,0.1,0.1,0.1,0.1,0.1,0.1
617,,0.05,0.05,0.05,0.05,0.05,0.05,0.05,0.05
618,,0.0,0.0,0.0,0.0,0.0,0.0,0.0,0.0
619,,-0.05,-0.05,-0.05,-0.05,-0.05,-0.05,-0.05,-0.05
620,3,0.2,0.271,0.95,0.271,0.2,0.129,0.1,0.129
621,3,0.45,0.592,1.0,0.592,0.45,0.308,0.25,0.308
622,,0.4,0.542,0.95,0.542,0.4,0.258,0.2,0.258
623,,0.35,0.492,0.9,0.492,0.35,0.208,0.15,0.208
624,,0.3,0.442,0.85,0.442,0.3,0.158,0.1,0.158
625,,0.25,0.392,0.8,0.392,0.25,0.108,0.05,0.108
626,,0.2,0.342,0.75,0.342,0.2,0.058,0.0,0.058
627,,0.15,0.292,0.7,0.292,0.15,0.008,-0.05,0.008
628,7,0.4,0.471,0.85,0.471,0.4,0.329,0.95,0.329
629,7,0.65,0.65,1.0,0.65,0.65,0.65,1.0,0.65
630,,0.6,0.6,0.95,0.6,0.6,0.6,0.95,0.6
631,,0.55,0.55,0.9,0.55,0.55,0.55,0.9,0.55
632,,0.5,0.5,0.85,0.5,0.5,0.5,0.85,0.5
633,,0.45,0.45,0.8,0.45,0.45,0.45,0.8,0.45
634,,0.4,0.4,0.75,0.4,0.4,0.4,0.75,0.4
635,,0.35,0.35,0.7,0.35,0.35,0.35,0.7,0.35
636,,0.3,0.3,0.65,0.3,0.3,0.3,0.65,0.3
637,,0.25,0.25,0.6,0.25,0.25,0.25,0.6,0.25
638,,0.2,0.2,0.55,0.2,0.2,0.2,0.55,0.2
639,,0.15,0.15,0.5,0.15,0.15,0.15,0.5,0.15
640,,0.1,0.1,0.45,0.1,0.1,0.1,0.45,0.1
641,,0.05,0.05,0.4,0.05,0.05,0.05,0.4,0.05
642,,0.0,0.0,0.35,0.0,0.0,0.0,0.35,0.0
643,,-0.05,-0.05,0.3,-0.05,-0.05,-0.05,0.3,-0.05
644,6,0.129,0.1,0.479,0.2,0.271,0.95,0.621,0.2
645,6,0.308,0.25,0.658,0.45,0.592,1.0,0.942,0.45
646,,0.258,0.2,0.608,0.4,0.542,0.95,0.892,0.4
647,,0.208,0.15,0.558,0.35,0.492,0.9,0.842,0.35
648,,0.158,0.1,0.508,0.3,0.442,0.85,0.792,0.3
649,,0.108,0.05,0.458,0.25,0.392,0.8,0.742,0.25
650,,0.058,0.0,0.408,0.2,0.342,0.75,0.692,0.2
651,,0.008,-0.05,0.358,0.15,0.292,0.7,0.642,0.15
652,2,0.329,0.95,0.679,0.4,0.471,0.85,0.821,0.4
653,2,0.65,1.0,1.0,0.65,0.65,1.0,1.0,0.65
654,,0.6,0.95,0.95,0.6,0.6,0.95,0.95,0.6
655,,0.55,0.9,0.9,0.55,0.55,0.9,0.9,0.55
656,,0.5,0.85,0.85,0.5,0.5,0.85,0.85,0.5
657,,0.45,0.8,0.8,0.45,0.45,0.8,0.8,0.45
658,,0.4,0.75,0.75,0.4,0.4,0.75,0.75,0.4
659,,0.35,0.7,0.7,0.35,0.35,0.7,0.7,0.35
660,,0.3,0.65,0.65,0.3,0.3,0.65,0.65,0.3
661,,0.25,0.6,0.6,0.25,0.25,0.6,0.6,0.25
662,,0.2,0.55,0.55,0.2,0.2,0.55,0.55,0.2
663,,0.15,0.5,0.5,0.15,0.15,0.5,0.5,0.15
664,,0.1,0.45,0.45,0.1,0.1,0.45,0.45,0.1
665,,0.05,0.4,0.4,0.05,0.05,0.4,0.4,0.05
666,,0.0,0.35,0.35,0.0,0.0,0.35,0.35,0.0
667,,-0.05,0.3,0.3,-0.05,-0.05,0.3,0.3,-0.05
668,4,0.129,0.55,0.621,0.95,0.271,0.55,0.479,0.1
669,4,0.308,0.8,0.942,1.0,0.592,0.8,0.658,0.25
670,,0.258,0.75,0.892,0.95,0.542,0.75,0.608,0.2
671,,0.208,0.7,0.842,0.9,0.492,0.7,0.558,0.15
672,,0.158,0.65,0.792,0.85,0.442,0.65,0.508,0.1
673,,0.108,0.6,0.742,0.8,0.392,0.6,0.458,0.05
674,,0.058,0.55,0.692,0.75,0.342,0.55,0.408,0.0
675,,0.008,0.5,0.642,0.7,0.292,0.5,0.358,-0.05
676,8,0.329,0.75,0.821,0.85,0.471,0.75,0.679,0.95
677,8,0.65,1.0,1.0,1.0,0.65,1.0,1.0,1.0
678,,0.6,0.95,0.95,0.95,0.6,0.95,0.95,0.95
679,,0.55,0.9,0.9,0.9,0.55,0.9,0.9,0.9
680,,0.5,0.85,0.85,0.85,0.5,0.85,0.85,0.85
681,,0.45,0.8,0.8,0.8,0.45,0.8,0.8,0.8
682,,0.4,0.75,0.75,0.75,0.4,0.75,0.75,0.75
683,,0.35,0.7,0.7,0.7,0.35,0.7,0.7,0.7
684,,0.3,0.65,0.65,0.65,0.3,0.65,0.65,0.65
685,,0.25,0.6,0.6,0.6,0.25,0.6,0.6,0.6
686,,0.2,0.55,0.55,0.55,0.2,0.55,0.55,0.55
687,,0.15,0.5,0.5,0.5,0.15,0.5,0.5,0.5
688,,0.1,0.45,0.45,0.45,0.1,0.45,0.45,0.45
689,,0.05,0.4,0.4,0.4,0.05,0.4,0.4,0.4
690,,0.0,0.35,0.35,0.35,0.0,0.35,0.35,0.35
691,,-0.05,0.3,0.3,0.3,-0.05,0.3,0.3,0.3
692,1,0.95,0.621,0.55,0.479,0.1,0.479,0.55,0.621
693,1,1.0,0.942,0.8,0.658,0.25,0.658,0.8,0.942
694,,0.95,0.892,0.75,0.608,0.2,0.608,0.75,0.892
695,,0.9,0.842,0.7,0.558,0.15,0.558,0.7,0.842
696,,0.85,0.792,0.65,0.508,0.1,0.508,0.65,0.792
697,,0.8,0.742,0.6,0.458,0.05,0.458,0.6,0.742
698,,0.75,0.692,0.55,0.408,0.0,0.408,0.55,0.692
699,,0.7,0.642,0.5,0.358,-0.05,0.358,0.5,0.642
700,5,0.85,0.821,0.75,0.679,0.95,0.679,0.75,0.821
701,5,1.0,1.0,1.0,1.0,1.0,1.0,1.0,1.0
702,,0.95,0.95,0.95,0.95,0.95,0.95,0.95,0.95
703,,0.9,0.9,0.9,0.9,0.9,0.9,0.9,0.9
704,,0.85,0.85,0.85,0.85,0.85,0.85,0.85,0.85
705,,0.8,0.8,0.8,0.8,0.8,0.8,0.8,0.8
706,,0.75,0.75,0.75,0.75,0.75,0.75,0.75,0.75
707,,0.7,0.7,0.7,0.7,0.7,0.7,0.7,0.7
708,,0.65,0.65,0.65,0.65,0.65,0.65,0.65,0.65
709,,0.6,0.6,0.6,0.6,0.6,0.6,0.6,0.6
710,,0.55,0.55,0.55,0.55,0.55,0.55,0.55,0.55
711,,0.5,0.5,0.5,0.5,0.5,0.5,0.5,0.5
712,,0.45,0.45,0.45,0.45,0.45,0.45,0.45,0.45
713,,0.4,0.4,0.4,0.4,0.4,0.4,0.4,0.4
714,,0.35,0.35,0.35,0.35,0.35,0.35,0.35,0.35
715,,0.3,0.3,0.3,0.3,0.3,0.3,0.3,0.3
716,,0.25,0.25,0.25,0.25,0.25,0.25,0.25,0.25
717,,0.2,0.2,0.2,0.2,0.2,0.2,0.2,0.2
718,,0.15,0.15,0.15,0.15,0.15,0.15,0.15,0.15
719,,0.1,0.1,0.1,0.1,0.1,0.1,0.1,0.1
720,,0.05,0.05,0.05,0.05,0.05,0.05,0.05,0.05
721,,0.0,0.0,0.0,0.0,0.0,0.0,0.0,0.0
722,,-0.05,-0.05,-0.05,-0.05,-0.05,-0.05,-0.05,-0.05
723,2,0.271,0.95,0.271,0.2,0.129,0.1,0.129,0.2
724,2,0.592,1.0,0.592,0.45,0.308,0.25,0.308,0.45
725,,0.542,0.95,0.542,0.4,0.258,0.2,0.258,0.4
726,,0.492,0.9,0.492,0.35,0.208,0.15,0.208,0.35
727,,0.442,0.85,0.442,0.3,0.158,0.1,0.158,0.3
728,,0.392,0.8,0.392,0.25,0.108,0.05,0.108,0.25
729,,0.342,0.75,0.342,0.2,0.058,0.0,0.058,0.2
730,,0.292,0.7,0.292,0.15,0.008,-0.05,0.008,0.15
731,6,0.471,0.85,0.471,0.4,0.329,0.95,0.329,0.4
732,6,0.65,1.0,0.65,0.65,0.65,1.0,0.65,0.65
733,,0.6,0.95,0.6,0.6,0.6,0.95,0.6,0.6
734,,0.55,0.9,0.55,0.55,0.55,0.9,0.55,0.55
735,,0.5,0.85,0.5,0.5,0.5,0.85,0.5,0.5
736,,0.45,0.8,0.45,0.45,0.45,0.8,0.45,0.45
737,,0.4,0.75,0.4,0.4,0.4,0.75,0.4,0.4
738,,0.35,0.7,0.35,0.35,0.35,0.7,0.35,0.35
739,,0.3,0.65,0.3,0.3,0.3,0.65,0.3,0.3
740,,0.25,0.6,0.25,0.25,0.25,0.6,0.25,0.25
741,,0.2,0.55,0.2,0.2,0.2,0.55,0.2,0.2
742,,0.15,0.5,0.15,0.15,0.15,0.5,0.15,0.15
743,,0.1,0.45,0.1,0.1,0.1,0.45,0.1,0.1
744,,0.05,0.4,0.05,0.05,0.05,0.4,0.05,0.05
745,,0.0,0.35,0.0,0.0,0.0,0.35,0.0,0.0
746,,-0.05,0.3,-0.05,-0.05,-0.05,0.3,-0.05,-0.05
747,1,0.95,0.621,0.2,0.129,0.1,0.479,0.2,0.271
748,1,1.0,0.942,0.45,0.308,0.25,0.658,0.45,0.592
749,,0.95,0.892,0.4,0.258,0.2,0.608,0.4,0.542
750,,0.9,0.842,0.35,0.208,0.15,0.558,0.35,0.492
751,,0.85,0.792,0.3,0.158,0.1,0.508,0.3,0.442
752,,0.8,0.742,0.25,0.108,0.05,0.458,0.25,0.392
753,,0.75,0.692,0.2,0.058,0.0,0.408,0.2,0.342
754,,0.7,0.642,0.15,0.008,-0.05,0.358,0.15,0.292
755,5,0.85,0.821,0.4,0.329,0.95,0.679,0.4,0.471
756,5,1.0,1.0,0.65,0.65,1.0,1.0,0.65,0.65
757,,0.95,0.95,0.6,0.6,0.95,0.95,0.6,0.6
758,,0.9,0.9,0.55,0.55,0.9,0.9,0.55,0.55
759,,0.85,0.85,0.5,0.5,0.85,0.85,0.5,0.5
760,,0.8,0.8,0.45,0.45,0.8,0.8,0.45,0.45
761,,0.75,0.75,0.4,0.4,0.75,0.75,0.4,0.4
762,,0.7,0.7,0.35,0.35,0.7,0.7,0.35,0.35
763,,0.65,0.65,0.3,0.3,0.65,0.65,0.3,0.3
764,,0.6,0.6,0.25,0.25,0.6,0.6,0.25,0.25
765,,0.55,0.55,0.2,0.2,0.55,0.55,0.2,0.2
766,,0.5,0.5,0.15,0.15,0.5,0.5,0.15,0.15
767,,0.45,0.45,0.1,0.1,0.45,0.45,0.1,0.1
768,,0.4,0.4,0.05,0.05,0.4,0.4,0.05,0.05
769,,0.35,0.35,0.0,0.0,0.35,0.35,0.0,0.0
770,,0.3,0.3,-0.05,-0.05,0.3,0.3,-0.05,-0.05
771,8,0.621,0.55,0.129,0.1,0.479,0.55,0.271,0.95
772,8,0.942,0.8,0.308,0.25,0.658,0.8,0.592,1.0
773,,0.892,0.75,0.258,0.2,0.608,0.75,0.542,0.95
774,,0.842,0.7,0.208,0.15,0.558,0.7,0.492,0.9
775,,0.792,0.65,0.158,0.1,0.508,0.65,0.442,0.85
776,,0.742,0.6,0.108,0.05,0.458,0.6,0.392,0.8
777,,0.692,0.55,0.058,0.0,0.408,0.55,0.342,0.75
778,,0.642,0.5,0.008,-0.05,0.358,0.5,0.292,0.7
779,4,0.821,0.75,0.329,0.95,0.679,0.75,0.471,0.85
780,4,1.0,1.0,0.65,1.0,1.0,1.0,0.65,1.0
781,,0.95,0.95,0.6,0.95,0.95,0.95,0.6,0.95
782,,0.9,0.9,0.55,0.9,0.9,0.9,0.55,0.9
783,,0.85,0.85,0.5,0.85,0.85,0.85,0.5,0.85
784,,0.8,0.8,0.45,0.8,0.8,0.8,0.45,0.8
785,,0.75,0.75,0.4,0.75,0.75,0.75,0.4,0.75
786,,0.7,0.7,0.35,0.7,0.7,0.7,0.35,0.7
787,,0.65,0.65,0.3,0.65,0.65,0.65,0.3,0.65
788,,0.6,0.6,0.25,0.6,0.6,0.6,0.25,0.6
789,,0.55,0.55,0.2,0.55,0.55,0.55,0.2,0.55
790,,0.5,0.5,0.15,0.5,0.5,0.5,0.15,0.5
791,,0.45,0.45,0.1,0.45,0.45,0.45,0.1,0.45
792,,0.4,0.4,0.05,0.4,0.4,0.4,0.05,0.4
793,,0.35,0.35,0.0,0.35,0.35,0.35,0.0,0.35
794,,0.3,0.3,-0.05,0.3,0.3,0.3,-0.05,0.3
795,3,0.55,0.621,0.95,0.621,0.55,0.479,0.1,0.479
796,3,0.8,0.942,1.0,0.942,0.8,0.658,0.25,0.658
797,,0.75,0.892,0.95,0.892,0.75,0.608,0.2,0.608
798,,0.7,0.842,0.9,0.842,0.7,0.558,0.15,0.558
799,,0.65,0.792,0.85,0.792,0.65,0.508,0.1,0.508
800,,0.6,0.742,0.8,0.742,0.6,0.458,0.05,0.458
801,,0.55,0.692,0.75,0.692,0.55,0.408,0.0,0.408
802,,0.5,0.642,0.7,0.642,0.5,0.358,-0.05,0.358
803,7,0.75,0.821,0.85,0.821,0.75,0.679,0.95,0.679
804,7,1.0,1.0,1.0,1.0,1.0,1.0,1.0,1.0
805,,0.95,0.95,0.95,0.95,0.95,0.95,0.95,0.95
806,,0.9,0.9,0.9,0.9,0.9,0.9,0.9,0.9
807,,0.85,0.85,0.85,0.85,0.85,0.85,0.85,0.85
808,,0.8,0.8,0.8,0.8,0.8,0.8,0.8,0.8
809,,0.75,0.75,0.75,0.75,0.75,0.75,0.75,0.75
810,,0.7,0.7,0.7,0.7,0.7,0.7,0.7,0.7
811,,0.65,0.65,0.65,0.65,0.65,0.65,0.65,0.65
812,,0.6,0.6,0.6,0.6,0.6,0.6,0.6,0.6
813,,0.55,0.55,0.55,0.55,0.55,0.55,0.55,0.55
814,,0.5,0.5,0.5,0.5,0.5,0.5,0.5,0.5
815,,0.45,0.45,0.45,0.45,0.45,0.45,0.45,0.45
816,,0.4,0.4,0.4,0.4,0.4,0.4,0.4,0.4
817,,0.35,0.35,0.35,0.35,0.35,0.35,0.35,0.35
818,,0.3,0.3,0.3,0.3,0.3,0.3,0.3,0.3
819,,0.25,0.25,0.25,0.25,0.25,0.25,0.25,0.25
820,,0.2,0.2,0.2,0.2,0.2,0.2,0.2,0.2
821,,0.15,0.15,0.15,0.15,0.15,0.15,0.15,0.15
822,,0.1,0.1,0.1,0.1,0.1,0.1,0.1,0.1
823,,0.05,0.05,0.05,0.05,0.05,0.05,0.05,0.05
824,,0.0,0.0,0.0,0.0,0.0,0.0,0.0,0.0
825,,-0.05,-0.05,-0.05,-0.05,-0.05,-0.05,-0.05,-0.05
826,1,0.95,0.271,0.2,0.129,0.1,0.129,0.2,0.271
827,1,1.0,0.592,0.45,0.308,0.25,0.308,0.45,0.592
828,,0.95,0.542,0.4,0.258,0.2,0.258,0.4,0.542
829,,0.9,0.492,0.35,0.208,0.15,0.208,0.35,0.492
830,,0.85,0.442,0.3,0.158,0.1,0.158,0.3,0.442
831,,0.8,0.392,0.25,0.108,0.05,0.108,0.25,0.392
832,,0.75,0.342,0.2,0.058,0.0,0.058,0.2,0.342
833,,0.7,0.292,0.15,0.008,-0.05,0.008,0.15,0.292
834,5,0.85,0.471,0.4,0.329,0.95,0.329,0.4,0.471
835,5,1.0,0.65,0.65,0.65,1.0,0.65,0.65,0.65
836,,0.95,0.6,0.6,0.6,0.95,0.6,0.6,0.6
837,,0.9,0.55,0.55,0.55,0.9,0.55,0.55,0.55
838,,0.85,0.5,0.5,0.5,0.85,0.5,0.5,0.5
839,,0.8,0.45,0.45,0.45,0.8,0.45,0.45,0.45
840,,0.75,0.4,0.4,0.4,0.75,0.4,0.4,0.4
841,,0.7,0.35,0.35,0.35,0.7,0.35,0.35,0.35
842,,0.65,0.3,0.3,0.3,0.65,0.3,0.3,0.3
843,,0.6,0.25,0.25,0.25,0.6,0.25,0.25,0.25
844,,0.55,0.2,0.2,0.2,0.55,0.2,0.2,0.2
845,,0.5,0.15,0.15,0.15,0.5,0.15,0.15,0.15
846,,0.45,0.1,0.1,0.1,0.45,0.1,0.1,0.1
847,,0.4,0.05,0.05,0.05,0.4,0.05,0.05,0.05
848,,0.35,0.0,0.0,0.0,0.35,0.0,0.0,0.0
849,,0.3,-0.05,-0.05,-0.05,0.3,-0.05,-0.05,-0.05
850,6,0.479,0.1,0.129,0.2,0.621,0.95,0.271,0.2
851,6,0.658,0.25,0.308,0.45,0.942,1.0,0.592,0.45
852,,0.608,0.2,0.258,0.4,0.892,0.95,0.542,0.4
853,,0.558,0.15,0.208,0.35,0.842,0.9,0.492,0.35
854,,0.508,0.1,0.158,0.3,0.792,0.85,0.442,0.3
855,,0.458,0.05,0.108,0.25,0.742,0.8,0.392,0.25
856,,0.408,0.0,0.058,0.2,0.692,0.75,0.342,0.2
857,,0.358,-0.05,0.008,0.15,0.642,0.7,0.292,0.15
858,2,0.679,0.95,0.329,0.4,0.821,0.85,0.471,0.4
859,2,1.0,1.0,0.65,0.65,1.0,1.0,0.65,0.65
860,,0.95,0.95,0.6,0.6,0.95,0.95,0.6,0.6
861,,0.9,0.9,0.55,0.55,0.9,0.9,0.55,0.55
862,,0.85,0.85,0.5,0.5,0.85,0.85,0.5,0.5
863,,0.8,0.8,0.45,0.45,0.8,0.8,0.45,0.45
864,,0.75,0.75,0.4,0.4,0.75,0.75,0.4,0.4
865,,0.7,0.7,0.35,0.35,0.7,0.7,0.35,0.35
866,,0.65,0.65,0.3,0.3,0.65,0.65,0.3,0.3
867,,0.6,0.6,0.25,0.25,0.6,0.6,0.25,0.25
868,,0.55,0.55,0.2,0.2,0.55,0.55,0.2,0.2
869,,0.5,0.5,0.15,0.15,0.5,0.5,0.15,0.15
870,,0.45,0.45,0.1,0.1,0.45,0.45,0.1,0.1
871,,0.4,0.4,0.05,0.05,0.4,0.4,0.05,0.05
872,,0.35,0.35,0.0,0.0,0.35,0.35,0.0,0.0
873,,0.3,0.3,-0.05,-0.05,0.3,0.3,-0.05,-0.05
874,4,0.479,0.55,0.271,0.95,0.621,0.55,0.129,0.1
875,4,0.658,0.8,0.592,1.0,0.942,0.8,0.308,0.25
876,,0.608,0.75,0.542,0.95,0.892,0.75,0.258,0.2
877,,0.558,0.7,0.492,0.9,0.842,0.7,0.208,0.15
878,,0.508,0.65,0.442,0.85,0.792,0.65,0.158,0.1
879,,0.458,0.6,0.392,0.8,0.742,0.6,0.108,0.05
880,,0.408,0.55,0.342,0.75,0.692,0.55,0.058,0.0
881,,0.358,0.5,0.292,0.7,0.642,0.5,0.008,-0.05
882,8,0.679,0.75,0.471,0.85,0.821,0.75,0.329,0.95
883,8,1.0,1.0,0.65,1.0,1.0,1.0,0.65,1.0
884,,0.95,0.95,0.6,0.95,0.95,0.95,0.6,0.95
885,,0.9,0.9,0.55,0.9,0.9,0.9,0.55,0.9
886,,0.85,0.85,0.5,0.85,0.85,0.85,0.5,0.85
887,,0.8,0.8,0.45,0.8,0.8,0.8,0.45,0.8
888,,0.75,0.75,0.4,0.75,0.75,0.75,0.4,0.75
889,,0.7,0.7,0.35,0.7,0.7,0.7,0.35,0.7
890,,0.65,0.65,0.3,0.65,0.65,0.65,0.3,0.65
891,,0.6,0.6,0.25,0.6,0.6,0.6,0.25,0.6
892,,0.55,0.55,0.2,0.55,0.55,0.55,0.2,0.55
