step,active_motive,motive_1,motive_2,motive_3,motive_4,motive_5,motive_6,motive_7,motive_8
0,,0.0681,0.02375,0.04002,0.04777,0.00829,0.05284,0.04363,0.08021
1,,0.0181,-0.02625,-0.00998,-0.00223,-0.04171,0.00284,-0.00637,0.03021
2,5,0.1681,0.15275,0.24002,0.31877,0.95829,0.32384,0.24363,0.20921
3,5,0.3181,0.33175,0.49002,0.63977,1.0,0.64484,0.49363,0.38821
4,,0.2681,0.28175,0.44002,0.58977,0.95,0.59484,0.44363,0.33821
5,,0.2181,0.23175,0.39002,0.53977,0.9,0.54484,0.39363,0.28821
6,,0.1681,0.18175,0.34002,0.48977,0.85,0.49484,0.34363,0.23821
7,,0.1181,0.13175,0.29002,0.43977,0.8,0.44484,0.29363,0.18821
8,,0.0681,0.08175,0.24002,0.38977,0.75,0.39484,0.24363,0.13821
9,,0.0181,0.03175,0.19002,0.33977,0.7,0.34484,0.19363,0.08821
10,,-0.0319,-0.01825,0.14002,0.28977,0.65,0.29484,0.14363,0.03821
11,1,0.9681,0.30275,0.39002,0.46877,0.8,0.47384,0.39363,0.35921
12,1,1.0,0.62375,0.64002,0.64777,0.95,0.65284,0.64363,0.68021
13,,0.95,0.57375,0.59002,0.59777,0.9,0.60284,0.59363,0.63021
14,,0.9,0.52375,0.54002,0.54777,0.85,0.55284,0.54363,0.58021
15,,0.85,0.47375,0.49002,0.49777,0.8,0.50284,0.49363,0.53021
16,,0.8,0.42375,0.44002,0.44777,0.75,0.45284,0.44363,0.48021
17,,0.75,0.37375,0.39002,0.39777,0.7,0.40284,0.39363,0.43021
18,,0.7,0.32375,0.34002,0.34777,0.65,0.35284,0.34363,0.38021
19,,0.65,0.27375,0.29002,0.29777,0.6,0.30284,0.29363,0.33021
20,,0.6,0.22375,0.24002,0.24777,0.55,0.25284,0.24363,0.28021
21,,0.55,0.17375,0.19002,0.19777,0.5,0.20284,0.19363,0.23021
22,,0.5,0.12375,0.14002,0.14777,0.45,0.15284,0.14363,0.18021
23,,0.45,0.07375,0.09002,0.09777,0.4,0.10284,0.09363,0.13021
24,,0.4,0.02375,0.04002,0.04777,0.35,0.05284,0.04363,0.08021
25,,0.35,-0.02625,-0.00998,-0.00223,0.3,0.00284,-0.00637,0.03021
26,2,0.671,0.97375,0.31102,0.24777,0.479,0.15284,0.17263,0.28021
27,2,0.992,1.0,0.63202,0.49777,0.658,0.30284,0.35163,0.53021
28,,0.942,0.95,0.58202,0.44777,0.608,0.25284,0.30163,0.48021
29,,0.892,0.9,0.53202,0.39777,0.558,0.20284,0.25163,0.43021
30,,0.842,0.85,0.48202,0.34777,0.508,0.15284,0.20163,0.38021
31,,0.792,0.8,0.43202,0.29777,0.458,0.10284,0.15163,0.33021
32,,0.742,0.75,0.38202,0.24777,0.408,0.05284,0.10163,0.28021
33,,0.692,0.7,0.33202,0.19777,0.358,0.00284,0.05163,0.23021
34,,0.642,0.65,0.28202,0.14777,0.308,-0.04716,0.00163,0.18021
35,6,0.821,0.8,0.46102,0.39777,0.629,0.95284,0.32263,0.43021
36,6,1.0,0.95,0.64002,0.64777,0.95,1.0,0.64363,0.68021
37,,0.95,0.9,0.59002,0.59777,0.9,0.95,0.59363,0.63021
38,,0.9,0.85,0.54002,0.54777,0.85,0.9,0.54363,0.58021
39,,0.85,0.8,0.49002,0.49777,0.8,0.85,0.49363,0.53021
40,,0.8,0.75,0.44002,0.44777,0.75,0.8,0.44363,0.48021
41,,0.75,0.7,0.39002,0.39777,0.7,0.75,0.39363,0.43021
42,,0.7,0.65,0.34002,0.34777,0.65,0.7,0.34363,0.38021
43,,0.65,0.6,0.29002,0.29777,0.6,0.65,0.29363,0.33021
44,,0.6,0.55,0.24002,0.24777,0.55,0.6,0.24363,0.28021
45,,0.55,0.5,0.19002,0.19777,0.5,0.55,0.19363,0.23021
46,,0.5,0.45,0.14002,0.14777,0.45,0.5,0.14363,0.18021
47,,0.45,0.4,0.09002,0.09777,0.4,0.45,0.09363,0.13021
48,,0.4,0.35,0.04002,0.04777,0.35,0.4,0.04363,0.08021
49,,0.35,0.3,-0.00998,-0.00223,0.3,0.35,-0.00637,0.03021
50,3,0.6,0.621,0.99002,0.31877,0.55,0.529,0.14363,0.20921
51,3,0.85,0.942,1.0,0.63977,0.8,0.708,0.29363,0.38821
52,,0.8,0.892,0.95,0.58977,0.75,0.658,0.24363,0.33821
53,,0.75,0.842,0.9,0.53977,0.7,0.608,0.19363,0.28821
54,,0.7,0.792,0.85,0.48977,0.65,0.558,0.14363,0.23821
55,,0.65,0.742,0.8,0.43977,0.6,0.508,0.09363,0.18821
56,,0.6,0.692,0.75,0.38977,0.55,0.458,0.04363,0.13821
57,,0.55,0.642,0.7,0.33977,0.5,0.408,-0.00637,0.08821
58,7,0.8,0.821,0.85,0.51877,0.75,0.729,0.99363,0.40921
59,7,1.0,1.0,1.0,0.69777,1.0,1.0,1.0,0.73021
60,,0.95,0.95,0.95,0.64777,0.95,0.95,0.95,0.68021
61,,0.9,0.9,0.9,0.59777,0.9,0.9,0.9,0.63021
62,,0.85,0.85,0.85,0.54777,0.85,0.85,0.85,0.58021
63,,0.8,0.8,0.8,0.49777,0.8,0.8,0.8,0.53021
64,,0.75,0.75,0.75,0.44777,0.75,0.75,0.75,0.48021
65,,0.7,0.7,0.7,0.39777,0.7,0.7,0.7,0.43021
66,,0.65,0.65,0.65,0.34777,0.65,0.65,0.65,0.38021
67,,0.6,0.6,0.6,0.29777,0.6,0.6,0.6,0.33021
68,,0.55,0.55,0.55,0.24777,0.55,0.55,0.55,0.28021
69,,0.5,0.5,0.5,0.19777,0.5,0.5,0.5,0.23021
70,,0.45,0.45,0.45,0.14777,0.45,0.45,0.45,0.18021
71,,0.4,0.4,0.4,0.09777,0.4,0.4,0.4,0.13021
72,,0.35,0.35,0.35,0.04777,0.35,0.35,0.35,0.08021
73,,0.3,0.3,0.3,-0.00223,0.3,0.3,0.3,0.03021
74,4,0.479,0.55,0.621,0.99777,0.621,0.55,0.479,0.18021
75,4,0.658,0.8,0.942,1.0,0.942,0.8,0.658,0.33021
76,,0.608,0.75,0.892,0.95,0.892,0.75,0.608,0.28021
77,,0.558,0.7,0.842,0.9,0.842,0.7,0.558,0.23021
78,,0.508,0.65,0.792,0.85,0.792,0.65,0.508,0.18021
79,,0.458,0.6,0.742,0.8,0.742,0.6,0.458,0.13021
80,,0.408,0.55,0.692,0.75,0.692,0.55,0.408,0.08021
81,,0.358,0.5,0.642,0.7,0.642,0.5,0.358,0.03021
82,,0.308,0.45,0.592,0.65,0.592,0.45,0.308,-0.01979
83,8,0.629,0.7,0.771,0.8,0.771,0.7,0.629,0.98021
84,8,0.95,0.95,0.95,0.95,0.95,0.95,0.95,1.0
85,,0.9,0.9,0.9,0.9,0.9,0.9,0.9,0.95
86,,0.85,0.85,0.85,0.85,0.85,0.85,0.85,0.9
87,,0.8,0.8,0.8,0.8,0.8,0.8,0.8,0.85
88,,0.75,0.75,0.75,0.75,0.75,0.75,0.75,0.8
89,,0.7,0.7,0.7,0.7,0.7,0.7,0.7,0.75
90,,0.65,0.65,0.65,0.65,0.65,0.65,0.65,0.7
91,,0.6,0.6,0.6,0.6,0.6,0.6,0.6,0.65
92,,0.55,0.55,0.55,0.55,0.55,0.55,0.55,0.6
93,,0.5,0.5,0.5,0.5,0.5,0.5,0.5,0.55
94,,0.45,0.45,0.45,0.45,0.45,0.45,0.45,0.5
95,,0.4,0.4,0.4,0.4,0.4,0.4,0.4,0.45
96,,0.35,0.35,0.35,0.35,0.35,0.35,0.35,0.4
97,,0.3,0.3,0.3,0.3,0.3,0.3,0.3,0.35
98,,0.25,0.25,0.25,0.25,0.25,0.25,0.25,0.3
99,,0.2,0.2,0.2,0.2,0.2,0.2,0.2,0.25
100,,0.15,0.15,0.15,0.15,0.15,0.15,0.15,0.2
101,,0.1,0.1,0.1,0.1,0.1,0.1,0.1,0.15
102,,0.05,0.05,0.05,0.05,0.05,0.05,0.05,0.1
103,,0.0,0.0,0.0,0.0,0.0,0.0,0.0,0.05
104,,-0.05,-0.05,-0.05,-0.05,-0.05,-0.05,-0.05,0.0
105,5,0.1,0.129,0.2,0.271,0.95,0.271,0.2,0.179
106,5,0.25,0.308,0.45,0.592,1.0,0.592,0.45,0.358
107,,0.2,0.258,0.4,0.542,0.95,0.542,0.4,0.308
108,,0.15,0.208,0.35,0.492,0.9,0.492,0.35,0.258
109,,0.1,0.158,0.3,0.442,0.85,0.442,0.3,0.208
110,,0.05,0.108,0.25,0.392,0.8,0.392,0.25,0.158
111,,0.0,0.058,0.2,0.342,0.75,0.342,0.2,0.108
112,,-0.05,0.008,0.15,0.292,0.7,0.292,0.15,0.058
113,1,0.95,0.329,0.4,0.471,0.85,0.471,0.4,0.379
114,1,1.0,0.65,0.65,0.65,1.0,0.65,0.65,0.7
115,,0.95,0.6,0.6,0.6,0.95,0.6,0.6,0.65
116,,0.9,0.55,0.55,0.55,0.9,0.55,0.55,0.6
117,,0.85,0.5,0.5,0.5,0.85,0.5,0.5,0.55
118,,0.8,0.45,0.45,0.45,0.8,0.45,0.45,0.5
119,,0.75,0.4,0.4,0.4,0.75,0.4,0.4,0.45
120,,0.7,0.35,0.35,0.35,0.7,0.35,0.35,0.4
121,,0.65,0.3,0.3,0.3,0.65,0.3,0.3,0.35
122,,0.6,0.25,0.25,0.25,0.6,0.25,0.25,0.3
123,,0.55,0.2,0.2,0.2,0.55,0.2,0.2,0.25
124,,0.5,0.15,0.15,0.15,0.5,0.15,0.15,0.2
125,,0.45,0.1,0.1,0.1,0.45,0.1,0.1,0.15
126,,0.4,0.05,0.05,0.05,0.4,0.05,0.05,0.1
127,,0.35,0.0,0.0,0.0,0.35,0.0,0.0,0.05
128,,0.3,-0.05,-0.05,-0.05,0.3,-0.05,-0.05,0.0
129,7,0.55,0.129,0.1,0.129,0.55,0.271,0.95,0.321
130,7,0.8,0.308,0.25,0.308,0.8,0.592,1.0,0.642
131,,0.75,0.258,0.2,0.258,0.75,0.542,0.95,0.592
132,,0.7,0.208,0.15,0.208,0.7,0.492,0.9,0.542
133,,0.65,0.158,0.1,0.158,0.65,0.442,0.85,0.492
134,,0.6,0.108,0.05,0.108,0.6,0.392,0.8,0.442
135,,0.55,0.058,0.0,0.058,0.55,0.342,0.75,0.392
136,,0.5,0.008,-0.05,0.008,0.5,0.292,0.7,0.342
137,3,0.75,0.329,0.95,0.329,0.75,0.471,0.85,0.521
138,3,1.0,0.65,1.0,0.65,1.0,0.65,1.0,0.7
139,,0.95,0.6,0.95,0.6,0.95,0.6,0.95,0.65
140,,0.9,0.55,0.9,0.55,0.9,0.55,0.9,0.6
141,,0.85,0.5,0.85,0.5,0.85,0.5,0.85,0.55
142,,0.8,0.45,0.8,0.45,0.8,0.45,0.8,0.5
143,,0.75,0.4,0.75,0.4,0.75,0.4,0.75,0.45
144,,0.7,0.35,0.7,0.35,0.7,0.35,0.7,0.4
145,,0.65,0.3,0.65,0.3,0.65,0.3,0.65,0.35
146,,0.6,0.25,0.6,0.25,0.6,0.25,0.6,0.3
147,,0.55,0.2,0.55,0.2,0.55,0.2,0.55,0.25
148,,0.5,0.15,0.5,0.15,0.5,0.15,0.5,0.2
149,,0.45,0.1,0.45,0.1,0.45,0.1,0.45,0.15
150,,0.4,0.05,0.4,0.05,0.4,0.05,0.4,0.1
151,,0.35,0.0,0.35,0.0,0.35,0.0,0.35,0.05
152,,0.3,-0.05,0.3,-0.05,0.3,-0.05,0.3,0.0
153,2,0.621,0.95,0.621,0.2,0.479,0.1,0.479,0.25
154,2,0.942,1.0,0.942,0.45,0.658,0.25,0.658,0.5
155,,0.892,0.95,0.892,0.4,0.608,0.2,0.608,0.45
156,,0.842,0.9,0.842,0.35,0.558,0.15,0.558,0.4
157,,0.792,0.85,0.792,0.3,0.508,0.1,0.508,0.35
158,,0.742,0.8,0.742,0.25,0.458,0.05,0.458,0.3
159,,0.692,0.75,0.692,0.2,0.408,0.0,0.408,0.25
160,,0.642,0.7,0.642,0.15,0.358,-0.05,0.358,0.2
161,6,0.821,0.85,0.821,0.4,0.679,0.95,0.679,0.45
162,6,1.0,1.0,1.0,0.65,1.0,1.0,1.0,0.7
163,,0.95,0.95,0.95,0.6,0.95,0.95,0.95,0.65
164,,0.9,0.9,0.9,0.55,0.9,0.9,0.9,0.6
165,,0.85,0.85,0.85,0.5,0.85,0.85,0.85,0.55
166,,0.8,0.8,0.8,0.45,0.8,0.8,0.8,0.5
167,,0.75,0.75,0.75,0.4,0.75,0.75,0.75,0.45
168,,0.7,0.7,0.7,0.35,0.7,0.7,0.7,0.4
169,,0.65,0.65,0.65,0.3,0.65,0.65,0.65,0.35
170,,0.6,0.6,0.6,0.25,0.6,0.6,0.6,0.3
171,,0.55,0.55,0.55,0.2,0.55,0.55,0.55,0.25
172,,0.5,0.5,0.5,0.15,0.5,0.5,0.5,0.2
173,,0.45,0.45,0.45,0.1,0.45,0.45,0.45,0.15
174,,0.4,0.4,0.4,0.05,0.4,0.4,0.4,0.1
175,,0.35,0.35,0.35,0.0,0.35,0.35,0.35,0.05
176,,0.3,0.3,0.3,-0.05,0.3,0.3,0.3,0.0
177,4,0.479,0.55,0.621,0.95,0.621,0.55,0.479,0.15
178,4,0.658,0.8,0.942,1.0,0.942,0.8,0.658,0.3
179,,0.608,0.75,0.892,0.95,0.892,0.75,0.608,0.25
180,,0.558,0.7,0.842,0.9,0.842,0.7,0.558,0.2
181,,0.508,0.65,0.792,0.85,0.792,0.65,0.508,0.15
182,,0.458,0.6,0.742,0.8,0.742,0.6,0.458,0.1
183,,0.408,0.55,0.692,0.75,0.692,0.55,0.408,0.05
184,,0.358,0.5,0.642,0.7,0.642,0.5,0.358,0.0
185,,0.308,0.45,0.592,0.65,0.592,0.45,0.308,-0.05
186,8,0.629,0.7,0.771,0.8,0.771,0.7,0.629,0.95
187,8,0.95,0.95,0.95,0.95,0.95,0.95,0.95,1.0
188,,0.9,0.9,0.9,0.9,0.9,0.9,0.9,0.95
189,,0.85,0.85,0.85,0.85,0.85,0.85,0.85,0.9
190,,0.8,0.8,0.8,0.8,0.8,0.8,0.8,0.85
191,,0.75,0.75,0.75,0.75,0.75,0.75,0.75,0.8
192,,0.7,0.7,0.7,0.7,0.7,0.7,0.7,0.75
193,,0.65,0.65,0.65,0.65,0.65,0.65,0.65,0.7
194,,0.6,0.6,0.6,0.6,0.6,0.6,0.6,0.65
195,,0.55,0.55,0.55,0.55,0.55,0.55,0.55,0.6
196,,0.5,0.5,0.5,0.5,0.5,0.5,0.5,0.55
197,,0.45,0.45,0.45,0.45,0.45,0.45,0.45,0.5
198,,0.4,0.4,0.4,0.4,0.4,0.4,0.4,0.45
199,,0.35,0.35,0.35,0.35,0.35,0.35,0.35,0.4
200,,0.3,0.3,0.3,0.3,0.3,0.3,0.3,0.35
201,,0.25,0.25,0.25,0.25,0.25,0.25,0.25,0.3
202,,0.2,0.2,0.2,0.2,0.2,0.2,0.2,0.25
203,,0.15,0.15,0.15,0.15,0.15,0.15,0.15,0.2
204,,0.1,0.1,0.1,0.1,0.1,0.1,0.1,0.15
205,,0.05,0.05,0.05,0.05,0.05,0.05,0.05,0.1
206,,0.0,0.0,0.0,0.0,0.0,0.0,0.0,0.05
207,,-0.05,-0.05,-0.05,-0.05,-0.05,-0.05,-0.05,0.0
208,7,0.2,0.129,0.1,0.129,0.2,0.271,0.95,0.321
209,7,0.45,0.308,0.25,0.308,0.45,0.592,1.0,0.642
210,,0.4,0.258,0.2,0.258,0.4,0.542,0.95,0.592
211,,0.35,0.208,0.15,0.208,0.35,0.492,0.9,0.542
212,,0.3,0.158,0.1,0.158,0.3,0.442,0.85,0.492
213,,0.25,0.108,0.05,0.108,0.25,0.392,0.8,0.442
214,,0.2,0.058,0.0,0.058,0.2,0.342,0.75,0.392
215,,0.15,0.008,-0.05,0.008,0.15,0.292,0.7,0.342
216,3,0.4,0.329,0.95,0.329,0.4,0.471,0.85,0.521
217,3,0.65,0.65,1.0,0.65,0.65,0.65,1.0,0.7
218,,0.6,0.6,0.95,0.6,0.6,0.6,0.95,0.65
219,,0.55,0.55,0.9,0.55,0.55,0.55,0.9,0.6
220,,0.5,0.5,0.85,0.5,0.5,0.5,0.85,0.55
221,,0.45,0.45,0.8,0.45,0.45,0.45,0.8,0.5
222,,0.4,0.4,0.75,0.4,0.4,0.4,0.75,0.45
223,,0.35,0.35,0.7,0.35,0.35,0.35,0.7,0.4
224,,0.3,0.3,0.65,0.3,0.3,0.3,0.65,0.35
225,,0.25,0.25,0.6,0.25,0.25,0.25,0.6,0.3
226,,0.2,0.2,0.55,0.2,0.2,0.2,0.55,0.25
227,,0.15,0.15,0.5,0.15,0.15,0.15,0.5,0.2
228,,0.1,0.1,0.45,0.1,0.1,0.1,0.45,0.15
229,,0.05,0.05,0.4,0.05,0.05,0.05,0.4,0.1
230,,0.0,0.0,0.35,0.0,0.0,0.0,0.35,0.05
231,,-0.05,-0.05,0.3,-0.05,-0.05,-0.05,0.3,0.0
232,6,0.129,0.1,0.479,0.2,0.271,0.95,0.621,0.25
233,6,0.308,0.25,0.658,0.45,0.592,1.0,0.942,0.5
234,,0.258,0.2,0.608,0.4,0.542,0.95,0.892,0.45
235,,0.208,0.15,0.558,0.35,0.492,0.9,0.842,0.4
236,,0.158,0.1,0.508,0.3,0.442,0.85,0.792,0.35
237,,0.108,0.05,0.458,0.25,0.392,0.8,0.742,0.3
238,,0.058,0.0,0.408,0.2,0.342,0.75,0.692,0.25
239,,0.008,-0.05,0.358,0.15,0.292,0.7,0.642,0.2
240,2,0.329,0.95,0.679,0.4,0.471,0.85,0.821,0.45
241,2,0.65,1.0,1.0,0.65,0.65,1.0,1.0,0.7
242,,0.6,0.95,0.95,0.6,0.6,0.95,0.95,0.65
243,,0.55,0.9,0.9,0.55,0.55,0.9,0.9,0.6
244,,0.5,0.85,0.85,0.5,0.5,0.85,0.85,0.55
245,,0.45,0.8,0.8,0.45,0.45,0.8,0.8,0.5
246,,0.4,0.75,0.75,0.4,0.4,0.75,0.75,0.45
247,,0.35,0.7,0.7,0.35,0.35,0.7,0.7,0.4
248,,0.3,0.65,0.65,0.3,0.3,0.65,0.65,0.35
249,,0.25,0.6,0.6,0.25,0.25,0.6,0.6,0.3
250,,0.2,0.55,0.55,0.2,0.2,0.55,0.55,0.25
251,,0.15,0.5,0.5,0.15,0.15,0.5,0.5,0.2
252,,0.1,0.45,0.45,0.1,0.1,0.45,0.45,0.15
253,,0.05,0.4,0.4,0.05,0.05,0.4,0.4,0.1
254,,0.0,0.35,0.35,0.0,0.0,0.35,0.35,0.05
255,,-0.05,0.3,0.3,-0.05,-0.05,0.3,0.3,0.0
256,4,0.129,0.55,0.621,0.95,0.271,0.55,0.479,0.15
257,4,0.308,0.8,0.942,1.0,0.592,0.8,0.658,0.3
258,,0.258,0.75,0.892,0.95,0.542,0.75,0.608,0.25
259,,0.208,0.7,0.842,0.9,0.492,0.7,0.558,0.2
260,,0.158,0.65,0.792,0.85,0.442,0.65,0.508,0.15
261,,0.108,0.6,0.742,0.8,0.392,0.6,0.458,0.1
262,,0.058,0.55,0.692,0.75,0.342,0.55,0.408,0.05
263,,0.008,0.5,0.642,0.7,0.292,0.5,0.358,0.0
264,,-0.042,0.45,0.592,0.65,0.242,0.45,0.308,-0.05
265,8,0.279,0.7,0.771,0.8,0.421,0.7,0.629,0.95
266,8,0.6,0.95,0.95,0.95,0.6,0.95,0.95,1.0
267,,0.55,0.9,0.9,0.9,0.55,0.9,0.9,0.95
268,,0.5,0.85,0.85,0.85,0.5,0.85,0.85,0.9
269,,0.45,0.8,0.8,0.8,0.45,0.8,0.8,0.85
270,,0.4,0.75,0.75,0.75,0.4,0.75,0.75,0.8
271,,0.35,0.7,0.7,0.7,0.35,0.7,0.7,0.75
272,,0.3,0.65,0.65,0.65,0.3,0.65,0.65,0.7
273,,0.25,0.6,0.6,0.6,0.25,0.6,0.6,0.65
274,,0.2,0.55,0.55,0.55,0.2,0.55,0.55,0.6
275,,0.15,0.5,0.5,0.5,0.15,0.5,0.5,0.55
276,,0.1,0.45,0.45,0.45,0.1,0.45,0.45,0.5
277,,0.05,0.4,0.4,0.4,0.05,0.4,0.4,0.45
278,,0.0,0.35,0.35,0.35,0.0,0.35,0.35,0.4
279,,-0.05,0.3,0.3,0.3,-0.05,0.3,0.3,0.35
280,1,0.95,0.621,0.55,0.479,0.1,0.479,0.55,0.671
281,1,1.0,0.942,0.8,0.658,0.25,0.658,0.8,0.992
282,,0.95,0.892,0.75,0.608,0.2,0.608,0.75,0.942
283,,0.9,0.842,0.7,0.558,0.15,0.558,0.7,0.892
284,,0.85,0.792,0.65,0.508,0.1,0.508,0.65,0.842
285,,0.8,0.742,0.6,0.458,0.05,0.458,0.6,0.792
286,,0.75,0.692,0.55,0.408,0.0,0.408,0.55,0.742
287,,0.7,0.642,0.5,0.358,-0.05,0.358,0.5,0.692
288,5,0.85,0.821,0.75,0.679,0.95,0.679,0.75,0.871
289,5,1.0,1.0,1.0,1.0,1.0,1.0,1.0,1.0
290,,0.95,0.95,0.95,0.95,0.95,0.95,0.95,0.95
291,,0.9,0.9,0.9,0.9,0.9,0.9,0.9,0.9
292,,0.85,0.85,0.85,0.85,0.85,0.85,0.85,0.85
293,,0.8,0.8,0.8,0.8,0.8,0.8,0.8,0.8
294,,0.75,0.75,0.75,0.75,0.75,0.75,0.75,0.75
295,,0.7,0.7,0.7,0.7,0.7,0.7,0.7,0.7
296,,0.65,0.65,0.65,0.65,0.65,0.65,0.65,0.65
297,,0.6,0.6,0.6,0.6,0.6,0.6,0.6,0.6
298,,0.55,0.55,0.55,0.55,0.55,0.55,0.55,0.55
299,,0.5,0.5,0.5,0.5,0.5,0.5,0.5,0.5
300,,0.45,0.45,0.45,0.45,0.45,0.45,0.45,0.45
301,,0.4,0.4,0.4,0.4,0.4,0.4,0.4,0.4
302,,0.35,0.35,0.35,0.35,0.35,0.35,0.35,0.35
303,,0.3,0.3,0.3,0.3,0.3,0.3,0.3,0.3
304,,0.25,0.25,0.25,0.25,0.25,0.25,0.25,0.25
305,,0.2,0.2,0.2,0.2,0.2,0.2,0.2,0.2
306,,0.15,0.15,0.15,0.15,0.15,0.15,0.15,0.15
307,,0.1,0.1,0.1,0.1,0.1,0.1,0.1,0.1
308,,0.05,0.05,0.05,0.05,0.05,0.05,0.05,0.05
309,,0.0,0.0,0.0,0.0,0.0,0.0,0.0,0.0
310,,-0.05,-0.05,-0.05,-0.05,-0.05,-0.05,-0.05,-0.05
311,3,0.2,0.271,0.95,0.271,0.2,0.129,0.1,0.129
312,3,0.45,0.592,1.0,0.592,0.45,0.308,0.25,0.308
313,,0.4,0.542,0.95,0.542,0.4,0.258,0.2,0.258
314,,0.35,0.492,0.9,0.492,0.35,0.208,0.15,0.208
315,,0.3,0.442,0.85,0.442,0.3,0.158,0.1,0.158
316,,0.25,0.392,0.8,0.392,0.25,0.108,0.05,0.108
317,,0.2,0.342,0.75,0.342,0.2,0.058,0.0,0.058
318,,0.15,0.292,0.7,0.292,0.15,0.008,-0.05,0.008
319,7,0.4,0.471,0.85,0.471,0.4,0.329,0.95,0.329
320,7,0.65,0.65,1.0,0.65,0.65,0.65,1.0,0.65
321,,0.6,0.6,0.95,0.6,0.6,0.6,0.95,0.6
322,,0.55,0.55,0.9,0.55,0.55,0.55,0.9,0.55
323,,0.5,0.5,0.85,0.5,0.5,0.5,0.85,0.5
324,,0.45,0.45,0.8,0.45,0.45,0.45,0.8,0.45
325,,0.4,0.4,0.75,0.4,0.4,0.4,0.75,0.4
326,,0.35,0.35,0.7,0.35,0.35,0.35,0.7,0.35
327,,0.3,0.3,0.65,0.3,0.3,0.3,0.65,0.3
328,,0.25,0.25,0.6,0.25,0.25,0.25,0.6,0.25
329,,0.2,0.2,0.55,0.2,0.2,0.2,0.55,0.2
330,,0.15,0.15,0.5,0.15,0.15,0.15,0.5,0.15
331,,0.1,0.1,0.45,0.1,0.1,0.1,0.45,0.1
332,,0.05,0.05,0.4,0.05,0.05,0.05,0.4,0.05
333,,0.0,0.0,0.35,0.0,0.0,0.0,0.35,0.0
334,,-0.05,-0.05,0.3,-0.05,-0.05,-0.05,0.3,-0.05
335,5,0.1,0.129,0.55,0.271,0.95,0.271,0.55,0.129
336,5,0.25,0.308,0.8,0.592,1.0,0.592,0.8,0.308
337,,0.2,0.258,0.75,0.542,0.95,0.542,0.75,0.258
338,,0.15,0.208,0.7,0.492,0.9,0.492,0.7,0.208
339,,0.1,0.158,0.65,0.442,0.85,0.442,0.65,0.158
340,,0.05,0.108,0.6,0.392,0.8,0.392,0.6,0.108
341,,0.0,0.058,0.55,0.342,0.75,0.342,0.55,0.058
342,,-0.05,0.008,0.5,0.292,0.7,0.292,0.5,0.008
343,1,0.95,0.329,0.75,0.471,0.85,0.471,0.75,0.329
344,1,1.0,0.65,1.0,0.65,1.0,0.65,1.0,0.65
345,,0.95,0.6,0.95,0.6,0.95,0.6,0.95,0.6
346,,0.9,0.55,0.9,0.55,0.9,0.55,0.9,0.55
347,,0.85,0.5,0.85,0.5,0.85,0.5,0.85,0.5
348,,0.8,0.45,0.8,0.45,0.8,0.45,0.8,0.45
349,,0.75,0.4,0.75,0.4,0.75,0.4,0.75,0.4
350,,0.7,0.35,0.7,0.35,0.7,0.35,0.7,0.35
351,,0.65,0.3,0.65,0.3,0.65,0.3,0.65,0.3
352,,0.6,0.25,0.6,0.25,0.6,0.25,0.6,0.25
353,,0.55,0.2,0.55,0.2,0.55,0.2,0.55,0.2
354,,0.5,0.15,0.5,0.15,0.5,0.15,0.5,0.15
355,,0.45,0.1,0.45,0.1,0.45,0.1,0.45,0.1
356,,0.4,0.05,0.4,0.05,0.4,0.05,0.4,0.05
357,,0.35,0.0,0.35,0.0,0.35,0.0,0.35,0.0
358,,0.3,-0.05,0.3,-0.05,0.3,-0.05,0.3,-0.05
359,2,0.621,0.95,0.621,0.2,0.479,0.1,0.479,0.2
360,2,0.942,1.0,0.942,0.45,0.658,0.25,0.658,0.45
361,,0.892,0.95,0.892,0.4,0.608,0.2,0.608,0.4
362,,0.842,0.9,0.842,0.35,0.558,0.15,0.558,0.35
363,,0.792,0.85,0.792,0.3,0.508,0.1,0.508,0.3
364,,0.742,0.8,0.742,0.25,0.458,0.05,0.458,0.25
365,,0.692,0.75,0.692,0.2,0.408,0.0,0.408,0.2
366,,0.642,0.7,0.642,0.15,0.358,-0.05,0.358,0.15
367,6,0.821,0.85,0.821,0.4,0.679,0.95,0.679,0.4
368,6,1.0,1.0,1.0,0.65,1.0,1.0,1.0,0.65
369,,0.95,0.95,0.95,0.6,0.95,0.95,0.95,0.6
370,,0.9,0.9,0.9,0.55,0.9,0.9,0.9,0.55
371,,0.85,0.85,0.85,0.5,0.85,0.85,0.85,0.5
372,,0.8,0.8,0.8,0.45,0.8,0.8,0.8,0.45
373,,0.75,0.75,0.75,0.4,0.75,0.75,0.75,0.4
374,,0.7,0.7,0.7,0.35,0.7,0.7,0.7,0.35
375,,0.65,0.65,0.65,0.3,0.65,0.65,0.65,0.3
376,,0.6,0.6,0.6,0.25,0.6,0.6,0.6,0.25
377,,0.55,0.55,0.55,0.2,0.55,0.55,0.55,0.2
378,,0.5,0.5,0.5,0.15,0.5,0.5,0.5,0.15
379,,0.45,0.45,0.45,0.1,0.45,0.45,0.45,0.1
380,,0.4,0.4,0.4,0.05,0.4,0.4,0.4,0.05
381,,0.35,0.35,0.35,0.0,0.35,0.35,0.35,0.0
382,,0.3,0.3,0.3,-0.05,0.3,0.3,0.3,-0.05
383,8,0.621,0.55,0.479,0.1,0.479,0.55,0.621,0.95
384,8,0.942,0.8,0.658,0.25,0.658,0.8,0.942,1.0
385,,0.892,0.75,0.608,0.2,0.608,0.75,0.892,0.95
386,,0.842,0.7,0.558,0.15,0.558,0.7,0.842,0.9
387,,0.792,0.65,0.508,0.1,0.508,0.65,0.792,0.85
388,,0.742,0.6,0.458,0.05,0.458,0.6,0.742,0.8
389,,0.692,0.55,0.408,0.0,0.408,0.55,0.692,0.75
390,,0.642,0.5,0.358,-0.05,0.358,0.5,0.642,0.7
391,4,0.821,0.75,0.679,0.95,0.679,0.75,0.821,0.85
392,4,1.0,1.0,1.0,1.0,1.0,1.0,1.0,1.0
393,,0.95,0.95,0.95,0.95,0.95,0.95,0.95,0.95
394,,0.9,0.9,0.9,0.9,0.9,0.9,0.9,0.9
395,,0.85,0.85,0.85,0.85,0.85,0.85,0.85,0.85
396,,0.8,0.8,0.8,0.8,0.8,0.8,0.8,0.8
397,,0.75,0.75,0.75,0.75,0.75,0.75,0.75,0.75
398,,0.7,0.7,0.7,0.7,0.7,0.7,0.7,0.7
399,,0.65,0.65,0.65,0.65,0.65,0.65,0.65,0.65
400,,0.6,0.6,0.6,0.6,0.6,0.6,0.6,0.6
401,,0.55,0.55,0.55,0.55,0.55,0.55,0.55,0.55
402,,0.5,0.5,0.5,0.5,0.5,0.5,0.5,0.5
403,,0.45,0.45,0.45,0.45,0.45,0.45,0.45,0.45
404,,0.4,0.4,0.4,0.4,0.4,0.4,0.4,0.4
405,,0.35,0.35,0.35,0.35,0.35,0.35,0.35,0.35
406,,0.3,0.3,0.3,0.3,0.3,0.3,0.3,0.3
407,,0.25,0.25,0.25,0.25,0.25,0.25,0.25,0.25
408,,0.2,0.2,0.2,0.2,0.2,0.2,0.2,0.2
409,,0.15,0.15,0.15,0.15,0.15,0.15,0.15,0.15
410,,0.1,0.1,0.1,0.1,0.1,0.1,0.1,0.1
411,,0.05,0.05,0.05,0.05,0.05,0.05,0.05,0.05
412,,0.0,0.0,0.0,0.0,0.0,0.0,0.0,0.0
413,,-0.05,-0.05,-0.05,-0.05,-0.05,-0.05,-0.05,-0.05
414,3,0.2,0.271,0.95,0.271,0.2,0.129,0.1,0.129
415,3,0.45,0.592,1.0,0.592,0.45,0.308,0.25,0.308
416,,0.4,0.542,0.95,0.542,0.4,0.258,0.2,0.258
417,,0.35,0.492,0.9,0.492,0.35,0.208,0.15,0.208
418,,0.3,0.442,0.85,0.442,0.3,0.158,0.1,0.158
419,,0.25,0.392,0.8,0.392,0.25,0.108,0.05,0.108
420,,0.2,0.342,0.75,0.342,0.2,0.058,0.0,0.058
421,,0.15,0.292,0.7,0.292,0.15,0.008,-0.05,0.008
422,7,0.4,0.471,0.85,0.471,0.4,0.329,0.95,0.329
423,7,0.65,0.65,1.0,0.65,0.65,0.65,1.0,0.65
424,,0.6,0.6,0.95,0.6,0.6,0.6,0.95,0.6
425,,0.55,0.55,0.9,0.55,0.55,0.55,0.9,0.55
426,,0.5,0.5,0.85,0.5,0.5,0.5,0.85,0.5
427,,0.45,0.45,0.8,0.45,0.45,0.45,0.8,0.45
428,,0.4,0.4,0.75,0.4,0.4,0.4,0.75,0.4
429,,0.35,0.35,0.7,0.35,0.35,0.35,0.7,0.35
430,,0.3,0.3,0.65,0.3,0.3,0.3,0.65,0.3
431,,0.25,0.25,0.6,0.25,0.25,0.25,0.6,0.25
432,,0.2,0.2,0.55,0.2,0.2,0.2,0.55,0.2
433,,0.15,0.15,0.5,0.15,0.15,0.15,0.5,0.15
434,,0.1,0.1,0.45,0.1,0.1,0.1,0.45,0.1
435,,0.05,0.05,0.4,0.05,0.05,0.05,0.4,0.05
436,,0.0,0.0,0.35,0.0,0.0,0.0,0.35,0.0
437,,-0.05,-0.05,0.3,-0.05,-0.05,-0.05,0.3,-0.05
438,4,0.129,0.2,0.621,0.95,0.271,0.2,0.479,0.1
439,4,0.308,0.45,0.942,1.0,0.592,0.45,0.658,0.25
440,,0.258,0.4,0.892,0.95,0.542,0.4,0.608,0.2
441,,0.208,0.35,0.842,0.9,0.492,0.35,0.558,0.15
442,,0.158,0.3,0.792,0.85,0.442,0.3,0.508,0.1
443,,0.108,0.25,0.742,0.8,0.392,0.25,0.458,0.05
444,,0.058,0.2,0.692,0.75,0.342,0.2,0.408,0.0
445,,0.008,0.15,0.642,0.7,0.292,0.15,0.358,-0.05
446,8,0.329,0.4,0.821,0.85,0.471,0.4,0.679,0.95
447,8,0.65,0.65,1.0,1.0,0.65,0.65,1.0,1.0
448,,0.6,0.6,0.95,0.95,0.6,0.6,0.95,0.95
449,,0.55,0.55,0.9,0.9,0.55,0.55,0.9,0.9
450,,0.5,0.5,0.85,0.85,0.5,0.5,0.85,0.85
451,,0.45,0.45,0.8,0.8,0.45,0.45,0.8,0.8
452,,0.4,0.4,0.75,0.75,0.4,0.4,0.75,0.75
453,,0.35,0.35,0.7,0.7,0.35,0.35,0.7,0.7
454,,0.3,0.3,0.65,0.65,0.3,0.3,0.65,0.65
455,,0.25,0.25,0.6,0.6,0.25,0.25,0.6,0.6
456,,0.2,0.2,0.55,0.55,0.2,0.2,0.55,0.55
457,,0.15,0.15,0.5,0.5,0.15,0.15,0.5,0.5
458,,0.1,0.1,0.45,0.45,0.1,0.1,0.45,0.45
459,,0.05,0.05,0.4,0.4,0.05,0.05,0.4,0.4
460,,0.0,0.0,0.35,0.35,0.0,0.0,0.35,0.35
461,,-0.05,-0.05,0.3,0.3,-0.05,-0.05,0.3,0.3
462,6,0.129,0.1,0.479,0.55,0.271,0.95,0.621,0.55
463,6,0.308,0.25,0.658,0.8,0.592,1.0,0.942,0.8
464,,0.258,0.2,0.608,0.75,0.542,0.95,0.892,0.75
465,,0.208,0.15,0.558,0.7,0.492,0.9,0.842,0.7
466,,0.158,0.1,0.508,0.65,0.442,0.85,0.792,0.65
467,,0.108,0.05,0.458,0.6,0.392,0.8,0.742,0.6
468,,0.058,0.0,0.408,0.55,0.342,0.75,0.692,0.55
469,,0.008,-0.05,0.358,0.5,0.292,0.7,0.642,0.5
470,2,0.329,0.95,0.679,0.75,0.471,0.85,0.821,0.75
471,2,0.65,1.0,1.0,1.0,0.65,1.0,1.0,1.0
472,,0.6,0.95,0.95,0.95,0.6,0.95,0.95,0.95
473,,0.55,0.9,0.9,0.9,0.55,0.9,0.9,0.9
474,,0.5,0.85,0.85,0.85,0.5,0.85,0.85,0.85
475,,0.45,0.8,0.8,0.8,0.45,0.8,0.8,0.8
476,,0.4,0.75,0.75,0.75,0.4,0.75,0.75,0.75
477,,0.35,0.7,0.7,0.7,0.35,0.7,0.7,0.7
478,,0.3,0.65,0.65,0.65,0.3,0.65,0.65,0.65
479,,0.25,0.6,0.6,0.6,0.25,0.6,0.6,0.6
480,,0.2,0.55,0.55,0.55,0.2,0.55,0.55,0.55
481,,0.15,0.5,0.5,0.5,0.15,0.5,0.5,0.5
482,,0.1,0.45,0.45,0.45,0.1,0.45,0.45,0.45
483,,0.05,0.4,0.4,0.4,0.05,0.4,0.4,0.4
484,,0.0,0.35,0.35,0.35,0.0,0.35,0.35,0.35
485,,-0.05,0.3,0.3,0.3,-0.05,0.3,0.3,0.3
486,1,0.95,0.621,0.55,0.479,0.1,0.479,0.55,0.621
487,1,1.0,0.942,0.8,0.658,0.25,0.658,0.8,0.942
488,,0.95,0.892,0.75,0.608,0.2,0.608,0.75,0.892
489,,0.9,0.842,0.7,0.558,0.15,0.558,0.7,0.842
490,,0.85,0.792,0.65,0.508,0.1,0.508,0.65,0.792
491,,0.8,0.742,0.6,0.458,0.05,0.458,0.6,0.742
492,,0.75,0.692,0.55,0.408,0.0,0.408,0.55,0.692
493,,0.7,0.642,0.5,0.358,-0.05,0.358,0.5,0.642
494,5,0.85,0.821,0.75,0.679,0.95,0.679,0.75,0.821
495,5,1.0,1.0,1.0,1.0,1.0,1.0,1.0,1.0
496,,0.95,0.95,0.95,0.95,0.95,0.95,0.95,0.95
497,,0.9,0.9,0.9,0.9,0.9,0.9,0.9,0.9
498,,0.85,0.85,0.85,0.85,0.85,0.85,0.85,0.85
499,,0.8,0.8,0.8,0.8,0.8,0.8,0.8,0.8
500,,0.75,0.75,0.75,0.75,0.75,0.75,0.75,0.75
501,,0.7,0.7,0.7,0.7,0.7,0.7,0.7,0.7
502,,0.65,0.65,0.65,0.65,0.65,0.65,0.65,0.65
503,,0.6,0.6,0.6,0.6,0.6,0.6,0.6,0.6
504,,0.55,0.55,0.55,0.55,0.55,0.55,0.55,0.55
505,,0.5,0.5,0.5,0.5,0.5,0.5,0.5,0.5
506,,0.45,0.45,0.45,0.45,0.45,0.45,0.45,0.45
507,,0.4,0.4,0.4,0.4,0.4,0.4,0.4,0.4
508,,0.35,0.35,0.35,0.35,0.35,0.35,0.35,0.35
509,,0.3,0.3,0.3,0.3,0.3,0.3,0.3,0.3
510,,0.25,0.25,0.25,0.25,0.25,0.25,0.25,0.25
511,,0.2,0.2,0.2,0.2,0.2,0.2,0.2,0.2
512,,0.15,0.15,0.15,0.15,0.15,0.15,0.15,0.15
513,,0.1,0.1,0.1,0.1,0.1,0.1,0.1,0.1
514,,0.05,0.05,0.05,0.05,0.05,0.05,0.05,0.05
515,,0.0,0.0,0.0,0.0,0.0,0.0,0.0,0.0
516,,-0.05,-0.05,-0.05,-0.05,-0.05,-0.05,-0.05,-0.05
517,2,0.271,0.95,0.271,0.2,0.129,0.1,0.129,0.2
518,2,0.592,1.0,0.592,0.45,0.308,0.25,0.308,0.45
519,,0.542,0.95,0.542,0.4,0.258,0.2,0.258,0.4
520,,0.492,0.9,0.492,0.35,0.208,0.15,0.208,0.35
521,,0.442,0.85,0.442,0.3,0.158,0.1,0.158,0.3
522,,0.392,0.8,0.392,0.25,0.108,0.05,0.108,0.25
523,,0.342,0.75,0.342,0.2,0.058,0.0,0.058,0.2
524,,0.292,0.7,0.292,0.15,0.008,-0.05,0.008,0.15
525,6,0.471,0.85,0.471,0.4,0.329,0.95,0.329,0.4
526,6,0.65,1.0,0.65,0.65,0.65,1.0,0.65,0.65
527,,0.6,0.95,0.6,0.6,0.6,0.95,0.6,0.6
528,,0.55,0.9,0.55,0.55,0.55,0.9,0.55,0.55
529,,0.5,0.85,0.5,0.5,0.5,0.85,0.5,0.5
530,,0.45,0.8,0.45,0.45,0.45,0.8,0.45,0.45
531,,0.4,0.75,0.4,0.4,0.4,0.75,0.4,0.4
532,,0.35,0.7,0.35,0.35,0.35,0.7,0.35,0.35
533,,0.3,0.65,0.3,0.3,0.3,0.65,0.3,0.3
534,,0.25,0.6,0.25,0.25,0.25,0.6,0.25,0.25
535,,0.2,0.55,0.2,0.2,0.2,0.55,0.2,0.2
536,,0.15,0.5,0.15,0.15,0.15,0.5,0.15,0.15
537,,0.1,0.45,0.1,0.1,0.1,0.45,0.1,0.1
538,,0.05,0.4,0.05,0.05,0.05,0.4,0.05,0.05
539,,0.0,0.35,0.0,0.0,0.0,0.35,0.0,0.0
540,,-0.05,0.3,-0.05,-0.05,-0.05,0.3,-0.05,-0.05
541,1,0.95,0.621,0.2,0.129,0.1,0.479,0.2,0.271
542,1,1.0,0.942,0.45,0.308,0.25,0.658,0.45,0.592
543,,0.95,0.892,0.4,0.258,0.2,0.608,0.4,0.542
544,,0.9,0.842,0.35,0.208,0.15,0.558,0.35,0.492
545,,0.85,0.792,0.3,0.158,0.1,0.508,0.3,0.442
546,,0.8,0.742,0.25,0.108,0.05,0.458,0.25,0.392
547,,0.75,0.692,0.2,0.058,0.0,0.408,0.2,0.342
548,,0.7,0.642,0.15,0.008,-0.05,0.358,0.15,0.292
549,5,0.85,0.821,0.4,0.329,0.95,0.679,0.4,0.471
550,5,1.0,1.0,0.65,0.65,1.0,1.0,0.65,0.65
551,,0.95,0.95,0.6,0.6,0.95,0.95,0.6,0.6
552,,0.9,0.9,0.55,0.55,0.9,0.9,0.55,0.55
553,,0.85,0.85,0.5,0.5,0.85,0.85,0.5,0.5
554,,0.8,0.8,0.45,0.45,0.8,0.8,0.45,0.45
555,,0.75,0.75,0.4,0.4,0.75,0.75,0.4,0.4
556,,0.7,0.7,0.35,0.35,0.7,0.7,0.35,0.35
557,,0.65,0.65,0.3,0.3,0.65,0.65,0.3,0.3
558,,0.6,0.6,0.25,0.25,0.6,0.6,0.25,0.25
559,,0.55,0.55,0.2,0.2,0.55,0.55,0.2,0.2
560,,0.5,0.5,0.15,0.15,0.5,0.5,0.15,0.15
561,,0.45,0.45,0.1,0.1,0.45,0.45,0.1,0.1
562,,0.4,0.4,0.05,0.05,0.4,0.4,0.05,0.05
563,,0.35,0.35,0.0,0.0,0.35,0.35,0.0,0.0
564,,0.3,0.3,-0.05,-0.05,0.3,0.3,-0.05,-0.05
565,3,0.55,0.621,0.95,0.271,0.55,0.479,0.1,0.129
566,3,0.8,0.942,1.0,0.592,0.8,0.658,0.25,0.308
567,,0.75,0.892,0.95,0.542,0.75,0.608,0.2,0.258
568,,0.7,0.842,0.9,0.492,0.7,0.558,0.15,0.208
569,,0.65,0.792,0.85,0.442,0.65,0.508,0.1,0.158
570,,0.6,0.742,0.8,0.392,0.6,0.458,0.05,0.108
571,,0.55,0.692,0.75,0.342,0.55,0.408,0.0,0.058
572,,0.5,0.642,0.7,0.292,0.5,0.358,-0.05,0.008
573,7,0.75,0.821,0.85,0.471,0.75,0.679,0.95,0.329
574,7,1.0,1.0,1.0,0.65,1.0,1.0,1.0,0.65
575,,0.95,0.95,0.95,0.6,0.95,0.95,0.95,0.6
576,,0.9,0.9,0.9,0.55,0.9,0.9,0.9,0.55
577,,0.85,0.85,0.85,0.5,0.85,0.85,0.85,0.5
578,,0.8,0.8,0.8,0.45,0.8,0.8,0.8,0.45
579,,0.75,0.75,0.75,0.4,0.75,0.75,0.75,0.4
580,,0.7,0.7,0.7,0.35,0.7,0.7,0.7,0.35
581,,0.65,0.65,0.65,0.3,0.65,0.65,0.65,0.3
582,,0.6,0.6,0.6,0.25,0.6,0.6,0.6,0.25
583,,0.55,0.55,0.55,0.2,0.55,0.55,0.55,0.2
584,,0.5,0.5,0.5,0.15,0.5,0.5,0.5,0.15
585,,0.45,0.45,0.45,0.1,0.45,0.45,0.45,0.1
586,,0.4,0.4,0.4,0.05,0.4,0.4,0.4,0.05
587,,0.35,0.35,0.35,0.0,0.35,0.35,0.35,0.0
588,,0.3,0.3,0.3,-0.05,0.3,0.3,0.3,-0.05
589,8,0.621,0.55,0.479,0.1,0.479,0.55,0.621,0.95
590,8,0.942,0.8,0.658,0.25,0.658,0.8,0.942,1.0
591,,0.892,0.75,0.608,0.2,0.608,0.75,0.892,0.95
592,,0.842,0.7,0.558,0.15,0.558,0.7,0.842,0.9
593,,0.792,0.65,0.508,0.1,0.508,0.65,0.792,0.85
594,,0.742,0.6,0.458,0.05,0.458,0.6,0.742,0.8
595,,0.692,0.55,0.408,0.0,0.408,0.55,0.692,0.75
596,,0.642,0.5,0.358,-0.05,0.358,0.5,0.642,0.7
597,4,0.821,0.75,0.679,0.95,0.679,0.75,0.821,0.85
598,4,1.0,1.0,1.0,1.0,1.0,1.0,1.0,1.0
599,,0.95,0.95,0.95,0.95,0.95,0.95,0.95,0.95
600,,0.9,0.9,0.9,0.9,0.9,0.9,0.9,0.9
601,,0.85,0.85,0.85,0.85,0.85,0.85,0.85,0.85
602,,0.8,0.8,0.8,0.8,0.8,0.8,0.8,0.8
603,,0.75,0.75,0.75,0.75,0.75,0.75,0.75,0.75
604,,0.7,0.7,0.7,0.7,0.7,0.7,0.7,0.7
605,,0.65,0.65,0.65,0.65,0.65,0.65,0.65,0.65
606,,0.6,0.6,0.6,0.6,0.6,0.6,0.6,0.6
607,,0.55,0.55,0.55,0.55,0.55,0.55,0.55,0.55
608,,0.5,0.5,0.5,0.5,0.5,0.5,0.5,0.5
609,,0.45,0.45,0.45,0.45,0.45,0.45,0.45,0.45
610,,0.4,0.4,0.4,0.4,0.4,0.4,0.4,0.4
611,,0.35,0.35,0.35,0.35,0.35,0.35,0.35,0.35
612,,0.3,0.3,0.3,0.3,0.3,0.3,0.3,0.3
613,,0.25,0.25,0.25,0.25,0.25,0.25,0.25,0.25
614,,0.2,0.2,0.2,0.2,0.2,0.2,0.2,0.2
615,,0.15,0.15,0.15,0.15,0.15,0.15,0.15,0.15
616,,0.1,0.1,0.1,0.1,0.1,0.1,0.1,0.1
617,,0.05,0.05,0.05,0.05,0.05,0.05,0.05,0.05
618,,0.0,0.0,0.0,0.0,0.0,0.0,0.0,0.0
619,,-0.05,-0.05,-0.05,-0.05,-0.05,-0.05,-0.05,-0.05
620,7,0.2,0.129,0.1,0.129,0.2,0.271,0.95,0.271
621,7,0.45,0.308,0.25,0.308,0.45,0.592,1.0,0.592
622,,0.4,0.258,0.2,0.258,0.4,0.542,0.95,0.542
623,,0.35,0.208,0.15,0.208,0.35,0.492,0.9,0.492
624,,0.3,0.158,0.1,0.158,0.3,0.442,0.85,0.442
625,,0.25,0.108,0.05,0.108,0.25,0.392,0.8,0.392
626,,0.2,0.058,0.0,0.058,0.2,0.342,0.75,0.342
627,,0.15,0.008,-0.05,0.008,0.15,0.292,0.7,0.292
628,3,0.4,0.329,0.95,0.329,0.4,0.471,0.85,0.471
629,3,0.65,0.65,1.0,0.65,0.65,0.65,1.0,0.65
630,,0.6,0.6,0.95,0.6,0.6,0.6,0.95,0.6
631,,0.55,0.55,0.9,0.55,0.55,0.55,0.9,0.55
632,,0.5,0.5,0.85,0.5,0.5,0.5,0.85,0.5
633,,0.45,0.45,0.8,0.45,0.45,0.45,0.8,0.45
634,,0.4,0.4,0.75,0.4,0.4,0.4,0.75,0.4
635,,0.35,0.35,0.7,0.35,0.35,0.35,0.7,0.35
636,,0.3,0.3,0.65,0.3,0.3,0.3,0.65,0.3
637,,0.25,0.25,0.6,0.25,0.25,0.25,0.6,0.25
638,,0.2,0.2,0.55,0.2,0.2,0.2,0.55,0.2
639,,0.15,0.15,0.5,0.15,0.15,0.15,0.5,0.15
640,,0.1,0.1,0.45,0.1,0.1,0.1,0.45,0.1
641,,0.05,0.05,0.4,0.05,0.05,0.05,0.4,0.05
642,,0.0,0.0,0.35,0.0,0.0,0.0,0.35,0.0
643,,-0.05,-0.05,0.3,-0.05,-0.05,-0.05,0.3,-0.05
644,1,0.95,0.271,0.55,0.129,0.1,0.129,0.55,0.271
645,1,1.0,0.592,0.8,0.308,0.25,0.308,0.8,0.592
646,,0.95,0.542,0.75,0.258,0.2,0.258,0.75,0.542
647,,0.9,0.492,0.7,0.208,0.15,0.208,0.7,0.492
648,,0.85,0.442,0.65,0.158,0.1,0.158,0.65,0.442
649,,0.8,0.392,0.6,0.108,0.05,0.108,0.6,0.392
650,,0.75,0.342,0.55,0.058,0.0,0.058,0.55,0.342
651,,0.7,0.292,0.5,0.008,-0.05,0.008,0.5,0.292
652,5,0.85,0.471,0.75,0.329,0.95,0.329,0.75,0.471
653,5,1.0,0.65,1.0,0.65,1.0,0.65,1.0,0.65
654,,0.95,0.6,0.95,0.6,0.95,0.6,0.95,0.6
655,,0.9,0.55,0.9,0.55,0.9,0.55,0.9,0.55
656,,0.85,0.5,0.85,0.5,0.85,0.5,0.85,0.5
657,,0.8,0.45,0.8,0.45,0.8,0.45,0.8,0.45
658,,0.75,0.4,0.75,0.4,0.75,0.4,0.75,0.4
659,,0.7,0.35,0.7,0.35,0.7,0.35,0.7,0.35
660,,0.65,0.3,0.65,0.3,0.65,0.3,0.65,0.3
661,,0.6,0.25,0.6,0.25,0.6,0.25,0.6,0.25
662,,0.55,0.2,0.55,0.2,0.55,0.2,0.55,0.2
663,,0.5,0.15,0.5,0.15,0.5,0.15,0.5,0.15
664,,0.45,0.1,0.45,0.1,0.45,0.1,0.45,0.1
665,,0.4,0.05,0.4,0.05,0.4,0.05,0.4,0.05
666,,0.35,0.0,0.35,0.0,0.35,0.0,0.35,0.0
667,,0.3,-0.05,0.3,-0.05,0.3,-0.05,0.3,-0.05
668,2,0.621,0.95,0.621,0.2,0.479,0.1,0.479,0.2
669,2,0.942,1.0,0.942,0.45,0.658,0.25,0.658,0.45
670,,0.892,0.95,0.892,0.4,0.608,0.2,0.608,0.4
671,,0.842,0.9,0.842,0.35,0.558,0.15,0.558,0.35
672,,0.792,0.85,0.792,0.3,0.508,0.1,0.508,0.3
673,,0.742,0.8,0.742,0.25,0.458,0.05,0.458,0.25
674,,0.692,0.75,0.692,0.2,0.408,0.0,0.408,0.2
675,,0.642,0.7,0.642,0.15,0.358,-0.05,0.358,0.15
676,6,0.821,0.85,0.821,0.4,0.679,0.95,0.679,0.4
677,6,1.0,1.0,1.0,0.65,1.0,1.0,1.0,0.65
678,,0.95,0.95,0.95,0.6,0.95,0.95,0.95,0.6
679,,0.9,0.9,0.9,0.55,0.9,0.9,0.9,0.55
680,,0.85,0.85,0.85,0.5,0.85,0.85,0.85,0.5
681,,0.8,0.8,0.8,0.45,0.8,0.8,0.8,0.45
682,,0.75,0.75,0.75,0.4,0.75,0.75,0.75,0.4
683,,0.7,0.7,0.7,0.35,0.7,0.7,0.7,0.35
684,,0.65,0.65,0.65,0.3,0.65,0.65,0.65,0.3
685,,0.6,0.6,0.6,0.25,0.6,0.6,0.6,0.25
686,,0.55,0.55,0.55,0.2,0.55,0.55,0.55,0.2
687,,0.5,0.5,0.5,0.15,0.5,0.5,0.5,0.15
688,,0.45,0.45,0.45,0.1,0.45,0.45,0.45,0.1
689,,0.4,0.4,0.4,0.05,0.4,0.4,0.4,0.05
690,,0.35,0.35,0.35,0.0,0.35,0.35,0.35,0.0
691,,0.3,0.3,0.3,-0.05,0.3,0.3,0.3,-0.05
692,8,0.621,0.55,0.479,0.1,0.479,0.55,0.621,0.95
693,8,0.942,0.8,0.658,0.25,0.658,0.8,0.942,1.0
694,,0.892,0.75,0.608,0.2,0.608,0.75,0.892,0.95
695,,0.842,0.7,0.558,0.15,0.558,0.7,0.842,0.9
696,,0.792,0.65,0.508,0.1,0.508,0.65,0.792,0.85
697,,0.742,0.6,0.458,0.05,0.458,0.6,0.742,0.8
698,,0.692,0.55,0.408,0.0,0.408,0.55,0.692,0.75
699,,0.642,0.5,0.358,-0.05,0.358,0.5,0.642,0.7
700,4,0.821,0.75,0.679,0.95,0.679,0.75,0.821,0.85
701,4,1.0,1.0,1.0,1.0,1.0,1.0,1.0,1.0
702,,0.95,0.95,0.95,0.95,0.95,0.95,0.95,0.95
703,,0.9,0.9,0.9,0.9,0.9,0.9,0.9,0.9
704,,0.85,0.85,0.85,0.85,0.85,0.85,0.85,0.85
705,,0.8,0.8,0.8,0.8,0.8,0.8,0.8,0.8
706,,0.75,0.75,0.75,0.75,0.75,0.75,0.75,0.75
707,,0.7,0.7,0.7,0.7,0.7,0.7,0.7,0.7
708,,0.65,0.65,0.65,0.65,0.65,0.65,0.65,0.65
709,,0.6,0.6,0.6,0.6,0.6,0.6,0.6,0.6
710,,0.55,0.55,0.55,0.55,0.55,0.55,0.55,0.55
711,,0.5,0.5,0.5,0.5,0.5,0.5,0.5,0.5
712,,0.45,0.45,0.45,0.45,0.45,0.45,0.45,0.45
713,,0.4,0.4,0.4,0.4,0.4,0.4,0.4,0.4
714,,0.35,0.35,0.35,0.35,0.35,0.35,0.35,0.35
715,,0.3,0.3,0.3,0.3,0.3,0.3,0.3,0.3
716,,0.25,0.25,0.25,0.25,0.25,0.25,0.25,0.25
717,,0.2,0.2,0.2,0.2,0.2,0.2,0.2,0.2
718,,0.15,0.15,0.15,0.15,0.15,0.15,0.15,0.15
719,,0.1,0.1,0.1,0.1,0.1,0.1,0.1,0.1
720,,0.05,0.05,0.05,0.05,0.05,0.05,0.05,0.05
721,,0.0,0.0,0.0,0.0,0.0,0.0,0.0,0.0
722,,-0.05,-0.05,-0.05,-0.05,-0.05,-0.05,-0.05,-0.05
723,6,0.129,0.1,0.129,0.2,0.271,0.95,0.271,0.2
724,6,0.308,0.25,0.308,0.45,0.592,1.0,0.592,0.45
725,,0.258,0.2,0.258,0.4,0.542,0.95,0.542,0.4
726,,0.208,0.15,0.208,0.35,0.492,0.9,0.492,0.35
727,,0.158,0.1,0.158,0.3,0.442,0.85,0.442,0.3
728,,0.108,0.05,0.108,0.25,0.392,0.8,0.392,0.25
729,,0.058,0.0,0.058,0.2,0.342,0.75,0.342,0.2
730,,0.008,-0.05,0.008,0.15,0.292,0.7,0.292,0.15
731,2,0.329,0.95,0.329,0.4,0.471,0.85,0.471,0.4
732,2,0.65,1.0,0.65,0.65,0.65,1.0,0.65,0.65
733,,0.6,0.95,0.6,0.6,0.6,0.95,0.6,0.6
734,,0.55,0.9,0.55,0.55,0.55,0.9,0.55,0.55
735,,0.5,0.85,0.5,0.5,0.5,0.85,0.5,0.5
736,,0.45,0.8,0.45,0.45,0.45,0.8,0.45,0.45
737,,0.4,0.75,0.4,0.4,0.4,0.75,0.4,0.4
738,,0.35,0.7,0.35,0.35,0.35,0.7,0.35,0.35
739,,0.3,0.65,0.3,0.3,0.3,0.65,0.3,0.3
740,,0.25,0.6,0.25,0.25,0.25,0.6,0.25,0.25
741,,0.2,0.55,0.2,0.2,0.2,0.55,0.2,0.2
742,,0.15,0.5,0.15,0.15,0.15,0.5,0.15,0.15
743,,0.1,0.45,0.1,0.1,0.1,0.45,0.1,0.1
744,,0.05,0.4,0.05,0.05,0.05,0.4,0.05,0.05
745,,0.0,0.35,0.0,0.0,0.0,0.35,0.0,0.0
746,,-0.05,0.3,-0.05,-0.05,-0.05,0.3,-0.05,-0.05
747,4,0.129,0.55,0.271,0.95,0.271,0.55,0.129,0.1
748,4,0.308,0.8,0.592,1.0,0.592,0.8,0.308,0.25
749,,0.258,0.75,0.542,0.95,0.542,0.75,0.258,0.2
750,,0.208,0.7,0.492,0.9,0.492,0.7,0.208,0.15
751,,0.158,0.65,0.442,0.85,0.442,0.65,0.158,0.1
752,,0.108,0.6,0.392,0.8,0.392,0.6,0.108,0.05
753,,0.058,0.55,0.342,0.75,0.342,0.55,0.058,0.0
754,,0.008,0.5,0.292,0.7,0.292,0.5,0.008,-0.05
755,8,0.329,0.75,0.471,0.85,0.471,0.75,0.329,0.95
756,8,0.65,1.0,0.65,1.0,0.65,1.0,0.65,1.0
757,,0.6,0.95,0.6,0.95,0.6,0.95,0.6,0.95
758,,0.55,0.9,0.55,0.9,0.55,0.9,0.55,0.9
759,,0.5,0.85,0.5,0.85,0.5,0.85,0.5,0.85
760,,0.45,0.8,0.45,0.8,0.45,0.8,0.45,0.8
761,,0.4,0.75,0.4,0.75,0.4,0.75,0.4,0.75
762,,0.35,0.7,0.35,0.7,0.35,0.7,0.35,0.7
763,,0.3,0.65,0.3,0.65,0.3,0.65,0.3,0.65
764,,0.25,0.6,0.25,0.6,0.25,0.6,0.25,0.6
765,,0.2,0.55,0.2,0.55,0.2,0.55,0.2,0.55
766,,0.15,0.5,0.15,0.5,0.15,0.5,0.15,0.5
767,,0.1,0.45,0.1,0.45,0.1,0.45,0.1,0.45
768,,0.05,0.4,0.05,0.4,0.05,0.4,0.05,0.4
769,,0.0,0.35,0.0,0.35,0.0,0.35,0.0,0.35
770,,-0.05,0.3,-0.05,0.3,-0.05,0.3,-0.05,0.3
771,7,0.2,0.479,0.1,0.479,0.2,0.621,0.95,0.621
772,7,0.45,0.658,0.25,0.658,0.45,0.942,1.0,0.942
773,,0.4,0.608,0.2,0.608,0.4,0.892,0.95,0.892
774,,0.35,0.558,0.15,0.558,0.35,0.842,0.9,0.842
775,,0.3,0.508,0.1,0.508,0.3,0.792,0.85,0.792
776,,0.25,0.458,0.05,0.458,0.25,0.742,0.8,0.742
777,,0.2,0.408,0.0,0.408,0.2,0.692,0.75,0.692
778,,0.15,0.358,-0.05,0.358,0.15,0.642,0.7,0.642
779,3,0.4,0.679,0.95,0.679,0.4,0.821,0.85,0.821
780,3,0.65,1.0,1.0,1.0,0.65,1.0,1.0,1.0
781,,0.6,0.95,0.95,0.95,0.6,0.95,0.95,0.95
782,,0.55,0.9,0.9,0.9,0.55,0.9,0.9,0.9
783,,0.5,0.85,0.85,0.85,0.5,0.85,0.85,0.85
784,,0.45,0.8,0.8,0.8,0.45,0.8,0.8,0.8
785,,0.4,0.75,0.75,0.75,0.4,0.75,0.75,0.75
786,,0.35,0.7,0.7,0.7,0.35,0.7,0.7,0.7
787,,0.3,0.65,0.65,0.65,0.3,0.65,0.65,0.65
788,,0.25,0.6,0.6,0.6,0.25,0.6,0.6,0.6
789,,0.2,0.55,0.55,0.55,0.2,0.55,0.55,0.55
790,,0.15,0.5,0.5,0.5,0.15,0.5,0.5,0.5
791,,0.1,0.45,0.45,0.45,0.1,0.45,0.45,0.45
792,,0.05,0.4,0.4,0.4,0.05,0.4,0.4,0.4
793,,0.0,0.35,0.35,0.35,0.0,0.35,0.35,0.35
794,,-0.05,0.3,0.3,0.3,-0.05,0.3,0.3,0.3
795,1,0.95,0.621,0.55,0.479,0.1,0.479,0.55,0.621
796,1,1.0,0.942,0.8,0.658,0.25,0.658,0.8,0.942
797,,0.95,0.892,0.75,0.608,0.2,0.608,0.75,0.892
798,,0.9,0.842,0.7,0.558,0.15,0.558,0.7,0.842
799,,0.85,0.792,0.65,0.508,0.1,0.508,0.65,0.792
800,,0.8,0.742,0.6,0.458,0.05,0.458,0.6,0.742
801,,0.75,0.692,0.55,0.408,0.0,0.408,0.55,0.692
802,,0.7,0.642,0.5,0.358,-0.05,0.358,0.5,0.642
803,5,0.85,0.821,0.75,0.679,0.95,0.679,0.75,0.821
804,5,1.0,1.0,1.0,1.0,1.0,1.0,1.0,1.0
805,,0.95,0.95,0.95,0.95,0.95,0.95,0.95,0.95
806,,0.9,0.9,0.9,0.9,0.9,0.9,0.9,0.9
807,,0.85,0.85,0.85,0.85,0.85,0.85,0.85,0.85
808,,0.8,0.8,0.8,0.8,0.8,0.8,0.8,0.8
809,,0.75,0.75,0.75,0.75,0.75,0.75,0.75,0.75
810,,0.7,0.7,0.7,0.7,0.7,0.7,0.7,0.7
811,,0.65,0.65,0.65,0.65,0.65,0.65,0.65,0.65
812,,0.6,0.6,0.6,0.6,0.6,0.6,0.6,0.6
813,,0.55,0.55,0.55,0.55,0.55,0.55,0.55,0.55
814,,0.5,0.5,0.5,0.5,0.5,0.5,0.5,0.5
815,,0.45,0.45,0.45,0.45,0.45,0.45,0.45,0.45
816,,0.4,0.4,0.4,0.4,0.4,0.4,0.4,0.4
817,,0.35,0.35,0.35,0.35,0.35,0.35,0.35,0.35
818,,0.3,0.3,0.3,0.3,0.3,0.3,0.3,0.3
819,,0.25,0.25,0.25,0.25,0.25,0.25,0.25,0.25
820,,0.2,0.2,0.2,0.2,0.2,0.2,0.2,0.2
821,,0.15,0.15,0.15,0.15,0.15,0.15,0.15,0.15
822,,0.1,0.1,0.1,0.1,0.1,0.1,0.1,0.1
823,,0.05,0.05,0.05,0.05,0.05,0.05,0.05,0.05
824,,0.0,0.0,0.0,0.0,0.0,0.0,0.0,0.0
825,,-0.05,-0.05,-0.05,-0.05,-0.05,-0.05,-0.05,-0.05
826,1,0.95,0.271,0.2,0.129,0.1,0.129,0.2,0.271
827,1,1.0,0.592,0.45,0.308,0.25,0.308,0.45,0.592
828,,0.95,0.542,0.4,0.258,0.2,0.258,0.4,0.542
829,,0.9,0.492,0.35,0.208,0.15,0.208,0.35,0.492
830,,0.85,0.442,0.3,0.158,0.1,0.158,0.3,0.442
831,,0.8,0.392,0.25,0.108,0.05,0.108,0.25,0.392
832,,0.75,0.342,0.2,0.058,0.0,0.058,0.2,0.342
833,,0.7,0.292,0.15,0.008,-0.05,0.008,0.15,0.292
834,5,0.85,0.471,0.4,0.329,0.95,0.329,0.4,0.471
835,5,1.0,0.65,0.65,0.65,1.0,0.65,0.65,0.65
836,,0.95,0.6,0.6,0.6,0.95,0.6,0.6,0.6
837,,0.9,0.55,0.55,0.55,0.9,0.55,0.55,0.55
838,,0.85,0.5,0.5,0.5,0.85,0.5,0.5,0.5
839,,0.8,0.45,0.45,0.45,0.8,0.45,0.45,0.45
840,,0.75,0.4,0.4,0.4,0.75,0.4,0.4,0.4
841,,0.7,0.35,0.35,0.35,0.7,0.35,0.35,0.35
842,,0.65,0.3,0.3,0.3,0.65,0.3,0.3,0.3
843,,0.6,0.25,0.25,0.25,0.6,0.25,0.25,0.25
844,,0.55,0.2,0.2,0.2,0.55,0.2,0.2,0.2
845,,0.5,0.15,0.15,0.15,0.5,0.15,0.15,0.15
846,,0.45,0.1,0.1,0.1,0.45,0.1,0.1,0.1
847,,0.4,0.05,0.05,0.05,0.4,0.05,0.05,0.05
848,,0.35,0.0,0.0,0.0,0.35,0.0,0.0,0.0
849,,0.3,-0.05,-0.05,-0.05,0.3,-0.05,-0.05,-0.05
850,4,0.479,0.2,0.271,0.95,0.621,0.2,0.129,0.1
851,4,0.658,0.45,0.592,1.0,0.942,0.45,0.308,0.25
852,,0.608,0.4,0.542,0.95,0.892,0.4,0.258,0.2
853,,0.558,0.35,0.492,0.9,0.842,0.35,0.208,0.15
854,,0.508,0.3,0.442,0.85,0.792,0.3,0.158,0.1
855,,0.458,0.25,0.392,0.8,0.742,0.25,0.108,0.05
856,,0.408,0.2,0.342,0.75,0.692,0.2,0.058,0.0
857,,0.358,0.15,0.292,0.7,0.642,0.15,0.008,-0.05
858,8,0.679,0.4,0.471,0.85,0.821,0.4,0.329,0.95
859,8,1.0,0.65,0.65,1.0,1.0,0.65,0.65,1.0
860,,0.95,0.6,0.6,0.95,0.95,0.6,0.6,0.95
861,,0.9,0.55,0.55,0.9,0.9,0.55,0.55,0.9
862,,0.85,0.5,0.5,0.85,0.85,0.5,0.5,0.85
863,,0.8,0.45,0.45,0.8,0.8,0.45,0.45,0.8
864,,0.75,0.4,0.4,0.75,0.75,0.4,0.4,0.75
865,,0.7,0.35,0.35,0.7,0.7,0.35,0.35,0.7
866,,0.65,0.3,0.3,0.65,0.65,0.3,0.3,0.65
867,,0.6,0.25,0.25,0.6,0.6,0.25,0.25,0.6
868,,0.55,0.2,0.2,0.55,0.55,0.2,0.2,0.55
869,,0.5,0.15,0.15,0.5,0.5,0.15,0.15,0.5
870,,0.45,0.1,0.1,0.45,0.45,0.1,0.1,0.45
871,,0.4,0.05,0.05,0.4,0.4,0.05,0.05,0.4
872,,0.35,0.0,0.0,0.35,0.35,0.0,0.0,0.35
873,,0.3,-0.05,-0.05,0.3,0.3,-0.05,-0.05,0.3
874,7,0.55,0.129,0.1,0.479,0.55,0.271,0.95,0.621
875,7,0.8,0.308,0.25,0.658,0.8,0.592,1.0,0.942
876,,0.75,0.258,0.2,0.608,0.75,0.542,0.95,0.892
877,,0.7,0.208,0.15,0.558,0.7,0.492,0.9,0.842
878,,0.65,0.158,0.1,0.508,0.65,0.442,0.85,0.792
879,,0.6,0.108,0.05,0.458,0.6,0.392,0.8,0.742
880,,0.55,0.058,0.0,0.408,0.55,0.342,0.75,0.692
881,,0.5,0.008,-0.05,0.358,0.5,0.292,0.7,0.642
882,3,0.75,0.329,0.95,0.679,0.75,0.471,0.85,0.821
883,3,1.0,0.65,1.0,1.0,1.0,0.65,1.0,1.0
884,,0.95,0.6,0.95,0.95,0.95,0.6,0.95,0.95
885,,0.9,0.55,0.9,0.9,0.9,0.55,0.9,0.9
886,,0.85,0.5,0.85,0.85,0.85,0.5,0.85,0.85
887,,0.8,0.45,0.8,0.8,0.8,0.45,0.8,0.8
888,,0.75,0.4,0.75,0.75,0.75,0.4,0.75,0.75
889,,0.7,0.35,0.7,0.7,0.7,0.35,0.7,0.7
890,,0.65,0.3,0.65,0.65,0.65,0.3,0.65,0.65
891,,0.6,0.25,0.6,0.6,0.6,0.25,0.6,0.6
892,,0.55,0.2,0.55,0.55,0.55,0.2,0.55,0.55
