step,active_motive,motive_1,motive_2,motive_3,motive_4,motive_5,motive_6,motive_7,motive_8
0,,0.3561,0.98652,0.60577,0.23723,0.10178,0.15286,0.24596,0.16068
1,,0.2061,0.83652,0.45577,0.08723,-0.04822,0.00286,0.09596,0.01068
2,5,-0.0439,0.70352,0.60577,0.52023,0.95178,0.43586,0.24596,-0.12232
3,5,-0.2939,0.57052,0.75577,0.95323,1.0,0.86886,0.39596,-0.25532
4,1,0.7061,1.0,0.90577,0.82023,0.75,0.73586,0.54596,0.17768
5,1,1.0,1.0,1.0,0.68723,0.5,0.60286,0.69596,0.61068
6,,0.85,0.85,0.85,0.53723,0.35,0.45286,0.54596,0.46068
7,,0.7,0.7,0.7,0.38723,0.2,0.30286,0.39596,0.31068
8,,0.55,0.55,0.55,0.23723,0.05,0.15286,0.24596,0.16068
9,,0.4,0.4,0.4,0.08723,-0.1,0.00286,0.09596,0.01068
10,5,0.15,0.267,0.55,0.52023,0.9,0.43586,0.24596,-0.12232
11,5,-0.1,0.134,0.7,0.95323,1.0,0.86886,0.39596,-0.25532
12,8,0.333,0.284,0.567,0.70323,0.867,1.0,0.82896,0.74468
13,8,0.766,0.434,0.434,0.45323,0.734,1.0,1.0,1.0
14,,0.616,0.284,0.284,0.30323,0.584,0.85,0.85,0.85
15,,0.466,0.134,0.134,0.15323,0.434,0.7,0.7,0.7
16,,0.316,-0.016,-0.016,0.00323,0.284,0.55,0.55,0.55
17,2,0.749,0.984,0.417,0.15323,0.151,0.3,0.417,0.7
18,2,1.0,1.0,0.85,0.30323,0.018,0.05,0.284,0.85
19,,0.85,0.85,0.7,0.15323,-0.132,-0.1,0.134,0.7
20,5,0.6,0.717,0.85,0.58623,0.868,0.333,0.284,0.567
21,5,0.35,0.584,1.0,1.0,1.0,0.766,0.434,0.434
22,,0.2,0.434,0.85,0.85,0.85,0.616,0.284,0.284
23,,0.05,0.284,0.7,0.7,0.7,0.466,0.134,0.134
24,,-0.1,0.134,0.55,0.55,0.55,0.316,-0.016,-0.016
25,1,0.9,0.567,0.7,0.417,0.3,0.183,0.134,0.417
26,1,1.0,1.0,0.85,0.284,0.05,0.05,0.284,0.85
27,,0.85,0.85,0.7,0.134,-0.1,-0.1,0.134,0.7
28,6,0.717,0.6,0.567,0.284,0.333,0.9,0.567,0.85
29,6,0.584,0.35,0.434,0.434,0.766,1.0,1.0,1.0
30,,0.434,0.2,0.284,0.284,0.616,0.85,0.85,0.85
31,,0.284,0.05,0.134,0.134,0.466,0.7,0.7,0.7
32,,0.134,-0.1,-0.016,-0.016,0.316,0.55,0.55,0.55
33,2,0.567,0.9,0.417,0.134,0.183,0.3,0.417,0.7
34,2,1.0,1.0,0.85,0.284,0.05,0.05,0.284,0.85
35,,0.85,0.85,0.7,0.134,-0.1,-0.1,0.134,0.7
36,6,0.717,0.6,0.567,0.284,0.333,0.9,0.567,0.85
37,6,0.584,0.35,0.434,0.434,0.766,1.0,1.0,1.0
38,,0.434,0.2,0.284,0.284,0.616,0.85,0.85,0.85
39,,0.284,0.05,0.134,0.134,0.466,0.7,0.7,0.7
40,,0.134,-0.1,-0.016,-0.016,0.316,0.55,0.55,0.55
41,2,0.567,0.9,0.417,0.134,0.183,0.3,0.417,0.7
42,2,1.0,1.0,0.85,0.284,0.05,0.05,0.284,0.85
43,,0.85,0.85,0.7,0.134,-0.1,-0.1,0.134,0.7
44,6,0.717,0.6,0.567,0.284,0.333,0.9,0.567,0.85
45,6,0.584,0.35,0.434,0.434,0.766,1.0,1.0,1.0
46,,0.434,0.2,0.284,0.284,0.616,0.85,0.85,0.85
47,,0.284,0.05,0.134,0.134,0.466,0.7,0.7,0.7
48,,0.134,-0.1,-0.016,-0.016,0.316,0.55,0.55,0.55
49,2,0.567,0.9,0.417,0.134,0.183,0.3,0.417,0.7
50,2,1.0,1.0,0.85,0.284,0.05,0.05,0.284,0.85
51,,0.85,0.85,0.7,0.134,-0.1,-0.1,0.134,0.7
52,5,0.6,0.717,0.85,0.567,0.9,0.333,0.284,0.567
53,5,0.35,0.584,1.0,1.0,1.0,0.766,0.434,0.434
54,,0.2,0.434,0.85,0.85,0.85,0.616,0.284,0.284
55,,0.05,0.284,0.7,0.7,0.7,0.466,0.134,0.134
56,,-0.1,0.134,0.55,0.55,0.55,0.316,-0.016,-0.016
57,1,0.9,0.567,0.7,0.417,0.3,0.183,0.134,0.417
58,1,1.0,1.0,0.85,0.284,0.05,0.05,0.284,0.85
59,,0.85,0.85,0.7,0.134,-0.1,-0.1,0.134,0.7
60,6,0.717,0.6,0.567,0.284,0.333,0.9,0.567,0.85
61,6,0.584,0.35,0.434,0.434,0.766,1.0,1.0,1.0
62,,0.434,0.2,0.284,0.284,0.616,0.85,0.85,0.85
63,,0.284,0.05,0.134,0.134,0.466,0.7,0.7,0.7
64,,0.134,-0.1,-0.016,-0.016,0.316,0.55,0.55,0.55
65,2,0.567,0.9,0.417,0.134,0.183,0.3,0.417,0.7
66,2,1.0,1.0,0.85,0.284,0.05,0.05,0.284,0.85
67,,0.85,0.85,0.7,0.134,-0.1,-0.1,0.134,0.7
68,5,0.6,0.717,0.85,0.567,0.9,0.333,0.284,0.567
69,5,0.35,0.584,1.0,1.0,1.0,0.766,0.434,0.434
70,,0.2,0.434,0.85,0.85,0.85,0.616,0.284,0.284
71,,0.05,0.284,0.7,0.7,0.7,0.466,0.134,0.134
72,,-0.1,0.134,0.55,0.55,0.55,0.316,-0.016,-0.016
73,1,0.9,0.567,0.7,0.417,0.3,0.183,0.134,0.417
74,1,1.0,1.0,0.85,0.284,0.05,0.05,0.284,0.85
75,,0.85,0.85,0.7,0.134,-0.1,-0.1,0.134,0.7
76,5,0.6,0.717,0.85,0.567,0.9,0.333,0.284,0.567
77,5,0.35,0.584,1.0,1.0,1.0,0.766,0.434,0.434
78,,0.2,0.434,0.85,0.85,0.85,0.616,0.284,0.284
79,,0.05,0.284,0.7,0.7,0.7,0.466,0.134,0.134
80,,-0.1,0.134,0.55,0.55,0.55,0.316,-0.016,-0.016
81,1,0.9,0.567,0.7,0.417,0.3,0.183,0.134,0.417
82,1,1.0,1.0,0.85,0.284,0.05,0.05,0.284,0.85
83,,0.85,0.85,0.7,0.134,-0.1,-0.1,0.134,0.7
84,5,0.6,0.717,0.85,0.567,0.9,0.333,0.284,0.567
85,5,0.35,0.584,1.0,1.0,1.0,0.766,0.434,0.434
86,,0.2,0.434,0.85,0.85,0.85,0.616,0.284,0.284
87,,0.05,0.284,0.7,0.7,0.7,0.466,0.134,0.134
88,,-0.1,0.134,0.55,0.55,0.55,0.316,-0.016,-0.016
89,1,0.9,0.567,0.7,0.417,0.3,0.183,0.134,0.417
90,1,1.0,1.0,0.85,0.284,0.05,0.05,0.284,0.85
91,,0.85,0.85,0.7,0.134,-0.1,-0.1,0.134,0.7
92,5,0.6,0.717,0.85,0.567,0.9,0.333,0.284,0.567
93,5,0.35,0.584,1.0,1.0,1.0,0.766,0.434,0.434
94,,0.2,0.434,0.85,0.85,0.85,0.616,0.284,0.284
95,,0.05,0.284,0.7,0.7,0.7,0.466,0.134,0.134
96,,-0.1,0.134,0.55,0.55,0.55,0.316,-0.016,-0.016
97,1,0.9,0.567,0.7,0.417,0.3,0.183,0.134,0.417
98,1,1.0,1.0,0.85,0.284,0.05,0.05,0.284,0.85
99,,0.85,0.85,0.7,0.134,-0.1,-0.1,0.134,0.7
100,5,0.6,0.717,0.85,0.567,0.9,0.333,0.284,0.567
101,5,0.35,0.584,1.0,1.0,1.0,0.766,0.434,0.434
102,,0.2,0.434,0.85,0.85,0.85,0.616,0.284,0.284
103,,0.05,0.284,0.7,0.7,0.7,0.466,0.134,0.134
104,,-0.1,0.134,0.55,0.55,0.55,0.316,-0.016,-0.016
105,1,0.9,0.567,0.7,0.417,0.3,0.183,0.134,0.417
106,1,1.0,1.0,0.85,0.284,0.05,0.05,0.284,0.85
107,,0.85,0.85,0.7,0.134,-0.1,-0.1,0.134,0.7
108,5,0.6,0.717,0.85,0.567,0.9,0.333,0.284,0.567
109,5,0.35,0.584,1.0,1.0,1.0,0.766,0.434,0.434
110,,0.2,0.434,0.85,0.85,0.85,0.616,0.284,0.284
111,,0.05,0.284,0.7,0.7,0.7,0.466,0.134,0.134
112,,-0.1,0.134,0.55,0.55,0.55,0.316,-0.016,-0.016
113,1,0.9,0.567,0.7,0.417,0.3,0.183,0.134,0.417
114,1,1.0,1.0,0.85,0.284,0.05,0.05,0.284,0.85
115,,0.85,0.85,0.7,0.134,-0.1,-0.1,0.134,0.7
116,6,0.717,0.6,0.567,0.284,0.333,0.9,0.567,0.85
117,6,0.584,0.35,0.434,0.434,0.766,1.0,1.0,1.0
118,,0.434,0.2,0.284,0.284,0.616,0.85,0.85,0.85
119,,0.284,0.05,0.134,0.134,0.466,0.7,0.7,0.7
120,,0.134,-0.1,-0.016,-0.016,0.316,0.55,0.55,0.55
121,2,0.567,0.9,0.417,0.134,0.183,0.3,0.417,0.7
122,2,1.0,1.0,0.85,0.284,0.05,0.05,0.284,0.85
123,,0.85,0.85,0.7,0.134,-0.1,-0.1,0.134,0.7
124,5,0.6,0.717,0.85,0.567,0.9,0.333,0.284,0.567
125,5,0.35,0.584,1.0,1.0,1.0,0.766,0.434,0.434
126,,0.2,0.434,0.85,0.85,0.85,0.616,0.284,0.284
127,,0.05,0.284,0.7,0.7,0.7,0.466,0.134,0.134
128,,-0.1,0.134,0.55,0.55,0.55,0.316,-0.016,-0.016
129,1,0.9,0.567,0.7,0.417,0.3,0.183,0.134,0.417
130,1,1.0,1.0,0.85,0.284,0.05,0.05,0.284,0.85
131,,0.85,0.85,0.7,0.134,-0.1,-0.1,0.134,0.7
132,6,0.717,0.6,0.567,0.284,0.333,0.9,0.567,0.85
133,6,0.584,0.35,0.434,0.434,0.766,1.0,1.0,1.0
134,,0.434,0.2,0.284,0.284,0.616,0.85,0.85,0.85
135,,0.284,0.05,0.134,0.134,0.466,0.7,0.7,0.7
136,,0.134,-0.1,-0.016,-0.016,0.316,0.55,0.55,0.55
137,2,0.567,0.9,0.417,0.134,0.183,0.3,0.417,0.7
138,2,1.0,1.0,0.85,0.284,0.05,0.05,0.284,0.85
139,,0.85,0.85,0.7,0.134,-0.1,-0.1,0.134,0.7
140,6,0.717,0.6,0.567,0.284,0.333,0.9,0.567,0.85
141,6,0.584,0.35,0.434,0.434,0.766,1.0,1.0,1.0
142,,0.434,0.2,0.284,0.284,0.616,0.85,0.85,0.85
143,,0.284,0.05,0.134,0.134,0.466,0.7,0.7,0.7
144,,0.134,-0.1,-0.016,-0.016,0.316,0.55,0.55,0.55
145,2,0.567,0.9,0.417,0.134,0.183,0.3,0.417,0.7
146,2,1.0,1.0,0.85,0.284,0.05,0.05,0.284,0.85
147,,0.85,0.85,0.7,0.134,-0.1,-0.1,0.134,0.7
148,5,0.6,0.717,0.85,0.567,0.9,0.333,0.284,0.567
149,5,0.35,0.584,1.0,1.0,1.0,0.766,0.434,0.434
150,,0.2,0.434,0.85,0.85,0.85,0.616,0.284,0.284
151,,0.05,0.284,0.7,0.7,0.7,0.466,0.134,0.134
152,,-0.1,0.134,0.55,0.55,0.55,0.316,-0.016,-0.016
153,1,0.9,0.567,0.7,0.417,0.3,0.183,0.134,0.417
154,1,1.0,1.0,0.85,0.284,0.05,0.05,0.284,0.85
155,,0.85,0.85,0.7,0.134,-0.1,-0.1,0.134,0.7
156,6,0.717,0.6,0.567,0.284,0.333,0.9,0.567,0.85
157,6,0.584,0.35,0.434,0.434,0.766,1.0,1.0,1.0
158,,0.434,0.2,0.284,0.284,0.616,0.85,0.85,0.85
159,,0.284,0.05,0.134,0.134,0.466,0.7,0.7,0.7
160,,0.134,-0.1,-0.016,-0.016,0.316,0.55,0.55,0.55
161,2,0.567,0.9,0.417,0.134,0.183,0.3,0.417,0.7
162,2,1.0,1.0,0.85,0.284,0.05,0.05,0.284,0.85
163,,0.85,0.85,0.7,0.134,-0.1,-0.1,0.134,0.7
164,6,0.717,0.6,0.567,0.284,0.333,0.9,0.567,0.85
165,6,0.584,0.35,0.434,0.434,0.766,1.0,1.0,1.0
166,,0.434,0.2,0.284,0.284,0.616,0.85,0.85,0.85
167,,0.284,0.05,0.134,0.134,0.466,0.7,0.7,0.7
168,,0.134,-0.1,-0.016,-0.016,0.316,0.55,0.55,0.55
169,2,0.567,0.9,0.417,0.134,0.183,0.3,0.417,0.7
170,2,1.0,1.0,0.85,0.284,0.05,0.05,0.284,0.85
171,,0.85,0.85,0.7,0.134,-0.1,-0.1,0.134,0.7
172,6,0.717,0.6,0.567,0.284,0.333,0.9,0.567,0.85
173,6,0.584,0.35,0.434,0.434,0.766,1.0,1.0,1.0
174,,0.434,0.2,0.284,0.284,0.616,0.85,0.85,0.85
175,,0.284,0.05,0.134,0.134,0.466,0.7,0.7,0.7
176,,0.134,-0.1,-0.016,-0.016,0.316,0.55,0.55,0.55
177,2,0.567,0.9,0.417,0.134,0.183,0.3,0.417,0.7
178,2,1.0,1.0,0.85,0.284,0.05,0.05,0.284,0.85
179,,0.85,0.85,0.7,0.134,-0.1,-0.1,0.134,0.7
180,6,0.717,0.6,0.567,0.284,0.333,0.9,0.567,0.85
181,6,0.584,0.35,0.434,0.434,0.766,1.0,1.0,1.0
182,,0.434,0.2,0.284,0.284,0.616,0.85,0.85,0.85
183,,0.284,0.05,0.134,0.134,0.466,0.7,0.7,0.7
184,,0.134,-0.1,-0.016,-0.016,0.316,0.55,0.55,0.55
185,2,0.567,0.9,0.417,0.134,0.183,0.3,0.417,0.7
186,2,1.0,1.0,0.85,0.284,0.05,0.05,0.284,0.85
187,,0.85,0.85,0.7,0.134,-0.1,-0.1,0.134,0.7
188,5,0.6,0.717,0.85,0.567,0.9,0.333,0.284,0.567
189,5,0.35,0.584,1.0,1.0,1.0,0.766,0.434,0.434
190,,0.2,0.434,0.85,0.85,0.85,0.616,0.284,0.284
191,,0.05,0.284,0.7,0.7,0.7,0.466,0.134,0.134
192,,-0.1,0.134,0.55,0.55,0.55,0.316,-0.016,-0.016
193,1,0.9,0.567,0.7,0.417,0.3,0.183,0.134,0.417
194,1,1.0,1.0,0.85,0.284,0.05,0.05,0.284,0.85
195,,0.85,0.85,0.7,0.134,-0.1,-0.1,0.134,0.7
196,6,0.717,0.6,0.567,0.284,0.333,0.9,0.567,0.85
197,6,0.584,0.35,0.434,0.434,0.766,1.0,1.0,1.0
198,,0.434,0.2,0.284,0.284,0.616,0.85,0.85,0.85
199,,0.284,0.05,0.134,0.134,0.466,0.7,0.7,0.7
200,,0.134,-0.1,-0.016,-0.016,0.316,0.55,0.55,0.55
201,2,0.567,0.9,0.417,0.134,0.183,0.3,0.417,0.7
202,2,1.0,1.0,0.85,0.284,0.05,0.05,0.284,0.85
203,,0.85,0.85,0.7,0.134,-0.1,-0.1,0.134,0.7
204,5,0.6,0.717,0.85,0.567,0.9,0.333,0.284,0.567
205,5,0.35,0.584,1.0,1.0,1.0,0.766,0.434,0.434
206,,0.2,0.434,0.85,0.85,0.85,0.616,0.284,0.284
207,,0.05,0.284,0.7,0.7,0.7,0.466,0.134,0.134
208,,-0.1,0.134,0.55,0.55,0.55,0.316,-0.016,-0.016
209,1,0.9,0.567,0.7,0.417,0.3,0.183,0.134,0.417
210,1,1.0,1.0,0.85,0.284,0.05,0.05,0.284,0.85
211,,0.85,0.85,0.7,0.134,-0.1,-0.1,0.134,0.7
212,6,0.717,0.6,0.567,0.284,0.333,0.9,0.567,0.85
213,6,0.584,0.35,0.434,0.434,0.766,1.0,1.0,1.0
214,,0.434,0.2,0.284,0.284,0.616,0.85,0.85,0.85
215,,0.284,0.05,0.134,0.134,0.466,0.7,0.7,0.7
216,,0.134,-0.1,-0.016,-0.016,0.316,0.55,0.55,0.55
217,2,0.567,0.9,0.417,0.134,0.183,0.3,0.417,0.7
218,2,1.0,1.0,0.85,0.284,0.05,0.05,0.284,0.85
219,,0.85,0.85,0.7,0.134,-0.1,-0.1,0.134,0.7
220,6,0.717,0.6,0.567,0.284,0.333,0.9,0.567,0.85
221,6,0.584,0.35,0.434,0.434,0.766,1.0,1.0,1.0
222,,0.434,0.2,0.284,0.284,0.616,0.85,0.85,0.85
223,,0.284,0.05,0.134,0.134,0.466,0.7,0.7,0.7
224,,0.134,-0.1,-0.016,-0.016,0.316,0.55,0.55,0.55
225,2,0.567,0.9,0.417,0.134,0.183,0.3,0.417,0.7
226,2,1.0,1.0,0.85,0.284,0.05,0.05,0.284,0.85
227,,0.85,0.85,0.7,0.134,-0.1,-0.1,0.134,0.7
228,5,0.6,0.717,0.85,0.567,0.9,0.333,0.284,0.567
229,5,0.35,0.584,1.0,1.0,1.0,0.766,0.434,0.434
230,,0.2,0.434,0.85,0.85,0.85,0.616,0.284,0.284
231,,0.05,0.284,0.7,0.7,0.7,0.466,0.134,0.134
232,,-0.1,0.134,0.55,0.55,0.55,0.316,-0.016,-0.016
233,1,0.9,0.567,0.7,0.417,0.3,0.183,0.134,0.417
234,1,1.0,1.0,0.85,0.284,0.05,0.05,0.284,0.85
235,,0.85,0.85,0.7,0.134,-0.1,-0.1,0.134,0.7
236,6,0.717,0.6,0.567,0.284,0.333,0.9,0.567,0.85
237,6,0.584,0.35,0.434,0.434,0.766,1.0,1.0,1.0
238,,0.434,0.2,0.284,0.284,0.616,0.85,0.85,0.85
239,,0.284,0.05,0.134,0.134,0.466,0.7,0.7,0.7
240,,0.134,-0.1,-0.016,-0.016,0.316,0.55,0.55,0.55
241,2,0.567,0.9,0.417,0.134,0.183,0.3,0.417,0.7
242,2,1.0,1.0,0.85,0.284,0.05,0.05,0.284,0.85
243,,0.85,0.85,0.7,0.134,-0.1,-0.1,0.134,0.7
244,6,0.717,0.6,0.567,0.284,0.333,0.9,0.567,0.85
245,6,0.584,0.35,0.434,0.434,0.766,1.0,1.0,1.0
246,,0.434,0.2,0.284,0.284,0.616,0.85,0.85,0.85
247,,0.284,0.05,0.134,0.134,0.466,0.7,0.7,0.7
248,,0.134,-0.1,-0.016,-0.016,0.316,0.55,0.55,0.55
249,2,0.567,0.9,0.417,0.134,0.183,0.3,0.417,0.7
250,2,1.0,1.0,0.85,0.284,0.05,0.05,0.284,0.85
251,,0.85,0.85,0.7,0.134,-0.1,-0.1,0.134,0.7
252,6,0.717,0.6,0.567,0.284,0.333,0.9,0.567,0.85
253,6,0.584,0.35,0.434,0.434,0.766,1.0,1.0,1.0
254,,0.434,0.2,0.284,0.284,0.616,0.85,0.85,0.85
255,,0.284,0.05,0.134,0.134,0.466,0.7,0.7,0.7
256,,0.134,-0.1,-0.016,-0.016,0.316,0.55,0.55,0.55
257,2,0.567,0.9,0.417,0.134,0.183,0.3,0.417,0.7
258,2,1.0,1.0,0.85,0.284,0.05,0.05,0.284,0.85
259,,0.85,0.85,0.7,0.134,-0.1,-0.1,0.134,0.7
260,5,0.6,0.717,0.85,0.567,0.9,0.333,0.284,0.567
261,5,0.35,0.584,1.0,1.0,1.0,0.766,0.434,0.434
262,,0.2,0.434,0.85,0.85,0.85,0.616,0.284,0.284
263,,0.05,0.284,0.7,0.7,0.7,0.466,0.134,0.134
264,,-0.1,0.134,0.55,0.55,0.55,0.316,-0.016,-0.016
265,1,0.9,0.567,0.7,0.417,0.3,0.183,0.134,0.417
266,1,1.0,1.0,0.85,0.284,0.05,0.05,0.284,0.85
267,,0.85,0.85,0.7,0.134,-0.1,-0.1,0.134,0.7
268,6,0.717,0.6,0.567,0.284,0.333,0.9,0.567,0.85
269,6,0.584,0.35,0.434,0.434,0.766,1.0,1.0,1.0
270,,0.434,0.2,0.284,0.284,0.616,0.85,0.85,0.85
271,,0.284,0.05,0.134,0.134,0.466,0.7,0.7,0.7
272,,0.134,-0.1,-0.016,-0.016,0.316,0.55,0.55,0.55
273,2,0.567,0.9,0.417,0.134,0.183,0.3,0.417,0.7
274,2,1.0,1.0,0.85,0.284,0.05,0.05,0.284,0.85
275,,0.85,0.85,0.7,0.134,-0.1,-0.1,0.134,0.7
276,5,0.6,0.717,0.85,0.567,0.9,0.333,0.284,0.567
277,5,0.35,0.584,1.0,1.0,1.0,0.766,0.434,0.434
278,,0.2,0.434,0.85,0.85,0.85,0.616,0.284,0.284
279,,0.05,0.284,0.7,0.7,0.7,0.466,0.134,0.134
280,,-0.1,0.134,0.55,0.55,0.55,0.316,-0.016,-0.016
281,1,0.9,0.567,0.7,0.417,0.3,0.183,0.134,0.417
282,1,1.0,1.0,0.85,0.284,0.05,0.05,0.284,0.85
283,,0.85,0.85,0.7,0.134,-0.1,-0.1,0.134,0.7
284,6,0.717,0.6,0.567,0.284,0.333,0.9,0.567,0.85
285,6,0.584,0.35,0.434,0.434,0.766,1.0,1.0,1.0
286,,0.434,0.2,0.284,0.284,0.616,0.85,0.85,0.85
287,,0.284,0.05,0.134,0.134,0.466,0.7,0.7,0.7
288,,0.134,-0.1,-0.016,-0.016,0.316,0.55,0.55,0.55
289,2,0.567,0.9,0.417,0.134,0.183,0.3,0.417,0.7
290,2,1.0,1.0,0.85,0.284,0.05,0.05,0.284,0.85
291,,0.85,0.85,0.7,0.134,-0.1,-0.1,0.134,0.7
292,5,0.6,0.717,0.85,0.567,0.9,0.333,0.284,0.567
293,5,0.35,0.584,1.0,1.0,1.0,0.766,0.434,0.434
294,,0.2,0.434,0.85,0.85,0.85,0.616,0.284,0.284
295,,0.05,0.284,0.7,0.7,0.7,0.466,0.134,0.134
296,,-0.1,0.134,0.55,0.55,0.55,0.316,-0.016,-0.016
297,1,0.9,0.567,0.7,0.417,0.3,0.183,0.134,0.417
298,1,1.0,1.0,0.85,0.284,0.05,0.05,0.284,0.85
299,,0.85,0.85,0.7,0.134,-0.1,-0.1,0.134,0.7
300,5,0.6,0.717,0.85,0.567,0.9,0.333,0.284,0.567
301,5,0.35,0.584,1.0,1.0,1.0,0.766,0.434,0.434
302,,0.2,0.434,0.85,0.85,0.85,0.616,0.284,0.284
303,,0.05,0.284,0.7,0.7,0.7,0.466,0.134,0.134
304,,-0.1,0.134,0.55,0.55,0.55,0.316,-0.016,-0.016
305,1,0.9,0.567,0.7,0.417,0.3,0.183,0.134,0.417
306,1,1.0,1.0,0.85,0.284,0.05,0.05,0.284,0.85
307,,0.85,0.85,0.7,0.134,-0.1,-0.1,0.134,0.7
308,6,0.717,0.6,0.567,0.284,0.333,0.9,0.567,0.85
309,6,0.584,0.35,0.434,0.434,0.766,1.0,1.0,1.0
310,,0.434,0.2,0.284,0.284,0.616,0.85,0.85,0.85
311,,0.284,0.05,0.134,0.134,0.466,0.7,0.7,0.7
312,,0.134,-0.1,-0.016,-0.016,0.316,0.55,0.55,0.55
313,2,0.567,0.9,0.417,0.134,0.183,0.3,0.417,0.7
314,2,1.0,1.0,0.85,0.284,0.05,0.05,0.284,0.85
315,,0.85,0.85,0.7,0.134,-0.1,-0.1,0.134,0.7
316,6,0.717,0.6,0.567,0.284,0.333,0.9,0.567,0.85
317,6,0.584,0.35,0.434,0.434,0.766,1.0,1.0,1.0
318,,0.434,0.2,0.284,0.284,0.616,0.85,0.85,0.85
319,,0.284,0.05,0.134,0.134,0.466,0.7,0.7,0.7
320,,0.134,-0.1,-0.016,-0.016,0.316,0.55,0.55,0.55
321,2,0.567,0.9,0.417,0.134,0.183,0.3,0.417,0.7
322,2,1.0,1.0,0.85,0.284,0.05,0.05,0.284,0.85
323,,0.85,0.85,0.7,0.134,-0.1,-0.1,0.134,0.7
324,5,0.6,0.717,0.85,0.567,0.9,0.333,0.284,0.567
325,5,0.35,0.584,1.0,1.0,1.0,0.766,0.434,0.434
326,,0.2,0.434,0.85,0.85,0.85,0.616,0.284,0.284
327,,0.05,0.284,0.7,0.7,0.7,0.466,0.134,0.134
328,,-0.1,0.134,0.55,0.55,0.55,0.316,-0.016,-0.016
329,1,0.9,0.567,0.7,0.417,0.3,0.183,0.134,0.417
330,1,1.0,1.0,0.85,0.284,0.05,0.05,0.284,0.85
331,,0.85,0.85,0.7,0.134,-0.1,-0.1,0.134,0.7
332,5,0.6,0.717,0.85,0.567,0.9,0.333,0.284,0.567
333,5,0.35,0.584,1.0,1.0,1.0,0.766,0.434,0.434
334,,0.2,0.434,0.85,0.85,0.85,0.616,0.284,0.284
335,,0.05,0.284,0.7,0.7,0.7,0.466,0.134,0.134
336,,-0.1,0.134,0.55,0.55,0.55,0.316,-0.016,-0.016
337,1,0.9,0.567,0.7,0.417,0.3,0.183,0.134,0.417
338,1,1.0,1.0,0.85,0.284,0.05,0.05,0.284,0.85
339,,0.85,0.85,0.7,0.134,-0.1,-0.1,0.134,0.7
340,6,0.717,0.6,0.567,0.284,0.333,0.9,0.567,0.85
341,6,0.584,0.35,0.434,0.434,0.766,1.0,1.0,1.0
342,,0.434,0.2,0.284,0.284,0.616,0.85,0.85,0.85
343,,0.284,0.05,0.134,0.134,0.466,0.7,0.7,0.7
344,,0.134,-0.1,-0.016,-0.016,0.316,0.55,0.55,0.55
345,2,0.567,0.9,0.417,0.134,0.183,0.3,0.417,0.7
346,2,1.0,1.0,0.85,0.284,0.05,0.05,0.284,0.85
347,,0.85,0.85,0.7,0.134,-0.1,-0.1,0.134,0.7
348,5,0.6,0.717,0.85,0.567,0.9,0.333,0.284,0.567
349,5,0.35,0.584,1.0,1.0,1.0,0.766,0.434,0.434
350,,0.2,0.434,0.85,0.85,0.85,0.616,0.284,0.284
351,,0.05,0.284,0.7,0.7,0.7,0.466,0.134,0.134
352,,-0.1,0.134,0.55,0.55,0.55,0.316,-0.016,-0.016
353,1,0.9,0.567,0.7,0.417,0.3,0.183,0.134,0.417
354,1,1.0,1.0,0.85,0.284,0.05,0.05,0.284,0.85
355,,0.85,0.85,0.7,0.134,-0.1,-0.1,0.134,0.7
356,6,0.717,0.6,0.567,0.284,0.333,0.9,0.567,0.85
357,6,0.584,0.35,0.434,0.434,0.766,1.0,1.0,1.0
358,,0.434,0.2,0.284,0.284,0.616,0.85,0.85,0.85
359,,0.284,0.05,0.134,0.134,0.466,0.7,0.7,0.7
360,,0.134,-0.1,-0.016,-0.016,0.316,0.55,0.55,0.55
361,2,0.567,0.9,0.417,0.134,0.183,0.3,0.417,0.7
362,2,1.0,1.0,0.85,0.284,0.05,0.05,0.284,0.85
363,,0.85,0.85,0.7,0.134,-0.1,-0.1,0.134,0.7
364,6,0.717,0.6,0.567,0.284,0.333,0.9,0.567,0.85
365,6,0.584,0.35,0.434,0.434,0.766,1.0,1.0,1.0
366,,0.434,0.2,0.284,0.284,0.616,0.85,0.85,0.85
367,,0.284,0.05,0.134,0.134,0.466,0.7,0.7,0.7
368,,0.134,-0.1,-0.016,-0.016,0.316,0.55,0.55,0.55
369,2,0.567,0.9,0.417,0.134,0.183,0.3,0.417,0.7
370,2,1.0,1.0,0.85,0.284,0.05,0.05,0.284,0.85
371,,0.85,0.85,0.7,0.134,-0.1,-0.1,0.134,0.7
372,6,0.717,0.6,0.567,0.284,0.333,0.9,0.567,0.85
373,6,0.584,0.35,0.434,0.434,0.766,1.0,1.0,1.0
374,,0.434,0.2,0.284,0.284,0.616,0.85,0.85,0.85
375,,0.284,0.05,0.134,0.134,0.466,0.7,0.7,0.7
376,,0.134,-0.1,-0.016,-0.016,0.316,0.55,0.55,0.55
377,2,0.567,0.9,0.417,0.134,0.183,0.3,0.417,0.7
378,2,1.0,1.0,0.85,0.284,0.05,0.05,0.284,0.85
379,,0.85,0.85,0.7,0.134,-0.1,-0.1,0.134,0.7
380,6,0.717,0.6,0.567,0.284,0.333,0.9,0.567,0.85
381,6,0.584,0.35,0.434,0.434,0.766,1.0,1.0,1.0
382,,0.434,0.2,0.284,0.284,0.616,0.85,0.85,0.85
383,,0.284,0.05,0.134,0.134,0.466,0.7,0.7,0.7
384,,0.134,-0.1,-0.016,-0.016,0.316,0.55,0.55,0.55
385,2,0.567,0.9,0.417,0.134,0.183,0.3,0.417,0.7
386,2,1.0,1.0,0.85,0.284,0.05,0.05,0.284,0.85
387,,0.85,0.85,0.7,0.134,-0.1,-0.1,0.134,0.7
388,5,0.6,0.717,0.85,0.567,0.9,0.333,0.284,0.567
389,5,0.35,0.584,1.0,1.0,1.0,0.766,0.434,0.434
390,,0.2,0.434,0.85,0.85,0.85,0.616,0.284,0.284
391,,0.05,0.284,0.7,0.7,0.7,0.466,0.134,0.134
392,,-0.1,0.134,0.55,0.55,0.55,0.316,-0.016,-0.016
393,1,0.9,0.567,0.7,0.417,0.3,0.183,0.134,0.417
394,1,1.0,1.0,0.85,0.284,0.05,0.05,0.284,0.85
395,,0.85,0.85,0.7,0.134,-0.1,-0.1,0.134,0.7
396,6,0.717,0.6,0.567,0.284,0.333,0.9,0.567,0.85
397,6,0.584,0.35,0.434,0.434,0.766,1.0,1.0,1.0
398,,0.434,0.2,0.284,0.284,0.616,0.85,0.85,0.85
399,,0.284,0.05,0.134,0.134,0.466,0.7,0.7,0.7
400,,0.134,-0.1,-0.016,-0.016,0.316,0.55,0.55,0.55
401,2,0.567,0.9,0.417,0.134,0.183,0.3,0.417,0.7
402,2,1.0,1.0,0.85,0.284,0.05,0.05,0.284,0.85
403,,0.85,0.85,0.7,0.134,-0.1,-0.1,0.134,0.7
404,5,0.6,0.717,0.85,0.567,0.9,0.333,0.284,0.567
405,5,0.35,0.584,1.0,1.0,1.0,0.766,0.434,0.434
406,,0.2,0.434,0.85,0.85,0.85,0.616,0.284,0.284
407,,0.05,0.284,0.7,0.7,0.7,0.466,0.134,0.134
408,,-0.1,0.134,0.55,0.55,0.55,0.316,-0.016,-0.016
409,1,0.9,0.567,0.7,0.417,0.3,0.183,0.134,0.417
410,1,1.0,1.0,0.85,0.284,0.05,0.05,0.284,0.85
411,,0.85,0.85,0.7,0.134,-0.1,-0.1,0.134,0.7
412,6,0.717,0.6,0.567,0.284,0.333,0.9,0.567,0.85
413,6,0.584,0.35,0.434,0.434,0.766,1.0,1.0,1.0
414,,0.434,0.2,0.284,0.284,0.616,0.85,0.85,0.85
415,,0.284,0.05,0.134,0.134,0.466,0.7,0.7,0.7
416,,0.134,-0.1,-0.016,-0.016,0.316,0.55,0.55,0.55
417,2,0.567,0.9,0.417,0.134,0.183,0.3,0.417,0.7
418,2,1.0,1.0,0.85,0.284,0.05,0.05,0.284,0.85
419,,0.85,0.85,0.7,0.134,-0.1,-0.1,0.134,0.7
420,5,0.6,0.717,0.85,0.567,0.9,0.333,0.284,0.567
421,5,0.35,0.584,1.0,1.0,1.0,0.766,0.434,0.434
422,,0.2,0.434,0.85,0.85,0.85,0.616,0.284,0.284
423,,0.05,0.284,0.7,0.7,0.7,0.466,0.134,0.134
424,,-0.1,0.134,0.55,0.55,0.55,0.316,-0.016,-0.016
425,1,0.9,0.567,0.7,0.417,0.3,0.183,0.134,0.417
426,1,1.0,1.0,0.85,0.284,0.05,0.05,0.284,0.85
427,,0.85,0.85,0.7,0.134,-0.1,-0.1,0.134,0.7
428,6,0.717,0.6,0.567,0.284,0.333,0.9,0.567,0.85
429,6,0.584,0.35,0.434,0.434,0.766,1.0,1.0,1.0
430,,0.434,0.2,0.284,0.284,0.616,0.85,0.85,0.85
431,,0.284,0.05,0.134,0.134,0.466,0.7,0.7,0.7
432,,0.134,-0.1,-0.016,-0.016,0.316,0.55,0.55,0.55
433,2,0.567,0.9,0.417,0.134,0.183,0.3,0.417,0.7
434,2,1.0,1.0,0.85,0.284,0.05,0.05,0.284,0.85
435,,0.85,0.85,0.7,0.134,-0.1,-0.1,0.134,0.7
436,5,0.6,0.717,0.85,0.567,0.9,0.333,0.284,0.567
437,5,0.35,0.584,1.0,1.0,1.0,0.766,0.434,0.434
438,,0.2,0.434,0.85,0.85,0.85,0.616,0.284,0.284
439,,0.05,0.284,0.7,0.7,0.7,0.466,0.134,0.134
440,,-0.1,0.134,0.55,0.55,0.55,0.316,-0.016,-0.016
441,1,0.9,0.567,0.7,0.417,0.3,0.183,0.134,0.417
442,1,1.0,1.0,0.85,0.284,0.05,0.05,0.284,0.85
443,,0.85,0.85,0.7,0.134,-0.1,-0.1,0.134,0.7
444,5,0.6,0.717,0.85,0.567,0.9,0.333,0.284,0.567
445,5,0.35,0.584,1.0,1.0,1.0,0.766,0.434,0.434
446,,0.2,0.434,0.85,0.85,0.85,0.616,0.284,0.284
447,,0.05,0.284,0.7,0.7,0.7,0.466,0.134,0.134
448,,-0.1,0.134,0.55,0.55,0.55,0.316,-0.016,-0.016
449,1,0.9,0.567,0.7,0.417,0.3,0.183,0.134,0.417
450,1,1.0,1.0,0.85,0.284,0.05,0.05,0.284,0.85
451,,0.85,0.85,0.7,0.134,-0.1,-0.1,0.134,0.7
452,6,0.717,0.6,0.567,0.284,0.333,0.9,0.567,0.85
453,6,0.584,0.35,0.434,0.434,0.766,1.0,1.0,1.0
454,,0.434,0.2,0.284,0.284,0.616,0.85,0.85,0.85
455,,0.284,0.05,0.134,0.134,0.466,0.7,0.7,0.7
456,,0.134,-0.1,-0.016,-0.016,0.316,0.55,0.55,0.55
457,2,0.567,0.9,0.417,0.134,0.183,0.3,0.417,0.7
458,2,1.0,1.0,0.85,0.284,0.05,0.05,0.284,0.85
459,,0.85,0.85,0.7,0.134,-0.1,-0.1,0.134,0.7
460,6,0.717,0.6,0.567,0.284,0.333,0.9,0.567,0.85
461,6,0.584,0.35,0.434,0.434,0.766,1.0,1.0,1.0
462,,0.434,0.2,0.284,0.284,0.616,0.85,0.85,0.85
463,,0.284,0.05,0.134,0.134,0.466,0.7,0.7,0.7
464,,0.134,-0.1,-0.016,-0.016,0.316,0.55,0.55,0.55
465,2,0.567,0.9,0.417,0.134,0.183,0.3,0.417,0.7
466,2,1.0,1.0,0.85,0.284,0.05,0.05,0.284,0.85
467,,0.85,0.85,0.7,0.134,-0.1,-0.1,0.134,0.7
468,6,0.717,0.6,0.567,0.284,0.333,0.9,0.567,0.85
469,6,0.584,0.35,0.434,0.434,0.766,1.0,1.0,1.0
470,,0.434,0.2,0.284,0.284,0.616,0.85,0.85,0.85
471,,0.284,0.05,0.134,0.134,0.466,0.7,0.7,0.7
472,,0.134,-0.1,-0.016,-0.016,0.316,0.55,0.55,0.55
473,2,0.567,0.9,0.417,0.134,0.183,0.3,0.417,0.7
474,2,1.0,1.0,0.85,0.284,0.05,0.05,0.284,0.85
475,,0.85,0.85,0.7,0.134,-0.1,-0.1,0.134,0.7
476,6,0.717,0.6,0.567,0.284,0.333,0.9,0.567,0.85
477,6,0.584,0.35,0.434,0.434,0.766,1.0,1.0,1.0
478,,0.434,0.2,0.284,0.284,0.616,0.85,0.85,0.85
479,,0.284,0.05,0.134,0.134,0.466,0.7,0.7,0.7
480,,0.134,-0.1,-0.016,-0.016,0.316,0.55,0.55,0.55
481,2,0.567,0.9,0.417,0.134,0.183,0.3,0.417,0.7
482,2,1.0,1.0,0.85,0.284,0.05,0.05,0.284,0.85
483,,0.85,0.85,0.7,0.134,-0.1,-0.1,0.134,0.7
484,5,0.6,0.717,0.85,0.567,0.9,0.333,0.284,0.567
485,5,0.35,0.584,1.0,1.0,1.0,0.766,0.434,0.434
486,,0.2,0.434,0.85,0.85,0.85,0.616,0.284,0.284
487,,0.05,0.284,0.7,0.7,0.7,0.466,0.134,0.134
488,,-0.1,0.134,0.55,0.55,0.55,0.316,-0.016,-0.016
489,1,0.9,0.567,0.7,0.417,0.3,0.183,0.134,0.417
490,1,1.0,1.0,0.85,0.284,0.05,0.05,0.284,0.85
491,,0.85,0.85,0.7,0.134,-0.1,-0.1,0.134,0.7
492,6,0.717,0.6,0.567,0.284,0.333,0.9,0.567,0.85
493,6,0.584,0.35,0.434,0.434,0.766,1.0,1.0,1.0
494,,0.434,0.2,0.284,0.284,0.616,0.85,0.85,0.85
495,,0.284,0.05,0.134,0.134,0.466,0.7,0.7,0.7
496,,0.134,-0.1,-0.016,-0.016,0.316,0.55,0.55,0.55
497,2,0.567,0.9,0.417,0.134,0.183,0.3,0.417,0.7
498,2,1.0,1.0,0.85,0.284,0.05,0.05,0.284,0.85
499,,0.85,0.85,0.7,0.134,-0.1,-0.1,0.134,0.7
500,5,0.6,0.717,0.85,0.567,0.9,0.333,0.284,0.567
501,5,0.35,0.584,1.0,1.0,1.0,0.766,0.434,0.434
502,,0.2,0.434,0.85,0.85,0.85,0.616,0.284,0.284
503,,0.05,0.284,0.7,0.7,0.7,0.466,0.134,0.134
504,,-0.1,0.134,0.55,0.55,0.55,0.316,-0.016,-0.016
505,1,0.9,0.567,0.7,0.417,0.3,0.183,0.134,0.417
506,1,1.0,1.0,0.85,0.284,0.05,0.05,0.284,0.85
507,,0.85,0.85,0.7,0.134,-0.1,-0.1,0.134,0.7
508,5,0.6,0.717,0.85,0.567,0.9,0.333,0.284,0.567
509,5,0.35,0.584,1.0,1.0,1.0,0.766,0.434,0.434
510,,0.2,0.434,0.85,0.85,0.85,0.616,0.284,0.284
511,,0.05,0.284,0.7,0.7,0.7,0.466,0.134,0.134
512,,-0.1,0.134,0.55,0.55,0.55,0.316,-0.016,-0.016
513,1,0.9,0.567,0.7,0.417,0.3,0.183,0.134,0.417
514,1,1.0,1.0,0.85,0.284,0.05,0.05,0.284,0.85
515,,0.85,0.85,0.7,0.134,-0.1,-0.1,0.134,0.7
516,6,0.717,0.6,0.567,0.284,0.333,0.9,0.567,0.85
517,6,0.584,0.35,0.434,0.434,0.766,1.0,1.0,1.0
518,,0.434,0.2,0.284,0.284,0.616,0.85,0.85,0.85
519,,0.284,0.05,0.134,0.134,0.466,0.7,0.7,0.7
520,,0.134,-0.1,-0.016,-0.016,0.316,0.55,0.55,0.55
521,2,0.567,0.9,0.417,0.134,0.183,0.3,0.417,0.7
522,2,1.0,1.0,0.85,0.284,0.05,0.05,0.284,0.85
523,,0.85,0.85,0.7,0.134,-0.1,-0.1,0.134,0.7
524,5,0.6,0.717,0.85,0.567,0.9,0.333,0.284,0.567
525,5,0.35,0.584,1.0,1.0,1.0,0.766,0.434,0.434
526,,0.2,0.434,0.85,0.85,0.85,0.616,0.284,0.284
527,,0.05,0.284,0.7,0.7,0.7,0.466,0.134,0.134
528,,-0.1,0.134,0.55,0.55,0.55,0.316,-0.016,-0.016
529,1,0.9,0.567,0.7,0.417,0.3,0.183,0.134,0.417
530,1,1.0,1.0,0.85,0.284,0.05,0.05,0.284,0.85
531,,0.85,0.85,0.7,0.134,-0.1,-0.1,0.134,0.7
532,5,0.6,0.717,0.85,0.567,0.9,0.333,0.284,0.567
533,5,0.35,0.584,1.0,1.0,1.0,0.766,0.434,0.434
534,,0.2,0.434,0.85,0.85,0.85,0.616,0.284,0.284
535,,0.05,0.284,0.7,0.7,0.7,0.466,0.134,0.134
536,,-0.1,0.134,0.55,0.55,0.55,0.316,-0.016,-0.016
537,1,0.9,0.567,0.7,0.417,0.3,0.183,0.134,0.417
538,1,1.0,1.0,0.85,0.284,0.05,0.05,0.284,0.85
539,,0.85,0.85,0.7,0.134,-0.1,-0.1,0.134,0.7
540,5,0.6,0.717,0.85,0.567,0.9,0.333,0.284,0.567
541,5,0.35,0.584,1.0,1.0,1.0,0.766,0.434,0.434
542,,0.2,0.434,0.85,0.85,0.85,0.616,0.284,0.284
543,,0.05,0.284,0.7,0.7,0.7,0.466,0.134,0.134
544,,-0.1,0.134,0.55,0.55,0.55,0.316,-0.016,-0.016
545,1,0.9,0.567,0.7,0.417,0.3,0.183,0.134,0.417
546,1,1.0,1.0,0.85,0.284,0.05,0.05,0.284,0.85
547,,0.85,0.85,0.7,0.134,-0.1,-0.1,0.134,0.7
548,5,0.6,0.717,0.85,0.567,0.9,0.333,0.284,0.567
549,5,0.35,0.584,1.0,1.0,1.0,0.766,0.434,0.434
550,,0.2,0.434,0.85,0.85,0.85,0.616,0.284,0.284
551,,0.05,0.284,0.7,0.7,0.7,0.466,0.134,0.134
552,,-0.1,0.134,0.55,0.55,0.55,0.316,-0.016,-0.016
553,1,0.9,0.567,0.7,0.417,0.3,0.183,0.134,0.417
554,1,1.0,1.0,0.85,0.284,0.05,0.05,0.284,0.85
555,,0.85,0.85,0.7,0.134,-0.1,-0.1,0.134,0.7
556,6,0.717,0.6,0.567,0.284,0.333,0.9,0.567,0.85
557,6,0.584,0.35,0.434,0.434,0.766,1.0,1.0,1.0
558,,0.434,0.2,0.284,0.284,0.616,0.85,0.85,0.85
559,,0.284,0.05,0.134,0.134,0.466,0.7,0.7,0.7
560,,0.134,-0.1,-0.016,-0.016,0.316,0.55,0.55,0.55
561,2,0.567,0.9,0.417,0.134,0.183,0.3,0.417,0.7
562,2,1.0,1.0,0.85,0.284,0.05,0.05,0.284,0.85
563,,0.85,0.85,0.7,0.134,-0.1,-0.1,0.134,0.7
564,6,0.717,0.6,0.567,0.284,0.333,0.9,0.567,0.85
565,6,0.584,0.35,0.434,0.434,0.766,1.0,1.0,1.0
566,,0.434,0.2,0.284,0.284,0.616,0.85,0.85,0.85
567,,0.284,0.05,0.134,0.134,0.466,0.7,0.7,0.7
568,,0.134,-0.1,-0.016,-0.016,0.316,0.55,0.55,0.55
569,2,0.567,0.9,0.417,0.134,0.183,0.3,0.417,0.7
570,2,1.0,1.0,0.85,0.284,0.05,0.05,0.284,0.85
571,,0.85,0.85,0.7,0.134,-0.1,-0.1,0.134,0.7
572,6,0.717,0.6,0.567,0.284,0.333,0.9,0.567,0.85
573,6,0.584,0.35,0.434,0.434,0.766,1.0,1.0,1.0
574,,0.434,0.2,0.284,0.284,0.616,0.85,0.85,0.85
575,,0.284,0.05,0.134,0.134,0.466,0.7,0.7,0.7
576,,0.134,-0.1,-0.016,-0.016,0.316,0.55,0.55,0.55
577,2,0.567,0.9,0.417,0.134,0.183,0.3,0.417,0.7
578,2,1.0,1.0,0.85,0.284,0.05,0.05,0.284,0.85
579,,0.85,0.85,0.7,0.134,-0.1,-0.1,0.134,0.7
580,6,0.717,0.6,0.567,0.284,0.333,0.9,0.567,0.85
581,6,0.584,0.35,0.434,0.434,0.766,1.0,1.0,1.0
582,,0.434,0.2,0.284,0.284,0.616,0.85,0.85,0.85
583,,0.284,0.05,0.134,0.134,0.466,0.7,0.7,0.7
584,,0.134,-0.1,-0.016,-0.016,0.316,0.55,0.55,0.55
585,2,0.567,0.9,0.417,0.134,0.183,0.3,0.417,0.7
586,2,1.0,1.0,0.85,0.284,0.05,0.05,0.284,0.85
587,,0.85,0.85,0.7,0.134,-0.1,-0.1,0.134,0.7
588,5,0.6,0.717,0.85,0.567,0.9,0.333,0.284,0.567
589,5,0.35,0.584,1.0,1.0,1.0,0.766,0.434,0.434
590,,0.2,0.434,0.85,0.85,0.85,0.616,0.284,0.284
591,,0.05,0.284,0.7,0.7,0.7,0.466,0.134,0.134
592,,-0.1,0.134,0.55,0.55,0.55,0.316,-0.016,-0.016
593,1,0.9,0.567,0.7,0.417,0.3,0.183,0.134,0.417
594,1,1.0,1.0,0.85,0.284,0.05,0.05,0.284,0.85
595,,0.85,0.85,0.7,0.134,-0.1,-0.1,0.134,0.7
596,5,0.6,0.717,0.85,0.567,0.9,0.333,0.284,0.567
597,5,0.35,0.584,1.0,1.0,1.0,0.766,0.434,0.434
598,,0.2,0.434,0.85,0.85,0.85,0.616,0.284,0.284
599,,0.05,0.284,0.7,0.7,0.7,0.466,0.134,0.134
600,,-0.1,0.134,0.55,0.55,0.55,0.316,-0.016,-0.016
601,1,0.9,0.567,0.7,0.417,0.3,0.183,0.134,0.417
602,1,1.0,1.0,0.85,0.284,0.05,0.05,0.284,0.85
603,,0.85,0.85,0.7,0.134,-0.1,-0.1,0.134,0.7
604,6,0.717,0.6,0.567,0.284,0.333,0.9,0.567,0.85
605,6,0.584,0.35,0.434,0.434,0.766,1.0,1.0,1.0
606,,0.434,0.2,0.284,0.284,0.616,0.85,0.85,0.85
607,,0.284,0.05,0.134,0.134,0.466,0.7,0.7,0.7
608,,0.134,-0.1,-0.016,-0.016,0.316,0.55,0.55,0.55
609,2,0.567,0.9,0.417,0.134,0.183,0.3,0.417,0.7
610,2,1.0,1.0,0.85,0.284,0.05,0.05,0.284,0.85
611,,0.85,0.85,0.7,0.134,-0.1,-0.1,0.134,0.7
612,6,0.717,0.6,0.567,0.284,0.333,0.9,0.567,0.85
613,6,0.584,0.35,0.434,0.434,0.766,1.0,1.0,1.0
614,,0.434,0.2,0.284,0.284,0.616,0.85,0.85,0.85
615,,0.284,0.05,0.134,0.134,0.466,0.7,0.7,0.7
616,,0.134,-0.1,-0.016,-0.016,0.316,0.55,0.55,0.55
617,2,0.567,0.9,0.417,0.134,0.183,0.3,0.417,0.7
618,2,1.0,1.0,0.85,0.284,0.05,0.05,0.284,0.85
619,,0.85,0.85,0.7,0.134,-0.1,-0.1,0.134,0.7
620,6,0.717,0.6,0.567,0.284,0.333,0.9,0.567,0.85
621,6,0.584,0.35,0.434,0.434,0.766,1.0,1.0,1.0
622,,0.434,0.2,0.284,0.284,0.616,0.85,0.85,0.85
623,,0.284,0.05,0.134,0.134,0.466,0.7,0.7,0.7
624,,0.134,-0.1,-0.016,-0.016,0.316,0.55,0.55,0.55
625,2,0.567,0.9,0.417,0.134,0.183,0.3,0.417,0.7
626,2,1.0,1.0,0.85,0.284,0.05,0.05,0.284,0.85
627,,0.85,0.85,0.7,0.134,-0.1,-0.1,0.134,0.7
628,5,0.6,0.717,0.85,0.567,0.9,0.333,0.284,0.567
629,5,0.35,0.584,1.0,1.0,1.0,0.766,0.434,0.434
630,,0.2,0.434,0.85,0.85,0.85,0.616,0.284,0.284
631,,0.05,0.284,0.7,0.7,0.7,0.466,0.134,0.134
632,,-0.1,0.134,0.55,0.55,0.55,0.316,-0.016,-0.016
633,1,0.9,0.567,0.7,0.417,0.3,0.183,0.134,0.417
634,1,1.0,1.0,0.85,0.284,0.05,0.05,0.284,0.85
635,,0.85,0.85,0.7,0.134,-0.1,-0.1,0.134,0.7
636,6,0.717,0.6,0.567,0.284,0.333,0.9,0.567,0.85
637,6,0.584,0.35,0.434,0.434,0.766,1.0,1.0,1.0
638,,0.434,0.2,0.284,0.284,0.616,0.85,0.85,0.85
639,,0.284,0.05,0.134,0.134,0.466,0.7,0.7,0.7
640,,0.134,-0.1,-0.016,-0.016,0.316,0.55,0.55,0.55
641,2,0.567,0.9,0.417,0.134,0.183,0.3,0.417,0.7
642,2,1.0,1.0,0.85,0.284,0.05,0.05,0.284,0.85
643,,0.85,0.85,0.7,0.134,-0.1,-0.1,0.134,0.7
644,6,0.717,0.6,0.567,0.284,0.333,0.9,0.567,0.85
645,6,0.584,0.35,0.434,0.434,0.766,1.0,1.0,1.0
646,,0.434,0.2,0.284,0.284,0.616,0.85,0.85,0.85
647,,0.284,0.05,0.134,0.134,0.466,0.7,0.7,0.7
648,,0.134,-0.1,-0.016,-0.016,0.316,0.55,0.55,0.55
649,2,0.567,0.9,0.417,0.134,0.183,0.3,0.417,0.7
650,2,1.0,1.0,0.85,0.284,0.05,0.05,0.284,0.85
651,,0.85,0.85,0.7,0.134,-0.1,-0.1,0.134,0.7
652,6,0.717,0.6,0.567,0.284,0.333,0.9,0.567,0.85
653,6,0.584,0.35,0.434,0.434,0.766,1.0,1.0,1.0
654,,0.434,0.2,0.284,0.284,0.616,0.85,0.85,0.85
655,,0.284,0.05,0.134,0.134,0.466,0.7,0.7,0.7
656,,0.134,-0.1,-0.016,-0.016,0.316,0.55,0.55,0.55
657,2,0.567,0.9,0.417,0.134,0.183,0.3,0.417,0.7
658,2,1.0,1.0,0.85,0.284,0.05,0.05,0.284,0.85
659,,0.85,0.85,0.7,0.134,-0.1,-0.1,0.134,0.7
660,5,0.6,0.717,0.85,0.567,0.9,0.333,0.284,0.567
661,5,0.35,0.584,1.0,1.0,1.0,0.766,0.434,0.434
662,,0.2,0.434,0.85,0.85,0.85,0.616,0.284,0.284
663,,0.05,0.284,0.7,0.7,0.7,0.466,0.134,0.134
664,,-0.1,0.134,0.55,0.55,0.55,0.316,-0.016,-0.016
665,1,0.9,0.567,0.7,0.417,0.3,0.183,0.134,0.417
666,1,1.0,1.0,0.85,0.284,0.05,0.05,0.284,0.85
667,,0.85,0.85,0.7,0.134,-0.1,-0.1,0.134,0.7
668,5,0.6,0.717,0.85,0.567,0.9,0.333,0.284,0.567
669,5,0.35,0.584,1.0,1.0,1.0,0.766,0.434,0.434
670,,0.2,0.434,0.85,0.85,0.85,0.616,0.284,0.284
671,,0.05,0.284,0.7,0.7,0.7,0.466,0.134,0.134
672,,-0.1,0.134,0.55,0.55,0.55,0.316,-0.016,-0.016
673,1,0.9,0.567,0.7,0.417,0.3,0.183,0.134,0.417
674,1,1.0,1.0,0.85,0.284,0.05,0.05,0.284,0.85
675,,0.85,0.85,0.7,0.134,-0.1,-0.1,0.134,0.7
676,5,0.6,0.717,0.85,0.567,0.9,0.333,0.284,0.567
677,5,0.35,0.584,1.0,1.0,1.0,0.766,0.434,0.434
678,,0.2,0.434,0.85,0.85,0.85,0.616,0.284,0.284
679,,0.05,0.284,0.7,0.7,0.7,0.466,0.134,0.134
680,,-0.1,0.134,0.55,0.55,0.55,0.316,-0.016,-0.016
681,1,0.9,0.567,0.7,0.417,0.3,0.183,0.134,0.417
682,1,1.0,1.0,0.85,0.284,0.05,0.05,0.284,0.85
683,,0.85,0.85,0.7,0.134,-0.1,-0.1,0.134,0.7
684,5,0.6,0.717,0.85,0.567,0.9,0.333,0.284,0.567
685,5,0.35,0.584,1.0,1.0,1.0,0.766,0.434,0.434
686,,0.2,0.434,0.85,0.85,0.85,0.616,0.284,0.284
687,,0.05,0.284,0.7,0.7,0.7,0.466,0.134,0.134
688,,-0.1,0.134,0.55,0.55,0.55,0.316,-0.016,-0.016
689,1,0.9,0.567,0.7,0.417,0.3,0.183,0.134,0.417
690,1,1.0,1.0,0.85,0.284,0.05,0.05,0.284,0.85
691,,0.85,0.85,0.7,0.134,-0.1,-0.1,0.134,0.7
692,5,0.6,0.717,0.85,0.567,0.9,0.333,0.284,0.567
693,5,0.35,0.584,1.0,1.0,1.0,0.766,0.434,0.434
694,,0.2,0.434,0.85,0.85,0.85,0.616,0.284,0.284
695,,0.05,0.284,0.7,0.7,0.7,0.466,0.134,0.134
696,,-0.1,0.134,0.55,0.55,0.55,0.316,-0.016,-0.016
697,1,0.9,0.567,0.7,0.417,0.3,0.183,0.134,0.417
698,1,1.0,1.0,0.85,0.284,0.05,0.05,0.284,0.85
699,,0.85,0.85,0.7,0.134,-0.1,-0.1,0.134,0.7
700,5,0.6,0.717,0.85,0.567,0.9,0.333,0.284,0.567
701,5,0.35,0.584,1.0,1.0,1.0,0.766,0.434,0.434
702,,0.2,0.434,0.85,0.85,0.85,0.616,0.284,0.284
703,,0.05,0.284,0.7,0.7,0.7,0.466,0.134,0.134
704,,-0.1,0.134,0.55,0.55,0.55,0.316,-0.016,-0.016
705,1,0.9,0.567,0.7,0.417,0.3,0.183,0.134,0.417
706,1,1.0,1.0,0.85,0.284,0.05,0.05,0.284,0.85
707,,0.85,0.85,0.7,0.134,-0.1,-0.1,0.134,0.7
708,5,0.6,0.717,0.85,0.567,0.9,0.333,0.284,0.567
709,5,0.35,0.584,1.0,1.0,1.0,0.766,0.434,0.434
710,,0.2,0.434,0.85,0.85,0.85,0.616,0.284,0.284
711,,0.05,0.284,0.7,0.7,0.7,0.466,0.134,0.134
712,,-0.1,0.134,0.55,0.55,0.55,0.316,-0.016,-0.016
713,1,0.9,0.567,0.7,0.417,0.3,0.183,0.134,0.417
714,1,1.0,1.0,0.85,0.284,0.05,0.05,0.284,0.85
715,,0.85,0.85,0.7,0.134,-0.1,-0.1,0.134,0.7
716,5,0.6,0.717,0.85,0.567,0.9,0.333,0.284,0.567
717,5,0.35,0.584,1.0,1.0,1.0,0.766,0.434,0.434
718,,0.2,0.434,0.85,0.85,0.85,0.616,0.284,0.284
719,,0.05,0.284,0.7,0.7,0.7,0.466,0.134,0.134
720,,-0.1,0.134,0.55,0.55,0.55,0.316,-0.016,-0.016
721,1,0.9,0.567,0.7,0.417,0.3,0.183,0.134,0.417
722,1,1.0,1.0,0.85,0.284,0.05,0.05,0.284,0.85
723,,0.85,0.85,0.7,0.134,-0.1,-0.1,0.134,0.7
724,6,0.717,0.6,0.567,0.284,0.333,0.9,0.567,0.85
725,6,0.584,0.35,0.434,0.434,0.766,1.0,1.0,1.0
726,,0.434,0.2,0.284,0.284,0.616,0.85,0.85,0.85
727,,0.284,0.05,0.134,0.134,0.466,0.7,0.7,0.7
728,,0.134,-0.1,-0.016,-0.016,0.316,0.55,0.55,0.55
729,2,0.567,0.9,0.417,0.134,0.183,0.3,0.417,0.7
730,2,1.0,1.0,0.85,0.284,0.05,0.05,0.284,0.85
731,,0.85,0.85,0.7,0.134,-0.1,-0.1,0.134,0.7
732,6,0.717,0.6,0.567,0.284,0.333,0.9,0.567,0.85
733,6,0.584,0.35,0.434,0.434,0.766,1.0,1.0,1.0
734,,0.434,0.2,0.284,0.284,0.616,0.85,0.85,0.85
735,,0.284,0.05,0.134,0.134,0.466,0.7,0.7,0.7
736,,0.134,-0.1,-0.016,-0.016,0.316,0.55,0.55,0.55
737,2,0.567,0.9,0.417,0.134,0.183,0.3,0.417,0.7
738,2,1.0,1.0,0.85,0.284,0.05,0.05,0.284,0.85
739,,0.85,0.85,0.7,0.134,-0.1,-0.1,0.134,0.7
740,5,0.6,0.717,0.85,0.567,0.9,0.333,0.284,0.567
741,5,0.35,0.584,1.0,1.0,1.0,0.766,0.434,0.434
742,,0.2,0.434,0.85,0.85,0.85,0.616,0.284,0.284
743,,0.05,0.284,0.7,0.7,0.7,0.466,0.134,0.134
744,,-0.1,0.134,0.55,0.55,0.55,0.316,-0.016,-0.016
745,1,0.9,0.567,0.7,0.417,0.3,0.183,0.134,0.417
746,1,1.0,1.0,0.85,0.284,0.05,0.05,0.284,0.85
747,,0.85,0.85,0.7,0.134,-0.1,-0.1,0.134,0.7
748,5,0.6,0.717,0.85,0.567,0.9,0.333,0.284,0.567
749,5,0.35,0.584,1.0,1.0,1.0,0.766,0.434,0.434
750,,0.2,0.434,0.85,0.85,0.85,0.616,0.284,0.284
751,,0.05,0.284,0.7,0.7,0.7,0.466,0.134,0.134
752,,-0.1,0.134,0.55,0.55,0.55,0.316,-0.016,-0.016
753,1,0.9,0.567,0.7,0.417,0.3,0.183,0.134,0.417
754,1,1.0,1.0,0.85,0.284,0.05,0.05,0.284,0.85
755,,0.85,0.85,0.7,0.134,-0.1,-0.1,0.134,0.7
756,6,0.717,0.6,0.567,0.284,0.333,0.9,0.567,0.85
757,6,0.584,0.35,0.434,0.434,0.766,1.0,1.0,1.0
758,,0.434,0.2,0.284,0.284,0.616,0.85,0.85,0.85
759,,0.284,0.05,0.134,0.134,0.466,0.7,0.7,0.7
760,,0.134,-0.1,-0.016,-0.016,0.316,0.55,0.55,0.55
761,2,0.567,0.9,0.417,0.134,0.183,0.3,0.417,0.7
762,2,1.0,1.0,0.85,0.284,0.05,0.05,0.284,0.85
763,,0.85,0.85,0.7,0.134,-0.1,-0.1,0.134,0.7
764,5,0.6,0.717,0.85,0.567,0.9,0.333,0.284,0.567
765,5,0.35,0.584,1.0,1.0,1.0,0.766,0.434,0.434
766,,0.2,0.434,0.85,0.85,0.85,0.616,0.284,0.284
767,,0.05,0.284,0.7,0.7,0.7,0.466,0.134,0.134
768,,-0.1,0.134,0.55,0.55,0.55,0.316,-0.016,-0.016
769,1,0.9,0.567,0.7,0.417,0.3,0.183,0.134,0.417
770,1,1.0,1.0,0.85,0.284,0.05,0.05,0.284,0.85
771,,0.85,0.85,0.7,0.134,-0.1,-0.1,0.134,0.7
772,5,0.6,0.717,0.85,0.567,0.9,0.333,0.284,0.567
773,5,0.35,0.584,1.0,1.0,1.0,0.766,0.434,0.434
774,,0.2,0.434,0.85,0.85,0.85,0.616,0.284,0.284
775,,0.05,0.284,0.7,0.7,0.7,0.466,0.134,0.134
776,,-0.1,0.134,0.55,0.55,0.55,0.316,-0.016,-0.016
777,1,0.9,0.567,0.7,0.417,0.3,0.183,0.134,0.417
778,1,1.0,1.0,0.85,0.284,0.05,0.05,0.284,0.85
779,,0.85,0.85,0.7,0.134,-0.1,-0.1,0.134,0.7
780,5,0.6,0.717,0.85,0.567,0.9,0.333,0.284,0.567
781,5,0.35,0.584,1.0,1.0,1.0,0.766,0.434,0.434
782,,0.2,0.434,0.85,0.85,0.85,0.616,0.284,0.284
783,,0.05,0.284,0.7,0.7,0.7,0.466,0.134,0.134
784,,-0.1,0.134,0.55,0.55,0.55,0.316,-0.016,-0.016
785,1,0.9,0.567,0.7,0.417,0.3,0.183,0.134,0.417
786,1,1.0,1.0,0.85,0.284,0.05,0.05,0.284,0.85
787,,0.85,0.85,0.7,0.134,-0.1,-0.1,0.134,0.7
788,6,0.717,0.6,0.567,0.284,0.333,0.9,0.567,0.85
789,6,0.584,0.35,0.434,0.434,0.766,1.0,1.0,1.0
790,,0.434,0.2,0.284,0.284,0.616,0.85,0.85,0.85
791,,0.284,0.05,0.134,0.134,0.466,0.7,0.7,0.7
792,,0.134,-0.1,-0.016,-0.016,0.316,0.55,0.55,0.55
793,2,0.567,0.9,0.417,0.134,0.183,0.3,0.417,0.7
794,2,1.0,1.0,0.85,0.284,0.05,0.05,0.284,0.85
795,,0.85,0.85,0.7,0.134,-0.1,-0.1,0.134,0.7
796,6,0.717,0.6,0.567,0.284,0.333,0.9,0.567,0.85
797,6,0.584,0.35,0.434,0.434,0.766,1.0,1.0,1.0
798,,0.434,0.2,0.284,0.284,0.616,0.85,0.85,0.85
799,,0.284,0.05,0.134,0.134,0.466,0.7,0.7,0.7
800,,0.134,-0.1,-0.016,-0.016,0.316,0.55,0.55,0.55
801,2,0.567,0.9,0.417,0.134,0.183,0.3,0.417,0.7
802,2,1.0,1.0,0.85,0.284,0.05,0.05,0.284,0.85
803,,0.85,0.85,0.7,0.134,-0.1,-0.1,0.134,0.7
804,6,0.717,0.6,0.567,0.284,0.333,0.9,0.567,0.85
805,6,0.584,0.35,0.434,0.434,0.766,1.0,1.0,1.0
806,,0.434,0.2,0.284,0.284,0.616,0.85,0.85,0.85
807,,0.284,0.05,0.134,0.134,0.466,0.7,0.7,0.7
808,,0.134,-0.1,-0.016,-0.016,0.316,0.55,0.55,0.55
809,2,0.567,0.9,0.417,0.134,0.183,0.3,0.417,0.7
810,2,1.0,1.0,0.85,0.284,0.05,0.05,0.284,0.85
811,,0.85,0.85,0.7,0.134,-0.1,-0.1,0.134,0.7
812,6,0.717,0.6,0.567,0.284,0.333,0.9,0.567,0.85
813,6,0.584,0.35,0.434,0.434,0.766,1.0,1.0,1.0
814,,0.434,0.2,0.284,0.284,0.616,0.85,0.85,0.85
815,,0.284,0.05,0.134,0.134,0.466,0.7,0.7,0.7
816,,0.134,-0.1,-0.016,-0.016,0.316,0.55,0.55,0.55
817,2,0.567,0.9,0.417,0.134,0.183,0.3,0.417,0.7
818,2,1.0,1.0,0.85,0.284,0.05,0.05,0.284,0.85
819,,0.85,0.85,0.7,0.134,-0.1,-0.1,0.134,0.7
820,6,0.717,0.6,0.567,0.284,0.333,0.9,0.567,0.85
821,6,0.584,0.35,0.434,0.434,0.766,1.0,1.0,1.0
822,,0.434,0.2,0.284,0.284,0.616,0.85,0.85,0.85
823,,0.284,0.05,0.134,0.134,0.466,0.7,0.7,0.7
824,,0.134,-0.1,-0.016,-0.016,0.316,0.55,0.55,0.55
825,2,0.567,0.9,0.417,0.134,0.183,0.3,0.417,0.7
826,2,1.0,1.0,0.85,0.284,0.05,0.05,0.284,0.85
827,,0.85,0.85,0.7,0.134,-0.1,-0.1,0.134,0.7
828,5,0.6,0.717,0.85,0.567,0.9,0.333,0.284,0.567
829,5,0.35,0.584,1.0,1.0,1.0,0.766,0.434,0.434
830,,0.2,0.434,0.85,0.85,0.85,0.616,0.284,0.284
831,,0.05,0.284,0.7,0.7,0.7,0.466,0.134,0.134
832,,-0.1,0.134,0.55,0.55,0.55,0.316,-0.016,-0.016
833,1,0.9,0.567,0.7,0.417,0.3,0.183,0.134,0.417
834,1,1.0,1.0,0.85,0.284,0.05,0.05,0.284,0.85
835,,0.85,0.85,0.7,0.134,-0.1,-0.1,0.134,0.7
836,6,0.717,0.6,0.567,0.284,0.333,0.9,0.567,0.85
837,6,0.584,0.35,0.434,0.434,0.766,1.0,1.0,1.0
