step,active_motive,motive_1,motive_2,motive_3,motive_4,motive_5,motive_6,motive_7,motive_8
0,,0.8699,0.51884,0.59128,0.399,0.05476,0.3352,0.80285,0.00463
1,,0.6699,0.31884,0.39128,0.199,-0.14524,0.1352,0.60285,-0.19537
2,8,1.0,0.51884,0.37928,0.099,-0.15724,0.3352,1.0,0.80463
3,8,1.0,0.71884,0.36728,-0.001,-0.16924,0.5352,1.0,1.0
4,5,0.9,0.70684,0.56728,0.411,0.83076,0.9472,1.0,0.988
5,5,0.8,0.69484,0.76728,0.823,1.0,1.0,1.0,0.976
6,,0.6,0.49484,0.56728,0.623,0.8,0.8,0.8,0.776
7,,0.4,0.29484,0.36728,0.423,0.6,0.6,0.6,0.576
8,,0.2,0.09484,0.16728,0.223,0.4,0.4,0.4,0.376
9,,0.0,-0.10516,-0.03272,0.023,0.2,0.2,0.2,0.176
10,2,0.412,0.89484,0.37928,0.223,0.188,0.1,0.188,0.376
11,2,0.824,1.0,0.79128,0.423,0.176,0.0,0.176,0.576
12,,0.624,0.8,0.59128,0.223,-0.024,-0.2,-0.024,0.376
13,6,0.612,0.7,0.57928,0.423,0.388,0.8,0.388,0.576
14,6,0.6,0.6,0.56728,0.623,0.8,1.0,0.8,0.776
15,,0.4,0.4,0.36728,0.423,0.6,0.8,0.6,0.576
16,,0.2,0.2,0.16728,0.223,0.4,0.6,0.4,0.376
17,,0.0,0.0,-0.03272,0.023,0.2,0.4,0.2,0.176
18,3,0.2,0.412,0.96728,0.435,0.4,0.388,0.1,0.164
19,3,0.4,0.824,1.0,0.847,0.6,0.376,0.0,0.152
20,,0.2,0.624,0.8,0.647,0.4,0.176,-0.2,-0.048
21,7,0.4,0.612,0.7,0.635,0.6,0.588,0.8,0.364
22,7,0.6,0.6,0.6,0.623,0.8,1.0,1.0,0.776
23,,0.4,0.4,0.4,0.423,0.6,0.8,0.8,0.576
24,,0.2,0.2,0.2,0.223,0.4,0.6,0.6,0.376
25,,0.0,0.0,0.0,0.023,0.2,0.4,0.4,0.176
26,,-0.2,-0.2,-0.2,-0.177,0.0,0.2,0.2,-0.024
27,1,0.8,0.212,0.0,-0.189,-0.1,0.188,0.4,0.388
28,1,1.0,0.624,0.2,-0.201,-0.2,0.176,0.6,0.8
29,4,0.988,0.824,0.612,0.799,0.212,0.376,0.588,0.7
30,4,0.976,1.0,1.0,1.0,0.624,0.576,0.576,0.6
31,,0.776,0.8,0.8,0.8,0.424,0.376,0.376,0.4
32,,0.576,0.6,0.6,0.6,0.224,0.176,0.176,0.2
33,,0.376,0.4,0.4,0.4,0.024,-0.024,-0.024,0.0
34,6,0.364,0.3,0.388,0.6,0.436,0.976,0.388,0.2
35,6,0.352,0.2,0.376,0.8,0.848,1.0,0.8,0.4
36,,0.152,0.0,0.176,0.6,0.648,0.8,0.6,0.2
37,,-0.048,-0.2,-0.024,0.4,0.448,0.6,0.4,0.0
38,2,0.364,0.8,0.388,0.6,0.436,0.5,0.388,0.2
39,2,0.776,1.0,0.8,0.8,0.424,0.4,0.376,0.4
40,,0.576,0.8,0.6,0.6,0.224,0.2,0.176,0.2
41,,0.376,0.6,0.4,0.4,0.024,0.0,-0.024,0.0
42,7,0.576,0.588,0.3,0.388,0.224,0.412,0.976,0.412
43,7,0.776,0.576,0.2,0.376,0.424,0.824,1.0,0.824
44,,0.576,0.376,0.0,0.176,0.224,0.624,0.8,0.624
45,,0.376,0.176,-0.2,-0.024,0.024,0.424,0.6,0.424
46,3,0.576,0.588,0.8,0.388,0.224,0.412,0.5,0.412
47,3,0.776,1.0,1.0,0.8,0.424,0.4,0.4,0.4
48,,0.576,0.8,0.8,0.6,0.224,0.2,0.2,0.2
49,,0.376,0.6,0.6,0.4,0.024,0.0,0.0,0.0
50,,0.176,0.4,0.4,0.2,-0.176,-0.2,-0.2,-0.2
51,8,0.588,0.6,0.388,0.1,-0.188,0.0,0.212,0.8
52,8,1.0,0.8,0.376,0.0,-0.2,0.2,0.624,1.0
53,5,0.9,0.788,0.576,0.412,0.8,0.612,0.824,0.988
54,5,0.8,0.776,0.776,0.824,1.0,1.0,1.0,0.976
55,,0.6,0.576,0.576,0.624,0.8,0.8,0.8,0.776
56,,0.4,0.376,0.376,0.424,0.6,0.6,0.6,0.576
57,,0.2,0.176,0.176,0.224,0.4,0.4,0.4,0.376
58,,0.0,-0.024,-0.024,0.024,0.2,0.2,0.2,0.176
59,3,0.2,0.388,0.976,0.436,0.4,0.188,0.1,0.164
60,3,0.4,0.8,1.0,0.848,0.6,0.176,0.0,0.152
61,,0.2,0.6,0.8,0.648,0.4,-0.024,-0.2,-0.048
62,7,0.4,0.588,0.7,0.636,0.6,0.388,0.8,0.364
63,7,0.6,0.576,0.6,0.624,0.8,0.8,1.0,0.776
64,,0.4,0.376,0.4,0.424,0.6,0.6,0.8,0.576
65,,0.2,0.176,0.2,0.224,0.4,0.4,0.6,0.376
66,,0.0,-0.024,0.0,0.024,0.2,0.2,0.4,0.176
67,2,0.412,0.976,0.412,0.224,0.188,0.1,0.388,0.376
68,2,0.824,1.0,0.824,0.424,0.176,0.0,0.376,0.576
69,,0.624,0.8,0.624,0.224,-0.024,-0.2,0.176,0.376
70,6,0.612,0.7,0.612,0.424,0.388,0.8,0.588,0.576
71,6,0.6,0.6,0.6,0.624,0.8,1.0,1.0,0.776
72,,0.4,0.4,0.4,0.424,0.6,0.8,0.8,0.576
73,,0.2,0.2,0.2,0.224,0.4,0.6,0.6,0.376
74,,0.0,0.0,0.0,0.024,0.2,0.4,0.4,0.176
75,,-0.2,-0.2,-0.2,-0.176,0.0,0.2,0.2,-0.024
76,1,0.8,0.212,0.0,-0.188,-0.1,0.188,0.4,0.388
77,1,1.0,0.624,0.2,-0.2,-0.2,0.176,0.6,0.8
78,5,0.9,0.612,0.4,0.212,0.8,0.588,0.8,0.788
79,5,0.8,0.6,0.6,0.624,1.0,1.0,1.0,0.776
80,,0.6,0.4,0.4,0.424,0.8,0.8,0.8,0.576
81,,0.4,0.2,0.2,0.224,0.6,0.6,0.6,0.376
82,,0.2,0.0,0.0,0.024,0.4,0.4,0.4,0.176
83,,0.0,-0.2,-0.2,-0.176,0.2,0.2,0.2,-0.024
84,2,0.412,0.8,0.212,0.024,0.188,0.1,0.188,0.176
85,2,0.824,1.0,0.624,0.224,0.176,0.0,0.176,0.376
86,,0.624,0.8,0.424,0.024,-0.024,-0.2,-0.024,0.176
87,6,0.612,0.7,0.412,0.224,0.388,0.8,0.388,0.376
88,6,0.6,0.6,0.4,0.424,0.8,1.0,0.8,0.576
89,,0.4,0.4,0.2,0.224,0.6,0.8,0.6,0.376
90,,0.2,0.2,0.0,0.024,0.4,0.6,0.4,0.176
91,,0.0,0.0,-0.2,-0.176,0.2,0.4,0.2,-0.024
92,3,0.2,0.412,0.8,0.236,0.4,0.388,0.1,-0.036
93,3,0.4,0.824,1.0,0.648,0.6,0.376,0.0,-0.048
94,8,0.812,1.0,0.988,0.548,0.588,0.576,0.412,0.952
95,8,1.0,1.0,0.976,0.448,0.576,0.776,0.824,1.0
96,,0.8,0.8,0.776,0.248,0.376,0.576,0.624,0.8
97,,0.6,0.6,0.576,0.048,0.176,0.376,0.424,0.6
98,,0.4,0.4,0.376,-0.152,-0.024,0.176,0.224,0.4
99,4,0.388,0.6,0.788,0.848,0.388,0.376,0.212,0.3
100,4,0.376,0.8,1.0,1.0,0.8,0.576,0.2,0.2
101,,0.176,0.6,0.8,0.8,0.6,0.376,0.0,0.0
102,,-0.024,0.4,0.6,0.6,0.4,0.176,-0.2,-0.2
103,8,0.388,0.6,0.588,0.5,0.388,0.376,0.212,0.8
104,8,0.8,0.8,0.576,0.4,0.376,0.576,0.624,1.0
105,,0.6,0.6,0.376,0.2,0.176,0.376,0.424,0.8
106,,0.4,0.4,0.176,0.0,-0.024,0.176,0.224,0.6
107,5,0.3,0.388,0.376,0.412,0.976,0.588,0.424,0.588
108,5,0.2,0.376,0.576,0.824,1.0,1.0,0.624,0.576
109,,0.0,0.176,0.376,0.624,0.8,0.8,0.424,0.376
110,,-0.2,-0.024,0.176,0.424,0.6,0.6,0.224,0.176
111,1,0.8,0.388,0.376,0.412,0.5,0.588,0.424,0.588
112,1,1.0,0.8,0.576,0.4,0.4,0.576,0.624,1.0
113,,0.8,0.6,0.376,0.2,0.2,0.376,0.424,0.8
114,,0.6,0.4,0.176,0.0,0.0,0.176,0.224,0.6
115,,0.4,0.2,-0.024,-0.2,-0.2,-0.024,0.024,0.4
116,5,0.3,0.188,0.176,0.212,0.8,0.388,0.224,0.388
117,5,0.2,0.176,0.376,0.624,1.0,0.8,0.424,0.376
118,,0.0,-0.024,0.176,0.424,0.8,0.6,0.224,0.176
119,2,0.412,0.976,0.588,0.624,0.788,0.5,0.212,0.376
120,2,0.824,1.0,1.0,0.824,0.776,0.4,0.2,0.576
121,,0.624,0.8,0.8,0.624,0.576,0.2,0.0,0.376
122,,0.424,0.6,0.6,0.424,0.376,0.0,-0.2,0.176
123,7,0.624,0.588,0.5,0.412,0.576,0.412,0.8,0.588
124,7,0.824,0.576,0.4,0.4,0.776,0.824,1.0,1.0
125,,0.624,0.376,0.2,0.2,0.576,0.624,0.8,0.8
126,,0.424,0.176,0.0,0.0,0.376,0.424,0.6,0.6
127,,0.224,-0.024,-0.2,-0.2,0.176,0.224,0.4,0.4
128,3,0.424,0.388,0.8,0.212,0.376,0.212,0.3,0.388
129,3,0.624,0.8,1.0,0.624,0.576,0.2,0.2,0.376
130,,0.424,0.6,0.8,0.424,0.376,0.0,0.0,0.176
131,,0.224,0.4,0.6,0.224,0.176,-0.2,-0.2,-0.024
132,7,0.424,0.388,0.5,0.212,0.376,0.212,0.8,0.388
133,7,0.624,0.376,0.4,0.2,0.576,0.624,1.0,0.8
134,,0.424,0.176,0.2,0.0,0.376,0.424,0.8,0.6
135,,0.224,-0.024,0.0,-0.2,0.176,0.224,0.6,0.4
136,4,0.212,0.176,0.412,0.8,0.588,0.424,0.588,0.3
137,4,0.2,0.376,0.824,1.0,1.0,0.624,0.576,0.2
138,,0.0,0.176,0.624,0.8,0.8,0.424,0.376,0.0
139,,-0.2,-0.024,0.424,0.6,0.6,0.224,0.176,-0.2
140,1,0.8,0.388,0.624,0.588,0.5,0.212,0.376,0.212
141,1,1.0,0.8,0.824,0.576,0.4,0.2,0.576,0.624
142,,0.8,0.6,0.624,0.376,0.2,0.0,0.376,0.424
143,,0.6,0.4,0.424,0.176,0.0,-0.2,0.176,0.224
144,6,0.588,0.3,0.412,0.376,0.412,0.8,0.588,0.424
145,6,0.576,0.2,0.4,0.576,0.824,1.0,1.0,0.624
146,,0.376,0.0,0.2,0.376,0.624,0.8,0.8,0.424
147,,0.176,-0.2,0.0,0.176,0.424,0.6,0.6,0.224
148,2,0.588,0.8,0.412,0.376,0.412,0.5,0.588,0.424
149,2,1.0,1.0,0.824,0.576,0.4,0.4,0.576,0.624
150,,0.8,0.8,0.624,0.376,0.2,0.2,0.376,0.424
151,,0.6,0.6,0.424,0.176,0.0,0.0,0.176,0.224
152,,0.4,0.4,0.224,-0.024,-0.2,-0.2,-0.024,0.024
153,6,0.388,0.3,0.212,0.176,0.212,0.8,0.388,0.224
154,6,0.376,0.2,0.2,0.376,0.624,1.0,0.8,0.424
155,,0.176,0.0,0.0,0.176,0.424,0.8,0.6,0.224
156,,-0.024,-0.2,-0.2,-0.024,0.224,0.6,0.4,0.024
157,2,0.388,0.8,0.212,0.176,0.212,0.5,0.388,0.224
158,2,0.8,1.0,0.624,0.376,0.2,0.4,0.376,0.424
159,,0.6,0.8,0.424,0.176,0.0,0.2,0.176,0.224
160,,0.4,0.6,0.224,-0.024,-0.2,0.0,-0.024,0.024
161,5,0.3,0.588,0.424,0.388,0.8,0.412,0.176,0.012
162,5,0.2,0.576,0.624,0.8,1.0,0.824,0.376,0.0
163,,0.0,0.376,0.424,0.6,0.8,0.624,0.176,-0.2
164,8,0.412,0.576,0.412,0.5,0.788,0.824,0.588,0.8
165,8,0.824,0.776,0.4,0.4,0.776,1.0,1.0,1.0
166,,0.624,0.576,0.2,0.2,0.576,0.8,0.8,0.8
167,,0.424,0.376,0.0,0.0,0.376,0.6,0.6,0.6
168,,0.224,0.176,-0.2,-0.2,0.176,0.4,0.4,0.4
169,3,0.424,0.588,0.8,0.212,0.376,0.388,0.3,0.388
170,3,0.624,1.0,1.0,0.624,0.576,0.376,0.2,0.376
171,,0.424,0.8,0.8,0.424,0.376,0.176,0.0,0.176
172,,0.224,0.6,0.6,0.224,0.176,-0.024,-0.2,-0.024
173,7,0.424,0.588,0.5,0.212,0.376,0.388,0.8,0.388
174,7,0.624,0.576,0.4,0.2,0.576,0.8,1.0,0.8
175,,0.424,0.376,0.2,0.0,0.376,0.6,0.8,0.6
176,,0.224,0.176,0.0,-0.2,0.176,0.4,0.6,0.4
177,4,0.212,0.376,0.412,0.8,0.588,0.6,0.588,0.3
178,4,0.2,0.576,0.824,1.0,1.0,0.8,0.576,0.2
179,,0.0,0.376,0.624,0.8,0.8,0.6,0.376,0.0
180,,-0.2,0.176,0.424,0.6,0.6,0.4,0.176,-0.2
181,8,0.212,0.376,0.412,0.5,0.588,0.6,0.588,0.8
182,8,0.624,0.576,0.4,0.4,0.576,0.8,1.0,1.0
183,,0.424,0.376,0.2,0.2,0.376,0.6,0.8,0.8
184,,0.224,0.176,0.0,0.0,0.176,0.4,0.6,0.6
185,,0.024,-0.024,-0.2,-0.2,-0.024,0.2,0.4,0.4
186,3,0.224,0.388,0.8,0.212,0.176,0.188,0.3,0.388
187,3,0.424,0.8,1.0,0.624,0.376,0.176,0.2,0.376
188,,0.224,0.6,0.8,0.424,0.176,-0.024,0.0,0.176
189,6,0.212,0.5,0.788,0.624,0.588,0.976,0.412,0.376
190,6,0.2,0.4,0.776,0.824,1.0,1.0,0.824,0.576
191,,0.0,0.2,0.576,0.624,0.8,0.8,0.624,0.376
192,,-0.2,0.0,0.376,0.424,0.6,0.6,0.424,0.176
193,1,0.8,0.412,0.576,0.412,0.5,0.588,0.624,0.588
194,1,1.0,0.824,0.776,0.4,0.4,0.576,0.824,1.0
195,,0.8,0.624,0.576,0.2,0.2,0.376,0.624,0.8
196,,0.6,0.424,0.376,0.0,0.0,0.176,0.424,0.6
197,,0.4,0.224,0.176,-0.2,-0.2,-0.024,0.224,0.4
198,4,0.388,0.424,0.588,0.8,0.212,0.176,0.212,0.3
199,4,0.376,0.624,1.0,1.0,0.624,0.376,0.2,0.2
200,,0.176,0.424,0.8,0.8,0.424,0.176,0.0,0.0
201,,-0.024,0.224,0.6,0.6,0.224,-0.024,-0.2,-0.2
202,8,0.388,0.424,0.588,0.5,0.212,0.176,0.212,0.8
203,8,0.8,0.624,0.576,0.4,0.2,0.376,0.624,1.0
204,,0.6,0.424,0.376,0.2,0.0,0.176,0.424,0.8
205,,0.4,0.224,0.176,0.0,-0.2,-0.024,0.224,0.6
206,5,0.3,0.212,0.376,0.412,0.8,0.388,0.424,0.588
207,5,0.2,0.2,0.576,0.824,1.0,0.8,0.624,0.576
208,,0.0,0.0,0.376,0.624,0.8,0.6,0.424,0.376
209,,-0.2,-0.2,0.176,0.424,0.6,0.4,0.224,0.176
210,1,0.8,0.212,0.376,0.412,0.5,0.388,0.424,0.588
211,1,1.0,0.624,0.576,0.4,0.4,0.376,0.624,1.0
212,,0.8,0.424,0.376,0.2,0.2,0.176,0.424,0.8
213,,0.6,0.224,0.176,0.0,0.0,-0.024,0.224,0.6
214,6,0.588,0.124,0.164,0.2,0.412,0.976,0.636,0.8
215,6,0.576,0.024,0.152,0.4,0.824,1.0,1.0,1.0
216,,0.376,-0.176,-0.048,0.2,0.624,0.8,0.8,0.8
217,2,0.788,0.824,0.364,0.4,0.612,0.7,0.788,1.0
218,2,1.0,1.0,0.776,0.6,0.6,0.6,0.776,1.0
219,,0.8,0.8,0.576,0.4,0.4,0.4,0.576,0.8
220,,0.6,0.6,0.376,0.2,0.2,0.2,0.376,0.6
221,,0.4,0.4,0.176,0.0,0.0,0.0,0.176,0.4
222,,0.2,0.2,-0.024,-0.2,-0.2,-0.2,-0.024,0.2
223,6,0.188,0.1,-0.036,0.0,0.212,0.8,0.388,0.4
224,6,0.176,0.0,-0.048,0.2,0.624,1.0,0.8,0.6
225,3,0.376,0.412,0.952,0.612,0.824,0.988,0.7,0.588
226,3,0.576,0.824,1.0,1.0,1.0,0.976,0.6,0.576
227,,0.376,0.624,0.8,0.8,0.8,0.776,0.4,0.376
228,,0.176,0.424,0.6,0.6,0.6,0.576,0.2,0.176
229,,-0.024,0.224,0.4,0.4,0.4,0.376,0.0,-0.024
230,8,0.388,0.424,0.388,0.3,0.388,0.576,0.412,0.976
231,8,0.8,0.624,0.376,0.2,0.376,0.776,0.824,1.0
232,,0.6,0.424,0.176,0.0,0.176,0.576,0.624,0.8
233,,0.4,0.224,-0.024,-0.2,-0.024,0.376,0.424,0.6
234,4,0.388,0.424,0.388,0.8,0.388,0.576,0.412,0.5
235,4,0.376,0.624,0.8,1.0,0.8,0.776,0.4,0.4
236,,0.176,0.424,0.6,0.8,0.6,0.576,0.2,0.2
237,,-0.024,0.224,0.4,0.6,0.4,0.376,0.0,0.0
238,1,0.976,0.636,0.6,0.588,0.3,0.364,0.2,0.412
239,1,1.0,1.0,0.8,0.576,0.2,0.352,0.4,0.824
240,,0.8,0.8,0.6,0.376,0.0,0.152,0.2,0.624
241,,0.6,0.6,0.4,0.176,-0.2,-0.048,0.0,0.424
242,5,0.5,0.588,0.6,0.588,0.8,0.364,0.2,0.412
243,5,0.4,0.576,0.8,1.0,1.0,0.776,0.4,0.4
244,,0.2,0.376,0.6,0.8,0.8,0.576,0.2,0.2
245,,0.0,0.176,0.4,0.6,0.6,0.376,0.0,0.0
246,,-0.2,-0.024,0.2,0.4,0.4,0.176,-0.2,-0.2
247,1,0.8,0.388,0.4,0.388,0.3,0.164,0.0,0.212
248,1,1.0,0.8,0.6,0.376,0.2,0.152,0.2,0.624
249,,0.8,0.6,0.4,0.176,0.0,-0.048,0.0,0.424
250,6,0.788,0.5,0.388,0.376,0.412,0.952,0.412,0.624
251,6,0.776,0.4,0.376,0.576,0.824,1.0,0.824,0.824
252,,0.576,0.2,0.176,0.376,0.624,0.8,0.624,0.624
253,,0.376,0.0,-0.024,0.176,0.424,0.6,0.424,0.424
254,3,0.576,0.412,0.976,0.588,0.624,0.588,0.324,0.412
255,3,0.776,0.824,1.0,1.0,0.824,0.576,0.224,0.4
256,,0.576,0.624,0.8,0.8,0.624,0.376,0.024,0.2
257,,0.376,0.424,0.6,0.6,0.424,0.176,-0.176,0.0
258,7,0.576,0.412,0.5,0.588,0.624,0.588,0.824,0.412
259,7,0.776,0.4,0.4,0.576,0.824,1.0,1.0,0.824
260,,0.576,0.2,0.2,0.376,0.624,0.8,0.8,0.624
261,,0.376,0.0,0.0,0.176,0.424,0.6,0.6,0.424
262,,0.176,-0.2,-0.2,-0.024,0.224,0.4,0.4,0.224
263,2,0.588,0.8,0.212,0.176,0.212,0.3,0.388,0.424
264,2,1.0,1.0,0.624,0.376,0.2,0.2,0.376,0.624
265,,0.8,0.8,0.424,0.176,0.0,0.0,0.176,0.424
266,,0.6,0.6,0.224,-0.024,-0.2,-0.2,-0.024,0.224
267,6,0.588,0.5,0.212,0.176,0.212,0.8,0.388,0.424
268,6,0.576,0.4,0.2,0.376,0.624,1.0,0.8,0.624
269,,0.376,0.2,0.0,0.176,0.424,0.8,0.6,0.424
270,,0.176,0.0,-0.2,-0.024,0.224,0.6,0.4,0.224
271,3,0.376,0.412,0.8,0.388,0.424,0.588,0.3,0.212
272,3,0.576,0.824,1.0,0.8,0.624,0.576,0.2,0.2
273,,0.376,0.624,0.8,0.6,0.424,0.376,0.0,0.0
274,,0.176,0.424,0.6,0.4,0.224,0.176,-0.2,-0.2
275,8,0.588,0.624,0.588,0.3,0.212,0.376,0.212,0.8
276,8,1.0,0.824,0.576,0.2,0.2,0.576,0.624,1.0
277,,0.8,0.624,0.376,0.0,0.0,0.376,0.424,0.8
278,,0.6,0.424,0.176,-0.2,-0.2,0.176,0.224,0.6
279,4,0.588,0.624,0.588,0.8,0.212,0.376,0.212,0.5
280,4,0.576,0.824,1.0,1.0,0.624,0.576,0.2,0.4
281,,0.376,0.624,0.8,0.8,0.424,0.376,0.0,0.2
282,,0.176,0.424,0.6,0.6,0.224,0.176,-0.2,0.0
283,7,0.376,0.412,0.5,0.588,0.424,0.588,0.8,0.412
284,7,0.576,0.4,0.4,0.576,0.624,1.0,1.0,0.824
285,,0.376,0.2,0.2,0.376,0.424,0.8,0.8,0.624
286,,0.176,0.0,0.0,0.176,0.224,0.6,0.6,0.424
287,,-0.024,-0.2,-0.2,-0.024,0.024,0.4,0.4,0.224
288,3,0.176,0.212,0.8,0.388,0.224,0.388,0.3,0.212
289,3,0.376,0.624,1.0,0.8,0.424,0.376,0.2,0.2
290,,0.176,0.424,0.8,0.6,0.224,0.176,0.0,0.0
291,,-0.024,0.224,0.6,0.4,0.024,-0.024,-0.2,-0.2
292,7,0.176,0.212,0.5,0.388,0.224,0.388,0.8,0.212
293,7,0.376,0.2,0.4,0.376,0.424,0.8,1.0,0.624
294,,0.176,0.0,0.2,0.176,0.224,0.6,0.8,0.424
295,,-0.024,-0.2,0.0,-0.024,0.024,0.4,0.6,0.224
296,2,0.388,0.8,0.412,0.176,0.012,0.3,0.588,0.424
297,2,0.8,1.0,0.824,0.376,0.0,0.2,0.576,0.624
298,,0.6,0.8,0.624,0.176,-0.2,0.0,0.376,0.424
299,5,0.5,0.788,0.824,0.588,0.8,0.412,0.576,0.412
300,5,0.4,0.776,1.0,1.0,1.0,0.824,0.776,0.4
301,,0.2,0.576,0.8,0.8,0.8,0.624,0.576,0.2
302,,0.0,0.376,0.6,0.6,0.6,0.424,0.376,0.0
303,,-0.2,0.176,0.4,0.4,0.4,0.224,0.176,-0.2
304,1,0.8,0.588,0.6,0.388,0.3,0.212,0.376,0.212
305,1,1.0,1.0,0.8,0.376,0.2,0.2,0.576,0.624
306,,0.8,0.8,0.6,0.176,0.0,0.0,0.376,0.424
307,,0.6,0.6,0.4,-0.024,-0.2,-0.2,0.176,0.224
308,5,0.5,0.588,0.6,0.388,0.8,0.212,0.376,0.212
309,5,0.4,0.576,0.8,0.8,1.0,0.624,0.576,0.2
310,,0.2,0.376,0.6,0.6,0.8,0.424,0.376,0.0
311,,0.0,0.176,0.4,0.4,0.6,0.224,0.176,-0.2
312,8,0.412,0.376,0.388,0.3,0.588,0.424,0.588,0.8
313,8,0.824,0.576,0.376,0.2,0.576,0.624,1.0,1.0
314,,0.624,0.376,0.176,0.0,0.376,0.424,0.8,0.8
315,,0.424,0.176,-0.024,-0.2,0.176,0.224,0.6,0.6
316,4,0.412,0.376,0.388,0.8,0.588,0.424,0.588,0.5
317,4,0.4,0.576,0.8,1.0,1.0,0.624,0.576,0.4
318,,0.2,0.376,0.6,0.8,0.8,0.424,0.376,0.2
319,,0.0,0.176,0.4,0.6,0.6,0.224,0.176,0.0
320,,-0.2,-0.024,0.2,0.4,0.4,0.024,-0.024,-0.2
321,1,0.8,0.388,0.4,0.388,0.3,0.012,0.176,0.212
322,1,1.0,0.8,0.6,0.376,0.2,0.0,0.376,0.624
323,,0.8,0.6,0.4,0.176,0.0,-0.2,0.176,0.424
324,6,0.788,0.5,0.388,0.376,0.412,0.8,0.588,0.624
325,6,0.776,0.4,0.376,0.576,0.824,1.0,1.0,0.824
326,,0.576,0.2,0.176,0.376,0.624,0.8,0.8,0.624
327,,0.376,0.0,-0.024,0.176,0.424,0.6,0.6,0.424
328,3,0.576,0.412,0.976,0.588,0.624,0.588,0.5,0.412
329,3,0.776,0.824,1.0,1.0,0.824,0.576,0.4,0.4
330,,0.576,0.624,0.8,0.8,0.624,0.376,0.2,0.2
331,,0.376,0.424,0.6,0.6,0.424,0.176,0.0,0.0
332,,0.176,0.224,0.4,0.4,0.224,-0.024,-0.2,-0.2
333,7,0.376,0.212,0.3,0.388,0.424,0.388,0.8,0.212
334,7,0.576,0.2,0.2,0.376,0.624,0.8,1.0,0.624
335,,0.376,0.0,0.0,0.176,0.424,0.6,0.8,0.424
336,,0.176,-0.2,-0.2,-0.024,0.224,0.4,0.6,0.224
337,3,0.376,0.212,0.8,0.388,0.424,0.388,0.5,0.212
338,3,0.576,0.624,1.0,0.8,0.624,0.376,0.4,0.2
339,,0.376,0.424,0.8,0.6,0.424,0.176,0.2,0.0
340,,0.176,0.224,0.6,0.4,0.224,-0.024,0.0,-0.2
341,8,0.588,0.424,0.588,0.3,0.212,0.176,0.412,0.8
342,8,1.0,0.624,0.576,0.2,0.2,0.376,0.824,1.0
343,,0.8,0.424,0.376,0.0,0.0,0.176,0.624,0.8
344,,0.6,0.224,0.176,-0.2,-0.2,-0.024,0.424,0.6
345,5,0.5,0.212,0.376,0.212,0.8,0.388,0.624,0.588
346,5,0.4,0.2,0.576,0.624,1.0,0.8,0.824,0.576
347,,0.2,0.0,0.376,0.424,0.8,0.6,0.624,0.376
348,,0.0,-0.2,0.176,0.224,0.6,0.4,0.424,0.176
349,2,0.412,0.8,0.588,0.424,0.588,0.3,0.412,0.376
350,2,0.824,1.0,1.0,0.624,0.576,0.2,0.4,0.576
351,,0.624,0.8,0.8,0.424,0.376,0.0,0.2,0.376
352,,0.424,0.6,0.6,0.224,0.176,-0.2,0.0,0.176
353,6,0.412,0.5,0.588,0.424,0.588,0.8,0.412,0.376
354,6,0.4,0.4,0.576,0.624,1.0,1.0,0.824,0.576
355,,0.2,0.2,0.376,0.424,0.8,0.8,0.624,0.376
356,,0.0,0.0,0.176,0.224,0.6,0.6,0.424,0.176
357,,-0.2,-0.2,-0.024,0.024,0.4,0.4,0.224,-0.024
358,2,0.212,0.8,0.388,0.224,0.388,0.3,0.212,0.176
359,2,0.624,1.0,0.8,0.424,0.376,0.2,0.2,0.376
360,,0.424,0.8,0.6,0.224,0.176,0.0,0.0,0.176
361,,0.224,0.6,0.4,0.024,-0.024,-0.2,-0.2,-0.024
362,7,0.424,0.588,0.3,0.012,0.176,0.212,0.8,0.388
363,7,0.624,0.576,0.2,0.0,0.376,0.624,1.0,0.8
364,,0.424,0.376,0.0,-0.2,0.176,0.424,0.8,0.6
365,4,0.412,0.576,0.412,0.8,0.588,0.624,0.788,0.5
366,4,0.4,0.776,0.824,1.0,1.0,0.824,0.776,0.4
367,,0.2,0.576,0.624,0.8,0.8,0.624,0.576,0.2
368,,0.0,0.376,0.424,0.6,0.6,0.424,0.376,0.0
369,,-0.2,0.176,0.224,0.4,0.4,0.224,0.176,-0.2
370,1,0.8,0.588,0.424,0.388,0.3,0.212,0.376,0.212
371,1,1.0,1.0,0.624,0.376,0.2,0.2,0.576,0.624
372,,0.8,0.8,0.424,0.176,0.0,0.0,0.376,0.424
373,,0.6,0.6,0.224,-0.024,-0.2,-0.2,0.176,0.224
374,5,0.5,0.588,0.424,0.388,0.8,0.212,0.376,0.212
375,5,0.4,0.576,0.624,0.8,1.0,0.624,0.576,0.2
376,,0.2,0.376,0.424,0.6,0.8,0.424,0.376,0.0
377,,0.0,0.176,0.224,0.4,0.6,0.224,0.176,-0.2
378,8,0.412,0.376,0.212,0.3,0.588,0.424,0.588,0.8
379,8,0.824,0.576,0.2,0.2,0.576,0.624,1.0,1.0
380,,0.624,0.376,0.0,0.0,0.376,0.424,0.8,0.8
381,,0.424,0.176,-0.2,-0.2,0.176,0.224,0.6,0.6
382,3,0.624,0.588,0.8,0.212,0.376,0.212,0.5,0.588
383,3,0.824,1.0,1.0,0.624,0.576,0.2,0.4,0.576
384,,0.624,0.8,0.8,0.424,0.376,0.0,0.2,0.376
385,,0.424,0.6,0.6,0.224,0.176,-0.2,0.0,0.176
386,6,0.412,0.5,0.588,0.424,0.588,0.8,0.412,0.376
387,6,0.4,0.4,0.576,0.624,1.0,1.0,0.824,0.576
388,,0.2,0.2,0.376,0.424,0.8,0.8,0.624,0.376
389,,0.0,0.0,0.176,0.224,0.6,0.6,0.424,0.176
390,,-0.2,-0.2,-0.024,0.024,0.4,0.4,0.224,-0.024
391,1,0.8,0.212,0.176,0.012,0.3,0.388,0.424,0.388
392,1,1.0,0.624,0.376,0.0,0.2,0.376,0.624,0.8
393,,0.8,0.424,0.176,-0.2,0.0,0.176,0.424,0.6
394,4,0.788,0.624,0.588,0.8,0.412,0.376,0.412,0.5
395,4,0.776,0.824,1.0,1.0,0.824,0.576,0.4,0.4
396,,0.576,0.624,0.8,0.8,0.624,0.376,0.2,0.2
397,,0.376,0.424,0.6,0.6,0.424,0.176,0.0,0.0
398,,0.176,0.224,0.4,0.4,0.224,-0.024,-0.2,-0.2
399,8,0.588,0.424,0.388,0.3,0.212,0.176,0.212,0.8
400,8,1.0,0.624,0.376,0.2,0.2,0.376,0.624,1.0
401,,0.8,0.424,0.176,0.0,0.0,0.176,0.424,0.8
402,,0.6,0.224,-0.024,-0.2,-0.2,-0.024,0.224,0.6
403,4,0.588,0.424,0.388,0.8,0.212,0.176,0.212,0.5
404,4,0.576,0.624,0.8,1.0,0.624,0.376,0.2,0.4
405,,0.376,0.424,0.6,0.8,0.424,0.176,0.0,0.2
406,,0.176,0.224,0.4,0.6,0.224,-0.024,-0.2,0.0
407,7,0.376,0.212,0.3,0.588,0.424,0.388,0.8,0.412
408,7,0.576,0.2,0.2,0.576,0.624,0.8,1.0,0.824
409,,0.376,0.0,0.0,0.376,0.424,0.6,0.8,0.624
410,,0.176,-0.2,-0.2,0.176,0.224,0.4,0.6,0.424
411,2,0.588,0.8,0.212,0.376,0.212,0.3,0.588,0.624
412,2,1.0,1.0,0.624,0.576,0.2,0.2,0.576,0.824
413,,0.8,0.8,0.424,0.376,0.0,0.0,0.376,0.624
414,,0.6,0.6,0.224,0.176,-0.2,-0.2,0.176,0.424
415,6,0.588,0.5,0.212,0.376,0.212,0.8,0.588,0.624
416,6,0.576,0.4,0.2,0.576,0.624,1.0,1.0,0.824
417,,0.376,0.2,0.0,0.376,0.424,0.8,0.8,0.624
418,,0.176,0.0,-0.2,0.176,0.224,0.6,0.6,0.424
419,3,0.376,0.412,0.8,0.588,0.424,0.588,0.5,0.412
420,3,0.576,0.824,1.0,1.0,0.624,0.576,0.4,0.4
421,,0.376,0.624,0.8,0.8,0.424,0.376,0.2,0.2
422,,0.176,0.424,0.6,0.6,0.224,0.176,0.0,0.0
423,,-0.024,0.224,0.4,0.4,0.024,-0.024,-0.2,-0.2
424,8,0.388,0.424,0.388,0.3,0.012,0.176,0.212,0.8
425,8,0.8,0.624,0.376,0.2,0.0,0.376,0.624,1.0
426,,0.6,0.424,0.176,0.0,-0.2,0.176,0.424,0.8
427,5,0.5,0.412,0.376,0.412,0.8,0.588,0.624,0.788
428,5,0.4,0.4,0.576,0.824,1.0,1.0,0.824,0.776
429,,0.2,0.2,0.376,0.624,0.8,0.8,0.624,0.576
430,,0.0,0.0,0.176,0.424,0.6,0.6,0.424,0.376
431,,-0.2,-0.2,-0.024,0.224,0.4,0.4,0.224,0.176
432,2,0.212,0.8,0.388,0.424,0.388,0.3,0.212,0.376
433,2,0.624,1.0,0.8,0.624,0.376,0.2,0.2,0.576
434,,0.424,0.8,0.6,0.424,0.176,0.0,0.0,0.376
435,,0.224,0.6,0.4,0.224,-0.024,-0.2,-0.2,0.176
436,7,0.424,0.588,0.3,0.212,0.176,0.212,0.8,0.588
437,7,0.624,0.576,0.2,0.2,0.376,0.624,1.0,1.0
438,,0.424,0.376,0.0,0.0,0.176,0.424,0.8,0.8
439,,0.224,0.176,-0.2,-0.2,-0.024,0.224,0.6,0.6
440,3,0.424,0.588,0.8,0.212,0.176,0.212,0.5,0.588
441,3,0.624,1.0,1.0,0.624,0.376,0.2,0.4,0.576
442,,0.424,0.8,0.8,0.424,0.176,0.0,0.2,0.376
443,,0.224,0.6,0.6,0.224,-0.024,-0.2,0.0,0.176
444,6,0.212,0.5,0.588,0.424,0.388,0.8,0.412,0.376
445,6,0.2,0.4,0.576,0.624,0.8,1.0,0.824,0.576
446,,0.0,0.2,0.376,0.424,0.6,0.8,0.624,0.376
447,,-0.2,0.0,0.176,0.224,0.4,0.6,0.424,0.176
448,1,0.8,0.412,0.376,0.212,0.3,0.588,0.624,0.588
449,1,1.0,0.824,0.576,0.2,0.2,0.576,0.824,1.0
450,,0.8,0.624,0.376,0.0,0.0,0.376,0.624,0.8
451,,0.6,0.424,0.176,-0.2,-0.2,0.176,0.424,0.6
452,4,0.588,0.624,0.588,0.8,0.212,0.376,0.412,0.5
453,4,0.576,0.824,1.0,1.0,0.624,0.576,0.4,0.4
454,,0.376,0.624,0.8,0.8,0.424,0.376,0.2,0.2
455,,0.176,0.424,0.6,0.6,0.224,0.176,0.0,0.0
456,,-0.024,0.224,0.4,0.4,0.024,-0.024,-0.2,-0.2
457,8,0.388,0.424,0.388,0.3,0.012,0.176,0.212,0.8
458,8,0.8,0.624,0.376,0.2,0.0,0.376,0.624,1.0
459,,0.6,0.424,0.176,0.0,-0.2,0.176,0.424,0.8
460,5,0.5,0.412,0.376,0.412,0.8,0.588,0.624,0.788
461,5,0.4,0.4,0.576,0.824,1.0,1.0,0.824,0.776
462,,0.2,0.2,0.376,0.624,0.8,0.8,0.624,0.576
463,,0.0,0.0,0.176,0.424,0.6,0.6,0.424,0.376
464,,-0.2,-0.2,-0.024,0.224,0.4,0.4,0.224,0.176
465,1,0.8,0.212,0.176,0.212,0.3,0.388,0.424,0.588
466,1,1.0,0.624,0.376,0.2,0.2,0.376,0.624,1.0
467,,0.8,0.424,0.176,0.0,0.0,0.176,0.424,0.8
468,,0.6,0.224,-0.024,-0.2,-0.2,-0.024,0.224,0.6
469,4,0.588,0.424,0.388,0.8,0.212,0.176,0.212,0.5
470,4,0.576,0.624,0.8,1.0,0.624,0.376,0.2,0.4
471,,0.376,0.424,0.6,0.8,0.424,0.176,0.0,0.2
472,,0.176,0.224,0.4,0.6,0.224,-0.024,-0.2,0.0
473,7,0.376,0.212,0.3,0.588,0.424,0.388,0.8,0.412
474,7,0.576,0.2,0.2,0.576,0.624,0.8,1.0,0.824
475,,0.376,0.0,0.0,0.376,0.424,0.6,0.8,0.624
476,,0.176,-0.2,-0.2,0.176,0.224,0.4,0.6,0.424
477,2,0.588,0.8,0.212,0.376,0.212,0.3,0.588,0.624
478,2,1.0,1.0,0.624,0.576,0.2,0.2,0.576,0.824
479,,0.8,0.8,0.424,0.376,0.0,0.0,0.376,0.624
480,,0.6,0.6,0.224,0.176,-0.2,-0.2,0.176,0.424
481,6,0.588,0.5,0.212,0.376,0.212,0.8,0.588,0.624
482,6,0.576,0.4,0.2,0.576,0.624,1.0,1.0,0.824
483,,0.376,0.2,0.0,0.376,0.424,0.8,0.8,0.624
484,,0.176,0.0,-0.2,0.176,0.224,0.6,0.6,0.424
485,3,0.376,0.412,0.8,0.588,0.424,0.588,0.5,0.412
486,3,0.576,0.824,1.0,1.0,0.624,0.576,0.4,0.4
487,,0.376,0.624,0.8,0.8,0.424,0.376,0.2,0.2
488,,0.176,0.424,0.6,0.6,0.224,0.176,0.0,0.0
489,,-0.024,0.224,0.4,0.4,0.024,-0.024,-0.2,-0.2
490,7,0.176,0.212,0.3,0.388,0.224,0.388,0.8,0.212
491,7,0.376,0.2,0.2,0.376,0.424,0.8,1.0,0.624
492,,0.176,0.0,0.0,0.176,0.224,0.6,0.8,0.424
493,,-0.024,-0.2,-0.2,-0.024,0.024,0.4,0.6,0.224
494,3,0.176,0.212,0.8,0.388,0.224,0.388,0.5,0.212
495,3,0.376,0.624,1.0,0.8,0.424,0.376,0.4,0.2
496,,0.176,0.424,0.8,0.6,0.224,0.176,0.2,0.0
497,,-0.024,0.224,0.6,0.4,0.024,-0.024,0.0,-0.2
498,8,0.388,0.424,0.588,0.3,0.012,0.176,0.412,0.8
499,8,0.8,0.624,0.576,0.2,0.0,0.376,0.824,1.0
