step,active_motive,motive_1,motive_2,motive_3,motive_4,motive_5,motive_6,motive_7,motive_8
0,,0.74996,0.20991,0.89805,0.20514,0.19069,0.03655,0.47207,0.56484
1,,0.54996,0.00991,0.69805,0.00514,-0.00931,-0.16345,0.27207,0.36484
2,6,0.53796,-0.09009,0.68605,0.20514,0.40269,0.83655,0.68407,0.56484
3,6,0.52596,-0.19009,0.67405,0.40514,0.81469,1.0,1.0,0.76484
4,2,0.93796,0.80991,1.0,0.60514,0.80269,0.9,0.988,0.96484
5,2,1.0,1.0,1.0,0.80514,0.79069,0.8,0.976,1.0
6,,0.8,0.8,0.8,0.60514,0.59069,0.6,0.776,0.8
7,,0.6,0.6,0.6,0.40514,0.39069,0.4,0.576,0.6
8,,0.4,0.4,0.4,0.20514,0.19069,0.2,0.376,0.4
9,,0.2,0.2,0.2,0.00514,-0.00931,0.0,0.176,0.2
10,5,0.1,0.188,0.4,0.41714,0.99069,0.412,0.376,0.188
11,5,0.0,0.176,0.6,0.82914,1.0,0.824,0.576,0.176
12,,-0.2,-0.024,0.4,0.62914,0.8,0.624,0.376,-0.024
13,1,0.8,0.388,0.6,0.61714,0.7,0.612,0.576,0.388
14,1,1.0,0.8,0.8,0.60514,0.6,0.6,0.776,0.8
15,,0.8,0.6,0.6,0.40514,0.4,0.4,0.576,0.6
16,,0.6,0.4,0.4,0.20514,0.2,0.2,0.376,0.4
17,,0.4,0.2,0.2,0.00514,0.0,0.0,0.176,0.2
18,,0.2,0.0,0.0,-0.19486,-0.2,-0.2,-0.024,0.0
19,6,0.188,-0.1,-0.012,0.00514,0.212,0.8,0.388,0.2
20,6,0.176,-0.2,-0.024,0.20514,0.624,1.0,0.8,0.4
21,2,0.588,0.8,0.388,0.40514,0.612,0.9,0.788,0.6
22,2,1.0,1.0,0.8,0.60514,0.6,0.8,0.776,0.8
23,,0.8,0.8,0.6,0.40514,0.4,0.6,0.576,0.6
24,,0.6,0.6,0.4,0.20514,0.2,0.4,0.376,0.4
25,,0.4,0.4,0.2,0.00514,0.0,0.2,0.176,0.2
26,,0.2,0.2,0.0,-0.19486,-0.2,0.0,-0.024,0.0
27,5,0.1,0.188,0.2,0.21714,0.8,0.412,0.176,-0.012
28,5,0.0,0.176,0.4,0.62914,1.0,0.824,0.376,-0.024
29,8,0.412,0.376,0.388,0.52914,0.988,1.0,0.788,0.976
30,8,0.824,0.576,0.376,0.42914,0.976,1.0,1.0,1.0
31,,0.624,0.376,0.176,0.22914,0.776,0.8,0.8,0.8
32,,0.424,0.176,-0.024,0.02914,0.576,0.6,0.6,0.6
33,3,0.624,0.588,0.976,0.44114,0.776,0.588,0.5,0.588
34,3,0.824,1.0,1.0,0.85314,0.976,0.576,0.4,0.576
35,,0.624,0.8,0.8,0.65314,0.776,0.376,0.2,0.376
36,,0.424,0.6,0.6,0.45314,0.576,0.176,0.0,0.176
37,,0.224,0.4,0.4,0.25314,0.376,-0.024,-0.2,-0.024
38,7,0.424,0.388,0.3,0.24114,0.576,0.388,0.8,0.388
39,7,0.624,0.376,0.2,0.22914,0.776,0.8,1.0,0.8
40,,0.424,0.176,0.0,0.02914,0.576,0.6,0.8,0.6
41,,0.224,-0.024,-0.2,-0.17086,0.376,0.4,0.6,0.4
42,3,0.424,0.388,0.8,0.24114,0.576,0.388,0.5,0.388
43,3,0.624,0.8,1.0,0.65314,0.776,0.376,0.4,0.376
44,,0.424,0.6,0.8,0.45314,0.576,0.176,0.2,0.176
45,,0.224,0.4,0.6,0.25314,0.376,-0.024,0.0,-0.024
46,6,0.212,0.3,0.588,0.45314,0.788,0.976,0.412,0.176
47,6,0.2,0.2,0.576,0.65314,1.0,1.0,0.824,0.376
48,,0.0,0.0,0.376,0.45314,0.8,0.8,0.624,0.176
49,,-0.2,-0.2,0.176,0.25314,0.6,0.6,0.424,-0.024
50,2,0.212,0.8,0.588,0.45314,0.588,0.5,0.412,0.176
51,2,0.624,1.0,1.0,0.65314,0.576,0.4,0.4,0.376
52,,0.424,0.8,0.8,0.45314,0.376,0.2,0.2,0.176
53,,0.224,0.6,0.6,0.25314,0.176,0.0,0.0,-0.024
54,8,0.636,0.8,0.588,0.15314,0.164,0.2,0.412,0.976
55,8,1.0,1.0,0.576,0.05314,0.152,0.4,0.824,1.0
56,,0.8,0.8,0.376,-0.14686,-0.048,0.2,0.624,0.8
57,4,0.788,1.0,0.788,0.85314,0.364,0.4,0.612,0.7
58,4,0.776,1.0,1.0,1.0,0.776,0.6,0.6,0.6
59,,0.576,0.8,0.8,0.8,0.576,0.4,0.4,0.4
60,,0.376,0.6,0.6,0.6,0.376,0.2,0.2,0.2
61,,0.176,0.4,0.4,0.4,0.176,0.0,0.0,0.0
62,,-0.024,0.2,0.2,0.2,-0.024,-0.2,-0.2,-0.2
63,8,0.388,0.4,0.188,0.1,-0.036,0.0,0.212,0.8
64,8,0.8,0.6,0.176,0.0,-0.048,0.2,0.624,1.0
65,5,0.7,0.588,0.376,0.412,0.952,0.612,0.824,0.988
66,5,0.6,0.576,0.576,0.824,1.0,1.0,1.0,0.976
67,,0.4,0.376,0.376,0.624,0.8,0.8,0.8,0.776
68,,0.2,0.176,0.176,0.424,0.6,0.6,0.6,0.576
69,,0.0,-0.024,-0.024,0.224,0.4,0.4,0.4,0.376
70,2,0.412,0.976,0.388,0.424,0.388,0.3,0.388,0.576
71,2,0.824,1.0,0.8,0.624,0.376,0.2,0.376,0.776
72,,0.624,0.8,0.6,0.424,0.176,0.0,0.176,0.576
73,,0.424,0.6,0.4,0.224,-0.024,-0.2,-0.024,0.376
74,6,0.412,0.5,0.388,0.424,0.388,0.8,0.388,0.576
75,6,0.4,0.4,0.376,0.624,0.8,1.0,0.8,0.776
76,,0.2,0.2,0.176,0.424,0.6,0.8,0.6,0.576
77,,0.0,0.0,-0.024,0.224,0.4,0.6,0.4,0.376
78,3,0.2,0.412,0.976,0.636,0.6,0.588,0.3,0.364
79,3,0.4,0.824,1.0,1.0,0.8,0.576,0.2,0.352
80,,0.2,0.624,0.8,0.8,0.6,0.376,0.0,0.152
81,,0.0,0.424,0.6,0.6,0.4,0.176,-0.2,-0.048
82,7,0.2,0.412,0.5,0.588,0.6,0.588,0.8,0.364
83,7,0.4,0.4,0.4,0.576,0.8,1.0,1.0,0.776
84,,0.2,0.2,0.2,0.376,0.6,0.8,0.8,0.576
85,,0.0,0.0,0.0,0.176,0.4,0.6,0.6,0.376
86,,-0.2,-0.2,-0.2,-0.024,0.2,0.4,0.4,0.176
87,2,0.212,0.8,0.212,0.176,0.188,0.3,0.388,0.376
88,2,0.624,1.0,0.624,0.376,0.176,0.2,0.376,0.576
89,,0.424,0.8,0.424,0.176,-0.024,0.0,0.176,0.376
90,5,0.324,0.788,0.624,0.588,0.976,0.412,0.376,0.364
91,5,0.224,0.776,0.824,1.0,1.0,0.824,0.576,0.352
92,,0.024,0.576,0.624,0.8,0.8,0.624,0.376,0.152
93,,-0.176,0.376,0.424,0.6,0.6,0.424,0.176,-0.048
94,1,0.824,0.788,0.624,0.588,0.5,0.412,0.376,0.364
95,1,1.0,1.0,0.824,0.576,0.4,0.4,0.576,0.776
96,,0.8,0.8,0.624,0.376,0.2,0.2,0.376,0.576
97,,0.6,0.6,0.424,0.176,0.0,0.0,0.176,0.376
98,,0.4,0.4,0.224,-0.024,-0.2,-0.2,-0.024,0.176
99,6,0.388,0.3,0.212,0.176,0.212,0.8,0.388,0.376
100,6,0.376,0.2,0.2,0.376,0.624,1.0,0.8,0.576
101,,0.176,0.0,0.0,0.176,0.424,0.8,0.6,0.376
102,,-0.024,-0.2,-0.2,-0.024,0.224,0.6,0.4,0.176
103,3,0.176,0.212,0.8,0.388,0.424,0.588,0.3,0.164
104,3,0.376,0.624,1.0,0.8,0.624,0.576,0.2,0.152
105,,0.176,0.424,0.8,0.6,0.424,0.376,0.0,-0.048
106,8,0.588,0.624,0.788,0.5,0.412,0.576,0.412,0.952
107,8,1.0,0.824,0.776,0.4,0.4,0.776,0.824,1.0
108,,0.8,0.624,0.576,0.2,0.2,0.576,0.624,0.8
109,,0.6,0.424,0.376,0.0,0.0,0.376,0.424,0.6
110,,0.4,0.224,0.176,-0.2,-0.2,0.176,0.224,0.4
111,5,0.3,0.212,0.376,0.212,0.8,0.588,0.424,0.388
112,5,0.2,0.2,0.576,0.624,1.0,1.0,0.624,0.376
113,,0.0,0.0,0.376,0.424,0.8,0.8,0.424,0.176
114,,-0.2,-0.2,0.176,0.224,0.6,0.6,0.224,-0.024
115,1,0.8,0.212,0.376,0.212,0.5,0.588,0.424,0.388
116,1,1.0,0.624,0.576,0.2,0.4,0.576,0.624,0.8
117,,0.8,0.424,0.376,0.0,0.2,0.376,0.424,0.6
118,,0.6,0.224,0.176,-0.2,0.0,0.176,0.224,0.4
119,4,0.588,0.424,0.588,0.8,0.412,0.376,0.212,0.3
120,4,0.576,0.624,1.0,1.0,0.824,0.576,0.2,0.2
121,,0.376,0.424,0.8,0.8,0.624,0.376,0.0,0.0
122,,0.176,0.224,0.6,0.6,0.424,0.176,-0.2,-0.2
123,8,0.588,0.424,0.588,0.5,0.412,0.376,0.212,0.8
124,8,1.0,0.624,0.576,0.4,0.4,0.576,0.624,1.0
125,,0.8,0.424,0.376,0.2,0.2,0.376,0.424,0.8
126,,0.6,0.224,0.176,0.0,0.0,0.176,0.224,0.6
127,,0.4,0.024,-0.024,-0.2,-0.2,-0.024,0.024,0.4
128,5,0.3,0.012,0.176,0.212,0.8,0.388,0.224,0.388
129,5,0.2,0.0,0.376,0.624,1.0,0.8,0.424,0.376
130,,0.0,-0.2,0.176,0.424,0.8,0.6,0.224,0.176
131,2,0.412,0.8,0.588,0.624,0.788,0.5,0.212,0.376
132,2,0.824,1.0,1.0,0.824,0.776,0.4,0.2,0.576
133,,0.624,0.8,0.8,0.624,0.576,0.2,0.0,0.376
134,,0.424,0.6,0.6,0.424,0.376,0.0,-0.2,0.176
135,7,0.624,0.588,0.5,0.412,0.576,0.412,0.8,0.588
136,7,0.824,0.576,0.4,0.4,0.776,0.824,1.0,1.0
137,,0.624,0.376,0.2,0.2,0.576,0.624,0.8,0.8
138,,0.424,0.176,0.0,0.0,0.376,0.424,0.6,0.6
139,,0.224,-0.024,-0.2,-0.2,0.176,0.224,0.4,0.4
140,4,0.212,0.176,0.212,0.8,0.588,0.424,0.388,0.3
141,4,0.2,0.376,0.624,1.0,1.0,0.624,0.376,0.2
142,,0.0,0.176,0.424,0.8,0.8,0.424,0.176,0.0
143,,-0.2,-0.024,0.224,0.6,0.6,0.224,-0.024,-0.2
144,1,0.8,0.388,0.424,0.588,0.5,0.212,0.176,0.212
145,1,1.0,0.8,0.624,0.576,0.4,0.2,0.376,0.624
146,,0.8,0.6,0.424,0.376,0.2,0.0,0.176,0.424
147,,0.6,0.4,0.224,0.176,0.0,-0.2,-0.024,0.224
148,6,0.588,0.3,0.212,0.376,0.412,0.8,0.388,0.424
149,6,0.576,0.2,0.2,0.576,0.824,1.0,0.8,0.624
150,,0.376,0.0,0.0,0.376,0.624,0.8,0.6,0.424
151,,0.176,-0.2,-0.2,0.176,0.424,0.6,0.4,0.224
152,2,0.588,0.8,0.212,0.376,0.412,0.5,0.388,0.424
153,2,1.0,1.0,0.624,0.576,0.4,0.4,0.376,0.624
154,,0.8,0.8,0.424,0.376,0.2,0.2,0.176,0.424
155,,0.6,0.6,0.224,0.176,0.0,0.0,-0.024,0.224
156,7,0.8,0.588,0.124,0.164,0.2,0.412,0.976,0.636
157,7,1.0,0.576,0.024,0.152,0.4,0.824,1.0,1.0
158,,0.8,0.376,-0.176,-0.048,0.2,0.624,0.8,0.8
159,3,1.0,0.788,0.824,0.364,0.4,0.612,0.7,0.788
160,3,1.0,1.0,1.0,0.776,0.6,0.6,0.6,0.776
161,,0.8,0.8,0.8,0.576,0.4,0.4,0.4,0.576
162,,0.6,0.6,0.6,0.376,0.2,0.2,0.2,0.376
163,,0.4,0.4,0.4,0.176,0.0,0.0,0.0,0.176
164,,0.2,0.2,0.2,-0.024,-0.2,-0.2,-0.2,-0.024
165,5,0.1,0.188,0.4,0.388,0.8,0.212,0.0,-0.036
166,5,0.0,0.176,0.6,0.8,1.0,0.624,0.2,-0.048
167,8,0.412,0.376,0.588,0.7,0.988,0.824,0.612,0.952
168,8,0.824,0.576,0.576,0.6,0.976,1.0,1.0,1.0
169,,0.624,0.376,0.376,0.4,0.776,0.8,0.8,0.8
170,,0.424,0.176,0.176,0.2,0.576,0.6,0.6,0.6
171,,0.224,-0.024,-0.024,0.0,0.376,0.4,0.4,0.4
172,3,0.424,0.388,0.976,0.412,0.576,0.388,0.3,0.388
173,3,0.624,0.8,1.0,0.824,0.776,0.376,0.2,0.376
174,,0.424,0.6,0.8,0.624,0.576,0.176,0.0,0.176
175,,0.224,0.4,0.6,0.424,0.376,-0.024,-0.2,-0.024
176,7,0.424,0.388,0.5,0.412,0.576,0.388,0.8,0.388
177,7,0.624,0.376,0.4,0.4,0.776,0.8,1.0,0.8
178,,0.424,0.176,0.2,0.2,0.576,0.6,0.8,0.6
179,,0.224,-0.024,0.0,0.0,0.376,0.4,0.6,0.4
180,2,0.636,0.976,0.412,0.2,0.364,0.3,0.588,0.6
181,2,1.0,1.0,0.824,0.4,0.352,0.2,0.576,0.8
182,,0.8,0.8,0.624,0.2,0.152,0.0,0.376,0.6
183,,0.6,0.6,0.424,0.0,-0.048,-0.2,0.176,0.4
184,6,0.588,0.5,0.412,0.2,0.364,0.8,0.588,0.6
185,6,0.576,0.4,0.4,0.4,0.776,1.0,1.0,0.8
186,,0.376,0.2,0.2,0.2,0.576,0.8,0.8,0.6
187,,0.176,0.0,0.0,0.0,0.376,0.6,0.6,0.4
188,,-0.024,-0.2,-0.2,-0.2,0.176,0.4,0.4,0.2
189,2,0.388,0.8,0.212,0.0,0.164,0.3,0.388,0.4
190,2,0.8,1.0,0.624,0.2,0.152,0.2,0.376,0.6
191,,0.6,0.8,0.424,0.0,-0.048,0.0,0.176,0.4
192,5,0.5,0.788,0.624,0.412,0.952,0.412,0.376,0.388
193,5,0.4,0.776,0.824,0.824,1.0,0.824,0.576,0.376
194,,0.2,0.576,0.624,0.624,0.8,0.624,0.376,0.176
195,,0.0,0.376,0.424,0.424,0.6,0.424,0.176,-0.024
196,8,0.412,0.576,0.412,0.324,0.588,0.624,0.588,0.976
197,8,0.824,0.776,0.4,0.224,0.576,0.824,1.0,1.0
198,,0.624,0.576,0.2,0.024,0.376,0.624,0.8,0.8
199,,0.424,0.376,0.0,-0.176,0.176,0.424,0.6,0.6
200,4,0.412,0.576,0.412,0.824,0.588,0.624,0.588,0.5
201,4,0.4,0.776,0.824,1.0,1.0,0.824,0.576,0.4
202,,0.2,0.576,0.624,0.8,0.8,0.624,0.376,0.2
203,,0.0,0.376,0.424,0.6,0.6,0.424,0.176,0.0
204,,-0.2,0.176,0.224,0.4,0.4,0.224,-0.024,-0.2
205,1,0.8,0.588,0.424,0.388,0.3,0.212,0.176,0.212
206,1,1.0,1.0,0.624,0.376,0.2,0.2,0.376,0.624
207,,0.8,0.8,0.424,0.176,0.0,0.0,0.176,0.424
208,,0.6,0.6,0.224,-0.024,-0.2,-0.2,-0.024,0.224
209,5,0.5,0.588,0.424,0.388,0.8,0.212,0.176,0.212
210,5,0.4,0.576,0.624,0.8,1.0,0.624,0.376,0.2
211,,0.2,0.376,0.424,0.6,0.8,0.424,0.176,0.0
212,,0.0,0.176,0.224,0.4,0.6,0.224,-0.024,-0.2
213,8,0.412,0.376,0.212,0.3,0.588,0.424,0.388,0.8
214,8,0.824,0.576,0.2,0.2,0.576,0.624,0.8,1.0
215,,0.624,0.376,0.0,0.0,0.376,0.424,0.6,0.8
216,,0.424,0.176,-0.2,-0.2,0.176,0.224,0.4,0.6
217,3,0.624,0.588,0.8,0.212,0.376,0.212,0.3,0.588
218,3,0.824,1.0,1.0,0.624,0.576,0.2,0.2,0.576
219,,0.624,0.8,0.8,0.424,0.376,0.0,0.0,0.376
220,,0.424,0.6,0.6,0.224,0.176,-0.2,-0.2,0.176
221,7,0.624,0.588,0.5,0.212,0.376,0.212,0.8,0.588
222,7,0.824,0.576,0.4,0.2,0.576,0.624,1.0,1.0
223,,0.624,0.376,0.2,0.0,0.376,0.424,0.8,0.8
224,,0.424,0.176,0.0,-0.2,0.176,0.224,0.6,0.6
225,4,0.412,0.376,0.412,0.8,0.588,0.424,0.588,0.5
226,4,0.4,0.576,0.824,1.0,1.0,0.624,0.576,0.4
227,,0.2,0.376,0.624,0.8,0.8,0.424,0.376,0.2
228,,0.0,0.176,0.424,0.6,0.6,0.224,0.176,0.0
229,,-0.2,-0.024,0.224,0.4,0.4,0.024,-0.024,-0.2
230,8,0.212,0.176,0.212,0.3,0.388,0.224,0.388,0.8
231,8,0.624,0.376,0.2,0.2,0.376,0.424,0.8,1.0
232,,0.424,0.176,0.0,0.0,0.176,0.224,0.6,0.8
233,,0.224,-0.024,-0.2,-0.2,-0.024,0.024,0.4,0.6
234,4,0.212,0.176,0.212,0.8,0.388,0.224,0.388,0.5
235,4,0.2,0.376,0.624,1.0,0.8,0.424,0.376,0.4
236,,0.0,0.176,0.424,0.8,0.6,0.224,0.176,0.2
237,,-0.2,-0.024,0.224,0.6,0.4,0.024,-0.024,0.0
238,1,0.8,0.388,0.424,0.588,0.3,0.012,0.176,0.412
239,1,1.0,0.8,0.624,0.576,0.2,0.0,0.376,0.824
240,,0.8,0.6,0.424,0.376,0.0,-0.2,0.176,0.624
241,6,0.788,0.5,0.412,0.576,0.412,0.8,0.588,0.824
242,6,0.776,0.4,0.4,0.776,0.824,1.0,1.0,1.0
243,,0.576,0.2,0.2,0.576,0.624,0.8,0.8,0.8
244,,0.376,0.0,0.0,0.376,0.424,0.6,0.6,0.6
245,,0.176,-0.2,-0.2,0.176,0.224,0.4,0.4,0.4
246,2,0.588,0.8,0.212,0.376,0.212,0.3,0.388,0.6
247,2,1.0,1.0,0.624,0.576,0.2,0.2,0.376,0.8
248,,0.8,0.8,0.424,0.376,0.0,0.0,0.176,0.6
249,,0.6,0.6,0.224,0.176,-0.2,-0.2,-0.024,0.4
250,6,0.588,0.5,0.212,0.376,0.212,0.8,0.388,0.6
251,6,0.576,0.4,0.2,0.576,0.624,1.0,0.8,0.8
252,,0.376,0.2,0.0,0.376,0.424,0.8,0.6,0.6
253,,0.176,0.0,-0.2,0.176,0.224,0.6,0.4,0.4
254,3,0.376,0.412,0.8,0.588,0.424,0.588,0.3,0.388
255,3,0.576,0.824,1.0,1.0,0.624,0.576,0.2,0.376
256,,0.376,0.624,0.8,0.8,0.424,0.376,0.0,0.176
257,,0.176,0.424,0.6,0.6,0.224,0.176,-0.2,-0.024
258,7,0.376,0.412,0.5,0.588,0.424,0.588,0.8,0.388
259,7,0.576,0.4,0.4,0.576,0.624,1.0,1.0,0.8
260,,0.376,0.2,0.2,0.376,0.424,0.8,0.8,0.6
261,,0.176,0.0,0.0,0.176,0.224,0.6,0.6,0.4
262,,-0.024,-0.2,-0.2,-0.024,0.024,0.4,0.4,0.2
263,3,0.176,0.212,0.8,0.388,0.224,0.388,0.3,0.188
264,3,0.376,0.624,1.0,0.8,0.424,0.376,0.2,0.176
265,,0.176,0.424,0.8,0.6,0.224,0.176,0.0,-0.024
266,8,0.588,0.624,0.788,0.5,0.212,0.376,0.412,0.976
267,8,1.0,0.824,0.776,0.4,0.2,0.576,0.824,1.0
268,,0.8,0.624,0.576,0.2,0.0,0.376,0.624,0.8
269,,0.6,0.424,0.376,0.0,-0.2,0.176,0.424,0.6
270,5,0.5,0.412,0.576,0.412,0.8,0.588,0.624,0.588
271,5,0.4,0.4,0.776,0.824,1.0,1.0,0.824,0.576
272,,0.2,0.2,0.576,0.624,0.8,0.8,0.624,0.376
273,,0.0,0.0,0.376,0.424,0.6,0.6,0.424,0.176
274,,-0.2,-0.2,0.176,0.224,0.4,0.4,0.224,-0.024
275,2,0.212,0.8,0.588,0.424,0.388,0.3,0.212,0.176
276,2,0.624,1.0,1.0,0.624,0.376,0.2,0.2,0.376
277,,0.424,0.8,0.8,0.424,0.176,0.0,0.0,0.176
278,,0.224,0.6,0.6,0.224,-0.024,-0.2,-0.2,-0.024
279,6,0.212,0.5,0.588,0.424,0.388,0.8,0.212,0.176
280,6,0.2,0.4,0.576,0.624,0.8,1.0,0.624,0.376
281,,0.0,0.2,0.376,0.424,0.6,0.8,0.424,0.176
282,,-0.2,0.0,0.176,0.224,0.4,0.6,0.224,-0.024
283,1,0.8,0.412,0.376,0.212,0.3,0.588,0.424,0.388
284,1,1.0,0.824,0.576,0.2,0.2,0.576,0.624,0.8
285,,0.8,0.624,0.376,0.0,0.0,0.376,0.424,0.6
286,,0.6,0.424,0.176,-0.2,-0.2,0.176,0.224,0.4
287,4,0.588,0.624,0.588,0.8,0.212,0.376,0.212,0.3
288,4,0.576,0.824,1.0,1.0,0.624,0.576,0.2,0.2
289,,0.376,0.624,0.8,0.8,0.424,0.376,0.0,0.0
290,,0.176,0.424,0.6,0.6,0.224,0.176,-0.2,-0.2
291,7,0.376,0.412,0.5,0.588,0.424,0.588,0.8,0.212
292,7,0.576,0.4,0.4,0.576,0.624,1.0,1.0,0.624
293,,0.376,0.2,0.2,0.376,0.424,0.8,0.8,0.424
294,,0.176,0.0,0.0,0.176,0.224,0.6,0.6,0.224
295,,-0.024,-0.2,-0.2,-0.024,0.024,0.4,0.4,0.024
296,3,0.176,0.212,0.8,0.388,0.224,0.388,0.3,0.012
297,3,0.376,0.624,1.0,0.8,0.424,0.376,0.2,0.0
298,,0.176,0.424,0.8,0.6,0.224,0.176,0.0,-0.2
299,8,0.588,0.624,0.788,0.5,0.212,0.376,0.412,0.8
300,8,1.0,0.824,0.776,0.4,0.2,0.576,0.824,1.0
301,,0.8,0.624,0.576,0.2,0.0,0.376,0.624,0.8
302,,0.6,0.424,0.376,0.0,-0.2,0.176,0.424,0.6
303,5,0.5,0.412,0.576,0.412,0.8,0.588,0.624,0.588
304,5,0.4,0.4,0.776,0.824,1.0,1.0,0.824,0.576
305,,0.2,0.2,0.576,0.624,0.8,0.8,0.624,0.376
306,,0.0,0.0,0.376,0.424,0.6,0.6,0.424,0.176
307,,-0.2,-0.2,0.176,0.224,0.4,0.4,0.224,-0.024
308,2,0.212,0.8,0.588,0.424,0.388,0.3,0.212,0.176
309,2,0.624,1.0,1.0,0.624,0.376,0.2,0.2,0.376
310,,0.424,0.8,0.8,0.424,0.176,0.0,0.0,0.176
311,,0.224,0.6,0.6,0.224,-0.024,-0.2,-0.2,-0.024
312,7,0.424,0.588,0.5,0.212,0.176,0.212,0.8,0.388
313,7,0.624,0.576,0.4,0.2,0.376,0.624,1.0,0.8
314,,0.424,0.376,0.2,0.0,0.176,0.424,0.8,0.6
315,,0.224,0.176,0.0,-0.2,-0.024,0.224,0.6,0.4
316,4,0.212,0.376,0.412,0.8,0.388,0.424,0.588,0.3
317,4,0.2,0.576,0.824,1.0,0.8,0.624,0.576,0.2
318,,0.0,0.376,0.624,0.8,0.6,0.424,0.376,0.0
319,,-0.2,0.176,0.424,0.6,0.4,0.224,0.176,-0.2
320,1,0.8,0.588,0.624,0.588,0.3,0.212,0.376,0.212
321,1,1.0,1.0,0.824,0.576,0.2,0.2,0.576,0.624
322,,0.8,0.8,0.624,0.376,0.0,0.0,0.376,0.424
323,,0.6,0.6,0.424,0.176,-0.2,-0.2,0.176,0.224
324,5,0.5,0.588,0.624,0.588,0.8,0.212,0.376,0.212
325,5,0.4,0.576,0.824,1.0,1.0,0.624,0.576,0.2
326,,0.2,0.376,0.624,0.8,0.8,0.424,0.376,0.0
327,,0.0,0.176,0.424,0.6,0.6,0.224,0.176,-0.2
328,8,0.412,0.376,0.412,0.5,0.588,0.424,0.588,0.8
329,8,0.824,0.576,0.4,0.4,0.576,0.624,1.0,1.0
330,,0.624,0.376,0.2,0.2,0.376,0.424,0.8,0.8
331,,0.424,0.176,0.0,0.0,0.176,0.224,0.6,0.6
332,,0.224,-0.024,-0.2,-0.2,-0.024,0.024,0.4,0.4
333,4,0.212,0.176,0.212,0.8,0.388,0.224,0.388,0.3
334,4,0.2,0.376,0.624,1.0,0.8,0.424,0.376,0.2
335,,0.0,0.176,0.424,0.8,0.6,0.224,0.176,0.0
336,,-0.2,-0.024,0.224,0.6,0.4,0.024,-0.024,-0.2
337,1,0.8,0.388,0.424,0.588,0.3,0.012,0.176,0.212
338,1,1.0,0.8,0.624,0.576,0.2,0.0,0.376,0.624
339,,0.8,0.6,0.424,0.376,0.0,-0.2,0.176,0.424
340,6,0.788,0.5,0.412,0.576,0.412,0.8,0.588,0.624
341,6,0.776,0.4,0.4,0.776,0.824,1.0,1.0,0.824
342,,0.576,0.2,0.2,0.576,0.624,0.8,0.8,0.624
343,,0.376,0.0,0.0,0.376,0.424,0.6,0.6,0.424
344,,0.176,-0.2,-0.2,0.176,0.224,0.4,0.4,0.224
345,2,0.588,0.8,0.212,0.376,0.212,0.3,0.388,0.424
346,2,1.0,1.0,0.624,0.576,0.2,0.2,0.376,0.624
347,,0.8,0.8,0.424,0.376,0.0,0.0,0.176,0.424
348,,0.6,0.6,0.224,0.176,-0.2,-0.2,-0.024,0.224
349,5,0.5,0.588,0.424,0.588,0.8,0.212,0.176,0.212
350,5,0.4,0.576,0.624,1.0,1.0,0.624,0.376,0.2
351,,0.2,0.376,0.424,0.8,0.8,0.424,0.176,0.0
352,,0.0,0.176,0.224,0.6,0.6,0.224,-0.024,-0.2
353,8,0.412,0.376,0.212,0.5,0.588,0.424,0.388,0.8
354,8,0.824,0.576,0.2,0.4,0.576,0.624,0.8,1.0
355,,0.624,0.376,0.0,0.2,0.376,0.424,0.6,0.8
356,,0.424,0.176,-0.2,0.0,0.176,0.224,0.4,0.6
357,3,0.624,0.588,0.8,0.412,0.376,0.212,0.3,0.588
358,3,0.824,1.0,1.0,0.824,0.576,0.2,0.2,0.576
359,,0.624,0.8,0.8,0.624,0.376,0.0,0.0,0.376
360,,0.424,0.6,0.6,0.424,0.176,-0.2,-0.2,0.176
361,6,0.412,0.5,0.588,0.624,0.588,0.8,0.212,0.376
362,6,0.4,0.4,0.576,0.824,1.0,1.0,0.624,0.576
363,,0.2,0.2,0.376,0.624,0.8,0.8,0.424,0.376
364,,0.0,0.0,0.176,0.424,0.6,0.6,0.224,0.176
365,,-0.2,-0.2,-0.024,0.224,0.4,0.4,0.024,-0.024
366,2,0.212,0.8,0.388,0.424,0.388,0.3,0.012,0.176
367,2,0.624,1.0,0.8,0.624,0.376,0.2,0.0,0.376
368,,0.424,0.8,0.6,0.424,0.176,0.0,-0.2,0.176
369,7,0.624,0.788,0.5,0.412,0.376,0.412,0.8,0.588
370,7,0.824,0.776,0.4,0.4,0.576,0.824,1.0,1.0
371,,0.624,0.576,0.2,0.2,0.376,0.624,0.8,0.8
372,,0.424,0.376,0.0,0.0,0.176,0.424,0.6,0.6
373,,0.224,0.176,-0.2,-0.2,-0.024,0.224,0.4,0.4
374,3,0.424,0.588,0.8,0.212,0.176,0.212,0.3,0.388
375,3,0.624,1.0,1.0,0.624,0.376,0.2,0.2,0.376
376,,0.424,0.8,0.8,0.424,0.176,0.0,0.0,0.176
377,,0.224,0.6,0.6,0.224,-0.024,-0.2,-0.2,-0.024
378,6,0.212,0.5,0.588,0.424,0.388,0.8,0.212,0.176
379,6,0.2,0.4,0.576,0.624,0.8,1.0,0.624,0.376
380,,0.0,0.2,0.376,0.424,0.6,0.8,0.424,0.176
381,,-0.2,0.0,0.176,0.224,0.4,0.6,0.224,-0.024
382,1,0.8,0.412,0.376,0.212,0.3,0.588,0.424,0.388
383,1,1.0,0.824,0.576,0.2,0.2,0.576,0.624,0.8
384,,0.8,0.624,0.376,0.0,0.0,0.376,0.424,0.6
385,,0.6,0.424,0.176,-0.2,-0.2,0.176,0.224,0.4
386,4,0.588,0.624,0.588,0.8,0.212,0.376,0.212,0.3
387,4,0.576,0.824,1.0,1.0,0.624,0.576,0.2,0.2
388,,0.376,0.624,0.8,0.8,0.424,0.376,0.0,0.0
389,,0.176,0.424,0.6,0.6,0.224,0.176,-0.2,-0.2
390,7,0.376,0.412,0.5,0.588,0.424,0.588,0.8,0.212
391,7,0.576,0.4,0.4,0.576,0.624,1.0,1.0,0.624
392,,0.376,0.2,0.2,0.376,0.424,0.8,0.8,0.424
393,,0.176,0.0,0.0,0.176,0.224,0.6,0.6,0.224
394,,-0.024,-0.2,-0.2,-0.024,0.024,0.4,0.4,0.024
395,3,0.176,0.212,0.8,0.388,0.224,0.388,0.3,0.012
396,3,0.376,0.624,1.0,0.8,0.424,0.376,0.2,0.0
397,,0.176,0.424,0.8,0.6,0.224,0.176,0.0,-0.2
398,8,0.588,0.624,0.788,0.5,0.212,0.376,0.412,0.8
399,8,1.0,0.824,0.776,0.4,0.2,0.576,0.824,1.0
400,,0.8,0.624,0.576,0.2,0.0,0.376,0.624,0.8
401,,0.6,0.424,0.376,0.0,-0.2,0.176,0.424,0.6
402,5,0.5,0.412,0.576,0.412,0.8,0.588,0.624,0.588
403,5,0.4,0.4,0.776,0.824,1.0,1.0,0.824,0.576
404,,0.2,0.2,0.576,0.624,0.8,0.8,0.624,0.376
405,,0.0,0.0,0.376,0.424,0.6,0.6,0.424,0.176
406,,-0.2,-0.2,0.176,0.224,0.4,0.4,0.224,-0.024
407,2,0.212,0.8,0.588,0.424,0.388,0.3,0.212,0.176
408,2,0.624,1.0,1.0,0.624,0.376,0.2,0.2,0.376
409,,0.424,0.8,0.8,0.424,0.176,0.0,0.0,0.176
410,,0.224,0.6,0.6,0.224,-0.024,-0.2,-0.2,-0.024
411,6,0.212,0.5,0.588,0.424,0.388,0.8,0.212,0.176
412,6,0.2,0.4,0.576,0.624,0.8,1.0,0.624,0.376
413,,0.0,0.2,0.376,0.424,0.6,0.8,0.424,0.176
414,,-0.2,0.0,0.176,0.224,0.4,0.6,0.224,-0.024
415,1,0.8,0.412,0.376,0.212,0.3,0.588,0.424,0.388
416,1,1.0,0.824,0.576,0.2,0.2,0.576,0.624,0.8
417,,0.8,0.624,0.376,0.0,0.0,0.376,0.424,0.6
418,,0.6,0.424,0.176,-0.2,-0.2,0.176,0.224,0.4
419,4,0.588,0.624,0.588,0.8,0.212,0.376,0.212,0.3
420,4,0.576,0.824,1.0,1.0,0.624,0.576,0.2,0.2
421,,0.376,0.624,0.8,0.8,0.424,0.376,0.0,0.0
422,,0.176,0.424,0.6,0.6,0.224,0.176,-0.2,-0.2
423,7,0.376,0.412,0.5,0.588,0.424,0.588,0.8,0.212
424,7,0.576,0.4,0.4,0.576,0.624,1.0,1.0,0.624
425,,0.376,0.2,0.2,0.376,0.424,0.8,0.8,0.424
426,,0.176,0.0,0.0,0.176,0.224,0.6,0.6,0.224
427,,-0.024,-0.2,-0.2,-0.024,0.024,0.4,0.4,0.024
428,2,0.388,0.8,0.212,0.176,0.012,0.3,0.388,0.224
429,2,0.8,1.0,0.624,0.376,0.0,0.2,0.376,0.424
430,,0.6,0.8,0.424,0.176,-0.2,0.0,0.176,0.224
431,5,0.5,0.788,0.624,0.588,0.8,0.412,0.376,0.212
432,5,0.4,0.776,0.824,1.0,1.0,0.824,0.576,0.2
433,,0.2,0.576,0.624,0.8,0.8,0.624,0.376,0.0
434,,0.0,0.376,0.424,0.6,0.6,0.424,0.176,-0.2
435,8,0.412,0.576,0.412,0.5,0.588,0.624,0.588,0.8
436,8,0.824,0.776,0.4,0.4,0.576,0.824,1.0,1.0
437,,0.624,0.576,0.2,0.2,0.376,0.624,0.8,0.8
438,,0.424,0.376,0.0,0.0,0.176,0.424,0.6,0.6
439,,0.224,0.176,-0.2,-0.2,-0.024,0.224,0.4,0.4
440,3,0.424,0.588,0.8,0.212,0.176,0.212,0.3,0.388
441,3,0.624,1.0,1.0,0.624,0.376,0.2,0.2,0.376
442,,0.424,0.8,0.8,0.424,0.176,0.0,0.0,0.176
443,,0.224,0.6,0.6,0.224,-0.024,-0.2,-0.2,-0.024
444,6,0.212,0.5,0.588,0.424,0.388,0.8,0.212,0.176
445,6,0.2,0.4,0.576,0.624,0.8,1.0,0.624,0.376
446,,0.0,0.2,0.376,0.424,0.6,0.8,0.424,0.176
447,,-0.2,0.0,0.176,0.224,0.4,0.6,0.224,-0.024
448,1,0.8,0.412,0.376,0.212,0.3,0.588,0.424,0.388
449,1,1.0,0.824,0.576,0.2,0.2,0.576,0.624,0.8
450,,0.8,0.624,0.376,0.0,0.0,0.376,0.424,0.6
451,,0.6,0.424,0.176,-0.2,-0.2,0.176,0.224,0.4
452,5,0.5,0.412,0.376,0.212,0.8,0.588,0.424,0.388
453,5,0.4,0.4,0.576,0.624,1.0,1.0,0.624,0.376
454,,0.2,0.2,0.376,0.424,0.8,0.8,0.424,0.176
455,,0.0,0.0,0.176,0.224,0.6,0.6,0.224,-0.024
456,8,0.412,0.2,0.164,0.124,0.588,0.8,0.636,0.976
457,8,0.824,0.4,0.152,0.024,0.576,1.0,1.0,1.0
458,,0.624,0.2,-0.048,-0.176,0.376,0.8,0.8,0.8
459,4,0.612,0.4,0.364,0.824,0.788,1.0,0.788,0.7
460,4,0.6,0.6,0.776,1.0,1.0,1.0,0.776,0.6
461,,0.4,0.4,0.576,0.8,0.8,0.8,0.576,0.4
462,,0.2,0.2,0.376,0.6,0.6,0.6,0.376,0.2
463,,0.0,0.0,0.176,0.4,0.4,0.4,0.176,0.0
464,,-0.2,-0.2,-0.024,0.2,0.2,0.2,-0.024,-0.2
465,8,0.212,0.0,-0.036,0.1,0.188,0.4,0.388,0.8
466,8,0.624,0.2,-0.048,0.0,0.176,0.6,0.8,1.0
467,3,0.824,0.612,0.952,0.412,0.376,0.588,0.7,0.988
468,3,1.0,1.0,1.0,0.824,0.576,0.576,0.6,0.976
469,,0.8,0.8,0.8,0.624,0.376,0.376,0.4,0.776
470,,0.6,0.6,0.6,0.424,0.176,0.176,0.2,0.576
471,,0.4,0.4,0.4,0.224,-0.024,-0.024,0.0,0.376
472,6,0.388,0.3,0.388,0.424,0.388,0.976,0.412,0.576
473,6,0.376,0.2,0.376,0.624,0.8,1.0,0.824,0.776
474,,0.176,0.0,0.176,0.424,0.6,0.8,0.624,0.576
475,,-0.024,-0.2,-0.024,0.224,0.4,0.6,0.424,0.376
476,2,0.388,0.8,0.388,0.424,0.388,0.5,0.412,0.576
477,2,0.8,1.0,0.8,0.624,0.376,0.4,0.4,0.776
478,,0.6,0.8,0.6,0.424,0.176,0.2,0.2,0.576
479,,0.4,0.6,0.4,0.224,-0.024,0.0,0.0,0.376
480,5,0.3,0.588,0.6,0.636,0.976,0.412,0.2,0.364
481,5,0.2,0.576,0.8,1.0,1.0,0.824,0.4,0.352
482,,0.0,0.376,0.6,0.8,0.8,0.624,0.2,0.152
483,,-0.2,0.176,0.4,0.6,0.6,0.424,0.0,-0.048
484,1,0.8,0.588,0.6,0.588,0.5,0.412,0.2,0.364
485,1,1.0,1.0,0.8,0.576,0.4,0.4,0.4,0.776
486,,0.8,0.8,0.6,0.376,0.2,0.2,0.2,0.576
487,,0.6,0.6,0.4,0.176,0.0,0.0,0.0,0.376
488,,0.4,0.4,0.2,-0.024,-0.2,-0.2,-0.2,0.176
489,6,0.388,0.3,0.188,0.176,0.212,0.8,0.212,0.376
490,6,0.376,0.2,0.176,0.376,0.624,1.0,0.624,0.576
491,,0.176,0.0,-0.024,0.176,0.424,0.8,0.424,0.376
492,3,0.376,0.412,0.976,0.588,0.624,0.788,0.324,0.364
493,3,0.576,0.824,1.0,1.0,0.824,0.776,0.224,0.352
494,,0.376,0.624,0.8,0.8,0.624,0.576,0.024,0.152
495,,0.176,0.424,0.6,0.6,0.424,0.376,-0.176,-0.048
496,7,0.376,0.412,0.5,0.588,0.624,0.788,0.824,0.364
497,7,0.576,0.4,0.4,0.576,0.824,1.0,1.0,0.776
498,,0.376,0.2,0.2,0.376,0.624,0.8,0.8,0.576
499,,0.176,0.0,0.0,0.176,0.424,0.6,0.6,0.376
