step,active_motive,motive_1,motive_2,motive_3,motive_4,motive_5,motive_6,motive_7,motive_8
0,,0.14092,0.8022,0.07455,0.98689,0.77224,0.19872,0.00552,0.81546
1,,0.04092,0.7022,-0.02545,0.88689,0.67224,0.09872,-0.09448,0.71546
2,7,0.04092,0.4192,-0.42545,0.60389,0.67224,0.38172,0.90552,0.99846
3,7,0.04092,0.1362,-0.82545,0.32089,0.67224,0.66472,1.0,1.0
4,3,0.04092,0.4192,0.17455,0.60389,0.67224,0.38172,0.6,0.717
5,3,0.04092,0.7022,1.0,0.88689,0.67224,0.09872,0.2,0.434
6,,-0.05908,0.6022,0.9,0.78689,0.57224,-0.00128,0.1,0.334
7,1,0.94092,0.8852,0.9,0.50389,0.17224,-0.28428,0.1,0.617
8,1,1.0,1.0,0.9,0.22089,-0.22776,-0.56728,0.1,0.9
9,6,0.717,0.6,0.617,0.22089,0.05524,0.43272,0.383,0.9
10,6,0.434,0.2,0.334,0.22089,0.33824,1.0,0.666,0.9
11,,0.334,0.1,0.234,0.12089,0.23824,0.9,0.566,0.8
12,,0.234,0.0,0.134,0.02089,0.13824,0.8,0.466,0.7
13,,0.134,-0.1,0.034,-0.07911,0.03824,0.7,0.366,0.6
14,2,0.417,0.9,0.317,-0.07911,-0.24476,0.3,0.083,0.6
15,2,0.7,1.0,0.6,-0.07911,-0.52776,-0.1,-0.2,0.6
16,5,0.3,0.717,0.6,0.20389,0.47224,0.183,-0.2,0.317
17,5,-0.1,0.434,0.6,0.48689,1.0,0.466,-0.2,0.034
18,7,-0.1,0.151,0.2,0.20389,1.0,0.749,0.8,0.317
19,7,-0.1,-0.132,-0.2,-0.07911,1.0,1.0,1.0,0.6
20,3,-0.1,0.151,0.8,0.20389,1.0,0.717,0.6,0.317
21,3,-0.1,0.434,1.0,0.48689,1.0,0.434,0.2,0.034
22,1,0.9,0.717,1.0,0.20389,0.6,0.151,0.2,0.317
23,1,1.0,1.0,1.0,-0.07911,0.2,-0.132,0.2,0.6
24,6,0.717,0.6,0.717,-0.07911,0.483,0.868,0.483,0.6
25,6,0.434,0.2,0.434,-0.07911,0.766,1.0,0.766,0.6
26,4,0.151,0.2,0.717,0.92089,1.0,1.0,0.483,0.2
27,4,-0.132,0.2,1.0,1.0,1.0,1.0,0.2,-0.2
28,8,0.151,0.2,0.717,0.6,0.717,1.0,0.483,0.8
29,8,0.434,0.2,0.434,0.2,0.434,1.0,0.766,1.0
30,,0.334,0.1,0.334,0.1,0.334,0.9,0.666,0.9
31,,0.234,0.0,0.234,0.0,0.234,0.8,0.566,0.8
32,,0.134,-0.1,0.134,-0.1,0.134,0.7,0.466,0.7
33,2,0.417,0.9,0.417,-0.1,-0.149,0.3,0.183,0.7
34,2,0.7,1.0,0.7,-0.1,-0.432,-0.1,-0.1,0.7
35,5,0.3,0.717,0.7,0.183,0.568,0.183,-0.1,0.417
36,5,-0.1,0.434,0.7,0.466,1.0,0.466,-0.1,0.134
37,7,-0.1,0.151,0.3,0.183,1.0,0.749,0.9,0.417
38,7,-0.1,-0.132,-0.1,-0.1,1.0,1.0,1.0,0.7
39,2,0.183,0.868,0.183,-0.1,0.717,0.6,0.717,0.7
40,2,0.466,1.0,0.466,-0.1,0.434,0.2,0.434,0.7
41,4,0.183,1.0,0.749,0.9,0.717,0.2,0.151,0.3
42,4,-0.1,1.0,1.0,1.0,1.0,0.2,-0.132,-0.1
43,7,-0.1,0.717,0.6,0.717,1.0,0.483,0.868,0.183
44,7,-0.1,0.434,0.2,0.434,1.0,0.766,1.0,0.466
45,1,0.9,0.717,0.2,0.151,0.6,0.483,1.0,0.749
46,1,1.0,1.0,0.2,-0.132,0.2,0.2,1.0,1.0
47,4,0.717,1.0,0.483,0.868,0.483,0.2,0.717,0.6
48,4,0.434,1.0,0.766,1.0,0.766,0.2,0.434,0.2
49,,0.334,0.9,0.666,0.9,0.666,0.1,0.334,0.1
50,,0.234,0.8,0.566,0.8,0.566,0.0,0.234,0.0
51,,0.134,0.7,0.466,0.7,0.466,-0.1,0.134,-0.1
52,6,-0.149,0.3,0.183,0.7,0.749,0.9,0.417,-0.1
53,6,-0.432,-0.1,-0.1,0.7,1.0,1.0,0.7,-0.1
54,1,0.568,0.183,-0.1,0.417,0.6,0.717,0.7,0.183
55,1,1.0,0.466,-0.1,0.134,0.2,0.434,0.7,0.466
56,3,1.0,0.749,0.9,0.417,0.2,0.151,0.3,0.183
57,3,1.0,1.0,1.0,0.7,0.2,-0.132,-0.1,-0.1
58,6,0.717,0.6,0.717,0.7,0.483,0.868,0.183,-0.1
59,6,0.434,0.2,0.434,0.7,0.766,1.0,0.466,-0.1
60,8,0.717,0.2,0.151,0.3,0.483,1.0,0.749,0.9
61,8,1.0,0.2,-0.132,-0.1,0.2,1.0,1.0,1.0
62,3,1.0,0.483,0.868,0.183,0.2,0.717,0.6,0.717
63,3,1.0,0.766,1.0,0.466,0.2,0.434,0.2,0.434
64,,0.9,0.666,0.9,0.366,0.1,0.334,0.1,0.334
65,,0.8,0.566,0.8,0.266,0.0,0.234,0.0,0.234
66,,0.7,0.466,0.7,0.166,-0.1,0.134,-0.1,0.134
67,5,0.3,0.183,0.7,0.449,0.9,0.417,-0.1,-0.149
68,5,-0.1,-0.1,0.7,0.732,1.0,0.7,-0.1,-0.432
69,8,0.183,-0.1,0.417,0.332,0.717,0.7,0.183,0.568
70,8,0.466,-0.1,0.134,-0.068,0.434,0.7,0.466,1.0
71,2,0.749,0.9,0.417,-0.068,0.151,0.3,0.183,1.0
72,2,1.0,1.0,0.7,-0.068,-0.132,-0.1,-0.1,1.0
73,5,0.6,0.717,0.7,0.215,0.868,0.183,-0.1,0.717
74,5,0.2,0.434,0.7,0.498,1.0,0.466,-0.1,0.434
75,7,0.2,0.151,0.3,0.215,1.0,0.749,0.9,0.717
76,7,0.2,-0.132,-0.1,-0.068,1.0,1.0,1.0,1.0
77,2,0.483,0.868,0.183,-0.068,0.717,0.6,0.717,1.0
78,2,0.766,1.0,0.466,-0.068,0.434,0.2,0.434,1.0
79,4,0.483,1.0,0.749,0.932,0.717,0.2,0.151,0.6
80,4,0.2,1.0,1.0,1.0,1.0,0.2,-0.132,0.2
81,7,0.2,0.717,0.6,0.717,1.0,0.483,0.868,0.483
82,7,0.2,0.434,0.2,0.434,1.0,0.766,1.0,0.766
83,,0.1,0.334,0.1,0.334,0.9,0.666,0.9,0.666
84,,0.0,0.234,0.0,0.234,0.8,0.566,0.8,0.566
85,,-0.1,0.134,-0.1,0.134,0.7,0.466,0.7,0.466
86,1,0.9,0.417,-0.1,-0.149,0.3,0.183,0.7,0.749
87,1,1.0,0.7,-0.1,-0.432,-0.1,-0.1,0.7,1.0
88,4,0.717,0.7,0.183,0.568,0.183,-0.1,0.417,0.6
89,4,0.434,0.7,0.466,1.0,0.466,-0.1,0.134,0.2
90,6,0.151,0.3,0.183,1.0,0.749,0.9,0.417,0.2
91,6,-0.132,-0.1,-0.1,1.0,1.0,1.0,0.7,0.2
92,1,0.868,0.183,-0.1,0.717,0.6,0.717,0.7,0.483
93,1,1.0,0.466,-0.1,0.434,0.2,0.434,0.7,0.766
94,3,1.0,0.749,0.9,0.717,0.2,0.151,0.3,0.483
95,3,1.0,1.0,1.0,1.0,0.2,-0.132,-0.1,0.2
96,6,0.717,0.6,0.717,1.0,0.483,0.868,0.183,0.2
97,6,0.434,0.2,0.434,1.0,0.766,1.0,0.466,0.2
98,,0.334,0.1,0.334,0.9,0.666,0.9,0.366,0.1
99,,0.234,0.0,0.234,0.8,0.566,0.8,0.266,0.0
100,,0.134,-0.1,0.134,0.7,0.466,0.7,0.166,-0.1
101,2,0.417,0.9,0.417,0.7,0.183,0.3,-0.117,-0.1
102,2,0.7,1.0,0.7,0.7,-0.1,-0.1,-0.4,-0.1
103,7,0.7,0.717,0.3,0.417,-0.1,0.183,0.6,0.183
104,7,0.7,0.434,-0.1,0.134,-0.1,0.466,1.0,0.466
105,3,0.7,0.717,0.9,0.417,-0.1,0.183,0.6,0.183
106,3,0.7,1.0,1.0,0.7,-0.1,-0.1,0.2,-0.1
107,6,0.417,0.6,0.717,0.7,0.183,0.9,0.483,-0.1
108,6,0.134,0.2,0.434,0.7,0.466,1.0,0.766,-0.1
109,8,0.417,0.2,0.151,0.3,0.183,1.0,1.0,0.9
110,8,0.7,0.2,-0.132,-0.1,-0.1,1.0,1.0,1.0
111,3,0.7,0.483,0.868,0.183,-0.1,0.717,0.6,0.717
112,3,0.7,0.766,1.0,0.466,-0.1,0.434,0.2,0.434
113,5,0.3,0.483,1.0,0.749,0.9,0.717,0.2,0.151
114,5,-0.1,0.2,1.0,1.0,1.0,1.0,0.2,-0.132
115,8,0.183,0.2,0.717,0.6,0.717,1.0,0.483,0.868
116,8,0.466,0.2,0.434,0.2,0.434,1.0,0.766,1.0
117,,0.366,0.1,0.334,0.1,0.334,0.9,0.666,0.9
118,,0.266,0.0,0.234,0.0,0.234,0.8,0.566,0.8
119,,0.166,-0.1,0.134,-0.1,0.134,0.7,0.466,0.7
120,2,0.449,0.9,0.417,-0.1,-0.149,0.3,0.183,0.7
121,2,0.732,1.0,0.7,-0.1,-0.432,-0.1,-0.1,0.7
122,5,0.332,0.717,0.7,0.183,0.568,0.183,-0.1,0.417
123,5,-0.068,0.434,0.7,0.466,1.0,0.466,-0.1,0.134
124,7,-0.068,0.151,0.3,0.183,1.0,0.749,0.9,0.417
125,7,-0.068,-0.132,-0.1,-0.1,1.0,1.0,1.0,0.7
126,2,0.215,0.868,0.183,-0.1,0.717,0.6,0.717,0.7
127,2,0.498,1.0,0.466,-0.1,0.434,0.2,0.434,0.7
128,4,0.215,1.0,0.749,0.9,0.717,0.2,0.151,0.3
129,4,-0.068,1.0,1.0,1.0,1.0,0.2,-0.132,-0.1
130,7,-0.068,0.717,0.6,0.717,1.0,0.483,0.868,0.183
131,7,-0.068,0.434,0.2,0.434,1.0,0.766,1.0,0.466
132,1,0.932,0.717,0.2,0.151,0.6,0.483,1.0,0.749
133,1,1.0,1.0,0.2,-0.132,0.2,0.2,1.0,1.0
134,4,0.717,1.0,0.483,0.868,0.483,0.2,0.717,0.6
135,4,0.434,1.0,0.766,1.0,0.766,0.2,0.434,0.2
136,,0.334,0.9,0.666,0.9,0.666,0.1,0.334,0.1
137,,0.234,0.8,0.566,0.8,0.566,0.0,0.234,0.0
138,,0.134,0.7,0.466,0.7,0.466,-0.1,0.134,-0.1
139,8,0.417,0.7,0.183,0.3,0.183,-0.1,0.417,0.9
140,8,0.7,0.7,-0.1,-0.1,-0.1,-0.1,0.7,1.0
141,3,0.7,0.983,0.9,0.183,-0.1,-0.383,0.3,0.717
142,3,0.7,1.0,1.0,0.466,-0.1,-0.666,-0.1,0.434
143,6,0.417,0.6,0.717,0.466,0.183,0.334,0.183,0.434
144,6,0.134,0.2,0.434,0.466,0.466,1.0,0.466,0.434
145,,0.034,0.1,0.334,0.366,0.366,0.9,0.366,0.334
146,,-0.066,0.0,0.234,0.266,0.266,0.8,0.266,0.234
147,1,0.934,0.283,0.234,-0.017,-0.134,0.517,0.266,0.517
148,1,1.0,0.566,0.234,-0.3,-0.534,0.234,0.266,0.8
149,5,0.6,0.283,0.234,-0.017,0.466,0.517,0.266,0.517
150,5,0.2,-0.0,0.234,0.266,1.0,0.8,0.266,0.234
151,,0.1,-0.1,0.134,0.166,0.9,0.7,0.166,0.134
152,2,0.383,0.9,0.417,0.166,0.617,0.3,-0.117,0.134
153,2,0.666,1.0,0.7,0.166,0.334,-0.1,-0.4,0.134
154,7,0.666,0.717,0.3,-0.117,0.334,0.183,0.6,0.417
155,7,0.666,0.434,-0.1,-0.4,0.334,0.466,1.0,0.7
156,4,0.383,0.434,0.183,0.6,0.617,0.466,0.717,0.3
157,4,0.1,0.434,0.466,1.0,0.9,0.466,0.434,-0.1
158,8,0.383,0.434,0.183,0.6,0.617,0.466,0.717,0.9
159,8,0.666,0.434,-0.1,0.2,0.334,0.466,1.0,1.0
160,3,0.666,0.717,0.9,0.483,0.334,0.183,0.6,0.717
161,3,0.666,1.0,1.0,0.766,0.334,-0.1,0.2,0.434
162,6,0.383,0.6,0.717,0.766,0.617,0.9,0.483,0.434
163,6,0.1,0.2,0.434,0.766,0.9,1.0,0.766,0.434
164,,0.0,0.1,0.334,0.666,0.8,0.9,0.666,0.334
165,,-0.1,0.0,0.234,0.566,0.7,0.8,0.566,0.234
166,1,0.9,0.283,0.234,0.283,0.3,0.517,0.566,0.517
167,1,1.0,0.566,0.234,-0.0,-0.1,0.234,0.566,0.8
168,5,0.6,0.283,0.234,0.283,0.9,0.517,0.566,0.517
169,5,0.2,-0.0,0.234,0.566,1.0,0.8,0.566,0.234
170,,0.1,-0.1,0.134,0.466,0.9,0.7,0.466,0.134
171,2,0.383,0.9,0.417,0.466,0.617,0.3,0.183,0.134
172,2,0.666,1.0,0.7,0.466,0.334,-0.1,-0.1,0.134
173,7,0.666,0.717,0.3,0.183,0.334,0.183,0.9,0.417
174,7,0.666,0.434,-0.1,-0.1,0.334,0.466,1.0,0.7
175,3,0.666,0.717,0.9,0.183,0.334,0.183,0.6,0.417
176,3,0.666,1.0,1.0,0.466,0.334,-0.1,0.2,0.134
177,6,0.383,0.6,0.717,0.466,0.617,0.9,0.483,0.134
178,6,0.1,0.2,0.434,0.466,0.9,1.0,0.766,0.134
179,,0.0,0.1,0.334,0.366,0.8,0.9,0.666,0.034
180,,-0.1,0.0,0.234,0.266,0.7,0.8,0.566,-0.066
181,1,0.9,0.283,0.234,-0.017,0.3,0.517,0.566,0.217
182,1,1.0,0.566,0.234,-0.3,-0.1,0.234,0.566,0.5
183,4,0.717,0.566,0.517,0.7,0.183,0.234,0.283,0.1
184,4,0.434,0.566,0.8,1.0,0.466,0.234,-0.0,-0.3
185,8,0.717,0.566,0.517,0.6,0.183,0.234,0.283,0.7
186,8,1.0,0.566,0.234,0.2,-0.1,0.234,0.566,1.0
187,5,0.6,0.283,0.234,0.483,0.9,0.517,0.566,0.717
188,5,0.2,-0.0,0.234,0.766,1.0,0.8,0.566,0.434
189,,0.1,-0.1,0.134,0.666,0.9,0.7,0.466,0.334
190,2,0.383,0.9,0.417,0.666,0.617,0.3,0.183,0.334
191,2,0.666,1.0,0.7,0.666,0.334,-0.1,-0.1,0.334
192,6,0.383,0.6,0.417,0.666,0.617,0.9,0.183,0.334
193,6,0.1,0.2,0.134,0.666,0.9,1.0,0.466,0.334
194,,0.0,0.1,0.034,0.566,0.8,0.9,0.366,0.234
195,,-0.1,0.0,-0.066,0.466,0.7,0.8,0.266,0.134
196,1,0.9,0.283,-0.066,0.183,0.3,0.517,0.266,0.417
197,1,1.0,0.566,-0.066,-0.1,-0.1,0.234,0.266,0.7
198,5,0.6,0.283,-0.066,0.183,0.9,0.517,0.266,0.417
199,5,0.2,-0.0,-0.066,0.466,1.0,0.8,0.266,0.134
