step,active_motive,motive_1,motive_2,motive_3,motive_4,motive_5,motive_6,motive_7,motive_8
0,,0.07634,0.08069,0.03463,0.04647,0.06498,0.00481,0.09491,0.08867
1,,0.02634,0.03069,-0.01537,-0.00353,0.01498,-0.04519,0.04491,0.03867
2,6,-0.20666,-0.31931,-0.24837,0.04647,0.34798,0.95481,0.37791,0.08867
3,6,-0.43966,-0.66931,-0.48137,0.09647,0.68098,1.0,0.71091,0.13867
4,2,-0.10666,0.33069,-0.14837,0.14647,0.44798,0.65,0.47791,0.18867
5,2,0.22634,1.0,0.18463,0.19647,0.21498,0.3,0.24491,0.23867
6,,0.17634,0.95,0.13463,0.14647,0.16498,0.25,0.19491,0.18867
7,,0.12634,0.9,0.08463,0.09647,0.11498,0.2,0.14491,0.13867
8,,0.07634,0.85,0.03463,0.04647,0.06498,0.15,0.09491,0.08867
9,,0.02634,0.8,-0.01537,-0.00353,0.01498,0.1,0.04491,0.03867
10,3,0.07634,1.0,0.98463,0.32947,0.06498,-0.133,-0.30509,-0.19433
11,3,0.12634,1.0,1.0,0.66247,0.11498,-0.366,-0.65509,-0.42733
12,7,0.17634,0.767,0.65,0.42947,0.16498,-0.033,0.34491,-0.09433
13,7,0.22634,0.534,0.3,0.19647,0.21498,0.3,1.0,0.23867
14,,0.17634,0.484,0.25,0.14647,0.16498,0.25,0.95,0.18867
15,,0.12634,0.434,0.2,0.09647,0.11498,0.2,0.9,0.13867
16,,0.07634,0.384,0.15,0.04647,0.06498,0.15,0.85,0.08867
17,,0.02634,0.334,0.1,-0.00353,0.01498,0.1,0.8,0.03867
18,4,-0.20666,0.384,0.433,0.99647,0.34798,0.15,0.567,-0.31133
19,4,-0.43966,0.434,0.766,1.0,0.68098,0.2,0.334,-0.66133
20,8,-0.10666,0.484,0.533,0.65,0.44798,0.25,0.667,0.33867
21,8,0.22634,0.534,0.3,0.3,0.21498,0.3,1.0,1.0
22,,0.17634,0.484,0.25,0.25,0.16498,0.25,0.95,0.95
23,,0.12634,0.434,0.2,0.2,0.11498,0.2,0.9,0.9
24,,0.07634,0.384,0.15,0.15,0.06498,0.15,0.85,0.85
25,,0.02634,0.334,0.1,0.1,0.01498,0.1,0.8,0.8
26,,-0.02366,0.284,0.05,0.05,-0.03502,0.05,0.75,0.75
27,5,-0.37366,0.051,0.1,0.383,0.96498,0.383,0.8,0.517
28,5,-0.72366,-0.182,0.15,0.716,1.0,0.716,0.85,0.284
29,1,0.27634,0.151,0.2,0.483,0.65,0.483,0.9,0.617
30,1,1.0,0.484,0.25,0.25,0.3,0.25,0.95,0.95
31,,0.95,0.434,0.2,0.2,0.25,0.2,0.9,0.9
32,,0.9,0.384,0.15,0.15,0.2,0.15,0.85,0.85
33,,0.85,0.334,0.1,0.1,0.15,0.1,0.8,0.8
34,,0.8,0.284,0.05,0.05,0.1,0.05,0.75,0.75
35,,0.75,0.234,0.0,0.0,0.05,0.0,0.7,0.7
36,,0.7,0.184,-0.05,-0.05,0.0,-0.05,0.65,0.65
37,6,0.467,-0.166,-0.283,0.0,0.333,0.95,0.983,0.7
38,6,0.234,-0.516,-0.516,0.05,0.666,1.0,1.0,0.75
39,3,0.284,-0.183,0.484,0.383,0.716,0.767,0.65,0.517
40,3,0.334,0.15,1.0,0.716,0.766,0.534,0.3,0.284
41,,0.284,0.1,0.95,0.666,0.716,0.484,0.25,0.234
42,,0.234,0.05,0.9,0.616,0.666,0.434,0.2,0.184
43,,0.184,0.0,0.85,0.566,0.616,0.384,0.15,0.134
44,,0.134,-0.05,0.8,0.516,0.566,0.334,0.1,0.084
45,2,0.467,0.95,1.0,0.566,0.333,-0.016,-0.133,0.134
46,2,0.8,1.0,1.0,0.616,0.1,-0.366,-0.366,0.184
47,7,0.85,0.767,0.65,0.383,0.15,-0.033,0.634,0.517
48,7,0.9,0.534,0.3,0.15,0.2,0.3,1.0,0.85
49,,0.85,0.484,0.25,0.1,0.15,0.25,0.95,0.8
50,,0.8,0.434,0.2,0.05,0.1,0.2,0.9,0.75
51,,0.75,0.384,0.15,0.0,0.05,0.15,0.85,0.7
52,,0.7,0.334,0.1,-0.05,0.0,0.1,0.8,0.65
53,4,0.467,0.384,0.433,0.95,0.333,0.15,0.567,0.3
54,4,0.234,0.434,0.766,1.0,0.666,0.2,0.334,-0.05
55,8,0.567,0.484,0.533,0.65,0.433,0.25,0.667,0.95
56,8,0.9,0.534,0.3,0.3,0.2,0.3,1.0,1.0
57,,0.85,0.484,0.25,0.25,0.15,0.25,0.95,0.95
58,,0.8,0.434,0.2,0.2,0.1,0.2,0.9,0.9
59,,0.75,0.384,0.15,0.15,0.05,0.15,0.85,0.85
60,,0.7,0.334,0.1,0.1,0.0,0.1,0.8,0.8
61,,0.65,0.284,0.05,0.05,-0.05,0.05,0.75,0.75
62,5,0.3,0.051,0.1,0.383,0.95,0.383,0.8,0.517
63,5,-0.05,-0.182,0.15,0.716,1.0,0.716,0.85,0.284
64,2,0.283,0.818,0.483,0.766,0.767,0.366,0.617,0.334
65,2,0.616,1.0,0.816,0.816,0.534,0.016,0.384,0.384
66,,0.566,0.95,0.766,0.766,0.484,-0.034,0.334,0.334
67,6,0.333,0.6,0.533,0.816,0.817,0.966,0.667,0.384
68,6,0.1,0.25,0.3,0.866,1.0,1.0,1.0,0.434
69,,0.05,0.2,0.25,0.816,0.95,0.95,0.95,0.384
70,,0.0,0.15,0.2,0.766,0.9,0.9,0.9,0.334
71,,-0.05,0.1,0.15,0.716,0.85,0.85,0.85,0.284
72,1,0.95,0.433,0.2,0.483,0.5,0.617,0.9,0.617
73,1,1.0,0.766,0.25,0.25,0.15,0.384,0.95,0.95
74,,0.95,0.716,0.2,0.2,0.1,0.334,0.9,0.9
75,,0.9,0.666,0.15,0.15,0.05,0.284,0.85,0.85
76,,0.85,0.616,0.1,0.1,0.0,0.234,0.8,0.8
77,,0.8,0.566,0.05,0.05,-0.05,0.184,0.75,0.75
78,5,0.45,0.333,0.1,0.383,0.95,0.517,0.8,0.517
79,5,0.1,0.1,0.15,0.716,1.0,0.85,0.85,0.284
80,,0.05,0.05,0.1,0.666,0.95,0.8,0.8,0.234
81,,0.0,0.0,0.05,0.616,0.9,0.75,0.75,0.184
82,,-0.05,-0.05,0.0,0.566,0.85,0.7,0.7,0.134
83,1,0.95,0.283,0.05,0.333,0.5,0.467,0.75,0.467
84,1,1.0,0.616,0.1,0.1,0.15,0.234,0.8,0.8
85,,0.95,0.566,0.05,0.05,0.1,0.184,0.75,0.75
86,,0.9,0.516,0.0,0.0,0.05,0.134,0.7,0.7
87,,0.85,0.466,-0.05,-0.05,0.0,0.084,0.65,0.65
88,4,0.617,0.516,0.283,0.95,0.333,0.134,0.417,0.3
89,4,0.384,0.566,0.616,1.0,0.666,0.184,0.184,-0.05
90,8,0.717,0.616,0.383,0.65,0.433,0.234,0.517,0.95
91,8,1.0,0.666,0.15,0.3,0.2,0.284,0.85,1.0
92,,0.95,0.616,0.1,0.25,0.15,0.234,0.8,0.95
93,,0.9,0.566,0.05,0.2,0.1,0.184,0.75,0.9
94,,0.85,0.516,0.0,0.15,0.05,0.134,0.7,0.85
95,,0.8,0.466,-0.05,0.1,0.0,0.084,0.65,0.8
96,3,0.85,0.799,0.95,0.433,0.05,-0.149,0.3,0.567
97,3,0.9,1.0,1.0,0.766,0.1,-0.382,-0.05,0.334
98,6,0.667,0.65,0.767,0.816,0.433,0.618,0.283,0.384
99,6,0.434,0.3,0.534,0.866,0.766,1.0,0.616,0.434
100,,0.384,0.25,0.484,0.816,0.716,0.95,0.566,0.384
101,,0.334,0.2,0.434,0.766,0.666,0.9,0.516,0.334
102,,0.284,0.15,0.384,0.716,0.616,0.85,0.466,0.284
103,,0.234,0.1,0.334,0.666,0.566,0.8,0.416,0.234
104,,0.184,0.05,0.284,0.616,0.516,0.75,0.366,0.184
105,,0.134,0.0,0.234,0.566,0.466,0.7,0.316,0.134
106,,0.084,-0.05,0.184,0.516,0.416,0.65,0.266,0.084
107,2,0.417,0.95,0.517,0.566,0.183,0.3,0.033,0.134
108,2,0.75,1.0,0.85,0.616,-0.05,-0.05,-0.2,0.184
109,7,0.8,0.767,0.5,0.383,0.0,0.283,0.8,0.517
110,7,0.85,0.534,0.15,0.15,0.05,0.616,1.0,0.85
111,,0.8,0.484,0.1,0.1,0.0,0.566,0.95,0.8
112,,0.75,0.434,0.05,0.05,-0.05,0.516,0.9,0.75
113,5,0.4,0.201,0.1,0.383,0.95,0.849,0.95,0.517
114,5,0.05,-0.032,0.15,0.716,1.0,1.0,1.0,0.284
115,2,0.383,0.968,0.483,0.766,0.767,0.65,0.767,0.334
116,2,0.716,1.0,0.816,0.816,0.534,0.3,0.534,0.384
117,,0.666,0.95,0.766,0.766,0.484,0.25,0.484,0.334
118,,0.616,0.9,0.716,0.716,0.434,0.2,0.434,0.284
119,,0.566,0.85,0.666,0.666,0.384,0.15,0.384,0.234
120,,0.516,0.8,0.616,0.616,0.334,0.1,0.334,0.184
121,,0.466,0.75,0.566,0.566,0.284,0.05,0.284,0.134
122,,0.416,0.7,0.516,0.516,0.234,0.0,0.234,0.084
123,,0.366,0.65,0.466,0.466,0.184,-0.05,0.184,0.034
124,6,0.133,0.3,0.233,0.516,0.517,0.95,0.517,0.084
125,6,-0.1,-0.05,0.0,0.566,0.85,1.0,0.85,0.134
126,1,0.9,0.283,0.05,0.333,0.5,0.767,0.9,0.467
127,1,1.0,0.616,0.1,0.1,0.15,0.534,0.95,0.8
128,,0.95,0.566,0.05,0.05,0.1,0.484,0.9,0.75
129,,0.9,0.516,0.0,0.0,0.05,0.434,0.85,0.7
130,,0.85,0.466,-0.05,-0.05,0.0,0.384,0.8,0.65
131,4,0.617,0.516,0.283,0.95,0.333,0.434,0.567,0.3
132,4,0.384,0.566,0.616,1.0,0.666,0.484,0.334,-0.05
133,8,0.717,0.616,0.383,0.65,0.433,0.534,0.667,0.95
134,8,1.0,0.666,0.15,0.3,0.2,0.584,1.0,1.0
135,,0.95,0.616,0.1,0.25,0.15,0.534,0.95,0.95
136,,0.9,0.566,0.05,0.2,0.1,0.484,0.9,0.9
137,,0.85,0.516,0.0,0.15,0.05,0.434,0.85,0.85
138,,0.8,0.466,-0.05,0.1,0.0,0.384,0.8,0.8
139,3,0.85,0.799,0.95,0.433,0.05,0.151,0.45,0.567
140,3,0.9,1.0,1.0,0.766,0.1,-0.082,0.1,0.334
141,6,0.667,0.65,0.767,0.816,0.433,0.918,0.433,0.384
142,6,0.434,0.3,0.534,0.866,0.766,1.0,0.766,0.434
143,,0.384,0.25,0.484,0.816,0.716,0.95,0.716,0.384
144,,0.334,0.2,0.434,0.766,0.666,0.9,0.666,0.334
145,,0.284,0.15,0.384,0.716,0.616,0.85,0.616,0.284
146,,0.234,0.1,0.334,0.666,0.566,0.8,0.566,0.234
147,,0.184,0.05,0.284,0.616,0.516,0.75,0.516,0.184
148,,0.134,0.0,0.234,0.566,0.466,0.7,0.466,0.134
149,,0.084,-0.05,0.184,0.516,0.416,0.65,0.416,0.084
150,2,0.417,0.95,0.517,0.566,0.183,0.3,0.183,0.134
151,2,0.75,1.0,0.85,0.616,-0.05,-0.05,-0.05,0.184
152,5,0.4,0.767,0.9,0.949,0.95,0.283,0.0,-0.049
153,5,0.05,0.534,0.95,1.0,1.0,0.616,0.05,-0.282
154,8,0.383,0.584,0.717,0.65,0.767,0.666,0.383,0.718
155,8,0.716,0.634,0.484,0.3,0.534,0.716,0.716,1.0
156,,0.666,0.584,0.434,0.25,0.484,0.666,0.666,0.95
157,,0.616,0.534,0.384,0.2,0.434,0.616,0.616,0.9
158,,0.566,0.484,0.334,0.15,0.384,0.566,0.566,0.85
159,,0.516,0.434,0.284,0.1,0.334,0.516,0.516,0.8
160,,0.466,0.384,0.234,0.05,0.284,0.466,0.466,0.75
161,,0.416,0.334,0.184,0.0,0.234,0.416,0.416,0.7
162,,0.366,0.284,0.134,-0.05,0.184,0.366,0.366,0.65
163,4,0.133,0.334,0.467,0.95,0.517,0.416,0.133,0.3
164,4,-0.1,0.384,0.8,1.0,0.85,0.466,-0.1,-0.05
165,7,-0.05,0.151,0.45,0.767,0.9,0.799,0.9,0.283
166,7,0.0,-0.082,0.1,0.534,0.95,1.0,1.0,0.616
167,2,0.333,0.918,0.433,0.584,0.717,0.65,0.767,0.666
168,2,0.666,1.0,0.766,0.634,0.484,0.3,0.534,0.716
169,,0.616,0.95,0.716,0.584,0.434,0.25,0.484,0.666
170,,0.566,0.9,0.666,0.534,0.384,0.2,0.434,0.616
171,,0.516,0.85,0.616,0.484,0.334,0.15,0.384,0.566
172,,0.466,0.8,0.566,0.434,0.284,0.1,0.334,0.516
173,,0.416,0.75,0.516,0.384,0.234,0.05,0.284,0.466
174,,0.366,0.7,0.466,0.334,0.184,0.0,0.234,0.416
175,,0.316,0.65,0.416,0.284,0.134,-0.05,0.184,0.366
176,6,0.083,0.3,0.183,0.334,0.467,0.95,0.517,0.416
177,6,-0.15,-0.05,-0.05,0.384,0.8,1.0,0.85,0.466
178,1,0.85,0.283,0.0,0.151,0.45,0.767,0.9,0.799
179,1,1.0,0.616,0.05,-0.082,0.1,0.534,0.95,1.0
180,4,0.767,0.666,0.383,0.918,0.433,0.584,0.717,0.65
181,4,0.534,0.716,0.716,1.0,0.766,0.634,0.484,0.3
182,,0.484,0.666,0.666,0.95,0.716,0.584,0.434,0.25
183,,0.434,0.616,0.616,0.9,0.666,0.534,0.384,0.2
184,,0.384,0.566,0.566,0.85,0.616,0.484,0.334,0.15
185,,0.334,0.516,0.516,0.8,0.566,0.434,0.284,0.1
186,,0.284,0.466,0.466,0.75,0.516,0.384,0.234,0.05
187,,0.234,0.416,0.416,0.7,0.466,0.334,0.184,0.0
188,,0.184,0.366,0.366,0.65,0.416,0.284,0.134,-0.05
189,8,0.517,0.416,0.133,0.3,0.183,0.334,0.467,0.95
190,8,0.85,0.466,-0.1,-0.05,-0.05,0.384,0.8,1.0
191,3,0.9,0.799,0.9,0.283,0.0,0.151,0.45,0.767
192,3,0.95,1.0,1.0,0.616,0.05,-0.082,0.1,0.534
193,6,0.717,0.65,0.767,0.666,0.383,0.918,0.433,0.584
194,6,0.484,0.3,0.534,0.716,0.716,1.0,0.766,0.634
195,,0.434,0.25,0.484,0.666,0.666,0.95,0.716,0.584
196,,0.384,0.2,0.434,0.616,0.616,0.9,0.666,0.534
197,,0.334,0.15,0.384,0.566,0.566,0.85,0.616,0.484
198,,0.284,0.1,0.334,0.516,0.516,0.8,0.566,0.434
199,,0.234,0.05,0.284,0.466,0.466,0.75,0.516,0.384
200,,0.184,0.0,0.234,0.416,0.416,0.7,0.466,0.334
201,,0.134,-0.05,0.184,0.366,0.366,0.65,0.416,0.284
202,2,0.467,0.95,0.517,0.416,0.133,0.3,0.183,0.334
203,2,0.8,1.0,0.85,0.466,-0.1,-0.05,-0.05,0.384
204,5,0.45,0.767,0.9,0.799,0.9,0.283,0.0,0.151
205,5,0.1,0.534,0.95,1.0,1.0,0.616,0.05,-0.082
206,8,0.433,0.584,0.717,0.65,0.767,0.666,0.383,0.918
207,8,0.766,0.634,0.484,0.3,0.534,0.716,0.716,1.0
208,,0.716,0.584,0.434,0.25,0.484,0.666,0.666,0.95
209,,0.666,0.534,0.384,0.2,0.434,0.616,0.616,0.9
210,,0.616,0.484,0.334,0.15,0.384,0.566,0.566,0.85
211,,0.566,0.434,0.284,0.1,0.334,0.516,0.516,0.8
212,,0.516,0.384,0.234,0.05,0.284,0.466,0.466,0.75
213,,0.466,0.334,0.184,0.0,0.234,0.416,0.416,0.7
214,,0.416,0.284,0.134,-0.05,0.184,0.366,0.366,0.65
215,4,0.183,0.334,0.467,0.95,0.517,0.416,0.133,0.3
216,4,-0.05,0.384,0.8,1.0,0.85,0.466,-0.1,-0.05
217,7,0.0,0.151,0.45,0.767,0.9,0.799,0.9,0.283
218,7,0.05,-0.082,0.1,0.534,0.95,1.0,1.0,0.616
219,2,0.383,0.918,0.433,0.584,0.717,0.65,0.767,0.666
220,2,0.716,1.0,0.766,0.634,0.484,0.3,0.534,0.716
221,,0.666,0.95,0.716,0.584,0.434,0.25,0.484,0.666
222,,0.616,0.9,0.666,0.534,0.384,0.2,0.434,0.616
223,,0.566,0.85,0.616,0.484,0.334,0.15,0.384,0.566
224,,0.516,0.8,0.566,0.434,0.284,0.1,0.334,0.516
225,,0.466,0.75,0.516,0.384,0.234,0.05,0.284,0.466
226,,0.416,0.7,0.466,0.334,0.184,0.0,0.234,0.416
227,,0.366,0.65,0.416,0.284,0.134,-0.05,0.184,0.366
228,6,0.133,0.3,0.183,0.334,0.467,0.95,0.517,0.416
229,6,-0.1,-0.05,-0.05,0.384,0.8,1.0,0.85,0.466
230,1,0.9,0.283,0.0,0.151,0.45,0.767,0.9,0.799
231,1,1.0,0.616,0.05,-0.082,0.1,0.534,0.95,1.0
232,4,0.767,0.666,0.383,0.918,0.433,0.584,0.717,0.65
233,4,0.534,0.716,0.716,1.0,0.766,0.634,0.484,0.3
234,,0.484,0.666,0.666,0.95,0.716,0.584,0.434,0.25
235,,0.434,0.616,0.616,0.9,0.666,0.534,0.384,0.2
236,,0.384,0.566,0.566,0.85,0.616,0.484,0.334,0.15
237,,0.334,0.516,0.516,0.8,0.566,0.434,0.284,0.1
238,,0.284,0.466,0.466,0.75,0.516,0.384,0.234,0.05
239,,0.234,0.416,0.416,0.7,0.466,0.334,0.184,0.0
240,,0.184,0.366,0.366,0.65,0.416,0.284,0.134,-0.05
241,8,0.517,0.416,0.133,0.3,0.183,0.334,0.467,0.95
242,8,0.85,0.466,-0.1,-0.05,-0.05,0.384,0.8,1.0
243,3,0.9,0.799,0.9,0.283,0.0,0.151,0.45,0.767
244,3,0.95,1.0,1.0,0.616,0.05,-0.082,0.1,0.534
245,6,0.717,0.65,0.767,0.666,0.383,0.918,0.433,0.584
246,6,0.484,0.3,0.534,0.716,0.716,1.0,0.766,0.634
247,,0.434,0.25,0.484,0.666,0.666,0.95,0.716,0.584
248,,0.384,0.2,0.434,0.616,0.616,0.9,0.666,0.534
249,,0.334,0.15,0.384,0.566,0.566,0.85,0.616,0.484
250,,0.284,0.1,0.334,0.516,0.516,0.8,0.566,0.434
251,,0.234,0.05,0.284,0.466,0.466,0.75,0.516,0.384
252,,0.184,0.0,0.234,0.416,0.416,0.7,0.466,0.334
253,,0.134,-0.05,0.184,0.366,0.366,0.65,0.416,0.284
254,2,0.467,0.95,0.517,0.416,0.133,0.3,0.183,0.334
255,2,0.8,1.0,0.85,0.466,-0.1,-0.05,-0.05,0.384
256,5,0.45,0.767,0.9,0.799,0.9,0.283,0.0,0.151
257,5,0.1,0.534,0.95,1.0,1.0,0.616,0.05,-0.082
258,8,0.433,0.584,0.717,0.65,0.767,0.666,0.383,0.918
259,8,0.766,0.634,0.484,0.3,0.534,0.716,0.716,1.0
260,,0.716,0.584,0.434,0.25,0.484,0.666,0.666,0.95
261,,0.666,0.534,0.384,0.2,0.434,0.616,0.616,0.9
262,,0.616,0.484,0.334,0.15,0.384,0.566,0.566,0.85
263,,0.566,0.434,0.284,0.1,0.334,0.516,0.516,0.8
264,,0.516,0.384,0.234,0.05,0.284,0.466,0.466,0.75
265,,0.466,0.334,0.184,0.0,0.234,0.416,0.416,0.7
266,,0.416,0.284,0.134,-0.05,0.184,0.366,0.366,0.65
267,4,0.183,0.334,0.467,0.95,0.517,0.416,0.133,0.3
268,4,-0.05,0.384,0.8,1.0,0.85,0.466,-0.1,-0.05
269,7,0.0,0.151,0.45,0.767,0.9,0.799,0.9,0.283
270,7,0.05,-0.082,0.1,0.534,0.95,1.0,1.0,0.616
271,2,0.383,0.918,0.433,0.584,0.717,0.65,0.767,0.666
272,2,0.716,1.0,0.766,0.634,0.484,0.3,0.534,0.716
273,,0.666,0.95,0.716,0.584,0.434,0.25,0.484,0.666
274,,0.616,0.9,0.666,0.534,0.384,0.2,0.434,0.616
275,,0.566,0.85,0.616,0.484,0.334,0.15,0.384,0.566
276,,0.516,0.8,0.566,0.434,0.284,0.1,0.334,0.516
277,,0.466,0.75,0.516,0.384,0.234,0.05,0.284,0.466
278,,0.416,0.7,0.466,0.334,0.184,0.0,0.234,0.416
279,,0.366,0.65,0.416,0.284,0.134,-0.05,0.184,0.366
280,6,0.133,0.3,0.183,0.334,0.467,0.95,0.517,0.416
281,6,-0.1,-0.05,-0.05,0.384,0.8,1.0,0.85,0.466
282,1,0.9,0.283,0.0,0.151,0.45,0.767,0.9,0.799
283,1,1.0,0.616,0.05,-0.082,0.1,0.534,0.95,1.0
284,4,0.767,0.666,0.383,0.918,0.433,0.584,0.717,0.65
285,4,0.534,0.716,0.716,1.0,0.766,0.634,0.484,0.3
286,,0.484,0.666,0.666,0.95,0.716,0.584,0.434,0.25
287,,0.434,0.616,0.616,0.9,0.666,0.534,0.384,0.2
288,,0.384,0.566,0.566,0.85,0.616,0.484,0.334,0.15
289,,0.334,0.516,0.516,0.8,0.566,0.434,0.284,0.1
290,,0.284,0.466,0.466,0.75,0.516,0.384,0.234,0.05
291,,0.234,0.416,0.416,0.7,0.466,0.334,0.184,0.0
292,,0.184,0.366,0.366,0.65,0.416,0.284,0.134,-0.05
293,8,0.517,0.416,0.133,0.3,0.183,0.334,0.467,0.95
294,8,0.85,0.466,-0.1,-0.05,-0.05,0.384,0.8,1.0
295,3,0.9,0.799,0.9,0.283,0.0,0.151,0.45,0.767
296,3,0.95,1.0,1.0,0.616,0.05,-0.082,0.1,0.534
297,6,0.717,0.65,0.767,0.666,0.383,0.918,0.433,0.584
298,6,0.484,0.3,0.534,0.716,0.716,1.0,0.766,0.634
299,,0.434,0.25,0.484,0.666,0.666,0.95,0.716,0.584
300,,0.384,0.2,0.434,0.616,0.616,0.9,0.666,0.534
301,,0.334,0.15,0.384,0.566,0.566,0.85,0.616,0.484
302,,0.284,0.1,0.334,0.516,0.516,0.8,0.566,0.434
303,,0.234,0.05,0.284,0.466,0.466,0.75,0.516,0.384
304,,0.184,0.0,0.234,0.416,0.416,0.7,0.466,0.334
305,,0.134,-0.05,0.184,0.366,0.366,0.65,0.416,0.284
306,2,0.467,0.95,0.517,0.416,0.133,0.3,0.183,0.334
307,2,0.8,1.0,0.85,0.466,-0.1,-0.05,-0.05,0.384
308,5,0.45,0.767,0.9,0.799,0.9,0.283,0.0,0.151
309,5,0.1,0.534,0.95,1.0,1.0,0.616,0.05,-0.082
310,8,0.433,0.584,0.717,0.65,0.767,0.666,0.383,0.918
311,8,0.766,0.634,0.484,0.3,0.534,0.716,0.716,1.0
312,,0.716,0.584,0.434,0.25,0.484,0.666,0.666,0.95
313,,0.666,0.534,0.384,0.2,0.434,0.616,0.616,0.9
314,,0.616,0.484,0.334,0.15,0.384,0.566,0.566,0.85
315,,0.566,0.434,0.284,0.1,0.334,0.516,0.516,0.8
316,,0.516,0.384,0.234,0.05,0.284,0.466,0.466,0.75
317,,0.466,0.334,0.184,0.0,0.234,0.416,0.416,0.7
318,,0.416,0.284,0.134,-0.05,0.184,0.366,0.366,0.65
319,4,0.183,0.334,0.467,0.95,0.517,0.416,0.133,0.3
320,4,-0.05,0.384,0.8,1.0,0.85,0.466,-0.1,-0.05
321,7,0.0,0.151,0.45,0.767,0.9,0.799,0.9,0.283
322,7,0.05,-0.082,0.1,0.534,0.95,1.0,1.0,0.616
323,2,0.383,0.918,0.433,0.584,0.717,0.65,0.767,0.666
324,2,0.716,1.0,0.766,0.634,0.484,0.3,0.534,0.716
325,,0.666,0.95,0.716,0.584,0.434,0.25,0.484,0.666
326,,0.616,0.9,0.666,0.534,0.384,0.2,0.434,0.616
327,,0.566,0.85,0.616,0.484,0.334,0.15,0.384,0.566
328,,0.516,0.8,0.566,0.434,0.284,0.1,0.334,0.516
329,,0.466,0.75,0.516,0.384,0.234,0.05,0.284,0.466
330,,0.416,0.7,0.466,0.334,0.184,0.0,0.234,0.416
331,,0.366,0.65,0.416,0.284,0.134,-0.05,0.184,0.366
332,6,0.133,0.3,0.183,0.334,0.467,0.95,0.517,0.416
333,6,-0.1,-0.05,-0.05,0.384,0.8,1.0,0.85,0.466
334,1,0.9,0.283,0.0,0.151,0.45,0.767,0.9,0.799
335,1,1.0,0.616,0.05,-0.082,0.1,0.534,0.95,1.0
336,4,0.767,0.666,0.383,0.918,0.433,0.584,0.717,0.65
337,4,0.534,0.716,0.716,1.0,0.766,0.634,0.484,0.3
338,,0.484,0.666,0.666,0.95,0.716,0.584,0.434,0.25
339,,0.434,0.616,0.616,0.9,0.666,0.534,0.384,0.2
340,,0.384,0.566,0.566,0.85,0.616,0.484,0.334,0.15
341,,0.334,0.516,0.516,0.8,0.566,0.434,0.284,0.1
342,,0.284,0.466,0.466,0.75,0.516,0.384,0.234,0.05
343,,0.234,0.416,0.416,0.7,0.466,0.334,0.184,0.0
344,,0.184,0.366,0.366,0.65,0.416,0.284,0.134,-0.05
345,8,0.517,0.416,0.133,0.3,0.183,0.334,0.467,0.95
346,8,0.85,0.466,-0.1,-0.05,-0.05,0.384,0.8,1.0
347,3,0.9,0.799,0.9,0.283,0.0,0.151,0.45,0.767
348,3,0.95,1.0,1.0,0.616,0.05,-0.082,0.1,0.534
349,6,0.717,0.65,0.767,0.666,0.383,0.918,0.433,0.584
350,6,0.484,0.3,0.534,0.716,0.716,1.0,0.766,0.634
351,,0.434,0.25,0.484,0.666,0.666,0.95,0.716,0.584
352,,0.384,0.2,0.434,0.616,0.616,0.9,0.666,0.534
353,,0.334,0.15,0.384,0.566,0.566,0.85,0.616,0.484
354,,0.284,0.1,0.334,0.516,0.516,0.8,0.566,0.434
355,,0.234,0.05,0.284,0.466,0.466,0.75,0.516,0.384
356,,0.184,0.0,0.234,0.416,0.416,0.7,0.466,0.334
357,,0.134,-0.05,0.184,0.366,0.366,0.65,0.416,0.284
358,2,0.467,0.95,0.517,0.416,0.133,0.3,0.183,0.334
359,2,0.8,1.0,0.85,0.466,-0.1,-0.05,-0.05,0.384
360,5,0.45,0.767,0.9,0.799,0.9,0.283,0.0,0.151
361,5,0.1,0.534,0.95,1.0,1.0,0.616,0.05,-0.082
362,8,0.433,0.584,0.717,0.65,0.767,0.666,0.383,0.918
363,8,0.766,0.634,0.484,0.3,0.534,0.716,0.716,1.0
364,,0.716,0.584,0.434,0.25,0.484,0.666,0.666,0.95
365,,0.666,0.534,0.384,0.2,0.434,0.616,0.616,0.9
366,,0.616,0.484,0.334,0.15,0.384,0.566,0.566,0.85
367,,0.566,0.434,0.284,0.1,0.334,0.516,0.516,0.8
368,,0.516,0.384,0.234,0.05,0.284,0.466,0.466,0.75
369,,0.466,0.334,0.184,0.0,0.234,0.416,0.416,0.7
370,,0.416,0.284,0.134,-0.05,0.184,0.366,0.366,0.65
371,4,0.183,0.334,0.467,0.95,0.517,0.416,0.133,0.3
372,4,-0.05,0.384,0.8,1.0,0.85,0.466,-0.1,-0.05
373,7,0.0,0.151,0.45,0.767,0.9,0.799,0.9,0.283
374,7,0.05,-0.082,0.1,0.534,0.95,1.0,1.0,0.616
375,2,0.383,0.918,0.433,0.584,0.717,0.65,0.767,0.666
376,2,0.716,1.0,0.766,0.634,0.484,0.3,0.534,0.716
377,,0.666,0.95,0.716,0.584,0.434,0.25,0.484,0.666
378,,0.616,0.9,0.666,0.534,0.384,0.2,0.434,0.616
379,,0.566,0.85,0.616,0.484,0.334,0.15,0.384,0.566
380,,0.516,0.8,0.566,0.434,0.284,0.1,0.334,0.516
381,,0.466,0.75,0.516,0.384,0.234,0.05,0.284,0.466
382,,0.416,0.7,0.466,0.334,0.184,0.0,0.234,0.416
383,,0.366,0.65,0.416,0.284,0.134,-0.05,0.184,0.366
384,6,0.133,0.3,0.183,0.334,0.467,0.95,0.517,0.416
385,6,-0.1,-0.05,-0.05,0.384,0.8,1.0,0.85,0.466
386,1,0.9,0.283,0.0,0.151,0.45,0.767,0.9,0.799
387,1,1.0,0.616,0.05,-0.082,0.1,0.534,0.95,1.0
388,4,0.767,0.666,0.383,0.918,0.433,0.584,0.717,0.65
389,4,0.534,0.716,0.716,1.0,0.766,0.634,0.484,0.3
390,,0.484,0.666,0.666,0.95,0.716,0.584,0.434,0.25
391,,0.434,0.616,0.616,0.9,0.666,0.534,0.384,0.2
392,,0.384,0.566,0.566,0.85,0.616,0.484,0.334,0.15
393,,0.334,0.516,0.516,0.8,0.566,0.434,0.284,0.1
394,,0.284,0.466,0.466,0.75,0.516,0.384,0.234,0.05
395,,0.234,0.416,0.416,0.7,0.466,0.334,0.184,0.0
396,,0.184,0.366,0.366,0.65,0.416,0.284,0.134,-0.05
397,8,0.517,0.416,0.133,0.3,0.183,0.334,0.467,0.95
398,8,0.85,0.466,-0.1,-0.05,-0.05,0.384,0.8,1.0
399,3,0.9,0.799,0.9,0.283,0.0,0.151,0.45,0.767
400,3,0.95,1.0,1.0,0.616,0.05,-0.082,0.1,0.534
401,6,0.717,0.65,0.767,0.666,0.383,0.918,0.433,0.584
402,6,0.484,0.3,0.534,0.716,0.716,1.0,0.766,0.634
403,,0.434,0.25,0.484,0.666,0.666,0.95,0.716,0.584
404,,0.384,0.2,0.434,0.616,0.616,0.9,0.666,0.534
405,,0.334,0.15,0.384,0.566,0.566,0.85,0.616,0.484
406,,0.284,0.1,0.334,0.516,0.516,0.8,0.566,0.434
407,,0.234,0.05,0.284,0.466,0.466,0.75,0.516,0.384
408,,0.184,0.0,0.234,0.416,0.416,0.7,0.466,0.334
409,,0.134,-0.05,0.184,0.366,0.366,0.65,0.416,0.284
410,2,0.467,0.95,0.517,0.416,0.133,0.3,0.183,0.334
411,2,0.8,1.0,0.85,0.466,-0.1,-0.05,-0.05,0.384
412,5,0.45,0.767,0.9,0.799,0.9,0.283,0.0,0.151
413,5,0.1,0.534,0.95,1.0,1.0,0.616,0.05,-0.082
414,8,0.433,0.584,0.717,0.65,0.767,0.666,0.383,0.918
415,8,0.766,0.634,0.484,0.3,0.534,0.716,0.716,1.0
416,,0.716,0.584,0.434,0.25,0.484,0.666,0.666,0.95
417,,0.666,0.534,0.384,0.2,0.434,0.616,0.616,0.9
418,,0.616,0.484,0.334,0.15,0.384,0.566,0.566,0.85
419,,0.566,0.434,0.284,0.1,0.334,0.516,0.516,0.8
420,,0.516,0.384,0.234,0.05,0.284,0.466,0.466,0.75
421,,0.466,0.334,0.184,0.0,0.234,0.416,0.416,0.7
422,,0.416,0.284,0.134,-0.05,0.184,0.366,0.366,0.65
423,4,0.183,0.334,0.467,0.95,0.517,0.416,0.133,0.3
424,4,-0.05,0.384,0.8,1.0,0.85,0.466,-0.1,-0.05
425,7,0.0,0.151,0.45,0.767,0.9,0.799,0.9,0.283
426,7,0.05,-0.082,0.1,0.534,0.95,1.0,1.0,0.616
427,2,0.383,0.918,0.433,0.584,0.717,0.65,0.767,0.666
428,2,0.716,1.0,0.766,0.634,0.484,0.3,0.534,0.716
429,,0.666,0.95,0.716,0.584,0.434,0.25,0.484,0.666
430,,0.616,0.9,0.666,0.534,0.384,0.2,0.434,0.616
431,,0.566,0.85,0.616,0.484,0.334,0.15,0.384,0.566
432,,0.516,0.8,0.566,0.434,0.284,0.1,0.334,0.516
433,,0.466,0.75,0.516,0.384,0.234,0.05,0.284,0.466
434,,0.416,0.7,0.466,0.334,0.184,0.0,0.234,0.416
435,,0.366,0.65,0.416,0.284,0.134,-0.05,0.184,0.366
436,6,0.133,0.3,0.183,0.334,0.467,0.95,0.517,0.416
437,6,-0.1,-0.05,-0.05,0.384,0.8,1.0,0.85,0.466
438,1,0.9,0.283,0.0,0.151,0.45,0.767,0.9,0.799
439,1,1.0,0.616,0.05,-0.082,0.1,0.534,0.95,1.0
440,4,0.767,0.666,0.383,0.918,0.433,0.584,0.717,0.65
441,4,0.534,0.716,0.716,1.0,0.766,0.634,0.484,0.3
442,,0.484,0.666,0.666,0.95,0.716,0.584,0.434,0.25
443,,0.434,0.616,0.616,0.9,0.666,0.534,0.384,0.2
444,,0.384,0.566,0.566,0.85,0.616,0.484,0.334,0.15
445,,0.334,0.516,0.516,0.8,0.566,0.434,0.284,0.1
446,,0.284,0.466,0.466,0.75,0.516,0.384,0.234,0.05
447,,0.234,0.416,0.416,0.7,0.466,0.334,0.184,0.0
448,,0.184,0.366,0.366,0.65,0.416,0.284,0.134,-0.05
449,8,0.517,0.416,0.133,0.3,0.183,0.334,0.467,0.95
450,8,0.85,0.466,-0.1,-0.05,-0.05,0.384,0.8,1.0
451,3,0.9,0.799,0.9,0.283,0.0,0.151,0.45,0.767
452,3,0.95,1.0,1.0,0.616,0.05,-0.082,0.1,0.534
453,6,0.717,0.65,0.767,0.666,0.383,0.918,0.433,0.584
454,6,0.484,0.3,0.534,0.716,0.716,1.0,0.766,0.634
455,,0.434,0.25,0.484,0.666,0.666,0.95,0.716,0.584
456,,0.384,0.2,0.434,0.616,0.616,0.9,0.666,0.534
457,,0.334,0.15,0.384,0.566,0.566,0.85,0.616,0.484
458,,0.284,0.1,0.334,0.516,0.516,0.8,0.566,0.434
459,,0.234,0.05,0.284,0.466,0.466,0.75,0.516,0.384
460,,0.184,0.0,0.234,0.416,0.416,0.7,0.466,0.334
461,,0.134,-0.05,0.184,0.366,0.366,0.65,0.416,0.284
462,2,0.467,0.95,0.517,0.416,0.133,0.3,0.183,0.334
463,2,0.8,1.0,0.85,0.466,-0.1,-0.05,-0.05,0.384
464,5,0.45,0.767,0.9,0.799,0.9,0.283,0.0,0.151
465,5,0.1,0.534,0.95,1.0,1.0,0.616,0.05,-0.082
466,8,0.433,0.584,0.717,0.65,0.767,0.666,0.383,0.918
467,8,0.766,0.634,0.484,0.3,0.534,0.716,0.716,1.0
468,,0.716,0.584,0.434,0.25,0.484,0.666,0.666,0.95
469,,0.666,0.534,0.384,0.2,0.434,0.616,0.616,0.9
470,,0.616,0.484,0.334,0.15,0.384,0.566,0.566,0.85
471,,0.566,0.434,0.284,0.1,0.334,0.516,0.516,0.8
472,,0.516,0.384,0.234,0.05,0.284,0.466,0.466,0.75
473,,0.466,0.334,0.184,0.0,0.234,0.416,0.416,0.7
474,,0.416,0.284,0.134,-0.05,0.184,0.366,0.366,0.65
475,4,0.183,0.334,0.467,0.95,0.517,0.416,0.133,0.3
476,4,-0.05,0.384,0.8,1.0,0.85,0.466,-0.1,-0.05
477,7,0.0,0.151,0.45,0.767,0.9,0.799,0.9,0.283
478,7,0.05,-0.082,0.1,0.534,0.95,1.0,1.0,0.616
479,2,0.383,0.918,0.433,0.584,0.717,0.65,0.767,0.666
480,2,0.716,1.0,0.766,0.634,0.484,0.3,0.534,0.716
481,,0.666,0.95,0.716,0.584,0.434,0.25,0.484,0.666
482,,0.616,0.9,0.666,0.534,0.384,0.2,0.434,0.616
483,,0.566,0.85,0.616,0.484,0.334,0.15,0.384,0.566
484,,0.516,0.8,0.566,0.434,0.284,0.1,0.334,0.516
485,,0.466,0.75,0.516,0.384,0.234,0.05,0.284,0.466
486,,0.416,0.7,0.466,0.334,0.184,0.0,0.234,0.416
487,,0.366,0.65,0.416,0.284,0.134,-0.05,0.184,0.366
488,6,0.133,0.3,0.183,0.334,0.467,0.95,0.517,0.416
489,6,-0.1,-0.05,-0.05,0.384,0.8,1.0,0.85,0.466
490,1,0.9,0.283,0.0,0.151,0.45,0.767,0.9,0.799
491,1,1.0,0.616,0.05,-0.082,0.1,0.534,0.95,1.0
492,4,0.767,0.666,0.383,0.918,0.433,0.584,0.717,0.65
493,4,0.534,0.716,0.716,1.0,0.766,0.634,0.484,0.3
494,,0.484,0.666,0.666,0.95,0.716,0.584,0.434,0.25
495,,0.434,0.616,0.616,0.9,0.666,0.534,0.384,0.2
496,,0.384,0.566,0.566,0.85,0.616,0.484,0.334,0.15
497,,0.334,0.516,0.516,0.8,0.566,0.434,0.284,0.1
498,,0.284,0.466,0.466,0.75,0.516,0.384,0.234,0.05
499,,0.234,0.416,0.416,0.7,0.466,0.334,0.184,0.0
500,,0.184,0.366,0.366,0.65,0.416,0.284,0.134,-0.05
501,8,0.517,0.416,0.133,0.3,0.183,0.334,0.467,0.95
502,8,0.85,0.466,-0.1,-0.05,-0.05,0.384,0.8,1.0
503,3,0.9,0.799,0.9,0.283,0.0,0.151,0.45,0.767
504,3,0.95,1.0,1.0,0.616,0.05,-0.082,0.1,0.534
505,6,0.717,0.65,0.767,0.666,0.383,0.918,0.433,0.584
506,6,0.484,0.3,0.534,0.716,0.716,1.0,0.766,0.634
507,,0.434,0.25,0.484,0.666,0.666,0.95,0.716,0.584
508,,0.384,0.2,0.434,0.616,0.616,0.9,0.666,0.534
509,,0.334,0.15,0.384,0.566,0.566,0.85,0.616,0.484
510,,0.284,0.1,0.334,0.516,0.516,0.8,0.566,0.434
511,,0.234,0.05,0.284,0.466,0.466,0.75,0.516,0.384
512,,0.184,0.0,0.234,0.416,0.416,0.7,0.466,0.334
513,,0.134,-0.05,0.184,0.366,0.366,0.65,0.416,0.284
514,2,0.467,0.95,0.517,0.416,0.133,0.3,0.183,0.334
515,2,0.8,1.0,0.85,0.466,-0.1,-0.05,-0.05,0.384
516,5,0.45,0.767,0.9,0.799,0.9,0.283,0.0,0.151
517,5,0.1,0.534,0.95,1.0,1.0,0.616,0.05,-0.082
518,8,0.433,0.584,0.717,0.65,0.767,0.666,0.383,0.918
519,8,0.766,0.634,0.484,0.3,0.534,0.716,0.716,1.0
520,,0.716,0.584,0.434,0.25,0.484,0.666,0.666,0.95
521,,0.666,0.534,0.384,0.2,0.434,0.616,0.616,0.9
522,,0.616,0.484,0.334,0.15,0.384,0.566,0.566,0.85
523,,0.566,0.434,0.284,0.1,0.334,0.516,0.516,0.8
524,,0.516,0.384,0.234,0.05,0.284,0.466,0.466,0.75
525,,0.466,0.334,0.184,0.0,0.234,0.416,0.416,0.7
526,,0.416,0.284,0.134,-0.05,0.184,0.366,0.366,0.65
527,4,0.183,0.334,0.467,0.95,0.517,0.416,0.133,0.3
528,4,-0.05,0.384,0.8,1.0,0.85,0.466,-0.1,-0.05
529,7,0.0,0.151,0.45,0.767,0.9,0.799,0.9,0.283
530,7,0.05,-0.082,0.1,0.534,0.95,1.0,1.0,0.616
531,2,0.383,0.918,0.433,0.584,0.717,0.65,0.767,0.666
532,2,0.716,1.0,0.766,0.634,0.484,0.3,0.534,0.716
533,,0.666,0.95,0.716,0.584,0.434,0.25,0.484,0.666
534,,0.616,0.9,0.666,0.534,0.384,0.2,0.434,0.616
535,,0.566,0.85,0.616,0.484,0.334,0.15,0.384,0.566
536,,0.516,0.8,0.566,0.434,0.284,0.1,0.334,0.516
537,,0.466,0.75,0.516,0.384,0.234,0.05,0.284,0.466
538,,0.416,0.7,0.466,0.334,0.184,0.0,0.234,0.416
539,,0.366,0.65,0.416,0.284,0.134,-0.05,0.184,0.366
540,6,0.133,0.3,0.183,0.334,0.467,0.95,0.517,0.416
541,6,-0.1,-0.05,-0.05,0.384,0.8,1.0,0.85,0.466
542,1,0.9,0.283,0.0,0.151,0.45,0.767,0.9,0.799
543,1,1.0,0.616,0.05,-0.082,0.1,0.534,0.95,1.0
544,4,0.767,0.666,0.383,0.918,0.433,0.584,0.717,0.65
545,4,0.534,0.716,0.716,1.0,0.766,0.634,0.484,0.3
546,,0.484,0.666,0.666,0.95,0.716,0.584,0.434,0.25
547,,0.434,0.616,0.616,0.9,0.666,0.534,0.384,0.2
548,,0.384,0.566,0.566,0.85,0.616,0.484,0.334,0.15
549,,0.334,0.516,0.516,0.8,0.566,0.434,0.284,0.1
550,,0.284,0.466,0.466,0.75,0.516,0.384,0.234,0.05
551,,0.234,0.416,0.416,0.7,0.466,0.334,0.184,0.0
552,,0.184,0.366,0.366,0.65,0.416,0.284,0.134,-0.05
553,8,0.517,0.416,0.133,0.3,0.183,0.334,0.467,0.95
554,8,0.85,0.466,-0.1,-0.05,-0.05,0.384,0.8,1.0
555,3,0.9,0.799,0.9,0.283,0.0,0.151,0.45,0.767
556,3,0.95,1.0,1.0,0.616,0.05,-0.082,0.1,0.534
557,6,0.717,0.65,0.767,0.666,0.383,0.918,0.433,0.584
558,6,0.484,0.3,0.534,0.716,0.716,1.0,0.766,0.634
559,,0.434,0.25,0.484,0.666,0.666,0.95,0.716,0.584
560,,0.384,0.2,0.434,0.616,0.616,0.9,0.666,0.534
561,,0.334,0.15,0.384,0.566,0.566,0.85,0.616,0.484
562,,0.284,0.1,0.334,0.516,0.516,0.8,0.566,0.434
563,,0.234,0.05,0.284,0.466,0.466,0.75,0.516,0.384
564,,0.184,0.0,0.234,0.416,0.416,0.7,0.466,0.334
565,,0.134,-0.05,0.184,0.366,0.366,0.65,0.416,0.284
566,2,0.467,0.95,0.517,0.416,0.133,0.3,0.183,0.334
567,2,0.8,1.0,0.85,0.466,-0.1,-0.05,-0.05,0.384
568,5,0.45,0.767,0.9,0.799,0.9,0.283,0.0,0.151
569,5,0.1,0.534,0.95,1.0,1.0,0.616,0.05,-0.082
570,8,0.433,0.584,0.717,0.65,0.767,0.666,0.383,0.918
571,8,0.766,0.634,0.484,0.3,0.534,0.716,0.716,1.0
572,,0.716,0.584,0.434,0.25,0.484,0.666,0.666,0.95
573,,0.666,0.534,0.384,0.2,0.434,0.616,0.616,0.9
574,,0.616,0.484,0.334,0.15,0.384,0.566,0.566,0.85
575,,0.566,0.434,0.284,0.1,0.334,0.516,0.516,0.8
576,,0.516,0.384,0.234,0.05,0.284,0.466,0.466,0.75
577,,0.466,0.334,0.184,0.0,0.234,0.416,0.416,0.7
578,,0.416,0.284,0.134,-0.05,0.184,0.366,0.366,0.65
579,4,0.183,0.334,0.467,0.95,0.517,0.416,0.133,0.3
580,4,-0.05,0.384,0.8,1.0,0.85,0.466,-0.1,-0.05
581,7,0.0,0.151,0.45,0.767,0.9,0.799,0.9,0.283
582,7,0.05,-0.082,0.1,0.534,0.95,1.0,1.0,0.616
583,2,0.383,0.918,0.433,0.584,0.717,0.65,0.767,0.666
584,2,0.716,1.0,0.766,0.634,0.484,0.3,0.534,0.716
585,,0.666,0.95,0.716,0.584,0.434,0.25,0.484,0.666
586,,0.616,0.9,0.666,0.534,0.384,0.2,0.434,0.616
587,,0.566,0.85,0.616,0.484,0.334,0.15,0.384,0.566
588,,0.516,0.8,0.566,0.434,0.284,0.1,0.334,0.516
589,,0.466,0.75,0.516,0.384,0.234,0.05,0.284,0.466
590,,0.416,0.7,0.466,0.334,0.184,0.0,0.234,0.416
591,,0.366,0.65,0.416,0.284,0.134,-0.05,0.184,0.366
592,6,0.133,0.3,0.183,0.334,0.467,0.95,0.517,0.416
593,6,-0.1,-0.05,-0.05,0.384,0.8,1.0,0.85,0.466
594,1,0.9,0.283,0.0,0.151,0.45,0.767,0.9,0.799
595,1,1.0,0.616,0.05,-0.082,0.1,0.534,0.95,1.0
596,4,0.767,0.666,0.383,0.918,0.433,0.584,0.717,0.65
597,4,0.534,0.716,0.716,1.0,0.766,0.634,0.484,0.3
598,,0.484,0.666,0.666,0.95,0.716,0.584,0.434,0.25
599,,0.434,0.616,0.616,0.9,0.666,0.534,0.384,0.2
600,,0.384,0.566,0.566,0.85,0.616,0.484,0.334,0.15
601,,0.334,0.516,0.516,0.8,0.566,0.434,0.284,0.1
602,,0.284,0.466,0.466,0.75,0.516,0.384,0.234,0.05
603,,0.234,0.416,0.416,0.7,0.466,0.334,0.184,0.0
604,,0.184,0.366,0.366,0.65,0.416,0.284,0.134,-0.05
605,8,0.517,0.416,0.133,0.3,0.183,0.334,0.467,0.95
606,8,0.85,0.466,-0.1,-0.05,-0.05,0.384,0.8,1.0
607,3,0.9,0.799,0.9,0.283,0.0,0.151,0.45,0.767
608,3,0.95,1.0,1.0,0.616,0.05,-0.082,0.1,0.534
609,6,0.717,0.65,0.767,0.666,0.383,0.918,0.433,0.584
610,6,0.484,0.3,0.534,0.716,0.716,1.0,0.766,0.634
611,,0.434,0.25,0.484,0.666,0.666,0.95,0.716,0.584
612,,0.384,0.2,0.434,0.616,0.616,0.9,0.666,0.534
613,,0.334,0.15,0.384,0.566,0.566,0.85,0.616,0.484
614,,0.284,0.1,0.334,0.516,0.516,0.8,0.566,0.434
615,,0.234,0.05,0.284,0.466,0.466,0.75,0.516,0.384
616,,0.184,0.0,0.234,0.416,0.416,0.7,0.466,0.334
617,,0.134,-0.05,0.184,0.366,0.366,0.65,0.416,0.284
618,2,0.467,0.95,0.517,0.416,0.133,0.3,0.183,0.334
619,2,0.8,1.0,0.85,0.466,-0.1,-0.05,-0.05,0.384
620,5,0.45,0.767,0.9,0.799,0.9,0.283,0.0,0.151
621,5,0.1,0.534,0.95,1.0,1.0,0.616,0.05,-0.082
622,8,0.433,0.584,0.717,0.65,0.767,0.666,0.383,0.918
623,8,0.766,0.634,0.484,0.3,0.534,0.716,0.716,1.0
624,,0.716,0.584,0.434,0.25,0.484,0.666,0.666,0.95
625,,0.666,0.534,0.384,0.2,0.434,0.616,0.616,0.9
626,,0.616,0.484,0.334,0.15,0.384,0.566,0.566,0.85
627,,0.566,0.434,0.284,0.1,0.334,0.516,0.516,0.8
628,,0.516,0.384,0.234,0.05,0.284,0.466,0.466,0.75
629,,0.466,0.334,0.184,0.0,0.234,0.416,0.416,0.7
630,,0.416,0.284,0.134,-0.05,0.184,0.366,0.366,0.65
631,4,0.183,0.334,0.467,0.95,0.517,0.416,0.133,0.3
632,4,-0.05,0.384,0.8,1.0,0.85,0.466,-0.1,-0.05
633,7,0.0,0.151,0.45,0.767,0.9,0.799,0.9,0.283
634,7,0.05,-0.082,0.1,0.534,0.95,1.0,1.0,0.616
635,2,0.383,0.918,0.433,0.584,0.717,0.65,0.767,0.666
636,2,0.716,1.0,0.766,0.634,0.484,0.3,0.534,0.716
637,,0.666,0.95,0.716,0.584,0.434,0.25,0.484,0.666
638,,0.616,0.9,0.666,0.534,0.384,0.2,0.434,0.616
639,,0.566,0.85,0.616,0.484,0.334,0.15,0.384,0.566
640,,0.516,0.8,0.566,0.434,0.284,0.1,0.334,0.516
641,,0.466,0.75,0.516,0.384,0.234,0.05,0.284,0.466
642,,0.416,0.7,0.466,0.334,0.184,0.0,0.234,0.416
643,,0.366,0.65,0.416,0.284,0.134,-0.05,0.184,0.366
644,6,0.133,0.3,0.183,0.334,0.467,0.95,0.517,0.416
645,6,-0.1,-0.05,-0.05,0.384,0.8,1.0,0.85,0.466
646,1,0.9,0.283,0.0,0.151,0.45,0.767,0.9,0.799
647,1,1.0,0.616,0.05,-0.082,0.1,0.534,0.95,1.0
648,4,0.767,0.666,0.383,0.918,0.433,0.584,0.717,0.65
649,4,0.534,0.716,0.716,1.0,0.766,0.634,0.484,0.3
650,,0.484,0.666,0.666,0.95,0.716,0.584,0.434,0.25
651,,0.434,0.616,0.616,0.9,0.666,0.534,0.384,0.2
652,,0.384,0.566,0.566,0.85,0.616,0.484,0.334,0.15
653,,0.334,0.516,0.516,0.8,0.566,0.434,0.284,0.1
654,,0.284,0.466,0.466,0.75,0.516,0.384,0.234,0.05
655,,0.234,0.416,0.416,0.7,0.466,0.334,0.184,0.0
656,,0.184,0.366,0.366,0.65,0.416,0.284,0.134,-0.05
657,8,0.517,0.416,0.133,0.3,0.183,0.334,0.467,0.95
658,8,0.85,0.466,-0.1,-0.05,-0.05,0.384,0.8,1.0
659,3,0.9,0.799,0.9,0.283,0.0,0.151,0.45,0.767
660,3,0.95,1.0,1.0,0.616,0.05,-0.082,0.1,0.534
661,6,0.717,0.65,0.767,0.666,0.383,0.918,0.433,0.584
662,6,0.484,0.3,0.534,0.716,0.716,1.0,0.766,0.634
663,,0.434,0.25,0.484,0.666,0.666,0.95,0.716,0.584
664,,0.384,0.2,0.434,0.616,0.616,0.9,0.666,0.534
665,,0.334,0.15,0.384,0.566,0.566,0.85,0.616,0.484
666,,0.284,0.1,0.334,0.516,0.516,0.8,0.566,0.434
667,,0.234,0.05,0.284,0.466,0.466,0.75,0.516,0.384
668,,0.184,0.0,0.234,0.416,0.416,0.7,0.466,0.334
669,,0.134,-0.05,0.184,0.366,0.366,0.65,0.416,0.284
670,2,0.467,0.95,0.517,0.416,0.133,0.3,0.183,0.334
671,2,0.8,1.0,0.85,0.466,-0.1,-0.05,-0.05,0.384
672,5,0.45,0.767,0.9,0.799,0.9,0.283,0.0,0.151
673,5,0.1,0.534,0.95,1.0,1.0,0.616,0.05,-0.082
674,8,0.433,0.584,0.717,0.65,0.767,0.666,0.383,0.918
675,8,0.766,0.634,0.484,0.3,0.534,0.716,0.716,1.0
676,,0.716,0.584,0.434,0.25,0.484,0.666,0.666,0.95
677,,0.666,0.534,0.384,0.2,0.434,0.616,0.616,0.9
678,,0.616,0.484,0.334,0.15,0.384,0.566,0.566,0.85
679,,0.566,0.434,0.284,0.1,0.334,0.516,0.516,0.8
680,,0.516,0.384,0.234,0.05,0.284,0.466,0.466,0.75
681,,0.466,0.334,0.184,0.0,0.234,0.416,0.416,0.7
682,,0.416,0.284,0.134,-0.05,0.184,0.366,0.366,0.65
683,4,0.183,0.334,0.467,0.95,0.517,0.416,0.133,0.3
684,4,-0.05,0.384,0.8,1.0,0.85,0.466,-0.1,-0.05
685,7,0.0,0.151,0.45,0.767,0.9,0.799,0.9,0.283
686,7,0.05,-0.082,0.1,0.534,0.95,1.0,1.0,0.616
687,2,0.383,0.918,0.433,0.584,0.717,0.65,0.767,0.666
688,2,0.716,1.0,0.766,0.634,0.484,0.3,0.534,0.716
689,,0.666,0.95,0.716,0.584,0.434,0.25,0.484,0.666
690,,0.616,0.9,0.666,0.534,0.384,0.2,0.434,0.616
691,,0.566,0.85,0.616,0.484,0.334,0.15,0.384,0.566
692,,0.516,0.8,0.566,0.434,0.284,0.1,0.334,0.516
693,,0.466,0.75,0.516,0.384,0.234,0.05,0.284,0.466
694,,0.416,0.7,0.466,0.334,0.184,0.0,0.234,0.416
695,,0.366,0.65,0.416,0.284,0.134,-0.05,0.184,0.366
696,6,0.133,0.3,0.183,0.334,0.467,0.95,0.517,0.416
697,6,-0.1,-0.05,-0.05,0.384,0.8,1.0,0.85,0.466
698,1,0.9,0.283,0.0,0.151,0.45,0.767,0.9,0.799
699,1,1.0,0.616,0.05,-0.082,0.1,0.534,0.95,1.0
700,4,0.767,0.666,0.383,0.918,0.433,0.584,0.717,0.65
701,4,0.534,0.716,0.716,1.0,0.766,0.634,0.484,0.3
702,,0.484,0.666,0.666,0.95,0.716,0.584,0.434,0.25
703,,0.434,0.616,0.616,0.9,0.666,0.534,0.384,0.2
704,,0.384,0.566,0.566,0.85,0.616,0.484,0.334,0.15
705,,0.334,0.516,0.516,0.8,0.566,0.434,0.284,0.1
706,,0.284,0.466,0.466,0.75,0.516,0.384,0.234,0.05
707,,0.234,0.416,0.416,0.7,0.466,0.334,0.184,0.0
708,,0.184,0.366,0.366,0.65,0.416,0.284,0.134,-0.05
709,8,0.517,0.416,0.133,0.3,0.183,0.334,0.467,0.95
710,8,0.85,0.466,-0.1,-0.05,-0.05,0.384,0.8,1.0
711,3,0.9,0.799,0.9,0.283,0.0,0.151,0.45,0.767
712,3,0.95,1.0,1.0,0.616,0.05,-0.082,0.1,0.534
713,6,0.717,0.65,0.767,0.666,0.383,0.918,0.433,0.584
714,6,0.484,0.3,0.534,0.716,0.716,1.0,0.766,0.634
715,,0.434,0.25,0.484,0.666,0.666,0.95,0.716,0.584
716,,0.384,0.2,0.434,0.616,0.616,0.9,0.666,0.534
717,,0.334,0.15,0.384,0.566,0.566,0.85,0.616,0.484
718,,0.284,0.1,0.334,0.516,0.516,0.8,0.566,0.434
719,,0.234,0.05,0.284,0.466,0.466,0.75,0.516,0.384
720,,0.184,0.0,0.234,0.416,0.416,0.7,0.466,0.334
721,,0.134,-0.05,0.184,0.366,0.366,0.65,0.416,0.284
722,2,0.467,0.95,0.517,0.416,0.133,0.3,0.183,0.334
723,2,0.8,1.0,0.85,0.466,-0.1,-0.05,-0.05,0.384
724,5,0.45,0.767,0.9,0.799,0.9,0.283,0.0,0.151
725,5,0.1,0.534,0.95,1.0,1.0,0.616,0.05,-0.082
726,8,0.433,0.584,0.717,0.65,0.767,0.666,0.383,0.918
727,8,0.766,0.634,0.484,0.3,0.534,0.716,0.716,1.0
728,,0.716,0.584,0.434,0.25,0.484,0.666,0.666,0.95
729,,0.666,0.534,0.384,0.2,0.434,0.616,0.616,0.9
730,,0.616,0.484,0.334,0.15,0.384,0.566,0.566,0.85
731,,0.566,0.434,0.284,0.1,0.334,0.516,0.516,0.8
732,,0.516,0.384,0.234,0.05,0.284,0.466,0.466,0.75
733,,0.466,0.334,0.184,0.0,0.234,0.416,0.416,0.7
734,,0.416,0.284,0.134,-0.05,0.184,0.366,0.366,0.65
735,4,0.183,0.334,0.467,0.95,0.517,0.416,0.133,0.3
736,4,-0.05,0.384,0.8,1.0,0.85,0.466,-0.1,-0.05
737,7,0.0,0.151,0.45,0.767,0.9,0.799,0.9,0.283
738,7,0.05,-0.082,0.1,0.534,0.95,1.0,1.0,0.616
739,2,0.383,0.918,0.433,0.584,0.717,0.65,0.767,0.666
740,2,0.716,1.0,0.766,0.634,0.484,0.3,0.534,0.716
741,,0.666,0.95,0.716,0.584,0.434,0.25,0.484,0.666
742,,0.616,0.9,0.666,0.534,0.384,0.2,0.434,0.616
743,,0.566,0.85,0.616,0.484,0.334,0.15,0.384,0.566
744,,0.516,0.8,0.566,0.434,0.284,0.1,0.334,0.516
745,,0.466,0.75,0.516,0.384,0.234,0.05,0.284,0.466
746,,0.416,0.7,0.466,0.334,0.184,0.0,0.234,0.416
747,,0.366,0.65,0.416,0.284,0.134,-0.05,0.184,0.366
748,6,0.133,0.3,0.183,0.334,0.467,0.95,0.517,0.416
749,6,-0.1,-0.05,-0.05,0.384,0.8,1.0,0.85,0.466
750,1,0.9,0.283,0.0,0.151,0.45,0.767,0.9,0.799
751,1,1.0,0.616,0.05,-0.082,0.1,0.534,0.95,1.0
752,4,0.767,0.666,0.383,0.918,0.433,0.584,0.717,0.65
753,4,0.534,0.716,0.716,1.0,0.766,0.634,0.484,0.3
754,,0.484,0.666,0.666,0.95,0.716,0.584,0.434,0.25
755,,0.434,0.616,0.616,0.9,0.666,0.534,0.384,0.2
756,,0.384,0.566,0.566,0.85,0.616,0.484,0.334,0.15
757,,0.334,0.516,0.516,0.8,0.566,0.434,0.284,0.1
758,,0.284,0.466,0.466,0.75,0.516,0.384,0.234,0.05
759,,0.234,0.416,0.416,0.7,0.466,0.334,0.184,0.0
760,,0.184,0.366,0.366,0.65,0.416,0.284,0.134,-0.05
761,8,0.517,0.416,0.133,0.3,0.183,0.334,0.467,0.95
762,8,0.85,0.466,-0.1,-0.05,-0.05,0.384,0.8,1.0
763,3,0.9,0.799,0.9,0.283,0.0,0.151,0.45,0.767
764,3,0.95,1.0,1.0,0.616,0.05,-0.082,0.1,0.534
765,6,0.717,0.65,0.767,0.666,0.383,0.918,0.433,0.584
766,6,0.484,0.3,0.534,0.716,0.716,1.0,0.766,0.634
767,,0.434,0.25,0.484,0.666,0.666,0.95,0.716,0.584
768,,0.384,0.2,0.434,0.616,0.616,0.9,0.666,0.534
769,,0.334,0.15,0.384,0.566,0.566,0.85,0.616,0.484
770,,0.284,0.1,0.334,0.516,0.516,0.8,0.566,0.434
771,,0.234,0.05,0.284,0.466,0.466,0.75,0.516,0.384
772,,0.184,0.0,0.234,0.416,0.416,0.7,0.466,0.334
773,,0.134,-0.05,0.184,0.366,0.366,0.65,0.416,0.284
774,2,0.467,0.95,0.517,0.416,0.133,0.3,0.183,0.334
775,2,0.8,1.0,0.85,0.466,-0.1,-0.05,-0.05,0.384
776,5,0.45,0.767,0.9,0.799,0.9,0.283,0.0,0.151
777,5,0.1,0.534,0.95,1.0,1.0,0.616,0.05,-0.082
778,8,0.433,0.584,0.717,0.65,0.767,0.666,0.383,0.918
779,8,0.766,0.634,0.484,0.3,0.534,0.716,0.716,1.0
780,,0.716,0.584,0.434,0.25,0.484,0.666,0.666,0.95
781,,0.666,0.534,0.384,0.2,0.434,0.616,0.616,0.9
782,,0.616,0.484,0.334,0.15,0.384,0.566,0.566,0.85
783,,0.566,0.434,0.284,0.1,0.334,0.516,0.516,0.8
784,,0.516,0.384,0.234,0.05,0.284,0.466,0.466,0.75
785,,0.466,0.334,0.184,0.0,0.234,0.416,0.416,0.7
786,,0.416,0.284,0.134,-0.05,0.184,0.366,0.366,0.65
787,4,0.183,0.334,0.467,0.95,0.517,0.416,0.133,0.3
788,4,-0.05,0.384,0.8,1.0,0.85,0.466,-0.1,-0.05
789,7,0.0,0.151,0.45,0.767,0.9,0.799,0.9,0.283
790,7,0.05,-0.082,0.1,0.534,0.95,1.0,1.0,0.616
791,2,0.383,0.918,0.433,0.584,0.717,0.65,0.767,0.666
792,2,0.716,1.0,0.766,0.634,0.484,0.3,0.534,0.716
793,,0.666,0.95,0.716,0.584,0.434,0.25,0.484,0.666
794,,0.616,0.9,0.666,0.534,0.384,0.2,0.434,0.616
795,,0.566,0.85,0.616,0.484,0.334,0.15,0.384,0.566
796,,0.516,0.8,0.566,0.434,0.284,0.1,0.334,0.516
797,,0.466,0.75,0.516,0.384,0.234,0.05,0.284,0.466
798,,0.416,0.7,0.466,0.334,0.184,0.0,0.234,0.416
799,,0.366,0.65,0.416,0.284,0.134,-0.05,0.184,0.366
800,6,0.133,0.3,0.183,0.334,0.467,0.95,0.517,0.416
801,6,-0.1,-0.05,-0.05,0.384,0.8,1.0,0.85,0.466
