step,active_motive,motive_1,motive_2,motive_3,motive_4,motive_5,motive_6,motive_7,motive_8
0,,0.09429,0.03232,0.05188,0.0703,0.03636,0.09718,0.09624,0.02518
1,,0.04429,-0.01768,0.00188,0.0203,-0.01364,0.04718,0.04624,-0.02482
2,8,0.37729,0.03232,-0.23112,-0.3297,-0.24664,0.09718,0.37924,0.97518
3,8,0.71029,0.08232,-0.46412,-0.6797,-0.47964,0.14718,0.71224,1.0
4,4,0.47729,0.13232,-0.13112,0.3203,-0.14664,0.19718,0.47924,0.65
5,4,0.24429,0.18232,0.20188,1.0,0.18636,0.24718,0.24624,0.3
6,,0.19429,0.13232,0.15188,0.95,0.13636,0.19718,0.19624,0.25
7,,0.14429,0.08232,0.10188,0.9,0.08636,0.14718,0.14624,0.2
8,,0.09429,0.03232,0.05188,0.85,0.03636,0.09718,0.09624,0.15
9,,0.04429,-0.01768,0.00188,0.8,-0.01364,0.04718,0.04624,0.1
10,2,0.37729,0.98232,0.33488,0.85,-0.24664,-0.30282,-0.18676,0.15
11,2,0.71029,1.0,0.66788,0.9,-0.47964,-0.65282,-0.41976,0.2
12,6,0.47729,0.65,0.43488,0.95,-0.14664,0.34718,-0.08676,0.25
13,6,0.24429,0.3,0.20188,1.0,0.18636,1.0,0.24624,0.3
14,,0.19429,0.25,0.15188,0.95,0.13636,0.95,0.19624,0.25
15,,0.14429,0.2,0.10188,0.9,0.08636,0.9,0.14624,0.2
16,,0.09429,0.15,0.05188,0.85,0.03636,0.85,0.09624,0.15
17,,0.04429,0.1,0.00188,0.8,-0.01364,0.8,0.04624,0.1
18,5,-0.30571,-0.133,0.05188,1.0,0.98636,1.0,0.09624,-0.133
19,5,-0.65571,-0.366,0.10188,1.0,1.0,1.0,0.14624,-0.366
20,1,0.34429,-0.033,0.15188,0.767,0.65,0.767,0.19624,-0.033
21,1,1.0,0.3,0.20188,0.534,0.3,0.534,0.24624,0.3
22,,0.95,0.25,0.15188,0.484,0.25,0.484,0.19624,0.25
23,,0.9,0.2,0.10188,0.434,0.2,0.434,0.14624,0.2
24,,0.85,0.15,0.05188,0.384,0.15,0.384,0.09624,0.15
25,,0.8,0.1,0.00188,0.334,0.1,0.334,0.04624,0.1
26,,0.75,0.05,-0.04812,0.284,0.05,0.284,-0.00376,0.05
27,3,0.8,0.383,0.95188,0.617,0.1,0.051,-0.35376,-0.183
28,3,0.85,0.716,1.0,0.95,0.15,-0.182,-0.70376,-0.416
29,7,0.9,0.483,0.65,0.717,0.2,0.151,0.29624,-0.083
30,7,0.95,0.25,0.3,0.484,0.25,0.484,1.0,0.25
31,,0.9,0.2,0.25,0.434,0.2,0.434,0.95,0.2
32,,0.85,0.15,0.2,0.384,0.15,0.384,0.9,0.15
33,,0.8,0.1,0.15,0.334,0.1,0.334,0.85,0.1
34,,0.75,0.05,0.1,0.284,0.05,0.284,0.8,0.05
35,,0.7,0.0,0.05,0.234,0.0,0.234,0.75,0.0
36,,0.65,-0.05,0.0,0.184,-0.05,0.184,0.7,-0.05
37,5,0.3,-0.283,0.05,0.517,0.95,0.517,0.75,-0.283
38,5,-0.05,-0.516,0.1,0.85,1.0,0.85,0.8,-0.516
39,2,0.283,0.484,0.433,0.9,0.767,0.5,0.567,-0.466
40,2,0.616,1.0,0.766,0.95,0.534,0.15,0.334,-0.416
41,8,0.949,1.0,0.533,0.6,0.301,0.2,0.667,0.584
42,8,1.0,1.0,0.3,0.25,0.068,0.25,1.0,1.0
43,,0.95,0.95,0.25,0.2,0.018,0.2,0.95,0.95
44,,0.9,0.9,0.2,0.15,-0.032,0.15,0.9,0.9
45,5,0.55,0.667,0.25,0.483,0.968,0.483,0.95,0.667
46,5,0.2,0.434,0.3,0.816,1.0,0.816,1.0,0.434
47,,0.15,0.384,0.25,0.766,0.95,0.766,0.95,0.384
48,,0.1,0.334,0.2,0.716,0.9,0.716,0.9,0.334
49,,0.05,0.284,0.15,0.666,0.85,0.666,0.85,0.284
50,,0.0,0.234,0.1,0.616,0.8,0.616,0.8,0.234
51,,-0.05,0.184,0.05,0.566,0.75,0.566,0.75,0.184
52,1,0.95,0.517,0.1,0.333,0.4,0.333,0.8,0.517
53,1,1.0,0.85,0.15,0.1,0.05,0.1,0.85,0.85
54,,0.95,0.8,0.1,0.05,0.0,0.05,0.8,0.8
55,,0.9,0.75,0.05,0.0,-0.05,0.0,0.75,0.75
56,5,0.55,0.517,0.1,0.333,0.95,0.333,0.8,0.517
57,5,0.2,0.284,0.15,0.666,1.0,0.666,0.85,0.284
58,,0.15,0.234,0.1,0.616,0.95,0.616,0.8,0.234
59,,0.1,0.184,0.05,0.566,0.9,0.566,0.75,0.184
60,,0.05,0.134,0.0,0.516,0.85,0.516,0.7,0.134
61,,0.0,0.084,-0.05,0.466,0.8,0.466,0.65,0.084
62,3,0.05,0.417,0.95,0.799,0.85,0.233,0.3,-0.149
63,3,0.1,0.75,1.0,1.0,0.9,0.0,-0.05,-0.382
64,8,0.433,0.8,0.767,0.65,0.667,0.05,0.283,0.618
65,8,0.766,0.85,0.534,0.3,0.434,0.1,0.616,1.0
66,,0.716,0.8,0.484,0.25,0.384,0.05,0.566,0.95
67,,0.666,0.75,0.434,0.2,0.334,0.0,0.516,0.9
68,,0.616,0.7,0.384,0.15,0.284,-0.05,0.466,0.85
69,6,0.383,0.35,0.151,0.2,0.617,0.95,0.799,0.9
70,6,0.15,-0.0,-0.082,0.25,0.95,1.0,1.0,0.95
71,3,0.2,0.333,0.918,0.583,1.0,0.767,0.65,0.717
72,3,0.25,0.666,1.0,0.916,1.0,0.534,0.3,0.484
73,,0.2,0.616,0.95,0.866,0.95,0.484,0.25,0.434
74,,0.15,0.566,0.9,0.816,0.9,0.434,0.2,0.384
75,,0.1,0.516,0.85,0.766,0.85,0.384,0.15,0.334
76,,0.05,0.466,0.8,0.716,0.8,0.334,0.1,0.284
77,,0.0,0.416,0.75,0.666,0.75,0.284,0.05,0.234
78,,-0.05,0.366,0.7,0.616,0.7,0.234,0.0,0.184
79,1,0.95,0.699,0.75,0.383,0.35,0.001,0.05,0.517
80,1,1.0,1.0,0.8,0.15,-0.0,-0.232,0.1,0.85
81,6,0.767,0.65,0.567,0.2,0.333,0.768,0.433,0.9
82,6,0.534,0.3,0.334,0.25,0.666,1.0,0.766,0.95
83,,0.484,0.25,0.284,0.2,0.616,0.95,0.716,0.9
84,,0.434,0.2,0.234,0.15,0.566,0.9,0.666,0.85
85,,0.384,0.15,0.184,0.1,0.516,0.85,0.616,0.8
86,,0.334,0.1,0.134,0.05,0.466,0.8,0.566,0.75
87,,0.284,0.05,0.084,0.0,0.416,0.75,0.516,0.7
88,,0.234,0.0,0.034,-0.05,0.366,0.7,0.466,0.65
89,4,0.001,0.05,0.367,0.95,0.699,0.75,0.233,0.3
90,4,-0.232,0.1,0.7,1.0,1.0,0.8,0.0,-0.05
91,1,0.768,0.433,0.75,0.767,0.65,0.567,0.05,0.283
92,1,1.0,0.766,0.8,0.534,0.3,0.334,0.1,0.616
93,,0.95,0.716,0.75,0.484,0.25,0.284,0.05,0.566
94,,0.9,0.666,0.7,0.434,0.2,0.234,0.0,0.516
95,,0.85,0.616,0.65,0.384,0.15,0.184,-0.05,0.466
96,7,0.9,0.383,0.3,0.151,0.2,0.517,0.95,0.799
97,7,0.95,0.15,-0.05,-0.082,0.25,0.85,1.0,1.0
98,4,0.717,0.2,0.283,0.918,0.583,0.9,0.767,0.65
99,4,0.484,0.25,0.616,1.0,0.916,0.95,0.534,0.3
100,,0.434,0.2,0.566,0.95,0.866,0.9,0.484,0.25
101,,0.384,0.15,0.516,0.9,0.816,0.85,0.434,0.2
102,,0.334,0.1,0.466,0.85,0.766,0.8,0.384,0.15
103,,0.284,0.05,0.416,0.8,0.716,0.75,0.334,0.1
104,,0.234,0.0,0.366,0.75,0.666,0.7,0.284,0.05
105,,0.184,-0.05,0.316,0.7,0.616,0.65,0.234,0.0
106,2,0.517,0.95,0.649,0.75,0.383,0.3,0.001,0.05
107,2,0.85,1.0,0.982,0.8,0.15,-0.05,-0.232,0.1
108,7,0.9,0.767,0.632,0.567,0.2,0.283,0.768,0.433
109,7,0.95,0.534,0.282,0.334,0.25,0.616,1.0,0.766
110,,0.9,0.484,0.232,0.284,0.2,0.566,0.95,0.716
111,,0.85,0.434,0.182,0.234,0.15,0.516,0.9,0.666
112,,0.8,0.384,0.132,0.184,0.1,0.466,0.85,0.616
113,,0.75,0.334,0.082,0.134,0.05,0.416,0.8,0.566
114,,0.7,0.284,0.032,0.084,0.0,0.366,0.75,0.516
115,,0.65,0.234,-0.018,0.034,-0.05,0.316,0.7,0.466
116,5,0.3,0.001,0.032,0.367,0.95,0.649,0.75,0.233
117,5,-0.05,-0.232,0.082,0.7,1.0,0.982,0.8,0.0
118,2,0.283,0.768,0.415,0.75,0.767,0.632,0.567,0.05
119,2,0.616,1.0,0.748,0.8,0.534,0.282,0.334,0.1
120,,0.566,0.95,0.698,0.75,0.484,0.232,0.284,0.05
121,,0.516,0.9,0.648,0.7,0.434,0.182,0.234,0.0
122,,0.466,0.85,0.598,0.65,0.384,0.132,0.184,-0.05
123,8,0.799,0.9,0.365,0.3,0.151,0.182,0.517,0.95
124,8,1.0,0.95,0.132,-0.05,-0.082,0.232,0.85,1.0
125,5,0.65,0.717,0.182,0.283,0.918,0.565,0.9,0.767
126,5,0.3,0.484,0.232,0.616,1.0,0.898,0.95,0.534
127,,0.25,0.434,0.182,0.566,0.95,0.848,0.9,0.484
128,,0.2,0.384,0.132,0.516,0.9,0.798,0.85,0.434
129,,0.15,0.334,0.082,0.466,0.85,0.748,0.8,0.384
130,,0.1,0.284,0.032,0.416,0.8,0.698,0.75,0.334
131,,0.05,0.234,-0.018,0.366,0.75,0.648,0.7,0.284
132,3,0.1,0.567,0.982,0.699,0.8,0.415,0.35,0.051
133,3,0.15,0.9,1.0,1.0,0.85,0.182,-0.0,-0.182
134,8,0.483,0.95,0.767,0.65,0.617,0.232,0.333,0.818
135,8,0.816,1.0,0.534,0.3,0.384,0.282,0.666,1.0
136,,0.766,0.95,0.484,0.25,0.334,0.232,0.616,0.95
137,,0.716,0.9,0.434,0.2,0.284,0.182,0.566,0.9
138,,0.666,0.85,0.384,0.15,0.234,0.132,0.516,0.85
139,,0.616,0.8,0.334,0.1,0.184,0.082,0.466,0.8
140,,0.566,0.75,0.284,0.05,0.134,0.032,0.416,0.75
141,,0.516,0.7,0.234,0.0,0.084,-0.018,0.366,0.7
142,6,0.283,0.35,0.001,0.05,0.417,0.982,0.699,0.75
143,6,0.05,-0.0,-0.232,0.1,0.75,1.0,1.0,0.8
144,3,0.1,0.333,0.768,0.433,0.8,0.767,0.65,0.567
145,3,0.15,0.666,1.0,0.766,0.85,0.534,0.3,0.334
146,,0.1,0.616,0.95,0.716,0.8,0.484,0.25,0.284
147,,0.05,0.566,0.9,0.666,0.75,0.434,0.2,0.234
148,,0.0,0.516,0.85,0.616,0.7,0.384,0.15,0.184
149,,-0.05,0.466,0.8,0.566,0.65,0.334,0.1,0.134
150,1,0.95,0.799,0.85,0.333,0.3,0.101,0.15,0.467
151,1,1.0,1.0,0.9,0.1,-0.05,-0.132,0.2,0.8
152,6,0.767,0.65,0.667,0.15,0.283,0.868,0.533,0.85
153,6,0.534,0.3,0.434,0.2,0.616,1.0,0.866,0.9
154,,0.484,0.25,0.384,0.15,0.566,0.95,0.816,0.85
155,,0.434,0.2,0.334,0.1,0.516,0.9,0.766,0.8
156,,0.384,0.15,0.284,0.05,0.466,0.85,0.716,0.75
157,,0.334,0.1,0.234,0.0,0.416,0.8,0.666,0.7
158,,0.284,0.05,0.184,-0.05,0.366,0.75,0.616,0.65
159,4,0.051,0.1,0.517,0.95,0.699,0.8,0.383,0.3
160,4,-0.182,0.15,0.85,1.0,1.0,0.85,0.15,-0.05
161,1,0.818,0.483,0.9,0.767,0.65,0.617,0.2,0.283
162,1,1.0,0.816,0.95,0.534,0.3,0.384,0.25,0.616
163,,0.95,0.766,0.9,0.484,0.25,0.334,0.2,0.566
164,,0.9,0.716,0.85,0.434,0.2,0.284,0.15,0.516
165,,0.85,0.666,0.8,0.384,0.15,0.234,0.1,0.466
166,,0.8,0.616,0.75,0.334,0.1,0.184,0.05,0.416
167,,0.75,0.566,0.7,0.284,0.05,0.134,0.0,0.366
168,,0.7,0.516,0.65,0.234,0.0,0.084,-0.05,0.316
169,7,0.75,0.283,0.3,0.001,0.05,0.417,0.95,0.649
170,7,0.8,0.05,-0.05,-0.232,0.1,0.75,1.0,0.982
171,4,0.567,0.1,0.283,0.768,0.433,0.8,0.767,0.632
172,4,0.334,0.15,0.616,1.0,0.766,0.85,0.534,0.282
173,,0.284,0.1,0.566,0.95,0.716,0.8,0.484,0.232
174,,0.234,0.05,0.516,0.9,0.666,0.75,0.434,0.182
175,,0.184,0.0,0.466,0.85,0.616,0.7,0.384,0.132
176,,0.134,-0.05,0.416,0.8,0.566,0.65,0.334,0.082
177,2,0.467,0.95,0.749,0.85,0.333,0.3,0.101,0.132
178,2,0.8,1.0,1.0,0.9,0.1,-0.05,-0.132,0.182
179,7,0.85,0.767,0.65,0.667,0.15,0.283,0.868,0.515
180,7,0.9,0.534,0.3,0.434,0.2,0.616,1.0,0.848
181,,0.85,0.484,0.25,0.384,0.15,0.566,0.95,0.798
182,,0.8,0.434,0.2,0.334,0.1,0.516,0.9,0.748
183,,0.75,0.384,0.15,0.284,0.05,0.466,0.85,0.698
184,,0.7,0.334,0.1,0.234,0.0,0.416,0.8,0.648
185,,0.65,0.284,0.05,0.184,-0.05,0.366,0.75,0.598
186,5,0.3,0.051,0.1,0.517,0.95,0.699,0.8,0.365
187,5,-0.05,-0.182,0.15,0.85,1.0,1.0,0.85,0.132
188,2,0.283,0.818,0.483,0.9,0.767,0.65,0.617,0.182
189,2,0.616,1.0,0.816,0.95,0.534,0.3,0.384,0.232
190,,0.566,0.95,0.766,0.9,0.484,0.25,0.334,0.182
191,,0.516,0.9,0.716,0.85,0.434,0.2,0.284,0.132
192,,0.466,0.85,0.666,0.8,0.384,0.15,0.234,0.082
193,,0.416,0.8,0.616,0.75,0.334,0.1,0.184,0.032
194,,0.366,0.75,0.566,0.7,0.284,0.05,0.134,-0.018
195,8,0.699,0.8,0.333,0.35,0.051,0.1,0.467,0.982
196,8,1.0,0.85,0.1,-0.0,-0.182,0.15,0.8,1.0
197,5,0.65,0.617,0.15,0.333,0.818,0.483,0.85,0.767
198,5,0.3,0.384,0.2,0.666,1.0,0.816,0.9,0.534
199,,0.25,0.334,0.15,0.616,0.95,0.766,0.85,0.484
200,,0.2,0.284,0.1,0.566,0.9,0.716,0.8,0.434
201,,0.15,0.234,0.05,0.516,0.85,0.666,0.75,0.384
202,,0.1,0.184,0.0,0.466,0.8,0.616,0.7,0.334
203,,0.05,0.134,-0.05,0.416,0.75,0.566,0.65,0.284
204,3,0.1,0.467,0.95,0.749,0.8,0.333,0.3,0.051
205,3,0.15,0.8,1.0,1.0,0.85,0.1,-0.05,-0.182
206,8,0.483,0.85,0.767,0.65,0.617,0.15,0.283,0.818
207,8,0.816,0.9,0.534,0.3,0.384,0.2,0.616,1.0
208,,0.766,0.85,0.484,0.25,0.334,0.15,0.566,0.95
209,,0.716,0.8,0.434,0.2,0.284,0.1,0.516,0.9
210,,0.666,0.75,0.384,0.15,0.234,0.05,0.466,0.85
211,,0.616,0.7,0.334,0.1,0.184,0.0,0.416,0.8
212,,0.566,0.65,0.284,0.05,0.134,-0.05,0.366,0.75
213,6,0.333,0.3,0.051,0.1,0.467,0.95,0.699,0.8
214,6,0.1,-0.05,-0.182,0.15,0.8,1.0,1.0,0.85
215,3,0.15,0.283,0.818,0.483,0.85,0.767,0.65,0.617
216,3,0.2,0.616,1.0,0.816,0.9,0.534,0.3,0.384
217,,0.15,0.566,0.95,0.766,0.85,0.484,0.25,0.334
218,,0.1,0.516,0.9,0.716,0.8,0.434,0.2,0.284
219,,0.05,0.466,0.85,0.666,0.75,0.384,0.15,0.234
220,,0.0,0.416,0.8,0.616,0.7,0.334,0.1,0.184
221,,-0.05,0.366,0.75,0.566,0.65,0.284,0.05,0.134
222,1,0.95,0.699,0.8,0.333,0.3,0.051,0.1,0.467
223,1,1.0,1.0,0.85,0.1,-0.05,-0.182,0.15,0.8
224,6,0.767,0.65,0.617,0.15,0.283,0.818,0.483,0.85
225,6,0.534,0.3,0.384,0.2,0.616,1.0,0.816,0.9
226,,0.484,0.25,0.334,0.15,0.566,0.95,0.766,0.85
227,,0.434,0.2,0.284,0.1,0.516,0.9,0.716,0.8
228,,0.384,0.15,0.234,0.05,0.466,0.85,0.666,0.75
229,,0.334,0.1,0.184,0.0,0.416,0.8,0.616,0.7
230,,0.284,0.05,0.134,-0.05,0.366,0.75,0.566,0.65
231,4,0.051,0.1,0.467,0.95,0.699,0.8,0.333,0.3
232,4,-0.182,0.15,0.8,1.0,1.0,0.85,0.1,-0.05
233,1,0.818,0.483,0.85,0.767,0.65,0.617,0.15,0.283
234,1,1.0,0.816,0.9,0.534,0.3,0.384,0.2,0.616
235,,0.95,0.766,0.85,0.484,0.25,0.334,0.15,0.566
236,,0.9,0.716,0.8,0.434,0.2,0.284,0.1,0.516
237,,0.85,0.666,0.75,0.384,0.15,0.234,0.05,0.466
238,,0.8,0.616,0.7,0.334,0.1,0.184,0.0,0.416
239,,0.75,0.566,0.65,0.284,0.05,0.134,-0.05,0.366
240,7,0.8,0.333,0.3,0.051,0.1,0.467,0.95,0.699
241,7,0.85,0.1,-0.05,-0.182,0.15,0.8,1.0,1.0
242,4,0.617,0.15,0.283,0.818,0.483,0.85,0.767,0.65
243,4,0.384,0.2,0.616,1.0,0.816,0.9,0.534,0.3
244,,0.334,0.15,0.566,0.95,0.766,0.85,0.484,0.25
245,,0.284,0.1,0.516,0.9,0.716,0.8,0.434,0.2
246,,0.234,0.05,0.466,0.85,0.666,0.75,0.384,0.15
247,,0.184,0.0,0.416,0.8,0.616,0.7,0.334,0.1
248,,0.134,-0.05,0.366,0.75,0.566,0.65,0.284,0.05
249,2,0.467,0.95,0.699,0.8,0.333,0.3,0.051,0.1
250,2,0.8,1.0,1.0,0.85,0.1,-0.05,-0.182,0.15
251,7,0.85,0.767,0.65,0.617,0.15,0.283,0.818,0.483
252,7,0.9,0.534,0.3,0.384,0.2,0.616,1.0,0.816
253,,0.85,0.484,0.25,0.334,0.15,0.566,0.95,0.766
254,,0.8,0.434,0.2,0.284,0.1,0.516,0.9,0.716
255,,0.75,0.384,0.15,0.234,0.05,0.466,0.85,0.666
256,,0.7,0.334,0.1,0.184,0.0,0.416,0.8,0.616
257,,0.65,0.284,0.05,0.134,-0.05,0.366,0.75,0.566
258,5,0.3,0.051,0.1,0.467,0.95,0.699,0.8,0.333
259,5,-0.05,-0.182,0.15,0.8,1.0,1.0,0.85,0.1
260,2,0.283,0.818,0.483,0.85,0.767,0.65,0.617,0.15
261,2,0.616,1.0,0.816,0.9,0.534,0.3,0.384,0.2
262,,0.566,0.95,0.766,0.85,0.484,0.25,0.334,0.15
263,,0.516,0.9,0.716,0.8,0.434,0.2,0.284,0.1
264,,0.466,0.85,0.666,0.75,0.384,0.15,0.234,0.05
265,,0.416,0.8,0.616,0.7,0.334,0.1,0.184,0.0
266,,0.366,0.75,0.566,0.65,0.284,0.05,0.134,-0.05
267,8,0.699,0.8,0.333,0.3,0.051,0.1,0.467,0.95
268,8,1.0,0.85,0.1,-0.05,-0.182,0.15,0.8,1.0
269,5,0.65,0.617,0.15,0.283,0.818,0.483,0.85,0.767
270,5,0.3,0.384,0.2,0.616,1.0,0.816,0.9,0.534
271,,0.25,0.334,0.15,0.566,0.95,0.766,0.85,0.484
272,,0.2,0.284,0.1,0.516,0.9,0.716,0.8,0.434
273,,0.15,0.234,0.05,0.466,0.85,0.666,0.75,0.384
274,,0.1,0.184,0.0,0.416,0.8,0.616,0.7,0.334
275,,0.05,0.134,-0.05,0.366,0.75,0.566,0.65,0.284
276,3,0.1,0.467,0.95,0.699,0.8,0.333,0.3,0.051
277,3,0.15,0.8,1.0,1.0,0.85,0.1,-0.05,-0.182
278,8,0.483,0.85,0.767,0.65,0.617,0.15,0.283,0.818
279,8,0.816,0.9,0.534,0.3,0.384,0.2,0.616,1.0
280,,0.766,0.85,0.484,0.25,0.334,0.15,0.566,0.95
281,,0.716,0.8,0.434,0.2,0.284,0.1,0.516,0.9
282,,0.666,0.75,0.384,0.15,0.234,0.05,0.466,0.85
283,,0.616,0.7,0.334,0.1,0.184,0.0,0.416,0.8
284,,0.566,0.65,0.284,0.05,0.134,-0.05,0.366,0.75
285,6,0.333,0.3,0.051,0.1,0.467,0.95,0.699,0.8
286,6,0.1,-0.05,-0.182,0.15,0.8,1.0,1.0,0.85
287,3,0.15,0.283,0.818,0.483,0.85,0.767,0.65,0.617
288,3,0.2,0.616,1.0,0.816,0.9,0.534,0.3,0.384
289,,0.15,0.566,0.95,0.766,0.85,0.484,0.25,0.334
290,,0.1,0.516,0.9,0.716,0.8,0.434,0.2,0.284
291,,0.05,0.466,0.85,0.666,0.75,0.384,0.15,0.234
292,,0.0,0.416,0.8,0.616,0.7,0.334,0.1,0.184
293,,-0.05,0.366,0.75,0.566,0.65,0.284,0.05,0.134
294,1,0.95,0.699,0.8,0.333,0.3,0.051,0.1,0.467
295,1,1.0,1.0,0.85,0.1,-0.05,-0.182,0.15,0.8
296,6,0.767,0.65,0.617,0.15,0.283,0.818,0.483,0.85
297,6,0.534,0.3,0.384,0.2,0.616,1.0,0.816,0.9
298,,0.484,0.25,0.334,0.15,0.566,0.95,0.766,0.85
299,,0.434,0.2,0.284,0.1,0.516,0.9,0.716,0.8
300,,0.384,0.15,0.234,0.05,0.466,0.85,0.666,0.75
301,,0.334,0.1,0.184,0.0,0.416,0.8,0.616,0.7
302,,0.284,0.05,0.134,-0.05,0.366,0.75,0.566,0.65
303,4,0.051,0.1,0.467,0.95,0.699,0.8,0.333,0.3
304,4,-0.182,0.15,0.8,1.0,1.0,0.85,0.1,-0.05
305,1,0.818,0.483,0.85,0.767,0.65,0.617,0.15,0.283
306,1,1.0,0.816,0.9,0.534,0.3,0.384,0.2,0.616
307,,0.95,0.766,0.85,0.484,0.25,0.334,0.15,0.566
308,,0.9,0.716,0.8,0.434,0.2,0.284,0.1,0.516
309,,0.85,0.666,0.75,0.384,0.15,0.234,0.05,0.466
310,,0.8,0.616,0.7,0.334,0.1,0.184,0.0,0.416
311,,0.75,0.566,0.65,0.284,0.05,0.134,-0.05,0.366
312,7,0.8,0.333,0.3,0.051,0.1,0.467,0.95,0.699
313,7,0.85,0.1,-0.05,-0.182,0.15,0.8,1.0,1.0
314,4,0.617,0.15,0.283,0.818,0.483,0.85,0.767,0.65
315,4,0.384,0.2,0.616,1.0,0.816,0.9,0.534,0.3
316,,0.334,0.15,0.566,0.95,0.766,0.85,0.484,0.25
317,,0.284,0.1,0.516,0.9,0.716,0.8,0.434,0.2
318,,0.234,0.05,0.466,0.85,0.666,0.75,0.384,0.15
319,,0.184,0.0,0.416,0.8,0.616,0.7,0.334,0.1
320,,0.134,-0.05,0.366,0.75,0.566,0.65,0.284,0.05
321,2,0.467,0.95,0.699,0.8,0.333,0.3,0.051,0.1
322,2,0.8,1.0,1.0,0.85,0.1,-0.05,-0.182,0.15
323,7,0.85,0.767,0.65,0.617,0.15,0.283,0.818,0.483
324,7,0.9,0.534,0.3,0.384,0.2,0.616,1.0,0.816
325,,0.85,0.484,0.25,0.334,0.15,0.566,0.95,0.766
326,,0.8,0.434,0.2,0.284,0.1,0.516,0.9,0.716
327,,0.75,0.384,0.15,0.234,0.05,0.466,0.85,0.666
328,,0.7,0.334,0.1,0.184,0.0,0.416,0.8,0.616
329,,0.65,0.284,0.05,0.134,-0.05,0.366,0.75,0.566
330,5,0.3,0.051,0.1,0.467,0.95,0.699,0.8,0.333
331,5,-0.05,-0.182,0.15,0.8,1.0,1.0,0.85,0.1
332,2,0.283,0.818,0.483,0.85,0.767,0.65,0.617,0.15
333,2,0.616,1.0,0.816,0.9,0.534,0.3,0.384,0.2
334,,0.566,0.95,0.766,0.85,0.484,0.25,0.334,0.15
335,,0.516,0.9,0.716,0.8,0.434,0.2,0.284,0.1
336,,0.466,0.85,0.666,0.75,0.384,0.15,0.234,0.05
337,,0.416,0.8,0.616,0.7,0.334,0.1,0.184,0.0
338,,0.366,0.75,0.566,0.65,0.284,0.05,0.134,-0.05
339,8,0.699,0.8,0.333,0.3,0.051,0.1,0.467,0.95
340,8,1.0,0.85,0.1,-0.05,-0.182,0.15,0.8,1.0
341,5,0.65,0.617,0.15,0.283,0.818,0.483,0.85,0.767
342,5,0.3,0.384,0.2,0.616,1.0,0.816,0.9,0.534
343,,0.25,0.334,0.15,0.566,0.95,0.766,0.85,0.484
344,,0.2,0.284,0.1,0.516,0.9,0.716,0.8,0.434
345,,0.15,0.234,0.05,0.466,0.85,0.666,0.75,0.384
346,,0.1,0.184,0.0,0.416,0.8,0.616,0.7,0.334
347,,0.05,0.134,-0.05,0.366,0.75,0.566,0.65,0.284
348,3,0.1,0.467,0.95,0.699,0.8,0.333,0.3,0.051
349,3,0.15,0.8,1.0,1.0,0.85,0.1,-0.05,-0.182
350,8,0.483,0.85,0.767,0.65,0.617,0.15,0.283,0.818
351,8,0.816,0.9,0.534,0.3,0.384,0.2,0.616,1.0
352,,0.766,0.85,0.484,0.25,0.334,0.15,0.566,0.95
353,,0.716,0.8,0.434,0.2,0.284,0.1,0.516,0.9
354,,0.666,0.75,0.384,0.15,0.234,0.05,0.466,0.85
355,,0.616,0.7,0.334,0.1,0.184,0.0,0.416,0.8
356,,0.566,0.65,0.284,0.05,0.134,-0.05,0.366,0.75
357,6,0.333,0.3,0.051,0.1,0.467,0.95,0.699,0.8
358,6,0.1,-0.05,-0.182,0.15,0.8,1.0,1.0,0.85
359,3,0.15,0.283,0.818,0.483,0.85,0.767,0.65,0.617
360,3,0.2,0.616,1.0,0.816,0.9,0.534,0.3,0.384
361,,0.15,0.566,0.95,0.766,0.85,0.484,0.25,0.334
362,,0.1,0.516,0.9,0.716,0.8,0.434,0.2,0.284
363,,0.05,0.466,0.85,0.666,0.75,0.384,0.15,0.234
364,,0.0,0.416,0.8,0.616,0.7,0.334,0.1,0.184
365,,-0.05,0.366,0.75,0.566,0.65,0.284,0.05,0.134
366,1,0.95,0.699,0.8,0.333,0.3,0.051,0.1,0.467
367,1,1.0,1.0,0.85,0.1,-0.05,-0.182,0.15,0.8
368,6,0.767,0.65,0.617,0.15,0.283,0.818,0.483,0.85
369,6,0.534,0.3,0.384,0.2,0.616,1.0,0.816,0.9
370,,0.484,0.25,0.334,0.15,0.566,0.95,0.766,0.85
371,,0.434,0.2,0.284,0.1,0.516,0.9,0.716,0.8
372,,0.384,0.15,0.234,0.05,0.466,0.85,0.666,0.75
373,,0.334,0.1,0.184,0.0,0.416,0.8,0.616,0.7
374,,0.284,0.05,0.134,-0.05,0.366,0.75,0.566,0.65
375,4,0.051,0.1,0.467,0.95,0.699,0.8,0.333,0.3
376,4,-0.182,0.15,0.8,1.0,1.0,0.85,0.1,-0.05
377,1,0.818,0.483,0.85,0.767,0.65,0.617,0.15,0.283
378,1,1.0,0.816,0.9,0.534,0.3,0.384,0.2,0.616
379,,0.95,0.766,0.85,0.484,0.25,0.334,0.15,0.566
380,,0.9,0.716,0.8,0.434,0.2,0.284,0.1,0.516
381,,0.85,0.666,0.75,0.384,0.15,0.234,0.05,0.466
382,,0.8,0.616,0.7,0.334,0.1,0.184,0.0,0.416
383,,0.75,0.566,0.65,0.284,0.05,0.134,-0.05,0.366
384,7,0.8,0.333,0.3,0.051,0.1,0.467,0.95,0.699
385,7,0.85,0.1,-0.05,-0.182,0.15,0.8,1.0,1.0
386,4,0.617,0.15,0.283,0.818,0.483,0.85,0.767,0.65
387,4,0.384,0.2,0.616,1.0,0.816,0.9,0.534,0.3
388,,0.334,0.15,0.566,0.95,0.766,0.85,0.484,0.25
389,,0.284,0.1,0.516,0.9,0.716,0.8,0.434,0.2
390,,0.234,0.05,0.466,0.85,0.666,0.75,0.384,0.15
391,,0.184,0.0,0.416,0.8,0.616,0.7,0.334,0.1
392,,0.134,-0.05,0.366,0.75,0.566,0.65,0.284,0.05
393,2,0.467,0.95,0.699,0.8,0.333,0.3,0.051,0.1
394,2,0.8,1.0,1.0,0.85,0.1,-0.05,-0.182,0.15
395,7,0.85,0.767,0.65,0.617,0.15,0.283,0.818,0.483
396,7,0.9,0.534,0.3,0.384,0.2,0.616,1.0,0.816
397,,0.85,0.484,0.25,0.334,0.15,0.566,0.95,0.766
398,,0.8,0.434,0.2,0.284,0.1,0.516,0.9,0.716
399,,0.75,0.384,0.15,0.234,0.05,0.466,0.85,0.666
400,,0.7,0.334,0.1,0.184,0.0,0.416,0.8,0.616
401,,0.65,0.284,0.05,0.134,-0.05,0.366,0.75,0.566
402,5,0.3,0.051,0.1,0.467,0.95,0.699,0.8,0.333
403,5,-0.05,-0.182,0.15,0.8,1.0,1.0,0.85,0.1
404,2,0.283,0.818,0.483,0.85,0.767,0.65,0.617,0.15
405,2,0.616,1.0,0.816,0.9,0.534,0.3,0.384,0.2
406,,0.566,0.95,0.766,0.85,0.484,0.25,0.334,0.15
407,,0.516,0.9,0.716,0.8,0.434,0.2,0.284,0.1
408,,0.466,0.85,0.666,0.75,0.384,0.15,0.234,0.05
409,,0.416,0.8,0.616,0.7,0.334,0.1,0.184,0.0
410,,0.366,0.75,0.566,0.65,0.284,0.05,0.134,-0.05
411,8,0.699,0.8,0.333,0.3,0.051,0.1,0.467,0.95
412,8,1.0,0.85,0.1,-0.05,-0.182,0.15,0.8,1.0
413,5,0.65,0.617,0.15,0.283,0.818,0.483,0.85,0.767
414,5,0.3,0.384,0.2,0.616,1.0,0.816,0.9,0.534
415,,0.25,0.334,0.15,0.566,0.95,0.766,0.85,0.484
416,,0.2,0.284,0.1,0.516,0.9,0.716,0.8,0.434
417,,0.15,0.234,0.05,0.466,0.85,0.666,0.75,0.384
418,,0.1,0.184,0.0,0.416,0.8,0.616,0.7,0.334
419,,0.05,0.134,-0.05,0.366,0.75,0.566,0.65,0.284
420,3,0.1,0.467,0.95,0.699,0.8,0.333,0.3,0.051
421,3,0.15,0.8,1.0,1.0,0.85,0.1,-0.05,-0.182
422,8,0.483,0.85,0.767,0.65,0.617,0.15,0.283,0.818
423,8,0.816,0.9,0.534,0.3,0.384,0.2,0.616,1.0
424,,0.766,0.85,0.484,0.25,0.334,0.15,0.566,0.95
425,,0.716,0.8,0.434,0.2,0.284,0.1,0.516,0.9
426,,0.666,0.75,0.384,0.15,0.234,0.05,0.466,0.85
427,,0.616,0.7,0.334,0.1,0.184,0.0,0.416,0.8
428,,0.566,0.65,0.284,0.05,0.134,-0.05,0.366,0.75
429,6,0.333,0.3,0.051,0.1,0.467,0.95,0.699,0.8
430,6,0.1,-0.05,-0.182,0.15,0.8,1.0,1.0,0.85
431,3,0.15,0.283,0.818,0.483,0.85,0.767,0.65,0.617
432,3,0.2,0.616,1.0,0.816,0.9,0.534,0.3,0.384
433,,0.15,0.566,0.95,0.766,0.85,0.484,0.25,0.334
434,,0.1,0.516,0.9,0.716,0.8,0.434,0.2,0.284
435,,0.05,0.466,0.85,0.666,0.75,0.384,0.15,0.234
436,,0.0,0.416,0.8,0.616,0.7,0.334,0.1,0.184
437,,-0.05,0.366,0.75,0.566,0.65,0.284,0.05,0.134
438,1,0.95,0.699,0.8,0.333,0.3,0.051,0.1,0.467
439,1,1.0,1.0,0.85,0.1,-0.05,-0.182,0.15,0.8
440,6,0.767,0.65,0.617,0.15,0.283,0.818,0.483,0.85
441,6,0.534,0.3,0.384,0.2,0.616,1.0,0.816,0.9
442,,0.484,0.25,0.334,0.15,0.566,0.95,0.766,0.85
443,,0.434,0.2,0.284,0.1,0.516,0.9,0.716,0.8
444,,0.384,0.15,0.234,0.05,0.466,0.85,0.666,0.75
445,,0.334,0.1,0.184,0.0,0.416,0.8,0.616,0.7
446,,0.284,0.05,0.134,-0.05,0.366,0.75,0.566,0.65
447,4,0.051,0.1,0.467,0.95,0.699,0.8,0.333,0.3
448,4,-0.182,0.15,0.8,1.0,1.0,0.85,0.1,-0.05
449,1,0.818,0.483,0.85,0.767,0.65,0.617,0.15,0.283
450,1,1.0,0.816,0.9,0.534,0.3,0.384,0.2,0.616
451,,0.95,0.766,0.85,0.484,0.25,0.334,0.15,0.566
452,,0.9,0.716,0.8,0.434,0.2,0.284,0.1,0.516
453,,0.85,0.666,0.75,0.384,0.15,0.234,0.05,0.466
454,,0.8,0.616,0.7,0.334,0.1,0.184,0.0,0.416
455,,0.75,0.566,0.65,0.284,0.05,0.134,-0.05,0.366
456,7,0.8,0.333,0.3,0.051,0.1,0.467,0.95,0.699
457,7,0.85,0.1,-0.05,-0.182,0.15,0.8,1.0,1.0
458,4,0.617,0.15,0.283,0.818,0.483,0.85,0.767,0.65
459,4,0.384,0.2,0.616,1.0,0.816,0.9,0.534,0.3
460,,0.334,0.15,0.566,0.95,0.766,0.85,0.484,0.25
461,,0.284,0.1,0.516,0.9,0.716,0.8,0.434,0.2
462,,0.234,0.05,0.466,0.85,0.666,0.75,0.384,0.15
463,,0.184,0.0,0.416,0.8,0.616,0.7,0.334,0.1
464,,0.134,-0.05,0.366,0.75,0.566,0.65,0.284,0.05
465,2,0.467,0.95,0.699,0.8,0.333,0.3,0.051,0.1
466,2,0.8,1.0,1.0,0.85,0.1,-0.05,-0.182,0.15
467,7,0.85,0.767,0.65,0.617,0.15,0.283,0.818,0.483
468,7,0.9,0.534,0.3,0.384,0.2,0.616,1.0,0.816
469,,0.85,0.484,0.25,0.334,0.15,0.566,0.95,0.766
470,,0.8,0.434,0.2,0.284,0.1,0.516,0.9,0.716
471,,0.75,0.384,0.15,0.234,0.05,0.466,0.85,0.666
472,,0.7,0.334,0.1,0.184,0.0,0.416,0.8,0.616
473,,0.65,0.284,0.05,0.134,-0.05,0.366,0.75,0.566
474,5,0.3,0.051,0.1,0.467,0.95,0.699,0.8,0.333
475,5,-0.05,-0.182,0.15,0.8,1.0,1.0,0.85,0.1
476,2,0.283,0.818,0.483,0.85,0.767,0.65,0.617,0.15
477,2,0.616,1.0,0.816,0.9,0.534,0.3,0.384,0.2
478,,0.566,0.95,0.766,0.85,0.484,0.25,0.334,0.15
479,,0.516,0.9,0.716,0.8,0.434,0.2,0.284,0.1
480,,0.466,0.85,0.666,0.75,0.384,0.15,0.234,0.05
481,,0.416,0.8,0.616,0.7,0.334,0.1,0.184,0.0
482,,0.366,0.75,0.566,0.65,0.284,0.05,0.134,-0.05
483,8,0.699,0.8,0.333,0.3,0.051,0.1,0.467,0.95
484,8,1.0,0.85,0.1,-0.05,-0.182,0.15,0.8,1.0
485,5,0.65,0.617,0.15,0.283,0.818,0.483,0.85,0.767
486,5,0.3,0.384,0.2,0.616,1.0,0.816,0.9,0.534
487,,0.25,0.334,0.15,0.566,0.95,0.766,0.85,0.484
488,,0.2,0.284,0.1,0.516,0.9,0.716,0.8,0.434
489,,0.15,0.234,0.05,0.466,0.85,0.666,0.75,0.384
490,,0.1,0.184,0.0,0.416,0.8,0.616,0.7,0.334
491,,0.05,0.134,-0.05,0.366,0.75,0.566,0.65,0.284
492,3,0.1,0.467,0.95,0.699,0.8,0.333,0.3,0.051
493,3,0.15,0.8,1.0,1.0,0.85,0.1,-0.05,-0.182
494,8,0.483,0.85,0.767,0.65,0.617,0.15,0.283,0.818
495,8,0.816,0.9,0.534,0.3,0.384,0.2,0.616,1.0
496,,0.766,0.85,0.484,0.25,0.334,0.15,0.566,0.95
497,,0.716,0.8,0.434,0.2,0.284,0.1,0.516,0.9
498,,0.666,0.75,0.384,0.15,0.234,0.05,0.466,0.85
499,,0.616,0.7,0.334,0.1,0.184,0.0,0.416,0.8
500,,0.566,0.65,0.284,0.05,0.134,-0.05,0.366,0.75
501,6,0.333,0.3,0.051,0.1,0.467,0.95,0.699,0.8
502,6,0.1,-0.05,-0.182,0.15,0.8,1.0,1.0,0.85
503,3,0.15,0.283,0.818,0.483,0.85,0.767,0.65,0.617
504,3,0.2,0.616,1.0,0.816,0.9,0.534,0.3,0.384
505,,0.15,0.566,0.95,0.766,0.85,0.484,0.25,0.334
506,,0.1,0.516,0.9,0.716,0.8,0.434,0.2,0.284
507,,0.05,0.466,0.85,0.666,0.75,0.384,0.15,0.234
508,,0.0,0.416,0.8,0.616,0.7,0.334,0.1,0.184
509,,-0.05,0.366,0.75,0.566,0.65,0.284,0.05,0.134
510,1,0.95,0.699,0.8,0.333,0.3,0.051,0.1,0.467
511,1,1.0,1.0,0.85,0.1,-0.05,-0.182,0.15,0.8
512,6,0.767,0.65,0.617,0.15,0.283,0.818,0.483,0.85
513,6,0.534,0.3,0.384,0.2,0.616,1.0,0.816,0.9
514,,0.484,0.25,0.334,0.15,0.566,0.95,0.766,0.85
515,,0.434,0.2,0.284,0.1,0.516,0.9,0.716,0.8
516,,0.384,0.15,0.234,0.05,0.466,0.85,0.666,0.75
517,,0.334,0.1,0.184,0.0,0.416,0.8,0.616,0.7
518,,0.284,0.05,0.134,-0.05,0.366,0.75,0.566,0.65
519,4,0.051,0.1,0.467,0.95,0.699,0.8,0.333,0.3
520,4,-0.182,0.15,0.8,1.0,1.0,0.85,0.1,-0.05
521,1,0.818,0.483,0.85,0.767,0.65,0.617,0.15,0.283
522,1,1.0,0.816,0.9,0.534,0.3,0.384,0.2,0.616
523,,0.95,0.766,0.85,0.484,0.25,0.334,0.15,0.566
524,,0.9,0.716,0.8,0.434,0.2,0.284,0.1,0.516
525,,0.85,0.666,0.75,0.384,0.15,0.234,0.05,0.466
526,,0.8,0.616,0.7,0.334,0.1,0.184,0.0,0.416
527,,0.75,0.566,0.65,0.284,0.05,0.134,-0.05,0.366
528,7,0.8,0.333,0.3,0.051,0.1,0.467,0.95,0.699
529,7,0.85,0.1,-0.05,-0.182,0.15,0.8,1.0,1.0
530,4,0.617,0.15,0.283,0.818,0.483,0.85,0.767,0.65
531,4,0.384,0.2,0.616,1.0,0.816,0.9,0.534,0.3
532,,0.334,0.15,0.566,0.95,0.766,0.85,0.484,0.25
533,,0.284,0.1,0.516,0.9,0.716,0.8,0.434,0.2
534,,0.234,0.05,0.466,0.85,0.666,0.75,0.384,0.15
535,,0.184,0.0,0.416,0.8,0.616,0.7,0.334,0.1
536,,0.134,-0.05,0.366,0.75,0.566,0.65,0.284,0.05
537,2,0.467,0.95,0.699,0.8,0.333,0.3,0.051,0.1
538,2,0.8,1.0,1.0,0.85,0.1,-0.05,-0.182,0.15
539,7,0.85,0.767,0.65,0.617,0.15,0.283,0.818,0.483
540,7,0.9,0.534,0.3,0.384,0.2,0.616,1.0,0.816
541,,0.85,0.484,0.25,0.334,0.15,0.566,0.95,0.766
542,,0.8,0.434,0.2,0.284,0.1,0.516,0.9,0.716
543,,0.75,0.384,0.15,0.234,0.05,0.466,0.85,0.666
544,,0.7,0.334,0.1,0.184,0.0,0.416,0.8,0.616
545,,0.65,0.284,0.05,0.134,-0.05,0.366,0.75,0.566
546,5,0.3,0.051,0.1,0.467,0.95,0.699,0.8,0.333
547,5,-0.05,-0.182,0.15,0.8,1.0,1.0,0.85,0.1
548,2,0.283,0.818,0.483,0.85,0.767,0.65,0.617,0.15
549,2,0.616,1.0,0.816,0.9,0.534,0.3,0.384,0.2
550,,0.566,0.95,0.766,0.85,0.484,0.25,0.334,0.15
551,,0.516,0.9,0.716,0.8,0.434,0.2,0.284,0.1
552,,0.466,0.85,0.666,0.75,0.384,0.15,0.234,0.05
553,,0.416,0.8,0.616,0.7,0.334,0.1,0.184,0.0
554,,0.366,0.75,0.566,0.65,0.284,0.05,0.134,-0.05
555,8,0.699,0.8,0.333,0.3,0.051,0.1,0.467,0.95
556,8,1.0,0.85,0.1,-0.05,-0.182,0.15,0.8,1.0
557,5,0.65,0.617,0.15,0.283,0.818,0.483,0.85,0.767
558,5,0.3,0.384,0.2,0.616,1.0,0.816,0.9,0.534
559,,0.25,0.334,0.15,0.566,0.95,0.766,0.85,0.484
560,,0.2,0.284,0.1,0.516,0.9,0.716,0.8,0.434
561,,0.15,0.234,0.05,0.466,0.85,0.666,0.75,0.384
562,,0.1,0.184,0.0,0.416,0.8,0.616,0.7,0.334
563,,0.05,0.134,-0.05,0.366,0.75,0.566,0.65,0.284
564,3,0.1,0.467,0.95,0.699,0.8,0.333,0.3,0.051
565,3,0.15,0.8,1.0,1.0,0.85,0.1,-0.05,-0.182
566,8,0.483,0.85,0.767,0.65,0.617,0.15,0.283,0.818
567,8,0.816,0.9,0.534,0.3,0.384,0.2,0.616,1.0
568,,0.766,0.85,0.484,0.25,0.334,0.15,0.566,0.95
569,,0.716,0.8,0.434,0.2,0.284,0.1,0.516,0.9
570,,0.666,0.75,0.384,0.15,0.234,0.05,0.466,0.85
571,,0.616,0.7,0.334,0.1,0.184,0.0,0.416,0.8
572,,0.566,0.65,0.284,0.05,0.134,-0.05,0.366,0.75
573,6,0.333,0.3,0.051,0.1,0.467,0.95,0.699,0.8
574,6,0.1,-0.05,-0.182,0.15,0.8,1.0,1.0,0.85
575,3,0.15,0.283,0.818,0.483,0.85,0.767,0.65,0.617
576,3,0.2,0.616,1.0,0.816,0.9,0.534,0.3,0.384
577,,0.15,0.566,0.95,0.766,0.85,0.484,0.25,0.334
578,,0.1,0.516,0.9,0.716,0.8,0.434,0.2,0.284
579,,0.05,0.466,0.85,0.666,0.75,0.384,0.15,0.234
580,,0.0,0.416,0.8,0.616,0.7,0.334,0.1,0.184
581,,-0.05,0.366,0.75,0.566,0.65,0.284,0.05,0.134
582,1,0.95,0.699,0.8,0.333,0.3,0.051,0.1,0.467
583,1,1.0,1.0,0.85,0.1,-0.05,-0.182,0.15,0.8
584,6,0.767,0.65,0.617,0.15,0.283,0.818,0.483,0.85
585,6,0.534,0.3,0.384,0.2,0.616,1.0,0.816,0.9
586,,0.484,0.25,0.334,0.15,0.566,0.95,0.766,0.85
587,,0.434,0.2,0.284,0.1,0.516,0.9,0.716,0.8
588,,0.384,0.15,0.234,0.05,0.466,0.85,0.666,0.75
589,,0.334,0.1,0.184,0.0,0.416,0.8,0.616,0.7
590,,0.284,0.05,0.134,-0.05,0.366,0.75,0.566,0.65
591,4,0.051,0.1,0.467,0.95,0.699,0.8,0.333,0.3
592,4,-0.182,0.15,0.8,1.0,1.0,0.85,0.1,-0.05
593,1,0.818,0.483,0.85,0.767,0.65,0.617,0.15,0.283
594,1,1.0,0.816,0.9,0.534,0.3,0.384,0.2,0.616
595,,0.95,0.766,0.85,0.484,0.25,0.334,0.15,0.566
596,,0.9,0.716,0.8,0.434,0.2,0.284,0.1,0.516
597,,0.85,0.666,0.75,0.384,0.15,0.234,0.05,0.466
598,,0.8,0.616,0.7,0.334,0.1,0.184,0.0,0.416
599,,0.75,0.566,0.65,0.284,0.05,0.134,-0.05,0.366
600,7,0.8,0.333,0.3,0.051,0.1,0.467,0.95,0.699
601,7,0.85,0.1,-0.05,-0.182,0.15,0.8,1.0,1.0
602,4,0.617,0.15,0.283,0.818,0.483,0.85,0.767,0.65
603,4,0.384,0.2,0.616,1.0,0.816,0.9,0.534,0.3
604,,0.334,0.15,0.566,0.95,0.766,0.85,0.484,0.25
605,,0.284,0.1,0.516,0.9,0.716,0.8,0.434,0.2
606,,0.234,0.05,0.466,0.85,0.666,0.75,0.384,0.15
607,,0.184,0.0,0.416,0.8,0.616,0.7,0.334,0.1
608,,0.134,-0.05,0.366,0.75,0.566,0.65,0.284,0.05
609,2,0.467,0.95,0.699,0.8,0.333,0.3,0.051,0.1
610,2,0.8,1.0,1.0,0.85,0.1,-0.05,-0.182,0.15
611,7,0.85,0.767,0.65,0.617,0.15,0.283,0.818,0.483
612,7,0.9,0.534,0.3,0.384,0.2,0.616,1.0,0.816
613,,0.85,0.484,0.25,0.334,0.15,0.566,0.95,0.766
614,,0.8,0.434,0.2,0.284,0.1,0.516,0.9,0.716
615,,0.75,0.384,0.15,0.234,0.05,0.466,0.85,0.666
616,,0.7,0.334,0.1,0.184,0.0,0.416,0.8,0.616
617,,0.65,0.284,0.05,0.134,-0.05,0.366,0.75,0.566
618,5,0.3,0.051,0.1,0.467,0.95,0.699,0.8,0.333
619,5,-0.05,-0.182,0.15,0.8,1.0,1.0,0.85,0.1
620,2,0.283,0.818,0.483,0.85,0.767,0.65,0.617,0.15
621,2,0.616,1.0,0.816,0.9,0.534,0.3,0.384,0.2
622,,0.566,0.95,0.766,0.85,0.484,0.25,0.334,0.15
623,,0.516,0.9,0.716,0.8,0.434,0.2,0.284,0.1
624,,0.466,0.85,0.666,0.75,0.384,0.15,0.234,0.05
625,,0.416,0.8,0.616,0.7,0.334,0.1,0.184,0.0
626,,0.366,0.75,0.566,0.65,0.284,0.05,0.134,-0.05
627,8,0.699,0.8,0.333,0.3,0.051,0.1,0.467,0.95
628,8,1.0,0.85,0.1,-0.05,-0.182,0.15,0.8,1.0
629,5,0.65,0.617,0.15,0.283,0.818,0.483,0.85,0.767
630,5,0.3,0.384,0.2,0.616,1.0,0.816,0.9,0.534
631,,0.25,0.334,0.15,0.566,0.95,0.766,0.85,0.484
632,,0.2,0.284,0.1,0.516,0.9,0.716,0.8,0.434
633,,0.15,0.234,0.05,0.466,0.85,0.666,0.75,0.384
634,,0.1,0.184,0.0,0.416,0.8,0.616,0.7,0.334
635,,0.05,0.134,-0.05,0.366,0.75,0.566,0.65,0.284
636,3,0.1,0.467,0.95,0.699,0.8,0.333,0.3,0.051
637,3,0.15,0.8,1.0,1.0,0.85,0.1,-0.05,-0.182
638,8,0.483,0.85,0.767,0.65,0.617,0.15,0.283,0.818
639,8,0.816,0.9,0.534,0.3,0.384,0.2,0.616,1.0
640,,0.766,0.85,0.484,0.25,0.334,0.15,0.566,0.95
641,,0.716,0.8,0.434,0.2,0.284,0.1,0.516,0.9
642,,0.666,0.75,0.384,0.15,0.234,0.05,0.466,0.85
643,,0.616,0.7,0.334,0.1,0.184,0.0,0.416,0.8
644,,0.566,0.65,0.284,0.05,0.134,-0.05,0.366,0.75
645,6,0.333,0.3,0.051,0.1,0.467,0.95,0.699,0.8
646,6,0.1,-0.05,-0.182,0.15,0.8,1.0,1.0,0.85
647,3,0.15,0.283,0.818,0.483,0.85,0.767,0.65,0.617
648,3,0.2,0.616,1.0,0.816,0.9,0.534,0.3,0.384
649,,0.15,0.566,0.95,0.766,0.85,0.484,0.25,0.334
650,,0.1,0.516,0.9,0.716,0.8,0.434,0.2,0.284
651,,0.05,0.466,0.85,0.666,0.75,0.384,0.15,0.234
652,,0.0,0.416,0.8,0.616,0.7,0.334,0.1,0.184
653,,-0.05,0.366,0.75,0.566,0.65,0.284,0.05,0.134
654,1,0.95,0.699,0.8,0.333,0.3,0.051,0.1,0.467
655,1,1.0,1.0,0.85,0.1,-0.05,-0.182,0.15,0.8
656,6,0.767,0.65,0.617,0.15,0.283,0.818,0.483,0.85
657,6,0.534,0.3,0.384,0.2,0.616,1.0,0.816,0.9
658,,0.484,0.25,0.334,0.15,0.566,0.95,0.766,0.85
659,,0.434,0.2,0.284,0.1,0.516,0.9,0.716,0.8
660,,0.384,0.15,0.234,0.05,0.466,0.85,0.666,0.75
661,,0.334,0.1,0.184,0.0,0.416,0.8,0.616,0.7
662,,0.284,0.05,0.134,-0.05,0.366,0.75,0.566,0.65
663,4,0.051,0.1,0.467,0.95,0.699,0.8,0.333,0.3
664,4,-0.182,0.15,0.8,1.0,1.0,0.85,0.1,-0.05
665,1,0.818,0.483,0.85,0.767,0.65,0.617,0.15,0.283
666,1,1.0,0.816,0.9,0.534,0.3,0.384,0.2,0.616
667,,0.95,0.766,0.85,0.484,0.25,0.334,0.15,0.566
668,,0.9,0.716,0.8,0.434,0.2,0.284,0.1,0.516
669,,0.85,0.666,0.75,0.384,0.15,0.234,0.05,0.466
670,,0.8,0.616,0.7,0.334,0.1,0.184,0.0,0.416
671,,0.75,0.566,0.65,0.284,0.05,0.134,-0.05,0.366
672,7,0.8,0.333,0.3,0.051,0.1,0.467,0.95,0.699
673,7,0.85,0.1,-0.05,-0.182,0.15,0.8,1.0,1.0
674,4,0.617,0.15,0.283,0.818,0.483,0.85,0.767,0.65
675,4,0.384,0.2,0.616,1.0,0.816,0.9,0.534,0.3
676,,0.334,0.15,0.566,0.95,0.766,0.85,0.484,0.25
677,,0.284,0.1,0.516,0.9,0.716,0.8,0.434,0.2
678,,0.234,0.05,0.466,0.85,0.666,0.75,0.384,0.15
679,,0.184,0.0,0.416,0.8,0.616,0.7,0.334,0.1
680,,0.134,-0.05,0.366,0.75,0.566,0.65,0.284,0.05
681,2,0.467,0.95,0.699,0.8,0.333,0.3,0.051,0.1
682,2,0.8,1.0,1.0,0.85,0.1,-0.05,-0.182,0.15
683,7,0.85,0.767,0.65,0.617,0.15,0.283,0.818,0.483
684,7,0.9,0.534,0.3,0.384,0.2,0.616,1.0,0.816
685,,0.85,0.484,0.25,0.334,0.15,0.566,0.95,0.766
686,,0.8,0.434,0.2,0.284,0.1,0.516,0.9,0.716
687,,0.75,0.384,0.15,0.234,0.05,0.466,0.85,0.666
688,,0.7,0.334,0.1,0.184,0.0,0.416,0.8,0.616
689,,0.65,0.284,0.05,0.134,-0.05,0.366,0.75,0.566
690,5,0.3,0.051,0.1,0.467,0.95,0.699,0.8,0.333
691,5,-0.05,-0.182,0.15,0.8,1.0,1.0,0.85,0.1
692,2,0.283,0.818,0.483,0.85,0.767,0.65,0.617,0.15
693,2,0.616,1.0,0.816,0.9,0.534,0.3,0.384,0.2
694,,0.566,0.95,0.766,0.85,0.484,0.25,0.334,0.15
695,,0.516,0.9,0.716,0.8,0.434,0.2,0.284,0.1
696,,0.466,0.85,0.666,0.75,0.384,0.15,0.234,0.05
697,,0.416,0.8,0.616,0.7,0.334,0.1,0.184,0.0
698,,0.366,0.75,0.566,0.65,0.284,0.05,0.134,-0.05
699,8,0.699,0.8,0.333,0.3,0.051,0.1,0.467,0.95
700,8,1.0,0.85,0.1,-0.05,-0.182,0.15,0.8,1.0
701,5,0.65,0.617,0.15,0.283,0.818,0.483,0.85,0.767
702,5,0.3,0.384,0.2,0.616,1.0,0.816,0.9,0.534
703,,0.25,0.334,0.15,0.566,0.95,0.766,0.85,0.484
704,,0.2,0.284,0.1,0.516,0.9,0.716,0.8,0.434
705,,0.15,0.234,0.05,0.466,0.85,0.666,0.75,0.384
706,,0.1,0.184,0.0,0.416,0.8,0.616,0.7,0.334
707,,0.05,0.134,-0.05,0.366,0.75,0.566,0.65,0.284
708,3,0.1,0.467,0.95,0.699,0.8,0.333,0.3,0.051
709,3,0.15,0.8,1.0,1.0,0.85,0.1,-0.05,-0.182
710,8,0.483,0.85,0.767,0.65,0.617,0.15,0.283,0.818
711,8,0.816,0.9,0.534,0.3,0.384,0.2,0.616,1.0
712,,0.766,0.85,0.484,0.25,0.334,0.15,0.566,0.95
713,,0.716,0.8,0.434,0.2,0.284,0.1,0.516,0.9
714,,0.666,0.75,0.384,0.15,0.234,0.05,0.466,0.85
715,,0.616,0.7,0.334,0.1,0.184,0.0,0.416,0.8
716,,0.566,0.65,0.284,0.05,0.134,-0.05,0.366,0.75
717,6,0.333,0.3,0.051,0.1,0.467,0.95,0.699,0.8
718,6,0.1,-0.05,-0.182,0.15,0.8,1.0,1.0,0.85
719,3,0.15,0.283,0.818,0.483,0.85,0.767,0.65,0.617
720,3,0.2,0.616,1.0,0.816,0.9,0.534,0.3,0.384
721,,0.15,0.566,0.95,0.766,0.85,0.484,0.25,0.334
722,,0.1,0.516,0.9,0.716,0.8,0.434,0.2,0.284
723,,0.05,0.466,0.85,0.666,0.75,0.384,0.15,0.234
724,,0.0,0.416,0.8,0.616,0.7,0.334,0.1,0.184
725,,-0.05,0.366,0.75,0.566,0.65,0.284,0.05,0.134
726,1,0.95,0.699,0.8,0.333,0.3,0.051,0.1,0.467
727,1,1.0,1.0,0.85,0.1,-0.05,-0.182,0.15,0.8
728,6,0.767,0.65,0.617,0.15,0.283,0.818,0.483,0.85
729,6,0.534,0.3,0.384,0.2,0.616,1.0,0.816,0.9
730,,0.484,0.25,0.334,0.15,0.566,0.95,0.766,0.85
731,,0.434,0.2,0.284,0.1,0.516,0.9,0.716,0.8
732,,0.384,0.15,0.234,0.05,0.466,0.85,0.666,0.75
733,,0.334,0.1,0.184,0.0,0.416,0.8,0.616,0.7
734,,0.284,0.05,0.134,-0.05,0.366,0.75,0.566,0.65
735,4,0.051,0.1,0.467,0.95,0.699,0.8,0.333,0.3
736,4,-0.182,0.15,0.8,1.0,1.0,0.85,0.1,-0.05
737,1,0.818,0.483,0.85,0.767,0.65,0.617,0.15,0.283
738,1,1.0,0.816,0.9,0.534,0.3,0.384,0.2,0.616
739,,0.95,0.766,0.85,0.484,0.25,0.334,0.15,0.566
740,,0.9,0.716,0.8,0.434,0.2,0.284,0.1,0.516
741,,0.85,0.666,0.75,0.384,0.15,0.234,0.05,0.466
742,,0.8,0.616,0.7,0.334,0.1,0.184,0.0,0.416
743,,0.75,0.566,0.65,0.284,0.05,0.134,-0.05,0.366
744,7,0.8,0.333,0.3,0.051,0.1,0.467,0.95,0.699
745,7,0.85,0.1,-0.05,-0.182,0.15,0.8,1.0,1.0
746,4,0.617,0.15,0.283,0.818,0.483,0.85,0.767,0.65
747,4,0.384,0.2,0.616,1.0,0.816,0.9,0.534,0.3
748,,0.334,0.15,0.566,0.95,0.766,0.85,0.484,0.25
749,,0.284,0.1,0.516,0.9,0.716,0.8,0.434,0.2
750,,0.234,0.05,0.466,0.85,0.666,0.75,0.384,0.15
751,,0.184,0.0,0.416,0.8,0.616,0.7,0.334,0.1
752,,0.134,-0.05,0.366,0.75,0.566,0.65,0.284,0.05
753,2,0.467,0.95,0.699,0.8,0.333,0.3,0.051,0.1
754,2,0.8,1.0,1.0,0.85,0.1,-0.05,-0.182,0.15
755,7,0.85,0.767,0.65,0.617,0.15,0.283,0.818,0.483
756,7,0.9,0.534,0.3,0.384,0.2,0.616,1.0,0.816
757,,0.85,0.484,0.25,0.334,0.15,0.566,0.95,0.766
758,,0.8,0.434,0.2,0.284,0.1,0.516,0.9,0.716
759,,0.75,0.384,0.15,0.234,0.05,0.466,0.85,0.666
760,,0.7,0.334,0.1,0.184,0.0,0.416,0.8,0.616
761,,0.65,0.284,0.05,0.134,-0.05,0.366,0.75,0.566
762,5,0.3,0.051,0.1,0.467,0.95,0.699,0.8,0.333
763,5,-0.05,-0.182,0.15,0.8,1.0,1.0,0.85,0.1
764,2,0.283,0.818,0.483,0.85,0.767,0.65,0.617,0.15
765,2,0.616,1.0,0.816,0.9,0.534,0.3,0.384,0.2
766,,0.566,0.95,0.766,0.85,0.484,0.25,0.334,0.15
767,,0.516,0.9,0.716,0.8,0.434,0.2,0.284,0.1
768,,0.466,0.85,0.666,0.75,0.384,0.15,0.234,0.05
769,,0.416,0.8,0.616,0.7,0.334,0.1,0.184,0.0
770,,0.366,0.75,0.566,0.65,0.284,0.05,0.134,-0.05
771,8,0.699,0.8,0.333,0.3,0.051,0.1,0.467,0.95
772,8,1.0,0.85,0.1,-0.05,-0.182,0.15,0.8,1.0
773,5,0.65,0.617,0.15,0.283,0.818,0.483,0.85,0.767
774,5,0.3,0.384,0.2,0.616,1.0,0.816,0.9,0.534
775,,0.25,0.334,0.15,0.566,0.95,0.766,0.85,0.484
776,,0.2,0.284,0.1,0.516,0.9,0.716,0.8,0.434
777,,0.15,0.234,0.05,0.466,0.85,0.666,0.75,0.384
778,,0.1,0.184,0.0,0.416,0.8,0.616,0.7,0.334
779,,0.05,0.134,-0.05,0.366,0.75,0.566,0.65,0.284
780,3,0.1,0.467,0.95,0.699,0.8,0.333,0.3,0.051
781,3,0.15,0.8,1.0,1.0,0.85,0.1,-0.05,-0.182
782,8,0.483,0.85,0.767,0.65,0.617,0.15,0.283,0.818
783,8,0.816,0.9,0.534,0.3,0.384,0.2,0.616,1.0
784,,0.766,0.85,0.484,0.25,0.334,0.15,0.566,0.95
785,,0.716,0.8,0.434,0.2,0.284,0.1,0.516,0.9
786,,0.666,0.75,0.384,0.15,0.234,0.05,0.466,0.85
787,,0.616,0.7,0.334,0.1,0.184,0.0,0.416,0.8
788,,0.566,0.65,0.284,0.05,0.134,-0.05,0.366,0.75
789,6,0.333,0.3,0.051,0.1,0.467,0.95,0.699,0.8
790,6,0.1,-0.05,-0.182,0.15,0.8,1.0,1.0,0.85
791,3,0.15,0.283,0.818,0.483,0.85,0.767,0.65,0.617
792,3,0.2,0.616,1.0,0.816,0.9,0.534,0.3,0.384
793,,0.15,0.566,0.95,0.766,0.85,0.484,0.25,0.334
794,,0.1,0.516,0.9,0.716,0.8,0.434,0.2,0.284
795,,0.05,0.466,0.85,0.666,0.75,0.384,0.15,0.234
796,,0.0,0.416,0.8,0.616,0.7,0.334,0.1,0.184
797,,-0.05,0.366,0.75,0.566,0.65,0.284,0.05,0.134
798,1,0.95,0.699,0.8,0.333,0.3,0.051,0.1,0.467
799,1,1.0,1.0,0.85,0.1,-0.05,-0.182,0.15,0.8
800,6,0.767,0.65,0.617,0.15,0.283,0.818,0.483,0.85
801,6,0.534,0.3,0.384,0.2,0.616,1.0,0.816,0.9
802,,0.484,0.25,0.334,0.15,0.566,0.95,0.766,0.85
803,,0.434,0.2,0.284,0.1,0.516,0.9,0.716,0.8
804,,0.384,0.15,0.234,0.05,0.466,0.85,0.666,0.75
805,,0.334,0.1,0.184,0.0,0.416,0.8,0.616,0.7
806,,0.284,0.05,0.134,-0.05,0.366,0.75,0.566,0.65
807,4,0.051,0.1,0.467,0.95,0.699,0.8,0.333,0.3
808,4,-0.182,0.15,0.8,1.0,1.0,0.85,0.1,-0.05
809,1,0.818,0.483,0.85,0.767,0.65,0.617,0.15,0.283
810,1,1.0,0.816,0.9,0.534,0.3,0.384,0.2,0.616
811,,0.95,0.766,0.85,0.484,0.25,0.334,0.15,0.566
812,,0.9,0.716,0.8,0.434,0.2,0.284,0.1,0.516
813,,0.85,0.666,0.75,0.384,0.15,0.234,0.05,0.466
814,,0.8,0.616,0.7,0.334,0.1,0.184,0.0,0.416
815,,0.75,0.566,0.65,0.284,0.05,0.134,-0.05,0.366
816,7,0.8,0.333,0.3,0.051,0.1,0.467,0.95,0.699
817,7,0.85,0.1,-0.05,-0.182,0.15,0.8,1.0,1.0
818,4,0.617,0.15,0.283,0.818,0.483,0.85,0.767,0.65
819,4,0.384,0.2,0.616,1.0,0.816,0.9,0.534,0.3
820,,0.334,0.15,0.566,0.95,0.766,0.85,0.484,0.25
821,,0.284,0.1,0.516,0.9,0.716,0.8,0.434,0.2
822,,0.234,0.05,0.466,0.85,0.666,0.75,0.384,0.15
823,,0.184,0.0,0.416,0.8,0.616,0.7,0.334,0.1
824,,0.134,-0.05,0.366,0.75,0.566,0.65,0.284,0.05
825,2,0.467,0.95,0.699,0.8,0.333,0.3,0.051,0.1
826,2,0.8,1.0,1.0,0.85,0.1,-0.05,-0.182,0.15
827,7,0.85,0.767,0.65,0.617,0.15,0.283,0.818,0.483
828,7,0.9,0.534,0.3,0.384,0.2,0.616,1.0,0.816
829,,0.85,0.484,0.25,0.334,0.15,0.566,0.95,0.766
830,,0.8,0.434,0.2,0.284,0.1,0.516,0.9,0.716
831,,0.75,0.384,0.15,0.234,0.05,0.466,0.85,0.666
832,,0.7,0.334,0.1,0.184,0.0,0.416,0.8,0.616
833,,0.65,0.284,0.05,0.134,-0.05,0.366,0.75,0.566
834,5,0.3,0.051,0.1,0.467,0.95,0.699,0.8,0.333
