step,active_motive,motive_1,motive_2,motive_3,motive_4,motive_5,motive_6,motive_7,motive_8
0,,0.09004,0.06331,0.0339,0.03492,0.0726,0.08971,0.08871,0.07799
1,,0.04004,0.01331,-0.0161,-0.01508,0.0226,0.03971,0.03871,0.02799
2,3,0.19004,0.23431,0.9839,0.20592,0.1726,0.11871,0.08871,0.10699
3,3,0.34004,0.45531,1.0,0.42692,0.3226,0.19771,0.13871,0.18599
4,,0.29004,0.40531,0.95,0.37692,0.2726,0.14771,0.08871,0.13599
5,,0.24004,0.35531,0.9,0.32692,0.2226,0.09771,0.03871,0.08599
6,,0.19004,0.30531,0.85,0.27692,0.1726,0.04771,-0.01129,0.03599
7,7,0.34004,0.38431,0.9,0.35592,0.3226,0.26871,0.98871,0.25699
8,7,0.49004,0.46331,0.95,0.43492,0.4726,0.48971,1.0,0.47799
9,,0.44004,0.41331,0.9,0.38492,0.4226,0.43971,0.95,0.42799
10,,0.39004,0.36331,0.85,0.33492,0.3726,0.38971,0.9,0.37799
11,,0.34004,0.31331,0.8,0.28492,0.3226,0.33971,0.85,0.32799
12,,0.29004,0.26331,0.75,0.23492,0.2726,0.28971,0.8,0.27799
13,,0.24004,0.21331,0.7,0.18492,0.2226,0.23971,0.75,0.22799
14,,0.19004,0.16331,0.65,0.13492,0.1726,0.18971,0.7,0.17799
15,,0.14004,0.11331,0.6,0.08492,0.1226,0.13971,0.65,0.12799
16,,0.09004,0.06331,0.55,0.03492,0.0726,0.08971,0.6,0.07799
17,,0.04004,0.01331,0.5,-0.01508,0.0226,0.03971,0.55,0.02799
18,4,0.11904,0.16331,0.721,0.98492,0.2436,0.18971,0.629,0.07799
19,4,0.19804,0.31331,0.942,1.0,0.4646,0.33971,0.708,0.12799
20,,0.14804,0.26331,0.892,0.95,0.4146,0.28971,0.658,0.07799
21,,0.09804,0.21331,0.842,0.9,0.3646,0.23971,0.608,0.02799
22,,0.04804,0.16331,0.792,0.85,0.3146,0.18971,0.558,-0.02201
23,8,0.26904,0.31331,0.871,0.9,0.3936,0.33971,0.779,0.97799
24,8,0.49004,0.46331,0.95,0.95,0.4726,0.48971,1.0,1.0
25,,0.44004,0.41331,0.9,0.9,0.4226,0.43971,0.95,0.95
26,,0.39004,0.36331,0.85,0.85,0.3726,0.38971,0.9,0.9
27,,0.34004,0.31331,0.8,0.8,0.3226,0.33971,0.85,0.85
28,,0.29004,0.26331,0.75,0.75,0.2726,0.28971,0.8,0.8
29,,0.24004,0.21331,0.7,0.7,0.2226,0.23971,0.75,0.75
30,,0.19004,0.16331,0.65,0.65,0.1726,0.18971,0.7,0.7
31,,0.14004,0.11331,0.6,0.6,0.1226,0.13971,0.65,0.65
32,,0.09004,0.06331,0.55,0.55,0.0726,0.08971,0.6,0.6
33,,0.04004,0.01331,0.5,0.5,0.0226,0.03971,0.55,0.55
34,,-0.00996,-0.03669,0.45,0.45,-0.0274,-0.01029,0.5,0.5
35,2,0.21104,0.96331,0.671,0.6,0.0516,0.03971,0.579,0.65
36,2,0.43204,1.0,0.892,0.75,0.1306,0.08971,0.658,0.8
37,,0.38204,0.95,0.842,0.7,0.0806,0.03971,0.608,0.75
38,,0.33204,0.9,0.792,0.65,0.0306,-0.01029,0.558,0.7
39,6,0.41104,0.95,0.871,0.8,0.2516,0.98971,0.779,0.85
40,6,0.49004,1.0,0.95,0.95,0.4726,1.0,1.0,1.0
41,,0.44004,0.95,0.9,0.9,0.4226,0.95,0.95,0.95
42,,0.39004,0.9,0.85,0.85,0.3726,0.9,0.9,0.9
43,,0.34004,0.85,0.8,0.8,0.3226,0.85,0.85,0.85
44,,0.29004,0.8,0.75,0.75,0.2726,0.8,0.8,0.8
45,,0.24004,0.75,0.7,0.7,0.2226,0.75,0.75,0.75
46,,0.19004,0.7,0.65,0.65,0.1726,0.7,0.7,0.7
47,,0.14004,0.65,0.6,0.6,0.1226,0.65,0.65,0.65
48,,0.09004,0.6,0.55,0.55,0.0726,0.6,0.6,0.6
49,,0.04004,0.55,0.5,0.5,0.0226,0.55,0.55,0.55
50,,-0.00996,0.5,0.45,0.45,-0.0274,0.5,0.5,0.5
51,5,0.04004,0.579,0.6,0.671,0.9726,0.721,0.65,0.579
52,5,0.09004,0.658,0.75,0.892,1.0,0.942,0.8,0.658
53,,0.04004,0.608,0.7,0.842,0.95,0.892,0.75,0.608
54,,-0.00996,0.558,0.65,0.792,0.9,0.842,0.7,0.558
55,1,0.99004,0.779,0.8,0.871,0.95,0.921,0.85,0.779
56,1,1.0,1.0,0.95,0.95,1.0,1.0,1.0,1.0
57,,0.95,0.95,0.9,0.9,0.95,0.95,0.95,0.95
58,,0.9,0.9,0.85,0.85,0.9,0.9,0.9,0.9
59,,0.85,0.85,0.8,0.8,0.85,0.85,0.85,0.85
60,,0.8,0.8,0.75,0.75,0.8,0.8,0.8,0.8
61,,0.75,0.75,0.7,0.7,0.75,0.75,0.75,0.75
62,,0.7,0.7,0.65,0.65,0.7,0.7,0.7,0.7
63,,0.65,0.65,0.6,0.6,0.65,0.65,0.65,0.65
64,,0.6,0.6,0.55,0.55,0.6,0.6,0.6,0.6
65,,0.55,0.55,0.5,0.5,0.55,0.55,0.55,0.55
66,,0.5,0.5,0.45,0.45,0.5,0.5,0.5,0.5
67,,0.45,0.45,0.4,0.4,0.45,0.45,0.45,0.45
68,,0.4,0.4,0.35,0.35,0.4,0.4,0.4,0.4
69,,0.35,0.35,0.3,0.3,0.35,0.35,0.35,0.35
70,,0.3,0.3,0.25,0.25,0.3,0.3,0.3,0.3
71,,0.25,0.25,0.2,0.2,0.25,0.25,0.25,0.25
72,,0.2,0.2,0.15,0.15,0.2,0.2,0.2,0.2
73,,0.15,0.15,0.1,0.1,0.15,0.15,0.15,0.15
74,,0.1,0.1,0.05,0.05,0.1,0.1,0.1,0.1
75,,0.05,0.05,0.0,0.0,0.05,0.05,0.05,0.05
76,,0.0,0.0,-0.05,-0.05,0.0,0.0,0.0,0.0
77,4,0.079,0.15,0.171,0.95,0.221,0.15,0.079,0.05
78,4,0.158,0.3,0.392,1.0,0.442,0.3,0.158,0.1
79,,0.108,0.25,0.342,0.95,0.392,0.25,0.108,0.05
80,,0.058,0.2,0.292,0.9,0.342,0.2,0.058,0.0
81,,0.008,0.15,0.242,0.85,0.292,0.15,0.008,-0.05
82,8,0.229,0.3,0.321,0.9,0.371,0.3,0.229,0.95
83,8,0.45,0.45,0.4,0.95,0.45,0.45,0.45,1.0
84,,0.4,0.4,0.35,0.9,0.4,0.4,0.4,0.95
85,,0.35,0.35,0.3,0.85,0.35,0.35,0.35,0.9
86,,0.3,0.3,0.25,0.8,0.3,0.3,0.3,0.85
87,,0.25,0.25,0.2,0.75,0.25,0.25,0.25,0.8
88,,0.2,0.2,0.15,0.7,0.2,0.2,0.2,0.75
89,,0.15,0.15,0.1,0.65,0.15,0.15,0.15,0.7
90,,0.1,0.1,0.05,0.6,0.1,0.1,0.1,0.65
91,,0.05,0.05,0.0,0.55,0.05,0.05,0.05,0.6
92,,0.0,0.0,-0.05,0.5,0.0,0.0,0.0,0.55
93,3,0.15,0.221,0.95,0.721,0.15,0.079,0.05,0.629
94,3,0.3,0.442,1.0,0.942,0.3,0.158,0.1,0.708
95,,0.25,0.392,0.95,0.892,0.25,0.108,0.05,0.658
96,,0.2,0.342,0.9,0.842,0.2,0.058,0.0,0.608
97,,0.15,0.292,0.85,0.792,0.15,0.008,-0.05,0.558
98,7,0.3,0.371,0.9,0.871,0.3,0.229,0.95,0.779
99,7,0.45,0.45,0.95,0.95,0.45,0.45,1.0,1.0
100,,0.4,0.4,0.9,0.9,0.4,0.4,0.95,0.95
101,,0.35,0.35,0.85,0.85,0.35,0.35,0.9,0.9
102,,0.3,0.3,0.8,0.8,0.3,0.3,0.85,0.85
103,,0.25,0.25,0.75,0.75,0.25,0.25,0.8,0.8
104,,0.2,0.2,0.7,0.7,0.2,0.2,0.75,0.75
105,,0.15,0.15,0.65,0.65,0.15,0.15,0.7,0.7
106,,0.1,0.1,0.6,0.6,0.1,0.1,0.65,0.65
107,,0.05,0.05,0.55,0.55,0.05,0.05,0.6,0.6
108,,0.0,0.0,0.5,0.5,0.0,0.0,0.55,0.55
109,,-0.05,-0.05,0.45,0.45,-0.05,-0.05,0.5,0.5
110,6,0.029,0.0,0.529,0.6,0.171,0.95,0.721,0.65
111,6,0.108,0.05,0.608,0.75,0.392,1.0,0.942,0.8
112,,0.058,0.0,0.558,0.7,0.342,0.95,0.892,0.75
113,,0.008,-0.05,0.508,0.65,0.292,0.9,0.842,0.7
114,2,0.229,0.95,0.729,0.8,0.371,0.95,0.921,0.85
115,2,0.45,1.0,0.95,0.95,0.45,1.0,1.0,1.0
116,,0.4,0.95,0.9,0.9,0.4,0.95,0.95,0.95
117,,0.35,0.9,0.85,0.85,0.35,0.9,0.9,0.9
118,,0.3,0.85,0.8,0.8,0.3,0.85,0.85,0.85
119,,0.25,0.8,0.75,0.75,0.25,0.8,0.8,0.8
120,,0.2,0.75,0.7,0.7,0.2,0.75,0.75,0.75
121,,0.15,0.7,0.65,0.65,0.15,0.7,0.7,0.7
122,,0.1,0.65,0.6,0.6,0.1,0.65,0.65,0.65
123,,0.05,0.6,0.55,0.55,0.05,0.6,0.6,0.6
124,,0.0,0.55,0.5,0.5,0.0,0.55,0.55,0.55
125,,-0.05,0.5,0.45,0.45,-0.05,0.5,0.5,0.5
126,1,0.95,0.721,0.6,0.529,0.0,0.579,0.65,0.721
127,1,1.0,0.942,0.75,0.608,0.05,0.658,0.8,0.942
128,,0.95,0.892,0.7,0.558,0.0,0.608,0.75,0.892
129,,0.9,0.842,0.65,0.508,-0.05,0.558,0.7,0.842
130,5,0.95,0.921,0.8,0.729,0.95,0.779,0.85,0.921
131,5,1.0,1.0,0.95,0.95,1.0,1.0,1.0,1.0
132,,0.95,0.95,0.9,0.9,0.95,0.95,0.95,0.95
133,,0.9,0.9,0.85,0.85,0.9,0.9,0.9,0.9
134,,0.85,0.85,0.8,0.8,0.85,0.85,0.85,0.85
135,,0.8,0.8,0.75,0.75,0.8,0.8,0.8,0.8
136,,0.75,0.75,0.7,0.7,0.75,0.75,0.75,0.75
137,,0.7,0.7,0.65,0.65,0.7,0.7,0.7,0.7
138,,0.65,0.65,0.6,0.6,0.65,0.65,0.65,0.65
139,,0.6,0.6,0.55,0.55,0.6,0.6,0.6,0.6
140,,0.55,0.55,0.5,0.5,0.55,0.55,0.55,0.55
141,,0.5,0.5,0.45,0.45,0.5,0.5,0.5,0.5
142,,0.45,0.45,0.4,0.4,0.45,0.45,0.45,0.45
143,,0.4,0.4,0.35,0.35,0.4,0.4,0.4,0.4
144,,0.35,0.35,0.3,0.3,0.35,0.35,0.35,0.35
145,,0.3,0.3,0.25,0.25,0.3,0.3,0.3,0.3
146,,0.25,0.25,0.2,0.2,0.25,0.25,0.25,0.25
147,,0.2,0.2,0.15,0.15,0.2,0.2,0.2,0.2
148,,0.15,0.15,0.1,0.1,0.15,0.15,0.15,0.15
149,,0.1,0.1,0.05,0.05,0.1,0.1,0.1,0.1
150,,0.05,0.05,0.0,0.0,0.05,0.05,0.05,0.05
151,,0.0,0.0,-0.05,-0.05,0.0,0.0,0.0,0.0
152,3,0.15,0.221,0.95,0.171,0.15,0.079,0.05,0.079
153,3,0.3,0.442,1.0,0.392,0.3,0.158,0.1,0.158
154,,0.25,0.392,0.95,0.342,0.25,0.108,0.05,0.108
155,,0.2,0.342,0.9,0.292,0.2,0.058,0.0,0.058
156,,0.15,0.292,0.85,0.242,0.15,0.008,-0.05,0.008
157,7,0.3,0.371,0.9,0.321,0.3,0.229,0.95,0.229
158,7,0.45,0.45,0.95,0.4,0.45,0.45,1.0,0.45
159,,0.4,0.4,0.9,0.35,0.4,0.4,0.95,0.4
160,,0.35,0.35,0.85,0.3,0.35,0.35,0.9,0.35
161,,0.3,0.3,0.8,0.25,0.3,0.3,0.85,0.3
162,,0.25,0.25,0.75,0.2,0.25,0.25,0.8,0.25
163,,0.2,0.2,0.7,0.15,0.2,0.2,0.75,0.2
164,,0.15,0.15,0.65,0.1,0.15,0.15,0.7,0.15
165,,0.1,0.1,0.6,0.05,0.1,0.1,0.65,0.1
166,,0.05,0.05,0.55,0.0,0.05,0.05,0.6,0.05
167,,0.0,0.0,0.5,-0.05,0.0,0.0,0.55,0.0
168,4,0.079,0.15,0.721,0.95,0.221,0.15,0.629,0.05
169,4,0.158,0.3,0.942,1.0,0.442,0.3,0.708,0.1
170,,0.108,0.25,0.892,0.95,0.392,0.25,0.658,0.05
171,,0.058,0.2,0.842,0.9,0.342,0.2,0.608,0.0
172,,0.008,0.15,0.792,0.85,0.292,0.15,0.558,-0.05
173,8,0.229,0.3,0.871,0.9,0.371,0.3,0.779,0.95
174,8,0.45,0.45,0.95,0.95,0.45,0.45,1.0,1.0
175,,0.4,0.4,0.9,0.9,0.4,0.4,0.95,0.95
176,,0.35,0.35,0.85,0.85,0.35,0.35,0.9,0.9
177,,0.3,0.3,0.8,0.8,0.3,0.3,0.85,0.85
178,,0.25,0.25,0.75,0.75,0.25,0.25,0.8,0.8
179,,0.2,0.2,0.7,0.7,0.2,0.2,0.75,0.75
180,,0.15,0.15,0.65,0.65,0.15,0.15,0.7,0.7
181,,0.1,0.1,0.6,0.6,0.1,0.1,0.65,0.65
182,,0.05,0.05,0.55,0.55,0.05,0.05,0.6,0.6
183,,0.0,0.0,0.5,0.5,0.0,0.0,0.55,0.55
184,,-0.05,-0.05,0.45,0.45,-0.05,-0.05,0.5,0.5
185,6,0.029,0.0,0.529,0.6,0.171,0.95,0.721,0.65
186,6,0.108,0.05,0.608,0.75,0.392,1.0,0.942,0.8
187,,0.058,0.0,0.558,0.7,0.342,0.95,0.892,0.75
188,,0.008,-0.05,0.508,0.65,0.292,0.9,0.842,0.7
189,2,0.229,0.95,0.729,0.8,0.371,0.95,0.921,0.85
190,2,0.45,1.0,0.95,0.95,0.45,1.0,1.0,1.0
191,,0.4,0.95,0.9,0.9,0.4,0.95,0.95,0.95
192,,0.35,0.9,0.85,0.85,0.35,0.9,0.9,0.9
193,,0.3,0.85,0.8,0.8,0.3,0.85,0.85,0.85
194,,0.25,0.8,0.75,0.75,0.25,0.8,0.8,0.8
195,,0.2,0.75,0.7,0.7,0.2,0.75,0.75,0.75
196,,0.15,0.7,0.65,0.65,0.15,0.7,0.7,0.7
197,,0.1,0.65,0.6,0.6,0.1,0.65,0.65,0.65
198,,0.05,0.6,0.55,0.55,0.05,0.6,0.6,0.6
199,,0.0,0.55,0.5,0.5,0.0,0.55,0.55,0.55
200,,-0.05,0.5,0.45,0.45,-0.05,0.5,0.5,0.5
201,5,0.0,0.579,0.6,0.671,0.95,0.721,0.65,0.579
202,5,0.05,0.658,0.75,0.892,1.0,0.942,0.8,0.658
203,,0.0,0.608,0.7,0.842,0.95,0.892,0.75,0.608
204,,-0.05,0.558,0.65,0.792,0.9,0.842,0.7,0.558
205,1,0.95,0.779,0.8,0.871,0.95,0.921,0.85,0.779
206,1,1.0,1.0,0.95,0.95,1.0,1.0,1.0,1.0
207,,0.95,0.95,0.9,0.9,0.95,0.95,0.95,0.95
208,,0.9,0.9,0.85,0.85,0.9,0.9,0.9,0.9
209,,0.85,0.85,0.8,0.8,0.85,0.85,0.85,0.85
210,,0.8,0.8,0.75,0.75,0.8,0.8,0.8,0.8
211,,0.75,0.75,0.7,0.7,0.75,0.75,0.75,0.75
212,,0.7,0.7,0.65,0.65,0.7,0.7,0.7,0.7
213,,0.65,0.65,0.6,0.6,0.65,0.65,0.65,0.65
214,,0.6,0.6,0.55,0.55,0.6,0.6,0.6,0.6
215,,0.55,0.55,0.5,0.5,0.55,0.55,0.55,0.55
216,,0.5,0.5,0.45,0.45,0.5,0.5,0.5,0.5
217,,0.45,0.45,0.4,0.4,0.45,0.45,0.45,0.45
218,,0.4,0.4,0.35,0.35,0.4,0.4,0.4,0.4
219,,0.35,0.35,0.3,0.3,0.35,0.35,0.35,0.35
220,,0.3,0.3,0.25,0.25,0.3,0.3,0.3,0.3
221,,0.25,0.25,0.2,0.2,0.25,0.25,0.25,0.25
222,,0.2,0.2,0.15,0.15,0.2,0.2,0.2,0.2
223,,0.15,0.15,0.1,0.1,0.15,0.15,0.15,0.15
224,,0.1,0.1,0.05,0.05,0.1,0.1,0.1,0.1
225,,0.05,0.05,0.0,0.0,0.05,0.05,0.05,0.05
226,,0.0,0.0,-0.05,-0.05,0.0,0.0,0.0,0.0
227,4,0.079,0.15,0.171,0.95,0.221,0.15,0.079,0.05
228,4,0.158,0.3,0.392,1.0,0.442,0.3,0.158,0.1
229,,0.108,0.25,0.342,0.95,0.392,0.25,0.108,0.05
230,,0.058,0.2,0.292,0.9,0.342,0.2,0.058,0.0
231,,0.008,0.15,0.242,0.85,0.292,0.15,0.008,-0.05
232,8,0.229,0.3,0.321,0.9,0.371,0.3,0.229,0.95
233,8,0.45,0.45,0.4,0.95,0.45,0.45,0.45,1.0
234,,0.4,0.4,0.35,0.9,0.4,0.4,0.4,0.95
235,,0.35,0.35,0.3,0.85,0.35,0.35,0.35,0.9
236,,0.3,0.3,0.25,0.8,0.3,0.3,0.3,0.85
237,,0.25,0.25,0.2,0.75,0.25,0.25,0.25,0.8
238,,0.2,0.2,0.15,0.7,0.2,0.2,0.2,0.75
239,,0.15,0.15,0.1,0.65,0.15,0.15,0.15,0.7
240,,0.1,0.1,0.05,0.6,0.1,0.1,0.1,0.65
241,,0.05,0.05,0.0,0.55,0.05,0.05,0.05,0.6
242,,0.0,0.0,-0.05,0.5,0.0,0.0,0.0,0.55
243,3,0.15,0.221,0.95,0.721,0.15,0.079,0.05,0.629
244,3,0.3,0.442,1.0,0.942,0.3,0.158,0.1,0.708
245,,0.25,0.392,0.95,0.892,0.25,0.108,0.05,0.658
246,,0.2,0.342,0.9,0.842,0.2,0.058,0.0,0.608
247,,0.15,0.292,0.85,0.792,0.15,0.008,-0.05,0.558
248,7,0.3,0.371,0.9,0.871,0.3,0.229,0.95,0.779
249,7,0.45,0.45,0.95,0.95,0.45,0.45,1.0,1.0
250,,0.4,0.4,0.9,0.9,0.4,0.4,0.95,0.95
251,,0.35,0.35,0.85,0.85,0.35,0.35,0.9,0.9
252,,0.3,0.3,0.8,0.8,0.3,0.3,0.85,0.85
253,,0.25,0.25,0.75,0.75,0.25,0.25,0.8,0.8
254,,0.2,0.2,0.7,0.7,0.2,0.2,0.75,0.75
255,,0.15,0.15,0.65,0.65,0.15,0.15,0.7,0.7
256,,0.1,0.1,0.6,0.6,0.1,0.1,0.65,0.65
257,,0.05,0.05,0.55,0.55,0.05,0.05,0.6,0.6
258,,0.0,0.0,0.5,0.5,0.0,0.0,0.55,0.55
259,,-0.05,-0.05,0.45,0.45,-0.05,-0.05,0.5,0.5
260,6,0.029,0.0,0.529,0.6,0.171,0.95,0.721,0.65
261,6,0.108,0.05,0.608,0.75,0.392,1.0,0.942,0.8
262,,0.058,0.0,0.558,0.7,0.342,0.95,0.892,0.75
263,,0.008,-0.05,0.508,0.65,0.292,0.9,0.842,0.7
264,2,0.229,0.95,0.729,0.8,0.371,0.95,0.921,0.85
265,2,0.45,1.0,0.95,0.95,0.45,1.0,1.0,1.0
266,,0.4,0.95,0.9,0.9,0.4,0.95,0.95,0.95
267,,0.35,0.9,0.85,0.85,0.35,0.9,0.9,0.9
268,,0.3,0.85,0.8,0.8,0.3,0.85,0.85,0.85
269,,0.25,0.8,0.75,0.75,0.25,0.8,0.8,0.8
270,,0.2,0.75,0.7,0.7,0.2,0.75,0.75,0.75
271,,0.15,0.7,0.65,0.65,0.15,0.7,0.7,0.7
272,,0.1,0.65,0.6,0.6,0.1,0.65,0.65,0.65
273,,0.05,0.6,0.55,0.55,0.05,0.6,0.6,0.6
274,,0.0,0.55,0.5,0.5,0.0,0.55,0.55,0.55
275,,-0.05,0.5,0.45,0.45,-0.05,0.5,0.5,0.5
276,5,0.0,0.579,0.6,0.671,0.95,0.721,0.65,0.579
277,5,0.05,0.658,0.75,0.892,1.0,0.942,0.8,0.658
278,,0.0,0.608,0.7,0.842,0.95,0.892,0.75,0.608
279,,-0.05,0.558,0.65,0.792,0.9,0.842,0.7,0.558
280,1,0.95,0.779,0.8,0.871,0.95,0.921,0.85,0.779
281,1,1.0,1.0,0.95,0.95,1.0,1.0,1.0,1.0
282,,0.95,0.95,0.9,0.9,0.95,0.95,0.95,0.95
283,,0.9,0.9,0.85,0.85,0.9,0.9,0.9,0.9
284,,0.85,0.85,0.8,0.8,0.85,0.85,0.85,0.85
285,,0.8,0.8,0.75,0.75,0.8,0.8,0.8,0.8
286,,0.75,0.75,0.7,0.7,0.75,0.75,0.75,0.75
287,,0.7,0.7,0.65,0.65,0.7,0.7,0.7,0.7
288,,0.65,0.65,0.6,0.6,0.65,0.65,0.65,0.65
289,,0.6,0.6,0.55,0.55,0.6,0.6,0.6,0.6
290,,0.55,0.55,0.5,0.5,0.55,0.55,0.55,0.55
291,,0.5,0.5,0.45,0.45,0.5,0.5,0.5,0.5
292,,0.45,0.45,0.4,0.4,0.45,0.45,0.45,0.45
293,,0.4,0.4,0.35,0.35,0.4,0.4,0.4,0.4
294,,0.35,0.35,0.3,0.3,0.35,0.35,0.35,0.35
295,,0.3,0.3,0.25,0.25,0.3,0.3,0.3,0.3
296,,0.25,0.25,0.2,0.2,0.25,0.25,0.25,0.25
297,,0.2,0.2,0.15,0.15,0.2,0.2,0.2,0.2
298,,0.15,0.15,0.1,0.1,0.15,0.15,0.15,0.15
299,,0.1,0.1,0.05,0.05,0.1,0.1,0.1,0.1
300,,0.05,0.05,0.0,0.0,0.05,0.05,0.05,0.05
301,,0.0,0.0,-0.05,-0.05,0.0,0.0,0.0,0.0
302,4,0.079,0.15,0.171,0.95,0.221,0.15,0.079,0.05
303,4,0.158,0.3,0.392,1.0,0.442,0.3,0.158,0.1
304,,0.108,0.25,0.342,0.95,0.392,0.25,0.108,0.05
305,,0.058,0.2,0.292,0.9,0.342,0.2,0.058,0.0
306,,0.008,0.15,0.242,0.85,0.292,0.15,0.008,-0.05
307,8,0.229,0.3,0.321,0.9,0.371,0.3,0.229,0.95
308,8,0.45,0.45,0.4,0.95,0.45,0.45,0.45,1.0
309,,0.4,0.4,0.35,0.9,0.4,0.4,0.4,0.95
310,,0.35,0.35,0.3,0.85,0.35,0.35,0.35,0.9
311,,0.3,0.3,0.25,0.8,0.3,0.3,0.3,0.85
312,,0.25,0.25,0.2,0.75,0.25,0.25,0.25,0.8
313,,0.2,0.2,0.15,0.7,0.2,0.2,0.2,0.75
314,,0.15,0.15,0.1,0.65,0.15,0.15,0.15,0.7
315,,0.1,0.1,0.05,0.6,0.1,0.1,0.1,0.65
316,,0.05,0.05,0.0,0.55,0.05,0.05,0.05,0.6
317,,0.0,0.0,-0.05,0.5,0.0,0.0,0.0,0.55
318,3,0.15,0.221,0.95,0.721,0.15,0.079,0.05,0.629
319,3,0.3,0.442,1.0,0.942,0.3,0.158,0.1,0.708
320,,0.25,0.392,0.95,0.892,0.25,0.108,0.05,0.658
321,,0.2,0.342,0.9,0.842,0.2,0.058,0.0,0.608
322,,0.15,0.292,0.85,0.792,0.15,0.008,-0.05,0.558
323,7,0.3,0.371,0.9,0.871,0.3,0.229,0.95,0.779
324,7,0.45,0.45,0.95,0.95,0.45,0.45,1.0,1.0
325,,0.4,0.4,0.9,0.9,0.4,0.4,0.95,0.95
326,,0.35,0.35,0.85,0.85,0.35,0.35,0.9,0.9
327,,0.3,0.3,0.8,0.8,0.3,0.3,0.85,0.85
328,,0.25,0.25,0.75,0.75,0.25,0.25,0.8,0.8
329,,0.2,0.2,0.7,0.7,0.2,0.2,0.75,0.75
330,,0.15,0.15,0.65,0.65,0.15,0.15,0.7,0.7
331,,0.1,0.1,0.6,0.6,0.1,0.1,0.65,0.65
332,,0.05,0.05,0.55,0.55,0.05,0.05,0.6,0.6
333,,0.0,0.0,0.5,0.5,0.0,0.0,0.55,0.55
334,,-0.05,-0.05,0.45,0.45,-0.05,-0.05,0.5,0.5
335,5,0.0,0.029,0.6,0.671,0.95,0.171,0.65,0.579
336,5,0.05,0.108,0.75,0.892,1.0,0.392,0.8,0.658
337,,0.0,0.058,0.7,0.842,0.95,0.342,0.75,0.608
338,,-0.05,0.008,0.65,0.792,0.9,0.292,0.7,0.558
339,1,0.95,0.229,0.8,0.871,0.95,0.371,0.85,0.779
340,1,1.0,0.45,0.95,0.95,1.0,0.45,1.0,1.0
341,,0.95,0.4,0.9,0.9,0.95,0.4,0.95,0.95
342,,0.9,0.35,0.85,0.85,0.9,0.35,0.9,0.9
343,,0.85,0.3,0.8,0.8,0.85,0.3,0.85,0.85
344,,0.8,0.25,0.75,0.75,0.8,0.25,0.8,0.8
345,,0.75,0.2,0.7,0.7,0.75,0.2,0.75,0.75
346,,0.7,0.15,0.65,0.65,0.7,0.15,0.7,0.7
347,,0.65,0.1,0.6,0.6,0.65,0.1,0.65,0.65
348,,0.6,0.05,0.55,0.55,0.6,0.05,0.6,0.6
349,,0.55,0.0,0.5,0.5,0.55,0.0,0.55,0.55
350,,0.5,-0.05,0.45,0.45,0.5,-0.05,0.5,0.5
351,6,0.579,0.0,0.529,0.6,0.721,0.95,0.721,0.65
352,6,0.658,0.05,0.608,0.75,0.942,1.0,0.942,0.8
353,,0.608,0.0,0.558,0.7,0.892,0.95,0.892,0.75
354,,0.558,-0.05,0.508,0.65,0.842,0.9,0.842,0.7
355,2,0.779,0.95,0.729,0.8,0.921,0.95,0.921,0.85
356,2,1.0,1.0,0.95,0.95,1.0,1.0,1.0,1.0
357,,0.95,0.95,0.9,0.9,0.95,0.95,0.95,0.95
358,,0.9,0.9,0.85,0.85,0.9,0.9,0.9,0.9
359,,0.85,0.85,0.8,0.8,0.85,0.85,0.85,0.85
360,,0.8,0.8,0.75,0.75,0.8,0.8,0.8,0.8
361,,0.75,0.75,0.7,0.7,0.75,0.75,0.75,0.75
362,,0.7,0.7,0.65,0.65,0.7,0.7,0.7,0.7
363,,0.65,0.65,0.6,0.6,0.65,0.65,0.65,0.65
364,,0.6,0.6,0.55,0.55,0.6,0.6,0.6,0.6
365,,0.55,0.55,0.5,0.5,0.55,0.55,0.55,0.55
366,,0.5,0.5,0.45,0.45,0.5,0.5,0.5,0.5
367,,0.45,0.45,0.4,0.4,0.45,0.45,0.45,0.45
368,,0.4,0.4,0.35,0.35,0.4,0.4,0.4,0.4
369,,0.35,0.35,0.3,0.3,0.35,0.35,0.35,0.35
370,,0.3,0.3,0.25,0.25,0.3,0.3,0.3,0.3
371,,0.25,0.25,0.2,0.2,0.25,0.25,0.25,0.25
372,,0.2,0.2,0.15,0.15,0.2,0.2,0.2,0.2
373,,0.15,0.15,0.1,0.1,0.15,0.15,0.15,0.15
374,,0.1,0.1,0.05,0.05,0.1,0.1,0.1,0.1
375,,0.05,0.05,0.0,0.0,0.05,0.05,0.05,0.05
376,,0.0,0.0,-0.05,-0.05,0.0,0.0,0.0,0.0
377,4,0.079,0.15,0.171,0.95,0.221,0.15,0.079,0.05
378,4,0.158,0.3,0.392,1.0,0.442,0.3,0.158,0.1
379,,0.108,0.25,0.342,0.95,0.392,0.25,0.108,0.05
380,,0.058,0.2,0.292,0.9,0.342,0.2,0.058,0.0
381,,0.008,0.15,0.242,0.85,0.292,0.15,0.008,-0.05
382,8,0.229,0.3,0.321,0.9,0.371,0.3,0.229,0.95
383,8,0.45,0.45,0.4,0.95,0.45,0.45,0.45,1.0
384,,0.4,0.4,0.35,0.9,0.4,0.4,0.4,0.95
385,,0.35,0.35,0.3,0.85,0.35,0.35,0.35,0.9
386,,0.3,0.3,0.25,0.8,0.3,0.3,0.3,0.85
387,,0.25,0.25,0.2,0.75,0.25,0.25,0.25,0.8
388,,0.2,0.2,0.15,0.7,0.2,0.2,0.2,0.75
389,,0.15,0.15,0.1,0.65,0.15,0.15,0.15,0.7
390,,0.1,0.1,0.05,0.6,0.1,0.1,0.1,0.65
391,,0.05,0.05,0.0,0.55,0.05,0.05,0.05,0.6
392,,0.0,0.0,-0.05,0.5,0.0,0.0,0.0,0.55
393,3,0.15,0.221,0.95,0.721,0.15,0.079,0.05,0.629
394,3,0.3,0.442,1.0,0.942,0.3,0.158,0.1,0.708
395,,0.25,0.392,0.95,0.892,0.25,0.108,0.05,0.658
396,,0.2,0.342,0.9,0.842,0.2,0.058,0.0,0.608
397,,0.15,0.292,0.85,0.792,0.15,0.008,-0.05,0.558
398,7,0.3,0.371,0.9,0.871,0.3,0.229,0.95,0.779
399,7,0.45,0.45,0.95,0.95,0.45,0.45,1.0,1.0
400,,0.4,0.4,0.9,0.9,0.4,0.4,0.95,0.95
401,,0.35,0.35,0.85,0.85,0.35,0.35,0.9,0.9
402,,0.3,0.3,0.8,0.8,0.3,0.3,0.85,0.85
403,,0.25,0.25,0.75,0.75,0.25,0.25,0.8,0.8
404,,0.2,0.2,0.7,0.7,0.2,0.2,0.75,0.75
405,,0.15,0.15,0.65,0.65,0.15,0.15,0.7,0.7
406,,0.1,0.1,0.6,0.6,0.1,0.1,0.65,0.65
407,,0.05,0.05,0.55,0.55,0.05,0.05,0.6,0.6
408,,0.0,0.0,0.5,0.5,0.0,0.0,0.55,0.55
409,,-0.05,-0.05,0.45,0.45,-0.05,-0.05,0.5,0.5
410,1,0.95,0.171,0.6,0.529,0.0,0.029,0.65,0.721
411,1,1.0,0.392,0.75,0.608,0.05,0.108,0.8,0.942
412,,0.95,0.342,0.7,0.558,0.0,0.058,0.75,0.892
413,,0.9,0.292,0.65,0.508,-0.05,0.008,0.7,0.842
414,5,0.95,0.371,0.8,0.729,0.95,0.229,0.85,0.921
415,5,1.0,0.45,0.95,0.95,1.0,0.45,1.0,1.0
416,,0.95,0.4,0.9,0.9,0.95,0.4,0.95,0.95
417,,0.9,0.35,0.85,0.85,0.9,0.35,0.9,0.9
418,,0.85,0.3,0.8,0.8,0.85,0.3,0.85,0.85
419,,0.8,0.25,0.75,0.75,0.8,0.25,0.8,0.8
420,,0.75,0.2,0.7,0.7,0.75,0.2,0.75,0.75
421,,0.7,0.15,0.65,0.65,0.7,0.15,0.7,0.7
422,,0.65,0.1,0.6,0.6,0.65,0.1,0.65,0.65
423,,0.6,0.05,0.55,0.55,0.6,0.05,0.6,0.6
424,,0.55,0.0,0.5,0.5,0.55,0.0,0.55,0.55
425,,0.5,-0.05,0.45,0.45,0.5,-0.05,0.5,0.5
426,2,0.721,0.95,0.671,0.6,0.579,0.0,0.579,0.65
427,2,0.942,1.0,0.892,0.75,0.658,0.05,0.658,0.8
428,,0.892,0.95,0.842,0.7,0.608,0.0,0.608,0.75
429,,0.842,0.9,0.792,0.65,0.558,-0.05,0.558,0.7
430,6,0.921,0.95,0.871,0.8,0.779,0.95,0.779,0.85
431,6,1.0,1.0,0.95,0.95,1.0,1.0,1.0,1.0
432,,0.95,0.95,0.9,0.9,0.95,0.95,0.95,0.95
433,,0.9,0.9,0.85,0.85,0.9,0.9,0.9,0.9
434,,0.85,0.85,0.8,0.8,0.85,0.85,0.85,0.85
435,,0.8,0.8,0.75,0.75,0.8,0.8,0.8,0.8
436,,0.75,0.75,0.7,0.7,0.75,0.75,0.75,0.75
437,,0.7,0.7,0.65,0.65,0.7,0.7,0.7,0.7
438,,0.65,0.65,0.6,0.6,0.65,0.65,0.65,0.65
439,,0.6,0.6,0.55,0.55,0.6,0.6,0.6,0.6
440,,0.55,0.55,0.5,0.5,0.55,0.55,0.55,0.55
441,,0.5,0.5,0.45,0.45,0.5,0.5,0.5,0.5
442,,0.45,0.45,0.4,0.4,0.45,0.45,0.45,0.45
443,,0.4,0.4,0.35,0.35,0.4,0.4,0.4,0.4
444,,0.35,0.35,0.3,0.3,0.35,0.35,0.35,0.35
445,,0.3,0.3,0.25,0.25,0.3,0.3,0.3,0.3
446,,0.25,0.25,0.2,0.2,0.25,0.25,0.25,0.25
447,,0.2,0.2,0.15,0.15,0.2,0.2,0.2,0.2
448,,0.15,0.15,0.1,0.1,0.15,0.15,0.15,0.15
449,,0.1,0.1,0.05,0.05,0.1,0.1,0.1,0.1
450,,0.05,0.05,0.0,0.0,0.05,0.05,0.05,0.05
451,,0.0,0.0,-0.05,-0.05,0.0,0.0,0.0,0.0
452,3,0.15,0.221,0.95,0.171,0.15,0.079,0.05,0.079
453,3,0.3,0.442,1.0,0.392,0.3,0.158,0.1,0.158
454,,0.25,0.392,0.95,0.342,0.25,0.108,0.05,0.108
455,,0.2,0.342,0.9,0.292,0.2,0.058,0.0,0.058
456,,0.15,0.292,0.85,0.242,0.15,0.008,-0.05,0.008
457,7,0.3,0.371,0.9,0.321,0.3,0.229,0.95,0.229
458,7,0.45,0.45,0.95,0.4,0.45,0.45,1.0,0.45
459,,0.4,0.4,0.9,0.35,0.4,0.4,0.95,0.4
460,,0.35,0.35,0.85,0.3,0.35,0.35,0.9,0.35
461,,0.3,0.3,0.8,0.25,0.3,0.3,0.85,0.3
462,,0.25,0.25,0.75,0.2,0.25,0.25,0.8,0.25
463,,0.2,0.2,0.7,0.15,0.2,0.2,0.75,0.2
464,,0.15,0.15,0.65,0.1,0.15,0.15,0.7,0.15
465,,0.1,0.1,0.6,0.05,0.1,0.1,0.65,0.1
466,,0.05,0.05,0.55,0.0,0.05,0.05,0.6,0.05
467,,0.0,0.0,0.5,-0.05,0.0,0.0,0.55,0.0
468,4,0.079,0.15,0.721,0.95,0.221,0.15,0.629,0.05
469,4,0.158,0.3,0.942,1.0,0.442,0.3,0.708,0.1
470,,0.108,0.25,0.892,0.95,0.392,0.25,0.658,0.05
471,,0.058,0.2,0.842,0.9,0.342,0.2,0.608,0.0
472,,0.008,0.15,0.792,0.85,0.292,0.15,0.558,-0.05
473,8,0.229,0.3,0.871,0.9,0.371,0.3,0.779,0.95
474,8,0.45,0.45,0.95,0.95,0.45,0.45,1.0,1.0
475,,0.4,0.4,0.9,0.9,0.4,0.4,0.95,0.95
476,,0.35,0.35,0.85,0.85,0.35,0.35,0.9,0.9
477,,0.3,0.3,0.8,0.8,0.3,0.3,0.85,0.85
478,,0.25,0.25,0.75,0.75,0.25,0.25,0.8,0.8
479,,0.2,0.2,0.7,0.7,0.2,0.2,0.75,0.75
480,,0.15,0.15,0.65,0.65,0.15,0.15,0.7,0.7
481,,0.1,0.1,0.6,0.6,0.1,0.1,0.65,0.65
482,,0.05,0.05,0.55,0.55,0.05,0.05,0.6,0.6
483,,0.0,0.0,0.5,0.5,0.0,0.0,0.55,0.55
484,,-0.05,-0.05,0.45,0.45,-0.05,-0.05,0.5,0.5
485,1,0.95,0.171,0.6,0.529,0.0,0.029,0.65,0.721
486,1,1.0,0.392,0.75,0.608,0.05,0.108,0.8,0.942
487,,0.95,0.342,0.7,0.558,0.0,0.058,0.75,0.892
488,,0.9,0.292,0.65,0.508,-0.05,0.008,0.7,0.842
489,5,0.95,0.371,0.8,0.729,0.95,0.229,0.85,0.921
490,5,1.0,0.45,0.95,0.95,1.0,0.45,1.0,1.0
491,,0.95,0.4,0.9,0.9,0.95,0.4,0.95,0.95
492,,0.9,0.35,0.85,0.85,0.9,0.35,0.9,0.9
493,,0.85,0.3,0.8,0.8,0.85,0.3,0.85,0.85
494,,0.8,0.25,0.75,0.75,0.8,0.25,0.8,0.8
495,,0.75,0.2,0.7,0.7,0.75,0.2,0.75,0.75
496,,0.7,0.15,0.65,0.65,0.7,0.15,0.7,0.7
497,,0.65,0.1,0.6,0.6,0.65,0.1,0.65,0.65
498,,0.6,0.05,0.55,0.55,0.6,0.05,0.6,0.6
499,,0.55,0.0,0.5,0.5,0.55,0.0,0.55,0.55
500,,0.5,-0.05,0.45,0.45,0.5,-0.05,0.5,0.5
501,6,0.579,0.0,0.529,0.6,0.721,0.95,0.721,0.65
502,6,0.658,0.05,0.608,0.75,0.942,1.0,0.942,0.8
503,,0.608,0.0,0.558,0.7,0.892,0.95,0.892,0.75
504,,0.558,-0.05,0.508,0.65,0.842,0.9,0.842,0.7
505,2,0.779,0.95,0.729,0.8,0.921,0.95,0.921,0.85
506,2,1.0,1.0,0.95,0.95,1.0,1.0,1.0,1.0
507,,0.95,0.95,0.9,0.9,0.95,0.95,0.95,0.95
508,,0.9,0.9,0.85,0.85,0.9,0.9,0.9,0.9
509,,0.85,0.85,0.8,0.8,0.85,0.85,0.85,0.85
510,,0.8,0.8,0.75,0.75,0.8,0.8,0.8,0.8
511,,0.75,0.75,0.7,0.7,0.75,0.75,0.75,0.75
512,,0.7,0.7,0.65,0.65,0.7,0.7,0.7,0.7
513,,0.65,0.65,0.6,0.6,0.65,0.65,0.65,0.65
514,,0.6,0.6,0.55,0.55,0.6,0.6,0.6,0.6
515,,0.55,0.55,0.5,0.5,0.55,0.55,0.55,0.55
516,,0.5,0.5,0.45,0.45,0.5,0.5,0.5,0.5
517,,0.45,0.45,0.4,0.4,0.45,0.45,0.45,0.45
518,,0.4,0.4,0.35,0.35,0.4,0.4,0.4,0.4
519,,0.35,0.35,0.3,0.3,0.35,0.35,0.35,0.35
520,,0.3,0.3,0.25,0.25,0.3,0.3,0.3,0.3
521,,0.25,0.25,0.2,0.2,0.25,0.25,0.25,0.25
522,,0.2,0.2,0.15,0.15,0.2,0.2,0.2,0.2
523,,0.15,0.15,0.1,0.1,0.15,0.15,0.15,0.15
524,,0.1,0.1,0.05,0.05,0.1,0.1,0.1,0.1
525,,0.05,0.05,0.0,0.0,0.05,0.05,0.05,0.05
526,,0.0,0.0,-0.05,-0.05,0.0,0.0,0.0,0.0
527,4,0.079,0.15,0.171,0.95,0.221,0.15,0.079,0.05
528,4,0.158,0.3,0.392,1.0,0.442,0.3,0.158,0.1
529,,0.108,0.25,0.342,0.95,0.392,0.25,0.108,0.05
530,,0.058,0.2,0.292,0.9,0.342,0.2,0.058,0.0
531,,0.008,0.15,0.242,0.85,0.292,0.15,0.008,-0.05
532,8,0.229,0.3,0.321,0.9,0.371,0.3,0.229,0.95
533,8,0.45,0.45,0.4,0.95,0.45,0.45,0.45,1.0
534,,0.4,0.4,0.35,0.9,0.4,0.4,0.4,0.95
535,,0.35,0.35,0.3,0.85,0.35,0.35,0.35,0.9
536,,0.3,0.3,0.25,0.8,0.3,0.3,0.3,0.85
537,,0.25,0.25,0.2,0.75,0.25,0.25,0.25,0.8
538,,0.2,0.2,0.15,0.7,0.2,0.2,0.2,0.75
539,,0.15,0.15,0.1,0.65,0.15,0.15,0.15,0.7
540,,0.1,0.1,0.05,0.6,0.1,0.1,0.1,0.65
541,,0.05,0.05,0.0,0.55,0.05,0.05,0.05,0.6
542,,0.0,0.0,-0.05,0.5,0.0,0.0,0.0,0.55
543,3,0.15,0.221,0.95,0.721,0.15,0.079,0.05,0.629
544,3,0.3,0.442,1.0,0.942,0.3,0.158,0.1,0.708
545,,0.25,0.392,0.95,0.892,0.25,0.108,0.05,0.658
546,,0.2,0.342,0.9,0.842,0.2,0.058,0.0,0.608
547,,0.15,0.292,0.85,0.792,0.15,0.008,-0.05,0.558
548,7,0.3,0.371,0.9,0.871,0.3,0.229,0.95,0.779
549,7,0.45,0.45,0.95,0.95,0.45,0.45,1.0,1.0
550,,0.4,0.4,0.9,0.9,0.4,0.4,0.95,0.95
551,,0.35,0.35,0.85,0.85,0.35,0.35,0.9,0.9
552,,0.3,0.3,0.8,0.8,0.3,0.3,0.85,0.85
553,,0.25,0.25,0.75,0.75,0.25,0.25,0.8,0.8
554,,0.2,0.2,0.7,0.7,0.2,0.2,0.75,0.75
555,,0.15,0.15,0.65,0.65,0.15,0.15,0.7,0.7
556,,0.1,0.1,0.6,0.6,0.1,0.1,0.65,0.65
557,,0.05,0.05,0.55,0.55,0.05,0.05,0.6,0.6
558,,0.0,0.0,0.5,0.5,0.0,0.0,0.55,0.55
559,,-0.05,-0.05,0.45,0.45,-0.05,-0.05,0.5,0.5
560,2,0.171,0.95,0.671,0.6,0.029,0.0,0.579,0.65
561,2,0.392,1.0,0.892,0.75,0.108,0.05,0.658,0.8
562,,0.342,0.95,0.842,0.7,0.058,0.0,0.608,0.75
563,,0.292,0.9,0.792,0.65,0.008,-0.05,0.558,0.7
564,6,0.371,0.95,0.871,0.8,0.229,0.95,0.779,0.85
565,6,0.45,1.0,0.95,0.95,0.45,1.0,1.0,1.0
566,,0.4,0.95,0.9,0.9,0.4,0.95,0.95,0.95
567,,0.35,0.9,0.85,0.85,0.35,0.9,0.9,0.9
568,,0.3,0.85,0.8,0.8,0.3,0.85,0.85,0.85
569,,0.25,0.8,0.75,0.75,0.25,0.8,0.8,0.8
570,,0.2,0.75,0.7,0.7,0.2,0.75,0.75,0.75
571,,0.15,0.7,0.65,0.65,0.15,0.7,0.7,0.7
572,,0.1,0.65,0.6,0.6,0.1,0.65,0.65,0.65
573,,0.05,0.6,0.55,0.55,0.05,0.6,0.6,0.6
574,,0.0,0.55,0.5,0.5,0.0,0.55,0.55,0.55
575,,-0.05,0.5,0.45,0.45,-0.05,0.5,0.5,0.5
576,5,0.0,0.579,0.6,0.671,0.95,0.721,0.65,0.579
577,5,0.05,0.658,0.75,0.892,1.0,0.942,0.8,0.658
578,,0.0,0.608,0.7,0.842,0.95,0.892,0.75,0.608
579,,-0.05,0.558,0.65,0.792,0.9,0.842,0.7,0.558
580,1,0.95,0.779,0.8,0.871,0.95,0.921,0.85,0.779
581,1,1.0,1.0,0.95,0.95,1.0,1.0,1.0,1.0
582,,0.95,0.95,0.9,0.9,0.95,0.95,0.95,0.95
583,,0.9,0.9,0.85,0.85,0.9,0.9,0.9,0.9
584,,0.85,0.85,0.8,0.8,0.85,0.85,0.85,0.85
585,,0.8,0.8,0.75,0.75,0.8,0.8,0.8,0.8
586,,0.75,0.75,0.7,0.7,0.75,0.75,0.75,0.75
587,,0.7,0.7,0.65,0.65,0.7,0.7,0.7,0.7
588,,0.65,0.65,0.6,0.6,0.65,0.65,0.65,0.65
589,,0.6,0.6,0.55,0.55,0.6,0.6,0.6,0.6
590,,0.55,0.55,0.5,0.5,0.55,0.55,0.55,0.55
591,,0.5,0.5,0.45,0.45,0.5,0.5,0.5,0.5
592,,0.45,0.45,0.4,0.4,0.45,0.45,0.45,0.45
593,,0.4,0.4,0.35,0.35,0.4,0.4,0.4,0.4
594,,0.35,0.35,0.3,0.3,0.35,0.35,0.35,0.35
595,,0.3,0.3,0.25,0.25,0.3,0.3,0.3,0.3
596,,0.25,0.25,0.2,0.2,0.25,0.25,0.25,0.25
597,,0.2,0.2,0.15,0.15,0.2,0.2,0.2,0.2
598,,0.15,0.15,0.1,0.1,0.15,0.15,0.15,0.15
599,,0.1,0.1,0.05,0.05,0.1,0.1,0.1,0.1
600,,0.05,0.05,0.0,0.0,0.05,0.05,0.05,0.05
601,,0.0,0.0,-0.05,-0.05,0.0,0.0,0.0,0.0
602,4,0.079,0.15,0.171,0.95,0.221,0.15,0.079,0.05
603,4,0.158,0.3,0.392,1.0,0.442,0.3,0.158,0.1
604,,0.108,0.25,0.342,0.95,0.392,0.25,0.108,0.05
605,,0.058,0.2,0.292,0.9,0.342,0.2,0.058,0.0
606,,0.008,0.15,0.242,0.85,0.292,0.15,0.008,-0.05
607,8,0.229,0.3,0.321,0.9,0.371,0.3,0.229,0.95
608,8,0.45,0.45,0.4,0.95,0.45,0.45,0.45,1.0
609,,0.4,0.4,0.35,0.9,0.4,0.4,0.4,0.95
610,,0.35,0.35,0.3,0.85,0.35,0.35,0.35,0.9
611,,0.3,0.3,0.25,0.8,0.3,0.3,0.3,0.85
612,,0.25,0.25,0.2,0.75,0.25,0.25,0.25,0.8
613,,0.2,0.2,0.15,0.7,0.2,0.2,0.2,0.75
614,,0.15,0.15,0.1,0.65,0.15,0.15,0.15,0.7
615,,0.1,0.1,0.05,0.6,0.1,0.1,0.1,0.65
616,,0.05,0.05,0.0,0.55,0.05,0.05,0.05,0.6
617,,0.0,0.0,-0.05,0.5,0.0,0.0,0.0,0.55
618,3,0.15,0.221,0.95,0.721,0.15,0.079,0.05,0.629
619,3,0.3,0.442,1.0,0.942,0.3,0.158,0.1,0.708
620,,0.25,0.392,0.95,0.892,0.25,0.108,0.05,0.658
621,,0.2,0.342,0.9,0.842,0.2,0.058,0.0,0.608
622,,0.15,0.292,0.85,0.792,0.15,0.008,-0.05,0.558
623,7,0.3,0.371,0.9,0.871,0.3,0.229,0.95,0.779
624,7,0.45,0.45,0.95,0.95,0.45,0.45,1.0,1.0
625,,0.4,0.4,0.9,0.9,0.4,0.4,0.95,0.95
626,,0.35,0.35,0.85,0.85,0.35,0.35,0.9,0.9
627,,0.3,0.3,0.8,0.8,0.3,0.3,0.85,0.85
628,,0.25,0.25,0.75,0.75,0.25,0.25,0.8,0.8
629,,0.2,0.2,0.7,0.7,0.2,0.2,0.75,0.75
630,,0.15,0.15,0.65,0.65,0.15,0.15,0.7,0.7
631,,0.1,0.1,0.6,0.6,0.1,0.1,0.65,0.65
632,,0.05,0.05,0.55,0.55,0.05,0.05,0.6,0.6
633,,0.0,0.0,0.5,0.5,0.0,0.0,0.55,0.55
634,,-0.05,-0.05,0.45,0.45,-0.05,-0.05,0.5,0.5
635,2,0.171,0.95,0.671,0.6,0.029,0.0,0.579,0.65
636,2,0.392,1.0,0.892,0.75,0.108,0.05,0.658,0.8
637,,0.342,0.95,0.842,0.7,0.058,0.0,0.608,0.75
638,,0.292,0.9,0.792,0.65,0.008,-0.05,0.558,0.7
639,6,0.371,0.95,0.871,0.8,0.229,0.95,0.779,0.85
640,6,0.45,1.0,0.95,0.95,0.45,1.0,1.0,1.0
641,,0.4,0.95,0.9,0.9,0.4,0.95,0.95,0.95
642,,0.35,0.9,0.85,0.85,0.35,0.9,0.9,0.9
643,,0.3,0.85,0.8,0.8,0.3,0.85,0.85,0.85
644,,0.25,0.8,0.75,0.75,0.25,0.8,0.8,0.8
645,,0.2,0.75,0.7,0.7,0.2,0.75,0.75,0.75
646,,0.15,0.7,0.65,0.65,0.15,0.7,0.7,0.7
647,,0.1,0.65,0.6,0.6,0.1,0.65,0.65,0.65
648,,0.05,0.6,0.55,0.55,0.05,0.6,0.6,0.6
649,,0.0,0.55,0.5,0.5,0.0,0.55,0.55,0.55
650,,-0.05,0.5,0.45,0.45,-0.05,0.5,0.5,0.5
651,1,0.95,0.721,0.6,0.529,0.0,0.579,0.65,0.721
652,1,1.0,0.942,0.75,0.608,0.05,0.658,0.8,0.942
653,,0.95,0.892,0.7,0.558,0.0,0.608,0.75,0.892
654,,0.9,0.842,0.65,0.508,-0.05,0.558,0.7,0.842
655,5,0.95,0.921,0.8,0.729,0.95,0.779,0.85,0.921
656,5,1.0,1.0,0.95,0.95,1.0,1.0,1.0,1.0
657,,0.95,0.95,0.9,0.9,0.95,0.95,0.95,0.95
658,,0.9,0.9,0.85,0.85,0.9,0.9,0.9,0.9
659,,0.85,0.85,0.8,0.8,0.85,0.85,0.85,0.85
660,,0.8,0.8,0.75,0.75,0.8,0.8,0.8,0.8
661,,0.75,0.75,0.7,0.7,0.75,0.75,0.75,0.75
662,,0.7,0.7,0.65,0.65,0.7,0.7,0.7,0.7
663,,0.65,0.65,0.6,0.6,0.65,0.65,0.65,0.65
664,,0.6,0.6,0.55,0.55,0.6,0.6,0.6,0.6
665,,0.55,0.55,0.5,0.5,0.55,0.55,0.55,0.55
666,,0.5,0.5,0.45,0.45,0.5,0.5,0.5,0.5
667,,0.45,0.45,0.4,0.4,0.45,0.45,0.45,0.45
668,,0.4,0.4,0.35,0.35,0.4,0.4,0.4,0.4
669,,0.35,0.35,0.3,0.3,0.35,0.35,0.35,0.35
670,,0.3,0.3,0.25,0.25,0.3,0.3,0.3,0.3
671,,0.25,0.25,0.2,0.2,0.25,0.25,0.25,0.25
672,,0.2,0.2,0.15,0.15,0.2,0.2,0.2,0.2
673,,0.15,0.15,0.1,0.1,0.15,0.15,0.15,0.15
674,,0.1,0.1,0.05,0.05,0.1,0.1,0.1,0.1
675,,0.05,0.05,0.0,0.0,0.05,0.05,0.05,0.05
676,,0.0,0.0,-0.05,-0.05,0.0,0.0,0.0,0.0
677,4,0.079,0.15,0.171,0.95,0.221,0.15,0.079,0.05
678,4,0.158,0.3,0.392,1.0,0.442,0.3,0.158,0.1
679,,0.108,0.25,0.342,0.95,0.392,0.25,0.108,0.05
680,,0.058,0.2,0.292,0.9,0.342,0.2,0.058,0.0
681,,0.008,0.15,0.242,0.85,0.292,0.15,0.008,-0.05
682,8,0.229,0.3,0.321,0.9,0.371,0.3,0.229,0.95
683,8,0.45,0.45,0.4,0.95,0.45,0.45,0.45,1.0
684,,0.4,0.4,0.35,0.9,0.4,0.4,0.4,0.95
685,,0.35,0.35,0.3,0.85,0.35,0.35,0.35,0.9
686,,0.3,0.3,0.25,0.8,0.3,0.3,0.3,0.85
687,,0.25,0.25,0.2,0.75,0.25,0.25,0.25,0.8
688,,0.2,0.2,0.15,0.7,0.2,0.2,0.2,0.75
689,,0.15,0.15,0.1,0.65,0.15,0.15,0.15,0.7
690,,0.1,0.1,0.05,0.6,0.1,0.1,0.1,0.65
691,,0.05,0.05,0.0,0.55,0.05,0.05,0.05,0.6
692,,0.0,0.0,-0.05,0.5,0.0,0.0,0.0,0.55
693,3,0.15,0.221,0.95,0.721,0.15,0.079,0.05,0.629
694,3,0.3,0.442,1.0,0.942,0.3,0.158,0.1,0.708
695,,0.25,0.392,0.95,0.892,0.25,0.108,0.05,0.658
696,,0.2,0.342,0.9,0.842,0.2,0.058,0.0,0.608
697,,0.15,0.292,0.85,0.792,0.15,0.008,-0.05,0.558
698,7,0.3,0.371,0.9,0.871,0.3,0.229,0.95,0.779
699,7,0.45,0.45,0.95,0.95,0.45,0.45,1.0,1.0
700,,0.4,0.4,0.9,0.9,0.4,0.4,0.95,0.95
701,,0.35,0.35,0.85,0.85,0.35,0.35,0.9,0.9
702,,0.3,0.3,0.8,0.8,0.3,0.3,0.85,0.85
703,,0.25,0.25,0.75,0.75,0.25,0.25,0.8,0.8
704,,0.2,0.2,0.7,0.7,0.2,0.2,0.75,0.75
705,,0.15,0.15,0.65,0.65,0.15,0.15,0.7,0.7
706,,0.1,0.1,0.6,0.6,0.1,0.1,0.65,0.65
707,,0.05,0.05,0.55,0.55,0.05,0.05,0.6,0.6
708,,0.0,0.0,0.5,0.5,0.0,0.0,0.55,0.55
709,,-0.05,-0.05,0.45,0.45,-0.05,-0.05,0.5,0.5
710,1,0.95,0.171,0.6,0.529,0.0,0.029,0.65,0.721
711,1,1.0,0.392,0.75,0.608,0.05,0.108,0.8,0.942
712,,0.95,0.342,0.7,0.558,0.0,0.058,0.75,0.892
713,,0.9,0.292,0.65,0.508,-0.05,0.008,0.7,0.842
714,5,0.95,0.371,0.8,0.729,0.95,0.229,0.85,0.921
715,5,1.0,0.45,0.95,0.95,1.0,0.45,1.0,1.0
716,,0.95,0.4,0.9,0.9,0.95,0.4,0.95,0.95
717,,0.9,0.35,0.85,0.85,0.9,0.35,0.9,0.9
718,,0.85,0.3,0.8,0.8,0.85,0.3,0.85,0.85
719,,0.8,0.25,0.75,0.75,0.8,0.25,0.8,0.8
720,,0.75,0.2,0.7,0.7,0.75,0.2,0.75,0.75
721,,0.7,0.15,0.65,0.65,0.7,0.15,0.7,0.7
722,,0.65,0.1,0.6,0.6,0.65,0.1,0.65,0.65
723,,0.6,0.05,0.55,0.55,0.6,0.05,0.6,0.6
724,,0.55,0.0,0.5,0.5,0.55,0.0,0.55,0.55
725,,0.5,-0.05,0.45,0.45,0.5,-0.05,0.5,0.5
726,2,0.721,0.95,0.671,0.6,0.579,0.0,0.579,0.65
727,2,0.942,1.0,0.892,0.75,0.658,0.05,0.658,0.8
728,,0.892,0.95,0.842,0.7,0.608,0.0,0.608,0.75
729,,0.842,0.9,0.792,0.65,0.558,-0.05,0.558,0.7
730,6,0.921,0.95,0.871,0.8,0.779,0.95,0.779,0.85
731,6,1.0,1.0,0.95,0.95,1.0,1.0,1.0,1.0
732,,0.95,0.95,0.9,0.9,0.95,0.95,0.95,0.95
733,,0.9,0.9,0.85,0.85,0.9,0.9,0.9,0.9
734,,0.85,0.85,0.8,0.8,0.85,0.85,0.85,0.85
735,,0.8,0.8,0.75,0.75,0.8,0.8,0.8,0.8
736,,0.75,0.75,0.7,0.7,0.75,0.75,0.75,0.75
737,,0.7,0.7,0.65,0.65,0.7,0.7,0.7,0.7
738,,0.65,0.65,0.6,0.6,0.65,0.65,0.65,0.65
739,,0.6,0.6,0.55,0.55,0.6,0.6,0.6,0.6
740,,0.55,0.55,0.5,0.5,0.55,0.55,0.55,0.55
741,,0.5,0.5,0.45,0.45,0.5,0.5,0.5,0.5
742,,0.45,0.45,0.4,0.4,0.45,0.45,0.45,0.45
743,,0.4,0.4,0.35,0.35,0.4,0.4,0.4,0.4
744,,0.35,0.35,0.3,0.3,0.35,0.35,0.35,0.35
745,,0.3,0.3,0.25,0.25,0.3,0.3,0.3,0.3
746,,0.25,0.25,0.2,0.2,0.25,0.25,0.25,0.25
747,,0.2,0.2,0.15,0.15,0.2,0.2,0.2,0.2
748,,0.15,0.15,0.1,0.1,0.15,0.15,0.15,0.15
749,,0.1,0.1,0.05,0.05,0.1,0.1,0.1,0.1
750,,0.05,0.05,0.0,0.0,0.05,0.05,0.05,0.05
751,,0.0,0.0,-0.05,-0.05,0.0,0.0,0.0,0.0
752,4,0.079,0.15,0.171,0.95,0.221,0.15,0.079,0.05
753,4,0.158,0.3,0.392,1.0,0.442,0.3,0.158,0.1
754,,0.108,0.25,0.342,0.95,0.392,0.25,0.108,0.05
755,,0.058,0.2,0.292,0.9,0.342,0.2,0.058,0.0
756,,0.008,0.15,0.242,0.85,0.292,0.15,0.008,-0.05
757,8,0.229,0.3,0.321,0.9,0.371,0.3,0.229,0.95
758,8,0.45,0.45,0.4,0.95,0.45,0.45,0.45,1.0
759,,0.4,0.4,0.35,0.9,0.4,0.4,0.4,0.95
760,,0.35,0.35,0.3,0.85,0.35,0.35,0.35,0.9
761,,0.3,0.3,0.25,0.8,0.3,0.3,0.3,0.85
762,,0.25,0.25,0.2,0.75,0.25,0.25,0.25,0.8
763,,0.2,0.2,0.15,0.7,0.2,0.2,0.2,0.75
764,,0.15,0.15,0.1,0.65,0.15,0.15,0.15,0.7
765,,0.1,0.1,0.05,0.6,0.1,0.1,0.1,0.65
766,,0.05,0.05,0.0,0.55,0.05,0.05,0.05,0.6
767,,0.0,0.0,-0.05,0.5,0.0,0.0,0.0,0.55
768,3,0.15,0.221,0.95,0.721,0.15,0.079,0.05,0.629
769,3,0.3,0.442,1.0,0.942,0.3,0.158,0.1,0.708
770,,0.25,0.392,0.95,0.892,0.25,0.108,0.05,0.658
771,,0.2,0.342,0.9,0.842,0.2,0.058,0.0,0.608
772,,0.15,0.292,0.85,0.792,0.15,0.008,-0.05,0.558
773,7,0.3,0.371,0.9,0.871,0.3,0.229,0.95,0.779
774,7,0.45,0.45,0.95,0.95,0.45,0.45,1.0,1.0
775,,0.4,0.4,0.9,0.9,0.4,0.4,0.95,0.95
776,,0.35,0.35,0.85,0.85,0.35,0.35,0.9,0.9
777,,0.3,0.3,0.8,0.8,0.3,0.3,0.85,0.85
778,,0.25,0.25,0.75,0.75,0.25,0.25,0.8,0.8
779,,0.2,0.2,0.7,0.7,0.2,0.2,0.75,0.75
780,,0.15,0.15,0.65,0.65,0.15,0.15,0.7,0.7
781,,0.1,0.1,0.6,0.6,0.1,0.1,0.65,0.65
782,,0.05,0.05,0.55,0.55,0.05,0.05,0.6,0.6
783,,0.0,0.0,0.5,0.5,0.0,0.0,0.55,0.55
784,,-0.05,-0.05,0.45,0.45,-0.05,-0.05,0.5,0.5
785,1,0.95,0.171,0.6,0.529,0.0,0.029,0.65,0.721
786,1,1.0,0.392,0.75,0.608,0.05,0.108,0.8,0.942
787,,0.95,0.342,0.7,0.558,0.0,0.058,0.75,0.892
788,,0.9,0.292,0.65,0.508,-0.05,0.008,0.7,0.842
789,5,0.95,0.371,0.8,0.729,0.95,0.229,0.85,0.921
790,5,1.0,0.45,0.95,0.95,1.0,0.45,1.0,1.0
791,,0.95,0.4,0.9,0.9,0.95,0.4,0.95,0.95
792,,0.9,0.35,0.85,0.85,0.9,0.35,0.9,0.9
793,,0.85,0.3,0.8,0.8,0.85,0.3,0.85,0.85
794,,0.8,0.25,0.75,0.75,0.8,0.25,0.8,0.8
795,,0.75,0.2,0.7,0.7,0.75,0.2,0.75,0.75
796,,0.7,0.15,0.65,0.65,0.7,0.15,0.7,0.7
797,,0.65,0.1,0.6,0.6,0.65,0.1,0.65,0.65
798,,0.6,0.05,0.55,0.55,0.6,0.05,0.6,0.6
799,,0.55,0.0,0.5,0.5,0.55,0.0,0.55,0.55
800,,0.5,-0.05,0.45,0.45,0.5,-0.05,0.5,0.5
801,6,0.579,0.0,0.529,0.6,0.721,0.95,0.721,0.65
802,6,0.658,0.05,0.608,0.75,0.942,1.0,0.942,0.8
803,,0.608,0.0,0.558,0.7,0.892,0.95,0.892,0.75
804,,0.558,-0.05,0.508,0.65,0.842,0.9,0.842,0.7
805,2,0.779,0.95,0.729,0.8,0.921,0.95,0.921,0.85
806,2,1.0,1.0,0.95,0.95,1.0,1.0,1.0,1.0
807,,0.95,0.95,0.9,0.9,0.95,0.95,0.95,0.95
808,,0.9,0.9,0.85,0.85,0.9,0.9,0.9,0.9
809,,0.85,0.85,0.8,0.8,0.85,0.85,0.85,0.85
810,,0.8,0.8,0.75,0.75,0.8,0.8,0.8,0.8
811,,0.75,0.75,0.7,0.7,0.75,0.75,0.75,0.75
812,,0.7,0.7,0.65,0.65,0.7,0.7,0.7,0.7
813,,0.65,0.65,0.6,0.6,0.65,0.65,0.65,0.65
814,,0.6,0.6,0.55,0.55,0.6,0.6,0.6,0.6
815,,0.55,0.55,0.5,0.5,0.55,0.55,0.55,0.55
816,,0.5,0.5,0.45,0.45,0.5,0.5,0.5,0.5
817,,0.45,0.45,0.4,0.4,0.45,0.45,0.45,0.45
818,,0.4,0.4,0.35,0.35,0.4,0.4,0.4,0.4
819,,0.35,0.35,0.3,0.3,0.35,0.35,0.35,0.35
820,,0.3,0.3,0.25,0.25,0.3,0.3,0.3,0.3
821,,0.25,0.25,0.2,0.2,0.25,0.25,0.25,0.25
822,,0.2,0.2,0.15,0.15,0.2,0.2,0.2,0.2
823,,0.15,0.15,0.1,0.1,0.15,0.15,0.15,0.15
824,,0.1,0.1,0.05,0.05,0.1,0.1,0.1,0.1
825,,0.05,0.05,0.0,0.0,0.05,0.05,0.05,0.05
826,,0.0,0.0,-0.05,-0.05,0.0,0.0,0.0,0.0
827,3,0.15,0.221,0.95,0.171,0.15,0.079,0.05,0.079
828,3,0.3,0.442,1.0,0.392,0.3,0.158,0.1,0.158
829,,0.25,0.392,0.95,0.342,0.25,0.108,0.05,0.108
830,,0.2,0.342,0.9,0.292,0.2,0.058,0.0,0.058
831,,0.15,0.292,0.85,0.242,0.15,0.008,-0.05,0.008
832,7,0.3,0.371,0.9,0.321,0.3,0.229,0.95,0.229
833,7,0.45,0.45,0.95,0.4,0.45,0.45,1.0,0.45
834,,0.4,0.4,0.9,0.35,0.4,0.4,0.95,0.4
835,,0.35,0.35,0.85,0.3,0.35,0.35,0.9,0.35
836,,0.3,0.3,0.8,0.25,0.3,0.3,0.85,0.3
837,,0.25,0.25,0.75,0.2,0.25,0.25,0.8,0.25
838,,0.2,0.2,0.7,0.15,0.2,0.2,0.75,0.2
839,,0.15,0.15,0.65,0.1,0.15,0.15,0.7,0.15
840,,0.1,0.1,0.6,0.05,0.1,0.1,0.65,0.1
841,,0.05,0.05,0.55,0.0,0.05,0.05,0.6,0.05
842,,0.0,0.0,0.5,-0.05,0.0,0.0,0.55,0.0
843,4,0.079,0.15,0.721,0.95,0.221,0.15,0.629,0.05
844,4,0.158,0.3,0.942,1.0,0.442,0.3,0.708,0.1
845,,0.108,0.25,0.892,0.95,0.392,0.25,0.658,0.05
846,,0.058,0.2,0.842,0.9,0.342,0.2,0.608,0.0
847,,0.008,0.15,0.792,0.85,0.292,0.15,0.558,-0.05
848,8,0.229,0.3,0.871,0.9,0.371,0.3,0.779,0.95
849,8,0.45,0.45,0.95,0.95,0.45,0.45,1.0,1.0
850,,0.4,0.4,0.9,0.9,0.4,0.4,0.95,0.95
851,,0.35,0.35,0.85,0.85,0.35,0.35,0.9,0.9
852,,0.3,0.3,0.8,0.8,0.3,0.3,0.85,0.85
853,,0.25,0.25,0.75,0.75,0.25,0.25,0.8,0.8
854,,0.2,0.2,0.7,0.7,0.2,0.2,0.75,0.75
855,,0.15,0.15,0.65,0.65,0.15,0.15,0.7,0.7
856,,0.1,0.1,0.6,0.6,0.1,0.1,0.65,0.65
857,,0.05,0.05,0.55,0.55,0.05,0.05,0.6,0.6
858,,0.0,0.0,0.5,0.5,0.0,0.0,0.55,0.55
859,,-0.05,-0.05,0.45,0.45,-0.05,-0.05,0.5,0.5
860,2,0.171,0.95,0.671,0.6,0.029,0.0,0.579,0.65
861,2,0.392,1.0,0.892,0.75,0.108,0.05,0.658,0.8
862,,0.342,0.95,0.842,0.7,0.058,0.0,0.608,0.75
863,,0.292,0.9,0.792,0.65,0.008,-0.05,0.558,0.7
864,6,0.371,0.95,0.871,0.8,0.229,0.95,0.779,0.85
865,6,0.45,1.0,0.95,0.95,0.45,1.0,1.0,1.0
866,,0.4,0.95,0.9,0.9,0.4,0.95,0.95,0.95
867,,0.35,0.9,0.85,0.85,0.35,0.9,0.9,0.9
868,,0.3,0.85,0.8,0.8,0.3,0.85,0.85,0.85
869,,0.25,0.8,0.75,0.75,0.25,0.8,0.8,0.8
870,,0.2,0.75,0.7,0.7,0.2,0.75,0.75,0.75
871,,0.15,0.7,0.65,0.65,0.15,0.7,0.7,0.7
872,,0.1,0.65,0.6,0.6,0.1,0.65,0.65,0.65
873,,0.05,0.6,0.55,0.55,0.05,0.6,0.6,0.6
874,,0.0,0.55,0.5,0.5,0.0,0.55,0.55,0.55
875,,-0.05,0.5,0.45,0.45,-0.05,0.5,0.5,0.5
876,1,0.95,0.721,0.6,0.529,0.0,0.579,0.65,0.721
877,1,1.0,0.942,0.75,0.608,0.05,0.658,0.8,0.942
878,,0.95,0.892,0.7,0.558,0.0,0.608,0.75,0.892
879,,0.9,0.842,0.65,0.508,-0.05,0.558,0.7,0.842
880,5,0.95,0.921,0.8,0.729,0.95,0.779,0.85,0.921
881,5,1.0,1.0,0.95,0.95,1.0,1.0,1.0,1.0
882,,0.95,0.95,0.9,0.9,0.95,0.95,0.95,0.95
883,,0.9,0.9,0.85,0.85,0.9,0.9,0.9,0.9
884,,0.85,0.85,0.8,0.8,0.85,0.85,0.85,0.85
885,,0.8,0.8,0.75,0.75,0.8,0.8,0.8,0.8
886,,0.75,0.75,0.7,0.7,0.75,0.75,0.75,0.75
887,,0.7,0.7,0.65,0.65,0.7,0.7,0.7,0.7
888,,0.65,0.65,0.6,0.6,0.65,0.65,0.65,0.65
889,,0.6,0.6,0.55,0.55,0.6,0.6,0.6,0.6
890,,0.55,0.55,0.5,0.5,0.55,0.55,0.55,0.55
891,,0.5,0.5,0.45,0.45,0.5,0.5,0.5,0.5
892,,0.45,0.45,0.4,0.4,0.45,0.45,0.45,0.45
893,,0.4,0.4,0.35,0.35,0.4,0.4,0.4,0.4
894,,0.35,0.35,0.3,0.3,0.35,0.35,0.35,0.35
895,,0.3,0.3,0.25,0.25,0.3,0.3,0.3,0.3
896,,0.25,0.25,0.2,0.2,0.25,0.25,0.25,0.25
897,,0.2,0.2,0.15,0.15,0.2,0.2,0.2,0.2
898,,0.15,0.15,0.1,0.1,0.15,0.15,0.15,0.15
899,,0.1,0.1,0.05,0.05,0.1,0.1,0.1,0.1
900,,0.05,0.05,0.0,0.0,0.05,0.05,0.05,0.05
901,,0.0,0.0,-0.05,-0.05,0.0,0.0,0.0,0.0
902,4,0.079,0.15,0.171,0.95,0.221,0.15,0.079,0.05
903,4,0.158,0.3,0.392,1.0,0.442,0.3,0.158,0.1
904,,0.108,0.25,0.342,0.95,0.392,0.25,0.108,0.05
905,,0.058,0.2,0.292,0.9,0.342,0.2,0.058,0.0
906,,0.008,0.15,0.242,0.85,0.292,0.15,0.008,-0.05
907,8,0.229,0.3,0.321,0.9,0.371,0.3,0.229,0.95
908,8,0.45,0.45,0.4,0.95,0.45,0.45,0.45,1.0
