step,active_motive,motive_1,motive_2,motive_3,motive_4,motive_5,motive_6,motive_7,motive_8
0,,0.02723,0.08974,0.05266,0.08007,0.09789,0.08398,0.0867,0.0408
1,,-0.02277,0.03974,0.00266,0.03007,0.04789,0.03398,0.0367,-0.0092
2,1,0.97723,0.26074,0.15266,0.10907,0.09789,0.11298,0.1867,0.2118
3,1,1.0,0.48174,0.30266,0.18807,0.14789,0.19198,0.3367,0.4328
4,,0.95,0.43174,0.25266,0.13807,0.09789,0.14198,0.2867,0.3828
5,,0.9,0.38174,0.20266,0.08807,0.04789,0.09198,0.2367,0.3328
6,,0.85,0.33174,0.15266,0.03807,-0.00211,0.04198,0.1867,0.2828
7,5,0.9,0.41074,0.30266,0.25907,0.99789,0.26298,0.3367,0.3618
8,5,0.95,0.48974,0.45266,0.48007,1.0,0.48398,0.4867,0.4408
9,,0.9,0.43974,0.40266,0.43007,0.95,0.43398,0.4367,0.3908
10,,0.85,0.38974,0.35266,0.38007,0.9,0.38398,0.3867,0.3408
11,,0.8,0.33974,0.30266,0.33007,0.85,0.33398,0.3367,0.2908
12,,0.75,0.28974,0.25266,0.28007,0.8,0.28398,0.2867,0.2408
13,,0.7,0.23974,0.20266,0.23007,0.75,0.23398,0.2367,0.1908
14,,0.65,0.18974,0.15266,0.18007,0.7,0.18398,0.1867,0.1408
15,,0.6,0.13974,0.10266,0.13007,0.65,0.13398,0.1367,0.0908
16,,0.55,0.08974,0.05266,0.08007,0.6,0.08398,0.0867,0.0408
17,,0.5,0.03974,0.00266,0.03007,0.55,0.03398,0.0367,-0.0092
18,8,0.721,0.18974,0.08166,0.08007,0.629,0.18398,0.2577,0.9908
19,8,0.942,0.33974,0.16066,0.13007,0.708,0.33398,0.4787,1.0
20,,0.892,0.28974,0.11066,0.08007,0.658,0.28398,0.4287,0.95
21,,0.842,0.23974,0.06066,0.03007,0.608,0.23398,0.3787,0.9
22,,0.792,0.18974,0.01066,-0.01993,0.558,0.18398,0.3287,0.85
23,4,0.871,0.33974,0.23166,0.98007,0.779,0.33398,0.4077,0.9
24,4,0.95,0.48974,0.45266,1.0,1.0,0.48398,0.4867,0.95
25,,0.9,0.43974,0.40266,0.95,0.95,0.43398,0.4367,0.9
26,,0.85,0.38974,0.35266,0.9,0.9,0.38398,0.3867,0.85
27,,0.8,0.33974,0.30266,0.85,0.85,0.33398,0.3367,0.8
28,,0.75,0.28974,0.25266,0.8,0.8,0.28398,0.2867,0.75
29,,0.7,0.23974,0.20266,0.75,0.75,0.23398,0.2367,0.7
30,,0.65,0.18974,0.15266,0.7,0.7,0.18398,0.1867,0.65
31,,0.6,0.13974,0.10266,0.65,0.65,0.13398,0.1367,0.6
32,,0.55,0.08974,0.05266,0.6,0.6,0.08398,0.0867,0.55
33,,0.5,0.03974,0.00266,0.55,0.55,0.03398,0.0367,0.5
34,,0.45,-0.01026,-0.04734,0.5,0.5,-0.01602,-0.0133,0.45
35,3,0.6,0.21074,0.95266,0.721,0.65,0.06298,0.0367,0.529
36,3,0.75,0.43174,1.0,0.942,0.8,0.14198,0.0867,0.608
37,,0.7,0.38174,0.95,0.892,0.75,0.09198,0.0367,0.558
38,,0.65,0.33174,0.9,0.842,0.7,0.04198,-0.0133,0.508
39,7,0.8,0.41074,0.95,0.921,0.85,0.26298,0.9867,0.729
40,7,0.95,0.48974,1.0,1.0,1.0,0.48398,1.0,0.95
41,,0.9,0.43974,0.95,0.95,0.95,0.43398,0.95,0.9
42,,0.85,0.38974,0.9,0.9,0.9,0.38398,0.9,0.85
43,,0.8,0.33974,0.85,0.85,0.85,0.33398,0.85,0.8
44,,0.75,0.28974,0.8,0.8,0.8,0.28398,0.8,0.75
45,,0.7,0.23974,0.75,0.75,0.75,0.23398,0.75,0.7
46,,0.65,0.18974,0.7,0.7,0.7,0.18398,0.7,0.65
47,,0.6,0.13974,0.65,0.65,0.65,0.13398,0.65,0.6
48,,0.55,0.08974,0.6,0.6,0.6,0.08398,0.6,0.55
49,,0.5,0.03974,0.55,0.55,0.55,0.03398,0.55,0.5
50,,0.45,-0.01026,0.5,0.5,0.5,-0.01602,0.5,0.45
51,6,0.529,0.03974,0.579,0.65,0.721,0.98398,0.721,0.6
52,6,0.608,0.08974,0.658,0.8,0.942,1.0,0.942,0.75
53,,0.558,0.03974,0.608,0.75,0.892,0.95,0.892,0.7
54,,0.508,-0.01026,0.558,0.7,0.842,0.9,0.842,0.65
55,2,0.729,0.98974,0.779,0.85,0.921,0.95,0.921,0.8
56,2,0.95,1.0,1.0,1.0,1.0,1.0,1.0,0.95
57,,0.9,0.95,0.95,0.95,0.95,0.95,0.95,0.9
58,,0.85,0.9,0.9,0.9,0.9,0.9,0.9,0.85
59,,0.8,0.85,0.85,0.85,0.85,0.85,0.85,0.8
60,,0.75,0.8,0.8,0.8,0.8,0.8,0.8,0.75
61,,0.7,0.75,0.75,0.75,0.75,0.75,0.75,0.7
62,,0.65,0.7,0.7,0.7,0.7,0.7,0.7,0.65
63,,0.6,0.65,0.65,0.65,0.65,0.65,0.65,0.6
64,,0.55,0.6,0.6,0.6,0.6,0.6,0.6,0.55
65,,0.5,0.55,0.55,0.55,0.55,0.55,0.55,0.5
66,,0.45,0.5,0.5,0.5,0.5,0.5,0.5,0.45
67,,0.4,0.45,0.45,0.45,0.45,0.45,0.45,0.4
68,,0.35,0.4,0.4,0.4,0.4,0.4,0.4,0.35
69,,0.3,0.35,0.35,0.35,0.35,0.35,0.35,0.3
70,,0.25,0.3,0.3,0.3,0.3,0.3,0.3,0.25
71,,0.2,0.25,0.25,0.25,0.25,0.25,0.25,0.2
72,,0.15,0.2,0.2,0.2,0.2,0.2,0.2,0.15
73,,0.1,0.15,0.15,0.15,0.15,0.15,0.15,0.1
74,,0.05,0.1,0.1,0.1,0.1,0.1,0.1,0.05
75,,0.0,0.05,0.05,0.05,0.05,0.05,0.05,0.0
76,,-0.05,0.0,0.0,0.0,0.0,0.0,0.0,-0.05
77,1,0.95,0.221,0.15,0.079,0.05,0.079,0.15,0.171
78,1,1.0,0.442,0.3,0.158,0.1,0.158,0.3,0.392
79,,0.95,0.392,0.25,0.108,0.05,0.108,0.25,0.342
80,,0.9,0.342,0.2,0.058,0.0,0.058,0.2,0.292
81,,0.85,0.292,0.15,0.008,-0.05,0.008,0.15,0.242
82,5,0.9,0.371,0.3,0.229,0.95,0.229,0.3,0.321
83,5,0.95,0.45,0.45,0.45,1.0,0.45,0.45,0.4
84,,0.9,0.4,0.4,0.4,0.95,0.4,0.4,0.35
85,,0.85,0.35,0.35,0.35,0.9,0.35,0.35,0.3
86,,0.8,0.3,0.3,0.3,0.85,0.3,0.3,0.25
87,,0.75,0.25,0.25,0.25,0.8,0.25,0.25,0.2
88,,0.7,0.2,0.2,0.2,0.75,0.2,0.2,0.15
89,,0.65,0.15,0.15,0.15,0.7,0.15,0.15,0.1
90,,0.6,0.1,0.1,0.1,0.65,0.1,0.1,0.05
91,,0.55,0.05,0.05,0.05,0.6,0.05,0.05,0.0
92,,0.5,0.0,0.0,0.0,0.55,0.0,0.0,-0.05
93,8,0.721,0.15,0.079,0.05,0.629,0.15,0.221,0.95
94,8,0.942,0.3,0.158,0.1,0.708,0.3,0.442,1.0
95,,0.892,0.25,0.108,0.05,0.658,0.25,0.392,0.95
96,,0.842,0.2,0.058,0.0,0.608,0.2,0.342,0.9
97,,0.792,0.15,0.008,-0.05,0.558,0.15,0.292,0.85
98,4,0.871,0.3,0.229,0.95,0.779,0.3,0.371,0.9
99,4,0.95,0.45,0.45,1.0,1.0,0.45,0.45,0.95
100,,0.9,0.4,0.4,0.95,0.95,0.4,0.4,0.9
101,,0.85,0.35,0.35,0.9,0.9,0.35,0.35,0.85
102,,0.8,0.3,0.3,0.85,0.85,0.3,0.3,0.8
103,,0.75,0.25,0.25,0.8,0.8,0.25,0.25,0.75
104,,0.7,0.2,0.2,0.75,0.75,0.2,0.2,0.7
105,,0.65,0.15,0.15,0.7,0.7,0.15,0.15,0.65
106,,0.6,0.1,0.1,0.65,0.65,0.1,0.1,0.6
107,,0.55,0.05,0.05,0.6,0.6,0.05,0.05,0.55
108,,0.5,0.0,0.0,0.55,0.55,0.0,0.0,0.5
109,,0.45,-0.05,-0.05,0.5,0.5,-0.05,-0.05,0.45
110,6,0.529,0.0,0.029,0.65,0.721,0.95,0.171,0.6
111,6,0.608,0.05,0.108,0.8,0.942,1.0,0.392,0.75
112,,0.558,0.0,0.058,0.75,0.892,0.95,0.342,0.7
113,,0.508,-0.05,0.008,0.7,0.842,0.9,0.292,0.65
114,2,0.729,0.95,0.229,0.85,0.921,0.95,0.371,0.8
115,2,0.95,1.0,0.45,1.0,1.0,1.0,0.45,0.95
116,,0.9,0.95,0.4,0.95,0.95,0.95,0.4,0.9
117,,0.85,0.9,0.35,0.9,0.9,0.9,0.35,0.85
118,,0.8,0.85,0.3,0.85,0.85,0.85,0.3,0.8
119,,0.75,0.8,0.25,0.8,0.8,0.8,0.25,0.75
120,,0.7,0.75,0.2,0.75,0.75,0.75,0.2,0.7
121,,0.65,0.7,0.15,0.7,0.7,0.7,0.15,0.65
122,,0.6,0.65,0.1,0.65,0.65,0.65,0.1,0.6
123,,0.55,0.6,0.05,0.6,0.6,0.6,0.05,0.55
124,,0.5,0.55,0.0,0.55,0.55,0.55,0.0,0.5
125,,0.45,0.5,-0.05,0.5,0.5,0.5,-0.05,0.45
126,3,0.6,0.721,0.95,0.721,0.65,0.579,0.0,0.529
127,3,0.75,0.942,1.0,0.942,0.8,0.658,0.05,0.608
128,,0.7,0.892,0.95,0.892,0.75,0.608,0.0,0.558
129,,0.65,0.842,0.9,0.842,0.7,0.558,-0.05,0.508
130,7,0.8,0.921,0.95,0.921,0.85,0.779,0.95,0.729
131,7,0.95,1.0,1.0,1.0,1.0,1.0,1.0,0.95
132,,0.9,0.95,0.95,0.95,0.95,0.95,0.95,0.9
133,,0.85,0.9,0.9,0.9,0.9,0.9,0.9,0.85
134,,0.8,0.85,0.85,0.85,0.85,0.85,0.85,0.8
135,,0.75,0.8,0.8,0.8,0.8,0.8,0.8,0.75
136,,0.7,0.75,0.75,0.75,0.75,0.75,0.75,0.7
137,,0.65,0.7,0.7,0.7,0.7,0.7,0.7,0.65
138,,0.6,0.65,0.65,0.65,0.65,0.65,0.65,0.6
139,,0.55,0.6,0.6,0.6,0.6,0.6,0.6,0.55
140,,0.5,0.55,0.55,0.55,0.55,0.55,0.55,0.5
141,,0.45,0.5,0.5,0.5,0.5,0.5,0.5,0.45
142,,0.4,0.45,0.45,0.45,0.45,0.45,0.45,0.4
143,,0.35,0.4,0.4,0.4,0.4,0.4,0.4,0.35
144,,0.3,0.35,0.35,0.35,0.35,0.35,0.35,0.3
145,,0.25,0.3,0.3,0.3,0.3,0.3,0.3,0.25
146,,0.2,0.25,0.25,0.25,0.25,0.25,0.25,0.2
147,,0.15,0.2,0.2,0.2,0.2,0.2,0.2,0.15
148,,0.1,0.15,0.15,0.15,0.15,0.15,0.15,0.1
149,,0.05,0.1,0.1,0.1,0.1,0.1,0.1,0.05
150,,0.0,0.05,0.05,0.05,0.05,0.05,0.05,0.0
151,,-0.05,0.0,0.0,0.0,0.0,0.0,0.0,-0.05
152,8,0.171,0.15,0.079,0.05,0.079,0.15,0.221,0.95
153,8,0.392,0.3,0.158,0.1,0.158,0.3,0.442,1.0
154,,0.342,0.25,0.108,0.05,0.108,0.25,0.392,0.95
155,,0.292,0.2,0.058,0.0,0.058,0.2,0.342,0.9
156,,0.242,0.15,0.008,-0.05,0.008,0.15,0.292,0.85
157,4,0.321,0.3,0.229,0.95,0.229,0.3,0.371,0.9
158,4,0.4,0.45,0.45,1.0,0.45,0.45,0.45,0.95
159,,0.35,0.4,0.4,0.95,0.4,0.4,0.4,0.9
160,,0.3,0.35,0.35,0.9,0.35,0.35,0.35,0.85
161,,0.25,0.3,0.3,0.85,0.3,0.3,0.3,0.8
162,,0.2,0.25,0.25,0.8,0.25,0.25,0.25,0.75
163,,0.15,0.2,0.2,0.75,0.2,0.2,0.2,0.7
164,,0.1,0.15,0.15,0.7,0.15,0.15,0.15,0.65
165,,0.05,0.1,0.1,0.65,0.1,0.1,0.1,0.6
166,,0.0,0.05,0.05,0.6,0.05,0.05,0.05,0.55
167,,-0.05,0.0,0.0,0.55,0.0,0.0,0.0,0.5
168,1,0.95,0.221,0.15,0.629,0.05,0.079,0.15,0.721
169,1,1.0,0.442,0.3,0.708,0.1,0.158,0.3,0.942
170,,0.95,0.392,0.25,0.658,0.05,0.108,0.25,0.892
171,,0.9,0.342,0.2,0.608,0.0,0.058,0.2,0.842
172,,0.85,0.292,0.15,0.558,-0.05,0.008,0.15,0.792
173,5,0.9,0.371,0.3,0.779,0.95,0.229,0.3,0.871
174,5,0.95,0.45,0.45,1.0,1.0,0.45,0.45,0.95
175,,0.9,0.4,0.4,0.95,0.95,0.4,0.4,0.9
176,,0.85,0.35,0.35,0.9,0.9,0.35,0.35,0.85
177,,0.8,0.3,0.3,0.85,0.85,0.3,0.3,0.8
178,,0.75,0.25,0.25,0.8,0.8,0.25,0.25,0.75
179,,0.7,0.2,0.2,0.75,0.75,0.2,0.2,0.7
180,,0.65,0.15,0.15,0.7,0.7,0.15,0.15,0.65
181,,0.6,0.1,0.1,0.65,0.65,0.1,0.1,0.6
182,,0.55,0.05,0.05,0.6,0.6,0.05,0.05,0.55
183,,0.5,0.0,0.0,0.55,0.55,0.0,0.0,0.5
184,,0.45,-0.05,-0.05,0.5,0.5,-0.05,-0.05,0.45
185,6,0.529,0.0,0.029,0.65,0.721,0.95,0.171,0.6
186,6,0.608,0.05,0.108,0.8,0.942,1.0,0.392,0.75
187,,0.558,0.0,0.058,0.75,0.892,0.95,0.342,0.7
188,,0.508,-0.05,0.008,0.7,0.842,0.9,0.292,0.65
189,2,0.729,0.95,0.229,0.85,0.921,0.95,0.371,0.8
190,2,0.95,1.0,0.45,1.0,1.0,1.0,0.45,0.95
191,,0.9,0.95,0.4,0.95,0.95,0.95,0.4,0.9
192,,0.85,0.9,0.35,0.9,0.9,0.9,0.35,0.85
193,,0.8,0.85,0.3,0.85,0.85,0.85,0.3,0.8
194,,0.75,0.8,0.25,0.8,0.8,0.8,0.25,0.75
195,,0.7,0.75,0.2,0.75,0.75,0.75,0.2,0.7
196,,0.65,0.7,0.15,0.7,0.7,0.7,0.15,0.65
197,,0.6,0.65,0.1,0.65,0.65,0.65,0.1,0.6
198,,0.55,0.6,0.05,0.6,0.6,0.6,0.05,0.55
199,,0.5,0.55,0.0,0.55,0.55,0.55,0.0,0.5
200,,0.45,0.5,-0.05,0.5,0.5,0.5,-0.05,0.45
201,3,0.6,0.721,0.95,0.721,0.65,0.579,0.0,0.529
202,3,0.75,0.942,1.0,0.942,0.8,0.658,0.05,0.608
203,,0.7,0.892,0.95,0.892,0.75,0.608,0.0,0.558
204,,0.65,0.842,0.9,0.842,0.7,0.558,-0.05,0.508
205,7,0.8,0.921,0.95,0.921,0.85,0.779,0.95,0.729
206,7,0.95,1.0,1.0,1.0,1.0,1.0,1.0,0.95
207,,0.9,0.95,0.95,0.95,0.95,0.95,0.95,0.9
208,,0.85,0.9,0.9,0.9,0.9,0.9,0.9,0.85
209,,0.8,0.85,0.85,0.85,0.85,0.85,0.85,0.8
210,,0.75,0.8,0.8,0.8,0.8,0.8,0.8,0.75
211,,0.7,0.75,0.75,0.75,0.75,0.75,0.75,0.7
212,,0.65,0.7,0.7,0.7,0.7,0.7,0.7,0.65
213,,0.6,0.65,0.65,0.65,0.65,0.65,0.65,0.6
214,,0.55,0.6,0.6,0.6,0.6,0.6,0.6,0.55
215,,0.5,0.55,0.55,0.55,0.55,0.55,0.55,0.5
216,,0.45,0.5,0.5,0.5,0.5,0.5,0.5,0.45
217,,0.4,0.45,0.45,0.45,0.45,0.45,0.45,0.4
218,,0.35,0.4,0.4,0.4,0.4,0.4,0.4,0.35
219,,0.3,0.35,0.35,0.35,0.35,0.35,0.35,0.3
220,,0.25,0.3,0.3,0.3,0.3,0.3,0.3,0.25
221,,0.2,0.25,0.25,0.25,0.25,0.25,0.25,0.2
222,,0.15,0.2,0.2,0.2,0.2,0.2,0.2,0.15
223,,0.1,0.15,0.15,0.15,0.15,0.15,0.15,0.1
224,,0.05,0.1,0.1,0.1,0.1,0.1,0.1,0.05
225,,0.0,0.05,0.05,0.05,0.05,0.05,0.05,0.0
226,,-0.05,0.0,0.0,0.0,0.0,0.0,0.0,-0.05
227,1,0.95,0.221,0.15,0.079,0.05,0.079,0.15,0.171
228,1,1.0,0.442,0.3,0.158,0.1,0.158,0.3,0.392
229,,0.95,0.392,0.25,0.108,0.05,0.108,0.25,0.342
230,,0.9,0.342,0.2,0.058,0.0,0.058,0.2,0.292
231,,0.85,0.292,0.15,0.008,-0.05,0.008,0.15,0.242
232,5,0.9,0.371,0.3,0.229,0.95,0.229,0.3,0.321
233,5,0.95,0.45,0.45,0.45,1.0,0.45,0.45,0.4
234,,0.9,0.4,0.4,0.4,0.95,0.4,0.4,0.35
235,,0.85,0.35,0.35,0.35,0.9,0.35,0.35,0.3
236,,0.8,0.3,0.3,0.3,0.85,0.3,0.3,0.25
237,,0.75,0.25,0.25,0.25,0.8,0.25,0.25,0.2
238,,0.7,0.2,0.2,0.2,0.75,0.2,0.2,0.15
239,,0.65,0.15,0.15,0.15,0.7,0.15,0.15,0.1
240,,0.6,0.1,0.1,0.1,0.65,0.1,0.1,0.05
241,,0.55,0.05,0.05,0.05,0.6,0.05,0.05,0.0
242,,0.5,0.0,0.0,0.0,0.55,0.0,0.0,-0.05
243,8,0.721,0.15,0.079,0.05,0.629,0.15,0.221,0.95
244,8,0.942,0.3,0.158,0.1,0.708,0.3,0.442,1.0
245,,0.892,0.25,0.108,0.05,0.658,0.25,0.392,0.95
246,,0.842,0.2,0.058,0.0,0.608,0.2,0.342,0.9
247,,0.792,0.15,0.008,-0.05,0.558,0.15,0.292,0.85
248,4,0.871,0.3,0.229,0.95,0.779,0.3,0.371,0.9
249,4,0.95,0.45,0.45,1.0,1.0,0.45,0.45,0.95
250,,0.9,0.4,0.4,0.95,0.95,0.4,0.4,0.9
251,,0.85,0.35,0.35,0.9,0.9,0.35,0.35,0.85
252,,0.8,0.3,0.3,0.85,0.85,0.3,0.3,0.8
253,,0.75,0.25,0.25,0.8,0.8,0.25,0.25,0.75
254,,0.7,0.2,0.2,0.75,0.75,0.2,0.2,0.7
255,,0.65,0.15,0.15,0.7,0.7,0.15,0.15,0.65
256,,0.6,0.1,0.1,0.65,0.65,0.1,0.1,0.6
257,,0.55,0.05,0.05,0.6,0.6,0.05,0.05,0.55
258,,0.5,0.0,0.0,0.55,0.55,0.0,0.0,0.5
259,,0.45,-0.05,-0.05,0.5,0.5,-0.05,-0.05,0.45
260,2,0.671,0.95,0.171,0.65,0.579,0.0,0.029,0.6
261,2,0.892,1.0,0.392,0.8,0.658,0.05,0.108,0.75
262,,0.842,0.95,0.342,0.75,0.608,0.0,0.058,0.7
263,,0.792,0.9,0.292,0.7,0.558,-0.05,0.008,0.65
264,6,0.871,0.95,0.371,0.85,0.779,0.95,0.229,0.8
265,6,0.95,1.0,0.45,1.0,1.0,1.0,0.45,0.95
266,,0.9,0.95,0.4,0.95,0.95,0.95,0.4,0.9
267,,0.85,0.9,0.35,0.9,0.9,0.9,0.35,0.85
268,,0.8,0.85,0.3,0.85,0.85,0.85,0.3,0.8
269,,0.75,0.8,0.25,0.8,0.8,0.8,0.25,0.75
270,,0.7,0.75,0.2,0.75,0.75,0.75,0.2,0.7
271,,0.65,0.7,0.15,0.7,0.7,0.7,0.15,0.65
272,,0.6,0.65,0.1,0.65,0.65,0.65,0.1,0.6
273,,0.55,0.6,0.05,0.6,0.6,0.6,0.05,0.55
274,,0.5,0.55,0.0,0.55,0.55,0.55,0.0,0.5
275,,0.45,0.5,-0.05,0.5,0.5,0.5,-0.05,0.45
276,7,0.6,0.579,0.0,0.579,0.65,0.721,0.95,0.671
277,7,0.75,0.658,0.05,0.658,0.8,0.942,1.0,0.892
278,,0.7,0.608,0.0,0.608,0.75,0.892,0.95,0.842
279,,0.65,0.558,-0.05,0.558,0.7,0.842,0.9,0.792
280,3,0.8,0.779,0.95,0.779,0.85,0.921,0.95,0.871
281,3,0.95,1.0,1.0,1.0,1.0,1.0,1.0,0.95
282,,0.9,0.95,0.95,0.95,0.95,0.95,0.95,0.9
283,,0.85,0.9,0.9,0.9,0.9,0.9,0.9,0.85
284,,0.8,0.85,0.85,0.85,0.85,0.85,0.85,0.8
285,,0.75,0.8,0.8,0.8,0.8,0.8,0.8,0.75
286,,0.7,0.75,0.75,0.75,0.75,0.75,0.75,0.7
287,,0.65,0.7,0.7,0.7,0.7,0.7,0.7,0.65
288,,0.6,0.65,0.65,0.65,0.65,0.65,0.65,0.6
289,,0.55,0.6,0.6,0.6,0.6,0.6,0.6,0.55
290,,0.5,0.55,0.55,0.55,0.55,0.55,0.55,0.5
291,,0.45,0.5,0.5,0.5,0.5,0.5,0.5,0.45
292,,0.4,0.45,0.45,0.45,0.45,0.45,0.45,0.4
293,,0.35,0.4,0.4,0.4,0.4,0.4,0.4,0.35
294,,0.3,0.35,0.35,0.35,0.35,0.35,0.35,0.3
295,,0.25,0.3,0.3,0.3,0.3,0.3,0.3,0.25
296,,0.2,0.25,0.25,0.25,0.25,0.25,0.25,0.2
297,,0.15,0.2,0.2,0.2,0.2,0.2,0.2,0.15
298,,0.1,0.15,0.15,0.15,0.15,0.15,0.15,0.1
299,,0.05,0.1,0.1,0.1,0.1,0.1,0.1,0.05
300,,0.0,0.05,0.05,0.05,0.05,0.05,0.05,0.0
301,,-0.05,0.0,0.0,0.0,0.0,0.0,0.0,-0.05
302,8,0.171,0.15,0.079,0.05,0.079,0.15,0.221,0.95
303,8,0.392,0.3,0.158,0.1,0.158,0.3,0.442,1.0
304,,0.342,0.25,0.108,0.05,0.108,0.25,0.392,0.95
305,,0.292,0.2,0.058,0.0,0.058,0.2,0.342,0.9
306,,0.242,0.15,0.008,-0.05,0.008,0.15,0.292,0.85
307,4,0.321,0.3,0.229,0.95,0.229,0.3,0.371,0.9
308,4,0.4,0.45,0.45,1.0,0.45,0.45,0.45,0.95
309,,0.35,0.4,0.4,0.95,0.4,0.4,0.4,0.9
310,,0.3,0.35,0.35,0.9,0.35,0.35,0.35,0.85
311,,0.25,0.3,0.3,0.85,0.3,0.3,0.3,0.8
312,,0.2,0.25,0.25,0.8,0.25,0.25,0.25,0.75
313,,0.15,0.2,0.2,0.75,0.2,0.2,0.2,0.7
314,,0.1,0.15,0.15,0.7,0.15,0.15,0.15,0.65
315,,0.05,0.1,0.1,0.65,0.1,0.1,0.1,0.6
316,,0.0,0.05,0.05,0.6,0.05,0.05,0.05,0.55
317,,-0.05,0.0,0.0,0.55,0.0,0.0,0.0,0.5
318,1,0.95,0.221,0.15,0.629,0.05,0.079,0.15,0.721
319,1,1.0,0.442,0.3,0.708,0.1,0.158,0.3,0.942
320,,0.95,0.392,0.25,0.658,0.05,0.108,0.25,0.892
321,,0.9,0.342,0.2,0.608,0.0,0.058,0.2,0.842
322,,0.85,0.292,0.15,0.558,-0.05,0.008,0.15,0.792
323,5,0.9,0.371,0.3,0.779,0.95,0.229,0.3,0.871
324,5,0.95,0.45,0.45,1.0,1.0,0.45,0.45,0.95
325,,0.9,0.4,0.4,0.95,0.95,0.4,0.4,0.9
326,,0.85,0.35,0.35,0.9,0.9,0.35,0.35,0.85
327,,0.8,0.3,0.3,0.85,0.85,0.3,0.3,0.8
328,,0.75,0.25,0.25,0.8,0.8,0.25,0.25,0.75
329,,0.7,0.2,0.2,0.75,0.75,0.2,0.2,0.7
330,,0.65,0.15,0.15,0.7,0.7,0.15,0.15,0.65
331,,0.6,0.1,0.1,0.65,0.65,0.1,0.1,0.6
332,,0.55,0.05,0.05,0.6,0.6,0.05,0.05,0.55
333,,0.5,0.0,0.0,0.55,0.55,0.0,0.0,0.5
334,,0.45,-0.05,-0.05,0.5,0.5,-0.05,-0.05,0.45
335,2,0.671,0.95,0.171,0.65,0.579,0.0,0.029,0.6
336,2,0.892,1.0,0.392,0.8,0.658,0.05,0.108,0.75
337,,0.842,0.95,0.342,0.75,0.608,0.0,0.058,0.7
338,,0.792,0.9,0.292,0.7,0.558,-0.05,0.008,0.65
339,6,0.871,0.95,0.371,0.85,0.779,0.95,0.229,0.8
340,6,0.95,1.0,0.45,1.0,1.0,1.0,0.45,0.95
341,,0.9,0.95,0.4,0.95,0.95,0.95,0.4,0.9
342,,0.85,0.9,0.35,0.9,0.9,0.9,0.35,0.85
343,,0.8,0.85,0.3,0.85,0.85,0.85,0.3,0.8
344,,0.75,0.8,0.25,0.8,0.8,0.8,0.25,0.75
345,,0.7,0.75,0.2,0.75,0.75,0.75,0.2,0.7
346,,0.65,0.7,0.15,0.7,0.7,0.7,0.15,0.65
347,,0.6,0.65,0.1,0.65,0.65,0.65,0.1,0.6
348,,0.55,0.6,0.05,0.6,0.6,0.6,0.05,0.55
349,,0.5,0.55,0.0,0.55,0.55,0.55,0.0,0.5
350,,0.45,0.5,-0.05,0.5,0.5,0.5,-0.05,0.45
351,3,0.6,0.721,0.95,0.721,0.65,0.579,0.0,0.529
352,3,0.75,0.942,1.0,0.942,0.8,0.658,0.05,0.608
353,,0.7,0.892,0.95,0.892,0.75,0.608,0.0,0.558
354,,0.65,0.842,0.9,0.842,0.7,0.558,-0.05,0.508
355,7,0.8,0.921,0.95,0.921,0.85,0.779,0.95,0.729
356,7,0.95,1.0,1.0,1.0,1.0,1.0,1.0,0.95
357,,0.9,0.95,0.95,0.95,0.95,0.95,0.95,0.9
358,,0.85,0.9,0.9,0.9,0.9,0.9,0.9,0.85
359,,0.8,0.85,0.85,0.85,0.85,0.85,0.85,0.8
360,,0.75,0.8,0.8,0.8,0.8,0.8,0.8,0.75
361,,0.7,0.75,0.75,0.75,0.75,0.75,0.75,0.7
362,,0.65,0.7,0.7,0.7,0.7,0.7,0.7,0.65
363,,0.6,0.65,0.65,0.65,0.65,0.65,0.65,0.6
364,,0.55,0.6,0.6,0.6,0.6,0.6,0.6,0.55
365,,0.5,0.55,0.55,0.55,0.55,0.55,0.55,0.5
366,,0.45,0.5,0.5,0.5,0.5,0.5,0.5,0.45
367,,0.4,0.45,0.45,0.45,0.45,0.45,0.45,0.4
368,,0.35,0.4,0.4,0.4,0.4,0.4,0.4,0.35
369,,0.3,0.35,0.35,0.35,0.35,0.35,0.35,0.3
370,,0.25,0.3,0.3,0.3,0.3,0.3,0.3,0.25
371,,0.2,0.25,0.25,0.25,0.25,0.25,0.25,0.2
372,,0.15,0.2,0.2,0.2,0.2,0.2,0.2,0.15
373,,0.1,0.15,0.15,0.15,0.15,0.15,0.15,0.1
374,,0.05,0.1,0.1,0.1,0.1,0.1,0.1,0.05
375,,0.0,0.05,0.05,0.05,0.05,0.05,0.05,0.0
376,,-0.05,0.0,0.0,0.0,0.0,0.0,0.0,-0.05
377,1,0.95,0.221,0.15,0.079,0.05,0.079,0.15,0.171
378,1,1.0,0.442,0.3,0.158,0.1,0.158,0.3,0.392
379,,0.95,0.392,0.25,0.108,0.05,0.108,0.25,0.342
380,,0.9,0.342,0.2,0.058,0.0,0.058,0.2,0.292
381,,0.85,0.292,0.15,0.008,-0.05,0.008,0.15,0.242
382,5,0.9,0.371,0.3,0.229,0.95,0.229,0.3,0.321
383,5,0.95,0.45,0.45,0.45,1.0,0.45,0.45,0.4
384,,0.9,0.4,0.4,0.4,0.95,0.4,0.4,0.35
385,,0.85,0.35,0.35,0.35,0.9,0.35,0.35,0.3
386,,0.8,0.3,0.3,0.3,0.85,0.3,0.3,0.25
387,,0.75,0.25,0.25,0.25,0.8,0.25,0.25,0.2
388,,0.7,0.2,0.2,0.2,0.75,0.2,0.2,0.15
389,,0.65,0.15,0.15,0.15,0.7,0.15,0.15,0.1
390,,0.6,0.1,0.1,0.1,0.65,0.1,0.1,0.05
391,,0.55,0.05,0.05,0.05,0.6,0.05,0.05,0.0
392,,0.5,0.0,0.0,0.0,0.55,0.0,0.0,-0.05
393,8,0.721,0.15,0.079,0.05,0.629,0.15,0.221,0.95
394,8,0.942,0.3,0.158,0.1,0.708,0.3,0.442,1.0
395,,0.892,0.25,0.108,0.05,0.658,0.25,0.392,0.95
396,,0.842,0.2,0.058,0.0,0.608,0.2,0.342,0.9
397,,0.792,0.15,0.008,-0.05,0.558,0.15,0.292,0.85
398,4,0.871,0.3,0.229,0.95,0.779,0.3,0.371,0.9
399,4,0.95,0.45,0.45,1.0,1.0,0.45,0.45,0.95
400,,0.9,0.4,0.4,0.95,0.95,0.4,0.4,0.9
401,,0.85,0.35,0.35,0.9,0.9,0.35,0.35,0.85
402,,0.8,0.3,0.3,0.85,0.85,0.3,0.3,0.8
403,,0.75,0.25,0.25,0.8,0.8,0.25,0.25,0.75
404,,0.7,0.2,0.2,0.75,0.75,0.2,0.2,0.7
405,,0.65,0.15,0.15,0.7,0.7,0.15,0.15,0.65
406,,0.6,0.1,0.1,0.65,0.65,0.1,0.1,0.6
407,,0.55,0.05,0.05,0.6,0.6,0.05,0.05,0.55
408,,0.5,0.0,0.0,0.55,0.55,0.0,0.0,0.5
409,,0.45,-0.05,-0.05,0.5,0.5,-0.05,-0.05,0.45
410,6,0.529,0.0,0.029,0.65,0.721,0.95,0.171,0.6
411,6,0.608,0.05,0.108,0.8,0.942,1.0,0.392,0.75
412,,0.558,0.0,0.058,0.75,0.892,0.95,0.342,0.7
413,,0.508,-0.05,0.008,0.7,0.842,0.9,0.292,0.65
414,2,0.729,0.95,0.229,0.85,0.921,0.95,0.371,0.8
415,2,0.95,1.0,0.45,1.0,1.0,1.0,0.45,0.95
416,,0.9,0.95,0.4,0.95,0.95,0.95,0.4,0.9
417,,0.85,0.9,0.35,0.9,0.9,0.9,0.35,0.85
418,,0.8,0.85,0.3,0.85,0.85,0.85,0.3,0.8
419,,0.75,0.8,0.25,0.8,0.8,0.8,0.25,0.75
420,,0.7,0.75,0.2,0.75,0.75,0.75,0.2,0.7
421,,0.65,0.7,0.15,0.7,0.7,0.7,0.15,0.65
422,,0.6,0.65,0.1,0.65,0.65,0.65,0.1,0.6
423,,0.55,0.6,0.05,0.6,0.6,0.6,0.05,0.55
424,,0.5,0.55,0.0,0.55,0.55,0.55,0.0,0.5
425,,0.45,0.5,-0.05,0.5,0.5,0.5,-0.05,0.45
426,3,0.6,0.721,0.95,0.721,0.65,0.579,0.0,0.529
427,3,0.75,0.942,1.0,0.942,0.8,0.658,0.05,0.608
428,,0.7,0.892,0.95,0.892,0.75,0.608,0.0,0.558
429,,0.65,0.842,0.9,0.842,0.7,0.558,-0.05,0.508
430,7,0.8,0.921,0.95,0.921,0.85,0.779,0.95,0.729
431,7,0.95,1.0,1.0,1.0,1.0,1.0,1.0,0.95
432,,0.9,0.95,0.95,0.95,0.95,0.95,0.95,0.9
433,,0.85,0.9,0.9,0.9,0.9,0.9,0.9,0.85
434,,0.8,0.85,0.85,0.85,0.85,0.85,0.85,0.8
435,,0.75,0.8,0.8,0.8,0.8,0.8,0.8,0.75
436,,0.7,0.75,0.75,0.75,0.75,0.75,0.75,0.7
437,,0.65,0.7,0.7,0.7,0.7,0.7,0.7,0.65
438,,0.6,0.65,0.65,0.65,0.65,0.65,0.65,0.6
439,,0.55,0.6,0.6,0.6,0.6,0.6,0.6,0.55
440,,0.5,0.55,0.55,0.55,0.55,0.55,0.55,0.5
441,,0.45,0.5,0.5,0.5,0.5,0.5,0.5,0.45
442,,0.4,0.45,0.45,0.45,0.45,0.45,0.45,0.4
443,,0.35,0.4,0.4,0.4,0.4,0.4,0.4,0.35
444,,0.3,0.35,0.35,0.35,0.35,0.35,0.35,0.3
445,,0.25,0.3,0.3,0.3,0.3,0.3,0.3,0.25
446,,0.2,0.25,0.25,0.25,0.25,0.25,0.25,0.2
447,,0.15,0.2,0.2,0.2,0.2,0.2,0.2,0.15
448,,0.1,0.15,0.15,0.15,0.15,0.15,0.15,0.1
449,,0.05,0.1,0.1,0.1,0.1,0.1,0.1,0.05
450,,0.0,0.05,0.05,0.05,0.05,0.05,0.05,0.0
451,,-0.05,0.0,0.0,0.0,0.0,0.0,0.0,-0.05
452,1,0.95,0.221,0.15,0.079,0.05,0.079,0.15,0.171
453,1,1.0,0.442,0.3,0.158,0.1,0.158,0.3,0.392
454,,0.95,0.392,0.25,0.108,0.05,0.108,0.25,0.342
455,,0.9,0.342,0.2,0.058,0.0,0.058,0.2,0.292
456,,0.85,0.292,0.15,0.008,-0.05,0.008,0.15,0.242
457,5,0.9,0.371,0.3,0.229,0.95,0.229,0.3,0.321
458,5,0.95,0.45,0.45,0.45,1.0,0.45,0.45,0.4
459,,0.9,0.4,0.4,0.4,0.95,0.4,0.4,0.35
460,,0.85,0.35,0.35,0.35,0.9,0.35,0.35,0.3
461,,0.8,0.3,0.3,0.3,0.85,0.3,0.3,0.25
462,,0.75,0.25,0.25,0.25,0.8,0.25,0.25,0.2
463,,0.7,0.2,0.2,0.2,0.75,0.2,0.2,0.15
464,,0.65,0.15,0.15,0.15,0.7,0.15,0.15,0.1
465,,0.6,0.1,0.1,0.1,0.65,0.1,0.1,0.05
466,,0.55,0.05,0.05,0.05,0.6,0.05,0.05,0.0
467,,0.5,0.0,0.0,0.0,0.55,0.0,0.0,-0.05
468,8,0.721,0.15,0.079,0.05,0.629,0.15,0.221,0.95
469,8,0.942,0.3,0.158,0.1,0.708,0.3,0.442,1.0
470,,0.892,0.25,0.108,0.05,0.658,0.25,0.392,0.95
471,,0.842,0.2,0.058,0.0,0.608,0.2,0.342,0.9
472,,0.792,0.15,0.008,-0.05,0.558,0.15,0.292,0.85
473,4,0.871,0.3,0.229,0.95,0.779,0.3,0.371,0.9
474,4,0.95,0.45,0.45,1.0,1.0,0.45,0.45,0.95
475,,0.9,0.4,0.4,0.95,0.95,0.4,0.4,0.9
476,,0.85,0.35,0.35,0.9,0.9,0.35,0.35,0.85
477,,0.8,0.3,0.3,0.85,0.85,0.3,0.3,0.8
478,,0.75,0.25,0.25,0.8,0.8,0.25,0.25,0.75
479,,0.7,0.2,0.2,0.75,0.75,0.2,0.2,0.7
480,,0.65,0.15,0.15,0.7,0.7,0.15,0.15,0.65
481,,0.6,0.1,0.1,0.65,0.65,0.1,0.1,0.6
482,,0.55,0.05,0.05,0.6,0.6,0.05,0.05,0.55
483,,0.5,0.0,0.0,0.55,0.55,0.0,0.0,0.5
484,,0.45,-0.05,-0.05,0.5,0.5,-0.05,-0.05,0.45
485,7,0.6,0.029,0.0,0.579,0.65,0.171,0.95,0.671
486,7,0.75,0.108,0.05,0.658,0.8,0.392,1.0,0.892
487,,0.7,0.058,0.0,0.608,0.75,0.342,0.95,0.842
488,,0.65,0.008,-0.05,0.558,0.7,0.292,0.9,0.792
489,3,0.8,0.229,0.95,0.779,0.85,0.371,0.95,0.871
490,3,0.95,0.45,1.0,1.0,1.0,0.45,1.0,0.95
491,,0.9,0.4,0.95,0.95,0.95,0.4,0.95,0.9
492,,0.85,0.35,0.9,0.9,0.9,0.35,0.9,0.85
493,,0.8,0.3,0.85,0.85,0.85,0.3,0.85,0.8
494,,0.75,0.25,0.8,0.8,0.8,0.25,0.8,0.75
495,,0.7,0.2,0.75,0.75,0.75,0.2,0.75,0.7
496,,0.65,0.15,0.7,0.7,0.7,0.15,0.7,0.65
497,,0.6,0.1,0.65,0.65,0.65,0.1,0.65,0.6
498,,0.55,0.05,0.6,0.6,0.6,0.05,0.6,0.55
499,,0.5,0.0,0.55,0.55,0.55,0.0,0.55,0.5
500,,0.45,-0.05,0.5,0.5,0.5,-0.05,0.5,0.45
501,2,0.671,0.95,0.721,0.65,0.579,0.0,0.579,0.6
502,2,0.892,1.0,0.942,0.8,0.658,0.05,0.658,0.75
503,,0.842,0.95,0.892,0.75,0.608,0.0,0.608,0.7
504,,0.792,0.9,0.842,0.7,0.558,-0.05,0.558,0.65
505,6,0.871,0.95,0.921,0.85,0.779,0.95,0.779,0.8
506,6,0.95,1.0,1.0,1.0,1.0,1.0,1.0,0.95
507,,0.9,0.95,0.95,0.95,0.95,0.95,0.95,0.9
508,,0.85,0.9,0.9,0.9,0.9,0.9,0.9,0.85
509,,0.8,0.85,0.85,0.85,0.85,0.85,0.85,0.8
510,,0.75,0.8,0.8,0.8,0.8,0.8,0.8,0.75
511,,0.7,0.75,0.75,0.75,0.75,0.75,0.75,0.7
512,,0.65,0.7,0.7,0.7,0.7,0.7,0.7,0.65
513,,0.6,0.65,0.65,0.65,0.65,0.65,0.65,0.6
514,,0.55,0.6,0.6,0.6,0.6,0.6,0.6,0.55
515,,0.5,0.55,0.55,0.55,0.55,0.55,0.55,0.5
516,,0.45,0.5,0.5,0.5,0.5,0.5,0.5,0.45
517,,0.4,0.45,0.45,0.45,0.45,0.45,0.45,0.4
518,,0.35,0.4,0.4,0.4,0.4,0.4,0.4,0.35
519,,0.3,0.35,0.35,0.35,0.35,0.35,0.35,0.3
520,,0.25,0.3,0.3,0.3,0.3,0.3,0.3,0.25
521,,0.2,0.25,0.25,0.25,0.25,0.25,0.25,0.2
522,,0.15,0.2,0.2,0.2,0.2,0.2,0.2,0.15
523,,0.1,0.15,0.15,0.15,0.15,0.15,0.15,0.1
524,,0.05,0.1,0.1,0.1,0.1,0.1,0.1,0.05
525,,0.0,0.05,0.05,0.05,0.05,0.05,0.05,0.0
526,,-0.05,0.0,0.0,0.0,0.0,0.0,0.0,-0.05
527,8,0.171,0.15,0.079,0.05,0.079,0.15,0.221,0.95
528,8,0.392,0.3,0.158,0.1,0.158,0.3,0.442,1.0
529,,0.342,0.25,0.108,0.05,0.108,0.25,0.392,0.95
530,,0.292,0.2,0.058,0.0,0.058,0.2,0.342,0.9
531,,0.242,0.15,0.008,-0.05,0.008,0.15,0.292,0.85
532,4,0.321,0.3,0.229,0.95,0.229,0.3,0.371,0.9
533,4,0.4,0.45,0.45,1.0,0.45,0.45,0.45,0.95
534,,0.35,0.4,0.4,0.95,0.4,0.4,0.4,0.9
535,,0.3,0.35,0.35,0.9,0.35,0.35,0.35,0.85
536,,0.25,0.3,0.3,0.85,0.3,0.3,0.3,0.8
537,,0.2,0.25,0.25,0.8,0.25,0.25,0.25,0.75
538,,0.15,0.2,0.2,0.75,0.2,0.2,0.2,0.7
539,,0.1,0.15,0.15,0.7,0.15,0.15,0.15,0.65
540,,0.05,0.1,0.1,0.65,0.1,0.1,0.1,0.6
541,,0.0,0.05,0.05,0.6,0.05,0.05,0.05,0.55
542,,-0.05,0.0,0.0,0.55,0.0,0.0,0.0,0.5
543,1,0.95,0.221,0.15,0.629,0.05,0.079,0.15,0.721
544,1,1.0,0.442,0.3,0.708,0.1,0.158,0.3,0.942
545,,0.95,0.392,0.25,0.658,0.05,0.108,0.25,0.892
546,,0.9,0.342,0.2,0.608,0.0,0.058,0.2,0.842
547,,0.85,0.292,0.15,0.558,-0.05,0.008,0.15,0.792
548,5,0.9,0.371,0.3,0.779,0.95,0.229,0.3,0.871
549,5,0.95,0.45,0.45,1.0,1.0,0.45,0.45,0.95
550,,0.9,0.4,0.4,0.95,0.95,0.4,0.4,0.9
551,,0.85,0.35,0.35,0.9,0.9,0.35,0.35,0.85
552,,0.8,0.3,0.3,0.85,0.85,0.3,0.3,0.8
553,,0.75,0.25,0.25,0.8,0.8,0.25,0.25,0.75
554,,0.7,0.2,0.2,0.75,0.75,0.2,0.2,0.7
555,,0.65,0.15,0.15,0.7,0.7,0.15,0.15,0.65
556,,0.6,0.1,0.1,0.65,0.65,0.1,0.1,0.6
557,,0.55,0.05,0.05,0.6,0.6,0.05,0.05,0.55
558,,0.5,0.0,0.0,0.55,0.55,0.0,0.0,0.5
559,,0.45,-0.05,-0.05,0.5,0.5,-0.05,-0.05,0.45
560,3,0.6,0.171,0.95,0.721,0.65,0.029,0.0,0.529
561,3,0.75,0.392,1.0,0.942,0.8,0.108,0.05,0.608
562,,0.7,0.342,0.95,0.892,0.75,0.058,0.0,0.558
563,,0.65,0.292,0.9,0.842,0.7,0.008,-0.05,0.508
564,7,0.8,0.371,0.95,0.921,0.85,0.229,0.95,0.729
565,7,0.95,0.45,1.0,1.0,1.0,0.45,1.0,0.95
566,,0.9,0.4,0.95,0.95,0.95,0.4,0.95,0.9
567,,0.85,0.35,0.9,0.9,0.9,0.35,0.9,0.85
568,,0.8,0.3,0.85,0.85,0.85,0.3,0.85,0.8
569,,0.75,0.25,0.8,0.8,0.8,0.25,0.8,0.75
570,,0.7,0.2,0.75,0.75,0.75,0.2,0.75,0.7
571,,0.65,0.15,0.7,0.7,0.7,0.15,0.7,0.65
572,,0.6,0.1,0.65,0.65,0.65,0.1,0.65,0.6
573,,0.55,0.05,0.6,0.6,0.6,0.05,0.6,0.55
574,,0.5,0.0,0.55,0.55,0.55,0.0,0.55,0.5
575,,0.45,-0.05,0.5,0.5,0.5,-0.05,0.5,0.45
576,2,0.671,0.95,0.721,0.65,0.579,0.0,0.579,0.6
577,2,0.892,1.0,0.942,0.8,0.658,0.05,0.658,0.75
578,,0.842,0.95,0.892,0.75,0.608,0.0,0.608,0.7
579,,0.792,0.9,0.842,0.7,0.558,-0.05,0.558,0.65
580,6,0.871,0.95,0.921,0.85,0.779,0.95,0.779,0.8
581,6,0.95,1.0,1.0,1.0,1.0,1.0,1.0,0.95
582,,0.9,0.95,0.95,0.95,0.95,0.95,0.95,0.9
583,,0.85,0.9,0.9,0.9,0.9,0.9,0.9,0.85
584,,0.8,0.85,0.85,0.85,0.85,0.85,0.85,0.8
585,,0.75,0.8,0.8,0.8,0.8,0.8,0.8,0.75
586,,0.7,0.75,0.75,0.75,0.75,0.75,0.75,0.7
587,,0.65,0.7,0.7,0.7,0.7,0.7,0.7,0.65
588,,0.6,0.65,0.65,0.65,0.65,0.65,0.65,0.6
589,,0.55,0.6,0.6,0.6,0.6,0.6,0.6,0.55
590,,0.5,0.55,0.55,0.55,0.55,0.55,0.55,0.5
591,,0.45,0.5,0.5,0.5,0.5,0.5,0.5,0.45
592,,0.4,0.45,0.45,0.45,0.45,0.45,0.45,0.4
593,,0.35,0.4,0.4,0.4,0.4,0.4,0.4,0.35
594,,0.3,0.35,0.35,0.35,0.35,0.35,0.35,0.3
595,,0.25,0.3,0.3,0.3,0.3,0.3,0.3,0.25
596,,0.2,0.25,0.25,0.25,0.25,0.25,0.25,0.2
597,,0.15,0.2,0.2,0.2,0.2,0.2,0.2,0.15
598,,0.1,0.15,0.15,0.15,0.15,0.15,0.15,0.1
599,,0.05,0.1,0.1,0.1,0.1,0.1,0.1,0.05
600,,0.0,0.05,0.05,0.05,0.05,0.05,0.05,0.0
601,,-0.05,0.0,0.0,0.0,0.0,0.0,0.0,-0.05
602,8,0.171,0.15,0.079,0.05,0.079,0.15,0.221,0.95
603,8,0.392,0.3,0.158,0.1,0.158,0.3,0.442,1.0
604,,0.342,0.25,0.108,0.05,0.108,0.25,0.392,0.95
605,,0.292,0.2,0.058,0.0,0.058,0.2,0.342,0.9
606,,0.242,0.15,0.008,-0.05,0.008,0.15,0.292,0.85
607,4,0.321,0.3,0.229,0.95,0.229,0.3,0.371,0.9
608,4,0.4,0.45,0.45,1.0,0.45,0.45,0.45,0.95
609,,0.35,0.4,0.4,0.95,0.4,0.4,0.4,0.9
610,,0.3,0.35,0.35,0.9,0.35,0.35,0.35,0.85
611,,0.25,0.3,0.3,0.85,0.3,0.3,0.3,0.8
612,,0.2,0.25,0.25,0.8,0.25,0.25,0.25,0.75
613,,0.15,0.2,0.2,0.75,0.2,0.2,0.2,0.7
614,,0.1,0.15,0.15,0.7,0.15,0.15,0.15,0.65
615,,0.05,0.1,0.1,0.65,0.1,0.1,0.1,0.6
616,,0.0,0.05,0.05,0.6,0.05,0.05,0.05,0.55
617,,-0.05,0.0,0.0,0.55,0.0,0.0,0.0,0.5
618,1,0.95,0.221,0.15,0.629,0.05,0.079,0.15,0.721
619,1,1.0,0.442,0.3,0.708,0.1,0.158,0.3,0.942
620,,0.95,0.392,0.25,0.658,0.05,0.108,0.25,0.892
621,,0.9,0.342,0.2,0.608,0.0,0.058,0.2,0.842
622,,0.85,0.292,0.15,0.558,-0.05,0.008,0.15,0.792
623,5,0.9,0.371,0.3,0.779,0.95,0.229,0.3,0.871
624,5,0.95,0.45,0.45,1.0,1.0,0.45,0.45,0.95
625,,0.9,0.4,0.4,0.95,0.95,0.4,0.4,0.9
626,,0.85,0.35,0.35,0.9,0.9,0.35,0.35,0.85
627,,0.8,0.3,0.3,0.85,0.85,0.3,0.3,0.8
628,,0.75,0.25,0.25,0.8,0.8,0.25,0.25,0.75
629,,0.7,0.2,0.2,0.75,0.75,0.2,0.2,0.7
630,,0.65,0.15,0.15,0.7,0.7,0.15,0.15,0.65
631,,0.6,0.1,0.1,0.65,0.65,0.1,0.1,0.6
632,,0.55,0.05,0.05,0.6,0.6,0.05,0.05,0.55
633,,0.5,0.0,0.0,0.55,0.55,0.0,0.0,0.5
634,,0.45,-0.05,-0.05,0.5,0.5,-0.05,-0.05,0.45
635,7,0.6,0.029,0.0,0.579,0.65,0.171,0.95,0.671
636,7,0.75,0.108,0.05,0.658,0.8,0.392,1.0,0.892
637,,0.7,0.058,0.0,0.608,0.75,0.342,0.95,0.842
638,,0.65,0.008,-0.05,0.558,0.7,0.292,0.9,0.792
639,3,0.8,0.229,0.95,0.779,0.85,0.371,0.95,0.871
640,3,0.95,0.45,1.0,1.0,1.0,0.45,1.0,0.95
641,,0.9,0.4,0.95,0.95,0.95,0.4,0.95,0.9
642,,0.85,0.35,0.9,0.9,0.9,0.35,0.9,0.85
643,,0.8,0.3,0.85,0.85,0.85,0.3,0.85,0.8
644,,0.75,0.25,0.8,0.8,0.8,0.25,0.8,0.75
645,,0.7,0.2,0.75,0.75,0.75,0.2,0.75,0.7
646,,0.65,0.15,0.7,0.7,0.7,0.15,0.7,0.65
647,,0.6,0.1,0.65,0.65,0.65,0.1,0.65,0.6
648,,0.55,0.05,0.6,0.6,0.6,0.05,0.6,0.55
649,,0.5,0.0,0.55,0.55,0.55,0.0,0.55,0.5
650,,0.45,-0.05,0.5,0.5,0.5,-0.05,0.5,0.45
651,6,0.529,0.0,0.579,0.65,0.721,0.95,0.721,0.6
652,6,0.608,0.05,0.658,0.8,0.942,1.0,0.942,0.75
653,,0.558,0.0,0.608,0.75,0.892,0.95,0.892,0.7
654,,0.508,-0.05,0.558,0.7,0.842,0.9,0.842,0.65
655,2,0.729,0.95,0.779,0.85,0.921,0.95,0.921,0.8
656,2,0.95,1.0,1.0,1.0,1.0,1.0,1.0,0.95
657,,0.9,0.95,0.95,0.95,0.95,0.95,0.95,0.9
658,,0.85,0.9,0.9,0.9,0.9,0.9,0.9,0.85
659,,0.8,0.85,0.85,0.85,0.85,0.85,0.85,0.8
660,,0.75,0.8,0.8,0.8,0.8,0.8,0.8,0.75
661,,0.7,0.75,0.75,0.75,0.75,0.75,0.75,0.7
662,,0.65,0.7,0.7,0.7,0.7,0.7,0.7,0.65
663,,0.6,0.65,0.65,0.65,0.65,0.65,0.65,0.6
664,,0.55,0.6,0.6,0.6,0.6,0.6,0.6,0.55
665,,0.5,0.55,0.55,0.55,0.55,0.55,0.55,0.5
666,,0.45,0.5,0.5,0.5,0.5,0.5,0.5,0.45
667,,0.4,0.45,0.45,0.45,0.45,0.45,0.45,0.4
668,,0.35,0.4,0.4,0.4,0.4,0.4,0.4,0.35
669,,0.3,0.35,0.35,0.35,0.35,0.35,0.35,0.3
670,,0.25,0.3,0.3,0.3,0.3,0.3,0.3,0.25
671,,0.2,0.25,0.25,0.25,0.25,0.25,0.25,0.2
672,,0.15,0.2,0.2,0.2,0.2,0.2,0.2,0.15
673,,0.1,0.15,0.15,0.15,0.15,0.15,0.15,0.1
674,,0.05,0.1,0.1,0.1,0.1,0.1,0.1,0.05
675,,0.0,0.05,0.05,0.05,0.05,0.05,0.05,0.0
676,,-0.05,0.0,0.0,0.0,0.0,0.0,0.0,-0.05
677,8,0.171,0.15,0.079,0.05,0.079,0.15,0.221,0.95
678,8,0.392,0.3,0.158,0.1,0.158,0.3,0.442,1.0
679,,0.342,0.25,0.108,0.05,0.108,0.25,0.392,0.95
680,,0.292,0.2,0.058,0.0,0.058,0.2,0.342,0.9
681,,0.242,0.15,0.008,-0.05,0.008,0.15,0.292,0.85
682,4,0.321,0.3,0.229,0.95,0.229,0.3,0.371,0.9
683,4,0.4,0.45,0.45,1.0,0.45,0.45,0.45,0.95
684,,0.35,0.4,0.4,0.95,0.4,0.4,0.4,0.9
685,,0.3,0.35,0.35,0.9,0.35,0.35,0.35,0.85
686,,0.25,0.3,0.3,0.85,0.3,0.3,0.3,0.8
687,,0.2,0.25,0.25,0.8,0.25,0.25,0.25,0.75
688,,0.15,0.2,0.2,0.75,0.2,0.2,0.2,0.7
689,,0.1,0.15,0.15,0.7,0.15,0.15,0.15,0.65
690,,0.05,0.1,0.1,0.65,0.1,0.1,0.1,0.6
691,,0.0,0.05,0.05,0.6,0.05,0.05,0.05,0.55
692,,-0.05,0.0,0.0,0.55,0.0,0.0,0.0,0.5
693,1,0.95,0.221,0.15,0.629,0.05,0.079,0.15,0.721
694,1,1.0,0.442,0.3,0.708,0.1,0.158,0.3,0.942
695,,0.95,0.392,0.25,0.658,0.05,0.108,0.25,0.892
696,,0.9,0.342,0.2,0.608,0.0,0.058,0.2,0.842
697,,0.85,0.292,0.15,0.558,-0.05,0.008,0.15,0.792
698,5,0.9,0.371,0.3,0.779,0.95,0.229,0.3,0.871
699,5,0.95,0.45,0.45,1.0,1.0,0.45,0.45,0.95
700,,0.9,0.4,0.4,0.95,0.95,0.4,0.4,0.9
701,,0.85,0.35,0.35,0.9,0.9,0.35,0.35,0.85
702,,0.8,0.3,0.3,0.85,0.85,0.3,0.3,0.8
703,,0.75,0.25,0.25,0.8,0.8,0.25,0.25,0.75
704,,0.7,0.2,0.2,0.75,0.75,0.2,0.2,0.7
705,,0.65,0.15,0.15,0.7,0.7,0.15,0.15,0.65
706,,0.6,0.1,0.1,0.65,0.65,0.1,0.1,0.6
707,,0.55,0.05,0.05,0.6,0.6,0.05,0.05,0.55
708,,0.5,0.0,0.0,0.55,0.55,0.0,0.0,0.5
709,,0.45,-0.05,-0.05,0.5,0.5,-0.05,-0.05,0.45
710,7,0.6,0.029,0.0,0.579,0.65,0.171,0.95,0.671
711,7,0.75,0.108,0.05,0.658,0.8,0.392,1.0,0.892
712,,0.7,0.058,0.0,0.608,0.75,0.342,0.95,0.842
713,,0.65,0.008,-0.05,0.558,0.7,0.292,0.9,0.792
714,3,0.8,0.229,0.95,0.779,0.85,0.371,0.95,0.871
715,3,0.95,0.45,1.0,1.0,1.0,0.45,1.0,0.95
716,,0.9,0.4,0.95,0.95,0.95,0.4,0.95,0.9
717,,0.85,0.35,0.9,0.9,0.9,0.35,0.9,0.85
718,,0.8,0.3,0.85,0.85,0.85,0.3,0.85,0.8
719,,0.75,0.25,0.8,0.8,0.8,0.25,0.8,0.75
720,,0.7,0.2,0.75,0.75,0.75,0.2,0.75,0.7
721,,0.65,0.15,0.7,0.7,0.7,0.15,0.7,0.65
722,,0.6,0.1,0.65,0.65,0.65,0.1,0.65,0.6
723,,0.55,0.05,0.6,0.6,0.6,0.05,0.6,0.55
724,,0.5,0.0,0.55,0.55,0.55,0.0,0.55,0.5
725,,0.45,-0.05,0.5,0.5,0.5,-0.05,0.5,0.45
726,6,0.529,0.0,0.579,0.65,0.721,0.95,0.721,0.6
727,6,0.608,0.05,0.658,0.8,0.942,1.0,0.942,0.75
728,,0.558,0.0,0.608,0.75,0.892,0.95,0.892,0.7
729,,0.508,-0.05,0.558,0.7,0.842,0.9,0.842,0.65
730,2,0.729,0.95,0.779,0.85,0.921,0.95,0.921,0.8
731,2,0.95,1.0,1.0,1.0,1.0,1.0,1.0,0.95
732,,0.9,0.95,0.95,0.95,0.95,0.95,0.95,0.9
733,,0.85,0.9,0.9,0.9,0.9,0.9,0.9,0.85
734,,0.8,0.85,0.85,0.85,0.85,0.85,0.85,0.8
735,,0.75,0.8,0.8,0.8,0.8,0.8,0.8,0.75
736,,0.7,0.75,0.75,0.75,0.75,0.75,0.75,0.7
737,,0.65,0.7,0.7,0.7,0.7,0.7,0.7,0.65
738,,0.6,0.65,0.65,0.65,0.65,0.65,0.65,0.6
739,,0.55,0.6,0.6,0.6,0.6,0.6,0.6,0.55
740,,0.5,0.55,0.55,0.55,0.55,0.55,0.55,0.5
741,,0.45,0.5,0.5,0.5,0.5,0.5,0.5,0.45
742,,0.4,0.45,0.45,0.45,0.45,0.45,0.45,0.4
743,,0.35,0.4,0.4,0.4,0.4,0.4,0.4,0.35
744,,0.3,0.35,0.35,0.35,0.35,0.35,0.35,0.3
745,,0.25,0.3,0.3,0.3,0.3,0.3,0.3,0.25
746,,0.2,0.25,0.25,0.25,0.25,0.25,0.25,0.2
747,,0.15,0.2,0.2,0.2,0.2,0.2,0.2,0.15
748,,0.1,0.15,0.15,0.15,0.15,0.15,0.15,0.1
749,,0.05,0.1,0.1,0.1,0.1,0.1,0.1,0.05
750,,0.0,0.05,0.05,0.05,0.05,0.05,0.05,0.0
751,,-0.05,0.0,0.0,0.0,0.0,0.0,0.0,-0.05
752,1,0.95,0.221,0.15,0.079,0.05,0.079,0.15,0.171
753,1,1.0,0.442,0.3,0.158,0.1,0.158,0.3,0.392
754,,0.95,0.392,0.25,0.108,0.05,0.108,0.25,0.342
755,,0.9,0.342,0.2,0.058,0.0,0.058,0.2,0.292
756,,0.85,0.292,0.15,0.008,-0.05,0.008,0.15,0.242
757,5,0.9,0.371,0.3,0.229,0.95,0.229,0.3,0.321
758,5,0.95,0.45,0.45,0.45,1.0,0.45,0.45,0.4
759,,0.9,0.4,0.4,0.4,0.95,0.4,0.4,0.35
760,,0.85,0.35,0.35,0.35,0.9,0.35,0.35,0.3
761,,0.8,0.3,0.3,0.3,0.85,0.3,0.3,0.25
762,,0.75,0.25,0.25,0.25,0.8,0.25,0.25,0.2
763,,0.7,0.2,0.2,0.2,0.75,0.2,0.2,0.15
764,,0.65,0.15,0.15,0.15,0.7,0.15,0.15,0.1
765,,0.6,0.1,0.1,0.1,0.65,0.1,0.1,0.05
766,,0.55,0.05,0.05,0.05,0.6,0.05,0.05,0.0
767,,0.5,0.0,0.0,0.0,0.55,0.0,0.0,-0.05
768,8,0.721,0.15,0.079,0.05,0.629,0.15,0.221,0.95
769,8,0.942,0.3,0.158,0.1,0.708,0.3,0.442,1.0
770,,0.892,0.25,0.108,0.05,0.658,0.25,0.392,0.95
771,,0.842,0.2,0.058,0.0,0.608,0.2,0.342,0.9
772,,0.792,0.15,0.008,-0.05,0.558,0.15,0.292,0.85
773,4,0.871,0.3,0.229,0.95,0.779,0.3,0.371,0.9
774,4,0.95,0.45,0.45,1.0,1.0,0.45,0.45,0.95
775,,0.9,0.4,0.4,0.95,0.95,0.4,0.4,0.9
776,,0.85,0.35,0.35,0.9,0.9,0.35,0.35,0.85
777,,0.8,0.3,0.3,0.85,0.85,0.3,0.3,0.8
778,,0.75,0.25,0.25,0.8,0.8,0.25,0.25,0.75
779,,0.7,0.2,0.2,0.75,0.75,0.2,0.2,0.7
780,,0.65,0.15,0.15,0.7,0.7,0.15,0.15,0.65
781,,0.6,0.1,0.1,0.65,0.65,0.1,0.1,0.6
782,,0.55,0.05,0.05,0.6,0.6,0.05,0.05,0.55
783,,0.5,0.0,0.0,0.55,0.55,0.0,0.0,0.5
784,,0.45,-0.05,-0.05,0.5,0.5,-0.05,-0.05,0.45
785,7,0.6,0.029,0.0,0.579,0.65,0.171,0.95,0.671
786,7,0.75,0.108,0.05,0.658,0.8,0.392,1.0,0.892
787,,0.7,0.058,0.0,0.608,0.75,0.342,0.95,0.842
788,,0.65,0.008,-0.05,0.558,0.7,0.292,0.9,0.792
789,3,0.8,0.229,0.95,0.779,0.85,0.371,0.95,0.871
790,3,0.95,0.45,1.0,1.0,1.0,0.45,1.0,0.95
791,,0.9,0.4,0.95,0.95,0.95,0.4,0.95,0.9
792,,0.85,0.35,0.9,0.9,0.9,0.35,0.9,0.85
793,,0.8,0.3,0.85,0.85,0.85,0.3,0.85,0.8
794,,0.75,0.25,0.8,0.8,0.8,0.25,0.8,0.75
795,,0.7,0.2,0.75,0.75,0.75,0.2,0.75,0.7
796,,0.65,0.15,0.7,0.7,0.7,0.15,0.7,0.65
797,,0.6,0.1,0.65,0.65,0.65,0.1,0.65,0.6
798,,0.55,0.05,0.6,0.6,0.6,0.05,0.6,0.55
799,,0.5,0.0,0.55,0.55,0.55,0.0,0.55,0.5
800,,0.45,-0.05,0.5,0.5,0.5,-0.05,0.5,0.45
801,6,0.529,0.0,0.579,0.65,0.721,0.95,0.721,0.6
802,6,0.608,0.05,0.658,0.8,0.942,1.0,0.942,0.75
803,,0.558,0.0,0.608,0.75,0.892,0.95,0.892,0.7
804,,0.508,-0.05,0.558,0.7,0.842,0.9,0.842,0.65
805,2,0.729,0.95,0.779,0.85,0.921,0.95,0.921,0.8
806,2,0.95,1.0,1.0,1.0,1.0,1.0,1.0,0.95
807,,0.9,0.95,0.95,0.95,0.95,0.95,0.95,0.9
808,,0.85,0.9,0.9,0.9,0.9,0.9,0.9,0.85
809,,0.8,0.85,0.85,0.85,0.85,0.85,0.85,0.8
810,,0.75,0.8,0.8,0.8,0.8,0.8,0.8,0.75
811,,0.7,0.75,0.75,0.75,0.75,0.75,0.75,0.7
812,,0.65,0.7,0.7,0.7,0.7,0.7,0.7,0.65
813,,0.6,0.65,0.65,0.65,0.65,0.65,0.65,0.6
814,,0.55,0.6,0.6,0.6,0.6,0.6,0.6,0.55
815,,0.5,0.55,0.55,0.55,0.55,0.55,0.55,0.5
816,,0.45,0.5,0.5,0.5,0.5,0.5,0.5,0.45
817,,0.4,0.45,0.45,0.45,0.45,0.45,0.45,0.4
818,,0.35,0.4,0.4,0.4,0.4,0.4,0.4,0.35
819,,0.3,0.35,0.35,0.35,0.35,0.35,0.35,0.3
820,,0.25,0.3,0.3,0.3,0.3,0.3,0.3,0.25
821,,0.2,0.25,0.25,0.25,0.25,0.25,0.25,0.2
822,,0.15,0.2,0.2,0.2,0.2,0.2,0.2,0.15
823,,0.1,0.15,0.15,0.15,0.15,0.15,0.15,0.1
824,,0.05,0.1,0.1,0.1,0.1,0.1,0.1,0.05
825,,0.0,0.05,0.05,0.05,0.05,0.05,0.05,0.0
826,,-0.05,0.0,0.0,0.0,0.0,0.0,0.0,-0.05
827,8,0.171,0.15,0.079,0.05,0.079,0.15,0.221,0.95
828,8,0.392,0.3,0.158,0.1,0.158,0.3,0.442,1.0
829,,0.342,0.25,0.108,0.05,0.108,0.25,0.392,0.95
830,,0.292,0.2,0.058,0.0,0.058,0.2,0.342,0.9
831,,0.242,0.15,0.008,-0.05,0.008,0.15,0.292,0.85
832,4,0.321,0.3,0.229,0.95,0.229,0.3,0.371,0.9
833,4,0.4,0.45,0.45,1.0,0.45,0.45,0.45,0.95
834,,0.35,0.4,0.4,0.95,0.4,0.4,0.4,0.9
835,,0.3,0.35,0.35,0.9,0.35,0.35,0.35,0.85
836,,0.25,0.3,0.3,0.85,0.3,0.3,0.3,0.8
837,,0.2,0.25,0.25,0.8,0.25,0.25,0.25,0.75
838,,0.15,0.2,0.2,0.75,0.2,0.2,0.2,0.7
839,,0.1,0.15,0.15,0.7,0.15,0.15,0.15,0.65
840,,0.05,0.1,0.1,0.65,0.1,0.1,0.1,0.6
841,,0.0,0.05,0.05,0.6,0.05,0.05,0.05,0.55
842,,-0.05,0.0,0.0,0.55,0.0,0.0,0.0,0.5
843,1,0.95,0.221,0.15,0.629,0.05,0.079,0.15,0.721
844,1,1.0,0.442,0.3,0.708,0.1,0.158,0.3,0.942
845,,0.95,0.392,0.25,0.658,0.05,0.108,0.25,0.892
846,,0.9,0.342,0.2,0.608,0.0,0.058,0.2,0.842
847,,0.85,0.292,0.15,0.558,-0.05,0.008,0.15,0.792
848,5,0.9,0.371,0.3,0.779,0.95,0.229,0.3,0.871
849,5,0.95,0.45,0.45,1.0,1.0,0.45,0.45,0.95
850,,0.9,0.4,0.4,0.95,0.95,0.4,0.4,0.9
851,,0.85,0.35,0.35,0.9,0.9,0.35,0.35,0.85
852,,0.8,0.3,0.3,0.85,0.85,0.3,0.3,0.8
853,,0.75,0.25,0.25,0.8,0.8,0.25,0.25,0.75
854,,0.7,0.2,0.2,0.75,0.75,0.2,0.2,0.7
855,,0.65,0.15,0.15,0.7,0.7,0.15,0.15,0.65
856,,0.6,0.1,0.1,0.65,0.65,0.1,0.1,0.6
857,,0.55,0.05,0.05,0.6,0.6,0.05,0.05,0.55
858,,0.5,0.0,0.0,0.55,0.55,0.0,0.0,0.5
859,,0.45,-0.05,-0.05,0.5,0.5,-0.05,-0.05,0.45
860,2,0.671,0.95,0.171,0.65,0.579,0.0,0.029,0.6
861,2,0.892,1.0,0.392,0.8,0.658,0.05,0.108,0.75
862,,0.842,0.95,0.342,0.75,0.608,0.0,0.058,0.7
863,,0.792,0.9,0.292,0.7,0.558,-0.05,0.008,0.65
864,6,0.871,0.95,0.371,0.85,0.779,0.95,0.229,0.8
865,6,0.95,1.0,0.45,1.0,1.0,1.0,0.45,0.95
866,,0.9,0.95,0.4,0.95,0.95,0.95,0.4,0.9
867,,0.85,0.9,0.35,0.9,0.9,0.9,0.35,0.85
868,,0.8,0.85,0.3,0.85,0.85,0.85,0.3,0.8
869,,0.75,0.8,0.25,0.8,0.8,0.8,0.25,0.75
870,,0.7,0.75,0.2,0.75,0.75,0.75,0.2,0.7
871,,0.65,0.7,0.15,0.7,0.7,0.7,0.15,0.65
872,,0.6,0.65,0.1,0.65,0.65,0.65,0.1,0.6
873,,0.55,0.6,0.05,0.6,0.6,0.6,0.05,0.55
874,,0.5,0.55,0.0,0.55,0.55,0.55,0.0,0.5
875,,0.45,0.5,-0.05,0.5,0.5,0.5,-0.05,0.45
876,7,0.6,0.579,0.0,0.579,0.65,0.721,0.95,0.671
877,7,0.75,0.658,0.05,0.658,0.8,0.942,1.0,0.892
878,,0.7,0.608,0.0,0.608,0.75,0.892,0.95,0.842
879,,0.65,0.558,-0.05,0.558,0.7,0.842,0.9,0.792
880,3,0.8,0.779,0.95,0.779,0.85,0.921,0.95,0.871
881,3,0.95,1.0,1.0,1.0,1.0,1.0,1.0,0.95
882,,0.9,0.95,0.95,0.95,0.95,0.95,0.95,0.9
883,,0.85,0.9,0.9,0.9,0.9,0.9,0.9,0.85
884,,0.8,0.85,0.85,0.85,0.85,0.85,0.85,0.8
885,,0.75,0.8,0.8,0.8,0.8,0.8,0.8,0.75
886,,0.7,0.75,0.75,0.75,0.75,0.75,0.75,0.7
887,,0.65,0.7,0.7,0.7,0.7,0.7,0.7,0.65
888,,0.6,0.65,0.65,0.65,0.65,0.65,0.65,0.6
889,,0.55,0.6,0.6,0.6,0.6,0.6,0.6,0.55
890,,0.5,0.55,0.55,0.55,0.55,0.55,0.55,0.5
891,,0.45,0.5,0.5,0.5,0.5,0.5,0.5,0.45
892,,0.4,0.45,0.45,0.45,0.45,0.45,0.45,0.4
893,,0.35,0.4,0.4,0.4,0.4,0.4,0.4,0.35
894,,0.3,0.35,0.35,0.35,0.35,0.35,0.35,0.3
895,,0.25,0.3,0.3,0.3,0.3,0.3,0.3,0.25
896,,0.2,0.25,0.25,0.25,0.25,0.25,0.25,0.2
897,,0.15,0.2,0.2,0.2,0.2,0.2,0.2,0.15
898,,0.1,0.15,0.15,0.15,0.15,0.15,0.15,0.1
899,,0.05,0.1,0.1,0.1,0.1,0.1,0.1,0.05
900,,0.0,0.05,0.05,0.05,0.05,0.05,0.05,0.0
901,,-0.05,0.0,0.0,0.0,0.0,0.0,0.0,-0.05
902,1,0.95,0.221,0.15,0.079,0.05,0.079,0.15,0.171
903,1,1.0,0.442,0.3,0.158,0.1,0.158,0.3,0.392
904,,0.95,0.392,0.25,0.108,0.05,0.108,0.25,0.342
905,,0.9,0.342,0.2,0.058,0.0,0.058,0.2,0.292
906,,0.85,0.292,0.15,0.008,-0.05,0.008,0.15,0.242
907,5,0.9,0.371,0.3,0.229,0.95,0.229,0.3,0.321
908,5,0.95,0.45,0.45,0.45,1.0,0.45,0.45,0.4
