step,active_motive,motive_1,motive_2,motive_3,motive_4,motive_5,motive_6,motive_7,motive_8
0,,0.08599,0.06803,0.04505,0.00133,0.09422,0.05633,0.03854,0.0016
1,,0.07599,0.05803,0.03505,-0.00867,0.08422,0.04633,0.02854,-0.0084
2,4,0.22499,0.34803,0.46605,0.99133,0.51522,0.33633,0.17754,0.0816
3,4,0.37399,0.63803,0.89705,1.0,0.94622,0.62633,0.32654,0.1716
4,,0.36399,0.62803,0.88705,0.99,0.93622,0.61633,0.31654,0.1616
5,,0.35399,0.61803,0.87705,0.98,0.92622,0.60633,0.30654,0.1516
6,,0.34399,0.60803,0.86705,0.97,0.91622,0.59633,0.29654,0.1416
7,,0.33399,0.59803,0.85705,0.96,0.90622,0.58633,0.28654,0.1316
8,,0.32399,0.58803,0.84705,0.95,0.89622,0.57633,0.27654,0.1216
9,,0.31399,0.57803,0.83705,0.94,0.88622,0.56633,0.26654,0.1116
10,,0.30399,0.56803,0.82705,0.93,0.87622,0.55633,0.25654,0.1016
11,,0.29399,0.55803,0.81705,0.92,0.86622,0.54633,0.24654,0.0916
12,,0.28399,0.54803,0.80705,0.91,0.85622,0.53633,0.23654,0.0816
13,,0.27399,0.53803,0.79705,0.9,0.84622,0.52633,0.22654,0.0716
14,,0.26399,0.52803,0.78705,0.89,0.83622,0.51633,0.21654,0.0616
15,,0.25399,0.51803,0.77705,0.88,0.82622,0.50633,0.20654,0.0516
16,,0.24399,0.50803,0.76705,0.87,0.81622,0.49633,0.19654,0.0416
17,,0.23399,0.49803,0.75705,0.86,0.80622,0.48633,0.18654,0.0316
18,,0.22399,0.48803,0.74705,0.85,0.79622,0.47633,0.17654,0.0216
19,,0.21399,0.47803,0.73705,0.84,0.78622,0.46633,0.16654,0.0116
20,,0.20399,0.46803,0.72705,0.83,0.77622,0.45633,0.15654,0.0016
21,,0.19399,0.45803,0.71705,0.82,0.76622,0.44633,0.14654,-0.0084
22,8,0.62499,0.74803,0.86605,0.91,0.91522,0.73633,0.57754,0.9916
23,8,1.0,1.0,1.0,1.0,1.0,1.0,1.0,1.0
24,,0.99,0.99,0.99,0.99,0.99,0.99,0.99,0.99
25,,0.98,0.98,0.98,0.98,0.98,0.98,0.98,0.98
26,,0.97,0.97,0.97,0.97,0.97,0.97,0.97,0.97
27,,0.96,0.96,0.96,0.96,0.96,0.96,0.96,0.96
28,,0.95,0.95,0.95,0.95,0.95,0.95,0.95,0.95
29,,0.94,0.94,0.94,0.94,0.94,0.94,0.94,0.94
30,,0.93,0.93,0.93,0.93,0.93,0.93,0.93,0.93
31,,0.92,0.92,0.92,0.92,0.92,0.92,0.92,0.92
32,,0.91,0.91,0.91,0.91,0.91,0.91,0.91,0.91
33,,0.9,0.9,0.9,0.9,0.9,0.9,0.9,0.9
34,,0.89,0.89,0.89,0.89,0.89,0.89,0.89,0.89
35,,0.88,0.88,0.88,0.88,0.88,0.88,0.88,0.88
36,,0.87,0.87,0.87,0.87,0.87,0.87,0.87,0.87
37,,0.86,0.86,0.86,0.86,0.86,0.86,0.86,0.86
38,,0.85,0.85,0.85,0.85,0.85,0.85,0.85,0.85
39,,0.84,0.84,0.84,0.84,0.84,0.84,0.84,0.84
40,,0.83,0.83,0.83,0.83,0.83,0.83,0.83,0.83
41,,0.82,0.82,0.82,0.82,0.82,0.82,0.82,0.82
42,,0.81,0.81,0.81,0.81,0.81,0.81,0.81,0.81
43,,0.8,0.8,0.8,0.8,0.8,0.8,0.8,0.8
44,,0.79,0.79,0.79,0.79,0.79,0.79,0.79,0.79
45,,0.78,0.78,0.78,0.78,0.78,0.78,0.78,0.78
46,,0.77,0.77,0.77,0.77,0.77,0.77,0.77,0.77
47,,0.76,0.76,0.76,0.76,0.76,0.76,0.76,0.76
48,,0.75,0.75,0.75,0.75,0.75,0.75,0.75,0.75
49,,0.74,0.74,0.74,0.74,0.74,0.74,0.74,0.74
50,,0.73,0.73,0.73,0.73,0.73,0.73,0.73,0.73
51,,0.72,0.72,0.72,0.72,0.72,0.72,0.72,0.72
52,,0.71,0.71,0.71,0.71,0.71,0.71,0.71,0.71
53,,0.7,0.7,0.7,0.7,0.7,0.7,0.7,0.7
54,,0.69,0.69,0.69,0.69,0.69,0.69,0.69,0.69
55,,0.68,0.68,0.68,0.68,0.68,0.68,0.68,0.68
56,,0.67,0.67,0.67,0.67,0.67,0.67,0.67,0.67
57,,0.66,0.66,0.66,0.66,0.66,0.66,0.66,0.66
58,,0.65,0.65,0.65,0.65,0.65,0.65,0.65,0.65
59,,0.64,0.64,0.64,0.64,0.64,0.64,0.64,0.64
60,,0.63,0.63,0.63,0.63,0.63,0.63,0.63,0.63
61,,0.62,0.62,0.62,0.62,0.62,0.62,0.62,0.62
62,,0.61,0.61,0.61,0.61,0.61,0.61,0.61,0.61
63,,0.6,0.6,0.6,0.6,0.6,0.6,0.6,0.6
64,,0.59,0.59,0.59,0.59,0.59,0.59,0.59,0.59
65,,0.58,0.58,0.58,0.58,0.58,0.58,0.58,0.58
66,,0.57,0.57,0.57,0.57,0.57,0.57,0.57,0.57
67,,0.56,0.56,0.56,0.56,0.56,0.56,0.56,0.56
68,,0.55,0.55,0.55,0.55,0.55,0.55,0.55,0.55
69,,0.54,0.54,0.54,0.54,0.54,0.54,0.54,0.54
70,,0.53,0.53,0.53,0.53,0.53,0.53,0.53,0.53
71,,0.52,0.52,0.52,0.52,0.52,0.52,0.52,0.52
72,,0.51,0.51,0.51,0.51,0.51,0.51,0.51,0.51
73,,0.5,0.5,0.5,0.5,0.5,0.5,0.5,0.5
74,,0.49,0.49,0.49,0.49,0.49,0.49,0.49,0.49
75,,0.48,0.48,0.48,0.48,0.48,0.48,0.48,0.48
76,,0.47,0.47,0.47,0.47,0.47,0.47,0.47,0.47
77,,0.46,0.46,0.46,0.46,0.46,0.46,0.46,0.46
78,,0.45,0.45,0.45,0.45,0.45,0.45,0.45,0.45
79,,0.44,0.44,0.44,0.44,0.44,0.44,0.44,0.44
80,,0.43,0.43,0.43,0.43,0.43,0.43,0.43,0.43
81,,0.42,0.42,0.42,0.42,0.42,0.42,0.42,0.42
82,,0.41,0.41,0.41,0.41,0.41,0.41,0.41,0.41
83,,0.4,0.4,0.4,0.4,0.4,0.4,0.4,0.4
84,,0.39,0.39,0.39,0.39,0.39,0.39,0.39,0.39
85,,0.38,0.38,0.38,0.38,0.38,0.38,0.38,0.38
86,,0.37,0.37,0.37,0.37,0.37,0.37,0.37,0.37
87,,0.36,0.36,0.36,0.36,0.36,0.36,0.36,0.36
88,,0.35,0.35,0.35,0.35,0.35,0.35,0.35,0.35
89,,0.34,0.34,0.34,0.34,0.34,0.34,0.34,0.34
90,,0.33,0.33,0.33,0.33,0.33,0.33,0.33,0.33
91,,0.32,0.32,0.32,0.32,0.32,0.32,0.32,0.32
92,,0.31,0.31,0.31,0.31,0.31,0.31,0.31,0.31
93,,0.3,0.3,0.3,0.3,0.3,0.3,0.3,0.3
94,,0.29,0.29,0.29,0.29,0.29,0.29,0.29,0.29
95,,0.28,0.28,0.28,0.28,0.28,0.28,0.28,0.28
96,,0.27,0.27,0.27,0.27,0.27,0.27,0.27,0.27
97,,0.26,0.26,0.26,0.26,0.26,0.26,0.26,0.26
98,,0.25,0.25,0.25,0.25,0.25,0.25,0.25,0.25
99,,0.24,0.24,0.24,0.24,0.24,0.24,0.24,0.24
100,,0.23,0.23,0.23,0.23,0.23,0.23,0.23,0.23
101,,0.22,0.22,0.22,0.22,0.22,0.22,0.22,0.22
102,,0.21,0.21,0.21,0.21,0.21,0.21,0.21,0.21
103,,0.2,0.2,0.2,0.2,0.2,0.2,0.2,0.2
104,,0.19,0.19,0.19,0.19,0.19,0.19,0.19,0.19
105,,0.18,0.18,0.18,0.18,0.18,0.18,0.18,0.18
106,,0.17,0.17,0.17,0.17,0.17,0.17,0.17,0.17
107,,0.16,0.16,0.16,0.16,0.16,0.16,0.16,0.16
108,,0.15,0.15,0.15,0.15,0.15,0.15,0.15,0.15
109,,0.14,0.14,0.14,0.14,0.14,0.14,0.14,0.14
110,,0.13,0.13,0.13,0.13,0.13,0.13,0.13,0.13
111,,0.12,0.12,0.12,0.12,0.12,0.12,0.12,0.12
112,,0.11,0.11,0.11,0.11,0.11,0.11,0.11,0.11
113,,0.1,0.1,0.1,0.1,0.1,0.1,0.1,0.1
114,,0.09,0.09,0.09,0.09,0.09,0.09,0.09,0.09
115,,0.08,0.08,0.08,0.08,0.08,0.08,0.08,0.08
116,,0.07,0.07,0.07,0.07,0.07,0.07,0.07,0.07
117,,0.06,0.06,0.06,0.06,0.06,0.06,0.06,0.06
118,,0.05,0.05,0.05,0.05,0.05,0.05,0.05,0.05
119,,0.04,0.04,0.04,0.04,0.04,0.04,0.04,0.04
120,,0.03,0.03,0.03,0.03,0.03,0.03,0.03,0.03
121,,0.02,0.02,0.02,0.02,0.02,0.02,0.02,0.02
122,,0.01,0.01,0.01,0.01,0.01,0.01,0.01,0.01
123,,0.0,0.0,0.0,0.0,0.0,0.0,0.0,0.0
124,,-0.01,-0.01,-0.01,-0.01,-0.01,-0.01,-0.01,-0.01
125,2,0.421,0.99,0.421,0.28,0.139,0.08,0.139,0.28
126,2,0.852,1.0,0.852,0.57,0.288,0.17,0.288,0.57
127,,0.842,0.99,0.842,0.56,0.278,0.16,0.278,0.56
128,,0.832,0.98,0.832,0.55,0.268,0.15,0.268,0.55
129,,0.822,0.97,0.822,0.54,0.258,0.14,0.258,0.54
130,,0.812,0.96,0.812,0.53,0.248,0.13,0.248,0.53
131,,0.802,0.95,0.802,0.52,0.238,0.12,0.238,0.52
132,,0.792,0.94,0.792,0.51,0.228,0.11,0.228,0.51
133,,0.782,0.93,0.782,0.5,0.218,0.1,0.218,0.5
134,,0.772,0.92,0.772,0.49,0.208,0.09,0.208,0.49
135,,0.762,0.91,0.762,0.48,0.198,0.08,0.198,0.48
136,,0.752,0.9,0.752,0.47,0.188,0.07,0.188,0.47
137,,0.742,0.89,0.742,0.46,0.178,0.06,0.178,0.46
138,,0.732,0.88,0.732,0.45,0.168,0.05,0.168,0.45
139,,0.722,0.87,0.722,0.44,0.158,0.04,0.158,0.44
140,,0.712,0.86,0.712,0.43,0.148,0.03,0.148,0.43
141,,0.702,0.85,0.702,0.42,0.138,0.02,0.138,0.42
142,,0.692,0.84,0.692,0.41,0.128,0.01,0.128,0.41
143,,0.682,0.83,0.682,0.4,0.118,0.0,0.118,0.4
144,,0.672,0.82,0.672,0.39,0.108,-0.01,0.108,0.39
145,6,0.821,0.91,0.821,0.68,0.539,0.99,0.539,0.68
146,6,0.97,1.0,0.97,0.97,0.97,1.0,0.97,0.97
147,,0.96,0.99,0.96,0.96,0.96,0.99,0.96,0.96
148,,0.95,0.98,0.95,0.95,0.95,0.98,0.95,0.95
149,,0.94,0.97,0.94,0.94,0.94,0.97,0.94,0.94
150,,0.93,0.96,0.93,0.93,0.93,0.96,0.93,0.93
151,,0.92,0.95,0.92,0.92,0.92,0.95,0.92,0.92
152,,0.91,0.94,0.91,0.91,0.91,0.94,0.91,0.91
153,,0.9,0.93,0.9,0.9,0.9,0.93,0.9,0.9
154,,0.89,0.92,0.89,0.89,0.89,0.92,0.89,0.89
155,,0.88,0.91,0.88,0.88,0.88,0.91,0.88,0.88
156,,0.87,0.9,0.87,0.87,0.87,0.9,0.87,0.87
157,,0.86,0.89,0.86,0.86,0.86,0.89,0.86,0.86
158,,0.85,0.88,0.85,0.85,0.85,0.88,0.85,0.85
159,,0.84,0.87,0.84,0.84,0.84,0.87,0.84,0.84
160,,0.83,0.86,0.83,0.83,0.83,0.86,0.83,0.83
161,,0.82,0.85,0.82,0.82,0.82,0.85,0.82,0.82
162,,0.81,0.84,0.81,0.81,0.81,0.84,0.81,0.81
163,,0.8,0.83,0.8,0.8,0.8,0.83,0.8,0.8
164,,0.79,0.82,0.79,0.79,0.79,0.82,0.79,0.79
165,,0.78,0.81,0.78,0.78,0.78,0.81,0.78,0.78
166,,0.77,0.8,0.77,0.77,0.77,0.8,0.77,0.77
167,,0.76,0.79,0.76,0.76,0.76,0.79,0.76,0.76
168,,0.75,0.78,0.75,0.75,0.75,0.78,0.75,0.75
169,,0.74,0.77,0.74,0.74,0.74,0.77,0.74,0.74
170,,0.73,0.76,0.73,0.73,0.73,0.76,0.73,0.73
171,,0.72,0.75,0.72,0.72,0.72,0.75,0.72,0.72
172,,0.71,0.74,0.71,0.71,0.71,0.74,0.71,0.71
173,,0.7,0.73,0.7,0.7,0.7,0.73,0.7,0.7
174,,0.69,0.72,0.69,0.69,0.69,0.72,0.69,0.69
175,,0.68,0.71,0.68,0.68,0.68,0.71,0.68,0.68
176,,0.67,0.7,0.67,0.67,0.67,0.7,0.67,0.67
177,,0.66,0.69,0.66,0.66,0.66,0.69,0.66,0.66
178,,0.65,0.68,0.65,0.65,0.65,0.68,0.65,0.65
179,,0.64,0.67,0.64,0.64,0.64,0.67,0.64,0.64
180,,0.63,0.66,0.63,0.63,0.63,0.66,0.63,0.63
181,,0.62,0.65,0.62,0.62,0.62,0.65,0.62,0.62
182,,0.61,0.64,0.61,0.61,0.61,0.64,0.61,0.61
183,,0.6,0.63,0.6,0.6,0.6,0.63,0.6,0.6
184,,0.59,0.62,0.59,0.59,0.59,0.62,0.59,0.59
185,,0.58,0.61,0.58,0.58,0.58,0.61,0.58,0.58
186,,0.57,0.6,0.57,0.57,0.57,0.6,0.57,0.57
187,,0.56,0.59,0.56,0.56,0.56,0.59,0.56,0.56
188,,0.55,0.58,0.55,0.55,0.55,0.58,0.55,0.55
189,,0.54,0.57,0.54,0.54,0.54,0.57,0.54,0.54
190,,0.53,0.56,0.53,0.53,0.53,0.56,0.53,0.53
191,,0.52,0.55,0.52,0.52,0.52,0.55,0.52,0.52
192,,0.51,0.54,0.51,0.51,0.51,0.54,0.51,0.51
193,,0.5,0.53,0.5,0.5,0.5,0.53,0.5,0.5
194,,0.49,0.52,0.49,0.49,0.49,0.52,0.49,0.49
195,,0.48,0.51,0.48,0.48,0.48,0.51,0.48,0.48
196,,0.47,0.5,0.47,0.47,0.47,0.5,0.47,0.47
197,,0.46,0.49,0.46,0.46,0.46,0.49,0.46,0.46
198,,0.45,0.48,0.45,0.45,0.45,0.48,0.45,0.45
199,,0.44,0.47,0.44,0.44,0.44,0.47,0.44,0.44
200,,0.43,0.46,0.43,0.43,0.43,0.46,0.43,0.43
201,,0.42,0.45,0.42,0.42,0.42,0.45,0.42,0.42
202,,0.41,0.44,0.41,0.41,0.41,0.44,0.41,0.41
203,,0.4,0.43,0.4,0.4,0.4,0.43,0.4,0.4
204,,0.39,0.42,0.39,0.39,0.39,0.42,0.39,0.39
205,,0.38,0.41,0.38,0.38,0.38,0.41,0.38,0.38
206,,0.37,0.4,0.37,0.37,0.37,0.4,0.37,0.37
207,,0.36,0.39,0.36,0.36,0.36,0.39,0.36,0.36
208,,0.35,0.38,0.35,0.35,0.35,0.38,0.35,0.35
209,,0.34,0.37,0.34,0.34,0.34,0.37,0.34,0.34
210,,0.33,0.36,0.33,0.33,0.33,0.36,0.33,0.33
211,,0.32,0.35,0.32,0.32,0.32,0.35,0.32,0.32
212,,0.31,0.34,0.31,0.31,0.31,0.34,0.31,0.31
213,,0.3,0.33,0.3,0.3,0.3,0.33,0.3,0.3
214,,0.29,0.32,0.29,0.29,0.29,0.32,0.29,0.29
215,,0.28,0.31,0.28,0.28,0.28,0.31,0.28,0.28
216,,0.27,0.3,0.27,0.27,0.27,0.3,0.27,0.27
217,,0.26,0.29,0.26,0.26,0.26,0.29,0.26,0.26
218,,0.25,0.28,0.25,0.25,0.25,0.28,0.25,0.25
219,,0.24,0.27,0.24,0.24,0.24,0.27,0.24,0.24
220,,0.23,0.26,0.23,0.23,0.23,0.26,0.23,0.23
221,,0.22,0.25,0.22,0.22,0.22,0.25,0.22,0.22
222,,0.21,0.24,0.21,0.21,0.21,0.24,0.21,0.21
223,,0.2,0.23,0.2,0.2,0.2,0.23,0.2,0.2
224,,0.19,0.22,0.19,0.19,0.19,0.22,0.19,0.19
225,,0.18,0.21,0.18,0.18,0.18,0.21,0.18,0.18
226,,0.17,0.2,0.17,0.17,0.17,0.2,0.17,0.17
227,,0.16,0.19,0.16,0.16,0.16,0.19,0.16,0.16
228,,0.15,0.18,0.15,0.15,0.15,0.18,0.15,0.15
229,,0.14,0.17,0.14,0.14,0.14,0.17,0.14,0.14
230,,0.13,0.16,0.13,0.13,0.13,0.16,0.13,0.13
231,,0.12,0.15,0.12,0.12,0.12,0.15,0.12,0.12
232,,0.11,0.14,0.11,0.11,0.11,0.14,0.11,0.11
233,,0.1,0.13,0.1,0.1,0.1,0.13,0.1,0.1
234,,0.09,0.12,0.09,0.09,0.09,0.12,0.09,0.09
235,,0.08,0.11,0.08,0.08,0.08,0.11,0.08,0.08
236,,0.07,0.1,0.07,0.07,0.07,0.1,0.07,0.07
237,,0.06,0.09,0.06,0.06,0.06,0.09,0.06,0.06
238,,0.05,0.08,0.05,0.05,0.05,0.08,0.05,0.05
239,,0.04,0.07,0.04,0.04,0.04,0.07,0.04,0.04
240,,0.03,0.06,0.03,0.03,0.03,0.06,0.03,0.03
241,,0.02,0.05,0.02,0.02,0.02,0.05,0.02,0.02
242,,0.01,0.04,0.01,0.01,0.01,0.04,0.01,0.01
243,,0.0,0.03,0.0,0.0,0.0,0.03,0.0,0.0
244,,-0.01,0.02,-0.01,-0.01,-0.01,0.02,-0.01,-0.01
245,5,0.08,0.169,0.28,0.421,0.99,0.451,0.28,0.139
246,5,0.17,0.318,0.57,0.852,1.0,0.882,0.57,0.288
247,,0.16,0.308,0.56,0.842,0.99,0.872,0.56,0.278
248,,0.15,0.298,0.55,0.832,0.98,0.862,0.55,0.268
249,,0.14,0.288,0.54,0.822,0.97,0.852,0.54,0.258
250,,0.13,0.278,0.53,0.812,0.96,0.842,0.53,0.248
251,,0.12,0.268,0.52,0.802,0.95,0.832,0.52,0.238
252,,0.11,0.258,0.51,0.792,0.94,0.822,0.51,0.228
253,,0.1,0.248,0.5,0.782,0.93,0.812,0.5,0.218
254,,0.09,0.238,0.49,0.772,0.92,0.802,0.49,0.208
255,,0.08,0.228,0.48,0.762,0.91,0.792,0.48,0.198
256,,0.07,0.218,0.47,0.752,0.9,0.782,0.47,0.188
257,,0.06,0.208,0.46,0.742,0.89,0.772,0.46,0.178
258,,0.05,0.198,0.45,0.732,0.88,0.762,0.45,0.168
259,,0.04,0.188,0.44,0.722,0.87,0.752,0.44,0.158
260,,0.03,0.178,0.43,0.712,0.86,0.742,0.43,0.148
261,,0.02,0.168,0.42,0.702,0.85,0.732,0.42,0.138
262,,0.01,0.158,0.41,0.692,0.84,0.722,0.41,0.128
263,,0.0,0.148,0.4,0.682,0.83,0.712,0.4,0.118
264,,-0.01,0.138,0.39,0.672,0.82,0.702,0.39,0.108
265,1,0.99,0.569,0.68,0.821,0.91,0.851,0.68,0.539
266,1,1.0,1.0,0.97,0.97,1.0,1.0,0.97,0.97
267,,0.99,0.99,0.96,0.96,0.99,0.99,0.96,0.96
268,,0.98,0.98,0.95,0.95,0.98,0.98,0.95,0.95
269,,0.97,0.97,0.94,0.94,0.97,0.97,0.94,0.94
270,,0.96,0.96,0.93,0.93,0.96,0.96,0.93,0.93
271,,0.95,0.95,0.92,0.92,0.95,0.95,0.92,0.92
272,,0.94,0.94,0.91,0.91,0.94,0.94,0.91,0.91
273,,0.93,0.93,0.9,0.9,0.93,0.93,0.9,0.9
274,,0.92,0.92,0.89,0.89,0.92,0.92,0.89,0.89
275,,0.91,0.91,0.88,0.88,0.91,0.91,0.88,0.88
276,,0.9,0.9,0.87,0.87,0.9,0.9,0.87,0.87
277,,0.89,0.89,0.86,0.86,0.89,0.89,0.86,0.86
278,,0.88,0.88,0.85,0.85,0.88,0.88,0.85,0.85
279,,0.87,0.87,0.84,0.84,0.87,0.87,0.84,0.84
280,,0.86,0.86,0.83,0.83,0.86,0.86,0.83,0.83
281,,0.85,0.85,0.82,0.82,0.85,0.85,0.82,0.82
282,,0.84,0.84,0.81,0.81,0.84,0.84,0.81,0.81
283,,0.83,0.83,0.8,0.8,0.83,0.83,0.8,0.8
284,,0.82,0.82,0.79,0.79,0.82,0.82,0.79,0.79
285,,0.81,0.81,0.78,0.78,0.81,0.81,0.78,0.78
286,,0.8,0.8,0.77,0.77,0.8,0.8,0.77,0.77
287,,0.79,0.79,0.76,0.76,0.79,0.79,0.76,0.76
288,,0.78,0.78,0.75,0.75,0.78,0.78,0.75,0.75
289,,0.77,0.77,0.74,0.74,0.77,0.77,0.74,0.74
290,,0.76,0.76,0.73,0.73,0.76,0.76,0.73,0.73
291,,0.75,0.75,0.72,0.72,0.75,0.75,0.72,0.72
292,,0.74,0.74,0.71,0.71,0.74,0.74,0.71,0.71
293,,0.73,0.73,0.7,0.7,0.73,0.73,0.7,0.7
294,,0.72,0.72,0.69,0.69,0.72,0.72,0.69,0.69
295,,0.71,0.71,0.68,0.68,0.71,0.71,0.68,0.68
296,,0.7,0.7,0.67,0.67,0.7,0.7,0.67,0.67
297,,0.69,0.69,0.66,0.66,0.69,0.69,0.66,0.66
298,,0.68,0.68,0.65,0.65,0.68,0.68,0.65,0.65
299,,0.67,0.67,0.64,0.64,0.67,0.67,0.64,0.64
300,,0.66,0.66,0.63,0.63,0.66,0.66,0.63,0.63
301,,0.65,0.65,0.62,0.62,0.65,0.65,0.62,0.62
302,,0.64,0.64,0.61,0.61,0.64,0.64,0.61,0.61
303,,0.63,0.63,0.6,0.6,0.63,0.63,0.6,0.6
304,,0.62,0.62,0.59,0.59,0.62,0.62,0.59,0.59
305,,0.61,0.61,0.58,0.58,0.61,0.61,0.58,0.58
306,,0.6,0.6,0.57,0.57,0.6,0.6,0.57,0.57
307,,0.59,0.59,0.56,0.56,0.59,0.59,0.56,0.56
308,,0.58,0.58,0.55,0.55,0.58,0.58,0.55,0.55
309,,0.57,0.57,0.54,0.54,0.57,0.57,0.54,0.54
310,,0.56,0.56,0.53,0.53,0.56,0.56,0.53,0.53
311,,0.55,0.55,0.52,0.52,0.55,0.55,0.52,0.52
312,,0.54,0.54,0.51,0.51,0.54,0.54,0.51,0.51
313,,0.53,0.53,0.5,0.5,0.53,0.53,0.5,0.5
314,,0.52,0.52,0.49,0.49,0.52,0.52,0.49,0.49
315,,0.51,0.51,0.48,0.48,0.51,0.51,0.48,0.48
316,,0.5,0.5,0.47,0.47,0.5,0.5,0.47,0.47
317,,0.49,0.49,0.46,0.46,0.49,0.49,0.46,0.46
318,,0.48,0.48,0.45,0.45,0.48,0.48,0.45,0.45
319,,0.47,0.47,0.44,0.44,0.47,0.47,0.44,0.44
320,,0.46,0.46,0.43,0.43,0.46,0.46,0.43,0.43
321,,0.45,0.45,0.42,0.42,0.45,0.45,0.42,0.42
322,,0.44,0.44,0.41,0.41,0.44,0.44,0.41,0.41
323,,0.43,0.43,0.4,0.4,0.43,0.43,0.4,0.4
324,,0.42,0.42,0.39,0.39,0.42,0.42,0.39,0.39
325,,0.41,0.41,0.38,0.38,0.41,0.41,0.38,0.38
326,,0.4,0.4,0.37,0.37,0.4,0.4,0.37,0.37
327,,0.39,0.39,0.36,0.36,0.39,0.39,0.36,0.36
328,,0.38,0.38,0.35,0.35,0.38,0.38,0.35,0.35
329,,0.37,0.37,0.34,0.34,0.37,0.37,0.34,0.34
330,,0.36,0.36,0.33,0.33,0.36,0.36,0.33,0.33
331,,0.35,0.35,0.32,0.32,0.35,0.35,0.32,0.32
332,,0.34,0.34,0.31,0.31,0.34,0.34,0.31,0.31
333,,0.33,0.33,0.3,0.3,0.33,0.33,0.3,0.3
334,,0.32,0.32,0.29,0.29,0.32,0.32,0.29,0.29
335,,0.31,0.31,0.28,0.28,0.31,0.31,0.28,0.28
336,,0.3,0.3,0.27,0.27,0.3,0.3,0.27,0.27
337,,0.29,0.29,0.26,0.26,0.29,0.29,0.26,0.26
338,,0.28,0.28,0.25,0.25,0.28,0.28,0.25,0.25
339,,0.27,0.27,0.24,0.24,0.27,0.27,0.24,0.24
340,,0.26,0.26,0.23,0.23,0.26,0.26,0.23,0.23
341,,0.25,0.25,0.22,0.22,0.25,0.25,0.22,0.22
342,,0.24,0.24,0.21,0.21,0.24,0.24,0.21,0.21
343,,0.23,0.23,0.2,0.2,0.23,0.23,0.2,0.2
344,,0.22,0.22,0.19,0.19,0.22,0.22,0.19,0.19
345,,0.21,0.21,0.18,0.18,0.21,0.21,0.18,0.18
346,,0.2,0.2,0.17,0.17,0.2,0.2,0.17,0.17
347,,0.19,0.19,0.16,0.16,0.19,0.19,0.16,0.16
348,,0.18,0.18,0.15,0.15,0.18,0.18,0.15,0.15
349,,0.17,0.17,0.14,0.14,0.17,0.17,0.14,0.14
350,,0.16,0.16,0.13,0.13,0.16,0.16,0.13,0.13
351,,0.15,0.15,0.12,0.12,0.15,0.15,0.12,0.12
352,,0.14,0.14,0.11,0.11,0.14,0.14,0.11,0.11
353,,0.13,0.13,0.1,0.1,0.13,0.13,0.1,0.1
354,,0.12,0.12,0.09,0.09,0.12,0.12,0.09,0.09
355,,0.11,0.11,0.08,0.08,0.11,0.11,0.08,0.08
356,,0.1,0.1,0.07,0.07,0.1,0.1,0.07,0.07
357,,0.09,0.09,0.06,0.06,0.09,0.09,0.06,0.06
358,,0.08,0.08,0.05,0.05,0.08,0.08,0.05,0.05
359,,0.07,0.07,0.04,0.04,0.07,0.07,0.04,0.04
360,,0.06,0.06,0.03,0.03,0.06,0.06,0.03,0.03
361,,0.05,0.05,0.02,0.02,0.05,0.05,0.02,0.02
362,,0.04,0.04,0.01,0.01,0.04,0.04,0.01,0.01
363,,0.03,0.03,0.0,0.0,0.03,0.03,0.0,0.0
364,,0.02,0.02,-0.01,-0.01,0.02,0.02,-0.01,-0.01
365,8,0.451,0.31,0.139,0.08,0.169,0.31,0.421,0.99
366,8,0.882,0.6,0.288,0.17,0.318,0.6,0.852,1.0
367,,0.872,0.59,0.278,0.16,0.308,0.59,0.842,0.99
368,,0.862,0.58,0.268,0.15,0.298,0.58,0.832,0.98
369,,0.852,0.57,0.258,0.14,0.288,0.57,0.822,0.97
370,,0.842,0.56,0.248,0.13,0.278,0.56,0.812,0.96
371,,0.832,0.55,0.238,0.12,0.268,0.55,0.802,0.95
372,,0.822,0.54,0.228,0.11,0.258,0.54,0.792,0.94
373,,0.812,0.53,0.218,0.1,0.248,0.53,0.782,0.93
374,,0.802,0.52,0.208,0.09,0.238,0.52,0.772,0.92
375,,0.792,0.51,0.198,0.08,0.228,0.51,0.762,0.91
376,,0.782,0.5,0.188,0.07,0.218,0.5,0.752,0.9
377,,0.772,0.49,0.178,0.06,0.208,0.49,0.742,0.89
378,,0.762,0.48,0.168,0.05,0.198,0.48,0.732,0.88
379,,0.752,0.47,0.158,0.04,0.188,0.47,0.722,0.87
380,,0.742,0.46,0.148,0.03,0.178,0.46,0.712,0.86
381,,0.732,0.45,0.138,0.02,0.168,0.45,0.702,0.85
382,,0.722,0.44,0.128,0.01,0.158,0.44,0.692,0.84
383,,0.712,0.43,0.118,0.0,0.148,0.43,0.682,0.83
384,,0.702,0.42,0.108,-0.01,0.138,0.42,0.672,0.82
385,4,0.851,0.71,0.539,0.99,0.569,0.71,0.821,0.91
386,4,1.0,1.0,0.97,1.0,1.0,1.0,0.97,1.0
387,,0.99,0.99,0.96,0.99,0.99,0.99,0.96,0.99
388,,0.98,0.98,0.95,0.98,0.98,0.98,0.95,0.98
389,,0.97,0.97,0.94,0.97,0.97,0.97,0.94,0.97
390,,0.96,0.96,0.93,0.96,0.96,0.96,0.93,0.96
391,,0.95,0.95,0.92,0.95,0.95,0.95,0.92,0.95
392,,0.94,0.94,0.91,0.94,0.94,0.94,0.91,0.94
393,,0.93,0.93,0.9,0.93,0.93,0.93,0.9,0.93
394,,0.92,0.92,0.89,0.92,0.92,0.92,0.89,0.92
395,,0.91,0.91,0.88,0.91,0.91,0.91,0.88,0.91
396,,0.9,0.9,0.87,0.9,0.9,0.9,0.87,0.9
397,,0.89,0.89,0.86,0.89,0.89,0.89,0.86,0.89
398,,0.88,0.88,0.85,0.88,0.88,0.88,0.85,0.88
399,,0.87,0.87,0.84,0.87,0.87,0.87,0.84,0.87
400,,0.86,0.86,0.83,0.86,0.86,0.86,0.83,0.86
401,,0.85,0.85,0.82,0.85,0.85,0.85,0.82,0.85
402,,0.84,0.84,0.81,0.84,0.84,0.84,0.81,0.84
403,,0.83,0.83,0.8,0.83,0.83,0.83,0.8,0.83
404,,0.82,0.82,0.79,0.82,0.82,0.82,0.79,0.82
405,,0.81,0.81,0.78,0.81,0.81,0.81,0.78,0.81
406,,0.8,0.8,0.77,0.8,0.8,0.8,0.77,0.8
407,,0.79,0.79,0.76,0.79,0.79,0.79,0.76,0.79
408,,0.78,0.78,0.75,0.78,0.78,0.78,0.75,0.78
409,,0.77,0.77,0.74,0.77,0.77,0.77,0.74,0.77
410,,0.76,0.76,0.73,0.76,0.76,0.76,0.73,0.76
411,,0.75,0.75,0.72,0.75,0.75,0.75,0.72,0.75
412,,0.74,0.74,0.71,0.74,0.74,0.74,0.71,0.74
413,,0.73,0.73,0.7,0.73,0.73,0.73,0.7,0.73
414,,0.72,0.72,0.69,0.72,0.72,0.72,0.69,0.72
415,,0.71,0.71,0.68,0.71,0.71,0.71,0.68,0.71
416,,0.7,0.7,0.67,0.7,0.7,0.7,0.67,0.7
417,,0.69,0.69,0.66,0.69,0.69,0.69,0.66,0.69
418,,0.68,0.68,0.65,0.68,0.68,0.68,0.65,0.68
419,,0.67,0.67,0.64,0.67,0.67,0.67,0.64,0.67
420,,0.66,0.66,0.63,0.66,0.66,0.66,0.63,0.66
421,,0.65,0.65,0.62,0.65,0.65,0.65,0.62,0.65
422,,0.64,0.64,0.61,0.64,0.64,0.64,0.61,0.64
423,,0.63,0.63,0.6,0.63,0.63,0.63,0.6,0.63
424,,0.62,0.62,0.59,0.62,0.62,0.62,0.59,0.62
425,,0.61,0.61,0.58,0.61,0.61,0.61,0.58,0.61
426,,0.6,0.6,0.57,0.6,0.6,0.6,0.57,0.6
427,,0.59,0.59,0.56,0.59,0.59,0.59,0.56,0.59
428,,0.58,0.58,0.55,0.58,0.58,0.58,0.55,0.58
429,,0.57,0.57,0.54,0.57,0.57,0.57,0.54,0.57
430,,0.56,0.56,0.53,0.56,0.56,0.56,0.53,0.56
431,,0.55,0.55,0.52,0.55,0.55,0.55,0.52,0.55
432,,0.54,0.54,0.51,0.54,0.54,0.54,0.51,0.54
433,,0.53,0.53,0.5,0.53,0.53,0.53,0.5,0.53
434,,0.52,0.52,0.49,0.52,0.52,0.52,0.49,0.52
435,,0.51,0.51,0.48,0.51,0.51,0.51,0.48,0.51
436,,0.5,0.5,0.47,0.5,0.5,0.5,0.47,0.5
437,,0.49,0.49,0.46,0.49,0.49,0.49,0.46,0.49
438,,0.48,0.48,0.45,0.48,0.48,0.48,0.45,0.48
439,,0.47,0.47,0.44,0.47,0.47,0.47,0.44,0.47
440,,0.46,0.46,0.43,0.46,0.46,0.46,0.43,0.46
441,,0.45,0.45,0.42,0.45,0.45,0.45,0.42,0.45
442,,0.44,0.44,0.41,0.44,0.44,0.44,0.41,0.44
443,,0.43,0.43,0.4,0.43,0.43,0.43,0.4,0.43
444,,0.42,0.42,0.39,0.42,0.42,0.42,0.39,0.42
445,,0.41,0.41,0.38,0.41,0.41,0.41,0.38,0.41
446,,0.4,0.4,0.37,0.4,0.4,0.4,0.37,0.4
447,,0.39,0.39,0.36,0.39,0.39,0.39,0.36,0.39
448,,0.38,0.38,0.35,0.38,0.38,0.38,0.35,0.38
449,,0.37,0.37,0.34,0.37,0.37,0.37,0.34,0.37
450,,0.36,0.36,0.33,0.36,0.36,0.36,0.33,0.36
451,,0.35,0.35,0.32,0.35,0.35,0.35,0.32,0.35
452,,0.34,0.34,0.31,0.34,0.34,0.34,0.31,0.34
453,,0.33,0.33,0.3,0.33,0.33,0.33,0.3,0.33
454,,0.32,0.32,0.29,0.32,0.32,0.32,0.29,0.32
455,,0.31,0.31,0.28,0.31,0.31,0.31,0.28,0.31
456,,0.3,0.3,0.27,0.3,0.3,0.3,0.27,0.3
457,,0.29,0.29,0.26,0.29,0.29,0.29,0.26,0.29
458,,0.28,0.28,0.25,0.28,0.28,0.28,0.25,0.28
459,,0.27,0.27,0.24,0.27,0.27,0.27,0.24,0.27
460,,0.26,0.26,0.23,0.26,0.26,0.26,0.23,0.26
461,,0.25,0.25,0.22,0.25,0.25,0.25,0.22,0.25
462,,0.24,0.24,0.21,0.24,0.24,0.24,0.21,0.24
463,,0.23,0.23,0.2,0.23,0.23,0.23,0.2,0.23
464,,0.22,0.22,0.19,0.22,0.22,0.22,0.19,0.22
465,,0.21,0.21,0.18,0.21,0.21,0.21,0.18,0.21
466,,0.2,0.2,0.17,0.2,0.2,0.2,0.17,0.2
467,,0.19,0.19,0.16,0.19,0.19,0.19,0.16,0.19
468,,0.18,0.18,0.15,0.18,0.18,0.18,0.15,0.18
469,,0.17,0.17,0.14,0.17,0.17,0.17,0.14,0.17
470,,0.16,0.16,0.13,0.16,0.16,0.16,0.13,0.16
471,,0.15,0.15,0.12,0.15,0.15,0.15,0.12,0.15
472,,0.14,0.14,0.11,0.14,0.14,0.14,0.11,0.14
473,,0.13,0.13,0.1,0.13,0.13,0.13,0.1,0.13
474,,0.12,0.12,0.09,0.12,0.12,0.12,0.09,0.12
475,,0.11,0.11,0.08,0.11,0.11,0.11,0.08,0.11
476,,0.1,0.1,0.07,0.1,0.1,0.1,0.07,0.1
477,,0.09,0.09,0.06,0.09,0.09,0.09,0.06,0.09
478,,0.08,0.08,0.05,0.08,0.08,0.08,0.05,0.08
479,,0.07,0.07,0.04,0.07,0.07,0.07,0.04,0.07
480,,0.06,0.06,0.03,0.06,0.06,0.06,0.03,0.06
481,,0.05,0.05,0.02,0.05,0.05,0.05,0.02,0.05
482,,0.04,0.04,0.01,0.04,0.04,0.04,0.01,0.04
483,,0.03,0.03,0.0,0.03,0.03,0.03,0.0,0.03
484,,0.02,0.02,-0.01,0.02,0.02,0.02,-0.01,0.02
485,3,0.31,0.451,0.99,0.451,0.31,0.169,0.08,0.169
486,3,0.6,0.882,1.0,0.882,0.6,0.318,0.17,0.318
487,,0.59,0.872,0.99,0.872,0.59,0.308,0.16,0.308
488,,0.58,0.862,0.98,0.862,0.58,0.298,0.15,0.298
489,,0.57,0.852,0.97,0.852,0.57,0.288,0.14,0.288
490,,0.56,0.842,0.96,0.842,0.56,0.278,0.13,0.278
491,,0.55,0.832,0.95,0.832,0.55,0.268,0.12,0.268
492,,0.54,0.822,0.94,0.822,0.54,0.258,0.11,0.258
493,,0.53,0.812,0.93,0.812,0.53,0.248,0.1,0.248
494,,0.52,0.802,0.92,0.802,0.52,0.238,0.09,0.238
495,,0.51,0.792,0.91,0.792,0.51,0.228,0.08,0.228
496,,0.5,0.782,0.9,0.782,0.5,0.218,0.07,0.218
497,,0.49,0.772,0.89,0.772,0.49,0.208,0.06,0.208
498,,0.48,0.762,0.88,0.762,0.48,0.198,0.05,0.198
499,,0.47,0.752,0.87,0.752,0.47,0.188,0.04,0.188
500,,0.46,0.742,0.86,0.742,0.46,0.178,0.03,0.178
501,,0.45,0.732,0.85,0.732,0.45,0.168,0.02,0.168
502,,0.44,0.722,0.84,0.722,0.44,0.158,0.01,0.158
503,,0.43,0.712,0.83,0.712,0.43,0.148,0.0,0.148
504,,0.42,0.702,0.82,0.702,0.42,0.138,-0.01,0.138
505,7,0.71,0.851,0.91,0.851,0.71,0.569,0.99,0.569
506,7,1.0,1.0,1.0,1.0,1.0,1.0,1.0,1.0
507,,0.99,0.99,0.99,0.99,0.99,0.99,0.99,0.99
508,,0.98,0.98,0.98,0.98,0.98,0.98,0.98,0.98
509,,0.97,0.97,0.97,0.97,0.97,0.97,0.97,0.97
510,,0.96,0.96,0.96,0.96,0.96,0.96,0.96,0.96
511,,0.95,0.95,0.95,0.95,0.95,0.95,0.95,0.95
512,,0.94,0.94,0.94,0.94,0.94,0.94,0.94,0.94
513,,0.93,0.93,0.93,0.93,0.93,0.93,0.93,0.93
514,,0.92,0.92,0.92,0.92,0.92,0.92,0.92,0.92
515,,0.91,0.91,0.91,0.91,0.91,0.91,0.91,0.91
516,,0.9,0.9,0.9,0.9,0.9,0.9,0.9,0.9
517,,0.89,0.89,0.89,0.89,0.89,0.89,0.89,0.89
518,,0.88,0.88,0.88,0.88,0.88,0.88,0.88,0.88
519,,0.87,0.87,0.87,0.87,0.87,0.87,0.87,0.87
520,,0.86,0.86,0.86,0.86,0.86,0.86,0.86,0.86
521,,0.85,0.85,0.85,0.85,0.85,0.85,0.85,0.85
522,,0.84,0.84,0.84,0.84,0.84,0.84,0.84,0.84
523,,0.83,0.83,0.83,0.83,0.83,0.83,0.83,0.83
524,,0.82,0.82,0.82,0.82,0.82,0.82,0.82,0.82
525,,0.81,0.81,0.81,0.81,0.81,0.81,0.81,0.81
526,,0.8,0.8,0.8,0.8,0.8,0.8,0.8,0.8
527,,0.79,0.79,0.79,0.79,0.79,0.79,0.79,0.79
528,,0.78,0.78,0.78,0.78,0.78,0.78,0.78,0.78
529,,0.77,0.77,0.77,0.77,0.77,0.77,0.77,0.77
530,,0.76,0.76,0.76,0.76,0.76,0.76,0.76,0.76
531,,0.75,0.75,0.75,0.75,0.75,0.75,0.75,0.75
532,,0.74,0.74,0.74,0.74,0.74,0.74,0.74,0.74
533,,0.73,0.73,0.73,0.73,0.73,0.73,0.73,0.73
534,,0.72,0.72,0.72,0.72,0.72,0.72,0.72,0.72
535,,0.71,0.71,0.71,0.71,0.71,0.71,0.71,0.71
536,,0.7,0.7,0.7,0.7,0.7,0.7,0.7,0.7
537,,0.69,0.69,0.69,0.69,0.69,0.69,0.69,0.69
538,,0.68,0.68,0.68,0.68,0.68,0.68,0.68,0.68
539,,0.67,0.67,0.67,0.67,0.67,0.67,0.67,0.67
540,,0.66,0.66,0.66,0.66,0.66,0.66,0.66,0.66
541,,0.65,0.65,0.65,0.65,0.65,0.65,0.65,0.65
542,,0.64,0.64,0.64,0.64,0.64,0.64,0.64,0.64
543,,0.63,0.63,0.63,0.63,0.63,0.63,0.63,0.63
544,,0.62,0.62,0.62,0.62,0.62,0.62,0.62,0.62
545,,0.61,0.61,0.61,0.61,0.61,0.61,0.61,0.61
546,,0.6,0.6,0.6,0.6,0.6,0.6,0.6,0.6
547,,0.59,0.59,0.59,0.59,0.59,0.59,0.59,0.59
548,,0.58,0.58,0.58,0.58,0.58,0.58,0.58,0.58
549,,0.57,0.57,0.57,0.57,0.57,0.57,0.57,0.57
550,,0.56,0.56,0.56,0.56,0.56,0.56,0.56,0.56
551,,0.55,0.55,0.55,0.55,0.55,0.55,0.55,0.55
552,,0.54,0.54,0.54,0.54,0.54,0.54,0.54,0.54
553,,0.53,0.53,0.53,0.53,0.53,0.53,0.53,0.53
554,,0.52,0.52,0.52,0.52,0.52,0.52,0.52,0.52
555,,0.51,0.51,0.51,0.51,0.51,0.51,0.51,0.51
556,,0.5,0.5,0.5,0.5,0.5,0.5,0.5,0.5
557,,0.49,0.49,0.49,0.49,0.49,0.49,0.49,0.49
558,,0.48,0.48,0.48,0.48,0.48,0.48,0.48,0.48
559,,0.47,0.47,0.47,0.47,0.47,0.47,0.47,0.47
560,,0.46,0.46,0.46,0.46,0.46,0.46,0.46,0.46
561,,0.45,0.45,0.45,0.45,0.45,0.45,0.45,0.45
562,,0.44,0.44,0.44,0.44,0.44,0.44,0.44,0.44
563,,0.43,0.43,0.43,0.43,0.43,0.43,0.43,0.43
564,,0.42,0.42,0.42,0.42,0.42,0.42,0.42,0.42
565,,0.41,0.41,0.41,0.41,0.41,0.41,0.41,0.41
566,,0.4,0.4,0.4,0.4,0.4,0.4,0.4,0.4
567,,0.39,0.39,0.39,0.39,0.39,0.39,0.39,0.39
568,,0.38,0.38,0.38,0.38,0.38,0.38,0.38,0.38
569,,0.37,0.37,0.37,0.37,0.37,0.37,0.37,0.37
570,,0.36,0.36,0.36,0.36,0.36,0.36,0.36,0.36
571,,0.35,0.35,0.35,0.35,0.35,0.35,0.35,0.35
572,,0.34,0.34,0.34,0.34,0.34,0.34,0.34,0.34
573,,0.33,0.33,0.33,0.33,0.33,0.33,0.33,0.33
574,,0.32,0.32,0.32,0.32,0.32,0.32,0.32,0.32
575,,0.31,0.31,0.31,0.31,0.31,0.31,0.31,0.31
576,,0.3,0.3,0.3,0.3,0.3,0.3,0.3,0.3
577,,0.29,0.29,0.29,0.29,0.29,0.29,0.29,0.29
578,,0.28,0.28,0.28,0.28,0.28,0.28,0.28,0.28
579,,0.27,0.27,0.27,0.27,0.27,0.27,0.27,0.27
580,,0.26,0.26,0.26,0.26,0.26,0.26,0.26,0.26
581,,0.25,0.25,0.25,0.25,0.25,0.25,0.25,0.25
582,,0.24,0.24,0.24,0.24,0.24,0.24,0.24,0.24
583,,0.23,0.23,0.23,0.23,0.23,0.23,0.23,0.23
584,,0.22,0.22,0.22,0.22,0.22,0.22,0.22,0.22
585,,0.21,0.21,0.21,0.21,0.21,0.21,0.21,0.21
586,,0.2,0.2,0.2,0.2,0.2,0.2,0.2,0.2
587,,0.19,0.19,0.19,0.19,0.19,0.19,0.19,0.19
588,,0.18,0.18,0.18,0.18,0.18,0.18,0.18,0.18
589,,0.17,0.17,0.17,0.17,0.17,0.17,0.17,0.17
590,,0.16,0.16,0.16,0.16,0.16,0.16,0.16,0.16
591,,0.15,0.15,0.15,0.15,0.15,0.15,0.15,0.15
592,,0.14,0.14,0.14,0.14,0.14,0.14,0.14,0.14
593,,0.13,0.13,0.13,0.13,0.13,0.13,0.13,0.13
594,,0.12,0.12,0.12,0.12,0.12,0.12,0.12,0.12
595,,0.11,0.11,0.11,0.11,0.11,0.11,0.11,0.11
596,,0.1,0.1,0.1,0.1,0.1,0.1,0.1,0.1
597,,0.09,0.09,0.09,0.09,0.09,0.09,0.09,0.09
598,,0.08,0.08,0.08,0.08,0.08,0.08,0.08,0.08
599,,0.07,0.07,0.07,0.07,0.07,0.07,0.07,0.07
600,,0.06,0.06,0.06,0.06,0.06,0.06,0.06,0.06
601,,0.05,0.05,0.05,0.05,0.05,0.05,0.05,0.05
602,,0.04,0.04,0.04,0.04,0.04,0.04,0.04,0.04
603,,0.03,0.03,0.03,0.03,0.03,0.03,0.03,0.03
604,,0.02,0.02,0.02,0.02,0.02,0.02,0.02,0.02
605,,0.01,0.01,0.01,0.01,0.01,0.01,0.01,0.01
606,,0.0,0.0,0.0,0.0,0.0,0.0,0.0,0.0
607,,-0.01,-0.01,-0.01,-0.01,-0.01,-0.01,-0.01,-0.01
608,4,0.139,0.28,0.421,0.99,0.421,0.28,0.139,0.08
609,4,0.288,0.57,0.852,1.0,0.852,0.57,0.288,0.17
610,,0.278,0.56,0.842,0.99,0.842,0.56,0.278,0.16
611,,0.268,0.55,0.832,0.98,0.832,0.55,0.268,0.15
612,,0.258,0.54,0.822,0.97,0.822,0.54,0.258,0.14
613,,0.248,0.53,0.812,0.96,0.812,0.53,0.248,0.13
614,,0.238,0.52,0.802,0.95,0.802,0.52,0.238,0.12
615,,0.228,0.51,0.792,0.94,0.792,0.51,0.228,0.11
616,,0.218,0.5,0.782,0.93,0.782,0.5,0.218,0.1
617,,0.208,0.49,0.772,0.92,0.772,0.49,0.208,0.09
618,,0.198,0.48,0.762,0.91,0.762,0.48,0.198,0.08
619,,0.188,0.47,0.752,0.9,0.752,0.47,0.188,0.07
620,,0.178,0.46,0.742,0.89,0.742,0.46,0.178,0.06
621,,0.168,0.45,0.732,0.88,0.732,0.45,0.168,0.05
622,,0.158,0.44,0.722,0.87,0.722,0.44,0.158,0.04
623,,0.148,0.43,0.712,0.86,0.712,0.43,0.148,0.03
624,,0.138,0.42,0.702,0.85,0.702,0.42,0.138,0.02
625,,0.128,0.41,0.692,0.84,0.692,0.41,0.128,0.01
626,,0.118,0.4,0.682,0.83,0.682,0.4,0.118,0.0
627,,0.108,0.39,0.672,0.82,0.672,0.39,0.108,-0.01
628,8,0.539,0.68,0.821,0.91,0.821,0.68,0.539,0.99
629,8,0.97,0.97,0.97,1.0,0.97,0.97,0.97,1.0
630,,0.96,0.96,0.96,0.99,0.96,0.96,0.96,0.99
631,,0.95,0.95,0.95,0.98,0.95,0.95,0.95,0.98
632,,0.94,0.94,0.94,0.97,0.94,0.94,0.94,0.97
633,,0.93,0.93,0.93,0.96,0.93,0.93,0.93,0.96
634,,0.92,0.92,0.92,0.95,0.92,0.92,0.92,0.95
635,,0.91,0.91,0.91,0.94,0.91,0.91,0.91,0.94
636,,0.9,0.9,0.9,0.93,0.9,0.9,0.9,0.93
637,,0.89,0.89,0.89,0.92,0.89,0.89,0.89,0.92
638,,0.88,0.88,0.88,0.91,0.88,0.88,0.88,0.91
639,,0.87,0.87,0.87,0.9,0.87,0.87,0.87,0.9
640,,0.86,0.86,0.86,0.89,0.86,0.86,0.86,0.89
641,,0.85,0.85,0.85,0.88,0.85,0.85,0.85,0.88
642,,0.84,0.84,0.84,0.87,0.84,0.84,0.84,0.87
643,,0.83,0.83,0.83,0.86,0.83,0.83,0.83,0.86
644,,0.82,0.82,0.82,0.85,0.82,0.82,0.82,0.85
645,,0.81,0.81,0.81,0.84,0.81,0.81,0.81,0.84
646,,0.8,0.8,0.8,0.83,0.8,0.8,0.8,0.83
647,,0.79,0.79,0.79,0.82,0.79,0.79,0.79,0.82
648,,0.78,0.78,0.78,0.81,0.78,0.78,0.78,0.81
649,,0.77,0.77,0.77,0.8,0.77,0.77,0.77,0.8
650,,0.76,0.76,0.76,0.79,0.76,0.76,0.76,0.79
651,,0.75,0.75,0.75,0.78,0.75,0.75,0.75,0.78
652,,0.74,0.74,0.74,0.77,0.74,0.74,0.74,0.77
653,,0.73,0.73,0.73,0.76,0.73,0.73,0.73,0.76
654,,0.72,0.72,0.72,0.75,0.72,0.72,0.72,0.75
655,,0.71,0.71,0.71,0.74,0.71,0.71,0.71,0.74
656,,0.7,0.7,0.7,0.73,0.7,0.7,0.7,0.73
657,,0.69,0.69,0.69,0.72,0.69,0.69,0.69,0.72
658,,0.68,0.68,0.68,0.71,0.68,0.68,0.68,0.71
659,,0.67,0.67,0.67,0.7,0.67,0.67,0.67,0.7
660,,0.66,0.66,0.66,0.69,0.66,0.66,0.66,0.69
661,,0.65,0.65,0.65,0.68,0.65,0.65,0.65,0.68
662,,0.64,0.64,0.64,0.67,0.64,0.64,0.64,0.67
663,,0.63,0.63,0.63,0.66,0.63,0.63,0.63,0.66
664,,0.62,0.62,0.62,0.65,0.62,0.62,0.62,0.65
665,,0.61,0.61,0.61,0.64,0.61,0.61,0.61,0.64
666,,0.6,0.6,0.6,0.63,0.6,0.6,0.6,0.63
667,,0.59,0.59,0.59,0.62,0.59,0.59,0.59,0.62
668,,0.58,0.58,0.58,0.61,0.58,0.58,0.58,0.61
669,,0.57,0.57,0.57,0.6,0.57,0.57,0.57,0.6
670,,0.56,0.56,0.56,0.59,0.56,0.56,0.56,0.59
671,,0.55,0.55,0.55,0.58,0.55,0.55,0.55,0.58
672,,0.54,0.54,0.54,0.57,0.54,0.54,0.54,0.57
673,,0.53,0.53,0.53,0.56,0.53,0.53,0.53,0.56
674,,0.52,0.52,0.52,0.55,0.52,0.52,0.52,0.55
675,,0.51,0.51,0.51,0.54,0.51,0.51,0.51,0.54
676,,0.5,0.5,0.5,0.53,0.5,0.5,0.5,0.53
677,,0.49,0.49,0.49,0.52,0.49,0.49,0.49,0.52
678,,0.48,0.48,0.48,0.51,0.48,0.48,0.48,0.51
679,,0.47,0.47,0.47,0.5,0.47,0.47,0.47,0.5
680,,0.46,0.46,0.46,0.49,0.46,0.46,0.46,0.49
681,,0.45,0.45,0.45,0.48,0.45,0.45,0.45,0.48
682,,0.44,0.44,0.44,0.47,0.44,0.44,0.44,0.47
683,,0.43,0.43,0.43,0.46,0.43,0.43,0.43,0.46
684,,0.42,0.42,0.42,0.45,0.42,0.42,0.42,0.45
685,,0.41,0.41,0.41,0.44,0.41,0.41,0.41,0.44
686,,0.4,0.4,0.4,0.43,0.4,0.4,0.4,0.43
687,,0.39,0.39,0.39,0.42,0.39,0.39,0.39,0.42
688,,0.38,0.38,0.38,0.41,0.38,0.38,0.38,0.41
689,,0.37,0.37,0.37,0.4,0.37,0.37,0.37,0.4
690,,0.36,0.36,0.36,0.39,0.36,0.36,0.36,0.39
691,,0.35,0.35,0.35,0.38,0.35,0.35,0.35,0.38
692,,0.34,0.34,0.34,0.37,0.34,0.34,0.34,0.37
693,,0.33,0.33,0.33,0.36,0.33,0.33,0.33,0.36
694,,0.32,0.32,0.32,0.35,0.32,0.32,0.32,0.35
695,,0.31,0.31,0.31,0.34,0.31,0.31,0.31,0.34
696,,0.3,0.3,0.3,0.33,0.3,0.3,0.3,0.33
697,,0.29,0.29,0.29,0.32,0.29,0.29,0.29,0.32
698,,0.28,0.28,0.28,0.31,0.28,0.28,0.28,0.31
699,,0.27,0.27,0.27,0.3,0.27,0.27,0.27,0.3
700,,0.26,0.26,0.26,0.29,0.26,0.26,0.26,0.29
701,,0.25,0.25,0.25,0.28,0.25,0.25,0.25,0.28
702,,0.24,0.24,0.24,0.27,0.24,0.24,0.24,0.27
703,,0.23,0.23,0.23,0.26,0.23,0.23,0.23,0.26
704,,0.22,0.22,0.22,0.25,0.22,0.22,0.22,0.25
705,,0.21,0.21,0.21,0.24,0.21,0.21,0.21,0.24
706,,0.2,0.2,0.2,0.23,0.2,0.2,0.2,0.23
707,,0.19,0.19,0.19,0.22,0.19,0.19,0.19,0.22
708,,0.18,0.18,0.18,0.21,0.18,0.18,0.18,0.21
709,,0.17,0.17,0.17,0.2,0.17,0.17,0.17,0.2
710,,0.16,0.16,0.16,0.19,0.16,0.16,0.16,0.19
711,,0.15,0.15,0.15,0.18,0.15,0.15,0.15,0.18
712,,0.14,0.14,0.14,0.17,0.14,0.14,0.14,0.17
713,,0.13,0.13,0.13,0.16,0.13,0.13,0.13,0.16
714,,0.12,0.12,0.12,0.15,0.12,0.12,0.12,0.15
715,,0.11,0.11,0.11,0.14,0.11,0.11,0.11,0.14
716,,0.1,0.1,0.1,0.13,0.1,0.1,0.1,0.13
717,,0.09,0.09,0.09,0.12,0.09,0.09,0.09,0.12
718,,0.08,0.08,0.08,0.11,0.08,0.08,0.08,0.11
719,,0.07,0.07,0.07,0.1,0.07,0.07,0.07,0.1
720,,0.06,0.06,0.06,0.09,0.06,0.06,0.06,0.09
721,,0.05,0.05,0.05,0.08,0.05,0.05,0.05,0.08
722,,0.04,0.04,0.04,0.07,0.04,0.04,0.04,0.07
723,,0.03,0.03,0.03,0.06,0.03,0.03,0.03,0.06
724,,0.02,0.02,0.02,0.05,0.02,0.02,0.02,0.05
725,,0.01,0.01,0.01,0.04,0.01,0.01,0.01,0.04
726,,0.0,0.0,0.0,0.03,0.0,0.0,0.0,0.03
727,,-0.01,-0.01,-0.01,0.02,-0.01,-0.01,-0.01,0.02
728,5,0.08,0.139,0.28,0.451,0.99,0.421,0.28,0.169
729,5,0.17,0.288,0.57,0.882,1.0,0.852,0.57,0.318
730,,0.16,0.278,0.56,0.872,0.99,0.842,0.56,0.308
731,,0.15,0.268,0.55,0.862,0.98,0.832,0.55,0.298
732,,0.14,0.258,0.54,0.852,0.97,0.822,0.54,0.288
733,,0.13,0.248,0.53,0.842,0.96,0.812,0.53,0.278
734,,0.12,0.238,0.52,0.832,0.95,0.802,0.52,0.268
735,,0.11,0.228,0.51,0.822,0.94,0.792,0.51,0.258
736,,0.1,0.218,0.5,0.812,0.93,0.782,0.5,0.248
737,,0.09,0.208,0.49,0.802,0.92,0.772,0.49,0.238
738,,0.08,0.198,0.48,0.792,0.91,0.762,0.48,0.228
739,,0.07,0.188,0.47,0.782,0.9,0.752,0.47,0.218
740,,0.06,0.178,0.46,0.772,0.89,0.742,0.46,0.208
741,,0.05,0.168,0.45,0.762,0.88,0.732,0.45,0.198
742,,0.04,0.158,0.44,0.752,0.87,0.722,0.44,0.188
743,,0.03,0.148,0.43,0.742,0.86,0.712,0.43,0.178
744,,0.02,0.138,0.42,0.732,0.85,0.702,0.42,0.168
745,,0.01,0.128,0.41,0.722,0.84,0.692,0.41,0.158
746,,0.0,0.118,0.4,0.712,0.83,0.682,0.4,0.148
747,,-0.01,0.108,0.39,0.702,0.82,0.672,0.39,0.138
748,1,0.99,0.539,0.68,0.851,0.91,0.821,0.68,0.569
749,1,1.0,0.97,0.97,1.0,1.0,0.97,0.97,1.0
750,,0.99,0.96,0.96,0.99,0.99,0.96,0.96,0.99
751,,0.98,0.95,0.95,0.98,0.98,0.95,0.95,0.98
752,,0.97,0.94,0.94,0.97,0.97,0.94,0.94,0.97
753,,0.96,0.93,0.93,0.96,0.96,0.93,0.93,0.96
754,,0.95,0.92,0.92,0.95,0.95,0.92,0.92,0.95
755,,0.94,0.91,0.91,0.94,0.94,0.91,0.91,0.94
756,,0.93,0.9,0.9,0.93,0.93,0.9,0.9,0.93
757,,0.92,0.89,0.89,0.92,0.92,0.89,0.89,0.92
758,,0.91,0.88,0.88,0.91,0.91,0.88,0.88,0.91
759,,0.9,0.87,0.87,0.9,0.9,0.87,0.87,0.9
760,,0.89,0.86,0.86,0.89,0.89,0.86,0.86,0.89
761,,0.88,0.85,0.85,0.88,0.88,0.85,0.85,0.88
762,,0.87,0.84,0.84,0.87,0.87,0.84,0.84,0.87
763,,0.86,0.83,0.83,0.86,0.86,0.83,0.83,0.86
764,,0.85,0.82,0.82,0.85,0.85,0.82,0.82,0.85
765,,0.84,0.81,0.81,0.84,0.84,0.81,0.81,0.84
766,,0.83,0.8,0.8,0.83,0.83,0.8,0.8,0.83
767,,0.82,0.79,0.79,0.82,0.82,0.79,0.79,0.82
768,,0.81,0.78,0.78,0.81,0.81,0.78,0.78,0.81
769,,0.8,0.77,0.77,0.8,0.8,0.77,0.77,0.8
770,,0.79,0.76,0.76,0.79,0.79,0.76,0.76,0.79
771,,0.78,0.75,0.75,0.78,0.78,0.75,0.75,0.78
772,,0.77,0.74,0.74,0.77,0.77,0.74,0.74,0.77
773,,0.76,0.73,0.73,0.76,0.76,0.73,0.73,0.76
774,,0.75,0.72,0.72,0.75,0.75,0.72,0.72,0.75
775,,0.74,0.71,0.71,0.74,0.74,0.71,0.71,0.74
776,,0.73,0.7,0.7,0.73,0.73,0.7,0.7,0.73
777,,0.72,0.69,0.69,0.72,0.72,0.69,0.69,0.72
778,,0.71,0.68,0.68,0.71,0.71,0.68,0.68,0.71
779,,0.7,0.67,0.67,0.7,0.7,0.67,0.67,0.7
780,,0.69,0.66,0.66,0.69,0.69,0.66,0.66,0.69
781,,0.68,0.65,0.65,0.68,0.68,0.65,0.65,0.68
782,,0.67,0.64,0.64,0.67,0.67,0.64,0.64,0.67
783,,0.66,0.63,0.63,0.66,0.66,0.63,0.63,0.66
784,,0.65,0.62,0.62,0.65,0.65,0.62,0.62,0.65
785,,0.64,0.61,0.61,0.64,0.64,0.61,0.61,0.64
786,,0.63,0.6,0.6,0.63,0.63,0.6,0.6,0.63
787,,0.62,0.59,0.59,0.62,0.62,0.59,0.59,0.62
788,,0.61,0.58,0.58,0.61,0.61,0.58,0.58,0.61
789,,0.6,0.57,0.57,0.6,0.6,0.57,0.57,0.6
790,,0.59,0.56,0.56,0.59,0.59,0.56,0.56,0.59
791,,0.58,0.55,0.55,0.58,0.58,0.55,0.55,0.58
792,,0.57,0.54,0.54,0.57,0.57,0.54,0.54,0.57
793,,0.56,0.53,0.53,0.56,0.56,0.53,0.53,0.56
794,,0.55,0.52,0.52,0.55,0.55,0.52,0.52,0.55
795,,0.54,0.51,0.51,0.54,0.54,0.51,0.51,0.54
796,,0.53,0.5,0.5,0.53,0.53,0.5,0.5,0.53
797,,0.52,0.49,0.49,0.52,0.52,0.49,0.49,0.52
798,,0.51,0.48,0.48,0.51,0.51,0.48,0.48,0.51
799,,0.5,0.47,0.47,0.5,0.5,0.47,0.47,0.5
800,,0.49,0.46,0.46,0.49,0.49,0.46,0.46,0.49
801,,0.48,0.45,0.45,0.48,0.48,0.45,0.45,0.48
802,,0.47,0.44,0.44,0.47,0.47,0.44,0.44,0.47
803,,0.46,0.43,0.43,0.46,0.46,0.43,0.43,0.46
804,,0.45,0.42,0.42,0.45,0.45,0.42,0.42,0.45
805,,0.44,0.41,0.41,0.44,0.44,0.41,0.41,0.44
806,,0.43,0.4,0.4,0.43,0.43,0.4,0.4,0.43
807,,0.42,0.39,0.39,0.42,0.42,0.39,0.39,0.42
808,,0.41,0.38,0.38,0.41,0.41,0.38,0.38,0.41
809,,0.4,0.37,0.37,0.4,0.4,0.37,0.37,0.4
810,,0.39,0.36,0.36,0.39,0.39,0.36,0.36,0.39
811,,0.38,0.35,0.35,0.38,0.38,0.35,0.35,0.38
812,,0.37,0.34,0.34,0.37,0.37,0.34,0.34,0.37
813,,0.36,0.33,0.33,0.36,0.36,0.33,0.33,0.36
814,,0.35,0.32,0.32,0.35,0.35,0.32,0.32,0.35
815,,0.34,0.31,0.31,0.34,0.34,0.31,0.31,0.34
816,,0.33,0.3,0.3,0.33,0.33,0.3,0.3,0.33
817,,0.32,0.29,0.29,0.32,0.32,0.29,0.29,0.32
818,,0.31,0.28,0.28,0.31,0.31,0.28,0.28,0.31
819,,0.3,0.27,0.27,0.3,0.3,0.27,0.27,0.3
820,,0.29,0.26,0.26,0.29,0.29,0.26,0.26,0.29
821,,0.28,0.25,0.25,0.28,0.28,0.25,0.25,0.28
822,,0.27,0.24,0.24,0.27,0.27,0.24,0.24,0.27
823,,0.26,0.23,0.23,0.26,0.26,0.23,0.23,0.26
824,,0.25,0.22,0.22,0.25,0.25,0.22,0.22,0.25
825,,0.24,0.21,0.21,0.24,0.24,0.21,0.21,0.24
826,,0.23,0.2,0.2,0.23,0.23,0.2,0.2,0.23
827,,0.22,0.19,0.19,0.22,0.22,0.19,0.19,0.22
828,,0.21,0.18,0.18,0.21,0.21,0.18,0.18,0.21
829,,0.2,0.17,0.17,0.2,0.2,0.17,0.17,0.2
830,,0.19,0.16,0.16,0.19,0.19,0.16,0.16,0.19
831,,0.18,0.15,0.15,0.18,0.18,0.15,0.15,0.18
832,,0.17,0.14,0.14,0.17,0.17,0.14,0.14,0.17
833,,0.16,0.13,0.13,0.16,0.16,0.13,0.13,0.16
834,,0.15,0.12,0.12,0.15,0.15,0.12,0.12,0.15
835,,0.14,0.11,0.11,0.14,0.14,0.11,0.11,0.14
836,,0.13,0.1,0.1,0.13,0.13,0.1,0.1,0.13
837,,0.12,0.09,0.09,0.12,0.12,0.09,0.09,0.12
838,,0.11,0.08,0.08,0.11,0.11,0.08,0.08,0.11
839,,0.1,0.07,0.07,0.1,0.1,0.07,0.07,0.1
840,,0.09,0.06,0.06,0.09,0.09,0.06,0.06,0.09
841,,0.08,0.05,0.05,0.08,0.08,0.05,0.05,0.08
842,,0.07,0.04,0.04,0.07,0.07,0.04,0.04,0.07
843,,0.06,0.03,0.03,0.06,0.06,0.03,0.03,0.06
844,,0.05,0.02,0.02,0.05,0.05,0.02,0.02,0.05
845,,0.04,0.01,0.01,0.04,0.04,0.01,0.01,0.04
846,,0.03,0.0,0.0,0.03,0.03,0.0,0.0,0.03
847,,0.02,-0.01,-0.01,0.02,0.02,-0.01,-0.01,0.02
848,2,0.451,0.99,0.421,0.31,0.169,0.08,0.139,0.31
849,2,0.882,1.0,0.852,0.6,0.318,0.17,0.288,0.6
850,,0.872,0.99,0.842,0.59,0.308,0.16,0.278,0.59
851,,0.862,0.98,0.832,0.58,0.298,0.15,0.268,0.58
852,,0.852,0.97,0.822,0.57,0.288,0.14,0.258,0.57
853,,0.842,0.96,0.812,0.56,0.278,0.13,0.248,0.56
854,,0.832,0.95,0.802,0.55,0.268,0.12,0.238,0.55
855,,0.822,0.94,0.792,0.54,0.258,0.11,0.228,0.54
856,,0.812,0.93,0.782,0.53,0.248,0.1,0.218,0.53
857,,0.802,0.92,0.772,0.52,0.238,0.09,0.208,0.52
858,,0.792,0.91,0.762,0.51,0.228,0.08,0.198,0.51
859,,0.782,0.9,0.752,0.5,0.218,0.07,0.188,0.5
860,,0.772,0.89,0.742,0.49,0.208,0.06,0.178,0.49
861,,0.762,0.88,0.732,0.48,0.198,0.05,0.168,0.48
862,,0.752,0.87,0.722,0.47,0.188,0.04,0.158,0.47
863,,0.742,0.86,0.712,0.46,0.178,0.03,0.148,0.46
864,,0.732,0.85,0.702,0.45,0.168,0.02,0.138,0.45
865,,0.722,0.84,0.692,0.44,0.158,0.01,0.128,0.44
866,,0.712,0.83,0.682,0.43,0.148,0.0,0.118,0.43
867,,0.702,0.82,0.672,0.42,0.138,-0.01,0.108,0.42
868,6,0.851,0.91,0.821,0.71,0.569,0.99,0.539,0.71
869,6,1.0,1.0,0.97,1.0,1.0,1.0,0.97,1.0
870,,0.99,0.99,0.96,0.99,0.99,0.99,0.96,0.99
871,,0.98,0.98,0.95,0.98,0.98,0.98,0.95,0.98
872,,0.97,0.97,0.94,0.97,0.97,0.97,0.94,0.97
873,,0.96,0.96,0.93,0.96,0.96,0.96,0.93,0.96
874,,0.95,0.95,0.92,0.95,0.95,0.95,0.92,0.95
875,,0.94,0.94,0.91,0.94,0.94,0.94,0.91,0.94
876,,0.93,0.93,0.9,0.93,0.93,0.93,0.9,0.93
877,,0.92,0.92,0.89,0.92,0.92,0.92,0.89,0.92
