step,active_motive,motive_1,motive_2,motive_3,motive_4,motive_5,motive_6,motive_7,motive_8
0,,0.05358,0.00903,0.08353,0.03208,0.01865,0.00408,0.05909,0.06776
1,,0.03358,-0.01097,0.06353,0.01208,-0.00135,-0.01592,0.03909,0.04776
2,6,0.27258,0.16903,0.30253,0.39208,0.51965,0.98408,0.56009,0.42776
3,6,0.51158,0.34903,0.54153,0.77208,1.0,1.0,1.0,0.80776
4,,0.49158,0.32903,0.52153,0.75208,0.98,0.98,0.98,0.78776
5,,0.47158,0.30903,0.50153,0.73208,0.96,0.96,0.96,0.76776
6,,0.45158,0.28903,0.48153,0.71208,0.94,0.94,0.94,0.74776
7,,0.43158,0.26903,0.46153,0.69208,0.92,0.92,0.92,0.72776
8,,0.41158,0.24903,0.44153,0.67208,0.9,0.9,0.9,0.70776
9,,0.39158,0.22903,0.42153,0.65208,0.88,0.88,0.88,0.68776
10,,0.37158,0.20903,0.40153,0.63208,0.86,0.86,0.86,0.66776
11,,0.35158,0.18903,0.38153,0.61208,0.84,0.84,0.84,0.64776
12,,0.33158,0.16903,0.36153,0.59208,0.82,0.82,0.82,0.62776
13,,0.31158,0.14903,0.34153,0.57208,0.8,0.8,0.8,0.60776
14,,0.29158,0.12903,0.32153,0.55208,0.78,0.78,0.78,0.58776
15,,0.27158,0.10903,0.30153,0.53208,0.76,0.76,0.76,0.56776
16,,0.25158,0.08903,0.28153,0.51208,0.74,0.74,0.74,0.54776
17,,0.23158,0.06903,0.26153,0.49208,0.72,0.72,0.72,0.52776
18,,0.21158,0.04903,0.24153,0.47208,0.7,0.7,0.7,0.50776
19,,0.19158,0.02903,0.22153,0.45208,0.68,0.68,0.68,0.48776
20,,0.17158,0.00903,0.20153,0.43208,0.66,0.66,0.66,0.46776
21,,0.15158,-0.01097,0.18153,0.41208,0.64,0.64,0.64,0.44776
22,2,0.67258,0.98903,0.70253,0.79208,0.879,0.82,0.879,0.82776
23,2,1.0,1.0,1.0,1.0,1.0,1.0,1.0,1.0
24,,0.98,0.98,0.98,0.98,0.98,0.98,0.98,0.98
25,,0.96,0.96,0.96,0.96,0.96,0.96,0.96,0.96
26,,0.94,0.94,0.94,0.94,0.94,0.94,0.94,0.94
27,,0.92,0.92,0.92,0.92,0.92,0.92,0.92,0.92
28,,0.9,0.9,0.9,0.9,0.9,0.9,0.9,0.9
29,,0.88,0.88,0.88,0.88,0.88,0.88,0.88,0.88
30,,0.86,0.86,0.86,0.86,0.86,0.86,0.86,0.86
31,,0.84,0.84,0.84,0.84,0.84,0.84,0.84,0.84
32,,0.82,0.82,0.82,0.82,0.82,0.82,0.82,0.82
33,,0.8,0.8,0.8,0.8,0.8,0.8,0.8,0.8
34,,0.78,0.78,0.78,0.78,0.78,0.78,0.78,0.78
35,,0.76,0.76,0.76,0.76,0.76,0.76,0.76,0.76
36,,0.74,0.74,0.74,0.74,0.74,0.74,0.74,0.74
37,,0.72,0.72,0.72,0.72,0.72,0.72,0.72,0.72
38,,0.7,0.7,0.7,0.7,0.7,0.7,0.7,0.7
39,,0.68,0.68,0.68,0.68,0.68,0.68,0.68,0.68
40,,0.66,0.66,0.66,0.66,0.66,0.66,0.66,0.66
41,,0.64,0.64,0.64,0.64,0.64,0.64,0.64,0.64
42,,0.62,0.62,0.62,0.62,0.62,0.62,0.62,0.62
43,,0.6,0.6,0.6,0.6,0.6,0.6,0.6,0.6
44,,0.58,0.58,0.58,0.58,0.58,0.58,0.58,0.58
45,,0.56,0.56,0.56,0.56,0.56,0.56,0.56,0.56
46,,0.54,0.54,0.54,0.54,0.54,0.54,0.54,0.54
47,,0.52,0.52,0.52,0.52,0.52,0.52,0.52,0.52
48,,0.5,0.5,0.5,0.5,0.5,0.5,0.5,0.5
49,,0.48,0.48,0.48,0.48,0.48,0.48,0.48,0.48
50,,0.46,0.46,0.46,0.46,0.46,0.46,0.46,0.46
51,,0.44,0.44,0.44,0.44,0.44,0.44,0.44,0.44
52,,0.42,0.42,0.42,0.42,0.42,0.42,0.42,0.42
53,,0.4,0.4,0.4,0.4,0.4,0.4,0.4,0.4
54,,0.38,0.38,0.38,0.38,0.38,0.38,0.38,0.38
55,,0.36,0.36,0.36,0.36,0.36,0.36,0.36,0.36
56,,0.34,0.34,0.34,0.34,0.34,0.34,0.34,0.34
57,,0.32,0.32,0.32,0.32,0.32,0.32,0.32,0.32
58,,0.3,0.3,0.3,0.3,0.3,0.3,0.3,0.3
59,,0.28,0.28,0.28,0.28,0.28,0.28,0.28,0.28
60,,0.26,0.26,0.26,0.26,0.26,0.26,0.26,0.26
61,,0.24,0.24,0.24,0.24,0.24,0.24,0.24,0.24
62,,0.22,0.22,0.22,0.22,0.22,0.22,0.22,0.22
63,,0.2,0.2,0.2,0.2,0.2,0.2,0.2,0.2
64,,0.18,0.18,0.18,0.18,0.18,0.18,0.18,0.18
65,,0.16,0.16,0.16,0.16,0.16,0.16,0.16,0.16
66,,0.14,0.14,0.14,0.14,0.14,0.14,0.14,0.14
67,,0.12,0.12,0.12,0.12,0.12,0.12,0.12,0.12
68,,0.1,0.1,0.1,0.1,0.1,0.1,0.1,0.1
69,,0.08,0.08,0.08,0.08,0.08,0.08,0.08,0.08
70,,0.06,0.06,0.06,0.06,0.06,0.06,0.06,0.06
71,,0.04,0.04,0.04,0.04,0.04,0.04,0.04,0.04
72,,0.02,0.02,0.02,0.02,0.02,0.02,0.02,0.02
73,,0.0,0.0,0.0,0.0,0.0,0.0,0.0,0.0
74,,-0.02,-0.02,-0.02,-0.02,-0.02,-0.02,-0.02,-0.02
75,3,0.36,0.501,0.98,0.501,0.36,0.219,0.16,0.219
76,3,0.74,1.0,1.0,1.0,0.74,0.458,0.34,0.458
77,,0.72,0.98,0.98,0.98,0.72,0.438,0.32,0.438
78,,0.7,0.96,0.96,0.96,0.7,0.418,0.3,0.418
79,,0.68,0.94,0.94,0.94,0.68,0.398,0.28,0.398
80,,0.66,0.92,0.92,0.92,0.66,0.378,0.26,0.378
81,,0.64,0.9,0.9,0.9,0.64,0.358,0.24,0.358
82,,0.62,0.88,0.88,0.88,0.62,0.338,0.22,0.338
83,,0.6,0.86,0.86,0.86,0.6,0.318,0.2,0.318
84,,0.58,0.84,0.84,0.84,0.58,0.298,0.18,0.298
85,,0.56,0.82,0.82,0.82,0.56,0.278,0.16,0.278
86,,0.54,0.8,0.8,0.8,0.54,0.258,0.14,0.258
87,,0.52,0.78,0.78,0.78,0.52,0.238,0.12,0.238
88,,0.5,0.76,0.76,0.76,0.5,0.218,0.1,0.218
89,,0.48,0.74,0.74,0.74,0.48,0.198,0.08,0.198
90,,0.46,0.72,0.72,0.72,0.46,0.178,0.06,0.178
91,,0.44,0.7,0.7,0.7,0.44,0.158,0.04,0.158
92,,0.42,0.68,0.68,0.68,0.42,0.138,0.02,0.138
93,,0.4,0.66,0.66,0.66,0.4,0.118,0.0,0.118
94,,0.38,0.64,0.64,0.64,0.38,0.098,-0.02,0.098
95,7,0.76,0.879,0.82,0.879,0.76,0.619,0.98,0.619
96,7,1.0,1.0,1.0,1.0,1.0,1.0,1.0,1.0
97,,0.98,0.98,0.98,0.98,0.98,0.98,0.98,0.98
98,,0.96,0.96,0.96,0.96,0.96,0.96,0.96,0.96
99,,0.94,0.94,0.94,0.94,0.94,0.94,0.94,0.94
100,,0.92,0.92,0.92,0.92,0.92,0.92,0.92,0.92
101,,0.9,0.9,0.9,0.9,0.9,0.9,0.9,0.9
102,,0.88,0.88,0.88,0.88,0.88,0.88,0.88,0.88
103,,0.86,0.86,0.86,0.86,0.86,0.86,0.86,0.86
104,,0.84,0.84,0.84,0.84,0.84,0.84,0.84,0.84
105,,0.82,0.82,0.82,0.82,0.82,0.82,0.82,0.82
106,,0.8,0.8,0.8,0.8,0.8,0.8,0.8,0.8
107,,0.78,0.78,0.78,0.78,0.78,0.78,0.78,0.78
108,,0.76,0.76,0.76,0.76,0.76,0.76,0.76,0.76
109,,0.74,0.74,0.74,0.74,0.74,0.74,0.74,0.74
110,,0.72,0.72,0.72,0.72,0.72,0.72,0.72,0.72
111,,0.7,0.7,0.7,0.7,0.7,0.7,0.7,0.7
112,,0.68,0.68,0.68,0.68,0.68,0.68,0.68,0.68
113,,0.66,0.66,0.66,0.66,0.66,0.66,0.66,0.66
114,,0.64,0.64,0.64,0.64,0.64,0.64,0.64,0.64
115,,0.62,0.62,0.62,0.62,0.62,0.62,0.62,0.62
116,,0.6,0.6,0.6,0.6,0.6,0.6,0.6,0.6
117,,0.58,0.58,0.58,0.58,0.58,0.58,0.58,0.58
118,,0.56,0.56,0.56,0.56,0.56,0.56,0.56,0.56
119,,0.54,0.54,0.54,0.54,0.54,0.54,0.54,0.54
120,,0.52,0.52,0.52,0.52,0.52,0.52,0.52,0.52
121,,0.5,0.5,0.5,0.5,0.5,0.5,0.5,0.5
122,,0.48,0.48,0.48,0.48,0.48,0.48,0.48,0.48
123,,0.46,0.46,0.46,0.46,0.46,0.46,0.46,0.46
124,,0.44,0.44,0.44,0.44,0.44,0.44,0.44,0.44
125,,0.42,0.42,0.42,0.42,0.42,0.42,0.42,0.42
126,,0.4,0.4,0.4,0.4,0.4,0.4,0.4,0.4
127,,0.38,0.38,0.38,0.38,0.38,0.38,0.38,0.38
128,,0.36,0.36,0.36,0.36,0.36,0.36,0.36,0.36
129,,0.34,0.34,0.34,0.34,0.34,0.34,0.34,0.34
130,,0.32,0.32,0.32,0.32,0.32,0.32,0.32,0.32
131,,0.3,0.3,0.3,0.3,0.3,0.3,0.3,0.3
132,,0.28,0.28,0.28,0.28,0.28,0.28,0.28,0.28
133,,0.26,0.26,0.26,0.26,0.26,0.26,0.26,0.26
134,,0.24,0.24,0.24,0.24,0.24,0.24,0.24,0.24
135,,0.22,0.22,0.22,0.22,0.22,0.22,0.22,0.22
136,,0.2,0.2,0.2,0.2,0.2,0.2,0.2,0.2
137,,0.18,0.18,0.18,0.18,0.18,0.18,0.18,0.18
138,,0.16,0.16,0.16,0.16,0.16,0.16,0.16,0.16
139,,0.14,0.14,0.14,0.14,0.14,0.14,0.14,0.14
140,,0.12,0.12,0.12,0.12,0.12,0.12,0.12,0.12
141,,0.1,0.1,0.1,0.1,0.1,0.1,0.1,0.1
142,,0.08,0.08,0.08,0.08,0.08,0.08,0.08,0.08
143,,0.06,0.06,0.06,0.06,0.06,0.06,0.06,0.06
144,,0.04,0.04,0.04,0.04,0.04,0.04,0.04,0.04
145,,0.02,0.02,0.02,0.02,0.02,0.02,0.02,0.02
146,,0.0,0.0,0.0,0.0,0.0,0.0,0.0,0.0
147,,-0.02,-0.02,-0.02,-0.02,-0.02,-0.02,-0.02,-0.02
148,2,0.501,0.98,0.501,0.36,0.219,0.16,0.219,0.36
149,2,1.0,1.0,1.0,0.74,0.458,0.34,0.458,0.74
150,,0.98,0.98,0.98,0.72,0.438,0.32,0.438,0.72
151,,0.96,0.96,0.96,0.7,0.418,0.3,0.418,0.7
152,,0.94,0.94,0.94,0.68,0.398,0.28,0.398,0.68
153,,0.92,0.92,0.92,0.66,0.378,0.26,0.378,0.66
154,,0.9,0.9,0.9,0.64,0.358,0.24,0.358,0.64
155,,0.88,0.88,0.88,0.62,0.338,0.22,0.338,0.62
156,,0.86,0.86,0.86,0.6,0.318,0.2,0.318,0.6
157,,0.84,0.84,0.84,0.58,0.298,0.18,0.298,0.58
158,,0.82,0.82,0.82,0.56,0.278,0.16,0.278,0.56
159,,0.8,0.8,0.8,0.54,0.258,0.14,0.258,0.54
160,,0.78,0.78,0.78,0.52,0.238,0.12,0.238,0.52
161,,0.76,0.76,0.76,0.5,0.218,0.1,0.218,0.5
162,,0.74,0.74,0.74,0.48,0.198,0.08,0.198,0.48
163,,0.72,0.72,0.72,0.46,0.178,0.06,0.178,0.46
164,,0.7,0.7,0.7,0.44,0.158,0.04,0.158,0.44
165,,0.68,0.68,0.68,0.42,0.138,0.02,0.138,0.42
166,,0.66,0.66,0.66,0.4,0.118,0.0,0.118,0.4
167,,0.64,0.64,0.64,0.38,0.098,-0.02,0.098,0.38
168,6,0.879,0.82,0.879,0.76,0.619,0.98,0.619,0.76
169,6,1.0,1.0,1.0,1.0,1.0,1.0,1.0,1.0
170,,0.98,0.98,0.98,0.98,0.98,0.98,0.98,0.98
171,,0.96,0.96,0.96,0.96,0.96,0.96,0.96,0.96
172,,0.94,0.94,0.94,0.94,0.94,0.94,0.94,0.94
173,,0.92,0.92,0.92,0.92,0.92,0.92,0.92,0.92
174,,0.9,0.9,0.9,0.9,0.9,0.9,0.9,0.9
175,,0.88,0.88,0.88,0.88,0.88,0.88,0.88,0.88
176,,0.86,0.86,0.86,0.86,0.86,0.86,0.86,0.86
177,,0.84,0.84,0.84,0.84,0.84,0.84,0.84,0.84
178,,0.82,0.82,0.82,0.82,0.82,0.82,0.82,0.82
179,,0.8,0.8,0.8,0.8,0.8,0.8,0.8,0.8
180,,0.78,0.78,0.78,0.78,0.78,0.78,0.78,0.78
181,,0.76,0.76,0.76,0.76,0.76,0.76,0.76,0.76
182,,0.74,0.74,0.74,0.74,0.74,0.74,0.74,0.74
183,,0.72,0.72,0.72,0.72,0.72,0.72,0.72,0.72
184,,0.7,0.7,0.7,0.7,0.7,0.7,0.7,0.7
185,,0.68,0.68,0.68,0.68,0.68,0.68,0.68,0.68
186,,0.66,0.66,0.66,0.66,0.66,0.66,0.66,0.66
187,,0.64,0.64,0.64,0.64,0.64,0.64,0.64,0.64
188,,0.62,0.62,0.62,0.62,0.62,0.62,0.62,0.62
189,,0.6,0.6,0.6,0.6,0.6,0.6,0.6,0.6
190,,0.58,0.58,0.58,0.58,0.58,0.58,0.58,0.58
191,,0.56,0.56,0.56,0.56,0.56,0.56,0.56,0.56
192,,0.54,0.54,0.54,0.54,0.54,0.54,0.54,0.54
193,,0.52,0.52,0.52,0.52,0.52,0.52,0.52,0.52
194,,0.5,0.5,0.5,0.5,0.5,0.5,0.5,0.5
195,,0.48,0.48,0.48,0.48,0.48,0.48,0.48,0.48
196,,0.46,0.46,0.46,0.46,0.46,0.46,0.46,0.46
197,,0.44,0.44,0.44,0.44,0.44,0.44,0.44,0.44
198,,0.42,0.42,0.42,0.42,0.42,0.42,0.42,0.42
199,,0.4,0.4,0.4,0.4,0.4,0.4,0.4,0.4
