step,active_motive,motive_1,motive_2,motive_3,motive_4,motive_5,motive_6,motive_7,motive_8
0,,0.05121,0.02265,0.06452,0.01744,0.06909,0.03867,0.09367,0.01375
1,,0.03121,0.00265,0.04452,-0.00256,0.04909,0.01867,0.07367,-0.00625
2,8,0.55221,0.38265,0.28352,0.17744,0.28809,0.39867,0.59467,0.99375
3,8,1.0,0.76265,0.52252,0.35744,0.52709,0.77867,1.0,1.0
4,,0.98,0.74265,0.50252,0.33744,0.50709,0.75867,0.98,0.98
5,,0.96,0.72265,0.48252,0.31744,0.48709,0.73867,0.96,0.96
6,,0.94,0.70265,0.46252,0.29744,0.46709,0.71867,0.94,0.94
7,,0.92,0.68265,0.44252,0.27744,0.44709,0.69867,0.92,0.92
8,,0.9,0.66265,0.42252,0.25744,0.42709,0.67867,0.9,0.9
9,,0.88,0.64265,0.40252,0.23744,0.40709,0.65867,0.88,0.88
10,,0.86,0.62265,0.38252,0.21744,0.38709,0.63867,0.86,0.86
11,,0.84,0.60265,0.36252,0.19744,0.36709,0.61867,0.84,0.84
12,,0.82,0.58265,0.34252,0.17744,0.34709,0.59867,0.82,0.82
13,,0.8,0.56265,0.32252,0.15744,0.32709,0.57867,0.8,0.8
14,,0.78,0.54265,0.30252,0.13744,0.30709,0.55867,0.78,0.78
15,,0.76,0.52265,0.28252,0.11744,0.28709,0.53867,0.76,0.76
16,,0.74,0.50265,0.26252,0.09744,0.26709,0.51867,0.74,0.74
17,,0.72,0.48265,0.24252,0.07744,0.24709,0.49867,0.72,0.72
18,,0.7,0.46265,0.22252,0.05744,0.22709,0.47867,0.7,0.7
19,,0.68,0.44265,0.20252,0.03744,0.20709,0.45867,0.68,0.68
20,,0.66,0.42265,0.18252,0.01744,0.18709,0.43867,0.66,0.66
21,,0.64,0.40265,0.16252,-0.00256,0.16709,0.41867,0.64,0.64
22,4,0.879,0.78265,0.68352,0.99744,0.68809,0.79867,0.879,0.82
23,4,1.0,1.0,1.0,1.0,1.0,1.0,1.0,1.0
24,,0.98,0.98,0.98,0.98,0.98,0.98,0.98,0.98
25,,0.96,0.96,0.96,0.96,0.96,0.96,0.96,0.96
26,,0.94,0.94,0.94,0.94,0.94,0.94,0.94,0.94
27,,0.92,0.92,0.92,0.92,0.92,0.92,0.92,0.92
28,,0.9,0.9,0.9,0.9,0.9,0.9,0.9,0.9
29,,0.88,0.88,0.88,0.88,0.88,0.88,0.88,0.88
30,,0.86,0.86,0.86,0.86,0.86,0.86,0.86,0.86
31,,0.84,0.84,0.84,0.84,0.84,0.84,0.84,0.84
32,,0.82,0.82,0.82,0.82,0.82,0.82,0.82,0.82
33,,0.8,0.8,0.8,0.8,0.8,0.8,0.8,0.8
34,,0.78,0.78,0.78,0.78,0.78,0.78,0.78,0.78
35,,0.76,0.76,0.76,0.76,0.76,0.76,0.76,0.76
36,,0.74,0.74,0.74,0.74,0.74,0.74,0.74,0.74
37,,0.72,0.72,0.72,0.72,0.72,0.72,0.72,0.72
38,,0.7,0.7,0.7,0.7,0.7,0.7,0.7,0.7
39,,0.68,0.68,0.68,0.68,0.68,0.68,0.68,0.68
40,,0.66,0.66,0.66,0.66,0.66,0.66,0.66,0.66
41,,0.64,0.64,0.64,0.64,0.64,0.64,0.64,0.64
42,,0.62,0.62,0.62,0.62,0.62,0.62,0.62,0.62
43,,0.6,0.6,0.6,0.6,0.6,0.6,0.6,0.6
44,,0.58,0.58,0.58,0.58,0.58,0.58,0.58,0.58
45,,0.56,0.56,0.56,0.56,0.56,0.56,0.56,0.56
46,,0.54,0.54,0.54,0.54,0.54,0.54,0.54,0.54
47,,0.52,0.52,0.52,0.52,0.52,0.52,0.52,0.52
48,,0.5,0.5,0.5,0.5,0.5,0.5,0.5,0.5
49,,0.48,0.48,0.48,0.48,0.48,0.48,0.48,0.48
50,,0.46,0.46,0.46,0.46,0.46,0.46,0.46,0.46
51,,0.44,0.44,0.44,0.44,0.44,0.44,0.44,0.44
52,,0.42,0.42,0.42,0.42,0.42,0.42,0.42,0.42
53,,0.4,0.4,0.4,0.4,0.4,0.4,0.4,0.4
54,,0.38,0.38,0.38,0.38,0.38,0.38,0.38,0.38
55,,0.36,0.36,0.36,0.36,0.36,0.36,0.36,0.36
56,,0.34,0.34,0.34,0.34,0.34,0.34,0.34,0.34
57,,0.32,0.32,0.32,0.32,0.32,0.32,0.32,0.32
58,,0.3,0.3,0.3,0.3,0.3,0.3,0.3,0.3
59,,0.28,0.28,0.28,0.28,0.28,0.28,0.28,0.28
60,,0.26,0.26,0.26,0.26,0.26,0.26,0.26,0.26
61,,0.24,0.24,0.24,0.24,0.24,0.24,0.24,0.24
62,,0.22,0.22,0.22,0.22,0.22,0.22,0.22,0.22
63,,0.2,0.2,0.2,0.2,0.2,0.2,0.2,0.2
64,,0.18,0.18,0.18,0.18,0.18,0.18,0.18,0.18
65,,0.16,0.16,0.16,0.16,0.16,0.16,0.16,0.16
66,,0.14,0.14,0.14,0.14,0.14,0.14,0.14,0.14
67,,0.12,0.12,0.12,0.12,0.12,0.12,0.12,0.12
68,,0.1,0.1,0.1,0.1,0.1,0.1,0.1,0.1
69,,0.08,0.08,0.08,0.08,0.08,0.08,0.08,0.08
70,,0.06,0.06,0.06,0.06,0.06,0.06,0.06,0.06
71,,0.04,0.04,0.04,0.04,0.04,0.04,0.04,0.04
72,,0.02,0.02,0.02,0.02,0.02,0.02,0.02,0.02
73,,0.0,0.0,0.0,0.0,0.0,0.0,0.0,0.0
74,,-0.02,-0.02,-0.02,-0.02,-0.02,-0.02,-0.02,-0.02
75,4,0.219,0.36,0.501,0.98,0.501,0.36,0.219,0.16
76,4,0.458,0.74,1.0,1.0,1.0,0.74,0.458,0.34
77,,0.438,0.72,0.98,0.98,0.98,0.72,0.438,0.32
78,,0.418,0.7,0.96,0.96,0.96,0.7,0.418,0.3
79,,0.398,0.68,0.94,0.94,0.94,0.68,0.398,0.28
80,,0.378,0.66,0.92,0.92,0.92,0.66,0.378,0.26
81,,0.358,0.64,0.9,0.9,0.9,0.64,0.358,0.24
82,,0.338,0.62,0.88,0.88,0.88,0.62,0.338,0.22
83,,0.318,0.6,0.86,0.86,0.86,0.6,0.318,0.2
84,,0.298,0.58,0.84,0.84,0.84,0.58,0.298,0.18
85,,0.278,0.56,0.82,0.82,0.82,0.56,0.278,0.16
86,,0.258,0.54,0.8,0.8,0.8,0.54,0.258,0.14
87,,0.238,0.52,0.78,0.78,0.78,0.52,0.238,0.12
88,,0.218,0.5,0.76,0.76,0.76,0.5,0.218,0.1
89,,0.198,0.48,0.74,0.74,0.74,0.48,0.198,0.08
90,,0.178,0.46,0.72,0.72,0.72,0.46,0.178,0.06
91,,0.158,0.44,0.7,0.7,0.7,0.44,0.158,0.04
92,,0.138,0.42,0.68,0.68,0.68,0.42,0.138,0.02
93,,0.118,0.4,0.66,0.66,0.66,0.4,0.118,0.0
94,,0.098,0.38,0.64,0.64,0.64,0.38,0.098,-0.02
95,8,0.619,0.76,0.879,0.82,0.879,0.76,0.619,0.98
96,8,1.0,1.0,1.0,1.0,1.0,1.0,1.0,1.0
97,,0.98,0.98,0.98,0.98,0.98,0.98,0.98,0.98
98,,0.96,0.96,0.96,0.96,0.96,0.96,0.96,0.96
99,,0.94,0.94,0.94,0.94,0.94,0.94,0.94,0.94
100,,0.92,0.92,0.92,0.92,0.92,0.92,0.92,0.92
101,,0.9,0.9,0.9,0.9,0.9,0.9,0.9,0.9
102,,0.88,0.88,0.88,0.88,0.88,0.88,0.88,0.88
103,,0.86,0.86,0.86,0.86,0.86,0.86,0.86,0.86
104,,0.84,0.84,0.84,0.84,0.84,0.84,0.84,0.84
105,,0.82,0.82,0.82,0.82,0.82,0.82,0.82,0.82
106,,0.8,0.8,0.8,0.8,0.8,0.8,0.8,0.8
107,,0.78,0.78,0.78,0.78,0.78,0.78,0.78,0.78
108,,0.76,0.76,0.76,0.76,0.76,0.76,0.76,0.76
109,,0.74,0.74,0.74,0.74,0.74,0.74,0.74,0.74
110,,0.72,0.72,0.72,0.72,0.72,0.72,0.72,0.72
111,,0.7,0.7,0.7,0.7,0.7,0.7,0.7,0.7
112,,0.68,0.68,0.68,0.68,0.68,0.68,0.68,0.68
113,,0.66,0.66,0.66,0.66,0.66,0.66,0.66,0.66
114,,0.64,0.64,0.64,0.64,0.64,0.64,0.64,0.64
115,,0.62,0.62,0.62,0.62,0.62,0.62,0.62,0.62
116,,0.6,0.6,0.6,0.6,0.6,0.6,0.6,0.6
117,,0.58,0.58,0.58,0.58,0.58,0.58,0.58,0.58
118,,0.56,0.56,0.56,0.56,0.56,0.56,0.56,0.56
119,,0.54,0.54,0.54,0.54,0.54,0.54,0.54,0.54
120,,0.52,0.52,0.52,0.52,0.52,0.52,0.52,0.52
121,,0.5,0.5,0.5,0.5,0.5,0.5,0.5,0.5
122,,0.48,0.48,0.48,0.48,0.48,0.48,0.48,0.48
123,,0.46,0.46,0.46,0.46,0.46,0.46,0.46,0.46
124,,0.44,0.44,0.44,0.44,0.44,0.44,0.44,0.44
125,,0.42,0.42,0.42,0.42,0.42,0.42,0.42,0.42
126,,0.4,0.4,0.4,0.4,0.4,0.4,0.4,0.4
127,,0.38,0.38,0.38,0.38,0.38,0.38,0.38,0.38
128,,0.36,0.36,0.36,0.36,0.36,0.36,0.36,0.36
129,,0.34,0.34,0.34,0.34,0.34,0.34,0.34,0.34
130,,0.32,0.32,0.32,0.32,0.32,0.32,0.32,0.32
131,,0.3,0.3,0.3,0.3,0.3,0.3,0.3,0.3
132,,0.28,0.28,0.28,0.28,0.28,0.28,0.28,0.28
133,,0.26,0.26,0.26,0.26,0.26,0.26,0.26,0.26
134,,0.24,0.24,0.24,0.24,0.24,0.24,0.24,0.24
135,,0.22,0.22,0.22,0.22,0.22,0.22,0.22,0.22
136,,0.2,0.2,0.2,0.2,0.2,0.2,0.2,0.2
137,,0.18,0.18,0.18,0.18,0.18,0.18,0.18,0.18
138,,0.16,0.16,0.16,0.16,0.16,0.16,0.16,0.16
139,,0.14,0.14,0.14,0.14,0.14,0.14,0.14,0.14
140,,0.12,0.12,0.12,0.12,0.12,0.12,0.12,0.12
141,,0.1,0.1,0.1,0.1,0.1,0.1,0.1,0.1
142,,0.08,0.08,0.08,0.08,0.08,0.08,0.08,0.08
143,,0.06,0.06,0.06,0.06,0.06,0.06,0.06,0.06
144,,0.04,0.04,0.04,0.04,0.04,0.04,0.04,0.04
145,,0.02,0.02,0.02,0.02,0.02,0.02,0.02,0.02
146,,0.0,0.0,0.0,0.0,0.0,0.0,0.0,0.0
147,,-0.02,-0.02,-0.02,-0.02,-0.02,-0.02,-0.02,-0.02
148,1,0.98,0.501,0.36,0.219,0.16,0.219,0.36,0.501
149,1,1.0,1.0,0.74,0.458,0.34,0.458,0.74,1.0
150,,0.98,0.98,0.72,0.438,0.32,0.438,0.72,0.98
151,,0.96,0.96,0.7,0.418,0.3,0.418,0.7,0.96
152,,0.94,0.94,0.68,0.398,0.28,0.398,0.68,0.94
153,,0.92,0.92,0.66,0.378,0.26,0.378,0.66,0.92
154,,0.9,0.9,0.64,0.358,0.24,0.358,0.64,0.9
155,,0.88,0.88,0.62,0.338,0.22,0.338,0.62,0.88
156,,0.86,0.86,0.6,0.318,0.2,0.318,0.6,0.86
157,,0.84,0.84,0.58,0.298,0.18,0.298,0.58,0.84
158,,0.82,0.82,0.56,0.278,0.16,0.278,0.56,0.82
159,,0.8,0.8,0.54,0.258,0.14,0.258,0.54,0.8
160,,0.78,0.78,0.52,0.238,0.12,0.238,0.52,0.78
161,,0.76,0.76,0.5,0.218,0.1,0.218,0.5,0.76
162,,0.74,0.74,0.48,0.198,0.08,0.198,0.48,0.74
163,,0.72,0.72,0.46,0.178,0.06,0.178,0.46,0.72
164,,0.7,0.7,0.44,0.158,0.04,0.158,0.44,0.7
165,,0.68,0.68,0.42,0.138,0.02,0.138,0.42,0.68
166,,0.66,0.66,0.4,0.118,0.0,0.118,0.4,0.66
167,,0.64,0.64,0.38,0.098,-0.02,0.098,0.38,0.64
168,5,0.82,0.879,0.76,0.619,0.98,0.619,0.76,0.879
169,5,1.0,1.0,1.0,1.0,1.0,1.0,1.0,1.0
170,,0.98,0.98,0.98,0.98,0.98,0.98,0.98,0.98
171,,0.96,0.96,0.96,0.96,0.96,0.96,0.96,0.96
172,,0.94,0.94,0.94,0.94,0.94,0.94,0.94,0.94
173,,0.92,0.92,0.92,0.92,0.92,0.92,0.92,0.92
174,,0.9,0.9,0.9,0.9,0.9,0.9,0.9,0.9
175,,0.88,0.88,0.88,0.88,0.88,0.88,0.88,0.88
176,,0.86,0.86,0.86,0.86,0.86,0.86,0.86,0.86
177,,0.84,0.84,0.84,0.84,0.84,0.84,0.84,0.84
178,,0.82,0.82,0.82,0.82,0.82,0.82,0.82,0.82
179,,0.8,0.8,0.8,0.8,0.8,0.8,0.8,0.8
180,,0.78,0.78,0.78,0.78,0.78,0.78,0.78,0.78
181,,0.76,0.76,0.76,0.76,0.76,0.76,0.76,0.76
182,,0.74,0.74,0.74,0.74,0.74,0.74,0.74,0.74
183,,0.72,0.72,0.72,0.72,0.72,0.72,0.72,0.72
184,,0.7,0.7,0.7,0.7,0.7,0.7,0.7,0.7
185,,0.68,0.68,0.68,0.68,0.68,0.68,0.68,0.68
186,,0.66,0.66,0.66,0.66,0.66,0.66,0.66,0.66
187,,0.64,0.64,0.64,0.64,0.64,0.64,0.64,0.64
188,,0.62,0.62,0.62,0.62,0.62,0.62,0.62,0.62
189,,0.6,0.6,0.6,0.6,0.6,0.6,0.6,0.6
190,,0.58,0.58,0.58,0.58,0.58,0.58,0.58,0.58
191,,0.56,0.56,0.56,0.56,0.56,0.56,0.56,0.56
192,,0.54,0.54,0.54,0.54,0.54,0.54,0.54,0.54
193,,0.52,0.52,0.52,0.52,0.52,0.52,0.52,0.52
194,,0.5,0.5,0.5,0.5,0.5,0.5,0.5,0.5
195,,0.48,0.48,0.48,0.48,0.48,0.48,0.48,0.48
196,,0.46,0.46,0.46,0.46,0.46,0.46,0.46,0.46
197,,0.44,0.44,0.44,0.44,0.44,0.44,0.44,0.44
198,,0.42,0.42,0.42,0.42,0.42,0.42,0.42,0.42
199,,0.4,0.4,0.4,0.4,0.4,0.4,0.4,0.4
