step,active_motive,motive_1,motive_2,motive_3,motive_4,motive_5,motive_6,motive_7,motive_8
0,,0.06096,0.05027,0.00515,0.02786,0.09083,0.02396,0.01449,0.04895
1,,0.04096,0.03027,-0.01485,0.00786,0.07083,0.00396,-0.00551,0.02895
2,3,0.42096,0.55127,0.98515,0.52886,0.45083,0.24296,0.17449,0.26795
3,3,0.80096,1.0,1.0,1.0,0.83083,0.48196,0.35449,0.50695
4,,0.78096,0.98,0.98,0.98,0.81083,0.46196,0.33449,0.48695
5,,0.76096,0.96,0.96,0.96,0.79083,0.44196,0.31449,0.46695
6,,0.74096,0.94,0.94,0.94,0.77083,0.42196,0.29449,0.44695
7,,0.72096,0.92,0.92,0.92,0.75083,0.40196,0.27449,0.42695
8,,0.70096,0.9,0.9,0.9,0.73083,0.38196,0.25449,0.40695
9,,0.68096,0.88,0.88,0.88,0.71083,0.36196,0.23449,0.38695
10,,0.66096,0.86,0.86,0.86,0.69083,0.34196,0.21449,0.36695
11,,0.64096,0.84,0.84,0.84,0.67083,0.32196,0.19449,0.34695
12,,0.62096,0.82,0.82,0.82,0.65083,0.30196,0.17449,0.32695
13,,0.60096,0.8,0.8,0.8,0.63083,0.28196,0.15449,0.30695
14,,0.58096,0.78,0.78,0.78,0.61083,0.26196,0.13449,0.28695
15,,0.56096,0.76,0.76,0.76,0.59083,0.24196,0.11449,0.26695
16,,0.54096,0.74,0.74,0.74,0.57083,0.22196,0.09449,0.24695
17,,0.52096,0.72,0.72,0.72,0.55083,0.20196,0.07449,0.22695
18,,0.50096,0.7,0.7,0.7,0.53083,0.18196,0.05449,0.20695
19,,0.48096,0.68,0.68,0.68,0.51083,0.16196,0.03449,0.18695
20,,0.46096,0.66,0.66,0.66,0.49083,0.14196,0.01449,0.16695
21,,0.44096,0.64,0.64,0.64,0.47083,0.12196,-0.00551,0.14695
22,7,0.82096,0.879,0.82,0.879,0.85083,0.64296,0.99449,0.66795
23,7,1.0,1.0,1.0,1.0,1.0,1.0,1.0,1.0
24,,0.98,0.98,0.98,0.98,0.98,0.98,0.98,0.98
25,,0.96,0.96,0.96,0.96,0.96,0.96,0.96,0.96
26,,0.94,0.94,0.94,0.94,0.94,0.94,0.94,0.94
27,,0.92,0.92,0.92,0.92,0.92,0.92,0.92,0.92
28,,0.9,0.9,0.9,0.9,0.9,0.9,0.9,0.9
29,,0.88,0.88,0.88,0.88,0.88,0.88,0.88,0.88
30,,0.86,0.86,0.86,0.86,0.86,0.86,0.86,0.86
31,,0.84,0.84,0.84,0.84,0.84,0.84,0.84,0.84
32,,0.82,0.82,0.82,0.82,0.82,0.82,0.82,0.82
33,,0.8,0.8,0.8,0.8,0.8,0.8,0.8,0.8
34,,0.78,0.78,0.78,0.78,0.78,0.78,0.78,0.78
35,,0.76,0.76,0.76,0.76,0.76,0.76,0.76,0.76
36,,0.74,0.74,0.74,0.74,0.74,0.74,0.74,0.74
37,,0.72,0.72,0.72,0.72,0.72,0.72,0.72,0.72
38,,0.7,0.7,0.7,0.7,0.7,0.7,0.7,0.7
39,,0.68,0.68,0.68,0.68,0.68,0.68,0.68,0.68
40,,0.66,0.66,0.66,0.66,0.66,0.66,0.66,0.66
41,,0.64,0.64,0.64,0.64,0.64,0.64,0.64,0.64
42,,0.62,0.62,0.62,0.62,0.62,0.62,0.62,0.62
43,,0.6,0.6,0.6,0.6,0.6,0.6,0.6,0.6
44,,0.58,0.58,0.58,0.58,0.58,0.58,0.58,0.58
45,,0.56,0.56,0.56,0.56,0.56,0.56,0.56,0.56
46,,0.54,0.54,0.54,0.54,0.54,0.54,0.54,0.54
47,,0.52,0.52,0.52,0.52,0.52,0.52,0.52,0.52
48,,0.5,0.5,0.5,0.5,0.5,0.5,0.5,0.5
49,,0.48,0.48,0.48,0.48,0.48,0.48,0.48,0.48
50,,0.46,0.46,0.46,0.46,0.46,0.46,0.46,0.46
51,,0.44,0.44,0.44,0.44,0.44,0.44,0.44,0.44
52,,0.42,0.42,0.42,0.42,0.42,0.42,0.42,0.42
53,,0.4,0.4,0.4,0.4,0.4,0.4,0.4,0.4
54,,0.38,0.38,0.38,0.38,0.38,0.38,0.38,0.38
55,,0.36,0.36,0.36,0.36,0.36,0.36,0.36,0.36
56,,0.34,0.34,0.34,0.34,0.34,0.34,0.34,0.34
57,,0.32,0.32,0.32,0.32,0.32,0.32,0.32,0.32
58,,0.3,0.3,0.3,0.3,0.3,0.3,0.3,0.3
59,,0.28,0.28,0.28,0.28,0.28,0.28,0.28,0.28
60,,0.26,0.26,0.26,0.26,0.26,0.26,0.26,0.26
61,,0.24,0.24,0.24,0.24,0.24,0.24,0.24,0.24
62,,0.22,0.22,0.22,0.22,0.22,0.22,0.22,0.22
63,,0.2,0.2,0.2,0.2,0.2,0.2,0.2,0.2
64,,0.18,0.18,0.18,0.18,0.18,0.18,0.18,0.18
65,,0.16,0.16,0.16,0.16,0.16,0.16,0.16,0.16
66,,0.14,0.14,0.14,0.14,0.14,0.14,0.14,0.14
67,,0.12,0.12,0.12,0.12,0.12,0.12,0.12,0.12
68,,0.1,0.1,0.1,0.1,0.1,0.1,0.1,0.1
69,,0.08,0.08,0.08,0.08,0.08,0.08,0.08,0.08
70,,0.06,0.06,0.06,0.06,0.06,0.06,0.06,0.06
71,,0.04,0.04,0.04,0.04,0.04,0.04,0.04,0.04
72,,0.02,0.02,0.02,0.02,0.02,0.02,0.02,0.02
73,,0.0,0.0,0.0,0.0,0.0,0.0,0.0,0.0
74,,-0.02,-0.02,-0.02,-0.02,-0.02,-0.02,-0.02,-0.02
75,8,0.501,0.36,0.219,0.16,0.219,0.36,0.501,0.98
76,8,1.0,0.74,0.458,0.34,0.458,0.74,1.0,1.0
77,,0.98,0.72,0.438,0.32,0.438,0.72,0.98,0.98
78,,0.96,0.7,0.418,0.3,0.418,0.7,0.96,0.96
79,,0.94,0.68,0.398,0.28,0.398,0.68,0.94,0.94
80,,0.92,0.66,0.378,0.26,0.378,0.66,0.92,0.92
81,,0.9,0.64,0.358,0.24,0.358,0.64,0.9,0.9
82,,0.88,0.62,0.338,0.22,0.338,0.62,0.88,0.88
83,,0.86,0.6,0.318,0.2,0.318,0.6,0.86,0.86
84,,0.84,0.58,0.298,0.18,0.298,0.58,0.84,0.84
85,,0.82,0.56,0.278,0.16,0.278,0.56,0.82,0.82
86,,0.8,0.54,0.258,0.14,0.258,0.54,0.8,0.8
87,,0.78,0.52,0.238,0.12,0.238,0.52,0.78,0.78
88,,0.76,0.5,0.218,0.1,0.218,0.5,0.76,0.76
89,,0.74,0.48,0.198,0.08,0.198,0.48,0.74,0.74
90,,0.72,0.46,0.178,0.06,0.178,0.46,0.72,0.72
91,,0.7,0.44,0.158,0.04,0.158,0.44,0.7,0.7
92,,0.68,0.42,0.138,0.02,0.138,0.42,0.68,0.68
93,,0.66,0.4,0.118,0.0,0.118,0.4,0.66,0.66
94,,0.64,0.38,0.098,-0.02,0.098,0.38,0.64,0.64
95,4,0.879,0.76,0.619,0.98,0.619,0.76,0.879,0.82
96,4,1.0,1.0,1.0,1.0,1.0,1.0,1.0,1.0
97,,0.98,0.98,0.98,0.98,0.98,0.98,0.98,0.98
98,,0.96,0.96,0.96,0.96,0.96,0.96,0.96,0.96
99,,0.94,0.94,0.94,0.94,0.94,0.94,0.94,0.94
100,,0.92,0.92,0.92,0.92,0.92,0.92,0.92,0.92
101,,0.9,0.9,0.9,0.9,0.9,0.9,0.9,0.9
102,,0.88,0.88,0.88,0.88,0.88,0.88,0.88,0.88
103,,0.86,0.86,0.86,0.86,0.86,0.86,0.86,0.86
104,,0.84,0.84,0.84,0.84,0.84,0.84,0.84,0.84
105,,0.82,0.82,0.82,0.82,0.82,0.82,0.82,0.82
106,,0.8,0.8,0.8,0.8,0.8,0.8,0.8,0.8
107,,0.78,0.78,0.78,0.78,0.78,0.78,0.78,0.78
108,,0.76,0.76,0.76,0.76,0.76,0.76,0.76,0.76
109,,0.74,0.74,0.74,0.74,0.74,0.74,0.74,0.74
110,,0.72,0.72,0.72,0.72,0.72,0.72,0.72,0.72
111,,0.7,0.7,0.7,0.7,0.7,0.7,0.7,0.7
112,,0.68,0.68,0.68,0.68,0.68,0.68,0.68,0.68
113,,0.66,0.66,0.66,0.66,0.66,0.66,0.66,0.66
114,,0.64,0.64,0.64,0.64,0.64,0.64,0.64,0.64
115,,0.62,0.62,0.62,0.62,0.62,0.62,0.62,0.62
116,,0.6,0.6,0.6,0.6,0.6,0.6,0.6,0.6
117,,0.58,0.58,0.58,0.58,0.58,0.58,0.58,0.58
118,,0.56,0.56,0.56,0.56,0.56,0.56,0.56,0.56
119,,0.54,0.54,0.54,0.54,0.54,0.54,0.54,0.54
120,,0.52,0.52,0.52,0.52,0.52,0.52,0.52,0.52
121,,0.5,0.5,0.5,0.5,0.5,0.5,0.5,0.5
122,,0.48,0.48,0.48,0.48,0.48,0.48,0.48,0.48
123,,0.46,0.46,0.46,0.46,0.46,0.46,0.46,0.46
124,,0.44,0.44,0.44,0.44,0.44,0.44,0.44,0.44
125,,0.42,0.42,0.42,0.42,0.42,0.42,0.42,0.42
126,,0.4,0.4,0.4,0.4,0.4,0.4,0.4,0.4
127,,0.38,0.38,0.38,0.38,0.38,0.38,0.38,0.38
128,,0.36,0.36,0.36,0.36,0.36,0.36,0.36,0.36
129,,0.34,0.34,0.34,0.34,0.34,0.34,0.34,0.34
130,,0.32,0.32,0.32,0.32,0.32,0.32,0.32,0.32
131,,0.3,0.3,0.3,0.3,0.3,0.3,0.3,0.3
132,,0.28,0.28,0.28,0.28,0.28,0.28,0.28,0.28
133,,0.26,0.26,0.26,0.26,0.26,0.26,0.26,0.26
134,,0.24,0.24,0.24,0.24,0.24,0.24,0.24,0.24
135,,0.22,0.22,0.22,0.22,0.22,0.22,0.22,0.22
136,,0.2,0.2,0.2,0.2,0.2,0.2,0.2,0.2
137,,0.18,0.18,0.18,0.18,0.18,0.18,0.18,0.18
138,,0.16,0.16,0.16,0.16,0.16,0.16,0.16,0.16
139,,0.14,0.14,0.14,0.14,0.14,0.14,0.14,0.14
140,,0.12,0.12,0.12,0.12,0.12,0.12,0.12,0.12
141,,0.1,0.1,0.1,0.1,0.1,0.1,0.1,0.1
142,,0.08,0.08,0.08,0.08,0.08,0.08,0.08,0.08
143,,0.06,0.06,0.06,0.06,0.06,0.06,0.06,0.06
144,,0.04,0.04,0.04,0.04,0.04,0.04,0.04,0.04
145,,0.02,0.02,0.02,0.02,0.02,0.02,0.02,0.02
146,,0.0,0.0,0.0,0.0,0.0,0.0,0.0,0.0
147,,-0.02,-0.02,-0.02,-0.02,-0.02,-0.02,-0.02,-0.02
148,6,0.219,0.16,0.219,0.36,0.501,0.98,0.501,0.36
149,6,0.458,0.34,0.458,0.74,1.0,1.0,1.0,0.74
150,,0.438,0.32,0.438,0.72,0.98,0.98,0.98,0.72
151,,0.418,0.3,0.418,0.7,0.96,0.96,0.96,0.7
152,,0.398,0.28,0.398,0.68,0.94,0.94,0.94,0.68
153,,0.378,0.26,0.378,0.66,0.92,0.92,0.92,0.66
154,,0.358,0.24,0.358,0.64,0.9,0.9,0.9,0.64
155,,0.338,0.22,0.338,0.62,0.88,0.88,0.88,0.62
156,,0.318,0.2,0.318,0.6,0.86,0.86,0.86,0.6
157,,0.298,0.18,0.298,0.58,0.84,0.84,0.84,0.58
158,,0.278,0.16,0.278,0.56,0.82,0.82,0.82,0.56
159,,0.258,0.14,0.258,0.54,0.8,0.8,0.8,0.54
160,,0.238,0.12,0.238,0.52,0.78,0.78,0.78,0.52
161,,0.218,0.1,0.218,0.5,0.76,0.76,0.76,0.5
162,,0.198,0.08,0.198,0.48,0.74,0.74,0.74,0.48
163,,0.178,0.06,0.178,0.46,0.72,0.72,0.72,0.46
164,,0.158,0.04,0.158,0.44,0.7,0.7,0.7,0.44
165,,0.138,0.02,0.138,0.42,0.68,0.68,0.68,0.42
166,,0.118,0.0,0.118,0.4,0.66,0.66,0.66,0.4
167,,0.098,-0.02,0.098,0.38,0.64,0.64,0.64,0.38
168,2,0.619,0.98,0.619,0.76,0.879,0.82,0.879,0.76
169,2,1.0,1.0,1.0,1.0,1.0,1.0,1.0,1.0
170,,0.98,0.98,0.98,0.98,0.98,0.98,0.98,0.98
171,,0.96,0.96,0.96,0.96,0.96,0.96,0.96,0.96
172,,0.94,0.94,0.94,0.94,0.94,0.94,0.94,0.94
173,,0.92,0.92,0.92,0.92,0.92,0.92,0.92,0.92
174,,0.9,0.9,0.9,0.9,0.9,0.9,0.9,0.9
175,,0.88,0.88,0.88,0.88,0.88,0.88,0.88,0.88
176,,0.86,0.86,0.86,0.86,0.86,0.86,0.86,0.86
177,,0.84,0.84,0.84,0.84,0.84,0.84,0.84,0.84
178,,0.82,0.82,0.82,0.82,0.82,0.82,0.82,0.82
179,,0.8,0.8,0.8,0.8,0.8,0.8,0.8,0.8
180,,0.78,0.78,0.78,0.78,0.78,0.78,0.78,0.78
181,,0.76,0.76,0.76,0.76,0.76,0.76,0.76,0.76
182,,0.74,0.74,0.74,0.74,0.74,0.74,0.74,0.74
183,,0.72,0.72,0.72,0.72,0.72,0.72,0.72,0.72
184,,0.7,0.7,0.7,0.7,0.7,0.7,0.7,0.7
185,,0.68,0.68,0.68,0.68,0.68,0.68,0.68,0.68
186,,0.66,0.66,0.66,0.66,0.66,0.66,0.66,0.66
187,,0.64,0.64,0.64,0.64,0.64,0.64,0.64,0.64
188,,0.62,0.62,0.62,0.62,0.62,0.62,0.62,0.62
189,,0.6,0.6,0.6,0.6,0.6,0.6,0.6,0.6
190,,0.58,0.58,0.58,0.58,0.58,0.58,0.58,0.58
191,,0.56,0.56,0.56,0.56,0.56,0.56,0.56,0.56
192,,0.54,0.54,0.54,0.54,0.54,0.54,0.54,0.54
193,,0.52,0.52,0.52,0.52,0.52,0.52,0.52,0.52
194,,0.5,0.5,0.5,0.5,0.5,0.5,0.5,0.5
195,,0.48,0.48,0.48,0.48,0.48,0.48,0.48,0.48
196,,0.46,0.46,0.46,0.46,0.46,0.46,0.46,0.46
197,,0.44,0.44,0.44,0.44,0.44,0.44,0.44,0.44
198,,0.42,0.42,0.42,0.42,0.42,0.42,0.42,0.42
199,,0.4,0.4,0.4,0.4,0.4,0.4,0.4,0.4
