step,active_motive,motive_1,motive_2,motive_3,motive_4,motive_5,motive_6,motive_7,motive_8
0,,0.23089,0.24103,0.68326,0.61,0.83319,0.17336,0.39106,0.18224
1,,0.22089,0.23103,0.67326,0.6,0.82319,0.16336,0.38106,0.17224
2,,0.21089,0.22103,0.66326,0.59,0.81319,0.15336,0.37106,0.16224
3,,0.20089,0.21103,0.65326,0.58,0.80319,0.14336,0.36106,0.15224
4,,0.19089,0.20103,0.64326,0.57,0.79319,0.13336,0.35106,0.14224
5,,0.18089,0.19103,0.63326,0.56,0.78319,0.12336,0.34106,0.13224
6,,0.17089,0.18103,0.62326,0.55,0.77319,0.11336,0.33106,0.12224
7,,0.16089,0.17103,0.61326,0.54,0.76319,0.10336,0.32106,0.11224
8,,0.15089,0.16103,0.60326,0.53,0.75319,0.09336,0.31106,0.10224
9,,0.14089,0.15103,0.59326,0.52,0.74319,0.08336,0.30106,0.09224
10,,0.13089,0.14103,0.58326,0.51,0.73319,0.07336,0.29106,0.08224
11,,0.12089,0.13103,0.57326,0.5,0.72319,0.06336,0.28106,0.07224
12,,0.11089,0.12103,0.56326,0.49,0.71319,0.05336,0.27106,0.06224
13,,0.10089,0.11103,0.55326,0.48,0.70319,0.04336,0.26106,0.05224
14,,0.09089,0.10103,0.54326,0.47,0.69319,0.03336,0.25106,0.04224
15,,0.08089,0.09103,0.53326,0.46,0.68319,0.02336,0.24106,0.03224
16,,0.07089,0.08103,0.52326,0.45,0.67319,0.01336,0.23106,0.02224
17,,0.06089,0.07103,0.51326,0.44,0.66319,0.00336,0.22106,0.01224
18,,0.05089,0.06103,0.50326,0.43,0.65319,-0.00664,0.21106,0.00224
19,6,-0.14211,-0.24897,0.31026,0.52,1.0,0.99336,0.58406,0.09224
20,6,-0.33511,-0.55897,0.11726,0.61,1.0,1.0,0.95706,0.18224
21,2,0.03789,0.44103,0.49026,0.7,0.807,0.69,0.76406,0.27224
22,2,0.41089,1.0,0.86326,0.79,0.614,0.38,0.57106,0.36224
23,,0.40089,0.99,0.85326,0.78,0.604,0.37,0.56106,0.35224
24,,0.39089,0.98,0.84326,0.77,0.594,0.36,0.55106,0.34224
25,,0.38089,0.97,0.83326,0.76,0.584,0.35,0.54106,0.33224
26,,0.37089,0.96,0.82326,0.75,0.574,0.34,0.53106,0.32224
27,,0.36089,0.95,0.81326,0.74,0.564,0.33,0.52106,0.31224
28,,0.35089,0.94,0.80326,0.73,0.554,0.32,0.51106,0.30224
29,,0.34089,0.93,0.79326,0.72,0.544,0.31,0.50106,0.29224
30,,0.33089,0.92,0.78326,0.71,0.534,0.3,0.49106,0.28224
31,,0.32089,0.91,0.77326,0.7,0.524,0.29,0.48106,0.27224
32,,0.31089,0.9,0.76326,0.69,0.514,0.28,0.47106,0.26224
33,,0.30089,0.89,0.75326,0.68,0.504,0.27,0.46106,0.25224
34,,0.29089,0.88,0.74326,0.67,0.494,0.26,0.45106,0.24224
35,,0.28089,0.87,0.73326,0.66,0.484,0.25,0.44106,0.23224
36,,0.27089,0.86,0.72326,0.65,0.474,0.24,0.43106,0.22224
37,,0.26089,0.85,0.71326,0.64,0.464,0.23,0.42106,0.21224
38,,0.25089,0.84,0.70326,0.63,0.454,0.22,0.41106,0.20224
39,,0.24089,0.83,0.69326,0.62,0.444,0.21,0.40106,0.19224
40,,0.23089,0.82,0.68326,0.61,0.434,0.2,0.39106,0.18224
41,,0.22089,0.81,0.67326,0.6,0.424,0.19,0.38106,0.17224
42,,0.21089,0.8,0.66326,0.59,0.414,0.18,0.37106,0.16224
43,,0.20089,0.79,0.65326,0.58,0.404,0.17,0.36106,0.15224
44,,0.19089,0.78,0.64326,0.57,0.394,0.16,0.35106,0.14224
45,,0.18089,0.77,0.63326,0.56,0.384,0.15,0.34106,0.13224
46,,0.17089,0.76,0.62326,0.55,0.374,0.14,0.33106,0.12224
47,,0.16089,0.75,0.61326,0.54,0.364,0.13,0.32106,0.11224
48,,0.15089,0.74,0.60326,0.53,0.354,0.12,0.31106,0.10224
49,,0.14089,0.73,0.59326,0.52,0.344,0.11,0.30106,0.09224
50,,0.13089,0.72,0.58326,0.51,0.334,0.1,0.29106,0.08224
51,,0.12089,0.71,0.57326,0.5,0.324,0.09,0.28106,0.07224
52,,0.11089,0.7,0.56326,0.49,0.314,0.08,0.27106,0.06224
53,,0.10089,0.69,0.55326,0.48,0.304,0.07,0.26106,0.05224
54,,0.09089,0.68,0.54326,0.47,0.294,0.06,0.25106,0.04224
55,,0.08089,0.67,0.53326,0.46,0.284,0.05,0.24106,0.03224
56,,0.07089,0.66,0.52326,0.45,0.274,0.04,0.23106,0.02224
57,,0.06089,0.65,0.51326,0.44,0.264,0.03,0.22106,0.01224
58,,0.05089,0.64,0.50326,0.43,0.254,0.02,0.21106,0.00224
59,,0.04089,0.63,0.49326,0.42,0.244,0.01,0.20106,-0.00776
60,8,0.41389,0.72,0.30026,0.11,0.051,0.1,0.57406,0.99224
61,8,0.78689,0.81,0.10726,-0.2,-0.142,0.19,0.94706,1.0
62,4,0.59389,0.9,0.48026,0.8,0.231,0.28,0.75406,0.69
63,4,0.40089,0.99,0.85326,1.0,0.604,0.37,0.56106,0.38
64,,0.39089,0.98,0.84326,0.99,0.594,0.36,0.55106,0.37
65,,0.38089,0.97,0.83326,0.98,0.584,0.35,0.54106,0.36
66,,0.37089,0.96,0.82326,0.97,0.574,0.34,0.53106,0.35
67,,0.36089,0.95,0.81326,0.96,0.564,0.33,0.52106,0.34
68,,0.35089,0.94,0.80326,0.95,0.554,0.32,0.51106,0.33
69,,0.34089,0.93,0.79326,0.94,0.544,0.31,0.50106,0.32
70,,0.33089,0.92,0.78326,0.93,0.534,0.3,0.49106,0.31
71,,0.32089,0.91,0.77326,0.92,0.524,0.29,0.48106,0.3
72,,0.31089,0.9,0.76326,0.91,0.514,0.28,0.47106,0.29
73,,0.30089,0.89,0.75326,0.9,0.504,0.27,0.46106,0.28
74,,0.29089,0.88,0.74326,0.89,0.494,0.26,0.45106,0.27
75,,0.28089,0.87,0.73326,0.88,0.484,0.25,0.44106,0.26
76,,0.27089,0.86,0.72326,0.87,0.474,0.24,0.43106,0.25
77,,0.26089,0.85,0.71326,0.86,0.464,0.23,0.42106,0.24
78,,0.25089,0.84,0.70326,0.85,0.454,0.22,0.41106,0.23
79,,0.24089,0.83,0.69326,0.84,0.444,0.21,0.40106,0.22
80,,0.23089,0.82,0.68326,0.83,0.434,0.2,0.39106,0.21
81,,0.22089,0.81,0.67326,0.82,0.424,0.19,0.38106,0.2
82,,0.21089,0.8,0.66326,0.81,0.414,0.18,0.37106,0.19
83,,0.20089,0.79,0.65326,0.8,0.404,0.17,0.36106,0.18
84,,0.19089,0.78,0.64326,0.79,0.394,0.16,0.35106,0.17
85,,0.18089,0.77,0.63326,0.78,0.384,0.15,0.34106,0.16
86,,0.17089,0.76,0.62326,0.77,0.374,0.14,0.33106,0.15
87,,0.16089,0.75,0.61326,0.76,0.364,0.13,0.32106,0.14
88,,0.15089,0.74,0.60326,0.75,0.354,0.12,0.31106,0.13
89,,0.14089,0.73,0.59326,0.74,0.344,0.11,0.30106,0.12
90,,0.13089,0.72,0.58326,0.73,0.334,0.1,0.29106,0.11
91,,0.12089,0.71,0.57326,0.72,0.324,0.09,0.28106,0.1
92,,0.11089,0.7,0.56326,0.71,0.314,0.08,0.27106,0.09
93,,0.10089,0.69,0.55326,0.7,0.304,0.07,0.26106,0.08
94,,0.09089,0.68,0.54326,0.69,0.294,0.06,0.25106,0.07
95,,0.08089,0.67,0.53326,0.68,0.284,0.05,0.24106,0.06
96,,0.07089,0.66,0.52326,0.67,0.274,0.04,0.23106,0.05
97,,0.06089,0.65,0.51326,0.66,0.264,0.03,0.22106,0.04
98,,0.05089,0.64,0.50326,0.65,0.254,0.02,0.21106,0.03
99,,0.04089,0.63,0.49326,0.64,0.244,0.01,0.20106,0.02
100,,0.03089,0.62,0.48326,0.63,0.234,0.0,0.19106,0.01
101,,0.02089,0.61,0.47326,0.62,0.224,-0.01,0.18106,0.0
102,6,-0.17211,0.3,0.28026,0.71,0.597,0.99,0.55406,0.09
103,6,-0.36511,-0.01,0.08726,0.8,0.97,1.0,0.92706,0.18
104,1,0.63489,0.363,0.17726,0.607,0.66,0.807,1.0,0.553
105,1,1.0,0.736,0.26726,0.414,0.35,0.614,1.0,0.926
106,,0.99,0.726,0.25726,0.404,0.34,0.604,0.99,0.916
107,,0.98,0.716,0.24726,0.394,0.33,0.594,0.98,0.906
108,,0.97,0.706,0.23726,0.384,0.32,0.584,0.97,0.896
109,,0.96,0.696,0.22726,0.374,0.31,0.574,0.96,0.886
110,,0.95,0.686,0.21726,0.364,0.3,0.564,0.95,0.876
111,,0.94,0.676,0.20726,0.354,0.29,0.554,0.94,0.866
112,,0.93,0.666,0.19726,0.344,0.28,0.544,0.93,0.856
113,,0.92,0.656,0.18726,0.334,0.27,0.534,0.92,0.846
114,,0.91,0.646,0.17726,0.324,0.26,0.524,0.91,0.836
115,,0.9,0.636,0.16726,0.314,0.25,0.514,0.9,0.826
116,,0.89,0.626,0.15726,0.304,0.24,0.504,0.89,0.816
117,,0.88,0.616,0.14726,0.294,0.23,0.494,0.88,0.806
118,,0.87,0.606,0.13726,0.284,0.22,0.484,0.87,0.796
119,,0.86,0.596,0.12726,0.274,0.21,0.474,0.86,0.786
120,,0.85,0.586,0.11726,0.264,0.2,0.464,0.85,0.776
121,,0.84,0.576,0.10726,0.254,0.19,0.454,0.84,0.766
122,,0.83,0.566,0.09726,0.244,0.18,0.444,0.83,0.756
123,,0.82,0.556,0.08726,0.234,0.17,0.434,0.82,0.746
124,,0.81,0.546,0.07726,0.224,0.16,0.424,0.81,0.736
125,,0.8,0.536,0.06726,0.214,0.15,0.414,0.8,0.726
126,,0.79,0.526,0.05726,0.204,0.14,0.404,0.79,0.716
127,,0.78,0.516,0.04726,0.194,0.13,0.394,0.78,0.706
128,,0.77,0.506,0.03726,0.184,0.12,0.384,0.77,0.696
129,,0.76,0.496,0.02726,0.174,0.11,0.374,0.76,0.686
130,,0.75,0.486,0.01726,0.164,0.1,0.364,0.75,0.676
131,,0.74,0.476,0.00726,0.154,0.09,0.354,0.74,0.666
132,,0.73,0.466,-0.00274,0.144,0.08,0.344,0.73,0.656
133,3,0.82,0.839,0.99726,0.517,0.17,0.151,0.42,0.463
134,3,0.91,1.0,1.0,0.89,0.26,-0.042,0.11,0.27
135,6,0.717,0.69,0.807,0.98,0.633,0.958,0.483,0.36
136,6,0.524,0.38,0.614,1.0,1.0,1.0,0.856,0.45
137,,0.514,0.37,0.604,0.99,0.99,0.99,0.846,0.44
138,,0.504,0.36,0.594,0.98,0.98,0.98,0.836,0.43
139,,0.494,0.35,0.584,0.97,0.97,0.97,0.826,0.42
140,,0.484,0.34,0.574,0.96,0.96,0.96,0.816,0.41
141,,0.474,0.33,0.564,0.95,0.95,0.95,0.806,0.4
142,,0.464,0.32,0.554,0.94,0.94,0.94,0.796,0.39
143,,0.454,0.31,0.544,0.93,0.93,0.93,0.786,0.38
144,,0.444,0.3,0.534,0.92,0.92,0.92,0.776,0.37
145,,0.434,0.29,0.524,0.91,0.91,0.91,0.766,0.36
146,,0.424,0.28,0.514,0.9,0.9,0.9,0.756,0.35
147,,0.414,0.27,0.504,0.89,0.89,0.89,0.746,0.34
148,,0.404,0.26,0.494,0.88,0.88,0.88,0.736,0.33
149,,0.394,0.25,0.484,0.87,0.87,0.87,0.726,0.32
150,,0.384,0.24,0.474,0.86,0.86,0.86,0.716,0.31
151,,0.374,0.23,0.464,0.85,0.85,0.85,0.706,0.3
152,,0.364,0.22,0.454,0.84,0.84,0.84,0.696,0.29
153,,0.354,0.21,0.444,0.83,0.83,0.83,0.686,0.28
154,,0.344,0.2,0.434,0.82,0.82,0.82,0.676,0.27
155,,0.334,0.19,0.424,0.81,0.81,0.81,0.666,0.26
156,,0.324,0.18,0.414,0.8,0.8,0.8,0.656,0.25
157,,0.314,0.17,0.404,0.79,0.79,0.79,0.646,0.24
158,,0.304,0.16,0.394,0.78,0.78,0.78,0.636,0.23
159,,0.294,0.15,0.384,0.77,0.77,0.77,0.626,0.22
160,,0.284,0.14,0.374,0.76,0.76,0.76,0.616,0.21
161,,0.274,0.13,0.364,0.75,0.75,0.75,0.606,0.2
162,,0.264,0.12,0.354,0.74,0.74,0.74,0.596,0.19
163,,0.254,0.11,0.344,0.73,0.73,0.73,0.586,0.18
164,,0.244,0.1,0.334,0.72,0.72,0.72,0.576,0.17
165,,0.234,0.09,0.324,0.71,0.71,0.71,0.566,0.16
166,,0.224,0.08,0.314,0.7,0.7,0.7,0.556,0.15
167,,0.214,0.07,0.304,0.69,0.69,0.69,0.546,0.14
168,,0.204,0.06,0.294,0.68,0.68,0.68,0.536,0.13
169,,0.194,0.05,0.284,0.67,0.67,0.67,0.526,0.12
170,,0.184,0.04,0.274,0.66,0.66,0.66,0.516,0.11
171,,0.174,0.03,0.264,0.65,0.65,0.65,0.506,0.1
172,,0.164,0.02,0.254,0.64,0.64,0.64,0.496,0.09
173,,0.154,0.01,0.244,0.63,0.63,0.63,0.486,0.08
174,,0.144,0.0,0.234,0.62,0.62,0.62,0.476,0.07
175,,0.134,-0.01,0.224,0.61,0.61,0.61,0.466,0.06
176,2,0.507,0.99,0.597,0.7,0.417,0.3,0.273,0.15
177,2,0.88,1.0,0.97,0.79,0.224,-0.01,0.08,0.24
178,6,0.687,0.69,0.777,0.88,0.597,0.99,0.453,0.33
179,6,0.494,0.38,0.584,0.97,0.97,1.0,0.826,0.42
180,,0.484,0.37,0.574,0.96,0.96,0.99,0.816,0.41
181,,0.474,0.36,0.564,0.95,0.95,0.98,0.806,0.4
182,,0.464,0.35,0.554,0.94,0.94,0.97,0.796,0.39
183,,0.454,0.34,0.544,0.93,0.93,0.96,0.786,0.38
184,,0.444,0.33,0.534,0.92,0.92,0.95,0.776,0.37
185,,0.434,0.32,0.524,0.91,0.91,0.94,0.766,0.36
186,,0.424,0.31,0.514,0.9,0.9,0.93,0.756,0.35
187,,0.414,0.3,0.504,0.89,0.89,0.92,0.746,0.34
188,,0.404,0.29,0.494,0.88,0.88,0.91,0.736,0.33
189,,0.394,0.28,0.484,0.87,0.87,0.9,0.726,0.32
190,,0.384,0.27,0.474,0.86,0.86,0.89,0.716,0.31
191,,0.374,0.26,0.464,0.85,0.85,0.88,0.706,0.3
192,,0.364,0.25,0.454,0.84,0.84,0.87,0.696,0.29
193,,0.354,0.24,0.444,0.83,0.83,0.86,0.686,0.28
194,,0.344,0.23,0.434,0.82,0.82,0.85,0.676,0.27
195,,0.334,0.22,0.424,0.81,0.81,0.84,0.666,0.26
196,,0.324,0.21,0.414,0.8,0.8,0.83,0.656,0.25
197,,0.314,0.2,0.404,0.79,0.79,0.82,0.646,0.24
198,,0.304,0.19,0.394,0.78,0.78,0.81,0.636,0.23
199,,0.294,0.18,0.384,0.77,0.77,0.8,0.626,0.22
200,,0.284,0.17,0.374,0.76,0.76,0.79,0.616,0.21
201,,0.274,0.16,0.364,0.75,0.75,0.78,0.606,0.2
202,,0.264,0.15,0.354,0.74,0.74,0.77,0.596,0.19
203,,0.254,0.14,0.344,0.73,0.73,0.76,0.586,0.18
204,,0.244,0.13,0.334,0.72,0.72,0.75,0.576,0.17
205,,0.234,0.12,0.324,0.71,0.71,0.74,0.566,0.16
206,,0.224,0.11,0.314,0.7,0.7,0.73,0.556,0.15
207,,0.214,0.1,0.304,0.69,0.69,0.72,0.546,0.14
208,,0.204,0.09,0.294,0.68,0.68,0.71,0.536,0.13
209,,0.194,0.08,0.284,0.67,0.67,0.7,0.526,0.12
210,,0.184,0.07,0.274,0.66,0.66,0.69,0.516,0.11
211,,0.174,0.06,0.264,0.65,0.65,0.68,0.506,0.1
212,,0.164,0.05,0.254,0.64,0.64,0.67,0.496,0.09
213,,0.154,0.04,0.244,0.63,0.63,0.66,0.486,0.08
214,,0.144,0.03,0.234,0.62,0.62,0.65,0.476,0.07
215,,0.134,0.02,0.224,0.61,0.61,0.64,0.466,0.06
216,,0.124,0.01,0.214,0.6,0.6,0.63,0.456,0.05
217,,0.114,0.0,0.204,0.59,0.59,0.62,0.446,0.04
218,,0.104,-0.01,0.194,0.58,0.58,0.61,0.436,0.03
219,2,0.477,0.99,0.567,0.67,0.387,0.3,0.243,0.12
220,2,0.85,1.0,0.94,0.76,0.194,-0.01,0.05,0.21
221,6,0.657,0.69,0.747,0.85,0.567,0.99,0.423,0.3
222,6,0.464,0.38,0.554,0.94,0.94,1.0,0.796,0.39
223,,0.454,0.37,0.544,0.93,0.93,0.99,0.786,0.38
224,,0.444,0.36,0.534,0.92,0.92,0.98,0.776,0.37
225,,0.434,0.35,0.524,0.91,0.91,0.97,0.766,0.36
226,,0.424,0.34,0.514,0.9,0.9,0.96,0.756,0.35
227,,0.414,0.33,0.504,0.89,0.89,0.95,0.746,0.34
228,,0.404,0.32,0.494,0.88,0.88,0.94,0.736,0.33
229,,0.394,0.31,0.484,0.87,0.87,0.93,0.726,0.32
230,,0.384,0.3,0.474,0.86,0.86,0.92,0.716,0.31
231,,0.374,0.29,0.464,0.85,0.85,0.91,0.706,0.3
232,,0.364,0.28,0.454,0.84,0.84,0.9,0.696,0.29
233,,0.354,0.27,0.444,0.83,0.83,0.89,0.686,0.28
234,,0.344,0.26,0.434,0.82,0.82,0.88,0.676,0.27
235,,0.334,0.25,0.424,0.81,0.81,0.87,0.666,0.26
236,,0.324,0.24,0.414,0.8,0.8,0.86,0.656,0.25
237,,0.314,0.23,0.404,0.79,0.79,0.85,0.646,0.24
238,,0.304,0.22,0.394,0.78,0.78,0.84,0.636,0.23
239,,0.294,0.21,0.384,0.77,0.77,0.83,0.626,0.22
240,,0.284,0.2,0.374,0.76,0.76,0.82,0.616,0.21
241,,0.274,0.19,0.364,0.75,0.75,0.81,0.606,0.2
242,,0.264,0.18,0.354,0.74,0.74,0.8,0.596,0.19
243,,0.254,0.17,0.344,0.73,0.73,0.79,0.586,0.18
244,,0.244,0.16,0.334,0.72,0.72,0.78,0.576,0.17
245,,0.234,0.15,0.324,0.71,0.71,0.77,0.566,0.16
246,,0.224,0.14,0.314,0.7,0.7,0.76,0.556,0.15
247,,0.214,0.13,0.304,0.69,0.69,0.75,0.546,0.14
248,,0.204,0.12,0.294,0.68,0.68,0.74,0.536,0.13
249,,0.194,0.11,0.284,0.67,0.67,0.73,0.526,0.12
250,,0.184,0.1,0.274,0.66,0.66,0.72,0.516,0.11
251,,0.174,0.09,0.264,0.65,0.65,0.71,0.506,0.1
252,,0.164,0.08,0.254,0.64,0.64,0.7,0.496,0.09
253,,0.154,0.07,0.244,0.63,0.63,0.69,0.486,0.08
254,,0.144,0.06,0.234,0.62,0.62,0.68,0.476,0.07
255,,0.134,0.05,0.224,0.61,0.61,0.67,0.466,0.06
256,,0.124,0.04,0.214,0.6,0.6,0.66,0.456,0.05
257,,0.114,0.03,0.204,0.59,0.59,0.65,0.446,0.04
258,,0.104,0.02,0.194,0.58,0.58,0.64,0.436,0.03
259,,0.094,0.01,0.184,0.57,0.57,0.63,0.426,0.02
260,,0.084,0.0,0.174,0.56,0.56,0.62,0.416,0.01
261,,0.074,-0.01,0.164,0.55,0.55,0.61,0.406,0.0
262,2,0.447,0.99,0.537,0.64,0.357,0.3,0.213,0.09
263,2,0.82,1.0,0.91,0.73,0.164,-0.01,0.02,0.18
264,6,0.627,0.69,0.717,0.82,0.537,0.99,0.393,0.27
265,6,0.434,0.38,0.524,0.91,0.91,1.0,0.766,0.36
266,,0.424,0.37,0.514,0.9,0.9,0.99,0.756,0.35
267,,0.414,0.36,0.504,0.89,0.89,0.98,0.746,0.34
268,,0.404,0.35,0.494,0.88,0.88,0.97,0.736,0.33
269,,0.394,0.34,0.484,0.87,0.87,0.96,0.726,0.32
270,,0.384,0.33,0.474,0.86,0.86,0.95,0.716,0.31
271,,0.374,0.32,0.464,0.85,0.85,0.94,0.706,0.3
272,,0.364,0.31,0.454,0.84,0.84,0.93,0.696,0.29
273,,0.354,0.3,0.444,0.83,0.83,0.92,0.686,0.28
274,,0.344,0.29,0.434,0.82,0.82,0.91,0.676,0.27
275,,0.334,0.28,0.424,0.81,0.81,0.9,0.666,0.26
276,,0.324,0.27,0.414,0.8,0.8,0.89,0.656,0.25
277,,0.314,0.26,0.404,0.79,0.79,0.88,0.646,0.24
278,,0.304,0.25,0.394,0.78,0.78,0.87,0.636,0.23
279,,0.294,0.24,0.384,0.77,0.77,0.86,0.626,0.22
280,,0.284,0.23,0.374,0.76,0.76,0.85,0.616,0.21
281,,0.274,0.22,0.364,0.75,0.75,0.84,0.606,0.2
282,,0.264,0.21,0.354,0.74,0.74,0.83,0.596,0.19
283,,0.254,0.2,0.344,0.73,0.73,0.82,0.586,0.18
284,,0.244,0.19,0.334,0.72,0.72,0.81,0.576,0.17
285,,0.234,0.18,0.324,0.71,0.71,0.8,0.566,0.16
286,,0.224,0.17,0.314,0.7,0.7,0.79,0.556,0.15
287,,0.214,0.16,0.304,0.69,0.69,0.78,0.546,0.14
288,,0.204,0.15,0.294,0.68,0.68,0.77,0.536,0.13
289,,0.194,0.14,0.284,0.67,0.67,0.76,0.526,0.12
290,,0.184,0.13,0.274,0.66,0.66,0.75,0.516,0.11
291,,0.174,0.12,0.264,0.65,0.65,0.74,0.506,0.1
292,,0.164,0.11,0.254,0.64,0.64,0.73,0.496,0.09
293,,0.154,0.1,0.244,0.63,0.63,0.72,0.486,0.08
294,,0.144,0.09,0.234,0.62,0.62,0.71,0.476,0.07
295,,0.134,0.08,0.224,0.61,0.61,0.7,0.466,0.06
296,,0.124,0.07,0.214,0.6,0.6,0.69,0.456,0.05
297,,0.114,0.06,0.204,0.59,0.59,0.68,0.446,0.04
298,,0.104,0.05,0.194,0.58,0.58,0.67,0.436,0.03
299,,0.094,0.04,0.184,0.57,0.57,0.66,0.426,0.02
300,,0.084,0.03,0.174,0.56,0.56,0.65,0.416,0.01
301,,0.074,0.02,0.164,0.55,0.55,0.64,0.406,0.0
302,,0.064,0.01,0.154,0.54,0.54,0.63,0.396,-0.01
303,8,0.437,0.1,-0.039,0.23,0.347,0.72,0.769,0.99
304,8,0.81,0.19,-0.232,-0.08,0.154,0.81,1.0,1.0
305,3,0.9,0.563,0.768,0.293,0.244,0.617,0.69,0.807
306,3,0.99,0.936,1.0,0.666,0.334,0.424,0.38,0.614
307,,0.98,0.926,0.99,0.656,0.324,0.414,0.37,0.604
308,,0.97,0.916,0.98,0.646,0.314,0.404,0.36,0.594
309,,0.96,0.906,0.97,0.636,0.304,0.394,0.35,0.584
310,,0.95,0.896,0.96,0.626,0.294,0.384,0.34,0.574
311,,0.94,0.886,0.95,0.616,0.284,0.374,0.33,0.564
312,,0.93,0.876,0.94,0.606,0.274,0.364,0.32,0.554
313,,0.92,0.866,0.93,0.596,0.264,0.354,0.31,0.544
314,,0.91,0.856,0.92,0.586,0.254,0.344,0.3,0.534
315,,0.9,0.846,0.91,0.576,0.244,0.334,0.29,0.524
316,,0.89,0.836,0.9,0.566,0.234,0.324,0.28,0.514
317,,0.88,0.826,0.89,0.556,0.224,0.314,0.27,0.504
318,,0.87,0.816,0.88,0.546,0.214,0.304,0.26,0.494
319,,0.86,0.806,0.87,0.536,0.204,0.294,0.25,0.484
320,,0.85,0.796,0.86,0.526,0.194,0.284,0.24,0.474
321,,0.84,0.786,0.85,0.516,0.184,0.274,0.23,0.464
322,,0.83,0.776,0.84,0.506,0.174,0.264,0.22,0.454
323,,0.82,0.766,0.83,0.496,0.164,0.254,0.21,0.444
324,,0.81,0.756,0.82,0.486,0.154,0.244,0.2,0.434
325,,0.8,0.746,0.81,0.476,0.144,0.234,0.19,0.424
326,,0.79,0.736,0.8,0.466,0.134,0.224,0.18,0.414
327,,0.78,0.726,0.79,0.456,0.124,0.214,0.17,0.404
328,,0.77,0.716,0.78,0.446,0.114,0.204,0.16,0.394
329,,0.76,0.706,0.77,0.436,0.104,0.194,0.15,0.384
330,,0.75,0.696,0.76,0.426,0.094,0.184,0.14,0.374
331,,0.74,0.686,0.75,0.416,0.084,0.174,0.13,0.364
332,,0.73,0.676,0.74,0.406,0.074,0.164,0.12,0.354
333,,0.72,0.666,0.73,0.396,0.064,0.154,0.11,0.344
334,,0.71,0.656,0.72,0.386,0.054,0.144,0.1,0.334
335,,0.7,0.646,0.71,0.376,0.044,0.134,0.09,0.324
336,,0.69,0.636,0.7,0.366,0.034,0.124,0.08,0.314
337,,0.68,0.626,0.69,0.356,0.024,0.114,0.07,0.304
338,,0.67,0.616,0.68,0.346,0.014,0.104,0.06,0.294
339,,0.66,0.606,0.67,0.336,0.004,0.094,0.05,0.284
340,,0.65,0.596,0.66,0.326,-0.006,0.084,0.04,0.274
341,5,0.34,0.403,0.75,0.699,0.994,0.457,0.13,0.081
342,5,0.03,0.21,0.84,1.0,1.0,0.83,0.22,-0.112
343,8,0.403,0.3,0.647,0.69,0.807,0.92,0.593,0.888
344,8,0.776,0.39,0.454,0.38,0.614,1.0,0.966,1.0
345,,0.766,0.38,0.444,0.37,0.604,0.99,0.956,0.99
346,,0.756,0.37,0.434,0.36,0.594,0.98,0.946,0.98
347,,0.746,0.36,0.424,0.35,0.584,0.97,0.936,0.97
348,,0.736,0.35,0.414,0.34,0.574,0.96,0.926,0.96
349,,0.726,0.34,0.404,0.33,0.564,0.95,0.916,0.95
350,,0.716,0.33,0.394,0.32,0.554,0.94,0.906,0.94
351,,0.706,0.32,0.384,0.31,0.544,0.93,0.896,0.93
352,,0.696,0.31,0.374,0.3,0.534,0.92,0.886,0.92
353,,0.686,0.3,0.364,0.29,0.524,0.91,0.876,0.91
354,,0.676,0.29,0.354,0.28,0.514,0.9,0.866,0.9
355,,0.666,0.28,0.344,0.27,0.504,0.89,0.856,0.89
356,,0.656,0.27,0.334,0.26,0.494,0.88,0.846,0.88
357,,0.646,0.26,0.324,0.25,0.484,0.87,0.836,0.87
358,,0.636,0.25,0.314,0.24,0.474,0.86,0.826,0.86
359,,0.626,0.24,0.304,0.23,0.464,0.85,0.816,0.85
360,,0.616,0.23,0.294,0.22,0.454,0.84,0.806,0.84
361,,0.606,0.22,0.284,0.21,0.444,0.83,0.796,0.83
362,,0.596,0.21,0.274,0.2,0.434,0.82,0.786,0.82
363,,0.586,0.2,0.264,0.19,0.424,0.81,0.776,0.81
364,,0.576,0.19,0.254,0.18,0.414,0.8,0.766,0.8
365,,0.566,0.18,0.244,0.17,0.404,0.79,0.756,0.79
366,,0.556,0.17,0.234,0.16,0.394,0.78,0.746,0.78
367,,0.546,0.16,0.224,0.15,0.384,0.77,0.736,0.77
368,,0.536,0.15,0.214,0.14,0.374,0.76,0.726,0.76
369,,0.526,0.14,0.204,0.13,0.364,0.75,0.716,0.75
370,,0.516,0.13,0.194,0.12,0.354,0.74,0.706,0.74
371,,0.506,0.12,0.184,0.11,0.344,0.73,0.696,0.73
372,,0.496,0.11,0.174,0.1,0.334,0.72,0.686,0.72
373,,0.486,0.1,0.164,0.09,0.324,0.71,0.676,0.71
374,,0.476,0.09,0.154,0.08,0.314,0.7,0.666,0.7
375,,0.466,0.08,0.144,0.07,0.304,0.69,0.656,0.69
376,,0.456,0.07,0.134,0.06,0.294,0.68,0.646,0.68
377,,0.446,0.06,0.124,0.05,0.284,0.67,0.636,0.67
378,,0.436,0.05,0.114,0.04,0.274,0.66,0.626,0.66
379,,0.426,0.04,0.104,0.03,0.264,0.65,0.616,0.65
380,,0.416,0.03,0.094,0.02,0.254,0.64,0.606,0.64
381,,0.406,0.02,0.084,0.01,0.244,0.63,0.596,0.63
382,,0.396,0.01,0.074,0.0,0.234,0.62,0.586,0.62
383,,0.386,0.0,0.064,-0.01,0.224,0.61,0.576,0.61
384,4,0.193,0.09,0.437,0.99,0.597,0.7,0.383,0.3
385,4,0.0,0.18,0.81,1.0,0.97,0.79,0.19,-0.01
386,8,0.373,0.27,0.617,0.69,0.777,0.88,0.563,0.99
387,8,0.746,0.36,0.424,0.38,0.584,0.97,0.936,1.0
388,,0.736,0.35,0.414,0.37,0.574,0.96,0.926,0.99
389,,0.726,0.34,0.404,0.36,0.564,0.95,0.916,0.98
390,,0.716,0.33,0.394,0.35,0.554,0.94,0.906,0.97
391,,0.706,0.32,0.384,0.34,0.544,0.93,0.896,0.96
392,,0.696,0.31,0.374,0.33,0.534,0.92,0.886,0.95
393,,0.686,0.3,0.364,0.32,0.524,0.91,0.876,0.94
394,,0.676,0.29,0.354,0.31,0.514,0.9,0.866,0.93
395,,0.666,0.28,0.344,0.3,0.504,0.89,0.856,0.92
396,,0.656,0.27,0.334,0.29,0.494,0.88,0.846,0.91
397,,0.646,0.26,0.324,0.28,0.484,0.87,0.836,0.9
398,,0.636,0.25,0.314,0.27,0.474,0.86,0.826,0.89
399,,0.626,0.24,0.304,0.26,0.464,0.85,0.816,0.88
400,,0.616,0.23,0.294,0.25,0.454,0.84,0.806,0.87
401,,0.606,0.22,0.284,0.24,0.444,0.83,0.796,0.86
402,,0.596,0.21,0.274,0.23,0.434,0.82,0.786,0.85
403,,0.586,0.2,0.264,0.22,0.424,0.81,0.776,0.84
404,,0.576,0.19,0.254,0.21,0.414,0.8,0.766,0.83
405,,0.566,0.18,0.244,0.2,0.404,0.79,0.756,0.82
406,,0.556,0.17,0.234,0.19,0.394,0.78,0.746,0.81
407,,0.546,0.16,0.224,0.18,0.384,0.77,0.736,0.8
408,,0.536,0.15,0.214,0.17,0.374,0.76,0.726,0.79
409,,0.526,0.14,0.204,0.16,0.364,0.75,0.716,0.78
410,,0.516,0.13,0.194,0.15,0.354,0.74,0.706,0.77
411,,0.506,0.12,0.184,0.14,0.344,0.73,0.696,0.76
412,,0.496,0.11,0.174,0.13,0.334,0.72,0.686,0.75
413,,0.486,0.1,0.164,0.12,0.324,0.71,0.676,0.74
414,,0.476,0.09,0.154,0.11,0.314,0.7,0.666,0.73
415,,0.466,0.08,0.144,0.1,0.304,0.69,0.656,0.72
416,,0.456,0.07,0.134,0.09,0.294,0.68,0.646,0.71
417,,0.446,0.06,0.124,0.08,0.284,0.67,0.636,0.7
418,,0.436,0.05,0.114,0.07,0.274,0.66,0.626,0.69
419,,0.426,0.04,0.104,0.06,0.264,0.65,0.616,0.68
420,,0.416,0.03,0.094,0.05,0.254,0.64,0.606,0.67
421,,0.406,0.02,0.084,0.04,0.244,0.63,0.596,0.66
422,,0.396,0.01,0.074,0.03,0.234,0.62,0.586,0.65
423,,0.386,0.0,0.064,0.02,0.224,0.61,0.576,0.64
424,,0.376,-0.01,0.054,0.01,0.214,0.6,0.566,0.63
425,2,0.749,0.99,0.427,0.1,0.021,0.29,0.373,0.72
426,2,1.0,1.0,0.8,0.19,-0.172,-0.02,0.18,0.81
427,5,0.69,0.807,0.89,0.563,0.828,0.353,0.27,0.617
428,5,0.38,0.614,0.98,0.936,1.0,0.726,0.36,0.424
429,,0.37,0.604,0.97,0.926,0.99,0.716,0.35,0.414
430,,0.36,0.594,0.96,0.916,0.98,0.706,0.34,0.404
431,,0.35,0.584,0.95,0.906,0.97,0.696,0.33,0.394
432,,0.34,0.574,0.94,0.896,0.96,0.686,0.32,0.384
433,,0.33,0.564,0.93,0.886,0.95,0.676,0.31,0.374
434,,0.32,0.554,0.92,0.876,0.94,0.666,0.3,0.364
435,,0.31,0.544,0.91,0.866,0.93,0.656,0.29,0.354
436,,0.3,0.534,0.9,0.856,0.92,0.646,0.28,0.344
437,,0.29,0.524,0.89,0.846,0.91,0.636,0.27,0.334
438,,0.28,0.514,0.88,0.836,0.9,0.626,0.26,0.324
439,,0.27,0.504,0.87,0.826,0.89,0.616,0.25,0.314
440,,0.26,0.494,0.86,0.816,0.88,0.606,0.24,0.304
441,,0.25,0.484,0.85,0.806,0.87,0.596,0.23,0.294
442,,0.24,0.474,0.84,0.796,0.86,0.586,0.22,0.284
443,,0.23,0.464,0.83,0.786,0.85,0.576,0.21,0.274
444,,0.22,0.454,0.82,0.776,0.84,0.566,0.2,0.264
445,,0.21,0.444,0.81,0.766,0.83,0.556,0.19,0.254
446,,0.2,0.434,0.8,0.756,0.82,0.546,0.18,0.244
447,,0.19,0.424,0.79,0.746,0.81,0.536,0.17,0.234
448,,0.18,0.414,0.78,0.736,0.8,0.526,0.16,0.224
449,,0.17,0.404,0.77,0.726,0.79,0.516,0.15,0.214
450,,0.16,0.394,0.76,0.716,0.78,0.506,0.14,0.204
451,,0.15,0.384,0.75,0.706,0.77,0.496,0.13,0.194
452,,0.14,0.374,0.74,0.696,0.76,0.486,0.12,0.184
453,,0.13,0.364,0.73,0.686,0.75,0.476,0.11,0.174
454,,0.12,0.354,0.72,0.676,0.74,0.466,0.1,0.164
455,,0.11,0.344,0.71,0.666,0.73,0.456,0.09,0.154
456,,0.1,0.334,0.7,0.656,0.72,0.446,0.08,0.144
457,,0.09,0.324,0.69,0.646,0.71,0.436,0.07,0.134
458,,0.08,0.314,0.68,0.636,0.7,0.426,0.06,0.124
459,,0.07,0.304,0.67,0.626,0.69,0.416,0.05,0.114
460,,0.06,0.294,0.66,0.616,0.68,0.406,0.04,0.104
461,,0.05,0.284,0.65,0.606,0.67,0.396,0.03,0.094
462,,0.04,0.274,0.64,0.596,0.66,0.386,0.02,0.084
463,,0.03,0.264,0.63,0.586,0.65,0.376,0.01,0.074
464,,0.02,0.254,0.62,0.576,0.64,0.366,0.0,0.064
465,,0.01,0.244,0.61,0.566,0.63,0.356,-0.01,0.054
466,7,0.1,0.051,0.3,0.373,0.72,0.729,0.99,0.427
467,7,0.19,-0.142,-0.01,0.18,0.81,1.0,1.0,0.8
468,2,0.563,0.858,0.363,0.27,0.617,0.69,0.807,0.89
469,2,0.936,1.0,0.736,0.36,0.424,0.38,0.614,0.98
470,,0.926,0.99,0.726,0.35,0.414,0.37,0.604,0.97
471,,0.916,0.98,0.716,0.34,0.404,0.36,0.594,0.96
472,,0.906,0.97,0.706,0.33,0.394,0.35,0.584,0.95
473,,0.896,0.96,0.696,0.32,0.384,0.34,0.574,0.94
474,,0.886,0.95,0.686,0.31,0.374,0.33,0.564,0.93
475,,0.876,0.94,0.676,0.3,0.364,0.32,0.554,0.92
476,,0.866,0.93,0.666,0.29,0.354,0.31,0.544,0.91
477,,0.856,0.92,0.656,0.28,0.344,0.3,0.534,0.9
478,,0.846,0.91,0.646,0.27,0.334,0.29,0.524,0.89
479,,0.836,0.9,0.636,0.26,0.324,0.28,0.514,0.88
480,,0.826,0.89,0.626,0.25,0.314,0.27,0.504,0.87
481,,0.816,0.88,0.616,0.24,0.304,0.26,0.494,0.86
482,,0.806,0.87,0.606,0.23,0.294,0.25,0.484,0.85
483,,0.796,0.86,0.596,0.22,0.284,0.24,0.474,0.84
484,,0.786,0.85,0.586,0.21,0.274,0.23,0.464,0.83
485,,0.776,0.84,0.576,0.2,0.264,0.22,0.454,0.82
486,,0.766,0.83,0.566,0.19,0.254,0.21,0.444,0.81
487,,0.756,0.82,0.556,0.18,0.244,0.2,0.434,0.8
488,,0.746,0.81,0.546,0.17,0.234,0.19,0.424,0.79
489,,0.736,0.8,0.536,0.16,0.224,0.18,0.414,0.78
490,,0.726,0.79,0.526,0.15,0.214,0.17,0.404,0.77
491,,0.716,0.78,0.516,0.14,0.204,0.16,0.394,0.76
492,,0.706,0.77,0.506,0.13,0.194,0.15,0.384,0.75
493,,0.696,0.76,0.496,0.12,0.184,0.14,0.374,0.74
494,,0.686,0.75,0.486,0.11,0.174,0.13,0.364,0.73
495,,0.676,0.74,0.476,0.1,0.164,0.12,0.354,0.72
496,,0.666,0.73,0.466,0.09,0.154,0.11,0.344,0.71
497,,0.656,0.72,0.456,0.08,0.144,0.1,0.334,0.7
498,,0.646,0.71,0.446,0.07,0.134,0.09,0.324,0.69
499,,0.636,0.7,0.436,0.06,0.124,0.08,0.314,0.68
500,,0.626,0.69,0.426,0.05,0.114,0.07,0.304,0.67
501,,0.616,0.68,0.416,0.04,0.104,0.06,0.294,0.66
502,,0.606,0.67,0.406,0.03,0.094,0.05,0.284,0.65
503,,0.596,0.66,0.396,0.02,0.084,0.04,0.274,0.64
504,,0.586,0.65,0.386,0.01,0.074,0.03,0.264,0.63
505,,0.576,0.64,0.376,0.0,0.064,0.02,0.254,0.62
506,,0.566,0.63,0.366,-0.01,0.054,0.01,0.244,0.61
507,4,0.373,0.72,0.739,0.99,0.427,0.1,0.051,0.3
508,4,0.18,0.81,1.0,1.0,0.8,0.19,-0.142,-0.01
509,7,0.27,0.617,0.69,0.807,0.89,0.563,0.858,0.363
510,7,0.36,0.424,0.38,0.614,0.98,0.936,1.0,0.736
511,,0.35,0.414,0.37,0.604,0.97,0.926,0.99,0.726
512,,0.34,0.404,0.36,0.594,0.96,0.916,0.98,0.716
513,,0.33,0.394,0.35,0.584,0.95,0.906,0.97,0.706
514,,0.32,0.384,0.34,0.574,0.94,0.896,0.96,0.696
515,,0.31,0.374,0.33,0.564,0.93,0.886,0.95,0.686
516,,0.3,0.364,0.32,0.554,0.92,0.876,0.94,0.676
517,,0.29,0.354,0.31,0.544,0.91,0.866,0.93,0.666
518,,0.28,0.344,0.3,0.534,0.9,0.856,0.92,0.656
519,,0.27,0.334,0.29,0.524,0.89,0.846,0.91,0.646
520,,0.26,0.324,0.28,0.514,0.88,0.836,0.9,0.636
521,,0.25,0.314,0.27,0.504,0.87,0.826,0.89,0.626
522,,0.24,0.304,0.26,0.494,0.86,0.816,0.88,0.616
523,,0.23,0.294,0.25,0.484,0.85,0.806,0.87,0.606
524,,0.22,0.284,0.24,0.474,0.84,0.796,0.86,0.596
525,,0.21,0.274,0.23,0.464,0.83,0.786,0.85,0.586
526,,0.2,0.264,0.22,0.454,0.82,0.776,0.84,0.576
527,,0.19,0.254,0.21,0.444,0.81,0.766,0.83,0.566
528,,0.18,0.244,0.2,0.434,0.8,0.756,0.82,0.556
529,,0.17,0.234,0.19,0.424,0.79,0.746,0.81,0.546
530,,0.16,0.224,0.18,0.414,0.78,0.736,0.8,0.536
531,,0.15,0.214,0.17,0.404,0.77,0.726,0.79,0.526
532,,0.14,0.204,0.16,0.394,0.76,0.716,0.78,0.516
533,,0.13,0.194,0.15,0.384,0.75,0.706,0.77,0.506
534,,0.12,0.184,0.14,0.374,0.74,0.696,0.76,0.496
535,,0.11,0.174,0.13,0.364,0.73,0.686,0.75,0.486
536,,0.1,0.164,0.12,0.354,0.72,0.676,0.74,0.476
537,,0.09,0.154,0.11,0.344,0.71,0.666,0.73,0.466
538,,0.08,0.144,0.1,0.334,0.7,0.656,0.72,0.456
539,,0.07,0.134,0.09,0.324,0.69,0.646,0.71,0.446
540,,0.06,0.124,0.08,0.314,0.68,0.636,0.7,0.436
541,,0.05,0.114,0.07,0.304,0.67,0.626,0.69,0.426
542,,0.04,0.104,0.06,0.294,0.66,0.616,0.68,0.416
543,,0.03,0.094,0.05,0.284,0.65,0.606,0.67,0.406
544,,0.02,0.084,0.04,0.274,0.64,0.596,0.66,0.396
545,,0.01,0.074,0.03,0.264,0.63,0.586,0.65,0.386
546,,0.0,0.064,0.02,0.254,0.62,0.576,0.64,0.376
547,,-0.01,0.054,0.01,0.244,0.61,0.566,0.63,0.366
548,1,0.99,0.427,0.1,0.051,0.3,0.373,0.72,0.739
549,1,1.0,0.8,0.19,-0.142,-0.01,0.18,0.81,1.0
550,4,0.807,0.89,0.563,0.858,0.363,0.27,0.617,0.69
551,4,0.614,0.98,0.936,1.0,0.736,0.36,0.424,0.38
552,,0.604,0.97,0.926,0.99,0.726,0.35,0.414,0.37
553,,0.594,0.96,0.916,0.98,0.716,0.34,0.404,0.36
554,,0.584,0.95,0.906,0.97,0.706,0.33,0.394,0.35
555,,0.574,0.94,0.896,0.96,0.696,0.32,0.384,0.34
556,,0.564,0.93,0.886,0.95,0.686,0.31,0.374,0.33
557,,0.554,0.92,0.876,0.94,0.676,0.3,0.364,0.32
558,,0.544,0.91,0.866,0.93,0.666,0.29,0.354,0.31
559,,0.534,0.9,0.856,0.92,0.656,0.28,0.344,0.3
560,,0.524,0.89,0.846,0.91,0.646,0.27,0.334,0.29
561,,0.514,0.88,0.836,0.9,0.636,0.26,0.324,0.28
562,,0.504,0.87,0.826,0.89,0.626,0.25,0.314,0.27
563,,0.494,0.86,0.816,0.88,0.616,0.24,0.304,0.26
564,,0.484,0.85,0.806,0.87,0.606,0.23,0.294,0.25
565,,0.474,0.84,0.796,0.86,0.596,0.22,0.284,0.24
566,,0.464,0.83,0.786,0.85,0.586,0.21,0.274,0.23
567,,0.454,0.82,0.776,0.84,0.576,0.2,0.264,0.22
568,,0.444,0.81,0.766,0.83,0.566,0.19,0.254,0.21
569,,0.434,0.8,0.756,0.82,0.556,0.18,0.244,0.2
570,,0.424,0.79,0.746,0.81,0.546,0.17,0.234,0.19
571,,0.414,0.78,0.736,0.8,0.536,0.16,0.224,0.18
572,,0.404,0.77,0.726,0.79,0.526,0.15,0.214,0.17
573,,0.394,0.76,0.716,0.78,0.516,0.14,0.204,0.16
574,,0.384,0.75,0.706,0.77,0.506,0.13,0.194,0.15
575,,0.374,0.74,0.696,0.76,0.496,0.12,0.184,0.14
576,,0.364,0.73,0.686,0.75,0.486,0.11,0.174,0.13
577,,0.354,0.72,0.676,0.74,0.476,0.1,0.164,0.12
578,,0.344,0.71,0.666,0.73,0.466,0.09,0.154,0.11
579,,0.334,0.7,0.656,0.72,0.456,0.08,0.144,0.1
580,,0.324,0.69,0.646,0.71,0.446,0.07,0.134,0.09
581,,0.314,0.68,0.636,0.7,0.436,0.06,0.124,0.08
582,,0.304,0.67,0.626,0.69,0.426,0.05,0.114,0.07
583,,0.294,0.66,0.616,0.68,0.416,0.04,0.104,0.06
584,,0.284,0.65,0.606,0.67,0.406,0.03,0.094,0.05
585,,0.274,0.64,0.596,0.66,0.396,0.02,0.084,0.04
586,,0.264,0.63,0.586,0.65,0.386,0.01,0.074,0.03
587,,0.254,0.62,0.576,0.64,0.376,0.0,0.064,0.02
588,,0.244,0.61,0.566,0.63,0.366,-0.01,0.054,0.01
589,6,0.051,0.3,0.373,0.72,0.739,0.99,0.427,0.1
590,6,-0.142,-0.01,0.18,0.81,1.0,1.0,0.8,0.19
591,1,0.858,0.363,0.27,0.617,0.69,0.807,0.89,0.563
592,1,1.0,0.736,0.36,0.424,0.38,0.614,0.98,0.936
593,,0.99,0.726,0.35,0.414,0.37,0.604,0.97,0.926
594,,0.98,0.716,0.34,0.404,0.36,0.594,0.96,0.916
595,,0.97,0.706,0.33,0.394,0.35,0.584,0.95,0.906
596,,0.96,0.696,0.32,0.384,0.34,0.574,0.94,0.896
597,,0.95,0.686,0.31,0.374,0.33,0.564,0.93,0.886
598,,0.94,0.676,0.3,0.364,0.32,0.554,0.92,0.876
599,,0.93,0.666,0.29,0.354,0.31,0.544,0.91,0.866
600,,0.92,0.656,0.28,0.344,0.3,0.534,0.9,0.856
601,,0.91,0.646,0.27,0.334,0.29,0.524,0.89,0.846
602,,0.9,0.636,0.26,0.324,0.28,0.514,0.88,0.836
603,,0.89,0.626,0.25,0.314,0.27,0.504,0.87,0.826
604,,0.88,0.616,0.24,0.304,0.26,0.494,0.86,0.816
605,,0.87,0.606,0.23,0.294,0.25,0.484,0.85,0.806
606,,0.86,0.596,0.22,0.284,0.24,0.474,0.84,0.796
607,,0.85,0.586,0.21,0.274,0.23,0.464,0.83,0.786
608,,0.84,0.576,0.2,0.264,0.22,0.454,0.82,0.776
609,,0.83,0.566,0.19,0.254,0.21,0.444,0.81,0.766
610,,0.82,0.556,0.18,0.244,0.2,0.434,0.8,0.756
611,,0.81,0.546,0.17,0.234,0.19,0.424,0.79,0.746
612,,0.8,0.536,0.16,0.224,0.18,0.414,0.78,0.736
613,,0.79,0.526,0.15,0.214,0.17,0.404,0.77,0.726
614,,0.78,0.516,0.14,0.204,0.16,0.394,0.76,0.716
615,,0.77,0.506,0.13,0.194,0.15,0.384,0.75,0.706
616,,0.76,0.496,0.12,0.184,0.14,0.374,0.74,0.696
617,,0.75,0.486,0.11,0.174,0.13,0.364,0.73,0.686
618,,0.74,0.476,0.1,0.164,0.12,0.354,0.72,0.676
619,,0.73,0.466,0.09,0.154,0.11,0.344,0.71,0.666
620,,0.72,0.456,0.08,0.144,0.1,0.334,0.7,0.656
621,,0.71,0.446,0.07,0.134,0.09,0.324,0.69,0.646
622,,0.7,0.436,0.06,0.124,0.08,0.314,0.68,0.636
623,,0.69,0.426,0.05,0.114,0.07,0.304,0.67,0.626
624,,0.68,0.416,0.04,0.104,0.06,0.294,0.66,0.616
625,,0.67,0.406,0.03,0.094,0.05,0.284,0.65,0.606
626,,0.66,0.396,0.02,0.084,0.04,0.274,0.64,0.596
627,,0.65,0.386,0.01,0.074,0.03,0.264,0.63,0.586
628,,0.64,0.376,0.0,0.064,0.02,0.254,0.62,0.576
629,,0.63,0.366,-0.01,0.054,0.01,0.244,0.61,0.566
630,3,0.72,0.739,0.99,0.427,0.1,0.051,0.3,0.373
631,3,0.81,1.0,1.0,0.8,0.19,-0.142,-0.01,0.18
632,6,0.617,0.69,0.807,0.89,0.563,0.858,0.363,0.27
633,6,0.424,0.38,0.614,0.98,0.936,1.0,0.736,0.36
634,,0.414,0.37,0.604,0.97,0.926,0.99,0.726,0.35
635,,0.404,0.36,0.594,0.96,0.916,0.98,0.716,0.34
636,,0.394,0.35,0.584,0.95,0.906,0.97,0.706,0.33
637,,0.384,0.34,0.574,0.94,0.896,0.96,0.696,0.32
638,,0.374,0.33,0.564,0.93,0.886,0.95,0.686,0.31
639,,0.364,0.32,0.554,0.92,0.876,0.94,0.676,0.3
640,,0.354,0.31,0.544,0.91,0.866,0.93,0.666,0.29
641,,0.344,0.3,0.534,0.9,0.856,0.92,0.656,0.28
642,,0.334,0.29,0.524,0.89,0.846,0.91,0.646,0.27
643,,0.324,0.28,0.514,0.88,0.836,0.9,0.636,0.26
644,,0.314,0.27,0.504,0.87,0.826,0.89,0.626,0.25
645,,0.304,0.26,0.494,0.86,0.816,0.88,0.616,0.24
646,,0.294,0.25,0.484,0.85,0.806,0.87,0.606,0.23
647,,0.284,0.24,0.474,0.84,0.796,0.86,0.596,0.22
648,,0.274,0.23,0.464,0.83,0.786,0.85,0.586,0.21
649,,0.264,0.22,0.454,0.82,0.776,0.84,0.576,0.2
650,,0.254,0.21,0.444,0.81,0.766,0.83,0.566,0.19
651,,0.244,0.2,0.434,0.8,0.756,0.82,0.556,0.18
652,,0.234,0.19,0.424,0.79,0.746,0.81,0.546,0.17
653,,0.224,0.18,0.414,0.78,0.736,0.8,0.536,0.16
654,,0.214,0.17,0.404,0.77,0.726,0.79,0.526,0.15
655,,0.204,0.16,0.394,0.76,0.716,0.78,0.516,0.14
656,,0.194,0.15,0.384,0.75,0.706,0.77,0.506,0.13
657,,0.184,0.14,0.374,0.74,0.696,0.76,0.496,0.12
658,,0.174,0.13,0.364,0.73,0.686,0.75,0.486,0.11
659,,0.164,0.12,0.354,0.72,0.676,0.74,0.476,0.1
660,,0.154,0.11,0.344,0.71,0.666,0.73,0.466,0.09
661,,0.144,0.1,0.334,0.7,0.656,0.72,0.456,0.08
662,,0.134,0.09,0.324,0.69,0.646,0.71,0.446,0.07
663,,0.124,0.08,0.314,0.68,0.636,0.7,0.436,0.06
664,,0.114,0.07,0.304,0.67,0.626,0.69,0.426,0.05
665,,0.104,0.06,0.294,0.66,0.616,0.68,0.416,0.04
666,,0.094,0.05,0.284,0.65,0.606,0.67,0.406,0.03
667,,0.084,0.04,0.274,0.64,0.596,0.66,0.396,0.02
668,,0.074,0.03,0.264,0.63,0.586,0.65,0.386,0.01
669,,0.064,0.02,0.254,0.62,0.576,0.64,0.376,0.0
670,,0.054,0.01,0.244,0.61,0.566,0.63,0.366,-0.01
671,8,0.427,0.1,0.051,0.3,0.373,0.72,0.739,0.99
672,8,0.8,0.19,-0.142,-0.01,0.18,0.81,1.0,1.0
673,3,0.89,0.563,0.858,0.363,0.27,0.617,0.69,0.807
674,3,0.98,0.936,1.0,0.736,0.36,0.424,0.38,0.614
675,,0.97,0.926,0.99,0.726,0.35,0.414,0.37,0.604
676,,0.96,0.916,0.98,0.716,0.34,0.404,0.36,0.594
677,,0.95,0.906,0.97,0.706,0.33,0.394,0.35,0.584
678,,0.94,0.896,0.96,0.696,0.32,0.384,0.34,0.574
679,,0.93,0.886,0.95,0.686,0.31,0.374,0.33,0.564
680,,0.92,0.876,0.94,0.676,0.3,0.364,0.32,0.554
681,,0.91,0.866,0.93,0.666,0.29,0.354,0.31,0.544
682,,0.9,0.856,0.92,0.656,0.28,0.344,0.3,0.534
683,,0.89,0.846,0.91,0.646,0.27,0.334,0.29,0.524
684,,0.88,0.836,0.9,0.636,0.26,0.324,0.28,0.514
685,,0.87,0.826,0.89,0.626,0.25,0.314,0.27,0.504
686,,0.86,0.816,0.88,0.616,0.24,0.304,0.26,0.494
687,,0.85,0.806,0.87,0.606,0.23,0.294,0.25,0.484
688,,0.84,0.796,0.86,0.596,0.22,0.284,0.24,0.474
689,,0.83,0.786,0.85,0.586,0.21,0.274,0.23,0.464
690,,0.82,0.776,0.84,0.576,0.2,0.264,0.22,0.454
691,,0.81,0.766,0.83,0.566,0.19,0.254,0.21,0.444
692,,0.8,0.756,0.82,0.556,0.18,0.244,0.2,0.434
693,,0.79,0.746,0.81,0.546,0.17,0.234,0.19,0.424
694,,0.78,0.736,0.8,0.536,0.16,0.224,0.18,0.414
695,,0.77,0.726,0.79,0.526,0.15,0.214,0.17,0.404
696,,0.76,0.716,0.78,0.516,0.14,0.204,0.16,0.394
697,,0.75,0.706,0.77,0.506,0.13,0.194,0.15,0.384
698,,0.74,0.696,0.76,0.496,0.12,0.184,0.14,0.374
699,,0.73,0.686,0.75,0.486,0.11,0.174,0.13,0.364
700,,0.72,0.676,0.74,0.476,0.1,0.164,0.12,0.354
701,,0.71,0.666,0.73,0.466,0.09,0.154,0.11,0.344
702,,0.7,0.656,0.72,0.456,0.08,0.144,0.1,0.334
703,,0.69,0.646,0.71,0.446,0.07,0.134,0.09,0.324
704,,0.68,0.636,0.7,0.436,0.06,0.124,0.08,0.314
705,,0.67,0.626,0.69,0.426,0.05,0.114,0.07,0.304
706,,0.66,0.616,0.68,0.416,0.04,0.104,0.06,0.294
707,,0.65,0.606,0.67,0.406,0.03,0.094,0.05,0.284
708,,0.64,0.596,0.66,0.396,0.02,0.084,0.04,0.274
709,,0.63,0.586,0.65,0.386,0.01,0.074,0.03,0.264
710,,0.62,0.576,0.64,0.376,0.0,0.064,0.02,0.254
711,,0.61,0.566,0.63,0.366,-0.01,0.054,0.01,0.244
712,5,0.3,0.373,0.72,0.739,0.99,0.427,0.1,0.051
713,5,-0.01,0.18,0.81,1.0,1.0,0.8,0.19,-0.142
714,8,0.363,0.27,0.617,0.69,0.807,0.89,0.563,0.858
715,8,0.736,0.36,0.424,0.38,0.614,0.98,0.936,1.0
716,,0.726,0.35,0.414,0.37,0.604,0.97,0.926,0.99
717,,0.716,0.34,0.404,0.36,0.594,0.96,0.916,0.98
718,,0.706,0.33,0.394,0.35,0.584,0.95,0.906,0.97
719,,0.696,0.32,0.384,0.34,0.574,0.94,0.896,0.96
720,,0.686,0.31,0.374,0.33,0.564,0.93,0.886,0.95
721,,0.676,0.3,0.364,0.32,0.554,0.92,0.876,0.94
722,,0.666,0.29,0.354,0.31,0.544,0.91,0.866,0.93
723,,0.656,0.28,0.344,0.3,0.534,0.9,0.856,0.92
724,,0.646,0.27,0.334,0.29,0.524,0.89,0.846,0.91
725,,0.636,0.26,0.324,0.28,0.514,0.88,0.836,0.9
726,,0.626,0.25,0.314,0.27,0.504,0.87,0.826,0.89
727,,0.616,0.24,0.304,0.26,0.494,0.86,0.816,0.88
728,,0.606,0.23,0.294,0.25,0.484,0.85,0.806,0.87
729,,0.596,0.22,0.284,0.24,0.474,0.84,0.796,0.86
730,,0.586,0.21,0.274,0.23,0.464,0.83,0.786,0.85
731,,0.576,0.2,0.264,0.22,0.454,0.82,0.776,0.84
732,,0.566,0.19,0.254,0.21,0.444,0.81,0.766,0.83
733,,0.556,0.18,0.244,0.2,0.434,0.8,0.756,0.82
734,,0.546,0.17,0.234,0.19,0.424,0.79,0.746,0.81
735,,0.536,0.16,0.224,0.18,0.414,0.78,0.736,0.8
736,,0.526,0.15,0.214,0.17,0.404,0.77,0.726,0.79
737,,0.516,0.14,0.204,0.16,0.394,0.76,0.716,0.78
738,,0.506,0.13,0.194,0.15,0.384,0.75,0.706,0.77
739,,0.496,0.12,0.184,0.14,0.374,0.74,0.696,0.76
740,,0.486,0.11,0.174,0.13,0.364,0.73,0.686,0.75
741,,0.476,0.1,0.164,0.12,0.354,0.72,0.676,0.74
742,,0.466,0.09,0.154,0.11,0.344,0.71,0.666,0.73
743,,0.456,0.08,0.144,0.1,0.334,0.7,0.656,0.72
744,,0.446,0.07,0.134,0.09,0.324,0.69,0.646,0.71
745,,0.436,0.06,0.124,0.08,0.314,0.68,0.636,0.7
746,,0.426,0.05,0.114,0.07,0.304,0.67,0.626,0.69
747,,0.416,0.04,0.104,0.06,0.294,0.66,0.616,0.68
748,,0.406,0.03,0.094,0.05,0.284,0.65,0.606,0.67
749,,0.396,0.02,0.084,0.04,0.274,0.64,0.596,0.66
750,,0.386,0.01,0.074,0.03,0.264,0.63,0.586,0.65
751,,0.376,0.0,0.064,0.02,0.254,0.62,0.576,0.64
752,,0.366,-0.01,0.054,0.01,0.244,0.61,0.566,0.63
753,2,0.739,0.99,0.427,0.1,0.051,0.3,0.373,0.72
754,2,1.0,1.0,0.8,0.19,-0.142,-0.01,0.18,0.81
755,5,0.69,0.807,0.89,0.563,0.858,0.363,0.27,0.617
756,5,0.38,0.614,0.98,0.936,1.0,0.736,0.36,0.424
757,,0.37,0.604,0.97,0.926,0.99,0.726,0.35,0.414
758,,0.36,0.594,0.96,0.916,0.98,0.716,0.34,0.404
759,,0.35,0.584,0.95,0.906,0.97,0.706,0.33,0.394
760,,0.34,0.574,0.94,0.896,0.96,0.696,0.32,0.384
761,,0.33,0.564,0.93,0.886,0.95,0.686,0.31,0.374
762,,0.32,0.554,0.92,0.876,0.94,0.676,0.3,0.364
763,,0.31,0.544,0.91,0.866,0.93,0.666,0.29,0.354
764,,0.3,0.534,0.9,0.856,0.92,0.656,0.28,0.344
765,,0.29,0.524,0.89,0.846,0.91,0.646,0.27,0.334
766,,0.28,0.514,0.88,0.836,0.9,0.636,0.26,0.324
767,,0.27,0.504,0.87,0.826,0.89,0.626,0.25,0.314
768,,0.26,0.494,0.86,0.816,0.88,0.616,0.24,0.304
769,,0.25,0.484,0.85,0.806,0.87,0.606,0.23,0.294
770,,0.24,0.474,0.84,0.796,0.86,0.596,0.22,0.284
771,,0.23,0.464,0.83,0.786,0.85,0.586,0.21,0.274
772,,0.22,0.454,0.82,0.776,0.84,0.576,0.2,0.264
773,,0.21,0.444,0.81,0.766,0.83,0.566,0.19,0.254
774,,0.2,0.434,0.8,0.756,0.82,0.556,0.18,0.244
775,,0.19,0.424,0.79,0.746,0.81,0.546,0.17,0.234
776,,0.18,0.414,0.78,0.736,0.8,0.536,0.16,0.224
777,,0.17,0.404,0.77,0.726,0.79,0.526,0.15,0.214
778,,0.16,0.394,0.76,0.716,0.78,0.516,0.14,0.204
779,,0.15,0.384,0.75,0.706,0.77,0.506,0.13,0.194
780,,0.14,0.374,0.74,0.696,0.76,0.496,0.12,0.184
781,,0.13,0.364,0.73,0.686,0.75,0.486,0.11,0.174
782,,0.12,0.354,0.72,0.676,0.74,0.476,0.1,0.164
783,,0.11,0.344,0.71,0.666,0.73,0.466,0.09,0.154
784,,0.1,0.334,0.7,0.656,0.72,0.456,0.08,0.144
785,,0.09,0.324,0.69,0.646,0.71,0.446,0.07,0.134
786,,0.08,0.314,0.68,0.636,0.7,0.436,0.06,0.124
787,,0.07,0.304,0.67,0.626,0.69,0.426,0.05,0.114
788,,0.06,0.294,0.66,0.616,0.68,0.416,0.04,0.104
789,,0.05,0.284,0.65,0.606,0.67,0.406,0.03,0.094
790,,0.04,0.274,0.64,0.596,0.66,0.396,0.02,0.084
791,,0.03,0.264,0.63,0.586,0.65,0.386,0.01,0.074
792,,0.02,0.254,0.62,0.576,0.64,0.376,0.0,0.064
793,,0.01,0.244,0.61,0.566,0.63,0.366,-0.01,0.054
794,7,0.1,0.051,0.3,0.373,0.72,0.739,0.99,0.427
795,7,0.19,-0.142,-0.01,0.18,0.81,1.0,1.0,0.8
796,2,0.563,0.858,0.363,0.27,0.617,0.69,0.807,0.89
797,2,0.936,1.0,0.736,0.36,0.424,0.38,0.614,0.98
798,,0.926,0.99,0.726,0.35,0.414,0.37,0.604,0.97
799,,0.916,0.98,0.716,0.34,0.404,0.36,0.594,0.96
800,,0.906,0.97,0.706,0.33,0.394,0.35,0.584,0.95
801,,0.896,0.96,0.696,0.32,0.384,0.34,0.574,0.94
