step,active_motive,motive_1,motive_2,motive_3,motive_4,motive_5,motive_6,motive_7,motive_8
0,,0.81546,0.70686,0.72901,0.77127,0.07404,0.35847,0.11587,0.8631
1,,0.80546,0.69686,0.71901,0.76127,0.06404,0.34847,0.10587,0.8531
2,,0.79546,0.68686,0.70901,0.75127,0.05404,0.33847,0.09587,0.8431
3,,0.78546,0.67686,0.69901,0.74127,0.04404,0.32847,0.08587,0.8331
4,,0.77546,0.66686,0.68901,0.73127,0.03404,0.31847,0.07587,0.8231
5,,0.76546,0.65686,0.67901,0.72127,0.02404,0.30847,0.06587,0.8131
6,,0.75546,0.64686,0.66901,0.71127,0.01404,0.29847,0.05587,0.8031
7,,0.74546,0.63686,0.65901,0.70127,0.00404,0.28847,0.04587,0.7931
8,,0.73546,0.62686,0.64901,0.69127,-0.00596,0.27847,0.03587,0.7831
9,5,0.42546,0.43386,0.73901,1.0,0.99404,0.65147,0.12587,0.5901
10,5,0.11546,0.24086,0.82901,1.0,1.0,1.0,0.21587,0.3971
11,,0.10546,0.23086,0.81901,0.99,0.99,0.99,0.20587,0.3871
12,,0.09546,0.22086,0.80901,0.98,0.98,0.98,0.19587,0.3771
13,,0.08546,0.21086,0.79901,0.97,0.97,0.97,0.18587,0.3671
14,,0.07546,0.20086,0.78901,0.96,0.96,0.96,0.17587,0.3571
15,,0.06546,0.19086,0.77901,0.95,0.95,0.95,0.16587,0.3471
16,,0.05546,0.18086,0.76901,0.94,0.94,0.94,0.15587,0.3371
17,,0.04546,0.17086,0.75901,0.93,0.93,0.93,0.14587,0.3271
18,,0.03546,0.16086,0.74901,0.92,0.92,0.92,0.13587,0.3171
19,,0.02546,0.15086,0.73901,0.91,0.91,0.91,0.12587,0.3071
20,,0.01546,0.14086,0.72901,0.9,0.9,0.9,0.11587,0.2971
21,,0.00546,0.13086,0.71901,0.89,0.89,0.89,0.10587,0.2871
22,,-0.00454,0.12086,0.70901,0.88,0.88,0.88,0.09587,0.2771
23,1,0.99546,0.49386,0.79901,0.687,0.57,0.687,0.18587,0.6501
24,1,1.0,0.86686,0.88901,0.494,0.26,0.494,0.27587,1.0
25,,0.99,0.85686,0.87901,0.484,0.25,0.484,0.26587,0.99
26,,0.98,0.84686,0.86901,0.474,0.24,0.474,0.25587,0.98
27,,0.97,0.83686,0.85901,0.464,0.23,0.464,0.24587,0.97
28,,0.96,0.82686,0.84901,0.454,0.22,0.454,0.23587,0.96
29,,0.95,0.81686,0.83901,0.444,0.21,0.444,0.22587,0.95
30,,0.94,0.80686,0.82901,0.434,0.2,0.434,0.21587,0.94
31,,0.93,0.79686,0.81901,0.424,0.19,0.424,0.20587,0.93
32,,0.92,0.78686,0.80901,0.414,0.18,0.414,0.19587,0.92
33,,0.91,0.77686,0.79901,0.404,0.17,0.404,0.18587,0.91
34,,0.9,0.76686,0.78901,0.394,0.16,0.394,0.17587,0.9
35,,0.89,0.75686,0.77901,0.384,0.15,0.384,0.16587,0.89
36,,0.88,0.74686,0.76901,0.374,0.14,0.374,0.15587,0.88
37,,0.87,0.73686,0.75901,0.364,0.13,0.364,0.14587,0.87
38,,0.86,0.72686,0.74901,0.354,0.12,0.354,0.13587,0.86
39,,0.85,0.71686,0.73901,0.344,0.11,0.344,0.12587,0.85
40,,0.84,0.70686,0.72901,0.334,0.1,0.334,0.11587,0.84
41,,0.83,0.69686,0.71901,0.324,0.09,0.324,0.10587,0.83
42,,0.82,0.68686,0.70901,0.314,0.08,0.314,0.09587,0.82
43,,0.81,0.67686,0.69901,0.304,0.07,0.304,0.08587,0.81
44,,0.8,0.66686,0.68901,0.294,0.06,0.294,0.07587,0.8
45,,0.79,0.65686,0.67901,0.284,0.05,0.284,0.06587,0.79
46,,0.78,0.64686,0.66901,0.274,0.04,0.274,0.05587,0.78
47,,0.77,0.63686,0.65901,0.264,0.03,0.264,0.04587,0.77
48,,0.76,0.62686,0.64901,0.254,0.02,0.254,0.03587,0.76
49,,0.75,0.61686,0.63901,0.244,0.01,0.244,0.02587,0.75
50,,0.74,0.60686,0.62901,0.234,0.0,0.234,0.01587,0.74
51,,0.73,0.59686,0.61901,0.224,-0.01,0.224,0.00587,0.73
52,5,0.42,0.40386,0.70901,0.597,0.99,0.597,0.09587,0.537
53,5,0.11,0.21086,0.79901,0.97,1.0,0.97,0.18587,0.344
54,,0.1,0.20086,0.78901,0.96,0.99,0.96,0.17587,0.334
55,,0.09,0.19086,0.77901,0.95,0.98,0.95,0.16587,0.324
56,,0.08,0.18086,0.76901,0.94,0.97,0.94,0.15587,0.314
57,,0.07,0.17086,0.75901,0.93,0.96,0.93,0.14587,0.304
58,,0.06,0.16086,0.74901,0.92,0.95,0.92,0.13587,0.294
59,,0.05,0.15086,0.73901,0.91,0.94,0.91,0.12587,0.284
60,,0.04,0.14086,0.72901,0.9,0.93,0.9,0.11587,0.274
61,,0.03,0.13086,0.71901,0.89,0.92,0.89,0.10587,0.264
62,,0.02,0.12086,0.70901,0.88,0.91,0.88,0.09587,0.254
63,,0.01,0.11086,0.69901,0.87,0.9,0.87,0.08587,0.244
64,,0.0,0.10086,0.68901,0.86,0.89,0.86,0.07587,0.234
65,,-0.01,0.09086,0.67901,0.85,0.88,0.85,0.06587,0.224
66,1,0.99,0.46386,0.76901,0.657,0.57,0.657,0.15587,0.597
67,1,1.0,0.83686,0.85901,0.464,0.26,0.464,0.24587,0.97
68,,0.99,0.82686,0.84901,0.454,0.25,0.454,0.23587,0.96
69,,0.98,0.81686,0.83901,0.444,0.24,0.444,0.22587,0.95
70,,0.97,0.80686,0.82901,0.434,0.23,0.434,0.21587,0.94
71,,0.96,0.79686,0.81901,0.424,0.22,0.424,0.20587,0.93
72,,0.95,0.78686,0.80901,0.414,0.21,0.414,0.19587,0.92
73,,0.94,0.77686,0.79901,0.404,0.2,0.404,0.18587,0.91
74,,0.93,0.76686,0.78901,0.394,0.19,0.394,0.17587,0.9
75,,0.92,0.75686,0.77901,0.384,0.18,0.384,0.16587,0.89
76,,0.91,0.74686,0.76901,0.374,0.17,0.374,0.15587,0.88
77,,0.9,0.73686,0.75901,0.364,0.16,0.364,0.14587,0.87
78,,0.89,0.72686,0.74901,0.354,0.15,0.354,0.13587,0.86
79,,0.88,0.71686,0.73901,0.344,0.14,0.344,0.12587,0.85
80,,0.87,0.70686,0.72901,0.334,0.13,0.334,0.11587,0.84
81,,0.86,0.69686,0.71901,0.324,0.12,0.324,0.10587,0.83
82,,0.85,0.68686,0.70901,0.314,0.11,0.314,0.09587,0.82
83,,0.84,0.67686,0.69901,0.304,0.1,0.304,0.08587,0.81
84,,0.83,0.66686,0.68901,0.294,0.09,0.294,0.07587,0.8
85,,0.82,0.65686,0.67901,0.284,0.08,0.284,0.06587,0.79
86,,0.81,0.64686,0.66901,0.274,0.07,0.274,0.05587,0.78
87,,0.8,0.63686,0.65901,0.264,0.06,0.264,0.04587,0.77
88,,0.79,0.62686,0.64901,0.254,0.05,0.254,0.03587,0.76
89,,0.78,0.61686,0.63901,0.244,0.04,0.244,0.02587,0.75
90,,0.77,0.60686,0.62901,0.234,0.03,0.234,0.01587,0.74
91,,0.76,0.59686,0.61901,0.224,0.02,0.224,0.00587,0.73
92,,0.75,0.58686,0.60901,0.214,0.01,0.214,-0.00413,0.72
93,7,0.84,0.39386,0.29901,0.021,0.1,0.587,0.99587,1.0
94,7,0.93,0.20086,-0.01099,-0.172,0.19,0.96,1.0,1.0
95,4,0.737,0.29086,0.36201,0.828,0.563,1.0,0.807,0.69
96,4,0.544,0.38086,0.73501,1.0,0.936,1.0,0.614,0.38
97,,0.534,0.37086,0.72501,0.99,0.926,0.99,0.604,0.37
98,,0.524,0.36086,0.71501,0.98,0.916,0.98,0.594,0.36
99,,0.514,0.35086,0.70501,0.97,0.906,0.97,0.584,0.35
100,,0.504,0.34086,0.69501,0.96,0.896,0.96,0.574,0.34
101,,0.494,0.33086,0.68501,0.95,0.886,0.95,0.564,0.33
102,,0.484,0.32086,0.67501,0.94,0.876,0.94,0.554,0.32
103,,0.474,0.31086,0.66501,0.93,0.866,0.93,0.544,0.31
104,,0.464,0.30086,0.65501,0.92,0.856,0.92,0.534,0.3
105,,0.454,0.29086,0.64501,0.91,0.846,0.91,0.524,0.29
106,,0.444,0.28086,0.63501,0.9,0.836,0.9,0.514,0.28
107,,0.434,0.27086,0.62501,0.89,0.826,0.89,0.504,0.27
108,,0.424,0.26086,0.61501,0.88,0.816,0.88,0.494,0.26
109,,0.414,0.25086,0.60501,0.87,0.806,0.87,0.484,0.25
110,,0.404,0.24086,0.59501,0.86,0.796,0.86,0.474,0.24
111,,0.394,0.23086,0.58501,0.85,0.786,0.85,0.464,0.23
112,,0.384,0.22086,0.57501,0.84,0.776,0.84,0.454,0.22
113,,0.374,0.21086,0.56501,0.83,0.766,0.83,0.444,0.21
114,,0.364,0.20086,0.55501,0.82,0.756,0.82,0.434,0.2
115,,0.354,0.19086,0.54501,0.81,0.746,0.81,0.424,0.19
116,,0.344,0.18086,0.53501,0.8,0.736,0.8,0.414,0.18
117,,0.334,0.17086,0.52501,0.79,0.726,0.79,0.404,0.17
118,,0.324,0.16086,0.51501,0.78,0.716,0.78,0.394,0.16
119,,0.314,0.15086,0.50501,0.77,0.706,0.77,0.384,0.15
120,,0.304,0.14086,0.49501,0.76,0.696,0.76,0.374,0.14
121,,0.294,0.13086,0.48501,0.75,0.686,0.75,0.364,0.13
122,,0.284,0.12086,0.47501,0.74,0.676,0.74,0.354,0.12
123,,0.274,0.11086,0.46501,0.73,0.666,0.73,0.344,0.11
124,,0.264,0.10086,0.45501,0.72,0.656,0.72,0.334,0.1
125,,0.254,0.09086,0.44501,0.71,0.646,0.71,0.324,0.09
126,,0.244,0.08086,0.43501,0.7,0.636,0.7,0.314,0.08
127,,0.234,0.07086,0.42501,0.69,0.626,0.69,0.304,0.07
128,,0.224,0.06086,0.41501,0.68,0.616,0.68,0.294,0.06
129,,0.214,0.05086,0.40501,0.67,0.606,0.67,0.284,0.05
130,,0.204,0.04086,0.39501,0.66,0.596,0.66,0.274,0.04
131,,0.194,0.03086,0.38501,0.65,0.586,0.65,0.264,0.03
132,,0.184,0.02086,0.37501,0.64,0.576,0.64,0.254,0.02
133,,0.174,0.01086,0.36501,0.63,0.566,0.63,0.244,0.01
134,,0.164,0.00086,0.35501,0.62,0.556,0.62,0.234,0.0
135,,0.154,-0.00914,0.34501,0.61,0.546,0.61,0.224,-0.01
136,8,0.527,0.08086,0.15201,0.3,0.353,0.7,0.597,0.99
137,8,0.9,0.17086,-0.04099,-0.01,0.16,0.79,0.97,1.0
138,3,0.99,0.54386,0.95901,0.363,0.25,0.597,0.66,0.807
139,3,1.0,0.91686,1.0,0.736,0.34,0.404,0.35,0.614
140,,0.99,0.90686,0.99,0.726,0.33,0.394,0.34,0.604
141,,0.98,0.89686,0.98,0.716,0.32,0.384,0.33,0.594
142,,0.97,0.88686,0.97,0.706,0.31,0.374,0.32,0.584
143,,0.96,0.87686,0.96,0.696,0.3,0.364,0.31,0.574
144,,0.95,0.86686,0.95,0.686,0.29,0.354,0.3,0.564
145,,0.94,0.85686,0.94,0.676,0.28,0.344,0.29,0.554
146,,0.93,0.84686,0.93,0.666,0.27,0.334,0.28,0.544
147,,0.92,0.83686,0.92,0.656,0.26,0.324,0.27,0.534
148,,0.91,0.82686,0.91,0.646,0.25,0.314,0.26,0.524
149,,0.9,0.81686,0.9,0.636,0.24,0.304,0.25,0.514
150,,0.89,0.80686,0.89,0.626,0.23,0.294,0.24,0.504
151,,0.88,0.79686,0.88,0.616,0.22,0.284,0.23,0.494
152,,0.87,0.78686,0.87,0.606,0.21,0.274,0.22,0.484
153,,0.86,0.77686,0.86,0.596,0.2,0.264,0.21,0.474
154,,0.85,0.76686,0.85,0.586,0.19,0.254,0.2,0.464
155,,0.84,0.75686,0.84,0.576,0.18,0.244,0.19,0.454
156,,0.83,0.74686,0.83,0.566,0.17,0.234,0.18,0.444
157,,0.82,0.73686,0.82,0.556,0.16,0.224,0.17,0.434
158,,0.81,0.72686,0.81,0.546,0.15,0.214,0.16,0.424
159,,0.8,0.71686,0.8,0.536,0.14,0.204,0.15,0.414
160,,0.79,0.70686,0.79,0.526,0.13,0.194,0.14,0.404
161,,0.78,0.69686,0.78,0.516,0.12,0.184,0.13,0.394
162,,0.77,0.68686,0.77,0.506,0.11,0.174,0.12,0.384
163,,0.76,0.67686,0.76,0.496,0.1,0.164,0.11,0.374
164,,0.75,0.66686,0.75,0.486,0.09,0.154,0.1,0.364
165,,0.74,0.65686,0.74,0.476,0.08,0.144,0.09,0.354
166,,0.73,0.64686,0.73,0.466,0.07,0.134,0.08,0.344
167,,0.72,0.63686,0.72,0.456,0.06,0.124,0.07,0.334
168,,0.71,0.62686,0.71,0.446,0.05,0.114,0.06,0.324
169,,0.7,0.61686,0.7,0.436,0.04,0.104,0.05,0.314
170,,0.69,0.60686,0.69,0.426,0.03,0.094,0.04,0.304
171,,0.68,0.59686,0.68,0.416,0.02,0.084,0.03,0.294
172,,0.67,0.58686,0.67,0.406,0.01,0.074,0.02,0.284
173,,0.66,0.57686,0.66,0.396,0.0,0.064,0.01,0.274
174,,0.65,0.56686,0.65,0.386,-0.01,0.054,0.0,0.264
175,5,0.34,0.37386,0.74,0.759,0.99,0.427,0.09,0.071
176,5,0.03,0.18086,0.83,1.0,1.0,0.8,0.18,-0.122
177,8,0.403,0.27086,0.637,0.69,0.807,0.89,0.553,0.878
178,8,0.776,0.36086,0.444,0.38,0.614,0.98,0.926,1.0
179,,0.766,0.35086,0.434,0.37,0.604,0.97,0.916,0.99
180,,0.756,0.34086,0.424,0.36,0.594,0.96,0.906,0.98
181,,0.746,0.33086,0.414,0.35,0.584,0.95,0.896,0.97
182,,0.736,0.32086,0.404,0.34,0.574,0.94,0.886,0.96
183,,0.726,0.31086,0.394,0.33,0.564,0.93,0.876,0.95
184,,0.716,0.30086,0.384,0.32,0.554,0.92,0.866,0.94
185,,0.706,0.29086,0.374,0.31,0.544,0.91,0.856,0.93
186,,0.696,0.28086,0.364,0.3,0.534,0.9,0.846,0.92
187,,0.686,0.27086,0.354,0.29,0.524,0.89,0.836,0.91
188,,0.676,0.26086,0.344,0.28,0.514,0.88,0.826,0.9
189,,0.666,0.25086,0.334,0.27,0.504,0.87,0.816,0.89
190,,0.656,0.24086,0.324,0.26,0.494,0.86,0.806,0.88
191,,0.646,0.23086,0.314,0.25,0.484,0.85,0.796,0.87
192,,0.636,0.22086,0.304,0.24,0.474,0.84,0.786,0.86
193,,0.626,0.21086,0.294,0.23,0.464,0.83,0.776,0.85
194,,0.616,0.20086,0.284,0.22,0.454,0.82,0.766,0.84
195,,0.606,0.19086,0.274,0.21,0.444,0.81,0.756,0.83
196,,0.596,0.18086,0.264,0.2,0.434,0.8,0.746,0.82
197,,0.586,0.17086,0.254,0.19,0.424,0.79,0.736,0.81
198,,0.576,0.16086,0.244,0.18,0.414,0.78,0.726,0.8
199,,0.566,0.15086,0.234,0.17,0.404,0.77,0.716,0.79
200,,0.556,0.14086,0.224,0.16,0.394,0.76,0.706,0.78
201,,0.546,0.13086,0.214,0.15,0.384,0.75,0.696,0.77
202,,0.536,0.12086,0.204,0.14,0.374,0.74,0.686,0.76
203,,0.526,0.11086,0.194,0.13,0.364,0.73,0.676,0.75
204,,0.516,0.10086,0.184,0.12,0.354,0.72,0.666,0.74
205,,0.506,0.09086,0.174,0.11,0.344,0.71,0.656,0.73
206,,0.496,0.08086,0.164,0.1,0.334,0.7,0.646,0.72
207,,0.486,0.07086,0.154,0.09,0.324,0.69,0.636,0.71
208,,0.476,0.06086,0.144,0.08,0.314,0.68,0.626,0.7
209,,0.466,0.05086,0.134,0.07,0.304,0.67,0.616,0.69
210,,0.456,0.04086,0.124,0.06,0.294,0.66,0.606,0.68
211,,0.446,0.03086,0.114,0.05,0.284,0.65,0.596,0.67
212,,0.436,0.02086,0.104,0.04,0.274,0.64,0.586,0.66
213,,0.426,0.01086,0.094,0.03,0.264,0.63,0.576,0.65
214,,0.416,0.00086,0.084,0.02,0.254,0.62,0.566,0.64
215,,0.406,-0.00914,0.074,0.01,0.244,0.61,0.556,0.63
216,2,0.779,0.99086,0.447,0.1,0.051,0.3,0.363,0.72
217,2,1.0,1.0,0.82,0.19,-0.142,-0.01,0.17,0.81
218,5,0.69,0.807,0.91,0.563,0.858,0.363,0.26,0.617
219,5,0.38,0.614,1.0,0.936,1.0,0.736,0.35,0.424
220,,0.37,0.604,0.99,0.926,0.99,0.726,0.34,0.414
221,,0.36,0.594,0.98,0.916,0.98,0.716,0.33,0.404
222,,0.35,0.584,0.97,0.906,0.97,0.706,0.32,0.394
223,,0.34,0.574,0.96,0.896,0.96,0.696,0.31,0.384
224,,0.33,0.564,0.95,0.886,0.95,0.686,0.3,0.374
225,,0.32,0.554,0.94,0.876,0.94,0.676,0.29,0.364
226,,0.31,0.544,0.93,0.866,0.93,0.666,0.28,0.354
227,,0.3,0.534,0.92,0.856,0.92,0.656,0.27,0.344
228,,0.29,0.524,0.91,0.846,0.91,0.646,0.26,0.334
229,,0.28,0.514,0.9,0.836,0.9,0.636,0.25,0.324
230,,0.27,0.504,0.89,0.826,0.89,0.626,0.24,0.314
231,,0.26,0.494,0.88,0.816,0.88,0.616,0.23,0.304
232,,0.25,0.484,0.87,0.806,0.87,0.606,0.22,0.294
233,,0.24,0.474,0.86,0.796,0.86,0.596,0.21,0.284
234,,0.23,0.464,0.85,0.786,0.85,0.586,0.2,0.274
235,,0.22,0.454,0.84,0.776,0.84,0.576,0.19,0.264
236,,0.21,0.444,0.83,0.766,0.83,0.566,0.18,0.254
237,,0.2,0.434,0.82,0.756,0.82,0.556,0.17,0.244
238,,0.19,0.424,0.81,0.746,0.81,0.546,0.16,0.234
239,,0.18,0.414,0.8,0.736,0.8,0.536,0.15,0.224
240,,0.17,0.404,0.79,0.726,0.79,0.526,0.14,0.214
241,,0.16,0.394,0.78,0.716,0.78,0.516,0.13,0.204
242,,0.15,0.384,0.77,0.706,0.77,0.506,0.12,0.194
243,,0.14,0.374,0.76,0.696,0.76,0.496,0.11,0.184
244,,0.13,0.364,0.75,0.686,0.75,0.486,0.1,0.174
245,,0.12,0.354,0.74,0.676,0.74,0.476,0.09,0.164
246,,0.11,0.344,0.73,0.666,0.73,0.466,0.08,0.154
247,,0.1,0.334,0.72,0.656,0.72,0.456,0.07,0.144
248,,0.09,0.324,0.71,0.646,0.71,0.446,0.06,0.134
249,,0.08,0.314,0.7,0.636,0.7,0.436,0.05,0.124
250,,0.07,0.304,0.69,0.626,0.69,0.426,0.04,0.114
251,,0.06,0.294,0.68,0.616,0.68,0.416,0.03,0.104
252,,0.05,0.284,0.67,0.606,0.67,0.406,0.02,0.094
253,,0.04,0.274,0.66,0.596,0.66,0.396,0.01,0.084
254,,0.03,0.264,0.65,0.586,0.65,0.386,0.0,0.074
255,,0.02,0.254,0.64,0.576,0.64,0.376,-0.01,0.064
256,7,0.11,0.061,0.33,0.383,0.73,0.749,0.99,0.437
257,7,0.2,-0.132,0.02,0.19,0.82,1.0,1.0,0.81
258,2,0.573,0.868,0.393,0.28,0.627,0.69,0.807,0.9
259,2,0.946,1.0,0.766,0.37,0.434,0.38,0.614,0.99
260,,0.936,0.99,0.756,0.36,0.424,0.37,0.604,0.98
261,,0.926,0.98,0.746,0.35,0.414,0.36,0.594,0.97
262,,0.916,0.97,0.736,0.34,0.404,0.35,0.584,0.96
263,,0.906,0.96,0.726,0.33,0.394,0.34,0.574,0.95
264,,0.896,0.95,0.716,0.32,0.384,0.33,0.564,0.94
265,,0.886,0.94,0.706,0.31,0.374,0.32,0.554,0.93
266,,0.876,0.93,0.696,0.3,0.364,0.31,0.544,0.92
267,,0.866,0.92,0.686,0.29,0.354,0.3,0.534,0.91
268,,0.856,0.91,0.676,0.28,0.344,0.29,0.524,0.9
269,,0.846,0.9,0.666,0.27,0.334,0.28,0.514,0.89
270,,0.836,0.89,0.656,0.26,0.324,0.27,0.504,0.88
271,,0.826,0.88,0.646,0.25,0.314,0.26,0.494,0.87
272,,0.816,0.87,0.636,0.24,0.304,0.25,0.484,0.86
273,,0.806,0.86,0.626,0.23,0.294,0.24,0.474,0.85
274,,0.796,0.85,0.616,0.22,0.284,0.23,0.464,0.84
275,,0.786,0.84,0.606,0.21,0.274,0.22,0.454,0.83
276,,0.776,0.83,0.596,0.2,0.264,0.21,0.444,0.82
277,,0.766,0.82,0.586,0.19,0.254,0.2,0.434,0.81
278,,0.756,0.81,0.576,0.18,0.244,0.19,0.424,0.8
279,,0.746,0.8,0.566,0.17,0.234,0.18,0.414,0.79
280,,0.736,0.79,0.556,0.16,0.224,0.17,0.404,0.78
281,,0.726,0.78,0.546,0.15,0.214,0.16,0.394,0.77
282,,0.716,0.77,0.536,0.14,0.204,0.15,0.384,0.76
283,,0.706,0.76,0.526,0.13,0.194,0.14,0.374,0.75
284,,0.696,0.75,0.516,0.12,0.184,0.13,0.364,0.74
285,,0.686,0.74,0.506,0.11,0.174,0.12,0.354,0.73
286,,0.676,0.73,0.496,0.1,0.164,0.11,0.344,0.72
287,,0.666,0.72,0.486,0.09,0.154,0.1,0.334,0.71
288,,0.656,0.71,0.476,0.08,0.144,0.09,0.324,0.7
289,,0.646,0.7,0.466,0.07,0.134,0.08,0.314,0.69
290,,0.636,0.69,0.456,0.06,0.124,0.07,0.304,0.68
291,,0.626,0.68,0.446,0.05,0.114,0.06,0.294,0.67
292,,0.616,0.67,0.436,0.04,0.104,0.05,0.284,0.66
293,,0.606,0.66,0.426,0.03,0.094,0.04,0.274,0.65
294,,0.596,0.65,0.416,0.02,0.084,0.03,0.264,0.64
295,,0.586,0.64,0.406,0.01,0.074,0.02,0.254,0.63
296,,0.576,0.63,0.396,0.0,0.064,0.01,0.244,0.62
297,,0.566,0.62,0.386,-0.01,0.054,0.0,0.234,0.61
298,4,0.373,0.71,0.759,0.99,0.427,0.09,0.041,0.3
299,4,0.18,0.8,1.0,1.0,0.8,0.18,-0.152,-0.01
300,7,0.27,0.607,0.69,0.807,0.89,0.553,0.848,0.363
301,7,0.36,0.414,0.38,0.614,0.98,0.926,1.0,0.736
302,,0.35,0.404,0.37,0.604,0.97,0.916,0.99,0.726
303,,0.34,0.394,0.36,0.594,0.96,0.906,0.98,0.716
304,,0.33,0.384,0.35,0.584,0.95,0.896,0.97,0.706
305,,0.32,0.374,0.34,0.574,0.94,0.886,0.96,0.696
306,,0.31,0.364,0.33,0.564,0.93,0.876,0.95,0.686
307,,0.3,0.354,0.32,0.554,0.92,0.866,0.94,0.676
308,,0.29,0.344,0.31,0.544,0.91,0.856,0.93,0.666
309,,0.28,0.334,0.3,0.534,0.9,0.846,0.92,0.656
310,,0.27,0.324,0.29,0.524,0.89,0.836,0.91,0.646
311,,0.26,0.314,0.28,0.514,0.88,0.826,0.9,0.636
312,,0.25,0.304,0.27,0.504,0.87,0.816,0.89,0.626
313,,0.24,0.294,0.26,0.494,0.86,0.806,0.88,0.616
314,,0.23,0.284,0.25,0.484,0.85,0.796,0.87,0.606
315,,0.22,0.274,0.24,0.474,0.84,0.786,0.86,0.596
316,,0.21,0.264,0.23,0.464,0.83,0.776,0.85,0.586
317,,0.2,0.254,0.22,0.454,0.82,0.766,0.84,0.576
318,,0.19,0.244,0.21,0.444,0.81,0.756,0.83,0.566
319,,0.18,0.234,0.2,0.434,0.8,0.746,0.82,0.556
320,,0.17,0.224,0.19,0.424,0.79,0.736,0.81,0.546
321,,0.16,0.214,0.18,0.414,0.78,0.726,0.8,0.536
322,,0.15,0.204,0.17,0.404,0.77,0.716,0.79,0.526
323,,0.14,0.194,0.16,0.394,0.76,0.706,0.78,0.516
324,,0.13,0.184,0.15,0.384,0.75,0.696,0.77,0.506
325,,0.12,0.174,0.14,0.374,0.74,0.686,0.76,0.496
326,,0.11,0.164,0.13,0.364,0.73,0.676,0.75,0.486
327,,0.1,0.154,0.12,0.354,0.72,0.666,0.74,0.476
328,,0.09,0.144,0.11,0.344,0.71,0.656,0.73,0.466
329,,0.08,0.134,0.1,0.334,0.7,0.646,0.72,0.456
330,,0.07,0.124,0.09,0.324,0.69,0.636,0.71,0.446
331,,0.06,0.114,0.08,0.314,0.68,0.626,0.7,0.436
332,,0.05,0.104,0.07,0.304,0.67,0.616,0.69,0.426
333,,0.04,0.094,0.06,0.294,0.66,0.606,0.68,0.416
334,,0.03,0.084,0.05,0.284,0.65,0.596,0.67,0.406
335,,0.02,0.074,0.04,0.274,0.64,0.586,0.66,0.396
336,,0.01,0.064,0.03,0.264,0.63,0.576,0.65,0.386
337,,0.0,0.054,0.02,0.254,0.62,0.566,0.64,0.376
338,,-0.01,0.044,0.01,0.244,0.61,0.556,0.63,0.366
339,1,0.99,0.417,0.1,0.051,0.3,0.363,0.72,0.739
340,1,1.0,0.79,0.19,-0.142,-0.01,0.17,0.81,1.0
341,4,0.807,0.88,0.563,0.858,0.363,0.26,0.617,0.69
342,4,0.614,0.97,0.936,1.0,0.736,0.35,0.424,0.38
343,,0.604,0.96,0.926,0.99,0.726,0.34,0.414,0.37
344,,0.594,0.95,0.916,0.98,0.716,0.33,0.404,0.36
345,,0.584,0.94,0.906,0.97,0.706,0.32,0.394,0.35
346,,0.574,0.93,0.896,0.96,0.696,0.31,0.384,0.34
347,,0.564,0.92,0.886,0.95,0.686,0.3,0.374,0.33
348,,0.554,0.91,0.876,0.94,0.676,0.29,0.364,0.32
349,,0.544,0.9,0.866,0.93,0.666,0.28,0.354,0.31
350,,0.534,0.89,0.856,0.92,0.656,0.27,0.344,0.3
351,,0.524,0.88,0.846,0.91,0.646,0.26,0.334,0.29
352,,0.514,0.87,0.836,0.9,0.636,0.25,0.324,0.28
353,,0.504,0.86,0.826,0.89,0.626,0.24,0.314,0.27
354,,0.494,0.85,0.816,0.88,0.616,0.23,0.304,0.26
355,,0.484,0.84,0.806,0.87,0.606,0.22,0.294,0.25
356,,0.474,0.83,0.796,0.86,0.596,0.21,0.284,0.24
357,,0.464,0.82,0.786,0.85,0.586,0.2,0.274,0.23
358,,0.454,0.81,0.776,0.84,0.576,0.19,0.264,0.22
359,,0.444,0.8,0.766,0.83,0.566,0.18,0.254,0.21
360,,0.434,0.79,0.756,0.82,0.556,0.17,0.244,0.2
361,,0.424,0.78,0.746,0.81,0.546,0.16,0.234,0.19
362,,0.414,0.77,0.736,0.8,0.536,0.15,0.224,0.18
363,,0.404,0.76,0.726,0.79,0.526,0.14,0.214,0.17
364,,0.394,0.75,0.716,0.78,0.516,0.13,0.204,0.16
365,,0.384,0.74,0.706,0.77,0.506,0.12,0.194,0.15
366,,0.374,0.73,0.696,0.76,0.496,0.11,0.184,0.14
367,,0.364,0.72,0.686,0.75,0.486,0.1,0.174,0.13
368,,0.354,0.71,0.676,0.74,0.476,0.09,0.164,0.12
369,,0.344,0.7,0.666,0.73,0.466,0.08,0.154,0.11
370,,0.334,0.69,0.656,0.72,0.456,0.07,0.144,0.1
371,,0.324,0.68,0.646,0.71,0.446,0.06,0.134,0.09
372,,0.314,0.67,0.636,0.7,0.436,0.05,0.124,0.08
373,,0.304,0.66,0.626,0.69,0.426,0.04,0.114,0.07
374,,0.294,0.65,0.616,0.68,0.416,0.03,0.104,0.06
375,,0.284,0.64,0.606,0.67,0.406,0.02,0.094,0.05
376,,0.274,0.63,0.596,0.66,0.396,0.01,0.084,0.04
377,,0.264,0.62,0.586,0.65,0.386,0.0,0.074,0.03
378,,0.254,0.61,0.576,0.64,0.376,-0.01,0.064,0.02
379,6,0.061,0.3,0.383,0.73,0.749,0.99,0.437,0.11
380,6,-0.132,-0.01,0.19,0.82,1.0,1.0,0.81,0.2
381,1,0.868,0.363,0.28,0.627,0.69,0.807,0.9,0.573
382,1,1.0,0.736,0.37,0.434,0.38,0.614,0.99,0.946
383,,0.99,0.726,0.36,0.424,0.37,0.604,0.98,0.936
384,,0.98,0.716,0.35,0.414,0.36,0.594,0.97,0.926
385,,0.97,0.706,0.34,0.404,0.35,0.584,0.96,0.916
386,,0.96,0.696,0.33,0.394,0.34,0.574,0.95,0.906
387,,0.95,0.686,0.32,0.384,0.33,0.564,0.94,0.896
388,,0.94,0.676,0.31,0.374,0.32,0.554,0.93,0.886
389,,0.93,0.666,0.3,0.364,0.31,0.544,0.92,0.876
390,,0.92,0.656,0.29,0.354,0.3,0.534,0.91,0.866
391,,0.91,0.646,0.28,0.344,0.29,0.524,0.9,0.856
392,,0.9,0.636,0.27,0.334,0.28,0.514,0.89,0.846
393,,0.89,0.626,0.26,0.324,0.27,0.504,0.88,0.836
394,,0.88,0.616,0.25,0.314,0.26,0.494,0.87,0.826
395,,0.87,0.606,0.24,0.304,0.25,0.484,0.86,0.816
396,,0.86,0.596,0.23,0.294,0.24,0.474,0.85,0.806
397,,0.85,0.586,0.22,0.284,0.23,0.464,0.84,0.796
398,,0.84,0.576,0.21,0.274,0.22,0.454,0.83,0.786
399,,0.83,0.566,0.2,0.264,0.21,0.444,0.82,0.776
400,,0.82,0.556,0.19,0.254,0.2,0.434,0.81,0.766
401,,0.81,0.546,0.18,0.244,0.19,0.424,0.8,0.756
402,,0.8,0.536,0.17,0.234,0.18,0.414,0.79,0.746
403,,0.79,0.526,0.16,0.224,0.17,0.404,0.78,0.736
404,,0.78,0.516,0.15,0.214,0.16,0.394,0.77,0.726
405,,0.77,0.506,0.14,0.204,0.15,0.384,0.76,0.716
406,,0.76,0.496,0.13,0.194,0.14,0.374,0.75,0.706
407,,0.75,0.486,0.12,0.184,0.13,0.364,0.74,0.696
408,,0.74,0.476,0.11,0.174,0.12,0.354,0.73,0.686
409,,0.73,0.466,0.1,0.164,0.11,0.344,0.72,0.676
410,,0.72,0.456,0.09,0.154,0.1,0.334,0.71,0.666
411,,0.71,0.446,0.08,0.144,0.09,0.324,0.7,0.656
412,,0.7,0.436,0.07,0.134,0.08,0.314,0.69,0.646
413,,0.69,0.426,0.06,0.124,0.07,0.304,0.68,0.636
414,,0.68,0.416,0.05,0.114,0.06,0.294,0.67,0.626
415,,0.67,0.406,0.04,0.104,0.05,0.284,0.66,0.616
416,,0.66,0.396,0.03,0.094,0.04,0.274,0.65,0.606
417,,0.65,0.386,0.02,0.084,0.03,0.264,0.64,0.596
418,,0.64,0.376,0.01,0.074,0.02,0.254,0.63,0.586
419,,0.63,0.366,0.0,0.064,0.01,0.244,0.62,0.576
420,,0.62,0.356,-0.01,0.054,0.0,0.234,0.61,0.566
421,3,0.71,0.729,0.99,0.427,0.09,0.041,0.3,0.373
422,3,0.8,1.0,1.0,0.8,0.18,-0.152,-0.01,0.18
423,6,0.607,0.69,0.807,0.89,0.553,0.848,0.363,0.27
424,6,0.414,0.38,0.614,0.98,0.926,1.0,0.736,0.36
425,,0.404,0.37,0.604,0.97,0.916,0.99,0.726,0.35
426,,0.394,0.36,0.594,0.96,0.906,0.98,0.716,0.34
427,,0.384,0.35,0.584,0.95,0.896,0.97,0.706,0.33
428,,0.374,0.34,0.574,0.94,0.886,0.96,0.696,0.32
429,,0.364,0.33,0.564,0.93,0.876,0.95,0.686,0.31
430,,0.354,0.32,0.554,0.92,0.866,0.94,0.676,0.3
431,,0.344,0.31,0.544,0.91,0.856,0.93,0.666,0.29
432,,0.334,0.3,0.534,0.9,0.846,0.92,0.656,0.28
433,,0.324,0.29,0.524,0.89,0.836,0.91,0.646,0.27
434,,0.314,0.28,0.514,0.88,0.826,0.9,0.636,0.26
435,,0.304,0.27,0.504,0.87,0.816,0.89,0.626,0.25
436,,0.294,0.26,0.494,0.86,0.806,0.88,0.616,0.24
437,,0.284,0.25,0.484,0.85,0.796,0.87,0.606,0.23
438,,0.274,0.24,0.474,0.84,0.786,0.86,0.596,0.22
439,,0.264,0.23,0.464,0.83,0.776,0.85,0.586,0.21
440,,0.254,0.22,0.454,0.82,0.766,0.84,0.576,0.2
441,,0.244,0.21,0.444,0.81,0.756,0.83,0.566,0.19
442,,0.234,0.2,0.434,0.8,0.746,0.82,0.556,0.18
443,,0.224,0.19,0.424,0.79,0.736,0.81,0.546,0.17
444,,0.214,0.18,0.414,0.78,0.726,0.8,0.536,0.16
445,,0.204,0.17,0.404,0.77,0.716,0.79,0.526,0.15
446,,0.194,0.16,0.394,0.76,0.706,0.78,0.516,0.14
447,,0.184,0.15,0.384,0.75,0.696,0.77,0.506,0.13
448,,0.174,0.14,0.374,0.74,0.686,0.76,0.496,0.12
449,,0.164,0.13,0.364,0.73,0.676,0.75,0.486,0.11
450,,0.154,0.12,0.354,0.72,0.666,0.74,0.476,0.1
451,,0.144,0.11,0.344,0.71,0.656,0.73,0.466,0.09
452,,0.134,0.1,0.334,0.7,0.646,0.72,0.456,0.08
453,,0.124,0.09,0.324,0.69,0.636,0.71,0.446,0.07
454,,0.114,0.08,0.314,0.68,0.626,0.7,0.436,0.06
455,,0.104,0.07,0.304,0.67,0.616,0.69,0.426,0.05
456,,0.094,0.06,0.294,0.66,0.606,0.68,0.416,0.04
457,,0.084,0.05,0.284,0.65,0.596,0.67,0.406,0.03
458,,0.074,0.04,0.274,0.64,0.586,0.66,0.396,0.02
459,,0.064,0.03,0.264,0.63,0.576,0.65,0.386,0.01
460,,0.054,0.02,0.254,0.62,0.566,0.64,0.376,0.0
461,,0.044,0.01,0.244,0.61,0.556,0.63,0.366,-0.01
462,8,0.417,0.1,0.051,0.3,0.363,0.72,0.739,0.99
463,8,0.79,0.19,-0.142,-0.01,0.17,0.81,1.0,1.0
464,3,0.88,0.563,0.858,0.363,0.26,0.617,0.69,0.807
465,3,0.97,0.936,1.0,0.736,0.35,0.424,0.38,0.614
466,,0.96,0.926,0.99,0.726,0.34,0.414,0.37,0.604
467,,0.95,0.916,0.98,0.716,0.33,0.404,0.36,0.594
468,,0.94,0.906,0.97,0.706,0.32,0.394,0.35,0.584
469,,0.93,0.896,0.96,0.696,0.31,0.384,0.34,0.574
470,,0.92,0.886,0.95,0.686,0.3,0.374,0.33,0.564
471,,0.91,0.876,0.94,0.676,0.29,0.364,0.32,0.554
472,,0.9,0.866,0.93,0.666,0.28,0.354,0.31,0.544
473,,0.89,0.856,0.92,0.656,0.27,0.344,0.3,0.534
474,,0.88,0.846,0.91,0.646,0.26,0.334,0.29,0.524
475,,0.87,0.836,0.9,0.636,0.25,0.324,0.28,0.514
476,,0.86,0.826,0.89,0.626,0.24,0.314,0.27,0.504
477,,0.85,0.816,0.88,0.616,0.23,0.304,0.26,0.494
478,,0.84,0.806,0.87,0.606,0.22,0.294,0.25,0.484
479,,0.83,0.796,0.86,0.596,0.21,0.284,0.24,0.474
480,,0.82,0.786,0.85,0.586,0.2,0.274,0.23,0.464
481,,0.81,0.776,0.84,0.576,0.19,0.264,0.22,0.454
482,,0.8,0.766,0.83,0.566,0.18,0.254,0.21,0.444
483,,0.79,0.756,0.82,0.556,0.17,0.244,0.2,0.434
484,,0.78,0.746,0.81,0.546,0.16,0.234,0.19,0.424
485,,0.77,0.736,0.8,0.536,0.15,0.224,0.18,0.414
486,,0.76,0.726,0.79,0.526,0.14,0.214,0.17,0.404
487,,0.75,0.716,0.78,0.516,0.13,0.204,0.16,0.394
488,,0.74,0.706,0.77,0.506,0.12,0.194,0.15,0.384
489,,0.73,0.696,0.76,0.496,0.11,0.184,0.14,0.374
490,,0.72,0.686,0.75,0.486,0.1,0.174,0.13,0.364
491,,0.71,0.676,0.74,0.476,0.09,0.164,0.12,0.354
492,,0.7,0.666,0.73,0.466,0.08,0.154,0.11,0.344
493,,0.69,0.656,0.72,0.456,0.07,0.144,0.1,0.334
494,,0.68,0.646,0.71,0.446,0.06,0.134,0.09,0.324
495,,0.67,0.636,0.7,0.436,0.05,0.124,0.08,0.314
496,,0.66,0.626,0.69,0.426,0.04,0.114,0.07,0.304
497,,0.65,0.616,0.68,0.416,0.03,0.104,0.06,0.294
498,,0.64,0.606,0.67,0.406,0.02,0.094,0.05,0.284
499,,0.63,0.596,0.66,0.396,0.01,0.084,0.04,0.274
500,,0.62,0.586,0.65,0.386,0.0,0.074,0.03,0.264
501,,0.61,0.576,0.64,0.376,-0.01,0.064,0.02,0.254
502,5,0.3,0.383,0.73,0.749,0.99,0.437,0.11,0.061
503,5,-0.01,0.19,0.82,1.0,1.0,0.81,0.2,-0.132
504,8,0.363,0.28,0.627,0.69,0.807,0.9,0.573,0.868
505,8,0.736,0.37,0.434,0.38,0.614,0.99,0.946,1.0
506,,0.726,0.36,0.424,0.37,0.604,0.98,0.936,0.99
507,,0.716,0.35,0.414,0.36,0.594,0.97,0.926,0.98
508,,0.706,0.34,0.404,0.35,0.584,0.96,0.916,0.97
509,,0.696,0.33,0.394,0.34,0.574,0.95,0.906,0.96
510,,0.686,0.32,0.384,0.33,0.564,0.94,0.896,0.95
511,,0.676,0.31,0.374,0.32,0.554,0.93,0.886,0.94
512,,0.666,0.3,0.364,0.31,0.544,0.92,0.876,0.93
513,,0.656,0.29,0.354,0.3,0.534,0.91,0.866,0.92
514,,0.646,0.28,0.344,0.29,0.524,0.9,0.856,0.91
515,,0.636,0.27,0.334,0.28,0.514,0.89,0.846,0.9
516,,0.626,0.26,0.324,0.27,0.504,0.88,0.836,0.89
517,,0.616,0.25,0.314,0.26,0.494,0.87,0.826,0.88
518,,0.606,0.24,0.304,0.25,0.484,0.86,0.816,0.87
519,,0.596,0.23,0.294,0.24,0.474,0.85,0.806,0.86
520,,0.586,0.22,0.284,0.23,0.464,0.84,0.796,0.85
521,,0.576,0.21,0.274,0.22,0.454,0.83,0.786,0.84
522,,0.566,0.2,0.264,0.21,0.444,0.82,0.776,0.83
523,,0.556,0.19,0.254,0.2,0.434,0.81,0.766,0.82
524,,0.546,0.18,0.244,0.19,0.424,0.8,0.756,0.81
525,,0.536,0.17,0.234,0.18,0.414,0.79,0.746,0.8
526,,0.526,0.16,0.224,0.17,0.404,0.78,0.736,0.79
527,,0.516,0.15,0.214,0.16,0.394,0.77,0.726,0.78
528,,0.506,0.14,0.204,0.15,0.384,0.76,0.716,0.77
529,,0.496,0.13,0.194,0.14,0.374,0.75,0.706,0.76
530,,0.486,0.12,0.184,0.13,0.364,0.74,0.696,0.75
531,,0.476,0.11,0.174,0.12,0.354,0.73,0.686,0.74
532,,0.466,0.1,0.164,0.11,0.344,0.72,0.676,0.73
533,,0.456,0.09,0.154,0.1,0.334,0.71,0.666,0.72
534,,0.446,0.08,0.144,0.09,0.324,0.7,0.656,0.71
535,,0.436,0.07,0.134,0.08,0.314,0.69,0.646,0.7
536,,0.426,0.06,0.124,0.07,0.304,0.68,0.636,0.69
537,,0.416,0.05,0.114,0.06,0.294,0.67,0.626,0.68
538,,0.406,0.04,0.104,0.05,0.284,0.66,0.616,0.67
539,,0.396,0.03,0.094,0.04,0.274,0.65,0.606,0.66
540,,0.386,0.02,0.084,0.03,0.264,0.64,0.596,0.65
541,,0.376,0.01,0.074,0.02,0.254,0.63,0.586,0.64
542,,0.366,0.0,0.064,0.01,0.244,0.62,0.576,0.63
543,,0.356,-0.01,0.054,0.0,0.234,0.61,0.566,0.62
544,2,0.729,0.99,0.427,0.09,0.041,0.3,0.373,0.71
545,2,1.0,1.0,0.8,0.18,-0.152,-0.01,0.18,0.8
546,5,0.69,0.807,0.89,0.553,0.848,0.363,0.27,0.607
547,5,0.38,0.614,0.98,0.926,1.0,0.736,0.36,0.414
548,,0.37,0.604,0.97,0.916,0.99,0.726,0.35,0.404
549,,0.36,0.594,0.96,0.906,0.98,0.716,0.34,0.394
550,,0.35,0.584,0.95,0.896,0.97,0.706,0.33,0.384
551,,0.34,0.574,0.94,0.886,0.96,0.696,0.32,0.374
552,,0.33,0.564,0.93,0.876,0.95,0.686,0.31,0.364
553,,0.32,0.554,0.92,0.866,0.94,0.676,0.3,0.354
554,,0.31,0.544,0.91,0.856,0.93,0.666,0.29,0.344
555,,0.3,0.534,0.9,0.846,0.92,0.656,0.28,0.334
556,,0.29,0.524,0.89,0.836,0.91,0.646,0.27,0.324
557,,0.28,0.514,0.88,0.826,0.9,0.636,0.26,0.314
558,,0.27,0.504,0.87,0.816,0.89,0.626,0.25,0.304
559,,0.26,0.494,0.86,0.806,0.88,0.616,0.24,0.294
560,,0.25,0.484,0.85,0.796,0.87,0.606,0.23,0.284
561,,0.24,0.474,0.84,0.786,0.86,0.596,0.22,0.274
562,,0.23,0.464,0.83,0.776,0.85,0.586,0.21,0.264
563,,0.22,0.454,0.82,0.766,0.84,0.576,0.2,0.254
564,,0.21,0.444,0.81,0.756,0.83,0.566,0.19,0.244
565,,0.2,0.434,0.8,0.746,0.82,0.556,0.18,0.234
566,,0.19,0.424,0.79,0.736,0.81,0.546,0.17,0.224
567,,0.18,0.414,0.78,0.726,0.8,0.536,0.16,0.214
568,,0.17,0.404,0.77,0.716,0.79,0.526,0.15,0.204
569,,0.16,0.394,0.76,0.706,0.78,0.516,0.14,0.194
570,,0.15,0.384,0.75,0.696,0.77,0.506,0.13,0.184
571,,0.14,0.374,0.74,0.686,0.76,0.496,0.12,0.174
572,,0.13,0.364,0.73,0.676,0.75,0.486,0.11,0.164
573,,0.12,0.354,0.72,0.666,0.74,0.476,0.1,0.154
574,,0.11,0.344,0.71,0.656,0.73,0.466,0.09,0.144
575,,0.1,0.334,0.7,0.646,0.72,0.456,0.08,0.134
576,,0.09,0.324,0.69,0.636,0.71,0.446,0.07,0.124
577,,0.08,0.314,0.68,0.626,0.7,0.436,0.06,0.114
578,,0.07,0.304,0.67,0.616,0.69,0.426,0.05,0.104
579,,0.06,0.294,0.66,0.606,0.68,0.416,0.04,0.094
580,,0.05,0.284,0.65,0.596,0.67,0.406,0.03,0.084
581,,0.04,0.274,0.64,0.586,0.66,0.396,0.02,0.074
582,,0.03,0.264,0.63,0.576,0.65,0.386,0.01,0.064
583,,0.02,0.254,0.62,0.566,0.64,0.376,0.0,0.054
584,,0.01,0.244,0.61,0.556,0.63,0.366,-0.01,0.044
585,7,0.1,0.051,0.3,0.363,0.72,0.739,0.99,0.417
586,7,0.19,-0.142,-0.01,0.17,0.81,1.0,1.0,0.79
587,2,0.563,0.858,0.363,0.26,0.617,0.69,0.807,0.88
588,2,0.936,1.0,0.736,0.35,0.424,0.38,0.614,0.97
589,,0.926,0.99,0.726,0.34,0.414,0.37,0.604,0.96
590,,0.916,0.98,0.716,0.33,0.404,0.36,0.594,0.95
591,,0.906,0.97,0.706,0.32,0.394,0.35,0.584,0.94
592,,0.896,0.96,0.696,0.31,0.384,0.34,0.574,0.93
593,,0.886,0.95,0.686,0.3,0.374,0.33,0.564,0.92
594,,0.876,0.94,0.676,0.29,0.364,0.32,0.554,0.91
595,,0.866,0.93,0.666,0.28,0.354,0.31,0.544,0.9
596,,0.856,0.92,0.656,0.27,0.344,0.3,0.534,0.89
597,,0.846,0.91,0.646,0.26,0.334,0.29,0.524,0.88
598,,0.836,0.9,0.636,0.25,0.324,0.28,0.514,0.87
599,,0.826,0.89,0.626,0.24,0.314,0.27,0.504,0.86
600,,0.816,0.88,0.616,0.23,0.304,0.26,0.494,0.85
601,,0.806,0.87,0.606,0.22,0.294,0.25,0.484,0.84
602,,0.796,0.86,0.596,0.21,0.284,0.24,0.474,0.83
603,,0.786,0.85,0.586,0.2,0.274,0.23,0.464,0.82
604,,0.776,0.84,0.576,0.19,0.264,0.22,0.454,0.81
605,,0.766,0.83,0.566,0.18,0.254,0.21,0.444,0.8
606,,0.756,0.82,0.556,0.17,0.244,0.2,0.434,0.79
607,,0.746,0.81,0.546,0.16,0.234,0.19,0.424,0.78
608,,0.736,0.8,0.536,0.15,0.224,0.18,0.414,0.77
609,,0.726,0.79,0.526,0.14,0.214,0.17,0.404,0.76
610,,0.716,0.78,0.516,0.13,0.204,0.16,0.394,0.75
611,,0.706,0.77,0.506,0.12,0.194,0.15,0.384,0.74
612,,0.696,0.76,0.496,0.11,0.184,0.14,0.374,0.73
613,,0.686,0.75,0.486,0.1,0.174,0.13,0.364,0.72
614,,0.676,0.74,0.476,0.09,0.164,0.12,0.354,0.71
615,,0.666,0.73,0.466,0.08,0.154,0.11,0.344,0.7
616,,0.656,0.72,0.456,0.07,0.144,0.1,0.334,0.69
617,,0.646,0.71,0.446,0.06,0.134,0.09,0.324,0.68
618,,0.636,0.7,0.436,0.05,0.124,0.08,0.314,0.67
619,,0.626,0.69,0.426,0.04,0.114,0.07,0.304,0.66
620,,0.616,0.68,0.416,0.03,0.104,0.06,0.294,0.65
621,,0.606,0.67,0.406,0.02,0.094,0.05,0.284,0.64
622,,0.596,0.66,0.396,0.01,0.084,0.04,0.274,0.63
623,,0.586,0.65,0.386,0.0,0.074,0.03,0.264,0.62
624,,0.576,0.64,0.376,-0.01,0.064,0.02,0.254,0.61
625,4,0.383,0.73,0.749,0.99,0.437,0.11,0.061,0.3
626,4,0.19,0.82,1.0,1.0,0.81,0.2,-0.132,-0.01
627,7,0.28,0.627,0.69,0.807,0.9,0.573,0.868,0.363
628,7,0.37,0.434,0.38,0.614,0.99,0.946,1.0,0.736
629,,0.36,0.424,0.37,0.604,0.98,0.936,0.99,0.726
630,,0.35,0.414,0.36,0.594,0.97,0.926,0.98,0.716
631,,0.34,0.404,0.35,0.584,0.96,0.916,0.97,0.706
632,,0.33,0.394,0.34,0.574,0.95,0.906,0.96,0.696
633,,0.32,0.384,0.33,0.564,0.94,0.896,0.95,0.686
634,,0.31,0.374,0.32,0.554,0.93,0.886,0.94,0.676
635,,0.3,0.364,0.31,0.544,0.92,0.876,0.93,0.666
636,,0.29,0.354,0.3,0.534,0.91,0.866,0.92,0.656
637,,0.28,0.344,0.29,0.524,0.9,0.856,0.91,0.646
638,,0.27,0.334,0.28,0.514,0.89,0.846,0.9,0.636
639,,0.26,0.324,0.27,0.504,0.88,0.836,0.89,0.626
640,,0.25,0.314,0.26,0.494,0.87,0.826,0.88,0.616
641,,0.24,0.304,0.25,0.484,0.86,0.816,0.87,0.606
642,,0.23,0.294,0.24,0.474,0.85,0.806,0.86,0.596
643,,0.22,0.284,0.23,0.464,0.84,0.796,0.85,0.586
644,,0.21,0.274,0.22,0.454,0.83,0.786,0.84,0.576
645,,0.2,0.264,0.21,0.444,0.82,0.776,0.83,0.566
646,,0.19,0.254,0.2,0.434,0.81,0.766,0.82,0.556
647,,0.18,0.244,0.19,0.424,0.8,0.756,0.81,0.546
648,,0.17,0.234,0.18,0.414,0.79,0.746,0.8,0.536
649,,0.16,0.224,0.17,0.404,0.78,0.736,0.79,0.526
650,,0.15,0.214,0.16,0.394,0.77,0.726,0.78,0.516
651,,0.14,0.204,0.15,0.384,0.76,0.716,0.77,0.506
652,,0.13,0.194,0.14,0.374,0.75,0.706,0.76,0.496
653,,0.12,0.184,0.13,0.364,0.74,0.696,0.75,0.486
654,,0.11,0.174,0.12,0.354,0.73,0.686,0.74,0.476
655,,0.1,0.164,0.11,0.344,0.72,0.676,0.73,0.466
656,,0.09,0.154,0.1,0.334,0.71,0.666,0.72,0.456
657,,0.08,0.144,0.09,0.324,0.7,0.656,0.71,0.446
658,,0.07,0.134,0.08,0.314,0.69,0.646,0.7,0.436
659,,0.06,0.124,0.07,0.304,0.68,0.636,0.69,0.426
660,,0.05,0.114,0.06,0.294,0.67,0.626,0.68,0.416
661,,0.04,0.104,0.05,0.284,0.66,0.616,0.67,0.406
662,,0.03,0.094,0.04,0.274,0.65,0.606,0.66,0.396
663,,0.02,0.084,0.03,0.264,0.64,0.596,0.65,0.386
664,,0.01,0.074,0.02,0.254,0.63,0.586,0.64,0.376
665,,0.0,0.064,0.01,0.244,0.62,0.576,0.63,0.366
666,,-0.01,0.054,0.0,0.234,0.61,0.566,0.62,0.356
667,1,0.99,0.427,0.09,0.041,0.3,0.373,0.71,0.729
668,1,1.0,0.8,0.18,-0.152,-0.01,0.18,0.8,1.0
669,4,0.807,0.89,0.553,0.848,0.363,0.27,0.607,0.69
670,4,0.614,0.98,0.926,1.0,0.736,0.36,0.414,0.38
671,,0.604,0.97,0.916,0.99,0.726,0.35,0.404,0.37
672,,0.594,0.96,0.906,0.98,0.716,0.34,0.394,0.36
673,,0.584,0.95,0.896,0.97,0.706,0.33,0.384,0.35
674,,0.574,0.94,0.886,0.96,0.696,0.32,0.374,0.34
675,,0.564,0.93,0.876,0.95,0.686,0.31,0.364,0.33
676,,0.554,0.92,0.866,0.94,0.676,0.3,0.354,0.32
677,,0.544,0.91,0.856,0.93,0.666,0.29,0.344,0.31
678,,0.534,0.9,0.846,0.92,0.656,0.28,0.334,0.3
679,,0.524,0.89,0.836,0.91,0.646,0.27,0.324,0.29
680,,0.514,0.88,0.826,0.9,0.636,0.26,0.314,0.28
681,,0.504,0.87,0.816,0.89,0.626,0.25,0.304,0.27
682,,0.494,0.86,0.806,0.88,0.616,0.24,0.294,0.26
683,,0.484,0.85,0.796,0.87,0.606,0.23,0.284,0.25
684,,0.474,0.84,0.786,0.86,0.596,0.22,0.274,0.24
685,,0.464,0.83,0.776,0.85,0.586,0.21,0.264,0.23
686,,0.454,0.82,0.766,0.84,0.576,0.2,0.254,0.22
687,,0.444,0.81,0.756,0.83,0.566,0.19,0.244,0.21
688,,0.434,0.8,0.746,0.82,0.556,0.18,0.234,0.2
689,,0.424,0.79,0.736,0.81,0.546,0.17,0.224,0.19
690,,0.414,0.78,0.726,0.8,0.536,0.16,0.214,0.18
691,,0.404,0.77,0.716,0.79,0.526,0.15,0.204,0.17
692,,0.394,0.76,0.706,0.78,0.516,0.14,0.194,0.16
693,,0.384,0.75,0.696,0.77,0.506,0.13,0.184,0.15
694,,0.374,0.74,0.686,0.76,0.496,0.12,0.174,0.14
695,,0.364,0.73,0.676,0.75,0.486,0.11,0.164,0.13
696,,0.354,0.72,0.666,0.74,0.476,0.1,0.154,0.12
697,,0.344,0.71,0.656,0.73,0.466,0.09,0.144,0.11
698,,0.334,0.7,0.646,0.72,0.456,0.08,0.134,0.1
699,,0.324,0.69,0.636,0.71,0.446,0.07,0.124,0.09
700,,0.314,0.68,0.626,0.7,0.436,0.06,0.114,0.08
701,,0.304,0.67,0.616,0.69,0.426,0.05,0.104,0.07
702,,0.294,0.66,0.606,0.68,0.416,0.04,0.094,0.06
703,,0.284,0.65,0.596,0.67,0.406,0.03,0.084,0.05
704,,0.274,0.64,0.586,0.66,0.396,0.02,0.074,0.04
705,,0.264,0.63,0.576,0.65,0.386,0.01,0.064,0.03
706,,0.254,0.62,0.566,0.64,0.376,0.0,0.054,0.02
707,,0.244,0.61,0.556,0.63,0.366,-0.01,0.044,0.01
708,6,0.051,0.3,0.363,0.72,0.739,0.99,0.417,0.1
709,6,-0.142,-0.01,0.17,0.81,1.0,1.0,0.79,0.19
710,1,0.858,0.363,0.26,0.617,0.69,0.807,0.88,0.563
711,1,1.0,0.736,0.35,0.424,0.38,0.614,0.97,0.936
712,,0.99,0.726,0.34,0.414,0.37,0.604,0.96,0.926
713,,0.98,0.716,0.33,0.404,0.36,0.594,0.95,0.916
714,,0.97,0.706,0.32,0.394,0.35,0.584,0.94,0.906
715,,0.96,0.696,0.31,0.384,0.34,0.574,0.93,0.896
716,,0.95,0.686,0.3,0.374,0.33,0.564,0.92,0.886
717,,0.94,0.676,0.29,0.364,0.32,0.554,0.91,0.876
718,,0.93,0.666,0.28,0.354,0.31,0.544,0.9,0.866
719,,0.92,0.656,0.27,0.344,0.3,0.534,0.89,0.856
720,,0.91,0.646,0.26,0.334,0.29,0.524,0.88,0.846
721,,0.9,0.636,0.25,0.324,0.28,0.514,0.87,0.836
722,,0.89,0.626,0.24,0.314,0.27,0.504,0.86,0.826
723,,0.88,0.616,0.23,0.304,0.26,0.494,0.85,0.816
724,,0.87,0.606,0.22,0.294,0.25,0.484,0.84,0.806
725,,0.86,0.596,0.21,0.284,0.24,0.474,0.83,0.796
726,,0.85,0.586,0.2,0.274,0.23,0.464,0.82,0.786
727,,0.84,0.576,0.19,0.264,0.22,0.454,0.81,0.776
728,,0.83,0.566,0.18,0.254,0.21,0.444,0.8,0.766
729,,0.82,0.556,0.17,0.244,0.2,0.434,0.79,0.756
730,,0.81,0.546,0.16,0.234,0.19,0.424,0.78,0.746
731,,0.8,0.536,0.15,0.224,0.18,0.414,0.77,0.736
732,,0.79,0.526,0.14,0.214,0.17,0.404,0.76,0.726
733,,0.78,0.516,0.13,0.204,0.16,0.394,0.75,0.716
734,,0.77,0.506,0.12,0.194,0.15,0.384,0.74,0.706
735,,0.76,0.496,0.11,0.184,0.14,0.374,0.73,0.696
736,,0.75,0.486,0.1,0.174,0.13,0.364,0.72,0.686
737,,0.74,0.476,0.09,0.164,0.12,0.354,0.71,0.676
738,,0.73,0.466,0.08,0.154,0.11,0.344,0.7,0.666
739,,0.72,0.456,0.07,0.144,0.1,0.334,0.69,0.656
740,,0.71,0.446,0.06,0.134,0.09,0.324,0.68,0.646
741,,0.7,0.436,0.05,0.124,0.08,0.314,0.67,0.636
742,,0.69,0.426,0.04,0.114,0.07,0.304,0.66,0.626
743,,0.68,0.416,0.03,0.104,0.06,0.294,0.65,0.616
744,,0.67,0.406,0.02,0.094,0.05,0.284,0.64,0.606
745,,0.66,0.396,0.01,0.084,0.04,0.274,0.63,0.596
746,,0.65,0.386,0.0,0.074,0.03,0.264,0.62,0.586
747,,0.64,0.376,-0.01,0.064,0.02,0.254,0.61,0.576
748,3,0.73,0.749,0.99,0.437,0.11,0.061,0.3,0.383
749,3,0.82,1.0,1.0,0.81,0.2,-0.132,-0.01,0.19
750,6,0.627,0.69,0.807,0.9,0.573,0.868,0.363,0.28
751,6,0.434,0.38,0.614,0.99,0.946,1.0,0.736,0.37
752,,0.424,0.37,0.604,0.98,0.936,0.99,0.726,0.36
753,,0.414,0.36,0.594,0.97,0.926,0.98,0.716,0.35
754,,0.404,0.35,0.584,0.96,0.916,0.97,0.706,0.34
755,,0.394,0.34,0.574,0.95,0.906,0.96,0.696,0.33
756,,0.384,0.33,0.564,0.94,0.896,0.95,0.686,0.32
757,,0.374,0.32,0.554,0.93,0.886,0.94,0.676,0.31
758,,0.364,0.31,0.544,0.92,0.876,0.93,0.666,0.3
759,,0.354,0.3,0.534,0.91,0.866,0.92,0.656,0.29
760,,0.344,0.29,0.524,0.9,0.856,0.91,0.646,0.28
761,,0.334,0.28,0.514,0.89,0.846,0.9,0.636,0.27
762,,0.324,0.27,0.504,0.88,0.836,0.89,0.626,0.26
763,,0.314,0.26,0.494,0.87,0.826,0.88,0.616,0.25
764,,0.304,0.25,0.484,0.86,0.816,0.87,0.606,0.24
765,,0.294,0.24,0.474,0.85,0.806,0.86,0.596,0.23
766,,0.284,0.23,0.464,0.84,0.796,0.85,0.586,0.22
767,,0.274,0.22,0.454,0.83,0.786,0.84,0.576,0.21
768,,0.264,0.21,0.444,0.82,0.776,0.83,0.566,0.2
769,,0.254,0.2,0.434,0.81,0.766,0.82,0.556,0.19
770,,0.244,0.19,0.424,0.8,0.756,0.81,0.546,0.18
771,,0.234,0.18,0.414,0.79,0.746,0.8,0.536,0.17
772,,0.224,0.17,0.404,0.78,0.736,0.79,0.526,0.16
773,,0.214,0.16,0.394,0.77,0.726,0.78,0.516,0.15
774,,0.204,0.15,0.384,0.76,0.716,0.77,0.506,0.14
775,,0.194,0.14,0.374,0.75,0.706,0.76,0.496,0.13
776,,0.184,0.13,0.364,0.74,0.696,0.75,0.486,0.12
777,,0.174,0.12,0.354,0.73,0.686,0.74,0.476,0.11
778,,0.164,0.11,0.344,0.72,0.676,0.73,0.466,0.1
779,,0.154,0.1,0.334,0.71,0.666,0.72,0.456,0.09
780,,0.144,0.09,0.324,0.7,0.656,0.71,0.446,0.08
781,,0.134,0.08,0.314,0.69,0.646,0.7,0.436,0.07
782,,0.124,0.07,0.304,0.68,0.636,0.69,0.426,0.06
783,,0.114,0.06,0.294,0.67,0.626,0.68,0.416,0.05
784,,0.104,0.05,0.284,0.66,0.616,0.67,0.406,0.04
785,,0.094,0.04,0.274,0.65,0.606,0.66,0.396,0.03
786,,0.084,0.03,0.264,0.64,0.596,0.65,0.386,0.02
787,,0.074,0.02,0.254,0.63,0.586,0.64,0.376,0.01
788,,0.064,0.01,0.244,0.62,0.576,0.63,0.366,0.0
789,,0.054,0.0,0.234,0.61,0.566,0.62,0.356,-0.01
790,8,0.427,0.09,0.041,0.3,0.373,0.71,0.729,0.99
791,8,0.8,0.18,-0.152,-0.01,0.18,0.8,1.0,1.0
792,3,0.89,0.553,0.848,0.363,0.27,0.607,0.69,0.807
793,3,0.98,0.926,1.0,0.736,0.36,0.414,0.38,0.614
794,,0.97,0.916,0.99,0.726,0.35,0.404,0.37,0.604
795,,0.96,0.906,0.98,0.716,0.34,0.394,0.36,0.594
