step,active_motive,motive_1,motive_2,motive_3,motive_4,motive_5,motive_6,motive_7,motive_8
0,,0.73625,0.52984,0.70723,0.76778,0.08729,0.5061,0.93201,0.32064
1,,0.58625,0.37984,0.55723,0.61778,-0.06271,0.3561,0.78201,0.17064
2,5,0.53625,0.41784,0.80723,1.0,0.93729,0.8181,1.0,0.20864
3,5,0.48625,0.45584,1.0,1.0,1.0,1.0,1.0,0.24664
4,,0.33625,0.30584,0.85,0.85,0.85,0.85,0.85,0.09664
5,,0.18625,0.15584,0.7,0.7,0.7,0.7,0.7,-0.05336
6,8,0.64825,0.40584,0.738,0.65,0.738,0.95,1.0,0.94664
7,8,1.0,0.65584,0.776,0.6,0.776,1.0,1.0,1.0
8,,0.85,0.50584,0.626,0.45,0.626,0.85,0.85,0.85
9,,0.7,0.35584,0.476,0.3,0.476,0.7,0.7,0.7
10,,0.55,0.20584,0.326,0.15,0.326,0.55,0.55,0.55
11,,0.4,0.05584,0.176,0.0,0.176,0.4,0.4,0.4
12,,0.25,-0.09416,0.026,-0.15,0.026,0.25,0.25,0.25
13,4,0.288,0.15584,0.488,0.85,0.488,0.5,0.288,0.2
14,4,0.326,0.40584,0.95,1.0,0.95,0.75,0.326,0.15
15,,0.176,0.25584,0.8,0.85,0.8,0.6,0.176,0.0
16,,0.026,0.10584,0.65,0.7,0.65,0.45,0.026,-0.15
17,8,0.488,0.35584,0.688,0.65,0.688,0.7,0.488,0.85
18,8,0.95,0.60584,0.726,0.6,0.726,0.95,0.95,1.0
19,,0.8,0.45584,0.576,0.45,0.576,0.8,0.8,0.85
20,,0.65,0.30584,0.426,0.3,0.426,0.65,0.65,0.7
21,,0.5,0.15584,0.276,0.15,0.276,0.5,0.5,0.55
22,,0.35,0.00584,0.126,0.0,0.126,0.35,0.35,0.4
23,,0.2,-0.14416,-0.024,-0.15,-0.024,0.2,0.2,0.25
24,4,0.238,0.10584,0.438,0.85,0.438,0.45,0.238,0.2
25,4,0.276,0.35584,0.9,1.0,0.9,0.7,0.276,0.15
26,,0.126,0.20584,0.75,0.85,0.75,0.55,0.126,0.0
27,,-0.024,0.05584,0.6,0.7,0.6,0.4,-0.024,-0.15
28,8,0.438,0.30584,0.638,0.65,0.638,0.65,0.438,0.85
29,8,0.9,0.55584,0.676,0.6,0.676,0.9,0.9,1.0
30,,0.75,0.40584,0.526,0.45,0.526,0.75,0.75,0.85
31,,0.6,0.25584,0.376,0.3,0.376,0.6,0.6,0.7
32,,0.45,0.10584,0.226,0.15,0.226,0.45,0.45,0.55
33,,0.3,-0.04416,0.076,0.0,0.076,0.3,0.3,0.4
34,2,0.762,0.95584,0.538,0.25,0.114,0.25,0.338,0.65
35,2,1.0,1.0,1.0,0.5,0.152,0.2,0.376,0.9
36,,0.85,0.85,0.85,0.35,0.002,0.05,0.226,0.75
37,,0.7,0.7,0.7,0.2,-0.148,-0.1,0.076,0.6
38,5,0.65,0.738,0.95,0.662,0.852,0.362,0.326,0.638
39,5,0.6,0.776,1.0,1.0,1.0,0.824,0.576,0.676
40,,0.45,0.626,0.85,0.85,0.85,0.674,0.426,0.526
41,,0.3,0.476,0.7,0.7,0.7,0.524,0.276,0.376
42,,0.15,0.326,0.55,0.55,0.55,0.374,0.126,0.226
43,,0.0,0.176,0.4,0.4,0.4,0.224,-0.024,0.076
44,7,0.25,0.214,0.35,0.438,0.65,0.686,0.976,0.538
45,7,0.5,0.252,0.3,0.476,0.9,1.0,1.0,1.0
46,,0.35,0.102,0.15,0.326,0.75,0.85,0.85,0.85
47,,0.2,-0.048,0.0,0.176,0.6,0.7,0.7,0.7
48,2,0.662,0.952,0.462,0.426,0.638,0.65,0.738,0.95
49,2,1.0,1.0,0.924,0.676,0.676,0.6,0.776,1.0
50,,0.85,0.85,0.774,0.526,0.526,0.45,0.626,0.85
51,,0.7,0.7,0.624,0.376,0.376,0.3,0.476,0.7
52,,0.55,0.55,0.474,0.226,0.226,0.15,0.326,0.55
53,,0.4,0.4,0.324,0.076,0.076,0.0,0.176,0.4
54,,0.25,0.25,0.174,-0.074,-0.074,-0.15,0.026,0.25
55,6,0.288,0.2,0.212,0.176,0.388,0.85,0.488,0.5
56,6,0.326,0.15,0.25,0.426,0.85,1.0,0.95,0.75
57,,0.176,0.0,0.1,0.276,0.7,0.85,0.8,0.6
58,,0.026,-0.15,-0.05,0.126,0.55,0.7,0.65,0.45
59,2,0.488,0.85,0.412,0.376,0.588,0.65,0.688,0.7
60,2,0.95,1.0,0.874,0.626,0.626,0.6,0.726,0.95
61,,0.8,0.85,0.724,0.476,0.476,0.45,0.576,0.8
62,,0.65,0.7,0.574,0.326,0.326,0.3,0.426,0.65
63,,0.5,0.55,0.424,0.176,0.176,0.15,0.276,0.5
64,,0.35,0.4,0.274,0.026,0.026,0.0,0.126,0.35
65,,0.2,0.25,0.124,-0.124,-0.124,-0.15,-0.024,0.2
66,6,0.238,0.2,0.162,0.126,0.338,0.85,0.438,0.45
67,6,0.276,0.15,0.2,0.376,0.8,1.0,0.9,0.7
68,,0.126,0.0,0.05,0.226,0.65,0.85,0.75,0.55
69,,-0.024,-0.15,-0.1,0.076,0.5,0.7,0.6,0.4
70,2,0.438,0.85,0.362,0.326,0.538,0.65,0.638,0.65
71,2,0.9,1.0,0.824,0.576,0.576,0.6,0.676,0.9
72,,0.75,0.85,0.674,0.426,0.426,0.45,0.526,0.75
73,,0.6,0.7,0.524,0.276,0.276,0.3,0.376,0.6
74,,0.45,0.55,0.374,0.126,0.126,0.15,0.226,0.45
75,,0.3,0.4,0.224,-0.024,-0.024,0.0,0.076,0.3
76,4,0.338,0.65,0.686,0.976,0.438,0.25,0.114,0.25
77,4,0.376,0.9,1.0,1.0,0.9,0.5,0.152,0.2
78,,0.226,0.75,0.85,0.85,0.75,0.35,0.002,0.05
79,,0.076,0.6,0.7,0.7,0.6,0.2,-0.148,-0.1
80,7,0.326,0.638,0.65,0.738,0.85,0.662,0.852,0.362
81,7,0.576,0.676,0.6,0.776,1.0,1.0,1.0,0.824
82,,0.426,0.526,0.45,0.626,0.85,0.85,0.85,0.674
83,,0.276,0.376,0.3,0.476,0.7,0.7,0.7,0.524
84,,0.126,0.226,0.15,0.326,0.55,0.55,0.55,0.374
85,,-0.024,0.076,0.0,0.176,0.4,0.4,0.4,0.224
86,1,0.976,0.538,0.25,0.214,0.35,0.438,0.65,0.686
87,1,1.0,1.0,0.5,0.252,0.3,0.476,0.9,1.0
88,,0.85,0.85,0.35,0.102,0.15,0.326,0.75,0.85
89,,0.7,0.7,0.2,-0.048,0.0,0.176,0.6,0.7
90,4,0.738,0.95,0.662,0.952,0.462,0.426,0.638,0.65
91,4,0.776,1.0,1.0,1.0,0.924,0.676,0.676,0.6
92,,0.626,0.85,0.85,0.85,0.774,0.526,0.526,0.45
93,,0.476,0.7,0.7,0.7,0.624,0.376,0.376,0.3
94,,0.326,0.55,0.55,0.55,0.474,0.226,0.226,0.15
95,,0.176,0.4,0.4,0.4,0.324,0.076,0.076,0.0
96,,0.026,0.25,0.25,0.25,0.174,-0.074,-0.074,-0.15
97,8,0.488,0.5,0.288,0.2,0.212,0.176,0.388,0.85
98,8,0.95,0.75,0.326,0.15,0.25,0.426,0.85,1.0
99,,0.8,0.6,0.176,0.0,0.1,0.276,0.7,0.85
100,,0.65,0.45,0.026,-0.15,-0.05,0.126,0.55,0.7
101,4,0.688,0.7,0.488,0.85,0.412,0.376,0.588,0.65
102,4,0.726,0.95,0.95,1.0,0.874,0.626,0.626,0.6
103,,0.576,0.8,0.8,0.85,0.724,0.476,0.476,0.45
104,,0.426,0.65,0.65,0.7,0.574,0.326,0.326,0.3
105,,0.276,0.5,0.5,0.55,0.424,0.176,0.176,0.15
106,,0.126,0.35,0.35,0.4,0.274,0.026,0.026,0.0
107,,-0.024,0.2,0.2,0.25,0.124,-0.124,-0.124,-0.15
108,8,0.438,0.45,0.238,0.2,0.162,0.126,0.338,0.85
109,8,0.9,0.7,0.276,0.15,0.2,0.376,0.8,1.0
110,,0.75,0.55,0.126,0.0,0.05,0.226,0.65,0.85
111,,0.6,0.4,-0.024,-0.15,-0.1,0.076,0.5,0.7
112,4,0.638,0.65,0.438,0.85,0.362,0.326,0.538,0.65
113,4,0.676,0.9,0.9,1.0,0.824,0.576,0.576,0.6
114,,0.526,0.75,0.75,0.85,0.674,0.426,0.426,0.45
115,,0.376,0.6,0.6,0.7,0.524,0.276,0.276,0.3
116,,0.226,0.45,0.45,0.55,0.374,0.126,0.126,0.15
117,,0.076,0.3,0.3,0.4,0.224,-0.024,-0.024,0.0
118,6,0.114,0.25,0.338,0.65,0.686,0.976,0.438,0.25
119,6,0.152,0.2,0.376,0.9,1.0,1.0,0.9,0.5
120,,0.002,0.05,0.226,0.75,0.85,0.85,0.75,0.35
121,,-0.148,-0.1,0.076,0.6,0.7,0.7,0.6,0.2
122,1,0.852,0.362,0.326,0.638,0.65,0.738,0.85,0.662
123,1,1.0,0.824,0.576,0.676,0.6,0.776,1.0,1.0
124,,0.85,0.674,0.426,0.526,0.45,0.626,0.85,0.85
125,,0.7,0.524,0.276,0.376,0.3,0.476,0.7,0.7
126,,0.55,0.374,0.126,0.226,0.15,0.326,0.55,0.55
127,,0.4,0.224,-0.024,0.076,0.0,0.176,0.4,0.4
128,3,0.65,0.686,0.976,0.538,0.25,0.214,0.35,0.438
129,3,0.9,1.0,1.0,1.0,0.5,0.252,0.3,0.476
130,,0.75,0.85,0.85,0.85,0.35,0.102,0.15,0.326
131,,0.6,0.7,0.7,0.7,0.2,-0.048,0.0,0.176
132,6,0.638,0.65,0.738,0.95,0.662,0.952,0.462,0.426
133,6,0.676,0.6,0.776,1.0,1.0,1.0,0.924,0.676
134,,0.526,0.45,0.626,0.85,0.85,0.85,0.774,0.526
135,,0.376,0.3,0.476,0.7,0.7,0.7,0.624,0.376
136,,0.226,0.15,0.326,0.55,0.55,0.55,0.474,0.226
137,,0.076,0.0,0.176,0.4,0.4,0.4,0.324,0.076
138,,-0.074,-0.15,0.026,0.25,0.25,0.25,0.174,-0.074
139,2,0.388,0.85,0.488,0.5,0.288,0.2,0.212,0.176
140,2,0.85,1.0,0.95,0.75,0.326,0.15,0.25,0.426
141,,0.7,0.85,0.8,0.6,0.176,0.0,0.1,0.276
142,,0.55,0.7,0.65,0.45,0.026,-0.15,-0.05,0.126
143,6,0.588,0.65,0.688,0.7,0.488,0.85,0.412,0.376
144,6,0.626,0.6,0.726,0.95,0.95,1.0,0.874,0.626
145,,0.476,0.45,0.576,0.8,0.8,0.85,0.724,0.476
146,,0.326,0.3,0.426,0.65,0.65,0.7,0.574,0.326
147,,0.176,0.15,0.276,0.5,0.5,0.55,0.424,0.176
148,,0.026,0.0,0.126,0.35,0.35,0.4,0.274,0.026
149,,-0.124,-0.15,-0.024,0.2,0.2,0.25,0.124,-0.124
150,2,0.338,0.85,0.438,0.45,0.238,0.2,0.162,0.126
151,2,0.8,1.0,0.9,0.7,0.276,0.15,0.2,0.376
152,,0.65,0.85,0.75,0.55,0.126,0.0,0.05,0.226
153,,0.5,0.7,0.6,0.4,-0.024,-0.15,-0.1,0.076
154,6,0.538,0.65,0.638,0.65,0.438,0.85,0.362,0.326
155,6,0.576,0.6,0.676,0.9,0.9,1.0,0.824,0.576
156,,0.426,0.45,0.526,0.75,0.75,0.85,0.674,0.426
157,,0.276,0.3,0.376,0.6,0.6,0.7,0.524,0.276
158,,0.126,0.15,0.226,0.45,0.45,0.55,0.374,0.126
159,,-0.024,0.0,0.076,0.3,0.3,0.4,0.224,-0.024
160,8,0.438,0.25,0.114,0.25,0.338,0.65,0.686,0.976
161,8,0.9,0.5,0.152,0.2,0.376,0.9,1.0,1.0
162,,0.75,0.35,0.002,0.05,0.226,0.75,0.85,0.85
163,,0.6,0.2,-0.148,-0.1,0.076,0.6,0.7,0.7
164,3,0.85,0.662,0.852,0.362,0.326,0.638,0.65,0.738
165,3,1.0,1.0,1.0,0.824,0.576,0.676,0.6,0.776
166,,0.85,0.85,0.85,0.674,0.426,0.526,0.45,0.626
167,,0.7,0.7,0.7,0.524,0.276,0.376,0.3,0.476
168,,0.55,0.55,0.55,0.374,0.126,0.226,0.15,0.326
169,,0.4,0.4,0.4,0.224,-0.024,0.076,0.0,0.176
170,5,0.35,0.438,0.65,0.686,0.976,0.538,0.25,0.214
171,5,0.3,0.476,0.9,1.0,1.0,1.0,0.5,0.252
172,,0.15,0.326,0.75,0.85,0.85,0.85,0.35,0.102
173,,0.0,0.176,0.6,0.7,0.7,0.7,0.2,-0.048
174,8,0.462,0.426,0.638,0.65,0.738,0.95,0.662,0.952
175,8,0.924,0.676,0.676,0.6,0.776,1.0,1.0,1.0
176,,0.774,0.526,0.526,0.45,0.626,0.85,0.85,0.85
177,,0.624,0.376,0.376,0.3,0.476,0.7,0.7,0.7
178,,0.474,0.226,0.226,0.15,0.326,0.55,0.55,0.55
179,,0.324,0.076,0.076,0.0,0.176,0.4,0.4,0.4
180,,0.174,-0.074,-0.074,-0.15,0.026,0.25,0.25,0.25
181,4,0.212,0.176,0.388,0.85,0.488,0.5,0.288,0.2
182,4,0.25,0.426,0.85,1.0,0.95,0.75,0.326,0.15
183,,0.1,0.276,0.7,0.85,0.8,0.6,0.176,0.0
184,,-0.05,0.126,0.55,0.7,0.65,0.45,0.026,-0.15
185,8,0.412,0.376,0.588,0.65,0.688,0.7,0.488,0.85
186,8,0.874,0.626,0.626,0.6,0.726,0.95,0.95,1.0
187,,0.724,0.476,0.476,0.45,0.576,0.8,0.8,0.85
188,,0.574,0.326,0.326,0.3,0.426,0.65,0.65,0.7
189,,0.424,0.176,0.176,0.15,0.276,0.5,0.5,0.55
190,,0.274,0.026,0.026,0.0,0.126,0.35,0.35,0.4
191,,0.124,-0.124,-0.124,-0.15,-0.024,0.2,0.2,0.25
192,4,0.162,0.126,0.338,0.85,0.438,0.45,0.238,0.2
193,4,0.2,0.376,0.8,1.0,0.9,0.7,0.276,0.15
194,,0.05,0.226,0.65,0.85,0.75,0.55,0.126,0.0
195,,-0.1,0.076,0.5,0.7,0.6,0.4,-0.024,-0.15
196,8,0.362,0.326,0.538,0.65,0.638,0.65,0.438,0.85
197,8,0.824,0.576,0.576,0.6,0.676,0.9,0.9,1.0
198,,0.674,0.426,0.426,0.45,0.526,0.75,0.75,0.85
199,,0.524,0.276,0.276,0.3,0.376,0.6,0.6,0.7
200,,0.374,0.126,0.126,0.15,0.226,0.45,0.45,0.55
201,,0.224,-0.024,-0.024,0.0,0.076,0.3,0.3,0.4
202,3,0.474,0.438,0.976,0.462,0.326,0.338,0.25,0.438
203,3,0.724,0.9,1.0,0.924,0.576,0.376,0.2,0.476
204,,0.574,0.75,0.85,0.774,0.426,0.226,0.05,0.326
205,,0.424,0.6,0.7,0.624,0.276,0.076,-0.1,0.176
206,7,0.674,0.638,0.65,0.662,0.526,0.538,0.9,0.638
207,7,0.924,0.676,0.6,0.7,0.776,1.0,1.0,1.0
208,,0.774,0.526,0.45,0.55,0.626,0.85,0.85,0.85
209,,0.624,0.376,0.3,0.4,0.476,0.7,0.7,0.7
210,,0.474,0.226,0.15,0.25,0.326,0.55,0.55,0.55
211,,0.324,0.076,0.0,0.1,0.176,0.4,0.4,0.4
212,,0.174,-0.074,-0.15,-0.05,0.026,0.25,0.25,0.25
213,3,0.424,0.388,0.85,0.412,0.276,0.288,0.2,0.288
214,3,0.674,0.85,1.0,0.874,0.526,0.326,0.15,0.326
215,,0.524,0.7,0.85,0.724,0.376,0.176,0.0,0.176
216,,0.374,0.55,0.7,0.574,0.226,0.026,-0.15,0.026
217,7,0.624,0.588,0.65,0.612,0.476,0.488,0.85,0.488
218,7,0.874,0.626,0.6,0.65,0.726,0.95,1.0,0.95
219,,0.724,0.476,0.45,0.5,0.576,0.8,0.85,0.8
220,,0.574,0.326,0.3,0.35,0.426,0.65,0.7,0.65
221,,0.424,0.176,0.15,0.2,0.276,0.5,0.55,0.5
222,,0.274,0.026,0.0,0.05,0.126,0.35,0.4,0.35
223,,0.124,-0.124,-0.15,-0.1,-0.024,0.2,0.25,0.2
224,3,0.374,0.338,0.85,0.362,0.226,0.238,0.2,0.238
225,3,0.624,0.8,1.0,0.824,0.476,0.276,0.15,0.276
226,,0.474,0.65,0.85,0.674,0.326,0.126,0.0,0.126
227,,0.324,0.5,0.7,0.524,0.176,-0.024,-0.15,-0.024
228,7,0.574,0.538,0.65,0.562,0.426,0.438,0.85,0.438
229,7,0.824,0.576,0.6,0.6,0.676,0.9,1.0,0.9
230,,0.674,0.426,0.45,0.45,0.526,0.75,0.85,0.75
231,,0.524,0.276,0.3,0.3,0.376,0.6,0.7,0.6
232,,0.374,0.126,0.15,0.15,0.226,0.45,0.55,0.45
233,,0.224,-0.024,0.0,0.0,0.076,0.3,0.4,0.3
234,2,0.686,0.976,0.462,0.25,0.114,0.25,0.438,0.55
235,2,1.0,1.0,0.924,0.5,0.152,0.2,0.476,0.8
236,,0.85,0.85,0.774,0.35,0.002,0.05,0.326,0.65
237,,0.7,0.7,0.624,0.2,-0.148,-0.1,0.176,0.5
238,5,0.65,0.738,0.874,0.662,0.852,0.362,0.426,0.538
239,5,0.6,0.776,1.0,1.0,1.0,0.824,0.676,0.576
240,,0.45,0.626,0.85,0.85,0.85,0.674,0.526,0.426
241,,0.3,0.476,0.7,0.7,0.7,0.524,0.376,0.276
242,,0.15,0.326,0.55,0.55,0.55,0.374,0.226,0.126
243,,0.0,0.176,0.4,0.4,0.4,0.224,0.076,-0.024
244,8,0.462,0.426,0.438,0.35,0.438,0.474,0.538,0.976
245,8,0.924,0.676,0.476,0.3,0.476,0.724,1.0,1.0
246,,0.774,0.526,0.326,0.15,0.326,0.574,0.85,0.85
247,,0.624,0.376,0.176,0.0,0.176,0.424,0.7,0.7
248,,0.474,0.226,0.026,-0.15,0.026,0.274,0.55,0.55
249,4,0.512,0.476,0.488,0.85,0.488,0.524,0.588,0.5
250,4,0.55,0.726,0.95,1.0,0.95,0.774,0.626,0.45
251,,0.4,0.576,0.8,0.85,0.8,0.624,0.476,0.3
252,,0.25,0.426,0.65,0.7,0.65,0.474,0.326,0.15
253,,0.1,0.276,0.5,0.55,0.5,0.324,0.176,0.0
254,,-0.05,0.126,0.35,0.4,0.35,0.174,0.026,-0.15
255,8,0.412,0.376,0.388,0.35,0.388,0.424,0.488,0.85
256,8,0.874,0.626,0.426,0.3,0.426,0.674,0.95,1.0
257,,0.724,0.476,0.276,0.15,0.276,0.524,0.8,0.85
258,,0.574,0.326,0.126,0.0,0.126,0.374,0.65,0.7
259,,0.424,0.176,-0.024,-0.15,-0.024,0.224,0.5,0.55
260,4,0.462,0.426,0.438,0.85,0.438,0.474,0.538,0.5
261,4,0.5,0.676,0.9,1.0,0.9,0.724,0.576,0.45
262,,0.35,0.526,0.75,0.85,0.75,0.574,0.426,0.3
263,,0.2,0.376,0.6,0.7,0.6,0.424,0.276,0.15
264,,0.05,0.226,0.45,0.55,0.45,0.274,0.126,0.0
265,,-0.1,0.076,0.3,0.4,0.3,0.124,-0.024,-0.15
266,8,0.362,0.326,0.338,0.35,0.338,0.374,0.438,0.85
267,8,0.824,0.576,0.376,0.3,0.376,0.624,0.9,1.0
268,,0.674,0.426,0.226,0.15,0.226,0.474,0.75,0.85
269,,0.524,0.276,0.076,0.0,0.076,0.324,0.6,0.7
270,,0.374,0.126,-0.074,-0.15,-0.074,0.174,0.45,0.55
271,4,0.412,0.376,0.388,0.85,0.388,0.424,0.488,0.5
272,4,0.45,0.626,0.85,1.0,0.85,0.674,0.526,0.45
273,,0.3,0.476,0.7,0.85,0.7,0.524,0.376,0.3
274,,0.15,0.326,0.55,0.7,0.55,0.374,0.226,0.15
275,,0.0,0.176,0.4,0.55,0.4,0.224,0.076,0.0
276,,-0.15,0.026,0.25,0.4,0.25,0.074,-0.074,-0.15
277,8,0.312,0.276,0.288,0.35,0.288,0.324,0.388,0.85
278,8,0.774,0.526,0.326,0.3,0.326,0.574,0.85,1.0
279,,0.624,0.376,0.176,0.15,0.176,0.424,0.7,0.85
280,,0.474,0.226,0.026,0.0,0.026,0.274,0.55,0.7
281,,0.324,0.076,-0.124,-0.15,-0.124,0.124,0.4,0.55
282,4,0.362,0.326,0.338,0.85,0.338,0.374,0.438,0.5
283,4,0.4,0.576,0.8,1.0,0.8,0.624,0.476,0.45
284,,0.25,0.426,0.65,0.85,0.65,0.474,0.326,0.3
285,,0.1,0.276,0.5,0.7,0.5,0.324,0.176,0.15
286,,-0.05,0.126,0.35,0.55,0.35,0.174,0.026,0.0
287,1,0.95,0.588,0.6,0.588,0.3,0.212,0.276,0.462
288,1,1.0,1.0,0.85,0.626,0.25,0.25,0.526,0.924
289,,0.85,0.85,0.7,0.476,0.1,0.1,0.376,0.774
290,,0.7,0.7,0.55,0.326,-0.05,-0.05,0.226,0.624
291,6,0.738,0.65,0.588,0.576,0.412,0.95,0.688,0.874
292,6,0.776,0.6,0.626,0.826,0.874,1.0,1.0,1.0
293,,0.626,0.45,0.476,0.676,0.724,0.85,0.85,0.85
294,,0.476,0.3,0.326,0.526,0.574,0.7,0.7,0.7
295,,0.326,0.15,0.176,0.376,0.424,0.55,0.55,0.55
296,,0.176,0.0,0.026,0.226,0.274,0.4,0.4,0.4
297,,0.026,-0.15,-0.124,0.076,0.124,0.25,0.25,0.25
298,2,0.488,0.85,0.338,0.326,0.162,0.2,0.288,0.5
299,2,0.95,1.0,0.8,0.576,0.2,0.15,0.326,0.75
300,,0.8,0.85,0.65,0.426,0.05,0.0,0.176,0.6
301,,0.65,0.7,0.5,0.276,-0.1,-0.15,0.026,0.45
302,6,0.688,0.65,0.538,0.526,0.362,0.85,0.488,0.7
303,6,0.726,0.6,0.576,0.776,0.824,1.0,0.95,0.95
304,,0.576,0.45,0.426,0.626,0.674,0.85,0.8,0.8
305,,0.426,0.3,0.276,0.476,0.524,0.7,0.65,0.65
306,,0.276,0.15,0.126,0.326,0.374,0.55,0.5,0.5
307,,0.126,0.0,-0.024,0.176,0.224,0.4,0.35,0.35
308,3,0.376,0.462,0.976,0.638,0.474,0.438,0.3,0.388
309,3,0.626,0.924,1.0,1.0,0.724,0.476,0.25,0.426
310,,0.476,0.774,0.85,0.85,0.574,0.326,0.1,0.276
311,,0.326,0.624,0.7,0.7,0.424,0.176,-0.05,0.126
312,7,0.576,0.662,0.65,0.738,0.674,0.638,0.95,0.588
313,7,0.826,0.7,0.6,0.776,0.924,1.0,1.0,1.0
314,,0.676,0.55,0.45,0.626,0.774,0.85,0.85,0.85
315,,0.526,0.4,0.3,0.476,0.624,0.7,0.7,0.7
316,,0.376,0.25,0.15,0.326,0.474,0.55,0.55,0.55
317,,0.226,0.1,0.0,0.176,0.324,0.4,0.4,0.4
318,,0.076,-0.05,-0.15,0.026,0.174,0.25,0.25,0.25
319,3,0.326,0.412,0.85,0.488,0.424,0.288,0.2,0.288
320,3,0.576,0.874,1.0,0.95,0.674,0.326,0.15,0.326
321,,0.426,0.724,0.85,0.8,0.524,0.176,0.0,0.176
322,,0.276,0.574,0.7,0.65,0.374,0.026,-0.15,0.026
323,7,0.526,0.612,0.65,0.688,0.624,0.488,0.85,0.488
324,7,0.776,0.65,0.6,0.726,0.874,0.95,1.0,0.95
325,,0.626,0.5,0.45,0.576,0.724,0.8,0.85,0.8
326,,0.476,0.35,0.3,0.426,0.574,0.65,0.7,0.65
327,,0.326,0.2,0.15,0.276,0.424,0.5,0.55,0.5
328,,0.176,0.05,0.0,0.126,0.274,0.35,0.4,0.35
329,,0.026,-0.1,-0.15,-0.024,0.124,0.2,0.25,0.2
330,3,0.276,0.362,0.85,0.438,0.374,0.238,0.2,0.238
331,3,0.526,0.824,1.0,0.9,0.624,0.276,0.15,0.276
332,,0.376,0.674,0.85,0.75,0.474,0.126,0.0,0.126
333,,0.226,0.524,0.7,0.6,0.324,-0.024,-0.15,-0.024
334,7,0.476,0.562,0.65,0.638,0.574,0.438,0.85,0.438
335,7,0.726,0.6,0.6,0.676,0.824,0.9,1.0,0.9
336,,0.576,0.45,0.45,0.526,0.674,0.75,0.85,0.75
337,,0.426,0.3,0.3,0.376,0.524,0.6,0.7,0.6
338,,0.276,0.15,0.15,0.226,0.374,0.45,0.55,0.45
339,,0.126,0.0,0.0,0.076,0.224,0.3,0.4,0.3
340,,-0.024,-0.15,-0.15,-0.074,0.074,0.15,0.25,0.15
341,2,0.438,0.85,0.312,0.176,0.112,0.1,0.288,0.4
342,2,0.9,1.0,0.774,0.426,0.15,0.05,0.326,0.65
343,,0.75,0.85,0.624,0.276,0.0,-0.1,0.176,0.5
344,6,0.788,0.8,0.662,0.526,0.462,0.9,0.638,0.75
345,6,0.826,0.75,0.7,0.776,0.924,1.0,1.0,1.0
346,,0.676,0.6,0.55,0.626,0.774,0.85,0.85,0.85
347,,0.526,0.45,0.4,0.476,0.624,0.7,0.7,0.7
348,,0.376,0.3,0.25,0.326,0.474,0.55,0.55,0.55
349,,0.226,0.15,0.1,0.176,0.324,0.4,0.4,0.4
350,,0.076,0.0,-0.05,0.026,0.174,0.25,0.25,0.25
351,3,0.326,0.462,0.95,0.488,0.424,0.288,0.2,0.288
352,3,0.576,0.924,1.0,0.95,0.674,0.326,0.15,0.326
353,,0.426,0.774,0.85,0.8,0.524,0.176,0.0,0.176
354,,0.276,0.624,0.7,0.65,0.374,0.026,-0.15,0.026
355,7,0.526,0.662,0.65,0.688,0.624,0.488,0.85,0.488
356,7,0.776,0.7,0.6,0.726,0.874,0.95,1.0,0.95
357,,0.626,0.55,0.45,0.576,0.724,0.8,0.85,0.8
358,,0.476,0.4,0.3,0.426,0.574,0.65,0.7,0.65
359,,0.326,0.25,0.15,0.276,0.424,0.5,0.55,0.5
360,,0.176,0.1,0.0,0.126,0.274,0.35,0.4,0.35
361,,0.026,-0.05,-0.15,-0.024,0.124,0.2,0.25,0.2
362,3,0.276,0.412,0.85,0.438,0.374,0.238,0.2,0.238
363,3,0.526,0.874,1.0,0.9,0.624,0.276,0.15,0.276
364,,0.376,0.724,0.85,0.75,0.474,0.126,0.0,0.126
365,,0.226,0.574,0.7,0.6,0.324,-0.024,-0.15,-0.024
366,7,0.476,0.612,0.65,0.638,0.574,0.438,0.85,0.438
367,7,0.726,0.65,0.6,0.676,0.824,0.9,1.0,0.9
368,,0.576,0.5,0.45,0.526,0.674,0.75,0.85,0.75
369,,0.426,0.35,0.3,0.376,0.524,0.6,0.7,0.6
370,,0.276,0.2,0.15,0.226,0.374,0.45,0.55,0.45
371,,0.126,0.05,0.0,0.076,0.224,0.3,0.4,0.3
372,,-0.024,-0.1,-0.15,-0.074,0.074,0.15,0.25,0.15
373,3,0.226,0.362,0.85,0.388,0.324,0.188,0.2,0.188
374,3,0.476,0.824,1.0,0.85,0.574,0.226,0.15,0.226
375,,0.326,0.674,0.85,0.7,0.424,0.076,0.0,0.076
376,,0.176,0.524,0.7,0.55,0.274,-0.074,-0.15,-0.074
377,7,0.426,0.562,0.65,0.588,0.524,0.388,0.85,0.388
378,7,0.676,0.6,0.6,0.626,0.774,0.85,1.0,0.85
379,,0.526,0.45,0.45,0.476,0.624,0.7,0.85,0.7
380,,0.376,0.3,0.3,0.326,0.474,0.55,0.7,0.55
381,,0.226,0.15,0.15,0.176,0.324,0.4,0.55,0.4
382,,0.076,0.0,0.0,0.026,0.174,0.25,0.4,0.25
383,,-0.074,-0.15,-0.15,-0.124,0.024,0.1,0.25,0.1
384,2,0.388,0.85,0.312,0.126,0.062,0.05,0.288,0.35
385,2,0.85,1.0,0.774,0.376,0.1,0.0,0.326,0.6
386,,0.7,0.85,0.624,0.226,-0.05,-0.15,0.176,0.45
387,6,0.738,0.8,0.662,0.476,0.412,0.85,0.638,0.7
388,6,0.776,0.75,0.7,0.726,0.874,1.0,1.0,0.95
389,,0.626,0.6,0.55,0.576,0.724,0.85,0.85,0.8
390,,0.476,0.45,0.4,0.426,0.574,0.7,0.7,0.65
391,,0.326,0.3,0.25,0.276,0.424,0.55,0.55,0.5
392,,0.176,0.15,0.1,0.126,0.274,0.4,0.4,0.35
393,,0.026,0.0,-0.05,-0.024,0.124,0.25,0.25,0.2
394,3,0.276,0.462,0.95,0.438,0.374,0.288,0.2,0.238
395,3,0.526,0.924,1.0,0.9,0.624,0.326,0.15,0.276
396,,0.376,0.774,0.85,0.75,0.474,0.176,0.0,0.126
397,,0.226,0.624,0.7,0.6,0.324,0.026,-0.15,-0.024
398,7,0.476,0.662,0.65,0.638,0.574,0.488,0.85,0.438
399,7,0.726,0.7,0.6,0.676,0.824,0.95,1.0,0.9
400,,0.576,0.55,0.45,0.526,0.674,0.8,0.85,0.75
401,,0.426,0.4,0.3,0.376,0.524,0.65,0.7,0.6
402,,0.276,0.25,0.15,0.226,0.374,0.5,0.55,0.45
403,,0.126,0.1,0.0,0.076,0.224,0.35,0.4,0.3
404,,-0.024,-0.05,-0.15,-0.074,0.074,0.2,0.25,0.15
405,3,0.226,0.412,0.85,0.388,0.324,0.238,0.2,0.188
406,3,0.476,0.874,1.0,0.85,0.574,0.276,0.15,0.226
407,,0.326,0.724,0.85,0.7,0.424,0.126,0.0,0.076
408,,0.176,0.574,0.7,0.55,0.274,-0.024,-0.15,-0.074
409,7,0.426,0.612,0.65,0.588,0.524,0.438,0.85,0.388
410,7,0.676,0.65,0.6,0.626,0.774,0.9,1.0,0.85
411,,0.526,0.5,0.45,0.476,0.624,0.75,0.85,0.7
412,,0.376,0.35,0.3,0.326,0.474,0.6,0.7,0.55
413,,0.226,0.2,0.15,0.176,0.324,0.45,0.55,0.4
414,,0.076,0.05,0.0,0.026,0.174,0.3,0.4,0.25
415,,-0.074,-0.1,-0.15,-0.124,0.024,0.15,0.25,0.1
416,3,0.176,0.362,0.85,0.338,0.274,0.188,0.2,0.138
417,3,0.426,0.824,1.0,0.8,0.524,0.226,0.15,0.176
418,,0.276,0.674,0.85,0.65,0.374,0.076,0.0,0.026
419,,0.126,0.524,0.7,0.5,0.224,-0.074,-0.15,-0.124
420,7,0.376,0.562,0.65,0.538,0.474,0.388,0.85,0.338
421,7,0.626,0.6,0.6,0.576,0.724,0.85,1.0,0.8
422,,0.476,0.45,0.45,0.426,0.574,0.7,0.85,0.65
423,,0.326,0.3,0.3,0.276,0.424,0.55,0.7,0.5
424,,0.176,0.15,0.15,0.126,0.274,0.4,0.55,0.35
425,,0.026,0.0,0.0,-0.024,0.124,0.25,0.4,0.2
426,4,0.064,0.25,0.462,0.976,0.586,0.5,0.438,0.15
427,4,0.102,0.5,0.924,1.0,1.0,0.75,0.476,0.1
428,,-0.048,0.35,0.774,0.85,0.85,0.6,0.326,-0.05
429,8,0.414,0.6,0.812,0.8,0.888,0.85,0.788,0.95
430,8,0.876,0.85,0.85,0.75,0.926,1.0,1.0,1.0
431,,0.726,0.7,0.7,0.6,0.776,0.85,0.85,0.85
432,,0.576,0.55,0.55,0.45,0.626,0.7,0.7,0.7
433,,0.426,0.4,0.4,0.3,0.476,0.55,0.55,0.55
434,,0.276,0.25,0.25,0.15,0.326,0.4,0.4,0.4
435,,0.126,0.1,0.1,0.0,0.176,0.25,0.25,0.25
436,,-0.024,-0.05,-0.05,-0.15,0.026,0.1,0.1,0.1
437,4,0.014,0.2,0.412,0.85,0.488,0.35,0.138,0.05
438,4,0.052,0.45,0.874,1.0,0.95,0.6,0.176,0.0
439,,-0.098,0.3,0.724,0.85,0.8,0.45,0.026,-0.15
440,8,0.364,0.55,0.762,0.8,0.838,0.7,0.488,0.85
441,8,0.826,0.8,0.8,0.75,0.876,0.95,0.95,1.0
442,,0.676,0.65,0.65,0.6,0.726,0.8,0.8,0.85
443,,0.526,0.5,0.5,0.45,0.576,0.65,0.65,0.7
444,,0.376,0.35,0.35,0.3,0.426,0.5,0.5,0.55
445,,0.226,0.2,0.2,0.15,0.276,0.35,0.35,0.4
446,,0.076,0.05,0.05,0.0,0.126,0.2,0.2,0.25
447,,-0.074,-0.1,-0.1,-0.15,-0.024,0.05,0.05,0.1
448,4,-0.036,0.15,0.362,0.85,0.438,0.3,0.088,0.05
449,4,0.002,0.4,0.824,1.0,0.9,0.55,0.126,0.0
450,,-0.148,0.25,0.674,0.85,0.75,0.4,-0.024,-0.15
451,8,0.314,0.5,0.712,0.8,0.788,0.65,0.438,0.85
452,8,0.776,0.75,0.75,0.75,0.826,0.9,0.9,1.0
453,,0.626,0.6,0.6,0.6,0.676,0.75,0.75,0.85
454,,0.476,0.45,0.45,0.45,0.526,0.6,0.6,0.7
455,,0.326,0.3,0.3,0.3,0.376,0.45,0.45,0.55
456,,0.176,0.15,0.15,0.15,0.226,0.3,0.3,0.4
457,,0.026,0.0,0.0,0.0,0.076,0.15,0.15,0.25
458,,-0.124,-0.15,-0.15,-0.15,-0.074,0.0,0.0,0.1
459,3,0.126,0.312,0.85,0.312,0.176,0.038,-0.05,0.138
460,3,0.376,0.774,1.0,0.774,0.426,0.076,-0.1,0.176
461,7,0.626,0.812,0.95,0.812,0.676,0.538,0.9,0.638
462,7,0.876,0.85,0.9,0.85,0.926,1.0,1.0,1.0
463,,0.726,0.7,0.75,0.7,0.776,0.85,0.85,0.85
464,,0.576,0.55,0.6,0.55,0.626,0.7,0.7,0.7
465,,0.426,0.4,0.45,0.4,0.476,0.55,0.55,0.55
466,,0.276,0.25,0.3,0.25,0.326,0.4,0.4,0.4
467,,0.126,0.1,0.15,0.1,0.176,0.25,0.25,0.25
468,,-0.024,-0.05,0.0,-0.05,0.026,0.1,0.1,0.1
469,4,0.014,0.2,0.462,0.95,0.488,0.35,0.138,0.05
470,4,0.052,0.45,0.924,1.0,0.95,0.6,0.176,0.0
471,,-0.098,0.3,0.774,0.85,0.8,0.45,0.026,-0.15
472,8,0.364,0.55,0.812,0.8,0.838,0.7,0.488,0.85
473,8,0.826,0.8,0.85,0.75,0.876,0.95,0.95,1.0
474,,0.676,0.65,0.7,0.6,0.726,0.8,0.8,0.85
475,,0.526,0.5,0.55,0.45,0.576,0.65,0.65,0.7
476,,0.376,0.35,0.4,0.3,0.426,0.5,0.5,0.55
477,,0.226,0.2,0.25,0.15,0.276,0.35,0.35,0.4
478,,0.076,0.05,0.1,0.0,0.126,0.2,0.2,0.25
479,,-0.074,-0.1,-0.05,-0.15,-0.024,0.05,0.05,0.1
480,4,-0.036,0.15,0.412,0.85,0.438,0.3,0.088,0.05
481,4,0.002,0.4,0.874,1.0,0.9,0.55,0.126,0.0
482,,-0.148,0.25,0.724,0.85,0.75,0.4,-0.024,-0.15
483,8,0.314,0.5,0.762,0.8,0.788,0.65,0.438,0.85
484,8,0.776,0.75,0.8,0.75,0.826,0.9,0.9,1.0
485,,0.626,0.6,0.65,0.6,0.676,0.75,0.75,0.85
486,,0.476,0.45,0.5,0.45,0.526,0.6,0.6,0.7
487,,0.326,0.3,0.35,0.3,0.376,0.45,0.45,0.55
488,,0.176,0.15,0.2,0.15,0.226,0.3,0.3,0.4
489,,0.026,0.0,0.05,0.0,0.076,0.15,0.15,0.25
490,,-0.124,-0.15,-0.1,-0.15,-0.074,0.0,0.0,0.1
491,4,-0.086,0.1,0.362,0.85,0.388,0.25,0.038,0.05
492,4,-0.048,0.35,0.824,1.0,0.85,0.5,0.076,0.0
493,1,0.952,0.812,1.0,1.0,0.8,0.538,0.326,0.462
494,1,1.0,1.0,1.0,1.0,0.75,0.576,0.576,0.924
495,,0.85,0.85,0.85,0.85,0.6,0.426,0.426,0.774
496,,0.7,0.7,0.7,0.7,0.45,0.276,0.276,0.624
497,,0.55,0.55,0.55,0.55,0.3,0.126,0.126,0.474
498,,0.4,0.4,0.4,0.4,0.15,-0.024,-0.024,0.324
499,6,0.438,0.35,0.438,0.65,0.612,0.976,0.438,0.574
500,6,0.476,0.3,0.476,0.9,1.0,1.0,0.9,0.824
501,,0.326,0.15,0.326,0.75,0.85,0.85,0.75,0.674
502,,0.176,0.0,0.176,0.6,0.7,0.7,0.6,0.524
503,,0.026,-0.15,0.026,0.45,0.55,0.55,0.45,0.374
504,2,0.488,0.85,0.488,0.7,0.588,0.5,0.488,0.624
505,2,0.95,1.0,0.95,0.95,0.626,0.45,0.526,0.874
506,,0.8,0.85,0.8,0.8,0.476,0.3,0.376,0.724
507,,0.65,0.7,0.65,0.65,0.326,0.15,0.226,0.574
508,,0.5,0.55,0.5,0.5,0.176,0.0,0.076,0.424
509,,0.35,0.4,0.35,0.35,0.026,-0.15,-0.074,0.274
510,6,0.388,0.35,0.388,0.6,0.488,0.85,0.388,0.524
511,6,0.426,0.3,0.426,0.85,0.95,1.0,0.85,0.774
512,,0.276,0.15,0.276,0.7,0.8,0.85,0.7,0.624
513,,0.126,0.0,0.126,0.55,0.65,0.7,0.55,0.474
514,,-0.024,-0.15,-0.024,0.4,0.5,0.55,0.4,0.324
515,2,0.438,0.85,0.438,0.65,0.538,0.5,0.438,0.574
516,2,0.9,1.0,0.9,0.9,0.576,0.45,0.476,0.824
517,,0.75,0.85,0.75,0.75,0.426,0.3,0.326,0.674
518,,0.6,0.7,0.6,0.6,0.276,0.15,0.176,0.524
519,,0.45,0.55,0.45,0.45,0.126,0.0,0.026,0.374
520,,0.3,0.4,0.3,0.3,-0.024,-0.15,-0.124,0.224
521,6,0.338,0.35,0.338,0.55,0.438,0.85,0.338,0.474
522,6,0.376,0.3,0.376,0.8,0.9,1.0,0.8,0.724
523,,0.226,0.15,0.226,0.65,0.75,0.85,0.65,0.574
524,,0.076,0.0,0.076,0.5,0.6,0.7,0.5,0.424
525,,-0.074,-0.15,-0.074,0.35,0.45,0.55,0.35,0.274
526,2,0.388,0.85,0.388,0.6,0.488,0.5,0.388,0.524
527,2,0.85,1.0,0.85,0.85,0.526,0.45,0.426,0.774
528,,0.7,0.85,0.7,0.7,0.376,0.3,0.276,0.624
529,,0.55,0.7,0.55,0.55,0.226,0.15,0.126,0.474
530,,0.4,0.55,0.4,0.4,0.076,0.0,-0.024,0.324
531,7,0.65,0.588,0.35,0.438,0.326,0.462,0.976,0.786
532,7,0.9,0.626,0.3,0.476,0.576,0.924,1.0,1.0
533,,0.75,0.476,0.15,0.326,0.426,0.774,0.85,0.85
534,,0.6,0.326,0.0,0.176,0.276,0.624,0.7,0.7
535,,0.45,0.176,-0.15,0.026,0.126,0.474,0.55,0.55
536,3,0.7,0.638,0.85,0.488,0.376,0.512,0.5,0.588
537,3,0.95,1.0,1.0,0.95,0.626,0.55,0.45,0.626
538,,0.8,0.85,0.85,0.8,0.476,0.4,0.3,0.476
539,,0.65,0.7,0.7,0.65,0.326,0.25,0.15,0.326
540,,0.5,0.55,0.55,0.5,0.176,0.1,0.0,0.176
541,,0.35,0.4,0.4,0.35,0.026,-0.05,-0.15,0.026
542,7,0.6,0.438,0.35,0.388,0.276,0.412,0.85,0.488
543,7,0.85,0.476,0.3,0.426,0.526,0.874,1.0,0.95
544,,0.7,0.326,0.15,0.276,0.376,0.724,0.85,0.8
545,,0.55,0.176,0.0,0.126,0.226,0.574,0.7,0.65
546,,0.4,0.026,-0.15,-0.024,0.076,0.424,0.55,0.5
547,3,0.65,0.488,0.85,0.438,0.326,0.462,0.5,0.538
548,3,0.9,0.95,1.0,0.9,0.576,0.5,0.45,0.576
549,,0.75,0.8,0.85,0.75,0.426,0.35,0.3,0.426
550,,0.6,0.65,0.7,0.6,0.276,0.2,0.15,0.276
551,,0.45,0.5,0.55,0.45,0.126,0.05,0.0,0.126
552,,0.3,0.35,0.4,0.3,-0.024,-0.1,-0.15,-0.024
553,7,0.55,0.388,0.35,0.338,0.226,0.362,0.85,0.438
554,7,0.8,0.426,0.3,0.376,0.476,0.824,1.0,0.9
555,,0.65,0.276,0.15,0.226,0.326,0.674,0.85,0.75
556,,0.5,0.126,0.0,0.076,0.176,0.524,0.7,0.6
557,,0.35,-0.024,-0.15,-0.074,0.026,0.374,0.55,0.45
558,3,0.6,0.438,0.85,0.388,0.276,0.412,0.5,0.488
559,3,0.85,0.9,1.0,0.85,0.526,0.45,0.45,0.526
560,,0.7,0.75,0.85,0.7,0.376,0.3,0.3,0.376
561,,0.55,0.6,0.7,0.55,0.226,0.15,0.15,0.226
562,,0.4,0.45,0.55,0.4,0.076,0.0,0.0,0.076
563,,0.25,0.3,0.4,0.25,-0.074,-0.15,-0.15,-0.074
564,7,0.5,0.338,0.35,0.288,0.176,0.312,0.85,0.388
565,7,0.75,0.376,0.3,0.326,0.426,0.774,1.0,0.85
566,,0.6,0.226,0.15,0.176,0.276,0.624,0.85,0.7
567,,0.45,0.076,0.0,0.026,0.126,0.474,0.7,0.55
568,,0.3,-0.074,-0.15,-0.124,-0.024,0.324,0.55,0.4
569,3,0.55,0.388,0.85,0.338,0.226,0.362,0.5,0.438
570,3,0.8,0.85,1.0,0.8,0.476,0.4,0.45,0.476
571,,0.65,0.7,0.85,0.65,0.326,0.25,0.3,0.326
572,,0.5,0.55,0.7,0.5,0.176,0.1,0.15,0.176
573,,0.35,0.4,0.55,0.35,0.026,-0.05,0.0,0.026
574,6,0.388,0.35,0.588,0.6,0.488,0.95,0.462,0.276
575,6,0.426,0.3,0.626,0.85,0.95,1.0,0.924,0.526
576,,0.276,0.15,0.476,0.7,0.8,0.85,0.774,0.376
577,,0.126,0.0,0.326,0.55,0.65,0.7,0.624,0.226
578,,-0.024,-0.15,0.176,0.4,0.5,0.55,0.474,0.076
579,2,0.438,0.85,0.638,0.65,0.538,0.5,0.512,0.326
580,2,0.9,1.0,1.0,0.9,0.576,0.45,0.55,0.576
581,,0.75,0.85,0.85,0.75,0.426,0.3,0.4,0.426
582,,0.6,0.7,0.7,0.6,0.276,0.15,0.25,0.276
583,,0.45,0.55,0.55,0.45,0.126,0.0,0.1,0.126
584,,0.3,0.4,0.4,0.3,-0.024,-0.15,-0.05,-0.024
585,6,0.338,0.35,0.438,0.55,0.438,0.85,0.412,0.226
586,6,0.376,0.3,0.476,0.8,0.9,1.0,0.874,0.476
587,,0.226,0.15,0.326,0.65,0.75,0.85,0.724,0.326
588,,0.076,0.0,0.176,0.5,0.6,0.7,0.574,0.176
589,,-0.074,-0.15,0.026,0.35,0.45,0.55,0.424,0.026
590,2,0.388,0.85,0.488,0.6,0.488,0.5,0.462,0.276
591,2,0.85,1.0,0.95,0.85,0.526,0.45,0.5,0.526
592,,0.7,0.85,0.8,0.7,0.376,0.3,0.35,0.376
593,,0.55,0.7,0.65,0.55,0.226,0.15,0.2,0.226
594,,0.4,0.55,0.5,0.4,0.076,0.0,0.05,0.076
595,,0.25,0.4,0.35,0.25,-0.074,-0.15,-0.1,-0.074
596,6,0.288,0.35,0.388,0.5,0.388,0.85,0.362,0.176
597,6,0.326,0.3,0.426,0.75,0.85,1.0,0.824,0.426
598,,0.176,0.15,0.276,0.6,0.7,0.85,0.674,0.276
599,,0.026,0.0,0.126,0.45,0.55,0.7,0.524,0.126
600,,-0.124,-0.15,-0.024,0.3,0.4,0.55,0.374,-0.024
601,2,0.338,0.85,0.438,0.55,0.438,0.5,0.412,0.226
602,2,0.8,1.0,0.9,0.8,0.476,0.45,0.45,0.476
603,,0.65,0.85,0.75,0.65,0.326,0.3,0.3,0.326
604,,0.5,0.7,0.6,0.5,0.176,0.15,0.15,0.176
605,,0.35,0.55,0.45,0.35,0.026,0.0,0.0,0.026
606,,0.2,0.4,0.3,0.2,-0.124,-0.15,-0.15,-0.124
607,7,0.45,0.438,0.25,0.238,0.126,0.312,0.85,0.338
608,7,0.7,0.476,0.2,0.276,0.376,0.774,1.0,0.8
609,,0.55,0.326,0.05,0.126,0.226,0.624,0.85,0.65
610,,0.4,0.176,-0.1,-0.024,0.076,0.474,0.7,0.5
611,3,0.65,0.638,0.9,0.438,0.326,0.512,0.65,0.538
612,3,0.9,1.0,1.0,0.9,0.576,0.55,0.6,0.576
613,,0.75,0.85,0.85,0.75,0.426,0.4,0.45,0.426
614,,0.6,0.7,0.7,0.6,0.276,0.25,0.3,0.276
615,,0.45,0.55,0.55,0.45,0.126,0.1,0.15,0.126
616,,0.3,0.4,0.4,0.3,-0.024,-0.05,0.0,-0.024
617,6,0.338,0.35,0.438,0.55,0.438,0.95,0.462,0.226
618,6,0.376,0.3,0.476,0.8,0.9,1.0,0.924,0.476
619,,0.226,0.15,0.326,0.65,0.75,0.85,0.774,0.326
620,,0.076,0.0,0.176,0.5,0.6,0.7,0.624,0.176
621,,-0.074,-0.15,0.026,0.35,0.45,0.55,0.474,0.026
622,2,0.388,0.85,0.488,0.6,0.488,0.5,0.512,0.276
623,2,0.85,1.0,0.95,0.85,0.526,0.45,0.55,0.526
624,,0.7,0.85,0.8,0.7,0.376,0.3,0.4,0.376
625,,0.55,0.7,0.65,0.55,0.226,0.15,0.25,0.226
626,,0.4,0.55,0.5,0.4,0.076,0.0,0.1,0.076
627,,0.25,0.4,0.35,0.25,-0.074,-0.15,-0.05,-0.074
628,6,0.288,0.35,0.388,0.5,0.388,0.85,0.412,0.176
629,6,0.326,0.3,0.426,0.75,0.85,1.0,0.874,0.426
630,,0.176,0.15,0.276,0.6,0.7,0.85,0.724,0.276
631,,0.026,0.0,0.126,0.45,0.55,0.7,0.574,0.126
632,,-0.124,-0.15,-0.024,0.3,0.4,0.55,0.424,-0.024
633,2,0.338,0.85,0.438,0.55,0.438,0.5,0.462,0.226
634,2,0.8,1.0,0.9,0.8,0.476,0.45,0.5,0.476
635,,0.65,0.85,0.75,0.65,0.326,0.3,0.35,0.326
636,,0.5,0.7,0.6,0.5,0.176,0.15,0.2,0.176
637,,0.35,0.55,0.45,0.35,0.026,0.0,0.05,0.026
638,,0.2,0.4,0.3,0.2,-0.124,-0.15,-0.1,-0.124
639,6,0.238,0.35,0.338,0.45,0.338,0.85,0.362,0.126
640,6,0.276,0.3,0.376,0.7,0.8,1.0,0.824,0.376
641,,0.126,0.15,0.226,0.55,0.65,0.85,0.674,0.226
642,,-0.024,0.0,0.076,0.4,0.5,0.7,0.524,0.076
643,1,0.976,0.462,0.326,0.438,0.45,0.738,0.774,0.538
644,1,1.0,0.924,0.576,0.476,0.4,0.776,1.0,1.0
645,,0.85,0.774,0.426,0.326,0.25,0.626,0.85,0.85
646,,0.7,0.624,0.276,0.176,0.1,0.476,0.7,0.7
647,,0.55,0.474,0.126,0.026,-0.05,0.326,0.55,0.55
648,5,0.5,0.512,0.376,0.488,0.95,0.788,0.8,0.588
649,5,0.45,0.55,0.626,0.95,1.0,1.0,1.0,0.626
650,,0.3,0.4,0.476,0.8,0.85,0.85,0.85,0.476
651,,0.15,0.25,0.326,0.65,0.7,0.7,0.7,0.326
652,,0.0,0.1,0.176,0.5,0.55,0.55,0.55,0.176
653,,-0.15,-0.05,0.026,0.35,0.4,0.4,0.4,0.026
654,1,0.85,0.412,0.276,0.388,0.35,0.438,0.65,0.488
655,1,1.0,0.874,0.526,0.426,0.3,0.476,0.9,0.95
656,,0.85,0.724,0.376,0.276,0.15,0.326,0.75,0.8
657,,0.7,0.574,0.226,0.126,0.0,0.176,0.6,0.65
658,,0.55,0.424,0.076,-0.024,-0.15,0.026,0.45,0.5
659,5,0.5,0.462,0.326,0.438,0.85,0.488,0.7,0.538
660,5,0.45,0.5,0.576,0.9,1.0,0.95,0.95,0.576
661,,0.3,0.35,0.426,0.75,0.85,0.8,0.8,0.426
662,,0.15,0.2,0.276,0.6,0.7,0.65,0.65,0.276
663,,0.0,0.05,0.126,0.45,0.55,0.5,0.5,0.126
664,,-0.15,-0.1,-0.024,0.3,0.4,0.35,0.35,-0.024
665,1,0.85,0.362,0.226,0.338,0.35,0.388,0.6,0.438
666,1,1.0,0.824,0.476,0.376,0.3,0.426,0.85,0.9
667,,0.85,0.674,0.326,0.226,0.15,0.276,0.7,0.75
668,,0.7,0.524,0.176,0.076,0.0,0.126,0.55,0.6
669,,0.55,0.374,0.026,-0.074,-0.15,-0.024,0.4,0.45
670,5,0.5,0.412,0.276,0.388,0.85,0.438,0.65,0.488
671,5,0.45,0.45,0.526,0.85,1.0,0.9,0.9,0.526
672,,0.3,0.3,0.376,0.7,0.85,0.75,0.75,0.376
673,,0.15,0.15,0.226,0.55,0.7,0.6,0.6,0.226
674,,0.0,0.0,0.076,0.4,0.55,0.45,0.45,0.076
675,,-0.15,-0.15,-0.074,0.25,0.4,0.3,0.3,-0.074
676,2,0.312,0.85,0.388,0.5,0.438,0.25,0.338,0.176
677,2,0.774,1.0,0.85,0.75,0.476,0.2,0.376,0.426
678,,0.624,0.85,0.7,0.6,0.326,0.05,0.226,0.276
679,,0.474,0.7,0.55,0.45,0.176,-0.1,0.076,0.126
680,6,0.512,0.65,0.588,0.7,0.638,0.9,0.538,0.376
681,6,0.55,0.6,0.626,0.95,1.0,1.0,1.0,0.626
682,,0.4,0.45,0.476,0.8,0.85,0.85,0.85,0.476
683,,0.25,0.3,0.326,0.65,0.7,0.7,0.7,0.326
684,,0.1,0.15,0.176,0.5,0.55,0.55,0.55,0.176
685,,-0.05,0.0,0.026,0.35,0.4,0.4,0.4,0.026
686,1,0.95,0.462,0.276,0.388,0.35,0.438,0.65,0.488
687,1,1.0,0.924,0.526,0.426,0.3,0.476,0.9,0.95
688,,0.85,0.774,0.376,0.276,0.15,0.326,0.75,0.8
689,,0.7,0.624,0.226,0.126,0.0,0.176,0.6,0.65
690,,0.55,0.474,0.076,-0.024,-0.15,0.026,0.45,0.5
691,5,0.5,0.512,0.326,0.438,0.85,0.488,0.7,0.538
692,5,0.45,0.55,0.576,0.9,1.0,0.95,0.95,0.576
693,,0.3,0.4,0.426,0.75,0.85,0.8,0.8,0.426
694,,0.15,0.25,0.276,0.6,0.7,0.65,0.65,0.276
695,,0.0,0.1,0.126,0.45,0.55,0.5,0.5,0.126
696,,-0.15,-0.05,-0.024,0.3,0.4,0.35,0.35,-0.024
697,1,0.85,0.412,0.226,0.338,0.35,0.388,0.6,0.438
698,1,1.0,0.874,0.476,0.376,0.3,0.426,0.85,0.9
699,,0.85,0.724,0.326,0.226,0.15,0.276,0.7,0.75
700,,0.7,0.574,0.176,0.076,0.0,0.126,0.55,0.6
701,,0.55,0.424,0.026,-0.074,-0.15,-0.024,0.4,0.45
702,5,0.5,0.462,0.276,0.388,0.85,0.438,0.65,0.488
703,5,0.45,0.5,0.526,0.85,1.0,0.9,0.9,0.526
704,,0.3,0.35,0.376,0.7,0.85,0.75,0.75,0.376
705,,0.15,0.2,0.226,0.55,0.7,0.6,0.6,0.226
706,,0.0,0.05,0.076,0.4,0.55,0.45,0.45,0.076
707,,-0.15,-0.1,-0.074,0.25,0.4,0.3,0.3,-0.074
708,1,0.85,0.362,0.176,0.288,0.35,0.338,0.55,0.388
709,1,1.0,0.824,0.426,0.326,0.3,0.376,0.8,0.85
710,,0.85,0.674,0.276,0.176,0.15,0.226,0.65,0.7
711,,0.7,0.524,0.126,0.026,0.0,0.076,0.5,0.55
712,,0.55,0.374,-0.024,-0.124,-0.15,-0.074,0.35,0.4
713,5,0.5,0.412,0.226,0.338,0.85,0.388,0.6,0.438
714,5,0.45,0.45,0.476,0.8,1.0,0.85,0.85,0.476
715,,0.3,0.3,0.326,0.65,0.85,0.7,0.7,0.326
716,,0.15,0.15,0.176,0.5,0.7,0.55,0.55,0.176
717,,0.0,0.0,0.026,0.35,0.55,0.4,0.4,0.026
718,,-0.15,-0.15,-0.124,0.2,0.4,0.25,0.25,-0.124
719,1,0.85,0.312,0.126,0.238,0.35,0.288,0.5,0.338
720,1,1.0,0.774,0.376,0.276,0.3,0.326,0.75,0.8
721,,0.85,0.624,0.226,0.126,0.15,0.176,0.6,0.65
722,,0.7,0.474,0.076,-0.024,0.0,0.026,0.45,0.5
723,4,0.738,0.724,0.538,0.976,0.462,0.276,0.488,0.45
724,4,0.776,0.974,1.0,1.0,0.924,0.526,0.526,0.4
725,,0.626,0.824,0.85,0.85,0.774,0.376,0.376,0.25
726,,0.476,0.674,0.7,0.7,0.624,0.226,0.226,0.1
727,,0.326,0.524,0.55,0.55,0.474,0.076,0.076,-0.05
728,8,0.788,0.774,0.588,0.5,0.512,0.326,0.538,0.95
729,8,1.0,1.0,0.626,0.45,0.55,0.576,1.0,1.0
730,,0.85,0.85,0.476,0.3,0.4,0.426,0.85,0.85
731,,0.7,0.7,0.326,0.15,0.25,0.276,0.7,0.7
732,,0.55,0.55,0.176,0.0,0.1,0.126,0.55,0.55
733,,0.4,0.4,0.026,-0.15,-0.05,-0.024,0.4,0.4
734,4,0.438,0.65,0.488,0.85,0.412,0.226,0.438,0.35
735,4,0.476,0.9,0.95,1.0,0.874,0.476,0.476,0.3
736,,0.326,0.75,0.8,0.85,0.724,0.326,0.326,0.15
737,,0.176,0.6,0.65,0.7,0.574,0.176,0.176,0.0
738,,0.026,0.45,0.5,0.55,0.424,0.026,0.026,-0.15
739,8,0.488,0.7,0.538,0.5,0.462,0.276,0.488,0.85
740,8,0.95,0.95,0.576,0.45,0.5,0.526,0.95,1.0
741,,0.8,0.8,0.426,0.3,0.35,0.376,0.8,0.85
742,,0.65,0.65,0.276,0.15,0.2,0.226,0.65,0.7
743,,0.5,0.5,0.126,0.0,0.05,0.076,0.5,0.55
744,,0.35,0.35,-0.024,-0.15,-0.1,-0.074,0.35,0.4
745,4,0.388,0.6,0.438,0.85,0.362,0.176,0.388,0.35
746,4,0.426,0.85,0.9,1.0,0.824,0.426,0.426,0.3
747,,0.276,0.7,0.75,0.85,0.674,0.276,0.276,0.15
748,,0.126,0.55,0.6,0.7,0.524,0.126,0.126,0.0
749,,-0.024,0.4,0.45,0.55,0.374,-0.024,-0.024,-0.15
750,8,0.438,0.65,0.488,0.5,0.412,0.226,0.438,0.85
751,8,0.9,0.9,0.526,0.45,0.45,0.476,0.9,1.0
752,,0.75,0.75,0.376,0.3,0.3,0.326,0.75,0.85
753,,0.6,0.6,0.226,0.15,0.15,0.176,0.6,0.7
754,,0.45,0.45,0.076,0.0,0.0,0.026,0.45,0.55
755,,0.3,0.3,-0.074,-0.15,-0.15,-0.124,0.3,0.4
756,4,0.338,0.55,0.388,0.85,0.312,0.126,0.338,0.35
757,4,0.376,0.8,0.85,1.0,0.774,0.376,0.376,0.3
758,,0.226,0.65,0.7,0.85,0.624,0.226,0.226,0.15
759,,0.076,0.5,0.55,0.7,0.474,0.076,0.076,0.0
760,,-0.074,0.35,0.4,0.55,0.324,-0.074,-0.074,-0.15
761,8,0.388,0.6,0.438,0.5,0.362,0.176,0.388,0.85
762,8,0.85,0.85,0.476,0.45,0.4,0.426,0.85,1.0
763,,0.7,0.7,0.326,0.3,0.25,0.276,0.7,0.85
764,,0.55,0.55,0.176,0.15,0.1,0.126,0.55,0.7
765,,0.4,0.4,0.026,0.0,-0.05,-0.024,0.4,0.55
766,5,0.35,0.438,0.276,0.462,0.95,0.438,0.65,0.588
767,5,0.3,0.476,0.526,0.924,1.0,0.9,0.9,0.626
768,,0.15,0.326,0.376,0.774,0.85,0.75,0.75,0.476
769,,0.0,0.176,0.226,0.624,0.7,0.6,0.6,0.326
770,,-0.15,0.026,0.076,0.474,0.55,0.45,0.45,0.176
771,1,0.85,0.488,0.326,0.512,0.5,0.488,0.7,0.638
772,1,1.0,0.95,0.576,0.55,0.45,0.526,0.95,1.0
773,,0.85,0.8,0.426,0.4,0.3,0.376,0.8,0.85
774,,0.7,0.65,0.276,0.25,0.15,0.226,0.65,0.7
775,,0.55,0.5,0.126,0.1,0.0,0.076,0.5,0.55
776,,0.4,0.35,-0.024,-0.05,-0.15,-0.074,0.35,0.4
777,5,0.35,0.388,0.226,0.412,0.85,0.388,0.6,0.438
778,5,0.3,0.426,0.476,0.874,1.0,0.85,0.85,0.476
779,,0.15,0.276,0.326,0.724,0.85,0.7,0.7,0.326
780,,0.0,0.126,0.176,0.574,0.7,0.55,0.55,0.176
781,,-0.15,-0.024,0.026,0.424,0.55,0.4,0.4,0.026
782,1,0.85,0.438,0.276,0.462,0.5,0.438,0.65,0.488
783,1,1.0,0.9,0.526,0.5,0.45,0.476,0.9,0.95
784,,0.85,0.75,0.376,0.35,0.3,0.326,0.75,0.8
785,,0.7,0.6,0.226,0.2,0.15,0.176,0.6,0.65
786,,0.55,0.45,0.076,0.05,0.0,0.026,0.45,0.5
787,,0.4,0.3,-0.074,-0.1,-0.15,-0.124,0.3,0.35
788,5,0.35,0.338,0.176,0.362,0.85,0.338,0.55,0.388
789,5,0.3,0.376,0.426,0.824,1.0,0.8,0.8,0.426
790,,0.15,0.226,0.276,0.674,0.85,0.65,0.65,0.276
791,,0.0,0.076,0.126,0.524,0.7,0.5,0.5,0.126
792,,-0.15,-0.074,-0.024,0.374,0.55,0.35,0.35,-0.024
793,1,0.85,0.388,0.226,0.412,0.5,0.388,0.6,0.438
794,1,1.0,0.85,0.476,0.45,0.45,0.426,0.85,0.9
795,,0.85,0.7,0.326,0.3,0.3,0.276,0.7,0.75
796,,0.7,0.55,0.176,0.15,0.15,0.126,0.55,0.6
797,,0.55,0.4,0.026,0.0,0.0,-0.024,0.4,0.45
798,6,0.588,0.35,0.064,0.25,0.462,0.976,0.862,0.7
799,6,0.626,0.3,0.102,0.5,0.924,1.0,1.0,0.95
800,,0.476,0.15,-0.048,0.35,0.774,0.85,0.85,0.8
801,3,0.726,0.612,0.952,0.812,1.0,0.888,0.8,0.838
802,3,0.976,1.0,1.0,1.0,1.0,0.926,0.75,0.876
803,,0.826,0.85,0.85,0.85,0.85,0.776,0.6,0.726
804,,0.676,0.7,0.7,0.7,0.7,0.626,0.45,0.576
805,,0.526,0.55,0.55,0.55,0.55,0.476,0.3,0.426
806,,0.376,0.4,0.4,0.4,0.4,0.326,0.15,0.276
807,,0.226,0.25,0.25,0.25,0.25,0.176,0.0,0.126
808,,0.076,0.1,0.1,0.1,0.1,0.026,-0.15,-0.024
809,7,0.326,0.138,0.05,0.138,0.35,0.488,0.85,0.438
810,7,0.576,0.176,0.0,0.176,0.6,0.95,1.0,0.9
811,,0.426,0.026,-0.15,0.026,0.45,0.8,0.85,0.75
812,3,0.676,0.488,0.85,0.488,0.7,0.838,0.8,0.788
813,3,0.926,0.95,1.0,0.95,0.95,0.876,0.75,0.826
814,,0.776,0.8,0.85,0.8,0.8,0.726,0.6,0.676
815,,0.626,0.65,0.7,0.65,0.65,0.576,0.45,0.526
816,,0.476,0.5,0.55,0.5,0.5,0.426,0.3,0.376
817,,0.326,0.35,0.4,0.35,0.35,0.276,0.15,0.226
818,,0.176,0.2,0.25,0.2,0.2,0.126,0.0,0.076
819,,0.026,0.05,0.1,0.05,0.05,-0.024,-0.15,-0.074
820,7,0.276,0.088,0.05,0.088,0.3,0.438,0.85,0.388
821,7,0.526,0.126,0.0,0.126,0.55,0.9,1.0,0.85
822,,0.376,-0.024,-0.15,-0.024,0.4,0.75,0.85,0.7
823,3,0.626,0.438,0.85,0.438,0.65,0.788,0.8,0.738
824,3,0.876,0.9,1.0,0.9,0.9,0.826,0.75,0.776
825,,0.726,0.75,0.85,0.75,0.75,0.676,0.6,0.626
826,,0.576,0.6,0.7,0.6,0.6,0.526,0.45,0.476
827,,0.426,0.45,0.55,0.45,0.45,0.376,0.3,0.326
828,,0.276,0.3,0.4,0.3,0.3,0.226,0.15,0.176
829,,0.126,0.15,0.25,0.15,0.15,0.076,0.0,0.026
830,,-0.024,0.0,0.1,0.0,0.0,-0.074,-0.15,-0.124
831,7,0.226,0.038,0.05,0.038,0.25,0.388,0.85,0.338
832,7,0.476,0.076,0.0,0.076,0.5,0.85,1.0,0.8
833,,0.326,-0.074,-0.15,-0.074,0.35,0.7,0.85,0.65
834,3,0.576,0.388,0.85,0.388,0.6,0.738,0.8,0.688
835,3,0.826,0.85,1.0,0.85,0.85,0.776,0.75,0.726
836,,0.676,0.7,0.85,0.7,0.7,0.626,0.6,0.576
837,,0.526,0.55,0.7,0.55,0.55,0.476,0.45,0.426
838,,0.376,0.4,0.55,0.4,0.4,0.326,0.3,0.276
839,,0.226,0.25,0.4,0.25,0.25,0.176,0.15,0.126
840,,0.076,0.1,0.25,0.1,0.1,0.026,0.0,-0.024
841,8,0.538,0.35,0.288,0.05,0.138,0.276,0.462,0.976
842,8,1.0,0.6,0.326,0.0,0.176,0.526,0.924,1.0
843,,0.85,0.45,0.176,-0.15,0.026,0.376,0.774,0.85
