step,active_motive,motive_1,motive_2,motive_3,motive_4,motive_5,motive_6,motive_7,motive_8
0,,0.49817,0.47621,0.83137,0.30778,0.81639,0.96797,0.08841,0.79182
1,,0.34817,0.32621,0.68137,0.15778,0.66639,0.81797,-0.06159,0.64182
2,7,0.59817,0.36421,0.63137,0.19578,0.91639,1.0,0.93841,1.0
3,7,0.84817,0.40221,0.58137,0.23378,1.0,1.0,1.0,1.0
4,,0.69817,0.25221,0.43137,0.08378,0.85,0.85,0.85,0.85
5,,0.54817,0.10221,0.28137,-0.06622,0.7,0.7,0.7,0.7
6,4,0.58617,0.35221,0.74337,0.93378,1.0,0.95,0.738,0.65
7,4,0.62417,0.60221,1.0,1.0,1.0,1.0,0.776,0.6
8,,0.47417,0.45221,0.85,0.85,0.85,0.85,0.626,0.45
9,,0.32417,0.30221,0.7,0.7,0.7,0.7,0.476,0.3
10,,0.17417,0.15221,0.55,0.55,0.55,0.55,0.326,0.15
11,,0.02417,0.00221,0.4,0.4,0.4,0.4,0.176,0.0
12,,-0.12583,-0.14779,0.25,0.25,0.25,0.25,0.026,-0.15
13,8,0.33617,0.10221,0.288,0.2,0.288,0.5,0.488,0.85
14,8,0.79817,0.35221,0.326,0.15,0.326,0.75,0.95,1.0
15,,0.64817,0.20221,0.176,0.0,0.176,0.6,0.8,0.85
16,,0.49817,0.05221,0.026,-0.15,0.026,0.45,0.65,0.7
17,4,0.53617,0.30221,0.488,0.85,0.488,0.7,0.688,0.65
18,4,0.57417,0.55221,0.95,1.0,0.95,0.95,0.726,0.6
19,,0.42417,0.40221,0.8,0.85,0.8,0.8,0.576,0.45
20,,0.27417,0.25221,0.65,0.7,0.65,0.65,0.426,0.3
21,,0.12417,0.10221,0.5,0.55,0.5,0.5,0.276,0.15
22,,-0.02583,-0.04779,0.35,0.4,0.35,0.35,0.126,0.0
23,2,0.43617,0.95221,0.812,0.65,0.388,0.3,0.164,0.25
24,2,0.89817,1.0,1.0,0.9,0.426,0.25,0.202,0.5
25,,0.74817,0.85,0.85,0.75,0.276,0.1,0.052,0.35
26,,0.59817,0.7,0.7,0.6,0.126,-0.05,-0.098,0.2
27,7,0.84817,0.738,0.65,0.638,0.376,0.412,0.902,0.662
28,7,1.0,0.776,0.6,0.676,0.626,0.874,1.0,1.0
29,,0.85,0.626,0.45,0.526,0.476,0.724,0.85,0.85
30,,0.7,0.476,0.3,0.376,0.326,0.574,0.7,0.7
31,,0.55,0.326,0.15,0.226,0.176,0.424,0.55,0.55
32,,0.4,0.176,0.0,0.076,0.026,0.274,0.4,0.4
33,,0.25,0.026,-0.15,-0.074,-0.124,0.124,0.25,0.25
34,3,0.5,0.488,0.85,0.388,0.126,0.162,0.2,0.288
35,3,0.75,0.95,1.0,0.85,0.376,0.2,0.15,0.326
36,,0.6,0.8,0.85,0.7,0.226,0.05,0.0,0.176
37,,0.45,0.65,0.7,0.55,0.076,-0.1,-0.15,0.026
38,7,0.7,0.688,0.65,0.588,0.326,0.362,0.85,0.488
39,7,0.95,0.726,0.6,0.626,0.576,0.824,1.0,0.95
40,,0.8,0.576,0.45,0.476,0.426,0.674,0.85,0.8
41,,0.65,0.426,0.3,0.326,0.276,0.524,0.7,0.65
42,,0.5,0.276,0.15,0.176,0.126,0.374,0.55,0.5
43,,0.35,0.126,0.0,0.026,-0.024,0.224,0.4,0.35
44,5,0.3,0.164,0.25,0.488,0.976,0.686,0.65,0.388
45,5,0.25,0.202,0.5,0.95,1.0,1.0,0.9,0.426
46,,0.1,0.052,0.35,0.8,0.85,0.85,0.75,0.276
47,,-0.05,-0.098,0.2,0.65,0.7,0.7,0.6,0.126
48,2,0.412,0.902,0.662,0.9,0.738,0.65,0.638,0.376
49,2,0.874,1.0,1.0,1.0,0.776,0.6,0.676,0.626
50,,0.724,0.85,0.85,0.85,0.626,0.45,0.526,0.476
51,,0.574,0.7,0.7,0.7,0.476,0.3,0.376,0.326
52,,0.424,0.55,0.55,0.55,0.326,0.15,0.226,0.176
53,,0.274,0.4,0.4,0.4,0.176,0.0,0.076,0.026
54,,0.124,0.25,0.25,0.25,0.026,-0.15,-0.074,-0.124
55,6,0.162,0.2,0.288,0.5,0.488,0.85,0.388,0.126
56,6,0.2,0.15,0.326,0.75,0.95,1.0,0.85,0.376
57,,0.05,0.0,0.176,0.6,0.8,0.85,0.7,0.226
58,,-0.1,-0.15,0.026,0.45,0.65,0.7,0.55,0.076
59,2,0.362,0.85,0.488,0.7,0.688,0.65,0.588,0.326
60,2,0.824,1.0,0.95,0.95,0.726,0.6,0.626,0.576
61,,0.674,0.85,0.8,0.8,0.576,0.45,0.476,0.426
62,,0.524,0.7,0.65,0.65,0.426,0.3,0.326,0.276
63,,0.374,0.55,0.5,0.5,0.276,0.15,0.176,0.126
64,,0.224,0.4,0.35,0.35,0.126,0.0,0.026,-0.024
65,8,0.686,0.65,0.388,0.3,0.164,0.25,0.488,0.976
66,8,1.0,0.9,0.426,0.25,0.202,0.5,0.95,1.0
67,,0.85,0.75,0.276,0.1,0.052,0.35,0.8,0.85
68,,0.7,0.6,0.126,-0.05,-0.098,0.2,0.65,0.7
69,5,0.65,0.638,0.376,0.412,0.902,0.662,0.9,0.738
70,5,0.6,0.676,0.626,0.874,1.0,1.0,1.0,0.776
71,,0.45,0.526,0.476,0.724,0.85,0.85,0.85,0.626
72,,0.3,0.376,0.326,0.574,0.7,0.7,0.7,0.476
73,,0.15,0.226,0.176,0.424,0.55,0.55,0.55,0.326
74,,0.0,0.076,0.026,0.274,0.4,0.4,0.4,0.176
75,,-0.15,-0.074,-0.124,0.124,0.25,0.25,0.25,0.026
76,1,0.85,0.388,0.126,0.162,0.2,0.288,0.5,0.488
77,1,1.0,0.85,0.376,0.2,0.15,0.326,0.75,0.95
78,,0.85,0.7,0.226,0.05,0.0,0.176,0.6,0.8
79,,0.7,0.55,0.076,-0.1,-0.15,0.026,0.45,0.65
80,5,0.65,0.588,0.326,0.362,0.85,0.488,0.7,0.688
81,5,0.6,0.626,0.576,0.824,1.0,0.95,0.95,0.726
82,,0.45,0.476,0.426,0.674,0.85,0.8,0.8,0.576
83,,0.3,0.326,0.276,0.524,0.7,0.65,0.65,0.426
84,,0.15,0.176,0.126,0.374,0.55,0.5,0.5,0.276
85,,0.0,0.026,-0.024,0.224,0.4,0.35,0.35,0.126
86,3,0.25,0.488,0.976,0.686,0.65,0.388,0.3,0.164
87,3,0.5,0.95,1.0,1.0,0.9,0.426,0.25,0.202
88,,0.35,0.8,0.85,0.85,0.75,0.276,0.1,0.052
89,,0.2,0.65,0.7,0.7,0.6,0.126,-0.05,-0.098
90,8,0.662,0.9,0.738,0.65,0.638,0.376,0.412,0.902
91,8,1.0,1.0,0.776,0.6,0.676,0.626,0.874,1.0
92,,0.85,0.85,0.626,0.45,0.526,0.476,0.724,0.85
93,,0.7,0.7,0.476,0.3,0.376,0.326,0.574,0.7
94,,0.55,0.55,0.326,0.15,0.226,0.176,0.424,0.55
95,,0.4,0.4,0.176,0.0,0.076,0.026,0.274,0.4
96,,0.25,0.25,0.026,-0.15,-0.074,-0.124,0.124,0.25
97,4,0.288,0.5,0.488,0.85,0.388,0.126,0.162,0.2
98,4,0.326,0.75,0.95,1.0,0.85,0.376,0.2,0.15
99,,0.176,0.6,0.8,0.85,0.7,0.226,0.05,0.0
100,,0.026,0.45,0.65,0.7,0.55,0.076,-0.1,-0.15
101,8,0.488,0.7,0.688,0.65,0.588,0.326,0.362,0.85
102,8,0.95,0.95,0.726,0.6,0.626,0.576,0.824,1.0
103,,0.8,0.8,0.576,0.45,0.476,0.426,0.674,0.85
104,,0.65,0.65,0.426,0.3,0.326,0.276,0.524,0.7
105,,0.5,0.5,0.276,0.15,0.176,0.126,0.374,0.55
106,,0.35,0.35,0.126,0.0,0.026,-0.024,0.224,0.4
107,6,0.388,0.3,0.164,0.25,0.488,0.976,0.686,0.65
108,6,0.426,0.25,0.202,0.5,0.95,1.0,1.0,0.9
109,,0.276,0.1,0.052,0.35,0.8,0.85,0.85,0.75
110,,0.126,-0.05,-0.098,0.2,0.65,0.7,0.7,0.6
111,3,0.376,0.412,0.902,0.662,0.9,0.738,0.65,0.638
112,3,0.626,0.874,1.0,1.0,1.0,0.776,0.6,0.676
113,,0.476,0.724,0.85,0.85,0.85,0.626,0.45,0.526
114,,0.326,0.574,0.7,0.7,0.7,0.476,0.3,0.376
115,,0.176,0.424,0.55,0.55,0.55,0.326,0.15,0.226
116,,0.026,0.274,0.4,0.4,0.4,0.176,0.0,0.076
117,,-0.124,0.124,0.25,0.25,0.25,0.026,-0.15,-0.074
118,7,0.126,0.162,0.2,0.288,0.5,0.488,0.85,0.388
119,7,0.376,0.2,0.15,0.326,0.75,0.95,1.0,0.85
120,,0.226,0.05,0.0,0.176,0.6,0.8,0.85,0.7
121,,0.076,-0.1,-0.15,0.026,0.45,0.65,0.7,0.55
122,3,0.326,0.362,0.85,0.488,0.7,0.688,0.65,0.588
123,3,0.576,0.824,1.0,0.95,0.95,0.726,0.6,0.626
124,,0.426,0.674,0.85,0.8,0.8,0.576,0.45,0.476
125,,0.276,0.524,0.7,0.65,0.65,0.426,0.3,0.326
126,,0.126,0.374,0.55,0.5,0.5,0.276,0.15,0.176
127,,-0.024,0.224,0.4,0.35,0.35,0.126,0.0,0.026
128,1,0.976,0.686,0.65,0.388,0.3,0.164,0.25,0.488
129,1,1.0,1.0,0.9,0.426,0.25,0.202,0.5,0.95
130,,0.85,0.85,0.75,0.276,0.1,0.052,0.35,0.8
131,,0.7,0.7,0.6,0.126,-0.05,-0.098,0.2,0.65
132,6,0.738,0.65,0.638,0.376,0.412,0.902,0.662,0.9
133,6,0.776,0.6,0.676,0.626,0.874,1.0,1.0,1.0
134,,0.626,0.45,0.526,0.476,0.724,0.85,0.85,0.85
135,,0.476,0.3,0.376,0.326,0.574,0.7,0.7,0.7
136,,0.326,0.15,0.226,0.176,0.424,0.55,0.55,0.55
137,,0.176,0.0,0.076,0.026,0.274,0.4,0.4,0.4
138,,0.026,-0.15,-0.074,-0.124,0.124,0.25,0.25,0.25
139,2,0.488,0.85,0.388,0.126,0.162,0.2,0.288,0.5
140,2,0.95,1.0,0.85,0.376,0.2,0.15,0.326,0.75
141,,0.8,0.85,0.7,0.226,0.05,0.0,0.176,0.6
142,,0.65,0.7,0.55,0.076,-0.1,-0.15,0.026,0.45
143,6,0.688,0.65,0.588,0.326,0.362,0.85,0.488,0.7
144,6,0.726,0.6,0.626,0.576,0.824,1.0,0.95,0.95
145,,0.576,0.45,0.476,0.426,0.674,0.85,0.8,0.8
146,,0.426,0.3,0.326,0.276,0.524,0.7,0.65,0.65
147,,0.276,0.15,0.176,0.126,0.374,0.55,0.5,0.5
148,,0.126,0.0,0.026,-0.024,0.224,0.4,0.35,0.35
149,4,0.164,0.25,0.488,0.976,0.686,0.65,0.388,0.3
150,4,0.202,0.5,0.95,1.0,1.0,0.9,0.426,0.25
151,,0.052,0.35,0.8,0.85,0.85,0.75,0.276,0.1
152,,-0.098,0.2,0.65,0.7,0.7,0.6,0.126,-0.05
153,1,0.902,0.662,0.9,0.738,0.65,0.638,0.376,0.412
154,1,1.0,1.0,1.0,0.776,0.6,0.676,0.626,0.874
155,,0.85,0.85,0.85,0.626,0.45,0.526,0.476,0.724
156,,0.7,0.7,0.7,0.476,0.3,0.376,0.326,0.574
157,,0.55,0.55,0.55,0.326,0.15,0.226,0.176,0.424
158,,0.4,0.4,0.4,0.176,0.0,0.076,0.026,0.274
159,,0.25,0.25,0.25,0.026,-0.15,-0.074,-0.124,0.124
160,5,0.2,0.288,0.5,0.488,0.85,0.388,0.126,0.162
161,5,0.15,0.326,0.75,0.95,1.0,0.85,0.376,0.2
162,,0.0,0.176,0.6,0.8,0.85,0.7,0.226,0.05
163,,-0.15,0.026,0.45,0.65,0.7,0.55,0.076,-0.1
164,1,0.85,0.488,0.7,0.688,0.65,0.588,0.326,0.362
165,1,1.0,0.95,0.95,0.726,0.6,0.626,0.576,0.824
166,,0.85,0.8,0.8,0.576,0.45,0.476,0.426,0.674
167,,0.7,0.65,0.65,0.426,0.3,0.326,0.276,0.524
168,,0.55,0.5,0.5,0.276,0.15,0.176,0.126,0.374
169,,0.4,0.35,0.35,0.126,0.0,0.026,-0.024,0.224
170,7,0.65,0.388,0.3,0.164,0.25,0.488,0.976,0.686
171,7,0.9,0.426,0.25,0.202,0.5,0.95,1.0,1.0
172,,0.75,0.276,0.1,0.052,0.35,0.8,0.85,0.85
173,,0.6,0.126,-0.05,-0.098,0.2,0.65,0.7,0.7
174,4,0.638,0.376,0.412,0.902,0.662,0.9,0.738,0.65
175,4,0.676,0.626,0.874,1.0,1.0,1.0,0.776,0.6
176,,0.526,0.476,0.724,0.85,0.85,0.85,0.626,0.45
177,,0.376,0.326,0.574,0.7,0.7,0.7,0.476,0.3
178,,0.226,0.176,0.424,0.55,0.55,0.55,0.326,0.15
179,,0.076,0.026,0.274,0.4,0.4,0.4,0.176,0.0
180,,-0.074,-0.124,0.124,0.25,0.25,0.25,0.026,-0.15
181,8,0.388,0.126,0.162,0.2,0.288,0.5,0.488,0.85
182,8,0.85,0.376,0.2,0.15,0.326,0.75,0.95,1.0
183,,0.7,0.226,0.05,0.0,0.176,0.6,0.8,0.85
184,,0.55,0.076,-0.1,-0.15,0.026,0.45,0.65,0.7
185,4,0.588,0.326,0.362,0.85,0.488,0.7,0.688,0.65
186,4,0.626,0.576,0.824,1.0,0.95,0.95,0.726,0.6
187,,0.476,0.426,0.674,0.85,0.8,0.8,0.576,0.45
188,,0.326,0.276,0.524,0.7,0.65,0.65,0.426,0.3
189,,0.176,0.126,0.374,0.55,0.5,0.5,0.276,0.15
190,,0.026,-0.024,0.224,0.4,0.35,0.35,0.126,0.0
191,2,0.488,0.976,0.686,0.65,0.388,0.3,0.164,0.25
192,2,0.95,1.0,1.0,0.9,0.426,0.25,0.202,0.5
193,,0.8,0.85,0.85,0.75,0.276,0.1,0.052,0.35
194,,0.65,0.7,0.7,0.6,0.126,-0.05,-0.098,0.2
195,7,0.9,0.738,0.65,0.638,0.376,0.412,0.902,0.662
196,7,1.0,0.776,0.6,0.676,0.626,0.874,1.0,1.0
197,,0.85,0.626,0.45,0.526,0.476,0.724,0.85,0.85
198,,0.7,0.476,0.3,0.376,0.326,0.574,0.7,0.7
199,,0.55,0.326,0.15,0.226,0.176,0.424,0.55,0.55
200,,0.4,0.176,0.0,0.076,0.026,0.274,0.4,0.4
201,,0.25,0.026,-0.15,-0.074,-0.124,0.124,0.25,0.25
202,3,0.5,0.488,0.85,0.388,0.126,0.162,0.2,0.288
203,3,0.75,0.95,1.0,0.85,0.376,0.2,0.15,0.326
204,,0.6,0.8,0.85,0.7,0.226,0.05,0.0,0.176
205,,0.45,0.65,0.7,0.55,0.076,-0.1,-0.15,0.026
206,7,0.7,0.688,0.65,0.588,0.326,0.362,0.85,0.488
207,7,0.95,0.726,0.6,0.626,0.576,0.824,1.0,0.95
208,,0.8,0.576,0.45,0.476,0.426,0.674,0.85,0.8
209,,0.65,0.426,0.3,0.326,0.276,0.524,0.7,0.65
210,,0.5,0.276,0.15,0.176,0.126,0.374,0.55,0.5
211,,0.35,0.126,0.0,0.026,-0.024,0.224,0.4,0.35
212,5,0.3,0.164,0.25,0.488,0.976,0.686,0.65,0.388
213,5,0.25,0.202,0.5,0.95,1.0,1.0,0.9,0.426
214,,0.1,0.052,0.35,0.8,0.85,0.85,0.75,0.276
215,,-0.05,-0.098,0.2,0.65,0.7,0.7,0.6,0.126
216,2,0.412,0.902,0.662,0.9,0.738,0.65,0.638,0.376
217,2,0.874,1.0,1.0,1.0,0.776,0.6,0.676,0.626
218,,0.724,0.85,0.85,0.85,0.626,0.45,0.526,0.476
219,,0.574,0.7,0.7,0.7,0.476,0.3,0.376,0.326
220,,0.424,0.55,0.55,0.55,0.326,0.15,0.226,0.176
221,,0.274,0.4,0.4,0.4,0.176,0.0,0.076,0.026
222,,0.124,0.25,0.25,0.25,0.026,-0.15,-0.074,-0.124
223,6,0.162,0.2,0.288,0.5,0.488,0.85,0.388,0.126
224,6,0.2,0.15,0.326,0.75,0.95,1.0,0.85,0.376
225,,0.05,0.0,0.176,0.6,0.8,0.85,0.7,0.226
226,,-0.1,-0.15,0.026,0.45,0.65,0.7,0.55,0.076
227,2,0.362,0.85,0.488,0.7,0.688,0.65,0.588,0.326
228,2,0.824,1.0,0.95,0.95,0.726,0.6,0.626,0.576
229,,0.674,0.85,0.8,0.8,0.576,0.45,0.476,0.426
230,,0.524,0.7,0.65,0.65,0.426,0.3,0.326,0.276
231,,0.374,0.55,0.5,0.5,0.276,0.15,0.176,0.126
232,,0.224,0.4,0.35,0.35,0.126,0.0,0.026,-0.024
233,8,0.686,0.65,0.388,0.3,0.164,0.25,0.488,0.976
234,8,1.0,0.9,0.426,0.25,0.202,0.5,0.95,1.0
235,,0.85,0.75,0.276,0.1,0.052,0.35,0.8,0.85
236,,0.7,0.6,0.126,-0.05,-0.098,0.2,0.65,0.7
237,5,0.65,0.638,0.376,0.412,0.902,0.662,0.9,0.738
238,5,0.6,0.676,0.626,0.874,1.0,1.0,1.0,0.776
239,,0.45,0.526,0.476,0.724,0.85,0.85,0.85,0.626
240,,0.3,0.376,0.326,0.574,0.7,0.7,0.7,0.476
241,,0.15,0.226,0.176,0.424,0.55,0.55,0.55,0.326
242,,0.0,0.076,0.026,0.274,0.4,0.4,0.4,0.176
243,,-0.15,-0.074,-0.124,0.124,0.25,0.25,0.25,0.026
244,1,0.85,0.388,0.126,0.162,0.2,0.288,0.5,0.488
245,1,1.0,0.85,0.376,0.2,0.15,0.326,0.75,0.95
246,,0.85,0.7,0.226,0.05,0.0,0.176,0.6,0.8
247,,0.7,0.55,0.076,-0.1,-0.15,0.026,0.45,0.65
248,5,0.65,0.588,0.326,0.362,0.85,0.488,0.7,0.688
249,5,0.6,0.626,0.576,0.824,1.0,0.95,0.95,0.726
250,,0.45,0.476,0.426,0.674,0.85,0.8,0.8,0.576
251,,0.3,0.326,0.276,0.524,0.7,0.65,0.65,0.426
252,,0.15,0.176,0.126,0.374,0.55,0.5,0.5,0.276
253,,0.0,0.026,-0.024,0.224,0.4,0.35,0.35,0.126
254,3,0.25,0.488,0.976,0.686,0.65,0.388,0.3,0.164
255,3,0.5,0.95,1.0,1.0,0.9,0.426,0.25,0.202
256,,0.35,0.8,0.85,0.85,0.75,0.276,0.1,0.052
257,,0.2,0.65,0.7,0.7,0.6,0.126,-0.05,-0.098
258,8,0.662,0.9,0.738,0.65,0.638,0.376,0.412,0.902
259,8,1.0,1.0,0.776,0.6,0.676,0.626,0.874,1.0
260,,0.85,0.85,0.626,0.45,0.526,0.476,0.724,0.85
261,,0.7,0.7,0.476,0.3,0.376,0.326,0.574,0.7
262,,0.55,0.55,0.326,0.15,0.226,0.176,0.424,0.55
263,,0.4,0.4,0.176,0.0,0.076,0.026,0.274,0.4
264,,0.25,0.25,0.026,-0.15,-0.074,-0.124,0.124,0.25
265,4,0.288,0.5,0.488,0.85,0.388,0.126,0.162,0.2
266,4,0.326,0.75,0.95,1.0,0.85,0.376,0.2,0.15
267,,0.176,0.6,0.8,0.85,0.7,0.226,0.05,0.0
268,,0.026,0.45,0.65,0.7,0.55,0.076,-0.1,-0.15
269,8,0.488,0.7,0.688,0.65,0.588,0.326,0.362,0.85
270,8,0.95,0.95,0.726,0.6,0.626,0.576,0.824,1.0
271,,0.8,0.8,0.576,0.45,0.476,0.426,0.674,0.85
272,,0.65,0.65,0.426,0.3,0.326,0.276,0.524,0.7
273,,0.5,0.5,0.276,0.15,0.176,0.126,0.374,0.55
274,,0.35,0.35,0.126,0.0,0.026,-0.024,0.224,0.4
275,6,0.388,0.3,0.164,0.25,0.488,0.976,0.686,0.65
276,6,0.426,0.25,0.202,0.5,0.95,1.0,1.0,0.9
277,,0.276,0.1,0.052,0.35,0.8,0.85,0.85,0.75
278,,0.126,-0.05,-0.098,0.2,0.65,0.7,0.7,0.6
279,3,0.376,0.412,0.902,0.662,0.9,0.738,0.65,0.638
280,3,0.626,0.874,1.0,1.0,1.0,0.776,0.6,0.676
281,,0.476,0.724,0.85,0.85,0.85,0.626,0.45,0.526
282,,0.326,0.574,0.7,0.7,0.7,0.476,0.3,0.376
283,,0.176,0.424,0.55,0.55,0.55,0.326,0.15,0.226
284,,0.026,0.274,0.4,0.4,0.4,0.176,0.0,0.076
285,,-0.124,0.124,0.25,0.25,0.25,0.026,-0.15,-0.074
286,7,0.126,0.162,0.2,0.288,0.5,0.488,0.85,0.388
287,7,0.376,0.2,0.15,0.326,0.75,0.95,1.0,0.85
288,,0.226,0.05,0.0,0.176,0.6,0.8,0.85,0.7
289,,0.076,-0.1,-0.15,0.026,0.45,0.65,0.7,0.55
290,3,0.326,0.362,0.85,0.488,0.7,0.688,0.65,0.588
291,3,0.576,0.824,1.0,0.95,0.95,0.726,0.6,0.626
292,,0.426,0.674,0.85,0.8,0.8,0.576,0.45,0.476
293,,0.276,0.524,0.7,0.65,0.65,0.426,0.3,0.326
294,,0.126,0.374,0.55,0.5,0.5,0.276,0.15,0.176
295,,-0.024,0.224,0.4,0.35,0.35,0.126,0.0,0.026
296,1,0.976,0.686,0.65,0.388,0.3,0.164,0.25,0.488
297,1,1.0,1.0,0.9,0.426,0.25,0.202,0.5,0.95
298,,0.85,0.85,0.75,0.276,0.1,0.052,0.35,0.8
299,,0.7,0.7,0.6,0.126,-0.05,-0.098,0.2,0.65
300,6,0.738,0.65,0.638,0.376,0.412,0.902,0.662,0.9
301,6,0.776,0.6,0.676,0.626,0.874,1.0,1.0,1.0
302,,0.626,0.45,0.526,0.476,0.724,0.85,0.85,0.85
303,,0.476,0.3,0.376,0.326,0.574,0.7,0.7,0.7
304,,0.326,0.15,0.226,0.176,0.424,0.55,0.55,0.55
305,,0.176,0.0,0.076,0.026,0.274,0.4,0.4,0.4
306,,0.026,-0.15,-0.074,-0.124,0.124,0.25,0.25,0.25
307,2,0.488,0.85,0.388,0.126,0.162,0.2,0.288,0.5
308,2,0.95,1.0,0.85,0.376,0.2,0.15,0.326,0.75
309,,0.8,0.85,0.7,0.226,0.05,0.0,0.176,0.6
310,,0.65,0.7,0.55,0.076,-0.1,-0.15,0.026,0.45
311,6,0.688,0.65,0.588,0.326,0.362,0.85,0.488,0.7
312,6,0.726,0.6,0.626,0.576,0.824,1.0,0.95,0.95
313,,0.576,0.45,0.476,0.426,0.674,0.85,0.8,0.8
314,,0.426,0.3,0.326,0.276,0.524,0.7,0.65,0.65
315,,0.276,0.15,0.176,0.126,0.374,0.55,0.5,0.5
316,,0.126,0.0,0.026,-0.024,0.224,0.4,0.35,0.35
317,4,0.164,0.25,0.488,0.976,0.686,0.65,0.388,0.3
318,4,0.202,0.5,0.95,1.0,1.0,0.9,0.426,0.25
319,,0.052,0.35,0.8,0.85,0.85,0.75,0.276,0.1
320,,-0.098,0.2,0.65,0.7,0.7,0.6,0.126,-0.05
321,1,0.902,0.662,0.9,0.738,0.65,0.638,0.376,0.412
322,1,1.0,1.0,1.0,0.776,0.6,0.676,0.626,0.874
323,,0.85,0.85,0.85,0.626,0.45,0.526,0.476,0.724
324,,0.7,0.7,0.7,0.476,0.3,0.376,0.326,0.574
325,,0.55,0.55,0.55,0.326,0.15,0.226,0.176,0.424
326,,0.4,0.4,0.4,0.176,0.0,0.076,0.026,0.274
327,,0.25,0.25,0.25,0.026,-0.15,-0.074,-0.124,0.124
328,5,0.2,0.288,0.5,0.488,0.85,0.388,0.126,0.162
329,5,0.15,0.326,0.75,0.95,1.0,0.85,0.376,0.2
330,,0.0,0.176,0.6,0.8,0.85,0.7,0.226,0.05
331,,-0.15,0.026,0.45,0.65,0.7,0.55,0.076,-0.1
332,1,0.85,0.488,0.7,0.688,0.65,0.588,0.326,0.362
333,1,1.0,0.95,0.95,0.726,0.6,0.626,0.576,0.824
334,,0.85,0.8,0.8,0.576,0.45,0.476,0.426,0.674
335,,0.7,0.65,0.65,0.426,0.3,0.326,0.276,0.524
336,,0.55,0.5,0.5,0.276,0.15,0.176,0.126,0.374
337,,0.4,0.35,0.35,0.126,0.0,0.026,-0.024,0.224
338,7,0.65,0.388,0.3,0.164,0.25,0.488,0.976,0.686
339,7,0.9,0.426,0.25,0.202,0.5,0.95,1.0,1.0
340,,0.75,0.276,0.1,0.052,0.35,0.8,0.85,0.85
341,,0.6,0.126,-0.05,-0.098,0.2,0.65,0.7,0.7
342,4,0.638,0.376,0.412,0.902,0.662,0.9,0.738,0.65
343,4,0.676,0.626,0.874,1.0,1.0,1.0,0.776,0.6
344,,0.526,0.476,0.724,0.85,0.85,0.85,0.626,0.45
345,,0.376,0.326,0.574,0.7,0.7,0.7,0.476,0.3
346,,0.226,0.176,0.424,0.55,0.55,0.55,0.326,0.15
347,,0.076,0.026,0.274,0.4,0.4,0.4,0.176,0.0
348,,-0.074,-0.124,0.124,0.25,0.25,0.25,0.026,-0.15
349,8,0.388,0.126,0.162,0.2,0.288,0.5,0.488,0.85
350,8,0.85,0.376,0.2,0.15,0.326,0.75,0.95,1.0
351,,0.7,0.226,0.05,0.0,0.176,0.6,0.8,0.85
352,,0.55,0.076,-0.1,-0.15,0.026,0.45,0.65,0.7
353,4,0.588,0.326,0.362,0.85,0.488,0.7,0.688,0.65
354,4,0.626,0.576,0.824,1.0,0.95,0.95,0.726,0.6
355,,0.476,0.426,0.674,0.85,0.8,0.8,0.576,0.45
356,,0.326,0.276,0.524,0.7,0.65,0.65,0.426,0.3
357,,0.176,0.126,0.374,0.55,0.5,0.5,0.276,0.15
358,,0.026,-0.024,0.224,0.4,0.35,0.35,0.126,0.0
359,2,0.488,0.976,0.686,0.65,0.388,0.3,0.164,0.25
360,2,0.95,1.0,1.0,0.9,0.426,0.25,0.202,0.5
361,,0.8,0.85,0.85,0.75,0.276,0.1,0.052,0.35
362,,0.65,0.7,0.7,0.6,0.126,-0.05,-0.098,0.2
363,7,0.9,0.738,0.65,0.638,0.376,0.412,0.902,0.662
364,7,1.0,0.776,0.6,0.676,0.626,0.874,1.0,1.0
365,,0.85,0.626,0.45,0.526,0.476,0.724,0.85,0.85
366,,0.7,0.476,0.3,0.376,0.326,0.574,0.7,0.7
367,,0.55,0.326,0.15,0.226,0.176,0.424,0.55,0.55
368,,0.4,0.176,0.0,0.076,0.026,0.274,0.4,0.4
369,,0.25,0.026,-0.15,-0.074,-0.124,0.124,0.25,0.25
370,3,0.5,0.488,0.85,0.388,0.126,0.162,0.2,0.288
371,3,0.75,0.95,1.0,0.85,0.376,0.2,0.15,0.326
372,,0.6,0.8,0.85,0.7,0.226,0.05,0.0,0.176
373,,0.45,0.65,0.7,0.55,0.076,-0.1,-0.15,0.026
374,7,0.7,0.688,0.65,0.588,0.326,0.362,0.85,0.488
375,7,0.95,0.726,0.6,0.626,0.576,0.824,1.0,0.95
376,,0.8,0.576,0.45,0.476,0.426,0.674,0.85,0.8
377,,0.65,0.426,0.3,0.326,0.276,0.524,0.7,0.65
378,,0.5,0.276,0.15,0.176,0.126,0.374,0.55,0.5
379,,0.35,0.126,0.0,0.026,-0.024,0.224,0.4,0.35
380,5,0.3,0.164,0.25,0.488,0.976,0.686,0.65,0.388
381,5,0.25,0.202,0.5,0.95,1.0,1.0,0.9,0.426
382,,0.1,0.052,0.35,0.8,0.85,0.85,0.75,0.276
383,,-0.05,-0.098,0.2,0.65,0.7,0.7,0.6,0.126
384,2,0.412,0.902,0.662,0.9,0.738,0.65,0.638,0.376
385,2,0.874,1.0,1.0,1.0,0.776,0.6,0.676,0.626
386,,0.724,0.85,0.85,0.85,0.626,0.45,0.526,0.476
387,,0.574,0.7,0.7,0.7,0.476,0.3,0.376,0.326
388,,0.424,0.55,0.55,0.55,0.326,0.15,0.226,0.176
389,,0.274,0.4,0.4,0.4,0.176,0.0,0.076,0.026
390,,0.124,0.25,0.25,0.25,0.026,-0.15,-0.074,-0.124
391,6,0.162,0.2,0.288,0.5,0.488,0.85,0.388,0.126
392,6,0.2,0.15,0.326,0.75,0.95,1.0,0.85,0.376
393,,0.05,0.0,0.176,0.6,0.8,0.85,0.7,0.226
394,,-0.1,-0.15,0.026,0.45,0.65,0.7,0.55,0.076
395,2,0.362,0.85,0.488,0.7,0.688,0.65,0.588,0.326
396,2,0.824,1.0,0.95,0.95,0.726,0.6,0.626,0.576
397,,0.674,0.85,0.8,0.8,0.576,0.45,0.476,0.426
398,,0.524,0.7,0.65,0.65,0.426,0.3,0.326,0.276
399,,0.374,0.55,0.5,0.5,0.276,0.15,0.176,0.126
400,,0.224,0.4,0.35,0.35,0.126,0.0,0.026,-0.024
401,8,0.686,0.65,0.388,0.3,0.164,0.25,0.488,0.976
402,8,1.0,0.9,0.426,0.25,0.202,0.5,0.95,1.0
403,,0.85,0.75,0.276,0.1,0.052,0.35,0.8,0.85
404,,0.7,0.6,0.126,-0.05,-0.098,0.2,0.65,0.7
405,5,0.65,0.638,0.376,0.412,0.902,0.662,0.9,0.738
406,5,0.6,0.676,0.626,0.874,1.0,1.0,1.0,0.776
407,,0.45,0.526,0.476,0.724,0.85,0.85,0.85,0.626
408,,0.3,0.376,0.326,0.574,0.7,0.7,0.7,0.476
409,,0.15,0.226,0.176,0.424,0.55,0.55,0.55,0.326
410,,0.0,0.076,0.026,0.274,0.4,0.4,0.4,0.176
411,,-0.15,-0.074,-0.124,0.124,0.25,0.25,0.25,0.026
412,1,0.85,0.388,0.126,0.162,0.2,0.288,0.5,0.488
413,1,1.0,0.85,0.376,0.2,0.15,0.326,0.75,0.95
414,,0.85,0.7,0.226,0.05,0.0,0.176,0.6,0.8
415,,0.7,0.55,0.076,-0.1,-0.15,0.026,0.45,0.65
416,5,0.65,0.588,0.326,0.362,0.85,0.488,0.7,0.688
417,5,0.6,0.626,0.576,0.824,1.0,0.95,0.95,0.726
418,,0.45,0.476,0.426,0.674,0.85,0.8,0.8,0.576
419,,0.3,0.326,0.276,0.524,0.7,0.65,0.65,0.426
420,,0.15,0.176,0.126,0.374,0.55,0.5,0.5,0.276
421,,0.0,0.026,-0.024,0.224,0.4,0.35,0.35,0.126
422,3,0.25,0.488,0.976,0.686,0.65,0.388,0.3,0.164
423,3,0.5,0.95,1.0,1.0,0.9,0.426,0.25,0.202
424,,0.35,0.8,0.85,0.85,0.75,0.276,0.1,0.052
425,,0.2,0.65,0.7,0.7,0.6,0.126,-0.05,-0.098
426,8,0.662,0.9,0.738,0.65,0.638,0.376,0.412,0.902
427,8,1.0,1.0,0.776,0.6,0.676,0.626,0.874,1.0
428,,0.85,0.85,0.626,0.45,0.526,0.476,0.724,0.85
429,,0.7,0.7,0.476,0.3,0.376,0.326,0.574,0.7
430,,0.55,0.55,0.326,0.15,0.226,0.176,0.424,0.55
431,,0.4,0.4,0.176,0.0,0.076,0.026,0.274,0.4
432,,0.25,0.25,0.026,-0.15,-0.074,-0.124,0.124,0.25
433,4,0.288,0.5,0.488,0.85,0.388,0.126,0.162,0.2
434,4,0.326,0.75,0.95,1.0,0.85,0.376,0.2,0.15
435,,0.176,0.6,0.8,0.85,0.7,0.226,0.05,0.0
436,,0.026,0.45,0.65,0.7,0.55,0.076,-0.1,-0.15
437,8,0.488,0.7,0.688,0.65,0.588,0.326,0.362,0.85
438,8,0.95,0.95,0.726,0.6,0.626,0.576,0.824,1.0
439,,0.8,0.8,0.576,0.45,0.476,0.426,0.674,0.85
440,,0.65,0.65,0.426,0.3,0.326,0.276,0.524,0.7
441,,0.5,0.5,0.276,0.15,0.176,0.126,0.374,0.55
442,,0.35,0.35,0.126,0.0,0.026,-0.024,0.224,0.4
443,6,0.388,0.3,0.164,0.25,0.488,0.976,0.686,0.65
444,6,0.426,0.25,0.202,0.5,0.95,1.0,1.0,0.9
445,,0.276,0.1,0.052,0.35,0.8,0.85,0.85,0.75
446,,0.126,-0.05,-0.098,0.2,0.65,0.7,0.7,0.6
447,3,0.376,0.412,0.902,0.662,0.9,0.738,0.65,0.638
448,3,0.626,0.874,1.0,1.0,1.0,0.776,0.6,0.676
449,,0.476,0.724,0.85,0.85,0.85,0.626,0.45,0.526
450,,0.326,0.574,0.7,0.7,0.7,0.476,0.3,0.376
451,,0.176,0.424,0.55,0.55,0.55,0.326,0.15,0.226
452,,0.026,0.274,0.4,0.4,0.4,0.176,0.0,0.076
453,,-0.124,0.124,0.25,0.25,0.25,0.026,-0.15,-0.074
454,7,0.126,0.162,0.2,0.288,0.5,0.488,0.85,0.388
455,7,0.376,0.2,0.15,0.326,0.75,0.95,1.0,0.85
456,,0.226,0.05,0.0,0.176,0.6,0.8,0.85,0.7
457,,0.076,-0.1,-0.15,0.026,0.45,0.65,0.7,0.55
458,3,0.326,0.362,0.85,0.488,0.7,0.688,0.65,0.588
459,3,0.576,0.824,1.0,0.95,0.95,0.726,0.6,0.626
460,,0.426,0.674,0.85,0.8,0.8,0.576,0.45,0.476
461,,0.276,0.524,0.7,0.65,0.65,0.426,0.3,0.326
462,,0.126,0.374,0.55,0.5,0.5,0.276,0.15,0.176
463,,-0.024,0.224,0.4,0.35,0.35,0.126,0.0,0.026
464,1,0.976,0.686,0.65,0.388,0.3,0.164,0.25,0.488
465,1,1.0,1.0,0.9,0.426,0.25,0.202,0.5,0.95
466,,0.85,0.85,0.75,0.276,0.1,0.052,0.35,0.8
467,,0.7,0.7,0.6,0.126,-0.05,-0.098,0.2,0.65
468,6,0.738,0.65,0.638,0.376,0.412,0.902,0.662,0.9
469,6,0.776,0.6,0.676,0.626,0.874,1.0,1.0,1.0
470,,0.626,0.45,0.526,0.476,0.724,0.85,0.85,0.85
471,,0.476,0.3,0.376,0.326,0.574,0.7,0.7,0.7
472,,0.326,0.15,0.226,0.176,0.424,0.55,0.55,0.55
473,,0.176,0.0,0.076,0.026,0.274,0.4,0.4,0.4
474,,0.026,-0.15,-0.074,-0.124,0.124,0.25,0.25,0.25
475,2,0.488,0.85,0.388,0.126,0.162,0.2,0.288,0.5
476,2,0.95,1.0,0.85,0.376,0.2,0.15,0.326,0.75
477,,0.8,0.85,0.7,0.226,0.05,0.0,0.176,0.6
478,,0.65,0.7,0.55,0.076,-0.1,-0.15,0.026,0.45
479,6,0.688,0.65,0.588,0.326,0.362,0.85,0.488,0.7
480,6,0.726,0.6,0.626,0.576,0.824,1.0,0.95,0.95
481,,0.576,0.45,0.476,0.426,0.674,0.85,0.8,0.8
482,,0.426,0.3,0.326,0.276,0.524,0.7,0.65,0.65
483,,0.276,0.15,0.176,0.126,0.374,0.55,0.5,0.5
484,,0.126,0.0,0.026,-0.024,0.224,0.4,0.35,0.35
485,4,0.164,0.25,0.488,0.976,0.686,0.65,0.388,0.3
486,4,0.202,0.5,0.95,1.0,1.0,0.9,0.426,0.25
487,,0.052,0.35,0.8,0.85,0.85,0.75,0.276,0.1
488,,-0.098,0.2,0.65,0.7,0.7,0.6,0.126,-0.05
489,1,0.902,0.662,0.9,0.738,0.65,0.638,0.376,0.412
490,1,1.0,1.0,1.0,0.776,0.6,0.676,0.626,0.874
491,,0.85,0.85,0.85,0.626,0.45,0.526,0.476,0.724
492,,0.7,0.7,0.7,0.476,0.3,0.376,0.326,0.574
493,,0.55,0.55,0.55,0.326,0.15,0.226,0.176,0.424
494,,0.4,0.4,0.4,0.176,0.0,0.076,0.026,0.274
495,,0.25,0.25,0.25,0.026,-0.15,-0.074,-0.124,0.124
496,5,0.2,0.288,0.5,0.488,0.85,0.388,0.126,0.162
497,5,0.15,0.326,0.75,0.95,1.0,0.85,0.376,0.2
498,,0.0,0.176,0.6,0.8,0.85,0.7,0.226,0.05
499,,-0.15,0.026,0.45,0.65,0.7,0.55,0.076,-0.1
500,1,0.85,0.488,0.7,0.688,0.65,0.588,0.326,0.362
501,1,1.0,0.95,0.95,0.726,0.6,0.626,0.576,0.824
502,,0.85,0.8,0.8,0.576,0.45,0.476,0.426,0.674
503,,0.7,0.65,0.65,0.426,0.3,0.326,0.276,0.524
504,,0.55,0.5,0.5,0.276,0.15,0.176,0.126,0.374
505,,0.4,0.35,0.35,0.126,0.0,0.026,-0.024,0.224
506,7,0.65,0.388,0.3,0.164,0.25,0.488,0.976,0.686
507,7,0.9,0.426,0.25,0.202,0.5,0.95,1.0,1.0
508,,0.75,0.276,0.1,0.052,0.35,0.8,0.85,0.85
509,,0.6,0.126,-0.05,-0.098,0.2,0.65,0.7,0.7
510,4,0.638,0.376,0.412,0.902,0.662,0.9,0.738,0.65
511,4,0.676,0.626,0.874,1.0,1.0,1.0,0.776,0.6
512,,0.526,0.476,0.724,0.85,0.85,0.85,0.626,0.45
513,,0.376,0.326,0.574,0.7,0.7,0.7,0.476,0.3
514,,0.226,0.176,0.424,0.55,0.55,0.55,0.326,0.15
515,,0.076,0.026,0.274,0.4,0.4,0.4,0.176,0.0
516,,-0.074,-0.124,0.124,0.25,0.25,0.25,0.026,-0.15
517,8,0.388,0.126,0.162,0.2,0.288,0.5,0.488,0.85
518,8,0.85,0.376,0.2,0.15,0.326,0.75,0.95,1.0
519,,0.7,0.226,0.05,0.0,0.176,0.6,0.8,0.85
520,,0.55,0.076,-0.1,-0.15,0.026,0.45,0.65,0.7
521,4,0.588,0.326,0.362,0.85,0.488,0.7,0.688,0.65
522,4,0.626,0.576,0.824,1.0,0.95,0.95,0.726,0.6
523,,0.476,0.426,0.674,0.85,0.8,0.8,0.576,0.45
524,,0.326,0.276,0.524,0.7,0.65,0.65,0.426,0.3
525,,0.176,0.126,0.374,0.55,0.5,0.5,0.276,0.15
526,,0.026,-0.024,0.224,0.4,0.35,0.35,0.126,0.0
527,2,0.488,0.976,0.686,0.65,0.388,0.3,0.164,0.25
528,2,0.95,1.0,1.0,0.9,0.426,0.25,0.202,0.5
529,,0.8,0.85,0.85,0.75,0.276,0.1,0.052,0.35
530,,0.65,0.7,0.7,0.6,0.126,-0.05,-0.098,0.2
531,7,0.9,0.738,0.65,0.638,0.376,0.412,0.902,0.662
532,7,1.0,0.776,0.6,0.676,0.626,0.874,1.0,1.0
533,,0.85,0.626,0.45,0.526,0.476,0.724,0.85,0.85
534,,0.7,0.476,0.3,0.376,0.326,0.574,0.7,0.7
535,,0.55,0.326,0.15,0.226,0.176,0.424,0.55,0.55
536,,0.4,0.176,0.0,0.076,0.026,0.274,0.4,0.4
537,,0.25,0.026,-0.15,-0.074,-0.124,0.124,0.25,0.25
538,3,0.5,0.488,0.85,0.388,0.126,0.162,0.2,0.288
539,3,0.75,0.95,1.0,0.85,0.376,0.2,0.15,0.326
540,,0.6,0.8,0.85,0.7,0.226,0.05,0.0,0.176
541,,0.45,0.65,0.7,0.55,0.076,-0.1,-0.15,0.026
542,7,0.7,0.688,0.65,0.588,0.326,0.362,0.85,0.488
543,7,0.95,0.726,0.6,0.626,0.576,0.824,1.0,0.95
544,,0.8,0.576,0.45,0.476,0.426,0.674,0.85,0.8
545,,0.65,0.426,0.3,0.326,0.276,0.524,0.7,0.65
546,,0.5,0.276,0.15,0.176,0.126,0.374,0.55,0.5
547,,0.35,0.126,0.0,0.026,-0.024,0.224,0.4,0.35
548,5,0.3,0.164,0.25,0.488,0.976,0.686,0.65,0.388
549,5,0.25,0.202,0.5,0.95,1.0,1.0,0.9,0.426
550,,0.1,0.052,0.35,0.8,0.85,0.85,0.75,0.276
551,,-0.05,-0.098,0.2,0.65,0.7,0.7,0.6,0.126
552,2,0.412,0.902,0.662,0.9,0.738,0.65,0.638,0.376
553,2,0.874,1.0,1.0,1.0,0.776,0.6,0.676,0.626
554,,0.724,0.85,0.85,0.85,0.626,0.45,0.526,0.476
555,,0.574,0.7,0.7,0.7,0.476,0.3,0.376,0.326
556,,0.424,0.55,0.55,0.55,0.326,0.15,0.226,0.176
557,,0.274,0.4,0.4,0.4,0.176,0.0,0.076,0.026
558,,0.124,0.25,0.25,0.25,0.026,-0.15,-0.074,-0.124
559,6,0.162,0.2,0.288,0.5,0.488,0.85,0.388,0.126
560,6,0.2,0.15,0.326,0.75,0.95,1.0,0.85,0.376
561,,0.05,0.0,0.176,0.6,0.8,0.85,0.7,0.226
562,,-0.1,-0.15,0.026,0.45,0.65,0.7,0.55,0.076
563,2,0.362,0.85,0.488,0.7,0.688,0.65,0.588,0.326
564,2,0.824,1.0,0.95,0.95,0.726,0.6,0.626,0.576
565,,0.674,0.85,0.8,0.8,0.576,0.45,0.476,0.426
566,,0.524,0.7,0.65,0.65,0.426,0.3,0.326,0.276
567,,0.374,0.55,0.5,0.5,0.276,0.15,0.176,0.126
568,,0.224,0.4,0.35,0.35,0.126,0.0,0.026,-0.024
569,8,0.686,0.65,0.388,0.3,0.164,0.25,0.488,0.976
570,8,1.0,0.9,0.426,0.25,0.202,0.5,0.95,1.0
571,,0.85,0.75,0.276,0.1,0.052,0.35,0.8,0.85
572,,0.7,0.6,0.126,-0.05,-0.098,0.2,0.65,0.7
573,5,0.65,0.638,0.376,0.412,0.902,0.662,0.9,0.738
574,5,0.6,0.676,0.626,0.874,1.0,1.0,1.0,0.776
575,,0.45,0.526,0.476,0.724,0.85,0.85,0.85,0.626
576,,0.3,0.376,0.326,0.574,0.7,0.7,0.7,0.476
577,,0.15,0.226,0.176,0.424,0.55,0.55,0.55,0.326
578,,0.0,0.076,0.026,0.274,0.4,0.4,0.4,0.176
579,,-0.15,-0.074,-0.124,0.124,0.25,0.25,0.25,0.026
580,1,0.85,0.388,0.126,0.162,0.2,0.288,0.5,0.488
581,1,1.0,0.85,0.376,0.2,0.15,0.326,0.75,0.95
582,,0.85,0.7,0.226,0.05,0.0,0.176,0.6,0.8
583,,0.7,0.55,0.076,-0.1,-0.15,0.026,0.45,0.65
584,5,0.65,0.588,0.326,0.362,0.85,0.488,0.7,0.688
585,5,0.6,0.626,0.576,0.824,1.0,0.95,0.95,0.726
586,,0.45,0.476,0.426,0.674,0.85,0.8,0.8,0.576
587,,0.3,0.326,0.276,0.524,0.7,0.65,0.65,0.426
588,,0.15,0.176,0.126,0.374,0.55,0.5,0.5,0.276
589,,0.0,0.026,-0.024,0.224,0.4,0.35,0.35,0.126
590,3,0.25,0.488,0.976,0.686,0.65,0.388,0.3,0.164
591,3,0.5,0.95,1.0,1.0,0.9,0.426,0.25,0.202
592,,0.35,0.8,0.85,0.85,0.75,0.276,0.1,0.052
593,,0.2,0.65,0.7,0.7,0.6,0.126,-0.05,-0.098
594,8,0.662,0.9,0.738,0.65,0.638,0.376,0.412,0.902
595,8,1.0,1.0,0.776,0.6,0.676,0.626,0.874,1.0
596,,0.85,0.85,0.626,0.45,0.526,0.476,0.724,0.85
597,,0.7,0.7,0.476,0.3,0.376,0.326,0.574,0.7
598,,0.55,0.55,0.326,0.15,0.226,0.176,0.424,0.55
599,,0.4,0.4,0.176,0.0,0.076,0.026,0.274,0.4
600,,0.25,0.25,0.026,-0.15,-0.074,-0.124,0.124,0.25
601,4,0.288,0.5,0.488,0.85,0.388,0.126,0.162,0.2
602,4,0.326,0.75,0.95,1.0,0.85,0.376,0.2,0.15
603,,0.176,0.6,0.8,0.85,0.7,0.226,0.05,0.0
604,,0.026,0.45,0.65,0.7,0.55,0.076,-0.1,-0.15
605,8,0.488,0.7,0.688,0.65,0.588,0.326,0.362,0.85
606,8,0.95,0.95,0.726,0.6,0.626,0.576,0.824,1.0
607,,0.8,0.8,0.576,0.45,0.476,0.426,0.674,0.85
608,,0.65,0.65,0.426,0.3,0.326,0.276,0.524,0.7
609,,0.5,0.5,0.276,0.15,0.176,0.126,0.374,0.55
610,,0.35,0.35,0.126,0.0,0.026,-0.024,0.224,0.4
611,6,0.388,0.3,0.164,0.25,0.488,0.976,0.686,0.65
612,6,0.426,0.25,0.202,0.5,0.95,1.0,1.0,0.9
613,,0.276,0.1,0.052,0.35,0.8,0.85,0.85,0.75
614,,0.126,-0.05,-0.098,0.2,0.65,0.7,0.7,0.6
615,3,0.376,0.412,0.902,0.662,0.9,0.738,0.65,0.638
616,3,0.626,0.874,1.0,1.0,1.0,0.776,0.6,0.676
617,,0.476,0.724,0.85,0.85,0.85,0.626,0.45,0.526
618,,0.326,0.574,0.7,0.7,0.7,0.476,0.3,0.376
619,,0.176,0.424,0.55,0.55,0.55,0.326,0.15,0.226
620,,0.026,0.274,0.4,0.4,0.4,0.176,0.0,0.076
621,,-0.124,0.124,0.25,0.25,0.25,0.026,-0.15,-0.074
622,7,0.126,0.162,0.2,0.288,0.5,0.488,0.85,0.388
623,7,0.376,0.2,0.15,0.326,0.75,0.95,1.0,0.85
624,,0.226,0.05,0.0,0.176,0.6,0.8,0.85,0.7
625,,0.076,-0.1,-0.15,0.026,0.45,0.65,0.7,0.55
626,3,0.326,0.362,0.85,0.488,0.7,0.688,0.65,0.588
627,3,0.576,0.824,1.0,0.95,0.95,0.726,0.6,0.626
628,,0.426,0.674,0.85,0.8,0.8,0.576,0.45,0.476
629,,0.276,0.524,0.7,0.65,0.65,0.426,0.3,0.326
630,,0.126,0.374,0.55,0.5,0.5,0.276,0.15,0.176
631,,-0.024,0.224,0.4,0.35,0.35,0.126,0.0,0.026
632,1,0.976,0.686,0.65,0.388,0.3,0.164,0.25,0.488
633,1,1.0,1.0,0.9,0.426,0.25,0.202,0.5,0.95
634,,0.85,0.85,0.75,0.276,0.1,0.052,0.35,0.8
635,,0.7,0.7,0.6,0.126,-0.05,-0.098,0.2,0.65
636,6,0.738,0.65,0.638,0.376,0.412,0.902,0.662,0.9
637,6,0.776,0.6,0.676,0.626,0.874,1.0,1.0,1.0
638,,0.626,0.45,0.526,0.476,0.724,0.85,0.85,0.85
639,,0.476,0.3,0.376,0.326,0.574,0.7,0.7,0.7
640,,0.326,0.15,0.226,0.176,0.424,0.55,0.55,0.55
641,,0.176,0.0,0.076,0.026,0.274,0.4,0.4,0.4
642,,0.026,-0.15,-0.074,-0.124,0.124,0.25,0.25,0.25
643,2,0.488,0.85,0.388,0.126,0.162,0.2,0.288,0.5
644,2,0.95,1.0,0.85,0.376,0.2,0.15,0.326,0.75
645,,0.8,0.85,0.7,0.226,0.05,0.0,0.176,0.6
646,,0.65,0.7,0.55,0.076,-0.1,-0.15,0.026,0.45
647,6,0.688,0.65,0.588,0.326,0.362,0.85,0.488,0.7
648,6,0.726,0.6,0.626,0.576,0.824,1.0,0.95,0.95
649,,0.576,0.45,0.476,0.426,0.674,0.85,0.8,0.8
650,,0.426,0.3,0.326,0.276,0.524,0.7,0.65,0.65
651,,0.276,0.15,0.176,0.126,0.374,0.55,0.5,0.5
652,,0.126,0.0,0.026,-0.024,0.224,0.4,0.35,0.35
653,4,0.164,0.25,0.488,0.976,0.686,0.65,0.388,0.3
654,4,0.202,0.5,0.95,1.0,1.0,0.9,0.426,0.25
655,,0.052,0.35,0.8,0.85,0.85,0.75,0.276,0.1
656,,-0.098,0.2,0.65,0.7,0.7,0.6,0.126,-0.05
657,1,0.902,0.662,0.9,0.738,0.65,0.638,0.376,0.412
658,1,1.0,1.0,1.0,0.776,0.6,0.676,0.626,0.874
659,,0.85,0.85,0.85,0.626,0.45,0.526,0.476,0.724
660,,0.7,0.7,0.7,0.476,0.3,0.376,0.326,0.574
661,,0.55,0.55,0.55,0.326,0.15,0.226,0.176,0.424
662,,0.4,0.4,0.4,0.176,0.0,0.076,0.026,0.274
663,,0.25,0.25,0.25,0.026,-0.15,-0.074,-0.124,0.124
664,5,0.2,0.288,0.5,0.488,0.85,0.388,0.126,0.162
665,5,0.15,0.326,0.75,0.95,1.0,0.85,0.376,0.2
666,,0.0,0.176,0.6,0.8,0.85,0.7,0.226,0.05
667,,-0.15,0.026,0.45,0.65,0.7,0.55,0.076,-0.1
668,1,0.85,0.488,0.7,0.688,0.65,0.588,0.326,0.362
669,1,1.0,0.95,0.95,0.726,0.6,0.626,0.576,0.824
670,,0.85,0.8,0.8,0.576,0.45,0.476,0.426,0.674
671,,0.7,0.65,0.65,0.426,0.3,0.326,0.276,0.524
672,,0.55,0.5,0.5,0.276,0.15,0.176,0.126,0.374
673,,0.4,0.35,0.35,0.126,0.0,0.026,-0.024,0.224
674,7,0.65,0.388,0.3,0.164,0.25,0.488,0.976,0.686
675,7,0.9,0.426,0.25,0.202,0.5,0.95,1.0,1.0
676,,0.75,0.276,0.1,0.052,0.35,0.8,0.85,0.85
677,,0.6,0.126,-0.05,-0.098,0.2,0.65,0.7,0.7
678,4,0.638,0.376,0.412,0.902,0.662,0.9,0.738,0.65
679,4,0.676,0.626,0.874,1.0,1.0,1.0,0.776,0.6
680,,0.526,0.476,0.724,0.85,0.85,0.85,0.626,0.45
681,,0.376,0.326,0.574,0.7,0.7,0.7,0.476,0.3
682,,0.226,0.176,0.424,0.55,0.55,0.55,0.326,0.15
683,,0.076,0.026,0.274,0.4,0.4,0.4,0.176,0.0
684,,-0.074,-0.124,0.124,0.25,0.25,0.25,0.026,-0.15
685,8,0.388,0.126,0.162,0.2,0.288,0.5,0.488,0.85
686,8,0.85,0.376,0.2,0.15,0.326,0.75,0.95,1.0
687,,0.7,0.226,0.05,0.0,0.176,0.6,0.8,0.85
688,,0.55,0.076,-0.1,-0.15,0.026,0.45,0.65,0.7
689,4,0.588,0.326,0.362,0.85,0.488,0.7,0.688,0.65
690,4,0.626,0.576,0.824,1.0,0.95,0.95,0.726,0.6
691,,0.476,0.426,0.674,0.85,0.8,0.8,0.576,0.45
692,,0.326,0.276,0.524,0.7,0.65,0.65,0.426,0.3
693,,0.176,0.126,0.374,0.55,0.5,0.5,0.276,0.15
694,,0.026,-0.024,0.224,0.4,0.35,0.35,0.126,0.0
695,2,0.488,0.976,0.686,0.65,0.388,0.3,0.164,0.25
696,2,0.95,1.0,1.0,0.9,0.426,0.25,0.202,0.5
697,,0.8,0.85,0.85,0.75,0.276,0.1,0.052,0.35
698,,0.65,0.7,0.7,0.6,0.126,-0.05,-0.098,0.2
699,7,0.9,0.738,0.65,0.638,0.376,0.412,0.902,0.662
700,7,1.0,0.776,0.6,0.676,0.626,0.874,1.0,1.0
701,,0.85,0.626,0.45,0.526,0.476,0.724,0.85,0.85
702,,0.7,0.476,0.3,0.376,0.326,0.574,0.7,0.7
703,,0.55,0.326,0.15,0.226,0.176,0.424,0.55,0.55
704,,0.4,0.176,0.0,0.076,0.026,0.274,0.4,0.4
705,,0.25,0.026,-0.15,-0.074,-0.124,0.124,0.25,0.25
706,3,0.5,0.488,0.85,0.388,0.126,0.162,0.2,0.288
707,3,0.75,0.95,1.0,0.85,0.376,0.2,0.15,0.326
708,,0.6,0.8,0.85,0.7,0.226,0.05,0.0,0.176
709,,0.45,0.65,0.7,0.55,0.076,-0.1,-0.15,0.026
710,7,0.7,0.688,0.65,0.588,0.326,0.362,0.85,0.488
711,7,0.95,0.726,0.6,0.626,0.576,0.824,1.0,0.95
712,,0.8,0.576,0.45,0.476,0.426,0.674,0.85,0.8
713,,0.65,0.426,0.3,0.326,0.276,0.524,0.7,0.65
714,,0.5,0.276,0.15,0.176,0.126,0.374,0.55,0.5
715,,0.35,0.126,0.0,0.026,-0.024,0.224,0.4,0.35
716,5,0.3,0.164,0.25,0.488,0.976,0.686,0.65,0.388
717,5,0.25,0.202,0.5,0.95,1.0,1.0,0.9,0.426
718,,0.1,0.052,0.35,0.8,0.85,0.85,0.75,0.276
719,,-0.05,-0.098,0.2,0.65,0.7,0.7,0.6,0.126
720,2,0.412,0.902,0.662,0.9,0.738,0.65,0.638,0.376
721,2,0.874,1.0,1.0,1.0,0.776,0.6,0.676,0.626
722,,0.724,0.85,0.85,0.85,0.626,0.45,0.526,0.476
723,,0.574,0.7,0.7,0.7,0.476,0.3,0.376,0.326
724,,0.424,0.55,0.55,0.55,0.326,0.15,0.226,0.176
725,,0.274,0.4,0.4,0.4,0.176,0.0,0.076,0.026
726,,0.124,0.25,0.25,0.25,0.026,-0.15,-0.074,-0.124
727,6,0.162,0.2,0.288,0.5,0.488,0.85,0.388,0.126
728,6,0.2,0.15,0.326,0.75,0.95,1.0,0.85,0.376
729,,0.05,0.0,0.176,0.6,0.8,0.85,0.7,0.226
730,,-0.1,-0.15,0.026,0.45,0.65,0.7,0.55,0.076
731,2,0.362,0.85,0.488,0.7,0.688,0.65,0.588,0.326
732,2,0.824,1.0,0.95,0.95,0.726,0.6,0.626,0.576
733,,0.674,0.85,0.8,0.8,0.576,0.45,0.476,0.426
734,,0.524,0.7,0.65,0.65,0.426,0.3,0.326,0.276
735,,0.374,0.55,0.5,0.5,0.276,0.15,0.176,0.126
736,,0.224,0.4,0.35,0.35,0.126,0.0,0.026,-0.024
737,8,0.686,0.65,0.388,0.3,0.164,0.25,0.488,0.976
738,8,1.0,0.9,0.426,0.25,0.202,0.5,0.95,1.0
739,,0.85,0.75,0.276,0.1,0.052,0.35,0.8,0.85
740,,0.7,0.6,0.126,-0.05,-0.098,0.2,0.65,0.7
741,5,0.65,0.638,0.376,0.412,0.902,0.662,0.9,0.738
742,5,0.6,0.676,0.626,0.874,1.0,1.0,1.0,0.776
743,,0.45,0.526,0.476,0.724,0.85,0.85,0.85,0.626
744,,0.3,0.376,0.326,0.574,0.7,0.7,0.7,0.476
745,,0.15,0.226,0.176,0.424,0.55,0.55,0.55,0.326
746,,0.0,0.076,0.026,0.274,0.4,0.4,0.4,0.176
747,,-0.15,-0.074,-0.124,0.124,0.25,0.25,0.25,0.026
748,1,0.85,0.388,0.126,0.162,0.2,0.288,0.5,0.488
749,1,1.0,0.85,0.376,0.2,0.15,0.326,0.75,0.95
750,,0.85,0.7,0.226,0.05,0.0,0.176,0.6,0.8
751,,0.7,0.55,0.076,-0.1,-0.15,0.026,0.45,0.65
752,5,0.65,0.588,0.326,0.362,0.85,0.488,0.7,0.688
753,5,0.6,0.626,0.576,0.824,1.0,0.95,0.95,0.726
754,,0.45,0.476,0.426,0.674,0.85,0.8,0.8,0.576
755,,0.3,0.326,0.276,0.524,0.7,0.65,0.65,0.426
756,,0.15,0.176,0.126,0.374,0.55,0.5,0.5,0.276
757,,0.0,0.026,-0.024,0.224,0.4,0.35,0.35,0.126
758,3,0.25,0.488,0.976,0.686,0.65,0.388,0.3,0.164
759,3,0.5,0.95,1.0,1.0,0.9,0.426,0.25,0.202
760,,0.35,0.8,0.85,0.85,0.75,0.276,0.1,0.052
761,,0.2,0.65,0.7,0.7,0.6,0.126,-0.05,-0.098
762,8,0.662,0.9,0.738,0.65,0.638,0.376,0.412,0.902
763,8,1.0,1.0,0.776,0.6,0.676,0.626,0.874,1.0
764,,0.85,0.85,0.626,0.45,0.526,0.476,0.724,0.85
765,,0.7,0.7,0.476,0.3,0.376,0.326,0.574,0.7
766,,0.55,0.55,0.326,0.15,0.226,0.176,0.424,0.55
767,,0.4,0.4,0.176,0.0,0.076,0.026,0.274,0.4
768,,0.25,0.25,0.026,-0.15,-0.074,-0.124,0.124,0.25
769,4,0.288,0.5,0.488,0.85,0.388,0.126,0.162,0.2
770,4,0.326,0.75,0.95,1.0,0.85,0.376,0.2,0.15
771,,0.176,0.6,0.8,0.85,0.7,0.226,0.05,0.0
772,,0.026,0.45,0.65,0.7,0.55,0.076,-0.1,-0.15
773,8,0.488,0.7,0.688,0.65,0.588,0.326,0.362,0.85
774,8,0.95,0.95,0.726,0.6,0.626,0.576,0.824,1.0
775,,0.8,0.8,0.576,0.45,0.476,0.426,0.674,0.85
776,,0.65,0.65,0.426,0.3,0.326,0.276,0.524,0.7
777,,0.5,0.5,0.276,0.15,0.176,0.126,0.374,0.55
778,,0.35,0.35,0.126,0.0,0.026,-0.024,0.224,0.4
779,6,0.388,0.3,0.164,0.25,0.488,0.976,0.686,0.65
780,6,0.426,0.25,0.202,0.5,0.95,1.0,1.0,0.9
781,,0.276,0.1,0.052,0.35,0.8,0.85,0.85,0.75
782,,0.126,-0.05,-0.098,0.2,0.65,0.7,0.7,0.6
783,3,0.376,0.412,0.902,0.662,0.9,0.738,0.65,0.638
784,3,0.626,0.874,1.0,1.0,1.0,0.776,0.6,0.676
785,,0.476,0.724,0.85,0.85,0.85,0.626,0.45,0.526
786,,0.326,0.574,0.7,0.7,0.7,0.476,0.3,0.376
787,,0.176,0.424,0.55,0.55,0.55,0.326,0.15,0.226
788,,0.026,0.274,0.4,0.4,0.4,0.176,0.0,0.076
789,,-0.124,0.124,0.25,0.25,0.25,0.026,-0.15,-0.074
790,7,0.126,0.162,0.2,0.288,0.5,0.488,0.85,0.388
791,7,0.376,0.2,0.15,0.326,0.75,0.95,1.0,0.85
792,,0.226,0.05,0.0,0.176,0.6,0.8,0.85,0.7
793,,0.076,-0.1,-0.15,0.026,0.45,0.65,0.7,0.55
794,3,0.326,0.362,0.85,0.488,0.7,0.688,0.65,0.588
795,3,0.576,0.824,1.0,0.95,0.95,0.726,0.6,0.626
796,,0.426,0.674,0.85,0.8,0.8,0.576,0.45,0.476
797,,0.276,0.524,0.7,0.65,0.65,0.426,0.3,0.326
798,,0.126,0.374,0.55,0.5,0.5,0.276,0.15,0.176
799,,-0.024,0.224,0.4,0.35,0.35,0.126,0.0,0.026
800,1,0.976,0.686,0.65,0.388,0.3,0.164,0.25,0.488
801,1,1.0,1.0,0.9,0.426,0.25,0.202,0.5,0.95
802,,0.85,0.85,0.75,0.276,0.1,0.052,0.35,0.8
803,,0.7,0.7,0.6,0.126,-0.05,-0.098,0.2,0.65
804,6,0.738,0.65,0.638,0.376,0.412,0.902,0.662,0.9
805,6,0.776,0.6,0.676,0.626,0.874,1.0,1.0,1.0
806,,0.626,0.45,0.526,0.476,0.724,0.85,0.85,0.85
807,,0.476,0.3,0.376,0.326,0.574,0.7,0.7,0.7
808,,0.326,0.15,0.226,0.176,0.424,0.55,0.55,0.55
809,,0.176,0.0,0.076,0.026,0.274,0.4,0.4,0.4
810,,0.026,-0.15,-0.074,-0.124,0.124,0.25,0.25,0.25
811,2,0.488,0.85,0.388,0.126,0.162,0.2,0.288,0.5
812,2,0.95,1.0,0.85,0.376,0.2,0.15,0.326,0.75
813,,0.8,0.85,0.7,0.226,0.05,0.0,0.176,0.6
814,,0.65,0.7,0.55,0.076,-0.1,-0.15,0.026,0.45
815,6,0.688,0.65,0.588,0.326,0.362,0.85,0.488,0.7
816,6,0.726,0.6,0.626,0.576,0.824,1.0,0.95,0.95
817,,0.576,0.45,0.476,0.426,0.674,0.85,0.8,0.8
818,,0.426,0.3,0.326,0.276,0.524,0.7,0.65,0.65
819,,0.276,0.15,0.176,0.126,0.374,0.55,0.5,0.5
820,,0.126,0.0,0.026,-0.024,0.224,0.4,0.35,0.35
821,4,0.164,0.25,0.488,0.976,0.686,0.65,0.388,0.3
822,4,0.202,0.5,0.95,1.0,1.0,0.9,0.426,0.25
823,,0.052,0.35,0.8,0.85,0.85,0.75,0.276,0.1
824,,-0.098,0.2,0.65,0.7,0.7,0.6,0.126,-0.05
825,1,0.902,0.662,0.9,0.738,0.65,0.638,0.376,0.412
826,1,1.0,1.0,1.0,0.776,0.6,0.676,0.626,0.874
827,,0.85,0.85,0.85,0.626,0.45,0.526,0.476,0.724
828,,0.7,0.7,0.7,0.476,0.3,0.376,0.326,0.574
829,,0.55,0.55,0.55,0.326,0.15,0.226,0.176,0.424
830,,0.4,0.4,0.4,0.176,0.0,0.076,0.026,0.274
831,,0.25,0.25,0.25,0.026,-0.15,-0.074,-0.124,0.124
832,5,0.2,0.288,0.5,0.488,0.85,0.388,0.126,0.162
833,5,0.15,0.326,0.75,0.95,1.0,0.85,0.376,0.2
834,,0.0,0.176,0.6,0.8,0.85,0.7,0.226,0.05
835,,-0.15,0.026,0.45,0.65,0.7,0.55,0.076,-0.1
836,1,0.85,0.488,0.7,0.688,0.65,0.588,0.326,0.362
837,1,1.0,0.95,0.95,0.726,0.6,0.626,0.576,0.824
838,,0.85,0.8,0.8,0.576,0.45,0.476,0.426,0.674
839,,0.7,0.65,0.65,0.426,0.3,0.326,0.276,0.524
840,,0.55,0.5,0.5,0.276,0.15,0.176,0.126,0.374
841,,0.4,0.35,0.35,0.126,0.0,0.026,-0.024,0.224
