step,active_motive,motive_1,motive_2,motive_3,motive_4,motive_5,motive_6,motive_7,motive_8
0,,0.58996,0.48005,0.42054,0.78467,0.63936,0.80504,0.90315,0.61726
1,,0.43996,0.33005,0.27054,0.63467,0.48936,0.65504,0.75315,0.46726
2,,0.28996,0.18005,0.12054,0.48467,0.33936,0.50504,0.60315,0.31726
3,,0.13996,0.03005,-0.02946,0.33467,0.18936,0.35504,0.45315,0.16726
4,3,0.38996,0.49205,0.97054,0.79667,0.43936,0.39304,0.40315,0.20526
5,3,0.63996,0.95405,1.0,1.0,0.68936,0.43104,0.35315,0.24326
6,,0.48996,0.80405,0.85,0.85,0.53936,0.28104,0.20315,0.09326
7,,0.33996,0.65405,0.7,0.7,0.38936,0.13104,0.05315,-0.05674
8,8,0.80196,0.90405,0.738,0.65,0.42736,0.38104,0.51515,0.94326
9,8,1.0,1.0,0.776,0.6,0.46536,0.63104,0.97715,1.0
10,,0.85,0.85,0.626,0.45,0.31536,0.48104,0.82715,0.85
11,,0.7,0.7,0.476,0.3,0.16536,0.33104,0.67715,0.7
12,,0.55,0.55,0.326,0.15,0.01536,0.18104,0.52715,0.55
13,,0.4,0.4,0.176,0.0,-0.13464,0.03104,0.37715,0.4
14,5,0.35,0.438,0.426,0.462,0.86536,0.49304,0.62715,0.438
15,5,0.3,0.476,0.676,0.924,1.0,0.95504,0.87715,0.476
16,,0.15,0.326,0.526,0.774,0.85,0.80504,0.72715,0.326
17,,0.0,0.176,0.376,0.624,0.7,0.65504,0.57715,0.176
18,,-0.15,0.026,0.226,0.474,0.55,0.50504,0.42715,0.026
19,1,0.85,0.488,0.476,0.512,0.5,0.54304,0.67715,0.488
20,1,1.0,0.95,0.726,0.55,0.45,0.58104,0.92715,0.95
21,,0.85,0.8,0.576,0.4,0.3,0.43104,0.77715,0.8
22,,0.7,0.65,0.426,0.25,0.15,0.28104,0.62715,0.65
23,,0.55,0.5,0.276,0.1,0.0,0.13104,0.47715,0.5
24,,0.4,0.35,0.126,-0.05,-0.15,-0.01896,0.32715,0.35
25,5,0.35,0.388,0.376,0.412,0.85,0.44304,0.57715,0.388
26,5,0.3,0.426,0.626,0.874,1.0,0.90504,0.82715,0.426
27,,0.15,0.276,0.476,0.724,0.85,0.75504,0.67715,0.276
28,,0.0,0.126,0.326,0.574,0.7,0.60504,0.52715,0.126
29,,-0.15,-0.024,0.176,0.424,0.55,0.45504,0.37715,-0.024
30,1,0.85,0.438,0.426,0.462,0.5,0.49304,0.62715,0.438
31,1,1.0,0.9,0.676,0.5,0.45,0.53104,0.87715,0.9
32,,0.85,0.75,0.526,0.35,0.3,0.38104,0.72715,0.75
33,,0.7,0.6,0.376,0.2,0.15,0.23104,0.57715,0.6
34,,0.55,0.45,0.226,0.05,0.0,0.08104,0.42715,0.45
35,,0.4,0.3,0.076,-0.1,-0.15,-0.06896,0.27715,0.3
36,5,0.35,0.338,0.326,0.362,0.85,0.39304,0.52715,0.338
37,5,0.3,0.376,0.576,0.824,1.0,0.85504,0.77715,0.376
38,,0.15,0.226,0.426,0.674,0.85,0.70504,0.62715,0.226
39,,0.0,0.076,0.276,0.524,0.7,0.55504,0.47715,0.076
40,,-0.15,-0.074,0.126,0.374,0.55,0.40504,0.32715,-0.074
41,1,0.85,0.388,0.376,0.412,0.5,0.44304,0.57715,0.388
42,1,1.0,0.85,0.626,0.45,0.45,0.48104,0.82715,0.85
43,,0.85,0.7,0.476,0.3,0.3,0.33104,0.67715,0.7
44,,0.7,0.55,0.326,0.15,0.15,0.18104,0.52715,0.55
45,,0.55,0.4,0.176,0.0,0.0,0.03104,0.37715,0.4
46,,0.4,0.25,0.026,-0.15,-0.15,-0.11896,0.22715,0.25
47,5,0.35,0.288,0.276,0.312,0.85,0.34304,0.47715,0.288
48,5,0.3,0.326,0.526,0.774,1.0,0.80504,0.72715,0.326
49,,0.15,0.176,0.376,0.624,0.85,0.65504,0.57715,0.176
50,,0.0,0.026,0.226,0.474,0.7,0.50504,0.42715,0.026
51,,-0.15,-0.124,0.076,0.324,0.55,0.35504,0.27715,-0.124
52,1,0.85,0.338,0.326,0.362,0.5,0.39304,0.52715,0.338
53,1,1.0,0.8,0.576,0.4,0.45,0.43104,0.77715,0.8
54,,0.85,0.65,0.426,0.25,0.3,0.28104,0.62715,0.65
55,,0.7,0.5,0.276,0.1,0.15,0.13104,0.47715,0.5
56,,0.55,0.35,0.126,-0.05,0.0,-0.01896,0.32715,0.35
57,4,0.588,0.6,0.588,0.95,0.462,0.23104,0.36515,0.3
58,4,0.626,0.85,1.0,1.0,0.924,0.48104,0.40315,0.25
59,,0.476,0.7,0.85,0.85,0.774,0.33104,0.25315,0.1
60,,0.326,0.55,0.7,0.7,0.624,0.18104,0.10315,-0.05
61,8,0.788,0.8,0.738,0.65,0.662,0.43104,0.56515,0.95
62,8,1.0,1.0,0.776,0.6,0.7,0.68104,1.0,1.0
63,,0.85,0.85,0.626,0.45,0.55,0.53104,0.85,0.85
64,,0.7,0.7,0.476,0.3,0.4,0.38104,0.7,0.7
65,,0.55,0.55,0.326,0.15,0.25,0.23104,0.55,0.55
66,,0.4,0.4,0.176,0.0,0.1,0.08104,0.4,0.4
67,,0.25,0.25,0.026,-0.15,-0.05,-0.06896,0.25,0.25
68,4,0.288,0.5,0.488,0.85,0.412,0.18104,0.288,0.2
69,4,0.326,0.75,0.95,1.0,0.874,0.43104,0.326,0.15
70,,0.176,0.6,0.8,0.85,0.724,0.28104,0.176,0.0
71,,0.026,0.45,0.65,0.7,0.574,0.13104,0.026,-0.15
72,8,0.488,0.7,0.688,0.65,0.612,0.38104,0.488,0.85
73,8,0.95,0.95,0.726,0.6,0.65,0.63104,0.95,1.0
74,,0.8,0.8,0.576,0.45,0.5,0.48104,0.8,0.85
75,,0.65,0.65,0.426,0.3,0.35,0.33104,0.65,0.7
76,,0.5,0.5,0.276,0.15,0.2,0.18104,0.5,0.55
77,,0.35,0.35,0.126,0.0,0.05,0.03104,0.35,0.4
78,,0.2,0.2,-0.024,-0.15,-0.1,-0.11896,0.2,0.25
79,4,0.238,0.45,0.438,0.85,0.362,0.13104,0.238,0.2
80,4,0.276,0.7,0.9,1.0,0.824,0.38104,0.276,0.15
81,,0.126,0.55,0.75,0.85,0.674,0.23104,0.126,0.0
82,,-0.024,0.4,0.6,0.7,0.524,0.08104,-0.024,-0.15
83,8,0.438,0.65,0.638,0.65,0.562,0.33104,0.438,0.85
84,8,0.9,0.9,0.676,0.6,0.6,0.58104,0.9,1.0
85,,0.75,0.75,0.526,0.45,0.45,0.43104,0.75,0.85
86,,0.6,0.6,0.376,0.3,0.3,0.28104,0.6,0.7
87,,0.45,0.45,0.226,0.15,0.15,0.13104,0.45,0.55
88,,0.3,0.3,0.076,0.0,0.0,-0.01896,0.3,0.4
89,6,0.338,0.25,0.114,0.25,0.462,0.98104,0.762,0.65
90,6,0.376,0.2,0.152,0.5,0.924,1.0,1.0,0.9
91,,0.226,0.05,0.002,0.35,0.774,0.85,0.85,0.75
92,,0.076,-0.1,-0.148,0.2,0.624,0.7,0.7,0.6
93,3,0.326,0.362,0.852,0.662,0.874,0.738,0.65,0.638
94,3,0.576,0.824,1.0,1.0,1.0,0.776,0.6,0.676
95,,0.426,0.674,0.85,0.85,0.85,0.626,0.45,0.526
96,,0.276,0.524,0.7,0.7,0.7,0.476,0.3,0.376
97,,0.126,0.374,0.55,0.55,0.55,0.326,0.15,0.226
98,,-0.024,0.224,0.4,0.4,0.4,0.176,0.0,0.076
99,1,0.976,0.686,0.65,0.438,0.35,0.214,0.25,0.538
100,1,1.0,1.0,0.9,0.476,0.3,0.252,0.5,1.0
101,,0.85,0.85,0.75,0.326,0.15,0.102,0.35,0.85
102,,0.7,0.7,0.6,0.176,0.0,-0.048,0.2,0.7
103,6,0.738,0.65,0.638,0.426,0.462,0.952,0.662,0.95
104,6,0.776,0.6,0.676,0.676,0.924,1.0,1.0,1.0
105,,0.626,0.45,0.526,0.526,0.774,0.85,0.85,0.85
106,,0.476,0.3,0.376,0.376,0.624,0.7,0.7,0.7
107,,0.326,0.15,0.226,0.226,0.474,0.55,0.55,0.55
108,,0.176,0.0,0.076,0.076,0.324,0.4,0.4,0.4
109,,0.026,-0.15,-0.074,-0.074,0.174,0.25,0.25,0.25
110,2,0.488,0.85,0.388,0.176,0.212,0.2,0.288,0.5
111,2,0.95,1.0,0.85,0.426,0.25,0.15,0.326,0.75
112,,0.8,0.85,0.7,0.276,0.1,0.0,0.176,0.6
113,,0.65,0.7,0.55,0.126,-0.05,-0.15,0.026,0.45
114,6,0.688,0.65,0.588,0.376,0.412,0.85,0.488,0.7
115,6,0.726,0.6,0.626,0.626,0.874,1.0,0.95,0.95
116,,0.576,0.45,0.476,0.476,0.724,0.85,0.8,0.8
117,,0.426,0.3,0.326,0.326,0.574,0.7,0.65,0.65
118,,0.276,0.15,0.176,0.176,0.424,0.55,0.5,0.5
119,,0.126,0.0,0.026,0.026,0.274,0.4,0.35,0.35
120,,-0.024,-0.15,-0.124,-0.124,0.124,0.25,0.2,0.2
121,2,0.438,0.85,0.338,0.126,0.162,0.2,0.238,0.45
122,2,0.9,1.0,0.8,0.376,0.2,0.15,0.276,0.7
123,,0.75,0.85,0.65,0.226,0.05,0.0,0.126,0.55
124,,0.6,0.7,0.5,0.076,-0.1,-0.15,-0.024,0.4
125,6,0.638,0.65,0.538,0.326,0.362,0.85,0.438,0.65
126,6,0.676,0.6,0.576,0.576,0.824,1.0,0.9,0.9
127,,0.526,0.45,0.426,0.426,0.674,0.85,0.75,0.75
128,,0.376,0.3,0.276,0.276,0.524,0.7,0.6,0.6
129,,0.226,0.15,0.126,0.126,0.374,0.55,0.45,0.45
130,,0.076,0.0,-0.024,-0.024,0.224,0.4,0.3,0.3
131,4,0.114,0.25,0.438,0.976,0.686,0.65,0.338,0.25
132,4,0.152,0.5,0.9,1.0,1.0,0.9,0.376,0.2
133,,0.002,0.35,0.75,0.85,0.85,0.75,0.226,0.05
134,,-0.148,0.2,0.6,0.7,0.7,0.6,0.076,-0.1
135,1,0.852,0.662,0.85,0.738,0.65,0.638,0.326,0.362
136,1,1.0,1.0,1.0,0.776,0.6,0.676,0.576,0.824
137,,0.85,0.85,0.85,0.626,0.45,0.526,0.426,0.674
138,,0.7,0.7,0.7,0.476,0.3,0.376,0.276,0.524
139,,0.55,0.55,0.55,0.326,0.15,0.226,0.126,0.374
140,,0.4,0.4,0.4,0.176,0.0,0.076,-0.024,0.224
141,7,0.65,0.438,0.35,0.214,0.25,0.538,0.976,0.686
142,7,0.9,0.476,0.3,0.252,0.5,1.0,1.0,1.0
143,,0.75,0.326,0.15,0.102,0.35,0.85,0.85,0.85
144,,0.6,0.176,0.0,-0.048,0.2,0.7,0.7,0.7
145,4,0.638,0.426,0.462,0.952,0.662,0.95,0.738,0.65
146,4,0.676,0.676,0.924,1.0,1.0,1.0,0.776,0.6
147,,0.526,0.526,0.774,0.85,0.85,0.85,0.626,0.45
148,,0.376,0.376,0.624,0.7,0.7,0.7,0.476,0.3
149,,0.226,0.226,0.474,0.55,0.55,0.55,0.326,0.15
150,,0.076,0.076,0.324,0.4,0.4,0.4,0.176,0.0
151,,-0.074,-0.074,0.174,0.25,0.25,0.25,0.026,-0.15
152,8,0.388,0.176,0.212,0.2,0.288,0.5,0.488,0.85
153,8,0.85,0.426,0.25,0.15,0.326,0.75,0.95,1.0
154,,0.7,0.276,0.1,0.0,0.176,0.6,0.8,0.85
155,,0.55,0.126,-0.05,-0.15,0.026,0.45,0.65,0.7
156,4,0.588,0.376,0.412,0.85,0.488,0.7,0.688,0.65
157,4,0.626,0.626,0.874,1.0,0.95,0.95,0.726,0.6
158,,0.476,0.476,0.724,0.85,0.8,0.8,0.576,0.45
159,,0.326,0.326,0.574,0.7,0.65,0.65,0.426,0.3
160,,0.176,0.176,0.424,0.55,0.5,0.5,0.276,0.15
161,,0.026,0.026,0.274,0.4,0.35,0.35,0.126,0.0
162,,-0.124,-0.124,0.124,0.25,0.2,0.2,-0.024,-0.15
163,8,0.338,0.126,0.162,0.2,0.238,0.45,0.438,0.85
164,8,0.8,0.376,0.2,0.15,0.276,0.7,0.9,1.0
165,,0.65,0.226,0.05,0.0,0.126,0.55,0.75,0.85
166,,0.5,0.076,-0.1,-0.15,-0.024,0.4,0.6,0.7
167,4,0.538,0.326,0.362,0.85,0.438,0.65,0.638,0.65
168,4,0.576,0.576,0.824,1.0,0.9,0.9,0.676,0.6
169,,0.426,0.426,0.674,0.85,0.75,0.75,0.526,0.45
170,,0.276,0.276,0.524,0.7,0.6,0.6,0.376,0.3
171,,0.126,0.126,0.374,0.55,0.45,0.45,0.226,0.15
172,,-0.024,-0.024,0.224,0.4,0.3,0.3,0.076,0.0
173,2,0.438,0.976,0.686,0.65,0.338,0.25,0.114,0.25
174,2,0.9,1.0,1.0,0.9,0.376,0.2,0.152,0.5
175,,0.75,0.85,0.85,0.75,0.226,0.05,0.002,0.35
176,,0.6,0.7,0.7,0.6,0.076,-0.1,-0.148,0.2
177,7,0.85,0.738,0.65,0.638,0.326,0.362,0.852,0.662
178,7,1.0,0.776,0.6,0.676,0.576,0.824,1.0,1.0
179,,0.85,0.626,0.45,0.526,0.426,0.674,0.85,0.85
180,,0.7,0.476,0.3,0.376,0.276,0.524,0.7,0.7
181,,0.55,0.326,0.15,0.226,0.126,0.374,0.55,0.55
182,,0.4,0.176,0.0,0.076,-0.024,0.224,0.4,0.4
183,5,0.35,0.214,0.25,0.538,0.976,0.686,0.65,0.438
184,5,0.3,0.252,0.5,1.0,1.0,1.0,0.9,0.476
185,,0.15,0.102,0.35,0.85,0.85,0.85,0.75,0.326
186,,0.0,-0.048,0.2,0.7,0.7,0.7,0.6,0.176
187,2,0.462,0.952,0.662,0.95,0.738,0.65,0.638,0.426
188,2,0.924,1.0,1.0,1.0,0.776,0.6,0.676,0.676
189,,0.774,0.85,0.85,0.85,0.626,0.45,0.526,0.526
190,,0.624,0.7,0.7,0.7,0.476,0.3,0.376,0.376
191,,0.474,0.55,0.55,0.55,0.326,0.15,0.226,0.226
192,,0.324,0.4,0.4,0.4,0.176,0.0,0.076,0.076
193,,0.174,0.25,0.25,0.25,0.026,-0.15,-0.074,-0.074
194,6,0.212,0.2,0.288,0.5,0.488,0.85,0.388,0.176
195,6,0.25,0.15,0.326,0.75,0.95,1.0,0.85,0.426
196,,0.1,0.0,0.176,0.6,0.8,0.85,0.7,0.276
197,,-0.05,-0.15,0.026,0.45,0.65,0.7,0.55,0.126
198,2,0.412,0.85,0.488,0.7,0.688,0.65,0.588,0.376
199,2,0.874,1.0,0.95,0.95,0.726,0.6,0.626,0.626
200,,0.724,0.85,0.8,0.8,0.576,0.45,0.476,0.476
201,,0.574,0.7,0.65,0.65,0.426,0.3,0.326,0.326
202,,0.424,0.55,0.5,0.5,0.276,0.15,0.176,0.176
203,,0.274,0.4,0.35,0.35,0.126,0.0,0.026,0.026
204,,0.124,0.25,0.2,0.2,-0.024,-0.15,-0.124,-0.124
205,6,0.162,0.2,0.238,0.45,0.438,0.85,0.338,0.126
206,6,0.2,0.15,0.276,0.7,0.9,1.0,0.8,0.376
207,,0.05,0.0,0.126,0.55,0.75,0.85,0.65,0.226
208,,-0.1,-0.15,-0.024,0.4,0.6,0.7,0.5,0.076
209,2,0.362,0.85,0.438,0.65,0.638,0.65,0.538,0.326
210,2,0.824,1.0,0.9,0.9,0.676,0.6,0.576,0.576
211,,0.674,0.85,0.75,0.75,0.526,0.45,0.426,0.426
212,,0.524,0.7,0.6,0.6,0.376,0.3,0.276,0.276
213,,0.374,0.55,0.45,0.45,0.226,0.15,0.126,0.126
214,,0.224,0.4,0.3,0.3,0.076,0.0,-0.024,-0.024
215,8,0.686,0.65,0.338,0.25,0.114,0.25,0.438,0.976
216,8,1.0,0.9,0.376,0.2,0.152,0.5,0.9,1.0
217,,0.85,0.75,0.226,0.05,0.002,0.35,0.75,0.85
218,,0.7,0.6,0.076,-0.1,-0.148,0.2,0.6,0.7
219,5,0.65,0.638,0.326,0.362,0.852,0.662,0.85,0.738
220,5,0.6,0.676,0.576,0.824,1.0,1.0,1.0,0.776
221,,0.45,0.526,0.426,0.674,0.85,0.85,0.85,0.626
222,,0.3,0.376,0.276,0.524,0.7,0.7,0.7,0.476
223,,0.15,0.226,0.126,0.374,0.55,0.55,0.55,0.326
224,,0.0,0.076,-0.024,0.224,0.4,0.4,0.4,0.176
225,3,0.25,0.538,0.976,0.686,0.65,0.438,0.35,0.214
226,3,0.5,1.0,1.0,1.0,0.9,0.476,0.3,0.252
227,,0.35,0.85,0.85,0.85,0.75,0.326,0.15,0.102
228,,0.2,0.7,0.7,0.7,0.6,0.176,0.0,-0.048
229,8,0.662,0.95,0.738,0.65,0.638,0.426,0.462,0.952
230,8,1.0,1.0,0.776,0.6,0.676,0.676,0.924,1.0
231,,0.85,0.85,0.626,0.45,0.526,0.526,0.774,0.85
232,,0.7,0.7,0.476,0.3,0.376,0.376,0.624,0.7
233,,0.55,0.55,0.326,0.15,0.226,0.226,0.474,0.55
234,,0.4,0.4,0.176,0.0,0.076,0.076,0.324,0.4
235,,0.25,0.25,0.026,-0.15,-0.074,-0.074,0.174,0.25
236,4,0.288,0.5,0.488,0.85,0.388,0.176,0.212,0.2
237,4,0.326,0.75,0.95,1.0,0.85,0.426,0.25,0.15
238,,0.176,0.6,0.8,0.85,0.7,0.276,0.1,0.0
239,,0.026,0.45,0.65,0.7,0.55,0.126,-0.05,-0.15
240,8,0.488,0.7,0.688,0.65,0.588,0.376,0.412,0.85
241,8,0.95,0.95,0.726,0.6,0.626,0.626,0.874,1.0
242,,0.8,0.8,0.576,0.45,0.476,0.476,0.724,0.85
243,,0.65,0.65,0.426,0.3,0.326,0.326,0.574,0.7
244,,0.5,0.5,0.276,0.15,0.176,0.176,0.424,0.55
245,,0.35,0.35,0.126,0.0,0.026,0.026,0.274,0.4
246,,0.2,0.2,-0.024,-0.15,-0.124,-0.124,0.124,0.25
247,4,0.238,0.45,0.438,0.85,0.338,0.126,0.162,0.2
248,4,0.276,0.7,0.9,1.0,0.8,0.376,0.2,0.15
249,,0.126,0.55,0.75,0.85,0.65,0.226,0.05,0.0
250,,-0.024,0.4,0.6,0.7,0.5,0.076,-0.1,-0.15
251,8,0.438,0.65,0.638,0.65,0.538,0.326,0.362,0.85
252,8,0.9,0.9,0.676,0.6,0.576,0.576,0.824,1.0
253,,0.75,0.75,0.526,0.45,0.426,0.426,0.674,0.85
254,,0.6,0.6,0.376,0.3,0.276,0.276,0.524,0.7
255,,0.45,0.45,0.226,0.15,0.126,0.126,0.374,0.55
256,,0.3,0.3,0.076,0.0,-0.024,-0.024,0.224,0.4
257,6,0.338,0.25,0.114,0.25,0.438,0.976,0.686,0.65
258,6,0.376,0.2,0.152,0.5,0.9,1.0,1.0,0.9
259,,0.226,0.05,0.002,0.35,0.75,0.85,0.85,0.75
260,,0.076,-0.1,-0.148,0.2,0.6,0.7,0.7,0.6
261,3,0.326,0.362,0.852,0.662,0.85,0.738,0.65,0.638
262,3,0.576,0.824,1.0,1.0,1.0,0.776,0.6,0.676
263,,0.426,0.674,0.85,0.85,0.85,0.626,0.45,0.526
264,,0.276,0.524,0.7,0.7,0.7,0.476,0.3,0.376
265,,0.126,0.374,0.55,0.55,0.55,0.326,0.15,0.226
266,,-0.024,0.224,0.4,0.4,0.4,0.176,0.0,0.076
267,1,0.976,0.686,0.65,0.438,0.35,0.214,0.25,0.538
268,1,1.0,1.0,0.9,0.476,0.3,0.252,0.5,1.0
269,,0.85,0.85,0.75,0.326,0.15,0.102,0.35,0.85
270,,0.7,0.7,0.6,0.176,0.0,-0.048,0.2,0.7
271,6,0.738,0.65,0.638,0.426,0.462,0.952,0.662,0.95
272,6,0.776,0.6,0.676,0.676,0.924,1.0,1.0,1.0
273,,0.626,0.45,0.526,0.526,0.774,0.85,0.85,0.85
274,,0.476,0.3,0.376,0.376,0.624,0.7,0.7,0.7
275,,0.326,0.15,0.226,0.226,0.474,0.55,0.55,0.55
276,,0.176,0.0,0.076,0.076,0.324,0.4,0.4,0.4
277,,0.026,-0.15,-0.074,-0.074,0.174,0.25,0.25,0.25
278,2,0.488,0.85,0.388,0.176,0.212,0.2,0.288,0.5
279,2,0.95,1.0,0.85,0.426,0.25,0.15,0.326,0.75
280,,0.8,0.85,0.7,0.276,0.1,0.0,0.176,0.6
281,,0.65,0.7,0.55,0.126,-0.05,-0.15,0.026,0.45
282,6,0.688,0.65,0.588,0.376,0.412,0.85,0.488,0.7
283,6,0.726,0.6,0.626,0.626,0.874,1.0,0.95,0.95
284,,0.576,0.45,0.476,0.476,0.724,0.85,0.8,0.8
285,,0.426,0.3,0.326,0.326,0.574,0.7,0.65,0.65
286,,0.276,0.15,0.176,0.176,0.424,0.55,0.5,0.5
287,,0.126,0.0,0.026,0.026,0.274,0.4,0.35,0.35
288,,-0.024,-0.15,-0.124,-0.124,0.124,0.25,0.2,0.2
289,2,0.438,0.85,0.338,0.126,0.162,0.2,0.238,0.45
290,2,0.9,1.0,0.8,0.376,0.2,0.15,0.276,0.7
291,,0.75,0.85,0.65,0.226,0.05,0.0,0.126,0.55
292,,0.6,0.7,0.5,0.076,-0.1,-0.15,-0.024,0.4
293,6,0.638,0.65,0.538,0.326,0.362,0.85,0.438,0.65
294,6,0.676,0.6,0.576,0.576,0.824,1.0,0.9,0.9
295,,0.526,0.45,0.426,0.426,0.674,0.85,0.75,0.75
296,,0.376,0.3,0.276,0.276,0.524,0.7,0.6,0.6
297,,0.226,0.15,0.126,0.126,0.374,0.55,0.45,0.45
298,,0.076,0.0,-0.024,-0.024,0.224,0.4,0.3,0.3
299,4,0.114,0.25,0.438,0.976,0.686,0.65,0.338,0.25
300,4,0.152,0.5,0.9,1.0,1.0,0.9,0.376,0.2
301,,0.002,0.35,0.75,0.85,0.85,0.75,0.226,0.05
302,,-0.148,0.2,0.6,0.7,0.7,0.6,0.076,-0.1
303,1,0.852,0.662,0.85,0.738,0.65,0.638,0.326,0.362
304,1,1.0,1.0,1.0,0.776,0.6,0.676,0.576,0.824
305,,0.85,0.85,0.85,0.626,0.45,0.526,0.426,0.674
306,,0.7,0.7,0.7,0.476,0.3,0.376,0.276,0.524
307,,0.55,0.55,0.55,0.326,0.15,0.226,0.126,0.374
308,,0.4,0.4,0.4,0.176,0.0,0.076,-0.024,0.224
309,7,0.65,0.438,0.35,0.214,0.25,0.538,0.976,0.686
310,7,0.9,0.476,0.3,0.252,0.5,1.0,1.0,1.0
311,,0.75,0.326,0.15,0.102,0.35,0.85,0.85,0.85
312,,0.6,0.176,0.0,-0.048,0.2,0.7,0.7,0.7
313,4,0.638,0.426,0.462,0.952,0.662,0.95,0.738,0.65
314,4,0.676,0.676,0.924,1.0,1.0,1.0,0.776,0.6
315,,0.526,0.526,0.774,0.85,0.85,0.85,0.626,0.45
316,,0.376,0.376,0.624,0.7,0.7,0.7,0.476,0.3
317,,0.226,0.226,0.474,0.55,0.55,0.55,0.326,0.15
318,,0.076,0.076,0.324,0.4,0.4,0.4,0.176,0.0
319,,-0.074,-0.074,0.174,0.25,0.25,0.25,0.026,-0.15
320,8,0.388,0.176,0.212,0.2,0.288,0.5,0.488,0.85
321,8,0.85,0.426,0.25,0.15,0.326,0.75,0.95,1.0
322,,0.7,0.276,0.1,0.0,0.176,0.6,0.8,0.85
323,,0.55,0.126,-0.05,-0.15,0.026,0.45,0.65,0.7
324,4,0.588,0.376,0.412,0.85,0.488,0.7,0.688,0.65
325,4,0.626,0.626,0.874,1.0,0.95,0.95,0.726,0.6
326,,0.476,0.476,0.724,0.85,0.8,0.8,0.576,0.45
327,,0.326,0.326,0.574,0.7,0.65,0.65,0.426,0.3
328,,0.176,0.176,0.424,0.55,0.5,0.5,0.276,0.15
329,,0.026,0.026,0.274,0.4,0.35,0.35,0.126,0.0
330,,-0.124,-0.124,0.124,0.25,0.2,0.2,-0.024,-0.15
331,8,0.338,0.126,0.162,0.2,0.238,0.45,0.438,0.85
332,8,0.8,0.376,0.2,0.15,0.276,0.7,0.9,1.0
333,,0.65,0.226,0.05,0.0,0.126,0.55,0.75,0.85
334,,0.5,0.076,-0.1,-0.15,-0.024,0.4,0.6,0.7
335,4,0.538,0.326,0.362,0.85,0.438,0.65,0.638,0.65
336,4,0.576,0.576,0.824,1.0,0.9,0.9,0.676,0.6
337,,0.426,0.426,0.674,0.85,0.75,0.75,0.526,0.45
338,,0.276,0.276,0.524,0.7,0.6,0.6,0.376,0.3
339,,0.126,0.126,0.374,0.55,0.45,0.45,0.226,0.15
340,,-0.024,-0.024,0.224,0.4,0.3,0.3,0.076,0.0
341,1,0.976,0.438,0.474,0.438,0.25,0.338,0.326,0.462
342,1,1.0,0.9,0.724,0.476,0.2,0.376,0.576,0.924
343,,0.85,0.75,0.574,0.326,0.05,0.226,0.426,0.774
344,,0.7,0.6,0.424,0.176,-0.1,0.076,0.276,0.624
345,5,0.65,0.638,0.674,0.638,0.9,0.538,0.526,0.662
346,5,0.6,0.676,0.924,1.0,1.0,1.0,0.776,0.7
347,,0.45,0.526,0.774,0.85,0.85,0.85,0.626,0.55
348,,0.3,0.376,0.624,0.7,0.7,0.7,0.476,0.4
349,,0.15,0.226,0.474,0.55,0.55,0.55,0.326,0.25
350,,0.0,0.076,0.324,0.4,0.4,0.4,0.176,0.1
351,,-0.15,-0.074,0.174,0.25,0.25,0.25,0.026,-0.05
352,1,0.85,0.388,0.424,0.288,0.2,0.288,0.276,0.412
353,1,1.0,0.85,0.674,0.326,0.15,0.326,0.526,0.874
354,,0.85,0.7,0.524,0.176,0.0,0.176,0.376,0.724
355,,0.7,0.55,0.374,0.026,-0.15,0.026,0.226,0.574
356,5,0.65,0.588,0.624,0.488,0.85,0.488,0.476,0.612
357,5,0.6,0.626,0.874,0.95,1.0,0.95,0.726,0.65
358,,0.45,0.476,0.724,0.8,0.85,0.8,0.576,0.5
359,,0.3,0.326,0.574,0.65,0.7,0.65,0.426,0.35
360,,0.15,0.176,0.424,0.5,0.55,0.5,0.276,0.2
361,,0.0,0.026,0.274,0.35,0.4,0.35,0.126,0.05
362,,-0.15,-0.124,0.124,0.2,0.25,0.2,-0.024,-0.1
363,1,0.85,0.338,0.374,0.238,0.2,0.238,0.226,0.362
364,1,1.0,0.8,0.624,0.276,0.15,0.276,0.476,0.824
365,,0.85,0.65,0.474,0.126,0.0,0.126,0.326,0.674
366,,0.7,0.5,0.324,-0.024,-0.15,-0.024,0.176,0.524
367,5,0.65,0.538,0.574,0.438,0.85,0.438,0.426,0.562
368,5,0.6,0.576,0.824,0.9,1.0,0.9,0.676,0.6
369,,0.45,0.426,0.674,0.75,0.85,0.75,0.526,0.45
370,,0.3,0.276,0.524,0.6,0.7,0.6,0.376,0.3
371,,0.15,0.126,0.374,0.45,0.55,0.45,0.226,0.15
372,,0.0,-0.024,0.224,0.3,0.4,0.3,0.076,0.0
373,2,0.462,0.976,0.686,0.55,0.438,0.25,0.114,0.25
374,2,0.924,1.0,1.0,0.8,0.476,0.2,0.152,0.5
375,,0.774,0.85,0.85,0.65,0.326,0.05,0.002,0.35
376,,0.624,0.7,0.7,0.5,0.176,-0.1,-0.148,0.2
377,7,0.874,0.738,0.65,0.538,0.426,0.362,0.852,0.662
378,7,1.0,0.776,0.6,0.576,0.676,0.824,1.0,1.0
379,,0.85,0.626,0.45,0.426,0.526,0.674,0.85,0.85
380,,0.7,0.476,0.3,0.276,0.376,0.524,0.7,0.7
381,,0.55,0.326,0.15,0.126,0.226,0.374,0.55,0.55
382,,0.4,0.176,0.0,-0.024,0.076,0.224,0.4,0.4
383,4,0.438,0.426,0.462,0.976,0.538,0.474,0.438,0.35
384,4,0.476,0.676,0.924,1.0,1.0,0.724,0.476,0.3
385,,0.326,0.526,0.774,0.85,0.85,0.574,0.326,0.15
386,,0.176,0.376,0.624,0.7,0.7,0.424,0.176,0.0
387,,0.026,0.226,0.474,0.55,0.55,0.274,0.026,-0.15
388,8,0.488,0.476,0.512,0.5,0.588,0.524,0.488,0.85
389,8,0.95,0.726,0.55,0.45,0.626,0.774,0.95,1.0
390,,0.8,0.576,0.4,0.3,0.476,0.624,0.8,0.85
391,,0.65,0.426,0.25,0.15,0.326,0.474,0.65,0.7
392,,0.5,0.276,0.1,0.0,0.176,0.324,0.5,0.55
393,,0.35,0.126,-0.05,-0.15,0.026,0.174,0.35,0.4
394,4,0.388,0.376,0.412,0.85,0.488,0.424,0.388,0.35
395,4,0.426,0.626,0.874,1.0,0.95,0.674,0.426,0.3
396,,0.276,0.476,0.724,0.85,0.8,0.524,0.276,0.15
397,,0.126,0.326,0.574,0.7,0.65,0.374,0.126,0.0
398,,-0.024,0.176,0.424,0.55,0.5,0.224,-0.024,-0.15
399,8,0.438,0.426,0.462,0.5,0.538,0.474,0.438,0.85
400,8,0.9,0.676,0.5,0.45,0.576,0.724,0.9,1.0
401,,0.75,0.526,0.35,0.3,0.426,0.574,0.75,0.85
402,,0.6,0.376,0.2,0.15,0.276,0.424,0.6,0.7
403,,0.45,0.226,0.05,0.0,0.126,0.274,0.45,0.55
404,,0.3,0.076,-0.1,-0.15,-0.024,0.124,0.3,0.4
405,4,0.338,0.326,0.362,0.85,0.438,0.374,0.338,0.35
406,4,0.376,0.576,0.824,1.0,0.9,0.624,0.376,0.3
407,,0.226,0.426,0.674,0.85,0.75,0.474,0.226,0.15
408,,0.076,0.276,0.524,0.7,0.6,0.324,0.076,0.0
409,,-0.074,0.126,0.374,0.55,0.45,0.174,-0.074,-0.15
410,8,0.388,0.376,0.412,0.5,0.488,0.424,0.388,0.85
411,8,0.85,0.626,0.45,0.45,0.526,0.674,0.85,1.0
412,,0.7,0.476,0.3,0.3,0.376,0.524,0.7,0.85
413,,0.55,0.326,0.15,0.15,0.226,0.374,0.55,0.7
414,,0.4,0.176,0.0,0.0,0.076,0.224,0.4,0.55
415,,0.25,0.026,-0.15,-0.15,-0.074,0.074,0.25,0.4
416,3,0.5,0.488,0.85,0.312,0.176,0.112,0.2,0.438
417,3,0.75,0.95,1.0,0.774,0.426,0.15,0.15,0.476
418,,0.6,0.8,0.85,0.624,0.276,0.0,0.0,0.326
419,,0.45,0.65,0.7,0.474,0.126,-0.15,-0.15,0.176
420,6,0.488,0.6,0.738,0.724,0.588,0.85,0.312,0.426
421,6,0.526,0.55,0.776,0.974,1.0,1.0,0.774,0.676
422,,0.376,0.4,0.626,0.824,0.85,0.85,0.624,0.526
423,,0.226,0.25,0.476,0.674,0.7,0.7,0.474,0.376
424,,0.076,0.1,0.326,0.524,0.55,0.55,0.324,0.226
425,,-0.074,-0.05,0.176,0.374,0.4,0.4,0.174,0.076
426,1,0.926,0.412,0.426,0.412,0.35,0.438,0.424,0.538
427,1,1.0,0.874,0.676,0.45,0.3,0.476,0.674,1.0
428,,0.85,0.724,0.526,0.3,0.15,0.326,0.524,0.85
429,,0.7,0.574,0.376,0.15,0.0,0.176,0.374,0.7
430,,0.55,0.424,0.226,0.0,-0.15,0.026,0.224,0.55
431,5,0.5,0.462,0.476,0.462,0.85,0.488,0.474,0.588
432,5,0.45,0.5,0.726,0.924,1.0,0.95,0.724,0.626
433,,0.3,0.35,0.576,0.774,0.85,0.8,0.574,0.476
434,,0.15,0.2,0.426,0.624,0.7,0.65,0.424,0.326
435,,0.0,0.05,0.276,0.474,0.55,0.5,0.274,0.176
436,,-0.15,-0.1,0.126,0.324,0.4,0.35,0.124,0.026
437,1,0.85,0.362,0.376,0.362,0.35,0.388,0.374,0.488
438,1,1.0,0.824,0.626,0.4,0.3,0.426,0.624,0.95
439,,0.85,0.674,0.476,0.25,0.15,0.276,0.474,0.8
440,,0.7,0.524,0.326,0.1,0.0,0.126,0.324,0.65
441,,0.55,0.374,0.176,-0.05,-0.15,-0.024,0.174,0.5
442,5,0.5,0.412,0.426,0.412,0.85,0.438,0.424,0.538
443,5,0.45,0.45,0.676,0.874,1.0,0.9,0.674,0.576
444,,0.3,0.3,0.526,0.724,0.85,0.75,0.524,0.426
445,,0.15,0.15,0.376,0.574,0.7,0.6,0.374,0.276
446,,0.0,0.0,0.226,0.424,0.55,0.45,0.224,0.126
447,,-0.15,-0.15,0.076,0.274,0.4,0.3,0.074,-0.024
448,1,0.85,0.312,0.326,0.312,0.35,0.338,0.324,0.438
449,1,1.0,0.774,0.576,0.35,0.3,0.376,0.574,0.9
450,,0.85,0.624,0.426,0.2,0.15,0.226,0.424,0.75
451,,0.7,0.474,0.276,0.05,0.0,0.076,0.274,0.6
452,,0.55,0.324,0.126,-0.1,-0.15,-0.074,0.124,0.45
453,5,0.5,0.362,0.376,0.362,0.85,0.388,0.374,0.488
454,5,0.45,0.4,0.626,0.824,1.0,0.85,0.624,0.526
455,,0.3,0.25,0.476,0.674,0.85,0.7,0.474,0.376
456,,0.15,0.1,0.326,0.524,0.7,0.55,0.324,0.226
457,,0.0,-0.05,0.176,0.374,0.55,0.4,0.174,0.076
458,2,0.462,0.95,0.638,0.624,0.588,0.35,0.212,0.326
459,2,0.924,1.0,1.0,0.874,0.626,0.3,0.25,0.576
460,,0.774,0.85,0.85,0.724,0.476,0.15,0.1,0.426
461,,0.624,0.7,0.7,0.574,0.326,0.0,-0.05,0.276
462,7,0.874,0.738,0.65,0.612,0.576,0.462,0.95,0.738
463,7,1.0,0.776,0.6,0.65,0.826,0.924,1.0,1.0
464,,0.85,0.626,0.45,0.5,0.676,0.774,0.85,0.85
465,,0.7,0.476,0.3,0.35,0.526,0.624,0.7,0.7
466,,0.55,0.326,0.15,0.2,0.376,0.474,0.55,0.55
467,,0.4,0.176,0.0,0.05,0.226,0.324,0.4,0.4
468,,0.25,0.026,-0.15,-0.1,0.076,0.174,0.25,0.25
469,3,0.5,0.488,0.85,0.362,0.326,0.212,0.2,0.288
470,3,0.75,0.95,1.0,0.824,0.576,0.25,0.15,0.326
471,,0.6,0.8,0.85,0.674,0.426,0.1,0.0,0.176
472,,0.45,0.65,0.7,0.524,0.276,-0.05,-0.15,0.026
473,7,0.7,0.688,0.65,0.562,0.526,0.412,0.85,0.488
474,7,0.95,0.726,0.6,0.6,0.776,0.874,1.0,0.95
475,,0.8,0.576,0.45,0.45,0.626,0.724,0.85,0.8
476,,0.65,0.426,0.3,0.3,0.476,0.574,0.7,0.65
477,,0.5,0.276,0.15,0.15,0.326,0.424,0.55,0.5
478,,0.35,0.126,0.0,0.0,0.176,0.274,0.4,0.35
479,,0.2,-0.024,-0.15,-0.15,0.026,0.124,0.25,0.2
480,4,0.238,0.226,0.312,0.85,0.488,0.374,0.288,0.15
481,4,0.276,0.476,0.774,1.0,0.95,0.624,0.326,0.1
482,,0.126,0.326,0.624,0.85,0.8,0.474,0.176,-0.05
483,8,0.588,0.576,0.662,0.8,0.838,0.724,0.638,0.95
484,8,1.0,0.826,0.7,0.75,0.876,0.974,1.0,1.0
485,,0.85,0.676,0.55,0.6,0.726,0.824,0.85,0.85
486,,0.7,0.526,0.4,0.45,0.576,0.674,0.7,0.7
487,,0.55,0.376,0.25,0.3,0.426,0.524,0.55,0.55
488,,0.4,0.226,0.1,0.15,0.276,0.374,0.4,0.4
489,,0.25,0.076,-0.05,0.0,0.126,0.224,0.25,0.25
490,3,0.5,0.538,0.95,0.462,0.376,0.262,0.2,0.288
491,3,0.75,1.0,1.0,0.924,0.626,0.3,0.15,0.326
492,,0.6,0.85,0.85,0.774,0.476,0.15,0.0,0.176
493,,0.45,0.7,0.7,0.624,0.326,0.0,-0.15,0.026
494,7,0.7,0.738,0.65,0.662,0.576,0.462,0.85,0.488
495,7,0.95,0.776,0.6,0.7,0.826,0.924,1.0,0.95
496,,0.8,0.626,0.45,0.55,0.676,0.774,0.85,0.8
497,,0.65,0.476,0.3,0.4,0.526,0.624,0.7,0.65
498,,0.5,0.326,0.15,0.25,0.376,0.474,0.55,0.5
499,,0.35,0.176,0.0,0.1,0.226,0.324,0.4,0.35
500,,0.2,0.026,-0.15,-0.05,0.076,0.174,0.25,0.2
501,3,0.45,0.488,0.85,0.412,0.326,0.212,0.2,0.238
502,3,0.7,0.95,1.0,0.874,0.576,0.25,0.15,0.276
503,,0.55,0.8,0.85,0.724,0.426,0.1,0.0,0.126
504,,0.4,0.65,0.7,0.574,0.276,-0.05,-0.15,-0.024
505,7,0.65,0.688,0.65,0.612,0.526,0.412,0.85,0.438
506,7,0.9,0.726,0.6,0.65,0.776,0.874,1.0,0.9
507,,0.75,0.576,0.45,0.5,0.626,0.724,0.85,0.75
508,,0.6,0.426,0.3,0.35,0.476,0.574,0.7,0.6
509,,0.45,0.276,0.15,0.2,0.326,0.424,0.55,0.45
510,,0.3,0.126,0.0,0.05,0.176,0.274,0.4,0.3
511,,0.15,-0.024,-0.15,-0.1,0.026,0.124,0.25,0.15
512,3,0.4,0.438,0.85,0.362,0.276,0.162,0.2,0.188
513,3,0.65,0.9,1.0,0.824,0.526,0.2,0.15,0.226
514,,0.5,0.75,0.85,0.674,0.376,0.05,0.0,0.076
515,,0.35,0.6,0.7,0.524,0.226,-0.1,-0.15,-0.074
516,7,0.6,0.638,0.65,0.562,0.476,0.362,0.85,0.388
517,7,0.85,0.676,0.6,0.6,0.726,0.824,1.0,0.85
518,,0.7,0.526,0.45,0.45,0.576,0.674,0.85,0.7
519,,0.55,0.376,0.3,0.3,0.426,0.524,0.7,0.55
520,,0.4,0.226,0.15,0.15,0.276,0.374,0.55,0.4
521,,0.25,0.076,0.0,0.0,0.126,0.224,0.4,0.25
522,,0.1,-0.074,-0.15,-0.15,-0.024,0.074,0.25,0.1
523,4,0.138,0.176,0.312,0.85,0.438,0.324,0.288,0.05
524,4,0.176,0.426,0.774,1.0,0.9,0.574,0.326,0.0
525,,0.026,0.276,0.624,0.85,0.75,0.424,0.176,-0.15
526,8,0.488,0.526,0.662,0.8,0.788,0.674,0.638,0.85
527,8,0.95,0.776,0.7,0.75,0.826,0.924,1.0,1.0
528,,0.8,0.626,0.55,0.6,0.676,0.774,0.85,0.85
529,,0.65,0.476,0.4,0.45,0.526,0.624,0.7,0.7
530,,0.5,0.326,0.25,0.3,0.376,0.474,0.55,0.55
531,,0.35,0.176,0.1,0.15,0.226,0.324,0.4,0.4
532,,0.2,0.026,-0.05,0.0,0.076,0.174,0.25,0.25
533,3,0.45,0.488,0.95,0.462,0.326,0.212,0.2,0.288
534,3,0.7,0.95,1.0,0.924,0.576,0.25,0.15,0.326
535,,0.55,0.8,0.85,0.774,0.426,0.1,0.0,0.176
536,,0.4,0.65,0.7,0.624,0.276,-0.05,-0.15,0.026
537,7,0.65,0.688,0.65,0.662,0.526,0.412,0.85,0.488
538,7,0.9,0.726,0.6,0.7,0.776,0.874,1.0,0.95
539,,0.75,0.576,0.45,0.55,0.626,0.724,0.85,0.8
540,,0.6,0.426,0.3,0.4,0.476,0.574,0.7,0.65
541,,0.45,0.276,0.15,0.25,0.326,0.424,0.55,0.5
542,,0.3,0.126,0.0,0.1,0.176,0.274,0.4,0.35
543,,0.15,-0.024,-0.15,-0.05,0.026,0.124,0.25,0.2
544,3,0.4,0.438,0.85,0.412,0.276,0.162,0.2,0.238
545,3,0.65,0.9,1.0,0.874,0.526,0.2,0.15,0.276
546,,0.5,0.75,0.85,0.724,0.376,0.05,0.0,0.126
547,,0.35,0.6,0.7,0.574,0.226,-0.1,-0.15,-0.024
548,7,0.6,0.638,0.65,0.612,0.476,0.362,0.85,0.438
549,7,0.85,0.676,0.6,0.65,0.726,0.824,1.0,0.9
550,,0.7,0.526,0.45,0.5,0.576,0.674,0.85,0.75
551,,0.55,0.376,0.3,0.35,0.426,0.524,0.7,0.6
552,,0.4,0.226,0.15,0.2,0.276,0.374,0.55,0.45
553,,0.25,0.076,0.0,0.05,0.126,0.224,0.4,0.3
554,,0.1,-0.074,-0.15,-0.1,-0.024,0.074,0.25,0.15
555,3,0.35,0.388,0.85,0.362,0.226,0.112,0.2,0.188
556,3,0.6,0.85,1.0,0.824,0.476,0.15,0.15,0.226
557,,0.45,0.7,0.85,0.674,0.326,0.0,0.0,0.076
558,,0.3,0.55,0.7,0.524,0.176,-0.15,-0.15,-0.074
559,6,0.338,0.5,0.738,0.774,0.638,0.85,0.312,0.176
560,6,0.376,0.45,0.776,1.0,1.0,1.0,0.774,0.426
561,,0.226,0.3,0.626,0.85,0.85,0.85,0.624,0.276
562,,0.076,0.15,0.476,0.7,0.7,0.7,0.474,0.126
563,,-0.074,0.0,0.326,0.55,0.55,0.55,0.324,-0.024
564,1,0.926,0.462,0.576,0.588,0.5,0.588,0.574,0.438
565,1,1.0,0.924,0.826,0.626,0.45,0.626,0.824,0.9
566,,0.85,0.774,0.676,0.476,0.3,0.476,0.674,0.75
567,,0.7,0.624,0.526,0.326,0.15,0.326,0.524,0.6
568,,0.55,0.474,0.376,0.176,0.0,0.176,0.374,0.45
569,,0.4,0.324,0.226,0.026,-0.15,0.026,0.224,0.3
570,5,0.35,0.362,0.476,0.488,0.85,0.488,0.474,0.338
571,5,0.3,0.4,0.726,0.95,1.0,0.95,0.724,0.376
572,,0.15,0.25,0.576,0.8,0.85,0.8,0.574,0.226
573,,0.0,0.1,0.426,0.65,0.7,0.65,0.424,0.076
574,,-0.15,-0.05,0.276,0.5,0.55,0.5,0.274,-0.074
575,1,0.85,0.412,0.526,0.538,0.5,0.538,0.524,0.388
576,1,1.0,0.874,0.776,0.576,0.45,0.576,0.774,0.85
577,,0.85,0.724,0.626,0.426,0.3,0.426,0.624,0.7
578,,0.7,0.574,0.476,0.276,0.15,0.276,0.474,0.55
579,,0.55,0.424,0.326,0.126,0.0,0.126,0.324,0.4
580,,0.4,0.274,0.176,-0.024,-0.15,-0.024,0.174,0.25
581,5,0.35,0.312,0.426,0.438,0.85,0.438,0.424,0.288
582,5,0.3,0.35,0.676,0.9,1.0,0.9,0.674,0.326
583,,0.15,0.2,0.526,0.75,0.85,0.75,0.524,0.176
584,,0.0,0.05,0.376,0.6,0.7,0.6,0.374,0.026
585,,-0.15,-0.1,0.226,0.45,0.55,0.45,0.224,-0.124
586,1,0.85,0.362,0.476,0.488,0.5,0.488,0.474,0.338
587,1,1.0,0.824,0.726,0.526,0.45,0.526,0.724,0.8
588,,0.85,0.674,0.576,0.376,0.3,0.376,0.574,0.65
589,,0.7,0.524,0.426,0.226,0.15,0.226,0.424,0.5
590,,0.55,0.374,0.276,0.076,0.0,0.076,0.274,0.35
591,,0.4,0.224,0.126,-0.074,-0.15,-0.074,0.124,0.2
592,5,0.35,0.262,0.376,0.388,0.85,0.388,0.374,0.238
593,5,0.3,0.3,0.626,0.85,1.0,0.85,0.624,0.276
594,,0.15,0.15,0.476,0.7,0.85,0.7,0.474,0.126
595,,0.0,0.0,0.326,0.55,0.7,0.55,0.324,-0.024
596,8,0.462,0.25,0.364,0.5,0.738,0.8,0.786,0.976
597,8,0.924,0.5,0.402,0.45,0.776,1.0,1.0,1.0
598,,0.774,0.35,0.252,0.3,0.626,0.85,0.85,0.85
599,,0.624,0.2,0.102,0.15,0.476,0.7,0.7,0.7
600,,0.474,0.05,-0.048,0.0,0.326,0.55,0.55,0.55
601,3,0.724,0.512,0.952,0.462,0.576,0.588,0.5,0.588
602,3,0.974,0.974,1.0,0.924,0.826,0.626,0.45,0.626
603,,0.824,0.824,0.85,0.774,0.676,0.476,0.3,0.476
604,,0.674,0.674,0.7,0.624,0.526,0.326,0.15,0.326
605,,0.524,0.524,0.55,0.474,0.376,0.176,0.0,0.176
606,,0.374,0.374,0.4,0.324,0.226,0.026,-0.15,0.026
607,7,0.624,0.412,0.35,0.362,0.476,0.488,0.85,0.488
608,7,0.874,0.45,0.3,0.4,0.726,0.95,1.0,0.95
609,,0.724,0.3,0.15,0.25,0.576,0.8,0.85,0.8
610,,0.574,0.15,0.0,0.1,0.426,0.65,0.7,0.65
611,,0.424,0.0,-0.15,-0.05,0.276,0.5,0.55,0.5
612,3,0.674,0.462,0.85,0.412,0.526,0.538,0.5,0.538
613,3,0.924,0.924,1.0,0.874,0.776,0.576,0.45,0.576
614,,0.774,0.774,0.85,0.724,0.626,0.426,0.3,0.426
615,,0.624,0.624,0.7,0.574,0.476,0.276,0.15,0.276
616,,0.474,0.474,0.55,0.424,0.326,0.126,0.0,0.126
617,,0.324,0.324,0.4,0.274,0.176,-0.024,-0.15,-0.024
618,7,0.574,0.362,0.35,0.312,0.426,0.438,0.85,0.438
619,7,0.824,0.4,0.3,0.35,0.676,0.9,1.0,0.9
620,,0.674,0.25,0.15,0.2,0.526,0.75,0.85,0.75
621,,0.524,0.1,0.0,0.05,0.376,0.6,0.7,0.6
622,,0.374,-0.05,-0.15,-0.1,0.226,0.45,0.55,0.45
623,3,0.624,0.412,0.85,0.362,0.476,0.488,0.5,0.488
624,3,0.874,0.874,1.0,0.824,0.726,0.526,0.45,0.526
625,,0.724,0.724,0.85,0.674,0.576,0.376,0.3,0.376
626,,0.574,0.574,0.7,0.524,0.426,0.226,0.15,0.226
627,,0.424,0.424,0.55,0.374,0.276,0.076,0.0,0.076
628,,0.274,0.274,0.4,0.224,0.126,-0.074,-0.15,-0.074
629,7,0.524,0.312,0.35,0.262,0.376,0.388,0.85,0.388
630,7,0.774,0.35,0.3,0.3,0.626,0.85,1.0,0.85
631,,0.624,0.2,0.15,0.15,0.476,0.7,0.85,0.7
632,,0.474,0.05,0.0,0.0,0.326,0.55,0.7,0.55
633,,0.324,-0.1,-0.15,-0.15,0.176,0.4,0.55,0.4
634,4,0.362,0.15,0.312,0.85,0.638,0.65,0.588,0.35
635,4,0.4,0.4,0.774,1.0,1.0,0.9,0.626,0.3
636,,0.25,0.25,0.624,0.85,0.85,0.75,0.476,0.15
637,,0.1,0.1,0.474,0.7,0.7,0.6,0.326,0.0
638,,-0.05,-0.05,0.324,0.55,0.55,0.45,0.176,-0.15
639,8,0.412,0.2,0.362,0.5,0.588,0.7,0.638,0.85
640,8,0.874,0.45,0.4,0.45,0.626,0.95,1.0,1.0
641,,0.724,0.3,0.25,0.3,0.476,0.8,0.85,0.85
642,,0.574,0.15,0.1,0.15,0.326,0.65,0.7,0.7
643,,0.424,0.0,-0.05,0.0,0.176,0.5,0.55,0.55
644,3,0.674,0.462,0.95,0.462,0.426,0.538,0.5,0.588
645,3,0.924,0.924,1.0,0.924,0.676,0.576,0.45,0.626
646,,0.774,0.774,0.85,0.774,0.526,0.426,0.3,0.476
647,,0.624,0.624,0.7,0.624,0.376,0.276,0.15,0.326
648,,0.474,0.474,0.55,0.474,0.226,0.126,0.0,0.176
649,,0.324,0.324,0.4,0.324,0.076,-0.024,-0.15,0.026
650,7,0.574,0.362,0.35,0.362,0.326,0.438,0.85,0.488
651,7,0.824,0.4,0.3,0.4,0.576,0.9,1.0,0.95
652,,0.674,0.25,0.15,0.25,0.426,0.75,0.85,0.8
653,,0.524,0.1,0.0,0.1,0.276,0.6,0.7,0.65
654,,0.374,-0.05,-0.15,-0.05,0.126,0.45,0.55,0.5
655,3,0.624,0.412,0.85,0.412,0.376,0.488,0.5,0.538
656,3,0.874,0.874,1.0,0.874,0.626,0.526,0.45,0.576
657,,0.724,0.724,0.85,0.724,0.476,0.376,0.3,0.426
658,,0.574,0.574,0.7,0.574,0.326,0.226,0.15,0.276
659,,0.424,0.424,0.55,0.424,0.176,0.076,0.0,0.126
660,,0.274,0.274,0.4,0.274,0.026,-0.074,-0.15,-0.024
661,7,0.524,0.312,0.35,0.312,0.276,0.388,0.85,0.438
662,7,0.774,0.35,0.3,0.35,0.526,0.85,1.0,0.9
663,,0.624,0.2,0.15,0.2,0.376,0.7,0.85,0.75
664,,0.474,0.05,0.0,0.05,0.226,0.55,0.7,0.6
665,,0.324,-0.1,-0.15,-0.1,0.076,0.4,0.55,0.45
666,3,0.574,0.362,0.85,0.362,0.326,0.438,0.5,0.488
667,3,0.824,0.824,1.0,0.824,0.576,0.476,0.45,0.526
668,,0.674,0.674,0.85,0.674,0.426,0.326,0.3,0.376
669,,0.524,0.524,0.7,0.524,0.276,0.176,0.15,0.226
670,,0.374,0.374,0.55,0.374,0.126,0.026,0.0,0.076
671,,0.224,0.224,0.4,0.224,-0.024,-0.124,-0.15,-0.074
672,7,0.474,0.262,0.35,0.262,0.226,0.338,0.85,0.388
673,7,0.724,0.3,0.3,0.3,0.476,0.8,1.0,0.85
674,,0.574,0.15,0.15,0.15,0.326,0.65,0.85,0.7
675,,0.424,0.0,0.0,0.0,0.176,0.5,0.7,0.55
676,,0.274,-0.15,-0.15,-0.15,0.026,0.35,0.55,0.4
677,2,0.736,0.85,0.312,0.1,0.064,0.3,0.588,0.65
678,2,1.0,1.0,0.774,0.35,0.102,0.25,0.626,0.9
679,,0.85,0.85,0.624,0.2,-0.048,0.1,0.476,0.75
680,5,0.8,0.888,0.874,0.662,0.952,0.562,0.726,0.788
681,5,0.75,0.926,1.0,1.0,1.0,1.0,0.976,0.826
682,,0.6,0.776,0.85,0.85,0.85,0.85,0.826,0.676
683,,0.45,0.626,0.7,0.7,0.7,0.7,0.676,0.526
684,,0.3,0.476,0.55,0.55,0.55,0.55,0.526,0.376
685,,0.15,0.326,0.4,0.4,0.4,0.4,0.376,0.226
686,,0.0,0.176,0.25,0.25,0.25,0.25,0.226,0.076
687,,-0.15,0.026,0.1,0.1,0.1,0.1,0.076,-0.074
688,1,0.85,0.488,0.35,0.138,0.05,0.138,0.326,0.388
689,1,1.0,0.95,0.6,0.176,0.0,0.176,0.576,0.85
690,,0.85,0.8,0.45,0.026,-0.15,0.026,0.426,0.7
691,5,0.8,0.838,0.7,0.488,0.85,0.488,0.676,0.738
692,5,0.75,0.876,0.95,0.95,1.0,0.95,0.926,0.776
693,,0.6,0.726,0.8,0.8,0.85,0.8,0.776,0.626
694,,0.45,0.576,0.65,0.65,0.7,0.65,0.626,0.476
695,,0.3,0.426,0.5,0.5,0.55,0.5,0.476,0.326
696,,0.15,0.276,0.35,0.35,0.4,0.35,0.326,0.176
697,,0.0,0.126,0.2,0.2,0.25,0.2,0.176,0.026
698,,-0.15,-0.024,0.05,0.05,0.1,0.05,0.026,-0.124
699,1,0.85,0.438,0.3,0.088,0.05,0.088,0.276,0.338
700,1,1.0,0.9,0.55,0.126,0.0,0.126,0.526,0.8
701,,0.85,0.75,0.4,-0.024,-0.15,-0.024,0.376,0.65
702,5,0.8,0.788,0.65,0.438,0.85,0.438,0.626,0.688
703,5,0.75,0.826,0.9,0.9,1.0,0.9,0.876,0.726
704,,0.6,0.676,0.75,0.75,0.85,0.75,0.726,0.576
705,,0.45,0.526,0.6,0.6,0.7,0.6,0.576,0.426
706,,0.3,0.376,0.45,0.45,0.55,0.45,0.426,0.276
707,,0.15,0.226,0.3,0.3,0.4,0.3,0.276,0.126
708,,0.0,0.076,0.15,0.15,0.25,0.15,0.126,-0.024
709,8,0.462,0.326,0.188,0.1,0.288,0.4,0.588,0.976
710,8,0.924,0.576,0.226,0.05,0.326,0.65,1.0,1.0
711,,0.774,0.426,0.076,-0.1,0.176,0.5,0.85,0.85
712,4,0.812,0.676,0.538,0.9,0.638,0.75,0.888,0.8
713,4,0.85,0.926,1.0,1.0,1.0,1.0,0.926,0.75
714,,0.7,0.776,0.85,0.85,0.85,0.85,0.776,0.6
715,,0.55,0.626,0.7,0.7,0.7,0.7,0.626,0.45
716,,0.4,0.476,0.55,0.55,0.55,0.55,0.476,0.3
717,,0.25,0.326,0.4,0.4,0.4,0.4,0.326,0.15
718,,0.1,0.176,0.25,0.25,0.25,0.25,0.176,0.0
719,,-0.05,0.026,0.1,0.1,0.1,0.1,0.026,-0.15
720,8,0.412,0.276,0.138,0.05,0.138,0.35,0.488,0.85
721,8,0.874,0.526,0.176,0.0,0.176,0.6,0.95,1.0
722,,0.724,0.376,0.026,-0.15,0.026,0.45,0.8,0.85
723,4,0.762,0.626,0.488,0.85,0.488,0.7,0.838,0.8
724,4,0.8,0.876,0.95,1.0,0.95,0.95,0.876,0.75
725,,0.65,0.726,0.8,0.85,0.8,0.8,0.726,0.6
726,,0.5,0.576,0.65,0.7,0.65,0.65,0.576,0.45
727,,0.35,0.426,0.5,0.55,0.5,0.5,0.426,0.3
728,,0.2,0.276,0.35,0.4,0.35,0.35,0.276,0.15
729,,0.05,0.126,0.2,0.25,0.2,0.2,0.126,0.0
730,,-0.1,-0.024,0.05,0.1,0.05,0.05,-0.024,-0.15
731,8,0.362,0.226,0.088,0.05,0.088,0.3,0.438,0.85
732,8,0.824,0.476,0.126,0.0,0.126,0.55,0.9,1.0
733,,0.674,0.326,-0.024,-0.15,-0.024,0.4,0.75,0.85
734,4,0.712,0.576,0.438,0.85,0.438,0.65,0.788,0.8
735,4,0.75,0.826,0.9,1.0,0.9,0.9,0.826,0.75
736,,0.6,0.676,0.75,0.85,0.75,0.75,0.676,0.6
737,,0.45,0.526,0.6,0.7,0.6,0.6,0.526,0.45
738,,0.3,0.376,0.45,0.55,0.45,0.45,0.376,0.3
739,,0.15,0.226,0.3,0.4,0.3,0.3,0.226,0.15
740,,0.0,0.076,0.15,0.25,0.15,0.15,0.076,0.0
741,,-0.15,-0.074,0.0,0.1,0.0,0.0,-0.074,-0.15
742,8,0.312,0.176,0.038,0.05,0.038,0.25,0.388,0.85
743,8,0.774,0.426,0.076,0.0,0.076,0.5,0.85,1.0
744,,0.624,0.276,-0.074,-0.15,-0.074,0.35,0.7,0.85
745,4,0.662,0.526,0.388,0.85,0.388,0.6,0.738,0.8
746,4,0.7,0.776,0.85,1.0,0.85,0.85,0.776,0.75
747,,0.55,0.626,0.7,0.85,0.7,0.7,0.626,0.6
748,,0.4,0.476,0.55,0.7,0.55,0.55,0.476,0.45
749,,0.25,0.326,0.4,0.55,0.4,0.4,0.326,0.3
750,,0.1,0.176,0.25,0.4,0.25,0.25,0.176,0.15
751,,-0.05,0.026,0.1,0.25,0.1,0.1,0.026,0.0
752,1,0.95,0.488,0.35,0.288,0.05,0.138,0.276,0.462
753,1,1.0,0.95,0.6,0.326,0.0,0.176,0.526,0.924
754,,0.85,0.8,0.45,0.176,-0.15,0.026,0.376,0.774
755,5,0.8,0.838,0.7,0.638,0.85,0.488,0.626,0.812
756,5,0.75,0.876,0.95,1.0,1.0,0.95,0.876,0.85
757,,0.6,0.726,0.8,0.85,0.85,0.8,0.726,0.7
758,,0.45,0.576,0.65,0.7,0.7,0.65,0.576,0.55
759,,0.3,0.426,0.5,0.55,0.55,0.5,0.426,0.4
760,,0.15,0.276,0.35,0.4,0.4,0.35,0.276,0.25
761,,0.0,0.126,0.2,0.25,0.25,0.2,0.126,0.1
762,,-0.15,-0.024,0.05,0.1,0.1,0.05,-0.024,-0.05
763,1,0.85,0.438,0.3,0.138,0.05,0.088,0.226,0.412
764,1,1.0,0.9,0.55,0.176,0.0,0.126,0.476,0.874
765,,0.85,0.75,0.4,0.026,-0.15,-0.024,0.326,0.724
766,5,0.8,0.788,0.65,0.488,0.85,0.438,0.576,0.762
767,5,0.75,0.826,0.9,0.95,1.0,0.9,0.826,0.8
768,,0.6,0.676,0.75,0.8,0.85,0.75,0.676,0.65
769,,0.45,0.526,0.6,0.65,0.7,0.6,0.526,0.5
770,,0.3,0.376,0.45,0.5,0.55,0.45,0.376,0.35
771,,0.15,0.226,0.3,0.35,0.4,0.3,0.226,0.2
772,,0.0,0.076,0.15,0.2,0.25,0.15,0.076,0.05
773,,-0.15,-0.074,0.0,0.05,0.1,0.0,-0.074,-0.1
774,1,0.85,0.388,0.25,0.088,0.05,0.038,0.176,0.362
775,1,1.0,0.85,0.5,0.126,0.0,0.076,0.426,0.824
776,,0.85,0.7,0.35,-0.024,-0.15,-0.074,0.276,0.674
777,5,0.8,0.738,0.6,0.438,0.85,0.388,0.526,0.712
778,5,0.75,0.776,0.85,0.9,1.0,0.85,0.776,0.75
779,,0.6,0.626,0.7,0.75,0.85,0.7,0.626,0.6
780,,0.45,0.476,0.55,0.6,0.7,0.55,0.476,0.45
781,,0.3,0.326,0.4,0.45,0.55,0.4,0.326,0.3
782,,0.15,0.176,0.25,0.3,0.4,0.25,0.176,0.15
783,,0.0,0.026,0.1,0.15,0.25,0.1,0.026,0.0
784,,-0.15,-0.124,-0.05,0.0,0.1,-0.05,-0.124,-0.15
785,1,0.85,0.338,0.2,0.038,0.05,-0.012,0.126,0.312
786,1,1.0,0.8,0.45,0.076,0.0,0.026,0.376,0.774
787,,0.85,0.65,0.3,-0.074,-0.15,-0.124,0.226,0.624
788,5,0.8,0.688,0.55,0.388,0.85,0.338,0.476,0.662
789,5,0.75,0.726,0.8,0.85,1.0,0.8,0.726,0.7
790,,0.6,0.576,0.65,0.7,0.85,0.65,0.576,0.55
791,,0.45,0.426,0.5,0.55,0.7,0.5,0.426,0.4
792,,0.3,0.276,0.35,0.4,0.55,0.35,0.276,0.25
793,,0.15,0.126,0.2,0.25,0.4,0.2,0.126,0.1
794,,0.0,-0.024,0.05,0.1,0.25,0.05,-0.024,-0.05
795,8,0.462,0.226,0.088,0.05,0.288,0.3,0.438,0.95
796,8,0.924,0.476,0.126,0.0,0.326,0.55,0.9,1.0
797,,0.774,0.326,-0.024,-0.15,0.176,0.4,0.75,0.85
798,4,0.812,0.576,0.438,0.85,0.638,0.65,0.788,0.8
799,4,0.85,0.826,0.9,1.0,1.0,0.9,0.826,0.75
800,,0.7,0.676,0.75,0.85,0.85,0.75,0.676,0.6
801,,0.55,0.526,0.6,0.7,0.7,0.6,0.526,0.45
802,,0.4,0.376,0.45,0.55,0.55,0.45,0.376,0.3
803,,0.25,0.226,0.3,0.4,0.4,0.3,0.226,0.15
804,,0.1,0.076,0.15,0.25,0.25,0.15,0.076,0.0
805,,-0.05,-0.074,0.0,0.1,0.1,0.0,-0.074,-0.15
806,8,0.412,0.176,0.038,0.05,0.138,0.25,0.388,0.85
807,8,0.874,0.426,0.076,0.0,0.176,0.5,0.85,1.0
808,,0.724,0.276,-0.074,-0.15,0.026,0.35,0.7,0.85
809,4,0.762,0.526,0.388,0.85,0.488,0.6,0.738,0.8
810,4,0.8,0.776,0.85,1.0,0.95,0.85,0.776,0.75
811,,0.65,0.626,0.7,0.85,0.8,0.7,0.626,0.6
812,,0.5,0.476,0.55,0.7,0.65,0.55,0.476,0.45
813,,0.35,0.326,0.4,0.55,0.5,0.4,0.326,0.3
814,,0.2,0.176,0.25,0.4,0.35,0.25,0.176,0.15
815,,0.05,0.026,0.1,0.25,0.2,0.1,0.026,0.0
816,,-0.1,-0.124,-0.05,0.1,0.05,-0.05,-0.124,-0.15
817,8,0.362,0.126,-0.012,0.05,0.088,0.2,0.338,0.85
818,8,0.824,0.376,0.026,0.0,0.126,0.45,0.8,1.0
819,,0.674,0.226,-0.124,-0.15,-0.024,0.3,0.65,0.85
820,4,0.712,0.476,0.338,0.85,0.438,0.55,0.688,0.8
821,4,0.75,0.726,0.8,1.0,0.9,0.8,0.726,0.75
822,,0.6,0.576,0.65,0.85,0.75,0.65,0.576,0.6
823,,0.45,0.426,0.5,0.7,0.6,0.5,0.426,0.45
824,,0.3,0.276,0.35,0.55,0.45,0.35,0.276,0.3
825,,0.15,0.126,0.2,0.4,0.3,0.2,0.126,0.15
826,,0.0,-0.024,0.05,0.25,0.15,0.05,-0.024,0.0
827,7,0.25,0.014,0.0,0.288,0.4,0.512,0.976,0.462
828,7,0.5,0.052,-0.05,0.326,0.65,0.974,1.0,0.924
829,3,0.75,0.514,0.95,0.788,0.9,1.0,0.95,0.962
830,3,1.0,0.976,1.0,1.0,1.0,1.0,0.9,1.0
831,,0.85,0.826,0.85,0.85,0.85,0.85,0.75,0.85
832,,0.7,0.676,0.7,0.7,0.7,0.7,0.6,0.7
