step,active_motive,motive_1,motive_2,motive_3,motive_4,motive_5,motive_6,motive_7,motive_8
0,,0.25024,0.54923,0.7146,0.6602,0.27993,0.95487,0.7379,0.55435
1,,0.20024,0.49923,0.6646,0.6102,0.22993,0.90487,0.6879,0.50435
2,,0.15024,0.44923,0.6146,0.5602,0.17993,0.85487,0.6379,0.45435
3,,0.10024,0.39923,0.5646,0.5102,0.12993,0.80487,0.5879,0.40435
4,,0.05024,0.34923,0.5146,0.4602,0.07993,0.75487,0.5379,0.35435
5,,0.00024,0.29923,0.4646,0.4102,0.02993,0.70487,0.4879,0.30435
6,,-0.04976,0.24923,0.4146,0.3602,-0.02007,0.65487,0.4379,0.25435
7,1,0.95024,0.67023,0.7646,0.6392,0.22993,0.93387,0.7879,0.67535
8,1,1.0,1.0,1.0,0.9182,0.47993,1.0,1.0,1.0
9,,0.95,0.95,0.95,0.8682,0.42993,0.95,0.95,0.95
10,,0.9,0.9,0.9,0.8182,0.37993,0.9,0.9,0.9
11,,0.85,0.85,0.85,0.7682,0.32993,0.85,0.85,0.85
12,,0.8,0.8,0.8,0.7182,0.27993,0.8,0.8,0.8
13,,0.75,0.75,0.75,0.6682,0.22993,0.75,0.75,0.75
14,,0.7,0.7,0.7,0.6182,0.17993,0.7,0.7,0.7
15,,0.65,0.65,0.65,0.5682,0.12993,0.65,0.65,0.65
16,,0.6,0.6,0.6,0.5182,0.07993,0.6,0.6,0.6
17,,0.55,0.55,0.55,0.4682,0.02993,0.55,0.55,0.55
18,,0.5,0.5,0.5,0.4182,-0.02007,0.5,0.5,0.5
19,5,0.75,0.779,0.85,0.8392,0.97993,0.921,0.85,0.779
20,5,1.0,1.0,1.0,1.0,1.0,1.0,1.0,1.0
21,,0.95,0.95,0.95,0.95,0.95,0.95,0.95,0.95
22,,0.9,0.9,0.9,0.9,0.9,0.9,0.9,0.9
23,,0.85,0.85,0.85,0.85,0.85,0.85,0.85,0.85
24,,0.8,0.8,0.8,0.8,0.8,0.8,0.8,0.8
25,,0.75,0.75,0.75,0.75,0.75,0.75,0.75,0.75
26,,0.7,0.7,0.7,0.7,0.7,0.7,0.7,0.7
27,,0.65,0.65,0.65,0.65,0.65,0.65,0.65,0.65
28,,0.6,0.6,0.6,0.6,0.6,0.6,0.6,0.6
29,,0.55,0.55,0.55,0.55,0.55,0.55,0.55,0.55
30,,0.5,0.5,0.5,0.5,0.5,0.5,0.5,0.5
31,,0.45,0.45,0.45,0.45,0.45,0.45,0.45,0.45
32,,0.4,0.4,0.4,0.4,0.4,0.4,0.4,0.4
33,,0.35,0.35,0.35,0.35,0.35,0.35,0.35,0.35
34,,0.3,0.3,0.3,0.3,0.3,0.3,0.3,0.3
35,,0.25,0.25,0.25,0.25,0.25,0.25,0.25,0.25
36,,0.2,0.2,0.2,0.2,0.2,0.2,0.2,0.2
37,,0.15,0.15,0.15,0.15,0.15,0.15,0.15,0.15
38,,0.1,0.1,0.1,0.1,0.1,0.1,0.1,0.1
39,,0.05,0.05,0.05,0.05,0.05,0.05,0.05,0.05
40,,0.0,0.0,0.0,0.0,0.0,0.0,0.0,0.0
41,,-0.05,-0.05,-0.05,-0.05,-0.05,-0.05,-0.05,-0.05
42,6,0.229,0.2,0.229,0.3,0.371,0.95,0.371,0.3
43,6,0.508,0.45,0.508,0.65,0.792,1.0,0.792,0.65
44,,0.458,0.4,0.458,0.6,0.742,0.95,0.742,0.6
45,,0.408,0.35,0.408,0.55,0.692,0.9,0.692,0.55
46,,0.358,0.3,0.358,0.5,0.642,0.85,0.642,0.5
47,,0.308,0.25,0.308,0.45,0.592,0.8,0.592,0.45
48,,0.258,0.2,0.258,0.4,0.542,0.75,0.542,0.4
49,,0.208,0.15,0.208,0.35,0.492,0.7,0.492,0.35
50,,0.158,0.1,0.158,0.3,0.442,0.65,0.442,0.3
51,,0.108,0.05,0.108,0.25,0.392,0.6,0.392,0.25
52,,0.058,0.0,0.058,0.2,0.342,0.55,0.342,0.2
53,,0.008,-0.05,0.008,0.15,0.292,0.5,0.292,0.15
54,2,0.429,0.95,0.429,0.5,0.571,0.75,0.571,0.5
55,2,0.85,1.0,0.85,0.85,0.85,1.0,0.85,0.85
56,,0.8,0.95,0.8,0.8,0.8,0.95,0.8,0.8
57,,0.75,0.9,0.75,0.75,0.75,0.9,0.75,0.75
58,,0.7,0.85,0.7,0.7,0.7,0.85,0.7,0.7
59,,0.65,0.8,0.65,0.65,0.65,0.8,0.65,0.65
60,,0.6,0.75,0.6,0.6,0.6,0.75,0.6,0.6
61,,0.55,0.7,0.55,0.55,0.55,0.7,0.55,0.55
62,,0.5,0.65,0.5,0.5,0.5,0.65,0.5,0.5
63,,0.45,0.6,0.45,0.45,0.45,0.6,0.45,0.45
64,,0.4,0.55,0.4,0.4,0.4,0.55,0.4,0.4
65,,0.35,0.5,0.35,0.35,0.35,0.5,0.35,0.35
66,,0.3,0.45,0.3,0.3,0.3,0.45,0.3,0.3
67,,0.25,0.4,0.25,0.25,0.25,0.4,0.25,0.25
68,,0.2,0.35,0.2,0.2,0.2,0.35,0.2,0.2
69,,0.15,0.3,0.15,0.15,0.15,0.3,0.15,0.15
70,,0.1,0.25,0.1,0.1,0.1,0.25,0.1,0.1
71,,0.05,0.2,0.05,0.05,0.05,0.2,0.05,0.05
72,,0.0,0.15,0.0,0.0,0.0,0.15,0.0,0.0
73,,-0.05,0.1,-0.05,-0.05,-0.05,0.1,-0.05,-0.05
74,7,0.3,0.379,0.2,0.229,0.3,0.521,0.95,0.371
75,7,0.65,0.658,0.45,0.508,0.65,0.942,1.0,0.792
76,,0.6,0.608,0.4,0.458,0.6,0.892,0.95,0.742
77,,0.55,0.558,0.35,0.408,0.55,0.842,0.9,0.692
78,,0.5,0.508,0.3,0.358,0.5,0.792,0.85,0.642
79,,0.45,0.458,0.25,0.308,0.45,0.742,0.8,0.592
80,,0.4,0.408,0.2,0.258,0.4,0.692,0.75,0.542
81,,0.35,0.358,0.15,0.208,0.35,0.642,0.7,0.492
82,,0.3,0.308,0.1,0.158,0.3,0.592,0.65,0.442
83,,0.25,0.258,0.05,0.108,0.25,0.542,0.6,0.392
84,,0.2,0.208,0.0,0.058,0.2,0.492,0.55,0.342
85,,0.15,0.158,-0.05,0.008,0.15,0.442,0.5,0.292
86,3,0.5,0.579,0.95,0.429,0.5,0.721,0.75,0.571
87,3,0.85,1.0,1.0,0.85,0.85,1.0,1.0,0.85
88,,0.8,0.95,0.95,0.8,0.8,0.95,0.95,0.8
89,,0.75,0.9,0.9,0.75,0.75,0.9,0.9,0.75
90,,0.7,0.85,0.85,0.7,0.7,0.85,0.85,0.7
91,,0.65,0.8,0.8,0.65,0.65,0.8,0.8,0.65
92,,0.6,0.75,0.75,0.6,0.6,0.75,0.75,0.6
93,,0.55,0.7,0.7,0.55,0.55,0.7,0.7,0.55
94,,0.5,0.65,0.65,0.5,0.5,0.65,0.65,0.5
95,,0.45,0.6,0.6,0.45,0.45,0.6,0.6,0.45
96,,0.4,0.55,0.55,0.4,0.4,0.55,0.55,0.4
97,,0.35,0.5,0.5,0.35,0.35,0.5,0.5,0.35
98,,0.3,0.45,0.45,0.3,0.3,0.45,0.45,0.3
99,,0.25,0.4,0.4,0.25,0.25,0.4,0.4,0.25
100,,0.2,0.35,0.35,0.2,0.2,0.35,0.35,0.2
101,,0.15,0.3,0.3,0.15,0.15,0.3,0.3,0.15
102,,0.1,0.25,0.25,0.1,0.1,0.25,0.25,0.1
103,,0.05,0.2,0.2,0.05,0.05,0.2,0.2,0.05
104,,0.0,0.15,0.15,0.0,0.0,0.15,0.15,0.0
105,,-0.05,0.1,0.1,-0.05,-0.05,0.1,0.1,-0.05
106,5,0.2,0.379,0.45,0.371,0.95,0.521,0.45,0.229
107,5,0.45,0.658,0.8,0.792,1.0,0.942,0.8,0.508
108,,0.4,0.608,0.75,0.742,0.95,0.892,0.75,0.458
109,,0.35,0.558,0.7,0.692,0.9,0.842,0.7,0.408
110,,0.3,0.508,0.65,0.642,0.85,0.792,0.65,0.358
111,,0.25,0.458,0.6,0.592,0.8,0.742,0.6,0.308
112,,0.2,0.408,0.55,0.542,0.75,0.692,0.55,0.258
113,,0.15,0.358,0.5,0.492,0.7,0.642,0.5,0.208
114,,0.1,0.308,0.45,0.442,0.65,0.592,0.45,0.158
115,,0.05,0.258,0.4,0.392,0.6,0.542,0.4,0.108
116,,0.0,0.208,0.35,0.342,0.55,0.492,0.35,0.058
117,,-0.05,0.158,0.3,0.292,0.5,0.442,0.3,0.008
118,1,0.95,0.579,0.65,0.571,0.75,0.721,0.65,0.429
119,1,1.0,1.0,1.0,0.85,1.0,1.0,1.0,0.85
120,,0.95,0.95,0.95,0.8,0.95,0.95,0.95,0.8
121,,0.9,0.9,0.9,0.75,0.9,0.9,0.9,0.75
122,,0.85,0.85,0.85,0.7,0.85,0.85,0.85,0.7
123,,0.8,0.8,0.8,0.65,0.8,0.8,0.8,0.65
124,,0.75,0.75,0.75,0.6,0.75,0.75,0.75,0.6
125,,0.7,0.7,0.7,0.55,0.7,0.7,0.7,0.55
126,,0.65,0.65,0.65,0.5,0.65,0.65,0.65,0.5
127,,0.6,0.6,0.6,0.45,0.6,0.6,0.6,0.45
128,,0.55,0.55,0.55,0.4,0.55,0.55,0.55,0.4
129,,0.5,0.5,0.5,0.35,0.5,0.5,0.5,0.35
130,,0.45,0.45,0.45,0.3,0.45,0.45,0.45,0.3
131,,0.4,0.4,0.4,0.25,0.4,0.4,0.4,0.25
132,,0.35,0.35,0.35,0.2,0.35,0.35,0.35,0.2
133,,0.3,0.3,0.3,0.15,0.3,0.3,0.3,0.15
134,,0.25,0.25,0.25,0.1,0.25,0.25,0.25,0.1
135,,0.2,0.2,0.2,0.05,0.2,0.2,0.2,0.05
136,,0.15,0.15,0.15,0.0,0.15,0.15,0.15,0.0
137,,0.1,0.1,0.1,-0.05,0.1,0.1,0.1,-0.05
138,4,0.379,0.45,0.521,0.95,0.521,0.45,0.379,0.2
139,4,0.658,0.8,0.942,1.0,0.942,0.8,0.658,0.45
140,,0.608,0.75,0.892,0.95,0.892,0.75,0.608,0.4
141,,0.558,0.7,0.842,0.9,0.842,0.7,0.558,0.35
142,,0.508,0.65,0.792,0.85,0.792,0.65,0.508,0.3
143,,0.458,0.6,0.742,0.8,0.742,0.6,0.458,0.25
144,,0.408,0.55,0.692,0.75,0.692,0.55,0.408,0.2
145,,0.358,0.5,0.642,0.7,0.642,0.5,0.358,0.15
146,,0.308,0.45,0.592,0.65,0.592,0.45,0.308,0.1
147,,0.258,0.4,0.542,0.6,0.542,0.4,0.258,0.05
148,,0.208,0.35,0.492,0.55,0.492,0.35,0.208,0.0
149,,0.158,0.3,0.442,0.5,0.442,0.3,0.158,-0.05
150,8,0.579,0.65,0.721,0.75,0.721,0.65,0.579,0.95
151,8,1.0,1.0,1.0,1.0,1.0,1.0,1.0,1.0
152,,0.95,0.95,0.95,0.95,0.95,0.95,0.95,0.95
153,,0.9,0.9,0.9,0.9,0.9,0.9,0.9,0.9
154,,0.85,0.85,0.85,0.85,0.85,0.85,0.85,0.85
155,,0.8,0.8,0.8,0.8,0.8,0.8,0.8,0.8
156,,0.75,0.75,0.75,0.75,0.75,0.75,0.75,0.75
157,,0.7,0.7,0.7,0.7,0.7,0.7,0.7,0.7
158,,0.65,0.65,0.65,0.65,0.65,0.65,0.65,0.65
159,,0.6,0.6,0.6,0.6,0.6,0.6,0.6,0.6
160,,0.55,0.55,0.55,0.55,0.55,0.55,0.55,0.55
161,,0.5,0.5,0.5,0.5,0.5,0.5,0.5,0.5
162,,0.45,0.45,0.45,0.45,0.45,0.45,0.45,0.45
163,,0.4,0.4,0.4,0.4,0.4,0.4,0.4,0.4
164,,0.35,0.35,0.35,0.35,0.35,0.35,0.35,0.35
165,,0.3,0.3,0.3,0.3,0.3,0.3,0.3,0.3
166,,0.25,0.25,0.25,0.25,0.25,0.25,0.25,0.25
167,,0.2,0.2,0.2,0.2,0.2,0.2,0.2,0.2
168,,0.15,0.15,0.15,0.15,0.15,0.15,0.15,0.15
169,,0.1,0.1,0.1,0.1,0.1,0.1,0.1,0.1
170,,0.05,0.05,0.05,0.05,0.05,0.05,0.05,0.05
171,,0.0,0.0,0.0,0.0,0.0,0.0,0.0,0.0
172,,-0.05,-0.05,-0.05,-0.05,-0.05,-0.05,-0.05,-0.05
173,4,0.229,0.3,0.371,0.95,0.371,0.3,0.229,0.2
174,4,0.508,0.65,0.792,1.0,0.792,0.65,0.508,0.45
175,,0.458,0.6,0.742,0.95,0.742,0.6,0.458,0.4
176,,0.408,0.55,0.692,0.9,0.692,0.55,0.408,0.35
177,,0.358,0.5,0.642,0.85,0.642,0.5,0.358,0.3
178,,0.308,0.45,0.592,0.8,0.592,0.45,0.308,0.25
179,,0.258,0.4,0.542,0.75,0.542,0.4,0.258,0.2
180,,0.208,0.35,0.492,0.7,0.492,0.35,0.208,0.15
181,,0.158,0.3,0.442,0.65,0.442,0.3,0.158,0.1
182,,0.108,0.25,0.392,0.6,0.392,0.25,0.108,0.05
183,,0.058,0.2,0.342,0.55,0.342,0.2,0.058,0.0
184,,0.008,0.15,0.292,0.5,0.292,0.15,0.008,-0.05
185,8,0.429,0.5,0.571,0.75,0.571,0.5,0.429,0.95
186,8,0.85,0.85,0.85,1.0,0.85,0.85,0.85,1.0
187,,0.8,0.8,0.8,0.95,0.8,0.8,0.8,0.95
188,,0.75,0.75,0.75,0.9,0.75,0.75,0.75,0.9
189,,0.7,0.7,0.7,0.85,0.7,0.7,0.7,0.85
190,,0.65,0.65,0.65,0.8,0.65,0.65,0.65,0.8
191,,0.6,0.6,0.6,0.75,0.6,0.6,0.6,0.75
192,,0.55,0.55,0.55,0.7,0.55,0.55,0.55,0.7
193,,0.5,0.5,0.5,0.65,0.5,0.5,0.5,0.65
194,,0.45,0.45,0.45,0.6,0.45,0.45,0.45,0.6
195,,0.4,0.4,0.4,0.55,0.4,0.4,0.4,0.55
196,,0.35,0.35,0.35,0.5,0.35,0.35,0.35,0.5
197,,0.3,0.3,0.3,0.45,0.3,0.3,0.3,0.45
198,,0.25,0.25,0.25,0.4,0.25,0.25,0.25,0.4
199,,0.2,0.2,0.2,0.35,0.2,0.2,0.2,0.35
200,,0.15,0.15,0.15,0.3,0.15,0.15,0.15,0.3
201,,0.1,0.1,0.1,0.25,0.1,0.1,0.1,0.25
202,,0.05,0.05,0.05,0.2,0.05,0.05,0.05,0.2
203,,0.0,0.0,0.0,0.15,0.0,0.0,0.0,0.15
204,,-0.05,-0.05,-0.05,0.1,-0.05,-0.05,-0.05,0.1
205,2,0.371,0.95,0.371,0.45,0.229,0.2,0.229,0.45
206,2,0.792,1.0,0.792,0.8,0.508,0.45,0.508,0.8
207,,0.742,0.95,0.742,0.75,0.458,0.4,0.458,0.75
208,,0.692,0.9,0.692,0.7,0.408,0.35,0.408,0.7
209,,0.642,0.85,0.642,0.65,0.358,0.3,0.358,0.65
210,,0.592,0.8,0.592,0.6,0.308,0.25,0.308,0.6
211,,0.542,0.75,0.542,0.55,0.258,0.2,0.258,0.55
212,,0.492,0.7,0.492,0.5,0.208,0.15,0.208,0.5
213,,0.442,0.65,0.442,0.45,0.158,0.1,0.158,0.45
214,,0.392,0.6,0.392,0.4,0.108,0.05,0.108,0.4
215,,0.342,0.55,0.342,0.35,0.058,0.0,0.058,0.35
216,,0.292,0.5,0.292,0.3,0.008,-0.05,0.008,0.3
217,6,0.571,0.75,0.571,0.65,0.429,0.95,0.429,0.65
218,6,0.85,1.0,0.85,1.0,0.85,1.0,0.85,1.0
219,,0.8,0.95,0.8,0.95,0.8,0.95,0.8,0.95
220,,0.75,0.9,0.75,0.9,0.75,0.9,0.75,0.9
221,,0.7,0.85,0.7,0.85,0.7,0.85,0.7,0.85
222,,0.65,0.8,0.65,0.8,0.65,0.8,0.65,0.8
223,,0.6,0.75,0.6,0.75,0.6,0.75,0.6,0.75
224,,0.55,0.7,0.55,0.7,0.55,0.7,0.55,0.7
225,,0.5,0.65,0.5,0.65,0.5,0.65,0.5,0.65
226,,0.45,0.6,0.45,0.6,0.45,0.6,0.45,0.6
227,,0.4,0.55,0.4,0.55,0.4,0.55,0.4,0.55
228,,0.35,0.5,0.35,0.5,0.35,0.5,0.35,0.5
229,,0.3,0.45,0.3,0.45,0.3,0.45,0.3,0.45
230,,0.25,0.4,0.25,0.4,0.25,0.4,0.25,0.4
231,,0.2,0.35,0.2,0.35,0.2,0.35,0.2,0.35
232,,0.15,0.3,0.15,0.3,0.15,0.3,0.15,0.3
233,,0.1,0.25,0.1,0.25,0.1,0.25,0.1,0.25
234,,0.05,0.2,0.05,0.2,0.05,0.2,0.05,0.2
235,,0.0,0.15,0.0,0.15,0.0,0.15,0.0,0.15
236,,-0.05,0.1,-0.05,0.1,-0.05,0.1,-0.05,0.1
237,7,0.3,0.379,0.2,0.379,0.3,0.521,0.95,0.521
238,7,0.65,0.658,0.45,0.658,0.65,0.942,1.0,0.942
239,,0.6,0.608,0.4,0.608,0.6,0.892,0.95,0.892
240,,0.55,0.558,0.35,0.558,0.55,0.842,0.9,0.842
241,,0.5,0.508,0.3,0.508,0.5,0.792,0.85,0.792
242,,0.45,0.458,0.25,0.458,0.45,0.742,0.8,0.742
243,,0.4,0.408,0.2,0.408,0.4,0.692,0.75,0.692
244,,0.35,0.358,0.15,0.358,0.35,0.642,0.7,0.642
245,,0.3,0.308,0.1,0.308,0.3,0.592,0.65,0.592
246,,0.25,0.258,0.05,0.258,0.25,0.542,0.6,0.542
247,,0.2,0.208,0.0,0.208,0.2,0.492,0.55,0.492
248,,0.15,0.158,-0.05,0.158,0.15,0.442,0.5,0.442
249,3,0.5,0.579,0.95,0.579,0.5,0.721,0.75,0.721
250,3,0.85,1.0,1.0,1.0,0.85,1.0,1.0,1.0
251,,0.8,0.95,0.95,0.95,0.8,0.95,0.95,0.95
252,,0.75,0.9,0.9,0.9,0.75,0.9,0.9,0.9
253,,0.7,0.85,0.85,0.85,0.7,0.85,0.85,0.85
254,,0.65,0.8,0.8,0.8,0.65,0.8,0.8,0.8
255,,0.6,0.75,0.75,0.75,0.6,0.75,0.75,0.75
256,,0.55,0.7,0.7,0.7,0.55,0.7,0.7,0.7
257,,0.5,0.65,0.65,0.65,0.5,0.65,0.65,0.65
258,,0.45,0.6,0.6,0.6,0.45,0.6,0.6,0.6
259,,0.4,0.55,0.55,0.55,0.4,0.55,0.55,0.55
260,,0.35,0.5,0.5,0.5,0.35,0.5,0.5,0.5
261,,0.3,0.45,0.45,0.45,0.3,0.45,0.45,0.45
262,,0.25,0.4,0.4,0.4,0.25,0.4,0.4,0.4
263,,0.2,0.35,0.35,0.35,0.2,0.35,0.35,0.35
264,,0.15,0.3,0.3,0.3,0.15,0.3,0.3,0.3
265,,0.1,0.25,0.25,0.25,0.1,0.25,0.25,0.25
266,,0.05,0.2,0.2,0.2,0.05,0.2,0.2,0.2
267,,0.0,0.15,0.15,0.15,0.0,0.15,0.15,0.15
268,,-0.05,0.1,0.1,0.1,-0.05,0.1,0.1,0.1
269,1,0.95,0.521,0.45,0.379,0.2,0.379,0.45,0.521
270,1,1.0,0.942,0.8,0.658,0.45,0.658,0.8,0.942
271,,0.95,0.892,0.75,0.608,0.4,0.608,0.75,0.892
272,,0.9,0.842,0.7,0.558,0.35,0.558,0.7,0.842
273,,0.85,0.792,0.65,0.508,0.3,0.508,0.65,0.792
274,,0.8,0.742,0.6,0.458,0.25,0.458,0.6,0.742
275,,0.75,0.692,0.55,0.408,0.2,0.408,0.55,0.692
276,,0.7,0.642,0.5,0.358,0.15,0.358,0.5,0.642
277,,0.65,0.592,0.45,0.308,0.1,0.308,0.45,0.592
278,,0.6,0.542,0.4,0.258,0.05,0.258,0.4,0.542
279,,0.55,0.492,0.35,0.208,0.0,0.208,0.35,0.492
280,,0.5,0.442,0.3,0.158,-0.05,0.158,0.3,0.442
281,5,0.75,0.721,0.65,0.579,0.95,0.579,0.65,0.721
282,5,1.0,1.0,1.0,1.0,1.0,1.0,1.0,1.0
283,,0.95,0.95,0.95,0.95,0.95,0.95,0.95,0.95
284,,0.9,0.9,0.9,0.9,0.9,0.9,0.9,0.9
285,,0.85,0.85,0.85,0.85,0.85,0.85,0.85,0.85
286,,0.8,0.8,0.8,0.8,0.8,0.8,0.8,0.8
287,,0.75,0.75,0.75,0.75,0.75,0.75,0.75,0.75
288,,0.7,0.7,0.7,0.7,0.7,0.7,0.7,0.7
289,,0.65,0.65,0.65,0.65,0.65,0.65,0.65,0.65
290,,0.6,0.6,0.6,0.6,0.6,0.6,0.6,0.6
291,,0.55,0.55,0.55,0.55,0.55,0.55,0.55,0.55
292,,0.5,0.5,0.5,0.5,0.5,0.5,0.5,0.5
293,,0.45,0.45,0.45,0.45,0.45,0.45,0.45,0.45
294,,0.4,0.4,0.4,0.4,0.4,0.4,0.4,0.4
295,,0.35,0.35,0.35,0.35,0.35,0.35,0.35,0.35
296,,0.3,0.3,0.3,0.3,0.3,0.3,0.3,0.3
297,,0.25,0.25,0.25,0.25,0.25,0.25,0.25,0.25
298,,0.2,0.2,0.2,0.2,0.2,0.2,0.2,0.2
299,,0.15,0.15,0.15,0.15,0.15,0.15,0.15,0.15
300,,0.1,0.1,0.1,0.1,0.1,0.1,0.1,0.1
301,,0.05,0.05,0.05,0.05,0.05,0.05,0.05,0.05
302,,0.0,0.0,0.0,0.0,0.0,0.0,0.0,0.0
303,,-0.05,-0.05,-0.05,-0.05,-0.05,-0.05,-0.05,-0.05
304,5,0.2,0.229,0.3,0.371,0.95,0.371,0.3,0.229
305,5,0.45,0.508,0.65,0.792,1.0,0.792,0.65,0.508
306,,0.4,0.458,0.6,0.742,0.95,0.742,0.6,0.458
307,,0.35,0.408,0.55,0.692,0.9,0.692,0.55,0.408
308,,0.3,0.358,0.5,0.642,0.85,0.642,0.5,0.358
309,,0.25,0.308,0.45,0.592,0.8,0.592,0.45,0.308
310,,0.2,0.258,0.4,0.542,0.75,0.542,0.4,0.258
311,,0.15,0.208,0.35,0.492,0.7,0.492,0.35,0.208
312,,0.1,0.158,0.3,0.442,0.65,0.442,0.3,0.158
313,,0.05,0.108,0.25,0.392,0.6,0.392,0.25,0.108
314,,0.0,0.058,0.2,0.342,0.55,0.342,0.2,0.058
315,,-0.05,0.008,0.15,0.292,0.5,0.292,0.15,0.008
316,1,0.95,0.429,0.5,0.571,0.75,0.571,0.5,0.429
317,1,1.0,0.85,0.85,0.85,1.0,0.85,0.85,0.85
318,,0.95,0.8,0.8,0.8,0.95,0.8,0.8,0.8
319,,0.9,0.75,0.75,0.75,0.9,0.75,0.75,0.75
320,,0.85,0.7,0.7,0.7,0.85,0.7,0.7,0.7
321,,0.8,0.65,0.65,0.65,0.8,0.65,0.65,0.65
322,,0.75,0.6,0.6,0.6,0.75,0.6,0.6,0.6
323,,0.7,0.55,0.55,0.55,0.7,0.55,0.55,0.55
324,,0.65,0.5,0.5,0.5,0.65,0.5,0.5,0.5
325,,0.6,0.45,0.45,0.45,0.6,0.45,0.45,0.45
326,,0.55,0.4,0.4,0.4,0.55,0.4,0.4,0.4
327,,0.5,0.35,0.35,0.35,0.5,0.35,0.35,0.35
328,,0.45,0.3,0.3,0.3,0.45,0.3,0.3,0.3
329,,0.4,0.25,0.25,0.25,0.4,0.25,0.25,0.25
330,,0.35,0.2,0.2,0.2,0.35,0.2,0.2,0.2
331,,0.3,0.15,0.15,0.15,0.3,0.15,0.15,0.15
332,,0.25,0.1,0.1,0.1,0.25,0.1,0.1,0.1
333,,0.2,0.05,0.05,0.05,0.2,0.05,0.05,0.05
334,,0.15,0.0,0.0,0.0,0.15,0.0,0.0,0.0
335,,0.1,-0.05,-0.05,-0.05,0.1,-0.05,-0.05,-0.05
336,8,0.521,0.3,0.229,0.2,0.379,0.3,0.371,0.95
337,8,0.942,0.65,0.508,0.45,0.658,0.65,0.792,1.0
338,,0.892,0.6,0.458,0.4,0.608,0.6,0.742,0.95
339,,0.842,0.55,0.408,0.35,0.558,0.55,0.692,0.9
340,,0.792,0.5,0.358,0.3,0.508,0.5,0.642,0.85
341,,0.742,0.45,0.308,0.25,0.458,0.45,0.592,0.8
342,,0.692,0.4,0.258,0.2,0.408,0.4,0.542,0.75
343,,0.642,0.35,0.208,0.15,0.358,0.35,0.492,0.7
344,,0.592,0.3,0.158,0.1,0.308,0.3,0.442,0.65
345,,0.542,0.25,0.108,0.05,0.258,0.25,0.392,0.6
346,,0.492,0.2,0.058,0.0,0.208,0.2,0.342,0.55
347,,0.442,0.15,0.008,-0.05,0.158,0.15,0.292,0.5
348,4,0.721,0.5,0.429,0.95,0.579,0.5,0.571,0.75
349,4,1.0,0.85,0.85,1.0,1.0,0.85,0.85,1.0
350,,0.95,0.8,0.8,0.95,0.95,0.8,0.8,0.95
351,,0.9,0.75,0.75,0.9,0.9,0.75,0.75,0.9
352,,0.85,0.7,0.7,0.85,0.85,0.7,0.7,0.85
353,,0.8,0.65,0.65,0.8,0.8,0.65,0.65,0.8
354,,0.75,0.6,0.6,0.75,0.75,0.6,0.6,0.75
355,,0.7,0.55,0.55,0.7,0.7,0.55,0.55,0.7
356,,0.65,0.5,0.5,0.65,0.65,0.5,0.5,0.65
357,,0.6,0.45,0.45,0.6,0.6,0.45,0.45,0.6
358,,0.55,0.4,0.4,0.55,0.55,0.4,0.4,0.55
359,,0.5,0.35,0.35,0.5,0.5,0.35,0.35,0.5
360,,0.45,0.3,0.3,0.45,0.45,0.3,0.3,0.45
361,,0.4,0.25,0.25,0.4,0.4,0.25,0.25,0.4
362,,0.35,0.2,0.2,0.35,0.35,0.2,0.2,0.35
363,,0.3,0.15,0.15,0.3,0.3,0.15,0.15,0.3
364,,0.25,0.1,0.1,0.25,0.25,0.1,0.1,0.25
365,,0.2,0.05,0.05,0.2,0.2,0.05,0.05,0.2
366,,0.15,0.0,0.0,0.15,0.15,0.0,0.0,0.15
367,,0.1,-0.05,-0.05,0.1,0.1,-0.05,-0.05,0.1
368,2,0.521,0.95,0.371,0.45,0.379,0.2,0.229,0.45
369,2,0.942,1.0,0.792,0.8,0.658,0.45,0.508,0.8
370,,0.892,0.95,0.742,0.75,0.608,0.4,0.458,0.75
371,,0.842,0.9,0.692,0.7,0.558,0.35,0.408,0.7
372,,0.792,0.85,0.642,0.65,0.508,0.3,0.358,0.65
373,,0.742,0.8,0.592,0.6,0.458,0.25,0.308,0.6
374,,0.692,0.75,0.542,0.55,0.408,0.2,0.258,0.55
375,,0.642,0.7,0.492,0.5,0.358,0.15,0.208,0.5
376,,0.592,0.65,0.442,0.45,0.308,0.1,0.158,0.45
377,,0.542,0.6,0.392,0.4,0.258,0.05,0.108,0.4
378,,0.492,0.55,0.342,0.35,0.208,0.0,0.058,0.35
379,,0.442,0.5,0.292,0.3,0.158,-0.05,0.008,0.3
380,6,0.721,0.75,0.571,0.65,0.579,0.95,0.429,0.65
381,6,1.0,1.0,0.85,1.0,1.0,1.0,0.85,1.0
382,,0.95,0.95,0.8,0.95,0.95,0.95,0.8,0.95
383,,0.9,0.9,0.75,0.9,0.9,0.9,0.75,0.9
384,,0.85,0.85,0.7,0.85,0.85,0.85,0.7,0.85
385,,0.8,0.8,0.65,0.8,0.8,0.8,0.65,0.8
386,,0.75,0.75,0.6,0.75,0.75,0.75,0.6,0.75
387,,0.7,0.7,0.55,0.7,0.7,0.7,0.55,0.7
388,,0.65,0.65,0.5,0.65,0.65,0.65,0.5,0.65
389,,0.6,0.6,0.45,0.6,0.6,0.6,0.45,0.6
390,,0.55,0.55,0.4,0.55,0.55,0.55,0.4,0.55
391,,0.5,0.5,0.35,0.5,0.5,0.5,0.35,0.5
392,,0.45,0.45,0.3,0.45,0.45,0.45,0.3,0.45
393,,0.4,0.4,0.25,0.4,0.4,0.4,0.25,0.4
394,,0.35,0.35,0.2,0.35,0.35,0.35,0.2,0.35
395,,0.3,0.3,0.15,0.3,0.3,0.3,0.15,0.3
396,,0.25,0.25,0.1,0.25,0.25,0.25,0.1,0.25
397,,0.2,0.2,0.05,0.2,0.2,0.2,0.05,0.2
398,,0.15,0.15,0.0,0.15,0.15,0.15,0.0,0.15
399,,0.1,0.1,-0.05,0.1,0.1,0.1,-0.05,0.1
400,3,0.45,0.521,0.95,0.521,0.45,0.379,0.2,0.379
401,3,0.8,0.942,1.0,0.942,0.8,0.658,0.45,0.658
402,,0.75,0.892,0.95,0.892,0.75,0.608,0.4,0.608
403,,0.7,0.842,0.9,0.842,0.7,0.558,0.35,0.558
404,,0.65,0.792,0.85,0.792,0.65,0.508,0.3,0.508
405,,0.6,0.742,0.8,0.742,0.6,0.458,0.25,0.458
406,,0.55,0.692,0.75,0.692,0.55,0.408,0.2,0.408
407,,0.5,0.642,0.7,0.642,0.5,0.358,0.15,0.358
408,,0.45,0.592,0.65,0.592,0.45,0.308,0.1,0.308
409,,0.4,0.542,0.6,0.542,0.4,0.258,0.05,0.258
410,,0.35,0.492,0.55,0.492,0.35,0.208,0.0,0.208
411,,0.3,0.442,0.5,0.442,0.3,0.158,-0.05,0.158
412,7,0.65,0.721,0.75,0.721,0.65,0.579,0.95,0.579
413,7,1.0,1.0,1.0,1.0,1.0,1.0,1.0,1.0
414,,0.95,0.95,0.95,0.95,0.95,0.95,0.95,0.95
415,,0.9,0.9,0.9,0.9,0.9,0.9,0.9,0.9
416,,0.85,0.85,0.85,0.85,0.85,0.85,0.85,0.85
417,,0.8,0.8,0.8,0.8,0.8,0.8,0.8,0.8
418,,0.75,0.75,0.75,0.75,0.75,0.75,0.75,0.75
419,,0.7,0.7,0.7,0.7,0.7,0.7,0.7,0.7
420,,0.65,0.65,0.65,0.65,0.65,0.65,0.65,0.65
421,,0.6,0.6,0.6,0.6,0.6,0.6,0.6,0.6
422,,0.55,0.55,0.55,0.55,0.55,0.55,0.55,0.55
423,,0.5,0.5,0.5,0.5,0.5,0.5,0.5,0.5
424,,0.45,0.45,0.45,0.45,0.45,0.45,0.45,0.45
425,,0.4,0.4,0.4,0.4,0.4,0.4,0.4,0.4
426,,0.35,0.35,0.35,0.35,0.35,0.35,0.35,0.35
427,,0.3,0.3,0.3,0.3,0.3,0.3,0.3,0.3
428,,0.25,0.25,0.25,0.25,0.25,0.25,0.25,0.25
429,,0.2,0.2,0.2,0.2,0.2,0.2,0.2,0.2
430,,0.15,0.15,0.15,0.15,0.15,0.15,0.15,0.15
431,,0.1,0.1,0.1,0.1,0.1,0.1,0.1,0.1
432,,0.05,0.05,0.05,0.05,0.05,0.05,0.05,0.05
433,,0.0,0.0,0.0,0.0,0.0,0.0,0.0,0.0
434,,-0.05,-0.05,-0.05,-0.05,-0.05,-0.05,-0.05,-0.05
435,6,0.229,0.2,0.229,0.3,0.371,0.95,0.371,0.3
436,6,0.508,0.45,0.508,0.65,0.792,1.0,0.792,0.65
437,,0.458,0.4,0.458,0.6,0.742,0.95,0.742,0.6
438,,0.408,0.35,0.408,0.55,0.692,0.9,0.692,0.55
439,,0.358,0.3,0.358,0.5,0.642,0.85,0.642,0.5
440,,0.308,0.25,0.308,0.45,0.592,0.8,0.592,0.45
441,,0.258,0.2,0.258,0.4,0.542,0.75,0.542,0.4
442,,0.208,0.15,0.208,0.35,0.492,0.7,0.492,0.35
443,,0.158,0.1,0.158,0.3,0.442,0.65,0.442,0.3
444,,0.108,0.05,0.108,0.25,0.392,0.6,0.392,0.25
445,,0.058,0.0,0.058,0.2,0.342,0.55,0.342,0.2
446,,0.008,-0.05,0.008,0.15,0.292,0.5,0.292,0.15
447,2,0.429,0.95,0.429,0.5,0.571,0.75,0.571,0.5
448,2,0.85,1.0,0.85,0.85,0.85,1.0,0.85,0.85
449,,0.8,0.95,0.8,0.8,0.8,0.95,0.8,0.8
450,,0.75,0.9,0.75,0.75,0.75,0.9,0.75,0.75
451,,0.7,0.85,0.7,0.7,0.7,0.85,0.7,0.7
452,,0.65,0.8,0.65,0.65,0.65,0.8,0.65,0.65
453,,0.6,0.75,0.6,0.6,0.6,0.75,0.6,0.6
454,,0.55,0.7,0.55,0.55,0.55,0.7,0.55,0.55
455,,0.5,0.65,0.5,0.5,0.5,0.65,0.5,0.5
456,,0.45,0.6,0.45,0.45,0.45,0.6,0.45,0.45
457,,0.4,0.55,0.4,0.4,0.4,0.55,0.4,0.4
458,,0.35,0.5,0.35,0.35,0.35,0.5,0.35,0.35
459,,0.3,0.45,0.3,0.3,0.3,0.45,0.3,0.3
460,,0.25,0.4,0.25,0.25,0.25,0.4,0.25,0.25
461,,0.2,0.35,0.2,0.2,0.2,0.35,0.2,0.2
462,,0.15,0.3,0.15,0.15,0.15,0.3,0.15,0.15
463,,0.1,0.25,0.1,0.1,0.1,0.25,0.1,0.1
464,,0.05,0.2,0.05,0.05,0.05,0.2,0.05,0.05
465,,0.0,0.15,0.0,0.0,0.0,0.15,0.0,0.0
466,,-0.05,0.1,-0.05,-0.05,-0.05,0.1,-0.05,-0.05
467,5,0.2,0.379,0.3,0.371,0.95,0.521,0.3,0.229
468,5,0.45,0.658,0.65,0.792,1.0,0.942,0.65,0.508
469,,0.4,0.608,0.6,0.742,0.95,0.892,0.6,0.458
470,,0.35,0.558,0.55,0.692,0.9,0.842,0.55,0.408
471,,0.3,0.508,0.5,0.642,0.85,0.792,0.5,0.358
472,,0.25,0.458,0.45,0.592,0.8,0.742,0.45,0.308
473,,0.2,0.408,0.4,0.542,0.75,0.692,0.4,0.258
474,,0.15,0.358,0.35,0.492,0.7,0.642,0.35,0.208
475,,0.1,0.308,0.3,0.442,0.65,0.592,0.3,0.158
476,,0.05,0.258,0.25,0.392,0.6,0.542,0.25,0.108
477,,0.0,0.208,0.2,0.342,0.55,0.492,0.2,0.058
478,,-0.05,0.158,0.15,0.292,0.5,0.442,0.15,0.008
479,1,0.95,0.579,0.5,0.571,0.75,0.721,0.5,0.429
480,1,1.0,1.0,0.85,0.85,1.0,1.0,0.85,0.85
481,,0.95,0.95,0.8,0.8,0.95,0.95,0.8,0.8
482,,0.9,0.9,0.75,0.75,0.9,0.9,0.75,0.75
483,,0.85,0.85,0.7,0.7,0.85,0.85,0.7,0.7
484,,0.8,0.8,0.65,0.65,0.8,0.8,0.65,0.65
485,,0.75,0.75,0.6,0.6,0.75,0.75,0.6,0.6
486,,0.7,0.7,0.55,0.55,0.7,0.7,0.55,0.55
487,,0.65,0.65,0.5,0.5,0.65,0.65,0.5,0.5
488,,0.6,0.6,0.45,0.45,0.6,0.6,0.45,0.45
489,,0.55,0.55,0.4,0.4,0.55,0.55,0.4,0.4
490,,0.5,0.5,0.35,0.35,0.5,0.5,0.35,0.35
491,,0.45,0.45,0.3,0.3,0.45,0.45,0.3,0.3
492,,0.4,0.4,0.25,0.25,0.4,0.4,0.25,0.25
493,,0.35,0.35,0.2,0.2,0.35,0.35,0.2,0.2
494,,0.3,0.3,0.15,0.15,0.3,0.3,0.15,0.15
495,,0.25,0.25,0.1,0.1,0.25,0.25,0.1,0.1
496,,0.2,0.2,0.05,0.05,0.2,0.2,0.05,0.05
497,,0.15,0.15,0.0,0.0,0.15,0.15,0.0,0.0
498,,0.1,0.1,-0.05,-0.05,0.1,0.1,-0.05,-0.05
499,3,0.45,0.521,0.95,0.371,0.45,0.379,0.2,0.229
