step,active_motive,motive_1,motive_2,motive_3,motive_4,motive_5,motive_6,motive_7,motive_8
0,,0.4505,0.01326,0.9422,0.56329,0.38542,0.01597,0.23089,0.24103
1,,0.4005,-0.03674,0.8922,0.51329,0.33542,-0.03403,0.18089,0.19103
2,2,0.8215,0.96326,1.0,0.86329,0.61442,0.21597,0.45989,0.54103
3,2,1.0,1.0,1.0,1.0,0.89342,0.46597,0.73889,0.89103
4,,0.95,0.95,0.95,0.95,0.84342,0.41597,0.68889,0.84103
5,,0.9,0.9,0.9,0.9,0.79342,0.36597,0.63889,0.79103
6,,0.85,0.85,0.85,0.85,0.74342,0.31597,0.58889,0.74103
7,,0.8,0.8,0.8,0.8,0.69342,0.26597,0.53889,0.69103
8,,0.75,0.75,0.75,0.75,0.64342,0.21597,0.48889,0.64103
9,,0.7,0.7,0.7,0.7,0.59342,0.16597,0.43889,0.59103
10,,0.65,0.65,0.65,0.65,0.54342,0.11597,0.38889,0.54103
11,,0.6,0.6,0.6,0.6,0.49342,0.06597,0.33889,0.49103
12,,0.55,0.55,0.55,0.55,0.44342,0.01597,0.28889,0.44103
13,,0.5,0.5,0.5,0.5,0.39342,-0.03403,0.23889,0.39103
14,6,0.779,0.75,0.779,0.85,0.81442,0.96597,0.65989,0.74103
15,6,1.0,1.0,1.0,1.0,1.0,1.0,1.0,1.0
16,,0.95,0.95,0.95,0.95,0.95,0.95,0.95,0.95
17,,0.9,0.9,0.9,0.9,0.9,0.9,0.9,0.9
18,,0.85,0.85,0.85,0.85,0.85,0.85,0.85,0.85
19,,0.8,0.8,0.8,0.8,0.8,0.8,0.8,0.8
20,,0.75,0.75,0.75,0.75,0.75,0.75,0.75,0.75
21,,0.7,0.7,0.7,0.7,0.7,0.7,0.7,0.7
22,,0.65,0.65,0.65,0.65,0.65,0.65,0.65,0.65
23,,0.6,0.6,0.6,0.6,0.6,0.6,0.6,0.6
24,,0.55,0.55,0.55,0.55,0.55,0.55,0.55,0.55
25,,0.5,0.5,0.5,0.5,0.5,0.5,0.5,0.5
26,,0.45,0.45,0.45,0.45,0.45,0.45,0.45,0.45
27,,0.4,0.4,0.4,0.4,0.4,0.4,0.4,0.4
28,,0.35,0.35,0.35,0.35,0.35,0.35,0.35,0.35
29,,0.3,0.3,0.3,0.3,0.3,0.3,0.3,0.3
30,,0.25,0.25,0.25,0.25,0.25,0.25,0.25,0.25
31,,0.2,0.2,0.2,0.2,0.2,0.2,0.2,0.2
32,,0.15,0.15,0.15,0.15,0.15,0.15,0.15,0.15
33,,0.1,0.1,0.1,0.1,0.1,0.1,0.1,0.1
34,,0.05,0.05,0.05,0.05,0.05,0.05,0.05,0.05
35,,0.0,0.0,0.0,0.0,0.0,0.0,0.0,0.0
36,,-0.05,-0.05,-0.05,-0.05,-0.05,-0.05,-0.05,-0.05
37,4,0.229,0.3,0.371,0.95,0.371,0.3,0.229,0.2
38,4,0.508,0.65,0.792,1.0,0.792,0.65,0.508,0.45
39,,0.458,0.6,0.742,0.95,0.742,0.6,0.458,0.4
40,,0.408,0.55,0.692,0.9,0.692,0.55,0.408,0.35
41,,0.358,0.5,0.642,0.85,0.642,0.5,0.358,0.3
42,,0.308,0.45,0.592,0.8,0.592,0.45,0.308,0.25
43,,0.258,0.4,0.542,0.75,0.542,0.4,0.258,0.2
44,,0.208,0.35,0.492,0.7,0.492,0.35,0.208,0.15
45,,0.158,0.3,0.442,0.65,0.442,0.3,0.158,0.1
46,,0.108,0.25,0.392,0.6,0.392,0.25,0.108,0.05
47,,0.058,0.2,0.342,0.55,0.342,0.2,0.058,0.0
48,,0.008,0.15,0.292,0.5,0.292,0.15,0.008,-0.05
49,8,0.429,0.5,0.571,0.75,0.571,0.5,0.429,0.95
50,8,0.85,0.85,0.85,1.0,0.85,0.85,0.85,1.0
51,,0.8,0.8,0.8,0.95,0.8,0.8,0.8,0.95
52,,0.75,0.75,0.75,0.9,0.75,0.75,0.75,0.9
53,,0.7,0.7,0.7,0.85,0.7,0.7,0.7,0.85
54,,0.65,0.65,0.65,0.8,0.65,0.65,0.65,0.8
55,,0.6,0.6,0.6,0.75,0.6,0.6,0.6,0.75
56,,0.55,0.55,0.55,0.7,0.55,0.55,0.55,0.7
57,,0.5,0.5,0.5,0.65,0.5,0.5,0.5,0.65
58,,0.45,0.45,0.45,0.6,0.45,0.45,0.45,0.6
59,,0.4,0.4,0.4,0.55,0.4,0.4,0.4,0.55
60,,0.35,0.35,0.35,0.5,0.35,0.35,0.35,0.5
61,,0.3,0.3,0.3,0.45,0.3,0.3,0.3,0.45
62,,0.25,0.25,0.25,0.4,0.25,0.25,0.25,0.4
63,,0.2,0.2,0.2,0.35,0.2,0.2,0.2,0.35
64,,0.15,0.15,0.15,0.3,0.15,0.15,0.15,0.3
65,,0.1,0.1,0.1,0.25,0.1,0.1,0.1,0.25
66,,0.05,0.05,0.05,0.2,0.05,0.05,0.05,0.2
67,,0.0,0.0,0.0,0.15,0.0,0.0,0.0,0.15
68,,-0.05,-0.05,-0.05,0.1,-0.05,-0.05,-0.05,0.1
69,5,0.2,0.229,0.3,0.521,0.95,0.371,0.3,0.379
70,5,0.45,0.508,0.65,0.942,1.0,0.792,0.65,0.658
71,,0.4,0.458,0.6,0.892,0.95,0.742,0.6,0.608
72,,0.35,0.408,0.55,0.842,0.9,0.692,0.55,0.558
73,,0.3,0.358,0.5,0.792,0.85,0.642,0.5,0.508
74,,0.25,0.308,0.45,0.742,0.8,0.592,0.45,0.458
75,,0.2,0.258,0.4,0.692,0.75,0.542,0.4,0.408
76,,0.15,0.208,0.35,0.642,0.7,0.492,0.35,0.358
77,,0.1,0.158,0.3,0.592,0.65,0.442,0.3,0.308
78,,0.05,0.108,0.25,0.542,0.6,0.392,0.25,0.258
79,,0.0,0.058,0.2,0.492,0.55,0.342,0.2,0.208
80,,-0.05,0.008,0.15,0.442,0.5,0.292,0.15,0.158
81,1,0.95,0.429,0.5,0.721,0.75,0.571,0.5,0.579
82,1,1.0,0.85,0.85,1.0,1.0,0.85,0.85,1.0
83,,0.95,0.8,0.8,0.95,0.95,0.8,0.8,0.95
84,,0.9,0.75,0.75,0.9,0.9,0.75,0.75,0.9
85,,0.85,0.7,0.7,0.85,0.85,0.7,0.7,0.85
86,,0.8,0.65,0.65,0.8,0.8,0.65,0.65,0.8
87,,0.75,0.6,0.6,0.75,0.75,0.6,0.6,0.75
88,,0.7,0.55,0.55,0.7,0.7,0.55,0.55,0.7
89,,0.65,0.5,0.5,0.65,0.65,0.5,0.5,0.65
90,,0.6,0.45,0.45,0.6,0.6,0.45,0.45,0.6
91,,0.55,0.4,0.4,0.55,0.55,0.4,0.4,0.55
92,,0.5,0.35,0.35,0.5,0.5,0.35,0.35,0.5
93,,0.45,0.3,0.3,0.45,0.45,0.3,0.3,0.45
94,,0.4,0.25,0.25,0.4,0.4,0.25,0.25,0.4
95,,0.35,0.2,0.2,0.35,0.35,0.2,0.2,0.35
96,,0.3,0.15,0.15,0.3,0.3,0.15,0.15,0.3
97,,0.25,0.1,0.1,0.25,0.25,0.1,0.1,0.25
98,,0.2,0.05,0.05,0.2,0.2,0.05,0.05,0.2
99,,0.15,0.0,0.0,0.15,0.15,0.0,0.0,0.15
100,,0.1,-0.05,-0.05,0.1,0.1,-0.05,-0.05,0.1
101,2,0.521,0.95,0.371,0.45,0.379,0.2,0.229,0.45
102,2,0.942,1.0,0.792,0.8,0.658,0.45,0.508,0.8
103,,0.892,0.95,0.742,0.75,0.608,0.4,0.458,0.75
104,,0.842,0.9,0.692,0.7,0.558,0.35,0.408,0.7
105,,0.792,0.85,0.642,0.65,0.508,0.3,0.358,0.65
106,,0.742,0.8,0.592,0.6,0.458,0.25,0.308,0.6
107,,0.692,0.75,0.542,0.55,0.408,0.2,0.258,0.55
108,,0.642,0.7,0.492,0.5,0.358,0.15,0.208,0.5
109,,0.592,0.65,0.442,0.45,0.308,0.1,0.158,0.45
110,,0.542,0.6,0.392,0.4,0.258,0.05,0.108,0.4
111,,0.492,0.55,0.342,0.35,0.208,0.0,0.058,0.35
112,,0.442,0.5,0.292,0.3,0.158,-0.05,0.008,0.3
113,6,0.721,0.75,0.571,0.65,0.579,0.95,0.429,0.65
114,6,1.0,1.0,0.85,1.0,1.0,1.0,0.85,1.0
115,,0.95,0.95,0.8,0.95,0.95,0.95,0.8,0.95
116,,0.9,0.9,0.75,0.9,0.9,0.9,0.75,0.9
117,,0.85,0.85,0.7,0.85,0.85,0.85,0.7,0.85
118,,0.8,0.8,0.65,0.8,0.8,0.8,0.65,0.8
119,,0.75,0.75,0.6,0.75,0.75,0.75,0.6,0.75
120,,0.7,0.7,0.55,0.7,0.7,0.7,0.55,0.7
121,,0.65,0.65,0.5,0.65,0.65,0.65,0.5,0.65
122,,0.6,0.6,0.45,0.6,0.6,0.6,0.45,0.6
123,,0.55,0.55,0.4,0.55,0.55,0.55,0.4,0.55
124,,0.5,0.5,0.35,0.5,0.5,0.5,0.35,0.5
125,,0.45,0.45,0.3,0.45,0.45,0.45,0.3,0.45
126,,0.4,0.4,0.25,0.4,0.4,0.4,0.25,0.4
127,,0.35,0.35,0.2,0.35,0.35,0.35,0.2,0.35
128,,0.3,0.3,0.15,0.3,0.3,0.3,0.15,0.3
129,,0.25,0.25,0.1,0.25,0.25,0.25,0.1,0.25
130,,0.2,0.2,0.05,0.2,0.2,0.2,0.05,0.2
131,,0.15,0.15,0.0,0.15,0.15,0.15,0.0,0.15
132,,0.1,0.1,-0.05,0.1,0.1,0.1,-0.05,0.1
133,7,0.45,0.379,0.2,0.379,0.45,0.521,0.95,0.521
134,7,0.8,0.658,0.45,0.658,0.8,0.942,1.0,0.942
135,,0.75,0.608,0.4,0.608,0.75,0.892,0.95,0.892
136,,0.7,0.558,0.35,0.558,0.7,0.842,0.9,0.842
137,,0.65,0.508,0.3,0.508,0.65,0.792,0.85,0.792
138,,0.6,0.458,0.25,0.458,0.6,0.742,0.8,0.742
139,,0.55,0.408,0.2,0.408,0.55,0.692,0.75,0.692
140,,0.5,0.358,0.15,0.358,0.5,0.642,0.7,0.642
141,,0.45,0.308,0.1,0.308,0.45,0.592,0.65,0.592
142,,0.4,0.258,0.05,0.258,0.4,0.542,0.6,0.542
143,,0.35,0.208,0.0,0.208,0.35,0.492,0.55,0.492
144,,0.3,0.158,-0.05,0.158,0.3,0.442,0.5,0.442
145,3,0.65,0.579,0.95,0.579,0.65,0.721,0.75,0.721
146,3,1.0,1.0,1.0,1.0,1.0,1.0,1.0,1.0
147,,0.95,0.95,0.95,0.95,0.95,0.95,0.95,0.95
148,,0.9,0.9,0.9,0.9,0.9,0.9,0.9,0.9
149,,0.85,0.85,0.85,0.85,0.85,0.85,0.85,0.85
150,,0.8,0.8,0.8,0.8,0.8,0.8,0.8,0.8
151,,0.75,0.75,0.75,0.75,0.75,0.75,0.75,0.75
152,,0.7,0.7,0.7,0.7,0.7,0.7,0.7,0.7
153,,0.65,0.65,0.65,0.65,0.65,0.65,0.65,0.65
154,,0.6,0.6,0.6,0.6,0.6,0.6,0.6,0.6
155,,0.55,0.55,0.55,0.55,0.55,0.55,0.55,0.55
156,,0.5,0.5,0.5,0.5,0.5,0.5,0.5,0.5
157,,0.45,0.45,0.45,0.45,0.45,0.45,0.45,0.45
158,,0.4,0.4,0.4,0.4,0.4,0.4,0.4,0.4
159,,0.35,0.35,0.35,0.35,0.35,0.35,0.35,0.35
160,,0.3,0.3,0.3,0.3,0.3,0.3,0.3,0.3
161,,0.25,0.25,0.25,0.25,0.25,0.25,0.25,0.25
162,,0.2,0.2,0.2,0.2,0.2,0.2,0.2,0.2
163,,0.15,0.15,0.15,0.15,0.15,0.15,0.15,0.15
164,,0.1,0.1,0.1,0.1,0.1,0.1,0.1,0.1
165,,0.05,0.05,0.05,0.05,0.05,0.05,0.05,0.05
166,,0.0,0.0,0.0,0.0,0.0,0.0,0.0,0.0
167,,-0.05,-0.05,-0.05,-0.05,-0.05,-0.05,-0.05,-0.05
168,7,0.3,0.229,0.2,0.229,0.3,0.371,0.95,0.371
169,7,0.65,0.508,0.45,0.508,0.65,0.792,1.0,0.792
170,,0.6,0.458,0.4,0.458,0.6,0.742,0.95,0.742
171,,0.55,0.408,0.35,0.408,0.55,0.692,0.9,0.692
172,,0.5,0.358,0.3,0.358,0.5,0.642,0.85,0.642
173,,0.45,0.308,0.25,0.308,0.45,0.592,0.8,0.592
174,,0.4,0.258,0.2,0.258,0.4,0.542,0.75,0.542
175,,0.35,0.208,0.15,0.208,0.35,0.492,0.7,0.492
176,,0.3,0.158,0.1,0.158,0.3,0.442,0.65,0.442
177,,0.25,0.108,0.05,0.108,0.25,0.392,0.6,0.392
178,,0.2,0.058,0.0,0.058,0.2,0.342,0.55,0.342
179,,0.15,0.008,-0.05,0.008,0.15,0.292,0.5,0.292
180,3,0.5,0.429,0.95,0.429,0.5,0.571,0.75,0.571
181,3,0.85,0.85,1.0,0.85,0.85,0.85,1.0,0.85
182,,0.8,0.8,0.95,0.8,0.8,0.8,0.95,0.8
183,,0.75,0.75,0.9,0.75,0.75,0.75,0.9,0.75
184,,0.7,0.7,0.85,0.7,0.7,0.7,0.85,0.7
185,,0.65,0.65,0.8,0.65,0.65,0.65,0.8,0.65
186,,0.6,0.6,0.75,0.6,0.6,0.6,0.75,0.6
187,,0.55,0.55,0.7,0.55,0.55,0.55,0.7,0.55
188,,0.5,0.5,0.65,0.5,0.5,0.5,0.65,0.5
189,,0.45,0.45,0.6,0.45,0.45,0.45,0.6,0.45
190,,0.4,0.4,0.55,0.4,0.4,0.4,0.55,0.4
191,,0.35,0.35,0.5,0.35,0.35,0.35,0.5,0.35
192,,0.3,0.3,0.45,0.3,0.3,0.3,0.45,0.3
193,,0.25,0.25,0.4,0.25,0.25,0.25,0.4,0.25
194,,0.2,0.2,0.35,0.2,0.2,0.2,0.35,0.2
195,,0.15,0.15,0.3,0.15,0.15,0.15,0.3,0.15
196,,0.1,0.1,0.25,0.1,0.1,0.1,0.25,0.1
197,,0.05,0.05,0.2,0.05,0.05,0.05,0.2,0.05
198,,0.0,0.0,0.15,0.0,0.0,0.0,0.15,0.0
199,,-0.05,-0.05,0.1,-0.05,-0.05,-0.05,0.1,-0.05
200,4,0.229,0.3,0.521,0.95,0.371,0.3,0.379,0.2
201,4,0.508,0.65,0.942,1.0,0.792,0.65,0.658,0.45
202,,0.458,0.6,0.892,0.95,0.742,0.6,0.608,0.4
203,,0.408,0.55,0.842,0.9,0.692,0.55,0.558,0.35
204,,0.358,0.5,0.792,0.85,0.642,0.5,0.508,0.3
205,,0.308,0.45,0.742,0.8,0.592,0.45,0.458,0.25
206,,0.258,0.4,0.692,0.75,0.542,0.4,0.408,0.2
207,,0.208,0.35,0.642,0.7,0.492,0.35,0.358,0.15
208,,0.158,0.3,0.592,0.65,0.442,0.3,0.308,0.1
209,,0.108,0.25,0.542,0.6,0.392,0.25,0.258,0.05
210,,0.058,0.2,0.492,0.55,0.342,0.2,0.208,0.0
211,,0.008,0.15,0.442,0.5,0.292,0.15,0.158,-0.05
212,8,0.429,0.5,0.721,0.75,0.571,0.5,0.579,0.95
213,8,0.85,0.85,1.0,1.0,0.85,0.85,1.0,1.0
214,,0.8,0.8,0.95,0.95,0.8,0.8,0.95,0.95
215,,0.75,0.75,0.9,0.9,0.75,0.75,0.9,0.9
216,,0.7,0.7,0.85,0.85,0.7,0.7,0.85,0.85
217,,0.65,0.65,0.8,0.8,0.65,0.65,0.8,0.8
218,,0.6,0.6,0.75,0.75,0.6,0.6,0.75,0.75
219,,0.55,0.55,0.7,0.7,0.55,0.55,0.7,0.7
220,,0.5,0.5,0.65,0.65,0.5,0.5,0.65,0.65
221,,0.45,0.45,0.6,0.6,0.45,0.45,0.6,0.6
222,,0.4,0.4,0.55,0.55,0.4,0.4,0.55,0.55
223,,0.35,0.35,0.5,0.5,0.35,0.35,0.5,0.5
224,,0.3,0.3,0.45,0.45,0.3,0.3,0.45,0.45
225,,0.25,0.25,0.4,0.4,0.25,0.25,0.4,0.4
226,,0.2,0.2,0.35,0.35,0.2,0.2,0.35,0.35
227,,0.15,0.15,0.3,0.3,0.15,0.15,0.3,0.3
228,,0.1,0.1,0.25,0.25,0.1,0.1,0.25,0.25
229,,0.05,0.05,0.2,0.2,0.05,0.05,0.2,0.2
230,,0.0,0.0,0.15,0.15,0.0,0.0,0.15,0.15
231,,-0.05,-0.05,0.1,0.1,-0.05,-0.05,0.1,0.1
232,2,0.371,0.95,0.521,0.45,0.229,0.2,0.379,0.45
233,2,0.792,1.0,0.942,0.8,0.508,0.45,0.658,0.8
234,,0.742,0.95,0.892,0.75,0.458,0.4,0.608,0.75
235,,0.692,0.9,0.842,0.7,0.408,0.35,0.558,0.7
236,,0.642,0.85,0.792,0.65,0.358,0.3,0.508,0.65
237,,0.592,0.8,0.742,0.6,0.308,0.25,0.458,0.6
238,,0.542,0.75,0.692,0.55,0.258,0.2,0.408,0.55
239,,0.492,0.7,0.642,0.5,0.208,0.15,0.358,0.5
240,,0.442,0.65,0.592,0.45,0.158,0.1,0.308,0.45
241,,0.392,0.6,0.542,0.4,0.108,0.05,0.258,0.4
242,,0.342,0.55,0.492,0.35,0.058,0.0,0.208,0.35
243,,0.292,0.5,0.442,0.3,0.008,-0.05,0.158,0.3
244,6,0.571,0.75,0.721,0.65,0.429,0.95,0.579,0.65
245,6,0.85,1.0,1.0,1.0,0.85,1.0,1.0,1.0
246,,0.8,0.95,0.95,0.95,0.8,0.95,0.95,0.95
247,,0.75,0.9,0.9,0.9,0.75,0.9,0.9,0.9
248,,0.7,0.85,0.85,0.85,0.7,0.85,0.85,0.85
249,,0.65,0.8,0.8,0.8,0.65,0.8,0.8,0.8
250,,0.6,0.75,0.75,0.75,0.6,0.75,0.75,0.75
251,,0.55,0.7,0.7,0.7,0.55,0.7,0.7,0.7
252,,0.5,0.65,0.65,0.65,0.5,0.65,0.65,0.65
253,,0.45,0.6,0.6,0.6,0.45,0.6,0.6,0.6
254,,0.4,0.55,0.55,0.55,0.4,0.55,0.55,0.55
255,,0.35,0.5,0.5,0.5,0.35,0.5,0.5,0.5
256,,0.3,0.45,0.45,0.45,0.3,0.45,0.45,0.45
257,,0.25,0.4,0.4,0.4,0.25,0.4,0.4,0.4
258,,0.2,0.35,0.35,0.35,0.2,0.35,0.35,0.35
259,,0.15,0.3,0.3,0.3,0.15,0.3,0.3,0.3
260,,0.1,0.25,0.25,0.25,0.1,0.25,0.25,0.25
261,,0.05,0.2,0.2,0.2,0.05,0.2,0.2,0.2
262,,0.0,0.15,0.15,0.15,0.0,0.15,0.15,0.15
263,,-0.05,0.1,0.1,0.1,-0.05,0.1,0.1,0.1
264,1,0.95,0.521,0.45,0.379,0.2,0.379,0.45,0.521
265,1,1.0,0.942,0.8,0.658,0.45,0.658,0.8,0.942
266,,0.95,0.892,0.75,0.608,0.4,0.608,0.75,0.892
267,,0.9,0.842,0.7,0.558,0.35,0.558,0.7,0.842
268,,0.85,0.792,0.65,0.508,0.3,0.508,0.65,0.792
269,,0.8,0.742,0.6,0.458,0.25,0.458,0.6,0.742
270,,0.75,0.692,0.55,0.408,0.2,0.408,0.55,0.692
271,,0.7,0.642,0.5,0.358,0.15,0.358,0.5,0.642
272,,0.65,0.592,0.45,0.308,0.1,0.308,0.45,0.592
273,,0.6,0.542,0.4,0.258,0.05,0.258,0.4,0.542
274,,0.55,0.492,0.35,0.208,0.0,0.208,0.35,0.492
275,,0.5,0.442,0.3,0.158,-0.05,0.158,0.3,0.442
276,5,0.75,0.721,0.65,0.579,0.95,0.579,0.65,0.721
277,5,1.0,1.0,1.0,1.0,1.0,1.0,1.0,1.0
278,,0.95,0.95,0.95,0.95,0.95,0.95,0.95,0.95
279,,0.9,0.9,0.9,0.9,0.9,0.9,0.9,0.9
280,,0.85,0.85,0.85,0.85,0.85,0.85,0.85,0.85
281,,0.8,0.8,0.8,0.8,0.8,0.8,0.8,0.8
282,,0.75,0.75,0.75,0.75,0.75,0.75,0.75,0.75
283,,0.7,0.7,0.7,0.7,0.7,0.7,0.7,0.7
284,,0.65,0.65,0.65,0.65,0.65,0.65,0.65,0.65
285,,0.6,0.6,0.6,0.6,0.6,0.6,0.6,0.6
286,,0.55,0.55,0.55,0.55,0.55,0.55,0.55,0.55
287,,0.5,0.5,0.5,0.5,0.5,0.5,0.5,0.5
288,,0.45,0.45,0.45,0.45,0.45,0.45,0.45,0.45
289,,0.4,0.4,0.4,0.4,0.4,0.4,0.4,0.4
290,,0.35,0.35,0.35,0.35,0.35,0.35,0.35,0.35
291,,0.3,0.3,0.3,0.3,0.3,0.3,0.3,0.3
292,,0.25,0.25,0.25,0.25,0.25,0.25,0.25,0.25
293,,0.2,0.2,0.2,0.2,0.2,0.2,0.2,0.2
294,,0.15,0.15,0.15,0.15,0.15,0.15,0.15,0.15
295,,0.1,0.1,0.1,0.1,0.1,0.1,0.1,0.1
296,,0.05,0.05,0.05,0.05,0.05,0.05,0.05,0.05
297,,0.0,0.0,0.0,0.0,0.0,0.0,0.0,0.0
298,,-0.05,-0.05,-0.05,-0.05,-0.05,-0.05,-0.05,-0.05
299,4,0.229,0.3,0.371,0.95,0.371,0.3,0.229,0.2
300,4,0.508,0.65,0.792,1.0,0.792,0.65,0.508,0.45
301,,0.458,0.6,0.742,0.95,0.742,0.6,0.458,0.4
302,,0.408,0.55,0.692,0.9,0.692,0.55,0.408,0.35
303,,0.358,0.5,0.642,0.85,0.642,0.5,0.358,0.3
304,,0.308,0.45,0.592,0.8,0.592,0.45,0.308,0.25
305,,0.258,0.4,0.542,0.75,0.542,0.4,0.258,0.2
306,,0.208,0.35,0.492,0.7,0.492,0.35,0.208,0.15
307,,0.158,0.3,0.442,0.65,0.442,0.3,0.158,0.1
308,,0.108,0.25,0.392,0.6,0.392,0.25,0.108,0.05
309,,0.058,0.2,0.342,0.55,0.342,0.2,0.058,0.0
310,,0.008,0.15,0.292,0.5,0.292,0.15,0.008,-0.05
311,8,0.429,0.5,0.571,0.75,0.571,0.5,0.429,0.95
312,8,0.85,0.85,0.85,1.0,0.85,0.85,0.85,1.0
313,,0.8,0.8,0.8,0.95,0.8,0.8,0.8,0.95
314,,0.75,0.75,0.75,0.9,0.75,0.75,0.75,0.9
315,,0.7,0.7,0.7,0.85,0.7,0.7,0.7,0.85
316,,0.65,0.65,0.65,0.8,0.65,0.65,0.65,0.8
317,,0.6,0.6,0.6,0.75,0.6,0.6,0.6,0.75
318,,0.55,0.55,0.55,0.7,0.55,0.55,0.55,0.7
319,,0.5,0.5,0.5,0.65,0.5,0.5,0.5,0.65
320,,0.45,0.45,0.45,0.6,0.45,0.45,0.45,0.6
321,,0.4,0.4,0.4,0.55,0.4,0.4,0.4,0.55
322,,0.35,0.35,0.35,0.5,0.35,0.35,0.35,0.5
323,,0.3,0.3,0.3,0.45,0.3,0.3,0.3,0.45
324,,0.25,0.25,0.25,0.4,0.25,0.25,0.25,0.4
325,,0.2,0.2,0.2,0.35,0.2,0.2,0.2,0.35
326,,0.15,0.15,0.15,0.3,0.15,0.15,0.15,0.3
327,,0.1,0.1,0.1,0.25,0.1,0.1,0.1,0.25
328,,0.05,0.05,0.05,0.2,0.05,0.05,0.05,0.2
329,,0.0,0.0,0.0,0.15,0.0,0.0,0.0,0.15
330,,-0.05,-0.05,-0.05,0.1,-0.05,-0.05,-0.05,0.1
331,2,0.371,0.95,0.371,0.45,0.229,0.2,0.229,0.45
332,2,0.792,1.0,0.792,0.8,0.508,0.45,0.508,0.8
333,,0.742,0.95,0.742,0.75,0.458,0.4,0.458,0.75
334,,0.692,0.9,0.692,0.7,0.408,0.35,0.408,0.7
335,,0.642,0.85,0.642,0.65,0.358,0.3,0.358,0.65
336,,0.592,0.8,0.592,0.6,0.308,0.25,0.308,0.6
337,,0.542,0.75,0.542,0.55,0.258,0.2,0.258,0.55
338,,0.492,0.7,0.492,0.5,0.208,0.15,0.208,0.5
339,,0.442,0.65,0.442,0.45,0.158,0.1,0.158,0.45
340,,0.392,0.6,0.392,0.4,0.108,0.05,0.108,0.4
341,,0.342,0.55,0.342,0.35,0.058,0.0,0.058,0.35
342,,0.292,0.5,0.292,0.3,0.008,-0.05,0.008,0.3
343,6,0.571,0.75,0.571,0.65,0.429,0.95,0.429,0.65
344,6,0.85,1.0,0.85,1.0,0.85,1.0,0.85,1.0
345,,0.8,0.95,0.8,0.95,0.8,0.95,0.8,0.95
346,,0.75,0.9,0.75,0.9,0.75,0.9,0.75,0.9
347,,0.7,0.85,0.7,0.85,0.7,0.85,0.7,0.85
348,,0.65,0.8,0.65,0.8,0.65,0.8,0.65,0.8
349,,0.6,0.75,0.6,0.75,0.6,0.75,0.6,0.75
350,,0.55,0.7,0.55,0.7,0.55,0.7,0.55,0.7
351,,0.5,0.65,0.5,0.65,0.5,0.65,0.5,0.65
352,,0.45,0.6,0.45,0.6,0.45,0.6,0.45,0.6
353,,0.4,0.55,0.4,0.55,0.4,0.55,0.4,0.55
354,,0.35,0.5,0.35,0.5,0.35,0.5,0.35,0.5
355,,0.3,0.45,0.3,0.45,0.3,0.45,0.3,0.45
356,,0.25,0.4,0.25,0.4,0.25,0.4,0.25,0.4
357,,0.2,0.35,0.2,0.35,0.2,0.35,0.2,0.35
358,,0.15,0.3,0.15,0.3,0.15,0.3,0.15,0.3
359,,0.1,0.25,0.1,0.25,0.1,0.25,0.1,0.25
360,,0.05,0.2,0.05,0.2,0.05,0.2,0.05,0.2
361,,0.0,0.15,0.0,0.15,0.0,0.15,0.0,0.15
362,,-0.05,0.1,-0.05,0.1,-0.05,0.1,-0.05,0.1
363,7,0.3,0.379,0.2,0.379,0.3,0.521,0.95,0.521
364,7,0.65,0.658,0.45,0.658,0.65,0.942,1.0,0.942
365,,0.6,0.608,0.4,0.608,0.6,0.892,0.95,0.892
366,,0.55,0.558,0.35,0.558,0.55,0.842,0.9,0.842
367,,0.5,0.508,0.3,0.508,0.5,0.792,0.85,0.792
368,,0.45,0.458,0.25,0.458,0.45,0.742,0.8,0.742
369,,0.4,0.408,0.2,0.408,0.4,0.692,0.75,0.692
370,,0.35,0.358,0.15,0.358,0.35,0.642,0.7,0.642
371,,0.3,0.308,0.1,0.308,0.3,0.592,0.65,0.592
372,,0.25,0.258,0.05,0.258,0.25,0.542,0.6,0.542
373,,0.2,0.208,0.0,0.208,0.2,0.492,0.55,0.492
374,,0.15,0.158,-0.05,0.158,0.15,0.442,0.5,0.442
375,3,0.5,0.579,0.95,0.579,0.5,0.721,0.75,0.721
376,3,0.85,1.0,1.0,1.0,0.85,1.0,1.0,1.0
377,,0.8,0.95,0.95,0.95,0.8,0.95,0.95,0.95
378,,0.75,0.9,0.9,0.9,0.75,0.9,0.9,0.9
379,,0.7,0.85,0.85,0.85,0.7,0.85,0.85,0.85
380,,0.65,0.8,0.8,0.8,0.65,0.8,0.8,0.8
381,,0.6,0.75,0.75,0.75,0.6,0.75,0.75,0.75
382,,0.55,0.7,0.7,0.7,0.55,0.7,0.7,0.7
383,,0.5,0.65,0.65,0.65,0.5,0.65,0.65,0.65
384,,0.45,0.6,0.6,0.6,0.45,0.6,0.6,0.6
385,,0.4,0.55,0.55,0.55,0.4,0.55,0.55,0.55
386,,0.35,0.5,0.5,0.5,0.35,0.5,0.5,0.5
387,,0.3,0.45,0.45,0.45,0.3,0.45,0.45,0.45
388,,0.25,0.4,0.4,0.4,0.25,0.4,0.4,0.4
389,,0.2,0.35,0.35,0.35,0.2,0.35,0.35,0.35
390,,0.15,0.3,0.3,0.3,0.15,0.3,0.3,0.3
391,,0.1,0.25,0.25,0.25,0.1,0.25,0.25,0.25
392,,0.05,0.2,0.2,0.2,0.05,0.2,0.2,0.2
393,,0.0,0.15,0.15,0.15,0.0,0.15,0.15,0.15
394,,-0.05,0.1,0.1,0.1,-0.05,0.1,0.1,0.1
395,5,0.2,0.379,0.45,0.521,0.95,0.521,0.45,0.379
396,5,0.45,0.658,0.8,0.942,1.0,0.942,0.8,0.658
397,,0.4,0.608,0.75,0.892,0.95,0.892,0.75,0.608
398,,0.35,0.558,0.7,0.842,0.9,0.842,0.7,0.558
399,,0.3,0.508,0.65,0.792,0.85,0.792,0.65,0.508
400,,0.25,0.458,0.6,0.742,0.8,0.742,0.6,0.458
401,,0.2,0.408,0.55,0.692,0.75,0.692,0.55,0.408
402,,0.15,0.358,0.5,0.642,0.7,0.642,0.5,0.358
403,,0.1,0.308,0.45,0.592,0.65,0.592,0.45,0.308
404,,0.05,0.258,0.4,0.542,0.6,0.542,0.4,0.258
405,,0.0,0.208,0.35,0.492,0.55,0.492,0.35,0.208
406,,-0.05,0.158,0.3,0.442,0.5,0.442,0.3,0.158
407,1,0.95,0.579,0.65,0.721,0.75,0.721,0.65,0.579
408,1,1.0,1.0,1.0,1.0,1.0,1.0,1.0,1.0
409,,0.95,0.95,0.95,0.95,0.95,0.95,0.95,0.95
410,,0.9,0.9,0.9,0.9,0.9,0.9,0.9,0.9
411,,0.85,0.85,0.85,0.85,0.85,0.85,0.85,0.85
412,,0.8,0.8,0.8,0.8,0.8,0.8,0.8,0.8
413,,0.75,0.75,0.75,0.75,0.75,0.75,0.75,0.75
414,,0.7,0.7,0.7,0.7,0.7,0.7,0.7,0.7
415,,0.65,0.65,0.65,0.65,0.65,0.65,0.65,0.65
416,,0.6,0.6,0.6,0.6,0.6,0.6,0.6,0.6
417,,0.55,0.55,0.55,0.55,0.55,0.55,0.55,0.55
418,,0.5,0.5,0.5,0.5,0.5,0.5,0.5,0.5
419,,0.45,0.45,0.45,0.45,0.45,0.45,0.45,0.45
420,,0.4,0.4,0.4,0.4,0.4,0.4,0.4,0.4
421,,0.35,0.35,0.35,0.35,0.35,0.35,0.35,0.35
422,,0.3,0.3,0.3,0.3,0.3,0.3,0.3,0.3
423,,0.25,0.25,0.25,0.25,0.25,0.25,0.25,0.25
424,,0.2,0.2,0.2,0.2,0.2,0.2,0.2,0.2
425,,0.15,0.15,0.15,0.15,0.15,0.15,0.15,0.15
426,,0.1,0.1,0.1,0.1,0.1,0.1,0.1,0.1
427,,0.05,0.05,0.05,0.05,0.05,0.05,0.05,0.05
428,,0.0,0.0,0.0,0.0,0.0,0.0,0.0,0.0
429,,-0.05,-0.05,-0.05,-0.05,-0.05,-0.05,-0.05,-0.05
430,2,0.371,0.95,0.371,0.3,0.229,0.2,0.229,0.3
431,2,0.792,1.0,0.792,0.65,0.508,0.45,0.508,0.65
432,,0.742,0.95,0.742,0.6,0.458,0.4,0.458,0.6
433,,0.692,0.9,0.692,0.55,0.408,0.35,0.408,0.55
434,,0.642,0.85,0.642,0.5,0.358,0.3,0.358,0.5
435,,0.592,0.8,0.592,0.45,0.308,0.25,0.308,0.45
436,,0.542,0.75,0.542,0.4,0.258,0.2,0.258,0.4
437,,0.492,0.7,0.492,0.35,0.208,0.15,0.208,0.35
438,,0.442,0.65,0.442,0.3,0.158,0.1,0.158,0.3
439,,0.392,0.6,0.392,0.25,0.108,0.05,0.108,0.25
440,,0.342,0.55,0.342,0.2,0.058,0.0,0.058,0.2
441,,0.292,0.5,0.292,0.15,0.008,-0.05,0.008,0.15
442,6,0.571,0.75,0.571,0.5,0.429,0.95,0.429,0.5
443,6,0.85,1.0,0.85,0.85,0.85,1.0,0.85,0.85
444,,0.8,0.95,0.8,0.8,0.8,0.95,0.8,0.8
445,,0.75,0.9,0.75,0.75,0.75,0.9,0.75,0.75
446,,0.7,0.85,0.7,0.7,0.7,0.85,0.7,0.7
447,,0.65,0.8,0.65,0.65,0.65,0.8,0.65,0.65
448,,0.6,0.75,0.6,0.6,0.6,0.75,0.6,0.6
449,,0.55,0.7,0.55,0.55,0.55,0.7,0.55,0.55
450,,0.5,0.65,0.5,0.5,0.5,0.65,0.5,0.5
451,,0.45,0.6,0.45,0.45,0.45,0.6,0.45,0.45
452,,0.4,0.55,0.4,0.4,0.4,0.55,0.4,0.4
453,,0.35,0.5,0.35,0.35,0.35,0.5,0.35,0.35
454,,0.3,0.45,0.3,0.3,0.3,0.45,0.3,0.3
455,,0.25,0.4,0.25,0.25,0.25,0.4,0.25,0.25
456,,0.2,0.35,0.2,0.2,0.2,0.35,0.2,0.2
457,,0.15,0.3,0.15,0.15,0.15,0.3,0.15,0.15
458,,0.1,0.25,0.1,0.1,0.1,0.25,0.1,0.1
459,,0.05,0.2,0.05,0.05,0.05,0.2,0.05,0.05
460,,0.0,0.15,0.0,0.0,0.0,0.15,0.0,0.0
461,,-0.05,0.1,-0.05,-0.05,-0.05,0.1,-0.05,-0.05
462,8,0.371,0.45,0.229,0.2,0.229,0.45,0.371,0.95
463,8,0.792,0.8,0.508,0.45,0.508,0.8,0.792,1.0
464,,0.742,0.75,0.458,0.4,0.458,0.75,0.742,0.95
465,,0.692,0.7,0.408,0.35,0.408,0.7,0.692,0.9
466,,0.642,0.65,0.358,0.3,0.358,0.65,0.642,0.85
467,,0.592,0.6,0.308,0.25,0.308,0.6,0.592,0.8
468,,0.542,0.55,0.258,0.2,0.258,0.55,0.542,0.75
469,,0.492,0.5,0.208,0.15,0.208,0.5,0.492,0.7
470,,0.442,0.45,0.158,0.1,0.158,0.45,0.442,0.65
471,,0.392,0.4,0.108,0.05,0.108,0.4,0.392,0.6
472,,0.342,0.35,0.058,0.0,0.058,0.35,0.342,0.55
473,,0.292,0.3,0.008,-0.05,0.008,0.3,0.292,0.5
474,4,0.571,0.65,0.429,0.95,0.429,0.65,0.571,0.75
475,4,0.85,1.0,0.85,1.0,0.85,1.0,0.85,1.0
476,,0.8,0.95,0.8,0.95,0.8,0.95,0.8,0.95
477,,0.75,0.9,0.75,0.9,0.75,0.9,0.75,0.9
478,,0.7,0.85,0.7,0.85,0.7,0.85,0.7,0.85
479,,0.65,0.8,0.65,0.8,0.65,0.8,0.65,0.8
480,,0.6,0.75,0.6,0.75,0.6,0.75,0.6,0.75
481,,0.55,0.7,0.55,0.7,0.55,0.7,0.55,0.7
482,,0.5,0.65,0.5,0.65,0.5,0.65,0.5,0.65
483,,0.45,0.6,0.45,0.6,0.45,0.6,0.45,0.6
484,,0.4,0.55,0.4,0.55,0.4,0.55,0.4,0.55
485,,0.35,0.5,0.35,0.5,0.35,0.5,0.35,0.5
486,,0.3,0.45,0.3,0.45,0.3,0.45,0.3,0.45
487,,0.25,0.4,0.25,0.4,0.25,0.4,0.25,0.4
488,,0.2,0.35,0.2,0.35,0.2,0.35,0.2,0.35
489,,0.15,0.3,0.15,0.3,0.15,0.3,0.15,0.3
490,,0.1,0.25,0.1,0.25,0.1,0.25,0.1,0.25
491,,0.05,0.2,0.05,0.2,0.05,0.2,0.05,0.2
492,,0.0,0.15,0.0,0.15,0.0,0.15,0.0,0.15
493,,-0.05,0.1,-0.05,0.1,-0.05,0.1,-0.05,0.1
494,3,0.3,0.521,0.95,0.521,0.3,0.379,0.2,0.379
495,3,0.65,0.942,1.0,0.942,0.65,0.658,0.45,0.658
496,,0.6,0.892,0.95,0.892,0.6,0.608,0.4,0.608
497,,0.55,0.842,0.9,0.842,0.55,0.558,0.35,0.558
498,,0.5,0.792,0.85,0.792,0.5,0.508,0.3,0.508
499,,0.45,0.742,0.8,0.742,0.45,0.458,0.25,0.458
