step,active_motive,motive_1,motive_2,motive_3,motive_4,motive_5,motive_6,motive_7,motive_8
0,,0.0683,0.04519,0.07138,0.08997,0.06241,0.05398,0.04387,0.05775
1,,-0.0317,-0.05481,-0.02862,-0.01003,-0.03759,-0.04602,-0.05613,-0.04225
2,7,-0.0317,-0.12581,-0.12862,-0.08103,-0.03759,0.02498,0.94387,0.02875
3,7,-0.0317,-0.19681,-0.22862,-0.15203,-0.03759,0.09598,1.0,0.09975
4,3,-0.0317,-0.12581,0.77138,-0.08103,-0.03759,0.02498,0.9,0.02875
5,3,-0.0317,-0.05481,1.0,-0.01003,-0.03759,-0.04602,0.8,-0.04225
6,2,0.0393,0.94519,1.0,-0.01003,-0.10859,-0.14602,0.729,-0.04225
7,2,0.1103,1.0,1.0,-0.01003,-0.17959,-0.24602,0.658,-0.04225
8,6,0.0393,0.9,0.929,-0.01003,-0.10859,0.75398,0.729,-0.04225
9,6,-0.0317,0.8,0.858,-0.01003,-0.03759,1.0,0.8,-0.04225
10,8,0.0393,0.8,0.787,-0.11003,-0.10859,1.0,0.871,0.95775
11,8,0.1103,0.8,0.716,-0.21003,-0.17959,1.0,0.942,1.0
12,4,0.0393,0.8,0.787,0.78997,-0.10859,1.0,0.871,0.9
13,4,-0.0317,0.8,0.858,1.0,-0.03759,1.0,0.8,0.8
14,5,-0.1317,0.729,0.858,1.0,0.96241,1.0,0.8,0.729
15,5,-0.2317,0.658,0.858,1.0,1.0,1.0,0.8,0.658
16,1,0.7683,0.729,0.858,0.929,0.9,0.929,0.8,0.729
17,1,1.0,0.8,0.858,0.858,0.8,0.858,0.8,0.8
18,,0.9,0.7,0.758,0.758,0.7,0.758,0.7,0.7
19,,0.8,0.6,0.658,0.658,0.6,0.658,0.6,0.6
20,,0.7,0.5,0.558,0.558,0.5,0.558,0.5,0.5
21,,0.6,0.4,0.458,0.458,0.4,0.458,0.4,0.4
22,,0.5,0.3,0.358,0.358,0.3,0.358,0.3,0.3
23,,0.4,0.2,0.258,0.258,0.2,0.258,0.2,0.2
24,,0.3,0.1,0.158,0.158,0.1,0.158,0.1,0.1
25,,0.2,0.0,0.058,0.058,0.0,0.058,0.0,0.0
26,,0.1,-0.1,-0.042,-0.042,-0.1,-0.042,-0.1,-0.1
27,2,0.171,0.9,0.029,-0.042,-0.171,-0.142,-0.171,-0.1
28,2,0.242,1.0,0.1,-0.042,-0.242,-0.242,-0.242,-0.1
29,5,0.142,0.929,0.1,0.029,0.758,-0.171,-0.242,-0.171
30,5,0.042,0.858,0.1,0.1,1.0,-0.1,-0.242,-0.242
31,7,0.042,0.787,0.0,0.029,1.0,-0.029,0.758,-0.171
32,7,0.042,0.716,-0.1,-0.042,1.0,0.042,1.0,-0.1
33,3,0.042,0.787,0.9,0.029,1.0,-0.029,0.9,-0.171
34,3,0.042,0.858,1.0,0.1,1.0,-0.1,0.8,-0.242
35,8,0.113,0.858,0.929,0.0,0.929,-0.1,0.871,0.758
36,8,0.184,0.858,0.858,-0.1,0.858,-0.1,0.942,1.0
37,6,0.113,0.758,0.787,-0.1,0.929,0.9,1.0,1.0
38,6,0.042,0.658,0.716,-0.1,1.0,1.0,1.0,1.0
39,4,-0.029,0.658,0.787,0.9,1.0,1.0,0.929,0.9
40,4,-0.1,0.658,0.858,1.0,1.0,1.0,0.858,0.8
41,1,0.9,0.729,0.858,0.929,0.9,0.929,0.858,0.871
42,1,1.0,0.8,0.858,0.858,0.8,0.858,0.858,0.942
43,,0.9,0.7,0.758,0.758,0.7,0.758,0.758,0.842
44,,0.8,0.6,0.658,0.658,0.6,0.658,0.658,0.742
45,,0.7,0.5,0.558,0.558,0.5,0.558,0.558,0.642
46,,0.6,0.4,0.458,0.458,0.4,0.458,0.458,0.542
47,,0.5,0.3,0.358,0.358,0.3,0.358,0.358,0.442
48,,0.4,0.2,0.258,0.258,0.2,0.258,0.258,0.342
49,,0.3,0.1,0.158,0.158,0.1,0.158,0.158,0.242
50,,0.2,0.0,0.058,0.058,0.0,0.058,0.058,0.142
51,,0.1,-0.1,-0.042,-0.042,-0.1,-0.042,-0.042,0.042
52,5,0.0,-0.171,-0.042,0.029,0.9,0.029,-0.042,-0.029
53,5,-0.1,-0.242,-0.042,0.1,1.0,0.1,-0.042,-0.1
54,2,-0.029,0.758,0.029,0.1,0.929,0.0,-0.113,-0.1
55,2,0.042,1.0,0.1,0.1,0.858,-0.1,-0.184,-0.1
56,7,0.042,0.929,0.0,0.029,0.858,-0.029,0.816,-0.029
57,7,0.042,0.858,-0.1,-0.042,0.858,0.042,1.0,0.042
58,3,0.042,0.929,0.9,0.029,0.858,-0.029,0.9,-0.029
59,3,0.042,1.0,1.0,0.1,0.858,-0.1,0.8,-0.1
60,6,-0.029,0.9,0.929,0.1,0.929,0.9,0.871,-0.1
61,6,-0.1,0.8,0.858,0.1,1.0,1.0,0.942,-0.1
62,8,-0.029,0.8,0.787,0.0,0.929,1.0,1.0,0.9
63,8,0.042,0.8,0.716,-0.1,0.858,1.0,1.0,1.0
64,4,-0.029,0.8,0.787,0.9,0.929,1.0,0.929,0.9
65,4,-0.1,0.8,0.858,1.0,1.0,1.0,0.858,0.8
66,1,0.9,0.871,0.858,0.929,0.9,0.929,0.858,0.871
67,1,1.0,0.942,0.858,0.858,0.8,0.858,0.858,0.942
68,,0.9,0.842,0.758,0.758,0.7,0.758,0.758,0.842
69,,0.8,0.742,0.658,0.658,0.6,0.658,0.658,0.742
70,,0.7,0.642,0.558,0.558,0.5,0.558,0.558,0.642
71,,0.6,0.542,0.458,0.458,0.4,0.458,0.458,0.542
72,,0.5,0.442,0.358,0.358,0.3,0.358,0.358,0.442
73,,0.4,0.342,0.258,0.258,0.2,0.258,0.258,0.342
74,,0.3,0.242,0.158,0.158,0.1,0.158,0.158,0.242
75,,0.2,0.142,0.058,0.058,0.0,0.058,0.058,0.142
76,,0.1,0.042,-0.042,-0.042,-0.1,-0.042,-0.042,0.042
77,5,0.0,-0.029,-0.042,0.029,0.9,0.029,-0.042,-0.029
78,5,-0.1,-0.1,-0.042,0.1,1.0,0.1,-0.042,-0.1
79,8,-0.029,-0.1,-0.113,0.0,0.929,0.1,0.029,0.9
80,8,0.042,-0.1,-0.184,-0.1,0.858,0.1,0.1,1.0
81,3,0.042,-0.029,0.816,-0.029,0.858,0.029,0.0,0.929
82,3,0.042,0.042,1.0,0.042,0.858,-0.042,-0.1,0.858
83,7,0.042,-0.029,0.9,-0.029,0.858,0.029,0.9,0.929
84,7,0.042,-0.1,0.8,-0.1,0.858,0.1,1.0,1.0
85,2,0.113,0.9,0.871,-0.1,0.787,0.0,0.929,1.0
86,2,0.184,1.0,0.942,-0.1,0.716,-0.1,0.858,1.0
87,4,0.113,1.0,1.0,0.9,0.787,-0.1,0.787,0.9
88,4,0.042,1.0,1.0,1.0,0.858,-0.1,0.716,0.8
89,6,-0.029,0.9,0.929,1.0,0.929,0.9,0.787,0.8
90,6,-0.1,0.8,0.858,1.0,1.0,1.0,0.858,0.8
91,1,0.9,0.871,0.858,0.929,0.9,0.929,0.858,0.871
92,1,1.0,0.942,0.858,0.858,0.8,0.858,0.858,0.942
93,,0.9,0.842,0.758,0.758,0.7,0.758,0.758,0.842
94,,0.8,0.742,0.658,0.658,0.6,0.658,0.658,0.742
95,,0.7,0.642,0.558,0.558,0.5,0.558,0.558,0.642
96,,0.6,0.542,0.458,0.458,0.4,0.458,0.458,0.542
97,,0.5,0.442,0.358,0.358,0.3,0.358,0.358,0.442
98,,0.4,0.342,0.258,0.258,0.2,0.258,0.258,0.342
99,,0.3,0.242,0.158,0.158,0.1,0.158,0.158,0.242
100,,0.2,0.142,0.058,0.058,0.0,0.058,0.058,0.142
101,,0.1,0.042,-0.042,-0.042,-0.1,-0.042,-0.042,0.042
102,5,0.0,-0.029,-0.042,0.029,0.9,0.029,-0.042,-0.029
103,5,-0.1,-0.1,-0.042,0.1,1.0,0.1,-0.042,-0.1
104,2,-0.029,0.9,0.029,0.1,0.929,0.0,-0.113,-0.1
105,2,0.042,1.0,0.1,0.1,0.858,-0.1,-0.184,-0.1
106,7,0.042,0.929,0.0,0.029,0.858,-0.029,0.816,-0.029
107,7,0.042,0.858,-0.1,-0.042,0.858,0.042,1.0,0.042
108,3,0.042,0.929,0.9,0.029,0.858,-0.029,0.9,-0.029
109,3,0.042,1.0,1.0,0.1,0.858,-0.1,0.8,-0.1
110,8,0.113,1.0,0.929,0.0,0.787,-0.1,0.871,0.9
111,8,0.184,1.0,0.858,-0.1,0.716,-0.1,0.942,1.0
112,4,0.113,1.0,0.929,0.9,0.787,-0.1,0.871,0.9
113,4,0.042,1.0,1.0,1.0,0.858,-0.1,0.8,0.8
114,6,-0.029,0.9,0.929,1.0,0.929,0.9,0.871,0.8
115,6,-0.1,0.8,0.858,1.0,1.0,1.0,0.942,0.8
116,1,0.9,0.871,0.858,0.929,0.9,0.929,0.942,0.871
117,1,1.0,0.942,0.858,0.858,0.8,0.858,0.942,0.942
118,,0.9,0.842,0.758,0.758,0.7,0.758,0.842,0.842
119,,0.8,0.742,0.658,0.658,0.6,0.658,0.742,0.742
120,,0.7,0.642,0.558,0.558,0.5,0.558,0.642,0.642
121,,0.6,0.542,0.458,0.458,0.4,0.458,0.542,0.542
122,,0.5,0.442,0.358,0.358,0.3,0.358,0.442,0.442
123,,0.4,0.342,0.258,0.258,0.2,0.258,0.342,0.342
124,,0.3,0.242,0.158,0.158,0.1,0.158,0.242,0.242
125,,0.2,0.142,0.058,0.058,0.0,0.058,0.142,0.142
126,,0.1,0.042,-0.042,-0.042,-0.1,-0.042,0.042,0.042
127,5,0.0,-0.029,-0.042,0.029,0.9,0.029,0.042,-0.029
128,5,-0.1,-0.1,-0.042,0.1,1.0,0.1,0.042,-0.1
129,8,-0.029,-0.1,-0.113,0.0,0.929,0.1,0.113,0.9
130,8,0.042,-0.1,-0.184,-0.1,0.858,0.1,0.184,1.0
131,3,0.042,-0.029,0.816,-0.029,0.858,0.029,0.084,0.929
132,3,0.042,0.042,1.0,0.042,0.858,-0.042,-0.016,0.858
133,6,-0.029,-0.058,0.929,0.042,0.929,0.958,0.055,0.858
134,6,-0.1,-0.158,0.858,0.042,1.0,1.0,0.126,0.858
135,2,-0.029,0.842,0.929,0.042,0.929,0.9,0.055,0.858
136,2,0.042,1.0,1.0,0.042,0.858,0.8,-0.016,0.858
137,7,0.042,0.929,0.9,-0.029,0.858,0.871,0.984,0.929
138,7,0.042,0.858,0.8,-0.1,0.858,0.942,1.0,1.0
139,4,-0.029,0.858,0.871,0.9,0.929,0.942,0.929,0.9
140,4,-0.1,0.858,0.942,1.0,1.0,0.942,0.858,0.8
141,1,0.9,0.929,0.942,0.929,0.9,0.871,0.858,0.871
142,1,1.0,1.0,0.942,0.858,0.8,0.8,0.858,0.942
143,,0.9,0.9,0.842,0.758,0.7,0.7,0.758,0.842
144,,0.8,0.8,0.742,0.658,0.6,0.6,0.658,0.742
145,,0.7,0.7,0.642,0.558,0.5,0.5,0.558,0.642
146,,0.6,0.6,0.542,0.458,0.4,0.4,0.458,0.542
147,,0.5,0.5,0.442,0.358,0.3,0.3,0.358,0.442
148,,0.4,0.4,0.342,0.258,0.2,0.2,0.258,0.342
149,,0.3,0.3,0.242,0.158,0.1,0.1,0.158,0.242
150,,0.2,0.2,0.142,0.058,0.0,0.0,0.058,0.142
151,,0.1,0.1,0.042,-0.042,-0.1,-0.1,-0.042,0.042
152,5,0.0,0.029,0.042,0.029,0.9,-0.029,-0.042,-0.029
153,5,-0.1,-0.042,0.042,0.1,1.0,0.042,-0.042,-0.1
154,8,-0.029,-0.042,-0.029,0.0,0.929,0.042,0.029,0.9
155,8,0.042,-0.042,-0.1,-0.1,0.858,0.042,0.1,1.0
156,4,-0.029,-0.042,-0.029,0.9,0.929,0.042,0.029,0.9
157,4,-0.1,-0.042,0.042,1.0,1.0,0.042,-0.042,0.8
158,1,0.9,0.029,0.042,0.929,0.9,-0.029,-0.042,0.871
159,1,1.0,0.1,0.042,0.858,0.8,-0.1,-0.042,0.942
160,6,0.929,0.0,-0.029,0.858,0.871,0.9,0.029,0.942
161,6,0.858,-0.1,-0.1,0.858,0.942,1.0,0.1,0.942
162,3,0.858,-0.029,0.9,0.929,0.942,0.929,0.0,0.871
163,3,0.858,0.042,1.0,1.0,0.942,0.858,-0.1,0.8
164,7,0.858,-0.029,0.9,0.929,0.942,0.929,0.9,0.871
165,7,0.858,-0.1,0.8,0.858,0.942,1.0,1.0,0.942
166,2,0.929,0.9,0.871,0.858,0.871,0.9,0.929,0.942
167,2,1.0,1.0,0.942,0.858,0.8,0.8,0.858,0.942
168,,0.9,0.9,0.842,0.758,0.7,0.7,0.758,0.842
169,,0.8,0.8,0.742,0.658,0.6,0.6,0.658,0.742
170,,0.7,0.7,0.642,0.558,0.5,0.5,0.558,0.642
171,,0.6,0.6,0.542,0.458,0.4,0.4,0.458,0.542
172,,0.5,0.5,0.442,0.358,0.3,0.3,0.358,0.442
173,,0.4,0.4,0.342,0.258,0.2,0.2,0.258,0.342
174,,0.3,0.3,0.242,0.158,0.1,0.1,0.158,0.242
175,,0.2,0.2,0.142,0.058,0.0,0.0,0.058,0.142
176,,0.1,0.1,0.042,-0.042,-0.1,-0.1,-0.042,0.042
177,6,0.029,0.0,-0.029,-0.042,-0.029,0.9,0.029,0.042
178,6,-0.042,-0.1,-0.1,-0.042,0.042,1.0,0.1,0.042
179,2,0.029,0.9,-0.029,-0.042,-0.029,0.9,0.029,0.042
180,2,0.1,1.0,0.042,-0.042,-0.1,0.8,-0.042,0.042
181,5,0.0,0.929,0.042,0.029,0.9,0.871,-0.042,-0.029
182,5,-0.1,0.858,0.042,0.1,1.0,0.942,-0.042,-0.1
183,1,0.9,0.929,0.042,0.029,0.9,0.871,-0.042,-0.029
184,1,1.0,1.0,0.042,-0.042,0.8,0.8,-0.042,0.042
185,4,0.929,1.0,0.113,0.958,0.871,0.8,-0.113,-0.058
186,4,0.858,1.0,0.184,1.0,0.942,0.8,-0.184,-0.158
187,7,0.858,0.929,0.084,0.929,0.942,0.871,0.816,-0.087
188,7,0.858,0.858,-0.016,0.858,0.942,0.942,1.0,-0.016
189,3,0.858,0.929,0.984,0.929,0.942,0.871,0.9,-0.087
190,3,0.858,1.0,1.0,1.0,0.942,0.8,0.8,-0.158
191,8,0.929,1.0,0.929,0.9,0.871,0.8,0.871,0.842
192,8,1.0,1.0,0.858,0.8,0.8,0.8,0.942,1.0
193,,0.9,0.9,0.758,0.7,0.7,0.7,0.842,0.9
194,,0.8,0.8,0.658,0.6,0.6,0.6,0.742,0.8
195,,0.7,0.7,0.558,0.5,0.5,0.5,0.642,0.7
196,,0.6,0.6,0.458,0.4,0.4,0.4,0.542,0.6
197,,0.5,0.5,0.358,0.3,0.3,0.3,0.442,0.5
198,,0.4,0.4,0.258,0.2,0.2,0.2,0.342,0.4
199,,0.3,0.3,0.158,0.1,0.1,0.1,0.242,0.3
200,,0.2,0.2,0.058,0.0,0.0,0.0,0.142,0.2
201,,0.1,0.1,-0.042,-0.1,-0.1,-0.1,0.042,0.1
202,5,0.0,0.029,-0.042,-0.029,0.9,-0.029,0.042,0.029
203,5,-0.1,-0.042,-0.042,0.042,1.0,0.042,0.042,-0.042
204,1,0.9,0.029,-0.042,-0.029,0.9,-0.029,0.042,0.029
205,1,1.0,0.1,-0.042,-0.1,0.8,-0.1,0.042,0.1
206,4,0.929,0.1,0.029,0.9,0.871,-0.1,-0.029,0.0
207,4,0.858,0.1,0.1,1.0,0.942,-0.1,-0.1,-0.1
208,8,0.929,0.1,0.029,0.9,0.871,-0.1,-0.029,0.9
209,8,1.0,0.1,-0.042,0.8,0.8,-0.1,0.042,1.0
210,6,0.929,0.0,-0.113,0.8,0.871,0.9,0.113,1.0
211,6,0.858,-0.1,-0.184,0.8,0.942,1.0,0.184,1.0
212,3,0.858,-0.029,0.816,0.871,0.942,0.929,0.084,0.929
213,3,0.858,0.042,1.0,0.942,0.942,0.858,-0.016,0.858
214,7,0.858,-0.029,0.9,0.871,0.942,0.929,0.984,0.929
215,7,0.858,-0.1,0.8,0.8,0.942,1.0,1.0,1.0
216,2,0.929,0.9,0.871,0.8,0.871,0.9,0.929,1.0
217,2,1.0,1.0,0.942,0.8,0.8,0.8,0.858,1.0
218,,0.9,0.9,0.842,0.7,0.7,0.7,0.758,0.9
219,,0.8,0.8,0.742,0.6,0.6,0.6,0.658,0.8
220,,0.7,0.7,0.642,0.5,0.5,0.5,0.558,0.7
221,,0.6,0.6,0.542,0.4,0.4,0.4,0.458,0.6
222,,0.5,0.5,0.442,0.3,0.3,0.3,0.358,0.5
223,,0.4,0.4,0.342,0.2,0.2,0.2,0.258,0.4
224,,0.3,0.3,0.242,0.1,0.1,0.1,0.158,0.3
225,,0.2,0.2,0.142,0.0,0.0,0.0,0.058,0.2
226,,0.1,0.1,0.042,-0.1,-0.1,-0.1,-0.042,0.1
227,4,0.029,0.1,0.113,0.9,-0.029,-0.1,-0.113,0.0
228,4,-0.042,0.1,0.184,1.0,0.042,-0.1,-0.184,-0.1
229,7,-0.042,0.029,0.084,0.929,0.042,-0.029,0.816,-0.029
230,7,-0.042,-0.042,-0.016,0.858,0.042,0.042,1.0,0.042
231,2,0.029,0.958,0.055,0.858,-0.029,-0.058,0.929,0.042
232,2,0.1,1.0,0.126,0.858,-0.1,-0.158,0.858,0.042
233,6,0.029,0.9,0.055,0.858,-0.029,0.842,0.929,0.042
234,6,-0.042,0.8,-0.016,0.858,0.042,1.0,1.0,0.042
235,1,0.958,0.871,-0.016,0.787,-0.058,0.929,1.0,0.113
236,1,1.0,0.942,-0.016,0.716,-0.158,0.858,1.0,0.184
237,5,0.9,0.871,-0.016,0.787,0.842,0.929,1.0,0.113
238,5,0.8,0.8,-0.016,0.858,1.0,1.0,1.0,0.042
239,3,0.8,0.871,0.984,0.929,1.0,0.929,0.9,-0.029
240,3,0.8,0.942,1.0,1.0,1.0,0.858,0.8,-0.1
241,8,0.871,0.942,0.929,0.9,0.929,0.858,0.871,0.9
242,8,0.942,0.942,0.858,0.8,0.858,0.858,0.942,1.0
243,,0.842,0.842,0.758,0.7,0.758,0.758,0.842,0.9
244,,0.742,0.742,0.658,0.6,0.658,0.658,0.742,0.8
245,,0.642,0.642,0.558,0.5,0.558,0.558,0.642,0.7
246,,0.542,0.542,0.458,0.4,0.458,0.458,0.542,0.6
247,,0.442,0.442,0.358,0.3,0.358,0.358,0.442,0.5
248,,0.342,0.342,0.258,0.2,0.258,0.258,0.342,0.4
249,,0.242,0.242,0.158,0.1,0.158,0.158,0.242,0.3
250,,0.142,0.142,0.058,0.0,0.058,0.058,0.142,0.2
251,,0.042,0.042,-0.042,-0.1,-0.042,-0.042,0.042,0.1
252,4,-0.029,0.042,0.029,0.9,0.029,-0.042,-0.029,0.0
253,4,-0.1,0.042,0.1,1.0,0.1,-0.042,-0.1,-0.1
254,1,0.9,0.113,0.1,0.929,0.0,-0.113,-0.1,-0.029
255,1,1.0,0.184,0.1,0.858,-0.1,-0.184,-0.1,0.042
256,6,0.929,0.084,0.029,0.858,-0.029,0.816,-0.029,0.042
257,6,0.858,-0.016,-0.042,0.858,0.042,1.0,0.042,0.042
258,3,0.858,0.055,0.958,0.929,0.042,0.929,-0.058,-0.029
259,3,0.858,0.126,1.0,1.0,0.042,0.858,-0.158,-0.1
260,7,0.858,0.055,0.9,0.929,0.042,0.929,0.842,-0.029
261,7,0.858,-0.016,0.8,0.858,0.042,1.0,1.0,0.042
262,2,0.929,0.984,0.871,0.858,-0.029,0.9,0.929,0.042
263,2,1.0,1.0,0.942,0.858,-0.1,0.8,0.858,0.042
264,5,0.9,0.929,0.942,0.929,0.9,0.871,0.858,-0.029
265,5,0.8,0.858,0.942,1.0,1.0,0.942,0.858,-0.1
266,8,0.871,0.858,0.871,0.9,0.929,0.942,0.929,0.9
267,8,0.942,0.858,0.8,0.8,0.858,0.942,1.0,1.0
268,,0.842,0.758,0.7,0.7,0.758,0.842,0.9,0.9
269,,0.742,0.658,0.6,0.6,0.658,0.742,0.8,0.8
270,,0.642,0.558,0.5,0.5,0.558,0.642,0.7,0.7
271,,0.542,0.458,0.4,0.4,0.458,0.542,0.6,0.6
272,,0.442,0.358,0.3,0.3,0.358,0.442,0.5,0.5
273,,0.342,0.258,0.2,0.2,0.258,0.342,0.4,0.4
274,,0.242,0.158,0.1,0.1,0.158,0.242,0.3,0.3
275,,0.142,0.058,0.0,0.0,0.058,0.142,0.2,0.2
276,,0.042,-0.042,-0.1,-0.1,-0.042,0.042,0.1,0.1
277,3,0.042,0.029,0.9,-0.029,-0.042,-0.029,0.0,0.029
278,3,0.042,0.1,1.0,0.042,-0.042,-0.1,-0.1,-0.042
279,6,-0.029,0.0,0.929,0.042,0.029,0.9,-0.029,-0.042
280,6,-0.1,-0.1,0.858,0.042,0.1,1.0,0.042,-0.042
281,1,0.9,-0.029,0.858,-0.029,0.0,0.929,0.042,0.029
282,1,1.0,0.042,0.858,-0.1,-0.1,0.858,0.042,0.1
283,4,0.929,0.042,0.929,0.9,-0.029,0.858,-0.029,0.0
284,4,0.858,0.042,1.0,1.0,0.042,0.858,-0.1,-0.1
285,7,0.858,-0.029,0.9,0.929,0.042,0.929,0.9,-0.029
286,7,0.858,-0.1,0.8,0.858,0.042,1.0,1.0,0.042
287,2,0.929,0.9,0.871,0.858,-0.029,0.9,0.929,0.042
288,2,1.0,1.0,0.942,0.858,-0.1,0.8,0.858,0.042
289,5,0.9,0.929,0.942,0.929,0.9,0.871,0.858,-0.029
290,5,0.8,0.858,0.942,1.0,1.0,0.942,0.858,-0.1
291,8,0.871,0.858,0.871,0.9,0.929,0.942,0.929,0.9
292,8,0.942,0.858,0.8,0.8,0.858,0.942,1.0,1.0
293,,0.842,0.758,0.7,0.7,0.758,0.842,0.9,0.9
294,,0.742,0.658,0.6,0.6,0.658,0.742,0.8,0.8
295,,0.642,0.558,0.5,0.5,0.558,0.642,0.7,0.7
296,,0.542,0.458,0.4,0.4,0.458,0.542,0.6,0.6
297,,0.442,0.358,0.3,0.3,0.358,0.442,0.5,0.5
298,,0.342,0.258,0.2,0.2,0.258,0.342,0.4,0.4
299,,0.242,0.158,0.1,0.1,0.158,0.242,0.3,0.3
300,,0.142,0.058,0.0,0.0,0.058,0.142,0.2,0.2
301,,0.042,-0.042,-0.1,-0.1,-0.042,0.042,0.1,0.1
302,3,0.042,0.029,0.9,-0.029,-0.042,-0.029,0.0,0.029
303,3,0.042,0.1,1.0,0.042,-0.042,-0.1,-0.1,-0.042
304,7,0.042,0.029,0.9,-0.029,-0.042,-0.029,0.9,0.029
305,7,0.042,-0.042,0.8,-0.1,-0.042,0.042,1.0,0.1
306,4,-0.029,-0.042,0.871,0.9,0.029,0.042,0.929,0.0
307,4,-0.1,-0.042,0.942,1.0,0.1,0.042,0.858,-0.1
308,8,-0.029,-0.042,0.871,0.9,0.029,0.042,0.929,0.9
309,8,0.042,-0.042,0.8,0.8,-0.042,0.042,1.0,1.0
310,5,-0.058,-0.113,0.8,0.871,0.958,0.113,1.0,0.929
311,5,-0.158,-0.184,0.8,0.942,1.0,0.184,1.0,0.858
312,2,-0.087,0.816,0.871,0.942,0.929,0.084,0.929,0.858
313,2,-0.016,1.0,0.942,0.942,0.858,-0.016,0.858,0.858
314,6,-0.087,0.9,0.871,0.942,0.929,0.984,0.929,0.858
315,6,-0.158,0.8,0.8,0.942,1.0,1.0,1.0,0.858
316,1,0.842,0.871,0.8,0.871,0.9,0.929,1.0,0.929
317,1,1.0,0.942,0.8,0.8,0.8,0.858,1.0,1.0
318,,0.9,0.842,0.7,0.7,0.7,0.758,0.9,0.9
319,,0.8,0.742,0.6,0.6,0.6,0.658,0.8,0.8
320,,0.7,0.642,0.5,0.5,0.5,0.558,0.7,0.7
321,,0.6,0.542,0.4,0.4,0.4,0.458,0.6,0.6
322,,0.5,0.442,0.3,0.3,0.3,0.358,0.5,0.5
323,,0.4,0.342,0.2,0.2,0.2,0.258,0.4,0.4
324,,0.3,0.242,0.1,0.1,0.1,0.158,0.3,0.3
325,,0.2,0.142,0.0,0.0,0.0,0.058,0.2,0.2
326,,0.1,0.042,-0.1,-0.1,-0.1,-0.042,0.1,0.1
327,4,0.029,0.042,-0.029,0.9,-0.029,-0.042,0.029,0.0
328,4,-0.042,0.042,0.042,1.0,0.042,-0.042,-0.042,-0.1
329,8,0.029,0.042,-0.029,0.9,-0.029,-0.042,0.029,0.9
330,8,0.1,0.042,-0.1,0.8,-0.1,-0.042,0.1,1.0
331,3,0.1,0.113,0.9,0.871,-0.1,-0.113,0.0,0.929
332,3,0.1,0.184,1.0,0.942,-0.1,-0.184,-0.1,0.858
333,6,0.029,0.084,0.929,0.942,-0.029,0.816,-0.029,0.858
334,6,-0.042,-0.016,0.858,0.942,0.042,1.0,0.042,0.858
335,1,0.958,0.055,0.858,0.871,-0.058,0.929,0.042,0.929
336,1,1.0,0.126,0.858,0.8,-0.158,0.858,0.042,1.0
337,5,0.9,0.055,0.858,0.871,0.842,0.929,0.042,0.929
338,5,0.8,-0.016,0.858,0.942,1.0,1.0,0.042,0.858
339,2,0.871,0.984,0.929,0.942,0.929,0.9,-0.029,0.858
340,2,0.942,1.0,1.0,0.942,0.858,0.8,-0.1,0.858
341,7,0.942,0.929,0.9,0.871,0.858,0.871,0.9,0.929
342,7,0.942,0.858,0.8,0.8,0.858,0.942,1.0,1.0
343,,0.842,0.758,0.7,0.7,0.758,0.842,0.9,0.9
344,,0.742,0.658,0.6,0.6,0.658,0.742,0.8,0.8
345,,0.642,0.558,0.5,0.5,0.558,0.642,0.7,0.7
346,,0.542,0.458,0.4,0.4,0.458,0.542,0.6,0.6
347,,0.442,0.358,0.3,0.3,0.358,0.442,0.5,0.5
348,,0.342,0.258,0.2,0.2,0.258,0.342,0.4,0.4
349,,0.242,0.158,0.1,0.1,0.158,0.242,0.3,0.3
350,,0.142,0.058,0.0,0.0,0.058,0.142,0.2,0.2
351,,0.042,-0.042,-0.1,-0.1,-0.042,0.042,0.1,0.1
352,3,0.042,0.029,0.9,-0.029,-0.042,-0.029,0.0,0.029
353,3,0.042,0.1,1.0,0.042,-0.042,-0.1,-0.1,-0.042
354,7,0.042,0.029,0.9,-0.029,-0.042,-0.029,0.9,0.029
355,7,0.042,-0.042,0.8,-0.1,-0.042,0.042,1.0,0.1
356,4,-0.029,-0.042,0.871,0.9,0.029,0.042,0.929,0.0
357,4,-0.1,-0.042,0.942,1.0,0.1,0.042,0.858,-0.1
358,1,0.9,0.029,0.942,0.929,0.0,-0.029,0.858,-0.029
359,1,1.0,0.1,0.942,0.858,-0.1,-0.1,0.858,0.042
360,6,0.929,0.0,0.871,0.858,-0.029,0.9,0.929,0.042
361,6,0.858,-0.1,0.8,0.858,0.042,1.0,1.0,0.042
362,2,0.929,0.9,0.871,0.858,-0.029,0.9,0.929,0.042
363,2,1.0,1.0,0.942,0.858,-0.1,0.8,0.858,0.042
364,5,0.9,0.929,0.942,0.929,0.9,0.871,0.858,-0.029
365,5,0.8,0.858,0.942,1.0,1.0,0.942,0.858,-0.1
366,8,0.871,0.858,0.871,0.9,0.929,0.942,0.929,0.9
367,8,0.942,0.858,0.8,0.8,0.858,0.942,1.0,1.0
368,,0.842,0.758,0.7,0.7,0.758,0.842,0.9,0.9
369,,0.742,0.658,0.6,0.6,0.658,0.742,0.8,0.8
370,,0.642,0.558,0.5,0.5,0.558,0.642,0.7,0.7
371,,0.542,0.458,0.4,0.4,0.458,0.542,0.6,0.6
372,,0.442,0.358,0.3,0.3,0.358,0.442,0.5,0.5
373,,0.342,0.258,0.2,0.2,0.258,0.342,0.4,0.4
374,,0.242,0.158,0.1,0.1,0.158,0.242,0.3,0.3
375,,0.142,0.058,0.0,0.0,0.058,0.142,0.2,0.2
376,,0.042,-0.042,-0.1,-0.1,-0.042,0.042,0.1,0.1
377,4,-0.029,-0.042,-0.029,0.9,0.029,0.042,0.029,0.0
378,4,-0.1,-0.042,0.042,1.0,0.1,0.042,-0.042,-0.1
379,1,0.9,0.029,0.042,0.929,0.0,-0.029,-0.042,-0.029
380,1,1.0,0.1,0.042,0.858,-0.1,-0.1,-0.042,0.042
381,5,0.9,0.029,0.042,0.929,0.9,-0.029,-0.042,-0.029
382,5,0.8,-0.042,0.042,1.0,1.0,0.042,-0.042,-0.1
383,8,0.871,-0.042,-0.029,0.9,0.929,0.042,0.029,0.9
384,8,0.942,-0.042,-0.1,0.8,0.858,0.042,0.1,1.0
385,3,0.942,0.029,0.9,0.871,0.858,-0.029,0.0,0.929
386,3,0.942,0.1,1.0,0.942,0.858,-0.1,-0.1,0.858
387,6,0.871,0.0,0.929,0.942,0.929,0.9,-0.029,0.858
388,6,0.8,-0.1,0.858,0.942,1.0,1.0,0.042,0.858
389,2,0.871,0.9,0.929,0.942,0.929,0.9,-0.029,0.858
390,2,0.942,1.0,1.0,0.942,0.858,0.8,-0.1,0.858
391,7,0.942,0.929,0.9,0.871,0.858,0.871,0.9,0.929
392,7,0.942,0.858,0.8,0.8,0.858,0.942,1.0,1.0
393,,0.842,0.758,0.7,0.7,0.758,0.842,0.9,0.9
394,,0.742,0.658,0.6,0.6,0.658,0.742,0.8,0.8
395,,0.642,0.558,0.5,0.5,0.558,0.642,0.7,0.7
396,,0.542,0.458,0.4,0.4,0.458,0.542,0.6,0.6
397,,0.442,0.358,0.3,0.3,0.358,0.442,0.5,0.5
398,,0.342,0.258,0.2,0.2,0.258,0.342,0.4,0.4
399,,0.242,0.158,0.1,0.1,0.158,0.242,0.3,0.3
400,,0.142,0.058,0.0,0.0,0.058,0.142,0.2,0.2
401,,0.042,-0.042,-0.1,-0.1,-0.042,0.042,0.1,0.1
402,4,-0.029,-0.042,-0.029,0.9,0.029,0.042,0.029,0.0
403,4,-0.1,-0.042,0.042,1.0,0.1,0.042,-0.042,-0.1
404,1,0.9,0.029,0.042,0.929,0.0,-0.029,-0.042,-0.029
405,1,1.0,0.1,0.042,0.858,-0.1,-0.1,-0.042,0.042
406,6,0.929,0.0,-0.029,0.858,-0.029,0.9,0.029,0.042
407,6,0.858,-0.1,-0.1,0.858,0.042,1.0,0.1,0.042
408,3,0.858,-0.029,0.9,0.929,0.042,0.929,0.0,-0.029
409,3,0.858,0.042,1.0,1.0,0.042,0.858,-0.1,-0.1
410,8,0.929,0.042,0.929,0.9,-0.029,0.858,-0.029,0.9
411,8,1.0,0.042,0.858,0.8,-0.1,0.858,0.042,1.0
412,5,0.9,-0.029,0.858,0.871,0.9,0.929,0.042,0.929
413,5,0.8,-0.1,0.858,0.942,1.0,1.0,0.042,0.858
414,2,0.871,0.9,0.929,0.942,0.929,0.9,-0.029,0.858
415,2,0.942,1.0,1.0,0.942,0.858,0.8,-0.1,0.858
416,7,0.942,0.929,0.9,0.871,0.858,0.871,0.9,0.929
417,7,0.942,0.858,0.8,0.8,0.858,0.942,1.0,1.0
418,,0.842,0.758,0.7,0.7,0.758,0.842,0.9,0.9
419,,0.742,0.658,0.6,0.6,0.658,0.742,0.8,0.8
420,,0.642,0.558,0.5,0.5,0.558,0.642,0.7,0.7
421,,0.542,0.458,0.4,0.4,0.458,0.542,0.6,0.6
422,,0.442,0.358,0.3,0.3,0.358,0.442,0.5,0.5
423,,0.342,0.258,0.2,0.2,0.258,0.342,0.4,0.4
424,,0.242,0.158,0.1,0.1,0.158,0.242,0.3,0.3
425,,0.142,0.058,0.0,0.0,0.058,0.142,0.2,0.2
426,,0.042,-0.042,-0.1,-0.1,-0.042,0.042,0.1,0.1
427,3,0.042,0.029,0.9,-0.029,-0.042,-0.029,0.0,0.029
428,3,0.042,0.1,1.0,0.042,-0.042,-0.1,-0.1,-0.042
429,6,-0.029,0.0,0.929,0.042,0.029,0.9,-0.029,-0.042
430,6,-0.1,-0.1,0.858,0.042,0.1,1.0,0.042,-0.042
431,2,-0.029,0.9,0.929,0.042,0.029,0.9,-0.029,-0.042
432,2,0.042,1.0,1.0,0.042,-0.042,0.8,-0.1,-0.042
433,7,0.042,0.929,0.9,-0.029,-0.042,0.871,0.9,0.029
434,7,0.042,0.858,0.8,-0.1,-0.042,0.942,1.0,0.1
435,4,-0.029,0.858,0.871,0.9,0.029,0.942,0.929,0.0
436,4,-0.1,0.858,0.942,1.0,0.1,0.942,0.858,-0.1
437,1,0.9,0.929,0.942,0.929,0.0,0.871,0.858,-0.029
438,1,1.0,1.0,0.942,0.858,-0.1,0.8,0.858,0.042
439,5,0.9,0.929,0.942,0.929,0.9,0.871,0.858,-0.029
440,5,0.8,0.858,0.942,1.0,1.0,0.942,0.858,-0.1
441,8,0.871,0.858,0.871,0.9,0.929,0.942,0.929,0.9
442,8,0.942,0.858,0.8,0.8,0.858,0.942,1.0,1.0
443,,0.842,0.758,0.7,0.7,0.758,0.842,0.9,0.9
444,,0.742,0.658,0.6,0.6,0.658,0.742,0.8,0.8
445,,0.642,0.558,0.5,0.5,0.558,0.642,0.7,0.7
446,,0.542,0.458,0.4,0.4,0.458,0.542,0.6,0.6
447,,0.442,0.358,0.3,0.3,0.358,0.442,0.5,0.5
448,,0.342,0.258,0.2,0.2,0.258,0.342,0.4,0.4
449,,0.242,0.158,0.1,0.1,0.158,0.242,0.3,0.3
450,,0.142,0.058,0.0,0.0,0.058,0.142,0.2,0.2
451,,0.042,-0.042,-0.1,-0.1,-0.042,0.042,0.1,0.1
452,3,0.042,0.029,0.9,-0.029,-0.042,-0.029,0.0,0.029
453,3,0.042,0.1,1.0,0.042,-0.042,-0.1,-0.1,-0.042
454,6,-0.029,0.0,0.929,0.042,0.029,0.9,-0.029,-0.042
455,6,-0.1,-0.1,0.858,0.042,0.1,1.0,0.042,-0.042
456,2,-0.029,0.9,0.929,0.042,0.029,0.9,-0.029,-0.042
457,2,0.042,1.0,1.0,0.042,-0.042,0.8,-0.1,-0.042
458,7,0.042,0.929,0.9,-0.029,-0.042,0.871,0.9,0.029
459,7,0.042,0.858,0.8,-0.1,-0.042,0.942,1.0,0.1
460,4,-0.029,0.858,0.871,0.9,0.029,0.942,0.929,0.0
461,4,-0.1,0.858,0.942,1.0,0.1,0.942,0.858,-0.1
462,8,-0.029,0.858,0.871,0.9,0.029,0.942,0.929,0.9
463,8,0.042,0.858,0.8,0.8,-0.042,0.942,1.0,1.0
464,5,-0.058,0.787,0.8,0.871,0.958,1.0,1.0,0.929
465,5,-0.158,0.716,0.8,0.942,1.0,1.0,1.0,0.858
466,1,0.842,0.787,0.8,0.871,0.9,0.929,1.0,0.929
467,1,1.0,0.858,0.8,0.8,0.8,0.858,1.0,1.0
468,,0.9,0.758,0.7,0.7,0.7,0.758,0.9,0.9
469,,0.8,0.658,0.6,0.6,0.6,0.658,0.8,0.8
470,,0.7,0.558,0.5,0.5,0.5,0.558,0.7,0.7
471,,0.6,0.458,0.4,0.4,0.4,0.458,0.6,0.6
472,,0.5,0.358,0.3,0.3,0.3,0.358,0.5,0.5
473,,0.4,0.258,0.2,0.2,0.2,0.258,0.4,0.4
474,,0.3,0.158,0.1,0.1,0.1,0.158,0.3,0.3
475,,0.2,0.058,0.0,0.0,0.0,0.058,0.2,0.2
476,,0.1,-0.042,-0.1,-0.1,-0.1,-0.042,0.1,0.1
477,3,0.1,0.029,0.9,-0.029,-0.1,-0.113,0.0,0.029
478,3,0.1,0.1,1.0,0.042,-0.1,-0.184,-0.1,-0.042
479,6,0.029,0.0,0.929,0.042,-0.029,0.816,-0.029,-0.042
480,6,-0.042,-0.1,0.858,0.042,0.042,1.0,0.042,-0.042
481,2,0.029,0.9,0.929,0.042,-0.029,0.9,-0.029,-0.042
482,2,0.1,1.0,1.0,0.042,-0.1,0.8,-0.1,-0.042
483,7,0.1,0.929,0.9,-0.029,-0.1,0.871,0.9,0.029
484,7,0.1,0.858,0.8,-0.1,-0.1,0.942,1.0,0.1
485,4,0.029,0.858,0.871,0.9,-0.029,0.942,0.929,0.0
486,4,-0.042,0.858,0.942,1.0,0.042,0.942,0.858,-0.1
487,8,0.029,0.858,0.871,0.9,-0.029,0.942,0.929,0.9
488,8,0.1,0.858,0.8,0.8,-0.1,0.942,1.0,1.0
489,5,0.0,0.787,0.8,0.871,0.9,1.0,1.0,0.929
490,5,-0.1,0.716,0.8,0.942,1.0,1.0,1.0,0.858
491,1,0.9,0.787,0.8,0.871,0.9,0.929,1.0,0.929
492,1,1.0,0.858,0.8,0.8,0.8,0.858,1.0,1.0
493,,0.9,0.758,0.7,0.7,0.7,0.758,0.9,0.9
494,,0.8,0.658,0.6,0.6,0.6,0.658,0.8,0.8
495,,0.7,0.558,0.5,0.5,0.5,0.558,0.7,0.7
496,,0.6,0.458,0.4,0.4,0.4,0.458,0.6,0.6
497,,0.5,0.358,0.3,0.3,0.3,0.358,0.5,0.5
498,,0.4,0.258,0.2,0.2,0.2,0.258,0.4,0.4
499,,0.3,0.158,0.1,0.1,0.1,0.158,0.3,0.3
