step,active_motive,motive_1,motive_2,motive_3,motive_4,motive_5,motive_6,motive_7,motive_8
0,,0.04573,0.0842,0.01944,0.04114,0.06995,0.01384,0.01327,0.09695
1,,-0.05427,-0.0158,-0.08056,-0.05886,-0.03005,-0.08616,-0.08673,-0.00305
2,7,-0.05427,-0.0868,-0.18056,-0.12986,-0.03005,-0.01516,0.91327,0.06795
3,7,-0.05427,-0.1578,-0.28056,-0.20086,-0.03005,0.05584,1.0,0.13895
4,3,-0.05427,-0.0868,0.71944,-0.12986,-0.03005,-0.01516,0.9,0.06795
5,3,-0.05427,-0.0158,1.0,-0.05886,-0.03005,-0.08616,0.8,-0.00305
6,6,-0.12527,-0.1158,0.929,-0.05886,0.04095,0.91384,0.871,-0.00305
7,6,-0.19627,-0.2158,0.858,-0.05886,0.11195,1.0,0.942,-0.00305
8,2,-0.12527,0.7842,0.929,-0.05886,0.04095,0.9,0.871,-0.00305
9,2,-0.05427,1.0,1.0,-0.05886,-0.03005,0.8,0.8,-0.00305
10,4,-0.12527,1.0,1.0,0.94114,0.04095,0.8,0.729,-0.10305
11,4,-0.19627,1.0,1.0,1.0,0.11195,0.8,0.658,-0.20305
12,8,-0.12527,1.0,0.929,0.9,0.04095,0.8,0.729,0.79695
13,8,-0.05427,1.0,0.858,0.8,-0.03005,0.8,0.8,1.0
14,1,0.94573,1.0,0.858,0.729,-0.13005,0.729,0.8,1.0
15,1,1.0,1.0,0.858,0.658,-0.23005,0.658,0.8,1.0
16,5,0.9,0.929,0.858,0.729,0.76995,0.729,0.8,0.929
17,5,0.8,0.858,0.858,0.8,1.0,0.8,0.8,0.858
18,,0.7,0.758,0.758,0.7,0.9,0.7,0.7,0.758
19,,0.6,0.658,0.658,0.6,0.8,0.6,0.6,0.658
20,,0.5,0.558,0.558,0.5,0.7,0.5,0.5,0.558
21,,0.4,0.458,0.458,0.4,0.6,0.4,0.4,0.458
22,,0.3,0.358,0.358,0.3,0.5,0.3,0.3,0.358
23,,0.2,0.258,0.258,0.2,0.4,0.2,0.2,0.258
24,,0.1,0.158,0.158,0.1,0.3,0.1,0.1,0.158
25,,0.0,0.058,0.058,0.0,0.2,0.0,0.0,0.058
26,,-0.1,-0.042,-0.042,-0.1,0.1,-0.1,-0.1,-0.042
27,4,-0.171,-0.042,0.029,0.9,0.171,-0.1,-0.171,-0.142
28,4,-0.242,-0.042,0.1,1.0,0.242,-0.1,-0.242,-0.242
29,7,-0.242,-0.113,0.0,0.929,0.242,-0.029,0.758,-0.171
30,7,-0.242,-0.184,-0.1,0.858,0.242,0.042,1.0,-0.1
31,1,0.758,-0.113,-0.1,0.787,0.142,-0.029,1.0,-0.029
32,1,1.0,-0.042,-0.1,0.716,0.042,-0.1,1.0,0.042
33,3,1.0,0.029,0.9,0.787,0.042,-0.171,0.9,-0.029
34,3,1.0,0.1,1.0,0.858,0.042,-0.242,0.8,-0.1
35,6,0.929,0.0,0.929,0.858,0.113,0.758,0.871,-0.1
36,6,0.858,-0.1,0.858,0.858,0.184,1.0,0.942,-0.1
37,2,0.929,0.9,0.929,0.858,0.113,0.9,0.871,-0.1
38,2,1.0,1.0,1.0,0.858,0.042,0.8,0.8,-0.1
39,8,1.0,1.0,0.929,0.758,-0.029,0.8,0.871,0.9
40,8,1.0,1.0,0.858,0.658,-0.1,0.8,0.942,1.0
41,5,0.9,0.929,0.858,0.729,0.9,0.871,0.942,0.929
42,5,0.8,0.858,0.858,0.8,1.0,0.942,0.942,0.858
43,,0.7,0.758,0.758,0.7,0.9,0.842,0.842,0.758
44,,0.6,0.658,0.658,0.6,0.8,0.742,0.742,0.658
45,,0.5,0.558,0.558,0.5,0.7,0.642,0.642,0.558
46,,0.4,0.458,0.458,0.4,0.6,0.542,0.542,0.458
47,,0.3,0.358,0.358,0.3,0.5,0.442,0.442,0.358
48,,0.2,0.258,0.258,0.2,0.4,0.342,0.342,0.258
49,,0.1,0.158,0.158,0.1,0.3,0.242,0.242,0.158
50,,0.0,0.058,0.058,0.0,0.2,0.142,0.142,0.058
51,,-0.1,-0.042,-0.042,-0.1,0.1,0.042,0.042,-0.042
52,4,-0.171,-0.042,0.029,0.9,0.171,0.042,-0.029,-0.142
53,4,-0.242,-0.042,0.1,1.0,0.242,0.042,-0.1,-0.242
54,1,0.758,0.029,0.1,0.929,0.142,-0.029,-0.1,-0.171
55,1,1.0,0.1,0.1,0.858,0.042,-0.1,-0.1,-0.1
56,8,1.0,0.1,0.029,0.758,-0.029,-0.1,-0.029,0.9
57,8,1.0,0.1,-0.042,0.658,-0.1,-0.1,0.042,1.0
58,6,0.929,0.0,-0.113,0.658,-0.029,0.9,0.113,1.0
59,6,0.858,-0.1,-0.184,0.658,0.042,1.0,0.184,1.0
60,3,0.858,-0.029,0.816,0.729,0.042,0.929,0.084,0.929
61,3,0.858,0.042,1.0,0.8,0.042,0.858,-0.016,0.858
62,7,0.858,-0.029,0.9,0.729,0.042,0.929,0.984,0.929
63,7,0.858,-0.1,0.8,0.658,0.042,1.0,1.0,1.0
64,2,0.929,0.9,0.871,0.658,-0.029,0.9,0.929,1.0
65,2,1.0,1.0,0.942,0.658,-0.1,0.8,0.858,1.0
66,5,0.9,0.929,0.942,0.729,0.9,0.871,0.858,0.929
67,5,0.8,0.858,0.942,0.8,1.0,0.942,0.858,0.858
68,,0.7,0.758,0.842,0.7,0.9,0.842,0.758,0.758
69,,0.6,0.658,0.742,0.6,0.8,0.742,0.658,0.658
70,,0.5,0.558,0.642,0.5,0.7,0.642,0.558,0.558
71,,0.4,0.458,0.542,0.4,0.6,0.542,0.458,0.458
72,,0.3,0.358,0.442,0.3,0.5,0.442,0.358,0.358
73,,0.2,0.258,0.342,0.2,0.4,0.342,0.258,0.258
74,,0.1,0.158,0.242,0.1,0.3,0.242,0.158,0.158
75,,0.0,0.058,0.142,0.0,0.2,0.142,0.058,0.058
76,,-0.1,-0.042,0.042,-0.1,0.1,0.042,-0.042,-0.042
77,4,-0.171,-0.042,0.113,0.9,0.171,0.042,-0.113,-0.142
78,4,-0.242,-0.042,0.184,1.0,0.242,0.042,-0.184,-0.242
79,1,0.758,0.029,0.184,0.929,0.142,-0.029,-0.184,-0.171
80,1,1.0,0.1,0.184,0.858,0.042,-0.1,-0.184,-0.1
81,7,1.0,0.029,0.084,0.787,0.042,-0.029,0.816,-0.029
82,7,1.0,-0.042,-0.016,0.716,0.042,0.042,1.0,0.042
83,2,1.0,0.958,0.055,0.716,-0.029,-0.058,0.929,0.042
84,2,1.0,1.0,0.126,0.716,-0.1,-0.158,0.858,0.042
85,6,0.929,0.9,0.055,0.716,-0.029,0.842,0.929,0.042
86,6,0.858,0.8,-0.016,0.716,0.042,1.0,1.0,0.042
87,3,0.858,0.871,0.984,0.787,0.042,0.929,0.9,-0.029
88,3,0.858,0.942,1.0,0.858,0.042,0.858,0.8,-0.1
89,8,0.929,0.942,0.929,0.758,-0.029,0.858,0.871,0.9
90,8,1.0,0.942,0.858,0.658,-0.1,0.858,0.942,1.0
91,5,0.9,0.871,0.858,0.729,0.9,0.929,0.942,0.929
92,5,0.8,0.8,0.858,0.8,1.0,1.0,0.942,0.858
93,,0.7,0.7,0.758,0.7,0.9,0.9,0.842,0.758
94,,0.6,0.6,0.658,0.6,0.8,0.8,0.742,0.658
95,,0.5,0.5,0.558,0.5,0.7,0.7,0.642,0.558
96,,0.4,0.4,0.458,0.4,0.6,0.6,0.542,0.458
97,,0.3,0.3,0.358,0.3,0.5,0.5,0.442,0.358
98,,0.2,0.2,0.258,0.2,0.4,0.4,0.342,0.258
99,,0.1,0.1,0.158,0.1,0.3,0.3,0.242,0.158
100,,0.0,0.0,0.058,0.0,0.2,0.2,0.142,0.058
101,,-0.1,-0.1,-0.042,-0.1,0.1,0.1,0.042,-0.042
102,2,-0.029,0.9,0.029,-0.1,0.029,0.0,-0.029,-0.042
103,2,0.042,1.0,0.1,-0.1,-0.042,-0.1,-0.1,-0.042
104,4,-0.029,1.0,0.171,0.9,0.029,-0.1,-0.171,-0.142
105,4,-0.1,1.0,0.242,1.0,0.1,-0.1,-0.242,-0.242
106,8,-0.029,1.0,0.171,0.9,0.029,-0.1,-0.171,0.758
107,8,0.042,1.0,0.1,0.8,-0.042,-0.1,-0.1,1.0
108,6,-0.029,0.9,0.029,0.8,0.029,0.9,-0.029,1.0
109,6,-0.1,0.8,-0.042,0.8,0.1,1.0,0.042,1.0
110,1,0.9,0.871,-0.042,0.729,0.0,0.929,0.042,1.0
111,1,1.0,0.942,-0.042,0.658,-0.1,0.858,0.042,1.0
112,5,0.9,0.871,-0.042,0.729,0.9,0.929,0.042,0.929
113,5,0.8,0.8,-0.042,0.8,1.0,1.0,0.042,0.858
114,3,0.8,0.871,0.958,0.871,1.0,0.929,-0.058,0.787
115,3,0.8,0.942,1.0,0.942,1.0,0.858,-0.158,0.716
116,7,0.8,0.871,0.9,0.871,1.0,0.929,0.842,0.787
117,7,0.8,0.8,0.8,0.8,1.0,1.0,1.0,0.858
118,,0.7,0.7,0.7,0.7,0.9,0.9,0.9,0.758
119,,0.6,0.6,0.6,0.6,0.8,0.8,0.8,0.658
120,,0.5,0.5,0.5,0.5,0.7,0.7,0.7,0.558
121,,0.4,0.4,0.4,0.4,0.6,0.6,0.6,0.458
122,,0.3,0.3,0.3,0.3,0.5,0.5,0.5,0.358
123,,0.2,0.2,0.2,0.2,0.4,0.4,0.4,0.258
124,,0.1,0.1,0.1,0.1,0.3,0.3,0.3,0.158
125,,0.0,0.0,0.0,0.0,0.2,0.2,0.2,0.058
126,,-0.1,-0.1,-0.1,-0.1,0.1,0.1,0.1,-0.042
127,2,-0.029,0.9,-0.029,-0.1,0.029,0.0,0.029,-0.042
128,2,0.042,1.0,0.042,-0.1,-0.042,-0.1,-0.042,-0.042
129,4,-0.029,1.0,0.113,0.9,0.029,-0.1,-0.113,-0.142
130,4,-0.1,1.0,0.184,1.0,0.1,-0.1,-0.184,-0.242
131,8,-0.029,1.0,0.113,0.9,0.029,-0.1,-0.113,0.758
132,8,0.042,1.0,0.042,0.8,-0.042,-0.1,-0.042,1.0
133,6,-0.029,0.9,-0.029,0.8,0.029,0.9,0.029,1.0
134,6,-0.1,0.8,-0.1,0.8,0.1,1.0,0.1,1.0
135,1,0.9,0.871,-0.1,0.729,0.0,0.929,0.1,1.0
136,1,1.0,0.942,-0.1,0.658,-0.1,0.858,0.1,1.0
137,3,1.0,1.0,0.9,0.729,-0.1,0.787,0.0,0.929
138,3,1.0,1.0,1.0,0.8,-0.1,0.716,-0.1,0.858
139,7,1.0,0.929,0.9,0.729,-0.1,0.787,0.9,0.929
140,7,1.0,0.858,0.8,0.658,-0.1,0.858,1.0,1.0
141,5,0.9,0.787,0.8,0.729,0.9,0.929,1.0,0.929
142,5,0.8,0.716,0.8,0.8,1.0,1.0,1.0,0.858
143,,0.7,0.616,0.7,0.7,0.9,0.9,0.9,0.758
144,,0.6,0.516,0.6,0.6,0.8,0.8,0.8,0.658
145,,0.5,0.416,0.5,0.5,0.7,0.7,0.7,0.558
146,,0.4,0.316,0.4,0.4,0.6,0.6,0.6,0.458
147,,0.3,0.216,0.3,0.3,0.5,0.5,0.5,0.358
148,,0.2,0.116,0.2,0.2,0.4,0.4,0.4,0.258
149,,0.1,0.016,0.1,0.1,0.3,0.3,0.3,0.158
150,,0.0,-0.084,0.0,0.0,0.2,0.2,0.2,0.058
151,2,0.071,0.916,0.071,0.0,0.129,0.1,0.129,0.058
152,2,0.142,1.0,0.142,0.0,0.058,0.0,0.058,0.058
153,,0.042,0.9,0.042,-0.1,-0.042,-0.1,-0.042,-0.042
154,4,-0.029,0.9,0.113,0.9,0.029,-0.1,-0.113,-0.142
155,4,-0.1,0.9,0.184,1.0,0.1,-0.1,-0.184,-0.242
156,8,-0.029,0.9,0.113,0.9,0.029,-0.1,-0.113,0.758
157,8,0.042,0.9,0.042,0.8,-0.042,-0.1,-0.042,1.0
158,6,-0.029,0.8,-0.029,0.8,0.029,0.9,0.029,1.0
159,6,-0.1,0.7,-0.1,0.8,0.1,1.0,0.1,1.0
160,1,0.9,0.771,-0.1,0.729,0.0,0.929,0.1,1.0
161,1,1.0,0.842,-0.1,0.658,-0.1,0.858,0.1,1.0
162,5,0.9,0.771,-0.1,0.729,0.9,0.929,0.1,0.929
163,5,0.8,0.7,-0.1,0.8,1.0,1.0,0.1,0.858
164,3,0.8,0.771,0.9,0.871,1.0,0.929,0.0,0.787
165,3,0.8,0.842,1.0,0.942,1.0,0.858,-0.1,0.716
166,7,0.8,0.771,0.9,0.871,1.0,0.929,0.9,0.787
167,7,0.8,0.7,0.8,0.8,1.0,1.0,1.0,0.858
168,,0.7,0.6,0.7,0.7,0.9,0.9,0.9,0.758
169,,0.6,0.5,0.6,0.6,0.8,0.8,0.8,0.658
170,,0.5,0.4,0.5,0.5,0.7,0.7,0.7,0.558
171,,0.4,0.3,0.4,0.4,0.6,0.6,0.6,0.458
172,,0.3,0.2,0.3,0.3,0.5,0.5,0.5,0.358
173,,0.2,0.1,0.2,0.2,0.4,0.4,0.4,0.258
174,,0.1,0.0,0.1,0.1,0.3,0.3,0.3,0.158
175,,0.0,-0.1,0.0,0.0,0.2,0.2,0.2,0.058
176,2,0.071,0.9,0.071,0.0,0.129,0.1,0.129,0.058
177,2,0.142,1.0,0.142,0.0,0.058,0.0,0.058,0.058
178,,0.042,0.9,0.042,-0.1,-0.042,-0.1,-0.042,-0.042
179,6,-0.029,0.8,-0.029,-0.1,0.029,0.9,0.029,-0.042
180,6,-0.1,0.7,-0.1,-0.1,0.1,1.0,0.1,-0.042
181,1,0.9,0.771,-0.1,-0.171,0.0,0.929,0.1,0.029
182,1,1.0,0.842,-0.1,-0.242,-0.1,0.858,0.1,0.1
183,4,0.929,0.842,-0.029,0.758,-0.029,0.858,0.029,0.0
184,4,0.858,0.842,0.042,1.0,0.042,0.858,-0.042,-0.1
185,8,0.929,0.842,-0.029,0.9,-0.029,0.858,0.029,0.9
186,8,1.0,0.842,-0.1,0.8,-0.1,0.858,0.1,1.0
187,3,1.0,0.913,0.9,0.871,-0.1,0.787,0.0,0.929
188,3,1.0,0.984,1.0,0.942,-0.1,0.716,-0.1,0.858
189,7,1.0,0.913,0.9,0.871,-0.1,0.787,0.9,0.929
190,7,1.0,0.842,0.8,0.8,-0.1,0.858,1.0,1.0
191,5,0.9,0.771,0.8,0.871,0.9,0.929,1.0,0.929
192,5,0.8,0.7,0.8,0.942,1.0,1.0,1.0,0.858
193,,0.7,0.6,0.7,0.842,0.9,0.9,0.9,0.758
194,,0.6,0.5,0.6,0.742,0.8,0.8,0.8,0.658
195,,0.5,0.4,0.5,0.642,0.7,0.7,0.7,0.558
196,,0.4,0.3,0.4,0.542,0.6,0.6,0.6,0.458
197,,0.3,0.2,0.3,0.442,0.5,0.5,0.5,0.358
198,,0.2,0.1,0.2,0.342,0.4,0.4,0.4,0.258
199,,0.1,0.0,0.1,0.242,0.3,0.3,0.3,0.158
200,,0.0,-0.1,0.0,0.142,0.2,0.2,0.2,0.058
201,2,0.071,0.9,0.071,0.142,0.129,0.1,0.129,0.058
202,2,0.142,1.0,0.142,0.142,0.058,0.0,0.058,0.058
203,,0.042,0.9,0.042,0.042,-0.042,-0.1,-0.042,-0.042
204,6,-0.029,0.8,-0.029,0.042,0.029,0.9,0.029,-0.042
205,6,-0.1,0.7,-0.1,0.042,0.1,1.0,0.1,-0.042
206,3,-0.1,0.771,0.9,0.113,0.1,0.929,0.0,-0.113
207,3,-0.1,0.842,1.0,0.184,0.1,0.858,-0.1,-0.184
208,8,-0.029,0.842,0.929,0.084,0.029,0.858,-0.029,0.816
209,8,0.042,0.842,0.858,-0.016,-0.042,0.858,0.042,1.0
210,5,-0.058,0.771,0.858,0.055,0.958,0.929,0.042,0.929
211,5,-0.158,0.7,0.858,0.126,1.0,1.0,0.042,0.858
212,1,0.842,0.771,0.858,0.055,0.9,0.929,0.042,0.929
213,1,1.0,0.842,0.858,-0.016,0.8,0.858,0.042,1.0
214,4,0.929,0.842,0.929,0.984,0.871,0.858,-0.029,0.9
215,4,0.858,0.842,1.0,1.0,0.942,0.858,-0.1,0.8
216,7,0.858,0.771,0.9,0.929,0.942,0.929,0.9,0.871
217,7,0.858,0.7,0.8,0.858,0.942,1.0,1.0,0.942
218,,0.758,0.6,0.7,0.758,0.842,0.9,0.9,0.842
219,,0.658,0.5,0.6,0.658,0.742,0.8,0.8,0.742
220,,0.558,0.4,0.5,0.558,0.642,0.7,0.7,0.642
221,,0.458,0.3,0.4,0.458,0.542,0.6,0.6,0.542
222,,0.358,0.2,0.3,0.358,0.442,0.5,0.5,0.442
223,,0.258,0.1,0.2,0.258,0.342,0.4,0.4,0.342
224,,0.158,0.0,0.1,0.158,0.242,0.3,0.3,0.242
225,,0.058,-0.1,0.0,0.058,0.142,0.2,0.2,0.142
226,2,0.129,0.9,0.071,0.058,0.071,0.1,0.129,0.142
227,2,0.2,1.0,0.142,0.058,-0.0,0.0,0.058,0.142
228,,0.1,0.9,0.042,-0.042,-0.1,-0.1,-0.042,0.042
229,6,0.029,0.8,-0.029,-0.042,-0.029,0.9,0.029,0.042
230,6,-0.042,0.7,-0.1,-0.042,0.042,1.0,0.1,0.042
231,3,-0.042,0.771,0.9,0.029,0.042,0.929,0.0,-0.029
232,3,-0.042,0.842,1.0,0.1,0.042,0.858,-0.1,-0.1
233,8,0.029,0.842,0.929,0.0,-0.029,0.858,-0.029,0.9
234,8,0.1,0.842,0.858,-0.1,-0.1,0.858,0.042,1.0
235,5,0.0,0.771,0.858,-0.029,0.9,0.929,0.042,0.929
236,5,-0.1,0.7,0.858,0.042,1.0,1.0,0.042,0.858
237,1,0.9,0.771,0.858,-0.029,0.9,0.929,0.042,0.929
238,1,1.0,0.842,0.858,-0.1,0.8,0.858,0.042,1.0
239,4,0.929,0.842,0.929,0.9,0.871,0.858,-0.029,0.9
240,4,0.858,0.842,1.0,1.0,0.942,0.858,-0.1,0.8
241,7,0.858,0.771,0.9,0.929,0.942,0.929,0.9,0.871
242,7,0.858,0.7,0.8,0.858,0.942,1.0,1.0,0.942
243,,0.758,0.6,0.7,0.758,0.842,0.9,0.9,0.842
244,,0.658,0.5,0.6,0.658,0.742,0.8,0.8,0.742
245,,0.558,0.4,0.5,0.558,0.642,0.7,0.7,0.642
246,,0.458,0.3,0.4,0.458,0.542,0.6,0.6,0.542
247,,0.358,0.2,0.3,0.358,0.442,0.5,0.5,0.442
248,,0.258,0.1,0.2,0.258,0.342,0.4,0.4,0.342
249,,0.158,0.0,0.1,0.158,0.242,0.3,0.3,0.242
250,,0.058,-0.1,0.0,0.058,0.142,0.2,0.2,0.142
251,2,0.129,0.9,0.071,0.058,0.071,0.1,0.129,0.142
252,2,0.2,1.0,0.142,0.058,-0.0,0.0,0.058,0.142
253,,0.1,0.9,0.042,-0.042,-0.1,-0.1,-0.042,0.042
254,5,0.0,0.829,0.042,0.029,0.9,-0.029,-0.042,-0.029
255,5,-0.1,0.758,0.042,0.1,1.0,0.042,-0.042,-0.1
256,8,-0.029,0.758,-0.029,0.0,0.929,0.042,0.029,0.9
257,8,0.042,0.758,-0.1,-0.1,0.858,0.042,0.1,1.0
258,3,0.042,0.829,0.9,-0.029,0.858,-0.029,0.0,0.929
259,3,0.042,0.9,1.0,0.042,0.858,-0.1,-0.1,0.858
260,6,-0.029,0.8,0.929,0.042,0.929,0.9,-0.029,0.858
261,6,-0.1,0.7,0.858,0.042,1.0,1.0,0.042,0.858
262,1,0.9,0.771,0.858,-0.029,0.9,0.929,0.042,0.929
263,1,1.0,0.842,0.858,-0.1,0.8,0.858,0.042,1.0
264,4,0.929,0.842,0.929,0.9,0.871,0.858,-0.029,0.9
265,4,0.858,0.842,1.0,1.0,0.942,0.858,-0.1,0.8
266,7,0.858,0.771,0.9,0.929,0.942,0.929,0.9,0.871
267,7,0.858,0.7,0.8,0.858,0.942,1.0,1.0,0.942
268,,0.758,0.6,0.7,0.758,0.842,0.9,0.9,0.842
269,,0.658,0.5,0.6,0.658,0.742,0.8,0.8,0.742
270,,0.558,0.4,0.5,0.558,0.642,0.7,0.7,0.642
271,,0.458,0.3,0.4,0.458,0.542,0.6,0.6,0.542
272,,0.358,0.2,0.3,0.358,0.442,0.5,0.5,0.442
273,,0.258,0.1,0.2,0.258,0.342,0.4,0.4,0.342
274,,0.158,0.0,0.1,0.158,0.242,0.3,0.3,0.242
275,,0.058,-0.1,0.0,0.058,0.142,0.2,0.2,0.142
276,2,0.129,0.9,0.071,0.058,0.071,0.1,0.129,0.142
277,2,0.2,1.0,0.142,0.058,-0.0,0.0,0.058,0.142
278,,0.1,0.9,0.042,-0.042,-0.1,-0.1,-0.042,0.042
279,5,0.0,0.829,0.042,0.029,0.9,-0.029,-0.042,-0.029
280,5,-0.1,0.758,0.042,0.1,1.0,0.042,-0.042,-0.1
281,8,-0.029,0.758,-0.029,0.0,0.929,0.042,0.029,0.9
282,8,0.042,0.758,-0.1,-0.1,0.858,0.042,0.1,1.0
283,3,0.042,0.829,0.9,-0.029,0.858,-0.029,0.0,0.929
284,3,0.042,0.9,1.0,0.042,0.858,-0.1,-0.1,0.858
285,6,-0.029,0.8,0.929,0.042,0.929,0.9,-0.029,0.858
286,6,-0.1,0.7,0.858,0.042,1.0,1.0,0.042,0.858
287,1,0.9,0.771,0.858,-0.029,0.9,0.929,0.042,0.929
288,1,1.0,0.842,0.858,-0.1,0.8,0.858,0.042,1.0
289,4,0.929,0.842,0.929,0.9,0.871,0.858,-0.029,0.9
290,4,0.858,0.842,1.0,1.0,0.942,0.858,-0.1,0.8
291,7,0.858,0.771,0.9,0.929,0.942,0.929,0.9,0.871
292,7,0.858,0.7,0.8,0.858,0.942,1.0,1.0,0.942
293,,0.758,0.6,0.7,0.758,0.842,0.9,0.9,0.842
294,,0.658,0.5,0.6,0.658,0.742,0.8,0.8,0.742
295,,0.558,0.4,0.5,0.558,0.642,0.7,0.7,0.642
296,,0.458,0.3,0.4,0.458,0.542,0.6,0.6,0.542
297,,0.358,0.2,0.3,0.358,0.442,0.5,0.5,0.442
298,,0.258,0.1,0.2,0.258,0.342,0.4,0.4,0.342
299,,0.158,0.0,0.1,0.158,0.242,0.3,0.3,0.242
300,,0.058,-0.1,0.0,0.058,0.142,0.2,0.2,0.142
301,2,0.129,0.9,0.071,0.058,0.071,0.1,0.129,0.142
302,2,0.2,1.0,0.142,0.058,-0.0,0.0,0.058,0.142
303,,0.1,0.9,0.042,-0.042,-0.1,-0.1,-0.042,0.042
304,6,0.029,0.8,-0.029,-0.042,-0.029,0.9,0.029,0.042
305,6,-0.042,0.7,-0.1,-0.042,0.042,1.0,0.1,0.042
306,3,-0.042,0.771,0.9,0.029,0.042,0.929,0.0,-0.029
307,3,-0.042,0.842,1.0,0.1,0.042,0.858,-0.1,-0.1
308,7,-0.042,0.771,0.9,0.029,0.042,0.929,0.9,-0.029
309,7,-0.042,0.7,0.8,-0.042,0.042,1.0,1.0,0.042
310,1,0.958,0.771,0.8,-0.113,-0.058,0.929,1.0,0.113
311,1,1.0,0.842,0.8,-0.184,-0.158,0.858,1.0,0.184
312,4,0.929,0.842,0.871,0.816,-0.087,0.858,0.929,0.084
313,4,0.858,0.842,0.942,1.0,-0.016,0.858,0.858,-0.016
314,8,0.929,0.842,0.871,0.9,-0.087,0.858,0.929,0.984
315,8,1.0,0.842,0.8,0.8,-0.158,0.858,1.0,1.0
316,5,0.9,0.771,0.8,0.871,0.842,0.929,1.0,0.929
317,5,0.8,0.7,0.8,0.942,1.0,1.0,1.0,0.858
318,,0.7,0.6,0.7,0.842,0.9,0.9,0.9,0.758
319,,0.6,0.5,0.6,0.742,0.8,0.8,0.8,0.658
320,,0.5,0.4,0.5,0.642,0.7,0.7,0.7,0.558
321,,0.4,0.3,0.4,0.542,0.6,0.6,0.6,0.458
322,,0.3,0.2,0.3,0.442,0.5,0.5,0.5,0.358
323,,0.2,0.1,0.2,0.342,0.4,0.4,0.4,0.258
324,,0.1,0.0,0.1,0.242,0.3,0.3,0.3,0.158
325,,0.0,-0.1,0.0,0.142,0.2,0.2,0.2,0.058
326,2,0.071,0.9,0.071,0.142,0.129,0.1,0.129,0.058
327,2,0.142,1.0,0.142,0.142,0.058,0.0,0.058,0.058
328,,0.042,0.9,0.042,0.042,-0.042,-0.1,-0.042,-0.042
329,6,-0.029,0.8,-0.029,0.042,0.029,0.9,0.029,-0.042
330,6,-0.1,0.7,-0.1,0.042,0.1,1.0,0.1,-0.042
331,1,0.9,0.771,-0.1,-0.029,0.0,0.929,0.1,0.029
332,1,1.0,0.842,-0.1,-0.1,-0.1,0.858,0.1,0.1
333,5,0.9,0.771,-0.1,-0.029,0.9,0.929,0.1,0.029
334,5,0.8,0.7,-0.1,0.042,1.0,1.0,0.1,-0.042
335,3,0.8,0.771,0.9,0.113,1.0,0.929,0.0,-0.113
336,3,0.8,0.842,1.0,0.184,1.0,0.858,-0.1,-0.184
337,8,0.871,0.842,0.929,0.084,0.929,0.858,-0.029,0.816
338,8,0.942,0.842,0.858,-0.016,0.858,0.858,0.042,1.0
339,4,0.871,0.842,0.929,0.984,0.929,0.858,-0.029,0.9
340,4,0.8,0.842,1.0,1.0,1.0,0.858,-0.1,0.8
341,7,0.8,0.771,0.9,0.929,1.0,0.929,0.9,0.871
342,7,0.8,0.7,0.8,0.858,1.0,1.0,1.0,0.942
343,,0.7,0.6,0.7,0.758,0.9,0.9,0.9,0.842
344,,0.6,0.5,0.6,0.658,0.8,0.8,0.8,0.742
345,,0.5,0.4,0.5,0.558,0.7,0.7,0.7,0.642
346,,0.4,0.3,0.4,0.458,0.6,0.6,0.6,0.542
347,,0.3,0.2,0.3,0.358,0.5,0.5,0.5,0.442
348,,0.2,0.1,0.2,0.258,0.4,0.4,0.4,0.342
349,,0.1,0.0,0.1,0.158,0.3,0.3,0.3,0.242
350,,0.0,-0.1,0.0,0.058,0.2,0.2,0.2,0.142
351,2,0.071,0.9,0.071,0.058,0.129,0.1,0.129,0.142
352,2,0.142,1.0,0.142,0.058,0.058,0.0,0.058,0.142
353,,0.042,0.9,0.042,-0.042,-0.042,-0.1,-0.042,0.042
354,6,-0.029,0.8,-0.029,-0.042,0.029,0.9,0.029,0.042
355,6,-0.1,0.7,-0.1,-0.042,0.1,1.0,0.1,0.042
356,1,0.9,0.771,-0.1,-0.113,0.0,0.929,0.1,0.113
357,1,1.0,0.842,-0.1,-0.184,-0.1,0.858,0.1,0.184
358,4,0.929,0.842,-0.029,0.816,-0.029,0.858,0.029,0.084
359,4,0.858,0.842,0.042,1.0,0.042,0.858,-0.042,-0.016
360,7,0.858,0.771,-0.058,0.929,0.042,0.929,0.958,0.055
361,7,0.858,0.7,-0.158,0.858,0.042,1.0,1.0,0.126
362,3,0.858,0.771,0.842,0.929,0.042,0.929,0.9,0.055
363,3,0.858,0.842,1.0,1.0,0.042,0.858,0.8,-0.016
364,8,0.929,0.842,0.929,0.9,-0.029,0.858,0.871,0.984
365,8,1.0,0.842,0.858,0.8,-0.1,0.858,0.942,1.0
366,5,0.9,0.771,0.858,0.871,0.9,0.929,0.942,0.929
367,5,0.8,0.7,0.858,0.942,1.0,1.0,0.942,0.858
368,,0.7,0.6,0.758,0.842,0.9,0.9,0.842,0.758
369,,0.6,0.5,0.658,0.742,0.8,0.8,0.742,0.658
370,,0.5,0.4,0.558,0.642,0.7,0.7,0.642,0.558
371,,0.4,0.3,0.458,0.542,0.6,0.6,0.542,0.458
372,,0.3,0.2,0.358,0.442,0.5,0.5,0.442,0.358
373,,0.2,0.1,0.258,0.342,0.4,0.4,0.342,0.258
374,,0.1,0.0,0.158,0.242,0.3,0.3,0.242,0.158
375,,0.0,-0.1,0.058,0.142,0.2,0.2,0.142,0.058
376,2,0.071,0.9,0.129,0.142,0.129,0.1,0.071,0.058
377,2,0.142,1.0,0.2,0.142,0.058,0.0,-0.0,0.058
378,,0.042,0.9,0.1,0.042,-0.042,-0.1,-0.1,-0.042
379,7,0.042,0.829,0.0,-0.029,-0.042,-0.029,0.9,0.029
380,7,0.042,0.758,-0.1,-0.1,-0.042,0.042,1.0,0.1
381,4,-0.029,0.758,-0.029,0.9,0.029,0.042,0.929,0.0
382,4,-0.1,0.758,0.042,1.0,0.1,0.042,0.858,-0.1
383,8,-0.029,0.758,-0.029,0.9,0.029,0.042,0.929,0.9
384,8,0.042,0.758,-0.1,0.8,-0.042,0.042,1.0,1.0
385,3,0.042,0.829,0.9,0.871,-0.042,-0.029,0.9,0.929
386,3,0.042,0.9,1.0,0.942,-0.042,-0.1,0.8,0.858
387,6,-0.029,0.8,0.929,0.942,0.029,0.9,0.871,0.858
388,6,-0.1,0.7,0.858,0.942,0.1,1.0,0.942,0.858
389,1,0.9,0.771,0.858,0.871,0.0,0.929,0.942,0.929
390,1,1.0,0.842,0.858,0.8,-0.1,0.858,0.942,1.0
391,5,0.9,0.771,0.858,0.871,0.9,0.929,0.942,0.929
392,5,0.8,0.7,0.858,0.942,1.0,1.0,0.942,0.858
393,,0.7,0.6,0.758,0.842,0.9,0.9,0.842,0.758
394,,0.6,0.5,0.658,0.742,0.8,0.8,0.742,0.658
395,,0.5,0.4,0.558,0.642,0.7,0.7,0.642,0.558
396,,0.4,0.3,0.458,0.542,0.6,0.6,0.542,0.458
397,,0.3,0.2,0.358,0.442,0.5,0.5,0.442,0.358
398,,0.2,0.1,0.258,0.342,0.4,0.4,0.342,0.258
399,,0.1,0.0,0.158,0.242,0.3,0.3,0.242,0.158
400,,0.0,-0.1,0.058,0.142,0.2,0.2,0.142,0.058
401,2,0.071,0.9,0.129,0.142,0.129,0.1,0.071,0.058
402,2,0.142,1.0,0.2,0.142,0.058,0.0,-0.0,0.058
403,,0.042,0.9,0.1,0.042,-0.042,-0.1,-0.1,-0.042
404,6,-0.029,0.8,0.029,0.042,0.029,0.9,-0.029,-0.042
405,6,-0.1,0.7,-0.042,0.042,0.1,1.0,0.042,-0.042
406,1,0.9,0.771,-0.042,-0.029,0.0,0.929,0.042,0.029
407,1,1.0,0.842,-0.042,-0.1,-0.1,0.858,0.042,0.1
408,4,0.929,0.842,0.029,0.9,-0.029,0.858,-0.029,0.0
409,4,0.858,0.842,0.1,1.0,0.042,0.858,-0.1,-0.1
410,8,0.929,0.842,0.029,0.9,-0.029,0.858,-0.029,0.9
411,8,1.0,0.842,-0.042,0.8,-0.1,0.858,0.042,1.0
412,5,0.9,0.771,-0.042,0.871,0.9,0.929,0.042,0.929
413,5,0.8,0.7,-0.042,0.942,1.0,1.0,0.042,0.858
414,3,0.8,0.771,0.958,1.0,1.0,0.929,-0.058,0.787
415,3,0.8,0.842,1.0,1.0,1.0,0.858,-0.158,0.716
416,7,0.8,0.771,0.9,0.929,1.0,0.929,0.842,0.787
417,7,0.8,0.7,0.8,0.858,1.0,1.0,1.0,0.858
418,,0.7,0.6,0.7,0.758,0.9,0.9,0.9,0.758
419,,0.6,0.5,0.6,0.658,0.8,0.8,0.8,0.658
420,,0.5,0.4,0.5,0.558,0.7,0.7,0.7,0.558
421,,0.4,0.3,0.4,0.458,0.6,0.6,0.6,0.458
422,,0.3,0.2,0.3,0.358,0.5,0.5,0.5,0.358
423,,0.2,0.1,0.2,0.258,0.4,0.4,0.4,0.258
424,,0.1,0.0,0.1,0.158,0.3,0.3,0.3,0.158
425,,0.0,-0.1,0.0,0.058,0.2,0.2,0.2,0.058
426,2,0.071,0.9,0.071,0.058,0.129,0.1,0.129,0.058
427,2,0.142,1.0,0.142,0.058,0.058,0.0,0.058,0.058
428,,0.042,0.9,0.042,-0.042,-0.042,-0.1,-0.042,-0.042
429,6,-0.029,0.8,-0.029,-0.042,0.029,0.9,0.029,-0.042
430,6,-0.1,0.7,-0.1,-0.042,0.1,1.0,0.1,-0.042
431,1,0.9,0.771,-0.1,-0.113,0.0,0.929,0.1,0.029
432,1,1.0,0.842,-0.1,-0.184,-0.1,0.858,0.1,0.1
433,4,0.929,0.842,-0.029,0.816,-0.029,0.858,0.029,0.0
434,4,0.858,0.842,0.042,1.0,0.042,0.858,-0.042,-0.1
435,8,0.929,0.842,-0.029,0.9,-0.029,0.858,0.029,0.9
436,8,1.0,0.842,-0.1,0.8,-0.1,0.858,0.1,1.0
437,3,1.0,0.913,0.9,0.871,-0.1,0.787,0.0,0.929
438,3,1.0,0.984,1.0,0.942,-0.1,0.716,-0.1,0.858
439,7,1.0,0.913,0.9,0.871,-0.1,0.787,0.9,0.929
440,7,1.0,0.842,0.8,0.8,-0.1,0.858,1.0,1.0
441,5,0.9,0.771,0.8,0.871,0.9,0.929,1.0,0.929
442,5,0.8,0.7,0.8,0.942,1.0,1.0,1.0,0.858
443,,0.7,0.6,0.7,0.842,0.9,0.9,0.9,0.758
444,,0.6,0.5,0.6,0.742,0.8,0.8,0.8,0.658
445,,0.5,0.4,0.5,0.642,0.7,0.7,0.7,0.558
446,,0.4,0.3,0.4,0.542,0.6,0.6,0.6,0.458
447,,0.3,0.2,0.3,0.442,0.5,0.5,0.5,0.358
448,,0.2,0.1,0.2,0.342,0.4,0.4,0.4,0.258
449,,0.1,0.0,0.1,0.242,0.3,0.3,0.3,0.158
450,,0.0,-0.1,0.0,0.142,0.2,0.2,0.2,0.058
451,2,0.071,0.9,0.071,0.142,0.129,0.1,0.129,0.058
452,2,0.142,1.0,0.142,0.142,0.058,0.0,0.058,0.058
453,,0.042,0.9,0.042,0.042,-0.042,-0.1,-0.042,-0.042
454,6,-0.029,0.8,-0.029,0.042,0.029,0.9,0.029,-0.042
455,6,-0.1,0.7,-0.1,0.042,0.1,1.0,0.1,-0.042
456,3,-0.1,0.771,0.9,0.113,0.1,0.929,0.0,-0.113
457,3,-0.1,0.842,1.0,0.184,0.1,0.858,-0.1,-0.184
458,8,-0.029,0.842,0.929,0.084,0.029,0.858,-0.029,0.816
459,8,0.042,0.842,0.858,-0.016,-0.042,0.858,0.042,1.0
460,5,-0.058,0.771,0.858,0.055,0.958,0.929,0.042,0.929
461,5,-0.158,0.7,0.858,0.126,1.0,1.0,0.042,0.858
462,1,0.842,0.771,0.858,0.055,0.9,0.929,0.042,0.929
463,1,1.0,0.842,0.858,-0.016,0.8,0.858,0.042,1.0
464,4,0.929,0.842,0.929,0.984,0.871,0.858,-0.029,0.9
465,4,0.858,0.842,1.0,1.0,0.942,0.858,-0.1,0.8
466,7,0.858,0.771,0.9,0.929,0.942,0.929,0.9,0.871
467,7,0.858,0.7,0.8,0.858,0.942,1.0,1.0,0.942
468,,0.758,0.6,0.7,0.758,0.842,0.9,0.9,0.842
469,,0.658,0.5,0.6,0.658,0.742,0.8,0.8,0.742
470,,0.558,0.4,0.5,0.558,0.642,0.7,0.7,0.642
471,,0.458,0.3,0.4,0.458,0.542,0.6,0.6,0.542
472,,0.358,0.2,0.3,0.358,0.442,0.5,0.5,0.442
473,,0.258,0.1,0.2,0.258,0.342,0.4,0.4,0.342
474,,0.158,0.0,0.1,0.158,0.242,0.3,0.3,0.242
475,,0.058,-0.1,0.0,0.058,0.142,0.2,0.2,0.142
476,2,0.129,0.9,0.071,0.058,0.071,0.1,0.129,0.142
477,2,0.2,1.0,0.142,0.058,-0.0,0.0,0.058,0.142
478,,0.1,0.9,0.042,-0.042,-0.1,-0.1,-0.042,0.042
479,5,0.0,0.829,0.042,0.029,0.9,-0.029,-0.042,-0.029
480,5,-0.1,0.758,0.042,0.1,1.0,0.042,-0.042,-0.1
481,1,0.9,0.829,0.042,0.029,0.9,-0.029,-0.042,-0.029
482,1,1.0,0.9,0.042,-0.042,0.8,-0.1,-0.042,0.042
483,6,0.929,0.8,-0.029,-0.042,0.871,0.9,0.029,0.042
484,6,0.858,0.7,-0.1,-0.042,0.942,1.0,0.1,0.042
485,3,0.858,0.771,0.9,0.029,0.942,0.929,0.0,-0.029
486,3,0.858,0.842,1.0,0.1,0.942,0.858,-0.1,-0.1
487,7,0.858,0.771,0.9,0.029,0.942,0.929,0.9,-0.029
488,7,0.858,0.7,0.8,-0.042,0.942,1.0,1.0,0.042
489,4,0.787,0.7,0.871,0.958,1.0,1.0,0.929,-0.058
490,4,0.716,0.7,0.942,1.0,1.0,1.0,0.858,-0.158
491,8,0.787,0.7,0.871,0.9,0.929,1.0,0.929,0.842
492,8,0.858,0.7,0.8,0.8,0.858,1.0,1.0,1.0
493,,0.758,0.6,0.7,0.7,0.758,0.9,0.9,0.9
494,,0.658,0.5,0.6,0.6,0.658,0.8,0.8,0.8
495,,0.558,0.4,0.5,0.5,0.558,0.7,0.7,0.7
496,,0.458,0.3,0.4,0.4,0.458,0.6,0.6,0.6
497,,0.358,0.2,0.3,0.3,0.358,0.5,0.5,0.5
498,,0.258,0.1,0.2,0.2,0.258,0.4,0.4,0.4
499,,0.158,0.0,0.1,0.1,0.158,0.3,0.3,0.3
