step,active_motive,motive_1,motive_2,motive_3,motive_4,motive_5,motive_6,motive_7,motive_8
0,,0.93563,0.78534,0.66899,0.58069,0.37228,0.94013,0.97366,0.28392
1,,0.78563,0.63534,0.51899,0.43069,0.22228,0.79013,0.82366,0.13392
2,,0.63563,0.48534,0.36899,0.28069,0.07228,0.64013,0.67366,-0.01608
3,8,1.0,0.63534,0.23599,0.03069,-0.06072,0.79013,1.0,0.98392
4,8,1.0,0.78534,0.10299,-0.21931,-0.19372,0.94013,1.0,1.0
5,4,0.867,0.93534,0.53599,0.78069,0.23928,1.0,0.867,0.75
6,4,0.734,1.0,0.96899,1.0,0.67228,1.0,0.734,0.5
7,,0.584,0.85,0.81899,0.85,0.52228,0.85,0.584,0.35
8,,0.434,0.7,0.66899,0.7,0.37228,0.7,0.434,0.2
9,,0.284,0.55,0.51899,0.55,0.22228,0.55,0.284,0.05
10,,0.134,0.4,0.36899,0.4,0.07228,0.4,0.134,-0.1
11,8,0.567,0.55,0.23599,0.15,-0.06072,0.55,0.567,0.9
12,8,1.0,0.7,0.10299,-0.1,-0.19372,0.7,1.0,1.0
13,5,0.75,0.567,0.25299,0.333,0.80628,1.0,1.0,0.867
14,5,0.5,0.434,0.40299,0.766,1.0,1.0,1.0,0.734
15,,0.35,0.284,0.25299,0.616,0.85,0.85,0.85,0.584
16,,0.2,0.134,0.10299,0.466,0.7,0.7,0.7,0.434
17,,0.05,-0.016,-0.04701,0.316,0.55,0.55,0.55,0.284
18,3,0.2,0.417,0.95299,0.749,0.7,0.417,0.3,0.151
19,3,0.35,0.85,1.0,1.0,0.85,0.284,0.05,0.018
20,,0.2,0.7,0.85,0.85,0.7,0.134,-0.1,-0.132
21,8,0.633,0.85,0.717,0.6,0.567,0.284,0.333,0.868
22,8,1.0,1.0,0.584,0.35,0.434,0.434,0.766,1.0
23,,0.85,0.85,0.434,0.2,0.284,0.284,0.616,0.85
24,,0.7,0.7,0.284,0.05,0.134,0.134,0.466,0.7
25,,0.55,0.55,0.134,-0.1,-0.016,-0.016,0.316,0.55
26,4,0.417,0.7,0.567,0.9,0.417,0.134,0.183,0.3
27,4,0.284,0.85,1.0,1.0,0.85,0.284,0.05,0.05
28,,0.134,0.7,0.85,0.85,0.7,0.134,-0.1,-0.1
29,8,0.567,0.85,0.717,0.6,0.567,0.284,0.333,0.9
30,8,1.0,1.0,0.584,0.35,0.434,0.434,0.766,1.0
31,,0.85,0.85,0.434,0.2,0.284,0.284,0.616,0.85
32,,0.7,0.7,0.284,0.05,0.134,0.134,0.466,0.7
33,,0.55,0.55,0.134,-0.1,-0.016,-0.016,0.316,0.55
34,4,0.417,0.7,0.567,0.9,0.417,0.134,0.183,0.3
35,4,0.284,0.85,1.0,1.0,0.85,0.284,0.05,0.05
36,,0.134,0.7,0.85,0.85,0.7,0.134,-0.1,-0.1
37,8,0.567,0.85,0.717,0.6,0.567,0.284,0.333,0.9
38,8,1.0,1.0,0.584,0.35,0.434,0.434,0.766,1.0
39,,0.85,0.85,0.434,0.2,0.284,0.284,0.616,0.85
40,,0.7,0.7,0.284,0.05,0.134,0.134,0.466,0.7
41,,0.55,0.55,0.134,-0.1,-0.016,-0.016,0.316,0.55
42,4,0.417,0.7,0.567,0.9,0.417,0.134,0.183,0.3
43,4,0.284,0.85,1.0,1.0,0.85,0.284,0.05,0.05
44,,0.134,0.7,0.85,0.85,0.7,0.134,-0.1,-0.1
45,8,0.567,0.85,0.717,0.6,0.567,0.284,0.333,0.9
46,8,1.0,1.0,0.584,0.35,0.434,0.434,0.766,1.0
47,,0.85,0.85,0.434,0.2,0.284,0.284,0.616,0.85
48,,0.7,0.7,0.284,0.05,0.134,0.134,0.466,0.7
49,,0.55,0.55,0.134,-0.1,-0.016,-0.016,0.316,0.55
50,4,0.417,0.7,0.567,0.9,0.417,0.134,0.183,0.3
51,4,0.284,0.85,1.0,1.0,0.85,0.284,0.05,0.05
52,,0.134,0.7,0.85,0.85,0.7,0.134,-0.1,-0.1
53,8,0.567,0.85,0.717,0.6,0.567,0.284,0.333,0.9
54,8,1.0,1.0,0.584,0.35,0.434,0.434,0.766,1.0
55,,0.85,0.85,0.434,0.2,0.284,0.284,0.616,0.85
56,,0.7,0.7,0.284,0.05,0.134,0.134,0.466,0.7
57,,0.55,0.55,0.134,-0.1,-0.016,-0.016,0.316,0.55
58,4,0.417,0.7,0.567,0.9,0.417,0.134,0.183,0.3
59,4,0.284,0.85,1.0,1.0,0.85,0.284,0.05,0.05
60,,0.134,0.7,0.85,0.85,0.7,0.134,-0.1,-0.1
61,7,0.284,0.567,0.6,0.717,0.85,0.567,0.9,0.333
62,7,0.434,0.434,0.35,0.584,1.0,1.0,1.0,0.766
63,,0.284,0.284,0.2,0.434,0.85,0.85,0.85,0.616
64,,0.134,0.134,0.05,0.284,0.7,0.7,0.7,0.466
65,,-0.016,-0.016,-0.1,0.134,0.55,0.55,0.55,0.316
66,3,0.134,0.417,0.9,0.567,0.7,0.417,0.3,0.183
67,3,0.284,0.85,1.0,1.0,0.85,0.284,0.05,0.05
68,,0.134,0.7,0.85,0.85,0.7,0.134,-0.1,-0.1
69,8,0.567,0.85,0.717,0.6,0.567,0.284,0.333,0.9
70,8,1.0,1.0,0.584,0.35,0.434,0.434,0.766,1.0
71,,0.85,0.85,0.434,0.2,0.284,0.284,0.616,0.85
72,,0.7,0.7,0.284,0.05,0.134,0.134,0.466,0.7
73,,0.55,0.55,0.134,-0.1,-0.016,-0.016,0.316,0.55
74,4,0.417,0.7,0.567,0.9,0.417,0.134,0.183,0.3
75,4,0.284,0.85,1.0,1.0,0.85,0.284,0.05,0.05
76,,0.134,0.7,0.85,0.85,0.7,0.134,-0.1,-0.1
77,7,0.284,0.567,0.6,0.717,0.85,0.567,0.9,0.333
78,7,0.434,0.434,0.35,0.584,1.0,1.0,1.0,0.766
79,,0.284,0.284,0.2,0.434,0.85,0.85,0.85,0.616
80,,0.134,0.134,0.05,0.284,0.7,0.7,0.7,0.466
81,,-0.016,-0.016,-0.1,0.134,0.55,0.55,0.55,0.316
82,3,0.134,0.417,0.9,0.567,0.7,0.417,0.3,0.183
83,3,0.284,0.85,1.0,1.0,0.85,0.284,0.05,0.05
84,,0.134,0.7,0.85,0.85,0.7,0.134,-0.1,-0.1
85,7,0.284,0.567,0.6,0.717,0.85,0.567,0.9,0.333
86,7,0.434,0.434,0.35,0.584,1.0,1.0,1.0,0.766
87,,0.284,0.284,0.2,0.434,0.85,0.85,0.85,0.616
88,,0.134,0.134,0.05,0.284,0.7,0.7,0.7,0.466
89,,-0.016,-0.016,-0.1,0.134,0.55,0.55,0.55,0.316
90,3,0.134,0.417,0.9,0.567,0.7,0.417,0.3,0.183
91,3,0.284,0.85,1.0,1.0,0.85,0.284,0.05,0.05
92,,0.134,0.7,0.85,0.85,0.7,0.134,-0.1,-0.1
93,8,0.567,0.85,0.717,0.6,0.567,0.284,0.333,0.9
94,8,1.0,1.0,0.584,0.35,0.434,0.434,0.766,1.0
95,,0.85,0.85,0.434,0.2,0.284,0.284,0.616,0.85
96,,0.7,0.7,0.284,0.05,0.134,0.134,0.466,0.7
97,,0.55,0.55,0.134,-0.1,-0.016,-0.016,0.316,0.55
98,4,0.417,0.7,0.567,0.9,0.417,0.134,0.183,0.3
99,4,0.284,0.85,1.0,1.0,0.85,0.284,0.05,0.05
100,,0.134,0.7,0.85,0.85,0.7,0.134,-0.1,-0.1
101,7,0.284,0.567,0.6,0.717,0.85,0.567,0.9,0.333
102,7,0.434,0.434,0.35,0.584,1.0,1.0,1.0,0.766
103,,0.284,0.284,0.2,0.434,0.85,0.85,0.85,0.616
104,,0.134,0.134,0.05,0.284,0.7,0.7,0.7,0.466
105,,-0.016,-0.016,-0.1,0.134,0.55,0.55,0.55,0.316
106,3,0.134,0.417,0.9,0.567,0.7,0.417,0.3,0.183
107,3,0.284,0.85,1.0,1.0,0.85,0.284,0.05,0.05
108,,0.134,0.7,0.85,0.85,0.7,0.134,-0.1,-0.1
109,8,0.567,0.85,0.717,0.6,0.567,0.284,0.333,0.9
110,8,1.0,1.0,0.584,0.35,0.434,0.434,0.766,1.0
111,,0.85,0.85,0.434,0.2,0.284,0.284,0.616,0.85
112,,0.7,0.7,0.284,0.05,0.134,0.134,0.466,0.7
113,,0.55,0.55,0.134,-0.1,-0.016,-0.016,0.316,0.55
114,4,0.417,0.7,0.567,0.9,0.417,0.134,0.183,0.3
115,4,0.284,0.85,1.0,1.0,0.85,0.284,0.05,0.05
116,,0.134,0.7,0.85,0.85,0.7,0.134,-0.1,-0.1
117,7,0.284,0.567,0.6,0.717,0.85,0.567,0.9,0.333
118,7,0.434,0.434,0.35,0.584,1.0,1.0,1.0,0.766
119,,0.284,0.284,0.2,0.434,0.85,0.85,0.85,0.616
120,,0.134,0.134,0.05,0.284,0.7,0.7,0.7,0.466
121,,-0.016,-0.016,-0.1,0.134,0.55,0.55,0.55,0.316
122,3,0.134,0.417,0.9,0.567,0.7,0.417,0.3,0.183
123,3,0.284,0.85,1.0,1.0,0.85,0.284,0.05,0.05
124,,0.134,0.7,0.85,0.85,0.7,0.134,-0.1,-0.1
125,8,0.567,0.85,0.717,0.6,0.567,0.284,0.333,0.9
126,8,1.0,1.0,0.584,0.35,0.434,0.434,0.766,1.0
127,,0.85,0.85,0.434,0.2,0.284,0.284,0.616,0.85
128,,0.7,0.7,0.284,0.05,0.134,0.134,0.466,0.7
129,,0.55,0.55,0.134,-0.1,-0.016,-0.016,0.316,0.55
130,4,0.417,0.7,0.567,0.9,0.417,0.134,0.183,0.3
131,4,0.284,0.85,1.0,1.0,0.85,0.284,0.05,0.05
132,,0.134,0.7,0.85,0.85,0.7,0.134,-0.1,-0.1
133,7,0.284,0.567,0.6,0.717,0.85,0.567,0.9,0.333
134,7,0.434,0.434,0.35,0.584,1.0,1.0,1.0,0.766
135,,0.284,0.284,0.2,0.434,0.85,0.85,0.85,0.616
136,,0.134,0.134,0.05,0.284,0.7,0.7,0.7,0.466
137,,-0.016,-0.016,-0.1,0.134,0.55,0.55,0.55,0.316
138,3,0.134,0.417,0.9,0.567,0.7,0.417,0.3,0.183
139,3,0.284,0.85,1.0,1.0,0.85,0.284,0.05,0.05
140,,0.134,0.7,0.85,0.85,0.7,0.134,-0.1,-0.1
141,8,0.567,0.85,0.717,0.6,0.567,0.284,0.333,0.9
142,8,1.0,1.0,0.584,0.35,0.434,0.434,0.766,1.0
143,,0.85,0.85,0.434,0.2,0.284,0.284,0.616,0.85
144,,0.7,0.7,0.284,0.05,0.134,0.134,0.466,0.7
145,,0.55,0.55,0.134,-0.1,-0.016,-0.016,0.316,0.55
146,4,0.417,0.7,0.567,0.9,0.417,0.134,0.183,0.3
147,4,0.284,0.85,1.0,1.0,0.85,0.284,0.05,0.05
148,,0.134,0.7,0.85,0.85,0.7,0.134,-0.1,-0.1
149,8,0.567,0.85,0.717,0.6,0.567,0.284,0.333,0.9
150,8,1.0,1.0,0.584,0.35,0.434,0.434,0.766,1.0
151,,0.85,0.85,0.434,0.2,0.284,0.284,0.616,0.85
152,,0.7,0.7,0.284,0.05,0.134,0.134,0.466,0.7
153,,0.55,0.55,0.134,-0.1,-0.016,-0.016,0.316,0.55
154,4,0.417,0.7,0.567,0.9,0.417,0.134,0.183,0.3
155,4,0.284,0.85,1.0,1.0,0.85,0.284,0.05,0.05
156,,0.134,0.7,0.85,0.85,0.7,0.134,-0.1,-0.1
157,8,0.567,0.85,0.717,0.6,0.567,0.284,0.333,0.9
158,8,1.0,1.0,0.584,0.35,0.434,0.434,0.766,1.0
159,,0.85,0.85,0.434,0.2,0.284,0.284,0.616,0.85
160,,0.7,0.7,0.284,0.05,0.134,0.134,0.466,0.7
161,,0.55,0.55,0.134,-0.1,-0.016,-0.016,0.316,0.55
162,4,0.417,0.7,0.567,0.9,0.417,0.134,0.183,0.3
163,4,0.284,0.85,1.0,1.0,0.85,0.284,0.05,0.05
164,,0.134,0.7,0.85,0.85,0.7,0.134,-0.1,-0.1
165,8,0.567,0.85,0.717,0.6,0.567,0.284,0.333,0.9
166,8,1.0,1.0,0.584,0.35,0.434,0.434,0.766,1.0
167,,0.85,0.85,0.434,0.2,0.284,0.284,0.616,0.85
168,,0.7,0.7,0.284,0.05,0.134,0.134,0.466,0.7
169,,0.55,0.55,0.134,-0.1,-0.016,-0.016,0.316,0.55
170,4,0.417,0.7,0.567,0.9,0.417,0.134,0.183,0.3
171,4,0.284,0.85,1.0,1.0,0.85,0.284,0.05,0.05
172,,0.134,0.7,0.85,0.85,0.7,0.134,-0.1,-0.1
173,8,0.567,0.85,0.717,0.6,0.567,0.284,0.333,0.9
174,8,1.0,1.0,0.584,0.35,0.434,0.434,0.766,1.0
175,,0.85,0.85,0.434,0.2,0.284,0.284,0.616,0.85
176,,0.7,0.7,0.284,0.05,0.134,0.134,0.466,0.7
177,,0.55,0.55,0.134,-0.1,-0.016,-0.016,0.316,0.55
178,4,0.417,0.7,0.567,0.9,0.417,0.134,0.183,0.3
179,4,0.284,0.85,1.0,1.0,0.85,0.284,0.05,0.05
180,,0.134,0.7,0.85,0.85,0.7,0.134,-0.1,-0.1
181,7,0.284,0.567,0.6,0.717,0.85,0.567,0.9,0.333
182,7,0.434,0.434,0.35,0.584,1.0,1.0,1.0,0.766
183,,0.284,0.284,0.2,0.434,0.85,0.85,0.85,0.616
184,,0.134,0.134,0.05,0.284,0.7,0.7,0.7,0.466
185,,-0.016,-0.016,-0.1,0.134,0.55,0.55,0.55,0.316
186,3,0.134,0.417,0.9,0.567,0.7,0.417,0.3,0.183
187,3,0.284,0.85,1.0,1.0,0.85,0.284,0.05,0.05
188,,0.134,0.7,0.85,0.85,0.7,0.134,-0.1,-0.1
189,7,0.284,0.567,0.6,0.717,0.85,0.567,0.9,0.333
190,7,0.434,0.434,0.35,0.584,1.0,1.0,1.0,0.766
191,,0.284,0.284,0.2,0.434,0.85,0.85,0.85,0.616
192,,0.134,0.134,0.05,0.284,0.7,0.7,0.7,0.466
193,,-0.016,-0.016,-0.1,0.134,0.55,0.55,0.55,0.316
194,3,0.134,0.417,0.9,0.567,0.7,0.417,0.3,0.183
195,3,0.284,0.85,1.0,1.0,0.85,0.284,0.05,0.05
196,,0.134,0.7,0.85,0.85,0.7,0.134,-0.1,-0.1
197,7,0.284,0.567,0.6,0.717,0.85,0.567,0.9,0.333
198,7,0.434,0.434,0.35,0.584,1.0,1.0,1.0,0.766
199,,0.284,0.284,0.2,0.434,0.85,0.85,0.85,0.616
200,,0.134,0.134,0.05,0.284,0.7,0.7,0.7,0.466
201,,-0.016,-0.016,-0.1,0.134,0.55,0.55,0.55,0.316
202,3,0.134,0.417,0.9,0.567,0.7,0.417,0.3,0.183
203,3,0.284,0.85,1.0,1.0,0.85,0.284,0.05,0.05
204,,0.134,0.7,0.85,0.85,0.7,0.134,-0.1,-0.1
205,8,0.567,0.85,0.717,0.6,0.567,0.284,0.333,0.9
206,8,1.0,1.0,0.584,0.35,0.434,0.434,0.766,1.0
207,,0.85,0.85,0.434,0.2,0.284,0.284,0.616,0.85
208,,0.7,0.7,0.284,0.05,0.134,0.134,0.466,0.7
209,,0.55,0.55,0.134,-0.1,-0.016,-0.016,0.316,0.55
210,4,0.417,0.7,0.567,0.9,0.417,0.134,0.183,0.3
211,4,0.284,0.85,1.0,1.0,0.85,0.284,0.05,0.05
212,,0.134,0.7,0.85,0.85,0.7,0.134,-0.1,-0.1
213,7,0.284,0.567,0.6,0.717,0.85,0.567,0.9,0.333
214,7,0.434,0.434,0.35,0.584,1.0,1.0,1.0,0.766
215,,0.284,0.284,0.2,0.434,0.85,0.85,0.85,0.616
216,,0.134,0.134,0.05,0.284,0.7,0.7,0.7,0.466
217,,-0.016,-0.016,-0.1,0.134,0.55,0.55,0.55,0.316
218,3,0.134,0.417,0.9,0.567,0.7,0.417,0.3,0.183
219,3,0.284,0.85,1.0,1.0,0.85,0.284,0.05,0.05
220,,0.134,0.7,0.85,0.85,0.7,0.134,-0.1,-0.1
221,8,0.567,0.85,0.717,0.6,0.567,0.284,0.333,0.9
222,8,1.0,1.0,0.584,0.35,0.434,0.434,0.766,1.0
223,,0.85,0.85,0.434,0.2,0.284,0.284,0.616,0.85
224,,0.7,0.7,0.284,0.05,0.134,0.134,0.466,0.7
225,,0.55,0.55,0.134,-0.1,-0.016,-0.016,0.316,0.55
226,4,0.417,0.7,0.567,0.9,0.417,0.134,0.183,0.3
227,4,0.284,0.85,1.0,1.0,0.85,0.284,0.05,0.05
228,,0.134,0.7,0.85,0.85,0.7,0.134,-0.1,-0.1
229,8,0.567,0.85,0.717,0.6,0.567,0.284,0.333,0.9
230,8,1.0,1.0,0.584,0.35,0.434,0.434,0.766,1.0
231,,0.85,0.85,0.434,0.2,0.284,0.284,0.616,0.85
232,,0.7,0.7,0.284,0.05,0.134,0.134,0.466,0.7
233,,0.55,0.55,0.134,-0.1,-0.016,-0.016,0.316,0.55
234,4,0.417,0.7,0.567,0.9,0.417,0.134,0.183,0.3
235,4,0.284,0.85,1.0,1.0,0.85,0.284,0.05,0.05
236,,0.134,0.7,0.85,0.85,0.7,0.134,-0.1,-0.1
237,7,0.284,0.567,0.6,0.717,0.85,0.567,0.9,0.333
238,7,0.434,0.434,0.35,0.584,1.0,1.0,1.0,0.766
239,,0.284,0.284,0.2,0.434,0.85,0.85,0.85,0.616
240,,0.134,0.134,0.05,0.284,0.7,0.7,0.7,0.466
241,,-0.016,-0.016,-0.1,0.134,0.55,0.55,0.55,0.316
242,3,0.134,0.417,0.9,0.567,0.7,0.417,0.3,0.183
243,3,0.284,0.85,1.0,1.0,0.85,0.284,0.05,0.05
244,,0.134,0.7,0.85,0.85,0.7,0.134,-0.1,-0.1
245,7,0.284,0.567,0.6,0.717,0.85,0.567,0.9,0.333
246,7,0.434,0.434,0.35,0.584,1.0,1.0,1.0,0.766
247,,0.284,0.284,0.2,0.434,0.85,0.85,0.85,0.616
248,,0.134,0.134,0.05,0.284,0.7,0.7,0.7,0.466
249,,-0.016,-0.016,-0.1,0.134,0.55,0.55,0.55,0.316
250,3,0.134,0.417,0.9,0.567,0.7,0.417,0.3,0.183
251,3,0.284,0.85,1.0,1.0,0.85,0.284,0.05,0.05
252,,0.134,0.7,0.85,0.85,0.7,0.134,-0.1,-0.1
253,8,0.567,0.85,0.717,0.6,0.567,0.284,0.333,0.9
254,8,1.0,1.0,0.584,0.35,0.434,0.434,0.766,1.0
255,,0.85,0.85,0.434,0.2,0.284,0.284,0.616,0.85
256,,0.7,0.7,0.284,0.05,0.134,0.134,0.466,0.7
257,,0.55,0.55,0.134,-0.1,-0.016,-0.016,0.316,0.55
258,4,0.417,0.7,0.567,0.9,0.417,0.134,0.183,0.3
259,4,0.284,0.85,1.0,1.0,0.85,0.284,0.05,0.05
260,,0.134,0.7,0.85,0.85,0.7,0.134,-0.1,-0.1
261,7,0.284,0.567,0.6,0.717,0.85,0.567,0.9,0.333
262,7,0.434,0.434,0.35,0.584,1.0,1.0,1.0,0.766
263,,0.284,0.284,0.2,0.434,0.85,0.85,0.85,0.616
264,,0.134,0.134,0.05,0.284,0.7,0.7,0.7,0.466
265,,-0.016,-0.016,-0.1,0.134,0.55,0.55,0.55,0.316
266,3,0.134,0.417,0.9,0.567,0.7,0.417,0.3,0.183
267,3,0.284,0.85,1.0,1.0,0.85,0.284,0.05,0.05
268,,0.134,0.7,0.85,0.85,0.7,0.134,-0.1,-0.1
269,8,0.567,0.85,0.717,0.6,0.567,0.284,0.333,0.9
270,8,1.0,1.0,0.584,0.35,0.434,0.434,0.766,1.0
271,,0.85,0.85,0.434,0.2,0.284,0.284,0.616,0.85
272,,0.7,0.7,0.284,0.05,0.134,0.134,0.466,0.7
273,,0.55,0.55,0.134,-0.1,-0.016,-0.016,0.316,0.55
274,4,0.417,0.7,0.567,0.9,0.417,0.134,0.183,0.3
275,4,0.284,0.85,1.0,1.0,0.85,0.284,0.05,0.05
276,,0.134,0.7,0.85,0.85,0.7,0.134,-0.1,-0.1
277,8,0.567,0.85,0.717,0.6,0.567,0.284,0.333,0.9
278,8,1.0,1.0,0.584,0.35,0.434,0.434,0.766,1.0
279,,0.85,0.85,0.434,0.2,0.284,0.284,0.616,0.85
280,,0.7,0.7,0.284,0.05,0.134,0.134,0.466,0.7
281,,0.55,0.55,0.134,-0.1,-0.016,-0.016,0.316,0.55
282,4,0.417,0.7,0.567,0.9,0.417,0.134,0.183,0.3
283,4,0.284,0.85,1.0,1.0,0.85,0.284,0.05,0.05
284,,0.134,0.7,0.85,0.85,0.7,0.134,-0.1,-0.1
285,8,0.567,0.85,0.717,0.6,0.567,0.284,0.333,0.9
286,8,1.0,1.0,0.584,0.35,0.434,0.434,0.766,1.0
287,,0.85,0.85,0.434,0.2,0.284,0.284,0.616,0.85
288,,0.7,0.7,0.284,0.05,0.134,0.134,0.466,0.7
289,,0.55,0.55,0.134,-0.1,-0.016,-0.016,0.316,0.55
290,4,0.417,0.7,0.567,0.9,0.417,0.134,0.183,0.3
291,4,0.284,0.85,1.0,1.0,0.85,0.284,0.05,0.05
292,,0.134,0.7,0.85,0.85,0.7,0.134,-0.1,-0.1
293,8,0.567,0.85,0.717,0.6,0.567,0.284,0.333,0.9
294,8,1.0,1.0,0.584,0.35,0.434,0.434,0.766,1.0
295,,0.85,0.85,0.434,0.2,0.284,0.284,0.616,0.85
296,,0.7,0.7,0.284,0.05,0.134,0.134,0.466,0.7
297,,0.55,0.55,0.134,-0.1,-0.016,-0.016,0.316,0.55
298,4,0.417,0.7,0.567,0.9,0.417,0.134,0.183,0.3
299,4,0.284,0.85,1.0,1.0,0.85,0.284,0.05,0.05
300,,0.134,0.7,0.85,0.85,0.7,0.134,-0.1,-0.1
301,8,0.567,0.85,0.717,0.6,0.567,0.284,0.333,0.9
302,8,1.0,1.0,0.584,0.35,0.434,0.434,0.766,1.0
303,,0.85,0.85,0.434,0.2,0.284,0.284,0.616,0.85
304,,0.7,0.7,0.284,0.05,0.134,0.134,0.466,0.7
305,,0.55,0.55,0.134,-0.1,-0.016,-0.016,0.316,0.55
306,4,0.417,0.7,0.567,0.9,0.417,0.134,0.183,0.3
307,4,0.284,0.85,1.0,1.0,0.85,0.284,0.05,0.05
308,,0.134,0.7,0.85,0.85,0.7,0.134,-0.1,-0.1
309,7,0.284,0.567,0.6,0.717,0.85,0.567,0.9,0.333
310,7,0.434,0.434,0.35,0.584,1.0,1.0,1.0,0.766
311,,0.284,0.284,0.2,0.434,0.85,0.85,0.85,0.616
312,,0.134,0.134,0.05,0.284,0.7,0.7,0.7,0.466
313,,-0.016,-0.016,-0.1,0.134,0.55,0.55,0.55,0.316
314,3,0.134,0.417,0.9,0.567,0.7,0.417,0.3,0.183
315,3,0.284,0.85,1.0,1.0,0.85,0.284,0.05,0.05
316,,0.134,0.7,0.85,0.85,0.7,0.134,-0.1,-0.1
317,7,0.284,0.567,0.6,0.717,0.85,0.567,0.9,0.333
318,7,0.434,0.434,0.35,0.584,1.0,1.0,1.0,0.766
319,,0.284,0.284,0.2,0.434,0.85,0.85,0.85,0.616
320,,0.134,0.134,0.05,0.284,0.7,0.7,0.7,0.466
321,,-0.016,-0.016,-0.1,0.134,0.55,0.55,0.55,0.316
322,3,0.134,0.417,0.9,0.567,0.7,0.417,0.3,0.183
323,3,0.284,0.85,1.0,1.0,0.85,0.284,0.05,0.05
324,,0.134,0.7,0.85,0.85,0.7,0.134,-0.1,-0.1
325,8,0.567,0.85,0.717,0.6,0.567,0.284,0.333,0.9
326,8,1.0,1.0,0.584,0.35,0.434,0.434,0.766,1.0
327,,0.85,0.85,0.434,0.2,0.284,0.284,0.616,0.85
328,,0.7,0.7,0.284,0.05,0.134,0.134,0.466,0.7
329,,0.55,0.55,0.134,-0.1,-0.016,-0.016,0.316,0.55
330,4,0.417,0.7,0.567,0.9,0.417,0.134,0.183,0.3
331,4,0.284,0.85,1.0,1.0,0.85,0.284,0.05,0.05
332,,0.134,0.7,0.85,0.85,0.7,0.134,-0.1,-0.1
333,8,0.567,0.85,0.717,0.6,0.567,0.284,0.333,0.9
334,8,1.0,1.0,0.584,0.35,0.434,0.434,0.766,1.0
335,,0.85,0.85,0.434,0.2,0.284,0.284,0.616,0.85
336,,0.7,0.7,0.284,0.05,0.134,0.134,0.466,0.7
337,,0.55,0.55,0.134,-0.1,-0.016,-0.016,0.316,0.55
338,4,0.417,0.7,0.567,0.9,0.417,0.134,0.183,0.3
339,4,0.284,0.85,1.0,1.0,0.85,0.284,0.05,0.05
340,,0.134,0.7,0.85,0.85,0.7,0.134,-0.1,-0.1
341,7,0.284,0.567,0.6,0.717,0.85,0.567,0.9,0.333
342,7,0.434,0.434,0.35,0.584,1.0,1.0,1.0,0.766
343,,0.284,0.284,0.2,0.434,0.85,0.85,0.85,0.616
344,,0.134,0.134,0.05,0.284,0.7,0.7,0.7,0.466
345,,-0.016,-0.016,-0.1,0.134,0.55,0.55,0.55,0.316
346,3,0.134,0.417,0.9,0.567,0.7,0.417,0.3,0.183
347,3,0.284,0.85,1.0,1.0,0.85,0.284,0.05,0.05
348,,0.134,0.7,0.85,0.85,0.7,0.134,-0.1,-0.1
349,7,0.284,0.567,0.6,0.717,0.85,0.567,0.9,0.333
350,7,0.434,0.434,0.35,0.584,1.0,1.0,1.0,0.766
351,,0.284,0.284,0.2,0.434,0.85,0.85,0.85,0.616
352,,0.134,0.134,0.05,0.284,0.7,0.7,0.7,0.466
353,,-0.016,-0.016,-0.1,0.134,0.55,0.55,0.55,0.316
354,3,0.134,0.417,0.9,0.567,0.7,0.417,0.3,0.183
355,3,0.284,0.85,1.0,1.0,0.85,0.284,0.05,0.05
356,,0.134,0.7,0.85,0.85,0.7,0.134,-0.1,-0.1
357,8,0.567,0.85,0.717,0.6,0.567,0.284,0.333,0.9
358,8,1.0,1.0,0.584,0.35,0.434,0.434,0.766,1.0
359,,0.85,0.85,0.434,0.2,0.284,0.284,0.616,0.85
360,,0.7,0.7,0.284,0.05,0.134,0.134,0.466,0.7
361,,0.55,0.55,0.134,-0.1,-0.016,-0.016,0.316,0.55
362,4,0.417,0.7,0.567,0.9,0.417,0.134,0.183,0.3
363,4,0.284,0.85,1.0,1.0,0.85,0.284,0.05,0.05
364,,0.134,0.7,0.85,0.85,0.7,0.134,-0.1,-0.1
365,7,0.284,0.567,0.6,0.717,0.85,0.567,0.9,0.333
366,7,0.434,0.434,0.35,0.584,1.0,1.0,1.0,0.766
367,,0.284,0.284,0.2,0.434,0.85,0.85,0.85,0.616
368,,0.134,0.134,0.05,0.284,0.7,0.7,0.7,0.466
369,,-0.016,-0.016,-0.1,0.134,0.55,0.55,0.55,0.316
370,3,0.134,0.417,0.9,0.567,0.7,0.417,0.3,0.183
371,3,0.284,0.85,1.0,1.0,0.85,0.284,0.05,0.05
372,,0.134,0.7,0.85,0.85,0.7,0.134,-0.1,-0.1
373,8,0.567,0.85,0.717,0.6,0.567,0.284,0.333,0.9
374,8,1.0,1.0,0.584,0.35,0.434,0.434,0.766,1.0
375,,0.85,0.85,0.434,0.2,0.284,0.284,0.616,0.85
376,,0.7,0.7,0.284,0.05,0.134,0.134,0.466,0.7
377,,0.55,0.55,0.134,-0.1,-0.016,-0.016,0.316,0.55
378,4,0.417,0.7,0.567,0.9,0.417,0.134,0.183,0.3
379,4,0.284,0.85,1.0,1.0,0.85,0.284,0.05,0.05
380,,0.134,0.7,0.85,0.85,0.7,0.134,-0.1,-0.1
381,7,0.284,0.567,0.6,0.717,0.85,0.567,0.9,0.333
382,7,0.434,0.434,0.35,0.584,1.0,1.0,1.0,0.766
383,,0.284,0.284,0.2,0.434,0.85,0.85,0.85,0.616
384,,0.134,0.134,0.05,0.284,0.7,0.7,0.7,0.466
385,,-0.016,-0.016,-0.1,0.134,0.55,0.55,0.55,0.316
386,3,0.134,0.417,0.9,0.567,0.7,0.417,0.3,0.183
387,3,0.284,0.85,1.0,1.0,0.85,0.284,0.05,0.05
388,,0.134,0.7,0.85,0.85,0.7,0.134,-0.1,-0.1
389,8,0.567,0.85,0.717,0.6,0.567,0.284,0.333,0.9
390,8,1.0,1.0,0.584,0.35,0.434,0.434,0.766,1.0
391,,0.85,0.85,0.434,0.2,0.284,0.284,0.616,0.85
392,,0.7,0.7,0.284,0.05,0.134,0.134,0.466,0.7
393,,0.55,0.55,0.134,-0.1,-0.016,-0.016,0.316,0.55
394,4,0.417,0.7,0.567,0.9,0.417,0.134,0.183,0.3
395,4,0.284,0.85,1.0,1.0,0.85,0.284,0.05,0.05
396,,0.134,0.7,0.85,0.85,0.7,0.134,-0.1,-0.1
397,7,0.284,0.567,0.6,0.717,0.85,0.567,0.9,0.333
398,7,0.434,0.434,0.35,0.584,1.0,1.0,1.0,0.766
399,,0.284,0.284,0.2,0.434,0.85,0.85,0.85,0.616
400,,0.134,0.134,0.05,0.284,0.7,0.7,0.7,0.466
401,,-0.016,-0.016,-0.1,0.134,0.55,0.55,0.55,0.316
402,3,0.134,0.417,0.9,0.567,0.7,0.417,0.3,0.183
403,3,0.284,0.85,1.0,1.0,0.85,0.284,0.05,0.05
404,,0.134,0.7,0.85,0.85,0.7,0.134,-0.1,-0.1
405,8,0.567,0.85,0.717,0.6,0.567,0.284,0.333,0.9
406,8,1.0,1.0,0.584,0.35,0.434,0.434,0.766,1.0
407,,0.85,0.85,0.434,0.2,0.284,0.284,0.616,0.85
408,,0.7,0.7,0.284,0.05,0.134,0.134,0.466,0.7
409,,0.55,0.55,0.134,-0.1,-0.016,-0.016,0.316,0.55
410,4,0.417,0.7,0.567,0.9,0.417,0.134,0.183,0.3
411,4,0.284,0.85,1.0,1.0,0.85,0.284,0.05,0.05
412,,0.134,0.7,0.85,0.85,0.7,0.134,-0.1,-0.1
413,7,0.284,0.567,0.6,0.717,0.85,0.567,0.9,0.333
414,7,0.434,0.434,0.35,0.584,1.0,1.0,1.0,0.766
415,,0.284,0.284,0.2,0.434,0.85,0.85,0.85,0.616
416,,0.134,0.134,0.05,0.284,0.7,0.7,0.7,0.466
417,,-0.016,-0.016,-0.1,0.134,0.55,0.55,0.55,0.316
418,3,0.134,0.417,0.9,0.567,0.7,0.417,0.3,0.183
419,3,0.284,0.85,1.0,1.0,0.85,0.284,0.05,0.05
420,,0.134,0.7,0.85,0.85,0.7,0.134,-0.1,-0.1
421,7,0.284,0.567,0.6,0.717,0.85,0.567,0.9,0.333
422,7,0.434,0.434,0.35,0.584,1.0,1.0,1.0,0.766
423,,0.284,0.284,0.2,0.434,0.85,0.85,0.85,0.616
424,,0.134,0.134,0.05,0.284,0.7,0.7,0.7,0.466
425,,-0.016,-0.016,-0.1,0.134,0.55,0.55,0.55,0.316
426,3,0.134,0.417,0.9,0.567,0.7,0.417,0.3,0.183
427,3,0.284,0.85,1.0,1.0,0.85,0.284,0.05,0.05
428,,0.134,0.7,0.85,0.85,0.7,0.134,-0.1,-0.1
429,8,0.567,0.85,0.717,0.6,0.567,0.284,0.333,0.9
430,8,1.0,1.0,0.584,0.35,0.434,0.434,0.766,1.0
431,,0.85,0.85,0.434,0.2,0.284,0.284,0.616,0.85
432,,0.7,0.7,0.284,0.05,0.134,0.134,0.466,0.7
433,,0.55,0.55,0.134,-0.1,-0.016,-0.016,0.316,0.55
434,4,0.417,0.7,0.567,0.9,0.417,0.134,0.183,0.3
435,4,0.284,0.85,1.0,1.0,0.85,0.284,0.05,0.05
436,,0.134,0.7,0.85,0.85,0.7,0.134,-0.1,-0.1
437,7,0.284,0.567,0.6,0.717,0.85,0.567,0.9,0.333
438,7,0.434,0.434,0.35,0.584,1.0,1.0,1.0,0.766
439,,0.284,0.284,0.2,0.434,0.85,0.85,0.85,0.616
440,,0.134,0.134,0.05,0.284,0.7,0.7,0.7,0.466
441,,-0.016,-0.016,-0.1,0.134,0.55,0.55,0.55,0.316
442,3,0.134,0.417,0.9,0.567,0.7,0.417,0.3,0.183
443,3,0.284,0.85,1.0,1.0,0.85,0.284,0.05,0.05
444,,0.134,0.7,0.85,0.85,0.7,0.134,-0.1,-0.1
445,8,0.567,0.85,0.717,0.6,0.567,0.284,0.333,0.9
446,8,1.0,1.0,0.584,0.35,0.434,0.434,0.766,1.0
447,,0.85,0.85,0.434,0.2,0.284,0.284,0.616,0.85
448,,0.7,0.7,0.284,0.05,0.134,0.134,0.466,0.7
449,,0.55,0.55,0.134,-0.1,-0.016,-0.016,0.316,0.55
450,4,0.417,0.7,0.567,0.9,0.417,0.134,0.183,0.3
451,4,0.284,0.85,1.0,1.0,0.85,0.284,0.05,0.05
452,,0.134,0.7,0.85,0.85,0.7,0.134,-0.1,-0.1
453,7,0.284,0.567,0.6,0.717,0.85,0.567,0.9,0.333
454,7,0.434,0.434,0.35,0.584,1.0,1.0,1.0,0.766
455,,0.284,0.284,0.2,0.434,0.85,0.85,0.85,0.616
456,,0.134,0.134,0.05,0.284,0.7,0.7,0.7,0.466
457,,-0.016,-0.016,-0.1,0.134,0.55,0.55,0.55,0.316
458,3,0.134,0.417,0.9,0.567,0.7,0.417,0.3,0.183
459,3,0.284,0.85,1.0,1.0,0.85,0.284,0.05,0.05
460,,0.134,0.7,0.85,0.85,0.7,0.134,-0.1,-0.1
461,8,0.567,0.85,0.717,0.6,0.567,0.284,0.333,0.9
462,8,1.0,1.0,0.584,0.35,0.434,0.434,0.766,1.0
463,,0.85,0.85,0.434,0.2,0.284,0.284,0.616,0.85
464,,0.7,0.7,0.284,0.05,0.134,0.134,0.466,0.7
465,,0.55,0.55,0.134,-0.1,-0.016,-0.016,0.316,0.55
466,4,0.417,0.7,0.567,0.9,0.417,0.134,0.183,0.3
467,4,0.284,0.85,1.0,1.0,0.85,0.284,0.05,0.05
468,,0.134,0.7,0.85,0.85,0.7,0.134,-0.1,-0.1
469,7,0.284,0.567,0.6,0.717,0.85,0.567,0.9,0.333
470,7,0.434,0.434,0.35,0.584,1.0,1.0,1.0,0.766
471,,0.284,0.284,0.2,0.434,0.85,0.85,0.85,0.616
472,,0.134,0.134,0.05,0.284,0.7,0.7,0.7,0.466
473,,-0.016,-0.016,-0.1,0.134,0.55,0.55,0.55,0.316
474,3,0.134,0.417,0.9,0.567,0.7,0.417,0.3,0.183
475,3,0.284,0.85,1.0,1.0,0.85,0.284,0.05,0.05
476,,0.134,0.7,0.85,0.85,0.7,0.134,-0.1,-0.1
477,8,0.567,0.85,0.717,0.6,0.567,0.284,0.333,0.9
478,8,1.0,1.0,0.584,0.35,0.434,0.434,0.766,1.0
479,,0.85,0.85,0.434,0.2,0.284,0.284,0.616,0.85
480,,0.7,0.7,0.284,0.05,0.134,0.134,0.466,0.7
481,,0.55,0.55,0.134,-0.1,-0.016,-0.016,0.316,0.55
482,4,0.417,0.7,0.567,0.9,0.417,0.134,0.183,0.3
483,4,0.284,0.85,1.0,1.0,0.85,0.284,0.05,0.05
484,,0.134,0.7,0.85,0.85,0.7,0.134,-0.1,-0.1
485,7,0.284,0.567,0.6,0.717,0.85,0.567,0.9,0.333
486,7,0.434,0.434,0.35,0.584,1.0,1.0,1.0,0.766
487,,0.284,0.284,0.2,0.434,0.85,0.85,0.85,0.616
488,,0.134,0.134,0.05,0.284,0.7,0.7,0.7,0.466
489,,-0.016,-0.016,-0.1,0.134,0.55,0.55,0.55,0.316
490,3,0.134,0.417,0.9,0.567,0.7,0.417,0.3,0.183
491,3,0.284,0.85,1.0,1.0,0.85,0.284,0.05,0.05
492,,0.134,0.7,0.85,0.85,0.7,0.134,-0.1,-0.1
493,8,0.567,0.85,0.717,0.6,0.567,0.284,0.333,0.9
494,8,1.0,1.0,0.584,0.35,0.434,0.434,0.766,1.0
495,,0.85,0.85,0.434,0.2,0.284,0.284,0.616,0.85
496,,0.7,0.7,0.284,0.05,0.134,0.134,0.466,0.7
497,,0.55,0.55,0.134,-0.1,-0.016,-0.016,0.316,0.55
498,4,0.417,0.7,0.567,0.9,0.417,0.134,0.183,0.3
499,4,0.284,0.85,1.0,1.0,0.85,0.284,0.05,0.05
