step,active_motive,motive_1,motive_2,motive_3,motive_4,motive_5,motive_6,motive_7,motive_8
0,,0.22794,0.42711,0.81801,0.86073,0.00695,0.51075,0.41741,0.22211
1,,0.07794,0.27711,0.66801,0.71073,-0.14305,0.36075,0.26741,0.07211
2,5,-0.17206,0.14411,0.81801,1.0,0.85695,0.79375,0.41741,-0.06089
3,5,-0.42206,0.01111,0.96801,1.0,1.0,1.0,0.56741,-0.19389
4,1,0.57794,0.44411,1.0,0.867,0.75,0.867,0.71741,0.23911
5,1,1.0,0.87711,1.0,0.734,0.5,0.734,0.86741,0.67211
6,,0.85,0.72711,0.85,0.584,0.35,0.584,0.71741,0.52211
7,,0.7,0.57711,0.7,0.434,0.2,0.434,0.56741,0.37211
8,,0.55,0.42711,0.55,0.284,0.05,0.284,0.41741,0.22211
9,,0.4,0.27711,0.4,0.134,-0.1,0.134,0.26741,0.07211
10,5,0.15,0.14411,0.55,0.567,0.9,0.567,0.41741,-0.06089
11,5,-0.1,0.01111,0.7,1.0,1.0,1.0,0.56741,-0.19389
12,8,0.333,0.16111,0.567,0.75,0.867,1.0,1.0,0.80611
13,8,0.766,0.31111,0.434,0.5,0.734,1.0,1.0,1.0
14,,0.616,0.16111,0.284,0.35,0.584,0.85,0.85,0.85
15,,0.466,0.01111,0.134,0.2,0.434,0.7,0.7,0.7
16,,0.316,-0.13889,-0.016,0.05,0.284,0.55,0.55,0.55
17,2,0.749,0.86111,0.417,0.2,0.151,0.3,0.417,0.7
18,2,1.0,1.0,0.85,0.35,0.018,0.05,0.284,0.85
19,,0.85,0.85,0.7,0.2,-0.132,-0.1,0.134,0.7
20,5,0.6,0.717,0.85,0.633,0.868,0.333,0.284,0.567
21,5,0.35,0.584,1.0,1.0,1.0,0.766,0.434,0.434
22,,0.2,0.434,0.85,0.85,0.85,0.616,0.284,0.284
23,,0.05,0.284,0.7,0.7,0.7,0.466,0.134,0.134
24,,-0.1,0.134,0.55,0.55,0.55,0.316,-0.016,-0.016
25,1,0.9,0.567,0.7,0.417,0.3,0.183,0.134,0.417
26,1,1.0,1.0,0.85,0.284,0.05,0.05,0.284,0.85
27,,0.85,0.85,0.7,0.134,-0.1,-0.1,0.134,0.7
28,5,0.6,0.717,0.85,0.567,0.9,0.333,0.284,0.567
29,5,0.35,0.584,1.0,1.0,1.0,0.766,0.434,0.434
30,,0.2,0.434,0.85,0.85,0.85,0.616,0.284,0.284
31,,0.05,0.284,0.7,0.7,0.7,0.466,0.134,0.134
32,,-0.1,0.134,0.55,0.55,0.55,0.316,-0.016,-0.016
33,1,0.9,0.567,0.7,0.417,0.3,0.183,0.134,0.417
34,1,1.0,1.0,0.85,0.284,0.05,0.05,0.284,0.85
35,,0.85,0.85,0.7,0.134,-0.1,-0.1,0.134,0.7
36,6,0.717,0.6,0.567,0.284,0.333,0.9,0.567,0.85
37,6,0.584,0.35,0.434,0.434,0.766,1.0,1.0,1.0
38,,0.434,0.2,0.284,0.284,0.616,0.85,0.85,0.85
39,,0.284,0.05,0.134,0.134,0.466,0.7,0.7,0.7
40,,0.134,-0.1,-0.016,-0.016,0.316,0.55,0.55,0.55
41,2,0.567,0.9,0.417,0.134,0.183,0.3,0.417,0.7
42,2,1.0,1.0,0.85,0.284,0.05,0.05,0.284,0.85
43,,0.85,0.85,0.7,0.134,-0.1,-0.1,0.134,0.7
44,6,0.717,0.6,0.567,0.284,0.333,0.9,0.567,0.85
45,6,0.584,0.35,0.434,0.434,0.766,1.0,1.0,1.0
46,,0.434,0.2,0.284,0.284,0.616,0.85,0.85,0.85
47,,0.284,0.05,0.134,0.134,0.466,0.7,0.7,0.7
48,,0.134,-0.1,-0.016,-0.016,0.316,0.55,0.55,0.55
49,2,0.567,0.9,0.417,0.134,0.183,0.3,0.417,0.7
50,2,1.0,1.0,0.85,0.284,0.05,0.05,0.284,0.85
51,,0.85,0.85,0.7,0.134,-0.1,-0.1,0.134,0.7
52,6,0.717,0.6,0.567,0.284,0.333,0.9,0.567,0.85
53,6,0.584,0.35,0.434,0.434,0.766,1.0,1.0,1.0
54,,0.434,0.2,0.284,0.284,0.616,0.85,0.85,0.85
55,,0.284,0.05,0.134,0.134,0.466,0.7,0.7,0.7
56,,0.134,-0.1,-0.016,-0.016,0.316,0.55,0.55,0.55
57,2,0.567,0.9,0.417,0.134,0.183,0.3,0.417,0.7
58,2,1.0,1.0,0.85,0.284,0.05,0.05,0.284,0.85
59,,0.85,0.85,0.7,0.134,-0.1,-0.1,0.134,0.7
60,5,0.6,0.717,0.85,0.567,0.9,0.333,0.284,0.567
61,5,0.35,0.584,1.0,1.0,1.0,0.766,0.434,0.434
62,,0.2,0.434,0.85,0.85,0.85,0.616,0.284,0.284
63,,0.05,0.284,0.7,0.7,0.7,0.466,0.134,0.134
64,,-0.1,0.134,0.55,0.55,0.55,0.316,-0.016,-0.016
65,1,0.9,0.567,0.7,0.417,0.3,0.183,0.134,0.417
66,1,1.0,1.0,0.85,0.284,0.05,0.05,0.284,0.85
67,,0.85,0.85,0.7,0.134,-0.1,-0.1,0.134,0.7
68,5,0.6,0.717,0.85,0.567,0.9,0.333,0.284,0.567
69,5,0.35,0.584,1.0,1.0,1.0,0.766,0.434,0.434
70,,0.2,0.434,0.85,0.85,0.85,0.616,0.284,0.284
71,,0.05,0.284,0.7,0.7,0.7,0.466,0.134,0.134
72,,-0.1,0.134,0.55,0.55,0.55,0.316,-0.016,-0.016
73,1,0.9,0.567,0.7,0.417,0.3,0.183,0.134,0.417
74,1,1.0,1.0,0.85,0.284,0.05,0.05,0.284,0.85
75,,0.85,0.85,0.7,0.134,-0.1,-0.1,0.134,0.7
76,6,0.717,0.6,0.567,0.284,0.333,0.9,0.567,0.85
77,6,0.584,0.35,0.434,0.434,0.766,1.0,1.0,1.0
78,,0.434,0.2,0.284,0.284,0.616,0.85,0.85,0.85
79,,0.284,0.05,0.134,0.134,0.466,0.7,0.7,0.7
80,,0.134,-0.1,-0.016,-0.016,0.316,0.55,0.55,0.55
81,2,0.567,0.9,0.417,0.134,0.183,0.3,0.417,0.7
82,2,1.0,1.0,0.85,0.284,0.05,0.05,0.284,0.85
83,,0.85,0.85,0.7,0.134,-0.1,-0.1,0.134,0.7
84,6,0.717,0.6,0.567,0.284,0.333,0.9,0.567,0.85
85,6,0.584,0.35,0.434,0.434,0.766,1.0,1.0,1.0
86,,0.434,0.2,0.284,0.284,0.616,0.85,0.85,0.85
87,,0.284,0.05,0.134,0.134,0.466,0.7,0.7,0.7
88,,0.134,-0.1,-0.016,-0.016,0.316,0.55,0.55,0.55
89,2,0.567,0.9,0.417,0.134,0.183,0.3,0.417,0.7
90,2,1.0,1.0,0.85,0.284,0.05,0.05,0.284,0.85
91,,0.85,0.85,0.7,0.134,-0.1,-0.1,0.134,0.7
92,6,0.717,0.6,0.567,0.284,0.333,0.9,0.567,0.85
93,6,0.584,0.35,0.434,0.434,0.766,1.0,1.0,1.0
94,,0.434,0.2,0.284,0.284,0.616,0.85,0.85,0.85
95,,0.284,0.05,0.134,0.134,0.466,0.7,0.7,0.7
96,,0.134,-0.1,-0.016,-0.016,0.316,0.55,0.55,0.55
97,2,0.567,0.9,0.417,0.134,0.183,0.3,0.417,0.7
98,2,1.0,1.0,0.85,0.284,0.05,0.05,0.284,0.85
99,,0.85,0.85,0.7,0.134,-0.1,-0.1,0.134,0.7
100,6,0.717,0.6,0.567,0.284,0.333,0.9,0.567,0.85
101,6,0.584,0.35,0.434,0.434,0.766,1.0,1.0,1.0
102,,0.434,0.2,0.284,0.284,0.616,0.85,0.85,0.85
103,,0.284,0.05,0.134,0.134,0.466,0.7,0.7,0.7
104,,0.134,-0.1,-0.016,-0.016,0.316,0.55,0.55,0.55
105,2,0.567,0.9,0.417,0.134,0.183,0.3,0.417,0.7
106,2,1.0,1.0,0.85,0.284,0.05,0.05,0.284,0.85
107,,0.85,0.85,0.7,0.134,-0.1,-0.1,0.134,0.7
108,5,0.6,0.717,0.85,0.567,0.9,0.333,0.284,0.567
109,5,0.35,0.584,1.0,1.0,1.0,0.766,0.434,0.434
110,,0.2,0.434,0.85,0.85,0.85,0.616,0.284,0.284
111,,0.05,0.284,0.7,0.7,0.7,0.466,0.134,0.134
112,,-0.1,0.134,0.55,0.55,0.55,0.316,-0.016,-0.016
113,1,0.9,0.567,0.7,0.417,0.3,0.183,0.134,0.417
114,1,1.0,1.0,0.85,0.284,0.05,0.05,0.284,0.85
115,,0.85,0.85,0.7,0.134,-0.1,-0.1,0.134,0.7
116,6,0.717,0.6,0.567,0.284,0.333,0.9,0.567,0.85
117,6,0.584,0.35,0.434,0.434,0.766,1.0,1.0,1.0
118,,0.434,0.2,0.284,0.284,0.616,0.85,0.85,0.85
119,,0.284,0.05,0.134,0.134,0.466,0.7,0.7,0.7
120,,0.134,-0.1,-0.016,-0.016,0.316,0.55,0.55,0.55
121,2,0.567,0.9,0.417,0.134,0.183,0.3,0.417,0.7
122,2,1.0,1.0,0.85,0.284,0.05,0.05,0.284,0.85
123,,0.85,0.85,0.7,0.134,-0.1,-0.1,0.134,0.7
124,5,0.6,0.717,0.85,0.567,0.9,0.333,0.284,0.567
125,5,0.35,0.584,1.0,1.0,1.0,0.766,0.434,0.434
126,,0.2,0.434,0.85,0.85,0.85,0.616,0.284,0.284
127,,0.05,0.284,0.7,0.7,0.7,0.466,0.134,0.134
128,,-0.1,0.134,0.55,0.55,0.55,0.316,-0.016,-0.016
129,1,0.9,0.567,0.7,0.417,0.3,0.183,0.134,0.417
130,1,1.0,1.0,0.85,0.284,0.05,0.05,0.284,0.85
131,,0.85,0.85,0.7,0.134,-0.1,-0.1,0.134,0.7
132,6,0.717,0.6,0.567,0.284,0.333,0.9,0.567,0.85
133,6,0.584,0.35,0.434,0.434,0.766,1.0,1.0,1.0
134,,0.434,0.2,0.284,0.284,0.616,0.85,0.85,0.85
135,,0.284,0.05,0.134,0.134,0.466,0.7,0.7,0.7
136,,0.134,-0.1,-0.016,-0.016,0.316,0.55,0.55,0.55
137,2,0.567,0.9,0.417,0.134,0.183,0.3,0.417,0.7
138,2,1.0,1.0,0.85,0.284,0.05,0.05,0.284,0.85
139,,0.85,0.85,0.7,0.134,-0.1,-0.1,0.134,0.7
140,5,0.6,0.717,0.85,0.567,0.9,0.333,0.284,0.567
141,5,0.35,0.584,1.0,1.0,1.0,0.766,0.434,0.434
142,,0.2,0.434,0.85,0.85,0.85,0.616,0.284,0.284
143,,0.05,0.284,0.7,0.7,0.7,0.466,0.134,0.134
144,,-0.1,0.134,0.55,0.55,0.55,0.316,-0.016,-0.016
145,1,0.9,0.567,0.7,0.417,0.3,0.183,0.134,0.417
146,1,1.0,1.0,0.85,0.284,0.05,0.05,0.284,0.85
147,,0.85,0.85,0.7,0.134,-0.1,-0.1,0.134,0.7
148,6,0.717,0.6,0.567,0.284,0.333,0.9,0.567,0.85
149,6,0.584,0.35,0.434,0.434,0.766,1.0,1.0,1.0
150,,0.434,0.2,0.284,0.284,0.616,0.85,0.85,0.85
151,,0.284,0.05,0.134,0.134,0.466,0.7,0.7,0.7
152,,0.134,-0.1,-0.016,-0.016,0.316,0.55,0.55,0.55
153,2,0.567,0.9,0.417,0.134,0.183,0.3,0.417,0.7
154,2,1.0,1.0,0.85,0.284,0.05,0.05,0.284,0.85
155,,0.85,0.85,0.7,0.134,-0.1,-0.1,0.134,0.7
156,6,0.717,0.6,0.567,0.284,0.333,0.9,0.567,0.85
157,6,0.584,0.35,0.434,0.434,0.766,1.0,1.0,1.0
158,,0.434,0.2,0.284,0.284,0.616,0.85,0.85,0.85
159,,0.284,0.05,0.134,0.134,0.466,0.7,0.7,0.7
160,,0.134,-0.1,-0.016,-0.016,0.316,0.55,0.55,0.55
161,2,0.567,0.9,0.417,0.134,0.183,0.3,0.417,0.7
162,2,1.0,1.0,0.85,0.284,0.05,0.05,0.284,0.85
163,,0.85,0.85,0.7,0.134,-0.1,-0.1,0.134,0.7
164,6,0.717,0.6,0.567,0.284,0.333,0.9,0.567,0.85
165,6,0.584,0.35,0.434,0.434,0.766,1.0,1.0,1.0
166,,0.434,0.2,0.284,0.284,0.616,0.85,0.85,0.85
167,,0.284,0.05,0.134,0.134,0.466,0.7,0.7,0.7
168,,0.134,-0.1,-0.016,-0.016,0.316,0.55,0.55,0.55
169,2,0.567,0.9,0.417,0.134,0.183,0.3,0.417,0.7
170,2,1.0,1.0,0.85,0.284,0.05,0.05,0.284,0.85
171,,0.85,0.85,0.7,0.134,-0.1,-0.1,0.134,0.7
172,6,0.717,0.6,0.567,0.284,0.333,0.9,0.567,0.85
173,6,0.584,0.35,0.434,0.434,0.766,1.0,1.0,1.0
174,,0.434,0.2,0.284,0.284,0.616,0.85,0.85,0.85
175,,0.284,0.05,0.134,0.134,0.466,0.7,0.7,0.7
176,,0.134,-0.1,-0.016,-0.016,0.316,0.55,0.55,0.55
177,2,0.567,0.9,0.417,0.134,0.183,0.3,0.417,0.7
178,2,1.0,1.0,0.85,0.284,0.05,0.05,0.284,0.85
179,,0.85,0.85,0.7,0.134,-0.1,-0.1,0.134,0.7
180,5,0.6,0.717,0.85,0.567,0.9,0.333,0.284,0.567
181,5,0.35,0.584,1.0,1.0,1.0,0.766,0.434,0.434
182,,0.2,0.434,0.85,0.85,0.85,0.616,0.284,0.284
183,,0.05,0.284,0.7,0.7,0.7,0.466,0.134,0.134
184,,-0.1,0.134,0.55,0.55,0.55,0.316,-0.016,-0.016
185,1,0.9,0.567,0.7,0.417,0.3,0.183,0.134,0.417
186,1,1.0,1.0,0.85,0.284,0.05,0.05,0.284,0.85
187,,0.85,0.85,0.7,0.134,-0.1,-0.1,0.134,0.7
188,6,0.717,0.6,0.567,0.284,0.333,0.9,0.567,0.85
189,6,0.584,0.35,0.434,0.434,0.766,1.0,1.0,1.0
190,,0.434,0.2,0.284,0.284,0.616,0.85,0.85,0.85
191,,0.284,0.05,0.134,0.134,0.466,0.7,0.7,0.7
192,,0.134,-0.1,-0.016,-0.016,0.316,0.55,0.55,0.55
193,2,0.567,0.9,0.417,0.134,0.183,0.3,0.417,0.7
194,2,1.0,1.0,0.85,0.284,0.05,0.05,0.284,0.85
195,,0.85,0.85,0.7,0.134,-0.1,-0.1,0.134,0.7
196,5,0.6,0.717,0.85,0.567,0.9,0.333,0.284,0.567
197,5,0.35,0.584,1.0,1.0,1.0,0.766,0.434,0.434
198,,0.2,0.434,0.85,0.85,0.85,0.616,0.284,0.284
199,,0.05,0.284,0.7,0.7,0.7,0.466,0.134,0.134
200,,-0.1,0.134,0.55,0.55,0.55,0.316,-0.016,-0.016
201,1,0.9,0.567,0.7,0.417,0.3,0.183,0.134,0.417
202,1,1.0,1.0,0.85,0.284,0.05,0.05,0.284,0.85
203,,0.85,0.85,0.7,0.134,-0.1,-0.1,0.134,0.7
204,5,0.6,0.717,0.85,0.567,0.9,0.333,0.284,0.567
205,5,0.35,0.584,1.0,1.0,1.0,0.766,0.434,0.434
206,,0.2,0.434,0.85,0.85,0.85,0.616,0.284,0.284
207,,0.05,0.284,0.7,0.7,0.7,0.466,0.134,0.134
208,,-0.1,0.134,0.55,0.55,0.55,0.316,-0.016,-0.016
209,1,0.9,0.567,0.7,0.417,0.3,0.183,0.134,0.417
210,1,1.0,1.0,0.85,0.284,0.05,0.05,0.284,0.85
211,,0.85,0.85,0.7,0.134,-0.1,-0.1,0.134,0.7
212,5,0.6,0.717,0.85,0.567,0.9,0.333,0.284,0.567
213,5,0.35,0.584,1.0,1.0,1.0,0.766,0.434,0.434
214,,0.2,0.434,0.85,0.85,0.85,0.616,0.284,0.284
215,,0.05,0.284,0.7,0.7,0.7,0.466,0.134,0.134
216,,-0.1,0.134,0.55,0.55,0.55,0.316,-0.016,-0.016
217,1,0.9,0.567,0.7,0.417,0.3,0.183,0.134,0.417
218,1,1.0,1.0,0.85,0.284,0.05,0.05,0.284,0.85
219,,0.85,0.85,0.7,0.134,-0.1,-0.1,0.134,0.7
220,5,0.6,0.717,0.85,0.567,0.9,0.333,0.284,0.567
221,5,0.35,0.584,1.0,1.0,1.0,0.766,0.434,0.434
222,,0.2,0.434,0.85,0.85,0.85,0.616,0.284,0.284
223,,0.05,0.284,0.7,0.7,0.7,0.466,0.134,0.134
224,,-0.1,0.134,0.55,0.55,0.55,0.316,-0.016,-0.016
225,1,0.9,0.567,0.7,0.417,0.3,0.183,0.134,0.417
226,1,1.0,1.0,0.85,0.284,0.05,0.05,0.284,0.85
227,,0.85,0.85,0.7,0.134,-0.1,-0.1,0.134,0.7
228,6,0.717,0.6,0.567,0.284,0.333,0.9,0.567,0.85
229,6,0.584,0.35,0.434,0.434,0.766,1.0,1.0,1.0
230,,0.434,0.2,0.284,0.284,0.616,0.85,0.85,0.85
231,,0.284,0.05,0.134,0.134,0.466,0.7,0.7,0.7
232,,0.134,-0.1,-0.016,-0.016,0.316,0.55,0.55,0.55
233,2,0.567,0.9,0.417,0.134,0.183,0.3,0.417,0.7
234,2,1.0,1.0,0.85,0.284,0.05,0.05,0.284,0.85
235,,0.85,0.85,0.7,0.134,-0.1,-0.1,0.134,0.7
236,5,0.6,0.717,0.85,0.567,0.9,0.333,0.284,0.567
237,5,0.35,0.584,1.0,1.0,1.0,0.766,0.434,0.434
238,,0.2,0.434,0.85,0.85,0.85,0.616,0.284,0.284
239,,0.05,0.284,0.7,0.7,0.7,0.466,0.134,0.134
240,,-0.1,0.134,0.55,0.55,0.55,0.316,-0.016,-0.016
241,1,0.9,0.567,0.7,0.417,0.3,0.183,0.134,0.417
242,1,1.0,1.0,0.85,0.284,0.05,0.05,0.284,0.85
243,,0.85,0.85,0.7,0.134,-0.1,-0.1,0.134,0.7
244,5,0.6,0.717,0.85,0.567,0.9,0.333,0.284,0.567
245,5,0.35,0.584,1.0,1.0,1.0,0.766,0.434,0.434
246,,0.2,0.434,0.85,0.85,0.85,0.616,0.284,0.284
247,,0.05,0.284,0.7,0.7,0.7,0.466,0.134,0.134
248,,-0.1,0.134,0.55,0.55,0.55,0.316,-0.016,-0.016
249,1,0.9,0.567,0.7,0.417,0.3,0.183,0.134,0.417
250,1,1.0,1.0,0.85,0.284,0.05,0.05,0.284,0.85
251,,0.85,0.85,0.7,0.134,-0.1,-0.1,0.134,0.7
252,5,0.6,0.717,0.85,0.567,0.9,0.333,0.284,0.567
253,5,0.35,0.584,1.0,1.0,1.0,0.766,0.434,0.434
254,,0.2,0.434,0.85,0.85,0.85,0.616,0.284,0.284
255,,0.05,0.284,0.7,0.7,0.7,0.466,0.134,0.134
256,,-0.1,0.134,0.55,0.55,0.55,0.316,-0.016,-0.016
257,1,0.9,0.567,0.7,0.417,0.3,0.183,0.134,0.417
258,1,1.0,1.0,0.85,0.284,0.05,0.05,0.284,0.85
259,,0.85,0.85,0.7,0.134,-0.1,-0.1,0.134,0.7
260,6,0.717,0.6,0.567,0.284,0.333,0.9,0.567,0.85
261,6,0.584,0.35,0.434,0.434,0.766,1.0,1.0,1.0
262,,0.434,0.2,0.284,0.284,0.616,0.85,0.85,0.85
263,,0.284,0.05,0.134,0.134,0.466,0.7,0.7,0.7
264,,0.134,-0.1,-0.016,-0.016,0.316,0.55,0.55,0.55
265,2,0.567,0.9,0.417,0.134,0.183,0.3,0.417,0.7
266,2,1.0,1.0,0.85,0.284,0.05,0.05,0.284,0.85
267,,0.85,0.85,0.7,0.134,-0.1,-0.1,0.134,0.7
268,6,0.717,0.6,0.567,0.284,0.333,0.9,0.567,0.85
269,6,0.584,0.35,0.434,0.434,0.766,1.0,1.0,1.0
270,,0.434,0.2,0.284,0.284,0.616,0.85,0.85,0.85
271,,0.284,0.05,0.134,0.134,0.466,0.7,0.7,0.7
272,,0.134,-0.1,-0.016,-0.016,0.316,0.55,0.55,0.55
273,2,0.567,0.9,0.417,0.134,0.183,0.3,0.417,0.7
274,2,1.0,1.0,0.85,0.284,0.05,0.05,0.284,0.85
275,,0.85,0.85,0.7,0.134,-0.1,-0.1,0.134,0.7
276,6,0.717,0.6,0.567,0.284,0.333,0.9,0.567,0.85
277,6,0.584,0.35,0.434,0.434,0.766,1.0,1.0,1.0
278,,0.434,0.2,0.284,0.284,0.616,0.85,0.85,0.85
279,,0.284,0.05,0.134,0.134,0.466,0.7,0.7,0.7
280,,0.134,-0.1,-0.016,-0.016,0.316,0.55,0.55,0.55
281,2,0.567,0.9,0.417,0.134,0.183,0.3,0.417,0.7
282,2,1.0,1.0,0.85,0.284,0.05,0.05,0.284,0.85
283,,0.85,0.85,0.7,0.134,-0.1,-0.1,0.134,0.7
284,6,0.717,0.6,0.567,0.284,0.333,0.9,0.567,0.85
285,6,0.584,0.35,0.434,0.434,0.766,1.0,1.0,1.0
286,,0.434,0.2,0.284,0.284,0.616,0.85,0.85,0.85
287,,0.284,0.05,0.134,0.134,0.466,0.7,0.7,0.7
288,,0.134,-0.1,-0.016,-0.016,0.316,0.55,0.55,0.55
289,2,0.567,0.9,0.417,0.134,0.183,0.3,0.417,0.7
290,2,1.0,1.0,0.85,0.284,0.05,0.05,0.284,0.85
291,,0.85,0.85,0.7,0.134,-0.1,-0.1,0.134,0.7
292,5,0.6,0.717,0.85,0.567,0.9,0.333,0.284,0.567
293,5,0.35,0.584,1.0,1.0,1.0,0.766,0.434,0.434
294,,0.2,0.434,0.85,0.85,0.85,0.616,0.284,0.284
295,,0.05,0.284,0.7,0.7,0.7,0.466,0.134,0.134
296,,-0.1,0.134,0.55,0.55,0.55,0.316,-0.016,-0.016
297,1,0.9,0.567,0.7,0.417,0.3,0.183,0.134,0.417
298,1,1.0,1.0,0.85,0.284,0.05,0.05,0.284,0.85
299,,0.85,0.85,0.7,0.134,-0.1,-0.1,0.134,0.7
300,5,0.6,0.717,0.85,0.567,0.9,0.333,0.284,0.567
301,5,0.35,0.584,1.0,1.0,1.0,0.766,0.434,0.434
302,,0.2,0.434,0.85,0.85,0.85,0.616,0.284,0.284
303,,0.05,0.284,0.7,0.7,0.7,0.466,0.134,0.134
304,,-0.1,0.134,0.55,0.55,0.55,0.316,-0.016,-0.016
305,1,0.9,0.567,0.7,0.417,0.3,0.183,0.134,0.417
306,1,1.0,1.0,0.85,0.284,0.05,0.05,0.284,0.85
307,,0.85,0.85,0.7,0.134,-0.1,-0.1,0.134,0.7
308,6,0.717,0.6,0.567,0.284,0.333,0.9,0.567,0.85
309,6,0.584,0.35,0.434,0.434,0.766,1.0,1.0,1.0
310,,0.434,0.2,0.284,0.284,0.616,0.85,0.85,0.85
311,,0.284,0.05,0.134,0.134,0.466,0.7,0.7,0.7
312,,0.134,-0.1,-0.016,-0.016,0.316,0.55,0.55,0.55
313,2,0.567,0.9,0.417,0.134,0.183,0.3,0.417,0.7
314,2,1.0,1.0,0.85,0.284,0.05,0.05,0.284,0.85
315,,0.85,0.85,0.7,0.134,-0.1,-0.1,0.134,0.7
316,5,0.6,0.717,0.85,0.567,0.9,0.333,0.284,0.567
317,5,0.35,0.584,1.0,1.0,1.0,0.766,0.434,0.434
318,,0.2,0.434,0.85,0.85,0.85,0.616,0.284,0.284
319,,0.05,0.284,0.7,0.7,0.7,0.466,0.134,0.134
320,,-0.1,0.134,0.55,0.55,0.55,0.316,-0.016,-0.016
321,1,0.9,0.567,0.7,0.417,0.3,0.183,0.134,0.417
322,1,1.0,1.0,0.85,0.284,0.05,0.05,0.284,0.85
323,,0.85,0.85,0.7,0.134,-0.1,-0.1,0.134,0.7
324,5,0.6,0.717,0.85,0.567,0.9,0.333,0.284,0.567
325,5,0.35,0.584,1.0,1.0,1.0,0.766,0.434,0.434
326,,0.2,0.434,0.85,0.85,0.85,0.616,0.284,0.284
327,,0.05,0.284,0.7,0.7,0.7,0.466,0.134,0.134
328,,-0.1,0.134,0.55,0.55,0.55,0.316,-0.016,-0.016
329,1,0.9,0.567,0.7,0.417,0.3,0.183,0.134,0.417
330,1,1.0,1.0,0.85,0.284,0.05,0.05,0.284,0.85
331,,0.85,0.85,0.7,0.134,-0.1,-0.1,0.134,0.7
332,5,0.6,0.717,0.85,0.567,0.9,0.333,0.284,0.567
333,5,0.35,0.584,1.0,1.0,1.0,0.766,0.434,0.434
334,,0.2,0.434,0.85,0.85,0.85,0.616,0.284,0.284
335,,0.05,0.284,0.7,0.7,0.7,0.466,0.134,0.134
336,,-0.1,0.134,0.55,0.55,0.55,0.316,-0.016,-0.016
337,1,0.9,0.567,0.7,0.417,0.3,0.183,0.134,0.417
338,1,1.0,1.0,0.85,0.284,0.05,0.05,0.284,0.85
339,,0.85,0.85,0.7,0.134,-0.1,-0.1,0.134,0.7
340,6,0.717,0.6,0.567,0.284,0.333,0.9,0.567,0.85
341,6,0.584,0.35,0.434,0.434,0.766,1.0,1.0,1.0
342,,0.434,0.2,0.284,0.284,0.616,0.85,0.85,0.85
343,,0.284,0.05,0.134,0.134,0.466,0.7,0.7,0.7
344,,0.134,-0.1,-0.016,-0.016,0.316,0.55,0.55,0.55
345,2,0.567,0.9,0.417,0.134,0.183,0.3,0.417,0.7
346,2,1.0,1.0,0.85,0.284,0.05,0.05,0.284,0.85
347,,0.85,0.85,0.7,0.134,-0.1,-0.1,0.134,0.7
348,6,0.717,0.6,0.567,0.284,0.333,0.9,0.567,0.85
349,6,0.584,0.35,0.434,0.434,0.766,1.0,1.0,1.0
350,,0.434,0.2,0.284,0.284,0.616,0.85,0.85,0.85
351,,0.284,0.05,0.134,0.134,0.466,0.7,0.7,0.7
352,,0.134,-0.1,-0.016,-0.016,0.316,0.55,0.55,0.55
353,2,0.567,0.9,0.417,0.134,0.183,0.3,0.417,0.7
354,2,1.0,1.0,0.85,0.284,0.05,0.05,0.284,0.85
355,,0.85,0.85,0.7,0.134,-0.1,-0.1,0.134,0.7
356,5,0.6,0.717,0.85,0.567,0.9,0.333,0.284,0.567
357,5,0.35,0.584,1.0,1.0,1.0,0.766,0.434,0.434
358,,0.2,0.434,0.85,0.85,0.85,0.616,0.284,0.284
359,,0.05,0.284,0.7,0.7,0.7,0.466,0.134,0.134
360,,-0.1,0.134,0.55,0.55,0.55,0.316,-0.016,-0.016
361,1,0.9,0.567,0.7,0.417,0.3,0.183,0.134,0.417
362,1,1.0,1.0,0.85,0.284,0.05,0.05,0.284,0.85
363,,0.85,0.85,0.7,0.134,-0.1,-0.1,0.134,0.7
364,6,0.717,0.6,0.567,0.284,0.333,0.9,0.567,0.85
365,6,0.584,0.35,0.434,0.434,0.766,1.0,1.0,1.0
366,,0.434,0.2,0.284,0.284,0.616,0.85,0.85,0.85
367,,0.284,0.05,0.134,0.134,0.466,0.7,0.7,0.7
368,,0.134,-0.1,-0.016,-0.016,0.316,0.55,0.55,0.55
369,2,0.567,0.9,0.417,0.134,0.183,0.3,0.417,0.7
370,2,1.0,1.0,0.85,0.284,0.05,0.05,0.284,0.85
371,,0.85,0.85,0.7,0.134,-0.1,-0.1,0.134,0.7
372,6,0.717,0.6,0.567,0.284,0.333,0.9,0.567,0.85
373,6,0.584,0.35,0.434,0.434,0.766,1.0,1.0,1.0
374,,0.434,0.2,0.284,0.284,0.616,0.85,0.85,0.85
375,,0.284,0.05,0.134,0.134,0.466,0.7,0.7,0.7
376,,0.134,-0.1,-0.016,-0.016,0.316,0.55,0.55,0.55
377,2,0.567,0.9,0.417,0.134,0.183,0.3,0.417,0.7
378,2,1.0,1.0,0.85,0.284,0.05,0.05,0.284,0.85
379,,0.85,0.85,0.7,0.134,-0.1,-0.1,0.134,0.7
380,6,0.717,0.6,0.567,0.284,0.333,0.9,0.567,0.85
381,6,0.584,0.35,0.434,0.434,0.766,1.0,1.0,1.0
382,,0.434,0.2,0.284,0.284,0.616,0.85,0.85,0.85
383,,0.284,0.05,0.134,0.134,0.466,0.7,0.7,0.7
384,,0.134,-0.1,-0.016,-0.016,0.316,0.55,0.55,0.55
385,2,0.567,0.9,0.417,0.134,0.183,0.3,0.417,0.7
386,2,1.0,1.0,0.85,0.284,0.05,0.05,0.284,0.85
387,,0.85,0.85,0.7,0.134,-0.1,-0.1,0.134,0.7
388,6,0.717,0.6,0.567,0.284,0.333,0.9,0.567,0.85
389,6,0.584,0.35,0.434,0.434,0.766,1.0,1.0,1.0
390,,0.434,0.2,0.284,0.284,0.616,0.85,0.85,0.85
391,,0.284,0.05,0.134,0.134,0.466,0.7,0.7,0.7
392,,0.134,-0.1,-0.016,-0.016,0.316,0.55,0.55,0.55
393,2,0.567,0.9,0.417,0.134,0.183,0.3,0.417,0.7
394,2,1.0,1.0,0.85,0.284,0.05,0.05,0.284,0.85
395,,0.85,0.85,0.7,0.134,-0.1,-0.1,0.134,0.7
396,6,0.717,0.6,0.567,0.284,0.333,0.9,0.567,0.85
397,6,0.584,0.35,0.434,0.434,0.766,1.0,1.0,1.0
398,,0.434,0.2,0.284,0.284,0.616,0.85,0.85,0.85
399,,0.284,0.05,0.134,0.134,0.466,0.7,0.7,0.7
400,,0.134,-0.1,-0.016,-0.016,0.316,0.55,0.55,0.55
401,2,0.567,0.9,0.417,0.134,0.183,0.3,0.417,0.7
402,2,1.0,1.0,0.85,0.284,0.05,0.05,0.284,0.85
403,,0.85,0.85,0.7,0.134,-0.1,-0.1,0.134,0.7
404,5,0.6,0.717,0.85,0.567,0.9,0.333,0.284,0.567
405,5,0.35,0.584,1.0,1.0,1.0,0.766,0.434,0.434
406,,0.2,0.434,0.85,0.85,0.85,0.616,0.284,0.284
407,,0.05,0.284,0.7,0.7,0.7,0.466,0.134,0.134
408,,-0.1,0.134,0.55,0.55,0.55,0.316,-0.016,-0.016
409,1,0.9,0.567,0.7,0.417,0.3,0.183,0.134,0.417
410,1,1.0,1.0,0.85,0.284,0.05,0.05,0.284,0.85
411,,0.85,0.85,0.7,0.134,-0.1,-0.1,0.134,0.7
412,6,0.717,0.6,0.567,0.284,0.333,0.9,0.567,0.85
413,6,0.584,0.35,0.434,0.434,0.766,1.0,1.0,1.0
414,,0.434,0.2,0.284,0.284,0.616,0.85,0.85,0.85
415,,0.284,0.05,0.134,0.134,0.466,0.7,0.7,0.7
416,,0.134,-0.1,-0.016,-0.016,0.316,0.55,0.55,0.55
417,2,0.567,0.9,0.417,0.134,0.183,0.3,0.417,0.7
418,2,1.0,1.0,0.85,0.284,0.05,0.05,0.284,0.85
419,,0.85,0.85,0.7,0.134,-0.1,-0.1,0.134,0.7
420,5,0.6,0.717,0.85,0.567,0.9,0.333,0.284,0.567
421,5,0.35,0.584,1.0,1.0,1.0,0.766,0.434,0.434
422,,0.2,0.434,0.85,0.85,0.85,0.616,0.284,0.284
423,,0.05,0.284,0.7,0.7,0.7,0.466,0.134,0.134
424,,-0.1,0.134,0.55,0.55,0.55,0.316,-0.016,-0.016
425,1,0.9,0.567,0.7,0.417,0.3,0.183,0.134,0.417
426,1,1.0,1.0,0.85,0.284,0.05,0.05,0.284,0.85
427,,0.85,0.85,0.7,0.134,-0.1,-0.1,0.134,0.7
428,5,0.6,0.717,0.85,0.567,0.9,0.333,0.284,0.567
429,5,0.35,0.584,1.0,1.0,1.0,0.766,0.434,0.434
430,,0.2,0.434,0.85,0.85,0.85,0.616,0.284,0.284
431,,0.05,0.284,0.7,0.7,0.7,0.466,0.134,0.134
432,,-0.1,0.134,0.55,0.55,0.55,0.316,-0.016,-0.016
433,1,0.9,0.567,0.7,0.417,0.3,0.183,0.134,0.417
434,1,1.0,1.0,0.85,0.284,0.05,0.05,0.284,0.85
435,,0.85,0.85,0.7,0.134,-0.1,-0.1,0.134,0.7
436,6,0.717,0.6,0.567,0.284,0.333,0.9,0.567,0.85
437,6,0.584,0.35,0.434,0.434,0.766,1.0,1.0,1.0
438,,0.434,0.2,0.284,0.284,0.616,0.85,0.85,0.85
439,,0.284,0.05,0.134,0.134,0.466,0.7,0.7,0.7
440,,0.134,-0.1,-0.016,-0.016,0.316,0.55,0.55,0.55
441,2,0.567,0.9,0.417,0.134,0.183,0.3,0.417,0.7
442,2,1.0,1.0,0.85,0.284,0.05,0.05,0.284,0.85
443,,0.85,0.85,0.7,0.134,-0.1,-0.1,0.134,0.7
444,5,0.6,0.717,0.85,0.567,0.9,0.333,0.284,0.567
445,5,0.35,0.584,1.0,1.0,1.0,0.766,0.434,0.434
446,,0.2,0.434,0.85,0.85,0.85,0.616,0.284,0.284
447,,0.05,0.284,0.7,0.7,0.7,0.466,0.134,0.134
448,,-0.1,0.134,0.55,0.55,0.55,0.316,-0.016,-0.016
449,1,0.9,0.567,0.7,0.417,0.3,0.183,0.134,0.417
450,1,1.0,1.0,0.85,0.284,0.05,0.05,0.284,0.85
451,,0.85,0.85,0.7,0.134,-0.1,-0.1,0.134,0.7
452,5,0.6,0.717,0.85,0.567,0.9,0.333,0.284,0.567
453,5,0.35,0.584,1.0,1.0,1.0,0.766,0.434,0.434
454,,0.2,0.434,0.85,0.85,0.85,0.616,0.284,0.284
455,,0.05,0.284,0.7,0.7,0.7,0.466,0.134,0.134
456,,-0.1,0.134,0.55,0.55,0.55,0.316,-0.016,-0.016
457,1,0.9,0.567,0.7,0.417,0.3,0.183,0.134,0.417
458,1,1.0,1.0,0.85,0.284,0.05,0.05,0.284,0.85
459,,0.85,0.85,0.7,0.134,-0.1,-0.1,0.134,0.7
460,5,0.6,0.717,0.85,0.567,0.9,0.333,0.284,0.567
461,5,0.35,0.584,1.0,1.0,1.0,0.766,0.434,0.434
462,,0.2,0.434,0.85,0.85,0.85,0.616,0.284,0.284
463,,0.05,0.284,0.7,0.7,0.7,0.466,0.134,0.134
464,,-0.1,0.134,0.55,0.55,0.55,0.316,-0.016,-0.016
465,1,0.9,0.567,0.7,0.417,0.3,0.183,0.134,0.417
466,1,1.0,1.0,0.85,0.284,0.05,0.05,0.284,0.85
467,,0.85,0.85,0.7,0.134,-0.1,-0.1,0.134,0.7
468,6,0.717,0.6,0.567,0.284,0.333,0.9,0.567,0.85
469,6,0.584,0.35,0.434,0.434,0.766,1.0,1.0,1.0
470,,0.434,0.2,0.284,0.284,0.616,0.85,0.85,0.85
471,,0.284,0.05,0.134,0.134,0.466,0.7,0.7,0.7
472,,0.134,-0.1,-0.016,-0.016,0.316,0.55,0.55,0.55
473,2,0.567,0.9,0.417,0.134,0.183,0.3,0.417,0.7
474,2,1.0,1.0,0.85,0.284,0.05,0.05,0.284,0.85
475,,0.85,0.85,0.7,0.134,-0.1,-0.1,0.134,0.7
476,6,0.717,0.6,0.567,0.284,0.333,0.9,0.567,0.85
477,6,0.584,0.35,0.434,0.434,0.766,1.0,1.0,1.0
478,,0.434,0.2,0.284,0.284,0.616,0.85,0.85,0.85
479,,0.284,0.05,0.134,0.134,0.466,0.7,0.7,0.7
480,,0.134,-0.1,-0.016,-0.016,0.316,0.55,0.55,0.55
481,2,0.567,0.9,0.417,0.134,0.183,0.3,0.417,0.7
482,2,1.0,1.0,0.85,0.284,0.05,0.05,0.284,0.85
483,,0.85,0.85,0.7,0.134,-0.1,-0.1,0.134,0.7
484,5,0.6,0.717,0.85,0.567,0.9,0.333,0.284,0.567
485,5,0.35,0.584,1.0,1.0,1.0,0.766,0.434,0.434
486,,0.2,0.434,0.85,0.85,0.85,0.616,0.284,0.284
487,,0.05,0.284,0.7,0.7,0.7,0.466,0.134,0.134
488,,-0.1,0.134,0.55,0.55,0.55,0.316,-0.016,-0.016
489,1,0.9,0.567,0.7,0.417,0.3,0.183,0.134,0.417
490,1,1.0,1.0,0.85,0.284,0.05,0.05,0.284,0.85
491,,0.85,0.85,0.7,0.134,-0.1,-0.1,0.134,0.7
492,6,0.717,0.6,0.567,0.284,0.333,0.9,0.567,0.85
493,6,0.584,0.35,0.434,0.434,0.766,1.0,1.0,1.0
494,,0.434,0.2,0.284,0.284,0.616,0.85,0.85,0.85
495,,0.284,0.05,0.134,0.134,0.466,0.7,0.7,0.7
496,,0.134,-0.1,-0.016,-0.016,0.316,0.55,0.55,0.55
497,2,0.567,0.9,0.417,0.134,0.183,0.3,0.417,0.7
498,2,1.0,1.0,0.85,0.284,0.05,0.05,0.284,0.85
499,,0.85,0.85,0.7,0.134,-0.1,-0.1,0.134,0.7
