step,active_motive,motive_1,motive_2,motive_3,motive_4,motive_5,motive_6,motive_7,motive_8
0,,0.3147,0.34787,0.22727,0.31378,0.29216,0.45058,0.02272,0.14048
1,,0.1147,0.14787,0.02727,0.11378,0.09216,0.25058,-0.17728,-0.05952
2,7,0.3147,0.13587,-0.07273,0.10178,0.29216,0.66258,0.82272,0.35248
3,7,0.5147,0.12387,-0.17273,0.08978,0.49216,1.0,1.0,0.76448
4,3,0.7147,0.53587,0.82727,0.50178,0.69216,0.988,0.9,0.75248
5,3,0.9147,0.94787,1.0,0.91378,0.89216,0.976,0.8,0.74048
6,,0.7147,0.74787,0.8,0.71378,0.69216,0.776,0.6,0.54048
7,,0.5147,0.54787,0.6,0.51378,0.49216,0.576,0.4,0.34048
8,,0.3147,0.34787,0.4,0.31378,0.29216,0.376,0.2,0.14048
9,,0.1147,0.14787,0.2,0.11378,0.09216,0.176,0.0,-0.05952
10,8,0.5267,0.34787,0.188,0.01378,0.08016,0.376,0.412,0.94048
11,8,0.9387,0.54787,0.176,-0.08622,0.06816,0.576,0.824,1.0
12,4,0.9267,0.74787,0.588,0.91378,0.48016,0.776,0.812,0.9
13,4,0.9147,0.94787,1.0,1.0,0.89216,0.976,0.8,0.8
14,,0.7147,0.74787,0.8,0.8,0.69216,0.776,0.6,0.6
15,,0.5147,0.54787,0.6,0.6,0.49216,0.576,0.4,0.4
16,,0.3147,0.34787,0.4,0.4,0.29216,0.376,0.2,0.2
17,,0.1147,0.14787,0.2,0.2,0.09216,0.176,0.0,0.0
18,,-0.0853,-0.05213,0.0,0.0,-0.10784,-0.024,-0.2,-0.2
19,8,0.3267,0.14787,-0.012,-0.1,-0.11984,0.176,0.212,0.8
20,8,0.7387,0.34787,-0.024,-0.2,-0.13184,0.376,0.624,1.0
21,4,0.7267,0.54787,0.388,0.8,0.28016,0.576,0.612,0.9
22,4,0.7147,0.74787,0.8,1.0,0.69216,0.776,0.6,0.8
23,,0.5147,0.54787,0.6,0.8,0.49216,0.576,0.4,0.6
24,,0.3147,0.34787,0.4,0.6,0.29216,0.376,0.2,0.4
25,,0.1147,0.14787,0.2,0.4,0.09216,0.176,0.0,0.2
26,,-0.0853,-0.05213,0.0,0.2,-0.10784,-0.024,-0.2,0.0
27,7,0.1147,-0.06413,-0.1,0.188,0.09216,0.388,0.8,0.412
28,7,0.3147,-0.07613,-0.2,0.176,0.29216,0.8,1.0,0.824
29,3,0.5147,0.33587,0.8,0.588,0.49216,0.788,0.9,0.812
30,3,0.7147,0.74787,1.0,1.0,0.69216,0.776,0.8,0.8
31,,0.5147,0.54787,0.8,0.8,0.49216,0.576,0.6,0.6
32,,0.3147,0.34787,0.6,0.6,0.29216,0.376,0.4,0.4
33,,0.1147,0.14787,0.4,0.4,0.09216,0.176,0.2,0.2
34,,-0.0853,-0.05213,0.2,0.2,-0.10784,-0.024,0.0,0.0
35,5,-0.1853,-0.06413,0.4,0.612,0.89216,0.388,0.2,-0.012
36,5,-0.2853,-0.07613,0.6,1.0,1.0,0.8,0.4,-0.024
37,1,0.7147,0.33587,0.8,0.988,0.9,0.788,0.6,0.388
38,1,1.0,0.74787,1.0,0.976,0.8,0.776,0.8,0.8
39,,0.8,0.54787,0.8,0.776,0.6,0.576,0.6,0.6
40,,0.6,0.34787,0.6,0.576,0.4,0.376,0.4,0.4
41,,0.4,0.14787,0.4,0.376,0.2,0.176,0.2,0.2
42,,0.2,-0.05213,0.2,0.176,0.0,-0.024,0.0,0.0
43,2,0.612,0.94787,0.612,0.376,-0.012,-0.124,-0.012,0.2
44,2,1.0,1.0,1.0,0.576,-0.024,-0.224,-0.024,0.4
45,6,0.988,0.9,0.988,0.776,0.388,0.776,0.388,0.6
46,6,0.976,0.8,0.976,0.976,0.8,1.0,0.8,0.8
47,,0.776,0.6,0.776,0.776,0.6,0.8,0.6,0.6
48,,0.576,0.4,0.576,0.576,0.4,0.6,0.4,0.4
49,,0.376,0.2,0.376,0.376,0.2,0.4,0.2,0.2
50,,0.176,0.0,0.176,0.176,0.0,0.2,0.0,0.0
51,,-0.024,-0.2,-0.024,-0.024,-0.2,0.0,-0.2,-0.2
52,8,0.388,0.0,-0.036,-0.124,-0.212,0.2,0.212,0.8
53,8,0.8,0.2,-0.048,-0.224,-0.224,0.4,0.624,1.0
54,5,0.7,0.188,0.152,0.188,0.776,0.812,0.824,0.988
55,5,0.6,0.176,0.352,0.6,1.0,1.0,1.0,0.976
56,,0.4,-0.024,0.152,0.4,0.8,0.8,0.8,0.776
57,2,0.812,0.976,0.564,0.6,0.788,0.7,0.788,0.976
58,2,1.0,1.0,0.976,0.8,0.776,0.6,0.776,1.0
59,,0.8,0.8,0.776,0.6,0.576,0.4,0.576,0.8
60,,0.6,0.6,0.576,0.4,0.376,0.2,0.376,0.6
61,,0.4,0.4,0.376,0.2,0.176,0.0,0.176,0.4
62,,0.2,0.2,0.176,0.0,-0.024,-0.2,-0.024,0.2
63,6,0.188,0.1,0.164,0.2,0.388,0.8,0.388,0.4
64,6,0.176,0.0,0.152,0.4,0.8,1.0,0.8,0.6
65,,-0.024,-0.2,-0.048,0.2,0.6,0.8,0.6,0.4
66,2,0.388,0.8,0.364,0.4,0.588,0.7,0.588,0.6
67,2,0.8,1.0,0.776,0.6,0.576,0.6,0.576,0.8
68,,0.6,0.8,0.576,0.4,0.376,0.4,0.376,0.6
69,,0.4,0.6,0.376,0.2,0.176,0.2,0.176,0.4
70,,0.2,0.4,0.176,0.0,-0.024,0.0,-0.024,0.2
71,7,0.4,0.388,0.076,-0.012,0.176,0.412,0.976,0.612
72,7,0.6,0.376,-0.024,-0.024,0.376,0.824,1.0,1.0
73,4,0.588,0.576,0.388,0.976,0.788,1.0,0.988,0.9
74,4,0.576,0.776,0.8,1.0,1.0,1.0,0.976,0.8
75,,0.376,0.576,0.6,0.8,0.8,0.8,0.776,0.6
76,,0.176,0.376,0.4,0.6,0.6,0.6,0.576,0.4
77,,-0.024,0.176,0.2,0.4,0.4,0.4,0.376,0.2
78,1,0.976,0.588,0.4,0.388,0.3,0.388,0.576,0.612
79,1,1.0,1.0,0.6,0.376,0.2,0.376,0.776,1.0
80,,0.8,0.8,0.4,0.176,0.0,0.176,0.576,0.8
81,,0.6,0.6,0.2,-0.024,-0.2,-0.024,0.376,0.6
82,5,0.5,0.588,0.4,0.388,0.8,0.388,0.576,0.588
83,5,0.4,0.576,0.6,0.8,1.0,0.8,0.776,0.576
84,,0.2,0.376,0.4,0.6,0.8,0.6,0.576,0.376
85,,0.0,0.176,0.2,0.4,0.6,0.4,0.376,0.176
86,,-0.2,-0.024,0.0,0.2,0.4,0.2,0.176,-0.024
87,1,0.8,0.388,0.2,0.188,0.3,0.188,0.376,0.388
88,1,1.0,0.8,0.4,0.176,0.2,0.176,0.576,0.8
89,,0.8,0.6,0.2,-0.024,0.0,-0.024,0.376,0.6
90,6,0.788,0.5,0.188,0.176,0.412,0.976,0.788,0.8
91,6,0.776,0.4,0.176,0.376,0.824,1.0,1.0,1.0
92,,0.576,0.2,-0.024,0.176,0.624,0.8,0.8,0.8
93,3,0.776,0.612,0.976,0.588,0.824,0.788,0.7,0.788
94,3,0.976,1.0,1.0,1.0,1.0,0.776,0.6,0.776
95,,0.776,0.8,0.8,0.8,0.8,0.576,0.4,0.576
96,,0.576,0.6,0.6,0.6,0.6,0.376,0.2,0.376
97,,0.376,0.4,0.4,0.4,0.4,0.176,0.0,0.176
98,,0.176,0.2,0.2,0.2,0.2,-0.024,-0.2,-0.024
99,7,0.376,0.188,0.1,0.188,0.4,0.388,0.8,0.388
100,7,0.576,0.176,0.0,0.176,0.6,0.8,1.0,0.8
101,,0.376,-0.024,-0.2,-0.024,0.4,0.6,0.8,0.6
102,3,0.576,0.388,0.8,0.388,0.6,0.588,0.7,0.588
103,3,0.776,0.8,1.0,0.8,0.8,0.576,0.6,0.576
104,,0.576,0.6,0.8,0.6,0.6,0.376,0.4,0.376
105,,0.376,0.4,0.6,0.4,0.4,0.176,0.2,0.176
106,,0.176,0.2,0.4,0.2,0.2,-0.024,0.0,-0.024
107,8,0.588,0.4,0.388,0.1,0.188,0.176,0.412,0.976
108,8,1.0,0.6,0.376,0.0,0.176,0.376,0.824,1.0
109,,0.8,0.4,0.176,-0.2,-0.024,0.176,0.624,0.8
110,4,0.788,0.6,0.588,0.8,0.388,0.376,0.612,0.7
111,4,0.776,0.8,1.0,1.0,0.8,0.576,0.6,0.6
112,,0.576,0.6,0.8,0.8,0.6,0.376,0.4,0.4
113,,0.376,0.4,0.6,0.6,0.4,0.176,0.2,0.2
114,,0.176,0.2,0.4,0.4,0.2,-0.024,0.0,0.0
115,6,0.164,0.1,0.388,0.6,0.612,0.976,0.412,0.2
116,6,0.152,0.0,0.376,0.8,1.0,1.0,0.824,0.4
117,,-0.048,-0.2,0.176,0.6,0.8,0.8,0.624,0.2
118,2,0.364,0.8,0.588,0.8,0.788,0.7,0.612,0.4
119,2,0.776,1.0,1.0,1.0,0.776,0.6,0.6,0.6
120,,0.576,0.8,0.8,0.8,0.576,0.4,0.4,0.4
121,,0.376,0.6,0.6,0.6,0.376,0.2,0.2,0.2
122,,0.176,0.4,0.4,0.4,0.176,0.0,0.0,0.0
123,,-0.024,0.2,0.2,0.2,-0.024,-0.2,-0.2,-0.2
124,6,-0.036,0.1,0.188,0.4,0.388,0.8,0.212,0.0
125,6,-0.048,0.0,0.176,0.6,0.8,1.0,0.624,0.2
126,1,0.952,0.412,0.376,0.588,0.7,0.988,0.824,0.612
127,1,1.0,0.824,0.576,0.576,0.6,0.976,1.0,1.0
128,,0.8,0.624,0.376,0.376,0.4,0.776,0.8,0.8
129,,0.6,0.424,0.176,0.176,0.2,0.576,0.6,0.6
130,,0.4,0.224,-0.024,-0.024,0.0,0.376,0.4,0.4
131,4,0.388,0.424,0.388,0.976,0.412,0.576,0.388,0.3
132,4,0.376,0.624,0.8,1.0,0.824,0.776,0.376,0.2
133,,0.176,0.424,0.6,0.8,0.624,0.576,0.176,0.0
134,,-0.024,0.224,0.4,0.6,0.424,0.376,-0.024,-0.2
135,8,0.388,0.424,0.388,0.5,0.412,0.576,0.388,0.8
136,8,0.8,0.624,0.376,0.4,0.4,0.776,0.8,1.0
137,,0.6,0.424,0.176,0.2,0.2,0.576,0.6,0.8
138,,0.4,0.224,-0.024,0.0,0.0,0.376,0.4,0.6
139,3,0.6,0.636,0.976,0.412,0.2,0.364,0.3,0.588
140,3,0.8,1.0,1.0,0.824,0.4,0.352,0.2,0.576
141,,0.6,0.8,0.8,0.624,0.2,0.152,0.0,0.376
142,,0.4,0.6,0.6,0.424,0.0,-0.048,-0.2,0.176
143,7,0.6,0.588,0.5,0.412,0.2,0.364,0.8,0.588
144,7,0.8,0.576,0.4,0.4,0.4,0.776,1.0,1.0
145,,0.6,0.376,0.2,0.2,0.2,0.576,0.8,0.8
146,,0.4,0.176,0.0,0.0,0.0,0.376,0.6,0.6
147,,0.2,-0.024,-0.2,-0.2,-0.2,0.176,0.4,0.4
148,4,0.188,0.176,0.212,0.8,0.212,0.376,0.388,0.3
149,4,0.176,0.376,0.624,1.0,0.624,0.576,0.376,0.2
150,,-0.024,0.176,0.424,0.8,0.424,0.376,0.176,0.0
151,1,0.976,0.588,0.624,0.788,0.324,0.364,0.376,0.412
152,1,1.0,1.0,0.824,0.776,0.224,0.352,0.576,0.824
153,,0.8,0.8,0.624,0.576,0.024,0.152,0.376,0.624
154,,0.6,0.6,0.424,0.376,-0.176,-0.048,0.176,0.424
155,5,0.5,0.588,0.624,0.788,0.824,0.364,0.376,0.412
156,5,0.4,0.576,0.824,1.0,1.0,0.776,0.576,0.4
157,,0.2,0.376,0.624,0.8,0.8,0.576,0.376,0.2
158,,0.0,0.176,0.424,0.6,0.6,0.376,0.176,0.0
159,,-0.2,-0.024,0.224,0.4,0.4,0.176,-0.024,-0.2
160,8,0.212,0.176,0.212,0.3,0.388,0.376,0.388,0.8
161,8,0.624,0.376,0.2,0.2,0.376,0.576,0.8,1.0
162,,0.424,0.176,0.0,0.0,0.176,0.376,0.6,0.8
163,,0.224,-0.024,-0.2,-0.2,-0.024,0.176,0.4,0.6
164,4,0.212,0.176,0.212,0.8,0.388,0.376,0.388,0.5
165,4,0.2,0.376,0.624,1.0,0.8,0.576,0.376,0.4
166,,0.0,0.176,0.424,0.8,0.6,0.376,0.176,0.2
167,,-0.2,-0.024,0.224,0.6,0.4,0.176,-0.024,0.0
168,1,0.8,0.388,0.424,0.588,0.3,0.164,0.176,0.412
169,1,1.0,0.8,0.624,0.576,0.2,0.152,0.376,0.824
170,,0.8,0.6,0.424,0.376,0.0,-0.048,0.176,0.624
171,6,0.788,0.5,0.412,0.576,0.412,0.952,0.588,0.824
172,6,0.776,0.4,0.4,0.776,0.824,1.0,1.0,1.0
173,,0.576,0.2,0.2,0.576,0.624,0.8,0.8,0.8
174,,0.376,0.0,0.0,0.376,0.424,0.6,0.6,0.6
175,,0.176,-0.2,-0.2,0.176,0.224,0.4,0.4,0.4
176,3,0.376,0.212,0.8,0.588,0.424,0.388,0.3,0.388
177,3,0.576,0.624,1.0,1.0,0.624,0.376,0.2,0.376
178,,0.376,0.424,0.8,0.8,0.424,0.176,0.0,0.176
179,,0.176,0.224,0.6,0.6,0.224,-0.024,-0.2,-0.024
180,7,0.376,0.212,0.5,0.588,0.424,0.388,0.8,0.388
181,7,0.576,0.2,0.4,0.576,0.624,0.8,1.0,0.8
182,,0.376,0.0,0.2,0.376,0.424,0.6,0.8,0.6
183,,0.176,-0.2,0.0,0.176,0.224,0.4,0.6,0.4
184,2,0.588,0.8,0.412,0.376,0.212,0.3,0.588,0.6
185,2,1.0,1.0,0.824,0.576,0.2,0.2,0.576,0.8
186,,0.8,0.8,0.624,0.376,0.0,0.0,0.376,0.6
187,,0.6,0.6,0.424,0.176,-0.2,-0.2,0.176,0.4
188,6,0.588,0.5,0.412,0.376,0.212,0.8,0.588,0.6
189,6,0.576,0.4,0.4,0.576,0.624,1.0,1.0,0.8
190,,0.376,0.2,0.2,0.376,0.424,0.8,0.8,0.6
191,,0.176,0.0,0.0,0.176,0.224,0.6,0.6,0.4
192,,-0.024,-0.2,-0.2,-0.024,0.024,0.4,0.4,0.2
193,3,0.176,0.212,0.8,0.388,0.224,0.388,0.3,0.188
194,3,0.376,0.624,1.0,0.8,0.424,0.376,0.2,0.176
195,,0.176,0.424,0.8,0.6,0.224,0.176,0.0,-0.024
196,8,0.588,0.624,0.788,0.5,0.212,0.376,0.412,0.976
197,8,1.0,0.824,0.776,0.4,0.2,0.576,0.824,1.0
198,,0.8,0.624,0.576,0.2,0.0,0.376,0.624,0.8
199,,0.6,0.424,0.376,0.0,-0.2,0.176,0.424,0.6
200,5,0.5,0.412,0.576,0.412,0.8,0.588,0.624,0.588
201,5,0.4,0.4,0.776,0.824,1.0,1.0,0.824,0.576
202,,0.2,0.2,0.576,0.624,0.8,0.8,0.624,0.376
203,,0.0,0.0,0.376,0.424,0.6,0.6,0.424,0.176
204,,-0.2,-0.2,0.176,0.224,0.4,0.4,0.224,-0.024
205,2,0.212,0.8,0.588,0.424,0.388,0.3,0.212,0.176
206,2,0.624,1.0,1.0,0.624,0.376,0.2,0.2,0.376
207,,0.424,0.8,0.8,0.424,0.176,0.0,0.0,0.176
208,,0.224,0.6,0.6,0.224,-0.024,-0.2,-0.2,-0.024
209,7,0.424,0.588,0.5,0.212,0.176,0.212,0.8,0.388
210,7,0.624,0.576,0.4,0.2,0.376,0.624,1.0,0.8
211,,0.424,0.376,0.2,0.0,0.176,0.424,0.8,0.6
212,,0.224,0.176,0.0,-0.2,-0.024,0.224,0.6,0.4
213,4,0.212,0.376,0.412,0.8,0.388,0.424,0.588,0.3
214,4,0.2,0.576,0.824,1.0,0.8,0.624,0.576,0.2
215,,0.0,0.376,0.624,0.8,0.6,0.424,0.376,0.0
216,,-0.2,0.176,0.424,0.6,0.4,0.224,0.176,-0.2
217,8,0.212,0.376,0.412,0.5,0.388,0.424,0.588,0.8
218,8,0.624,0.576,0.4,0.4,0.376,0.624,1.0,1.0
219,,0.424,0.376,0.2,0.2,0.176,0.424,0.8,0.8
220,,0.224,0.176,0.0,0.0,-0.024,0.224,0.6,0.6
221,5,0.124,0.164,0.2,0.412,0.976,0.636,0.8,0.588
222,5,0.024,0.152,0.4,0.824,1.0,1.0,1.0,0.576
223,,-0.176,-0.048,0.2,0.624,0.8,0.8,0.8,0.376
224,1,0.824,0.364,0.4,0.612,0.7,0.788,1.0,0.788
225,1,1.0,0.776,0.6,0.6,0.6,0.776,1.0,1.0
226,,0.8,0.576,0.4,0.4,0.4,0.576,0.8,0.8
227,,0.6,0.376,0.2,0.2,0.2,0.376,0.6,0.6
228,,0.4,0.176,0.0,0.0,0.0,0.176,0.4,0.4
229,,0.2,-0.024,-0.2,-0.2,-0.2,-0.024,0.2,0.2
230,3,0.4,0.388,0.8,0.212,0.0,-0.036,0.1,0.188
231,3,0.6,0.8,1.0,0.624,0.2,-0.048,0.0,0.176
232,6,0.588,0.7,0.988,0.824,0.612,0.952,0.412,0.376
233,6,0.576,0.6,0.976,1.0,1.0,1.0,0.824,0.576
234,,0.376,0.4,0.776,0.8,0.8,0.8,0.624,0.376
235,,0.176,0.2,0.576,0.6,0.6,0.6,0.424,0.176
236,,-0.024,0.0,0.376,0.4,0.4,0.4,0.224,-0.024
237,1,0.976,0.412,0.576,0.388,0.3,0.388,0.424,0.388
238,1,1.0,0.824,0.776,0.376,0.2,0.376,0.624,0.8
239,,0.8,0.624,0.576,0.176,0.0,0.176,0.424,0.6
240,,0.6,0.424,0.376,-0.024,-0.2,-0.024,0.224,0.4
241,5,0.5,0.412,0.576,0.388,0.8,0.388,0.424,0.388
242,5,0.4,0.4,0.776,0.8,1.0,0.8,0.624,0.376
243,,0.2,0.2,0.576,0.6,0.8,0.6,0.424,0.176
244,,0.0,0.0,0.376,0.4,0.6,0.4,0.224,-0.024
245,8,0.412,0.2,0.364,0.3,0.588,0.6,0.636,0.976
246,8,0.824,0.4,0.352,0.2,0.576,0.8,1.0,1.0
247,,0.624,0.2,0.152,0.0,0.376,0.6,0.8,0.8
248,,0.424,0.0,-0.048,-0.2,0.176,0.4,0.6,0.6
249,4,0.412,0.2,0.364,0.8,0.588,0.6,0.588,0.5
250,4,0.4,0.4,0.776,1.0,1.0,0.8,0.576,0.4
251,,0.2,0.2,0.576,0.8,0.8,0.6,0.376,0.2
252,,0.0,0.0,0.376,0.6,0.6,0.4,0.176,0.0
253,,-0.2,-0.2,0.176,0.4,0.4,0.2,-0.024,-0.2
254,8,0.212,0.0,0.164,0.3,0.388,0.4,0.388,0.8
255,8,0.624,0.2,0.152,0.2,0.376,0.6,0.8,1.0
256,,0.424,0.0,-0.048,0.0,0.176,0.4,0.6,0.8
257,3,0.624,0.412,0.952,0.412,0.376,0.388,0.5,0.788
258,3,0.824,0.824,1.0,0.824,0.576,0.376,0.4,0.776
259,,0.624,0.624,0.8,0.624,0.376,0.176,0.2,0.576
260,,0.424,0.424,0.6,0.424,0.176,-0.024,0.0,0.376
261,6,0.412,0.324,0.588,0.624,0.588,0.976,0.412,0.576
262,6,0.4,0.224,0.576,0.824,1.0,1.0,0.824,0.776
263,,0.2,0.024,0.376,0.624,0.8,0.8,0.624,0.576
264,,0.0,-0.176,0.176,0.424,0.6,0.6,0.424,0.376
265,2,0.412,0.824,0.588,0.624,0.588,0.5,0.412,0.576
266,2,0.824,1.0,1.0,0.824,0.576,0.4,0.4,0.776
267,,0.624,0.8,0.8,0.624,0.376,0.2,0.2,0.576
268,,0.424,0.6,0.6,0.424,0.176,0.0,0.0,0.376
269,,0.224,0.4,0.4,0.224,-0.024,-0.2,-0.2,0.176
270,7,0.424,0.388,0.3,0.212,0.176,0.212,0.8,0.588
271,7,0.624,0.376,0.2,0.2,0.376,0.624,1.0,1.0
272,,0.424,0.176,0.0,0.0,0.176,0.424,0.8,0.8
273,,0.224,-0.024,-0.2,-0.2,-0.024,0.224,0.6,0.6
274,3,0.424,0.388,0.8,0.212,0.176,0.212,0.5,0.588
275,3,0.624,0.8,1.0,0.624,0.376,0.2,0.4,0.576
276,,0.424,0.6,0.8,0.424,0.176,0.0,0.2,0.376
277,,0.224,0.4,0.6,0.224,-0.024,-0.2,0.0,0.176
278,6,0.212,0.3,0.588,0.424,0.388,0.8,0.412,0.376
279,6,0.2,0.2,0.576,0.624,0.8,1.0,0.824,0.576
280,,0.0,0.0,0.376,0.424,0.6,0.8,0.624,0.376
281,,-0.2,-0.2,0.176,0.224,0.4,0.6,0.424,0.176
282,1,0.8,0.212,0.376,0.212,0.3,0.588,0.624,0.588
283,1,1.0,0.624,0.576,0.2,0.2,0.576,0.824,1.0
284,,0.8,0.424,0.376,0.0,0.0,0.376,0.624,0.8
285,,0.6,0.224,0.176,-0.2,-0.2,0.176,0.424,0.6
286,4,0.588,0.424,0.588,0.8,0.212,0.376,0.412,0.5
287,4,0.576,0.624,1.0,1.0,0.624,0.576,0.4,0.4
288,,0.376,0.424,0.8,0.8,0.424,0.376,0.2,0.2
289,,0.176,0.224,0.6,0.6,0.224,0.176,0.0,0.0
290,,-0.024,0.024,0.4,0.4,0.024,-0.024,-0.2,-0.2
291,7,0.176,0.012,0.3,0.388,0.224,0.388,0.8,0.212
292,7,0.376,0.0,0.2,0.376,0.424,0.8,1.0,0.624
293,,0.176,-0.2,0.0,0.176,0.224,0.6,0.8,0.424
294,2,0.588,0.8,0.412,0.376,0.212,0.5,0.788,0.624
295,2,1.0,1.0,0.824,0.576,0.2,0.4,0.776,0.824
296,,0.8,0.8,0.624,0.376,0.0,0.2,0.576,0.624
297,,0.6,0.6,0.424,0.176,-0.2,0.0,0.376,0.424
298,5,0.5,0.588,0.624,0.588,0.8,0.412,0.576,0.412
299,5,0.4,0.576,0.824,1.0,1.0,0.824,0.776,0.4
300,,0.2,0.376,0.624,0.8,0.8,0.624,0.576,0.2
301,,0.0,0.176,0.424,0.6,0.6,0.424,0.376,0.0
302,,-0.2,-0.024,0.224,0.4,0.4,0.224,0.176,-0.2
303,1,0.8,0.388,0.424,0.388,0.3,0.212,0.376,0.212
304,1,1.0,0.8,0.624,0.376,0.2,0.2,0.576,0.624
305,,0.8,0.6,0.424,0.176,0.0,0.0,0.376,0.424
306,,0.6,0.4,0.224,-0.024,-0.2,-0.2,0.176,0.224
307,6,0.588,0.3,0.212,0.176,0.212,0.8,0.588,0.424
308,6,0.576,0.2,0.2,0.376,0.624,1.0,1.0,0.624
309,,0.376,0.0,0.0,0.176,0.424,0.8,0.8,0.424
310,,0.176,-0.2,-0.2,-0.024,0.224,0.6,0.6,0.224
311,2,0.588,0.8,0.212,0.176,0.212,0.5,0.588,0.424
312,2,1.0,1.0,0.624,0.376,0.2,0.4,0.576,0.624
313,,0.8,0.8,0.424,0.176,0.0,0.2,0.376,0.424
314,,0.6,0.6,0.224,-0.024,-0.2,0.0,0.176,0.224
315,5,0.5,0.588,0.424,0.388,0.8,0.412,0.376,0.212
316,5,0.4,0.576,0.624,0.8,1.0,0.824,0.576,0.2
317,,0.2,0.376,0.424,0.6,0.8,0.624,0.376,0.0
318,,0.0,0.176,0.224,0.4,0.6,0.424,0.176,-0.2
319,8,0.412,0.376,0.212,0.3,0.588,0.624,0.588,0.8
320,8,0.824,0.576,0.2,0.2,0.576,0.824,1.0,1.0
321,,0.624,0.376,0.0,0.0,0.376,0.624,0.8,0.8
322,,0.424,0.176,-0.2,-0.2,0.176,0.424,0.6,0.6
323,4,0.412,0.376,0.212,0.8,0.588,0.624,0.588,0.5
324,4,0.4,0.576,0.624,1.0,1.0,0.824,0.576,0.4
325,,0.2,0.376,0.424,0.8,0.8,0.624,0.376,0.2
326,,0.0,0.176,0.224,0.6,0.6,0.424,0.176,0.0
327,,-0.2,-0.024,0.024,0.4,0.4,0.224,-0.024,-0.2
328,8,0.212,0.176,0.012,0.3,0.388,0.424,0.388,0.8
329,8,0.624,0.376,0.0,0.2,0.376,0.624,0.8,1.0
330,,0.424,0.176,-0.2,0.0,0.176,0.424,0.6,0.8
331,3,0.624,0.588,0.8,0.412,0.376,0.412,0.5,0.788
332,3,0.824,1.0,1.0,0.824,0.576,0.4,0.4,0.776
333,,0.624,0.8,0.8,0.624,0.376,0.2,0.2,0.576
334,,0.424,0.6,0.6,0.424,0.176,0.0,0.0,0.376
335,,0.224,0.4,0.4,0.224,-0.024,-0.2,-0.2,0.176
336,6,0.212,0.3,0.388,0.424,0.388,0.8,0.212,0.376
337,6,0.2,0.2,0.376,0.624,0.8,1.0,0.624,0.576
338,,0.0,0.0,0.176,0.424,0.6,0.8,0.424,0.376
339,,-0.2,-0.2,-0.024,0.224,0.4,0.6,0.224,0.176
340,1,0.8,0.212,0.176,0.212,0.3,0.588,0.424,0.588
341,1,1.0,0.624,0.376,0.2,0.2,0.576,0.624,1.0
342,,0.8,0.424,0.176,0.0,0.0,0.376,0.424,0.8
343,,0.6,0.224,-0.024,-0.2,-0.2,0.176,0.224,0.6
344,5,0.5,0.212,0.176,0.212,0.8,0.588,0.424,0.588
345,5,0.4,0.2,0.376,0.624,1.0,1.0,0.624,0.576
346,,0.2,0.0,0.176,0.424,0.8,0.8,0.424,0.376
347,,0.0,-0.2,-0.024,0.224,0.6,0.6,0.224,0.176
348,2,0.412,0.8,0.388,0.424,0.588,0.5,0.212,0.376
349,2,0.824,1.0,0.8,0.624,0.576,0.4,0.2,0.576
350,,0.624,0.8,0.6,0.424,0.376,0.2,0.0,0.376
351,,0.424,0.6,0.4,0.224,0.176,0.0,-0.2,0.176
352,7,0.624,0.588,0.3,0.212,0.376,0.412,0.8,0.588
353,7,0.824,0.576,0.2,0.2,0.576,0.824,1.0,1.0
354,,0.624,0.376,0.0,0.0,0.376,0.624,0.8,0.8
355,,0.424,0.176,-0.2,-0.2,0.176,0.424,0.6,0.6
356,3,0.624,0.588,0.8,0.212,0.376,0.412,0.5,0.588
357,3,0.824,1.0,1.0,0.624,0.576,0.4,0.4,0.576
358,,0.624,0.8,0.8,0.424,0.376,0.2,0.2,0.376
359,,0.424,0.6,0.6,0.224,0.176,0.0,0.0,0.176
360,,0.224,0.4,0.4,0.024,-0.024,-0.2,-0.2,-0.024
361,6,0.212,0.3,0.388,0.224,0.388,0.8,0.212,0.176
362,6,0.2,0.2,0.376,0.424,0.8,1.0,0.624,0.376
363,,0.0,0.0,0.176,0.224,0.6,0.8,0.424,0.176
364,,-0.2,-0.2,-0.024,0.024,0.4,0.6,0.224,-0.024
365,2,0.212,0.8,0.388,0.224,0.388,0.5,0.212,0.176
366,2,0.624,1.0,0.8,0.424,0.376,0.4,0.2,0.376
367,,0.424,0.8,0.6,0.224,0.176,0.2,0.0,0.176
368,,0.224,0.6,0.4,0.024,-0.024,0.0,-0.2,-0.024
369,7,0.424,0.588,0.3,0.012,0.176,0.412,0.8,0.388
370,7,0.624,0.576,0.2,0.0,0.376,0.824,1.0,0.8
371,,0.424,0.376,0.0,-0.2,0.176,0.624,0.8,0.6
372,4,0.412,0.576,0.412,0.8,0.588,0.824,0.788,0.5
373,4,0.4,0.776,0.824,1.0,1.0,1.0,0.776,0.4
374,,0.2,0.576,0.624,0.8,0.8,0.8,0.576,0.2
375,,0.0,0.376,0.424,0.6,0.6,0.6,0.376,0.0
376,,-0.2,0.176,0.224,0.4,0.4,0.4,0.176,-0.2
377,8,0.212,0.376,0.212,0.3,0.388,0.6,0.588,0.8
378,8,0.624,0.576,0.2,0.2,0.376,0.8,1.0,1.0
379,,0.424,0.376,0.0,0.0,0.176,0.6,0.8,0.8
380,,0.224,0.176,-0.2,-0.2,-0.024,0.4,0.6,0.6
381,3,0.424,0.588,0.8,0.212,0.176,0.388,0.5,0.588
382,3,0.624,1.0,1.0,0.624,0.376,0.376,0.4,0.576
383,,0.424,0.8,0.8,0.424,0.176,0.176,0.2,0.376
384,,0.224,0.6,0.6,0.224,-0.024,-0.024,0.0,0.176
385,6,0.212,0.5,0.588,0.424,0.388,0.976,0.412,0.376
386,6,0.2,0.4,0.576,0.624,0.8,1.0,0.824,0.576
387,,0.0,0.2,0.376,0.424,0.6,0.8,0.624,0.376
388,,-0.2,0.0,0.176,0.224,0.4,0.6,0.424,0.176
389,1,0.8,0.412,0.376,0.212,0.3,0.588,0.624,0.588
390,1,1.0,0.824,0.576,0.2,0.2,0.576,0.824,1.0
391,,0.8,0.624,0.376,0.0,0.0,0.376,0.624,0.8
392,,0.6,0.424,0.176,-0.2,-0.2,0.176,0.424,0.6
393,4,0.588,0.624,0.588,0.8,0.212,0.376,0.412,0.5
394,4,0.576,0.824,1.0,1.0,0.624,0.576,0.4,0.4
395,,0.376,0.624,0.8,0.8,0.424,0.376,0.2,0.2
396,,0.176,0.424,0.6,0.6,0.224,0.176,0.0,0.0
397,,-0.024,0.224,0.4,0.4,0.024,-0.024,-0.2,-0.2
398,7,0.176,0.212,0.3,0.388,0.224,0.388,0.8,0.212
399,7,0.376,0.2,0.2,0.376,0.424,0.8,1.0,0.624
400,,0.176,0.0,0.0,0.176,0.224,0.6,0.8,0.424
401,,-0.024,-0.2,-0.2,-0.024,0.024,0.4,0.6,0.224
402,2,0.388,0.8,0.212,0.176,0.012,0.3,0.588,0.424
403,2,0.8,1.0,0.624,0.376,0.0,0.2,0.576,0.624
404,,0.6,0.8,0.424,0.176,-0.2,0.0,0.376,0.424
405,5,0.5,0.788,0.624,0.588,0.8,0.412,0.576,0.412
406,5,0.4,0.776,0.824,1.0,1.0,0.824,0.776,0.4
407,,0.2,0.576,0.624,0.8,0.8,0.624,0.576,0.2
408,,0.0,0.376,0.424,0.6,0.6,0.424,0.376,0.0
409,,-0.2,0.176,0.224,0.4,0.4,0.224,0.176,-0.2
410,8,0.212,0.376,0.212,0.3,0.388,0.424,0.588,0.8
411,8,0.624,0.576,0.2,0.2,0.376,0.624,1.0,1.0
412,,0.424,0.376,0.0,0.0,0.176,0.424,0.8,0.8
413,,0.224,0.176,-0.2,-0.2,-0.024,0.224,0.6,0.6
414,4,0.212,0.376,0.212,0.8,0.388,0.424,0.588,0.5
415,4,0.2,0.576,0.624,1.0,0.8,0.624,0.576,0.4
416,,0.0,0.376,0.424,0.8,0.6,0.424,0.376,0.2
417,,-0.2,0.176,0.224,0.6,0.4,0.224,0.176,0.0
418,1,0.8,0.588,0.424,0.588,0.3,0.212,0.376,0.412
419,1,1.0,1.0,0.624,0.576,0.2,0.2,0.576,0.824
420,,0.8,0.8,0.424,0.376,0.0,0.0,0.376,0.624
421,,0.6,0.6,0.224,0.176,-0.2,-0.2,0.176,0.424
422,6,0.588,0.5,0.212,0.376,0.212,0.8,0.588,0.624
423,6,0.576,0.4,0.2,0.576,0.624,1.0,1.0,0.824
424,,0.376,0.2,0.0,0.376,0.424,0.8,0.8,0.624
425,,0.176,0.0,-0.2,0.176,0.224,0.6,0.6,0.424
426,3,0.376,0.412,0.8,0.588,0.424,0.588,0.5,0.412
427,3,0.576,0.824,1.0,1.0,0.624,0.576,0.4,0.4
428,,0.376,0.624,0.8,0.8,0.424,0.376,0.2,0.2
429,,0.176,0.424,0.6,0.6,0.224,0.176,0.0,0.0
430,,-0.024,0.224,0.4,0.4,0.024,-0.024,-0.2,-0.2
431,8,0.388,0.424,0.388,0.3,0.012,0.176,0.212,0.8
432,8,0.8,0.624,0.376,0.2,0.0,0.376,0.624,1.0
433,,0.6,0.424,0.176,0.0,-0.2,0.176,0.424,0.8
434,5,0.5,0.412,0.376,0.412,0.8,0.588,0.624,0.788
435,5,0.4,0.4,0.576,0.824,1.0,1.0,0.824,0.776
436,,0.2,0.2,0.376,0.624,0.8,0.8,0.624,0.576
437,,0.0,0.0,0.176,0.424,0.6,0.6,0.424,0.376
438,,-0.2,-0.2,-0.024,0.224,0.4,0.4,0.224,0.176
439,2,0.212,0.8,0.388,0.424,0.388,0.3,0.212,0.376
440,2,0.624,1.0,0.8,0.624,0.376,0.2,0.2,0.576
441,,0.424,0.8,0.6,0.424,0.176,0.0,0.0,0.376
442,,0.224,0.6,0.4,0.224,-0.024,-0.2,-0.2,0.176
443,6,0.212,0.5,0.388,0.424,0.388,0.8,0.212,0.376
444,6,0.2,0.4,0.376,0.624,0.8,1.0,0.624,0.576
445,,0.0,0.2,0.176,0.424,0.6,0.8,0.424,0.376
446,,-0.2,0.0,-0.024,0.224,0.4,0.6,0.224,0.176
447,1,0.8,0.412,0.176,0.212,0.3,0.588,0.424,0.588
448,1,1.0,0.824,0.376,0.2,0.2,0.576,0.624,1.0
449,,0.8,0.624,0.176,0.0,0.0,0.376,0.424,0.8
450,,0.6,0.424,-0.024,-0.2,-0.2,0.176,0.224,0.6
451,4,0.588,0.624,0.388,0.8,0.212,0.376,0.212,0.5
452,4,0.576,0.824,0.8,1.0,0.624,0.576,0.2,0.4
453,,0.376,0.624,0.6,0.8,0.424,0.376,0.0,0.2
454,,0.176,0.424,0.4,0.6,0.224,0.176,-0.2,0.0
455,7,0.376,0.412,0.3,0.588,0.424,0.588,0.8,0.412
456,7,0.576,0.4,0.2,0.576,0.624,1.0,1.0,0.824
457,,0.376,0.2,0.0,0.376,0.424,0.8,0.8,0.624
458,,0.176,0.0,-0.2,0.176,0.224,0.6,0.6,0.424
459,3,0.376,0.412,0.8,0.588,0.424,0.588,0.5,0.412
460,3,0.576,0.824,1.0,1.0,0.624,0.576,0.4,0.4
461,,0.376,0.624,0.8,0.8,0.424,0.376,0.2,0.2
462,,0.176,0.424,0.6,0.6,0.224,0.176,0.0,0.0
463,,-0.024,0.224,0.4,0.4,0.024,-0.024,-0.2,-0.2
464,7,0.176,0.212,0.3,0.388,0.224,0.388,0.8,0.212
465,7,0.376,0.2,0.2,0.376,0.424,0.8,1.0,0.624
466,,0.176,0.0,0.0,0.176,0.224,0.6,0.8,0.424
467,,-0.024,-0.2,-0.2,-0.024,0.024,0.4,0.6,0.224
468,2,0.388,0.8,0.212,0.176,0.012,0.3,0.588,0.424
469,2,0.8,1.0,0.624,0.376,0.0,0.2,0.576,0.624
470,,0.6,0.8,0.424,0.176,-0.2,0.0,0.376,0.424
471,5,0.5,0.788,0.624,0.588,0.8,0.412,0.576,0.412
472,5,0.4,0.776,0.824,1.0,1.0,0.824,0.776,0.4
473,,0.2,0.576,0.624,0.8,0.8,0.624,0.576,0.2
474,,0.0,0.376,0.424,0.6,0.6,0.424,0.376,0.0
475,,-0.2,0.176,0.224,0.4,0.4,0.224,0.176,-0.2
476,8,0.212,0.376,0.212,0.3,0.388,0.424,0.588,0.8
477,8,0.624,0.576,0.2,0.2,0.376,0.624,1.0,1.0
478,,0.424,0.376,0.0,0.0,0.176,0.424,0.8,0.8
479,,0.224,0.176,-0.2,-0.2,-0.024,0.224,0.6,0.6
480,3,0.424,0.588,0.8,0.212,0.176,0.212,0.5,0.588
481,3,0.624,1.0,1.0,0.624,0.376,0.2,0.4,0.576
482,,0.424,0.8,0.8,0.424,0.176,0.0,0.2,0.376
483,,0.224,0.6,0.6,0.224,-0.024,-0.2,0.0,0.176
484,6,0.212,0.5,0.588,0.424,0.388,0.8,0.412,0.376
485,6,0.2,0.4,0.576,0.624,0.8,1.0,0.824,0.576
486,,0.0,0.2,0.376,0.424,0.6,0.8,0.624,0.376
487,,-0.2,0.0,0.176,0.224,0.4,0.6,0.424,0.176
488,1,0.8,0.412,0.376,0.212,0.3,0.588,0.624,0.588
489,1,1.0,0.824,0.576,0.2,0.2,0.576,0.824,1.0
490,,0.8,0.624,0.376,0.0,0.0,0.376,0.624,0.8
491,,0.6,0.424,0.176,-0.2,-0.2,0.176,0.424,0.6
492,5,0.5,0.412,0.376,0.212,0.8,0.588,0.624,0.588
493,5,0.4,0.4,0.576,0.624,1.0,1.0,0.824,0.576
494,,0.2,0.2,0.376,0.424,0.8,0.8,0.624,0.376
495,,0.0,0.0,0.176,0.224,0.6,0.6,0.424,0.176
496,,-0.2,-0.2,-0.024,0.024,0.4,0.4,0.224,-0.024
497,1,0.8,0.212,0.176,0.012,0.3,0.388,0.424,0.388
498,1,1.0,0.624,0.376,0.0,0.2,0.376,0.624,0.8
499,,0.8,0.424,0.176,-0.2,0.0,0.176,0.424,0.6
