step,active_motive,motive_1,motive_2,motive_3,motive_4,motive_5,motive_6,motive_7,motive_8
0,,0.18727,0.47536,0.366,0.29933,0.07801,0.078,0.02904,0.43309
1,,-0.01273,0.27536,0.166,0.09933,-0.12199,-0.122,-0.17096,0.23309
2,7,0.18727,0.26336,0.066,0.08733,0.07801,0.29,0.82904,0.64509
3,7,0.38727,0.25136,-0.034,0.07533,0.27801,0.702,1.0,1.0
4,3,0.58727,0.66336,0.966,0.48733,0.47801,0.69,0.9,0.988
5,3,0.78727,1.0,1.0,0.89933,0.67801,0.678,0.8,0.976
6,,0.58727,0.8,0.8,0.69933,0.47801,0.478,0.6,0.776
7,,0.38727,0.6,0.6,0.49933,0.27801,0.278,0.4,0.576
8,,0.18727,0.4,0.4,0.29933,0.07801,0.078,0.2,0.376
9,,-0.01273,0.2,0.2,0.09933,-0.12199,-0.122,0.0,0.176
10,6,-0.02473,0.1,0.188,0.29933,0.29001,0.878,0.412,0.376
11,6,-0.03673,0.0,0.176,0.49933,0.70201,1.0,0.824,0.576
12,1,0.96327,0.412,0.376,0.48733,0.60201,0.988,1.0,0.988
13,1,1.0,0.824,0.576,0.47533,0.50201,0.976,1.0,1.0
14,,0.8,0.624,0.376,0.27533,0.30201,0.776,0.8,0.8
15,,0.6,0.424,0.176,0.07533,0.10201,0.576,0.6,0.6
16,,0.4,0.224,-0.024,-0.12467,-0.09799,0.376,0.4,0.4
17,4,0.388,0.424,0.388,0.87533,0.31401,0.576,0.388,0.3
18,4,0.376,0.624,0.8,1.0,0.72601,0.776,0.376,0.2
19,,0.176,0.424,0.6,0.8,0.52601,0.576,0.176,0.0
20,,-0.024,0.224,0.4,0.6,0.32601,0.376,-0.024,-0.2
21,8,0.388,0.424,0.388,0.5,0.31401,0.576,0.388,0.8
22,8,0.8,0.624,0.376,0.4,0.30201,0.776,0.8,1.0
23,,0.6,0.424,0.176,0.2,0.10201,0.576,0.6,0.8
24,,0.4,0.224,-0.024,0.0,-0.09799,0.376,0.4,0.6
25,5,0.3,0.212,0.176,0.412,0.90201,0.788,0.6,0.588
26,5,0.2,0.2,0.376,0.824,1.0,1.0,0.8,0.576
27,,0.0,0.0,0.176,0.624,0.8,0.8,0.6,0.376
28,,-0.2,-0.2,-0.024,0.424,0.6,0.6,0.4,0.176
29,2,0.212,0.8,0.388,0.624,0.588,0.5,0.388,0.376
30,2,0.624,1.0,0.8,0.824,0.576,0.4,0.376,0.576
31,,0.424,0.8,0.6,0.624,0.376,0.2,0.176,0.376
32,,0.224,0.6,0.4,0.424,0.176,0.0,-0.024,0.176
33,7,0.424,0.588,0.3,0.412,0.376,0.412,0.976,0.588
34,7,0.624,0.576,0.2,0.4,0.576,0.824,1.0,1.0
35,,0.424,0.376,0.0,0.2,0.376,0.624,0.8,0.8
36,,0.224,0.176,-0.2,0.0,0.176,0.424,0.6,0.6
37,3,0.424,0.588,0.8,0.412,0.376,0.412,0.5,0.588
38,3,0.624,1.0,1.0,0.824,0.576,0.4,0.4,0.576
39,,0.424,0.8,0.8,0.624,0.376,0.2,0.2,0.376
40,,0.224,0.6,0.6,0.424,0.176,0.0,0.0,0.176
41,,0.024,0.4,0.4,0.224,-0.024,-0.2,-0.2,-0.024
42,7,0.224,0.388,0.3,0.212,0.176,0.212,0.8,0.388
43,7,0.424,0.376,0.2,0.2,0.376,0.624,1.0,0.8
44,,0.224,0.176,0.0,0.0,0.176,0.424,0.8,0.6
45,,0.024,-0.024,-0.2,-0.2,-0.024,0.224,0.6,0.4
46,4,0.012,0.176,0.212,0.8,0.388,0.424,0.588,0.3
47,4,0.0,0.376,0.624,1.0,0.8,0.624,0.576,0.2
48,,-0.2,0.176,0.424,0.8,0.6,0.424,0.376,0.0
49,1,0.8,0.588,0.624,0.788,0.5,0.412,0.576,0.412
50,1,1.0,1.0,0.824,0.776,0.4,0.4,0.776,0.824
51,,0.8,0.8,0.624,0.576,0.2,0.2,0.576,0.624
52,,0.6,0.6,0.424,0.376,0.0,0.0,0.376,0.424
53,,0.4,0.4,0.224,0.176,-0.2,-0.2,0.176,0.224
54,5,0.3,0.388,0.424,0.588,0.8,0.212,0.376,0.212
55,5,0.2,0.376,0.624,1.0,1.0,0.624,0.576,0.2
56,,0.0,0.176,0.424,0.8,0.8,0.424,0.376,0.0
57,,-0.2,-0.024,0.224,0.6,0.6,0.224,0.176,-0.2
58,8,0.212,0.176,0.212,0.5,0.588,0.424,0.588,0.8
59,8,0.624,0.376,0.2,0.4,0.576,0.624,1.0,1.0
60,,0.424,0.176,0.0,0.2,0.376,0.424,0.8,0.8
61,,0.224,-0.024,-0.2,0.0,0.176,0.224,0.6,0.6
62,3,0.424,0.388,0.8,0.412,0.376,0.212,0.5,0.588
63,3,0.624,0.8,1.0,0.824,0.576,0.2,0.4,0.576
64,,0.424,0.6,0.8,0.624,0.376,0.0,0.2,0.376
65,,0.224,0.4,0.6,0.424,0.176,-0.2,0.0,0.176
66,6,0.212,0.3,0.588,0.624,0.588,0.8,0.412,0.376
67,6,0.2,0.2,0.576,0.824,1.0,1.0,0.824,0.576
68,,0.0,0.0,0.376,0.624,0.8,0.8,0.624,0.376
69,,-0.2,-0.2,0.176,0.424,0.6,0.6,0.424,0.176
70,1,0.8,0.212,0.376,0.412,0.5,0.588,0.624,0.588
71,1,1.0,0.624,0.576,0.4,0.4,0.576,0.824,1.0
72,,0.8,0.424,0.376,0.2,0.2,0.376,0.624,0.8
73,,0.6,0.224,0.176,0.0,0.0,0.176,0.424,0.6
74,,0.4,0.024,-0.024,-0.2,-0.2,-0.024,0.224,0.4
75,5,0.3,0.012,0.176,0.212,0.8,0.388,0.424,0.388
76,5,0.2,0.0,0.376,0.624,1.0,0.8,0.624,0.376
77,,0.0,-0.2,0.176,0.424,0.8,0.6,0.424,0.176
78,2,0.412,0.8,0.588,0.624,0.788,0.5,0.412,0.376
79,2,0.824,1.0,1.0,0.824,0.776,0.4,0.4,0.576
80,,0.624,0.8,0.8,0.624,0.576,0.2,0.2,0.376
81,,0.424,0.6,0.6,0.424,0.376,0.0,0.0,0.176
82,,0.224,0.4,0.4,0.224,0.176,-0.2,-0.2,-0.024
83,7,0.424,0.388,0.3,0.212,0.376,0.212,0.8,0.388
84,7,0.624,0.376,0.2,0.2,0.576,0.624,1.0,0.8
85,,0.424,0.176,0.0,0.0,0.376,0.424,0.8,0.6
86,,0.224,-0.024,-0.2,-0.2,0.176,0.224,0.6,0.4
87,4,0.212,0.176,0.212,0.8,0.588,0.424,0.588,0.3
88,4,0.2,0.376,0.624,1.0,1.0,0.624,0.576,0.2
89,,0.0,0.176,0.424,0.8,0.8,0.424,0.376,0.0
90,,-0.2,-0.024,0.224,0.6,0.6,0.224,0.176,-0.2
91,8,0.212,0.176,0.212,0.5,0.588,0.424,0.588,0.8
92,8,0.624,0.376,0.2,0.4,0.576,0.624,1.0,1.0
93,,0.424,0.176,0.0,0.2,0.376,0.424,0.8,0.8
94,,0.224,-0.024,-0.2,0.0,0.176,0.224,0.6,0.6
95,3,0.424,0.388,0.8,0.412,0.376,0.212,0.5,0.588
96,3,0.624,0.8,1.0,0.824,0.576,0.2,0.4,0.576
97,,0.424,0.6,0.8,0.624,0.376,0.0,0.2,0.376
98,,0.224,0.4,0.6,0.424,0.176,-0.2,0.0,0.176
99,6,0.212,0.3,0.588,0.624,0.588,0.8,0.412,0.376
100,6,0.2,0.2,0.576,0.824,1.0,1.0,0.824,0.576
101,,0.0,0.0,0.376,0.624,0.8,0.8,0.624,0.376
102,,-0.2,-0.2,0.176,0.424,0.6,0.6,0.424,0.176
103,2,0.212,0.8,0.588,0.624,0.588,0.5,0.412,0.376
104,2,0.624,1.0,1.0,0.824,0.576,0.4,0.4,0.576
105,,0.424,0.8,0.8,0.624,0.376,0.2,0.2,0.376
106,,0.224,0.6,0.6,0.424,0.176,0.0,0.0,0.176
107,,0.024,0.4,0.4,0.224,-0.024,-0.2,-0.2,-0.024
108,7,0.224,0.388,0.3,0.212,0.176,0.212,0.8,0.388
109,7,0.424,0.376,0.2,0.2,0.376,0.624,1.0,0.8
110,,0.224,0.176,0.0,0.0,0.176,0.424,0.8,0.6
111,,0.024,-0.024,-0.2,-0.2,-0.024,0.224,0.6,0.4
112,4,0.012,0.176,0.212,0.8,0.388,0.424,0.588,0.3
113,4,0.0,0.376,0.624,1.0,0.8,0.624,0.576,0.2
114,,-0.2,0.176,0.424,0.8,0.6,0.424,0.376,0.0
115,1,0.8,0.588,0.624,0.788,0.5,0.412,0.576,0.412
116,1,1.0,1.0,0.824,0.776,0.4,0.4,0.776,0.824
117,,0.8,0.8,0.624,0.576,0.2,0.2,0.576,0.624
118,,0.6,0.6,0.424,0.376,0.0,0.0,0.376,0.424
119,,0.4,0.4,0.224,0.176,-0.2,-0.2,0.176,0.224
120,6,0.388,0.3,0.212,0.376,0.212,0.8,0.588,0.424
121,6,0.376,0.2,0.2,0.576,0.624,1.0,1.0,0.624
122,,0.176,0.0,0.0,0.376,0.424,0.8,0.8,0.424
123,,-0.024,-0.2,-0.2,0.176,0.224,0.6,0.6,0.224
124,2,0.388,0.8,0.212,0.376,0.212,0.5,0.588,0.424
125,2,0.8,1.0,0.624,0.576,0.2,0.4,0.576,0.624
126,,0.6,0.8,0.424,0.376,0.0,0.2,0.376,0.424
127,,0.4,0.6,0.224,0.176,-0.2,0.0,0.176,0.224
128,5,0.3,0.588,0.424,0.588,0.8,0.412,0.376,0.212
129,5,0.2,0.576,0.624,1.0,1.0,0.824,0.576,0.2
130,,0.0,0.376,0.424,0.8,0.8,0.624,0.376,0.0
131,,-0.2,0.176,0.224,0.6,0.6,0.424,0.176,-0.2
132,1,0.8,0.588,0.424,0.588,0.5,0.412,0.376,0.212
133,1,1.0,1.0,0.624,0.576,0.4,0.4,0.576,0.624
134,,0.8,0.8,0.424,0.376,0.2,0.2,0.376,0.424
135,,0.6,0.6,0.224,0.176,0.0,0.0,0.176,0.224
136,,0.4,0.4,0.024,-0.024,-0.2,-0.2,-0.024,0.024
137,6,0.388,0.3,0.012,0.176,0.212,0.8,0.388,0.224
138,6,0.376,0.2,0.0,0.376,0.624,1.0,0.8,0.424
139,,0.176,0.0,-0.2,0.176,0.424,0.8,0.6,0.224
140,3,0.376,0.412,0.8,0.588,0.624,0.788,0.5,0.212
141,3,0.576,0.824,1.0,1.0,0.824,0.776,0.4,0.2
142,,0.376,0.624,0.8,0.8,0.624,0.576,0.2,0.0
143,,0.176,0.424,0.6,0.6,0.424,0.376,0.0,-0.2
144,8,0.588,0.624,0.588,0.5,0.412,0.576,0.412,0.8
145,8,1.0,0.824,0.576,0.4,0.4,0.776,0.824,1.0
146,,0.8,0.624,0.376,0.2,0.2,0.576,0.624,0.8
147,,0.6,0.424,0.176,0.0,0.0,0.376,0.424,0.6
148,,0.4,0.224,-0.024,-0.2,-0.2,0.176,0.224,0.4
149,5,0.3,0.212,0.176,0.212,0.8,0.588,0.424,0.388
150,5,0.2,0.2,0.376,0.624,1.0,1.0,0.624,0.376
151,,0.0,0.0,0.176,0.424,0.8,0.8,0.424,0.176
152,,-0.2,-0.2,-0.024,0.224,0.6,0.6,0.224,-0.024
153,2,0.212,0.8,0.388,0.424,0.588,0.5,0.212,0.176
154,2,0.624,1.0,0.8,0.624,0.576,0.4,0.2,0.376
155,,0.424,0.8,0.6,0.424,0.376,0.2,0.0,0.176
156,,0.224,0.6,0.4,0.224,0.176,0.0,-0.2,-0.024
157,7,0.424,0.588,0.3,0.212,0.376,0.412,0.8,0.388
158,7,0.624,0.576,0.2,0.2,0.576,0.824,1.0,0.8
159,,0.424,0.376,0.0,0.0,0.376,0.624,0.8,0.6
160,,0.224,0.176,-0.2,-0.2,0.176,0.424,0.6,0.4
161,3,0.424,0.588,0.8,0.212,0.376,0.412,0.5,0.388
162,3,0.624,1.0,1.0,0.624,0.576,0.4,0.4,0.376
163,,0.424,0.8,0.8,0.424,0.376,0.2,0.2,0.176
164,,0.224,0.6,0.6,0.224,0.176,0.0,0.0,-0.024
165,8,0.636,0.8,0.588,0.124,0.164,0.2,0.412,0.976
166,8,1.0,1.0,0.576,0.024,0.152,0.4,0.824,1.0
167,,0.8,0.8,0.376,-0.176,-0.048,0.2,0.624,0.8
168,4,0.788,1.0,0.788,0.824,0.364,0.4,0.612,0.7
169,4,0.776,1.0,1.0,1.0,0.776,0.6,0.6,0.6
170,,0.576,0.8,0.8,0.8,0.576,0.4,0.4,0.4
171,,0.376,0.6,0.6,0.6,0.376,0.2,0.2,0.2
172,,0.176,0.4,0.4,0.4,0.176,0.0,0.0,0.0
173,,-0.024,0.2,0.2,0.2,-0.024,-0.2,-0.2,-0.2
174,6,-0.036,0.1,0.188,0.4,0.388,0.8,0.212,0.0
175,6,-0.048,0.0,0.176,0.6,0.8,1.0,0.624,0.2
176,1,0.952,0.412,0.376,0.588,0.7,0.988,0.824,0.612
177,1,1.0,0.824,0.576,0.576,0.6,0.976,1.0,1.0
178,,0.8,0.624,0.376,0.376,0.4,0.776,0.8,0.8
179,,0.6,0.424,0.176,0.176,0.2,0.576,0.6,0.6
180,,0.4,0.224,-0.024,-0.024,0.0,0.376,0.4,0.4
181,3,0.6,0.636,0.976,0.388,0.2,0.364,0.3,0.388
182,3,0.8,1.0,1.0,0.8,0.4,0.352,0.2,0.376
183,,0.6,0.8,0.8,0.6,0.2,0.152,0.0,0.176
184,,0.4,0.6,0.6,0.4,0.0,-0.048,-0.2,-0.024
185,7,0.6,0.588,0.5,0.388,0.2,0.364,0.8,0.388
186,7,0.8,0.576,0.4,0.376,0.4,0.776,1.0,0.8
187,,0.6,0.376,0.2,0.176,0.2,0.576,0.8,0.6
188,,0.4,0.176,0.0,-0.024,0.0,0.376,0.6,0.4
189,4,0.388,0.376,0.412,0.976,0.412,0.576,0.588,0.3
190,4,0.376,0.576,0.824,1.0,0.824,0.776,0.576,0.2
191,,0.176,0.376,0.624,0.8,0.624,0.576,0.376,0.0
192,,-0.024,0.176,0.424,0.6,0.424,0.376,0.176,-0.2
193,8,0.388,0.376,0.412,0.5,0.412,0.576,0.588,0.8
194,8,0.8,0.576,0.4,0.4,0.4,0.776,1.0,1.0
195,,0.6,0.376,0.2,0.2,0.2,0.576,0.8,0.8
196,,0.4,0.176,0.0,0.0,0.0,0.376,0.6,0.6
197,,0.2,-0.024,-0.2,-0.2,-0.2,0.176,0.4,0.4
198,5,0.1,-0.036,0.0,0.212,0.8,0.588,0.6,0.388
199,5,0.0,-0.048,0.2,0.624,1.0,1.0,0.8,0.376
200,2,0.412,0.952,0.612,0.824,0.988,0.9,0.788,0.576
201,2,0.824,1.0,1.0,1.0,0.976,0.8,0.776,0.776
202,,0.624,0.8,0.8,0.8,0.776,0.6,0.576,0.576
203,,0.424,0.6,0.6,0.6,0.576,0.4,0.376,0.376
204,,0.224,0.4,0.4,0.4,0.376,0.2,0.176,0.176
205,,0.024,0.2,0.2,0.2,0.176,0.0,-0.024,-0.024
206,7,0.224,0.188,0.1,0.188,0.376,0.412,0.976,0.388
207,7,0.424,0.176,0.0,0.176,0.576,0.824,1.0,0.8
208,,0.224,-0.024,-0.2,-0.024,0.376,0.624,0.8,0.6
209,3,0.424,0.388,0.8,0.388,0.576,0.612,0.7,0.588
210,3,0.624,0.8,1.0,0.8,0.776,0.6,0.6,0.576
211,,0.424,0.6,0.8,0.6,0.576,0.4,0.4,0.376
212,,0.224,0.4,0.6,0.4,0.376,0.2,0.2,0.176
213,,0.024,0.2,0.4,0.2,0.176,0.0,0.0,-0.024
214,8,0.436,0.4,0.388,0.1,0.164,0.2,0.412,0.976
215,8,0.848,0.6,0.376,0.0,0.152,0.4,0.824,1.0
216,,0.648,0.4,0.176,-0.2,-0.048,0.2,0.624,0.8
217,4,0.636,0.6,0.588,0.8,0.364,0.4,0.612,0.7
218,4,0.624,0.8,1.0,1.0,0.776,0.6,0.6,0.6
219,,0.424,0.6,0.8,0.8,0.576,0.4,0.4,0.4
220,,0.224,0.4,0.6,0.6,0.376,0.2,0.2,0.2
221,,0.024,0.2,0.4,0.4,0.176,0.0,0.0,0.0
222,,-0.176,0.0,0.2,0.2,-0.024,-0.2,-0.2,-0.2
223,8,0.236,0.2,0.188,0.1,-0.036,0.0,0.212,0.8
224,8,0.648,0.4,0.176,0.0,-0.048,0.2,0.624,1.0
225,5,0.548,0.388,0.376,0.412,0.952,0.612,0.824,0.988
226,5,0.448,0.376,0.576,0.824,1.0,1.0,1.0,0.976
227,,0.248,0.176,0.376,0.624,0.8,0.8,0.8,0.776
228,,0.048,-0.024,0.176,0.424,0.6,0.6,0.6,0.576
229,2,0.46,0.976,0.588,0.624,0.588,0.5,0.588,0.776
230,2,0.872,1.0,1.0,0.824,0.576,0.4,0.576,0.976
231,,0.672,0.8,0.8,0.624,0.376,0.2,0.376,0.776
232,,0.472,0.6,0.6,0.424,0.176,0.0,0.176,0.576
233,,0.272,0.4,0.4,0.224,-0.024,-0.2,-0.024,0.376
234,6,0.26,0.3,0.388,0.424,0.388,0.8,0.388,0.576
235,6,0.248,0.2,0.376,0.624,0.8,1.0,0.8,0.776
236,,0.048,0.0,0.176,0.424,0.6,0.8,0.6,0.576
237,,-0.152,-0.2,-0.024,0.224,0.4,0.6,0.4,0.376
238,2,0.26,0.8,0.388,0.424,0.388,0.5,0.388,0.576
239,2,0.672,1.0,0.8,0.624,0.376,0.4,0.376,0.776
240,,0.472,0.8,0.6,0.424,0.176,0.2,0.176,0.576
241,,0.272,0.6,0.4,0.224,-0.024,0.0,-0.024,0.376
242,7,0.472,0.588,0.3,0.212,0.176,0.412,0.976,0.788
243,7,0.672,0.576,0.2,0.2,0.376,0.824,1.0,1.0
244,,0.472,0.376,0.0,0.0,0.176,0.624,0.8,0.8
245,,0.272,0.176,-0.2,-0.2,-0.024,0.424,0.6,0.6
246,4,0.26,0.376,0.212,0.8,0.388,0.624,0.588,0.5
247,4,0.248,0.576,0.624,1.0,0.8,0.824,0.576,0.4
248,,0.048,0.376,0.424,0.8,0.6,0.624,0.376,0.2
249,,-0.152,0.176,0.224,0.6,0.4,0.424,0.176,0.0
250,1,0.848,0.588,0.424,0.588,0.3,0.412,0.376,0.412
251,1,1.0,1.0,0.624,0.576,0.2,0.4,0.576,0.824
252,,0.8,0.8,0.424,0.376,0.0,0.2,0.376,0.624
253,,0.6,0.6,0.224,0.176,-0.2,0.0,0.176,0.424
254,5,0.5,0.588,0.424,0.588,0.8,0.412,0.376,0.412
255,5,0.4,0.576,0.624,1.0,1.0,0.824,0.576,0.4
256,,0.2,0.376,0.424,0.8,0.8,0.624,0.376,0.2
257,,0.0,0.176,0.224,0.6,0.6,0.424,0.176,0.0
258,,-0.2,-0.024,0.024,0.4,0.4,0.224,-0.024,-0.2
259,8,0.212,0.176,0.012,0.3,0.388,0.424,0.388,0.8
260,8,0.624,0.376,0.0,0.2,0.376,0.624,0.8,1.0
261,,0.424,0.176,-0.2,0.0,0.176,0.424,0.6,0.8
262,3,0.624,0.588,0.8,0.412,0.376,0.412,0.5,0.788
263,3,0.824,1.0,1.0,0.824,0.576,0.4,0.4,0.776
264,,0.624,0.8,0.8,0.624,0.376,0.2,0.2,0.576
265,,0.424,0.6,0.6,0.424,0.176,0.0,0.0,0.376
266,,0.224,0.4,0.4,0.224,-0.024,-0.2,-0.2,0.176
267,7,0.424,0.388,0.3,0.212,0.176,0.212,0.8,0.588
268,7,0.624,0.376,0.2,0.2,0.376,0.624,1.0,1.0
269,,0.424,0.176,0.0,0.0,0.176,0.424,0.8,0.8
270,,0.224,-0.024,-0.2,-0.2,-0.024,0.224,0.6,0.6
271,4,0.212,0.176,0.212,0.8,0.388,0.424,0.588,0.5
272,4,0.2,0.376,0.624,1.0,0.8,0.624,0.576,0.4
273,,0.0,0.176,0.424,0.8,0.6,0.424,0.376,0.2
274,,-0.2,-0.024,0.224,0.6,0.4,0.224,0.176,0.0
275,1,0.8,0.388,0.424,0.588,0.3,0.212,0.376,0.412
276,1,1.0,0.8,0.624,0.576,0.2,0.2,0.576,0.824
277,,0.8,0.6,0.424,0.376,0.0,0.0,0.376,0.624
278,,0.6,0.4,0.224,0.176,-0.2,-0.2,0.176,0.424
279,5,0.5,0.388,0.424,0.588,0.8,0.212,0.376,0.412
280,5,0.4,0.376,0.624,1.0,1.0,0.624,0.576,0.4
281,,0.2,0.176,0.424,0.8,0.8,0.424,0.376,0.2
282,,0.0,-0.024,0.224,0.6,0.6,0.224,0.176,0.0
283,2,0.412,0.976,0.636,0.8,0.588,0.124,0.164,0.2
284,2,0.824,1.0,1.0,1.0,0.576,0.024,0.152,0.4
285,,0.624,0.8,0.8,0.8,0.376,-0.176,-0.048,0.2
286,6,0.612,0.7,0.788,1.0,0.788,0.824,0.364,0.4
287,6,0.6,0.6,0.776,1.0,1.0,1.0,0.776,0.6
288,,0.4,0.4,0.576,0.8,0.8,0.8,0.576,0.4
289,,0.2,0.2,0.376,0.6,0.6,0.6,0.376,0.2
290,,0.0,0.0,0.176,0.4,0.4,0.4,0.176,0.0
291,,-0.2,-0.2,-0.024,0.2,0.2,0.2,-0.024,-0.2
292,2,0.212,0.8,0.388,0.4,0.188,0.1,-0.036,0.0
293,2,0.624,1.0,0.8,0.6,0.176,0.0,-0.048,0.2
294,7,0.824,0.988,0.7,0.588,0.376,0.412,0.952,0.612
295,7,1.0,0.976,0.6,0.576,0.576,0.824,1.0,1.0
296,,0.8,0.776,0.4,0.376,0.376,0.624,0.8,0.8
297,,0.6,0.576,0.2,0.176,0.176,0.424,0.6,0.6
298,,0.4,0.376,0.0,-0.024,-0.024,0.224,0.4,0.4
299,5,0.3,0.364,0.2,0.388,0.976,0.636,0.6,0.388
300,5,0.2,0.352,0.4,0.8,1.0,1.0,0.8,0.376
301,,0.0,0.152,0.2,0.6,0.8,0.8,0.6,0.176
302,,-0.2,-0.048,0.0,0.4,0.6,0.6,0.4,-0.024
303,1,0.8,0.364,0.2,0.388,0.5,0.588,0.6,0.388
304,1,1.0,0.776,0.4,0.376,0.4,0.576,0.8,0.8
305,,0.8,0.576,0.2,0.176,0.2,0.376,0.6,0.6
306,,0.6,0.376,0.0,-0.024,0.0,0.176,0.4,0.4
307,4,0.588,0.576,0.412,0.976,0.412,0.376,0.388,0.3
308,4,0.576,0.776,0.824,1.0,0.824,0.576,0.376,0.2
309,,0.376,0.576,0.624,0.8,0.624,0.376,0.176,0.0
310,,0.176,0.376,0.424,0.6,0.424,0.176,-0.024,-0.2
311,8,0.588,0.576,0.412,0.5,0.412,0.376,0.388,0.8
312,8,1.0,0.776,0.4,0.4,0.4,0.576,0.8,1.0
313,,0.8,0.576,0.2,0.2,0.2,0.376,0.6,0.8
314,,0.6,0.376,0.0,0.0,0.0,0.176,0.4,0.6
315,,0.4,0.176,-0.2,-0.2,-0.2,-0.024,0.2,0.4
316,5,0.3,0.164,0.0,0.212,0.8,0.388,0.4,0.388
317,5,0.2,0.152,0.2,0.624,1.0,0.8,0.6,0.376
318,,0.0,-0.048,0.0,0.424,0.8,0.6,0.4,0.176
319,2,0.412,0.952,0.412,0.624,0.788,0.5,0.388,0.376
320,2,0.824,1.0,0.824,0.824,0.776,0.4,0.376,0.576
321,,0.624,0.8,0.624,0.624,0.576,0.2,0.176,0.376
322,,0.424,0.6,0.424,0.424,0.376,0.0,-0.024,0.176
323,7,0.624,0.588,0.324,0.412,0.576,0.412,0.976,0.588
324,7,0.824,0.576,0.224,0.4,0.776,0.824,1.0,1.0
325,,0.624,0.376,0.024,0.2,0.576,0.624,0.8,0.8
326,,0.424,0.176,-0.176,0.0,0.376,0.424,0.6,0.6
327,3,0.624,0.588,0.824,0.412,0.576,0.412,0.5,0.588
328,3,0.824,1.0,1.0,0.824,0.776,0.4,0.4,0.576
329,,0.624,0.8,0.8,0.624,0.576,0.2,0.2,0.376
330,,0.424,0.6,0.6,0.424,0.376,0.0,0.0,0.176
331,,0.224,0.4,0.4,0.224,0.176,-0.2,-0.2,-0.024
332,7,0.424,0.388,0.3,0.212,0.376,0.212,0.8,0.388
333,7,0.624,0.376,0.2,0.2,0.576,0.624,1.0,0.8
334,,0.424,0.176,0.0,0.0,0.376,0.424,0.8,0.6
335,,0.224,-0.024,-0.2,-0.2,0.176,0.224,0.6,0.4
336,3,0.424,0.388,0.8,0.212,0.376,0.212,0.5,0.388
337,3,0.624,0.8,1.0,0.624,0.576,0.2,0.4,0.376
338,,0.424,0.6,0.8,0.424,0.376,0.0,0.2,0.176
339,,0.224,0.4,0.6,0.224,0.176,-0.2,0.0,-0.024
340,6,0.212,0.3,0.588,0.424,0.588,0.8,0.412,0.176
341,6,0.2,0.2,0.576,0.624,1.0,1.0,0.824,0.376
342,,0.0,0.0,0.376,0.424,0.8,0.8,0.624,0.176
343,,-0.2,-0.2,0.176,0.224,0.6,0.6,0.424,-0.024
344,2,0.212,0.8,0.588,0.424,0.588,0.5,0.412,0.176
345,2,0.624,1.0,1.0,0.624,0.576,0.4,0.4,0.376
346,,0.424,0.8,0.8,0.424,0.376,0.2,0.2,0.176
347,,0.224,0.6,0.6,0.224,0.176,0.0,0.0,-0.024
348,8,0.636,0.8,0.588,0.124,0.164,0.2,0.412,0.976
349,8,1.0,1.0,0.576,0.024,0.152,0.4,0.824,1.0
350,,0.8,0.8,0.376,-0.176,-0.048,0.2,0.624,0.8
351,4,0.788,1.0,0.788,0.824,0.364,0.4,0.612,0.7
352,4,0.776,1.0,1.0,1.0,0.776,0.6,0.6,0.6
353,,0.576,0.8,0.8,0.8,0.576,0.4,0.4,0.4
354,,0.376,0.6,0.6,0.6,0.376,0.2,0.2,0.2
355,,0.176,0.4,0.4,0.4,0.176,0.0,0.0,0.0
356,,-0.024,0.2,0.2,0.2,-0.024,-0.2,-0.2,-0.2
357,8,0.388,0.4,0.188,0.1,-0.036,0.0,0.212,0.8
358,8,0.8,0.6,0.176,0.0,-0.048,0.2,0.624,1.0
359,5,0.7,0.588,0.376,0.412,0.952,0.612,0.824,0.988
360,5,0.6,0.576,0.576,0.824,1.0,1.0,1.0,0.976
361,,0.4,0.376,0.376,0.624,0.8,0.8,0.8,0.776
362,,0.2,0.176,0.176,0.424,0.6,0.6,0.6,0.576
363,,0.0,-0.024,-0.024,0.224,0.4,0.4,0.4,0.376
364,3,0.2,0.388,0.976,0.636,0.6,0.388,0.3,0.364
365,3,0.4,0.8,1.0,1.0,0.8,0.376,0.2,0.352
366,,0.2,0.6,0.8,0.8,0.6,0.176,0.0,0.152
367,,0.0,0.4,0.6,0.6,0.4,-0.024,-0.2,-0.048
368,7,0.2,0.388,0.5,0.588,0.6,0.388,0.8,0.364
369,7,0.4,0.376,0.4,0.576,0.8,0.8,1.0,0.776
370,,0.2,0.176,0.2,0.376,0.6,0.6,0.8,0.576
371,,0.0,-0.024,0.0,0.176,0.4,0.4,0.6,0.376
372,2,0.412,0.976,0.412,0.376,0.388,0.3,0.588,0.576
373,2,0.824,1.0,0.824,0.576,0.376,0.2,0.576,0.776
374,,0.624,0.8,0.624,0.376,0.176,0.0,0.376,0.576
375,,0.424,0.6,0.424,0.176,-0.024,-0.2,0.176,0.376
376,6,0.412,0.5,0.412,0.376,0.388,0.8,0.588,0.576
377,6,0.4,0.4,0.4,0.576,0.8,1.0,1.0,0.776
378,,0.2,0.2,0.2,0.376,0.6,0.8,0.8,0.576
379,,0.0,0.0,0.0,0.176,0.4,0.6,0.6,0.376
380,,-0.2,-0.2,-0.2,-0.024,0.2,0.4,0.4,0.176
381,1,0.8,0.212,0.0,-0.036,0.1,0.388,0.6,0.588
382,1,1.0,0.624,0.2,-0.048,0.0,0.376,0.8,1.0
383,4,0.988,0.824,0.612,0.952,0.412,0.576,0.788,0.9
384,4,0.976,1.0,1.0,1.0,0.824,0.776,0.776,0.8
385,,0.776,0.8,0.8,0.8,0.624,0.576,0.576,0.6
386,,0.576,0.6,0.6,0.6,0.424,0.376,0.376,0.4
387,,0.376,0.4,0.4,0.4,0.224,0.176,0.176,0.2
388,,0.176,0.2,0.2,0.2,0.024,-0.024,-0.024,0.0
389,6,0.164,0.1,0.188,0.4,0.436,0.976,0.388,0.2
390,6,0.152,0.0,0.176,0.6,0.848,1.0,0.8,0.4
391,,-0.048,-0.2,-0.024,0.4,0.648,0.8,0.6,0.2
392,2,0.364,0.8,0.388,0.6,0.636,0.7,0.588,0.4
393,2,0.776,1.0,0.8,0.8,0.624,0.6,0.576,0.6
394,,0.576,0.8,0.6,0.6,0.424,0.4,0.376,0.4
395,,0.376,0.6,0.4,0.4,0.224,0.2,0.176,0.2
396,,0.176,0.4,0.2,0.2,0.024,0.0,-0.024,0.0
397,7,0.376,0.388,0.1,0.188,0.224,0.412,0.976,0.412
398,7,0.576,0.376,0.0,0.176,0.424,0.824,1.0,0.824
399,,0.376,0.176,-0.2,-0.024,0.224,0.624,0.8,0.624
400,3,0.576,0.588,0.8,0.388,0.424,0.612,0.7,0.612
401,3,0.776,1.0,1.0,0.8,0.624,0.6,0.6,0.6
402,,0.576,0.8,0.8,0.6,0.424,0.4,0.4,0.4
403,,0.376,0.6,0.6,0.4,0.224,0.2,0.2,0.2
404,,0.176,0.4,0.4,0.2,0.024,0.0,0.0,0.0
405,,-0.024,0.2,0.2,0.0,-0.176,-0.2,-0.2,-0.2
406,6,-0.036,0.1,0.188,0.2,0.236,0.8,0.212,0.0
407,6,-0.048,0.0,0.176,0.4,0.648,1.0,0.624,0.2
408,1,0.952,0.412,0.376,0.388,0.548,0.988,0.824,0.612
409,1,1.0,0.824,0.576,0.376,0.448,0.976,1.0,1.0
410,,0.8,0.624,0.376,0.176,0.248,0.776,0.8,0.8
411,,0.6,0.424,0.176,-0.024,0.048,0.576,0.6,0.6
412,4,0.588,0.624,0.588,0.976,0.46,0.776,0.588,0.5
413,4,0.576,0.824,1.0,1.0,0.872,0.976,0.576,0.4
414,,0.376,0.624,0.8,0.8,0.672,0.776,0.376,0.2
415,,0.176,0.424,0.6,0.6,0.472,0.576,0.176,0.0
416,,-0.024,0.224,0.4,0.4,0.272,0.376,-0.024,-0.2
417,8,0.388,0.424,0.388,0.3,0.26,0.576,0.388,0.8
418,8,0.8,0.624,0.376,0.2,0.248,0.776,0.8,1.0
419,,0.6,0.424,0.176,0.0,0.048,0.576,0.6,0.8
420,,0.4,0.224,-0.024,-0.2,-0.152,0.376,0.4,0.6
421,4,0.388,0.424,0.388,0.8,0.26,0.576,0.388,0.5
422,4,0.376,0.624,0.8,1.0,0.672,0.776,0.376,0.4
423,,0.176,0.424,0.6,0.8,0.472,0.576,0.176,0.2
424,,-0.024,0.224,0.4,0.6,0.272,0.376,-0.024,0.0
425,1,0.976,0.636,0.6,0.588,0.172,0.364,0.176,0.412
426,1,1.0,1.0,0.8,0.576,0.072,0.352,0.376,0.824
427,,0.8,0.8,0.6,0.376,-0.128,0.152,0.176,0.624
428,5,0.7,0.788,0.8,0.788,0.872,0.564,0.376,0.612
429,5,0.6,0.776,1.0,1.0,1.0,0.976,0.576,0.6
430,,0.4,0.576,0.8,0.8,0.8,0.776,0.376,0.4
431,,0.2,0.376,0.6,0.6,0.6,0.576,0.176,0.2
432,,0.0,0.176,0.4,0.4,0.4,0.376,-0.024,0.0
433,7,0.2,0.164,0.3,0.388,0.6,0.788,0.976,0.412
434,7,0.4,0.152,0.2,0.376,0.8,1.0,1.0,0.824
435,,0.2,-0.048,0.0,0.176,0.6,0.8,0.8,0.624
436,2,0.612,0.952,0.412,0.376,0.588,0.7,0.788,0.824
437,2,1.0,1.0,0.824,0.576,0.576,0.6,0.776,1.0
438,,0.8,0.8,0.624,0.376,0.376,0.4,0.576,0.8
439,,0.6,0.6,0.424,0.176,0.176,0.2,0.376,0.6
440,,0.4,0.4,0.224,-0.024,-0.024,0.0,0.176,0.4
441,4,0.388,0.6,0.636,0.976,0.388,0.2,0.164,0.3
442,4,0.376,0.8,1.0,1.0,0.8,0.4,0.152,0.2
443,,0.176,0.6,0.8,0.8,0.6,0.2,-0.048,0.0
444,7,0.376,0.588,0.7,0.788,0.8,0.612,0.952,0.412
445,7,0.576,0.576,0.6,0.776,1.0,1.0,1.0,0.824
446,,0.376,0.376,0.4,0.576,0.8,0.8,0.8,0.624
447,,0.176,0.176,0.2,0.376,0.6,0.6,0.6,0.424
448,,-0.024,-0.024,0.0,0.176,0.4,0.4,0.4,0.224
449,1,0.976,0.388,0.2,0.164,0.3,0.388,0.6,0.636
450,1,1.0,0.8,0.4,0.152,0.2,0.376,0.8,1.0
451,,0.8,0.6,0.2,-0.048,0.0,0.176,0.6,0.8
452,4,0.788,0.8,0.612,0.952,0.412,0.376,0.588,0.7
453,4,0.776,1.0,1.0,1.0,0.824,0.576,0.576,0.6
454,,0.576,0.8,0.8,0.8,0.624,0.376,0.376,0.4
455,,0.376,0.6,0.6,0.6,0.424,0.176,0.176,0.2
456,,0.176,0.4,0.4,0.4,0.224,-0.024,-0.024,0.0
457,6,0.164,0.3,0.388,0.6,0.636,0.976,0.388,0.2
458,6,0.152,0.2,0.376,0.8,1.0,1.0,0.8,0.4
459,,-0.048,0.0,0.176,0.6,0.8,0.8,0.6,0.2
460,1,0.952,0.412,0.376,0.588,0.7,0.788,0.8,0.612
461,1,1.0,0.824,0.576,0.576,0.6,0.776,1.0,1.0
462,,0.8,0.624,0.376,0.376,0.4,0.576,0.8,0.8
463,,0.6,0.424,0.176,0.176,0.2,0.376,0.6,0.6
464,,0.4,0.224,-0.024,-0.024,0.0,0.176,0.4,0.4
465,3,0.6,0.636,0.976,0.388,0.2,0.164,0.3,0.388
466,3,0.8,1.0,1.0,0.8,0.4,0.152,0.2,0.376
467,,0.6,0.8,0.8,0.6,0.2,-0.048,0.0,0.176
468,6,0.588,0.7,0.788,0.8,0.612,0.952,0.412,0.376
469,6,0.576,0.6,0.776,1.0,1.0,1.0,0.824,0.576
470,,0.376,0.4,0.576,0.8,0.8,0.8,0.624,0.376
471,,0.176,0.2,0.376,0.6,0.6,0.6,0.424,0.176
472,,-0.024,0.0,0.176,0.4,0.4,0.4,0.224,-0.024
473,8,0.388,0.2,0.164,0.3,0.388,0.6,0.636,0.976
474,8,0.8,0.4,0.152,0.2,0.376,0.8,1.0,1.0
475,,0.6,0.2,-0.048,0.0,0.176,0.6,0.8,0.8
476,3,0.8,0.612,0.952,0.412,0.376,0.588,0.7,0.788
477,3,1.0,1.0,1.0,0.824,0.576,0.576,0.6,0.776
478,,0.8,0.8,0.8,0.624,0.376,0.376,0.4,0.576
479,,0.6,0.6,0.6,0.424,0.176,0.176,0.2,0.376
480,,0.4,0.4,0.4,0.224,-0.024,-0.024,0.0,0.176
481,6,0.388,0.3,0.388,0.424,0.388,0.976,0.412,0.376
482,6,0.376,0.2,0.376,0.624,0.8,1.0,0.824,0.576
483,,0.176,0.0,0.176,0.424,0.6,0.8,0.624,0.376
484,,-0.024,-0.2,-0.024,0.224,0.4,0.6,0.424,0.176
485,2,0.388,0.8,0.388,0.424,0.388,0.5,0.412,0.376
486,2,0.8,1.0,0.8,0.624,0.376,0.4,0.4,0.576
487,,0.6,0.8,0.6,0.424,0.176,0.2,0.2,0.376
488,,0.4,0.6,0.4,0.224,-0.024,0.0,0.0,0.176
489,5,0.3,0.588,0.6,0.636,0.976,0.412,0.2,0.164
490,5,0.2,0.576,0.8,1.0,1.0,0.824,0.4,0.152
491,,0.0,0.376,0.6,0.8,0.8,0.624,0.2,-0.048
492,8,0.412,0.576,0.588,0.7,0.788,0.824,0.612,0.952
493,8,0.824,0.776,0.576,0.6,0.776,1.0,1.0,1.0
494,,0.624,0.576,0.376,0.4,0.576,0.8,0.8,0.8
495,,0.424,0.376,0.176,0.2,0.376,0.6,0.6,0.6
496,,0.224,0.176,-0.024,0.0,0.176,0.4,0.4,0.4
497,3,0.424,0.588,0.976,0.412,0.376,0.388,0.3,0.388
498,3,0.624,1.0,1.0,0.824,0.576,0.376,0.2,0.376
499,,0.424,0.8,0.8,0.624,0.376,0.176,0.0,0.176
