step,active_motive,motive_1,motive_2,motive_3,motive_4,motive_5,motive_6,motive_7,motive_8
0,,0.04196,0.02477,0.0356,0.07578,0.00144,0.01161,0.0046,0.00407
1,,-0.00804,-0.02523,-0.0144,0.02578,-0.04856,-0.03839,-0.0454,-0.04593
2,5,0.14196,0.15377,0.2356,0.34678,0.95144,0.28261,0.2046,0.13307
3,5,0.29196,0.33277,0.4856,0.66778,1.0,0.60361,0.4546,0.31207
4,,0.24196,0.28277,0.4356,0.61778,0.95,0.55361,0.4046,0.26207
5,,0.19196,0.23277,0.3856,0.56778,0.9,0.50361,0.3546,0.21207
6,,0.14196,0.18277,0.3356,0.51778,0.85,0.45361,0.3046,0.16207
7,,0.09196,0.13277,0.2856,0.46778,0.8,0.40361,0.2546,0.11207
8,,0.04196,0.08277,0.2356,0.41778,0.75,0.35361,0.2046,0.06207
9,,-0.00804,0.03277,0.1856,0.36778,0.7,0.30361,0.1546,0.01207
10,1,0.99196,0.35377,0.4356,0.54678,0.85,0.48261,0.4046,0.33307
11,1,1.0,0.67477,0.6856,0.72578,1.0,0.66161,0.6546,0.65407
12,,0.95,0.62477,0.6356,0.67578,0.95,0.61161,0.6046,0.60407
13,,0.9,0.57477,0.5856,0.62578,0.9,0.56161,0.5546,0.55407
14,,0.85,0.52477,0.5356,0.57578,0.85,0.51161,0.5046,0.50407
15,,0.8,0.47477,0.4856,0.52578,0.8,0.46161,0.4546,0.45407
16,,0.75,0.42477,0.4356,0.47578,0.75,0.41161,0.4046,0.40407
17,,0.7,0.37477,0.3856,0.42578,0.7,0.36161,0.3546,0.35407
18,,0.65,0.32477,0.3356,0.37578,0.65,0.31161,0.3046,0.30407
19,,0.6,0.27477,0.2856,0.32578,0.6,0.26161,0.2546,0.25407
20,,0.55,0.22477,0.2356,0.27578,0.55,0.21161,0.2046,0.20407
21,,0.5,0.17477,0.1856,0.22578,0.5,0.16161,0.1546,0.15407
22,,0.45,0.12477,0.1356,0.17578,0.45,0.11161,0.1046,0.10407
23,,0.4,0.07477,0.0856,0.12578,0.4,0.06161,0.0546,0.05407
24,,0.35,0.02477,0.0356,0.07578,0.35,0.01161,0.0046,0.00407
25,,0.3,-0.02523,-0.0144,0.02578,0.3,-0.03839,-0.0454,-0.04593
26,8,0.621,0.22477,0.1646,0.17578,0.479,0.21161,0.2756,0.95407
27,8,0.942,0.47477,0.3436,0.32578,0.658,0.46161,0.5966,1.0
28,,0.892,0.42477,0.2936,0.27578,0.608,0.41161,0.5466,0.95
29,,0.842,0.37477,0.2436,0.22578,0.558,0.36161,0.4966,0.9
30,,0.792,0.32477,0.1936,0.17578,0.508,0.31161,0.4466,0.85
31,,0.742,0.27477,0.1436,0.12578,0.458,0.26161,0.3966,0.8
32,,0.692,0.22477,0.0936,0.07578,0.408,0.21161,0.3466,0.75
33,,0.642,0.17477,0.0436,0.02578,0.358,0.16161,0.2966,0.7
34,,0.592,0.12477,-0.0064,-0.02422,0.308,0.11161,0.2466,0.65
35,4,0.771,0.37477,0.3146,0.97578,0.629,0.36161,0.4256,0.8
36,4,0.95,0.62477,0.6356,1.0,0.95,0.61161,0.6046,0.95
37,,0.9,0.57477,0.5856,0.95,0.9,0.56161,0.5546,0.9
38,,0.85,0.52477,0.5356,0.9,0.85,0.51161,0.5046,0.85
39,,0.8,0.47477,0.4856,0.85,0.8,0.46161,0.4546,0.8
40,,0.75,0.42477,0.4356,0.8,0.75,0.41161,0.4046,0.75
41,,0.7,0.37477,0.3856,0.75,0.7,0.36161,0.3546,0.7
42,,0.65,0.32477,0.3356,0.7,0.65,0.31161,0.3046,0.65
43,,0.6,0.27477,0.2856,0.65,0.6,0.26161,0.2546,0.6
44,,0.55,0.22477,0.2356,0.6,0.55,0.21161,0.2046,0.55
45,,0.5,0.17477,0.1856,0.55,0.5,0.16161,0.1546,0.5
46,,0.45,0.12477,0.1356,0.5,0.45,0.11161,0.1046,0.45
47,,0.4,0.07477,0.0856,0.45,0.4,0.06161,0.0546,0.4
48,,0.35,0.02477,0.0356,0.4,0.35,0.01161,0.0046,0.35
49,,0.3,-0.02523,-0.0144,0.35,0.3,-0.03839,-0.0454,0.3
50,7,0.55,0.15377,0.1356,0.529,0.55,0.28261,0.9546,0.621
51,7,0.8,0.33277,0.2856,0.708,0.8,0.60361,1.0,0.942
52,,0.75,0.28277,0.2356,0.658,0.75,0.55361,0.95,0.892
53,,0.7,0.23277,0.1856,0.608,0.7,0.50361,0.9,0.842
54,,0.65,0.18277,0.1356,0.558,0.65,0.45361,0.85,0.792
55,,0.6,0.13277,0.0856,0.508,0.6,0.40361,0.8,0.742
56,,0.55,0.08277,0.0356,0.458,0.55,0.35361,0.75,0.692
57,,0.5,0.03277,-0.0144,0.408,0.5,0.30361,0.7,0.642
58,3,0.75,0.35377,0.9856,0.729,0.75,0.48261,0.85,0.821
59,3,1.0,0.67477,1.0,1.0,1.0,0.66161,1.0,1.0
60,,0.95,0.62477,0.95,0.95,0.95,0.61161,0.95,0.95
61,,0.9,0.57477,0.9,0.9,0.9,0.56161,0.9,0.9
62,,0.85,0.52477,0.85,0.85,0.85,0.51161,0.85,0.85
63,,0.8,0.47477,0.8,0.8,0.8,0.46161,0.8,0.8
64,,0.75,0.42477,0.75,0.75,0.75,0.41161,0.75,0.75
65,,0.7,0.37477,0.7,0.7,0.7,0.36161,0.7,0.7
66,,0.65,0.32477,0.65,0.65,0.65,0.31161,0.65,0.65
67,,0.6,0.27477,0.6,0.6,0.6,0.26161,0.6,0.6
68,,0.55,0.22477,0.55,0.55,0.55,0.21161,0.55,0.55
69,,0.5,0.17477,0.5,0.5,0.5,0.16161,0.5,0.5
70,,0.45,0.12477,0.45,0.45,0.45,0.11161,0.45,0.45
71,,0.4,0.07477,0.4,0.4,0.4,0.06161,0.4,0.4
72,,0.35,0.02477,0.35,0.35,0.35,0.01161,0.35,0.35
73,,0.3,-0.02523,0.3,0.3,0.3,-0.03839,0.3,0.3
74,6,0.479,0.12477,0.479,0.55,0.621,0.96161,0.621,0.55
75,6,0.658,0.27477,0.658,0.8,0.942,1.0,0.942,0.8
76,,0.608,0.22477,0.608,0.75,0.892,0.95,0.892,0.75
77,,0.558,0.17477,0.558,0.7,0.842,0.9,0.842,0.7
78,,0.508,0.12477,0.508,0.65,0.792,0.85,0.792,0.65
79,,0.458,0.07477,0.458,0.6,0.742,0.8,0.742,0.6
80,,0.408,0.02477,0.408,0.55,0.692,0.75,0.692,0.55
81,,0.358,-0.02523,0.358,0.5,0.642,0.7,0.642,0.5
82,2,0.679,0.97477,0.679,0.75,0.821,0.85,0.821,0.75
83,2,1.0,1.0,1.0,1.0,1.0,1.0,1.0,1.0
84,,0.95,0.95,0.95,0.95,0.95,0.95,0.95,0.95
85,,0.9,0.9,0.9,0.9,0.9,0.9,0.9,0.9
86,,0.85,0.85,0.85,0.85,0.85,0.85,0.85,0.85
87,,0.8,0.8,0.8,0.8,0.8,0.8,0.8,0.8
88,,0.75,0.75,0.75,0.75,0.75,0.75,0.75,0.75
89,,0.7,0.7,0.7,0.7,0.7,0.7,0.7,0.7
90,,0.65,0.65,0.65,0.65,0.65,0.65,0.65,0.65
91,,0.6,0.6,0.6,0.6,0.6,0.6,0.6,0.6
92,,0.55,0.55,0.55,0.55,0.55,0.55,0.55,0.55
93,,0.5,0.5,0.5,0.5,0.5,0.5,0.5,0.5
94,,0.45,0.45,0.45,0.45,0.45,0.45,0.45,0.45
95,,0.4,0.4,0.4,0.4,0.4,0.4,0.4,0.4
96,,0.35,0.35,0.35,0.35,0.35,0.35,0.35,0.35
97,,0.3,0.3,0.3,0.3,0.3,0.3,0.3,0.3
98,,0.25,0.25,0.25,0.25,0.25,0.25,0.25,0.25
99,,0.2,0.2,0.2,0.2,0.2,0.2,0.2,0.2
100,,0.15,0.15,0.15,0.15,0.15,0.15,0.15,0.15
101,,0.1,0.1,0.1,0.1,0.1,0.1,0.1,0.1
102,,0.05,0.05,0.05,0.05,0.05,0.05,0.05,0.05
103,,0.0,0.0,0.0,0.0,0.0,0.0,0.0,0.0
104,,-0.05,-0.05,-0.05,-0.05,-0.05,-0.05,-0.05,-0.05
105,6,0.129,0.1,0.129,0.2,0.271,0.95,0.271,0.2
106,6,0.308,0.25,0.308,0.45,0.592,1.0,0.592,0.45
107,,0.258,0.2,0.258,0.4,0.542,0.95,0.542,0.4
108,,0.208,0.15,0.208,0.35,0.492,0.9,0.492,0.35
109,,0.158,0.1,0.158,0.3,0.442,0.85,0.442,0.3
110,,0.108,0.05,0.108,0.25,0.392,0.8,0.392,0.25
111,,0.058,0.0,0.058,0.2,0.342,0.75,0.342,0.2
112,,0.008,-0.05,0.008,0.15,0.292,0.7,0.292,0.15
113,2,0.329,0.95,0.329,0.4,0.471,0.85,0.471,0.4
114,2,0.65,1.0,0.65,0.65,0.65,1.0,0.65,0.65
115,,0.6,0.95,0.6,0.6,0.6,0.95,0.6,0.6
116,,0.55,0.9,0.55,0.55,0.55,0.9,0.55,0.55
117,,0.5,0.85,0.5,0.5,0.5,0.85,0.5,0.5
118,,0.45,0.8,0.45,0.45,0.45,0.8,0.45,0.45
119,,0.4,0.75,0.4,0.4,0.4,0.75,0.4,0.4
120,,0.35,0.7,0.35,0.35,0.35,0.7,0.35,0.35
121,,0.3,0.65,0.3,0.3,0.3,0.65,0.3,0.3
122,,0.25,0.6,0.25,0.25,0.25,0.6,0.25,0.25
123,,0.2,0.55,0.2,0.2,0.2,0.55,0.2,0.2
124,,0.15,0.5,0.15,0.15,0.15,0.5,0.15,0.15
125,,0.1,0.45,0.1,0.1,0.1,0.45,0.1,0.1
126,,0.05,0.4,0.05,0.05,0.05,0.4,0.05,0.05
127,,0.0,0.35,0.0,0.0,0.0,0.35,0.0,0.0
128,,-0.05,0.3,-0.05,-0.05,-0.05,0.3,-0.05,-0.05
129,8,0.271,0.55,0.129,0.1,0.129,0.55,0.271,0.95
130,8,0.592,0.8,0.308,0.25,0.308,0.8,0.592,1.0
131,,0.542,0.75,0.258,0.2,0.258,0.75,0.542,0.95
132,,0.492,0.7,0.208,0.15,0.208,0.7,0.492,0.9
133,,0.442,0.65,0.158,0.1,0.158,0.65,0.442,0.85
134,,0.392,0.6,0.108,0.05,0.108,0.6,0.392,0.8
135,,0.342,0.55,0.058,0.0,0.058,0.55,0.342,0.75
136,,0.292,0.5,0.008,-0.05,0.008,0.5,0.292,0.7
137,4,0.471,0.75,0.329,0.95,0.329,0.75,0.471,0.85
138,4,0.65,1.0,0.65,1.0,0.65,1.0,0.65,1.0
139,,0.6,0.95,0.6,0.95,0.6,0.95,0.6,0.95
140,,0.55,0.9,0.55,0.9,0.55,0.9,0.55,0.9
141,,0.5,0.85,0.5,0.85,0.5,0.85,0.5,0.85
142,,0.45,0.8,0.45,0.8,0.45,0.8,0.45,0.8
143,,0.4,0.75,0.4,0.75,0.4,0.75,0.4,0.75
144,,0.35,0.7,0.35,0.7,0.35,0.7,0.35,0.7
145,,0.3,0.65,0.3,0.65,0.3,0.65,0.3,0.65
146,,0.25,0.6,0.25,0.6,0.25,0.6,0.25,0.6
147,,0.2,0.55,0.2,0.55,0.2,0.55,0.2,0.55
148,,0.15,0.5,0.15,0.5,0.15,0.5,0.15,0.5
149,,0.1,0.45,0.1,0.45,0.1,0.45,0.1,0.45
150,,0.05,0.4,0.05,0.4,0.05,0.4,0.05,0.4
151,,0.0,0.35,0.0,0.35,0.0,0.35,0.0,0.35
152,,-0.05,0.3,-0.05,0.3,-0.05,0.3,-0.05,0.3
153,7,0.2,0.479,0.1,0.479,0.2,0.621,0.95,0.621
154,7,0.45,0.658,0.25,0.658,0.45,0.942,1.0,0.942
155,,0.4,0.608,0.2,0.608,0.4,0.892,0.95,0.892
156,,0.35,0.558,0.15,0.558,0.35,0.842,0.9,0.842
157,,0.3,0.508,0.1,0.508,0.3,0.792,0.85,0.792
158,,0.25,0.458,0.05,0.458,0.25,0.742,0.8,0.742
159,,0.2,0.408,0.0,0.408,0.2,0.692,0.75,0.692
160,,0.15,0.358,-0.05,0.358,0.15,0.642,0.7,0.642
161,3,0.4,0.679,0.95,0.679,0.4,0.821,0.85,0.821
162,3,0.65,1.0,1.0,1.0,0.65,1.0,1.0,1.0
163,,0.6,0.95,0.95,0.95,0.6,0.95,0.95,0.95
164,,0.55,0.9,0.9,0.9,0.55,0.9,0.9,0.9
165,,0.5,0.85,0.85,0.85,0.5,0.85,0.85,0.85
166,,0.45,0.8,0.8,0.8,0.45,0.8,0.8,0.8
167,,0.4,0.75,0.75,0.75,0.4,0.75,0.75,0.75
168,,0.35,0.7,0.7,0.7,0.35,0.7,0.7,0.7
169,,0.3,0.65,0.65,0.65,0.3,0.65,0.65,0.65
170,,0.25,0.6,0.6,0.6,0.25,0.6,0.6,0.6
171,,0.2,0.55,0.55,0.55,0.2,0.55,0.55,0.55
172,,0.15,0.5,0.5,0.5,0.15,0.5,0.5,0.5
173,,0.1,0.45,0.45,0.45,0.1,0.45,0.45,0.45
174,,0.05,0.4,0.4,0.4,0.05,0.4,0.4,0.4
175,,0.0,0.35,0.35,0.35,0.0,0.35,0.35,0.35
176,,-0.05,0.3,0.3,0.3,-0.05,0.3,0.3,0.3
177,1,0.95,0.621,0.55,0.479,0.1,0.479,0.55,0.621
178,1,1.0,0.942,0.8,0.658,0.25,0.658,0.8,0.942
179,,0.95,0.892,0.75,0.608,0.2,0.608,0.75,0.892
180,,0.9,0.842,0.7,0.558,0.15,0.558,0.7,0.842
181,,0.85,0.792,0.65,0.508,0.1,0.508,0.65,0.792
182,,0.8,0.742,0.6,0.458,0.05,0.458,0.6,0.742
183,,0.75,0.692,0.55,0.408,0.0,0.408,0.55,0.692
184,,0.7,0.642,0.5,0.358,-0.05,0.358,0.5,0.642
185,5,0.85,0.821,0.75,0.679,0.95,0.679,0.75,0.821
186,5,1.0,1.0,1.0,1.0,1.0,1.0,1.0,1.0
187,,0.95,0.95,0.95,0.95,0.95,0.95,0.95,0.95
188,,0.9,0.9,0.9,0.9,0.9,0.9,0.9,0.9
189,,0.85,0.85,0.85,0.85,0.85,0.85,0.85,0.85
190,,0.8,0.8,0.8,0.8,0.8,0.8,0.8,0.8
191,,0.75,0.75,0.75,0.75,0.75,0.75,0.75,0.75
192,,0.7,0.7,0.7,0.7,0.7,0.7,0.7,0.7
193,,0.65,0.65,0.65,0.65,0.65,0.65,0.65,0.65
194,,0.6,0.6,0.6,0.6,0.6,0.6,0.6,0.6
195,,0.55,0.55,0.55,0.55,0.55,0.55,0.55,0.55
196,,0.5,0.5,0.5,0.5,0.5,0.5,0.5,0.5
197,,0.45,0.45,0.45,0.45,0.45,0.45,0.45,0.45
198,,0.4,0.4,0.4,0.4,0.4,0.4,0.4,0.4
199,,0.35,0.35,0.35,0.35,0.35,0.35,0.35,0.35
200,,0.3,0.3,0.3,0.3,0.3,0.3,0.3,0.3
201,,0.25,0.25,0.25,0.25,0.25,0.25,0.25,0.25
202,,0.2,0.2,0.2,0.2,0.2,0.2,0.2,0.2
203,,0.15,0.15,0.15,0.15,0.15,0.15,0.15,0.15
204,,0.1,0.1,0.1,0.1,0.1,0.1,0.1,0.1
205,,0.05,0.05,0.05,0.05,0.05,0.05,0.05,0.05
206,,0.0,0.0,0.0,0.0,0.0,0.0,0.0,0.0
207,,-0.05,-0.05,-0.05,-0.05,-0.05,-0.05,-0.05,-0.05
208,4,0.129,0.2,0.271,0.95,0.271,0.2,0.129,0.1
209,4,0.308,0.45,0.592,1.0,0.592,0.45,0.308,0.25
210,,0.258,0.4,0.542,0.95,0.542,0.4,0.258,0.2
211,,0.208,0.35,0.492,0.9,0.492,0.35,0.208,0.15
212,,0.158,0.3,0.442,0.85,0.442,0.3,0.158,0.1
213,,0.108,0.25,0.392,0.8,0.392,0.25,0.108,0.05
214,,0.058,0.2,0.342,0.75,0.342,0.2,0.058,0.0
215,,0.008,0.15,0.292,0.7,0.292,0.15,0.008,-0.05
216,8,0.329,0.4,0.471,0.85,0.471,0.4,0.329,0.95
217,8,0.65,0.65,0.65,1.0,0.65,0.65,0.65,1.0
218,,0.6,0.6,0.6,0.95,0.6,0.6,0.6,0.95
219,,0.55,0.55,0.55,0.9,0.55,0.55,0.55,0.9
220,,0.5,0.5,0.5,0.85,0.5,0.5,0.5,0.85
221,,0.45,0.45,0.45,0.8,0.45,0.45,0.45,0.8
222,,0.4,0.4,0.4,0.75,0.4,0.4,0.4,0.75
223,,0.35,0.35,0.35,0.7,0.35,0.35,0.35,0.7
224,,0.3,0.3,0.3,0.65,0.3,0.3,0.3,0.65
225,,0.25,0.25,0.25,0.6,0.25,0.25,0.25,0.6
226,,0.2,0.2,0.2,0.55,0.2,0.2,0.2,0.55
227,,0.15,0.15,0.15,0.5,0.15,0.15,0.15,0.5
228,,0.1,0.1,0.1,0.45,0.1,0.1,0.1,0.45
229,,0.05,0.05,0.05,0.4,0.05,0.05,0.05,0.4
230,,0.0,0.0,0.0,0.35,0.0,0.0,0.0,0.35
231,,-0.05,-0.05,-0.05,0.3,-0.05,-0.05,-0.05,0.3
232,2,0.271,0.95,0.271,0.55,0.129,0.1,0.129,0.55
233,2,0.592,1.0,0.592,0.8,0.308,0.25,0.308,0.8
234,,0.542,0.95,0.542,0.75,0.258,0.2,0.258,0.75
235,,0.492,0.9,0.492,0.7,0.208,0.15,0.208,0.7
236,,0.442,0.85,0.442,0.65,0.158,0.1,0.158,0.65
237,,0.392,0.8,0.392,0.6,0.108,0.05,0.108,0.6
238,,0.342,0.75,0.342,0.55,0.058,0.0,0.058,0.55
239,,0.292,0.7,0.292,0.5,0.008,-0.05,0.008,0.5
240,6,0.471,0.85,0.471,0.75,0.329,0.95,0.329,0.75
241,6,0.65,1.0,0.65,1.0,0.65,1.0,0.65,1.0
242,,0.6,0.95,0.6,0.95,0.6,0.95,0.6,0.95
243,,0.55,0.9,0.55,0.9,0.55,0.9,0.55,0.9
244,,0.5,0.85,0.5,0.85,0.5,0.85,0.5,0.85
245,,0.45,0.8,0.45,0.8,0.45,0.8,0.45,0.8
246,,0.4,0.75,0.4,0.75,0.4,0.75,0.4,0.75
247,,0.35,0.7,0.35,0.7,0.35,0.7,0.35,0.7
248,,0.3,0.65,0.3,0.65,0.3,0.65,0.3,0.65
249,,0.25,0.6,0.25,0.6,0.25,0.6,0.25,0.6
250,,0.2,0.55,0.2,0.55,0.2,0.55,0.2,0.55
251,,0.15,0.5,0.15,0.5,0.15,0.5,0.15,0.5
252,,0.1,0.45,0.1,0.45,0.1,0.45,0.1,0.45
253,,0.05,0.4,0.05,0.4,0.05,0.4,0.05,0.4
254,,0.0,0.35,0.0,0.35,0.0,0.35,0.0,0.35
255,,-0.05,0.3,-0.05,0.3,-0.05,0.3,-0.05,0.3
256,3,0.2,0.621,0.95,0.621,0.2,0.479,0.1,0.479
257,3,0.45,0.942,1.0,0.942,0.45,0.658,0.25,0.658
258,,0.4,0.892,0.95,0.892,0.4,0.608,0.2,0.608
259,,0.35,0.842,0.9,0.842,0.35,0.558,0.15,0.558
260,,0.3,0.792,0.85,0.792,0.3,0.508,0.1,0.508
261,,0.25,0.742,0.8,0.742,0.25,0.458,0.05,0.458
262,,0.2,0.692,0.75,0.692,0.2,0.408,0.0,0.408
263,,0.15,0.642,0.7,0.642,0.15,0.358,-0.05,0.358
264,7,0.4,0.821,0.85,0.821,0.4,0.679,0.95,0.679
265,7,0.65,1.0,1.0,1.0,0.65,1.0,1.0,1.0
266,,0.6,0.95,0.95,0.95,0.6,0.95,0.95,0.95
267,,0.55,0.9,0.9,0.9,0.55,0.9,0.9,0.9
268,,0.5,0.85,0.85,0.85,0.5,0.85,0.85,0.85
269,,0.45,0.8,0.8,0.8,0.45,0.8,0.8,0.8
270,,0.4,0.75,0.75,0.75,0.4,0.75,0.75,0.75
271,,0.35,0.7,0.7,0.7,0.35,0.7,0.7,0.7
272,,0.3,0.65,0.65,0.65,0.3,0.65,0.65,0.65
273,,0.25,0.6,0.6,0.6,0.25,0.6,0.6,0.6
274,,0.2,0.55,0.55,0.55,0.2,0.55,0.55,0.55
275,,0.15,0.5,0.5,0.5,0.15,0.5,0.5,0.5
276,,0.1,0.45,0.45,0.45,0.1,0.45,0.45,0.45
277,,0.05,0.4,0.4,0.4,0.05,0.4,0.4,0.4
278,,0.0,0.35,0.35,0.35,0.0,0.35,0.35,0.35
279,,-0.05,0.3,0.3,0.3,-0.05,0.3,0.3,0.3
280,5,0.1,0.479,0.55,0.621,0.95,0.621,0.55,0.479
281,5,0.25,0.658,0.8,0.942,1.0,0.942,0.8,0.658
282,,0.2,0.608,0.75,0.892,0.95,0.892,0.75,0.608
283,,0.15,0.558,0.7,0.842,0.9,0.842,0.7,0.558
284,,0.1,0.508,0.65,0.792,0.85,0.792,0.65,0.508
285,,0.05,0.458,0.6,0.742,0.8,0.742,0.6,0.458
286,,0.0,0.408,0.55,0.692,0.75,0.692,0.55,0.408
287,,-0.05,0.358,0.5,0.642,0.7,0.642,0.5,0.358
288,1,0.95,0.679,0.75,0.821,0.85,0.821,0.75,0.679
289,1,1.0,1.0,1.0,1.0,1.0,1.0,1.0,1.0
290,,0.95,0.95,0.95,0.95,0.95,0.95,0.95,0.95
291,,0.9,0.9,0.9,0.9,0.9,0.9,0.9,0.9
292,,0.85,0.85,0.85,0.85,0.85,0.85,0.85,0.85
293,,0.8,0.8,0.8,0.8,0.8,0.8,0.8,0.8
294,,0.75,0.75,0.75,0.75,0.75,0.75,0.75,0.75
295,,0.7,0.7,0.7,0.7,0.7,0.7,0.7,0.7
296,,0.65,0.65,0.65,0.65,0.65,0.65,0.65,0.65
297,,0.6,0.6,0.6,0.6,0.6,0.6,0.6,0.6
298,,0.55,0.55,0.55,0.55,0.55,0.55,0.55,0.55
299,,0.5,0.5,0.5,0.5,0.5,0.5,0.5,0.5
300,,0.45,0.45,0.45,0.45,0.45,0.45,0.45,0.45
301,,0.4,0.4,0.4,0.4,0.4,0.4,0.4,0.4
302,,0.35,0.35,0.35,0.35,0.35,0.35,0.35,0.35
303,,0.3,0.3,0.3,0.3,0.3,0.3,0.3,0.3
304,,0.25,0.25,0.25,0.25,0.25,0.25,0.25,0.25
305,,0.2,0.2,0.2,0.2,0.2,0.2,0.2,0.2
306,,0.15,0.15,0.15,0.15,0.15,0.15,0.15,0.15
307,,0.1,0.1,0.1,0.1,0.1,0.1,0.1,0.1
308,,0.05,0.05,0.05,0.05,0.05,0.05,0.05,0.05
309,,0.0,0.0,0.0,0.0,0.0,0.0,0.0,0.0
310,,-0.05,-0.05,-0.05,-0.05,-0.05,-0.05,-0.05,-0.05
311,5,0.1,0.129,0.2,0.271,0.95,0.271,0.2,0.129
312,5,0.25,0.308,0.45,0.592,1.0,0.592,0.45,0.308
313,,0.2,0.258,0.4,0.542,0.95,0.542,0.4,0.258
314,,0.15,0.208,0.35,0.492,0.9,0.492,0.35,0.208
315,,0.1,0.158,0.3,0.442,0.85,0.442,0.3,0.158
316,,0.05,0.108,0.25,0.392,0.8,0.392,0.25,0.108
317,,0.0,0.058,0.2,0.342,0.75,0.342,0.2,0.058
318,,-0.05,0.008,0.15,0.292,0.7,0.292,0.15,0.008
319,1,0.95,0.329,0.4,0.471,0.85,0.471,0.4,0.329
320,1,1.0,0.65,0.65,0.65,1.0,0.65,0.65,0.65
321,,0.95,0.6,0.6,0.6,0.95,0.6,0.6,0.6
322,,0.9,0.55,0.55,0.55,0.9,0.55,0.55,0.55
323,,0.85,0.5,0.5,0.5,0.85,0.5,0.5,0.5
324,,0.8,0.45,0.45,0.45,0.8,0.45,0.45,0.45
325,,0.75,0.4,0.4,0.4,0.75,0.4,0.4,0.4
326,,0.7,0.35,0.35,0.35,0.7,0.35,0.35,0.35
327,,0.65,0.3,0.3,0.3,0.65,0.3,0.3,0.3
328,,0.6,0.25,0.25,0.25,0.6,0.25,0.25,0.25
329,,0.55,0.2,0.2,0.2,0.55,0.2,0.2,0.2
330,,0.5,0.15,0.15,0.15,0.5,0.15,0.15,0.15
331,,0.45,0.1,0.1,0.1,0.45,0.1,0.1,0.1
332,,0.4,0.05,0.05,0.05,0.4,0.05,0.05,0.05
333,,0.35,0.0,0.0,0.0,0.35,0.0,0.0,0.0
334,,0.3,-0.05,-0.05,-0.05,0.3,-0.05,-0.05,-0.05
335,6,0.479,0.1,0.129,0.2,0.621,0.95,0.271,0.2
336,6,0.658,0.25,0.308,0.45,0.942,1.0,0.592,0.45
337,,0.608,0.2,0.258,0.4,0.892,0.95,0.542,0.4
338,,0.558,0.15,0.208,0.35,0.842,0.9,0.492,0.35
339,,0.508,0.1,0.158,0.3,0.792,0.85,0.442,0.3
340,,0.458,0.05,0.108,0.25,0.742,0.8,0.392,0.25
341,,0.408,0.0,0.058,0.2,0.692,0.75,0.342,0.2
342,,0.358,-0.05,0.008,0.15,0.642,0.7,0.292,0.15
343,2,0.679,0.95,0.329,0.4,0.821,0.85,0.471,0.4
344,2,1.0,1.0,0.65,0.65,1.0,1.0,0.65,0.65
345,,0.95,0.95,0.6,0.6,0.95,0.95,0.6,0.6
346,,0.9,0.9,0.55,0.55,0.9,0.9,0.55,0.55
347,,0.85,0.85,0.5,0.5,0.85,0.85,0.5,0.5
348,,0.8,0.8,0.45,0.45,0.8,0.8,0.45,0.45
349,,0.75,0.75,0.4,0.4,0.75,0.75,0.4,0.4
350,,0.7,0.7,0.35,0.35,0.7,0.7,0.35,0.35
351,,0.65,0.65,0.3,0.3,0.65,0.65,0.3,0.3
352,,0.6,0.6,0.25,0.25,0.6,0.6,0.25,0.25
353,,0.55,0.55,0.2,0.2,0.55,0.55,0.2,0.2
354,,0.5,0.5,0.15,0.15,0.5,0.5,0.15,0.15
355,,0.45,0.45,0.1,0.1,0.45,0.45,0.1,0.1
356,,0.4,0.4,0.05,0.05,0.4,0.4,0.05,0.05
357,,0.35,0.35,0.0,0.0,0.35,0.35,0.0,0.0
358,,0.3,0.3,-0.05,-0.05,0.3,0.3,-0.05,-0.05
359,3,0.55,0.621,0.95,0.271,0.55,0.479,0.1,0.129
360,3,0.8,0.942,1.0,0.592,0.8,0.658,0.25,0.308
361,,0.75,0.892,0.95,0.542,0.75,0.608,0.2,0.258
362,,0.7,0.842,0.9,0.492,0.7,0.558,0.15,0.208
363,,0.65,0.792,0.85,0.442,0.65,0.508,0.1,0.158
364,,0.6,0.742,0.8,0.392,0.6,0.458,0.05,0.108
365,,0.55,0.692,0.75,0.342,0.55,0.408,0.0,0.058
366,,0.5,0.642,0.7,0.292,0.5,0.358,-0.05,0.008
367,7,0.75,0.821,0.85,0.471,0.75,0.679,0.95,0.329
368,7,1.0,1.0,1.0,0.65,1.0,1.0,1.0,0.65
369,,0.95,0.95,0.95,0.6,0.95,0.95,0.95,0.6
370,,0.9,0.9,0.9,0.55,0.9,0.9,0.9,0.55
371,,0.85,0.85,0.85,0.5,0.85,0.85,0.85,0.5
372,,0.8,0.8,0.8,0.45,0.8,0.8,0.8,0.45
373,,0.75,0.75,0.75,0.4,0.75,0.75,0.75,0.4
374,,0.7,0.7,0.7,0.35,0.7,0.7,0.7,0.35
375,,0.65,0.65,0.65,0.3,0.65,0.65,0.65,0.3
376,,0.6,0.6,0.6,0.25,0.6,0.6,0.6,0.25
377,,0.55,0.55,0.55,0.2,0.55,0.55,0.55,0.2
378,,0.5,0.5,0.5,0.15,0.5,0.5,0.5,0.15
379,,0.45,0.45,0.45,0.1,0.45,0.45,0.45,0.1
380,,0.4,0.4,0.4,0.05,0.4,0.4,0.4,0.05
381,,0.35,0.35,0.35,0.0,0.35,0.35,0.35,0.0
382,,0.3,0.3,0.3,-0.05,0.3,0.3,0.3,-0.05
383,8,0.621,0.55,0.479,0.1,0.479,0.55,0.621,0.95
384,8,0.942,0.8,0.658,0.25,0.658,0.8,0.942,1.0
385,,0.892,0.75,0.608,0.2,0.608,0.75,0.892,0.95
386,,0.842,0.7,0.558,0.15,0.558,0.7,0.842,0.9
387,,0.792,0.65,0.508,0.1,0.508,0.65,0.792,0.85
388,,0.742,0.6,0.458,0.05,0.458,0.6,0.742,0.8
389,,0.692,0.55,0.408,0.0,0.408,0.55,0.692,0.75
390,,0.642,0.5,0.358,-0.05,0.358,0.5,0.642,0.7
391,4,0.821,0.75,0.679,0.95,0.679,0.75,0.821,0.85
392,4,1.0,1.0,1.0,1.0,1.0,1.0,1.0,1.0
393,,0.95,0.95,0.95,0.95,0.95,0.95,0.95,0.95
394,,0.9,0.9,0.9,0.9,0.9,0.9,0.9,0.9
395,,0.85,0.85,0.85,0.85,0.85,0.85,0.85,0.85
396,,0.8,0.8,0.8,0.8,0.8,0.8,0.8,0.8
397,,0.75,0.75,0.75,0.75,0.75,0.75,0.75,0.75
398,,0.7,0.7,0.7,0.7,0.7,0.7,0.7,0.7
399,,0.65,0.65,0.65,0.65,0.65,0.65,0.65,0.65
400,,0.6,0.6,0.6,0.6,0.6,0.6,0.6,0.6
401,,0.55,0.55,0.55,0.55,0.55,0.55,0.55,0.55
402,,0.5,0.5,0.5,0.5,0.5,0.5,0.5,0.5
403,,0.45,0.45,0.45,0.45,0.45,0.45,0.45,0.45
404,,0.4,0.4,0.4,0.4,0.4,0.4,0.4,0.4
405,,0.35,0.35,0.35,0.35,0.35,0.35,0.35,0.35
406,,0.3,0.3,0.3,0.3,0.3,0.3,0.3,0.3
407,,0.25,0.25,0.25,0.25,0.25,0.25,0.25,0.25
408,,0.2,0.2,0.2,0.2,0.2,0.2,0.2,0.2
409,,0.15,0.15,0.15,0.15,0.15,0.15,0.15,0.15
410,,0.1,0.1,0.1,0.1,0.1,0.1,0.1,0.1
411,,0.05,0.05,0.05,0.05,0.05,0.05,0.05,0.05
412,,0.0,0.0,0.0,0.0,0.0,0.0,0.0,0.0
413,,-0.05,-0.05,-0.05,-0.05,-0.05,-0.05,-0.05,-0.05
414,6,0.129,0.1,0.129,0.2,0.271,0.95,0.271,0.2
415,6,0.308,0.25,0.308,0.45,0.592,1.0,0.592,0.45
416,,0.258,0.2,0.258,0.4,0.542,0.95,0.542,0.4
417,,0.208,0.15,0.208,0.35,0.492,0.9,0.492,0.35
418,,0.158,0.1,0.158,0.3,0.442,0.85,0.442,0.3
419,,0.108,0.05,0.108,0.25,0.392,0.8,0.392,0.25
420,,0.058,0.0,0.058,0.2,0.342,0.75,0.342,0.2
421,,0.008,-0.05,0.008,0.15,0.292,0.7,0.292,0.15
422,2,0.329,0.95,0.329,0.4,0.471,0.85,0.471,0.4
423,2,0.65,1.0,0.65,0.65,0.65,1.0,0.65,0.65
424,,0.6,0.95,0.6,0.6,0.6,0.95,0.6,0.6
425,,0.55,0.9,0.55,0.55,0.55,0.9,0.55,0.55
426,,0.5,0.85,0.5,0.5,0.5,0.85,0.5,0.5
427,,0.45,0.8,0.45,0.45,0.45,0.8,0.45,0.45
428,,0.4,0.75,0.4,0.4,0.4,0.75,0.4,0.4
429,,0.35,0.7,0.35,0.35,0.35,0.7,0.35,0.35
430,,0.3,0.65,0.3,0.3,0.3,0.65,0.3,0.3
431,,0.25,0.6,0.25,0.25,0.25,0.6,0.25,0.25
432,,0.2,0.55,0.2,0.2,0.2,0.55,0.2,0.2
433,,0.15,0.5,0.15,0.15,0.15,0.5,0.15,0.15
434,,0.1,0.45,0.1,0.1,0.1,0.45,0.1,0.1
435,,0.05,0.4,0.05,0.05,0.05,0.4,0.05,0.05
436,,0.0,0.35,0.0,0.0,0.0,0.35,0.0,0.0
437,,-0.05,0.3,-0.05,-0.05,-0.05,0.3,-0.05,-0.05
438,7,0.2,0.479,0.1,0.129,0.2,0.621,0.95,0.271
439,7,0.45,0.658,0.25,0.308,0.45,0.942,1.0,0.592
440,,0.4,0.608,0.2,0.258,0.4,0.892,0.95,0.542
441,,0.35,0.558,0.15,0.208,0.35,0.842,0.9,0.492
442,,0.3,0.508,0.1,0.158,0.3,0.792,0.85,0.442
443,,0.25,0.458,0.05,0.108,0.25,0.742,0.8,0.392
444,,0.2,0.408,0.0,0.058,0.2,0.692,0.75,0.342
445,,0.15,0.358,-0.05,0.008,0.15,0.642,0.7,0.292
446,3,0.4,0.679,0.95,0.329,0.4,0.821,0.85,0.471
447,3,0.65,1.0,1.0,0.65,0.65,1.0,1.0,0.65
448,,0.6,0.95,0.95,0.6,0.6,0.95,0.95,0.6
449,,0.55,0.9,0.9,0.55,0.55,0.9,0.9,0.55
450,,0.5,0.85,0.85,0.5,0.5,0.85,0.85,0.5
451,,0.45,0.8,0.8,0.45,0.45,0.8,0.8,0.45
452,,0.4,0.75,0.75,0.4,0.4,0.75,0.75,0.4
453,,0.35,0.7,0.7,0.35,0.35,0.7,0.7,0.35
454,,0.3,0.65,0.65,0.3,0.3,0.65,0.65,0.3
455,,0.25,0.6,0.6,0.25,0.25,0.6,0.6,0.25
456,,0.2,0.55,0.55,0.2,0.2,0.55,0.55,0.2
457,,0.15,0.5,0.5,0.15,0.15,0.5,0.5,0.15
458,,0.1,0.45,0.45,0.1,0.1,0.45,0.45,0.1
459,,0.05,0.4,0.4,0.05,0.05,0.4,0.4,0.05
460,,0.0,0.35,0.35,0.0,0.0,0.35,0.35,0.0
461,,-0.05,0.3,0.3,-0.05,-0.05,0.3,0.3,-0.05
462,5,0.1,0.479,0.55,0.271,0.95,0.621,0.55,0.129
463,5,0.25,0.658,0.8,0.592,1.0,0.942,0.8,0.308
464,,0.2,0.608,0.75,0.542,0.95,0.892,0.75,0.258
465,,0.15,0.558,0.7,0.492,0.9,0.842,0.7,0.208
466,,0.1,0.508,0.65,0.442,0.85,0.792,0.65,0.158
467,,0.05,0.458,0.6,0.392,0.8,0.742,0.6,0.108
468,,0.0,0.408,0.55,0.342,0.75,0.692,0.55,0.058
469,,-0.05,0.358,0.5,0.292,0.7,0.642,0.5,0.008
470,1,0.95,0.679,0.75,0.471,0.85,0.821,0.75,0.329
471,1,1.0,1.0,1.0,0.65,1.0,1.0,1.0,0.65
472,,0.95,0.95,0.95,0.6,0.95,0.95,0.95,0.6
473,,0.9,0.9,0.9,0.55,0.9,0.9,0.9,0.55
474,,0.85,0.85,0.85,0.5,0.85,0.85,0.85,0.5
475,,0.8,0.8,0.8,0.45,0.8,0.8,0.8,0.45
476,,0.75,0.75,0.75,0.4,0.75,0.75,0.75,0.4
477,,0.7,0.7,0.7,0.35,0.7,0.7,0.7,0.35
478,,0.65,0.65,0.65,0.3,0.65,0.65,0.65,0.3
479,,0.6,0.6,0.6,0.25,0.6,0.6,0.6,0.25
480,,0.55,0.55,0.55,0.2,0.55,0.55,0.55,0.2
481,,0.5,0.5,0.5,0.15,0.5,0.5,0.5,0.15
482,,0.45,0.45,0.45,0.1,0.45,0.45,0.45,0.1
483,,0.4,0.4,0.4,0.05,0.4,0.4,0.4,0.05
484,,0.35,0.35,0.35,0.0,0.35,0.35,0.35,0.0
485,,0.3,0.3,0.3,-0.05,0.3,0.3,0.3,-0.05
486,8,0.621,0.55,0.479,0.1,0.479,0.55,0.621,0.95
487,8,0.942,0.8,0.658,0.25,0.658,0.8,0.942,1.0
488,,0.892,0.75,0.608,0.2,0.608,0.75,0.892,0.95
489,,0.842,0.7,0.558,0.15,0.558,0.7,0.842,0.9
490,,0.792,0.65,0.508,0.1,0.508,0.65,0.792,0.85
491,,0.742,0.6,0.458,0.05,0.458,0.6,0.742,0.8
492,,0.692,0.55,0.408,0.0,0.408,0.55,0.692,0.75
493,,0.642,0.5,0.358,-0.05,0.358,0.5,0.642,0.7
494,4,0.821,0.75,0.679,0.95,0.679,0.75,0.821,0.85
495,4,1.0,1.0,1.0,1.0,1.0,1.0,1.0,1.0
496,,0.95,0.95,0.95,0.95,0.95,0.95,0.95,0.95
497,,0.9,0.9,0.9,0.9,0.9,0.9,0.9,0.9
498,,0.85,0.85,0.85,0.85,0.85,0.85,0.85,0.85
499,,0.8,0.8,0.8,0.8,0.8,0.8,0.8,0.8
