step,active_motive,motive_1,motive_2,motive_3,motive_4,motive_5,motive_6,motive_7,motive_8
0,,0.03509,0.01171,0.0143,0.07615,0.06182,0.01011,0.00841,0.0701
1,,-0.01491,-0.03829,-0.0357,0.02615,0.01182,-0.03989,-0.04159,0.0201
2,7,0.23509,0.14071,0.1143,0.20515,0.26182,0.28111,0.95841,0.3411
3,7,0.48509,0.31971,0.2643,0.38415,0.51182,0.60211,1.0,0.6621
4,,0.43509,0.26971,0.2143,0.33415,0.46182,0.55211,0.95,0.6121
5,,0.38509,0.21971,0.1643,0.28415,0.41182,0.50211,0.9,0.5621
6,,0.33509,0.16971,0.1143,0.23415,0.36182,0.45211,0.85,0.5121
7,,0.28509,0.11971,0.0643,0.18415,0.31182,0.40211,0.8,0.4621
8,,0.23509,0.06971,0.0143,0.13415,0.26182,0.35211,0.75,0.4121
9,,0.18509,0.01971,-0.0357,0.08415,0.21182,0.30211,0.7,0.3621
10,3,0.43509,0.34071,0.9643,0.40515,0.46182,0.48111,0.85,0.5411
11,3,0.68509,0.66171,1.0,0.72615,0.71182,0.66011,1.0,0.7201
12,,0.63509,0.61171,0.95,0.67615,0.66182,0.61011,0.95,0.6701
13,,0.58509,0.56171,0.9,0.62615,0.61182,0.56011,0.9,0.6201
14,,0.53509,0.51171,0.85,0.57615,0.56182,0.51011,0.85,0.5701
15,,0.48509,0.46171,0.8,0.52615,0.51182,0.46011,0.8,0.5201
16,,0.43509,0.41171,0.75,0.47615,0.46182,0.41011,0.75,0.4701
17,,0.38509,0.36171,0.7,0.42615,0.41182,0.36011,0.7,0.4201
18,,0.33509,0.31171,0.65,0.37615,0.36182,0.31011,0.65,0.3701
19,,0.28509,0.26171,0.6,0.32615,0.31182,0.26011,0.6,0.3201
20,,0.23509,0.21171,0.55,0.27615,0.26182,0.21011,0.55,0.2701
21,,0.18509,0.16171,0.5,0.22615,0.21182,0.16011,0.5,0.2201
22,,0.13509,0.11171,0.45,0.17615,0.16182,0.11011,0.45,0.1701
23,,0.08509,0.06171,0.4,0.12615,0.11182,0.06011,0.4,0.1201
24,,0.03509,0.01171,0.35,0.07615,0.06182,0.01011,0.35,0.0701
25,,-0.01491,-0.03829,0.3,0.02615,0.01182,-0.03989,0.3,0.0201
26,6,0.16409,0.11171,0.479,0.27615,0.33282,0.96011,0.621,0.2701
27,6,0.34309,0.26171,0.658,0.52615,0.65382,1.0,0.942,0.5201
28,,0.29309,0.21171,0.608,0.47615,0.60382,0.95,0.892,0.4701
29,,0.24309,0.16171,0.558,0.42615,0.55382,0.9,0.842,0.4201
30,,0.19309,0.11171,0.508,0.37615,0.50382,0.85,0.792,0.3701
31,,0.14309,0.06171,0.458,0.32615,0.45382,0.8,0.742,0.3201
32,,0.09309,0.01171,0.408,0.27615,0.40382,0.75,0.692,0.2701
33,,0.04309,-0.03829,0.358,0.22615,0.35382,0.7,0.642,0.2201
34,2,0.36409,0.96171,0.679,0.47615,0.53282,0.85,0.821,0.4701
35,2,0.68509,1.0,1.0,0.72615,0.71182,1.0,1.0,0.7201
36,,0.63509,0.95,0.95,0.67615,0.66182,0.95,0.95,0.6701
37,,0.58509,0.9,0.9,0.62615,0.61182,0.9,0.9,0.6201
38,,0.53509,0.85,0.85,0.57615,0.56182,0.85,0.85,0.5701
39,,0.48509,0.8,0.8,0.52615,0.51182,0.8,0.8,0.5201
40,,0.43509,0.75,0.75,0.47615,0.46182,0.75,0.75,0.4701
41,,0.38509,0.7,0.7,0.42615,0.41182,0.7,0.7,0.4201
42,,0.33509,0.65,0.65,0.37615,0.36182,0.65,0.65,0.3701
43,,0.28509,0.6,0.6,0.32615,0.31182,0.6,0.6,0.3201
44,,0.23509,0.55,0.55,0.27615,0.26182,0.55,0.55,0.2701
45,,0.18509,0.5,0.5,0.22615,0.21182,0.5,0.5,0.2201
46,,0.13509,0.45,0.45,0.17615,0.16182,0.45,0.45,0.1701
47,,0.08509,0.4,0.4,0.12615,0.11182,0.4,0.4,0.1201
48,,0.03509,0.35,0.35,0.07615,0.06182,0.35,0.35,0.0701
49,,-0.01491,0.3,0.3,0.02615,0.01182,0.3,0.3,0.0201
50,1,0.98509,0.621,0.55,0.20515,0.16182,0.479,0.55,0.3411
51,1,1.0,0.942,0.8,0.38415,0.31182,0.658,0.8,0.6621
52,,0.95,0.892,0.75,0.33415,0.26182,0.608,0.75,0.6121
53,,0.9,0.842,0.7,0.28415,0.21182,0.558,0.7,0.5621
54,,0.85,0.792,0.65,0.23415,0.16182,0.508,0.65,0.5121
55,,0.8,0.742,0.6,0.18415,0.11182,0.458,0.6,0.4621
56,,0.75,0.692,0.55,0.13415,0.06182,0.408,0.55,0.4121
57,,0.7,0.642,0.5,0.08415,0.01182,0.358,0.5,0.3621
58,,0.65,0.592,0.45,0.03415,-0.03818,0.308,0.45,0.3121
59,5,0.8,0.771,0.7,0.35515,0.96182,0.629,0.7,0.4911
60,5,0.95,0.95,0.95,0.67615,1.0,0.95,0.95,0.6701
61,,0.9,0.9,0.9,0.62615,0.95,0.9,0.9,0.6201
62,,0.85,0.85,0.85,0.57615,0.9,0.85,0.85,0.5701
63,,0.8,0.8,0.8,0.52615,0.85,0.8,0.8,0.5201
64,,0.75,0.75,0.75,0.47615,0.8,0.75,0.75,0.4701
65,,0.7,0.7,0.7,0.42615,0.75,0.7,0.7,0.4201
66,,0.65,0.65,0.65,0.37615,0.7,0.65,0.65,0.3701
67,,0.6,0.6,0.6,0.32615,0.65,0.6,0.6,0.3201
68,,0.55,0.55,0.55,0.27615,0.6,0.55,0.55,0.2701
69,,0.5,0.5,0.5,0.22615,0.55,0.5,0.5,0.2201
70,,0.45,0.45,0.45,0.17615,0.5,0.45,0.45,0.1701
71,,0.4,0.4,0.4,0.12615,0.45,0.4,0.4,0.1201
72,,0.35,0.35,0.35,0.07615,0.4,0.35,0.35,0.0701
73,,0.3,0.3,0.3,0.02615,0.35,0.3,0.3,0.0201
74,,0.25,0.25,0.25,-0.02385,0.3,0.25,0.25,-0.0299
75,8,0.571,0.5,0.429,0.12615,0.479,0.5,0.571,0.9701
76,8,0.892,0.75,0.608,0.27615,0.658,0.75,0.892,1.0
77,,0.842,0.7,0.558,0.22615,0.608,0.7,0.842,0.95
78,,0.792,0.65,0.508,0.17615,0.558,0.65,0.792,0.9
79,,0.742,0.6,0.458,0.12615,0.508,0.6,0.742,0.85
80,,0.692,0.55,0.408,0.07615,0.458,0.55,0.692,0.8
81,,0.642,0.5,0.358,0.02615,0.408,0.5,0.642,0.75
82,,0.592,0.45,0.308,-0.02385,0.358,0.45,0.592,0.7
83,4,0.771,0.7,0.629,0.97615,0.679,0.7,0.771,0.85
84,4,0.95,0.95,0.95,1.0,1.0,0.95,0.95,1.0
85,,0.9,0.9,0.9,0.95,0.95,0.9,0.9,0.95
86,,0.85,0.85,0.85,0.9,0.9,0.85,0.85,0.9
87,,0.8,0.8,0.8,0.85,0.85,0.8,0.8,0.85
88,,0.75,0.75,0.75,0.8,0.8,0.75,0.75,0.8
89,,0.7,0.7,0.7,0.75,0.75,0.7,0.7,0.75
90,,0.65,0.65,0.65,0.7,0.7,0.65,0.65,0.7
91,,0.6,0.6,0.6,0.65,0.65,0.6,0.6,0.65
92,,0.55,0.55,0.55,0.6,0.6,0.55,0.55,0.6
93,,0.5,0.5,0.5,0.55,0.55,0.5,0.5,0.55
94,,0.45,0.45,0.45,0.5,0.5,0.45,0.45,0.5
95,,0.4,0.4,0.4,0.45,0.45,0.4,0.4,0.45
96,,0.35,0.35,0.35,0.4,0.4,0.35,0.35,0.4
97,,0.3,0.3,0.3,0.35,0.35,0.3,0.3,0.35
98,,0.25,0.25,0.25,0.3,0.3,0.25,0.25,0.3
99,,0.2,0.2,0.2,0.25,0.25,0.2,0.2,0.25
100,,0.15,0.15,0.15,0.2,0.2,0.15,0.15,0.2
101,,0.1,0.1,0.1,0.15,0.15,0.1,0.1,0.15
102,,0.05,0.05,0.05,0.1,0.1,0.05,0.05,0.1
103,,0.0,0.0,0.0,0.05,0.05,0.0,0.0,0.05
104,,-0.05,-0.05,-0.05,0.0,0.0,-0.05,-0.05,0.0
105,2,0.271,0.95,0.271,0.25,0.179,0.1,0.129,0.25
106,2,0.592,1.0,0.592,0.5,0.358,0.25,0.308,0.5
107,,0.542,0.95,0.542,0.45,0.308,0.2,0.258,0.45
108,,0.492,0.9,0.492,0.4,0.258,0.15,0.208,0.4
109,,0.442,0.85,0.442,0.35,0.208,0.1,0.158,0.35
110,,0.392,0.8,0.392,0.3,0.158,0.05,0.108,0.3
111,,0.342,0.75,0.342,0.25,0.108,0.0,0.058,0.25
112,,0.292,0.7,0.292,0.2,0.058,-0.05,0.008,0.2
113,6,0.471,0.85,0.471,0.45,0.379,0.95,0.329,0.45
114,6,0.65,1.0,0.65,0.7,0.7,1.0,0.65,0.7
115,,0.6,0.95,0.6,0.65,0.65,0.95,0.6,0.65
116,,0.55,0.9,0.55,0.6,0.6,0.9,0.55,0.6
117,,0.5,0.85,0.5,0.55,0.55,0.85,0.5,0.55
118,,0.45,0.8,0.45,0.5,0.5,0.8,0.45,0.5
119,,0.4,0.75,0.4,0.45,0.45,0.75,0.4,0.45
120,,0.35,0.7,0.35,0.4,0.4,0.7,0.35,0.4
121,,0.3,0.65,0.3,0.35,0.35,0.65,0.3,0.35
122,,0.25,0.6,0.25,0.3,0.3,0.6,0.25,0.3
123,,0.2,0.55,0.2,0.25,0.25,0.55,0.2,0.25
124,,0.15,0.5,0.15,0.2,0.2,0.5,0.15,0.2
125,,0.1,0.45,0.1,0.15,0.15,0.45,0.1,0.15
126,,0.05,0.4,0.05,0.1,0.1,0.4,0.05,0.1
127,,0.0,0.35,0.0,0.05,0.05,0.35,0.0,0.05
128,,-0.05,0.3,-0.05,0.0,0.0,0.3,-0.05,0.0
129,1,0.95,0.621,0.2,0.179,0.15,0.479,0.2,0.321
130,1,1.0,0.942,0.45,0.358,0.3,0.658,0.45,0.642
131,,0.95,0.892,0.4,0.308,0.25,0.608,0.4,0.592
132,,0.9,0.842,0.35,0.258,0.2,0.558,0.35,0.542
133,,0.85,0.792,0.3,0.208,0.15,0.508,0.3,0.492
134,,0.8,0.742,0.25,0.158,0.1,0.458,0.25,0.442
135,,0.75,0.692,0.2,0.108,0.05,0.408,0.2,0.392
136,,0.7,0.642,0.15,0.058,0.0,0.358,0.15,0.342
137,,0.65,0.592,0.1,0.008,-0.05,0.308,0.1,0.292
138,5,0.8,0.771,0.35,0.329,0.95,0.629,0.35,0.471
139,5,0.95,0.95,0.6,0.65,1.0,0.95,0.6,0.65
140,,0.9,0.9,0.55,0.6,0.95,0.9,0.55,0.6
141,,0.85,0.85,0.5,0.55,0.9,0.85,0.5,0.55
142,,0.8,0.8,0.45,0.5,0.85,0.8,0.45,0.5
143,,0.75,0.75,0.4,0.45,0.8,0.75,0.4,0.45
144,,0.7,0.7,0.35,0.4,0.75,0.7,0.35,0.4
145,,0.65,0.65,0.3,0.35,0.7,0.65,0.3,0.35
146,,0.6,0.6,0.25,0.3,0.65,0.6,0.25,0.3
147,,0.55,0.55,0.2,0.25,0.6,0.55,0.2,0.25
148,,0.5,0.5,0.15,0.2,0.55,0.5,0.15,0.2
149,,0.45,0.45,0.1,0.15,0.5,0.45,0.1,0.15
150,,0.4,0.4,0.05,0.1,0.45,0.4,0.05,0.1
151,,0.35,0.35,0.0,0.05,0.4,0.35,0.0,0.05
152,,0.3,0.3,-0.05,0.0,0.35,0.3,-0.05,0.0
153,7,0.55,0.479,0.1,0.179,0.6,0.621,0.95,0.321
154,7,0.8,0.658,0.25,0.358,0.85,0.942,1.0,0.642
155,,0.75,0.608,0.2,0.308,0.8,0.892,0.95,0.592
156,,0.7,0.558,0.15,0.258,0.75,0.842,0.9,0.542
157,,0.65,0.508,0.1,0.208,0.7,0.792,0.85,0.492
158,,0.6,0.458,0.05,0.158,0.65,0.742,0.8,0.442
159,,0.55,0.408,0.0,0.108,0.6,0.692,0.75,0.392
160,,0.5,0.358,-0.05,0.058,0.55,0.642,0.7,0.342
161,3,0.75,0.679,0.95,0.379,0.8,0.821,0.85,0.521
162,3,1.0,1.0,1.0,0.7,1.0,1.0,1.0,0.7
163,,0.95,0.95,0.95,0.65,0.95,0.95,0.95,0.65
164,,0.9,0.9,0.9,0.6,0.9,0.9,0.9,0.6
165,,0.85,0.85,0.85,0.55,0.85,0.85,0.85,0.55
166,,0.8,0.8,0.8,0.5,0.8,0.8,0.8,0.5
167,,0.75,0.75,0.75,0.45,0.75,0.75,0.75,0.45
168,,0.7,0.7,0.7,0.4,0.7,0.7,0.7,0.4
169,,0.65,0.65,0.65,0.35,0.65,0.65,0.65,0.35
170,,0.6,0.6,0.6,0.3,0.6,0.6,0.6,0.3
171,,0.55,0.55,0.55,0.25,0.55,0.55,0.55,0.25
172,,0.5,0.5,0.5,0.2,0.5,0.5,0.5,0.2
173,,0.45,0.45,0.45,0.15,0.45,0.45,0.45,0.15
174,,0.4,0.4,0.4,0.1,0.4,0.4,0.4,0.1
175,,0.35,0.35,0.35,0.05,0.35,0.35,0.35,0.05
176,,0.3,0.3,0.3,0.0,0.3,0.3,0.3,0.0
177,,0.25,0.25,0.25,-0.05,0.25,0.25,0.25,-0.05
178,4,0.429,0.5,0.571,0.95,0.571,0.5,0.429,0.1
179,4,0.608,0.75,0.892,1.0,0.892,0.75,0.608,0.25
180,,0.558,0.7,0.842,0.95,0.842,0.7,0.558,0.2
181,,0.508,0.65,0.792,0.9,0.792,0.65,0.508,0.15
182,,0.458,0.6,0.742,0.85,0.742,0.6,0.458,0.1
183,,0.408,0.55,0.692,0.8,0.692,0.55,0.408,0.05
184,,0.358,0.5,0.642,0.75,0.642,0.5,0.358,0.0
185,,0.308,0.45,0.592,0.7,0.592,0.45,0.308,-0.05
186,8,0.629,0.7,0.771,0.85,0.771,0.7,0.629,0.95
187,8,0.95,0.95,0.95,1.0,0.95,0.95,0.95,1.0
188,,0.9,0.9,0.9,0.95,0.9,0.9,0.9,0.95
189,,0.85,0.85,0.85,0.9,0.85,0.85,0.85,0.9
190,,0.8,0.8,0.8,0.85,0.8,0.8,0.8,0.85
191,,0.75,0.75,0.75,0.8,0.75,0.75,0.75,0.8
192,,0.7,0.7,0.7,0.75,0.7,0.7,0.7,0.75
193,,0.65,0.65,0.65,0.7,0.65,0.65,0.65,0.7
194,,0.6,0.6,0.6,0.65,0.6,0.6,0.6,0.65
195,,0.55,0.55,0.55,0.6,0.55,0.55,0.55,0.6
196,,0.5,0.5,0.5,0.55,0.5,0.5,0.5,0.55
197,,0.45,0.45,0.45,0.5,0.45,0.45,0.45,0.5
198,,0.4,0.4,0.4,0.45,0.4,0.4,0.4,0.45
199,,0.35,0.35,0.35,0.4,0.35,0.35,0.35,0.4
200,,0.3,0.3,0.3,0.35,0.3,0.3,0.3,0.35
201,,0.25,0.25,0.25,0.3,0.25,0.25,0.25,0.3
202,,0.2,0.2,0.2,0.25,0.2,0.2,0.2,0.25
203,,0.15,0.15,0.15,0.2,0.15,0.15,0.15,0.2
204,,0.1,0.1,0.1,0.15,0.1,0.1,0.1,0.15
205,,0.05,0.05,0.05,0.1,0.05,0.05,0.05,0.1
206,,0.0,0.0,0.0,0.05,0.0,0.0,0.0,0.05
207,,-0.05,-0.05,-0.05,0.0,-0.05,-0.05,-0.05,0.0
208,2,0.271,0.95,0.271,0.25,0.129,0.1,0.129,0.25
209,2,0.592,1.0,0.592,0.5,0.308,0.25,0.308,0.5
210,,0.542,0.95,0.542,0.45,0.258,0.2,0.258,0.45
211,,0.492,0.9,0.492,0.4,0.208,0.15,0.208,0.4
212,,0.442,0.85,0.442,0.35,0.158,0.1,0.158,0.35
213,,0.392,0.8,0.392,0.3,0.108,0.05,0.108,0.3
214,,0.342,0.75,0.342,0.25,0.058,0.0,0.058,0.25
215,,0.292,0.7,0.292,0.2,0.008,-0.05,0.008,0.2
216,6,0.471,0.85,0.471,0.45,0.329,0.95,0.329,0.45
217,6,0.65,1.0,0.65,0.7,0.65,1.0,0.65,0.7
218,,0.6,0.95,0.6,0.65,0.6,0.95,0.6,0.65
219,,0.55,0.9,0.55,0.6,0.55,0.9,0.55,0.6
220,,0.5,0.85,0.5,0.55,0.5,0.85,0.5,0.55
221,,0.45,0.8,0.45,0.5,0.45,0.8,0.45,0.5
222,,0.4,0.75,0.4,0.45,0.4,0.75,0.4,0.45
223,,0.35,0.7,0.35,0.4,0.35,0.7,0.35,0.4
224,,0.3,0.65,0.3,0.35,0.3,0.65,0.3,0.35
225,,0.25,0.6,0.25,0.3,0.25,0.6,0.25,0.3
226,,0.2,0.55,0.2,0.25,0.2,0.55,0.2,0.25
227,,0.15,0.5,0.15,0.2,0.15,0.5,0.15,0.2
228,,0.1,0.45,0.1,0.15,0.1,0.45,0.1,0.15
229,,0.05,0.4,0.05,0.1,0.05,0.4,0.05,0.1
230,,0.0,0.35,0.0,0.05,0.0,0.35,0.0,0.05
231,,-0.05,0.3,-0.05,0.0,-0.05,0.3,-0.05,0.0
232,3,0.2,0.621,0.95,0.321,0.2,0.479,0.1,0.179
233,3,0.45,0.942,1.0,0.642,0.45,0.658,0.25,0.358
234,,0.4,0.892,0.95,0.592,0.4,0.608,0.2,0.308
235,,0.35,0.842,0.9,0.542,0.35,0.558,0.15,0.258
236,,0.3,0.792,0.85,0.492,0.3,0.508,0.1,0.208
237,,0.25,0.742,0.8,0.442,0.25,0.458,0.05,0.158
238,,0.2,0.692,0.75,0.392,0.2,0.408,0.0,0.108
239,,0.15,0.642,0.7,0.342,0.15,0.358,-0.05,0.058
240,7,0.4,0.821,0.85,0.521,0.4,0.679,0.95,0.379
241,7,0.65,1.0,1.0,0.7,0.65,1.0,1.0,0.7
242,,0.6,0.95,0.95,0.65,0.6,0.95,0.95,0.65
243,,0.55,0.9,0.9,0.6,0.55,0.9,0.9,0.6
244,,0.5,0.85,0.85,0.55,0.5,0.85,0.85,0.55
245,,0.45,0.8,0.8,0.5,0.45,0.8,0.8,0.5
246,,0.4,0.75,0.75,0.45,0.4,0.75,0.75,0.45
247,,0.35,0.7,0.7,0.4,0.35,0.7,0.7,0.4
248,,0.3,0.65,0.65,0.35,0.3,0.65,0.65,0.35
249,,0.25,0.6,0.6,0.3,0.25,0.6,0.6,0.3
250,,0.2,0.55,0.55,0.25,0.2,0.55,0.55,0.25
251,,0.15,0.5,0.5,0.2,0.15,0.5,0.5,0.2
252,,0.1,0.45,0.45,0.15,0.1,0.45,0.45,0.15
253,,0.05,0.4,0.4,0.1,0.05,0.4,0.4,0.1
254,,0.0,0.35,0.35,0.05,0.0,0.35,0.35,0.05
255,,-0.05,0.3,0.3,0.0,-0.05,0.3,0.3,0.0
256,1,0.95,0.621,0.55,0.179,0.1,0.479,0.55,0.321
257,1,1.0,0.942,0.8,0.358,0.25,0.658,0.8,0.642
258,,0.95,0.892,0.75,0.308,0.2,0.608,0.75,0.592
259,,0.9,0.842,0.7,0.258,0.15,0.558,0.7,0.542
260,,0.85,0.792,0.65,0.208,0.1,0.508,0.65,0.492
261,,0.8,0.742,0.6,0.158,0.05,0.458,0.6,0.442
262,,0.75,0.692,0.55,0.108,0.0,0.408,0.55,0.392
263,,0.7,0.642,0.5,0.058,-0.05,0.358,0.5,0.342
264,5,0.85,0.821,0.75,0.379,0.95,0.679,0.75,0.521
265,5,1.0,1.0,1.0,0.7,1.0,1.0,1.0,0.7
266,,0.95,0.95,0.95,0.65,0.95,0.95,0.95,0.65
267,,0.9,0.9,0.9,0.6,0.9,0.9,0.9,0.6
268,,0.85,0.85,0.85,0.55,0.85,0.85,0.85,0.55
269,,0.8,0.8,0.8,0.5,0.8,0.8,0.8,0.5
270,,0.75,0.75,0.75,0.45,0.75,0.75,0.75,0.45
271,,0.7,0.7,0.7,0.4,0.7,0.7,0.7,0.4
272,,0.65,0.65,0.65,0.35,0.65,0.65,0.65,0.35
273,,0.6,0.6,0.6,0.3,0.6,0.6,0.6,0.3
274,,0.55,0.55,0.55,0.25,0.55,0.55,0.55,0.25
275,,0.5,0.5,0.5,0.2,0.5,0.5,0.5,0.2
276,,0.45,0.45,0.45,0.15,0.45,0.45,0.45,0.15
277,,0.4,0.4,0.4,0.1,0.4,0.4,0.4,0.1
278,,0.35,0.35,0.35,0.05,0.35,0.35,0.35,0.05
279,,0.3,0.3,0.3,0.0,0.3,0.3,0.3,0.0
280,,0.25,0.25,0.25,-0.05,0.25,0.25,0.25,-0.05
281,4,0.429,0.5,0.571,0.95,0.571,0.5,0.429,0.1
282,4,0.608,0.75,0.892,1.0,0.892,0.75,0.608,0.25
283,,0.558,0.7,0.842,0.95,0.842,0.7,0.558,0.2
284,,0.508,0.65,0.792,0.9,0.792,0.65,0.508,0.15
285,,0.458,0.6,0.742,0.85,0.742,0.6,0.458,0.1
286,,0.408,0.55,0.692,0.8,0.692,0.55,0.408,0.05
287,,0.358,0.5,0.642,0.75,0.642,0.5,0.358,0.0
288,,0.308,0.45,0.592,0.7,0.592,0.45,0.308,-0.05
289,8,0.629,0.7,0.771,0.85,0.771,0.7,0.629,0.95
290,8,0.95,0.95,0.95,1.0,0.95,0.95,0.95,1.0
291,,0.9,0.9,0.9,0.95,0.9,0.9,0.9,0.95
292,,0.85,0.85,0.85,0.9,0.85,0.85,0.85,0.9
293,,0.8,0.8,0.8,0.85,0.8,0.8,0.8,0.85
294,,0.75,0.75,0.75,0.8,0.75,0.75,0.75,0.8
295,,0.7,0.7,0.7,0.75,0.7,0.7,0.7,0.75
296,,0.65,0.65,0.65,0.7,0.65,0.65,0.65,0.7
297,,0.6,0.6,0.6,0.65,0.6,0.6,0.6,0.65
298,,0.55,0.55,0.55,0.6,0.55,0.55,0.55,0.6
299,,0.5,0.5,0.5,0.55,0.5,0.5,0.5,0.55
300,,0.45,0.45,0.45,0.5,0.45,0.45,0.45,0.5
301,,0.4,0.4,0.4,0.45,0.4,0.4,0.4,0.45
302,,0.35,0.35,0.35,0.4,0.35,0.35,0.35,0.4
303,,0.3,0.3,0.3,0.35,0.3,0.3,0.3,0.35
304,,0.25,0.25,0.25,0.3,0.25,0.25,0.25,0.3
305,,0.2,0.2,0.2,0.25,0.2,0.2,0.2,0.25
306,,0.15,0.15,0.15,0.2,0.15,0.15,0.15,0.2
307,,0.1,0.1,0.1,0.15,0.1,0.1,0.1,0.15
308,,0.05,0.05,0.05,0.1,0.05,0.05,0.05,0.1
309,,0.0,0.0,0.0,0.05,0.0,0.0,0.0,0.05
310,,-0.05,-0.05,-0.05,0.0,-0.05,-0.05,-0.05,0.0
311,6,0.129,0.1,0.129,0.25,0.271,0.95,0.271,0.25
312,6,0.308,0.25,0.308,0.5,0.592,1.0,0.592,0.5
313,,0.258,0.2,0.258,0.45,0.542,0.95,0.542,0.45
314,,0.208,0.15,0.208,0.4,0.492,0.9,0.492,0.4
315,,0.158,0.1,0.158,0.35,0.442,0.85,0.442,0.35
316,,0.108,0.05,0.108,0.3,0.392,0.8,0.392,0.3
317,,0.058,0.0,0.058,0.25,0.342,0.75,0.342,0.25
318,,0.008,-0.05,0.008,0.2,0.292,0.7,0.292,0.2
319,2,0.329,0.95,0.329,0.45,0.471,0.85,0.471,0.45
320,2,0.65,1.0,0.65,0.7,0.65,1.0,0.65,0.7
321,,0.6,0.95,0.6,0.65,0.6,0.95,0.6,0.65
322,,0.55,0.9,0.55,0.6,0.55,0.9,0.55,0.6
323,,0.5,0.85,0.5,0.55,0.5,0.85,0.5,0.55
324,,0.45,0.8,0.45,0.5,0.45,0.8,0.45,0.5
325,,0.4,0.75,0.4,0.45,0.4,0.75,0.4,0.45
326,,0.35,0.7,0.35,0.4,0.35,0.7,0.35,0.4
327,,0.3,0.65,0.3,0.35,0.3,0.65,0.3,0.35
328,,0.25,0.6,0.25,0.3,0.25,0.6,0.25,0.3
329,,0.2,0.55,0.2,0.25,0.2,0.55,0.2,0.25
330,,0.15,0.5,0.15,0.2,0.15,0.5,0.15,0.2
331,,0.1,0.45,0.1,0.15,0.1,0.45,0.1,0.15
332,,0.05,0.4,0.05,0.1,0.05,0.4,0.05,0.1
333,,0.0,0.35,0.0,0.05,0.0,0.35,0.0,0.05
334,,-0.05,0.3,-0.05,0.0,-0.05,0.3,-0.05,0.0
335,3,0.2,0.621,0.95,0.321,0.2,0.479,0.1,0.179
336,3,0.45,0.942,1.0,0.642,0.45,0.658,0.25,0.358
337,,0.4,0.892,0.95,0.592,0.4,0.608,0.2,0.308
338,,0.35,0.842,0.9,0.542,0.35,0.558,0.15,0.258
339,,0.3,0.792,0.85,0.492,0.3,0.508,0.1,0.208
340,,0.25,0.742,0.8,0.442,0.25,0.458,0.05,0.158
341,,0.2,0.692,0.75,0.392,0.2,0.408,0.0,0.108
342,,0.15,0.642,0.7,0.342,0.15,0.358,-0.05,0.058
343,7,0.4,0.821,0.85,0.521,0.4,0.679,0.95,0.379
344,7,0.65,1.0,1.0,0.7,0.65,1.0,1.0,0.7
345,,0.6,0.95,0.95,0.65,0.6,0.95,0.95,0.65
346,,0.55,0.9,0.9,0.6,0.55,0.9,0.9,0.6
347,,0.5,0.85,0.85,0.55,0.5,0.85,0.85,0.55
348,,0.45,0.8,0.8,0.5,0.45,0.8,0.8,0.5
349,,0.4,0.75,0.75,0.45,0.4,0.75,0.75,0.45
350,,0.35,0.7,0.7,0.4,0.35,0.7,0.7,0.4
351,,0.3,0.65,0.65,0.35,0.3,0.65,0.65,0.35
352,,0.25,0.6,0.6,0.3,0.25,0.6,0.6,0.3
353,,0.2,0.55,0.55,0.25,0.2,0.55,0.55,0.25
354,,0.15,0.5,0.5,0.2,0.15,0.5,0.5,0.2
355,,0.1,0.45,0.45,0.15,0.1,0.45,0.45,0.15
356,,0.05,0.4,0.4,0.1,0.05,0.4,0.4,0.1
357,,0.0,0.35,0.35,0.05,0.0,0.35,0.35,0.05
358,,-0.05,0.3,0.3,0.0,-0.05,0.3,0.3,0.0
359,1,0.95,0.621,0.55,0.179,0.1,0.479,0.55,0.321
360,1,1.0,0.942,0.8,0.358,0.25,0.658,0.8,0.642
361,,0.95,0.892,0.75,0.308,0.2,0.608,0.75,0.592
362,,0.9,0.842,0.7,0.258,0.15,0.558,0.7,0.542
363,,0.85,0.792,0.65,0.208,0.1,0.508,0.65,0.492
364,,0.8,0.742,0.6,0.158,0.05,0.458,0.6,0.442
365,,0.75,0.692,0.55,0.108,0.0,0.408,0.55,0.392
366,,0.7,0.642,0.5,0.058,-0.05,0.358,0.5,0.342
367,5,0.85,0.821,0.75,0.379,0.95,0.679,0.75,0.521
368,5,1.0,1.0,1.0,0.7,1.0,1.0,1.0,0.7
369,,0.95,0.95,0.95,0.65,0.95,0.95,0.95,0.65
370,,0.9,0.9,0.9,0.6,0.9,0.9,0.9,0.6
371,,0.85,0.85,0.85,0.55,0.85,0.85,0.85,0.55
372,,0.8,0.8,0.8,0.5,0.8,0.8,0.8,0.5
373,,0.75,0.75,0.75,0.45,0.75,0.75,0.75,0.45
374,,0.7,0.7,0.7,0.4,0.7,0.7,0.7,0.4
375,,0.65,0.65,0.65,0.35,0.65,0.65,0.65,0.35
376,,0.6,0.6,0.6,0.3,0.6,0.6,0.6,0.3
377,,0.55,0.55,0.55,0.25,0.55,0.55,0.55,0.25
378,,0.5,0.5,0.5,0.2,0.5,0.5,0.5,0.2
379,,0.45,0.45,0.45,0.15,0.45,0.45,0.45,0.15
380,,0.4,0.4,0.4,0.1,0.4,0.4,0.4,0.1
381,,0.35,0.35,0.35,0.05,0.35,0.35,0.35,0.05
382,,0.3,0.3,0.3,0.0,0.3,0.3,0.3,0.0
383,,0.25,0.25,0.25,-0.05,0.25,0.25,0.25,-0.05
384,8,0.571,0.5,0.429,0.1,0.429,0.5,0.571,0.95
385,8,0.892,0.75,0.608,0.25,0.608,0.75,0.892,1.0
386,,0.842,0.7,0.558,0.2,0.558,0.7,0.842,0.95
387,,0.792,0.65,0.508,0.15,0.508,0.65,0.792,0.9
388,,0.742,0.6,0.458,0.1,0.458,0.6,0.742,0.85
389,,0.692,0.55,0.408,0.05,0.408,0.55,0.692,0.8
390,,0.642,0.5,0.358,0.0,0.358,0.5,0.642,0.75
391,,0.592,0.45,0.308,-0.05,0.308,0.45,0.592,0.7
392,4,0.771,0.7,0.629,0.95,0.629,0.7,0.771,0.85
393,4,0.95,0.95,0.95,1.0,0.95,0.95,0.95,1.0
394,,0.9,0.9,0.9,0.95,0.9,0.9,0.9,0.95
395,,0.85,0.85,0.85,0.9,0.85,0.85,0.85,0.9
396,,0.8,0.8,0.8,0.85,0.8,0.8,0.8,0.85
397,,0.75,0.75,0.75,0.8,0.75,0.75,0.75,0.8
398,,0.7,0.7,0.7,0.75,0.7,0.7,0.7,0.75
399,,0.65,0.65,0.65,0.7,0.65,0.65,0.65,0.7
400,,0.6,0.6,0.6,0.65,0.6,0.6,0.6,0.65
401,,0.55,0.55,0.55,0.6,0.55,0.55,0.55,0.6
402,,0.5,0.5,0.5,0.55,0.5,0.5,0.5,0.55
403,,0.45,0.45,0.45,0.5,0.45,0.45,0.45,0.5
404,,0.4,0.4,0.4,0.45,0.4,0.4,0.4,0.45
405,,0.35,0.35,0.35,0.4,0.35,0.35,0.35,0.4
406,,0.3,0.3,0.3,0.35,0.3,0.3,0.3,0.35
407,,0.25,0.25,0.25,0.3,0.25,0.25,0.25,0.3
408,,0.2,0.2,0.2,0.25,0.2,0.2,0.2,0.25
409,,0.15,0.15,0.15,0.2,0.15,0.15,0.15,0.2
410,,0.1,0.1,0.1,0.15,0.1,0.1,0.1,0.15
411,,0.05,0.05,0.05,0.1,0.05,0.05,0.05,0.1
412,,0.0,0.0,0.0,0.05,0.0,0.0,0.0,0.05
413,,-0.05,-0.05,-0.05,0.0,-0.05,-0.05,-0.05,0.0
414,6,0.129,0.1,0.129,0.25,0.271,0.95,0.271,0.25
415,6,0.308,0.25,0.308,0.5,0.592,1.0,0.592,0.5
416,,0.258,0.2,0.258,0.45,0.542,0.95,0.542,0.45
417,,0.208,0.15,0.208,0.4,0.492,0.9,0.492,0.4
418,,0.158,0.1,0.158,0.35,0.442,0.85,0.442,0.35
419,,0.108,0.05,0.108,0.3,0.392,0.8,0.392,0.3
420,,0.058,0.0,0.058,0.25,0.342,0.75,0.342,0.25
421,,0.008,-0.05,0.008,0.2,0.292,0.7,0.292,0.2
422,2,0.329,0.95,0.329,0.45,0.471,0.85,0.471,0.45
423,2,0.65,1.0,0.65,0.7,0.65,1.0,0.65,0.7
424,,0.6,0.95,0.6,0.65,0.6,0.95,0.6,0.65
425,,0.55,0.9,0.55,0.6,0.55,0.9,0.55,0.6
426,,0.5,0.85,0.5,0.55,0.5,0.85,0.5,0.55
427,,0.45,0.8,0.45,0.5,0.45,0.8,0.45,0.5
428,,0.4,0.75,0.4,0.45,0.4,0.75,0.4,0.45
429,,0.35,0.7,0.35,0.4,0.35,0.7,0.35,0.4
430,,0.3,0.65,0.3,0.35,0.3,0.65,0.3,0.35
431,,0.25,0.6,0.25,0.3,0.25,0.6,0.25,0.3
432,,0.2,0.55,0.2,0.25,0.2,0.55,0.2,0.25
433,,0.15,0.5,0.15,0.2,0.15,0.5,0.15,0.2
434,,0.1,0.45,0.1,0.15,0.1,0.45,0.1,0.15
435,,0.05,0.4,0.05,0.1,0.05,0.4,0.05,0.1
436,,0.0,0.35,0.0,0.05,0.0,0.35,0.0,0.05
437,,-0.05,0.3,-0.05,0.0,-0.05,0.3,-0.05,0.0
438,1,0.95,0.621,0.2,0.179,0.1,0.479,0.2,0.321
439,1,1.0,0.942,0.45,0.358,0.25,0.658,0.45,0.642
440,,0.95,0.892,0.4,0.308,0.2,0.608,0.4,0.592
441,,0.9,0.842,0.35,0.258,0.15,0.558,0.35,0.542
442,,0.85,0.792,0.3,0.208,0.1,0.508,0.3,0.492
443,,0.8,0.742,0.25,0.158,0.05,0.458,0.25,0.442
444,,0.75,0.692,0.2,0.108,0.0,0.408,0.2,0.392
445,,0.7,0.642,0.15,0.058,-0.05,0.358,0.15,0.342
446,5,0.85,0.821,0.4,0.379,0.95,0.679,0.4,0.521
447,5,1.0,1.0,0.65,0.7,1.0,1.0,0.65,0.7
448,,0.95,0.95,0.6,0.65,0.95,0.95,0.6,0.65
449,,0.9,0.9,0.55,0.6,0.9,0.9,0.55,0.6
450,,0.85,0.85,0.5,0.55,0.85,0.85,0.5,0.55
451,,0.8,0.8,0.45,0.5,0.8,0.8,0.45,0.5
452,,0.75,0.75,0.4,0.45,0.75,0.75,0.4,0.45
453,,0.7,0.7,0.35,0.4,0.7,0.7,0.35,0.4
454,,0.65,0.65,0.3,0.35,0.65,0.65,0.3,0.35
455,,0.6,0.6,0.25,0.3,0.6,0.6,0.25,0.3
456,,0.55,0.55,0.2,0.25,0.55,0.55,0.2,0.25
457,,0.5,0.5,0.15,0.2,0.5,0.5,0.15,0.2
458,,0.45,0.45,0.1,0.15,0.45,0.45,0.1,0.15
459,,0.4,0.4,0.05,0.1,0.4,0.4,0.05,0.1
460,,0.35,0.35,0.0,0.05,0.35,0.35,0.0,0.05
461,,0.3,0.3,-0.05,0.0,0.3,0.3,-0.05,0.0
462,7,0.55,0.479,0.1,0.179,0.55,0.621,0.95,0.321
463,7,0.8,0.658,0.25,0.358,0.8,0.942,1.0,0.642
464,,0.75,0.608,0.2,0.308,0.75,0.892,0.95,0.592
465,,0.7,0.558,0.15,0.258,0.7,0.842,0.9,0.542
466,,0.65,0.508,0.1,0.208,0.65,0.792,0.85,0.492
467,,0.6,0.458,0.05,0.158,0.6,0.742,0.8,0.442
468,,0.55,0.408,0.0,0.108,0.55,0.692,0.75,0.392
469,,0.5,0.358,-0.05,0.058,0.5,0.642,0.7,0.342
470,3,0.75,0.679,0.95,0.379,0.75,0.821,0.85,0.521
471,3,1.0,1.0,1.0,0.7,1.0,1.0,1.0,0.7
472,,0.95,0.95,0.95,0.65,0.95,0.95,0.95,0.65
473,,0.9,0.9,0.9,0.6,0.9,0.9,0.9,0.6
474,,0.85,0.85,0.85,0.55,0.85,0.85,0.85,0.55
475,,0.8,0.8,0.8,0.5,0.8,0.8,0.8,0.5
476,,0.75,0.75,0.75,0.45,0.75,0.75,0.75,0.45
477,,0.7,0.7,0.7,0.4,0.7,0.7,0.7,0.4
478,,0.65,0.65,0.65,0.35,0.65,0.65,0.65,0.35
479,,0.6,0.6,0.6,0.3,0.6,0.6,0.6,0.3
480,,0.55,0.55,0.55,0.25,0.55,0.55,0.55,0.25
481,,0.5,0.5,0.5,0.2,0.5,0.5,0.5,0.2
482,,0.45,0.45,0.45,0.15,0.45,0.45,0.45,0.15
483,,0.4,0.4,0.4,0.1,0.4,0.4,0.4,0.1
484,,0.35,0.35,0.35,0.05,0.35,0.35,0.35,0.05
485,,0.3,0.3,0.3,0.0,0.3,0.3,0.3,0.0
486,,0.25,0.25,0.25,-0.05,0.25,0.25,0.25,-0.05
487,8,0.571,0.5,0.429,0.1,0.429,0.5,0.571,0.95
488,8,0.892,0.75,0.608,0.25,0.608,0.75,0.892,1.0
489,,0.842,0.7,0.558,0.2,0.558,0.7,0.842,0.95
490,,0.792,0.65,0.508,0.15,0.508,0.65,0.792,0.9
491,,0.742,0.6,0.458,0.1,0.458,0.6,0.742,0.85
492,,0.692,0.55,0.408,0.05,0.408,0.55,0.692,0.8
493,,0.642,0.5,0.358,0.0,0.358,0.5,0.642,0.75
494,,0.592,0.45,0.308,-0.05,0.308,0.45,0.592,0.7
495,4,0.771,0.7,0.629,0.95,0.629,0.7,0.771,0.85
496,4,0.95,0.95,0.95,1.0,0.95,0.95,0.95,1.0
497,,0.9,0.9,0.9,0.95,0.9,0.9,0.9,0.95
498,,0.85,0.85,0.85,0.9,0.85,0.85,0.85,0.9
499,,0.8,0.8,0.8,0.85,0.8,0.8,0.8,0.85
