step,active_motive,motive_1,motive_2,motive_3,motive_4,motive_5,motive_6,motive_7,motive_8
0,,0.49108,0.25832,0.13041,0.49813,0.48271,0.27915,0.44132,0.09435
1,,0.44108,0.20832,0.08041,0.44813,0.43271,0.22915,0.39132,0.04435
2,,0.39108,0.15832,0.03041,0.39813,0.38271,0.17915,0.34132,-0.00565
3,8,0.72408,0.20832,-0.20259,0.04813,0.14971,0.22915,0.67432,0.99435
4,8,1.0,0.25832,-0.43559,-0.30187,-0.08329,0.27915,1.0,1.0
5,3,1.0,0.59132,0.56441,0.03113,-0.03329,0.04615,0.65,0.767
6,3,1.0,0.92432,1.0,0.36413,0.01671,-0.18685,0.3,0.534
7,6,0.767,0.57432,0.767,0.41413,0.34971,0.81315,0.633,0.584
8,6,0.534,0.22432,0.534,0.46413,0.68271,1.0,0.966,0.634
9,,0.484,0.17432,0.484,0.41413,0.63271,0.95,0.916,0.584
10,,0.434,0.12432,0.434,0.36413,0.58271,0.9,0.866,0.534
11,,0.384,0.07432,0.384,0.31413,0.53271,0.85,0.816,0.484
12,,0.334,0.02432,0.334,0.26413,0.48271,0.8,0.766,0.434
13,,0.284,-0.02568,0.284,0.21413,0.43271,0.75,0.716,0.384
14,2,0.617,0.97432,0.617,0.26413,0.19971,0.4,0.483,0.434
15,2,0.95,1.0,0.95,0.31413,-0.03329,0.05,0.25,0.484
16,5,0.6,0.767,1.0,0.64713,0.96671,0.383,0.3,0.251
17,5,0.25,0.534,1.0,0.98013,1.0,0.716,0.35,0.018
18,,0.2,0.484,0.95,0.93013,0.95,0.666,0.3,-0.032
19,8,0.533,0.534,0.717,0.58013,0.717,0.716,0.633,0.968
20,8,0.866,0.584,0.484,0.23013,0.484,0.766,0.966,1.0
21,,0.816,0.534,0.434,0.18013,0.434,0.716,0.916,0.95
22,,0.766,0.484,0.384,0.13013,0.384,0.666,0.866,0.9
23,,0.716,0.434,0.334,0.08013,0.334,0.616,0.816,0.85
24,,0.666,0.384,0.284,0.03013,0.284,0.566,0.766,0.8
25,,0.616,0.334,0.234,-0.01987,0.234,0.516,0.716,0.75
26,4,0.383,0.384,0.567,0.98013,0.567,0.566,0.483,0.4
27,4,0.15,0.434,0.9,1.0,0.9,0.616,0.25,0.05
28,,0.1,0.384,0.85,0.95,0.85,0.566,0.2,0.0
29,,0.05,0.334,0.8,0.9,0.8,0.516,0.15,-0.05
30,8,0.383,0.384,0.567,0.55,0.567,0.566,0.483,0.95
31,8,0.716,0.434,0.334,0.2,0.334,0.616,0.816,1.0
32,,0.666,0.384,0.284,0.15,0.284,0.566,0.766,0.95
33,,0.616,0.334,0.234,0.1,0.234,0.516,0.716,0.9
34,,0.566,0.284,0.184,0.05,0.184,0.466,0.666,0.85
35,,0.516,0.234,0.134,0.0,0.134,0.416,0.616,0.8
36,,0.466,0.184,0.084,-0.05,0.084,0.366,0.566,0.75
37,4,0.233,0.234,0.417,0.95,0.417,0.416,0.333,0.4
38,4,0.0,0.284,0.75,1.0,0.75,0.466,0.1,0.05
39,,-0.05,0.234,0.7,0.95,0.7,0.416,0.05,0.0
40,1,0.95,0.567,0.75,0.717,0.35,0.183,0.1,0.333
41,1,1.0,0.9,0.8,0.484,-0.0,-0.05,0.15,0.666
42,6,0.767,0.55,0.567,0.534,0.333,0.95,0.483,0.716
43,6,0.534,0.2,0.334,0.584,0.666,1.0,0.816,0.766
44,,0.484,0.15,0.284,0.534,0.616,0.95,0.766,0.716
45,,0.434,0.1,0.234,0.484,0.566,0.9,0.716,0.666
46,,0.384,0.05,0.184,0.434,0.516,0.85,0.666,0.616
47,,0.334,0.0,0.134,0.384,0.466,0.8,0.616,0.566
48,,0.284,-0.05,0.084,0.334,0.416,0.75,0.566,0.516
49,2,0.617,0.95,0.417,0.384,0.183,0.4,0.333,0.566
50,2,0.95,1.0,0.75,0.434,-0.05,0.05,0.1,0.616
51,5,0.6,0.767,0.8,0.767,0.95,0.383,0.15,0.383
52,5,0.25,0.534,0.85,1.0,1.0,0.716,0.2,0.15
53,,0.2,0.484,0.8,0.95,0.95,0.666,0.15,0.1
54,,0.15,0.434,0.75,0.9,0.9,0.616,0.1,0.05
55,,0.1,0.384,0.7,0.85,0.85,0.566,0.05,0.0
56,,0.05,0.334,0.65,0.8,0.8,0.516,0.0,-0.05
57,8,0.383,0.384,0.417,0.45,0.567,0.566,0.333,0.95
58,8,0.716,0.434,0.184,0.1,0.334,0.616,0.666,1.0
59,,0.666,0.384,0.134,0.05,0.284,0.566,0.616,0.95
60,,0.616,0.334,0.084,0.0,0.234,0.516,0.566,0.9
61,,0.566,0.284,0.034,-0.05,0.184,0.466,0.516,0.85
62,4,0.333,0.334,0.367,0.95,0.517,0.516,0.283,0.5
63,4,0.1,0.384,0.7,1.0,0.85,0.566,0.05,0.15
64,,0.05,0.334,0.65,0.95,0.8,0.516,0.0,0.1
65,,0.0,0.284,0.6,0.9,0.75,0.466,-0.05,0.05
66,7,0.05,0.051,0.25,0.667,0.8,0.799,0.95,0.383
67,7,0.1,-0.182,-0.1,0.434,0.85,1.0,1.0,0.716
68,2,0.433,0.818,0.233,0.484,0.617,0.65,0.767,0.766
69,2,0.766,1.0,0.566,0.534,0.384,0.3,0.534,0.816
70,,0.716,0.95,0.516,0.484,0.334,0.25,0.484,0.766
71,,0.666,0.9,0.466,0.434,0.284,0.2,0.434,0.716
72,,0.616,0.85,0.416,0.384,0.234,0.15,0.384,0.666
73,,0.566,0.8,0.366,0.334,0.184,0.1,0.334,0.616
74,,0.516,0.75,0.316,0.284,0.134,0.05,0.284,0.566
75,,0.466,0.7,0.266,0.234,0.084,0.0,0.234,0.516
76,,0.416,0.65,0.216,0.184,0.034,-0.05,0.184,0.466
77,6,0.183,0.3,-0.017,0.234,0.367,0.95,0.517,0.516
78,6,-0.05,-0.05,-0.25,0.284,0.7,1.0,0.85,0.566
79,3,0.0,0.283,0.75,0.617,0.75,0.767,0.5,0.333
80,3,0.05,0.616,1.0,0.95,0.8,0.534,0.15,0.1
81,,0.0,0.566,0.95,0.9,0.75,0.484,0.1,0.05
82,,-0.05,0.516,0.9,0.85,0.7,0.434,0.05,0.0
83,1,0.95,0.849,0.95,0.617,0.35,0.201,0.1,0.333
84,1,1.0,1.0,1.0,0.384,-0.0,-0.032,0.15,0.666
85,6,0.767,0.65,0.767,0.434,0.333,0.968,0.483,0.716
86,6,0.534,0.3,0.534,0.484,0.666,1.0,0.816,0.766
87,,0.484,0.25,0.484,0.434,0.616,0.95,0.766,0.716
88,,0.434,0.2,0.434,0.384,0.566,0.9,0.716,0.666
89,,0.384,0.15,0.384,0.334,0.516,0.85,0.666,0.616
90,,0.334,0.1,0.334,0.284,0.466,0.8,0.616,0.566
91,,0.284,0.05,0.284,0.234,0.416,0.75,0.566,0.516
92,,0.234,0.0,0.234,0.184,0.366,0.7,0.516,0.466
93,,0.184,-0.05,0.184,0.134,0.316,0.65,0.466,0.416
94,2,0.517,0.95,0.517,0.184,0.083,0.3,0.233,0.466
95,2,0.85,1.0,0.85,0.234,-0.15,-0.05,0.0,0.516
96,5,0.5,0.767,0.9,0.567,0.85,0.283,0.05,0.283
97,5,0.15,0.534,0.95,0.9,1.0,0.616,0.1,0.05
98,,0.1,0.484,0.9,0.85,0.95,0.566,0.05,0.0
99,,0.05,0.434,0.85,0.8,0.9,0.516,0.0,-0.05
100,8,0.383,0.484,0.617,0.45,0.667,0.566,0.333,0.95
101,8,0.716,0.534,0.384,0.1,0.434,0.616,0.666,1.0
102,,0.666,0.484,0.334,0.05,0.384,0.566,0.616,0.95
103,,0.616,0.434,0.284,0.0,0.334,0.516,0.566,0.9
104,,0.566,0.384,0.234,-0.05,0.284,0.466,0.516,0.85
105,4,0.333,0.434,0.567,0.95,0.617,0.516,0.283,0.5
106,4,0.1,0.484,0.9,1.0,0.95,0.566,0.05,0.15
107,,0.05,0.434,0.85,0.95,0.9,0.516,0.0,0.1
108,,0.0,0.384,0.8,0.9,0.85,0.466,-0.05,0.05
109,7,0.05,0.151,0.45,0.667,0.9,0.799,0.95,0.383
110,7,0.1,-0.082,0.1,0.434,0.95,1.0,1.0,0.716
111,2,0.433,0.918,0.433,0.484,0.717,0.65,0.767,0.766
112,2,0.766,1.0,0.766,0.534,0.484,0.3,0.534,0.816
113,,0.716,0.95,0.716,0.484,0.434,0.25,0.484,0.766
114,,0.666,0.9,0.666,0.434,0.384,0.2,0.434,0.716
115,,0.616,0.85,0.616,0.384,0.334,0.15,0.384,0.666
116,,0.566,0.8,0.566,0.334,0.284,0.1,0.334,0.616
117,,0.516,0.75,0.516,0.284,0.234,0.05,0.284,0.566
118,,0.466,0.7,0.466,0.234,0.184,0.0,0.234,0.516
119,,0.416,0.65,0.416,0.184,0.134,-0.05,0.184,0.466
120,6,0.183,0.3,0.183,0.234,0.467,0.95,0.517,0.516
121,6,-0.05,-0.05,-0.05,0.284,0.8,1.0,0.85,0.566
122,1,0.95,0.283,0.0,0.051,0.45,0.767,0.9,0.899
123,1,1.0,0.616,0.05,-0.182,0.1,0.534,0.95,1.0
124,4,0.767,0.666,0.383,0.818,0.433,0.584,0.717,0.65
125,4,0.534,0.716,0.716,1.0,0.766,0.634,0.484,0.3
126,,0.484,0.666,0.666,0.95,0.716,0.584,0.434,0.25
127,,0.434,0.616,0.616,0.9,0.666,0.534,0.384,0.2
128,,0.384,0.566,0.566,0.85,0.616,0.484,0.334,0.15
129,,0.334,0.516,0.516,0.8,0.566,0.434,0.284,0.1
130,,0.284,0.466,0.466,0.75,0.516,0.384,0.234,0.05
131,,0.234,0.416,0.416,0.7,0.466,0.334,0.184,0.0
132,,0.184,0.366,0.366,0.65,0.416,0.284,0.134,-0.05
133,8,0.517,0.416,0.133,0.3,0.183,0.334,0.467,0.95
134,8,0.85,0.466,-0.1,-0.05,-0.05,0.384,0.8,1.0
135,3,0.9,0.799,0.9,0.283,0.0,0.151,0.45,0.767
136,3,0.95,1.0,1.0,0.616,0.05,-0.082,0.1,0.534
137,6,0.717,0.65,0.767,0.666,0.383,0.918,0.433,0.584
138,6,0.484,0.3,0.534,0.716,0.716,1.0,0.766,0.634
139,,0.434,0.25,0.484,0.666,0.666,0.95,0.716,0.584
140,,0.384,0.2,0.434,0.616,0.616,0.9,0.666,0.534
141,,0.334,0.15,0.384,0.566,0.566,0.85,0.616,0.484
142,,0.284,0.1,0.334,0.516,0.516,0.8,0.566,0.434
143,,0.234,0.05,0.284,0.466,0.466,0.75,0.516,0.384
144,,0.184,0.0,0.234,0.416,0.416,0.7,0.466,0.334
145,,0.134,-0.05,0.184,0.366,0.366,0.65,0.416,0.284
146,2,0.467,0.95,0.517,0.416,0.133,0.3,0.183,0.334
147,2,0.8,1.0,0.85,0.466,-0.1,-0.05,-0.05,0.384
148,5,0.45,0.767,0.9,0.799,0.9,0.283,0.0,0.151
149,5,0.1,0.534,0.95,1.0,1.0,0.616,0.05,-0.082
150,8,0.433,0.584,0.717,0.65,0.767,0.666,0.383,0.918
151,8,0.766,0.634,0.484,0.3,0.534,0.716,0.716,1.0
152,,0.716,0.584,0.434,0.25,0.484,0.666,0.666,0.95
153,,0.666,0.534,0.384,0.2,0.434,0.616,0.616,0.9
154,,0.616,0.484,0.334,0.15,0.384,0.566,0.566,0.85
155,,0.566,0.434,0.284,0.1,0.334,0.516,0.516,0.8
156,,0.516,0.384,0.234,0.05,0.284,0.466,0.466,0.75
157,,0.466,0.334,0.184,0.0,0.234,0.416,0.416,0.7
158,,0.416,0.284,0.134,-0.05,0.184,0.366,0.366,0.65
159,4,0.183,0.334,0.467,0.95,0.517,0.416,0.133,0.3
160,4,-0.05,0.384,0.8,1.0,0.85,0.466,-0.1,-0.05
161,7,0.0,0.151,0.45,0.767,0.9,0.799,0.9,0.283
162,7,0.05,-0.082,0.1,0.534,0.95,1.0,1.0,0.616
163,2,0.383,0.918,0.433,0.584,0.717,0.65,0.767,0.666
164,2,0.716,1.0,0.766,0.634,0.484,0.3,0.534,0.716
165,,0.666,0.95,0.716,0.584,0.434,0.25,0.484,0.666
166,,0.616,0.9,0.666,0.534,0.384,0.2,0.434,0.616
167,,0.566,0.85,0.616,0.484,0.334,0.15,0.384,0.566
168,,0.516,0.8,0.566,0.434,0.284,0.1,0.334,0.516
169,,0.466,0.75,0.516,0.384,0.234,0.05,0.284,0.466
170,,0.416,0.7,0.466,0.334,0.184,0.0,0.234,0.416
171,,0.366,0.65,0.416,0.284,0.134,-0.05,0.184,0.366
172,6,0.133,0.3,0.183,0.334,0.467,0.95,0.517,0.416
173,6,-0.1,-0.05,-0.05,0.384,0.8,1.0,0.85,0.466
174,1,0.9,0.283,0.0,0.151,0.45,0.767,0.9,0.799
175,1,1.0,0.616,0.05,-0.082,0.1,0.534,0.95,1.0
176,4,0.767,0.666,0.383,0.918,0.433,0.584,0.717,0.65
177,4,0.534,0.716,0.716,1.0,0.766,0.634,0.484,0.3
178,,0.484,0.666,0.666,0.95,0.716,0.584,0.434,0.25
179,,0.434,0.616,0.616,0.9,0.666,0.534,0.384,0.2
180,,0.384,0.566,0.566,0.85,0.616,0.484,0.334,0.15
181,,0.334,0.516,0.516,0.8,0.566,0.434,0.284,0.1
182,,0.284,0.466,0.466,0.75,0.516,0.384,0.234,0.05
183,,0.234,0.416,0.416,0.7,0.466,0.334,0.184,0.0
184,,0.184,0.366,0.366,0.65,0.416,0.284,0.134,-0.05
185,8,0.517,0.416,0.133,0.3,0.183,0.334,0.467,0.95
186,8,0.85,0.466,-0.1,-0.05,-0.05,0.384,0.8,1.0
187,3,0.9,0.799,0.9,0.283,0.0,0.151,0.45,0.767
188,3,0.95,1.0,1.0,0.616,0.05,-0.082,0.1,0.534
189,6,0.717,0.65,0.767,0.666,0.383,0.918,0.433,0.584
190,6,0.484,0.3,0.534,0.716,0.716,1.0,0.766,0.634
191,,0.434,0.25,0.484,0.666,0.666,0.95,0.716,0.584
192,,0.384,0.2,0.434,0.616,0.616,0.9,0.666,0.534
193,,0.334,0.15,0.384,0.566,0.566,0.85,0.616,0.484
194,,0.284,0.1,0.334,0.516,0.516,0.8,0.566,0.434
195,,0.234,0.05,0.284,0.466,0.466,0.75,0.516,0.384
196,,0.184,0.0,0.234,0.416,0.416,0.7,0.466,0.334
197,,0.134,-0.05,0.184,0.366,0.366,0.65,0.416,0.284
198,2,0.467,0.95,0.517,0.416,0.133,0.3,0.183,0.334
199,2,0.8,1.0,0.85,0.466,-0.1,-0.05,-0.05,0.384
200,5,0.45,0.767,0.9,0.799,0.9,0.283,0.0,0.151
201,5,0.1,0.534,0.95,1.0,1.0,0.616,0.05,-0.082
202,8,0.433,0.584,0.717,0.65,0.767,0.666,0.383,0.918
203,8,0.766,0.634,0.484,0.3,0.534,0.716,0.716,1.0
204,,0.716,0.584,0.434,0.25,0.484,0.666,0.666,0.95
205,,0.666,0.534,0.384,0.2,0.434,0.616,0.616,0.9
206,,0.616,0.484,0.334,0.15,0.384,0.566,0.566,0.85
207,,0.566,0.434,0.284,0.1,0.334,0.516,0.516,0.8
208,,0.516,0.384,0.234,0.05,0.284,0.466,0.466,0.75
209,,0.466,0.334,0.184,0.0,0.234,0.416,0.416,0.7
210,,0.416,0.284,0.134,-0.05,0.184,0.366,0.366,0.65
211,4,0.183,0.334,0.467,0.95,0.517,0.416,0.133,0.3
212,4,-0.05,0.384,0.8,1.0,0.85,0.466,-0.1,-0.05
213,7,0.0,0.151,0.45,0.767,0.9,0.799,0.9,0.283
214,7,0.05,-0.082,0.1,0.534,0.95,1.0,1.0,0.616
215,2,0.383,0.918,0.433,0.584,0.717,0.65,0.767,0.666
216,2,0.716,1.0,0.766,0.634,0.484,0.3,0.534,0.716
217,,0.666,0.95,0.716,0.584,0.434,0.25,0.484,0.666
218,,0.616,0.9,0.666,0.534,0.384,0.2,0.434,0.616
219,,0.566,0.85,0.616,0.484,0.334,0.15,0.384,0.566
220,,0.516,0.8,0.566,0.434,0.284,0.1,0.334,0.516
221,,0.466,0.75,0.516,0.384,0.234,0.05,0.284,0.466
222,,0.416,0.7,0.466,0.334,0.184,0.0,0.234,0.416
223,,0.366,0.65,0.416,0.284,0.134,-0.05,0.184,0.366
224,6,0.133,0.3,0.183,0.334,0.467,0.95,0.517,0.416
225,6,-0.1,-0.05,-0.05,0.384,0.8,1.0,0.85,0.466
226,1,0.9,0.283,0.0,0.151,0.45,0.767,0.9,0.799
227,1,1.0,0.616,0.05,-0.082,0.1,0.534,0.95,1.0
228,4,0.767,0.666,0.383,0.918,0.433,0.584,0.717,0.65
229,4,0.534,0.716,0.716,1.0,0.766,0.634,0.484,0.3
230,,0.484,0.666,0.666,0.95,0.716,0.584,0.434,0.25
231,,0.434,0.616,0.616,0.9,0.666,0.534,0.384,0.2
232,,0.384,0.566,0.566,0.85,0.616,0.484,0.334,0.15
233,,0.334,0.516,0.516,0.8,0.566,0.434,0.284,0.1
234,,0.284,0.466,0.466,0.75,0.516,0.384,0.234,0.05
235,,0.234,0.416,0.416,0.7,0.466,0.334,0.184,0.0
236,,0.184,0.366,0.366,0.65,0.416,0.284,0.134,-0.05
237,8,0.517,0.416,0.133,0.3,0.183,0.334,0.467,0.95
238,8,0.85,0.466,-0.1,-0.05,-0.05,0.384,0.8,1.0
239,3,0.9,0.799,0.9,0.283,0.0,0.151,0.45,0.767
240,3,0.95,1.0,1.0,0.616,0.05,-0.082,0.1,0.534
241,6,0.717,0.65,0.767,0.666,0.383,0.918,0.433,0.584
242,6,0.484,0.3,0.534,0.716,0.716,1.0,0.766,0.634
243,,0.434,0.25,0.484,0.666,0.666,0.95,0.716,0.584
244,,0.384,0.2,0.434,0.616,0.616,0.9,0.666,0.534
245,,0.334,0.15,0.384,0.566,0.566,0.85,0.616,0.484
246,,0.284,0.1,0.334,0.516,0.516,0.8,0.566,0.434
247,,0.234,0.05,0.284,0.466,0.466,0.75,0.516,0.384
248,,0.184,0.0,0.234,0.416,0.416,0.7,0.466,0.334
249,,0.134,-0.05,0.184,0.366,0.366,0.65,0.416,0.284
250,2,0.467,0.95,0.517,0.416,0.133,0.3,0.183,0.334
251,2,0.8,1.0,0.85,0.466,-0.1,-0.05,-0.05,0.384
252,5,0.45,0.767,0.9,0.799,0.9,0.283,0.0,0.151
253,5,0.1,0.534,0.95,1.0,1.0,0.616,0.05,-0.082
254,8,0.433,0.584,0.717,0.65,0.767,0.666,0.383,0.918
255,8,0.766,0.634,0.484,0.3,0.534,0.716,0.716,1.0
256,,0.716,0.584,0.434,0.25,0.484,0.666,0.666,0.95
257,,0.666,0.534,0.384,0.2,0.434,0.616,0.616,0.9
258,,0.616,0.484,0.334,0.15,0.384,0.566,0.566,0.85
259,,0.566,0.434,0.284,0.1,0.334,0.516,0.516,0.8
260,,0.516,0.384,0.234,0.05,0.284,0.466,0.466,0.75
261,,0.466,0.334,0.184,0.0,0.234,0.416,0.416,0.7
262,,0.416,0.284,0.134,-0.05,0.184,0.366,0.366,0.65
263,4,0.183,0.334,0.467,0.95,0.517,0.416,0.133,0.3
264,4,-0.05,0.384,0.8,1.0,0.85,0.466,-0.1,-0.05
265,7,0.0,0.151,0.45,0.767,0.9,0.799,0.9,0.283
266,7,0.05,-0.082,0.1,0.534,0.95,1.0,1.0,0.616
267,2,0.383,0.918,0.433,0.584,0.717,0.65,0.767,0.666
268,2,0.716,1.0,0.766,0.634,0.484,0.3,0.534,0.716
269,,0.666,0.95,0.716,0.584,0.434,0.25,0.484,0.666
270,,0.616,0.9,0.666,0.534,0.384,0.2,0.434,0.616
271,,0.566,0.85,0.616,0.484,0.334,0.15,0.384,0.566
272,,0.516,0.8,0.566,0.434,0.284,0.1,0.334,0.516
273,,0.466,0.75,0.516,0.384,0.234,0.05,0.284,0.466
274,,0.416,0.7,0.466,0.334,0.184,0.0,0.234,0.416
275,,0.366,0.65,0.416,0.284,0.134,-0.05,0.184,0.366
276,6,0.133,0.3,0.183,0.334,0.467,0.95,0.517,0.416
277,6,-0.1,-0.05,-0.05,0.384,0.8,1.0,0.85,0.466
278,1,0.9,0.283,0.0,0.151,0.45,0.767,0.9,0.799
279,1,1.0,0.616,0.05,-0.082,0.1,0.534,0.95,1.0
280,4,0.767,0.666,0.383,0.918,0.433,0.584,0.717,0.65
281,4,0.534,0.716,0.716,1.0,0.766,0.634,0.484,0.3
282,,0.484,0.666,0.666,0.95,0.716,0.584,0.434,0.25
283,,0.434,0.616,0.616,0.9,0.666,0.534,0.384,0.2
284,,0.384,0.566,0.566,0.85,0.616,0.484,0.334,0.15
285,,0.334,0.516,0.516,0.8,0.566,0.434,0.284,0.1
286,,0.284,0.466,0.466,0.75,0.516,0.384,0.234,0.05
287,,0.234,0.416,0.416,0.7,0.466,0.334,0.184,0.0
288,,0.184,0.366,0.366,0.65,0.416,0.284,0.134,-0.05
289,8,0.517,0.416,0.133,0.3,0.183,0.334,0.467,0.95
290,8,0.85,0.466,-0.1,-0.05,-0.05,0.384,0.8,1.0
291,3,0.9,0.799,0.9,0.283,0.0,0.151,0.45,0.767
292,3,0.95,1.0,1.0,0.616,0.05,-0.082,0.1,0.534
293,6,0.717,0.65,0.767,0.666,0.383,0.918,0.433,0.584
294,6,0.484,0.3,0.534,0.716,0.716,1.0,0.766,0.634
295,,0.434,0.25,0.484,0.666,0.666,0.95,0.716,0.584
296,,0.384,0.2,0.434,0.616,0.616,0.9,0.666,0.534
297,,0.334,0.15,0.384,0.566,0.566,0.85,0.616,0.484
298,,0.284,0.1,0.334,0.516,0.516,0.8,0.566,0.434
299,,0.234,0.05,0.284,0.466,0.466,0.75,0.516,0.384
300,,0.184,0.0,0.234,0.416,0.416,0.7,0.466,0.334
301,,0.134,-0.05,0.184,0.366,0.366,0.65,0.416,0.284
302,2,0.467,0.95,0.517,0.416,0.133,0.3,0.183,0.334
303,2,0.8,1.0,0.85,0.466,-0.1,-0.05,-0.05,0.384
304,5,0.45,0.767,0.9,0.799,0.9,0.283,0.0,0.151
305,5,0.1,0.534,0.95,1.0,1.0,0.616,0.05,-0.082
306,8,0.433,0.584,0.717,0.65,0.767,0.666,0.383,0.918
307,8,0.766,0.634,0.484,0.3,0.534,0.716,0.716,1.0
308,,0.716,0.584,0.434,0.25,0.484,0.666,0.666,0.95
309,,0.666,0.534,0.384,0.2,0.434,0.616,0.616,0.9
310,,0.616,0.484,0.334,0.15,0.384,0.566,0.566,0.85
311,,0.566,0.434,0.284,0.1,0.334,0.516,0.516,0.8
312,,0.516,0.384,0.234,0.05,0.284,0.466,0.466,0.75
313,,0.466,0.334,0.184,0.0,0.234,0.416,0.416,0.7
314,,0.416,0.284,0.134,-0.05,0.184,0.366,0.366,0.65
315,4,0.183,0.334,0.467,0.95,0.517,0.416,0.133,0.3
316,4,-0.05,0.384,0.8,1.0,0.85,0.466,-0.1,-0.05
317,7,0.0,0.151,0.45,0.767,0.9,0.799,0.9,0.283
318,7,0.05,-0.082,0.1,0.534,0.95,1.0,1.0,0.616
319,2,0.383,0.918,0.433,0.584,0.717,0.65,0.767,0.666
320,2,0.716,1.0,0.766,0.634,0.484,0.3,0.534,0.716
321,,0.666,0.95,0.716,0.584,0.434,0.25,0.484,0.666
322,,0.616,0.9,0.666,0.534,0.384,0.2,0.434,0.616
323,,0.566,0.85,0.616,0.484,0.334,0.15,0.384,0.566
324,,0.516,0.8,0.566,0.434,0.284,0.1,0.334,0.516
325,,0.466,0.75,0.516,0.384,0.234,0.05,0.284,0.466
326,,0.416,0.7,0.466,0.334,0.184,0.0,0.234,0.416
327,,0.366,0.65,0.416,0.284,0.134,-0.05,0.184,0.366
328,6,0.133,0.3,0.183,0.334,0.467,0.95,0.517,0.416
329,6,-0.1,-0.05,-0.05,0.384,0.8,1.0,0.85,0.466
330,1,0.9,0.283,0.0,0.151,0.45,0.767,0.9,0.799
331,1,1.0,0.616,0.05,-0.082,0.1,0.534,0.95,1.0
332,4,0.767,0.666,0.383,0.918,0.433,0.584,0.717,0.65
333,4,0.534,0.716,0.716,1.0,0.766,0.634,0.484,0.3
334,,0.484,0.666,0.666,0.95,0.716,0.584,0.434,0.25
335,,0.434,0.616,0.616,0.9,0.666,0.534,0.384,0.2
336,,0.384,0.566,0.566,0.85,0.616,0.484,0.334,0.15
337,,0.334,0.516,0.516,0.8,0.566,0.434,0.284,0.1
338,,0.284,0.466,0.466,0.75,0.516,0.384,0.234,0.05
339,,0.234,0.416,0.416,0.7,0.466,0.334,0.184,0.0
340,,0.184,0.366,0.366,0.65,0.416,0.284,0.134,-0.05
341,8,0.517,0.416,0.133,0.3,0.183,0.334,0.467,0.95
342,8,0.85,0.466,-0.1,-0.05,-0.05,0.384,0.8,1.0
343,3,0.9,0.799,0.9,0.283,0.0,0.151,0.45,0.767
344,3,0.95,1.0,1.0,0.616,0.05,-0.082,0.1,0.534
345,6,0.717,0.65,0.767,0.666,0.383,0.918,0.433,0.584
346,6,0.484,0.3,0.534,0.716,0.716,1.0,0.766,0.634
347,,0.434,0.25,0.484,0.666,0.666,0.95,0.716,0.584
348,,0.384,0.2,0.434,0.616,0.616,0.9,0.666,0.534
349,,0.334,0.15,0.384,0.566,0.566,0.85,0.616,0.484
350,,0.284,0.1,0.334,0.516,0.516,0.8,0.566,0.434
351,,0.234,0.05,0.284,0.466,0.466,0.75,0.516,0.384
352,,0.184,0.0,0.234,0.416,0.416,0.7,0.466,0.334
353,,0.134,-0.05,0.184,0.366,0.366,0.65,0.416,0.284
354,2,0.467,0.95,0.517,0.416,0.133,0.3,0.183,0.334
355,2,0.8,1.0,0.85,0.466,-0.1,-0.05,-0.05,0.384
356,5,0.45,0.767,0.9,0.799,0.9,0.283,0.0,0.151
357,5,0.1,0.534,0.95,1.0,1.0,0.616,0.05,-0.082
358,8,0.433,0.584,0.717,0.65,0.767,0.666,0.383,0.918
359,8,0.766,0.634,0.484,0.3,0.534,0.716,0.716,1.0
360,,0.716,0.584,0.434,0.25,0.484,0.666,0.666,0.95
361,,0.666,0.534,0.384,0.2,0.434,0.616,0.616,0.9
362,,0.616,0.484,0.334,0.15,0.384,0.566,0.566,0.85
363,,0.566,0.434,0.284,0.1,0.334,0.516,0.516,0.8
364,,0.516,0.384,0.234,0.05,0.284,0.466,0.466,0.75
365,,0.466,0.334,0.184,0.0,0.234,0.416,0.416,0.7
366,,0.416,0.284,0.134,-0.05,0.184,0.366,0.366,0.65
367,4,0.183,0.334,0.467,0.95,0.517,0.416,0.133,0.3
368,4,-0.05,0.384,0.8,1.0,0.85,0.466,-0.1,-0.05
369,7,0.0,0.151,0.45,0.767,0.9,0.799,0.9,0.283
370,7,0.05,-0.082,0.1,0.534,0.95,1.0,1.0,0.616
371,2,0.383,0.918,0.433,0.584,0.717,0.65,0.767,0.666
372,2,0.716,1.0,0.766,0.634,0.484,0.3,0.534,0.716
373,,0.666,0.95,0.716,0.584,0.434,0.25,0.484,0.666
374,,0.616,0.9,0.666,0.534,0.384,0.2,0.434,0.616
375,,0.566,0.85,0.616,0.484,0.334,0.15,0.384,0.566
376,,0.516,0.8,0.566,0.434,0.284,0.1,0.334,0.516
377,,0.466,0.75,0.516,0.384,0.234,0.05,0.284,0.466
378,,0.416,0.7,0.466,0.334,0.184,0.0,0.234,0.416
379,,0.366,0.65,0.416,0.284,0.134,-0.05,0.184,0.366
380,6,0.133,0.3,0.183,0.334,0.467,0.95,0.517,0.416
381,6,-0.1,-0.05,-0.05,0.384,0.8,1.0,0.85,0.466
382,1,0.9,0.283,0.0,0.151,0.45,0.767,0.9,0.799
383,1,1.0,0.616,0.05,-0.082,0.1,0.534,0.95,1.0
384,4,0.767,0.666,0.383,0.918,0.433,0.584,0.717,0.65
385,4,0.534,0.716,0.716,1.0,0.766,0.634,0.484,0.3
386,,0.484,0.666,0.666,0.95,0.716,0.584,0.434,0.25
387,,0.434,0.616,0.616,0.9,0.666,0.534,0.384,0.2
388,,0.384,0.566,0.566,0.85,0.616,0.484,0.334,0.15
389,,0.334,0.516,0.516,0.8,0.566,0.434,0.284,0.1
390,,0.284,0.466,0.466,0.75,0.516,0.384,0.234,0.05
391,,0.234,0.416,0.416,0.7,0.466,0.334,0.184,0.0
392,,0.184,0.366,0.366,0.65,0.416,0.284,0.134,-0.05
393,8,0.517,0.416,0.133,0.3,0.183,0.334,0.467,0.95
394,8,0.85,0.466,-0.1,-0.05,-0.05,0.384,0.8,1.0
395,3,0.9,0.799,0.9,0.283,0.0,0.151,0.45,0.767
396,3,0.95,1.0,1.0,0.616,0.05,-0.082,0.1,0.534
397,6,0.717,0.65,0.767,0.666,0.383,0.918,0.433,0.584
398,6,0.484,0.3,0.534,0.716,0.716,1.0,0.766,0.634
399,,0.434,0.25,0.484,0.666,0.666,0.95,0.716,0.584
400,,0.384,0.2,0.434,0.616,0.616,0.9,0.666,0.534
401,,0.334,0.15,0.384,0.566,0.566,0.85,0.616,0.484
402,,0.284,0.1,0.334,0.516,0.516,0.8,0.566,0.434
403,,0.234,0.05,0.284,0.466,0.466,0.75,0.516,0.384
404,,0.184,0.0,0.234,0.416,0.416,0.7,0.466,0.334
405,,0.134,-0.05,0.184,0.366,0.366,0.65,0.416,0.284
406,2,0.467,0.95,0.517,0.416,0.133,0.3,0.183,0.334
407,2,0.8,1.0,0.85,0.466,-0.1,-0.05,-0.05,0.384
408,5,0.45,0.767,0.9,0.799,0.9,0.283,0.0,0.151
409,5,0.1,0.534,0.95,1.0,1.0,0.616,0.05,-0.082
410,8,0.433,0.584,0.717,0.65,0.767,0.666,0.383,0.918
411,8,0.766,0.634,0.484,0.3,0.534,0.716,0.716,1.0
412,,0.716,0.584,0.434,0.25,0.484,0.666,0.666,0.95
413,,0.666,0.534,0.384,0.2,0.434,0.616,0.616,0.9
414,,0.616,0.484,0.334,0.15,0.384,0.566,0.566,0.85
415,,0.566,0.434,0.284,0.1,0.334,0.516,0.516,0.8
416,,0.516,0.384,0.234,0.05,0.284,0.466,0.466,0.75
417,,0.466,0.334,0.184,0.0,0.234,0.416,0.416,0.7
418,,0.416,0.284,0.134,-0.05,0.184,0.366,0.366,0.65
419,4,0.183,0.334,0.467,0.95,0.517,0.416,0.133,0.3
420,4,-0.05,0.384,0.8,1.0,0.85,0.466,-0.1,-0.05
421,7,0.0,0.151,0.45,0.767,0.9,0.799,0.9,0.283
422,7,0.05,-0.082,0.1,0.534,0.95,1.0,1.0,0.616
423,2,0.383,0.918,0.433,0.584,0.717,0.65,0.767,0.666
424,2,0.716,1.0,0.766,0.634,0.484,0.3,0.534,0.716
425,,0.666,0.95,0.716,0.584,0.434,0.25,0.484,0.666
426,,0.616,0.9,0.666,0.534,0.384,0.2,0.434,0.616
427,,0.566,0.85,0.616,0.484,0.334,0.15,0.384,0.566
428,,0.516,0.8,0.566,0.434,0.284,0.1,0.334,0.516
429,,0.466,0.75,0.516,0.384,0.234,0.05,0.284,0.466
430,,0.416,0.7,0.466,0.334,0.184,0.0,0.234,0.416
431,,0.366,0.65,0.416,0.284,0.134,-0.05,0.184,0.366
432,6,0.133,0.3,0.183,0.334,0.467,0.95,0.517,0.416
433,6,-0.1,-0.05,-0.05,0.384,0.8,1.0,0.85,0.466
434,1,0.9,0.283,0.0,0.151,0.45,0.767,0.9,0.799
435,1,1.0,0.616,0.05,-0.082,0.1,0.534,0.95,1.0
436,4,0.767,0.666,0.383,0.918,0.433,0.584,0.717,0.65
437,4,0.534,0.716,0.716,1.0,0.766,0.634,0.484,0.3
438,,0.484,0.666,0.666,0.95,0.716,0.584,0.434,0.25
439,,0.434,0.616,0.616,0.9,0.666,0.534,0.384,0.2
440,,0.384,0.566,0.566,0.85,0.616,0.484,0.334,0.15
441,,0.334,0.516,0.516,0.8,0.566,0.434,0.284,0.1
442,,0.284,0.466,0.466,0.75,0.516,0.384,0.234,0.05
443,,0.234,0.416,0.416,0.7,0.466,0.334,0.184,0.0
444,,0.184,0.366,0.366,0.65,0.416,0.284,0.134,-0.05
445,8,0.517,0.416,0.133,0.3,0.183,0.334,0.467,0.95
446,8,0.85,0.466,-0.1,-0.05,-0.05,0.384,0.8,1.0
447,3,0.9,0.799,0.9,0.283,0.0,0.151,0.45,0.767
448,3,0.95,1.0,1.0,0.616,0.05,-0.082,0.1,0.534
449,6,0.717,0.65,0.767,0.666,0.383,0.918,0.433,0.584
450,6,0.484,0.3,0.534,0.716,0.716,1.0,0.766,0.634
451,,0.434,0.25,0.484,0.666,0.666,0.95,0.716,0.584
452,,0.384,0.2,0.434,0.616,0.616,0.9,0.666,0.534
453,,0.334,0.15,0.384,0.566,0.566,0.85,0.616,0.484
454,,0.284,0.1,0.334,0.516,0.516,0.8,0.566,0.434
455,,0.234,0.05,0.284,0.466,0.466,0.75,0.516,0.384
456,,0.184,0.0,0.234,0.416,0.416,0.7,0.466,0.334
457,,0.134,-0.05,0.184,0.366,0.366,0.65,0.416,0.284
458,2,0.467,0.95,0.517,0.416,0.133,0.3,0.183,0.334
459,2,0.8,1.0,0.85,0.466,-0.1,-0.05,-0.05,0.384
460,5,0.45,0.767,0.9,0.799,0.9,0.283,0.0,0.151
461,5,0.1,0.534,0.95,1.0,1.0,0.616,0.05,-0.082
462,8,0.433,0.584,0.717,0.65,0.767,0.666,0.383,0.918
463,8,0.766,0.634,0.484,0.3,0.534,0.716,0.716,1.0
464,,0.716,0.584,0.434,0.25,0.484,0.666,0.666,0.95
465,,0.666,0.534,0.384,0.2,0.434,0.616,0.616,0.9
466,,0.616,0.484,0.334,0.15,0.384,0.566,0.566,0.85
467,,0.566,0.434,0.284,0.1,0.334,0.516,0.516,0.8
468,,0.516,0.384,0.234,0.05,0.284,0.466,0.466,0.75
469,,0.466,0.334,0.184,0.0,0.234,0.416,0.416,0.7
470,,0.416,0.284,0.134,-0.05,0.184,0.366,0.366,0.65
471,4,0.183,0.334,0.467,0.95,0.517,0.416,0.133,0.3
472,4,-0.05,0.384,0.8,1.0,0.85,0.466,-0.1,-0.05
473,7,0.0,0.151,0.45,0.767,0.9,0.799,0.9,0.283
474,7,0.05,-0.082,0.1,0.534,0.95,1.0,1.0,0.616
475,2,0.383,0.918,0.433,0.584,0.717,0.65,0.767,0.666
476,2,0.716,1.0,0.766,0.634,0.484,0.3,0.534,0.716
477,,0.666,0.95,0.716,0.584,0.434,0.25,0.484,0.666
478,,0.616,0.9,0.666,0.534,0.384,0.2,0.434,0.616
479,,0.566,0.85,0.616,0.484,0.334,0.15,0.384,0.566
480,,0.516,0.8,0.566,0.434,0.284,0.1,0.334,0.516
481,,0.466,0.75,0.516,0.384,0.234,0.05,0.284,0.466
482,,0.416,0.7,0.466,0.334,0.184,0.0,0.234,0.416
483,,0.366,0.65,0.416,0.284,0.134,-0.05,0.184,0.366
484,6,0.133,0.3,0.183,0.334,0.467,0.95,0.517,0.416
485,6,-0.1,-0.05,-0.05,0.384,0.8,1.0,0.85,0.466
486,1,0.9,0.283,0.0,0.151,0.45,0.767,0.9,0.799
487,1,1.0,0.616,0.05,-0.082,0.1,0.534,0.95,1.0
488,4,0.767,0.666,0.383,0.918,0.433,0.584,0.717,0.65
489,4,0.534,0.716,0.716,1.0,0.766,0.634,0.484,0.3
490,,0.484,0.666,0.666,0.95,0.716,0.584,0.434,0.25
491,,0.434,0.616,0.616,0.9,0.666,0.534,0.384,0.2
492,,0.384,0.566,0.566,0.85,0.616,0.484,0.334,0.15
493,,0.334,0.516,0.516,0.8,0.566,0.434,0.284,0.1
494,,0.284,0.466,0.466,0.75,0.516,0.384,0.234,0.05
495,,0.234,0.416,0.416,0.7,0.466,0.334,0.184,0.0
496,,0.184,0.366,0.366,0.65,0.416,0.284,0.134,-0.05
497,8,0.517,0.416,0.133,0.3,0.183,0.334,0.467,0.95
498,8,0.85,0.466,-0.1,-0.05,-0.05,0.384,0.8,1.0
499,3,0.9,0.799,0.9,0.283,0.0,0.151,0.45,0.767
500,3,0.95,1.0,1.0,0.616,0.05,-0.082,0.1,0.534
501,6,0.717,0.65,0.767,0.666,0.383,0.918,0.433,0.584
502,6,0.484,0.3,0.534,0.716,0.716,1.0,0.766,0.634
503,,0.434,0.25,0.484,0.666,0.666,0.95,0.716,0.584
504,,0.384,0.2,0.434,0.616,0.616,0.9,0.666,0.534
505,,0.334,0.15,0.384,0.566,0.566,0.85,0.616,0.484
506,,0.284,0.1,0.334,0.516,0.516,0.8,0.566,0.434
507,,0.234,0.05,0.284,0.466,0.466,0.75,0.516,0.384
508,,0.184,0.0,0.234,0.416,0.416,0.7,0.466,0.334
509,,0.134,-0.05,0.184,0.366,0.366,0.65,0.416,0.284
510,2,0.467,0.95,0.517,0.416,0.133,0.3,0.183,0.334
511,2,0.8,1.0,0.85,0.466,-0.1,-0.05,-0.05,0.384
512,5,0.45,0.767,0.9,0.799,0.9,0.283,0.0,0.151
513,5,0.1,0.534,0.95,1.0,1.0,0.616,0.05,-0.082
514,8,0.433,0.584,0.717,0.65,0.767,0.666,0.383,0.918
515,8,0.766,0.634,0.484,0.3,0.534,0.716,0.716,1.0
516,,0.716,0.584,0.434,0.25,0.484,0.666,0.666,0.95
517,,0.666,0.534,0.384,0.2,0.434,0.616,0.616,0.9
518,,0.616,0.484,0.334,0.15,0.384,0.566,0.566,0.85
519,,0.566,0.434,0.284,0.1,0.334,0.516,0.516,0.8
520,,0.516,0.384,0.234,0.05,0.284,0.466,0.466,0.75
521,,0.466,0.334,0.184,0.0,0.234,0.416,0.416,0.7
522,,0.416,0.284,0.134,-0.05,0.184,0.366,0.366,0.65
523,4,0.183,0.334,0.467,0.95,0.517,0.416,0.133,0.3
524,4,-0.05,0.384,0.8,1.0,0.85,0.466,-0.1,-0.05
525,7,0.0,0.151,0.45,0.767,0.9,0.799,0.9,0.283
526,7,0.05,-0.082,0.1,0.534,0.95,1.0,1.0,0.616
527,2,0.383,0.918,0.433,0.584,0.717,0.65,0.767,0.666
528,2,0.716,1.0,0.766,0.634,0.484,0.3,0.534,0.716
529,,0.666,0.95,0.716,0.584,0.434,0.25,0.484,0.666
530,,0.616,0.9,0.666,0.534,0.384,0.2,0.434,0.616
531,,0.566,0.85,0.616,0.484,0.334,0.15,0.384,0.566
532,,0.516,0.8,0.566,0.434,0.284,0.1,0.334,0.516
533,,0.466,0.75,0.516,0.384,0.234,0.05,0.284,0.466
534,,0.416,0.7,0.466,0.334,0.184,0.0,0.234,0.416
535,,0.366,0.65,0.416,0.284,0.134,-0.05,0.184,0.366
536,6,0.133,0.3,0.183,0.334,0.467,0.95,0.517,0.416
537,6,-0.1,-0.05,-0.05,0.384,0.8,1.0,0.85,0.466
538,1,0.9,0.283,0.0,0.151,0.45,0.767,0.9,0.799
539,1,1.0,0.616,0.05,-0.082,0.1,0.534,0.95,1.0
540,4,0.767,0.666,0.383,0.918,0.433,0.584,0.717,0.65
541,4,0.534,0.716,0.716,1.0,0.766,0.634,0.484,0.3
542,,0.484,0.666,0.666,0.95,0.716,0.584,0.434,0.25
543,,0.434,0.616,0.616,0.9,0.666,0.534,0.384,0.2
544,,0.384,0.566,0.566,0.85,0.616,0.484,0.334,0.15
545,,0.334,0.516,0.516,0.8,0.566,0.434,0.284,0.1
546,,0.284,0.466,0.466,0.75,0.516,0.384,0.234,0.05
547,,0.234,0.416,0.416,0.7,0.466,0.334,0.184,0.0
548,,0.184,0.366,0.366,0.65,0.416,0.284,0.134,-0.05
549,8,0.517,0.416,0.133,0.3,0.183,0.334,0.467,0.95
550,8,0.85,0.466,-0.1,-0.05,-0.05,0.384,0.8,1.0
551,3,0.9,0.799,0.9,0.283,0.0,0.151,0.45,0.767
552,3,0.95,1.0,1.0,0.616,0.05,-0.082,0.1,0.534
553,6,0.717,0.65,0.767,0.666,0.383,0.918,0.433,0.584
554,6,0.484,0.3,0.534,0.716,0.716,1.0,0.766,0.634
555,,0.434,0.25,0.484,0.666,0.666,0.95,0.716,0.584
556,,0.384,0.2,0.434,0.616,0.616,0.9,0.666,0.534
557,,0.334,0.15,0.384,0.566,0.566,0.85,0.616,0.484
558,,0.284,0.1,0.334,0.516,0.516,0.8,0.566,0.434
559,,0.234,0.05,0.284,0.466,0.466,0.75,0.516,0.384
560,,0.184,0.0,0.234,0.416,0.416,0.7,0.466,0.334
561,,0.134,-0.05,0.184,0.366,0.366,0.65,0.416,0.284
562,2,0.467,0.95,0.517,0.416,0.133,0.3,0.183,0.334
563,2,0.8,1.0,0.85,0.466,-0.1,-0.05,-0.05,0.384
564,5,0.45,0.767,0.9,0.799,0.9,0.283,0.0,0.151
565,5,0.1,0.534,0.95,1.0,1.0,0.616,0.05,-0.082
566,8,0.433,0.584,0.717,0.65,0.767,0.666,0.383,0.918
567,8,0.766,0.634,0.484,0.3,0.534,0.716,0.716,1.0
568,,0.716,0.584,0.434,0.25,0.484,0.666,0.666,0.95
569,,0.666,0.534,0.384,0.2,0.434,0.616,0.616,0.9
570,,0.616,0.484,0.334,0.15,0.384,0.566,0.566,0.85
571,,0.566,0.434,0.284,0.1,0.334,0.516,0.516,0.8
572,,0.516,0.384,0.234,0.05,0.284,0.466,0.466,0.75
573,,0.466,0.334,0.184,0.0,0.234,0.416,0.416,0.7
574,,0.416,0.284,0.134,-0.05,0.184,0.366,0.366,0.65
575,4,0.183,0.334,0.467,0.95,0.517,0.416,0.133,0.3
576,4,-0.05,0.384,0.8,1.0,0.85,0.466,-0.1,-0.05
577,7,0.0,0.151,0.45,0.767,0.9,0.799,0.9,0.283
578,7,0.05,-0.082,0.1,0.534,0.95,1.0,1.0,0.616
579,2,0.383,0.918,0.433,0.584,0.717,0.65,0.767,0.666
580,2,0.716,1.0,0.766,0.634,0.484,0.3,0.534,0.716
581,,0.666,0.95,0.716,0.584,0.434,0.25,0.484,0.666
582,,0.616,0.9,0.666,0.534,0.384,0.2,0.434,0.616
583,,0.566,0.85,0.616,0.484,0.334,0.15,0.384,0.566
584,,0.516,0.8,0.566,0.434,0.284,0.1,0.334,0.516
585,,0.466,0.75,0.516,0.384,0.234,0.05,0.284,0.466
586,,0.416,0.7,0.466,0.334,0.184,0.0,0.234,0.416
587,,0.366,0.65,0.416,0.284,0.134,-0.05,0.184,0.366
588,6,0.133,0.3,0.183,0.334,0.467,0.95,0.517,0.416
589,6,-0.1,-0.05,-0.05,0.384,0.8,1.0,0.85,0.466
590,1,0.9,0.283,0.0,0.151,0.45,0.767,0.9,0.799
591,1,1.0,0.616,0.05,-0.082,0.1,0.534,0.95,1.0
592,4,0.767,0.666,0.383,0.918,0.433,0.584,0.717,0.65
593,4,0.534,0.716,0.716,1.0,0.766,0.634,0.484,0.3
594,,0.484,0.666,0.666,0.95,0.716,0.584,0.434,0.25
595,,0.434,0.616,0.616,0.9,0.666,0.534,0.384,0.2
596,,0.384,0.566,0.566,0.85,0.616,0.484,0.334,0.15
597,,0.334,0.516,0.516,0.8,0.566,0.434,0.284,0.1
598,,0.284,0.466,0.466,0.75,0.516,0.384,0.234,0.05
599,,0.234,0.416,0.416,0.7,0.466,0.334,0.184,0.0
600,,0.184,0.366,0.366,0.65,0.416,0.284,0.134,-0.05
601,8,0.517,0.416,0.133,0.3,0.183,0.334,0.467,0.95
602,8,0.85,0.466,-0.1,-0.05,-0.05,0.384,0.8,1.0
603,3,0.9,0.799,0.9,0.283,0.0,0.151,0.45,0.767
604,3,0.95,1.0,1.0,0.616,0.05,-0.082,0.1,0.534
605,6,0.717,0.65,0.767,0.666,0.383,0.918,0.433,0.584
606,6,0.484,0.3,0.534,0.716,0.716,1.0,0.766,0.634
607,,0.434,0.25,0.484,0.666,0.666,0.95,0.716,0.584
608,,0.384,0.2,0.434,0.616,0.616,0.9,0.666,0.534
609,,0.334,0.15,0.384,0.566,0.566,0.85,0.616,0.484
610,,0.284,0.1,0.334,0.516,0.516,0.8,0.566,0.434
611,,0.234,0.05,0.284,0.466,0.466,0.75,0.516,0.384
612,,0.184,0.0,0.234,0.416,0.416,0.7,0.466,0.334
613,,0.134,-0.05,0.184,0.366,0.366,0.65,0.416,0.284
614,2,0.467,0.95,0.517,0.416,0.133,0.3,0.183,0.334
615,2,0.8,1.0,0.85,0.466,-0.1,-0.05,-0.05,0.384
616,5,0.45,0.767,0.9,0.799,0.9,0.283,0.0,0.151
617,5,0.1,0.534,0.95,1.0,1.0,0.616,0.05,-0.082
618,8,0.433,0.584,0.717,0.65,0.767,0.666,0.383,0.918
619,8,0.766,0.634,0.484,0.3,0.534,0.716,0.716,1.0
620,,0.716,0.584,0.434,0.25,0.484,0.666,0.666,0.95
621,,0.666,0.534,0.384,0.2,0.434,0.616,0.616,0.9
622,,0.616,0.484,0.334,0.15,0.384,0.566,0.566,0.85
623,,0.566,0.434,0.284,0.1,0.334,0.516,0.516,0.8
624,,0.516,0.384,0.234,0.05,0.284,0.466,0.466,0.75
625,,0.466,0.334,0.184,0.0,0.234,0.416,0.416,0.7
626,,0.416,0.284,0.134,-0.05,0.184,0.366,0.366,0.65
627,4,0.183,0.334,0.467,0.95,0.517,0.416,0.133,0.3
628,4,-0.05,0.384,0.8,1.0,0.85,0.466,-0.1,-0.05
629,7,0.0,0.151,0.45,0.767,0.9,0.799,0.9,0.283
630,7,0.05,-0.082,0.1,0.534,0.95,1.0,1.0,0.616
631,2,0.383,0.918,0.433,0.584,0.717,0.65,0.767,0.666
632,2,0.716,1.0,0.766,0.634,0.484,0.3,0.534,0.716
633,,0.666,0.95,0.716,0.584,0.434,0.25,0.484,0.666
634,,0.616,0.9,0.666,0.534,0.384,0.2,0.434,0.616
635,,0.566,0.85,0.616,0.484,0.334,0.15,0.384,0.566
636,,0.516,0.8,0.566,0.434,0.284,0.1,0.334,0.516
637,,0.466,0.75,0.516,0.384,0.234,0.05,0.284,0.466
638,,0.416,0.7,0.466,0.334,0.184,0.0,0.234,0.416
639,,0.366,0.65,0.416,0.284,0.134,-0.05,0.184,0.366
640,6,0.133,0.3,0.183,0.334,0.467,0.95,0.517,0.416
641,6,-0.1,-0.05,-0.05,0.384,0.8,1.0,0.85,0.466
642,1,0.9,0.283,0.0,0.151,0.45,0.767,0.9,0.799
643,1,1.0,0.616,0.05,-0.082,0.1,0.534,0.95,1.0
644,4,0.767,0.666,0.383,0.918,0.433,0.584,0.717,0.65
645,4,0.534,0.716,0.716,1.0,0.766,0.634,0.484,0.3
646,,0.484,0.666,0.666,0.95,0.716,0.584,0.434,0.25
647,,0.434,0.616,0.616,0.9,0.666,0.534,0.384,0.2
648,,0.384,0.566,0.566,0.85,0.616,0.484,0.334,0.15
649,,0.334,0.516,0.516,0.8,0.566,0.434,0.284,0.1
650,,0.284,0.466,0.466,0.75,0.516,0.384,0.234,0.05
651,,0.234,0.416,0.416,0.7,0.466,0.334,0.184,0.0
652,,0.184,0.366,0.366,0.65,0.416,0.284,0.134,-0.05
653,8,0.517,0.416,0.133,0.3,0.183,0.334,0.467,0.95
654,8,0.85,0.466,-0.1,-0.05,-0.05,0.384,0.8,1.0
655,3,0.9,0.799,0.9,0.283,0.0,0.151,0.45,0.767
656,3,0.95,1.0,1.0,0.616,0.05,-0.082,0.1,0.534
657,6,0.717,0.65,0.767,0.666,0.383,0.918,0.433,0.584
658,6,0.484,0.3,0.534,0.716,0.716,1.0,0.766,0.634
659,,0.434,0.25,0.484,0.666,0.666,0.95,0.716,0.584
660,,0.384,0.2,0.434,0.616,0.616,0.9,0.666,0.534
661,,0.334,0.15,0.384,0.566,0.566,0.85,0.616,0.484
662,,0.284,0.1,0.334,0.516,0.516,0.8,0.566,0.434
663,,0.234,0.05,0.284,0.466,0.466,0.75,0.516,0.384
664,,0.184,0.0,0.234,0.416,0.416,0.7,0.466,0.334
665,,0.134,-0.05,0.184,0.366,0.366,0.65,0.416,0.284
666,2,0.467,0.95,0.517,0.416,0.133,0.3,0.183,0.334
667,2,0.8,1.0,0.85,0.466,-0.1,-0.05,-0.05,0.384
668,5,0.45,0.767,0.9,0.799,0.9,0.283,0.0,0.151
669,5,0.1,0.534,0.95,1.0,1.0,0.616,0.05,-0.082
670,8,0.433,0.584,0.717,0.65,0.767,0.666,0.383,0.918
671,8,0.766,0.634,0.484,0.3,0.534,0.716,0.716,1.0
672,,0.716,0.584,0.434,0.25,0.484,0.666,0.666,0.95
673,,0.666,0.534,0.384,0.2,0.434,0.616,0.616,0.9
674,,0.616,0.484,0.334,0.15,0.384,0.566,0.566,0.85
675,,0.566,0.434,0.284,0.1,0.334,0.516,0.516,0.8
676,,0.516,0.384,0.234,0.05,0.284,0.466,0.466,0.75
677,,0.466,0.334,0.184,0.0,0.234,0.416,0.416,0.7
678,,0.416,0.284,0.134,-0.05,0.184,0.366,0.366,0.65
679,4,0.183,0.334,0.467,0.95,0.517,0.416,0.133,0.3
680,4,-0.05,0.384,0.8,1.0,0.85,0.466,-0.1,-0.05
681,7,0.0,0.151,0.45,0.767,0.9,0.799,0.9,0.283
682,7,0.05,-0.082,0.1,0.534,0.95,1.0,1.0,0.616
683,2,0.383,0.918,0.433,0.584,0.717,0.65,0.767,0.666
684,2,0.716,1.0,0.766,0.634,0.484,0.3,0.534,0.716
685,,0.666,0.95,0.716,0.584,0.434,0.25,0.484,0.666
686,,0.616,0.9,0.666,0.534,0.384,0.2,0.434,0.616
687,,0.566,0.85,0.616,0.484,0.334,0.15,0.384,0.566
688,,0.516,0.8,0.566,0.434,0.284,0.1,0.334,0.516
689,,0.466,0.75,0.516,0.384,0.234,0.05,0.284,0.466
690,,0.416,0.7,0.466,0.334,0.184,0.0,0.234,0.416
691,,0.366,0.65,0.416,0.284,0.134,-0.05,0.184,0.366
692,6,0.133,0.3,0.183,0.334,0.467,0.95,0.517,0.416
693,6,-0.1,-0.05,-0.05,0.384,0.8,1.0,0.85,0.466
694,1,0.9,0.283,0.0,0.151,0.45,0.767,0.9,0.799
695,1,1.0,0.616,0.05,-0.082,0.1,0.534,0.95,1.0
696,4,0.767,0.666,0.383,0.918,0.433,0.584,0.717,0.65
697,4,0.534,0.716,0.716,1.0,0.766,0.634,0.484,0.3
698,,0.484,0.666,0.666,0.95,0.716,0.584,0.434,0.25
699,,0.434,0.616,0.616,0.9,0.666,0.534,0.384,0.2
700,,0.384,0.566,0.566,0.85,0.616,0.484,0.334,0.15
701,,0.334,0.516,0.516,0.8,0.566,0.434,0.284,0.1
702,,0.284,0.466,0.466,0.75,0.516,0.384,0.234,0.05
703,,0.234,0.416,0.416,0.7,0.466,0.334,0.184,0.0
704,,0.184,0.366,0.366,0.65,0.416,0.284,0.134,-0.05
705,8,0.517,0.416,0.133,0.3,0.183,0.334,0.467,0.95
706,8,0.85,0.466,-0.1,-0.05,-0.05,0.384,0.8,1.0
707,3,0.9,0.799,0.9,0.283,0.0,0.151,0.45,0.767
708,3,0.95,1.0,1.0,0.616,0.05,-0.082,0.1,0.534
709,6,0.717,0.65,0.767,0.666,0.383,0.918,0.433,0.584
710,6,0.484,0.3,0.534,0.716,0.716,1.0,0.766,0.634
711,,0.434,0.25,0.484,0.666,0.666,0.95,0.716,0.584
712,,0.384,0.2,0.434,0.616,0.616,0.9,0.666,0.534
713,,0.334,0.15,0.384,0.566,0.566,0.85,0.616,0.484
714,,0.284,0.1,0.334,0.516,0.516,0.8,0.566,0.434
715,,0.234,0.05,0.284,0.466,0.466,0.75,0.516,0.384
716,,0.184,0.0,0.234,0.416,0.416,0.7,0.466,0.334
717,,0.134,-0.05,0.184,0.366,0.366,0.65,0.416,0.284
718,2,0.467,0.95,0.517,0.416,0.133,0.3,0.183,0.334
719,2,0.8,1.0,0.85,0.466,-0.1,-0.05,-0.05,0.384
720,5,0.45,0.767,0.9,0.799,0.9,0.283,0.0,0.151
721,5,0.1,0.534,0.95,1.0,1.0,0.616,0.05,-0.082
722,8,0.433,0.584,0.717,0.65,0.767,0.666,0.383,0.918
723,8,0.766,0.634,0.484,0.3,0.534,0.716,0.716,1.0
724,,0.716,0.584,0.434,0.25,0.484,0.666,0.666,0.95
725,,0.666,0.534,0.384,0.2,0.434,0.616,0.616,0.9
726,,0.616,0.484,0.334,0.15,0.384,0.566,0.566,0.85
727,,0.566,0.434,0.284,0.1,0.334,0.516,0.516,0.8
728,,0.516,0.384,0.234,0.05,0.284,0.466,0.466,0.75
729,,0.466,0.334,0.184,0.0,0.234,0.416,0.416,0.7
730,,0.416,0.284,0.134,-0.05,0.184,0.366,0.366,0.65
731,4,0.183,0.334,0.467,0.95,0.517,0.416,0.133,0.3
732,4,-0.05,0.384,0.8,1.0,0.85,0.466,-0.1,-0.05
733,7,0.0,0.151,0.45,0.767,0.9,0.799,0.9,0.283
734,7,0.05,-0.082,0.1,0.534,0.95,1.0,1.0,0.616
735,2,0.383,0.918,0.433,0.584,0.717,0.65,0.767,0.666
736,2,0.716,1.0,0.766,0.634,0.484,0.3,0.534,0.716
737,,0.666,0.95,0.716,0.584,0.434,0.25,0.484,0.666
738,,0.616,0.9,0.666,0.534,0.384,0.2,0.434,0.616
739,,0.566,0.85,0.616,0.484,0.334,0.15,0.384,0.566
740,,0.516,0.8,0.566,0.434,0.284,0.1,0.334,0.516
741,,0.466,0.75,0.516,0.384,0.234,0.05,0.284,0.466
742,,0.416,0.7,0.466,0.334,0.184,0.0,0.234,0.416
743,,0.366,0.65,0.416,0.284,0.134,-0.05,0.184,0.366
744,6,0.133,0.3,0.183,0.334,0.467,0.95,0.517,0.416
745,6,-0.1,-0.05,-0.05,0.384,0.8,1.0,0.85,0.466
746,1,0.9,0.283,0.0,0.151,0.45,0.767,0.9,0.799
747,1,1.0,0.616,0.05,-0.082,0.1,0.534,0.95,1.0
748,4,0.767,0.666,0.383,0.918,0.433,0.584,0.717,0.65
749,4,0.534,0.716,0.716,1.0,0.766,0.634,0.484,0.3
750,,0.484,0.666,0.666,0.95,0.716,0.584,0.434,0.25
751,,0.434,0.616,0.616,0.9,0.666,0.534,0.384,0.2
752,,0.384,0.566,0.566,0.85,0.616,0.484,0.334,0.15
753,,0.334,0.516,0.516,0.8,0.566,0.434,0.284,0.1
754,,0.284,0.466,0.466,0.75,0.516,0.384,0.234,0.05
755,,0.234,0.416,0.416,0.7,0.466,0.334,0.184,0.0
756,,0.184,0.366,0.366,0.65,0.416,0.284,0.134,-0.05
757,8,0.517,0.416,0.133,0.3,0.183,0.334,0.467,0.95
758,8,0.85,0.466,-0.1,-0.05,-0.05,0.384,0.8,1.0
759,3,0.9,0.799,0.9,0.283,0.0,0.151,0.45,0.767
760,3,0.95,1.0,1.0,0.616,0.05,-0.082,0.1,0.534
761,6,0.717,0.65,0.767,0.666,0.383,0.918,0.433,0.584
762,6,0.484,0.3,0.534,0.716,0.716,1.0,0.766,0.634
763,,0.434,0.25,0.484,0.666,0.666,0.95,0.716,0.584
764,,0.384,0.2,0.434,0.616,0.616,0.9,0.666,0.534
765,,0.334,0.15,0.384,0.566,0.566,0.85,0.616,0.484
766,,0.284,0.1,0.334,0.516,0.516,0.8,0.566,0.434
767,,0.234,0.05,0.284,0.466,0.466,0.75,0.516,0.384
768,,0.184,0.0,0.234,0.416,0.416,0.7,0.466,0.334
769,,0.134,-0.05,0.184,0.366,0.366,0.65,0.416,0.284
770,2,0.467,0.95,0.517,0.416,0.133,0.3,0.183,0.334
771,2,0.8,1.0,0.85,0.466,-0.1,-0.05,-0.05,0.384
772,5,0.45,0.767,0.9,0.799,0.9,0.283,0.0,0.151
773,5,0.1,0.534,0.95,1.0,1.0,0.616,0.05,-0.082
774,8,0.433,0.584,0.717,0.65,0.767,0.666,0.383,0.918
775,8,0.766,0.634,0.484,0.3,0.534,0.716,0.716,1.0
776,,0.716,0.584,0.434,0.25,0.484,0.666,0.666,0.95
777,,0.666,0.534,0.384,0.2,0.434,0.616,0.616,0.9
778,,0.616,0.484,0.334,0.15,0.384,0.566,0.566,0.85
779,,0.566,0.434,0.284,0.1,0.334,0.516,0.516,0.8
780,,0.516,0.384,0.234,0.05,0.284,0.466,0.466,0.75
781,,0.466,0.334,0.184,0.0,0.234,0.416,0.416,0.7
782,,0.416,0.284,0.134,-0.05,0.184,0.366,0.366,0.65
783,4,0.183,0.334,0.467,0.95,0.517,0.416,0.133,0.3
784,4,-0.05,0.384,0.8,1.0,0.85,0.466,-0.1,-0.05
785,7,0.0,0.151,0.45,0.767,0.9,0.799,0.9,0.283
786,7,0.05,-0.082,0.1,0.534,0.95,1.0,1.0,0.616
787,2,0.383,0.918,0.433,0.584,0.717,0.65,0.767,0.666
788,2,0.716,1.0,0.766,0.634,0.484,0.3,0.534,0.716
789,,0.666,0.95,0.716,0.584,0.434,0.25,0.484,0.666
790,,0.616,0.9,0.666,0.534,0.384,0.2,0.434,0.616
791,,0.566,0.85,0.616,0.484,0.334,0.15,0.384,0.566
792,,0.516,0.8,0.566,0.434,0.284,0.1,0.334,0.516
793,,0.466,0.75,0.516,0.384,0.234,0.05,0.284,0.466
794,,0.416,0.7,0.466,0.334,0.184,0.0,0.234,0.416
795,,0.366,0.65,0.416,0.284,0.134,-0.05,0.184,0.366
796,6,0.133,0.3,0.183,0.334,0.467,0.95,0.517,0.416
797,6,-0.1,-0.05,-0.05,0.384,0.8,1.0,0.85,0.466
798,1,0.9,0.283,0.0,0.151,0.45,0.767,0.9,0.799
799,1,1.0,0.616,0.05,-0.082,0.1,0.534,0.95,1.0
