step,active_motive,motive_1,motive_2,motive_3,motive_4,motive_5,motive_6,motive_7,motive_8
0,,0.13978,0.44175,0.37386,0.47654,0.16538,0.27638,0.28615,0.49017
1,,0.08978,0.39175,0.32386,0.42654,0.11538,0.22638,0.23615,0.44017
2,,0.03978,0.34175,0.27386,0.37654,0.06538,0.17638,0.18615,0.39017
3,,-0.01022,0.29175,0.22386,0.32654,0.01538,0.12638,0.13615,0.34017
4,1,0.98978,0.62475,0.27386,0.09354,-0.33462,-0.10662,0.18615,0.67317
5,1,1.0,0.95775,0.32386,-0.13946,-0.68462,-0.33962,0.23615,1.0
6,5,0.65,0.72475,0.37386,0.19354,0.31538,-0.00662,0.28615,0.767
7,5,0.3,0.49175,0.42386,0.52654,1.0,0.32638,0.33615,0.534
8,,0.25,0.44175,0.37386,0.47654,0.95,0.27638,0.28615,0.484
9,,0.2,0.39175,0.32386,0.42654,0.9,0.22638,0.23615,0.434
10,,0.15,0.34175,0.27386,0.37654,0.85,0.17638,0.18615,0.384
11,,0.1,0.29175,0.22386,0.32654,0.8,0.12638,0.13615,0.334
12,,0.05,0.24175,0.17386,0.27654,0.75,0.07638,0.08615,0.284
13,,0.0,0.19175,0.12386,0.22654,0.7,0.02638,0.03615,0.234
14,,-0.05,0.14175,0.07386,0.17654,0.65,-0.02362,-0.01385,0.184
15,1,0.95,0.47475,0.12386,-0.05646,0.3,-0.25662,0.03615,0.517
16,1,1.0,0.80775,0.17386,-0.28946,-0.05,-0.48962,0.08615,0.85
17,6,0.767,0.45775,-0.05914,-0.23946,0.283,0.51038,0.41915,0.9
18,6,0.534,0.10775,-0.29214,-0.18946,0.616,1.0,0.75215,0.95
19,3,0.584,0.44075,0.70786,0.14354,0.666,0.767,0.40215,0.717
20,3,0.634,0.77375,1.0,0.47654,0.716,0.534,0.05215,0.484
21,,0.584,0.72375,0.95,0.42654,0.666,0.484,0.00215,0.434
22,,0.534,0.67375,0.9,0.37654,0.616,0.434,-0.04785,0.384
23,7,0.584,0.44075,0.55,0.14354,0.666,0.767,0.95215,0.717
24,7,0.634,0.20775,0.2,-0.08946,0.716,1.0,1.0,1.0
25,4,0.401,0.25775,0.533,0.91054,1.0,1.0,0.767,0.65
26,4,0.168,0.30775,0.866,1.0,1.0,1.0,0.534,0.3
27,,0.118,0.25775,0.816,0.95,0.95,0.95,0.484,0.25
28,,0.068,0.20775,0.766,0.9,0.9,0.9,0.434,0.2
29,,0.018,0.15775,0.716,0.85,0.85,0.85,0.384,0.15
30,,-0.032,0.10775,0.666,0.8,0.8,0.8,0.334,0.1
31,1,0.968,0.44075,0.716,0.567,0.45,0.567,0.384,0.433
32,1,1.0,0.77375,0.766,0.334,0.1,0.334,0.434,0.766
33,,0.95,0.72375,0.716,0.284,0.05,0.284,0.384,0.716
34,,0.9,0.67375,0.666,0.234,0.0,0.234,0.334,0.666
35,,0.85,0.62375,0.616,0.184,-0.05,0.184,0.284,0.616
36,5,0.5,0.39075,0.666,0.517,0.95,0.517,0.334,0.383
37,5,0.15,0.15775,0.716,0.85,1.0,0.85,0.384,0.15
38,,0.1,0.10775,0.666,0.8,0.95,0.8,0.334,0.1
39,,0.05,0.05775,0.616,0.75,0.9,0.75,0.284,0.05
40,,0.0,0.00775,0.566,0.7,0.85,0.7,0.234,0.0
41,,-0.05,-0.04225,0.516,0.65,0.8,0.65,0.184,-0.05
42,8,0.283,0.00775,0.283,0.3,0.567,0.7,0.517,0.95
43,8,0.616,0.05775,0.05,-0.05,0.334,0.75,0.85,1.0
44,4,0.383,0.10775,0.383,0.95,0.667,0.8,0.617,0.65
45,4,0.15,0.15775,0.716,1.0,1.0,0.85,0.384,0.3
46,,0.1,0.10775,0.666,0.95,0.95,0.8,0.334,0.25
47,,0.05,0.05775,0.616,0.9,0.9,0.75,0.284,0.2
48,,0.0,0.00775,0.566,0.85,0.85,0.7,0.234,0.15
49,,-0.05,-0.04225,0.516,0.8,0.8,0.65,0.184,0.1
50,1,0.95,0.29075,0.566,0.567,0.45,0.417,0.234,0.433
51,1,1.0,0.62375,0.616,0.334,0.1,0.184,0.284,0.766
52,,0.95,0.57375,0.566,0.284,0.05,0.134,0.234,0.716
53,,0.9,0.52375,0.516,0.234,0.0,0.084,0.184,0.666
54,,0.85,0.47375,0.466,0.184,-0.05,0.034,0.134,0.616
55,5,0.5,0.24075,0.516,0.517,0.95,0.367,0.184,0.383
56,5,0.15,0.00775,0.566,0.85,1.0,0.7,0.234,0.15
57,,0.1,-0.04225,0.516,0.8,0.95,0.65,0.184,0.1
58,2,0.433,0.95775,0.849,0.85,0.717,0.3,-0.049,0.15
59,2,0.766,1.0,1.0,0.9,0.484,-0.05,-0.282,0.2
60,7,0.816,0.767,0.65,0.667,0.534,0.283,0.718,0.533
61,7,0.866,0.534,0.3,0.434,0.584,0.616,1.0,0.866
62,,0.816,0.484,0.25,0.384,0.534,0.566,0.95,0.816
63,,0.766,0.434,0.2,0.334,0.484,0.516,0.9,0.766
64,,0.716,0.384,0.15,0.284,0.434,0.466,0.85,0.716
65,,0.666,0.334,0.1,0.234,0.384,0.416,0.8,0.666
66,,0.616,0.284,0.05,0.184,0.334,0.366,0.75,0.616
67,,0.566,0.234,0.0,0.134,0.284,0.316,0.7,0.566
68,,0.516,0.184,-0.05,0.084,0.234,0.266,0.65,0.516
69,3,0.566,0.517,0.95,0.417,0.284,0.033,0.3,0.283
70,3,0.616,0.85,1.0,0.75,0.334,-0.2,-0.05,0.05
71,6,0.383,0.5,0.767,0.8,0.667,0.8,0.283,0.1
72,6,0.15,0.15,0.534,0.85,1.0,1.0,0.616,0.15
73,,0.1,0.1,0.484,0.8,0.95,0.95,0.566,0.1
74,,0.05,0.05,0.434,0.75,0.9,0.9,0.516,0.05
75,,0.0,0.0,0.384,0.7,0.85,0.85,0.466,0.0
76,,-0.05,-0.05,0.334,0.65,0.8,0.8,0.416,-0.05
77,8,0.283,0.0,0.101,0.3,0.567,0.85,0.749,0.95
78,8,0.616,0.05,-0.132,-0.05,0.334,0.9,1.0,1.0
79,3,0.666,0.383,0.868,0.283,0.384,0.667,0.65,0.767
80,3,0.716,0.716,1.0,0.616,0.434,0.434,0.3,0.534
81,,0.666,0.666,0.95,0.566,0.384,0.384,0.25,0.484
82,,0.616,0.616,0.9,0.516,0.334,0.334,0.2,0.434
83,,0.566,0.566,0.85,0.466,0.284,0.284,0.15,0.384
84,,0.516,0.516,0.8,0.416,0.234,0.234,0.1,0.334
85,,0.466,0.466,0.75,0.366,0.184,0.184,0.05,0.284
86,,0.416,0.416,0.7,0.316,0.134,0.134,0.0,0.234
87,,0.366,0.366,0.65,0.266,0.084,0.084,-0.05,0.184
88,7,0.416,0.133,0.3,0.033,0.134,0.417,0.95,0.517
89,7,0.466,-0.1,-0.05,-0.2,0.184,0.75,1.0,0.85
90,4,0.233,-0.05,0.283,0.8,0.517,0.8,0.767,0.5
91,4,0.0,0.0,0.616,1.0,0.85,0.85,0.534,0.15
92,,-0.05,-0.05,0.566,0.95,0.8,0.8,0.484,0.1
93,1,0.95,0.283,0.616,0.717,0.45,0.567,0.534,0.433
94,1,1.0,0.616,0.666,0.484,0.1,0.334,0.584,0.766
95,,0.95,0.566,0.616,0.434,0.05,0.284,0.534,0.716
96,,0.9,0.516,0.566,0.384,0.0,0.234,0.484,0.666
97,,0.85,0.466,0.516,0.334,-0.05,0.184,0.434,0.616
98,5,0.5,0.233,0.566,0.667,0.95,0.517,0.484,0.383
99,5,0.15,0.0,0.616,1.0,1.0,0.85,0.534,0.15
100,,0.1,-0.05,0.566,0.95,0.95,0.8,0.484,0.1
101,2,0.433,0.95,0.899,1.0,0.717,0.45,0.251,0.15
102,2,0.766,1.0,1.0,1.0,0.484,0.1,0.018,0.2
103,,0.716,0.95,0.95,0.95,0.434,0.05,-0.032,0.15
104,7,0.766,0.717,0.6,0.717,0.484,0.383,0.968,0.483
105,7,0.816,0.484,0.25,0.484,0.534,0.716,1.0,0.816
106,,0.766,0.434,0.2,0.434,0.484,0.666,0.95,0.766
107,,0.716,0.384,0.15,0.384,0.434,0.616,0.9,0.716
108,,0.666,0.334,0.1,0.334,0.384,0.566,0.85,0.666
109,,0.616,0.284,0.05,0.284,0.334,0.516,0.8,0.616
110,,0.566,0.234,0.0,0.234,0.284,0.466,0.75,0.566
111,,0.516,0.184,-0.05,0.184,0.234,0.416,0.7,0.516
112,3,0.566,0.517,0.95,0.517,0.284,0.183,0.35,0.283
113,3,0.616,0.85,1.0,0.85,0.334,-0.05,-0.0,0.05
114,6,0.383,0.5,0.767,0.9,0.667,0.95,0.333,0.1
115,6,0.15,0.15,0.534,0.95,1.0,1.0,0.666,0.15
116,,0.1,0.1,0.484,0.9,0.95,0.95,0.616,0.1
117,,0.05,0.05,0.434,0.85,0.9,0.9,0.566,0.05
118,,0.0,0.0,0.384,0.8,0.85,0.85,0.516,0.0
119,,-0.05,-0.05,0.334,0.75,0.8,0.8,0.466,-0.05
120,1,0.95,0.283,0.384,0.517,0.45,0.567,0.516,0.283
121,1,1.0,0.616,0.434,0.284,0.1,0.334,0.566,0.616
122,,0.95,0.566,0.384,0.234,0.05,0.284,0.516,0.566
123,,0.9,0.516,0.334,0.184,0.0,0.234,0.466,0.516
124,,0.85,0.466,0.284,0.134,-0.05,0.184,0.416,0.466
125,5,0.5,0.233,0.334,0.467,0.95,0.517,0.466,0.233
126,5,0.15,0.0,0.384,0.8,1.0,0.85,0.516,0.0
127,,0.1,-0.05,0.334,0.75,0.95,0.8,0.466,-0.05
128,8,0.433,0.0,0.101,0.4,0.717,0.85,0.799,0.95
129,8,0.766,0.05,-0.132,0.05,0.484,0.9,1.0,1.0
130,3,0.816,0.383,0.868,0.383,0.534,0.667,0.65,0.767
131,3,0.866,0.716,1.0,0.716,0.584,0.434,0.3,0.534
132,,0.816,0.666,0.95,0.666,0.534,0.384,0.25,0.484
133,,0.766,0.616,0.9,0.616,0.484,0.334,0.2,0.434
134,,0.716,0.566,0.85,0.566,0.434,0.284,0.15,0.384
135,,0.666,0.516,0.8,0.516,0.384,0.234,0.1,0.334
136,,0.616,0.466,0.75,0.466,0.334,0.184,0.05,0.284
137,,0.566,0.416,0.7,0.416,0.284,0.134,0.0,0.234
138,,0.516,0.366,0.65,0.366,0.234,0.084,-0.05,0.184
139,7,0.566,0.133,0.3,0.133,0.284,0.417,0.95,0.517
140,7,0.616,-0.1,-0.05,-0.1,0.334,0.75,1.0,0.85
141,2,0.949,0.9,0.283,-0.05,0.101,0.4,0.767,0.9
142,2,1.0,1.0,0.616,0.0,-0.132,0.05,0.534,0.95
143,5,0.65,0.767,0.666,0.333,0.868,0.383,0.584,0.717
144,5,0.3,0.534,0.716,0.666,1.0,0.716,0.634,0.484
145,,0.25,0.484,0.666,0.616,0.95,0.666,0.584,0.434
146,,0.2,0.434,0.616,0.566,0.9,0.616,0.534,0.384
147,,0.15,0.384,0.566,0.516,0.85,0.566,0.484,0.334
148,,0.1,0.334,0.516,0.466,0.8,0.516,0.434,0.284
149,,0.05,0.284,0.466,0.416,0.75,0.466,0.384,0.234
150,,0.0,0.234,0.416,0.366,0.7,0.416,0.334,0.184
151,,-0.05,0.184,0.366,0.316,0.65,0.366,0.284,0.134
152,1,0.95,0.517,0.416,0.083,0.3,0.133,0.334,0.467
153,1,1.0,0.85,0.466,-0.15,-0.05,-0.1,0.384,0.8
154,4,0.767,0.9,0.799,0.85,0.283,-0.05,0.151,0.45
155,4,0.534,0.95,1.0,1.0,0.616,0.0,-0.082,0.1
156,7,0.584,0.717,0.65,0.767,0.666,0.333,0.918,0.433
157,7,0.634,0.484,0.3,0.534,0.716,0.666,1.0,0.766
158,,0.584,0.434,0.25,0.484,0.666,0.616,0.95,0.716
159,,0.534,0.384,0.2,0.434,0.616,0.566,0.9,0.666
160,,0.484,0.334,0.15,0.384,0.566,0.516,0.85,0.616
161,,0.434,0.284,0.1,0.334,0.516,0.466,0.8,0.566
162,,0.384,0.234,0.05,0.284,0.466,0.416,0.75,0.516
163,,0.334,0.184,0.0,0.234,0.416,0.366,0.7,0.466
164,,0.284,0.134,-0.05,0.184,0.366,0.316,0.65,0.416
165,3,0.334,0.467,0.95,0.517,0.416,0.083,0.3,0.183
166,3,0.384,0.8,1.0,0.85,0.466,-0.15,-0.05,-0.05
167,6,0.151,0.45,0.767,0.9,0.799,0.85,0.283,0.0
168,6,-0.082,0.1,0.534,0.95,1.0,1.0,0.616,0.05
169,1,0.918,0.433,0.584,0.717,0.65,0.767,0.666,0.383
170,1,1.0,0.766,0.634,0.484,0.3,0.534,0.716,0.716
171,,0.95,0.716,0.584,0.434,0.25,0.484,0.666,0.666
172,,0.9,0.666,0.534,0.384,0.2,0.434,0.616,0.616
173,,0.85,0.616,0.484,0.334,0.15,0.384,0.566,0.566
174,,0.8,0.566,0.434,0.284,0.1,0.334,0.516,0.516
175,,0.75,0.516,0.384,0.234,0.05,0.284,0.466,0.466
176,,0.7,0.466,0.334,0.184,0.0,0.234,0.416,0.416
177,,0.65,0.416,0.284,0.134,-0.05,0.184,0.366,0.366
178,5,0.3,0.183,0.334,0.467,0.95,0.517,0.416,0.133
179,5,-0.05,-0.05,0.384,0.8,1.0,0.85,0.466,-0.1
180,8,0.283,0.0,0.151,0.45,0.767,0.9,0.799,0.9
181,8,0.616,0.05,-0.082,0.1,0.534,0.95,1.0,1.0
182,3,0.666,0.383,0.918,0.433,0.584,0.717,0.65,0.767
183,3,0.716,0.716,1.0,0.766,0.634,0.484,0.3,0.534
184,,0.666,0.666,0.95,0.716,0.584,0.434,0.25,0.484
185,,0.616,0.616,0.9,0.666,0.534,0.384,0.2,0.434
186,,0.566,0.566,0.85,0.616,0.484,0.334,0.15,0.384
187,,0.516,0.516,0.8,0.566,0.434,0.284,0.1,0.334
188,,0.466,0.466,0.75,0.516,0.384,0.234,0.05,0.284
189,,0.416,0.416,0.7,0.466,0.334,0.184,0.0,0.234
190,,0.366,0.366,0.65,0.416,0.284,0.134,-0.05,0.184
191,7,0.416,0.133,0.3,0.183,0.334,0.467,0.95,0.517
192,7,0.466,-0.1,-0.05,-0.05,0.384,0.8,1.0,0.85
193,2,0.799,0.9,0.283,0.0,0.151,0.45,0.767,0.9
194,2,1.0,1.0,0.616,0.05,-0.082,0.1,0.534,0.95
195,5,0.65,0.767,0.666,0.383,0.918,0.433,0.584,0.717
196,5,0.3,0.534,0.716,0.716,1.0,0.766,0.634,0.484
197,,0.25,0.484,0.666,0.666,0.95,0.716,0.584,0.434
198,,0.2,0.434,0.616,0.616,0.9,0.666,0.534,0.384
199,,0.15,0.384,0.566,0.566,0.85,0.616,0.484,0.334
200,,0.1,0.334,0.516,0.516,0.8,0.566,0.434,0.284
201,,0.05,0.284,0.466,0.466,0.75,0.516,0.384,0.234
202,,0.0,0.234,0.416,0.416,0.7,0.466,0.334,0.184
203,,-0.05,0.184,0.366,0.366,0.65,0.416,0.284,0.134
204,1,0.95,0.517,0.416,0.133,0.3,0.183,0.334,0.467
205,1,1.0,0.85,0.466,-0.1,-0.05,-0.05,0.384,0.8
206,4,0.767,0.9,0.799,0.9,0.283,0.0,0.151,0.45
207,4,0.534,0.95,1.0,1.0,0.616,0.05,-0.082,0.1
208,7,0.584,0.717,0.65,0.767,0.666,0.383,0.918,0.433
209,7,0.634,0.484,0.3,0.534,0.716,0.716,1.0,0.766
210,,0.584,0.434,0.25,0.484,0.666,0.666,0.95,0.716
211,,0.534,0.384,0.2,0.434,0.616,0.616,0.9,0.666
212,,0.484,0.334,0.15,0.384,0.566,0.566,0.85,0.616
213,,0.434,0.284,0.1,0.334,0.516,0.516,0.8,0.566
214,,0.384,0.234,0.05,0.284,0.466,0.466,0.75,0.516
215,,0.334,0.184,0.0,0.234,0.416,0.416,0.7,0.466
216,,0.284,0.134,-0.05,0.184,0.366,0.366,0.65,0.416
217,3,0.334,0.467,0.95,0.517,0.416,0.133,0.3,0.183
218,3,0.384,0.8,1.0,0.85,0.466,-0.1,-0.05,-0.05
219,6,0.151,0.45,0.767,0.9,0.799,0.9,0.283,0.0
220,6,-0.082,0.1,0.534,0.95,1.0,1.0,0.616,0.05
221,1,0.918,0.433,0.584,0.717,0.65,0.767,0.666,0.383
222,1,1.0,0.766,0.634,0.484,0.3,0.534,0.716,0.716
223,,0.95,0.716,0.584,0.434,0.25,0.484,0.666,0.666
224,,0.9,0.666,0.534,0.384,0.2,0.434,0.616,0.616
225,,0.85,0.616,0.484,0.334,0.15,0.384,0.566,0.566
226,,0.8,0.566,0.434,0.284,0.1,0.334,0.516,0.516
227,,0.75,0.516,0.384,0.234,0.05,0.284,0.466,0.466
228,,0.7,0.466,0.334,0.184,0.0,0.234,0.416,0.416
229,,0.65,0.416,0.284,0.134,-0.05,0.184,0.366,0.366
230,5,0.3,0.183,0.334,0.467,0.95,0.517,0.416,0.133
231,5,-0.05,-0.05,0.384,0.8,1.0,0.85,0.466,-0.1
232,8,0.283,0.0,0.151,0.45,0.767,0.9,0.799,0.9
233,8,0.616,0.05,-0.082,0.1,0.534,0.95,1.0,1.0
234,3,0.666,0.383,0.918,0.433,0.584,0.717,0.65,0.767
235,3,0.716,0.716,1.0,0.766,0.634,0.484,0.3,0.534
236,,0.666,0.666,0.95,0.716,0.584,0.434,0.25,0.484
237,,0.616,0.616,0.9,0.666,0.534,0.384,0.2,0.434
238,,0.566,0.566,0.85,0.616,0.484,0.334,0.15,0.384
239,,0.516,0.516,0.8,0.566,0.434,0.284,0.1,0.334
240,,0.466,0.466,0.75,0.516,0.384,0.234,0.05,0.284
241,,0.416,0.416,0.7,0.466,0.334,0.184,0.0,0.234
242,,0.366,0.366,0.65,0.416,0.284,0.134,-0.05,0.184
243,7,0.416,0.133,0.3,0.183,0.334,0.467,0.95,0.517
244,7,0.466,-0.1,-0.05,-0.05,0.384,0.8,1.0,0.85
245,2,0.799,0.9,0.283,0.0,0.151,0.45,0.767,0.9
246,2,1.0,1.0,0.616,0.05,-0.082,0.1,0.534,0.95
247,5,0.65,0.767,0.666,0.383,0.918,0.433,0.584,0.717
248,5,0.3,0.534,0.716,0.716,1.0,0.766,0.634,0.484
249,,0.25,0.484,0.666,0.666,0.95,0.716,0.584,0.434
250,,0.2,0.434,0.616,0.616,0.9,0.666,0.534,0.384
251,,0.15,0.384,0.566,0.566,0.85,0.616,0.484,0.334
252,,0.1,0.334,0.516,0.516,0.8,0.566,0.434,0.284
253,,0.05,0.284,0.466,0.466,0.75,0.516,0.384,0.234
254,,0.0,0.234,0.416,0.416,0.7,0.466,0.334,0.184
255,,-0.05,0.184,0.366,0.366,0.65,0.416,0.284,0.134
256,1,0.95,0.517,0.416,0.133,0.3,0.183,0.334,0.467
257,1,1.0,0.85,0.466,-0.1,-0.05,-0.05,0.384,0.8
258,4,0.767,0.9,0.799,0.9,0.283,0.0,0.151,0.45
259,4,0.534,0.95,1.0,1.0,0.616,0.05,-0.082,0.1
260,7,0.584,0.717,0.65,0.767,0.666,0.383,0.918,0.433
261,7,0.634,0.484,0.3,0.534,0.716,0.716,1.0,0.766
262,,0.584,0.434,0.25,0.484,0.666,0.666,0.95,0.716
263,,0.534,0.384,0.2,0.434,0.616,0.616,0.9,0.666
264,,0.484,0.334,0.15,0.384,0.566,0.566,0.85,0.616
265,,0.434,0.284,0.1,0.334,0.516,0.516,0.8,0.566
266,,0.384,0.234,0.05,0.284,0.466,0.466,0.75,0.516
267,,0.334,0.184,0.0,0.234,0.416,0.416,0.7,0.466
268,,0.284,0.134,-0.05,0.184,0.366,0.366,0.65,0.416
269,3,0.334,0.467,0.95,0.517,0.416,0.133,0.3,0.183
270,3,0.384,0.8,1.0,0.85,0.466,-0.1,-0.05,-0.05
271,6,0.151,0.45,0.767,0.9,0.799,0.9,0.283,0.0
272,6,-0.082,0.1,0.534,0.95,1.0,1.0,0.616,0.05
273,1,0.918,0.433,0.584,0.717,0.65,0.767,0.666,0.383
274,1,1.0,0.766,0.634,0.484,0.3,0.534,0.716,0.716
275,,0.95,0.716,0.584,0.434,0.25,0.484,0.666,0.666
276,,0.9,0.666,0.534,0.384,0.2,0.434,0.616,0.616
277,,0.85,0.616,0.484,0.334,0.15,0.384,0.566,0.566
278,,0.8,0.566,0.434,0.284,0.1,0.334,0.516,0.516
279,,0.75,0.516,0.384,0.234,0.05,0.284,0.466,0.466
280,,0.7,0.466,0.334,0.184,0.0,0.234,0.416,0.416
281,,0.65,0.416,0.284,0.134,-0.05,0.184,0.366,0.366
282,5,0.3,0.183,0.334,0.467,0.95,0.517,0.416,0.133
283,5,-0.05,-0.05,0.384,0.8,1.0,0.85,0.466,-0.1
284,8,0.283,0.0,0.151,0.45,0.767,0.9,0.799,0.9
285,8,0.616,0.05,-0.082,0.1,0.534,0.95,1.0,1.0
286,3,0.666,0.383,0.918,0.433,0.584,0.717,0.65,0.767
287,3,0.716,0.716,1.0,0.766,0.634,0.484,0.3,0.534
288,,0.666,0.666,0.95,0.716,0.584,0.434,0.25,0.484
289,,0.616,0.616,0.9,0.666,0.534,0.384,0.2,0.434
290,,0.566,0.566,0.85,0.616,0.484,0.334,0.15,0.384
291,,0.516,0.516,0.8,0.566,0.434,0.284,0.1,0.334
292,,0.466,0.466,0.75,0.516,0.384,0.234,0.05,0.284
293,,0.416,0.416,0.7,0.466,0.334,0.184,0.0,0.234
294,,0.366,0.366,0.65,0.416,0.284,0.134,-0.05,0.184
295,7,0.416,0.133,0.3,0.183,0.334,0.467,0.95,0.517
296,7,0.466,-0.1,-0.05,-0.05,0.384,0.8,1.0,0.85
297,2,0.799,0.9,0.283,0.0,0.151,0.45,0.767,0.9
298,2,1.0,1.0,0.616,0.05,-0.082,0.1,0.534,0.95
299,5,0.65,0.767,0.666,0.383,0.918,0.433,0.584,0.717
300,5,0.3,0.534,0.716,0.716,1.0,0.766,0.634,0.484
301,,0.25,0.484,0.666,0.666,0.95,0.716,0.584,0.434
302,,0.2,0.434,0.616,0.616,0.9,0.666,0.534,0.384
303,,0.15,0.384,0.566,0.566,0.85,0.616,0.484,0.334
304,,0.1,0.334,0.516,0.516,0.8,0.566,0.434,0.284
305,,0.05,0.284,0.466,0.466,0.75,0.516,0.384,0.234
306,,0.0,0.234,0.416,0.416,0.7,0.466,0.334,0.184
307,,-0.05,0.184,0.366,0.366,0.65,0.416,0.284,0.134
308,1,0.95,0.517,0.416,0.133,0.3,0.183,0.334,0.467
309,1,1.0,0.85,0.466,-0.1,-0.05,-0.05,0.384,0.8
310,4,0.767,0.9,0.799,0.9,0.283,0.0,0.151,0.45
311,4,0.534,0.95,1.0,1.0,0.616,0.05,-0.082,0.1
312,7,0.584,0.717,0.65,0.767,0.666,0.383,0.918,0.433
313,7,0.634,0.484,0.3,0.534,0.716,0.716,1.0,0.766
314,,0.584,0.434,0.25,0.484,0.666,0.666,0.95,0.716
315,,0.534,0.384,0.2,0.434,0.616,0.616,0.9,0.666
316,,0.484,0.334,0.15,0.384,0.566,0.566,0.85,0.616
317,,0.434,0.284,0.1,0.334,0.516,0.516,0.8,0.566
318,,0.384,0.234,0.05,0.284,0.466,0.466,0.75,0.516
319,,0.334,0.184,0.0,0.234,0.416,0.416,0.7,0.466
320,,0.284,0.134,-0.05,0.184,0.366,0.366,0.65,0.416
321,3,0.334,0.467,0.95,0.517,0.416,0.133,0.3,0.183
322,3,0.384,0.8,1.0,0.85,0.466,-0.1,-0.05,-0.05
323,6,0.151,0.45,0.767,0.9,0.799,0.9,0.283,0.0
324,6,-0.082,0.1,0.534,0.95,1.0,1.0,0.616,0.05
325,1,0.918,0.433,0.584,0.717,0.65,0.767,0.666,0.383
326,1,1.0,0.766,0.634,0.484,0.3,0.534,0.716,0.716
327,,0.95,0.716,0.584,0.434,0.25,0.484,0.666,0.666
328,,0.9,0.666,0.534,0.384,0.2,0.434,0.616,0.616
329,,0.85,0.616,0.484,0.334,0.15,0.384,0.566,0.566
330,,0.8,0.566,0.434,0.284,0.1,0.334,0.516,0.516
331,,0.75,0.516,0.384,0.234,0.05,0.284,0.466,0.466
332,,0.7,0.466,0.334,0.184,0.0,0.234,0.416,0.416
333,,0.65,0.416,0.284,0.134,-0.05,0.184,0.366,0.366
334,5,0.3,0.183,0.334,0.467,0.95,0.517,0.416,0.133
335,5,-0.05,-0.05,0.384,0.8,1.0,0.85,0.466,-0.1
336,8,0.283,0.0,0.151,0.45,0.767,0.9,0.799,0.9
337,8,0.616,0.05,-0.082,0.1,0.534,0.95,1.0,1.0
338,3,0.666,0.383,0.918,0.433,0.584,0.717,0.65,0.767
339,3,0.716,0.716,1.0,0.766,0.634,0.484,0.3,0.534
340,,0.666,0.666,0.95,0.716,0.584,0.434,0.25,0.484
341,,0.616,0.616,0.9,0.666,0.534,0.384,0.2,0.434
342,,0.566,0.566,0.85,0.616,0.484,0.334,0.15,0.384
343,,0.516,0.516,0.8,0.566,0.434,0.284,0.1,0.334
344,,0.466,0.466,0.75,0.516,0.384,0.234,0.05,0.284
345,,0.416,0.416,0.7,0.466,0.334,0.184,0.0,0.234
346,,0.366,0.366,0.65,0.416,0.284,0.134,-0.05,0.184
347,7,0.416,0.133,0.3,0.183,0.334,0.467,0.95,0.517
348,7,0.466,-0.1,-0.05,-0.05,0.384,0.8,1.0,0.85
349,2,0.799,0.9,0.283,0.0,0.151,0.45,0.767,0.9
350,2,1.0,1.0,0.616,0.05,-0.082,0.1,0.534,0.95
351,5,0.65,0.767,0.666,0.383,0.918,0.433,0.584,0.717
352,5,0.3,0.534,0.716,0.716,1.0,0.766,0.634,0.484
353,,0.25,0.484,0.666,0.666,0.95,0.716,0.584,0.434
354,,0.2,0.434,0.616,0.616,0.9,0.666,0.534,0.384
355,,0.15,0.384,0.566,0.566,0.85,0.616,0.484,0.334
356,,0.1,0.334,0.516,0.516,0.8,0.566,0.434,0.284
357,,0.05,0.284,0.466,0.466,0.75,0.516,0.384,0.234
358,,0.0,0.234,0.416,0.416,0.7,0.466,0.334,0.184
359,,-0.05,0.184,0.366,0.366,0.65,0.416,0.284,0.134
360,1,0.95,0.517,0.416,0.133,0.3,0.183,0.334,0.467
361,1,1.0,0.85,0.466,-0.1,-0.05,-0.05,0.384,0.8
362,4,0.767,0.9,0.799,0.9,0.283,0.0,0.151,0.45
363,4,0.534,0.95,1.0,1.0,0.616,0.05,-0.082,0.1
364,7,0.584,0.717,0.65,0.767,0.666,0.383,0.918,0.433
365,7,0.634,0.484,0.3,0.534,0.716,0.716,1.0,0.766
366,,0.584,0.434,0.25,0.484,0.666,0.666,0.95,0.716
367,,0.534,0.384,0.2,0.434,0.616,0.616,0.9,0.666
368,,0.484,0.334,0.15,0.384,0.566,0.566,0.85,0.616
369,,0.434,0.284,0.1,0.334,0.516,0.516,0.8,0.566
370,,0.384,0.234,0.05,0.284,0.466,0.466,0.75,0.516
371,,0.334,0.184,0.0,0.234,0.416,0.416,0.7,0.466
372,,0.284,0.134,-0.05,0.184,0.366,0.366,0.65,0.416
373,3,0.334,0.467,0.95,0.517,0.416,0.133,0.3,0.183
374,3,0.384,0.8,1.0,0.85,0.466,-0.1,-0.05,-0.05
375,6,0.151,0.45,0.767,0.9,0.799,0.9,0.283,0.0
376,6,-0.082,0.1,0.534,0.95,1.0,1.0,0.616,0.05
377,1,0.918,0.433,0.584,0.717,0.65,0.767,0.666,0.383
378,1,1.0,0.766,0.634,0.484,0.3,0.534,0.716,0.716
379,,0.95,0.716,0.584,0.434,0.25,0.484,0.666,0.666
380,,0.9,0.666,0.534,0.384,0.2,0.434,0.616,0.616
381,,0.85,0.616,0.484,0.334,0.15,0.384,0.566,0.566
382,,0.8,0.566,0.434,0.284,0.1,0.334,0.516,0.516
383,,0.75,0.516,0.384,0.234,0.05,0.284,0.466,0.466
384,,0.7,0.466,0.334,0.184,0.0,0.234,0.416,0.416
385,,0.65,0.416,0.284,0.134,-0.05,0.184,0.366,0.366
386,5,0.3,0.183,0.334,0.467,0.95,0.517,0.416,0.133
387,5,-0.05,-0.05,0.384,0.8,1.0,0.85,0.466,-0.1
388,8,0.283,0.0,0.151,0.45,0.767,0.9,0.799,0.9
389,8,0.616,0.05,-0.082,0.1,0.534,0.95,1.0,1.0
390,3,0.666,0.383,0.918,0.433,0.584,0.717,0.65,0.767
391,3,0.716,0.716,1.0,0.766,0.634,0.484,0.3,0.534
392,,0.666,0.666,0.95,0.716,0.584,0.434,0.25,0.484
393,,0.616,0.616,0.9,0.666,0.534,0.384,0.2,0.434
394,,0.566,0.566,0.85,0.616,0.484,0.334,0.15,0.384
395,,0.516,0.516,0.8,0.566,0.434,0.284,0.1,0.334
396,,0.466,0.466,0.75,0.516,0.384,0.234,0.05,0.284
397,,0.416,0.416,0.7,0.466,0.334,0.184,0.0,0.234
398,,0.366,0.366,0.65,0.416,0.284,0.134,-0.05,0.184
399,7,0.416,0.133,0.3,0.183,0.334,0.467,0.95,0.517
400,7,0.466,-0.1,-0.05,-0.05,0.384,0.8,1.0,0.85
401,2,0.799,0.9,0.283,0.0,0.151,0.45,0.767,0.9
402,2,1.0,1.0,0.616,0.05,-0.082,0.1,0.534,0.95
403,5,0.65,0.767,0.666,0.383,0.918,0.433,0.584,0.717
404,5,0.3,0.534,0.716,0.716,1.0,0.766,0.634,0.484
405,,0.25,0.484,0.666,0.666,0.95,0.716,0.584,0.434
406,,0.2,0.434,0.616,0.616,0.9,0.666,0.534,0.384
407,,0.15,0.384,0.566,0.566,0.85,0.616,0.484,0.334
408,,0.1,0.334,0.516,0.516,0.8,0.566,0.434,0.284
409,,0.05,0.284,0.466,0.466,0.75,0.516,0.384,0.234
410,,0.0,0.234,0.416,0.416,0.7,0.466,0.334,0.184
411,,-0.05,0.184,0.366,0.366,0.65,0.416,0.284,0.134
412,1,0.95,0.517,0.416,0.133,0.3,0.183,0.334,0.467
413,1,1.0,0.85,0.466,-0.1,-0.05,-0.05,0.384,0.8
414,4,0.767,0.9,0.799,0.9,0.283,0.0,0.151,0.45
415,4,0.534,0.95,1.0,1.0,0.616,0.05,-0.082,0.1
416,7,0.584,0.717,0.65,0.767,0.666,0.383,0.918,0.433
417,7,0.634,0.484,0.3,0.534,0.716,0.716,1.0,0.766
418,,0.584,0.434,0.25,0.484,0.666,0.666,0.95,0.716
419,,0.534,0.384,0.2,0.434,0.616,0.616,0.9,0.666
420,,0.484,0.334,0.15,0.384,0.566,0.566,0.85,0.616
421,,0.434,0.284,0.1,0.334,0.516,0.516,0.8,0.566
422,,0.384,0.234,0.05,0.284,0.466,0.466,0.75,0.516
423,,0.334,0.184,0.0,0.234,0.416,0.416,0.7,0.466
424,,0.284,0.134,-0.05,0.184,0.366,0.366,0.65,0.416
425,3,0.334,0.467,0.95,0.517,0.416,0.133,0.3,0.183
426,3,0.384,0.8,1.0,0.85,0.466,-0.1,-0.05,-0.05
427,6,0.151,0.45,0.767,0.9,0.799,0.9,0.283,0.0
428,6,-0.082,0.1,0.534,0.95,1.0,1.0,0.616,0.05
429,1,0.918,0.433,0.584,0.717,0.65,0.767,0.666,0.383
430,1,1.0,0.766,0.634,0.484,0.3,0.534,0.716,0.716
431,,0.95,0.716,0.584,0.434,0.25,0.484,0.666,0.666
432,,0.9,0.666,0.534,0.384,0.2,0.434,0.616,0.616
433,,0.85,0.616,0.484,0.334,0.15,0.384,0.566,0.566
434,,0.8,0.566,0.434,0.284,0.1,0.334,0.516,0.516
435,,0.75,0.516,0.384,0.234,0.05,0.284,0.466,0.466
436,,0.7,0.466,0.334,0.184,0.0,0.234,0.416,0.416
437,,0.65,0.416,0.284,0.134,-0.05,0.184,0.366,0.366
438,5,0.3,0.183,0.334,0.467,0.95,0.517,0.416,0.133
439,5,-0.05,-0.05,0.384,0.8,1.0,0.85,0.466,-0.1
440,8,0.283,0.0,0.151,0.45,0.767,0.9,0.799,0.9
441,8,0.616,0.05,-0.082,0.1,0.534,0.95,1.0,1.0
442,3,0.666,0.383,0.918,0.433,0.584,0.717,0.65,0.767
443,3,0.716,0.716,1.0,0.766,0.634,0.484,0.3,0.534
444,,0.666,0.666,0.95,0.716,0.584,0.434,0.25,0.484
445,,0.616,0.616,0.9,0.666,0.534,0.384,0.2,0.434
446,,0.566,0.566,0.85,0.616,0.484,0.334,0.15,0.384
447,,0.516,0.516,0.8,0.566,0.434,0.284,0.1,0.334
448,,0.466,0.466,0.75,0.516,0.384,0.234,0.05,0.284
449,,0.416,0.416,0.7,0.466,0.334,0.184,0.0,0.234
450,,0.366,0.366,0.65,0.416,0.284,0.134,-0.05,0.184
451,7,0.416,0.133,0.3,0.183,0.334,0.467,0.95,0.517
452,7,0.466,-0.1,-0.05,-0.05,0.384,0.8,1.0,0.85
453,2,0.799,0.9,0.283,0.0,0.151,0.45,0.767,0.9
454,2,1.0,1.0,0.616,0.05,-0.082,0.1,0.534,0.95
455,5,0.65,0.767,0.666,0.383,0.918,0.433,0.584,0.717
456,5,0.3,0.534,0.716,0.716,1.0,0.766,0.634,0.484
457,,0.25,0.484,0.666,0.666,0.95,0.716,0.584,0.434
458,,0.2,0.434,0.616,0.616,0.9,0.666,0.534,0.384
459,,0.15,0.384,0.566,0.566,0.85,0.616,0.484,0.334
460,,0.1,0.334,0.516,0.516,0.8,0.566,0.434,0.284
461,,0.05,0.284,0.466,0.466,0.75,0.516,0.384,0.234
462,,0.0,0.234,0.416,0.416,0.7,0.466,0.334,0.184
463,,-0.05,0.184,0.366,0.366,0.65,0.416,0.284,0.134
464,1,0.95,0.517,0.416,0.133,0.3,0.183,0.334,0.467
465,1,1.0,0.85,0.466,-0.1,-0.05,-0.05,0.384,0.8
466,4,0.767,0.9,0.799,0.9,0.283,0.0,0.151,0.45
467,4,0.534,0.95,1.0,1.0,0.616,0.05,-0.082,0.1
468,7,0.584,0.717,0.65,0.767,0.666,0.383,0.918,0.433
469,7,0.634,0.484,0.3,0.534,0.716,0.716,1.0,0.766
470,,0.584,0.434,0.25,0.484,0.666,0.666,0.95,0.716
471,,0.534,0.384,0.2,0.434,0.616,0.616,0.9,0.666
472,,0.484,0.334,0.15,0.384,0.566,0.566,0.85,0.616
473,,0.434,0.284,0.1,0.334,0.516,0.516,0.8,0.566
474,,0.384,0.234,0.05,0.284,0.466,0.466,0.75,0.516
475,,0.334,0.184,0.0,0.234,0.416,0.416,0.7,0.466
476,,0.284,0.134,-0.05,0.184,0.366,0.366,0.65,0.416
477,3,0.334,0.467,0.95,0.517,0.416,0.133,0.3,0.183
478,3,0.384,0.8,1.0,0.85,0.466,-0.1,-0.05,-0.05
479,6,0.151,0.45,0.767,0.9,0.799,0.9,0.283,0.0
480,6,-0.082,0.1,0.534,0.95,1.0,1.0,0.616,0.05
481,1,0.918,0.433,0.584,0.717,0.65,0.767,0.666,0.383
482,1,1.0,0.766,0.634,0.484,0.3,0.534,0.716,0.716
483,,0.95,0.716,0.584,0.434,0.25,0.484,0.666,0.666
484,,0.9,0.666,0.534,0.384,0.2,0.434,0.616,0.616
485,,0.85,0.616,0.484,0.334,0.15,0.384,0.566,0.566
486,,0.8,0.566,0.434,0.284,0.1,0.334,0.516,0.516
487,,0.75,0.516,0.384,0.234,0.05,0.284,0.466,0.466
488,,0.7,0.466,0.334,0.184,0.0,0.234,0.416,0.416
489,,0.65,0.416,0.284,0.134,-0.05,0.184,0.366,0.366
490,5,0.3,0.183,0.334,0.467,0.95,0.517,0.416,0.133
491,5,-0.05,-0.05,0.384,0.8,1.0,0.85,0.466,-0.1
492,8,0.283,0.0,0.151,0.45,0.767,0.9,0.799,0.9
493,8,0.616,0.05,-0.082,0.1,0.534,0.95,1.0,1.0
494,3,0.666,0.383,0.918,0.433,0.584,0.717,0.65,0.767
495,3,0.716,0.716,1.0,0.766,0.634,0.484,0.3,0.534
496,,0.666,0.666,0.95,0.716,0.584,0.434,0.25,0.484
497,,0.616,0.616,0.9,0.666,0.534,0.384,0.2,0.434
498,,0.566,0.566,0.85,0.616,0.484,0.334,0.15,0.384
499,,0.516,0.516,0.8,0.566,0.434,0.284,0.1,0.334
500,,0.466,0.466,0.75,0.516,0.384,0.234,0.05,0.284
501,,0.416,0.416,0.7,0.466,0.334,0.184,0.0,0.234
502,,0.366,0.366,0.65,0.416,0.284,0.134,-0.05,0.184
503,7,0.416,0.133,0.3,0.183,0.334,0.467,0.95,0.517
504,7,0.466,-0.1,-0.05,-0.05,0.384,0.8,1.0,0.85
505,2,0.799,0.9,0.283,0.0,0.151,0.45,0.767,0.9
506,2,1.0,1.0,0.616,0.05,-0.082,0.1,0.534,0.95
507,5,0.65,0.767,0.666,0.383,0.918,0.433,0.584,0.717
508,5,0.3,0.534,0.716,0.716,1.0,0.766,0.634,0.484
509,,0.25,0.484,0.666,0.666,0.95,0.716,0.584,0.434
510,,0.2,0.434,0.616,0.616,0.9,0.666,0.534,0.384
511,,0.15,0.384,0.566,0.566,0.85,0.616,0.484,0.334
512,,0.1,0.334,0.516,0.516,0.8,0.566,0.434,0.284
513,,0.05,0.284,0.466,0.466,0.75,0.516,0.384,0.234
514,,0.0,0.234,0.416,0.416,0.7,0.466,0.334,0.184
515,,-0.05,0.184,0.366,0.366,0.65,0.416,0.284,0.134
516,1,0.95,0.517,0.416,0.133,0.3,0.183,0.334,0.467
517,1,1.0,0.85,0.466,-0.1,-0.05,-0.05,0.384,0.8
518,4,0.767,0.9,0.799,0.9,0.283,0.0,0.151,0.45
519,4,0.534,0.95,1.0,1.0,0.616,0.05,-0.082,0.1
520,7,0.584,0.717,0.65,0.767,0.666,0.383,0.918,0.433
521,7,0.634,0.484,0.3,0.534,0.716,0.716,1.0,0.766
522,,0.584,0.434,0.25,0.484,0.666,0.666,0.95,0.716
523,,0.534,0.384,0.2,0.434,0.616,0.616,0.9,0.666
524,,0.484,0.334,0.15,0.384,0.566,0.566,0.85,0.616
525,,0.434,0.284,0.1,0.334,0.516,0.516,0.8,0.566
526,,0.384,0.234,0.05,0.284,0.466,0.466,0.75,0.516
527,,0.334,0.184,0.0,0.234,0.416,0.416,0.7,0.466
528,,0.284,0.134,-0.05,0.184,0.366,0.366,0.65,0.416
529,3,0.334,0.467,0.95,0.517,0.416,0.133,0.3,0.183
530,3,0.384,0.8,1.0,0.85,0.466,-0.1,-0.05,-0.05
531,6,0.151,0.45,0.767,0.9,0.799,0.9,0.283,0.0
532,6,-0.082,0.1,0.534,0.95,1.0,1.0,0.616,0.05
533,1,0.918,0.433,0.584,0.717,0.65,0.767,0.666,0.383
534,1,1.0,0.766,0.634,0.484,0.3,0.534,0.716,0.716
535,,0.95,0.716,0.584,0.434,0.25,0.484,0.666,0.666
536,,0.9,0.666,0.534,0.384,0.2,0.434,0.616,0.616
537,,0.85,0.616,0.484,0.334,0.15,0.384,0.566,0.566
538,,0.8,0.566,0.434,0.284,0.1,0.334,0.516,0.516
539,,0.75,0.516,0.384,0.234,0.05,0.284,0.466,0.466
540,,0.7,0.466,0.334,0.184,0.0,0.234,0.416,0.416
541,,0.65,0.416,0.284,0.134,-0.05,0.184,0.366,0.366
542,5,0.3,0.183,0.334,0.467,0.95,0.517,0.416,0.133
543,5,-0.05,-0.05,0.384,0.8,1.0,0.85,0.466,-0.1
544,8,0.283,0.0,0.151,0.45,0.767,0.9,0.799,0.9
545,8,0.616,0.05,-0.082,0.1,0.534,0.95,1.0,1.0
546,3,0.666,0.383,0.918,0.433,0.584,0.717,0.65,0.767
547,3,0.716,0.716,1.0,0.766,0.634,0.484,0.3,0.534
548,,0.666,0.666,0.95,0.716,0.584,0.434,0.25,0.484
549,,0.616,0.616,0.9,0.666,0.534,0.384,0.2,0.434
550,,0.566,0.566,0.85,0.616,0.484,0.334,0.15,0.384
551,,0.516,0.516,0.8,0.566,0.434,0.284,0.1,0.334
552,,0.466,0.466,0.75,0.516,0.384,0.234,0.05,0.284
553,,0.416,0.416,0.7,0.466,0.334,0.184,0.0,0.234
554,,0.366,0.366,0.65,0.416,0.284,0.134,-0.05,0.184
555,7,0.416,0.133,0.3,0.183,0.334,0.467,0.95,0.517
556,7,0.466,-0.1,-0.05,-0.05,0.384,0.8,1.0,0.85
557,2,0.799,0.9,0.283,0.0,0.151,0.45,0.767,0.9
558,2,1.0,1.0,0.616,0.05,-0.082,0.1,0.534,0.95
559,5,0.65,0.767,0.666,0.383,0.918,0.433,0.584,0.717
560,5,0.3,0.534,0.716,0.716,1.0,0.766,0.634,0.484
561,,0.25,0.484,0.666,0.666,0.95,0.716,0.584,0.434
562,,0.2,0.434,0.616,0.616,0.9,0.666,0.534,0.384
563,,0.15,0.384,0.566,0.566,0.85,0.616,0.484,0.334
564,,0.1,0.334,0.516,0.516,0.8,0.566,0.434,0.284
565,,0.05,0.284,0.466,0.466,0.75,0.516,0.384,0.234
566,,0.0,0.234,0.416,0.416,0.7,0.466,0.334,0.184
567,,-0.05,0.184,0.366,0.366,0.65,0.416,0.284,0.134
568,1,0.95,0.517,0.416,0.133,0.3,0.183,0.334,0.467
569,1,1.0,0.85,0.466,-0.1,-0.05,-0.05,0.384,0.8
570,4,0.767,0.9,0.799,0.9,0.283,0.0,0.151,0.45
571,4,0.534,0.95,1.0,1.0,0.616,0.05,-0.082,0.1
572,7,0.584,0.717,0.65,0.767,0.666,0.383,0.918,0.433
573,7,0.634,0.484,0.3,0.534,0.716,0.716,1.0,0.766
574,,0.584,0.434,0.25,0.484,0.666,0.666,0.95,0.716
575,,0.534,0.384,0.2,0.434,0.616,0.616,0.9,0.666
576,,0.484,0.334,0.15,0.384,0.566,0.566,0.85,0.616
577,,0.434,0.284,0.1,0.334,0.516,0.516,0.8,0.566
578,,0.384,0.234,0.05,0.284,0.466,0.466,0.75,0.516
579,,0.334,0.184,0.0,0.234,0.416,0.416,0.7,0.466
580,,0.284,0.134,-0.05,0.184,0.366,0.366,0.65,0.416
581,3,0.334,0.467,0.95,0.517,0.416,0.133,0.3,0.183
582,3,0.384,0.8,1.0,0.85,0.466,-0.1,-0.05,-0.05
583,6,0.151,0.45,0.767,0.9,0.799,0.9,0.283,0.0
584,6,-0.082,0.1,0.534,0.95,1.0,1.0,0.616,0.05
585,1,0.918,0.433,0.584,0.717,0.65,0.767,0.666,0.383
586,1,1.0,0.766,0.634,0.484,0.3,0.534,0.716,0.716
587,,0.95,0.716,0.584,0.434,0.25,0.484,0.666,0.666
588,,0.9,0.666,0.534,0.384,0.2,0.434,0.616,0.616
589,,0.85,0.616,0.484,0.334,0.15,0.384,0.566,0.566
590,,0.8,0.566,0.434,0.284,0.1,0.334,0.516,0.516
591,,0.75,0.516,0.384,0.234,0.05,0.284,0.466,0.466
592,,0.7,0.466,0.334,0.184,0.0,0.234,0.416,0.416
593,,0.65,0.416,0.284,0.134,-0.05,0.184,0.366,0.366
594,5,0.3,0.183,0.334,0.467,0.95,0.517,0.416,0.133
595,5,-0.05,-0.05,0.384,0.8,1.0,0.85,0.466,-0.1
596,8,0.283,0.0,0.151,0.45,0.767,0.9,0.799,0.9
597,8,0.616,0.05,-0.082,0.1,0.534,0.95,1.0,1.0
598,3,0.666,0.383,0.918,0.433,0.584,0.717,0.65,0.767
599,3,0.716,0.716,1.0,0.766,0.634,0.484,0.3,0.534
600,,0.666,0.666,0.95,0.716,0.584,0.434,0.25,0.484
601,,0.616,0.616,0.9,0.666,0.534,0.384,0.2,0.434
602,,0.566,0.566,0.85,0.616,0.484,0.334,0.15,0.384
603,,0.516,0.516,0.8,0.566,0.434,0.284,0.1,0.334
604,,0.466,0.466,0.75,0.516,0.384,0.234,0.05,0.284
605,,0.416,0.416,0.7,0.466,0.334,0.184,0.0,0.234
606,,0.366,0.366,0.65,0.416,0.284,0.134,-0.05,0.184
607,7,0.416,0.133,0.3,0.183,0.334,0.467,0.95,0.517
608,7,0.466,-0.1,-0.05,-0.05,0.384,0.8,1.0,0.85
609,2,0.799,0.9,0.283,0.0,0.151,0.45,0.767,0.9
610,2,1.0,1.0,0.616,0.05,-0.082,0.1,0.534,0.95
611,5,0.65,0.767,0.666,0.383,0.918,0.433,0.584,0.717
612,5,0.3,0.534,0.716,0.716,1.0,0.766,0.634,0.484
613,,0.25,0.484,0.666,0.666,0.95,0.716,0.584,0.434
614,,0.2,0.434,0.616,0.616,0.9,0.666,0.534,0.384
615,,0.15,0.384,0.566,0.566,0.85,0.616,0.484,0.334
616,,0.1,0.334,0.516,0.516,0.8,0.566,0.434,0.284
617,,0.05,0.284,0.466,0.466,0.75,0.516,0.384,0.234
618,,0.0,0.234,0.416,0.416,0.7,0.466,0.334,0.184
619,,-0.05,0.184,0.366,0.366,0.65,0.416,0.284,0.134
620,1,0.95,0.517,0.416,0.133,0.3,0.183,0.334,0.467
621,1,1.0,0.85,0.466,-0.1,-0.05,-0.05,0.384,0.8
622,4,0.767,0.9,0.799,0.9,0.283,0.0,0.151,0.45
623,4,0.534,0.95,1.0,1.0,0.616,0.05,-0.082,0.1
624,7,0.584,0.717,0.65,0.767,0.666,0.383,0.918,0.433
625,7,0.634,0.484,0.3,0.534,0.716,0.716,1.0,0.766
626,,0.584,0.434,0.25,0.484,0.666,0.666,0.95,0.716
627,,0.534,0.384,0.2,0.434,0.616,0.616,0.9,0.666
628,,0.484,0.334,0.15,0.384,0.566,0.566,0.85,0.616
629,,0.434,0.284,0.1,0.334,0.516,0.516,0.8,0.566
630,,0.384,0.234,0.05,0.284,0.466,0.466,0.75,0.516
631,,0.334,0.184,0.0,0.234,0.416,0.416,0.7,0.466
632,,0.284,0.134,-0.05,0.184,0.366,0.366,0.65,0.416
633,3,0.334,0.467,0.95,0.517,0.416,0.133,0.3,0.183
634,3,0.384,0.8,1.0,0.85,0.466,-0.1,-0.05,-0.05
635,6,0.151,0.45,0.767,0.9,0.799,0.9,0.283,0.0
636,6,-0.082,0.1,0.534,0.95,1.0,1.0,0.616,0.05
637,1,0.918,0.433,0.584,0.717,0.65,0.767,0.666,0.383
638,1,1.0,0.766,0.634,0.484,0.3,0.534,0.716,0.716
639,,0.95,0.716,0.584,0.434,0.25,0.484,0.666,0.666
640,,0.9,0.666,0.534,0.384,0.2,0.434,0.616,0.616
641,,0.85,0.616,0.484,0.334,0.15,0.384,0.566,0.566
642,,0.8,0.566,0.434,0.284,0.1,0.334,0.516,0.516
643,,0.75,0.516,0.384,0.234,0.05,0.284,0.466,0.466
644,,0.7,0.466,0.334,0.184,0.0,0.234,0.416,0.416
645,,0.65,0.416,0.284,0.134,-0.05,0.184,0.366,0.366
646,5,0.3,0.183,0.334,0.467,0.95,0.517,0.416,0.133
647,5,-0.05,-0.05,0.384,0.8,1.0,0.85,0.466,-0.1
648,8,0.283,0.0,0.151,0.45,0.767,0.9,0.799,0.9
649,8,0.616,0.05,-0.082,0.1,0.534,0.95,1.0,1.0
650,3,0.666,0.383,0.918,0.433,0.584,0.717,0.65,0.767
651,3,0.716,0.716,1.0,0.766,0.634,0.484,0.3,0.534
652,,0.666,0.666,0.95,0.716,0.584,0.434,0.25,0.484
653,,0.616,0.616,0.9,0.666,0.534,0.384,0.2,0.434
654,,0.566,0.566,0.85,0.616,0.484,0.334,0.15,0.384
655,,0.516,0.516,0.8,0.566,0.434,0.284,0.1,0.334
656,,0.466,0.466,0.75,0.516,0.384,0.234,0.05,0.284
657,,0.416,0.416,0.7,0.466,0.334,0.184,0.0,0.234
658,,0.366,0.366,0.65,0.416,0.284,0.134,-0.05,0.184
659,7,0.416,0.133,0.3,0.183,0.334,0.467,0.95,0.517
660,7,0.466,-0.1,-0.05,-0.05,0.384,0.8,1.0,0.85
661,2,0.799,0.9,0.283,0.0,0.151,0.45,0.767,0.9
662,2,1.0,1.0,0.616,0.05,-0.082,0.1,0.534,0.95
663,5,0.65,0.767,0.666,0.383,0.918,0.433,0.584,0.717
664,5,0.3,0.534,0.716,0.716,1.0,0.766,0.634,0.484
665,,0.25,0.484,0.666,0.666,0.95,0.716,0.584,0.434
666,,0.2,0.434,0.616,0.616,0.9,0.666,0.534,0.384
667,,0.15,0.384,0.566,0.566,0.85,0.616,0.484,0.334
668,,0.1,0.334,0.516,0.516,0.8,0.566,0.434,0.284
669,,0.05,0.284,0.466,0.466,0.75,0.516,0.384,0.234
670,,0.0,0.234,0.416,0.416,0.7,0.466,0.334,0.184
671,,-0.05,0.184,0.366,0.366,0.65,0.416,0.284,0.134
672,1,0.95,0.517,0.416,0.133,0.3,0.183,0.334,0.467
673,1,1.0,0.85,0.466,-0.1,-0.05,-0.05,0.384,0.8
674,4,0.767,0.9,0.799,0.9,0.283,0.0,0.151,0.45
675,4,0.534,0.95,1.0,1.0,0.616,0.05,-0.082,0.1
676,7,0.584,0.717,0.65,0.767,0.666,0.383,0.918,0.433
677,7,0.634,0.484,0.3,0.534,0.716,0.716,1.0,0.766
678,,0.584,0.434,0.25,0.484,0.666,0.666,0.95,0.716
679,,0.534,0.384,0.2,0.434,0.616,0.616,0.9,0.666
680,,0.484,0.334,0.15,0.384,0.566,0.566,0.85,0.616
681,,0.434,0.284,0.1,0.334,0.516,0.516,0.8,0.566
682,,0.384,0.234,0.05,0.284,0.466,0.466,0.75,0.516
683,,0.334,0.184,0.0,0.234,0.416,0.416,0.7,0.466
684,,0.284,0.134,-0.05,0.184,0.366,0.366,0.65,0.416
685,3,0.334,0.467,0.95,0.517,0.416,0.133,0.3,0.183
686,3,0.384,0.8,1.0,0.85,0.466,-0.1,-0.05,-0.05
687,6,0.151,0.45,0.767,0.9,0.799,0.9,0.283,0.0
688,6,-0.082,0.1,0.534,0.95,1.0,1.0,0.616,0.05
689,1,0.918,0.433,0.584,0.717,0.65,0.767,0.666,0.383
690,1,1.0,0.766,0.634,0.484,0.3,0.534,0.716,0.716
691,,0.95,0.716,0.584,0.434,0.25,0.484,0.666,0.666
692,,0.9,0.666,0.534,0.384,0.2,0.434,0.616,0.616
693,,0.85,0.616,0.484,0.334,0.15,0.384,0.566,0.566
694,,0.8,0.566,0.434,0.284,0.1,0.334,0.516,0.516
695,,0.75,0.516,0.384,0.234,0.05,0.284,0.466,0.466
696,,0.7,0.466,0.334,0.184,0.0,0.234,0.416,0.416
697,,0.65,0.416,0.284,0.134,-0.05,0.184,0.366,0.366
698,5,0.3,0.183,0.334,0.467,0.95,0.517,0.416,0.133
699,5,-0.05,-0.05,0.384,0.8,1.0,0.85,0.466,-0.1
700,8,0.283,0.0,0.151,0.45,0.767,0.9,0.799,0.9
701,8,0.616,0.05,-0.082,0.1,0.534,0.95,1.0,1.0
702,3,0.666,0.383,0.918,0.433,0.584,0.717,0.65,0.767
703,3,0.716,0.716,1.0,0.766,0.634,0.484,0.3,0.534
704,,0.666,0.666,0.95,0.716,0.584,0.434,0.25,0.484
705,,0.616,0.616,0.9,0.666,0.534,0.384,0.2,0.434
706,,0.566,0.566,0.85,0.616,0.484,0.334,0.15,0.384
707,,0.516,0.516,0.8,0.566,0.434,0.284,0.1,0.334
708,,0.466,0.466,0.75,0.516,0.384,0.234,0.05,0.284
709,,0.416,0.416,0.7,0.466,0.334,0.184,0.0,0.234
710,,0.366,0.366,0.65,0.416,0.284,0.134,-0.05,0.184
711,7,0.416,0.133,0.3,0.183,0.334,0.467,0.95,0.517
712,7,0.466,-0.1,-0.05,-0.05,0.384,0.8,1.0,0.85
713,2,0.799,0.9,0.283,0.0,0.151,0.45,0.767,0.9
714,2,1.0,1.0,0.616,0.05,-0.082,0.1,0.534,0.95
715,5,0.65,0.767,0.666,0.383,0.918,0.433,0.584,0.717
716,5,0.3,0.534,0.716,0.716,1.0,0.766,0.634,0.484
717,,0.25,0.484,0.666,0.666,0.95,0.716,0.584,0.434
718,,0.2,0.434,0.616,0.616,0.9,0.666,0.534,0.384
719,,0.15,0.384,0.566,0.566,0.85,0.616,0.484,0.334
720,,0.1,0.334,0.516,0.516,0.8,0.566,0.434,0.284
721,,0.05,0.284,0.466,0.466,0.75,0.516,0.384,0.234
722,,0.0,0.234,0.416,0.416,0.7,0.466,0.334,0.184
723,,-0.05,0.184,0.366,0.366,0.65,0.416,0.284,0.134
724,1,0.95,0.517,0.416,0.133,0.3,0.183,0.334,0.467
725,1,1.0,0.85,0.466,-0.1,-0.05,-0.05,0.384,0.8
726,4,0.767,0.9,0.799,0.9,0.283,0.0,0.151,0.45
727,4,0.534,0.95,1.0,1.0,0.616,0.05,-0.082,0.1
728,7,0.584,0.717,0.65,0.767,0.666,0.383,0.918,0.433
729,7,0.634,0.484,0.3,0.534,0.716,0.716,1.0,0.766
730,,0.584,0.434,0.25,0.484,0.666,0.666,0.95,0.716
731,,0.534,0.384,0.2,0.434,0.616,0.616,0.9,0.666
732,,0.484,0.334,0.15,0.384,0.566,0.566,0.85,0.616
733,,0.434,0.284,0.1,0.334,0.516,0.516,0.8,0.566
734,,0.384,0.234,0.05,0.284,0.466,0.466,0.75,0.516
735,,0.334,0.184,0.0,0.234,0.416,0.416,0.7,0.466
736,,0.284,0.134,-0.05,0.184,0.366,0.366,0.65,0.416
737,3,0.334,0.467,0.95,0.517,0.416,0.133,0.3,0.183
738,3,0.384,0.8,1.0,0.85,0.466,-0.1,-0.05,-0.05
739,6,0.151,0.45,0.767,0.9,0.799,0.9,0.283,0.0
740,6,-0.082,0.1,0.534,0.95,1.0,1.0,0.616,0.05
741,1,0.918,0.433,0.584,0.717,0.65,0.767,0.666,0.383
742,1,1.0,0.766,0.634,0.484,0.3,0.534,0.716,0.716
743,,0.95,0.716,0.584,0.434,0.25,0.484,0.666,0.666
744,,0.9,0.666,0.534,0.384,0.2,0.434,0.616,0.616
745,,0.85,0.616,0.484,0.334,0.15,0.384,0.566,0.566
746,,0.8,0.566,0.434,0.284,0.1,0.334,0.516,0.516
747,,0.75,0.516,0.384,0.234,0.05,0.284,0.466,0.466
748,,0.7,0.466,0.334,0.184,0.0,0.234,0.416,0.416
749,,0.65,0.416,0.284,0.134,-0.05,0.184,0.366,0.366
750,5,0.3,0.183,0.334,0.467,0.95,0.517,0.416,0.133
751,5,-0.05,-0.05,0.384,0.8,1.0,0.85,0.466,-0.1
752,8,0.283,0.0,0.151,0.45,0.767,0.9,0.799,0.9
753,8,0.616,0.05,-0.082,0.1,0.534,0.95,1.0,1.0
754,3,0.666,0.383,0.918,0.433,0.584,0.717,0.65,0.767
755,3,0.716,0.716,1.0,0.766,0.634,0.484,0.3,0.534
756,,0.666,0.666,0.95,0.716,0.584,0.434,0.25,0.484
757,,0.616,0.616,0.9,0.666,0.534,0.384,0.2,0.434
758,,0.566,0.566,0.85,0.616,0.484,0.334,0.15,0.384
759,,0.516,0.516,0.8,0.566,0.434,0.284,0.1,0.334
760,,0.466,0.466,0.75,0.516,0.384,0.234,0.05,0.284
761,,0.416,0.416,0.7,0.466,0.334,0.184,0.0,0.234
762,,0.366,0.366,0.65,0.416,0.284,0.134,-0.05,0.184
763,7,0.416,0.133,0.3,0.183,0.334,0.467,0.95,0.517
764,7,0.466,-0.1,-0.05,-0.05,0.384,0.8,1.0,0.85
765,2,0.799,0.9,0.283,0.0,0.151,0.45,0.767,0.9
766,2,1.0,1.0,0.616,0.05,-0.082,0.1,0.534,0.95
767,5,0.65,0.767,0.666,0.383,0.918,0.433,0.584,0.717
768,5,0.3,0.534,0.716,0.716,1.0,0.766,0.634,0.484
769,,0.25,0.484,0.666,0.666,0.95,0.716,0.584,0.434
770,,0.2,0.434,0.616,0.616,0.9,0.666,0.534,0.384
771,,0.15,0.384,0.566,0.566,0.85,0.616,0.484,0.334
772,,0.1,0.334,0.516,0.516,0.8,0.566,0.434,0.284
773,,0.05,0.284,0.466,0.466,0.75,0.516,0.384,0.234
774,,0.0,0.234,0.416,0.416,0.7,0.466,0.334,0.184
775,,-0.05,0.184,0.366,0.366,0.65,0.416,0.284,0.134
776,1,0.95,0.517,0.416,0.133,0.3,0.183,0.334,0.467
777,1,1.0,0.85,0.466,-0.1,-0.05,-0.05,0.384,0.8
778,4,0.767,0.9,0.799,0.9,0.283,0.0,0.151,0.45
779,4,0.534,0.95,1.0,1.0,0.616,0.05,-0.082,0.1
780,7,0.584,0.717,0.65,0.767,0.666,0.383,0.918,0.433
781,7,0.634,0.484,0.3,0.534,0.716,0.716,1.0,0.766
782,,0.584,0.434,0.25,0.484,0.666,0.666,0.95,0.716
783,,0.534,0.384,0.2,0.434,0.616,0.616,0.9,0.666
784,,0.484,0.334,0.15,0.384,0.566,0.566,0.85,0.616
785,,0.434,0.284,0.1,0.334,0.516,0.516,0.8,0.566
786,,0.384,0.234,0.05,0.284,0.466,0.466,0.75,0.516
787,,0.334,0.184,0.0,0.234,0.416,0.416,0.7,0.466
788,,0.284,0.134,-0.05,0.184,0.366,0.366,0.65,0.416
789,3,0.334,0.467,0.95,0.517,0.416,0.133,0.3,0.183
790,3,0.384,0.8,1.0,0.85,0.466,-0.1,-0.05,-0.05
791,6,0.151,0.45,0.767,0.9,0.799,0.9,0.283,0.0
792,6,-0.082,0.1,0.534,0.95,1.0,1.0,0.616,0.05
793,1,0.918,0.433,0.584,0.717,0.65,0.767,0.666,0.383
794,1,1.0,0.766,0.634,0.484,0.3,0.534,0.716,0.716
795,,0.95,0.716,0.584,0.434,0.25,0.484,0.666,0.666
796,,0.9,0.666,0.534,0.384,0.2,0.434,0.616,0.616
