step,active_motive,motive_1,motive_2,motive_3,motive_4,motive_5,motive_6,motive_7,motive_8
0,,0.33858,0.28668,0.06425,0.4056,0.41032,0.31297,0.41021,0.32574
1,,0.28858,0.23668,0.01425,0.3556,0.36032,0.26297,0.36021,0.27574
2,,0.23858,0.18668,-0.03575,0.3056,0.31032,0.21297,0.31021,0.22574
3,3,0.28858,0.51968,0.96425,0.6386,0.36032,-0.02003,-0.03979,-0.00726
4,3,0.33858,0.85268,1.0,0.9716,0.41032,-0.25303,-0.38979,-0.24026
5,7,0.38858,0.61968,0.65,0.7386,0.46032,0.07997,0.61021,0.09274
6,7,0.43858,0.38668,0.3,0.5056,0.51032,0.41297,1.0,0.42574
7,,0.38858,0.33668,0.25,0.4556,0.46032,0.36297,0.95,0.37574
8,,0.33858,0.28668,0.2,0.4056,0.41032,0.31297,0.9,0.32574
9,,0.28858,0.23668,0.15,0.3556,0.36032,0.26297,0.85,0.27574
10,,0.23858,0.18668,0.1,0.3056,0.31032,0.21297,0.8,0.22574
11,,0.18858,0.13668,0.05,0.2556,0.26032,0.16297,0.75,0.17574
12,,0.13858,0.08668,0.0,0.2056,0.21032,0.11297,0.7,0.12574
13,,0.08858,0.03668,-0.05,0.1556,0.16032,0.06297,0.65,0.07574
14,3,0.13858,0.36968,0.95,0.4886,0.21032,-0.17003,0.3,-0.15726
15,3,0.18858,0.70268,1.0,0.8216,0.26032,-0.40303,-0.05,-0.39026
16,6,-0.04442,0.35268,0.767,0.8716,0.59332,0.59697,0.283,-0.34026
17,6,-0.27742,0.00268,0.534,0.9216,0.92632,1.0,0.616,-0.29026
18,8,0.05558,0.05268,0.301,0.5716,0.69332,1.0,0.949,0.70974
19,8,0.38858,0.10268,0.068,0.2216,0.46032,1.0,1.0,1.0
20,,0.33858,0.05268,0.018,0.1716,0.41032,0.95,0.95,0.95
21,,0.28858,0.00268,-0.032,0.1216,0.36032,0.9,0.9,0.9
22,3,0.33858,0.33568,0.968,0.4546,0.41032,0.667,0.55,0.667
23,3,0.38858,0.66868,1.0,0.7876,0.46032,0.434,0.2,0.434
24,,0.33858,0.61868,0.95,0.7376,0.41032,0.384,0.15,0.384
25,,0.28858,0.56868,0.9,0.6876,0.36032,0.334,0.1,0.334
26,,0.23858,0.51868,0.85,0.6376,0.31032,0.284,0.05,0.284
27,,0.18858,0.46868,0.8,0.5876,0.26032,0.234,0.0,0.234
28,,0.13858,0.41868,0.75,0.5376,0.21032,0.184,-0.05,0.184
29,7,0.18858,0.18568,0.4,0.3046,0.26032,0.517,0.95,0.517
30,7,0.23858,-0.04732,0.05,0.0716,0.31032,0.85,1.0,0.85
31,2,0.57158,0.95268,0.383,0.1216,0.07732,0.5,0.767,0.9
32,2,0.90458,1.0,0.716,0.1716,-0.15568,0.15,0.534,0.95
33,5,0.55458,0.767,0.766,0.5046,0.84432,0.483,0.584,0.717
34,5,0.20458,0.534,0.816,0.8376,1.0,0.816,0.634,0.484
35,,0.15458,0.484,0.766,0.7876,0.95,0.766,0.584,0.434
36,,0.10458,0.434,0.716,0.7376,0.9,0.716,0.534,0.384
37,,0.05458,0.384,0.666,0.6876,0.85,0.666,0.484,0.334
38,,0.00458,0.334,0.616,0.6376,0.8,0.616,0.434,0.284
39,,-0.04542,0.284,0.566,0.5876,0.75,0.566,0.384,0.234
40,1,0.95458,0.617,0.616,0.3546,0.4,0.333,0.434,0.567
41,1,1.0,0.95,0.666,0.1216,0.05,0.1,0.484,0.9
42,,0.95,0.9,0.616,0.0716,0.0,0.05,0.434,0.85
43,,0.9,0.85,0.566,0.0216,-0.05,0.0,0.384,0.8
44,5,0.55,0.617,0.616,0.3546,0.95,0.333,0.434,0.567
45,5,0.2,0.384,0.666,0.6876,1.0,0.666,0.484,0.334
46,,0.15,0.334,0.616,0.6376,0.95,0.616,0.434,0.284
47,,0.1,0.284,0.566,0.5876,0.9,0.566,0.384,0.234
48,,0.05,0.234,0.516,0.5376,0.85,0.516,0.334,0.184
49,,0.0,0.184,0.466,0.4876,0.8,0.466,0.284,0.134
50,,-0.05,0.134,0.416,0.4376,0.75,0.416,0.234,0.084
51,1,0.95,0.467,0.466,0.2046,0.4,0.183,0.284,0.417
52,1,1.0,0.8,0.516,-0.0284,0.05,-0.05,0.334,0.75
53,6,0.767,0.45,0.283,0.0216,0.383,0.95,0.667,0.8
54,6,0.534,0.1,0.05,0.0716,0.716,1.0,1.0,0.85
55,,0.484,0.05,0.0,0.0216,0.666,0.95,0.95,0.8
56,,0.434,0.0,-0.05,-0.0284,0.616,0.9,0.9,0.75
57,3,0.484,0.333,0.95,0.3046,0.666,0.667,0.55,0.517
58,3,0.534,0.666,1.0,0.6376,0.716,0.434,0.2,0.284
59,,0.484,0.616,0.95,0.5876,0.666,0.384,0.15,0.234
60,,0.434,0.566,0.9,0.5376,0.616,0.334,0.1,0.184
61,,0.384,0.516,0.85,0.4876,0.566,0.284,0.05,0.134
62,,0.334,0.466,0.8,0.4376,0.516,0.234,0.0,0.084
63,,0.284,0.416,0.75,0.3876,0.466,0.184,-0.05,0.034
64,7,0.334,0.183,0.4,0.1546,0.516,0.517,0.95,0.367
65,7,0.384,-0.05,0.05,-0.0784,0.566,0.85,1.0,0.7
66,4,0.151,0.0,0.383,0.9216,0.899,0.9,0.767,0.35
67,4,-0.082,0.05,0.716,1.0,1.0,0.95,0.534,-0.0
68,1,0.918,0.383,0.766,0.767,0.65,0.717,0.584,0.333
69,1,1.0,0.716,0.816,0.534,0.3,0.484,0.634,0.666
70,,0.95,0.666,0.766,0.484,0.25,0.434,0.584,0.616
71,,0.9,0.616,0.716,0.434,0.2,0.384,0.534,0.566
72,,0.85,0.566,0.666,0.384,0.15,0.334,0.484,0.516
73,,0.8,0.516,0.616,0.334,0.1,0.284,0.434,0.466
74,,0.75,0.466,0.566,0.284,0.05,0.234,0.384,0.416
75,,0.7,0.416,0.516,0.234,0.0,0.184,0.334,0.366
76,,0.65,0.366,0.466,0.184,-0.05,0.134,0.284,0.316
77,5,0.3,0.133,0.516,0.517,0.95,0.467,0.334,0.083
78,5,-0.05,-0.1,0.566,0.85,1.0,0.8,0.384,-0.15
79,8,0.283,-0.05,0.333,0.5,0.767,0.85,0.717,0.85
80,8,0.616,0.0,0.1,0.15,0.534,0.9,1.0,1.0
81,,0.566,-0.05,0.05,0.1,0.484,0.85,0.95,0.95
82,2,0.899,0.95,0.383,0.15,0.251,0.5,0.717,1.0
83,2,1.0,1.0,0.716,0.2,0.018,0.15,0.484,1.0
84,,0.95,0.95,0.666,0.15,-0.032,0.1,0.434,0.95
85,5,0.6,0.717,0.716,0.483,0.968,0.433,0.484,0.717
86,5,0.25,0.484,0.766,0.816,1.0,0.766,0.534,0.484
87,,0.2,0.434,0.716,0.766,0.95,0.716,0.484,0.434
88,,0.15,0.384,0.666,0.716,0.9,0.666,0.434,0.384
89,,0.1,0.334,0.616,0.666,0.85,0.616,0.384,0.334
90,,0.05,0.284,0.566,0.616,0.8,0.566,0.334,0.284
91,,0.0,0.234,0.516,0.566,0.75,0.516,0.284,0.234
92,,-0.05,0.184,0.466,0.516,0.7,0.466,0.234,0.184
93,1,0.95,0.517,0.516,0.283,0.35,0.233,0.284,0.517
94,1,1.0,0.85,0.566,0.05,-0.0,0.0,0.334,0.85
95,,0.95,0.8,0.516,0.0,-0.05,-0.05,0.284,0.8
96,5,0.6,0.567,0.566,0.333,0.95,0.283,0.334,0.567
97,5,0.25,0.334,0.616,0.666,1.0,0.616,0.384,0.334
98,,0.2,0.284,0.566,0.616,0.95,0.566,0.334,0.284
99,,0.15,0.234,0.516,0.566,0.9,0.516,0.284,0.234
100,,0.1,0.184,0.466,0.516,0.85,0.466,0.234,0.184
101,,0.05,0.134,0.416,0.466,0.8,0.416,0.184,0.134
102,,0.0,0.084,0.366,0.416,0.75,0.366,0.134,0.084
103,,-0.05,0.034,0.316,0.366,0.7,0.316,0.084,0.034
104,1,0.95,0.367,0.366,0.133,0.35,0.083,0.134,0.367
105,1,1.0,0.7,0.416,-0.1,-0.0,-0.15,0.184,0.7
106,6,0.767,0.35,0.183,-0.05,0.333,0.85,0.517,0.75
107,6,0.534,-0.0,-0.05,0.0,0.666,1.0,0.85,0.8
108,3,0.584,0.333,0.95,0.333,0.716,0.767,0.5,0.567
109,3,0.634,0.666,1.0,0.666,0.766,0.534,0.15,0.334
110,,0.584,0.616,0.95,0.616,0.716,0.484,0.1,0.284
111,,0.534,0.566,0.9,0.566,0.666,0.434,0.05,0.234
112,,0.484,0.516,0.85,0.516,0.616,0.384,0.0,0.184
113,,0.434,0.466,0.8,0.466,0.566,0.334,-0.05,0.134
114,7,0.484,0.233,0.45,0.233,0.616,0.667,0.95,0.467
115,7,0.534,0.0,0.1,0.0,0.666,1.0,1.0,0.8
116,,0.484,-0.05,0.05,-0.05,0.616,0.95,0.95,0.75
117,4,0.251,0.0,0.383,0.95,0.949,1.0,0.717,0.4
118,4,0.018,0.05,0.716,1.0,1.0,1.0,0.484,0.05
119,,-0.032,0.0,0.666,0.95,0.95,0.95,0.434,0.0
120,1,0.968,0.333,0.716,0.717,0.6,0.717,0.484,0.333
121,1,1.0,0.666,0.766,0.484,0.25,0.484,0.534,0.666
122,,0.95,0.616,0.716,0.434,0.2,0.434,0.484,0.616
123,,0.9,0.566,0.666,0.384,0.15,0.384,0.434,0.566
124,,0.85,0.516,0.616,0.334,0.1,0.334,0.384,0.516
125,,0.8,0.466,0.566,0.284,0.05,0.284,0.334,0.466
126,,0.75,0.416,0.516,0.234,0.0,0.234,0.284,0.416
127,,0.7,0.366,0.466,0.184,-0.05,0.184,0.234,0.366
128,5,0.35,0.133,0.516,0.517,0.95,0.517,0.284,0.133
129,5,-0.0,-0.1,0.566,0.85,1.0,0.85,0.334,-0.1
130,2,0.333,0.9,0.899,0.9,0.767,0.5,0.101,-0.05
131,2,0.666,1.0,1.0,0.95,0.534,0.15,-0.132,0.0
132,7,0.716,0.767,0.65,0.717,0.584,0.483,0.868,0.333
133,7,0.766,0.534,0.3,0.484,0.634,0.816,1.0,0.666
134,,0.716,0.484,0.25,0.434,0.584,0.766,0.95,0.616
135,,0.666,0.434,0.2,0.384,0.534,0.716,0.9,0.566
136,,0.616,0.384,0.15,0.334,0.484,0.666,0.85,0.516
137,,0.566,0.334,0.1,0.284,0.434,0.616,0.8,0.466
138,,0.516,0.284,0.05,0.234,0.384,0.566,0.75,0.416
139,,0.466,0.234,0.0,0.184,0.334,0.516,0.7,0.366
140,,0.416,0.184,-0.05,0.134,0.284,0.466,0.65,0.316
141,3,0.466,0.517,0.95,0.467,0.334,0.233,0.3,0.083
142,3,0.516,0.85,1.0,0.8,0.384,0.0,-0.05,-0.15
143,8,0.849,0.9,0.767,0.45,0.151,0.05,0.283,0.85
144,8,1.0,0.95,0.534,0.1,-0.082,0.1,0.616,1.0
145,5,0.65,0.717,0.584,0.433,0.918,0.433,0.666,0.767
146,5,0.3,0.484,0.634,0.766,1.0,0.766,0.716,0.534
147,,0.25,0.434,0.584,0.716,0.95,0.716,0.666,0.484
148,,0.2,0.384,0.534,0.666,0.9,0.666,0.616,0.434
149,,0.15,0.334,0.484,0.616,0.85,0.616,0.566,0.384
150,,0.1,0.284,0.434,0.566,0.8,0.566,0.516,0.334
151,,0.05,0.234,0.384,0.516,0.75,0.516,0.466,0.284
152,,0.0,0.184,0.334,0.466,0.7,0.466,0.416,0.234
153,,-0.05,0.134,0.284,0.416,0.65,0.416,0.366,0.184
154,1,0.95,0.467,0.334,0.183,0.3,0.183,0.416,0.517
155,1,1.0,0.8,0.384,-0.05,-0.05,-0.05,0.466,0.85
156,4,0.767,0.85,0.717,0.95,0.283,0.0,0.233,0.5
157,4,0.534,0.9,1.0,1.0,0.616,0.05,0.0,0.15
158,,0.484,0.85,0.95,0.95,0.566,0.0,-0.05,0.1
159,7,0.534,0.617,0.6,0.717,0.616,0.333,0.95,0.433
160,7,0.584,0.384,0.25,0.484,0.666,0.666,1.0,0.766
161,,0.534,0.334,0.2,0.434,0.616,0.616,0.95,0.716
162,,0.484,0.284,0.15,0.384,0.566,0.566,0.9,0.666
163,,0.434,0.234,0.1,0.334,0.516,0.516,0.85,0.616
164,,0.384,0.184,0.05,0.284,0.466,0.466,0.8,0.566
165,,0.334,0.134,0.0,0.234,0.416,0.416,0.75,0.516
166,,0.284,0.084,-0.05,0.184,0.366,0.366,0.7,0.466
167,3,0.334,0.417,0.95,0.517,0.416,0.133,0.35,0.233
168,3,0.384,0.75,1.0,0.85,0.466,-0.1,-0.0,0.0
169,6,0.151,0.4,0.767,0.9,0.799,0.9,0.333,0.05
170,6,-0.082,0.05,0.534,0.95,1.0,1.0,0.666,0.1
171,1,0.918,0.383,0.584,0.717,0.65,0.767,0.716,0.433
172,1,1.0,0.716,0.634,0.484,0.3,0.534,0.766,0.766
173,,0.95,0.666,0.584,0.434,0.25,0.484,0.716,0.716
174,,0.9,0.616,0.534,0.384,0.2,0.434,0.666,0.666
175,,0.85,0.566,0.484,0.334,0.15,0.384,0.616,0.616
176,,0.8,0.516,0.434,0.284,0.1,0.334,0.566,0.566
177,,0.75,0.466,0.384,0.234,0.05,0.284,0.516,0.516
178,,0.7,0.416,0.334,0.184,0.0,0.234,0.466,0.466
179,,0.65,0.366,0.284,0.134,-0.05,0.184,0.416,0.416
180,5,0.3,0.133,0.334,0.467,0.95,0.517,0.466,0.183
181,5,-0.05,-0.1,0.384,0.8,1.0,0.85,0.516,-0.05
182,2,0.283,0.9,0.717,0.85,0.767,0.5,0.283,0.0
183,2,0.616,1.0,1.0,0.9,0.534,0.15,0.05,0.05
184,,0.566,0.95,0.95,0.85,0.484,0.1,0.0,0.0
185,,0.516,0.9,0.9,0.8,0.434,0.05,-0.05,-0.05
186,8,0.849,0.95,0.667,0.45,0.201,0.1,0.283,0.95
187,8,1.0,1.0,0.434,0.1,-0.032,0.15,0.616,1.0
188,5,0.65,0.767,0.484,0.433,0.968,0.483,0.666,0.767
189,5,0.3,0.534,0.534,0.766,1.0,0.816,0.716,0.534
190,,0.25,0.484,0.484,0.716,0.95,0.766,0.666,0.484
191,,0.2,0.434,0.434,0.666,0.9,0.716,0.616,0.434
192,,0.15,0.384,0.384,0.616,0.85,0.666,0.566,0.384
193,,0.1,0.334,0.334,0.566,0.8,0.616,0.516,0.334
194,,0.05,0.284,0.284,0.516,0.75,0.566,0.466,0.284
195,,0.0,0.234,0.234,0.466,0.7,0.516,0.416,0.234
196,,-0.05,0.184,0.184,0.416,0.65,0.466,0.366,0.184
197,1,0.95,0.517,0.234,0.183,0.3,0.233,0.416,0.517
198,1,1.0,0.85,0.284,-0.05,-0.05,0.0,0.466,0.85
199,4,0.767,0.9,0.617,0.95,0.283,0.05,0.233,0.5
200,4,0.534,0.95,0.95,1.0,0.616,0.1,0.0,0.15
201,,0.484,0.9,0.9,0.95,0.566,0.05,-0.05,0.1
202,7,0.534,0.667,0.55,0.717,0.616,0.383,0.95,0.433
203,7,0.584,0.434,0.2,0.484,0.666,0.716,1.0,0.766
204,,0.534,0.384,0.15,0.434,0.616,0.666,0.95,0.716
205,,0.484,0.334,0.1,0.384,0.566,0.616,0.9,0.666
206,,0.434,0.284,0.05,0.334,0.516,0.566,0.85,0.616
207,,0.384,0.234,0.0,0.284,0.466,0.516,0.8,0.566
208,,0.334,0.184,-0.05,0.234,0.416,0.466,0.75,0.516
209,3,0.384,0.517,0.95,0.567,0.466,0.233,0.4,0.283
210,3,0.434,0.85,1.0,0.9,0.516,0.0,0.05,0.05
211,,0.384,0.8,0.95,0.85,0.466,-0.05,0.0,0.0
212,6,0.151,0.45,0.717,0.9,0.799,0.95,0.333,0.05
213,6,-0.082,0.1,0.484,0.95,1.0,1.0,0.666,0.1
214,1,0.918,0.433,0.534,0.717,0.65,0.767,0.716,0.433
215,1,1.0,0.766,0.584,0.484,0.3,0.534,0.766,0.766
216,,0.95,0.716,0.534,0.434,0.25,0.484,0.716,0.716
217,,0.9,0.666,0.484,0.384,0.2,0.434,0.666,0.666
218,,0.85,0.616,0.434,0.334,0.15,0.384,0.616,0.616
219,,0.8,0.566,0.384,0.284,0.1,0.334,0.566,0.566
220,,0.75,0.516,0.334,0.234,0.05,0.284,0.516,0.516
221,,0.7,0.466,0.284,0.184,0.0,0.234,0.466,0.466
222,,0.65,0.416,0.234,0.134,-0.05,0.184,0.416,0.416
223,5,0.3,0.183,0.284,0.467,0.95,0.517,0.466,0.183
224,5,-0.05,-0.05,0.334,0.8,1.0,0.85,0.516,-0.05
225,2,0.283,0.95,0.667,0.85,0.767,0.5,0.283,0.0
226,2,0.616,1.0,1.0,0.9,0.534,0.15,0.05,0.05
227,,0.566,0.95,0.95,0.85,0.484,0.1,0.0,0.0
228,,0.516,0.9,0.9,0.8,0.434,0.05,-0.05,-0.05
229,8,0.849,0.95,0.667,0.45,0.201,0.1,0.283,0.95
230,8,1.0,1.0,0.434,0.1,-0.032,0.15,0.616,1.0
231,5,0.65,0.767,0.484,0.433,0.968,0.483,0.666,0.767
232,5,0.3,0.534,0.534,0.766,1.0,0.816,0.716,0.534
233,,0.25,0.484,0.484,0.716,0.95,0.766,0.666,0.484
234,,0.2,0.434,0.434,0.666,0.9,0.716,0.616,0.434
235,,0.15,0.384,0.384,0.616,0.85,0.666,0.566,0.384
236,,0.1,0.334,0.334,0.566,0.8,0.616,0.516,0.334
237,,0.05,0.284,0.284,0.516,0.75,0.566,0.466,0.284
238,,0.0,0.234,0.234,0.466,0.7,0.516,0.416,0.234
239,,-0.05,0.184,0.184,0.416,0.65,0.466,0.366,0.184
240,1,0.95,0.517,0.234,0.183,0.3,0.233,0.416,0.517
241,1,1.0,0.85,0.284,-0.05,-0.05,0.0,0.466,0.85
242,4,0.767,0.9,0.617,0.95,0.283,0.05,0.233,0.5
243,4,0.534,0.95,0.95,1.0,0.616,0.1,0.0,0.15
244,,0.484,0.9,0.9,0.95,0.566,0.05,-0.05,0.1
245,7,0.534,0.667,0.55,0.717,0.616,0.383,0.95,0.433
246,7,0.584,0.434,0.2,0.484,0.666,0.716,1.0,0.766
247,,0.534,0.384,0.15,0.434,0.616,0.666,0.95,0.716
248,,0.484,0.334,0.1,0.384,0.566,0.616,0.9,0.666
249,,0.434,0.284,0.05,0.334,0.516,0.566,0.85,0.616
250,,0.384,0.234,0.0,0.284,0.466,0.516,0.8,0.566
251,,0.334,0.184,-0.05,0.234,0.416,0.466,0.75,0.516
252,3,0.384,0.517,0.95,0.567,0.466,0.233,0.4,0.283
253,3,0.434,0.85,1.0,0.9,0.516,0.0,0.05,0.05
254,,0.384,0.8,0.95,0.85,0.466,-0.05,0.0,0.0
255,6,0.151,0.45,0.717,0.9,0.799,0.95,0.333,0.05
256,6,-0.082,0.1,0.484,0.95,1.0,1.0,0.666,0.1
257,1,0.918,0.433,0.534,0.717,0.65,0.767,0.716,0.433
258,1,1.0,0.766,0.584,0.484,0.3,0.534,0.766,0.766
259,,0.95,0.716,0.534,0.434,0.25,0.484,0.716,0.716
260,,0.9,0.666,0.484,0.384,0.2,0.434,0.666,0.666
261,,0.85,0.616,0.434,0.334,0.15,0.384,0.616,0.616
262,,0.8,0.566,0.384,0.284,0.1,0.334,0.566,0.566
263,,0.75,0.516,0.334,0.234,0.05,0.284,0.516,0.516
264,,0.7,0.466,0.284,0.184,0.0,0.234,0.466,0.466
265,,0.65,0.416,0.234,0.134,-0.05,0.184,0.416,0.416
266,5,0.3,0.183,0.284,0.467,0.95,0.517,0.466,0.183
267,5,-0.05,-0.05,0.334,0.8,1.0,0.85,0.516,-0.05
268,8,0.283,0.0,0.101,0.45,0.767,0.9,0.849,0.95
269,8,0.616,0.05,-0.132,0.1,0.534,0.95,1.0,1.0
270,3,0.666,0.383,0.868,0.433,0.584,0.717,0.65,0.767
271,3,0.716,0.716,1.0,0.766,0.634,0.484,0.3,0.534
272,,0.666,0.666,0.95,0.716,0.584,0.434,0.25,0.484
273,,0.616,0.616,0.9,0.666,0.534,0.384,0.2,0.434
274,,0.566,0.566,0.85,0.616,0.484,0.334,0.15,0.384
275,,0.516,0.516,0.8,0.566,0.434,0.284,0.1,0.334
276,,0.466,0.466,0.75,0.516,0.384,0.234,0.05,0.284
277,,0.416,0.416,0.7,0.466,0.334,0.184,0.0,0.234
278,,0.366,0.366,0.65,0.416,0.284,0.134,-0.05,0.184
279,7,0.416,0.133,0.3,0.183,0.334,0.467,0.95,0.517
280,7,0.466,-0.1,-0.05,-0.05,0.384,0.8,1.0,0.85
281,2,0.799,0.9,0.283,0.0,0.151,0.45,0.767,0.9
282,2,1.0,1.0,0.616,0.05,-0.082,0.1,0.534,0.95
283,5,0.65,0.767,0.666,0.383,0.918,0.433,0.584,0.717
284,5,0.3,0.534,0.716,0.716,1.0,0.766,0.634,0.484
285,,0.25,0.484,0.666,0.666,0.95,0.716,0.584,0.434
286,,0.2,0.434,0.616,0.616,0.9,0.666,0.534,0.384
287,,0.15,0.384,0.566,0.566,0.85,0.616,0.484,0.334
288,,0.1,0.334,0.516,0.516,0.8,0.566,0.434,0.284
289,,0.05,0.284,0.466,0.466,0.75,0.516,0.384,0.234
290,,0.0,0.234,0.416,0.416,0.7,0.466,0.334,0.184
291,,-0.05,0.184,0.366,0.366,0.65,0.416,0.284,0.134
292,1,0.95,0.517,0.416,0.133,0.3,0.183,0.334,0.467
293,1,1.0,0.85,0.466,-0.1,-0.05,-0.05,0.384,0.8
294,4,0.767,0.9,0.799,0.9,0.283,0.0,0.151,0.45
295,4,0.534,0.95,1.0,1.0,0.616,0.05,-0.082,0.1
296,7,0.584,0.717,0.65,0.767,0.666,0.383,0.918,0.433
297,7,0.634,0.484,0.3,0.534,0.716,0.716,1.0,0.766
298,,0.584,0.434,0.25,0.484,0.666,0.666,0.95,0.716
299,,0.534,0.384,0.2,0.434,0.616,0.616,0.9,0.666
300,,0.484,0.334,0.15,0.384,0.566,0.566,0.85,0.616
301,,0.434,0.284,0.1,0.334,0.516,0.516,0.8,0.566
302,,0.384,0.234,0.05,0.284,0.466,0.466,0.75,0.516
303,,0.334,0.184,0.0,0.234,0.416,0.416,0.7,0.466
304,,0.284,0.134,-0.05,0.184,0.366,0.366,0.65,0.416
305,3,0.334,0.467,0.95,0.517,0.416,0.133,0.3,0.183
306,3,0.384,0.8,1.0,0.85,0.466,-0.1,-0.05,-0.05
307,6,0.151,0.45,0.767,0.9,0.799,0.9,0.283,0.0
308,6,-0.082,0.1,0.534,0.95,1.0,1.0,0.616,0.05
309,1,0.918,0.433,0.584,0.717,0.65,0.767,0.666,0.383
310,1,1.0,0.766,0.634,0.484,0.3,0.534,0.716,0.716
311,,0.95,0.716,0.584,0.434,0.25,0.484,0.666,0.666
312,,0.9,0.666,0.534,0.384,0.2,0.434,0.616,0.616
313,,0.85,0.616,0.484,0.334,0.15,0.384,0.566,0.566
314,,0.8,0.566,0.434,0.284,0.1,0.334,0.516,0.516
315,,0.75,0.516,0.384,0.234,0.05,0.284,0.466,0.466
316,,0.7,0.466,0.334,0.184,0.0,0.234,0.416,0.416
317,,0.65,0.416,0.284,0.134,-0.05,0.184,0.366,0.366
318,5,0.3,0.183,0.334,0.467,0.95,0.517,0.416,0.133
319,5,-0.05,-0.05,0.384,0.8,1.0,0.85,0.466,-0.1
320,8,0.283,0.0,0.151,0.45,0.767,0.9,0.799,0.9
321,8,0.616,0.05,-0.082,0.1,0.534,0.95,1.0,1.0
322,3,0.666,0.383,0.918,0.433,0.584,0.717,0.65,0.767
323,3,0.716,0.716,1.0,0.766,0.634,0.484,0.3,0.534
324,,0.666,0.666,0.95,0.716,0.584,0.434,0.25,0.484
325,,0.616,0.616,0.9,0.666,0.534,0.384,0.2,0.434
326,,0.566,0.566,0.85,0.616,0.484,0.334,0.15,0.384
327,,0.516,0.516,0.8,0.566,0.434,0.284,0.1,0.334
328,,0.466,0.466,0.75,0.516,0.384,0.234,0.05,0.284
329,,0.416,0.416,0.7,0.466,0.334,0.184,0.0,0.234
330,,0.366,0.366,0.65,0.416,0.284,0.134,-0.05,0.184
331,7,0.416,0.133,0.3,0.183,0.334,0.467,0.95,0.517
332,7,0.466,-0.1,-0.05,-0.05,0.384,0.8,1.0,0.85
333,2,0.799,0.9,0.283,0.0,0.151,0.45,0.767,0.9
334,2,1.0,1.0,0.616,0.05,-0.082,0.1,0.534,0.95
335,5,0.65,0.767,0.666,0.383,0.918,0.433,0.584,0.717
336,5,0.3,0.534,0.716,0.716,1.0,0.766,0.634,0.484
337,,0.25,0.484,0.666,0.666,0.95,0.716,0.584,0.434
338,,0.2,0.434,0.616,0.616,0.9,0.666,0.534,0.384
339,,0.15,0.384,0.566,0.566,0.85,0.616,0.484,0.334
340,,0.1,0.334,0.516,0.516,0.8,0.566,0.434,0.284
341,,0.05,0.284,0.466,0.466,0.75,0.516,0.384,0.234
342,,0.0,0.234,0.416,0.416,0.7,0.466,0.334,0.184
343,,-0.05,0.184,0.366,0.366,0.65,0.416,0.284,0.134
344,1,0.95,0.517,0.416,0.133,0.3,0.183,0.334,0.467
345,1,1.0,0.85,0.466,-0.1,-0.05,-0.05,0.384,0.8
346,4,0.767,0.9,0.799,0.9,0.283,0.0,0.151,0.45
347,4,0.534,0.95,1.0,1.0,0.616,0.05,-0.082,0.1
348,7,0.584,0.717,0.65,0.767,0.666,0.383,0.918,0.433
349,7,0.634,0.484,0.3,0.534,0.716,0.716,1.0,0.766
350,,0.584,0.434,0.25,0.484,0.666,0.666,0.95,0.716
351,,0.534,0.384,0.2,0.434,0.616,0.616,0.9,0.666
352,,0.484,0.334,0.15,0.384,0.566,0.566,0.85,0.616
353,,0.434,0.284,0.1,0.334,0.516,0.516,0.8,0.566
354,,0.384,0.234,0.05,0.284,0.466,0.466,0.75,0.516
355,,0.334,0.184,0.0,0.234,0.416,0.416,0.7,0.466
356,,0.284,0.134,-0.05,0.184,0.366,0.366,0.65,0.416
357,3,0.334,0.467,0.95,0.517,0.416,0.133,0.3,0.183
358,3,0.384,0.8,1.0,0.85,0.466,-0.1,-0.05,-0.05
359,6,0.151,0.45,0.767,0.9,0.799,0.9,0.283,0.0
360,6,-0.082,0.1,0.534,0.95,1.0,1.0,0.616,0.05
361,1,0.918,0.433,0.584,0.717,0.65,0.767,0.666,0.383
362,1,1.0,0.766,0.634,0.484,0.3,0.534,0.716,0.716
363,,0.95,0.716,0.584,0.434,0.25,0.484,0.666,0.666
364,,0.9,0.666,0.534,0.384,0.2,0.434,0.616,0.616
365,,0.85,0.616,0.484,0.334,0.15,0.384,0.566,0.566
366,,0.8,0.566,0.434,0.284,0.1,0.334,0.516,0.516
367,,0.75,0.516,0.384,0.234,0.05,0.284,0.466,0.466
368,,0.7,0.466,0.334,0.184,0.0,0.234,0.416,0.416
369,,0.65,0.416,0.284,0.134,-0.05,0.184,0.366,0.366
370,5,0.3,0.183,0.334,0.467,0.95,0.517,0.416,0.133
371,5,-0.05,-0.05,0.384,0.8,1.0,0.85,0.466,-0.1
372,8,0.283,0.0,0.151,0.45,0.767,0.9,0.799,0.9
373,8,0.616,0.05,-0.082,0.1,0.534,0.95,1.0,1.0
374,3,0.666,0.383,0.918,0.433,0.584,0.717,0.65,0.767
375,3,0.716,0.716,1.0,0.766,0.634,0.484,0.3,0.534
376,,0.666,0.666,0.95,0.716,0.584,0.434,0.25,0.484
377,,0.616,0.616,0.9,0.666,0.534,0.384,0.2,0.434
378,,0.566,0.566,0.85,0.616,0.484,0.334,0.15,0.384
379,,0.516,0.516,0.8,0.566,0.434,0.284,0.1,0.334
380,,0.466,0.466,0.75,0.516,0.384,0.234,0.05,0.284
381,,0.416,0.416,0.7,0.466,0.334,0.184,0.0,0.234
382,,0.366,0.366,0.65,0.416,0.284,0.134,-0.05,0.184
383,7,0.416,0.133,0.3,0.183,0.334,0.467,0.95,0.517
384,7,0.466,-0.1,-0.05,-0.05,0.384,0.8,1.0,0.85
385,2,0.799,0.9,0.283,0.0,0.151,0.45,0.767,0.9
386,2,1.0,1.0,0.616,0.05,-0.082,0.1,0.534,0.95
387,5,0.65,0.767,0.666,0.383,0.918,0.433,0.584,0.717
388,5,0.3,0.534,0.716,0.716,1.0,0.766,0.634,0.484
389,,0.25,0.484,0.666,0.666,0.95,0.716,0.584,0.434
390,,0.2,0.434,0.616,0.616,0.9,0.666,0.534,0.384
391,,0.15,0.384,0.566,0.566,0.85,0.616,0.484,0.334
392,,0.1,0.334,0.516,0.516,0.8,0.566,0.434,0.284
393,,0.05,0.284,0.466,0.466,0.75,0.516,0.384,0.234
394,,0.0,0.234,0.416,0.416,0.7,0.466,0.334,0.184
395,,-0.05,0.184,0.366,0.366,0.65,0.416,0.284,0.134
396,1,0.95,0.517,0.416,0.133,0.3,0.183,0.334,0.467
397,1,1.0,0.85,0.466,-0.1,-0.05,-0.05,0.384,0.8
398,4,0.767,0.9,0.799,0.9,0.283,0.0,0.151,0.45
399,4,0.534,0.95,1.0,1.0,0.616,0.05,-0.082,0.1
400,7,0.584,0.717,0.65,0.767,0.666,0.383,0.918,0.433
401,7,0.634,0.484,0.3,0.534,0.716,0.716,1.0,0.766
402,,0.584,0.434,0.25,0.484,0.666,0.666,0.95,0.716
403,,0.534,0.384,0.2,0.434,0.616,0.616,0.9,0.666
404,,0.484,0.334,0.15,0.384,0.566,0.566,0.85,0.616
405,,0.434,0.284,0.1,0.334,0.516,0.516,0.8,0.566
406,,0.384,0.234,0.05,0.284,0.466,0.466,0.75,0.516
407,,0.334,0.184,0.0,0.234,0.416,0.416,0.7,0.466
408,,0.284,0.134,-0.05,0.184,0.366,0.366,0.65,0.416
409,3,0.334,0.467,0.95,0.517,0.416,0.133,0.3,0.183
410,3,0.384,0.8,1.0,0.85,0.466,-0.1,-0.05,-0.05
411,6,0.151,0.45,0.767,0.9,0.799,0.9,0.283,0.0
412,6,-0.082,0.1,0.534,0.95,1.0,1.0,0.616,0.05
413,1,0.918,0.433,0.584,0.717,0.65,0.767,0.666,0.383
414,1,1.0,0.766,0.634,0.484,0.3,0.534,0.716,0.716
415,,0.95,0.716,0.584,0.434,0.25,0.484,0.666,0.666
416,,0.9,0.666,0.534,0.384,0.2,0.434,0.616,0.616
417,,0.85,0.616,0.484,0.334,0.15,0.384,0.566,0.566
418,,0.8,0.566,0.434,0.284,0.1,0.334,0.516,0.516
419,,0.75,0.516,0.384,0.234,0.05,0.284,0.466,0.466
420,,0.7,0.466,0.334,0.184,0.0,0.234,0.416,0.416
421,,0.65,0.416,0.284,0.134,-0.05,0.184,0.366,0.366
422,5,0.3,0.183,0.334,0.467,0.95,0.517,0.416,0.133
423,5,-0.05,-0.05,0.384,0.8,1.0,0.85,0.466,-0.1
424,8,0.283,0.0,0.151,0.45,0.767,0.9,0.799,0.9
425,8,0.616,0.05,-0.082,0.1,0.534,0.95,1.0,1.0
426,3,0.666,0.383,0.918,0.433,0.584,0.717,0.65,0.767
427,3,0.716,0.716,1.0,0.766,0.634,0.484,0.3,0.534
428,,0.666,0.666,0.95,0.716,0.584,0.434,0.25,0.484
429,,0.616,0.616,0.9,0.666,0.534,0.384,0.2,0.434
430,,0.566,0.566,0.85,0.616,0.484,0.334,0.15,0.384
431,,0.516,0.516,0.8,0.566,0.434,0.284,0.1,0.334
432,,0.466,0.466,0.75,0.516,0.384,0.234,0.05,0.284
433,,0.416,0.416,0.7,0.466,0.334,0.184,0.0,0.234
434,,0.366,0.366,0.65,0.416,0.284,0.134,-0.05,0.184
435,7,0.416,0.133,0.3,0.183,0.334,0.467,0.95,0.517
436,7,0.466,-0.1,-0.05,-0.05,0.384,0.8,1.0,0.85
437,2,0.799,0.9,0.283,0.0,0.151,0.45,0.767,0.9
438,2,1.0,1.0,0.616,0.05,-0.082,0.1,0.534,0.95
439,5,0.65,0.767,0.666,0.383,0.918,0.433,0.584,0.717
440,5,0.3,0.534,0.716,0.716,1.0,0.766,0.634,0.484
441,,0.25,0.484,0.666,0.666,0.95,0.716,0.584,0.434
442,,0.2,0.434,0.616,0.616,0.9,0.666,0.534,0.384
443,,0.15,0.384,0.566,0.566,0.85,0.616,0.484,0.334
444,,0.1,0.334,0.516,0.516,0.8,0.566,0.434,0.284
445,,0.05,0.284,0.466,0.466,0.75,0.516,0.384,0.234
446,,0.0,0.234,0.416,0.416,0.7,0.466,0.334,0.184
447,,-0.05,0.184,0.366,0.366,0.65,0.416,0.284,0.134
448,1,0.95,0.517,0.416,0.133,0.3,0.183,0.334,0.467
449,1,1.0,0.85,0.466,-0.1,-0.05,-0.05,0.384,0.8
450,4,0.767,0.9,0.799,0.9,0.283,0.0,0.151,0.45
451,4,0.534,0.95,1.0,1.0,0.616,0.05,-0.082,0.1
452,7,0.584,0.717,0.65,0.767,0.666,0.383,0.918,0.433
453,7,0.634,0.484,0.3,0.534,0.716,0.716,1.0,0.766
454,,0.584,0.434,0.25,0.484,0.666,0.666,0.95,0.716
455,,0.534,0.384,0.2,0.434,0.616,0.616,0.9,0.666
456,,0.484,0.334,0.15,0.384,0.566,0.566,0.85,0.616
457,,0.434,0.284,0.1,0.334,0.516,0.516,0.8,0.566
458,,0.384,0.234,0.05,0.284,0.466,0.466,0.75,0.516
459,,0.334,0.184,0.0,0.234,0.416,0.416,0.7,0.466
460,,0.284,0.134,-0.05,0.184,0.366,0.366,0.65,0.416
461,3,0.334,0.467,0.95,0.517,0.416,0.133,0.3,0.183
462,3,0.384,0.8,1.0,0.85,0.466,-0.1,-0.05,-0.05
463,6,0.151,0.45,0.767,0.9,0.799,0.9,0.283,0.0
464,6,-0.082,0.1,0.534,0.95,1.0,1.0,0.616,0.05
465,1,0.918,0.433,0.584,0.717,0.65,0.767,0.666,0.383
466,1,1.0,0.766,0.634,0.484,0.3,0.534,0.716,0.716
467,,0.95,0.716,0.584,0.434,0.25,0.484,0.666,0.666
468,,0.9,0.666,0.534,0.384,0.2,0.434,0.616,0.616
469,,0.85,0.616,0.484,0.334,0.15,0.384,0.566,0.566
470,,0.8,0.566,0.434,0.284,0.1,0.334,0.516,0.516
471,,0.75,0.516,0.384,0.234,0.05,0.284,0.466,0.466
472,,0.7,0.466,0.334,0.184,0.0,0.234,0.416,0.416
473,,0.65,0.416,0.284,0.134,-0.05,0.184,0.366,0.366
474,5,0.3,0.183,0.334,0.467,0.95,0.517,0.416,0.133
475,5,-0.05,-0.05,0.384,0.8,1.0,0.85,0.466,-0.1
476,8,0.283,0.0,0.151,0.45,0.767,0.9,0.799,0.9
477,8,0.616,0.05,-0.082,0.1,0.534,0.95,1.0,1.0
478,3,0.666,0.383,0.918,0.433,0.584,0.717,0.65,0.767
479,3,0.716,0.716,1.0,0.766,0.634,0.484,0.3,0.534
480,,0.666,0.666,0.95,0.716,0.584,0.434,0.25,0.484
481,,0.616,0.616,0.9,0.666,0.534,0.384,0.2,0.434
482,,0.566,0.566,0.85,0.616,0.484,0.334,0.15,0.384
483,,0.516,0.516,0.8,0.566,0.434,0.284,0.1,0.334
484,,0.466,0.466,0.75,0.516,0.384,0.234,0.05,0.284
485,,0.416,0.416,0.7,0.466,0.334,0.184,0.0,0.234
486,,0.366,0.366,0.65,0.416,0.284,0.134,-0.05,0.184
487,7,0.416,0.133,0.3,0.183,0.334,0.467,0.95,0.517
488,7,0.466,-0.1,-0.05,-0.05,0.384,0.8,1.0,0.85
489,2,0.799,0.9,0.283,0.0,0.151,0.45,0.767,0.9
490,2,1.0,1.0,0.616,0.05,-0.082,0.1,0.534,0.95
491,5,0.65,0.767,0.666,0.383,0.918,0.433,0.584,0.717
492,5,0.3,0.534,0.716,0.716,1.0,0.766,0.634,0.484
493,,0.25,0.484,0.666,0.666,0.95,0.716,0.584,0.434
494,,0.2,0.434,0.616,0.616,0.9,0.666,0.534,0.384
495,,0.15,0.384,0.566,0.566,0.85,0.616,0.484,0.334
496,,0.1,0.334,0.516,0.516,0.8,0.566,0.434,0.284
497,,0.05,0.284,0.466,0.466,0.75,0.516,0.384,0.234
498,,0.0,0.234,0.416,0.416,0.7,0.466,0.334,0.184
499,,-0.05,0.184,0.366,0.366,0.65,0.416,0.284,0.134
500,1,0.95,0.517,0.416,0.133,0.3,0.183,0.334,0.467
501,1,1.0,0.85,0.466,-0.1,-0.05,-0.05,0.384,0.8
502,4,0.767,0.9,0.799,0.9,0.283,0.0,0.151,0.45
503,4,0.534,0.95,1.0,1.0,0.616,0.05,-0.082,0.1
504,7,0.584,0.717,0.65,0.767,0.666,0.383,0.918,0.433
505,7,0.634,0.484,0.3,0.534,0.716,0.716,1.0,0.766
506,,0.584,0.434,0.25,0.484,0.666,0.666,0.95,0.716
507,,0.534,0.384,0.2,0.434,0.616,0.616,0.9,0.666
508,,0.484,0.334,0.15,0.384,0.566,0.566,0.85,0.616
509,,0.434,0.284,0.1,0.334,0.516,0.516,0.8,0.566
510,,0.384,0.234,0.05,0.284,0.466,0.466,0.75,0.516
511,,0.334,0.184,0.0,0.234,0.416,0.416,0.7,0.466
512,,0.284,0.134,-0.05,0.184,0.366,0.366,0.65,0.416
513,3,0.334,0.467,0.95,0.517,0.416,0.133,0.3,0.183
514,3,0.384,0.8,1.0,0.85,0.466,-0.1,-0.05,-0.05
515,6,0.151,0.45,0.767,0.9,0.799,0.9,0.283,0.0
516,6,-0.082,0.1,0.534,0.95,1.0,1.0,0.616,0.05
517,1,0.918,0.433,0.584,0.717,0.65,0.767,0.666,0.383
518,1,1.0,0.766,0.634,0.484,0.3,0.534,0.716,0.716
519,,0.95,0.716,0.584,0.434,0.25,0.484,0.666,0.666
520,,0.9,0.666,0.534,0.384,0.2,0.434,0.616,0.616
521,,0.85,0.616,0.484,0.334,0.15,0.384,0.566,0.566
522,,0.8,0.566,0.434,0.284,0.1,0.334,0.516,0.516
523,,0.75,0.516,0.384,0.234,0.05,0.284,0.466,0.466
524,,0.7,0.466,0.334,0.184,0.0,0.234,0.416,0.416
525,,0.65,0.416,0.284,0.134,-0.05,0.184,0.366,0.366
526,5,0.3,0.183,0.334,0.467,0.95,0.517,0.416,0.133
527,5,-0.05,-0.05,0.384,0.8,1.0,0.85,0.466,-0.1
528,8,0.283,0.0,0.151,0.45,0.767,0.9,0.799,0.9
529,8,0.616,0.05,-0.082,0.1,0.534,0.95,1.0,1.0
530,3,0.666,0.383,0.918,0.433,0.584,0.717,0.65,0.767
531,3,0.716,0.716,1.0,0.766,0.634,0.484,0.3,0.534
532,,0.666,0.666,0.95,0.716,0.584,0.434,0.25,0.484
533,,0.616,0.616,0.9,0.666,0.534,0.384,0.2,0.434
534,,0.566,0.566,0.85,0.616,0.484,0.334,0.15,0.384
535,,0.516,0.516,0.8,0.566,0.434,0.284,0.1,0.334
536,,0.466,0.466,0.75,0.516,0.384,0.234,0.05,0.284
537,,0.416,0.416,0.7,0.466,0.334,0.184,0.0,0.234
538,,0.366,0.366,0.65,0.416,0.284,0.134,-0.05,0.184
539,7,0.416,0.133,0.3,0.183,0.334,0.467,0.95,0.517
540,7,0.466,-0.1,-0.05,-0.05,0.384,0.8,1.0,0.85
541,2,0.799,0.9,0.283,0.0,0.151,0.45,0.767,0.9
542,2,1.0,1.0,0.616,0.05,-0.082,0.1,0.534,0.95
543,5,0.65,0.767,0.666,0.383,0.918,0.433,0.584,0.717
544,5,0.3,0.534,0.716,0.716,1.0,0.766,0.634,0.484
545,,0.25,0.484,0.666,0.666,0.95,0.716,0.584,0.434
546,,0.2,0.434,0.616,0.616,0.9,0.666,0.534,0.384
547,,0.15,0.384,0.566,0.566,0.85,0.616,0.484,0.334
548,,0.1,0.334,0.516,0.516,0.8,0.566,0.434,0.284
549,,0.05,0.284,0.466,0.466,0.75,0.516,0.384,0.234
550,,0.0,0.234,0.416,0.416,0.7,0.466,0.334,0.184
551,,-0.05,0.184,0.366,0.366,0.65,0.416,0.284,0.134
552,1,0.95,0.517,0.416,0.133,0.3,0.183,0.334,0.467
553,1,1.0,0.85,0.466,-0.1,-0.05,-0.05,0.384,0.8
554,4,0.767,0.9,0.799,0.9,0.283,0.0,0.151,0.45
555,4,0.534,0.95,1.0,1.0,0.616,0.05,-0.082,0.1
556,7,0.584,0.717,0.65,0.767,0.666,0.383,0.918,0.433
557,7,0.634,0.484,0.3,0.534,0.716,0.716,1.0,0.766
558,,0.584,0.434,0.25,0.484,0.666,0.666,0.95,0.716
559,,0.534,0.384,0.2,0.434,0.616,0.616,0.9,0.666
560,,0.484,0.334,0.15,0.384,0.566,0.566,0.85,0.616
561,,0.434,0.284,0.1,0.334,0.516,0.516,0.8,0.566
562,,0.384,0.234,0.05,0.284,0.466,0.466,0.75,0.516
563,,0.334,0.184,0.0,0.234,0.416,0.416,0.7,0.466
564,,0.284,0.134,-0.05,0.184,0.366,0.366,0.65,0.416
565,3,0.334,0.467,0.95,0.517,0.416,0.133,0.3,0.183
566,3,0.384,0.8,1.0,0.85,0.466,-0.1,-0.05,-0.05
567,6,0.151,0.45,0.767,0.9,0.799,0.9,0.283,0.0
568,6,-0.082,0.1,0.534,0.95,1.0,1.0,0.616,0.05
569,1,0.918,0.433,0.584,0.717,0.65,0.767,0.666,0.383
570,1,1.0,0.766,0.634,0.484,0.3,0.534,0.716,0.716
571,,0.95,0.716,0.584,0.434,0.25,0.484,0.666,0.666
572,,0.9,0.666,0.534,0.384,0.2,0.434,0.616,0.616
573,,0.85,0.616,0.484,0.334,0.15,0.384,0.566,0.566
574,,0.8,0.566,0.434,0.284,0.1,0.334,0.516,0.516
575,,0.75,0.516,0.384,0.234,0.05,0.284,0.466,0.466
576,,0.7,0.466,0.334,0.184,0.0,0.234,0.416,0.416
577,,0.65,0.416,0.284,0.134,-0.05,0.184,0.366,0.366
578,5,0.3,0.183,0.334,0.467,0.95,0.517,0.416,0.133
579,5,-0.05,-0.05,0.384,0.8,1.0,0.85,0.466,-0.1
580,8,0.283,0.0,0.151,0.45,0.767,0.9,0.799,0.9
581,8,0.616,0.05,-0.082,0.1,0.534,0.95,1.0,1.0
582,3,0.666,0.383,0.918,0.433,0.584,0.717,0.65,0.767
583,3,0.716,0.716,1.0,0.766,0.634,0.484,0.3,0.534
584,,0.666,0.666,0.95,0.716,0.584,0.434,0.25,0.484
585,,0.616,0.616,0.9,0.666,0.534,0.384,0.2,0.434
586,,0.566,0.566,0.85,0.616,0.484,0.334,0.15,0.384
587,,0.516,0.516,0.8,0.566,0.434,0.284,0.1,0.334
588,,0.466,0.466,0.75,0.516,0.384,0.234,0.05,0.284
589,,0.416,0.416,0.7,0.466,0.334,0.184,0.0,0.234
590,,0.366,0.366,0.65,0.416,0.284,0.134,-0.05,0.184
591,7,0.416,0.133,0.3,0.183,0.334,0.467,0.95,0.517
592,7,0.466,-0.1,-0.05,-0.05,0.384,0.8,1.0,0.85
593,2,0.799,0.9,0.283,0.0,0.151,0.45,0.767,0.9
594,2,1.0,1.0,0.616,0.05,-0.082,0.1,0.534,0.95
595,5,0.65,0.767,0.666,0.383,0.918,0.433,0.584,0.717
596,5,0.3,0.534,0.716,0.716,1.0,0.766,0.634,0.484
597,,0.25,0.484,0.666,0.666,0.95,0.716,0.584,0.434
598,,0.2,0.434,0.616,0.616,0.9,0.666,0.534,0.384
599,,0.15,0.384,0.566,0.566,0.85,0.616,0.484,0.334
600,,0.1,0.334,0.516,0.516,0.8,0.566,0.434,0.284
601,,0.05,0.284,0.466,0.466,0.75,0.516,0.384,0.234
602,,0.0,0.234,0.416,0.416,0.7,0.466,0.334,0.184
603,,-0.05,0.184,0.366,0.366,0.65,0.416,0.284,0.134
604,1,0.95,0.517,0.416,0.133,0.3,0.183,0.334,0.467
605,1,1.0,0.85,0.466,-0.1,-0.05,-0.05,0.384,0.8
606,4,0.767,0.9,0.799,0.9,0.283,0.0,0.151,0.45
607,4,0.534,0.95,1.0,1.0,0.616,0.05,-0.082,0.1
608,7,0.584,0.717,0.65,0.767,0.666,0.383,0.918,0.433
609,7,0.634,0.484,0.3,0.534,0.716,0.716,1.0,0.766
610,,0.584,0.434,0.25,0.484,0.666,0.666,0.95,0.716
611,,0.534,0.384,0.2,0.434,0.616,0.616,0.9,0.666
612,,0.484,0.334,0.15,0.384,0.566,0.566,0.85,0.616
613,,0.434,0.284,0.1,0.334,0.516,0.516,0.8,0.566
614,,0.384,0.234,0.05,0.284,0.466,0.466,0.75,0.516
615,,0.334,0.184,0.0,0.234,0.416,0.416,0.7,0.466
616,,0.284,0.134,-0.05,0.184,0.366,0.366,0.65,0.416
617,3,0.334,0.467,0.95,0.517,0.416,0.133,0.3,0.183
618,3,0.384,0.8,1.0,0.85,0.466,-0.1,-0.05,-0.05
619,6,0.151,0.45,0.767,0.9,0.799,0.9,0.283,0.0
620,6,-0.082,0.1,0.534,0.95,1.0,1.0,0.616,0.05
621,1,0.918,0.433,0.584,0.717,0.65,0.767,0.666,0.383
622,1,1.0,0.766,0.634,0.484,0.3,0.534,0.716,0.716
623,,0.95,0.716,0.584,0.434,0.25,0.484,0.666,0.666
624,,0.9,0.666,0.534,0.384,0.2,0.434,0.616,0.616
625,,0.85,0.616,0.484,0.334,0.15,0.384,0.566,0.566
626,,0.8,0.566,0.434,0.284,0.1,0.334,0.516,0.516
627,,0.75,0.516,0.384,0.234,0.05,0.284,0.466,0.466
628,,0.7,0.466,0.334,0.184,0.0,0.234,0.416,0.416
629,,0.65,0.416,0.284,0.134,-0.05,0.184,0.366,0.366
630,5,0.3,0.183,0.334,0.467,0.95,0.517,0.416,0.133
631,5,-0.05,-0.05,0.384,0.8,1.0,0.85,0.466,-0.1
632,8,0.283,0.0,0.151,0.45,0.767,0.9,0.799,0.9
633,8,0.616,0.05,-0.082,0.1,0.534,0.95,1.0,1.0
634,3,0.666,0.383,0.918,0.433,0.584,0.717,0.65,0.767
635,3,0.716,0.716,1.0,0.766,0.634,0.484,0.3,0.534
636,,0.666,0.666,0.95,0.716,0.584,0.434,0.25,0.484
637,,0.616,0.616,0.9,0.666,0.534,0.384,0.2,0.434
638,,0.566,0.566,0.85,0.616,0.484,0.334,0.15,0.384
639,,0.516,0.516,0.8,0.566,0.434,0.284,0.1,0.334
640,,0.466,0.466,0.75,0.516,0.384,0.234,0.05,0.284
641,,0.416,0.416,0.7,0.466,0.334,0.184,0.0,0.234
642,,0.366,0.366,0.65,0.416,0.284,0.134,-0.05,0.184
643,7,0.416,0.133,0.3,0.183,0.334,0.467,0.95,0.517
644,7,0.466,-0.1,-0.05,-0.05,0.384,0.8,1.0,0.85
645,2,0.799,0.9,0.283,0.0,0.151,0.45,0.767,0.9
646,2,1.0,1.0,0.616,0.05,-0.082,0.1,0.534,0.95
647,5,0.65,0.767,0.666,0.383,0.918,0.433,0.584,0.717
648,5,0.3,0.534,0.716,0.716,1.0,0.766,0.634,0.484
649,,0.25,0.484,0.666,0.666,0.95,0.716,0.584,0.434
650,,0.2,0.434,0.616,0.616,0.9,0.666,0.534,0.384
651,,0.15,0.384,0.566,0.566,0.85,0.616,0.484,0.334
652,,0.1,0.334,0.516,0.516,0.8,0.566,0.434,0.284
653,,0.05,0.284,0.466,0.466,0.75,0.516,0.384,0.234
654,,0.0,0.234,0.416,0.416,0.7,0.466,0.334,0.184
655,,-0.05,0.184,0.366,0.366,0.65,0.416,0.284,0.134
656,1,0.95,0.517,0.416,0.133,0.3,0.183,0.334,0.467
657,1,1.0,0.85,0.466,-0.1,-0.05,-0.05,0.384,0.8
658,4,0.767,0.9,0.799,0.9,0.283,0.0,0.151,0.45
659,4,0.534,0.95,1.0,1.0,0.616,0.05,-0.082,0.1
660,7,0.584,0.717,0.65,0.767,0.666,0.383,0.918,0.433
661,7,0.634,0.484,0.3,0.534,0.716,0.716,1.0,0.766
662,,0.584,0.434,0.25,0.484,0.666,0.666,0.95,0.716
663,,0.534,0.384,0.2,0.434,0.616,0.616,0.9,0.666
664,,0.484,0.334,0.15,0.384,0.566,0.566,0.85,0.616
665,,0.434,0.284,0.1,0.334,0.516,0.516,0.8,0.566
666,,0.384,0.234,0.05,0.284,0.466,0.466,0.75,0.516
667,,0.334,0.184,0.0,0.234,0.416,0.416,0.7,0.466
668,,0.284,0.134,-0.05,0.184,0.366,0.366,0.65,0.416
669,3,0.334,0.467,0.95,0.517,0.416,0.133,0.3,0.183
670,3,0.384,0.8,1.0,0.85,0.466,-0.1,-0.05,-0.05
671,6,0.151,0.45,0.767,0.9,0.799,0.9,0.283,0.0
672,6,-0.082,0.1,0.534,0.95,1.0,1.0,0.616,0.05
673,1,0.918,0.433,0.584,0.717,0.65,0.767,0.666,0.383
674,1,1.0,0.766,0.634,0.484,0.3,0.534,0.716,0.716
675,,0.95,0.716,0.584,0.434,0.25,0.484,0.666,0.666
676,,0.9,0.666,0.534,0.384,0.2,0.434,0.616,0.616
677,,0.85,0.616,0.484,0.334,0.15,0.384,0.566,0.566
678,,0.8,0.566,0.434,0.284,0.1,0.334,0.516,0.516
679,,0.75,0.516,0.384,0.234,0.05,0.284,0.466,0.466
680,,0.7,0.466,0.334,0.184,0.0,0.234,0.416,0.416
681,,0.65,0.416,0.284,0.134,-0.05,0.184,0.366,0.366
682,5,0.3,0.183,0.334,0.467,0.95,0.517,0.416,0.133
683,5,-0.05,-0.05,0.384,0.8,1.0,0.85,0.466,-0.1
684,8,0.283,0.0,0.151,0.45,0.767,0.9,0.799,0.9
685,8,0.616,0.05,-0.082,0.1,0.534,0.95,1.0,1.0
686,3,0.666,0.383,0.918,0.433,0.584,0.717,0.65,0.767
687,3,0.716,0.716,1.0,0.766,0.634,0.484,0.3,0.534
688,,0.666,0.666,0.95,0.716,0.584,0.434,0.25,0.484
689,,0.616,0.616,0.9,0.666,0.534,0.384,0.2,0.434
690,,0.566,0.566,0.85,0.616,0.484,0.334,0.15,0.384
691,,0.516,0.516,0.8,0.566,0.434,0.284,0.1,0.334
692,,0.466,0.466,0.75,0.516,0.384,0.234,0.05,0.284
693,,0.416,0.416,0.7,0.466,0.334,0.184,0.0,0.234
694,,0.366,0.366,0.65,0.416,0.284,0.134,-0.05,0.184
695,7,0.416,0.133,0.3,0.183,0.334,0.467,0.95,0.517
696,7,0.466,-0.1,-0.05,-0.05,0.384,0.8,1.0,0.85
697,2,0.799,0.9,0.283,0.0,0.151,0.45,0.767,0.9
698,2,1.0,1.0,0.616,0.05,-0.082,0.1,0.534,0.95
699,5,0.65,0.767,0.666,0.383,0.918,0.433,0.584,0.717
700,5,0.3,0.534,0.716,0.716,1.0,0.766,0.634,0.484
701,,0.25,0.484,0.666,0.666,0.95,0.716,0.584,0.434
702,,0.2,0.434,0.616,0.616,0.9,0.666,0.534,0.384
703,,0.15,0.384,0.566,0.566,0.85,0.616,0.484,0.334
704,,0.1,0.334,0.516,0.516,0.8,0.566,0.434,0.284
705,,0.05,0.284,0.466,0.466,0.75,0.516,0.384,0.234
706,,0.0,0.234,0.416,0.416,0.7,0.466,0.334,0.184
707,,-0.05,0.184,0.366,0.366,0.65,0.416,0.284,0.134
708,1,0.95,0.517,0.416,0.133,0.3,0.183,0.334,0.467
709,1,1.0,0.85,0.466,-0.1,-0.05,-0.05,0.384,0.8
710,4,0.767,0.9,0.799,0.9,0.283,0.0,0.151,0.45
711,4,0.534,0.95,1.0,1.0,0.616,0.05,-0.082,0.1
712,7,0.584,0.717,0.65,0.767,0.666,0.383,0.918,0.433
713,7,0.634,0.484,0.3,0.534,0.716,0.716,1.0,0.766
714,,0.584,0.434,0.25,0.484,0.666,0.666,0.95,0.716
715,,0.534,0.384,0.2,0.434,0.616,0.616,0.9,0.666
716,,0.484,0.334,0.15,0.384,0.566,0.566,0.85,0.616
717,,0.434,0.284,0.1,0.334,0.516,0.516,0.8,0.566
718,,0.384,0.234,0.05,0.284,0.466,0.466,0.75,0.516
719,,0.334,0.184,0.0,0.234,0.416,0.416,0.7,0.466
720,,0.284,0.134,-0.05,0.184,0.366,0.366,0.65,0.416
721,3,0.334,0.467,0.95,0.517,0.416,0.133,0.3,0.183
722,3,0.384,0.8,1.0,0.85,0.466,-0.1,-0.05,-0.05
723,6,0.151,0.45,0.767,0.9,0.799,0.9,0.283,0.0
724,6,-0.082,0.1,0.534,0.95,1.0,1.0,0.616,0.05
725,1,0.918,0.433,0.584,0.717,0.65,0.767,0.666,0.383
726,1,1.0,0.766,0.634,0.484,0.3,0.534,0.716,0.716
727,,0.95,0.716,0.584,0.434,0.25,0.484,0.666,0.666
728,,0.9,0.666,0.534,0.384,0.2,0.434,0.616,0.616
729,,0.85,0.616,0.484,0.334,0.15,0.384,0.566,0.566
730,,0.8,0.566,0.434,0.284,0.1,0.334,0.516,0.516
731,,0.75,0.516,0.384,0.234,0.05,0.284,0.466,0.466
732,,0.7,0.466,0.334,0.184,0.0,0.234,0.416,0.416
733,,0.65,0.416,0.284,0.134,-0.05,0.184,0.366,0.366
734,5,0.3,0.183,0.334,0.467,0.95,0.517,0.416,0.133
735,5,-0.05,-0.05,0.384,0.8,1.0,0.85,0.466,-0.1
736,8,0.283,0.0,0.151,0.45,0.767,0.9,0.799,0.9
737,8,0.616,0.05,-0.082,0.1,0.534,0.95,1.0,1.0
738,3,0.666,0.383,0.918,0.433,0.584,0.717,0.65,0.767
739,3,0.716,0.716,1.0,0.766,0.634,0.484,0.3,0.534
740,,0.666,0.666,0.95,0.716,0.584,0.434,0.25,0.484
741,,0.616,0.616,0.9,0.666,0.534,0.384,0.2,0.434
742,,0.566,0.566,0.85,0.616,0.484,0.334,0.15,0.384
743,,0.516,0.516,0.8,0.566,0.434,0.284,0.1,0.334
744,,0.466,0.466,0.75,0.516,0.384,0.234,0.05,0.284
745,,0.416,0.416,0.7,0.466,0.334,0.184,0.0,0.234
746,,0.366,0.366,0.65,0.416,0.284,0.134,-0.05,0.184
747,7,0.416,0.133,0.3,0.183,0.334,0.467,0.95,0.517
748,7,0.466,-0.1,-0.05,-0.05,0.384,0.8,1.0,0.85
749,2,0.799,0.9,0.283,0.0,0.151,0.45,0.767,0.9
750,2,1.0,1.0,0.616,0.05,-0.082,0.1,0.534,0.95
751,5,0.65,0.767,0.666,0.383,0.918,0.433,0.584,0.717
752,5,0.3,0.534,0.716,0.716,1.0,0.766,0.634,0.484
753,,0.25,0.484,0.666,0.666,0.95,0.716,0.584,0.434
754,,0.2,0.434,0.616,0.616,0.9,0.666,0.534,0.384
755,,0.15,0.384,0.566,0.566,0.85,0.616,0.484,0.334
756,,0.1,0.334,0.516,0.516,0.8,0.566,0.434,0.284
757,,0.05,0.284,0.466,0.466,0.75,0.516,0.384,0.234
758,,0.0,0.234,0.416,0.416,0.7,0.466,0.334,0.184
759,,-0.05,0.184,0.366,0.366,0.65,0.416,0.284,0.134
760,1,0.95,0.517,0.416,0.133,0.3,0.183,0.334,0.467
761,1,1.0,0.85,0.466,-0.1,-0.05,-0.05,0.384,0.8
762,4,0.767,0.9,0.799,0.9,0.283,0.0,0.151,0.45
763,4,0.534,0.95,1.0,1.0,0.616,0.05,-0.082,0.1
764,7,0.584,0.717,0.65,0.767,0.666,0.383,0.918,0.433
765,7,0.634,0.484,0.3,0.534,0.716,0.716,1.0,0.766
766,,0.584,0.434,0.25,0.484,0.666,0.666,0.95,0.716
767,,0.534,0.384,0.2,0.434,0.616,0.616,0.9,0.666
768,,0.484,0.334,0.15,0.384,0.566,0.566,0.85,0.616
769,,0.434,0.284,0.1,0.334,0.516,0.516,0.8,0.566
770,,0.384,0.234,0.05,0.284,0.466,0.466,0.75,0.516
771,,0.334,0.184,0.0,0.234,0.416,0.416,0.7,0.466
772,,0.284,0.134,-0.05,0.184,0.366,0.366,0.65,0.416
773,3,0.334,0.467,0.95,0.517,0.416,0.133,0.3,0.183
774,3,0.384,0.8,1.0,0.85,0.466,-0.1,-0.05,-0.05
775,6,0.151,0.45,0.767,0.9,0.799,0.9,0.283,0.0
776,6,-0.082,0.1,0.534,0.95,1.0,1.0,0.616,0.05
777,1,0.918,0.433,0.584,0.717,0.65,0.767,0.666,0.383
778,1,1.0,0.766,0.634,0.484,0.3,0.534,0.716,0.716
779,,0.95,0.716,0.584,0.434,0.25,0.484,0.666,0.666
780,,0.9,0.666,0.534,0.384,0.2,0.434,0.616,0.616
781,,0.85,0.616,0.484,0.334,0.15,0.384,0.566,0.566
782,,0.8,0.566,0.434,0.284,0.1,0.334,0.516,0.516
783,,0.75,0.516,0.384,0.234,0.05,0.284,0.466,0.466
784,,0.7,0.466,0.334,0.184,0.0,0.234,0.416,0.416
785,,0.65,0.416,0.284,0.134,-0.05,0.184,0.366,0.366
786,5,0.3,0.183,0.334,0.467,0.95,0.517,0.416,0.133
787,5,-0.05,-0.05,0.384,0.8,1.0,0.85,0.466,-0.1
788,8,0.283,0.0,0.151,0.45,0.767,0.9,0.799,0.9
789,8,0.616,0.05,-0.082,0.1,0.534,0.95,1.0,1.0
790,3,0.666,0.383,0.918,0.433,0.584,0.717,0.65,0.767
791,3,0.716,0.716,1.0,0.766,0.634,0.484,0.3,0.534
792,,0.666,0.666,0.95,0.716,0.584,0.434,0.25,0.484
793,,0.616,0.616,0.9,0.666,0.534,0.384,0.2,0.434
794,,0.566,0.566,0.85,0.616,0.484,0.334,0.15,0.384
