step,active_motive,motive_1,motive_2,motive_3,motive_4,motive_5,motive_6,motive_7,motive_8
0,,0.48494,0.02158,0.44557,0.26385,0.49648,0.0369,0.27693,0.48465
1,,0.43494,-0.02842,0.39557,0.21385,0.44648,-0.0131,0.22693,0.43465
2,2,0.76794,0.97158,0.72857,0.26385,0.21348,-0.3631,-0.00607,0.48465
3,2,1.0,1.0,1.0,0.31385,-0.01952,-0.7131,-0.23907,0.53465
4,6,0.767,0.65,0.767,0.36385,0.31348,0.2869,0.09393,0.58465
5,6,0.534,0.3,0.534,0.41385,0.64648,1.0,0.42693,0.63465
6,,0.484,0.25,0.484,0.36385,0.59648,0.95,0.37693,0.58465
7,,0.434,0.2,0.434,0.31385,0.54648,0.9,0.32693,0.53465
8,,0.384,0.15,0.384,0.26385,0.49648,0.85,0.27693,0.48465
9,,0.334,0.1,0.334,0.21385,0.44648,0.8,0.22693,0.43465
10,,0.284,0.05,0.284,0.16385,0.39648,0.75,0.17693,0.38465
11,,0.234,0.0,0.234,0.11385,0.34648,0.7,0.12693,0.33465
12,,0.184,-0.05,0.184,0.06385,0.29648,0.65,0.07693,0.28465
13,2,0.517,0.95,0.517,0.11385,0.06348,0.3,-0.15607,0.33465
14,2,0.85,1.0,0.85,0.16385,-0.16952,-0.05,-0.38907,0.38465
15,7,0.9,0.767,0.5,-0.06915,-0.11952,0.283,0.61093,0.71765
16,7,0.95,0.534,0.15,-0.30215,-0.06952,0.616,1.0,1.0
17,4,0.717,0.584,0.483,0.69785,0.26348,0.666,0.767,0.65
18,4,0.484,0.634,0.816,1.0,0.59648,0.716,0.534,0.3
19,,0.434,0.584,0.766,0.95,0.54648,0.666,0.484,0.25
20,,0.384,0.534,0.716,0.9,0.49648,0.616,0.434,0.2
21,,0.334,0.484,0.666,0.85,0.44648,0.566,0.384,0.15
22,,0.284,0.434,0.616,0.8,0.39648,0.516,0.334,0.1
23,,0.234,0.384,0.566,0.75,0.34648,0.466,0.284,0.05
24,,0.184,0.334,0.516,0.7,0.29648,0.416,0.234,0.0
25,,0.134,0.284,0.466,0.65,0.24648,0.366,0.184,-0.05
26,8,0.467,0.334,0.233,0.3,0.01348,0.416,0.517,0.95
27,8,0.8,0.384,0.0,-0.05,-0.21952,0.466,0.85,1.0
28,5,0.45,0.151,0.05,0.283,0.78048,0.799,0.9,0.767
29,5,0.1,-0.082,0.1,0.616,1.0,1.0,0.95,0.534
30,2,0.433,0.918,0.433,0.666,0.767,0.65,0.717,0.584
31,2,0.766,1.0,0.766,0.716,0.534,0.3,0.484,0.634
32,,0.716,0.95,0.716,0.666,0.484,0.25,0.434,0.584
33,,0.666,0.9,0.666,0.616,0.434,0.2,0.384,0.534
34,,0.616,0.85,0.616,0.566,0.384,0.15,0.334,0.484
35,,0.566,0.8,0.566,0.516,0.334,0.1,0.284,0.434
36,,0.516,0.75,0.516,0.466,0.284,0.05,0.234,0.384
37,,0.466,0.7,0.466,0.416,0.234,0.0,0.184,0.334
38,,0.416,0.65,0.416,0.366,0.184,-0.05,0.134,0.284
39,6,0.183,0.3,0.183,0.416,0.517,0.95,0.467,0.334
40,6,-0.05,-0.05,-0.05,0.466,0.85,1.0,0.8,0.384
41,2,0.283,0.95,0.283,0.516,0.617,0.65,0.567,0.434
42,2,0.616,1.0,0.616,0.566,0.384,0.3,0.334,0.484
43,,0.566,0.95,0.566,0.516,0.334,0.25,0.284,0.434
44,,0.516,0.9,0.516,0.466,0.284,0.2,0.234,0.384
45,,0.466,0.85,0.466,0.416,0.234,0.15,0.184,0.334
46,,0.416,0.8,0.416,0.366,0.184,0.1,0.134,0.284
47,,0.366,0.75,0.366,0.316,0.134,0.05,0.084,0.234
48,,0.316,0.7,0.316,0.266,0.084,0.0,0.034,0.184
49,,0.266,0.65,0.266,0.216,0.034,-0.05,-0.016,0.134
50,6,0.033,0.3,0.033,0.266,0.367,0.95,0.317,0.184
51,6,-0.2,-0.05,-0.2,0.316,0.7,1.0,0.65,0.234
52,1,0.8,0.283,-0.15,0.083,0.35,0.767,0.7,0.567
53,1,1.0,0.616,-0.1,-0.15,-0.0,0.534,0.75,0.9
54,4,0.767,0.666,0.233,0.85,0.333,0.584,0.517,0.55
55,4,0.534,0.716,0.566,1.0,0.666,0.634,0.284,0.2
56,,0.484,0.666,0.516,0.95,0.616,0.584,0.234,0.15
57,,0.434,0.616,0.466,0.9,0.566,0.534,0.184,0.1
58,,0.384,0.566,0.416,0.85,0.516,0.484,0.134,0.05
59,,0.334,0.516,0.366,0.8,0.466,0.434,0.084,0.0
60,,0.284,0.466,0.316,0.75,0.416,0.384,0.034,-0.05
61,8,0.617,0.516,0.083,0.4,0.183,0.434,0.367,0.95
62,8,0.95,0.566,-0.15,0.05,-0.05,0.484,0.7,1.0
63,3,1.0,0.899,0.85,0.383,0.0,0.251,0.35,0.767
64,3,1.0,1.0,1.0,0.716,0.05,0.018,-0.0,0.534
65,,0.95,0.95,0.95,0.666,0.0,-0.032,-0.05,0.484
66,7,1.0,0.717,0.6,0.433,0.05,0.301,0.95,0.817
67,7,1.0,0.484,0.25,0.2,0.1,0.634,1.0,1.0
68,,0.95,0.434,0.2,0.15,0.05,0.584,0.95,0.95
69,,0.9,0.384,0.15,0.1,0.0,0.534,0.9,0.9
70,,0.85,0.334,0.1,0.05,-0.05,0.484,0.85,0.85
71,5,0.5,0.101,0.15,0.383,0.95,0.817,0.9,0.617
72,5,0.15,-0.132,0.2,0.716,1.0,1.0,0.95,0.384
73,2,0.483,0.868,0.533,0.766,0.767,0.65,0.717,0.434
74,2,0.816,1.0,0.866,0.816,0.534,0.3,0.484,0.484
75,,0.766,0.95,0.816,0.766,0.484,0.25,0.434,0.434
76,,0.716,0.9,0.766,0.716,0.434,0.2,0.384,0.384
77,,0.666,0.85,0.716,0.666,0.384,0.15,0.334,0.334
78,,0.616,0.8,0.666,0.616,0.334,0.1,0.284,0.284
79,,0.566,0.75,0.616,0.566,0.284,0.05,0.234,0.234
80,,0.516,0.7,0.566,0.516,0.234,0.0,0.184,0.184
81,,0.466,0.65,0.516,0.466,0.184,-0.05,0.134,0.134
82,6,0.233,0.3,0.283,0.516,0.517,0.95,0.467,0.184
83,6,0.0,-0.05,0.05,0.566,0.85,1.0,0.8,0.234
84,2,0.333,0.95,0.383,0.616,0.617,0.65,0.567,0.284
85,2,0.666,1.0,0.716,0.666,0.384,0.3,0.334,0.334
86,,0.616,0.95,0.666,0.616,0.334,0.25,0.284,0.284
87,,0.566,0.9,0.616,0.566,0.284,0.2,0.234,0.234
88,,0.516,0.85,0.566,0.516,0.234,0.15,0.184,0.184
89,,0.466,0.8,0.516,0.466,0.184,0.1,0.134,0.134
90,,0.416,0.75,0.466,0.416,0.134,0.05,0.084,0.084
91,,0.366,0.7,0.416,0.366,0.084,0.0,0.034,0.034
92,,0.316,0.65,0.366,0.316,0.034,-0.05,-0.016,-0.016
93,6,0.083,0.3,0.133,0.366,0.367,0.95,0.317,0.034
94,6,-0.15,-0.05,-0.1,0.416,0.7,1.0,0.65,0.084
95,1,0.85,0.283,-0.05,0.183,0.35,0.767,0.7,0.417
96,1,1.0,0.616,0.0,-0.05,-0.0,0.534,0.75,0.75
97,4,0.767,0.666,0.333,0.95,0.333,0.584,0.517,0.4
98,4,0.534,0.716,0.666,1.0,0.666,0.634,0.284,0.05
99,,0.484,0.666,0.616,0.95,0.616,0.584,0.234,0.0
100,,0.434,0.616,0.566,0.9,0.566,0.534,0.184,-0.05
101,8,0.767,0.666,0.333,0.55,0.333,0.584,0.517,0.95
102,8,1.0,0.716,0.1,0.2,0.1,0.634,0.85,1.0
103,,0.95,0.666,0.05,0.15,0.05,0.584,0.8,0.95
104,,0.9,0.616,0.0,0.1,0.0,0.534,0.75,0.9
105,,0.85,0.566,-0.05,0.05,-0.05,0.484,0.7,0.85
106,3,0.9,0.899,0.95,0.383,0.0,0.251,0.35,0.617
107,3,0.95,1.0,1.0,0.716,0.05,0.018,-0.0,0.384
108,,0.9,0.95,0.95,0.666,0.0,-0.032,-0.05,0.334
109,7,0.95,0.717,0.6,0.433,0.05,0.301,0.95,0.667
110,7,1.0,0.484,0.25,0.2,0.1,0.634,1.0,1.0
111,,0.95,0.434,0.2,0.15,0.05,0.584,0.95,0.95
112,,0.9,0.384,0.15,0.1,0.0,0.534,0.9,0.9
113,,0.85,0.334,0.1,0.05,-0.05,0.484,0.85,0.85
114,5,0.5,0.101,0.15,0.383,0.95,0.817,0.9,0.617
115,5,0.15,-0.132,0.2,0.716,1.0,1.0,0.95,0.384
116,2,0.483,0.868,0.533,0.766,0.767,0.65,0.717,0.434
117,2,0.816,1.0,0.866,0.816,0.534,0.3,0.484,0.484
118,,0.766,0.95,0.816,0.766,0.484,0.25,0.434,0.434
119,,0.716,0.9,0.766,0.716,0.434,0.2,0.384,0.384
120,,0.666,0.85,0.716,0.666,0.384,0.15,0.334,0.334
121,,0.616,0.8,0.666,0.616,0.334,0.1,0.284,0.284
122,,0.566,0.75,0.616,0.566,0.284,0.05,0.234,0.234
123,,0.516,0.7,0.566,0.516,0.234,0.0,0.184,0.184
124,,0.466,0.65,0.516,0.466,0.184,-0.05,0.134,0.134
125,6,0.233,0.3,0.283,0.516,0.517,0.95,0.467,0.184
126,6,0.0,-0.05,0.05,0.566,0.85,1.0,0.8,0.234
127,2,0.333,0.95,0.383,0.616,0.617,0.65,0.567,0.284
128,2,0.666,1.0,0.716,0.666,0.384,0.3,0.334,0.334
129,,0.616,0.95,0.666,0.616,0.334,0.25,0.284,0.284
130,,0.566,0.9,0.616,0.566,0.284,0.2,0.234,0.234
131,,0.516,0.85,0.566,0.516,0.234,0.15,0.184,0.184
132,,0.466,0.8,0.516,0.466,0.184,0.1,0.134,0.134
133,,0.416,0.75,0.466,0.416,0.134,0.05,0.084,0.084
134,,0.366,0.7,0.416,0.366,0.084,0.0,0.034,0.034
135,,0.316,0.65,0.366,0.316,0.034,-0.05,-0.016,-0.016
136,6,0.083,0.3,0.133,0.366,0.367,0.95,0.317,0.034
137,6,-0.15,-0.05,-0.1,0.416,0.7,1.0,0.65,0.084
138,1,0.85,0.283,-0.05,0.183,0.35,0.767,0.7,0.417
139,1,1.0,0.616,0.0,-0.05,-0.0,0.534,0.75,0.75
140,4,0.767,0.666,0.333,0.95,0.333,0.584,0.517,0.4
141,4,0.534,0.716,0.666,1.0,0.666,0.634,0.284,0.05
142,,0.484,0.666,0.616,0.95,0.616,0.584,0.234,0.0
143,,0.434,0.616,0.566,0.9,0.566,0.534,0.184,-0.05
144,8,0.767,0.666,0.333,0.55,0.333,0.584,0.517,0.95
145,8,1.0,0.716,0.1,0.2,0.1,0.634,0.85,1.0
146,,0.95,0.666,0.05,0.15,0.05,0.584,0.8,0.95
147,,0.9,0.616,0.0,0.1,0.0,0.534,0.75,0.9
148,,0.85,0.566,-0.05,0.05,-0.05,0.484,0.7,0.85
149,3,0.9,0.899,0.95,0.383,0.0,0.251,0.35,0.617
150,3,0.95,1.0,1.0,0.716,0.05,0.018,-0.0,0.384
151,,0.9,0.95,0.95,0.666,0.0,-0.032,-0.05,0.334
152,7,0.95,0.717,0.6,0.433,0.05,0.301,0.95,0.667
153,7,1.0,0.484,0.25,0.2,0.1,0.634,1.0,1.0
154,,0.95,0.434,0.2,0.15,0.05,0.584,0.95,0.95
155,,0.9,0.384,0.15,0.1,0.0,0.534,0.9,0.9
156,,0.85,0.334,0.1,0.05,-0.05,0.484,0.85,0.85
157,5,0.5,0.101,0.15,0.383,0.95,0.817,0.9,0.617
158,5,0.15,-0.132,0.2,0.716,1.0,1.0,0.95,0.384
159,2,0.483,0.868,0.533,0.766,0.767,0.65,0.717,0.434
160,2,0.816,1.0,0.866,0.816,0.534,0.3,0.484,0.484
161,,0.766,0.95,0.816,0.766,0.484,0.25,0.434,0.434
162,,0.716,0.9,0.766,0.716,0.434,0.2,0.384,0.384
163,,0.666,0.85,0.716,0.666,0.384,0.15,0.334,0.334
164,,0.616,0.8,0.666,0.616,0.334,0.1,0.284,0.284
165,,0.566,0.75,0.616,0.566,0.284,0.05,0.234,0.234
166,,0.516,0.7,0.566,0.516,0.234,0.0,0.184,0.184
167,,0.466,0.65,0.516,0.466,0.184,-0.05,0.134,0.134
168,6,0.233,0.3,0.283,0.516,0.517,0.95,0.467,0.184
169,6,0.0,-0.05,0.05,0.566,0.85,1.0,0.8,0.234
170,2,0.333,0.95,0.383,0.616,0.617,0.65,0.567,0.284
171,2,0.666,1.0,0.716,0.666,0.384,0.3,0.334,0.334
172,,0.616,0.95,0.666,0.616,0.334,0.25,0.284,0.284
173,,0.566,0.9,0.616,0.566,0.284,0.2,0.234,0.234
174,,0.516,0.85,0.566,0.516,0.234,0.15,0.184,0.184
175,,0.466,0.8,0.516,0.466,0.184,0.1,0.134,0.134
176,,0.416,0.75,0.466,0.416,0.134,0.05,0.084,0.084
177,,0.366,0.7,0.416,0.366,0.084,0.0,0.034,0.034
178,,0.316,0.65,0.366,0.316,0.034,-0.05,-0.016,-0.016
179,6,0.083,0.3,0.133,0.366,0.367,0.95,0.317,0.034
180,6,-0.15,-0.05,-0.1,0.416,0.7,1.0,0.65,0.084
181,1,0.85,0.283,-0.05,0.183,0.35,0.767,0.7,0.417
182,1,1.0,0.616,0.0,-0.05,-0.0,0.534,0.75,0.75
183,4,0.767,0.666,0.333,0.95,0.333,0.584,0.517,0.4
184,4,0.534,0.716,0.666,1.0,0.666,0.634,0.284,0.05
185,,0.484,0.666,0.616,0.95,0.616,0.584,0.234,0.0
186,,0.434,0.616,0.566,0.9,0.566,0.534,0.184,-0.05
187,8,0.767,0.666,0.333,0.55,0.333,0.584,0.517,0.95
188,8,1.0,0.716,0.1,0.2,0.1,0.634,0.85,1.0
189,,0.95,0.666,0.05,0.15,0.05,0.584,0.8,0.95
190,,0.9,0.616,0.0,0.1,0.0,0.534,0.75,0.9
191,,0.85,0.566,-0.05,0.05,-0.05,0.484,0.7,0.85
192,5,0.5,0.333,0.0,0.383,0.95,0.817,0.75,0.617
193,5,0.15,0.1,0.05,0.716,1.0,1.0,0.8,0.384
194,,0.1,0.05,0.0,0.666,0.95,0.95,0.75,0.334
195,,0.05,0.0,-0.05,0.616,0.9,0.9,0.7,0.284
196,3,0.1,0.333,0.95,0.949,0.95,0.667,0.35,0.051
197,3,0.15,0.666,1.0,1.0,1.0,0.434,-0.0,-0.182
198,8,0.483,0.716,0.767,0.65,0.767,0.484,0.333,0.818
199,8,0.816,0.766,0.534,0.3,0.534,0.534,0.666,1.0
200,,0.766,0.716,0.484,0.25,0.484,0.484,0.616,0.95
201,,0.716,0.666,0.434,0.2,0.434,0.434,0.566,0.9
202,,0.666,0.616,0.384,0.15,0.384,0.384,0.516,0.85
203,,0.616,0.566,0.334,0.1,0.334,0.334,0.466,0.8
204,,0.566,0.516,0.284,0.05,0.284,0.284,0.416,0.75
205,,0.516,0.466,0.234,0.0,0.234,0.234,0.366,0.7
206,,0.466,0.416,0.184,-0.05,0.184,0.184,0.316,0.65
207,4,0.233,0.466,0.517,0.95,0.517,0.234,0.083,0.3
208,4,0.0,0.516,0.85,1.0,0.85,0.284,-0.15,-0.05
209,7,0.05,0.283,0.5,0.767,0.9,0.617,0.85,0.283
210,7,0.1,0.05,0.15,0.534,0.95,0.95,1.0,0.616
211,,0.05,0.0,0.1,0.484,0.9,0.9,0.95,0.566
212,,0.0,-0.05,0.05,0.434,0.85,0.85,0.9,0.516
213,2,0.333,0.95,0.383,0.484,0.617,0.5,0.667,0.566
214,2,0.666,1.0,0.716,0.534,0.384,0.15,0.434,0.616
215,,0.616,0.95,0.666,0.484,0.334,0.1,0.384,0.566
216,,0.566,0.9,0.616,0.434,0.284,0.05,0.334,0.516
217,,0.516,0.85,0.566,0.384,0.234,0.0,0.284,0.466
218,,0.466,0.8,0.516,0.334,0.184,-0.05,0.234,0.416
219,6,0.233,0.45,0.283,0.384,0.517,0.95,0.567,0.466
220,6,0.0,0.1,0.05,0.434,0.85,1.0,0.9,0.516
221,,-0.05,0.05,0.0,0.384,0.8,0.95,0.85,0.466
222,1,0.95,0.383,0.05,0.151,0.45,0.717,0.9,0.799
223,1,1.0,0.716,0.1,-0.082,0.1,0.484,0.95,1.0
224,4,0.767,0.766,0.433,0.918,0.433,0.534,0.717,0.65
225,4,0.534,0.816,0.766,1.0,0.766,0.584,0.484,0.3
226,,0.484,0.766,0.716,0.95,0.716,0.534,0.434,0.25
227,,0.434,0.716,0.666,0.9,0.666,0.484,0.384,0.2
228,,0.384,0.666,0.616,0.85,0.616,0.434,0.334,0.15
229,,0.334,0.616,0.566,0.8,0.566,0.384,0.284,0.1
230,,0.284,0.566,0.516,0.75,0.516,0.334,0.234,0.05
231,,0.234,0.516,0.466,0.7,0.466,0.284,0.184,0.0
232,,0.184,0.466,0.416,0.65,0.416,0.234,0.134,-0.05
233,8,0.517,0.516,0.183,0.3,0.183,0.284,0.467,0.95
234,8,0.85,0.566,-0.05,-0.05,-0.05,0.334,0.8,1.0
235,5,0.5,0.333,0.0,0.283,0.95,0.667,0.85,0.767
236,5,0.15,0.1,0.05,0.616,1.0,1.0,0.9,0.534
237,,0.1,0.05,0.0,0.566,0.95,0.95,0.85,0.484
238,,0.05,0.0,-0.05,0.516,0.9,0.9,0.8,0.434
239,3,0.1,0.333,0.95,0.849,0.95,0.667,0.45,0.201
240,3,0.15,0.666,1.0,1.0,1.0,0.434,0.1,-0.032
241,8,0.483,0.716,0.767,0.65,0.767,0.484,0.433,0.968
242,8,0.816,0.766,0.534,0.3,0.534,0.534,0.766,1.0
243,,0.766,0.716,0.484,0.25,0.484,0.484,0.716,0.95
244,,0.716,0.666,0.434,0.2,0.434,0.434,0.666,0.9
245,,0.666,0.616,0.384,0.15,0.384,0.384,0.616,0.85
246,,0.616,0.566,0.334,0.1,0.334,0.334,0.566,0.8
247,,0.566,0.516,0.284,0.05,0.284,0.284,0.516,0.75
248,,0.516,0.466,0.234,0.0,0.234,0.234,0.466,0.7
249,,0.466,0.416,0.184,-0.05,0.184,0.184,0.416,0.65
250,4,0.233,0.466,0.517,0.95,0.517,0.234,0.183,0.3
251,4,0.0,0.516,0.85,1.0,0.85,0.284,-0.05,-0.05
252,7,0.05,0.283,0.5,0.767,0.9,0.617,0.95,0.283
253,7,0.1,0.05,0.15,0.534,0.95,0.95,1.0,0.616
254,,0.05,0.0,0.1,0.484,0.9,0.9,0.95,0.566
255,,0.0,-0.05,0.05,0.434,0.85,0.85,0.9,0.516
256,2,0.333,0.95,0.383,0.484,0.617,0.5,0.667,0.566
257,2,0.666,1.0,0.716,0.534,0.384,0.15,0.434,0.616
258,,0.616,0.95,0.666,0.484,0.334,0.1,0.384,0.566
259,,0.566,0.9,0.616,0.434,0.284,0.05,0.334,0.516
260,,0.516,0.85,0.566,0.384,0.234,0.0,0.284,0.466
261,,0.466,0.8,0.516,0.334,0.184,-0.05,0.234,0.416
262,6,0.233,0.45,0.283,0.384,0.517,0.95,0.567,0.466
263,6,0.0,0.1,0.05,0.434,0.85,1.0,0.9,0.516
264,,-0.05,0.05,0.0,0.384,0.8,0.95,0.85,0.466
265,1,0.95,0.383,0.05,0.151,0.45,0.717,0.9,0.799
266,1,1.0,0.716,0.1,-0.082,0.1,0.484,0.95,1.0
267,4,0.767,0.766,0.433,0.918,0.433,0.534,0.717,0.65
268,4,0.534,0.816,0.766,1.0,0.766,0.584,0.484,0.3
269,,0.484,0.766,0.716,0.95,0.716,0.534,0.434,0.25
270,,0.434,0.716,0.666,0.9,0.666,0.484,0.384,0.2
271,,0.384,0.666,0.616,0.85,0.616,0.434,0.334,0.15
272,,0.334,0.616,0.566,0.8,0.566,0.384,0.284,0.1
273,,0.284,0.566,0.516,0.75,0.516,0.334,0.234,0.05
274,,0.234,0.516,0.466,0.7,0.466,0.284,0.184,0.0
275,,0.184,0.466,0.416,0.65,0.416,0.234,0.134,-0.05
276,8,0.517,0.516,0.183,0.3,0.183,0.284,0.467,0.95
277,8,0.85,0.566,-0.05,-0.05,-0.05,0.334,0.8,1.0
278,3,0.9,0.899,0.95,0.283,0.0,0.101,0.45,0.767
279,3,0.95,1.0,1.0,0.616,0.05,-0.132,0.1,0.534
280,6,0.717,0.65,0.767,0.666,0.383,0.868,0.433,0.584
281,6,0.484,0.3,0.534,0.716,0.716,1.0,0.766,0.634
282,,0.434,0.25,0.484,0.666,0.666,0.95,0.716,0.584
283,,0.384,0.2,0.434,0.616,0.616,0.9,0.666,0.534
284,,0.334,0.15,0.384,0.566,0.566,0.85,0.616,0.484
285,,0.284,0.1,0.334,0.516,0.516,0.8,0.566,0.434
286,,0.234,0.05,0.284,0.466,0.466,0.75,0.516,0.384
287,,0.184,0.0,0.234,0.416,0.416,0.7,0.466,0.334
288,,0.134,-0.05,0.184,0.366,0.366,0.65,0.416,0.284
289,2,0.467,0.95,0.517,0.416,0.133,0.3,0.183,0.334
290,2,0.8,1.0,0.85,0.466,-0.1,-0.05,-0.05,0.384
291,5,0.45,0.767,0.9,0.799,0.9,0.283,0.0,0.151
292,5,0.1,0.534,0.95,1.0,1.0,0.616,0.05,-0.082
293,8,0.433,0.584,0.717,0.65,0.767,0.666,0.383,0.918
294,8,0.766,0.634,0.484,0.3,0.534,0.716,0.716,1.0
295,,0.716,0.584,0.434,0.25,0.484,0.666,0.666,0.95
296,,0.666,0.534,0.384,0.2,0.434,0.616,0.616,0.9
297,,0.616,0.484,0.334,0.15,0.384,0.566,0.566,0.85
298,,0.566,0.434,0.284,0.1,0.334,0.516,0.516,0.8
299,,0.516,0.384,0.234,0.05,0.284,0.466,0.466,0.75
300,,0.466,0.334,0.184,0.0,0.234,0.416,0.416,0.7
301,,0.416,0.284,0.134,-0.05,0.184,0.366,0.366,0.65
302,4,0.183,0.334,0.467,0.95,0.517,0.416,0.133,0.3
303,4,-0.05,0.384,0.8,1.0,0.85,0.466,-0.1,-0.05
304,7,0.0,0.151,0.45,0.767,0.9,0.799,0.9,0.283
305,7,0.05,-0.082,0.1,0.534,0.95,1.0,1.0,0.616
306,2,0.383,0.918,0.433,0.584,0.717,0.65,0.767,0.666
307,2,0.716,1.0,0.766,0.634,0.484,0.3,0.534,0.716
308,,0.666,0.95,0.716,0.584,0.434,0.25,0.484,0.666
309,,0.616,0.9,0.666,0.534,0.384,0.2,0.434,0.616
310,,0.566,0.85,0.616,0.484,0.334,0.15,0.384,0.566
311,,0.516,0.8,0.566,0.434,0.284,0.1,0.334,0.516
312,,0.466,0.75,0.516,0.384,0.234,0.05,0.284,0.466
313,,0.416,0.7,0.466,0.334,0.184,0.0,0.234,0.416
314,,0.366,0.65,0.416,0.284,0.134,-0.05,0.184,0.366
315,6,0.133,0.3,0.183,0.334,0.467,0.95,0.517,0.416
316,6,-0.1,-0.05,-0.05,0.384,0.8,1.0,0.85,0.466
317,1,0.9,0.283,0.0,0.151,0.45,0.767,0.9,0.799
318,1,1.0,0.616,0.05,-0.082,0.1,0.534,0.95,1.0
319,4,0.767,0.666,0.383,0.918,0.433,0.584,0.717,0.65
320,4,0.534,0.716,0.716,1.0,0.766,0.634,0.484,0.3
321,,0.484,0.666,0.666,0.95,0.716,0.584,0.434,0.25
322,,0.434,0.616,0.616,0.9,0.666,0.534,0.384,0.2
323,,0.384,0.566,0.566,0.85,0.616,0.484,0.334,0.15
324,,0.334,0.516,0.516,0.8,0.566,0.434,0.284,0.1
325,,0.284,0.466,0.466,0.75,0.516,0.384,0.234,0.05
326,,0.234,0.416,0.416,0.7,0.466,0.334,0.184,0.0
327,,0.184,0.366,0.366,0.65,0.416,0.284,0.134,-0.05
328,8,0.517,0.416,0.133,0.3,0.183,0.334,0.467,0.95
329,8,0.85,0.466,-0.1,-0.05,-0.05,0.384,0.8,1.0
330,3,0.9,0.799,0.9,0.283,0.0,0.151,0.45,0.767
331,3,0.95,1.0,1.0,0.616,0.05,-0.082,0.1,0.534
332,6,0.717,0.65,0.767,0.666,0.383,0.918,0.433,0.584
333,6,0.484,0.3,0.534,0.716,0.716,1.0,0.766,0.634
334,,0.434,0.25,0.484,0.666,0.666,0.95,0.716,0.584
335,,0.384,0.2,0.434,0.616,0.616,0.9,0.666,0.534
336,,0.334,0.15,0.384,0.566,0.566,0.85,0.616,0.484
337,,0.284,0.1,0.334,0.516,0.516,0.8,0.566,0.434
338,,0.234,0.05,0.284,0.466,0.466,0.75,0.516,0.384
339,,0.184,0.0,0.234,0.416,0.416,0.7,0.466,0.334
340,,0.134,-0.05,0.184,0.366,0.366,0.65,0.416,0.284
341,2,0.467,0.95,0.517,0.416,0.133,0.3,0.183,0.334
342,2,0.8,1.0,0.85,0.466,-0.1,-0.05,-0.05,0.384
343,5,0.45,0.767,0.9,0.799,0.9,0.283,0.0,0.151
344,5,0.1,0.534,0.95,1.0,1.0,0.616,0.05,-0.082
345,8,0.433,0.584,0.717,0.65,0.767,0.666,0.383,0.918
346,8,0.766,0.634,0.484,0.3,0.534,0.716,0.716,1.0
347,,0.716,0.584,0.434,0.25,0.484,0.666,0.666,0.95
348,,0.666,0.534,0.384,0.2,0.434,0.616,0.616,0.9
349,,0.616,0.484,0.334,0.15,0.384,0.566,0.566,0.85
350,,0.566,0.434,0.284,0.1,0.334,0.516,0.516,0.8
351,,0.516,0.384,0.234,0.05,0.284,0.466,0.466,0.75
352,,0.466,0.334,0.184,0.0,0.234,0.416,0.416,0.7
353,,0.416,0.284,0.134,-0.05,0.184,0.366,0.366,0.65
354,4,0.183,0.334,0.467,0.95,0.517,0.416,0.133,0.3
355,4,-0.05,0.384,0.8,1.0,0.85,0.466,-0.1,-0.05
356,7,0.0,0.151,0.45,0.767,0.9,0.799,0.9,0.283
357,7,0.05,-0.082,0.1,0.534,0.95,1.0,1.0,0.616
358,2,0.383,0.918,0.433,0.584,0.717,0.65,0.767,0.666
359,2,0.716,1.0,0.766,0.634,0.484,0.3,0.534,0.716
360,,0.666,0.95,0.716,0.584,0.434,0.25,0.484,0.666
361,,0.616,0.9,0.666,0.534,0.384,0.2,0.434,0.616
362,,0.566,0.85,0.616,0.484,0.334,0.15,0.384,0.566
363,,0.516,0.8,0.566,0.434,0.284,0.1,0.334,0.516
364,,0.466,0.75,0.516,0.384,0.234,0.05,0.284,0.466
365,,0.416,0.7,0.466,0.334,0.184,0.0,0.234,0.416
366,,0.366,0.65,0.416,0.284,0.134,-0.05,0.184,0.366
367,6,0.133,0.3,0.183,0.334,0.467,0.95,0.517,0.416
368,6,-0.1,-0.05,-0.05,0.384,0.8,1.0,0.85,0.466
369,1,0.9,0.283,0.0,0.151,0.45,0.767,0.9,0.799
370,1,1.0,0.616,0.05,-0.082,0.1,0.534,0.95,1.0
371,4,0.767,0.666,0.383,0.918,0.433,0.584,0.717,0.65
372,4,0.534,0.716,0.716,1.0,0.766,0.634,0.484,0.3
373,,0.484,0.666,0.666,0.95,0.716,0.584,0.434,0.25
374,,0.434,0.616,0.616,0.9,0.666,0.534,0.384,0.2
375,,0.384,0.566,0.566,0.85,0.616,0.484,0.334,0.15
376,,0.334,0.516,0.516,0.8,0.566,0.434,0.284,0.1
377,,0.284,0.466,0.466,0.75,0.516,0.384,0.234,0.05
378,,0.234,0.416,0.416,0.7,0.466,0.334,0.184,0.0
379,,0.184,0.366,0.366,0.65,0.416,0.284,0.134,-0.05
380,8,0.517,0.416,0.133,0.3,0.183,0.334,0.467,0.95
381,8,0.85,0.466,-0.1,-0.05,-0.05,0.384,0.8,1.0
382,3,0.9,0.799,0.9,0.283,0.0,0.151,0.45,0.767
383,3,0.95,1.0,1.0,0.616,0.05,-0.082,0.1,0.534
384,6,0.717,0.65,0.767,0.666,0.383,0.918,0.433,0.584
385,6,0.484,0.3,0.534,0.716,0.716,1.0,0.766,0.634
386,,0.434,0.25,0.484,0.666,0.666,0.95,0.716,0.584
387,,0.384,0.2,0.434,0.616,0.616,0.9,0.666,0.534
388,,0.334,0.15,0.384,0.566,0.566,0.85,0.616,0.484
389,,0.284,0.1,0.334,0.516,0.516,0.8,0.566,0.434
390,,0.234,0.05,0.284,0.466,0.466,0.75,0.516,0.384
391,,0.184,0.0,0.234,0.416,0.416,0.7,0.466,0.334
392,,0.134,-0.05,0.184,0.366,0.366,0.65,0.416,0.284
393,2,0.467,0.95,0.517,0.416,0.133,0.3,0.183,0.334
394,2,0.8,1.0,0.85,0.466,-0.1,-0.05,-0.05,0.384
395,5,0.45,0.767,0.9,0.799,0.9,0.283,0.0,0.151
396,5,0.1,0.534,0.95,1.0,1.0,0.616,0.05,-0.082
397,8,0.433,0.584,0.717,0.65,0.767,0.666,0.383,0.918
398,8,0.766,0.634,0.484,0.3,0.534,0.716,0.716,1.0
399,,0.716,0.584,0.434,0.25,0.484,0.666,0.666,0.95
400,,0.666,0.534,0.384,0.2,0.434,0.616,0.616,0.9
401,,0.616,0.484,0.334,0.15,0.384,0.566,0.566,0.85
402,,0.566,0.434,0.284,0.1,0.334,0.516,0.516,0.8
403,,0.516,0.384,0.234,0.05,0.284,0.466,0.466,0.75
404,,0.466,0.334,0.184,0.0,0.234,0.416,0.416,0.7
405,,0.416,0.284,0.134,-0.05,0.184,0.366,0.366,0.65
406,4,0.183,0.334,0.467,0.95,0.517,0.416,0.133,0.3
407,4,-0.05,0.384,0.8,1.0,0.85,0.466,-0.1,-0.05
408,7,0.0,0.151,0.45,0.767,0.9,0.799,0.9,0.283
409,7,0.05,-0.082,0.1,0.534,0.95,1.0,1.0,0.616
410,2,0.383,0.918,0.433,0.584,0.717,0.65,0.767,0.666
411,2,0.716,1.0,0.766,0.634,0.484,0.3,0.534,0.716
412,,0.666,0.95,0.716,0.584,0.434,0.25,0.484,0.666
413,,0.616,0.9,0.666,0.534,0.384,0.2,0.434,0.616
414,,0.566,0.85,0.616,0.484,0.334,0.15,0.384,0.566
415,,0.516,0.8,0.566,0.434,0.284,0.1,0.334,0.516
416,,0.466,0.75,0.516,0.384,0.234,0.05,0.284,0.466
417,,0.416,0.7,0.466,0.334,0.184,0.0,0.234,0.416
418,,0.366,0.65,0.416,0.284,0.134,-0.05,0.184,0.366
419,6,0.133,0.3,0.183,0.334,0.467,0.95,0.517,0.416
420,6,-0.1,-0.05,-0.05,0.384,0.8,1.0,0.85,0.466
421,1,0.9,0.283,0.0,0.151,0.45,0.767,0.9,0.799
422,1,1.0,0.616,0.05,-0.082,0.1,0.534,0.95,1.0
423,4,0.767,0.666,0.383,0.918,0.433,0.584,0.717,0.65
424,4,0.534,0.716,0.716,1.0,0.766,0.634,0.484,0.3
425,,0.484,0.666,0.666,0.95,0.716,0.584,0.434,0.25
426,,0.434,0.616,0.616,0.9,0.666,0.534,0.384,0.2
427,,0.384,0.566,0.566,0.85,0.616,0.484,0.334,0.15
428,,0.334,0.516,0.516,0.8,0.566,0.434,0.284,0.1
429,,0.284,0.466,0.466,0.75,0.516,0.384,0.234,0.05
430,,0.234,0.416,0.416,0.7,0.466,0.334,0.184,0.0
431,,0.184,0.366,0.366,0.65,0.416,0.284,0.134,-0.05
432,8,0.517,0.416,0.133,0.3,0.183,0.334,0.467,0.95
433,8,0.85,0.466,-0.1,-0.05,-0.05,0.384,0.8,1.0
434,3,0.9,0.799,0.9,0.283,0.0,0.151,0.45,0.767
435,3,0.95,1.0,1.0,0.616,0.05,-0.082,0.1,0.534
436,6,0.717,0.65,0.767,0.666,0.383,0.918,0.433,0.584
437,6,0.484,0.3,0.534,0.716,0.716,1.0,0.766,0.634
438,,0.434,0.25,0.484,0.666,0.666,0.95,0.716,0.584
439,,0.384,0.2,0.434,0.616,0.616,0.9,0.666,0.534
440,,0.334,0.15,0.384,0.566,0.566,0.85,0.616,0.484
441,,0.284,0.1,0.334,0.516,0.516,0.8,0.566,0.434
442,,0.234,0.05,0.284,0.466,0.466,0.75,0.516,0.384
443,,0.184,0.0,0.234,0.416,0.416,0.7,0.466,0.334
444,,0.134,-0.05,0.184,0.366,0.366,0.65,0.416,0.284
445,2,0.467,0.95,0.517,0.416,0.133,0.3,0.183,0.334
446,2,0.8,1.0,0.85,0.466,-0.1,-0.05,-0.05,0.384
447,5,0.45,0.767,0.9,0.799,0.9,0.283,0.0,0.151
448,5,0.1,0.534,0.95,1.0,1.0,0.616,0.05,-0.082
449,8,0.433,0.584,0.717,0.65,0.767,0.666,0.383,0.918
450,8,0.766,0.634,0.484,0.3,0.534,0.716,0.716,1.0
451,,0.716,0.584,0.434,0.25,0.484,0.666,0.666,0.95
452,,0.666,0.534,0.384,0.2,0.434,0.616,0.616,0.9
453,,0.616,0.484,0.334,0.15,0.384,0.566,0.566,0.85
454,,0.566,0.434,0.284,0.1,0.334,0.516,0.516,0.8
455,,0.516,0.384,0.234,0.05,0.284,0.466,0.466,0.75
456,,0.466,0.334,0.184,0.0,0.234,0.416,0.416,0.7
457,,0.416,0.284,0.134,-0.05,0.184,0.366,0.366,0.65
458,4,0.183,0.334,0.467,0.95,0.517,0.416,0.133,0.3
459,4,-0.05,0.384,0.8,1.0,0.85,0.466,-0.1,-0.05
460,7,0.0,0.151,0.45,0.767,0.9,0.799,0.9,0.283
461,7,0.05,-0.082,0.1,0.534,0.95,1.0,1.0,0.616
462,2,0.383,0.918,0.433,0.584,0.717,0.65,0.767,0.666
463,2,0.716,1.0,0.766,0.634,0.484,0.3,0.534,0.716
464,,0.666,0.95,0.716,0.584,0.434,0.25,0.484,0.666
465,,0.616,0.9,0.666,0.534,0.384,0.2,0.434,0.616
466,,0.566,0.85,0.616,0.484,0.334,0.15,0.384,0.566
467,,0.516,0.8,0.566,0.434,0.284,0.1,0.334,0.516
468,,0.466,0.75,0.516,0.384,0.234,0.05,0.284,0.466
469,,0.416,0.7,0.466,0.334,0.184,0.0,0.234,0.416
470,,0.366,0.65,0.416,0.284,0.134,-0.05,0.184,0.366
471,6,0.133,0.3,0.183,0.334,0.467,0.95,0.517,0.416
472,6,-0.1,-0.05,-0.05,0.384,0.8,1.0,0.85,0.466
473,1,0.9,0.283,0.0,0.151,0.45,0.767,0.9,0.799
474,1,1.0,0.616,0.05,-0.082,0.1,0.534,0.95,1.0
475,4,0.767,0.666,0.383,0.918,0.433,0.584,0.717,0.65
476,4,0.534,0.716,0.716,1.0,0.766,0.634,0.484,0.3
477,,0.484,0.666,0.666,0.95,0.716,0.584,0.434,0.25
478,,0.434,0.616,0.616,0.9,0.666,0.534,0.384,0.2
479,,0.384,0.566,0.566,0.85,0.616,0.484,0.334,0.15
480,,0.334,0.516,0.516,0.8,0.566,0.434,0.284,0.1
481,,0.284,0.466,0.466,0.75,0.516,0.384,0.234,0.05
482,,0.234,0.416,0.416,0.7,0.466,0.334,0.184,0.0
483,,0.184,0.366,0.366,0.65,0.416,0.284,0.134,-0.05
484,8,0.517,0.416,0.133,0.3,0.183,0.334,0.467,0.95
485,8,0.85,0.466,-0.1,-0.05,-0.05,0.384,0.8,1.0
486,3,0.9,0.799,0.9,0.283,0.0,0.151,0.45,0.767
487,3,0.95,1.0,1.0,0.616,0.05,-0.082,0.1,0.534
488,6,0.717,0.65,0.767,0.666,0.383,0.918,0.433,0.584
489,6,0.484,0.3,0.534,0.716,0.716,1.0,0.766,0.634
490,,0.434,0.25,0.484,0.666,0.666,0.95,0.716,0.584
491,,0.384,0.2,0.434,0.616,0.616,0.9,0.666,0.534
492,,0.334,0.15,0.384,0.566,0.566,0.85,0.616,0.484
493,,0.284,0.1,0.334,0.516,0.516,0.8,0.566,0.434
494,,0.234,0.05,0.284,0.466,0.466,0.75,0.516,0.384
495,,0.184,0.0,0.234,0.416,0.416,0.7,0.466,0.334
496,,0.134,-0.05,0.184,0.366,0.366,0.65,0.416,0.284
497,2,0.467,0.95,0.517,0.416,0.133,0.3,0.183,0.334
498,2,0.8,1.0,0.85,0.466,-0.1,-0.05,-0.05,0.384
499,5,0.45,0.767,0.9,0.799,0.9,0.283,0.0,0.151
500,5,0.1,0.534,0.95,1.0,1.0,0.616,0.05,-0.082
501,8,0.433,0.584,0.717,0.65,0.767,0.666,0.383,0.918
502,8,0.766,0.634,0.484,0.3,0.534,0.716,0.716,1.0
503,,0.716,0.584,0.434,0.25,0.484,0.666,0.666,0.95
504,,0.666,0.534,0.384,0.2,0.434,0.616,0.616,0.9
505,,0.616,0.484,0.334,0.15,0.384,0.566,0.566,0.85
506,,0.566,0.434,0.284,0.1,0.334,0.516,0.516,0.8
507,,0.516,0.384,0.234,0.05,0.284,0.466,0.466,0.75
508,,0.466,0.334,0.184,0.0,0.234,0.416,0.416,0.7
509,,0.416,0.284,0.134,-0.05,0.184,0.366,0.366,0.65
510,4,0.183,0.334,0.467,0.95,0.517,0.416,0.133,0.3
511,4,-0.05,0.384,0.8,1.0,0.85,0.466,-0.1,-0.05
512,7,0.0,0.151,0.45,0.767,0.9,0.799,0.9,0.283
513,7,0.05,-0.082,0.1,0.534,0.95,1.0,1.0,0.616
514,2,0.383,0.918,0.433,0.584,0.717,0.65,0.767,0.666
515,2,0.716,1.0,0.766,0.634,0.484,0.3,0.534,0.716
516,,0.666,0.95,0.716,0.584,0.434,0.25,0.484,0.666
517,,0.616,0.9,0.666,0.534,0.384,0.2,0.434,0.616
518,,0.566,0.85,0.616,0.484,0.334,0.15,0.384,0.566
519,,0.516,0.8,0.566,0.434,0.284,0.1,0.334,0.516
520,,0.466,0.75,0.516,0.384,0.234,0.05,0.284,0.466
521,,0.416,0.7,0.466,0.334,0.184,0.0,0.234,0.416
522,,0.366,0.65,0.416,0.284,0.134,-0.05,0.184,0.366
523,6,0.133,0.3,0.183,0.334,0.467,0.95,0.517,0.416
524,6,-0.1,-0.05,-0.05,0.384,0.8,1.0,0.85,0.466
525,1,0.9,0.283,0.0,0.151,0.45,0.767,0.9,0.799
526,1,1.0,0.616,0.05,-0.082,0.1,0.534,0.95,1.0
527,4,0.767,0.666,0.383,0.918,0.433,0.584,0.717,0.65
528,4,0.534,0.716,0.716,1.0,0.766,0.634,0.484,0.3
529,,0.484,0.666,0.666,0.95,0.716,0.584,0.434,0.25
530,,0.434,0.616,0.616,0.9,0.666,0.534,0.384,0.2
531,,0.384,0.566,0.566,0.85,0.616,0.484,0.334,0.15
532,,0.334,0.516,0.516,0.8,0.566,0.434,0.284,0.1
533,,0.284,0.466,0.466,0.75,0.516,0.384,0.234,0.05
534,,0.234,0.416,0.416,0.7,0.466,0.334,0.184,0.0
535,,0.184,0.366,0.366,0.65,0.416,0.284,0.134,-0.05
536,8,0.517,0.416,0.133,0.3,0.183,0.334,0.467,0.95
537,8,0.85,0.466,-0.1,-0.05,-0.05,0.384,0.8,1.0
538,3,0.9,0.799,0.9,0.283,0.0,0.151,0.45,0.767
539,3,0.95,1.0,1.0,0.616,0.05,-0.082,0.1,0.534
540,6,0.717,0.65,0.767,0.666,0.383,0.918,0.433,0.584
541,6,0.484,0.3,0.534,0.716,0.716,1.0,0.766,0.634
542,,0.434,0.25,0.484,0.666,0.666,0.95,0.716,0.584
543,,0.384,0.2,0.434,0.616,0.616,0.9,0.666,0.534
544,,0.334,0.15,0.384,0.566,0.566,0.85,0.616,0.484
545,,0.284,0.1,0.334,0.516,0.516,0.8,0.566,0.434
546,,0.234,0.05,0.284,0.466,0.466,0.75,0.516,0.384
547,,0.184,0.0,0.234,0.416,0.416,0.7,0.466,0.334
548,,0.134,-0.05,0.184,0.366,0.366,0.65,0.416,0.284
549,2,0.467,0.95,0.517,0.416,0.133,0.3,0.183,0.334
550,2,0.8,1.0,0.85,0.466,-0.1,-0.05,-0.05,0.384
551,5,0.45,0.767,0.9,0.799,0.9,0.283,0.0,0.151
552,5,0.1,0.534,0.95,1.0,1.0,0.616,0.05,-0.082
553,8,0.433,0.584,0.717,0.65,0.767,0.666,0.383,0.918
554,8,0.766,0.634,0.484,0.3,0.534,0.716,0.716,1.0
555,,0.716,0.584,0.434,0.25,0.484,0.666,0.666,0.95
556,,0.666,0.534,0.384,0.2,0.434,0.616,0.616,0.9
557,,0.616,0.484,0.334,0.15,0.384,0.566,0.566,0.85
558,,0.566,0.434,0.284,0.1,0.334,0.516,0.516,0.8
559,,0.516,0.384,0.234,0.05,0.284,0.466,0.466,0.75
560,,0.466,0.334,0.184,0.0,0.234,0.416,0.416,0.7
561,,0.416,0.284,0.134,-0.05,0.184,0.366,0.366,0.65
562,4,0.183,0.334,0.467,0.95,0.517,0.416,0.133,0.3
563,4,-0.05,0.384,0.8,1.0,0.85,0.466,-0.1,-0.05
564,7,0.0,0.151,0.45,0.767,0.9,0.799,0.9,0.283
565,7,0.05,-0.082,0.1,0.534,0.95,1.0,1.0,0.616
566,2,0.383,0.918,0.433,0.584,0.717,0.65,0.767,0.666
567,2,0.716,1.0,0.766,0.634,0.484,0.3,0.534,0.716
568,,0.666,0.95,0.716,0.584,0.434,0.25,0.484,0.666
569,,0.616,0.9,0.666,0.534,0.384,0.2,0.434,0.616
570,,0.566,0.85,0.616,0.484,0.334,0.15,0.384,0.566
571,,0.516,0.8,0.566,0.434,0.284,0.1,0.334,0.516
572,,0.466,0.75,0.516,0.384,0.234,0.05,0.284,0.466
573,,0.416,0.7,0.466,0.334,0.184,0.0,0.234,0.416
574,,0.366,0.65,0.416,0.284,0.134,-0.05,0.184,0.366
575,6,0.133,0.3,0.183,0.334,0.467,0.95,0.517,0.416
576,6,-0.1,-0.05,-0.05,0.384,0.8,1.0,0.85,0.466
577,1,0.9,0.283,0.0,0.151,0.45,0.767,0.9,0.799
578,1,1.0,0.616,0.05,-0.082,0.1,0.534,0.95,1.0
579,4,0.767,0.666,0.383,0.918,0.433,0.584,0.717,0.65
580,4,0.534,0.716,0.716,1.0,0.766,0.634,0.484,0.3
581,,0.484,0.666,0.666,0.95,0.716,0.584,0.434,0.25
582,,0.434,0.616,0.616,0.9,0.666,0.534,0.384,0.2
583,,0.384,0.566,0.566,0.85,0.616,0.484,0.334,0.15
584,,0.334,0.516,0.516,0.8,0.566,0.434,0.284,0.1
585,,0.284,0.466,0.466,0.75,0.516,0.384,0.234,0.05
586,,0.234,0.416,0.416,0.7,0.466,0.334,0.184,0.0
587,,0.184,0.366,0.366,0.65,0.416,0.284,0.134,-0.05
588,8,0.517,0.416,0.133,0.3,0.183,0.334,0.467,0.95
589,8,0.85,0.466,-0.1,-0.05,-0.05,0.384,0.8,1.0
590,3,0.9,0.799,0.9,0.283,0.0,0.151,0.45,0.767
591,3,0.95,1.0,1.0,0.616,0.05,-0.082,0.1,0.534
592,6,0.717,0.65,0.767,0.666,0.383,0.918,0.433,0.584
593,6,0.484,0.3,0.534,0.716,0.716,1.0,0.766,0.634
594,,0.434,0.25,0.484,0.666,0.666,0.95,0.716,0.584
595,,0.384,0.2,0.434,0.616,0.616,0.9,0.666,0.534
596,,0.334,0.15,0.384,0.566,0.566,0.85,0.616,0.484
597,,0.284,0.1,0.334,0.516,0.516,0.8,0.566,0.434
598,,0.234,0.05,0.284,0.466,0.466,0.75,0.516,0.384
599,,0.184,0.0,0.234,0.416,0.416,0.7,0.466,0.334
600,,0.134,-0.05,0.184,0.366,0.366,0.65,0.416,0.284
601,2,0.467,0.95,0.517,0.416,0.133,0.3,0.183,0.334
602,2,0.8,1.0,0.85,0.466,-0.1,-0.05,-0.05,0.384
603,5,0.45,0.767,0.9,0.799,0.9,0.283,0.0,0.151
604,5,0.1,0.534,0.95,1.0,1.0,0.616,0.05,-0.082
605,8,0.433,0.584,0.717,0.65,0.767,0.666,0.383,0.918
606,8,0.766,0.634,0.484,0.3,0.534,0.716,0.716,1.0
607,,0.716,0.584,0.434,0.25,0.484,0.666,0.666,0.95
608,,0.666,0.534,0.384,0.2,0.434,0.616,0.616,0.9
609,,0.616,0.484,0.334,0.15,0.384,0.566,0.566,0.85
610,,0.566,0.434,0.284,0.1,0.334,0.516,0.516,0.8
611,,0.516,0.384,0.234,0.05,0.284,0.466,0.466,0.75
612,,0.466,0.334,0.184,0.0,0.234,0.416,0.416,0.7
613,,0.416,0.284,0.134,-0.05,0.184,0.366,0.366,0.65
614,4,0.183,0.334,0.467,0.95,0.517,0.416,0.133,0.3
615,4,-0.05,0.384,0.8,1.0,0.85,0.466,-0.1,-0.05
616,7,0.0,0.151,0.45,0.767,0.9,0.799,0.9,0.283
617,7,0.05,-0.082,0.1,0.534,0.95,1.0,1.0,0.616
618,2,0.383,0.918,0.433,0.584,0.717,0.65,0.767,0.666
619,2,0.716,1.0,0.766,0.634,0.484,0.3,0.534,0.716
620,,0.666,0.95,0.716,0.584,0.434,0.25,0.484,0.666
621,,0.616,0.9,0.666,0.534,0.384,0.2,0.434,0.616
622,,0.566,0.85,0.616,0.484,0.334,0.15,0.384,0.566
623,,0.516,0.8,0.566,0.434,0.284,0.1,0.334,0.516
624,,0.466,0.75,0.516,0.384,0.234,0.05,0.284,0.466
625,,0.416,0.7,0.466,0.334,0.184,0.0,0.234,0.416
626,,0.366,0.65,0.416,0.284,0.134,-0.05,0.184,0.366
627,6,0.133,0.3,0.183,0.334,0.467,0.95,0.517,0.416
628,6,-0.1,-0.05,-0.05,0.384,0.8,1.0,0.85,0.466
629,1,0.9,0.283,0.0,0.151,0.45,0.767,0.9,0.799
630,1,1.0,0.616,0.05,-0.082,0.1,0.534,0.95,1.0
631,4,0.767,0.666,0.383,0.918,0.433,0.584,0.717,0.65
632,4,0.534,0.716,0.716,1.0,0.766,0.634,0.484,0.3
633,,0.484,0.666,0.666,0.95,0.716,0.584,0.434,0.25
634,,0.434,0.616,0.616,0.9,0.666,0.534,0.384,0.2
635,,0.384,0.566,0.566,0.85,0.616,0.484,0.334,0.15
636,,0.334,0.516,0.516,0.8,0.566,0.434,0.284,0.1
637,,0.284,0.466,0.466,0.75,0.516,0.384,0.234,0.05
638,,0.234,0.416,0.416,0.7,0.466,0.334,0.184,0.0
639,,0.184,0.366,0.366,0.65,0.416,0.284,0.134,-0.05
640,8,0.517,0.416,0.133,0.3,0.183,0.334,0.467,0.95
641,8,0.85,0.466,-0.1,-0.05,-0.05,0.384,0.8,1.0
642,3,0.9,0.799,0.9,0.283,0.0,0.151,0.45,0.767
643,3,0.95,1.0,1.0,0.616,0.05,-0.082,0.1,0.534
644,6,0.717,0.65,0.767,0.666,0.383,0.918,0.433,0.584
645,6,0.484,0.3,0.534,0.716,0.716,1.0,0.766,0.634
646,,0.434,0.25,0.484,0.666,0.666,0.95,0.716,0.584
647,,0.384,0.2,0.434,0.616,0.616,0.9,0.666,0.534
648,,0.334,0.15,0.384,0.566,0.566,0.85,0.616,0.484
649,,0.284,0.1,0.334,0.516,0.516,0.8,0.566,0.434
650,,0.234,0.05,0.284,0.466,0.466,0.75,0.516,0.384
651,,0.184,0.0,0.234,0.416,0.416,0.7,0.466,0.334
652,,0.134,-0.05,0.184,0.366,0.366,0.65,0.416,0.284
653,2,0.467,0.95,0.517,0.416,0.133,0.3,0.183,0.334
654,2,0.8,1.0,0.85,0.466,-0.1,-0.05,-0.05,0.384
655,5,0.45,0.767,0.9,0.799,0.9,0.283,0.0,0.151
656,5,0.1,0.534,0.95,1.0,1.0,0.616,0.05,-0.082
657,8,0.433,0.584,0.717,0.65,0.767,0.666,0.383,0.918
658,8,0.766,0.634,0.484,0.3,0.534,0.716,0.716,1.0
659,,0.716,0.584,0.434,0.25,0.484,0.666,0.666,0.95
660,,0.666,0.534,0.384,0.2,0.434,0.616,0.616,0.9
661,,0.616,0.484,0.334,0.15,0.384,0.566,0.566,0.85
662,,0.566,0.434,0.284,0.1,0.334,0.516,0.516,0.8
663,,0.516,0.384,0.234,0.05,0.284,0.466,0.466,0.75
664,,0.466,0.334,0.184,0.0,0.234,0.416,0.416,0.7
665,,0.416,0.284,0.134,-0.05,0.184,0.366,0.366,0.65
666,4,0.183,0.334,0.467,0.95,0.517,0.416,0.133,0.3
667,4,-0.05,0.384,0.8,1.0,0.85,0.466,-0.1,-0.05
668,7,0.0,0.151,0.45,0.767,0.9,0.799,0.9,0.283
669,7,0.05,-0.082,0.1,0.534,0.95,1.0,1.0,0.616
670,2,0.383,0.918,0.433,0.584,0.717,0.65,0.767,0.666
671,2,0.716,1.0,0.766,0.634,0.484,0.3,0.534,0.716
672,,0.666,0.95,0.716,0.584,0.434,0.25,0.484,0.666
673,,0.616,0.9,0.666,0.534,0.384,0.2,0.434,0.616
674,,0.566,0.85,0.616,0.484,0.334,0.15,0.384,0.566
675,,0.516,0.8,0.566,0.434,0.284,0.1,0.334,0.516
676,,0.466,0.75,0.516,0.384,0.234,0.05,0.284,0.466
677,,0.416,0.7,0.466,0.334,0.184,0.0,0.234,0.416
678,,0.366,0.65,0.416,0.284,0.134,-0.05,0.184,0.366
679,6,0.133,0.3,0.183,0.334,0.467,0.95,0.517,0.416
680,6,-0.1,-0.05,-0.05,0.384,0.8,1.0,0.85,0.466
681,1,0.9,0.283,0.0,0.151,0.45,0.767,0.9,0.799
682,1,1.0,0.616,0.05,-0.082,0.1,0.534,0.95,1.0
683,4,0.767,0.666,0.383,0.918,0.433,0.584,0.717,0.65
684,4,0.534,0.716,0.716,1.0,0.766,0.634,0.484,0.3
685,,0.484,0.666,0.666,0.95,0.716,0.584,0.434,0.25
686,,0.434,0.616,0.616,0.9,0.666,0.534,0.384,0.2
687,,0.384,0.566,0.566,0.85,0.616,0.484,0.334,0.15
688,,0.334,0.516,0.516,0.8,0.566,0.434,0.284,0.1
689,,0.284,0.466,0.466,0.75,0.516,0.384,0.234,0.05
690,,0.234,0.416,0.416,0.7,0.466,0.334,0.184,0.0
691,,0.184,0.366,0.366,0.65,0.416,0.284,0.134,-0.05
692,8,0.517,0.416,0.133,0.3,0.183,0.334,0.467,0.95
693,8,0.85,0.466,-0.1,-0.05,-0.05,0.384,0.8,1.0
694,3,0.9,0.799,0.9,0.283,0.0,0.151,0.45,0.767
695,3,0.95,1.0,1.0,0.616,0.05,-0.082,0.1,0.534
696,6,0.717,0.65,0.767,0.666,0.383,0.918,0.433,0.584
697,6,0.484,0.3,0.534,0.716,0.716,1.0,0.766,0.634
698,,0.434,0.25,0.484,0.666,0.666,0.95,0.716,0.584
699,,0.384,0.2,0.434,0.616,0.616,0.9,0.666,0.534
700,,0.334,0.15,0.384,0.566,0.566,0.85,0.616,0.484
701,,0.284,0.1,0.334,0.516,0.516,0.8,0.566,0.434
702,,0.234,0.05,0.284,0.466,0.466,0.75,0.516,0.384
703,,0.184,0.0,0.234,0.416,0.416,0.7,0.466,0.334
704,,0.134,-0.05,0.184,0.366,0.366,0.65,0.416,0.284
705,2,0.467,0.95,0.517,0.416,0.133,0.3,0.183,0.334
706,2,0.8,1.0,0.85,0.466,-0.1,-0.05,-0.05,0.384
707,5,0.45,0.767,0.9,0.799,0.9,0.283,0.0,0.151
708,5,0.1,0.534,0.95,1.0,1.0,0.616,0.05,-0.082
709,8,0.433,0.584,0.717,0.65,0.767,0.666,0.383,0.918
710,8,0.766,0.634,0.484,0.3,0.534,0.716,0.716,1.0
711,,0.716,0.584,0.434,0.25,0.484,0.666,0.666,0.95
712,,0.666,0.534,0.384,0.2,0.434,0.616,0.616,0.9
713,,0.616,0.484,0.334,0.15,0.384,0.566,0.566,0.85
714,,0.566,0.434,0.284,0.1,0.334,0.516,0.516,0.8
715,,0.516,0.384,0.234,0.05,0.284,0.466,0.466,0.75
716,,0.466,0.334,0.184,0.0,0.234,0.416,0.416,0.7
717,,0.416,0.284,0.134,-0.05,0.184,0.366,0.366,0.65
718,4,0.183,0.334,0.467,0.95,0.517,0.416,0.133,0.3
719,4,-0.05,0.384,0.8,1.0,0.85,0.466,-0.1,-0.05
720,7,0.0,0.151,0.45,0.767,0.9,0.799,0.9,0.283
721,7,0.05,-0.082,0.1,0.534,0.95,1.0,1.0,0.616
722,2,0.383,0.918,0.433,0.584,0.717,0.65,0.767,0.666
723,2,0.716,1.0,0.766,0.634,0.484,0.3,0.534,0.716
724,,0.666,0.95,0.716,0.584,0.434,0.25,0.484,0.666
725,,0.616,0.9,0.666,0.534,0.384,0.2,0.434,0.616
726,,0.566,0.85,0.616,0.484,0.334,0.15,0.384,0.566
727,,0.516,0.8,0.566,0.434,0.284,0.1,0.334,0.516
728,,0.466,0.75,0.516,0.384,0.234,0.05,0.284,0.466
729,,0.416,0.7,0.466,0.334,0.184,0.0,0.234,0.416
730,,0.366,0.65,0.416,0.284,0.134,-0.05,0.184,0.366
731,6,0.133,0.3,0.183,0.334,0.467,0.95,0.517,0.416
732,6,-0.1,-0.05,-0.05,0.384,0.8,1.0,0.85,0.466
733,1,0.9,0.283,0.0,0.151,0.45,0.767,0.9,0.799
734,1,1.0,0.616,0.05,-0.082,0.1,0.534,0.95,1.0
735,4,0.767,0.666,0.383,0.918,0.433,0.584,0.717,0.65
736,4,0.534,0.716,0.716,1.0,0.766,0.634,0.484,0.3
737,,0.484,0.666,0.666,0.95,0.716,0.584,0.434,0.25
738,,0.434,0.616,0.616,0.9,0.666,0.534,0.384,0.2
739,,0.384,0.566,0.566,0.85,0.616,0.484,0.334,0.15
740,,0.334,0.516,0.516,0.8,0.566,0.434,0.284,0.1
741,,0.284,0.466,0.466,0.75,0.516,0.384,0.234,0.05
742,,0.234,0.416,0.416,0.7,0.466,0.334,0.184,0.0
743,,0.184,0.366,0.366,0.65,0.416,0.284,0.134,-0.05
744,8,0.517,0.416,0.133,0.3,0.183,0.334,0.467,0.95
745,8,0.85,0.466,-0.1,-0.05,-0.05,0.384,0.8,1.0
746,3,0.9,0.799,0.9,0.283,0.0,0.151,0.45,0.767
747,3,0.95,1.0,1.0,0.616,0.05,-0.082,0.1,0.534
748,6,0.717,0.65,0.767,0.666,0.383,0.918,0.433,0.584
749,6,0.484,0.3,0.534,0.716,0.716,1.0,0.766,0.634
750,,0.434,0.25,0.484,0.666,0.666,0.95,0.716,0.584
751,,0.384,0.2,0.434,0.616,0.616,0.9,0.666,0.534
752,,0.334,0.15,0.384,0.566,0.566,0.85,0.616,0.484
753,,0.284,0.1,0.334,0.516,0.516,0.8,0.566,0.434
754,,0.234,0.05,0.284,0.466,0.466,0.75,0.516,0.384
755,,0.184,0.0,0.234,0.416,0.416,0.7,0.466,0.334
756,,0.134,-0.05,0.184,0.366,0.366,0.65,0.416,0.284
757,2,0.467,0.95,0.517,0.416,0.133,0.3,0.183,0.334
758,2,0.8,1.0,0.85,0.466,-0.1,-0.05,-0.05,0.384
759,5,0.45,0.767,0.9,0.799,0.9,0.283,0.0,0.151
760,5,0.1,0.534,0.95,1.0,1.0,0.616,0.05,-0.082
761,8,0.433,0.584,0.717,0.65,0.767,0.666,0.383,0.918
762,8,0.766,0.634,0.484,0.3,0.534,0.716,0.716,1.0
763,,0.716,0.584,0.434,0.25,0.484,0.666,0.666,0.95
764,,0.666,0.534,0.384,0.2,0.434,0.616,0.616,0.9
765,,0.616,0.484,0.334,0.15,0.384,0.566,0.566,0.85
766,,0.566,0.434,0.284,0.1,0.334,0.516,0.516,0.8
767,,0.516,0.384,0.234,0.05,0.284,0.466,0.466,0.75
768,,0.466,0.334,0.184,0.0,0.234,0.416,0.416,0.7
769,,0.416,0.284,0.134,-0.05,0.184,0.366,0.366,0.65
770,4,0.183,0.334,0.467,0.95,0.517,0.416,0.133,0.3
771,4,-0.05,0.384,0.8,1.0,0.85,0.466,-0.1,-0.05
772,7,0.0,0.151,0.45,0.767,0.9,0.799,0.9,0.283
773,7,0.05,-0.082,0.1,0.534,0.95,1.0,1.0,0.616
774,2,0.383,0.918,0.433,0.584,0.717,0.65,0.767,0.666
775,2,0.716,1.0,0.766,0.634,0.484,0.3,0.534,0.716
776,,0.666,0.95,0.716,0.584,0.434,0.25,0.484,0.666
777,,0.616,0.9,0.666,0.534,0.384,0.2,0.434,0.616
778,,0.566,0.85,0.616,0.484,0.334,0.15,0.384,0.566
779,,0.516,0.8,0.566,0.434,0.284,0.1,0.334,0.516
780,,0.466,0.75,0.516,0.384,0.234,0.05,0.284,0.466
781,,0.416,0.7,0.466,0.334,0.184,0.0,0.234,0.416
782,,0.366,0.65,0.416,0.284,0.134,-0.05,0.184,0.366
783,6,0.133,0.3,0.183,0.334,0.467,0.95,0.517,0.416
784,6,-0.1,-0.05,-0.05,0.384,0.8,1.0,0.85,0.466
785,1,0.9,0.283,0.0,0.151,0.45,0.767,0.9,0.799
786,1,1.0,0.616,0.05,-0.082,0.1,0.534,0.95,1.0
787,4,0.767,0.666,0.383,0.918,0.433,0.584,0.717,0.65
788,4,0.534,0.716,0.716,1.0,0.766,0.634,0.484,0.3
789,,0.484,0.666,0.666,0.95,0.716,0.584,0.434,0.25
790,,0.434,0.616,0.616,0.9,0.666,0.534,0.384,0.2
791,,0.384,0.566,0.566,0.85,0.616,0.484,0.334,0.15
792,,0.334,0.516,0.516,0.8,0.566,0.434,0.284,0.1
793,,0.284,0.466,0.466,0.75,0.516,0.384,0.234,0.05
794,,0.234,0.416,0.416,0.7,0.466,0.334,0.184,0.0
795,,0.184,0.366,0.366,0.65,0.416,0.284,0.134,-0.05
796,8,0.517,0.416,0.133,0.3,0.183,0.334,0.467,0.95
797,8,0.85,0.466,-0.1,-0.05,-0.05,0.384,0.8,1.0
798,3,0.9,0.799,0.9,0.283,0.0,0.151,0.45,0.767
799,3,0.95,1.0,1.0,0.616,0.05,-0.082,0.1,0.534
800,6,0.717,0.65,0.767,0.666,0.383,0.918,0.433,0.584
801,6,0.484,0.3,0.534,0.716,0.716,1.0,0.766,0.634
