step,active_motive,motive_1,motive_2,motive_3,motive_4,motive_5,motive_6,motive_7,motive_8
0,,0.43155,0.31165,0.16545,0.03178,0.15549,0.16259,0.3648,0.31878
1,,0.38155,0.26165,0.11545,-0.01822,0.10549,0.11259,0.3148,0.26878
2,4,0.14855,0.31165,0.44845,0.98178,0.43849,0.16259,0.0818,-0.08122
3,4,-0.08445,0.36165,0.78145,1.0,0.77149,0.21259,-0.1512,-0.43122
4,8,0.24855,0.41165,0.54845,0.65,0.53849,0.26259,0.1818,0.56878
5,8,0.58155,0.46165,0.31545,0.3,0.30549,0.31259,0.5148,1.0
6,,0.53155,0.41165,0.26545,0.25,0.25549,0.26259,0.4648,0.95
7,,0.48155,0.36165,0.21545,0.2,0.20549,0.21259,0.4148,0.9
8,,0.43155,0.31165,0.16545,0.15,0.15549,0.16259,0.3648,0.85
9,,0.38155,0.26165,0.11545,0.1,0.10549,0.11259,0.3148,0.8
10,,0.33155,0.21165,0.06545,0.05,0.05549,0.06259,0.2648,0.75
11,,0.28155,0.16165,0.01545,0.0,0.00549,0.01259,0.2148,0.7
12,,0.23155,0.11165,-0.03455,-0.05,-0.04451,-0.03741,0.1648,0.65
13,4,-0.00145,0.16165,0.29845,0.95,0.28849,0.01259,-0.0682,0.3
14,4,-0.23445,0.21165,0.63145,1.0,0.62149,0.06259,-0.3012,-0.05
15,7,-0.18445,-0.02135,0.28145,0.767,0.67149,0.39559,0.6988,0.283
16,7,-0.13445,-0.25435,-0.06855,0.534,0.72149,0.72859,1.0,0.616
17,2,0.19855,0.74565,0.26445,0.584,0.48849,0.37859,0.767,0.666
18,2,0.53155,1.0,0.59745,0.634,0.25549,0.02859,0.534,0.716
19,,0.48155,0.95,0.54745,0.584,0.20549,-0.02141,0.484,0.666
20,6,0.24855,0.6,0.31445,0.634,0.53849,0.97859,0.817,0.716
21,6,0.01555,0.25,0.08145,0.684,0.87149,1.0,1.0,0.766
22,,-0.03445,0.2,0.03145,0.634,0.82149,0.95,0.95,0.716
23,1,0.96555,0.533,0.08145,0.401,0.47149,0.717,1.0,1.0
24,1,1.0,0.866,0.13145,0.168,0.12149,0.484,1.0,1.0
25,,0.95,0.816,0.08145,0.118,0.07149,0.434,0.95,0.95
26,,0.9,0.766,0.03145,0.068,0.02149,0.384,0.9,0.9
27,,0.85,0.716,-0.01855,0.018,-0.02851,0.334,0.85,0.85
28,5,0.5,0.483,0.03145,0.351,0.97149,0.667,0.9,0.617
29,5,0.15,0.25,0.08145,0.684,1.0,1.0,0.95,0.384
30,,0.1,0.2,0.03145,0.634,0.95,0.95,0.9,0.334
31,,0.05,0.15,-0.01855,0.584,0.9,0.9,0.85,0.284
32,3,0.1,0.483,0.98145,0.917,0.95,0.667,0.5,0.051
33,3,0.15,0.816,1.0,1.0,1.0,0.434,0.15,-0.182
34,8,0.483,0.866,0.767,0.65,0.767,0.484,0.483,0.818
35,8,0.816,0.916,0.534,0.3,0.534,0.534,0.816,1.0
36,,0.766,0.866,0.484,0.25,0.484,0.484,0.766,0.95
37,,0.716,0.816,0.434,0.2,0.434,0.434,0.716,0.9
38,,0.666,0.766,0.384,0.15,0.384,0.384,0.666,0.85
39,,0.616,0.716,0.334,0.1,0.334,0.334,0.616,0.8
40,,0.566,0.666,0.284,0.05,0.284,0.284,0.566,0.75
41,,0.516,0.616,0.234,0.0,0.234,0.234,0.516,0.7
42,,0.466,0.566,0.184,-0.05,0.184,0.184,0.466,0.65
43,4,0.233,0.616,0.517,0.95,0.517,0.234,0.233,0.3
44,4,0.0,0.666,0.85,1.0,0.85,0.284,0.0,-0.05
45,8,0.333,0.716,0.617,0.65,0.617,0.334,0.333,0.95
46,8,0.666,0.766,0.384,0.3,0.384,0.384,0.666,1.0
47,,0.616,0.716,0.334,0.25,0.334,0.334,0.616,0.95
48,,0.566,0.666,0.284,0.2,0.284,0.284,0.566,0.9
49,,0.516,0.616,0.234,0.15,0.234,0.234,0.516,0.85
50,,0.466,0.566,0.184,0.1,0.184,0.184,0.466,0.8
51,,0.416,0.516,0.134,0.05,0.134,0.134,0.416,0.75
52,,0.366,0.466,0.084,0.0,0.084,0.084,0.366,0.7
53,,0.316,0.416,0.034,-0.05,0.034,0.034,0.316,0.65
54,4,0.083,0.466,0.367,0.95,0.367,0.084,0.083,0.3
55,4,-0.15,0.516,0.7,1.0,0.7,0.134,-0.15,-0.05
56,1,0.85,0.849,0.75,0.767,0.35,-0.099,-0.1,0.283
57,1,1.0,1.0,0.8,0.534,-0.0,-0.332,-0.05,0.616
58,6,0.767,0.65,0.567,0.584,0.333,0.668,0.283,0.666
59,6,0.534,0.3,0.334,0.634,0.666,1.0,0.616,0.716
60,,0.484,0.25,0.284,0.584,0.616,0.95,0.566,0.666
61,,0.434,0.2,0.234,0.534,0.566,0.9,0.516,0.616
62,,0.384,0.15,0.184,0.484,0.516,0.85,0.466,0.566
63,,0.334,0.1,0.134,0.434,0.466,0.8,0.416,0.516
64,,0.284,0.05,0.084,0.384,0.416,0.75,0.366,0.466
65,,0.234,0.0,0.034,0.334,0.366,0.7,0.316,0.416
66,,0.184,-0.05,-0.016,0.284,0.316,0.65,0.266,0.366
67,2,0.517,0.95,0.317,0.334,0.083,0.3,0.033,0.416
68,2,0.85,1.0,0.65,0.384,-0.15,-0.05,-0.2,0.466
69,7,0.9,0.767,0.3,0.151,-0.1,0.283,0.8,0.799
70,7,0.95,0.534,-0.05,-0.082,-0.05,0.616,1.0,1.0
71,4,0.717,0.584,0.283,0.918,0.283,0.666,0.767,0.65
72,4,0.484,0.634,0.616,1.0,0.616,0.716,0.534,0.3
73,,0.434,0.584,0.566,0.95,0.566,0.666,0.484,0.25
74,,0.384,0.534,0.516,0.9,0.516,0.616,0.434,0.2
75,,0.334,0.484,0.466,0.85,0.466,0.566,0.384,0.15
76,,0.284,0.434,0.416,0.8,0.416,0.516,0.334,0.1
77,,0.234,0.384,0.366,0.75,0.366,0.466,0.284,0.05
78,,0.184,0.334,0.316,0.7,0.316,0.416,0.234,0.0
79,,0.134,0.284,0.266,0.65,0.266,0.366,0.184,-0.05
80,8,0.467,0.334,0.033,0.3,0.033,0.416,0.517,0.95
81,8,0.8,0.384,-0.2,-0.05,-0.2,0.466,0.85,1.0
82,3,0.85,0.717,0.8,0.283,-0.15,0.233,0.5,0.767
83,3,0.9,1.0,1.0,0.616,-0.1,0.0,0.15,0.534
84,5,0.55,0.767,1.0,0.949,0.9,0.333,0.2,0.301
85,5,0.2,0.534,1.0,1.0,1.0,0.666,0.25,0.068
86,,0.15,0.484,0.95,0.95,0.95,0.616,0.2,0.018
87,,0.1,0.434,0.9,0.9,0.9,0.566,0.15,-0.032
88,8,0.433,0.484,0.667,0.55,0.667,0.616,0.483,0.968
89,8,0.766,0.534,0.434,0.2,0.434,0.666,0.816,1.0
90,,0.716,0.484,0.384,0.15,0.384,0.616,0.766,0.95
91,,0.666,0.434,0.334,0.1,0.334,0.566,0.716,0.9
92,,0.616,0.384,0.284,0.05,0.284,0.516,0.666,0.85
93,,0.566,0.334,0.234,0.0,0.234,0.466,0.616,0.8
94,,0.516,0.284,0.184,-0.05,0.184,0.416,0.566,0.75
95,4,0.283,0.334,0.517,0.95,0.517,0.466,0.333,0.4
96,4,0.05,0.384,0.85,1.0,0.85,0.516,0.1,0.05
97,,0.0,0.334,0.8,0.95,0.8,0.466,0.05,0.0
98,,-0.05,0.284,0.75,0.9,0.75,0.416,0.0,-0.05
99,1,0.95,0.617,0.8,0.667,0.4,0.183,0.05,0.283
100,1,1.0,0.95,0.85,0.434,0.05,-0.05,0.1,0.616
101,6,0.767,0.6,0.617,0.484,0.383,0.95,0.433,0.666
102,6,0.534,0.25,0.384,0.534,0.716,1.0,0.766,0.716
103,,0.484,0.2,0.334,0.484,0.666,0.95,0.716,0.666
104,,0.434,0.15,0.284,0.434,0.616,0.9,0.666,0.616
105,,0.384,0.1,0.234,0.384,0.566,0.85,0.616,0.566
106,,0.334,0.05,0.184,0.334,0.516,0.8,0.566,0.516
107,,0.284,0.0,0.134,0.284,0.466,0.75,0.516,0.466
108,,0.234,-0.05,0.084,0.234,0.416,0.7,0.466,0.416
109,2,0.567,0.95,0.417,0.284,0.183,0.35,0.233,0.466
110,2,0.9,1.0,0.75,0.334,-0.05,-0.0,0.0,0.516
111,5,0.55,0.767,0.8,0.667,0.95,0.333,0.05,0.283
112,5,0.2,0.534,0.85,1.0,1.0,0.666,0.1,0.05
113,,0.15,0.484,0.8,0.95,0.95,0.616,0.05,0.0
114,,0.1,0.434,0.75,0.9,0.9,0.566,0.0,-0.05
115,8,0.433,0.484,0.517,0.55,0.667,0.616,0.333,0.95
116,8,0.766,0.534,0.284,0.2,0.434,0.666,0.666,1.0
117,,0.716,0.484,0.234,0.15,0.384,0.616,0.616,0.95
118,,0.666,0.434,0.184,0.1,0.334,0.566,0.566,0.9
119,,0.616,0.384,0.134,0.05,0.284,0.516,0.516,0.85
120,,0.566,0.334,0.084,0.0,0.234,0.466,0.466,0.8
121,,0.516,0.284,0.034,-0.05,0.184,0.416,0.416,0.75
122,4,0.283,0.334,0.367,0.95,0.517,0.466,0.183,0.4
123,4,0.05,0.384,0.7,1.0,0.85,0.516,-0.05,0.05
124,7,0.1,0.151,0.35,0.767,0.9,0.849,0.95,0.383
125,7,0.15,-0.082,-0.0,0.534,0.95,1.0,1.0,0.716
126,2,0.483,0.918,0.333,0.584,0.717,0.65,0.767,0.766
127,2,0.816,1.0,0.666,0.634,0.484,0.3,0.534,0.816
128,,0.766,0.95,0.616,0.584,0.434,0.25,0.484,0.766
129,,0.716,0.9,0.566,0.534,0.384,0.2,0.434,0.716
130,,0.666,0.85,0.516,0.484,0.334,0.15,0.384,0.666
131,,0.616,0.8,0.466,0.434,0.284,0.1,0.334,0.616
132,,0.566,0.75,0.416,0.384,0.234,0.05,0.284,0.566
133,,0.516,0.7,0.366,0.334,0.184,0.0,0.234,0.516
134,,0.466,0.65,0.316,0.284,0.134,-0.05,0.184,0.466
135,6,0.233,0.3,0.083,0.334,0.467,0.95,0.517,0.516
136,6,0.0,-0.05,-0.15,0.384,0.8,1.0,0.85,0.566
137,3,0.05,0.283,0.85,0.717,0.85,0.767,0.5,0.333
138,3,0.1,0.616,1.0,1.0,0.9,0.534,0.15,0.1
139,,0.05,0.566,0.95,0.95,0.85,0.484,0.1,0.05
140,,0.0,0.516,0.9,0.9,0.8,0.434,0.05,0.0
141,,-0.05,0.466,0.85,0.85,0.75,0.384,0.0,-0.05
142,1,0.95,0.799,0.9,0.617,0.4,0.151,0.05,0.283
143,1,1.0,1.0,0.95,0.384,0.05,-0.082,0.1,0.616
144,6,0.767,0.65,0.717,0.434,0.383,0.918,0.433,0.666
145,6,0.534,0.3,0.484,0.484,0.716,1.0,0.766,0.716
146,,0.484,0.25,0.434,0.434,0.666,0.95,0.716,0.666
147,,0.434,0.2,0.384,0.384,0.616,0.9,0.666,0.616
148,,0.384,0.15,0.334,0.334,0.566,0.85,0.616,0.566
149,,0.334,0.1,0.284,0.284,0.516,0.8,0.566,0.516
150,,0.284,0.05,0.234,0.234,0.466,0.75,0.516,0.466
151,,0.234,0.0,0.184,0.184,0.416,0.7,0.466,0.416
152,,0.184,-0.05,0.134,0.134,0.366,0.65,0.416,0.366
153,2,0.517,0.95,0.467,0.184,0.133,0.3,0.183,0.416
154,2,0.85,1.0,0.8,0.234,-0.1,-0.05,-0.05,0.466
155,5,0.5,0.767,0.85,0.567,0.9,0.283,0.0,0.233
156,5,0.15,0.534,0.9,0.9,1.0,0.616,0.05,0.0
157,,0.1,0.484,0.85,0.85,0.95,0.566,0.0,-0.05
158,8,0.433,0.534,0.617,0.5,0.717,0.616,0.333,0.95
159,8,0.766,0.584,0.384,0.15,0.484,0.666,0.666,1.0
160,,0.716,0.534,0.334,0.1,0.434,0.616,0.616,0.95
161,,0.666,0.484,0.284,0.05,0.384,0.566,0.566,0.9
162,,0.616,0.434,0.234,0.0,0.334,0.516,0.516,0.85
163,,0.566,0.384,0.184,-0.05,0.284,0.466,0.466,0.8
164,4,0.333,0.434,0.517,0.95,0.617,0.516,0.233,0.45
165,4,0.1,0.484,0.85,1.0,0.95,0.566,0.0,0.1
166,,0.05,0.434,0.8,0.95,0.9,0.516,-0.05,0.05
167,7,0.1,0.201,0.45,0.717,0.95,0.849,0.95,0.383
168,7,0.15,-0.032,0.1,0.484,1.0,1.0,1.0,0.716
169,2,0.483,0.968,0.433,0.534,0.767,0.65,0.767,0.766
170,2,0.816,1.0,0.766,0.584,0.534,0.3,0.534,0.816
171,,0.766,0.95,0.716,0.534,0.484,0.25,0.484,0.766
172,,0.716,0.9,0.666,0.484,0.434,0.2,0.434,0.716
173,,0.666,0.85,0.616,0.434,0.384,0.15,0.384,0.666
174,,0.616,0.8,0.566,0.384,0.334,0.1,0.334,0.616
175,,0.566,0.75,0.516,0.334,0.284,0.05,0.284,0.566
176,,0.516,0.7,0.466,0.284,0.234,0.0,0.234,0.516
177,,0.466,0.65,0.416,0.234,0.184,-0.05,0.184,0.466
178,6,0.233,0.3,0.183,0.284,0.517,0.95,0.517,0.516
179,6,0.0,-0.05,-0.05,0.334,0.85,1.0,0.85,0.566
180,2,0.333,0.95,0.283,0.384,0.617,0.65,0.617,0.616
181,2,0.666,1.0,0.616,0.434,0.384,0.3,0.384,0.666
182,,0.616,0.95,0.566,0.384,0.334,0.25,0.334,0.616
183,,0.566,0.9,0.516,0.334,0.284,0.2,0.284,0.566
184,,0.516,0.85,0.466,0.284,0.234,0.15,0.234,0.516
185,,0.466,0.8,0.416,0.234,0.184,0.1,0.184,0.466
186,,0.416,0.75,0.366,0.184,0.134,0.05,0.134,0.416
187,,0.366,0.7,0.316,0.134,0.084,0.0,0.084,0.366
188,,0.316,0.65,0.266,0.084,0.034,-0.05,0.034,0.316
189,6,0.083,0.3,0.033,0.134,0.367,0.95,0.367,0.366
190,6,-0.15,-0.05,-0.2,0.184,0.7,1.0,0.7,0.416
191,3,-0.1,0.283,0.8,0.517,0.75,0.767,0.35,0.183
192,3,-0.05,0.616,1.0,0.85,0.8,0.534,-0.0,-0.05
193,1,0.95,0.949,1.0,0.617,0.45,0.301,0.05,0.283
194,1,1.0,1.0,1.0,0.384,0.1,0.068,0.1,0.616
195,,0.95,0.95,0.95,0.334,0.05,0.018,0.05,0.566
196,,0.9,0.9,0.9,0.284,0.0,-0.032,0.0,0.516
197,6,0.667,0.55,0.667,0.334,0.333,0.968,0.333,0.566
198,6,0.434,0.2,0.434,0.384,0.666,1.0,0.666,0.616
199,,0.384,0.15,0.384,0.334,0.616,0.95,0.616,0.566
200,,0.334,0.1,0.334,0.284,0.566,0.9,0.566,0.516
201,,0.284,0.05,0.284,0.234,0.516,0.85,0.516,0.466
202,,0.234,0.0,0.234,0.184,0.466,0.8,0.466,0.416
203,,0.184,-0.05,0.184,0.134,0.416,0.75,0.416,0.366
204,2,0.517,0.95,0.517,0.184,0.183,0.4,0.183,0.416
205,2,0.85,1.0,0.85,0.234,-0.05,0.05,-0.05,0.466
206,7,0.9,0.767,0.5,0.001,0.0,0.383,0.95,0.799
207,7,0.95,0.534,0.15,-0.232,0.05,0.716,1.0,1.0
208,4,0.717,0.584,0.483,0.768,0.383,0.766,0.767,0.65
209,4,0.484,0.634,0.816,1.0,0.716,0.816,0.534,0.3
210,,0.434,0.584,0.766,0.95,0.666,0.766,0.484,0.25
211,,0.384,0.534,0.716,0.9,0.616,0.716,0.434,0.2
212,,0.334,0.484,0.666,0.85,0.566,0.666,0.384,0.15
213,,0.284,0.434,0.616,0.8,0.516,0.616,0.334,0.1
214,,0.234,0.384,0.566,0.75,0.466,0.566,0.284,0.05
215,,0.184,0.334,0.516,0.7,0.416,0.516,0.234,0.0
216,,0.134,0.284,0.466,0.65,0.366,0.466,0.184,-0.05
217,8,0.467,0.334,0.233,0.3,0.133,0.516,0.517,0.95
218,8,0.8,0.384,0.0,-0.05,-0.1,0.566,0.85,1.0
219,5,0.45,0.151,0.05,0.283,0.9,0.899,0.9,0.767
220,5,0.1,-0.082,0.1,0.616,1.0,1.0,0.95,0.534
221,2,0.433,0.918,0.433,0.666,0.767,0.65,0.717,0.584
222,2,0.766,1.0,0.766,0.716,0.534,0.3,0.484,0.634
223,,0.716,0.95,0.716,0.666,0.484,0.25,0.434,0.584
224,,0.666,0.9,0.666,0.616,0.434,0.2,0.384,0.534
225,,0.616,0.85,0.616,0.566,0.384,0.15,0.334,0.484
226,,0.566,0.8,0.566,0.516,0.334,0.1,0.284,0.434
227,,0.516,0.75,0.516,0.466,0.284,0.05,0.234,0.384
228,,0.466,0.7,0.466,0.416,0.234,0.0,0.184,0.334
229,,0.416,0.65,0.416,0.366,0.184,-0.05,0.134,0.284
230,6,0.183,0.3,0.183,0.416,0.517,0.95,0.467,0.334
231,6,-0.05,-0.05,-0.05,0.466,0.85,1.0,0.8,0.384
232,3,0.0,0.283,0.95,0.799,0.9,0.767,0.45,0.151
233,3,0.05,0.616,1.0,1.0,0.95,0.534,0.1,-0.082
234,8,0.383,0.666,0.767,0.65,0.717,0.584,0.433,0.918
235,8,0.716,0.716,0.534,0.3,0.484,0.634,0.766,1.0
236,,0.666,0.666,0.484,0.25,0.434,0.584,0.716,0.95
237,,0.616,0.616,0.434,0.2,0.384,0.534,0.666,0.9
238,,0.566,0.566,0.384,0.15,0.334,0.484,0.616,0.85
239,,0.516,0.516,0.334,0.1,0.284,0.434,0.566,0.8
240,,0.466,0.466,0.284,0.05,0.234,0.384,0.516,0.75
241,,0.416,0.416,0.234,0.0,0.184,0.334,0.466,0.7
242,,0.366,0.366,0.184,-0.05,0.134,0.284,0.416,0.65
243,4,0.133,0.416,0.517,0.95,0.467,0.334,0.183,0.3
244,4,-0.1,0.466,0.85,1.0,0.8,0.384,-0.05,-0.05
245,1,0.9,0.799,0.9,0.767,0.45,0.151,0.0,0.283
246,1,1.0,1.0,0.95,0.534,0.1,-0.082,0.05,0.616
247,6,0.767,0.65,0.717,0.584,0.433,0.918,0.383,0.666
248,6,0.534,0.3,0.484,0.634,0.766,1.0,0.716,0.716
249,,0.484,0.25,0.434,0.584,0.716,0.95,0.666,0.666
250,,0.434,0.2,0.384,0.534,0.666,0.9,0.616,0.616
251,,0.384,0.15,0.334,0.484,0.616,0.85,0.566,0.566
252,,0.334,0.1,0.284,0.434,0.566,0.8,0.516,0.516
253,,0.284,0.05,0.234,0.384,0.516,0.75,0.466,0.466
254,,0.234,0.0,0.184,0.334,0.466,0.7,0.416,0.416
255,,0.184,-0.05,0.134,0.284,0.416,0.65,0.366,0.366
256,2,0.517,0.95,0.467,0.334,0.183,0.3,0.133,0.416
257,2,0.85,1.0,0.8,0.384,-0.05,-0.05,-0.1,0.466
258,7,0.9,0.767,0.45,0.151,0.0,0.283,0.9,0.799
259,7,0.95,0.534,0.1,-0.082,0.05,0.616,1.0,1.0
260,4,0.717,0.584,0.433,0.918,0.383,0.666,0.767,0.65
261,4,0.484,0.634,0.766,1.0,0.716,0.716,0.534,0.3
262,,0.434,0.584,0.716,0.95,0.666,0.666,0.484,0.25
263,,0.384,0.534,0.666,0.9,0.616,0.616,0.434,0.2
264,,0.334,0.484,0.616,0.85,0.566,0.566,0.384,0.15
265,,0.284,0.434,0.566,0.8,0.516,0.516,0.334,0.1
266,,0.234,0.384,0.516,0.75,0.466,0.466,0.284,0.05
267,,0.184,0.334,0.466,0.7,0.416,0.416,0.234,0.0
268,,0.134,0.284,0.416,0.65,0.366,0.366,0.184,-0.05
269,8,0.467,0.334,0.183,0.3,0.133,0.416,0.517,0.95
270,8,0.8,0.384,-0.05,-0.05,-0.1,0.466,0.85,1.0
271,5,0.45,0.151,0.0,0.283,0.9,0.799,0.9,0.767
272,5,0.1,-0.082,0.05,0.616,1.0,1.0,0.95,0.534
273,2,0.433,0.918,0.383,0.666,0.767,0.65,0.717,0.584
274,2,0.766,1.0,0.716,0.716,0.534,0.3,0.484,0.634
275,,0.716,0.95,0.666,0.666,0.484,0.25,0.434,0.584
276,,0.666,0.9,0.616,0.616,0.434,0.2,0.384,0.534
277,,0.616,0.85,0.566,0.566,0.384,0.15,0.334,0.484
278,,0.566,0.8,0.516,0.516,0.334,0.1,0.284,0.434
279,,0.516,0.75,0.466,0.466,0.284,0.05,0.234,0.384
280,,0.466,0.7,0.416,0.416,0.234,0.0,0.184,0.334
281,,0.416,0.65,0.366,0.366,0.184,-0.05,0.134,0.284
282,6,0.183,0.3,0.133,0.416,0.517,0.95,0.467,0.334
283,6,-0.05,-0.05,-0.1,0.466,0.85,1.0,0.8,0.384
284,3,0.0,0.283,0.9,0.799,0.9,0.767,0.45,0.151
285,3,0.05,0.616,1.0,1.0,0.95,0.534,0.1,-0.082
286,8,0.383,0.666,0.767,0.65,0.717,0.584,0.433,0.918
287,8,0.716,0.716,0.534,0.3,0.484,0.634,0.766,1.0
288,,0.666,0.666,0.484,0.25,0.434,0.584,0.716,0.95
289,,0.616,0.616,0.434,0.2,0.384,0.534,0.666,0.9
290,,0.566,0.566,0.384,0.15,0.334,0.484,0.616,0.85
291,,0.516,0.516,0.334,0.1,0.284,0.434,0.566,0.8
292,,0.466,0.466,0.284,0.05,0.234,0.384,0.516,0.75
293,,0.416,0.416,0.234,0.0,0.184,0.334,0.466,0.7
294,,0.366,0.366,0.184,-0.05,0.134,0.284,0.416,0.65
295,4,0.133,0.416,0.517,0.95,0.467,0.334,0.183,0.3
296,4,-0.1,0.466,0.85,1.0,0.8,0.384,-0.05,-0.05
297,1,0.9,0.799,0.9,0.767,0.45,0.151,0.0,0.283
298,1,1.0,1.0,0.95,0.534,0.1,-0.082,0.05,0.616
299,6,0.767,0.65,0.717,0.584,0.433,0.918,0.383,0.666
300,6,0.534,0.3,0.484,0.634,0.766,1.0,0.716,0.716
301,,0.484,0.25,0.434,0.584,0.716,0.95,0.666,0.666
302,,0.434,0.2,0.384,0.534,0.666,0.9,0.616,0.616
303,,0.384,0.15,0.334,0.484,0.616,0.85,0.566,0.566
304,,0.334,0.1,0.284,0.434,0.566,0.8,0.516,0.516
305,,0.284,0.05,0.234,0.384,0.516,0.75,0.466,0.466
306,,0.234,0.0,0.184,0.334,0.466,0.7,0.416,0.416
307,,0.184,-0.05,0.134,0.284,0.416,0.65,0.366,0.366
308,2,0.517,0.95,0.467,0.334,0.183,0.3,0.133,0.416
309,2,0.85,1.0,0.8,0.384,-0.05,-0.05,-0.1,0.466
310,7,0.9,0.767,0.45,0.151,0.0,0.283,0.9,0.799
311,7,0.95,0.534,0.1,-0.082,0.05,0.616,1.0,1.0
312,4,0.717,0.584,0.433,0.918,0.383,0.666,0.767,0.65
313,4,0.484,0.634,0.766,1.0,0.716,0.716,0.534,0.3
314,,0.434,0.584,0.716,0.95,0.666,0.666,0.484,0.25
315,,0.384,0.534,0.666,0.9,0.616,0.616,0.434,0.2
316,,0.334,0.484,0.616,0.85,0.566,0.566,0.384,0.15
317,,0.284,0.434,0.566,0.8,0.516,0.516,0.334,0.1
318,,0.234,0.384,0.516,0.75,0.466,0.466,0.284,0.05
319,,0.184,0.334,0.466,0.7,0.416,0.416,0.234,0.0
320,,0.134,0.284,0.416,0.65,0.366,0.366,0.184,-0.05
321,8,0.467,0.334,0.183,0.3,0.133,0.416,0.517,0.95
322,8,0.8,0.384,-0.05,-0.05,-0.1,0.466,0.85,1.0
323,5,0.45,0.151,0.0,0.283,0.9,0.799,0.9,0.767
324,5,0.1,-0.082,0.05,0.616,1.0,1.0,0.95,0.534
325,2,0.433,0.918,0.383,0.666,0.767,0.65,0.717,0.584
326,2,0.766,1.0,0.716,0.716,0.534,0.3,0.484,0.634
327,,0.716,0.95,0.666,0.666,0.484,0.25,0.434,0.584
328,,0.666,0.9,0.616,0.616,0.434,0.2,0.384,0.534
329,,0.616,0.85,0.566,0.566,0.384,0.15,0.334,0.484
330,,0.566,0.8,0.516,0.516,0.334,0.1,0.284,0.434
331,,0.516,0.75,0.466,0.466,0.284,0.05,0.234,0.384
332,,0.466,0.7,0.416,0.416,0.234,0.0,0.184,0.334
333,,0.416,0.65,0.366,0.366,0.184,-0.05,0.134,0.284
334,6,0.183,0.3,0.133,0.416,0.517,0.95,0.467,0.334
335,6,-0.05,-0.05,-0.1,0.466,0.85,1.0,0.8,0.384
336,3,0.0,0.283,0.9,0.799,0.9,0.767,0.45,0.151
337,3,0.05,0.616,1.0,1.0,0.95,0.534,0.1,-0.082
338,8,0.383,0.666,0.767,0.65,0.717,0.584,0.433,0.918
339,8,0.716,0.716,0.534,0.3,0.484,0.634,0.766,1.0
340,,0.666,0.666,0.484,0.25,0.434,0.584,0.716,0.95
341,,0.616,0.616,0.434,0.2,0.384,0.534,0.666,0.9
342,,0.566,0.566,0.384,0.15,0.334,0.484,0.616,0.85
343,,0.516,0.516,0.334,0.1,0.284,0.434,0.566,0.8
344,,0.466,0.466,0.284,0.05,0.234,0.384,0.516,0.75
345,,0.416,0.416,0.234,0.0,0.184,0.334,0.466,0.7
346,,0.366,0.366,0.184,-0.05,0.134,0.284,0.416,0.65
347,4,0.133,0.416,0.517,0.95,0.467,0.334,0.183,0.3
348,4,-0.1,0.466,0.85,1.0,0.8,0.384,-0.05,-0.05
349,1,0.9,0.799,0.9,0.767,0.45,0.151,0.0,0.283
350,1,1.0,1.0,0.95,0.534,0.1,-0.082,0.05,0.616
351,6,0.767,0.65,0.717,0.584,0.433,0.918,0.383,0.666
352,6,0.534,0.3,0.484,0.634,0.766,1.0,0.716,0.716
353,,0.484,0.25,0.434,0.584,0.716,0.95,0.666,0.666
354,,0.434,0.2,0.384,0.534,0.666,0.9,0.616,0.616
355,,0.384,0.15,0.334,0.484,0.616,0.85,0.566,0.566
356,,0.334,0.1,0.284,0.434,0.566,0.8,0.516,0.516
357,,0.284,0.05,0.234,0.384,0.516,0.75,0.466,0.466
358,,0.234,0.0,0.184,0.334,0.466,0.7,0.416,0.416
359,,0.184,-0.05,0.134,0.284,0.416,0.65,0.366,0.366
360,2,0.517,0.95,0.467,0.334,0.183,0.3,0.133,0.416
361,2,0.85,1.0,0.8,0.384,-0.05,-0.05,-0.1,0.466
362,7,0.9,0.767,0.45,0.151,0.0,0.283,0.9,0.799
363,7,0.95,0.534,0.1,-0.082,0.05,0.616,1.0,1.0
364,4,0.717,0.584,0.433,0.918,0.383,0.666,0.767,0.65
365,4,0.484,0.634,0.766,1.0,0.716,0.716,0.534,0.3
366,,0.434,0.584,0.716,0.95,0.666,0.666,0.484,0.25
367,,0.384,0.534,0.666,0.9,0.616,0.616,0.434,0.2
368,,0.334,0.484,0.616,0.85,0.566,0.566,0.384,0.15
369,,0.284,0.434,0.566,0.8,0.516,0.516,0.334,0.1
370,,0.234,0.384,0.516,0.75,0.466,0.466,0.284,0.05
371,,0.184,0.334,0.466,0.7,0.416,0.416,0.234,0.0
372,,0.134,0.284,0.416,0.65,0.366,0.366,0.184,-0.05
373,8,0.467,0.334,0.183,0.3,0.133,0.416,0.517,0.95
374,8,0.8,0.384,-0.05,-0.05,-0.1,0.466,0.85,1.0
375,5,0.45,0.151,0.0,0.283,0.9,0.799,0.9,0.767
376,5,0.1,-0.082,0.05,0.616,1.0,1.0,0.95,0.534
377,2,0.433,0.918,0.383,0.666,0.767,0.65,0.717,0.584
378,2,0.766,1.0,0.716,0.716,0.534,0.3,0.484,0.634
379,,0.716,0.95,0.666,0.666,0.484,0.25,0.434,0.584
380,,0.666,0.9,0.616,0.616,0.434,0.2,0.384,0.534
381,,0.616,0.85,0.566,0.566,0.384,0.15,0.334,0.484
382,,0.566,0.8,0.516,0.516,0.334,0.1,0.284,0.434
383,,0.516,0.75,0.466,0.466,0.284,0.05,0.234,0.384
384,,0.466,0.7,0.416,0.416,0.234,0.0,0.184,0.334
385,,0.416,0.65,0.366,0.366,0.184,-0.05,0.134,0.284
386,6,0.183,0.3,0.133,0.416,0.517,0.95,0.467,0.334
387,6,-0.05,-0.05,-0.1,0.466,0.85,1.0,0.8,0.384
388,3,0.0,0.283,0.9,0.799,0.9,0.767,0.45,0.151
389,3,0.05,0.616,1.0,1.0,0.95,0.534,0.1,-0.082
390,8,0.383,0.666,0.767,0.65,0.717,0.584,0.433,0.918
391,8,0.716,0.716,0.534,0.3,0.484,0.634,0.766,1.0
392,,0.666,0.666,0.484,0.25,0.434,0.584,0.716,0.95
393,,0.616,0.616,0.434,0.2,0.384,0.534,0.666,0.9
394,,0.566,0.566,0.384,0.15,0.334,0.484,0.616,0.85
395,,0.516,0.516,0.334,0.1,0.284,0.434,0.566,0.8
396,,0.466,0.466,0.284,0.05,0.234,0.384,0.516,0.75
397,,0.416,0.416,0.234,0.0,0.184,0.334,0.466,0.7
398,,0.366,0.366,0.184,-0.05,0.134,0.284,0.416,0.65
399,4,0.133,0.416,0.517,0.95,0.467,0.334,0.183,0.3
400,4,-0.1,0.466,0.85,1.0,0.8,0.384,-0.05,-0.05
401,1,0.9,0.799,0.9,0.767,0.45,0.151,0.0,0.283
402,1,1.0,1.0,0.95,0.534,0.1,-0.082,0.05,0.616
403,6,0.767,0.65,0.717,0.584,0.433,0.918,0.383,0.666
404,6,0.534,0.3,0.484,0.634,0.766,1.0,0.716,0.716
405,,0.484,0.25,0.434,0.584,0.716,0.95,0.666,0.666
406,,0.434,0.2,0.384,0.534,0.666,0.9,0.616,0.616
407,,0.384,0.15,0.334,0.484,0.616,0.85,0.566,0.566
408,,0.334,0.1,0.284,0.434,0.566,0.8,0.516,0.516
409,,0.284,0.05,0.234,0.384,0.516,0.75,0.466,0.466
410,,0.234,0.0,0.184,0.334,0.466,0.7,0.416,0.416
411,,0.184,-0.05,0.134,0.284,0.416,0.65,0.366,0.366
412,2,0.517,0.95,0.467,0.334,0.183,0.3,0.133,0.416
413,2,0.85,1.0,0.8,0.384,-0.05,-0.05,-0.1,0.466
414,7,0.9,0.767,0.45,0.151,0.0,0.283,0.9,0.799
415,7,0.95,0.534,0.1,-0.082,0.05,0.616,1.0,1.0
416,4,0.717,0.584,0.433,0.918,0.383,0.666,0.767,0.65
417,4,0.484,0.634,0.766,1.0,0.716,0.716,0.534,0.3
418,,0.434,0.584,0.716,0.95,0.666,0.666,0.484,0.25
419,,0.384,0.534,0.666,0.9,0.616,0.616,0.434,0.2
420,,0.334,0.484,0.616,0.85,0.566,0.566,0.384,0.15
421,,0.284,0.434,0.566,0.8,0.516,0.516,0.334,0.1
422,,0.234,0.384,0.516,0.75,0.466,0.466,0.284,0.05
423,,0.184,0.334,0.466,0.7,0.416,0.416,0.234,0.0
424,,0.134,0.284,0.416,0.65,0.366,0.366,0.184,-0.05
425,8,0.467,0.334,0.183,0.3,0.133,0.416,0.517,0.95
426,8,0.8,0.384,-0.05,-0.05,-0.1,0.466,0.85,1.0
427,5,0.45,0.151,0.0,0.283,0.9,0.799,0.9,0.767
428,5,0.1,-0.082,0.05,0.616,1.0,1.0,0.95,0.534
429,2,0.433,0.918,0.383,0.666,0.767,0.65,0.717,0.584
430,2,0.766,1.0,0.716,0.716,0.534,0.3,0.484,0.634
431,,0.716,0.95,0.666,0.666,0.484,0.25,0.434,0.584
432,,0.666,0.9,0.616,0.616,0.434,0.2,0.384,0.534
433,,0.616,0.85,0.566,0.566,0.384,0.15,0.334,0.484
434,,0.566,0.8,0.516,0.516,0.334,0.1,0.284,0.434
435,,0.516,0.75,0.466,0.466,0.284,0.05,0.234,0.384
436,,0.466,0.7,0.416,0.416,0.234,0.0,0.184,0.334
437,,0.416,0.65,0.366,0.366,0.184,-0.05,0.134,0.284
438,6,0.183,0.3,0.133,0.416,0.517,0.95,0.467,0.334
439,6,-0.05,-0.05,-0.1,0.466,0.85,1.0,0.8,0.384
440,3,0.0,0.283,0.9,0.799,0.9,0.767,0.45,0.151
441,3,0.05,0.616,1.0,1.0,0.95,0.534,0.1,-0.082
442,8,0.383,0.666,0.767,0.65,0.717,0.584,0.433,0.918
443,8,0.716,0.716,0.534,0.3,0.484,0.634,0.766,1.0
444,,0.666,0.666,0.484,0.25,0.434,0.584,0.716,0.95
445,,0.616,0.616,0.434,0.2,0.384,0.534,0.666,0.9
446,,0.566,0.566,0.384,0.15,0.334,0.484,0.616,0.85
447,,0.516,0.516,0.334,0.1,0.284,0.434,0.566,0.8
448,,0.466,0.466,0.284,0.05,0.234,0.384,0.516,0.75
449,,0.416,0.416,0.234,0.0,0.184,0.334,0.466,0.7
450,,0.366,0.366,0.184,-0.05,0.134,0.284,0.416,0.65
451,4,0.133,0.416,0.517,0.95,0.467,0.334,0.183,0.3
452,4,-0.1,0.466,0.85,1.0,0.8,0.384,-0.05,-0.05
453,1,0.9,0.799,0.9,0.767,0.45,0.151,0.0,0.283
454,1,1.0,1.0,0.95,0.534,0.1,-0.082,0.05,0.616
455,6,0.767,0.65,0.717,0.584,0.433,0.918,0.383,0.666
456,6,0.534,0.3,0.484,0.634,0.766,1.0,0.716,0.716
457,,0.484,0.25,0.434,0.584,0.716,0.95,0.666,0.666
458,,0.434,0.2,0.384,0.534,0.666,0.9,0.616,0.616
459,,0.384,0.15,0.334,0.484,0.616,0.85,0.566,0.566
460,,0.334,0.1,0.284,0.434,0.566,0.8,0.516,0.516
461,,0.284,0.05,0.234,0.384,0.516,0.75,0.466,0.466
462,,0.234,0.0,0.184,0.334,0.466,0.7,0.416,0.416
463,,0.184,-0.05,0.134,0.284,0.416,0.65,0.366,0.366
464,2,0.517,0.95,0.467,0.334,0.183,0.3,0.133,0.416
465,2,0.85,1.0,0.8,0.384,-0.05,-0.05,-0.1,0.466
466,7,0.9,0.767,0.45,0.151,0.0,0.283,0.9,0.799
467,7,0.95,0.534,0.1,-0.082,0.05,0.616,1.0,1.0
468,4,0.717,0.584,0.433,0.918,0.383,0.666,0.767,0.65
469,4,0.484,0.634,0.766,1.0,0.716,0.716,0.534,0.3
470,,0.434,0.584,0.716,0.95,0.666,0.666,0.484,0.25
471,,0.384,0.534,0.666,0.9,0.616,0.616,0.434,0.2
472,,0.334,0.484,0.616,0.85,0.566,0.566,0.384,0.15
473,,0.284,0.434,0.566,0.8,0.516,0.516,0.334,0.1
474,,0.234,0.384,0.516,0.75,0.466,0.466,0.284,0.05
475,,0.184,0.334,0.466,0.7,0.416,0.416,0.234,0.0
476,,0.134,0.284,0.416,0.65,0.366,0.366,0.184,-0.05
477,8,0.467,0.334,0.183,0.3,0.133,0.416,0.517,0.95
478,8,0.8,0.384,-0.05,-0.05,-0.1,0.466,0.85,1.0
479,5,0.45,0.151,0.0,0.283,0.9,0.799,0.9,0.767
480,5,0.1,-0.082,0.05,0.616,1.0,1.0,0.95,0.534
481,2,0.433,0.918,0.383,0.666,0.767,0.65,0.717,0.584
482,2,0.766,1.0,0.716,0.716,0.534,0.3,0.484,0.634
483,,0.716,0.95,0.666,0.666,0.484,0.25,0.434,0.584
484,,0.666,0.9,0.616,0.616,0.434,0.2,0.384,0.534
485,,0.616,0.85,0.566,0.566,0.384,0.15,0.334,0.484
486,,0.566,0.8,0.516,0.516,0.334,0.1,0.284,0.434
487,,0.516,0.75,0.466,0.466,0.284,0.05,0.234,0.384
488,,0.466,0.7,0.416,0.416,0.234,0.0,0.184,0.334
489,,0.416,0.65,0.366,0.366,0.184,-0.05,0.134,0.284
490,6,0.183,0.3,0.133,0.416,0.517,0.95,0.467,0.334
491,6,-0.05,-0.05,-0.1,0.466,0.85,1.0,0.8,0.384
492,3,0.0,0.283,0.9,0.799,0.9,0.767,0.45,0.151
493,3,0.05,0.616,1.0,1.0,0.95,0.534,0.1,-0.082
494,8,0.383,0.666,0.767,0.65,0.717,0.584,0.433,0.918
495,8,0.716,0.716,0.534,0.3,0.484,0.634,0.766,1.0
496,,0.666,0.666,0.484,0.25,0.434,0.584,0.716,0.95
497,,0.616,0.616,0.434,0.2,0.384,0.534,0.666,0.9
498,,0.566,0.566,0.384,0.15,0.334,0.484,0.616,0.85
499,,0.516,0.516,0.334,0.1,0.284,0.434,0.566,0.8
500,,0.466,0.466,0.284,0.05,0.234,0.384,0.516,0.75
501,,0.416,0.416,0.234,0.0,0.184,0.334,0.466,0.7
502,,0.366,0.366,0.184,-0.05,0.134,0.284,0.416,0.65
503,4,0.133,0.416,0.517,0.95,0.467,0.334,0.183,0.3
504,4,-0.1,0.466,0.85,1.0,0.8,0.384,-0.05,-0.05
505,1,0.9,0.799,0.9,0.767,0.45,0.151,0.0,0.283
506,1,1.0,1.0,0.95,0.534,0.1,-0.082,0.05,0.616
507,6,0.767,0.65,0.717,0.584,0.433,0.918,0.383,0.666
508,6,0.534,0.3,0.484,0.634,0.766,1.0,0.716,0.716
509,,0.484,0.25,0.434,0.584,0.716,0.95,0.666,0.666
510,,0.434,0.2,0.384,0.534,0.666,0.9,0.616,0.616
511,,0.384,0.15,0.334,0.484,0.616,0.85,0.566,0.566
512,,0.334,0.1,0.284,0.434,0.566,0.8,0.516,0.516
513,,0.284,0.05,0.234,0.384,0.516,0.75,0.466,0.466
514,,0.234,0.0,0.184,0.334,0.466,0.7,0.416,0.416
515,,0.184,-0.05,0.134,0.284,0.416,0.65,0.366,0.366
516,2,0.517,0.95,0.467,0.334,0.183,0.3,0.133,0.416
517,2,0.85,1.0,0.8,0.384,-0.05,-0.05,-0.1,0.466
518,7,0.9,0.767,0.45,0.151,0.0,0.283,0.9,0.799
519,7,0.95,0.534,0.1,-0.082,0.05,0.616,1.0,1.0
520,4,0.717,0.584,0.433,0.918,0.383,0.666,0.767,0.65
521,4,0.484,0.634,0.766,1.0,0.716,0.716,0.534,0.3
522,,0.434,0.584,0.716,0.95,0.666,0.666,0.484,0.25
523,,0.384,0.534,0.666,0.9,0.616,0.616,0.434,0.2
524,,0.334,0.484,0.616,0.85,0.566,0.566,0.384,0.15
525,,0.284,0.434,0.566,0.8,0.516,0.516,0.334,0.1
526,,0.234,0.384,0.516,0.75,0.466,0.466,0.284,0.05
527,,0.184,0.334,0.466,0.7,0.416,0.416,0.234,0.0
528,,0.134,0.284,0.416,0.65,0.366,0.366,0.184,-0.05
529,8,0.467,0.334,0.183,0.3,0.133,0.416,0.517,0.95
530,8,0.8,0.384,-0.05,-0.05,-0.1,0.466,0.85,1.0
531,5,0.45,0.151,0.0,0.283,0.9,0.799,0.9,0.767
532,5,0.1,-0.082,0.05,0.616,1.0,1.0,0.95,0.534
533,2,0.433,0.918,0.383,0.666,0.767,0.65,0.717,0.584
534,2,0.766,1.0,0.716,0.716,0.534,0.3,0.484,0.634
535,,0.716,0.95,0.666,0.666,0.484,0.25,0.434,0.584
536,,0.666,0.9,0.616,0.616,0.434,0.2,0.384,0.534
537,,0.616,0.85,0.566,0.566,0.384,0.15,0.334,0.484
538,,0.566,0.8,0.516,0.516,0.334,0.1,0.284,0.434
539,,0.516,0.75,0.466,0.466,0.284,0.05,0.234,0.384
540,,0.466,0.7,0.416,0.416,0.234,0.0,0.184,0.334
541,,0.416,0.65,0.366,0.366,0.184,-0.05,0.134,0.284
542,6,0.183,0.3,0.133,0.416,0.517,0.95,0.467,0.334
543,6,-0.05,-0.05,-0.1,0.466,0.85,1.0,0.8,0.384
544,3,0.0,0.283,0.9,0.799,0.9,0.767,0.45,0.151
545,3,0.05,0.616,1.0,1.0,0.95,0.534,0.1,-0.082
546,8,0.383,0.666,0.767,0.65,0.717,0.584,0.433,0.918
547,8,0.716,0.716,0.534,0.3,0.484,0.634,0.766,1.0
548,,0.666,0.666,0.484,0.25,0.434,0.584,0.716,0.95
549,,0.616,0.616,0.434,0.2,0.384,0.534,0.666,0.9
550,,0.566,0.566,0.384,0.15,0.334,0.484,0.616,0.85
551,,0.516,0.516,0.334,0.1,0.284,0.434,0.566,0.8
552,,0.466,0.466,0.284,0.05,0.234,0.384,0.516,0.75
553,,0.416,0.416,0.234,0.0,0.184,0.334,0.466,0.7
554,,0.366,0.366,0.184,-0.05,0.134,0.284,0.416,0.65
555,4,0.133,0.416,0.517,0.95,0.467,0.334,0.183,0.3
556,4,-0.1,0.466,0.85,1.0,0.8,0.384,-0.05,-0.05
557,1,0.9,0.799,0.9,0.767,0.45,0.151,0.0,0.283
558,1,1.0,1.0,0.95,0.534,0.1,-0.082,0.05,0.616
559,6,0.767,0.65,0.717,0.584,0.433,0.918,0.383,0.666
560,6,0.534,0.3,0.484,0.634,0.766,1.0,0.716,0.716
561,,0.484,0.25,0.434,0.584,0.716,0.95,0.666,0.666
562,,0.434,0.2,0.384,0.534,0.666,0.9,0.616,0.616
563,,0.384,0.15,0.334,0.484,0.616,0.85,0.566,0.566
564,,0.334,0.1,0.284,0.434,0.566,0.8,0.516,0.516
565,,0.284,0.05,0.234,0.384,0.516,0.75,0.466,0.466
566,,0.234,0.0,0.184,0.334,0.466,0.7,0.416,0.416
567,,0.184,-0.05,0.134,0.284,0.416,0.65,0.366,0.366
568,2,0.517,0.95,0.467,0.334,0.183,0.3,0.133,0.416
569,2,0.85,1.0,0.8,0.384,-0.05,-0.05,-0.1,0.466
570,7,0.9,0.767,0.45,0.151,0.0,0.283,0.9,0.799
571,7,0.95,0.534,0.1,-0.082,0.05,0.616,1.0,1.0
572,4,0.717,0.584,0.433,0.918,0.383,0.666,0.767,0.65
573,4,0.484,0.634,0.766,1.0,0.716,0.716,0.534,0.3
574,,0.434,0.584,0.716,0.95,0.666,0.666,0.484,0.25
575,,0.384,0.534,0.666,0.9,0.616,0.616,0.434,0.2
576,,0.334,0.484,0.616,0.85,0.566,0.566,0.384,0.15
577,,0.284,0.434,0.566,0.8,0.516,0.516,0.334,0.1
578,,0.234,0.384,0.516,0.75,0.466,0.466,0.284,0.05
579,,0.184,0.334,0.466,0.7,0.416,0.416,0.234,0.0
580,,0.134,0.284,0.416,0.65,0.366,0.366,0.184,-0.05
581,8,0.467,0.334,0.183,0.3,0.133,0.416,0.517,0.95
582,8,0.8,0.384,-0.05,-0.05,-0.1,0.466,0.85,1.0
583,5,0.45,0.151,0.0,0.283,0.9,0.799,0.9,0.767
584,5,0.1,-0.082,0.05,0.616,1.0,1.0,0.95,0.534
585,2,0.433,0.918,0.383,0.666,0.767,0.65,0.717,0.584
586,2,0.766,1.0,0.716,0.716,0.534,0.3,0.484,0.634
587,,0.716,0.95,0.666,0.666,0.484,0.25,0.434,0.584
588,,0.666,0.9,0.616,0.616,0.434,0.2,0.384,0.534
589,,0.616,0.85,0.566,0.566,0.384,0.15,0.334,0.484
590,,0.566,0.8,0.516,0.516,0.334,0.1,0.284,0.434
591,,0.516,0.75,0.466,0.466,0.284,0.05,0.234,0.384
592,,0.466,0.7,0.416,0.416,0.234,0.0,0.184,0.334
593,,0.416,0.65,0.366,0.366,0.184,-0.05,0.134,0.284
594,6,0.183,0.3,0.133,0.416,0.517,0.95,0.467,0.334
595,6,-0.05,-0.05,-0.1,0.466,0.85,1.0,0.8,0.384
596,3,0.0,0.283,0.9,0.799,0.9,0.767,0.45,0.151
597,3,0.05,0.616,1.0,1.0,0.95,0.534,0.1,-0.082
598,8,0.383,0.666,0.767,0.65,0.717,0.584,0.433,0.918
599,8,0.716,0.716,0.534,0.3,0.484,0.634,0.766,1.0
600,,0.666,0.666,0.484,0.25,0.434,0.584,0.716,0.95
601,,0.616,0.616,0.434,0.2,0.384,0.534,0.666,0.9
602,,0.566,0.566,0.384,0.15,0.334,0.484,0.616,0.85
603,,0.516,0.516,0.334,0.1,0.284,0.434,0.566,0.8
604,,0.466,0.466,0.284,0.05,0.234,0.384,0.516,0.75
605,,0.416,0.416,0.234,0.0,0.184,0.334,0.466,0.7
606,,0.366,0.366,0.184,-0.05,0.134,0.284,0.416,0.65
607,4,0.133,0.416,0.517,0.95,0.467,0.334,0.183,0.3
608,4,-0.1,0.466,0.85,1.0,0.8,0.384,-0.05,-0.05
609,1,0.9,0.799,0.9,0.767,0.45,0.151,0.0,0.283
610,1,1.0,1.0,0.95,0.534,0.1,-0.082,0.05,0.616
611,6,0.767,0.65,0.717,0.584,0.433,0.918,0.383,0.666
612,6,0.534,0.3,0.484,0.634,0.766,1.0,0.716,0.716
613,,0.484,0.25,0.434,0.584,0.716,0.95,0.666,0.666
614,,0.434,0.2,0.384,0.534,0.666,0.9,0.616,0.616
615,,0.384,0.15,0.334,0.484,0.616,0.85,0.566,0.566
616,,0.334,0.1,0.284,0.434,0.566,0.8,0.516,0.516
617,,0.284,0.05,0.234,0.384,0.516,0.75,0.466,0.466
618,,0.234,0.0,0.184,0.334,0.466,0.7,0.416,0.416
619,,0.184,-0.05,0.134,0.284,0.416,0.65,0.366,0.366
620,2,0.517,0.95,0.467,0.334,0.183,0.3,0.133,0.416
621,2,0.85,1.0,0.8,0.384,-0.05,-0.05,-0.1,0.466
622,7,0.9,0.767,0.45,0.151,0.0,0.283,0.9,0.799
623,7,0.95,0.534,0.1,-0.082,0.05,0.616,1.0,1.0
624,4,0.717,0.584,0.433,0.918,0.383,0.666,0.767,0.65
625,4,0.484,0.634,0.766,1.0,0.716,0.716,0.534,0.3
626,,0.434,0.584,0.716,0.95,0.666,0.666,0.484,0.25
627,,0.384,0.534,0.666,0.9,0.616,0.616,0.434,0.2
628,,0.334,0.484,0.616,0.85,0.566,0.566,0.384,0.15
629,,0.284,0.434,0.566,0.8,0.516,0.516,0.334,0.1
630,,0.234,0.384,0.516,0.75,0.466,0.466,0.284,0.05
631,,0.184,0.334,0.466,0.7,0.416,0.416,0.234,0.0
632,,0.134,0.284,0.416,0.65,0.366,0.366,0.184,-0.05
633,8,0.467,0.334,0.183,0.3,0.133,0.416,0.517,0.95
634,8,0.8,0.384,-0.05,-0.05,-0.1,0.466,0.85,1.0
635,5,0.45,0.151,0.0,0.283,0.9,0.799,0.9,0.767
636,5,0.1,-0.082,0.05,0.616,1.0,1.0,0.95,0.534
637,2,0.433,0.918,0.383,0.666,0.767,0.65,0.717,0.584
638,2,0.766,1.0,0.716,0.716,0.534,0.3,0.484,0.634
639,,0.716,0.95,0.666,0.666,0.484,0.25,0.434,0.584
640,,0.666,0.9,0.616,0.616,0.434,0.2,0.384,0.534
641,,0.616,0.85,0.566,0.566,0.384,0.15,0.334,0.484
642,,0.566,0.8,0.516,0.516,0.334,0.1,0.284,0.434
643,,0.516,0.75,0.466,0.466,0.284,0.05,0.234,0.384
644,,0.466,0.7,0.416,0.416,0.234,0.0,0.184,0.334
645,,0.416,0.65,0.366,0.366,0.184,-0.05,0.134,0.284
646,6,0.183,0.3,0.133,0.416,0.517,0.95,0.467,0.334
647,6,-0.05,-0.05,-0.1,0.466,0.85,1.0,0.8,0.384
648,3,0.0,0.283,0.9,0.799,0.9,0.767,0.45,0.151
649,3,0.05,0.616,1.0,1.0,0.95,0.534,0.1,-0.082
650,8,0.383,0.666,0.767,0.65,0.717,0.584,0.433,0.918
651,8,0.716,0.716,0.534,0.3,0.484,0.634,0.766,1.0
652,,0.666,0.666,0.484,0.25,0.434,0.584,0.716,0.95
653,,0.616,0.616,0.434,0.2,0.384,0.534,0.666,0.9
654,,0.566,0.566,0.384,0.15,0.334,0.484,0.616,0.85
655,,0.516,0.516,0.334,0.1,0.284,0.434,0.566,0.8
656,,0.466,0.466,0.284,0.05,0.234,0.384,0.516,0.75
657,,0.416,0.416,0.234,0.0,0.184,0.334,0.466,0.7
658,,0.366,0.366,0.184,-0.05,0.134,0.284,0.416,0.65
659,4,0.133,0.416,0.517,0.95,0.467,0.334,0.183,0.3
660,4,-0.1,0.466,0.85,1.0,0.8,0.384,-0.05,-0.05
661,1,0.9,0.799,0.9,0.767,0.45,0.151,0.0,0.283
662,1,1.0,1.0,0.95,0.534,0.1,-0.082,0.05,0.616
663,6,0.767,0.65,0.717,0.584,0.433,0.918,0.383,0.666
664,6,0.534,0.3,0.484,0.634,0.766,1.0,0.716,0.716
665,,0.484,0.25,0.434,0.584,0.716,0.95,0.666,0.666
666,,0.434,0.2,0.384,0.534,0.666,0.9,0.616,0.616
667,,0.384,0.15,0.334,0.484,0.616,0.85,0.566,0.566
668,,0.334,0.1,0.284,0.434,0.566,0.8,0.516,0.516
669,,0.284,0.05,0.234,0.384,0.516,0.75,0.466,0.466
670,,0.234,0.0,0.184,0.334,0.466,0.7,0.416,0.416
671,,0.184,-0.05,0.134,0.284,0.416,0.65,0.366,0.366
672,2,0.517,0.95,0.467,0.334,0.183,0.3,0.133,0.416
673,2,0.85,1.0,0.8,0.384,-0.05,-0.05,-0.1,0.466
674,7,0.9,0.767,0.45,0.151,0.0,0.283,0.9,0.799
675,7,0.95,0.534,0.1,-0.082,0.05,0.616,1.0,1.0
676,4,0.717,0.584,0.433,0.918,0.383,0.666,0.767,0.65
677,4,0.484,0.634,0.766,1.0,0.716,0.716,0.534,0.3
678,,0.434,0.584,0.716,0.95,0.666,0.666,0.484,0.25
679,,0.384,0.534,0.666,0.9,0.616,0.616,0.434,0.2
680,,0.334,0.484,0.616,0.85,0.566,0.566,0.384,0.15
681,,0.284,0.434,0.566,0.8,0.516,0.516,0.334,0.1
682,,0.234,0.384,0.516,0.75,0.466,0.466,0.284,0.05
683,,0.184,0.334,0.466,0.7,0.416,0.416,0.234,0.0
684,,0.134,0.284,0.416,0.65,0.366,0.366,0.184,-0.05
685,8,0.467,0.334,0.183,0.3,0.133,0.416,0.517,0.95
686,8,0.8,0.384,-0.05,-0.05,-0.1,0.466,0.85,1.0
687,5,0.45,0.151,0.0,0.283,0.9,0.799,0.9,0.767
688,5,0.1,-0.082,0.05,0.616,1.0,1.0,0.95,0.534
689,2,0.433,0.918,0.383,0.666,0.767,0.65,0.717,0.584
690,2,0.766,1.0,0.716,0.716,0.534,0.3,0.484,0.634
691,,0.716,0.95,0.666,0.666,0.484,0.25,0.434,0.584
692,,0.666,0.9,0.616,0.616,0.434,0.2,0.384,0.534
693,,0.616,0.85,0.566,0.566,0.384,0.15,0.334,0.484
694,,0.566,0.8,0.516,0.516,0.334,0.1,0.284,0.434
695,,0.516,0.75,0.466,0.466,0.284,0.05,0.234,0.384
696,,0.466,0.7,0.416,0.416,0.234,0.0,0.184,0.334
697,,0.416,0.65,0.366,0.366,0.184,-0.05,0.134,0.284
698,6,0.183,0.3,0.133,0.416,0.517,0.95,0.467,0.334
699,6,-0.05,-0.05,-0.1,0.466,0.85,1.0,0.8,0.384
700,3,0.0,0.283,0.9,0.799,0.9,0.767,0.45,0.151
701,3,0.05,0.616,1.0,1.0,0.95,0.534,0.1,-0.082
702,8,0.383,0.666,0.767,0.65,0.717,0.584,0.433,0.918
703,8,0.716,0.716,0.534,0.3,0.484,0.634,0.766,1.0
704,,0.666,0.666,0.484,0.25,0.434,0.584,0.716,0.95
705,,0.616,0.616,0.434,0.2,0.384,0.534,0.666,0.9
706,,0.566,0.566,0.384,0.15,0.334,0.484,0.616,0.85
707,,0.516,0.516,0.334,0.1,0.284,0.434,0.566,0.8
708,,0.466,0.466,0.284,0.05,0.234,0.384,0.516,0.75
709,,0.416,0.416,0.234,0.0,0.184,0.334,0.466,0.7
710,,0.366,0.366,0.184,-0.05,0.134,0.284,0.416,0.65
711,4,0.133,0.416,0.517,0.95,0.467,0.334,0.183,0.3
712,4,-0.1,0.466,0.85,1.0,0.8,0.384,-0.05,-0.05
713,1,0.9,0.799,0.9,0.767,0.45,0.151,0.0,0.283
714,1,1.0,1.0,0.95,0.534,0.1,-0.082,0.05,0.616
715,6,0.767,0.65,0.717,0.584,0.433,0.918,0.383,0.666
716,6,0.534,0.3,0.484,0.634,0.766,1.0,0.716,0.716
717,,0.484,0.25,0.434,0.584,0.716,0.95,0.666,0.666
718,,0.434,0.2,0.384,0.534,0.666,0.9,0.616,0.616
719,,0.384,0.15,0.334,0.484,0.616,0.85,0.566,0.566
720,,0.334,0.1,0.284,0.434,0.566,0.8,0.516,0.516
721,,0.284,0.05,0.234,0.384,0.516,0.75,0.466,0.466
722,,0.234,0.0,0.184,0.334,0.466,0.7,0.416,0.416
723,,0.184,-0.05,0.134,0.284,0.416,0.65,0.366,0.366
724,2,0.517,0.95,0.467,0.334,0.183,0.3,0.133,0.416
725,2,0.85,1.0,0.8,0.384,-0.05,-0.05,-0.1,0.466
726,7,0.9,0.767,0.45,0.151,0.0,0.283,0.9,0.799
727,7,0.95,0.534,0.1,-0.082,0.05,0.616,1.0,1.0
728,4,0.717,0.584,0.433,0.918,0.383,0.666,0.767,0.65
729,4,0.484,0.634,0.766,1.0,0.716,0.716,0.534,0.3
730,,0.434,0.584,0.716,0.95,0.666,0.666,0.484,0.25
731,,0.384,0.534,0.666,0.9,0.616,0.616,0.434,0.2
732,,0.334,0.484,0.616,0.85,0.566,0.566,0.384,0.15
733,,0.284,0.434,0.566,0.8,0.516,0.516,0.334,0.1
734,,0.234,0.384,0.516,0.75,0.466,0.466,0.284,0.05
735,,0.184,0.334,0.466,0.7,0.416,0.416,0.234,0.0
736,,0.134,0.284,0.416,0.65,0.366,0.366,0.184,-0.05
737,8,0.467,0.334,0.183,0.3,0.133,0.416,0.517,0.95
738,8,0.8,0.384,-0.05,-0.05,-0.1,0.466,0.85,1.0
739,5,0.45,0.151,0.0,0.283,0.9,0.799,0.9,0.767
740,5,0.1,-0.082,0.05,0.616,1.0,1.0,0.95,0.534
741,2,0.433,0.918,0.383,0.666,0.767,0.65,0.717,0.584
742,2,0.766,1.0,0.716,0.716,0.534,0.3,0.484,0.634
743,,0.716,0.95,0.666,0.666,0.484,0.25,0.434,0.584
744,,0.666,0.9,0.616,0.616,0.434,0.2,0.384,0.534
745,,0.616,0.85,0.566,0.566,0.384,0.15,0.334,0.484
746,,0.566,0.8,0.516,0.516,0.334,0.1,0.284,0.434
747,,0.516,0.75,0.466,0.466,0.284,0.05,0.234,0.384
748,,0.466,0.7,0.416,0.416,0.234,0.0,0.184,0.334
749,,0.416,0.65,0.366,0.366,0.184,-0.05,0.134,0.284
750,6,0.183,0.3,0.133,0.416,0.517,0.95,0.467,0.334
751,6,-0.05,-0.05,-0.1,0.466,0.85,1.0,0.8,0.384
752,3,0.0,0.283,0.9,0.799,0.9,0.767,0.45,0.151
753,3,0.05,0.616,1.0,1.0,0.95,0.534,0.1,-0.082
754,8,0.383,0.666,0.767,0.65,0.717,0.584,0.433,0.918
755,8,0.716,0.716,0.534,0.3,0.484,0.634,0.766,1.0
756,,0.666,0.666,0.484,0.25,0.434,0.584,0.716,0.95
757,,0.616,0.616,0.434,0.2,0.384,0.534,0.666,0.9
758,,0.566,0.566,0.384,0.15,0.334,0.484,0.616,0.85
759,,0.516,0.516,0.334,0.1,0.284,0.434,0.566,0.8
760,,0.466,0.466,0.284,0.05,0.234,0.384,0.516,0.75
761,,0.416,0.416,0.234,0.0,0.184,0.334,0.466,0.7
762,,0.366,0.366,0.184,-0.05,0.134,0.284,0.416,0.65
763,4,0.133,0.416,0.517,0.95,0.467,0.334,0.183,0.3
764,4,-0.1,0.466,0.85,1.0,0.8,0.384,-0.05,-0.05
765,1,0.9,0.799,0.9,0.767,0.45,0.151,0.0,0.283
766,1,1.0,1.0,0.95,0.534,0.1,-0.082,0.05,0.616
767,6,0.767,0.65,0.717,0.584,0.433,0.918,0.383,0.666
768,6,0.534,0.3,0.484,0.634,0.766,1.0,0.716,0.716
769,,0.484,0.25,0.434,0.584,0.716,0.95,0.666,0.666
770,,0.434,0.2,0.384,0.534,0.666,0.9,0.616,0.616
771,,0.384,0.15,0.334,0.484,0.616,0.85,0.566,0.566
772,,0.334,0.1,0.284,0.434,0.566,0.8,0.516,0.516
773,,0.284,0.05,0.234,0.384,0.516,0.75,0.466,0.466
774,,0.234,0.0,0.184,0.334,0.466,0.7,0.416,0.416
775,,0.184,-0.05,0.134,0.284,0.416,0.65,0.366,0.366
776,2,0.517,0.95,0.467,0.334,0.183,0.3,0.133,0.416
777,2,0.85,1.0,0.8,0.384,-0.05,-0.05,-0.1,0.466
778,7,0.9,0.767,0.45,0.151,0.0,0.283,0.9,0.799
779,7,0.95,0.534,0.1,-0.082,0.05,0.616,1.0,1.0
780,4,0.717,0.584,0.433,0.918,0.383,0.666,0.767,0.65
781,4,0.484,0.634,0.766,1.0,0.716,0.716,0.534,0.3
782,,0.434,0.584,0.716,0.95,0.666,0.666,0.484,0.25
783,,0.384,0.534,0.666,0.9,0.616,0.616,0.434,0.2
784,,0.334,0.484,0.616,0.85,0.566,0.566,0.384,0.15
785,,0.284,0.434,0.566,0.8,0.516,0.516,0.334,0.1
786,,0.234,0.384,0.516,0.75,0.466,0.466,0.284,0.05
787,,0.184,0.334,0.466,0.7,0.416,0.416,0.234,0.0
788,,0.134,0.284,0.416,0.65,0.366,0.366,0.184,-0.05
789,8,0.467,0.334,0.183,0.3,0.133,0.416,0.517,0.95
790,8,0.8,0.384,-0.05,-0.05,-0.1,0.466,0.85,1.0
791,5,0.45,0.151,0.0,0.283,0.9,0.799,0.9,0.767
792,5,0.1,-0.082,0.05,0.616,1.0,1.0,0.95,0.534
793,2,0.433,0.918,0.383,0.666,0.767,0.65,0.717,0.584
794,2,0.766,1.0,0.716,0.716,0.534,0.3,0.484,0.634
795,,0.716,0.95,0.666,0.666,0.484,0.25,0.434,0.584
796,,0.666,0.9,0.616,0.616,0.434,0.2,0.384,0.534
