step,active_motive,motive_1,motive_2,motive_3,motive_4,motive_5,motive_6,motive_7,motive_8
0,,0.25132,0.28845,0.24626,0.09762,0.36123,0.14039,0.01216,0.32274
1,,0.20132,0.23845,0.19626,0.04762,0.31123,0.09039,-0.03784,0.27274
2,7,0.25132,0.00545,-0.15374,-0.18538,0.36123,0.42339,0.96216,0.60574
3,7,0.30132,-0.22755,-0.50374,-0.41838,0.41123,0.75639,1.0,0.93874
4,3,0.35132,0.10545,0.49626,-0.08538,0.46123,0.52339,0.65,0.70574
5,3,0.40132,0.43845,1.0,0.24762,0.51123,0.29039,0.3,0.47274
6,,0.35132,0.38845,0.95,0.19762,0.46123,0.24039,0.25,0.42274
7,,0.30132,0.33845,0.9,0.14762,0.41123,0.19039,0.2,0.37274
8,,0.25132,0.28845,0.85,0.09762,0.36123,0.14039,0.15,0.32274
9,,0.20132,0.23845,0.8,0.04762,0.31123,0.09039,0.1,0.27274
10,,0.15132,0.18845,0.75,-0.00238,0.26123,0.04039,0.05,0.22274
11,4,-0.08168,0.23845,1.0,0.99762,0.59423,0.09039,-0.183,-0.12726
12,4,-0.31468,0.28845,1.0,1.0,0.92723,0.14039,-0.416,-0.47726
13,8,0.01832,0.33845,0.767,0.65,0.69423,0.19039,-0.083,0.52274
14,8,0.35132,0.38845,0.534,0.3,0.46123,0.24039,0.25,1.0
15,,0.30132,0.33845,0.484,0.25,0.41123,0.19039,0.2,0.95
16,,0.25132,0.28845,0.434,0.2,0.36123,0.14039,0.15,0.9
17,,0.20132,0.23845,0.384,0.15,0.31123,0.09039,0.1,0.85
18,,0.15132,0.18845,0.334,0.1,0.26123,0.04039,0.05,0.8
19,,0.10132,0.13845,0.284,0.05,0.21123,-0.00961,0.0,0.75
20,6,-0.13168,-0.21155,0.051,0.1,0.54423,0.99039,0.333,0.8
21,6,-0.36468,-0.56155,-0.182,0.15,0.87723,1.0,0.666,0.85
22,2,-0.03168,0.43845,0.151,0.2,0.64423,0.65,0.433,0.9
23,2,0.30132,1.0,0.484,0.25,0.41123,0.3,0.2,0.95
24,,0.25132,0.95,0.434,0.2,0.36123,0.25,0.15,0.9
25,,0.20132,0.9,0.384,0.15,0.31123,0.2,0.1,0.85
26,,0.15132,0.85,0.334,0.1,0.26123,0.15,0.05,0.8
27,,0.10132,0.8,0.284,0.05,0.21123,0.1,0.0,0.75
28,,0.05132,0.75,0.234,0.0,0.16123,0.05,-0.05,0.7
29,7,0.10132,0.517,-0.116,-0.233,0.21123,0.383,0.95,1.0
30,7,0.15132,0.284,-0.466,-0.466,0.26123,0.716,1.0,1.0
31,3,0.20132,0.617,0.534,-0.133,0.31123,0.483,0.65,0.767
32,3,0.25132,0.95,1.0,0.2,0.36123,0.25,0.3,0.534
33,,0.20132,0.9,0.95,0.15,0.31123,0.2,0.25,0.484
34,,0.15132,0.85,0.9,0.1,0.26123,0.15,0.2,0.434
35,,0.10132,0.8,0.85,0.05,0.21123,0.1,0.15,0.384
36,,0.05132,0.75,0.8,0.0,0.16123,0.05,0.1,0.334
37,,0.00132,0.7,0.75,-0.05,0.11123,0.0,0.05,0.284
38,4,-0.23168,0.75,1.0,0.95,0.44423,0.05,-0.183,-0.066
39,4,-0.46468,0.8,1.0,1.0,0.77723,0.1,-0.416,-0.416
40,1,0.53532,1.0,1.0,0.767,0.42723,-0.133,-0.366,-0.083
41,1,1.0,1.0,1.0,0.534,0.07723,-0.366,-0.316,0.25
42,6,0.767,0.65,0.767,0.584,0.41023,0.634,0.017,0.3
43,6,0.534,0.3,0.534,0.634,0.74323,1.0,0.35,0.35
44,,0.484,0.25,0.484,0.584,0.69323,0.95,0.3,0.3
45,,0.434,0.2,0.434,0.534,0.64323,0.9,0.25,0.25
46,,0.384,0.15,0.384,0.484,0.59323,0.85,0.2,0.2
47,,0.334,0.1,0.334,0.434,0.54323,0.8,0.15,0.15
48,,0.284,0.05,0.284,0.384,0.49323,0.75,0.1,0.1
49,,0.234,0.0,0.234,0.334,0.44323,0.7,0.05,0.05
50,,0.184,-0.05,0.184,0.284,0.39323,0.65,0.0,0.0
51,2,0.517,0.95,0.517,0.334,0.16023,0.3,-0.233,0.05
52,2,0.85,1.0,0.85,0.384,-0.07277,-0.05,-0.466,0.1
53,7,0.9,0.767,0.5,0.151,-0.02277,0.283,0.534,0.433
54,7,0.95,0.534,0.15,-0.082,0.02723,0.616,1.0,0.766
55,4,0.717,0.584,0.483,0.918,0.36023,0.666,0.767,0.416
56,4,0.484,0.634,0.816,1.0,0.69323,0.716,0.534,0.066
57,,0.434,0.584,0.766,0.95,0.64323,0.666,0.484,0.016
58,,0.384,0.534,0.716,0.9,0.59323,0.616,0.434,-0.034
59,8,0.717,0.584,0.483,0.55,0.36023,0.666,0.767,0.966
60,8,1.0,0.634,0.25,0.2,0.12723,0.716,1.0,1.0
61,,0.95,0.584,0.2,0.15,0.07723,0.666,0.95,0.95
62,,0.9,0.534,0.15,0.1,0.02723,0.616,0.9,0.9
63,,0.85,0.484,0.1,0.05,-0.02277,0.566,0.85,0.85
64,5,0.5,0.251,0.15,0.383,0.97723,0.899,0.9,0.617
65,5,0.15,0.018,0.2,0.716,1.0,1.0,0.95,0.384
66,,0.1,-0.032,0.15,0.666,0.95,0.95,0.9,0.334
67,2,0.433,0.968,0.483,0.716,0.717,0.6,0.667,0.384
68,2,0.766,1.0,0.816,0.766,0.484,0.25,0.434,0.434
69,,0.716,0.95,0.766,0.716,0.434,0.2,0.384,0.384
70,,0.666,0.9,0.716,0.666,0.384,0.15,0.334,0.334
71,,0.616,0.85,0.666,0.616,0.334,0.1,0.284,0.284
72,,0.566,0.8,0.616,0.566,0.284,0.05,0.234,0.234
73,,0.516,0.75,0.566,0.516,0.234,0.0,0.184,0.184
74,,0.466,0.7,0.516,0.466,0.184,-0.05,0.134,0.134
75,6,0.233,0.35,0.283,0.516,0.517,0.95,0.467,0.184
76,6,0.0,-0.0,0.05,0.566,0.85,1.0,0.8,0.234
77,,-0.05,-0.05,0.0,0.516,0.8,0.95,0.75,0.184
78,2,0.283,0.95,0.333,0.566,0.567,0.6,0.517,0.234
79,2,0.616,1.0,0.666,0.616,0.334,0.25,0.284,0.284
80,,0.566,0.95,0.616,0.566,0.284,0.2,0.234,0.234
81,,0.516,0.9,0.566,0.516,0.234,0.15,0.184,0.184
82,,0.466,0.85,0.516,0.466,0.184,0.1,0.134,0.134
83,,0.416,0.8,0.466,0.416,0.134,0.05,0.084,0.084
84,,0.366,0.75,0.416,0.366,0.084,0.0,0.034,0.034
85,,0.316,0.7,0.366,0.316,0.034,-0.05,-0.016,-0.016
86,6,0.083,0.35,0.133,0.366,0.367,0.95,0.317,0.034
87,6,-0.15,-0.0,-0.1,0.416,0.7,1.0,0.65,0.084
88,1,0.85,0.333,-0.05,0.183,0.35,0.767,0.7,0.417
89,1,1.0,0.666,0.0,-0.05,-0.0,0.534,0.75,0.75
90,4,0.767,0.716,0.333,0.95,0.333,0.584,0.517,0.4
91,4,0.534,0.766,0.666,1.0,0.666,0.634,0.284,0.05
92,,0.484,0.716,0.616,0.95,0.616,0.584,0.234,0.0
93,,0.434,0.666,0.566,0.9,0.566,0.534,0.184,-0.05
94,8,0.767,0.716,0.333,0.55,0.333,0.584,0.517,0.95
95,8,1.0,0.766,0.1,0.2,0.1,0.634,0.85,1.0
96,,0.95,0.716,0.05,0.15,0.05,0.584,0.8,0.95
97,,0.9,0.666,0.0,0.1,0.0,0.534,0.75,0.9
98,,0.85,0.616,-0.05,0.05,-0.05,0.484,0.7,0.85
99,5,0.5,0.383,0.0,0.383,0.95,0.817,0.75,0.617
100,5,0.15,0.15,0.05,0.716,1.0,1.0,0.8,0.384
101,,0.1,0.1,0.0,0.666,0.95,0.95,0.75,0.334
102,,0.05,0.05,-0.05,0.616,0.9,0.9,0.7,0.284
103,3,0.1,0.383,0.95,0.949,0.95,0.667,0.35,0.051
104,3,0.15,0.716,1.0,1.0,1.0,0.434,-0.0,-0.182
105,8,0.483,0.766,0.767,0.65,0.767,0.484,0.333,0.818
106,8,0.816,0.816,0.534,0.3,0.534,0.534,0.666,1.0
107,,0.766,0.766,0.484,0.25,0.484,0.484,0.616,0.95
108,,0.716,0.716,0.434,0.2,0.434,0.434,0.566,0.9
109,,0.666,0.666,0.384,0.15,0.384,0.384,0.516,0.85
110,,0.616,0.616,0.334,0.1,0.334,0.334,0.466,0.8
111,,0.566,0.566,0.284,0.05,0.284,0.284,0.416,0.75
112,,0.516,0.516,0.234,0.0,0.234,0.234,0.366,0.7
113,,0.466,0.466,0.184,-0.05,0.184,0.184,0.316,0.65
114,4,0.233,0.516,0.517,0.95,0.517,0.234,0.083,0.3
115,4,0.0,0.566,0.85,1.0,0.85,0.284,-0.15,-0.05
116,7,0.05,0.333,0.5,0.767,0.9,0.617,0.85,0.283
117,7,0.1,0.1,0.15,0.534,0.95,0.95,1.0,0.616
118,,0.05,0.05,0.1,0.484,0.9,0.9,0.95,0.566
119,,0.0,0.0,0.05,0.434,0.85,0.85,0.9,0.516
120,,-0.05,-0.05,0.0,0.384,0.8,0.8,0.85,0.466
121,2,0.283,0.95,0.333,0.434,0.567,0.45,0.617,0.516
122,2,0.616,1.0,0.666,0.484,0.334,0.1,0.384,0.566
123,,0.566,0.95,0.616,0.434,0.284,0.05,0.334,0.516
124,,0.516,0.9,0.566,0.384,0.234,0.0,0.284,0.466
125,,0.466,0.85,0.516,0.334,0.184,-0.05,0.234,0.416
126,6,0.233,0.5,0.283,0.384,0.517,0.95,0.567,0.466
127,6,0.0,0.15,0.05,0.434,0.85,1.0,0.9,0.516
128,,-0.05,0.1,0.0,0.384,0.8,0.95,0.85,0.466
129,1,0.95,0.433,0.05,0.151,0.45,0.717,0.9,0.799
130,1,1.0,0.766,0.1,-0.082,0.1,0.484,0.95,1.0
131,4,0.767,0.816,0.433,0.918,0.433,0.534,0.717,0.65
132,4,0.534,0.866,0.766,1.0,0.766,0.584,0.484,0.3
133,,0.484,0.816,0.716,0.95,0.716,0.534,0.434,0.25
134,,0.434,0.766,0.666,0.9,0.666,0.484,0.384,0.2
135,,0.384,0.716,0.616,0.85,0.616,0.434,0.334,0.15
136,,0.334,0.666,0.566,0.8,0.566,0.384,0.284,0.1
137,,0.284,0.616,0.516,0.75,0.516,0.334,0.234,0.05
138,,0.234,0.566,0.466,0.7,0.466,0.284,0.184,0.0
139,,0.184,0.516,0.416,0.65,0.416,0.234,0.134,-0.05
140,8,0.517,0.566,0.183,0.3,0.183,0.284,0.467,0.95
141,8,0.85,0.616,-0.05,-0.05,-0.05,0.334,0.8,1.0
142,3,0.9,0.949,0.95,0.283,0.0,0.101,0.45,0.767
143,3,0.95,1.0,1.0,0.616,0.05,-0.132,0.1,0.534
144,6,0.717,0.65,0.767,0.666,0.383,0.868,0.433,0.584
145,6,0.484,0.3,0.534,0.716,0.716,1.0,0.766,0.634
146,,0.434,0.25,0.484,0.666,0.666,0.95,0.716,0.584
147,,0.384,0.2,0.434,0.616,0.616,0.9,0.666,0.534
148,,0.334,0.15,0.384,0.566,0.566,0.85,0.616,0.484
149,,0.284,0.1,0.334,0.516,0.516,0.8,0.566,0.434
150,,0.234,0.05,0.284,0.466,0.466,0.75,0.516,0.384
151,,0.184,0.0,0.234,0.416,0.416,0.7,0.466,0.334
152,,0.134,-0.05,0.184,0.366,0.366,0.65,0.416,0.284
153,2,0.467,0.95,0.517,0.416,0.133,0.3,0.183,0.334
154,2,0.8,1.0,0.85,0.466,-0.1,-0.05,-0.05,0.384
155,5,0.45,0.767,0.9,0.799,0.9,0.283,0.0,0.151
156,5,0.1,0.534,0.95,1.0,1.0,0.616,0.05,-0.082
157,8,0.433,0.584,0.717,0.65,0.767,0.666,0.383,0.918
158,8,0.766,0.634,0.484,0.3,0.534,0.716,0.716,1.0
159,,0.716,0.584,0.434,0.25,0.484,0.666,0.666,0.95
160,,0.666,0.534,0.384,0.2,0.434,0.616,0.616,0.9
161,,0.616,0.484,0.334,0.15,0.384,0.566,0.566,0.85
162,,0.566,0.434,0.284,0.1,0.334,0.516,0.516,0.8
163,,0.516,0.384,0.234,0.05,0.284,0.466,0.466,0.75
164,,0.466,0.334,0.184,0.0,0.234,0.416,0.416,0.7
165,,0.416,0.284,0.134,-0.05,0.184,0.366,0.366,0.65
166,4,0.183,0.334,0.467,0.95,0.517,0.416,0.133,0.3
167,4,-0.05,0.384,0.8,1.0,0.85,0.466,-0.1,-0.05
168,7,0.0,0.151,0.45,0.767,0.9,0.799,0.9,0.283
169,7,0.05,-0.082,0.1,0.534,0.95,1.0,1.0,0.616
170,2,0.383,0.918,0.433,0.584,0.717,0.65,0.767,0.666
171,2,0.716,1.0,0.766,0.634,0.484,0.3,0.534,0.716
172,,0.666,0.95,0.716,0.584,0.434,0.25,0.484,0.666
173,,0.616,0.9,0.666,0.534,0.384,0.2,0.434,0.616
174,,0.566,0.85,0.616,0.484,0.334,0.15,0.384,0.566
175,,0.516,0.8,0.566,0.434,0.284,0.1,0.334,0.516
176,,0.466,0.75,0.516,0.384,0.234,0.05,0.284,0.466
177,,0.416,0.7,0.466,0.334,0.184,0.0,0.234,0.416
178,,0.366,0.65,0.416,0.284,0.134,-0.05,0.184,0.366
179,6,0.133,0.3,0.183,0.334,0.467,0.95,0.517,0.416
180,6,-0.1,-0.05,-0.05,0.384,0.8,1.0,0.85,0.466
181,1,0.9,0.283,0.0,0.151,0.45,0.767,0.9,0.799
182,1,1.0,0.616,0.05,-0.082,0.1,0.534,0.95,1.0
183,4,0.767,0.666,0.383,0.918,0.433,0.584,0.717,0.65
184,4,0.534,0.716,0.716,1.0,0.766,0.634,0.484,0.3
185,,0.484,0.666,0.666,0.95,0.716,0.584,0.434,0.25
186,,0.434,0.616,0.616,0.9,0.666,0.534,0.384,0.2
187,,0.384,0.566,0.566,0.85,0.616,0.484,0.334,0.15
188,,0.334,0.516,0.516,0.8,0.566,0.434,0.284,0.1
189,,0.284,0.466,0.466,0.75,0.516,0.384,0.234,0.05
190,,0.234,0.416,0.416,0.7,0.466,0.334,0.184,0.0
191,,0.184,0.366,0.366,0.65,0.416,0.284,0.134,-0.05
192,8,0.517,0.416,0.133,0.3,0.183,0.334,0.467,0.95
193,8,0.85,0.466,-0.1,-0.05,-0.05,0.384,0.8,1.0
194,3,0.9,0.799,0.9,0.283,0.0,0.151,0.45,0.767
195,3,0.95,1.0,1.0,0.616,0.05,-0.082,0.1,0.534
196,6,0.717,0.65,0.767,0.666,0.383,0.918,0.433,0.584
197,6,0.484,0.3,0.534,0.716,0.716,1.0,0.766,0.634
198,,0.434,0.25,0.484,0.666,0.666,0.95,0.716,0.584
199,,0.384,0.2,0.434,0.616,0.616,0.9,0.666,0.534
200,,0.334,0.15,0.384,0.566,0.566,0.85,0.616,0.484
201,,0.284,0.1,0.334,0.516,0.516,0.8,0.566,0.434
202,,0.234,0.05,0.284,0.466,0.466,0.75,0.516,0.384
203,,0.184,0.0,0.234,0.416,0.416,0.7,0.466,0.334
204,,0.134,-0.05,0.184,0.366,0.366,0.65,0.416,0.284
205,2,0.467,0.95,0.517,0.416,0.133,0.3,0.183,0.334
206,2,0.8,1.0,0.85,0.466,-0.1,-0.05,-0.05,0.384
207,5,0.45,0.767,0.9,0.799,0.9,0.283,0.0,0.151
208,5,0.1,0.534,0.95,1.0,1.0,0.616,0.05,-0.082
209,8,0.433,0.584,0.717,0.65,0.767,0.666,0.383,0.918
210,8,0.766,0.634,0.484,0.3,0.534,0.716,0.716,1.0
211,,0.716,0.584,0.434,0.25,0.484,0.666,0.666,0.95
212,,0.666,0.534,0.384,0.2,0.434,0.616,0.616,0.9
213,,0.616,0.484,0.334,0.15,0.384,0.566,0.566,0.85
214,,0.566,0.434,0.284,0.1,0.334,0.516,0.516,0.8
215,,0.516,0.384,0.234,0.05,0.284,0.466,0.466,0.75
216,,0.466,0.334,0.184,0.0,0.234,0.416,0.416,0.7
217,,0.416,0.284,0.134,-0.05,0.184,0.366,0.366,0.65
218,4,0.183,0.334,0.467,0.95,0.517,0.416,0.133,0.3
219,4,-0.05,0.384,0.8,1.0,0.85,0.466,-0.1,-0.05
220,7,0.0,0.151,0.45,0.767,0.9,0.799,0.9,0.283
221,7,0.05,-0.082,0.1,0.534,0.95,1.0,1.0,0.616
222,2,0.383,0.918,0.433,0.584,0.717,0.65,0.767,0.666
223,2,0.716,1.0,0.766,0.634,0.484,0.3,0.534,0.716
224,,0.666,0.95,0.716,0.584,0.434,0.25,0.484,0.666
225,,0.616,0.9,0.666,0.534,0.384,0.2,0.434,0.616
226,,0.566,0.85,0.616,0.484,0.334,0.15,0.384,0.566
227,,0.516,0.8,0.566,0.434,0.284,0.1,0.334,0.516
228,,0.466,0.75,0.516,0.384,0.234,0.05,0.284,0.466
229,,0.416,0.7,0.466,0.334,0.184,0.0,0.234,0.416
230,,0.366,0.65,0.416,0.284,0.134,-0.05,0.184,0.366
231,6,0.133,0.3,0.183,0.334,0.467,0.95,0.517,0.416
232,6,-0.1,-0.05,-0.05,0.384,0.8,1.0,0.85,0.466
233,1,0.9,0.283,0.0,0.151,0.45,0.767,0.9,0.799
234,1,1.0,0.616,0.05,-0.082,0.1,0.534,0.95,1.0
235,4,0.767,0.666,0.383,0.918,0.433,0.584,0.717,0.65
236,4,0.534,0.716,0.716,1.0,0.766,0.634,0.484,0.3
237,,0.484,0.666,0.666,0.95,0.716,0.584,0.434,0.25
238,,0.434,0.616,0.616,0.9,0.666,0.534,0.384,0.2
239,,0.384,0.566,0.566,0.85,0.616,0.484,0.334,0.15
240,,0.334,0.516,0.516,0.8,0.566,0.434,0.284,0.1
241,,0.284,0.466,0.466,0.75,0.516,0.384,0.234,0.05
242,,0.234,0.416,0.416,0.7,0.466,0.334,0.184,0.0
243,,0.184,0.366,0.366,0.65,0.416,0.284,0.134,-0.05
244,8,0.517,0.416,0.133,0.3,0.183,0.334,0.467,0.95
245,8,0.85,0.466,-0.1,-0.05,-0.05,0.384,0.8,1.0
246,3,0.9,0.799,0.9,0.283,0.0,0.151,0.45,0.767
247,3,0.95,1.0,1.0,0.616,0.05,-0.082,0.1,0.534
248,6,0.717,0.65,0.767,0.666,0.383,0.918,0.433,0.584
249,6,0.484,0.3,0.534,0.716,0.716,1.0,0.766,0.634
250,,0.434,0.25,0.484,0.666,0.666,0.95,0.716,0.584
251,,0.384,0.2,0.434,0.616,0.616,0.9,0.666,0.534
252,,0.334,0.15,0.384,0.566,0.566,0.85,0.616,0.484
253,,0.284,0.1,0.334,0.516,0.516,0.8,0.566,0.434
254,,0.234,0.05,0.284,0.466,0.466,0.75,0.516,0.384
255,,0.184,0.0,0.234,0.416,0.416,0.7,0.466,0.334
256,,0.134,-0.05,0.184,0.366,0.366,0.65,0.416,0.284
257,2,0.467,0.95,0.517,0.416,0.133,0.3,0.183,0.334
258,2,0.8,1.0,0.85,0.466,-0.1,-0.05,-0.05,0.384
259,5,0.45,0.767,0.9,0.799,0.9,0.283,0.0,0.151
260,5,0.1,0.534,0.95,1.0,1.0,0.616,0.05,-0.082
261,8,0.433,0.584,0.717,0.65,0.767,0.666,0.383,0.918
262,8,0.766,0.634,0.484,0.3,0.534,0.716,0.716,1.0
263,,0.716,0.584,0.434,0.25,0.484,0.666,0.666,0.95
264,,0.666,0.534,0.384,0.2,0.434,0.616,0.616,0.9
265,,0.616,0.484,0.334,0.15,0.384,0.566,0.566,0.85
266,,0.566,0.434,0.284,0.1,0.334,0.516,0.516,0.8
267,,0.516,0.384,0.234,0.05,0.284,0.466,0.466,0.75
268,,0.466,0.334,0.184,0.0,0.234,0.416,0.416,0.7
269,,0.416,0.284,0.134,-0.05,0.184,0.366,0.366,0.65
270,4,0.183,0.334,0.467,0.95,0.517,0.416,0.133,0.3
271,4,-0.05,0.384,0.8,1.0,0.85,0.466,-0.1,-0.05
272,7,0.0,0.151,0.45,0.767,0.9,0.799,0.9,0.283
273,7,0.05,-0.082,0.1,0.534,0.95,1.0,1.0,0.616
274,2,0.383,0.918,0.433,0.584,0.717,0.65,0.767,0.666
275,2,0.716,1.0,0.766,0.634,0.484,0.3,0.534,0.716
276,,0.666,0.95,0.716,0.584,0.434,0.25,0.484,0.666
277,,0.616,0.9,0.666,0.534,0.384,0.2,0.434,0.616
278,,0.566,0.85,0.616,0.484,0.334,0.15,0.384,0.566
279,,0.516,0.8,0.566,0.434,0.284,0.1,0.334,0.516
280,,0.466,0.75,0.516,0.384,0.234,0.05,0.284,0.466
281,,0.416,0.7,0.466,0.334,0.184,0.0,0.234,0.416
282,,0.366,0.65,0.416,0.284,0.134,-0.05,0.184,0.366
283,6,0.133,0.3,0.183,0.334,0.467,0.95,0.517,0.416
284,6,-0.1,-0.05,-0.05,0.384,0.8,1.0,0.85,0.466
285,1,0.9,0.283,0.0,0.151,0.45,0.767,0.9,0.799
286,1,1.0,0.616,0.05,-0.082,0.1,0.534,0.95,1.0
287,4,0.767,0.666,0.383,0.918,0.433,0.584,0.717,0.65
288,4,0.534,0.716,0.716,1.0,0.766,0.634,0.484,0.3
289,,0.484,0.666,0.666,0.95,0.716,0.584,0.434,0.25
290,,0.434,0.616,0.616,0.9,0.666,0.534,0.384,0.2
291,,0.384,0.566,0.566,0.85,0.616,0.484,0.334,0.15
292,,0.334,0.516,0.516,0.8,0.566,0.434,0.284,0.1
293,,0.284,0.466,0.466,0.75,0.516,0.384,0.234,0.05
294,,0.234,0.416,0.416,0.7,0.466,0.334,0.184,0.0
295,,0.184,0.366,0.366,0.65,0.416,0.284,0.134,-0.05
296,8,0.517,0.416,0.133,0.3,0.183,0.334,0.467,0.95
297,8,0.85,0.466,-0.1,-0.05,-0.05,0.384,0.8,1.0
298,3,0.9,0.799,0.9,0.283,0.0,0.151,0.45,0.767
299,3,0.95,1.0,1.0,0.616,0.05,-0.082,0.1,0.534
300,6,0.717,0.65,0.767,0.666,0.383,0.918,0.433,0.584
301,6,0.484,0.3,0.534,0.716,0.716,1.0,0.766,0.634
302,,0.434,0.25,0.484,0.666,0.666,0.95,0.716,0.584
303,,0.384,0.2,0.434,0.616,0.616,0.9,0.666,0.534
304,,0.334,0.15,0.384,0.566,0.566,0.85,0.616,0.484
305,,0.284,0.1,0.334,0.516,0.516,0.8,0.566,0.434
306,,0.234,0.05,0.284,0.466,0.466,0.75,0.516,0.384
307,,0.184,0.0,0.234,0.416,0.416,0.7,0.466,0.334
308,,0.134,-0.05,0.184,0.366,0.366,0.65,0.416,0.284
309,2,0.467,0.95,0.517,0.416,0.133,0.3,0.183,0.334
310,2,0.8,1.0,0.85,0.466,-0.1,-0.05,-0.05,0.384
311,5,0.45,0.767,0.9,0.799,0.9,0.283,0.0,0.151
312,5,0.1,0.534,0.95,1.0,1.0,0.616,0.05,-0.082
313,8,0.433,0.584,0.717,0.65,0.767,0.666,0.383,0.918
314,8,0.766,0.634,0.484,0.3,0.534,0.716,0.716,1.0
315,,0.716,0.584,0.434,0.25,0.484,0.666,0.666,0.95
316,,0.666,0.534,0.384,0.2,0.434,0.616,0.616,0.9
317,,0.616,0.484,0.334,0.15,0.384,0.566,0.566,0.85
318,,0.566,0.434,0.284,0.1,0.334,0.516,0.516,0.8
319,,0.516,0.384,0.234,0.05,0.284,0.466,0.466,0.75
320,,0.466,0.334,0.184,0.0,0.234,0.416,0.416,0.7
321,,0.416,0.284,0.134,-0.05,0.184,0.366,0.366,0.65
322,4,0.183,0.334,0.467,0.95,0.517,0.416,0.133,0.3
323,4,-0.05,0.384,0.8,1.0,0.85,0.466,-0.1,-0.05
324,7,0.0,0.151,0.45,0.767,0.9,0.799,0.9,0.283
325,7,0.05,-0.082,0.1,0.534,0.95,1.0,1.0,0.616
326,2,0.383,0.918,0.433,0.584,0.717,0.65,0.767,0.666
327,2,0.716,1.0,0.766,0.634,0.484,0.3,0.534,0.716
328,,0.666,0.95,0.716,0.584,0.434,0.25,0.484,0.666
329,,0.616,0.9,0.666,0.534,0.384,0.2,0.434,0.616
330,,0.566,0.85,0.616,0.484,0.334,0.15,0.384,0.566
331,,0.516,0.8,0.566,0.434,0.284,0.1,0.334,0.516
332,,0.466,0.75,0.516,0.384,0.234,0.05,0.284,0.466
333,,0.416,0.7,0.466,0.334,0.184,0.0,0.234,0.416
334,,0.366,0.65,0.416,0.284,0.134,-0.05,0.184,0.366
335,6,0.133,0.3,0.183,0.334,0.467,0.95,0.517,0.416
336,6,-0.1,-0.05,-0.05,0.384,0.8,1.0,0.85,0.466
337,1,0.9,0.283,0.0,0.151,0.45,0.767,0.9,0.799
338,1,1.0,0.616,0.05,-0.082,0.1,0.534,0.95,1.0
339,4,0.767,0.666,0.383,0.918,0.433,0.584,0.717,0.65
340,4,0.534,0.716,0.716,1.0,0.766,0.634,0.484,0.3
341,,0.484,0.666,0.666,0.95,0.716,0.584,0.434,0.25
342,,0.434,0.616,0.616,0.9,0.666,0.534,0.384,0.2
343,,0.384,0.566,0.566,0.85,0.616,0.484,0.334,0.15
344,,0.334,0.516,0.516,0.8,0.566,0.434,0.284,0.1
345,,0.284,0.466,0.466,0.75,0.516,0.384,0.234,0.05
346,,0.234,0.416,0.416,0.7,0.466,0.334,0.184,0.0
347,,0.184,0.366,0.366,0.65,0.416,0.284,0.134,-0.05
348,8,0.517,0.416,0.133,0.3,0.183,0.334,0.467,0.95
349,8,0.85,0.466,-0.1,-0.05,-0.05,0.384,0.8,1.0
350,3,0.9,0.799,0.9,0.283,0.0,0.151,0.45,0.767
351,3,0.95,1.0,1.0,0.616,0.05,-0.082,0.1,0.534
352,6,0.717,0.65,0.767,0.666,0.383,0.918,0.433,0.584
353,6,0.484,0.3,0.534,0.716,0.716,1.0,0.766,0.634
354,,0.434,0.25,0.484,0.666,0.666,0.95,0.716,0.584
355,,0.384,0.2,0.434,0.616,0.616,0.9,0.666,0.534
356,,0.334,0.15,0.384,0.566,0.566,0.85,0.616,0.484
357,,0.284,0.1,0.334,0.516,0.516,0.8,0.566,0.434
358,,0.234,0.05,0.284,0.466,0.466,0.75,0.516,0.384
359,,0.184,0.0,0.234,0.416,0.416,0.7,0.466,0.334
360,,0.134,-0.05,0.184,0.366,0.366,0.65,0.416,0.284
361,2,0.467,0.95,0.517,0.416,0.133,0.3,0.183,0.334
362,2,0.8,1.0,0.85,0.466,-0.1,-0.05,-0.05,0.384
363,5,0.45,0.767,0.9,0.799,0.9,0.283,0.0,0.151
364,5,0.1,0.534,0.95,1.0,1.0,0.616,0.05,-0.082
365,8,0.433,0.584,0.717,0.65,0.767,0.666,0.383,0.918
366,8,0.766,0.634,0.484,0.3,0.534,0.716,0.716,1.0
367,,0.716,0.584,0.434,0.25,0.484,0.666,0.666,0.95
368,,0.666,0.534,0.384,0.2,0.434,0.616,0.616,0.9
369,,0.616,0.484,0.334,0.15,0.384,0.566,0.566,0.85
370,,0.566,0.434,0.284,0.1,0.334,0.516,0.516,0.8
371,,0.516,0.384,0.234,0.05,0.284,0.466,0.466,0.75
372,,0.466,0.334,0.184,0.0,0.234,0.416,0.416,0.7
373,,0.416,0.284,0.134,-0.05,0.184,0.366,0.366,0.65
374,4,0.183,0.334,0.467,0.95,0.517,0.416,0.133,0.3
375,4,-0.05,0.384,0.8,1.0,0.85,0.466,-0.1,-0.05
376,7,0.0,0.151,0.45,0.767,0.9,0.799,0.9,0.283
377,7,0.05,-0.082,0.1,0.534,0.95,1.0,1.0,0.616
378,2,0.383,0.918,0.433,0.584,0.717,0.65,0.767,0.666
379,2,0.716,1.0,0.766,0.634,0.484,0.3,0.534,0.716
380,,0.666,0.95,0.716,0.584,0.434,0.25,0.484,0.666
381,,0.616,0.9,0.666,0.534,0.384,0.2,0.434,0.616
382,,0.566,0.85,0.616,0.484,0.334,0.15,0.384,0.566
383,,0.516,0.8,0.566,0.434,0.284,0.1,0.334,0.516
384,,0.466,0.75,0.516,0.384,0.234,0.05,0.284,0.466
385,,0.416,0.7,0.466,0.334,0.184,0.0,0.234,0.416
386,,0.366,0.65,0.416,0.284,0.134,-0.05,0.184,0.366
387,6,0.133,0.3,0.183,0.334,0.467,0.95,0.517,0.416
388,6,-0.1,-0.05,-0.05,0.384,0.8,1.0,0.85,0.466
389,1,0.9,0.283,0.0,0.151,0.45,0.767,0.9,0.799
390,1,1.0,0.616,0.05,-0.082,0.1,0.534,0.95,1.0
391,4,0.767,0.666,0.383,0.918,0.433,0.584,0.717,0.65
392,4,0.534,0.716,0.716,1.0,0.766,0.634,0.484,0.3
393,,0.484,0.666,0.666,0.95,0.716,0.584,0.434,0.25
394,,0.434,0.616,0.616,0.9,0.666,0.534,0.384,0.2
395,,0.384,0.566,0.566,0.85,0.616,0.484,0.334,0.15
396,,0.334,0.516,0.516,0.8,0.566,0.434,0.284,0.1
397,,0.284,0.466,0.466,0.75,0.516,0.384,0.234,0.05
398,,0.234,0.416,0.416,0.7,0.466,0.334,0.184,0.0
399,,0.184,0.366,0.366,0.65,0.416,0.284,0.134,-0.05
400,8,0.517,0.416,0.133,0.3,0.183,0.334,0.467,0.95
401,8,0.85,0.466,-0.1,-0.05,-0.05,0.384,0.8,1.0
402,3,0.9,0.799,0.9,0.283,0.0,0.151,0.45,0.767
403,3,0.95,1.0,1.0,0.616,0.05,-0.082,0.1,0.534
404,6,0.717,0.65,0.767,0.666,0.383,0.918,0.433,0.584
405,6,0.484,0.3,0.534,0.716,0.716,1.0,0.766,0.634
406,,0.434,0.25,0.484,0.666,0.666,0.95,0.716,0.584
407,,0.384,0.2,0.434,0.616,0.616,0.9,0.666,0.534
408,,0.334,0.15,0.384,0.566,0.566,0.85,0.616,0.484
409,,0.284,0.1,0.334,0.516,0.516,0.8,0.566,0.434
410,,0.234,0.05,0.284,0.466,0.466,0.75,0.516,0.384
411,,0.184,0.0,0.234,0.416,0.416,0.7,0.466,0.334
412,,0.134,-0.05,0.184,0.366,0.366,0.65,0.416,0.284
413,2,0.467,0.95,0.517,0.416,0.133,0.3,0.183,0.334
414,2,0.8,1.0,0.85,0.466,-0.1,-0.05,-0.05,0.384
415,5,0.45,0.767,0.9,0.799,0.9,0.283,0.0,0.151
416,5,0.1,0.534,0.95,1.0,1.0,0.616,0.05,-0.082
417,8,0.433,0.584,0.717,0.65,0.767,0.666,0.383,0.918
418,8,0.766,0.634,0.484,0.3,0.534,0.716,0.716,1.0
419,,0.716,0.584,0.434,0.25,0.484,0.666,0.666,0.95
420,,0.666,0.534,0.384,0.2,0.434,0.616,0.616,0.9
421,,0.616,0.484,0.334,0.15,0.384,0.566,0.566,0.85
422,,0.566,0.434,0.284,0.1,0.334,0.516,0.516,0.8
423,,0.516,0.384,0.234,0.05,0.284,0.466,0.466,0.75
424,,0.466,0.334,0.184,0.0,0.234,0.416,0.416,0.7
425,,0.416,0.284,0.134,-0.05,0.184,0.366,0.366,0.65
426,4,0.183,0.334,0.467,0.95,0.517,0.416,0.133,0.3
427,4,-0.05,0.384,0.8,1.0,0.85,0.466,-0.1,-0.05
428,7,0.0,0.151,0.45,0.767,0.9,0.799,0.9,0.283
429,7,0.05,-0.082,0.1,0.534,0.95,1.0,1.0,0.616
430,2,0.383,0.918,0.433,0.584,0.717,0.65,0.767,0.666
431,2,0.716,1.0,0.766,0.634,0.484,0.3,0.534,0.716
432,,0.666,0.95,0.716,0.584,0.434,0.25,0.484,0.666
433,,0.616,0.9,0.666,0.534,0.384,0.2,0.434,0.616
434,,0.566,0.85,0.616,0.484,0.334,0.15,0.384,0.566
435,,0.516,0.8,0.566,0.434,0.284,0.1,0.334,0.516
436,,0.466,0.75,0.516,0.384,0.234,0.05,0.284,0.466
437,,0.416,0.7,0.466,0.334,0.184,0.0,0.234,0.416
438,,0.366,0.65,0.416,0.284,0.134,-0.05,0.184,0.366
439,6,0.133,0.3,0.183,0.334,0.467,0.95,0.517,0.416
440,6,-0.1,-0.05,-0.05,0.384,0.8,1.0,0.85,0.466
441,1,0.9,0.283,0.0,0.151,0.45,0.767,0.9,0.799
442,1,1.0,0.616,0.05,-0.082,0.1,0.534,0.95,1.0
443,4,0.767,0.666,0.383,0.918,0.433,0.584,0.717,0.65
444,4,0.534,0.716,0.716,1.0,0.766,0.634,0.484,0.3
445,,0.484,0.666,0.666,0.95,0.716,0.584,0.434,0.25
446,,0.434,0.616,0.616,0.9,0.666,0.534,0.384,0.2
447,,0.384,0.566,0.566,0.85,0.616,0.484,0.334,0.15
448,,0.334,0.516,0.516,0.8,0.566,0.434,0.284,0.1
449,,0.284,0.466,0.466,0.75,0.516,0.384,0.234,0.05
450,,0.234,0.416,0.416,0.7,0.466,0.334,0.184,0.0
451,,0.184,0.366,0.366,0.65,0.416,0.284,0.134,-0.05
452,8,0.517,0.416,0.133,0.3,0.183,0.334,0.467,0.95
453,8,0.85,0.466,-0.1,-0.05,-0.05,0.384,0.8,1.0
454,3,0.9,0.799,0.9,0.283,0.0,0.151,0.45,0.767
455,3,0.95,1.0,1.0,0.616,0.05,-0.082,0.1,0.534
456,6,0.717,0.65,0.767,0.666,0.383,0.918,0.433,0.584
457,6,0.484,0.3,0.534,0.716,0.716,1.0,0.766,0.634
458,,0.434,0.25,0.484,0.666,0.666,0.95,0.716,0.584
459,,0.384,0.2,0.434,0.616,0.616,0.9,0.666,0.534
460,,0.334,0.15,0.384,0.566,0.566,0.85,0.616,0.484
461,,0.284,0.1,0.334,0.516,0.516,0.8,0.566,0.434
462,,0.234,0.05,0.284,0.466,0.466,0.75,0.516,0.384
463,,0.184,0.0,0.234,0.416,0.416,0.7,0.466,0.334
464,,0.134,-0.05,0.184,0.366,0.366,0.65,0.416,0.284
465,2,0.467,0.95,0.517,0.416,0.133,0.3,0.183,0.334
466,2,0.8,1.0,0.85,0.466,-0.1,-0.05,-0.05,0.384
467,5,0.45,0.767,0.9,0.799,0.9,0.283,0.0,0.151
468,5,0.1,0.534,0.95,1.0,1.0,0.616,0.05,-0.082
469,8,0.433,0.584,0.717,0.65,0.767,0.666,0.383,0.918
470,8,0.766,0.634,0.484,0.3,0.534,0.716,0.716,1.0
471,,0.716,0.584,0.434,0.25,0.484,0.666,0.666,0.95
472,,0.666,0.534,0.384,0.2,0.434,0.616,0.616,0.9
473,,0.616,0.484,0.334,0.15,0.384,0.566,0.566,0.85
474,,0.566,0.434,0.284,0.1,0.334,0.516,0.516,0.8
475,,0.516,0.384,0.234,0.05,0.284,0.466,0.466,0.75
476,,0.466,0.334,0.184,0.0,0.234,0.416,0.416,0.7
477,,0.416,0.284,0.134,-0.05,0.184,0.366,0.366,0.65
478,4,0.183,0.334,0.467,0.95,0.517,0.416,0.133,0.3
479,4,-0.05,0.384,0.8,1.0,0.85,0.466,-0.1,-0.05
480,7,0.0,0.151,0.45,0.767,0.9,0.799,0.9,0.283
481,7,0.05,-0.082,0.1,0.534,0.95,1.0,1.0,0.616
482,2,0.383,0.918,0.433,0.584,0.717,0.65,0.767,0.666
483,2,0.716,1.0,0.766,0.634,0.484,0.3,0.534,0.716
484,,0.666,0.95,0.716,0.584,0.434,0.25,0.484,0.666
485,,0.616,0.9,0.666,0.534,0.384,0.2,0.434,0.616
486,,0.566,0.85,0.616,0.484,0.334,0.15,0.384,0.566
487,,0.516,0.8,0.566,0.434,0.284,0.1,0.334,0.516
488,,0.466,0.75,0.516,0.384,0.234,0.05,0.284,0.466
489,,0.416,0.7,0.466,0.334,0.184,0.0,0.234,0.416
490,,0.366,0.65,0.416,0.284,0.134,-0.05,0.184,0.366
491,6,0.133,0.3,0.183,0.334,0.467,0.95,0.517,0.416
492,6,-0.1,-0.05,-0.05,0.384,0.8,1.0,0.85,0.466
493,1,0.9,0.283,0.0,0.151,0.45,0.767,0.9,0.799
494,1,1.0,0.616,0.05,-0.082,0.1,0.534,0.95,1.0
495,4,0.767,0.666,0.383,0.918,0.433,0.584,0.717,0.65
496,4,0.534,0.716,0.716,1.0,0.766,0.634,0.484,0.3
497,,0.484,0.666,0.666,0.95,0.716,0.584,0.434,0.25
498,,0.434,0.616,0.616,0.9,0.666,0.534,0.384,0.2
499,,0.384,0.566,0.566,0.85,0.616,0.484,0.334,0.15
500,,0.334,0.516,0.516,0.8,0.566,0.434,0.284,0.1
501,,0.284,0.466,0.466,0.75,0.516,0.384,0.234,0.05
502,,0.234,0.416,0.416,0.7,0.466,0.334,0.184,0.0
503,,0.184,0.366,0.366,0.65,0.416,0.284,0.134,-0.05
504,8,0.517,0.416,0.133,0.3,0.183,0.334,0.467,0.95
505,8,0.85,0.466,-0.1,-0.05,-0.05,0.384,0.8,1.0
506,3,0.9,0.799,0.9,0.283,0.0,0.151,0.45,0.767
507,3,0.95,1.0,1.0,0.616,0.05,-0.082,0.1,0.534
508,6,0.717,0.65,0.767,0.666,0.383,0.918,0.433,0.584
509,6,0.484,0.3,0.534,0.716,0.716,1.0,0.766,0.634
510,,0.434,0.25,0.484,0.666,0.666,0.95,0.716,0.584
511,,0.384,0.2,0.434,0.616,0.616,0.9,0.666,0.534
512,,0.334,0.15,0.384,0.566,0.566,0.85,0.616,0.484
513,,0.284,0.1,0.334,0.516,0.516,0.8,0.566,0.434
514,,0.234,0.05,0.284,0.466,0.466,0.75,0.516,0.384
515,,0.184,0.0,0.234,0.416,0.416,0.7,0.466,0.334
516,,0.134,-0.05,0.184,0.366,0.366,0.65,0.416,0.284
517,2,0.467,0.95,0.517,0.416,0.133,0.3,0.183,0.334
518,2,0.8,1.0,0.85,0.466,-0.1,-0.05,-0.05,0.384
519,5,0.45,0.767,0.9,0.799,0.9,0.283,0.0,0.151
520,5,0.1,0.534,0.95,1.0,1.0,0.616,0.05,-0.082
521,8,0.433,0.584,0.717,0.65,0.767,0.666,0.383,0.918
522,8,0.766,0.634,0.484,0.3,0.534,0.716,0.716,1.0
523,,0.716,0.584,0.434,0.25,0.484,0.666,0.666,0.95
524,,0.666,0.534,0.384,0.2,0.434,0.616,0.616,0.9
525,,0.616,0.484,0.334,0.15,0.384,0.566,0.566,0.85
526,,0.566,0.434,0.284,0.1,0.334,0.516,0.516,0.8
527,,0.516,0.384,0.234,0.05,0.284,0.466,0.466,0.75
528,,0.466,0.334,0.184,0.0,0.234,0.416,0.416,0.7
529,,0.416,0.284,0.134,-0.05,0.184,0.366,0.366,0.65
530,4,0.183,0.334,0.467,0.95,0.517,0.416,0.133,0.3
531,4,-0.05,0.384,0.8,1.0,0.85,0.466,-0.1,-0.05
532,7,0.0,0.151,0.45,0.767,0.9,0.799,0.9,0.283
533,7,0.05,-0.082,0.1,0.534,0.95,1.0,1.0,0.616
534,2,0.383,0.918,0.433,0.584,0.717,0.65,0.767,0.666
535,2,0.716,1.0,0.766,0.634,0.484,0.3,0.534,0.716
536,,0.666,0.95,0.716,0.584,0.434,0.25,0.484,0.666
537,,0.616,0.9,0.666,0.534,0.384,0.2,0.434,0.616
538,,0.566,0.85,0.616,0.484,0.334,0.15,0.384,0.566
539,,0.516,0.8,0.566,0.434,0.284,0.1,0.334,0.516
540,,0.466,0.75,0.516,0.384,0.234,0.05,0.284,0.466
541,,0.416,0.7,0.466,0.334,0.184,0.0,0.234,0.416
542,,0.366,0.65,0.416,0.284,0.134,-0.05,0.184,0.366
543,6,0.133,0.3,0.183,0.334,0.467,0.95,0.517,0.416
544,6,-0.1,-0.05,-0.05,0.384,0.8,1.0,0.85,0.466
545,1,0.9,0.283,0.0,0.151,0.45,0.767,0.9,0.799
546,1,1.0,0.616,0.05,-0.082,0.1,0.534,0.95,1.0
547,4,0.767,0.666,0.383,0.918,0.433,0.584,0.717,0.65
548,4,0.534,0.716,0.716,1.0,0.766,0.634,0.484,0.3
549,,0.484,0.666,0.666,0.95,0.716,0.584,0.434,0.25
550,,0.434,0.616,0.616,0.9,0.666,0.534,0.384,0.2
551,,0.384,0.566,0.566,0.85,0.616,0.484,0.334,0.15
552,,0.334,0.516,0.516,0.8,0.566,0.434,0.284,0.1
553,,0.284,0.466,0.466,0.75,0.516,0.384,0.234,0.05
554,,0.234,0.416,0.416,0.7,0.466,0.334,0.184,0.0
555,,0.184,0.366,0.366,0.65,0.416,0.284,0.134,-0.05
556,8,0.517,0.416,0.133,0.3,0.183,0.334,0.467,0.95
557,8,0.85,0.466,-0.1,-0.05,-0.05,0.384,0.8,1.0
558,3,0.9,0.799,0.9,0.283,0.0,0.151,0.45,0.767
559,3,0.95,1.0,1.0,0.616,0.05,-0.082,0.1,0.534
560,6,0.717,0.65,0.767,0.666,0.383,0.918,0.433,0.584
561,6,0.484,0.3,0.534,0.716,0.716,1.0,0.766,0.634
562,,0.434,0.25,0.484,0.666,0.666,0.95,0.716,0.584
563,,0.384,0.2,0.434,0.616,0.616,0.9,0.666,0.534
564,,0.334,0.15,0.384,0.566,0.566,0.85,0.616,0.484
565,,0.284,0.1,0.334,0.516,0.516,0.8,0.566,0.434
566,,0.234,0.05,0.284,0.466,0.466,0.75,0.516,0.384
567,,0.184,0.0,0.234,0.416,0.416,0.7,0.466,0.334
568,,0.134,-0.05,0.184,0.366,0.366,0.65,0.416,0.284
569,2,0.467,0.95,0.517,0.416,0.133,0.3,0.183,0.334
570,2,0.8,1.0,0.85,0.466,-0.1,-0.05,-0.05,0.384
571,5,0.45,0.767,0.9,0.799,0.9,0.283,0.0,0.151
572,5,0.1,0.534,0.95,1.0,1.0,0.616,0.05,-0.082
573,8,0.433,0.584,0.717,0.65,0.767,0.666,0.383,0.918
574,8,0.766,0.634,0.484,0.3,0.534,0.716,0.716,1.0
575,,0.716,0.584,0.434,0.25,0.484,0.666,0.666,0.95
576,,0.666,0.534,0.384,0.2,0.434,0.616,0.616,0.9
577,,0.616,0.484,0.334,0.15,0.384,0.566,0.566,0.85
578,,0.566,0.434,0.284,0.1,0.334,0.516,0.516,0.8
579,,0.516,0.384,0.234,0.05,0.284,0.466,0.466,0.75
580,,0.466,0.334,0.184,0.0,0.234,0.416,0.416,0.7
581,,0.416,0.284,0.134,-0.05,0.184,0.366,0.366,0.65
582,4,0.183,0.334,0.467,0.95,0.517,0.416,0.133,0.3
583,4,-0.05,0.384,0.8,1.0,0.85,0.466,-0.1,-0.05
584,7,0.0,0.151,0.45,0.767,0.9,0.799,0.9,0.283
585,7,0.05,-0.082,0.1,0.534,0.95,1.0,1.0,0.616
586,2,0.383,0.918,0.433,0.584,0.717,0.65,0.767,0.666
587,2,0.716,1.0,0.766,0.634,0.484,0.3,0.534,0.716
588,,0.666,0.95,0.716,0.584,0.434,0.25,0.484,0.666
589,,0.616,0.9,0.666,0.534,0.384,0.2,0.434,0.616
590,,0.566,0.85,0.616,0.484,0.334,0.15,0.384,0.566
591,,0.516,0.8,0.566,0.434,0.284,0.1,0.334,0.516
592,,0.466,0.75,0.516,0.384,0.234,0.05,0.284,0.466
593,,0.416,0.7,0.466,0.334,0.184,0.0,0.234,0.416
594,,0.366,0.65,0.416,0.284,0.134,-0.05,0.184,0.366
595,6,0.133,0.3,0.183,0.334,0.467,0.95,0.517,0.416
596,6,-0.1,-0.05,-0.05,0.384,0.8,1.0,0.85,0.466
597,1,0.9,0.283,0.0,0.151,0.45,0.767,0.9,0.799
598,1,1.0,0.616,0.05,-0.082,0.1,0.534,0.95,1.0
599,4,0.767,0.666,0.383,0.918,0.433,0.584,0.717,0.65
600,4,0.534,0.716,0.716,1.0,0.766,0.634,0.484,0.3
601,,0.484,0.666,0.666,0.95,0.716,0.584,0.434,0.25
602,,0.434,0.616,0.616,0.9,0.666,0.534,0.384,0.2
603,,0.384,0.566,0.566,0.85,0.616,0.484,0.334,0.15
604,,0.334,0.516,0.516,0.8,0.566,0.434,0.284,0.1
605,,0.284,0.466,0.466,0.75,0.516,0.384,0.234,0.05
606,,0.234,0.416,0.416,0.7,0.466,0.334,0.184,0.0
607,,0.184,0.366,0.366,0.65,0.416,0.284,0.134,-0.05
608,8,0.517,0.416,0.133,0.3,0.183,0.334,0.467,0.95
609,8,0.85,0.466,-0.1,-0.05,-0.05,0.384,0.8,1.0
610,3,0.9,0.799,0.9,0.283,0.0,0.151,0.45,0.767
611,3,0.95,1.0,1.0,0.616,0.05,-0.082,0.1,0.534
612,6,0.717,0.65,0.767,0.666,0.383,0.918,0.433,0.584
613,6,0.484,0.3,0.534,0.716,0.716,1.0,0.766,0.634
614,,0.434,0.25,0.484,0.666,0.666,0.95,0.716,0.584
615,,0.384,0.2,0.434,0.616,0.616,0.9,0.666,0.534
616,,0.334,0.15,0.384,0.566,0.566,0.85,0.616,0.484
617,,0.284,0.1,0.334,0.516,0.516,0.8,0.566,0.434
618,,0.234,0.05,0.284,0.466,0.466,0.75,0.516,0.384
619,,0.184,0.0,0.234,0.416,0.416,0.7,0.466,0.334
620,,0.134,-0.05,0.184,0.366,0.366,0.65,0.416,0.284
621,2,0.467,0.95,0.517,0.416,0.133,0.3,0.183,0.334
622,2,0.8,1.0,0.85,0.466,-0.1,-0.05,-0.05,0.384
623,5,0.45,0.767,0.9,0.799,0.9,0.283,0.0,0.151
624,5,0.1,0.534,0.95,1.0,1.0,0.616,0.05,-0.082
625,8,0.433,0.584,0.717,0.65,0.767,0.666,0.383,0.918
626,8,0.766,0.634,0.484,0.3,0.534,0.716,0.716,1.0
627,,0.716,0.584,0.434,0.25,0.484,0.666,0.666,0.95
628,,0.666,0.534,0.384,0.2,0.434,0.616,0.616,0.9
629,,0.616,0.484,0.334,0.15,0.384,0.566,0.566,0.85
630,,0.566,0.434,0.284,0.1,0.334,0.516,0.516,0.8
631,,0.516,0.384,0.234,0.05,0.284,0.466,0.466,0.75
632,,0.466,0.334,0.184,0.0,0.234,0.416,0.416,0.7
633,,0.416,0.284,0.134,-0.05,0.184,0.366,0.366,0.65
634,4,0.183,0.334,0.467,0.95,0.517,0.416,0.133,0.3
635,4,-0.05,0.384,0.8,1.0,0.85,0.466,-0.1,-0.05
636,7,0.0,0.151,0.45,0.767,0.9,0.799,0.9,0.283
637,7,0.05,-0.082,0.1,0.534,0.95,1.0,1.0,0.616
638,2,0.383,0.918,0.433,0.584,0.717,0.65,0.767,0.666
639,2,0.716,1.0,0.766,0.634,0.484,0.3,0.534,0.716
640,,0.666,0.95,0.716,0.584,0.434,0.25,0.484,0.666
641,,0.616,0.9,0.666,0.534,0.384,0.2,0.434,0.616
642,,0.566,0.85,0.616,0.484,0.334,0.15,0.384,0.566
643,,0.516,0.8,0.566,0.434,0.284,0.1,0.334,0.516
644,,0.466,0.75,0.516,0.384,0.234,0.05,0.284,0.466
645,,0.416,0.7,0.466,0.334,0.184,0.0,0.234,0.416
646,,0.366,0.65,0.416,0.284,0.134,-0.05,0.184,0.366
647,6,0.133,0.3,0.183,0.334,0.467,0.95,0.517,0.416
648,6,-0.1,-0.05,-0.05,0.384,0.8,1.0,0.85,0.466
649,1,0.9,0.283,0.0,0.151,0.45,0.767,0.9,0.799
650,1,1.0,0.616,0.05,-0.082,0.1,0.534,0.95,1.0
651,4,0.767,0.666,0.383,0.918,0.433,0.584,0.717,0.65
652,4,0.534,0.716,0.716,1.0,0.766,0.634,0.484,0.3
653,,0.484,0.666,0.666,0.95,0.716,0.584,0.434,0.25
654,,0.434,0.616,0.616,0.9,0.666,0.534,0.384,0.2
655,,0.384,0.566,0.566,0.85,0.616,0.484,0.334,0.15
656,,0.334,0.516,0.516,0.8,0.566,0.434,0.284,0.1
657,,0.284,0.466,0.466,0.75,0.516,0.384,0.234,0.05
658,,0.234,0.416,0.416,0.7,0.466,0.334,0.184,0.0
659,,0.184,0.366,0.366,0.65,0.416,0.284,0.134,-0.05
660,8,0.517,0.416,0.133,0.3,0.183,0.334,0.467,0.95
661,8,0.85,0.466,-0.1,-0.05,-0.05,0.384,0.8,1.0
662,3,0.9,0.799,0.9,0.283,0.0,0.151,0.45,0.767
663,3,0.95,1.0,1.0,0.616,0.05,-0.082,0.1,0.534
664,6,0.717,0.65,0.767,0.666,0.383,0.918,0.433,0.584
665,6,0.484,0.3,0.534,0.716,0.716,1.0,0.766,0.634
666,,0.434,0.25,0.484,0.666,0.666,0.95,0.716,0.584
667,,0.384,0.2,0.434,0.616,0.616,0.9,0.666,0.534
668,,0.334,0.15,0.384,0.566,0.566,0.85,0.616,0.484
669,,0.284,0.1,0.334,0.516,0.516,0.8,0.566,0.434
670,,0.234,0.05,0.284,0.466,0.466,0.75,0.516,0.384
671,,0.184,0.0,0.234,0.416,0.416,0.7,0.466,0.334
672,,0.134,-0.05,0.184,0.366,0.366,0.65,0.416,0.284
673,2,0.467,0.95,0.517,0.416,0.133,0.3,0.183,0.334
674,2,0.8,1.0,0.85,0.466,-0.1,-0.05,-0.05,0.384
675,5,0.45,0.767,0.9,0.799,0.9,0.283,0.0,0.151
676,5,0.1,0.534,0.95,1.0,1.0,0.616,0.05,-0.082
677,8,0.433,0.584,0.717,0.65,0.767,0.666,0.383,0.918
678,8,0.766,0.634,0.484,0.3,0.534,0.716,0.716,1.0
679,,0.716,0.584,0.434,0.25,0.484,0.666,0.666,0.95
680,,0.666,0.534,0.384,0.2,0.434,0.616,0.616,0.9
681,,0.616,0.484,0.334,0.15,0.384,0.566,0.566,0.85
682,,0.566,0.434,0.284,0.1,0.334,0.516,0.516,0.8
683,,0.516,0.384,0.234,0.05,0.284,0.466,0.466,0.75
684,,0.466,0.334,0.184,0.0,0.234,0.416,0.416,0.7
685,,0.416,0.284,0.134,-0.05,0.184,0.366,0.366,0.65
686,4,0.183,0.334,0.467,0.95,0.517,0.416,0.133,0.3
687,4,-0.05,0.384,0.8,1.0,0.85,0.466,-0.1,-0.05
688,7,0.0,0.151,0.45,0.767,0.9,0.799,0.9,0.283
689,7,0.05,-0.082,0.1,0.534,0.95,1.0,1.0,0.616
690,2,0.383,0.918,0.433,0.584,0.717,0.65,0.767,0.666
691,2,0.716,1.0,0.766,0.634,0.484,0.3,0.534,0.716
692,,0.666,0.95,0.716,0.584,0.434,0.25,0.484,0.666
693,,0.616,0.9,0.666,0.534,0.384,0.2,0.434,0.616
694,,0.566,0.85,0.616,0.484,0.334,0.15,0.384,0.566
695,,0.516,0.8,0.566,0.434,0.284,0.1,0.334,0.516
696,,0.466,0.75,0.516,0.384,0.234,0.05,0.284,0.466
697,,0.416,0.7,0.466,0.334,0.184,0.0,0.234,0.416
698,,0.366,0.65,0.416,0.284,0.134,-0.05,0.184,0.366
699,6,0.133,0.3,0.183,0.334,0.467,0.95,0.517,0.416
700,6,-0.1,-0.05,-0.05,0.384,0.8,1.0,0.85,0.466
701,1,0.9,0.283,0.0,0.151,0.45,0.767,0.9,0.799
702,1,1.0,0.616,0.05,-0.082,0.1,0.534,0.95,1.0
703,4,0.767,0.666,0.383,0.918,0.433,0.584,0.717,0.65
704,4,0.534,0.716,0.716,1.0,0.766,0.634,0.484,0.3
705,,0.484,0.666,0.666,0.95,0.716,0.584,0.434,0.25
706,,0.434,0.616,0.616,0.9,0.666,0.534,0.384,0.2
707,,0.384,0.566,0.566,0.85,0.616,0.484,0.334,0.15
708,,0.334,0.516,0.516,0.8,0.566,0.434,0.284,0.1
709,,0.284,0.466,0.466,0.75,0.516,0.384,0.234,0.05
710,,0.234,0.416,0.416,0.7,0.466,0.334,0.184,0.0
711,,0.184,0.366,0.366,0.65,0.416,0.284,0.134,-0.05
712,8,0.517,0.416,0.133,0.3,0.183,0.334,0.467,0.95
713,8,0.85,0.466,-0.1,-0.05,-0.05,0.384,0.8,1.0
714,3,0.9,0.799,0.9,0.283,0.0,0.151,0.45,0.767
715,3,0.95,1.0,1.0,0.616,0.05,-0.082,0.1,0.534
716,6,0.717,0.65,0.767,0.666,0.383,0.918,0.433,0.584
717,6,0.484,0.3,0.534,0.716,0.716,1.0,0.766,0.634
718,,0.434,0.25,0.484,0.666,0.666,0.95,0.716,0.584
719,,0.384,0.2,0.434,0.616,0.616,0.9,0.666,0.534
720,,0.334,0.15,0.384,0.566,0.566,0.85,0.616,0.484
721,,0.284,0.1,0.334,0.516,0.516,0.8,0.566,0.434
722,,0.234,0.05,0.284,0.466,0.466,0.75,0.516,0.384
723,,0.184,0.0,0.234,0.416,0.416,0.7,0.466,0.334
724,,0.134,-0.05,0.184,0.366,0.366,0.65,0.416,0.284
725,2,0.467,0.95,0.517,0.416,0.133,0.3,0.183,0.334
726,2,0.8,1.0,0.85,0.466,-0.1,-0.05,-0.05,0.384
727,5,0.45,0.767,0.9,0.799,0.9,0.283,0.0,0.151
728,5,0.1,0.534,0.95,1.0,1.0,0.616,0.05,-0.082
729,8,0.433,0.584,0.717,0.65,0.767,0.666,0.383,0.918
730,8,0.766,0.634,0.484,0.3,0.534,0.716,0.716,1.0
731,,0.716,0.584,0.434,0.25,0.484,0.666,0.666,0.95
732,,0.666,0.534,0.384,0.2,0.434,0.616,0.616,0.9
733,,0.616,0.484,0.334,0.15,0.384,0.566,0.566,0.85
734,,0.566,0.434,0.284,0.1,0.334,0.516,0.516,0.8
735,,0.516,0.384,0.234,0.05,0.284,0.466,0.466,0.75
736,,0.466,0.334,0.184,0.0,0.234,0.416,0.416,0.7
737,,0.416,0.284,0.134,-0.05,0.184,0.366,0.366,0.65
738,4,0.183,0.334,0.467,0.95,0.517,0.416,0.133,0.3
739,4,-0.05,0.384,0.8,1.0,0.85,0.466,-0.1,-0.05
740,7,0.0,0.151,0.45,0.767,0.9,0.799,0.9,0.283
741,7,0.05,-0.082,0.1,0.534,0.95,1.0,1.0,0.616
742,2,0.383,0.918,0.433,0.584,0.717,0.65,0.767,0.666
743,2,0.716,1.0,0.766,0.634,0.484,0.3,0.534,0.716
744,,0.666,0.95,0.716,0.584,0.434,0.25,0.484,0.666
745,,0.616,0.9,0.666,0.534,0.384,0.2,0.434,0.616
746,,0.566,0.85,0.616,0.484,0.334,0.15,0.384,0.566
747,,0.516,0.8,0.566,0.434,0.284,0.1,0.334,0.516
748,,0.466,0.75,0.516,0.384,0.234,0.05,0.284,0.466
749,,0.416,0.7,0.466,0.334,0.184,0.0,0.234,0.416
750,,0.366,0.65,0.416,0.284,0.134,-0.05,0.184,0.366
751,6,0.133,0.3,0.183,0.334,0.467,0.95,0.517,0.416
752,6,-0.1,-0.05,-0.05,0.384,0.8,1.0,0.85,0.466
753,1,0.9,0.283,0.0,0.151,0.45,0.767,0.9,0.799
754,1,1.0,0.616,0.05,-0.082,0.1,0.534,0.95,1.0
755,4,0.767,0.666,0.383,0.918,0.433,0.584,0.717,0.65
756,4,0.534,0.716,0.716,1.0,0.766,0.634,0.484,0.3
757,,0.484,0.666,0.666,0.95,0.716,0.584,0.434,0.25
758,,0.434,0.616,0.616,0.9,0.666,0.534,0.384,0.2
759,,0.384,0.566,0.566,0.85,0.616,0.484,0.334,0.15
760,,0.334,0.516,0.516,0.8,0.566,0.434,0.284,0.1
761,,0.284,0.466,0.466,0.75,0.516,0.384,0.234,0.05
762,,0.234,0.416,0.416,0.7,0.466,0.334,0.184,0.0
763,,0.184,0.366,0.366,0.65,0.416,0.284,0.134,-0.05
764,8,0.517,0.416,0.133,0.3,0.183,0.334,0.467,0.95
765,8,0.85,0.466,-0.1,-0.05,-0.05,0.384,0.8,1.0
766,3,0.9,0.799,0.9,0.283,0.0,0.151,0.45,0.767
767,3,0.95,1.0,1.0,0.616,0.05,-0.082,0.1,0.534
768,6,0.717,0.65,0.767,0.666,0.383,0.918,0.433,0.584
769,6,0.484,0.3,0.534,0.716,0.716,1.0,0.766,0.634
770,,0.434,0.25,0.484,0.666,0.666,0.95,0.716,0.584
771,,0.384,0.2,0.434,0.616,0.616,0.9,0.666,0.534
772,,0.334,0.15,0.384,0.566,0.566,0.85,0.616,0.484
773,,0.284,0.1,0.334,0.516,0.516,0.8,0.566,0.434
774,,0.234,0.05,0.284,0.466,0.466,0.75,0.516,0.384
775,,0.184,0.0,0.234,0.416,0.416,0.7,0.466,0.334
776,,0.134,-0.05,0.184,0.366,0.366,0.65,0.416,0.284
777,2,0.467,0.95,0.517,0.416,0.133,0.3,0.183,0.334
778,2,0.8,1.0,0.85,0.466,-0.1,-0.05,-0.05,0.384
779,5,0.45,0.767,0.9,0.799,0.9,0.283,0.0,0.151
780,5,0.1,0.534,0.95,1.0,1.0,0.616,0.05,-0.082
781,8,0.433,0.584,0.717,0.65,0.767,0.666,0.383,0.918
782,8,0.766,0.634,0.484,0.3,0.534,0.716,0.716,1.0
783,,0.716,0.584,0.434,0.25,0.484,0.666,0.666,0.95
784,,0.666,0.534,0.384,0.2,0.434,0.616,0.616,0.9
785,,0.616,0.484,0.334,0.15,0.384,0.566,0.566,0.85
786,,0.566,0.434,0.284,0.1,0.334,0.516,0.516,0.8
787,,0.516,0.384,0.234,0.05,0.284,0.466,0.466,0.75
788,,0.466,0.334,0.184,0.0,0.234,0.416,0.416,0.7
789,,0.416,0.284,0.134,-0.05,0.184,0.366,0.366,0.65
790,4,0.183,0.334,0.467,0.95,0.517,0.416,0.133,0.3
791,4,-0.05,0.384,0.8,1.0,0.85,0.466,-0.1,-0.05
792,7,0.0,0.151,0.45,0.767,0.9,0.799,0.9,0.283
793,7,0.05,-0.082,0.1,0.534,0.95,1.0,1.0,0.616
794,2,0.383,0.918,0.433,0.584,0.717,0.65,0.767,0.666
795,2,0.716,1.0,0.766,0.634,0.484,0.3,0.534,0.716
