step,active_motive,motive_1,motive_2,motive_3,motive_4,motive_5,motive_6,motive_7,motive_8
0,,0.05993,0.16881,0.47145,0.1616,0.2594,0.35151,0.18181,0.48589
1,,0.00993,0.11881,0.42145,0.1116,0.2094,0.30151,0.13181,0.43589
2,,-0.04007,0.06881,0.37145,0.0616,0.1594,0.25151,0.08181,0.38589
3,1,0.95993,0.40181,0.42145,-0.1714,-0.1906,0.01851,0.13181,0.71889
4,1,1.0,0.73481,0.47145,-0.4044,-0.5406,-0.21449,0.18181,1.0
5,5,0.65,0.50181,0.52145,-0.0714,0.4594,0.11851,0.23181,0.767
6,5,0.3,0.26881,0.57145,0.2616,1.0,0.45151,0.28181,0.534
7,,0.25,0.21881,0.52145,0.2116,0.95,0.40151,0.23181,0.484
8,,0.2,0.16881,0.47145,0.1616,0.9,0.35151,0.18181,0.434
9,,0.15,0.11881,0.42145,0.1116,0.85,0.30151,0.13181,0.384
10,,0.1,0.06881,0.37145,0.0616,0.8,0.25151,0.08181,0.334
11,,0.05,0.01881,0.32145,0.0116,0.75,0.20151,0.03181,0.284
12,,0.0,-0.03119,0.27145,-0.0384,0.7,0.15151,-0.01819,0.234
13,4,-0.233,0.01881,0.60445,0.9616,1.0,0.20151,-0.25119,-0.116
14,4,-0.466,0.06881,0.93745,1.0,1.0,0.25151,-0.48419,-0.466
15,7,-0.416,-0.16419,0.58745,0.767,1.0,0.58451,0.51581,-0.133
16,7,-0.366,-0.39719,0.23745,0.534,1.0,0.91751,1.0,0.2
17,2,-0.033,0.60281,0.57045,0.584,0.767,0.56751,0.767,0.25
18,2,0.3,1.0,0.90345,0.634,0.534,0.21751,0.534,0.3
19,,0.25,0.95,0.85345,0.584,0.484,0.16751,0.484,0.25
20,,0.2,0.9,0.80345,0.534,0.434,0.11751,0.434,0.2
21,,0.15,0.85,0.75345,0.484,0.384,0.06751,0.384,0.15
22,,0.1,0.8,0.70345,0.434,0.334,0.01751,0.334,0.1
23,,0.05,0.75,0.65345,0.384,0.284,-0.03249,0.284,0.05
24,6,-0.183,0.4,0.42045,0.434,0.617,0.96751,0.617,0.1
25,6,-0.416,0.05,0.18745,0.484,0.95,1.0,0.95,0.15
26,1,0.584,0.383,0.23745,0.251,0.6,0.767,1.0,0.483
27,1,1.0,0.716,0.28745,0.018,0.25,0.534,1.0,0.816
28,,0.95,0.666,0.23745,-0.032,0.2,0.484,0.95,0.766
29,4,0.717,0.716,0.57045,0.968,0.533,0.534,0.717,0.416
30,4,0.484,0.766,0.90345,1.0,0.866,0.584,0.484,0.066
31,,0.434,0.716,0.85345,0.95,0.816,0.534,0.434,0.016
32,,0.384,0.666,0.80345,0.9,0.766,0.484,0.384,-0.034
33,8,0.717,0.716,0.57045,0.55,0.533,0.534,0.717,0.966
34,8,1.0,0.766,0.33745,0.2,0.3,0.584,1.0,1.0
35,,0.95,0.716,0.28745,0.15,0.25,0.534,0.95,0.95
36,,0.9,0.666,0.23745,0.1,0.2,0.484,0.9,0.9
37,,0.85,0.616,0.18745,0.05,0.15,0.434,0.85,0.85
38,,0.8,0.566,0.13745,0.0,0.1,0.384,0.8,0.8
39,,0.75,0.516,0.08745,-0.05,0.05,0.334,0.75,0.75
40,4,0.517,0.566,0.42045,0.95,0.383,0.384,0.517,0.4
41,4,0.284,0.616,0.75345,1.0,0.716,0.434,0.284,0.05
42,,0.234,0.566,0.70345,0.95,0.666,0.384,0.234,0.0
43,,0.184,0.516,0.65345,0.9,0.616,0.334,0.184,-0.05
44,8,0.517,0.566,0.42045,0.55,0.383,0.384,0.517,0.95
45,8,0.85,0.616,0.18745,0.2,0.15,0.434,0.85,1.0
46,,0.8,0.566,0.13745,0.15,0.1,0.384,0.8,0.95
47,,0.75,0.516,0.08745,0.1,0.05,0.334,0.75,0.9
48,,0.7,0.466,0.03745,0.05,0.0,0.284,0.7,0.85
49,,0.65,0.416,-0.01255,0.0,-0.05,0.234,0.65,0.8
50,5,0.3,0.183,0.03745,0.333,0.95,0.567,0.7,0.567
51,5,-0.05,-0.05,0.08745,0.666,1.0,0.9,0.75,0.334
52,2,0.283,0.95,0.42045,0.716,0.767,0.55,0.517,0.384
53,2,0.616,1.0,0.75345,0.766,0.534,0.2,0.284,0.434
54,,0.566,0.95,0.70345,0.716,0.484,0.15,0.234,0.384
55,,0.516,0.9,0.65345,0.666,0.434,0.1,0.184,0.334
56,,0.466,0.85,0.60345,0.616,0.384,0.05,0.134,0.284
57,,0.416,0.8,0.55345,0.566,0.334,0.0,0.084,0.234
58,,0.366,0.75,0.50345,0.516,0.284,-0.05,0.034,0.184
59,6,0.133,0.4,0.27045,0.566,0.617,0.95,0.367,0.234
60,6,-0.1,0.05,0.03745,0.616,0.95,1.0,0.7,0.284
61,1,0.9,0.383,0.08745,0.383,0.6,0.767,0.75,0.617
62,1,1.0,0.716,0.13745,0.15,0.25,0.534,0.8,0.95
63,,0.95,0.666,0.08745,0.1,0.2,0.484,0.75,0.9
64,,0.9,0.616,0.03745,0.05,0.15,0.434,0.7,0.85
65,,0.85,0.566,-0.01255,0.0,0.1,0.384,0.65,0.8
66,3,0.9,0.899,0.98745,0.333,0.15,0.151,0.3,0.567
67,3,0.95,1.0,1.0,0.666,0.2,-0.082,-0.05,0.334
68,6,0.717,0.65,0.767,0.716,0.533,0.918,0.283,0.384
69,6,0.484,0.3,0.534,0.766,0.866,1.0,0.616,0.434
70,,0.434,0.25,0.484,0.716,0.816,0.95,0.566,0.384
71,,0.384,0.2,0.434,0.666,0.766,0.9,0.516,0.334
72,,0.334,0.15,0.384,0.616,0.716,0.85,0.466,0.284
73,,0.284,0.1,0.334,0.566,0.666,0.8,0.416,0.234
74,,0.234,0.05,0.284,0.516,0.616,0.75,0.366,0.184
75,,0.184,0.0,0.234,0.466,0.566,0.7,0.316,0.134
76,,0.134,-0.05,0.184,0.416,0.516,0.65,0.266,0.084
77,2,0.467,0.95,0.517,0.466,0.283,0.3,0.033,0.134
78,2,0.8,1.0,0.85,0.516,0.05,-0.05,-0.2,0.184
79,7,0.85,0.767,0.5,0.283,0.1,0.283,0.8,0.517
80,7,0.9,0.534,0.15,0.05,0.15,0.616,1.0,0.85
81,,0.85,0.484,0.1,0.0,0.1,0.566,0.95,0.8
82,,0.8,0.434,0.05,-0.05,0.05,0.516,0.9,0.75
83,4,0.567,0.484,0.383,0.95,0.383,0.566,0.667,0.4
84,4,0.334,0.534,0.716,1.0,0.716,0.616,0.434,0.05
85,,0.284,0.484,0.666,0.95,0.666,0.566,0.384,0.0
86,,0.234,0.434,0.616,0.9,0.616,0.516,0.334,-0.05
87,8,0.567,0.484,0.383,0.55,0.383,0.566,0.667,0.95
88,8,0.9,0.534,0.15,0.2,0.15,0.616,1.0,1.0
89,,0.85,0.484,0.1,0.15,0.1,0.566,0.95,0.95
90,,0.8,0.434,0.05,0.1,0.05,0.516,0.9,0.9
91,,0.75,0.384,0.0,0.05,0.0,0.466,0.85,0.85
92,,0.7,0.334,-0.05,0.0,-0.05,0.416,0.8,0.8
93,5,0.35,0.101,0.0,0.333,0.95,0.749,0.85,0.567
94,5,-0.0,-0.132,0.05,0.666,1.0,1.0,0.9,0.334
95,2,0.333,0.868,0.383,0.716,0.767,0.65,0.667,0.384
96,2,0.666,1.0,0.716,0.766,0.534,0.3,0.434,0.434
97,,0.616,0.95,0.666,0.716,0.484,0.25,0.384,0.384
98,,0.566,0.9,0.616,0.666,0.434,0.2,0.334,0.334
99,,0.516,0.85,0.566,0.616,0.384,0.15,0.284,0.284
100,,0.466,0.8,0.516,0.566,0.334,0.1,0.234,0.234
101,,0.416,0.75,0.466,0.516,0.284,0.05,0.184,0.184
102,,0.366,0.7,0.416,0.466,0.234,0.0,0.134,0.134
103,,0.316,0.65,0.366,0.416,0.184,-0.05,0.084,0.084
104,6,0.083,0.3,0.133,0.466,0.517,0.95,0.417,0.134
105,6,-0.15,-0.05,-0.1,0.516,0.85,1.0,0.75,0.184
106,1,0.85,0.283,-0.05,0.283,0.5,0.767,0.8,0.517
107,1,1.0,0.616,0.0,0.05,0.15,0.534,0.85,0.85
108,,0.95,0.566,-0.05,0.0,0.1,0.484,0.8,0.8
109,3,1.0,0.899,0.95,0.333,0.15,0.251,0.45,0.567
110,3,1.0,1.0,1.0,0.666,0.2,0.018,0.1,0.334
111,,0.95,0.95,0.95,0.616,0.15,-0.032,0.05,0.284
112,6,0.717,0.6,0.717,0.666,0.483,0.968,0.383,0.334
113,6,0.484,0.25,0.484,0.716,0.816,1.0,0.716,0.384
114,,0.434,0.2,0.434,0.666,0.766,0.95,0.666,0.334
115,,0.384,0.15,0.384,0.616,0.716,0.9,0.616,0.284
116,,0.334,0.1,0.334,0.566,0.666,0.85,0.566,0.234
117,,0.284,0.05,0.284,0.516,0.616,0.8,0.516,0.184
118,,0.234,0.0,0.234,0.466,0.566,0.75,0.466,0.134
119,,0.184,-0.05,0.184,0.416,0.516,0.7,0.416,0.084
120,2,0.517,0.95,0.517,0.466,0.283,0.35,0.183,0.134
121,2,0.85,1.0,0.85,0.516,0.05,-0.0,-0.05,0.184
122,7,0.9,0.767,0.5,0.283,0.1,0.333,0.95,0.517
123,7,0.95,0.534,0.15,0.05,0.15,0.666,1.0,0.85
124,,0.9,0.484,0.1,0.0,0.1,0.616,0.95,0.8
125,,0.85,0.434,0.05,-0.05,0.05,0.566,0.9,0.75
126,4,0.617,0.484,0.383,0.95,0.383,0.616,0.667,0.4
127,4,0.384,0.534,0.716,1.0,0.716,0.666,0.434,0.05
128,,0.334,0.484,0.666,0.95,0.666,0.616,0.384,0.0
129,,0.284,0.434,0.616,0.9,0.616,0.566,0.334,-0.05
130,8,0.617,0.484,0.383,0.55,0.383,0.616,0.667,0.95
131,8,0.95,0.534,0.15,0.2,0.15,0.666,1.0,1.0
132,,0.9,0.484,0.1,0.15,0.1,0.616,0.95,0.95
133,,0.85,0.434,0.05,0.1,0.05,0.566,0.9,0.9
134,,0.8,0.384,0.0,0.05,0.0,0.516,0.85,0.85
135,,0.75,0.334,-0.05,0.0,-0.05,0.466,0.8,0.8
136,5,0.4,0.101,0.0,0.333,0.95,0.799,0.85,0.567
137,5,0.05,-0.132,0.05,0.666,1.0,1.0,0.9,0.334
138,2,0.383,0.868,0.383,0.716,0.767,0.65,0.667,0.384
139,2,0.716,1.0,0.716,0.766,0.534,0.3,0.434,0.434
140,,0.666,0.95,0.666,0.716,0.484,0.25,0.384,0.384
141,,0.616,0.9,0.616,0.666,0.434,0.2,0.334,0.334
142,,0.566,0.85,0.566,0.616,0.384,0.15,0.284,0.284
143,,0.516,0.8,0.516,0.566,0.334,0.1,0.234,0.234
144,,0.466,0.75,0.466,0.516,0.284,0.05,0.184,0.184
145,,0.416,0.7,0.416,0.466,0.234,0.0,0.134,0.134
146,,0.366,0.65,0.366,0.416,0.184,-0.05,0.084,0.084
147,6,0.133,0.3,0.133,0.466,0.517,0.95,0.417,0.134
148,6,-0.1,-0.05,-0.1,0.516,0.85,1.0,0.75,0.184
149,1,0.9,0.283,-0.05,0.283,0.5,0.767,0.8,0.517
150,1,1.0,0.616,0.0,0.05,0.15,0.534,0.85,0.85
151,,0.95,0.566,-0.05,0.0,0.1,0.484,0.8,0.8
152,3,1.0,0.899,0.95,0.333,0.15,0.251,0.45,0.567
153,3,1.0,1.0,1.0,0.666,0.2,0.018,0.1,0.334
154,,0.95,0.95,0.95,0.616,0.15,-0.032,0.05,0.284
155,6,0.717,0.6,0.717,0.666,0.483,0.968,0.383,0.334
156,6,0.484,0.25,0.484,0.716,0.816,1.0,0.716,0.384
157,,0.434,0.2,0.434,0.666,0.766,0.95,0.666,0.334
158,,0.384,0.15,0.384,0.616,0.716,0.9,0.616,0.284
159,,0.334,0.1,0.334,0.566,0.666,0.85,0.566,0.234
160,,0.284,0.05,0.284,0.516,0.616,0.8,0.516,0.184
161,,0.234,0.0,0.234,0.466,0.566,0.75,0.466,0.134
162,,0.184,-0.05,0.184,0.416,0.516,0.7,0.416,0.084
163,2,0.517,0.95,0.517,0.466,0.283,0.35,0.183,0.134
164,2,0.85,1.0,0.85,0.516,0.05,-0.0,-0.05,0.184
165,7,0.9,0.767,0.5,0.283,0.1,0.333,0.95,0.517
166,7,0.95,0.534,0.15,0.05,0.15,0.666,1.0,0.85
167,,0.9,0.484,0.1,0.0,0.1,0.616,0.95,0.8
168,,0.85,0.434,0.05,-0.05,0.05,0.566,0.9,0.75
169,4,0.617,0.484,0.383,0.95,0.383,0.616,0.667,0.4
170,4,0.384,0.534,0.716,1.0,0.716,0.666,0.434,0.05
171,,0.334,0.484,0.666,0.95,0.666,0.616,0.384,0.0
172,,0.284,0.434,0.616,0.9,0.616,0.566,0.334,-0.05
173,8,0.617,0.484,0.383,0.55,0.383,0.616,0.667,0.95
174,8,0.95,0.534,0.15,0.2,0.15,0.666,1.0,1.0
175,,0.9,0.484,0.1,0.15,0.1,0.616,0.95,0.95
176,,0.85,0.434,0.05,0.1,0.05,0.566,0.9,0.9
177,,0.8,0.384,0.0,0.05,0.0,0.516,0.85,0.85
178,,0.75,0.334,-0.05,0.0,-0.05,0.466,0.8,0.8
179,5,0.4,0.101,0.0,0.333,0.95,0.799,0.85,0.567
180,5,0.05,-0.132,0.05,0.666,1.0,1.0,0.9,0.334
181,2,0.383,0.868,0.383,0.716,0.767,0.65,0.667,0.384
182,2,0.716,1.0,0.716,0.766,0.534,0.3,0.434,0.434
183,,0.666,0.95,0.666,0.716,0.484,0.25,0.384,0.384
184,,0.616,0.9,0.616,0.666,0.434,0.2,0.334,0.334
185,,0.566,0.85,0.566,0.616,0.384,0.15,0.284,0.284
186,,0.516,0.8,0.516,0.566,0.334,0.1,0.234,0.234
187,,0.466,0.75,0.466,0.516,0.284,0.05,0.184,0.184
188,,0.416,0.7,0.416,0.466,0.234,0.0,0.134,0.134
189,,0.366,0.65,0.366,0.416,0.184,-0.05,0.084,0.084
190,6,0.133,0.3,0.133,0.466,0.517,0.95,0.417,0.134
191,6,-0.1,-0.05,-0.1,0.516,0.85,1.0,0.75,0.184
192,1,0.9,0.283,-0.05,0.283,0.5,0.767,0.8,0.517
193,1,1.0,0.616,0.0,0.05,0.15,0.534,0.85,0.85
194,,0.95,0.566,-0.05,0.0,0.1,0.484,0.8,0.8
195,3,1.0,0.899,0.95,0.333,0.15,0.251,0.45,0.567
196,3,1.0,1.0,1.0,0.666,0.2,0.018,0.1,0.334
197,,0.95,0.95,0.95,0.616,0.15,-0.032,0.05,0.284
198,6,0.717,0.6,0.717,0.666,0.483,0.968,0.383,0.334
199,6,0.484,0.25,0.484,0.716,0.816,1.0,0.716,0.384
200,,0.434,0.2,0.434,0.666,0.766,0.95,0.666,0.334
201,,0.384,0.15,0.384,0.616,0.716,0.9,0.616,0.284
202,,0.334,0.1,0.334,0.566,0.666,0.85,0.566,0.234
203,,0.284,0.05,0.284,0.516,0.616,0.8,0.516,0.184
204,,0.234,0.0,0.234,0.466,0.566,0.75,0.466,0.134
205,,0.184,-0.05,0.184,0.416,0.516,0.7,0.416,0.084
206,2,0.517,0.95,0.517,0.466,0.283,0.35,0.183,0.134
207,2,0.85,1.0,0.85,0.516,0.05,-0.0,-0.05,0.184
208,7,0.9,0.767,0.5,0.283,0.1,0.333,0.95,0.517
209,7,0.95,0.534,0.15,0.05,0.15,0.666,1.0,0.85
210,,0.9,0.484,0.1,0.0,0.1,0.616,0.95,0.8
211,,0.85,0.434,0.05,-0.05,0.05,0.566,0.9,0.75
212,4,0.617,0.484,0.383,0.95,0.383,0.616,0.667,0.4
213,4,0.384,0.534,0.716,1.0,0.716,0.666,0.434,0.05
214,,0.334,0.484,0.666,0.95,0.666,0.616,0.384,0.0
215,,0.284,0.434,0.616,0.9,0.616,0.566,0.334,-0.05
216,8,0.617,0.484,0.383,0.55,0.383,0.616,0.667,0.95
217,8,0.95,0.534,0.15,0.2,0.15,0.666,1.0,1.0
218,,0.9,0.484,0.1,0.15,0.1,0.616,0.95,0.95
219,,0.85,0.434,0.05,0.1,0.05,0.566,0.9,0.9
220,,0.8,0.384,0.0,0.05,0.0,0.516,0.85,0.85
221,,0.75,0.334,-0.05,0.0,-0.05,0.466,0.8,0.8
222,3,0.8,0.667,0.95,0.333,0.0,0.233,0.45,0.567
223,3,0.85,1.0,1.0,0.666,0.05,0.0,0.1,0.334
224,,0.8,0.95,0.95,0.616,0.0,-0.05,0.05,0.284
225,6,0.567,0.6,0.717,0.666,0.333,0.95,0.383,0.334
226,6,0.334,0.25,0.484,0.716,0.666,1.0,0.716,0.384
227,,0.284,0.2,0.434,0.666,0.616,0.95,0.666,0.334
228,,0.234,0.15,0.384,0.616,0.566,0.9,0.616,0.284
229,,0.184,0.1,0.334,0.566,0.516,0.85,0.566,0.234
230,,0.134,0.05,0.284,0.516,0.466,0.8,0.516,0.184
231,,0.084,0.0,0.234,0.466,0.416,0.75,0.466,0.134
232,,0.034,-0.05,0.184,0.416,0.366,0.7,0.416,0.084
233,2,0.367,0.95,0.517,0.466,0.133,0.35,0.183,0.134
234,2,0.7,1.0,0.85,0.516,-0.1,-0.0,-0.05,0.184
235,5,0.35,0.767,0.9,0.849,0.9,0.333,0.0,-0.049
236,5,-0.0,0.534,0.95,1.0,1.0,0.666,0.05,-0.282
237,8,0.333,0.584,0.717,0.65,0.767,0.716,0.383,0.718
238,8,0.666,0.634,0.484,0.3,0.534,0.766,0.716,1.0
239,,0.616,0.584,0.434,0.25,0.484,0.716,0.666,0.95
240,,0.566,0.534,0.384,0.2,0.434,0.666,0.616,0.9
241,,0.516,0.484,0.334,0.15,0.384,0.616,0.566,0.85
242,,0.466,0.434,0.284,0.1,0.334,0.566,0.516,0.8
243,,0.416,0.384,0.234,0.05,0.284,0.516,0.466,0.75
244,,0.366,0.334,0.184,0.0,0.234,0.466,0.416,0.7
245,,0.316,0.284,0.134,-0.05,0.184,0.416,0.366,0.65
246,4,0.083,0.334,0.467,0.95,0.517,0.466,0.133,0.3
247,4,-0.15,0.384,0.8,1.0,0.85,0.516,-0.1,-0.05
248,1,0.85,0.717,0.85,0.767,0.5,0.283,-0.05,0.283
249,1,1.0,1.0,0.9,0.534,0.15,0.05,0.0,0.616
250,,0.95,0.95,0.85,0.484,0.1,0.0,-0.05,0.566
251,7,1.0,0.717,0.5,0.251,0.15,0.333,0.95,0.899
252,7,1.0,0.484,0.15,0.018,0.2,0.666,1.0,1.0
253,,0.95,0.434,0.1,-0.032,0.15,0.616,0.95,0.95
254,4,0.717,0.484,0.433,0.968,0.483,0.666,0.717,0.6
255,4,0.484,0.534,0.766,1.0,0.816,0.716,0.484,0.25
256,,0.434,0.484,0.716,0.95,0.766,0.666,0.434,0.2
257,,0.384,0.434,0.666,0.9,0.716,0.616,0.384,0.15
258,,0.334,0.384,0.616,0.85,0.666,0.566,0.334,0.1
259,,0.284,0.334,0.566,0.8,0.616,0.516,0.284,0.05
260,,0.234,0.284,0.516,0.75,0.566,0.466,0.234,0.0
261,,0.184,0.234,0.466,0.7,0.516,0.416,0.184,-0.05
262,8,0.517,0.284,0.233,0.35,0.283,0.466,0.517,0.95
263,8,0.85,0.334,0.0,-0.0,0.05,0.516,0.85,1.0
264,,0.8,0.284,-0.05,-0.05,0.0,0.466,0.8,0.95
265,3,0.85,0.617,0.95,0.283,0.05,0.233,0.45,0.717
266,3,0.9,0.95,1.0,0.616,0.1,0.0,0.1,0.484
267,,0.85,0.9,0.95,0.566,0.05,-0.05,0.05,0.434
268,6,0.617,0.55,0.717,0.616,0.383,0.95,0.383,0.484
269,6,0.384,0.2,0.484,0.666,0.716,1.0,0.716,0.534
270,,0.334,0.15,0.434,0.616,0.666,0.95,0.666,0.484
271,,0.284,0.1,0.384,0.566,0.616,0.9,0.616,0.434
272,,0.234,0.05,0.334,0.516,0.566,0.85,0.566,0.384
273,,0.184,0.0,0.284,0.466,0.516,0.8,0.516,0.334
274,,0.134,-0.05,0.234,0.416,0.466,0.75,0.466,0.284
275,2,0.467,0.95,0.567,0.466,0.233,0.4,0.233,0.334
276,2,0.8,1.0,0.9,0.516,0.0,0.05,0.0,0.384
277,,0.75,0.95,0.85,0.466,-0.05,0.0,-0.05,0.334
278,5,0.4,0.717,0.9,0.799,0.95,0.333,0.0,0.101
279,5,0.05,0.484,0.95,1.0,1.0,0.666,0.05,-0.132
280,8,0.383,0.534,0.717,0.65,0.767,0.716,0.383,0.868
281,8,0.716,0.584,0.484,0.3,0.534,0.766,0.716,1.0
282,,0.666,0.534,0.434,0.25,0.484,0.716,0.666,0.95
283,,0.616,0.484,0.384,0.2,0.434,0.666,0.616,0.9
284,,0.566,0.434,0.334,0.15,0.384,0.616,0.566,0.85
285,,0.516,0.384,0.284,0.1,0.334,0.566,0.516,0.8
286,,0.466,0.334,0.234,0.05,0.284,0.516,0.466,0.75
287,,0.416,0.284,0.184,0.0,0.234,0.466,0.416,0.7
288,,0.366,0.234,0.134,-0.05,0.184,0.416,0.366,0.65
289,4,0.133,0.284,0.467,0.95,0.517,0.466,0.133,0.3
290,4,-0.1,0.334,0.8,1.0,0.85,0.516,-0.1,-0.05
291,7,-0.05,0.101,0.45,0.767,0.9,0.849,0.9,0.283
292,7,0.0,-0.132,0.1,0.534,0.95,1.0,1.0,0.616
293,2,0.333,0.868,0.433,0.584,0.717,0.65,0.767,0.666
294,2,0.666,1.0,0.766,0.634,0.484,0.3,0.534,0.716
295,,0.616,0.95,0.716,0.584,0.434,0.25,0.484,0.666
296,,0.566,0.9,0.666,0.534,0.384,0.2,0.434,0.616
297,,0.516,0.85,0.616,0.484,0.334,0.15,0.384,0.566
298,,0.466,0.8,0.566,0.434,0.284,0.1,0.334,0.516
299,,0.416,0.75,0.516,0.384,0.234,0.05,0.284,0.466
300,,0.366,0.7,0.466,0.334,0.184,0.0,0.234,0.416
301,,0.316,0.65,0.416,0.284,0.134,-0.05,0.184,0.366
302,6,0.083,0.3,0.183,0.334,0.467,0.95,0.517,0.416
303,6,-0.15,-0.05,-0.05,0.384,0.8,1.0,0.85,0.466
304,1,0.85,0.283,0.0,0.151,0.45,0.767,0.9,0.799
305,1,1.0,0.616,0.05,-0.082,0.1,0.534,0.95,1.0
306,4,0.767,0.666,0.383,0.918,0.433,0.584,0.717,0.65
307,4,0.534,0.716,0.716,1.0,0.766,0.634,0.484,0.3
308,,0.484,0.666,0.666,0.95,0.716,0.584,0.434,0.25
309,,0.434,0.616,0.616,0.9,0.666,0.534,0.384,0.2
310,,0.384,0.566,0.566,0.85,0.616,0.484,0.334,0.15
311,,0.334,0.516,0.516,0.8,0.566,0.434,0.284,0.1
312,,0.284,0.466,0.466,0.75,0.516,0.384,0.234,0.05
313,,0.234,0.416,0.416,0.7,0.466,0.334,0.184,0.0
314,,0.184,0.366,0.366,0.65,0.416,0.284,0.134,-0.05
315,8,0.517,0.416,0.133,0.3,0.183,0.334,0.467,0.95
316,8,0.85,0.466,-0.1,-0.05,-0.05,0.384,0.8,1.0
317,3,0.9,0.799,0.9,0.283,0.0,0.151,0.45,0.767
318,3,0.95,1.0,1.0,0.616,0.05,-0.082,0.1,0.534
319,6,0.717,0.65,0.767,0.666,0.383,0.918,0.433,0.584
320,6,0.484,0.3,0.534,0.716,0.716,1.0,0.766,0.634
321,,0.434,0.25,0.484,0.666,0.666,0.95,0.716,0.584
322,,0.384,0.2,0.434,0.616,0.616,0.9,0.666,0.534
323,,0.334,0.15,0.384,0.566,0.566,0.85,0.616,0.484
324,,0.284,0.1,0.334,0.516,0.516,0.8,0.566,0.434
325,,0.234,0.05,0.284,0.466,0.466,0.75,0.516,0.384
326,,0.184,0.0,0.234,0.416,0.416,0.7,0.466,0.334
327,,0.134,-0.05,0.184,0.366,0.366,0.65,0.416,0.284
328,2,0.467,0.95,0.517,0.416,0.133,0.3,0.183,0.334
329,2,0.8,1.0,0.85,0.466,-0.1,-0.05,-0.05,0.384
330,5,0.45,0.767,0.9,0.799,0.9,0.283,0.0,0.151
331,5,0.1,0.534,0.95,1.0,1.0,0.616,0.05,-0.082
332,8,0.433,0.584,0.717,0.65,0.767,0.666,0.383,0.918
333,8,0.766,0.634,0.484,0.3,0.534,0.716,0.716,1.0
334,,0.716,0.584,0.434,0.25,0.484,0.666,0.666,0.95
335,,0.666,0.534,0.384,0.2,0.434,0.616,0.616,0.9
336,,0.616,0.484,0.334,0.15,0.384,0.566,0.566,0.85
337,,0.566,0.434,0.284,0.1,0.334,0.516,0.516,0.8
338,,0.516,0.384,0.234,0.05,0.284,0.466,0.466,0.75
339,,0.466,0.334,0.184,0.0,0.234,0.416,0.416,0.7
340,,0.416,0.284,0.134,-0.05,0.184,0.366,0.366,0.65
341,4,0.183,0.334,0.467,0.95,0.517,0.416,0.133,0.3
342,4,-0.05,0.384,0.8,1.0,0.85,0.466,-0.1,-0.05
343,7,0.0,0.151,0.45,0.767,0.9,0.799,0.9,0.283
344,7,0.05,-0.082,0.1,0.534,0.95,1.0,1.0,0.616
345,2,0.383,0.918,0.433,0.584,0.717,0.65,0.767,0.666
346,2,0.716,1.0,0.766,0.634,0.484,0.3,0.534,0.716
347,,0.666,0.95,0.716,0.584,0.434,0.25,0.484,0.666
348,,0.616,0.9,0.666,0.534,0.384,0.2,0.434,0.616
349,,0.566,0.85,0.616,0.484,0.334,0.15,0.384,0.566
350,,0.516,0.8,0.566,0.434,0.284,0.1,0.334,0.516
351,,0.466,0.75,0.516,0.384,0.234,0.05,0.284,0.466
352,,0.416,0.7,0.466,0.334,0.184,0.0,0.234,0.416
353,,0.366,0.65,0.416,0.284,0.134,-0.05,0.184,0.366
354,6,0.133,0.3,0.183,0.334,0.467,0.95,0.517,0.416
355,6,-0.1,-0.05,-0.05,0.384,0.8,1.0,0.85,0.466
356,1,0.9,0.283,0.0,0.151,0.45,0.767,0.9,0.799
357,1,1.0,0.616,0.05,-0.082,0.1,0.534,0.95,1.0
358,4,0.767,0.666,0.383,0.918,0.433,0.584,0.717,0.65
359,4,0.534,0.716,0.716,1.0,0.766,0.634,0.484,0.3
360,,0.484,0.666,0.666,0.95,0.716,0.584,0.434,0.25
361,,0.434,0.616,0.616,0.9,0.666,0.534,0.384,0.2
362,,0.384,0.566,0.566,0.85,0.616,0.484,0.334,0.15
363,,0.334,0.516,0.516,0.8,0.566,0.434,0.284,0.1
364,,0.284,0.466,0.466,0.75,0.516,0.384,0.234,0.05
365,,0.234,0.416,0.416,0.7,0.466,0.334,0.184,0.0
366,,0.184,0.366,0.366,0.65,0.416,0.284,0.134,-0.05
367,8,0.517,0.416,0.133,0.3,0.183,0.334,0.467,0.95
368,8,0.85,0.466,-0.1,-0.05,-0.05,0.384,0.8,1.0
369,3,0.9,0.799,0.9,0.283,0.0,0.151,0.45,0.767
370,3,0.95,1.0,1.0,0.616,0.05,-0.082,0.1,0.534
371,6,0.717,0.65,0.767,0.666,0.383,0.918,0.433,0.584
372,6,0.484,0.3,0.534,0.716,0.716,1.0,0.766,0.634
373,,0.434,0.25,0.484,0.666,0.666,0.95,0.716,0.584
374,,0.384,0.2,0.434,0.616,0.616,0.9,0.666,0.534
375,,0.334,0.15,0.384,0.566,0.566,0.85,0.616,0.484
376,,0.284,0.1,0.334,0.516,0.516,0.8,0.566,0.434
377,,0.234,0.05,0.284,0.466,0.466,0.75,0.516,0.384
378,,0.184,0.0,0.234,0.416,0.416,0.7,0.466,0.334
379,,0.134,-0.05,0.184,0.366,0.366,0.65,0.416,0.284
380,2,0.467,0.95,0.517,0.416,0.133,0.3,0.183,0.334
381,2,0.8,1.0,0.85,0.466,-0.1,-0.05,-0.05,0.384
382,5,0.45,0.767,0.9,0.799,0.9,0.283,0.0,0.151
383,5,0.1,0.534,0.95,1.0,1.0,0.616,0.05,-0.082
384,8,0.433,0.584,0.717,0.65,0.767,0.666,0.383,0.918
385,8,0.766,0.634,0.484,0.3,0.534,0.716,0.716,1.0
386,,0.716,0.584,0.434,0.25,0.484,0.666,0.666,0.95
387,,0.666,0.534,0.384,0.2,0.434,0.616,0.616,0.9
388,,0.616,0.484,0.334,0.15,0.384,0.566,0.566,0.85
389,,0.566,0.434,0.284,0.1,0.334,0.516,0.516,0.8
390,,0.516,0.384,0.234,0.05,0.284,0.466,0.466,0.75
391,,0.466,0.334,0.184,0.0,0.234,0.416,0.416,0.7
392,,0.416,0.284,0.134,-0.05,0.184,0.366,0.366,0.65
393,4,0.183,0.334,0.467,0.95,0.517,0.416,0.133,0.3
394,4,-0.05,0.384,0.8,1.0,0.85,0.466,-0.1,-0.05
395,7,0.0,0.151,0.45,0.767,0.9,0.799,0.9,0.283
396,7,0.05,-0.082,0.1,0.534,0.95,1.0,1.0,0.616
397,2,0.383,0.918,0.433,0.584,0.717,0.65,0.767,0.666
398,2,0.716,1.0,0.766,0.634,0.484,0.3,0.534,0.716
399,,0.666,0.95,0.716,0.584,0.434,0.25,0.484,0.666
400,,0.616,0.9,0.666,0.534,0.384,0.2,0.434,0.616
401,,0.566,0.85,0.616,0.484,0.334,0.15,0.384,0.566
402,,0.516,0.8,0.566,0.434,0.284,0.1,0.334,0.516
403,,0.466,0.75,0.516,0.384,0.234,0.05,0.284,0.466
404,,0.416,0.7,0.466,0.334,0.184,0.0,0.234,0.416
405,,0.366,0.65,0.416,0.284,0.134,-0.05,0.184,0.366
406,6,0.133,0.3,0.183,0.334,0.467,0.95,0.517,0.416
407,6,-0.1,-0.05,-0.05,0.384,0.8,1.0,0.85,0.466
408,1,0.9,0.283,0.0,0.151,0.45,0.767,0.9,0.799
409,1,1.0,0.616,0.05,-0.082,0.1,0.534,0.95,1.0
410,4,0.767,0.666,0.383,0.918,0.433,0.584,0.717,0.65
411,4,0.534,0.716,0.716,1.0,0.766,0.634,0.484,0.3
412,,0.484,0.666,0.666,0.95,0.716,0.584,0.434,0.25
413,,0.434,0.616,0.616,0.9,0.666,0.534,0.384,0.2
414,,0.384,0.566,0.566,0.85,0.616,0.484,0.334,0.15
415,,0.334,0.516,0.516,0.8,0.566,0.434,0.284,0.1
416,,0.284,0.466,0.466,0.75,0.516,0.384,0.234,0.05
417,,0.234,0.416,0.416,0.7,0.466,0.334,0.184,0.0
418,,0.184,0.366,0.366,0.65,0.416,0.284,0.134,-0.05
419,8,0.517,0.416,0.133,0.3,0.183,0.334,0.467,0.95
420,8,0.85,0.466,-0.1,-0.05,-0.05,0.384,0.8,1.0
421,3,0.9,0.799,0.9,0.283,0.0,0.151,0.45,0.767
422,3,0.95,1.0,1.0,0.616,0.05,-0.082,0.1,0.534
423,6,0.717,0.65,0.767,0.666,0.383,0.918,0.433,0.584
424,6,0.484,0.3,0.534,0.716,0.716,1.0,0.766,0.634
425,,0.434,0.25,0.484,0.666,0.666,0.95,0.716,0.584
426,,0.384,0.2,0.434,0.616,0.616,0.9,0.666,0.534
427,,0.334,0.15,0.384,0.566,0.566,0.85,0.616,0.484
428,,0.284,0.1,0.334,0.516,0.516,0.8,0.566,0.434
429,,0.234,0.05,0.284,0.466,0.466,0.75,0.516,0.384
430,,0.184,0.0,0.234,0.416,0.416,0.7,0.466,0.334
431,,0.134,-0.05,0.184,0.366,0.366,0.65,0.416,0.284
432,2,0.467,0.95,0.517,0.416,0.133,0.3,0.183,0.334
433,2,0.8,1.0,0.85,0.466,-0.1,-0.05,-0.05,0.384
434,5,0.45,0.767,0.9,0.799,0.9,0.283,0.0,0.151
435,5,0.1,0.534,0.95,1.0,1.0,0.616,0.05,-0.082
436,8,0.433,0.584,0.717,0.65,0.767,0.666,0.383,0.918
437,8,0.766,0.634,0.484,0.3,0.534,0.716,0.716,1.0
438,,0.716,0.584,0.434,0.25,0.484,0.666,0.666,0.95
439,,0.666,0.534,0.384,0.2,0.434,0.616,0.616,0.9
440,,0.616,0.484,0.334,0.15,0.384,0.566,0.566,0.85
441,,0.566,0.434,0.284,0.1,0.334,0.516,0.516,0.8
442,,0.516,0.384,0.234,0.05,0.284,0.466,0.466,0.75
443,,0.466,0.334,0.184,0.0,0.234,0.416,0.416,0.7
444,,0.416,0.284,0.134,-0.05,0.184,0.366,0.366,0.65
445,4,0.183,0.334,0.467,0.95,0.517,0.416,0.133,0.3
446,4,-0.05,0.384,0.8,1.0,0.85,0.466,-0.1,-0.05
447,7,0.0,0.151,0.45,0.767,0.9,0.799,0.9,0.283
448,7,0.05,-0.082,0.1,0.534,0.95,1.0,1.0,0.616
449,2,0.383,0.918,0.433,0.584,0.717,0.65,0.767,0.666
450,2,0.716,1.0,0.766,0.634,0.484,0.3,0.534,0.716
451,,0.666,0.95,0.716,0.584,0.434,0.25,0.484,0.666
452,,0.616,0.9,0.666,0.534,0.384,0.2,0.434,0.616
453,,0.566,0.85,0.616,0.484,0.334,0.15,0.384,0.566
454,,0.516,0.8,0.566,0.434,0.284,0.1,0.334,0.516
455,,0.466,0.75,0.516,0.384,0.234,0.05,0.284,0.466
456,,0.416,0.7,0.466,0.334,0.184,0.0,0.234,0.416
457,,0.366,0.65,0.416,0.284,0.134,-0.05,0.184,0.366
458,6,0.133,0.3,0.183,0.334,0.467,0.95,0.517,0.416
459,6,-0.1,-0.05,-0.05,0.384,0.8,1.0,0.85,0.466
460,1,0.9,0.283,0.0,0.151,0.45,0.767,0.9,0.799
461,1,1.0,0.616,0.05,-0.082,0.1,0.534,0.95,1.0
462,4,0.767,0.666,0.383,0.918,0.433,0.584,0.717,0.65
463,4,0.534,0.716,0.716,1.0,0.766,0.634,0.484,0.3
464,,0.484,0.666,0.666,0.95,0.716,0.584,0.434,0.25
465,,0.434,0.616,0.616,0.9,0.666,0.534,0.384,0.2
466,,0.384,0.566,0.566,0.85,0.616,0.484,0.334,0.15
467,,0.334,0.516,0.516,0.8,0.566,0.434,0.284,0.1
468,,0.284,0.466,0.466,0.75,0.516,0.384,0.234,0.05
469,,0.234,0.416,0.416,0.7,0.466,0.334,0.184,0.0
470,,0.184,0.366,0.366,0.65,0.416,0.284,0.134,-0.05
471,8,0.517,0.416,0.133,0.3,0.183,0.334,0.467,0.95
472,8,0.85,0.466,-0.1,-0.05,-0.05,0.384,0.8,1.0
473,3,0.9,0.799,0.9,0.283,0.0,0.151,0.45,0.767
474,3,0.95,1.0,1.0,0.616,0.05,-0.082,0.1,0.534
475,6,0.717,0.65,0.767,0.666,0.383,0.918,0.433,0.584
476,6,0.484,0.3,0.534,0.716,0.716,1.0,0.766,0.634
477,,0.434,0.25,0.484,0.666,0.666,0.95,0.716,0.584
478,,0.384,0.2,0.434,0.616,0.616,0.9,0.666,0.534
479,,0.334,0.15,0.384,0.566,0.566,0.85,0.616,0.484
480,,0.284,0.1,0.334,0.516,0.516,0.8,0.566,0.434
481,,0.234,0.05,0.284,0.466,0.466,0.75,0.516,0.384
482,,0.184,0.0,0.234,0.416,0.416,0.7,0.466,0.334
483,,0.134,-0.05,0.184,0.366,0.366,0.65,0.416,0.284
484,2,0.467,0.95,0.517,0.416,0.133,0.3,0.183,0.334
485,2,0.8,1.0,0.85,0.466,-0.1,-0.05,-0.05,0.384
486,5,0.45,0.767,0.9,0.799,0.9,0.283,0.0,0.151
487,5,0.1,0.534,0.95,1.0,1.0,0.616,0.05,-0.082
488,8,0.433,0.584,0.717,0.65,0.767,0.666,0.383,0.918
489,8,0.766,0.634,0.484,0.3,0.534,0.716,0.716,1.0
490,,0.716,0.584,0.434,0.25,0.484,0.666,0.666,0.95
491,,0.666,0.534,0.384,0.2,0.434,0.616,0.616,0.9
492,,0.616,0.484,0.334,0.15,0.384,0.566,0.566,0.85
493,,0.566,0.434,0.284,0.1,0.334,0.516,0.516,0.8
494,,0.516,0.384,0.234,0.05,0.284,0.466,0.466,0.75
495,,0.466,0.334,0.184,0.0,0.234,0.416,0.416,0.7
496,,0.416,0.284,0.134,-0.05,0.184,0.366,0.366,0.65
497,4,0.183,0.334,0.467,0.95,0.517,0.416,0.133,0.3
498,4,-0.05,0.384,0.8,1.0,0.85,0.466,-0.1,-0.05
499,7,0.0,0.151,0.45,0.767,0.9,0.799,0.9,0.283
500,7,0.05,-0.082,0.1,0.534,0.95,1.0,1.0,0.616
501,2,0.383,0.918,0.433,0.584,0.717,0.65,0.767,0.666
502,2,0.716,1.0,0.766,0.634,0.484,0.3,0.534,0.716
503,,0.666,0.95,0.716,0.584,0.434,0.25,0.484,0.666
504,,0.616,0.9,0.666,0.534,0.384,0.2,0.434,0.616
505,,0.566,0.85,0.616,0.484,0.334,0.15,0.384,0.566
506,,0.516,0.8,0.566,0.434,0.284,0.1,0.334,0.516
507,,0.466,0.75,0.516,0.384,0.234,0.05,0.284,0.466
508,,0.416,0.7,0.466,0.334,0.184,0.0,0.234,0.416
509,,0.366,0.65,0.416,0.284,0.134,-0.05,0.184,0.366
510,6,0.133,0.3,0.183,0.334,0.467,0.95,0.517,0.416
511,6,-0.1,-0.05,-0.05,0.384,0.8,1.0,0.85,0.466
512,1,0.9,0.283,0.0,0.151,0.45,0.767,0.9,0.799
513,1,1.0,0.616,0.05,-0.082,0.1,0.534,0.95,1.0
514,4,0.767,0.666,0.383,0.918,0.433,0.584,0.717,0.65
515,4,0.534,0.716,0.716,1.0,0.766,0.634,0.484,0.3
516,,0.484,0.666,0.666,0.95,0.716,0.584,0.434,0.25
517,,0.434,0.616,0.616,0.9,0.666,0.534,0.384,0.2
518,,0.384,0.566,0.566,0.85,0.616,0.484,0.334,0.15
519,,0.334,0.516,0.516,0.8,0.566,0.434,0.284,0.1
520,,0.284,0.466,0.466,0.75,0.516,0.384,0.234,0.05
521,,0.234,0.416,0.416,0.7,0.466,0.334,0.184,0.0
522,,0.184,0.366,0.366,0.65,0.416,0.284,0.134,-0.05
523,8,0.517,0.416,0.133,0.3,0.183,0.334,0.467,0.95
524,8,0.85,0.466,-0.1,-0.05,-0.05,0.384,0.8,1.0
525,3,0.9,0.799,0.9,0.283,0.0,0.151,0.45,0.767
526,3,0.95,1.0,1.0,0.616,0.05,-0.082,0.1,0.534
527,6,0.717,0.65,0.767,0.666,0.383,0.918,0.433,0.584
528,6,0.484,0.3,0.534,0.716,0.716,1.0,0.766,0.634
529,,0.434,0.25,0.484,0.666,0.666,0.95,0.716,0.584
530,,0.384,0.2,0.434,0.616,0.616,0.9,0.666,0.534
531,,0.334,0.15,0.384,0.566,0.566,0.85,0.616,0.484
532,,0.284,0.1,0.334,0.516,0.516,0.8,0.566,0.434
533,,0.234,0.05,0.284,0.466,0.466,0.75,0.516,0.384
534,,0.184,0.0,0.234,0.416,0.416,0.7,0.466,0.334
535,,0.134,-0.05,0.184,0.366,0.366,0.65,0.416,0.284
536,2,0.467,0.95,0.517,0.416,0.133,0.3,0.183,0.334
537,2,0.8,1.0,0.85,0.466,-0.1,-0.05,-0.05,0.384
538,5,0.45,0.767,0.9,0.799,0.9,0.283,0.0,0.151
539,5,0.1,0.534,0.95,1.0,1.0,0.616,0.05,-0.082
540,8,0.433,0.584,0.717,0.65,0.767,0.666,0.383,0.918
541,8,0.766,0.634,0.484,0.3,0.534,0.716,0.716,1.0
542,,0.716,0.584,0.434,0.25,0.484,0.666,0.666,0.95
543,,0.666,0.534,0.384,0.2,0.434,0.616,0.616,0.9
544,,0.616,0.484,0.334,0.15,0.384,0.566,0.566,0.85
545,,0.566,0.434,0.284,0.1,0.334,0.516,0.516,0.8
546,,0.516,0.384,0.234,0.05,0.284,0.466,0.466,0.75
547,,0.466,0.334,0.184,0.0,0.234,0.416,0.416,0.7
548,,0.416,0.284,0.134,-0.05,0.184,0.366,0.366,0.65
549,4,0.183,0.334,0.467,0.95,0.517,0.416,0.133,0.3
550,4,-0.05,0.384,0.8,1.0,0.85,0.466,-0.1,-0.05
551,7,0.0,0.151,0.45,0.767,0.9,0.799,0.9,0.283
552,7,0.05,-0.082,0.1,0.534,0.95,1.0,1.0,0.616
553,2,0.383,0.918,0.433,0.584,0.717,0.65,0.767,0.666
554,2,0.716,1.0,0.766,0.634,0.484,0.3,0.534,0.716
555,,0.666,0.95,0.716,0.584,0.434,0.25,0.484,0.666
556,,0.616,0.9,0.666,0.534,0.384,0.2,0.434,0.616
557,,0.566,0.85,0.616,0.484,0.334,0.15,0.384,0.566
558,,0.516,0.8,0.566,0.434,0.284,0.1,0.334,0.516
559,,0.466,0.75,0.516,0.384,0.234,0.05,0.284,0.466
560,,0.416,0.7,0.466,0.334,0.184,0.0,0.234,0.416
561,,0.366,0.65,0.416,0.284,0.134,-0.05,0.184,0.366
562,6,0.133,0.3,0.183,0.334,0.467,0.95,0.517,0.416
563,6,-0.1,-0.05,-0.05,0.384,0.8,1.0,0.85,0.466
564,1,0.9,0.283,0.0,0.151,0.45,0.767,0.9,0.799
565,1,1.0,0.616,0.05,-0.082,0.1,0.534,0.95,1.0
566,4,0.767,0.666,0.383,0.918,0.433,0.584,0.717,0.65
567,4,0.534,0.716,0.716,1.0,0.766,0.634,0.484,0.3
568,,0.484,0.666,0.666,0.95,0.716,0.584,0.434,0.25
569,,0.434,0.616,0.616,0.9,0.666,0.534,0.384,0.2
570,,0.384,0.566,0.566,0.85,0.616,0.484,0.334,0.15
571,,0.334,0.516,0.516,0.8,0.566,0.434,0.284,0.1
572,,0.284,0.466,0.466,0.75,0.516,0.384,0.234,0.05
573,,0.234,0.416,0.416,0.7,0.466,0.334,0.184,0.0
574,,0.184,0.366,0.366,0.65,0.416,0.284,0.134,-0.05
575,8,0.517,0.416,0.133,0.3,0.183,0.334,0.467,0.95
576,8,0.85,0.466,-0.1,-0.05,-0.05,0.384,0.8,1.0
577,3,0.9,0.799,0.9,0.283,0.0,0.151,0.45,0.767
578,3,0.95,1.0,1.0,0.616,0.05,-0.082,0.1,0.534
579,6,0.717,0.65,0.767,0.666,0.383,0.918,0.433,0.584
580,6,0.484,0.3,0.534,0.716,0.716,1.0,0.766,0.634
581,,0.434,0.25,0.484,0.666,0.666,0.95,0.716,0.584
582,,0.384,0.2,0.434,0.616,0.616,0.9,0.666,0.534
583,,0.334,0.15,0.384,0.566,0.566,0.85,0.616,0.484
584,,0.284,0.1,0.334,0.516,0.516,0.8,0.566,0.434
585,,0.234,0.05,0.284,0.466,0.466,0.75,0.516,0.384
586,,0.184,0.0,0.234,0.416,0.416,0.7,0.466,0.334
587,,0.134,-0.05,0.184,0.366,0.366,0.65,0.416,0.284
588,2,0.467,0.95,0.517,0.416,0.133,0.3,0.183,0.334
589,2,0.8,1.0,0.85,0.466,-0.1,-0.05,-0.05,0.384
590,5,0.45,0.767,0.9,0.799,0.9,0.283,0.0,0.151
591,5,0.1,0.534,0.95,1.0,1.0,0.616,0.05,-0.082
592,8,0.433,0.584,0.717,0.65,0.767,0.666,0.383,0.918
593,8,0.766,0.634,0.484,0.3,0.534,0.716,0.716,1.0
594,,0.716,0.584,0.434,0.25,0.484,0.666,0.666,0.95
595,,0.666,0.534,0.384,0.2,0.434,0.616,0.616,0.9
596,,0.616,0.484,0.334,0.15,0.384,0.566,0.566,0.85
597,,0.566,0.434,0.284,0.1,0.334,0.516,0.516,0.8
598,,0.516,0.384,0.234,0.05,0.284,0.466,0.466,0.75
599,,0.466,0.334,0.184,0.0,0.234,0.416,0.416,0.7
600,,0.416,0.284,0.134,-0.05,0.184,0.366,0.366,0.65
601,4,0.183,0.334,0.467,0.95,0.517,0.416,0.133,0.3
602,4,-0.05,0.384,0.8,1.0,0.85,0.466,-0.1,-0.05
603,7,0.0,0.151,0.45,0.767,0.9,0.799,0.9,0.283
604,7,0.05,-0.082,0.1,0.534,0.95,1.0,1.0,0.616
605,2,0.383,0.918,0.433,0.584,0.717,0.65,0.767,0.666
606,2,0.716,1.0,0.766,0.634,0.484,0.3,0.534,0.716
607,,0.666,0.95,0.716,0.584,0.434,0.25,0.484,0.666
608,,0.616,0.9,0.666,0.534,0.384,0.2,0.434,0.616
609,,0.566,0.85,0.616,0.484,0.334,0.15,0.384,0.566
610,,0.516,0.8,0.566,0.434,0.284,0.1,0.334,0.516
611,,0.466,0.75,0.516,0.384,0.234,0.05,0.284,0.466
612,,0.416,0.7,0.466,0.334,0.184,0.0,0.234,0.416
613,,0.366,0.65,0.416,0.284,0.134,-0.05,0.184,0.366
614,6,0.133,0.3,0.183,0.334,0.467,0.95,0.517,0.416
615,6,-0.1,-0.05,-0.05,0.384,0.8,1.0,0.85,0.466
616,1,0.9,0.283,0.0,0.151,0.45,0.767,0.9,0.799
617,1,1.0,0.616,0.05,-0.082,0.1,0.534,0.95,1.0
618,4,0.767,0.666,0.383,0.918,0.433,0.584,0.717,0.65
619,4,0.534,0.716,0.716,1.0,0.766,0.634,0.484,0.3
620,,0.484,0.666,0.666,0.95,0.716,0.584,0.434,0.25
621,,0.434,0.616,0.616,0.9,0.666,0.534,0.384,0.2
622,,0.384,0.566,0.566,0.85,0.616,0.484,0.334,0.15
623,,0.334,0.516,0.516,0.8,0.566,0.434,0.284,0.1
624,,0.284,0.466,0.466,0.75,0.516,0.384,0.234,0.05
625,,0.234,0.416,0.416,0.7,0.466,0.334,0.184,0.0
626,,0.184,0.366,0.366,0.65,0.416,0.284,0.134,-0.05
627,8,0.517,0.416,0.133,0.3,0.183,0.334,0.467,0.95
628,8,0.85,0.466,-0.1,-0.05,-0.05,0.384,0.8,1.0
629,3,0.9,0.799,0.9,0.283,0.0,0.151,0.45,0.767
630,3,0.95,1.0,1.0,0.616,0.05,-0.082,0.1,0.534
631,6,0.717,0.65,0.767,0.666,0.383,0.918,0.433,0.584
632,6,0.484,0.3,0.534,0.716,0.716,1.0,0.766,0.634
633,,0.434,0.25,0.484,0.666,0.666,0.95,0.716,0.584
634,,0.384,0.2,0.434,0.616,0.616,0.9,0.666,0.534
635,,0.334,0.15,0.384,0.566,0.566,0.85,0.616,0.484
636,,0.284,0.1,0.334,0.516,0.516,0.8,0.566,0.434
637,,0.234,0.05,0.284,0.466,0.466,0.75,0.516,0.384
638,,0.184,0.0,0.234,0.416,0.416,0.7,0.466,0.334
639,,0.134,-0.05,0.184,0.366,0.366,0.65,0.416,0.284
640,2,0.467,0.95,0.517,0.416,0.133,0.3,0.183,0.334
641,2,0.8,1.0,0.85,0.466,-0.1,-0.05,-0.05,0.384
642,5,0.45,0.767,0.9,0.799,0.9,0.283,0.0,0.151
643,5,0.1,0.534,0.95,1.0,1.0,0.616,0.05,-0.082
644,8,0.433,0.584,0.717,0.65,0.767,0.666,0.383,0.918
645,8,0.766,0.634,0.484,0.3,0.534,0.716,0.716,1.0
646,,0.716,0.584,0.434,0.25,0.484,0.666,0.666,0.95
647,,0.666,0.534,0.384,0.2,0.434,0.616,0.616,0.9
648,,0.616,0.484,0.334,0.15,0.384,0.566,0.566,0.85
649,,0.566,0.434,0.284,0.1,0.334,0.516,0.516,0.8
650,,0.516,0.384,0.234,0.05,0.284,0.466,0.466,0.75
651,,0.466,0.334,0.184,0.0,0.234,0.416,0.416,0.7
652,,0.416,0.284,0.134,-0.05,0.184,0.366,0.366,0.65
653,4,0.183,0.334,0.467,0.95,0.517,0.416,0.133,0.3
654,4,-0.05,0.384,0.8,1.0,0.85,0.466,-0.1,-0.05
655,7,0.0,0.151,0.45,0.767,0.9,0.799,0.9,0.283
656,7,0.05,-0.082,0.1,0.534,0.95,1.0,1.0,0.616
657,2,0.383,0.918,0.433,0.584,0.717,0.65,0.767,0.666
658,2,0.716,1.0,0.766,0.634,0.484,0.3,0.534,0.716
659,,0.666,0.95,0.716,0.584,0.434,0.25,0.484,0.666
660,,0.616,0.9,0.666,0.534,0.384,0.2,0.434,0.616
661,,0.566,0.85,0.616,0.484,0.334,0.15,0.384,0.566
662,,0.516,0.8,0.566,0.434,0.284,0.1,0.334,0.516
663,,0.466,0.75,0.516,0.384,0.234,0.05,0.284,0.466
664,,0.416,0.7,0.466,0.334,0.184,0.0,0.234,0.416
665,,0.366,0.65,0.416,0.284,0.134,-0.05,0.184,0.366
666,6,0.133,0.3,0.183,0.334,0.467,0.95,0.517,0.416
667,6,-0.1,-0.05,-0.05,0.384,0.8,1.0,0.85,0.466
668,1,0.9,0.283,0.0,0.151,0.45,0.767,0.9,0.799
669,1,1.0,0.616,0.05,-0.082,0.1,0.534,0.95,1.0
670,4,0.767,0.666,0.383,0.918,0.433,0.584,0.717,0.65
671,4,0.534,0.716,0.716,1.0,0.766,0.634,0.484,0.3
672,,0.484,0.666,0.666,0.95,0.716,0.584,0.434,0.25
673,,0.434,0.616,0.616,0.9,0.666,0.534,0.384,0.2
674,,0.384,0.566,0.566,0.85,0.616,0.484,0.334,0.15
675,,0.334,0.516,0.516,0.8,0.566,0.434,0.284,0.1
676,,0.284,0.466,0.466,0.75,0.516,0.384,0.234,0.05
677,,0.234,0.416,0.416,0.7,0.466,0.334,0.184,0.0
678,,0.184,0.366,0.366,0.65,0.416,0.284,0.134,-0.05
679,8,0.517,0.416,0.133,0.3,0.183,0.334,0.467,0.95
680,8,0.85,0.466,-0.1,-0.05,-0.05,0.384,0.8,1.0
681,3,0.9,0.799,0.9,0.283,0.0,0.151,0.45,0.767
682,3,0.95,1.0,1.0,0.616,0.05,-0.082,0.1,0.534
683,6,0.717,0.65,0.767,0.666,0.383,0.918,0.433,0.584
684,6,0.484,0.3,0.534,0.716,0.716,1.0,0.766,0.634
685,,0.434,0.25,0.484,0.666,0.666,0.95,0.716,0.584
686,,0.384,0.2,0.434,0.616,0.616,0.9,0.666,0.534
687,,0.334,0.15,0.384,0.566,0.566,0.85,0.616,0.484
688,,0.284,0.1,0.334,0.516,0.516,0.8,0.566,0.434
689,,0.234,0.05,0.284,0.466,0.466,0.75,0.516,0.384
690,,0.184,0.0,0.234,0.416,0.416,0.7,0.466,0.334
691,,0.134,-0.05,0.184,0.366,0.366,0.65,0.416,0.284
692,2,0.467,0.95,0.517,0.416,0.133,0.3,0.183,0.334
693,2,0.8,1.0,0.85,0.466,-0.1,-0.05,-0.05,0.384
694,5,0.45,0.767,0.9,0.799,0.9,0.283,0.0,0.151
695,5,0.1,0.534,0.95,1.0,1.0,0.616,0.05,-0.082
696,8,0.433,0.584,0.717,0.65,0.767,0.666,0.383,0.918
697,8,0.766,0.634,0.484,0.3,0.534,0.716,0.716,1.0
698,,0.716,0.584,0.434,0.25,0.484,0.666,0.666,0.95
699,,0.666,0.534,0.384,0.2,0.434,0.616,0.616,0.9
700,,0.616,0.484,0.334,0.15,0.384,0.566,0.566,0.85
701,,0.566,0.434,0.284,0.1,0.334,0.516,0.516,0.8
702,,0.516,0.384,0.234,0.05,0.284,0.466,0.466,0.75
703,,0.466,0.334,0.184,0.0,0.234,0.416,0.416,0.7
704,,0.416,0.284,0.134,-0.05,0.184,0.366,0.366,0.65
705,4,0.183,0.334,0.467,0.95,0.517,0.416,0.133,0.3
706,4,-0.05,0.384,0.8,1.0,0.85,0.466,-0.1,-0.05
707,7,0.0,0.151,0.45,0.767,0.9,0.799,0.9,0.283
708,7,0.05,-0.082,0.1,0.534,0.95,1.0,1.0,0.616
709,2,0.383,0.918,0.433,0.584,0.717,0.65,0.767,0.666
710,2,0.716,1.0,0.766,0.634,0.484,0.3,0.534,0.716
711,,0.666,0.95,0.716,0.584,0.434,0.25,0.484,0.666
712,,0.616,0.9,0.666,0.534,0.384,0.2,0.434,0.616
713,,0.566,0.85,0.616,0.484,0.334,0.15,0.384,0.566
714,,0.516,0.8,0.566,0.434,0.284,0.1,0.334,0.516
715,,0.466,0.75,0.516,0.384,0.234,0.05,0.284,0.466
716,,0.416,0.7,0.466,0.334,0.184,0.0,0.234,0.416
717,,0.366,0.65,0.416,0.284,0.134,-0.05,0.184,0.366
718,6,0.133,0.3,0.183,0.334,0.467,0.95,0.517,0.416
719,6,-0.1,-0.05,-0.05,0.384,0.8,1.0,0.85,0.466
720,1,0.9,0.283,0.0,0.151,0.45,0.767,0.9,0.799
721,1,1.0,0.616,0.05,-0.082,0.1,0.534,0.95,1.0
722,4,0.767,0.666,0.383,0.918,0.433,0.584,0.717,0.65
723,4,0.534,0.716,0.716,1.0,0.766,0.634,0.484,0.3
724,,0.484,0.666,0.666,0.95,0.716,0.584,0.434,0.25
725,,0.434,0.616,0.616,0.9,0.666,0.534,0.384,0.2
726,,0.384,0.566,0.566,0.85,0.616,0.484,0.334,0.15
727,,0.334,0.516,0.516,0.8,0.566,0.434,0.284,0.1
728,,0.284,0.466,0.466,0.75,0.516,0.384,0.234,0.05
729,,0.234,0.416,0.416,0.7,0.466,0.334,0.184,0.0
730,,0.184,0.366,0.366,0.65,0.416,0.284,0.134,-0.05
731,8,0.517,0.416,0.133,0.3,0.183,0.334,0.467,0.95
732,8,0.85,0.466,-0.1,-0.05,-0.05,0.384,0.8,1.0
733,3,0.9,0.799,0.9,0.283,0.0,0.151,0.45,0.767
734,3,0.95,1.0,1.0,0.616,0.05,-0.082,0.1,0.534
735,6,0.717,0.65,0.767,0.666,0.383,0.918,0.433,0.584
736,6,0.484,0.3,0.534,0.716,0.716,1.0,0.766,0.634
737,,0.434,0.25,0.484,0.666,0.666,0.95,0.716,0.584
738,,0.384,0.2,0.434,0.616,0.616,0.9,0.666,0.534
739,,0.334,0.15,0.384,0.566,0.566,0.85,0.616,0.484
740,,0.284,0.1,0.334,0.516,0.516,0.8,0.566,0.434
741,,0.234,0.05,0.284,0.466,0.466,0.75,0.516,0.384
742,,0.184,0.0,0.234,0.416,0.416,0.7,0.466,0.334
743,,0.134,-0.05,0.184,0.366,0.366,0.65,0.416,0.284
744,2,0.467,0.95,0.517,0.416,0.133,0.3,0.183,0.334
745,2,0.8,1.0,0.85,0.466,-0.1,-0.05,-0.05,0.384
746,5,0.45,0.767,0.9,0.799,0.9,0.283,0.0,0.151
747,5,0.1,0.534,0.95,1.0,1.0,0.616,0.05,-0.082
748,8,0.433,0.584,0.717,0.65,0.767,0.666,0.383,0.918
749,8,0.766,0.634,0.484,0.3,0.534,0.716,0.716,1.0
750,,0.716,0.584,0.434,0.25,0.484,0.666,0.666,0.95
751,,0.666,0.534,0.384,0.2,0.434,0.616,0.616,0.9
752,,0.616,0.484,0.334,0.15,0.384,0.566,0.566,0.85
753,,0.566,0.434,0.284,0.1,0.334,0.516,0.516,0.8
754,,0.516,0.384,0.234,0.05,0.284,0.466,0.466,0.75
755,,0.466,0.334,0.184,0.0,0.234,0.416,0.416,0.7
756,,0.416,0.284,0.134,-0.05,0.184,0.366,0.366,0.65
757,4,0.183,0.334,0.467,0.95,0.517,0.416,0.133,0.3
758,4,-0.05,0.384,0.8,1.0,0.85,0.466,-0.1,-0.05
759,7,0.0,0.151,0.45,0.767,0.9,0.799,0.9,0.283
760,7,0.05,-0.082,0.1,0.534,0.95,1.0,1.0,0.616
761,2,0.383,0.918,0.433,0.584,0.717,0.65,0.767,0.666
762,2,0.716,1.0,0.766,0.634,0.484,0.3,0.534,0.716
763,,0.666,0.95,0.716,0.584,0.434,0.25,0.484,0.666
764,,0.616,0.9,0.666,0.534,0.384,0.2,0.434,0.616
765,,0.566,0.85,0.616,0.484,0.334,0.15,0.384,0.566
766,,0.516,0.8,0.566,0.434,0.284,0.1,0.334,0.516
767,,0.466,0.75,0.516,0.384,0.234,0.05,0.284,0.466
768,,0.416,0.7,0.466,0.334,0.184,0.0,0.234,0.416
769,,0.366,0.65,0.416,0.284,0.134,-0.05,0.184,0.366
770,6,0.133,0.3,0.183,0.334,0.467,0.95,0.517,0.416
771,6,-0.1,-0.05,-0.05,0.384,0.8,1.0,0.85,0.466
772,1,0.9,0.283,0.0,0.151,0.45,0.767,0.9,0.799
773,1,1.0,0.616,0.05,-0.082,0.1,0.534,0.95,1.0
774,4,0.767,0.666,0.383,0.918,0.433,0.584,0.717,0.65
775,4,0.534,0.716,0.716,1.0,0.766,0.634,0.484,0.3
776,,0.484,0.666,0.666,0.95,0.716,0.584,0.434,0.25
777,,0.434,0.616,0.616,0.9,0.666,0.534,0.384,0.2
778,,0.384,0.566,0.566,0.85,0.616,0.484,0.334,0.15
779,,0.334,0.516,0.516,0.8,0.566,0.434,0.284,0.1
780,,0.284,0.466,0.466,0.75,0.516,0.384,0.234,0.05
781,,0.234,0.416,0.416,0.7,0.466,0.334,0.184,0.0
782,,0.184,0.366,0.366,0.65,0.416,0.284,0.134,-0.05
783,8,0.517,0.416,0.133,0.3,0.183,0.334,0.467,0.95
784,8,0.85,0.466,-0.1,-0.05,-0.05,0.384,0.8,1.0
785,3,0.9,0.799,0.9,0.283,0.0,0.151,0.45,0.767
786,3,0.95,1.0,1.0,0.616,0.05,-0.082,0.1,0.534
787,6,0.717,0.65,0.767,0.666,0.383,0.918,0.433,0.584
788,6,0.484,0.3,0.534,0.716,0.716,1.0,0.766,0.634
789,,0.434,0.25,0.484,0.666,0.666,0.95,0.716,0.584
790,,0.384,0.2,0.434,0.616,0.616,0.9,0.666,0.534
791,,0.334,0.15,0.384,0.566,0.566,0.85,0.616,0.484
792,,0.284,0.1,0.334,0.516,0.516,0.8,0.566,0.434
793,,0.234,0.05,0.284,0.466,0.466,0.75,0.516,0.384
794,,0.184,0.0,0.234,0.416,0.416,0.7,0.466,0.334
795,,0.134,-0.05,0.184,0.366,0.366,0.65,0.416,0.284
796,2,0.467,0.95,0.517,0.416,0.133,0.3,0.183,0.334
797,2,0.8,1.0,0.85,0.466,-0.1,-0.05,-0.05,0.384
798,5,0.45,0.767,0.9,0.799,0.9,0.283,0.0,0.151
799,5,0.1,0.534,0.95,1.0,1.0,0.616,0.05,-0.082
800,8,0.433,0.584,0.717,0.65,0.767,0.666,0.383,0.918
