step,active_motive,motive_1,motive_2,motive_3,motive_4,motive_5,motive_6,motive_7,motive_8
0,,0.36411,0.18389,0.31615,0.31676,0.26789,0.04514,0.41765,0.16039
1,,0.31411,0.13389,0.26615,0.26676,0.21789,-0.00486,0.36765,0.11039
2,6,0.08111,-0.21611,0.03315,0.31676,0.55089,0.99514,0.70065,0.16039
3,6,-0.15189,-0.56611,-0.19985,0.36676,0.88389,1.0,1.0,0.21039
4,2,0.18111,0.43389,0.13315,0.41676,0.65089,0.65,0.767,0.26039
5,2,0.51411,1.0,0.46615,0.46676,0.41789,0.3,0.534,0.31039
6,,0.46411,0.95,0.41615,0.41676,0.36789,0.25,0.484,0.26039
7,,0.41411,0.9,0.36615,0.36676,0.31789,0.2,0.434,0.21039
8,,0.36411,0.85,0.31615,0.31676,0.26789,0.15,0.384,0.16039
9,,0.31411,0.8,0.26615,0.26676,0.21789,0.1,0.334,0.11039
10,,0.26411,0.75,0.21615,0.21676,0.16789,0.05,0.284,0.06039
11,,0.21411,0.7,0.16615,0.16676,0.11789,0.0,0.234,0.01039
12,,0.16411,0.65,0.11615,0.11676,0.06789,-0.05,0.184,-0.03961
13,6,-0.06889,0.3,-0.11685,0.16676,0.40089,0.95,0.517,0.01039
14,6,-0.30189,-0.05,-0.34985,0.21676,0.73389,1.0,0.85,0.06039
15,3,-0.25189,0.283,0.65015,0.54976,0.78389,0.767,0.5,-0.17261
16,3,-0.20189,0.616,1.0,0.88276,0.83389,0.534,0.15,-0.40561
17,8,0.13111,0.666,0.767,0.53276,0.60089,0.584,0.483,0.59439
18,8,0.46411,0.716,0.534,0.18276,0.36789,0.634,0.816,1.0
19,,0.41411,0.666,0.484,0.13276,0.31789,0.584,0.766,0.95
20,,0.36411,0.616,0.434,0.08276,0.26789,0.534,0.716,0.9
21,,0.31411,0.566,0.384,0.03276,0.21789,0.484,0.666,0.85
22,,0.26411,0.516,0.334,-0.01724,0.16789,0.434,0.616,0.8
23,4,0.03111,0.566,0.667,0.98276,0.50089,0.484,0.383,0.45
24,4,-0.20189,0.616,1.0,1.0,0.83389,0.534,0.15,0.1
25,1,0.79811,0.949,1.0,0.767,0.48389,0.301,0.2,0.433
26,1,1.0,1.0,1.0,0.534,0.13389,0.068,0.25,0.766
27,,0.95,0.95,0.95,0.484,0.08389,0.018,0.2,0.716
28,,0.9,0.9,0.9,0.434,0.03389,-0.032,0.15,0.666
29,6,0.667,0.55,0.667,0.484,0.36689,0.968,0.483,0.716
30,6,0.434,0.2,0.434,0.534,0.69989,1.0,0.816,0.766
31,,0.384,0.15,0.384,0.484,0.64989,0.95,0.766,0.716
32,,0.334,0.1,0.334,0.434,0.59989,0.9,0.716,0.666
33,,0.284,0.05,0.284,0.384,0.54989,0.85,0.666,0.616
34,,0.234,0.0,0.234,0.334,0.49989,0.8,0.616,0.566
35,,0.184,-0.05,0.184,0.284,0.44989,0.75,0.566,0.516
36,2,0.517,0.95,0.517,0.334,0.21689,0.4,0.333,0.566
37,2,0.85,1.0,0.85,0.384,-0.01611,0.05,0.1,0.616
38,5,0.5,0.767,0.9,0.717,0.98389,0.383,0.15,0.383
39,5,0.15,0.534,0.95,1.0,1.0,0.716,0.2,0.15
40,,0.1,0.484,0.9,0.95,0.95,0.666,0.15,0.1
41,,0.05,0.434,0.85,0.9,0.9,0.616,0.1,0.05
42,,0.0,0.384,0.8,0.85,0.85,0.566,0.05,0.0
43,,-0.05,0.334,0.75,0.8,0.8,0.516,0.0,-0.05
44,8,0.283,0.384,0.517,0.45,0.567,0.566,0.333,0.95
45,8,0.616,0.434,0.284,0.1,0.334,0.616,0.666,1.0
46,,0.566,0.384,0.234,0.05,0.284,0.566,0.616,0.95
47,,0.516,0.334,0.184,0.0,0.234,0.516,0.566,0.9
48,,0.466,0.284,0.134,-0.05,0.184,0.466,0.516,0.85
49,4,0.233,0.334,0.467,0.95,0.517,0.516,0.283,0.5
50,4,0.0,0.384,0.8,1.0,0.85,0.566,0.05,0.15
51,,-0.05,0.334,0.75,0.95,0.8,0.516,0.0,0.1
52,1,0.95,0.667,0.8,0.717,0.45,0.283,0.05,0.433
53,1,1.0,1.0,0.85,0.484,0.1,0.05,0.1,0.766
54,,0.95,0.95,0.8,0.434,0.05,0.0,0.05,0.716
55,,0.9,0.9,0.75,0.384,0.0,-0.05,0.0,0.666
56,6,0.667,0.55,0.517,0.434,0.333,0.95,0.333,0.716
57,6,0.434,0.2,0.284,0.484,0.666,1.0,0.666,0.766
58,,0.384,0.15,0.234,0.434,0.616,0.95,0.616,0.716
59,,0.334,0.1,0.184,0.384,0.566,0.9,0.566,0.666
60,,0.284,0.05,0.134,0.334,0.516,0.85,0.516,0.616
61,,0.234,0.0,0.084,0.284,0.466,0.8,0.466,0.566
62,,0.184,-0.05,0.034,0.234,0.416,0.75,0.416,0.516
63,2,0.517,0.95,0.367,0.284,0.183,0.4,0.183,0.566
64,2,0.85,1.0,0.7,0.334,-0.05,0.05,-0.05,0.616
65,7,0.9,0.767,0.35,0.101,0.0,0.383,0.95,0.949
66,7,0.95,0.534,-0.0,-0.132,0.05,0.716,1.0,1.0
67,4,0.717,0.584,0.333,0.868,0.383,0.766,0.767,0.65
68,4,0.484,0.634,0.666,1.0,0.716,0.816,0.534,0.3
69,,0.434,0.584,0.616,0.95,0.666,0.766,0.484,0.25
70,,0.384,0.534,0.566,0.9,0.616,0.716,0.434,0.2
71,,0.334,0.484,0.516,0.85,0.566,0.666,0.384,0.15
72,,0.284,0.434,0.466,0.8,0.516,0.616,0.334,0.1
73,,0.234,0.384,0.416,0.75,0.466,0.566,0.284,0.05
74,,0.184,0.334,0.366,0.7,0.416,0.516,0.234,0.0
75,,0.134,0.284,0.316,0.65,0.366,0.466,0.184,-0.05
76,8,0.467,0.334,0.083,0.3,0.133,0.516,0.517,0.95
77,8,0.8,0.384,-0.15,-0.05,-0.1,0.566,0.85,1.0
78,3,0.85,0.717,0.85,0.283,-0.05,0.333,0.5,0.767
79,3,0.9,1.0,1.0,0.616,0.0,0.1,0.15,0.534
80,,0.85,0.95,0.95,0.566,-0.05,0.05,0.1,0.484
81,5,0.5,0.717,1.0,0.899,0.95,0.383,0.15,0.251
82,5,0.15,0.484,1.0,1.0,1.0,0.716,0.2,0.018
83,,0.1,0.434,0.95,0.95,0.95,0.666,0.15,-0.032
84,8,0.433,0.484,0.717,0.6,0.717,0.716,0.483,0.968
85,8,0.766,0.534,0.484,0.25,0.484,0.766,0.816,1.0
86,,0.716,0.484,0.434,0.2,0.434,0.716,0.766,0.95
87,,0.666,0.434,0.384,0.15,0.384,0.666,0.716,0.9
88,,0.616,0.384,0.334,0.1,0.334,0.616,0.666,0.85
89,,0.566,0.334,0.284,0.05,0.284,0.566,0.616,0.8
90,,0.516,0.284,0.234,0.0,0.234,0.516,0.566,0.75
91,,0.466,0.234,0.184,-0.05,0.184,0.466,0.516,0.7
92,4,0.233,0.284,0.517,0.95,0.517,0.516,0.283,0.35
93,4,0.0,0.334,0.85,1.0,0.85,0.566,0.05,-0.0
94,,-0.05,0.284,0.8,0.95,0.8,0.516,0.0,-0.05
95,1,0.95,0.617,0.85,0.717,0.45,0.283,0.05,0.283
96,1,1.0,0.95,0.9,0.484,0.1,0.05,0.1,0.616
97,,0.95,0.9,0.85,0.434,0.05,0.0,0.05,0.566
98,,0.9,0.85,0.8,0.384,0.0,-0.05,0.0,0.516
99,6,0.667,0.5,0.567,0.434,0.333,0.95,0.333,0.566
100,6,0.434,0.15,0.334,0.484,0.666,1.0,0.666,0.616
101,,0.384,0.1,0.284,0.434,0.616,0.95,0.616,0.566
102,,0.334,0.05,0.234,0.384,0.566,0.9,0.566,0.516
103,,0.284,0.0,0.184,0.334,0.516,0.85,0.516,0.466
104,,0.234,-0.05,0.134,0.284,0.466,0.8,0.466,0.416
105,2,0.567,0.95,0.467,0.334,0.233,0.45,0.233,0.466
106,2,0.9,1.0,0.8,0.384,0.0,0.1,0.0,0.516
107,,0.85,0.95,0.75,0.334,-0.05,0.05,-0.05,0.466
108,5,0.5,0.717,0.8,0.667,0.95,0.383,0.0,0.233
109,5,0.15,0.484,0.85,1.0,1.0,0.716,0.05,0.0
110,,0.1,0.434,0.8,0.95,0.95,0.666,0.0,-0.05
111,8,0.433,0.484,0.567,0.6,0.717,0.716,0.333,0.95
112,8,0.766,0.534,0.334,0.25,0.484,0.766,0.666,1.0
113,,0.716,0.484,0.284,0.2,0.434,0.716,0.616,0.95
114,,0.666,0.434,0.234,0.15,0.384,0.666,0.566,0.9
115,,0.616,0.384,0.184,0.1,0.334,0.616,0.516,0.85
116,,0.566,0.334,0.134,0.05,0.284,0.566,0.466,0.8
117,,0.516,0.284,0.084,0.0,0.234,0.516,0.416,0.75
118,,0.466,0.234,0.034,-0.05,0.184,0.466,0.366,0.7
119,4,0.233,0.284,0.367,0.95,0.517,0.516,0.133,0.35
120,4,0.0,0.334,0.7,1.0,0.85,0.566,-0.1,-0.0
121,7,0.05,0.101,0.35,0.767,0.9,0.899,0.9,0.333
122,7,0.1,-0.132,-0.0,0.534,0.95,1.0,1.0,0.666
123,2,0.433,0.868,0.333,0.584,0.717,0.65,0.767,0.716
124,2,0.766,1.0,0.666,0.634,0.484,0.3,0.534,0.766
125,,0.716,0.95,0.616,0.584,0.434,0.25,0.484,0.716
126,,0.666,0.9,0.566,0.534,0.384,0.2,0.434,0.666
127,,0.616,0.85,0.516,0.484,0.334,0.15,0.384,0.616
128,,0.566,0.8,0.466,0.434,0.284,0.1,0.334,0.566
129,,0.516,0.75,0.416,0.384,0.234,0.05,0.284,0.516
130,,0.466,0.7,0.366,0.334,0.184,0.0,0.234,0.466
131,,0.416,0.65,0.316,0.284,0.134,-0.05,0.184,0.416
132,6,0.183,0.3,0.083,0.334,0.467,0.95,0.517,0.466
133,6,-0.05,-0.05,-0.15,0.384,0.8,1.0,0.85,0.516
134,3,0.0,0.283,0.85,0.717,0.85,0.767,0.5,0.283
135,3,0.05,0.616,1.0,1.0,0.9,0.534,0.15,0.05
136,,0.0,0.566,0.95,0.95,0.85,0.484,0.1,0.0
137,,-0.05,0.516,0.9,0.9,0.8,0.434,0.05,-0.05
138,8,0.283,0.566,0.667,0.55,0.567,0.484,0.383,0.95
139,8,0.616,0.616,0.434,0.2,0.334,0.534,0.716,1.0
140,,0.566,0.566,0.384,0.15,0.284,0.484,0.666,0.95
141,,0.516,0.516,0.334,0.1,0.234,0.434,0.616,0.9
142,,0.466,0.466,0.284,0.05,0.184,0.384,0.566,0.85
143,,0.416,0.416,0.234,0.0,0.134,0.334,0.516,0.8
144,,0.366,0.366,0.184,-0.05,0.084,0.284,0.466,0.75
145,4,0.133,0.416,0.517,0.95,0.417,0.334,0.233,0.4
146,4,-0.1,0.466,0.85,1.0,0.75,0.384,0.0,0.05
147,1,0.9,0.799,0.9,0.767,0.4,0.151,0.05,0.383
148,1,1.0,1.0,0.95,0.534,0.05,-0.082,0.1,0.716
149,6,0.767,0.65,0.717,0.584,0.383,0.918,0.433,0.766
150,6,0.534,0.3,0.484,0.634,0.716,1.0,0.766,0.816
151,,0.484,0.25,0.434,0.584,0.666,0.95,0.716,0.766
152,,0.434,0.2,0.384,0.534,0.616,0.9,0.666,0.716
153,,0.384,0.15,0.334,0.484,0.566,0.85,0.616,0.666
154,,0.334,0.1,0.284,0.434,0.516,0.8,0.566,0.616
155,,0.284,0.05,0.234,0.384,0.466,0.75,0.516,0.566
156,,0.234,0.0,0.184,0.334,0.416,0.7,0.466,0.516
157,,0.184,-0.05,0.134,0.284,0.366,0.65,0.416,0.466
158,2,0.517,0.95,0.467,0.334,0.133,0.3,0.183,0.516
159,2,0.85,1.0,0.8,0.384,-0.1,-0.05,-0.05,0.566
160,5,0.5,0.767,0.85,0.717,0.9,0.283,0.0,0.333
161,5,0.15,0.534,0.9,1.0,1.0,0.616,0.05,0.1
162,,0.1,0.484,0.85,0.95,0.95,0.566,0.0,0.05
163,,0.05,0.434,0.8,0.9,0.9,0.516,-0.05,0.0
164,7,0.1,0.201,0.45,0.667,0.95,0.849,0.95,0.333
165,7,0.15,-0.032,0.1,0.434,1.0,1.0,1.0,0.666
166,2,0.483,0.968,0.433,0.484,0.767,0.65,0.767,0.716
167,2,0.816,1.0,0.766,0.534,0.534,0.3,0.534,0.766
168,,0.766,0.95,0.716,0.484,0.484,0.25,0.484,0.716
169,,0.716,0.9,0.666,0.434,0.434,0.2,0.434,0.666
170,,0.666,0.85,0.616,0.384,0.384,0.15,0.384,0.616
171,,0.616,0.8,0.566,0.334,0.334,0.1,0.334,0.566
172,,0.566,0.75,0.516,0.284,0.284,0.05,0.284,0.516
173,,0.516,0.7,0.466,0.234,0.234,0.0,0.234,0.466
174,,0.466,0.65,0.416,0.184,0.184,-0.05,0.184,0.416
175,6,0.233,0.3,0.183,0.234,0.517,0.95,0.517,0.466
176,6,0.0,-0.05,-0.05,0.284,0.85,1.0,0.85,0.516
177,3,0.05,0.283,0.95,0.617,0.9,0.767,0.5,0.283
178,3,0.1,0.616,1.0,0.95,0.95,0.534,0.15,0.05
179,,0.05,0.566,0.95,0.9,0.9,0.484,0.1,0.0
180,,0.0,0.516,0.9,0.85,0.85,0.434,0.05,-0.05
181,8,0.333,0.566,0.667,0.5,0.617,0.484,0.383,0.95
182,8,0.666,0.616,0.434,0.15,0.384,0.534,0.716,1.0
183,,0.616,0.566,0.384,0.1,0.334,0.484,0.666,0.95
184,,0.566,0.516,0.334,0.05,0.284,0.434,0.616,0.9
185,,0.516,0.466,0.284,0.0,0.234,0.384,0.566,0.85
186,,0.466,0.416,0.234,-0.05,0.184,0.334,0.516,0.8
187,4,0.233,0.466,0.567,0.95,0.517,0.384,0.283,0.45
188,4,0.0,0.516,0.9,1.0,0.85,0.434,0.05,0.1
189,,-0.05,0.466,0.85,0.95,0.8,0.384,0.0,0.05
190,1,0.95,0.799,0.9,0.717,0.45,0.151,0.05,0.383
191,1,1.0,1.0,0.95,0.484,0.1,-0.082,0.1,0.716
192,6,0.767,0.65,0.717,0.534,0.433,0.918,0.433,0.766
193,6,0.534,0.3,0.484,0.584,0.766,1.0,0.766,0.816
194,,0.484,0.25,0.434,0.534,0.716,0.95,0.716,0.766
195,,0.434,0.2,0.384,0.484,0.666,0.9,0.666,0.716
196,,0.384,0.15,0.334,0.434,0.616,0.85,0.616,0.666
197,,0.334,0.1,0.284,0.384,0.566,0.8,0.566,0.616
198,,0.284,0.05,0.234,0.334,0.516,0.75,0.516,0.566
199,,0.234,0.0,0.184,0.284,0.466,0.7,0.466,0.516
200,,0.184,-0.05,0.134,0.234,0.416,0.65,0.416,0.466
201,2,0.517,0.95,0.467,0.284,0.183,0.3,0.183,0.516
202,2,0.85,1.0,0.8,0.334,-0.05,-0.05,-0.05,0.566
203,7,0.9,0.767,0.45,0.101,0.0,0.283,0.95,0.899
204,7,0.95,0.534,0.1,-0.132,0.05,0.616,1.0,1.0
205,4,0.717,0.584,0.433,0.868,0.383,0.666,0.767,0.65
206,4,0.484,0.634,0.766,1.0,0.716,0.716,0.534,0.3
207,,0.434,0.584,0.716,0.95,0.666,0.666,0.484,0.25
208,,0.384,0.534,0.666,0.9,0.616,0.616,0.434,0.2
209,,0.334,0.484,0.616,0.85,0.566,0.566,0.384,0.15
210,,0.284,0.434,0.566,0.8,0.516,0.516,0.334,0.1
211,,0.234,0.384,0.516,0.75,0.466,0.466,0.284,0.05
212,,0.184,0.334,0.466,0.7,0.416,0.416,0.234,0.0
213,,0.134,0.284,0.416,0.65,0.366,0.366,0.184,-0.05
214,8,0.467,0.334,0.183,0.3,0.133,0.416,0.517,0.95
215,8,0.8,0.384,-0.05,-0.05,-0.1,0.466,0.85,1.0
216,5,0.45,0.151,0.0,0.283,0.9,0.799,0.9,0.767
217,5,0.1,-0.082,0.05,0.616,1.0,1.0,0.95,0.534
218,2,0.433,0.918,0.383,0.666,0.767,0.65,0.717,0.584
219,2,0.766,1.0,0.716,0.716,0.534,0.3,0.484,0.634
220,,0.716,0.95,0.666,0.666,0.484,0.25,0.434,0.584
221,,0.666,0.9,0.616,0.616,0.434,0.2,0.384,0.534
222,,0.616,0.85,0.566,0.566,0.384,0.15,0.334,0.484
223,,0.566,0.8,0.516,0.516,0.334,0.1,0.284,0.434
224,,0.516,0.75,0.466,0.466,0.284,0.05,0.234,0.384
225,,0.466,0.7,0.416,0.416,0.234,0.0,0.184,0.334
226,,0.416,0.65,0.366,0.366,0.184,-0.05,0.134,0.284
227,6,0.183,0.3,0.133,0.416,0.517,0.95,0.467,0.334
228,6,-0.05,-0.05,-0.1,0.466,0.85,1.0,0.8,0.384
229,3,0.0,0.283,0.9,0.799,0.9,0.767,0.45,0.151
230,3,0.05,0.616,1.0,1.0,0.95,0.534,0.1,-0.082
231,8,0.383,0.666,0.767,0.65,0.717,0.584,0.433,0.918
232,8,0.716,0.716,0.534,0.3,0.484,0.634,0.766,1.0
233,,0.666,0.666,0.484,0.25,0.434,0.584,0.716,0.95
234,,0.616,0.616,0.434,0.2,0.384,0.534,0.666,0.9
235,,0.566,0.566,0.384,0.15,0.334,0.484,0.616,0.85
236,,0.516,0.516,0.334,0.1,0.284,0.434,0.566,0.8
237,,0.466,0.466,0.284,0.05,0.234,0.384,0.516,0.75
238,,0.416,0.416,0.234,0.0,0.184,0.334,0.466,0.7
239,,0.366,0.366,0.184,-0.05,0.134,0.284,0.416,0.65
240,4,0.133,0.416,0.517,0.95,0.467,0.334,0.183,0.3
241,4,-0.1,0.466,0.85,1.0,0.8,0.384,-0.05,-0.05
242,1,0.9,0.799,0.9,0.767,0.45,0.151,0.0,0.283
243,1,1.0,1.0,0.95,0.534,0.1,-0.082,0.05,0.616
244,6,0.767,0.65,0.717,0.584,0.433,0.918,0.383,0.666
245,6,0.534,0.3,0.484,0.634,0.766,1.0,0.716,0.716
246,,0.484,0.25,0.434,0.584,0.716,0.95,0.666,0.666
247,,0.434,0.2,0.384,0.534,0.666,0.9,0.616,0.616
248,,0.384,0.15,0.334,0.484,0.616,0.85,0.566,0.566
249,,0.334,0.1,0.284,0.434,0.566,0.8,0.516,0.516
250,,0.284,0.05,0.234,0.384,0.516,0.75,0.466,0.466
251,,0.234,0.0,0.184,0.334,0.466,0.7,0.416,0.416
252,,0.184,-0.05,0.134,0.284,0.416,0.65,0.366,0.366
253,2,0.517,0.95,0.467,0.334,0.183,0.3,0.133,0.416
254,2,0.85,1.0,0.8,0.384,-0.05,-0.05,-0.1,0.466
255,7,0.9,0.767,0.45,0.151,0.0,0.283,0.9,0.799
256,7,0.95,0.534,0.1,-0.082,0.05,0.616,1.0,1.0
257,4,0.717,0.584,0.433,0.918,0.383,0.666,0.767,0.65
258,4,0.484,0.634,0.766,1.0,0.716,0.716,0.534,0.3
259,,0.434,0.584,0.716,0.95,0.666,0.666,0.484,0.25
260,,0.384,0.534,0.666,0.9,0.616,0.616,0.434,0.2
261,,0.334,0.484,0.616,0.85,0.566,0.566,0.384,0.15
262,,0.284,0.434,0.566,0.8,0.516,0.516,0.334,0.1
263,,0.234,0.384,0.516,0.75,0.466,0.466,0.284,0.05
264,,0.184,0.334,0.466,0.7,0.416,0.416,0.234,0.0
265,,0.134,0.284,0.416,0.65,0.366,0.366,0.184,-0.05
266,8,0.467,0.334,0.183,0.3,0.133,0.416,0.517,0.95
267,8,0.8,0.384,-0.05,-0.05,-0.1,0.466,0.85,1.0
268,5,0.45,0.151,0.0,0.283,0.9,0.799,0.9,0.767
269,5,0.1,-0.082,0.05,0.616,1.0,1.0,0.95,0.534
270,2,0.433,0.918,0.383,0.666,0.767,0.65,0.717,0.584
271,2,0.766,1.0,0.716,0.716,0.534,0.3,0.484,0.634
272,,0.716,0.95,0.666,0.666,0.484,0.25,0.434,0.584
273,,0.666,0.9,0.616,0.616,0.434,0.2,0.384,0.534
274,,0.616,0.85,0.566,0.566,0.384,0.15,0.334,0.484
275,,0.566,0.8,0.516,0.516,0.334,0.1,0.284,0.434
276,,0.516,0.75,0.466,0.466,0.284,0.05,0.234,0.384
277,,0.466,0.7,0.416,0.416,0.234,0.0,0.184,0.334
278,,0.416,0.65,0.366,0.366,0.184,-0.05,0.134,0.284
279,6,0.183,0.3,0.133,0.416,0.517,0.95,0.467,0.334
280,6,-0.05,-0.05,-0.1,0.466,0.85,1.0,0.8,0.384
281,3,0.0,0.283,0.9,0.799,0.9,0.767,0.45,0.151
282,3,0.05,0.616,1.0,1.0,0.95,0.534,0.1,-0.082
283,8,0.383,0.666,0.767,0.65,0.717,0.584,0.433,0.918
284,8,0.716,0.716,0.534,0.3,0.484,0.634,0.766,1.0
285,,0.666,0.666,0.484,0.25,0.434,0.584,0.716,0.95
286,,0.616,0.616,0.434,0.2,0.384,0.534,0.666,0.9
287,,0.566,0.566,0.384,0.15,0.334,0.484,0.616,0.85
288,,0.516,0.516,0.334,0.1,0.284,0.434,0.566,0.8
289,,0.466,0.466,0.284,0.05,0.234,0.384,0.516,0.75
290,,0.416,0.416,0.234,0.0,0.184,0.334,0.466,0.7
291,,0.366,0.366,0.184,-0.05,0.134,0.284,0.416,0.65
292,4,0.133,0.416,0.517,0.95,0.467,0.334,0.183,0.3
293,4,-0.1,0.466,0.85,1.0,0.8,0.384,-0.05,-0.05
294,1,0.9,0.799,0.9,0.767,0.45,0.151,0.0,0.283
295,1,1.0,1.0,0.95,0.534,0.1,-0.082,0.05,0.616
296,6,0.767,0.65,0.717,0.584,0.433,0.918,0.383,0.666
297,6,0.534,0.3,0.484,0.634,0.766,1.0,0.716,0.716
298,,0.484,0.25,0.434,0.584,0.716,0.95,0.666,0.666
299,,0.434,0.2,0.384,0.534,0.666,0.9,0.616,0.616
300,,0.384,0.15,0.334,0.484,0.616,0.85,0.566,0.566
301,,0.334,0.1,0.284,0.434,0.566,0.8,0.516,0.516
302,,0.284,0.05,0.234,0.384,0.516,0.75,0.466,0.466
303,,0.234,0.0,0.184,0.334,0.466,0.7,0.416,0.416
304,,0.184,-0.05,0.134,0.284,0.416,0.65,0.366,0.366
305,2,0.517,0.95,0.467,0.334,0.183,0.3,0.133,0.416
306,2,0.85,1.0,0.8,0.384,-0.05,-0.05,-0.1,0.466
307,7,0.9,0.767,0.45,0.151,0.0,0.283,0.9,0.799
308,7,0.95,0.534,0.1,-0.082,0.05,0.616,1.0,1.0
309,4,0.717,0.584,0.433,0.918,0.383,0.666,0.767,0.65
310,4,0.484,0.634,0.766,1.0,0.716,0.716,0.534,0.3
311,,0.434,0.584,0.716,0.95,0.666,0.666,0.484,0.25
312,,0.384,0.534,0.666,0.9,0.616,0.616,0.434,0.2
313,,0.334,0.484,0.616,0.85,0.566,0.566,0.384,0.15
314,,0.284,0.434,0.566,0.8,0.516,0.516,0.334,0.1
315,,0.234,0.384,0.516,0.75,0.466,0.466,0.284,0.05
316,,0.184,0.334,0.466,0.7,0.416,0.416,0.234,0.0
317,,0.134,0.284,0.416,0.65,0.366,0.366,0.184,-0.05
318,8,0.467,0.334,0.183,0.3,0.133,0.416,0.517,0.95
319,8,0.8,0.384,-0.05,-0.05,-0.1,0.466,0.85,1.0
320,5,0.45,0.151,0.0,0.283,0.9,0.799,0.9,0.767
321,5,0.1,-0.082,0.05,0.616,1.0,1.0,0.95,0.534
322,2,0.433,0.918,0.383,0.666,0.767,0.65,0.717,0.584
323,2,0.766,1.0,0.716,0.716,0.534,0.3,0.484,0.634
324,,0.716,0.95,0.666,0.666,0.484,0.25,0.434,0.584
325,,0.666,0.9,0.616,0.616,0.434,0.2,0.384,0.534
326,,0.616,0.85,0.566,0.566,0.384,0.15,0.334,0.484
327,,0.566,0.8,0.516,0.516,0.334,0.1,0.284,0.434
328,,0.516,0.75,0.466,0.466,0.284,0.05,0.234,0.384
329,,0.466,0.7,0.416,0.416,0.234,0.0,0.184,0.334
330,,0.416,0.65,0.366,0.366,0.184,-0.05,0.134,0.284
331,6,0.183,0.3,0.133,0.416,0.517,0.95,0.467,0.334
332,6,-0.05,-0.05,-0.1,0.466,0.85,1.0,0.8,0.384
333,3,0.0,0.283,0.9,0.799,0.9,0.767,0.45,0.151
334,3,0.05,0.616,1.0,1.0,0.95,0.534,0.1,-0.082
335,8,0.383,0.666,0.767,0.65,0.717,0.584,0.433,0.918
336,8,0.716,0.716,0.534,0.3,0.484,0.634,0.766,1.0
337,,0.666,0.666,0.484,0.25,0.434,0.584,0.716,0.95
338,,0.616,0.616,0.434,0.2,0.384,0.534,0.666,0.9
339,,0.566,0.566,0.384,0.15,0.334,0.484,0.616,0.85
340,,0.516,0.516,0.334,0.1,0.284,0.434,0.566,0.8
341,,0.466,0.466,0.284,0.05,0.234,0.384,0.516,0.75
342,,0.416,0.416,0.234,0.0,0.184,0.334,0.466,0.7
343,,0.366,0.366,0.184,-0.05,0.134,0.284,0.416,0.65
344,4,0.133,0.416,0.517,0.95,0.467,0.334,0.183,0.3
345,4,-0.1,0.466,0.85,1.0,0.8,0.384,-0.05,-0.05
346,1,0.9,0.799,0.9,0.767,0.45,0.151,0.0,0.283
347,1,1.0,1.0,0.95,0.534,0.1,-0.082,0.05,0.616
348,6,0.767,0.65,0.717,0.584,0.433,0.918,0.383,0.666
349,6,0.534,0.3,0.484,0.634,0.766,1.0,0.716,0.716
350,,0.484,0.25,0.434,0.584,0.716,0.95,0.666,0.666
351,,0.434,0.2,0.384,0.534,0.666,0.9,0.616,0.616
352,,0.384,0.15,0.334,0.484,0.616,0.85,0.566,0.566
353,,0.334,0.1,0.284,0.434,0.566,0.8,0.516,0.516
354,,0.284,0.05,0.234,0.384,0.516,0.75,0.466,0.466
355,,0.234,0.0,0.184,0.334,0.466,0.7,0.416,0.416
356,,0.184,-0.05,0.134,0.284,0.416,0.65,0.366,0.366
357,2,0.517,0.95,0.467,0.334,0.183,0.3,0.133,0.416
358,2,0.85,1.0,0.8,0.384,-0.05,-0.05,-0.1,0.466
359,7,0.9,0.767,0.45,0.151,0.0,0.283,0.9,0.799
360,7,0.95,0.534,0.1,-0.082,0.05,0.616,1.0,1.0
361,4,0.717,0.584,0.433,0.918,0.383,0.666,0.767,0.65
362,4,0.484,0.634,0.766,1.0,0.716,0.716,0.534,0.3
363,,0.434,0.584,0.716,0.95,0.666,0.666,0.484,0.25
364,,0.384,0.534,0.666,0.9,0.616,0.616,0.434,0.2
365,,0.334,0.484,0.616,0.85,0.566,0.566,0.384,0.15
366,,0.284,0.434,0.566,0.8,0.516,0.516,0.334,0.1
367,,0.234,0.384,0.516,0.75,0.466,0.466,0.284,0.05
368,,0.184,0.334,0.466,0.7,0.416,0.416,0.234,0.0
369,,0.134,0.284,0.416,0.65,0.366,0.366,0.184,-0.05
370,8,0.467,0.334,0.183,0.3,0.133,0.416,0.517,0.95
371,8,0.8,0.384,-0.05,-0.05,-0.1,0.466,0.85,1.0
372,5,0.45,0.151,0.0,0.283,0.9,0.799,0.9,0.767
373,5,0.1,-0.082,0.05,0.616,1.0,1.0,0.95,0.534
374,2,0.433,0.918,0.383,0.666,0.767,0.65,0.717,0.584
375,2,0.766,1.0,0.716,0.716,0.534,0.3,0.484,0.634
376,,0.716,0.95,0.666,0.666,0.484,0.25,0.434,0.584
377,,0.666,0.9,0.616,0.616,0.434,0.2,0.384,0.534
378,,0.616,0.85,0.566,0.566,0.384,0.15,0.334,0.484
379,,0.566,0.8,0.516,0.516,0.334,0.1,0.284,0.434
380,,0.516,0.75,0.466,0.466,0.284,0.05,0.234,0.384
381,,0.466,0.7,0.416,0.416,0.234,0.0,0.184,0.334
382,,0.416,0.65,0.366,0.366,0.184,-0.05,0.134,0.284
383,6,0.183,0.3,0.133,0.416,0.517,0.95,0.467,0.334
384,6,-0.05,-0.05,-0.1,0.466,0.85,1.0,0.8,0.384
385,3,0.0,0.283,0.9,0.799,0.9,0.767,0.45,0.151
386,3,0.05,0.616,1.0,1.0,0.95,0.534,0.1,-0.082
387,8,0.383,0.666,0.767,0.65,0.717,0.584,0.433,0.918
388,8,0.716,0.716,0.534,0.3,0.484,0.634,0.766,1.0
389,,0.666,0.666,0.484,0.25,0.434,0.584,0.716,0.95
390,,0.616,0.616,0.434,0.2,0.384,0.534,0.666,0.9
391,,0.566,0.566,0.384,0.15,0.334,0.484,0.616,0.85
392,,0.516,0.516,0.334,0.1,0.284,0.434,0.566,0.8
393,,0.466,0.466,0.284,0.05,0.234,0.384,0.516,0.75
394,,0.416,0.416,0.234,0.0,0.184,0.334,0.466,0.7
395,,0.366,0.366,0.184,-0.05,0.134,0.284,0.416,0.65
396,4,0.133,0.416,0.517,0.95,0.467,0.334,0.183,0.3
397,4,-0.1,0.466,0.85,1.0,0.8,0.384,-0.05,-0.05
398,1,0.9,0.799,0.9,0.767,0.45,0.151,0.0,0.283
399,1,1.0,1.0,0.95,0.534,0.1,-0.082,0.05,0.616
400,6,0.767,0.65,0.717,0.584,0.433,0.918,0.383,0.666
401,6,0.534,0.3,0.484,0.634,0.766,1.0,0.716,0.716
402,,0.484,0.25,0.434,0.584,0.716,0.95,0.666,0.666
403,,0.434,0.2,0.384,0.534,0.666,0.9,0.616,0.616
404,,0.384,0.15,0.334,0.484,0.616,0.85,0.566,0.566
405,,0.334,0.1,0.284,0.434,0.566,0.8,0.516,0.516
406,,0.284,0.05,0.234,0.384,0.516,0.75,0.466,0.466
407,,0.234,0.0,0.184,0.334,0.466,0.7,0.416,0.416
408,,0.184,-0.05,0.134,0.284,0.416,0.65,0.366,0.366
409,2,0.517,0.95,0.467,0.334,0.183,0.3,0.133,0.416
410,2,0.85,1.0,0.8,0.384,-0.05,-0.05,-0.1,0.466
411,7,0.9,0.767,0.45,0.151,0.0,0.283,0.9,0.799
412,7,0.95,0.534,0.1,-0.082,0.05,0.616,1.0,1.0
413,4,0.717,0.584,0.433,0.918,0.383,0.666,0.767,0.65
414,4,0.484,0.634,0.766,1.0,0.716,0.716,0.534,0.3
415,,0.434,0.584,0.716,0.95,0.666,0.666,0.484,0.25
416,,0.384,0.534,0.666,0.9,0.616,0.616,0.434,0.2
417,,0.334,0.484,0.616,0.85,0.566,0.566,0.384,0.15
418,,0.284,0.434,0.566,0.8,0.516,0.516,0.334,0.1
419,,0.234,0.384,0.516,0.75,0.466,0.466,0.284,0.05
420,,0.184,0.334,0.466,0.7,0.416,0.416,0.234,0.0
421,,0.134,0.284,0.416,0.65,0.366,0.366,0.184,-0.05
422,8,0.467,0.334,0.183,0.3,0.133,0.416,0.517,0.95
423,8,0.8,0.384,-0.05,-0.05,-0.1,0.466,0.85,1.0
424,5,0.45,0.151,0.0,0.283,0.9,0.799,0.9,0.767
425,5,0.1,-0.082,0.05,0.616,1.0,1.0,0.95,0.534
426,2,0.433,0.918,0.383,0.666,0.767,0.65,0.717,0.584
427,2,0.766,1.0,0.716,0.716,0.534,0.3,0.484,0.634
428,,0.716,0.95,0.666,0.666,0.484,0.25,0.434,0.584
429,,0.666,0.9,0.616,0.616,0.434,0.2,0.384,0.534
430,,0.616,0.85,0.566,0.566,0.384,0.15,0.334,0.484
431,,0.566,0.8,0.516,0.516,0.334,0.1,0.284,0.434
432,,0.516,0.75,0.466,0.466,0.284,0.05,0.234,0.384
433,,0.466,0.7,0.416,0.416,0.234,0.0,0.184,0.334
434,,0.416,0.65,0.366,0.366,0.184,-0.05,0.134,0.284
435,6,0.183,0.3,0.133,0.416,0.517,0.95,0.467,0.334
436,6,-0.05,-0.05,-0.1,0.466,0.85,1.0,0.8,0.384
437,3,0.0,0.283,0.9,0.799,0.9,0.767,0.45,0.151
438,3,0.05,0.616,1.0,1.0,0.95,0.534,0.1,-0.082
439,8,0.383,0.666,0.767,0.65,0.717,0.584,0.433,0.918
440,8,0.716,0.716,0.534,0.3,0.484,0.634,0.766,1.0
441,,0.666,0.666,0.484,0.25,0.434,0.584,0.716,0.95
442,,0.616,0.616,0.434,0.2,0.384,0.534,0.666,0.9
443,,0.566,0.566,0.384,0.15,0.334,0.484,0.616,0.85
444,,0.516,0.516,0.334,0.1,0.284,0.434,0.566,0.8
445,,0.466,0.466,0.284,0.05,0.234,0.384,0.516,0.75
446,,0.416,0.416,0.234,0.0,0.184,0.334,0.466,0.7
447,,0.366,0.366,0.184,-0.05,0.134,0.284,0.416,0.65
448,4,0.133,0.416,0.517,0.95,0.467,0.334,0.183,0.3
449,4,-0.1,0.466,0.85,1.0,0.8,0.384,-0.05,-0.05
450,1,0.9,0.799,0.9,0.767,0.45,0.151,0.0,0.283
451,1,1.0,1.0,0.95,0.534,0.1,-0.082,0.05,0.616
452,6,0.767,0.65,0.717,0.584,0.433,0.918,0.383,0.666
453,6,0.534,0.3,0.484,0.634,0.766,1.0,0.716,0.716
454,,0.484,0.25,0.434,0.584,0.716,0.95,0.666,0.666
455,,0.434,0.2,0.384,0.534,0.666,0.9,0.616,0.616
456,,0.384,0.15,0.334,0.484,0.616,0.85,0.566,0.566
457,,0.334,0.1,0.284,0.434,0.566,0.8,0.516,0.516
458,,0.284,0.05,0.234,0.384,0.516,0.75,0.466,0.466
459,,0.234,0.0,0.184,0.334,0.466,0.7,0.416,0.416
460,,0.184,-0.05,0.134,0.284,0.416,0.65,0.366,0.366
461,2,0.517,0.95,0.467,0.334,0.183,0.3,0.133,0.416
462,2,0.85,1.0,0.8,0.384,-0.05,-0.05,-0.1,0.466
463,7,0.9,0.767,0.45,0.151,0.0,0.283,0.9,0.799
464,7,0.95,0.534,0.1,-0.082,0.05,0.616,1.0,1.0
465,4,0.717,0.584,0.433,0.918,0.383,0.666,0.767,0.65
466,4,0.484,0.634,0.766,1.0,0.716,0.716,0.534,0.3
467,,0.434,0.584,0.716,0.95,0.666,0.666,0.484,0.25
468,,0.384,0.534,0.666,0.9,0.616,0.616,0.434,0.2
469,,0.334,0.484,0.616,0.85,0.566,0.566,0.384,0.15
470,,0.284,0.434,0.566,0.8,0.516,0.516,0.334,0.1
471,,0.234,0.384,0.516,0.75,0.466,0.466,0.284,0.05
472,,0.184,0.334,0.466,0.7,0.416,0.416,0.234,0.0
473,,0.134,0.284,0.416,0.65,0.366,0.366,0.184,-0.05
474,8,0.467,0.334,0.183,0.3,0.133,0.416,0.517,0.95
475,8,0.8,0.384,-0.05,-0.05,-0.1,0.466,0.85,1.0
476,5,0.45,0.151,0.0,0.283,0.9,0.799,0.9,0.767
477,5,0.1,-0.082,0.05,0.616,1.0,1.0,0.95,0.534
478,2,0.433,0.918,0.383,0.666,0.767,0.65,0.717,0.584
479,2,0.766,1.0,0.716,0.716,0.534,0.3,0.484,0.634
480,,0.716,0.95,0.666,0.666,0.484,0.25,0.434,0.584
481,,0.666,0.9,0.616,0.616,0.434,0.2,0.384,0.534
482,,0.616,0.85,0.566,0.566,0.384,0.15,0.334,0.484
483,,0.566,0.8,0.516,0.516,0.334,0.1,0.284,0.434
484,,0.516,0.75,0.466,0.466,0.284,0.05,0.234,0.384
485,,0.466,0.7,0.416,0.416,0.234,0.0,0.184,0.334
486,,0.416,0.65,0.366,0.366,0.184,-0.05,0.134,0.284
487,6,0.183,0.3,0.133,0.416,0.517,0.95,0.467,0.334
488,6,-0.05,-0.05,-0.1,0.466,0.85,1.0,0.8,0.384
489,3,0.0,0.283,0.9,0.799,0.9,0.767,0.45,0.151
490,3,0.05,0.616,1.0,1.0,0.95,0.534,0.1,-0.082
491,8,0.383,0.666,0.767,0.65,0.717,0.584,0.433,0.918
492,8,0.716,0.716,0.534,0.3,0.484,0.634,0.766,1.0
493,,0.666,0.666,0.484,0.25,0.434,0.584,0.716,0.95
494,,0.616,0.616,0.434,0.2,0.384,0.534,0.666,0.9
495,,0.566,0.566,0.384,0.15,0.334,0.484,0.616,0.85
496,,0.516,0.516,0.334,0.1,0.284,0.434,0.566,0.8
497,,0.466,0.466,0.284,0.05,0.234,0.384,0.516,0.75
498,,0.416,0.416,0.234,0.0,0.184,0.334,0.466,0.7
499,,0.366,0.366,0.184,-0.05,0.134,0.284,0.416,0.65
500,4,0.133,0.416,0.517,0.95,0.467,0.334,0.183,0.3
501,4,-0.1,0.466,0.85,1.0,0.8,0.384,-0.05,-0.05
502,1,0.9,0.799,0.9,0.767,0.45,0.151,0.0,0.283
503,1,1.0,1.0,0.95,0.534,0.1,-0.082,0.05,0.616
504,6,0.767,0.65,0.717,0.584,0.433,0.918,0.383,0.666
505,6,0.534,0.3,0.484,0.634,0.766,1.0,0.716,0.716
506,,0.484,0.25,0.434,0.584,0.716,0.95,0.666,0.666
507,,0.434,0.2,0.384,0.534,0.666,0.9,0.616,0.616
508,,0.384,0.15,0.334,0.484,0.616,0.85,0.566,0.566
509,,0.334,0.1,0.284,0.434,0.566,0.8,0.516,0.516
510,,0.284,0.05,0.234,0.384,0.516,0.75,0.466,0.466
511,,0.234,0.0,0.184,0.334,0.466,0.7,0.416,0.416
512,,0.184,-0.05,0.134,0.284,0.416,0.65,0.366,0.366
513,2,0.517,0.95,0.467,0.334,0.183,0.3,0.133,0.416
514,2,0.85,1.0,0.8,0.384,-0.05,-0.05,-0.1,0.466
515,7,0.9,0.767,0.45,0.151,0.0,0.283,0.9,0.799
516,7,0.95,0.534,0.1,-0.082,0.05,0.616,1.0,1.0
517,4,0.717,0.584,0.433,0.918,0.383,0.666,0.767,0.65
518,4,0.484,0.634,0.766,1.0,0.716,0.716,0.534,0.3
519,,0.434,0.584,0.716,0.95,0.666,0.666,0.484,0.25
520,,0.384,0.534,0.666,0.9,0.616,0.616,0.434,0.2
521,,0.334,0.484,0.616,0.85,0.566,0.566,0.384,0.15
522,,0.284,0.434,0.566,0.8,0.516,0.516,0.334,0.1
523,,0.234,0.384,0.516,0.75,0.466,0.466,0.284,0.05
524,,0.184,0.334,0.466,0.7,0.416,0.416,0.234,0.0
525,,0.134,0.284,0.416,0.65,0.366,0.366,0.184,-0.05
526,8,0.467,0.334,0.183,0.3,0.133,0.416,0.517,0.95
527,8,0.8,0.384,-0.05,-0.05,-0.1,0.466,0.85,1.0
528,5,0.45,0.151,0.0,0.283,0.9,0.799,0.9,0.767
529,5,0.1,-0.082,0.05,0.616,1.0,1.0,0.95,0.534
530,2,0.433,0.918,0.383,0.666,0.767,0.65,0.717,0.584
531,2,0.766,1.0,0.716,0.716,0.534,0.3,0.484,0.634
532,,0.716,0.95,0.666,0.666,0.484,0.25,0.434,0.584
533,,0.666,0.9,0.616,0.616,0.434,0.2,0.384,0.534
534,,0.616,0.85,0.566,0.566,0.384,0.15,0.334,0.484
535,,0.566,0.8,0.516,0.516,0.334,0.1,0.284,0.434
536,,0.516,0.75,0.466,0.466,0.284,0.05,0.234,0.384
537,,0.466,0.7,0.416,0.416,0.234,0.0,0.184,0.334
538,,0.416,0.65,0.366,0.366,0.184,-0.05,0.134,0.284
539,6,0.183,0.3,0.133,0.416,0.517,0.95,0.467,0.334
540,6,-0.05,-0.05,-0.1,0.466,0.85,1.0,0.8,0.384
541,3,0.0,0.283,0.9,0.799,0.9,0.767,0.45,0.151
542,3,0.05,0.616,1.0,1.0,0.95,0.534,0.1,-0.082
543,8,0.383,0.666,0.767,0.65,0.717,0.584,0.433,0.918
544,8,0.716,0.716,0.534,0.3,0.484,0.634,0.766,1.0
545,,0.666,0.666,0.484,0.25,0.434,0.584,0.716,0.95
546,,0.616,0.616,0.434,0.2,0.384,0.534,0.666,0.9
547,,0.566,0.566,0.384,0.15,0.334,0.484,0.616,0.85
548,,0.516,0.516,0.334,0.1,0.284,0.434,0.566,0.8
549,,0.466,0.466,0.284,0.05,0.234,0.384,0.516,0.75
550,,0.416,0.416,0.234,0.0,0.184,0.334,0.466,0.7
551,,0.366,0.366,0.184,-0.05,0.134,0.284,0.416,0.65
552,4,0.133,0.416,0.517,0.95,0.467,0.334,0.183,0.3
553,4,-0.1,0.466,0.85,1.0,0.8,0.384,-0.05,-0.05
554,1,0.9,0.799,0.9,0.767,0.45,0.151,0.0,0.283
555,1,1.0,1.0,0.95,0.534,0.1,-0.082,0.05,0.616
556,6,0.767,0.65,0.717,0.584,0.433,0.918,0.383,0.666
557,6,0.534,0.3,0.484,0.634,0.766,1.0,0.716,0.716
558,,0.484,0.25,0.434,0.584,0.716,0.95,0.666,0.666
559,,0.434,0.2,0.384,0.534,0.666,0.9,0.616,0.616
560,,0.384,0.15,0.334,0.484,0.616,0.85,0.566,0.566
561,,0.334,0.1,0.284,0.434,0.566,0.8,0.516,0.516
562,,0.284,0.05,0.234,0.384,0.516,0.75,0.466,0.466
563,,0.234,0.0,0.184,0.334,0.466,0.7,0.416,0.416
564,,0.184,-0.05,0.134,0.284,0.416,0.65,0.366,0.366
565,2,0.517,0.95,0.467,0.334,0.183,0.3,0.133,0.416
566,2,0.85,1.0,0.8,0.384,-0.05,-0.05,-0.1,0.466
567,7,0.9,0.767,0.45,0.151,0.0,0.283,0.9,0.799
568,7,0.95,0.534,0.1,-0.082,0.05,0.616,1.0,1.0
569,4,0.717,0.584,0.433,0.918,0.383,0.666,0.767,0.65
570,4,0.484,0.634,0.766,1.0,0.716,0.716,0.534,0.3
571,,0.434,0.584,0.716,0.95,0.666,0.666,0.484,0.25
572,,0.384,0.534,0.666,0.9,0.616,0.616,0.434,0.2
573,,0.334,0.484,0.616,0.85,0.566,0.566,0.384,0.15
574,,0.284,0.434,0.566,0.8,0.516,0.516,0.334,0.1
575,,0.234,0.384,0.516,0.75,0.466,0.466,0.284,0.05
576,,0.184,0.334,0.466,0.7,0.416,0.416,0.234,0.0
577,,0.134,0.284,0.416,0.65,0.366,0.366,0.184,-0.05
578,8,0.467,0.334,0.183,0.3,0.133,0.416,0.517,0.95
579,8,0.8,0.384,-0.05,-0.05,-0.1,0.466,0.85,1.0
580,5,0.45,0.151,0.0,0.283,0.9,0.799,0.9,0.767
581,5,0.1,-0.082,0.05,0.616,1.0,1.0,0.95,0.534
582,2,0.433,0.918,0.383,0.666,0.767,0.65,0.717,0.584
583,2,0.766,1.0,0.716,0.716,0.534,0.3,0.484,0.634
584,,0.716,0.95,0.666,0.666,0.484,0.25,0.434,0.584
585,,0.666,0.9,0.616,0.616,0.434,0.2,0.384,0.534
586,,0.616,0.85,0.566,0.566,0.384,0.15,0.334,0.484
587,,0.566,0.8,0.516,0.516,0.334,0.1,0.284,0.434
588,,0.516,0.75,0.466,0.466,0.284,0.05,0.234,0.384
589,,0.466,0.7,0.416,0.416,0.234,0.0,0.184,0.334
590,,0.416,0.65,0.366,0.366,0.184,-0.05,0.134,0.284
591,6,0.183,0.3,0.133,0.416,0.517,0.95,0.467,0.334
592,6,-0.05,-0.05,-0.1,0.466,0.85,1.0,0.8,0.384
593,3,0.0,0.283,0.9,0.799,0.9,0.767,0.45,0.151
594,3,0.05,0.616,1.0,1.0,0.95,0.534,0.1,-0.082
595,8,0.383,0.666,0.767,0.65,0.717,0.584,0.433,0.918
596,8,0.716,0.716,0.534,0.3,0.484,0.634,0.766,1.0
597,,0.666,0.666,0.484,0.25,0.434,0.584,0.716,0.95
598,,0.616,0.616,0.434,0.2,0.384,0.534,0.666,0.9
599,,0.566,0.566,0.384,0.15,0.334,0.484,0.616,0.85
600,,0.516,0.516,0.334,0.1,0.284,0.434,0.566,0.8
601,,0.466,0.466,0.284,0.05,0.234,0.384,0.516,0.75
602,,0.416,0.416,0.234,0.0,0.184,0.334,0.466,0.7
603,,0.366,0.366,0.184,-0.05,0.134,0.284,0.416,0.65
604,4,0.133,0.416,0.517,0.95,0.467,0.334,0.183,0.3
605,4,-0.1,0.466,0.85,1.0,0.8,0.384,-0.05,-0.05
606,1,0.9,0.799,0.9,0.767,0.45,0.151,0.0,0.283
607,1,1.0,1.0,0.95,0.534,0.1,-0.082,0.05,0.616
608,6,0.767,0.65,0.717,0.584,0.433,0.918,0.383,0.666
609,6,0.534,0.3,0.484,0.634,0.766,1.0,0.716,0.716
610,,0.484,0.25,0.434,0.584,0.716,0.95,0.666,0.666
611,,0.434,0.2,0.384,0.534,0.666,0.9,0.616,0.616
612,,0.384,0.15,0.334,0.484,0.616,0.85,0.566,0.566
613,,0.334,0.1,0.284,0.434,0.566,0.8,0.516,0.516
614,,0.284,0.05,0.234,0.384,0.516,0.75,0.466,0.466
615,,0.234,0.0,0.184,0.334,0.466,0.7,0.416,0.416
616,,0.184,-0.05,0.134,0.284,0.416,0.65,0.366,0.366
617,2,0.517,0.95,0.467,0.334,0.183,0.3,0.133,0.416
618,2,0.85,1.0,0.8,0.384,-0.05,-0.05,-0.1,0.466
619,7,0.9,0.767,0.45,0.151,0.0,0.283,0.9,0.799
620,7,0.95,0.534,0.1,-0.082,0.05,0.616,1.0,1.0
621,4,0.717,0.584,0.433,0.918,0.383,0.666,0.767,0.65
622,4,0.484,0.634,0.766,1.0,0.716,0.716,0.534,0.3
623,,0.434,0.584,0.716,0.95,0.666,0.666,0.484,0.25
624,,0.384,0.534,0.666,0.9,0.616,0.616,0.434,0.2
625,,0.334,0.484,0.616,0.85,0.566,0.566,0.384,0.15
626,,0.284,0.434,0.566,0.8,0.516,0.516,0.334,0.1
627,,0.234,0.384,0.516,0.75,0.466,0.466,0.284,0.05
628,,0.184,0.334,0.466,0.7,0.416,0.416,0.234,0.0
629,,0.134,0.284,0.416,0.65,0.366,0.366,0.184,-0.05
630,8,0.467,0.334,0.183,0.3,0.133,0.416,0.517,0.95
631,8,0.8,0.384,-0.05,-0.05,-0.1,0.466,0.85,1.0
632,5,0.45,0.151,0.0,0.283,0.9,0.799,0.9,0.767
633,5,0.1,-0.082,0.05,0.616,1.0,1.0,0.95,0.534
634,2,0.433,0.918,0.383,0.666,0.767,0.65,0.717,0.584
635,2,0.766,1.0,0.716,0.716,0.534,0.3,0.484,0.634
636,,0.716,0.95,0.666,0.666,0.484,0.25,0.434,0.584
637,,0.666,0.9,0.616,0.616,0.434,0.2,0.384,0.534
638,,0.616,0.85,0.566,0.566,0.384,0.15,0.334,0.484
639,,0.566,0.8,0.516,0.516,0.334,0.1,0.284,0.434
640,,0.516,0.75,0.466,0.466,0.284,0.05,0.234,0.384
641,,0.466,0.7,0.416,0.416,0.234,0.0,0.184,0.334
642,,0.416,0.65,0.366,0.366,0.184,-0.05,0.134,0.284
643,6,0.183,0.3,0.133,0.416,0.517,0.95,0.467,0.334
644,6,-0.05,-0.05,-0.1,0.466,0.85,1.0,0.8,0.384
645,3,0.0,0.283,0.9,0.799,0.9,0.767,0.45,0.151
646,3,0.05,0.616,1.0,1.0,0.95,0.534,0.1,-0.082
647,8,0.383,0.666,0.767,0.65,0.717,0.584,0.433,0.918
648,8,0.716,0.716,0.534,0.3,0.484,0.634,0.766,1.0
649,,0.666,0.666,0.484,0.25,0.434,0.584,0.716,0.95
650,,0.616,0.616,0.434,0.2,0.384,0.534,0.666,0.9
651,,0.566,0.566,0.384,0.15,0.334,0.484,0.616,0.85
652,,0.516,0.516,0.334,0.1,0.284,0.434,0.566,0.8
653,,0.466,0.466,0.284,0.05,0.234,0.384,0.516,0.75
654,,0.416,0.416,0.234,0.0,0.184,0.334,0.466,0.7
655,,0.366,0.366,0.184,-0.05,0.134,0.284,0.416,0.65
656,4,0.133,0.416,0.517,0.95,0.467,0.334,0.183,0.3
657,4,-0.1,0.466,0.85,1.0,0.8,0.384,-0.05,-0.05
658,1,0.9,0.799,0.9,0.767,0.45,0.151,0.0,0.283
659,1,1.0,1.0,0.95,0.534,0.1,-0.082,0.05,0.616
660,6,0.767,0.65,0.717,0.584,0.433,0.918,0.383,0.666
661,6,0.534,0.3,0.484,0.634,0.766,1.0,0.716,0.716
662,,0.484,0.25,0.434,0.584,0.716,0.95,0.666,0.666
663,,0.434,0.2,0.384,0.534,0.666,0.9,0.616,0.616
664,,0.384,0.15,0.334,0.484,0.616,0.85,0.566,0.566
665,,0.334,0.1,0.284,0.434,0.566,0.8,0.516,0.516
666,,0.284,0.05,0.234,0.384,0.516,0.75,0.466,0.466
667,,0.234,0.0,0.184,0.334,0.466,0.7,0.416,0.416
668,,0.184,-0.05,0.134,0.284,0.416,0.65,0.366,0.366
669,2,0.517,0.95,0.467,0.334,0.183,0.3,0.133,0.416
670,2,0.85,1.0,0.8,0.384,-0.05,-0.05,-0.1,0.466
671,7,0.9,0.767,0.45,0.151,0.0,0.283,0.9,0.799
672,7,0.95,0.534,0.1,-0.082,0.05,0.616,1.0,1.0
673,4,0.717,0.584,0.433,0.918,0.383,0.666,0.767,0.65
674,4,0.484,0.634,0.766,1.0,0.716,0.716,0.534,0.3
675,,0.434,0.584,0.716,0.95,0.666,0.666,0.484,0.25
676,,0.384,0.534,0.666,0.9,0.616,0.616,0.434,0.2
677,,0.334,0.484,0.616,0.85,0.566,0.566,0.384,0.15
678,,0.284,0.434,0.566,0.8,0.516,0.516,0.334,0.1
679,,0.234,0.384,0.516,0.75,0.466,0.466,0.284,0.05
680,,0.184,0.334,0.466,0.7,0.416,0.416,0.234,0.0
681,,0.134,0.284,0.416,0.65,0.366,0.366,0.184,-0.05
682,8,0.467,0.334,0.183,0.3,0.133,0.416,0.517,0.95
683,8,0.8,0.384,-0.05,-0.05,-0.1,0.466,0.85,1.0
684,5,0.45,0.151,0.0,0.283,0.9,0.799,0.9,0.767
685,5,0.1,-0.082,0.05,0.616,1.0,1.0,0.95,0.534
686,2,0.433,0.918,0.383,0.666,0.767,0.65,0.717,0.584
687,2,0.766,1.0,0.716,0.716,0.534,0.3,0.484,0.634
688,,0.716,0.95,0.666,0.666,0.484,0.25,0.434,0.584
689,,0.666,0.9,0.616,0.616,0.434,0.2,0.384,0.534
690,,0.616,0.85,0.566,0.566,0.384,0.15,0.334,0.484
691,,0.566,0.8,0.516,0.516,0.334,0.1,0.284,0.434
692,,0.516,0.75,0.466,0.466,0.284,0.05,0.234,0.384
693,,0.466,0.7,0.416,0.416,0.234,0.0,0.184,0.334
694,,0.416,0.65,0.366,0.366,0.184,-0.05,0.134,0.284
695,6,0.183,0.3,0.133,0.416,0.517,0.95,0.467,0.334
696,6,-0.05,-0.05,-0.1,0.466,0.85,1.0,0.8,0.384
697,3,0.0,0.283,0.9,0.799,0.9,0.767,0.45,0.151
698,3,0.05,0.616,1.0,1.0,0.95,0.534,0.1,-0.082
699,8,0.383,0.666,0.767,0.65,0.717,0.584,0.433,0.918
700,8,0.716,0.716,0.534,0.3,0.484,0.634,0.766,1.0
701,,0.666,0.666,0.484,0.25,0.434,0.584,0.716,0.95
702,,0.616,0.616,0.434,0.2,0.384,0.534,0.666,0.9
703,,0.566,0.566,0.384,0.15,0.334,0.484,0.616,0.85
704,,0.516,0.516,0.334,0.1,0.284,0.434,0.566,0.8
705,,0.466,0.466,0.284,0.05,0.234,0.384,0.516,0.75
706,,0.416,0.416,0.234,0.0,0.184,0.334,0.466,0.7
707,,0.366,0.366,0.184,-0.05,0.134,0.284,0.416,0.65
708,4,0.133,0.416,0.517,0.95,0.467,0.334,0.183,0.3
709,4,-0.1,0.466,0.85,1.0,0.8,0.384,-0.05,-0.05
710,1,0.9,0.799,0.9,0.767,0.45,0.151,0.0,0.283
711,1,1.0,1.0,0.95,0.534,0.1,-0.082,0.05,0.616
712,6,0.767,0.65,0.717,0.584,0.433,0.918,0.383,0.666
713,6,0.534,0.3,0.484,0.634,0.766,1.0,0.716,0.716
714,,0.484,0.25,0.434,0.584,0.716,0.95,0.666,0.666
715,,0.434,0.2,0.384,0.534,0.666,0.9,0.616,0.616
716,,0.384,0.15,0.334,0.484,0.616,0.85,0.566,0.566
717,,0.334,0.1,0.284,0.434,0.566,0.8,0.516,0.516
718,,0.284,0.05,0.234,0.384,0.516,0.75,0.466,0.466
719,,0.234,0.0,0.184,0.334,0.466,0.7,0.416,0.416
720,,0.184,-0.05,0.134,0.284,0.416,0.65,0.366,0.366
721,2,0.517,0.95,0.467,0.334,0.183,0.3,0.133,0.416
722,2,0.85,1.0,0.8,0.384,-0.05,-0.05,-0.1,0.466
723,7,0.9,0.767,0.45,0.151,0.0,0.283,0.9,0.799
724,7,0.95,0.534,0.1,-0.082,0.05,0.616,1.0,1.0
725,4,0.717,0.584,0.433,0.918,0.383,0.666,0.767,0.65
726,4,0.484,0.634,0.766,1.0,0.716,0.716,0.534,0.3
727,,0.434,0.584,0.716,0.95,0.666,0.666,0.484,0.25
728,,0.384,0.534,0.666,0.9,0.616,0.616,0.434,0.2
729,,0.334,0.484,0.616,0.85,0.566,0.566,0.384,0.15
730,,0.284,0.434,0.566,0.8,0.516,0.516,0.334,0.1
731,,0.234,0.384,0.516,0.75,0.466,0.466,0.284,0.05
732,,0.184,0.334,0.466,0.7,0.416,0.416,0.234,0.0
733,,0.134,0.284,0.416,0.65,0.366,0.366,0.184,-0.05
734,8,0.467,0.334,0.183,0.3,0.133,0.416,0.517,0.95
735,8,0.8,0.384,-0.05,-0.05,-0.1,0.466,0.85,1.0
736,5,0.45,0.151,0.0,0.283,0.9,0.799,0.9,0.767
737,5,0.1,-0.082,0.05,0.616,1.0,1.0,0.95,0.534
738,2,0.433,0.918,0.383,0.666,0.767,0.65,0.717,0.584
739,2,0.766,1.0,0.716,0.716,0.534,0.3,0.484,0.634
740,,0.716,0.95,0.666,0.666,0.484,0.25,0.434,0.584
741,,0.666,0.9,0.616,0.616,0.434,0.2,0.384,0.534
742,,0.616,0.85,0.566,0.566,0.384,0.15,0.334,0.484
743,,0.566,0.8,0.516,0.516,0.334,0.1,0.284,0.434
744,,0.516,0.75,0.466,0.466,0.284,0.05,0.234,0.384
745,,0.466,0.7,0.416,0.416,0.234,0.0,0.184,0.334
746,,0.416,0.65,0.366,0.366,0.184,-0.05,0.134,0.284
747,6,0.183,0.3,0.133,0.416,0.517,0.95,0.467,0.334
748,6,-0.05,-0.05,-0.1,0.466,0.85,1.0,0.8,0.384
749,3,0.0,0.283,0.9,0.799,0.9,0.767,0.45,0.151
750,3,0.05,0.616,1.0,1.0,0.95,0.534,0.1,-0.082
751,8,0.383,0.666,0.767,0.65,0.717,0.584,0.433,0.918
752,8,0.716,0.716,0.534,0.3,0.484,0.634,0.766,1.0
753,,0.666,0.666,0.484,0.25,0.434,0.584,0.716,0.95
754,,0.616,0.616,0.434,0.2,0.384,0.534,0.666,0.9
755,,0.566,0.566,0.384,0.15,0.334,0.484,0.616,0.85
756,,0.516,0.516,0.334,0.1,0.284,0.434,0.566,0.8
757,,0.466,0.466,0.284,0.05,0.234,0.384,0.516,0.75
758,,0.416,0.416,0.234,0.0,0.184,0.334,0.466,0.7
759,,0.366,0.366,0.184,-0.05,0.134,0.284,0.416,0.65
760,4,0.133,0.416,0.517,0.95,0.467,0.334,0.183,0.3
761,4,-0.1,0.466,0.85,1.0,0.8,0.384,-0.05,-0.05
762,1,0.9,0.799,0.9,0.767,0.45,0.151,0.0,0.283
763,1,1.0,1.0,0.95,0.534,0.1,-0.082,0.05,0.616
764,6,0.767,0.65,0.717,0.584,0.433,0.918,0.383,0.666
765,6,0.534,0.3,0.484,0.634,0.766,1.0,0.716,0.716
766,,0.484,0.25,0.434,0.584,0.716,0.95,0.666,0.666
767,,0.434,0.2,0.384,0.534,0.666,0.9,0.616,0.616
768,,0.384,0.15,0.334,0.484,0.616,0.85,0.566,0.566
769,,0.334,0.1,0.284,0.434,0.566,0.8,0.516,0.516
770,,0.284,0.05,0.234,0.384,0.516,0.75,0.466,0.466
771,,0.234,0.0,0.184,0.334,0.466,0.7,0.416,0.416
772,,0.184,-0.05,0.134,0.284,0.416,0.65,0.366,0.366
773,2,0.517,0.95,0.467,0.334,0.183,0.3,0.133,0.416
774,2,0.85,1.0,0.8,0.384,-0.05,-0.05,-0.1,0.466
775,7,0.9,0.767,0.45,0.151,0.0,0.283,0.9,0.799
776,7,0.95,0.534,0.1,-0.082,0.05,0.616,1.0,1.0
777,4,0.717,0.584,0.433,0.918,0.383,0.666,0.767,0.65
778,4,0.484,0.634,0.766,1.0,0.716,0.716,0.534,0.3
779,,0.434,0.584,0.716,0.95,0.666,0.666,0.484,0.25
780,,0.384,0.534,0.666,0.9,0.616,0.616,0.434,0.2
781,,0.334,0.484,0.616,0.85,0.566,0.566,0.384,0.15
782,,0.284,0.434,0.566,0.8,0.516,0.516,0.334,0.1
783,,0.234,0.384,0.516,0.75,0.466,0.466,0.284,0.05
784,,0.184,0.334,0.466,0.7,0.416,0.416,0.234,0.0
785,,0.134,0.284,0.416,0.65,0.366,0.366,0.184,-0.05
786,8,0.467,0.334,0.183,0.3,0.133,0.416,0.517,0.95
787,8,0.8,0.384,-0.05,-0.05,-0.1,0.466,0.85,1.0
788,5,0.45,0.151,0.0,0.283,0.9,0.799,0.9,0.767
789,5,0.1,-0.082,0.05,0.616,1.0,1.0,0.95,0.534
790,2,0.433,0.918,0.383,0.666,0.767,0.65,0.717,0.584
791,2,0.766,1.0,0.716,0.716,0.534,0.3,0.484,0.634
792,,0.716,0.95,0.666,0.666,0.484,0.25,0.434,0.584
793,,0.666,0.9,0.616,0.616,0.434,0.2,0.384,0.534
794,,0.616,0.85,0.566,0.566,0.384,0.15,0.334,0.484
795,,0.566,0.8,0.516,0.516,0.334,0.1,0.284,0.434
796,,0.516,0.75,0.466,0.466,0.284,0.05,0.234,0.384
797,,0.466,0.7,0.416,0.416,0.234,0.0,0.184,0.334
798,,0.416,0.65,0.366,0.366,0.184,-0.05,0.134,0.284
