step,active_motive,motive_1,motive_2,motive_3,motive_4,motive_5,motive_6,motive_7,motive_8
0,,0.02815,0.05941,0.05876,0.32461,0.37302,0.29168,0.48109,0.18744
1,,-0.17185,-0.14059,-0.14124,0.12461,0.17302,0.09168,0.28109,-0.01256
2,1,0.82815,0.00041,-0.14124,-0.01639,-0.02698,-0.04932,0.28109,0.12844
3,1,1.0,0.14141,-0.14124,-0.15739,-0.22698,-0.19032,0.28109,0.26944
4,5,0.8,0.00041,-0.14124,-0.01639,0.77302,-0.04932,0.28109,0.12844
5,5,0.6,-0.14059,-0.14124,0.12461,1.0,0.09168,0.28109,-0.01256
6,3,0.6,0.00041,0.85876,0.26561,1.0,-0.04932,0.08109,-0.15356
7,3,0.6,0.14141,1.0,0.40661,1.0,-0.19032,-0.11891,-0.29456
8,8,0.741,0.14141,0.859,0.20661,0.859,-0.19032,0.02209,0.70544
9,8,0.882,0.14141,0.718,0.00661,0.718,-0.19032,0.16309,1.0
10,6,0.741,-0.05859,0.577,0.00661,0.859,0.80968,0.30409,1.0
11,6,0.6,-0.25859,0.436,0.00661,1.0,1.0,0.44509,1.0
12,2,0.741,0.74141,0.577,0.00661,0.859,0.8,0.30409,1.0
13,2,0.882,1.0,0.718,0.00661,0.718,0.6,0.16309,1.0
14,,0.682,0.8,0.518,-0.19339,0.518,0.4,-0.03691,0.8
15,4,0.541,0.8,0.659,0.80661,0.659,0.4,-0.17791,0.6
16,4,0.4,0.8,0.8,1.0,0.8,0.4,-0.31891,0.4
17,7,0.4,0.659,0.6,0.859,0.8,0.541,0.68109,0.541
18,7,0.4,0.518,0.4,0.718,0.8,0.682,1.0,0.682
19,,0.2,0.318,0.2,0.518,0.6,0.482,0.8,0.482
20,,0.0,0.118,0.0,0.318,0.4,0.282,0.6,0.282
21,,-0.2,-0.082,-0.2,0.118,0.2,0.082,0.4,0.082
22,1,0.8,0.059,-0.2,-0.023,0.0,-0.059,0.4,0.223
23,1,1.0,0.2,-0.2,-0.164,-0.2,-0.2,0.4,0.364
24,3,1.0,0.341,0.8,-0.023,-0.2,-0.341,0.2,0.223
25,3,1.0,0.482,1.0,0.118,-0.2,-0.482,0.0,0.082
26,6,0.859,0.282,0.859,0.118,-0.059,0.518,0.141,0.082
27,6,0.718,0.082,0.718,0.118,0.082,1.0,0.282,0.082
28,,0.518,-0.118,0.518,-0.082,-0.118,0.8,0.082,-0.118
29,2,0.659,0.882,0.659,-0.082,-0.259,0.6,-0.059,-0.118
30,2,0.8,1.0,0.8,-0.082,-0.4,0.4,-0.2,-0.118
31,5,0.6,0.859,0.8,0.059,0.6,0.541,-0.2,-0.259
32,5,0.4,0.718,0.8,0.2,1.0,0.682,-0.2,-0.4
33,8,0.541,0.718,0.659,0.0,0.859,0.682,-0.059,0.6
34,8,0.682,0.718,0.518,-0.2,0.718,0.682,0.082,1.0
35,4,0.541,0.718,0.659,0.8,0.859,0.682,-0.059,0.8
36,4,0.4,0.718,0.8,1.0,1.0,0.682,-0.2,0.6
37,7,0.4,0.577,0.6,0.859,1.0,0.823,0.8,0.741
38,7,0.4,0.436,0.4,0.718,1.0,0.964,1.0,0.882
39,,0.2,0.236,0.2,0.518,0.8,0.764,0.8,0.682
40,,0.0,0.036,0.0,0.318,0.6,0.564,0.6,0.482
41,,-0.2,-0.164,-0.2,0.118,0.4,0.364,0.4,0.282
42,3,-0.2,-0.023,0.8,0.259,0.4,0.223,0.2,0.141
43,3,-0.2,0.118,1.0,0.4,0.4,0.082,0.0,-0.0
44,1,0.8,0.259,1.0,0.259,0.2,-0.059,0.0,0.141
45,1,1.0,0.4,1.0,0.118,0.0,-0.2,0.0,0.282
46,6,0.859,0.2,0.859,0.118,0.141,0.8,0.141,0.282
47,6,0.718,0.0,0.718,0.118,0.282,1.0,0.282,0.282
48,,0.518,-0.2,0.518,-0.082,0.082,0.8,0.082,0.082
49,2,0.659,0.8,0.659,-0.082,-0.059,0.6,-0.059,0.082
50,2,0.8,1.0,0.8,-0.082,-0.2,0.4,-0.2,0.082
51,5,0.6,0.859,0.8,0.059,0.8,0.541,-0.2,-0.059
52,5,0.4,0.718,0.8,0.2,1.0,0.682,-0.2,-0.2
53,8,0.541,0.718,0.659,0.0,0.859,0.682,-0.059,0.8
54,8,0.682,0.718,0.518,-0.2,0.718,0.682,0.082,1.0
55,4,0.541,0.718,0.659,0.8,0.859,0.682,-0.059,0.8
56,4,0.4,0.718,0.8,1.0,1.0,0.682,-0.2,0.6
57,7,0.4,0.577,0.6,0.859,1.0,0.823,0.8,0.741
58,7,0.4,0.436,0.4,0.718,1.0,0.964,1.0,0.882
59,,0.2,0.236,0.2,0.518,0.8,0.764,0.8,0.682
60,,0.0,0.036,0.0,0.318,0.6,0.564,0.6,0.482
61,,-0.2,-0.164,-0.2,0.118,0.4,0.364,0.4,0.282
62,3,-0.2,-0.023,0.8,0.259,0.4,0.223,0.2,0.141
63,3,-0.2,0.118,1.0,0.4,0.4,0.082,0.0,-0.0
64,1,0.8,0.259,1.0,0.259,0.2,-0.059,0.0,0.141
65,1,1.0,0.4,1.0,0.118,0.0,-0.2,0.0,0.282
66,6,0.859,0.2,0.859,0.118,0.141,0.8,0.141,0.282
67,6,0.718,0.0,0.718,0.118,0.282,1.0,0.282,0.282
68,,0.518,-0.2,0.518,-0.082,0.082,0.8,0.082,0.082
69,2,0.659,0.8,0.659,-0.082,-0.059,0.6,-0.059,0.082
70,2,0.8,1.0,0.8,-0.082,-0.2,0.4,-0.2,0.082
71,7,0.8,0.859,0.6,-0.223,-0.2,0.541,0.8,0.223
72,7,0.8,0.718,0.4,-0.364,-0.2,0.682,1.0,0.364
73,4,0.659,0.718,0.541,0.636,-0.059,0.682,0.859,0.164
74,4,0.518,0.718,0.682,1.0,0.082,0.682,0.718,-0.036
75,8,0.659,0.718,0.541,0.8,-0.059,0.682,0.859,0.964
76,8,0.8,0.718,0.4,0.6,-0.2,0.682,1.0,1.0
77,5,0.6,0.577,0.4,0.741,0.8,0.823,1.0,0.859
78,5,0.4,0.436,0.4,0.882,1.0,0.964,1.0,0.718
79,,0.2,0.236,0.2,0.682,0.8,0.764,0.8,0.518
80,,0.0,0.036,0.0,0.482,0.6,0.564,0.6,0.318
81,,-0.2,-0.164,-0.2,0.282,0.4,0.364,0.4,0.118
82,1,0.8,-0.023,-0.2,0.141,0.2,0.223,0.4,0.259
83,1,1.0,0.118,-0.2,-0.0,0.0,0.082,0.4,0.4
84,3,1.0,0.259,0.8,0.141,0.0,-0.059,0.2,0.259
85,3,1.0,0.4,1.0,0.282,0.0,-0.2,0.0,0.118
86,6,0.859,0.2,0.859,0.282,0.141,0.8,0.141,0.118
87,6,0.718,0.0,0.718,0.282,0.282,1.0,0.282,0.118
88,,0.518,-0.2,0.518,0.082,0.082,0.8,0.082,-0.082
89,2,0.659,0.8,0.659,0.082,-0.059,0.6,-0.059,-0.082
90,2,0.8,1.0,0.8,0.082,-0.2,0.4,-0.2,-0.082
91,7,0.8,0.859,0.6,-0.059,-0.2,0.541,0.8,0.059
92,7,0.8,0.718,0.4,-0.2,-0.2,0.682,1.0,0.2
93,4,0.659,0.718,0.541,0.8,-0.059,0.682,0.859,0.0
94,4,0.518,0.718,0.682,1.0,0.082,0.682,0.718,-0.2
95,8,0.659,0.718,0.541,0.8,-0.059,0.682,0.859,0.8
96,8,0.8,0.718,0.4,0.6,-0.2,0.682,1.0,1.0
97,5,0.6,0.577,0.4,0.741,0.8,0.823,1.0,0.859
98,5,0.4,0.436,0.4,0.882,1.0,0.964,1.0,0.718
99,,0.2,0.236,0.2,0.682,0.8,0.764,0.8,0.518
100,,0.0,0.036,0.0,0.482,0.6,0.564,0.6,0.318
101,,-0.2,-0.164,-0.2,0.282,0.4,0.364,0.4,0.118
102,1,0.8,-0.023,-0.2,0.141,0.2,0.223,0.4,0.259
103,1,1.0,0.118,-0.2,-0.0,0.0,0.082,0.4,0.4
104,3,1.0,0.259,0.8,0.141,0.0,-0.059,0.2,0.259
105,3,1.0,0.4,1.0,0.282,0.0,-0.2,0.0,0.118
106,6,0.859,0.2,0.859,0.282,0.141,0.8,0.141,0.118
107,6,0.718,0.0,0.718,0.282,0.282,1.0,0.282,0.118
108,,0.518,-0.2,0.518,0.082,0.082,0.8,0.082,-0.082
109,2,0.659,0.8,0.659,0.082,-0.059,0.6,-0.059,-0.082
110,2,0.8,1.0,0.8,0.082,-0.2,0.4,-0.2,-0.082
111,5,0.6,0.859,0.8,0.223,0.8,0.541,-0.2,-0.223
112,5,0.4,0.718,0.8,0.364,1.0,0.682,-0.2,-0.364
113,8,0.541,0.718,0.659,0.164,0.859,0.682,-0.059,0.636
114,8,0.682,0.718,0.518,-0.036,0.718,0.682,0.082,1.0
115,4,0.541,0.718,0.659,0.964,0.859,0.682,-0.059,0.8
116,4,0.4,0.718,0.8,1.0,1.0,0.682,-0.2,0.6
117,7,0.4,0.577,0.6,0.859,1.0,0.823,0.8,0.741
118,7,0.4,0.436,0.4,0.718,1.0,0.964,1.0,0.882
119,,0.2,0.236,0.2,0.518,0.8,0.764,0.8,0.682
120,,0.0,0.036,0.0,0.318,0.6,0.564,0.6,0.482
121,,-0.2,-0.164,-0.2,0.118,0.4,0.364,0.4,0.282
122,1,0.8,-0.023,-0.2,-0.023,0.2,0.223,0.4,0.423
123,1,1.0,0.118,-0.2,-0.164,0.0,0.082,0.4,0.564
124,3,1.0,0.259,0.8,-0.023,0.0,-0.059,0.2,0.423
125,3,1.0,0.4,1.0,0.118,0.0,-0.2,0.0,0.282
126,6,0.859,0.2,0.859,0.118,0.141,0.8,0.141,0.282
127,6,0.718,0.0,0.718,0.118,0.282,1.0,0.282,0.282
128,,0.518,-0.2,0.518,-0.082,0.082,0.8,0.082,0.082
129,2,0.659,0.8,0.659,-0.082,-0.059,0.6,-0.059,0.082
130,2,0.8,1.0,0.8,-0.082,-0.2,0.4,-0.2,0.082
131,7,0.8,0.859,0.6,-0.223,-0.2,0.541,0.8,0.223
132,7,0.8,0.718,0.4,-0.364,-0.2,0.682,1.0,0.364
133,4,0.659,0.718,0.541,0.636,-0.059,0.682,0.859,0.164
134,4,0.518,0.718,0.682,1.0,0.082,0.682,0.718,-0.036
135,8,0.659,0.718,0.541,0.8,-0.059,0.682,0.859,0.964
136,8,0.8,0.718,0.4,0.6,-0.2,0.682,1.0,1.0
137,5,0.6,0.577,0.4,0.741,0.8,0.823,1.0,0.859
138,5,0.4,0.436,0.4,0.882,1.0,0.964,1.0,0.718
139,,0.2,0.236,0.2,0.682,0.8,0.764,0.8,0.518
140,,0.0,0.036,0.0,0.482,0.6,0.564,0.6,0.318
141,,-0.2,-0.164,-0.2,0.282,0.4,0.364,0.4,0.118
142,3,-0.2,-0.023,0.8,0.423,0.4,0.223,0.2,-0.023
143,3,-0.2,0.118,1.0,0.564,0.4,0.082,0.0,-0.164
144,1,0.8,0.259,1.0,0.423,0.2,-0.059,0.0,-0.023
145,1,1.0,0.4,1.0,0.282,0.0,-0.2,0.0,0.118
146,6,0.859,0.2,0.859,0.282,0.141,0.8,0.141,0.118
147,6,0.718,0.0,0.718,0.282,0.282,1.0,0.282,0.118
148,,0.518,-0.2,0.518,0.082,0.082,0.8,0.082,-0.082
149,2,0.659,0.8,0.659,0.082,-0.059,0.6,-0.059,-0.082
150,2,0.8,1.0,0.8,0.082,-0.2,0.4,-0.2,-0.082
151,5,0.6,0.859,0.8,0.223,0.8,0.541,-0.2,-0.223
152,5,0.4,0.718,0.8,0.364,1.0,0.682,-0.2,-0.364
153,8,0.541,0.718,0.659,0.164,0.859,0.682,-0.059,0.636
154,8,0.682,0.718,0.518,-0.036,0.718,0.682,0.082,1.0
155,4,0.541,0.718,0.659,0.964,0.859,0.682,-0.059,0.8
156,4,0.4,0.718,0.8,1.0,1.0,0.682,-0.2,0.6
157,7,0.4,0.577,0.6,0.859,1.0,0.823,0.8,0.741
158,7,0.4,0.436,0.4,0.718,1.0,0.964,1.0,0.882
159,,0.2,0.236,0.2,0.518,0.8,0.764,0.8,0.682
160,,0.0,0.036,0.0,0.318,0.6,0.564,0.6,0.482
161,,-0.2,-0.164,-0.2,0.118,0.4,0.364,0.4,0.282
162,1,0.8,-0.023,-0.2,-0.023,0.2,0.223,0.4,0.423
163,1,1.0,0.118,-0.2,-0.164,0.0,0.082,0.4,0.564
164,3,1.0,0.259,0.8,-0.023,0.0,-0.059,0.2,0.423
165,3,1.0,0.4,1.0,0.118,0.0,-0.2,0.0,0.282
166,6,0.859,0.2,0.859,0.118,0.141,0.8,0.141,0.282
167,6,0.718,0.0,0.718,0.118,0.282,1.0,0.282,0.282
168,,0.518,-0.2,0.518,-0.082,0.082,0.8,0.082,0.082
169,2,0.659,0.8,0.659,-0.082,-0.059,0.6,-0.059,0.082
170,2,0.8,1.0,0.8,-0.082,-0.2,0.4,-0.2,0.082
171,7,0.8,0.859,0.6,-0.223,-0.2,0.541,0.8,0.223
172,7,0.8,0.718,0.4,-0.364,-0.2,0.682,1.0,0.364
173,4,0.659,0.718,0.541,0.636,-0.059,0.682,0.859,0.164
174,4,0.518,0.718,0.682,1.0,0.082,0.682,0.718,-0.036
175,8,0.659,0.718,0.541,0.8,-0.059,0.682,0.859,0.964
176,8,0.8,0.718,0.4,0.6,-0.2,0.682,1.0,1.0
177,5,0.6,0.577,0.4,0.741,0.8,0.823,1.0,0.859
178,5,0.4,0.436,0.4,0.882,1.0,0.964,1.0,0.718
179,,0.2,0.236,0.2,0.682,0.8,0.764,0.8,0.518
180,,0.0,0.036,0.0,0.482,0.6,0.564,0.6,0.318
181,,-0.2,-0.164,-0.2,0.282,0.4,0.364,0.4,0.118
182,1,0.8,-0.023,-0.2,0.141,0.2,0.223,0.4,0.259
183,1,1.0,0.118,-0.2,-0.0,0.0,0.082,0.4,0.4
184,3,1.0,0.259,0.8,0.141,0.0,-0.059,0.2,0.259
185,3,1.0,0.4,1.0,0.282,0.0,-0.2,0.0,0.118
186,6,0.859,0.2,0.859,0.282,0.141,0.8,0.141,0.118
187,6,0.718,0.0,0.718,0.282,0.282,1.0,0.282,0.118
188,,0.518,-0.2,0.518,0.082,0.082,0.8,0.082,-0.082
189,2,0.659,0.8,0.659,0.082,-0.059,0.6,-0.059,-0.082
190,2,0.8,1.0,0.8,0.082,-0.2,0.4,-0.2,-0.082
191,7,0.8,0.859,0.6,-0.059,-0.2,0.541,0.8,0.059
192,7,0.8,0.718,0.4,-0.2,-0.2,0.682,1.0,0.2
193,4,0.659,0.718,0.541,0.8,-0.059,0.682,0.859,0.0
194,4,0.518,0.718,0.682,1.0,0.082,0.682,0.718,-0.2
195,8,0.659,0.718,0.541,0.8,-0.059,0.682,0.859,0.8
196,8,0.8,0.718,0.4,0.6,-0.2,0.682,1.0,1.0
197,5,0.6,0.577,0.4,0.741,0.8,0.823,1.0,0.859
198,5,0.4,0.436,0.4,0.882,1.0,0.964,1.0,0.718
199,,0.2,0.236,0.2,0.682,0.8,0.764,0.8,0.518
