step,active_motive,motive_1,motive_2,motive_3,motive_4,motive_5,motive_6,motive_7,motive_8
0,,0.2469,0.26137,0.21377,0.01271,0.05395,0.01571,0.31821,0.15718
1,,0.1969,0.21137,0.16377,-0.03729,0.00395,-0.03429,0.26821,0.10718
2,4,-0.0361,0.26137,0.49677,0.96271,0.33695,0.01571,0.03521,-0.24282
3,4,-0.2691,0.31137,0.82977,1.0,0.66995,0.06571,-0.19779,-0.59282
4,8,0.0639,0.36137,0.59677,0.65,0.43695,0.11571,0.13521,0.40718
5,8,0.3969,0.41137,0.36377,0.3,0.20395,0.16571,0.46821,1.0
6,,0.3469,0.36137,0.31377,0.25,0.15395,0.11571,0.41821,0.95
7,,0.2969,0.31137,0.26377,0.2,0.10395,0.06571,0.36821,0.9
8,,0.2469,0.26137,0.21377,0.15,0.05395,0.01571,0.31821,0.85
9,,0.1969,0.21137,0.16377,0.1,0.00395,-0.03429,0.26821,0.8
10,6,-0.0361,-0.13863,-0.06923,0.15,0.33695,0.96571,0.60121,0.85
11,6,-0.2691,-0.48863,-0.30223,0.2,0.66995,1.0,0.93421,0.9
12,2,0.0639,0.51137,0.03077,0.25,0.43695,0.65,0.70121,0.95
13,2,0.3969,1.0,0.36377,0.3,0.20395,0.3,0.46821,1.0
14,,0.3469,0.95,0.31377,0.25,0.15395,0.25,0.41821,0.95
15,,0.2969,0.9,0.26377,0.2,0.10395,0.2,0.36821,0.9
16,,0.2469,0.85,0.21377,0.15,0.05395,0.15,0.31821,0.85
17,,0.1969,0.8,0.16377,0.1,0.00395,0.1,0.26821,0.8
18,,0.1469,0.75,0.11377,0.05,-0.04605,0.05,0.21821,0.75
19,5,-0.2031,0.517,0.16377,0.383,0.95395,0.383,0.26821,0.517
20,5,-0.5531,0.284,0.21377,0.716,1.0,0.716,0.31821,0.284
21,1,0.4469,0.617,0.26377,0.483,0.65,0.483,0.36821,0.617
22,1,1.0,0.95,0.31377,0.25,0.3,0.25,0.41821,0.95
23,,0.95,0.9,0.26377,0.2,0.25,0.2,0.36821,0.9
24,,0.9,0.85,0.21377,0.15,0.2,0.15,0.31821,0.85
25,,0.85,0.8,0.16377,0.1,0.15,0.1,0.26821,0.8
26,,0.8,0.75,0.11377,0.05,0.1,0.05,0.21821,0.75
27,,0.75,0.7,0.06377,0.0,0.05,0.0,0.16821,0.7
28,,0.7,0.65,0.01377,-0.05,0.0,-0.05,0.11821,0.65
29,6,0.467,0.3,-0.21923,0.0,0.333,0.95,0.45121,0.7
30,6,0.234,-0.05,-0.45223,0.05,0.666,1.0,0.78421,0.75
31,3,0.284,0.283,0.54777,0.383,0.716,0.767,0.43421,0.517
32,3,0.334,0.616,1.0,0.716,0.766,0.534,0.08421,0.284
33,,0.284,0.566,0.95,0.666,0.716,0.484,0.03421,0.234
34,,0.234,0.516,0.9,0.616,0.666,0.434,-0.01579,0.184
35,7,0.284,0.283,0.55,0.383,0.716,0.767,0.98421,0.517
36,7,0.334,0.05,0.2,0.15,0.766,1.0,1.0,0.85
37,,0.284,0.0,0.15,0.1,0.716,0.95,0.95,0.8
38,,0.234,-0.05,0.1,0.05,0.666,0.9,0.9,0.75
39,2,0.567,0.95,0.433,0.1,0.433,0.55,0.667,0.8
40,2,0.9,1.0,0.766,0.15,0.2,0.2,0.434,0.85
41,,0.85,0.95,0.716,0.1,0.15,0.15,0.384,0.8
42,,0.8,0.9,0.666,0.05,0.1,0.1,0.334,0.75
43,,0.75,0.85,0.616,0.0,0.05,0.05,0.284,0.7
44,,0.7,0.8,0.566,-0.05,0.0,0.0,0.234,0.65
45,4,0.467,0.85,0.899,0.95,0.333,0.05,0.001,0.3
46,4,0.234,0.9,1.0,1.0,0.666,0.1,-0.232,-0.05
47,7,0.284,0.667,0.65,0.767,0.716,0.433,0.768,0.283
48,7,0.334,0.434,0.3,0.534,0.766,0.766,1.0,0.616
49,,0.284,0.384,0.25,0.484,0.716,0.716,0.95,0.566
50,,0.234,0.334,0.2,0.434,0.666,0.666,0.9,0.516
51,,0.184,0.284,0.15,0.384,0.616,0.616,0.85,0.466
52,,0.134,0.234,0.1,0.334,0.566,0.566,0.8,0.416
53,,0.084,0.184,0.05,0.284,0.516,0.516,0.75,0.366
54,,0.034,0.134,0.0,0.234,0.466,0.466,0.7,0.316
55,,-0.016,0.084,-0.05,0.184,0.416,0.416,0.65,0.266
56,3,0.034,0.417,0.95,0.517,0.466,0.183,0.3,0.033
57,3,0.084,0.75,1.0,0.85,0.516,-0.05,-0.05,-0.2
58,8,0.417,0.8,0.767,0.5,0.283,0.0,0.283,0.8
59,8,0.75,0.85,0.534,0.15,0.05,0.05,0.616,1.0
60,,0.7,0.8,0.484,0.1,0.0,0.0,0.566,0.95
61,,0.65,0.75,0.434,0.05,-0.05,-0.05,0.516,0.9
62,6,0.417,0.4,0.201,0.1,0.283,0.95,0.849,0.95
63,6,0.184,0.05,-0.032,0.15,0.616,1.0,1.0,1.0
64,3,0.234,0.383,0.968,0.483,0.666,0.767,0.65,0.767
65,3,0.284,0.716,1.0,0.816,0.716,0.534,0.3,0.534
66,,0.234,0.666,0.95,0.766,0.666,0.484,0.25,0.484
67,,0.184,0.616,0.9,0.716,0.616,0.434,0.2,0.434
68,,0.134,0.566,0.85,0.666,0.566,0.384,0.15,0.384
69,,0.084,0.516,0.8,0.616,0.516,0.334,0.1,0.334
70,,0.034,0.466,0.75,0.566,0.466,0.284,0.05,0.284
71,,-0.016,0.416,0.7,0.516,0.416,0.234,0.0,0.234
72,1,0.984,0.749,0.75,0.283,0.066,0.001,0.05,0.567
73,1,1.0,1.0,0.8,0.05,-0.284,-0.232,0.1,0.9
74,5,0.65,0.767,0.85,0.383,0.716,0.101,0.15,0.667
75,5,0.3,0.534,0.9,0.716,1.0,0.434,0.2,0.434
76,,0.25,0.484,0.85,0.666,0.95,0.384,0.15,0.384
77,,0.2,0.434,0.8,0.616,0.9,0.334,0.1,0.334
78,,0.15,0.384,0.75,0.566,0.85,0.284,0.05,0.284
79,,0.1,0.334,0.7,0.516,0.8,0.234,0.0,0.234
80,,0.05,0.284,0.65,0.466,0.75,0.184,-0.05,0.184
81,7,0.1,0.051,0.3,0.233,0.8,0.517,0.95,0.517
82,7,0.15,-0.182,-0.05,0.0,0.85,0.85,1.0,0.85
83,2,0.483,0.818,0.283,0.05,0.617,0.5,0.767,0.9
84,2,0.816,1.0,0.616,0.1,0.384,0.15,0.534,0.95
85,,0.766,0.95,0.566,0.05,0.334,0.1,0.484,0.9
86,,0.716,0.9,0.516,0.0,0.284,0.05,0.434,0.85
87,,0.666,0.85,0.466,-0.05,0.234,0.0,0.384,0.8
88,4,0.433,0.9,0.799,0.95,0.567,0.05,0.151,0.45
89,4,0.2,0.95,1.0,1.0,0.9,0.1,-0.082,0.1
90,7,0.25,0.717,0.65,0.767,0.95,0.433,0.918,0.433
91,7,0.3,0.484,0.3,0.534,1.0,0.766,1.0,0.766
92,,0.25,0.434,0.25,0.484,0.95,0.716,0.95,0.716
93,,0.2,0.384,0.2,0.434,0.9,0.666,0.9,0.666
94,,0.15,0.334,0.15,0.384,0.85,0.616,0.85,0.616
95,,0.1,0.284,0.1,0.334,0.8,0.566,0.8,0.566
96,,0.05,0.234,0.05,0.284,0.75,0.516,0.75,0.516
97,,0.0,0.184,0.0,0.234,0.7,0.466,0.7,0.466
98,,-0.05,0.134,-0.05,0.184,0.65,0.416,0.65,0.416
99,3,0.0,0.467,0.95,0.517,0.7,0.183,0.3,0.183
100,3,0.05,0.8,1.0,0.85,0.75,-0.05,-0.05,-0.05
101,6,-0.183,0.45,0.767,0.9,1.0,0.95,0.283,0.0
102,6,-0.416,0.1,0.534,0.95,1.0,1.0,0.616,0.05
103,1,0.584,0.433,0.584,0.717,0.65,0.767,0.666,0.383
104,1,1.0,0.766,0.634,0.484,0.3,0.534,0.716,0.716
105,,0.95,0.716,0.584,0.434,0.25,0.484,0.666,0.666
106,,0.9,0.666,0.534,0.384,0.2,0.434,0.616,0.616
107,,0.85,0.616,0.484,0.334,0.15,0.384,0.566,0.566
108,,0.8,0.566,0.434,0.284,0.1,0.334,0.516,0.516
109,,0.75,0.516,0.384,0.234,0.05,0.284,0.466,0.466
110,,0.7,0.466,0.334,0.184,0.0,0.234,0.416,0.416
111,,0.65,0.416,0.284,0.134,-0.05,0.184,0.366,0.366
112,5,0.3,0.183,0.334,0.467,0.95,0.517,0.416,0.133
113,5,-0.05,-0.05,0.384,0.8,1.0,0.85,0.466,-0.1
114,8,0.283,0.0,0.151,0.45,0.767,0.9,0.799,0.9
115,8,0.616,0.05,-0.082,0.1,0.534,0.95,1.0,1.0
116,3,0.666,0.383,0.918,0.433,0.584,0.717,0.65,0.767
117,3,0.716,0.716,1.0,0.766,0.634,0.484,0.3,0.534
118,,0.666,0.666,0.95,0.716,0.584,0.434,0.25,0.484
119,,0.616,0.616,0.9,0.666,0.534,0.384,0.2,0.434
120,,0.566,0.566,0.85,0.616,0.484,0.334,0.15,0.384
121,,0.516,0.516,0.8,0.566,0.434,0.284,0.1,0.334
122,,0.466,0.466,0.75,0.516,0.384,0.234,0.05,0.284
123,,0.416,0.416,0.7,0.466,0.334,0.184,0.0,0.234
124,,0.366,0.366,0.65,0.416,0.284,0.134,-0.05,0.184
125,7,0.416,0.133,0.3,0.183,0.334,0.467,0.95,0.517
126,7,0.466,-0.1,-0.05,-0.05,0.384,0.8,1.0,0.85
127,2,0.799,0.9,0.283,0.0,0.151,0.45,0.767,0.9
128,2,1.0,1.0,0.616,0.05,-0.082,0.1,0.534,0.95
129,5,0.65,0.767,0.666,0.383,0.918,0.433,0.584,0.717
130,5,0.3,0.534,0.716,0.716,1.0,0.766,0.634,0.484
131,,0.25,0.484,0.666,0.666,0.95,0.716,0.584,0.434
132,,0.2,0.434,0.616,0.616,0.9,0.666,0.534,0.384
133,,0.15,0.384,0.566,0.566,0.85,0.616,0.484,0.334
134,,0.1,0.334,0.516,0.516,0.8,0.566,0.434,0.284
135,,0.05,0.284,0.466,0.466,0.75,0.516,0.384,0.234
136,,0.0,0.234,0.416,0.416,0.7,0.466,0.334,0.184
137,,-0.05,0.184,0.366,0.366,0.65,0.416,0.284,0.134
138,1,0.95,0.517,0.416,0.133,0.3,0.183,0.334,0.467
139,1,1.0,0.85,0.466,-0.1,-0.05,-0.05,0.384,0.8
140,4,0.767,0.9,0.799,0.9,0.283,0.0,0.151,0.45
141,4,0.534,0.95,1.0,1.0,0.616,0.05,-0.082,0.1
142,7,0.584,0.717,0.65,0.767,0.666,0.383,0.918,0.433
143,7,0.634,0.484,0.3,0.534,0.716,0.716,1.0,0.766
144,,0.584,0.434,0.25,0.484,0.666,0.666,0.95,0.716
145,,0.534,0.384,0.2,0.434,0.616,0.616,0.9,0.666
146,,0.484,0.334,0.15,0.384,0.566,0.566,0.85,0.616
147,,0.434,0.284,0.1,0.334,0.516,0.516,0.8,0.566
148,,0.384,0.234,0.05,0.284,0.466,0.466,0.75,0.516
149,,0.334,0.184,0.0,0.234,0.416,0.416,0.7,0.466
150,,0.284,0.134,-0.05,0.184,0.366,0.366,0.65,0.416
151,3,0.334,0.467,0.95,0.517,0.416,0.133,0.3,0.183
152,3,0.384,0.8,1.0,0.85,0.466,-0.1,-0.05,-0.05
153,6,0.151,0.45,0.767,0.9,0.799,0.9,0.283,0.0
154,6,-0.082,0.1,0.534,0.95,1.0,1.0,0.616,0.05
155,1,0.918,0.433,0.584,0.717,0.65,0.767,0.666,0.383
156,1,1.0,0.766,0.634,0.484,0.3,0.534,0.716,0.716
157,,0.95,0.716,0.584,0.434,0.25,0.484,0.666,0.666
158,,0.9,0.666,0.534,0.384,0.2,0.434,0.616,0.616
159,,0.85,0.616,0.484,0.334,0.15,0.384,0.566,0.566
160,,0.8,0.566,0.434,0.284,0.1,0.334,0.516,0.516
161,,0.75,0.516,0.384,0.234,0.05,0.284,0.466,0.466
162,,0.7,0.466,0.334,0.184,0.0,0.234,0.416,0.416
163,,0.65,0.416,0.284,0.134,-0.05,0.184,0.366,0.366
164,5,0.3,0.183,0.334,0.467,0.95,0.517,0.416,0.133
165,5,-0.05,-0.05,0.384,0.8,1.0,0.85,0.466,-0.1
166,8,0.283,0.0,0.151,0.45,0.767,0.9,0.799,0.9
167,8,0.616,0.05,-0.082,0.1,0.534,0.95,1.0,1.0
168,3,0.666,0.383,0.918,0.433,0.584,0.717,0.65,0.767
169,3,0.716,0.716,1.0,0.766,0.634,0.484,0.3,0.534
170,,0.666,0.666,0.95,0.716,0.584,0.434,0.25,0.484
171,,0.616,0.616,0.9,0.666,0.534,0.384,0.2,0.434
172,,0.566,0.566,0.85,0.616,0.484,0.334,0.15,0.384
173,,0.516,0.516,0.8,0.566,0.434,0.284,0.1,0.334
174,,0.466,0.466,0.75,0.516,0.384,0.234,0.05,0.284
175,,0.416,0.416,0.7,0.466,0.334,0.184,0.0,0.234
176,,0.366,0.366,0.65,0.416,0.284,0.134,-0.05,0.184
177,7,0.416,0.133,0.3,0.183,0.334,0.467,0.95,0.517
178,7,0.466,-0.1,-0.05,-0.05,0.384,0.8,1.0,0.85
179,2,0.799,0.9,0.283,0.0,0.151,0.45,0.767,0.9
180,2,1.0,1.0,0.616,0.05,-0.082,0.1,0.534,0.95
181,5,0.65,0.767,0.666,0.383,0.918,0.433,0.584,0.717
182,5,0.3,0.534,0.716,0.716,1.0,0.766,0.634,0.484
183,,0.25,0.484,0.666,0.666,0.95,0.716,0.584,0.434
184,,0.2,0.434,0.616,0.616,0.9,0.666,0.534,0.384
185,,0.15,0.384,0.566,0.566,0.85,0.616,0.484,0.334
186,,0.1,0.334,0.516,0.516,0.8,0.566,0.434,0.284
187,,0.05,0.284,0.466,0.466,0.75,0.516,0.384,0.234
188,,0.0,0.234,0.416,0.416,0.7,0.466,0.334,0.184
189,,-0.05,0.184,0.366,0.366,0.65,0.416,0.284,0.134
190,1,0.95,0.517,0.416,0.133,0.3,0.183,0.334,0.467
191,1,1.0,0.85,0.466,-0.1,-0.05,-0.05,0.384,0.8
192,4,0.767,0.9,0.799,0.9,0.283,0.0,0.151,0.45
193,4,0.534,0.95,1.0,1.0,0.616,0.05,-0.082,0.1
194,7,0.584,0.717,0.65,0.767,0.666,0.383,0.918,0.433
195,7,0.634,0.484,0.3,0.534,0.716,0.716,1.0,0.766
196,,0.584,0.434,0.25,0.484,0.666,0.666,0.95,0.716
197,,0.534,0.384,0.2,0.434,0.616,0.616,0.9,0.666
198,,0.484,0.334,0.15,0.384,0.566,0.566,0.85,0.616
199,,0.434,0.284,0.1,0.334,0.516,0.516,0.8,0.566
