step,active_motive,motive_1,motive_2,motive_3,motive_4,motive_5,motive_6,motive_7,motive_8
0,,0.00039,0.49611,0.30874,0.30583,0.00353,0.01153,0.26239,0.19993
1,,-0.04961,0.44611,0.25874,0.25583,-0.04647,-0.03847,0.21239,0.14993
2,1,0.95039,0.77911,0.30874,0.02283,-0.39647,-0.27147,0.26239,0.48293
3,1,1.0,1.0,0.35874,-0.21017,-0.74647,-0.50447,0.31239,0.81593
4,5,0.65,0.767,0.40874,0.12283,0.25353,-0.17147,0.36239,0.58293
5,5,0.3,0.534,0.45874,0.45583,1.0,0.16153,0.41239,0.34993
6,,0.25,0.484,0.40874,0.40583,0.95,0.11153,0.36239,0.29993
7,,0.2,0.434,0.35874,0.35583,0.9,0.06153,0.31239,0.24993
8,,0.15,0.384,0.30874,0.30583,0.85,0.01153,0.26239,0.19993
9,,0.1,0.334,0.25874,0.25583,0.8,-0.03847,0.21239,0.14993
10,6,-0.133,-0.016,0.02574,0.30583,1.0,0.96153,0.54539,0.19993
11,6,-0.366,-0.366,-0.20726,0.35583,1.0,1.0,0.87839,0.24993
12,2,-0.033,0.634,0.12574,0.40583,0.767,0.65,0.64539,0.29993
13,2,0.3,1.0,0.45874,0.45583,0.534,0.3,0.41239,0.34993
14,,0.25,0.95,0.40874,0.40583,0.484,0.25,0.36239,0.29993
15,,0.2,0.9,0.35874,0.35583,0.434,0.2,0.31239,0.24993
16,,0.15,0.85,0.30874,0.30583,0.384,0.15,0.26239,0.19993
17,,0.1,0.8,0.25874,0.25583,0.334,0.1,0.21239,0.14993
18,,0.05,0.75,0.20874,0.20583,0.284,0.05,0.16239,0.09993
19,,0.0,0.7,0.15874,0.15583,0.234,0.0,0.11239,0.04993
20,,-0.05,0.65,0.10874,0.10583,0.184,-0.05,0.06239,-7e-05
21,6,-0.283,0.3,-0.12426,0.15583,0.517,0.95,0.39539,0.04993
22,6,-0.516,-0.05,-0.35726,0.20583,0.85,1.0,0.72839,0.09993
23,1,0.484,0.283,-0.30726,-0.02717,0.5,0.767,0.77839,0.43293
24,1,1.0,0.616,-0.25726,-0.26017,0.15,0.534,0.82839,0.76593
25,4,0.767,0.666,0.07574,0.73983,0.483,0.584,0.59539,0.41593
26,4,0.534,0.716,0.40874,1.0,0.816,0.634,0.36239,0.06593
27,,0.484,0.666,0.35874,0.95,0.766,0.584,0.31239,0.01593
28,,0.434,0.616,0.30874,0.9,0.716,0.534,0.26239,-0.03407
29,8,0.767,0.666,0.07574,0.55,0.483,0.584,0.59539,0.96593
30,8,1.0,0.716,-0.15726,0.2,0.25,0.634,0.92839,1.0
31,3,1.0,1.0,0.84274,0.533,0.3,0.401,0.57839,0.767
32,3,1.0,1.0,1.0,0.866,0.35,0.168,0.22839,0.534
33,,0.95,0.95,0.95,0.816,0.3,0.118,0.17839,0.484
34,,0.9,0.9,0.9,0.766,0.25,0.068,0.12839,0.434
35,,0.85,0.85,0.85,0.716,0.2,0.018,0.07839,0.384
36,,0.8,0.8,0.8,0.666,0.15,-0.032,0.02839,0.334
37,6,0.567,0.45,0.567,0.716,0.483,0.968,0.36139,0.384
38,6,0.334,0.1,0.334,0.766,0.816,1.0,0.69439,0.434
39,,0.284,0.05,0.284,0.716,0.766,0.95,0.64439,0.384
40,,0.234,0.0,0.234,0.666,0.716,0.9,0.59439,0.334
41,,0.184,-0.05,0.184,0.616,0.666,0.85,0.54439,0.284
42,2,0.517,0.95,0.517,0.666,0.433,0.5,0.31139,0.334
43,2,0.85,1.0,0.85,0.716,0.2,0.15,0.07839,0.384
44,,0.8,0.95,0.8,0.666,0.15,0.1,0.02839,0.334
45,,0.75,0.9,0.75,0.616,0.1,0.05,-0.02161,0.284
46,7,0.8,0.667,0.4,0.383,0.15,0.383,0.97839,0.617
47,7,0.85,0.434,0.05,0.15,0.2,0.716,1.0,0.95
48,,0.8,0.384,0.0,0.1,0.15,0.666,0.95,0.9
49,,0.75,0.334,-0.05,0.05,0.1,0.616,0.9,0.85
50,3,0.8,0.667,0.95,0.383,0.15,0.383,0.55,0.617
51,3,0.85,1.0,1.0,0.716,0.2,0.15,0.2,0.384
52,,0.8,0.95,0.95,0.666,0.15,0.1,0.15,0.334
53,,0.75,0.9,0.9,0.616,0.1,0.05,0.1,0.284
54,,0.7,0.85,0.85,0.566,0.05,0.0,0.05,0.234
55,,0.65,0.8,0.8,0.516,0.0,-0.05,0.0,0.184
56,6,0.417,0.45,0.567,0.566,0.333,0.95,0.333,0.234
57,6,0.184,0.1,0.334,0.616,0.666,1.0,0.666,0.284
58,,0.134,0.05,0.284,0.566,0.616,0.95,0.616,0.234
59,,0.084,0.0,0.234,0.516,0.566,0.9,0.566,0.184
60,,0.034,-0.05,0.184,0.466,0.516,0.85,0.516,0.134
61,2,0.367,0.95,0.517,0.516,0.283,0.5,0.283,0.184
62,2,0.7,1.0,0.85,0.566,0.05,0.15,0.05,0.234
63,,0.65,0.95,0.8,0.516,0.0,0.1,0.0,0.184
64,,0.6,0.9,0.75,0.466,-0.05,0.05,-0.05,0.134
65,7,0.65,0.667,0.4,0.233,0.0,0.383,0.95,0.467
66,7,0.7,0.434,0.05,0.0,0.05,0.716,1.0,0.8
67,,0.65,0.384,0.0,-0.05,0.0,0.666,0.95,0.75
68,4,0.417,0.434,0.333,0.95,0.333,0.716,0.717,0.4
69,4,0.184,0.484,0.666,1.0,0.666,0.766,0.484,0.05
70,,0.134,0.434,0.616,0.95,0.616,0.716,0.434,0.0
71,,0.084,0.384,0.566,0.9,0.566,0.666,0.384,-0.05
72,8,0.417,0.434,0.333,0.55,0.333,0.716,0.717,0.95
73,8,0.75,0.484,0.1,0.2,0.1,0.766,1.0,1.0
74,,0.7,0.434,0.05,0.15,0.05,0.716,0.95,0.95
75,,0.65,0.384,0.0,0.1,0.0,0.666,0.9,0.9
76,,0.6,0.334,-0.05,0.05,-0.05,0.616,0.85,0.85
77,5,0.25,0.101,0.0,0.383,0.95,0.949,0.9,0.617
78,5,-0.1,-0.132,0.05,0.716,1.0,1.0,0.95,0.384
79,2,0.233,0.868,0.383,0.766,0.767,0.65,0.717,0.434
80,2,0.566,1.0,0.716,0.816,0.534,0.3,0.484,0.484
81,,0.516,0.95,0.666,0.766,0.484,0.25,0.434,0.434
82,,0.466,0.9,0.616,0.716,0.434,0.2,0.384,0.384
83,,0.416,0.85,0.566,0.666,0.384,0.15,0.334,0.334
84,,0.366,0.8,0.516,0.616,0.334,0.1,0.284,0.284
85,,0.316,0.75,0.466,0.566,0.284,0.05,0.234,0.234
86,,0.266,0.7,0.416,0.516,0.234,0.0,0.184,0.184
87,,0.216,0.65,0.366,0.466,0.184,-0.05,0.134,0.134
88,6,-0.017,0.3,0.133,0.516,0.517,0.95,0.467,0.184
89,6,-0.25,-0.05,-0.1,0.566,0.85,1.0,0.8,0.234
90,1,0.75,0.283,-0.05,0.333,0.5,0.767,0.85,0.567
91,1,1.0,0.616,0.0,0.1,0.15,0.534,0.9,0.9
92,,0.95,0.566,-0.05,0.05,0.1,0.484,0.85,0.85
93,3,1.0,0.899,0.95,0.383,0.15,0.251,0.5,0.617
94,3,1.0,1.0,1.0,0.716,0.2,0.018,0.15,0.384
95,,0.95,0.95,0.95,0.666,0.15,-0.032,0.1,0.334
96,6,0.717,0.6,0.717,0.716,0.483,0.968,0.433,0.384
97,6,0.484,0.25,0.484,0.766,0.816,1.0,0.766,0.434
98,,0.434,0.2,0.434,0.716,0.766,0.95,0.716,0.384
99,,0.384,0.15,0.384,0.666,0.716,0.9,0.666,0.334
100,,0.334,0.1,0.334,0.616,0.666,0.85,0.616,0.284
101,,0.284,0.05,0.284,0.566,0.616,0.8,0.566,0.234
102,,0.234,0.0,0.234,0.516,0.566,0.75,0.516,0.184
103,,0.184,-0.05,0.184,0.466,0.516,0.7,0.466,0.134
104,2,0.517,0.95,0.517,0.516,0.283,0.35,0.233,0.184
105,2,0.85,1.0,0.85,0.566,0.05,-0.0,0.0,0.234
106,,0.8,0.95,0.8,0.516,0.0,-0.05,-0.05,0.184
107,6,0.567,0.6,0.567,0.566,0.333,0.95,0.283,0.234
108,6,0.334,0.25,0.334,0.616,0.666,1.0,0.616,0.284
109,,0.284,0.2,0.284,0.566,0.616,0.95,0.566,0.234
110,,0.234,0.15,0.234,0.516,0.566,0.9,0.516,0.184
111,,0.184,0.1,0.184,0.466,0.516,0.85,0.466,0.134
112,,0.134,0.05,0.134,0.416,0.466,0.8,0.416,0.084
113,,0.084,0.0,0.084,0.366,0.416,0.75,0.366,0.034
114,,0.034,-0.05,0.034,0.316,0.366,0.7,0.316,-0.016
115,2,0.367,0.95,0.367,0.366,0.133,0.35,0.083,0.034
116,2,0.7,1.0,0.7,0.416,-0.1,-0.0,-0.15,0.084
117,7,0.75,0.767,0.35,0.183,-0.05,0.333,0.85,0.417
118,7,0.8,0.534,-0.0,-0.05,0.0,0.666,1.0,0.75
119,4,0.567,0.584,0.333,0.95,0.333,0.716,0.767,0.4
120,4,0.334,0.634,0.666,1.0,0.666,0.766,0.534,0.05
121,,0.284,0.584,0.616,0.95,0.616,0.716,0.484,0.0
122,,0.234,0.534,0.566,0.9,0.566,0.666,0.434,-0.05
123,8,0.567,0.584,0.333,0.55,0.333,0.716,0.767,0.95
124,8,0.9,0.634,0.1,0.2,0.1,0.766,1.0,1.0
125,,0.85,0.584,0.05,0.15,0.05,0.716,0.95,0.95
126,,0.8,0.534,0.0,0.1,0.0,0.666,0.9,0.9
127,,0.75,0.484,-0.05,0.05,-0.05,0.616,0.85,0.85
128,5,0.4,0.251,0.0,0.383,0.95,0.949,0.9,0.617
129,5,0.05,0.018,0.05,0.716,1.0,1.0,0.95,0.384
130,,0.0,-0.032,0.0,0.666,0.95,0.95,0.9,0.334
131,2,0.333,0.968,0.333,0.716,0.717,0.6,0.667,0.384
132,2,0.666,1.0,0.666,0.766,0.484,0.25,0.434,0.434
133,,0.616,0.95,0.616,0.716,0.434,0.2,0.384,0.384
134,,0.566,0.9,0.566,0.666,0.384,0.15,0.334,0.334
135,,0.516,0.85,0.516,0.616,0.334,0.1,0.284,0.284
136,,0.466,0.8,0.466,0.566,0.284,0.05,0.234,0.234
137,,0.416,0.75,0.416,0.516,0.234,0.0,0.184,0.184
138,,0.366,0.7,0.366,0.466,0.184,-0.05,0.134,0.134
139,6,0.133,0.35,0.133,0.516,0.517,0.95,0.467,0.184
140,6,-0.1,-0.0,-0.1,0.566,0.85,1.0,0.8,0.234
141,3,-0.05,0.333,0.9,0.899,0.9,0.767,0.45,0.001
142,3,0.0,0.666,1.0,1.0,0.95,0.534,0.1,-0.232
143,8,0.333,0.716,0.767,0.65,0.717,0.584,0.433,0.768
144,8,0.666,0.766,0.534,0.3,0.484,0.634,0.766,1.0
145,,0.616,0.716,0.484,0.25,0.434,0.584,0.716,0.95
146,,0.566,0.666,0.434,0.2,0.384,0.534,0.666,0.9
147,,0.516,0.616,0.384,0.15,0.334,0.484,0.616,0.85
148,,0.466,0.566,0.334,0.1,0.284,0.434,0.566,0.8
149,,0.416,0.516,0.284,0.05,0.234,0.384,0.516,0.75
150,,0.366,0.466,0.234,0.0,0.184,0.334,0.466,0.7
151,,0.316,0.416,0.184,-0.05,0.134,0.284,0.416,0.65
152,4,0.083,0.466,0.517,0.95,0.467,0.334,0.183,0.3
153,4,-0.15,0.516,0.85,1.0,0.8,0.384,-0.05,-0.05
154,1,0.85,0.849,0.9,0.767,0.45,0.151,0.0,0.283
155,1,1.0,1.0,0.95,0.534,0.1,-0.082,0.05,0.616
156,6,0.767,0.65,0.717,0.584,0.433,0.918,0.383,0.666
157,6,0.534,0.3,0.484,0.634,0.766,1.0,0.716,0.716
158,,0.484,0.25,0.434,0.584,0.716,0.95,0.666,0.666
159,,0.434,0.2,0.384,0.534,0.666,0.9,0.616,0.616
160,,0.384,0.15,0.334,0.484,0.616,0.85,0.566,0.566
161,,0.334,0.1,0.284,0.434,0.566,0.8,0.516,0.516
162,,0.284,0.05,0.234,0.384,0.516,0.75,0.466,0.466
163,,0.234,0.0,0.184,0.334,0.466,0.7,0.416,0.416
164,,0.184,-0.05,0.134,0.284,0.416,0.65,0.366,0.366
165,2,0.517,0.95,0.467,0.334,0.183,0.3,0.133,0.416
166,2,0.85,1.0,0.8,0.384,-0.05,-0.05,-0.1,0.466
167,7,0.9,0.767,0.45,0.151,0.0,0.283,0.9,0.799
168,7,0.95,0.534,0.1,-0.082,0.05,0.616,1.0,1.0
169,4,0.717,0.584,0.433,0.918,0.383,0.666,0.767,0.65
170,4,0.484,0.634,0.766,1.0,0.716,0.716,0.534,0.3
171,,0.434,0.584,0.716,0.95,0.666,0.666,0.484,0.25
172,,0.384,0.534,0.666,0.9,0.616,0.616,0.434,0.2
173,,0.334,0.484,0.616,0.85,0.566,0.566,0.384,0.15
174,,0.284,0.434,0.566,0.8,0.516,0.516,0.334,0.1
175,,0.234,0.384,0.516,0.75,0.466,0.466,0.284,0.05
176,,0.184,0.334,0.466,0.7,0.416,0.416,0.234,0.0
177,,0.134,0.284,0.416,0.65,0.366,0.366,0.184,-0.05
178,8,0.467,0.334,0.183,0.3,0.133,0.416,0.517,0.95
179,8,0.8,0.384,-0.05,-0.05,-0.1,0.466,0.85,1.0
180,5,0.45,0.151,0.0,0.283,0.9,0.799,0.9,0.767
181,5,0.1,-0.082,0.05,0.616,1.0,1.0,0.95,0.534
182,2,0.433,0.918,0.383,0.666,0.767,0.65,0.717,0.584
183,2,0.766,1.0,0.716,0.716,0.534,0.3,0.484,0.634
184,,0.716,0.95,0.666,0.666,0.484,0.25,0.434,0.584
185,,0.666,0.9,0.616,0.616,0.434,0.2,0.384,0.534
186,,0.616,0.85,0.566,0.566,0.384,0.15,0.334,0.484
187,,0.566,0.8,0.516,0.516,0.334,0.1,0.284,0.434
188,,0.516,0.75,0.466,0.466,0.284,0.05,0.234,0.384
189,,0.466,0.7,0.416,0.416,0.234,0.0,0.184,0.334
190,,0.416,0.65,0.366,0.366,0.184,-0.05,0.134,0.284
191,6,0.183,0.3,0.133,0.416,0.517,0.95,0.467,0.334
192,6,-0.05,-0.05,-0.1,0.466,0.85,1.0,0.8,0.384
193,3,0.0,0.283,0.9,0.799,0.9,0.767,0.45,0.151
194,3,0.05,0.616,1.0,1.0,0.95,0.534,0.1,-0.082
195,8,0.383,0.666,0.767,0.65,0.717,0.584,0.433,0.918
196,8,0.716,0.716,0.534,0.3,0.484,0.634,0.766,1.0
197,,0.666,0.666,0.484,0.25,0.434,0.584,0.716,0.95
198,,0.616,0.616,0.434,0.2,0.384,0.534,0.666,0.9
199,,0.566,0.566,0.384,0.15,0.334,0.484,0.616,0.85
