step,active_motive,motive_1,motive_2,motive_3,motive_4,motive_5,motive_6,motive_7,motive_8
0,,0.286,0.38428,0.0218,0.49728,0.23497,0.13978,0.44175,0.37386
1,,0.236,0.33428,-0.0282,0.44728,0.18497,0.08978,0.39175,0.32386
2,3,0.286,0.66728,0.9718,0.78028,0.23497,-0.14322,0.04175,0.09086
3,3,0.336,1.0,1.0,1.0,0.28497,-0.37622,-0.30825,-0.14214
4,6,0.103,0.65,0.767,1.0,0.61797,0.62378,0.02475,-0.09214
5,6,-0.13,0.3,0.534,1.0,0.95097,1.0,0.35775,-0.04214
6,1,0.87,0.633,0.584,0.767,0.60097,0.767,0.40775,0.29086
7,1,1.0,0.966,0.634,0.534,0.25097,0.534,0.45775,0.62386
8,,0.95,0.916,0.584,0.484,0.20097,0.484,0.40775,0.57386
9,,0.9,0.866,0.534,0.434,0.15097,0.434,0.35775,0.52386
10,,0.85,0.816,0.484,0.384,0.10097,0.384,0.30775,0.47386
11,,0.8,0.766,0.434,0.334,0.05097,0.334,0.25775,0.42386
12,,0.75,0.716,0.384,0.284,0.00097,0.284,0.20775,0.37386
13,,0.7,0.666,0.334,0.234,-0.04903,0.234,0.15775,0.32386
14,5,0.35,0.433,0.384,0.567,0.95097,0.567,0.20775,0.09086
15,5,-0.0,0.2,0.434,0.9,1.0,0.9,0.25775,-0.14214
16,8,0.333,0.25,0.201,0.55,0.767,0.95,0.59075,0.85786
17,8,0.666,0.3,-0.032,0.2,0.534,1.0,0.92375,1.0
18,3,0.716,0.633,0.968,0.533,0.584,0.767,0.57375,0.767
19,3,0.766,0.966,1.0,0.866,0.634,0.534,0.22375,0.534
20,,0.716,0.916,0.95,0.816,0.584,0.484,0.17375,0.484
21,,0.666,0.866,0.9,0.766,0.534,0.434,0.12375,0.434
22,,0.616,0.816,0.85,0.716,0.484,0.384,0.07375,0.384
23,,0.566,0.766,0.8,0.666,0.434,0.334,0.02375,0.334
24,,0.516,0.716,0.75,0.616,0.384,0.284,-0.02625,0.284
25,7,0.566,0.483,0.4,0.383,0.434,0.617,0.97375,0.617
26,7,0.616,0.25,0.05,0.15,0.484,0.95,1.0,0.95
27,,0.566,0.2,0.0,0.1,0.434,0.9,0.95,0.9
28,,0.516,0.15,-0.05,0.05,0.384,0.85,0.9,0.85
29,3,0.566,0.483,0.95,0.383,0.434,0.617,0.55,0.617
30,3,0.616,0.816,1.0,0.716,0.484,0.384,0.2,0.384
31,,0.566,0.766,0.95,0.666,0.434,0.334,0.15,0.334
32,,0.516,0.716,0.9,0.616,0.384,0.284,0.1,0.284
33,,0.466,0.666,0.85,0.566,0.334,0.234,0.05,0.234
34,,0.416,0.616,0.8,0.516,0.284,0.184,0.0,0.184
35,,0.366,0.566,0.75,0.466,0.234,0.134,-0.05,0.134
36,7,0.416,0.333,0.4,0.233,0.284,0.467,0.95,0.467
37,7,0.466,0.1,0.05,0.0,0.334,0.8,1.0,0.8
38,,0.416,0.05,0.0,-0.05,0.284,0.75,0.95,0.75
39,4,0.183,0.1,0.333,0.95,0.617,0.8,0.717,0.4
40,4,-0.05,0.15,0.666,1.0,0.95,0.85,0.484,0.05
41,1,0.95,0.483,0.716,0.767,0.6,0.617,0.534,0.383
42,1,1.0,0.816,0.766,0.534,0.25,0.384,0.584,0.716
43,,0.95,0.766,0.716,0.484,0.2,0.334,0.534,0.666
44,,0.9,0.716,0.666,0.434,0.15,0.284,0.484,0.616
45,,0.85,0.666,0.616,0.384,0.1,0.234,0.434,0.566
46,,0.8,0.616,0.566,0.334,0.05,0.184,0.384,0.516
47,,0.75,0.566,0.516,0.284,0.0,0.134,0.334,0.466
48,,0.7,0.516,0.466,0.234,-0.05,0.084,0.284,0.416
49,5,0.35,0.283,0.516,0.567,0.95,0.417,0.334,0.183
50,5,-0.0,0.05,0.566,0.9,1.0,0.75,0.384,-0.05
51,8,0.333,0.1,0.333,0.55,0.767,0.8,0.717,0.95
52,8,0.666,0.15,0.1,0.2,0.534,0.85,1.0,1.0
53,,0.616,0.1,0.05,0.15,0.484,0.8,0.95,0.95
54,,0.566,0.05,0.0,0.1,0.434,0.75,0.9,0.9
55,,0.516,0.0,-0.05,0.05,0.384,0.7,0.85,0.85
56,3,0.566,0.333,0.95,0.383,0.434,0.467,0.5,0.617
57,3,0.616,0.666,1.0,0.716,0.484,0.234,0.15,0.384
58,,0.566,0.616,0.95,0.666,0.434,0.184,0.1,0.334
59,,0.516,0.566,0.9,0.616,0.384,0.134,0.05,0.284
60,,0.466,0.516,0.85,0.566,0.334,0.084,0.0,0.234
61,,0.416,0.466,0.8,0.516,0.284,0.034,-0.05,0.184
62,7,0.466,0.233,0.45,0.283,0.334,0.367,0.95,0.517
63,7,0.516,0.0,0.1,0.05,0.384,0.7,1.0,0.85
64,,0.466,-0.05,0.05,0.0,0.334,0.65,0.95,0.8
65,2,0.799,0.95,0.383,0.05,0.101,0.3,0.717,0.85
66,2,1.0,1.0,0.716,0.1,-0.132,-0.05,0.484,0.9
67,5,0.65,0.767,0.766,0.433,0.868,0.283,0.534,0.667
68,5,0.3,0.534,0.816,0.766,1.0,0.616,0.584,0.434
69,,0.25,0.484,0.766,0.716,0.95,0.566,0.534,0.384
70,,0.2,0.434,0.716,0.666,0.9,0.516,0.484,0.334
71,,0.15,0.384,0.666,0.616,0.85,0.466,0.434,0.284
72,,0.1,0.334,0.616,0.566,0.8,0.416,0.384,0.234
73,,0.05,0.284,0.566,0.516,0.75,0.366,0.334,0.184
74,,0.0,0.234,0.516,0.466,0.7,0.316,0.284,0.134
75,,-0.05,0.184,0.466,0.416,0.65,0.266,0.234,0.084
76,1,0.95,0.517,0.516,0.183,0.3,0.033,0.284,0.417
77,1,1.0,0.85,0.566,-0.05,-0.05,-0.2,0.334,0.75
78,6,0.767,0.5,0.333,0.0,0.283,0.8,0.667,0.8
79,6,0.534,0.15,0.1,0.05,0.616,1.0,1.0,0.85
80,,0.484,0.1,0.05,0.0,0.566,0.95,0.95,0.8
81,,0.434,0.05,0.0,-0.05,0.516,0.9,0.9,0.75
82,4,0.201,0.1,0.333,0.95,0.849,0.95,0.667,0.4
83,4,-0.032,0.15,0.666,1.0,1.0,1.0,0.434,0.05
84,1,0.968,0.483,0.716,0.767,0.65,0.767,0.484,0.383
85,1,1.0,0.816,0.766,0.534,0.3,0.534,0.534,0.716
86,,0.95,0.766,0.716,0.484,0.25,0.484,0.484,0.666
87,,0.9,0.716,0.666,0.434,0.2,0.434,0.434,0.616
88,,0.85,0.666,0.616,0.384,0.15,0.384,0.384,0.566
89,,0.8,0.616,0.566,0.334,0.1,0.334,0.334,0.516
90,,0.75,0.566,0.516,0.284,0.05,0.284,0.284,0.466
91,,0.7,0.516,0.466,0.234,0.0,0.234,0.234,0.416
92,,0.65,0.466,0.416,0.184,-0.05,0.184,0.184,0.366
93,5,0.3,0.233,0.466,0.517,0.95,0.517,0.234,0.133
94,5,-0.05,0.0,0.516,0.85,1.0,0.85,0.284,-0.1
95,8,0.283,0.05,0.283,0.5,0.767,0.9,0.617,0.9
96,8,0.616,0.1,0.05,0.15,0.534,0.95,0.95,1.0
97,,0.566,0.05,0.0,0.1,0.484,0.9,0.9,0.95
98,,0.516,0.0,-0.05,0.05,0.434,0.85,0.85,0.9
99,3,0.566,0.333,0.95,0.383,0.484,0.617,0.5,0.667
100,3,0.616,0.666,1.0,0.716,0.534,0.384,0.15,0.434
101,,0.566,0.616,0.95,0.666,0.484,0.334,0.1,0.384
102,,0.516,0.566,0.9,0.616,0.434,0.284,0.05,0.334
103,,0.466,0.516,0.85,0.566,0.384,0.234,0.0,0.284
104,,0.416,0.466,0.8,0.516,0.334,0.184,-0.05,0.234
105,7,0.466,0.233,0.45,0.283,0.384,0.517,0.95,0.567
106,7,0.516,0.0,0.1,0.05,0.434,0.85,1.0,0.9
107,,0.466,-0.05,0.05,0.0,0.384,0.8,0.95,0.85
108,2,0.799,0.95,0.383,0.05,0.151,0.45,0.717,0.9
109,2,1.0,1.0,0.716,0.1,-0.082,0.1,0.484,0.95
110,5,0.65,0.767,0.766,0.433,0.918,0.433,0.534,0.717
111,5,0.3,0.534,0.816,0.766,1.0,0.766,0.584,0.484
112,,0.25,0.484,0.766,0.716,0.95,0.716,0.534,0.434
113,,0.2,0.434,0.716,0.666,0.9,0.666,0.484,0.384
114,,0.15,0.384,0.666,0.616,0.85,0.616,0.434,0.334
115,,0.1,0.334,0.616,0.566,0.8,0.566,0.384,0.284
116,,0.05,0.284,0.566,0.516,0.75,0.516,0.334,0.234
117,,0.0,0.234,0.516,0.466,0.7,0.466,0.284,0.184
118,,-0.05,0.184,0.466,0.416,0.65,0.416,0.234,0.134
119,1,0.95,0.517,0.516,0.183,0.3,0.183,0.284,0.467
120,1,1.0,0.85,0.566,-0.05,-0.05,-0.05,0.334,0.8
121,4,0.767,0.9,0.899,0.95,0.283,0.0,0.101,0.45
122,4,0.534,0.95,1.0,1.0,0.616,0.05,-0.132,0.1
123,7,0.584,0.717,0.65,0.767,0.666,0.383,0.868,0.433
124,7,0.634,0.484,0.3,0.534,0.716,0.716,1.0,0.766
125,,0.584,0.434,0.25,0.484,0.666,0.666,0.95,0.716
126,,0.534,0.384,0.2,0.434,0.616,0.616,0.9,0.666
127,,0.484,0.334,0.15,0.384,0.566,0.566,0.85,0.616
128,,0.434,0.284,0.1,0.334,0.516,0.516,0.8,0.566
129,,0.384,0.234,0.05,0.284,0.466,0.466,0.75,0.516
130,,0.334,0.184,0.0,0.234,0.416,0.416,0.7,0.466
131,,0.284,0.134,-0.05,0.184,0.366,0.366,0.65,0.416
132,3,0.334,0.467,0.95,0.517,0.416,0.133,0.3,0.183
133,3,0.384,0.8,1.0,0.85,0.466,-0.1,-0.05,-0.05
134,6,0.151,0.45,0.767,0.9,0.799,0.9,0.283,0.0
135,6,-0.082,0.1,0.534,0.95,1.0,1.0,0.616,0.05
136,1,0.918,0.433,0.584,0.717,0.65,0.767,0.666,0.383
137,1,1.0,0.766,0.634,0.484,0.3,0.534,0.716,0.716
138,,0.95,0.716,0.584,0.434,0.25,0.484,0.666,0.666
139,,0.9,0.666,0.534,0.384,0.2,0.434,0.616,0.616
140,,0.85,0.616,0.484,0.334,0.15,0.384,0.566,0.566
141,,0.8,0.566,0.434,0.284,0.1,0.334,0.516,0.516
142,,0.75,0.516,0.384,0.234,0.05,0.284,0.466,0.466
143,,0.7,0.466,0.334,0.184,0.0,0.234,0.416,0.416
144,,0.65,0.416,0.284,0.134,-0.05,0.184,0.366,0.366
145,5,0.3,0.183,0.334,0.467,0.95,0.517,0.416,0.133
146,5,-0.05,-0.05,0.384,0.8,1.0,0.85,0.466,-0.1
147,8,0.283,0.0,0.151,0.45,0.767,0.9,0.799,0.9
148,8,0.616,0.05,-0.082,0.1,0.534,0.95,1.0,1.0
149,3,0.666,0.383,0.918,0.433,0.584,0.717,0.65,0.767
150,3,0.716,0.716,1.0,0.766,0.634,0.484,0.3,0.534
151,,0.666,0.666,0.95,0.716,0.584,0.434,0.25,0.484
152,,0.616,0.616,0.9,0.666,0.534,0.384,0.2,0.434
153,,0.566,0.566,0.85,0.616,0.484,0.334,0.15,0.384
154,,0.516,0.516,0.8,0.566,0.434,0.284,0.1,0.334
155,,0.466,0.466,0.75,0.516,0.384,0.234,0.05,0.284
156,,0.416,0.416,0.7,0.466,0.334,0.184,0.0,0.234
157,,0.366,0.366,0.65,0.416,0.284,0.134,-0.05,0.184
158,7,0.416,0.133,0.3,0.183,0.334,0.467,0.95,0.517
159,7,0.466,-0.1,-0.05,-0.05,0.384,0.8,1.0,0.85
160,2,0.799,0.9,0.283,0.0,0.151,0.45,0.767,0.9
161,2,1.0,1.0,0.616,0.05,-0.082,0.1,0.534,0.95
162,5,0.65,0.767,0.666,0.383,0.918,0.433,0.584,0.717
163,5,0.3,0.534,0.716,0.716,1.0,0.766,0.634,0.484
164,,0.25,0.484,0.666,0.666,0.95,0.716,0.584,0.434
165,,0.2,0.434,0.616,0.616,0.9,0.666,0.534,0.384
166,,0.15,0.384,0.566,0.566,0.85,0.616,0.484,0.334
167,,0.1,0.334,0.516,0.516,0.8,0.566,0.434,0.284
168,,0.05,0.284,0.466,0.466,0.75,0.516,0.384,0.234
169,,0.0,0.234,0.416,0.416,0.7,0.466,0.334,0.184
170,,-0.05,0.184,0.366,0.366,0.65,0.416,0.284,0.134
171,1,0.95,0.517,0.416,0.133,0.3,0.183,0.334,0.467
172,1,1.0,0.85,0.466,-0.1,-0.05,-0.05,0.384,0.8
173,4,0.767,0.9,0.799,0.9,0.283,0.0,0.151,0.45
174,4,0.534,0.95,1.0,1.0,0.616,0.05,-0.082,0.1
175,7,0.584,0.717,0.65,0.767,0.666,0.383,0.918,0.433
176,7,0.634,0.484,0.3,0.534,0.716,0.716,1.0,0.766
177,,0.584,0.434,0.25,0.484,0.666,0.666,0.95,0.716
178,,0.534,0.384,0.2,0.434,0.616,0.616,0.9,0.666
179,,0.484,0.334,0.15,0.384,0.566,0.566,0.85,0.616
180,,0.434,0.284,0.1,0.334,0.516,0.516,0.8,0.566
181,,0.384,0.234,0.05,0.284,0.466,0.466,0.75,0.516
182,,0.334,0.184,0.0,0.234,0.416,0.416,0.7,0.466
183,,0.284,0.134,-0.05,0.184,0.366,0.366,0.65,0.416
184,3,0.334,0.467,0.95,0.517,0.416,0.133,0.3,0.183
185,3,0.384,0.8,1.0,0.85,0.466,-0.1,-0.05,-0.05
186,6,0.151,0.45,0.767,0.9,0.799,0.9,0.283,0.0
187,6,-0.082,0.1,0.534,0.95,1.0,1.0,0.616,0.05
188,1,0.918,0.433,0.584,0.717,0.65,0.767,0.666,0.383
189,1,1.0,0.766,0.634,0.484,0.3,0.534,0.716,0.716
190,,0.95,0.716,0.584,0.434,0.25,0.484,0.666,0.666
191,,0.9,0.666,0.534,0.384,0.2,0.434,0.616,0.616
192,,0.85,0.616,0.484,0.334,0.15,0.384,0.566,0.566
193,,0.8,0.566,0.434,0.284,0.1,0.334,0.516,0.516
194,,0.75,0.516,0.384,0.234,0.05,0.284,0.466,0.466
195,,0.7,0.466,0.334,0.184,0.0,0.234,0.416,0.416
196,,0.65,0.416,0.284,0.134,-0.05,0.184,0.366,0.366
197,5,0.3,0.183,0.334,0.467,0.95,0.517,0.416,0.133
198,5,-0.05,-0.05,0.384,0.8,1.0,0.85,0.466,-0.1
199,8,0.283,0.0,0.151,0.45,0.767,0.9,0.799,0.9
