step,active_motive,motive_1,motive_2,motive_3,motive_4,motive_5,motive_6,motive_7,motive_8
0,,0.00213,0.08747,0.05289,0.09391,0.07988,0.09979,0.03507,0.07672
1,,-0.14787,-0.06253,-0.09711,-0.05609,-0.07012,-0.05021,-0.11493,-0.07328
2,1,0.85213,0.25847,0.15289,0.12291,0.07988,0.12879,0.13507,0.24772
3,1,1.0,0.57947,0.40289,0.30191,0.22988,0.30779,0.38507,0.56872
4,,0.85,0.42947,0.25289,0.15191,0.07988,0.15779,0.23507,0.41872
5,,0.7,0.27947,0.10289,0.00191,-0.07012,0.00779,0.08507,0.26872
6,5,0.85,0.45847,0.35289,0.32291,0.92988,0.32879,0.33507,0.44772
7,5,1.0,0.63747,0.60289,0.64391,1.0,0.64979,0.58507,0.62672
8,,0.85,0.48747,0.45289,0.49391,0.85,0.49979,0.43507,0.47672
9,,0.7,0.33747,0.30289,0.34391,0.7,0.34979,0.28507,0.32672
10,,0.55,0.18747,0.15289,0.19391,0.55,0.19979,0.13507,0.17672
11,,0.4,0.03747,0.00289,0.04391,0.4,0.04979,-0.01493,0.02672
12,7,0.65,0.21647,0.15289,0.22291,0.65,0.37079,0.98507,0.34772
13,7,0.9,0.39547,0.30289,0.40191,0.9,0.69179,1.0,0.66872
14,,0.75,0.24547,0.15289,0.25191,0.75,0.54179,0.85,0.51872
15,,0.6,0.09547,0.00289,0.10191,0.6,0.39179,0.7,0.36872
16,,0.45,-0.05453,-0.14711,-0.04809,0.45,0.24179,0.55,0.21872
17,3,0.7,0.26647,0.85289,0.27291,0.7,0.42079,0.7,0.39772
18,3,0.95,0.58747,1.0,0.59391,0.95,0.59979,0.85,0.57672
19,,0.8,0.43747,0.85,0.44391,0.8,0.44979,0.7,0.42672
20,,0.65,0.28747,0.7,0.29391,0.65,0.29979,0.55,0.27672
21,,0.5,0.13747,0.55,0.14391,0.5,0.14979,0.4,0.12672
22,,0.35,-0.01253,0.4,-0.00609,0.35,-0.00021,0.25,-0.02328
23,8,0.671,0.23747,0.579,0.14391,0.529,0.24979,0.571,0.97672
24,8,0.992,0.48747,0.758,0.29391,0.708,0.49979,0.892,1.0
25,,0.842,0.33747,0.608,0.14391,0.558,0.34979,0.742,0.85
26,,0.692,0.18747,0.458,-0.00609,0.408,0.19979,0.592,0.7
27,4,0.871,0.43747,0.779,0.99391,0.729,0.44979,0.771,0.85
28,4,1.0,0.68747,1.0,1.0,1.0,0.69979,0.95,1.0
29,,0.85,0.53747,0.85,0.85,0.85,0.54979,0.8,0.85
30,,0.7,0.38747,0.7,0.7,0.7,0.39979,0.65,0.7
31,,0.55,0.23747,0.55,0.55,0.55,0.24979,0.5,0.55
32,,0.4,0.08747,0.4,0.4,0.4,0.09979,0.35,0.4
33,,0.25,-0.06253,0.25,0.25,0.25,-0.05021,0.2,0.25
34,2,0.571,0.93747,0.571,0.5,0.429,0.09979,0.379,0.5
35,2,0.892,1.0,0.892,0.75,0.608,0.24979,0.558,0.75
36,,0.742,0.85,0.742,0.6,0.458,0.09979,0.408,0.6
37,,0.592,0.7,0.592,0.45,0.308,-0.05021,0.258,0.45
38,6,0.771,0.85,0.771,0.7,0.629,0.94979,0.579,0.7
39,6,0.95,1.0,0.95,0.95,0.95,1.0,0.9,0.95
40,,0.8,0.85,0.8,0.8,0.8,0.85,0.75,0.8
41,,0.65,0.7,0.65,0.65,0.65,0.7,0.6,0.65
42,,0.5,0.55,0.5,0.5,0.5,0.55,0.45,0.5
43,,0.35,0.4,0.35,0.35,0.35,0.4,0.3,0.35
44,,0.2,0.25,0.2,0.2,0.2,0.25,0.15,0.2
45,,0.05,0.1,0.05,0.05,0.05,0.1,0.0,0.05
46,,-0.1,-0.05,-0.1,-0.1,-0.1,-0.05,-0.15,-0.1
47,7,0.15,0.129,0.05,0.079,0.15,0.271,0.85,0.221
48,7,0.4,0.308,0.2,0.258,0.4,0.592,1.0,0.542
49,,0.25,0.158,0.05,0.108,0.25,0.442,0.85,0.392
50,,0.1,0.008,-0.1,-0.042,0.1,0.292,0.7,0.242
51,3,0.35,0.329,0.9,0.279,0.35,0.471,0.85,0.421
52,3,0.6,0.65,1.0,0.6,0.6,0.65,1.0,0.6
53,,0.45,0.5,0.85,0.45,0.45,0.5,0.85,0.45
54,,0.3,0.35,0.7,0.3,0.3,0.35,0.7,0.3
55,,0.15,0.2,0.55,0.15,0.15,0.2,0.55,0.15
56,,0.0,0.05,0.4,0.0,0.0,0.05,0.4,0.0
57,,-0.15,-0.1,0.25,-0.15,-0.15,-0.1,0.25,-0.15
58,1,0.85,0.221,0.5,0.029,0.0,0.079,0.5,0.171
59,1,1.0,0.542,0.75,0.208,0.15,0.258,0.75,0.492
60,,0.85,0.392,0.6,0.058,0.0,0.108,0.6,0.342
61,,0.7,0.242,0.45,-0.092,-0.15,-0.042,0.45,0.192
62,5,0.85,0.421,0.7,0.229,0.85,0.279,0.7,0.371
63,5,1.0,0.6,0.95,0.55,1.0,0.6,0.95,0.55
64,,0.85,0.45,0.8,0.4,0.85,0.45,0.8,0.4
65,,0.7,0.3,0.65,0.25,0.7,0.3,0.65,0.25
66,,0.55,0.15,0.5,0.1,0.55,0.15,0.5,0.1
67,,0.4,0.0,0.35,-0.05,0.4,0.0,0.35,-0.05
68,8,0.721,0.25,0.529,0.1,0.579,0.25,0.671,0.95
69,8,1.0,0.5,0.708,0.25,0.758,0.5,0.992,1.0
70,,0.85,0.35,0.558,0.1,0.608,0.35,0.842,0.85
71,,0.7,0.2,0.408,-0.05,0.458,0.2,0.692,0.7
72,4,0.879,0.45,0.729,0.95,0.779,0.45,0.871,0.85
73,4,1.0,0.7,1.0,1.0,1.0,0.7,1.0,1.0
74,,0.85,0.55,0.85,0.85,0.85,0.55,0.85,0.85
75,,0.7,0.4,0.7,0.7,0.7,0.4,0.7,0.7
76,,0.55,0.25,0.55,0.55,0.55,0.25,0.55,0.55
77,,0.4,0.1,0.4,0.4,0.4,0.1,0.4,0.4
78,,0.25,-0.05,0.25,0.25,0.25,-0.05,0.25,0.25
79,2,0.571,0.95,0.571,0.5,0.429,0.1,0.429,0.5
80,2,0.892,1.0,0.892,0.75,0.608,0.25,0.608,0.75
81,,0.742,0.85,0.742,0.6,0.458,0.1,0.458,0.6
82,,0.592,0.7,0.592,0.45,0.308,-0.05,0.308,0.45
83,6,0.771,0.85,0.771,0.7,0.629,0.95,0.629,0.7
84,6,0.95,1.0,0.95,0.95,0.95,1.0,0.95,0.95
85,,0.8,0.85,0.8,0.8,0.8,0.85,0.8,0.8
86,,0.65,0.7,0.65,0.65,0.65,0.7,0.65,0.65
87,,0.5,0.55,0.5,0.5,0.5,0.55,0.5,0.5
88,,0.35,0.4,0.35,0.35,0.35,0.4,0.35,0.35
89,,0.2,0.25,0.2,0.2,0.2,0.25,0.2,0.2
90,,0.05,0.1,0.05,0.05,0.05,0.1,0.05,0.05
91,,-0.1,-0.05,-0.1,-0.1,-0.1,-0.05,-0.1,-0.1
92,5,0.05,0.129,0.15,0.221,0.9,0.271,0.15,0.079
93,5,0.2,0.308,0.4,0.542,1.0,0.592,0.4,0.258
94,,0.05,0.158,0.25,0.392,0.85,0.442,0.25,0.108
95,,-0.1,0.008,0.1,0.242,0.7,0.292,0.1,-0.042
96,1,0.9,0.329,0.35,0.421,0.85,0.471,0.35,0.279
97,1,1.0,0.65,0.6,0.6,1.0,0.65,0.6,0.6
98,,0.85,0.5,0.45,0.45,0.85,0.5,0.45,0.45
99,,0.7,0.35,0.3,0.3,0.7,0.35,0.3,0.3
100,,0.55,0.2,0.15,0.15,0.55,0.2,0.15,0.15
101,,0.4,0.05,0.0,0.0,0.4,0.05,0.0,0.0
102,,0.25,-0.1,-0.15,-0.15,0.25,-0.1,-0.15,-0.15
103,3,0.5,0.221,0.85,0.171,0.5,0.079,0.0,0.029
104,3,0.75,0.542,1.0,0.492,0.75,0.258,0.15,0.208
105,,0.6,0.392,0.85,0.342,0.6,0.108,0.0,0.058
106,,0.45,0.242,0.7,0.192,0.45,-0.042,-0.15,-0.092
107,7,0.7,0.421,0.85,0.371,0.7,0.279,0.85,0.229
108,7,0.95,0.6,1.0,0.55,0.95,0.6,1.0,0.55
109,,0.8,0.45,0.85,0.4,0.8,0.45,0.85,0.4
110,,0.65,0.3,0.7,0.25,0.65,0.3,0.7,0.25
111,,0.5,0.15,0.55,0.1,0.5,0.15,0.55,0.1
112,,0.35,0.0,0.4,-0.05,0.35,0.0,0.4,-0.05
113,8,0.671,0.25,0.579,0.1,0.529,0.25,0.721,0.95
114,8,0.992,0.5,0.758,0.25,0.708,0.5,1.0,1.0
115,,0.842,0.35,0.608,0.1,0.558,0.35,0.85,0.85
116,,0.692,0.2,0.458,-0.05,0.408,0.2,0.7,0.7
117,4,0.871,0.45,0.779,0.95,0.729,0.45,0.879,0.85
118,4,1.0,0.7,1.0,1.0,1.0,0.7,1.0,1.0
119,,0.85,0.55,0.85,0.85,0.85,0.55,0.85,0.85
120,,0.7,0.4,0.7,0.7,0.7,0.4,0.7,0.7
121,,0.55,0.25,0.55,0.55,0.55,0.25,0.55,0.55
122,,0.4,0.1,0.4,0.4,0.4,0.1,0.4,0.4
123,,0.25,-0.05,0.25,0.25,0.25,-0.05,0.25,0.25
124,6,0.429,0.1,0.429,0.5,0.571,0.95,0.571,0.5
125,6,0.608,0.25,0.608,0.75,0.892,1.0,0.892,0.75
126,,0.458,0.1,0.458,0.6,0.742,0.85,0.742,0.6
127,,0.308,-0.05,0.308,0.45,0.592,0.7,0.592,0.45
128,2,0.629,0.95,0.629,0.7,0.771,0.85,0.771,0.7
129,2,0.95,1.0,0.95,0.95,0.95,1.0,0.95,0.95
130,,0.8,0.85,0.8,0.8,0.8,0.85,0.8,0.8
131,,0.65,0.7,0.65,0.65,0.65,0.7,0.65,0.65
132,,0.5,0.55,0.5,0.5,0.5,0.55,0.5,0.5
133,,0.35,0.4,0.35,0.35,0.35,0.4,0.35,0.35
134,,0.2,0.25,0.2,0.2,0.2,0.25,0.2,0.2
135,,0.05,0.1,0.05,0.05,0.05,0.1,0.05,0.05
136,,-0.1,-0.05,-0.1,-0.1,-0.1,-0.05,-0.1,-0.1
137,5,0.05,0.129,0.15,0.221,0.9,0.271,0.15,0.079
138,5,0.2,0.308,0.4,0.542,1.0,0.592,0.4,0.258
139,,0.05,0.158,0.25,0.392,0.85,0.442,0.25,0.108
140,,-0.1,0.008,0.1,0.242,0.7,0.292,0.1,-0.042
141,1,0.9,0.329,0.35,0.421,0.85,0.471,0.35,0.279
142,1,1.0,0.65,0.6,0.6,1.0,0.65,0.6,0.6
143,,0.85,0.5,0.45,0.45,0.85,0.5,0.45,0.45
144,,0.7,0.35,0.3,0.3,0.7,0.35,0.3,0.3
145,,0.55,0.2,0.15,0.15,0.55,0.2,0.15,0.15
146,,0.4,0.05,0.0,0.0,0.4,0.05,0.0,0.0
147,,0.25,-0.1,-0.15,-0.15,0.25,-0.1,-0.15,-0.15
148,7,0.5,0.079,0.0,0.029,0.5,0.221,0.85,0.171
149,7,0.75,0.258,0.15,0.208,0.75,0.542,1.0,0.492
150,,0.6,0.108,0.0,0.058,0.6,0.392,0.85,0.342
151,,0.45,-0.042,-0.15,-0.092,0.45,0.242,0.7,0.192
152,3,0.7,0.279,0.85,0.229,0.7,0.421,0.85,0.371
153,3,0.95,0.6,1.0,0.55,0.95,0.6,1.0,0.55
154,,0.8,0.45,0.85,0.4,0.8,0.45,0.85,0.4
155,,0.65,0.3,0.7,0.25,0.65,0.3,0.7,0.25
156,,0.5,0.15,0.55,0.1,0.5,0.15,0.55,0.1
157,,0.35,0.0,0.4,-0.05,0.35,0.0,0.4,-0.05
158,4,0.529,0.25,0.721,0.95,0.671,0.25,0.579,0.1
159,4,0.708,0.5,1.0,1.0,0.992,0.5,0.758,0.25
160,,0.558,0.35,0.85,0.85,0.842,0.35,0.608,0.1
161,,0.408,0.2,0.7,0.7,0.692,0.2,0.458,-0.05
162,8,0.729,0.45,0.879,0.85,0.871,0.45,0.779,0.95
163,8,1.0,0.7,1.0,1.0,1.0,0.7,1.0,1.0
164,,0.85,0.55,0.85,0.85,0.85,0.55,0.85,0.85
165,,0.7,0.4,0.7,0.7,0.7,0.4,0.7,0.7
166,,0.55,0.25,0.55,0.55,0.55,0.25,0.55,0.55
167,,0.4,0.1,0.4,0.4,0.4,0.1,0.4,0.4
168,,0.25,-0.05,0.25,0.25,0.25,-0.05,0.25,0.25
169,6,0.429,0.1,0.429,0.5,0.571,0.95,0.571,0.5
170,6,0.608,0.25,0.608,0.75,0.892,1.0,0.892,0.75
171,,0.458,0.1,0.458,0.6,0.742,0.85,0.742,0.6
172,,0.308,-0.05,0.308,0.45,0.592,0.7,0.592,0.45
173,2,0.629,0.95,0.629,0.7,0.771,0.85,0.771,0.7
174,2,0.95,1.0,0.95,0.95,0.95,1.0,0.95,0.95
175,,0.8,0.85,0.8,0.8,0.8,0.85,0.8,0.8
176,,0.65,0.7,0.65,0.65,0.65,0.7,0.65,0.65
177,,0.5,0.55,0.5,0.5,0.5,0.55,0.5,0.5
178,,0.35,0.4,0.35,0.35,0.35,0.4,0.35,0.35
179,,0.2,0.25,0.2,0.2,0.2,0.25,0.2,0.2
180,,0.05,0.1,0.05,0.05,0.05,0.1,0.05,0.05
181,,-0.1,-0.05,-0.1,-0.1,-0.1,-0.05,-0.1,-0.1
182,8,0.221,0.2,0.079,0.05,0.079,0.2,0.221,0.9
183,8,0.542,0.45,0.258,0.2,0.258,0.45,0.542,1.0
184,,0.392,0.3,0.108,0.05,0.108,0.3,0.392,0.85
185,,0.242,0.15,-0.042,-0.1,-0.042,0.15,0.242,0.7
186,4,0.421,0.4,0.279,0.9,0.279,0.4,0.421,0.85
187,4,0.6,0.65,0.6,1.0,0.6,0.65,0.6,1.0
188,,0.45,0.5,0.45,0.85,0.45,0.5,0.45,0.85
189,,0.3,0.35,0.3,0.7,0.3,0.35,0.3,0.7
190,,0.15,0.2,0.15,0.55,0.15,0.2,0.15,0.55
191,,0.0,0.05,0.0,0.4,0.0,0.05,0.0,0.4
192,,-0.15,-0.1,-0.15,0.25,-0.15,-0.1,-0.15,0.25
193,1,0.85,0.221,0.1,0.429,0.0,0.079,0.1,0.571
194,1,1.0,0.542,0.35,0.608,0.15,0.258,0.35,0.892
195,,0.85,0.392,0.2,0.458,0.0,0.108,0.2,0.742
196,,0.7,0.242,0.05,0.308,-0.15,-0.042,0.05,0.592
197,5,0.85,0.421,0.3,0.629,0.85,0.279,0.3,0.771
198,5,1.0,0.6,0.55,0.95,1.0,0.6,0.55,0.95
199,,0.85,0.45,0.4,0.8,0.85,0.45,0.4,0.8
200,,0.7,0.3,0.25,0.65,0.7,0.3,0.25,0.65
201,,0.55,0.15,0.1,0.5,0.55,0.15,0.1,0.5
202,,0.4,0.0,-0.05,0.35,0.4,0.0,-0.05,0.35
203,3,0.65,0.321,0.95,0.671,0.65,0.179,0.1,0.529
204,3,0.9,0.642,1.0,0.992,0.9,0.358,0.25,0.708
205,,0.75,0.492,0.85,0.842,0.75,0.208,0.1,0.558
206,,0.6,0.342,0.7,0.692,0.6,0.058,-0.05,0.408
207,7,0.85,0.521,0.85,0.871,0.85,0.379,0.95,0.729
208,7,1.0,0.7,1.0,1.0,1.0,0.7,1.0,1.0
209,,0.85,0.55,0.85,0.85,0.85,0.55,0.85,0.85
210,,0.7,0.4,0.7,0.7,0.7,0.4,0.7,0.7
211,,0.55,0.25,0.55,0.55,0.55,0.25,0.55,0.55
212,,0.4,0.1,0.4,0.4,0.4,0.1,0.4,0.4
213,,0.25,-0.05,0.25,0.25,0.25,-0.05,0.25,0.25
214,2,0.571,0.95,0.571,0.5,0.429,0.1,0.429,0.5
215,2,0.892,1.0,0.892,0.75,0.608,0.25,0.608,0.75
216,,0.742,0.85,0.742,0.6,0.458,0.1,0.458,0.6
217,,0.592,0.7,0.592,0.45,0.308,-0.05,0.308,0.45
218,6,0.771,0.85,0.771,0.7,0.629,0.95,0.629,0.7
219,6,0.95,1.0,0.95,0.95,0.95,1.0,0.95,0.95
220,,0.8,0.85,0.8,0.8,0.8,0.85,0.8,0.8
221,,0.65,0.7,0.65,0.65,0.65,0.7,0.65,0.65
222,,0.5,0.55,0.5,0.5,0.5,0.55,0.5,0.5
223,,0.35,0.4,0.35,0.35,0.35,0.4,0.35,0.35
224,,0.2,0.25,0.2,0.2,0.2,0.25,0.2,0.2
225,,0.05,0.1,0.05,0.05,0.05,0.1,0.05,0.05
226,,-0.1,-0.05,-0.1,-0.1,-0.1,-0.05,-0.1,-0.1
227,5,0.05,0.129,0.15,0.221,0.9,0.271,0.15,0.079
228,5,0.2,0.308,0.4,0.542,1.0,0.592,0.4,0.258
229,,0.05,0.158,0.25,0.392,0.85,0.442,0.25,0.108
230,,-0.1,0.008,0.1,0.242,0.7,0.292,0.1,-0.042
231,1,0.9,0.329,0.35,0.421,0.85,0.471,0.35,0.279
232,1,1.0,0.65,0.6,0.6,1.0,0.65,0.6,0.6
233,,0.85,0.5,0.45,0.45,0.85,0.5,0.45,0.45
234,,0.7,0.35,0.3,0.3,0.7,0.35,0.3,0.3
235,,0.55,0.2,0.15,0.15,0.55,0.2,0.15,0.15
236,,0.4,0.05,0.0,0.0,0.4,0.05,0.0,0.0
237,,0.25,-0.1,-0.15,-0.15,0.25,-0.1,-0.15,-0.15
238,3,0.5,0.221,0.85,0.171,0.5,0.079,0.0,0.029
239,3,0.75,0.542,1.0,0.492,0.75,0.258,0.15,0.208
240,,0.6,0.392,0.85,0.342,0.6,0.108,0.0,0.058
241,,0.45,0.242,0.7,0.192,0.45,-0.042,-0.15,-0.092
242,7,0.7,0.421,0.85,0.371,0.7,0.279,0.85,0.229
243,7,0.95,0.6,1.0,0.55,0.95,0.6,1.0,0.55
244,,0.8,0.45,0.85,0.4,0.8,0.45,0.85,0.4
245,,0.65,0.3,0.7,0.25,0.65,0.3,0.7,0.25
246,,0.5,0.15,0.55,0.1,0.5,0.15,0.55,0.1
247,,0.35,0.0,0.4,-0.05,0.35,0.0,0.4,-0.05
248,4,0.529,0.25,0.721,0.95,0.671,0.25,0.579,0.1
249,4,0.708,0.5,1.0,1.0,0.992,0.5,0.758,0.25
250,,0.558,0.35,0.85,0.85,0.842,0.35,0.608,0.1
251,,0.408,0.2,0.7,0.7,0.692,0.2,0.458,-0.05
252,8,0.729,0.45,0.879,0.85,0.871,0.45,0.779,0.95
253,8,1.0,0.7,1.0,1.0,1.0,0.7,1.0,1.0
254,,0.85,0.55,0.85,0.85,0.85,0.55,0.85,0.85
255,,0.7,0.4,0.7,0.7,0.7,0.4,0.7,0.7
256,,0.55,0.25,0.55,0.55,0.55,0.25,0.55,0.55
257,,0.4,0.1,0.4,0.4,0.4,0.1,0.4,0.4
258,,0.25,-0.05,0.25,0.25,0.25,-0.05,0.25,0.25
259,6,0.429,0.1,0.429,0.5,0.571,0.95,0.571,0.5
260,6,0.608,0.25,0.608,0.75,0.892,1.0,0.892,0.75
261,,0.458,0.1,0.458,0.6,0.742,0.85,0.742,0.6
262,,0.308,-0.05,0.308,0.45,0.592,0.7,0.592,0.45
263,2,0.629,0.95,0.629,0.7,0.771,0.85,0.771,0.7
264,2,0.95,1.0,0.95,0.95,0.95,1.0,0.95,0.95
265,,0.8,0.85,0.8,0.8,0.8,0.85,0.8,0.8
266,,0.65,0.7,0.65,0.65,0.65,0.7,0.65,0.65
267,,0.5,0.55,0.5,0.5,0.5,0.55,0.5,0.5
268,,0.35,0.4,0.35,0.35,0.35,0.4,0.35,0.35
269,,0.2,0.25,0.2,0.2,0.2,0.25,0.2,0.2
270,,0.05,0.1,0.05,0.05,0.05,0.1,0.05,0.05
271,,-0.1,-0.05,-0.1,-0.1,-0.1,-0.05,-0.1,-0.1
272,1,0.9,0.271,0.15,0.079,0.05,0.129,0.15,0.221
273,1,1.0,0.592,0.4,0.258,0.2,0.308,0.4,0.542
274,,0.85,0.442,0.25,0.108,0.05,0.158,0.25,0.392
275,,0.7,0.292,0.1,-0.042,-0.1,0.008,0.1,0.242
276,5,0.85,0.471,0.35,0.279,0.9,0.329,0.35,0.421
277,5,1.0,0.65,0.6,0.6,1.0,0.65,0.6,0.6
278,,0.85,0.5,0.45,0.45,0.85,0.5,0.45,0.45
279,,0.7,0.35,0.3,0.3,0.7,0.35,0.3,0.3
280,,0.55,0.2,0.15,0.15,0.55,0.2,0.15,0.15
281,,0.4,0.05,0.0,0.0,0.4,0.05,0.0,0.0
282,,0.25,-0.1,-0.15,-0.15,0.25,-0.1,-0.15,-0.15
283,7,0.5,0.079,0.0,0.029,0.5,0.221,0.85,0.171
284,7,0.75,0.258,0.15,0.208,0.75,0.542,1.0,0.492
285,,0.6,0.108,0.0,0.058,0.6,0.392,0.85,0.342
286,,0.45,-0.042,-0.15,-0.092,0.45,0.242,0.7,0.192
287,3,0.7,0.279,0.85,0.229,0.7,0.421,0.85,0.371
288,3,0.95,0.6,1.0,0.55,0.95,0.6,1.0,0.55
289,,0.8,0.45,0.85,0.4,0.8,0.45,0.85,0.4
290,,0.65,0.3,0.7,0.25,0.65,0.3,0.7,0.25
291,,0.5,0.15,0.55,0.1,0.5,0.15,0.55,0.1
292,,0.35,0.0,0.4,-0.05,0.35,0.0,0.4,-0.05
293,4,0.529,0.25,0.721,0.95,0.671,0.25,0.579,0.1
294,4,0.708,0.5,1.0,1.0,0.992,0.5,0.758,0.25
295,,0.558,0.35,0.85,0.85,0.842,0.35,0.608,0.1
296,,0.408,0.2,0.7,0.7,0.692,0.2,0.458,-0.05
297,8,0.729,0.45,0.879,0.85,0.871,0.45,0.779,0.95
298,8,1.0,0.7,1.0,1.0,1.0,0.7,1.0,1.0
299,,0.85,0.55,0.85,0.85,0.85,0.55,0.85,0.85
300,,0.7,0.4,0.7,0.7,0.7,0.4,0.7,0.7
301,,0.55,0.25,0.55,0.55,0.55,0.25,0.55,0.55
302,,0.4,0.1,0.4,0.4,0.4,0.1,0.4,0.4
303,,0.25,-0.05,0.25,0.25,0.25,-0.05,0.25,0.25
304,6,0.429,0.1,0.429,0.5,0.571,0.95,0.571,0.5
305,6,0.608,0.25,0.608,0.75,0.892,1.0,0.892,0.75
306,,0.458,0.1,0.458,0.6,0.742,0.85,0.742,0.6
307,,0.308,-0.05,0.308,0.45,0.592,0.7,0.592,0.45
308,2,0.629,0.95,0.629,0.7,0.771,0.85,0.771,0.7
309,2,0.95,1.0,0.95,0.95,0.95,1.0,0.95,0.95
310,,0.8,0.85,0.8,0.8,0.8,0.85,0.8,0.8
311,,0.65,0.7,0.65,0.65,0.65,0.7,0.65,0.65
312,,0.5,0.55,0.5,0.5,0.5,0.55,0.5,0.5
313,,0.35,0.4,0.35,0.35,0.35,0.4,0.35,0.35
314,,0.2,0.25,0.2,0.2,0.2,0.25,0.2,0.2
315,,0.05,0.1,0.05,0.05,0.05,0.1,0.05,0.05
316,,-0.1,-0.05,-0.1,-0.1,-0.1,-0.05,-0.1,-0.1
317,8,0.221,0.2,0.079,0.05,0.079,0.2,0.221,0.9
318,8,0.542,0.45,0.258,0.2,0.258,0.45,0.542,1.0
319,,0.392,0.3,0.108,0.05,0.108,0.3,0.392,0.85
320,,0.242,0.15,-0.042,-0.1,-0.042,0.15,0.242,0.7
321,4,0.421,0.4,0.279,0.9,0.279,0.4,0.421,0.85
322,4,0.6,0.65,0.6,1.0,0.6,0.65,0.6,1.0
323,,0.45,0.5,0.45,0.85,0.45,0.5,0.45,0.85
324,,0.3,0.35,0.3,0.7,0.3,0.35,0.3,0.7
325,,0.15,0.2,0.15,0.55,0.15,0.2,0.15,0.55
326,,0.0,0.05,0.0,0.4,0.0,0.05,0.0,0.4
327,,-0.15,-0.1,-0.15,0.25,-0.15,-0.1,-0.15,0.25
328,3,0.1,0.221,0.85,0.571,0.1,0.079,0.0,0.429
329,3,0.35,0.542,1.0,0.892,0.35,0.258,0.15,0.608
330,,0.2,0.392,0.85,0.742,0.2,0.108,0.0,0.458
331,,0.05,0.242,0.7,0.592,0.05,-0.042,-0.15,0.308
332,7,0.3,0.421,0.85,0.771,0.3,0.279,0.85,0.629
333,7,0.55,0.6,1.0,0.95,0.55,0.6,1.0,0.95
334,,0.4,0.45,0.85,0.8,0.4,0.45,0.85,0.8
335,,0.25,0.3,0.7,0.65,0.25,0.3,0.7,0.65
336,,0.1,0.15,0.55,0.5,0.1,0.15,0.55,0.5
337,,-0.05,0.0,0.4,0.35,-0.05,0.0,0.4,0.35
338,5,0.1,0.179,0.65,0.671,0.95,0.321,0.65,0.529
339,5,0.25,0.358,0.9,0.992,1.0,0.642,0.9,0.708
340,,0.1,0.208,0.75,0.842,0.85,0.492,0.75,0.558
341,,-0.05,0.058,0.6,0.692,0.7,0.342,0.6,0.408
342,1,0.95,0.379,0.85,0.871,0.85,0.521,0.85,0.729
343,1,1.0,0.7,1.0,1.0,1.0,0.7,1.0,1.0
344,,0.85,0.55,0.85,0.85,0.85,0.55,0.85,0.85
345,,0.7,0.4,0.7,0.7,0.7,0.4,0.7,0.7
346,,0.55,0.25,0.55,0.55,0.55,0.25,0.55,0.55
347,,0.4,0.1,0.4,0.4,0.4,0.1,0.4,0.4
348,,0.25,-0.05,0.25,0.25,0.25,-0.05,0.25,0.25
349,6,0.429,0.1,0.429,0.5,0.571,0.95,0.571,0.5
350,6,0.608,0.25,0.608,0.75,0.892,1.0,0.892,0.75
351,,0.458,0.1,0.458,0.6,0.742,0.85,0.742,0.6
352,,0.308,-0.05,0.308,0.45,0.592,0.7,0.592,0.45
353,2,0.629,0.95,0.629,0.7,0.771,0.85,0.771,0.7
354,2,0.95,1.0,0.95,0.95,0.95,1.0,0.95,0.95
355,,0.8,0.85,0.8,0.8,0.8,0.85,0.8,0.8
356,,0.65,0.7,0.65,0.65,0.65,0.7,0.65,0.65
357,,0.5,0.55,0.5,0.5,0.5,0.55,0.5,0.5
358,,0.35,0.4,0.35,0.35,0.35,0.4,0.35,0.35
359,,0.2,0.25,0.2,0.2,0.2,0.25,0.2,0.2
360,,0.05,0.1,0.05,0.05,0.05,0.1,0.05,0.05
361,,-0.1,-0.05,-0.1,-0.1,-0.1,-0.05,-0.1,-0.1
362,8,0.221,0.2,0.079,0.05,0.079,0.2,0.221,0.9
363,8,0.542,0.45,0.258,0.2,0.258,0.45,0.542,1.0
364,,0.392,0.3,0.108,0.05,0.108,0.3,0.392,0.85
365,,0.242,0.15,-0.042,-0.1,-0.042,0.15,0.242,0.7
366,4,0.421,0.4,0.279,0.9,0.279,0.4,0.421,0.85
367,4,0.6,0.65,0.6,1.0,0.6,0.65,0.6,1.0
368,,0.45,0.5,0.45,0.85,0.45,0.5,0.45,0.85
369,,0.3,0.35,0.3,0.7,0.3,0.35,0.3,0.7
370,,0.15,0.2,0.15,0.55,0.15,0.2,0.15,0.55
371,,0.0,0.05,0.0,0.4,0.0,0.05,0.0,0.4
372,,-0.15,-0.1,-0.15,0.25,-0.15,-0.1,-0.15,0.25
373,1,0.85,0.221,0.1,0.429,0.0,0.079,0.1,0.571
374,1,1.0,0.542,0.35,0.608,0.15,0.258,0.35,0.892
375,,0.85,0.392,0.2,0.458,0.0,0.108,0.2,0.742
376,,0.7,0.242,0.05,0.308,-0.15,-0.042,0.05,0.592
377,5,0.85,0.421,0.3,0.629,0.85,0.279,0.3,0.771
378,5,1.0,0.6,0.55,0.95,1.0,0.6,0.55,0.95
379,,0.85,0.45,0.4,0.8,0.85,0.45,0.4,0.8
380,,0.7,0.3,0.25,0.65,0.7,0.3,0.25,0.65
381,,0.55,0.15,0.1,0.5,0.55,0.15,0.1,0.5
382,,0.4,0.0,-0.05,0.35,0.4,0.0,-0.05,0.35
383,3,0.65,0.321,0.95,0.671,0.65,0.179,0.1,0.529
384,3,0.9,0.642,1.0,0.992,0.9,0.358,0.25,0.708
385,,0.75,0.492,0.85,0.842,0.75,0.208,0.1,0.558
386,,0.6,0.342,0.7,0.692,0.6,0.058,-0.05,0.408
387,7,0.85,0.521,0.85,0.871,0.85,0.379,0.95,0.729
388,7,1.0,0.7,1.0,1.0,1.0,0.7,1.0,1.0
389,,0.85,0.55,0.85,0.85,0.85,0.55,0.85,0.85
390,,0.7,0.4,0.7,0.7,0.7,0.4,0.7,0.7
391,,0.55,0.25,0.55,0.55,0.55,0.25,0.55,0.55
392,,0.4,0.1,0.4,0.4,0.4,0.1,0.4,0.4
393,,0.25,-0.05,0.25,0.25,0.25,-0.05,0.25,0.25
394,6,0.429,0.1,0.429,0.5,0.571,0.95,0.571,0.5
395,6,0.608,0.25,0.608,0.75,0.892,1.0,0.892,0.75
396,,0.458,0.1,0.458,0.6,0.742,0.85,0.742,0.6
397,,0.308,-0.05,0.308,0.45,0.592,0.7,0.592,0.45
398,2,0.629,0.95,0.629,0.7,0.771,0.85,0.771,0.7
399,2,0.95,1.0,0.95,0.95,0.95,1.0,0.95,0.95
400,,0.8,0.85,0.8,0.8,0.8,0.85,0.8,0.8
401,,0.65,0.7,0.65,0.65,0.65,0.7,0.65,0.65
402,,0.5,0.55,0.5,0.5,0.5,0.55,0.5,0.5
403,,0.35,0.4,0.35,0.35,0.35,0.4,0.35,0.35
404,,0.2,0.25,0.2,0.2,0.2,0.25,0.2,0.2
405,,0.05,0.1,0.05,0.05,0.05,0.1,0.05,0.05
406,,-0.1,-0.05,-0.1,-0.1,-0.1,-0.05,-0.1,-0.1
407,1,0.9,0.271,0.15,0.079,0.05,0.129,0.15,0.221
408,1,1.0,0.592,0.4,0.258,0.2,0.308,0.4,0.542
409,,0.85,0.442,0.25,0.108,0.05,0.158,0.25,0.392
410,,0.7,0.292,0.1,-0.042,-0.1,0.008,0.1,0.242
411,5,0.85,0.471,0.35,0.279,0.9,0.329,0.35,0.421
412,5,1.0,0.65,0.6,0.6,1.0,0.65,0.6,0.6
413,,0.85,0.5,0.45,0.45,0.85,0.5,0.45,0.45
414,,0.7,0.35,0.3,0.3,0.7,0.35,0.3,0.3
415,,0.55,0.2,0.15,0.15,0.55,0.2,0.15,0.15
416,,0.4,0.05,0.0,0.0,0.4,0.05,0.0,0.0
417,,0.25,-0.1,-0.15,-0.15,0.25,-0.1,-0.15,-0.15
418,3,0.5,0.221,0.85,0.171,0.5,0.079,0.0,0.029
419,3,0.75,0.542,1.0,0.492,0.75,0.258,0.15,0.208
420,,0.6,0.392,0.85,0.342,0.6,0.108,0.0,0.058
421,,0.45,0.242,0.7,0.192,0.45,-0.042,-0.15,-0.092
422,7,0.7,0.421,0.85,0.371,0.7,0.279,0.85,0.229
423,7,0.95,0.6,1.0,0.55,0.95,0.6,1.0,0.55
424,,0.8,0.45,0.85,0.4,0.8,0.45,0.85,0.4
425,,0.65,0.3,0.7,0.25,0.65,0.3,0.7,0.25
426,,0.5,0.15,0.55,0.1,0.5,0.15,0.55,0.1
427,,0.35,0.0,0.4,-0.05,0.35,0.0,0.4,-0.05
428,8,0.671,0.25,0.579,0.1,0.529,0.25,0.721,0.95
429,8,0.992,0.5,0.758,0.25,0.708,0.5,1.0,1.0
430,,0.842,0.35,0.608,0.1,0.558,0.35,0.85,0.85
431,,0.692,0.2,0.458,-0.05,0.408,0.2,0.7,0.7
432,4,0.871,0.45,0.779,0.95,0.729,0.45,0.879,0.85
433,4,1.0,0.7,1.0,1.0,1.0,0.7,1.0,1.0
434,,0.85,0.55,0.85,0.85,0.85,0.55,0.85,0.85
435,,0.7,0.4,0.7,0.7,0.7,0.4,0.7,0.7
436,,0.55,0.25,0.55,0.55,0.55,0.25,0.55,0.55
437,,0.4,0.1,0.4,0.4,0.4,0.1,0.4,0.4
438,,0.25,-0.05,0.25,0.25,0.25,-0.05,0.25,0.25
439,2,0.571,0.95,0.571,0.5,0.429,0.1,0.429,0.5
440,2,0.892,1.0,0.892,0.75,0.608,0.25,0.608,0.75
441,,0.742,0.85,0.742,0.6,0.458,0.1,0.458,0.6
442,,0.592,0.7,0.592,0.45,0.308,-0.05,0.308,0.45
443,6,0.771,0.85,0.771,0.7,0.629,0.95,0.629,0.7
444,6,0.95,1.0,0.95,0.95,0.95,1.0,0.95,0.95
445,,0.8,0.85,0.8,0.8,0.8,0.85,0.8,0.8
446,,0.65,0.7,0.65,0.65,0.65,0.7,0.65,0.65
447,,0.5,0.55,0.5,0.5,0.5,0.55,0.5,0.5
448,,0.35,0.4,0.35,0.35,0.35,0.4,0.35,0.35
449,,0.2,0.25,0.2,0.2,0.2,0.25,0.2,0.2
450,,0.05,0.1,0.05,0.05,0.05,0.1,0.05,0.05
451,,-0.1,-0.05,-0.1,-0.1,-0.1,-0.05,-0.1,-0.1
452,1,0.9,0.271,0.15,0.079,0.05,0.129,0.15,0.221
453,1,1.0,0.592,0.4,0.258,0.2,0.308,0.4,0.542
454,,0.85,0.442,0.25,0.108,0.05,0.158,0.25,0.392
455,,0.7,0.292,0.1,-0.042,-0.1,0.008,0.1,0.242
456,5,0.85,0.471,0.35,0.279,0.9,0.329,0.35,0.421
457,5,1.0,0.65,0.6,0.6,1.0,0.65,0.6,0.6
458,,0.85,0.5,0.45,0.45,0.85,0.5,0.45,0.45
459,,0.7,0.35,0.3,0.3,0.7,0.35,0.3,0.3
460,,0.55,0.2,0.15,0.15,0.55,0.2,0.15,0.15
461,,0.4,0.05,0.0,0.0,0.4,0.05,0.0,0.0
462,,0.25,-0.1,-0.15,-0.15,0.25,-0.1,-0.15,-0.15
463,7,0.5,0.079,0.0,0.029,0.5,0.221,0.85,0.171
464,7,0.75,0.258,0.15,0.208,0.75,0.542,1.0,0.492
465,,0.6,0.108,0.0,0.058,0.6,0.392,0.85,0.342
466,,0.45,-0.042,-0.15,-0.092,0.45,0.242,0.7,0.192
467,3,0.7,0.279,0.85,0.229,0.7,0.421,0.85,0.371
468,3,0.95,0.6,1.0,0.55,0.95,0.6,1.0,0.55
469,,0.8,0.45,0.85,0.4,0.8,0.45,0.85,0.4
470,,0.65,0.3,0.7,0.25,0.65,0.3,0.7,0.25
471,,0.5,0.15,0.55,0.1,0.5,0.15,0.55,0.1
472,,0.35,0.0,0.4,-0.05,0.35,0.0,0.4,-0.05
473,4,0.529,0.25,0.721,0.95,0.671,0.25,0.579,0.1
474,4,0.708,0.5,1.0,1.0,0.992,0.5,0.758,0.25
475,,0.558,0.35,0.85,0.85,0.842,0.35,0.608,0.1
476,,0.408,0.2,0.7,0.7,0.692,0.2,0.458,-0.05
477,8,0.729,0.45,0.879,0.85,0.871,0.45,0.779,0.95
478,8,1.0,0.7,1.0,1.0,1.0,0.7,1.0,1.0
479,,0.85,0.55,0.85,0.85,0.85,0.55,0.85,0.85
480,,0.7,0.4,0.7,0.7,0.7,0.4,0.7,0.7
481,,0.55,0.25,0.55,0.55,0.55,0.25,0.55,0.55
482,,0.4,0.1,0.4,0.4,0.4,0.1,0.4,0.4
483,,0.25,-0.05,0.25,0.25,0.25,-0.05,0.25,0.25
484,2,0.571,0.95,0.571,0.5,0.429,0.1,0.429,0.5
485,2,0.892,1.0,0.892,0.75,0.608,0.25,0.608,0.75
486,,0.742,0.85,0.742,0.6,0.458,0.1,0.458,0.6
487,,0.592,0.7,0.592,0.45,0.308,-0.05,0.308,0.45
488,6,0.771,0.85,0.771,0.7,0.629,0.95,0.629,0.7
489,6,0.95,1.0,0.95,0.95,0.95,1.0,0.95,0.95
490,,0.8,0.85,0.8,0.8,0.8,0.85,0.8,0.8
491,,0.65,0.7,0.65,0.65,0.65,0.7,0.65,0.65
492,,0.5,0.55,0.5,0.5,0.5,0.55,0.5,0.5
493,,0.35,0.4,0.35,0.35,0.35,0.4,0.35,0.35
494,,0.2,0.25,0.2,0.2,0.2,0.25,0.2,0.2
495,,0.05,0.1,0.05,0.05,0.05,0.1,0.05,0.05
496,,-0.1,-0.05,-0.1,-0.1,-0.1,-0.05,-0.1,-0.1
497,5,0.05,0.129,0.15,0.221,0.9,0.271,0.15,0.079
498,5,0.2,0.308,0.4,0.542,1.0,0.592,0.4,0.258
499,,0.05,0.158,0.25,0.392,0.85,0.442,0.25,0.108
500,,-0.1,0.008,0.1,0.242,0.7,0.292,0.1,-0.042
501,1,0.9,0.329,0.35,0.421,0.85,0.471,0.35,0.279
502,1,1.0,0.65,0.6,0.6,1.0,0.65,0.6,0.6
503,,0.85,0.5,0.45,0.45,0.85,0.5,0.45,0.45
504,,0.7,0.35,0.3,0.3,0.7,0.35,0.3,0.3
505,,0.55,0.2,0.15,0.15,0.55,0.2,0.15,0.15
506,,0.4,0.05,0.0,0.0,0.4,0.05,0.0,0.0
507,,0.25,-0.1,-0.15,-0.15,0.25,-0.1,-0.15,-0.15
508,8,0.571,0.15,0.029,0.0,0.429,0.15,0.171,0.85
509,8,0.892,0.4,0.208,0.15,0.608,0.4,0.492,1.0
510,,0.742,0.25,0.058,0.0,0.458,0.25,0.342,0.85
511,,0.592,0.1,-0.092,-0.15,0.308,0.1,0.192,0.7
512,4,0.771,0.35,0.229,0.85,0.629,0.35,0.371,0.85
513,4,0.95,0.6,0.55,1.0,0.95,0.6,0.55,1.0
514,,0.8,0.45,0.4,0.85,0.8,0.45,0.4,0.85
515,,0.65,0.3,0.25,0.7,0.65,0.3,0.25,0.7
516,,0.5,0.15,0.1,0.55,0.5,0.15,0.1,0.55
517,,0.35,0.0,-0.05,0.4,0.35,0.0,-0.05,0.4
518,3,0.6,0.321,0.95,0.721,0.6,0.179,0.1,0.579
519,3,0.85,0.642,1.0,1.0,0.85,0.358,0.25,0.758
520,,0.7,0.492,0.85,0.85,0.7,0.208,0.1,0.608
521,,0.55,0.342,0.7,0.7,0.55,0.058,-0.05,0.458
522,7,0.8,0.521,0.85,0.879,0.8,0.379,0.95,0.779
523,7,1.0,0.7,1.0,1.0,1.0,0.7,1.0,1.0
524,,0.85,0.55,0.85,0.85,0.85,0.55,0.85,0.85
525,,0.7,0.4,0.7,0.7,0.7,0.4,0.7,0.7
526,,0.55,0.25,0.55,0.55,0.55,0.25,0.55,0.55
527,,0.4,0.1,0.4,0.4,0.4,0.1,0.4,0.4
528,,0.25,-0.05,0.25,0.25,0.25,-0.05,0.25,0.25
529,6,0.429,0.1,0.429,0.5,0.571,0.95,0.571,0.5
530,6,0.608,0.25,0.608,0.75,0.892,1.0,0.892,0.75
531,,0.458,0.1,0.458,0.6,0.742,0.85,0.742,0.6
532,,0.308,-0.05,0.308,0.45,0.592,0.7,0.592,0.45
533,2,0.629,0.95,0.629,0.7,0.771,0.85,0.771,0.7
534,2,0.95,1.0,0.95,0.95,0.95,1.0,0.95,0.95
535,,0.8,0.85,0.8,0.8,0.8,0.85,0.8,0.8
536,,0.65,0.7,0.65,0.65,0.65,0.7,0.65,0.65
537,,0.5,0.55,0.5,0.5,0.5,0.55,0.5,0.5
538,,0.35,0.4,0.35,0.35,0.35,0.4,0.35,0.35
539,,0.2,0.25,0.2,0.2,0.2,0.25,0.2,0.2
540,,0.05,0.1,0.05,0.05,0.05,0.1,0.05,0.05
541,,-0.1,-0.05,-0.1,-0.1,-0.1,-0.05,-0.1,-0.1
542,7,0.15,0.129,0.05,0.079,0.15,0.271,0.9,0.221
543,7,0.4,0.308,0.2,0.258,0.4,0.592,1.0,0.542
544,,0.25,0.158,0.05,0.108,0.25,0.442,0.85,0.392
545,,0.1,0.008,-0.1,-0.042,0.1,0.292,0.7,0.242
546,3,0.35,0.329,0.9,0.279,0.35,0.471,0.85,0.421
547,3,0.6,0.65,1.0,0.6,0.6,0.65,1.0,0.6
548,,0.45,0.5,0.85,0.45,0.45,0.5,0.85,0.45
549,,0.3,0.35,0.7,0.3,0.3,0.35,0.7,0.3
550,,0.15,0.2,0.55,0.15,0.15,0.2,0.55,0.15
551,,0.0,0.05,0.4,0.0,0.0,0.05,0.4,0.0
552,,-0.15,-0.1,0.25,-0.15,-0.15,-0.1,0.25,-0.15
553,1,0.85,0.221,0.5,0.029,0.0,0.079,0.5,0.171
554,1,1.0,0.542,0.75,0.208,0.15,0.258,0.75,0.492
555,,0.85,0.392,0.6,0.058,0.0,0.108,0.6,0.342
556,,0.7,0.242,0.45,-0.092,-0.15,-0.042,0.45,0.192
557,5,0.85,0.421,0.7,0.229,0.85,0.279,0.7,0.371
558,5,1.0,0.6,0.95,0.55,1.0,0.6,0.95,0.55
559,,0.85,0.45,0.8,0.4,0.85,0.45,0.8,0.4
560,,0.7,0.3,0.65,0.25,0.7,0.3,0.65,0.25
561,,0.55,0.15,0.5,0.1,0.55,0.15,0.5,0.1
562,,0.4,0.0,0.35,-0.05,0.4,0.0,0.35,-0.05
563,4,0.579,0.25,0.671,0.95,0.721,0.25,0.529,0.1
564,4,0.758,0.5,0.992,1.0,1.0,0.5,0.708,0.25
565,,0.608,0.35,0.842,0.85,0.85,0.35,0.558,0.1
566,,0.458,0.2,0.692,0.7,0.7,0.2,0.408,-0.05
567,8,0.779,0.45,0.871,0.85,0.879,0.45,0.729,0.95
568,8,1.0,0.7,1.0,1.0,1.0,0.7,1.0,1.0
569,,0.85,0.55,0.85,0.85,0.85,0.55,0.85,0.85
570,,0.7,0.4,0.7,0.7,0.7,0.4,0.7,0.7
571,,0.55,0.25,0.55,0.55,0.55,0.25,0.55,0.55
572,,0.4,0.1,0.4,0.4,0.4,0.1,0.4,0.4
573,,0.25,-0.05,0.25,0.25,0.25,-0.05,0.25,0.25
574,2,0.571,0.95,0.571,0.5,0.429,0.1,0.429,0.5
575,2,0.892,1.0,0.892,0.75,0.608,0.25,0.608,0.75
576,,0.742,0.85,0.742,0.6,0.458,0.1,0.458,0.6
577,,0.592,0.7,0.592,0.45,0.308,-0.05,0.308,0.45
578,6,0.771,0.85,0.771,0.7,0.629,0.95,0.629,0.7
579,6,0.95,1.0,0.95,0.95,0.95,1.0,0.95,0.95
580,,0.8,0.85,0.8,0.8,0.8,0.85,0.8,0.8
581,,0.65,0.7,0.65,0.65,0.65,0.7,0.65,0.65
582,,0.5,0.55,0.5,0.5,0.5,0.55,0.5,0.5
583,,0.35,0.4,0.35,0.35,0.35,0.4,0.35,0.35
584,,0.2,0.25,0.2,0.2,0.2,0.25,0.2,0.2
585,,0.05,0.1,0.05,0.05,0.05,0.1,0.05,0.05
586,,-0.1,-0.05,-0.1,-0.1,-0.1,-0.05,-0.1,-0.1
587,5,0.05,0.129,0.15,0.221,0.9,0.271,0.15,0.079
588,5,0.2,0.308,0.4,0.542,1.0,0.592,0.4,0.258
589,,0.05,0.158,0.25,0.392,0.85,0.442,0.25,0.108
590,,-0.1,0.008,0.1,0.242,0.7,0.292,0.1,-0.042
591,1,0.9,0.329,0.35,0.421,0.85,0.471,0.35,0.279
592,1,1.0,0.65,0.6,0.6,1.0,0.65,0.6,0.6
593,,0.85,0.5,0.45,0.45,0.85,0.5,0.45,0.45
594,,0.7,0.35,0.3,0.3,0.7,0.35,0.3,0.3
595,,0.55,0.2,0.15,0.15,0.55,0.2,0.15,0.15
596,,0.4,0.05,0.0,0.0,0.4,0.05,0.0,0.0
597,,0.25,-0.1,-0.15,-0.15,0.25,-0.1,-0.15,-0.15
598,4,0.429,0.15,0.171,0.85,0.571,0.15,0.029,0.0
599,4,0.608,0.4,0.492,1.0,0.892,0.4,0.208,0.15
600,,0.458,0.25,0.342,0.85,0.742,0.25,0.058,0.0
601,,0.308,0.1,0.192,0.7,0.592,0.1,-0.092,-0.15
602,8,0.629,0.35,0.371,0.85,0.771,0.35,0.229,0.85
603,8,0.95,0.6,0.55,1.0,0.95,0.6,0.55,1.0
604,,0.8,0.45,0.4,0.85,0.8,0.45,0.4,0.85
605,,0.65,0.3,0.25,0.7,0.65,0.3,0.25,0.7
606,,0.5,0.15,0.1,0.55,0.5,0.15,0.1,0.55
607,,0.35,0.0,-0.05,0.4,0.35,0.0,-0.05,0.4
608,3,0.6,0.321,0.95,0.721,0.6,0.179,0.1,0.579
609,3,0.85,0.642,1.0,1.0,0.85,0.358,0.25,0.758
610,,0.7,0.492,0.85,0.85,0.7,0.208,0.1,0.608
611,,0.55,0.342,0.7,0.7,0.55,0.058,-0.05,0.458
612,7,0.8,0.521,0.85,0.879,0.8,0.379,0.95,0.779
613,7,1.0,0.7,1.0,1.0,1.0,0.7,1.0,1.0
614,,0.85,0.55,0.85,0.85,0.85,0.55,0.85,0.85
615,,0.7,0.4,0.7,0.7,0.7,0.4,0.7,0.7
616,,0.55,0.25,0.55,0.55,0.55,0.25,0.55,0.55
617,,0.4,0.1,0.4,0.4,0.4,0.1,0.4,0.4
618,,0.25,-0.05,0.25,0.25,0.25,-0.05,0.25,0.25
619,6,0.429,0.1,0.429,0.5,0.571,0.95,0.571,0.5
620,6,0.608,0.25,0.608,0.75,0.892,1.0,0.892,0.75
621,,0.458,0.1,0.458,0.6,0.742,0.85,0.742,0.6
622,,0.308,-0.05,0.308,0.45,0.592,0.7,0.592,0.45
623,2,0.629,0.95,0.629,0.7,0.771,0.85,0.771,0.7
624,2,0.95,1.0,0.95,0.95,0.95,1.0,0.95,0.95
625,,0.8,0.85,0.8,0.8,0.8,0.85,0.8,0.8
626,,0.65,0.7,0.65,0.65,0.65,0.7,0.65,0.65
627,,0.5,0.55,0.5,0.5,0.5,0.55,0.5,0.5
628,,0.35,0.4,0.35,0.35,0.35,0.4,0.35,0.35
629,,0.2,0.25,0.2,0.2,0.2,0.25,0.2,0.2
630,,0.05,0.1,0.05,0.05,0.05,0.1,0.05,0.05
631,,-0.1,-0.05,-0.1,-0.1,-0.1,-0.05,-0.1,-0.1
632,8,0.221,0.2,0.079,0.05,0.079,0.2,0.221,0.9
633,8,0.542,0.45,0.258,0.2,0.258,0.45,0.542,1.0
634,,0.392,0.3,0.108,0.05,0.108,0.3,0.392,0.85
635,,0.242,0.15,-0.042,-0.1,-0.042,0.15,0.242,0.7
636,4,0.421,0.4,0.279,0.9,0.279,0.4,0.421,0.85
637,4,0.6,0.65,0.6,1.0,0.6,0.65,0.6,1.0
638,,0.45,0.5,0.45,0.85,0.45,0.5,0.45,0.85
639,,0.3,0.35,0.3,0.7,0.3,0.35,0.3,0.7
640,,0.15,0.2,0.15,0.55,0.15,0.2,0.15,0.55
641,,0.0,0.05,0.0,0.4,0.0,0.05,0.0,0.4
642,,-0.15,-0.1,-0.15,0.25,-0.15,-0.1,-0.15,0.25
643,7,0.1,0.079,0.0,0.429,0.1,0.221,0.85,0.571
644,7,0.35,0.258,0.15,0.608,0.35,0.542,1.0,0.892
645,,0.2,0.108,0.0,0.458,0.2,0.392,0.85,0.742
646,,0.05,-0.042,-0.15,0.308,0.05,0.242,0.7,0.592
647,3,0.3,0.279,0.85,0.629,0.3,0.421,0.85,0.771
648,3,0.55,0.6,1.0,0.95,0.55,0.6,1.0,0.95
649,,0.4,0.45,0.85,0.8,0.4,0.45,0.85,0.8
650,,0.25,0.3,0.7,0.65,0.25,0.3,0.7,0.65
651,,0.1,0.15,0.55,0.5,0.1,0.15,0.55,0.5
652,,-0.05,0.0,0.4,0.35,-0.05,0.0,0.4,0.35
653,1,0.95,0.321,0.65,0.529,0.1,0.179,0.65,0.671
654,1,1.0,0.642,0.9,0.708,0.25,0.358,0.9,0.992
655,,0.85,0.492,0.75,0.558,0.1,0.208,0.75,0.842
656,,0.7,0.342,0.6,0.408,-0.05,0.058,0.6,0.692
657,5,0.85,0.521,0.85,0.729,0.95,0.379,0.85,0.871
658,5,1.0,0.7,1.0,1.0,1.0,0.7,1.0,1.0
659,,0.85,0.55,0.85,0.85,0.85,0.55,0.85,0.85
660,,0.7,0.4,0.7,0.7,0.7,0.4,0.7,0.7
661,,0.55,0.25,0.55,0.55,0.55,0.25,0.55,0.55
662,,0.4,0.1,0.4,0.4,0.4,0.1,0.4,0.4
663,,0.25,-0.05,0.25,0.25,0.25,-0.05,0.25,0.25
664,6,0.429,0.1,0.429,0.5,0.571,0.95,0.571,0.5
665,6,0.608,0.25,0.608,0.75,0.892,1.0,0.892,0.75
666,,0.458,0.1,0.458,0.6,0.742,0.85,0.742,0.6
667,,0.308,-0.05,0.308,0.45,0.592,0.7,0.592,0.45
668,2,0.629,0.95,0.629,0.7,0.771,0.85,0.771,0.7
669,2,0.95,1.0,0.95,0.95,0.95,1.0,0.95,0.95
670,,0.8,0.85,0.8,0.8,0.8,0.85,0.8,0.8
671,,0.65,0.7,0.65,0.65,0.65,0.7,0.65,0.65
672,,0.5,0.55,0.5,0.5,0.5,0.55,0.5,0.5
673,,0.35,0.4,0.35,0.35,0.35,0.4,0.35,0.35
674,,0.2,0.25,0.2,0.2,0.2,0.25,0.2,0.2
675,,0.05,0.1,0.05,0.05,0.05,0.1,0.05,0.05
676,,-0.1,-0.05,-0.1,-0.1,-0.1,-0.05,-0.1,-0.1
677,7,0.15,0.129,0.05,0.079,0.15,0.271,0.9,0.221
678,7,0.4,0.308,0.2,0.258,0.4,0.592,1.0,0.542
679,,0.25,0.158,0.05,0.108,0.25,0.442,0.85,0.392
680,,0.1,0.008,-0.1,-0.042,0.1,0.292,0.7,0.242
681,3,0.35,0.329,0.9,0.279,0.35,0.471,0.85,0.421
682,3,0.6,0.65,1.0,0.6,0.6,0.65,1.0,0.6
683,,0.45,0.5,0.85,0.45,0.45,0.5,0.85,0.45
684,,0.3,0.35,0.7,0.3,0.3,0.35,0.7,0.3
685,,0.15,0.2,0.55,0.15,0.15,0.2,0.55,0.15
686,,0.0,0.05,0.4,0.0,0.0,0.05,0.4,0.0
687,,-0.15,-0.1,0.25,-0.15,-0.15,-0.1,0.25,-0.15
688,4,0.029,0.15,0.571,0.85,0.171,0.15,0.429,0.0
689,4,0.208,0.4,0.892,1.0,0.492,0.4,0.608,0.15
690,,0.058,0.25,0.742,0.85,0.342,0.25,0.458,0.0
691,,-0.092,0.1,0.592,0.7,0.192,0.1,0.308,-0.15
692,8,0.229,0.35,0.771,0.85,0.371,0.35,0.629,0.85
693,8,0.55,0.6,0.95,1.0,0.55,0.6,0.95,1.0
694,,0.4,0.45,0.8,0.85,0.4,0.45,0.8,0.85
695,,0.25,0.3,0.65,0.7,0.25,0.3,0.65,0.7
696,,0.1,0.15,0.5,0.55,0.1,0.15,0.5,0.55
697,,-0.05,0.0,0.35,0.4,-0.05,0.0,0.35,0.4
698,1,0.95,0.321,0.6,0.579,0.1,0.179,0.6,0.721
699,1,1.0,0.642,0.85,0.758,0.25,0.358,0.85,1.0
700,,0.85,0.492,0.7,0.608,0.1,0.208,0.7,0.85
701,,0.7,0.342,0.55,0.458,-0.05,0.058,0.55,0.7
702,5,0.85,0.521,0.8,0.779,0.95,0.379,0.8,0.879
703,5,1.0,0.7,1.0,1.0,1.0,0.7,1.0,1.0
704,,0.85,0.55,0.85,0.85,0.85,0.55,0.85,0.85
705,,0.7,0.4,0.7,0.7,0.7,0.4,0.7,0.7
706,,0.55,0.25,0.55,0.55,0.55,0.25,0.55,0.55
707,,0.4,0.1,0.4,0.4,0.4,0.1,0.4,0.4
708,,0.25,-0.05,0.25,0.25,0.25,-0.05,0.25,0.25
709,2,0.571,0.95,0.571,0.5,0.429,0.1,0.429,0.5
710,2,0.892,1.0,0.892,0.75,0.608,0.25,0.608,0.75
711,,0.742,0.85,0.742,0.6,0.458,0.1,0.458,0.6
712,,0.592,0.7,0.592,0.45,0.308,-0.05,0.308,0.45
713,6,0.771,0.85,0.771,0.7,0.629,0.95,0.629,0.7
714,6,0.95,1.0,0.95,0.95,0.95,1.0,0.95,0.95
715,,0.8,0.85,0.8,0.8,0.8,0.85,0.8,0.8
716,,0.65,0.7,0.65,0.65,0.65,0.7,0.65,0.65
717,,0.5,0.55,0.5,0.5,0.5,0.55,0.5,0.5
718,,0.35,0.4,0.35,0.35,0.35,0.4,0.35,0.35
719,,0.2,0.25,0.2,0.2,0.2,0.25,0.2,0.2
720,,0.05,0.1,0.05,0.05,0.05,0.1,0.05,0.05
721,,-0.1,-0.05,-0.1,-0.1,-0.1,-0.05,-0.1,-0.1
722,5,0.05,0.129,0.15,0.221,0.9,0.271,0.15,0.079
723,5,0.2,0.308,0.4,0.542,1.0,0.592,0.4,0.258
724,,0.05,0.158,0.25,0.392,0.85,0.442,0.25,0.108
725,,-0.1,0.008,0.1,0.242,0.7,0.292,0.1,-0.042
726,1,0.9,0.329,0.35,0.421,0.85,0.471,0.35,0.279
727,1,1.0,0.65,0.6,0.6,1.0,0.65,0.6,0.6
728,,0.85,0.5,0.45,0.45,0.85,0.5,0.45,0.45
729,,0.7,0.35,0.3,0.3,0.7,0.35,0.3,0.3
730,,0.55,0.2,0.15,0.15,0.55,0.2,0.15,0.15
731,,0.4,0.05,0.0,0.0,0.4,0.05,0.0,0.0
732,,0.25,-0.1,-0.15,-0.15,0.25,-0.1,-0.15,-0.15
733,8,0.571,0.15,0.029,0.0,0.429,0.15,0.171,0.85
734,8,0.892,0.4,0.208,0.15,0.608,0.4,0.492,1.0
735,,0.742,0.25,0.058,0.0,0.458,0.25,0.342,0.85
736,,0.592,0.1,-0.092,-0.15,0.308,0.1,0.192,0.7
737,4,0.771,0.35,0.229,0.85,0.629,0.35,0.371,0.85
738,4,0.95,0.6,0.55,1.0,0.95,0.6,0.55,1.0
739,,0.8,0.45,0.4,0.85,0.8,0.45,0.4,0.85
740,,0.65,0.3,0.25,0.7,0.65,0.3,0.25,0.7
741,,0.5,0.15,0.1,0.55,0.5,0.15,0.1,0.55
742,,0.35,0.0,-0.05,0.4,0.35,0.0,-0.05,0.4
743,3,0.6,0.321,0.95,0.721,0.6,0.179,0.1,0.579
744,3,0.85,0.642,1.0,1.0,0.85,0.358,0.25,0.758
745,,0.7,0.492,0.85,0.85,0.7,0.208,0.1,0.608
746,,0.55,0.342,0.7,0.7,0.55,0.058,-0.05,0.458
747,7,0.8,0.521,0.85,0.879,0.8,0.379,0.95,0.779
748,7,1.0,0.7,1.0,1.0,1.0,0.7,1.0,1.0
749,,0.85,0.55,0.85,0.85,0.85,0.55,0.85,0.85
750,,0.7,0.4,0.7,0.7,0.7,0.4,0.7,0.7
751,,0.55,0.25,0.55,0.55,0.55,0.25,0.55,0.55
752,,0.4,0.1,0.4,0.4,0.4,0.1,0.4,0.4
753,,0.25,-0.05,0.25,0.25,0.25,-0.05,0.25,0.25
754,6,0.429,0.1,0.429,0.5,0.571,0.95,0.571,0.5
755,6,0.608,0.25,0.608,0.75,0.892,1.0,0.892,0.75
756,,0.458,0.1,0.458,0.6,0.742,0.85,0.742,0.6
757,,0.308,-0.05,0.308,0.45,0.592,0.7,0.592,0.45
758,2,0.629,0.95,0.629,0.7,0.771,0.85,0.771,0.7
759,2,0.95,1.0,0.95,0.95,0.95,1.0,0.95,0.95
760,,0.8,0.85,0.8,0.8,0.8,0.85,0.8,0.8
761,,0.65,0.7,0.65,0.65,0.65,0.7,0.65,0.65
762,,0.5,0.55,0.5,0.5,0.5,0.55,0.5,0.5
763,,0.35,0.4,0.35,0.35,0.35,0.4,0.35,0.35
764,,0.2,0.25,0.2,0.2,0.2,0.25,0.2,0.2
765,,0.05,0.1,0.05,0.05,0.05,0.1,0.05,0.05
766,,-0.1,-0.05,-0.1,-0.1,-0.1,-0.05,-0.1,-0.1
767,5,0.05,0.129,0.15,0.221,0.9,0.271,0.15,0.079
768,5,0.2,0.308,0.4,0.542,1.0,0.592,0.4,0.258
769,,0.05,0.158,0.25,0.392,0.85,0.442,0.25,0.108
770,,-0.1,0.008,0.1,0.242,0.7,0.292,0.1,-0.042
771,1,0.9,0.329,0.35,0.421,0.85,0.471,0.35,0.279
772,1,1.0,0.65,0.6,0.6,1.0,0.65,0.6,0.6
773,,0.85,0.5,0.45,0.45,0.85,0.5,0.45,0.45
774,,0.7,0.35,0.3,0.3,0.7,0.35,0.3,0.3
775,,0.55,0.2,0.15,0.15,0.55,0.2,0.15,0.15
776,,0.4,0.05,0.0,0.0,0.4,0.05,0.0,0.0
777,,0.25,-0.1,-0.15,-0.15,0.25,-0.1,-0.15,-0.15
778,3,0.5,0.221,0.85,0.171,0.5,0.079,0.0,0.029
779,3,0.75,0.542,1.0,0.492,0.75,0.258,0.15,0.208
780,,0.6,0.392,0.85,0.342,0.6,0.108,0.0,0.058
781,,0.45,0.242,0.7,0.192,0.45,-0.042,-0.15,-0.092
782,7,0.7,0.421,0.85,0.371,0.7,0.279,0.85,0.229
783,7,0.95,0.6,1.0,0.55,0.95,0.6,1.0,0.55
784,,0.8,0.45,0.85,0.4,0.8,0.45,0.85,0.4
785,,0.65,0.3,0.7,0.25,0.65,0.3,0.7,0.25
786,,0.5,0.15,0.55,0.1,0.5,0.15,0.55,0.1
787,,0.35,0.0,0.4,-0.05,0.35,0.0,0.4,-0.05
788,4,0.529,0.25,0.721,0.95,0.671,0.25,0.579,0.1
789,4,0.708,0.5,1.0,1.0,0.992,0.5,0.758,0.25
790,,0.558,0.35,0.85,0.85,0.842,0.35,0.608,0.1
791,,0.408,0.2,0.7,0.7,0.692,0.2,0.458,-0.05
792,8,0.729,0.45,0.879,0.85,0.871,0.45,0.779,0.95
793,8,1.0,0.7,1.0,1.0,1.0,0.7,1.0,1.0
794,,0.85,0.55,0.85,0.85,0.85,0.55,0.85,0.85
795,,0.7,0.4,0.7,0.7,0.7,0.4,0.7,0.7
796,,0.55,0.25,0.55,0.55,0.55,0.25,0.55,0.55
797,,0.4,0.1,0.4,0.4,0.4,0.1,0.4,0.4
798,,0.25,-0.05,0.25,0.25,0.25,-0.05,0.25,0.25
799,6,0.429,0.1,0.429,0.5,0.571,0.95,0.571,0.5
800,6,0.608,0.25,0.608,0.75,0.892,1.0,0.892,0.75
801,,0.458,0.1,0.458,0.6,0.742,0.85,0.742,0.6
802,,0.308,-0.05,0.308,0.45,0.592,0.7,0.592,0.45
803,2,0.629,0.95,0.629,0.7,0.771,0.85,0.771,0.7
804,2,0.95,1.0,0.95,0.95,0.95,1.0,0.95,0.95
805,,0.8,0.85,0.8,0.8,0.8,0.85,0.8,0.8
806,,0.65,0.7,0.65,0.65,0.65,0.7,0.65,0.65
807,,0.5,0.55,0.5,0.5,0.5,0.55,0.5,0.5
808,,0.35,0.4,0.35,0.35,0.35,0.4,0.35,0.35
809,,0.2,0.25,0.2,0.2,0.2,0.25,0.2,0.2
810,,0.05,0.1,0.05,0.05,0.05,0.1,0.05,0.05
811,,-0.1,-0.05,-0.1,-0.1,-0.1,-0.05,-0.1,-0.1
812,7,0.15,0.129,0.05,0.079,0.15,0.271,0.9,0.221
813,7,0.4,0.308,0.2,0.258,0.4,0.592,1.0,0.542
814,,0.25,0.158,0.05,0.108,0.25,0.442,0.85,0.392
815,,0.1,0.008,-0.1,-0.042,0.1,0.292,0.7,0.242
816,3,0.35,0.329,0.9,0.279,0.35,0.471,0.85,0.421
817,3,0.6,0.65,1.0,0.6,0.6,0.65,1.0,0.6
818,,0.45,0.5,0.85,0.45,0.45,0.5,0.85,0.45
819,,0.3,0.35,0.7,0.3,0.3,0.35,0.7,0.3
820,,0.15,0.2,0.55,0.15,0.15,0.2,0.55,0.15
821,,0.0,0.05,0.4,0.0,0.0,0.05,0.4,0.0
822,,-0.15,-0.1,0.25,-0.15,-0.15,-0.1,0.25,-0.15
823,5,0.0,0.079,0.5,0.171,0.85,0.221,0.5,0.029
824,5,0.15,0.258,0.75,0.492,1.0,0.542,0.75,0.208
825,,0.0,0.108,0.6,0.342,0.85,0.392,0.6,0.058
826,,-0.15,-0.042,0.45,0.192,0.7,0.242,0.45,-0.092
827,1,0.85,0.279,0.7,0.371,0.85,0.421,0.7,0.229
828,1,1.0,0.6,0.95,0.55,1.0,0.6,0.95,0.55
829,,0.85,0.45,0.8,0.4,0.85,0.45,0.8,0.4
830,,0.7,0.3,0.65,0.25,0.7,0.3,0.65,0.25
831,,0.55,0.15,0.5,0.1,0.55,0.15,0.5,0.1
832,,0.4,0.0,0.35,-0.05,0.4,0.0,0.35,-0.05
833,4,0.579,0.25,0.671,0.95,0.721,0.25,0.529,0.1
834,4,0.758,0.5,0.992,1.0,1.0,0.5,0.708,0.25
835,,0.608,0.35,0.842,0.85,0.85,0.35,0.558,0.1
836,,0.458,0.2,0.692,0.7,0.7,0.2,0.408,-0.05
837,8,0.779,0.45,0.871,0.85,0.879,0.45,0.729,0.95
838,8,1.0,0.7,1.0,1.0,1.0,0.7,1.0,1.0
839,,0.85,0.55,0.85,0.85,0.85,0.55,0.85,0.85
840,,0.7,0.4,0.7,0.7,0.7,0.4,0.7,0.7
841,,0.55,0.25,0.55,0.55,0.55,0.25,0.55,0.55
842,,0.4,0.1,0.4,0.4,0.4,0.1,0.4,0.4
843,,0.25,-0.05,0.25,0.25,0.25,-0.05,0.25,0.25
844,6,0.429,0.1,0.429,0.5,0.571,0.95,0.571,0.5
845,6,0.608,0.25,0.608,0.75,0.892,1.0,0.892,0.75
846,,0.458,0.1,0.458,0.6,0.742,0.85,0.742,0.6
847,,0.308,-0.05,0.308,0.45,0.592,0.7,0.592,0.45
848,2,0.629,0.95,0.629,0.7,0.771,0.85,0.771,0.7
849,2,0.95,1.0,0.95,0.95,0.95,1.0,0.95,0.95
850,,0.8,0.85,0.8,0.8,0.8,0.85,0.8,0.8
851,,0.65,0.7,0.65,0.65,0.65,0.7,0.65,0.65
852,,0.5,0.55,0.5,0.5,0.5,0.55,0.5,0.5
853,,0.35,0.4,0.35,0.35,0.35,0.4,0.35,0.35
854,,0.2,0.25,0.2,0.2,0.2,0.25,0.2,0.2
855,,0.05,0.1,0.05,0.05,0.05,0.1,0.05,0.05
856,,-0.1,-0.05,-0.1,-0.1,-0.1,-0.05,-0.1,-0.1
857,3,0.15,0.271,0.9,0.221,0.15,0.129,0.05,0.079
858,3,0.4,0.592,1.0,0.542,0.4,0.308,0.2,0.258
859,,0.25,0.442,0.85,0.392,0.25,0.158,0.05,0.108
860,,0.1,0.292,0.7,0.242,0.1,0.008,-0.1,-0.042
861,7,0.35,0.471,0.85,0.421,0.35,0.329,0.9,0.279
862,7,0.6,0.65,1.0,0.6,0.6,0.65,1.0,0.6
863,,0.45,0.5,0.85,0.45,0.45,0.5,0.85,0.45
864,,0.3,0.35,0.7,0.3,0.3,0.35,0.7,0.3
865,,0.15,0.2,0.55,0.15,0.15,0.2,0.55,0.15
866,,0.0,0.05,0.4,0.0,0.0,0.05,0.4,0.0
867,,-0.15,-0.1,0.25,-0.15,-0.15,-0.1,0.25,-0.15
868,5,0.0,0.079,0.5,0.171,0.85,0.221,0.5,0.029
869,5,0.15,0.258,0.75,0.492,1.0,0.542,0.75,0.208
870,,0.0,0.108,0.6,0.342,0.85,0.392,0.6,0.058
871,,-0.15,-0.042,0.45,0.192,0.7,0.242,0.45,-0.092
872,1,0.85,0.279,0.7,0.371,0.85,0.421,0.7,0.229
873,1,1.0,0.6,0.95,0.55,1.0,0.6,0.95,0.55
874,,0.85,0.45,0.8,0.4,0.85,0.45,0.8,0.4
875,,0.7,0.3,0.65,0.25,0.7,0.3,0.65,0.25
876,,0.55,0.15,0.5,0.1,0.55,0.15,0.5,0.1
877,,0.4,0.0,0.35,-0.05,0.4,0.0,0.35,-0.05
878,8,0.721,0.25,0.529,0.1,0.579,0.25,0.671,0.95
879,8,1.0,0.5,0.708,0.25,0.758,0.5,0.992,1.0
880,,0.85,0.35,0.558,0.1,0.608,0.35,0.842,0.85
881,,0.7,0.2,0.408,-0.05,0.458,0.2,0.692,0.7
882,4,0.879,0.45,0.729,0.95,0.779,0.45,0.871,0.85
883,4,1.0,0.7,1.0,1.0,1.0,0.7,1.0,1.0
884,,0.85,0.55,0.85,0.85,0.85,0.55,0.85,0.85
885,,0.7,0.4,0.7,0.7,0.7,0.4,0.7,0.7
