step,active_motive,motive_1,motive_2,motive_3,motive_4,motive_5,motive_6,motive_7,motive_8
0,,0.02361,0.076,0.05313,0.07205,0.00623,0.01477,0.01331,0.06872
1,,-0.12639,-0.074,-0.09687,-0.07795,-0.14377,-0.13523,-0.13669,-0.08128
2,5,0.02361,0.105,0.15313,0.24305,0.85623,0.18577,0.11331,0.09772
3,5,0.17361,0.284,0.40313,0.56405,1.0,0.50677,0.36331,0.27672
4,,0.02361,0.134,0.25313,0.41405,0.85,0.35677,0.21331,0.12672
5,,-0.12639,-0.016,0.10313,0.26405,0.7,0.20677,0.06331,-0.02328
6,1,0.87361,0.305,0.35313,0.44305,0.85,0.38577,0.31331,0.29772
7,1,1.0,0.626,0.60313,0.62205,1.0,0.56477,0.56331,0.61872
8,,0.85,0.476,0.45313,0.47205,0.85,0.41477,0.41331,0.46872
9,,0.7,0.326,0.30313,0.32205,0.7,0.26477,0.26331,0.31872
10,,0.55,0.176,0.15313,0.17205,0.55,0.11477,0.11331,0.16872
11,,0.4,0.026,0.00313,0.02205,0.4,-0.03523,-0.03669,0.01872
12,7,0.65,0.205,0.15313,0.20105,0.65,0.28577,0.96331,0.33972
13,7,0.9,0.384,0.30313,0.38005,0.9,0.60677,1.0,0.66072
14,,0.75,0.234,0.15313,0.23005,0.75,0.45677,0.85,0.51072
15,,0.6,0.084,0.00313,0.08005,0.6,0.30677,0.7,0.36072
16,,0.45,-0.066,-0.14687,-0.06995,0.45,0.15677,0.55,0.21072
17,3,0.7,0.255,0.85313,0.25105,0.7,0.33577,0.7,0.38972
18,3,0.95,0.576,1.0,0.57205,0.95,0.51477,0.85,0.56872
19,,0.8,0.426,0.85,0.42205,0.8,0.36477,0.7,0.41872
20,,0.65,0.276,0.7,0.27205,0.65,0.21477,0.55,0.26872
21,,0.5,0.126,0.55,0.12205,0.5,0.06477,0.4,0.11872
22,,0.35,-0.024,0.4,-0.02795,0.35,-0.08523,0.25,-0.03128
23,6,0.529,0.126,0.579,0.22205,0.671,0.91477,0.571,0.21872
24,6,0.708,0.276,0.758,0.47205,0.992,1.0,0.892,0.46872
25,,0.558,0.126,0.608,0.32205,0.842,0.85,0.742,0.31872
26,,0.408,-0.024,0.458,0.17205,0.692,0.7,0.592,0.16872
27,2,0.729,0.976,0.779,0.42205,0.871,0.85,0.771,0.41872
28,2,1.0,1.0,1.0,0.67205,1.0,1.0,0.95,0.66872
29,,0.85,0.85,0.85,0.52205,0.85,0.85,0.8,0.51872
30,,0.7,0.7,0.7,0.37205,0.7,0.7,0.65,0.36872
31,,0.55,0.55,0.55,0.22205,0.55,0.55,0.5,0.21872
32,,0.4,0.4,0.4,0.07205,0.4,0.4,0.35,0.06872
33,,0.25,0.25,0.25,-0.07795,0.25,0.25,0.2,-0.08128
34,8,0.571,0.5,0.429,0.07205,0.429,0.5,0.521,0.91872
35,8,0.892,0.75,0.608,0.22205,0.608,0.75,0.842,1.0
36,,0.742,0.6,0.458,0.07205,0.458,0.6,0.692,0.85
37,,0.592,0.45,0.308,-0.07795,0.308,0.45,0.542,0.7
38,4,0.771,0.7,0.629,0.92205,0.629,0.7,0.721,0.85
39,4,0.95,0.95,0.95,1.0,0.95,0.95,0.9,1.0
40,,0.8,0.8,0.8,0.85,0.8,0.8,0.75,0.85
41,,0.65,0.65,0.65,0.7,0.65,0.65,0.6,0.7
42,,0.5,0.5,0.5,0.55,0.5,0.5,0.45,0.55
43,,0.35,0.35,0.35,0.4,0.35,0.35,0.3,0.4
44,,0.2,0.2,0.2,0.25,0.2,0.2,0.15,0.25
45,,0.05,0.05,0.05,0.1,0.05,0.05,0.0,0.1
46,,-0.1,-0.1,-0.1,-0.05,-0.1,-0.1,-0.15,-0.05
47,7,0.15,0.079,0.05,0.129,0.15,0.221,0.85,0.271
48,7,0.4,0.258,0.2,0.308,0.4,0.542,1.0,0.592
49,,0.25,0.108,0.05,0.158,0.25,0.392,0.85,0.442
50,,0.1,-0.042,-0.1,0.008,0.1,0.242,0.7,0.292
51,3,0.35,0.279,0.9,0.329,0.35,0.421,0.85,0.471
52,3,0.6,0.6,1.0,0.65,0.6,0.6,1.0,0.65
53,,0.45,0.45,0.85,0.5,0.45,0.45,0.85,0.5
54,,0.3,0.3,0.7,0.35,0.3,0.3,0.7,0.35
55,,0.15,0.15,0.55,0.2,0.15,0.15,0.55,0.2
56,,0.0,0.0,0.4,0.05,0.0,0.0,0.4,0.05
57,,-0.15,-0.15,0.25,-0.1,-0.15,-0.15,0.25,-0.1
58,5,0.0,0.029,0.5,0.221,0.85,0.171,0.5,0.079
59,5,0.15,0.208,0.75,0.542,1.0,0.492,0.75,0.258
60,,0.0,0.058,0.6,0.392,0.85,0.342,0.6,0.108
61,,-0.15,-0.092,0.45,0.242,0.7,0.192,0.45,-0.042
62,1,0.85,0.229,0.7,0.421,0.85,0.371,0.7,0.279
63,1,1.0,0.55,0.95,0.6,1.0,0.55,0.95,0.6
64,,0.85,0.4,0.8,0.45,0.85,0.4,0.8,0.45
65,,0.7,0.25,0.65,0.3,0.7,0.25,0.65,0.3
66,,0.55,0.1,0.5,0.15,0.55,0.1,0.5,0.15
67,,0.4,-0.05,0.35,0.0,0.4,-0.05,0.35,0.0
68,6,0.579,0.1,0.529,0.25,0.721,0.95,0.671,0.25
69,6,0.758,0.25,0.708,0.5,1.0,1.0,0.992,0.5
70,,0.608,0.1,0.558,0.35,0.85,0.85,0.842,0.35
71,,0.458,-0.05,0.408,0.2,0.7,0.7,0.692,0.2
72,2,0.779,0.95,0.729,0.45,0.879,0.85,0.871,0.45
73,2,1.0,1.0,1.0,0.7,1.0,1.0,1.0,0.7
74,,0.85,0.85,0.85,0.55,0.85,0.85,0.85,0.55
75,,0.7,0.7,0.7,0.4,0.7,0.7,0.7,0.4
76,,0.55,0.55,0.55,0.25,0.55,0.55,0.55,0.25
77,,0.4,0.4,0.4,0.1,0.4,0.4,0.4,0.1
78,,0.25,0.25,0.25,-0.05,0.25,0.25,0.25,-0.05
79,4,0.429,0.5,0.571,0.95,0.571,0.5,0.429,0.1
80,4,0.608,0.75,0.892,1.0,0.892,0.75,0.608,0.25
81,,0.458,0.6,0.742,0.85,0.742,0.6,0.458,0.1
82,,0.308,0.45,0.592,0.7,0.592,0.45,0.308,-0.05
83,8,0.629,0.7,0.771,0.85,0.771,0.7,0.629,0.95
84,8,0.95,0.95,0.95,1.0,0.95,0.95,0.95,1.0
85,,0.8,0.8,0.8,0.85,0.8,0.8,0.8,0.85
86,,0.65,0.65,0.65,0.7,0.65,0.65,0.65,0.7
87,,0.5,0.5,0.5,0.55,0.5,0.5,0.5,0.55
88,,0.35,0.35,0.35,0.4,0.35,0.35,0.35,0.4
89,,0.2,0.2,0.2,0.25,0.2,0.2,0.2,0.25
90,,0.05,0.05,0.05,0.1,0.05,0.05,0.05,0.1
91,,-0.1,-0.1,-0.1,-0.05,-0.1,-0.1,-0.1,-0.05
92,5,0.05,0.079,0.15,0.271,0.9,0.221,0.15,0.129
93,5,0.2,0.258,0.4,0.592,1.0,0.542,0.4,0.308
94,,0.05,0.108,0.25,0.442,0.85,0.392,0.25,0.158
95,,-0.1,-0.042,0.1,0.292,0.7,0.242,0.1,0.008
96,1,0.9,0.279,0.35,0.471,0.85,0.421,0.35,0.329
97,1,1.0,0.6,0.6,0.65,1.0,0.6,0.6,0.65
98,,0.85,0.45,0.45,0.5,0.85,0.45,0.45,0.5
99,,0.7,0.3,0.3,0.35,0.7,0.3,0.3,0.35
100,,0.55,0.15,0.15,0.2,0.55,0.15,0.15,0.2
101,,0.4,0.0,0.0,0.05,0.4,0.0,0.0,0.05
102,,0.25,-0.15,-0.15,-0.1,0.25,-0.15,-0.15,-0.1
103,2,0.571,0.85,0.171,0.15,0.429,0.0,0.029,0.15
104,2,0.892,1.0,0.492,0.4,0.608,0.15,0.208,0.4
105,,0.742,0.85,0.342,0.25,0.458,0.0,0.058,0.25
106,,0.592,0.7,0.192,0.1,0.308,-0.15,-0.092,0.1
107,6,0.771,0.85,0.371,0.35,0.629,0.85,0.229,0.35
108,6,0.95,1.0,0.55,0.6,0.95,1.0,0.55,0.6
109,,0.8,0.85,0.4,0.45,0.8,0.85,0.4,0.45
110,,0.65,0.7,0.25,0.3,0.65,0.7,0.25,0.3
111,,0.5,0.55,0.1,0.15,0.5,0.55,0.1,0.15
112,,0.35,0.4,-0.05,0.0,0.35,0.4,-0.05,0.0
113,7,0.6,0.579,0.1,0.179,0.6,0.721,0.95,0.321
114,7,0.85,0.758,0.25,0.358,0.85,1.0,1.0,0.642
115,,0.7,0.608,0.1,0.208,0.7,0.85,0.85,0.492
116,,0.55,0.458,-0.05,0.058,0.55,0.7,0.7,0.342
117,3,0.8,0.779,0.95,0.379,0.8,0.879,0.85,0.521
118,3,1.0,1.0,1.0,0.7,1.0,1.0,1.0,0.7
119,,0.85,0.85,0.85,0.55,0.85,0.85,0.85,0.55
120,,0.7,0.7,0.7,0.4,0.7,0.7,0.7,0.4
121,,0.55,0.55,0.55,0.25,0.55,0.55,0.55,0.25
122,,0.4,0.4,0.4,0.1,0.4,0.4,0.4,0.1
123,,0.25,0.25,0.25,-0.05,0.25,0.25,0.25,-0.05
124,8,0.571,0.5,0.429,0.1,0.429,0.5,0.571,0.95
125,8,0.892,0.75,0.608,0.25,0.608,0.75,0.892,1.0
126,,0.742,0.6,0.458,0.1,0.458,0.6,0.742,0.85
127,,0.592,0.45,0.308,-0.05,0.308,0.45,0.592,0.7
128,4,0.771,0.7,0.629,0.95,0.629,0.7,0.771,0.85
129,4,0.95,0.95,0.95,1.0,0.95,0.95,0.95,1.0
130,,0.8,0.8,0.8,0.85,0.8,0.8,0.8,0.85
131,,0.65,0.65,0.65,0.7,0.65,0.65,0.65,0.7
132,,0.5,0.5,0.5,0.55,0.5,0.5,0.5,0.55
133,,0.35,0.35,0.35,0.4,0.35,0.35,0.35,0.4
134,,0.2,0.2,0.2,0.25,0.2,0.2,0.2,0.25
135,,0.05,0.05,0.05,0.1,0.05,0.05,0.05,0.1
136,,-0.1,-0.1,-0.1,-0.05,-0.1,-0.1,-0.1,-0.05
137,7,0.15,0.079,0.05,0.129,0.15,0.221,0.9,0.271
138,7,0.4,0.258,0.2,0.308,0.4,0.542,1.0,0.592
139,,0.25,0.108,0.05,0.158,0.25,0.392,0.85,0.442
140,,0.1,-0.042,-0.1,0.008,0.1,0.242,0.7,0.292
141,3,0.35,0.279,0.9,0.329,0.35,0.421,0.85,0.471
142,3,0.6,0.6,1.0,0.65,0.6,0.6,1.0,0.65
143,,0.45,0.45,0.85,0.5,0.45,0.45,0.85,0.5
144,,0.3,0.3,0.7,0.35,0.3,0.3,0.7,0.35
145,,0.15,0.15,0.55,0.2,0.15,0.15,0.55,0.2
146,,0.0,0.0,0.4,0.05,0.0,0.0,0.4,0.05
147,,-0.15,-0.15,0.25,-0.1,-0.15,-0.15,0.25,-0.1
148,5,0.0,0.029,0.5,0.221,0.85,0.171,0.5,0.079
149,5,0.15,0.208,0.75,0.542,1.0,0.492,0.75,0.258
150,,0.0,0.058,0.6,0.392,0.85,0.342,0.6,0.108
151,,-0.15,-0.092,0.45,0.242,0.7,0.192,0.45,-0.042
152,1,0.85,0.229,0.7,0.421,0.85,0.371,0.7,0.279
153,1,1.0,0.55,0.95,0.6,1.0,0.55,0.95,0.6
154,,0.85,0.4,0.8,0.45,0.85,0.4,0.8,0.45
155,,0.7,0.25,0.65,0.3,0.7,0.25,0.65,0.3
156,,0.55,0.1,0.5,0.15,0.55,0.1,0.5,0.15
157,,0.4,-0.05,0.35,0.0,0.4,-0.05,0.35,0.0
158,2,0.721,0.95,0.671,0.25,0.579,0.1,0.529,0.25
159,2,1.0,1.0,0.992,0.5,0.758,0.25,0.708,0.5
160,,0.85,0.85,0.842,0.35,0.608,0.1,0.558,0.35
161,,0.7,0.7,0.692,0.2,0.458,-0.05,0.408,0.2
162,6,0.879,0.85,0.871,0.45,0.779,0.95,0.729,0.45
163,6,1.0,1.0,1.0,0.7,1.0,1.0,1.0,0.7
164,,0.85,0.85,0.85,0.55,0.85,0.85,0.85,0.55
165,,0.7,0.7,0.7,0.4,0.7,0.7,0.7,0.4
166,,0.55,0.55,0.55,0.25,0.55,0.55,0.55,0.25
167,,0.4,0.4,0.4,0.1,0.4,0.4,0.4,0.1
168,,0.25,0.25,0.25,-0.05,0.25,0.25,0.25,-0.05
169,4,0.429,0.5,0.571,0.95,0.571,0.5,0.429,0.1
170,4,0.608,0.75,0.892,1.0,0.892,0.75,0.608,0.25
171,,0.458,0.6,0.742,0.85,0.742,0.6,0.458,0.1
172,,0.308,0.45,0.592,0.7,0.592,0.45,0.308,-0.05
173,8,0.629,0.7,0.771,0.85,0.771,0.7,0.629,0.95
174,8,0.95,0.95,0.95,1.0,0.95,0.95,0.95,1.0
175,,0.8,0.8,0.8,0.85,0.8,0.8,0.8,0.85
176,,0.65,0.65,0.65,0.7,0.65,0.65,0.65,0.7
177,,0.5,0.5,0.5,0.55,0.5,0.5,0.5,0.55
178,,0.35,0.35,0.35,0.4,0.35,0.35,0.35,0.4
179,,0.2,0.2,0.2,0.25,0.2,0.2,0.2,0.25
180,,0.05,0.05,0.05,0.1,0.05,0.05,0.05,0.1
181,,-0.1,-0.1,-0.1,-0.05,-0.1,-0.1,-0.1,-0.05
182,1,0.9,0.221,0.15,0.129,0.05,0.079,0.15,0.271
183,1,1.0,0.542,0.4,0.308,0.2,0.258,0.4,0.592
184,,0.85,0.392,0.25,0.158,0.05,0.108,0.25,0.442
185,,0.7,0.242,0.1,0.008,-0.1,-0.042,0.1,0.292
186,5,0.85,0.421,0.35,0.329,0.9,0.279,0.35,0.471
187,5,1.0,0.6,0.6,0.65,1.0,0.6,0.6,0.65
188,,0.85,0.45,0.45,0.5,0.85,0.45,0.45,0.5
189,,0.7,0.3,0.3,0.35,0.7,0.3,0.3,0.35
190,,0.55,0.15,0.15,0.2,0.55,0.15,0.15,0.2
191,,0.4,0.0,0.0,0.05,0.4,0.0,0.0,0.05
192,,0.25,-0.15,-0.15,-0.1,0.25,-0.15,-0.15,-0.1
193,6,0.429,0.0,0.029,0.15,0.571,0.85,0.171,0.15
194,6,0.608,0.15,0.208,0.4,0.892,1.0,0.492,0.4
195,,0.458,0.0,0.058,0.25,0.742,0.85,0.342,0.25
196,,0.308,-0.15,-0.092,0.1,0.592,0.7,0.192,0.1
197,2,0.629,0.85,0.229,0.35,0.771,0.85,0.371,0.35
198,2,0.95,1.0,0.55,0.6,0.95,1.0,0.55,0.6
199,,0.8,0.85,0.4,0.45,0.8,0.85,0.4,0.45
200,,0.65,0.7,0.25,0.3,0.65,0.7,0.25,0.3
201,,0.5,0.55,0.1,0.15,0.5,0.55,0.1,0.15
202,,0.35,0.4,-0.05,0.0,0.35,0.4,-0.05,0.0
203,3,0.6,0.721,0.95,0.321,0.6,0.579,0.1,0.179
204,3,0.85,1.0,1.0,0.642,0.85,0.758,0.25,0.358
205,,0.7,0.85,0.85,0.492,0.7,0.608,0.1,0.208
206,,0.55,0.7,0.7,0.342,0.55,0.458,-0.05,0.058
207,7,0.8,0.879,0.85,0.521,0.8,0.779,0.95,0.379
208,7,1.0,1.0,1.0,0.7,1.0,1.0,1.0,0.7
209,,0.85,0.85,0.85,0.55,0.85,0.85,0.85,0.55
210,,0.7,0.7,0.7,0.4,0.7,0.7,0.7,0.4
211,,0.55,0.55,0.55,0.25,0.55,0.55,0.55,0.25
212,,0.4,0.4,0.4,0.1,0.4,0.4,0.4,0.1
213,,0.25,0.25,0.25,-0.05,0.25,0.25,0.25,-0.05
214,8,0.571,0.5,0.429,0.1,0.429,0.5,0.571,0.95
215,8,0.892,0.75,0.608,0.25,0.608,0.75,0.892,1.0
216,,0.742,0.6,0.458,0.1,0.458,0.6,0.742,0.85
217,,0.592,0.45,0.308,-0.05,0.308,0.45,0.592,0.7
218,4,0.771,0.7,0.629,0.95,0.629,0.7,0.771,0.85
219,4,0.95,0.95,0.95,1.0,0.95,0.95,0.95,1.0
220,,0.8,0.8,0.8,0.85,0.8,0.8,0.8,0.85
221,,0.65,0.65,0.65,0.7,0.65,0.65,0.65,0.7
222,,0.5,0.5,0.5,0.55,0.5,0.5,0.5,0.55
223,,0.35,0.35,0.35,0.4,0.35,0.35,0.35,0.4
224,,0.2,0.2,0.2,0.25,0.2,0.2,0.2,0.25
225,,0.05,0.05,0.05,0.1,0.05,0.05,0.05,0.1
226,,-0.1,-0.1,-0.1,-0.05,-0.1,-0.1,-0.1,-0.05
227,2,0.221,0.9,0.221,0.2,0.079,0.05,0.079,0.2
228,2,0.542,1.0,0.542,0.45,0.258,0.2,0.258,0.45
229,,0.392,0.85,0.392,0.3,0.108,0.05,0.108,0.3
230,,0.242,0.7,0.242,0.15,-0.042,-0.1,-0.042,0.15
231,6,0.421,0.85,0.421,0.4,0.279,0.9,0.279,0.4
232,6,0.6,1.0,0.6,0.65,0.6,1.0,0.6,0.65
233,,0.45,0.85,0.45,0.5,0.45,0.85,0.45,0.5
234,,0.3,0.7,0.3,0.35,0.3,0.7,0.3,0.35
235,,0.15,0.55,0.15,0.2,0.15,0.55,0.15,0.2
236,,0.0,0.4,0.0,0.05,0.0,0.4,0.0,0.05
237,,-0.15,0.25,-0.15,-0.1,-0.15,0.25,-0.15,-0.1
238,5,0.0,0.429,0.1,0.221,0.85,0.571,0.1,0.079
239,5,0.15,0.608,0.35,0.542,1.0,0.892,0.35,0.258
240,,0.0,0.458,0.2,0.392,0.85,0.742,0.2,0.108
241,,-0.15,0.308,0.05,0.242,0.7,0.592,0.05,-0.042
242,1,0.85,0.629,0.3,0.421,0.85,0.771,0.3,0.279
243,1,1.0,0.95,0.55,0.6,1.0,0.95,0.55,0.6
244,,0.85,0.8,0.4,0.45,0.85,0.8,0.4,0.45
245,,0.7,0.65,0.25,0.3,0.7,0.65,0.25,0.3
246,,0.55,0.5,0.1,0.15,0.55,0.5,0.1,0.15
247,,0.4,0.35,-0.05,0.0,0.4,0.35,-0.05,0.0
248,3,0.65,0.671,0.95,0.321,0.65,0.529,0.1,0.179
249,3,0.9,0.992,1.0,0.642,0.9,0.708,0.25,0.358
250,,0.75,0.842,0.85,0.492,0.75,0.558,0.1,0.208
251,,0.6,0.692,0.7,0.342,0.6,0.408,-0.05,0.058
252,7,0.85,0.871,0.85,0.521,0.85,0.729,0.95,0.379
253,7,1.0,1.0,1.0,0.7,1.0,1.0,1.0,0.7
254,,0.85,0.85,0.85,0.55,0.85,0.85,0.85,0.55
255,,0.7,0.7,0.7,0.4,0.7,0.7,0.7,0.4
256,,0.55,0.55,0.55,0.25,0.55,0.55,0.55,0.25
257,,0.4,0.4,0.4,0.1,0.4,0.4,0.4,0.1
258,,0.25,0.25,0.25,-0.05,0.25,0.25,0.25,-0.05
259,4,0.429,0.5,0.571,0.95,0.571,0.5,0.429,0.1
260,4,0.608,0.75,0.892,1.0,0.892,0.75,0.608,0.25
261,,0.458,0.6,0.742,0.85,0.742,0.6,0.458,0.1
262,,0.308,0.45,0.592,0.7,0.592,0.45,0.308,-0.05
263,8,0.629,0.7,0.771,0.85,0.771,0.7,0.629,0.95
264,8,0.95,0.95,0.95,1.0,0.95,0.95,0.95,1.0
265,,0.8,0.8,0.8,0.85,0.8,0.8,0.8,0.85
266,,0.65,0.65,0.65,0.7,0.65,0.65,0.65,0.7
267,,0.5,0.5,0.5,0.55,0.5,0.5,0.5,0.55
268,,0.35,0.35,0.35,0.4,0.35,0.35,0.35,0.4
269,,0.2,0.2,0.2,0.25,0.2,0.2,0.2,0.25
270,,0.05,0.05,0.05,0.1,0.05,0.05,0.05,0.1
271,,-0.1,-0.1,-0.1,-0.05,-0.1,-0.1,-0.1,-0.05
272,7,0.15,0.079,0.05,0.129,0.15,0.221,0.9,0.271
273,7,0.4,0.258,0.2,0.308,0.4,0.542,1.0,0.592
274,,0.25,0.108,0.05,0.158,0.25,0.392,0.85,0.442
275,,0.1,-0.042,-0.1,0.008,0.1,0.242,0.7,0.292
276,3,0.35,0.279,0.9,0.329,0.35,0.421,0.85,0.471
277,3,0.6,0.6,1.0,0.65,0.6,0.6,1.0,0.65
278,,0.45,0.45,0.85,0.5,0.45,0.45,0.85,0.5
279,,0.3,0.3,0.7,0.35,0.3,0.3,0.7,0.35
280,,0.15,0.15,0.55,0.2,0.15,0.15,0.55,0.2
281,,0.0,0.0,0.4,0.05,0.0,0.0,0.4,0.05
282,,-0.15,-0.15,0.25,-0.1,-0.15,-0.15,0.25,-0.1
283,2,0.171,0.85,0.571,0.15,0.029,0.0,0.429,0.15
284,2,0.492,1.0,0.892,0.4,0.208,0.15,0.608,0.4
285,,0.342,0.85,0.742,0.25,0.058,0.0,0.458,0.25
286,,0.192,0.7,0.592,0.1,-0.092,-0.15,0.308,0.1
287,6,0.371,0.85,0.771,0.35,0.229,0.85,0.629,0.35
288,6,0.55,1.0,0.95,0.6,0.55,1.0,0.95,0.6
289,,0.4,0.85,0.8,0.45,0.4,0.85,0.8,0.45
290,,0.25,0.7,0.65,0.3,0.25,0.7,0.65,0.3
291,,0.1,0.55,0.5,0.15,0.1,0.55,0.5,0.15
292,,-0.05,0.4,0.35,0.0,-0.05,0.4,0.35,0.0
293,5,0.1,0.579,0.6,0.321,0.95,0.721,0.6,0.179
294,5,0.25,0.758,0.85,0.642,1.0,1.0,0.85,0.358
295,,0.1,0.608,0.7,0.492,0.85,0.85,0.7,0.208
296,,-0.05,0.458,0.55,0.342,0.7,0.7,0.55,0.058
297,1,0.95,0.779,0.8,0.521,0.85,0.879,0.8,0.379
298,1,1.0,1.0,1.0,0.7,1.0,1.0,1.0,0.7
299,,0.85,0.85,0.85,0.55,0.85,0.85,0.85,0.55
300,,0.7,0.7,0.7,0.4,0.7,0.7,0.7,0.4
301,,0.55,0.55,0.55,0.25,0.55,0.55,0.55,0.25
302,,0.4,0.4,0.4,0.1,0.4,0.4,0.4,0.1
303,,0.25,0.25,0.25,-0.05,0.25,0.25,0.25,-0.05
304,8,0.571,0.5,0.429,0.1,0.429,0.5,0.571,0.95
305,8,0.892,0.75,0.608,0.25,0.608,0.75,0.892,1.0
306,,0.742,0.6,0.458,0.1,0.458,0.6,0.742,0.85
307,,0.592,0.45,0.308,-0.05,0.308,0.45,0.592,0.7
308,4,0.771,0.7,0.629,0.95,0.629,0.7,0.771,0.85
309,4,0.95,0.95,0.95,1.0,0.95,0.95,0.95,1.0
310,,0.8,0.8,0.8,0.85,0.8,0.8,0.8,0.85
311,,0.65,0.65,0.65,0.7,0.65,0.65,0.65,0.7
312,,0.5,0.5,0.5,0.55,0.5,0.5,0.5,0.55
313,,0.35,0.35,0.35,0.4,0.35,0.35,0.35,0.4
314,,0.2,0.2,0.2,0.25,0.2,0.2,0.2,0.25
315,,0.05,0.05,0.05,0.1,0.05,0.05,0.05,0.1
316,,-0.1,-0.1,-0.1,-0.05,-0.1,-0.1,-0.1,-0.05
317,1,0.9,0.221,0.15,0.129,0.05,0.079,0.15,0.271
318,1,1.0,0.542,0.4,0.308,0.2,0.258,0.4,0.592
319,,0.85,0.392,0.25,0.158,0.05,0.108,0.25,0.442
320,,0.7,0.242,0.1,0.008,-0.1,-0.042,0.1,0.292
321,5,0.85,0.421,0.35,0.329,0.9,0.279,0.35,0.471
322,5,1.0,0.6,0.6,0.65,1.0,0.6,0.6,0.65
323,,0.85,0.45,0.45,0.5,0.85,0.45,0.45,0.5
324,,0.7,0.3,0.3,0.35,0.7,0.3,0.3,0.35
325,,0.55,0.15,0.15,0.2,0.55,0.15,0.15,0.2
326,,0.4,0.0,0.0,0.05,0.4,0.0,0.0,0.05
327,,0.25,-0.15,-0.15,-0.1,0.25,-0.15,-0.15,-0.1
328,2,0.571,0.85,0.171,0.15,0.429,0.0,0.029,0.15
329,2,0.892,1.0,0.492,0.4,0.608,0.15,0.208,0.4
330,,0.742,0.85,0.342,0.25,0.458,0.0,0.058,0.25
331,,0.592,0.7,0.192,0.1,0.308,-0.15,-0.092,0.1
332,6,0.771,0.85,0.371,0.35,0.629,0.85,0.229,0.35
333,6,0.95,1.0,0.55,0.6,0.95,1.0,0.55,0.6
334,,0.8,0.85,0.4,0.45,0.8,0.85,0.4,0.45
335,,0.65,0.7,0.25,0.3,0.65,0.7,0.25,0.3
336,,0.5,0.55,0.1,0.15,0.5,0.55,0.1,0.15
337,,0.35,0.4,-0.05,0.0,0.35,0.4,-0.05,0.0
338,3,0.6,0.721,0.95,0.321,0.6,0.579,0.1,0.179
339,3,0.85,1.0,1.0,0.642,0.85,0.758,0.25,0.358
340,,0.7,0.85,0.85,0.492,0.7,0.608,0.1,0.208
341,,0.55,0.7,0.7,0.342,0.55,0.458,-0.05,0.058
342,7,0.8,0.879,0.85,0.521,0.8,0.779,0.95,0.379
343,7,1.0,1.0,1.0,0.7,1.0,1.0,1.0,0.7
344,,0.85,0.85,0.85,0.55,0.85,0.85,0.85,0.55
345,,0.7,0.7,0.7,0.4,0.7,0.7,0.7,0.4
346,,0.55,0.55,0.55,0.25,0.55,0.55,0.55,0.25
347,,0.4,0.4,0.4,0.1,0.4,0.4,0.4,0.1
348,,0.25,0.25,0.25,-0.05,0.25,0.25,0.25,-0.05
349,8,0.571,0.5,0.429,0.1,0.429,0.5,0.571,0.95
350,8,0.892,0.75,0.608,0.25,0.608,0.75,0.892,1.0
351,,0.742,0.6,0.458,0.1,0.458,0.6,0.742,0.85
352,,0.592,0.45,0.308,-0.05,0.308,0.45,0.592,0.7
353,4,0.771,0.7,0.629,0.95,0.629,0.7,0.771,0.85
354,4,0.95,0.95,0.95,1.0,0.95,0.95,0.95,1.0
355,,0.8,0.8,0.8,0.85,0.8,0.8,0.8,0.85
356,,0.65,0.65,0.65,0.7,0.65,0.65,0.65,0.7
357,,0.5,0.5,0.5,0.55,0.5,0.5,0.5,0.55
358,,0.35,0.35,0.35,0.4,0.35,0.35,0.35,0.4
359,,0.2,0.2,0.2,0.25,0.2,0.2,0.2,0.25
360,,0.05,0.05,0.05,0.1,0.05,0.05,0.05,0.1
361,,-0.1,-0.1,-0.1,-0.05,-0.1,-0.1,-0.1,-0.05
362,1,0.9,0.221,0.15,0.129,0.05,0.079,0.15,0.271
363,1,1.0,0.542,0.4,0.308,0.2,0.258,0.4,0.592
364,,0.85,0.392,0.25,0.158,0.05,0.108,0.25,0.442
365,,0.7,0.242,0.1,0.008,-0.1,-0.042,0.1,0.292
366,5,0.85,0.421,0.35,0.329,0.9,0.279,0.35,0.471
367,5,1.0,0.6,0.6,0.65,1.0,0.6,0.6,0.65
368,,0.85,0.45,0.45,0.5,0.85,0.45,0.45,0.5
369,,0.7,0.3,0.3,0.35,0.7,0.3,0.3,0.35
370,,0.55,0.15,0.15,0.2,0.55,0.15,0.15,0.2
371,,0.4,0.0,0.0,0.05,0.4,0.0,0.0,0.05
372,,0.25,-0.15,-0.15,-0.1,0.25,-0.15,-0.15,-0.1
373,7,0.5,0.029,0.0,0.079,0.5,0.171,0.85,0.221
374,7,0.75,0.208,0.15,0.258,0.75,0.492,1.0,0.542
375,,0.6,0.058,0.0,0.108,0.6,0.342,0.85,0.392
376,,0.45,-0.092,-0.15,-0.042,0.45,0.192,0.7,0.242
377,3,0.7,0.229,0.85,0.279,0.7,0.371,0.85,0.421
378,3,0.95,0.55,1.0,0.6,0.95,0.55,1.0,0.6
379,,0.8,0.4,0.85,0.45,0.8,0.4,0.85,0.45
380,,0.65,0.25,0.7,0.3,0.65,0.25,0.7,0.3
381,,0.5,0.1,0.55,0.15,0.5,0.1,0.55,0.15
382,,0.35,-0.05,0.4,0.0,0.35,-0.05,0.4,0.0
383,6,0.529,0.1,0.579,0.25,0.671,0.95,0.721,0.25
384,6,0.708,0.25,0.758,0.5,0.992,1.0,1.0,0.5
385,,0.558,0.1,0.608,0.35,0.842,0.85,0.85,0.35
386,,0.408,-0.05,0.458,0.2,0.692,0.7,0.7,0.2
387,2,0.729,0.95,0.779,0.45,0.871,0.85,0.879,0.45
388,2,1.0,1.0,1.0,0.7,1.0,1.0,1.0,0.7
389,,0.85,0.85,0.85,0.55,0.85,0.85,0.85,0.55
390,,0.7,0.7,0.7,0.4,0.7,0.7,0.7,0.4
391,,0.55,0.55,0.55,0.25,0.55,0.55,0.55,0.25
392,,0.4,0.4,0.4,0.1,0.4,0.4,0.4,0.1
393,,0.25,0.25,0.25,-0.05,0.25,0.25,0.25,-0.05
394,4,0.429,0.5,0.571,0.95,0.571,0.5,0.429,0.1
395,4,0.608,0.75,0.892,1.0,0.892,0.75,0.608,0.25
396,,0.458,0.6,0.742,0.85,0.742,0.6,0.458,0.1
397,,0.308,0.45,0.592,0.7,0.592,0.45,0.308,-0.05
398,8,0.629,0.7,0.771,0.85,0.771,0.7,0.629,0.95
399,8,0.95,0.95,0.95,1.0,0.95,0.95,0.95,1.0
400,,0.8,0.8,0.8,0.85,0.8,0.8,0.8,0.85
401,,0.65,0.65,0.65,0.7,0.65,0.65,0.65,0.7
402,,0.5,0.5,0.5,0.55,0.5,0.5,0.5,0.55
403,,0.35,0.35,0.35,0.4,0.35,0.35,0.35,0.4
404,,0.2,0.2,0.2,0.25,0.2,0.2,0.2,0.25
405,,0.05,0.05,0.05,0.1,0.05,0.05,0.05,0.1
406,,-0.1,-0.1,-0.1,-0.05,-0.1,-0.1,-0.1,-0.05
407,1,0.9,0.221,0.15,0.129,0.05,0.079,0.15,0.271
408,1,1.0,0.542,0.4,0.308,0.2,0.258,0.4,0.592
409,,0.85,0.392,0.25,0.158,0.05,0.108,0.25,0.442
410,,0.7,0.242,0.1,0.008,-0.1,-0.042,0.1,0.292
411,5,0.85,0.421,0.35,0.329,0.9,0.279,0.35,0.471
412,5,1.0,0.6,0.6,0.65,1.0,0.6,0.6,0.65
413,,0.85,0.45,0.45,0.5,0.85,0.45,0.45,0.5
414,,0.7,0.3,0.3,0.35,0.7,0.3,0.3,0.35
415,,0.55,0.15,0.15,0.2,0.55,0.15,0.15,0.2
416,,0.4,0.0,0.0,0.05,0.4,0.0,0.0,0.05
417,,0.25,-0.15,-0.15,-0.1,0.25,-0.15,-0.15,-0.1
418,2,0.571,0.85,0.171,0.15,0.429,0.0,0.029,0.15
419,2,0.892,1.0,0.492,0.4,0.608,0.15,0.208,0.4
420,,0.742,0.85,0.342,0.25,0.458,0.0,0.058,0.25
421,,0.592,0.7,0.192,0.1,0.308,-0.15,-0.092,0.1
422,6,0.771,0.85,0.371,0.35,0.629,0.85,0.229,0.35
423,6,0.95,1.0,0.55,0.6,0.95,1.0,0.55,0.6
424,,0.8,0.85,0.4,0.45,0.8,0.85,0.4,0.45
425,,0.65,0.7,0.25,0.3,0.65,0.7,0.25,0.3
426,,0.5,0.55,0.1,0.15,0.5,0.55,0.1,0.15
427,,0.35,0.4,-0.05,0.0,0.35,0.4,-0.05,0.0
428,7,0.6,0.579,0.1,0.179,0.6,0.721,0.95,0.321
429,7,0.85,0.758,0.25,0.358,0.85,1.0,1.0,0.642
430,,0.7,0.608,0.1,0.208,0.7,0.85,0.85,0.492
431,,0.55,0.458,-0.05,0.058,0.55,0.7,0.7,0.342
432,3,0.8,0.779,0.95,0.379,0.8,0.879,0.85,0.521
433,3,1.0,1.0,1.0,0.7,1.0,1.0,1.0,0.7
434,,0.85,0.85,0.85,0.55,0.85,0.85,0.85,0.55
435,,0.7,0.7,0.7,0.4,0.7,0.7,0.7,0.4
436,,0.55,0.55,0.55,0.25,0.55,0.55,0.55,0.25
437,,0.4,0.4,0.4,0.1,0.4,0.4,0.4,0.1
438,,0.25,0.25,0.25,-0.05,0.25,0.25,0.25,-0.05
439,4,0.429,0.5,0.571,0.95,0.571,0.5,0.429,0.1
440,4,0.608,0.75,0.892,1.0,0.892,0.75,0.608,0.25
441,,0.458,0.6,0.742,0.85,0.742,0.6,0.458,0.1
442,,0.308,0.45,0.592,0.7,0.592,0.45,0.308,-0.05
443,8,0.629,0.7,0.771,0.85,0.771,0.7,0.629,0.95
444,8,0.95,0.95,0.95,1.0,0.95,0.95,0.95,1.0
445,,0.8,0.8,0.8,0.85,0.8,0.8,0.8,0.85
446,,0.65,0.65,0.65,0.7,0.65,0.65,0.65,0.7
447,,0.5,0.5,0.5,0.55,0.5,0.5,0.5,0.55
448,,0.35,0.35,0.35,0.4,0.35,0.35,0.35,0.4
449,,0.2,0.2,0.2,0.25,0.2,0.2,0.2,0.25
450,,0.05,0.05,0.05,0.1,0.05,0.05,0.05,0.1
451,,-0.1,-0.1,-0.1,-0.05,-0.1,-0.1,-0.1,-0.05
452,5,0.05,0.079,0.15,0.271,0.9,0.221,0.15,0.129
453,5,0.2,0.258,0.4,0.592,1.0,0.542,0.4,0.308
454,,0.05,0.108,0.25,0.442,0.85,0.392,0.25,0.158
455,,-0.1,-0.042,0.1,0.292,0.7,0.242,0.1,0.008
456,1,0.9,0.279,0.35,0.471,0.85,0.421,0.35,0.329
457,1,1.0,0.6,0.6,0.65,1.0,0.6,0.6,0.65
458,,0.85,0.45,0.45,0.5,0.85,0.45,0.45,0.5
459,,0.7,0.3,0.3,0.35,0.7,0.3,0.3,0.35
460,,0.55,0.15,0.15,0.2,0.55,0.15,0.15,0.2
461,,0.4,0.0,0.0,0.05,0.4,0.0,0.0,0.05
462,,0.25,-0.15,-0.15,-0.1,0.25,-0.15,-0.15,-0.1
463,6,0.429,0.0,0.029,0.15,0.571,0.85,0.171,0.15
464,6,0.608,0.15,0.208,0.4,0.892,1.0,0.492,0.4
465,,0.458,0.0,0.058,0.25,0.742,0.85,0.342,0.25
466,,0.308,-0.15,-0.092,0.1,0.592,0.7,0.192,0.1
467,2,0.629,0.85,0.229,0.35,0.771,0.85,0.371,0.35
468,2,0.95,1.0,0.55,0.6,0.95,1.0,0.55,0.6
469,,0.8,0.85,0.4,0.45,0.8,0.85,0.4,0.45
470,,0.65,0.7,0.25,0.3,0.65,0.7,0.25,0.3
471,,0.5,0.55,0.1,0.15,0.5,0.55,0.1,0.15
472,,0.35,0.4,-0.05,0.0,0.35,0.4,-0.05,0.0
473,7,0.6,0.579,0.1,0.179,0.6,0.721,0.95,0.321
474,7,0.85,0.758,0.25,0.358,0.85,1.0,1.0,0.642
475,,0.7,0.608,0.1,0.208,0.7,0.85,0.85,0.492
476,,0.55,0.458,-0.05,0.058,0.55,0.7,0.7,0.342
477,3,0.8,0.779,0.95,0.379,0.8,0.879,0.85,0.521
478,3,1.0,1.0,1.0,0.7,1.0,1.0,1.0,0.7
479,,0.85,0.85,0.85,0.55,0.85,0.85,0.85,0.55
480,,0.7,0.7,0.7,0.4,0.7,0.7,0.7,0.4
481,,0.55,0.55,0.55,0.25,0.55,0.55,0.55,0.25
482,,0.4,0.4,0.4,0.1,0.4,0.4,0.4,0.1
483,,0.25,0.25,0.25,-0.05,0.25,0.25,0.25,-0.05
484,8,0.571,0.5,0.429,0.1,0.429,0.5,0.571,0.95
485,8,0.892,0.75,0.608,0.25,0.608,0.75,0.892,1.0
486,,0.742,0.6,0.458,0.1,0.458,0.6,0.742,0.85
487,,0.592,0.45,0.308,-0.05,0.308,0.45,0.592,0.7
488,4,0.771,0.7,0.629,0.95,0.629,0.7,0.771,0.85
489,4,0.95,0.95,0.95,1.0,0.95,0.95,0.95,1.0
490,,0.8,0.8,0.8,0.85,0.8,0.8,0.8,0.85
491,,0.65,0.65,0.65,0.7,0.65,0.65,0.65,0.7
492,,0.5,0.5,0.5,0.55,0.5,0.5,0.5,0.55
493,,0.35,0.35,0.35,0.4,0.35,0.35,0.35,0.4
494,,0.2,0.2,0.2,0.25,0.2,0.2,0.2,0.25
495,,0.05,0.05,0.05,0.1,0.05,0.05,0.05,0.1
496,,-0.1,-0.1,-0.1,-0.05,-0.1,-0.1,-0.1,-0.05
497,1,0.9,0.221,0.15,0.129,0.05,0.079,0.15,0.271
498,1,1.0,0.542,0.4,0.308,0.2,0.258,0.4,0.592
499,,0.85,0.392,0.25,0.158,0.05,0.108,0.25,0.442
500,,0.7,0.242,0.1,0.008,-0.1,-0.042,0.1,0.292
501,5,0.85,0.421,0.35,0.329,0.9,0.279,0.35,0.471
502,5,1.0,0.6,0.6,0.65,1.0,0.6,0.6,0.65
503,,0.85,0.45,0.45,0.5,0.85,0.45,0.45,0.5
504,,0.7,0.3,0.3,0.35,0.7,0.3,0.3,0.35
505,,0.55,0.15,0.15,0.2,0.55,0.15,0.15,0.2
506,,0.4,0.0,0.0,0.05,0.4,0.0,0.0,0.05
507,,0.25,-0.15,-0.15,-0.1,0.25,-0.15,-0.15,-0.1
508,7,0.5,0.029,0.0,0.079,0.5,0.171,0.85,0.221
509,7,0.75,0.208,0.15,0.258,0.75,0.492,1.0,0.542
510,,0.6,0.058,0.0,0.108,0.6,0.342,0.85,0.392
511,,0.45,-0.092,-0.15,-0.042,0.45,0.192,0.7,0.242
512,3,0.7,0.229,0.85,0.279,0.7,0.371,0.85,0.421
513,3,0.95,0.55,1.0,0.6,0.95,0.55,1.0,0.6
514,,0.8,0.4,0.85,0.45,0.8,0.4,0.85,0.45
515,,0.65,0.25,0.7,0.3,0.65,0.25,0.7,0.3
516,,0.5,0.1,0.55,0.15,0.5,0.1,0.55,0.15
517,,0.35,-0.05,0.4,0.0,0.35,-0.05,0.4,0.0
518,2,0.671,0.95,0.721,0.25,0.529,0.1,0.579,0.25
519,2,0.992,1.0,1.0,0.5,0.708,0.25,0.758,0.5
520,,0.842,0.85,0.85,0.35,0.558,0.1,0.608,0.35
521,,0.692,0.7,0.7,0.2,0.408,-0.05,0.458,0.2
522,6,0.871,0.85,0.879,0.45,0.729,0.95,0.779,0.45
523,6,1.0,1.0,1.0,0.7,1.0,1.0,1.0,0.7
524,,0.85,0.85,0.85,0.55,0.85,0.85,0.85,0.55
525,,0.7,0.7,0.7,0.4,0.7,0.7,0.7,0.4
526,,0.55,0.55,0.55,0.25,0.55,0.55,0.55,0.25
527,,0.4,0.4,0.4,0.1,0.4,0.4,0.4,0.1
528,,0.25,0.25,0.25,-0.05,0.25,0.25,0.25,-0.05
529,8,0.571,0.5,0.429,0.1,0.429,0.5,0.571,0.95
530,8,0.892,0.75,0.608,0.25,0.608,0.75,0.892,1.0
531,,0.742,0.6,0.458,0.1,0.458,0.6,0.742,0.85
532,,0.592,0.45,0.308,-0.05,0.308,0.45,0.592,0.7
533,4,0.771,0.7,0.629,0.95,0.629,0.7,0.771,0.85
534,4,0.95,0.95,0.95,1.0,0.95,0.95,0.95,1.0
535,,0.8,0.8,0.8,0.85,0.8,0.8,0.8,0.85
536,,0.65,0.65,0.65,0.7,0.65,0.65,0.65,0.7
537,,0.5,0.5,0.5,0.55,0.5,0.5,0.5,0.55
538,,0.35,0.35,0.35,0.4,0.35,0.35,0.35,0.4
539,,0.2,0.2,0.2,0.25,0.2,0.2,0.2,0.25
540,,0.05,0.05,0.05,0.1,0.05,0.05,0.05,0.1
541,,-0.1,-0.1,-0.1,-0.05,-0.1,-0.1,-0.1,-0.05
542,1,0.9,0.221,0.15,0.129,0.05,0.079,0.15,0.271
543,1,1.0,0.542,0.4,0.308,0.2,0.258,0.4,0.592
544,,0.85,0.392,0.25,0.158,0.05,0.108,0.25,0.442
545,,0.7,0.242,0.1,0.008,-0.1,-0.042,0.1,0.292
546,5,0.85,0.421,0.35,0.329,0.9,0.279,0.35,0.471
547,5,1.0,0.6,0.6,0.65,1.0,0.6,0.6,0.65
548,,0.85,0.45,0.45,0.5,0.85,0.45,0.45,0.5
549,,0.7,0.3,0.3,0.35,0.7,0.3,0.3,0.35
550,,0.55,0.15,0.15,0.2,0.55,0.15,0.15,0.2
551,,0.4,0.0,0.0,0.05,0.4,0.0,0.0,0.05
552,,0.25,-0.15,-0.15,-0.1,0.25,-0.15,-0.15,-0.1
553,2,0.571,0.85,0.171,0.15,0.429,0.0,0.029,0.15
554,2,0.892,1.0,0.492,0.4,0.608,0.15,0.208,0.4
555,,0.742,0.85,0.342,0.25,0.458,0.0,0.058,0.25
556,,0.592,0.7,0.192,0.1,0.308,-0.15,-0.092,0.1
557,6,0.771,0.85,0.371,0.35,0.629,0.85,0.229,0.35
558,6,0.95,1.0,0.55,0.6,0.95,1.0,0.55,0.6
559,,0.8,0.85,0.4,0.45,0.8,0.85,0.4,0.45
560,,0.65,0.7,0.25,0.3,0.65,0.7,0.25,0.3
561,,0.5,0.55,0.1,0.15,0.5,0.55,0.1,0.15
562,,0.35,0.4,-0.05,0.0,0.35,0.4,-0.05,0.0
563,7,0.6,0.579,0.1,0.179,0.6,0.721,0.95,0.321
564,7,0.85,0.758,0.25,0.358,0.85,1.0,1.0,0.642
565,,0.7,0.608,0.1,0.208,0.7,0.85,0.85,0.492
566,,0.55,0.458,-0.05,0.058,0.55,0.7,0.7,0.342
567,3,0.8,0.779,0.95,0.379,0.8,0.879,0.85,0.521
568,3,1.0,1.0,1.0,0.7,1.0,1.0,1.0,0.7
569,,0.85,0.85,0.85,0.55,0.85,0.85,0.85,0.55
570,,0.7,0.7,0.7,0.4,0.7,0.7,0.7,0.4
571,,0.55,0.55,0.55,0.25,0.55,0.55,0.55,0.25
572,,0.4,0.4,0.4,0.1,0.4,0.4,0.4,0.1
573,,0.25,0.25,0.25,-0.05,0.25,0.25,0.25,-0.05
574,8,0.571,0.5,0.429,0.1,0.429,0.5,0.571,0.95
575,8,0.892,0.75,0.608,0.25,0.608,0.75,0.892,1.0
576,,0.742,0.6,0.458,0.1,0.458,0.6,0.742,0.85
577,,0.592,0.45,0.308,-0.05,0.308,0.45,0.592,0.7
578,4,0.771,0.7,0.629,0.95,0.629,0.7,0.771,0.85
579,4,0.95,0.95,0.95,1.0,0.95,0.95,0.95,1.0
580,,0.8,0.8,0.8,0.85,0.8,0.8,0.8,0.85
581,,0.65,0.65,0.65,0.7,0.65,0.65,0.65,0.7
582,,0.5,0.5,0.5,0.55,0.5,0.5,0.5,0.55
583,,0.35,0.35,0.35,0.4,0.35,0.35,0.35,0.4
584,,0.2,0.2,0.2,0.25,0.2,0.2,0.2,0.25
585,,0.05,0.05,0.05,0.1,0.05,0.05,0.05,0.1
586,,-0.1,-0.1,-0.1,-0.05,-0.1,-0.1,-0.1,-0.05
587,2,0.221,0.9,0.221,0.2,0.079,0.05,0.079,0.2
588,2,0.542,1.0,0.542,0.45,0.258,0.2,0.258,0.45
589,,0.392,0.85,0.392,0.3,0.108,0.05,0.108,0.3
590,,0.242,0.7,0.242,0.15,-0.042,-0.1,-0.042,0.15
591,6,0.421,0.85,0.421,0.4,0.279,0.9,0.279,0.4
592,6,0.6,1.0,0.6,0.65,0.6,1.0,0.6,0.65
593,,0.45,0.85,0.45,0.5,0.45,0.85,0.45,0.5
594,,0.3,0.7,0.3,0.35,0.3,0.7,0.3,0.35
595,,0.15,0.55,0.15,0.2,0.15,0.55,0.15,0.2
596,,0.0,0.4,0.0,0.05,0.0,0.4,0.0,0.05
597,,-0.15,0.25,-0.15,-0.1,-0.15,0.25,-0.15,-0.1
598,7,0.1,0.429,0.0,0.079,0.1,0.571,0.85,0.221
599,7,0.35,0.608,0.15,0.258,0.35,0.892,1.0,0.542
600,,0.2,0.458,0.0,0.108,0.2,0.742,0.85,0.392
601,,0.05,0.308,-0.15,-0.042,0.05,0.592,0.7,0.242
602,3,0.3,0.629,0.85,0.279,0.3,0.771,0.85,0.421
603,3,0.55,0.95,1.0,0.6,0.55,0.95,1.0,0.6
604,,0.4,0.8,0.85,0.45,0.4,0.8,0.85,0.45
605,,0.25,0.65,0.7,0.3,0.25,0.65,0.7,0.3
606,,0.1,0.5,0.55,0.15,0.1,0.5,0.55,0.15
607,,-0.05,0.35,0.4,0.0,-0.05,0.35,0.4,0.0
608,5,0.1,0.529,0.65,0.321,0.95,0.671,0.65,0.179
609,5,0.25,0.708,0.9,0.642,1.0,0.992,0.9,0.358
610,,0.1,0.558,0.75,0.492,0.85,0.842,0.75,0.208
611,,-0.05,0.408,0.6,0.342,0.7,0.692,0.6,0.058
612,1,0.95,0.729,0.85,0.521,0.85,0.871,0.85,0.379
613,1,1.0,1.0,1.0,0.7,1.0,1.0,1.0,0.7
614,,0.85,0.85,0.85,0.55,0.85,0.85,0.85,0.55
615,,0.7,0.7,0.7,0.4,0.7,0.7,0.7,0.4
616,,0.55,0.55,0.55,0.25,0.55,0.55,0.55,0.25
617,,0.4,0.4,0.4,0.1,0.4,0.4,0.4,0.1
618,,0.25,0.25,0.25,-0.05,0.25,0.25,0.25,-0.05
619,4,0.429,0.5,0.571,0.95,0.571,0.5,0.429,0.1
620,4,0.608,0.75,0.892,1.0,0.892,0.75,0.608,0.25
621,,0.458,0.6,0.742,0.85,0.742,0.6,0.458,0.1
622,,0.308,0.45,0.592,0.7,0.592,0.45,0.308,-0.05
623,8,0.629,0.7,0.771,0.85,0.771,0.7,0.629,0.95
624,8,0.95,0.95,0.95,1.0,0.95,0.95,0.95,1.0
625,,0.8,0.8,0.8,0.85,0.8,0.8,0.8,0.85
626,,0.65,0.65,0.65,0.7,0.65,0.65,0.65,0.7
627,,0.5,0.5,0.5,0.55,0.5,0.5,0.5,0.55
628,,0.35,0.35,0.35,0.4,0.35,0.35,0.35,0.4
629,,0.2,0.2,0.2,0.25,0.2,0.2,0.2,0.25
630,,0.05,0.05,0.05,0.1,0.05,0.05,0.05,0.1
631,,-0.1,-0.1,-0.1,-0.05,-0.1,-0.1,-0.1,-0.05
632,3,0.15,0.221,0.9,0.271,0.15,0.079,0.05,0.129
633,3,0.4,0.542,1.0,0.592,0.4,0.258,0.2,0.308
634,,0.25,0.392,0.85,0.442,0.25,0.108,0.05,0.158
635,,0.1,0.242,0.7,0.292,0.1,-0.042,-0.1,0.008
636,7,0.35,0.421,0.85,0.471,0.35,0.279,0.9,0.329
637,7,0.6,0.6,1.0,0.65,0.6,0.6,1.0,0.65
638,,0.45,0.45,0.85,0.5,0.45,0.45,0.85,0.5
639,,0.3,0.3,0.7,0.35,0.3,0.3,0.7,0.35
640,,0.15,0.15,0.55,0.2,0.15,0.15,0.55,0.2
641,,0.0,0.0,0.4,0.05,0.0,0.0,0.4,0.05
642,,-0.15,-0.15,0.25,-0.1,-0.15,-0.15,0.25,-0.1
643,1,0.85,0.171,0.5,0.079,0.0,0.029,0.5,0.221
644,1,1.0,0.492,0.75,0.258,0.15,0.208,0.75,0.542
645,,0.85,0.342,0.6,0.108,0.0,0.058,0.6,0.392
646,,0.7,0.192,0.45,-0.042,-0.15,-0.092,0.45,0.242
647,5,0.85,0.371,0.7,0.279,0.85,0.229,0.7,0.421
648,5,1.0,0.55,0.95,0.6,1.0,0.55,0.95,0.6
649,,0.85,0.4,0.8,0.45,0.85,0.4,0.8,0.45
650,,0.7,0.25,0.65,0.3,0.7,0.25,0.65,0.3
651,,0.55,0.1,0.5,0.15,0.55,0.1,0.5,0.15
652,,0.4,-0.05,0.35,0.0,0.4,-0.05,0.35,0.0
653,6,0.579,0.1,0.529,0.25,0.721,0.95,0.671,0.25
654,6,0.758,0.25,0.708,0.5,1.0,1.0,0.992,0.5
655,,0.608,0.1,0.558,0.35,0.85,0.85,0.842,0.35
656,,0.458,-0.05,0.408,0.2,0.7,0.7,0.692,0.2
657,2,0.779,0.95,0.729,0.45,0.879,0.85,0.871,0.45
658,2,1.0,1.0,1.0,0.7,1.0,1.0,1.0,0.7
659,,0.85,0.85,0.85,0.55,0.85,0.85,0.85,0.55
660,,0.7,0.7,0.7,0.4,0.7,0.7,0.7,0.4
661,,0.55,0.55,0.55,0.25,0.55,0.55,0.55,0.25
662,,0.4,0.4,0.4,0.1,0.4,0.4,0.4,0.1
663,,0.25,0.25,0.25,-0.05,0.25,0.25,0.25,-0.05
664,4,0.429,0.5,0.571,0.95,0.571,0.5,0.429,0.1
665,4,0.608,0.75,0.892,1.0,0.892,0.75,0.608,0.25
666,,0.458,0.6,0.742,0.85,0.742,0.6,0.458,0.1
667,,0.308,0.45,0.592,0.7,0.592,0.45,0.308,-0.05
668,8,0.629,0.7,0.771,0.85,0.771,0.7,0.629,0.95
669,8,0.95,0.95,0.95,1.0,0.95,0.95,0.95,1.0
670,,0.8,0.8,0.8,0.85,0.8,0.8,0.8,0.85
671,,0.65,0.65,0.65,0.7,0.65,0.65,0.65,0.7
672,,0.5,0.5,0.5,0.55,0.5,0.5,0.5,0.55
673,,0.35,0.35,0.35,0.4,0.35,0.35,0.35,0.4
674,,0.2,0.2,0.2,0.25,0.2,0.2,0.2,0.25
675,,0.05,0.05,0.05,0.1,0.05,0.05,0.05,0.1
676,,-0.1,-0.1,-0.1,-0.05,-0.1,-0.1,-0.1,-0.05
677,1,0.9,0.221,0.15,0.129,0.05,0.079,0.15,0.271
678,1,1.0,0.542,0.4,0.308,0.2,0.258,0.4,0.592
679,,0.85,0.392,0.25,0.158,0.05,0.108,0.25,0.442
680,,0.7,0.242,0.1,0.008,-0.1,-0.042,0.1,0.292
681,5,0.85,0.421,0.35,0.329,0.9,0.279,0.35,0.471
682,5,1.0,0.6,0.6,0.65,1.0,0.6,0.6,0.65
683,,0.85,0.45,0.45,0.5,0.85,0.45,0.45,0.5
684,,0.7,0.3,0.3,0.35,0.7,0.3,0.3,0.35
685,,0.55,0.15,0.15,0.2,0.55,0.15,0.15,0.2
686,,0.4,0.0,0.0,0.05,0.4,0.0,0.0,0.05
687,,0.25,-0.15,-0.15,-0.1,0.25,-0.15,-0.15,-0.1
688,2,0.571,0.85,0.171,0.15,0.429,0.0,0.029,0.15
689,2,0.892,1.0,0.492,0.4,0.608,0.15,0.208,0.4
690,,0.742,0.85,0.342,0.25,0.458,0.0,0.058,0.25
691,,0.592,0.7,0.192,0.1,0.308,-0.15,-0.092,0.1
692,6,0.771,0.85,0.371,0.35,0.629,0.85,0.229,0.35
693,6,0.95,1.0,0.55,0.6,0.95,1.0,0.55,0.6
694,,0.8,0.85,0.4,0.45,0.8,0.85,0.4,0.45
695,,0.65,0.7,0.25,0.3,0.65,0.7,0.25,0.3
696,,0.5,0.55,0.1,0.15,0.5,0.55,0.1,0.15
697,,0.35,0.4,-0.05,0.0,0.35,0.4,-0.05,0.0
698,3,0.6,0.721,0.95,0.321,0.6,0.579,0.1,0.179
699,3,0.85,1.0,1.0,0.642,0.85,0.758,0.25,0.358
700,,0.7,0.85,0.85,0.492,0.7,0.608,0.1,0.208
701,,0.55,0.7,0.7,0.342,0.55,0.458,-0.05,0.058
702,7,0.8,0.879,0.85,0.521,0.8,0.779,0.95,0.379
703,7,1.0,1.0,1.0,0.7,1.0,1.0,1.0,0.7
704,,0.85,0.85,0.85,0.55,0.85,0.85,0.85,0.55
705,,0.7,0.7,0.7,0.4,0.7,0.7,0.7,0.4
706,,0.55,0.55,0.55,0.25,0.55,0.55,0.55,0.25
707,,0.4,0.4,0.4,0.1,0.4,0.4,0.4,0.1
708,,0.25,0.25,0.25,-0.05,0.25,0.25,0.25,-0.05
709,8,0.571,0.5,0.429,0.1,0.429,0.5,0.571,0.95
710,8,0.892,0.75,0.608,0.25,0.608,0.75,0.892,1.0
711,,0.742,0.6,0.458,0.1,0.458,0.6,0.742,0.85
712,,0.592,0.45,0.308,-0.05,0.308,0.45,0.592,0.7
713,4,0.771,0.7,0.629,0.95,0.629,0.7,0.771,0.85
714,4,0.95,0.95,0.95,1.0,0.95,0.95,0.95,1.0
715,,0.8,0.8,0.8,0.85,0.8,0.8,0.8,0.85
716,,0.65,0.65,0.65,0.7,0.65,0.65,0.65,0.7
717,,0.5,0.5,0.5,0.55,0.5,0.5,0.5,0.55
718,,0.35,0.35,0.35,0.4,0.35,0.35,0.35,0.4
719,,0.2,0.2,0.2,0.25,0.2,0.2,0.2,0.25
720,,0.05,0.05,0.05,0.1,0.05,0.05,0.05,0.1
721,,-0.1,-0.1,-0.1,-0.05,-0.1,-0.1,-0.1,-0.05
722,6,0.079,0.05,0.079,0.2,0.221,0.9,0.221,0.2
723,6,0.258,0.2,0.258,0.45,0.542,1.0,0.542,0.45
724,,0.108,0.05,0.108,0.3,0.392,0.85,0.392,0.3
725,,-0.042,-0.1,-0.042,0.15,0.242,0.7,0.242,0.15
726,2,0.279,0.9,0.279,0.4,0.421,0.85,0.421,0.4
727,2,0.6,1.0,0.6,0.65,0.6,1.0,0.6,0.65
728,,0.45,0.85,0.45,0.5,0.45,0.85,0.45,0.5
729,,0.3,0.7,0.3,0.35,0.3,0.7,0.3,0.35
730,,0.15,0.55,0.15,0.2,0.15,0.55,0.15,0.2
731,,0.0,0.4,0.0,0.05,0.0,0.4,0.0,0.05
732,,-0.15,0.25,-0.15,-0.1,-0.15,0.25,-0.15,-0.1
733,3,0.1,0.571,0.85,0.221,0.1,0.429,0.0,0.079
734,3,0.35,0.892,1.0,0.542,0.35,0.608,0.15,0.258
735,,0.2,0.742,0.85,0.392,0.2,0.458,0.0,0.108
736,,0.05,0.592,0.7,0.242,0.05,0.308,-0.15,-0.042
737,7,0.3,0.771,0.85,0.421,0.3,0.629,0.85,0.279
738,7,0.55,0.95,1.0,0.6,0.55,0.95,1.0,0.6
739,,0.4,0.8,0.85,0.45,0.4,0.8,0.85,0.45
740,,0.25,0.65,0.7,0.3,0.25,0.65,0.7,0.3
741,,0.1,0.5,0.55,0.15,0.1,0.5,0.55,0.15
742,,-0.05,0.35,0.4,0.0,-0.05,0.35,0.4,0.0
743,5,0.1,0.529,0.65,0.321,0.95,0.671,0.65,0.179
744,5,0.25,0.708,0.9,0.642,1.0,0.992,0.9,0.358
745,,0.1,0.558,0.75,0.492,0.85,0.842,0.75,0.208
746,,-0.05,0.408,0.6,0.342,0.7,0.692,0.6,0.058
747,1,0.95,0.729,0.85,0.521,0.85,0.871,0.85,0.379
748,1,1.0,1.0,1.0,0.7,1.0,1.0,1.0,0.7
749,,0.85,0.85,0.85,0.55,0.85,0.85,0.85,0.55
750,,0.7,0.7,0.7,0.4,0.7,0.7,0.7,0.4
751,,0.55,0.55,0.55,0.25,0.55,0.55,0.55,0.25
752,,0.4,0.4,0.4,0.1,0.4,0.4,0.4,0.1
753,,0.25,0.25,0.25,-0.05,0.25,0.25,0.25,-0.05
754,4,0.429,0.5,0.571,0.95,0.571,0.5,0.429,0.1
755,4,0.608,0.75,0.892,1.0,0.892,0.75,0.608,0.25
756,,0.458,0.6,0.742,0.85,0.742,0.6,0.458,0.1
757,,0.308,0.45,0.592,0.7,0.592,0.45,0.308,-0.05
758,8,0.629,0.7,0.771,0.85,0.771,0.7,0.629,0.95
759,8,0.95,0.95,0.95,1.0,0.95,0.95,0.95,1.0
760,,0.8,0.8,0.8,0.85,0.8,0.8,0.8,0.85
761,,0.65,0.65,0.65,0.7,0.65,0.65,0.65,0.7
762,,0.5,0.5,0.5,0.55,0.5,0.5,0.5,0.55
763,,0.35,0.35,0.35,0.4,0.35,0.35,0.35,0.4
764,,0.2,0.2,0.2,0.25,0.2,0.2,0.2,0.25
765,,0.05,0.05,0.05,0.1,0.05,0.05,0.05,0.1
766,,-0.1,-0.1,-0.1,-0.05,-0.1,-0.1,-0.1,-0.05
767,5,0.05,0.079,0.15,0.271,0.9,0.221,0.15,0.129
768,5,0.2,0.258,0.4,0.592,1.0,0.542,0.4,0.308
769,,0.05,0.108,0.25,0.442,0.85,0.392,0.25,0.158
770,,-0.1,-0.042,0.1,0.292,0.7,0.242,0.1,0.008
771,1,0.9,0.279,0.35,0.471,0.85,0.421,0.35,0.329
772,1,1.0,0.6,0.6,0.65,1.0,0.6,0.6,0.65
773,,0.85,0.45,0.45,0.5,0.85,0.45,0.45,0.5
774,,0.7,0.3,0.3,0.35,0.7,0.3,0.3,0.35
775,,0.55,0.15,0.15,0.2,0.55,0.15,0.15,0.2
776,,0.4,0.0,0.0,0.05,0.4,0.0,0.0,0.05
777,,0.25,-0.15,-0.15,-0.1,0.25,-0.15,-0.15,-0.1
778,3,0.5,0.171,0.85,0.221,0.5,0.029,0.0,0.079
779,3,0.75,0.492,1.0,0.542,0.75,0.208,0.15,0.258
780,,0.6,0.342,0.85,0.392,0.6,0.058,0.0,0.108
781,,0.45,0.192,0.7,0.242,0.45,-0.092,-0.15,-0.042
782,7,0.7,0.371,0.85,0.421,0.7,0.229,0.85,0.279
783,7,0.95,0.55,1.0,0.6,0.95,0.55,1.0,0.6
784,,0.8,0.4,0.85,0.45,0.8,0.4,0.85,0.45
785,,0.65,0.25,0.7,0.3,0.65,0.25,0.7,0.3
786,,0.5,0.1,0.55,0.15,0.5,0.1,0.55,0.15
787,,0.35,-0.05,0.4,0.0,0.35,-0.05,0.4,0.0
788,2,0.671,0.95,0.721,0.25,0.529,0.1,0.579,0.25
789,2,0.992,1.0,1.0,0.5,0.708,0.25,0.758,0.5
790,,0.842,0.85,0.85,0.35,0.558,0.1,0.608,0.35
791,,0.692,0.7,0.7,0.2,0.408,-0.05,0.458,0.2
792,6,0.871,0.85,0.879,0.45,0.729,0.95,0.779,0.45
793,6,1.0,1.0,1.0,0.7,1.0,1.0,1.0,0.7
794,,0.85,0.85,0.85,0.55,0.85,0.85,0.85,0.55
795,,0.7,0.7,0.7,0.4,0.7,0.7,0.7,0.4
796,,0.55,0.55,0.55,0.25,0.55,0.55,0.55,0.25
797,,0.4,0.4,0.4,0.1,0.4,0.4,0.4,0.1
798,,0.25,0.25,0.25,-0.05,0.25,0.25,0.25,-0.05
799,8,0.571,0.5,0.429,0.1,0.429,0.5,0.571,0.95
800,8,0.892,0.75,0.608,0.25,0.608,0.75,0.892,1.0
801,,0.742,0.6,0.458,0.1,0.458,0.6,0.742,0.85
802,,0.592,0.45,0.308,-0.05,0.308,0.45,0.592,0.7
803,4,0.771,0.7,0.629,0.95,0.629,0.7,0.771,0.85
804,4,0.95,0.95,0.95,1.0,0.95,0.95,0.95,1.0
805,,0.8,0.8,0.8,0.85,0.8,0.8,0.8,0.85
806,,0.65,0.65,0.65,0.7,0.65,0.65,0.65,0.7
807,,0.5,0.5,0.5,0.55,0.5,0.5,0.5,0.55
808,,0.35,0.35,0.35,0.4,0.35,0.35,0.35,0.4
809,,0.2,0.2,0.2,0.25,0.2,0.2,0.2,0.25
810,,0.05,0.05,0.05,0.1,0.05,0.05,0.05,0.1
811,,-0.1,-0.1,-0.1,-0.05,-0.1,-0.1,-0.1,-0.05
812,7,0.15,0.079,0.05,0.129,0.15,0.221,0.9,0.271
813,7,0.4,0.258,0.2,0.308,0.4,0.542,1.0,0.592
814,,0.25,0.108,0.05,0.158,0.25,0.392,0.85,0.442
815,,0.1,-0.042,-0.1,0.008,0.1,0.242,0.7,0.292
816,3,0.35,0.279,0.9,0.329,0.35,0.421,0.85,0.471
817,3,0.6,0.6,1.0,0.65,0.6,0.6,1.0,0.65
818,,0.45,0.45,0.85,0.5,0.45,0.45,0.85,0.5
819,,0.3,0.3,0.7,0.35,0.3,0.3,0.7,0.35
820,,0.15,0.15,0.55,0.2,0.15,0.15,0.55,0.2
821,,0.0,0.0,0.4,0.05,0.0,0.0,0.4,0.05
822,,-0.15,-0.15,0.25,-0.1,-0.15,-0.15,0.25,-0.1
823,2,0.171,0.85,0.571,0.15,0.029,0.0,0.429,0.15
824,2,0.492,1.0,0.892,0.4,0.208,0.15,0.608,0.4
825,,0.342,0.85,0.742,0.25,0.058,0.0,0.458,0.25
826,,0.192,0.7,0.592,0.1,-0.092,-0.15,0.308,0.1
827,6,0.371,0.85,0.771,0.35,0.229,0.85,0.629,0.35
828,6,0.55,1.0,0.95,0.6,0.55,1.0,0.95,0.6
829,,0.4,0.85,0.8,0.45,0.4,0.85,0.8,0.45
830,,0.25,0.7,0.65,0.3,0.25,0.7,0.65,0.3
831,,0.1,0.55,0.5,0.15,0.1,0.55,0.5,0.15
832,,-0.05,0.4,0.35,0.0,-0.05,0.4,0.35,0.0
833,1,0.95,0.721,0.6,0.179,0.1,0.579,0.6,0.321
834,1,1.0,1.0,0.85,0.358,0.25,0.758,0.85,0.642
835,,0.85,0.85,0.7,0.208,0.1,0.608,0.7,0.492
836,,0.7,0.7,0.55,0.058,-0.05,0.458,0.55,0.342
837,5,0.85,0.879,0.8,0.379,0.95,0.779,0.8,0.521
838,5,1.0,1.0,1.0,0.7,1.0,1.0,1.0,0.7
839,,0.85,0.85,0.85,0.55,0.85,0.85,0.85,0.55
840,,0.7,0.7,0.7,0.4,0.7,0.7,0.7,0.4
841,,0.55,0.55,0.55,0.25,0.55,0.55,0.55,0.25
842,,0.4,0.4,0.4,0.1,0.4,0.4,0.4,0.1
843,,0.25,0.25,0.25,-0.05,0.25,0.25,0.25,-0.05
844,8,0.571,0.5,0.429,0.1,0.429,0.5,0.571,0.95
845,8,0.892,0.75,0.608,0.25,0.608,0.75,0.892,1.0
846,,0.742,0.6,0.458,0.1,0.458,0.6,0.742,0.85
847,,0.592,0.45,0.308,-0.05,0.308,0.45,0.592,0.7
848,4,0.771,0.7,0.629,0.95,0.629,0.7,0.771,0.85
849,4,0.95,0.95,0.95,1.0,0.95,0.95,0.95,1.0
850,,0.8,0.8,0.8,0.85,0.8,0.8,0.8,0.85
851,,0.65,0.65,0.65,0.7,0.65,0.65,0.65,0.7
852,,0.5,0.5,0.5,0.55,0.5,0.5,0.5,0.55
853,,0.35,0.35,0.35,0.4,0.35,0.35,0.35,0.4
854,,0.2,0.2,0.2,0.25,0.2,0.2,0.2,0.25
855,,0.05,0.05,0.05,0.1,0.05,0.05,0.05,0.1
856,,-0.1,-0.1,-0.1,-0.05,-0.1,-0.1,-0.1,-0.05
857,1,0.9,0.221,0.15,0.129,0.05,0.079,0.15,0.271
858,1,1.0,0.542,0.4,0.308,0.2,0.258,0.4,0.592
859,,0.85,0.392,0.25,0.158,0.05,0.108,0.25,0.442
860,,0.7,0.242,0.1,0.008,-0.1,-0.042,0.1,0.292
861,5,0.85,0.421,0.35,0.329,0.9,0.279,0.35,0.471
862,5,1.0,0.6,0.6,0.65,1.0,0.6,0.6,0.65
863,,0.85,0.45,0.45,0.5,0.85,0.45,0.45,0.5
864,,0.7,0.3,0.3,0.35,0.7,0.3,0.3,0.35
865,,0.55,0.15,0.15,0.2,0.55,0.15,0.15,0.2
866,,0.4,0.0,0.0,0.05,0.4,0.0,0.0,0.05
867,,0.25,-0.15,-0.15,-0.1,0.25,-0.15,-0.15,-0.1
868,6,0.429,0.0,0.029,0.15,0.571,0.85,0.171,0.15
869,6,0.608,0.15,0.208,0.4,0.892,1.0,0.492,0.4
870,,0.458,0.0,0.058,0.25,0.742,0.85,0.342,0.25
871,,0.308,-0.15,-0.092,0.1,0.592,0.7,0.192,0.1
872,2,0.629,0.85,0.229,0.35,0.771,0.85,0.371,0.35
873,2,0.95,1.0,0.55,0.6,0.95,1.0,0.55,0.6
874,,0.8,0.85,0.4,0.45,0.8,0.85,0.4,0.45
875,,0.65,0.7,0.25,0.3,0.65,0.7,0.25,0.3
876,,0.5,0.55,0.1,0.15,0.5,0.55,0.1,0.15
877,,0.35,0.4,-0.05,0.0,0.35,0.4,-0.05,0.0
878,3,0.6,0.721,0.95,0.321,0.6,0.579,0.1,0.179
879,3,0.85,1.0,1.0,0.642,0.85,0.758,0.25,0.358
880,,0.7,0.85,0.85,0.492,0.7,0.608,0.1,0.208
881,,0.55,0.7,0.7,0.342,0.55,0.458,-0.05,0.058
882,7,0.8,0.879,0.85,0.521,0.8,0.779,0.95,0.379
883,7,1.0,1.0,1.0,0.7,1.0,1.0,1.0,0.7
884,,0.85,0.85,0.85,0.55,0.85,0.85,0.85,0.55
885,,0.7,0.7,0.7,0.4,0.7,0.7,0.7,0.4
886,,0.55,0.55,0.55,0.25,0.55,0.55,0.55,0.25
887,,0.4,0.4,0.4,0.1,0.4,0.4,0.4,0.1
