step,active_motive,motive_1,motive_2,motive_3,motive_4,motive_5,motive_6,motive_7,motive_8
0,,0.04509,0.09105,0.0298,0.05236,0.06976,0.07965,0.04593,0.08421
1,,-0.10491,-0.05895,-0.1202,-0.09764,-0.08024,-0.07035,-0.10407,-0.06579
2,3,0.14509,0.26205,0.8798,0.22336,0.16976,0.10865,0.04593,0.11321
3,3,0.39509,0.58305,1.0,0.54436,0.41976,0.28765,0.19593,0.29221
4,,0.24509,0.43305,0.85,0.39436,0.26976,0.13765,0.04593,0.14221
5,,0.09509,0.28305,0.7,0.24436,0.11976,-0.01235,-0.10407,-0.00779
6,7,0.34509,0.46205,0.85,0.42336,0.36976,0.30865,0.89593,0.31321
7,7,0.59509,0.64105,1.0,0.60236,0.61976,0.62965,1.0,0.63421
8,,0.44509,0.49105,0.85,0.45236,0.46976,0.47965,0.85,0.48421
9,,0.29509,0.34105,0.7,0.30236,0.31976,0.32965,0.7,0.33421
10,,0.14509,0.19105,0.55,0.15236,0.16976,0.17965,0.55,0.18421
11,,-0.00491,0.04105,0.4,0.00236,0.01976,0.02965,0.4,0.03421
12,1,0.99509,0.36205,0.65,0.18136,0.16976,0.20865,0.65,0.35521
13,1,1.0,0.68305,0.9,0.36036,0.31976,0.38765,0.9,0.67621
14,,0.85,0.53305,0.75,0.21036,0.16976,0.23765,0.75,0.52621
15,,0.7,0.38305,0.6,0.06036,0.01976,0.08765,0.6,0.37621
16,,0.55,0.23305,0.45,-0.08964,-0.13024,-0.06235,0.45,0.22621
17,5,0.7,0.41205,0.7,0.23136,0.86976,0.25865,0.7,0.40521
18,5,0.85,0.59105,0.95,0.55236,1.0,0.57965,0.95,0.58421
19,,0.7,0.44105,0.8,0.40236,0.85,0.42965,0.8,0.43421
20,,0.55,0.29105,0.65,0.25236,0.7,0.27965,0.65,0.28421
21,,0.4,0.14105,0.5,0.10236,0.55,0.12965,0.5,0.13421
22,,0.25,-0.00895,0.35,-0.04764,0.4,-0.02035,0.35,-0.01579
23,4,0.429,0.24105,0.671,0.95236,0.721,0.22965,0.529,0.13421
24,4,0.608,0.49105,0.992,1.0,1.0,0.47965,0.708,0.28421
25,,0.458,0.34105,0.842,0.85,0.85,0.32965,0.558,0.13421
26,,0.308,0.19105,0.692,0.7,0.7,0.17965,0.408,-0.01579
27,8,0.629,0.44105,0.871,0.85,0.879,0.42965,0.729,0.98421
28,8,0.95,0.69105,1.0,1.0,1.0,0.67965,1.0,1.0
29,,0.8,0.54105,0.85,0.85,0.85,0.52965,0.85,0.85
30,,0.65,0.39105,0.7,0.7,0.7,0.37965,0.7,0.7
31,,0.5,0.24105,0.55,0.55,0.55,0.22965,0.55,0.55
32,,0.35,0.09105,0.4,0.4,0.4,0.07965,0.4,0.4
33,,0.2,-0.05895,0.25,0.25,0.25,-0.07035,0.25,0.25
34,6,0.379,0.09105,0.429,0.5,0.571,0.92965,0.571,0.5
35,6,0.558,0.24105,0.608,0.75,0.892,1.0,0.892,0.75
36,,0.408,0.09105,0.458,0.6,0.742,0.85,0.742,0.6
37,,0.258,-0.05895,0.308,0.45,0.592,0.7,0.592,0.45
38,2,0.579,0.94105,0.629,0.7,0.771,0.85,0.771,0.7
39,2,0.9,1.0,0.95,0.95,0.95,1.0,0.95,0.95
40,,0.75,0.85,0.8,0.8,0.8,0.85,0.8,0.8
41,,0.6,0.7,0.65,0.65,0.65,0.7,0.65,0.65
42,,0.45,0.55,0.5,0.5,0.5,0.55,0.5,0.5
43,,0.3,0.4,0.35,0.35,0.35,0.4,0.35,0.35
44,,0.15,0.25,0.2,0.2,0.2,0.25,0.2,0.2
45,,0.0,0.1,0.05,0.05,0.05,0.1,0.05,0.05
46,,-0.15,-0.05,-0.1,-0.1,-0.1,-0.05,-0.1,-0.1
47,1,0.85,0.271,0.15,0.079,0.05,0.129,0.15,0.221
48,1,1.0,0.592,0.4,0.258,0.2,0.308,0.4,0.542
49,,0.85,0.442,0.25,0.108,0.05,0.158,0.25,0.392
50,,0.7,0.292,0.1,-0.042,-0.1,0.008,0.1,0.242
51,5,0.85,0.471,0.35,0.279,0.9,0.329,0.35,0.421
52,5,1.0,0.65,0.6,0.6,1.0,0.65,0.6,0.6
53,,0.85,0.5,0.45,0.45,0.85,0.5,0.45,0.45
54,,0.7,0.35,0.3,0.3,0.7,0.35,0.3,0.3
55,,0.55,0.2,0.15,0.15,0.55,0.2,0.15,0.15
56,,0.4,0.05,0.0,0.0,0.4,0.05,0.0,0.0
57,,0.25,-0.1,-0.15,-0.15,0.25,-0.1,-0.15,-0.15
58,3,0.5,0.221,0.85,0.171,0.5,0.079,0.0,0.029
59,3,0.75,0.542,1.0,0.492,0.75,0.258,0.15,0.208
60,,0.6,0.392,0.85,0.342,0.6,0.108,0.0,0.058
61,,0.45,0.242,0.7,0.192,0.45,-0.042,-0.15,-0.092
62,7,0.7,0.421,0.85,0.371,0.7,0.279,0.85,0.229
63,7,0.95,0.6,1.0,0.55,0.95,0.6,1.0,0.55
64,,0.8,0.45,0.85,0.4,0.8,0.45,0.85,0.4
65,,0.65,0.3,0.7,0.25,0.65,0.3,0.7,0.25
66,,0.5,0.15,0.55,0.1,0.5,0.15,0.55,0.1
67,,0.35,0.0,0.4,-0.05,0.35,0.0,0.4,-0.05
68,8,0.671,0.25,0.579,0.1,0.529,0.25,0.721,0.95
69,8,0.992,0.5,0.758,0.25,0.708,0.5,1.0,1.0
70,,0.842,0.35,0.608,0.1,0.558,0.35,0.85,0.85
71,,0.692,0.2,0.458,-0.05,0.408,0.2,0.7,0.7
72,4,0.871,0.45,0.779,0.95,0.729,0.45,0.879,0.85
73,4,1.0,0.7,1.0,1.0,1.0,0.7,1.0,1.0
74,,0.85,0.55,0.85,0.85,0.85,0.55,0.85,0.85
75,,0.7,0.4,0.7,0.7,0.7,0.4,0.7,0.7
76,,0.55,0.25,0.55,0.55,0.55,0.25,0.55,0.55
77,,0.4,0.1,0.4,0.4,0.4,0.1,0.4,0.4
78,,0.25,-0.05,0.25,0.25,0.25,-0.05,0.25,0.25
79,6,0.429,0.1,0.429,0.5,0.571,0.95,0.571,0.5
80,6,0.608,0.25,0.608,0.75,0.892,1.0,0.892,0.75
81,,0.458,0.1,0.458,0.6,0.742,0.85,0.742,0.6
82,,0.308,-0.05,0.308,0.45,0.592,0.7,0.592,0.45
83,2,0.629,0.95,0.629,0.7,0.771,0.85,0.771,0.7
84,2,0.95,1.0,0.95,0.95,0.95,1.0,0.95,0.95
85,,0.8,0.85,0.8,0.8,0.8,0.85,0.8,0.8
86,,0.65,0.7,0.65,0.65,0.65,0.7,0.65,0.65
87,,0.5,0.55,0.5,0.5,0.5,0.55,0.5,0.5
88,,0.35,0.4,0.35,0.35,0.35,0.4,0.35,0.35
89,,0.2,0.25,0.2,0.2,0.2,0.25,0.2,0.2
90,,0.05,0.1,0.05,0.05,0.05,0.1,0.05,0.05
91,,-0.1,-0.05,-0.1,-0.1,-0.1,-0.05,-0.1,-0.1
92,7,0.15,0.129,0.05,0.079,0.15,0.271,0.9,0.221
93,7,0.4,0.308,0.2,0.258,0.4,0.592,1.0,0.542
94,,0.25,0.158,0.05,0.108,0.25,0.442,0.85,0.392
95,,0.1,0.008,-0.1,-0.042,0.1,0.292,0.7,0.242
96,3,0.35,0.329,0.9,0.279,0.35,0.471,0.85,0.421
97,3,0.6,0.65,1.0,0.6,0.6,0.65,1.0,0.6
98,,0.45,0.5,0.85,0.45,0.45,0.5,0.85,0.45
99,,0.3,0.35,0.7,0.3,0.3,0.35,0.7,0.3
100,,0.15,0.2,0.55,0.15,0.15,0.2,0.55,0.15
101,,0.0,0.05,0.4,0.0,0.0,0.05,0.4,0.0
102,,-0.15,-0.1,0.25,-0.15,-0.15,-0.1,0.25,-0.15
103,4,0.029,0.15,0.571,0.85,0.171,0.15,0.429,0.0
104,4,0.208,0.4,0.892,1.0,0.492,0.4,0.608,0.15
105,,0.058,0.25,0.742,0.85,0.342,0.25,0.458,0.0
106,,-0.092,0.1,0.592,0.7,0.192,0.1,0.308,-0.15
107,8,0.229,0.35,0.771,0.85,0.371,0.35,0.629,0.85
108,8,0.55,0.6,0.95,1.0,0.55,0.6,0.95,1.0
109,,0.4,0.45,0.8,0.85,0.4,0.45,0.8,0.85
110,,0.25,0.3,0.65,0.7,0.25,0.3,0.65,0.7
111,,0.1,0.15,0.5,0.55,0.1,0.15,0.5,0.55
112,,-0.05,0.0,0.35,0.4,-0.05,0.0,0.35,0.4
113,5,0.1,0.179,0.6,0.721,0.95,0.321,0.6,0.579
114,5,0.25,0.358,0.85,1.0,1.0,0.642,0.85,0.758
115,,0.1,0.208,0.7,0.85,0.85,0.492,0.7,0.608
116,,-0.05,0.058,0.55,0.7,0.7,0.342,0.55,0.458
117,1,0.95,0.379,0.8,0.879,0.85,0.521,0.8,0.779
118,1,1.0,0.7,1.0,1.0,1.0,0.7,1.0,1.0
119,,0.85,0.55,0.85,0.85,0.85,0.55,0.85,0.85
120,,0.7,0.4,0.7,0.7,0.7,0.4,0.7,0.7
121,,0.55,0.25,0.55,0.55,0.55,0.25,0.55,0.55
122,,0.4,0.1,0.4,0.4,0.4,0.1,0.4,0.4
123,,0.25,-0.05,0.25,0.25,0.25,-0.05,0.25,0.25
124,2,0.571,0.95,0.571,0.5,0.429,0.1,0.429,0.5
125,2,0.892,1.0,0.892,0.75,0.608,0.25,0.608,0.75
126,,0.742,0.85,0.742,0.6,0.458,0.1,0.458,0.6
127,,0.592,0.7,0.592,0.45,0.308,-0.05,0.308,0.45
128,6,0.771,0.85,0.771,0.7,0.629,0.95,0.629,0.7
129,6,0.95,1.0,0.95,0.95,0.95,1.0,0.95,0.95
130,,0.8,0.85,0.8,0.8,0.8,0.85,0.8,0.8
131,,0.65,0.7,0.65,0.65,0.65,0.7,0.65,0.65
132,,0.5,0.55,0.5,0.5,0.5,0.55,0.5,0.5
133,,0.35,0.4,0.35,0.35,0.35,0.4,0.35,0.35
134,,0.2,0.25,0.2,0.2,0.2,0.25,0.2,0.2
135,,0.05,0.1,0.05,0.05,0.05,0.1,0.05,0.05
136,,-0.1,-0.05,-0.1,-0.1,-0.1,-0.05,-0.1,-0.1
137,3,0.15,0.271,0.9,0.221,0.15,0.129,0.05,0.079
138,3,0.4,0.592,1.0,0.542,0.4,0.308,0.2,0.258
139,,0.25,0.442,0.85,0.392,0.25,0.158,0.05,0.108
140,,0.1,0.292,0.7,0.242,0.1,0.008,-0.1,-0.042
141,7,0.35,0.471,0.85,0.421,0.35,0.329,0.9,0.279
142,7,0.6,0.65,1.0,0.6,0.6,0.65,1.0,0.6
143,,0.45,0.5,0.85,0.45,0.45,0.5,0.85,0.45
144,,0.3,0.35,0.7,0.3,0.3,0.35,0.7,0.3
145,,0.15,0.2,0.55,0.15,0.15,0.2,0.55,0.15
146,,0.0,0.05,0.4,0.0,0.0,0.05,0.4,0.0
147,,-0.15,-0.1,0.25,-0.15,-0.15,-0.1,0.25,-0.15
148,1,0.85,0.221,0.5,0.029,0.0,0.079,0.5,0.171
149,1,1.0,0.542,0.75,0.208,0.15,0.258,0.75,0.492
150,,0.85,0.392,0.6,0.058,0.0,0.108,0.6,0.342
151,,0.7,0.242,0.45,-0.092,-0.15,-0.042,0.45,0.192
152,5,0.85,0.421,0.7,0.229,0.85,0.279,0.7,0.371
153,5,1.0,0.6,0.95,0.55,1.0,0.6,0.95,0.55
154,,0.85,0.45,0.8,0.4,0.85,0.45,0.8,0.4
155,,0.7,0.3,0.65,0.25,0.7,0.3,0.65,0.25
156,,0.55,0.15,0.5,0.1,0.55,0.15,0.5,0.1
157,,0.4,0.0,0.35,-0.05,0.4,0.0,0.35,-0.05
158,8,0.721,0.25,0.529,0.1,0.579,0.25,0.671,0.95
159,8,1.0,0.5,0.708,0.25,0.758,0.5,0.992,1.0
160,,0.85,0.35,0.558,0.1,0.608,0.35,0.842,0.85
161,,0.7,0.2,0.408,-0.05,0.458,0.2,0.692,0.7
162,4,0.879,0.45,0.729,0.95,0.779,0.45,0.871,0.85
163,4,1.0,0.7,1.0,1.0,1.0,0.7,1.0,1.0
164,,0.85,0.55,0.85,0.85,0.85,0.55,0.85,0.85
165,,0.7,0.4,0.7,0.7,0.7,0.4,0.7,0.7
166,,0.55,0.25,0.55,0.55,0.55,0.25,0.55,0.55
167,,0.4,0.1,0.4,0.4,0.4,0.1,0.4,0.4
168,,0.25,-0.05,0.25,0.25,0.25,-0.05,0.25,0.25
169,2,0.571,0.95,0.571,0.5,0.429,0.1,0.429,0.5
170,2,0.892,1.0,0.892,0.75,0.608,0.25,0.608,0.75
171,,0.742,0.85,0.742,0.6,0.458,0.1,0.458,0.6
172,,0.592,0.7,0.592,0.45,0.308,-0.05,0.308,0.45
173,6,0.771,0.85,0.771,0.7,0.629,0.95,0.629,0.7
174,6,0.95,1.0,0.95,0.95,0.95,1.0,0.95,0.95
175,,0.8,0.85,0.8,0.8,0.8,0.85,0.8,0.8
176,,0.65,0.7,0.65,0.65,0.65,0.7,0.65,0.65
177,,0.5,0.55,0.5,0.5,0.5,0.55,0.5,0.5
178,,0.35,0.4,0.35,0.35,0.35,0.4,0.35,0.35
179,,0.2,0.25,0.2,0.2,0.2,0.25,0.2,0.2
180,,0.05,0.1,0.05,0.05,0.05,0.1,0.05,0.05
181,,-0.1,-0.05,-0.1,-0.1,-0.1,-0.05,-0.1,-0.1
182,4,0.079,0.2,0.221,0.9,0.221,0.2,0.079,0.05
183,4,0.258,0.45,0.542,1.0,0.542,0.45,0.258,0.2
184,,0.108,0.3,0.392,0.85,0.392,0.3,0.108,0.05
185,,-0.042,0.15,0.242,0.7,0.242,0.15,-0.042,-0.1
186,8,0.279,0.4,0.421,0.85,0.421,0.4,0.279,0.9
187,8,0.6,0.65,0.6,1.0,0.6,0.65,0.6,1.0
188,,0.45,0.5,0.45,0.85,0.45,0.5,0.45,0.85
189,,0.3,0.35,0.3,0.7,0.3,0.35,0.3,0.7
190,,0.15,0.2,0.15,0.55,0.15,0.2,0.15,0.55
191,,0.0,0.05,0.0,0.4,0.0,0.05,0.0,0.4
192,,-0.15,-0.1,-0.15,0.25,-0.15,-0.1,-0.15,0.25
193,7,0.1,0.079,0.0,0.429,0.1,0.221,0.85,0.571
194,7,0.35,0.258,0.15,0.608,0.35,0.542,1.0,0.892
195,,0.2,0.108,0.0,0.458,0.2,0.392,0.85,0.742
196,,0.05,-0.042,-0.15,0.308,0.05,0.242,0.7,0.592
197,3,0.3,0.279,0.85,0.629,0.3,0.421,0.85,0.771
198,3,0.55,0.6,1.0,0.95,0.55,0.6,1.0,0.95
199,,0.4,0.45,0.85,0.8,0.4,0.45,0.85,0.8
200,,0.25,0.3,0.7,0.65,0.25,0.3,0.7,0.65
201,,0.1,0.15,0.55,0.5,0.1,0.15,0.55,0.5
202,,-0.05,0.0,0.4,0.35,-0.05,0.0,0.4,0.35
203,1,0.95,0.321,0.65,0.529,0.1,0.179,0.65,0.671
204,1,1.0,0.642,0.9,0.708,0.25,0.358,0.9,0.992
205,,0.85,0.492,0.75,0.558,0.1,0.208,0.75,0.842
206,,0.7,0.342,0.6,0.408,-0.05,0.058,0.6,0.692
207,5,0.85,0.521,0.85,0.729,0.95,0.379,0.85,0.871
208,5,1.0,0.7,1.0,1.0,1.0,0.7,1.0,1.0
209,,0.85,0.55,0.85,0.85,0.85,0.55,0.85,0.85
210,,0.7,0.4,0.7,0.7,0.7,0.4,0.7,0.7
211,,0.55,0.25,0.55,0.55,0.55,0.25,0.55,0.55
212,,0.4,0.1,0.4,0.4,0.4,0.1,0.4,0.4
213,,0.25,-0.05,0.25,0.25,0.25,-0.05,0.25,0.25
214,2,0.571,0.95,0.571,0.5,0.429,0.1,0.429,0.5
215,2,0.892,1.0,0.892,0.75,0.608,0.25,0.608,0.75
216,,0.742,0.85,0.742,0.6,0.458,0.1,0.458,0.6
217,,0.592,0.7,0.592,0.45,0.308,-0.05,0.308,0.45
218,6,0.771,0.85,0.771,0.7,0.629,0.95,0.629,0.7
219,6,0.95,1.0,0.95,0.95,0.95,1.0,0.95,0.95
220,,0.8,0.85,0.8,0.8,0.8,0.85,0.8,0.8
221,,0.65,0.7,0.65,0.65,0.65,0.7,0.65,0.65
222,,0.5,0.55,0.5,0.5,0.5,0.55,0.5,0.5
223,,0.35,0.4,0.35,0.35,0.35,0.4,0.35,0.35
224,,0.2,0.25,0.2,0.2,0.2,0.25,0.2,0.2
225,,0.05,0.1,0.05,0.05,0.05,0.1,0.05,0.05
226,,-0.1,-0.05,-0.1,-0.1,-0.1,-0.05,-0.1,-0.1
227,1,0.9,0.271,0.15,0.079,0.05,0.129,0.15,0.221
228,1,1.0,0.592,0.4,0.258,0.2,0.308,0.4,0.542
229,,0.85,0.442,0.25,0.108,0.05,0.158,0.25,0.392
230,,0.7,0.292,0.1,-0.042,-0.1,0.008,0.1,0.242
231,5,0.85,0.471,0.35,0.279,0.9,0.329,0.35,0.421
232,5,1.0,0.65,0.6,0.6,1.0,0.65,0.6,0.6
233,,0.85,0.5,0.45,0.45,0.85,0.5,0.45,0.45
234,,0.7,0.35,0.3,0.3,0.7,0.35,0.3,0.3
235,,0.55,0.2,0.15,0.15,0.55,0.2,0.15,0.15
236,,0.4,0.05,0.0,0.0,0.4,0.05,0.0,0.0
237,,0.25,-0.1,-0.15,-0.15,0.25,-0.1,-0.15,-0.15
238,7,0.5,0.079,0.0,0.029,0.5,0.221,0.85,0.171
239,7,0.75,0.258,0.15,0.208,0.75,0.542,1.0,0.492
240,,0.6,0.108,0.0,0.058,0.6,0.392,0.85,0.342
241,,0.45,-0.042,-0.15,-0.092,0.45,0.242,0.7,0.192
242,3,0.7,0.279,0.85,0.229,0.7,0.421,0.85,0.371
243,3,0.95,0.6,1.0,0.55,0.95,0.6,1.0,0.55
244,,0.8,0.45,0.85,0.4,0.8,0.45,0.85,0.4
245,,0.65,0.3,0.7,0.25,0.65,0.3,0.7,0.25
246,,0.5,0.15,0.55,0.1,0.5,0.15,0.55,0.1
247,,0.35,0.0,0.4,-0.05,0.35,0.0,0.4,-0.05
248,4,0.529,0.25,0.721,0.95,0.671,0.25,0.579,0.1
249,4,0.708,0.5,1.0,1.0,0.992,0.5,0.758,0.25
250,,0.558,0.35,0.85,0.85,0.842,0.35,0.608,0.1
251,,0.408,0.2,0.7,0.7,0.692,0.2,0.458,-0.05
252,8,0.729,0.45,0.879,0.85,0.871,0.45,0.779,0.95
253,8,1.0,0.7,1.0,1.0,1.0,0.7,1.0,1.0
254,,0.85,0.55,0.85,0.85,0.85,0.55,0.85,0.85
255,,0.7,0.4,0.7,0.7,0.7,0.4,0.7,0.7
256,,0.55,0.25,0.55,0.55,0.55,0.25,0.55,0.55
257,,0.4,0.1,0.4,0.4,0.4,0.1,0.4,0.4
258,,0.25,-0.05,0.25,0.25,0.25,-0.05,0.25,0.25
259,6,0.429,0.1,0.429,0.5,0.571,0.95,0.571,0.5
260,6,0.608,0.25,0.608,0.75,0.892,1.0,0.892,0.75
261,,0.458,0.1,0.458,0.6,0.742,0.85,0.742,0.6
262,,0.308,-0.05,0.308,0.45,0.592,0.7,0.592,0.45
263,2,0.629,0.95,0.629,0.7,0.771,0.85,0.771,0.7
264,2,0.95,1.0,0.95,0.95,0.95,1.0,0.95,0.95
265,,0.8,0.85,0.8,0.8,0.8,0.85,0.8,0.8
266,,0.65,0.7,0.65,0.65,0.65,0.7,0.65,0.65
267,,0.5,0.55,0.5,0.5,0.5,0.55,0.5,0.5
268,,0.35,0.4,0.35,0.35,0.35,0.4,0.35,0.35
269,,0.2,0.25,0.2,0.2,0.2,0.25,0.2,0.2
270,,0.05,0.1,0.05,0.05,0.05,0.1,0.05,0.05
271,,-0.1,-0.05,-0.1,-0.1,-0.1,-0.05,-0.1,-0.1
272,4,0.079,0.2,0.221,0.9,0.221,0.2,0.079,0.05
273,4,0.258,0.45,0.542,1.0,0.542,0.45,0.258,0.2
274,,0.108,0.3,0.392,0.85,0.392,0.3,0.108,0.05
275,,-0.042,0.15,0.242,0.7,0.242,0.15,-0.042,-0.1
276,8,0.279,0.4,0.421,0.85,0.421,0.4,0.279,0.9
277,8,0.6,0.65,0.6,1.0,0.6,0.65,0.6,1.0
278,,0.45,0.5,0.45,0.85,0.45,0.5,0.45,0.85
279,,0.3,0.35,0.3,0.7,0.3,0.35,0.3,0.7
280,,0.15,0.2,0.15,0.55,0.15,0.2,0.15,0.55
281,,0.0,0.05,0.0,0.4,0.0,0.05,0.0,0.4
282,,-0.15,-0.1,-0.15,0.25,-0.15,-0.1,-0.15,0.25
283,3,0.1,0.221,0.85,0.571,0.1,0.079,0.0,0.429
284,3,0.35,0.542,1.0,0.892,0.35,0.258,0.15,0.608
285,,0.2,0.392,0.85,0.742,0.2,0.108,0.0,0.458
286,,0.05,0.242,0.7,0.592,0.05,-0.042,-0.15,0.308
287,7,0.3,0.421,0.85,0.771,0.3,0.279,0.85,0.629
288,7,0.55,0.6,1.0,0.95,0.55,0.6,1.0,0.95
289,,0.4,0.45,0.85,0.8,0.4,0.45,0.85,0.8
290,,0.25,0.3,0.7,0.65,0.25,0.3,0.7,0.65
291,,0.1,0.15,0.55,0.5,0.1,0.15,0.55,0.5
292,,-0.05,0.0,0.4,0.35,-0.05,0.0,0.4,0.35
293,5,0.1,0.179,0.65,0.671,0.95,0.321,0.65,0.529
294,5,0.25,0.358,0.9,0.992,1.0,0.642,0.9,0.708
295,,0.1,0.208,0.75,0.842,0.85,0.492,0.75,0.558
296,,-0.05,0.058,0.6,0.692,0.7,0.342,0.6,0.408
297,1,0.95,0.379,0.85,0.871,0.85,0.521,0.85,0.729
298,1,1.0,0.7,1.0,1.0,1.0,0.7,1.0,1.0
299,,0.85,0.55,0.85,0.85,0.85,0.55,0.85,0.85
300,,0.7,0.4,0.7,0.7,0.7,0.4,0.7,0.7
301,,0.55,0.25,0.55,0.55,0.55,0.25,0.55,0.55
302,,0.4,0.1,0.4,0.4,0.4,0.1,0.4,0.4
303,,0.25,-0.05,0.25,0.25,0.25,-0.05,0.25,0.25
304,6,0.429,0.1,0.429,0.5,0.571,0.95,0.571,0.5
305,6,0.608,0.25,0.608,0.75,0.892,1.0,0.892,0.75
306,,0.458,0.1,0.458,0.6,0.742,0.85,0.742,0.6
307,,0.308,-0.05,0.308,0.45,0.592,0.7,0.592,0.45
308,2,0.629,0.95,0.629,0.7,0.771,0.85,0.771,0.7
309,2,0.95,1.0,0.95,0.95,0.95,1.0,0.95,0.95
310,,0.8,0.85,0.8,0.8,0.8,0.85,0.8,0.8
311,,0.65,0.7,0.65,0.65,0.65,0.7,0.65,0.65
312,,0.5,0.55,0.5,0.5,0.5,0.55,0.5,0.5
313,,0.35,0.4,0.35,0.35,0.35,0.4,0.35,0.35
314,,0.2,0.25,0.2,0.2,0.2,0.25,0.2,0.2
315,,0.05,0.1,0.05,0.05,0.05,0.1,0.05,0.05
316,,-0.1,-0.05,-0.1,-0.1,-0.1,-0.05,-0.1,-0.1
317,5,0.05,0.129,0.15,0.221,0.9,0.271,0.15,0.079
318,5,0.2,0.308,0.4,0.542,1.0,0.592,0.4,0.258
319,,0.05,0.158,0.25,0.392,0.85,0.442,0.25,0.108
320,,-0.1,0.008,0.1,0.242,0.7,0.292,0.1,-0.042
321,1,0.9,0.329,0.35,0.421,0.85,0.471,0.35,0.279
322,1,1.0,0.65,0.6,0.6,1.0,0.65,0.6,0.6
323,,0.85,0.5,0.45,0.45,0.85,0.5,0.45,0.45
324,,0.7,0.35,0.3,0.3,0.7,0.35,0.3,0.3
325,,0.55,0.2,0.15,0.15,0.55,0.2,0.15,0.15
326,,0.4,0.05,0.0,0.0,0.4,0.05,0.0,0.0
327,,0.25,-0.1,-0.15,-0.15,0.25,-0.1,-0.15,-0.15
328,8,0.571,0.15,0.029,0.0,0.429,0.15,0.171,0.85
329,8,0.892,0.4,0.208,0.15,0.608,0.4,0.492,1.0
330,,0.742,0.25,0.058,0.0,0.458,0.25,0.342,0.85
331,,0.592,0.1,-0.092,-0.15,0.308,0.1,0.192,0.7
332,4,0.771,0.35,0.229,0.85,0.629,0.35,0.371,0.85
333,4,0.95,0.6,0.55,1.0,0.95,0.6,0.55,1.0
334,,0.8,0.45,0.4,0.85,0.8,0.45,0.4,0.85
335,,0.65,0.3,0.25,0.7,0.65,0.3,0.25,0.7
336,,0.5,0.15,0.1,0.55,0.5,0.15,0.1,0.55
337,,0.35,0.0,-0.05,0.4,0.35,0.0,-0.05,0.4
338,7,0.6,0.179,0.1,0.579,0.6,0.321,0.95,0.721
339,7,0.85,0.358,0.25,0.758,0.85,0.642,1.0,1.0
340,,0.7,0.208,0.1,0.608,0.7,0.492,0.85,0.85
341,,0.55,0.058,-0.05,0.458,0.55,0.342,0.7,0.7
342,3,0.8,0.379,0.95,0.779,0.8,0.521,0.85,0.879
343,3,1.0,0.7,1.0,1.0,1.0,0.7,1.0,1.0
344,,0.85,0.55,0.85,0.85,0.85,0.55,0.85,0.85
345,,0.7,0.4,0.7,0.7,0.7,0.4,0.7,0.7
346,,0.55,0.25,0.55,0.55,0.55,0.25,0.55,0.55
347,,0.4,0.1,0.4,0.4,0.4,0.1,0.4,0.4
348,,0.25,-0.05,0.25,0.25,0.25,-0.05,0.25,0.25
349,6,0.429,0.1,0.429,0.5,0.571,0.95,0.571,0.5
350,6,0.608,0.25,0.608,0.75,0.892,1.0,0.892,0.75
351,,0.458,0.1,0.458,0.6,0.742,0.85,0.742,0.6
352,,0.308,-0.05,0.308,0.45,0.592,0.7,0.592,0.45
353,2,0.629,0.95,0.629,0.7,0.771,0.85,0.771,0.7
354,2,0.95,1.0,0.95,0.95,0.95,1.0,0.95,0.95
355,,0.8,0.85,0.8,0.8,0.8,0.85,0.8,0.8
356,,0.65,0.7,0.65,0.65,0.65,0.7,0.65,0.65
357,,0.5,0.55,0.5,0.5,0.5,0.55,0.5,0.5
358,,0.35,0.4,0.35,0.35,0.35,0.4,0.35,0.35
359,,0.2,0.25,0.2,0.2,0.2,0.25,0.2,0.2
360,,0.05,0.1,0.05,0.05,0.05,0.1,0.05,0.05
361,,-0.1,-0.05,-0.1,-0.1,-0.1,-0.05,-0.1,-0.1
362,1,0.9,0.271,0.15,0.079,0.05,0.129,0.15,0.221
363,1,1.0,0.592,0.4,0.258,0.2,0.308,0.4,0.542
364,,0.85,0.442,0.25,0.108,0.05,0.158,0.25,0.392
365,,0.7,0.292,0.1,-0.042,-0.1,0.008,0.1,0.242
366,5,0.85,0.471,0.35,0.279,0.9,0.329,0.35,0.421
367,5,1.0,0.65,0.6,0.6,1.0,0.65,0.6,0.6
368,,0.85,0.5,0.45,0.45,0.85,0.5,0.45,0.45
369,,0.7,0.35,0.3,0.3,0.7,0.35,0.3,0.3
370,,0.55,0.2,0.15,0.15,0.55,0.2,0.15,0.15
371,,0.4,0.05,0.0,0.0,0.4,0.05,0.0,0.0
372,,0.25,-0.1,-0.15,-0.15,0.25,-0.1,-0.15,-0.15
373,7,0.5,0.079,0.0,0.029,0.5,0.221,0.85,0.171
374,7,0.75,0.258,0.15,0.208,0.75,0.542,1.0,0.492
375,,0.6,0.108,0.0,0.058,0.6,0.392,0.85,0.342
376,,0.45,-0.042,-0.15,-0.092,0.45,0.242,0.7,0.192
377,3,0.7,0.279,0.85,0.229,0.7,0.421,0.85,0.371
378,3,0.95,0.6,1.0,0.55,0.95,0.6,1.0,0.55
379,,0.8,0.45,0.85,0.4,0.8,0.45,0.85,0.4
380,,0.65,0.3,0.7,0.25,0.65,0.3,0.7,0.25
381,,0.5,0.15,0.55,0.1,0.5,0.15,0.55,0.1
382,,0.35,0.0,0.4,-0.05,0.35,0.0,0.4,-0.05
383,8,0.671,0.25,0.579,0.1,0.529,0.25,0.721,0.95
384,8,0.992,0.5,0.758,0.25,0.708,0.5,1.0,1.0
385,,0.842,0.35,0.608,0.1,0.558,0.35,0.85,0.85
386,,0.692,0.2,0.458,-0.05,0.408,0.2,0.7,0.7
387,4,0.871,0.45,0.779,0.95,0.729,0.45,0.879,0.85
388,4,1.0,0.7,1.0,1.0,1.0,0.7,1.0,1.0
389,,0.85,0.55,0.85,0.85,0.85,0.55,0.85,0.85
390,,0.7,0.4,0.7,0.7,0.7,0.4,0.7,0.7
391,,0.55,0.25,0.55,0.55,0.55,0.25,0.55,0.55
392,,0.4,0.1,0.4,0.4,0.4,0.1,0.4,0.4
393,,0.25,-0.05,0.25,0.25,0.25,-0.05,0.25,0.25
394,2,0.571,0.95,0.571,0.5,0.429,0.1,0.429,0.5
395,2,0.892,1.0,0.892,0.75,0.608,0.25,0.608,0.75
396,,0.742,0.85,0.742,0.6,0.458,0.1,0.458,0.6
397,,0.592,0.7,0.592,0.45,0.308,-0.05,0.308,0.45
398,6,0.771,0.85,0.771,0.7,0.629,0.95,0.629,0.7
399,6,0.95,1.0,0.95,0.95,0.95,1.0,0.95,0.95
400,,0.8,0.85,0.8,0.8,0.8,0.85,0.8,0.8
401,,0.65,0.7,0.65,0.65,0.65,0.7,0.65,0.65
402,,0.5,0.55,0.5,0.5,0.5,0.55,0.5,0.5
403,,0.35,0.4,0.35,0.35,0.35,0.4,0.35,0.35
404,,0.2,0.25,0.2,0.2,0.2,0.25,0.2,0.2
405,,0.05,0.1,0.05,0.05,0.05,0.1,0.05,0.05
406,,-0.1,-0.05,-0.1,-0.1,-0.1,-0.05,-0.1,-0.1
407,4,0.079,0.2,0.221,0.9,0.221,0.2,0.079,0.05
408,4,0.258,0.45,0.542,1.0,0.542,0.45,0.258,0.2
409,,0.108,0.3,0.392,0.85,0.392,0.3,0.108,0.05
410,,-0.042,0.15,0.242,0.7,0.242,0.15,-0.042,-0.1
411,8,0.279,0.4,0.421,0.85,0.421,0.4,0.279,0.9
412,8,0.6,0.65,0.6,1.0,0.6,0.65,0.6,1.0
413,,0.45,0.5,0.45,0.85,0.45,0.5,0.45,0.85
414,,0.3,0.35,0.3,0.7,0.3,0.35,0.3,0.7
415,,0.15,0.2,0.15,0.55,0.15,0.2,0.15,0.55
416,,0.0,0.05,0.0,0.4,0.0,0.05,0.0,0.4
417,,-0.15,-0.1,-0.15,0.25,-0.15,-0.1,-0.15,0.25
418,1,0.85,0.221,0.1,0.429,0.0,0.079,0.1,0.571
419,1,1.0,0.542,0.35,0.608,0.15,0.258,0.35,0.892
420,,0.85,0.392,0.2,0.458,0.0,0.108,0.2,0.742
421,,0.7,0.242,0.05,0.308,-0.15,-0.042,0.05,0.592
422,5,0.85,0.421,0.3,0.629,0.85,0.279,0.3,0.771
423,5,1.0,0.6,0.55,0.95,1.0,0.6,0.55,0.95
424,,0.85,0.45,0.4,0.8,0.85,0.45,0.4,0.8
425,,0.7,0.3,0.25,0.65,0.7,0.3,0.25,0.65
426,,0.55,0.15,0.1,0.5,0.55,0.15,0.1,0.5
427,,0.4,0.0,-0.05,0.35,0.4,0.0,-0.05,0.35
428,7,0.65,0.179,0.1,0.529,0.65,0.321,0.95,0.671
429,7,0.9,0.358,0.25,0.708,0.9,0.642,1.0,0.992
430,,0.75,0.208,0.1,0.558,0.75,0.492,0.85,0.842
431,,0.6,0.058,-0.05,0.408,0.6,0.342,0.7,0.692
432,3,0.85,0.379,0.95,0.729,0.85,0.521,0.85,0.871
433,3,1.0,0.7,1.0,1.0,1.0,0.7,1.0,1.0
434,,0.85,0.55,0.85,0.85,0.85,0.55,0.85,0.85
435,,0.7,0.4,0.7,0.7,0.7,0.4,0.7,0.7
436,,0.55,0.25,0.55,0.55,0.55,0.25,0.55,0.55
437,,0.4,0.1,0.4,0.4,0.4,0.1,0.4,0.4
438,,0.25,-0.05,0.25,0.25,0.25,-0.05,0.25,0.25
439,6,0.429,0.1,0.429,0.5,0.571,0.95,0.571,0.5
440,6,0.608,0.25,0.608,0.75,0.892,1.0,0.892,0.75
441,,0.458,0.1,0.458,0.6,0.742,0.85,0.742,0.6
442,,0.308,-0.05,0.308,0.45,0.592,0.7,0.592,0.45
443,2,0.629,0.95,0.629,0.7,0.771,0.85,0.771,0.7
444,2,0.95,1.0,0.95,0.95,0.95,1.0,0.95,0.95
445,,0.8,0.85,0.8,0.8,0.8,0.85,0.8,0.8
446,,0.65,0.7,0.65,0.65,0.65,0.7,0.65,0.65
447,,0.5,0.55,0.5,0.5,0.5,0.55,0.5,0.5
448,,0.35,0.4,0.35,0.35,0.35,0.4,0.35,0.35
449,,0.2,0.25,0.2,0.2,0.2,0.25,0.2,0.2
450,,0.05,0.1,0.05,0.05,0.05,0.1,0.05,0.05
451,,-0.1,-0.05,-0.1,-0.1,-0.1,-0.05,-0.1,-0.1
452,7,0.15,0.129,0.05,0.079,0.15,0.271,0.9,0.221
453,7,0.4,0.308,0.2,0.258,0.4,0.592,1.0,0.542
454,,0.25,0.158,0.05,0.108,0.25,0.442,0.85,0.392
455,,0.1,0.008,-0.1,-0.042,0.1,0.292,0.7,0.242
456,3,0.35,0.329,0.9,0.279,0.35,0.471,0.85,0.421
457,3,0.6,0.65,1.0,0.6,0.6,0.65,1.0,0.6
458,,0.45,0.5,0.85,0.45,0.45,0.5,0.85,0.45
459,,0.3,0.35,0.7,0.3,0.3,0.35,0.7,0.3
460,,0.15,0.2,0.55,0.15,0.15,0.2,0.55,0.15
461,,0.0,0.05,0.4,0.0,0.0,0.05,0.4,0.0
462,,-0.15,-0.1,0.25,-0.15,-0.15,-0.1,0.25,-0.15
463,4,0.029,0.15,0.571,0.85,0.171,0.15,0.429,0.0
464,4,0.208,0.4,0.892,1.0,0.492,0.4,0.608,0.15
465,,0.058,0.25,0.742,0.85,0.342,0.25,0.458,0.0
466,,-0.092,0.1,0.592,0.7,0.192,0.1,0.308,-0.15
467,8,0.229,0.35,0.771,0.85,0.371,0.35,0.629,0.85
468,8,0.55,0.6,0.95,1.0,0.55,0.6,0.95,1.0
469,,0.4,0.45,0.8,0.85,0.4,0.45,0.8,0.85
470,,0.25,0.3,0.65,0.7,0.25,0.3,0.65,0.7
471,,0.1,0.15,0.5,0.55,0.1,0.15,0.5,0.55
472,,-0.05,0.0,0.35,0.4,-0.05,0.0,0.35,0.4
473,1,0.95,0.321,0.6,0.579,0.1,0.179,0.6,0.721
474,1,1.0,0.642,0.85,0.758,0.25,0.358,0.85,1.0
475,,0.85,0.492,0.7,0.608,0.1,0.208,0.7,0.85
476,,0.7,0.342,0.55,0.458,-0.05,0.058,0.55,0.7
477,5,0.85,0.521,0.8,0.779,0.95,0.379,0.8,0.879
478,5,1.0,0.7,1.0,1.0,1.0,0.7,1.0,1.0
479,,0.85,0.55,0.85,0.85,0.85,0.55,0.85,0.85
480,,0.7,0.4,0.7,0.7,0.7,0.4,0.7,0.7
481,,0.55,0.25,0.55,0.55,0.55,0.25,0.55,0.55
482,,0.4,0.1,0.4,0.4,0.4,0.1,0.4,0.4
483,,0.25,-0.05,0.25,0.25,0.25,-0.05,0.25,0.25
484,2,0.571,0.95,0.571,0.5,0.429,0.1,0.429,0.5
485,2,0.892,1.0,0.892,0.75,0.608,0.25,0.608,0.75
486,,0.742,0.85,0.742,0.6,0.458,0.1,0.458,0.6
487,,0.592,0.7,0.592,0.45,0.308,-0.05,0.308,0.45
488,6,0.771,0.85,0.771,0.7,0.629,0.95,0.629,0.7
489,6,0.95,1.0,0.95,0.95,0.95,1.0,0.95,0.95
490,,0.8,0.85,0.8,0.8,0.8,0.85,0.8,0.8
491,,0.65,0.7,0.65,0.65,0.65,0.7,0.65,0.65
492,,0.5,0.55,0.5,0.5,0.5,0.55,0.5,0.5
493,,0.35,0.4,0.35,0.35,0.35,0.4,0.35,0.35
494,,0.2,0.25,0.2,0.2,0.2,0.25,0.2,0.2
495,,0.05,0.1,0.05,0.05,0.05,0.1,0.05,0.05
496,,-0.1,-0.05,-0.1,-0.1,-0.1,-0.05,-0.1,-0.1
497,7,0.15,0.129,0.05,0.079,0.15,0.271,0.9,0.221
498,7,0.4,0.308,0.2,0.258,0.4,0.592,1.0,0.542
499,,0.25,0.158,0.05,0.108,0.25,0.442,0.85,0.392
500,,0.1,0.008,-0.1,-0.042,0.1,0.292,0.7,0.242
501,3,0.35,0.329,0.9,0.279,0.35,0.471,0.85,0.421
502,3,0.6,0.65,1.0,0.6,0.6,0.65,1.0,0.6
503,,0.45,0.5,0.85,0.45,0.45,0.5,0.85,0.45
504,,0.3,0.35,0.7,0.3,0.3,0.35,0.7,0.3
505,,0.15,0.2,0.55,0.15,0.15,0.2,0.55,0.15
506,,0.0,0.05,0.4,0.0,0.0,0.05,0.4,0.0
507,,-0.15,-0.1,0.25,-0.15,-0.15,-0.1,0.25,-0.15
508,1,0.85,0.221,0.5,0.029,0.0,0.079,0.5,0.171
509,1,1.0,0.542,0.75,0.208,0.15,0.258,0.75,0.492
510,,0.85,0.392,0.6,0.058,0.0,0.108,0.6,0.342
511,,0.7,0.242,0.45,-0.092,-0.15,-0.042,0.45,0.192
512,5,0.85,0.421,0.7,0.229,0.85,0.279,0.7,0.371
513,5,1.0,0.6,0.95,0.55,1.0,0.6,0.95,0.55
514,,0.85,0.45,0.8,0.4,0.85,0.45,0.8,0.4
515,,0.7,0.3,0.65,0.25,0.7,0.3,0.65,0.25
516,,0.55,0.15,0.5,0.1,0.55,0.15,0.5,0.1
517,,0.4,0.0,0.35,-0.05,0.4,0.0,0.35,-0.05
518,8,0.721,0.25,0.529,0.1,0.579,0.25,0.671,0.95
519,8,1.0,0.5,0.708,0.25,0.758,0.5,0.992,1.0
520,,0.85,0.35,0.558,0.1,0.608,0.35,0.842,0.85
521,,0.7,0.2,0.408,-0.05,0.458,0.2,0.692,0.7
522,4,0.879,0.45,0.729,0.95,0.779,0.45,0.871,0.85
523,4,1.0,0.7,1.0,1.0,1.0,0.7,1.0,1.0
524,,0.85,0.55,0.85,0.85,0.85,0.55,0.85,0.85
525,,0.7,0.4,0.7,0.7,0.7,0.4,0.7,0.7
526,,0.55,0.25,0.55,0.55,0.55,0.25,0.55,0.55
527,,0.4,0.1,0.4,0.4,0.4,0.1,0.4,0.4
528,,0.25,-0.05,0.25,0.25,0.25,-0.05,0.25,0.25
529,6,0.429,0.1,0.429,0.5,0.571,0.95,0.571,0.5
530,6,0.608,0.25,0.608,0.75,0.892,1.0,0.892,0.75
531,,0.458,0.1,0.458,0.6,0.742,0.85,0.742,0.6
532,,0.308,-0.05,0.308,0.45,0.592,0.7,0.592,0.45
533,2,0.629,0.95,0.629,0.7,0.771,0.85,0.771,0.7
534,2,0.95,1.0,0.95,0.95,0.95,1.0,0.95,0.95
535,,0.8,0.85,0.8,0.8,0.8,0.85,0.8,0.8
536,,0.65,0.7,0.65,0.65,0.65,0.7,0.65,0.65
537,,0.5,0.55,0.5,0.5,0.5,0.55,0.5,0.5
538,,0.35,0.4,0.35,0.35,0.35,0.4,0.35,0.35
539,,0.2,0.25,0.2,0.2,0.2,0.25,0.2,0.2
540,,0.05,0.1,0.05,0.05,0.05,0.1,0.05,0.05
541,,-0.1,-0.05,-0.1,-0.1,-0.1,-0.05,-0.1,-0.1
542,3,0.15,0.271,0.9,0.221,0.15,0.129,0.05,0.079
543,3,0.4,0.592,1.0,0.542,0.4,0.308,0.2,0.258
544,,0.25,0.442,0.85,0.392,0.25,0.158,0.05,0.108
545,,0.1,0.292,0.7,0.242,0.1,0.008,-0.1,-0.042
546,7,0.35,0.471,0.85,0.421,0.35,0.329,0.9,0.279
547,7,0.6,0.65,1.0,0.6,0.6,0.65,1.0,0.6
548,,0.45,0.5,0.85,0.45,0.45,0.5,0.85,0.45
549,,0.3,0.35,0.7,0.3,0.3,0.35,0.7,0.3
550,,0.15,0.2,0.55,0.15,0.15,0.2,0.55,0.15
551,,0.0,0.05,0.4,0.0,0.0,0.05,0.4,0.0
552,,-0.15,-0.1,0.25,-0.15,-0.15,-0.1,0.25,-0.15
553,1,0.85,0.221,0.5,0.029,0.0,0.079,0.5,0.171
554,1,1.0,0.542,0.75,0.208,0.15,0.258,0.75,0.492
555,,0.85,0.392,0.6,0.058,0.0,0.108,0.6,0.342
556,,0.7,0.242,0.45,-0.092,-0.15,-0.042,0.45,0.192
557,5,0.85,0.421,0.7,0.229,0.85,0.279,0.7,0.371
558,5,1.0,0.6,0.95,0.55,1.0,0.6,0.95,0.55
559,,0.85,0.45,0.8,0.4,0.85,0.45,0.8,0.4
560,,0.7,0.3,0.65,0.25,0.7,0.3,0.65,0.25
561,,0.55,0.15,0.5,0.1,0.55,0.15,0.5,0.1
562,,0.4,0.0,0.35,-0.05,0.4,0.0,0.35,-0.05
563,8,0.721,0.25,0.529,0.1,0.579,0.25,0.671,0.95
564,8,1.0,0.5,0.708,0.25,0.758,0.5,0.992,1.0
565,,0.85,0.35,0.558,0.1,0.608,0.35,0.842,0.85
566,,0.7,0.2,0.408,-0.05,0.458,0.2,0.692,0.7
567,4,0.879,0.45,0.729,0.95,0.779,0.45,0.871,0.85
568,4,1.0,0.7,1.0,1.0,1.0,0.7,1.0,1.0
569,,0.85,0.55,0.85,0.85,0.85,0.55,0.85,0.85
570,,0.7,0.4,0.7,0.7,0.7,0.4,0.7,0.7
571,,0.55,0.25,0.55,0.55,0.55,0.25,0.55,0.55
572,,0.4,0.1,0.4,0.4,0.4,0.1,0.4,0.4
573,,0.25,-0.05,0.25,0.25,0.25,-0.05,0.25,0.25
574,2,0.571,0.95,0.571,0.5,0.429,0.1,0.429,0.5
575,2,0.892,1.0,0.892,0.75,0.608,0.25,0.608,0.75
576,,0.742,0.85,0.742,0.6,0.458,0.1,0.458,0.6
577,,0.592,0.7,0.592,0.45,0.308,-0.05,0.308,0.45
578,6,0.771,0.85,0.771,0.7,0.629,0.95,0.629,0.7
579,6,0.95,1.0,0.95,0.95,0.95,1.0,0.95,0.95
580,,0.8,0.85,0.8,0.8,0.8,0.85,0.8,0.8
581,,0.65,0.7,0.65,0.65,0.65,0.7,0.65,0.65
582,,0.5,0.55,0.5,0.5,0.5,0.55,0.5,0.5
583,,0.35,0.4,0.35,0.35,0.35,0.4,0.35,0.35
584,,0.2,0.25,0.2,0.2,0.2,0.25,0.2,0.2
585,,0.05,0.1,0.05,0.05,0.05,0.1,0.05,0.05
586,,-0.1,-0.05,-0.1,-0.1,-0.1,-0.05,-0.1,-0.1
587,8,0.221,0.2,0.079,0.05,0.079,0.2,0.221,0.9
588,8,0.542,0.45,0.258,0.2,0.258,0.45,0.542,1.0
589,,0.392,0.3,0.108,0.05,0.108,0.3,0.392,0.85
590,,0.242,0.15,-0.042,-0.1,-0.042,0.15,0.242,0.7
591,4,0.421,0.4,0.279,0.9,0.279,0.4,0.421,0.85
592,4,0.6,0.65,0.6,1.0,0.6,0.65,0.6,1.0
593,,0.45,0.5,0.45,0.85,0.45,0.5,0.45,0.85
594,,0.3,0.35,0.3,0.7,0.3,0.35,0.3,0.7
595,,0.15,0.2,0.15,0.55,0.15,0.2,0.15,0.55
596,,0.0,0.05,0.0,0.4,0.0,0.05,0.0,0.4
597,,-0.15,-0.1,-0.15,0.25,-0.15,-0.1,-0.15,0.25
598,1,0.85,0.221,0.1,0.429,0.0,0.079,0.1,0.571
599,1,1.0,0.542,0.35,0.608,0.15,0.258,0.35,0.892
600,,0.85,0.392,0.2,0.458,0.0,0.108,0.2,0.742
601,,0.7,0.242,0.05,0.308,-0.15,-0.042,0.05,0.592
602,5,0.85,0.421,0.3,0.629,0.85,0.279,0.3,0.771
603,5,1.0,0.6,0.55,0.95,1.0,0.6,0.55,0.95
604,,0.85,0.45,0.4,0.8,0.85,0.45,0.4,0.8
605,,0.7,0.3,0.25,0.65,0.7,0.3,0.25,0.65
606,,0.55,0.15,0.1,0.5,0.55,0.15,0.1,0.5
607,,0.4,0.0,-0.05,0.35,0.4,0.0,-0.05,0.35
608,3,0.65,0.321,0.95,0.671,0.65,0.179,0.1,0.529
609,3,0.9,0.642,1.0,0.992,0.9,0.358,0.25,0.708
610,,0.75,0.492,0.85,0.842,0.75,0.208,0.1,0.558
611,,0.6,0.342,0.7,0.692,0.6,0.058,-0.05,0.408
612,7,0.85,0.521,0.85,0.871,0.85,0.379,0.95,0.729
613,7,1.0,0.7,1.0,1.0,1.0,0.7,1.0,1.0
614,,0.85,0.55,0.85,0.85,0.85,0.55,0.85,0.85
615,,0.7,0.4,0.7,0.7,0.7,0.4,0.7,0.7
616,,0.55,0.25,0.55,0.55,0.55,0.25,0.55,0.55
617,,0.4,0.1,0.4,0.4,0.4,0.1,0.4,0.4
618,,0.25,-0.05,0.25,0.25,0.25,-0.05,0.25,0.25
619,2,0.571,0.95,0.571,0.5,0.429,0.1,0.429,0.5
620,2,0.892,1.0,0.892,0.75,0.608,0.25,0.608,0.75
621,,0.742,0.85,0.742,0.6,0.458,0.1,0.458,0.6
622,,0.592,0.7,0.592,0.45,0.308,-0.05,0.308,0.45
623,6,0.771,0.85,0.771,0.7,0.629,0.95,0.629,0.7
624,6,0.95,1.0,0.95,0.95,0.95,1.0,0.95,0.95
625,,0.8,0.85,0.8,0.8,0.8,0.85,0.8,0.8
626,,0.65,0.7,0.65,0.65,0.65,0.7,0.65,0.65
627,,0.5,0.55,0.5,0.5,0.5,0.55,0.5,0.5
628,,0.35,0.4,0.35,0.35,0.35,0.4,0.35,0.35
629,,0.2,0.25,0.2,0.2,0.2,0.25,0.2,0.2
630,,0.05,0.1,0.05,0.05,0.05,0.1,0.05,0.05
631,,-0.1,-0.05,-0.1,-0.1,-0.1,-0.05,-0.1,-0.1
632,5,0.05,0.129,0.15,0.221,0.9,0.271,0.15,0.079
633,5,0.2,0.308,0.4,0.542,1.0,0.592,0.4,0.258
634,,0.05,0.158,0.25,0.392,0.85,0.442,0.25,0.108
635,,-0.1,0.008,0.1,0.242,0.7,0.292,0.1,-0.042
636,1,0.9,0.329,0.35,0.421,0.85,0.471,0.35,0.279
637,1,1.0,0.65,0.6,0.6,1.0,0.65,0.6,0.6
638,,0.85,0.5,0.45,0.45,0.85,0.5,0.45,0.45
639,,0.7,0.35,0.3,0.3,0.7,0.35,0.3,0.3
640,,0.55,0.2,0.15,0.15,0.55,0.2,0.15,0.15
641,,0.4,0.05,0.0,0.0,0.4,0.05,0.0,0.0
642,,0.25,-0.1,-0.15,-0.15,0.25,-0.1,-0.15,-0.15
643,4,0.429,0.15,0.171,0.85,0.571,0.15,0.029,0.0
644,4,0.608,0.4,0.492,1.0,0.892,0.4,0.208,0.15
645,,0.458,0.25,0.342,0.85,0.742,0.25,0.058,0.0
646,,0.308,0.1,0.192,0.7,0.592,0.1,-0.092,-0.15
647,8,0.629,0.35,0.371,0.85,0.771,0.35,0.229,0.85
648,8,0.95,0.6,0.55,1.0,0.95,0.6,0.55,1.0
649,,0.8,0.45,0.4,0.85,0.8,0.45,0.4,0.85
650,,0.65,0.3,0.25,0.7,0.65,0.3,0.25,0.7
651,,0.5,0.15,0.1,0.55,0.5,0.15,0.1,0.55
652,,0.35,0.0,-0.05,0.4,0.35,0.0,-0.05,0.4
653,7,0.6,0.179,0.1,0.579,0.6,0.321,0.95,0.721
654,7,0.85,0.358,0.25,0.758,0.85,0.642,1.0,1.0
655,,0.7,0.208,0.1,0.608,0.7,0.492,0.85,0.85
656,,0.55,0.058,-0.05,0.458,0.55,0.342,0.7,0.7
657,3,0.8,0.379,0.95,0.779,0.8,0.521,0.85,0.879
658,3,1.0,0.7,1.0,1.0,1.0,0.7,1.0,1.0
659,,0.85,0.55,0.85,0.85,0.85,0.55,0.85,0.85
660,,0.7,0.4,0.7,0.7,0.7,0.4,0.7,0.7
661,,0.55,0.25,0.55,0.55,0.55,0.25,0.55,0.55
662,,0.4,0.1,0.4,0.4,0.4,0.1,0.4,0.4
663,,0.25,-0.05,0.25,0.25,0.25,-0.05,0.25,0.25
664,6,0.429,0.1,0.429,0.5,0.571,0.95,0.571,0.5
665,6,0.608,0.25,0.608,0.75,0.892,1.0,0.892,0.75
666,,0.458,0.1,0.458,0.6,0.742,0.85,0.742,0.6
667,,0.308,-0.05,0.308,0.45,0.592,0.7,0.592,0.45
668,2,0.629,0.95,0.629,0.7,0.771,0.85,0.771,0.7
669,2,0.95,1.0,0.95,0.95,0.95,1.0,0.95,0.95
670,,0.8,0.85,0.8,0.8,0.8,0.85,0.8,0.8
671,,0.65,0.7,0.65,0.65,0.65,0.7,0.65,0.65
672,,0.5,0.55,0.5,0.5,0.5,0.55,0.5,0.5
673,,0.35,0.4,0.35,0.35,0.35,0.4,0.35,0.35
674,,0.2,0.25,0.2,0.2,0.2,0.25,0.2,0.2
675,,0.05,0.1,0.05,0.05,0.05,0.1,0.05,0.05
676,,-0.1,-0.05,-0.1,-0.1,-0.1,-0.05,-0.1,-0.1
677,1,0.9,0.271,0.15,0.079,0.05,0.129,0.15,0.221
678,1,1.0,0.592,0.4,0.258,0.2,0.308,0.4,0.542
679,,0.85,0.442,0.25,0.108,0.05,0.158,0.25,0.392
680,,0.7,0.292,0.1,-0.042,-0.1,0.008,0.1,0.242
681,5,0.85,0.471,0.35,0.279,0.9,0.329,0.35,0.421
682,5,1.0,0.65,0.6,0.6,1.0,0.65,0.6,0.6
683,,0.85,0.5,0.45,0.45,0.85,0.5,0.45,0.45
684,,0.7,0.35,0.3,0.3,0.7,0.35,0.3,0.3
685,,0.55,0.2,0.15,0.15,0.55,0.2,0.15,0.15
686,,0.4,0.05,0.0,0.0,0.4,0.05,0.0,0.0
687,,0.25,-0.1,-0.15,-0.15,0.25,-0.1,-0.15,-0.15
688,4,0.429,0.15,0.171,0.85,0.571,0.15,0.029,0.0
689,4,0.608,0.4,0.492,1.0,0.892,0.4,0.208,0.15
690,,0.458,0.25,0.342,0.85,0.742,0.25,0.058,0.0
691,,0.308,0.1,0.192,0.7,0.592,0.1,-0.092,-0.15
692,8,0.629,0.35,0.371,0.85,0.771,0.35,0.229,0.85
693,8,0.95,0.6,0.55,1.0,0.95,0.6,0.55,1.0
694,,0.8,0.45,0.4,0.85,0.8,0.45,0.4,0.85
695,,0.65,0.3,0.25,0.7,0.65,0.3,0.25,0.7
696,,0.5,0.15,0.1,0.55,0.5,0.15,0.1,0.55
697,,0.35,0.0,-0.05,0.4,0.35,0.0,-0.05,0.4
698,7,0.6,0.179,0.1,0.579,0.6,0.321,0.95,0.721
699,7,0.85,0.358,0.25,0.758,0.85,0.642,1.0,1.0
700,,0.7,0.208,0.1,0.608,0.7,0.492,0.85,0.85
701,,0.55,0.058,-0.05,0.458,0.55,0.342,0.7,0.7
702,3,0.8,0.379,0.95,0.779,0.8,0.521,0.85,0.879
703,3,1.0,0.7,1.0,1.0,1.0,0.7,1.0,1.0
704,,0.85,0.55,0.85,0.85,0.85,0.55,0.85,0.85
705,,0.7,0.4,0.7,0.7,0.7,0.4,0.7,0.7
706,,0.55,0.25,0.55,0.55,0.55,0.25,0.55,0.55
707,,0.4,0.1,0.4,0.4,0.4,0.1,0.4,0.4
708,,0.25,-0.05,0.25,0.25,0.25,-0.05,0.25,0.25
709,2,0.571,0.95,0.571,0.5,0.429,0.1,0.429,0.5
710,2,0.892,1.0,0.892,0.75,0.608,0.25,0.608,0.75
711,,0.742,0.85,0.742,0.6,0.458,0.1,0.458,0.6
712,,0.592,0.7,0.592,0.45,0.308,-0.05,0.308,0.45
713,6,0.771,0.85,0.771,0.7,0.629,0.95,0.629,0.7
714,6,0.95,1.0,0.95,0.95,0.95,1.0,0.95,0.95
715,,0.8,0.85,0.8,0.8,0.8,0.85,0.8,0.8
716,,0.65,0.7,0.65,0.65,0.65,0.7,0.65,0.65
717,,0.5,0.55,0.5,0.5,0.5,0.55,0.5,0.5
718,,0.35,0.4,0.35,0.35,0.35,0.4,0.35,0.35
719,,0.2,0.25,0.2,0.2,0.2,0.25,0.2,0.2
720,,0.05,0.1,0.05,0.05,0.05,0.1,0.05,0.05
721,,-0.1,-0.05,-0.1,-0.1,-0.1,-0.05,-0.1,-0.1
722,4,0.079,0.2,0.221,0.9,0.221,0.2,0.079,0.05
723,4,0.258,0.45,0.542,1.0,0.542,0.45,0.258,0.2
724,,0.108,0.3,0.392,0.85,0.392,0.3,0.108,0.05
725,,-0.042,0.15,0.242,0.7,0.242,0.15,-0.042,-0.1
726,8,0.279,0.4,0.421,0.85,0.421,0.4,0.279,0.9
727,8,0.6,0.65,0.6,1.0,0.6,0.65,0.6,1.0
728,,0.45,0.5,0.45,0.85,0.45,0.5,0.45,0.85
729,,0.3,0.35,0.3,0.7,0.3,0.35,0.3,0.7
730,,0.15,0.2,0.15,0.55,0.15,0.2,0.15,0.55
731,,0.0,0.05,0.0,0.4,0.0,0.05,0.0,0.4
732,,-0.15,-0.1,-0.15,0.25,-0.15,-0.1,-0.15,0.25
733,1,0.85,0.221,0.1,0.429,0.0,0.079,0.1,0.571
734,1,1.0,0.542,0.35,0.608,0.15,0.258,0.35,0.892
735,,0.85,0.392,0.2,0.458,0.0,0.108,0.2,0.742
736,,0.7,0.242,0.05,0.308,-0.15,-0.042,0.05,0.592
737,5,0.85,0.421,0.3,0.629,0.85,0.279,0.3,0.771
738,5,1.0,0.6,0.55,0.95,1.0,0.6,0.55,0.95
739,,0.85,0.45,0.4,0.8,0.85,0.45,0.4,0.8
740,,0.7,0.3,0.25,0.65,0.7,0.3,0.25,0.65
741,,0.55,0.15,0.1,0.5,0.55,0.15,0.1,0.5
742,,0.4,0.0,-0.05,0.35,0.4,0.0,-0.05,0.35
743,7,0.65,0.179,0.1,0.529,0.65,0.321,0.95,0.671
744,7,0.9,0.358,0.25,0.708,0.9,0.642,1.0,0.992
745,,0.75,0.208,0.1,0.558,0.75,0.492,0.85,0.842
746,,0.6,0.058,-0.05,0.408,0.6,0.342,0.7,0.692
747,3,0.85,0.379,0.95,0.729,0.85,0.521,0.85,0.871
748,3,1.0,0.7,1.0,1.0,1.0,0.7,1.0,1.0
749,,0.85,0.55,0.85,0.85,0.85,0.55,0.85,0.85
750,,0.7,0.4,0.7,0.7,0.7,0.4,0.7,0.7
751,,0.55,0.25,0.55,0.55,0.55,0.25,0.55,0.55
752,,0.4,0.1,0.4,0.4,0.4,0.1,0.4,0.4
753,,0.25,-0.05,0.25,0.25,0.25,-0.05,0.25,0.25
754,2,0.571,0.95,0.571,0.5,0.429,0.1,0.429,0.5
755,2,0.892,1.0,0.892,0.75,0.608,0.25,0.608,0.75
756,,0.742,0.85,0.742,0.6,0.458,0.1,0.458,0.6
757,,0.592,0.7,0.592,0.45,0.308,-0.05,0.308,0.45
758,6,0.771,0.85,0.771,0.7,0.629,0.95,0.629,0.7
759,6,0.95,1.0,0.95,0.95,0.95,1.0,0.95,0.95
760,,0.8,0.85,0.8,0.8,0.8,0.85,0.8,0.8
761,,0.65,0.7,0.65,0.65,0.65,0.7,0.65,0.65
762,,0.5,0.55,0.5,0.5,0.5,0.55,0.5,0.5
763,,0.35,0.4,0.35,0.35,0.35,0.4,0.35,0.35
764,,0.2,0.25,0.2,0.2,0.2,0.25,0.2,0.2
765,,0.05,0.1,0.05,0.05,0.05,0.1,0.05,0.05
766,,-0.1,-0.05,-0.1,-0.1,-0.1,-0.05,-0.1,-0.1
767,1,0.9,0.271,0.15,0.079,0.05,0.129,0.15,0.221
768,1,1.0,0.592,0.4,0.258,0.2,0.308,0.4,0.542
769,,0.85,0.442,0.25,0.108,0.05,0.158,0.25,0.392
770,,0.7,0.292,0.1,-0.042,-0.1,0.008,0.1,0.242
771,5,0.85,0.471,0.35,0.279,0.9,0.329,0.35,0.421
772,5,1.0,0.65,0.6,0.6,1.0,0.65,0.6,0.6
773,,0.85,0.5,0.45,0.45,0.85,0.5,0.45,0.45
774,,0.7,0.35,0.3,0.3,0.7,0.35,0.3,0.3
775,,0.55,0.2,0.15,0.15,0.55,0.2,0.15,0.15
776,,0.4,0.05,0.0,0.0,0.4,0.05,0.0,0.0
777,,0.25,-0.1,-0.15,-0.15,0.25,-0.1,-0.15,-0.15
778,4,0.429,0.15,0.171,0.85,0.571,0.15,0.029,0.0
779,4,0.608,0.4,0.492,1.0,0.892,0.4,0.208,0.15
780,,0.458,0.25,0.342,0.85,0.742,0.25,0.058,0.0
781,,0.308,0.1,0.192,0.7,0.592,0.1,-0.092,-0.15
782,8,0.629,0.35,0.371,0.85,0.771,0.35,0.229,0.85
783,8,0.95,0.6,0.55,1.0,0.95,0.6,0.55,1.0
784,,0.8,0.45,0.4,0.85,0.8,0.45,0.4,0.85
785,,0.65,0.3,0.25,0.7,0.65,0.3,0.25,0.7
786,,0.5,0.15,0.1,0.55,0.5,0.15,0.1,0.55
787,,0.35,0.0,-0.05,0.4,0.35,0.0,-0.05,0.4
788,3,0.6,0.321,0.95,0.721,0.6,0.179,0.1,0.579
789,3,0.85,0.642,1.0,1.0,0.85,0.358,0.25,0.758
790,,0.7,0.492,0.85,0.85,0.7,0.208,0.1,0.608
791,,0.55,0.342,0.7,0.7,0.55,0.058,-0.05,0.458
792,7,0.8,0.521,0.85,0.879,0.8,0.379,0.95,0.779
793,7,1.0,0.7,1.0,1.0,1.0,0.7,1.0,1.0
794,,0.85,0.55,0.85,0.85,0.85,0.55,0.85,0.85
795,,0.7,0.4,0.7,0.7,0.7,0.4,0.7,0.7
796,,0.55,0.25,0.55,0.55,0.55,0.25,0.55,0.55
797,,0.4,0.1,0.4,0.4,0.4,0.1,0.4,0.4
798,,0.25,-0.05,0.25,0.25,0.25,-0.05,0.25,0.25
799,6,0.429,0.1,0.429,0.5,0.571,0.95,0.571,0.5
800,6,0.608,0.25,0.608,0.75,0.892,1.0,0.892,0.75
801,,0.458,0.1,0.458,0.6,0.742,0.85,0.742,0.6
802,,0.308,-0.05,0.308,0.45,0.592,0.7,0.592,0.45
803,2,0.629,0.95,0.629,0.7,0.771,0.85,0.771,0.7
804,2,0.95,1.0,0.95,0.95,0.95,1.0,0.95,0.95
805,,0.8,0.85,0.8,0.8,0.8,0.85,0.8,0.8
806,,0.65,0.7,0.65,0.65,0.65,0.7,0.65,0.65
807,,0.5,0.55,0.5,0.5,0.5,0.55,0.5,0.5
808,,0.35,0.4,0.35,0.35,0.35,0.4,0.35,0.35
809,,0.2,0.25,0.2,0.2,0.2,0.25,0.2,0.2
810,,0.05,0.1,0.05,0.05,0.05,0.1,0.05,0.05
811,,-0.1,-0.05,-0.1,-0.1,-0.1,-0.05,-0.1,-0.1
812,8,0.221,0.2,0.079,0.05,0.079,0.2,0.221,0.9
813,8,0.542,0.45,0.258,0.2,0.258,0.45,0.542,1.0
814,,0.392,0.3,0.108,0.05,0.108,0.3,0.392,0.85
815,,0.242,0.15,-0.042,-0.1,-0.042,0.15,0.242,0.7
816,4,0.421,0.4,0.279,0.9,0.279,0.4,0.421,0.85
817,4,0.6,0.65,0.6,1.0,0.6,0.65,0.6,1.0
818,,0.45,0.5,0.45,0.85,0.45,0.5,0.45,0.85
819,,0.3,0.35,0.3,0.7,0.3,0.35,0.3,0.7
820,,0.15,0.2,0.15,0.55,0.15,0.2,0.15,0.55
821,,0.0,0.05,0.0,0.4,0.0,0.05,0.0,0.4
822,,-0.15,-0.1,-0.15,0.25,-0.15,-0.1,-0.15,0.25
823,5,0.0,0.079,0.1,0.571,0.85,0.221,0.1,0.429
824,5,0.15,0.258,0.35,0.892,1.0,0.542,0.35,0.608
825,,0.0,0.108,0.2,0.742,0.85,0.392,0.2,0.458
826,,-0.15,-0.042,0.05,0.592,0.7,0.242,0.05,0.308
827,1,0.85,0.279,0.3,0.771,0.85,0.421,0.3,0.629
828,1,1.0,0.6,0.55,0.95,1.0,0.6,0.55,0.95
829,,0.85,0.45,0.4,0.8,0.85,0.45,0.4,0.8
830,,0.7,0.3,0.25,0.65,0.7,0.3,0.25,0.65
831,,0.55,0.15,0.1,0.5,0.55,0.15,0.1,0.5
832,,0.4,0.0,-0.05,0.35,0.4,0.0,-0.05,0.35
833,3,0.65,0.321,0.95,0.671,0.65,0.179,0.1,0.529
834,3,0.9,0.642,1.0,0.992,0.9,0.358,0.25,0.708
835,,0.75,0.492,0.85,0.842,0.75,0.208,0.1,0.558
836,,0.6,0.342,0.7,0.692,0.6,0.058,-0.05,0.408
837,7,0.85,0.521,0.85,0.871,0.85,0.379,0.95,0.729
838,7,1.0,0.7,1.0,1.0,1.0,0.7,1.0,1.0
839,,0.85,0.55,0.85,0.85,0.85,0.55,0.85,0.85
840,,0.7,0.4,0.7,0.7,0.7,0.4,0.7,0.7
841,,0.55,0.25,0.55,0.55,0.55,0.25,0.55,0.55
842,,0.4,0.1,0.4,0.4,0.4,0.1,0.4,0.4
843,,0.25,-0.05,0.25,0.25,0.25,-0.05,0.25,0.25
844,6,0.429,0.1,0.429,0.5,0.571,0.95,0.571,0.5
845,6,0.608,0.25,0.608,0.75,0.892,1.0,0.892,0.75
846,,0.458,0.1,0.458,0.6,0.742,0.85,0.742,0.6
847,,0.308,-0.05,0.308,0.45,0.592,0.7,0.592,0.45
848,2,0.629,0.95,0.629,0.7,0.771,0.85,0.771,0.7
849,2,0.95,1.0,0.95,0.95,0.95,1.0,0.95,0.95
850,,0.8,0.85,0.8,0.8,0.8,0.85,0.8,0.8
851,,0.65,0.7,0.65,0.65,0.65,0.7,0.65,0.65
852,,0.5,0.55,0.5,0.5,0.5,0.55,0.5,0.5
853,,0.35,0.4,0.35,0.35,0.35,0.4,0.35,0.35
854,,0.2,0.25,0.2,0.2,0.2,0.25,0.2,0.2
855,,0.05,0.1,0.05,0.05,0.05,0.1,0.05,0.05
856,,-0.1,-0.05,-0.1,-0.1,-0.1,-0.05,-0.1,-0.1
857,7,0.15,0.129,0.05,0.079,0.15,0.271,0.9,0.221
858,7,0.4,0.308,0.2,0.258,0.4,0.592,1.0,0.542
859,,0.25,0.158,0.05,0.108,0.25,0.442,0.85,0.392
860,,0.1,0.008,-0.1,-0.042,0.1,0.292,0.7,0.242
861,3,0.35,0.329,0.9,0.279,0.35,0.471,0.85,0.421
862,3,0.6,0.65,1.0,0.6,0.6,0.65,1.0,0.6
863,,0.45,0.5,0.85,0.45,0.45,0.5,0.85,0.45
864,,0.3,0.35,0.7,0.3,0.3,0.35,0.7,0.3
865,,0.15,0.2,0.55,0.15,0.15,0.2,0.55,0.15
866,,0.0,0.05,0.4,0.0,0.0,0.05,0.4,0.0
867,,-0.15,-0.1,0.25,-0.15,-0.15,-0.1,0.25,-0.15
868,1,0.85,0.221,0.5,0.029,0.0,0.079,0.5,0.171
869,1,1.0,0.542,0.75,0.208,0.15,0.258,0.75,0.492
870,,0.85,0.392,0.6,0.058,0.0,0.108,0.6,0.342
871,,0.7,0.242,0.45,-0.092,-0.15,-0.042,0.45,0.192
872,5,0.85,0.421,0.7,0.229,0.85,0.279,0.7,0.371
873,5,1.0,0.6,0.95,0.55,1.0,0.6,0.95,0.55
874,,0.85,0.45,0.8,0.4,0.85,0.45,0.8,0.4
875,,0.7,0.3,0.65,0.25,0.7,0.3,0.65,0.25
876,,0.55,0.15,0.5,0.1,0.55,0.15,0.5,0.1
877,,0.4,0.0,0.35,-0.05,0.4,0.0,0.35,-0.05
878,8,0.721,0.25,0.529,0.1,0.579,0.25,0.671,0.95
879,8,1.0,0.5,0.708,0.25,0.758,0.5,0.992,1.0
880,,0.85,0.35,0.558,0.1,0.608,0.35,0.842,0.85
881,,0.7,0.2,0.408,-0.05,0.458,0.2,0.692,0.7
882,4,0.879,0.45,0.729,0.95,0.779,0.45,0.871,0.85
883,4,1.0,0.7,1.0,1.0,1.0,0.7,1.0,1.0
884,,0.85,0.55,0.85,0.85,0.85,0.55,0.85,0.85
885,,0.7,0.4,0.7,0.7,0.7,0.4,0.7,0.7
886,,0.55,0.25,0.55,0.55,0.55,0.25,0.55,0.55
