step,active_motive,motive_1,motive_2,motive_3,motive_4,motive_5,motive_6,motive_7,motive_8
0,,0.06298,0.02163,0.05183,0.05973,0.0525,0.02602,0.05152,0.04912
1,,-0.08702,-0.12837,-0.09817,-0.09027,-0.0975,-0.12398,-0.09848,-0.10088
2,2,0.23398,0.87163,0.22283,0.15973,0.0815,0.02602,0.08052,0.14912
3,2,0.55498,1.0,0.54383,0.40973,0.2605,0.17602,0.25952,0.39912
4,,0.40498,0.85,0.39383,0.25973,0.1105,0.02602,0.10952,0.24912
5,,0.25498,0.7,0.24383,0.10973,-0.0395,-0.12398,-0.04048,0.09912
6,6,0.43398,0.85,0.42283,0.35973,0.2815,0.87602,0.28052,0.34912
7,6,0.61298,1.0,0.60183,0.60973,0.6025,1.0,0.60152,0.59912
8,,0.46298,0.85,0.45183,0.45973,0.4525,0.85,0.45152,0.44912
9,,0.31298,0.7,0.30183,0.30973,0.3025,0.7,0.30152,0.29912
10,,0.16298,0.55,0.15183,0.15973,0.1525,0.55,0.15152,0.14912
11,,0.01298,0.4,0.00183,0.00973,0.0025,0.4,0.00152,-0.00088
12,8,0.33398,0.65,0.18083,0.15973,0.1815,0.65,0.32252,0.99912
13,8,0.65498,0.9,0.35983,0.30973,0.3605,0.9,0.64352,1.0
14,,0.50498,0.75,0.20983,0.15973,0.2105,0.75,0.49352,0.85
15,,0.35498,0.6,0.05983,0.00973,0.0605,0.6,0.34352,0.7
16,,0.20498,0.45,-0.09017,-0.14027,-0.0895,0.45,0.19352,0.55
17,4,0.38398,0.7,0.23083,0.85973,0.2315,0.7,0.37252,0.7
18,4,0.56298,0.95,0.55183,1.0,0.5525,0.95,0.55152,0.85
19,,0.41298,0.8,0.40183,0.85,0.4025,0.8,0.40152,0.7
20,,0.26298,0.65,0.25183,0.7,0.2525,0.65,0.25152,0.55
21,,0.11298,0.5,0.10183,0.55,0.1025,0.5,0.10152,0.4
22,,-0.03702,0.35,-0.04817,0.4,-0.0475,0.35,-0.04848,0.25
23,7,0.21298,0.529,0.10183,0.579,0.2025,0.671,0.95152,0.571
24,7,0.46298,0.708,0.25183,0.758,0.4525,0.992,1.0,0.892
25,,0.31298,0.558,0.10183,0.608,0.3025,0.842,0.85,0.742
26,,0.16298,0.408,-0.04817,0.458,0.1525,0.692,0.7,0.592
27,3,0.41298,0.729,0.95183,0.779,0.4025,0.871,0.85,0.771
28,3,0.66298,1.0,1.0,1.0,0.6525,1.0,1.0,0.95
29,,0.51298,0.85,0.85,0.85,0.5025,0.85,0.85,0.8
30,,0.36298,0.7,0.7,0.7,0.3525,0.7,0.7,0.65
31,,0.21298,0.55,0.55,0.55,0.2025,0.55,0.55,0.5
32,,0.06298,0.4,0.4,0.4,0.0525,0.4,0.4,0.35
33,,-0.08702,0.25,0.25,0.25,-0.0975,0.25,0.25,0.2
34,5,0.06298,0.429,0.5,0.571,0.9025,0.571,0.5,0.379
35,5,0.21298,0.608,0.75,0.892,1.0,0.892,0.75,0.558
36,,0.06298,0.458,0.6,0.742,0.85,0.742,0.6,0.408
37,,-0.08702,0.308,0.45,0.592,0.7,0.592,0.45,0.258
38,1,0.91298,0.629,0.7,0.771,0.85,0.771,0.7,0.579
39,1,1.0,0.95,0.95,0.95,1.0,0.95,0.95,0.9
40,,0.85,0.8,0.8,0.8,0.85,0.8,0.8,0.75
41,,0.7,0.65,0.65,0.65,0.7,0.65,0.65,0.6
42,,0.55,0.5,0.5,0.5,0.55,0.5,0.5,0.45
43,,0.4,0.35,0.35,0.35,0.4,0.35,0.35,0.3
44,,0.25,0.2,0.2,0.2,0.25,0.2,0.2,0.15
45,,0.1,0.05,0.05,0.05,0.1,0.05,0.05,0.0
46,,-0.05,-0.1,-0.1,-0.1,-0.05,-0.1,-0.1,-0.15
47,8,0.271,0.15,0.079,0.05,0.129,0.15,0.221,0.85
48,8,0.592,0.4,0.258,0.2,0.308,0.4,0.542,1.0
49,,0.442,0.25,0.108,0.05,0.158,0.25,0.392,0.85
50,,0.292,0.1,-0.042,-0.1,0.008,0.1,0.242,0.7
51,4,0.471,0.35,0.279,0.9,0.329,0.35,0.421,0.85
52,4,0.65,0.6,0.6,1.0,0.65,0.6,0.6,1.0
53,,0.5,0.45,0.45,0.85,0.5,0.45,0.45,0.85
54,,0.35,0.3,0.3,0.7,0.35,0.3,0.3,0.7
55,,0.2,0.15,0.15,0.55,0.2,0.15,0.15,0.55
56,,0.05,0.0,0.0,0.4,0.05,0.0,0.0,0.4
57,,-0.1,-0.15,-0.15,0.25,-0.1,-0.15,-0.15,0.25
58,2,0.221,0.85,0.171,0.5,0.079,0.0,0.029,0.5
59,2,0.542,1.0,0.492,0.75,0.258,0.15,0.208,0.75
60,,0.392,0.85,0.342,0.6,0.108,0.0,0.058,0.6
61,,0.242,0.7,0.192,0.45,-0.042,-0.15,-0.092,0.45
62,6,0.421,0.85,0.371,0.7,0.279,0.85,0.229,0.7
63,6,0.6,1.0,0.55,0.95,0.6,1.0,0.55,0.95
64,,0.45,0.85,0.4,0.8,0.45,0.85,0.4,0.8
65,,0.3,0.7,0.25,0.65,0.3,0.7,0.25,0.65
66,,0.15,0.55,0.1,0.5,0.15,0.55,0.1,0.5
67,,0.0,0.4,-0.05,0.35,0.0,0.4,-0.05,0.35
68,7,0.25,0.579,0.1,0.529,0.25,0.721,0.95,0.671
69,7,0.5,0.758,0.25,0.708,0.5,1.0,1.0,0.992
70,,0.35,0.608,0.1,0.558,0.35,0.85,0.85,0.842
71,,0.2,0.458,-0.05,0.408,0.2,0.7,0.7,0.692
72,3,0.45,0.779,0.95,0.729,0.45,0.879,0.85,0.871
73,3,0.7,1.0,1.0,1.0,0.7,1.0,1.0,1.0
74,,0.55,0.85,0.85,0.85,0.55,0.85,0.85,0.85
75,,0.4,0.7,0.7,0.7,0.4,0.7,0.7,0.7
76,,0.25,0.55,0.55,0.55,0.25,0.55,0.55,0.55
77,,0.1,0.4,0.4,0.4,0.1,0.4,0.4,0.4
78,,-0.05,0.25,0.25,0.25,-0.05,0.25,0.25,0.25
79,1,0.95,0.571,0.5,0.429,0.1,0.429,0.5,0.571
80,1,1.0,0.892,0.75,0.608,0.25,0.608,0.75,0.892
81,,0.85,0.742,0.6,0.458,0.1,0.458,0.6,0.742
82,,0.7,0.592,0.45,0.308,-0.05,0.308,0.45,0.592
83,5,0.85,0.771,0.7,0.629,0.95,0.629,0.7,0.771
84,5,1.0,0.95,0.95,0.95,1.0,0.95,0.95,0.95
85,,0.85,0.8,0.8,0.8,0.85,0.8,0.8,0.8
86,,0.7,0.65,0.65,0.65,0.7,0.65,0.65,0.65
87,,0.55,0.5,0.5,0.5,0.55,0.5,0.5,0.5
88,,0.4,0.35,0.35,0.35,0.4,0.35,0.35,0.35
89,,0.25,0.2,0.2,0.2,0.25,0.2,0.2,0.2
90,,0.1,0.05,0.05,0.05,0.1,0.05,0.05,0.05
91,,-0.05,-0.1,-0.1,-0.1,-0.05,-0.1,-0.1,-0.1
92,4,0.129,0.15,0.221,0.9,0.271,0.15,0.079,0.05
93,4,0.308,0.4,0.542,1.0,0.592,0.4,0.258,0.2
94,,0.158,0.25,0.392,0.85,0.442,0.25,0.108,0.05
95,,0.008,0.1,0.242,0.7,0.292,0.1,-0.042,-0.1
96,8,0.329,0.35,0.421,0.85,0.471,0.35,0.279,0.9
97,8,0.65,0.6,0.6,1.0,0.65,0.6,0.6,1.0
98,,0.5,0.45,0.45,0.85,0.5,0.45,0.45,0.85
99,,0.35,0.3,0.3,0.7,0.35,0.3,0.3,0.7
100,,0.2,0.15,0.15,0.55,0.2,0.15,0.15,0.55
101,,0.05,0.0,0.0,0.4,0.05,0.0,0.0,0.4
102,,-0.1,-0.15,-0.15,0.25,-0.1,-0.15,-0.15,0.25
103,3,0.15,0.171,0.85,0.571,0.15,0.029,0.0,0.429
104,3,0.4,0.492,1.0,0.892,0.4,0.208,0.15,0.608
105,,0.25,0.342,0.85,0.742,0.25,0.058,0.0,0.458
106,,0.1,0.192,0.7,0.592,0.1,-0.092,-0.15,0.308
107,7,0.35,0.371,0.85,0.771,0.35,0.229,0.85,0.629
108,7,0.6,0.55,1.0,0.95,0.6,0.55,1.0,0.95
109,,0.45,0.4,0.85,0.8,0.45,0.4,0.85,0.8
110,,0.3,0.25,0.7,0.65,0.3,0.25,0.7,0.65
111,,0.15,0.1,0.55,0.5,0.15,0.1,0.55,0.5
112,,0.0,-0.05,0.4,0.35,0.0,-0.05,0.4,0.35
113,2,0.321,0.95,0.721,0.6,0.179,0.1,0.579,0.6
114,2,0.642,1.0,1.0,0.85,0.358,0.25,0.758,0.85
115,,0.492,0.85,0.85,0.7,0.208,0.1,0.608,0.7
116,,0.342,0.7,0.7,0.55,0.058,-0.05,0.458,0.55
117,6,0.521,0.85,0.879,0.8,0.379,0.95,0.779,0.8
118,6,0.7,1.0,1.0,1.0,0.7,1.0,1.0,1.0
119,,0.55,0.85,0.85,0.85,0.55,0.85,0.85,0.85
120,,0.4,0.7,0.7,0.7,0.4,0.7,0.7,0.7
121,,0.25,0.55,0.55,0.55,0.25,0.55,0.55,0.55
122,,0.1,0.4,0.4,0.4,0.1,0.4,0.4,0.4
123,,-0.05,0.25,0.25,0.25,-0.05,0.25,0.25,0.25
124,5,0.1,0.429,0.5,0.571,0.95,0.571,0.5,0.429
125,5,0.25,0.608,0.75,0.892,1.0,0.892,0.75,0.608
126,,0.1,0.458,0.6,0.742,0.85,0.742,0.6,0.458
127,,-0.05,0.308,0.45,0.592,0.7,0.592,0.45,0.308
128,1,0.95,0.629,0.7,0.771,0.85,0.771,0.7,0.629
129,1,1.0,0.95,0.95,0.95,1.0,0.95,0.95,0.95
130,,0.85,0.8,0.8,0.8,0.85,0.8,0.8,0.8
131,,0.7,0.65,0.65,0.65,0.7,0.65,0.65,0.65
132,,0.55,0.5,0.5,0.5,0.55,0.5,0.5,0.5
133,,0.4,0.35,0.35,0.35,0.4,0.35,0.35,0.35
134,,0.25,0.2,0.2,0.2,0.25,0.2,0.2,0.2
135,,0.1,0.05,0.05,0.05,0.1,0.05,0.05,0.05
136,,-0.05,-0.1,-0.1,-0.1,-0.05,-0.1,-0.1,-0.1
137,7,0.2,0.079,0.05,0.079,0.2,0.221,0.9,0.221
138,7,0.45,0.258,0.2,0.258,0.45,0.542,1.0,0.542
139,,0.3,0.108,0.05,0.108,0.3,0.392,0.85,0.392
140,,0.15,-0.042,-0.1,-0.042,0.15,0.242,0.7,0.242
141,3,0.4,0.279,0.9,0.279,0.4,0.421,0.85,0.421
142,3,0.65,0.6,1.0,0.6,0.65,0.6,1.0,0.6
143,,0.5,0.45,0.85,0.45,0.5,0.45,0.85,0.45
144,,0.35,0.3,0.7,0.3,0.35,0.3,0.7,0.3
145,,0.2,0.15,0.55,0.15,0.2,0.15,0.55,0.15
146,,0.05,0.0,0.4,0.0,0.05,0.0,0.4,0.0
147,,-0.1,-0.15,0.25,-0.15,-0.1,-0.15,0.25,-0.15
148,6,0.079,0.0,0.429,0.1,0.221,0.85,0.571,0.1
149,6,0.258,0.15,0.608,0.35,0.542,1.0,0.892,0.35
150,,0.108,0.0,0.458,0.2,0.392,0.85,0.742,0.2
151,,-0.042,-0.15,0.308,0.05,0.242,0.7,0.592,0.05
152,2,0.279,0.85,0.629,0.3,0.421,0.85,0.771,0.3
153,2,0.6,1.0,0.95,0.55,0.6,1.0,0.95,0.55
154,,0.45,0.85,0.8,0.4,0.45,0.85,0.8,0.4
155,,0.3,0.7,0.65,0.25,0.3,0.7,0.65,0.25
156,,0.15,0.55,0.5,0.1,0.15,0.55,0.5,0.1
157,,0.0,0.4,0.35,-0.05,0.0,0.4,0.35,-0.05
158,4,0.179,0.65,0.671,0.95,0.321,0.65,0.529,0.1
159,4,0.358,0.9,0.992,1.0,0.642,0.9,0.708,0.25
160,,0.208,0.75,0.842,0.85,0.492,0.75,0.558,0.1
161,,0.058,0.6,0.692,0.7,0.342,0.6,0.408,-0.05
162,8,0.379,0.85,0.871,0.85,0.521,0.85,0.729,0.95
163,8,0.7,1.0,1.0,1.0,0.7,1.0,1.0,1.0
164,,0.55,0.85,0.85,0.85,0.55,0.85,0.85,0.85
165,,0.4,0.7,0.7,0.7,0.4,0.7,0.7,0.7
166,,0.25,0.55,0.55,0.55,0.25,0.55,0.55,0.55
167,,0.1,0.4,0.4,0.4,0.1,0.4,0.4,0.4
168,,-0.05,0.25,0.25,0.25,-0.05,0.25,0.25,0.25
169,1,0.95,0.571,0.5,0.429,0.1,0.429,0.5,0.571
170,1,1.0,0.892,0.75,0.608,0.25,0.608,0.75,0.892
171,,0.85,0.742,0.6,0.458,0.1,0.458,0.6,0.742
172,,0.7,0.592,0.45,0.308,-0.05,0.308,0.45,0.592
173,5,0.85,0.771,0.7,0.629,0.95,0.629,0.7,0.771
174,5,1.0,0.95,0.95,0.95,1.0,0.95,0.95,0.95
175,,0.85,0.8,0.8,0.8,0.85,0.8,0.8,0.8
176,,0.7,0.65,0.65,0.65,0.7,0.65,0.65,0.65
177,,0.55,0.5,0.5,0.5,0.55,0.5,0.5,0.5
178,,0.4,0.35,0.35,0.35,0.4,0.35,0.35,0.35
179,,0.25,0.2,0.2,0.2,0.25,0.2,0.2,0.2
180,,0.1,0.05,0.05,0.05,0.1,0.05,0.05,0.05
181,,-0.05,-0.1,-0.1,-0.1,-0.05,-0.1,-0.1,-0.1
182,6,0.129,0.05,0.079,0.15,0.271,0.9,0.221,0.15
183,6,0.308,0.2,0.258,0.4,0.592,1.0,0.542,0.4
184,,0.158,0.05,0.108,0.25,0.442,0.85,0.392,0.25
185,,0.008,-0.1,-0.042,0.1,0.292,0.7,0.242,0.1
186,2,0.329,0.9,0.279,0.35,0.471,0.85,0.421,0.35
187,2,0.65,1.0,0.6,0.6,0.65,1.0,0.6,0.6
188,,0.5,0.85,0.45,0.45,0.5,0.85,0.45,0.45
189,,0.35,0.7,0.3,0.3,0.35,0.7,0.3,0.3
190,,0.2,0.55,0.15,0.15,0.2,0.55,0.15,0.15
191,,0.05,0.4,0.0,0.0,0.05,0.4,0.0,0.0
192,,-0.1,0.25,-0.15,-0.15,-0.1,0.25,-0.15,-0.15
193,4,0.079,0.5,0.171,0.85,0.221,0.5,0.029,0.0
194,4,0.258,0.75,0.492,1.0,0.542,0.75,0.208,0.15
195,,0.108,0.6,0.342,0.85,0.392,0.6,0.058,0.0
196,,-0.042,0.45,0.192,0.7,0.242,0.45,-0.092,-0.15
197,8,0.279,0.7,0.371,0.85,0.421,0.7,0.229,0.85
198,8,0.6,0.95,0.55,1.0,0.6,0.95,0.55,1.0
199,,0.45,0.8,0.4,0.85,0.45,0.8,0.4,0.85
200,,0.3,0.65,0.25,0.7,0.3,0.65,0.25,0.7
201,,0.15,0.5,0.1,0.55,0.15,0.5,0.1,0.55
202,,0.0,0.35,-0.05,0.4,0.0,0.35,-0.05,0.4
203,3,0.25,0.671,0.95,0.721,0.25,0.529,0.1,0.579
204,3,0.5,0.992,1.0,1.0,0.5,0.708,0.25,0.758
205,,0.35,0.842,0.85,0.85,0.35,0.558,0.1,0.608
206,,0.2,0.692,0.7,0.7,0.2,0.408,-0.05,0.458
207,7,0.45,0.871,0.85,0.879,0.45,0.729,0.95,0.779
208,7,0.7,1.0,1.0,1.0,0.7,1.0,1.0,1.0
209,,0.55,0.85,0.85,0.85,0.55,0.85,0.85,0.85
210,,0.4,0.7,0.7,0.7,0.4,0.7,0.7,0.7
211,,0.25,0.55,0.55,0.55,0.25,0.55,0.55,0.55
212,,0.1,0.4,0.4,0.4,0.1,0.4,0.4,0.4
213,,-0.05,0.25,0.25,0.25,-0.05,0.25,0.25,0.25
214,5,0.1,0.429,0.5,0.571,0.95,0.571,0.5,0.429
215,5,0.25,0.608,0.75,0.892,1.0,0.892,0.75,0.608
216,,0.1,0.458,0.6,0.742,0.85,0.742,0.6,0.458
217,,-0.05,0.308,0.45,0.592,0.7,0.592,0.45,0.308
218,1,0.95,0.629,0.7,0.771,0.85,0.771,0.7,0.629
219,1,1.0,0.95,0.95,0.95,1.0,0.95,0.95,0.95
220,,0.85,0.8,0.8,0.8,0.85,0.8,0.8,0.8
221,,0.7,0.65,0.65,0.65,0.7,0.65,0.65,0.65
222,,0.55,0.5,0.5,0.5,0.55,0.5,0.5,0.5
223,,0.4,0.35,0.35,0.35,0.4,0.35,0.35,0.35
224,,0.25,0.2,0.2,0.2,0.25,0.2,0.2,0.2
225,,0.1,0.05,0.05,0.05,0.1,0.05,0.05,0.05
226,,-0.05,-0.1,-0.1,-0.1,-0.05,-0.1,-0.1,-0.1
227,4,0.129,0.15,0.221,0.9,0.271,0.15,0.079,0.05
228,4,0.308,0.4,0.542,1.0,0.592,0.4,0.258,0.2
229,,0.158,0.25,0.392,0.85,0.442,0.25,0.108,0.05
230,,0.008,0.1,0.242,0.7,0.292,0.1,-0.042,-0.1
231,8,0.329,0.35,0.421,0.85,0.471,0.35,0.279,0.9
232,8,0.65,0.6,0.6,1.0,0.65,0.6,0.6,1.0
233,,0.5,0.45,0.45,0.85,0.5,0.45,0.45,0.85
234,,0.35,0.3,0.3,0.7,0.35,0.3,0.3,0.7
235,,0.2,0.15,0.15,0.55,0.2,0.15,0.15,0.55
236,,0.05,0.0,0.0,0.4,0.05,0.0,0.0,0.4
237,,-0.1,-0.15,-0.15,0.25,-0.1,-0.15,-0.15,0.25
238,2,0.221,0.85,0.171,0.5,0.079,0.0,0.029,0.5
239,2,0.542,1.0,0.492,0.75,0.258,0.15,0.208,0.75
240,,0.392,0.85,0.342,0.6,0.108,0.0,0.058,0.6
241,,0.242,0.7,0.192,0.45,-0.042,-0.15,-0.092,0.45
242,6,0.421,0.85,0.371,0.7,0.279,0.85,0.229,0.7
243,6,0.6,1.0,0.55,0.95,0.6,1.0,0.55,0.95
244,,0.45,0.85,0.4,0.8,0.45,0.85,0.4,0.8
245,,0.3,0.7,0.25,0.65,0.3,0.7,0.25,0.65
246,,0.15,0.55,0.1,0.5,0.15,0.55,0.1,0.5
247,,0.0,0.4,-0.05,0.35,0.0,0.4,-0.05,0.35
248,7,0.25,0.579,0.1,0.529,0.25,0.721,0.95,0.671
249,7,0.5,0.758,0.25,0.708,0.5,1.0,1.0,0.992
250,,0.35,0.608,0.1,0.558,0.35,0.85,0.85,0.842
251,,0.2,0.458,-0.05,0.408,0.2,0.7,0.7,0.692
252,3,0.45,0.779,0.95,0.729,0.45,0.879,0.85,0.871
253,3,0.7,1.0,1.0,1.0,0.7,1.0,1.0,1.0
254,,0.55,0.85,0.85,0.85,0.55,0.85,0.85,0.85
255,,0.4,0.7,0.7,0.7,0.4,0.7,0.7,0.7
256,,0.25,0.55,0.55,0.55,0.25,0.55,0.55,0.55
257,,0.1,0.4,0.4,0.4,0.1,0.4,0.4,0.4
258,,-0.05,0.25,0.25,0.25,-0.05,0.25,0.25,0.25
259,1,0.95,0.571,0.5,0.429,0.1,0.429,0.5,0.571
260,1,1.0,0.892,0.75,0.608,0.25,0.608,0.75,0.892
261,,0.85,0.742,0.6,0.458,0.1,0.458,0.6,0.742
262,,0.7,0.592,0.45,0.308,-0.05,0.308,0.45,0.592
263,5,0.85,0.771,0.7,0.629,0.95,0.629,0.7,0.771
264,5,1.0,0.95,0.95,0.95,1.0,0.95,0.95,0.95
265,,0.85,0.8,0.8,0.8,0.85,0.8,0.8,0.8
266,,0.7,0.65,0.65,0.65,0.7,0.65,0.65,0.65
267,,0.55,0.5,0.5,0.5,0.55,0.5,0.5,0.5
268,,0.4,0.35,0.35,0.35,0.4,0.35,0.35,0.35
269,,0.25,0.2,0.2,0.2,0.25,0.2,0.2,0.2
270,,0.1,0.05,0.05,0.05,0.1,0.05,0.05,0.05
271,,-0.05,-0.1,-0.1,-0.1,-0.05,-0.1,-0.1,-0.1
272,4,0.129,0.15,0.221,0.9,0.271,0.15,0.079,0.05
273,4,0.308,0.4,0.542,1.0,0.592,0.4,0.258,0.2
274,,0.158,0.25,0.392,0.85,0.442,0.25,0.108,0.05
275,,0.008,0.1,0.242,0.7,0.292,0.1,-0.042,-0.1
276,8,0.329,0.35,0.421,0.85,0.471,0.35,0.279,0.9
277,8,0.65,0.6,0.6,1.0,0.65,0.6,0.6,1.0
278,,0.5,0.45,0.45,0.85,0.5,0.45,0.45,0.85
279,,0.35,0.3,0.3,0.7,0.35,0.3,0.3,0.7
280,,0.2,0.15,0.15,0.55,0.2,0.15,0.15,0.55
281,,0.05,0.0,0.0,0.4,0.05,0.0,0.0,0.4
282,,-0.1,-0.15,-0.15,0.25,-0.1,-0.15,-0.15,0.25
283,7,0.15,0.029,0.0,0.429,0.15,0.171,0.85,0.571
284,7,0.4,0.208,0.15,0.608,0.4,0.492,1.0,0.892
285,,0.25,0.058,0.0,0.458,0.25,0.342,0.85,0.742
286,,0.1,-0.092,-0.15,0.308,0.1,0.192,0.7,0.592
287,3,0.35,0.229,0.85,0.629,0.35,0.371,0.85,0.771
288,3,0.6,0.55,1.0,0.95,0.6,0.55,1.0,0.95
289,,0.45,0.4,0.85,0.8,0.45,0.4,0.85,0.8
290,,0.3,0.25,0.7,0.65,0.3,0.25,0.7,0.65
291,,0.15,0.1,0.55,0.5,0.15,0.1,0.55,0.5
292,,0.0,-0.05,0.4,0.35,0.0,-0.05,0.4,0.35
293,2,0.321,0.95,0.721,0.6,0.179,0.1,0.579,0.6
294,2,0.642,1.0,1.0,0.85,0.358,0.25,0.758,0.85
295,,0.492,0.85,0.85,0.7,0.208,0.1,0.608,0.7
296,,0.342,0.7,0.7,0.55,0.058,-0.05,0.458,0.55
297,6,0.521,0.85,0.879,0.8,0.379,0.95,0.779,0.8
298,6,0.7,1.0,1.0,1.0,0.7,1.0,1.0,1.0
299,,0.55,0.85,0.85,0.85,0.55,0.85,0.85,0.85
300,,0.4,0.7,0.7,0.7,0.4,0.7,0.7,0.7
301,,0.25,0.55,0.55,0.55,0.25,0.55,0.55,0.55
302,,0.1,0.4,0.4,0.4,0.1,0.4,0.4,0.4
303,,-0.05,0.25,0.25,0.25,-0.05,0.25,0.25,0.25
304,1,0.95,0.571,0.5,0.429,0.1,0.429,0.5,0.571
305,1,1.0,0.892,0.75,0.608,0.25,0.608,0.75,0.892
306,,0.85,0.742,0.6,0.458,0.1,0.458,0.6,0.742
307,,0.7,0.592,0.45,0.308,-0.05,0.308,0.45,0.592
308,5,0.85,0.771,0.7,0.629,0.95,0.629,0.7,0.771
309,5,1.0,0.95,0.95,0.95,1.0,0.95,0.95,0.95
310,,0.85,0.8,0.8,0.8,0.85,0.8,0.8,0.8
311,,0.7,0.65,0.65,0.65,0.7,0.65,0.65,0.65
312,,0.55,0.5,0.5,0.5,0.55,0.5,0.5,0.5
313,,0.4,0.35,0.35,0.35,0.4,0.35,0.35,0.35
314,,0.25,0.2,0.2,0.2,0.25,0.2,0.2,0.2
315,,0.1,0.05,0.05,0.05,0.1,0.05,0.05,0.05
316,,-0.05,-0.1,-0.1,-0.1,-0.05,-0.1,-0.1,-0.1
317,4,0.129,0.15,0.221,0.9,0.271,0.15,0.079,0.05
318,4,0.308,0.4,0.542,1.0,0.592,0.4,0.258,0.2
319,,0.158,0.25,0.392,0.85,0.442,0.25,0.108,0.05
320,,0.008,0.1,0.242,0.7,0.292,0.1,-0.042,-0.1
321,8,0.329,0.35,0.421,0.85,0.471,0.35,0.279,0.9
322,8,0.65,0.6,0.6,1.0,0.65,0.6,0.6,1.0
323,,0.5,0.45,0.45,0.85,0.5,0.45,0.45,0.85
324,,0.35,0.3,0.3,0.7,0.35,0.3,0.3,0.7
325,,0.2,0.15,0.15,0.55,0.2,0.15,0.15,0.55
326,,0.05,0.0,0.0,0.4,0.05,0.0,0.0,0.4
327,,-0.1,-0.15,-0.15,0.25,-0.1,-0.15,-0.15,0.25
328,2,0.221,0.85,0.171,0.5,0.079,0.0,0.029,0.5
329,2,0.542,1.0,0.492,0.75,0.258,0.15,0.208,0.75
330,,0.392,0.85,0.342,0.6,0.108,0.0,0.058,0.6
331,,0.242,0.7,0.192,0.45,-0.042,-0.15,-0.092,0.45
332,6,0.421,0.85,0.371,0.7,0.279,0.85,0.229,0.7
333,6,0.6,1.0,0.55,0.95,0.6,1.0,0.55,0.95
334,,0.45,0.85,0.4,0.8,0.45,0.85,0.4,0.8
335,,0.3,0.7,0.25,0.65,0.3,0.7,0.25,0.65
336,,0.15,0.55,0.1,0.5,0.15,0.55,0.1,0.5
337,,0.0,0.4,-0.05,0.35,0.0,0.4,-0.05,0.35
338,7,0.25,0.579,0.1,0.529,0.25,0.721,0.95,0.671
339,7,0.5,0.758,0.25,0.708,0.5,1.0,1.0,0.992
340,,0.35,0.608,0.1,0.558,0.35,0.85,0.85,0.842
341,,0.2,0.458,-0.05,0.408,0.2,0.7,0.7,0.692
342,3,0.45,0.779,0.95,0.729,0.45,0.879,0.85,0.871
343,3,0.7,1.0,1.0,1.0,0.7,1.0,1.0,1.0
344,,0.55,0.85,0.85,0.85,0.55,0.85,0.85,0.85
345,,0.4,0.7,0.7,0.7,0.4,0.7,0.7,0.7
346,,0.25,0.55,0.55,0.55,0.25,0.55,0.55,0.55
347,,0.1,0.4,0.4,0.4,0.1,0.4,0.4,0.4
348,,-0.05,0.25,0.25,0.25,-0.05,0.25,0.25,0.25
349,5,0.1,0.429,0.5,0.571,0.95,0.571,0.5,0.429
350,5,0.25,0.608,0.75,0.892,1.0,0.892,0.75,0.608
351,,0.1,0.458,0.6,0.742,0.85,0.742,0.6,0.458
352,,-0.05,0.308,0.45,0.592,0.7,0.592,0.45,0.308
353,1,0.95,0.629,0.7,0.771,0.85,0.771,0.7,0.629
354,1,1.0,0.95,0.95,0.95,1.0,0.95,0.95,0.95
355,,0.85,0.8,0.8,0.8,0.85,0.8,0.8,0.8
356,,0.7,0.65,0.65,0.65,0.7,0.65,0.65,0.65
357,,0.55,0.5,0.5,0.5,0.55,0.5,0.5,0.5
358,,0.4,0.35,0.35,0.35,0.4,0.35,0.35,0.35
359,,0.25,0.2,0.2,0.2,0.25,0.2,0.2,0.2
360,,0.1,0.05,0.05,0.05,0.1,0.05,0.05,0.05
361,,-0.05,-0.1,-0.1,-0.1,-0.05,-0.1,-0.1,-0.1
362,3,0.2,0.221,0.9,0.221,0.2,0.079,0.05,0.079
363,3,0.45,0.542,1.0,0.542,0.45,0.258,0.2,0.258
364,,0.3,0.392,0.85,0.392,0.3,0.108,0.05,0.108
365,,0.15,0.242,0.7,0.242,0.15,-0.042,-0.1,-0.042
366,7,0.4,0.421,0.85,0.421,0.4,0.279,0.9,0.279
367,7,0.65,0.6,1.0,0.6,0.65,0.6,1.0,0.6
368,,0.5,0.45,0.85,0.45,0.5,0.45,0.85,0.45
369,,0.35,0.3,0.7,0.3,0.35,0.3,0.7,0.3
370,,0.2,0.15,0.55,0.15,0.2,0.15,0.55,0.15
371,,0.05,0.0,0.4,0.0,0.05,0.0,0.4,0.0
372,,-0.1,-0.15,0.25,-0.15,-0.1,-0.15,0.25,-0.15
373,2,0.221,0.85,0.571,0.1,0.079,0.0,0.429,0.1
374,2,0.542,1.0,0.892,0.35,0.258,0.15,0.608,0.35
375,,0.392,0.85,0.742,0.2,0.108,0.0,0.458,0.2
376,,0.242,0.7,0.592,0.05,-0.042,-0.15,0.308,0.05
377,6,0.421,0.85,0.771,0.3,0.279,0.85,0.629,0.3
378,6,0.6,1.0,0.95,0.55,0.6,1.0,0.95,0.55
379,,0.45,0.85,0.8,0.4,0.45,0.85,0.8,0.4
380,,0.3,0.7,0.65,0.25,0.3,0.7,0.65,0.25
381,,0.15,0.55,0.5,0.1,0.15,0.55,0.5,0.1
382,,0.0,0.4,0.35,-0.05,0.0,0.4,0.35,-0.05
383,4,0.179,0.65,0.671,0.95,0.321,0.65,0.529,0.1
384,4,0.358,0.9,0.992,1.0,0.642,0.9,0.708,0.25
385,,0.208,0.75,0.842,0.85,0.492,0.75,0.558,0.1
386,,0.058,0.6,0.692,0.7,0.342,0.6,0.408,-0.05
387,8,0.379,0.85,0.871,0.85,0.521,0.85,0.729,0.95
388,8,0.7,1.0,1.0,1.0,0.7,1.0,1.0,1.0
389,,0.55,0.85,0.85,0.85,0.55,0.85,0.85,0.85
390,,0.4,0.7,0.7,0.7,0.4,0.7,0.7,0.7
391,,0.25,0.55,0.55,0.55,0.25,0.55,0.55,0.55
392,,0.1,0.4,0.4,0.4,0.1,0.4,0.4,0.4
393,,-0.05,0.25,0.25,0.25,-0.05,0.25,0.25,0.25
394,5,0.1,0.429,0.5,0.571,0.95,0.571,0.5,0.429
395,5,0.25,0.608,0.75,0.892,1.0,0.892,0.75,0.608
396,,0.1,0.458,0.6,0.742,0.85,0.742,0.6,0.458
397,,-0.05,0.308,0.45,0.592,0.7,0.592,0.45,0.308
398,1,0.95,0.629,0.7,0.771,0.85,0.771,0.7,0.629
399,1,1.0,0.95,0.95,0.95,1.0,0.95,0.95,0.95
400,,0.85,0.8,0.8,0.8,0.85,0.8,0.8,0.8
401,,0.7,0.65,0.65,0.65,0.7,0.65,0.65,0.65
402,,0.55,0.5,0.5,0.5,0.55,0.5,0.5,0.5
403,,0.4,0.35,0.35,0.35,0.4,0.35,0.35,0.35
404,,0.25,0.2,0.2,0.2,0.25,0.2,0.2,0.2
405,,0.1,0.05,0.05,0.05,0.1,0.05,0.05,0.05
406,,-0.05,-0.1,-0.1,-0.1,-0.05,-0.1,-0.1,-0.1
407,2,0.271,0.9,0.221,0.15,0.129,0.05,0.079,0.15
408,2,0.592,1.0,0.542,0.4,0.308,0.2,0.258,0.4
409,,0.442,0.85,0.392,0.25,0.158,0.05,0.108,0.25
410,,0.292,0.7,0.242,0.1,0.008,-0.1,-0.042,0.1
411,6,0.471,0.85,0.421,0.35,0.329,0.9,0.279,0.35
412,6,0.65,1.0,0.6,0.6,0.65,1.0,0.6,0.6
413,,0.5,0.85,0.45,0.45,0.5,0.85,0.45,0.45
414,,0.35,0.7,0.3,0.3,0.35,0.7,0.3,0.3
415,,0.2,0.55,0.15,0.15,0.2,0.55,0.15,0.15
416,,0.05,0.4,0.0,0.0,0.05,0.4,0.0,0.0
417,,-0.1,0.25,-0.15,-0.15,-0.1,0.25,-0.15,-0.15
418,3,0.15,0.571,0.85,0.171,0.15,0.429,0.0,0.029
419,3,0.4,0.892,1.0,0.492,0.4,0.608,0.15,0.208
420,,0.25,0.742,0.85,0.342,0.25,0.458,0.0,0.058
421,,0.1,0.592,0.7,0.192,0.1,0.308,-0.15,-0.092
422,7,0.35,0.771,0.85,0.371,0.35,0.629,0.85,0.229
423,7,0.6,0.95,1.0,0.55,0.6,0.95,1.0,0.55
424,,0.45,0.8,0.85,0.4,0.45,0.8,0.85,0.4
425,,0.3,0.65,0.7,0.25,0.3,0.65,0.7,0.25
426,,0.15,0.5,0.55,0.1,0.15,0.5,0.55,0.1
427,,0.0,0.35,0.4,-0.05,0.0,0.35,0.4,-0.05
428,4,0.179,0.6,0.721,0.95,0.321,0.6,0.579,0.1
429,4,0.358,0.85,1.0,1.0,0.642,0.85,0.758,0.25
430,,0.208,0.7,0.85,0.85,0.492,0.7,0.608,0.1
431,,0.058,0.55,0.7,0.7,0.342,0.55,0.458,-0.05
432,8,0.379,0.8,0.879,0.85,0.521,0.8,0.779,0.95
433,8,0.7,1.0,1.0,1.0,0.7,1.0,1.0,1.0
434,,0.55,0.85,0.85,0.85,0.55,0.85,0.85,0.85
435,,0.4,0.7,0.7,0.7,0.4,0.7,0.7,0.7
436,,0.25,0.55,0.55,0.55,0.25,0.55,0.55,0.55
437,,0.1,0.4,0.4,0.4,0.1,0.4,0.4,0.4
438,,-0.05,0.25,0.25,0.25,-0.05,0.25,0.25,0.25
439,1,0.95,0.571,0.5,0.429,0.1,0.429,0.5,0.571
440,1,1.0,0.892,0.75,0.608,0.25,0.608,0.75,0.892
441,,0.85,0.742,0.6,0.458,0.1,0.458,0.6,0.742
442,,0.7,0.592,0.45,0.308,-0.05,0.308,0.45,0.592
443,5,0.85,0.771,0.7,0.629,0.95,0.629,0.7,0.771
444,5,1.0,0.95,0.95,0.95,1.0,0.95,0.95,0.95
445,,0.85,0.8,0.8,0.8,0.85,0.8,0.8,0.8
446,,0.7,0.65,0.65,0.65,0.7,0.65,0.65,0.65
447,,0.55,0.5,0.5,0.5,0.55,0.5,0.5,0.5
448,,0.4,0.35,0.35,0.35,0.4,0.35,0.35,0.35
449,,0.25,0.2,0.2,0.2,0.25,0.2,0.2,0.2
450,,0.1,0.05,0.05,0.05,0.1,0.05,0.05,0.05
451,,-0.05,-0.1,-0.1,-0.1,-0.05,-0.1,-0.1,-0.1
452,3,0.2,0.221,0.9,0.221,0.2,0.079,0.05,0.079
453,3,0.45,0.542,1.0,0.542,0.45,0.258,0.2,0.258
454,,0.3,0.392,0.85,0.392,0.3,0.108,0.05,0.108
455,,0.15,0.242,0.7,0.242,0.15,-0.042,-0.1,-0.042
456,7,0.4,0.421,0.85,0.421,0.4,0.279,0.9,0.279
457,7,0.65,0.6,1.0,0.6,0.65,0.6,1.0,0.6
458,,0.5,0.45,0.85,0.45,0.5,0.45,0.85,0.45
459,,0.35,0.3,0.7,0.3,0.35,0.3,0.7,0.3
460,,0.2,0.15,0.55,0.15,0.2,0.15,0.55,0.15
461,,0.05,0.0,0.4,0.0,0.05,0.0,0.4,0.0
462,,-0.1,-0.15,0.25,-0.15,-0.1,-0.15,0.25,-0.15
463,8,0.221,0.1,0.429,0.0,0.079,0.1,0.571,0.85
464,8,0.542,0.35,0.608,0.15,0.258,0.35,0.892,1.0
465,,0.392,0.2,0.458,0.0,0.108,0.2,0.742,0.85
466,,0.242,0.05,0.308,-0.15,-0.042,0.05,0.592,0.7
467,4,0.421,0.3,0.629,0.85,0.279,0.3,0.771,0.85
468,4,0.6,0.55,0.95,1.0,0.6,0.55,0.95,1.0
469,,0.45,0.4,0.8,0.85,0.45,0.4,0.8,0.85
470,,0.3,0.25,0.65,0.7,0.3,0.25,0.65,0.7
471,,0.15,0.1,0.5,0.55,0.15,0.1,0.5,0.55
472,,0.0,-0.05,0.35,0.4,0.0,-0.05,0.35,0.4
473,6,0.179,0.1,0.529,0.65,0.321,0.95,0.671,0.65
474,6,0.358,0.25,0.708,0.9,0.642,1.0,0.992,0.9
475,,0.208,0.1,0.558,0.75,0.492,0.85,0.842,0.75
476,,0.058,-0.05,0.408,0.6,0.342,0.7,0.692,0.6
477,2,0.379,0.95,0.729,0.85,0.521,0.85,0.871,0.85
478,2,0.7,1.0,1.0,1.0,0.7,1.0,1.0,1.0
479,,0.55,0.85,0.85,0.85,0.55,0.85,0.85,0.85
480,,0.4,0.7,0.7,0.7,0.4,0.7,0.7,0.7
481,,0.25,0.55,0.55,0.55,0.25,0.55,0.55,0.55
482,,0.1,0.4,0.4,0.4,0.1,0.4,0.4,0.4
483,,-0.05,0.25,0.25,0.25,-0.05,0.25,0.25,0.25
484,1,0.95,0.571,0.5,0.429,0.1,0.429,0.5,0.571
485,1,1.0,0.892,0.75,0.608,0.25,0.608,0.75,0.892
486,,0.85,0.742,0.6,0.458,0.1,0.458,0.6,0.742
487,,0.7,0.592,0.45,0.308,-0.05,0.308,0.45,0.592
488,5,0.85,0.771,0.7,0.629,0.95,0.629,0.7,0.771
489,5,1.0,0.95,0.95,0.95,1.0,0.95,0.95,0.95
490,,0.85,0.8,0.8,0.8,0.85,0.8,0.8,0.8
491,,0.7,0.65,0.65,0.65,0.7,0.65,0.65,0.65
492,,0.55,0.5,0.5,0.5,0.55,0.5,0.5,0.5
493,,0.4,0.35,0.35,0.35,0.4,0.35,0.35,0.35
494,,0.25,0.2,0.2,0.2,0.25,0.2,0.2,0.2
495,,0.1,0.05,0.05,0.05,0.1,0.05,0.05,0.05
496,,-0.05,-0.1,-0.1,-0.1,-0.05,-0.1,-0.1,-0.1
497,8,0.271,0.15,0.079,0.05,0.129,0.15,0.221,0.9
498,8,0.592,0.4,0.258,0.2,0.308,0.4,0.542,1.0
499,,0.442,0.25,0.108,0.05,0.158,0.25,0.392,0.85
500,,0.292,0.1,-0.042,-0.1,0.008,0.1,0.242,0.7
501,4,0.471,0.35,0.279,0.9,0.329,0.35,0.421,0.85
502,4,0.65,0.6,0.6,1.0,0.65,0.6,0.6,1.0
503,,0.5,0.45,0.45,0.85,0.5,0.45,0.45,0.85
504,,0.35,0.3,0.3,0.7,0.35,0.3,0.3,0.7
505,,0.2,0.15,0.15,0.55,0.2,0.15,0.15,0.55
506,,0.05,0.0,0.0,0.4,0.05,0.0,0.0,0.4
507,,-0.1,-0.15,-0.15,0.25,-0.1,-0.15,-0.15,0.25
508,7,0.15,0.029,0.0,0.429,0.15,0.171,0.85,0.571
509,7,0.4,0.208,0.15,0.608,0.4,0.492,1.0,0.892
510,,0.25,0.058,0.0,0.458,0.25,0.342,0.85,0.742
511,,0.1,-0.092,-0.15,0.308,0.1,0.192,0.7,0.592
512,3,0.35,0.229,0.85,0.629,0.35,0.371,0.85,0.771
513,3,0.6,0.55,1.0,0.95,0.6,0.55,1.0,0.95
514,,0.45,0.4,0.85,0.8,0.45,0.4,0.85,0.8
515,,0.3,0.25,0.7,0.65,0.3,0.25,0.7,0.65
516,,0.15,0.1,0.55,0.5,0.15,0.1,0.55,0.5
517,,0.0,-0.05,0.4,0.35,0.0,-0.05,0.4,0.35
518,2,0.321,0.95,0.721,0.6,0.179,0.1,0.579,0.6
519,2,0.642,1.0,1.0,0.85,0.358,0.25,0.758,0.85
520,,0.492,0.85,0.85,0.7,0.208,0.1,0.608,0.7
521,,0.342,0.7,0.7,0.55,0.058,-0.05,0.458,0.55
522,6,0.521,0.85,0.879,0.8,0.379,0.95,0.779,0.8
523,6,0.7,1.0,1.0,1.0,0.7,1.0,1.0,1.0
524,,0.55,0.85,0.85,0.85,0.55,0.85,0.85,0.85
525,,0.4,0.7,0.7,0.7,0.4,0.7,0.7,0.7
526,,0.25,0.55,0.55,0.55,0.25,0.55,0.55,0.55
527,,0.1,0.4,0.4,0.4,0.1,0.4,0.4,0.4
528,,-0.05,0.25,0.25,0.25,-0.05,0.25,0.25,0.25
529,1,0.95,0.571,0.5,0.429,0.1,0.429,0.5,0.571
530,1,1.0,0.892,0.75,0.608,0.25,0.608,0.75,0.892
531,,0.85,0.742,0.6,0.458,0.1,0.458,0.6,0.742
532,,0.7,0.592,0.45,0.308,-0.05,0.308,0.45,0.592
533,5,0.85,0.771,0.7,0.629,0.95,0.629,0.7,0.771
534,5,1.0,0.95,0.95,0.95,1.0,0.95,0.95,0.95
535,,0.85,0.8,0.8,0.8,0.85,0.8,0.8,0.8
536,,0.7,0.65,0.65,0.65,0.7,0.65,0.65,0.65
537,,0.55,0.5,0.5,0.5,0.55,0.5,0.5,0.5
538,,0.4,0.35,0.35,0.35,0.4,0.35,0.35,0.35
539,,0.25,0.2,0.2,0.2,0.25,0.2,0.2,0.2
540,,0.1,0.05,0.05,0.05,0.1,0.05,0.05,0.05
541,,-0.05,-0.1,-0.1,-0.1,-0.05,-0.1,-0.1,-0.1
542,3,0.2,0.221,0.9,0.221,0.2,0.079,0.05,0.079
543,3,0.45,0.542,1.0,0.542,0.45,0.258,0.2,0.258
544,,0.3,0.392,0.85,0.392,0.3,0.108,0.05,0.108
545,,0.15,0.242,0.7,0.242,0.15,-0.042,-0.1,-0.042
546,7,0.4,0.421,0.85,0.421,0.4,0.279,0.9,0.279
547,7,0.65,0.6,1.0,0.6,0.65,0.6,1.0,0.6
548,,0.5,0.45,0.85,0.45,0.5,0.45,0.85,0.45
549,,0.35,0.3,0.7,0.3,0.35,0.3,0.7,0.3
550,,0.2,0.15,0.55,0.15,0.2,0.15,0.55,0.15
551,,0.05,0.0,0.4,0.0,0.05,0.0,0.4,0.0
552,,-0.1,-0.15,0.25,-0.15,-0.1,-0.15,0.25,-0.15
553,4,0.079,0.1,0.571,0.85,0.221,0.1,0.429,0.0
554,4,0.258,0.35,0.892,1.0,0.542,0.35,0.608,0.15
555,,0.108,0.2,0.742,0.85,0.392,0.2,0.458,0.0
556,,-0.042,0.05,0.592,0.7,0.242,0.05,0.308,-0.15
557,8,0.279,0.3,0.771,0.85,0.421,0.3,0.629,0.85
558,8,0.6,0.55,0.95,1.0,0.6,0.55,0.95,1.0
559,,0.45,0.4,0.8,0.85,0.45,0.4,0.8,0.85
560,,0.3,0.25,0.65,0.7,0.3,0.25,0.65,0.7
561,,0.15,0.1,0.5,0.55,0.15,0.1,0.5,0.55
562,,0.0,-0.05,0.35,0.4,0.0,-0.05,0.35,0.4
563,6,0.179,0.1,0.529,0.65,0.321,0.95,0.671,0.65
564,6,0.358,0.25,0.708,0.9,0.642,1.0,0.992,0.9
565,,0.208,0.1,0.558,0.75,0.492,0.85,0.842,0.75
566,,0.058,-0.05,0.408,0.6,0.342,0.7,0.692,0.6
567,2,0.379,0.95,0.729,0.85,0.521,0.85,0.871,0.85
568,2,0.7,1.0,1.0,1.0,0.7,1.0,1.0,1.0
569,,0.55,0.85,0.85,0.85,0.55,0.85,0.85,0.85
570,,0.4,0.7,0.7,0.7,0.4,0.7,0.7,0.7
571,,0.25,0.55,0.55,0.55,0.25,0.55,0.55,0.55
572,,0.1,0.4,0.4,0.4,0.1,0.4,0.4,0.4
573,,-0.05,0.25,0.25,0.25,-0.05,0.25,0.25,0.25
574,1,0.95,0.571,0.5,0.429,0.1,0.429,0.5,0.571
575,1,1.0,0.892,0.75,0.608,0.25,0.608,0.75,0.892
576,,0.85,0.742,0.6,0.458,0.1,0.458,0.6,0.742
577,,0.7,0.592,0.45,0.308,-0.05,0.308,0.45,0.592
578,5,0.85,0.771,0.7,0.629,0.95,0.629,0.7,0.771
579,5,1.0,0.95,0.95,0.95,1.0,0.95,0.95,0.95
580,,0.85,0.8,0.8,0.8,0.85,0.8,0.8,0.8
581,,0.7,0.65,0.65,0.65,0.7,0.65,0.65,0.65
582,,0.55,0.5,0.5,0.5,0.55,0.5,0.5,0.5
583,,0.4,0.35,0.35,0.35,0.4,0.35,0.35,0.35
584,,0.25,0.2,0.2,0.2,0.25,0.2,0.2,0.2
585,,0.1,0.05,0.05,0.05,0.1,0.05,0.05,0.05
586,,-0.05,-0.1,-0.1,-0.1,-0.05,-0.1,-0.1,-0.1
587,6,0.129,0.05,0.079,0.15,0.271,0.9,0.221,0.15
588,6,0.308,0.2,0.258,0.4,0.592,1.0,0.542,0.4
589,,0.158,0.05,0.108,0.25,0.442,0.85,0.392,0.25
590,,0.008,-0.1,-0.042,0.1,0.292,0.7,0.242,0.1
591,2,0.329,0.9,0.279,0.35,0.471,0.85,0.421,0.35
592,2,0.65,1.0,0.6,0.6,0.65,1.0,0.6,0.6
593,,0.5,0.85,0.45,0.45,0.5,0.85,0.45,0.45
594,,0.35,0.7,0.3,0.3,0.35,0.7,0.3,0.3
595,,0.2,0.55,0.15,0.15,0.2,0.55,0.15,0.15
596,,0.05,0.4,0.0,0.0,0.05,0.4,0.0,0.0
597,,-0.1,0.25,-0.15,-0.15,-0.1,0.25,-0.15,-0.15
598,8,0.221,0.5,0.029,0.0,0.079,0.5,0.171,0.85
599,8,0.542,0.75,0.208,0.15,0.258,0.75,0.492,1.0
600,,0.392,0.6,0.058,0.0,0.108,0.6,0.342,0.85
601,,0.242,0.45,-0.092,-0.15,-0.042,0.45,0.192,0.7
602,4,0.421,0.7,0.229,0.85,0.279,0.7,0.371,0.85
603,4,0.6,0.95,0.55,1.0,0.6,0.95,0.55,1.0
604,,0.45,0.8,0.4,0.85,0.45,0.8,0.4,0.85
605,,0.3,0.65,0.25,0.7,0.3,0.65,0.25,0.7
606,,0.15,0.5,0.1,0.55,0.15,0.5,0.1,0.55
607,,0.0,0.35,-0.05,0.4,0.0,0.35,-0.05,0.4
608,3,0.25,0.671,0.95,0.721,0.25,0.529,0.1,0.579
609,3,0.5,0.992,1.0,1.0,0.5,0.708,0.25,0.758
610,,0.35,0.842,0.85,0.85,0.35,0.558,0.1,0.608
611,,0.2,0.692,0.7,0.7,0.2,0.408,-0.05,0.458
612,7,0.45,0.871,0.85,0.879,0.45,0.729,0.95,0.779
613,7,0.7,1.0,1.0,1.0,0.7,1.0,1.0,1.0
614,,0.55,0.85,0.85,0.85,0.55,0.85,0.85,0.85
615,,0.4,0.7,0.7,0.7,0.4,0.7,0.7,0.7
616,,0.25,0.55,0.55,0.55,0.25,0.55,0.55,0.55
617,,0.1,0.4,0.4,0.4,0.1,0.4,0.4,0.4
618,,-0.05,0.25,0.25,0.25,-0.05,0.25,0.25,0.25
619,5,0.1,0.429,0.5,0.571,0.95,0.571,0.5,0.429
620,5,0.25,0.608,0.75,0.892,1.0,0.892,0.75,0.608
621,,0.1,0.458,0.6,0.742,0.85,0.742,0.6,0.458
622,,-0.05,0.308,0.45,0.592,0.7,0.592,0.45,0.308
623,1,0.95,0.629,0.7,0.771,0.85,0.771,0.7,0.629
624,1,1.0,0.95,0.95,0.95,1.0,0.95,0.95,0.95
625,,0.85,0.8,0.8,0.8,0.85,0.8,0.8,0.8
626,,0.7,0.65,0.65,0.65,0.7,0.65,0.65,0.65
627,,0.55,0.5,0.5,0.5,0.55,0.5,0.5,0.5
628,,0.4,0.35,0.35,0.35,0.4,0.35,0.35,0.35
629,,0.25,0.2,0.2,0.2,0.25,0.2,0.2,0.2
630,,0.1,0.05,0.05,0.05,0.1,0.05,0.05,0.05
631,,-0.05,-0.1,-0.1,-0.1,-0.05,-0.1,-0.1,-0.1
632,7,0.2,0.079,0.05,0.079,0.2,0.221,0.9,0.221
633,7,0.45,0.258,0.2,0.258,0.45,0.542,1.0,0.542
634,,0.3,0.108,0.05,0.108,0.3,0.392,0.85,0.392
635,,0.15,-0.042,-0.1,-0.042,0.15,0.242,0.7,0.242
636,3,0.4,0.279,0.9,0.279,0.4,0.421,0.85,0.421
637,3,0.65,0.6,1.0,0.6,0.65,0.6,1.0,0.6
638,,0.5,0.45,0.85,0.45,0.5,0.45,0.85,0.45
639,,0.35,0.3,0.7,0.3,0.35,0.3,0.7,0.3
640,,0.2,0.15,0.55,0.15,0.2,0.15,0.55,0.15
641,,0.05,0.0,0.4,0.0,0.05,0.0,0.4,0.0
642,,-0.1,-0.15,0.25,-0.15,-0.1,-0.15,0.25,-0.15
643,2,0.221,0.85,0.571,0.1,0.079,0.0,0.429,0.1
644,2,0.542,1.0,0.892,0.35,0.258,0.15,0.608,0.35
645,,0.392,0.85,0.742,0.2,0.108,0.0,0.458,0.2
646,,0.242,0.7,0.592,0.05,-0.042,-0.15,0.308,0.05
647,6,0.421,0.85,0.771,0.3,0.279,0.85,0.629,0.3
648,6,0.6,1.0,0.95,0.55,0.6,1.0,0.95,0.55
649,,0.45,0.85,0.8,0.4,0.45,0.85,0.8,0.4
650,,0.3,0.7,0.65,0.25,0.3,0.7,0.65,0.25
651,,0.15,0.55,0.5,0.1,0.15,0.55,0.5,0.1
652,,0.0,0.4,0.35,-0.05,0.0,0.4,0.35,-0.05
653,4,0.179,0.65,0.671,0.95,0.321,0.65,0.529,0.1
654,4,0.358,0.9,0.992,1.0,0.642,0.9,0.708,0.25
655,,0.208,0.75,0.842,0.85,0.492,0.75,0.558,0.1
656,,0.058,0.6,0.692,0.7,0.342,0.6,0.408,-0.05
657,8,0.379,0.85,0.871,0.85,0.521,0.85,0.729,0.95
658,8,0.7,1.0,1.0,1.0,0.7,1.0,1.0,1.0
659,,0.55,0.85,0.85,0.85,0.55,0.85,0.85,0.85
660,,0.4,0.7,0.7,0.7,0.4,0.7,0.7,0.7
661,,0.25,0.55,0.55,0.55,0.25,0.55,0.55,0.55
662,,0.1,0.4,0.4,0.4,0.1,0.4,0.4,0.4
663,,-0.05,0.25,0.25,0.25,-0.05,0.25,0.25,0.25
664,5,0.1,0.429,0.5,0.571,0.95,0.571,0.5,0.429
665,5,0.25,0.608,0.75,0.892,1.0,0.892,0.75,0.608
666,,0.1,0.458,0.6,0.742,0.85,0.742,0.6,0.458
667,,-0.05,0.308,0.45,0.592,0.7,0.592,0.45,0.308
668,1,0.95,0.629,0.7,0.771,0.85,0.771,0.7,0.629
669,1,1.0,0.95,0.95,0.95,1.0,0.95,0.95,0.95
670,,0.85,0.8,0.8,0.8,0.85,0.8,0.8,0.8
671,,0.7,0.65,0.65,0.65,0.7,0.65,0.65,0.65
672,,0.55,0.5,0.5,0.5,0.55,0.5,0.5,0.5
673,,0.4,0.35,0.35,0.35,0.4,0.35,0.35,0.35
674,,0.25,0.2,0.2,0.2,0.25,0.2,0.2,0.2
675,,0.1,0.05,0.05,0.05,0.1,0.05,0.05,0.05
676,,-0.05,-0.1,-0.1,-0.1,-0.05,-0.1,-0.1,-0.1
677,7,0.2,0.079,0.05,0.079,0.2,0.221,0.9,0.221
678,7,0.45,0.258,0.2,0.258,0.45,0.542,1.0,0.542
679,,0.3,0.108,0.05,0.108,0.3,0.392,0.85,0.392
680,,0.15,-0.042,-0.1,-0.042,0.15,0.242,0.7,0.242
681,3,0.4,0.279,0.9,0.279,0.4,0.421,0.85,0.421
682,3,0.65,0.6,1.0,0.6,0.65,0.6,1.0,0.6
683,,0.5,0.45,0.85,0.45,0.5,0.45,0.85,0.45
684,,0.35,0.3,0.7,0.3,0.35,0.3,0.7,0.3
685,,0.2,0.15,0.55,0.15,0.2,0.15,0.55,0.15
686,,0.05,0.0,0.4,0.0,0.05,0.0,0.4,0.0
687,,-0.1,-0.15,0.25,-0.15,-0.1,-0.15,0.25,-0.15
688,8,0.221,0.1,0.429,0.0,0.079,0.1,0.571,0.85
689,8,0.542,0.35,0.608,0.15,0.258,0.35,0.892,1.0
690,,0.392,0.2,0.458,0.0,0.108,0.2,0.742,0.85
691,,0.242,0.05,0.308,-0.15,-0.042,0.05,0.592,0.7
692,4,0.421,0.3,0.629,0.85,0.279,0.3,0.771,0.85
693,4,0.6,0.55,0.95,1.0,0.6,0.55,0.95,1.0
694,,0.45,0.4,0.8,0.85,0.45,0.4,0.8,0.85
695,,0.3,0.25,0.65,0.7,0.3,0.25,0.65,0.7
696,,0.15,0.1,0.5,0.55,0.15,0.1,0.5,0.55
697,,0.0,-0.05,0.35,0.4,0.0,-0.05,0.35,0.4
698,6,0.179,0.1,0.529,0.65,0.321,0.95,0.671,0.65
699,6,0.358,0.25,0.708,0.9,0.642,1.0,0.992,0.9
700,,0.208,0.1,0.558,0.75,0.492,0.85,0.842,0.75
701,,0.058,-0.05,0.408,0.6,0.342,0.7,0.692,0.6
702,2,0.379,0.95,0.729,0.85,0.521,0.85,0.871,0.85
703,2,0.7,1.0,1.0,1.0,0.7,1.0,1.0,1.0
704,,0.55,0.85,0.85,0.85,0.55,0.85,0.85,0.85
705,,0.4,0.7,0.7,0.7,0.4,0.7,0.7,0.7
706,,0.25,0.55,0.55,0.55,0.25,0.55,0.55,0.55
707,,0.1,0.4,0.4,0.4,0.1,0.4,0.4,0.4
708,,-0.05,0.25,0.25,0.25,-0.05,0.25,0.25,0.25
709,1,0.95,0.571,0.5,0.429,0.1,0.429,0.5,0.571
710,1,1.0,0.892,0.75,0.608,0.25,0.608,0.75,0.892
711,,0.85,0.742,0.6,0.458,0.1,0.458,0.6,0.742
712,,0.7,0.592,0.45,0.308,-0.05,0.308,0.45,0.592
713,5,0.85,0.771,0.7,0.629,0.95,0.629,0.7,0.771
714,5,1.0,0.95,0.95,0.95,1.0,0.95,0.95,0.95
715,,0.85,0.8,0.8,0.8,0.85,0.8,0.8,0.8
716,,0.7,0.65,0.65,0.65,0.7,0.65,0.65,0.65
717,,0.55,0.5,0.5,0.5,0.55,0.5,0.5,0.5
718,,0.4,0.35,0.35,0.35,0.4,0.35,0.35,0.35
719,,0.25,0.2,0.2,0.2,0.25,0.2,0.2,0.2
720,,0.1,0.05,0.05,0.05,0.1,0.05,0.05,0.05
721,,-0.05,-0.1,-0.1,-0.1,-0.05,-0.1,-0.1,-0.1
722,4,0.129,0.15,0.221,0.9,0.271,0.15,0.079,0.05
723,4,0.308,0.4,0.542,1.0,0.592,0.4,0.258,0.2
724,,0.158,0.25,0.392,0.85,0.442,0.25,0.108,0.05
725,,0.008,0.1,0.242,0.7,0.292,0.1,-0.042,-0.1
726,8,0.329,0.35,0.421,0.85,0.471,0.35,0.279,0.9
727,8,0.65,0.6,0.6,1.0,0.65,0.6,0.6,1.0
728,,0.5,0.45,0.45,0.85,0.5,0.45,0.45,0.85
729,,0.35,0.3,0.3,0.7,0.35,0.3,0.3,0.7
730,,0.2,0.15,0.15,0.55,0.2,0.15,0.15,0.55
731,,0.05,0.0,0.0,0.4,0.05,0.0,0.0,0.4
732,,-0.1,-0.15,-0.15,0.25,-0.1,-0.15,-0.15,0.25
733,3,0.15,0.171,0.85,0.571,0.15,0.029,0.0,0.429
734,3,0.4,0.492,1.0,0.892,0.4,0.208,0.15,0.608
735,,0.25,0.342,0.85,0.742,0.25,0.058,0.0,0.458
736,,0.1,0.192,0.7,0.592,0.1,-0.092,-0.15,0.308
737,7,0.35,0.371,0.85,0.771,0.35,0.229,0.85,0.629
738,7,0.6,0.55,1.0,0.95,0.6,0.55,1.0,0.95
739,,0.45,0.4,0.85,0.8,0.45,0.4,0.85,0.8
740,,0.3,0.25,0.7,0.65,0.3,0.25,0.7,0.65
741,,0.15,0.1,0.55,0.5,0.15,0.1,0.55,0.5
742,,0.0,-0.05,0.4,0.35,0.0,-0.05,0.4,0.35
743,2,0.321,0.95,0.721,0.6,0.179,0.1,0.579,0.6
744,2,0.642,1.0,1.0,0.85,0.358,0.25,0.758,0.85
745,,0.492,0.85,0.85,0.7,0.208,0.1,0.608,0.7
746,,0.342,0.7,0.7,0.55,0.058,-0.05,0.458,0.55
747,6,0.521,0.85,0.879,0.8,0.379,0.95,0.779,0.8
748,6,0.7,1.0,1.0,1.0,0.7,1.0,1.0,1.0
749,,0.55,0.85,0.85,0.85,0.55,0.85,0.85,0.85
750,,0.4,0.7,0.7,0.7,0.4,0.7,0.7,0.7
751,,0.25,0.55,0.55,0.55,0.25,0.55,0.55,0.55
752,,0.1,0.4,0.4,0.4,0.1,0.4,0.4,0.4
753,,-0.05,0.25,0.25,0.25,-0.05,0.25,0.25,0.25
754,5,0.1,0.429,0.5,0.571,0.95,0.571,0.5,0.429
755,5,0.25,0.608,0.75,0.892,1.0,0.892,0.75,0.608
756,,0.1,0.458,0.6,0.742,0.85,0.742,0.6,0.458
757,,-0.05,0.308,0.45,0.592,0.7,0.592,0.45,0.308
758,1,0.95,0.629,0.7,0.771,0.85,0.771,0.7,0.629
759,1,1.0,0.95,0.95,0.95,1.0,0.95,0.95,0.95
760,,0.85,0.8,0.8,0.8,0.85,0.8,0.8,0.8
761,,0.7,0.65,0.65,0.65,0.7,0.65,0.65,0.65
762,,0.55,0.5,0.5,0.5,0.55,0.5,0.5,0.5
763,,0.4,0.35,0.35,0.35,0.4,0.35,0.35,0.35
764,,0.25,0.2,0.2,0.2,0.25,0.2,0.2,0.2
765,,0.1,0.05,0.05,0.05,0.1,0.05,0.05,0.05
766,,-0.05,-0.1,-0.1,-0.1,-0.05,-0.1,-0.1,-0.1
767,3,0.2,0.221,0.9,0.221,0.2,0.079,0.05,0.079
768,3,0.45,0.542,1.0,0.542,0.45,0.258,0.2,0.258
769,,0.3,0.392,0.85,0.392,0.3,0.108,0.05,0.108
770,,0.15,0.242,0.7,0.242,0.15,-0.042,-0.1,-0.042
771,7,0.4,0.421,0.85,0.421,0.4,0.279,0.9,0.279
772,7,0.65,0.6,1.0,0.6,0.65,0.6,1.0,0.6
773,,0.5,0.45,0.85,0.45,0.5,0.45,0.85,0.45
774,,0.35,0.3,0.7,0.3,0.35,0.3,0.7,0.3
775,,0.2,0.15,0.55,0.15,0.2,0.15,0.55,0.15
776,,0.05,0.0,0.4,0.0,0.05,0.0,0.4,0.0
777,,-0.1,-0.15,0.25,-0.15,-0.1,-0.15,0.25,-0.15
778,8,0.221,0.1,0.429,0.0,0.079,0.1,0.571,0.85
779,8,0.542,0.35,0.608,0.15,0.258,0.35,0.892,1.0
780,,0.392,0.2,0.458,0.0,0.108,0.2,0.742,0.85
781,,0.242,0.05,0.308,-0.15,-0.042,0.05,0.592,0.7
782,4,0.421,0.3,0.629,0.85,0.279,0.3,0.771,0.85
783,4,0.6,0.55,0.95,1.0,0.6,0.55,0.95,1.0
784,,0.45,0.4,0.8,0.85,0.45,0.4,0.8,0.85
785,,0.3,0.25,0.65,0.7,0.3,0.25,0.65,0.7
786,,0.15,0.1,0.5,0.55,0.15,0.1,0.5,0.55
787,,0.0,-0.05,0.35,0.4,0.0,-0.05,0.35,0.4
788,2,0.321,0.95,0.671,0.65,0.179,0.1,0.529,0.65
789,2,0.642,1.0,0.992,0.9,0.358,0.25,0.708,0.9
790,,0.492,0.85,0.842,0.75,0.208,0.1,0.558,0.75
791,,0.342,0.7,0.692,0.6,0.058,-0.05,0.408,0.6
792,6,0.521,0.85,0.871,0.85,0.379,0.95,0.729,0.85
793,6,0.7,1.0,1.0,1.0,0.7,1.0,1.0,1.0
794,,0.55,0.85,0.85,0.85,0.55,0.85,0.85,0.85
795,,0.4,0.7,0.7,0.7,0.4,0.7,0.7,0.7
796,,0.25,0.55,0.55,0.55,0.25,0.55,0.55,0.55
797,,0.1,0.4,0.4,0.4,0.1,0.4,0.4,0.4
798,,-0.05,0.25,0.25,0.25,-0.05,0.25,0.25,0.25
799,1,0.95,0.571,0.5,0.429,0.1,0.429,0.5,0.571
800,1,1.0,0.892,0.75,0.608,0.25,0.608,0.75,0.892
801,,0.85,0.742,0.6,0.458,0.1,0.458,0.6,0.742
802,,0.7,0.592,0.45,0.308,-0.05,0.308,0.45,0.592
803,5,0.85,0.771,0.7,0.629,0.95,0.629,0.7,0.771
804,5,1.0,0.95,0.95,0.95,1.0,0.95,0.95,0.95
805,,0.85,0.8,0.8,0.8,0.85,0.8,0.8,0.8
806,,0.7,0.65,0.65,0.65,0.7,0.65,0.65,0.65
807,,0.55,0.5,0.5,0.5,0.55,0.5,0.5,0.5
808,,0.4,0.35,0.35,0.35,0.4,0.35,0.35,0.35
809,,0.25,0.2,0.2,0.2,0.25,0.2,0.2,0.2
810,,0.1,0.05,0.05,0.05,0.1,0.05,0.05,0.05
811,,-0.05,-0.1,-0.1,-0.1,-0.05,-0.1,-0.1,-0.1
812,7,0.2,0.079,0.05,0.079,0.2,0.221,0.9,0.221
813,7,0.45,0.258,0.2,0.258,0.45,0.542,1.0,0.542
814,,0.3,0.108,0.05,0.108,0.3,0.392,0.85,0.392
815,,0.15,-0.042,-0.1,-0.042,0.15,0.242,0.7,0.242
816,3,0.4,0.279,0.9,0.279,0.4,0.421,0.85,0.421
817,3,0.65,0.6,1.0,0.6,0.65,0.6,1.0,0.6
818,,0.5,0.45,0.85,0.45,0.5,0.45,0.85,0.45
819,,0.35,0.3,0.7,0.3,0.35,0.3,0.7,0.3
820,,0.2,0.15,0.55,0.15,0.2,0.15,0.55,0.15
821,,0.05,0.0,0.4,0.0,0.05,0.0,0.4,0.0
822,,-0.1,-0.15,0.25,-0.15,-0.1,-0.15,0.25,-0.15
823,2,0.221,0.85,0.571,0.1,0.079,0.0,0.429,0.1
824,2,0.542,1.0,0.892,0.35,0.258,0.15,0.608,0.35
825,,0.392,0.85,0.742,0.2,0.108,0.0,0.458,0.2
826,,0.242,0.7,0.592,0.05,-0.042,-0.15,0.308,0.05
827,6,0.421,0.85,0.771,0.3,0.279,0.85,0.629,0.3
828,6,0.6,1.0,0.95,0.55,0.6,1.0,0.95,0.55
829,,0.45,0.85,0.8,0.4,0.45,0.85,0.8,0.4
830,,0.3,0.7,0.65,0.25,0.3,0.7,0.65,0.25
831,,0.15,0.55,0.5,0.1,0.15,0.55,0.5,0.1
832,,0.0,0.4,0.35,-0.05,0.0,0.4,0.35,-0.05
833,8,0.321,0.65,0.529,0.1,0.179,0.65,0.671,0.95
834,8,0.642,0.9,0.708,0.25,0.358,0.9,0.992,1.0
835,,0.492,0.75,0.558,0.1,0.208,0.75,0.842,0.85
836,,0.342,0.6,0.408,-0.05,0.058,0.6,0.692,0.7
837,4,0.521,0.85,0.729,0.95,0.379,0.85,0.871,0.85
838,4,0.7,1.0,1.0,1.0,0.7,1.0,1.0,1.0
839,,0.55,0.85,0.85,0.85,0.55,0.85,0.85,0.85
840,,0.4,0.7,0.7,0.7,0.4,0.7,0.7,0.7
841,,0.25,0.55,0.55,0.55,0.25,0.55,0.55,0.55
842,,0.1,0.4,0.4,0.4,0.1,0.4,0.4,0.4
843,,-0.05,0.25,0.25,0.25,-0.05,0.25,0.25,0.25
844,5,0.1,0.429,0.5,0.571,0.95,0.571,0.5,0.429
845,5,0.25,0.608,0.75,0.892,1.0,0.892,0.75,0.608
846,,0.1,0.458,0.6,0.742,0.85,0.742,0.6,0.458
847,,-0.05,0.308,0.45,0.592,0.7,0.592,0.45,0.308
848,1,0.95,0.629,0.7,0.771,0.85,0.771,0.7,0.629
849,1,1.0,0.95,0.95,0.95,1.0,0.95,0.95,0.95
850,,0.85,0.8,0.8,0.8,0.85,0.8,0.8,0.8
851,,0.7,0.65,0.65,0.65,0.7,0.65,0.65,0.65
852,,0.55,0.5,0.5,0.5,0.55,0.5,0.5,0.5
853,,0.4,0.35,0.35,0.35,0.4,0.35,0.35,0.35
854,,0.25,0.2,0.2,0.2,0.25,0.2,0.2,0.2
855,,0.1,0.05,0.05,0.05,0.1,0.05,0.05,0.05
856,,-0.05,-0.1,-0.1,-0.1,-0.05,-0.1,-0.1,-0.1
857,4,0.129,0.15,0.221,0.9,0.271,0.15,0.079,0.05
858,4,0.308,0.4,0.542,1.0,0.592,0.4,0.258,0.2
859,,0.158,0.25,0.392,0.85,0.442,0.25,0.108,0.05
860,,0.008,0.1,0.242,0.7,0.292,0.1,-0.042,-0.1
861,8,0.329,0.35,0.421,0.85,0.471,0.35,0.279,0.9
862,8,0.65,0.6,0.6,1.0,0.65,0.6,0.6,1.0
863,,0.5,0.45,0.45,0.85,0.5,0.45,0.45,0.85
864,,0.35,0.3,0.3,0.7,0.35,0.3,0.3,0.7
865,,0.2,0.15,0.15,0.55,0.2,0.15,0.15,0.55
866,,0.05,0.0,0.0,0.4,0.05,0.0,0.0,0.4
867,,-0.1,-0.15,-0.15,0.25,-0.1,-0.15,-0.15,0.25
868,7,0.15,0.029,0.0,0.429,0.15,0.171,0.85,0.571
869,7,0.4,0.208,0.15,0.608,0.4,0.492,1.0,0.892
870,,0.25,0.058,0.0,0.458,0.25,0.342,0.85,0.742
871,,0.1,-0.092,-0.15,0.308,0.1,0.192,0.7,0.592
872,3,0.35,0.229,0.85,0.629,0.35,0.371,0.85,0.771
873,3,0.6,0.55,1.0,0.95,0.6,0.55,1.0,0.95
874,,0.45,0.4,0.85,0.8,0.45,0.4,0.85,0.8
875,,0.3,0.25,0.7,0.65,0.3,0.25,0.7,0.65
876,,0.15,0.1,0.55,0.5,0.15,0.1,0.55,0.5
877,,0.0,-0.05,0.4,0.35,0.0,-0.05,0.4,0.35
878,6,0.179,0.1,0.579,0.6,0.321,0.95,0.721,0.6
879,6,0.358,0.25,0.758,0.85,0.642,1.0,1.0,0.85
880,,0.208,0.1,0.608,0.7,0.492,0.85,0.85,0.7
881,,0.058,-0.05,0.458,0.55,0.342,0.7,0.7,0.55
882,2,0.379,0.95,0.779,0.8,0.521,0.85,0.879,0.8
883,2,0.7,1.0,1.0,1.0,0.7,1.0,1.0,1.0
884,,0.55,0.85,0.85,0.85,0.55,0.85,0.85,0.85
885,,0.4,0.7,0.7,0.7,0.4,0.7,0.7,0.7
886,,0.25,0.55,0.55,0.55,0.25,0.55,0.55,0.55
