step,active_motive,motive_1,motive_2,motive_3,motive_4,motive_5,motive_6,motive_7,motive_8
0,,0.04522,0.09339,0.03162,0.05072,0.00416,0.01483,0.09866,0.09651
1,,-0.10478,-0.05661,-0.11838,-0.09928,-0.14584,-0.13517,-0.05134,-0.05349
2,5,0.04522,0.12239,0.13162,0.22172,0.85416,0.18583,0.19866,0.12551
3,5,0.19522,0.30139,0.38162,0.54272,1.0,0.50683,0.44866,0.30451
4,,0.04522,0.15139,0.23162,0.39272,0.85,0.35683,0.29866,0.15451
5,,-0.10478,0.00139,0.08162,0.24272,0.7,0.20683,0.14866,0.00451
6,1,0.89522,0.32239,0.33162,0.42172,0.85,0.38583,0.39866,0.32551
7,1,1.0,0.64339,0.58162,0.60072,1.0,0.56483,0.64866,0.64651
8,,0.85,0.49339,0.43162,0.45072,0.85,0.41483,0.49866,0.49651
9,,0.7,0.34339,0.28162,0.30072,0.7,0.26483,0.34866,0.34651
10,,0.55,0.19339,0.13162,0.15072,0.55,0.11483,0.19866,0.19651
11,,0.4,0.04339,-0.01838,0.00072,0.4,-0.03517,0.04866,0.04651
12,6,0.579,0.19339,0.16062,0.25072,0.721,0.96483,0.36966,0.29651
13,6,0.758,0.34339,0.33962,0.50072,1.0,1.0,0.69066,0.54651
14,,0.608,0.19339,0.18962,0.35072,0.85,0.85,0.54066,0.39651
15,,0.458,0.04339,0.03962,0.20072,0.7,0.7,0.39066,0.24651
16,,0.308,-0.10661,-0.11038,0.05072,0.55,0.55,0.24066,0.09651
17,3,0.558,0.21439,0.88962,0.37172,0.8,0.729,0.39066,0.27551
18,3,0.808,0.53539,1.0,0.69272,1.0,0.908,0.54066,0.45451
19,,0.658,0.38539,0.85,0.54272,0.85,0.758,0.39066,0.30451
20,,0.508,0.23539,0.7,0.39272,0.7,0.608,0.24066,0.15451
21,,0.358,0.08539,0.55,0.24272,0.55,0.458,0.09066,0.00451
22,,0.208,-0.06461,0.4,0.09272,0.4,0.308,-0.05934,-0.14549
23,8,0.529,0.18539,0.579,0.24272,0.579,0.558,0.26166,0.85451
24,8,0.85,0.43539,0.758,0.39272,0.758,0.808,0.58266,1.0
25,,0.7,0.28539,0.608,0.24272,0.608,0.658,0.43266,0.85
26,,0.55,0.13539,0.458,0.09272,0.458,0.508,0.28266,0.7
27,,0.4,-0.01461,0.308,-0.05728,0.308,0.358,0.13266,0.55
28,4,0.579,0.23539,0.629,0.94272,0.629,0.608,0.31166,0.7
29,4,0.758,0.48539,0.95,1.0,0.95,0.858,0.49066,0.85
30,,0.608,0.33539,0.8,0.85,0.8,0.708,0.34066,0.7
31,,0.458,0.18539,0.65,0.7,0.65,0.558,0.19066,0.55
32,,0.308,0.03539,0.5,0.55,0.5,0.408,0.04066,0.4
33,,0.158,-0.11461,0.35,0.4,0.35,0.258,-0.10934,0.25
34,2,0.479,0.88539,0.671,0.65,0.529,0.408,0.06966,0.5
35,2,0.8,1.0,0.992,0.9,0.708,0.558,0.24866,0.75
36,,0.65,0.85,0.842,0.75,0.558,0.408,0.09866,0.6
37,,0.5,0.7,0.692,0.6,0.408,0.258,-0.05134,0.45
38,7,0.75,0.879,0.842,0.779,0.658,0.579,0.94866,0.771
39,7,1.0,1.0,0.992,0.958,0.908,0.9,1.0,1.0
40,,0.85,0.85,0.842,0.808,0.758,0.75,0.85,0.85
41,,0.7,0.7,0.692,0.658,0.608,0.6,0.7,0.7
42,,0.55,0.55,0.542,0.508,0.458,0.45,0.55,0.55
43,,0.4,0.4,0.392,0.358,0.308,0.3,0.4,0.4
44,,0.25,0.25,0.242,0.208,0.158,0.15,0.25,0.25
45,,0.1,0.1,0.092,0.058,0.008,0.0,0.1,0.1
46,,-0.05,-0.05,-0.058,-0.092,-0.142,-0.15,-0.05,-0.05
47,6,0.129,0.1,0.121,0.158,0.179,0.85,0.271,0.2
48,6,0.308,0.25,0.3,0.408,0.5,1.0,0.592,0.45
49,,0.158,0.1,0.15,0.258,0.35,0.85,0.442,0.3
50,,0.008,-0.05,0.0,0.108,0.2,0.7,0.292,0.15
51,2,0.329,0.95,0.321,0.358,0.379,0.85,0.471,0.4
52,2,0.65,1.0,0.642,0.608,0.558,1.0,0.65,0.65
53,,0.5,0.85,0.492,0.458,0.408,0.85,0.5,0.5
54,,0.35,0.7,0.342,0.308,0.258,0.7,0.35,0.35
55,,0.2,0.55,0.192,0.158,0.108,0.55,0.2,0.2
56,,0.05,0.4,0.042,0.008,-0.042,0.4,0.05,0.05
57,5,0.2,0.579,0.292,0.329,0.958,0.721,0.3,0.229
58,5,0.35,0.758,0.542,0.65,1.0,1.0,0.55,0.408
59,,0.2,0.608,0.392,0.5,0.85,0.85,0.4,0.258
60,,0.05,0.458,0.242,0.35,0.7,0.7,0.25,0.108
61,,-0.1,0.308,0.092,0.2,0.55,0.55,0.1,-0.042
62,1,0.9,0.629,0.342,0.379,0.7,0.729,0.35,0.279
63,1,1.0,0.95,0.592,0.558,0.85,0.908,0.6,0.6
64,,0.85,0.8,0.442,0.408,0.7,0.758,0.45,0.45
65,,0.7,0.65,0.292,0.258,0.55,0.608,0.3,0.3
66,,0.55,0.5,0.142,0.108,0.4,0.458,0.15,0.15
67,,0.4,0.35,-0.008,-0.042,0.25,0.308,0.0,0.0
68,4,0.579,0.6,0.313,0.958,0.571,0.558,0.179,0.15
69,4,0.758,0.85,0.634,1.0,0.892,0.808,0.358,0.3
70,,0.608,0.7,0.484,0.85,0.742,0.658,0.208,0.15
71,,0.458,0.55,0.334,0.7,0.592,0.508,0.058,0.0
72,,0.308,0.4,0.184,0.55,0.442,0.358,-0.092,-0.15
73,8,0.629,0.65,0.363,0.7,0.621,0.608,0.229,0.85
74,8,0.95,0.9,0.542,0.85,0.8,0.858,0.55,1.0
75,,0.8,0.75,0.392,0.7,0.65,0.708,0.4,0.85
76,,0.65,0.6,0.242,0.55,0.5,0.558,0.25,0.7
77,,0.5,0.45,0.092,0.4,0.35,0.408,0.1,0.55
78,,0.35,0.3,-0.058,0.25,0.2,0.258,-0.05,0.4
79,3,0.6,0.621,0.942,0.571,0.45,0.437,0.1,0.579
80,3,0.85,0.942,1.0,0.892,0.7,0.616,0.25,0.758
81,,0.7,0.792,0.85,0.742,0.55,0.466,0.1,0.608
82,,0.55,0.642,0.7,0.592,0.4,0.316,-0.05,0.458
83,7,0.8,0.821,0.85,0.771,0.65,0.637,0.95,0.779
84,7,1.0,1.0,1.0,0.95,0.9,0.958,1.0,1.0
85,,0.85,0.85,0.85,0.8,0.75,0.808,0.85,0.85
86,,0.7,0.7,0.7,0.65,0.6,0.658,0.7,0.7
87,,0.55,0.55,0.55,0.5,0.45,0.508,0.55,0.55
88,,0.4,0.4,0.4,0.35,0.3,0.358,0.4,0.4
89,,0.25,0.25,0.25,0.2,0.15,0.208,0.25,0.25
90,,0.1,0.1,0.1,0.05,0.0,0.058,0.1,0.1
91,,-0.05,-0.05,-0.05,-0.1,-0.15,-0.092,-0.05,-0.05
92,5,0.1,0.129,0.2,0.221,0.85,0.229,0.2,0.129
93,5,0.25,0.308,0.45,0.542,1.0,0.55,0.45,0.308
94,,0.1,0.158,0.3,0.392,0.85,0.4,0.3,0.158
95,,-0.05,0.008,0.15,0.242,0.7,0.25,0.15,0.008
96,1,0.95,0.329,0.4,0.421,0.85,0.429,0.4,0.329
97,1,1.0,0.65,0.65,0.6,1.0,0.608,0.65,0.65
98,,0.85,0.5,0.5,0.45,0.85,0.458,0.5,0.5
99,,0.7,0.35,0.35,0.3,0.7,0.308,0.35,0.35
100,,0.55,0.2,0.2,0.15,0.55,0.158,0.2,0.2
101,,0.4,0.05,0.05,0.0,0.4,0.008,0.05,0.05
102,,0.25,-0.1,-0.1,-0.15,0.25,-0.142,-0.1,-0.1
103,4,0.429,0.15,0.221,0.85,0.571,0.108,0.079,0.05
104,4,0.608,0.4,0.542,1.0,0.892,0.358,0.258,0.2
105,,0.458,0.25,0.392,0.85,0.742,0.208,0.108,0.05
106,,0.308,0.1,0.242,0.7,0.592,0.058,-0.042,-0.1
107,8,0.629,0.35,0.421,0.85,0.771,0.308,0.279,0.9
108,8,0.95,0.6,0.6,1.0,0.95,0.558,0.6,1.0
109,,0.8,0.45,0.45,0.85,0.8,0.408,0.45,0.85
110,,0.65,0.3,0.3,0.7,0.65,0.258,0.3,0.7
111,,0.5,0.15,0.15,0.55,0.5,0.108,0.15,0.55
112,,0.35,0.0,0.0,0.4,0.35,-0.042,0.0,0.4
113,6,0.529,0.15,0.179,0.65,0.671,0.958,0.321,0.65
114,6,0.708,0.3,0.358,0.9,0.992,1.0,0.642,0.9
115,,0.558,0.15,0.208,0.75,0.842,0.85,0.492,0.75
116,,0.408,0.0,0.058,0.6,0.692,0.7,0.342,0.6
117,,0.258,-0.15,-0.092,0.45,0.542,0.55,0.192,0.45
118,2,0.579,0.85,0.229,0.7,0.721,0.7,0.371,0.7
119,2,0.9,1.0,0.55,0.95,0.9,0.85,0.55,0.95
120,,0.75,0.85,0.4,0.8,0.75,0.7,0.4,0.8
121,,0.6,0.7,0.25,0.65,0.6,0.55,0.25,0.65
122,,0.45,0.55,0.1,0.5,0.45,0.4,0.1,0.5
123,,0.3,0.4,-0.05,0.35,0.3,0.25,-0.05,0.35
124,3,0.55,0.721,0.95,0.671,0.55,0.429,0.1,0.529
125,3,0.8,1.0,1.0,0.992,0.8,0.608,0.25,0.708
126,,0.65,0.85,0.85,0.842,0.65,0.458,0.1,0.558
127,,0.5,0.7,0.7,0.692,0.5,0.308,-0.05,0.408
128,7,0.75,0.879,0.85,0.871,0.75,0.629,0.95,0.729
129,7,1.0,1.0,1.0,1.0,1.0,0.95,1.0,1.0
130,,0.85,0.85,0.85,0.85,0.85,0.8,0.85,0.85
131,,0.7,0.7,0.7,0.7,0.7,0.65,0.7,0.7
132,,0.55,0.55,0.55,0.55,0.55,0.5,0.55,0.55
133,,0.4,0.4,0.4,0.4,0.4,0.35,0.4,0.4
134,,0.25,0.25,0.25,0.25,0.25,0.2,0.25,0.25
135,,0.1,0.1,0.1,0.1,0.1,0.05,0.1,0.1
136,,-0.05,-0.05,-0.05,-0.05,-0.05,-0.1,-0.05,-0.05
137,6,0.129,0.1,0.129,0.2,0.271,0.9,0.271,0.2
138,6,0.308,0.25,0.308,0.45,0.592,1.0,0.592,0.45
139,,0.158,0.1,0.158,0.3,0.442,0.85,0.442,0.3
140,,0.008,-0.05,0.008,0.15,0.292,0.7,0.292,0.15
141,2,0.329,0.95,0.329,0.4,0.471,0.85,0.471,0.4
142,2,0.65,1.0,0.65,0.65,0.65,1.0,0.65,0.65
143,,0.5,0.85,0.5,0.5,0.5,0.85,0.5,0.5
144,,0.35,0.7,0.35,0.35,0.35,0.7,0.35,0.35
145,,0.2,0.55,0.2,0.2,0.2,0.55,0.2,0.2
146,,0.05,0.4,0.05,0.05,0.05,0.4,0.05,0.05
147,,-0.1,0.25,-0.1,-0.1,-0.1,0.25,-0.1,-0.1
148,8,0.221,0.5,0.079,0.05,0.079,0.5,0.221,0.9
149,8,0.542,0.75,0.258,0.2,0.258,0.75,0.542,1.0
150,,0.392,0.6,0.108,0.05,0.108,0.6,0.392,0.85
151,,0.242,0.45,-0.042,-0.1,-0.042,0.45,0.242,0.7
152,4,0.421,0.7,0.279,0.9,0.279,0.7,0.421,0.85
153,4,0.6,0.95,0.6,1.0,0.6,0.95,0.6,1.0
154,,0.45,0.8,0.45,0.85,0.45,0.8,0.45,0.85
155,,0.3,0.65,0.3,0.7,0.3,0.65,0.3,0.7
156,,0.15,0.5,0.15,0.55,0.15,0.5,0.15,0.55
157,,0.0,0.35,0.0,0.4,0.0,0.35,0.0,0.4
158,,-0.15,0.2,-0.15,0.25,-0.15,0.2,-0.15,0.25
159,3,0.1,0.521,0.85,0.571,0.1,0.379,0.0,0.429
160,3,0.35,0.842,1.0,0.892,0.35,0.558,0.15,0.608
161,,0.2,0.692,0.85,0.742,0.2,0.408,0.0,0.458
162,,0.05,0.542,0.7,0.592,0.05,0.258,-0.15,0.308
163,7,0.3,0.721,0.85,0.771,0.3,0.579,0.85,0.629
164,7,0.55,0.9,1.0,0.95,0.55,0.9,1.0,0.95
165,,0.4,0.75,0.85,0.8,0.4,0.75,0.85,0.8
166,,0.25,0.6,0.7,0.65,0.25,0.6,0.7,0.65
167,,0.1,0.45,0.55,0.5,0.1,0.45,0.55,0.5
168,,-0.05,0.3,0.4,0.35,-0.05,0.3,0.4,0.35
169,1,0.95,0.621,0.65,0.529,0.1,0.479,0.65,0.671
170,1,1.0,0.942,0.9,0.708,0.25,0.658,0.9,0.992
171,,0.85,0.792,0.75,0.558,0.1,0.508,0.75,0.842
172,,0.7,0.642,0.6,0.408,-0.05,0.358,0.6,0.692
173,5,0.85,0.821,0.85,0.729,0.95,0.679,0.85,0.871
174,5,1.0,1.0,1.0,1.0,1.0,1.0,1.0,1.0
175,,0.85,0.85,0.85,0.85,0.85,0.85,0.85,0.85
176,,0.7,0.7,0.7,0.7,0.7,0.7,0.7,0.7
177,,0.55,0.55,0.55,0.55,0.55,0.55,0.55,0.55
178,,0.4,0.4,0.4,0.4,0.4,0.4,0.4,0.4
179,,0.25,0.25,0.25,0.25,0.25,0.25,0.25,0.25
180,,0.1,0.1,0.1,0.1,0.1,0.1,0.1,0.1
181,,-0.05,-0.05,-0.05,-0.05,-0.05,-0.05,-0.05,-0.05
182,2,0.271,0.95,0.271,0.2,0.129,0.1,0.129,0.2
183,2,0.592,1.0,0.592,0.45,0.308,0.25,0.308,0.45
184,,0.442,0.85,0.442,0.3,0.158,0.1,0.158,0.3
185,,0.292,0.7,0.292,0.15,0.008,-0.05,0.008,0.15
186,6,0.471,0.85,0.471,0.4,0.329,0.95,0.329,0.4
187,6,0.65,1.0,0.65,0.65,0.65,1.0,0.65,0.65
188,,0.5,0.85,0.5,0.5,0.5,0.85,0.5,0.5
189,,0.35,0.7,0.35,0.35,0.35,0.7,0.35,0.35
190,,0.2,0.55,0.2,0.2,0.2,0.55,0.2,0.2
191,,0.05,0.4,0.05,0.05,0.05,0.4,0.05,0.05
192,,-0.1,0.25,-0.1,-0.1,-0.1,0.25,-0.1,-0.1
193,7,0.15,0.429,0.05,0.079,0.15,0.571,0.9,0.221
194,7,0.4,0.608,0.2,0.258,0.4,0.892,1.0,0.542
195,,0.25,0.458,0.05,0.108,0.25,0.742,0.85,0.392
196,,0.1,0.308,-0.1,-0.042,0.1,0.592,0.7,0.242
197,3,0.35,0.629,0.9,0.279,0.35,0.771,0.85,0.421
198,3,0.6,0.95,1.0,0.6,0.6,0.95,1.0,0.6
199,,0.45,0.8,0.85,0.45,0.45,0.8,0.85,0.45
200,,0.3,0.65,0.7,0.3,0.3,0.65,0.7,0.3
201,,0.15,0.5,0.55,0.15,0.15,0.5,0.55,0.15
202,,0.0,0.35,0.4,0.0,0.0,0.35,0.4,0.0
203,,-0.15,0.2,0.25,-0.15,-0.15,0.2,0.25,-0.15
204,1,0.85,0.521,0.5,0.029,0.0,0.379,0.5,0.171
205,1,1.0,0.842,0.75,0.208,0.15,0.558,0.75,0.492
206,,0.85,0.692,0.6,0.058,0.0,0.408,0.6,0.342
207,,0.7,0.542,0.45,-0.092,-0.15,0.258,0.45,0.192
208,5,0.85,0.721,0.7,0.229,0.85,0.579,0.7,0.371
209,5,1.0,0.9,0.95,0.55,1.0,0.9,0.95,0.55
210,,0.85,0.75,0.8,0.4,0.85,0.75,0.8,0.4
211,,0.7,0.6,0.65,0.25,0.7,0.6,0.65,0.25
212,,0.55,0.45,0.5,0.1,0.55,0.45,0.5,0.1
213,,0.4,0.3,0.35,-0.05,0.4,0.3,0.35,-0.05
214,4,0.579,0.55,0.671,0.95,0.721,0.55,0.529,0.1
215,4,0.758,0.8,0.992,1.0,1.0,0.8,0.708,0.25
216,,0.608,0.65,0.842,0.85,0.85,0.65,0.558,0.1
217,,0.458,0.5,0.692,0.7,0.7,0.5,0.408,-0.05
218,8,0.779,0.75,0.871,0.85,0.879,0.75,0.729,0.95
219,8,1.0,1.0,1.0,1.0,1.0,1.0,1.0,1.0
220,,0.85,0.85,0.85,0.85,0.85,0.85,0.85,0.85
221,,0.7,0.7,0.7,0.7,0.7,0.7,0.7,0.7
222,,0.55,0.55,0.55,0.55,0.55,0.55,0.55,0.55
223,,0.4,0.4,0.4,0.4,0.4,0.4,0.4,0.4
224,,0.25,0.25,0.25,0.25,0.25,0.25,0.25,0.25
225,,0.1,0.1,0.1,0.1,0.1,0.1,0.1,0.1
226,,-0.05,-0.05,-0.05,-0.05,-0.05,-0.05,-0.05,-0.05
227,7,0.2,0.129,0.1,0.129,0.2,0.271,0.95,0.271
228,7,0.45,0.308,0.25,0.308,0.45,0.592,1.0,0.592
229,,0.3,0.158,0.1,0.158,0.3,0.442,0.85,0.442
230,,0.15,0.008,-0.05,0.008,0.15,0.292,0.7,0.292
231,3,0.4,0.329,0.95,0.329,0.4,0.471,0.85,0.471
232,3,0.65,0.65,1.0,0.65,0.65,0.65,1.0,0.65
233,,0.5,0.5,0.85,0.5,0.5,0.5,0.85,0.5
234,,0.35,0.35,0.7,0.35,0.35,0.35,0.7,0.35
235,,0.2,0.2,0.55,0.2,0.2,0.2,0.55,0.2
236,,0.05,0.05,0.4,0.05,0.05,0.05,0.4,0.05
237,,-0.1,-0.1,0.25,-0.1,-0.1,-0.1,0.25,-0.1
238,4,0.079,0.15,0.571,0.9,0.221,0.15,0.429,0.05
239,4,0.258,0.4,0.892,1.0,0.542,0.4,0.608,0.2
240,,0.108,0.25,0.742,0.85,0.392,0.25,0.458,0.05
241,,-0.042,0.1,0.592,0.7,0.242,0.1,0.308,-0.1
242,8,0.279,0.35,0.771,0.85,0.421,0.35,0.629,0.9
243,8,0.6,0.6,0.95,1.0,0.6,0.6,0.95,1.0
244,,0.45,0.45,0.8,0.85,0.45,0.45,0.8,0.85
245,,0.3,0.3,0.65,0.7,0.3,0.3,0.65,0.7
246,,0.15,0.15,0.5,0.55,0.15,0.15,0.5,0.55
247,,0.0,0.0,0.35,0.4,0.0,0.0,0.35,0.4
248,,-0.15,-0.15,0.2,0.25,-0.15,-0.15,0.2,0.25
249,2,0.171,0.85,0.521,0.5,0.029,0.0,0.379,0.5
250,2,0.492,1.0,0.842,0.75,0.208,0.15,0.558,0.75
251,,0.342,0.85,0.692,0.6,0.058,0.0,0.408,0.6
252,,0.192,0.7,0.542,0.45,-0.092,-0.15,0.258,0.45
253,6,0.371,0.85,0.721,0.7,0.229,0.85,0.579,0.7
254,6,0.55,1.0,0.9,0.95,0.55,1.0,0.9,0.95
255,,0.4,0.85,0.75,0.8,0.4,0.85,0.75,0.8
256,,0.25,0.7,0.6,0.65,0.25,0.7,0.6,0.65
257,,0.1,0.55,0.45,0.5,0.1,0.55,0.45,0.5
258,,-0.05,0.4,0.3,0.35,-0.05,0.4,0.3,0.35
259,1,0.95,0.721,0.55,0.529,0.1,0.579,0.55,0.671
260,1,1.0,1.0,0.8,0.708,0.25,0.758,0.8,0.992
261,,0.85,0.85,0.65,0.558,0.1,0.608,0.65,0.842
262,,0.7,0.7,0.5,0.408,-0.05,0.458,0.5,0.692
263,5,0.85,0.879,0.75,0.729,0.95,0.779,0.75,0.871
264,5,1.0,1.0,1.0,1.0,1.0,1.0,1.0,1.0
265,,0.85,0.85,0.85,0.85,0.85,0.85,0.85,0.85
266,,0.7,0.7,0.7,0.7,0.7,0.7,0.7,0.7
267,,0.55,0.55,0.55,0.55,0.55,0.55,0.55,0.55
268,,0.4,0.4,0.4,0.4,0.4,0.4,0.4,0.4
269,,0.25,0.25,0.25,0.25,0.25,0.25,0.25,0.25
270,,0.1,0.1,0.1,0.1,0.1,0.1,0.1,0.1
271,,-0.05,-0.05,-0.05,-0.05,-0.05,-0.05,-0.05,-0.05
272,4,0.129,0.2,0.271,0.95,0.271,0.2,0.129,0.1
273,4,0.308,0.45,0.592,1.0,0.592,0.45,0.308,0.25
274,,0.158,0.3,0.442,0.85,0.442,0.3,0.158,0.1
275,,0.008,0.15,0.292,0.7,0.292,0.15,0.008,-0.05
276,8,0.329,0.4,0.471,0.85,0.471,0.4,0.329,0.95
277,8,0.65,0.65,0.65,1.0,0.65,0.65,0.65,1.0
278,,0.5,0.5,0.5,0.85,0.5,0.5,0.5,0.85
279,,0.35,0.35,0.35,0.7,0.35,0.35,0.35,0.7
280,,0.2,0.2,0.2,0.55,0.2,0.2,0.2,0.55
281,,0.05,0.05,0.05,0.4,0.05,0.05,0.05,0.4
282,,-0.1,-0.1,-0.1,0.25,-0.1,-0.1,-0.1,0.25
283,7,0.15,0.079,0.05,0.429,0.15,0.221,0.9,0.571
284,7,0.4,0.258,0.2,0.608,0.4,0.542,1.0,0.892
285,,0.25,0.108,0.05,0.458,0.25,0.392,0.85,0.742
286,,0.1,-0.042,-0.1,0.308,0.1,0.242,0.7,0.592
287,3,0.35,0.279,0.9,0.629,0.35,0.421,0.85,0.771
288,3,0.6,0.6,1.0,0.95,0.6,0.6,1.0,0.95
289,,0.45,0.45,0.85,0.8,0.45,0.45,0.85,0.8
290,,0.3,0.3,0.7,0.65,0.3,0.3,0.7,0.65
291,,0.15,0.15,0.55,0.5,0.15,0.15,0.55,0.5
292,,0.0,0.0,0.4,0.35,0.0,0.0,0.4,0.35
293,,-0.15,-0.15,0.25,0.2,-0.15,-0.15,0.25,0.2
294,6,0.029,0.0,0.429,0.45,0.171,0.85,0.571,0.45
295,6,0.208,0.15,0.608,0.7,0.492,1.0,0.892,0.7
296,,0.058,0.0,0.458,0.55,0.342,0.85,0.742,0.55
297,,-0.092,-0.15,0.308,0.4,0.192,0.7,0.592,0.4
298,2,0.229,0.85,0.629,0.65,0.371,0.85,0.771,0.65
299,2,0.55,1.0,0.95,0.9,0.55,1.0,0.95,0.9
300,,0.4,0.85,0.8,0.75,0.4,0.85,0.8,0.75
301,,0.25,0.7,0.65,0.6,0.25,0.7,0.65,0.6
302,,0.1,0.55,0.5,0.45,0.1,0.55,0.5,0.45
303,,-0.05,0.4,0.35,0.3,-0.05,0.4,0.35,0.3
304,1,0.95,0.721,0.6,0.479,0.1,0.579,0.6,0.621
305,1,1.0,1.0,0.85,0.658,0.25,0.758,0.85,0.942
306,,0.85,0.85,0.7,0.508,0.1,0.608,0.7,0.792
307,,0.7,0.7,0.55,0.358,-0.05,0.458,0.55,0.642
308,5,0.85,0.879,0.8,0.679,0.95,0.779,0.8,0.821
309,5,1.0,1.0,1.0,1.0,1.0,1.0,1.0,1.0
310,,0.85,0.85,0.85,0.85,0.85,0.85,0.85,0.85
311,,0.7,0.7,0.7,0.7,0.7,0.7,0.7,0.7
312,,0.55,0.55,0.55,0.55,0.55,0.55,0.55,0.55
313,,0.4,0.4,0.4,0.4,0.4,0.4,0.4,0.4
314,,0.25,0.25,0.25,0.25,0.25,0.25,0.25,0.25
315,,0.1,0.1,0.1,0.1,0.1,0.1,0.1,0.1
316,,-0.05,-0.05,-0.05,-0.05,-0.05,-0.05,-0.05,-0.05
317,8,0.271,0.2,0.129,0.1,0.129,0.2,0.271,0.95
318,8,0.592,0.45,0.308,0.25,0.308,0.45,0.592,1.0
319,,0.442,0.3,0.158,0.1,0.158,0.3,0.442,0.85
320,,0.292,0.15,0.008,-0.05,0.008,0.15,0.292,0.7
321,4,0.471,0.4,0.329,0.95,0.329,0.4,0.471,0.85
322,4,0.65,0.65,0.65,1.0,0.65,0.65,0.65,1.0
323,,0.5,0.5,0.5,0.85,0.5,0.5,0.5,0.85
324,,0.35,0.35,0.35,0.7,0.35,0.35,0.35,0.7
325,,0.2,0.2,0.2,0.55,0.2,0.2,0.2,0.55
326,,0.05,0.05,0.05,0.4,0.05,0.05,0.05,0.4
327,,-0.1,-0.1,-0.1,0.25,-0.1,-0.1,-0.1,0.25
328,7,0.15,0.079,0.05,0.429,0.15,0.221,0.9,0.571
329,7,0.4,0.258,0.2,0.608,0.4,0.542,1.0,0.892
330,,0.25,0.108,0.05,0.458,0.25,0.392,0.85,0.742
331,,0.1,-0.042,-0.1,0.308,0.1,0.242,0.7,0.592
332,3,0.35,0.279,0.9,0.629,0.35,0.421,0.85,0.771
333,3,0.6,0.6,1.0,0.95,0.6,0.6,1.0,0.95
334,,0.45,0.45,0.85,0.8,0.45,0.45,0.85,0.8
335,,0.3,0.3,0.7,0.65,0.3,0.3,0.7,0.65
336,,0.15,0.15,0.55,0.5,0.15,0.15,0.55,0.5
337,,0.0,0.0,0.4,0.35,0.0,0.0,0.4,0.35
338,,-0.15,-0.15,0.25,0.2,-0.15,-0.15,0.25,0.2
339,1,0.85,0.171,0.5,0.379,0.0,0.029,0.5,0.521
340,1,1.0,0.492,0.75,0.558,0.15,0.208,0.75,0.842
341,,0.85,0.342,0.6,0.408,0.0,0.058,0.6,0.692
342,,0.7,0.192,0.45,0.258,-0.15,-0.092,0.45,0.542
343,5,0.85,0.371,0.7,0.579,0.85,0.229,0.7,0.721
344,5,1.0,0.55,0.95,0.9,1.0,0.55,0.95,0.9
345,,0.85,0.4,0.8,0.75,0.85,0.4,0.8,0.75
346,,0.7,0.25,0.65,0.6,0.7,0.25,0.65,0.6
347,,0.55,0.1,0.5,0.45,0.55,0.1,0.5,0.45
348,,0.4,-0.05,0.35,0.3,0.4,-0.05,0.35,0.3
349,6,0.579,0.1,0.529,0.55,0.721,0.95,0.671,0.55
350,6,0.758,0.25,0.708,0.8,1.0,1.0,0.992,0.8
351,,0.608,0.1,0.558,0.65,0.85,0.85,0.842,0.65
352,,0.458,-0.05,0.408,0.5,0.7,0.7,0.692,0.5
353,2,0.779,0.95,0.729,0.75,0.879,0.85,0.871,0.75
354,2,1.0,1.0,1.0,1.0,1.0,1.0,1.0,1.0
355,,0.85,0.85,0.85,0.85,0.85,0.85,0.85,0.85
356,,0.7,0.7,0.7,0.7,0.7,0.7,0.7,0.7
357,,0.55,0.55,0.55,0.55,0.55,0.55,0.55,0.55
358,,0.4,0.4,0.4,0.4,0.4,0.4,0.4,0.4
359,,0.25,0.25,0.25,0.25,0.25,0.25,0.25,0.25
360,,0.1,0.1,0.1,0.1,0.1,0.1,0.1,0.1
361,,-0.05,-0.05,-0.05,-0.05,-0.05,-0.05,-0.05,-0.05
362,8,0.271,0.2,0.129,0.1,0.129,0.2,0.271,0.95
363,8,0.592,0.45,0.308,0.25,0.308,0.45,0.592,1.0
364,,0.442,0.3,0.158,0.1,0.158,0.3,0.442,0.85
365,,0.292,0.15,0.008,-0.05,0.008,0.15,0.292,0.7
366,4,0.471,0.4,0.329,0.95,0.329,0.4,0.471,0.85
367,4,0.65,0.65,0.65,1.0,0.65,0.65,0.65,1.0
368,,0.5,0.5,0.5,0.85,0.5,0.5,0.5,0.85
369,,0.35,0.35,0.35,0.7,0.35,0.35,0.35,0.7
370,,0.2,0.2,0.2,0.55,0.2,0.2,0.2,0.55
371,,0.05,0.05,0.05,0.4,0.05,0.05,0.05,0.4
372,,-0.1,-0.1,-0.1,0.25,-0.1,-0.1,-0.1,0.25
373,2,0.221,0.9,0.221,0.5,0.079,0.05,0.079,0.5
374,2,0.542,1.0,0.542,0.75,0.258,0.2,0.258,0.75
375,,0.392,0.85,0.392,0.6,0.108,0.05,0.108,0.6
376,,0.242,0.7,0.242,0.45,-0.042,-0.1,-0.042,0.45
377,6,0.421,0.85,0.421,0.7,0.279,0.9,0.279,0.7
378,6,0.6,1.0,0.6,0.95,0.6,1.0,0.6,0.95
379,,0.45,0.85,0.45,0.8,0.45,0.85,0.45,0.8
380,,0.3,0.7,0.3,0.65,0.3,0.7,0.3,0.65
381,,0.15,0.55,0.15,0.5,0.15,0.55,0.15,0.5
382,,0.0,0.4,0.0,0.35,0.0,0.4,0.0,0.35
383,,-0.15,0.25,-0.15,0.2,-0.15,0.25,-0.15,0.2
384,3,0.1,0.571,0.85,0.521,0.1,0.429,0.0,0.379
385,3,0.35,0.892,1.0,0.842,0.35,0.608,0.15,0.558
386,,0.2,0.742,0.85,0.692,0.2,0.458,0.0,0.408
387,,0.05,0.592,0.7,0.542,0.05,0.308,-0.15,0.258
388,7,0.3,0.771,0.85,0.721,0.3,0.629,0.85,0.579
389,7,0.55,0.95,1.0,0.9,0.55,0.95,1.0,0.9
390,,0.4,0.8,0.85,0.75,0.4,0.8,0.85,0.75
391,,0.25,0.65,0.7,0.6,0.25,0.65,0.7,0.6
392,,0.1,0.5,0.55,0.45,0.1,0.5,0.55,0.45
393,,-0.05,0.35,0.4,0.3,-0.05,0.35,0.4,0.3
394,5,0.1,0.529,0.65,0.621,0.95,0.671,0.65,0.479
395,5,0.25,0.708,0.9,0.942,1.0,0.992,0.9,0.658
396,,0.1,0.558,0.75,0.792,0.85,0.842,0.75,0.508
397,,-0.05,0.408,0.6,0.642,0.7,0.692,0.6,0.358
398,1,0.95,0.729,0.85,0.821,0.85,0.871,0.85,0.679
399,1,1.0,1.0,1.0,1.0,1.0,1.0,1.0,1.0
400,,0.85,0.85,0.85,0.85,0.85,0.85,0.85,0.85
401,,0.7,0.7,0.7,0.7,0.7,0.7,0.7,0.7
402,,0.55,0.55,0.55,0.55,0.55,0.55,0.55,0.55
403,,0.4,0.4,0.4,0.4,0.4,0.4,0.4,0.4
404,,0.25,0.25,0.25,0.25,0.25,0.25,0.25,0.25
405,,0.1,0.1,0.1,0.1,0.1,0.1,0.1,0.1
406,,-0.05,-0.05,-0.05,-0.05,-0.05,-0.05,-0.05,-0.05
407,7,0.2,0.129,0.1,0.129,0.2,0.271,0.95,0.271
408,7,0.45,0.308,0.25,0.308,0.45,0.592,1.0,0.592
409,,0.3,0.158,0.1,0.158,0.3,0.442,0.85,0.442
410,,0.15,0.008,-0.05,0.008,0.15,0.292,0.7,0.292
411,3,0.4,0.329,0.95,0.329,0.4,0.471,0.85,0.471
412,3,0.65,0.65,1.0,0.65,0.65,0.65,1.0,0.65
413,,0.5,0.5,0.85,0.5,0.5,0.5,0.85,0.5
414,,0.35,0.35,0.7,0.35,0.35,0.35,0.7,0.35
415,,0.2,0.2,0.55,0.2,0.2,0.2,0.55,0.2
416,,0.05,0.05,0.4,0.05,0.05,0.05,0.4,0.05
417,,-0.1,-0.1,0.25,-0.1,-0.1,-0.1,0.25,-0.1
418,2,0.221,0.9,0.571,0.15,0.079,0.05,0.429,0.15
419,2,0.542,1.0,0.892,0.4,0.258,0.2,0.608,0.4
420,,0.392,0.85,0.742,0.25,0.108,0.05,0.458,0.25
421,,0.242,0.7,0.592,0.1,-0.042,-0.1,0.308,0.1
422,6,0.421,0.85,0.771,0.35,0.279,0.9,0.629,0.35
423,6,0.6,1.0,0.95,0.6,0.6,1.0,0.95,0.6
424,,0.45,0.85,0.8,0.45,0.45,0.85,0.8,0.45
425,,0.3,0.7,0.65,0.3,0.3,0.7,0.65,0.3
426,,0.15,0.55,0.5,0.15,0.15,0.55,0.5,0.15
427,,0.0,0.4,0.35,0.0,0.0,0.4,0.35,0.0
428,,-0.15,0.25,0.2,-0.15,-0.15,0.25,0.2,-0.15
429,1,0.85,0.571,0.45,0.029,0.0,0.429,0.45,0.171
430,1,1.0,0.892,0.7,0.208,0.15,0.608,0.7,0.492
431,,0.85,0.742,0.55,0.058,0.0,0.458,0.55,0.342
432,,0.7,0.592,0.4,-0.092,-0.15,0.308,0.4,0.192
433,5,0.85,0.771,0.65,0.229,0.85,0.629,0.65,0.371
434,5,1.0,0.95,0.9,0.55,1.0,0.95,0.9,0.55
435,,0.85,0.8,0.75,0.4,0.85,0.8,0.75,0.4
436,,0.7,0.65,0.6,0.25,0.7,0.65,0.6,0.25
437,,0.55,0.5,0.45,0.1,0.55,0.5,0.45,0.1
438,,0.4,0.35,0.3,-0.05,0.4,0.35,0.3,-0.05
439,4,0.579,0.6,0.621,0.95,0.721,0.6,0.479,0.1
440,4,0.758,0.85,0.942,1.0,1.0,0.85,0.658,0.25
441,,0.608,0.7,0.792,0.85,0.85,0.7,0.508,0.1
442,,0.458,0.55,0.642,0.7,0.7,0.55,0.358,-0.05
443,8,0.779,0.8,0.821,0.85,0.879,0.8,0.679,0.95
444,8,1.0,1.0,1.0,1.0,1.0,1.0,1.0,1.0
445,,0.85,0.85,0.85,0.85,0.85,0.85,0.85,0.85
446,,0.7,0.7,0.7,0.7,0.7,0.7,0.7,0.7
447,,0.55,0.55,0.55,0.55,0.55,0.55,0.55,0.55
448,,0.4,0.4,0.4,0.4,0.4,0.4,0.4,0.4
449,,0.25,0.25,0.25,0.25,0.25,0.25,0.25,0.25
450,,0.1,0.1,0.1,0.1,0.1,0.1,0.1,0.1
451,,-0.05,-0.05,-0.05,-0.05,-0.05,-0.05,-0.05,-0.05
452,7,0.2,0.129,0.1,0.129,0.2,0.271,0.95,0.271
453,7,0.45,0.308,0.25,0.308,0.45,0.592,1.0,0.592
454,,0.3,0.158,0.1,0.158,0.3,0.442,0.85,0.442
455,,0.15,0.008,-0.05,0.008,0.15,0.292,0.7,0.292
456,3,0.4,0.329,0.95,0.329,0.4,0.471,0.85,0.471
457,3,0.65,0.65,1.0,0.65,0.65,0.65,1.0,0.65
458,,0.5,0.5,0.85,0.5,0.5,0.5,0.85,0.5
459,,0.35,0.35,0.7,0.35,0.35,0.35,0.7,0.35
460,,0.2,0.2,0.55,0.2,0.2,0.2,0.55,0.2
461,,0.05,0.05,0.4,0.05,0.05,0.05,0.4,0.05
462,,-0.1,-0.1,0.25,-0.1,-0.1,-0.1,0.25,-0.1
463,6,0.079,0.05,0.429,0.15,0.221,0.9,0.571,0.15
464,6,0.258,0.2,0.608,0.4,0.542,1.0,0.892,0.4
465,,0.108,0.05,0.458,0.25,0.392,0.85,0.742,0.25
466,,-0.042,-0.1,0.308,0.1,0.242,0.7,0.592,0.1
467,2,0.279,0.9,0.629,0.35,0.421,0.85,0.771,0.35
468,2,0.6,1.0,0.95,0.6,0.6,1.0,0.95,0.6
469,,0.45,0.85,0.8,0.45,0.45,0.85,0.8,0.45
470,,0.3,0.7,0.65,0.3,0.3,0.7,0.65,0.3
471,,0.15,0.55,0.5,0.15,0.15,0.55,0.5,0.15
472,,0.0,0.4,0.35,0.0,0.0,0.4,0.35,0.0
473,,-0.15,0.25,0.2,-0.15,-0.15,0.25,0.2,-0.15
474,8,0.171,0.5,0.379,0.0,0.029,0.5,0.521,0.85
475,8,0.492,0.75,0.558,0.15,0.208,0.75,0.842,1.0
476,,0.342,0.6,0.408,0.0,0.058,0.6,0.692,0.85
477,,0.192,0.45,0.258,-0.15,-0.092,0.45,0.542,0.7
478,4,0.371,0.7,0.579,0.85,0.229,0.7,0.721,0.85
479,4,0.55,0.95,0.9,1.0,0.55,0.95,0.9,1.0
480,,0.4,0.8,0.75,0.85,0.4,0.8,0.75,0.85
481,,0.25,0.65,0.6,0.7,0.25,0.65,0.6,0.7
482,,0.1,0.5,0.45,0.55,0.1,0.5,0.45,0.55
483,,-0.05,0.35,0.3,0.4,-0.05,0.35,0.3,0.4
484,5,0.1,0.529,0.55,0.721,0.95,0.671,0.55,0.579
485,5,0.25,0.708,0.8,1.0,1.0,0.992,0.8,0.758
486,,0.1,0.558,0.65,0.85,0.85,0.842,0.65,0.608
487,,-0.05,0.408,0.5,0.7,0.7,0.692,0.5,0.458
488,1,0.95,0.729,0.75,0.879,0.85,0.871,0.75,0.779
489,1,1.0,1.0,1.0,1.0,1.0,1.0,1.0,1.0
490,,0.85,0.85,0.85,0.85,0.85,0.85,0.85,0.85
491,,0.7,0.7,0.7,0.7,0.7,0.7,0.7,0.7
492,,0.55,0.55,0.55,0.55,0.55,0.55,0.55,0.55
493,,0.4,0.4,0.4,0.4,0.4,0.4,0.4,0.4
494,,0.25,0.25,0.25,0.25,0.25,0.25,0.25,0.25
495,,0.1,0.1,0.1,0.1,0.1,0.1,0.1,0.1
496,,-0.05,-0.05,-0.05,-0.05,-0.05,-0.05,-0.05,-0.05
497,5,0.1,0.129,0.2,0.271,0.95,0.271,0.2,0.129
498,5,0.25,0.308,0.45,0.592,1.0,0.592,0.45,0.308
499,,0.1,0.158,0.3,0.442,0.85,0.442,0.3,0.158
500,,-0.05,0.008,0.15,0.292,0.7,0.292,0.15,0.008
501,1,0.95,0.329,0.4,0.471,0.85,0.471,0.4,0.329
502,1,1.0,0.65,0.65,0.65,1.0,0.65,0.65,0.65
503,,0.85,0.5,0.5,0.5,0.85,0.5,0.5,0.5
504,,0.7,0.35,0.35,0.35,0.7,0.35,0.35,0.35
505,,0.55,0.2,0.2,0.2,0.55,0.2,0.2,0.2
506,,0.4,0.05,0.05,0.05,0.4,0.05,0.05,0.05
507,,0.25,-0.1,-0.1,-0.1,0.25,-0.1,-0.1,-0.1
508,8,0.571,0.15,0.079,0.05,0.429,0.15,0.221,0.9
509,8,0.892,0.4,0.258,0.2,0.608,0.4,0.542,1.0
510,,0.742,0.25,0.108,0.05,0.458,0.25,0.392,0.85
511,,0.592,0.1,-0.042,-0.1,0.308,0.1,0.242,0.7
512,4,0.771,0.35,0.279,0.9,0.629,0.35,0.421,0.85
513,4,0.95,0.6,0.6,1.0,0.95,0.6,0.6,1.0
514,,0.8,0.45,0.45,0.85,0.8,0.45,0.45,0.85
515,,0.65,0.3,0.3,0.7,0.65,0.3,0.3,0.7
516,,0.5,0.15,0.15,0.55,0.5,0.15,0.15,0.55
517,,0.35,0.0,0.0,0.4,0.35,0.0,0.0,0.4
518,,0.2,-0.15,-0.15,0.25,0.2,-0.15,-0.15,0.25
519,6,0.379,0.0,0.029,0.5,0.521,0.85,0.171,0.5
520,6,0.558,0.15,0.208,0.75,0.842,1.0,0.492,0.75
521,,0.408,0.0,0.058,0.6,0.692,0.85,0.342,0.6
522,,0.258,-0.15,-0.092,0.45,0.542,0.7,0.192,0.45
523,2,0.579,0.85,0.229,0.7,0.721,0.85,0.371,0.7
524,2,0.9,1.0,0.55,0.95,0.9,1.0,0.55,0.95
525,,0.75,0.85,0.4,0.8,0.75,0.85,0.4,0.8
526,,0.6,0.7,0.25,0.65,0.6,0.7,0.25,0.65
527,,0.45,0.55,0.1,0.5,0.45,0.55,0.1,0.5
528,,0.3,0.4,-0.05,0.35,0.3,0.4,-0.05,0.35
529,7,0.55,0.579,0.1,0.529,0.55,0.721,0.95,0.671
530,7,0.8,0.758,0.25,0.708,0.8,1.0,1.0,0.992
531,,0.65,0.608,0.1,0.558,0.65,0.85,0.85,0.842
532,,0.5,0.458,-0.05,0.408,0.5,0.7,0.7,0.692
533,3,0.75,0.779,0.95,0.729,0.75,0.879,0.85,0.871
534,3,1.0,1.0,1.0,1.0,1.0,1.0,1.0,1.0
535,,0.85,0.85,0.85,0.85,0.85,0.85,0.85,0.85
536,,0.7,0.7,0.7,0.7,0.7,0.7,0.7,0.7
537,,0.55,0.55,0.55,0.55,0.55,0.55,0.55,0.55
538,,0.4,0.4,0.4,0.4,0.4,0.4,0.4,0.4
539,,0.25,0.25,0.25,0.25,0.25,0.25,0.25,0.25
540,,0.1,0.1,0.1,0.1,0.1,0.1,0.1,0.1
541,,-0.05,-0.05,-0.05,-0.05,-0.05,-0.05,-0.05,-0.05
542,1,0.95,0.271,0.2,0.129,0.1,0.129,0.2,0.271
543,1,1.0,0.592,0.45,0.308,0.25,0.308,0.45,0.592
544,,0.85,0.442,0.3,0.158,0.1,0.158,0.3,0.442
545,,0.7,0.292,0.15,0.008,-0.05,0.008,0.15,0.292
546,5,0.85,0.471,0.4,0.329,0.95,0.329,0.4,0.471
547,5,1.0,0.65,0.65,0.65,1.0,0.65,0.65,0.65
548,,0.85,0.5,0.5,0.5,0.85,0.5,0.5,0.5
549,,0.7,0.35,0.35,0.35,0.7,0.35,0.35,0.35
550,,0.55,0.2,0.2,0.2,0.55,0.2,0.2,0.2
551,,0.4,0.05,0.05,0.05,0.4,0.05,0.05,0.05
552,,0.25,-0.1,-0.1,-0.1,0.25,-0.1,-0.1,-0.1
553,3,0.5,0.221,0.9,0.221,0.5,0.079,0.05,0.079
554,3,0.75,0.542,1.0,0.542,0.75,0.258,0.2,0.258
555,,0.6,0.392,0.85,0.392,0.6,0.108,0.05,0.108
556,,0.45,0.242,0.7,0.242,0.45,-0.042,-0.1,-0.042
557,7,0.7,0.421,0.85,0.421,0.7,0.279,0.9,0.279
558,7,0.95,0.6,1.0,0.6,0.95,0.6,1.0,0.6
559,,0.8,0.45,0.85,0.45,0.8,0.45,0.85,0.45
560,,0.65,0.3,0.7,0.3,0.65,0.3,0.7,0.3
561,,0.5,0.15,0.55,0.15,0.5,0.15,0.55,0.15
562,,0.35,0.0,0.4,0.0,0.35,0.0,0.4,0.0
563,,0.2,-0.15,0.25,-0.15,0.2,-0.15,0.25,-0.15
564,6,0.379,0.0,0.429,0.1,0.521,0.85,0.571,0.1
565,6,0.558,0.15,0.608,0.35,0.842,1.0,0.892,0.35
566,,0.408,0.0,0.458,0.2,0.692,0.85,0.742,0.2
567,,0.258,-0.15,0.308,0.05,0.542,0.7,0.592,0.05
568,2,0.579,0.85,0.629,0.3,0.721,0.85,0.771,0.3
569,2,0.9,1.0,0.95,0.55,0.9,1.0,0.95,0.55
570,,0.75,0.85,0.8,0.4,0.75,0.85,0.8,0.4
571,,0.6,0.7,0.65,0.25,0.6,0.7,0.65,0.25
572,,0.45,0.55,0.5,0.1,0.45,0.55,0.5,0.1
573,,0.3,0.4,0.35,-0.05,0.3,0.4,0.35,-0.05
574,8,0.621,0.65,0.529,0.1,0.479,0.65,0.671,0.95
575,8,0.942,0.9,0.708,0.25,0.658,0.9,0.992,1.0
576,,0.792,0.75,0.558,0.1,0.508,0.75,0.842,0.85
577,,0.642,0.6,0.408,-0.05,0.358,0.6,0.692,0.7
578,4,0.821,0.85,0.729,0.95,0.679,0.85,0.871,0.85
579,4,1.0,1.0,1.0,1.0,1.0,1.0,1.0,1.0
580,,0.85,0.85,0.85,0.85,0.85,0.85,0.85,0.85
581,,0.7,0.7,0.7,0.7,0.7,0.7,0.7,0.7
582,,0.55,0.55,0.55,0.55,0.55,0.55,0.55,0.55
583,,0.4,0.4,0.4,0.4,0.4,0.4,0.4,0.4
584,,0.25,0.25,0.25,0.25,0.25,0.25,0.25,0.25
585,,0.1,0.1,0.1,0.1,0.1,0.1,0.1,0.1
586,,-0.05,-0.05,-0.05,-0.05,-0.05,-0.05,-0.05,-0.05
587,6,0.129,0.1,0.129,0.2,0.271,0.95,0.271,0.2
588,6,0.308,0.25,0.308,0.45,0.592,1.0,0.592,0.45
589,,0.158,0.1,0.158,0.3,0.442,0.85,0.442,0.3
590,,0.008,-0.05,0.008,0.15,0.292,0.7,0.292,0.15
591,2,0.329,0.95,0.329,0.4,0.471,0.85,0.471,0.4
592,2,0.65,1.0,0.65,0.65,0.65,1.0,0.65,0.65
593,,0.5,0.85,0.5,0.5,0.5,0.85,0.5,0.5
594,,0.35,0.7,0.35,0.35,0.35,0.7,0.35,0.35
595,,0.2,0.55,0.2,0.2,0.2,0.55,0.2,0.2
596,,0.05,0.4,0.05,0.05,0.05,0.4,0.05,0.05
597,,-0.1,0.25,-0.1,-0.1,-0.1,0.25,-0.1,-0.1
598,3,0.15,0.571,0.9,0.221,0.15,0.429,0.05,0.079
599,3,0.4,0.892,1.0,0.542,0.4,0.608,0.2,0.258
600,,0.25,0.742,0.85,0.392,0.25,0.458,0.05,0.108
601,,0.1,0.592,0.7,0.242,0.1,0.308,-0.1,-0.042
602,7,0.35,0.771,0.85,0.421,0.35,0.629,0.9,0.279
603,7,0.6,0.95,1.0,0.6,0.6,0.95,1.0,0.6
604,,0.45,0.8,0.85,0.45,0.45,0.8,0.85,0.45
605,,0.3,0.65,0.7,0.3,0.3,0.65,0.7,0.3
606,,0.15,0.5,0.55,0.15,0.15,0.5,0.55,0.15
607,,0.0,0.35,0.4,0.0,0.0,0.35,0.4,0.0
608,,-0.15,0.2,0.25,-0.15,-0.15,0.2,0.25,-0.15
609,4,0.029,0.45,0.571,0.85,0.171,0.45,0.429,0.0
610,4,0.208,0.7,0.892,1.0,0.492,0.7,0.608,0.15
611,,0.058,0.55,0.742,0.85,0.342,0.55,0.458,0.0
612,,-0.092,0.4,0.592,0.7,0.192,0.4,0.308,-0.15
613,8,0.229,0.65,0.771,0.85,0.371,0.65,0.629,0.85
614,8,0.55,0.9,0.95,1.0,0.55,0.9,0.95,1.0
615,,0.4,0.75,0.8,0.85,0.4,0.75,0.8,0.85
616,,0.25,0.6,0.65,0.7,0.25,0.6,0.65,0.7
617,,0.1,0.45,0.5,0.55,0.1,0.45,0.5,0.55
618,,-0.05,0.3,0.35,0.4,-0.05,0.3,0.35,0.4
619,1,0.95,0.621,0.6,0.579,0.1,0.479,0.6,0.721
620,1,1.0,0.942,0.85,0.758,0.25,0.658,0.85,1.0
621,,0.85,0.792,0.7,0.608,0.1,0.508,0.7,0.85
622,,0.7,0.642,0.55,0.458,-0.05,0.358,0.55,0.7
623,5,0.85,0.821,0.8,0.779,0.95,0.679,0.8,0.879
624,5,1.0,1.0,1.0,1.0,1.0,1.0,1.0,1.0
625,,0.85,0.85,0.85,0.85,0.85,0.85,0.85,0.85
626,,0.7,0.7,0.7,0.7,0.7,0.7,0.7,0.7
627,,0.55,0.55,0.55,0.55,0.55,0.55,0.55,0.55
628,,0.4,0.4,0.4,0.4,0.4,0.4,0.4,0.4
629,,0.25,0.25,0.25,0.25,0.25,0.25,0.25,0.25
630,,0.1,0.1,0.1,0.1,0.1,0.1,0.1,0.1
631,,-0.05,-0.05,-0.05,-0.05,-0.05,-0.05,-0.05,-0.05
632,2,0.271,0.95,0.271,0.2,0.129,0.1,0.129,0.2
633,2,0.592,1.0,0.592,0.45,0.308,0.25,0.308,0.45
634,,0.442,0.85,0.442,0.3,0.158,0.1,0.158,0.3
635,,0.292,0.7,0.292,0.15,0.008,-0.05,0.008,0.15
636,6,0.471,0.85,0.471,0.4,0.329,0.95,0.329,0.4
637,6,0.65,1.0,0.65,0.65,0.65,1.0,0.65,0.65
638,,0.5,0.85,0.5,0.5,0.5,0.85,0.5,0.5
639,,0.35,0.7,0.35,0.35,0.35,0.7,0.35,0.35
640,,0.2,0.55,0.2,0.2,0.2,0.55,0.2,0.2
641,,0.05,0.4,0.05,0.05,0.05,0.4,0.05,0.05
642,,-0.1,0.25,-0.1,-0.1,-0.1,0.25,-0.1,-0.1
643,1,0.9,0.571,0.15,0.079,0.05,0.429,0.15,0.221
644,1,1.0,0.892,0.4,0.258,0.2,0.608,0.4,0.542
645,,0.85,0.742,0.25,0.108,0.05,0.458,0.25,0.392
646,,0.7,0.592,0.1,-0.042,-0.1,0.308,0.1,0.242
647,5,0.85,0.771,0.35,0.279,0.9,0.629,0.35,0.421
648,5,1.0,0.95,0.6,0.6,1.0,0.95,0.6,0.6
649,,0.85,0.8,0.45,0.45,0.85,0.8,0.45,0.45
650,,0.7,0.65,0.3,0.3,0.7,0.65,0.3,0.3
651,,0.55,0.5,0.15,0.15,0.55,0.5,0.15,0.15
652,,0.4,0.35,0.0,0.0,0.4,0.35,0.0,0.0
653,,0.25,0.2,-0.15,-0.15,0.25,0.2,-0.15,-0.15
654,8,0.571,0.45,0.029,0.0,0.429,0.45,0.171,0.85
655,8,0.892,0.7,0.208,0.15,0.608,0.7,0.492,1.0
656,,0.742,0.55,0.058,0.0,0.458,0.55,0.342,0.85
657,,0.592,0.4,-0.092,-0.15,0.308,0.4,0.192,0.7
658,4,0.771,0.65,0.229,0.85,0.629,0.65,0.371,0.85
659,4,0.95,0.9,0.55,1.0,0.95,0.9,0.55,1.0
660,,0.8,0.75,0.4,0.85,0.8,0.75,0.4,0.85
661,,0.65,0.6,0.25,0.7,0.65,0.6,0.25,0.7
662,,0.5,0.45,0.1,0.55,0.5,0.45,0.1,0.55
663,,0.35,0.3,-0.05,0.4,0.35,0.3,-0.05,0.4
664,3,0.6,0.621,0.95,0.721,0.6,0.479,0.1,0.579
665,3,0.85,0.942,1.0,1.0,0.85,0.658,0.25,0.758
666,,0.7,0.792,0.85,0.85,0.7,0.508,0.1,0.608
667,,0.55,0.642,0.7,0.7,0.55,0.358,-0.05,0.458
668,7,0.8,0.821,0.85,0.879,0.8,0.679,0.95,0.779
669,7,1.0,1.0,1.0,1.0,1.0,1.0,1.0,1.0
670,,0.85,0.85,0.85,0.85,0.85,0.85,0.85,0.85
671,,0.7,0.7,0.7,0.7,0.7,0.7,0.7,0.7
672,,0.55,0.55,0.55,0.55,0.55,0.55,0.55,0.55
673,,0.4,0.4,0.4,0.4,0.4,0.4,0.4,0.4
674,,0.25,0.25,0.25,0.25,0.25,0.25,0.25,0.25
675,,0.1,0.1,0.1,0.1,0.1,0.1,0.1,0.1
676,,-0.05,-0.05,-0.05,-0.05,-0.05,-0.05,-0.05,-0.05
677,8,0.271,0.2,0.129,0.1,0.129,0.2,0.271,0.95
678,8,0.592,0.45,0.308,0.25,0.308,0.45,0.592,1.0
679,,0.442,0.3,0.158,0.1,0.158,0.3,0.442,0.85
680,,0.292,0.15,0.008,-0.05,0.008,0.15,0.292,0.7
681,4,0.471,0.4,0.329,0.95,0.329,0.4,0.471,0.85
682,4,0.65,0.65,0.65,1.0,0.65,0.65,0.65,1.0
683,,0.5,0.5,0.5,0.85,0.5,0.5,0.5,0.85
684,,0.35,0.35,0.35,0.7,0.35,0.35,0.35,0.7
685,,0.2,0.2,0.2,0.55,0.2,0.2,0.2,0.55
686,,0.05,0.05,0.05,0.4,0.05,0.05,0.05,0.4
687,,-0.1,-0.1,-0.1,0.25,-0.1,-0.1,-0.1,0.25
688,1,0.9,0.221,0.15,0.429,0.05,0.079,0.15,0.571
689,1,1.0,0.542,0.4,0.608,0.2,0.258,0.4,0.892
690,,0.85,0.392,0.25,0.458,0.05,0.108,0.25,0.742
691,,0.7,0.242,0.1,0.308,-0.1,-0.042,0.1,0.592
692,5,0.85,0.421,0.35,0.629,0.9,0.279,0.35,0.771
693,5,1.0,0.6,0.6,0.95,1.0,0.6,0.6,0.95
694,,0.85,0.45,0.45,0.8,0.85,0.45,0.45,0.8
695,,0.7,0.3,0.3,0.65,0.7,0.3,0.3,0.65
696,,0.55,0.15,0.15,0.5,0.55,0.15,0.15,0.5
697,,0.4,0.0,0.0,0.35,0.4,0.0,0.0,0.35
698,,0.25,-0.15,-0.15,0.2,0.25,-0.15,-0.15,0.2
699,3,0.5,0.171,0.85,0.521,0.5,0.029,0.0,0.379
700,3,0.75,0.492,1.0,0.842,0.75,0.208,0.15,0.558
701,,0.6,0.342,0.85,0.692,0.6,0.058,0.0,0.408
702,,0.45,0.192,0.7,0.542,0.45,-0.092,-0.15,0.258
703,7,0.7,0.371,0.85,0.721,0.7,0.229,0.85,0.579
704,7,0.95,0.55,1.0,0.9,0.95,0.55,1.0,0.9
705,,0.8,0.4,0.85,0.75,0.8,0.4,0.85,0.75
706,,0.65,0.25,0.7,0.6,0.65,0.25,0.7,0.6
707,,0.5,0.1,0.55,0.45,0.5,0.1,0.55,0.45
708,,0.35,-0.05,0.4,0.3,0.35,-0.05,0.4,0.3
709,6,0.529,0.1,0.579,0.55,0.671,0.95,0.721,0.55
710,6,0.708,0.25,0.758,0.8,0.992,1.0,1.0,0.8
711,,0.558,0.1,0.608,0.65,0.842,0.85,0.85,0.65
712,,0.408,-0.05,0.458,0.5,0.692,0.7,0.7,0.5
713,2,0.729,0.95,0.779,0.75,0.871,0.85,0.879,0.75
714,2,1.0,1.0,1.0,1.0,1.0,1.0,1.0,1.0
715,,0.85,0.85,0.85,0.85,0.85,0.85,0.85,0.85
716,,0.7,0.7,0.7,0.7,0.7,0.7,0.7,0.7
717,,0.55,0.55,0.55,0.55,0.55,0.55,0.55,0.55
718,,0.4,0.4,0.4,0.4,0.4,0.4,0.4,0.4
719,,0.25,0.25,0.25,0.25,0.25,0.25,0.25,0.25
720,,0.1,0.1,0.1,0.1,0.1,0.1,0.1,0.1
721,,-0.05,-0.05,-0.05,-0.05,-0.05,-0.05,-0.05,-0.05
722,1,0.95,0.271,0.2,0.129,0.1,0.129,0.2,0.271
723,1,1.0,0.592,0.45,0.308,0.25,0.308,0.45,0.592
724,,0.85,0.442,0.3,0.158,0.1,0.158,0.3,0.442
725,,0.7,0.292,0.15,0.008,-0.05,0.008,0.15,0.292
726,5,0.85,0.471,0.4,0.329,0.95,0.329,0.4,0.471
727,5,1.0,0.65,0.65,0.65,1.0,0.65,0.65,0.65
728,,0.85,0.5,0.5,0.5,0.85,0.5,0.5,0.5
729,,0.7,0.35,0.35,0.35,0.7,0.35,0.35,0.35
730,,0.55,0.2,0.2,0.2,0.55,0.2,0.2,0.2
731,,0.4,0.05,0.05,0.05,0.4,0.05,0.05,0.05
732,,0.25,-0.1,-0.1,-0.1,0.25,-0.1,-0.1,-0.1
733,2,0.571,0.9,0.221,0.15,0.429,0.05,0.079,0.15
734,2,0.892,1.0,0.542,0.4,0.608,0.2,0.258,0.4
735,,0.742,0.85,0.392,0.25,0.458,0.05,0.108,0.25
736,,0.592,0.7,0.242,0.1,0.308,-0.1,-0.042,0.1
737,6,0.771,0.85,0.421,0.35,0.629,0.9,0.279,0.35
738,6,0.95,1.0,0.6,0.6,0.95,1.0,0.6,0.6
739,,0.8,0.85,0.45,0.45,0.8,0.85,0.45,0.45
740,,0.65,0.7,0.3,0.3,0.65,0.7,0.3,0.3
741,,0.5,0.55,0.15,0.15,0.5,0.55,0.15,0.15
742,,0.35,0.4,0.0,0.0,0.35,0.4,0.0,0.0
743,,0.2,0.25,-0.15,-0.15,0.2,0.25,-0.15,-0.15
744,7,0.45,0.429,0.0,0.029,0.45,0.571,0.85,0.171
745,7,0.7,0.608,0.15,0.208,0.7,0.892,1.0,0.492
746,,0.55,0.458,0.0,0.058,0.55,0.742,0.85,0.342
747,,0.4,0.308,-0.15,-0.092,0.4,0.592,0.7,0.192
748,3,0.65,0.629,0.85,0.229,0.65,0.771,0.85,0.371
749,3,0.9,0.95,1.0,0.55,0.9,0.95,1.0,0.55
750,,0.75,0.8,0.85,0.4,0.75,0.8,0.85,0.4
751,,0.6,0.65,0.7,0.25,0.6,0.65,0.7,0.25
752,,0.45,0.5,0.55,0.1,0.45,0.5,0.55,0.1
753,,0.3,0.35,0.4,-0.05,0.3,0.35,0.4,-0.05
754,4,0.479,0.6,0.721,0.95,0.621,0.6,0.579,0.1
755,4,0.658,0.85,1.0,1.0,0.942,0.85,0.758,0.25
756,,0.508,0.7,0.85,0.85,0.792,0.7,0.608,0.1
757,,0.358,0.55,0.7,0.7,0.642,0.55,0.458,-0.05
758,8,0.679,0.8,0.879,0.85,0.821,0.8,0.779,0.95
759,8,1.0,1.0,1.0,1.0,1.0,1.0,1.0,1.0
760,,0.85,0.85,0.85,0.85,0.85,0.85,0.85,0.85
761,,0.7,0.7,0.7,0.7,0.7,0.7,0.7,0.7
762,,0.55,0.55,0.55,0.55,0.55,0.55,0.55,0.55
763,,0.4,0.4,0.4,0.4,0.4,0.4,0.4,0.4
764,,0.25,0.25,0.25,0.25,0.25,0.25,0.25,0.25
765,,0.1,0.1,0.1,0.1,0.1,0.1,0.1,0.1
766,,-0.05,-0.05,-0.05,-0.05,-0.05,-0.05,-0.05,-0.05
767,8,0.271,0.2,0.129,0.1,0.129,0.2,0.271,0.95
768,8,0.592,0.45,0.308,0.25,0.308,0.45,0.592,1.0
769,,0.442,0.3,0.158,0.1,0.158,0.3,0.442,0.85
770,,0.292,0.15,0.008,-0.05,0.008,0.15,0.292,0.7
771,4,0.471,0.4,0.329,0.95,0.329,0.4,0.471,0.85
772,4,0.65,0.65,0.65,1.0,0.65,0.65,0.65,1.0
773,,0.5,0.5,0.5,0.85,0.5,0.5,0.5,0.85
774,,0.35,0.35,0.35,0.7,0.35,0.35,0.35,0.7
775,,0.2,0.2,0.2,0.55,0.2,0.2,0.2,0.55
776,,0.05,0.05,0.05,0.4,0.05,0.05,0.05,0.4
777,,-0.1,-0.1,-0.1,0.25,-0.1,-0.1,-0.1,0.25
778,7,0.15,0.079,0.05,0.429,0.15,0.221,0.9,0.571
779,7,0.4,0.258,0.2,0.608,0.4,0.542,1.0,0.892
780,,0.25,0.108,0.05,0.458,0.25,0.392,0.85,0.742
781,,0.1,-0.042,-0.1,0.308,0.1,0.242,0.7,0.592
782,3,0.35,0.279,0.9,0.629,0.35,0.421,0.85,0.771
783,3,0.6,0.6,1.0,0.95,0.6,0.6,1.0,0.95
784,,0.45,0.45,0.85,0.8,0.45,0.45,0.85,0.8
785,,0.3,0.3,0.7,0.65,0.3,0.3,0.7,0.65
786,,0.15,0.15,0.55,0.5,0.15,0.15,0.55,0.5
787,,0.0,0.0,0.4,0.35,0.0,0.0,0.4,0.35
788,,-0.15,-0.15,0.25,0.2,-0.15,-0.15,0.25,0.2
789,1,0.85,0.171,0.5,0.379,0.0,0.029,0.5,0.521
790,1,1.0,0.492,0.75,0.558,0.15,0.208,0.75,0.842
791,,0.85,0.342,0.6,0.408,0.0,0.058,0.6,0.692
792,,0.7,0.192,0.45,0.258,-0.15,-0.092,0.45,0.542
793,5,0.85,0.371,0.7,0.579,0.85,0.229,0.7,0.721
794,5,1.0,0.55,0.95,0.9,1.0,0.55,0.95,0.9
795,,0.85,0.4,0.8,0.75,0.85,0.4,0.8,0.75
796,,0.7,0.25,0.65,0.6,0.7,0.25,0.65,0.6
797,,0.55,0.1,0.5,0.45,0.55,0.1,0.5,0.45
798,,0.4,-0.05,0.35,0.3,0.4,-0.05,0.35,0.3
799,6,0.579,0.1,0.529,0.55,0.721,0.95,0.671,0.55
800,6,0.758,0.25,0.708,0.8,1.0,1.0,0.992,0.8
801,,0.608,0.1,0.558,0.65,0.85,0.85,0.842,0.65
802,,0.458,-0.05,0.408,0.5,0.7,0.7,0.692,0.5
803,2,0.779,0.95,0.729,0.75,0.879,0.85,0.871,0.75
804,2,1.0,1.0,1.0,1.0,1.0,1.0,1.0,1.0
805,,0.85,0.85,0.85,0.85,0.85,0.85,0.85,0.85
806,,0.7,0.7,0.7,0.7,0.7,0.7,0.7,0.7
807,,0.55,0.55,0.55,0.55,0.55,0.55,0.55,0.55
808,,0.4,0.4,0.4,0.4,0.4,0.4,0.4,0.4
809,,0.25,0.25,0.25,0.25,0.25,0.25,0.25,0.25
810,,0.1,0.1,0.1,0.1,0.1,0.1,0.1,0.1
811,,-0.05,-0.05,-0.05,-0.05,-0.05,-0.05,-0.05,-0.05
812,5,0.1,0.129,0.2,0.271,0.95,0.271,0.2,0.129
813,5,0.25,0.308,0.45,0.592,1.0,0.592,0.45,0.308
814,,0.1,0.158,0.3,0.442,0.85,0.442,0.3,0.158
815,,-0.05,0.008,0.15,0.292,0.7,0.292,0.15,0.008
816,1,0.95,0.329,0.4,0.471,0.85,0.471,0.4,0.329
817,1,1.0,0.65,0.65,0.65,1.0,0.65,0.65,0.65
818,,0.85,0.5,0.5,0.5,0.85,0.5,0.5,0.5
819,,0.7,0.35,0.35,0.35,0.7,0.35,0.35,0.35
820,,0.55,0.2,0.2,0.2,0.55,0.2,0.2,0.2
821,,0.4,0.05,0.05,0.05,0.4,0.05,0.05,0.05
822,,0.25,-0.1,-0.1,-0.1,0.25,-0.1,-0.1,-0.1
823,2,0.571,0.9,0.221,0.15,0.429,0.05,0.079,0.15
824,2,0.892,1.0,0.542,0.4,0.608,0.2,0.258,0.4
825,,0.742,0.85,0.392,0.25,0.458,0.05,0.108,0.25
826,,0.592,0.7,0.242,0.1,0.308,-0.1,-0.042,0.1
827,6,0.771,0.85,0.421,0.35,0.629,0.9,0.279,0.35
828,6,0.95,1.0,0.6,0.6,0.95,1.0,0.6,0.6
829,,0.8,0.85,0.45,0.45,0.8,0.85,0.45,0.45
830,,0.65,0.7,0.3,0.3,0.65,0.7,0.3,0.3
831,,0.5,0.55,0.15,0.15,0.5,0.55,0.15,0.15
832,,0.35,0.4,0.0,0.0,0.35,0.4,0.0,0.0
833,,0.2,0.25,-0.15,-0.15,0.2,0.25,-0.15,-0.15
834,4,0.379,0.5,0.171,0.85,0.521,0.5,0.029,0.0
835,4,0.558,0.75,0.492,1.0,0.842,0.75,0.208,0.15
836,,0.408,0.6,0.342,0.85,0.692,0.6,0.058,0.0
837,,0.258,0.45,0.192,0.7,0.542,0.45,-0.092,-0.15
838,8,0.579,0.7,0.371,0.85,0.721,0.7,0.229,0.85
839,8,0.9,0.95,0.55,1.0,0.9,0.95,0.55,1.0
840,,0.75,0.8,0.4,0.85,0.75,0.8,0.4,0.85
841,,0.6,0.65,0.25,0.7,0.6,0.65,0.25,0.7
842,,0.45,0.5,0.1,0.55,0.45,0.5,0.1,0.55
843,,0.3,0.35,-0.05,0.4,0.3,0.35,-0.05,0.4
844,7,0.55,0.529,0.1,0.579,0.55,0.671,0.95,0.721
845,7,0.8,0.708,0.25,0.758,0.8,0.992,1.0,1.0
846,,0.65,0.558,0.1,0.608,0.65,0.842,0.85,0.85
847,,0.5,0.408,-0.05,0.458,0.5,0.692,0.7,0.7
848,3,0.75,0.729,0.95,0.779,0.75,0.871,0.85,0.879
849,3,1.0,1.0,1.0,1.0,1.0,1.0,1.0,1.0
850,,0.85,0.85,0.85,0.85,0.85,0.85,0.85,0.85
851,,0.7,0.7,0.7,0.7,0.7,0.7,0.7,0.7
852,,0.55,0.55,0.55,0.55,0.55,0.55,0.55,0.55
853,,0.4,0.4,0.4,0.4,0.4,0.4,0.4,0.4
854,,0.25,0.25,0.25,0.25,0.25,0.25,0.25,0.25
855,,0.1,0.1,0.1,0.1,0.1,0.1,0.1,0.1
856,,-0.05,-0.05,-0.05,-0.05,-0.05,-0.05,-0.05,-0.05
857,4,0.129,0.2,0.271,0.95,0.271,0.2,0.129,0.1
858,4,0.308,0.45,0.592,1.0,0.592,0.45,0.308,0.25
859,,0.158,0.3,0.442,0.85,0.442,0.3,0.158,0.1
860,,0.008,0.15,0.292,0.7,0.292,0.15,0.008,-0.05
861,8,0.329,0.4,0.471,0.85,0.471,0.4,0.329,0.95
862,8,0.65,0.65,0.65,1.0,0.65,0.65,0.65,1.0
863,,0.5,0.5,0.5,0.85,0.5,0.5,0.5,0.85
864,,0.35,0.35,0.35,0.7,0.35,0.35,0.35,0.7
865,,0.2,0.2,0.2,0.55,0.2,0.2,0.2,0.55
866,,0.05,0.05,0.05,0.4,0.05,0.05,0.05,0.4
867,,-0.1,-0.1,-0.1,0.25,-0.1,-0.1,-0.1,0.25
868,2,0.221,0.9,0.221,0.5,0.079,0.05,0.079,0.5
869,2,0.542,1.0,0.542,0.75,0.258,0.2,0.258,0.75
870,,0.392,0.85,0.392,0.6,0.108,0.05,0.108,0.6
871,,0.242,0.7,0.242,0.45,-0.042,-0.1,-0.042,0.45
872,6,0.421,0.85,0.421,0.7,0.279,0.9,0.279,0.7
873,6,0.6,1.0,0.6,0.95,0.6,1.0,0.6,0.95
874,,0.45,0.85,0.45,0.8,0.45,0.85,0.45,0.8
875,,0.3,0.7,0.3,0.65,0.3,0.7,0.3,0.65
876,,0.15,0.55,0.15,0.5,0.15,0.55,0.15,0.5
877,,0.0,0.4,0.0,0.35,0.0,0.4,0.0,0.35
878,,-0.15,0.25,-0.15,0.2,-0.15,0.25,-0.15,0.2
879,3,0.1,0.571,0.85,0.521,0.1,0.429,0.0,0.379
880,3,0.35,0.892,1.0,0.842,0.35,0.608,0.15,0.558
881,,0.2,0.742,0.85,0.692,0.2,0.458,0.0,0.408
