step,active_motive,motive_1,motive_2,motive_3,motive_4,motive_5,motive_6,motive_7,motive_8
0,,0.03745,0.09507,0.0732,0.05987,0.0156,0.0156,0.00581,0.08662
1,,-0.11255,-0.05493,-0.0768,-0.09013,-0.1344,-0.1344,-0.14419,-0.06338
2,7,0.13745,0.12407,0.0732,0.08887,0.1156,0.1866,0.85581,0.25762
3,7,0.38745,0.30307,0.2232,0.26787,0.3656,0.5076,1.0,0.57862
4,,0.23745,0.15307,0.0732,0.11787,0.2156,0.3576,0.85,0.42862
5,,0.08745,0.00307,-0.0768,-0.03213,0.0656,0.2076,0.7,0.27862
6,3,0.33745,0.32407,0.9232,0.28887,0.3156,0.3866,0.85,0.45762
7,3,0.58745,0.64507,1.0,0.60987,0.5656,0.5656,1.0,0.63662
8,,0.43745,0.49507,0.85,0.45987,0.4156,0.4156,0.85,0.48662
9,,0.28745,0.34507,0.7,0.30987,0.2656,0.2656,0.7,0.33662
10,,0.13745,0.19507,0.55,0.15987,0.1156,0.1156,0.55,0.18662
11,,-0.01255,0.04507,0.4,0.00987,-0.0344,-0.0344,0.4,0.03662
12,6,0.16645,0.19507,0.579,0.25987,0.2866,0.9656,0.721,0.28662
13,6,0.34545,0.34507,0.758,0.50987,0.6076,1.0,1.0,0.53662
14,,0.19545,0.19507,0.608,0.35987,0.4576,0.85,0.85,0.38662
15,,0.04545,0.04507,0.458,0.20987,0.3076,0.7,0.7,0.23662
16,,-0.10455,-0.10493,0.308,0.05987,0.1576,0.55,0.55,0.08662
17,2,0.21645,0.89507,0.629,0.30987,0.3366,0.7,0.729,0.33662
18,2,0.53745,1.0,0.95,0.55987,0.5156,0.85,0.908,0.58662
19,,0.38745,0.85,0.8,0.40987,0.3656,0.7,0.758,0.43662
20,,0.23745,0.7,0.65,0.25987,0.2156,0.55,0.608,0.28662
21,,0.08745,0.55,0.5,0.10987,0.0656,0.4,0.458,0.13662
22,,-0.06255,0.4,0.35,-0.04013,-0.0844,0.25,0.308,-0.01338
23,5,0.08745,0.579,0.6,0.28087,0.9156,0.571,0.558,0.16562
24,5,0.23745,0.758,0.85,0.60187,1.0,0.892,0.808,0.34462
25,,0.08745,0.608,0.7,0.45187,0.85,0.742,0.658,0.19462
26,,-0.06255,0.458,0.55,0.30187,0.7,0.592,0.508,0.04462
27,1,0.93745,0.779,0.8,0.48087,0.85,0.771,0.758,0.36562
28,1,1.0,1.0,1.0,0.65987,1.0,0.95,1.0,0.68662
29,,0.85,0.85,0.85,0.50987,0.85,0.8,0.85,0.53662
30,,0.7,0.7,0.7,0.35987,0.7,0.65,0.7,0.38662
31,,0.55,0.55,0.55,0.20987,0.55,0.5,0.55,0.23662
32,,0.4,0.4,0.4,0.05987,0.4,0.35,0.4,0.08662
33,,0.25,0.25,0.25,-0.09013,0.25,0.2,0.25,-0.06338
34,4,0.429,0.5,0.571,0.90987,0.571,0.45,0.429,0.08662
35,4,0.608,0.75,0.892,1.0,0.892,0.7,0.608,0.23662
36,,0.458,0.6,0.742,0.85,0.742,0.55,0.458,0.08662
37,,0.308,0.45,0.592,0.7,0.592,0.4,0.308,-0.06338
38,8,0.629,0.7,0.771,0.85,0.771,0.65,0.629,0.93662
39,8,0.95,0.95,0.95,1.0,0.95,0.9,0.95,1.0
40,,0.8,0.8,0.8,0.85,0.8,0.75,0.8,0.85
41,,0.65,0.65,0.65,0.7,0.65,0.6,0.65,0.7
42,,0.5,0.5,0.5,0.55,0.5,0.45,0.5,0.55
43,,0.35,0.35,0.35,0.4,0.35,0.3,0.35,0.4
44,,0.2,0.2,0.2,0.25,0.2,0.15,0.2,0.25
45,,0.05,0.05,0.05,0.1,0.05,0.0,0.05,0.1
46,,-0.1,-0.1,-0.1,-0.05,-0.1,-0.15,-0.1,-0.05
47,6,0.079,0.05,0.079,0.2,0.221,0.85,0.221,0.2
48,6,0.258,0.2,0.258,0.45,0.542,1.0,0.542,0.45
49,,0.108,0.05,0.108,0.3,0.392,0.85,0.392,0.3
50,,-0.042,-0.1,-0.042,0.15,0.242,0.7,0.242,0.15
51,2,0.279,0.9,0.279,0.4,0.421,0.85,0.421,0.4
52,2,0.6,1.0,0.6,0.65,0.6,1.0,0.6,0.65
53,,0.45,0.85,0.45,0.5,0.45,0.85,0.45,0.5
54,,0.3,0.7,0.3,0.35,0.3,0.7,0.3,0.35
55,,0.15,0.55,0.15,0.2,0.15,0.55,0.15,0.2
56,,0.0,0.4,0.0,0.05,0.0,0.4,0.0,0.05
57,,-0.15,0.25,-0.15,-0.1,-0.15,0.25,-0.15,-0.1
58,7,0.1,0.429,0.0,0.079,0.1,0.571,0.85,0.221
59,7,0.35,0.608,0.15,0.258,0.35,0.892,1.0,0.542
60,,0.2,0.458,0.0,0.108,0.2,0.742,0.85,0.392
61,,0.05,0.308,-0.15,-0.042,0.05,0.592,0.7,0.242
62,3,0.3,0.629,0.85,0.279,0.3,0.771,0.85,0.421
63,3,0.55,0.95,1.0,0.6,0.55,0.95,1.0,0.6
64,,0.4,0.8,0.85,0.45,0.4,0.8,0.85,0.45
65,,0.25,0.65,0.7,0.3,0.25,0.65,0.7,0.3
66,,0.1,0.5,0.55,0.15,0.1,0.5,0.55,0.15
67,,-0.05,0.35,0.4,0.0,-0.05,0.35,0.4,0.0
68,5,0.1,0.529,0.65,0.321,0.95,0.671,0.65,0.179
69,5,0.25,0.708,0.9,0.642,1.0,0.992,0.9,0.358
70,,0.1,0.558,0.75,0.492,0.85,0.842,0.75,0.208
71,,-0.05,0.408,0.6,0.342,0.7,0.692,0.6,0.058
72,1,0.95,0.729,0.85,0.521,0.85,0.871,0.85,0.379
73,1,1.0,1.0,1.0,0.7,1.0,1.0,1.0,0.7
74,,0.85,0.85,0.85,0.55,0.85,0.85,0.85,0.55
75,,0.7,0.7,0.7,0.4,0.7,0.7,0.7,0.4
76,,0.55,0.55,0.55,0.25,0.55,0.55,0.55,0.25
77,,0.4,0.4,0.4,0.1,0.4,0.4,0.4,0.1
78,,0.25,0.25,0.25,-0.05,0.25,0.25,0.25,-0.05
79,4,0.429,0.5,0.571,0.95,0.571,0.5,0.429,0.1
80,4,0.608,0.75,0.892,1.0,0.892,0.75,0.608,0.25
81,,0.458,0.6,0.742,0.85,0.742,0.6,0.458,0.1
82,,0.308,0.45,0.592,0.7,0.592,0.45,0.308,-0.05
83,8,0.629,0.7,0.771,0.85,0.771,0.7,0.629,0.95
84,8,0.95,0.95,0.95,1.0,0.95,0.95,0.95,1.0
85,,0.8,0.8,0.8,0.85,0.8,0.8,0.8,0.85
86,,0.65,0.65,0.65,0.7,0.65,0.65,0.65,0.7
87,,0.5,0.5,0.5,0.55,0.5,0.5,0.5,0.55
88,,0.35,0.35,0.35,0.4,0.35,0.35,0.35,0.4
89,,0.2,0.2,0.2,0.25,0.2,0.2,0.2,0.25
90,,0.05,0.05,0.05,0.1,0.05,0.05,0.05,0.1
91,,-0.1,-0.1,-0.1,-0.05,-0.1,-0.1,-0.1,-0.05
92,7,0.15,0.079,0.05,0.129,0.15,0.221,0.9,0.271
93,7,0.4,0.258,0.2,0.308,0.4,0.542,1.0,0.592
94,,0.25,0.108,0.05,0.158,0.25,0.392,0.85,0.442
95,,0.1,-0.042,-0.1,0.008,0.1,0.242,0.7,0.292
96,3,0.35,0.279,0.9,0.329,0.35,0.421,0.85,0.471
97,3,0.6,0.6,1.0,0.65,0.6,0.6,1.0,0.65
98,,0.45,0.45,0.85,0.5,0.45,0.45,0.85,0.5
99,,0.3,0.3,0.7,0.35,0.3,0.3,0.7,0.35
100,,0.15,0.15,0.55,0.2,0.15,0.15,0.55,0.2
101,,0.0,0.0,0.4,0.05,0.0,0.0,0.4,0.05
102,,-0.15,-0.15,0.25,-0.1,-0.15,-0.15,0.25,-0.1
103,1,0.85,0.171,0.5,0.079,0.0,0.029,0.5,0.221
104,1,1.0,0.492,0.75,0.258,0.15,0.208,0.75,0.542
105,,0.85,0.342,0.6,0.108,0.0,0.058,0.6,0.392
106,,0.7,0.192,0.45,-0.042,-0.15,-0.092,0.45,0.242
107,5,0.85,0.371,0.7,0.279,0.85,0.229,0.7,0.421
108,5,1.0,0.55,0.95,0.6,1.0,0.55,0.95,0.6
109,,0.85,0.4,0.8,0.45,0.85,0.4,0.8,0.45
110,,0.7,0.25,0.65,0.3,0.7,0.25,0.65,0.3
111,,0.55,0.1,0.5,0.15,0.55,0.1,0.5,0.15
112,,0.4,-0.05,0.35,0.0,0.4,-0.05,0.35,0.0
113,6,0.579,0.1,0.529,0.25,0.721,0.95,0.671,0.25
114,6,0.758,0.25,0.708,0.5,1.0,1.0,0.992,0.5
115,,0.608,0.1,0.558,0.35,0.85,0.85,0.842,0.35
116,,0.458,-0.05,0.408,0.2,0.7,0.7,0.692,0.2
117,2,0.779,0.95,0.729,0.45,0.879,0.85,0.871,0.45
118,2,1.0,1.0,1.0,0.7,1.0,1.0,1.0,0.7
119,,0.85,0.85,0.85,0.55,0.85,0.85,0.85,0.55
120,,0.7,0.7,0.7,0.4,0.7,0.7,0.7,0.4
121,,0.55,0.55,0.55,0.25,0.55,0.55,0.55,0.25
122,,0.4,0.4,0.4,0.1,0.4,0.4,0.4,0.1
123,,0.25,0.25,0.25,-0.05,0.25,0.25,0.25,-0.05
124,8,0.571,0.5,0.429,0.1,0.429,0.5,0.571,0.95
125,8,0.892,0.75,0.608,0.25,0.608,0.75,0.892,1.0
126,,0.742,0.6,0.458,0.1,0.458,0.6,0.742,0.85
127,,0.592,0.45,0.308,-0.05,0.308,0.45,0.592,0.7
128,4,0.771,0.7,0.629,0.95,0.629,0.7,0.771,0.85
129,4,0.95,0.95,0.95,1.0,0.95,0.95,0.95,1.0
130,,0.8,0.8,0.8,0.85,0.8,0.8,0.8,0.85
131,,0.65,0.65,0.65,0.7,0.65,0.65,0.65,0.7
132,,0.5,0.5,0.5,0.55,0.5,0.5,0.5,0.55
133,,0.35,0.35,0.35,0.4,0.35,0.35,0.35,0.4
134,,0.2,0.2,0.2,0.25,0.2,0.2,0.2,0.25
135,,0.05,0.05,0.05,0.1,0.05,0.05,0.05,0.1
136,,-0.1,-0.1,-0.1,-0.05,-0.1,-0.1,-0.1,-0.05
137,5,0.05,0.079,0.15,0.271,0.9,0.221,0.15,0.129
138,5,0.2,0.258,0.4,0.592,1.0,0.542,0.4,0.308
139,,0.05,0.108,0.25,0.442,0.85,0.392,0.25,0.158
140,,-0.1,-0.042,0.1,0.292,0.7,0.242,0.1,0.008
141,1,0.9,0.279,0.35,0.471,0.85,0.421,0.35,0.329
142,1,1.0,0.6,0.6,0.65,1.0,0.6,0.6,0.65
143,,0.85,0.45,0.45,0.5,0.85,0.45,0.45,0.5
144,,0.7,0.3,0.3,0.35,0.7,0.3,0.3,0.35
145,,0.55,0.15,0.15,0.2,0.55,0.15,0.15,0.2
146,,0.4,0.0,0.0,0.05,0.4,0.0,0.0,0.05
147,,0.25,-0.15,-0.15,-0.1,0.25,-0.15,-0.15,-0.1
148,3,0.5,0.171,0.85,0.221,0.5,0.029,0.0,0.079
149,3,0.75,0.492,1.0,0.542,0.75,0.208,0.15,0.258
150,,0.6,0.342,0.85,0.392,0.6,0.058,0.0,0.108
151,,0.45,0.192,0.7,0.242,0.45,-0.092,-0.15,-0.042
152,7,0.7,0.371,0.85,0.421,0.7,0.229,0.85,0.279
153,7,0.95,0.55,1.0,0.6,0.95,0.55,1.0,0.6
154,,0.8,0.4,0.85,0.45,0.8,0.4,0.85,0.45
155,,0.65,0.25,0.7,0.3,0.65,0.25,0.7,0.3
156,,0.5,0.1,0.55,0.15,0.5,0.1,0.55,0.15
157,,0.35,-0.05,0.4,0.0,0.35,-0.05,0.4,0.0
158,6,0.529,0.1,0.579,0.25,0.671,0.95,0.721,0.25
159,6,0.708,0.25,0.758,0.5,0.992,1.0,1.0,0.5
160,,0.558,0.1,0.608,0.35,0.842,0.85,0.85,0.35
161,,0.408,-0.05,0.458,0.2,0.692,0.7,0.7,0.2
162,2,0.729,0.95,0.779,0.45,0.871,0.85,0.879,0.45
163,2,1.0,1.0,1.0,0.7,1.0,1.0,1.0,0.7
164,,0.85,0.85,0.85,0.55,0.85,0.85,0.85,0.55
165,,0.7,0.7,0.7,0.4,0.7,0.7,0.7,0.4
166,,0.55,0.55,0.55,0.25,0.55,0.55,0.55,0.25
167,,0.4,0.4,0.4,0.1,0.4,0.4,0.4,0.1
168,,0.25,0.25,0.25,-0.05,0.25,0.25,0.25,-0.05
169,8,0.571,0.5,0.429,0.1,0.429,0.5,0.571,0.95
170,8,0.892,0.75,0.608,0.25,0.608,0.75,0.892,1.0
171,,0.742,0.6,0.458,0.1,0.458,0.6,0.742,0.85
172,,0.592,0.45,0.308,-0.05,0.308,0.45,0.592,0.7
173,4,0.771,0.7,0.629,0.95,0.629,0.7,0.771,0.85
174,4,0.95,0.95,0.95,1.0,0.95,0.95,0.95,1.0
175,,0.8,0.8,0.8,0.85,0.8,0.8,0.8,0.85
176,,0.65,0.65,0.65,0.7,0.65,0.65,0.65,0.7
177,,0.5,0.5,0.5,0.55,0.5,0.5,0.5,0.55
178,,0.35,0.35,0.35,0.4,0.35,0.35,0.35,0.4
179,,0.2,0.2,0.2,0.25,0.2,0.2,0.2,0.25
180,,0.05,0.05,0.05,0.1,0.05,0.05,0.05,0.1
181,,-0.1,-0.1,-0.1,-0.05,-0.1,-0.1,-0.1,-0.05
182,5,0.05,0.079,0.15,0.271,0.9,0.221,0.15,0.129
183,5,0.2,0.258,0.4,0.592,1.0,0.542,0.4,0.308
184,,0.05,0.108,0.25,0.442,0.85,0.392,0.25,0.158
185,,-0.1,-0.042,0.1,0.292,0.7,0.242,0.1,0.008
186,1,0.9,0.279,0.35,0.471,0.85,0.421,0.35,0.329
187,1,1.0,0.6,0.6,0.65,1.0,0.6,0.6,0.65
188,,0.85,0.45,0.45,0.5,0.85,0.45,0.45,0.5
189,,0.7,0.3,0.3,0.35,0.7,0.3,0.3,0.35
190,,0.55,0.15,0.15,0.2,0.55,0.15,0.15,0.2
191,,0.4,0.0,0.0,0.05,0.4,0.0,0.0,0.05
192,,0.25,-0.15,-0.15,-0.1,0.25,-0.15,-0.15,-0.1
193,2,0.571,0.85,0.171,0.15,0.429,0.0,0.029,0.15
194,2,0.892,1.0,0.492,0.4,0.608,0.15,0.208,0.4
195,,0.742,0.85,0.342,0.25,0.458,0.0,0.058,0.25
196,,0.592,0.7,0.192,0.1,0.308,-0.15,-0.092,0.1
197,6,0.771,0.85,0.371,0.35,0.629,0.85,0.229,0.35
198,6,0.95,1.0,0.55,0.6,0.95,1.0,0.55,0.6
199,,0.8,0.85,0.4,0.45,0.8,0.85,0.4,0.45
200,,0.65,0.7,0.25,0.3,0.65,0.7,0.25,0.3
201,,0.5,0.55,0.1,0.15,0.5,0.55,0.1,0.15
202,,0.35,0.4,-0.05,0.0,0.35,0.4,-0.05,0.0
203,3,0.6,0.721,0.95,0.321,0.6,0.579,0.1,0.179
204,3,0.85,1.0,1.0,0.642,0.85,0.758,0.25,0.358
205,,0.7,0.85,0.85,0.492,0.7,0.608,0.1,0.208
206,,0.55,0.7,0.7,0.342,0.55,0.458,-0.05,0.058
207,7,0.8,0.879,0.85,0.521,0.8,0.779,0.95,0.379
208,7,1.0,1.0,1.0,0.7,1.0,1.0,1.0,0.7
209,,0.85,0.85,0.85,0.55,0.85,0.85,0.85,0.55
210,,0.7,0.7,0.7,0.4,0.7,0.7,0.7,0.4
211,,0.55,0.55,0.55,0.25,0.55,0.55,0.55,0.25
212,,0.4,0.4,0.4,0.1,0.4,0.4,0.4,0.1
213,,0.25,0.25,0.25,-0.05,0.25,0.25,0.25,-0.05
214,8,0.571,0.5,0.429,0.1,0.429,0.5,0.571,0.95
215,8,0.892,0.75,0.608,0.25,0.608,0.75,0.892,1.0
216,,0.742,0.6,0.458,0.1,0.458,0.6,0.742,0.85
217,,0.592,0.45,0.308,-0.05,0.308,0.45,0.592,0.7
218,4,0.771,0.7,0.629,0.95,0.629,0.7,0.771,0.85
219,4,0.95,0.95,0.95,1.0,0.95,0.95,0.95,1.0
220,,0.8,0.8,0.8,0.85,0.8,0.8,0.8,0.85
221,,0.65,0.65,0.65,0.7,0.65,0.65,0.65,0.7
222,,0.5,0.5,0.5,0.55,0.5,0.5,0.5,0.55
223,,0.35,0.35,0.35,0.4,0.35,0.35,0.35,0.4
224,,0.2,0.2,0.2,0.25,0.2,0.2,0.2,0.25
225,,0.05,0.05,0.05,0.1,0.05,0.05,0.05,0.1
226,,-0.1,-0.1,-0.1,-0.05,-0.1,-0.1,-0.1,-0.05
227,2,0.221,0.9,0.221,0.2,0.079,0.05,0.079,0.2
228,2,0.542,1.0,0.542,0.45,0.258,0.2,0.258,0.45
229,,0.392,0.85,0.392,0.3,0.108,0.05,0.108,0.3
230,,0.242,0.7,0.242,0.15,-0.042,-0.1,-0.042,0.15
231,6,0.421,0.85,0.421,0.4,0.279,0.9,0.279,0.4
232,6,0.6,1.0,0.6,0.65,0.6,1.0,0.6,0.65
233,,0.45,0.85,0.45,0.5,0.45,0.85,0.45,0.5
234,,0.3,0.7,0.3,0.35,0.3,0.7,0.3,0.35
235,,0.15,0.55,0.15,0.2,0.15,0.55,0.15,0.2
236,,0.0,0.4,0.0,0.05,0.0,0.4,0.0,0.05
237,,-0.15,0.25,-0.15,-0.1,-0.15,0.25,-0.15,-0.1
238,3,0.1,0.571,0.85,0.221,0.1,0.429,0.0,0.079
239,3,0.35,0.892,1.0,0.542,0.35,0.608,0.15,0.258
240,,0.2,0.742,0.85,0.392,0.2,0.458,0.0,0.108
241,,0.05,0.592,0.7,0.242,0.05,0.308,-0.15,-0.042
242,7,0.3,0.771,0.85,0.421,0.3,0.629,0.85,0.279
243,7,0.55,0.95,1.0,0.6,0.55,0.95,1.0,0.6
244,,0.4,0.8,0.85,0.45,0.4,0.8,0.85,0.45
245,,0.25,0.65,0.7,0.3,0.25,0.65,0.7,0.3
246,,0.1,0.5,0.55,0.15,0.1,0.5,0.55,0.15
247,,-0.05,0.35,0.4,0.0,-0.05,0.35,0.4,0.0
248,1,0.95,0.671,0.65,0.179,0.1,0.529,0.65,0.321
249,1,1.0,0.992,0.9,0.358,0.25,0.708,0.9,0.642
250,,0.85,0.842,0.75,0.208,0.1,0.558,0.75,0.492
251,,0.7,0.692,0.6,0.058,-0.05,0.408,0.6,0.342
252,5,0.85,0.871,0.85,0.379,0.95,0.729,0.85,0.521
253,5,1.0,1.0,1.0,0.7,1.0,1.0,1.0,0.7
254,,0.85,0.85,0.85,0.55,0.85,0.85,0.85,0.55
255,,0.7,0.7,0.7,0.4,0.7,0.7,0.7,0.4
256,,0.55,0.55,0.55,0.25,0.55,0.55,0.55,0.25
257,,0.4,0.4,0.4,0.1,0.4,0.4,0.4,0.1
258,,0.25,0.25,0.25,-0.05,0.25,0.25,0.25,-0.05
259,8,0.571,0.5,0.429,0.1,0.429,0.5,0.571,0.95
260,8,0.892,0.75,0.608,0.25,0.608,0.75,0.892,1.0
261,,0.742,0.6,0.458,0.1,0.458,0.6,0.742,0.85
262,,0.592,0.45,0.308,-0.05,0.308,0.45,0.592,0.7
263,4,0.771,0.7,0.629,0.95,0.629,0.7,0.771,0.85
264,4,0.95,0.95,0.95,1.0,0.95,0.95,0.95,1.0
265,,0.8,0.8,0.8,0.85,0.8,0.8,0.8,0.85
266,,0.65,0.65,0.65,0.7,0.65,0.65,0.65,0.7
267,,0.5,0.5,0.5,0.55,0.5,0.5,0.5,0.55
268,,0.35,0.35,0.35,0.4,0.35,0.35,0.35,0.4
269,,0.2,0.2,0.2,0.25,0.2,0.2,0.2,0.25
270,,0.05,0.05,0.05,0.1,0.05,0.05,0.05,0.1
271,,-0.1,-0.1,-0.1,-0.05,-0.1,-0.1,-0.1,-0.05
272,1,0.9,0.221,0.15,0.129,0.05,0.079,0.15,0.271
273,1,1.0,0.542,0.4,0.308,0.2,0.258,0.4,0.592
274,,0.85,0.392,0.25,0.158,0.05,0.108,0.25,0.442
275,,0.7,0.242,0.1,0.008,-0.1,-0.042,0.1,0.292
276,5,0.85,0.421,0.35,0.329,0.9,0.279,0.35,0.471
277,5,1.0,0.6,0.6,0.65,1.0,0.6,0.6,0.65
278,,0.85,0.45,0.45,0.5,0.85,0.45,0.45,0.5
279,,0.7,0.3,0.3,0.35,0.7,0.3,0.3,0.35
280,,0.55,0.15,0.15,0.2,0.55,0.15,0.15,0.2
281,,0.4,0.0,0.0,0.05,0.4,0.0,0.0,0.05
282,,0.25,-0.15,-0.15,-0.1,0.25,-0.15,-0.15,-0.1
283,2,0.571,0.85,0.171,0.15,0.429,0.0,0.029,0.15
284,2,0.892,1.0,0.492,0.4,0.608,0.15,0.208,0.4
285,,0.742,0.85,0.342,0.25,0.458,0.0,0.058,0.25
286,,0.592,0.7,0.192,0.1,0.308,-0.15,-0.092,0.1
287,6,0.771,0.85,0.371,0.35,0.629,0.85,0.229,0.35
288,6,0.95,1.0,0.55,0.6,0.95,1.0,0.55,0.6
289,,0.8,0.85,0.4,0.45,0.8,0.85,0.4,0.45
290,,0.65,0.7,0.25,0.3,0.65,0.7,0.25,0.3
291,,0.5,0.55,0.1,0.15,0.5,0.55,0.1,0.15
292,,0.35,0.4,-0.05,0.0,0.35,0.4,-0.05,0.0
293,3,0.6,0.721,0.95,0.321,0.6,0.579,0.1,0.179
294,3,0.85,1.0,1.0,0.642,0.85,0.758,0.25,0.358
295,,0.7,0.85,0.85,0.492,0.7,0.608,0.1,0.208
296,,0.55,0.7,0.7,0.342,0.55,0.458,-0.05,0.058
297,7,0.8,0.879,0.85,0.521,0.8,0.779,0.95,0.379
298,7,1.0,1.0,1.0,0.7,1.0,1.0,1.0,0.7
299,,0.85,0.85,0.85,0.55,0.85,0.85,0.85,0.55
300,,0.7,0.7,0.7,0.4,0.7,0.7,0.7,0.4
301,,0.55,0.55,0.55,0.25,0.55,0.55,0.55,0.25
302,,0.4,0.4,0.4,0.1,0.4,0.4,0.4,0.1
303,,0.25,0.25,0.25,-0.05,0.25,0.25,0.25,-0.05
304,4,0.429,0.5,0.571,0.95,0.571,0.5,0.429,0.1
305,4,0.608,0.75,0.892,1.0,0.892,0.75,0.608,0.25
306,,0.458,0.6,0.742,0.85,0.742,0.6,0.458,0.1
307,,0.308,0.45,0.592,0.7,0.592,0.45,0.308,-0.05
308,8,0.629,0.7,0.771,0.85,0.771,0.7,0.629,0.95
309,8,0.95,0.95,0.95,1.0,0.95,0.95,0.95,1.0
310,,0.8,0.8,0.8,0.85,0.8,0.8,0.8,0.85
311,,0.65,0.65,0.65,0.7,0.65,0.65,0.65,0.7
312,,0.5,0.5,0.5,0.55,0.5,0.5,0.5,0.55
313,,0.35,0.35,0.35,0.4,0.35,0.35,0.35,0.4
314,,0.2,0.2,0.2,0.25,0.2,0.2,0.2,0.25
315,,0.05,0.05,0.05,0.1,0.05,0.05,0.05,0.1
316,,-0.1,-0.1,-0.1,-0.05,-0.1,-0.1,-0.1,-0.05
317,2,0.221,0.9,0.221,0.2,0.079,0.05,0.079,0.2
318,2,0.542,1.0,0.542,0.45,0.258,0.2,0.258,0.45
319,,0.392,0.85,0.392,0.3,0.108,0.05,0.108,0.3
320,,0.242,0.7,0.242,0.15,-0.042,-0.1,-0.042,0.15
321,6,0.421,0.85,0.421,0.4,0.279,0.9,0.279,0.4
322,6,0.6,1.0,0.6,0.65,0.6,1.0,0.6,0.65
323,,0.45,0.85,0.45,0.5,0.45,0.85,0.45,0.5
324,,0.3,0.7,0.3,0.35,0.3,0.7,0.3,0.35
325,,0.15,0.55,0.15,0.2,0.15,0.55,0.15,0.2
326,,0.0,0.4,0.0,0.05,0.0,0.4,0.0,0.05
327,,-0.15,0.25,-0.15,-0.1,-0.15,0.25,-0.15,-0.1
328,7,0.1,0.429,0.0,0.079,0.1,0.571,0.85,0.221
329,7,0.35,0.608,0.15,0.258,0.35,0.892,1.0,0.542
330,,0.2,0.458,0.0,0.108,0.2,0.742,0.85,0.392
331,,0.05,0.308,-0.15,-0.042,0.05,0.592,0.7,0.242
332,3,0.3,0.629,0.85,0.279,0.3,0.771,0.85,0.421
333,3,0.55,0.95,1.0,0.6,0.55,0.95,1.0,0.6
334,,0.4,0.8,0.85,0.45,0.4,0.8,0.85,0.45
335,,0.25,0.65,0.7,0.3,0.25,0.65,0.7,0.3
336,,0.1,0.5,0.55,0.15,0.1,0.5,0.55,0.15
337,,-0.05,0.35,0.4,0.0,-0.05,0.35,0.4,0.0
338,5,0.1,0.529,0.65,0.321,0.95,0.671,0.65,0.179
339,5,0.25,0.708,0.9,0.642,1.0,0.992,0.9,0.358
340,,0.1,0.558,0.75,0.492,0.85,0.842,0.75,0.208
341,,-0.05,0.408,0.6,0.342,0.7,0.692,0.6,0.058
342,1,0.95,0.729,0.85,0.521,0.85,0.871,0.85,0.379
343,1,1.0,1.0,1.0,0.7,1.0,1.0,1.0,0.7
344,,0.85,0.85,0.85,0.55,0.85,0.85,0.85,0.55
345,,0.7,0.7,0.7,0.4,0.7,0.7,0.7,0.4
346,,0.55,0.55,0.55,0.25,0.55,0.55,0.55,0.25
347,,0.4,0.4,0.4,0.1,0.4,0.4,0.4,0.1
348,,0.25,0.25,0.25,-0.05,0.25,0.25,0.25,-0.05
349,8,0.571,0.5,0.429,0.1,0.429,0.5,0.571,0.95
350,8,0.892,0.75,0.608,0.25,0.608,0.75,0.892,1.0
351,,0.742,0.6,0.458,0.1,0.458,0.6,0.742,0.85
352,,0.592,0.45,0.308,-0.05,0.308,0.45,0.592,0.7
353,4,0.771,0.7,0.629,0.95,0.629,0.7,0.771,0.85
354,4,0.95,0.95,0.95,1.0,0.95,0.95,0.95,1.0
355,,0.8,0.8,0.8,0.85,0.8,0.8,0.8,0.85
356,,0.65,0.65,0.65,0.7,0.65,0.65,0.65,0.7
357,,0.5,0.5,0.5,0.55,0.5,0.5,0.5,0.55
358,,0.35,0.35,0.35,0.4,0.35,0.35,0.35,0.4
359,,0.2,0.2,0.2,0.25,0.2,0.2,0.2,0.25
360,,0.05,0.05,0.05,0.1,0.05,0.05,0.05,0.1
361,,-0.1,-0.1,-0.1,-0.05,-0.1,-0.1,-0.1,-0.05
362,7,0.15,0.079,0.05,0.129,0.15,0.221,0.9,0.271
363,7,0.4,0.258,0.2,0.308,0.4,0.542,1.0,0.592
364,,0.25,0.108,0.05,0.158,0.25,0.392,0.85,0.442
365,,0.1,-0.042,-0.1,0.008,0.1,0.242,0.7,0.292
366,3,0.35,0.279,0.9,0.329,0.35,0.421,0.85,0.471
367,3,0.6,0.6,1.0,0.65,0.6,0.6,1.0,0.65
368,,0.45,0.45,0.85,0.5,0.45,0.45,0.85,0.5
369,,0.3,0.3,0.7,0.35,0.3,0.3,0.7,0.35
370,,0.15,0.15,0.55,0.2,0.15,0.15,0.55,0.2
371,,0.0,0.0,0.4,0.05,0.0,0.0,0.4,0.05
372,,-0.15,-0.15,0.25,-0.1,-0.15,-0.15,0.25,-0.1
373,2,0.171,0.85,0.571,0.15,0.029,0.0,0.429,0.15
374,2,0.492,1.0,0.892,0.4,0.208,0.15,0.608,0.4
375,,0.342,0.85,0.742,0.25,0.058,0.0,0.458,0.25
376,,0.192,0.7,0.592,0.1,-0.092,-0.15,0.308,0.1
377,6,0.371,0.85,0.771,0.35,0.229,0.85,0.629,0.35
378,6,0.55,1.0,0.95,0.6,0.55,1.0,0.95,0.6
379,,0.4,0.85,0.8,0.45,0.4,0.85,0.8,0.45
380,,0.25,0.7,0.65,0.3,0.25,0.7,0.65,0.3
381,,0.1,0.55,0.5,0.15,0.1,0.55,0.5,0.15
382,,-0.05,0.4,0.35,0.0,-0.05,0.4,0.35,0.0
383,1,0.95,0.721,0.6,0.179,0.1,0.579,0.6,0.321
384,1,1.0,1.0,0.85,0.358,0.25,0.758,0.85,0.642
385,,0.85,0.85,0.7,0.208,0.1,0.608,0.7,0.492
386,,0.7,0.7,0.55,0.058,-0.05,0.458,0.55,0.342
387,5,0.85,0.879,0.8,0.379,0.95,0.779,0.8,0.521
388,5,1.0,1.0,1.0,0.7,1.0,1.0,1.0,0.7
389,,0.85,0.85,0.85,0.55,0.85,0.85,0.85,0.55
390,,0.7,0.7,0.7,0.4,0.7,0.7,0.7,0.4
391,,0.55,0.55,0.55,0.25,0.55,0.55,0.55,0.25
392,,0.4,0.4,0.4,0.1,0.4,0.4,0.4,0.1
393,,0.25,0.25,0.25,-0.05,0.25,0.25,0.25,-0.05
394,8,0.571,0.5,0.429,0.1,0.429,0.5,0.571,0.95
395,8,0.892,0.75,0.608,0.25,0.608,0.75,0.892,1.0
396,,0.742,0.6,0.458,0.1,0.458,0.6,0.742,0.85
397,,0.592,0.45,0.308,-0.05,0.308,0.45,0.592,0.7
398,4,0.771,0.7,0.629,0.95,0.629,0.7,0.771,0.85
399,4,0.95,0.95,0.95,1.0,0.95,0.95,0.95,1.0
400,,0.8,0.8,0.8,0.85,0.8,0.8,0.8,0.85
401,,0.65,0.65,0.65,0.7,0.65,0.65,0.65,0.7
402,,0.5,0.5,0.5,0.55,0.5,0.5,0.5,0.55
403,,0.35,0.35,0.35,0.4,0.35,0.35,0.35,0.4
404,,0.2,0.2,0.2,0.25,0.2,0.2,0.2,0.25
405,,0.05,0.05,0.05,0.1,0.05,0.05,0.05,0.1
406,,-0.1,-0.1,-0.1,-0.05,-0.1,-0.1,-0.1,-0.05
407,3,0.15,0.221,0.9,0.271,0.15,0.079,0.05,0.129
408,3,0.4,0.542,1.0,0.592,0.4,0.258,0.2,0.308
409,,0.25,0.392,0.85,0.442,0.25,0.108,0.05,0.158
410,,0.1,0.242,0.7,0.292,0.1,-0.042,-0.1,0.008
411,7,0.35,0.421,0.85,0.471,0.35,0.279,0.9,0.329
412,7,0.6,0.6,1.0,0.65,0.6,0.6,1.0,0.65
413,,0.45,0.45,0.85,0.5,0.45,0.45,0.85,0.5
414,,0.3,0.3,0.7,0.35,0.3,0.3,0.7,0.35
415,,0.15,0.15,0.55,0.2,0.15,0.15,0.55,0.2
416,,0.0,0.0,0.4,0.05,0.0,0.0,0.4,0.05
417,,-0.15,-0.15,0.25,-0.1,-0.15,-0.15,0.25,-0.1
418,6,0.029,0.0,0.429,0.15,0.171,0.85,0.571,0.15
419,6,0.208,0.15,0.608,0.4,0.492,1.0,0.892,0.4
420,,0.058,0.0,0.458,0.25,0.342,0.85,0.742,0.25
421,,-0.092,-0.15,0.308,0.1,0.192,0.7,0.592,0.1
422,2,0.229,0.85,0.629,0.35,0.371,0.85,0.771,0.35
423,2,0.55,1.0,0.95,0.6,0.55,1.0,0.95,0.6
424,,0.4,0.85,0.8,0.45,0.4,0.85,0.8,0.45
425,,0.25,0.7,0.65,0.3,0.25,0.7,0.65,0.3
426,,0.1,0.55,0.5,0.15,0.1,0.55,0.5,0.15
427,,-0.05,0.4,0.35,0.0,-0.05,0.4,0.35,0.0
428,1,0.95,0.721,0.6,0.179,0.1,0.579,0.6,0.321
429,1,1.0,1.0,0.85,0.358,0.25,0.758,0.85,0.642
430,,0.85,0.85,0.7,0.208,0.1,0.608,0.7,0.492
431,,0.7,0.7,0.55,0.058,-0.05,0.458,0.55,0.342
432,5,0.85,0.879,0.8,0.379,0.95,0.779,0.8,0.521
433,5,1.0,1.0,1.0,0.7,1.0,1.0,1.0,0.7
434,,0.85,0.85,0.85,0.55,0.85,0.85,0.85,0.55
435,,0.7,0.7,0.7,0.4,0.7,0.7,0.7,0.4
436,,0.55,0.55,0.55,0.25,0.55,0.55,0.55,0.25
437,,0.4,0.4,0.4,0.1,0.4,0.4,0.4,0.1
438,,0.25,0.25,0.25,-0.05,0.25,0.25,0.25,-0.05
439,8,0.571,0.5,0.429,0.1,0.429,0.5,0.571,0.95
440,8,0.892,0.75,0.608,0.25,0.608,0.75,0.892,1.0
441,,0.742,0.6,0.458,0.1,0.458,0.6,0.742,0.85
442,,0.592,0.45,0.308,-0.05,0.308,0.45,0.592,0.7
443,4,0.771,0.7,0.629,0.95,0.629,0.7,0.771,0.85
444,4,0.95,0.95,0.95,1.0,0.95,0.95,0.95,1.0
445,,0.8,0.8,0.8,0.85,0.8,0.8,0.8,0.85
446,,0.65,0.65,0.65,0.7,0.65,0.65,0.65,0.7
447,,0.5,0.5,0.5,0.55,0.5,0.5,0.5,0.55
448,,0.35,0.35,0.35,0.4,0.35,0.35,0.35,0.4
449,,0.2,0.2,0.2,0.25,0.2,0.2,0.2,0.25
450,,0.05,0.05,0.05,0.1,0.05,0.05,0.05,0.1
451,,-0.1,-0.1,-0.1,-0.05,-0.1,-0.1,-0.1,-0.05
452,1,0.9,0.221,0.15,0.129,0.05,0.079,0.15,0.271
453,1,1.0,0.542,0.4,0.308,0.2,0.258,0.4,0.592
454,,0.85,0.392,0.25,0.158,0.05,0.108,0.25,0.442
455,,0.7,0.242,0.1,0.008,-0.1,-0.042,0.1,0.292
456,5,0.85,0.421,0.35,0.329,0.9,0.279,0.35,0.471
457,5,1.0,0.6,0.6,0.65,1.0,0.6,0.6,0.65
458,,0.85,0.45,0.45,0.5,0.85,0.45,0.45,0.5
459,,0.7,0.3,0.3,0.35,0.7,0.3,0.3,0.35
460,,0.55,0.15,0.15,0.2,0.55,0.15,0.15,0.2
461,,0.4,0.0,0.0,0.05,0.4,0.0,0.0,0.05
462,,0.25,-0.15,-0.15,-0.1,0.25,-0.15,-0.15,-0.1
463,6,0.429,0.0,0.029,0.15,0.571,0.85,0.171,0.15
464,6,0.608,0.15,0.208,0.4,0.892,1.0,0.492,0.4
465,,0.458,0.0,0.058,0.25,0.742,0.85,0.342,0.25
466,,0.308,-0.15,-0.092,0.1,0.592,0.7,0.192,0.1
467,2,0.629,0.85,0.229,0.35,0.771,0.85,0.371,0.35
468,2,0.95,1.0,0.55,0.6,0.95,1.0,0.55,0.6
469,,0.8,0.85,0.4,0.45,0.8,0.85,0.4,0.45
470,,0.65,0.7,0.25,0.3,0.65,0.7,0.25,0.3
471,,0.5,0.55,0.1,0.15,0.5,0.55,0.1,0.15
472,,0.35,0.4,-0.05,0.0,0.35,0.4,-0.05,0.0
473,3,0.6,0.721,0.95,0.321,0.6,0.579,0.1,0.179
474,3,0.85,1.0,1.0,0.642,0.85,0.758,0.25,0.358
475,,0.7,0.85,0.85,0.492,0.7,0.608,0.1,0.208
476,,0.55,0.7,0.7,0.342,0.55,0.458,-0.05,0.058
477,7,0.8,0.879,0.85,0.521,0.8,0.779,0.95,0.379
478,7,1.0,1.0,1.0,0.7,1.0,1.0,1.0,0.7
479,,0.85,0.85,0.85,0.55,0.85,0.85,0.85,0.55
480,,0.7,0.7,0.7,0.4,0.7,0.7,0.7,0.4
481,,0.55,0.55,0.55,0.25,0.55,0.55,0.55,0.25
482,,0.4,0.4,0.4,0.1,0.4,0.4,0.4,0.1
483,,0.25,0.25,0.25,-0.05,0.25,0.25,0.25,-0.05
484,4,0.429,0.5,0.571,0.95,0.571,0.5,0.429,0.1
485,4,0.608,0.75,0.892,1.0,0.892,0.75,0.608,0.25
486,,0.458,0.6,0.742,0.85,0.742,0.6,0.458,0.1
487,,0.308,0.45,0.592,0.7,0.592,0.45,0.308,-0.05
488,8,0.629,0.7,0.771,0.85,0.771,0.7,0.629,0.95
489,8,0.95,0.95,0.95,1.0,0.95,0.95,0.95,1.0
490,,0.8,0.8,0.8,0.85,0.8,0.8,0.8,0.85
491,,0.65,0.65,0.65,0.7,0.65,0.65,0.65,0.7
492,,0.5,0.5,0.5,0.55,0.5,0.5,0.5,0.55
493,,0.35,0.35,0.35,0.4,0.35,0.35,0.35,0.4
494,,0.2,0.2,0.2,0.25,0.2,0.2,0.2,0.25
495,,0.05,0.05,0.05,0.1,0.05,0.05,0.05,0.1
496,,-0.1,-0.1,-0.1,-0.05,-0.1,-0.1,-0.1,-0.05
497,6,0.079,0.05,0.079,0.2,0.221,0.9,0.221,0.2
498,6,0.258,0.2,0.258,0.45,0.542,1.0,0.542,0.45
499,,0.108,0.05,0.108,0.3,0.392,0.85,0.392,0.3
500,,-0.042,-0.1,-0.042,0.15,0.242,0.7,0.242,0.15
501,2,0.279,0.9,0.279,0.4,0.421,0.85,0.421,0.4
502,2,0.6,1.0,0.6,0.65,0.6,1.0,0.6,0.65
503,,0.45,0.85,0.45,0.5,0.45,0.85,0.45,0.5
504,,0.3,0.7,0.3,0.35,0.3,0.7,0.3,0.35
505,,0.15,0.55,0.15,0.2,0.15,0.55,0.15,0.2
506,,0.0,0.4,0.0,0.05,0.0,0.4,0.0,0.05
507,,-0.15,0.25,-0.15,-0.1,-0.15,0.25,-0.15,-0.1
508,1,0.85,0.571,0.1,0.079,0.0,0.429,0.1,0.221
509,1,1.0,0.892,0.35,0.258,0.15,0.608,0.35,0.542
510,,0.85,0.742,0.2,0.108,0.0,0.458,0.2,0.392
511,,0.7,0.592,0.05,-0.042,-0.15,0.308,0.05,0.242
512,5,0.85,0.771,0.3,0.279,0.85,0.629,0.3,0.421
513,5,1.0,0.95,0.55,0.6,1.0,0.95,0.55,0.6
514,,0.85,0.8,0.4,0.45,0.85,0.8,0.4,0.45
515,,0.7,0.65,0.25,0.3,0.7,0.65,0.25,0.3
516,,0.55,0.5,0.1,0.15,0.55,0.5,0.1,0.15
517,,0.4,0.35,-0.05,0.0,0.4,0.35,-0.05,0.0
518,3,0.65,0.671,0.95,0.321,0.65,0.529,0.1,0.179
519,3,0.9,0.992,1.0,0.642,0.9,0.708,0.25,0.358
520,,0.75,0.842,0.85,0.492,0.75,0.558,0.1,0.208
521,,0.6,0.692,0.7,0.342,0.6,0.408,-0.05,0.058
522,7,0.85,0.871,0.85,0.521,0.85,0.729,0.95,0.379
523,7,1.0,1.0,1.0,0.7,1.0,1.0,1.0,0.7
524,,0.85,0.85,0.85,0.55,0.85,0.85,0.85,0.55
525,,0.7,0.7,0.7,0.4,0.7,0.7,0.7,0.4
526,,0.55,0.55,0.55,0.25,0.55,0.55,0.55,0.25
527,,0.4,0.4,0.4,0.1,0.4,0.4,0.4,0.1
528,,0.25,0.25,0.25,-0.05,0.25,0.25,0.25,-0.05
529,8,0.571,0.5,0.429,0.1,0.429,0.5,0.571,0.95
530,8,0.892,0.75,0.608,0.25,0.608,0.75,0.892,1.0
531,,0.742,0.6,0.458,0.1,0.458,0.6,0.742,0.85
532,,0.592,0.45,0.308,-0.05,0.308,0.45,0.592,0.7
533,4,0.771,0.7,0.629,0.95,0.629,0.7,0.771,0.85
534,4,0.95,0.95,0.95,1.0,0.95,0.95,0.95,1.0
535,,0.8,0.8,0.8,0.85,0.8,0.8,0.8,0.85
536,,0.65,0.65,0.65,0.7,0.65,0.65,0.65,0.7
537,,0.5,0.5,0.5,0.55,0.5,0.5,0.5,0.55
538,,0.35,0.35,0.35,0.4,0.35,0.35,0.35,0.4
539,,0.2,0.2,0.2,0.25,0.2,0.2,0.2,0.25
540,,0.05,0.05,0.05,0.1,0.05,0.05,0.05,0.1
541,,-0.1,-0.1,-0.1,-0.05,-0.1,-0.1,-0.1,-0.05
542,5,0.05,0.079,0.15,0.271,0.9,0.221,0.15,0.129
543,5,0.2,0.258,0.4,0.592,1.0,0.542,0.4,0.308
544,,0.05,0.108,0.25,0.442,0.85,0.392,0.25,0.158
545,,-0.1,-0.042,0.1,0.292,0.7,0.242,0.1,0.008
546,1,0.9,0.279,0.35,0.471,0.85,0.421,0.35,0.329
547,1,1.0,0.6,0.6,0.65,1.0,0.6,0.6,0.65
548,,0.85,0.45,0.45,0.5,0.85,0.45,0.45,0.5
549,,0.7,0.3,0.3,0.35,0.7,0.3,0.3,0.35
550,,0.55,0.15,0.15,0.2,0.55,0.15,0.15,0.2
551,,0.4,0.0,0.0,0.05,0.4,0.0,0.0,0.05
552,,0.25,-0.15,-0.15,-0.1,0.25,-0.15,-0.15,-0.1
553,2,0.571,0.85,0.171,0.15,0.429,0.0,0.029,0.15
554,2,0.892,1.0,0.492,0.4,0.608,0.15,0.208,0.4
555,,0.742,0.85,0.342,0.25,0.458,0.0,0.058,0.25
556,,0.592,0.7,0.192,0.1,0.308,-0.15,-0.092,0.1
557,6,0.771,0.85,0.371,0.35,0.629,0.85,0.229,0.35
558,6,0.95,1.0,0.55,0.6,0.95,1.0,0.55,0.6
559,,0.8,0.85,0.4,0.45,0.8,0.85,0.4,0.45
560,,0.65,0.7,0.25,0.3,0.65,0.7,0.25,0.3
561,,0.5,0.55,0.1,0.15,0.5,0.55,0.1,0.15
562,,0.35,0.4,-0.05,0.0,0.35,0.4,-0.05,0.0
563,7,0.6,0.579,0.1,0.179,0.6,0.721,0.95,0.321
564,7,0.85,0.758,0.25,0.358,0.85,1.0,1.0,0.642
565,,0.7,0.608,0.1,0.208,0.7,0.85,0.85,0.492
566,,0.55,0.458,-0.05,0.058,0.55,0.7,0.7,0.342
567,3,0.8,0.779,0.95,0.379,0.8,0.879,0.85,0.521
568,3,1.0,1.0,1.0,0.7,1.0,1.0,1.0,0.7
569,,0.85,0.85,0.85,0.55,0.85,0.85,0.85,0.55
570,,0.7,0.7,0.7,0.4,0.7,0.7,0.7,0.4
571,,0.55,0.55,0.55,0.25,0.55,0.55,0.55,0.25
572,,0.4,0.4,0.4,0.1,0.4,0.4,0.4,0.1
573,,0.25,0.25,0.25,-0.05,0.25,0.25,0.25,-0.05
574,8,0.571,0.5,0.429,0.1,0.429,0.5,0.571,0.95
575,8,0.892,0.75,0.608,0.25,0.608,0.75,0.892,1.0
576,,0.742,0.6,0.458,0.1,0.458,0.6,0.742,0.85
577,,0.592,0.45,0.308,-0.05,0.308,0.45,0.592,0.7
578,4,0.771,0.7,0.629,0.95,0.629,0.7,0.771,0.85
579,4,0.95,0.95,0.95,1.0,0.95,0.95,0.95,1.0
580,,0.8,0.8,0.8,0.85,0.8,0.8,0.8,0.85
581,,0.65,0.65,0.65,0.7,0.65,0.65,0.65,0.7
582,,0.5,0.5,0.5,0.55,0.5,0.5,0.5,0.55
583,,0.35,0.35,0.35,0.4,0.35,0.35,0.35,0.4
584,,0.2,0.2,0.2,0.25,0.2,0.2,0.2,0.25
585,,0.05,0.05,0.05,0.1,0.05,0.05,0.05,0.1
586,,-0.1,-0.1,-0.1,-0.05,-0.1,-0.1,-0.1,-0.05
587,2,0.221,0.9,0.221,0.2,0.079,0.05,0.079,0.2
588,2,0.542,1.0,0.542,0.45,0.258,0.2,0.258,0.45
589,,0.392,0.85,0.392,0.3,0.108,0.05,0.108,0.3
590,,0.242,0.7,0.242,0.15,-0.042,-0.1,-0.042,0.15
591,6,0.421,0.85,0.421,0.4,0.279,0.9,0.279,0.4
592,6,0.6,1.0,0.6,0.65,0.6,1.0,0.6,0.65
593,,0.45,0.85,0.45,0.5,0.45,0.85,0.45,0.5
594,,0.3,0.7,0.3,0.35,0.3,0.7,0.3,0.35
595,,0.15,0.55,0.15,0.2,0.15,0.55,0.15,0.2
596,,0.0,0.4,0.0,0.05,0.0,0.4,0.0,0.05
597,,-0.15,0.25,-0.15,-0.1,-0.15,0.25,-0.15,-0.1
598,3,0.1,0.571,0.85,0.221,0.1,0.429,0.0,0.079
599,3,0.35,0.892,1.0,0.542,0.35,0.608,0.15,0.258
600,,0.2,0.742,0.85,0.392,0.2,0.458,0.0,0.108
601,,0.05,0.592,0.7,0.242,0.05,0.308,-0.15,-0.042
602,7,0.3,0.771,0.85,0.421,0.3,0.629,0.85,0.279
603,7,0.55,0.95,1.0,0.6,0.55,0.95,1.0,0.6
604,,0.4,0.8,0.85,0.45,0.4,0.8,0.85,0.45
605,,0.25,0.65,0.7,0.3,0.25,0.65,0.7,0.3
606,,0.1,0.5,0.55,0.15,0.1,0.5,0.55,0.15
607,,-0.05,0.35,0.4,0.0,-0.05,0.35,0.4,0.0
608,1,0.95,0.671,0.65,0.179,0.1,0.529,0.65,0.321
609,1,1.0,0.992,0.9,0.358,0.25,0.708,0.9,0.642
610,,0.85,0.842,0.75,0.208,0.1,0.558,0.75,0.492
611,,0.7,0.692,0.6,0.058,-0.05,0.408,0.6,0.342
612,5,0.85,0.871,0.85,0.379,0.95,0.729,0.85,0.521
613,5,1.0,1.0,1.0,0.7,1.0,1.0,1.0,0.7
614,,0.85,0.85,0.85,0.55,0.85,0.85,0.85,0.55
615,,0.7,0.7,0.7,0.4,0.7,0.7,0.7,0.4
616,,0.55,0.55,0.55,0.25,0.55,0.55,0.55,0.25
617,,0.4,0.4,0.4,0.1,0.4,0.4,0.4,0.1
618,,0.25,0.25,0.25,-0.05,0.25,0.25,0.25,-0.05
619,8,0.571,0.5,0.429,0.1,0.429,0.5,0.571,0.95
620,8,0.892,0.75,0.608,0.25,0.608,0.75,0.892,1.0
621,,0.742,0.6,0.458,0.1,0.458,0.6,0.742,0.85
622,,0.592,0.45,0.308,-0.05,0.308,0.45,0.592,0.7
623,4,0.771,0.7,0.629,0.95,0.629,0.7,0.771,0.85
624,4,0.95,0.95,0.95,1.0,0.95,0.95,0.95,1.0
625,,0.8,0.8,0.8,0.85,0.8,0.8,0.8,0.85
626,,0.65,0.65,0.65,0.7,0.65,0.65,0.65,0.7
627,,0.5,0.5,0.5,0.55,0.5,0.5,0.5,0.55
628,,0.35,0.35,0.35,0.4,0.35,0.35,0.35,0.4
629,,0.2,0.2,0.2,0.25,0.2,0.2,0.2,0.25
630,,0.05,0.05,0.05,0.1,0.05,0.05,0.05,0.1
631,,-0.1,-0.1,-0.1,-0.05,-0.1,-0.1,-0.1,-0.05
632,6,0.079,0.05,0.079,0.2,0.221,0.9,0.221,0.2
633,6,0.258,0.2,0.258,0.45,0.542,1.0,0.542,0.45
634,,0.108,0.05,0.108,0.3,0.392,0.85,0.392,0.3
635,,-0.042,-0.1,-0.042,0.15,0.242,0.7,0.242,0.15
636,2,0.279,0.9,0.279,0.4,0.421,0.85,0.421,0.4
637,2,0.6,1.0,0.6,0.65,0.6,1.0,0.6,0.65
638,,0.45,0.85,0.45,0.5,0.45,0.85,0.45,0.5
639,,0.3,0.7,0.3,0.35,0.3,0.7,0.3,0.35
640,,0.15,0.55,0.15,0.2,0.15,0.55,0.15,0.2
641,,0.0,0.4,0.0,0.05,0.0,0.4,0.0,0.05
642,,-0.15,0.25,-0.15,-0.1,-0.15,0.25,-0.15,-0.1
643,3,0.1,0.571,0.85,0.221,0.1,0.429,0.0,0.079
644,3,0.35,0.892,1.0,0.542,0.35,0.608,0.15,0.258
645,,0.2,0.742,0.85,0.392,0.2,0.458,0.0,0.108
646,,0.05,0.592,0.7,0.242,0.05,0.308,-0.15,-0.042
647,7,0.3,0.771,0.85,0.421,0.3,0.629,0.85,0.279
648,7,0.55,0.95,1.0,0.6,0.55,0.95,1.0,0.6
649,,0.4,0.8,0.85,0.45,0.4,0.8,0.85,0.45
650,,0.25,0.65,0.7,0.3,0.25,0.65,0.7,0.3
651,,0.1,0.5,0.55,0.15,0.1,0.5,0.55,0.15
652,,-0.05,0.35,0.4,0.0,-0.05,0.35,0.4,0.0
653,5,0.1,0.529,0.65,0.321,0.95,0.671,0.65,0.179
654,5,0.25,0.708,0.9,0.642,1.0,0.992,0.9,0.358
655,,0.1,0.558,0.75,0.492,0.85,0.842,0.75,0.208
656,,-0.05,0.408,0.6,0.342,0.7,0.692,0.6,0.058
657,1,0.95,0.729,0.85,0.521,0.85,0.871,0.85,0.379
658,1,1.0,1.0,1.0,0.7,1.0,1.0,1.0,0.7
659,,0.85,0.85,0.85,0.55,0.85,0.85,0.85,0.55
660,,0.7,0.7,0.7,0.4,0.7,0.7,0.7,0.4
661,,0.55,0.55,0.55,0.25,0.55,0.55,0.55,0.25
662,,0.4,0.4,0.4,0.1,0.4,0.4,0.4,0.1
663,,0.25,0.25,0.25,-0.05,0.25,0.25,0.25,-0.05
664,8,0.571,0.5,0.429,0.1,0.429,0.5,0.571,0.95
665,8,0.892,0.75,0.608,0.25,0.608,0.75,0.892,1.0
666,,0.742,0.6,0.458,0.1,0.458,0.6,0.742,0.85
667,,0.592,0.45,0.308,-0.05,0.308,0.45,0.592,0.7
668,4,0.771,0.7,0.629,0.95,0.629,0.7,0.771,0.85
669,4,0.95,0.95,0.95,1.0,0.95,0.95,0.95,1.0
670,,0.8,0.8,0.8,0.85,0.8,0.8,0.8,0.85
671,,0.65,0.65,0.65,0.7,0.65,0.65,0.65,0.7
672,,0.5,0.5,0.5,0.55,0.5,0.5,0.5,0.55
673,,0.35,0.35,0.35,0.4,0.35,0.35,0.35,0.4
674,,0.2,0.2,0.2,0.25,0.2,0.2,0.2,0.25
675,,0.05,0.05,0.05,0.1,0.05,0.05,0.05,0.1
676,,-0.1,-0.1,-0.1,-0.05,-0.1,-0.1,-0.1,-0.05
677,5,0.05,0.079,0.15,0.271,0.9,0.221,0.15,0.129
678,5,0.2,0.258,0.4,0.592,1.0,0.542,0.4,0.308
679,,0.05,0.108,0.25,0.442,0.85,0.392,0.25,0.158
680,,-0.1,-0.042,0.1,0.292,0.7,0.242,0.1,0.008
681,1,0.9,0.279,0.35,0.471,0.85,0.421,0.35,0.329
682,1,1.0,0.6,0.6,0.65,1.0,0.6,0.6,0.65
683,,0.85,0.45,0.45,0.5,0.85,0.45,0.45,0.5
684,,0.7,0.3,0.3,0.35,0.7,0.3,0.3,0.35
685,,0.55,0.15,0.15,0.2,0.55,0.15,0.15,0.2
686,,0.4,0.0,0.0,0.05,0.4,0.0,0.0,0.05
687,,0.25,-0.15,-0.15,-0.1,0.25,-0.15,-0.15,-0.1
688,6,0.429,0.0,0.029,0.15,0.571,0.85,0.171,0.15
689,6,0.608,0.15,0.208,0.4,0.892,1.0,0.492,0.4
690,,0.458,0.0,0.058,0.25,0.742,0.85,0.342,0.25
691,,0.308,-0.15,-0.092,0.1,0.592,0.7,0.192,0.1
692,2,0.629,0.85,0.229,0.35,0.771,0.85,0.371,0.35
693,2,0.95,1.0,0.55,0.6,0.95,1.0,0.55,0.6
694,,0.8,0.85,0.4,0.45,0.8,0.85,0.4,0.45
695,,0.65,0.7,0.25,0.3,0.65,0.7,0.25,0.3
696,,0.5,0.55,0.1,0.15,0.5,0.55,0.1,0.15
697,,0.35,0.4,-0.05,0.0,0.35,0.4,-0.05,0.0
698,7,0.6,0.579,0.1,0.179,0.6,0.721,0.95,0.321
699,7,0.85,0.758,0.25,0.358,0.85,1.0,1.0,0.642
700,,0.7,0.608,0.1,0.208,0.7,0.85,0.85,0.492
701,,0.55,0.458,-0.05,0.058,0.55,0.7,0.7,0.342
702,3,0.8,0.779,0.95,0.379,0.8,0.879,0.85,0.521
703,3,1.0,1.0,1.0,0.7,1.0,1.0,1.0,0.7
704,,0.85,0.85,0.85,0.55,0.85,0.85,0.85,0.55
705,,0.7,0.7,0.7,0.4,0.7,0.7,0.7,0.4
706,,0.55,0.55,0.55,0.25,0.55,0.55,0.55,0.25
707,,0.4,0.4,0.4,0.1,0.4,0.4,0.4,0.1
708,,0.25,0.25,0.25,-0.05,0.25,0.25,0.25,-0.05
709,4,0.429,0.5,0.571,0.95,0.571,0.5,0.429,0.1
710,4,0.608,0.75,0.892,1.0,0.892,0.75,0.608,0.25
711,,0.458,0.6,0.742,0.85,0.742,0.6,0.458,0.1
712,,0.308,0.45,0.592,0.7,0.592,0.45,0.308,-0.05
713,8,0.629,0.7,0.771,0.85,0.771,0.7,0.629,0.95
714,8,0.95,0.95,0.95,1.0,0.95,0.95,0.95,1.0
715,,0.8,0.8,0.8,0.85,0.8,0.8,0.8,0.85
716,,0.65,0.65,0.65,0.7,0.65,0.65,0.65,0.7
717,,0.5,0.5,0.5,0.55,0.5,0.5,0.5,0.55
718,,0.35,0.35,0.35,0.4,0.35,0.35,0.35,0.4
719,,0.2,0.2,0.2,0.25,0.2,0.2,0.2,0.25
720,,0.05,0.05,0.05,0.1,0.05,0.05,0.05,0.1
721,,-0.1,-0.1,-0.1,-0.05,-0.1,-0.1,-0.1,-0.05
722,3,0.15,0.221,0.9,0.271,0.15,0.079,0.05,0.129
723,3,0.4,0.542,1.0,0.592,0.4,0.258,0.2,0.308
724,,0.25,0.392,0.85,0.442,0.25,0.108,0.05,0.158
725,,0.1,0.242,0.7,0.292,0.1,-0.042,-0.1,0.008
726,7,0.35,0.421,0.85,0.471,0.35,0.279,0.9,0.329
727,7,0.6,0.6,1.0,0.65,0.6,0.6,1.0,0.65
728,,0.45,0.45,0.85,0.5,0.45,0.45,0.85,0.5
729,,0.3,0.3,0.7,0.35,0.3,0.3,0.7,0.35
730,,0.15,0.15,0.55,0.2,0.15,0.15,0.55,0.2
731,,0.0,0.0,0.4,0.05,0.0,0.0,0.4,0.05
732,,-0.15,-0.15,0.25,-0.1,-0.15,-0.15,0.25,-0.1
733,2,0.171,0.85,0.571,0.15,0.029,0.0,0.429,0.15
734,2,0.492,1.0,0.892,0.4,0.208,0.15,0.608,0.4
735,,0.342,0.85,0.742,0.25,0.058,0.0,0.458,0.25
736,,0.192,0.7,0.592,0.1,-0.092,-0.15,0.308,0.1
737,6,0.371,0.85,0.771,0.35,0.229,0.85,0.629,0.35
738,6,0.55,1.0,0.95,0.6,0.55,1.0,0.95,0.6
739,,0.4,0.85,0.8,0.45,0.4,0.85,0.8,0.45
740,,0.25,0.7,0.65,0.3,0.25,0.7,0.65,0.3
741,,0.1,0.55,0.5,0.15,0.1,0.55,0.5,0.15
742,,-0.05,0.4,0.35,0.0,-0.05,0.4,0.35,0.0
743,1,0.95,0.721,0.6,0.179,0.1,0.579,0.6,0.321
744,1,1.0,1.0,0.85,0.358,0.25,0.758,0.85,0.642
745,,0.85,0.85,0.7,0.208,0.1,0.608,0.7,0.492
746,,0.7,0.7,0.55,0.058,-0.05,0.458,0.55,0.342
747,5,0.85,0.879,0.8,0.379,0.95,0.779,0.8,0.521
748,5,1.0,1.0,1.0,0.7,1.0,1.0,1.0,0.7
749,,0.85,0.85,0.85,0.55,0.85,0.85,0.85,0.55
750,,0.7,0.7,0.7,0.4,0.7,0.7,0.7,0.4
751,,0.55,0.55,0.55,0.25,0.55,0.55,0.55,0.25
752,,0.4,0.4,0.4,0.1,0.4,0.4,0.4,0.1
753,,0.25,0.25,0.25,-0.05,0.25,0.25,0.25,-0.05
754,8,0.571,0.5,0.429,0.1,0.429,0.5,0.571,0.95
755,8,0.892,0.75,0.608,0.25,0.608,0.75,0.892,1.0
756,,0.742,0.6,0.458,0.1,0.458,0.6,0.742,0.85
757,,0.592,0.45,0.308,-0.05,0.308,0.45,0.592,0.7
758,4,0.771,0.7,0.629,0.95,0.629,0.7,0.771,0.85
759,4,0.95,0.95,0.95,1.0,0.95,0.95,0.95,1.0
760,,0.8,0.8,0.8,0.85,0.8,0.8,0.8,0.85
761,,0.65,0.65,0.65,0.7,0.65,0.65,0.65,0.7
762,,0.5,0.5,0.5,0.55,0.5,0.5,0.5,0.55
763,,0.35,0.35,0.35,0.4,0.35,0.35,0.35,0.4
764,,0.2,0.2,0.2,0.25,0.2,0.2,0.2,0.25
765,,0.05,0.05,0.05,0.1,0.05,0.05,0.05,0.1
766,,-0.1,-0.1,-0.1,-0.05,-0.1,-0.1,-0.1,-0.05
767,2,0.221,0.9,0.221,0.2,0.079,0.05,0.079,0.2
768,2,0.542,1.0,0.542,0.45,0.258,0.2,0.258,0.45
769,,0.392,0.85,0.392,0.3,0.108,0.05,0.108,0.3
770,,0.242,0.7,0.242,0.15,-0.042,-0.1,-0.042,0.15
771,6,0.421,0.85,0.421,0.4,0.279,0.9,0.279,0.4
772,6,0.6,1.0,0.6,0.65,0.6,1.0,0.6,0.65
773,,0.45,0.85,0.45,0.5,0.45,0.85,0.45,0.5
774,,0.3,0.7,0.3,0.35,0.3,0.7,0.3,0.35
775,,0.15,0.55,0.15,0.2,0.15,0.55,0.15,0.2
776,,0.0,0.4,0.0,0.05,0.0,0.4,0.0,0.05
777,,-0.15,0.25,-0.15,-0.1,-0.15,0.25,-0.15,-0.1
778,7,0.1,0.429,0.0,0.079,0.1,0.571,0.85,0.221
779,7,0.35,0.608,0.15,0.258,0.35,0.892,1.0,0.542
780,,0.2,0.458,0.0,0.108,0.2,0.742,0.85,0.392
781,,0.05,0.308,-0.15,-0.042,0.05,0.592,0.7,0.242
782,3,0.3,0.629,0.85,0.279,0.3,0.771,0.85,0.421
783,3,0.55,0.95,1.0,0.6,0.55,0.95,1.0,0.6
784,,0.4,0.8,0.85,0.45,0.4,0.8,0.85,0.45
785,,0.25,0.65,0.7,0.3,0.25,0.65,0.7,0.3
786,,0.1,0.5,0.55,0.15,0.1,0.5,0.55,0.15
787,,-0.05,0.35,0.4,0.0,-0.05,0.35,0.4,0.0
788,5,0.1,0.529,0.65,0.321,0.95,0.671,0.65,0.179
789,5,0.25,0.708,0.9,0.642,1.0,0.992,0.9,0.358
790,,0.1,0.558,0.75,0.492,0.85,0.842,0.75,0.208
791,,-0.05,0.408,0.6,0.342,0.7,0.692,0.6,0.058
792,1,0.95,0.729,0.85,0.521,0.85,0.871,0.85,0.379
793,1,1.0,1.0,1.0,0.7,1.0,1.0,1.0,0.7
794,,0.85,0.85,0.85,0.55,0.85,0.85,0.85,0.55
795,,0.7,0.7,0.7,0.4,0.7,0.7,0.7,0.4
796,,0.55,0.55,0.55,0.25,0.55,0.55,0.55,0.25
797,,0.4,0.4,0.4,0.1,0.4,0.4,0.4,0.1
798,,0.25,0.25,0.25,-0.05,0.25,0.25,0.25,-0.05
799,8,0.571,0.5,0.429,0.1,0.429,0.5,0.571,0.95
800,8,0.892,0.75,0.608,0.25,0.608,0.75,0.892,1.0
801,,0.742,0.6,0.458,0.1,0.458,0.6,0.742,0.85
802,,0.592,0.45,0.308,-0.05,0.308,0.45,0.592,0.7
803,4,0.771,0.7,0.629,0.95,0.629,0.7,0.771,0.85
804,4,0.95,0.95,0.95,1.0,0.95,0.95,0.95,1.0
805,,0.8,0.8,0.8,0.85,0.8,0.8,0.8,0.85
806,,0.65,0.65,0.65,0.7,0.65,0.65,0.65,0.7
807,,0.5,0.5,0.5,0.55,0.5,0.5,0.5,0.55
808,,0.35,0.35,0.35,0.4,0.35,0.35,0.35,0.4
809,,0.2,0.2,0.2,0.25,0.2,0.2,0.2,0.25
810,,0.05,0.05,0.05,0.1,0.05,0.05,0.05,0.1
811,,-0.1,-0.1,-0.1,-0.05,-0.1,-0.1,-0.1,-0.05
812,7,0.15,0.079,0.05,0.129,0.15,0.221,0.9,0.271
813,7,0.4,0.258,0.2,0.308,0.4,0.542,1.0,0.592
814,,0.25,0.108,0.05,0.158,0.25,0.392,0.85,0.442
815,,0.1,-0.042,-0.1,0.008,0.1,0.242,0.7,0.292
816,3,0.35,0.279,0.9,0.329,0.35,0.421,0.85,0.471
817,3,0.6,0.6,1.0,0.65,0.6,0.6,1.0,0.65
818,,0.45,0.45,0.85,0.5,0.45,0.45,0.85,0.5
819,,0.3,0.3,0.7,0.35,0.3,0.3,0.7,0.35
820,,0.15,0.15,0.55,0.2,0.15,0.15,0.55,0.2
821,,0.0,0.0,0.4,0.05,0.0,0.0,0.4,0.05
822,,-0.15,-0.15,0.25,-0.1,-0.15,-0.15,0.25,-0.1
823,2,0.171,0.85,0.571,0.15,0.029,0.0,0.429,0.15
824,2,0.492,1.0,0.892,0.4,0.208,0.15,0.608,0.4
825,,0.342,0.85,0.742,0.25,0.058,0.0,0.458,0.25
826,,0.192,0.7,0.592,0.1,-0.092,-0.15,0.308,0.1
827,6,0.371,0.85,0.771,0.35,0.229,0.85,0.629,0.35
828,6,0.55,1.0,0.95,0.6,0.55,1.0,0.95,0.6
829,,0.4,0.85,0.8,0.45,0.4,0.85,0.8,0.45
830,,0.25,0.7,0.65,0.3,0.25,0.7,0.65,0.3
831,,0.1,0.55,0.5,0.15,0.1,0.55,0.5,0.15
832,,-0.05,0.4,0.35,0.0,-0.05,0.4,0.35,0.0
833,5,0.1,0.579,0.6,0.321,0.95,0.721,0.6,0.179
834,5,0.25,0.758,0.85,0.642,1.0,1.0,0.85,0.358
835,,0.1,0.608,0.7,0.492,0.85,0.85,0.7,0.208
836,,-0.05,0.458,0.55,0.342,0.7,0.7,0.55,0.058
837,1,0.95,0.779,0.8,0.521,0.85,0.879,0.8,0.379
838,1,1.0,1.0,1.0,0.7,1.0,1.0,1.0,0.7
839,,0.85,0.85,0.85,0.55,0.85,0.85,0.85,0.55
840,,0.7,0.7,0.7,0.4,0.7,0.7,0.7,0.4
841,,0.55,0.55,0.55,0.25,0.55,0.55,0.55,0.25
842,,0.4,0.4,0.4,0.1,0.4,0.4,0.4,0.1
843,,0.25,0.25,0.25,-0.05,0.25,0.25,0.25,-0.05
844,8,0.571,0.5,0.429,0.1,0.429,0.5,0.571,0.95
845,8,0.892,0.75,0.608,0.25,0.608,0.75,0.892,1.0
846,,0.742,0.6,0.458,0.1,0.458,0.6,0.742,0.85
847,,0.592,0.45,0.308,-0.05,0.308,0.45,0.592,0.7
848,4,0.771,0.7,0.629,0.95,0.629,0.7,0.771,0.85
849,4,0.95,0.95,0.95,1.0,0.95,0.95,0.95,1.0
850,,0.8,0.8,0.8,0.85,0.8,0.8,0.8,0.85
851,,0.65,0.65,0.65,0.7,0.65,0.65,0.65,0.7
852,,0.5,0.5,0.5,0.55,0.5,0.5,0.5,0.55
853,,0.35,0.35,0.35,0.4,0.35,0.35,0.35,0.4
854,,0.2,0.2,0.2,0.25,0.2,0.2,0.2,0.25
855,,0.05,0.05,0.05,0.1,0.05,0.05,0.05,0.1
856,,-0.1,-0.1,-0.1,-0.05,-0.1,-0.1,-0.1,-0.05
857,5,0.05,0.079,0.15,0.271,0.9,0.221,0.15,0.129
858,5,0.2,0.258,0.4,0.592,1.0,0.542,0.4,0.308
859,,0.05,0.108,0.25,0.442,0.85,0.392,0.25,0.158
860,,-0.1,-0.042,0.1,0.292,0.7,0.242,0.1,0.008
861,1,0.9,0.279,0.35,0.471,0.85,0.421,0.35,0.329
862,1,1.0,0.6,0.6,0.65,1.0,0.6,0.6,0.65
863,,0.85,0.45,0.45,0.5,0.85,0.45,0.45,0.5
864,,0.7,0.3,0.3,0.35,0.7,0.3,0.3,0.35
865,,0.55,0.15,0.15,0.2,0.55,0.15,0.15,0.2
866,,0.4,0.0,0.0,0.05,0.4,0.0,0.0,0.05
867,,0.25,-0.15,-0.15,-0.1,0.25,-0.15,-0.15,-0.1
868,3,0.5,0.171,0.85,0.221,0.5,0.029,0.0,0.079
869,3,0.75,0.492,1.0,0.542,0.75,0.208,0.15,0.258
870,,0.6,0.342,0.85,0.392,0.6,0.058,0.0,0.108
871,,0.45,0.192,0.7,0.242,0.45,-0.092,-0.15,-0.042
872,7,0.7,0.371,0.85,0.421,0.7,0.229,0.85,0.279
873,7,0.95,0.55,1.0,0.6,0.95,0.55,1.0,0.6
874,,0.8,0.4,0.85,0.45,0.8,0.4,0.85,0.45
875,,0.65,0.25,0.7,0.3,0.65,0.25,0.7,0.3
876,,0.5,0.1,0.55,0.15,0.5,0.1,0.55,0.15
877,,0.35,-0.05,0.4,0.0,0.35,-0.05,0.4,0.0
878,2,0.671,0.95,0.721,0.25,0.529,0.1,0.579,0.25
879,2,0.992,1.0,1.0,0.5,0.708,0.25,0.758,0.5
880,,0.842,0.85,0.85,0.35,0.558,0.1,0.608,0.35
881,,0.692,0.7,0.7,0.2,0.408,-0.05,0.458,0.2
882,6,0.871,0.85,0.879,0.45,0.729,0.95,0.779,0.45
883,6,1.0,1.0,1.0,0.7,1.0,1.0,1.0,0.7
884,,0.85,0.85,0.85,0.55,0.85,0.85,0.85,0.55
885,,0.7,0.7,0.7,0.4,0.7,0.7,0.7,0.4
886,,0.55,0.55,0.55,0.25,0.55,0.55,0.55,0.25
