step,active_motive,motive_1,motive_2,motive_3,motive_4,motive_5,motive_6,motive_7,motive_8
0,,0.02887,0.01091,0.06505,0.07652,0.09257,0.04382,0.09014,0.08779
1,,-0.12113,-0.13909,-0.08495,-0.07348,-0.05743,-0.10618,-0.05986,-0.06221
2,2,0.19987,0.86091,0.23605,0.17652,0.12157,0.04382,0.11914,0.18779
3,2,0.52087,1.0,0.55705,0.42652,0.30057,0.19382,0.29814,0.43779
4,,0.37087,0.85,0.40705,0.27652,0.15057,0.04382,0.14814,0.28779
5,,0.22087,0.7,0.25705,0.12652,0.00057,-0.10618,-0.00186,0.13779
6,6,0.39987,0.85,0.43605,0.37652,0.32157,0.89382,0.31914,0.38779
7,6,0.57887,1.0,0.61505,0.62652,0.64257,1.0,0.64014,0.63779
8,,0.42887,0.85,0.46505,0.47652,0.49257,0.85,0.49014,0.48779
9,,0.27887,0.7,0.31505,0.32652,0.34257,0.7,0.34014,0.33779
10,,0.12887,0.55,0.16505,0.17652,0.19257,0.55,0.19014,0.18779
11,,-0.02113,0.4,0.01505,0.02652,0.04257,0.4,0.04014,0.03779
12,1,0.97887,0.721,0.26505,0.20552,0.19257,0.579,0.29014,0.35879
13,1,1.0,1.0,0.51505,0.38452,0.34257,0.758,0.54014,0.67979
14,,0.85,0.85,0.36505,0.23452,0.19257,0.608,0.39014,0.52979
15,,0.7,0.7,0.21505,0.08452,0.04257,0.458,0.24014,0.37979
16,,0.55,0.55,0.06505,-0.06548,-0.10743,0.308,0.09014,0.22979
17,5,0.7,0.729,0.31505,0.25552,0.89257,0.629,0.34014,0.40879
18,5,0.85,0.908,0.56505,0.57652,1.0,0.95,0.59014,0.58779
19,,0.7,0.758,0.41505,0.42652,0.85,0.8,0.44014,0.43779
20,,0.55,0.608,0.26505,0.27652,0.7,0.65,0.29014,0.28779
21,,0.4,0.458,0.11505,0.12652,0.55,0.5,0.14014,0.13779
22,,0.25,0.308,-0.03495,-0.02348,0.4,0.35,-0.00986,-0.01221
23,3,0.5,0.629,0.96505,0.29752,0.65,0.529,0.14014,0.16679
24,3,0.75,0.95,1.0,0.61852,0.9,0.708,0.29014,0.34579
25,,0.6,0.8,0.85,0.46852,0.75,0.558,0.14014,0.19579
26,,0.45,0.65,0.7,0.31852,0.6,0.408,-0.00986,0.04579
27,7,0.7,0.829,0.85,0.49752,0.85,0.729,0.99014,0.36679
28,7,0.95,1.0,1.0,0.67652,1.0,1.0,1.0,0.68779
29,,0.8,0.85,0.85,0.52652,0.85,0.85,0.85,0.53779
30,,0.65,0.7,0.7,0.37652,0.7,0.7,0.7,0.38779
31,,0.5,0.55,0.55,0.22652,0.55,0.55,0.55,0.23779
32,,0.35,0.4,0.4,0.07652,0.4,0.4,0.4,0.08779
33,,0.2,0.25,0.25,-0.07348,0.25,0.25,0.25,-0.06221
34,4,0.379,0.5,0.571,0.92652,0.571,0.5,0.429,0.08779
35,4,0.558,0.75,0.892,1.0,0.892,0.75,0.608,0.23779
36,,0.408,0.6,0.742,0.85,0.742,0.6,0.458,0.08779
37,,0.258,0.45,0.592,0.7,0.592,0.45,0.308,-0.06221
38,8,0.579,0.7,0.771,0.85,0.771,0.7,0.629,0.93779
39,8,0.9,0.95,0.95,1.0,0.95,0.95,0.95,1.0
40,,0.75,0.8,0.8,0.85,0.8,0.8,0.8,0.85
41,,0.6,0.65,0.65,0.7,0.65,0.65,0.65,0.7
42,,0.45,0.5,0.5,0.55,0.5,0.5,0.5,0.55
43,,0.3,0.35,0.35,0.4,0.35,0.35,0.35,0.4
44,,0.15,0.2,0.2,0.25,0.2,0.2,0.2,0.25
45,,0.0,0.05,0.05,0.1,0.05,0.05,0.05,0.1
46,,-0.15,-0.1,-0.1,-0.05,-0.1,-0.1,-0.1,-0.05
47,1,0.85,0.221,0.15,0.129,0.05,0.079,0.15,0.271
48,1,1.0,0.542,0.4,0.308,0.2,0.258,0.4,0.592
49,,0.85,0.392,0.25,0.158,0.05,0.108,0.25,0.442
50,,0.7,0.242,0.1,0.008,-0.1,-0.042,0.1,0.292
51,5,0.85,0.421,0.35,0.329,0.9,0.279,0.35,0.471
52,5,1.0,0.6,0.6,0.65,1.0,0.6,0.6,0.65
53,,0.85,0.45,0.45,0.5,0.85,0.45,0.45,0.5
54,,0.7,0.3,0.3,0.35,0.7,0.3,0.3,0.35
55,,0.55,0.15,0.15,0.2,0.55,0.15,0.15,0.2
56,,0.4,0.0,0.0,0.05,0.4,0.0,0.0,0.05
57,,0.25,-0.15,-0.15,-0.1,0.25,-0.15,-0.15,-0.1
58,6,0.429,0.0,0.029,0.15,0.571,0.85,0.171,0.15
59,6,0.608,0.15,0.208,0.4,0.892,1.0,0.492,0.4
60,,0.458,0.0,0.058,0.25,0.742,0.85,0.342,0.25
61,,0.308,-0.15,-0.092,0.1,0.592,0.7,0.192,0.1
62,2,0.629,0.85,0.229,0.35,0.771,0.85,0.371,0.35
63,2,0.95,1.0,0.55,0.6,0.95,1.0,0.55,0.6
64,,0.8,0.85,0.4,0.45,0.8,0.85,0.4,0.45
65,,0.65,0.7,0.25,0.3,0.65,0.7,0.25,0.3
66,,0.5,0.55,0.1,0.15,0.5,0.55,0.1,0.15
67,,0.35,0.4,-0.05,0.0,0.35,0.4,-0.05,0.0
68,3,0.6,0.721,0.95,0.321,0.6,0.579,0.1,0.179
69,3,0.85,1.0,1.0,0.642,0.85,0.758,0.25,0.358
70,,0.7,0.85,0.85,0.492,0.7,0.608,0.1,0.208
71,,0.55,0.7,0.7,0.342,0.55,0.458,-0.05,0.058
72,7,0.8,0.879,0.85,0.521,0.8,0.779,0.95,0.379
73,7,1.0,1.0,1.0,0.7,1.0,1.0,1.0,0.7
74,,0.85,0.85,0.85,0.55,0.85,0.85,0.85,0.55
75,,0.7,0.7,0.7,0.4,0.7,0.7,0.7,0.4
76,,0.55,0.55,0.55,0.25,0.55,0.55,0.55,0.25
77,,0.4,0.4,0.4,0.1,0.4,0.4,0.4,0.1
78,,0.25,0.25,0.25,-0.05,0.25,0.25,0.25,-0.05
79,4,0.429,0.5,0.571,0.95,0.571,0.5,0.429,0.1
80,4,0.608,0.75,0.892,1.0,0.892,0.75,0.608,0.25
81,,0.458,0.6,0.742,0.85,0.742,0.6,0.458,0.1
82,,0.308,0.45,0.592,0.7,0.592,0.45,0.308,-0.05
83,8,0.629,0.7,0.771,0.85,0.771,0.7,0.629,0.95
84,8,0.95,0.95,0.95,1.0,0.95,0.95,0.95,1.0
85,,0.8,0.8,0.8,0.85,0.8,0.8,0.8,0.85
86,,0.65,0.65,0.65,0.7,0.65,0.65,0.65,0.7
87,,0.5,0.5,0.5,0.55,0.5,0.5,0.5,0.55
88,,0.35,0.35,0.35,0.4,0.35,0.35,0.35,0.4
89,,0.2,0.2,0.2,0.25,0.2,0.2,0.2,0.25
90,,0.05,0.05,0.05,0.1,0.05,0.05,0.05,0.1
91,,-0.1,-0.1,-0.1,-0.05,-0.1,-0.1,-0.1,-0.05
92,3,0.15,0.221,0.9,0.271,0.15,0.079,0.05,0.129
93,3,0.4,0.542,1.0,0.592,0.4,0.258,0.2,0.308
94,,0.25,0.392,0.85,0.442,0.25,0.108,0.05,0.158
95,,0.1,0.242,0.7,0.292,0.1,-0.042,-0.1,0.008
96,7,0.35,0.421,0.85,0.471,0.35,0.279,0.9,0.329
97,7,0.6,0.6,1.0,0.65,0.6,0.6,1.0,0.65
98,,0.45,0.45,0.85,0.5,0.45,0.45,0.85,0.5
99,,0.3,0.3,0.7,0.35,0.3,0.3,0.7,0.35
100,,0.15,0.15,0.55,0.2,0.15,0.15,0.55,0.2
101,,0.0,0.0,0.4,0.05,0.0,0.0,0.4,0.05
102,,-0.15,-0.15,0.25,-0.1,-0.15,-0.15,0.25,-0.1
103,1,0.85,0.171,0.5,0.079,0.0,0.029,0.5,0.221
104,1,1.0,0.492,0.75,0.258,0.15,0.208,0.75,0.542
105,,0.85,0.342,0.6,0.108,0.0,0.058,0.6,0.392
106,,0.7,0.192,0.45,-0.042,-0.15,-0.092,0.45,0.242
107,5,0.85,0.371,0.7,0.279,0.85,0.229,0.7,0.421
108,5,1.0,0.55,0.95,0.6,1.0,0.55,0.95,0.6
109,,0.85,0.4,0.8,0.45,0.85,0.4,0.8,0.45
110,,0.7,0.25,0.65,0.3,0.7,0.25,0.65,0.3
111,,0.55,0.1,0.5,0.15,0.55,0.1,0.5,0.15
112,,0.4,-0.05,0.35,0.0,0.4,-0.05,0.35,0.0
113,6,0.579,0.1,0.529,0.25,0.721,0.95,0.671,0.25
114,6,0.758,0.25,0.708,0.5,1.0,1.0,0.992,0.5
115,,0.608,0.1,0.558,0.35,0.85,0.85,0.842,0.35
116,,0.458,-0.05,0.408,0.2,0.7,0.7,0.692,0.2
117,2,0.779,0.95,0.729,0.45,0.879,0.85,0.871,0.45
118,2,1.0,1.0,1.0,0.7,1.0,1.0,1.0,0.7
119,,0.85,0.85,0.85,0.55,0.85,0.85,0.85,0.55
120,,0.7,0.7,0.7,0.4,0.7,0.7,0.7,0.4
121,,0.55,0.55,0.55,0.25,0.55,0.55,0.55,0.25
122,,0.4,0.4,0.4,0.1,0.4,0.4,0.4,0.1
123,,0.25,0.25,0.25,-0.05,0.25,0.25,0.25,-0.05
124,8,0.571,0.5,0.429,0.1,0.429,0.5,0.571,0.95
125,8,0.892,0.75,0.608,0.25,0.608,0.75,0.892,1.0
126,,0.742,0.6,0.458,0.1,0.458,0.6,0.742,0.85
127,,0.592,0.45,0.308,-0.05,0.308,0.45,0.592,0.7
128,4,0.771,0.7,0.629,0.95,0.629,0.7,0.771,0.85
129,4,0.95,0.95,0.95,1.0,0.95,0.95,0.95,1.0
130,,0.8,0.8,0.8,0.85,0.8,0.8,0.8,0.85
131,,0.65,0.65,0.65,0.7,0.65,0.65,0.65,0.7
132,,0.5,0.5,0.5,0.55,0.5,0.5,0.5,0.55
133,,0.35,0.35,0.35,0.4,0.35,0.35,0.35,0.4
134,,0.2,0.2,0.2,0.25,0.2,0.2,0.2,0.25
135,,0.05,0.05,0.05,0.1,0.05,0.05,0.05,0.1
136,,-0.1,-0.1,-0.1,-0.05,-0.1,-0.1,-0.1,-0.05
137,7,0.15,0.079,0.05,0.129,0.15,0.221,0.9,0.271
138,7,0.4,0.258,0.2,0.308,0.4,0.542,1.0,0.592
139,,0.25,0.108,0.05,0.158,0.25,0.392,0.85,0.442
140,,0.1,-0.042,-0.1,0.008,0.1,0.242,0.7,0.292
141,3,0.35,0.279,0.9,0.329,0.35,0.421,0.85,0.471
142,3,0.6,0.6,1.0,0.65,0.6,0.6,1.0,0.65
143,,0.45,0.45,0.85,0.5,0.45,0.45,0.85,0.5
144,,0.3,0.3,0.7,0.35,0.3,0.3,0.7,0.35
145,,0.15,0.15,0.55,0.2,0.15,0.15,0.55,0.2
146,,0.0,0.0,0.4,0.05,0.0,0.0,0.4,0.05
147,,-0.15,-0.15,0.25,-0.1,-0.15,-0.15,0.25,-0.1
148,5,0.0,0.029,0.5,0.221,0.85,0.171,0.5,0.079
149,5,0.15,0.208,0.75,0.542,1.0,0.492,0.75,0.258
150,,0.0,0.058,0.6,0.392,0.85,0.342,0.6,0.108
151,,-0.15,-0.092,0.45,0.242,0.7,0.192,0.45,-0.042
152,1,0.85,0.229,0.7,0.421,0.85,0.371,0.7,0.279
153,1,1.0,0.55,0.95,0.6,1.0,0.55,0.95,0.6
154,,0.85,0.4,0.8,0.45,0.85,0.4,0.8,0.45
155,,0.7,0.25,0.65,0.3,0.7,0.25,0.65,0.3
156,,0.55,0.1,0.5,0.15,0.55,0.1,0.5,0.15
157,,0.4,-0.05,0.35,0.0,0.4,-0.05,0.35,0.0
158,2,0.721,0.95,0.671,0.25,0.579,0.1,0.529,0.25
159,2,1.0,1.0,0.992,0.5,0.758,0.25,0.708,0.5
160,,0.85,0.85,0.842,0.35,0.608,0.1,0.558,0.35
161,,0.7,0.7,0.692,0.2,0.458,-0.05,0.408,0.2
162,6,0.879,0.85,0.871,0.45,0.779,0.95,0.729,0.45
163,6,1.0,1.0,1.0,0.7,1.0,1.0,1.0,0.7
164,,0.85,0.85,0.85,0.55,0.85,0.85,0.85,0.55
165,,0.7,0.7,0.7,0.4,0.7,0.7,0.7,0.4
166,,0.55,0.55,0.55,0.25,0.55,0.55,0.55,0.25
167,,0.4,0.4,0.4,0.1,0.4,0.4,0.4,0.1
168,,0.25,0.25,0.25,-0.05,0.25,0.25,0.25,-0.05
169,4,0.429,0.5,0.571,0.95,0.571,0.5,0.429,0.1
170,4,0.608,0.75,0.892,1.0,0.892,0.75,0.608,0.25
171,,0.458,0.6,0.742,0.85,0.742,0.6,0.458,0.1
172,,0.308,0.45,0.592,0.7,0.592,0.45,0.308,-0.05
173,8,0.629,0.7,0.771,0.85,0.771,0.7,0.629,0.95
174,8,0.95,0.95,0.95,1.0,0.95,0.95,0.95,1.0
175,,0.8,0.8,0.8,0.85,0.8,0.8,0.8,0.85
176,,0.65,0.65,0.65,0.7,0.65,0.65,0.65,0.7
177,,0.5,0.5,0.5,0.55,0.5,0.5,0.5,0.55
178,,0.35,0.35,0.35,0.4,0.35,0.35,0.35,0.4
179,,0.2,0.2,0.2,0.25,0.2,0.2,0.2,0.25
180,,0.05,0.05,0.05,0.1,0.05,0.05,0.05,0.1
181,,-0.1,-0.1,-0.1,-0.05,-0.1,-0.1,-0.1,-0.05
182,1,0.9,0.221,0.15,0.129,0.05,0.079,0.15,0.271
183,1,1.0,0.542,0.4,0.308,0.2,0.258,0.4,0.592
184,,0.85,0.392,0.25,0.158,0.05,0.108,0.25,0.442
185,,0.7,0.242,0.1,0.008,-0.1,-0.042,0.1,0.292
186,5,0.85,0.421,0.35,0.329,0.9,0.279,0.35,0.471
187,5,1.0,0.6,0.6,0.65,1.0,0.6,0.6,0.65
188,,0.85,0.45,0.45,0.5,0.85,0.45,0.45,0.5
189,,0.7,0.3,0.3,0.35,0.7,0.3,0.3,0.35
190,,0.55,0.15,0.15,0.2,0.55,0.15,0.15,0.2
191,,0.4,0.0,0.0,0.05,0.4,0.0,0.0,0.05
192,,0.25,-0.15,-0.15,-0.1,0.25,-0.15,-0.15,-0.1
193,7,0.5,0.029,0.0,0.079,0.5,0.171,0.85,0.221
194,7,0.75,0.208,0.15,0.258,0.75,0.492,1.0,0.542
195,,0.6,0.058,0.0,0.108,0.6,0.342,0.85,0.392
196,,0.45,-0.092,-0.15,-0.042,0.45,0.192,0.7,0.242
197,3,0.7,0.229,0.85,0.279,0.7,0.371,0.85,0.421
198,3,0.95,0.55,1.0,0.6,0.95,0.55,1.0,0.6
199,,0.8,0.4,0.85,0.45,0.8,0.4,0.85,0.45
200,,0.65,0.25,0.7,0.3,0.65,0.25,0.7,0.3
201,,0.5,0.1,0.55,0.15,0.5,0.1,0.55,0.15
202,,0.35,-0.05,0.4,0.0,0.35,-0.05,0.4,0.0
203,6,0.529,0.1,0.579,0.25,0.671,0.95,0.721,0.25
204,6,0.708,0.25,0.758,0.5,0.992,1.0,1.0,0.5
205,,0.558,0.1,0.608,0.35,0.842,0.85,0.85,0.35
206,,0.408,-0.05,0.458,0.2,0.692,0.7,0.7,0.2
207,2,0.729,0.95,0.779,0.45,0.871,0.85,0.879,0.45
208,2,1.0,1.0,1.0,0.7,1.0,1.0,1.0,0.7
209,,0.85,0.85,0.85,0.55,0.85,0.85,0.85,0.55
210,,0.7,0.7,0.7,0.4,0.7,0.7,0.7,0.4
211,,0.55,0.55,0.55,0.25,0.55,0.55,0.55,0.25
212,,0.4,0.4,0.4,0.1,0.4,0.4,0.4,0.1
213,,0.25,0.25,0.25,-0.05,0.25,0.25,0.25,-0.05
214,4,0.429,0.5,0.571,0.95,0.571,0.5,0.429,0.1
215,4,0.608,0.75,0.892,1.0,0.892,0.75,0.608,0.25
216,,0.458,0.6,0.742,0.85,0.742,0.6,0.458,0.1
217,,0.308,0.45,0.592,0.7,0.592,0.45,0.308,-0.05
218,8,0.629,0.7,0.771,0.85,0.771,0.7,0.629,0.95
219,8,0.95,0.95,0.95,1.0,0.95,0.95,0.95,1.0
220,,0.8,0.8,0.8,0.85,0.8,0.8,0.8,0.85
221,,0.65,0.65,0.65,0.7,0.65,0.65,0.65,0.7
222,,0.5,0.5,0.5,0.55,0.5,0.5,0.5,0.55
223,,0.35,0.35,0.35,0.4,0.35,0.35,0.35,0.4
224,,0.2,0.2,0.2,0.25,0.2,0.2,0.2,0.25
225,,0.05,0.05,0.05,0.1,0.05,0.05,0.05,0.1
226,,-0.1,-0.1,-0.1,-0.05,-0.1,-0.1,-0.1,-0.05
227,6,0.079,0.05,0.079,0.2,0.221,0.9,0.221,0.2
228,6,0.258,0.2,0.258,0.45,0.542,1.0,0.542,0.45
229,,0.108,0.05,0.108,0.3,0.392,0.85,0.392,0.3
230,,-0.042,-0.1,-0.042,0.15,0.242,0.7,0.242,0.15
231,2,0.279,0.9,0.279,0.4,0.421,0.85,0.421,0.4
232,2,0.6,1.0,0.6,0.65,0.6,1.0,0.6,0.65
233,,0.45,0.85,0.45,0.5,0.45,0.85,0.45,0.5
234,,0.3,0.7,0.3,0.35,0.3,0.7,0.3,0.35
235,,0.15,0.55,0.15,0.2,0.15,0.55,0.15,0.2
236,,0.0,0.4,0.0,0.05,0.0,0.4,0.0,0.05
237,,-0.15,0.25,-0.15,-0.1,-0.15,0.25,-0.15,-0.1
238,5,0.0,0.429,0.1,0.221,0.85,0.571,0.1,0.079
239,5,0.15,0.608,0.35,0.542,1.0,0.892,0.35,0.258
240,,0.0,0.458,0.2,0.392,0.85,0.742,0.2,0.108
241,,-0.15,0.308,0.05,0.242,0.7,0.592,0.05,-0.042
242,1,0.85,0.629,0.3,0.421,0.85,0.771,0.3,0.279
243,1,1.0,0.95,0.55,0.6,1.0,0.95,0.55,0.6
244,,0.85,0.8,0.4,0.45,0.85,0.8,0.4,0.45
245,,0.7,0.65,0.25,0.3,0.7,0.65,0.25,0.3
246,,0.55,0.5,0.1,0.15,0.55,0.5,0.1,0.15
247,,0.4,0.35,-0.05,0.0,0.4,0.35,-0.05,0.0
248,7,0.65,0.529,0.1,0.179,0.65,0.671,0.95,0.321
249,7,0.9,0.708,0.25,0.358,0.9,0.992,1.0,0.642
250,,0.75,0.558,0.1,0.208,0.75,0.842,0.85,0.492
251,,0.6,0.408,-0.05,0.058,0.6,0.692,0.7,0.342
252,3,0.85,0.729,0.95,0.379,0.85,0.871,0.85,0.521
253,3,1.0,1.0,1.0,0.7,1.0,1.0,1.0,0.7
254,,0.85,0.85,0.85,0.55,0.85,0.85,0.85,0.55
255,,0.7,0.7,0.7,0.4,0.7,0.7,0.7,0.4
256,,0.55,0.55,0.55,0.25,0.55,0.55,0.55,0.25
257,,0.4,0.4,0.4,0.1,0.4,0.4,0.4,0.1
258,,0.25,0.25,0.25,-0.05,0.25,0.25,0.25,-0.05
259,4,0.429,0.5,0.571,0.95,0.571,0.5,0.429,0.1
260,4,0.608,0.75,0.892,1.0,0.892,0.75,0.608,0.25
261,,0.458,0.6,0.742,0.85,0.742,0.6,0.458,0.1
262,,0.308,0.45,0.592,0.7,0.592,0.45,0.308,-0.05
263,8,0.629,0.7,0.771,0.85,0.771,0.7,0.629,0.95
264,8,0.95,0.95,0.95,1.0,0.95,0.95,0.95,1.0
265,,0.8,0.8,0.8,0.85,0.8,0.8,0.8,0.85
266,,0.65,0.65,0.65,0.7,0.65,0.65,0.65,0.7
267,,0.5,0.5,0.5,0.55,0.5,0.5,0.5,0.55
268,,0.35,0.35,0.35,0.4,0.35,0.35,0.35,0.4
269,,0.2,0.2,0.2,0.25,0.2,0.2,0.2,0.25
270,,0.05,0.05,0.05,0.1,0.05,0.05,0.05,0.1
271,,-0.1,-0.1,-0.1,-0.05,-0.1,-0.1,-0.1,-0.05
272,1,0.9,0.221,0.15,0.129,0.05,0.079,0.15,0.271
273,1,1.0,0.542,0.4,0.308,0.2,0.258,0.4,0.592
274,,0.85,0.392,0.25,0.158,0.05,0.108,0.25,0.442
275,,0.7,0.242,0.1,0.008,-0.1,-0.042,0.1,0.292
276,5,0.85,0.421,0.35,0.329,0.9,0.279,0.35,0.471
277,5,1.0,0.6,0.6,0.65,1.0,0.6,0.6,0.65
278,,0.85,0.45,0.45,0.5,0.85,0.45,0.45,0.5
279,,0.7,0.3,0.3,0.35,0.7,0.3,0.3,0.35
280,,0.55,0.15,0.15,0.2,0.55,0.15,0.15,0.2
281,,0.4,0.0,0.0,0.05,0.4,0.0,0.0,0.05
282,,0.25,-0.15,-0.15,-0.1,0.25,-0.15,-0.15,-0.1
283,2,0.571,0.85,0.171,0.15,0.429,0.0,0.029,0.15
284,2,0.892,1.0,0.492,0.4,0.608,0.15,0.208,0.4
285,,0.742,0.85,0.342,0.25,0.458,0.0,0.058,0.25
286,,0.592,0.7,0.192,0.1,0.308,-0.15,-0.092,0.1
287,6,0.771,0.85,0.371,0.35,0.629,0.85,0.229,0.35
288,6,0.95,1.0,0.55,0.6,0.95,1.0,0.55,0.6
289,,0.8,0.85,0.4,0.45,0.8,0.85,0.4,0.45
290,,0.65,0.7,0.25,0.3,0.65,0.7,0.25,0.3
291,,0.5,0.55,0.1,0.15,0.5,0.55,0.1,0.15
292,,0.35,0.4,-0.05,0.0,0.35,0.4,-0.05,0.0
293,3,0.6,0.721,0.95,0.321,0.6,0.579,0.1,0.179
294,3,0.85,1.0,1.0,0.642,0.85,0.758,0.25,0.358
295,,0.7,0.85,0.85,0.492,0.7,0.608,0.1,0.208
296,,0.55,0.7,0.7,0.342,0.55,0.458,-0.05,0.058
297,7,0.8,0.879,0.85,0.521,0.8,0.779,0.95,0.379
298,7,1.0,1.0,1.0,0.7,1.0,1.0,1.0,0.7
299,,0.85,0.85,0.85,0.55,0.85,0.85,0.85,0.55
300,,0.7,0.7,0.7,0.4,0.7,0.7,0.7,0.4
301,,0.55,0.55,0.55,0.25,0.55,0.55,0.55,0.25
302,,0.4,0.4,0.4,0.1,0.4,0.4,0.4,0.1
303,,0.25,0.25,0.25,-0.05,0.25,0.25,0.25,-0.05
304,8,0.571,0.5,0.429,0.1,0.429,0.5,0.571,0.95
305,8,0.892,0.75,0.608,0.25,0.608,0.75,0.892,1.0
306,,0.742,0.6,0.458,0.1,0.458,0.6,0.742,0.85
307,,0.592,0.45,0.308,-0.05,0.308,0.45,0.592,0.7
308,4,0.771,0.7,0.629,0.95,0.629,0.7,0.771,0.85
309,4,0.95,0.95,0.95,1.0,0.95,0.95,0.95,1.0
310,,0.8,0.8,0.8,0.85,0.8,0.8,0.8,0.85
311,,0.65,0.65,0.65,0.7,0.65,0.65,0.65,0.7
312,,0.5,0.5,0.5,0.55,0.5,0.5,0.5,0.55
313,,0.35,0.35,0.35,0.4,0.35,0.35,0.35,0.4
314,,0.2,0.2,0.2,0.25,0.2,0.2,0.2,0.25
315,,0.05,0.05,0.05,0.1,0.05,0.05,0.05,0.1
316,,-0.1,-0.1,-0.1,-0.05,-0.1,-0.1,-0.1,-0.05
317,1,0.9,0.221,0.15,0.129,0.05,0.079,0.15,0.271
318,1,1.0,0.542,0.4,0.308,0.2,0.258,0.4,0.592
319,,0.85,0.392,0.25,0.158,0.05,0.108,0.25,0.442
320,,0.7,0.242,0.1,0.008,-0.1,-0.042,0.1,0.292
321,5,0.85,0.421,0.35,0.329,0.9,0.279,0.35,0.471
322,5,1.0,0.6,0.6,0.65,1.0,0.6,0.6,0.65
323,,0.85,0.45,0.45,0.5,0.85,0.45,0.45,0.5
324,,0.7,0.3,0.3,0.35,0.7,0.3,0.3,0.35
325,,0.55,0.15,0.15,0.2,0.55,0.15,0.15,0.2
326,,0.4,0.0,0.0,0.05,0.4,0.0,0.0,0.05
327,,0.25,-0.15,-0.15,-0.1,0.25,-0.15,-0.15,-0.1
328,6,0.429,0.0,0.029,0.15,0.571,0.85,0.171,0.15
329,6,0.608,0.15,0.208,0.4,0.892,1.0,0.492,0.4
330,,0.458,0.0,0.058,0.25,0.742,0.85,0.342,0.25
331,,0.308,-0.15,-0.092,0.1,0.592,0.7,0.192,0.1
332,2,0.629,0.85,0.229,0.35,0.771,0.85,0.371,0.35
333,2,0.95,1.0,0.55,0.6,0.95,1.0,0.55,0.6
334,,0.8,0.85,0.4,0.45,0.8,0.85,0.4,0.45
335,,0.65,0.7,0.25,0.3,0.65,0.7,0.25,0.3
336,,0.5,0.55,0.1,0.15,0.5,0.55,0.1,0.15
337,,0.35,0.4,-0.05,0.0,0.35,0.4,-0.05,0.0
338,7,0.6,0.579,0.1,0.179,0.6,0.721,0.95,0.321
339,7,0.85,0.758,0.25,0.358,0.85,1.0,1.0,0.642
340,,0.7,0.608,0.1,0.208,0.7,0.85,0.85,0.492
341,,0.55,0.458,-0.05,0.058,0.55,0.7,0.7,0.342
342,3,0.8,0.779,0.95,0.379,0.8,0.879,0.85,0.521
343,3,1.0,1.0,1.0,0.7,1.0,1.0,1.0,0.7
344,,0.85,0.85,0.85,0.55,0.85,0.85,0.85,0.55
345,,0.7,0.7,0.7,0.4,0.7,0.7,0.7,0.4
346,,0.55,0.55,0.55,0.25,0.55,0.55,0.55,0.25
347,,0.4,0.4,0.4,0.1,0.4,0.4,0.4,0.1
348,,0.25,0.25,0.25,-0.05,0.25,0.25,0.25,-0.05
349,8,0.571,0.5,0.429,0.1,0.429,0.5,0.571,0.95
350,8,0.892,0.75,0.608,0.25,0.608,0.75,0.892,1.0
351,,0.742,0.6,0.458,0.1,0.458,0.6,0.742,0.85
352,,0.592,0.45,0.308,-0.05,0.308,0.45,0.592,0.7
353,4,0.771,0.7,0.629,0.95,0.629,0.7,0.771,0.85
354,4,0.95,0.95,0.95,1.0,0.95,0.95,0.95,1.0
355,,0.8,0.8,0.8,0.85,0.8,0.8,0.8,0.85
356,,0.65,0.65,0.65,0.7,0.65,0.65,0.65,0.7
357,,0.5,0.5,0.5,0.55,0.5,0.5,0.5,0.55
358,,0.35,0.35,0.35,0.4,0.35,0.35,0.35,0.4
359,,0.2,0.2,0.2,0.25,0.2,0.2,0.2,0.25
360,,0.05,0.05,0.05,0.1,0.05,0.05,0.05,0.1
361,,-0.1,-0.1,-0.1,-0.05,-0.1,-0.1,-0.1,-0.05
362,2,0.221,0.9,0.221,0.2,0.079,0.05,0.079,0.2
363,2,0.542,1.0,0.542,0.45,0.258,0.2,0.258,0.45
364,,0.392,0.85,0.392,0.3,0.108,0.05,0.108,0.3
365,,0.242,0.7,0.242,0.15,-0.042,-0.1,-0.042,0.15
366,6,0.421,0.85,0.421,0.4,0.279,0.9,0.279,0.4
367,6,0.6,1.0,0.6,0.65,0.6,1.0,0.6,0.65
368,,0.45,0.85,0.45,0.5,0.45,0.85,0.45,0.5
369,,0.3,0.7,0.3,0.35,0.3,0.7,0.3,0.35
370,,0.15,0.55,0.15,0.2,0.15,0.55,0.15,0.2
371,,0.0,0.4,0.0,0.05,0.0,0.4,0.0,0.05
372,,-0.15,0.25,-0.15,-0.1,-0.15,0.25,-0.15,-0.1
373,5,0.0,0.429,0.1,0.221,0.85,0.571,0.1,0.079
374,5,0.15,0.608,0.35,0.542,1.0,0.892,0.35,0.258
375,,0.0,0.458,0.2,0.392,0.85,0.742,0.2,0.108
376,,-0.15,0.308,0.05,0.242,0.7,0.592,0.05,-0.042
377,1,0.85,0.629,0.3,0.421,0.85,0.771,0.3,0.279
378,1,1.0,0.95,0.55,0.6,1.0,0.95,0.55,0.6
379,,0.85,0.8,0.4,0.45,0.85,0.8,0.4,0.45
380,,0.7,0.65,0.25,0.3,0.7,0.65,0.25,0.3
381,,0.55,0.5,0.1,0.15,0.55,0.5,0.1,0.15
382,,0.4,0.35,-0.05,0.0,0.4,0.35,-0.05,0.0
383,3,0.65,0.671,0.95,0.321,0.65,0.529,0.1,0.179
384,3,0.9,0.992,1.0,0.642,0.9,0.708,0.25,0.358
385,,0.75,0.842,0.85,0.492,0.75,0.558,0.1,0.208
386,,0.6,0.692,0.7,0.342,0.6,0.408,-0.05,0.058
387,7,0.85,0.871,0.85,0.521,0.85,0.729,0.95,0.379
388,7,1.0,1.0,1.0,0.7,1.0,1.0,1.0,0.7
389,,0.85,0.85,0.85,0.55,0.85,0.85,0.85,0.55
390,,0.7,0.7,0.7,0.4,0.7,0.7,0.7,0.4
391,,0.55,0.55,0.55,0.25,0.55,0.55,0.55,0.25
392,,0.4,0.4,0.4,0.1,0.4,0.4,0.4,0.1
393,,0.25,0.25,0.25,-0.05,0.25,0.25,0.25,-0.05
394,8,0.571,0.5,0.429,0.1,0.429,0.5,0.571,0.95
395,8,0.892,0.75,0.608,0.25,0.608,0.75,0.892,1.0
396,,0.742,0.6,0.458,0.1,0.458,0.6,0.742,0.85
397,,0.592,0.45,0.308,-0.05,0.308,0.45,0.592,0.7
398,4,0.771,0.7,0.629,0.95,0.629,0.7,0.771,0.85
399,4,0.95,0.95,0.95,1.0,0.95,0.95,0.95,1.0
400,,0.8,0.8,0.8,0.85,0.8,0.8,0.8,0.85
401,,0.65,0.65,0.65,0.7,0.65,0.65,0.65,0.7
402,,0.5,0.5,0.5,0.55,0.5,0.5,0.5,0.55
403,,0.35,0.35,0.35,0.4,0.35,0.35,0.35,0.4
404,,0.2,0.2,0.2,0.25,0.2,0.2,0.2,0.25
405,,0.05,0.05,0.05,0.1,0.05,0.05,0.05,0.1
406,,-0.1,-0.1,-0.1,-0.05,-0.1,-0.1,-0.1,-0.05
407,7,0.15,0.079,0.05,0.129,0.15,0.221,0.9,0.271
408,7,0.4,0.258,0.2,0.308,0.4,0.542,1.0,0.592
409,,0.25,0.108,0.05,0.158,0.25,0.392,0.85,0.442
410,,0.1,-0.042,-0.1,0.008,0.1,0.242,0.7,0.292
411,3,0.35,0.279,0.9,0.329,0.35,0.421,0.85,0.471
412,3,0.6,0.6,1.0,0.65,0.6,0.6,1.0,0.65
413,,0.45,0.45,0.85,0.5,0.45,0.45,0.85,0.5
414,,0.3,0.3,0.7,0.35,0.3,0.3,0.7,0.35
415,,0.15,0.15,0.55,0.2,0.15,0.15,0.55,0.2
416,,0.0,0.0,0.4,0.05,0.0,0.0,0.4,0.05
417,,-0.15,-0.15,0.25,-0.1,-0.15,-0.15,0.25,-0.1
418,2,0.171,0.85,0.571,0.15,0.029,0.0,0.429,0.15
419,2,0.492,1.0,0.892,0.4,0.208,0.15,0.608,0.4
420,,0.342,0.85,0.742,0.25,0.058,0.0,0.458,0.25
421,,0.192,0.7,0.592,0.1,-0.092,-0.15,0.308,0.1
422,6,0.371,0.85,0.771,0.35,0.229,0.85,0.629,0.35
423,6,0.55,1.0,0.95,0.6,0.55,1.0,0.95,0.6
424,,0.4,0.85,0.8,0.45,0.4,0.85,0.8,0.45
425,,0.25,0.7,0.65,0.3,0.25,0.7,0.65,0.3
426,,0.1,0.55,0.5,0.15,0.1,0.55,0.5,0.15
427,,-0.05,0.4,0.35,0.0,-0.05,0.4,0.35,0.0
428,5,0.1,0.579,0.6,0.321,0.95,0.721,0.6,0.179
429,5,0.25,0.758,0.85,0.642,1.0,1.0,0.85,0.358
430,,0.1,0.608,0.7,0.492,0.85,0.85,0.7,0.208
431,,-0.05,0.458,0.55,0.342,0.7,0.7,0.55,0.058
432,1,0.95,0.779,0.8,0.521,0.85,0.879,0.8,0.379
433,1,1.0,1.0,1.0,0.7,1.0,1.0,1.0,0.7
434,,0.85,0.85,0.85,0.55,0.85,0.85,0.85,0.55
435,,0.7,0.7,0.7,0.4,0.7,0.7,0.7,0.4
436,,0.55,0.55,0.55,0.25,0.55,0.55,0.55,0.25
437,,0.4,0.4,0.4,0.1,0.4,0.4,0.4,0.1
438,,0.25,0.25,0.25,-0.05,0.25,0.25,0.25,-0.05
439,8,0.571,0.5,0.429,0.1,0.429,0.5,0.571,0.95
440,8,0.892,0.75,0.608,0.25,0.608,0.75,0.892,1.0
441,,0.742,0.6,0.458,0.1,0.458,0.6,0.742,0.85
442,,0.592,0.45,0.308,-0.05,0.308,0.45,0.592,0.7
443,4,0.771,0.7,0.629,0.95,0.629,0.7,0.771,0.85
444,4,0.95,0.95,0.95,1.0,0.95,0.95,0.95,1.0
445,,0.8,0.8,0.8,0.85,0.8,0.8,0.8,0.85
446,,0.65,0.65,0.65,0.7,0.65,0.65,0.65,0.7
447,,0.5,0.5,0.5,0.55,0.5,0.5,0.5,0.55
448,,0.35,0.35,0.35,0.4,0.35,0.35,0.35,0.4
449,,0.2,0.2,0.2,0.25,0.2,0.2,0.2,0.25
450,,0.05,0.05,0.05,0.1,0.05,0.05,0.05,0.1
451,,-0.1,-0.1,-0.1,-0.05,-0.1,-0.1,-0.1,-0.05
452,7,0.15,0.079,0.05,0.129,0.15,0.221,0.9,0.271
453,7,0.4,0.258,0.2,0.308,0.4,0.542,1.0,0.592
454,,0.25,0.108,0.05,0.158,0.25,0.392,0.85,0.442
455,,0.1,-0.042,-0.1,0.008,0.1,0.242,0.7,0.292
456,3,0.35,0.279,0.9,0.329,0.35,0.421,0.85,0.471
457,3,0.6,0.6,1.0,0.65,0.6,0.6,1.0,0.65
458,,0.45,0.45,0.85,0.5,0.45,0.45,0.85,0.5
459,,0.3,0.3,0.7,0.35,0.3,0.3,0.7,0.35
460,,0.15,0.15,0.55,0.2,0.15,0.15,0.55,0.2
461,,0.0,0.0,0.4,0.05,0.0,0.0,0.4,0.05
462,,-0.15,-0.15,0.25,-0.1,-0.15,-0.15,0.25,-0.1
463,1,0.85,0.171,0.5,0.079,0.0,0.029,0.5,0.221
464,1,1.0,0.492,0.75,0.258,0.15,0.208,0.75,0.542
465,,0.85,0.342,0.6,0.108,0.0,0.058,0.6,0.392
466,,0.7,0.192,0.45,-0.042,-0.15,-0.092,0.45,0.242
467,5,0.85,0.371,0.7,0.279,0.85,0.229,0.7,0.421
468,5,1.0,0.55,0.95,0.6,1.0,0.55,0.95,0.6
469,,0.85,0.4,0.8,0.45,0.85,0.4,0.8,0.45
470,,0.7,0.25,0.65,0.3,0.7,0.25,0.65,0.3
471,,0.55,0.1,0.5,0.15,0.55,0.1,0.5,0.15
472,,0.4,-0.05,0.35,0.0,0.4,-0.05,0.35,0.0
473,2,0.721,0.95,0.671,0.25,0.579,0.1,0.529,0.25
474,2,1.0,1.0,0.992,0.5,0.758,0.25,0.708,0.5
475,,0.85,0.85,0.842,0.35,0.608,0.1,0.558,0.35
476,,0.7,0.7,0.692,0.2,0.458,-0.05,0.408,0.2
477,6,0.879,0.85,0.871,0.45,0.779,0.95,0.729,0.45
478,6,1.0,1.0,1.0,0.7,1.0,1.0,1.0,0.7
479,,0.85,0.85,0.85,0.55,0.85,0.85,0.85,0.55
480,,0.7,0.7,0.7,0.4,0.7,0.7,0.7,0.4
481,,0.55,0.55,0.55,0.25,0.55,0.55,0.55,0.25
482,,0.4,0.4,0.4,0.1,0.4,0.4,0.4,0.1
483,,0.25,0.25,0.25,-0.05,0.25,0.25,0.25,-0.05
484,4,0.429,0.5,0.571,0.95,0.571,0.5,0.429,0.1
485,4,0.608,0.75,0.892,1.0,0.892,0.75,0.608,0.25
486,,0.458,0.6,0.742,0.85,0.742,0.6,0.458,0.1
487,,0.308,0.45,0.592,0.7,0.592,0.45,0.308,-0.05
488,8,0.629,0.7,0.771,0.85,0.771,0.7,0.629,0.95
489,8,0.95,0.95,0.95,1.0,0.95,0.95,0.95,1.0
490,,0.8,0.8,0.8,0.85,0.8,0.8,0.8,0.85
491,,0.65,0.65,0.65,0.7,0.65,0.65,0.65,0.7
492,,0.5,0.5,0.5,0.55,0.5,0.5,0.5,0.55
493,,0.35,0.35,0.35,0.4,0.35,0.35,0.35,0.4
494,,0.2,0.2,0.2,0.25,0.2,0.2,0.2,0.25
495,,0.05,0.05,0.05,0.1,0.05,0.05,0.05,0.1
496,,-0.1,-0.1,-0.1,-0.05,-0.1,-0.1,-0.1,-0.05
497,2,0.221,0.9,0.221,0.2,0.079,0.05,0.079,0.2
498,2,0.542,1.0,0.542,0.45,0.258,0.2,0.258,0.45
499,,0.392,0.85,0.392,0.3,0.108,0.05,0.108,0.3
500,,0.242,0.7,0.242,0.15,-0.042,-0.1,-0.042,0.15
501,6,0.421,0.85,0.421,0.4,0.279,0.9,0.279,0.4
502,6,0.6,1.0,0.6,0.65,0.6,1.0,0.6,0.65
503,,0.45,0.85,0.45,0.5,0.45,0.85,0.45,0.5
504,,0.3,0.7,0.3,0.35,0.3,0.7,0.3,0.35
505,,0.15,0.55,0.15,0.2,0.15,0.55,0.15,0.2
506,,0.0,0.4,0.0,0.05,0.0,0.4,0.0,0.05
507,,-0.15,0.25,-0.15,-0.1,-0.15,0.25,-0.15,-0.1
508,7,0.1,0.429,0.0,0.079,0.1,0.571,0.85,0.221
509,7,0.35,0.608,0.15,0.258,0.35,0.892,1.0,0.542
510,,0.2,0.458,0.0,0.108,0.2,0.742,0.85,0.392
511,,0.05,0.308,-0.15,-0.042,0.05,0.592,0.7,0.242
512,3,0.3,0.629,0.85,0.279,0.3,0.771,0.85,0.421
513,3,0.55,0.95,1.0,0.6,0.55,0.95,1.0,0.6
514,,0.4,0.8,0.85,0.45,0.4,0.8,0.85,0.45
515,,0.25,0.65,0.7,0.3,0.25,0.65,0.7,0.3
516,,0.1,0.5,0.55,0.15,0.1,0.5,0.55,0.15
517,,-0.05,0.35,0.4,0.0,-0.05,0.35,0.4,0.0
518,5,0.1,0.529,0.65,0.321,0.95,0.671,0.65,0.179
519,5,0.25,0.708,0.9,0.642,1.0,0.992,0.9,0.358
520,,0.1,0.558,0.75,0.492,0.85,0.842,0.75,0.208
521,,-0.05,0.408,0.6,0.342,0.7,0.692,0.6,0.058
522,1,0.95,0.729,0.85,0.521,0.85,0.871,0.85,0.379
523,1,1.0,1.0,1.0,0.7,1.0,1.0,1.0,0.7
524,,0.85,0.85,0.85,0.55,0.85,0.85,0.85,0.55
525,,0.7,0.7,0.7,0.4,0.7,0.7,0.7,0.4
526,,0.55,0.55,0.55,0.25,0.55,0.55,0.55,0.25
527,,0.4,0.4,0.4,0.1,0.4,0.4,0.4,0.1
528,,0.25,0.25,0.25,-0.05,0.25,0.25,0.25,-0.05
529,8,0.571,0.5,0.429,0.1,0.429,0.5,0.571,0.95
530,8,0.892,0.75,0.608,0.25,0.608,0.75,0.892,1.0
531,,0.742,0.6,0.458,0.1,0.458,0.6,0.742,0.85
532,,0.592,0.45,0.308,-0.05,0.308,0.45,0.592,0.7
533,4,0.771,0.7,0.629,0.95,0.629,0.7,0.771,0.85
534,4,0.95,0.95,0.95,1.0,0.95,0.95,0.95,1.0
535,,0.8,0.8,0.8,0.85,0.8,0.8,0.8,0.85
536,,0.65,0.65,0.65,0.7,0.65,0.65,0.65,0.7
537,,0.5,0.5,0.5,0.55,0.5,0.5,0.5,0.55
538,,0.35,0.35,0.35,0.4,0.35,0.35,0.35,0.4
539,,0.2,0.2,0.2,0.25,0.2,0.2,0.2,0.25
540,,0.05,0.05,0.05,0.1,0.05,0.05,0.05,0.1
541,,-0.1,-0.1,-0.1,-0.05,-0.1,-0.1,-0.1,-0.05
542,7,0.15,0.079,0.05,0.129,0.15,0.221,0.9,0.271
543,7,0.4,0.258,0.2,0.308,0.4,0.542,1.0,0.592
544,,0.25,0.108,0.05,0.158,0.25,0.392,0.85,0.442
545,,0.1,-0.042,-0.1,0.008,0.1,0.242,0.7,0.292
546,3,0.35,0.279,0.9,0.329,0.35,0.421,0.85,0.471
547,3,0.6,0.6,1.0,0.65,0.6,0.6,1.0,0.65
548,,0.45,0.45,0.85,0.5,0.45,0.45,0.85,0.5
549,,0.3,0.3,0.7,0.35,0.3,0.3,0.7,0.35
550,,0.15,0.15,0.55,0.2,0.15,0.15,0.55,0.2
551,,0.0,0.0,0.4,0.05,0.0,0.0,0.4,0.05
552,,-0.15,-0.15,0.25,-0.1,-0.15,-0.15,0.25,-0.1
553,6,0.029,0.0,0.429,0.15,0.171,0.85,0.571,0.15
554,6,0.208,0.15,0.608,0.4,0.492,1.0,0.892,0.4
555,,0.058,0.0,0.458,0.25,0.342,0.85,0.742,0.25
556,,-0.092,-0.15,0.308,0.1,0.192,0.7,0.592,0.1
557,2,0.229,0.85,0.629,0.35,0.371,0.85,0.771,0.35
558,2,0.55,1.0,0.95,0.6,0.55,1.0,0.95,0.6
559,,0.4,0.85,0.8,0.45,0.4,0.85,0.8,0.45
560,,0.25,0.7,0.65,0.3,0.25,0.7,0.65,0.3
561,,0.1,0.55,0.5,0.15,0.1,0.55,0.5,0.15
562,,-0.05,0.4,0.35,0.0,-0.05,0.4,0.35,0.0
563,1,0.95,0.721,0.6,0.179,0.1,0.579,0.6,0.321
564,1,1.0,1.0,0.85,0.358,0.25,0.758,0.85,0.642
565,,0.85,0.85,0.7,0.208,0.1,0.608,0.7,0.492
566,,0.7,0.7,0.55,0.058,-0.05,0.458,0.55,0.342
567,5,0.85,0.879,0.8,0.379,0.95,0.779,0.8,0.521
568,5,1.0,1.0,1.0,0.7,1.0,1.0,1.0,0.7
569,,0.85,0.85,0.85,0.55,0.85,0.85,0.85,0.55
570,,0.7,0.7,0.7,0.4,0.7,0.7,0.7,0.4
571,,0.55,0.55,0.55,0.25,0.55,0.55,0.55,0.25
572,,0.4,0.4,0.4,0.1,0.4,0.4,0.4,0.1
573,,0.25,0.25,0.25,-0.05,0.25,0.25,0.25,-0.05
574,4,0.429,0.5,0.571,0.95,0.571,0.5,0.429,0.1
575,4,0.608,0.75,0.892,1.0,0.892,0.75,0.608,0.25
576,,0.458,0.6,0.742,0.85,0.742,0.6,0.458,0.1
577,,0.308,0.45,0.592,0.7,0.592,0.45,0.308,-0.05
578,8,0.629,0.7,0.771,0.85,0.771,0.7,0.629,0.95
579,8,0.95,0.95,0.95,1.0,0.95,0.95,0.95,1.0
580,,0.8,0.8,0.8,0.85,0.8,0.8,0.8,0.85
581,,0.65,0.65,0.65,0.7,0.65,0.65,0.65,0.7
582,,0.5,0.5,0.5,0.55,0.5,0.5,0.5,0.55
583,,0.35,0.35,0.35,0.4,0.35,0.35,0.35,0.4
584,,0.2,0.2,0.2,0.25,0.2,0.2,0.2,0.25
585,,0.05,0.05,0.05,0.1,0.05,0.05,0.05,0.1
586,,-0.1,-0.1,-0.1,-0.05,-0.1,-0.1,-0.1,-0.05
587,2,0.221,0.9,0.221,0.2,0.079,0.05,0.079,0.2
588,2,0.542,1.0,0.542,0.45,0.258,0.2,0.258,0.45
589,,0.392,0.85,0.392,0.3,0.108,0.05,0.108,0.3
590,,0.242,0.7,0.242,0.15,-0.042,-0.1,-0.042,0.15
591,6,0.421,0.85,0.421,0.4,0.279,0.9,0.279,0.4
592,6,0.6,1.0,0.6,0.65,0.6,1.0,0.6,0.65
593,,0.45,0.85,0.45,0.5,0.45,0.85,0.45,0.5
594,,0.3,0.7,0.3,0.35,0.3,0.7,0.3,0.35
595,,0.15,0.55,0.15,0.2,0.15,0.55,0.15,0.2
596,,0.0,0.4,0.0,0.05,0.0,0.4,0.0,0.05
597,,-0.15,0.25,-0.15,-0.1,-0.15,0.25,-0.15,-0.1
598,1,0.85,0.571,0.1,0.079,0.0,0.429,0.1,0.221
599,1,1.0,0.892,0.35,0.258,0.15,0.608,0.35,0.542
600,,0.85,0.742,0.2,0.108,0.0,0.458,0.2,0.392
601,,0.7,0.592,0.05,-0.042,-0.15,0.308,0.05,0.242
602,5,0.85,0.771,0.3,0.279,0.85,0.629,0.3,0.421
603,5,1.0,0.95,0.55,0.6,1.0,0.95,0.55,0.6
604,,0.85,0.8,0.4,0.45,0.85,0.8,0.4,0.45
605,,0.7,0.65,0.25,0.3,0.7,0.65,0.25,0.3
606,,0.55,0.5,0.1,0.15,0.55,0.5,0.1,0.15
607,,0.4,0.35,-0.05,0.0,0.4,0.35,-0.05,0.0
608,7,0.65,0.529,0.1,0.179,0.65,0.671,0.95,0.321
609,7,0.9,0.708,0.25,0.358,0.9,0.992,1.0,0.642
610,,0.75,0.558,0.1,0.208,0.75,0.842,0.85,0.492
611,,0.6,0.408,-0.05,0.058,0.6,0.692,0.7,0.342
612,3,0.85,0.729,0.95,0.379,0.85,0.871,0.85,0.521
613,3,1.0,1.0,1.0,0.7,1.0,1.0,1.0,0.7
614,,0.85,0.85,0.85,0.55,0.85,0.85,0.85,0.55
615,,0.7,0.7,0.7,0.4,0.7,0.7,0.7,0.4
616,,0.55,0.55,0.55,0.25,0.55,0.55,0.55,0.25
617,,0.4,0.4,0.4,0.1,0.4,0.4,0.4,0.1
618,,0.25,0.25,0.25,-0.05,0.25,0.25,0.25,-0.05
619,4,0.429,0.5,0.571,0.95,0.571,0.5,0.429,0.1
620,4,0.608,0.75,0.892,1.0,0.892,0.75,0.608,0.25
621,,0.458,0.6,0.742,0.85,0.742,0.6,0.458,0.1
622,,0.308,0.45,0.592,0.7,0.592,0.45,0.308,-0.05
623,8,0.629,0.7,0.771,0.85,0.771,0.7,0.629,0.95
624,8,0.95,0.95,0.95,1.0,0.95,0.95,0.95,1.0
625,,0.8,0.8,0.8,0.85,0.8,0.8,0.8,0.85
626,,0.65,0.65,0.65,0.7,0.65,0.65,0.65,0.7
627,,0.5,0.5,0.5,0.55,0.5,0.5,0.5,0.55
628,,0.35,0.35,0.35,0.4,0.35,0.35,0.35,0.4
629,,0.2,0.2,0.2,0.25,0.2,0.2,0.2,0.25
630,,0.05,0.05,0.05,0.1,0.05,0.05,0.05,0.1
631,,-0.1,-0.1,-0.1,-0.05,-0.1,-0.1,-0.1,-0.05
632,2,0.221,0.9,0.221,0.2,0.079,0.05,0.079,0.2
633,2,0.542,1.0,0.542,0.45,0.258,0.2,0.258,0.45
634,,0.392,0.85,0.392,0.3,0.108,0.05,0.108,0.3
635,,0.242,0.7,0.242,0.15,-0.042,-0.1,-0.042,0.15
636,6,0.421,0.85,0.421,0.4,0.279,0.9,0.279,0.4
637,6,0.6,1.0,0.6,0.65,0.6,1.0,0.6,0.65
638,,0.45,0.85,0.45,0.5,0.45,0.85,0.45,0.5
639,,0.3,0.7,0.3,0.35,0.3,0.7,0.3,0.35
640,,0.15,0.55,0.15,0.2,0.15,0.55,0.15,0.2
641,,0.0,0.4,0.0,0.05,0.0,0.4,0.0,0.05
642,,-0.15,0.25,-0.15,-0.1,-0.15,0.25,-0.15,-0.1
643,7,0.1,0.429,0.0,0.079,0.1,0.571,0.85,0.221
644,7,0.35,0.608,0.15,0.258,0.35,0.892,1.0,0.542
645,,0.2,0.458,0.0,0.108,0.2,0.742,0.85,0.392
646,,0.05,0.308,-0.15,-0.042,0.05,0.592,0.7,0.242
647,3,0.3,0.629,0.85,0.279,0.3,0.771,0.85,0.421
648,3,0.55,0.95,1.0,0.6,0.55,0.95,1.0,0.6
649,,0.4,0.8,0.85,0.45,0.4,0.8,0.85,0.45
650,,0.25,0.65,0.7,0.3,0.25,0.65,0.7,0.3
651,,0.1,0.5,0.55,0.15,0.1,0.5,0.55,0.15
652,,-0.05,0.35,0.4,0.0,-0.05,0.35,0.4,0.0
653,1,0.95,0.671,0.65,0.179,0.1,0.529,0.65,0.321
654,1,1.0,0.992,0.9,0.358,0.25,0.708,0.9,0.642
655,,0.85,0.842,0.75,0.208,0.1,0.558,0.75,0.492
656,,0.7,0.692,0.6,0.058,-0.05,0.408,0.6,0.342
657,5,0.85,0.871,0.85,0.379,0.95,0.729,0.85,0.521
658,5,1.0,1.0,1.0,0.7,1.0,1.0,1.0,0.7
659,,0.85,0.85,0.85,0.55,0.85,0.85,0.85,0.55
660,,0.7,0.7,0.7,0.4,0.7,0.7,0.7,0.4
661,,0.55,0.55,0.55,0.25,0.55,0.55,0.55,0.25
662,,0.4,0.4,0.4,0.1,0.4,0.4,0.4,0.1
663,,0.25,0.25,0.25,-0.05,0.25,0.25,0.25,-0.05
664,4,0.429,0.5,0.571,0.95,0.571,0.5,0.429,0.1
665,4,0.608,0.75,0.892,1.0,0.892,0.75,0.608,0.25
666,,0.458,0.6,0.742,0.85,0.742,0.6,0.458,0.1
667,,0.308,0.45,0.592,0.7,0.592,0.45,0.308,-0.05
668,8,0.629,0.7,0.771,0.85,0.771,0.7,0.629,0.95
669,8,0.95,0.95,0.95,1.0,0.95,0.95,0.95,1.0
670,,0.8,0.8,0.8,0.85,0.8,0.8,0.8,0.85
671,,0.65,0.65,0.65,0.7,0.65,0.65,0.65,0.7
672,,0.5,0.5,0.5,0.55,0.5,0.5,0.5,0.55
673,,0.35,0.35,0.35,0.4,0.35,0.35,0.35,0.4
674,,0.2,0.2,0.2,0.25,0.2,0.2,0.2,0.25
675,,0.05,0.05,0.05,0.1,0.05,0.05,0.05,0.1
676,,-0.1,-0.1,-0.1,-0.05,-0.1,-0.1,-0.1,-0.05
677,5,0.05,0.079,0.15,0.271,0.9,0.221,0.15,0.129
678,5,0.2,0.258,0.4,0.592,1.0,0.542,0.4,0.308
679,,0.05,0.108,0.25,0.442,0.85,0.392,0.25,0.158
680,,-0.1,-0.042,0.1,0.292,0.7,0.242,0.1,0.008
681,1,0.9,0.279,0.35,0.471,0.85,0.421,0.35,0.329
682,1,1.0,0.6,0.6,0.65,1.0,0.6,0.6,0.65
683,,0.85,0.45,0.45,0.5,0.85,0.45,0.45,0.5
684,,0.7,0.3,0.3,0.35,0.7,0.3,0.3,0.35
685,,0.55,0.15,0.15,0.2,0.55,0.15,0.15,0.2
686,,0.4,0.0,0.0,0.05,0.4,0.0,0.0,0.05
687,,0.25,-0.15,-0.15,-0.1,0.25,-0.15,-0.15,-0.1
688,7,0.5,0.029,0.0,0.079,0.5,0.171,0.85,0.221
689,7,0.75,0.208,0.15,0.258,0.75,0.492,1.0,0.542
690,,0.6,0.058,0.0,0.108,0.6,0.342,0.85,0.392
691,,0.45,-0.092,-0.15,-0.042,0.45,0.192,0.7,0.242
692,3,0.7,0.229,0.85,0.279,0.7,0.371,0.85,0.421
693,3,0.95,0.55,1.0,0.6,0.95,0.55,1.0,0.6
694,,0.8,0.4,0.85,0.45,0.8,0.4,0.85,0.45
695,,0.65,0.25,0.7,0.3,0.65,0.25,0.7,0.3
696,,0.5,0.1,0.55,0.15,0.5,0.1,0.55,0.15
697,,0.35,-0.05,0.4,0.0,0.35,-0.05,0.4,0.0
698,2,0.671,0.95,0.721,0.25,0.529,0.1,0.579,0.25
699,2,0.992,1.0,1.0,0.5,0.708,0.25,0.758,0.5
700,,0.842,0.85,0.85,0.35,0.558,0.1,0.608,0.35
701,,0.692,0.7,0.7,0.2,0.408,-0.05,0.458,0.2
702,6,0.871,0.85,0.879,0.45,0.729,0.95,0.779,0.45
703,6,1.0,1.0,1.0,0.7,1.0,1.0,1.0,0.7
704,,0.85,0.85,0.85,0.55,0.85,0.85,0.85,0.55
705,,0.7,0.7,0.7,0.4,0.7,0.7,0.7,0.4
706,,0.55,0.55,0.55,0.25,0.55,0.55,0.55,0.25
707,,0.4,0.4,0.4,0.1,0.4,0.4,0.4,0.1
708,,0.25,0.25,0.25,-0.05,0.25,0.25,0.25,-0.05
709,4,0.429,0.5,0.571,0.95,0.571,0.5,0.429,0.1
710,4,0.608,0.75,0.892,1.0,0.892,0.75,0.608,0.25
711,,0.458,0.6,0.742,0.85,0.742,0.6,0.458,0.1
712,,0.308,0.45,0.592,0.7,0.592,0.45,0.308,-0.05
713,8,0.629,0.7,0.771,0.85,0.771,0.7,0.629,0.95
714,8,0.95,0.95,0.95,1.0,0.95,0.95,0.95,1.0
715,,0.8,0.8,0.8,0.85,0.8,0.8,0.8,0.85
716,,0.65,0.65,0.65,0.7,0.65,0.65,0.65,0.7
717,,0.5,0.5,0.5,0.55,0.5,0.5,0.5,0.55
718,,0.35,0.35,0.35,0.4,0.35,0.35,0.35,0.4
719,,0.2,0.2,0.2,0.25,0.2,0.2,0.2,0.25
720,,0.05,0.05,0.05,0.1,0.05,0.05,0.05,0.1
721,,-0.1,-0.1,-0.1,-0.05,-0.1,-0.1,-0.1,-0.05
722,7,0.15,0.079,0.05,0.129,0.15,0.221,0.9,0.271
723,7,0.4,0.258,0.2,0.308,0.4,0.542,1.0,0.592
724,,0.25,0.108,0.05,0.158,0.25,0.392,0.85,0.442
725,,0.1,-0.042,-0.1,0.008,0.1,0.242,0.7,0.292
726,3,0.35,0.279,0.9,0.329,0.35,0.421,0.85,0.471
727,3,0.6,0.6,1.0,0.65,0.6,0.6,1.0,0.65
728,,0.45,0.45,0.85,0.5,0.45,0.45,0.85,0.5
729,,0.3,0.3,0.7,0.35,0.3,0.3,0.7,0.35
730,,0.15,0.15,0.55,0.2,0.15,0.15,0.55,0.2
731,,0.0,0.0,0.4,0.05,0.0,0.0,0.4,0.05
732,,-0.15,-0.15,0.25,-0.1,-0.15,-0.15,0.25,-0.1
733,2,0.171,0.85,0.571,0.15,0.029,0.0,0.429,0.15
734,2,0.492,1.0,0.892,0.4,0.208,0.15,0.608,0.4
735,,0.342,0.85,0.742,0.25,0.058,0.0,0.458,0.25
736,,0.192,0.7,0.592,0.1,-0.092,-0.15,0.308,0.1
737,6,0.371,0.85,0.771,0.35,0.229,0.85,0.629,0.35
738,6,0.55,1.0,0.95,0.6,0.55,1.0,0.95,0.6
739,,0.4,0.85,0.8,0.45,0.4,0.85,0.8,0.45
740,,0.25,0.7,0.65,0.3,0.25,0.7,0.65,0.3
741,,0.1,0.55,0.5,0.15,0.1,0.55,0.5,0.15
742,,-0.05,0.4,0.35,0.0,-0.05,0.4,0.35,0.0
743,5,0.1,0.579,0.6,0.321,0.95,0.721,0.6,0.179
744,5,0.25,0.758,0.85,0.642,1.0,1.0,0.85,0.358
745,,0.1,0.608,0.7,0.492,0.85,0.85,0.7,0.208
746,,-0.05,0.458,0.55,0.342,0.7,0.7,0.55,0.058
747,1,0.95,0.779,0.8,0.521,0.85,0.879,0.8,0.379
748,1,1.0,1.0,1.0,0.7,1.0,1.0,1.0,0.7
749,,0.85,0.85,0.85,0.55,0.85,0.85,0.85,0.55
750,,0.7,0.7,0.7,0.4,0.7,0.7,0.7,0.4
751,,0.55,0.55,0.55,0.25,0.55,0.55,0.55,0.25
752,,0.4,0.4,0.4,0.1,0.4,0.4,0.4,0.1
753,,0.25,0.25,0.25,-0.05,0.25,0.25,0.25,-0.05
754,8,0.571,0.5,0.429,0.1,0.429,0.5,0.571,0.95
755,8,0.892,0.75,0.608,0.25,0.608,0.75,0.892,1.0
756,,0.742,0.6,0.458,0.1,0.458,0.6,0.742,0.85
757,,0.592,0.45,0.308,-0.05,0.308,0.45,0.592,0.7
758,4,0.771,0.7,0.629,0.95,0.629,0.7,0.771,0.85
759,4,0.95,0.95,0.95,1.0,0.95,0.95,0.95,1.0
760,,0.8,0.8,0.8,0.85,0.8,0.8,0.8,0.85
761,,0.65,0.65,0.65,0.7,0.65,0.65,0.65,0.7
762,,0.5,0.5,0.5,0.55,0.5,0.5,0.5,0.55
763,,0.35,0.35,0.35,0.4,0.35,0.35,0.35,0.4
764,,0.2,0.2,0.2,0.25,0.2,0.2,0.2,0.25
765,,0.05,0.05,0.05,0.1,0.05,0.05,0.05,0.1
766,,-0.1,-0.1,-0.1,-0.05,-0.1,-0.1,-0.1,-0.05
767,3,0.15,0.221,0.9,0.271,0.15,0.079,0.05,0.129
768,3,0.4,0.542,1.0,0.592,0.4,0.258,0.2,0.308
769,,0.25,0.392,0.85,0.442,0.25,0.108,0.05,0.158
770,,0.1,0.242,0.7,0.292,0.1,-0.042,-0.1,0.008
771,7,0.35,0.421,0.85,0.471,0.35,0.279,0.9,0.329
772,7,0.6,0.6,1.0,0.65,0.6,0.6,1.0,0.65
773,,0.45,0.45,0.85,0.5,0.45,0.45,0.85,0.5
774,,0.3,0.3,0.7,0.35,0.3,0.3,0.7,0.35
775,,0.15,0.15,0.55,0.2,0.15,0.15,0.55,0.2
776,,0.0,0.0,0.4,0.05,0.0,0.0,0.4,0.05
777,,-0.15,-0.15,0.25,-0.1,-0.15,-0.15,0.25,-0.1
778,5,0.0,0.029,0.5,0.221,0.85,0.171,0.5,0.079
779,5,0.15,0.208,0.75,0.542,1.0,0.492,0.75,0.258
780,,0.0,0.058,0.6,0.392,0.85,0.342,0.6,0.108
781,,-0.15,-0.092,0.45,0.242,0.7,0.192,0.45,-0.042
782,1,0.85,0.229,0.7,0.421,0.85,0.371,0.7,0.279
783,1,1.0,0.55,0.95,0.6,1.0,0.55,0.95,0.6
784,,0.85,0.4,0.8,0.45,0.85,0.4,0.8,0.45
785,,0.7,0.25,0.65,0.3,0.7,0.25,0.65,0.3
786,,0.55,0.1,0.5,0.15,0.55,0.1,0.5,0.15
787,,0.4,-0.05,0.35,0.0,0.4,-0.05,0.35,0.0
788,2,0.721,0.95,0.671,0.25,0.579,0.1,0.529,0.25
789,2,1.0,1.0,0.992,0.5,0.758,0.25,0.708,0.5
790,,0.85,0.85,0.842,0.35,0.608,0.1,0.558,0.35
791,,0.7,0.7,0.692,0.2,0.458,-0.05,0.408,0.2
792,6,0.879,0.85,0.871,0.45,0.779,0.95,0.729,0.45
793,6,1.0,1.0,1.0,0.7,1.0,1.0,1.0,0.7
794,,0.85,0.85,0.85,0.55,0.85,0.85,0.85,0.55
795,,0.7,0.7,0.7,0.4,0.7,0.7,0.7,0.4
796,,0.55,0.55,0.55,0.25,0.55,0.55,0.55,0.25
797,,0.4,0.4,0.4,0.1,0.4,0.4,0.4,0.1
798,,0.25,0.25,0.25,-0.05,0.25,0.25,0.25,-0.05
799,4,0.429,0.5,0.571,0.95,0.571,0.5,0.429,0.1
800,4,0.608,0.75,0.892,1.0,0.892,0.75,0.608,0.25
801,,0.458,0.6,0.742,0.85,0.742,0.6,0.458,0.1
802,,0.308,0.45,0.592,0.7,0.592,0.45,0.308,-0.05
803,8,0.629,0.7,0.771,0.85,0.771,0.7,0.629,0.95
804,8,0.95,0.95,0.95,1.0,0.95,0.95,0.95,1.0
805,,0.8,0.8,0.8,0.85,0.8,0.8,0.8,0.85
806,,0.65,0.65,0.65,0.7,0.65,0.65,0.65,0.7
807,,0.5,0.5,0.5,0.55,0.5,0.5,0.5,0.55
808,,0.35,0.35,0.35,0.4,0.35,0.35,0.35,0.4
809,,0.2,0.2,0.2,0.25,0.2,0.2,0.2,0.25
810,,0.05,0.05,0.05,0.1,0.05,0.05,0.05,0.1
811,,-0.1,-0.1,-0.1,-0.05,-0.1,-0.1,-0.1,-0.05
812,3,0.15,0.221,0.9,0.271,0.15,0.079,0.05,0.129
813,3,0.4,0.542,1.0,0.592,0.4,0.258,0.2,0.308
814,,0.25,0.392,0.85,0.442,0.25,0.108,0.05,0.158
815,,0.1,0.242,0.7,0.292,0.1,-0.042,-0.1,0.008
816,7,0.35,0.421,0.85,0.471,0.35,0.279,0.9,0.329
817,7,0.6,0.6,1.0,0.65,0.6,0.6,1.0,0.65
818,,0.45,0.45,0.85,0.5,0.45,0.45,0.85,0.5
819,,0.3,0.3,0.7,0.35,0.3,0.3,0.7,0.35
820,,0.15,0.15,0.55,0.2,0.15,0.15,0.55,0.2
821,,0.0,0.0,0.4,0.05,0.0,0.0,0.4,0.05
822,,-0.15,-0.15,0.25,-0.1,-0.15,-0.15,0.25,-0.1
823,5,0.0,0.029,0.5,0.221,0.85,0.171,0.5,0.079
824,5,0.15,0.208,0.75,0.542,1.0,0.492,0.75,0.258
825,,0.0,0.058,0.6,0.392,0.85,0.342,0.6,0.108
826,,-0.15,-0.092,0.45,0.242,0.7,0.192,0.45,-0.042
827,1,0.85,0.229,0.7,0.421,0.85,0.371,0.7,0.279
828,1,1.0,0.55,0.95,0.6,1.0,0.55,0.95,0.6
829,,0.85,0.4,0.8,0.45,0.85,0.4,0.8,0.45
830,,0.7,0.25,0.65,0.3,0.7,0.25,0.65,0.3
831,,0.55,0.1,0.5,0.15,0.55,0.1,0.5,0.15
832,,0.4,-0.05,0.35,0.0,0.4,-0.05,0.35,0.0
833,6,0.579,0.1,0.529,0.25,0.721,0.95,0.671,0.25
834,6,0.758,0.25,0.708,0.5,1.0,1.0,0.992,0.5
835,,0.608,0.1,0.558,0.35,0.85,0.85,0.842,0.35
836,,0.458,-0.05,0.408,0.2,0.7,0.7,0.692,0.2
837,2,0.779,0.95,0.729,0.45,0.879,0.85,0.871,0.45
838,2,1.0,1.0,1.0,0.7,1.0,1.0,1.0,0.7
839,,0.85,0.85,0.85,0.55,0.85,0.85,0.85,0.55
840,,0.7,0.7,0.7,0.4,0.7,0.7,0.7,0.4
841,,0.55,0.55,0.55,0.25,0.55,0.55,0.55,0.25
842,,0.4,0.4,0.4,0.1,0.4,0.4,0.4,0.1
843,,0.25,0.25,0.25,-0.05,0.25,0.25,0.25,-0.05
844,4,0.429,0.5,0.571,0.95,0.571,0.5,0.429,0.1
845,4,0.608,0.75,0.892,1.0,0.892,0.75,0.608,0.25
846,,0.458,0.6,0.742,0.85,0.742,0.6,0.458,0.1
847,,0.308,0.45,0.592,0.7,0.592,0.45,0.308,-0.05
848,8,0.629,0.7,0.771,0.85,0.771,0.7,0.629,0.95
849,8,0.95,0.95,0.95,1.0,0.95,0.95,0.95,1.0
850,,0.8,0.8,0.8,0.85,0.8,0.8,0.8,0.85
851,,0.65,0.65,0.65,0.7,0.65,0.65,0.65,0.7
852,,0.5,0.5,0.5,0.55,0.5,0.5,0.5,0.55
853,,0.35,0.35,0.35,0.4,0.35,0.35,0.35,0.4
854,,0.2,0.2,0.2,0.25,0.2,0.2,0.2,0.25
855,,0.05,0.05,0.05,0.1,0.05,0.05,0.05,0.1
856,,-0.1,-0.1,-0.1,-0.05,-0.1,-0.1,-0.1,-0.05
857,6,0.079,0.05,0.079,0.2,0.221,0.9,0.221,0.2
858,6,0.258,0.2,0.258,0.45,0.542,1.0,0.542,0.45
859,,0.108,0.05,0.108,0.3,0.392,0.85,0.392,0.3
860,,-0.042,-0.1,-0.042,0.15,0.242,0.7,0.242,0.15
861,2,0.279,0.9,0.279,0.4,0.421,0.85,0.421,0.4
862,2,0.6,1.0,0.6,0.65,0.6,1.0,0.6,0.65
863,,0.45,0.85,0.45,0.5,0.45,0.85,0.45,0.5
864,,0.3,0.7,0.3,0.35,0.3,0.7,0.3,0.35
865,,0.15,0.55,0.15,0.2,0.15,0.55,0.15,0.2
866,,0.0,0.4,0.0,0.05,0.0,0.4,0.0,0.05
867,,-0.15,0.25,-0.15,-0.1,-0.15,0.25,-0.15,-0.1
868,7,0.1,0.429,0.0,0.079,0.1,0.571,0.85,0.221
869,7,0.35,0.608,0.15,0.258,0.35,0.892,1.0,0.542
870,,0.2,0.458,0.0,0.108,0.2,0.742,0.85,0.392
871,,0.05,0.308,-0.15,-0.042,0.05,0.592,0.7,0.242
872,3,0.3,0.629,0.85,0.279,0.3,0.771,0.85,0.421
873,3,0.55,0.95,1.0,0.6,0.55,0.95,1.0,0.6
874,,0.4,0.8,0.85,0.45,0.4,0.8,0.85,0.45
875,,0.25,0.65,0.7,0.3,0.25,0.65,0.7,0.3
876,,0.1,0.5,0.55,0.15,0.1,0.5,0.55,0.15
877,,-0.05,0.35,0.4,0.0,-0.05,0.35,0.4,0.0
878,1,0.95,0.671,0.65,0.179,0.1,0.529,0.65,0.321
879,1,1.0,0.992,0.9,0.358,0.25,0.708,0.9,0.642
880,,0.85,0.842,0.75,0.208,0.1,0.558,0.75,0.492
881,,0.7,0.692,0.6,0.058,-0.05,0.408,0.6,0.342
882,5,0.85,0.871,0.85,0.379,0.95,0.729,0.85,0.521
883,5,1.0,1.0,1.0,0.7,1.0,1.0,1.0,0.7
884,,0.85,0.85,0.85,0.55,0.85,0.85,0.85,0.55
885,,0.7,0.7,0.7,0.4,0.7,0.7,0.7,0.4
