step,active_motive,motive_1,motive_2,motive_3,motive_4,motive_5,motive_6,motive_7,motive_8
0,,0.09887,0.06032,0.08069,0.09626,0.09444,0.01411,0.04064,0.0324
1,,-0.05113,-0.08968,-0.06931,-0.05374,-0.05556,-0.13589,-0.10936,-0.1176
2,6,0.12787,0.06032,0.10969,0.19626,0.26544,0.86411,0.21164,0.1324
3,6,0.30687,0.21032,0.28869,0.44626,0.58644,1.0,0.53264,0.3824
4,,0.15687,0.06032,0.13869,0.29626,0.43644,0.85,0.38264,0.2324
5,,0.00687,-0.08968,-0.01131,0.14626,0.28644,0.7,0.23264,0.0824
6,2,0.32787,0.91032,0.30969,0.39626,0.46544,0.85,0.41164,0.3324
7,2,0.64887,1.0,0.63069,0.64626,0.64444,1.0,0.59064,0.5824
8,,0.49887,0.85,0.48069,0.49626,0.49444,0.85,0.44064,0.4324
9,,0.34887,0.7,0.33069,0.34626,0.34444,0.7,0.29064,0.2824
10,,0.19887,0.55,0.18069,0.19626,0.19444,0.55,0.14064,0.1324
11,,0.04887,0.4,0.03069,0.04626,0.04444,0.4,-0.00936,-0.0176
12,8,0.36987,0.65,0.20969,0.19626,0.22344,0.65,0.31164,0.9824
13,8,0.69087,0.9,0.38869,0.34626,0.40244,0.9,0.63264,1.0
14,,0.54087,0.75,0.23869,0.19626,0.25244,0.75,0.48264,0.85
15,,0.39087,0.6,0.08869,0.04626,0.10244,0.6,0.33264,0.7
16,,0.24087,0.45,-0.06131,-0.10374,-0.04756,0.45,0.18264,0.55
17,4,0.41987,0.7,0.25969,0.89626,0.27344,0.7,0.36164,0.7
18,4,0.59887,0.95,0.58069,1.0,0.59444,0.95,0.54064,0.85
19,,0.44887,0.8,0.43069,0.85,0.44444,0.8,0.39064,0.7
20,,0.29887,0.65,0.28069,0.7,0.29444,0.65,0.24064,0.55
21,,0.14887,0.5,0.13069,0.55,0.14444,0.5,0.09064,0.4
22,,-0.00113,0.35,-0.01931,0.4,-0.00556,0.35,-0.05936,0.25
23,7,0.24887,0.529,0.13069,0.579,0.24444,0.671,0.94064,0.571
24,7,0.49887,0.708,0.28069,0.758,0.49444,0.992,1.0,0.892
25,,0.34887,0.558,0.13069,0.608,0.34444,0.842,0.85,0.742
26,,0.19887,0.408,-0.01931,0.458,0.19444,0.692,0.7,0.592
27,3,0.44887,0.729,0.98069,0.779,0.44444,0.871,0.85,0.771
28,3,0.69887,1.0,1.0,1.0,0.69444,1.0,1.0,0.95
29,,0.54887,0.85,0.85,0.85,0.54444,0.85,0.85,0.8
30,,0.39887,0.7,0.7,0.7,0.39444,0.7,0.7,0.65
31,,0.24887,0.55,0.55,0.55,0.24444,0.55,0.55,0.5
32,,0.09887,0.4,0.4,0.4,0.09444,0.4,0.4,0.35
33,,-0.05113,0.25,0.25,0.25,-0.05556,0.25,0.25,0.2
34,5,0.09887,0.429,0.5,0.571,0.94444,0.571,0.5,0.379
35,5,0.24887,0.608,0.75,0.892,1.0,0.892,0.75,0.558
36,,0.09887,0.458,0.6,0.742,0.85,0.742,0.6,0.408
37,,-0.05113,0.308,0.45,0.592,0.7,0.592,0.45,0.258
38,1,0.94887,0.629,0.7,0.771,0.85,0.771,0.7,0.579
39,1,1.0,0.95,0.95,0.95,1.0,0.95,0.95,0.9
40,,0.85,0.8,0.8,0.8,0.85,0.8,0.8,0.75
41,,0.7,0.65,0.65,0.65,0.7,0.65,0.65,0.6
42,,0.55,0.5,0.5,0.5,0.55,0.5,0.5,0.45
43,,0.4,0.35,0.35,0.35,0.4,0.35,0.35,0.3
44,,0.25,0.2,0.2,0.2,0.25,0.2,0.2,0.15
45,,0.1,0.05,0.05,0.05,0.1,0.05,0.05,0.0
46,,-0.05,-0.1,-0.1,-0.1,-0.05,-0.1,-0.1,-0.15
47,8,0.271,0.15,0.079,0.05,0.129,0.15,0.221,0.85
48,8,0.592,0.4,0.258,0.2,0.308,0.4,0.542,1.0
49,,0.442,0.25,0.108,0.05,0.158,0.25,0.392,0.85
50,,0.292,0.1,-0.042,-0.1,0.008,0.1,0.242,0.7
51,4,0.471,0.35,0.279,0.9,0.329,0.35,0.421,0.85
52,4,0.65,0.6,0.6,1.0,0.65,0.6,0.6,1.0
53,,0.5,0.45,0.45,0.85,0.5,0.45,0.45,0.85
54,,0.35,0.3,0.3,0.7,0.35,0.3,0.3,0.7
55,,0.2,0.15,0.15,0.55,0.2,0.15,0.15,0.55
56,,0.05,0.0,0.0,0.4,0.05,0.0,0.0,0.4
57,,-0.1,-0.15,-0.15,0.25,-0.1,-0.15,-0.15,0.25
58,3,0.15,0.171,0.85,0.571,0.15,0.029,0.0,0.429
59,3,0.4,0.492,1.0,0.892,0.4,0.208,0.15,0.608
60,,0.25,0.342,0.85,0.742,0.25,0.058,0.0,0.458
61,,0.1,0.192,0.7,0.592,0.1,-0.092,-0.15,0.308
62,7,0.35,0.371,0.85,0.771,0.35,0.229,0.85,0.629
63,7,0.6,0.55,1.0,0.95,0.6,0.55,1.0,0.95
64,,0.45,0.4,0.85,0.8,0.45,0.4,0.85,0.8
65,,0.3,0.25,0.7,0.65,0.3,0.25,0.7,0.65
66,,0.15,0.1,0.55,0.5,0.15,0.1,0.55,0.5
67,,0.0,-0.05,0.4,0.35,0.0,-0.05,0.4,0.35
68,2,0.321,0.95,0.721,0.6,0.179,0.1,0.579,0.6
69,2,0.642,1.0,1.0,0.85,0.358,0.25,0.758,0.85
70,,0.492,0.85,0.85,0.7,0.208,0.1,0.608,0.7
71,,0.342,0.7,0.7,0.55,0.058,-0.05,0.458,0.55
72,6,0.521,0.85,0.879,0.8,0.379,0.95,0.779,0.8
73,6,0.7,1.0,1.0,1.0,0.7,1.0,1.0,1.0
74,,0.55,0.85,0.85,0.85,0.55,0.85,0.85,0.85
75,,0.4,0.7,0.7,0.7,0.4,0.7,0.7,0.7
76,,0.25,0.55,0.55,0.55,0.25,0.55,0.55,0.55
77,,0.1,0.4,0.4,0.4,0.1,0.4,0.4,0.4
78,,-0.05,0.25,0.25,0.25,-0.05,0.25,0.25,0.25
79,5,0.1,0.429,0.5,0.571,0.95,0.571,0.5,0.429
80,5,0.25,0.608,0.75,0.892,1.0,0.892,0.75,0.608
81,,0.1,0.458,0.6,0.742,0.85,0.742,0.6,0.458
82,,-0.05,0.308,0.45,0.592,0.7,0.592,0.45,0.308
83,1,0.95,0.629,0.7,0.771,0.85,0.771,0.7,0.629
84,1,1.0,0.95,0.95,0.95,1.0,0.95,0.95,0.95
85,,0.85,0.8,0.8,0.8,0.85,0.8,0.8,0.8
86,,0.7,0.65,0.65,0.65,0.7,0.65,0.65,0.65
87,,0.55,0.5,0.5,0.5,0.55,0.5,0.5,0.5
88,,0.4,0.35,0.35,0.35,0.4,0.35,0.35,0.35
89,,0.25,0.2,0.2,0.2,0.25,0.2,0.2,0.2
90,,0.1,0.05,0.05,0.05,0.1,0.05,0.05,0.05
91,,-0.05,-0.1,-0.1,-0.1,-0.05,-0.1,-0.1,-0.1
92,2,0.271,0.9,0.221,0.15,0.129,0.05,0.079,0.15
93,2,0.592,1.0,0.542,0.4,0.308,0.2,0.258,0.4
94,,0.442,0.85,0.392,0.25,0.158,0.05,0.108,0.25
95,,0.292,0.7,0.242,0.1,0.008,-0.1,-0.042,0.1
96,6,0.471,0.85,0.421,0.35,0.329,0.9,0.279,0.35
97,6,0.65,1.0,0.6,0.6,0.65,1.0,0.6,0.6
98,,0.5,0.85,0.45,0.45,0.5,0.85,0.45,0.45
99,,0.35,0.7,0.3,0.3,0.35,0.7,0.3,0.3
100,,0.2,0.55,0.15,0.15,0.2,0.55,0.15,0.15
101,,0.05,0.4,0.0,0.0,0.05,0.4,0.0,0.0
102,,-0.1,0.25,-0.15,-0.15,-0.1,0.25,-0.15,-0.15
103,7,0.15,0.429,0.0,0.029,0.15,0.571,0.85,0.171
104,7,0.4,0.608,0.15,0.208,0.4,0.892,1.0,0.492
105,,0.25,0.458,0.0,0.058,0.25,0.742,0.85,0.342
106,,0.1,0.308,-0.15,-0.092,0.1,0.592,0.7,0.192
107,3,0.35,0.629,0.85,0.229,0.35,0.771,0.85,0.371
108,3,0.6,0.95,1.0,0.55,0.6,0.95,1.0,0.55
109,,0.45,0.8,0.85,0.4,0.45,0.8,0.85,0.4
110,,0.3,0.65,0.7,0.25,0.3,0.65,0.7,0.25
111,,0.15,0.5,0.55,0.1,0.15,0.5,0.55,0.1
112,,0.0,0.35,0.4,-0.05,0.0,0.35,0.4,-0.05
113,4,0.179,0.6,0.721,0.95,0.321,0.6,0.579,0.1
114,4,0.358,0.85,1.0,1.0,0.642,0.85,0.758,0.25
115,,0.208,0.7,0.85,0.85,0.492,0.7,0.608,0.1
116,,0.058,0.55,0.7,0.7,0.342,0.55,0.458,-0.05
117,8,0.379,0.8,0.879,0.85,0.521,0.8,0.779,0.95
118,8,0.7,1.0,1.0,1.0,0.7,1.0,1.0,1.0
119,,0.55,0.85,0.85,0.85,0.55,0.85,0.85,0.85
120,,0.4,0.7,0.7,0.7,0.4,0.7,0.7,0.7
121,,0.25,0.55,0.55,0.55,0.25,0.55,0.55,0.55
122,,0.1,0.4,0.4,0.4,0.1,0.4,0.4,0.4
123,,-0.05,0.25,0.25,0.25,-0.05,0.25,0.25,0.25
124,1,0.95,0.571,0.5,0.429,0.1,0.429,0.5,0.571
125,1,1.0,0.892,0.75,0.608,0.25,0.608,0.75,0.892
126,,0.85,0.742,0.6,0.458,0.1,0.458,0.6,0.742
127,,0.7,0.592,0.45,0.308,-0.05,0.308,0.45,0.592
128,5,0.85,0.771,0.7,0.629,0.95,0.629,0.7,0.771
129,5,1.0,0.95,0.95,0.95,1.0,0.95,0.95,0.95
130,,0.85,0.8,0.8,0.8,0.85,0.8,0.8,0.8
131,,0.7,0.65,0.65,0.65,0.7,0.65,0.65,0.65
132,,0.55,0.5,0.5,0.5,0.55,0.5,0.5,0.5
133,,0.4,0.35,0.35,0.35,0.4,0.35,0.35,0.35
134,,0.25,0.2,0.2,0.2,0.25,0.2,0.2,0.2
135,,0.1,0.05,0.05,0.05,0.1,0.05,0.05,0.05
136,,-0.05,-0.1,-0.1,-0.1,-0.05,-0.1,-0.1,-0.1
137,7,0.2,0.079,0.05,0.079,0.2,0.221,0.9,0.221
138,7,0.45,0.258,0.2,0.258,0.45,0.542,1.0,0.542
139,,0.3,0.108,0.05,0.108,0.3,0.392,0.85,0.392
140,,0.15,-0.042,-0.1,-0.042,0.15,0.242,0.7,0.242
141,3,0.4,0.279,0.9,0.279,0.4,0.421,0.85,0.421
142,3,0.65,0.6,1.0,0.6,0.65,0.6,1.0,0.6
143,,0.5,0.45,0.85,0.45,0.5,0.45,0.85,0.45
144,,0.35,0.3,0.7,0.3,0.35,0.3,0.7,0.3
145,,0.2,0.15,0.55,0.15,0.2,0.15,0.55,0.15
146,,0.05,0.0,0.4,0.0,0.05,0.0,0.4,0.0
147,,-0.1,-0.15,0.25,-0.15,-0.1,-0.15,0.25,-0.15
148,6,0.079,0.0,0.429,0.1,0.221,0.85,0.571,0.1
149,6,0.258,0.15,0.608,0.35,0.542,1.0,0.892,0.35
150,,0.108,0.0,0.458,0.2,0.392,0.85,0.742,0.2
151,,-0.042,-0.15,0.308,0.05,0.242,0.7,0.592,0.05
152,2,0.279,0.85,0.629,0.3,0.421,0.85,0.771,0.3
153,2,0.6,1.0,0.95,0.55,0.6,1.0,0.95,0.55
154,,0.45,0.85,0.8,0.4,0.45,0.85,0.8,0.4
155,,0.3,0.7,0.65,0.25,0.3,0.7,0.65,0.25
156,,0.15,0.55,0.5,0.1,0.15,0.55,0.5,0.1
157,,0.0,0.4,0.35,-0.05,0.0,0.4,0.35,-0.05
158,8,0.321,0.65,0.529,0.1,0.179,0.65,0.671,0.95
159,8,0.642,0.9,0.708,0.25,0.358,0.9,0.992,1.0
160,,0.492,0.75,0.558,0.1,0.208,0.75,0.842,0.85
161,,0.342,0.6,0.408,-0.05,0.058,0.6,0.692,0.7
162,4,0.521,0.85,0.729,0.95,0.379,0.85,0.871,0.85
163,4,0.7,1.0,1.0,1.0,0.7,1.0,1.0,1.0
164,,0.55,0.85,0.85,0.85,0.55,0.85,0.85,0.85
165,,0.4,0.7,0.7,0.7,0.4,0.7,0.7,0.7
166,,0.25,0.55,0.55,0.55,0.25,0.55,0.55,0.55
167,,0.1,0.4,0.4,0.4,0.1,0.4,0.4,0.4
168,,-0.05,0.25,0.25,0.25,-0.05,0.25,0.25,0.25
169,1,0.95,0.571,0.5,0.429,0.1,0.429,0.5,0.571
170,1,1.0,0.892,0.75,0.608,0.25,0.608,0.75,0.892
171,,0.85,0.742,0.6,0.458,0.1,0.458,0.6,0.742
172,,0.7,0.592,0.45,0.308,-0.05,0.308,0.45,0.592
173,5,0.85,0.771,0.7,0.629,0.95,0.629,0.7,0.771
174,5,1.0,0.95,0.95,0.95,1.0,0.95,0.95,0.95
175,,0.85,0.8,0.8,0.8,0.85,0.8,0.8,0.8
176,,0.7,0.65,0.65,0.65,0.7,0.65,0.65,0.65
177,,0.55,0.5,0.5,0.5,0.55,0.5,0.5,0.5
178,,0.4,0.35,0.35,0.35,0.4,0.35,0.35,0.35
179,,0.25,0.2,0.2,0.2,0.25,0.2,0.2,0.2
180,,0.1,0.05,0.05,0.05,0.1,0.05,0.05,0.05
181,,-0.05,-0.1,-0.1,-0.1,-0.05,-0.1,-0.1,-0.1
182,6,0.129,0.05,0.079,0.15,0.271,0.9,0.221,0.15
183,6,0.308,0.2,0.258,0.4,0.592,1.0,0.542,0.4
184,,0.158,0.05,0.108,0.25,0.442,0.85,0.392,0.25
185,,0.008,-0.1,-0.042,0.1,0.292,0.7,0.242,0.1
186,2,0.329,0.9,0.279,0.35,0.471,0.85,0.421,0.35
187,2,0.65,1.0,0.6,0.6,0.65,1.0,0.6,0.6
188,,0.5,0.85,0.45,0.45,0.5,0.85,0.45,0.45
189,,0.35,0.7,0.3,0.3,0.35,0.7,0.3,0.3
190,,0.2,0.55,0.15,0.15,0.2,0.55,0.15,0.15
191,,0.05,0.4,0.0,0.0,0.05,0.4,0.0,0.0
192,,-0.1,0.25,-0.15,-0.15,-0.1,0.25,-0.15,-0.15
193,4,0.079,0.5,0.171,0.85,0.221,0.5,0.029,0.0
194,4,0.258,0.75,0.492,1.0,0.542,0.75,0.208,0.15
195,,0.108,0.6,0.342,0.85,0.392,0.6,0.058,0.0
196,,-0.042,0.45,0.192,0.7,0.242,0.45,-0.092,-0.15
197,8,0.279,0.7,0.371,0.85,0.421,0.7,0.229,0.85
198,8,0.6,0.95,0.55,1.0,0.6,0.95,0.55,1.0
199,,0.45,0.8,0.4,0.85,0.45,0.8,0.4,0.85
200,,0.3,0.65,0.25,0.7,0.3,0.65,0.25,0.7
201,,0.15,0.5,0.1,0.55,0.15,0.5,0.1,0.55
202,,0.0,0.35,-0.05,0.4,0.0,0.35,-0.05,0.4
203,7,0.25,0.529,0.1,0.579,0.25,0.671,0.95,0.721
204,7,0.5,0.708,0.25,0.758,0.5,0.992,1.0,1.0
205,,0.35,0.558,0.1,0.608,0.35,0.842,0.85,0.85
206,,0.2,0.408,-0.05,0.458,0.2,0.692,0.7,0.7
207,3,0.45,0.729,0.95,0.779,0.45,0.871,0.85,0.879
208,3,0.7,1.0,1.0,1.0,0.7,1.0,1.0,1.0
209,,0.55,0.85,0.85,0.85,0.55,0.85,0.85,0.85
210,,0.4,0.7,0.7,0.7,0.4,0.7,0.7,0.7
211,,0.25,0.55,0.55,0.55,0.25,0.55,0.55,0.55
212,,0.1,0.4,0.4,0.4,0.1,0.4,0.4,0.4
213,,-0.05,0.25,0.25,0.25,-0.05,0.25,0.25,0.25
214,1,0.95,0.571,0.5,0.429,0.1,0.429,0.5,0.571
215,1,1.0,0.892,0.75,0.608,0.25,0.608,0.75,0.892
216,,0.85,0.742,0.6,0.458,0.1,0.458,0.6,0.742
217,,0.7,0.592,0.45,0.308,-0.05,0.308,0.45,0.592
218,5,0.85,0.771,0.7,0.629,0.95,0.629,0.7,0.771
219,5,1.0,0.95,0.95,0.95,1.0,0.95,0.95,0.95
220,,0.85,0.8,0.8,0.8,0.85,0.8,0.8,0.8
221,,0.7,0.65,0.65,0.65,0.7,0.65,0.65,0.65
222,,0.55,0.5,0.5,0.5,0.55,0.5,0.5,0.5
223,,0.4,0.35,0.35,0.35,0.4,0.35,0.35,0.35
224,,0.25,0.2,0.2,0.2,0.25,0.2,0.2,0.2
225,,0.1,0.05,0.05,0.05,0.1,0.05,0.05,0.05
226,,-0.05,-0.1,-0.1,-0.1,-0.05,-0.1,-0.1,-0.1
227,7,0.2,0.079,0.05,0.079,0.2,0.221,0.9,0.221
228,7,0.45,0.258,0.2,0.258,0.45,0.542,1.0,0.542
229,,0.3,0.108,0.05,0.108,0.3,0.392,0.85,0.392
230,,0.15,-0.042,-0.1,-0.042,0.15,0.242,0.7,0.242
231,3,0.4,0.279,0.9,0.279,0.4,0.421,0.85,0.421
232,3,0.65,0.6,1.0,0.6,0.65,0.6,1.0,0.6
233,,0.5,0.45,0.85,0.45,0.5,0.45,0.85,0.45
234,,0.35,0.3,0.7,0.3,0.35,0.3,0.7,0.3
235,,0.2,0.15,0.55,0.15,0.2,0.15,0.55,0.15
236,,0.05,0.0,0.4,0.0,0.05,0.0,0.4,0.0
237,,-0.1,-0.15,0.25,-0.15,-0.1,-0.15,0.25,-0.15
238,8,0.221,0.1,0.429,0.0,0.079,0.1,0.571,0.85
239,8,0.542,0.35,0.608,0.15,0.258,0.35,0.892,1.0
240,,0.392,0.2,0.458,0.0,0.108,0.2,0.742,0.85
241,,0.242,0.05,0.308,-0.15,-0.042,0.05,0.592,0.7
242,4,0.421,0.3,0.629,0.85,0.279,0.3,0.771,0.85
243,4,0.6,0.55,0.95,1.0,0.6,0.55,0.95,1.0
244,,0.45,0.4,0.8,0.85,0.45,0.4,0.8,0.85
245,,0.3,0.25,0.65,0.7,0.3,0.25,0.65,0.7
246,,0.15,0.1,0.5,0.55,0.15,0.1,0.5,0.55
247,,0.0,-0.05,0.35,0.4,0.0,-0.05,0.35,0.4
248,2,0.321,0.95,0.671,0.65,0.179,0.1,0.529,0.65
249,2,0.642,1.0,0.992,0.9,0.358,0.25,0.708,0.9
250,,0.492,0.85,0.842,0.75,0.208,0.1,0.558,0.75
251,,0.342,0.7,0.692,0.6,0.058,-0.05,0.408,0.6
252,6,0.521,0.85,0.871,0.85,0.379,0.95,0.729,0.85
253,6,0.7,1.0,1.0,1.0,0.7,1.0,1.0,1.0
254,,0.55,0.85,0.85,0.85,0.55,0.85,0.85,0.85
255,,0.4,0.7,0.7,0.7,0.4,0.7,0.7,0.7
256,,0.25,0.55,0.55,0.55,0.25,0.55,0.55,0.55
257,,0.1,0.4,0.4,0.4,0.1,0.4,0.4,0.4
258,,-0.05,0.25,0.25,0.25,-0.05,0.25,0.25,0.25
259,5,0.1,0.429,0.5,0.571,0.95,0.571,0.5,0.429
260,5,0.25,0.608,0.75,0.892,1.0,0.892,0.75,0.608
261,,0.1,0.458,0.6,0.742,0.85,0.742,0.6,0.458
262,,-0.05,0.308,0.45,0.592,0.7,0.592,0.45,0.308
263,1,0.95,0.629,0.7,0.771,0.85,0.771,0.7,0.629
264,1,1.0,0.95,0.95,0.95,1.0,0.95,0.95,0.95
265,,0.85,0.8,0.8,0.8,0.85,0.8,0.8,0.8
266,,0.7,0.65,0.65,0.65,0.7,0.65,0.65,0.65
267,,0.55,0.5,0.5,0.5,0.55,0.5,0.5,0.5
268,,0.4,0.35,0.35,0.35,0.4,0.35,0.35,0.35
269,,0.25,0.2,0.2,0.2,0.25,0.2,0.2,0.2
270,,0.1,0.05,0.05,0.05,0.1,0.05,0.05,0.05
271,,-0.05,-0.1,-0.1,-0.1,-0.05,-0.1,-0.1,-0.1
272,3,0.2,0.221,0.9,0.221,0.2,0.079,0.05,0.079
273,3,0.45,0.542,1.0,0.542,0.45,0.258,0.2,0.258
274,,0.3,0.392,0.85,0.392,0.3,0.108,0.05,0.108
275,,0.15,0.242,0.7,0.242,0.15,-0.042,-0.1,-0.042
276,7,0.4,0.421,0.85,0.421,0.4,0.279,0.9,0.279
277,7,0.65,0.6,1.0,0.6,0.65,0.6,1.0,0.6
278,,0.5,0.45,0.85,0.45,0.5,0.45,0.85,0.45
279,,0.35,0.3,0.7,0.3,0.35,0.3,0.7,0.3
280,,0.2,0.15,0.55,0.15,0.2,0.15,0.55,0.15
281,,0.05,0.0,0.4,0.0,0.05,0.0,0.4,0.0
282,,-0.1,-0.15,0.25,-0.15,-0.1,-0.15,0.25,-0.15
283,6,0.079,0.0,0.429,0.1,0.221,0.85,0.571,0.1
284,6,0.258,0.15,0.608,0.35,0.542,1.0,0.892,0.35
285,,0.108,0.0,0.458,0.2,0.392,0.85,0.742,0.2
286,,-0.042,-0.15,0.308,0.05,0.242,0.7,0.592,0.05
287,2,0.279,0.85,0.629,0.3,0.421,0.85,0.771,0.3
288,2,0.6,1.0,0.95,0.55,0.6,1.0,0.95,0.55
289,,0.45,0.85,0.8,0.4,0.45,0.85,0.8,0.4
290,,0.3,0.7,0.65,0.25,0.3,0.7,0.65,0.25
291,,0.15,0.55,0.5,0.1,0.15,0.55,0.5,0.1
292,,0.0,0.4,0.35,-0.05,0.0,0.4,0.35,-0.05
293,4,0.179,0.65,0.671,0.95,0.321,0.65,0.529,0.1
294,4,0.358,0.9,0.992,1.0,0.642,0.9,0.708,0.25
295,,0.208,0.75,0.842,0.85,0.492,0.75,0.558,0.1
296,,0.058,0.6,0.692,0.7,0.342,0.6,0.408,-0.05
297,8,0.379,0.85,0.871,0.85,0.521,0.85,0.729,0.95
298,8,0.7,1.0,1.0,1.0,0.7,1.0,1.0,1.0
299,,0.55,0.85,0.85,0.85,0.55,0.85,0.85,0.85
300,,0.4,0.7,0.7,0.7,0.4,0.7,0.7,0.7
301,,0.25,0.55,0.55,0.55,0.25,0.55,0.55,0.55
302,,0.1,0.4,0.4,0.4,0.1,0.4,0.4,0.4
303,,-0.05,0.25,0.25,0.25,-0.05,0.25,0.25,0.25
304,1,0.95,0.571,0.5,0.429,0.1,0.429,0.5,0.571
305,1,1.0,0.892,0.75,0.608,0.25,0.608,0.75,0.892
306,,0.85,0.742,0.6,0.458,0.1,0.458,0.6,0.742
307,,0.7,0.592,0.45,0.308,-0.05,0.308,0.45,0.592
308,5,0.85,0.771,0.7,0.629,0.95,0.629,0.7,0.771
309,5,1.0,0.95,0.95,0.95,1.0,0.95,0.95,0.95
310,,0.85,0.8,0.8,0.8,0.85,0.8,0.8,0.8
311,,0.7,0.65,0.65,0.65,0.7,0.65,0.65,0.65
312,,0.55,0.5,0.5,0.5,0.55,0.5,0.5,0.5
313,,0.4,0.35,0.35,0.35,0.4,0.35,0.35,0.35
314,,0.25,0.2,0.2,0.2,0.25,0.2,0.2,0.2
315,,0.1,0.05,0.05,0.05,0.1,0.05,0.05,0.05
316,,-0.05,-0.1,-0.1,-0.1,-0.05,-0.1,-0.1,-0.1
317,6,0.129,0.05,0.079,0.15,0.271,0.9,0.221,0.15
318,6,0.308,0.2,0.258,0.4,0.592,1.0,0.542,0.4
319,,0.158,0.05,0.108,0.25,0.442,0.85,0.392,0.25
320,,0.008,-0.1,-0.042,0.1,0.292,0.7,0.242,0.1
321,2,0.329,0.9,0.279,0.35,0.471,0.85,0.421,0.35
322,2,0.65,1.0,0.6,0.6,0.65,1.0,0.6,0.6
323,,0.5,0.85,0.45,0.45,0.5,0.85,0.45,0.45
324,,0.35,0.7,0.3,0.3,0.35,0.7,0.3,0.3
325,,0.2,0.55,0.15,0.15,0.2,0.55,0.15,0.15
326,,0.05,0.4,0.0,0.0,0.05,0.4,0.0,0.0
327,,-0.1,0.25,-0.15,-0.15,-0.1,0.25,-0.15,-0.15
328,8,0.221,0.5,0.029,0.0,0.079,0.5,0.171,0.85
329,8,0.542,0.75,0.208,0.15,0.258,0.75,0.492,1.0
330,,0.392,0.6,0.058,0.0,0.108,0.6,0.342,0.85
331,,0.242,0.45,-0.092,-0.15,-0.042,0.45,0.192,0.7
332,4,0.421,0.7,0.229,0.85,0.279,0.7,0.371,0.85
333,4,0.6,0.95,0.55,1.0,0.6,0.95,0.55,1.0
334,,0.45,0.8,0.4,0.85,0.45,0.8,0.4,0.85
335,,0.3,0.65,0.25,0.7,0.3,0.65,0.25,0.7
336,,0.15,0.5,0.1,0.55,0.15,0.5,0.1,0.55
337,,0.0,0.35,-0.05,0.4,0.0,0.35,-0.05,0.4
338,3,0.25,0.671,0.95,0.721,0.25,0.529,0.1,0.579
339,3,0.5,0.992,1.0,1.0,0.5,0.708,0.25,0.758
340,,0.35,0.842,0.85,0.85,0.35,0.558,0.1,0.608
341,,0.2,0.692,0.7,0.7,0.2,0.408,-0.05,0.458
342,7,0.45,0.871,0.85,0.879,0.45,0.729,0.95,0.779
343,7,0.7,1.0,1.0,1.0,0.7,1.0,1.0,1.0
344,,0.55,0.85,0.85,0.85,0.55,0.85,0.85,0.85
345,,0.4,0.7,0.7,0.7,0.4,0.7,0.7,0.7
346,,0.25,0.55,0.55,0.55,0.25,0.55,0.55,0.55
347,,0.1,0.4,0.4,0.4,0.1,0.4,0.4,0.4
348,,-0.05,0.25,0.25,0.25,-0.05,0.25,0.25,0.25
349,1,0.95,0.571,0.5,0.429,0.1,0.429,0.5,0.571
350,1,1.0,0.892,0.75,0.608,0.25,0.608,0.75,0.892
351,,0.85,0.742,0.6,0.458,0.1,0.458,0.6,0.742
352,,0.7,0.592,0.45,0.308,-0.05,0.308,0.45,0.592
353,5,0.85,0.771,0.7,0.629,0.95,0.629,0.7,0.771
354,5,1.0,0.95,0.95,0.95,1.0,0.95,0.95,0.95
355,,0.85,0.8,0.8,0.8,0.85,0.8,0.8,0.8
356,,0.7,0.65,0.65,0.65,0.7,0.65,0.65,0.65
357,,0.55,0.5,0.5,0.5,0.55,0.5,0.5,0.5
358,,0.4,0.35,0.35,0.35,0.4,0.35,0.35,0.35
359,,0.25,0.2,0.2,0.2,0.25,0.2,0.2,0.2
360,,0.1,0.05,0.05,0.05,0.1,0.05,0.05,0.05
361,,-0.05,-0.1,-0.1,-0.1,-0.05,-0.1,-0.1,-0.1
362,8,0.271,0.15,0.079,0.05,0.129,0.15,0.221,0.9
363,8,0.592,0.4,0.258,0.2,0.308,0.4,0.542,1.0
364,,0.442,0.25,0.108,0.05,0.158,0.25,0.392,0.85
365,,0.292,0.1,-0.042,-0.1,0.008,0.1,0.242,0.7
366,4,0.471,0.35,0.279,0.9,0.329,0.35,0.421,0.85
367,4,0.65,0.6,0.6,1.0,0.65,0.6,0.6,1.0
368,,0.5,0.45,0.45,0.85,0.5,0.45,0.45,0.85
369,,0.35,0.3,0.3,0.7,0.35,0.3,0.3,0.7
370,,0.2,0.15,0.15,0.55,0.2,0.15,0.15,0.55
371,,0.05,0.0,0.0,0.4,0.05,0.0,0.0,0.4
372,,-0.1,-0.15,-0.15,0.25,-0.1,-0.15,-0.15,0.25
373,7,0.15,0.029,0.0,0.429,0.15,0.171,0.85,0.571
374,7,0.4,0.208,0.15,0.608,0.4,0.492,1.0,0.892
375,,0.25,0.058,0.0,0.458,0.25,0.342,0.85,0.742
376,,0.1,-0.092,-0.15,0.308,0.1,0.192,0.7,0.592
377,3,0.35,0.229,0.85,0.629,0.35,0.371,0.85,0.771
378,3,0.6,0.55,1.0,0.95,0.6,0.55,1.0,0.95
379,,0.45,0.4,0.85,0.8,0.45,0.4,0.85,0.8
380,,0.3,0.25,0.7,0.65,0.3,0.25,0.7,0.65
381,,0.15,0.1,0.55,0.5,0.15,0.1,0.55,0.5
382,,0.0,-0.05,0.4,0.35,0.0,-0.05,0.4,0.35
383,6,0.179,0.1,0.579,0.6,0.321,0.95,0.721,0.6
384,6,0.358,0.25,0.758,0.85,0.642,1.0,1.0,0.85
385,,0.208,0.1,0.608,0.7,0.492,0.85,0.85,0.7
386,,0.058,-0.05,0.458,0.55,0.342,0.7,0.7,0.55
387,2,0.379,0.95,0.779,0.8,0.521,0.85,0.879,0.8
388,2,0.7,1.0,1.0,1.0,0.7,1.0,1.0,1.0
389,,0.55,0.85,0.85,0.85,0.55,0.85,0.85,0.85
390,,0.4,0.7,0.7,0.7,0.4,0.7,0.7,0.7
391,,0.25,0.55,0.55,0.55,0.25,0.55,0.55,0.55
392,,0.1,0.4,0.4,0.4,0.1,0.4,0.4,0.4
393,,-0.05,0.25,0.25,0.25,-0.05,0.25,0.25,0.25
394,1,0.95,0.571,0.5,0.429,0.1,0.429,0.5,0.571
395,1,1.0,0.892,0.75,0.608,0.25,0.608,0.75,0.892
396,,0.85,0.742,0.6,0.458,0.1,0.458,0.6,0.742
397,,0.7,0.592,0.45,0.308,-0.05,0.308,0.45,0.592
398,5,0.85,0.771,0.7,0.629,0.95,0.629,0.7,0.771
399,5,1.0,0.95,0.95,0.95,1.0,0.95,0.95,0.95
400,,0.85,0.8,0.8,0.8,0.85,0.8,0.8,0.8
401,,0.7,0.65,0.65,0.65,0.7,0.65,0.65,0.65
402,,0.55,0.5,0.5,0.5,0.55,0.5,0.5,0.5
403,,0.4,0.35,0.35,0.35,0.4,0.35,0.35,0.35
404,,0.25,0.2,0.2,0.2,0.25,0.2,0.2,0.2
405,,0.1,0.05,0.05,0.05,0.1,0.05,0.05,0.05
406,,-0.05,-0.1,-0.1,-0.1,-0.05,-0.1,-0.1,-0.1
407,3,0.2,0.221,0.9,0.221,0.2,0.079,0.05,0.079
408,3,0.45,0.542,1.0,0.542,0.45,0.258,0.2,0.258
409,,0.3,0.392,0.85,0.392,0.3,0.108,0.05,0.108
410,,0.15,0.242,0.7,0.242,0.15,-0.042,-0.1,-0.042
411,7,0.4,0.421,0.85,0.421,0.4,0.279,0.9,0.279
412,7,0.65,0.6,1.0,0.6,0.65,0.6,1.0,0.6
413,,0.5,0.45,0.85,0.45,0.5,0.45,0.85,0.45
414,,0.35,0.3,0.7,0.3,0.35,0.3,0.7,0.3
415,,0.2,0.15,0.55,0.15,0.2,0.15,0.55,0.15
416,,0.05,0.0,0.4,0.0,0.05,0.0,0.4,0.0
417,,-0.1,-0.15,0.25,-0.15,-0.1,-0.15,0.25,-0.15
418,2,0.221,0.85,0.571,0.1,0.079,0.0,0.429,0.1
419,2,0.542,1.0,0.892,0.35,0.258,0.15,0.608,0.35
420,,0.392,0.85,0.742,0.2,0.108,0.0,0.458,0.2
421,,0.242,0.7,0.592,0.05,-0.042,-0.15,0.308,0.05
422,6,0.421,0.85,0.771,0.3,0.279,0.85,0.629,0.3
423,6,0.6,1.0,0.95,0.55,0.6,1.0,0.95,0.55
424,,0.45,0.85,0.8,0.4,0.45,0.85,0.8,0.4
425,,0.3,0.7,0.65,0.25,0.3,0.7,0.65,0.25
426,,0.15,0.55,0.5,0.1,0.15,0.55,0.5,0.1
427,,0.0,0.4,0.35,-0.05,0.0,0.4,0.35,-0.05
428,8,0.321,0.65,0.529,0.1,0.179,0.65,0.671,0.95
429,8,0.642,0.9,0.708,0.25,0.358,0.9,0.992,1.0
430,,0.492,0.75,0.558,0.1,0.208,0.75,0.842,0.85
431,,0.342,0.6,0.408,-0.05,0.058,0.6,0.692,0.7
432,4,0.521,0.85,0.729,0.95,0.379,0.85,0.871,0.85
433,4,0.7,1.0,1.0,1.0,0.7,1.0,1.0,1.0
434,,0.55,0.85,0.85,0.85,0.55,0.85,0.85,0.85
435,,0.4,0.7,0.7,0.7,0.4,0.7,0.7,0.7
436,,0.25,0.55,0.55,0.55,0.25,0.55,0.55,0.55
437,,0.1,0.4,0.4,0.4,0.1,0.4,0.4,0.4
438,,-0.05,0.25,0.25,0.25,-0.05,0.25,0.25,0.25
439,1,0.95,0.571,0.5,0.429,0.1,0.429,0.5,0.571
440,1,1.0,0.892,0.75,0.608,0.25,0.608,0.75,0.892
441,,0.85,0.742,0.6,0.458,0.1,0.458,0.6,0.742
442,,0.7,0.592,0.45,0.308,-0.05,0.308,0.45,0.592
443,5,0.85,0.771,0.7,0.629,0.95,0.629,0.7,0.771
444,5,1.0,0.95,0.95,0.95,1.0,0.95,0.95,0.95
445,,0.85,0.8,0.8,0.8,0.85,0.8,0.8,0.8
446,,0.7,0.65,0.65,0.65,0.7,0.65,0.65,0.65
447,,0.55,0.5,0.5,0.5,0.55,0.5,0.5,0.5
448,,0.4,0.35,0.35,0.35,0.4,0.35,0.35,0.35
449,,0.25,0.2,0.2,0.2,0.25,0.2,0.2,0.2
450,,0.1,0.05,0.05,0.05,0.1,0.05,0.05,0.05
451,,-0.05,-0.1,-0.1,-0.1,-0.05,-0.1,-0.1,-0.1
452,6,0.129,0.05,0.079,0.15,0.271,0.9,0.221,0.15
453,6,0.308,0.2,0.258,0.4,0.592,1.0,0.542,0.4
454,,0.158,0.05,0.108,0.25,0.442,0.85,0.392,0.25
455,,0.008,-0.1,-0.042,0.1,0.292,0.7,0.242,0.1
456,2,0.329,0.9,0.279,0.35,0.471,0.85,0.421,0.35
457,2,0.65,1.0,0.6,0.6,0.65,1.0,0.6,0.6
458,,0.5,0.85,0.45,0.45,0.5,0.85,0.45,0.45
459,,0.35,0.7,0.3,0.3,0.35,0.7,0.3,0.3
460,,0.2,0.55,0.15,0.15,0.2,0.55,0.15,0.15
461,,0.05,0.4,0.0,0.0,0.05,0.4,0.0,0.0
462,,-0.1,0.25,-0.15,-0.15,-0.1,0.25,-0.15,-0.15
463,4,0.079,0.5,0.171,0.85,0.221,0.5,0.029,0.0
464,4,0.258,0.75,0.492,1.0,0.542,0.75,0.208,0.15
465,,0.108,0.6,0.342,0.85,0.392,0.6,0.058,0.0
466,,-0.042,0.45,0.192,0.7,0.242,0.45,-0.092,-0.15
467,8,0.279,0.7,0.371,0.85,0.421,0.7,0.229,0.85
468,8,0.6,0.95,0.55,1.0,0.6,0.95,0.55,1.0
469,,0.45,0.8,0.4,0.85,0.45,0.8,0.4,0.85
470,,0.3,0.65,0.25,0.7,0.3,0.65,0.25,0.7
471,,0.15,0.5,0.1,0.55,0.15,0.5,0.1,0.55
472,,0.0,0.35,-0.05,0.4,0.0,0.35,-0.05,0.4
473,7,0.25,0.529,0.1,0.579,0.25,0.671,0.95,0.721
474,7,0.5,0.708,0.25,0.758,0.5,0.992,1.0,1.0
475,,0.35,0.558,0.1,0.608,0.35,0.842,0.85,0.85
476,,0.2,0.408,-0.05,0.458,0.2,0.692,0.7,0.7
477,3,0.45,0.729,0.95,0.779,0.45,0.871,0.85,0.879
478,3,0.7,1.0,1.0,1.0,0.7,1.0,1.0,1.0
479,,0.55,0.85,0.85,0.85,0.55,0.85,0.85,0.85
480,,0.4,0.7,0.7,0.7,0.4,0.7,0.7,0.7
481,,0.25,0.55,0.55,0.55,0.25,0.55,0.55,0.55
482,,0.1,0.4,0.4,0.4,0.1,0.4,0.4,0.4
483,,-0.05,0.25,0.25,0.25,-0.05,0.25,0.25,0.25
484,5,0.1,0.429,0.5,0.571,0.95,0.571,0.5,0.429
485,5,0.25,0.608,0.75,0.892,1.0,0.892,0.75,0.608
486,,0.1,0.458,0.6,0.742,0.85,0.742,0.6,0.458
487,,-0.05,0.308,0.45,0.592,0.7,0.592,0.45,0.308
488,1,0.95,0.629,0.7,0.771,0.85,0.771,0.7,0.629
489,1,1.0,0.95,0.95,0.95,1.0,0.95,0.95,0.95
490,,0.85,0.8,0.8,0.8,0.85,0.8,0.8,0.8
491,,0.7,0.65,0.65,0.65,0.7,0.65,0.65,0.65
492,,0.55,0.5,0.5,0.5,0.55,0.5,0.5,0.5
493,,0.4,0.35,0.35,0.35,0.4,0.35,0.35,0.35
494,,0.25,0.2,0.2,0.2,0.25,0.2,0.2,0.2
495,,0.1,0.05,0.05,0.05,0.1,0.05,0.05,0.05
496,,-0.05,-0.1,-0.1,-0.1,-0.05,-0.1,-0.1,-0.1
497,2,0.271,0.9,0.221,0.15,0.129,0.05,0.079,0.15
498,2,0.592,1.0,0.542,0.4,0.308,0.2,0.258,0.4
499,,0.442,0.85,0.392,0.25,0.158,0.05,0.108,0.25
500,,0.292,0.7,0.242,0.1,0.008,-0.1,-0.042,0.1
501,6,0.471,0.85,0.421,0.35,0.329,0.9,0.279,0.35
502,6,0.65,1.0,0.6,0.6,0.65,1.0,0.6,0.6
503,,0.5,0.85,0.45,0.45,0.5,0.85,0.45,0.45
504,,0.35,0.7,0.3,0.3,0.35,0.7,0.3,0.3
505,,0.2,0.55,0.15,0.15,0.2,0.55,0.15,0.15
506,,0.05,0.4,0.0,0.0,0.05,0.4,0.0,0.0
507,,-0.1,0.25,-0.15,-0.15,-0.1,0.25,-0.15,-0.15
508,4,0.079,0.5,0.171,0.85,0.221,0.5,0.029,0.0
509,4,0.258,0.75,0.492,1.0,0.542,0.75,0.208,0.15
510,,0.108,0.6,0.342,0.85,0.392,0.6,0.058,0.0
511,,-0.042,0.45,0.192,0.7,0.242,0.45,-0.092,-0.15
512,8,0.279,0.7,0.371,0.85,0.421,0.7,0.229,0.85
513,8,0.6,0.95,0.55,1.0,0.6,0.95,0.55,1.0
514,,0.45,0.8,0.4,0.85,0.45,0.8,0.4,0.85
515,,0.3,0.65,0.25,0.7,0.3,0.65,0.25,0.7
516,,0.15,0.5,0.1,0.55,0.15,0.5,0.1,0.55
517,,0.0,0.35,-0.05,0.4,0.0,0.35,-0.05,0.4
518,7,0.25,0.529,0.1,0.579,0.25,0.671,0.95,0.721
519,7,0.5,0.708,0.25,0.758,0.5,0.992,1.0,1.0
520,,0.35,0.558,0.1,0.608,0.35,0.842,0.85,0.85
521,,0.2,0.408,-0.05,0.458,0.2,0.692,0.7,0.7
522,3,0.45,0.729,0.95,0.779,0.45,0.871,0.85,0.879
523,3,0.7,1.0,1.0,1.0,0.7,1.0,1.0,1.0
524,,0.55,0.85,0.85,0.85,0.55,0.85,0.85,0.85
525,,0.4,0.7,0.7,0.7,0.4,0.7,0.7,0.7
526,,0.25,0.55,0.55,0.55,0.25,0.55,0.55,0.55
527,,0.1,0.4,0.4,0.4,0.1,0.4,0.4,0.4
528,,-0.05,0.25,0.25,0.25,-0.05,0.25,0.25,0.25
529,5,0.1,0.429,0.5,0.571,0.95,0.571,0.5,0.429
530,5,0.25,0.608,0.75,0.892,1.0,0.892,0.75,0.608
531,,0.1,0.458,0.6,0.742,0.85,0.742,0.6,0.458
532,,-0.05,0.308,0.45,0.592,0.7,0.592,0.45,0.308
533,1,0.95,0.629,0.7,0.771,0.85,0.771,0.7,0.629
534,1,1.0,0.95,0.95,0.95,1.0,0.95,0.95,0.95
535,,0.85,0.8,0.8,0.8,0.85,0.8,0.8,0.8
536,,0.7,0.65,0.65,0.65,0.7,0.65,0.65,0.65
537,,0.55,0.5,0.5,0.5,0.55,0.5,0.5,0.5
538,,0.4,0.35,0.35,0.35,0.4,0.35,0.35,0.35
539,,0.25,0.2,0.2,0.2,0.25,0.2,0.2,0.2
540,,0.1,0.05,0.05,0.05,0.1,0.05,0.05,0.05
541,,-0.05,-0.1,-0.1,-0.1,-0.05,-0.1,-0.1,-0.1
542,4,0.129,0.15,0.221,0.9,0.271,0.15,0.079,0.05
543,4,0.308,0.4,0.542,1.0,0.592,0.4,0.258,0.2
544,,0.158,0.25,0.392,0.85,0.442,0.25,0.108,0.05
545,,0.008,0.1,0.242,0.7,0.292,0.1,-0.042,-0.1
546,8,0.329,0.35,0.421,0.85,0.471,0.35,0.279,0.9
547,8,0.65,0.6,0.6,1.0,0.65,0.6,0.6,1.0
548,,0.5,0.45,0.45,0.85,0.5,0.45,0.45,0.85
549,,0.35,0.3,0.3,0.7,0.35,0.3,0.3,0.7
550,,0.2,0.15,0.15,0.55,0.2,0.15,0.15,0.55
551,,0.05,0.0,0.0,0.4,0.05,0.0,0.0,0.4
552,,-0.1,-0.15,-0.15,0.25,-0.1,-0.15,-0.15,0.25
553,3,0.15,0.171,0.85,0.571,0.15,0.029,0.0,0.429
554,3,0.4,0.492,1.0,0.892,0.4,0.208,0.15,0.608
555,,0.25,0.342,0.85,0.742,0.25,0.058,0.0,0.458
556,,0.1,0.192,0.7,0.592,0.1,-0.092,-0.15,0.308
557,7,0.35,0.371,0.85,0.771,0.35,0.229,0.85,0.629
558,7,0.6,0.55,1.0,0.95,0.6,0.55,1.0,0.95
559,,0.45,0.4,0.85,0.8,0.45,0.4,0.85,0.8
560,,0.3,0.25,0.7,0.65,0.3,0.25,0.7,0.65
561,,0.15,0.1,0.55,0.5,0.15,0.1,0.55,0.5
562,,0.0,-0.05,0.4,0.35,0.0,-0.05,0.4,0.35
563,2,0.321,0.95,0.721,0.6,0.179,0.1,0.579,0.6
564,2,0.642,1.0,1.0,0.85,0.358,0.25,0.758,0.85
565,,0.492,0.85,0.85,0.7,0.208,0.1,0.608,0.7
566,,0.342,0.7,0.7,0.55,0.058,-0.05,0.458,0.55
567,6,0.521,0.85,0.879,0.8,0.379,0.95,0.779,0.8
568,6,0.7,1.0,1.0,1.0,0.7,1.0,1.0,1.0
569,,0.55,0.85,0.85,0.85,0.55,0.85,0.85,0.85
570,,0.4,0.7,0.7,0.7,0.4,0.7,0.7,0.7
571,,0.25,0.55,0.55,0.55,0.25,0.55,0.55,0.55
572,,0.1,0.4,0.4,0.4,0.1,0.4,0.4,0.4
573,,-0.05,0.25,0.25,0.25,-0.05,0.25,0.25,0.25
574,5,0.1,0.429,0.5,0.571,0.95,0.571,0.5,0.429
575,5,0.25,0.608,0.75,0.892,1.0,0.892,0.75,0.608
576,,0.1,0.458,0.6,0.742,0.85,0.742,0.6,0.458
577,,-0.05,0.308,0.45,0.592,0.7,0.592,0.45,0.308
578,1,0.95,0.629,0.7,0.771,0.85,0.771,0.7,0.629
579,1,1.0,0.95,0.95,0.95,1.0,0.95,0.95,0.95
580,,0.85,0.8,0.8,0.8,0.85,0.8,0.8,0.8
581,,0.7,0.65,0.65,0.65,0.7,0.65,0.65,0.65
582,,0.55,0.5,0.5,0.5,0.55,0.5,0.5,0.5
583,,0.4,0.35,0.35,0.35,0.4,0.35,0.35,0.35
584,,0.25,0.2,0.2,0.2,0.25,0.2,0.2,0.2
585,,0.1,0.05,0.05,0.05,0.1,0.05,0.05,0.05
586,,-0.05,-0.1,-0.1,-0.1,-0.05,-0.1,-0.1,-0.1
587,2,0.271,0.9,0.221,0.15,0.129,0.05,0.079,0.15
588,2,0.592,1.0,0.542,0.4,0.308,0.2,0.258,0.4
589,,0.442,0.85,0.392,0.25,0.158,0.05,0.108,0.25
590,,0.292,0.7,0.242,0.1,0.008,-0.1,-0.042,0.1
591,6,0.471,0.85,0.421,0.35,0.329,0.9,0.279,0.35
592,6,0.65,1.0,0.6,0.6,0.65,1.0,0.6,0.6
593,,0.5,0.85,0.45,0.45,0.5,0.85,0.45,0.45
594,,0.35,0.7,0.3,0.3,0.35,0.7,0.3,0.3
595,,0.2,0.55,0.15,0.15,0.2,0.55,0.15,0.15
596,,0.05,0.4,0.0,0.0,0.05,0.4,0.0,0.0
597,,-0.1,0.25,-0.15,-0.15,-0.1,0.25,-0.15,-0.15
598,4,0.079,0.5,0.171,0.85,0.221,0.5,0.029,0.0
599,4,0.258,0.75,0.492,1.0,0.542,0.75,0.208,0.15
600,,0.108,0.6,0.342,0.85,0.392,0.6,0.058,0.0
601,,-0.042,0.45,0.192,0.7,0.242,0.45,-0.092,-0.15
602,8,0.279,0.7,0.371,0.85,0.421,0.7,0.229,0.85
603,8,0.6,0.95,0.55,1.0,0.6,0.95,0.55,1.0
604,,0.45,0.8,0.4,0.85,0.45,0.8,0.4,0.85
605,,0.3,0.65,0.25,0.7,0.3,0.65,0.25,0.7
606,,0.15,0.5,0.1,0.55,0.15,0.5,0.1,0.55
607,,0.0,0.35,-0.05,0.4,0.0,0.35,-0.05,0.4
608,3,0.25,0.671,0.95,0.721,0.25,0.529,0.1,0.579
609,3,0.5,0.992,1.0,1.0,0.5,0.708,0.25,0.758
610,,0.35,0.842,0.85,0.85,0.35,0.558,0.1,0.608
611,,0.2,0.692,0.7,0.7,0.2,0.408,-0.05,0.458
612,7,0.45,0.871,0.85,0.879,0.45,0.729,0.95,0.779
613,7,0.7,1.0,1.0,1.0,0.7,1.0,1.0,1.0
614,,0.55,0.85,0.85,0.85,0.55,0.85,0.85,0.85
615,,0.4,0.7,0.7,0.7,0.4,0.7,0.7,0.7
616,,0.25,0.55,0.55,0.55,0.25,0.55,0.55,0.55
617,,0.1,0.4,0.4,0.4,0.1,0.4,0.4,0.4
618,,-0.05,0.25,0.25,0.25,-0.05,0.25,0.25,0.25
619,1,0.95,0.571,0.5,0.429,0.1,0.429,0.5,0.571
620,1,1.0,0.892,0.75,0.608,0.25,0.608,0.75,0.892
621,,0.85,0.742,0.6,0.458,0.1,0.458,0.6,0.742
622,,0.7,0.592,0.45,0.308,-0.05,0.308,0.45,0.592
623,5,0.85,0.771,0.7,0.629,0.95,0.629,0.7,0.771
624,5,1.0,0.95,0.95,0.95,1.0,0.95,0.95,0.95
625,,0.85,0.8,0.8,0.8,0.85,0.8,0.8,0.8
626,,0.7,0.65,0.65,0.65,0.7,0.65,0.65,0.65
627,,0.55,0.5,0.5,0.5,0.55,0.5,0.5,0.5
628,,0.4,0.35,0.35,0.35,0.4,0.35,0.35,0.35
629,,0.25,0.2,0.2,0.2,0.25,0.2,0.2,0.2
630,,0.1,0.05,0.05,0.05,0.1,0.05,0.05,0.05
631,,-0.05,-0.1,-0.1,-0.1,-0.05,-0.1,-0.1,-0.1
632,8,0.271,0.15,0.079,0.05,0.129,0.15,0.221,0.9
633,8,0.592,0.4,0.258,0.2,0.308,0.4,0.542,1.0
634,,0.442,0.25,0.108,0.05,0.158,0.25,0.392,0.85
635,,0.292,0.1,-0.042,-0.1,0.008,0.1,0.242,0.7
636,4,0.471,0.35,0.279,0.9,0.329,0.35,0.421,0.85
637,4,0.65,0.6,0.6,1.0,0.65,0.6,0.6,1.0
638,,0.5,0.45,0.45,0.85,0.5,0.45,0.45,0.85
639,,0.35,0.3,0.3,0.7,0.35,0.3,0.3,0.7
640,,0.2,0.15,0.15,0.55,0.2,0.15,0.15,0.55
641,,0.05,0.0,0.0,0.4,0.05,0.0,0.0,0.4
642,,-0.1,-0.15,-0.15,0.25,-0.1,-0.15,-0.15,0.25
643,2,0.221,0.85,0.171,0.5,0.079,0.0,0.029,0.5
644,2,0.542,1.0,0.492,0.75,0.258,0.15,0.208,0.75
645,,0.392,0.85,0.342,0.6,0.108,0.0,0.058,0.6
646,,0.242,0.7,0.192,0.45,-0.042,-0.15,-0.092,0.45
647,6,0.421,0.85,0.371,0.7,0.279,0.85,0.229,0.7
648,6,0.6,1.0,0.55,0.95,0.6,1.0,0.55,0.95
649,,0.45,0.85,0.4,0.8,0.45,0.85,0.4,0.8
650,,0.3,0.7,0.25,0.65,0.3,0.7,0.25,0.65
651,,0.15,0.55,0.1,0.5,0.15,0.55,0.1,0.5
652,,0.0,0.4,-0.05,0.35,0.0,0.4,-0.05,0.35
653,7,0.25,0.579,0.1,0.529,0.25,0.721,0.95,0.671
654,7,0.5,0.758,0.25,0.708,0.5,1.0,1.0,0.992
655,,0.35,0.608,0.1,0.558,0.35,0.85,0.85,0.842
656,,0.2,0.458,-0.05,0.408,0.2,0.7,0.7,0.692
657,3,0.45,0.779,0.95,0.729,0.45,0.879,0.85,0.871
658,3,0.7,1.0,1.0,1.0,0.7,1.0,1.0,1.0
659,,0.55,0.85,0.85,0.85,0.55,0.85,0.85,0.85
660,,0.4,0.7,0.7,0.7,0.4,0.7,0.7,0.7
661,,0.25,0.55,0.55,0.55,0.25,0.55,0.55,0.55
662,,0.1,0.4,0.4,0.4,0.1,0.4,0.4,0.4
663,,-0.05,0.25,0.25,0.25,-0.05,0.25,0.25,0.25
664,5,0.1,0.429,0.5,0.571,0.95,0.571,0.5,0.429
665,5,0.25,0.608,0.75,0.892,1.0,0.892,0.75,0.608
666,,0.1,0.458,0.6,0.742,0.85,0.742,0.6,0.458
667,,-0.05,0.308,0.45,0.592,0.7,0.592,0.45,0.308
668,1,0.95,0.629,0.7,0.771,0.85,0.771,0.7,0.629
669,1,1.0,0.95,0.95,0.95,1.0,0.95,0.95,0.95
670,,0.85,0.8,0.8,0.8,0.85,0.8,0.8,0.8
671,,0.7,0.65,0.65,0.65,0.7,0.65,0.65,0.65
672,,0.55,0.5,0.5,0.5,0.55,0.5,0.5,0.5
673,,0.4,0.35,0.35,0.35,0.4,0.35,0.35,0.35
674,,0.25,0.2,0.2,0.2,0.25,0.2,0.2,0.2
675,,0.1,0.05,0.05,0.05,0.1,0.05,0.05,0.05
676,,-0.05,-0.1,-0.1,-0.1,-0.05,-0.1,-0.1,-0.1
677,7,0.2,0.079,0.05,0.079,0.2,0.221,0.9,0.221
678,7,0.45,0.258,0.2,0.258,0.45,0.542,1.0,0.542
679,,0.3,0.108,0.05,0.108,0.3,0.392,0.85,0.392
680,,0.15,-0.042,-0.1,-0.042,0.15,0.242,0.7,0.242
681,3,0.4,0.279,0.9,0.279,0.4,0.421,0.85,0.421
682,3,0.65,0.6,1.0,0.6,0.65,0.6,1.0,0.6
683,,0.5,0.45,0.85,0.45,0.5,0.45,0.85,0.45
684,,0.35,0.3,0.7,0.3,0.35,0.3,0.7,0.3
685,,0.2,0.15,0.55,0.15,0.2,0.15,0.55,0.15
686,,0.05,0.0,0.4,0.0,0.05,0.0,0.4,0.0
687,,-0.1,-0.15,0.25,-0.15,-0.1,-0.15,0.25,-0.15
688,2,0.221,0.85,0.571,0.1,0.079,0.0,0.429,0.1
689,2,0.542,1.0,0.892,0.35,0.258,0.15,0.608,0.35
690,,0.392,0.85,0.742,0.2,0.108,0.0,0.458,0.2
691,,0.242,0.7,0.592,0.05,-0.042,-0.15,0.308,0.05
692,6,0.421,0.85,0.771,0.3,0.279,0.85,0.629,0.3
693,6,0.6,1.0,0.95,0.55,0.6,1.0,0.95,0.55
694,,0.45,0.85,0.8,0.4,0.45,0.85,0.8,0.4
695,,0.3,0.7,0.65,0.25,0.3,0.7,0.65,0.25
696,,0.15,0.55,0.5,0.1,0.15,0.55,0.5,0.1
697,,0.0,0.4,0.35,-0.05,0.0,0.4,0.35,-0.05
698,4,0.179,0.65,0.671,0.95,0.321,0.65,0.529,0.1
699,4,0.358,0.9,0.992,1.0,0.642,0.9,0.708,0.25
700,,0.208,0.75,0.842,0.85,0.492,0.75,0.558,0.1
701,,0.058,0.6,0.692,0.7,0.342,0.6,0.408,-0.05
702,8,0.379,0.85,0.871,0.85,0.521,0.85,0.729,0.95
703,8,0.7,1.0,1.0,1.0,0.7,1.0,1.0,1.0
704,,0.55,0.85,0.85,0.85,0.55,0.85,0.85,0.85
705,,0.4,0.7,0.7,0.7,0.4,0.7,0.7,0.7
706,,0.25,0.55,0.55,0.55,0.25,0.55,0.55,0.55
707,,0.1,0.4,0.4,0.4,0.1,0.4,0.4,0.4
708,,-0.05,0.25,0.25,0.25,-0.05,0.25,0.25,0.25
709,1,0.95,0.571,0.5,0.429,0.1,0.429,0.5,0.571
710,1,1.0,0.892,0.75,0.608,0.25,0.608,0.75,0.892
711,,0.85,0.742,0.6,0.458,0.1,0.458,0.6,0.742
712,,0.7,0.592,0.45,0.308,-0.05,0.308,0.45,0.592
713,5,0.85,0.771,0.7,0.629,0.95,0.629,0.7,0.771
714,5,1.0,0.95,0.95,0.95,1.0,0.95,0.95,0.95
715,,0.85,0.8,0.8,0.8,0.85,0.8,0.8,0.8
716,,0.7,0.65,0.65,0.65,0.7,0.65,0.65,0.65
717,,0.55,0.5,0.5,0.5,0.55,0.5,0.5,0.5
718,,0.4,0.35,0.35,0.35,0.4,0.35,0.35,0.35
719,,0.25,0.2,0.2,0.2,0.25,0.2,0.2,0.2
720,,0.1,0.05,0.05,0.05,0.1,0.05,0.05,0.05
721,,-0.05,-0.1,-0.1,-0.1,-0.05,-0.1,-0.1,-0.1
722,8,0.271,0.15,0.079,0.05,0.129,0.15,0.221,0.9
723,8,0.592,0.4,0.258,0.2,0.308,0.4,0.542,1.0
724,,0.442,0.25,0.108,0.05,0.158,0.25,0.392,0.85
725,,0.292,0.1,-0.042,-0.1,0.008,0.1,0.242,0.7
726,4,0.471,0.35,0.279,0.9,0.329,0.35,0.421,0.85
727,4,0.65,0.6,0.6,1.0,0.65,0.6,0.6,1.0
728,,0.5,0.45,0.45,0.85,0.5,0.45,0.45,0.85
729,,0.35,0.3,0.3,0.7,0.35,0.3,0.3,0.7
730,,0.2,0.15,0.15,0.55,0.2,0.15,0.15,0.55
731,,0.05,0.0,0.0,0.4,0.05,0.0,0.0,0.4
732,,-0.1,-0.15,-0.15,0.25,-0.1,-0.15,-0.15,0.25
733,3,0.15,0.171,0.85,0.571,0.15,0.029,0.0,0.429
734,3,0.4,0.492,1.0,0.892,0.4,0.208,0.15,0.608
735,,0.25,0.342,0.85,0.742,0.25,0.058,0.0,0.458
736,,0.1,0.192,0.7,0.592,0.1,-0.092,-0.15,0.308
737,7,0.35,0.371,0.85,0.771,0.35,0.229,0.85,0.629
738,7,0.6,0.55,1.0,0.95,0.6,0.55,1.0,0.95
739,,0.45,0.4,0.85,0.8,0.45,0.4,0.85,0.8
740,,0.3,0.25,0.7,0.65,0.3,0.25,0.7,0.65
741,,0.15,0.1,0.55,0.5,0.15,0.1,0.55,0.5
742,,0.0,-0.05,0.4,0.35,0.0,-0.05,0.4,0.35
743,2,0.321,0.95,0.721,0.6,0.179,0.1,0.579,0.6
744,2,0.642,1.0,1.0,0.85,0.358,0.25,0.758,0.85
745,,0.492,0.85,0.85,0.7,0.208,0.1,0.608,0.7
746,,0.342,0.7,0.7,0.55,0.058,-0.05,0.458,0.55
747,6,0.521,0.85,0.879,0.8,0.379,0.95,0.779,0.8
748,6,0.7,1.0,1.0,1.0,0.7,1.0,1.0,1.0
749,,0.55,0.85,0.85,0.85,0.55,0.85,0.85,0.85
750,,0.4,0.7,0.7,0.7,0.4,0.7,0.7,0.7
751,,0.25,0.55,0.55,0.55,0.25,0.55,0.55,0.55
752,,0.1,0.4,0.4,0.4,0.1,0.4,0.4,0.4
753,,-0.05,0.25,0.25,0.25,-0.05,0.25,0.25,0.25
754,5,0.1,0.429,0.5,0.571,0.95,0.571,0.5,0.429
755,5,0.25,0.608,0.75,0.892,1.0,0.892,0.75,0.608
756,,0.1,0.458,0.6,0.742,0.85,0.742,0.6,0.458
757,,-0.05,0.308,0.45,0.592,0.7,0.592,0.45,0.308
758,1,0.95,0.629,0.7,0.771,0.85,0.771,0.7,0.629
759,1,1.0,0.95,0.95,0.95,1.0,0.95,0.95,0.95
760,,0.85,0.8,0.8,0.8,0.85,0.8,0.8,0.8
761,,0.7,0.65,0.65,0.65,0.7,0.65,0.65,0.65
762,,0.55,0.5,0.5,0.5,0.55,0.5,0.5,0.5
763,,0.4,0.35,0.35,0.35,0.4,0.35,0.35,0.35
764,,0.25,0.2,0.2,0.2,0.25,0.2,0.2,0.2
765,,0.1,0.05,0.05,0.05,0.1,0.05,0.05,0.05
766,,-0.05,-0.1,-0.1,-0.1,-0.05,-0.1,-0.1,-0.1
767,6,0.129,0.05,0.079,0.15,0.271,0.9,0.221,0.15
768,6,0.308,0.2,0.258,0.4,0.592,1.0,0.542,0.4
769,,0.158,0.05,0.108,0.25,0.442,0.85,0.392,0.25
770,,0.008,-0.1,-0.042,0.1,0.292,0.7,0.242,0.1
771,2,0.329,0.9,0.279,0.35,0.471,0.85,0.421,0.35
772,2,0.65,1.0,0.6,0.6,0.65,1.0,0.6,0.6
773,,0.5,0.85,0.45,0.45,0.5,0.85,0.45,0.45
774,,0.35,0.7,0.3,0.3,0.35,0.7,0.3,0.3
775,,0.2,0.55,0.15,0.15,0.2,0.55,0.15,0.15
776,,0.05,0.4,0.0,0.0,0.05,0.4,0.0,0.0
777,,-0.1,0.25,-0.15,-0.15,-0.1,0.25,-0.15,-0.15
778,4,0.079,0.5,0.171,0.85,0.221,0.5,0.029,0.0
779,4,0.258,0.75,0.492,1.0,0.542,0.75,0.208,0.15
780,,0.108,0.6,0.342,0.85,0.392,0.6,0.058,0.0
781,,-0.042,0.45,0.192,0.7,0.242,0.45,-0.092,-0.15
782,8,0.279,0.7,0.371,0.85,0.421,0.7,0.229,0.85
783,8,0.6,0.95,0.55,1.0,0.6,0.95,0.55,1.0
784,,0.45,0.8,0.4,0.85,0.45,0.8,0.4,0.85
785,,0.3,0.65,0.25,0.7,0.3,0.65,0.25,0.7
786,,0.15,0.5,0.1,0.55,0.15,0.5,0.1,0.55
787,,0.0,0.35,-0.05,0.4,0.0,0.35,-0.05,0.4
788,7,0.25,0.529,0.1,0.579,0.25,0.671,0.95,0.721
789,7,0.5,0.708,0.25,0.758,0.5,0.992,1.0,1.0
790,,0.35,0.558,0.1,0.608,0.35,0.842,0.85,0.85
791,,0.2,0.408,-0.05,0.458,0.2,0.692,0.7,0.7
792,3,0.45,0.729,0.95,0.779,0.45,0.871,0.85,0.879
793,3,0.7,1.0,1.0,1.0,0.7,1.0,1.0,1.0
794,,0.55,0.85,0.85,0.85,0.55,0.85,0.85,0.85
795,,0.4,0.7,0.7,0.7,0.4,0.7,0.7,0.7
796,,0.25,0.55,0.55,0.55,0.25,0.55,0.55,0.55
797,,0.1,0.4,0.4,0.4,0.1,0.4,0.4,0.4
798,,-0.05,0.25,0.25,0.25,-0.05,0.25,0.25,0.25
799,1,0.95,0.571,0.5,0.429,0.1,0.429,0.5,0.571
800,1,1.0,0.892,0.75,0.608,0.25,0.608,0.75,0.892
801,,0.85,0.742,0.6,0.458,0.1,0.458,0.6,0.742
802,,0.7,0.592,0.45,0.308,-0.05,0.308,0.45,0.592
803,5,0.85,0.771,0.7,0.629,0.95,0.629,0.7,0.771
804,5,1.0,0.95,0.95,0.95,1.0,0.95,0.95,0.95
805,,0.85,0.8,0.8,0.8,0.85,0.8,0.8,0.8
806,,0.7,0.65,0.65,0.65,0.7,0.65,0.65,0.65
807,,0.55,0.5,0.5,0.5,0.55,0.5,0.5,0.5
808,,0.4,0.35,0.35,0.35,0.4,0.35,0.35,0.35
809,,0.25,0.2,0.2,0.2,0.25,0.2,0.2,0.2
810,,0.1,0.05,0.05,0.05,0.1,0.05,0.05,0.05
811,,-0.05,-0.1,-0.1,-0.1,-0.05,-0.1,-0.1,-0.1
812,7,0.2,0.079,0.05,0.079,0.2,0.221,0.9,0.221
813,7,0.45,0.258,0.2,0.258,0.45,0.542,1.0,0.542
814,,0.3,0.108,0.05,0.108,0.3,0.392,0.85,0.392
815,,0.15,-0.042,-0.1,-0.042,0.15,0.242,0.7,0.242
816,3,0.4,0.279,0.9,0.279,0.4,0.421,0.85,0.421
817,3,0.65,0.6,1.0,0.6,0.65,0.6,1.0,0.6
818,,0.5,0.45,0.85,0.45,0.5,0.45,0.85,0.45
819,,0.35,0.3,0.7,0.3,0.35,0.3,0.7,0.3
820,,0.2,0.15,0.55,0.15,0.2,0.15,0.55,0.15
821,,0.05,0.0,0.4,0.0,0.05,0.0,0.4,0.0
822,,-0.1,-0.15,0.25,-0.15,-0.1,-0.15,0.25,-0.15
823,4,0.079,0.1,0.571,0.85,0.221,0.1,0.429,0.0
824,4,0.258,0.35,0.892,1.0,0.542,0.35,0.608,0.15
825,,0.108,0.2,0.742,0.85,0.392,0.2,0.458,0.0
826,,-0.042,0.05,0.592,0.7,0.242,0.05,0.308,-0.15
827,8,0.279,0.3,0.771,0.85,0.421,0.3,0.629,0.85
828,8,0.6,0.55,0.95,1.0,0.6,0.55,0.95,1.0
829,,0.45,0.4,0.8,0.85,0.45,0.4,0.8,0.85
830,,0.3,0.25,0.65,0.7,0.3,0.25,0.65,0.7
831,,0.15,0.1,0.5,0.55,0.15,0.1,0.5,0.55
832,,0.0,-0.05,0.35,0.4,0.0,-0.05,0.35,0.4
833,2,0.321,0.95,0.671,0.65,0.179,0.1,0.529,0.65
834,2,0.642,1.0,0.992,0.9,0.358,0.25,0.708,0.9
835,,0.492,0.85,0.842,0.75,0.208,0.1,0.558,0.75
836,,0.342,0.7,0.692,0.6,0.058,-0.05,0.408,0.6
837,6,0.521,0.85,0.871,0.85,0.379,0.95,0.729,0.85
838,6,0.7,1.0,1.0,1.0,0.7,1.0,1.0,1.0
839,,0.55,0.85,0.85,0.85,0.55,0.85,0.85,0.85
840,,0.4,0.7,0.7,0.7,0.4,0.7,0.7,0.7
841,,0.25,0.55,0.55,0.55,0.25,0.55,0.55,0.55
842,,0.1,0.4,0.4,0.4,0.1,0.4,0.4,0.4
843,,-0.05,0.25,0.25,0.25,-0.05,0.25,0.25,0.25
844,1,0.95,0.571,0.5,0.429,0.1,0.429,0.5,0.571
845,1,1.0,0.892,0.75,0.608,0.25,0.608,0.75,0.892
846,,0.85,0.742,0.6,0.458,0.1,0.458,0.6,0.742
847,,0.7,0.592,0.45,0.308,-0.05,0.308,0.45,0.592
848,5,0.85,0.771,0.7,0.629,0.95,0.629,0.7,0.771
849,5,1.0,0.95,0.95,0.95,1.0,0.95,0.95,0.95
850,,0.85,0.8,0.8,0.8,0.85,0.8,0.8,0.8
851,,0.7,0.65,0.65,0.65,0.7,0.65,0.65,0.65
852,,0.55,0.5,0.5,0.5,0.55,0.5,0.5,0.5
853,,0.4,0.35,0.35,0.35,0.4,0.35,0.35,0.35
854,,0.25,0.2,0.2,0.2,0.25,0.2,0.2,0.2
855,,0.1,0.05,0.05,0.05,0.1,0.05,0.05,0.05
856,,-0.05,-0.1,-0.1,-0.1,-0.05,-0.1,-0.1,-0.1
857,4,0.129,0.15,0.221,0.9,0.271,0.15,0.079,0.05
858,4,0.308,0.4,0.542,1.0,0.592,0.4,0.258,0.2
859,,0.158,0.25,0.392,0.85,0.442,0.25,0.108,0.05
860,,0.008,0.1,0.242,0.7,0.292,0.1,-0.042,-0.1
861,8,0.329,0.35,0.421,0.85,0.471,0.35,0.279,0.9
862,8,0.65,0.6,0.6,1.0,0.65,0.6,0.6,1.0
863,,0.5,0.45,0.45,0.85,0.5,0.45,0.45,0.85
864,,0.35,0.3,0.3,0.7,0.35,0.3,0.3,0.7
865,,0.2,0.15,0.15,0.55,0.2,0.15,0.15,0.55
866,,0.05,0.0,0.0,0.4,0.05,0.0,0.0,0.4
867,,-0.1,-0.15,-0.15,0.25,-0.1,-0.15,-0.15,0.25
868,3,0.15,0.171,0.85,0.571,0.15,0.029,0.0,0.429
869,3,0.4,0.492,1.0,0.892,0.4,0.208,0.15,0.608
870,,0.25,0.342,0.85,0.742,0.25,0.058,0.0,0.458
871,,0.1,0.192,0.7,0.592,0.1,-0.092,-0.15,0.308
872,7,0.35,0.371,0.85,0.771,0.35,0.229,0.85,0.629
873,7,0.6,0.55,1.0,0.95,0.6,0.55,1.0,0.95
874,,0.45,0.4,0.85,0.8,0.45,0.4,0.85,0.8
875,,0.3,0.25,0.7,0.65,0.3,0.25,0.7,0.65
876,,0.15,0.1,0.55,0.5,0.15,0.1,0.55,0.5
877,,0.0,-0.05,0.4,0.35,0.0,-0.05,0.4,0.35
878,6,0.179,0.1,0.579,0.6,0.321,0.95,0.721,0.6
879,6,0.358,0.25,0.758,0.85,0.642,1.0,1.0,0.85
880,,0.208,0.1,0.608,0.7,0.492,0.85,0.85,0.7
881,,0.058,-0.05,0.458,0.55,0.342,0.7,0.7,0.55
882,2,0.379,0.95,0.779,0.8,0.521,0.85,0.879,0.8
883,2,0.7,1.0,1.0,1.0,0.7,1.0,1.0,1.0
884,,0.55,0.85,0.85,0.85,0.55,0.85,0.85,0.85
885,,0.4,0.7,0.7,0.7,0.4,0.7,0.7,0.7
886,,0.25,0.55,0.55,0.55,0.25,0.55,0.55,0.55
