step,active_motive,motive_1,motive_2,motive_3,motive_4,motive_5,motive_6,motive_7,motive_8
0,,0.01589,0.04685,0.09443,0.01022,0.08542,0.0527,0.08259,0.02984
1,,-0.13411,-0.10315,-0.05557,-0.13978,-0.06458,-0.0973,-0.06741,-0.12016
2,4,0.04489,0.14685,0.26543,0.86022,0.25642,0.1527,0.11159,0.02984
3,4,0.22389,0.39685,0.58643,1.0,0.57742,0.4027,0.29059,0.17984
4,,0.07389,0.24685,0.43643,0.85,0.42742,0.2527,0.14059,0.02984
5,,-0.07611,0.09685,0.28643,0.7,0.27742,0.1027,-0.00941,-0.12016
6,8,0.24489,0.34685,0.46543,0.85,0.45642,0.3527,0.31159,0.87984
7,8,0.56589,0.59685,0.64443,1.0,0.63542,0.6027,0.63259,1.0
8,,0.41589,0.44685,0.49443,0.85,0.48542,0.4527,0.48259,0.85
9,,0.26589,0.29685,0.34443,0.7,0.33542,0.3027,0.33259,0.7
10,,0.11589,0.14685,0.19443,0.55,0.18542,0.1527,0.18259,0.55
11,,-0.03411,-0.00315,0.04443,0.4,0.03542,0.0027,0.03259,0.4
12,1,0.96589,0.31785,0.29443,0.579,0.18542,0.1817,0.28259,0.721
13,1,1.0,0.63885,0.54443,0.758,0.33542,0.3607,0.53259,1.0
14,,0.85,0.48885,0.39443,0.608,0.18542,0.2107,0.38259,0.85
15,,0.7,0.33885,0.24443,0.458,0.03542,0.0607,0.23259,0.7
16,,0.55,0.18885,0.09443,0.308,-0.11458,-0.0893,0.08259,0.55
17,5,0.7,0.36785,0.34443,0.629,0.88542,0.2317,0.33259,0.729
18,5,0.85,0.54685,0.59443,0.95,1.0,0.5527,0.58259,0.908
19,,0.7,0.39685,0.44443,0.8,0.85,0.4027,0.43259,0.758
20,,0.55,0.24685,0.29443,0.65,0.7,0.2527,0.28259,0.608
21,,0.4,0.09685,0.14443,0.5,0.55,0.1027,0.13259,0.458
22,,0.25,-0.05315,-0.00557,0.35,0.4,-0.0473,-0.01741,0.308
23,2,0.571,0.94685,0.31543,0.6,0.579,0.1027,0.16159,0.558
24,2,0.892,1.0,0.63643,0.85,0.758,0.2527,0.34059,0.808
25,,0.742,0.85,0.48643,0.7,0.608,0.1027,0.19059,0.658
26,,0.592,0.7,0.33643,0.55,0.458,-0.0473,0.04059,0.508
27,6,0.771,0.85,0.51543,0.8,0.779,0.9527,0.36159,0.758
28,6,0.95,1.0,0.69443,1.0,1.0,1.0,0.68259,1.0
29,,0.8,0.85,0.54443,0.85,0.85,0.85,0.53259,0.85
30,,0.65,0.7,0.39443,0.7,0.7,0.7,0.38259,0.7
31,,0.5,0.55,0.24443,0.55,0.55,0.55,0.23259,0.55
32,,0.35,0.4,0.09443,0.4,0.4,0.4,0.08259,0.4
33,,0.2,0.25,-0.05557,0.25,0.25,0.25,-0.06741,0.25
34,7,0.45,0.429,0.09443,0.429,0.5,0.571,0.93259,0.571
35,7,0.7,0.608,0.24443,0.608,0.75,0.892,1.0,0.892
36,,0.55,0.458,0.09443,0.458,0.6,0.742,0.85,0.742
37,,0.4,0.308,-0.05557,0.308,0.45,0.592,0.7,0.592
38,3,0.65,0.629,0.94443,0.629,0.7,0.771,0.85,0.771
39,3,0.9,0.95,1.0,0.95,0.95,0.95,1.0,0.95
40,,0.75,0.8,0.85,0.8,0.8,0.8,0.85,0.8
41,,0.6,0.65,0.7,0.65,0.65,0.65,0.7,0.65
42,,0.45,0.5,0.55,0.5,0.5,0.5,0.55,0.5
43,,0.3,0.35,0.4,0.35,0.35,0.35,0.4,0.35
44,,0.15,0.2,0.25,0.2,0.2,0.2,0.25,0.2
45,,0.0,0.05,0.1,0.05,0.05,0.05,0.1,0.05
46,,-0.15,-0.1,-0.05,-0.1,-0.1,-0.1,-0.05,-0.1
47,1,0.85,0.221,0.2,0.079,0.05,0.079,0.2,0.221
48,1,1.0,0.542,0.45,0.258,0.2,0.258,0.45,0.542
49,,0.85,0.392,0.3,0.108,0.05,0.108,0.3,0.392
50,,0.7,0.242,0.15,-0.042,-0.1,-0.042,0.15,0.242
51,5,0.85,0.421,0.4,0.279,0.9,0.279,0.4,0.421
52,5,1.0,0.6,0.65,0.6,1.0,0.6,0.65,0.6
53,,0.85,0.45,0.5,0.45,0.85,0.45,0.5,0.45
54,,0.7,0.3,0.35,0.3,0.7,0.3,0.35,0.3
55,,0.55,0.15,0.2,0.15,0.55,0.15,0.2,0.15
56,,0.4,0.0,0.05,0.0,0.4,0.0,0.05,0.0
57,,0.25,-0.15,-0.1,-0.15,0.25,-0.15,-0.1,-0.15
58,8,0.571,0.1,0.079,0.0,0.429,0.1,0.221,0.85
59,8,0.892,0.35,0.258,0.15,0.608,0.35,0.542,1.0
60,,0.742,0.2,0.108,0.0,0.458,0.2,0.392,0.85
61,,0.592,0.05,-0.042,-0.15,0.308,0.05,0.242,0.7
62,4,0.771,0.3,0.279,0.85,0.629,0.3,0.421,0.85
63,4,0.95,0.55,0.6,1.0,0.95,0.55,0.6,1.0
64,,0.8,0.4,0.45,0.85,0.8,0.4,0.45,0.85
65,,0.65,0.25,0.3,0.7,0.65,0.25,0.3,0.7
66,,0.5,0.1,0.15,0.55,0.5,0.1,0.15,0.55
67,,0.35,-0.05,0.0,0.4,0.35,-0.05,0.0,0.4
68,6,0.529,0.1,0.179,0.65,0.671,0.95,0.321,0.65
69,6,0.708,0.25,0.358,0.9,0.992,1.0,0.642,0.9
70,,0.558,0.1,0.208,0.75,0.842,0.85,0.492,0.75
71,,0.408,-0.05,0.058,0.6,0.692,0.7,0.342,0.6
72,2,0.729,0.95,0.379,0.85,0.871,0.85,0.521,0.85
73,2,1.0,1.0,0.7,1.0,1.0,1.0,0.7,1.0
74,,0.85,0.85,0.55,0.85,0.85,0.85,0.55,0.85
75,,0.7,0.7,0.4,0.7,0.7,0.7,0.4,0.7
76,,0.55,0.55,0.25,0.55,0.55,0.55,0.25,0.55
77,,0.4,0.4,0.1,0.4,0.4,0.4,0.1,0.4
78,,0.25,0.25,-0.05,0.25,0.25,0.25,-0.05,0.25
79,3,0.5,0.571,0.95,0.571,0.5,0.429,0.1,0.429
80,3,0.75,0.892,1.0,0.892,0.75,0.608,0.25,0.608
81,,0.6,0.742,0.85,0.742,0.6,0.458,0.1,0.458
82,,0.45,0.592,0.7,0.592,0.45,0.308,-0.05,0.308
83,7,0.7,0.771,0.85,0.771,0.7,0.629,0.95,0.629
84,7,0.95,0.95,1.0,0.95,0.95,0.95,1.0,0.95
85,,0.8,0.8,0.85,0.8,0.8,0.8,0.85,0.8
86,,0.65,0.65,0.7,0.65,0.65,0.65,0.7,0.65
87,,0.5,0.5,0.55,0.5,0.5,0.5,0.55,0.5
88,,0.35,0.35,0.4,0.35,0.35,0.35,0.4,0.35
89,,0.2,0.2,0.25,0.2,0.2,0.2,0.25,0.2
90,,0.05,0.05,0.1,0.05,0.05,0.05,0.1,0.05
91,,-0.1,-0.1,-0.05,-0.1,-0.1,-0.1,-0.05,-0.1
92,8,0.221,0.15,0.129,0.05,0.079,0.15,0.271,0.9
93,8,0.542,0.4,0.308,0.2,0.258,0.4,0.592,1.0
94,,0.392,0.25,0.158,0.05,0.108,0.25,0.442,0.85
95,,0.242,0.1,0.008,-0.1,-0.042,0.1,0.292,0.7
96,4,0.421,0.35,0.329,0.9,0.279,0.35,0.471,0.85
97,4,0.6,0.6,0.65,1.0,0.6,0.6,0.65,1.0
98,,0.45,0.45,0.5,0.85,0.45,0.45,0.5,0.85
99,,0.3,0.3,0.35,0.7,0.3,0.3,0.35,0.7
100,,0.15,0.15,0.2,0.55,0.15,0.15,0.2,0.55
101,,0.0,0.0,0.05,0.4,0.0,0.0,0.05,0.4
102,,-0.15,-0.15,-0.1,0.25,-0.15,-0.15,-0.1,0.25
103,6,0.029,0.0,0.079,0.5,0.171,0.85,0.221,0.5
104,6,0.208,0.15,0.258,0.75,0.492,1.0,0.542,0.75
105,,0.058,0.0,0.108,0.6,0.342,0.85,0.392,0.6
106,,-0.092,-0.15,-0.042,0.45,0.192,0.7,0.242,0.45
107,2,0.229,0.85,0.279,0.7,0.371,0.85,0.421,0.7
108,2,0.55,1.0,0.6,0.95,0.55,1.0,0.6,0.95
109,,0.4,0.85,0.45,0.8,0.4,0.85,0.45,0.8
110,,0.25,0.7,0.3,0.65,0.25,0.7,0.3,0.65
111,,0.1,0.55,0.15,0.5,0.1,0.55,0.15,0.5
112,,-0.05,0.4,0.0,0.35,-0.05,0.4,0.0,0.35
113,5,0.1,0.579,0.25,0.671,0.95,0.721,0.25,0.529
114,5,0.25,0.758,0.5,0.992,1.0,1.0,0.5,0.708
115,,0.1,0.608,0.35,0.842,0.85,0.85,0.35,0.558
116,,-0.05,0.458,0.2,0.692,0.7,0.7,0.2,0.408
117,1,0.95,0.779,0.45,0.871,0.85,0.879,0.45,0.729
118,1,1.0,1.0,0.7,1.0,1.0,1.0,0.7,1.0
119,,0.85,0.85,0.55,0.85,0.85,0.85,0.55,0.85
120,,0.7,0.7,0.4,0.7,0.7,0.7,0.4,0.7
121,,0.55,0.55,0.25,0.55,0.55,0.55,0.25,0.55
122,,0.4,0.4,0.1,0.4,0.4,0.4,0.1,0.4
123,,0.25,0.25,-0.05,0.25,0.25,0.25,-0.05,0.25
124,3,0.5,0.571,0.95,0.571,0.5,0.429,0.1,0.429
125,3,0.75,0.892,1.0,0.892,0.75,0.608,0.25,0.608
126,,0.6,0.742,0.85,0.742,0.6,0.458,0.1,0.458
127,,0.45,0.592,0.7,0.592,0.45,0.308,-0.05,0.308
128,7,0.7,0.771,0.85,0.771,0.7,0.629,0.95,0.629
129,7,0.95,0.95,1.0,0.95,0.95,0.95,1.0,0.95
130,,0.8,0.8,0.85,0.8,0.8,0.8,0.85,0.8
131,,0.65,0.65,0.7,0.65,0.65,0.65,0.7,0.65
132,,0.5,0.5,0.55,0.5,0.5,0.5,0.55,0.5
133,,0.35,0.35,0.4,0.35,0.35,0.35,0.4,0.35
134,,0.2,0.2,0.25,0.2,0.2,0.2,0.25,0.2
135,,0.05,0.05,0.1,0.05,0.05,0.05,0.1,0.05
136,,-0.1,-0.1,-0.05,-0.1,-0.1,-0.1,-0.05,-0.1
137,4,0.079,0.15,0.271,0.9,0.221,0.15,0.129,0.05
138,4,0.258,0.4,0.592,1.0,0.542,0.4,0.308,0.2
139,,0.108,0.25,0.442,0.85,0.392,0.25,0.158,0.05
140,,-0.042,0.1,0.292,0.7,0.242,0.1,0.008,-0.1
141,8,0.279,0.35,0.471,0.85,0.421,0.35,0.329,0.9
142,8,0.6,0.6,0.65,1.0,0.6,0.6,0.65,1.0
143,,0.45,0.45,0.5,0.85,0.45,0.45,0.5,0.85
144,,0.3,0.3,0.35,0.7,0.3,0.3,0.35,0.7
145,,0.15,0.15,0.2,0.55,0.15,0.15,0.2,0.55
146,,0.0,0.0,0.05,0.4,0.0,0.0,0.05,0.4
147,,-0.15,-0.15,-0.1,0.25,-0.15,-0.15,-0.1,0.25
148,5,0.0,0.029,0.15,0.571,0.85,0.171,0.15,0.429
149,5,0.15,0.208,0.4,0.892,1.0,0.492,0.4,0.608
150,,0.0,0.058,0.25,0.742,0.85,0.342,0.25,0.458
151,,-0.15,-0.092,0.1,0.592,0.7,0.192,0.1,0.308
152,1,0.85,0.229,0.35,0.771,0.85,0.371,0.35,0.629
153,1,1.0,0.55,0.6,0.95,1.0,0.55,0.6,0.95
154,,0.85,0.4,0.45,0.8,0.85,0.4,0.45,0.8
155,,0.7,0.25,0.3,0.65,0.7,0.25,0.3,0.65
156,,0.55,0.1,0.15,0.5,0.55,0.1,0.15,0.5
157,,0.4,-0.05,0.0,0.35,0.4,-0.05,0.0,0.35
158,2,0.721,0.95,0.321,0.6,0.579,0.1,0.179,0.6
159,2,1.0,1.0,0.642,0.85,0.758,0.25,0.358,0.85
160,,0.85,0.85,0.492,0.7,0.608,0.1,0.208,0.7
161,,0.7,0.7,0.342,0.55,0.458,-0.05,0.058,0.55
162,6,0.879,0.85,0.521,0.8,0.779,0.95,0.379,0.8
163,6,1.0,1.0,0.7,1.0,1.0,1.0,0.7,1.0
164,,0.85,0.85,0.55,0.85,0.85,0.85,0.55,0.85
165,,0.7,0.7,0.4,0.7,0.7,0.7,0.4,0.7
166,,0.55,0.55,0.25,0.55,0.55,0.55,0.25,0.55
167,,0.4,0.4,0.1,0.4,0.4,0.4,0.1,0.4
168,,0.25,0.25,-0.05,0.25,0.25,0.25,-0.05,0.25
169,7,0.5,0.429,0.1,0.429,0.5,0.571,0.95,0.571
170,7,0.75,0.608,0.25,0.608,0.75,0.892,1.0,0.892
171,,0.6,0.458,0.1,0.458,0.6,0.742,0.85,0.742
172,,0.45,0.308,-0.05,0.308,0.45,0.592,0.7,0.592
173,3,0.7,0.629,0.95,0.629,0.7,0.771,0.85,0.771
174,3,0.95,0.95,1.0,0.95,0.95,0.95,1.0,0.95
175,,0.8,0.8,0.85,0.8,0.8,0.8,0.85,0.8
176,,0.65,0.65,0.7,0.65,0.65,0.65,0.7,0.65
177,,0.5,0.5,0.55,0.5,0.5,0.5,0.55,0.5
178,,0.35,0.35,0.4,0.35,0.35,0.35,0.4,0.35
179,,0.2,0.2,0.25,0.2,0.2,0.2,0.25,0.2
180,,0.05,0.05,0.1,0.05,0.05,0.05,0.1,0.05
181,,-0.1,-0.1,-0.05,-0.1,-0.1,-0.1,-0.05,-0.1
182,5,0.05,0.079,0.2,0.221,0.9,0.221,0.2,0.079
183,5,0.2,0.258,0.45,0.542,1.0,0.542,0.45,0.258
184,,0.05,0.108,0.3,0.392,0.85,0.392,0.3,0.108
185,,-0.1,-0.042,0.15,0.242,0.7,0.242,0.15,-0.042
186,1,0.9,0.279,0.4,0.421,0.85,0.421,0.4,0.279
187,1,1.0,0.6,0.65,0.6,1.0,0.6,0.65,0.6
188,,0.85,0.45,0.5,0.45,0.85,0.45,0.5,0.45
189,,0.7,0.3,0.35,0.3,0.7,0.3,0.35,0.3
190,,0.55,0.15,0.2,0.15,0.55,0.15,0.2,0.15
191,,0.4,0.0,0.05,0.0,0.4,0.0,0.05,0.0
192,,0.25,-0.15,-0.1,-0.15,0.25,-0.15,-0.1,-0.15
193,8,0.571,0.1,0.079,0.0,0.429,0.1,0.221,0.85
194,8,0.892,0.35,0.258,0.15,0.608,0.35,0.542,1.0
195,,0.742,0.2,0.108,0.0,0.458,0.2,0.392,0.85
196,,0.592,0.05,-0.042,-0.15,0.308,0.05,0.242,0.7
197,4,0.771,0.3,0.279,0.85,0.629,0.3,0.421,0.85
198,4,0.95,0.55,0.6,1.0,0.95,0.55,0.6,1.0
199,,0.8,0.4,0.45,0.85,0.8,0.4,0.45,0.85
200,,0.65,0.25,0.3,0.7,0.65,0.25,0.3,0.7
201,,0.5,0.1,0.15,0.55,0.5,0.1,0.15,0.55
202,,0.35,-0.05,0.0,0.4,0.35,-0.05,0.0,0.4
203,6,0.529,0.1,0.179,0.65,0.671,0.95,0.321,0.65
204,6,0.708,0.25,0.358,0.9,0.992,1.0,0.642,0.9
205,,0.558,0.1,0.208,0.75,0.842,0.85,0.492,0.75
206,,0.408,-0.05,0.058,0.6,0.692,0.7,0.342,0.6
207,2,0.729,0.95,0.379,0.85,0.871,0.85,0.521,0.85
208,2,1.0,1.0,0.7,1.0,1.0,1.0,0.7,1.0
209,,0.85,0.85,0.55,0.85,0.85,0.85,0.55,0.85
210,,0.7,0.7,0.4,0.7,0.7,0.7,0.4,0.7
211,,0.55,0.55,0.25,0.55,0.55,0.55,0.25,0.55
212,,0.4,0.4,0.1,0.4,0.4,0.4,0.1,0.4
213,,0.25,0.25,-0.05,0.25,0.25,0.25,-0.05,0.25
214,3,0.5,0.571,0.95,0.571,0.5,0.429,0.1,0.429
215,3,0.75,0.892,1.0,0.892,0.75,0.608,0.25,0.608
216,,0.6,0.742,0.85,0.742,0.6,0.458,0.1,0.458
217,,0.45,0.592,0.7,0.592,0.45,0.308,-0.05,0.308
218,7,0.7,0.771,0.85,0.771,0.7,0.629,0.95,0.629
219,7,0.95,0.95,1.0,0.95,0.95,0.95,1.0,0.95
220,,0.8,0.8,0.85,0.8,0.8,0.8,0.85,0.8
221,,0.65,0.65,0.7,0.65,0.65,0.65,0.7,0.65
222,,0.5,0.5,0.55,0.5,0.5,0.5,0.55,0.5
223,,0.35,0.35,0.4,0.35,0.35,0.35,0.4,0.35
224,,0.2,0.2,0.25,0.2,0.2,0.2,0.25,0.2
225,,0.05,0.05,0.1,0.05,0.05,0.05,0.1,0.05
226,,-0.1,-0.1,-0.05,-0.1,-0.1,-0.1,-0.05,-0.1
227,6,0.079,0.05,0.129,0.15,0.221,0.9,0.271,0.15
228,6,0.258,0.2,0.308,0.4,0.542,1.0,0.592,0.4
229,,0.108,0.05,0.158,0.25,0.392,0.85,0.442,0.25
230,,-0.042,-0.1,0.008,0.1,0.242,0.7,0.292,0.1
231,2,0.279,0.9,0.329,0.35,0.421,0.85,0.471,0.35
232,2,0.6,1.0,0.65,0.6,0.6,1.0,0.65,0.6
233,,0.45,0.85,0.5,0.45,0.45,0.85,0.5,0.45
234,,0.3,0.7,0.35,0.3,0.3,0.7,0.35,0.3
235,,0.15,0.55,0.2,0.15,0.15,0.55,0.2,0.15
236,,0.0,0.4,0.05,0.0,0.0,0.4,0.05,0.0
237,,-0.15,0.25,-0.1,-0.15,-0.15,0.25,-0.1,-0.15
238,5,0.0,0.429,0.15,0.171,0.85,0.571,0.15,0.029
239,5,0.15,0.608,0.4,0.492,1.0,0.892,0.4,0.208
240,,0.0,0.458,0.25,0.342,0.85,0.742,0.25,0.058
241,,-0.15,0.308,0.1,0.192,0.7,0.592,0.1,-0.092
242,1,0.85,0.629,0.35,0.371,0.85,0.771,0.35,0.229
243,1,1.0,0.95,0.6,0.55,1.0,0.95,0.6,0.55
244,,0.85,0.8,0.45,0.4,0.85,0.8,0.45,0.4
245,,0.7,0.65,0.3,0.25,0.7,0.65,0.3,0.25
246,,0.55,0.5,0.15,0.1,0.55,0.5,0.15,0.1
247,,0.4,0.35,0.0,-0.05,0.4,0.35,0.0,-0.05
248,8,0.721,0.6,0.179,0.1,0.579,0.6,0.321,0.95
249,8,1.0,0.85,0.358,0.25,0.758,0.85,0.642,1.0
250,,0.85,0.7,0.208,0.1,0.608,0.7,0.492,0.85
251,,0.7,0.55,0.058,-0.05,0.458,0.55,0.342,0.7
252,4,0.879,0.8,0.379,0.95,0.779,0.8,0.521,0.85
253,4,1.0,1.0,0.7,1.0,1.0,1.0,0.7,1.0
254,,0.85,0.85,0.55,0.85,0.85,0.85,0.55,0.85
255,,0.7,0.7,0.4,0.7,0.7,0.7,0.4,0.7
256,,0.55,0.55,0.25,0.55,0.55,0.55,0.25,0.55
257,,0.4,0.4,0.1,0.4,0.4,0.4,0.1,0.4
258,,0.25,0.25,-0.05,0.25,0.25,0.25,-0.05,0.25
259,3,0.5,0.571,0.95,0.571,0.5,0.429,0.1,0.429
260,3,0.75,0.892,1.0,0.892,0.75,0.608,0.25,0.608
261,,0.6,0.742,0.85,0.742,0.6,0.458,0.1,0.458
262,,0.45,0.592,0.7,0.592,0.45,0.308,-0.05,0.308
263,7,0.7,0.771,0.85,0.771,0.7,0.629,0.95,0.629
264,7,0.95,0.95,1.0,0.95,0.95,0.95,1.0,0.95
265,,0.8,0.8,0.85,0.8,0.8,0.8,0.85,0.8
266,,0.65,0.65,0.7,0.65,0.65,0.65,0.7,0.65
267,,0.5,0.5,0.55,0.5,0.5,0.5,0.55,0.5
268,,0.35,0.35,0.4,0.35,0.35,0.35,0.4,0.35
269,,0.2,0.2,0.25,0.2,0.2,0.2,0.25,0.2
270,,0.05,0.05,0.1,0.05,0.05,0.05,0.1,0.05
271,,-0.1,-0.1,-0.05,-0.1,-0.1,-0.1,-0.05,-0.1
272,4,0.079,0.15,0.271,0.9,0.221,0.15,0.129,0.05
273,4,0.258,0.4,0.592,1.0,0.542,0.4,0.308,0.2
274,,0.108,0.25,0.442,0.85,0.392,0.25,0.158,0.05
275,,-0.042,0.1,0.292,0.7,0.242,0.1,0.008,-0.1
276,8,0.279,0.35,0.471,0.85,0.421,0.35,0.329,0.9
277,8,0.6,0.6,0.65,1.0,0.6,0.6,0.65,1.0
278,,0.45,0.45,0.5,0.85,0.45,0.45,0.5,0.85
279,,0.3,0.3,0.35,0.7,0.3,0.3,0.35,0.7
280,,0.15,0.15,0.2,0.55,0.15,0.15,0.2,0.55
281,,0.0,0.0,0.05,0.4,0.0,0.0,0.05,0.4
282,,-0.15,-0.15,-0.1,0.25,-0.15,-0.15,-0.1,0.25
283,6,0.029,0.0,0.079,0.5,0.171,0.85,0.221,0.5
284,6,0.208,0.15,0.258,0.75,0.492,1.0,0.542,0.75
285,,0.058,0.0,0.108,0.6,0.342,0.85,0.392,0.6
286,,-0.092,-0.15,-0.042,0.45,0.192,0.7,0.242,0.45
287,2,0.229,0.85,0.279,0.7,0.371,0.85,0.421,0.7
288,2,0.55,1.0,0.6,0.95,0.55,1.0,0.6,0.95
289,,0.4,0.85,0.45,0.8,0.4,0.85,0.45,0.8
290,,0.25,0.7,0.3,0.65,0.25,0.7,0.3,0.65
291,,0.1,0.55,0.15,0.5,0.1,0.55,0.15,0.5
292,,-0.05,0.4,0.0,0.35,-0.05,0.4,0.0,0.35
293,5,0.1,0.579,0.25,0.671,0.95,0.721,0.25,0.529
294,5,0.25,0.758,0.5,0.992,1.0,1.0,0.5,0.708
295,,0.1,0.608,0.35,0.842,0.85,0.85,0.35,0.558
296,,-0.05,0.458,0.2,0.692,0.7,0.7,0.2,0.408
297,1,0.95,0.779,0.45,0.871,0.85,0.879,0.45,0.729
298,1,1.0,1.0,0.7,1.0,1.0,1.0,0.7,1.0
299,,0.85,0.85,0.55,0.85,0.85,0.85,0.55,0.85
300,,0.7,0.7,0.4,0.7,0.7,0.7,0.4,0.7
301,,0.55,0.55,0.25,0.55,0.55,0.55,0.25,0.55
302,,0.4,0.4,0.1,0.4,0.4,0.4,0.1,0.4
303,,0.25,0.25,-0.05,0.25,0.25,0.25,-0.05,0.25
304,3,0.5,0.571,0.95,0.571,0.5,0.429,0.1,0.429
305,3,0.75,0.892,1.0,0.892,0.75,0.608,0.25,0.608
306,,0.6,0.742,0.85,0.742,0.6,0.458,0.1,0.458
307,,0.45,0.592,0.7,0.592,0.45,0.308,-0.05,0.308
308,7,0.7,0.771,0.85,0.771,0.7,0.629,0.95,0.629
309,7,0.95,0.95,1.0,0.95,0.95,0.95,1.0,0.95
310,,0.8,0.8,0.85,0.8,0.8,0.8,0.85,0.8
311,,0.65,0.65,0.7,0.65,0.65,0.65,0.7,0.65
312,,0.5,0.5,0.55,0.5,0.5,0.5,0.55,0.5
313,,0.35,0.35,0.4,0.35,0.35,0.35,0.4,0.35
314,,0.2,0.2,0.25,0.2,0.2,0.2,0.25,0.2
315,,0.05,0.05,0.1,0.05,0.05,0.05,0.1,0.05
316,,-0.1,-0.1,-0.05,-0.1,-0.1,-0.1,-0.05,-0.1
317,1,0.9,0.221,0.2,0.079,0.05,0.079,0.2,0.221
318,1,1.0,0.542,0.45,0.258,0.2,0.258,0.45,0.542
319,,0.85,0.392,0.3,0.108,0.05,0.108,0.3,0.392
320,,0.7,0.242,0.15,-0.042,-0.1,-0.042,0.15,0.242
321,5,0.85,0.421,0.4,0.279,0.9,0.279,0.4,0.421
322,5,1.0,0.6,0.65,0.6,1.0,0.6,0.65,0.6
323,,0.85,0.45,0.5,0.45,0.85,0.45,0.5,0.45
324,,0.7,0.3,0.35,0.3,0.7,0.3,0.35,0.3
325,,0.55,0.15,0.2,0.15,0.55,0.15,0.2,0.15
326,,0.4,0.0,0.05,0.0,0.4,0.0,0.05,0.0
327,,0.25,-0.15,-0.1,-0.15,0.25,-0.15,-0.1,-0.15
328,2,0.571,0.85,0.221,0.1,0.429,0.0,0.079,0.1
329,2,0.892,1.0,0.542,0.35,0.608,0.15,0.258,0.35
330,,0.742,0.85,0.392,0.2,0.458,0.0,0.108,0.2
331,,0.592,0.7,0.242,0.05,0.308,-0.15,-0.042,0.05
332,6,0.771,0.85,0.421,0.3,0.629,0.85,0.279,0.3
333,6,0.95,1.0,0.6,0.55,0.95,1.0,0.6,0.55
334,,0.8,0.85,0.45,0.4,0.8,0.85,0.45,0.4
335,,0.65,0.7,0.3,0.25,0.65,0.7,0.3,0.25
336,,0.5,0.55,0.15,0.1,0.5,0.55,0.15,0.1
337,,0.35,0.4,0.0,-0.05,0.35,0.4,0.0,-0.05
338,4,0.529,0.65,0.321,0.95,0.671,0.65,0.179,0.1
339,4,0.708,0.9,0.642,1.0,0.992,0.9,0.358,0.25
340,,0.558,0.75,0.492,0.85,0.842,0.75,0.208,0.1
341,,0.408,0.6,0.342,0.7,0.692,0.6,0.058,-0.05
342,8,0.729,0.85,0.521,0.85,0.871,0.85,0.379,0.95
343,8,1.0,1.0,0.7,1.0,1.0,1.0,0.7,1.0
344,,0.85,0.85,0.55,0.85,0.85,0.85,0.55,0.85
345,,0.7,0.7,0.4,0.7,0.7,0.7,0.4,0.7
346,,0.55,0.55,0.25,0.55,0.55,0.55,0.25,0.55
347,,0.4,0.4,0.1,0.4,0.4,0.4,0.1,0.4
348,,0.25,0.25,-0.05,0.25,0.25,0.25,-0.05,0.25
349,3,0.5,0.571,0.95,0.571,0.5,0.429,0.1,0.429
350,3,0.75,0.892,1.0,0.892,0.75,0.608,0.25,0.608
351,,0.6,0.742,0.85,0.742,0.6,0.458,0.1,0.458
352,,0.45,0.592,0.7,0.592,0.45,0.308,-0.05,0.308
353,7,0.7,0.771,0.85,0.771,0.7,0.629,0.95,0.629
354,7,0.95,0.95,1.0,0.95,0.95,0.95,1.0,0.95
355,,0.8,0.8,0.85,0.8,0.8,0.8,0.85,0.8
356,,0.65,0.65,0.7,0.65,0.65,0.65,0.7,0.65
357,,0.5,0.5,0.55,0.5,0.5,0.5,0.55,0.5
358,,0.35,0.35,0.4,0.35,0.35,0.35,0.4,0.35
359,,0.2,0.2,0.25,0.2,0.2,0.2,0.25,0.2
360,,0.05,0.05,0.1,0.05,0.05,0.05,0.1,0.05
361,,-0.1,-0.1,-0.05,-0.1,-0.1,-0.1,-0.05,-0.1
362,1,0.9,0.221,0.2,0.079,0.05,0.079,0.2,0.221
363,1,1.0,0.542,0.45,0.258,0.2,0.258,0.45,0.542
364,,0.85,0.392,0.3,0.108,0.05,0.108,0.3,0.392
365,,0.7,0.242,0.15,-0.042,-0.1,-0.042,0.15,0.242
366,5,0.85,0.421,0.4,0.279,0.9,0.279,0.4,0.421
367,5,1.0,0.6,0.65,0.6,1.0,0.6,0.65,0.6
368,,0.85,0.45,0.5,0.45,0.85,0.45,0.5,0.45
369,,0.7,0.3,0.35,0.3,0.7,0.3,0.35,0.3
370,,0.55,0.15,0.2,0.15,0.55,0.15,0.2,0.15
371,,0.4,0.0,0.05,0.0,0.4,0.0,0.05,0.0
372,,0.25,-0.15,-0.1,-0.15,0.25,-0.15,-0.1,-0.15
373,4,0.429,0.1,0.221,0.85,0.571,0.1,0.079,0.0
374,4,0.608,0.35,0.542,1.0,0.892,0.35,0.258,0.15
375,,0.458,0.2,0.392,0.85,0.742,0.2,0.108,0.0
376,,0.308,0.05,0.242,0.7,0.592,0.05,-0.042,-0.15
377,8,0.629,0.3,0.421,0.85,0.771,0.3,0.279,0.85
378,8,0.95,0.55,0.6,1.0,0.95,0.55,0.6,1.0
379,,0.8,0.4,0.45,0.85,0.8,0.4,0.45,0.85
380,,0.65,0.25,0.3,0.7,0.65,0.25,0.3,0.7
381,,0.5,0.1,0.15,0.55,0.5,0.1,0.15,0.55
382,,0.35,-0.05,0.0,0.4,0.35,-0.05,0.0,0.4
383,6,0.529,0.1,0.179,0.65,0.671,0.95,0.321,0.65
384,6,0.708,0.25,0.358,0.9,0.992,1.0,0.642,0.9
385,,0.558,0.1,0.208,0.75,0.842,0.85,0.492,0.75
386,,0.408,-0.05,0.058,0.6,0.692,0.7,0.342,0.6
387,2,0.729,0.95,0.379,0.85,0.871,0.85,0.521,0.85
388,2,1.0,1.0,0.7,1.0,1.0,1.0,0.7,1.0
389,,0.85,0.85,0.55,0.85,0.85,0.85,0.55,0.85
390,,0.7,0.7,0.4,0.7,0.7,0.7,0.4,0.7
391,,0.55,0.55,0.25,0.55,0.55,0.55,0.25,0.55
392,,0.4,0.4,0.1,0.4,0.4,0.4,0.1,0.4
393,,0.25,0.25,-0.05,0.25,0.25,0.25,-0.05,0.25
394,7,0.5,0.429,0.1,0.429,0.5,0.571,0.95,0.571
395,7,0.75,0.608,0.25,0.608,0.75,0.892,1.0,0.892
396,,0.6,0.458,0.1,0.458,0.6,0.742,0.85,0.742
397,,0.45,0.308,-0.05,0.308,0.45,0.592,0.7,0.592
398,3,0.7,0.629,0.95,0.629,0.7,0.771,0.85,0.771
399,3,0.95,0.95,1.0,0.95,0.95,0.95,1.0,0.95
400,,0.8,0.8,0.85,0.8,0.8,0.8,0.85,0.8
401,,0.65,0.65,0.7,0.65,0.65,0.65,0.7,0.65
402,,0.5,0.5,0.55,0.5,0.5,0.5,0.55,0.5
403,,0.35,0.35,0.4,0.35,0.35,0.35,0.4,0.35
404,,0.2,0.2,0.25,0.2,0.2,0.2,0.25,0.2
405,,0.05,0.05,0.1,0.05,0.05,0.05,0.1,0.05
406,,-0.1,-0.1,-0.05,-0.1,-0.1,-0.1,-0.05,-0.1
407,2,0.221,0.9,0.271,0.15,0.079,0.05,0.129,0.15
408,2,0.542,1.0,0.592,0.4,0.258,0.2,0.308,0.4
409,,0.392,0.85,0.442,0.25,0.108,0.05,0.158,0.25
410,,0.242,0.7,0.292,0.1,-0.042,-0.1,0.008,0.1
411,6,0.421,0.85,0.471,0.35,0.279,0.9,0.329,0.35
412,6,0.6,1.0,0.65,0.6,0.6,1.0,0.65,0.6
413,,0.45,0.85,0.5,0.45,0.45,0.85,0.5,0.45
414,,0.3,0.7,0.35,0.3,0.3,0.7,0.35,0.3
415,,0.15,0.55,0.2,0.15,0.15,0.55,0.2,0.15
416,,0.0,0.4,0.05,0.0,0.0,0.4,0.05,0.0
417,,-0.15,0.25,-0.1,-0.15,-0.15,0.25,-0.1,-0.15
418,1,0.85,0.571,0.15,0.029,0.0,0.429,0.15,0.171
419,1,1.0,0.892,0.4,0.208,0.15,0.608,0.4,0.492
420,,0.85,0.742,0.25,0.058,0.0,0.458,0.25,0.342
421,,0.7,0.592,0.1,-0.092,-0.15,0.308,0.1,0.192
422,5,0.85,0.771,0.35,0.229,0.85,0.629,0.35,0.371
423,5,1.0,0.95,0.6,0.55,1.0,0.95,0.6,0.55
424,,0.85,0.8,0.45,0.4,0.85,0.8,0.45,0.4
425,,0.7,0.65,0.3,0.25,0.7,0.65,0.3,0.25
426,,0.55,0.5,0.15,0.1,0.55,0.5,0.15,0.1
427,,0.4,0.35,0.0,-0.05,0.4,0.35,0.0,-0.05
428,4,0.579,0.6,0.321,0.95,0.721,0.6,0.179,0.1
429,4,0.758,0.85,0.642,1.0,1.0,0.85,0.358,0.25
430,,0.608,0.7,0.492,0.85,0.85,0.7,0.208,0.1
431,,0.458,0.55,0.342,0.7,0.7,0.55,0.058,-0.05
432,8,0.779,0.8,0.521,0.85,0.879,0.8,0.379,0.95
433,8,1.0,1.0,0.7,1.0,1.0,1.0,0.7,1.0
434,,0.85,0.85,0.55,0.85,0.85,0.85,0.55,0.85
435,,0.7,0.7,0.4,0.7,0.7,0.7,0.4,0.7
436,,0.55,0.55,0.25,0.55,0.55,0.55,0.25,0.55
437,,0.4,0.4,0.1,0.4,0.4,0.4,0.1,0.4
438,,0.25,0.25,-0.05,0.25,0.25,0.25,-0.05,0.25
439,7,0.5,0.429,0.1,0.429,0.5,0.571,0.95,0.571
440,7,0.75,0.608,0.25,0.608,0.75,0.892,1.0,0.892
441,,0.6,0.458,0.1,0.458,0.6,0.742,0.85,0.742
442,,0.45,0.308,-0.05,0.308,0.45,0.592,0.7,0.592
443,3,0.7,0.629,0.95,0.629,0.7,0.771,0.85,0.771
444,3,0.95,0.95,1.0,0.95,0.95,0.95,1.0,0.95
445,,0.8,0.8,0.85,0.8,0.8,0.8,0.85,0.8
446,,0.65,0.65,0.7,0.65,0.65,0.65,0.7,0.65
447,,0.5,0.5,0.55,0.5,0.5,0.5,0.55,0.5
448,,0.35,0.35,0.4,0.35,0.35,0.35,0.4,0.35
449,,0.2,0.2,0.25,0.2,0.2,0.2,0.25,0.2
450,,0.05,0.05,0.1,0.05,0.05,0.05,0.1,0.05
451,,-0.1,-0.1,-0.05,-0.1,-0.1,-0.1,-0.05,-0.1
452,1,0.9,0.221,0.2,0.079,0.05,0.079,0.2,0.221
453,1,1.0,0.542,0.45,0.258,0.2,0.258,0.45,0.542
454,,0.85,0.392,0.3,0.108,0.05,0.108,0.3,0.392
455,,0.7,0.242,0.15,-0.042,-0.1,-0.042,0.15,0.242
456,5,0.85,0.421,0.4,0.279,0.9,0.279,0.4,0.421
457,5,1.0,0.6,0.65,0.6,1.0,0.6,0.65,0.6
458,,0.85,0.45,0.5,0.45,0.85,0.45,0.5,0.45
459,,0.7,0.3,0.35,0.3,0.7,0.3,0.35,0.3
460,,0.55,0.15,0.2,0.15,0.55,0.15,0.2,0.15
461,,0.4,0.0,0.05,0.0,0.4,0.0,0.05,0.0
462,,0.25,-0.15,-0.1,-0.15,0.25,-0.15,-0.1,-0.15
463,2,0.571,0.85,0.221,0.1,0.429,0.0,0.079,0.1
464,2,0.892,1.0,0.542,0.35,0.608,0.15,0.258,0.35
465,,0.742,0.85,0.392,0.2,0.458,0.0,0.108,0.2
466,,0.592,0.7,0.242,0.05,0.308,-0.15,-0.042,0.05
467,6,0.771,0.85,0.421,0.3,0.629,0.85,0.279,0.3
468,6,0.95,1.0,0.6,0.55,0.95,1.0,0.6,0.55
469,,0.8,0.85,0.45,0.4,0.8,0.85,0.45,0.4
470,,0.65,0.7,0.3,0.25,0.65,0.7,0.3,0.25
471,,0.5,0.55,0.15,0.1,0.5,0.55,0.15,0.1
472,,0.35,0.4,0.0,-0.05,0.35,0.4,0.0,-0.05
473,8,0.671,0.65,0.179,0.1,0.529,0.65,0.321,0.95
474,8,0.992,0.9,0.358,0.25,0.708,0.9,0.642,1.0
475,,0.842,0.75,0.208,0.1,0.558,0.75,0.492,0.85
476,,0.692,0.6,0.058,-0.05,0.408,0.6,0.342,0.7
477,4,0.871,0.85,0.379,0.95,0.729,0.85,0.521,0.85
478,4,1.0,1.0,0.7,1.0,1.0,1.0,0.7,1.0
479,,0.85,0.85,0.55,0.85,0.85,0.85,0.55,0.85
480,,0.7,0.7,0.4,0.7,0.7,0.7,0.4,0.7
481,,0.55,0.55,0.25,0.55,0.55,0.55,0.25,0.55
482,,0.4,0.4,0.1,0.4,0.4,0.4,0.1,0.4
483,,0.25,0.25,-0.05,0.25,0.25,0.25,-0.05,0.25
484,7,0.5,0.429,0.1,0.429,0.5,0.571,0.95,0.571
485,7,0.75,0.608,0.25,0.608,0.75,0.892,1.0,0.892
486,,0.6,0.458,0.1,0.458,0.6,0.742,0.85,0.742
487,,0.45,0.308,-0.05,0.308,0.45,0.592,0.7,0.592
488,3,0.7,0.629,0.95,0.629,0.7,0.771,0.85,0.771
489,3,0.95,0.95,1.0,0.95,0.95,0.95,1.0,0.95
490,,0.8,0.8,0.85,0.8,0.8,0.8,0.85,0.8
491,,0.65,0.65,0.7,0.65,0.65,0.65,0.7,0.65
492,,0.5,0.5,0.55,0.5,0.5,0.5,0.55,0.5
493,,0.35,0.35,0.4,0.35,0.35,0.35,0.4,0.35
494,,0.2,0.2,0.25,0.2,0.2,0.2,0.25,0.2
495,,0.05,0.05,0.1,0.05,0.05,0.05,0.1,0.05
496,,-0.1,-0.1,-0.05,-0.1,-0.1,-0.1,-0.05,-0.1
497,2,0.221,0.9,0.271,0.15,0.079,0.05,0.129,0.15
498,2,0.542,1.0,0.592,0.4,0.258,0.2,0.308,0.4
499,,0.392,0.85,0.442,0.25,0.108,0.05,0.158,0.25
500,,0.242,0.7,0.292,0.1,-0.042,-0.1,0.008,0.1
501,6,0.421,0.85,0.471,0.35,0.279,0.9,0.329,0.35
502,6,0.6,1.0,0.65,0.6,0.6,1.0,0.65,0.6
503,,0.45,0.85,0.5,0.45,0.45,0.85,0.5,0.45
504,,0.3,0.7,0.35,0.3,0.3,0.7,0.35,0.3
505,,0.15,0.55,0.2,0.15,0.15,0.55,0.2,0.15
506,,0.0,0.4,0.05,0.0,0.0,0.4,0.05,0.0
507,,-0.15,0.25,-0.1,-0.15,-0.15,0.25,-0.1,-0.15
508,5,0.0,0.429,0.15,0.171,0.85,0.571,0.15,0.029
509,5,0.15,0.608,0.4,0.492,1.0,0.892,0.4,0.208
510,,0.0,0.458,0.25,0.342,0.85,0.742,0.25,0.058
511,,-0.15,0.308,0.1,0.192,0.7,0.592,0.1,-0.092
512,1,0.85,0.629,0.35,0.371,0.85,0.771,0.35,0.229
513,1,1.0,0.95,0.6,0.55,1.0,0.95,0.6,0.55
514,,0.85,0.8,0.45,0.4,0.85,0.8,0.45,0.4
515,,0.7,0.65,0.3,0.25,0.7,0.65,0.3,0.25
516,,0.55,0.5,0.15,0.1,0.55,0.5,0.15,0.1
517,,0.4,0.35,0.0,-0.05,0.4,0.35,0.0,-0.05
518,8,0.721,0.6,0.179,0.1,0.579,0.6,0.321,0.95
519,8,1.0,0.85,0.358,0.25,0.758,0.85,0.642,1.0
520,,0.85,0.7,0.208,0.1,0.608,0.7,0.492,0.85
521,,0.7,0.55,0.058,-0.05,0.458,0.55,0.342,0.7
522,4,0.879,0.8,0.379,0.95,0.779,0.8,0.521,0.85
523,4,1.0,1.0,0.7,1.0,1.0,1.0,0.7,1.0
524,,0.85,0.85,0.55,0.85,0.85,0.85,0.55,0.85
525,,0.7,0.7,0.4,0.7,0.7,0.7,0.4,0.7
526,,0.55,0.55,0.25,0.55,0.55,0.55,0.25,0.55
527,,0.4,0.4,0.1,0.4,0.4,0.4,0.1,0.4
528,,0.25,0.25,-0.05,0.25,0.25,0.25,-0.05,0.25
529,7,0.5,0.429,0.1,0.429,0.5,0.571,0.95,0.571
530,7,0.75,0.608,0.25,0.608,0.75,0.892,1.0,0.892
531,,0.6,0.458,0.1,0.458,0.6,0.742,0.85,0.742
532,,0.45,0.308,-0.05,0.308,0.45,0.592,0.7,0.592
533,3,0.7,0.629,0.95,0.629,0.7,0.771,0.85,0.771
534,3,0.95,0.95,1.0,0.95,0.95,0.95,1.0,0.95
535,,0.8,0.8,0.85,0.8,0.8,0.8,0.85,0.8
536,,0.65,0.65,0.7,0.65,0.65,0.65,0.7,0.65
537,,0.5,0.5,0.55,0.5,0.5,0.5,0.55,0.5
538,,0.35,0.35,0.4,0.35,0.35,0.35,0.4,0.35
539,,0.2,0.2,0.25,0.2,0.2,0.2,0.25,0.2
540,,0.05,0.05,0.1,0.05,0.05,0.05,0.1,0.05
541,,-0.1,-0.1,-0.05,-0.1,-0.1,-0.1,-0.05,-0.1
542,4,0.079,0.15,0.271,0.9,0.221,0.15,0.129,0.05
543,4,0.258,0.4,0.592,1.0,0.542,0.4,0.308,0.2
544,,0.108,0.25,0.442,0.85,0.392,0.25,0.158,0.05
545,,-0.042,0.1,0.292,0.7,0.242,0.1,0.008,-0.1
546,8,0.279,0.35,0.471,0.85,0.421,0.35,0.329,0.9
547,8,0.6,0.6,0.65,1.0,0.6,0.6,0.65,1.0
548,,0.45,0.45,0.5,0.85,0.45,0.45,0.5,0.85
549,,0.3,0.3,0.35,0.7,0.3,0.3,0.35,0.7
550,,0.15,0.15,0.2,0.55,0.15,0.15,0.2,0.55
551,,0.0,0.0,0.05,0.4,0.0,0.0,0.05,0.4
552,,-0.15,-0.15,-0.1,0.25,-0.15,-0.15,-0.1,0.25
553,6,0.029,0.0,0.079,0.5,0.171,0.85,0.221,0.5
554,6,0.208,0.15,0.258,0.75,0.492,1.0,0.542,0.75
555,,0.058,0.0,0.108,0.6,0.342,0.85,0.392,0.6
556,,-0.092,-0.15,-0.042,0.45,0.192,0.7,0.242,0.45
557,2,0.229,0.85,0.279,0.7,0.371,0.85,0.421,0.7
558,2,0.55,1.0,0.6,0.95,0.55,1.0,0.6,0.95
559,,0.4,0.85,0.45,0.8,0.4,0.85,0.45,0.8
560,,0.25,0.7,0.3,0.65,0.25,0.7,0.3,0.65
561,,0.1,0.55,0.15,0.5,0.1,0.55,0.15,0.5
562,,-0.05,0.4,0.0,0.35,-0.05,0.4,0.0,0.35
563,5,0.1,0.579,0.25,0.671,0.95,0.721,0.25,0.529
564,5,0.25,0.758,0.5,0.992,1.0,1.0,0.5,0.708
565,,0.1,0.608,0.35,0.842,0.85,0.85,0.35,0.558
566,,-0.05,0.458,0.2,0.692,0.7,0.7,0.2,0.408
567,1,0.95,0.779,0.45,0.871,0.85,0.879,0.45,0.729
568,1,1.0,1.0,0.7,1.0,1.0,1.0,0.7,1.0
569,,0.85,0.85,0.55,0.85,0.85,0.85,0.55,0.85
570,,0.7,0.7,0.4,0.7,0.7,0.7,0.4,0.7
571,,0.55,0.55,0.25,0.55,0.55,0.55,0.25,0.55
572,,0.4,0.4,0.1,0.4,0.4,0.4,0.1,0.4
573,,0.25,0.25,-0.05,0.25,0.25,0.25,-0.05,0.25
574,7,0.5,0.429,0.1,0.429,0.5,0.571,0.95,0.571
575,7,0.75,0.608,0.25,0.608,0.75,0.892,1.0,0.892
576,,0.6,0.458,0.1,0.458,0.6,0.742,0.85,0.742
577,,0.45,0.308,-0.05,0.308,0.45,0.592,0.7,0.592
578,3,0.7,0.629,0.95,0.629,0.7,0.771,0.85,0.771
579,3,0.95,0.95,1.0,0.95,0.95,0.95,1.0,0.95
580,,0.8,0.8,0.85,0.8,0.8,0.8,0.85,0.8
581,,0.65,0.65,0.7,0.65,0.65,0.65,0.7,0.65
582,,0.5,0.5,0.55,0.5,0.5,0.5,0.55,0.5
583,,0.35,0.35,0.4,0.35,0.35,0.35,0.4,0.35
584,,0.2,0.2,0.25,0.2,0.2,0.2,0.25,0.2
585,,0.05,0.05,0.1,0.05,0.05,0.05,0.1,0.05
586,,-0.1,-0.1,-0.05,-0.1,-0.1,-0.1,-0.05,-0.1
587,1,0.9,0.221,0.2,0.079,0.05,0.079,0.2,0.221
588,1,1.0,0.542,0.45,0.258,0.2,0.258,0.45,0.542
589,,0.85,0.392,0.3,0.108,0.05,0.108,0.3,0.392
590,,0.7,0.242,0.15,-0.042,-0.1,-0.042,0.15,0.242
591,5,0.85,0.421,0.4,0.279,0.9,0.279,0.4,0.421
592,5,1.0,0.6,0.65,0.6,1.0,0.6,0.65,0.6
593,,0.85,0.45,0.5,0.45,0.85,0.45,0.5,0.45
594,,0.7,0.3,0.35,0.3,0.7,0.3,0.35,0.3
595,,0.55,0.15,0.2,0.15,0.55,0.15,0.2,0.15
596,,0.4,0.0,0.05,0.0,0.4,0.0,0.05,0.0
597,,0.25,-0.15,-0.1,-0.15,0.25,-0.15,-0.1,-0.15
598,2,0.571,0.85,0.221,0.1,0.429,0.0,0.079,0.1
599,2,0.892,1.0,0.542,0.35,0.608,0.15,0.258,0.35
600,,0.742,0.85,0.392,0.2,0.458,0.0,0.108,0.2
601,,0.592,0.7,0.242,0.05,0.308,-0.15,-0.042,0.05
602,6,0.771,0.85,0.421,0.3,0.629,0.85,0.279,0.3
603,6,0.95,1.0,0.6,0.55,0.95,1.0,0.6,0.55
604,,0.8,0.85,0.45,0.4,0.8,0.85,0.45,0.4
605,,0.65,0.7,0.3,0.25,0.65,0.7,0.3,0.25
606,,0.5,0.55,0.15,0.1,0.5,0.55,0.15,0.1
607,,0.35,0.4,0.0,-0.05,0.35,0.4,0.0,-0.05
608,4,0.529,0.65,0.321,0.95,0.671,0.65,0.179,0.1
609,4,0.708,0.9,0.642,1.0,0.992,0.9,0.358,0.25
610,,0.558,0.75,0.492,0.85,0.842,0.75,0.208,0.1
611,,0.408,0.6,0.342,0.7,0.692,0.6,0.058,-0.05
612,8,0.729,0.85,0.521,0.85,0.871,0.85,0.379,0.95
613,8,1.0,1.0,0.7,1.0,1.0,1.0,0.7,1.0
614,,0.85,0.85,0.55,0.85,0.85,0.85,0.55,0.85
615,,0.7,0.7,0.4,0.7,0.7,0.7,0.4,0.7
616,,0.55,0.55,0.25,0.55,0.55,0.55,0.25,0.55
617,,0.4,0.4,0.1,0.4,0.4,0.4,0.1,0.4
618,,0.25,0.25,-0.05,0.25,0.25,0.25,-0.05,0.25
619,3,0.5,0.571,0.95,0.571,0.5,0.429,0.1,0.429
620,3,0.75,0.892,1.0,0.892,0.75,0.608,0.25,0.608
621,,0.6,0.742,0.85,0.742,0.6,0.458,0.1,0.458
622,,0.45,0.592,0.7,0.592,0.45,0.308,-0.05,0.308
623,7,0.7,0.771,0.85,0.771,0.7,0.629,0.95,0.629
624,7,0.95,0.95,1.0,0.95,0.95,0.95,1.0,0.95
625,,0.8,0.8,0.85,0.8,0.8,0.8,0.85,0.8
626,,0.65,0.65,0.7,0.65,0.65,0.65,0.7,0.65
627,,0.5,0.5,0.55,0.5,0.5,0.5,0.55,0.5
628,,0.35,0.35,0.4,0.35,0.35,0.35,0.4,0.35
629,,0.2,0.2,0.25,0.2,0.2,0.2,0.25,0.2
630,,0.05,0.05,0.1,0.05,0.05,0.05,0.1,0.05
631,,-0.1,-0.1,-0.05,-0.1,-0.1,-0.1,-0.05,-0.1
632,4,0.079,0.15,0.271,0.9,0.221,0.15,0.129,0.05
633,4,0.258,0.4,0.592,1.0,0.542,0.4,0.308,0.2
634,,0.108,0.25,0.442,0.85,0.392,0.25,0.158,0.05
635,,-0.042,0.1,0.292,0.7,0.242,0.1,0.008,-0.1
636,8,0.279,0.35,0.471,0.85,0.421,0.35,0.329,0.9
637,8,0.6,0.6,0.65,1.0,0.6,0.6,0.65,1.0
638,,0.45,0.45,0.5,0.85,0.45,0.45,0.5,0.85
639,,0.3,0.3,0.35,0.7,0.3,0.3,0.35,0.7
640,,0.15,0.15,0.2,0.55,0.15,0.15,0.2,0.55
641,,0.0,0.0,0.05,0.4,0.0,0.0,0.05,0.4
642,,-0.15,-0.15,-0.1,0.25,-0.15,-0.15,-0.1,0.25
643,2,0.171,0.85,0.221,0.5,0.029,0.0,0.079,0.5
644,2,0.492,1.0,0.542,0.75,0.208,0.15,0.258,0.75
645,,0.342,0.85,0.392,0.6,0.058,0.0,0.108,0.6
646,,0.192,0.7,0.242,0.45,-0.092,-0.15,-0.042,0.45
647,6,0.371,0.85,0.421,0.7,0.229,0.85,0.279,0.7
648,6,0.55,1.0,0.6,0.95,0.55,1.0,0.6,0.95
649,,0.4,0.85,0.45,0.8,0.4,0.85,0.45,0.8
650,,0.25,0.7,0.3,0.65,0.25,0.7,0.3,0.65
651,,0.1,0.55,0.15,0.5,0.1,0.55,0.15,0.5
652,,-0.05,0.4,0.0,0.35,-0.05,0.4,0.0,0.35
653,5,0.1,0.579,0.25,0.671,0.95,0.721,0.25,0.529
654,5,0.25,0.758,0.5,0.992,1.0,1.0,0.5,0.708
655,,0.1,0.608,0.35,0.842,0.85,0.85,0.35,0.558
656,,-0.05,0.458,0.2,0.692,0.7,0.7,0.2,0.408
657,1,0.95,0.779,0.45,0.871,0.85,0.879,0.45,0.729
658,1,1.0,1.0,0.7,1.0,1.0,1.0,0.7,1.0
659,,0.85,0.85,0.55,0.85,0.85,0.85,0.55,0.85
660,,0.7,0.7,0.4,0.7,0.7,0.7,0.4,0.7
661,,0.55,0.55,0.25,0.55,0.55,0.55,0.25,0.55
662,,0.4,0.4,0.1,0.4,0.4,0.4,0.1,0.4
663,,0.25,0.25,-0.05,0.25,0.25,0.25,-0.05,0.25
664,7,0.5,0.429,0.1,0.429,0.5,0.571,0.95,0.571
665,7,0.75,0.608,0.25,0.608,0.75,0.892,1.0,0.892
666,,0.6,0.458,0.1,0.458,0.6,0.742,0.85,0.742
667,,0.45,0.308,-0.05,0.308,0.45,0.592,0.7,0.592
668,3,0.7,0.629,0.95,0.629,0.7,0.771,0.85,0.771
669,3,0.95,0.95,1.0,0.95,0.95,0.95,1.0,0.95
670,,0.8,0.8,0.85,0.8,0.8,0.8,0.85,0.8
671,,0.65,0.65,0.7,0.65,0.65,0.65,0.7,0.65
672,,0.5,0.5,0.55,0.5,0.5,0.5,0.55,0.5
673,,0.35,0.35,0.4,0.35,0.35,0.35,0.4,0.35
674,,0.2,0.2,0.25,0.2,0.2,0.2,0.25,0.2
675,,0.05,0.05,0.1,0.05,0.05,0.05,0.1,0.05
676,,-0.1,-0.1,-0.05,-0.1,-0.1,-0.1,-0.05,-0.1
677,4,0.079,0.15,0.271,0.9,0.221,0.15,0.129,0.05
678,4,0.258,0.4,0.592,1.0,0.542,0.4,0.308,0.2
679,,0.108,0.25,0.442,0.85,0.392,0.25,0.158,0.05
680,,-0.042,0.1,0.292,0.7,0.242,0.1,0.008,-0.1
681,8,0.279,0.35,0.471,0.85,0.421,0.35,0.329,0.9
682,8,0.6,0.6,0.65,1.0,0.6,0.6,0.65,1.0
683,,0.45,0.45,0.5,0.85,0.45,0.45,0.5,0.85
684,,0.3,0.3,0.35,0.7,0.3,0.3,0.35,0.7
685,,0.15,0.15,0.2,0.55,0.15,0.15,0.2,0.55
686,,0.0,0.0,0.05,0.4,0.0,0.0,0.05,0.4
687,,-0.15,-0.15,-0.1,0.25,-0.15,-0.15,-0.1,0.25
688,1,0.85,0.171,0.15,0.429,0.0,0.029,0.15,0.571
689,1,1.0,0.492,0.4,0.608,0.15,0.208,0.4,0.892
690,,0.85,0.342,0.25,0.458,0.0,0.058,0.25,0.742
691,,0.7,0.192,0.1,0.308,-0.15,-0.092,0.1,0.592
692,5,0.85,0.371,0.35,0.629,0.85,0.229,0.35,0.771
693,5,1.0,0.55,0.6,0.95,1.0,0.55,0.6,0.95
694,,0.85,0.4,0.45,0.8,0.85,0.4,0.45,0.8
695,,0.7,0.25,0.3,0.65,0.7,0.25,0.3,0.65
696,,0.55,0.1,0.15,0.5,0.55,0.1,0.15,0.5
697,,0.4,-0.05,0.0,0.35,0.4,-0.05,0.0,0.35
698,6,0.579,0.1,0.179,0.6,0.721,0.95,0.321,0.6
699,6,0.758,0.25,0.358,0.85,1.0,1.0,0.642,0.85
700,,0.608,0.1,0.208,0.7,0.85,0.85,0.492,0.7
701,,0.458,-0.05,0.058,0.55,0.7,0.7,0.342,0.55
702,2,0.779,0.95,0.379,0.8,0.879,0.85,0.521,0.8
703,2,1.0,1.0,0.7,1.0,1.0,1.0,0.7,1.0
704,,0.85,0.85,0.55,0.85,0.85,0.85,0.55,0.85
705,,0.7,0.7,0.4,0.7,0.7,0.7,0.4,0.7
706,,0.55,0.55,0.25,0.55,0.55,0.55,0.25,0.55
707,,0.4,0.4,0.1,0.4,0.4,0.4,0.1,0.4
708,,0.25,0.25,-0.05,0.25,0.25,0.25,-0.05,0.25
709,7,0.5,0.429,0.1,0.429,0.5,0.571,0.95,0.571
710,7,0.75,0.608,0.25,0.608,0.75,0.892,1.0,0.892
711,,0.6,0.458,0.1,0.458,0.6,0.742,0.85,0.742
712,,0.45,0.308,-0.05,0.308,0.45,0.592,0.7,0.592
713,3,0.7,0.629,0.95,0.629,0.7,0.771,0.85,0.771
714,3,0.95,0.95,1.0,0.95,0.95,0.95,1.0,0.95
715,,0.8,0.8,0.85,0.8,0.8,0.8,0.85,0.8
716,,0.65,0.65,0.7,0.65,0.65,0.65,0.7,0.65
717,,0.5,0.5,0.55,0.5,0.5,0.5,0.55,0.5
718,,0.35,0.35,0.4,0.35,0.35,0.35,0.4,0.35
719,,0.2,0.2,0.25,0.2,0.2,0.2,0.25,0.2
720,,0.05,0.05,0.1,0.05,0.05,0.05,0.1,0.05
721,,-0.1,-0.1,-0.05,-0.1,-0.1,-0.1,-0.05,-0.1
722,6,0.079,0.05,0.129,0.15,0.221,0.9,0.271,0.15
723,6,0.258,0.2,0.308,0.4,0.542,1.0,0.592,0.4
724,,0.108,0.05,0.158,0.25,0.392,0.85,0.442,0.25
725,,-0.042,-0.1,0.008,0.1,0.242,0.7,0.292,0.1
726,2,0.279,0.9,0.329,0.35,0.421,0.85,0.471,0.35
727,2,0.6,1.0,0.65,0.6,0.6,1.0,0.65,0.6
728,,0.45,0.85,0.5,0.45,0.45,0.85,0.5,0.45
729,,0.3,0.7,0.35,0.3,0.3,0.7,0.35,0.3
730,,0.15,0.55,0.2,0.15,0.15,0.55,0.2,0.15
731,,0.0,0.4,0.05,0.0,0.0,0.4,0.05,0.0
732,,-0.15,0.25,-0.1,-0.15,-0.15,0.25,-0.1,-0.15
733,8,0.171,0.5,0.079,0.0,0.029,0.5,0.221,0.85
734,8,0.492,0.75,0.258,0.15,0.208,0.75,0.542,1.0
735,,0.342,0.6,0.108,0.0,0.058,0.6,0.392,0.85
736,,0.192,0.45,-0.042,-0.15,-0.092,0.45,0.242,0.7
737,4,0.371,0.7,0.279,0.85,0.229,0.7,0.421,0.85
738,4,0.55,0.95,0.6,1.0,0.55,0.95,0.6,1.0
739,,0.4,0.8,0.45,0.85,0.4,0.8,0.45,0.85
740,,0.25,0.65,0.3,0.7,0.25,0.65,0.3,0.7
741,,0.1,0.5,0.15,0.55,0.1,0.5,0.15,0.55
742,,-0.05,0.35,0.0,0.4,-0.05,0.35,0.0,0.4
743,5,0.1,0.529,0.25,0.721,0.95,0.671,0.25,0.579
744,5,0.25,0.708,0.5,1.0,1.0,0.992,0.5,0.758
745,,0.1,0.558,0.35,0.85,0.85,0.842,0.35,0.608
746,,-0.05,0.408,0.2,0.7,0.7,0.692,0.2,0.458
747,1,0.95,0.729,0.45,0.879,0.85,0.871,0.45,0.779
748,1,1.0,1.0,0.7,1.0,1.0,1.0,0.7,1.0
749,,0.85,0.85,0.55,0.85,0.85,0.85,0.55,0.85
750,,0.7,0.7,0.4,0.7,0.7,0.7,0.4,0.7
751,,0.55,0.55,0.25,0.55,0.55,0.55,0.25,0.55
752,,0.4,0.4,0.1,0.4,0.4,0.4,0.1,0.4
753,,0.25,0.25,-0.05,0.25,0.25,0.25,-0.05,0.25
754,7,0.5,0.429,0.1,0.429,0.5,0.571,0.95,0.571
755,7,0.75,0.608,0.25,0.608,0.75,0.892,1.0,0.892
756,,0.6,0.458,0.1,0.458,0.6,0.742,0.85,0.742
757,,0.45,0.308,-0.05,0.308,0.45,0.592,0.7,0.592
758,3,0.7,0.629,0.95,0.629,0.7,0.771,0.85,0.771
759,3,0.95,0.95,1.0,0.95,0.95,0.95,1.0,0.95
760,,0.8,0.8,0.85,0.8,0.8,0.8,0.85,0.8
761,,0.65,0.65,0.7,0.65,0.65,0.65,0.7,0.65
762,,0.5,0.5,0.55,0.5,0.5,0.5,0.55,0.5
763,,0.35,0.35,0.4,0.35,0.35,0.35,0.4,0.35
764,,0.2,0.2,0.25,0.2,0.2,0.2,0.25,0.2
765,,0.05,0.05,0.1,0.05,0.05,0.05,0.1,0.05
766,,-0.1,-0.1,-0.05,-0.1,-0.1,-0.1,-0.05,-0.1
767,4,0.079,0.15,0.271,0.9,0.221,0.15,0.129,0.05
768,4,0.258,0.4,0.592,1.0,0.542,0.4,0.308,0.2
769,,0.108,0.25,0.442,0.85,0.392,0.25,0.158,0.05
770,,-0.042,0.1,0.292,0.7,0.242,0.1,0.008,-0.1
771,8,0.279,0.35,0.471,0.85,0.421,0.35,0.329,0.9
772,8,0.6,0.6,0.65,1.0,0.6,0.6,0.65,1.0
773,,0.45,0.45,0.5,0.85,0.45,0.45,0.5,0.85
774,,0.3,0.3,0.35,0.7,0.3,0.3,0.35,0.7
775,,0.15,0.15,0.2,0.55,0.15,0.15,0.2,0.55
776,,0.0,0.0,0.05,0.4,0.0,0.0,0.05,0.4
777,,-0.15,-0.15,-0.1,0.25,-0.15,-0.15,-0.1,0.25
778,6,0.029,0.0,0.079,0.5,0.171,0.85,0.221,0.5
779,6,0.208,0.15,0.258,0.75,0.492,1.0,0.542,0.75
780,,0.058,0.0,0.108,0.6,0.342,0.85,0.392,0.6
781,,-0.092,-0.15,-0.042,0.45,0.192,0.7,0.242,0.45
782,2,0.229,0.85,0.279,0.7,0.371,0.85,0.421,0.7
783,2,0.55,1.0,0.6,0.95,0.55,1.0,0.6,0.95
784,,0.4,0.85,0.45,0.8,0.4,0.85,0.45,0.8
785,,0.25,0.7,0.3,0.65,0.25,0.7,0.3,0.65
786,,0.1,0.55,0.15,0.5,0.1,0.55,0.15,0.5
787,,-0.05,0.4,0.0,0.35,-0.05,0.4,0.0,0.35
788,5,0.1,0.579,0.25,0.671,0.95,0.721,0.25,0.529
789,5,0.25,0.758,0.5,0.992,1.0,1.0,0.5,0.708
790,,0.1,0.608,0.35,0.842,0.85,0.85,0.35,0.558
791,,-0.05,0.458,0.2,0.692,0.7,0.7,0.2,0.408
792,1,0.95,0.779,0.45,0.871,0.85,0.879,0.45,0.729
793,1,1.0,1.0,0.7,1.0,1.0,1.0,0.7,1.0
794,,0.85,0.85,0.55,0.85,0.85,0.85,0.55,0.85
795,,0.7,0.7,0.4,0.7,0.7,0.7,0.4,0.7
796,,0.55,0.55,0.25,0.55,0.55,0.55,0.25,0.55
797,,0.4,0.4,0.1,0.4,0.4,0.4,0.1,0.4
798,,0.25,0.25,-0.05,0.25,0.25,0.25,-0.05,0.25
799,3,0.5,0.571,0.95,0.571,0.5,0.429,0.1,0.429
800,3,0.75,0.892,1.0,0.892,0.75,0.608,0.25,0.608
801,,0.6,0.742,0.85,0.742,0.6,0.458,0.1,0.458
802,,0.45,0.592,0.7,0.592,0.45,0.308,-0.05,0.308
803,7,0.7,0.771,0.85,0.771,0.7,0.629,0.95,0.629
804,7,0.95,0.95,1.0,0.95,0.95,0.95,1.0,0.95
805,,0.8,0.8,0.85,0.8,0.8,0.8,0.85,0.8
806,,0.65,0.65,0.7,0.65,0.65,0.65,0.7,0.65
807,,0.5,0.5,0.55,0.5,0.5,0.5,0.55,0.5
808,,0.35,0.35,0.4,0.35,0.35,0.35,0.4,0.35
809,,0.2,0.2,0.25,0.2,0.2,0.2,0.25,0.2
810,,0.05,0.05,0.1,0.05,0.05,0.05,0.1,0.05
811,,-0.1,-0.1,-0.05,-0.1,-0.1,-0.1,-0.05,-0.1
812,1,0.9,0.221,0.2,0.079,0.05,0.079,0.2,0.221
813,1,1.0,0.542,0.45,0.258,0.2,0.258,0.45,0.542
814,,0.85,0.392,0.3,0.108,0.05,0.108,0.3,0.392
815,,0.7,0.242,0.15,-0.042,-0.1,-0.042,0.15,0.242
816,5,0.85,0.421,0.4,0.279,0.9,0.279,0.4,0.421
817,5,1.0,0.6,0.65,0.6,1.0,0.6,0.65,0.6
818,,0.85,0.45,0.5,0.45,0.85,0.45,0.5,0.45
819,,0.7,0.3,0.35,0.3,0.7,0.3,0.35,0.3
820,,0.55,0.15,0.2,0.15,0.55,0.15,0.2,0.15
821,,0.4,0.0,0.05,0.0,0.4,0.0,0.05,0.0
822,,0.25,-0.15,-0.1,-0.15,0.25,-0.15,-0.1,-0.15
823,4,0.429,0.1,0.221,0.85,0.571,0.1,0.079,0.0
824,4,0.608,0.35,0.542,1.0,0.892,0.35,0.258,0.15
825,,0.458,0.2,0.392,0.85,0.742,0.2,0.108,0.0
826,,0.308,0.05,0.242,0.7,0.592,0.05,-0.042,-0.15
827,8,0.629,0.3,0.421,0.85,0.771,0.3,0.279,0.85
828,8,0.95,0.55,0.6,1.0,0.95,0.55,0.6,1.0
829,,0.8,0.4,0.45,0.85,0.8,0.4,0.45,0.85
830,,0.65,0.25,0.3,0.7,0.65,0.25,0.3,0.7
831,,0.5,0.1,0.15,0.55,0.5,0.1,0.15,0.55
832,,0.35,-0.05,0.0,0.4,0.35,-0.05,0.0,0.4
833,6,0.529,0.1,0.179,0.65,0.671,0.95,0.321,0.65
834,6,0.708,0.25,0.358,0.9,0.992,1.0,0.642,0.9
835,,0.558,0.1,0.208,0.75,0.842,0.85,0.492,0.75
836,,0.408,-0.05,0.058,0.6,0.692,0.7,0.342,0.6
837,2,0.729,0.95,0.379,0.85,0.871,0.85,0.521,0.85
838,2,1.0,1.0,0.7,1.0,1.0,1.0,0.7,1.0
839,,0.85,0.85,0.55,0.85,0.85,0.85,0.55,0.85
840,,0.7,0.7,0.4,0.7,0.7,0.7,0.4,0.7
841,,0.55,0.55,0.25,0.55,0.55,0.55,0.25,0.55
842,,0.4,0.4,0.1,0.4,0.4,0.4,0.1,0.4
843,,0.25,0.25,-0.05,0.25,0.25,0.25,-0.05,0.25
844,3,0.5,0.571,0.95,0.571,0.5,0.429,0.1,0.429
845,3,0.75,0.892,1.0,0.892,0.75,0.608,0.25,0.608
846,,0.6,0.742,0.85,0.742,0.6,0.458,0.1,0.458
847,,0.45,0.592,0.7,0.592,0.45,0.308,-0.05,0.308
848,7,0.7,0.771,0.85,0.771,0.7,0.629,0.95,0.629
849,7,0.95,0.95,1.0,0.95,0.95,0.95,1.0,0.95
850,,0.8,0.8,0.85,0.8,0.8,0.8,0.85,0.8
851,,0.65,0.65,0.7,0.65,0.65,0.65,0.7,0.65
852,,0.5,0.5,0.55,0.5,0.5,0.5,0.55,0.5
853,,0.35,0.35,0.4,0.35,0.35,0.35,0.4,0.35
854,,0.2,0.2,0.25,0.2,0.2,0.2,0.25,0.2
855,,0.05,0.05,0.1,0.05,0.05,0.05,0.1,0.05
856,,-0.1,-0.1,-0.05,-0.1,-0.1,-0.1,-0.05,-0.1
857,1,0.9,0.221,0.2,0.079,0.05,0.079,0.2,0.221
858,1,1.0,0.542,0.45,0.258,0.2,0.258,0.45,0.542
859,,0.85,0.392,0.3,0.108,0.05,0.108,0.3,0.392
860,,0.7,0.242,0.15,-0.042,-0.1,-0.042,0.15,0.242
861,5,0.85,0.421,0.4,0.279,0.9,0.279,0.4,0.421
862,5,1.0,0.6,0.65,0.6,1.0,0.6,0.65,0.6
863,,0.85,0.45,0.5,0.45,0.85,0.45,0.5,0.45
864,,0.7,0.3,0.35,0.3,0.7,0.3,0.35,0.3
865,,0.55,0.15,0.2,0.15,0.55,0.15,0.2,0.15
866,,0.4,0.0,0.05,0.0,0.4,0.0,0.05,0.0
867,,0.25,-0.15,-0.1,-0.15,0.25,-0.15,-0.1,-0.15
868,4,0.429,0.1,0.221,0.85,0.571,0.1,0.079,0.0
869,4,0.608,0.35,0.542,1.0,0.892,0.35,0.258,0.15
870,,0.458,0.2,0.392,0.85,0.742,0.2,0.108,0.0
871,,0.308,0.05,0.242,0.7,0.592,0.05,-0.042,-0.15
872,8,0.629,0.3,0.421,0.85,0.771,0.3,0.279,0.85
873,8,0.95,0.55,0.6,1.0,0.95,0.55,0.6,1.0
874,,0.8,0.4,0.45,0.85,0.8,0.4,0.45,0.85
875,,0.65,0.25,0.3,0.7,0.65,0.25,0.3,0.7
876,,0.5,0.1,0.15,0.55,0.5,0.1,0.15,0.55
877,,0.35,-0.05,0.0,0.4,0.35,-0.05,0.0,0.4
878,6,0.529,0.1,0.179,0.65,0.671,0.95,0.321,0.65
879,6,0.708,0.25,0.358,0.9,0.992,1.0,0.642,0.9
880,,0.558,0.1,0.208,0.75,0.842,0.85,0.492,0.75
881,,0.408,-0.05,0.058,0.6,0.692,0.7,0.342,0.6
882,2,0.729,0.95,0.379,0.85,0.871,0.85,0.521,0.85
883,2,1.0,1.0,0.7,1.0,1.0,1.0,0.7,1.0
884,,0.85,0.85,0.55,0.85,0.85,0.85,0.55,0.85
885,,0.7,0.7,0.4,0.7,0.7,0.7,0.4,0.7
886,,0.55,0.55,0.25,0.55,0.55,0.55,0.25,0.55
