step,active_motive,motive_1,motive_2,motive_3,motive_4,motive_5,motive_6,motive_7,motive_8
0,,0.06323,0.06335,0.05358,0.00903,0.08353,0.03208,0.01865,0.00408
1,,-0.08677,-0.08665,-0.09642,-0.14097,-0.06647,-0.11792,-0.13135,-0.14592
2,8,0.23423,0.16335,0.08258,0.00903,0.11253,0.13208,0.18965,0.85408
3,8,0.55523,0.41335,0.26158,0.15903,0.29153,0.38208,0.51065,1.0
4,,0.40523,0.26335,0.11158,0.00903,0.14153,0.23208,0.36065,0.85
5,,0.25523,0.11335,-0.03842,-0.14097,-0.00847,0.08208,0.21065,0.7
6,4,0.43423,0.36335,0.28258,0.85903,0.31253,0.33208,0.38965,0.85
7,4,0.61323,0.61335,0.60358,1.0,0.63353,0.58208,0.56865,1.0
8,,0.46323,0.46335,0.45358,0.85,0.48353,0.43208,0.41865,0.85
9,,0.31323,0.31335,0.30358,0.7,0.33353,0.28208,0.26865,0.7
10,,0.16323,0.16335,0.15358,0.55,0.18353,0.13208,0.11865,0.55
11,,0.01323,0.01335,0.00358,0.4,0.03353,-0.01792,-0.03135,0.4
12,7,0.26323,0.19235,0.15358,0.579,0.28353,0.30308,0.96865,0.721
13,7,0.51323,0.37135,0.30358,0.758,0.53353,0.62408,1.0,1.0
14,,0.36323,0.22135,0.15358,0.608,0.38353,0.47408,0.85,0.85
15,,0.21323,0.07135,0.00358,0.458,0.23353,0.32408,0.7,0.7
16,,0.06323,-0.07865,-0.14642,0.308,0.08353,0.17408,0.55,0.55
17,3,0.31323,0.24235,0.85358,0.629,0.33353,0.35308,0.7,0.729
18,3,0.56323,0.56335,1.0,0.95,0.58353,0.53208,0.85,0.908
19,,0.41323,0.41335,0.85,0.8,0.43353,0.38208,0.7,0.758
20,,0.26323,0.26335,0.7,0.65,0.28353,0.23208,0.55,0.608
21,,0.11323,0.11335,0.55,0.5,0.13353,0.08208,0.4,0.458
22,,-0.03677,-0.03665,0.4,0.35,-0.01647,-0.06792,0.25,0.308
23,6,0.14223,0.11335,0.579,0.6,0.30453,0.93208,0.571,0.558
24,6,0.32123,0.26335,0.758,0.85,0.62553,1.0,0.892,0.808
25,,0.17123,0.11335,0.608,0.7,0.47553,0.85,0.742,0.658
26,,0.02123,-0.03665,0.458,0.55,0.32553,0.7,0.592,0.508
27,2,0.34223,0.96335,0.779,0.8,0.50453,0.85,0.771,0.758
28,2,0.66323,1.0,1.0,1.0,0.68353,1.0,0.95,1.0
29,,0.51323,0.85,0.85,0.85,0.53353,0.85,0.8,0.85
30,,0.36323,0.7,0.7,0.7,0.38353,0.7,0.65,0.7
31,,0.21323,0.55,0.55,0.55,0.23353,0.55,0.5,0.55
32,,0.06323,0.4,0.4,0.4,0.08353,0.4,0.35,0.4
33,,-0.08677,0.25,0.25,0.25,-0.06647,0.25,0.2,0.25
34,1,0.91323,0.571,0.5,0.429,0.08353,0.429,0.45,0.571
35,1,1.0,0.892,0.75,0.608,0.23353,0.608,0.7,0.892
36,,0.85,0.742,0.6,0.458,0.08353,0.458,0.55,0.742
37,,0.7,0.592,0.45,0.308,-0.06647,0.308,0.4,0.592
38,5,0.85,0.771,0.7,0.629,0.93353,0.629,0.65,0.771
39,5,1.0,0.95,0.95,0.95,1.0,0.95,0.9,0.95
40,,0.85,0.8,0.8,0.8,0.85,0.8,0.75,0.8
41,,0.7,0.65,0.65,0.65,0.7,0.65,0.6,0.65
42,,0.55,0.5,0.5,0.5,0.55,0.5,0.45,0.5
43,,0.4,0.35,0.35,0.35,0.4,0.35,0.3,0.35
44,,0.25,0.2,0.2,0.2,0.25,0.2,0.15,0.2
45,,0.1,0.05,0.05,0.05,0.1,0.05,0.0,0.05
46,,-0.05,-0.1,-0.1,-0.1,-0.05,-0.1,-0.15,-0.1
47,7,0.2,0.079,0.05,0.079,0.2,0.221,0.85,0.221
48,7,0.45,0.258,0.2,0.258,0.45,0.542,1.0,0.542
49,,0.3,0.108,0.05,0.108,0.3,0.392,0.85,0.392
50,,0.15,-0.042,-0.1,-0.042,0.15,0.242,0.7,0.242
51,3,0.4,0.279,0.9,0.279,0.4,0.421,0.85,0.421
52,3,0.65,0.6,1.0,0.6,0.65,0.6,1.0,0.6
53,,0.5,0.45,0.85,0.45,0.5,0.45,0.85,0.45
54,,0.35,0.3,0.7,0.3,0.35,0.3,0.7,0.3
55,,0.2,0.15,0.55,0.15,0.2,0.15,0.55,0.15
56,,0.05,0.0,0.4,0.0,0.05,0.0,0.4,0.0
57,,-0.1,-0.15,0.25,-0.15,-0.1,-0.15,0.25,-0.15
58,8,0.221,0.1,0.429,0.0,0.079,0.1,0.571,0.85
59,8,0.542,0.35,0.608,0.15,0.258,0.35,0.892,1.0
60,,0.392,0.2,0.458,0.0,0.108,0.2,0.742,0.85
61,,0.242,0.05,0.308,-0.15,-0.042,0.05,0.592,0.7
62,4,0.421,0.3,0.629,0.85,0.279,0.3,0.771,0.85
63,4,0.6,0.55,0.95,1.0,0.6,0.55,0.95,1.0
64,,0.45,0.4,0.8,0.85,0.45,0.4,0.8,0.85
65,,0.3,0.25,0.65,0.7,0.3,0.25,0.65,0.7
66,,0.15,0.1,0.5,0.55,0.15,0.1,0.5,0.55
67,,0.0,-0.05,0.35,0.4,0.0,-0.05,0.35,0.4
68,6,0.179,0.1,0.529,0.65,0.321,0.95,0.671,0.65
69,6,0.358,0.25,0.708,0.9,0.642,1.0,0.992,0.9
70,,0.208,0.1,0.558,0.75,0.492,0.85,0.842,0.75
71,,0.058,-0.05,0.408,0.6,0.342,0.7,0.692,0.6
72,2,0.379,0.95,0.729,0.85,0.521,0.85,0.871,0.85
73,2,0.7,1.0,1.0,1.0,0.7,1.0,1.0,1.0
74,,0.55,0.85,0.85,0.85,0.55,0.85,0.85,0.85
75,,0.4,0.7,0.7,0.7,0.4,0.7,0.7,0.7
76,,0.25,0.55,0.55,0.55,0.25,0.55,0.55,0.55
77,,0.1,0.4,0.4,0.4,0.1,0.4,0.4,0.4
78,,-0.05,0.25,0.25,0.25,-0.05,0.25,0.25,0.25
79,1,0.95,0.571,0.5,0.429,0.1,0.429,0.5,0.571
80,1,1.0,0.892,0.75,0.608,0.25,0.608,0.75,0.892
81,,0.85,0.742,0.6,0.458,0.1,0.458,0.6,0.742
82,,0.7,0.592,0.45,0.308,-0.05,0.308,0.45,0.592
83,5,0.85,0.771,0.7,0.629,0.95,0.629,0.7,0.771
84,5,1.0,0.95,0.95,0.95,1.0,0.95,0.95,0.95
85,,0.85,0.8,0.8,0.8,0.85,0.8,0.8,0.8
86,,0.7,0.65,0.65,0.65,0.7,0.65,0.65,0.65
87,,0.55,0.5,0.5,0.5,0.55,0.5,0.5,0.5
88,,0.4,0.35,0.35,0.35,0.4,0.35,0.35,0.35
89,,0.25,0.2,0.2,0.2,0.25,0.2,0.2,0.2
90,,0.1,0.05,0.05,0.05,0.1,0.05,0.05,0.05
91,,-0.05,-0.1,-0.1,-0.1,-0.05,-0.1,-0.1,-0.1
92,6,0.129,0.05,0.079,0.15,0.271,0.9,0.221,0.15
93,6,0.308,0.2,0.258,0.4,0.592,1.0,0.542,0.4
94,,0.158,0.05,0.108,0.25,0.442,0.85,0.392,0.25
95,,0.008,-0.1,-0.042,0.1,0.292,0.7,0.242,0.1
96,2,0.329,0.9,0.279,0.35,0.471,0.85,0.421,0.35
97,2,0.65,1.0,0.6,0.6,0.65,1.0,0.6,0.6
98,,0.5,0.85,0.45,0.45,0.5,0.85,0.45,0.45
99,,0.35,0.7,0.3,0.3,0.35,0.7,0.3,0.3
100,,0.2,0.55,0.15,0.15,0.2,0.55,0.15,0.15
101,,0.05,0.4,0.0,0.0,0.05,0.4,0.0,0.0
102,,-0.1,0.25,-0.15,-0.15,-0.1,0.25,-0.15,-0.15
103,7,0.15,0.429,0.0,0.029,0.15,0.571,0.85,0.171
104,7,0.4,0.608,0.15,0.208,0.4,0.892,1.0,0.492
105,,0.25,0.458,0.0,0.058,0.25,0.742,0.85,0.342
106,,0.1,0.308,-0.15,-0.092,0.1,0.592,0.7,0.192
107,3,0.35,0.629,0.85,0.229,0.35,0.771,0.85,0.371
108,3,0.6,0.95,1.0,0.55,0.6,0.95,1.0,0.55
109,,0.45,0.8,0.85,0.4,0.45,0.8,0.85,0.4
110,,0.3,0.65,0.7,0.25,0.3,0.65,0.7,0.25
111,,0.15,0.5,0.55,0.1,0.15,0.5,0.55,0.1
112,,0.0,0.35,0.4,-0.05,0.0,0.35,0.4,-0.05
113,8,0.321,0.6,0.579,0.1,0.179,0.6,0.721,0.95
114,8,0.642,0.85,0.758,0.25,0.358,0.85,1.0,1.0
115,,0.492,0.7,0.608,0.1,0.208,0.7,0.85,0.85
116,,0.342,0.55,0.458,-0.05,0.058,0.55,0.7,0.7
117,4,0.521,0.8,0.779,0.95,0.379,0.8,0.879,0.85
118,4,0.7,1.0,1.0,1.0,0.7,1.0,1.0,1.0
119,,0.55,0.85,0.85,0.85,0.55,0.85,0.85,0.85
120,,0.4,0.7,0.7,0.7,0.4,0.7,0.7,0.7
121,,0.25,0.55,0.55,0.55,0.25,0.55,0.55,0.55
122,,0.1,0.4,0.4,0.4,0.1,0.4,0.4,0.4
123,,-0.05,0.25,0.25,0.25,-0.05,0.25,0.25,0.25
124,1,0.95,0.571,0.5,0.429,0.1,0.429,0.5,0.571
125,1,1.0,0.892,0.75,0.608,0.25,0.608,0.75,0.892
126,,0.85,0.742,0.6,0.458,0.1,0.458,0.6,0.742
127,,0.7,0.592,0.45,0.308,-0.05,0.308,0.45,0.592
128,5,0.85,0.771,0.7,0.629,0.95,0.629,0.7,0.771
129,5,1.0,0.95,0.95,0.95,1.0,0.95,0.95,0.95
130,,0.85,0.8,0.8,0.8,0.85,0.8,0.8,0.8
131,,0.7,0.65,0.65,0.65,0.7,0.65,0.65,0.65
132,,0.55,0.5,0.5,0.5,0.55,0.5,0.5,0.5
133,,0.4,0.35,0.35,0.35,0.4,0.35,0.35,0.35
134,,0.25,0.2,0.2,0.2,0.25,0.2,0.2,0.2
135,,0.1,0.05,0.05,0.05,0.1,0.05,0.05,0.05
136,,-0.05,-0.1,-0.1,-0.1,-0.05,-0.1,-0.1,-0.1
137,4,0.129,0.15,0.221,0.9,0.271,0.15,0.079,0.05
138,4,0.308,0.4,0.542,1.0,0.592,0.4,0.258,0.2
139,,0.158,0.25,0.392,0.85,0.442,0.25,0.108,0.05
140,,0.008,0.1,0.242,0.7,0.292,0.1,-0.042,-0.1
141,8,0.329,0.35,0.421,0.85,0.471,0.35,0.279,0.9
142,8,0.65,0.6,0.6,1.0,0.65,0.6,0.6,1.0
143,,0.5,0.45,0.45,0.85,0.5,0.45,0.45,0.85
144,,0.35,0.3,0.3,0.7,0.35,0.3,0.3,0.7
145,,0.2,0.15,0.15,0.55,0.2,0.15,0.15,0.55
146,,0.05,0.0,0.0,0.4,0.05,0.0,0.0,0.4
147,,-0.1,-0.15,-0.15,0.25,-0.1,-0.15,-0.15,0.25
148,7,0.15,0.029,0.0,0.429,0.15,0.171,0.85,0.571
149,7,0.4,0.208,0.15,0.608,0.4,0.492,1.0,0.892
150,,0.25,0.058,0.0,0.458,0.25,0.342,0.85,0.742
151,,0.1,-0.092,-0.15,0.308,0.1,0.192,0.7,0.592
152,3,0.35,0.229,0.85,0.629,0.35,0.371,0.85,0.771
153,3,0.6,0.55,1.0,0.95,0.6,0.55,1.0,0.95
154,,0.45,0.4,0.85,0.8,0.45,0.4,0.85,0.8
155,,0.3,0.25,0.7,0.65,0.3,0.25,0.7,0.65
156,,0.15,0.1,0.55,0.5,0.15,0.1,0.55,0.5
157,,0.0,-0.05,0.4,0.35,0.0,-0.05,0.4,0.35
158,6,0.179,0.1,0.579,0.6,0.321,0.95,0.721,0.6
159,6,0.358,0.25,0.758,0.85,0.642,1.0,1.0,0.85
160,,0.208,0.1,0.608,0.7,0.492,0.85,0.85,0.7
161,,0.058,-0.05,0.458,0.55,0.342,0.7,0.7,0.55
162,2,0.379,0.95,0.779,0.8,0.521,0.85,0.879,0.8
163,2,0.7,1.0,1.0,1.0,0.7,1.0,1.0,1.0
164,,0.55,0.85,0.85,0.85,0.55,0.85,0.85,0.85
165,,0.4,0.7,0.7,0.7,0.4,0.7,0.7,0.7
166,,0.25,0.55,0.55,0.55,0.25,0.55,0.55,0.55
167,,0.1,0.4,0.4,0.4,0.1,0.4,0.4,0.4
168,,-0.05,0.25,0.25,0.25,-0.05,0.25,0.25,0.25
169,1,0.95,0.571,0.5,0.429,0.1,0.429,0.5,0.571
170,1,1.0,0.892,0.75,0.608,0.25,0.608,0.75,0.892
171,,0.85,0.742,0.6,0.458,0.1,0.458,0.6,0.742
172,,0.7,0.592,0.45,0.308,-0.05,0.308,0.45,0.592
173,5,0.85,0.771,0.7,0.629,0.95,0.629,0.7,0.771
174,5,1.0,0.95,0.95,0.95,1.0,0.95,0.95,0.95
175,,0.85,0.8,0.8,0.8,0.85,0.8,0.8,0.8
176,,0.7,0.65,0.65,0.65,0.7,0.65,0.65,0.65
177,,0.55,0.5,0.5,0.5,0.55,0.5,0.5,0.5
178,,0.4,0.35,0.35,0.35,0.4,0.35,0.35,0.35
179,,0.25,0.2,0.2,0.2,0.25,0.2,0.2,0.2
180,,0.1,0.05,0.05,0.05,0.1,0.05,0.05,0.05
181,,-0.05,-0.1,-0.1,-0.1,-0.05,-0.1,-0.1,-0.1
182,6,0.129,0.05,0.079,0.15,0.271,0.9,0.221,0.15
183,6,0.308,0.2,0.258,0.4,0.592,1.0,0.542,0.4
184,,0.158,0.05,0.108,0.25,0.442,0.85,0.392,0.25
185,,0.008,-0.1,-0.042,0.1,0.292,0.7,0.242,0.1
186,2,0.329,0.9,0.279,0.35,0.471,0.85,0.421,0.35
187,2,0.65,1.0,0.6,0.6,0.65,1.0,0.6,0.6
188,,0.5,0.85,0.45,0.45,0.5,0.85,0.45,0.45
189,,0.35,0.7,0.3,0.3,0.35,0.7,0.3,0.3
190,,0.2,0.55,0.15,0.15,0.2,0.55,0.15,0.15
191,,0.05,0.4,0.0,0.0,0.05,0.4,0.0,0.0
192,,-0.1,0.25,-0.15,-0.15,-0.1,0.25,-0.15,-0.15
193,3,0.15,0.571,0.85,0.171,0.15,0.429,0.0,0.029
194,3,0.4,0.892,1.0,0.492,0.4,0.608,0.15,0.208
195,,0.25,0.742,0.85,0.342,0.25,0.458,0.0,0.058
196,,0.1,0.592,0.7,0.192,0.1,0.308,-0.15,-0.092
197,7,0.35,0.771,0.85,0.371,0.35,0.629,0.85,0.229
198,7,0.6,0.95,1.0,0.55,0.6,0.95,1.0,0.55
199,,0.45,0.8,0.85,0.4,0.45,0.8,0.85,0.4
200,,0.3,0.65,0.7,0.25,0.3,0.65,0.7,0.25
201,,0.15,0.5,0.55,0.1,0.15,0.5,0.55,0.1
202,,0.0,0.35,0.4,-0.05,0.0,0.35,0.4,-0.05
203,4,0.179,0.6,0.721,0.95,0.321,0.6,0.579,0.1
204,4,0.358,0.85,1.0,1.0,0.642,0.85,0.758,0.25
205,,0.208,0.7,0.85,0.85,0.492,0.7,0.608,0.1
206,,0.058,0.55,0.7,0.7,0.342,0.55,0.458,-0.05
207,8,0.379,0.8,0.879,0.85,0.521,0.8,0.779,0.95
208,8,0.7,1.0,1.0,1.0,0.7,1.0,1.0,1.0
209,,0.55,0.85,0.85,0.85,0.55,0.85,0.85,0.85
210,,0.4,0.7,0.7,0.7,0.4,0.7,0.7,0.7
211,,0.25,0.55,0.55,0.55,0.25,0.55,0.55,0.55
212,,0.1,0.4,0.4,0.4,0.1,0.4,0.4,0.4
213,,-0.05,0.25,0.25,0.25,-0.05,0.25,0.25,0.25
214,5,0.1,0.429,0.5,0.571,0.95,0.571,0.5,0.429
215,5,0.25,0.608,0.75,0.892,1.0,0.892,0.75,0.608
216,,0.1,0.458,0.6,0.742,0.85,0.742,0.6,0.458
217,,-0.05,0.308,0.45,0.592,0.7,0.592,0.45,0.308
218,1,0.95,0.629,0.7,0.771,0.85,0.771,0.7,0.629
219,1,1.0,0.95,0.95,0.95,1.0,0.95,0.95,0.95
220,,0.85,0.8,0.8,0.8,0.85,0.8,0.8,0.8
221,,0.7,0.65,0.65,0.65,0.7,0.65,0.65,0.65
222,,0.55,0.5,0.5,0.5,0.55,0.5,0.5,0.5
223,,0.4,0.35,0.35,0.35,0.4,0.35,0.35,0.35
224,,0.25,0.2,0.2,0.2,0.25,0.2,0.2,0.2
225,,0.1,0.05,0.05,0.05,0.1,0.05,0.05,0.05
226,,-0.05,-0.1,-0.1,-0.1,-0.05,-0.1,-0.1,-0.1
227,3,0.2,0.221,0.9,0.221,0.2,0.079,0.05,0.079
228,3,0.45,0.542,1.0,0.542,0.45,0.258,0.2,0.258
229,,0.3,0.392,0.85,0.392,0.3,0.108,0.05,0.108
230,,0.15,0.242,0.7,0.242,0.15,-0.042,-0.1,-0.042
231,7,0.4,0.421,0.85,0.421,0.4,0.279,0.9,0.279
232,7,0.65,0.6,1.0,0.6,0.65,0.6,1.0,0.6
233,,0.5,0.45,0.85,0.45,0.5,0.45,0.85,0.45
234,,0.35,0.3,0.7,0.3,0.35,0.3,0.7,0.3
235,,0.2,0.15,0.55,0.15,0.2,0.15,0.55,0.15
236,,0.05,0.0,0.4,0.0,0.05,0.0,0.4,0.0
237,,-0.1,-0.15,0.25,-0.15,-0.1,-0.15,0.25,-0.15
238,8,0.221,0.1,0.429,0.0,0.079,0.1,0.571,0.85
239,8,0.542,0.35,0.608,0.15,0.258,0.35,0.892,1.0
240,,0.392,0.2,0.458,0.0,0.108,0.2,0.742,0.85
241,,0.242,0.05,0.308,-0.15,-0.042,0.05,0.592,0.7
242,4,0.421,0.3,0.629,0.85,0.279,0.3,0.771,0.85
243,4,0.6,0.55,0.95,1.0,0.6,0.55,0.95,1.0
244,,0.45,0.4,0.8,0.85,0.45,0.4,0.8,0.85
245,,0.3,0.25,0.65,0.7,0.3,0.25,0.65,0.7
246,,0.15,0.1,0.5,0.55,0.15,0.1,0.5,0.55
247,,0.0,-0.05,0.35,0.4,0.0,-0.05,0.35,0.4
248,2,0.321,0.95,0.671,0.65,0.179,0.1,0.529,0.65
249,2,0.642,1.0,0.992,0.9,0.358,0.25,0.708,0.9
250,,0.492,0.85,0.842,0.75,0.208,0.1,0.558,0.75
251,,0.342,0.7,0.692,0.6,0.058,-0.05,0.408,0.6
252,6,0.521,0.85,0.871,0.85,0.379,0.95,0.729,0.85
253,6,0.7,1.0,1.0,1.0,0.7,1.0,1.0,1.0
254,,0.55,0.85,0.85,0.85,0.55,0.85,0.85,0.85
255,,0.4,0.7,0.7,0.7,0.4,0.7,0.7,0.7
256,,0.25,0.55,0.55,0.55,0.25,0.55,0.55,0.55
257,,0.1,0.4,0.4,0.4,0.1,0.4,0.4,0.4
258,,-0.05,0.25,0.25,0.25,-0.05,0.25,0.25,0.25
259,1,0.95,0.571,0.5,0.429,0.1,0.429,0.5,0.571
260,1,1.0,0.892,0.75,0.608,0.25,0.608,0.75,0.892
261,,0.85,0.742,0.6,0.458,0.1,0.458,0.6,0.742
262,,0.7,0.592,0.45,0.308,-0.05,0.308,0.45,0.592
263,5,0.85,0.771,0.7,0.629,0.95,0.629,0.7,0.771
264,5,1.0,0.95,0.95,0.95,1.0,0.95,0.95,0.95
265,,0.85,0.8,0.8,0.8,0.85,0.8,0.8,0.8
266,,0.7,0.65,0.65,0.65,0.7,0.65,0.65,0.65
267,,0.55,0.5,0.5,0.5,0.55,0.5,0.5,0.5
268,,0.4,0.35,0.35,0.35,0.4,0.35,0.35,0.35
269,,0.25,0.2,0.2,0.2,0.25,0.2,0.2,0.2
270,,0.1,0.05,0.05,0.05,0.1,0.05,0.05,0.05
271,,-0.05,-0.1,-0.1,-0.1,-0.05,-0.1,-0.1,-0.1
272,6,0.129,0.05,0.079,0.15,0.271,0.9,0.221,0.15
273,6,0.308,0.2,0.258,0.4,0.592,1.0,0.542,0.4
274,,0.158,0.05,0.108,0.25,0.442,0.85,0.392,0.25
275,,0.008,-0.1,-0.042,0.1,0.292,0.7,0.242,0.1
276,2,0.329,0.9,0.279,0.35,0.471,0.85,0.421,0.35
277,2,0.65,1.0,0.6,0.6,0.65,1.0,0.6,0.6
278,,0.5,0.85,0.45,0.45,0.5,0.85,0.45,0.45
279,,0.35,0.7,0.3,0.3,0.35,0.7,0.3,0.3
280,,0.2,0.55,0.15,0.15,0.2,0.55,0.15,0.15
281,,0.05,0.4,0.0,0.0,0.05,0.4,0.0,0.0
282,,-0.1,0.25,-0.15,-0.15,-0.1,0.25,-0.15,-0.15
283,3,0.15,0.571,0.85,0.171,0.15,0.429,0.0,0.029
284,3,0.4,0.892,1.0,0.492,0.4,0.608,0.15,0.208
285,,0.25,0.742,0.85,0.342,0.25,0.458,0.0,0.058
286,,0.1,0.592,0.7,0.192,0.1,0.308,-0.15,-0.092
287,7,0.35,0.771,0.85,0.371,0.35,0.629,0.85,0.229
288,7,0.6,0.95,1.0,0.55,0.6,0.95,1.0,0.55
289,,0.45,0.8,0.85,0.4,0.45,0.8,0.85,0.4
290,,0.3,0.65,0.7,0.25,0.3,0.65,0.7,0.25
291,,0.15,0.5,0.55,0.1,0.15,0.5,0.55,0.1
292,,0.0,0.35,0.4,-0.05,0.0,0.35,0.4,-0.05
293,4,0.179,0.6,0.721,0.95,0.321,0.6,0.579,0.1
294,4,0.358,0.85,1.0,1.0,0.642,0.85,0.758,0.25
295,,0.208,0.7,0.85,0.85,0.492,0.7,0.608,0.1
296,,0.058,0.55,0.7,0.7,0.342,0.55,0.458,-0.05
297,8,0.379,0.8,0.879,0.85,0.521,0.8,0.779,0.95
298,8,0.7,1.0,1.0,1.0,0.7,1.0,1.0,1.0
299,,0.55,0.85,0.85,0.85,0.55,0.85,0.85,0.85
300,,0.4,0.7,0.7,0.7,0.4,0.7,0.7,0.7
301,,0.25,0.55,0.55,0.55,0.25,0.55,0.55,0.55
302,,0.1,0.4,0.4,0.4,0.1,0.4,0.4,0.4
303,,-0.05,0.25,0.25,0.25,-0.05,0.25,0.25,0.25
304,5,0.1,0.429,0.5,0.571,0.95,0.571,0.5,0.429
305,5,0.25,0.608,0.75,0.892,1.0,0.892,0.75,0.608
306,,0.1,0.458,0.6,0.742,0.85,0.742,0.6,0.458
307,,-0.05,0.308,0.45,0.592,0.7,0.592,0.45,0.308
308,1,0.95,0.629,0.7,0.771,0.85,0.771,0.7,0.629
309,1,1.0,0.95,0.95,0.95,1.0,0.95,0.95,0.95
310,,0.85,0.8,0.8,0.8,0.85,0.8,0.8,0.8
311,,0.7,0.65,0.65,0.65,0.7,0.65,0.65,0.65
312,,0.55,0.5,0.5,0.5,0.55,0.5,0.5,0.5
313,,0.4,0.35,0.35,0.35,0.4,0.35,0.35,0.35
314,,0.25,0.2,0.2,0.2,0.25,0.2,0.2,0.2
315,,0.1,0.05,0.05,0.05,0.1,0.05,0.05,0.05
316,,-0.05,-0.1,-0.1,-0.1,-0.05,-0.1,-0.1,-0.1
317,8,0.271,0.15,0.079,0.05,0.129,0.15,0.221,0.9
318,8,0.592,0.4,0.258,0.2,0.308,0.4,0.542,1.0
319,,0.442,0.25,0.108,0.05,0.158,0.25,0.392,0.85
320,,0.292,0.1,-0.042,-0.1,0.008,0.1,0.242,0.7
321,4,0.471,0.35,0.279,0.9,0.329,0.35,0.421,0.85
322,4,0.65,0.6,0.6,1.0,0.65,0.6,0.6,1.0
323,,0.5,0.45,0.45,0.85,0.5,0.45,0.45,0.85
324,,0.35,0.3,0.3,0.7,0.35,0.3,0.3,0.7
325,,0.2,0.15,0.15,0.55,0.2,0.15,0.15,0.55
326,,0.05,0.0,0.0,0.4,0.05,0.0,0.0,0.4
327,,-0.1,-0.15,-0.15,0.25,-0.1,-0.15,-0.15,0.25
328,3,0.15,0.171,0.85,0.571,0.15,0.029,0.0,0.429
329,3,0.4,0.492,1.0,0.892,0.4,0.208,0.15,0.608
330,,0.25,0.342,0.85,0.742,0.25,0.058,0.0,0.458
331,,0.1,0.192,0.7,0.592,0.1,-0.092,-0.15,0.308
332,7,0.35,0.371,0.85,0.771,0.35,0.229,0.85,0.629
333,7,0.6,0.55,1.0,0.95,0.6,0.55,1.0,0.95
334,,0.45,0.4,0.85,0.8,0.45,0.4,0.85,0.8
335,,0.3,0.25,0.7,0.65,0.3,0.25,0.7,0.65
336,,0.15,0.1,0.55,0.5,0.15,0.1,0.55,0.5
337,,0.0,-0.05,0.4,0.35,0.0,-0.05,0.4,0.35
338,2,0.321,0.95,0.721,0.6,0.179,0.1,0.579,0.6
339,2,0.642,1.0,1.0,0.85,0.358,0.25,0.758,0.85
340,,0.492,0.85,0.85,0.7,0.208,0.1,0.608,0.7
341,,0.342,0.7,0.7,0.55,0.058,-0.05,0.458,0.55
342,6,0.521,0.85,0.879,0.8,0.379,0.95,0.779,0.8
343,6,0.7,1.0,1.0,1.0,0.7,1.0,1.0,1.0
344,,0.55,0.85,0.85,0.85,0.55,0.85,0.85,0.85
345,,0.4,0.7,0.7,0.7,0.4,0.7,0.7,0.7
346,,0.25,0.55,0.55,0.55,0.25,0.55,0.55,0.55
347,,0.1,0.4,0.4,0.4,0.1,0.4,0.4,0.4
348,,-0.05,0.25,0.25,0.25,-0.05,0.25,0.25,0.25
349,1,0.95,0.571,0.5,0.429,0.1,0.429,0.5,0.571
350,1,1.0,0.892,0.75,0.608,0.25,0.608,0.75,0.892
351,,0.85,0.742,0.6,0.458,0.1,0.458,0.6,0.742
352,,0.7,0.592,0.45,0.308,-0.05,0.308,0.45,0.592
353,5,0.85,0.771,0.7,0.629,0.95,0.629,0.7,0.771
354,5,1.0,0.95,0.95,0.95,1.0,0.95,0.95,0.95
355,,0.85,0.8,0.8,0.8,0.85,0.8,0.8,0.8
356,,0.7,0.65,0.65,0.65,0.7,0.65,0.65,0.65
357,,0.55,0.5,0.5,0.5,0.55,0.5,0.5,0.5
358,,0.4,0.35,0.35,0.35,0.4,0.35,0.35,0.35
359,,0.25,0.2,0.2,0.2,0.25,0.2,0.2,0.2
360,,0.1,0.05,0.05,0.05,0.1,0.05,0.05,0.05
361,,-0.05,-0.1,-0.1,-0.1,-0.05,-0.1,-0.1,-0.1
362,6,0.129,0.05,0.079,0.15,0.271,0.9,0.221,0.15
363,6,0.308,0.2,0.258,0.4,0.592,1.0,0.542,0.4
364,,0.158,0.05,0.108,0.25,0.442,0.85,0.392,0.25
365,,0.008,-0.1,-0.042,0.1,0.292,0.7,0.242,0.1
366,2,0.329,0.9,0.279,0.35,0.471,0.85,0.421,0.35
367,2,0.65,1.0,0.6,0.6,0.65,1.0,0.6,0.6
368,,0.5,0.85,0.45,0.45,0.5,0.85,0.45,0.45
369,,0.35,0.7,0.3,0.3,0.35,0.7,0.3,0.3
370,,0.2,0.55,0.15,0.15,0.2,0.55,0.15,0.15
371,,0.05,0.4,0.0,0.0,0.05,0.4,0.0,0.0
372,,-0.1,0.25,-0.15,-0.15,-0.1,0.25,-0.15,-0.15
373,8,0.221,0.5,0.029,0.0,0.079,0.5,0.171,0.85
374,8,0.542,0.75,0.208,0.15,0.258,0.75,0.492,1.0
375,,0.392,0.6,0.058,0.0,0.108,0.6,0.342,0.85
376,,0.242,0.45,-0.092,-0.15,-0.042,0.45,0.192,0.7
377,4,0.421,0.7,0.229,0.85,0.279,0.7,0.371,0.85
378,4,0.6,0.95,0.55,1.0,0.6,0.95,0.55,1.0
379,,0.45,0.8,0.4,0.85,0.45,0.8,0.4,0.85
380,,0.3,0.65,0.25,0.7,0.3,0.65,0.25,0.7
381,,0.15,0.5,0.1,0.55,0.15,0.5,0.1,0.55
382,,0.0,0.35,-0.05,0.4,0.0,0.35,-0.05,0.4
383,7,0.25,0.529,0.1,0.579,0.25,0.671,0.95,0.721
384,7,0.5,0.708,0.25,0.758,0.5,0.992,1.0,1.0
385,,0.35,0.558,0.1,0.608,0.35,0.842,0.85,0.85
386,,0.2,0.408,-0.05,0.458,0.2,0.692,0.7,0.7
387,3,0.45,0.729,0.95,0.779,0.45,0.871,0.85,0.879
388,3,0.7,1.0,1.0,1.0,0.7,1.0,1.0,1.0
389,,0.55,0.85,0.85,0.85,0.55,0.85,0.85,0.85
390,,0.4,0.7,0.7,0.7,0.4,0.7,0.7,0.7
391,,0.25,0.55,0.55,0.55,0.25,0.55,0.55,0.55
392,,0.1,0.4,0.4,0.4,0.1,0.4,0.4,0.4
393,,-0.05,0.25,0.25,0.25,-0.05,0.25,0.25,0.25
394,5,0.1,0.429,0.5,0.571,0.95,0.571,0.5,0.429
395,5,0.25,0.608,0.75,0.892,1.0,0.892,0.75,0.608
396,,0.1,0.458,0.6,0.742,0.85,0.742,0.6,0.458
397,,-0.05,0.308,0.45,0.592,0.7,0.592,0.45,0.308
398,1,0.95,0.629,0.7,0.771,0.85,0.771,0.7,0.629
399,1,1.0,0.95,0.95,0.95,1.0,0.95,0.95,0.95
400,,0.85,0.8,0.8,0.8,0.85,0.8,0.8,0.8
401,,0.7,0.65,0.65,0.65,0.7,0.65,0.65,0.65
402,,0.55,0.5,0.5,0.5,0.55,0.5,0.5,0.5
403,,0.4,0.35,0.35,0.35,0.4,0.35,0.35,0.35
404,,0.25,0.2,0.2,0.2,0.25,0.2,0.2,0.2
405,,0.1,0.05,0.05,0.05,0.1,0.05,0.05,0.05
406,,-0.05,-0.1,-0.1,-0.1,-0.05,-0.1,-0.1,-0.1
407,2,0.271,0.9,0.221,0.15,0.129,0.05,0.079,0.15
408,2,0.592,1.0,0.542,0.4,0.308,0.2,0.258,0.4
409,,0.442,0.85,0.392,0.25,0.158,0.05,0.108,0.25
410,,0.292,0.7,0.242,0.1,0.008,-0.1,-0.042,0.1
411,6,0.471,0.85,0.421,0.35,0.329,0.9,0.279,0.35
412,6,0.65,1.0,0.6,0.6,0.65,1.0,0.6,0.6
413,,0.5,0.85,0.45,0.45,0.5,0.85,0.45,0.45
414,,0.35,0.7,0.3,0.3,0.35,0.7,0.3,0.3
415,,0.2,0.55,0.15,0.15,0.2,0.55,0.15,0.15
416,,0.05,0.4,0.0,0.0,0.05,0.4,0.0,0.0
417,,-0.1,0.25,-0.15,-0.15,-0.1,0.25,-0.15,-0.15
418,8,0.221,0.5,0.029,0.0,0.079,0.5,0.171,0.85
419,8,0.542,0.75,0.208,0.15,0.258,0.75,0.492,1.0
420,,0.392,0.6,0.058,0.0,0.108,0.6,0.342,0.85
421,,0.242,0.45,-0.092,-0.15,-0.042,0.45,0.192,0.7
422,4,0.421,0.7,0.229,0.85,0.279,0.7,0.371,0.85
423,4,0.6,0.95,0.55,1.0,0.6,0.95,0.55,1.0
424,,0.45,0.8,0.4,0.85,0.45,0.8,0.4,0.85
425,,0.3,0.65,0.25,0.7,0.3,0.65,0.25,0.7
426,,0.15,0.5,0.1,0.55,0.15,0.5,0.1,0.55
427,,0.0,0.35,-0.05,0.4,0.0,0.35,-0.05,0.4
428,7,0.25,0.529,0.1,0.579,0.25,0.671,0.95,0.721
429,7,0.5,0.708,0.25,0.758,0.5,0.992,1.0,1.0
430,,0.35,0.558,0.1,0.608,0.35,0.842,0.85,0.85
431,,0.2,0.408,-0.05,0.458,0.2,0.692,0.7,0.7
432,3,0.45,0.729,0.95,0.779,0.45,0.871,0.85,0.879
433,3,0.7,1.0,1.0,1.0,0.7,1.0,1.0,1.0
434,,0.55,0.85,0.85,0.85,0.55,0.85,0.85,0.85
435,,0.4,0.7,0.7,0.7,0.4,0.7,0.7,0.7
436,,0.25,0.55,0.55,0.55,0.25,0.55,0.55,0.55
437,,0.1,0.4,0.4,0.4,0.1,0.4,0.4,0.4
438,,-0.05,0.25,0.25,0.25,-0.05,0.25,0.25,0.25
439,1,0.95,0.571,0.5,0.429,0.1,0.429,0.5,0.571
440,1,1.0,0.892,0.75,0.608,0.25,0.608,0.75,0.892
441,,0.85,0.742,0.6,0.458,0.1,0.458,0.6,0.742
442,,0.7,0.592,0.45,0.308,-0.05,0.308,0.45,0.592
443,5,0.85,0.771,0.7,0.629,0.95,0.629,0.7,0.771
444,5,1.0,0.95,0.95,0.95,1.0,0.95,0.95,0.95
445,,0.85,0.8,0.8,0.8,0.85,0.8,0.8,0.8
446,,0.7,0.65,0.65,0.65,0.7,0.65,0.65,0.65
447,,0.55,0.5,0.5,0.5,0.55,0.5,0.5,0.5
448,,0.4,0.35,0.35,0.35,0.4,0.35,0.35,0.35
449,,0.25,0.2,0.2,0.2,0.25,0.2,0.2,0.2
450,,0.1,0.05,0.05,0.05,0.1,0.05,0.05,0.05
451,,-0.05,-0.1,-0.1,-0.1,-0.05,-0.1,-0.1,-0.1
452,3,0.2,0.221,0.9,0.221,0.2,0.079,0.05,0.079
453,3,0.45,0.542,1.0,0.542,0.45,0.258,0.2,0.258
454,,0.3,0.392,0.85,0.392,0.3,0.108,0.05,0.108
455,,0.15,0.242,0.7,0.242,0.15,-0.042,-0.1,-0.042
456,7,0.4,0.421,0.85,0.421,0.4,0.279,0.9,0.279
457,7,0.65,0.6,1.0,0.6,0.65,0.6,1.0,0.6
458,,0.5,0.45,0.85,0.45,0.5,0.45,0.85,0.45
459,,0.35,0.3,0.7,0.3,0.35,0.3,0.7,0.3
460,,0.2,0.15,0.55,0.15,0.2,0.15,0.55,0.15
461,,0.05,0.0,0.4,0.0,0.05,0.0,0.4,0.0
462,,-0.1,-0.15,0.25,-0.15,-0.1,-0.15,0.25,-0.15
463,2,0.221,0.85,0.571,0.1,0.079,0.0,0.429,0.1
464,2,0.542,1.0,0.892,0.35,0.258,0.15,0.608,0.35
465,,0.392,0.85,0.742,0.2,0.108,0.0,0.458,0.2
466,,0.242,0.7,0.592,0.05,-0.042,-0.15,0.308,0.05
467,6,0.421,0.85,0.771,0.3,0.279,0.85,0.629,0.3
468,6,0.6,1.0,0.95,0.55,0.6,1.0,0.95,0.55
469,,0.45,0.85,0.8,0.4,0.45,0.85,0.8,0.4
470,,0.3,0.7,0.65,0.25,0.3,0.7,0.65,0.25
471,,0.15,0.55,0.5,0.1,0.15,0.55,0.5,0.1
472,,0.0,0.4,0.35,-0.05,0.0,0.4,0.35,-0.05
473,8,0.321,0.65,0.529,0.1,0.179,0.65,0.671,0.95
474,8,0.642,0.9,0.708,0.25,0.358,0.9,0.992,1.0
475,,0.492,0.75,0.558,0.1,0.208,0.75,0.842,0.85
476,,0.342,0.6,0.408,-0.05,0.058,0.6,0.692,0.7
477,4,0.521,0.85,0.729,0.95,0.379,0.85,0.871,0.85
478,4,0.7,1.0,1.0,1.0,0.7,1.0,1.0,1.0
479,,0.55,0.85,0.85,0.85,0.55,0.85,0.85,0.85
480,,0.4,0.7,0.7,0.7,0.4,0.7,0.7,0.7
481,,0.25,0.55,0.55,0.55,0.25,0.55,0.55,0.55
482,,0.1,0.4,0.4,0.4,0.1,0.4,0.4,0.4
483,,-0.05,0.25,0.25,0.25,-0.05,0.25,0.25,0.25
484,5,0.1,0.429,0.5,0.571,0.95,0.571,0.5,0.429
485,5,0.25,0.608,0.75,0.892,1.0,0.892,0.75,0.608
486,,0.1,0.458,0.6,0.742,0.85,0.742,0.6,0.458
487,,-0.05,0.308,0.45,0.592,0.7,0.592,0.45,0.308
488,1,0.95,0.629,0.7,0.771,0.85,0.771,0.7,0.629
489,1,1.0,0.95,0.95,0.95,1.0,0.95,0.95,0.95
490,,0.85,0.8,0.8,0.8,0.85,0.8,0.8,0.8
491,,0.7,0.65,0.65,0.65,0.7,0.65,0.65,0.65
492,,0.55,0.5,0.5,0.5,0.55,0.5,0.5,0.5
493,,0.4,0.35,0.35,0.35,0.4,0.35,0.35,0.35
494,,0.25,0.2,0.2,0.2,0.25,0.2,0.2,0.2
495,,0.1,0.05,0.05,0.05,0.1,0.05,0.05,0.05
496,,-0.05,-0.1,-0.1,-0.1,-0.05,-0.1,-0.1,-0.1
497,6,0.129,0.05,0.079,0.15,0.271,0.9,0.221,0.15
498,6,0.308,0.2,0.258,0.4,0.592,1.0,0.542,0.4
499,,0.158,0.05,0.108,0.25,0.442,0.85,0.392,0.25
500,,0.008,-0.1,-0.042,0.1,0.292,0.7,0.242,0.1
501,2,0.329,0.9,0.279,0.35,0.471,0.85,0.421,0.35
502,2,0.65,1.0,0.6,0.6,0.65,1.0,0.6,0.6
503,,0.5,0.85,0.45,0.45,0.5,0.85,0.45,0.45
504,,0.35,0.7,0.3,0.3,0.35,0.7,0.3,0.3
505,,0.2,0.55,0.15,0.15,0.2,0.55,0.15,0.15
506,,0.05,0.4,0.0,0.0,0.05,0.4,0.0,0.0
507,,-0.1,0.25,-0.15,-0.15,-0.1,0.25,-0.15,-0.15
508,3,0.15,0.571,0.85,0.171,0.15,0.429,0.0,0.029
509,3,0.4,0.892,1.0,0.492,0.4,0.608,0.15,0.208
510,,0.25,0.742,0.85,0.342,0.25,0.458,0.0,0.058
511,,0.1,0.592,0.7,0.192,0.1,0.308,-0.15,-0.092
512,7,0.35,0.771,0.85,0.371,0.35,0.629,0.85,0.229
513,7,0.6,0.95,1.0,0.55,0.6,0.95,1.0,0.55
514,,0.45,0.8,0.85,0.4,0.45,0.8,0.85,0.4
515,,0.3,0.65,0.7,0.25,0.3,0.65,0.7,0.25
516,,0.15,0.5,0.55,0.1,0.15,0.5,0.55,0.1
517,,0.0,0.35,0.4,-0.05,0.0,0.35,0.4,-0.05
518,4,0.179,0.6,0.721,0.95,0.321,0.6,0.579,0.1
519,4,0.358,0.85,1.0,1.0,0.642,0.85,0.758,0.25
520,,0.208,0.7,0.85,0.85,0.492,0.7,0.608,0.1
521,,0.058,0.55,0.7,0.7,0.342,0.55,0.458,-0.05
522,8,0.379,0.8,0.879,0.85,0.521,0.8,0.779,0.95
523,8,0.7,1.0,1.0,1.0,0.7,1.0,1.0,1.0
524,,0.55,0.85,0.85,0.85,0.55,0.85,0.85,0.85
525,,0.4,0.7,0.7,0.7,0.4,0.7,0.7,0.7
526,,0.25,0.55,0.55,0.55,0.25,0.55,0.55,0.55
527,,0.1,0.4,0.4,0.4,0.1,0.4,0.4,0.4
528,,-0.05,0.25,0.25,0.25,-0.05,0.25,0.25,0.25
529,5,0.1,0.429,0.5,0.571,0.95,0.571,0.5,0.429
530,5,0.25,0.608,0.75,0.892,1.0,0.892,0.75,0.608
531,,0.1,0.458,0.6,0.742,0.85,0.742,0.6,0.458
532,,-0.05,0.308,0.45,0.592,0.7,0.592,0.45,0.308
533,1,0.95,0.629,0.7,0.771,0.85,0.771,0.7,0.629
534,1,1.0,0.95,0.95,0.95,1.0,0.95,0.95,0.95
535,,0.85,0.8,0.8,0.8,0.85,0.8,0.8,0.8
536,,0.7,0.65,0.65,0.65,0.7,0.65,0.65,0.65
537,,0.55,0.5,0.5,0.5,0.55,0.5,0.5,0.5
538,,0.4,0.35,0.35,0.35,0.4,0.35,0.35,0.35
539,,0.25,0.2,0.2,0.2,0.25,0.2,0.2,0.2
540,,0.1,0.05,0.05,0.05,0.1,0.05,0.05,0.05
541,,-0.05,-0.1,-0.1,-0.1,-0.05,-0.1,-0.1,-0.1
542,4,0.129,0.15,0.221,0.9,0.271,0.15,0.079,0.05
543,4,0.308,0.4,0.542,1.0,0.592,0.4,0.258,0.2
544,,0.158,0.25,0.392,0.85,0.442,0.25,0.108,0.05
545,,0.008,0.1,0.242,0.7,0.292,0.1,-0.042,-0.1
546,8,0.329,0.35,0.421,0.85,0.471,0.35,0.279,0.9
547,8,0.65,0.6,0.6,1.0,0.65,0.6,0.6,1.0
548,,0.5,0.45,0.45,0.85,0.5,0.45,0.45,0.85
549,,0.35,0.3,0.3,0.7,0.35,0.3,0.3,0.7
550,,0.2,0.15,0.15,0.55,0.2,0.15,0.15,0.55
551,,0.05,0.0,0.0,0.4,0.05,0.0,0.0,0.4
552,,-0.1,-0.15,-0.15,0.25,-0.1,-0.15,-0.15,0.25
553,6,0.079,0.0,0.029,0.5,0.221,0.85,0.171,0.5
554,6,0.258,0.15,0.208,0.75,0.542,1.0,0.492,0.75
555,,0.108,0.0,0.058,0.6,0.392,0.85,0.342,0.6
556,,-0.042,-0.15,-0.092,0.45,0.242,0.7,0.192,0.45
557,2,0.279,0.85,0.229,0.7,0.421,0.85,0.371,0.7
558,2,0.6,1.0,0.55,0.95,0.6,1.0,0.55,0.95
559,,0.45,0.85,0.4,0.8,0.45,0.85,0.4,0.8
560,,0.3,0.7,0.25,0.65,0.3,0.7,0.25,0.65
561,,0.15,0.55,0.1,0.5,0.15,0.55,0.1,0.5
562,,0.0,0.4,-0.05,0.35,0.0,0.4,-0.05,0.35
563,3,0.25,0.721,0.95,0.671,0.25,0.579,0.1,0.529
564,3,0.5,1.0,1.0,0.992,0.5,0.758,0.25,0.708
565,,0.35,0.85,0.85,0.842,0.35,0.608,0.1,0.558
566,,0.2,0.7,0.7,0.692,0.2,0.458,-0.05,0.408
567,7,0.45,0.879,0.85,0.871,0.45,0.779,0.95,0.729
568,7,0.7,1.0,1.0,1.0,0.7,1.0,1.0,1.0
569,,0.55,0.85,0.85,0.85,0.55,0.85,0.85,0.85
570,,0.4,0.7,0.7,0.7,0.4,0.7,0.7,0.7
571,,0.25,0.55,0.55,0.55,0.25,0.55,0.55,0.55
572,,0.1,0.4,0.4,0.4,0.1,0.4,0.4,0.4
573,,-0.05,0.25,0.25,0.25,-0.05,0.25,0.25,0.25
574,1,0.95,0.571,0.5,0.429,0.1,0.429,0.5,0.571
575,1,1.0,0.892,0.75,0.608,0.25,0.608,0.75,0.892
576,,0.85,0.742,0.6,0.458,0.1,0.458,0.6,0.742
577,,0.7,0.592,0.45,0.308,-0.05,0.308,0.45,0.592
578,5,0.85,0.771,0.7,0.629,0.95,0.629,0.7,0.771
579,5,1.0,0.95,0.95,0.95,1.0,0.95,0.95,0.95
580,,0.85,0.8,0.8,0.8,0.85,0.8,0.8,0.8
581,,0.7,0.65,0.65,0.65,0.7,0.65,0.65,0.65
582,,0.55,0.5,0.5,0.5,0.55,0.5,0.5,0.5
583,,0.4,0.35,0.35,0.35,0.4,0.35,0.35,0.35
584,,0.25,0.2,0.2,0.2,0.25,0.2,0.2,0.2
585,,0.1,0.05,0.05,0.05,0.1,0.05,0.05,0.05
586,,-0.05,-0.1,-0.1,-0.1,-0.05,-0.1,-0.1,-0.1
587,4,0.129,0.15,0.221,0.9,0.271,0.15,0.079,0.05
588,4,0.308,0.4,0.542,1.0,0.592,0.4,0.258,0.2
589,,0.158,0.25,0.392,0.85,0.442,0.25,0.108,0.05
590,,0.008,0.1,0.242,0.7,0.292,0.1,-0.042,-0.1
591,8,0.329,0.35,0.421,0.85,0.471,0.35,0.279,0.9
592,8,0.65,0.6,0.6,1.0,0.65,0.6,0.6,1.0
593,,0.5,0.45,0.45,0.85,0.5,0.45,0.45,0.85
594,,0.35,0.3,0.3,0.7,0.35,0.3,0.3,0.7
595,,0.2,0.15,0.15,0.55,0.2,0.15,0.15,0.55
596,,0.05,0.0,0.0,0.4,0.05,0.0,0.0,0.4
597,,-0.1,-0.15,-0.15,0.25,-0.1,-0.15,-0.15,0.25
598,6,0.079,0.0,0.029,0.5,0.221,0.85,0.171,0.5
599,6,0.258,0.15,0.208,0.75,0.542,1.0,0.492,0.75
600,,0.108,0.0,0.058,0.6,0.392,0.85,0.342,0.6
601,,-0.042,-0.15,-0.092,0.45,0.242,0.7,0.192,0.45
602,2,0.279,0.85,0.229,0.7,0.421,0.85,0.371,0.7
603,2,0.6,1.0,0.55,0.95,0.6,1.0,0.55,0.95
604,,0.45,0.85,0.4,0.8,0.45,0.85,0.4,0.8
605,,0.3,0.7,0.25,0.65,0.3,0.7,0.25,0.65
606,,0.15,0.55,0.1,0.5,0.15,0.55,0.1,0.5
607,,0.0,0.4,-0.05,0.35,0.0,0.4,-0.05,0.35
608,7,0.25,0.579,0.1,0.529,0.25,0.721,0.95,0.671
609,7,0.5,0.758,0.25,0.708,0.5,1.0,1.0,0.992
610,,0.35,0.608,0.1,0.558,0.35,0.85,0.85,0.842
611,,0.2,0.458,-0.05,0.408,0.2,0.7,0.7,0.692
612,3,0.45,0.779,0.95,0.729,0.45,0.879,0.85,0.871
613,3,0.7,1.0,1.0,1.0,0.7,1.0,1.0,1.0
614,,0.55,0.85,0.85,0.85,0.55,0.85,0.85,0.85
615,,0.4,0.7,0.7,0.7,0.4,0.7,0.7,0.7
616,,0.25,0.55,0.55,0.55,0.25,0.55,0.55,0.55
617,,0.1,0.4,0.4,0.4,0.1,0.4,0.4,0.4
618,,-0.05,0.25,0.25,0.25,-0.05,0.25,0.25,0.25
619,5,0.1,0.429,0.5,0.571,0.95,0.571,0.5,0.429
620,5,0.25,0.608,0.75,0.892,1.0,0.892,0.75,0.608
621,,0.1,0.458,0.6,0.742,0.85,0.742,0.6,0.458
622,,-0.05,0.308,0.45,0.592,0.7,0.592,0.45,0.308
623,1,0.95,0.629,0.7,0.771,0.85,0.771,0.7,0.629
624,1,1.0,0.95,0.95,0.95,1.0,0.95,0.95,0.95
625,,0.85,0.8,0.8,0.8,0.85,0.8,0.8,0.8
626,,0.7,0.65,0.65,0.65,0.7,0.65,0.65,0.65
627,,0.55,0.5,0.5,0.5,0.55,0.5,0.5,0.5
628,,0.4,0.35,0.35,0.35,0.4,0.35,0.35,0.35
629,,0.25,0.2,0.2,0.2,0.25,0.2,0.2,0.2
630,,0.1,0.05,0.05,0.05,0.1,0.05,0.05,0.05
631,,-0.05,-0.1,-0.1,-0.1,-0.05,-0.1,-0.1,-0.1
632,4,0.129,0.15,0.221,0.9,0.271,0.15,0.079,0.05
633,4,0.308,0.4,0.542,1.0,0.592,0.4,0.258,0.2
634,,0.158,0.25,0.392,0.85,0.442,0.25,0.108,0.05
635,,0.008,0.1,0.242,0.7,0.292,0.1,-0.042,-0.1
636,8,0.329,0.35,0.421,0.85,0.471,0.35,0.279,0.9
637,8,0.65,0.6,0.6,1.0,0.65,0.6,0.6,1.0
638,,0.5,0.45,0.45,0.85,0.5,0.45,0.45,0.85
639,,0.35,0.3,0.3,0.7,0.35,0.3,0.3,0.7
640,,0.2,0.15,0.15,0.55,0.2,0.15,0.15,0.55
641,,0.05,0.0,0.0,0.4,0.05,0.0,0.0,0.4
642,,-0.1,-0.15,-0.15,0.25,-0.1,-0.15,-0.15,0.25
643,7,0.15,0.029,0.0,0.429,0.15,0.171,0.85,0.571
644,7,0.4,0.208,0.15,0.608,0.4,0.492,1.0,0.892
645,,0.25,0.058,0.0,0.458,0.25,0.342,0.85,0.742
646,,0.1,-0.092,-0.15,0.308,0.1,0.192,0.7,0.592
647,3,0.35,0.229,0.85,0.629,0.35,0.371,0.85,0.771
648,3,0.6,0.55,1.0,0.95,0.6,0.55,1.0,0.95
649,,0.45,0.4,0.85,0.8,0.45,0.4,0.85,0.8
650,,0.3,0.25,0.7,0.65,0.3,0.25,0.7,0.65
651,,0.15,0.1,0.55,0.5,0.15,0.1,0.55,0.5
652,,0.0,-0.05,0.4,0.35,0.0,-0.05,0.4,0.35
653,6,0.179,0.1,0.579,0.6,0.321,0.95,0.721,0.6
654,6,0.358,0.25,0.758,0.85,0.642,1.0,1.0,0.85
655,,0.208,0.1,0.608,0.7,0.492,0.85,0.85,0.7
656,,0.058,-0.05,0.458,0.55,0.342,0.7,0.7,0.55
657,2,0.379,0.95,0.779,0.8,0.521,0.85,0.879,0.8
658,2,0.7,1.0,1.0,1.0,0.7,1.0,1.0,1.0
659,,0.55,0.85,0.85,0.85,0.55,0.85,0.85,0.85
660,,0.4,0.7,0.7,0.7,0.4,0.7,0.7,0.7
661,,0.25,0.55,0.55,0.55,0.25,0.55,0.55,0.55
662,,0.1,0.4,0.4,0.4,0.1,0.4,0.4,0.4
663,,-0.05,0.25,0.25,0.25,-0.05,0.25,0.25,0.25
664,5,0.1,0.429,0.5,0.571,0.95,0.571,0.5,0.429
665,5,0.25,0.608,0.75,0.892,1.0,0.892,0.75,0.608
666,,0.1,0.458,0.6,0.742,0.85,0.742,0.6,0.458
667,,-0.05,0.308,0.45,0.592,0.7,0.592,0.45,0.308
668,1,0.95,0.629,0.7,0.771,0.85,0.771,0.7,0.629
669,1,1.0,0.95,0.95,0.95,1.0,0.95,0.95,0.95
670,,0.85,0.8,0.8,0.8,0.85,0.8,0.8,0.8
671,,0.7,0.65,0.65,0.65,0.7,0.65,0.65,0.65
672,,0.55,0.5,0.5,0.5,0.55,0.5,0.5,0.5
673,,0.4,0.35,0.35,0.35,0.4,0.35,0.35,0.35
674,,0.25,0.2,0.2,0.2,0.25,0.2,0.2,0.2
675,,0.1,0.05,0.05,0.05,0.1,0.05,0.05,0.05
676,,-0.05,-0.1,-0.1,-0.1,-0.05,-0.1,-0.1,-0.1
677,2,0.271,0.9,0.221,0.15,0.129,0.05,0.079,0.15
678,2,0.592,1.0,0.542,0.4,0.308,0.2,0.258,0.4
679,,0.442,0.85,0.392,0.25,0.158,0.05,0.108,0.25
680,,0.292,0.7,0.242,0.1,0.008,-0.1,-0.042,0.1
681,6,0.471,0.85,0.421,0.35,0.329,0.9,0.279,0.35
682,6,0.65,1.0,0.6,0.6,0.65,1.0,0.6,0.6
683,,0.5,0.85,0.45,0.45,0.5,0.85,0.45,0.45
684,,0.35,0.7,0.3,0.3,0.35,0.7,0.3,0.3
685,,0.2,0.55,0.15,0.15,0.2,0.55,0.15,0.15
686,,0.05,0.4,0.0,0.0,0.05,0.4,0.0,0.0
687,,-0.1,0.25,-0.15,-0.15,-0.1,0.25,-0.15,-0.15
688,8,0.221,0.5,0.029,0.0,0.079,0.5,0.171,0.85
689,8,0.542,0.75,0.208,0.15,0.258,0.75,0.492,1.0
690,,0.392,0.6,0.058,0.0,0.108,0.6,0.342,0.85
691,,0.242,0.45,-0.092,-0.15,-0.042,0.45,0.192,0.7
692,4,0.421,0.7,0.229,0.85,0.279,0.7,0.371,0.85
693,4,0.6,0.95,0.55,1.0,0.6,0.95,0.55,1.0
694,,0.45,0.8,0.4,0.85,0.45,0.8,0.4,0.85
695,,0.3,0.65,0.25,0.7,0.3,0.65,0.25,0.7
696,,0.15,0.5,0.1,0.55,0.15,0.5,0.1,0.55
697,,0.0,0.35,-0.05,0.4,0.0,0.35,-0.05,0.4
698,7,0.25,0.529,0.1,0.579,0.25,0.671,0.95,0.721
699,7,0.5,0.708,0.25,0.758,0.5,0.992,1.0,1.0
700,,0.35,0.558,0.1,0.608,0.35,0.842,0.85,0.85
701,,0.2,0.408,-0.05,0.458,0.2,0.692,0.7,0.7
702,3,0.45,0.729,0.95,0.779,0.45,0.871,0.85,0.879
703,3,0.7,1.0,1.0,1.0,0.7,1.0,1.0,1.0
704,,0.55,0.85,0.85,0.85,0.55,0.85,0.85,0.85
705,,0.4,0.7,0.7,0.7,0.4,0.7,0.7,0.7
706,,0.25,0.55,0.55,0.55,0.25,0.55,0.55,0.55
707,,0.1,0.4,0.4,0.4,0.1,0.4,0.4,0.4
708,,-0.05,0.25,0.25,0.25,-0.05,0.25,0.25,0.25
709,1,0.95,0.571,0.5,0.429,0.1,0.429,0.5,0.571
710,1,1.0,0.892,0.75,0.608,0.25,0.608,0.75,0.892
711,,0.85,0.742,0.6,0.458,0.1,0.458,0.6,0.742
712,,0.7,0.592,0.45,0.308,-0.05,0.308,0.45,0.592
713,5,0.85,0.771,0.7,0.629,0.95,0.629,0.7,0.771
714,5,1.0,0.95,0.95,0.95,1.0,0.95,0.95,0.95
715,,0.85,0.8,0.8,0.8,0.85,0.8,0.8,0.8
716,,0.7,0.65,0.65,0.65,0.7,0.65,0.65,0.65
717,,0.55,0.5,0.5,0.5,0.55,0.5,0.5,0.5
718,,0.4,0.35,0.35,0.35,0.4,0.35,0.35,0.35
719,,0.25,0.2,0.2,0.2,0.25,0.2,0.2,0.2
720,,0.1,0.05,0.05,0.05,0.1,0.05,0.05,0.05
721,,-0.05,-0.1,-0.1,-0.1,-0.05,-0.1,-0.1,-0.1
722,2,0.271,0.9,0.221,0.15,0.129,0.05,0.079,0.15
723,2,0.592,1.0,0.542,0.4,0.308,0.2,0.258,0.4
724,,0.442,0.85,0.392,0.25,0.158,0.05,0.108,0.25
725,,0.292,0.7,0.242,0.1,0.008,-0.1,-0.042,0.1
726,6,0.471,0.85,0.421,0.35,0.329,0.9,0.279,0.35
727,6,0.65,1.0,0.6,0.6,0.65,1.0,0.6,0.6
728,,0.5,0.85,0.45,0.45,0.5,0.85,0.45,0.45
729,,0.35,0.7,0.3,0.3,0.35,0.7,0.3,0.3
730,,0.2,0.55,0.15,0.15,0.2,0.55,0.15,0.15
731,,0.05,0.4,0.0,0.0,0.05,0.4,0.0,0.0
732,,-0.1,0.25,-0.15,-0.15,-0.1,0.25,-0.15,-0.15
733,8,0.221,0.5,0.029,0.0,0.079,0.5,0.171,0.85
734,8,0.542,0.75,0.208,0.15,0.258,0.75,0.492,1.0
735,,0.392,0.6,0.058,0.0,0.108,0.6,0.342,0.85
736,,0.242,0.45,-0.092,-0.15,-0.042,0.45,0.192,0.7
737,4,0.421,0.7,0.229,0.85,0.279,0.7,0.371,0.85
738,4,0.6,0.95,0.55,1.0,0.6,0.95,0.55,1.0
739,,0.45,0.8,0.4,0.85,0.45,0.8,0.4,0.85
740,,0.3,0.65,0.25,0.7,0.3,0.65,0.25,0.7
741,,0.15,0.5,0.1,0.55,0.15,0.5,0.1,0.55
742,,0.0,0.35,-0.05,0.4,0.0,0.35,-0.05,0.4
743,7,0.25,0.529,0.1,0.579,0.25,0.671,0.95,0.721
744,7,0.5,0.708,0.25,0.758,0.5,0.992,1.0,1.0
745,,0.35,0.558,0.1,0.608,0.35,0.842,0.85,0.85
746,,0.2,0.408,-0.05,0.458,0.2,0.692,0.7,0.7
747,3,0.45,0.729,0.95,0.779,0.45,0.871,0.85,0.879
748,3,0.7,1.0,1.0,1.0,0.7,1.0,1.0,1.0
749,,0.55,0.85,0.85,0.85,0.55,0.85,0.85,0.85
750,,0.4,0.7,0.7,0.7,0.4,0.7,0.7,0.7
751,,0.25,0.55,0.55,0.55,0.25,0.55,0.55,0.55
752,,0.1,0.4,0.4,0.4,0.1,0.4,0.4,0.4
753,,-0.05,0.25,0.25,0.25,-0.05,0.25,0.25,0.25
754,5,0.1,0.429,0.5,0.571,0.95,0.571,0.5,0.429
755,5,0.25,0.608,0.75,0.892,1.0,0.892,0.75,0.608
756,,0.1,0.458,0.6,0.742,0.85,0.742,0.6,0.458
757,,-0.05,0.308,0.45,0.592,0.7,0.592,0.45,0.308
758,1,0.95,0.629,0.7,0.771,0.85,0.771,0.7,0.629
759,1,1.0,0.95,0.95,0.95,1.0,0.95,0.95,0.95
760,,0.85,0.8,0.8,0.8,0.85,0.8,0.8,0.8
761,,0.7,0.65,0.65,0.65,0.7,0.65,0.65,0.65
762,,0.55,0.5,0.5,0.5,0.55,0.5,0.5,0.5
763,,0.4,0.35,0.35,0.35,0.4,0.35,0.35,0.35
764,,0.25,0.2,0.2,0.2,0.25,0.2,0.2,0.2
765,,0.1,0.05,0.05,0.05,0.1,0.05,0.05,0.05
766,,-0.05,-0.1,-0.1,-0.1,-0.05,-0.1,-0.1,-0.1
767,6,0.129,0.05,0.079,0.15,0.271,0.9,0.221,0.15
768,6,0.308,0.2,0.258,0.4,0.592,1.0,0.542,0.4
769,,0.158,0.05,0.108,0.25,0.442,0.85,0.392,0.25
770,,0.008,-0.1,-0.042,0.1,0.292,0.7,0.242,0.1
771,2,0.329,0.9,0.279,0.35,0.471,0.85,0.421,0.35
772,2,0.65,1.0,0.6,0.6,0.65,1.0,0.6,0.6
773,,0.5,0.85,0.45,0.45,0.5,0.85,0.45,0.45
774,,0.35,0.7,0.3,0.3,0.35,0.7,0.3,0.3
775,,0.2,0.55,0.15,0.15,0.2,0.55,0.15,0.15
776,,0.05,0.4,0.0,0.0,0.05,0.4,0.0,0.0
777,,-0.1,0.25,-0.15,-0.15,-0.1,0.25,-0.15,-0.15
778,4,0.079,0.5,0.171,0.85,0.221,0.5,0.029,0.0
779,4,0.258,0.75,0.492,1.0,0.542,0.75,0.208,0.15
780,,0.108,0.6,0.342,0.85,0.392,0.6,0.058,0.0
781,,-0.042,0.45,0.192,0.7,0.242,0.45,-0.092,-0.15
782,8,0.279,0.7,0.371,0.85,0.421,0.7,0.229,0.85
783,8,0.6,0.95,0.55,1.0,0.6,0.95,0.55,1.0
784,,0.45,0.8,0.4,0.85,0.45,0.8,0.4,0.85
785,,0.3,0.65,0.25,0.7,0.3,0.65,0.25,0.7
786,,0.15,0.5,0.1,0.55,0.15,0.5,0.1,0.55
787,,0.0,0.35,-0.05,0.4,0.0,0.35,-0.05,0.4
788,3,0.25,0.671,0.95,0.721,0.25,0.529,0.1,0.579
789,3,0.5,0.992,1.0,1.0,0.5,0.708,0.25,0.758
790,,0.35,0.842,0.85,0.85,0.35,0.558,0.1,0.608
791,,0.2,0.692,0.7,0.7,0.2,0.408,-0.05,0.458
792,7,0.45,0.871,0.85,0.879,0.45,0.729,0.95,0.779
793,7,0.7,1.0,1.0,1.0,0.7,1.0,1.0,1.0
794,,0.55,0.85,0.85,0.85,0.55,0.85,0.85,0.85
795,,0.4,0.7,0.7,0.7,0.4,0.7,0.7,0.7
796,,0.25,0.55,0.55,0.55,0.25,0.55,0.55,0.55
797,,0.1,0.4,0.4,0.4,0.1,0.4,0.4,0.4
798,,-0.05,0.25,0.25,0.25,-0.05,0.25,0.25,0.25
799,5,0.1,0.429,0.5,0.571,0.95,0.571,0.5,0.429
800,5,0.25,0.608,0.75,0.892,1.0,0.892,0.75,0.608
801,,0.1,0.458,0.6,0.742,0.85,0.742,0.6,0.458
802,,-0.05,0.308,0.45,0.592,0.7,0.592,0.45,0.308
803,1,0.95,0.629,0.7,0.771,0.85,0.771,0.7,0.629
804,1,1.0,0.95,0.95,0.95,1.0,0.95,0.95,0.95
805,,0.85,0.8,0.8,0.8,0.85,0.8,0.8,0.8
806,,0.7,0.65,0.65,0.65,0.7,0.65,0.65,0.65
807,,0.55,0.5,0.5,0.5,0.55,0.5,0.5,0.5
808,,0.4,0.35,0.35,0.35,0.4,0.35,0.35,0.35
809,,0.25,0.2,0.2,0.2,0.25,0.2,0.2,0.2
810,,0.1,0.05,0.05,0.05,0.1,0.05,0.05,0.05
811,,-0.05,-0.1,-0.1,-0.1,-0.05,-0.1,-0.1,-0.1
812,8,0.271,0.15,0.079,0.05,0.129,0.15,0.221,0.9
813,8,0.592,0.4,0.258,0.2,0.308,0.4,0.542,1.0
814,,0.442,0.25,0.108,0.05,0.158,0.25,0.392,0.85
815,,0.292,0.1,-0.042,-0.1,0.008,0.1,0.242,0.7
816,4,0.471,0.35,0.279,0.9,0.329,0.35,0.421,0.85
817,4,0.65,0.6,0.6,1.0,0.65,0.6,0.6,1.0
818,,0.5,0.45,0.45,0.85,0.5,0.45,0.45,0.85
819,,0.35,0.3,0.3,0.7,0.35,0.3,0.3,0.7
820,,0.2,0.15,0.15,0.55,0.2,0.15,0.15,0.55
821,,0.05,0.0,0.0,0.4,0.05,0.0,0.0,0.4
822,,-0.1,-0.15,-0.15,0.25,-0.1,-0.15,-0.15,0.25
823,2,0.221,0.85,0.171,0.5,0.079,0.0,0.029,0.5
824,2,0.542,1.0,0.492,0.75,0.258,0.15,0.208,0.75
825,,0.392,0.85,0.342,0.6,0.108,0.0,0.058,0.6
826,,0.242,0.7,0.192,0.45,-0.042,-0.15,-0.092,0.45
827,6,0.421,0.85,0.371,0.7,0.279,0.85,0.229,0.7
828,6,0.6,1.0,0.55,0.95,0.6,1.0,0.55,0.95
829,,0.45,0.85,0.4,0.8,0.45,0.85,0.4,0.8
830,,0.3,0.7,0.25,0.65,0.3,0.7,0.25,0.65
831,,0.15,0.55,0.1,0.5,0.15,0.55,0.1,0.5
832,,0.0,0.4,-0.05,0.35,0.0,0.4,-0.05,0.35
833,3,0.25,0.721,0.95,0.671,0.25,0.579,0.1,0.529
834,3,0.5,1.0,1.0,0.992,0.5,0.758,0.25,0.708
835,,0.35,0.85,0.85,0.842,0.35,0.608,0.1,0.558
836,,0.2,0.7,0.7,0.692,0.2,0.458,-0.05,0.408
837,7,0.45,0.879,0.85,0.871,0.45,0.779,0.95,0.729
838,7,0.7,1.0,1.0,1.0,0.7,1.0,1.0,1.0
839,,0.55,0.85,0.85,0.85,0.55,0.85,0.85,0.85
840,,0.4,0.7,0.7,0.7,0.4,0.7,0.7,0.7
841,,0.25,0.55,0.55,0.55,0.25,0.55,0.55,0.55
842,,0.1,0.4,0.4,0.4,0.1,0.4,0.4,0.4
843,,-0.05,0.25,0.25,0.25,-0.05,0.25,0.25,0.25
844,1,0.95,0.571,0.5,0.429,0.1,0.429,0.5,0.571
845,1,1.0,0.892,0.75,0.608,0.25,0.608,0.75,0.892
846,,0.85,0.742,0.6,0.458,0.1,0.458,0.6,0.742
847,,0.7,0.592,0.45,0.308,-0.05,0.308,0.45,0.592
848,5,0.85,0.771,0.7,0.629,0.95,0.629,0.7,0.771
849,5,1.0,0.95,0.95,0.95,1.0,0.95,0.95,0.95
850,,0.85,0.8,0.8,0.8,0.85,0.8,0.8,0.8
851,,0.7,0.65,0.65,0.65,0.7,0.65,0.65,0.65
852,,0.55,0.5,0.5,0.5,0.55,0.5,0.5,0.5
853,,0.4,0.35,0.35,0.35,0.4,0.35,0.35,0.35
854,,0.25,0.2,0.2,0.2,0.25,0.2,0.2,0.2
855,,0.1,0.05,0.05,0.05,0.1,0.05,0.05,0.05
856,,-0.05,-0.1,-0.1,-0.1,-0.05,-0.1,-0.1,-0.1
857,7,0.2,0.079,0.05,0.079,0.2,0.221,0.9,0.221
858,7,0.45,0.258,0.2,0.258,0.45,0.542,1.0,0.542
859,,0.3,0.108,0.05,0.108,0.3,0.392,0.85,0.392
860,,0.15,-0.042,-0.1,-0.042,0.15,0.242,0.7,0.242
861,3,0.4,0.279,0.9,0.279,0.4,0.421,0.85,0.421
862,3,0.65,0.6,1.0,0.6,0.65,0.6,1.0,0.6
863,,0.5,0.45,0.85,0.45,0.5,0.45,0.85,0.45
864,,0.35,0.3,0.7,0.3,0.35,0.3,0.7,0.3
865,,0.2,0.15,0.55,0.15,0.2,0.15,0.55,0.15
866,,0.05,0.0,0.4,0.0,0.05,0.0,0.4,0.0
867,,-0.1,-0.15,0.25,-0.15,-0.1,-0.15,0.25,-0.15
868,4,0.079,0.1,0.571,0.85,0.221,0.1,0.429,0.0
869,4,0.258,0.35,0.892,1.0,0.542,0.35,0.608,0.15
870,,0.108,0.2,0.742,0.85,0.392,0.2,0.458,0.0
871,,-0.042,0.05,0.592,0.7,0.242,0.05,0.308,-0.15
872,8,0.279,0.3,0.771,0.85,0.421,0.3,0.629,0.85
873,8,0.6,0.55,0.95,1.0,0.6,0.55,0.95,1.0
874,,0.45,0.4,0.8,0.85,0.45,0.4,0.8,0.85
875,,0.3,0.25,0.65,0.7,0.3,0.25,0.65,0.7
876,,0.15,0.1,0.5,0.55,0.15,0.1,0.5,0.55
877,,0.0,-0.05,0.35,0.4,0.0,-0.05,0.35,0.4
878,6,0.179,0.1,0.529,0.65,0.321,0.95,0.671,0.65
879,6,0.358,0.25,0.708,0.9,0.642,1.0,0.992,0.9
880,,0.208,0.1,0.558,0.75,0.492,0.85,0.842,0.75
881,,0.058,-0.05,0.408,0.6,0.342,0.7,0.692,0.6
882,2,0.379,0.95,0.729,0.85,0.521,0.85,0.871,0.85
883,2,0.7,1.0,1.0,1.0,0.7,1.0,1.0,1.0
884,,0.55,0.85,0.85,0.85,0.55,0.85,0.85,0.85
885,,0.4,0.7,0.7,0.7,0.4,0.7,0.7,0.7
