step,active_motive,motive_1,motive_2,motive_3,motive_4,motive_5,motive_6,motive_7,motive_8
0,,0.02031,0.09429,0.05989,0.06948,0.08805,0.06244,0.02956,0.01055
1,,-0.12969,-0.05571,-0.09011,-0.08052,-0.06195,-0.08756,-0.12044,-0.13945
2,8,0.19131,0.19429,0.08889,0.06948,0.11705,0.16244,0.20056,0.86055
3,8,0.51231,0.44429,0.26789,0.21948,0.29605,0.41244,0.52156,1.0
4,,0.36231,0.29429,0.11789,0.06948,0.14605,0.26244,0.37156,0.85
5,,0.21231,0.14429,-0.03211,-0.08052,-0.00395,0.11244,0.22156,0.7
6,4,0.39131,0.39429,0.28889,0.91948,0.31705,0.36244,0.40056,0.85
7,4,0.57031,0.64429,0.60989,1.0,0.63805,0.61244,0.57956,1.0
8,,0.42031,0.49429,0.45989,0.85,0.48805,0.46244,0.42956,0.85
9,,0.27031,0.34429,0.30989,0.7,0.33805,0.31244,0.27956,0.7
10,,0.12031,0.19429,0.15989,0.55,0.18805,0.16244,0.12956,0.55
11,,-0.02969,0.04429,0.00989,0.4,0.03805,0.01244,-0.02044,0.4
12,1,0.97031,0.36529,0.25989,0.579,0.18805,0.19144,0.22956,0.721
13,1,1.0,0.68629,0.50989,0.758,0.33805,0.37044,0.47956,1.0
14,,0.85,0.53629,0.35989,0.608,0.18805,0.22044,0.32956,0.85
15,,0.7,0.38629,0.20989,0.458,0.03805,0.07044,0.17956,0.7
16,,0.55,0.23629,0.05989,0.308,-0.11195,-0.07956,0.02956,0.55
17,5,0.7,0.41529,0.30989,0.629,0.88805,0.24144,0.27956,0.729
18,5,0.85,0.59429,0.55989,0.95,1.0,0.56244,0.52956,0.908
19,,0.7,0.44429,0.40989,0.8,0.85,0.41244,0.37956,0.758
20,,0.55,0.29429,0.25989,0.65,0.7,0.26244,0.22956,0.608
21,,0.4,0.14429,0.10989,0.5,0.55,0.11244,0.07956,0.458
22,,0.25,-0.00571,-0.04011,0.35,0.4,-0.03756,-0.07044,0.308
23,7,0.5,0.17329,0.10989,0.529,0.65,0.28344,0.92956,0.629
24,7,0.75,0.35229,0.25989,0.708,0.9,0.60444,1.0,0.95
25,,0.6,0.20229,0.10989,0.558,0.75,0.45444,0.85,0.8
26,,0.45,0.05229,-0.04011,0.408,0.6,0.30444,0.7,0.65
27,3,0.7,0.37329,0.95989,0.729,0.85,0.48344,0.85,0.829
28,3,0.95,0.69429,1.0,1.0,1.0,0.66244,1.0,1.0
29,,0.8,0.54429,0.85,0.85,0.85,0.51244,0.85,0.85
30,,0.65,0.39429,0.7,0.7,0.7,0.36244,0.7,0.7
31,,0.5,0.24429,0.55,0.55,0.55,0.21244,0.55,0.55
32,,0.35,0.09429,0.4,0.4,0.4,0.06244,0.4,0.4
33,,0.2,-0.05571,0.25,0.25,0.25,-0.08756,0.25,0.25
34,6,0.379,0.09429,0.429,0.5,0.571,0.91244,0.571,0.5
35,6,0.558,0.24429,0.608,0.75,0.892,1.0,0.892,0.75
36,,0.408,0.09429,0.458,0.6,0.742,0.85,0.742,0.6
37,,0.258,-0.05571,0.308,0.45,0.592,0.7,0.592,0.45
38,2,0.579,0.94429,0.629,0.7,0.771,0.85,0.771,0.7
39,2,0.9,1.0,0.95,0.95,0.95,1.0,0.95,0.95
40,,0.75,0.85,0.8,0.8,0.8,0.85,0.8,0.8
41,,0.6,0.7,0.65,0.65,0.65,0.7,0.65,0.65
42,,0.45,0.55,0.5,0.5,0.5,0.55,0.5,0.5
43,,0.3,0.4,0.35,0.35,0.35,0.4,0.35,0.35
44,,0.15,0.25,0.2,0.2,0.2,0.25,0.2,0.2
45,,0.0,0.1,0.05,0.05,0.05,0.1,0.05,0.05
46,,-0.15,-0.05,-0.1,-0.1,-0.1,-0.05,-0.1,-0.1
47,1,0.85,0.271,0.15,0.079,0.05,0.129,0.15,0.221
48,1,1.0,0.592,0.4,0.258,0.2,0.308,0.4,0.542
49,,0.85,0.442,0.25,0.108,0.05,0.158,0.25,0.392
50,,0.7,0.292,0.1,-0.042,-0.1,0.008,0.1,0.242
51,5,0.85,0.471,0.35,0.279,0.9,0.329,0.35,0.421
52,5,1.0,0.65,0.6,0.6,1.0,0.65,0.6,0.6
53,,0.85,0.5,0.45,0.45,0.85,0.5,0.45,0.45
54,,0.7,0.35,0.3,0.3,0.7,0.35,0.3,0.3
55,,0.55,0.2,0.15,0.15,0.55,0.2,0.15,0.15
56,,0.4,0.05,0.0,0.0,0.4,0.05,0.0,0.0
57,,0.25,-0.1,-0.15,-0.15,0.25,-0.1,-0.15,-0.15
58,8,0.571,0.15,0.029,0.0,0.429,0.15,0.171,0.85
59,8,0.892,0.4,0.208,0.15,0.608,0.4,0.492,1.0
60,,0.742,0.25,0.058,0.0,0.458,0.25,0.342,0.85
61,,0.592,0.1,-0.092,-0.15,0.308,0.1,0.192,0.7
62,4,0.771,0.35,0.229,0.85,0.629,0.35,0.371,0.85
63,4,0.95,0.6,0.55,1.0,0.95,0.6,0.55,1.0
64,,0.8,0.45,0.4,0.85,0.8,0.45,0.4,0.85
65,,0.65,0.3,0.25,0.7,0.65,0.3,0.25,0.7
66,,0.5,0.15,0.1,0.55,0.5,0.15,0.1,0.55
67,,0.35,0.0,-0.05,0.4,0.35,0.0,-0.05,0.4
68,7,0.6,0.179,0.1,0.579,0.6,0.321,0.95,0.721
69,7,0.85,0.358,0.25,0.758,0.85,0.642,1.0,1.0
70,,0.7,0.208,0.1,0.608,0.7,0.492,0.85,0.85
71,,0.55,0.058,-0.05,0.458,0.55,0.342,0.7,0.7
72,3,0.8,0.379,0.95,0.779,0.8,0.521,0.85,0.879
73,3,1.0,0.7,1.0,1.0,1.0,0.7,1.0,1.0
74,,0.85,0.55,0.85,0.85,0.85,0.55,0.85,0.85
75,,0.7,0.4,0.7,0.7,0.7,0.4,0.7,0.7
76,,0.55,0.25,0.55,0.55,0.55,0.25,0.55,0.55
77,,0.4,0.1,0.4,0.4,0.4,0.1,0.4,0.4
78,,0.25,-0.05,0.25,0.25,0.25,-0.05,0.25,0.25
79,6,0.429,0.1,0.429,0.5,0.571,0.95,0.571,0.5
80,6,0.608,0.25,0.608,0.75,0.892,1.0,0.892,0.75
81,,0.458,0.1,0.458,0.6,0.742,0.85,0.742,0.6
82,,0.308,-0.05,0.308,0.45,0.592,0.7,0.592,0.45
83,2,0.629,0.95,0.629,0.7,0.771,0.85,0.771,0.7
84,2,0.95,1.0,0.95,0.95,0.95,1.0,0.95,0.95
85,,0.8,0.85,0.8,0.8,0.8,0.85,0.8,0.8
86,,0.65,0.7,0.65,0.65,0.65,0.7,0.65,0.65
87,,0.5,0.55,0.5,0.5,0.5,0.55,0.5,0.5
88,,0.35,0.4,0.35,0.35,0.35,0.4,0.35,0.35
89,,0.2,0.25,0.2,0.2,0.2,0.25,0.2,0.2
90,,0.05,0.1,0.05,0.05,0.05,0.1,0.05,0.05
91,,-0.1,-0.05,-0.1,-0.1,-0.1,-0.05,-0.1,-0.1
92,5,0.05,0.129,0.15,0.221,0.9,0.271,0.15,0.079
93,5,0.2,0.308,0.4,0.542,1.0,0.592,0.4,0.258
94,,0.05,0.158,0.25,0.392,0.85,0.442,0.25,0.108
95,,-0.1,0.008,0.1,0.242,0.7,0.292,0.1,-0.042
96,1,0.9,0.329,0.35,0.421,0.85,0.471,0.35,0.279
97,1,1.0,0.65,0.6,0.6,1.0,0.65,0.6,0.6
98,,0.85,0.5,0.45,0.45,0.85,0.5,0.45,0.45
99,,0.7,0.35,0.3,0.3,0.7,0.35,0.3,0.3
100,,0.55,0.2,0.15,0.15,0.55,0.2,0.15,0.15
101,,0.4,0.05,0.0,0.0,0.4,0.05,0.0,0.0
102,,0.25,-0.1,-0.15,-0.15,0.25,-0.1,-0.15,-0.15
103,8,0.571,0.15,0.029,0.0,0.429,0.15,0.171,0.85
104,8,0.892,0.4,0.208,0.15,0.608,0.4,0.492,1.0
105,,0.742,0.25,0.058,0.0,0.458,0.25,0.342,0.85
106,,0.592,0.1,-0.092,-0.15,0.308,0.1,0.192,0.7
107,4,0.771,0.35,0.229,0.85,0.629,0.35,0.371,0.85
108,4,0.95,0.6,0.55,1.0,0.95,0.6,0.55,1.0
109,,0.8,0.45,0.4,0.85,0.8,0.45,0.4,0.85
110,,0.65,0.3,0.25,0.7,0.65,0.3,0.25,0.7
111,,0.5,0.15,0.1,0.55,0.5,0.15,0.1,0.55
112,,0.35,0.0,-0.05,0.4,0.35,0.0,-0.05,0.4
113,7,0.6,0.179,0.1,0.579,0.6,0.321,0.95,0.721
114,7,0.85,0.358,0.25,0.758,0.85,0.642,1.0,1.0
115,,0.7,0.208,0.1,0.608,0.7,0.492,0.85,0.85
116,,0.55,0.058,-0.05,0.458,0.55,0.342,0.7,0.7
117,3,0.8,0.379,0.95,0.779,0.8,0.521,0.85,0.879
118,3,1.0,0.7,1.0,1.0,1.0,0.7,1.0,1.0
119,,0.85,0.55,0.85,0.85,0.85,0.55,0.85,0.85
120,,0.7,0.4,0.7,0.7,0.7,0.4,0.7,0.7
121,,0.55,0.25,0.55,0.55,0.55,0.25,0.55,0.55
122,,0.4,0.1,0.4,0.4,0.4,0.1,0.4,0.4
123,,0.25,-0.05,0.25,0.25,0.25,-0.05,0.25,0.25
124,6,0.429,0.1,0.429,0.5,0.571,0.95,0.571,0.5
125,6,0.608,0.25,0.608,0.75,0.892,1.0,0.892,0.75
126,,0.458,0.1,0.458,0.6,0.742,0.85,0.742,0.6
127,,0.308,-0.05,0.308,0.45,0.592,0.7,0.592,0.45
128,2,0.629,0.95,0.629,0.7,0.771,0.85,0.771,0.7
129,2,0.95,1.0,0.95,0.95,0.95,1.0,0.95,0.95
130,,0.8,0.85,0.8,0.8,0.8,0.85,0.8,0.8
131,,0.65,0.7,0.65,0.65,0.65,0.7,0.65,0.65
132,,0.5,0.55,0.5,0.5,0.5,0.55,0.5,0.5
133,,0.35,0.4,0.35,0.35,0.35,0.4,0.35,0.35
134,,0.2,0.25,0.2,0.2,0.2,0.25,0.2,0.2
135,,0.05,0.1,0.05,0.05,0.05,0.1,0.05,0.05
136,,-0.1,-0.05,-0.1,-0.1,-0.1,-0.05,-0.1,-0.1
137,4,0.079,0.2,0.221,0.9,0.221,0.2,0.079,0.05
138,4,0.258,0.45,0.542,1.0,0.542,0.45,0.258,0.2
139,,0.108,0.3,0.392,0.85,0.392,0.3,0.108,0.05
140,,-0.042,0.15,0.242,0.7,0.242,0.15,-0.042,-0.1
141,8,0.279,0.4,0.421,0.85,0.421,0.4,0.279,0.9
142,8,0.6,0.65,0.6,1.0,0.6,0.65,0.6,1.0
143,,0.45,0.5,0.45,0.85,0.45,0.5,0.45,0.85
144,,0.3,0.35,0.3,0.7,0.3,0.35,0.3,0.7
145,,0.15,0.2,0.15,0.55,0.15,0.2,0.15,0.55
146,,0.0,0.05,0.0,0.4,0.0,0.05,0.0,0.4
147,,-0.15,-0.1,-0.15,0.25,-0.15,-0.1,-0.15,0.25
148,7,0.1,0.079,0.0,0.429,0.1,0.221,0.85,0.571
149,7,0.35,0.258,0.15,0.608,0.35,0.542,1.0,0.892
150,,0.2,0.108,0.0,0.458,0.2,0.392,0.85,0.742
151,,0.05,-0.042,-0.15,0.308,0.05,0.242,0.7,0.592
152,3,0.3,0.279,0.85,0.629,0.3,0.421,0.85,0.771
153,3,0.55,0.6,1.0,0.95,0.55,0.6,1.0,0.95
154,,0.4,0.45,0.85,0.8,0.4,0.45,0.85,0.8
155,,0.25,0.3,0.7,0.65,0.25,0.3,0.7,0.65
156,,0.1,0.15,0.55,0.5,0.1,0.15,0.55,0.5
157,,-0.05,0.0,0.4,0.35,-0.05,0.0,0.4,0.35
158,5,0.1,0.179,0.65,0.671,0.95,0.321,0.65,0.529
159,5,0.25,0.358,0.9,0.992,1.0,0.642,0.9,0.708
160,,0.1,0.208,0.75,0.842,0.85,0.492,0.75,0.558
161,,-0.05,0.058,0.6,0.692,0.7,0.342,0.6,0.408
162,1,0.95,0.379,0.85,0.871,0.85,0.521,0.85,0.729
163,1,1.0,0.7,1.0,1.0,1.0,0.7,1.0,1.0
164,,0.85,0.55,0.85,0.85,0.85,0.55,0.85,0.85
165,,0.7,0.4,0.7,0.7,0.7,0.4,0.7,0.7
166,,0.55,0.25,0.55,0.55,0.55,0.25,0.55,0.55
167,,0.4,0.1,0.4,0.4,0.4,0.1,0.4,0.4
168,,0.25,-0.05,0.25,0.25,0.25,-0.05,0.25,0.25
169,2,0.571,0.95,0.571,0.5,0.429,0.1,0.429,0.5
170,2,0.892,1.0,0.892,0.75,0.608,0.25,0.608,0.75
171,,0.742,0.85,0.742,0.6,0.458,0.1,0.458,0.6
172,,0.592,0.7,0.592,0.45,0.308,-0.05,0.308,0.45
173,6,0.771,0.85,0.771,0.7,0.629,0.95,0.629,0.7
174,6,0.95,1.0,0.95,0.95,0.95,1.0,0.95,0.95
175,,0.8,0.85,0.8,0.8,0.8,0.85,0.8,0.8
176,,0.65,0.7,0.65,0.65,0.65,0.7,0.65,0.65
177,,0.5,0.55,0.5,0.5,0.5,0.55,0.5,0.5
178,,0.35,0.4,0.35,0.35,0.35,0.4,0.35,0.35
179,,0.2,0.25,0.2,0.2,0.2,0.25,0.2,0.2
180,,0.05,0.1,0.05,0.05,0.05,0.1,0.05,0.05
181,,-0.1,-0.05,-0.1,-0.1,-0.1,-0.05,-0.1,-0.1
182,5,0.05,0.129,0.15,0.221,0.9,0.271,0.15,0.079
183,5,0.2,0.308,0.4,0.542,1.0,0.592,0.4,0.258
184,,0.05,0.158,0.25,0.392,0.85,0.442,0.25,0.108
185,,-0.1,0.008,0.1,0.242,0.7,0.292,0.1,-0.042
186,1,0.9,0.329,0.35,0.421,0.85,0.471,0.35,0.279
187,1,1.0,0.65,0.6,0.6,1.0,0.65,0.6,0.6
188,,0.85,0.5,0.45,0.45,0.85,0.5,0.45,0.45
189,,0.7,0.35,0.3,0.3,0.7,0.35,0.3,0.3
190,,0.55,0.2,0.15,0.15,0.55,0.2,0.15,0.15
191,,0.4,0.05,0.0,0.0,0.4,0.05,0.0,0.0
192,,0.25,-0.1,-0.15,-0.15,0.25,-0.1,-0.15,-0.15
193,3,0.5,0.221,0.85,0.171,0.5,0.079,0.0,0.029
194,3,0.75,0.542,1.0,0.492,0.75,0.258,0.15,0.208
195,,0.6,0.392,0.85,0.342,0.6,0.108,0.0,0.058
196,,0.45,0.242,0.7,0.192,0.45,-0.042,-0.15,-0.092
197,7,0.7,0.421,0.85,0.371,0.7,0.279,0.85,0.229
198,7,0.95,0.6,1.0,0.55,0.95,0.6,1.0,0.55
199,,0.8,0.45,0.85,0.4,0.8,0.45,0.85,0.4
200,,0.65,0.3,0.7,0.25,0.65,0.3,0.7,0.25
201,,0.5,0.15,0.55,0.1,0.5,0.15,0.55,0.1
202,,0.35,0.0,0.4,-0.05,0.35,0.0,0.4,-0.05
203,4,0.529,0.25,0.721,0.95,0.671,0.25,0.579,0.1
204,4,0.708,0.5,1.0,1.0,0.992,0.5,0.758,0.25
205,,0.558,0.35,0.85,0.85,0.842,0.35,0.608,0.1
206,,0.408,0.2,0.7,0.7,0.692,0.2,0.458,-0.05
207,8,0.729,0.45,0.879,0.85,0.871,0.45,0.779,0.95
208,8,1.0,0.7,1.0,1.0,1.0,0.7,1.0,1.0
209,,0.85,0.55,0.85,0.85,0.85,0.55,0.85,0.85
210,,0.7,0.4,0.7,0.7,0.7,0.4,0.7,0.7
211,,0.55,0.25,0.55,0.55,0.55,0.25,0.55,0.55
212,,0.4,0.1,0.4,0.4,0.4,0.1,0.4,0.4
213,,0.25,-0.05,0.25,0.25,0.25,-0.05,0.25,0.25
214,6,0.429,0.1,0.429,0.5,0.571,0.95,0.571,0.5
215,6,0.608,0.25,0.608,0.75,0.892,1.0,0.892,0.75
216,,0.458,0.1,0.458,0.6,0.742,0.85,0.742,0.6
217,,0.308,-0.05,0.308,0.45,0.592,0.7,0.592,0.45
218,2,0.629,0.95,0.629,0.7,0.771,0.85,0.771,0.7
219,2,0.95,1.0,0.95,0.95,0.95,1.0,0.95,0.95
220,,0.8,0.85,0.8,0.8,0.8,0.85,0.8,0.8
221,,0.65,0.7,0.65,0.65,0.65,0.7,0.65,0.65
222,,0.5,0.55,0.5,0.5,0.5,0.55,0.5,0.5
223,,0.35,0.4,0.35,0.35,0.35,0.4,0.35,0.35
224,,0.2,0.25,0.2,0.2,0.2,0.25,0.2,0.2
225,,0.05,0.1,0.05,0.05,0.05,0.1,0.05,0.05
226,,-0.1,-0.05,-0.1,-0.1,-0.1,-0.05,-0.1,-0.1
227,1,0.9,0.271,0.15,0.079,0.05,0.129,0.15,0.221
228,1,1.0,0.592,0.4,0.258,0.2,0.308,0.4,0.542
229,,0.85,0.442,0.25,0.108,0.05,0.158,0.25,0.392
230,,0.7,0.292,0.1,-0.042,-0.1,0.008,0.1,0.242
231,5,0.85,0.471,0.35,0.279,0.9,0.329,0.35,0.421
232,5,1.0,0.65,0.6,0.6,1.0,0.65,0.6,0.6
233,,0.85,0.5,0.45,0.45,0.85,0.5,0.45,0.45
234,,0.7,0.35,0.3,0.3,0.7,0.35,0.3,0.3
235,,0.55,0.2,0.15,0.15,0.55,0.2,0.15,0.15
236,,0.4,0.05,0.0,0.0,0.4,0.05,0.0,0.0
237,,0.25,-0.1,-0.15,-0.15,0.25,-0.1,-0.15,-0.15
238,3,0.5,0.221,0.85,0.171,0.5,0.079,0.0,0.029
239,3,0.75,0.542,1.0,0.492,0.75,0.258,0.15,0.208
240,,0.6,0.392,0.85,0.342,0.6,0.108,0.0,0.058
241,,0.45,0.242,0.7,0.192,0.45,-0.042,-0.15,-0.092
242,7,0.7,0.421,0.85,0.371,0.7,0.279,0.85,0.229
243,7,0.95,0.6,1.0,0.55,0.95,0.6,1.0,0.55
244,,0.8,0.45,0.85,0.4,0.8,0.45,0.85,0.4
245,,0.65,0.3,0.7,0.25,0.65,0.3,0.7,0.25
246,,0.5,0.15,0.55,0.1,0.5,0.15,0.55,0.1
247,,0.35,0.0,0.4,-0.05,0.35,0.0,0.4,-0.05
248,4,0.529,0.25,0.721,0.95,0.671,0.25,0.579,0.1
249,4,0.708,0.5,1.0,1.0,0.992,0.5,0.758,0.25
250,,0.558,0.35,0.85,0.85,0.842,0.35,0.608,0.1
251,,0.408,0.2,0.7,0.7,0.692,0.2,0.458,-0.05
252,8,0.729,0.45,0.879,0.85,0.871,0.45,0.779,0.95
253,8,1.0,0.7,1.0,1.0,1.0,0.7,1.0,1.0
254,,0.85,0.55,0.85,0.85,0.85,0.55,0.85,0.85
255,,0.7,0.4,0.7,0.7,0.7,0.4,0.7,0.7
256,,0.55,0.25,0.55,0.55,0.55,0.25,0.55,0.55
257,,0.4,0.1,0.4,0.4,0.4,0.1,0.4,0.4
258,,0.25,-0.05,0.25,0.25,0.25,-0.05,0.25,0.25
259,2,0.571,0.95,0.571,0.5,0.429,0.1,0.429,0.5
260,2,0.892,1.0,0.892,0.75,0.608,0.25,0.608,0.75
261,,0.742,0.85,0.742,0.6,0.458,0.1,0.458,0.6
262,,0.592,0.7,0.592,0.45,0.308,-0.05,0.308,0.45
263,6,0.771,0.85,0.771,0.7,0.629,0.95,0.629,0.7
264,6,0.95,1.0,0.95,0.95,0.95,1.0,0.95,0.95
265,,0.8,0.85,0.8,0.8,0.8,0.85,0.8,0.8
266,,0.65,0.7,0.65,0.65,0.65,0.7,0.65,0.65
267,,0.5,0.55,0.5,0.5,0.5,0.55,0.5,0.5
268,,0.35,0.4,0.35,0.35,0.35,0.4,0.35,0.35
269,,0.2,0.25,0.2,0.2,0.2,0.25,0.2,0.2
270,,0.05,0.1,0.05,0.05,0.05,0.1,0.05,0.05
271,,-0.1,-0.05,-0.1,-0.1,-0.1,-0.05,-0.1,-0.1
272,8,0.221,0.2,0.079,0.05,0.079,0.2,0.221,0.9
273,8,0.542,0.45,0.258,0.2,0.258,0.45,0.542,1.0
274,,0.392,0.3,0.108,0.05,0.108,0.3,0.392,0.85
275,,0.242,0.15,-0.042,-0.1,-0.042,0.15,0.242,0.7
276,4,0.421,0.4,0.279,0.9,0.279,0.4,0.421,0.85
277,4,0.6,0.65,0.6,1.0,0.6,0.65,0.6,1.0
278,,0.45,0.5,0.45,0.85,0.45,0.5,0.45,0.85
279,,0.3,0.35,0.3,0.7,0.3,0.35,0.3,0.7
280,,0.15,0.2,0.15,0.55,0.15,0.2,0.15,0.55
281,,0.0,0.05,0.0,0.4,0.0,0.05,0.0,0.4
282,,-0.15,-0.1,-0.15,0.25,-0.15,-0.1,-0.15,0.25
283,1,0.85,0.221,0.1,0.429,0.0,0.079,0.1,0.571
284,1,1.0,0.542,0.35,0.608,0.15,0.258,0.35,0.892
285,,0.85,0.392,0.2,0.458,0.0,0.108,0.2,0.742
286,,0.7,0.242,0.05,0.308,-0.15,-0.042,0.05,0.592
287,5,0.85,0.421,0.3,0.629,0.85,0.279,0.3,0.771
288,5,1.0,0.6,0.55,0.95,1.0,0.6,0.55,0.95
289,,0.85,0.45,0.4,0.8,0.85,0.45,0.4,0.8
290,,0.7,0.3,0.25,0.65,0.7,0.3,0.25,0.65
291,,0.55,0.15,0.1,0.5,0.55,0.15,0.1,0.5
292,,0.4,0.0,-0.05,0.35,0.4,0.0,-0.05,0.35
293,7,0.65,0.179,0.1,0.529,0.65,0.321,0.95,0.671
294,7,0.9,0.358,0.25,0.708,0.9,0.642,1.0,0.992
295,,0.75,0.208,0.1,0.558,0.75,0.492,0.85,0.842
296,,0.6,0.058,-0.05,0.408,0.6,0.342,0.7,0.692
297,3,0.85,0.379,0.95,0.729,0.85,0.521,0.85,0.871
298,3,1.0,0.7,1.0,1.0,1.0,0.7,1.0,1.0
299,,0.85,0.55,0.85,0.85,0.85,0.55,0.85,0.85
300,,0.7,0.4,0.7,0.7,0.7,0.4,0.7,0.7
301,,0.55,0.25,0.55,0.55,0.55,0.25,0.55,0.55
302,,0.4,0.1,0.4,0.4,0.4,0.1,0.4,0.4
303,,0.25,-0.05,0.25,0.25,0.25,-0.05,0.25,0.25
304,2,0.571,0.95,0.571,0.5,0.429,0.1,0.429,0.5
305,2,0.892,1.0,0.892,0.75,0.608,0.25,0.608,0.75
306,,0.742,0.85,0.742,0.6,0.458,0.1,0.458,0.6
307,,0.592,0.7,0.592,0.45,0.308,-0.05,0.308,0.45
308,6,0.771,0.85,0.771,0.7,0.629,0.95,0.629,0.7
309,6,0.95,1.0,0.95,0.95,0.95,1.0,0.95,0.95
310,,0.8,0.85,0.8,0.8,0.8,0.85,0.8,0.8
311,,0.65,0.7,0.65,0.65,0.65,0.7,0.65,0.65
312,,0.5,0.55,0.5,0.5,0.5,0.55,0.5,0.5
313,,0.35,0.4,0.35,0.35,0.35,0.4,0.35,0.35
314,,0.2,0.25,0.2,0.2,0.2,0.25,0.2,0.2
315,,0.05,0.1,0.05,0.05,0.05,0.1,0.05,0.05
316,,-0.1,-0.05,-0.1,-0.1,-0.1,-0.05,-0.1,-0.1
317,1,0.9,0.271,0.15,0.079,0.05,0.129,0.15,0.221
318,1,1.0,0.592,0.4,0.258,0.2,0.308,0.4,0.542
319,,0.85,0.442,0.25,0.108,0.05,0.158,0.25,0.392
320,,0.7,0.292,0.1,-0.042,-0.1,0.008,0.1,0.242
321,5,0.85,0.471,0.35,0.279,0.9,0.329,0.35,0.421
322,5,1.0,0.65,0.6,0.6,1.0,0.65,0.6,0.6
323,,0.85,0.5,0.45,0.45,0.85,0.5,0.45,0.45
324,,0.7,0.35,0.3,0.3,0.7,0.35,0.3,0.3
325,,0.55,0.2,0.15,0.15,0.55,0.2,0.15,0.15
326,,0.4,0.05,0.0,0.0,0.4,0.05,0.0,0.0
327,,0.25,-0.1,-0.15,-0.15,0.25,-0.1,-0.15,-0.15
328,7,0.5,0.079,0.0,0.029,0.5,0.221,0.85,0.171
329,7,0.75,0.258,0.15,0.208,0.75,0.542,1.0,0.492
330,,0.6,0.108,0.0,0.058,0.6,0.392,0.85,0.342
331,,0.45,-0.042,-0.15,-0.092,0.45,0.242,0.7,0.192
332,3,0.7,0.279,0.85,0.229,0.7,0.421,0.85,0.371
333,3,0.95,0.6,1.0,0.55,0.95,0.6,1.0,0.55
334,,0.8,0.45,0.85,0.4,0.8,0.45,0.85,0.4
335,,0.65,0.3,0.7,0.25,0.65,0.3,0.7,0.25
336,,0.5,0.15,0.55,0.1,0.5,0.15,0.55,0.1
337,,0.35,0.0,0.4,-0.05,0.35,0.0,0.4,-0.05
338,4,0.529,0.25,0.721,0.95,0.671,0.25,0.579,0.1
339,4,0.708,0.5,1.0,1.0,0.992,0.5,0.758,0.25
340,,0.558,0.35,0.85,0.85,0.842,0.35,0.608,0.1
341,,0.408,0.2,0.7,0.7,0.692,0.2,0.458,-0.05
342,8,0.729,0.45,0.879,0.85,0.871,0.45,0.779,0.95
343,8,1.0,0.7,1.0,1.0,1.0,0.7,1.0,1.0
344,,0.85,0.55,0.85,0.85,0.85,0.55,0.85,0.85
345,,0.7,0.4,0.7,0.7,0.7,0.4,0.7,0.7
346,,0.55,0.25,0.55,0.55,0.55,0.25,0.55,0.55
347,,0.4,0.1,0.4,0.4,0.4,0.1,0.4,0.4
348,,0.25,-0.05,0.25,0.25,0.25,-0.05,0.25,0.25
349,6,0.429,0.1,0.429,0.5,0.571,0.95,0.571,0.5
350,6,0.608,0.25,0.608,0.75,0.892,1.0,0.892,0.75
351,,0.458,0.1,0.458,0.6,0.742,0.85,0.742,0.6
352,,0.308,-0.05,0.308,0.45,0.592,0.7,0.592,0.45
353,2,0.629,0.95,0.629,0.7,0.771,0.85,0.771,0.7
354,2,0.95,1.0,0.95,0.95,0.95,1.0,0.95,0.95
355,,0.8,0.85,0.8,0.8,0.8,0.85,0.8,0.8
356,,0.65,0.7,0.65,0.65,0.65,0.7,0.65,0.65
357,,0.5,0.55,0.5,0.5,0.5,0.55,0.5,0.5
358,,0.35,0.4,0.35,0.35,0.35,0.4,0.35,0.35
359,,0.2,0.25,0.2,0.2,0.2,0.25,0.2,0.2
360,,0.05,0.1,0.05,0.05,0.05,0.1,0.05,0.05
361,,-0.1,-0.05,-0.1,-0.1,-0.1,-0.05,-0.1,-0.1
362,4,0.079,0.2,0.221,0.9,0.221,0.2,0.079,0.05
363,4,0.258,0.45,0.542,1.0,0.542,0.45,0.258,0.2
364,,0.108,0.3,0.392,0.85,0.392,0.3,0.108,0.05
365,,-0.042,0.15,0.242,0.7,0.242,0.15,-0.042,-0.1
366,8,0.279,0.4,0.421,0.85,0.421,0.4,0.279,0.9
367,8,0.6,0.65,0.6,1.0,0.6,0.65,0.6,1.0
368,,0.45,0.5,0.45,0.85,0.45,0.5,0.45,0.85
369,,0.3,0.35,0.3,0.7,0.3,0.35,0.3,0.7
370,,0.15,0.2,0.15,0.55,0.15,0.2,0.15,0.55
371,,0.0,0.05,0.0,0.4,0.0,0.05,0.0,0.4
372,,-0.15,-0.1,-0.15,0.25,-0.15,-0.1,-0.15,0.25
373,1,0.85,0.221,0.1,0.429,0.0,0.079,0.1,0.571
374,1,1.0,0.542,0.35,0.608,0.15,0.258,0.35,0.892
375,,0.85,0.392,0.2,0.458,0.0,0.108,0.2,0.742
376,,0.7,0.242,0.05,0.308,-0.15,-0.042,0.05,0.592
377,5,0.85,0.421,0.3,0.629,0.85,0.279,0.3,0.771
378,5,1.0,0.6,0.55,0.95,1.0,0.6,0.55,0.95
379,,0.85,0.45,0.4,0.8,0.85,0.45,0.4,0.8
380,,0.7,0.3,0.25,0.65,0.7,0.3,0.25,0.65
381,,0.55,0.15,0.1,0.5,0.55,0.15,0.1,0.5
382,,0.4,0.0,-0.05,0.35,0.4,0.0,-0.05,0.35
383,7,0.65,0.179,0.1,0.529,0.65,0.321,0.95,0.671
384,7,0.9,0.358,0.25,0.708,0.9,0.642,1.0,0.992
385,,0.75,0.208,0.1,0.558,0.75,0.492,0.85,0.842
386,,0.6,0.058,-0.05,0.408,0.6,0.342,0.7,0.692
387,3,0.85,0.379,0.95,0.729,0.85,0.521,0.85,0.871
388,3,1.0,0.7,1.0,1.0,1.0,0.7,1.0,1.0
389,,0.85,0.55,0.85,0.85,0.85,0.55,0.85,0.85
390,,0.7,0.4,0.7,0.7,0.7,0.4,0.7,0.7
391,,0.55,0.25,0.55,0.55,0.55,0.25,0.55,0.55
392,,0.4,0.1,0.4,0.4,0.4,0.1,0.4,0.4
393,,0.25,-0.05,0.25,0.25,0.25,-0.05,0.25,0.25
394,2,0.571,0.95,0.571,0.5,0.429,0.1,0.429,0.5
395,2,0.892,1.0,0.892,0.75,0.608,0.25,0.608,0.75
396,,0.742,0.85,0.742,0.6,0.458,0.1,0.458,0.6
397,,0.592,0.7,0.592,0.45,0.308,-0.05,0.308,0.45
398,6,0.771,0.85,0.771,0.7,0.629,0.95,0.629,0.7
399,6,0.95,1.0,0.95,0.95,0.95,1.0,0.95,0.95
400,,0.8,0.85,0.8,0.8,0.8,0.85,0.8,0.8
401,,0.65,0.7,0.65,0.65,0.65,0.7,0.65,0.65
402,,0.5,0.55,0.5,0.5,0.5,0.55,0.5,0.5
403,,0.35,0.4,0.35,0.35,0.35,0.4,0.35,0.35
404,,0.2,0.25,0.2,0.2,0.2,0.25,0.2,0.2
405,,0.05,0.1,0.05,0.05,0.05,0.1,0.05,0.05
406,,-0.1,-0.05,-0.1,-0.1,-0.1,-0.05,-0.1,-0.1
407,1,0.9,0.271,0.15,0.079,0.05,0.129,0.15,0.221
408,1,1.0,0.592,0.4,0.258,0.2,0.308,0.4,0.542
409,,0.85,0.442,0.25,0.108,0.05,0.158,0.25,0.392
410,,0.7,0.292,0.1,-0.042,-0.1,0.008,0.1,0.242
411,5,0.85,0.471,0.35,0.279,0.9,0.329,0.35,0.421
412,5,1.0,0.65,0.6,0.6,1.0,0.65,0.6,0.6
413,,0.85,0.5,0.45,0.45,0.85,0.5,0.45,0.45
414,,0.7,0.35,0.3,0.3,0.7,0.35,0.3,0.3
415,,0.55,0.2,0.15,0.15,0.55,0.2,0.15,0.15
416,,0.4,0.05,0.0,0.0,0.4,0.05,0.0,0.0
417,,0.25,-0.1,-0.15,-0.15,0.25,-0.1,-0.15,-0.15
418,7,0.5,0.079,0.0,0.029,0.5,0.221,0.85,0.171
419,7,0.75,0.258,0.15,0.208,0.75,0.542,1.0,0.492
420,,0.6,0.108,0.0,0.058,0.6,0.392,0.85,0.342
421,,0.45,-0.042,-0.15,-0.092,0.45,0.242,0.7,0.192
422,3,0.7,0.279,0.85,0.229,0.7,0.421,0.85,0.371
423,3,0.95,0.6,1.0,0.55,0.95,0.6,1.0,0.55
424,,0.8,0.45,0.85,0.4,0.8,0.45,0.85,0.4
425,,0.65,0.3,0.7,0.25,0.65,0.3,0.7,0.25
426,,0.5,0.15,0.55,0.1,0.5,0.15,0.55,0.1
427,,0.35,0.0,0.4,-0.05,0.35,0.0,0.4,-0.05
428,8,0.671,0.25,0.579,0.1,0.529,0.25,0.721,0.95
429,8,0.992,0.5,0.758,0.25,0.708,0.5,1.0,1.0
430,,0.842,0.35,0.608,0.1,0.558,0.35,0.85,0.85
431,,0.692,0.2,0.458,-0.05,0.408,0.2,0.7,0.7
432,4,0.871,0.45,0.779,0.95,0.729,0.45,0.879,0.85
433,4,1.0,0.7,1.0,1.0,1.0,0.7,1.0,1.0
434,,0.85,0.55,0.85,0.85,0.85,0.55,0.85,0.85
435,,0.7,0.4,0.7,0.7,0.7,0.4,0.7,0.7
436,,0.55,0.25,0.55,0.55,0.55,0.25,0.55,0.55
437,,0.4,0.1,0.4,0.4,0.4,0.1,0.4,0.4
438,,0.25,-0.05,0.25,0.25,0.25,-0.05,0.25,0.25
439,6,0.429,0.1,0.429,0.5,0.571,0.95,0.571,0.5
440,6,0.608,0.25,0.608,0.75,0.892,1.0,0.892,0.75
441,,0.458,0.1,0.458,0.6,0.742,0.85,0.742,0.6
442,,0.308,-0.05,0.308,0.45,0.592,0.7,0.592,0.45
443,2,0.629,0.95,0.629,0.7,0.771,0.85,0.771,0.7
444,2,0.95,1.0,0.95,0.95,0.95,1.0,0.95,0.95
445,,0.8,0.85,0.8,0.8,0.8,0.85,0.8,0.8
446,,0.65,0.7,0.65,0.65,0.65,0.7,0.65,0.65
447,,0.5,0.55,0.5,0.5,0.5,0.55,0.5,0.5
448,,0.35,0.4,0.35,0.35,0.35,0.4,0.35,0.35
449,,0.2,0.25,0.2,0.2,0.2,0.25,0.2,0.2
450,,0.05,0.1,0.05,0.05,0.05,0.1,0.05,0.05
451,,-0.1,-0.05,-0.1,-0.1,-0.1,-0.05,-0.1,-0.1
452,4,0.079,0.2,0.221,0.9,0.221,0.2,0.079,0.05
453,4,0.258,0.45,0.542,1.0,0.542,0.45,0.258,0.2
454,,0.108,0.3,0.392,0.85,0.392,0.3,0.108,0.05
455,,-0.042,0.15,0.242,0.7,0.242,0.15,-0.042,-0.1
456,8,0.279,0.4,0.421,0.85,0.421,0.4,0.279,0.9
457,8,0.6,0.65,0.6,1.0,0.6,0.65,0.6,1.0
458,,0.45,0.5,0.45,0.85,0.45,0.5,0.45,0.85
459,,0.3,0.35,0.3,0.7,0.3,0.35,0.3,0.7
460,,0.15,0.2,0.15,0.55,0.15,0.2,0.15,0.55
461,,0.0,0.05,0.0,0.4,0.0,0.05,0.0,0.4
462,,-0.15,-0.1,-0.15,0.25,-0.15,-0.1,-0.15,0.25
463,3,0.1,0.221,0.85,0.571,0.1,0.079,0.0,0.429
464,3,0.35,0.542,1.0,0.892,0.35,0.258,0.15,0.608
465,,0.2,0.392,0.85,0.742,0.2,0.108,0.0,0.458
466,,0.05,0.242,0.7,0.592,0.05,-0.042,-0.15,0.308
467,7,0.3,0.421,0.85,0.771,0.3,0.279,0.85,0.629
468,7,0.55,0.6,1.0,0.95,0.55,0.6,1.0,0.95
469,,0.4,0.45,0.85,0.8,0.4,0.45,0.85,0.8
470,,0.25,0.3,0.7,0.65,0.25,0.3,0.7,0.65
471,,0.1,0.15,0.55,0.5,0.1,0.15,0.55,0.5
472,,-0.05,0.0,0.4,0.35,-0.05,0.0,0.4,0.35
473,5,0.1,0.179,0.65,0.671,0.95,0.321,0.65,0.529
474,5,0.25,0.358,0.9,0.992,1.0,0.642,0.9,0.708
475,,0.1,0.208,0.75,0.842,0.85,0.492,0.75,0.558
476,,-0.05,0.058,0.6,0.692,0.7,0.342,0.6,0.408
477,1,0.95,0.379,0.85,0.871,0.85,0.521,0.85,0.729
478,1,1.0,0.7,1.0,1.0,1.0,0.7,1.0,1.0
479,,0.85,0.55,0.85,0.85,0.85,0.55,0.85,0.85
480,,0.7,0.4,0.7,0.7,0.7,0.4,0.7,0.7
481,,0.55,0.25,0.55,0.55,0.55,0.25,0.55,0.55
482,,0.4,0.1,0.4,0.4,0.4,0.1,0.4,0.4
483,,0.25,-0.05,0.25,0.25,0.25,-0.05,0.25,0.25
484,6,0.429,0.1,0.429,0.5,0.571,0.95,0.571,0.5
485,6,0.608,0.25,0.608,0.75,0.892,1.0,0.892,0.75
486,,0.458,0.1,0.458,0.6,0.742,0.85,0.742,0.6
487,,0.308,-0.05,0.308,0.45,0.592,0.7,0.592,0.45
488,2,0.629,0.95,0.629,0.7,0.771,0.85,0.771,0.7
489,2,0.95,1.0,0.95,0.95,0.95,1.0,0.95,0.95
490,,0.8,0.85,0.8,0.8,0.8,0.85,0.8,0.8
491,,0.65,0.7,0.65,0.65,0.65,0.7,0.65,0.65
492,,0.5,0.55,0.5,0.5,0.5,0.55,0.5,0.5
493,,0.35,0.4,0.35,0.35,0.35,0.4,0.35,0.35
494,,0.2,0.25,0.2,0.2,0.2,0.25,0.2,0.2
495,,0.05,0.1,0.05,0.05,0.05,0.1,0.05,0.05
496,,-0.1,-0.05,-0.1,-0.1,-0.1,-0.05,-0.1,-0.1
497,1,0.9,0.271,0.15,0.079,0.05,0.129,0.15,0.221
498,1,1.0,0.592,0.4,0.258,0.2,0.308,0.4,0.542
499,,0.85,0.442,0.25,0.108,0.05,0.158,0.25,0.392
500,,0.7,0.292,0.1,-0.042,-0.1,0.008,0.1,0.242
501,5,0.85,0.471,0.35,0.279,0.9,0.329,0.35,0.421
502,5,1.0,0.65,0.6,0.6,1.0,0.65,0.6,0.6
503,,0.85,0.5,0.45,0.45,0.85,0.5,0.45,0.45
504,,0.7,0.35,0.3,0.3,0.7,0.35,0.3,0.3
505,,0.55,0.2,0.15,0.15,0.55,0.2,0.15,0.15
506,,0.4,0.05,0.0,0.0,0.4,0.05,0.0,0.0
507,,0.25,-0.1,-0.15,-0.15,0.25,-0.1,-0.15,-0.15
508,8,0.571,0.15,0.029,0.0,0.429,0.15,0.171,0.85
509,8,0.892,0.4,0.208,0.15,0.608,0.4,0.492,1.0
510,,0.742,0.25,0.058,0.0,0.458,0.25,0.342,0.85
511,,0.592,0.1,-0.092,-0.15,0.308,0.1,0.192,0.7
512,4,0.771,0.35,0.229,0.85,0.629,0.35,0.371,0.85
513,4,0.95,0.6,0.55,1.0,0.95,0.6,0.55,1.0
514,,0.8,0.45,0.4,0.85,0.8,0.45,0.4,0.85
515,,0.65,0.3,0.25,0.7,0.65,0.3,0.25,0.7
516,,0.5,0.15,0.1,0.55,0.5,0.15,0.1,0.55
517,,0.35,0.0,-0.05,0.4,0.35,0.0,-0.05,0.4
518,3,0.6,0.321,0.95,0.721,0.6,0.179,0.1,0.579
519,3,0.85,0.642,1.0,1.0,0.85,0.358,0.25,0.758
520,,0.7,0.492,0.85,0.85,0.7,0.208,0.1,0.608
521,,0.55,0.342,0.7,0.7,0.55,0.058,-0.05,0.458
522,7,0.8,0.521,0.85,0.879,0.8,0.379,0.95,0.779
523,7,1.0,0.7,1.0,1.0,1.0,0.7,1.0,1.0
524,,0.85,0.55,0.85,0.85,0.85,0.55,0.85,0.85
525,,0.7,0.4,0.7,0.7,0.7,0.4,0.7,0.7
526,,0.55,0.25,0.55,0.55,0.55,0.25,0.55,0.55
527,,0.4,0.1,0.4,0.4,0.4,0.1,0.4,0.4
528,,0.25,-0.05,0.25,0.25,0.25,-0.05,0.25,0.25
529,6,0.429,0.1,0.429,0.5,0.571,0.95,0.571,0.5
530,6,0.608,0.25,0.608,0.75,0.892,1.0,0.892,0.75
531,,0.458,0.1,0.458,0.6,0.742,0.85,0.742,0.6
532,,0.308,-0.05,0.308,0.45,0.592,0.7,0.592,0.45
533,2,0.629,0.95,0.629,0.7,0.771,0.85,0.771,0.7
534,2,0.95,1.0,0.95,0.95,0.95,1.0,0.95,0.95
535,,0.8,0.85,0.8,0.8,0.8,0.85,0.8,0.8
536,,0.65,0.7,0.65,0.65,0.65,0.7,0.65,0.65
537,,0.5,0.55,0.5,0.5,0.5,0.55,0.5,0.5
538,,0.35,0.4,0.35,0.35,0.35,0.4,0.35,0.35
539,,0.2,0.25,0.2,0.2,0.2,0.25,0.2,0.2
540,,0.05,0.1,0.05,0.05,0.05,0.1,0.05,0.05
541,,-0.1,-0.05,-0.1,-0.1,-0.1,-0.05,-0.1,-0.1
542,1,0.9,0.271,0.15,0.079,0.05,0.129,0.15,0.221
543,1,1.0,0.592,0.4,0.258,0.2,0.308,0.4,0.542
544,,0.85,0.442,0.25,0.108,0.05,0.158,0.25,0.392
545,,0.7,0.292,0.1,-0.042,-0.1,0.008,0.1,0.242
546,5,0.85,0.471,0.35,0.279,0.9,0.329,0.35,0.421
547,5,1.0,0.65,0.6,0.6,1.0,0.65,0.6,0.6
548,,0.85,0.5,0.45,0.45,0.85,0.5,0.45,0.45
549,,0.7,0.35,0.3,0.3,0.7,0.35,0.3,0.3
550,,0.55,0.2,0.15,0.15,0.55,0.2,0.15,0.15
551,,0.4,0.05,0.0,0.0,0.4,0.05,0.0,0.0
552,,0.25,-0.1,-0.15,-0.15,0.25,-0.1,-0.15,-0.15
553,4,0.429,0.15,0.171,0.85,0.571,0.15,0.029,0.0
554,4,0.608,0.4,0.492,1.0,0.892,0.4,0.208,0.15
555,,0.458,0.25,0.342,0.85,0.742,0.25,0.058,0.0
556,,0.308,0.1,0.192,0.7,0.592,0.1,-0.092,-0.15
557,8,0.629,0.35,0.371,0.85,0.771,0.35,0.229,0.85
558,8,0.95,0.6,0.55,1.0,0.95,0.6,0.55,1.0
559,,0.8,0.45,0.4,0.85,0.8,0.45,0.4,0.85
560,,0.65,0.3,0.25,0.7,0.65,0.3,0.25,0.7
561,,0.5,0.15,0.1,0.55,0.5,0.15,0.1,0.55
562,,0.35,0.0,-0.05,0.4,0.35,0.0,-0.05,0.4
563,7,0.6,0.179,0.1,0.579,0.6,0.321,0.95,0.721
564,7,0.85,0.358,0.25,0.758,0.85,0.642,1.0,1.0
565,,0.7,0.208,0.1,0.608,0.7,0.492,0.85,0.85
566,,0.55,0.058,-0.05,0.458,0.55,0.342,0.7,0.7
567,3,0.8,0.379,0.95,0.779,0.8,0.521,0.85,0.879
568,3,1.0,0.7,1.0,1.0,1.0,0.7,1.0,1.0
569,,0.85,0.55,0.85,0.85,0.85,0.55,0.85,0.85
570,,0.7,0.4,0.7,0.7,0.7,0.4,0.7,0.7
571,,0.55,0.25,0.55,0.55,0.55,0.25,0.55,0.55
572,,0.4,0.1,0.4,0.4,0.4,0.1,0.4,0.4
573,,0.25,-0.05,0.25,0.25,0.25,-0.05,0.25,0.25
574,6,0.429,0.1,0.429,0.5,0.571,0.95,0.571,0.5
575,6,0.608,0.25,0.608,0.75,0.892,1.0,0.892,0.75
576,,0.458,0.1,0.458,0.6,0.742,0.85,0.742,0.6
577,,0.308,-0.05,0.308,0.45,0.592,0.7,0.592,0.45
578,2,0.629,0.95,0.629,0.7,0.771,0.85,0.771,0.7
579,2,0.95,1.0,0.95,0.95,0.95,1.0,0.95,0.95
580,,0.8,0.85,0.8,0.8,0.8,0.85,0.8,0.8
581,,0.65,0.7,0.65,0.65,0.65,0.7,0.65,0.65
582,,0.5,0.55,0.5,0.5,0.5,0.55,0.5,0.5
583,,0.35,0.4,0.35,0.35,0.35,0.4,0.35,0.35
584,,0.2,0.25,0.2,0.2,0.2,0.25,0.2,0.2
585,,0.05,0.1,0.05,0.05,0.05,0.1,0.05,0.05
586,,-0.1,-0.05,-0.1,-0.1,-0.1,-0.05,-0.1,-0.1
587,8,0.221,0.2,0.079,0.05,0.079,0.2,0.221,0.9
588,8,0.542,0.45,0.258,0.2,0.258,0.45,0.542,1.0
589,,0.392,0.3,0.108,0.05,0.108,0.3,0.392,0.85
590,,0.242,0.15,-0.042,-0.1,-0.042,0.15,0.242,0.7
591,4,0.421,0.4,0.279,0.9,0.279,0.4,0.421,0.85
592,4,0.6,0.65,0.6,1.0,0.6,0.65,0.6,1.0
593,,0.45,0.5,0.45,0.85,0.45,0.5,0.45,0.85
594,,0.3,0.35,0.3,0.7,0.3,0.35,0.3,0.7
595,,0.15,0.2,0.15,0.55,0.15,0.2,0.15,0.55
596,,0.0,0.05,0.0,0.4,0.0,0.05,0.0,0.4
597,,-0.15,-0.1,-0.15,0.25,-0.15,-0.1,-0.15,0.25
598,5,0.0,0.079,0.1,0.571,0.85,0.221,0.1,0.429
599,5,0.15,0.258,0.35,0.892,1.0,0.542,0.35,0.608
600,,0.0,0.108,0.2,0.742,0.85,0.392,0.2,0.458
601,,-0.15,-0.042,0.05,0.592,0.7,0.242,0.05,0.308
602,1,0.85,0.279,0.3,0.771,0.85,0.421,0.3,0.629
603,1,1.0,0.6,0.55,0.95,1.0,0.6,0.55,0.95
604,,0.85,0.45,0.4,0.8,0.85,0.45,0.4,0.8
605,,0.7,0.3,0.25,0.65,0.7,0.3,0.25,0.65
606,,0.55,0.15,0.1,0.5,0.55,0.15,0.1,0.5
607,,0.4,0.0,-0.05,0.35,0.4,0.0,-0.05,0.35
608,7,0.65,0.179,0.1,0.529,0.65,0.321,0.95,0.671
609,7,0.9,0.358,0.25,0.708,0.9,0.642,1.0,0.992
610,,0.75,0.208,0.1,0.558,0.75,0.492,0.85,0.842
611,,0.6,0.058,-0.05,0.408,0.6,0.342,0.7,0.692
612,3,0.85,0.379,0.95,0.729,0.85,0.521,0.85,0.871
613,3,1.0,0.7,1.0,1.0,1.0,0.7,1.0,1.0
614,,0.85,0.55,0.85,0.85,0.85,0.55,0.85,0.85
615,,0.7,0.4,0.7,0.7,0.7,0.4,0.7,0.7
616,,0.55,0.25,0.55,0.55,0.55,0.25,0.55,0.55
617,,0.4,0.1,0.4,0.4,0.4,0.1,0.4,0.4
618,,0.25,-0.05,0.25,0.25,0.25,-0.05,0.25,0.25
619,2,0.571,0.95,0.571,0.5,0.429,0.1,0.429,0.5
620,2,0.892,1.0,0.892,0.75,0.608,0.25,0.608,0.75
621,,0.742,0.85,0.742,0.6,0.458,0.1,0.458,0.6
622,,0.592,0.7,0.592,0.45,0.308,-0.05,0.308,0.45
623,6,0.771,0.85,0.771,0.7,0.629,0.95,0.629,0.7
624,6,0.95,1.0,0.95,0.95,0.95,1.0,0.95,0.95
625,,0.8,0.85,0.8,0.8,0.8,0.85,0.8,0.8
626,,0.65,0.7,0.65,0.65,0.65,0.7,0.65,0.65
627,,0.5,0.55,0.5,0.5,0.5,0.55,0.5,0.5
628,,0.35,0.4,0.35,0.35,0.35,0.4,0.35,0.35
629,,0.2,0.25,0.2,0.2,0.2,0.25,0.2,0.2
630,,0.05,0.1,0.05,0.05,0.05,0.1,0.05,0.05
631,,-0.1,-0.05,-0.1,-0.1,-0.1,-0.05,-0.1,-0.1
632,1,0.9,0.271,0.15,0.079,0.05,0.129,0.15,0.221
633,1,1.0,0.592,0.4,0.258,0.2,0.308,0.4,0.542
634,,0.85,0.442,0.25,0.108,0.05,0.158,0.25,0.392
635,,0.7,0.292,0.1,-0.042,-0.1,0.008,0.1,0.242
636,5,0.85,0.471,0.35,0.279,0.9,0.329,0.35,0.421
637,5,1.0,0.65,0.6,0.6,1.0,0.65,0.6,0.6
638,,0.85,0.5,0.45,0.45,0.85,0.5,0.45,0.45
639,,0.7,0.35,0.3,0.3,0.7,0.35,0.3,0.3
640,,0.55,0.2,0.15,0.15,0.55,0.2,0.15,0.15
641,,0.4,0.05,0.0,0.0,0.4,0.05,0.0,0.0
642,,0.25,-0.1,-0.15,-0.15,0.25,-0.1,-0.15,-0.15
643,3,0.5,0.221,0.85,0.171,0.5,0.079,0.0,0.029
644,3,0.75,0.542,1.0,0.492,0.75,0.258,0.15,0.208
645,,0.6,0.392,0.85,0.342,0.6,0.108,0.0,0.058
646,,0.45,0.242,0.7,0.192,0.45,-0.042,-0.15,-0.092
647,7,0.7,0.421,0.85,0.371,0.7,0.279,0.85,0.229
648,7,0.95,0.6,1.0,0.55,0.95,0.6,1.0,0.55
649,,0.8,0.45,0.85,0.4,0.8,0.45,0.85,0.4
650,,0.65,0.3,0.7,0.25,0.65,0.3,0.7,0.25
651,,0.5,0.15,0.55,0.1,0.5,0.15,0.55,0.1
652,,0.35,0.0,0.4,-0.05,0.35,0.0,0.4,-0.05
653,4,0.529,0.25,0.721,0.95,0.671,0.25,0.579,0.1
654,4,0.708,0.5,1.0,1.0,0.992,0.5,0.758,0.25
655,,0.558,0.35,0.85,0.85,0.842,0.35,0.608,0.1
656,,0.408,0.2,0.7,0.7,0.692,0.2,0.458,-0.05
657,8,0.729,0.45,0.879,0.85,0.871,0.45,0.779,0.95
658,8,1.0,0.7,1.0,1.0,1.0,0.7,1.0,1.0
659,,0.85,0.55,0.85,0.85,0.85,0.55,0.85,0.85
660,,0.7,0.4,0.7,0.7,0.7,0.4,0.7,0.7
661,,0.55,0.25,0.55,0.55,0.55,0.25,0.55,0.55
662,,0.4,0.1,0.4,0.4,0.4,0.1,0.4,0.4
663,,0.25,-0.05,0.25,0.25,0.25,-0.05,0.25,0.25
664,6,0.429,0.1,0.429,0.5,0.571,0.95,0.571,0.5
665,6,0.608,0.25,0.608,0.75,0.892,1.0,0.892,0.75
666,,0.458,0.1,0.458,0.6,0.742,0.85,0.742,0.6
667,,0.308,-0.05,0.308,0.45,0.592,0.7,0.592,0.45
668,2,0.629,0.95,0.629,0.7,0.771,0.85,0.771,0.7
669,2,0.95,1.0,0.95,0.95,0.95,1.0,0.95,0.95
670,,0.8,0.85,0.8,0.8,0.8,0.85,0.8,0.8
671,,0.65,0.7,0.65,0.65,0.65,0.7,0.65,0.65
672,,0.5,0.55,0.5,0.5,0.5,0.55,0.5,0.5
673,,0.35,0.4,0.35,0.35,0.35,0.4,0.35,0.35
674,,0.2,0.25,0.2,0.2,0.2,0.25,0.2,0.2
675,,0.05,0.1,0.05,0.05,0.05,0.1,0.05,0.05
676,,-0.1,-0.05,-0.1,-0.1,-0.1,-0.05,-0.1,-0.1
677,1,0.9,0.271,0.15,0.079,0.05,0.129,0.15,0.221
678,1,1.0,0.592,0.4,0.258,0.2,0.308,0.4,0.542
679,,0.85,0.442,0.25,0.108,0.05,0.158,0.25,0.392
680,,0.7,0.292,0.1,-0.042,-0.1,0.008,0.1,0.242
681,5,0.85,0.471,0.35,0.279,0.9,0.329,0.35,0.421
682,5,1.0,0.65,0.6,0.6,1.0,0.65,0.6,0.6
683,,0.85,0.5,0.45,0.45,0.85,0.5,0.45,0.45
684,,0.7,0.35,0.3,0.3,0.7,0.35,0.3,0.3
685,,0.55,0.2,0.15,0.15,0.55,0.2,0.15,0.15
686,,0.4,0.05,0.0,0.0,0.4,0.05,0.0,0.0
687,,0.25,-0.1,-0.15,-0.15,0.25,-0.1,-0.15,-0.15
688,7,0.5,0.079,0.0,0.029,0.5,0.221,0.85,0.171
689,7,0.75,0.258,0.15,0.208,0.75,0.542,1.0,0.492
690,,0.6,0.108,0.0,0.058,0.6,0.392,0.85,0.342
691,,0.45,-0.042,-0.15,-0.092,0.45,0.242,0.7,0.192
692,3,0.7,0.279,0.85,0.229,0.7,0.421,0.85,0.371
693,3,0.95,0.6,1.0,0.55,0.95,0.6,1.0,0.55
694,,0.8,0.45,0.85,0.4,0.8,0.45,0.85,0.4
695,,0.65,0.3,0.7,0.25,0.65,0.3,0.7,0.25
696,,0.5,0.15,0.55,0.1,0.5,0.15,0.55,0.1
697,,0.35,0.0,0.4,-0.05,0.35,0.0,0.4,-0.05
698,4,0.529,0.25,0.721,0.95,0.671,0.25,0.579,0.1
699,4,0.708,0.5,1.0,1.0,0.992,0.5,0.758,0.25
700,,0.558,0.35,0.85,0.85,0.842,0.35,0.608,0.1
701,,0.408,0.2,0.7,0.7,0.692,0.2,0.458,-0.05
702,8,0.729,0.45,0.879,0.85,0.871,0.45,0.779,0.95
703,8,1.0,0.7,1.0,1.0,1.0,0.7,1.0,1.0
704,,0.85,0.55,0.85,0.85,0.85,0.55,0.85,0.85
705,,0.7,0.4,0.7,0.7,0.7,0.4,0.7,0.7
706,,0.55,0.25,0.55,0.55,0.55,0.25,0.55,0.55
707,,0.4,0.1,0.4,0.4,0.4,0.1,0.4,0.4
708,,0.25,-0.05,0.25,0.25,0.25,-0.05,0.25,0.25
709,6,0.429,0.1,0.429,0.5,0.571,0.95,0.571,0.5
710,6,0.608,0.25,0.608,0.75,0.892,1.0,0.892,0.75
711,,0.458,0.1,0.458,0.6,0.742,0.85,0.742,0.6
712,,0.308,-0.05,0.308,0.45,0.592,0.7,0.592,0.45
713,2,0.629,0.95,0.629,0.7,0.771,0.85,0.771,0.7
714,2,0.95,1.0,0.95,0.95,0.95,1.0,0.95,0.95
715,,0.8,0.85,0.8,0.8,0.8,0.85,0.8,0.8
716,,0.65,0.7,0.65,0.65,0.65,0.7,0.65,0.65
717,,0.5,0.55,0.5,0.5,0.5,0.55,0.5,0.5
718,,0.35,0.4,0.35,0.35,0.35,0.4,0.35,0.35
719,,0.2,0.25,0.2,0.2,0.2,0.25,0.2,0.2
720,,0.05,0.1,0.05,0.05,0.05,0.1,0.05,0.05
721,,-0.1,-0.05,-0.1,-0.1,-0.1,-0.05,-0.1,-0.1
722,3,0.15,0.271,0.9,0.221,0.15,0.129,0.05,0.079
723,3,0.4,0.592,1.0,0.542,0.4,0.308,0.2,0.258
724,,0.25,0.442,0.85,0.392,0.25,0.158,0.05,0.108
725,,0.1,0.292,0.7,0.242,0.1,0.008,-0.1,-0.042
726,7,0.35,0.471,0.85,0.421,0.35,0.329,0.9,0.279
727,7,0.6,0.65,1.0,0.6,0.6,0.65,1.0,0.6
728,,0.45,0.5,0.85,0.45,0.45,0.5,0.85,0.45
729,,0.3,0.35,0.7,0.3,0.3,0.35,0.7,0.3
730,,0.15,0.2,0.55,0.15,0.15,0.2,0.55,0.15
731,,0.0,0.05,0.4,0.0,0.0,0.05,0.4,0.0
732,,-0.15,-0.1,0.25,-0.15,-0.15,-0.1,0.25,-0.15
733,8,0.171,0.15,0.429,0.0,0.029,0.15,0.571,0.85
734,8,0.492,0.4,0.608,0.15,0.208,0.4,0.892,1.0
735,,0.342,0.25,0.458,0.0,0.058,0.25,0.742,0.85
736,,0.192,0.1,0.308,-0.15,-0.092,0.1,0.592,0.7
737,4,0.371,0.35,0.629,0.85,0.229,0.35,0.771,0.85
738,4,0.55,0.6,0.95,1.0,0.55,0.6,0.95,1.0
739,,0.4,0.45,0.8,0.85,0.4,0.45,0.8,0.85
740,,0.25,0.3,0.65,0.7,0.25,0.3,0.65,0.7
741,,0.1,0.15,0.5,0.55,0.1,0.15,0.5,0.55
742,,-0.05,0.0,0.35,0.4,-0.05,0.0,0.35,0.4
743,5,0.1,0.179,0.6,0.721,0.95,0.321,0.6,0.579
744,5,0.25,0.358,0.85,1.0,1.0,0.642,0.85,0.758
745,,0.1,0.208,0.7,0.85,0.85,0.492,0.7,0.608
746,,-0.05,0.058,0.55,0.7,0.7,0.342,0.55,0.458
747,1,0.95,0.379,0.8,0.879,0.85,0.521,0.8,0.779
748,1,1.0,0.7,1.0,1.0,1.0,0.7,1.0,1.0
749,,0.85,0.55,0.85,0.85,0.85,0.55,0.85,0.85
750,,0.7,0.4,0.7,0.7,0.7,0.4,0.7,0.7
751,,0.55,0.25,0.55,0.55,0.55,0.25,0.55,0.55
752,,0.4,0.1,0.4,0.4,0.4,0.1,0.4,0.4
753,,0.25,-0.05,0.25,0.25,0.25,-0.05,0.25,0.25
754,2,0.571,0.95,0.571,0.5,0.429,0.1,0.429,0.5
755,2,0.892,1.0,0.892,0.75,0.608,0.25,0.608,0.75
756,,0.742,0.85,0.742,0.6,0.458,0.1,0.458,0.6
757,,0.592,0.7,0.592,0.45,0.308,-0.05,0.308,0.45
758,6,0.771,0.85,0.771,0.7,0.629,0.95,0.629,0.7
759,6,0.95,1.0,0.95,0.95,0.95,1.0,0.95,0.95
760,,0.8,0.85,0.8,0.8,0.8,0.85,0.8,0.8
761,,0.65,0.7,0.65,0.65,0.65,0.7,0.65,0.65
762,,0.5,0.55,0.5,0.5,0.5,0.55,0.5,0.5
763,,0.35,0.4,0.35,0.35,0.35,0.4,0.35,0.35
764,,0.2,0.25,0.2,0.2,0.2,0.25,0.2,0.2
765,,0.05,0.1,0.05,0.05,0.05,0.1,0.05,0.05
766,,-0.1,-0.05,-0.1,-0.1,-0.1,-0.05,-0.1,-0.1
767,7,0.15,0.129,0.05,0.079,0.15,0.271,0.9,0.221
768,7,0.4,0.308,0.2,0.258,0.4,0.592,1.0,0.542
769,,0.25,0.158,0.05,0.108,0.25,0.442,0.85,0.392
770,,0.1,0.008,-0.1,-0.042,0.1,0.292,0.7,0.242
771,3,0.35,0.329,0.9,0.279,0.35,0.471,0.85,0.421
772,3,0.6,0.65,1.0,0.6,0.6,0.65,1.0,0.6
773,,0.45,0.5,0.85,0.45,0.45,0.5,0.85,0.45
774,,0.3,0.35,0.7,0.3,0.3,0.35,0.7,0.3
775,,0.15,0.2,0.55,0.15,0.15,0.2,0.55,0.15
776,,0.0,0.05,0.4,0.0,0.0,0.05,0.4,0.0
777,,-0.15,-0.1,0.25,-0.15,-0.15,-0.1,0.25,-0.15
778,8,0.171,0.15,0.429,0.0,0.029,0.15,0.571,0.85
779,8,0.492,0.4,0.608,0.15,0.208,0.4,0.892,1.0
780,,0.342,0.25,0.458,0.0,0.058,0.25,0.742,0.85
781,,0.192,0.1,0.308,-0.15,-0.092,0.1,0.592,0.7
782,4,0.371,0.35,0.629,0.85,0.229,0.35,0.771,0.85
783,4,0.55,0.6,0.95,1.0,0.55,0.6,0.95,1.0
784,,0.4,0.45,0.8,0.85,0.4,0.45,0.8,0.85
785,,0.25,0.3,0.65,0.7,0.25,0.3,0.65,0.7
786,,0.1,0.15,0.5,0.55,0.1,0.15,0.5,0.55
787,,-0.05,0.0,0.35,0.4,-0.05,0.0,0.35,0.4
788,1,0.95,0.321,0.6,0.579,0.1,0.179,0.6,0.721
789,1,1.0,0.642,0.85,0.758,0.25,0.358,0.85,1.0
790,,0.85,0.492,0.7,0.608,0.1,0.208,0.7,0.85
791,,0.7,0.342,0.55,0.458,-0.05,0.058,0.55,0.7
792,5,0.85,0.521,0.8,0.779,0.95,0.379,0.8,0.879
793,5,1.0,0.7,1.0,1.0,1.0,0.7,1.0,1.0
794,,0.85,0.55,0.85,0.85,0.85,0.55,0.85,0.85
795,,0.7,0.4,0.7,0.7,0.7,0.4,0.7,0.7
796,,0.55,0.25,0.55,0.55,0.55,0.25,0.55,0.55
797,,0.4,0.1,0.4,0.4,0.4,0.1,0.4,0.4
798,,0.25,-0.05,0.25,0.25,0.25,-0.05,0.25,0.25
799,2,0.571,0.95,0.571,0.5,0.429,0.1,0.429,0.5
800,2,0.892,1.0,0.892,0.75,0.608,0.25,0.608,0.75
801,,0.742,0.85,0.742,0.6,0.458,0.1,0.458,0.6
802,,0.592,0.7,0.592,0.45,0.308,-0.05,0.308,0.45
803,6,0.771,0.85,0.771,0.7,0.629,0.95,0.629,0.7
804,6,0.95,1.0,0.95,0.95,0.95,1.0,0.95,0.95
805,,0.8,0.85,0.8,0.8,0.8,0.85,0.8,0.8
806,,0.65,0.7,0.65,0.65,0.65,0.7,0.65,0.65
807,,0.5,0.55,0.5,0.5,0.5,0.55,0.5,0.5
808,,0.35,0.4,0.35,0.35,0.35,0.4,0.35,0.35
809,,0.2,0.25,0.2,0.2,0.2,0.25,0.2,0.2
810,,0.05,0.1,0.05,0.05,0.05,0.1,0.05,0.05
811,,-0.1,-0.05,-0.1,-0.1,-0.1,-0.05,-0.1,-0.1
812,4,0.079,0.2,0.221,0.9,0.221,0.2,0.079,0.05
813,4,0.258,0.45,0.542,1.0,0.542,0.45,0.258,0.2
814,,0.108,0.3,0.392,0.85,0.392,0.3,0.108,0.05
815,,-0.042,0.15,0.242,0.7,0.242,0.15,-0.042,-0.1
816,8,0.279,0.4,0.421,0.85,0.421,0.4,0.279,0.9
817,8,0.6,0.65,0.6,1.0,0.6,0.65,0.6,1.0
818,,0.45,0.5,0.45,0.85,0.45,0.5,0.45,0.85
819,,0.3,0.35,0.3,0.7,0.3,0.35,0.3,0.7
820,,0.15,0.2,0.15,0.55,0.15,0.2,0.15,0.55
821,,0.0,0.05,0.0,0.4,0.0,0.05,0.0,0.4
822,,-0.15,-0.1,-0.15,0.25,-0.15,-0.1,-0.15,0.25
823,3,0.1,0.221,0.85,0.571,0.1,0.079,0.0,0.429
824,3,0.35,0.542,1.0,0.892,0.35,0.258,0.15,0.608
825,,0.2,0.392,0.85,0.742,0.2,0.108,0.0,0.458
826,,0.05,0.242,0.7,0.592,0.05,-0.042,-0.15,0.308
827,7,0.3,0.421,0.85,0.771,0.3,0.279,0.85,0.629
828,7,0.55,0.6,1.0,0.95,0.55,0.6,1.0,0.95
829,,0.4,0.45,0.85,0.8,0.4,0.45,0.85,0.8
830,,0.25,0.3,0.7,0.65,0.25,0.3,0.7,0.65
831,,0.1,0.15,0.55,0.5,0.1,0.15,0.55,0.5
832,,-0.05,0.0,0.4,0.35,-0.05,0.0,0.4,0.35
833,5,0.1,0.179,0.65,0.671,0.95,0.321,0.65,0.529
834,5,0.25,0.358,0.9,0.992,1.0,0.642,0.9,0.708
835,,0.1,0.208,0.75,0.842,0.85,0.492,0.75,0.558
836,,-0.05,0.058,0.6,0.692,0.7,0.342,0.6,0.408
837,1,0.95,0.379,0.85,0.871,0.85,0.521,0.85,0.729
838,1,1.0,0.7,1.0,1.0,1.0,0.7,1.0,1.0
839,,0.85,0.55,0.85,0.85,0.85,0.55,0.85,0.85
840,,0.7,0.4,0.7,0.7,0.7,0.4,0.7,0.7
841,,0.55,0.25,0.55,0.55,0.55,0.25,0.55,0.55
842,,0.4,0.1,0.4,0.4,0.4,0.1,0.4,0.4
843,,0.25,-0.05,0.25,0.25,0.25,-0.05,0.25,0.25
844,2,0.571,0.95,0.571,0.5,0.429,0.1,0.429,0.5
845,2,0.892,1.0,0.892,0.75,0.608,0.25,0.608,0.75
846,,0.742,0.85,0.742,0.6,0.458,0.1,0.458,0.6
847,,0.592,0.7,0.592,0.45,0.308,-0.05,0.308,0.45
848,6,0.771,0.85,0.771,0.7,0.629,0.95,0.629,0.7
849,6,0.95,1.0,0.95,0.95,0.95,1.0,0.95,0.95
850,,0.8,0.85,0.8,0.8,0.8,0.85,0.8,0.8
851,,0.65,0.7,0.65,0.65,0.65,0.7,0.65,0.65
852,,0.5,0.55,0.5,0.5,0.5,0.55,0.5,0.5
853,,0.35,0.4,0.35,0.35,0.35,0.4,0.35,0.35
854,,0.2,0.25,0.2,0.2,0.2,0.25,0.2,0.2
855,,0.05,0.1,0.05,0.05,0.05,0.1,0.05,0.05
856,,-0.1,-0.05,-0.1,-0.1,-0.1,-0.05,-0.1,-0.1
857,5,0.05,0.129,0.15,0.221,0.9,0.271,0.15,0.079
858,5,0.2,0.308,0.4,0.542,1.0,0.592,0.4,0.258
859,,0.05,0.158,0.25,0.392,0.85,0.442,0.25,0.108
860,,-0.1,0.008,0.1,0.242,0.7,0.292,0.1,-0.042
861,1,0.9,0.329,0.35,0.421,0.85,0.471,0.35,0.279
862,1,1.0,0.65,0.6,0.6,1.0,0.65,0.6,0.6
863,,0.85,0.5,0.45,0.45,0.85,0.5,0.45,0.45
864,,0.7,0.35,0.3,0.3,0.7,0.35,0.3,0.3
865,,0.55,0.2,0.15,0.15,0.55,0.2,0.15,0.15
866,,0.4,0.05,0.0,0.0,0.4,0.05,0.0,0.0
867,,0.25,-0.1,-0.15,-0.15,0.25,-0.1,-0.15,-0.15
868,4,0.429,0.15,0.171,0.85,0.571,0.15,0.029,0.0
869,4,0.608,0.4,0.492,1.0,0.892,0.4,0.208,0.15
870,,0.458,0.25,0.342,0.85,0.742,0.25,0.058,0.0
871,,0.308,0.1,0.192,0.7,0.592,0.1,-0.092,-0.15
872,8,0.629,0.35,0.371,0.85,0.771,0.35,0.229,0.85
873,8,0.95,0.6,0.55,1.0,0.95,0.6,0.55,1.0
874,,0.8,0.45,0.4,0.85,0.8,0.45,0.4,0.85
875,,0.65,0.3,0.25,0.7,0.65,0.3,0.25,0.7
876,,0.5,0.15,0.1,0.55,0.5,0.15,0.1,0.55
877,,0.35,0.0,-0.05,0.4,0.35,0.0,-0.05,0.4
878,7,0.6,0.179,0.1,0.579,0.6,0.321,0.95,0.721
879,7,0.85,0.358,0.25,0.758,0.85,0.642,1.0,1.0
880,,0.7,0.208,0.1,0.608,0.7,0.492,0.85,0.85
881,,0.55,0.058,-0.05,0.458,0.55,0.342,0.7,0.7
882,3,0.8,0.379,0.95,0.779,0.8,0.521,0.85,0.879
883,3,1.0,0.7,1.0,1.0,1.0,0.7,1.0,1.0
884,,0.85,0.55,0.85,0.85,0.85,0.55,0.85,0.85
885,,0.7,0.4,0.7,0.7,0.7,0.4,0.7,0.7
