step,active_motive,motive_1,motive_2,motive_3,motive_4,motive_5,motive_6,motive_7,motive_8
0,,0.08146,0.06652,0.05231,0.03588,0.08772,0.03924,0.08166,0.04391
1,,-0.06854,-0.08348,-0.09769,-0.11412,-0.06228,-0.11076,-0.06834,-0.10609
2,4,0.11046,0.16652,0.22331,0.88588,0.25872,0.13924,0.11066,0.04391
3,4,0.28946,0.41652,0.54431,1.0,0.57972,0.38924,0.28966,0.19391
4,,0.13946,0.26652,0.39431,0.85,0.42972,0.23924,0.13966,0.04391
5,,-0.01054,0.11652,0.24431,0.7,0.27972,0.08924,-0.01034,-0.10609
6,8,0.31046,0.36652,0.42331,0.85,0.45872,0.33924,0.31066,0.89391
7,8,0.63146,0.61652,0.60231,1.0,0.63772,0.58924,0.63166,1.0
8,,0.48146,0.46652,0.45231,0.85,0.48772,0.43924,0.48166,0.85
9,,0.33146,0.31652,0.30231,0.7,0.33772,0.28924,0.33166,0.7
10,,0.18146,0.16652,0.15231,0.55,0.18772,0.13924,0.18166,0.55
11,,0.03146,0.01652,0.00231,0.4,0.03772,-0.01076,0.03166,0.4
12,6,0.21046,0.16652,0.18131,0.65,0.35872,0.98924,0.35266,0.65
13,6,0.38946,0.31652,0.36031,0.9,0.67972,1.0,0.67366,0.9
14,,0.23946,0.16652,0.21031,0.75,0.52972,0.85,0.52366,0.75
15,,0.08946,0.01652,0.06031,0.6,0.37972,0.7,0.37366,0.6
16,,-0.06054,-0.13348,-0.08969,0.45,0.22972,0.55,0.22366,0.45
17,2,0.26046,0.86652,0.23131,0.7,0.40872,0.7,0.40266,0.7
18,2,0.58146,1.0,0.55231,0.95,0.58772,0.85,0.58166,0.95
19,,0.43146,0.85,0.40231,0.8,0.43772,0.7,0.43166,0.8
20,,0.28146,0.7,0.25231,0.65,0.28772,0.55,0.28166,0.65
21,,0.13146,0.55,0.10231,0.5,0.13772,0.4,0.13166,0.5
22,,-0.01854,0.4,-0.04769,0.35,-0.01228,0.25,-0.01834,0.35
23,3,0.23146,0.721,0.95231,0.671,0.23772,0.429,0.13166,0.529
24,3,0.48146,1.0,1.0,0.992,0.48772,0.608,0.28166,0.708
25,,0.33146,0.85,0.85,0.842,0.33772,0.458,0.13166,0.558
26,,0.18146,0.7,0.7,0.692,0.18772,0.308,-0.01834,0.408
27,7,0.43146,0.879,0.85,0.871,0.43772,0.629,0.98166,0.729
28,7,0.68146,1.0,1.0,1.0,0.68772,0.95,1.0,1.0
29,,0.53146,0.85,0.85,0.85,0.53772,0.8,0.85,0.85
30,,0.38146,0.7,0.7,0.7,0.38772,0.65,0.7,0.7
31,,0.23146,0.55,0.55,0.55,0.23772,0.5,0.55,0.55
32,,0.08146,0.4,0.4,0.4,0.08772,0.35,0.4,0.4
33,,-0.06854,0.25,0.25,0.25,-0.06228,0.2,0.25,0.25
34,1,0.93146,0.571,0.5,0.429,0.08772,0.379,0.5,0.571
35,1,1.0,0.892,0.75,0.608,0.23772,0.558,0.75,0.892
36,,0.85,0.742,0.6,0.458,0.08772,0.408,0.6,0.742
37,,0.7,0.592,0.45,0.308,-0.06228,0.258,0.45,0.592
38,5,0.85,0.771,0.7,0.629,0.93772,0.579,0.7,0.771
39,5,1.0,0.95,0.95,0.95,1.0,0.9,0.95,0.95
40,,0.85,0.8,0.8,0.8,0.85,0.75,0.8,0.8
41,,0.7,0.65,0.65,0.65,0.7,0.6,0.65,0.65
42,,0.55,0.5,0.5,0.5,0.55,0.45,0.5,0.5
43,,0.4,0.35,0.35,0.35,0.4,0.3,0.35,0.35
44,,0.25,0.2,0.2,0.2,0.25,0.15,0.2,0.2
45,,0.1,0.05,0.05,0.05,0.1,0.0,0.05,0.05
46,,-0.05,-0.1,-0.1,-0.1,-0.05,-0.15,-0.1,-0.1
47,6,0.129,0.05,0.079,0.15,0.271,0.85,0.221,0.15
48,6,0.308,0.2,0.258,0.4,0.592,1.0,0.542,0.4
49,,0.158,0.05,0.108,0.25,0.442,0.85,0.392,0.25
50,,0.008,-0.1,-0.042,0.1,0.292,0.7,0.242,0.1
51,2,0.329,0.9,0.279,0.35,0.471,0.85,0.421,0.35
52,2,0.65,1.0,0.6,0.6,0.65,1.0,0.6,0.6
53,,0.5,0.85,0.45,0.45,0.5,0.85,0.45,0.45
54,,0.35,0.7,0.3,0.3,0.35,0.7,0.3,0.3
55,,0.2,0.55,0.15,0.15,0.2,0.55,0.15,0.15
56,,0.05,0.4,0.0,0.0,0.05,0.4,0.0,0.0
57,,-0.1,0.25,-0.15,-0.15,-0.1,0.25,-0.15,-0.15
58,4,0.079,0.5,0.171,0.85,0.221,0.5,0.029,0.0
59,4,0.258,0.75,0.492,1.0,0.542,0.75,0.208,0.15
60,,0.108,0.6,0.342,0.85,0.392,0.6,0.058,0.0
61,,-0.042,0.45,0.192,0.7,0.242,0.45,-0.092,-0.15
62,8,0.279,0.7,0.371,0.85,0.421,0.7,0.229,0.85
63,8,0.6,0.95,0.55,1.0,0.6,0.95,0.55,1.0
64,,0.45,0.8,0.4,0.85,0.45,0.8,0.4,0.85
65,,0.3,0.65,0.25,0.7,0.3,0.65,0.25,0.7
66,,0.15,0.5,0.1,0.55,0.15,0.5,0.1,0.55
67,,0.0,0.35,-0.05,0.4,0.0,0.35,-0.05,0.4
68,7,0.25,0.529,0.1,0.579,0.25,0.671,0.95,0.721
69,7,0.5,0.708,0.25,0.758,0.5,0.992,1.0,1.0
70,,0.35,0.558,0.1,0.608,0.35,0.842,0.85,0.85
71,,0.2,0.408,-0.05,0.458,0.2,0.692,0.7,0.7
72,3,0.45,0.729,0.95,0.779,0.45,0.871,0.85,0.879
73,3,0.7,1.0,1.0,1.0,0.7,1.0,1.0,1.0
74,,0.55,0.85,0.85,0.85,0.55,0.85,0.85,0.85
75,,0.4,0.7,0.7,0.7,0.4,0.7,0.7,0.7
76,,0.25,0.55,0.55,0.55,0.25,0.55,0.55,0.55
77,,0.1,0.4,0.4,0.4,0.1,0.4,0.4,0.4
78,,-0.05,0.25,0.25,0.25,-0.05,0.25,0.25,0.25
79,1,0.95,0.571,0.5,0.429,0.1,0.429,0.5,0.571
80,1,1.0,0.892,0.75,0.608,0.25,0.608,0.75,0.892
81,,0.85,0.742,0.6,0.458,0.1,0.458,0.6,0.742
82,,0.7,0.592,0.45,0.308,-0.05,0.308,0.45,0.592
83,5,0.85,0.771,0.7,0.629,0.95,0.629,0.7,0.771
84,5,1.0,0.95,0.95,0.95,1.0,0.95,0.95,0.95
85,,0.85,0.8,0.8,0.8,0.85,0.8,0.8,0.8
86,,0.7,0.65,0.65,0.65,0.7,0.65,0.65,0.65
87,,0.55,0.5,0.5,0.5,0.55,0.5,0.5,0.5
88,,0.4,0.35,0.35,0.35,0.4,0.35,0.35,0.35
89,,0.25,0.2,0.2,0.2,0.25,0.2,0.2,0.2
90,,0.1,0.05,0.05,0.05,0.1,0.05,0.05,0.05
91,,-0.05,-0.1,-0.1,-0.1,-0.05,-0.1,-0.1,-0.1
92,7,0.2,0.079,0.05,0.079,0.2,0.221,0.9,0.221
93,7,0.45,0.258,0.2,0.258,0.45,0.542,1.0,0.542
94,,0.3,0.108,0.05,0.108,0.3,0.392,0.85,0.392
95,,0.15,-0.042,-0.1,-0.042,0.15,0.242,0.7,0.242
96,3,0.4,0.279,0.9,0.279,0.4,0.421,0.85,0.421
97,3,0.65,0.6,1.0,0.6,0.65,0.6,1.0,0.6
98,,0.5,0.45,0.85,0.45,0.5,0.45,0.85,0.45
99,,0.35,0.3,0.7,0.3,0.35,0.3,0.7,0.3
100,,0.2,0.15,0.55,0.15,0.2,0.15,0.55,0.15
101,,0.05,0.0,0.4,0.0,0.05,0.0,0.4,0.0
102,,-0.1,-0.15,0.25,-0.15,-0.1,-0.15,0.25,-0.15
103,4,0.079,0.1,0.571,0.85,0.221,0.1,0.429,0.0
104,4,0.258,0.35,0.892,1.0,0.542,0.35,0.608,0.15
105,,0.108,0.2,0.742,0.85,0.392,0.2,0.458,0.0
106,,-0.042,0.05,0.592,0.7,0.242,0.05,0.308,-0.15
107,8,0.279,0.3,0.771,0.85,0.421,0.3,0.629,0.85
108,8,0.6,0.55,0.95,1.0,0.6,0.55,0.95,1.0
109,,0.45,0.4,0.8,0.85,0.45,0.4,0.8,0.85
110,,0.3,0.25,0.65,0.7,0.3,0.25,0.65,0.7
111,,0.15,0.1,0.5,0.55,0.15,0.1,0.5,0.55
112,,0.0,-0.05,0.35,0.4,0.0,-0.05,0.35,0.4
113,2,0.321,0.95,0.671,0.65,0.179,0.1,0.529,0.65
114,2,0.642,1.0,0.992,0.9,0.358,0.25,0.708,0.9
115,,0.492,0.85,0.842,0.75,0.208,0.1,0.558,0.75
116,,0.342,0.7,0.692,0.6,0.058,-0.05,0.408,0.6
117,6,0.521,0.85,0.871,0.85,0.379,0.95,0.729,0.85
118,6,0.7,1.0,1.0,1.0,0.7,1.0,1.0,1.0
119,,0.55,0.85,0.85,0.85,0.55,0.85,0.85,0.85
120,,0.4,0.7,0.7,0.7,0.4,0.7,0.7,0.7
121,,0.25,0.55,0.55,0.55,0.25,0.55,0.55,0.55
122,,0.1,0.4,0.4,0.4,0.1,0.4,0.4,0.4
123,,-0.05,0.25,0.25,0.25,-0.05,0.25,0.25,0.25
124,1,0.95,0.571,0.5,0.429,0.1,0.429,0.5,0.571
125,1,1.0,0.892,0.75,0.608,0.25,0.608,0.75,0.892
126,,0.85,0.742,0.6,0.458,0.1,0.458,0.6,0.742
127,,0.7,0.592,0.45,0.308,-0.05,0.308,0.45,0.592
128,5,0.85,0.771,0.7,0.629,0.95,0.629,0.7,0.771
129,5,1.0,0.95,0.95,0.95,1.0,0.95,0.95,0.95
130,,0.85,0.8,0.8,0.8,0.85,0.8,0.8,0.8
131,,0.7,0.65,0.65,0.65,0.7,0.65,0.65,0.65
132,,0.55,0.5,0.5,0.5,0.55,0.5,0.5,0.5
133,,0.4,0.35,0.35,0.35,0.4,0.35,0.35,0.35
134,,0.25,0.2,0.2,0.2,0.25,0.2,0.2,0.2
135,,0.1,0.05,0.05,0.05,0.1,0.05,0.05,0.05
136,,-0.05,-0.1,-0.1,-0.1,-0.05,-0.1,-0.1,-0.1
137,2,0.271,0.9,0.221,0.15,0.129,0.05,0.079,0.15
138,2,0.592,1.0,0.542,0.4,0.308,0.2,0.258,0.4
139,,0.442,0.85,0.392,0.25,0.158,0.05,0.108,0.25
140,,0.292,0.7,0.242,0.1,0.008,-0.1,-0.042,0.1
141,6,0.471,0.85,0.421,0.35,0.329,0.9,0.279,0.35
142,6,0.65,1.0,0.6,0.6,0.65,1.0,0.6,0.6
143,,0.5,0.85,0.45,0.45,0.5,0.85,0.45,0.45
144,,0.35,0.7,0.3,0.3,0.35,0.7,0.3,0.3
145,,0.2,0.55,0.15,0.15,0.2,0.55,0.15,0.15
146,,0.05,0.4,0.0,0.0,0.05,0.4,0.0,0.0
147,,-0.1,0.25,-0.15,-0.15,-0.1,0.25,-0.15,-0.15
148,3,0.15,0.571,0.85,0.171,0.15,0.429,0.0,0.029
149,3,0.4,0.892,1.0,0.492,0.4,0.608,0.15,0.208
150,,0.25,0.742,0.85,0.342,0.25,0.458,0.0,0.058
151,,0.1,0.592,0.7,0.192,0.1,0.308,-0.15,-0.092
152,7,0.35,0.771,0.85,0.371,0.35,0.629,0.85,0.229
153,7,0.6,0.95,1.0,0.55,0.6,0.95,1.0,0.55
154,,0.45,0.8,0.85,0.4,0.45,0.8,0.85,0.4
155,,0.3,0.65,0.7,0.25,0.3,0.65,0.7,0.25
156,,0.15,0.5,0.55,0.1,0.15,0.5,0.55,0.1
157,,0.0,0.35,0.4,-0.05,0.0,0.35,0.4,-0.05
158,4,0.179,0.6,0.721,0.95,0.321,0.6,0.579,0.1
159,4,0.358,0.85,1.0,1.0,0.642,0.85,0.758,0.25
160,,0.208,0.7,0.85,0.85,0.492,0.7,0.608,0.1
161,,0.058,0.55,0.7,0.7,0.342,0.55,0.458,-0.05
162,8,0.379,0.8,0.879,0.85,0.521,0.8,0.779,0.95
163,8,0.7,1.0,1.0,1.0,0.7,1.0,1.0,1.0
164,,0.55,0.85,0.85,0.85,0.55,0.85,0.85,0.85
165,,0.4,0.7,0.7,0.7,0.4,0.7,0.7,0.7
166,,0.25,0.55,0.55,0.55,0.25,0.55,0.55,0.55
167,,0.1,0.4,0.4,0.4,0.1,0.4,0.4,0.4
168,,-0.05,0.25,0.25,0.25,-0.05,0.25,0.25,0.25
169,1,0.95,0.571,0.5,0.429,0.1,0.429,0.5,0.571
170,1,1.0,0.892,0.75,0.608,0.25,0.608,0.75,0.892
171,,0.85,0.742,0.6,0.458,0.1,0.458,0.6,0.742
172,,0.7,0.592,0.45,0.308,-0.05,0.308,0.45,0.592
173,5,0.85,0.771,0.7,0.629,0.95,0.629,0.7,0.771
174,5,1.0,0.95,0.95,0.95,1.0,0.95,0.95,0.95
175,,0.85,0.8,0.8,0.8,0.85,0.8,0.8,0.8
176,,0.7,0.65,0.65,0.65,0.7,0.65,0.65,0.65
177,,0.55,0.5,0.5,0.5,0.55,0.5,0.5,0.5
178,,0.4,0.35,0.35,0.35,0.4,0.35,0.35,0.35
179,,0.25,0.2,0.2,0.2,0.25,0.2,0.2,0.2
180,,0.1,0.05,0.05,0.05,0.1,0.05,0.05,0.05
181,,-0.05,-0.1,-0.1,-0.1,-0.05,-0.1,-0.1,-0.1
182,3,0.2,0.221,0.9,0.221,0.2,0.079,0.05,0.079
183,3,0.45,0.542,1.0,0.542,0.45,0.258,0.2,0.258
184,,0.3,0.392,0.85,0.392,0.3,0.108,0.05,0.108
185,,0.15,0.242,0.7,0.242,0.15,-0.042,-0.1,-0.042
186,7,0.4,0.421,0.85,0.421,0.4,0.279,0.9,0.279
187,7,0.65,0.6,1.0,0.6,0.65,0.6,1.0,0.6
188,,0.5,0.45,0.85,0.45,0.5,0.45,0.85,0.45
189,,0.35,0.3,0.7,0.3,0.35,0.3,0.7,0.3
190,,0.2,0.15,0.55,0.15,0.2,0.15,0.55,0.15
191,,0.05,0.0,0.4,0.0,0.05,0.0,0.4,0.0
192,,-0.1,-0.15,0.25,-0.15,-0.1,-0.15,0.25,-0.15
193,4,0.079,0.1,0.571,0.85,0.221,0.1,0.429,0.0
194,4,0.258,0.35,0.892,1.0,0.542,0.35,0.608,0.15
195,,0.108,0.2,0.742,0.85,0.392,0.2,0.458,0.0
196,,-0.042,0.05,0.592,0.7,0.242,0.05,0.308,-0.15
197,8,0.279,0.3,0.771,0.85,0.421,0.3,0.629,0.85
198,8,0.6,0.55,0.95,1.0,0.6,0.55,0.95,1.0
199,,0.45,0.4,0.8,0.85,0.45,0.4,0.8,0.85
200,,0.3,0.25,0.65,0.7,0.3,0.25,0.65,0.7
201,,0.15,0.1,0.5,0.55,0.15,0.1,0.5,0.55
202,,0.0,-0.05,0.35,0.4,0.0,-0.05,0.35,0.4
203,2,0.321,0.95,0.671,0.65,0.179,0.1,0.529,0.65
204,2,0.642,1.0,0.992,0.9,0.358,0.25,0.708,0.9
205,,0.492,0.85,0.842,0.75,0.208,0.1,0.558,0.75
206,,0.342,0.7,0.692,0.6,0.058,-0.05,0.408,0.6
207,6,0.521,0.85,0.871,0.85,0.379,0.95,0.729,0.85
208,6,0.7,1.0,1.0,1.0,0.7,1.0,1.0,1.0
209,,0.55,0.85,0.85,0.85,0.55,0.85,0.85,0.85
210,,0.4,0.7,0.7,0.7,0.4,0.7,0.7,0.7
211,,0.25,0.55,0.55,0.55,0.25,0.55,0.55,0.55
212,,0.1,0.4,0.4,0.4,0.1,0.4,0.4,0.4
213,,-0.05,0.25,0.25,0.25,-0.05,0.25,0.25,0.25
214,5,0.1,0.429,0.5,0.571,0.95,0.571,0.5,0.429
215,5,0.25,0.608,0.75,0.892,1.0,0.892,0.75,0.608
216,,0.1,0.458,0.6,0.742,0.85,0.742,0.6,0.458
217,,-0.05,0.308,0.45,0.592,0.7,0.592,0.45,0.308
218,1,0.95,0.629,0.7,0.771,0.85,0.771,0.7,0.629
219,1,1.0,0.95,0.95,0.95,1.0,0.95,0.95,0.95
220,,0.85,0.8,0.8,0.8,0.85,0.8,0.8,0.8
221,,0.7,0.65,0.65,0.65,0.7,0.65,0.65,0.65
222,,0.55,0.5,0.5,0.5,0.55,0.5,0.5,0.5
223,,0.4,0.35,0.35,0.35,0.4,0.35,0.35,0.35
224,,0.25,0.2,0.2,0.2,0.25,0.2,0.2,0.2
225,,0.1,0.05,0.05,0.05,0.1,0.05,0.05,0.05
226,,-0.05,-0.1,-0.1,-0.1,-0.05,-0.1,-0.1,-0.1
227,4,0.129,0.15,0.221,0.9,0.271,0.15,0.079,0.05
228,4,0.308,0.4,0.542,1.0,0.592,0.4,0.258,0.2
229,,0.158,0.25,0.392,0.85,0.442,0.25,0.108,0.05
230,,0.008,0.1,0.242,0.7,0.292,0.1,-0.042,-0.1
231,8,0.329,0.35,0.421,0.85,0.471,0.35,0.279,0.9
232,8,0.65,0.6,0.6,1.0,0.65,0.6,0.6,1.0
233,,0.5,0.45,0.45,0.85,0.5,0.45,0.45,0.85
234,,0.35,0.3,0.3,0.7,0.35,0.3,0.3,0.7
235,,0.2,0.15,0.15,0.55,0.2,0.15,0.15,0.55
236,,0.05,0.0,0.0,0.4,0.05,0.0,0.0,0.4
237,,-0.1,-0.15,-0.15,0.25,-0.1,-0.15,-0.15,0.25
238,6,0.079,0.0,0.029,0.5,0.221,0.85,0.171,0.5
239,6,0.258,0.15,0.208,0.75,0.542,1.0,0.492,0.75
240,,0.108,0.0,0.058,0.6,0.392,0.85,0.342,0.6
241,,-0.042,-0.15,-0.092,0.45,0.242,0.7,0.192,0.45
242,2,0.279,0.85,0.229,0.7,0.421,0.85,0.371,0.7
243,2,0.6,1.0,0.55,0.95,0.6,1.0,0.55,0.95
244,,0.45,0.85,0.4,0.8,0.45,0.85,0.4,0.8
245,,0.3,0.7,0.25,0.65,0.3,0.7,0.25,0.65
246,,0.15,0.55,0.1,0.5,0.15,0.55,0.1,0.5
247,,0.0,0.4,-0.05,0.35,0.0,0.4,-0.05,0.35
248,3,0.25,0.721,0.95,0.671,0.25,0.579,0.1,0.529
249,3,0.5,1.0,1.0,0.992,0.5,0.758,0.25,0.708
250,,0.35,0.85,0.85,0.842,0.35,0.608,0.1,0.558
251,,0.2,0.7,0.7,0.692,0.2,0.458,-0.05,0.408
252,7,0.45,0.879,0.85,0.871,0.45,0.779,0.95,0.729
253,7,0.7,1.0,1.0,1.0,0.7,1.0,1.0,1.0
254,,0.55,0.85,0.85,0.85,0.55,0.85,0.85,0.85
255,,0.4,0.7,0.7,0.7,0.4,0.7,0.7,0.7
256,,0.25,0.55,0.55,0.55,0.25,0.55,0.55,0.55
257,,0.1,0.4,0.4,0.4,0.1,0.4,0.4,0.4
258,,-0.05,0.25,0.25,0.25,-0.05,0.25,0.25,0.25
259,5,0.1,0.429,0.5,0.571,0.95,0.571,0.5,0.429
260,5,0.25,0.608,0.75,0.892,1.0,0.892,0.75,0.608
261,,0.1,0.458,0.6,0.742,0.85,0.742,0.6,0.458
262,,-0.05,0.308,0.45,0.592,0.7,0.592,0.45,0.308
263,1,0.95,0.629,0.7,0.771,0.85,0.771,0.7,0.629
264,1,1.0,0.95,0.95,0.95,1.0,0.95,0.95,0.95
265,,0.85,0.8,0.8,0.8,0.85,0.8,0.8,0.8
266,,0.7,0.65,0.65,0.65,0.7,0.65,0.65,0.65
267,,0.55,0.5,0.5,0.5,0.55,0.5,0.5,0.5
268,,0.4,0.35,0.35,0.35,0.4,0.35,0.35,0.35
269,,0.25,0.2,0.2,0.2,0.25,0.2,0.2,0.2
270,,0.1,0.05,0.05,0.05,0.1,0.05,0.05,0.05
271,,-0.05,-0.1,-0.1,-0.1,-0.05,-0.1,-0.1,-0.1
272,8,0.271,0.15,0.079,0.05,0.129,0.15,0.221,0.9
273,8,0.592,0.4,0.258,0.2,0.308,0.4,0.542,1.0
274,,0.442,0.25,0.108,0.05,0.158,0.25,0.392,0.85
275,,0.292,0.1,-0.042,-0.1,0.008,0.1,0.242,0.7
276,4,0.471,0.35,0.279,0.9,0.329,0.35,0.421,0.85
277,4,0.65,0.6,0.6,1.0,0.65,0.6,0.6,1.0
278,,0.5,0.45,0.45,0.85,0.5,0.45,0.45,0.85
279,,0.35,0.3,0.3,0.7,0.35,0.3,0.3,0.7
280,,0.2,0.15,0.15,0.55,0.2,0.15,0.15,0.55
281,,0.05,0.0,0.0,0.4,0.05,0.0,0.0,0.4
282,,-0.1,-0.15,-0.15,0.25,-0.1,-0.15,-0.15,0.25
283,6,0.079,0.0,0.029,0.5,0.221,0.85,0.171,0.5
284,6,0.258,0.15,0.208,0.75,0.542,1.0,0.492,0.75
285,,0.108,0.0,0.058,0.6,0.392,0.85,0.342,0.6
286,,-0.042,-0.15,-0.092,0.45,0.242,0.7,0.192,0.45
287,2,0.279,0.85,0.229,0.7,0.421,0.85,0.371,0.7
288,2,0.6,1.0,0.55,0.95,0.6,1.0,0.55,0.95
289,,0.45,0.85,0.4,0.8,0.45,0.85,0.4,0.8
290,,0.3,0.7,0.25,0.65,0.3,0.7,0.25,0.65
291,,0.15,0.55,0.1,0.5,0.15,0.55,0.1,0.5
292,,0.0,0.4,-0.05,0.35,0.0,0.4,-0.05,0.35
293,3,0.25,0.721,0.95,0.671,0.25,0.579,0.1,0.529
294,3,0.5,1.0,1.0,0.992,0.5,0.758,0.25,0.708
295,,0.35,0.85,0.85,0.842,0.35,0.608,0.1,0.558
296,,0.2,0.7,0.7,0.692,0.2,0.458,-0.05,0.408
297,7,0.45,0.879,0.85,0.871,0.45,0.779,0.95,0.729
298,7,0.7,1.0,1.0,1.0,0.7,1.0,1.0,1.0
299,,0.55,0.85,0.85,0.85,0.55,0.85,0.85,0.85
300,,0.4,0.7,0.7,0.7,0.4,0.7,0.7,0.7
301,,0.25,0.55,0.55,0.55,0.25,0.55,0.55,0.55
302,,0.1,0.4,0.4,0.4,0.1,0.4,0.4,0.4
303,,-0.05,0.25,0.25,0.25,-0.05,0.25,0.25,0.25
304,1,0.95,0.571,0.5,0.429,0.1,0.429,0.5,0.571
305,1,1.0,0.892,0.75,0.608,0.25,0.608,0.75,0.892
306,,0.85,0.742,0.6,0.458,0.1,0.458,0.6,0.742
307,,0.7,0.592,0.45,0.308,-0.05,0.308,0.45,0.592
308,5,0.85,0.771,0.7,0.629,0.95,0.629,0.7,0.771
309,5,1.0,0.95,0.95,0.95,1.0,0.95,0.95,0.95
310,,0.85,0.8,0.8,0.8,0.85,0.8,0.8,0.8
311,,0.7,0.65,0.65,0.65,0.7,0.65,0.65,0.65
312,,0.55,0.5,0.5,0.5,0.55,0.5,0.5,0.5
313,,0.4,0.35,0.35,0.35,0.4,0.35,0.35,0.35
314,,0.25,0.2,0.2,0.2,0.25,0.2,0.2,0.2
315,,0.1,0.05,0.05,0.05,0.1,0.05,0.05,0.05
316,,-0.05,-0.1,-0.1,-0.1,-0.05,-0.1,-0.1,-0.1
317,3,0.2,0.221,0.9,0.221,0.2,0.079,0.05,0.079
318,3,0.45,0.542,1.0,0.542,0.45,0.258,0.2,0.258
319,,0.3,0.392,0.85,0.392,0.3,0.108,0.05,0.108
320,,0.15,0.242,0.7,0.242,0.15,-0.042,-0.1,-0.042
321,7,0.4,0.421,0.85,0.421,0.4,0.279,0.9,0.279
322,7,0.65,0.6,1.0,0.6,0.65,0.6,1.0,0.6
323,,0.5,0.45,0.85,0.45,0.5,0.45,0.85,0.45
324,,0.35,0.3,0.7,0.3,0.35,0.3,0.7,0.3
325,,0.2,0.15,0.55,0.15,0.2,0.15,0.55,0.15
326,,0.05,0.0,0.4,0.0,0.05,0.0,0.4,0.0
327,,-0.1,-0.15,0.25,-0.15,-0.1,-0.15,0.25,-0.15
328,8,0.221,0.1,0.429,0.0,0.079,0.1,0.571,0.85
329,8,0.542,0.35,0.608,0.15,0.258,0.35,0.892,1.0
330,,0.392,0.2,0.458,0.0,0.108,0.2,0.742,0.85
331,,0.242,0.05,0.308,-0.15,-0.042,0.05,0.592,0.7
332,4,0.421,0.3,0.629,0.85,0.279,0.3,0.771,0.85
333,4,0.6,0.55,0.95,1.0,0.6,0.55,0.95,1.0
334,,0.45,0.4,0.8,0.85,0.45,0.4,0.8,0.85
335,,0.3,0.25,0.65,0.7,0.3,0.25,0.65,0.7
336,,0.15,0.1,0.5,0.55,0.15,0.1,0.5,0.55
337,,0.0,-0.05,0.35,0.4,0.0,-0.05,0.35,0.4
338,6,0.179,0.1,0.529,0.65,0.321,0.95,0.671,0.65
339,6,0.358,0.25,0.708,0.9,0.642,1.0,0.992,0.9
340,,0.208,0.1,0.558,0.75,0.492,0.85,0.842,0.75
341,,0.058,-0.05,0.408,0.6,0.342,0.7,0.692,0.6
342,2,0.379,0.95,0.729,0.85,0.521,0.85,0.871,0.85
343,2,0.7,1.0,1.0,1.0,0.7,1.0,1.0,1.0
344,,0.55,0.85,0.85,0.85,0.55,0.85,0.85,0.85
345,,0.4,0.7,0.7,0.7,0.4,0.7,0.7,0.7
346,,0.25,0.55,0.55,0.55,0.25,0.55,0.55,0.55
347,,0.1,0.4,0.4,0.4,0.1,0.4,0.4,0.4
348,,-0.05,0.25,0.25,0.25,-0.05,0.25,0.25,0.25
349,1,0.95,0.571,0.5,0.429,0.1,0.429,0.5,0.571
350,1,1.0,0.892,0.75,0.608,0.25,0.608,0.75,0.892
351,,0.85,0.742,0.6,0.458,0.1,0.458,0.6,0.742
352,,0.7,0.592,0.45,0.308,-0.05,0.308,0.45,0.592
353,5,0.85,0.771,0.7,0.629,0.95,0.629,0.7,0.771
354,5,1.0,0.95,0.95,0.95,1.0,0.95,0.95,0.95
355,,0.85,0.8,0.8,0.8,0.85,0.8,0.8,0.8
356,,0.7,0.65,0.65,0.65,0.7,0.65,0.65,0.65
357,,0.55,0.5,0.5,0.5,0.55,0.5,0.5,0.5
358,,0.4,0.35,0.35,0.35,0.4,0.35,0.35,0.35
359,,0.25,0.2,0.2,0.2,0.25,0.2,0.2,0.2
360,,0.1,0.05,0.05,0.05,0.1,0.05,0.05,0.05
361,,-0.05,-0.1,-0.1,-0.1,-0.05,-0.1,-0.1,-0.1
362,7,0.2,0.079,0.05,0.079,0.2,0.221,0.9,0.221
363,7,0.45,0.258,0.2,0.258,0.45,0.542,1.0,0.542
364,,0.3,0.108,0.05,0.108,0.3,0.392,0.85,0.392
365,,0.15,-0.042,-0.1,-0.042,0.15,0.242,0.7,0.242
366,3,0.4,0.279,0.9,0.279,0.4,0.421,0.85,0.421
367,3,0.65,0.6,1.0,0.6,0.65,0.6,1.0,0.6
368,,0.5,0.45,0.85,0.45,0.5,0.45,0.85,0.45
369,,0.35,0.3,0.7,0.3,0.35,0.3,0.7,0.3
370,,0.2,0.15,0.55,0.15,0.2,0.15,0.55,0.15
371,,0.05,0.0,0.4,0.0,0.05,0.0,0.4,0.0
372,,-0.1,-0.15,0.25,-0.15,-0.1,-0.15,0.25,-0.15
373,2,0.221,0.85,0.571,0.1,0.079,0.0,0.429,0.1
374,2,0.542,1.0,0.892,0.35,0.258,0.15,0.608,0.35
375,,0.392,0.85,0.742,0.2,0.108,0.0,0.458,0.2
376,,0.242,0.7,0.592,0.05,-0.042,-0.15,0.308,0.05
377,6,0.421,0.85,0.771,0.3,0.279,0.85,0.629,0.3
378,6,0.6,1.0,0.95,0.55,0.6,1.0,0.95,0.55
379,,0.45,0.85,0.8,0.4,0.45,0.85,0.8,0.4
380,,0.3,0.7,0.65,0.25,0.3,0.7,0.65,0.25
381,,0.15,0.55,0.5,0.1,0.15,0.55,0.5,0.1
382,,0.0,0.4,0.35,-0.05,0.0,0.4,0.35,-0.05
383,8,0.321,0.65,0.529,0.1,0.179,0.65,0.671,0.95
384,8,0.642,0.9,0.708,0.25,0.358,0.9,0.992,1.0
385,,0.492,0.75,0.558,0.1,0.208,0.75,0.842,0.85
386,,0.342,0.6,0.408,-0.05,0.058,0.6,0.692,0.7
387,4,0.521,0.85,0.729,0.95,0.379,0.85,0.871,0.85
388,4,0.7,1.0,1.0,1.0,0.7,1.0,1.0,1.0
389,,0.55,0.85,0.85,0.85,0.55,0.85,0.85,0.85
390,,0.4,0.7,0.7,0.7,0.4,0.7,0.7,0.7
391,,0.25,0.55,0.55,0.55,0.25,0.55,0.55,0.55
392,,0.1,0.4,0.4,0.4,0.1,0.4,0.4,0.4
393,,-0.05,0.25,0.25,0.25,-0.05,0.25,0.25,0.25
394,5,0.1,0.429,0.5,0.571,0.95,0.571,0.5,0.429
395,5,0.25,0.608,0.75,0.892,1.0,0.892,0.75,0.608
396,,0.1,0.458,0.6,0.742,0.85,0.742,0.6,0.458
397,,-0.05,0.308,0.45,0.592,0.7,0.592,0.45,0.308
398,1,0.95,0.629,0.7,0.771,0.85,0.771,0.7,0.629
399,1,1.0,0.95,0.95,0.95,1.0,0.95,0.95,0.95
400,,0.85,0.8,0.8,0.8,0.85,0.8,0.8,0.8
401,,0.7,0.65,0.65,0.65,0.7,0.65,0.65,0.65
402,,0.55,0.5,0.5,0.5,0.55,0.5,0.5,0.5
403,,0.4,0.35,0.35,0.35,0.4,0.35,0.35,0.35
404,,0.25,0.2,0.2,0.2,0.25,0.2,0.2,0.2
405,,0.1,0.05,0.05,0.05,0.1,0.05,0.05,0.05
406,,-0.05,-0.1,-0.1,-0.1,-0.05,-0.1,-0.1,-0.1
407,4,0.129,0.15,0.221,0.9,0.271,0.15,0.079,0.05
408,4,0.308,0.4,0.542,1.0,0.592,0.4,0.258,0.2
409,,0.158,0.25,0.392,0.85,0.442,0.25,0.108,0.05
410,,0.008,0.1,0.242,0.7,0.292,0.1,-0.042,-0.1
411,8,0.329,0.35,0.421,0.85,0.471,0.35,0.279,0.9
412,8,0.65,0.6,0.6,1.0,0.65,0.6,0.6,1.0
413,,0.5,0.45,0.45,0.85,0.5,0.45,0.45,0.85
414,,0.35,0.3,0.3,0.7,0.35,0.3,0.3,0.7
415,,0.2,0.15,0.15,0.55,0.2,0.15,0.15,0.55
416,,0.05,0.0,0.0,0.4,0.05,0.0,0.0,0.4
417,,-0.1,-0.15,-0.15,0.25,-0.1,-0.15,-0.15,0.25
418,7,0.15,0.029,0.0,0.429,0.15,0.171,0.85,0.571
419,7,0.4,0.208,0.15,0.608,0.4,0.492,1.0,0.892
420,,0.25,0.058,0.0,0.458,0.25,0.342,0.85,0.742
421,,0.1,-0.092,-0.15,0.308,0.1,0.192,0.7,0.592
422,3,0.35,0.229,0.85,0.629,0.35,0.371,0.85,0.771
423,3,0.6,0.55,1.0,0.95,0.6,0.55,1.0,0.95
424,,0.45,0.4,0.85,0.8,0.45,0.4,0.85,0.8
425,,0.3,0.25,0.7,0.65,0.3,0.25,0.7,0.65
426,,0.15,0.1,0.55,0.5,0.15,0.1,0.55,0.5
427,,0.0,-0.05,0.4,0.35,0.0,-0.05,0.4,0.35
428,2,0.321,0.95,0.721,0.6,0.179,0.1,0.579,0.6
429,2,0.642,1.0,1.0,0.85,0.358,0.25,0.758,0.85
430,,0.492,0.85,0.85,0.7,0.208,0.1,0.608,0.7
431,,0.342,0.7,0.7,0.55,0.058,-0.05,0.458,0.55
432,6,0.521,0.85,0.879,0.8,0.379,0.95,0.779,0.8
433,6,0.7,1.0,1.0,1.0,0.7,1.0,1.0,1.0
434,,0.55,0.85,0.85,0.85,0.55,0.85,0.85,0.85
435,,0.4,0.7,0.7,0.7,0.4,0.7,0.7,0.7
436,,0.25,0.55,0.55,0.55,0.25,0.55,0.55,0.55
437,,0.1,0.4,0.4,0.4,0.1,0.4,0.4,0.4
438,,-0.05,0.25,0.25,0.25,-0.05,0.25,0.25,0.25
439,5,0.1,0.429,0.5,0.571,0.95,0.571,0.5,0.429
440,5,0.25,0.608,0.75,0.892,1.0,0.892,0.75,0.608
441,,0.1,0.458,0.6,0.742,0.85,0.742,0.6,0.458
442,,-0.05,0.308,0.45,0.592,0.7,0.592,0.45,0.308
443,1,0.95,0.629,0.7,0.771,0.85,0.771,0.7,0.629
444,1,1.0,0.95,0.95,0.95,1.0,0.95,0.95,0.95
445,,0.85,0.8,0.8,0.8,0.85,0.8,0.8,0.8
446,,0.7,0.65,0.65,0.65,0.7,0.65,0.65,0.65
447,,0.55,0.5,0.5,0.5,0.55,0.5,0.5,0.5
448,,0.4,0.35,0.35,0.35,0.4,0.35,0.35,0.35
449,,0.25,0.2,0.2,0.2,0.25,0.2,0.2,0.2
450,,0.1,0.05,0.05,0.05,0.1,0.05,0.05,0.05
451,,-0.05,-0.1,-0.1,-0.1,-0.05,-0.1,-0.1,-0.1
452,2,0.271,0.9,0.221,0.15,0.129,0.05,0.079,0.15
453,2,0.592,1.0,0.542,0.4,0.308,0.2,0.258,0.4
454,,0.442,0.85,0.392,0.25,0.158,0.05,0.108,0.25
455,,0.292,0.7,0.242,0.1,0.008,-0.1,-0.042,0.1
456,6,0.471,0.85,0.421,0.35,0.329,0.9,0.279,0.35
457,6,0.65,1.0,0.6,0.6,0.65,1.0,0.6,0.6
458,,0.5,0.85,0.45,0.45,0.5,0.85,0.45,0.45
459,,0.35,0.7,0.3,0.3,0.35,0.7,0.3,0.3
460,,0.2,0.55,0.15,0.15,0.2,0.55,0.15,0.15
461,,0.05,0.4,0.0,0.0,0.05,0.4,0.0,0.0
462,,-0.1,0.25,-0.15,-0.15,-0.1,0.25,-0.15,-0.15
463,3,0.15,0.571,0.85,0.171,0.15,0.429,0.0,0.029
464,3,0.4,0.892,1.0,0.492,0.4,0.608,0.15,0.208
465,,0.25,0.742,0.85,0.342,0.25,0.458,0.0,0.058
466,,0.1,0.592,0.7,0.192,0.1,0.308,-0.15,-0.092
467,7,0.35,0.771,0.85,0.371,0.35,0.629,0.85,0.229
468,7,0.6,0.95,1.0,0.55,0.6,0.95,1.0,0.55
469,,0.45,0.8,0.85,0.4,0.45,0.8,0.85,0.4
470,,0.3,0.65,0.7,0.25,0.3,0.65,0.7,0.25
471,,0.15,0.5,0.55,0.1,0.15,0.5,0.55,0.1
472,,0.0,0.35,0.4,-0.05,0.0,0.35,0.4,-0.05
473,4,0.179,0.6,0.721,0.95,0.321,0.6,0.579,0.1
474,4,0.358,0.85,1.0,1.0,0.642,0.85,0.758,0.25
475,,0.208,0.7,0.85,0.85,0.492,0.7,0.608,0.1
476,,0.058,0.55,0.7,0.7,0.342,0.55,0.458,-0.05
477,8,0.379,0.8,0.879,0.85,0.521,0.8,0.779,0.95
478,8,0.7,1.0,1.0,1.0,0.7,1.0,1.0,1.0
479,,0.55,0.85,0.85,0.85,0.55,0.85,0.85,0.85
480,,0.4,0.7,0.7,0.7,0.4,0.7,0.7,0.7
481,,0.25,0.55,0.55,0.55,0.25,0.55,0.55,0.55
482,,0.1,0.4,0.4,0.4,0.1,0.4,0.4,0.4
483,,-0.05,0.25,0.25,0.25,-0.05,0.25,0.25,0.25
484,1,0.95,0.571,0.5,0.429,0.1,0.429,0.5,0.571
485,1,1.0,0.892,0.75,0.608,0.25,0.608,0.75,0.892
486,,0.85,0.742,0.6,0.458,0.1,0.458,0.6,0.742
487,,0.7,0.592,0.45,0.308,-0.05,0.308,0.45,0.592
488,5,0.85,0.771,0.7,0.629,0.95,0.629,0.7,0.771
489,5,1.0,0.95,0.95,0.95,1.0,0.95,0.95,0.95
490,,0.85,0.8,0.8,0.8,0.85,0.8,0.8,0.8
491,,0.7,0.65,0.65,0.65,0.7,0.65,0.65,0.65
492,,0.55,0.5,0.5,0.5,0.55,0.5,0.5,0.5
493,,0.4,0.35,0.35,0.35,0.4,0.35,0.35,0.35
494,,0.25,0.2,0.2,0.2,0.25,0.2,0.2,0.2
495,,0.1,0.05,0.05,0.05,0.1,0.05,0.05,0.05
496,,-0.05,-0.1,-0.1,-0.1,-0.05,-0.1,-0.1,-0.1
497,4,0.129,0.15,0.221,0.9,0.271,0.15,0.079,0.05
498,4,0.308,0.4,0.542,1.0,0.592,0.4,0.258,0.2
499,,0.158,0.25,0.392,0.85,0.442,0.25,0.108,0.05
500,,0.008,0.1,0.242,0.7,0.292,0.1,-0.042,-0.1
501,8,0.329,0.35,0.421,0.85,0.471,0.35,0.279,0.9
502,8,0.65,0.6,0.6,1.0,0.65,0.6,0.6,1.0
503,,0.5,0.45,0.45,0.85,0.5,0.45,0.45,0.85
504,,0.35,0.3,0.3,0.7,0.35,0.3,0.3,0.7
505,,0.2,0.15,0.15,0.55,0.2,0.15,0.15,0.55
506,,0.05,0.0,0.0,0.4,0.05,0.0,0.0,0.4
507,,-0.1,-0.15,-0.15,0.25,-0.1,-0.15,-0.15,0.25
508,6,0.079,0.0,0.029,0.5,0.221,0.85,0.171,0.5
509,6,0.258,0.15,0.208,0.75,0.542,1.0,0.492,0.75
510,,0.108,0.0,0.058,0.6,0.392,0.85,0.342,0.6
511,,-0.042,-0.15,-0.092,0.45,0.242,0.7,0.192,0.45
512,2,0.279,0.85,0.229,0.7,0.421,0.85,0.371,0.7
513,2,0.6,1.0,0.55,0.95,0.6,1.0,0.55,0.95
514,,0.45,0.85,0.4,0.8,0.45,0.85,0.4,0.8
515,,0.3,0.7,0.25,0.65,0.3,0.7,0.25,0.65
516,,0.15,0.55,0.1,0.5,0.15,0.55,0.1,0.5
517,,0.0,0.4,-0.05,0.35,0.0,0.4,-0.05,0.35
518,3,0.25,0.721,0.95,0.671,0.25,0.579,0.1,0.529
519,3,0.5,1.0,1.0,0.992,0.5,0.758,0.25,0.708
520,,0.35,0.85,0.85,0.842,0.35,0.608,0.1,0.558
521,,0.2,0.7,0.7,0.692,0.2,0.458,-0.05,0.408
522,7,0.45,0.879,0.85,0.871,0.45,0.779,0.95,0.729
523,7,0.7,1.0,1.0,1.0,0.7,1.0,1.0,1.0
524,,0.55,0.85,0.85,0.85,0.55,0.85,0.85,0.85
525,,0.4,0.7,0.7,0.7,0.4,0.7,0.7,0.7
526,,0.25,0.55,0.55,0.55,0.25,0.55,0.55,0.55
527,,0.1,0.4,0.4,0.4,0.1,0.4,0.4,0.4
528,,-0.05,0.25,0.25,0.25,-0.05,0.25,0.25,0.25
529,5,0.1,0.429,0.5,0.571,0.95,0.571,0.5,0.429
530,5,0.25,0.608,0.75,0.892,1.0,0.892,0.75,0.608
531,,0.1,0.458,0.6,0.742,0.85,0.742,0.6,0.458
532,,-0.05,0.308,0.45,0.592,0.7,0.592,0.45,0.308
533,1,0.95,0.629,0.7,0.771,0.85,0.771,0.7,0.629
534,1,1.0,0.95,0.95,0.95,1.0,0.95,0.95,0.95
535,,0.85,0.8,0.8,0.8,0.85,0.8,0.8,0.8
536,,0.7,0.65,0.65,0.65,0.7,0.65,0.65,0.65
537,,0.55,0.5,0.5,0.5,0.55,0.5,0.5,0.5
538,,0.4,0.35,0.35,0.35,0.4,0.35,0.35,0.35
539,,0.25,0.2,0.2,0.2,0.25,0.2,0.2,0.2
540,,0.1,0.05,0.05,0.05,0.1,0.05,0.05,0.05
541,,-0.05,-0.1,-0.1,-0.1,-0.05,-0.1,-0.1,-0.1
542,6,0.129,0.05,0.079,0.15,0.271,0.9,0.221,0.15
543,6,0.308,0.2,0.258,0.4,0.592,1.0,0.542,0.4
544,,0.158,0.05,0.108,0.25,0.442,0.85,0.392,0.25
545,,0.008,-0.1,-0.042,0.1,0.292,0.7,0.242,0.1
546,2,0.329,0.9,0.279,0.35,0.471,0.85,0.421,0.35
547,2,0.65,1.0,0.6,0.6,0.65,1.0,0.6,0.6
548,,0.5,0.85,0.45,0.45,0.5,0.85,0.45,0.45
549,,0.35,0.7,0.3,0.3,0.35,0.7,0.3,0.3
550,,0.2,0.55,0.15,0.15,0.2,0.55,0.15,0.15
551,,0.05,0.4,0.0,0.0,0.05,0.4,0.0,0.0
552,,-0.1,0.25,-0.15,-0.15,-0.1,0.25,-0.15,-0.15
553,4,0.079,0.5,0.171,0.85,0.221,0.5,0.029,0.0
554,4,0.258,0.75,0.492,1.0,0.542,0.75,0.208,0.15
555,,0.108,0.6,0.342,0.85,0.392,0.6,0.058,0.0
556,,-0.042,0.45,0.192,0.7,0.242,0.45,-0.092,-0.15
557,8,0.279,0.7,0.371,0.85,0.421,0.7,0.229,0.85
558,8,0.6,0.95,0.55,1.0,0.6,0.95,0.55,1.0
559,,0.45,0.8,0.4,0.85,0.45,0.8,0.4,0.85
560,,0.3,0.65,0.25,0.7,0.3,0.65,0.25,0.7
561,,0.15,0.5,0.1,0.55,0.15,0.5,0.1,0.55
562,,0.0,0.35,-0.05,0.4,0.0,0.35,-0.05,0.4
563,7,0.25,0.529,0.1,0.579,0.25,0.671,0.95,0.721
564,7,0.5,0.708,0.25,0.758,0.5,0.992,1.0,1.0
565,,0.35,0.558,0.1,0.608,0.35,0.842,0.85,0.85
566,,0.2,0.408,-0.05,0.458,0.2,0.692,0.7,0.7
567,3,0.45,0.729,0.95,0.779,0.45,0.871,0.85,0.879
568,3,0.7,1.0,1.0,1.0,0.7,1.0,1.0,1.0
569,,0.55,0.85,0.85,0.85,0.55,0.85,0.85,0.85
570,,0.4,0.7,0.7,0.7,0.4,0.7,0.7,0.7
571,,0.25,0.55,0.55,0.55,0.25,0.55,0.55,0.55
572,,0.1,0.4,0.4,0.4,0.1,0.4,0.4,0.4
573,,-0.05,0.25,0.25,0.25,-0.05,0.25,0.25,0.25
574,5,0.1,0.429,0.5,0.571,0.95,0.571,0.5,0.429
575,5,0.25,0.608,0.75,0.892,1.0,0.892,0.75,0.608
576,,0.1,0.458,0.6,0.742,0.85,0.742,0.6,0.458
577,,-0.05,0.308,0.45,0.592,0.7,0.592,0.45,0.308
578,1,0.95,0.629,0.7,0.771,0.85,0.771,0.7,0.629
579,1,1.0,0.95,0.95,0.95,1.0,0.95,0.95,0.95
580,,0.85,0.8,0.8,0.8,0.85,0.8,0.8,0.8
581,,0.7,0.65,0.65,0.65,0.7,0.65,0.65,0.65
582,,0.55,0.5,0.5,0.5,0.55,0.5,0.5,0.5
583,,0.4,0.35,0.35,0.35,0.4,0.35,0.35,0.35
584,,0.25,0.2,0.2,0.2,0.25,0.2,0.2,0.2
585,,0.1,0.05,0.05,0.05,0.1,0.05,0.05,0.05
586,,-0.05,-0.1,-0.1,-0.1,-0.05,-0.1,-0.1,-0.1
587,7,0.2,0.079,0.05,0.079,0.2,0.221,0.9,0.221
588,7,0.45,0.258,0.2,0.258,0.45,0.542,1.0,0.542
589,,0.3,0.108,0.05,0.108,0.3,0.392,0.85,0.392
590,,0.15,-0.042,-0.1,-0.042,0.15,0.242,0.7,0.242
591,3,0.4,0.279,0.9,0.279,0.4,0.421,0.85,0.421
592,3,0.65,0.6,1.0,0.6,0.65,0.6,1.0,0.6
593,,0.5,0.45,0.85,0.45,0.5,0.45,0.85,0.45
594,,0.35,0.3,0.7,0.3,0.35,0.3,0.7,0.3
595,,0.2,0.15,0.55,0.15,0.2,0.15,0.55,0.15
596,,0.05,0.0,0.4,0.0,0.05,0.0,0.4,0.0
597,,-0.1,-0.15,0.25,-0.15,-0.1,-0.15,0.25,-0.15
598,6,0.079,0.0,0.429,0.1,0.221,0.85,0.571,0.1
599,6,0.258,0.15,0.608,0.35,0.542,1.0,0.892,0.35
600,,0.108,0.0,0.458,0.2,0.392,0.85,0.742,0.2
601,,-0.042,-0.15,0.308,0.05,0.242,0.7,0.592,0.05
602,2,0.279,0.85,0.629,0.3,0.421,0.85,0.771,0.3
603,2,0.6,1.0,0.95,0.55,0.6,1.0,0.95,0.55
604,,0.45,0.85,0.8,0.4,0.45,0.85,0.8,0.4
605,,0.3,0.7,0.65,0.25,0.3,0.7,0.65,0.25
606,,0.15,0.55,0.5,0.1,0.15,0.55,0.5,0.1
607,,0.0,0.4,0.35,-0.05,0.0,0.4,0.35,-0.05
608,8,0.321,0.65,0.529,0.1,0.179,0.65,0.671,0.95
609,8,0.642,0.9,0.708,0.25,0.358,0.9,0.992,1.0
610,,0.492,0.75,0.558,0.1,0.208,0.75,0.842,0.85
611,,0.342,0.6,0.408,-0.05,0.058,0.6,0.692,0.7
612,4,0.521,0.85,0.729,0.95,0.379,0.85,0.871,0.85
613,4,0.7,1.0,1.0,1.0,0.7,1.0,1.0,1.0
614,,0.55,0.85,0.85,0.85,0.55,0.85,0.85,0.85
615,,0.4,0.7,0.7,0.7,0.4,0.7,0.7,0.7
616,,0.25,0.55,0.55,0.55,0.25,0.55,0.55,0.55
617,,0.1,0.4,0.4,0.4,0.1,0.4,0.4,0.4
618,,-0.05,0.25,0.25,0.25,-0.05,0.25,0.25,0.25
619,1,0.95,0.571,0.5,0.429,0.1,0.429,0.5,0.571
620,1,1.0,0.892,0.75,0.608,0.25,0.608,0.75,0.892
621,,0.85,0.742,0.6,0.458,0.1,0.458,0.6,0.742
622,,0.7,0.592,0.45,0.308,-0.05,0.308,0.45,0.592
623,5,0.85,0.771,0.7,0.629,0.95,0.629,0.7,0.771
624,5,1.0,0.95,0.95,0.95,1.0,0.95,0.95,0.95
625,,0.85,0.8,0.8,0.8,0.85,0.8,0.8,0.8
626,,0.7,0.65,0.65,0.65,0.7,0.65,0.65,0.65
627,,0.55,0.5,0.5,0.5,0.55,0.5,0.5,0.5
628,,0.4,0.35,0.35,0.35,0.4,0.35,0.35,0.35
629,,0.25,0.2,0.2,0.2,0.25,0.2,0.2,0.2
630,,0.1,0.05,0.05,0.05,0.1,0.05,0.05,0.05
631,,-0.05,-0.1,-0.1,-0.1,-0.05,-0.1,-0.1,-0.1
632,8,0.271,0.15,0.079,0.05,0.129,0.15,0.221,0.9
633,8,0.592,0.4,0.258,0.2,0.308,0.4,0.542,1.0
634,,0.442,0.25,0.108,0.05,0.158,0.25,0.392,0.85
635,,0.292,0.1,-0.042,-0.1,0.008,0.1,0.242,0.7
636,4,0.471,0.35,0.279,0.9,0.329,0.35,0.421,0.85
637,4,0.65,0.6,0.6,1.0,0.65,0.6,0.6,1.0
638,,0.5,0.45,0.45,0.85,0.5,0.45,0.45,0.85
639,,0.35,0.3,0.3,0.7,0.35,0.3,0.3,0.7
640,,0.2,0.15,0.15,0.55,0.2,0.15,0.15,0.55
641,,0.05,0.0,0.0,0.4,0.05,0.0,0.0,0.4
642,,-0.1,-0.15,-0.15,0.25,-0.1,-0.15,-0.15,0.25
643,3,0.15,0.171,0.85,0.571,0.15,0.029,0.0,0.429
644,3,0.4,0.492,1.0,0.892,0.4,0.208,0.15,0.608
645,,0.25,0.342,0.85,0.742,0.25,0.058,0.0,0.458
646,,0.1,0.192,0.7,0.592,0.1,-0.092,-0.15,0.308
647,7,0.35,0.371,0.85,0.771,0.35,0.229,0.85,0.629
648,7,0.6,0.55,1.0,0.95,0.6,0.55,1.0,0.95
649,,0.45,0.4,0.85,0.8,0.45,0.4,0.85,0.8
650,,0.3,0.25,0.7,0.65,0.3,0.25,0.7,0.65
651,,0.15,0.1,0.55,0.5,0.15,0.1,0.55,0.5
652,,0.0,-0.05,0.4,0.35,0.0,-0.05,0.4,0.35
653,2,0.321,0.95,0.721,0.6,0.179,0.1,0.579,0.6
654,2,0.642,1.0,1.0,0.85,0.358,0.25,0.758,0.85
655,,0.492,0.85,0.85,0.7,0.208,0.1,0.608,0.7
656,,0.342,0.7,0.7,0.55,0.058,-0.05,0.458,0.55
657,6,0.521,0.85,0.879,0.8,0.379,0.95,0.779,0.8
658,6,0.7,1.0,1.0,1.0,0.7,1.0,1.0,1.0
659,,0.55,0.85,0.85,0.85,0.55,0.85,0.85,0.85
660,,0.4,0.7,0.7,0.7,0.4,0.7,0.7,0.7
661,,0.25,0.55,0.55,0.55,0.25,0.55,0.55,0.55
662,,0.1,0.4,0.4,0.4,0.1,0.4,0.4,0.4
663,,-0.05,0.25,0.25,0.25,-0.05,0.25,0.25,0.25
664,1,0.95,0.571,0.5,0.429,0.1,0.429,0.5,0.571
665,1,1.0,0.892,0.75,0.608,0.25,0.608,0.75,0.892
666,,0.85,0.742,0.6,0.458,0.1,0.458,0.6,0.742
667,,0.7,0.592,0.45,0.308,-0.05,0.308,0.45,0.592
668,5,0.85,0.771,0.7,0.629,0.95,0.629,0.7,0.771
669,5,1.0,0.95,0.95,0.95,1.0,0.95,0.95,0.95
670,,0.85,0.8,0.8,0.8,0.85,0.8,0.8,0.8
671,,0.7,0.65,0.65,0.65,0.7,0.65,0.65,0.65
672,,0.55,0.5,0.5,0.5,0.55,0.5,0.5,0.5
673,,0.4,0.35,0.35,0.35,0.4,0.35,0.35,0.35
674,,0.25,0.2,0.2,0.2,0.25,0.2,0.2,0.2
675,,0.1,0.05,0.05,0.05,0.1,0.05,0.05,0.05
676,,-0.05,-0.1,-0.1,-0.1,-0.05,-0.1,-0.1,-0.1
677,6,0.129,0.05,0.079,0.15,0.271,0.9,0.221,0.15
678,6,0.308,0.2,0.258,0.4,0.592,1.0,0.542,0.4
679,,0.158,0.05,0.108,0.25,0.442,0.85,0.392,0.25
680,,0.008,-0.1,-0.042,0.1,0.292,0.7,0.242,0.1
681,2,0.329,0.9,0.279,0.35,0.471,0.85,0.421,0.35
682,2,0.65,1.0,0.6,0.6,0.65,1.0,0.6,0.6
683,,0.5,0.85,0.45,0.45,0.5,0.85,0.45,0.45
684,,0.35,0.7,0.3,0.3,0.35,0.7,0.3,0.3
685,,0.2,0.55,0.15,0.15,0.2,0.55,0.15,0.15
686,,0.05,0.4,0.0,0.0,0.05,0.4,0.0,0.0
687,,-0.1,0.25,-0.15,-0.15,-0.1,0.25,-0.15,-0.15
688,3,0.15,0.571,0.85,0.171,0.15,0.429,0.0,0.029
689,3,0.4,0.892,1.0,0.492,0.4,0.608,0.15,0.208
690,,0.25,0.742,0.85,0.342,0.25,0.458,0.0,0.058
691,,0.1,0.592,0.7,0.192,0.1,0.308,-0.15,-0.092
692,7,0.35,0.771,0.85,0.371,0.35,0.629,0.85,0.229
693,7,0.6,0.95,1.0,0.55,0.6,0.95,1.0,0.55
694,,0.45,0.8,0.85,0.4,0.45,0.8,0.85,0.4
695,,0.3,0.65,0.7,0.25,0.3,0.65,0.7,0.25
696,,0.15,0.5,0.55,0.1,0.15,0.5,0.55,0.1
697,,0.0,0.35,0.4,-0.05,0.0,0.35,0.4,-0.05
698,8,0.321,0.6,0.579,0.1,0.179,0.6,0.721,0.95
699,8,0.642,0.85,0.758,0.25,0.358,0.85,1.0,1.0
700,,0.492,0.7,0.608,0.1,0.208,0.7,0.85,0.85
701,,0.342,0.55,0.458,-0.05,0.058,0.55,0.7,0.7
702,4,0.521,0.8,0.779,0.95,0.379,0.8,0.879,0.85
703,4,0.7,1.0,1.0,1.0,0.7,1.0,1.0,1.0
704,,0.55,0.85,0.85,0.85,0.55,0.85,0.85,0.85
705,,0.4,0.7,0.7,0.7,0.4,0.7,0.7,0.7
706,,0.25,0.55,0.55,0.55,0.25,0.55,0.55,0.55
707,,0.1,0.4,0.4,0.4,0.1,0.4,0.4,0.4
708,,-0.05,0.25,0.25,0.25,-0.05,0.25,0.25,0.25
709,5,0.1,0.429,0.5,0.571,0.95,0.571,0.5,0.429
710,5,0.25,0.608,0.75,0.892,1.0,0.892,0.75,0.608
711,,0.1,0.458,0.6,0.742,0.85,0.742,0.6,0.458
712,,-0.05,0.308,0.45,0.592,0.7,0.592,0.45,0.308
713,1,0.95,0.629,0.7,0.771,0.85,0.771,0.7,0.629
714,1,1.0,0.95,0.95,0.95,1.0,0.95,0.95,0.95
715,,0.85,0.8,0.8,0.8,0.85,0.8,0.8,0.8
716,,0.7,0.65,0.65,0.65,0.7,0.65,0.65,0.65
717,,0.55,0.5,0.5,0.5,0.55,0.5,0.5,0.5
718,,0.4,0.35,0.35,0.35,0.4,0.35,0.35,0.35
719,,0.25,0.2,0.2,0.2,0.25,0.2,0.2,0.2
720,,0.1,0.05,0.05,0.05,0.1,0.05,0.05,0.05
721,,-0.05,-0.1,-0.1,-0.1,-0.05,-0.1,-0.1,-0.1
722,7,0.2,0.079,0.05,0.079,0.2,0.221,0.9,0.221
723,7,0.45,0.258,0.2,0.258,0.45,0.542,1.0,0.542
724,,0.3,0.108,0.05,0.108,0.3,0.392,0.85,0.392
725,,0.15,-0.042,-0.1,-0.042,0.15,0.242,0.7,0.242
726,3,0.4,0.279,0.9,0.279,0.4,0.421,0.85,0.421
727,3,0.65,0.6,1.0,0.6,0.65,0.6,1.0,0.6
728,,0.5,0.45,0.85,0.45,0.5,0.45,0.85,0.45
729,,0.35,0.3,0.7,0.3,0.35,0.3,0.7,0.3
730,,0.2,0.15,0.55,0.15,0.2,0.15,0.55,0.15
731,,0.05,0.0,0.4,0.0,0.05,0.0,0.4,0.0
732,,-0.1,-0.15,0.25,-0.15,-0.1,-0.15,0.25,-0.15
733,8,0.221,0.1,0.429,0.0,0.079,0.1,0.571,0.85
734,8,0.542,0.35,0.608,0.15,0.258,0.35,0.892,1.0
735,,0.392,0.2,0.458,0.0,0.108,0.2,0.742,0.85
736,,0.242,0.05,0.308,-0.15,-0.042,0.05,0.592,0.7
737,4,0.421,0.3,0.629,0.85,0.279,0.3,0.771,0.85
738,4,0.6,0.55,0.95,1.0,0.6,0.55,0.95,1.0
739,,0.45,0.4,0.8,0.85,0.45,0.4,0.8,0.85
740,,0.3,0.25,0.65,0.7,0.3,0.25,0.65,0.7
741,,0.15,0.1,0.5,0.55,0.15,0.1,0.5,0.55
742,,0.0,-0.05,0.35,0.4,0.0,-0.05,0.35,0.4
743,2,0.321,0.95,0.671,0.65,0.179,0.1,0.529,0.65
744,2,0.642,1.0,0.992,0.9,0.358,0.25,0.708,0.9
745,,0.492,0.85,0.842,0.75,0.208,0.1,0.558,0.75
746,,0.342,0.7,0.692,0.6,0.058,-0.05,0.408,0.6
747,6,0.521,0.85,0.871,0.85,0.379,0.95,0.729,0.85
748,6,0.7,1.0,1.0,1.0,0.7,1.0,1.0,1.0
749,,0.55,0.85,0.85,0.85,0.55,0.85,0.85,0.85
750,,0.4,0.7,0.7,0.7,0.4,0.7,0.7,0.7
751,,0.25,0.55,0.55,0.55,0.25,0.55,0.55,0.55
752,,0.1,0.4,0.4,0.4,0.1,0.4,0.4,0.4
753,,-0.05,0.25,0.25,0.25,-0.05,0.25,0.25,0.25
754,1,0.95,0.571,0.5,0.429,0.1,0.429,0.5,0.571
755,1,1.0,0.892,0.75,0.608,0.25,0.608,0.75,0.892
756,,0.85,0.742,0.6,0.458,0.1,0.458,0.6,0.742
757,,0.7,0.592,0.45,0.308,-0.05,0.308,0.45,0.592
758,5,0.85,0.771,0.7,0.629,0.95,0.629,0.7,0.771
759,5,1.0,0.95,0.95,0.95,1.0,0.95,0.95,0.95
760,,0.85,0.8,0.8,0.8,0.85,0.8,0.8,0.8
761,,0.7,0.65,0.65,0.65,0.7,0.65,0.65,0.65
762,,0.55,0.5,0.5,0.5,0.55,0.5,0.5,0.5
763,,0.4,0.35,0.35,0.35,0.4,0.35,0.35,0.35
764,,0.25,0.2,0.2,0.2,0.25,0.2,0.2,0.2
765,,0.1,0.05,0.05,0.05,0.1,0.05,0.05,0.05
766,,-0.05,-0.1,-0.1,-0.1,-0.05,-0.1,-0.1,-0.1
767,6,0.129,0.05,0.079,0.15,0.271,0.9,0.221,0.15
768,6,0.308,0.2,0.258,0.4,0.592,1.0,0.542,0.4
769,,0.158,0.05,0.108,0.25,0.442,0.85,0.392,0.25
770,,0.008,-0.1,-0.042,0.1,0.292,0.7,0.242,0.1
771,2,0.329,0.9,0.279,0.35,0.471,0.85,0.421,0.35
772,2,0.65,1.0,0.6,0.6,0.65,1.0,0.6,0.6
773,,0.5,0.85,0.45,0.45,0.5,0.85,0.45,0.45
774,,0.35,0.7,0.3,0.3,0.35,0.7,0.3,0.3
775,,0.2,0.55,0.15,0.15,0.2,0.55,0.15,0.15
776,,0.05,0.4,0.0,0.0,0.05,0.4,0.0,0.0
777,,-0.1,0.25,-0.15,-0.15,-0.1,0.25,-0.15,-0.15
778,8,0.221,0.5,0.029,0.0,0.079,0.5,0.171,0.85
779,8,0.542,0.75,0.208,0.15,0.258,0.75,0.492,1.0
780,,0.392,0.6,0.058,0.0,0.108,0.6,0.342,0.85
781,,0.242,0.45,-0.092,-0.15,-0.042,0.45,0.192,0.7
782,4,0.421,0.7,0.229,0.85,0.279,0.7,0.371,0.85
783,4,0.6,0.95,0.55,1.0,0.6,0.95,0.55,1.0
784,,0.45,0.8,0.4,0.85,0.45,0.8,0.4,0.85
785,,0.3,0.65,0.25,0.7,0.3,0.65,0.25,0.7
786,,0.15,0.5,0.1,0.55,0.15,0.5,0.1,0.55
787,,0.0,0.35,-0.05,0.4,0.0,0.35,-0.05,0.4
788,3,0.25,0.671,0.95,0.721,0.25,0.529,0.1,0.579
789,3,0.5,0.992,1.0,1.0,0.5,0.708,0.25,0.758
790,,0.35,0.842,0.85,0.85,0.35,0.558,0.1,0.608
791,,0.2,0.692,0.7,0.7,0.2,0.408,-0.05,0.458
792,7,0.45,0.871,0.85,0.879,0.45,0.729,0.95,0.779
793,7,0.7,1.0,1.0,1.0,0.7,1.0,1.0,1.0
794,,0.55,0.85,0.85,0.85,0.55,0.85,0.85,0.85
795,,0.4,0.7,0.7,0.7,0.4,0.7,0.7,0.7
796,,0.25,0.55,0.55,0.55,0.25,0.55,0.55,0.55
797,,0.1,0.4,0.4,0.4,0.1,0.4,0.4,0.4
798,,-0.05,0.25,0.25,0.25,-0.05,0.25,0.25,0.25
799,5,0.1,0.429,0.5,0.571,0.95,0.571,0.5,0.429
800,5,0.25,0.608,0.75,0.892,1.0,0.892,0.75,0.608
801,,0.1,0.458,0.6,0.742,0.85,0.742,0.6,0.458
802,,-0.05,0.308,0.45,0.592,0.7,0.592,0.45,0.308
803,1,0.95,0.629,0.7,0.771,0.85,0.771,0.7,0.629
804,1,1.0,0.95,0.95,0.95,1.0,0.95,0.95,0.95
805,,0.85,0.8,0.8,0.8,0.85,0.8,0.8,0.8
806,,0.7,0.65,0.65,0.65,0.7,0.65,0.65,0.65
807,,0.55,0.5,0.5,0.5,0.55,0.5,0.5,0.5
808,,0.4,0.35,0.35,0.35,0.4,0.35,0.35,0.35
809,,0.25,0.2,0.2,0.2,0.25,0.2,0.2,0.2
810,,0.1,0.05,0.05,0.05,0.1,0.05,0.05,0.05
811,,-0.05,-0.1,-0.1,-0.1,-0.05,-0.1,-0.1,-0.1
812,4,0.129,0.15,0.221,0.9,0.271,0.15,0.079,0.05
813,4,0.308,0.4,0.542,1.0,0.592,0.4,0.258,0.2
814,,0.158,0.25,0.392,0.85,0.442,0.25,0.108,0.05
815,,0.008,0.1,0.242,0.7,0.292,0.1,-0.042,-0.1
816,8,0.329,0.35,0.421,0.85,0.471,0.35,0.279,0.9
817,8,0.65,0.6,0.6,1.0,0.65,0.6,0.6,1.0
818,,0.5,0.45,0.45,0.85,0.5,0.45,0.45,0.85
819,,0.35,0.3,0.3,0.7,0.35,0.3,0.3,0.7
820,,0.2,0.15,0.15,0.55,0.2,0.15,0.15,0.55
821,,0.05,0.0,0.0,0.4,0.05,0.0,0.0,0.4
822,,-0.1,-0.15,-0.15,0.25,-0.1,-0.15,-0.15,0.25
823,6,0.079,0.0,0.029,0.5,0.221,0.85,0.171,0.5
824,6,0.258,0.15,0.208,0.75,0.542,1.0,0.492,0.75
825,,0.108,0.0,0.058,0.6,0.392,0.85,0.342,0.6
826,,-0.042,-0.15,-0.092,0.45,0.242,0.7,0.192,0.45
827,2,0.279,0.85,0.229,0.7,0.421,0.85,0.371,0.7
828,2,0.6,1.0,0.55,0.95,0.6,1.0,0.55,0.95
829,,0.45,0.85,0.4,0.8,0.45,0.85,0.4,0.8
830,,0.3,0.7,0.25,0.65,0.3,0.7,0.25,0.65
831,,0.15,0.55,0.1,0.5,0.15,0.55,0.1,0.5
832,,0.0,0.4,-0.05,0.35,0.0,0.4,-0.05,0.35
833,3,0.25,0.721,0.95,0.671,0.25,0.579,0.1,0.529
834,3,0.5,1.0,1.0,0.992,0.5,0.758,0.25,0.708
835,,0.35,0.85,0.85,0.842,0.35,0.608,0.1,0.558
836,,0.2,0.7,0.7,0.692,0.2,0.458,-0.05,0.408
837,7,0.45,0.879,0.85,0.871,0.45,0.779,0.95,0.729
838,7,0.7,1.0,1.0,1.0,0.7,1.0,1.0,1.0
839,,0.55,0.85,0.85,0.85,0.55,0.85,0.85,0.85
840,,0.4,0.7,0.7,0.7,0.4,0.7,0.7,0.7
841,,0.25,0.55,0.55,0.55,0.25,0.55,0.55,0.55
842,,0.1,0.4,0.4,0.4,0.1,0.4,0.4,0.4
843,,-0.05,0.25,0.25,0.25,-0.05,0.25,0.25,0.25
844,1,0.95,0.571,0.5,0.429,0.1,0.429,0.5,0.571
845,1,1.0,0.892,0.75,0.608,0.25,0.608,0.75,0.892
846,,0.85,0.742,0.6,0.458,0.1,0.458,0.6,0.742
847,,0.7,0.592,0.45,0.308,-0.05,0.308,0.45,0.592
848,5,0.85,0.771,0.7,0.629,0.95,0.629,0.7,0.771
849,5,1.0,0.95,0.95,0.95,1.0,0.95,0.95,0.95
850,,0.85,0.8,0.8,0.8,0.85,0.8,0.8,0.8
851,,0.7,0.65,0.65,0.65,0.7,0.65,0.65,0.65
852,,0.55,0.5,0.5,0.5,0.55,0.5,0.5,0.5
853,,0.4,0.35,0.35,0.35,0.4,0.35,0.35,0.35
854,,0.25,0.2,0.2,0.2,0.25,0.2,0.2,0.2
855,,0.1,0.05,0.05,0.05,0.1,0.05,0.05,0.05
856,,-0.05,-0.1,-0.1,-0.1,-0.05,-0.1,-0.1,-0.1
857,6,0.129,0.05,0.079,0.15,0.271,0.9,0.221,0.15
858,6,0.308,0.2,0.258,0.4,0.592,1.0,0.542,0.4
859,,0.158,0.05,0.108,0.25,0.442,0.85,0.392,0.25
860,,0.008,-0.1,-0.042,0.1,0.292,0.7,0.242,0.1
861,2,0.329,0.9,0.279,0.35,0.471,0.85,0.421,0.35
862,2,0.65,1.0,0.6,0.6,0.65,1.0,0.6,0.6
863,,0.5,0.85,0.45,0.45,0.5,0.85,0.45,0.45
864,,0.35,0.7,0.3,0.3,0.35,0.7,0.3,0.3
865,,0.2,0.55,0.15,0.15,0.2,0.55,0.15,0.15
866,,0.05,0.4,0.0,0.0,0.05,0.4,0.0,0.0
867,,-0.1,0.25,-0.15,-0.15,-0.1,0.25,-0.15,-0.15
868,8,0.221,0.5,0.029,0.0,0.079,0.5,0.171,0.85
869,8,0.542,0.75,0.208,0.15,0.258,0.75,0.492,1.0
870,,0.392,0.6,0.058,0.0,0.108,0.6,0.342,0.85
871,,0.242,0.45,-0.092,-0.15,-0.042,0.45,0.192,0.7
872,4,0.421,0.7,0.229,0.85,0.279,0.7,0.371,0.85
873,4,0.6,0.95,0.55,1.0,0.6,0.95,0.55,1.0
874,,0.45,0.8,0.4,0.85,0.45,0.8,0.4,0.85
875,,0.3,0.65,0.25,0.7,0.3,0.65,0.25,0.7
876,,0.15,0.5,0.1,0.55,0.15,0.5,0.1,0.55
877,,0.0,0.35,-0.05,0.4,0.0,0.35,-0.05,0.4
878,7,0.25,0.529,0.1,0.579,0.25,0.671,0.95,0.721
879,7,0.5,0.708,0.25,0.758,0.5,0.992,1.0,1.0
880,,0.35,0.558,0.1,0.608,0.35,0.842,0.85,0.85
881,,0.2,0.408,-0.05,0.458,0.2,0.692,0.7,0.7
882,3,0.45,0.729,0.95,0.779,0.45,0.871,0.85,0.879
883,3,0.7,1.0,1.0,1.0,0.7,1.0,1.0,1.0
884,,0.55,0.85,0.85,0.85,0.55,0.85,0.85,0.85
885,,0.4,0.7,0.7,0.7,0.4,0.7,0.7,0.7
