step,active_motive,motive_1,motive_2,motive_3,motive_4,motive_5,motive_6,motive_7,motive_8
0,,0.11882,0.36411,0.18389,0.31615,0.31676,0.26789,0.04514,0.41765
1,,0.09882,0.34411,0.16389,0.29615,0.29676,0.24789,0.02514,0.39765
2,,0.07882,0.32411,0.14389,0.27615,0.27676,0.22789,0.00514,0.37765
3,,0.05882,0.30411,0.12389,0.25615,0.25676,0.20789,-0.01486,0.35765
4,7,0.03882,0.14311,-0.09611,0.09515,0.23676,0.32889,0.98514,0.47865
5,7,0.01882,-0.01789,-0.31611,-0.06585,0.21676,0.44989,1.0,0.59965
6,3,-0.00118,0.10311,0.68389,0.05515,0.19676,0.28889,0.78,0.43865
7,3,-0.02118,0.22411,1.0,0.17615,0.17676,0.12789,0.56,0.27765
8,1,0.97882,0.34511,0.98,0.01515,-0.04324,-0.03311,0.54,0.39865
9,1,1.0,0.46611,0.96,-0.14585,-0.26324,-0.19411,0.52,0.51965
10,5,0.78,0.30511,0.94,-0.02485,0.73676,-0.07311,0.5,0.35865
11,5,0.56,0.14411,0.92,0.09615,1.0,0.04789,0.48,0.19765
12,,0.54,0.12411,0.9,0.07615,0.98,0.02789,0.46,0.17765
13,,0.52,0.10411,0.88,0.05615,0.96,0.00789,0.44,0.15765
14,,0.5,0.08411,0.86,0.03615,0.94,-0.01211,0.42,0.13765
15,6,0.339,-0.13589,0.699,0.01615,1.0,0.98789,0.541,0.11765
16,6,0.178,-0.35589,0.538,-0.00385,1.0,1.0,0.662,0.09765
17,2,0.299,0.64411,0.659,-0.02385,0.839,0.78,0.501,0.07765
18,2,0.42,1.0,0.78,-0.04385,0.678,0.56,0.34,0.05765
19,4,0.259,0.98,0.901,0.95615,0.799,0.54,0.179,-0.16235
20,4,0.098,0.96,1.0,1.0,0.92,0.52,0.018,-0.38235
21,8,0.219,0.94,0.839,0.78,0.759,0.5,0.139,0.61765
22,8,0.34,0.92,0.678,0.56,0.598,0.48,0.26,1.0
23,,0.32,0.9,0.658,0.54,0.578,0.46,0.24,0.98
24,,0.3,0.88,0.638,0.52,0.558,0.44,0.22,0.96
25,,0.28,0.86,0.618,0.5,0.538,0.42,0.2,0.94
26,,0.26,0.84,0.598,0.48,0.518,0.4,0.18,0.92
27,,0.24,0.82,0.578,0.46,0.498,0.38,0.16,0.9
28,,0.22,0.8,0.558,0.44,0.478,0.36,0.14,0.88
29,,0.2,0.78,0.538,0.42,0.458,0.34,0.12,0.86
30,,0.18,0.76,0.518,0.4,0.438,0.32,0.1,0.84
31,,0.16,0.74,0.498,0.38,0.418,0.3,0.08,0.82
32,,0.14,0.72,0.478,0.36,0.398,0.28,0.06,0.8
33,,0.12,0.7,0.458,0.34,0.378,0.26,0.04,0.78
34,,0.1,0.68,0.438,0.32,0.358,0.24,0.02,0.76
35,,0.08,0.66,0.418,0.3,0.338,0.22,0.0,0.74
36,,0.06,0.64,0.398,0.28,0.318,0.2,-0.02,0.72
37,7,0.04,0.479,0.178,0.119,0.298,0.321,0.98,0.841
38,7,0.02,0.318,-0.042,-0.042,0.278,0.442,1.0,0.962
39,4,-0.141,0.298,0.079,0.958,0.399,0.422,0.839,0.742
40,4,-0.302,0.278,0.2,1.0,0.52,0.402,0.678,0.522
41,1,0.698,0.399,0.18,0.839,0.3,0.241,0.658,0.643
42,1,1.0,0.52,0.16,0.678,0.08,0.08,0.638,0.764
43,,0.98,0.5,0.14,0.658,0.06,0.06,0.618,0.744
44,,0.96,0.48,0.12,0.638,0.04,0.04,0.598,0.724
45,,0.94,0.46,0.1,0.618,0.02,0.02,0.578,0.704
46,,0.92,0.44,0.08,0.598,0.0,0.0,0.558,0.684
47,,0.9,0.42,0.06,0.578,-0.02,-0.02,0.538,0.664
48,5,0.68,0.259,0.04,0.699,0.98,0.101,0.518,0.503
49,5,0.46,0.098,0.02,0.82,1.0,0.222,0.498,0.342
50,,0.44,0.078,0.0,0.8,0.98,0.202,0.478,0.322
51,,0.42,0.058,-0.02,0.78,0.96,0.182,0.458,0.302
52,3,0.4,0.179,0.98,0.901,0.94,0.021,0.238,0.141
53,3,0.38,0.3,1.0,1.0,0.92,-0.14,0.018,-0.02
54,6,0.219,0.08,0.839,0.98,1.0,0.86,0.139,-0.04
55,6,0.058,-0.14,0.678,0.96,1.0,1.0,0.26,-0.06
56,2,0.179,0.86,0.799,0.94,0.839,0.78,0.099,-0.08
57,2,0.3,1.0,0.92,0.92,0.678,0.56,-0.062,-0.1
58,8,0.421,0.98,0.759,0.7,0.517,0.54,0.059,0.9
59,8,0.542,0.96,0.598,0.48,0.356,0.52,0.18,1.0
60,,0.522,0.94,0.578,0.46,0.336,0.5,0.16,0.98
61,,0.502,0.92,0.558,0.44,0.316,0.48,0.14,0.96
62,,0.482,0.9,0.538,0.42,0.296,0.46,0.12,0.94
63,,0.462,0.88,0.518,0.4,0.276,0.44,0.1,0.92
64,,0.442,0.86,0.498,0.38,0.256,0.42,0.08,0.9
65,,0.422,0.84,0.478,0.36,0.236,0.4,0.06,0.88
66,,0.402,0.82,0.458,0.34,0.216,0.38,0.04,0.86
67,,0.382,0.8,0.438,0.32,0.196,0.36,0.02,0.84
68,,0.362,0.78,0.418,0.3,0.176,0.34,0.0,0.82
69,,0.342,0.76,0.398,0.28,0.156,0.32,-0.02,0.8
70,7,0.322,0.599,0.178,0.119,0.136,0.441,0.98,0.921
71,7,0.302,0.438,-0.042,-0.042,0.116,0.562,1.0,1.0
72,4,0.141,0.418,0.079,0.958,0.237,0.542,0.839,0.78
73,4,-0.02,0.398,0.2,1.0,0.358,0.522,0.678,0.56
74,1,0.98,0.519,0.18,0.839,0.138,0.361,0.658,0.681
75,1,1.0,0.64,0.16,0.678,-0.082,0.2,0.638,0.802
76,5,0.78,0.479,0.14,0.799,0.918,0.321,0.618,0.641
77,5,0.56,0.318,0.12,0.92,1.0,0.442,0.598,0.48
78,,0.54,0.298,0.1,0.9,0.98,0.422,0.578,0.46
79,,0.52,0.278,0.08,0.88,0.96,0.402,0.558,0.44
80,,0.5,0.258,0.06,0.86,0.94,0.382,0.538,0.42
81,,0.48,0.238,0.04,0.84,0.92,0.362,0.518,0.4
82,,0.46,0.218,0.02,0.82,0.9,0.342,0.498,0.38
83,,0.44,0.198,0.0,0.8,0.88,0.322,0.478,0.36
84,,0.42,0.178,-0.02,0.78,0.86,0.302,0.458,0.34
85,3,0.4,0.299,0.98,0.901,0.84,0.141,0.238,0.179
86,3,0.38,0.42,1.0,1.0,0.82,-0.02,0.018,0.018
87,6,0.219,0.2,0.839,0.98,0.941,0.98,0.139,-0.002
88,6,0.058,-0.02,0.678,0.96,1.0,1.0,0.26,-0.022
89,8,0.179,-0.04,0.517,0.74,0.839,0.98,0.381,0.978
90,8,0.3,-0.06,0.356,0.52,0.678,0.96,0.502,1.0
91,2,0.421,0.94,0.477,0.5,0.517,0.74,0.341,0.98
92,2,0.542,1.0,0.598,0.48,0.356,0.52,0.18,0.96
93,,0.522,0.98,0.578,0.46,0.336,0.5,0.16,0.94
94,,0.502,0.96,0.558,0.44,0.316,0.48,0.14,0.92
95,,0.482,0.94,0.538,0.42,0.296,0.46,0.12,0.9
96,,0.462,0.92,0.518,0.4,0.276,0.44,0.1,0.88
97,,0.442,0.9,0.498,0.38,0.256,0.42,0.08,0.86
98,,0.422,0.88,0.478,0.36,0.236,0.4,0.06,0.84
99,,0.402,0.86,0.458,0.34,0.216,0.38,0.04,0.82
100,,0.382,0.84,0.438,0.32,0.196,0.36,0.02,0.8
101,,0.362,0.82,0.418,0.3,0.176,0.34,0.0,0.78
102,,0.342,0.8,0.398,0.28,0.156,0.32,-0.02,0.76
103,7,0.322,0.639,0.178,0.119,0.136,0.441,0.98,0.881
104,7,0.302,0.478,-0.042,-0.042,0.116,0.562,1.0,1.0
105,4,0.141,0.458,0.079,0.958,0.237,0.542,0.839,0.78
106,4,-0.02,0.438,0.2,1.0,0.358,0.522,0.678,0.56
107,1,0.98,0.559,0.18,0.839,0.138,0.361,0.658,0.681
108,1,1.0,0.68,0.16,0.678,-0.082,0.2,0.638,0.802
109,5,0.78,0.519,0.14,0.799,0.918,0.321,0.618,0.641
110,5,0.56,0.358,0.12,0.92,1.0,0.442,0.598,0.48
111,,0.54,0.338,0.1,0.9,0.98,0.422,0.578,0.46
112,,0.52,0.318,0.08,0.88,0.96,0.402,0.558,0.44
113,,0.5,0.298,0.06,0.86,0.94,0.382,0.538,0.42
114,,0.48,0.278,0.04,0.84,0.92,0.362,0.518,0.4
115,,0.46,0.258,0.02,0.82,0.9,0.342,0.498,0.38
116,,0.44,0.238,0.0,0.8,0.88,0.322,0.478,0.36
117,,0.42,0.218,-0.02,0.78,0.86,0.302,0.458,0.34
118,3,0.4,0.339,0.98,0.901,0.84,0.141,0.238,0.179
119,3,0.38,0.46,1.0,1.0,0.82,-0.02,0.018,0.018
120,6,0.219,0.24,0.839,0.98,0.941,0.98,0.139,-0.002
121,6,0.058,0.02,0.678,0.96,1.0,1.0,0.26,-0.022
122,8,0.179,0.0,0.517,0.74,0.839,0.98,0.381,0.978
123,8,0.3,-0.02,0.356,0.52,0.678,0.96,0.502,1.0
124,2,0.421,0.98,0.477,0.5,0.517,0.74,0.341,0.98
125,2,0.542,1.0,0.598,0.48,0.356,0.52,0.18,0.96
126,,0.522,0.98,0.578,0.46,0.336,0.5,0.16,0.94
127,,0.502,0.96,0.558,0.44,0.316,0.48,0.14,0.92
128,,0.482,0.94,0.538,0.42,0.296,0.46,0.12,0.9
129,,0.462,0.92,0.518,0.4,0.276,0.44,0.1,0.88
130,,0.442,0.9,0.498,0.38,0.256,0.42,0.08,0.86
131,,0.422,0.88,0.478,0.36,0.236,0.4,0.06,0.84
132,,0.402,0.86,0.458,0.34,0.216,0.38,0.04,0.82
133,,0.382,0.84,0.438,0.32,0.196,0.36,0.02,0.8
134,,0.362,0.82,0.418,0.3,0.176,0.34,0.0,0.78
135,,0.342,0.8,0.398,0.28,0.156,0.32,-0.02,0.76
136,7,0.322,0.639,0.178,0.119,0.136,0.441,0.98,0.881
137,7,0.302,0.478,-0.042,-0.042,0.116,0.562,1.0,1.0
138,3,0.282,0.599,0.958,0.079,0.096,0.401,0.78,0.839
139,3,0.262,0.72,1.0,0.2,0.076,0.24,0.56,0.678
140,,0.242,0.7,0.98,0.18,0.056,0.22,0.54,0.658
141,,0.222,0.68,0.96,0.16,0.036,0.2,0.52,0.638
142,,0.202,0.66,0.94,0.14,0.016,0.18,0.5,0.618
143,,0.182,0.64,0.92,0.12,-0.004,0.16,0.48,0.598
144,5,-0.038,0.479,0.9,0.241,0.996,0.281,0.46,0.437
145,5,-0.258,0.318,0.88,0.362,1.0,0.402,0.44,0.276
146,1,0.742,0.439,0.86,0.201,0.78,0.241,0.42,0.397
147,1,1.0,0.56,0.84,0.04,0.56,0.08,0.4,0.518
148,,0.98,0.54,0.82,0.02,0.54,0.06,0.38,0.498
149,,0.96,0.52,0.8,0.0,0.52,0.04,0.36,0.478
150,,0.94,0.5,0.78,-0.02,0.5,0.02,0.34,0.458
151,4,0.779,0.48,0.901,0.98,0.621,0.0,0.179,0.238
152,4,0.618,0.46,1.0,1.0,0.742,-0.02,0.018,0.018
153,6,0.457,0.24,0.839,0.98,0.863,0.98,0.139,-0.002
154,6,0.296,0.02,0.678,0.96,0.984,1.0,0.26,-0.022
155,8,0.417,0.0,0.517,0.74,0.823,0.98,0.381,0.978
156,8,0.538,-0.02,0.356,0.52,0.662,0.96,0.502,1.0
157,2,0.659,0.98,0.477,0.5,0.501,0.74,0.341,0.98
158,2,0.78,1.0,0.598,0.48,0.34,0.52,0.18,0.96
159,,0.76,0.98,0.578,0.46,0.32,0.5,0.16,0.94
160,,0.74,0.96,0.558,0.44,0.3,0.48,0.14,0.92
161,,0.72,0.94,0.538,0.42,0.28,0.46,0.12,0.9
162,,0.7,0.92,0.518,0.4,0.26,0.44,0.1,0.88
163,,0.68,0.9,0.498,0.38,0.24,0.42,0.08,0.86
164,,0.66,0.88,0.478,0.36,0.22,0.4,0.06,0.84
165,,0.64,0.86,0.458,0.34,0.2,0.38,0.04,0.82
166,,0.62,0.84,0.438,0.32,0.18,0.36,0.02,0.8
167,,0.6,0.82,0.418,0.3,0.16,0.34,0.0,0.78
168,,0.58,0.8,0.398,0.28,0.14,0.32,-0.02,0.76
169,7,0.56,0.639,0.178,0.119,0.12,0.441,0.98,0.881
170,7,0.54,0.478,-0.042,-0.042,0.1,0.562,1.0,1.0
171,3,0.52,0.599,0.958,0.079,0.08,0.401,0.78,0.839
172,3,0.5,0.72,1.0,0.2,0.06,0.24,0.56,0.678
173,,0.48,0.7,0.98,0.18,0.04,0.22,0.54,0.658
174,,0.46,0.68,0.96,0.16,0.02,0.2,0.52,0.638
175,,0.44,0.66,0.94,0.14,0.0,0.18,0.5,0.618
176,,0.42,0.64,0.92,0.12,-0.02,0.16,0.48,0.598
177,5,0.2,0.479,0.9,0.241,0.98,0.281,0.46,0.437
178,5,-0.02,0.318,0.88,0.362,1.0,0.402,0.44,0.276
179,1,0.98,0.439,0.86,0.201,0.78,0.241,0.42,0.397
180,1,1.0,0.56,0.84,0.04,0.56,0.08,0.4,0.518
181,,0.98,0.54,0.82,0.02,0.54,0.06,0.38,0.498
182,,0.96,0.52,0.8,0.0,0.52,0.04,0.36,0.478
183,,0.94,0.5,0.78,-0.02,0.5,0.02,0.34,0.458
184,4,0.779,0.48,0.901,0.98,0.621,0.0,0.179,0.238
185,4,0.618,0.46,1.0,1.0,0.742,-0.02,0.018,0.018
186,6,0.457,0.24,0.839,0.98,0.863,0.98,0.139,-0.002
187,6,0.296,0.02,0.678,0.96,0.984,1.0,0.26,-0.022
188,8,0.417,0.0,0.517,0.74,0.823,0.98,0.381,0.978
189,8,0.538,-0.02,0.356,0.52,0.662,0.96,0.502,1.0
190,2,0.659,0.98,0.477,0.5,0.501,0.74,0.341,0.98
191,2,0.78,1.0,0.598,0.48,0.34,0.52,0.18,0.96
192,,0.76,0.98,0.578,0.46,0.32,0.5,0.16,0.94
193,,0.74,0.96,0.558,0.44,0.3,0.48,0.14,0.92
194,,0.72,0.94,0.538,0.42,0.28,0.46,0.12,0.9
195,,0.7,0.92,0.518,0.4,0.26,0.44,0.1,0.88
196,,0.68,0.9,0.498,0.38,0.24,0.42,0.08,0.86
197,,0.66,0.88,0.478,0.36,0.22,0.4,0.06,0.84
198,,0.64,0.86,0.458,0.34,0.2,0.38,0.04,0.82
199,,0.62,0.84,0.438,0.32,0.18,0.36,0.02,0.8
