step,active_motive,motive_1,motive_2,motive_3,motive_4,motive_5,motive_6,motive_7,motive_8
0,,0.25815,0.16148,0.39759,0.13542,0.21949,0.03923,0.01268,0.48132
1,,0.23815,0.14148,0.37759,0.11542,0.19949,0.01923,-0.00732,0.46132
2,7,0.21815,-0.09052,0.05759,-0.11658,0.17949,0.21123,0.99268,0.65332
3,7,0.19815,-0.32252,-0.26241,-0.34858,0.15949,0.40323,1.0,0.84532
4,4,-0.03385,-0.34252,-0.07041,0.65142,0.35149,0.38323,0.768,0.52532
5,4,-0.26585,-0.36252,0.12159,1.0,0.54349,0.36323,0.536,0.20532
6,2,-0.07385,0.63748,0.31359,0.98,0.31149,0.04323,0.304,0.18532
7,2,0.11815,1.0,0.50559,0.96,0.07949,-0.27677,0.072,0.16532
8,6,-0.11385,0.68,0.27359,0.94,0.27149,0.72323,0.264,0.14532
9,6,-0.34585,0.36,0.04159,0.92,0.46349,1.0,0.456,0.12532
10,1,0.65415,0.552,0.02159,0.688,0.14349,0.768,0.436,0.31732
11,1,1.0,0.744,0.00159,0.456,-0.17651,0.536,0.416,0.50932
12,5,0.68,0.512,-0.01841,0.648,0.82349,0.728,0.396,0.27732
13,5,0.36,0.28,-0.03841,0.84,1.0,0.92,0.376,0.04532
14,3,0.34,0.472,0.96159,1.0,0.98,0.688,0.056,-0.18668
15,3,0.32,0.664,1.0,1.0,0.96,0.456,-0.264,-0.41868
16,8,0.512,0.644,0.768,0.68,0.728,0.436,-0.072,0.58132
17,8,0.704,0.624,0.536,0.36,0.496,0.416,0.12,1.0
18,,0.684,0.604,0.516,0.34,0.476,0.396,0.1,0.98
19,,0.664,0.584,0.496,0.32,0.456,0.376,0.08,0.96
20,,0.644,0.564,0.476,0.3,0.436,0.356,0.06,0.94
21,,0.624,0.544,0.456,0.28,0.416,0.336,0.04,0.92
22,,0.604,0.524,0.436,0.26,0.396,0.316,0.02,0.9
23,,0.584,0.504,0.416,0.24,0.376,0.296,0.0,0.88
24,,0.564,0.484,0.396,0.22,0.356,0.276,-0.02,0.86
25,7,0.544,0.252,0.076,-0.012,0.336,0.468,0.98,1.0
26,7,0.524,0.02,-0.244,-0.244,0.316,0.66,1.0,1.0
27,3,0.504,0.212,0.756,-0.052,0.296,0.428,0.68,0.768
28,3,0.484,0.404,1.0,0.14,0.276,0.196,0.36,0.536
29,,0.464,0.384,0.98,0.12,0.256,0.176,0.34,0.516
30,,0.444,0.364,0.96,0.1,0.236,0.156,0.32,0.496
31,,0.424,0.344,0.94,0.08,0.216,0.136,0.3,0.476
32,,0.404,0.324,0.92,0.06,0.196,0.116,0.28,0.456
33,,0.384,0.304,0.9,0.04,0.176,0.096,0.26,0.436
34,,0.364,0.284,0.88,0.02,0.156,0.076,0.24,0.416
35,,0.344,0.264,0.86,0.0,0.136,0.056,0.22,0.396
36,,0.324,0.244,0.84,-0.02,0.116,0.036,0.2,0.376
37,4,0.092,0.224,1.0,0.98,0.308,0.016,-0.032,0.056
38,4,-0.14,0.204,1.0,1.0,0.5,-0.004,-0.264,-0.264
39,7,-0.16,-0.028,0.68,0.768,0.48,0.188,0.736,-0.072
40,7,-0.18,-0.26,0.36,0.536,0.46,0.38,1.0,0.12
41,2,0.012,0.74,0.552,0.516,0.228,0.06,0.768,0.1
42,2,0.204,1.0,0.744,0.496,-0.004,-0.26,0.536,0.08
43,6,-0.028,0.68,0.512,0.476,0.188,0.74,0.728,0.06
44,6,-0.26,0.36,0.28,0.456,0.38,1.0,0.92,0.04
45,1,0.74,0.552,0.26,0.224,0.06,0.768,0.9,0.232
46,1,1.0,0.744,0.24,-0.008,-0.26,0.536,0.88,0.424
47,5,0.68,0.512,0.22,0.184,0.74,0.728,0.86,0.192
48,5,0.36,0.28,0.2,0.376,1.0,0.92,0.84,-0.04
49,8,0.552,0.26,-0.032,0.056,0.768,0.9,1.0,0.96
50,8,0.744,0.24,-0.264,-0.264,0.536,0.88,1.0,1.0
51,3,0.724,0.432,0.736,-0.072,0.516,0.648,0.68,0.768
52,3,0.704,0.624,1.0,0.12,0.496,0.416,0.36,0.536
53,,0.684,0.604,0.98,0.1,0.476,0.396,0.34,0.516
54,,0.664,0.584,0.96,0.08,0.456,0.376,0.32,0.496
55,,0.644,0.564,0.94,0.06,0.436,0.356,0.3,0.476
56,,0.624,0.544,0.92,0.04,0.416,0.336,0.28,0.456
57,,0.604,0.524,0.9,0.02,0.396,0.316,0.26,0.436
58,,0.584,0.504,0.88,0.0,0.376,0.296,0.24,0.416
59,,0.564,0.484,0.86,-0.02,0.356,0.276,0.22,0.396
60,4,0.332,0.464,1.0,0.98,0.548,0.256,-0.012,0.076
61,4,0.1,0.444,1.0,1.0,0.74,0.236,-0.244,-0.244
62,8,0.292,0.424,0.768,0.68,0.508,0.216,-0.052,0.756
63,8,0.484,0.404,0.536,0.36,0.276,0.196,0.14,1.0
64,,0.464,0.384,0.516,0.34,0.256,0.176,0.12,0.98
65,,0.444,0.364,0.496,0.32,0.236,0.156,0.1,0.96
66,,0.424,0.344,0.476,0.3,0.216,0.136,0.08,0.94
67,,0.404,0.324,0.456,0.28,0.196,0.116,0.06,0.92
68,,0.384,0.304,0.436,0.26,0.176,0.096,0.04,0.9
69,,0.364,0.284,0.416,0.24,0.156,0.076,0.02,0.88
70,,0.344,0.264,0.396,0.22,0.136,0.056,0.0,0.86
71,,0.324,0.244,0.376,0.2,0.116,0.036,-0.02,0.84
72,7,0.304,0.012,0.056,-0.032,0.096,0.228,0.98,1.0
73,7,0.284,-0.22,-0.264,-0.264,0.076,0.42,1.0,1.0
74,3,0.264,-0.028,0.736,-0.072,0.056,0.188,0.68,0.768
75,3,0.244,0.164,1.0,0.12,0.036,-0.044,0.36,0.536
76,6,0.012,-0.156,0.768,0.1,0.228,0.956,0.552,0.516
77,6,-0.22,-0.476,0.536,0.08,0.42,1.0,0.744,0.496
78,2,-0.028,0.524,0.728,0.06,0.188,0.68,0.512,0.476
79,2,0.164,1.0,0.92,0.04,-0.044,0.36,0.28,0.456
80,5,-0.156,0.768,0.9,0.232,0.956,0.552,0.26,0.224
81,5,-0.476,0.536,0.88,0.424,1.0,0.744,0.24,-0.008
82,1,0.524,0.728,0.86,0.192,0.68,0.512,0.22,0.184
83,1,1.0,0.92,0.84,-0.04,0.36,0.28,0.2,0.376
84,4,0.768,0.9,1.0,0.96,0.552,0.26,-0.032,0.056
85,4,0.536,0.88,1.0,1.0,0.744,0.24,-0.264,-0.264
86,7,0.516,0.648,0.68,0.768,0.724,0.432,0.736,-0.072
87,7,0.496,0.416,0.36,0.536,0.704,0.624,1.0,0.12
88,,0.476,0.396,0.34,0.516,0.684,0.604,0.98,0.1
89,,0.456,0.376,0.32,0.496,0.664,0.584,0.96,0.08
90,,0.436,0.356,0.3,0.476,0.644,0.564,0.94,0.06
91,,0.416,0.336,0.28,0.456,0.624,0.544,0.92,0.04
92,,0.396,0.316,0.26,0.436,0.604,0.524,0.9,0.02
93,,0.376,0.296,0.24,0.416,0.584,0.504,0.88,0.0
94,,0.356,0.276,0.22,0.396,0.564,0.484,0.86,-0.02
95,8,0.548,0.256,-0.012,0.076,0.332,0.464,1.0,0.98
96,8,0.74,0.236,-0.244,-0.244,0.1,0.444,1.0,1.0
97,4,0.508,0.216,-0.052,0.756,0.292,0.424,0.768,0.68
98,4,0.276,0.196,0.14,1.0,0.484,0.404,0.536,0.36
99,,0.256,0.176,0.12,0.98,0.464,0.384,0.516,0.34
100,,0.236,0.156,0.1,0.96,0.444,0.364,0.496,0.32
101,,0.216,0.136,0.08,0.94,0.424,0.344,0.476,0.3
102,,0.196,0.116,0.06,0.92,0.404,0.324,0.456,0.28
103,,0.176,0.096,0.04,0.9,0.384,0.304,0.436,0.26
104,,0.156,0.076,0.02,0.88,0.364,0.284,0.416,0.24
105,,0.136,0.056,0.0,0.86,0.344,0.264,0.396,0.22
106,,0.116,0.036,-0.02,0.84,0.324,0.244,0.376,0.2
107,3,0.096,0.228,0.98,1.0,0.304,0.012,0.056,-0.032
108,3,0.076,0.42,1.0,1.0,0.284,-0.22,-0.264,-0.264
109,8,0.268,0.4,0.768,0.68,0.052,-0.24,-0.072,0.736
110,8,0.46,0.38,0.536,0.36,-0.18,-0.26,0.12,1.0
111,6,0.228,0.06,0.304,0.34,0.012,0.74,0.312,0.98
112,6,-0.004,-0.26,0.072,0.32,0.204,1.0,0.504,0.96
113,2,0.188,0.74,0.264,0.3,-0.028,0.68,0.272,0.94
114,2,0.38,1.0,0.456,0.28,-0.26,0.36,0.04,0.92
115,5,0.06,0.768,0.436,0.472,0.74,0.552,0.02,0.688
116,5,-0.26,0.536,0.416,0.664,1.0,0.744,0.0,0.456
117,1,0.74,0.728,0.396,0.432,0.68,0.512,-0.02,0.648
118,1,1.0,0.92,0.376,0.2,0.36,0.28,-0.04,0.84
119,7,0.98,0.688,0.056,-0.032,0.34,0.472,0.96,1.0
120,7,0.96,0.456,-0.264,-0.264,0.32,0.664,1.0,1.0
121,3,0.94,0.648,0.736,-0.072,0.3,0.432,0.68,0.768
122,3,0.92,0.84,1.0,0.12,0.28,0.2,0.36,0.536
123,,0.9,0.82,0.98,0.1,0.26,0.18,0.34,0.516
124,,0.88,0.8,0.96,0.08,0.24,0.16,0.32,0.496
125,,0.86,0.78,0.94,0.06,0.22,0.14,0.3,0.476
126,,0.84,0.76,0.92,0.04,0.2,0.12,0.28,0.456
127,,0.82,0.74,0.9,0.02,0.18,0.1,0.26,0.436
128,,0.8,0.72,0.88,0.0,0.16,0.08,0.24,0.416
129,,0.78,0.7,0.86,-0.02,0.14,0.06,0.22,0.396
130,4,0.548,0.68,1.0,0.98,0.332,0.04,-0.012,0.076
131,4,0.316,0.66,1.0,1.0,0.524,0.02,-0.244,-0.244
132,7,0.296,0.428,0.68,0.768,0.504,0.212,0.756,-0.052
133,7,0.276,0.196,0.36,0.536,0.484,0.404,1.0,0.14
134,,0.256,0.176,0.34,0.516,0.464,0.384,0.98,0.12
135,,0.236,0.156,0.32,0.496,0.444,0.364,0.96,0.1
136,,0.216,0.136,0.3,0.476,0.424,0.344,0.94,0.08
137,,0.196,0.116,0.28,0.456,0.404,0.324,0.92,0.06
138,,0.176,0.096,0.26,0.436,0.384,0.304,0.9,0.04
139,,0.156,0.076,0.24,0.416,0.364,0.284,0.88,0.02
140,,0.136,0.056,0.22,0.396,0.344,0.264,0.86,0.0
141,,0.116,0.036,0.2,0.376,0.324,0.244,0.84,-0.02
142,8,0.308,0.016,-0.032,0.056,0.092,0.224,1.0,0.98
143,8,0.5,-0.004,-0.264,-0.264,-0.14,0.204,1.0,1.0
144,4,0.268,-0.024,-0.072,0.736,0.052,0.184,0.768,0.68
145,4,0.036,-0.044,0.12,1.0,0.244,0.164,0.536,0.36
146,2,0.228,0.956,0.312,0.98,0.012,-0.156,0.304,0.34
147,2,0.42,1.0,0.504,0.96,-0.22,-0.476,0.072,0.32
148,6,0.188,0.68,0.272,0.94,-0.028,0.524,0.264,0.3
149,6,-0.044,0.36,0.04,0.92,0.164,1.0,0.456,0.28
150,1,0.956,0.552,0.02,0.688,-0.156,0.768,0.436,0.472
151,1,1.0,0.744,0.0,0.456,-0.476,0.536,0.416,0.664
152,5,0.68,0.512,-0.02,0.648,0.524,0.728,0.396,0.432
153,5,0.36,0.28,-0.04,0.84,1.0,0.92,0.376,0.2
154,3,0.34,0.472,0.96,1.0,0.98,0.688,0.056,-0.032
155,3,0.32,0.664,1.0,1.0,0.96,0.456,-0.264,-0.264
156,8,0.512,0.644,0.768,0.68,0.728,0.436,-0.072,0.736
157,8,0.704,0.624,0.536,0.36,0.496,0.416,0.12,1.0
158,,0.684,0.604,0.516,0.34,0.476,0.396,0.1,0.98
159,,0.664,0.584,0.496,0.32,0.456,0.376,0.08,0.96
160,,0.644,0.564,0.476,0.3,0.436,0.356,0.06,0.94
161,,0.624,0.544,0.456,0.28,0.416,0.336,0.04,0.92
162,,0.604,0.524,0.436,0.26,0.396,0.316,0.02,0.9
163,,0.584,0.504,0.416,0.24,0.376,0.296,0.0,0.88
164,,0.564,0.484,0.396,0.22,0.356,0.276,-0.02,0.86
165,7,0.544,0.252,0.076,-0.012,0.336,0.468,0.98,1.0
166,7,0.524,0.02,-0.244,-0.244,0.316,0.66,1.0,1.0
167,4,0.292,0.0,-0.052,0.756,0.508,0.64,0.768,0.68
168,4,0.06,-0.02,0.14,1.0,0.7,0.62,0.536,0.36
169,2,0.252,0.98,0.332,0.98,0.468,0.3,0.304,0.34
170,2,0.444,1.0,0.524,0.96,0.236,-0.02,0.072,0.32
171,6,0.212,0.68,0.292,0.94,0.428,0.98,0.264,0.3
172,6,-0.02,0.36,0.06,0.92,0.62,1.0,0.456,0.28
173,1,0.98,0.552,0.04,0.688,0.3,0.768,0.436,0.472
174,1,1.0,0.744,0.02,0.456,-0.02,0.536,0.416,0.664
175,5,0.68,0.512,0.0,0.648,0.98,0.728,0.396,0.432
176,5,0.36,0.28,-0.02,0.84,1.0,0.92,0.376,0.2
177,3,0.34,0.472,0.98,1.0,0.98,0.688,0.056,-0.032
178,3,0.32,0.664,1.0,1.0,0.96,0.456,-0.264,-0.264
179,8,0.512,0.644,0.768,0.68,0.728,0.436,-0.072,0.736
180,8,0.704,0.624,0.536,0.36,0.496,0.416,0.12,1.0
181,,0.684,0.604,0.516,0.34,0.476,0.396,0.1,0.98
182,,0.664,0.584,0.496,0.32,0.456,0.376,0.08,0.96
183,,0.644,0.564,0.476,0.3,0.436,0.356,0.06,0.94
184,,0.624,0.544,0.456,0.28,0.416,0.336,0.04,0.92
185,,0.604,0.524,0.436,0.26,0.396,0.316,0.02,0.9
186,,0.584,0.504,0.416,0.24,0.376,0.296,0.0,0.88
187,,0.564,0.484,0.396,0.22,0.356,0.276,-0.02,0.86
188,7,0.544,0.252,0.076,-0.012,0.336,0.468,0.98,1.0
189,7,0.524,0.02,-0.244,-0.244,0.316,0.66,1.0,1.0
190,4,0.292,0.0,-0.052,0.756,0.508,0.64,0.768,0.68
191,4,0.06,-0.02,0.14,1.0,0.7,0.62,0.536,0.36
192,2,0.252,0.98,0.332,0.98,0.468,0.3,0.304,0.34
193,2,0.444,1.0,0.524,0.96,0.236,-0.02,0.072,0.32
194,6,0.212,0.68,0.292,0.94,0.428,0.98,0.264,0.3
195,6,-0.02,0.36,0.06,0.92,0.62,1.0,0.456,0.28
196,1,0.98,0.552,0.04,0.688,0.3,0.768,0.436,0.472
197,1,1.0,0.744,0.02,0.456,-0.02,0.536,0.416,0.664
198,5,0.68,0.512,0.0,0.648,0.98,0.728,0.396,0.432
199,5,0.36,0.28,-0.02,0.84,1.0,0.92,0.376,0.2
