step,active_motive,motive_1,motive_2,motive_3,motive_4,motive_5,motive_6,motive_7,motive_8
0,,0.25605,0.11325,0.32259,0.08718,0.34547,0.19337,0.46836,0.06876
1,,0.23605,0.09325,0.30259,0.06718,0.32547,0.17337,0.44836,0.04876
2,,0.21605,0.07325,0.28259,0.04718,0.30547,0.15337,0.42836,0.02876
3,,0.19605,0.05325,0.26259,0.02718,0.28547,0.13337,0.40836,0.00876
4,,0.17605,0.03325,0.24259,0.00718,0.26547,0.11337,0.38836,-0.01124
5,8,0.36805,0.01325,0.01059,-0.31282,0.03347,0.09337,0.58036,0.98876
6,8,0.56005,-0.00675,-0.22141,-0.63282,-0.19853,0.07337,0.77236,1.0
7,4,0.32805,-0.02675,-0.02941,0.36718,-0.00653,0.05337,0.54036,0.68
8,4,0.09605,-0.04675,0.16259,1.0,0.18547,0.03337,0.30836,0.36
9,2,0.28805,0.95325,0.35459,0.98,-0.04653,-0.28663,0.07636,0.34
10,2,0.48005,1.0,0.54659,0.96,-0.27853,-0.60663,-0.15564,0.32
11,6,0.24805,0.68,0.31459,0.94,-0.08653,0.39337,0.03636,0.3
12,6,0.01605,0.36,0.08259,0.92,0.10547,1.0,0.22836,0.28
13,,-0.00395,0.34,0.06259,0.9,0.08547,0.98,0.20836,0.26
14,1,0.99605,0.532,0.04259,0.668,-0.23453,0.748,0.18836,0.452
15,1,1.0,0.724,0.02259,0.436,-0.55453,0.516,0.16836,0.644
16,5,0.68,0.492,0.00259,0.628,0.44547,0.708,0.14836,0.412
17,5,0.36,0.26,-0.01741,0.82,1.0,0.9,0.12836,0.18
18,3,0.34,0.452,0.98259,1.0,0.98,0.668,-0.19164,-0.052
19,3,0.32,0.644,1.0,1.0,0.96,0.436,-0.51164,-0.284
20,7,0.3,0.412,0.68,0.768,0.94,0.628,0.48836,-0.092
21,7,0.28,0.18,0.36,0.536,0.92,0.82,1.0,0.1
22,,0.26,0.16,0.34,0.516,0.9,0.8,0.98,0.08
23,,0.24,0.14,0.32,0.496,0.88,0.78,0.96,0.06
24,,0.22,0.12,0.3,0.476,0.86,0.76,0.94,0.04
25,,0.2,0.1,0.28,0.456,0.84,0.74,0.92,0.02
26,,0.18,0.08,0.26,0.436,0.82,0.72,0.9,0.0
27,,0.16,0.06,0.24,0.416,0.8,0.7,0.88,-0.02
28,8,0.352,0.04,0.008,0.096,0.568,0.68,1.0,0.98
29,8,0.544,0.02,-0.224,-0.224,0.336,0.66,1.0,1.0
30,4,0.312,0.0,-0.032,0.776,0.528,0.64,0.768,0.68
31,4,0.08,-0.02,0.16,1.0,0.72,0.62,0.536,0.36
32,2,0.272,0.98,0.352,0.98,0.488,0.3,0.304,0.34
33,2,0.464,1.0,0.544,0.96,0.256,-0.02,0.072,0.32
34,6,0.232,0.68,0.312,0.94,0.448,0.98,0.264,0.3
35,6,0.0,0.36,0.08,0.92,0.64,1.0,0.456,0.28
36,,-0.02,0.34,0.06,0.9,0.62,0.98,0.436,0.26
37,1,0.98,0.532,0.04,0.668,0.3,0.748,0.416,0.452
38,1,1.0,0.724,0.02,0.436,-0.02,0.516,0.396,0.644
39,5,0.68,0.492,0.0,0.628,0.98,0.708,0.376,0.412
40,5,0.36,0.26,-0.02,0.82,1.0,0.9,0.356,0.18
41,3,0.34,0.452,0.98,1.0,0.98,0.668,0.036,-0.052
42,3,0.32,0.644,1.0,1.0,0.96,0.436,-0.284,-0.284
43,7,0.3,0.412,0.68,0.768,0.94,0.628,0.716,-0.092
44,7,0.28,0.18,0.36,0.536,0.92,0.82,1.0,0.1
45,,0.26,0.16,0.34,0.516,0.9,0.8,0.98,0.08
46,,0.24,0.14,0.32,0.496,0.88,0.78,0.96,0.06
47,,0.22,0.12,0.3,0.476,0.86,0.76,0.94,0.04
48,,0.2,0.1,0.28,0.456,0.84,0.74,0.92,0.02
49,,0.18,0.08,0.26,0.436,0.82,0.72,0.9,0.0
50,,0.16,0.06,0.24,0.416,0.8,0.7,0.88,-0.02
51,8,0.352,0.04,0.008,0.096,0.568,0.68,1.0,0.98
52,8,0.544,0.02,-0.224,-0.224,0.336,0.66,1.0,1.0
53,3,0.524,0.212,0.776,-0.032,0.316,0.428,0.68,0.768
54,3,0.504,0.404,1.0,0.16,0.296,0.196,0.36,0.536
55,,0.484,0.384,0.98,0.14,0.276,0.176,0.34,0.516
56,,0.464,0.364,0.96,0.12,0.256,0.156,0.32,0.496
57,,0.444,0.344,0.94,0.1,0.236,0.136,0.3,0.476
58,,0.424,0.324,0.92,0.08,0.216,0.116,0.28,0.456
59,,0.404,0.304,0.9,0.06,0.196,0.096,0.26,0.436
60,,0.384,0.284,0.88,0.04,0.176,0.076,0.24,0.416
61,,0.364,0.264,0.86,0.02,0.156,0.056,0.22,0.396
62,,0.344,0.244,0.84,0.0,0.136,0.036,0.2,0.376
63,,0.324,0.224,0.82,-0.02,0.116,0.016,0.18,0.356
64,4,0.092,0.204,1.0,0.98,0.308,-0.004,-0.052,0.036
65,4,-0.14,0.184,1.0,1.0,0.5,-0.024,-0.284,-0.284
66,8,0.052,0.164,0.768,0.68,0.268,-0.044,-0.092,0.716
67,8,0.244,0.144,0.536,0.36,0.036,-0.064,0.1,1.0
68,6,0.012,-0.176,0.304,0.34,0.228,0.936,0.292,0.98
69,6,-0.22,-0.496,0.072,0.32,0.42,1.0,0.484,0.96
70,2,-0.028,0.504,0.264,0.3,0.188,0.68,0.252,0.94
71,2,0.164,1.0,0.456,0.28,-0.044,0.36,0.02,0.92
72,5,-0.156,0.768,0.436,0.472,0.956,0.552,0.0,0.688
73,5,-0.476,0.536,0.416,0.664,1.0,0.744,-0.02,0.456
74,1,0.524,0.728,0.396,0.432,0.68,0.512,-0.04,0.648
75,1,1.0,0.92,0.376,0.2,0.36,0.28,-0.06,0.84
76,7,0.98,0.688,0.056,-0.032,0.34,0.472,0.94,1.0
77,7,0.96,0.456,-0.264,-0.264,0.32,0.664,1.0,1.0
78,3,0.94,0.648,0.736,-0.072,0.3,0.432,0.68,0.768
79,3,0.92,0.84,1.0,0.12,0.28,0.2,0.36,0.536
80,,0.9,0.82,0.98,0.1,0.26,0.18,0.34,0.516
81,,0.88,0.8,0.96,0.08,0.24,0.16,0.32,0.496
82,,0.86,0.78,0.94,0.06,0.22,0.14,0.3,0.476
83,,0.84,0.76,0.92,0.04,0.2,0.12,0.28,0.456
84,,0.82,0.74,0.9,0.02,0.18,0.1,0.26,0.436
85,,0.8,0.72,0.88,0.0,0.16,0.08,0.24,0.416
86,,0.78,0.7,0.86,-0.02,0.14,0.06,0.22,0.396
87,4,0.548,0.68,1.0,0.98,0.332,0.04,-0.012,0.076
88,4,0.316,0.66,1.0,1.0,0.524,0.02,-0.244,-0.244
89,7,0.296,0.428,0.68,0.768,0.504,0.212,0.756,-0.052
90,7,0.276,0.196,0.36,0.536,0.484,0.404,1.0,0.14
91,,0.256,0.176,0.34,0.516,0.464,0.384,0.98,0.12
92,,0.236,0.156,0.32,0.496,0.444,0.364,0.96,0.1
93,,0.216,0.136,0.3,0.476,0.424,0.344,0.94,0.08
94,,0.196,0.116,0.28,0.456,0.404,0.324,0.92,0.06
95,,0.176,0.096,0.26,0.436,0.384,0.304,0.9,0.04
96,,0.156,0.076,0.24,0.416,0.364,0.284,0.88,0.02
97,,0.136,0.056,0.22,0.396,0.344,0.264,0.86,0.0
98,,0.116,0.036,0.2,0.376,0.324,0.244,0.84,-0.02
99,8,0.308,0.016,-0.032,0.056,0.092,0.224,1.0,0.98
100,8,0.5,-0.004,-0.264,-0.264,-0.14,0.204,1.0,1.0
101,4,0.268,-0.024,-0.072,0.736,0.052,0.184,0.768,0.68
102,4,0.036,-0.044,0.12,1.0,0.244,0.164,0.536,0.36
103,2,0.228,0.956,0.312,0.98,0.012,-0.156,0.304,0.34
104,2,0.42,1.0,0.504,0.96,-0.22,-0.476,0.072,0.32
105,6,0.188,0.68,0.272,0.94,-0.028,0.524,0.264,0.3
106,6,-0.044,0.36,0.04,0.92,0.164,1.0,0.456,0.28
107,1,0.956,0.552,0.02,0.688,-0.156,0.768,0.436,0.472
108,1,1.0,0.744,0.0,0.456,-0.476,0.536,0.416,0.664
109,5,0.68,0.512,-0.02,0.648,0.524,0.728,0.396,0.432
110,5,0.36,0.28,-0.04,0.84,1.0,0.92,0.376,0.2
111,3,0.34,0.472,0.96,1.0,0.98,0.688,0.056,-0.032
112,3,0.32,0.664,1.0,1.0,0.96,0.456,-0.264,-0.264
113,8,0.512,0.644,0.768,0.68,0.728,0.436,-0.072,0.736
114,8,0.704,0.624,0.536,0.36,0.496,0.416,0.12,1.0
115,,0.684,0.604,0.516,0.34,0.476,0.396,0.1,0.98
116,,0.664,0.584,0.496,0.32,0.456,0.376,0.08,0.96
117,,0.644,0.564,0.476,0.3,0.436,0.356,0.06,0.94
118,,0.624,0.544,0.456,0.28,0.416,0.336,0.04,0.92
119,,0.604,0.524,0.436,0.26,0.396,0.316,0.02,0.9
120,,0.584,0.504,0.416,0.24,0.376,0.296,0.0,0.88
121,,0.564,0.484,0.396,0.22,0.356,0.276,-0.02,0.86
122,7,0.544,0.252,0.076,-0.012,0.336,0.468,0.98,1.0
123,7,0.524,0.02,-0.244,-0.244,0.316,0.66,1.0,1.0
124,3,0.504,0.212,0.756,-0.052,0.296,0.428,0.68,0.768
125,3,0.484,0.404,1.0,0.14,0.276,0.196,0.36,0.536
126,,0.464,0.384,0.98,0.12,0.256,0.176,0.34,0.516
127,,0.444,0.364,0.96,0.1,0.236,0.156,0.32,0.496
128,,0.424,0.344,0.94,0.08,0.216,0.136,0.3,0.476
129,,0.404,0.324,0.92,0.06,0.196,0.116,0.28,0.456
130,,0.384,0.304,0.9,0.04,0.176,0.096,0.26,0.436
131,,0.364,0.284,0.88,0.02,0.156,0.076,0.24,0.416
132,,0.344,0.264,0.86,0.0,0.136,0.056,0.22,0.396
133,,0.324,0.244,0.84,-0.02,0.116,0.036,0.2,0.376
134,4,0.092,0.224,1.0,0.98,0.308,0.016,-0.032,0.056
135,4,-0.14,0.204,1.0,1.0,0.5,-0.004,-0.264,-0.264
136,7,-0.16,-0.028,0.68,0.768,0.48,0.188,0.736,-0.072
137,7,-0.18,-0.26,0.36,0.536,0.46,0.38,1.0,0.12
138,2,0.012,0.74,0.552,0.516,0.228,0.06,0.768,0.1
139,2,0.204,1.0,0.744,0.496,-0.004,-0.26,0.536,0.08
140,6,-0.028,0.68,0.512,0.476,0.188,0.74,0.728,0.06
141,6,-0.26,0.36,0.28,0.456,0.38,1.0,0.92,0.04
142,1,0.74,0.552,0.26,0.224,0.06,0.768,0.9,0.232
143,1,1.0,0.744,0.24,-0.008,-0.26,0.536,0.88,0.424
144,5,0.68,0.512,0.22,0.184,0.74,0.728,0.86,0.192
145,5,0.36,0.28,0.2,0.376,1.0,0.92,0.84,-0.04
146,8,0.552,0.26,-0.032,0.056,0.768,0.9,1.0,0.96
147,8,0.744,0.24,-0.264,-0.264,0.536,0.88,1.0,1.0
148,4,0.512,0.22,-0.072,0.736,0.728,0.86,0.768,0.68
149,4,0.28,0.2,0.12,1.0,0.92,0.84,0.536,0.36
150,,0.26,0.18,0.1,0.98,0.9,0.82,0.516,0.34
151,,0.24,0.16,0.08,0.96,0.88,0.8,0.496,0.32
152,,0.22,0.14,0.06,0.94,0.86,0.78,0.476,0.3
153,,0.2,0.12,0.04,0.92,0.84,0.76,0.456,0.28
154,,0.18,0.1,0.02,0.9,0.82,0.74,0.436,0.26
155,,0.16,0.08,0.0,0.88,0.8,0.72,0.416,0.24
156,,0.14,0.06,-0.02,0.86,0.78,0.7,0.396,0.22
157,3,0.12,0.252,0.98,1.0,0.76,0.468,0.076,-0.012
158,3,0.1,0.444,1.0,1.0,0.74,0.236,-0.244,-0.244
159,8,0.292,0.424,0.768,0.68,0.508,0.216,-0.052,0.756
160,8,0.484,0.404,0.536,0.36,0.276,0.196,0.14,1.0
161,,0.464,0.384,0.516,0.34,0.256,0.176,0.12,0.98
162,,0.444,0.364,0.496,0.32,0.236,0.156,0.1,0.96
163,,0.424,0.344,0.476,0.3,0.216,0.136,0.08,0.94
164,,0.404,0.324,0.456,0.28,0.196,0.116,0.06,0.92
165,,0.384,0.304,0.436,0.26,0.176,0.096,0.04,0.9
166,,0.364,0.284,0.416,0.24,0.156,0.076,0.02,0.88
167,,0.344,0.264,0.396,0.22,0.136,0.056,0.0,0.86
168,,0.324,0.244,0.376,0.2,0.116,0.036,-0.02,0.84
169,7,0.304,0.012,0.056,-0.032,0.096,0.228,0.98,1.0
170,7,0.284,-0.22,-0.264,-0.264,0.076,0.42,1.0,1.0
171,4,0.052,-0.24,-0.072,0.736,0.268,0.4,0.768,0.68
172,4,-0.18,-0.26,0.12,1.0,0.46,0.38,0.536,0.36
173,2,0.012,0.74,0.312,0.98,0.228,0.06,0.304,0.34
174,2,0.204,1.0,0.504,0.96,-0.004,-0.26,0.072,0.32
175,6,-0.028,0.68,0.272,0.94,0.188,0.74,0.264,0.3
176,6,-0.26,0.36,0.04,0.92,0.38,1.0,0.456,0.28
177,1,0.74,0.552,0.02,0.688,0.06,0.768,0.436,0.472
178,1,1.0,0.744,0.0,0.456,-0.26,0.536,0.416,0.664
179,5,0.68,0.512,-0.02,0.648,0.74,0.728,0.396,0.432
180,5,0.36,0.28,-0.04,0.84,1.0,0.92,0.376,0.2
181,3,0.34,0.472,0.96,1.0,0.98,0.688,0.056,-0.032
182,3,0.32,0.664,1.0,1.0,0.96,0.456,-0.264,-0.264
183,8,0.512,0.644,0.768,0.68,0.728,0.436,-0.072,0.736
184,8,0.704,0.624,0.536,0.36,0.496,0.416,0.12,1.0
185,,0.684,0.604,0.516,0.34,0.476,0.396,0.1,0.98
186,,0.664,0.584,0.496,0.32,0.456,0.376,0.08,0.96
187,,0.644,0.564,0.476,0.3,0.436,0.356,0.06,0.94
188,,0.624,0.544,0.456,0.28,0.416,0.336,0.04,0.92
189,,0.604,0.524,0.436,0.26,0.396,0.316,0.02,0.9
190,,0.584,0.504,0.416,0.24,0.376,0.296,0.0,0.88
191,,0.564,0.484,0.396,0.22,0.356,0.276,-0.02,0.86
192,7,0.544,0.252,0.076,-0.012,0.336,0.468,0.98,1.0
193,7,0.524,0.02,-0.244,-0.244,0.316,0.66,1.0,1.0
194,3,0.504,0.212,0.756,-0.052,0.296,0.428,0.68,0.768
195,3,0.484,0.404,1.0,0.14,0.276,0.196,0.36,0.536
196,,0.464,0.384,0.98,0.12,0.256,0.176,0.34,0.516
197,,0.444,0.364,0.96,0.1,0.236,0.156,0.32,0.496
198,,0.424,0.344,0.94,0.08,0.216,0.136,0.3,0.476
199,,0.404,0.324,0.92,0.06,0.196,0.116,0.28,0.456
