step,active_motive,motive_1,motive_2,motive_3,motive_4,motive_5,motive_6,motive_7,motive_8
0,,0.32385,0.00026,0.17628,0.15239,0.08233,0.26704,0.24241,0.34622
1,,0.30385,-0.01974,0.15628,0.13239,0.06233,0.24704,0.22241,0.32622
2,2,0.49585,0.98026,0.34828,0.11239,-0.16967,-0.07296,-0.00959,0.30622
3,2,0.68785,1.0,0.54028,0.09239,-0.40167,-0.39296,-0.24159,0.28622
4,5,0.36785,0.768,0.52028,0.28439,0.59833,-0.20096,-0.26159,0.05422
5,5,0.04785,0.536,0.50028,0.47639,1.0,-0.00896,-0.28159,-0.17778
6,7,0.02785,0.304,0.18028,0.24439,0.98,0.18304,0.71841,0.01422
7,7,0.00785,0.072,-0.13972,0.01239,0.96,0.37504,1.0,0.20622
8,3,-0.01215,0.264,0.86028,0.20439,0.94,0.14304,0.68,-0.02578
9,3,-0.03215,0.456,1.0,0.39639,0.92,-0.08896,0.36,-0.25778
10,8,0.15985,0.436,0.768,0.07639,0.688,-0.10896,0.552,0.74222
11,8,0.35185,0.416,0.536,-0.24361,0.456,-0.12896,0.744,1.0
12,4,0.11985,0.396,0.728,0.75639,0.648,-0.14896,0.512,0.68
13,4,-0.11215,0.376,0.92,1.0,0.84,-0.16896,0.28,0.36
14,6,-0.34415,0.056,0.688,0.98,1.0,0.83104,0.472,0.34
15,6,-0.57615,-0.264,0.456,0.96,1.0,1.0,0.664,0.32
16,1,0.42385,-0.072,0.436,0.728,0.68,0.768,0.644,0.512
17,1,1.0,0.12,0.416,0.496,0.36,0.536,0.624,0.704
18,,0.98,0.1,0.396,0.476,0.34,0.516,0.604,0.684
19,,0.96,0.08,0.376,0.456,0.32,0.496,0.584,0.664
20,,0.94,0.06,0.356,0.436,0.3,0.476,0.564,0.644
21,,0.92,0.04,0.336,0.416,0.28,0.456,0.544,0.624
22,,0.9,0.02,0.316,0.396,0.26,0.436,0.524,0.604
23,,0.88,0.0,0.296,0.376,0.24,0.416,0.504,0.584
24,,0.86,-0.02,0.276,0.356,0.22,0.396,0.484,0.564
25,2,1.0,0.98,0.468,0.336,-0.012,0.076,0.252,0.544
26,2,1.0,1.0,0.66,0.316,-0.244,-0.244,0.02,0.524
27,6,0.768,0.68,0.428,0.296,-0.052,0.756,0.212,0.504
28,6,0.536,0.36,0.196,0.276,0.14,1.0,0.404,0.484
29,,0.516,0.34,0.176,0.256,0.12,0.98,0.384,0.464
30,,0.496,0.32,0.156,0.236,0.1,0.96,0.364,0.444
31,,0.476,0.3,0.136,0.216,0.08,0.94,0.344,0.424
32,,0.456,0.28,0.116,0.196,0.06,0.92,0.324,0.404
33,,0.436,0.26,0.096,0.176,0.04,0.9,0.304,0.384
34,,0.416,0.24,0.076,0.156,0.02,0.88,0.284,0.364
35,,0.396,0.22,0.056,0.136,0.0,0.86,0.264,0.344
36,,0.376,0.2,0.036,0.116,-0.02,0.84,0.244,0.324
37,5,0.056,-0.032,0.016,0.308,0.98,1.0,0.224,0.092
38,5,-0.264,-0.264,-0.004,0.5,1.0,1.0,0.204,-0.14
39,2,-0.072,0.736,0.188,0.48,0.768,0.68,-0.028,-0.16
40,2,0.12,1.0,0.38,0.46,0.536,0.36,-0.26,-0.18
41,7,0.1,0.768,0.06,0.228,0.516,0.552,0.74,0.012
42,7,0.08,0.536,-0.26,-0.004,0.496,0.744,1.0,0.204
43,3,0.06,0.728,0.74,0.188,0.476,0.512,0.68,-0.028
44,3,0.04,0.92,1.0,0.38,0.456,0.28,0.36,-0.26
45,8,0.232,0.9,0.768,0.06,0.224,0.26,0.552,0.74
46,8,0.424,0.88,0.536,-0.26,-0.008,0.24,0.744,1.0
47,4,0.192,0.86,0.728,0.74,0.184,0.22,0.512,0.68
48,4,-0.04,0.84,0.92,1.0,0.376,0.2,0.28,0.36
49,1,0.96,1.0,0.9,0.768,0.056,-0.032,0.26,0.552
50,1,1.0,1.0,0.88,0.536,-0.264,-0.264,0.24,0.744
51,6,0.768,0.68,0.648,0.516,-0.072,0.736,0.432,0.724
52,6,0.536,0.36,0.416,0.496,0.12,1.0,0.624,0.704
53,,0.516,0.34,0.396,0.476,0.1,0.98,0.604,0.684
54,,0.496,0.32,0.376,0.456,0.08,0.96,0.584,0.664
55,,0.476,0.3,0.356,0.436,0.06,0.94,0.564,0.644
56,,0.456,0.28,0.336,0.416,0.04,0.92,0.544,0.624
57,,0.436,0.26,0.316,0.396,0.02,0.9,0.524,0.604
58,,0.416,0.24,0.296,0.376,0.0,0.88,0.504,0.584
59,,0.396,0.22,0.276,0.356,-0.02,0.86,0.484,0.564
60,5,0.076,-0.012,0.256,0.548,0.98,1.0,0.464,0.332
61,5,-0.244,-0.244,0.236,0.74,1.0,1.0,0.444,0.1
62,1,0.756,-0.052,0.216,0.508,0.68,0.768,0.424,0.292
63,1,1.0,0.14,0.196,0.276,0.36,0.536,0.404,0.484
64,,0.98,0.12,0.176,0.256,0.34,0.516,0.384,0.464
65,,0.96,0.1,0.156,0.236,0.32,0.496,0.364,0.444
66,,0.94,0.08,0.136,0.216,0.3,0.476,0.344,0.424
67,,0.92,0.06,0.116,0.196,0.28,0.456,0.324,0.404
68,,0.9,0.04,0.096,0.176,0.26,0.436,0.304,0.384
69,,0.88,0.02,0.076,0.156,0.24,0.416,0.284,0.364
70,,0.86,0.0,0.056,0.136,0.22,0.396,0.264,0.344
71,,0.84,-0.02,0.036,0.116,0.2,0.376,0.244,0.324
72,2,1.0,0.98,0.228,0.096,-0.032,0.056,0.012,0.304
73,2,1.0,1.0,0.42,0.076,-0.264,-0.264,-0.22,0.284
74,5,0.68,0.768,0.4,0.268,0.736,-0.072,-0.24,0.052
75,5,0.36,0.536,0.38,0.46,1.0,0.12,-0.26,-0.18
76,7,0.34,0.304,0.06,0.228,0.98,0.312,0.74,0.012
77,7,0.32,0.072,-0.26,-0.004,0.96,0.504,1.0,0.204
78,3,0.3,0.264,0.74,0.188,0.94,0.272,0.68,-0.028
79,3,0.28,0.456,1.0,0.38,0.92,0.04,0.36,-0.26
80,8,0.472,0.436,0.768,0.06,0.688,0.02,0.552,0.74
81,8,0.664,0.416,0.536,-0.26,0.456,0.0,0.744,1.0
82,4,0.432,0.396,0.728,0.74,0.648,-0.02,0.512,0.68
83,4,0.2,0.376,0.92,1.0,0.84,-0.04,0.28,0.36
84,6,-0.032,0.056,0.688,0.98,1.0,0.96,0.472,0.34
85,6,-0.264,-0.264,0.456,0.96,1.0,1.0,0.664,0.32
86,2,-0.072,0.736,0.648,0.94,0.768,0.68,0.432,0.3
87,2,0.12,1.0,0.84,0.92,0.536,0.36,0.2,0.28
88,,0.1,0.98,0.82,0.9,0.516,0.34,0.18,0.26
89,,0.08,0.96,0.8,0.88,0.496,0.32,0.16,0.24
90,,0.06,0.94,0.78,0.86,0.476,0.3,0.14,0.22
91,,0.04,0.92,0.76,0.84,0.456,0.28,0.12,0.2
92,,0.02,0.9,0.74,0.82,0.436,0.26,0.1,0.18
93,,0.0,0.88,0.72,0.8,0.416,0.24,0.08,0.16
94,,-0.02,0.86,0.7,0.78,0.396,0.22,0.06,0.14
95,1,0.98,1.0,0.68,0.548,0.076,-0.012,0.04,0.332
96,1,1.0,1.0,0.66,0.316,-0.244,-0.244,0.02,0.524
97,6,0.768,0.68,0.428,0.296,-0.052,0.756,0.212,0.504
98,6,0.536,0.36,0.196,0.276,0.14,1.0,0.404,0.484
99,,0.516,0.34,0.176,0.256,0.12,0.98,0.384,0.464
100,,0.496,0.32,0.156,0.236,0.1,0.96,0.364,0.444
101,,0.476,0.3,0.136,0.216,0.08,0.94,0.344,0.424
102,,0.456,0.28,0.116,0.196,0.06,0.92,0.324,0.404
103,,0.436,0.26,0.096,0.176,0.04,0.9,0.304,0.384
104,,0.416,0.24,0.076,0.156,0.02,0.88,0.284,0.364
105,,0.396,0.22,0.056,0.136,0.0,0.86,0.264,0.344
106,,0.376,0.2,0.036,0.116,-0.02,0.84,0.244,0.324
107,5,0.056,-0.032,0.016,0.308,0.98,1.0,0.224,0.092
108,5,-0.264,-0.264,-0.004,0.5,1.0,1.0,0.204,-0.14
109,2,-0.072,0.736,0.188,0.48,0.768,0.68,-0.028,-0.16
110,2,0.12,1.0,0.38,0.46,0.536,0.36,-0.26,-0.18
111,7,0.1,0.768,0.06,0.228,0.516,0.552,0.74,0.012
112,7,0.08,0.536,-0.26,-0.004,0.496,0.744,1.0,0.204
113,3,0.06,0.728,0.74,0.188,0.476,0.512,0.68,-0.028
114,3,0.04,0.92,1.0,0.38,0.456,0.28,0.36,-0.26
115,8,0.232,0.9,0.768,0.06,0.224,0.26,0.552,0.74
116,8,0.424,0.88,0.536,-0.26,-0.008,0.24,0.744,1.0
117,4,0.192,0.86,0.728,0.74,0.184,0.22,0.512,0.68
118,4,-0.04,0.84,0.92,1.0,0.376,0.2,0.28,0.36
119,1,0.96,1.0,0.9,0.768,0.056,-0.032,0.26,0.552
120,1,1.0,1.0,0.88,0.536,-0.264,-0.264,0.24,0.744
121,6,0.768,0.68,0.648,0.516,-0.072,0.736,0.432,0.724
122,6,0.536,0.36,0.416,0.496,0.12,1.0,0.624,0.704
123,,0.516,0.34,0.396,0.476,0.1,0.98,0.604,0.684
124,,0.496,0.32,0.376,0.456,0.08,0.96,0.584,0.664
125,,0.476,0.3,0.356,0.436,0.06,0.94,0.564,0.644
126,,0.456,0.28,0.336,0.416,0.04,0.92,0.544,0.624
127,,0.436,0.26,0.316,0.396,0.02,0.9,0.524,0.604
128,,0.416,0.24,0.296,0.376,0.0,0.88,0.504,0.584
129,,0.396,0.22,0.276,0.356,-0.02,0.86,0.484,0.564
130,5,0.076,-0.012,0.256,0.548,0.98,1.0,0.464,0.332
131,5,-0.244,-0.244,0.236,0.74,1.0,1.0,0.444,0.1
132,1,0.756,-0.052,0.216,0.508,0.68,0.768,0.424,0.292
133,1,1.0,0.14,0.196,0.276,0.36,0.536,0.404,0.484
134,,0.98,0.12,0.176,0.256,0.34,0.516,0.384,0.464
135,,0.96,0.1,0.156,0.236,0.32,0.496,0.364,0.444
136,,0.94,0.08,0.136,0.216,0.3,0.476,0.344,0.424
137,,0.92,0.06,0.116,0.196,0.28,0.456,0.324,0.404
138,,0.9,0.04,0.096,0.176,0.26,0.436,0.304,0.384
139,,0.88,0.02,0.076,0.156,0.24,0.416,0.284,0.364
140,,0.86,0.0,0.056,0.136,0.22,0.396,0.264,0.344
141,,0.84,-0.02,0.036,0.116,0.2,0.376,0.244,0.324
142,2,1.0,0.98,0.228,0.096,-0.032,0.056,0.012,0.304
143,2,1.0,1.0,0.42,0.076,-0.264,-0.264,-0.22,0.284
144,6,0.768,0.68,0.188,0.056,-0.072,0.736,-0.028,0.264
145,6,0.536,0.36,-0.044,0.036,0.12,1.0,0.164,0.244
146,3,0.516,0.552,0.956,0.228,0.1,0.768,-0.156,0.012
147,3,0.496,0.744,1.0,0.42,0.08,0.536,-0.476,-0.22
148,7,0.476,0.512,0.68,0.188,0.06,0.728,0.524,-0.028
149,7,0.456,0.28,0.36,-0.044,0.04,0.92,1.0,0.164
150,4,0.224,0.26,0.552,0.956,0.232,0.9,0.768,-0.156
151,4,-0.008,0.24,0.744,1.0,0.424,0.88,0.536,-0.476
152,8,0.184,0.22,0.512,0.68,0.192,0.86,0.728,0.524
153,8,0.376,0.2,0.28,0.36,-0.04,0.84,0.92,1.0
154,5,0.056,-0.032,0.26,0.552,0.96,1.0,0.9,0.768
155,5,-0.264,-0.264,0.24,0.744,1.0,1.0,0.88,0.536
156,1,0.736,-0.072,0.22,0.512,0.68,0.768,0.86,0.728
157,1,1.0,0.12,0.2,0.28,0.36,0.536,0.84,0.92
158,,0.98,0.1,0.18,0.26,0.34,0.516,0.82,0.9
159,,0.96,0.08,0.16,0.24,0.32,0.496,0.8,0.88
160,,0.94,0.06,0.14,0.22,0.3,0.476,0.78,0.86
161,,0.92,0.04,0.12,0.2,0.28,0.456,0.76,0.84
162,,0.9,0.02,0.1,0.18,0.26,0.436,0.74,0.82
163,,0.88,0.0,0.08,0.16,0.24,0.416,0.72,0.8
164,,0.86,-0.02,0.06,0.14,0.22,0.396,0.7,0.78
165,2,1.0,0.98,0.252,0.12,-0.012,0.076,0.468,0.76
166,2,1.0,1.0,0.444,0.1,-0.244,-0.244,0.236,0.74
167,6,0.768,0.68,0.212,0.08,-0.052,0.756,0.428,0.72
168,6,0.536,0.36,-0.02,0.06,0.14,1.0,0.62,0.7
169,3,0.516,0.552,0.98,0.252,0.12,0.768,0.3,0.468
170,3,0.496,0.744,1.0,0.444,0.1,0.536,-0.02,0.236
171,7,0.476,0.512,0.68,0.212,0.08,0.728,0.98,0.428
172,7,0.456,0.28,0.36,-0.02,0.06,0.92,1.0,0.62
173,4,0.224,0.26,0.552,0.98,0.252,0.9,0.768,0.3
174,4,-0.008,0.24,0.744,1.0,0.444,0.88,0.536,-0.02
175,8,0.184,0.22,0.512,0.68,0.212,0.86,0.728,0.98
176,8,0.376,0.2,0.28,0.36,-0.02,0.84,0.92,1.0
177,5,0.056,-0.032,0.26,0.552,0.98,1.0,0.9,0.768
178,5,-0.264,-0.264,0.24,0.744,1.0,1.0,0.88,0.536
179,1,0.736,-0.072,0.22,0.512,0.68,0.768,0.86,0.728
180,1,1.0,0.12,0.2,0.28,0.36,0.536,0.84,0.92
181,,0.98,0.1,0.18,0.26,0.34,0.516,0.82,0.9
182,,0.96,0.08,0.16,0.24,0.32,0.496,0.8,0.88
183,,0.94,0.06,0.14,0.22,0.3,0.476,0.78,0.86
184,,0.92,0.04,0.12,0.2,0.28,0.456,0.76,0.84
185,,0.9,0.02,0.1,0.18,0.26,0.436,0.74,0.82
186,,0.88,0.0,0.08,0.16,0.24,0.416,0.72,0.8
187,,0.86,-0.02,0.06,0.14,0.22,0.396,0.7,0.78
188,2,1.0,0.98,0.252,0.12,-0.012,0.076,0.468,0.76
189,2,1.0,1.0,0.444,0.1,-0.244,-0.244,0.236,0.74
190,6,0.768,0.68,0.212,0.08,-0.052,0.756,0.428,0.72
191,6,0.536,0.36,-0.02,0.06,0.14,1.0,0.62,0.7
192,3,0.516,0.552,0.98,0.252,0.12,0.768,0.3,0.468
193,3,0.496,0.744,1.0,0.444,0.1,0.536,-0.02,0.236
194,7,0.476,0.512,0.68,0.212,0.08,0.728,0.98,0.428
195,7,0.456,0.28,0.36,-0.02,0.06,0.92,1.0,0.62
196,4,0.224,0.26,0.552,0.98,0.252,0.9,0.768,0.3
197,4,-0.008,0.24,0.744,1.0,0.444,0.88,0.536,-0.02
198,8,0.184,0.22,0.512,0.68,0.212,0.86,0.728,0.98
199,8,0.376,0.2,0.28,0.36,-0.02,0.84,0.92,1.0
