step,active_motive,motive_1,motive_2,motive_3,motive_4,motive_5,motive_6,motive_7,motive_8
0,,0.36123,0.14039,0.01216,0.32274,0.08856,0.47023,0.47696,0.45743
1,,0.34123,0.12039,-0.00784,0.30274,0.06856,0.45023,0.45696,0.43743
2,3,0.32123,0.31239,0.99216,0.49474,0.04856,0.21823,0.13696,0.20543
3,3,0.30123,0.50439,1.0,0.68674,0.02856,-0.01377,-0.18304,-0.02657
4,7,0.28123,0.27239,0.68,0.45474,0.00856,0.17823,0.81696,0.16543
5,7,0.26123,0.04039,0.36,0.22274,-0.01144,0.37023,1.0,0.35743
6,5,-0.05877,-0.19161,0.34,0.41474,0.98856,0.56223,0.98,0.12543
7,5,-0.37877,-0.42361,0.32,0.60674,1.0,0.75423,0.96,-0.10657
8,2,-0.18677,0.57639,0.512,0.58674,0.768,0.43423,0.728,-0.12657
9,2,0.00523,1.0,0.704,0.56674,0.536,0.11423,0.496,-0.14657
10,8,0.19723,0.98,0.472,0.24674,0.304,0.09423,0.688,0.85343
11,8,0.38923,0.96,0.24,-0.07326,0.072,0.07423,0.88,1.0
12,4,0.15723,0.94,0.432,0.92674,0.264,0.05423,0.648,0.68
13,4,-0.07477,0.92,0.624,1.0,0.456,0.03423,0.416,0.36
14,1,0.92523,1.0,0.604,0.768,0.136,-0.19777,0.396,0.552
15,1,1.0,1.0,0.584,0.536,-0.184,-0.42977,0.376,0.744
16,6,0.768,0.68,0.352,0.516,0.008,0.57023,0.568,0.724
17,6,0.536,0.36,0.12,0.496,0.2,1.0,0.76,0.704
18,,0.516,0.34,0.1,0.476,0.18,0.98,0.74,0.684
19,,0.496,0.32,0.08,0.456,0.16,0.96,0.72,0.664
20,,0.476,0.3,0.06,0.436,0.14,0.94,0.7,0.644
21,,0.456,0.28,0.04,0.416,0.12,0.92,0.68,0.624
22,,0.436,0.26,0.02,0.396,0.1,0.9,0.66,0.604
23,,0.416,0.24,0.0,0.376,0.08,0.88,0.64,0.584
24,,0.396,0.22,-0.02,0.356,0.06,0.86,0.62,0.564
25,3,0.376,0.412,0.98,0.548,0.04,0.628,0.3,0.332
26,3,0.356,0.604,1.0,0.74,0.02,0.396,-0.02,0.1
27,7,0.336,0.372,0.68,0.508,0.0,0.588,0.98,0.292
28,7,0.316,0.14,0.36,0.276,-0.02,0.78,1.0,0.484
29,5,-0.004,-0.092,0.34,0.468,0.98,0.972,0.98,0.252
30,5,-0.324,-0.324,0.32,0.66,1.0,1.0,0.96,0.02
31,1,0.676,-0.132,0.3,0.428,0.68,0.768,0.94,0.212
32,1,1.0,0.06,0.28,0.196,0.36,0.536,0.92,0.404
33,,0.98,0.04,0.26,0.176,0.34,0.516,0.9,0.384
34,,0.96,0.02,0.24,0.156,0.32,0.496,0.88,0.364
35,,0.94,0.0,0.22,0.136,0.3,0.476,0.86,0.344
36,,0.92,-0.02,0.2,0.116,0.28,0.456,0.84,0.324
37,2,1.0,0.98,0.392,0.096,0.048,0.136,0.608,0.304
38,2,1.0,1.0,0.584,0.076,-0.184,-0.184,0.376,0.284
39,6,0.768,0.68,0.352,0.056,0.008,0.816,0.568,0.264
40,6,0.536,0.36,0.12,0.036,0.2,1.0,0.76,0.244
41,,0.516,0.34,0.1,0.016,0.18,0.98,0.74,0.224
42,,0.496,0.32,0.08,-0.004,0.16,0.96,0.72,0.204
43,4,0.264,0.3,0.272,0.996,0.352,0.94,0.488,-0.116
44,4,0.032,0.28,0.464,1.0,0.544,0.92,0.256,-0.436
45,8,0.224,0.26,0.232,0.68,0.312,0.9,0.448,0.564
46,8,0.416,0.24,0.0,0.36,0.08,0.88,0.64,1.0
47,,0.396,0.22,-0.02,0.34,0.06,0.86,0.62,0.98
48,3,0.376,0.412,0.98,0.532,0.04,0.628,0.3,0.748
49,3,0.356,0.604,1.0,0.724,0.02,0.396,-0.02,0.516
50,7,0.336,0.372,0.68,0.492,0.0,0.588,0.98,0.708
51,7,0.316,0.14,0.36,0.26,-0.02,0.78,1.0,0.9
52,5,-0.004,-0.092,0.34,0.452,0.98,0.972,0.98,0.668
53,5,-0.324,-0.324,0.32,0.644,1.0,1.0,0.96,0.436
54,1,0.676,-0.132,0.3,0.412,0.68,0.768,0.94,0.628
55,1,1.0,0.06,0.28,0.18,0.36,0.536,0.92,0.82
56,,0.98,0.04,0.26,0.16,0.34,0.516,0.9,0.8
57,,0.96,0.02,0.24,0.14,0.32,0.496,0.88,0.78
58,,0.94,0.0,0.22,0.12,0.3,0.476,0.86,0.76
59,,0.92,-0.02,0.2,0.1,0.28,0.456,0.84,0.74
60,2,1.0,0.98,0.392,0.08,0.048,0.136,0.608,0.72
61,2,1.0,1.0,0.584,0.06,-0.184,-0.184,0.376,0.7
62,5,0.68,0.768,0.564,0.252,0.816,0.008,0.356,0.468
63,5,0.36,0.536,0.544,0.444,1.0,0.2,0.336,0.236
64,,0.34,0.516,0.524,0.424,0.98,0.18,0.316,0.216
65,,0.32,0.496,0.504,0.404,0.96,0.16,0.296,0.196
66,,0.3,0.476,0.484,0.384,0.94,0.14,0.276,0.176
67,,0.28,0.456,0.464,0.364,0.92,0.12,0.256,0.156
68,,0.26,0.436,0.444,0.344,0.9,0.1,0.236,0.136
69,,0.24,0.416,0.424,0.324,0.88,0.08,0.216,0.116
70,,0.22,0.396,0.404,0.304,0.86,0.06,0.196,0.096
71,,0.2,0.376,0.384,0.284,0.84,0.04,0.176,0.076
72,,0.18,0.356,0.364,0.264,0.82,0.02,0.156,0.056
73,,0.16,0.336,0.344,0.244,0.8,0.0,0.136,0.036
74,,0.14,0.316,0.324,0.224,0.78,-0.02,0.116,0.016
75,6,-0.092,-0.004,0.092,0.204,0.972,0.98,0.308,-0.004
76,6,-0.324,-0.324,-0.14,0.184,1.0,1.0,0.5,-0.024
77,2,-0.132,0.676,0.052,0.164,0.768,0.68,0.268,-0.044
78,2,0.06,1.0,0.244,0.144,0.536,0.36,0.036,-0.064
79,8,0.252,0.98,0.012,-0.176,0.304,0.34,0.228,0.936
80,8,0.444,0.96,-0.22,-0.496,0.072,0.32,0.42,1.0
81,4,0.212,0.94,-0.028,0.504,0.264,0.3,0.188,0.68
82,4,-0.02,0.92,0.164,1.0,0.456,0.28,-0.044,0.36
83,7,-0.04,0.688,-0.156,0.768,0.436,0.472,0.956,0.552
84,7,-0.06,0.456,-0.476,0.536,0.416,0.664,1.0,0.744
85,3,-0.08,0.648,0.524,0.728,0.396,0.432,0.68,0.512
86,3,-0.1,0.84,1.0,0.92,0.376,0.2,0.36,0.28
87,1,0.9,1.0,0.98,0.688,0.056,-0.032,0.34,0.472
88,1,1.0,1.0,0.96,0.456,-0.264,-0.264,0.32,0.664
89,5,0.68,0.768,0.94,0.648,0.736,-0.072,0.3,0.432
90,5,0.36,0.536,0.92,0.84,1.0,0.12,0.28,0.2
91,,0.34,0.516,0.9,0.82,0.98,0.1,0.26,0.18
92,,0.32,0.496,0.88,0.8,0.96,0.08,0.24,0.16
93,,0.3,0.476,0.86,0.78,0.94,0.06,0.22,0.14
94,,0.28,0.456,0.84,0.76,0.92,0.04,0.2,0.12
95,,0.26,0.436,0.82,0.74,0.9,0.02,0.18,0.1
96,,0.24,0.416,0.8,0.72,0.88,0.0,0.16,0.08
97,,0.22,0.396,0.78,0.7,0.86,-0.02,0.14,0.06
98,6,-0.012,0.076,0.548,0.68,1.0,0.98,0.332,0.04
99,6,-0.244,-0.244,0.316,0.66,1.0,1.0,0.524,0.02
100,1,0.756,-0.052,0.296,0.428,0.68,0.768,0.504,0.212
101,1,1.0,0.14,0.276,0.196,0.36,0.536,0.484,0.404
102,,0.98,0.12,0.256,0.176,0.34,0.516,0.464,0.384
103,,0.96,0.1,0.236,0.156,0.32,0.496,0.444,0.364
104,,0.94,0.08,0.216,0.136,0.3,0.476,0.424,0.344
105,,0.92,0.06,0.196,0.116,0.28,0.456,0.404,0.324
106,,0.9,0.04,0.176,0.096,0.26,0.436,0.384,0.304
107,,0.88,0.02,0.156,0.076,0.24,0.416,0.364,0.284
108,,0.86,0.0,0.136,0.056,0.22,0.396,0.344,0.264
109,,0.84,-0.02,0.116,0.036,0.2,0.376,0.324,0.244
110,2,1.0,0.98,0.308,0.016,-0.032,0.056,0.092,0.224
111,2,1.0,1.0,0.5,-0.004,-0.264,-0.264,-0.14,0.204
112,6,0.768,0.68,0.268,-0.024,-0.072,0.736,0.052,0.184
113,6,0.536,0.36,0.036,-0.044,0.12,1.0,0.244,0.164
114,4,0.304,0.34,0.228,0.956,0.312,0.98,0.012,-0.156
115,4,0.072,0.32,0.42,1.0,0.504,0.96,-0.22,-0.476
116,8,0.264,0.3,0.188,0.68,0.272,0.94,-0.028,0.524
117,8,0.456,0.28,-0.044,0.36,0.04,0.92,0.164,1.0
118,3,0.436,0.472,0.956,0.552,0.02,0.688,-0.156,0.768
119,3,0.416,0.664,1.0,0.744,0.0,0.456,-0.476,0.536
120,7,0.396,0.432,0.68,0.512,-0.02,0.648,0.524,0.728
121,7,0.376,0.2,0.36,0.28,-0.04,0.84,1.0,0.92
122,5,0.056,-0.032,0.34,0.472,0.96,1.0,0.98,0.688
123,5,-0.264,-0.264,0.32,0.664,1.0,1.0,0.96,0.456
124,1,0.736,-0.072,0.3,0.432,0.68,0.768,0.94,0.648
125,1,1.0,0.12,0.28,0.2,0.36,0.536,0.92,0.84
126,,0.98,0.1,0.26,0.18,0.34,0.516,0.9,0.82
127,,0.96,0.08,0.24,0.16,0.32,0.496,0.88,0.8
128,,0.94,0.06,0.22,0.14,0.3,0.476,0.86,0.78
129,,0.92,0.04,0.2,0.12,0.28,0.456,0.84,0.76
130,,0.9,0.02,0.18,0.1,0.26,0.436,0.82,0.74
131,,0.88,0.0,0.16,0.08,0.24,0.416,0.8,0.72
132,,0.86,-0.02,0.14,0.06,0.22,0.396,0.78,0.7
133,2,1.0,0.98,0.332,0.04,-0.012,0.076,0.548,0.68
134,2,1.0,1.0,0.524,0.02,-0.244,-0.244,0.316,0.66
135,5,0.68,0.768,0.504,0.212,0.756,-0.052,0.296,0.428
136,5,0.36,0.536,0.484,0.404,1.0,0.14,0.276,0.196
137,,0.34,0.516,0.464,0.384,0.98,0.12,0.256,0.176
138,,0.32,0.496,0.444,0.364,0.96,0.1,0.236,0.156
139,,0.3,0.476,0.424,0.344,0.94,0.08,0.216,0.136
140,,0.28,0.456,0.404,0.324,0.92,0.06,0.196,0.116
141,,0.26,0.436,0.384,0.304,0.9,0.04,0.176,0.096
142,,0.24,0.416,0.364,0.284,0.88,0.02,0.156,0.076
143,,0.22,0.396,0.344,0.264,0.86,0.0,0.136,0.056
144,,0.2,0.376,0.324,0.244,0.84,-0.02,0.116,0.036
145,6,-0.032,0.056,0.092,0.224,1.0,0.98,0.308,0.016
146,6,-0.264,-0.264,-0.14,0.204,1.0,1.0,0.5,-0.004
147,1,0.736,-0.072,-0.16,-0.028,0.68,0.768,0.48,0.188
148,1,1.0,0.12,-0.18,-0.26,0.36,0.536,0.46,0.38
149,4,0.768,0.1,0.012,0.74,0.552,0.516,0.228,0.06
150,4,0.536,0.08,0.204,1.0,0.744,0.496,-0.004,-0.26
151,8,0.728,0.06,-0.028,0.68,0.512,0.476,0.188,0.74
152,8,0.92,0.04,-0.26,0.36,0.28,0.456,0.38,1.0
153,3,0.9,0.232,0.74,0.552,0.26,0.224,0.06,0.768
154,3,0.88,0.424,1.0,0.744,0.24,-0.008,-0.26,0.536
155,7,0.86,0.192,0.68,0.512,0.22,0.184,0.74,0.728
156,7,0.84,-0.04,0.36,0.28,0.2,0.376,1.0,0.92
157,2,1.0,0.96,0.552,0.26,-0.032,0.056,0.768,0.9
158,2,1.0,1.0,0.744,0.24,-0.264,-0.264,0.536,0.88
159,6,0.768,0.68,0.512,0.22,-0.072,0.736,0.728,0.86
160,6,0.536,0.36,0.28,0.2,0.12,1.0,0.92,0.84
161,,0.516,0.34,0.26,0.18,0.1,0.98,0.9,0.82
162,,0.496,0.32,0.24,0.16,0.08,0.96,0.88,0.8
163,,0.476,0.3,0.22,0.14,0.06,0.94,0.86,0.78
164,,0.456,0.28,0.2,0.12,0.04,0.92,0.84,0.76
165,,0.436,0.26,0.18,0.1,0.02,0.9,0.82,0.74
166,,0.416,0.24,0.16,0.08,0.0,0.88,0.8,0.72
167,,0.396,0.22,0.14,0.06,-0.02,0.86,0.78,0.7
168,5,0.076,-0.012,0.12,0.252,0.98,1.0,0.76,0.468
169,5,-0.244,-0.244,0.1,0.444,1.0,1.0,0.74,0.236
170,1,0.756,-0.052,0.08,0.212,0.68,0.768,0.72,0.428
171,1,1.0,0.14,0.06,-0.02,0.36,0.536,0.7,0.62
172,4,0.768,0.12,0.252,0.98,0.552,0.516,0.468,0.3
173,4,0.536,0.1,0.444,1.0,0.744,0.496,0.236,-0.02
174,8,0.728,0.08,0.212,0.68,0.512,0.476,0.428,0.98
175,8,0.92,0.06,-0.02,0.36,0.28,0.456,0.62,1.0
176,3,0.9,0.252,0.98,0.552,0.26,0.224,0.3,0.768
177,3,0.88,0.444,1.0,0.744,0.24,-0.008,-0.02,0.536
178,7,0.86,0.212,0.68,0.512,0.22,0.184,0.98,0.728
179,7,0.84,-0.02,0.36,0.28,0.2,0.376,1.0,0.92
180,2,1.0,0.98,0.552,0.26,-0.032,0.056,0.768,0.9
181,2,1.0,1.0,0.744,0.24,-0.264,-0.264,0.536,0.88
182,6,0.768,0.68,0.512,0.22,-0.072,0.736,0.728,0.86
183,6,0.536,0.36,0.28,0.2,0.12,1.0,0.92,0.84
184,,0.516,0.34,0.26,0.18,0.1,0.98,0.9,0.82
185,,0.496,0.32,0.24,0.16,0.08,0.96,0.88,0.8
186,,0.476,0.3,0.22,0.14,0.06,0.94,0.86,0.78
187,,0.456,0.28,0.2,0.12,0.04,0.92,0.84,0.76
188,,0.436,0.26,0.18,0.1,0.02,0.9,0.82,0.74
189,,0.416,0.24,0.16,0.08,0.0,0.88,0.8,0.72
190,,0.396,0.22,0.14,0.06,-0.02,0.86,0.78,0.7
191,5,0.076,-0.012,0.12,0.252,0.98,1.0,0.76,0.468
192,5,-0.244,-0.244,0.1,0.444,1.0,1.0,0.74,0.236
193,1,0.756,-0.052,0.08,0.212,0.68,0.768,0.72,0.428
194,1,1.0,0.14,0.06,-0.02,0.36,0.536,0.7,0.62
195,4,0.768,0.12,0.252,0.98,0.552,0.516,0.468,0.3
196,4,0.536,0.1,0.444,1.0,0.744,0.496,0.236,-0.02
197,8,0.728,0.08,0.212,0.68,0.512,0.476,0.428,0.98
198,8,0.92,0.06,-0.02,0.36,0.28,0.456,0.62,1.0
199,3,0.9,0.252,0.98,0.552,0.26,0.224,0.3,0.768
