step,active_motive,motive_1,motive_2,motive_3,motive_4,motive_5,motive_6,motive_7,motive_8
0,,0.01733,0.01564,0.02502,0.05492,0.07146,0.06602,0.02799,0.09549
1,,-0.03267,-0.03436,-0.02498,0.00492,0.02146,0.01602,-0.02201,0.04549
2,2,0.38833,0.96564,0.39602,0.35492,0.30046,0.26602,0.25699,0.39549
3,2,0.80933,1.0,0.81702,0.70492,0.57946,0.51602,0.53599,0.74549
4,,0.75933,0.95,0.76702,0.65492,0.52946,0.46602,0.48599,0.69549
5,,0.70933,0.9,0.71702,0.60492,0.47946,0.41602,0.43599,0.64549
6,,0.65933,0.85,0.66702,0.55492,0.42946,0.36602,0.38599,0.59549
7,,0.60933,0.8,0.61702,0.50492,0.37946,0.31602,0.33599,0.54549
8,,0.55933,0.75,0.56702,0.45492,0.32946,0.26602,0.28599,0.49549
9,,0.50933,0.7,0.51702,0.40492,0.27946,0.21602,0.23599,0.44549
10,,0.45933,0.65,0.46702,0.35492,0.22946,0.16602,0.18599,0.39549
11,,0.40933,0.6,0.41702,0.30492,0.17946,0.11602,0.13599,0.34549
12,,0.35933,0.55,0.36702,0.25492,0.12946,0.06602,0.08599,0.29549
13,,0.30933,0.5,0.31702,0.20492,0.07946,0.01602,0.03599,0.24549
14,,0.25933,0.45,0.26702,0.15492,0.02946,-0.03398,-0.01401,0.19549
15,6,0.53833,0.7,0.54602,0.50492,0.45046,0.96602,0.40699,0.54549
16,6,0.81733,0.95,0.82502,0.85492,0.87146,1.0,0.82799,0.89549
17,,0.76733,0.9,0.77502,0.80492,0.82146,0.95,0.77799,0.84549
18,,0.71733,0.85,0.72502,0.75492,0.77146,0.9,0.72799,0.79549
19,,0.66733,0.8,0.67502,0.70492,0.72146,0.85,0.67799,0.74549
20,,0.61733,0.75,0.62502,0.65492,0.67146,0.8,0.62799,0.69549
21,,0.56733,0.7,0.57502,0.60492,0.62146,0.75,0.57799,0.64549
22,,0.51733,0.65,0.52502,0.55492,0.57146,0.7,0.52799,0.59549
23,,0.46733,0.6,0.47502,0.50492,0.52146,0.65,0.47799,0.54549
24,,0.41733,0.55,0.42502,0.45492,0.47146,0.6,0.42799,0.49549
25,,0.36733,0.5,0.37502,0.40492,0.42146,0.55,0.37799,0.44549
26,,0.31733,0.45,0.32502,0.35492,0.37146,0.5,0.32799,0.39549
27,,0.26733,0.4,0.27502,0.30492,0.32146,0.45,0.27799,0.34549
28,,0.21733,0.35,0.22502,0.25492,0.27146,0.4,0.22799,0.29549
29,,0.16733,0.3,0.17502,0.20492,0.22146,0.35,0.17799,0.24549
30,,0.11733,0.25,0.12502,0.15492,0.17146,0.3,0.12799,0.19549
31,,0.06733,0.2,0.07502,0.10492,0.12146,0.25,0.07799,0.14549
32,,0.01733,0.15,0.02502,0.05492,0.07146,0.2,0.02799,0.09549
33,,-0.03267,0.1,-0.02498,0.00492,0.02146,0.15,-0.02201,0.04549
34,1,0.96733,0.521,0.32502,0.28392,0.27146,0.429,0.32799,0.46649
35,1,1.0,0.942,0.67502,0.56292,0.52146,0.708,0.67799,0.88749
36,,0.95,0.892,0.62502,0.51292,0.47146,0.658,0.62799,0.83749
37,,0.9,0.842,0.57502,0.46292,0.42146,0.608,0.57799,0.78749
38,,0.85,0.792,0.52502,0.41292,0.37146,0.558,0.52799,0.73749
39,,0.8,0.742,0.47502,0.36292,0.32146,0.508,0.47799,0.68749
40,,0.75,0.692,0.42502,0.31292,0.27146,0.458,0.42799,0.63749
41,,0.7,0.642,0.37502,0.26292,0.22146,0.408,0.37799,0.58749
42,,0.65,0.592,0.32502,0.21292,0.17146,0.358,0.32799,0.53749
43,,0.6,0.542,0.27502,0.16292,0.12146,0.308,0.27799,0.48749
44,,0.55,0.492,0.22502,0.11292,0.07146,0.258,0.22799,0.43749
45,,0.5,0.442,0.17502,0.06292,0.02146,0.208,0.17799,0.38749
46,,0.45,0.392,0.12502,0.01292,-0.02854,0.158,0.12799,0.33749
47,5,0.7,0.671,0.47502,0.43392,0.97146,0.579,0.47799,0.61649
48,5,0.95,0.95,0.82502,0.85492,1.0,1.0,0.82799,0.89549
49,,0.9,0.9,0.77502,0.80492,0.95,0.95,0.77799,0.84549
50,,0.85,0.85,0.72502,0.75492,0.9,0.9,0.72799,0.79549
51,,0.8,0.8,0.67502,0.70492,0.85,0.85,0.67799,0.74549
52,,0.75,0.75,0.62502,0.65492,0.8,0.8,0.62799,0.69549
53,,0.7,0.7,0.57502,0.60492,0.75,0.75,0.57799,0.64549
54,,0.65,0.65,0.52502,0.55492,0.7,0.7,0.52799,0.59549
55,,0.6,0.6,0.47502,0.50492,0.65,0.65,0.47799,0.54549
56,,0.55,0.55,0.42502,0.45492,0.6,0.6,0.42799,0.49549
57,,0.5,0.5,0.37502,0.40492,0.55,0.55,0.37799,0.44549
58,,0.45,0.45,0.32502,0.35492,0.5,0.5,0.32799,0.39549
59,,0.4,0.4,0.27502,0.30492,0.45,0.45,0.27799,0.34549
60,,0.35,0.35,0.22502,0.25492,0.4,0.4,0.22799,0.29549
61,,0.3,0.3,0.17502,0.20492,0.35,0.35,0.17799,0.24549
62,,0.25,0.25,0.12502,0.15492,0.3,0.3,0.12799,0.19549
63,,0.2,0.2,0.07502,0.10492,0.25,0.25,0.07799,0.14549
64,,0.15,0.15,0.02502,0.05492,0.2,0.2,0.02799,0.09549
65,,0.1,0.1,-0.02498,0.00492,0.15,0.15,-0.02201,0.04549
66,3,0.45,0.521,0.97502,0.42592,0.5,0.429,0.22799,0.32449
67,3,0.8,0.942,1.0,0.84692,0.85,0.708,0.47799,0.60349
68,,0.75,0.892,0.95,0.79692,0.8,0.658,0.42799,0.55349
69,,0.7,0.842,0.9,0.74692,0.75,0.608,0.37799,0.50349
70,,0.65,0.792,0.85,0.69692,0.7,0.558,0.32799,0.45349
71,,0.6,0.742,0.8,0.64692,0.65,0.508,0.27799,0.40349
72,,0.55,0.692,0.75,0.59692,0.6,0.458,0.22799,0.35349
73,,0.5,0.642,0.7,0.54692,0.55,0.408,0.17799,0.30349
74,,0.45,0.592,0.65,0.49692,0.5,0.358,0.12799,0.25349
75,,0.4,0.542,0.6,0.44692,0.45,0.308,0.07799,0.20349
76,,0.35,0.492,0.55,0.39692,0.4,0.258,0.02799,0.15349
77,,0.3,0.442,0.5,0.34692,0.35,0.208,-0.02201,0.10349
78,7,0.65,0.721,0.75,0.62592,0.7,0.629,0.97799,0.52449
79,7,1.0,1.0,1.0,0.90492,1.0,1.0,1.0,0.94549
80,,0.95,0.95,0.95,0.85492,0.95,0.95,0.95,0.89549
81,,0.9,0.9,0.9,0.80492,0.9,0.9,0.9,0.84549
82,,0.85,0.85,0.85,0.75492,0.85,0.85,0.85,0.79549
83,,0.8,0.8,0.8,0.70492,0.8,0.8,0.8,0.74549
84,,0.75,0.75,0.75,0.65492,0.75,0.75,0.75,0.69549
85,,0.7,0.7,0.7,0.60492,0.7,0.7,0.7,0.64549
86,,0.65,0.65,0.65,0.55492,0.65,0.65,0.65,0.59549
87,,0.6,0.6,0.6,0.50492,0.6,0.6,0.6,0.54549
88,,0.55,0.55,0.55,0.45492,0.55,0.55,0.55,0.49549
89,,0.5,0.5,0.5,0.40492,0.5,0.5,0.5,0.44549
90,,0.45,0.45,0.45,0.35492,0.45,0.45,0.45,0.39549
91,,0.4,0.4,0.4,0.30492,0.4,0.4,0.4,0.34549
92,,0.35,0.35,0.35,0.25492,0.35,0.35,0.35,0.29549
93,,0.3,0.3,0.3,0.20492,0.3,0.3,0.3,0.24549
94,,0.25,0.25,0.25,0.15492,0.25,0.25,0.25,0.19549
95,,0.2,0.2,0.2,0.10492,0.2,0.2,0.2,0.14549
96,,0.15,0.15,0.15,0.05492,0.15,0.15,0.15,0.09549
97,,0.1,0.1,0.1,0.00492,0.1,0.1,0.1,0.04549
98,,0.05,0.05,0.05,-0.04508,0.05,0.05,0.05,-0.00451
99,4,0.329,0.4,0.471,0.95492,0.471,0.4,0.329,0.24549
100,4,0.608,0.75,0.892,1.0,0.892,0.75,0.608,0.49549
101,,0.558,0.7,0.842,0.95,0.842,0.7,0.558,0.44549
102,,0.508,0.65,0.792,0.9,0.792,0.65,0.508,0.39549
103,,0.458,0.6,0.742,0.85,0.742,0.6,0.458,0.34549
104,,0.408,0.55,0.692,0.8,0.692,0.55,0.408,0.29549
105,,0.358,0.5,0.642,0.75,0.642,0.5,0.358,0.24549
106,,0.308,0.45,0.592,0.7,0.592,0.45,0.308,0.19549
107,,0.258,0.4,0.542,0.65,0.542,0.4,0.258,0.14549
108,,0.208,0.35,0.492,0.6,0.492,0.35,0.208,0.09549
109,,0.158,0.3,0.442,0.55,0.442,0.3,0.158,0.04549
110,,0.108,0.25,0.392,0.5,0.392,0.25,0.108,-0.00451
111,8,0.529,0.6,0.671,0.75,0.671,0.6,0.529,0.99549
112,8,0.95,0.95,0.95,1.0,0.95,0.95,0.95,1.0
113,,0.9,0.9,0.9,0.95,0.9,0.9,0.9,0.95
114,,0.85,0.85,0.85,0.9,0.85,0.85,0.85,0.9
115,,0.8,0.8,0.8,0.85,0.8,0.8,0.8,0.85
116,,0.75,0.75,0.75,0.8,0.75,0.75,0.75,0.8
117,,0.7,0.7,0.7,0.75,0.7,0.7,0.7,0.75
118,,0.65,0.65,0.65,0.7,0.65,0.65,0.65,0.7
119,,0.6,0.6,0.6,0.65,0.6,0.6,0.6,0.65
120,,0.55,0.55,0.55,0.6,0.55,0.55,0.55,0.6
121,,0.5,0.5,0.5,0.55,0.5,0.5,0.5,0.55
122,,0.45,0.45,0.45,0.5,0.45,0.45,0.45,0.5
123,,0.4,0.4,0.4,0.45,0.4,0.4,0.4,0.45
124,,0.35,0.35,0.35,0.4,0.35,0.35,0.35,0.4
125,,0.3,0.3,0.3,0.35,0.3,0.3,0.3,0.35
126,,0.25,0.25,0.25,0.3,0.25,0.25,0.25,0.3
127,,0.2,0.2,0.2,0.25,0.2,0.2,0.2,0.25
128,,0.15,0.15,0.15,0.2,0.15,0.15,0.15,0.2
129,,0.1,0.1,0.1,0.15,0.1,0.1,0.1,0.15
130,,0.05,0.05,0.05,0.1,0.05,0.05,0.05,0.1
131,,0.0,0.0,0.0,0.05,0.0,0.0,0.0,0.05
132,,-0.05,-0.05,-0.05,0.0,-0.05,-0.05,-0.05,0.0
133,6,0.229,0.2,0.229,0.35,0.371,0.95,0.371,0.35
134,6,0.508,0.45,0.508,0.7,0.792,1.0,0.792,0.7
135,,0.458,0.4,0.458,0.65,0.742,0.95,0.742,0.65
136,,0.408,0.35,0.408,0.6,0.692,0.9,0.692,0.6
137,,0.358,0.3,0.358,0.55,0.642,0.85,0.642,0.55
138,,0.308,0.25,0.308,0.5,0.592,0.8,0.592,0.5
139,,0.258,0.2,0.258,0.45,0.542,0.75,0.542,0.45
140,,0.208,0.15,0.208,0.4,0.492,0.7,0.492,0.4
141,,0.158,0.1,0.158,0.35,0.442,0.65,0.442,0.35
142,,0.108,0.05,0.108,0.3,0.392,0.6,0.392,0.3
143,,0.058,0.0,0.058,0.25,0.342,0.55,0.342,0.25
144,,0.008,-0.05,0.008,0.2,0.292,0.5,0.292,0.2
145,2,0.429,0.95,0.429,0.55,0.571,0.75,0.571,0.55
146,2,0.85,1.0,0.85,0.9,0.85,1.0,0.85,0.9
147,,0.8,0.95,0.8,0.85,0.8,0.95,0.8,0.85
148,,0.75,0.9,0.75,0.8,0.75,0.9,0.75,0.8
149,,0.7,0.85,0.7,0.75,0.7,0.85,0.7,0.75
150,,0.65,0.8,0.65,0.7,0.65,0.8,0.65,0.7
151,,0.6,0.75,0.6,0.65,0.6,0.75,0.6,0.65
152,,0.55,0.7,0.55,0.6,0.55,0.7,0.55,0.6
153,,0.5,0.65,0.5,0.55,0.5,0.65,0.5,0.55
154,,0.45,0.6,0.45,0.5,0.45,0.6,0.45,0.5
155,,0.4,0.55,0.4,0.45,0.4,0.55,0.4,0.45
156,,0.35,0.5,0.35,0.4,0.35,0.5,0.35,0.4
157,,0.3,0.45,0.3,0.35,0.3,0.45,0.3,0.35
158,,0.25,0.4,0.25,0.3,0.25,0.4,0.25,0.3
159,,0.2,0.35,0.2,0.25,0.2,0.35,0.2,0.25
160,,0.15,0.3,0.15,0.2,0.15,0.3,0.15,0.2
161,,0.1,0.25,0.1,0.15,0.1,0.25,0.1,0.15
162,,0.05,0.2,0.05,0.1,0.05,0.2,0.05,0.1
163,,0.0,0.15,0.0,0.05,0.0,0.15,0.0,0.05
164,,-0.05,0.1,-0.05,0.0,-0.05,0.1,-0.05,0.0
165,3,0.3,0.521,0.95,0.421,0.3,0.379,0.2,0.279
166,3,0.65,0.942,1.0,0.842,0.65,0.658,0.45,0.558
167,,0.6,0.892,0.95,0.792,0.6,0.608,0.4,0.508
168,,0.55,0.842,0.9,0.742,0.55,0.558,0.35,0.458
169,,0.5,0.792,0.85,0.692,0.5,0.508,0.3,0.408
170,,0.45,0.742,0.8,0.642,0.45,0.458,0.25,0.358
171,,0.4,0.692,0.75,0.592,0.4,0.408,0.2,0.308
172,,0.35,0.642,0.7,0.542,0.35,0.358,0.15,0.258
173,,0.3,0.592,0.65,0.492,0.3,0.308,0.1,0.208
174,,0.25,0.542,0.6,0.442,0.25,0.258,0.05,0.158
175,,0.2,0.492,0.55,0.392,0.2,0.208,0.0,0.108
176,,0.15,0.442,0.5,0.342,0.15,0.158,-0.05,0.058
177,7,0.5,0.721,0.75,0.621,0.5,0.579,0.95,0.479
178,7,0.85,1.0,1.0,0.9,0.85,1.0,1.0,0.9
179,,0.8,0.95,0.95,0.85,0.8,0.95,0.95,0.85
180,,0.75,0.9,0.9,0.8,0.75,0.9,0.9,0.8
181,,0.7,0.85,0.85,0.75,0.7,0.85,0.85,0.75
182,,0.65,0.8,0.8,0.7,0.65,0.8,0.8,0.7
183,,0.6,0.75,0.75,0.65,0.6,0.75,0.75,0.65
184,,0.55,0.7,0.7,0.6,0.55,0.7,0.7,0.6
185,,0.5,0.65,0.65,0.55,0.5,0.65,0.65,0.55
186,,0.45,0.6,0.6,0.5,0.45,0.6,0.6,0.5
187,,0.4,0.55,0.55,0.45,0.4,0.55,0.55,0.45
188,,0.35,0.5,0.5,0.4,0.35,0.5,0.5,0.4
189,,0.3,0.45,0.45,0.35,0.3,0.45,0.45,0.35
190,,0.25,0.4,0.4,0.3,0.25,0.4,0.4,0.3
191,,0.2,0.35,0.35,0.25,0.2,0.35,0.35,0.25
192,,0.15,0.3,0.3,0.2,0.15,0.3,0.3,0.2
193,,0.1,0.25,0.25,0.15,0.1,0.25,0.25,0.15
194,,0.05,0.2,0.2,0.1,0.05,0.2,0.2,0.1
195,,0.0,0.15,0.15,0.05,0.0,0.15,0.15,0.05
196,,-0.05,0.1,0.1,0.0,-0.05,0.1,0.1,0.0
197,1,0.95,0.521,0.45,0.279,0.2,0.379,0.45,0.421
198,1,1.0,0.942,0.8,0.558,0.45,0.658,0.8,0.842
199,,0.95,0.892,0.75,0.508,0.4,0.608,0.75,0.792
200,,0.9,0.842,0.7,0.458,0.35,0.558,0.7,0.742
201,,0.85,0.792,0.65,0.408,0.3,0.508,0.65,0.692
202,,0.8,0.742,0.6,0.358,0.25,0.458,0.6,0.642
203,,0.75,0.692,0.55,0.308,0.2,0.408,0.55,0.592
204,,0.7,0.642,0.5,0.258,0.15,0.358,0.5,0.542
205,,0.65,0.592,0.45,0.208,0.1,0.308,0.45,0.492
206,,0.6,0.542,0.4,0.158,0.05,0.258,0.4,0.442
207,,0.55,0.492,0.35,0.108,0.0,0.208,0.35,0.392
208,,0.5,0.442,0.3,0.058,-0.05,0.158,0.3,0.342
209,5,0.75,0.721,0.65,0.479,0.95,0.579,0.65,0.621
210,5,1.0,1.0,1.0,0.9,1.0,1.0,1.0,0.9
211,,0.95,0.95,0.95,0.85,0.95,0.95,0.95,0.85
212,,0.9,0.9,0.9,0.8,0.9,0.9,0.9,0.8
213,,0.85,0.85,0.85,0.75,0.85,0.85,0.85,0.75
214,,0.8,0.8,0.8,0.7,0.8,0.8,0.8,0.7
215,,0.75,0.75,0.75,0.65,0.75,0.75,0.75,0.65
216,,0.7,0.7,0.7,0.6,0.7,0.7,0.7,0.6
217,,0.65,0.65,0.65,0.55,0.65,0.65,0.65,0.55
218,,0.6,0.6,0.6,0.5,0.6,0.6,0.6,0.5
219,,0.55,0.55,0.55,0.45,0.55,0.55,0.55,0.45
220,,0.5,0.5,0.5,0.4,0.5,0.5,0.5,0.4
221,,0.45,0.45,0.45,0.35,0.45,0.45,0.45,0.35
222,,0.4,0.4,0.4,0.3,0.4,0.4,0.4,0.3
223,,0.35,0.35,0.35,0.25,0.35,0.35,0.35,0.25
224,,0.3,0.3,0.3,0.2,0.3,0.3,0.3,0.2
225,,0.25,0.25,0.25,0.15,0.25,0.25,0.25,0.15
226,,0.2,0.2,0.2,0.1,0.2,0.2,0.2,0.1
227,,0.15,0.15,0.15,0.05,0.15,0.15,0.15,0.05
228,,0.1,0.1,0.1,0.0,0.1,0.1,0.1,0.0
229,,0.05,0.05,0.05,-0.05,0.05,0.05,0.05,-0.05
230,4,0.329,0.4,0.471,0.95,0.471,0.4,0.329,0.2
231,4,0.608,0.75,0.892,1.0,0.892,0.75,0.608,0.45
232,,0.558,0.7,0.842,0.95,0.842,0.7,0.558,0.4
233,,0.508,0.65,0.792,0.9,0.792,0.65,0.508,0.35
234,,0.458,0.6,0.742,0.85,0.742,0.6,0.458,0.3
235,,0.408,0.55,0.692,0.8,0.692,0.55,0.408,0.25
236,,0.358,0.5,0.642,0.75,0.642,0.5,0.358,0.2
237,,0.308,0.45,0.592,0.7,0.592,0.45,0.308,0.15
238,,0.258,0.4,0.542,0.65,0.542,0.4,0.258,0.1
239,,0.208,0.35,0.492,0.6,0.492,0.35,0.208,0.05
240,,0.158,0.3,0.442,0.55,0.442,0.3,0.158,0.0
241,,0.108,0.25,0.392,0.5,0.392,0.25,0.108,-0.05
242,8,0.529,0.6,0.671,0.75,0.671,0.6,0.529,0.95
243,8,0.95,0.95,0.95,1.0,0.95,0.95,0.95,1.0
244,,0.9,0.9,0.9,0.95,0.9,0.9,0.9,0.95
245,,0.85,0.85,0.85,0.9,0.85,0.85,0.85,0.9
246,,0.8,0.8,0.8,0.85,0.8,0.8,0.8,0.85
247,,0.75,0.75,0.75,0.8,0.75,0.75,0.75,0.8
248,,0.7,0.7,0.7,0.75,0.7,0.7,0.7,0.75
249,,0.65,0.65,0.65,0.7,0.65,0.65,0.65,0.7
250,,0.6,0.6,0.6,0.65,0.6,0.6,0.6,0.65
251,,0.55,0.55,0.55,0.6,0.55,0.55,0.55,0.6
252,,0.5,0.5,0.5,0.55,0.5,0.5,0.5,0.55
253,,0.45,0.45,0.45,0.5,0.45,0.45,0.45,0.5
254,,0.4,0.4,0.4,0.45,0.4,0.4,0.4,0.45
255,,0.35,0.35,0.35,0.4,0.35,0.35,0.35,0.4
256,,0.3,0.3,0.3,0.35,0.3,0.3,0.3,0.35
257,,0.25,0.25,0.25,0.3,0.25,0.25,0.25,0.3
258,,0.2,0.2,0.2,0.25,0.2,0.2,0.2,0.25
259,,0.15,0.15,0.15,0.2,0.15,0.15,0.15,0.2
260,,0.1,0.1,0.1,0.15,0.1,0.1,0.1,0.15
261,,0.05,0.05,0.05,0.1,0.05,0.05,0.05,0.1
262,,0.0,0.0,0.0,0.05,0.0,0.0,0.0,0.05
263,,-0.05,-0.05,-0.05,0.0,-0.05,-0.05,-0.05,0.0
264,3,0.3,0.371,0.95,0.421,0.3,0.229,0.2,0.279
265,3,0.65,0.792,1.0,0.842,0.65,0.508,0.45,0.558
266,,0.6,0.742,0.95,0.792,0.6,0.458,0.4,0.508
267,,0.55,0.692,0.9,0.742,0.55,0.408,0.35,0.458
268,,0.5,0.642,0.85,0.692,0.5,0.358,0.3,0.408
269,,0.45,0.592,0.8,0.642,0.45,0.308,0.25,0.358
270,,0.4,0.542,0.75,0.592,0.4,0.258,0.2,0.308
271,,0.35,0.492,0.7,0.542,0.35,0.208,0.15,0.258
272,,0.3,0.442,0.65,0.492,0.3,0.158,0.1,0.208
273,,0.25,0.392,0.6,0.442,0.25,0.108,0.05,0.158
274,,0.2,0.342,0.55,0.392,0.2,0.058,0.0,0.108
275,,0.15,0.292,0.5,0.342,0.15,0.008,-0.05,0.058
276,7,0.5,0.571,0.75,0.621,0.5,0.429,0.95,0.479
277,7,0.85,0.85,1.0,0.9,0.85,0.85,1.0,0.9
278,,0.8,0.8,0.95,0.85,0.8,0.8,0.95,0.85
279,,0.75,0.75,0.9,0.8,0.75,0.75,0.9,0.8
280,,0.7,0.7,0.85,0.75,0.7,0.7,0.85,0.75
281,,0.65,0.65,0.8,0.7,0.65,0.65,0.8,0.7
282,,0.6,0.6,0.75,0.65,0.6,0.6,0.75,0.65
283,,0.55,0.55,0.7,0.6,0.55,0.55,0.7,0.6
284,,0.5,0.5,0.65,0.55,0.5,0.5,0.65,0.55
285,,0.45,0.45,0.6,0.5,0.45,0.45,0.6,0.5
286,,0.4,0.4,0.55,0.45,0.4,0.4,0.55,0.45
287,,0.35,0.35,0.5,0.4,0.35,0.35,0.5,0.4
288,,0.3,0.3,0.45,0.35,0.3,0.3,0.45,0.35
289,,0.25,0.25,0.4,0.3,0.25,0.25,0.4,0.3
290,,0.2,0.2,0.35,0.25,0.2,0.2,0.35,0.25
291,,0.15,0.15,0.3,0.2,0.15,0.15,0.3,0.2
292,,0.1,0.1,0.25,0.15,0.1,0.1,0.25,0.15
293,,0.05,0.05,0.2,0.1,0.05,0.05,0.2,0.1
294,,0.0,0.0,0.15,0.05,0.0,0.0,0.15,0.05
295,,-0.05,-0.05,0.1,0.0,-0.05,-0.05,0.1,0.0
296,6,0.229,0.2,0.379,0.35,0.371,0.95,0.521,0.35
297,6,0.508,0.45,0.658,0.7,0.792,1.0,0.942,0.7
298,,0.458,0.4,0.608,0.65,0.742,0.95,0.892,0.65
299,,0.408,0.35,0.558,0.6,0.692,0.9,0.842,0.6
300,,0.358,0.3,0.508,0.55,0.642,0.85,0.792,0.55
301,,0.308,0.25,0.458,0.5,0.592,0.8,0.742,0.5
302,,0.258,0.2,0.408,0.45,0.542,0.75,0.692,0.45
303,,0.208,0.15,0.358,0.4,0.492,0.7,0.642,0.4
304,,0.158,0.1,0.308,0.35,0.442,0.65,0.592,0.35
305,,0.108,0.05,0.258,0.3,0.392,0.6,0.542,0.3
306,,0.058,0.0,0.208,0.25,0.342,0.55,0.492,0.25
307,,0.008,-0.05,0.158,0.2,0.292,0.5,0.442,0.2
308,2,0.429,0.95,0.579,0.55,0.571,0.75,0.721,0.55
309,2,0.85,1.0,1.0,0.9,0.85,1.0,1.0,0.9
310,,0.8,0.95,0.95,0.85,0.8,0.95,0.95,0.85
311,,0.75,0.9,0.9,0.8,0.75,0.9,0.9,0.8
312,,0.7,0.85,0.85,0.75,0.7,0.85,0.85,0.75
313,,0.65,0.8,0.8,0.7,0.65,0.8,0.8,0.7
314,,0.6,0.75,0.75,0.65,0.6,0.75,0.75,0.65
315,,0.55,0.7,0.7,0.6,0.55,0.7,0.7,0.6
316,,0.5,0.65,0.65,0.55,0.5,0.65,0.65,0.55
317,,0.45,0.6,0.6,0.5,0.45,0.6,0.6,0.5
318,,0.4,0.55,0.55,0.45,0.4,0.55,0.55,0.45
319,,0.35,0.5,0.5,0.4,0.35,0.5,0.5,0.4
320,,0.3,0.45,0.45,0.35,0.3,0.45,0.45,0.35
321,,0.25,0.4,0.4,0.3,0.25,0.4,0.4,0.3
322,,0.2,0.35,0.35,0.25,0.2,0.35,0.35,0.25
323,,0.15,0.3,0.3,0.2,0.15,0.3,0.3,0.2
324,,0.1,0.25,0.25,0.15,0.1,0.25,0.25,0.15
325,,0.05,0.2,0.2,0.1,0.05,0.2,0.2,0.1
326,,0.0,0.15,0.15,0.05,0.0,0.15,0.15,0.05
327,,-0.05,0.1,0.1,0.0,-0.05,0.1,0.1,0.0
328,5,0.2,0.379,0.45,0.421,0.95,0.521,0.45,0.279
329,5,0.45,0.658,0.8,0.842,1.0,0.942,0.8,0.558
330,,0.4,0.608,0.75,0.792,0.95,0.892,0.75,0.508
331,,0.35,0.558,0.7,0.742,0.9,0.842,0.7,0.458
332,,0.3,0.508,0.65,0.692,0.85,0.792,0.65,0.408
333,,0.25,0.458,0.6,0.642,0.8,0.742,0.6,0.358
334,,0.2,0.408,0.55,0.592,0.75,0.692,0.55,0.308
335,,0.15,0.358,0.5,0.542,0.7,0.642,0.5,0.258
336,,0.1,0.308,0.45,0.492,0.65,0.592,0.45,0.208
337,,0.05,0.258,0.4,0.442,0.6,0.542,0.4,0.158
338,,0.0,0.208,0.35,0.392,0.55,0.492,0.35,0.108
339,,-0.05,0.158,0.3,0.342,0.5,0.442,0.3,0.058
340,1,0.95,0.579,0.65,0.621,0.75,0.721,0.65,0.479
341,1,1.0,1.0,1.0,0.9,1.0,1.0,1.0,0.9
342,,0.95,0.95,0.95,0.85,0.95,0.95,0.95,0.85
343,,0.9,0.9,0.9,0.8,0.9,0.9,0.9,0.8
344,,0.85,0.85,0.85,0.75,0.85,0.85,0.85,0.75
345,,0.8,0.8,0.8,0.7,0.8,0.8,0.8,0.7
346,,0.75,0.75,0.75,0.65,0.75,0.75,0.75,0.65
347,,0.7,0.7,0.7,0.6,0.7,0.7,0.7,0.6
348,,0.65,0.65,0.65,0.55,0.65,0.65,0.65,0.55
349,,0.6,0.6,0.6,0.5,0.6,0.6,0.6,0.5
350,,0.55,0.55,0.55,0.45,0.55,0.55,0.55,0.45
351,,0.5,0.5,0.5,0.4,0.5,0.5,0.5,0.4
352,,0.45,0.45,0.45,0.35,0.45,0.45,0.45,0.35
353,,0.4,0.4,0.4,0.3,0.4,0.4,0.4,0.3
354,,0.35,0.35,0.35,0.25,0.35,0.35,0.35,0.25
355,,0.3,0.3,0.3,0.2,0.3,0.3,0.3,0.2
356,,0.25,0.25,0.25,0.15,0.25,0.25,0.25,0.15
357,,0.2,0.2,0.2,0.1,0.2,0.2,0.2,0.1
358,,0.15,0.15,0.15,0.05,0.15,0.15,0.15,0.05
359,,0.1,0.1,0.1,0.0,0.1,0.1,0.1,0.0
360,,0.05,0.05,0.05,-0.05,0.05,0.05,0.05,-0.05
361,8,0.471,0.4,0.329,0.2,0.329,0.4,0.471,0.95
362,8,0.892,0.75,0.608,0.45,0.608,0.75,0.892,1.0
363,,0.842,0.7,0.558,0.4,0.558,0.7,0.842,0.95
364,,0.792,0.65,0.508,0.35,0.508,0.65,0.792,0.9
365,,0.742,0.6,0.458,0.3,0.458,0.6,0.742,0.85
366,,0.692,0.55,0.408,0.25,0.408,0.55,0.692,0.8
367,,0.642,0.5,0.358,0.2,0.358,0.5,0.642,0.75
368,,0.592,0.45,0.308,0.15,0.308,0.45,0.592,0.7
369,,0.542,0.4,0.258,0.1,0.258,0.4,0.542,0.65
370,,0.492,0.35,0.208,0.05,0.208,0.35,0.492,0.6
371,,0.442,0.3,0.158,0.0,0.158,0.3,0.442,0.55
372,,0.392,0.25,0.108,-0.05,0.108,0.25,0.392,0.5
373,4,0.671,0.6,0.529,0.95,0.529,0.6,0.671,0.75
374,4,0.95,0.95,0.95,1.0,0.95,0.95,0.95,1.0
375,,0.9,0.9,0.9,0.95,0.9,0.9,0.9,0.95
376,,0.85,0.85,0.85,0.9,0.85,0.85,0.85,0.9
377,,0.8,0.8,0.8,0.85,0.8,0.8,0.8,0.85
378,,0.75,0.75,0.75,0.8,0.75,0.75,0.75,0.8
379,,0.7,0.7,0.7,0.75,0.7,0.7,0.7,0.75
380,,0.65,0.65,0.65,0.7,0.65,0.65,0.65,0.7
381,,0.6,0.6,0.6,0.65,0.6,0.6,0.6,0.65
382,,0.55,0.55,0.55,0.6,0.55,0.55,0.55,0.6
383,,0.5,0.5,0.5,0.55,0.5,0.5,0.5,0.55
384,,0.45,0.45,0.45,0.5,0.45,0.45,0.45,0.5
385,,0.4,0.4,0.4,0.45,0.4,0.4,0.4,0.45
386,,0.35,0.35,0.35,0.4,0.35,0.35,0.35,0.4
387,,0.3,0.3,0.3,0.35,0.3,0.3,0.3,0.35
388,,0.25,0.25,0.25,0.3,0.25,0.25,0.25,0.3
389,,0.2,0.2,0.2,0.25,0.2,0.2,0.2,0.25
390,,0.15,0.15,0.15,0.2,0.15,0.15,0.15,0.2
391,,0.1,0.1,0.1,0.15,0.1,0.1,0.1,0.15
392,,0.05,0.05,0.05,0.1,0.05,0.05,0.05,0.1
393,,0.0,0.0,0.0,0.05,0.0,0.0,0.0,0.05
394,,-0.05,-0.05,-0.05,0.0,-0.05,-0.05,-0.05,0.0
395,3,0.3,0.371,0.95,0.421,0.3,0.229,0.2,0.279
396,3,0.65,0.792,1.0,0.842,0.65,0.508,0.45,0.558
397,,0.6,0.742,0.95,0.792,0.6,0.458,0.4,0.508
398,,0.55,0.692,0.9,0.742,0.55,0.408,0.35,0.458
399,,0.5,0.642,0.85,0.692,0.5,0.358,0.3,0.408
400,,0.45,0.592,0.8,0.642,0.45,0.308,0.25,0.358
401,,0.4,0.542,0.75,0.592,0.4,0.258,0.2,0.308
402,,0.35,0.492,0.7,0.542,0.35,0.208,0.15,0.258
403,,0.3,0.442,0.65,0.492,0.3,0.158,0.1,0.208
404,,0.25,0.392,0.6,0.442,0.25,0.108,0.05,0.158
405,,0.2,0.342,0.55,0.392,0.2,0.058,0.0,0.108
406,,0.15,0.292,0.5,0.342,0.15,0.008,-0.05,0.058
407,7,0.5,0.571,0.75,0.621,0.5,0.429,0.95,0.479
408,7,0.85,0.85,1.0,0.9,0.85,0.85,1.0,0.9
409,,0.8,0.8,0.95,0.85,0.8,0.8,0.95,0.85
410,,0.75,0.75,0.9,0.8,0.75,0.75,0.9,0.8
411,,0.7,0.7,0.85,0.75,0.7,0.7,0.85,0.75
412,,0.65,0.65,0.8,0.7,0.65,0.65,0.8,0.7
413,,0.6,0.6,0.75,0.65,0.6,0.6,0.75,0.65
414,,0.55,0.55,0.7,0.6,0.55,0.55,0.7,0.6
415,,0.5,0.5,0.65,0.55,0.5,0.5,0.65,0.55
416,,0.45,0.45,0.6,0.5,0.45,0.45,0.6,0.5
417,,0.4,0.4,0.55,0.45,0.4,0.4,0.55,0.45
418,,0.35,0.35,0.5,0.4,0.35,0.35,0.5,0.4
419,,0.3,0.3,0.45,0.35,0.3,0.3,0.45,0.35
420,,0.25,0.25,0.4,0.3,0.25,0.25,0.4,0.3
421,,0.2,0.2,0.35,0.25,0.2,0.2,0.35,0.25
422,,0.15,0.15,0.3,0.2,0.15,0.15,0.3,0.2
423,,0.1,0.1,0.25,0.15,0.1,0.1,0.25,0.15
424,,0.05,0.05,0.2,0.1,0.05,0.05,0.2,0.1
425,,0.0,0.0,0.15,0.05,0.0,0.0,0.15,0.05
426,,-0.05,-0.05,0.1,0.0,-0.05,-0.05,0.1,0.0
427,1,0.95,0.371,0.45,0.279,0.2,0.229,0.45,0.421
428,1,1.0,0.792,0.8,0.558,0.45,0.508,0.8,0.842
429,,0.95,0.742,0.75,0.508,0.4,0.458,0.75,0.792
430,,0.9,0.692,0.7,0.458,0.35,0.408,0.7,0.742
431,,0.85,0.642,0.65,0.408,0.3,0.358,0.65,0.692
432,,0.8,0.592,0.6,0.358,0.25,0.308,0.6,0.642
433,,0.75,0.542,0.55,0.308,0.2,0.258,0.55,0.592
434,,0.7,0.492,0.5,0.258,0.15,0.208,0.5,0.542
435,,0.65,0.442,0.45,0.208,0.1,0.158,0.45,0.492
436,,0.6,0.392,0.4,0.158,0.05,0.108,0.4,0.442
437,,0.55,0.342,0.35,0.108,0.0,0.058,0.35,0.392
438,,0.5,0.292,0.3,0.058,-0.05,0.008,0.3,0.342
439,5,0.75,0.571,0.65,0.479,0.95,0.429,0.65,0.621
440,5,1.0,0.85,1.0,0.9,1.0,0.85,1.0,0.9
441,,0.95,0.8,0.95,0.85,0.95,0.8,0.95,0.85
442,,0.9,0.75,0.9,0.8,0.9,0.75,0.9,0.8
443,,0.85,0.7,0.85,0.75,0.85,0.7,0.85,0.75
444,,0.8,0.65,0.8,0.7,0.8,0.65,0.8,0.7
445,,0.75,0.6,0.75,0.65,0.75,0.6,0.75,0.65
446,,0.7,0.55,0.7,0.6,0.7,0.55,0.7,0.6
447,,0.65,0.5,0.65,0.55,0.65,0.5,0.65,0.55
448,,0.6,0.45,0.6,0.5,0.6,0.45,0.6,0.5
449,,0.55,0.4,0.55,0.45,0.55,0.4,0.55,0.45
450,,0.5,0.35,0.5,0.4,0.5,0.35,0.5,0.4
451,,0.45,0.3,0.45,0.35,0.45,0.3,0.45,0.35
452,,0.4,0.25,0.4,0.3,0.4,0.25,0.4,0.3
453,,0.35,0.2,0.35,0.25,0.35,0.2,0.35,0.25
454,,0.3,0.15,0.3,0.2,0.3,0.15,0.3,0.2
455,,0.25,0.1,0.25,0.15,0.25,0.1,0.25,0.15
456,,0.2,0.05,0.2,0.1,0.2,0.05,0.2,0.1
457,,0.15,0.0,0.15,0.05,0.15,0.0,0.15,0.05
458,,0.1,-0.05,0.1,0.0,0.1,-0.05,0.1,0.0
459,6,0.379,0.2,0.379,0.35,0.521,0.95,0.521,0.35
460,6,0.658,0.45,0.658,0.7,0.942,1.0,0.942,0.7
461,,0.608,0.4,0.608,0.65,0.892,0.95,0.892,0.65
462,,0.558,0.35,0.558,0.6,0.842,0.9,0.842,0.6
463,,0.508,0.3,0.508,0.55,0.792,0.85,0.792,0.55
464,,0.458,0.25,0.458,0.5,0.742,0.8,0.742,0.5
465,,0.408,0.2,0.408,0.45,0.692,0.75,0.692,0.45
466,,0.358,0.15,0.358,0.4,0.642,0.7,0.642,0.4
467,,0.308,0.1,0.308,0.35,0.592,0.65,0.592,0.35
468,,0.258,0.05,0.258,0.3,0.542,0.6,0.542,0.3
469,,0.208,0.0,0.208,0.25,0.492,0.55,0.492,0.25
470,,0.158,-0.05,0.158,0.2,0.442,0.5,0.442,0.2
471,2,0.579,0.95,0.579,0.55,0.721,0.75,0.721,0.55
472,2,1.0,1.0,1.0,0.9,1.0,1.0,1.0,0.9
473,,0.95,0.95,0.95,0.85,0.95,0.95,0.95,0.85
474,,0.9,0.9,0.9,0.8,0.9,0.9,0.9,0.8
475,,0.85,0.85,0.85,0.75,0.85,0.85,0.85,0.75
476,,0.8,0.8,0.8,0.7,0.8,0.8,0.8,0.7
477,,0.75,0.75,0.75,0.65,0.75,0.75,0.75,0.65
478,,0.7,0.7,0.7,0.6,0.7,0.7,0.7,0.6
479,,0.65,0.65,0.65,0.55,0.65,0.65,0.65,0.55
480,,0.6,0.6,0.6,0.5,0.6,0.6,0.6,0.5
481,,0.55,0.55,0.55,0.45,0.55,0.55,0.55,0.45
482,,0.5,0.5,0.5,0.4,0.5,0.5,0.5,0.4
483,,0.45,0.45,0.45,0.35,0.45,0.45,0.45,0.35
484,,0.4,0.4,0.4,0.3,0.4,0.4,0.4,0.3
485,,0.35,0.35,0.35,0.25,0.35,0.35,0.35,0.25
486,,0.3,0.3,0.3,0.2,0.3,0.3,0.3,0.2
487,,0.25,0.25,0.25,0.15,0.25,0.25,0.25,0.15
488,,0.2,0.2,0.2,0.1,0.2,0.2,0.2,0.1
489,,0.15,0.15,0.15,0.05,0.15,0.15,0.15,0.05
490,,0.1,0.1,0.1,0.0,0.1,0.1,0.1,0.0
491,,0.05,0.05,0.05,-0.05,0.05,0.05,0.05,-0.05
492,4,0.329,0.4,0.471,0.95,0.471,0.4,0.329,0.2
493,4,0.608,0.75,0.892,1.0,0.892,0.75,0.608,0.45
494,,0.558,0.7,0.842,0.95,0.842,0.7,0.558,0.4
495,,0.508,0.65,0.792,0.9,0.792,0.65,0.508,0.35
496,,0.458,0.6,0.742,0.85,0.742,0.6,0.458,0.3
497,,0.408,0.55,0.692,0.8,0.692,0.55,0.408,0.25
498,,0.358,0.5,0.642,0.75,0.642,0.5,0.358,0.2
499,,0.308,0.45,0.592,0.7,0.592,0.45,0.308,0.15
500,,0.258,0.4,0.542,0.65,0.542,0.4,0.258,0.1
501,,0.208,0.35,0.492,0.6,0.492,0.35,0.208,0.05
502,,0.158,0.3,0.442,0.55,0.442,0.3,0.158,0.0
503,,0.108,0.25,0.392,0.5,0.392,0.25,0.108,-0.05
504,8,0.529,0.6,0.671,0.75,0.671,0.6,0.529,0.95
505,8,0.95,0.95,0.95,1.0,0.95,0.95,0.95,1.0
506,,0.9,0.9,0.9,0.95,0.9,0.9,0.9,0.95
507,,0.85,0.85,0.85,0.9,0.85,0.85,0.85,0.9
508,,0.8,0.8,0.8,0.85,0.8,0.8,0.8,0.85
509,,0.75,0.75,0.75,0.8,0.75,0.75,0.75,0.8
510,,0.7,0.7,0.7,0.75,0.7,0.7,0.7,0.75
511,,0.65,0.65,0.65,0.7,0.65,0.65,0.65,0.7
512,,0.6,0.6,0.6,0.65,0.6,0.6,0.6,0.65
513,,0.55,0.55,0.55,0.6,0.55,0.55,0.55,0.6
514,,0.5,0.5,0.5,0.55,0.5,0.5,0.5,0.55
515,,0.45,0.45,0.45,0.5,0.45,0.45,0.45,0.5
516,,0.4,0.4,0.4,0.45,0.4,0.4,0.4,0.45
517,,0.35,0.35,0.35,0.4,0.35,0.35,0.35,0.4
518,,0.3,0.3,0.3,0.35,0.3,0.3,0.3,0.35
519,,0.25,0.25,0.25,0.3,0.25,0.25,0.25,0.3
520,,0.2,0.2,0.2,0.25,0.2,0.2,0.2,0.25
521,,0.15,0.15,0.15,0.2,0.15,0.15,0.15,0.2
522,,0.1,0.1,0.1,0.15,0.1,0.1,0.1,0.15
523,,0.05,0.05,0.05,0.1,0.05,0.05,0.05,0.1
524,,0.0,0.0,0.0,0.05,0.0,0.0,0.0,0.05
525,,-0.05,-0.05,-0.05,0.0,-0.05,-0.05,-0.05,0.0
526,6,0.229,0.2,0.229,0.35,0.371,0.95,0.371,0.35
527,6,0.508,0.45,0.508,0.7,0.792,1.0,0.792,0.7
528,,0.458,0.4,0.458,0.65,0.742,0.95,0.742,0.65
529,,0.408,0.35,0.408,0.6,0.692,0.9,0.692,0.6
530,,0.358,0.3,0.358,0.55,0.642,0.85,0.642,0.55
531,,0.308,0.25,0.308,0.5,0.592,0.8,0.592,0.5
532,,0.258,0.2,0.258,0.45,0.542,0.75,0.542,0.45
533,,0.208,0.15,0.208,0.4,0.492,0.7,0.492,0.4
534,,0.158,0.1,0.158,0.35,0.442,0.65,0.442,0.35
535,,0.108,0.05,0.108,0.3,0.392,0.6,0.392,0.3
536,,0.058,0.0,0.058,0.25,0.342,0.55,0.342,0.25
537,,0.008,-0.05,0.008,0.2,0.292,0.5,0.292,0.2
538,2,0.429,0.95,0.429,0.55,0.571,0.75,0.571,0.55
539,2,0.85,1.0,0.85,0.9,0.85,1.0,0.85,0.9
540,,0.8,0.95,0.8,0.85,0.8,0.95,0.8,0.85
541,,0.75,0.9,0.75,0.8,0.75,0.9,0.75,0.8
542,,0.7,0.85,0.7,0.75,0.7,0.85,0.7,0.75
543,,0.65,0.8,0.65,0.7,0.65,0.8,0.65,0.7
544,,0.6,0.75,0.6,0.65,0.6,0.75,0.6,0.65
545,,0.55,0.7,0.55,0.6,0.55,0.7,0.55,0.6
546,,0.5,0.65,0.5,0.55,0.5,0.65,0.5,0.55
547,,0.45,0.6,0.45,0.5,0.45,0.6,0.45,0.5
548,,0.4,0.55,0.4,0.45,0.4,0.55,0.4,0.45
549,,0.35,0.5,0.35,0.4,0.35,0.5,0.35,0.4
550,,0.3,0.45,0.3,0.35,0.3,0.45,0.3,0.35
551,,0.25,0.4,0.25,0.3,0.25,0.4,0.25,0.3
552,,0.2,0.35,0.2,0.25,0.2,0.35,0.2,0.25
553,,0.15,0.3,0.15,0.2,0.15,0.3,0.15,0.2
554,,0.1,0.25,0.1,0.15,0.1,0.25,0.1,0.15
555,,0.05,0.2,0.05,0.1,0.05,0.2,0.05,0.1
556,,0.0,0.15,0.0,0.05,0.0,0.15,0.0,0.05
557,,-0.05,0.1,-0.05,0.0,-0.05,0.1,-0.05,0.0
558,3,0.3,0.521,0.95,0.421,0.3,0.379,0.2,0.279
559,3,0.65,0.942,1.0,0.842,0.65,0.658,0.45,0.558
560,,0.6,0.892,0.95,0.792,0.6,0.608,0.4,0.508
561,,0.55,0.842,0.9,0.742,0.55,0.558,0.35,0.458
562,,0.5,0.792,0.85,0.692,0.5,0.508,0.3,0.408
563,,0.45,0.742,0.8,0.642,0.45,0.458,0.25,0.358
564,,0.4,0.692,0.75,0.592,0.4,0.408,0.2,0.308
565,,0.35,0.642,0.7,0.542,0.35,0.358,0.15,0.258
566,,0.3,0.592,0.65,0.492,0.3,0.308,0.1,0.208
567,,0.25,0.542,0.6,0.442,0.25,0.258,0.05,0.158
568,,0.2,0.492,0.55,0.392,0.2,0.208,0.0,0.108
569,,0.15,0.442,0.5,0.342,0.15,0.158,-0.05,0.058
570,7,0.5,0.721,0.75,0.621,0.5,0.579,0.95,0.479
571,7,0.85,1.0,1.0,0.9,0.85,1.0,1.0,0.9
572,,0.8,0.95,0.95,0.85,0.8,0.95,0.95,0.85
573,,0.75,0.9,0.9,0.8,0.75,0.9,0.9,0.8
574,,0.7,0.85,0.85,0.75,0.7,0.85,0.85,0.75
575,,0.65,0.8,0.8,0.7,0.65,0.8,0.8,0.7
576,,0.6,0.75,0.75,0.65,0.6,0.75,0.75,0.65
577,,0.55,0.7,0.7,0.6,0.55,0.7,0.7,0.6
578,,0.5,0.65,0.65,0.55,0.5,0.65,0.65,0.55
579,,0.45,0.6,0.6,0.5,0.45,0.6,0.6,0.5
580,,0.4,0.55,0.55,0.45,0.4,0.55,0.55,0.45
581,,0.35,0.5,0.5,0.4,0.35,0.5,0.5,0.4
582,,0.3,0.45,0.45,0.35,0.3,0.45,0.45,0.35
583,,0.25,0.4,0.4,0.3,0.25,0.4,0.4,0.3
584,,0.2,0.35,0.35,0.25,0.2,0.35,0.35,0.25
585,,0.15,0.3,0.3,0.2,0.15,0.3,0.3,0.2
586,,0.1,0.25,0.25,0.15,0.1,0.25,0.25,0.15
587,,0.05,0.2,0.2,0.1,0.05,0.2,0.2,0.1
588,,0.0,0.15,0.15,0.05,0.0,0.15,0.15,0.05
589,,-0.05,0.1,0.1,0.0,-0.05,0.1,0.1,0.0
590,5,0.2,0.379,0.45,0.421,0.95,0.521,0.45,0.279
591,5,0.45,0.658,0.8,0.842,1.0,0.942,0.8,0.558
592,,0.4,0.608,0.75,0.792,0.95,0.892,0.75,0.508
593,,0.35,0.558,0.7,0.742,0.9,0.842,0.7,0.458
594,,0.3,0.508,0.65,0.692,0.85,0.792,0.65,0.408
595,,0.25,0.458,0.6,0.642,0.8,0.742,0.6,0.358
596,,0.2,0.408,0.55,0.592,0.75,0.692,0.55,0.308
597,,0.15,0.358,0.5,0.542,0.7,0.642,0.5,0.258
598,,0.1,0.308,0.45,0.492,0.65,0.592,0.45,0.208
599,,0.05,0.258,0.4,0.442,0.6,0.542,0.4,0.158
600,,0.0,0.208,0.35,0.392,0.55,0.492,0.35,0.108
601,,-0.05,0.158,0.3,0.342,0.5,0.442,0.3,0.058
602,1,0.95,0.579,0.65,0.621,0.75,0.721,0.65,0.479
603,1,1.0,1.0,1.0,0.9,1.0,1.0,1.0,0.9
604,,0.95,0.95,0.95,0.85,0.95,0.95,0.95,0.85
605,,0.9,0.9,0.9,0.8,0.9,0.9,0.9,0.8
606,,0.85,0.85,0.85,0.75,0.85,0.85,0.85,0.75
607,,0.8,0.8,0.8,0.7,0.8,0.8,0.8,0.7
608,,0.75,0.75,0.75,0.65,0.75,0.75,0.75,0.65
609,,0.7,0.7,0.7,0.6,0.7,0.7,0.7,0.6
610,,0.65,0.65,0.65,0.55,0.65,0.65,0.65,0.55
611,,0.6,0.6,0.6,0.5,0.6,0.6,0.6,0.5
612,,0.55,0.55,0.55,0.45,0.55,0.55,0.55,0.45
613,,0.5,0.5,0.5,0.4,0.5,0.5,0.5,0.4
614,,0.45,0.45,0.45,0.35,0.45,0.45,0.45,0.35
615,,0.4,0.4,0.4,0.3,0.4,0.4,0.4,0.3
616,,0.35,0.35,0.35,0.25,0.35,0.35,0.35,0.25
617,,0.3,0.3,0.3,0.2,0.3,0.3,0.3,0.2
618,,0.25,0.25,0.25,0.15,0.25,0.25,0.25,0.15
619,,0.2,0.2,0.2,0.1,0.2,0.2,0.2,0.1
620,,0.15,0.15,0.15,0.05,0.15,0.15,0.15,0.05
621,,0.1,0.1,0.1,0.0,0.1,0.1,0.1,0.0
622,,0.05,0.05,0.05,-0.05,0.05,0.05,0.05,-0.05
623,4,0.329,0.4,0.471,0.95,0.471,0.4,0.329,0.2
624,4,0.608,0.75,0.892,1.0,0.892,0.75,0.608,0.45
625,,0.558,0.7,0.842,0.95,0.842,0.7,0.558,0.4
626,,0.508,0.65,0.792,0.9,0.792,0.65,0.508,0.35
627,,0.458,0.6,0.742,0.85,0.742,0.6,0.458,0.3
628,,0.408,0.55,0.692,0.8,0.692,0.55,0.408,0.25
629,,0.358,0.5,0.642,0.75,0.642,0.5,0.358,0.2
630,,0.308,0.45,0.592,0.7,0.592,0.45,0.308,0.15
631,,0.258,0.4,0.542,0.65,0.542,0.4,0.258,0.1
632,,0.208,0.35,0.492,0.6,0.492,0.35,0.208,0.05
633,,0.158,0.3,0.442,0.55,0.442,0.3,0.158,0.0
634,,0.108,0.25,0.392,0.5,0.392,0.25,0.108,-0.05
635,8,0.529,0.6,0.671,0.75,0.671,0.6,0.529,0.95
636,8,0.95,0.95,0.95,1.0,0.95,0.95,0.95,1.0
637,,0.9,0.9,0.9,0.95,0.9,0.9,0.9,0.95
638,,0.85,0.85,0.85,0.9,0.85,0.85,0.85,0.9
639,,0.8,0.8,0.8,0.85,0.8,0.8,0.8,0.85
640,,0.75,0.75,0.75,0.8,0.75,0.75,0.75,0.8
641,,0.7,0.7,0.7,0.75,0.7,0.7,0.7,0.75
642,,0.65,0.65,0.65,0.7,0.65,0.65,0.65,0.7
643,,0.6,0.6,0.6,0.65,0.6,0.6,0.6,0.65
644,,0.55,0.55,0.55,0.6,0.55,0.55,0.55,0.6
645,,0.5,0.5,0.5,0.55,0.5,0.5,0.5,0.55
646,,0.45,0.45,0.45,0.5,0.45,0.45,0.45,0.5
647,,0.4,0.4,0.4,0.45,0.4,0.4,0.4,0.45
648,,0.35,0.35,0.35,0.4,0.35,0.35,0.35,0.4
649,,0.3,0.3,0.3,0.35,0.3,0.3,0.3,0.35
650,,0.25,0.25,0.25,0.3,0.25,0.25,0.25,0.3
651,,0.2,0.2,0.2,0.25,0.2,0.2,0.2,0.25
652,,0.15,0.15,0.15,0.2,0.15,0.15,0.15,0.2
653,,0.1,0.1,0.1,0.15,0.1,0.1,0.1,0.15
654,,0.05,0.05,0.05,0.1,0.05,0.05,0.05,0.1
655,,0.0,0.0,0.0,0.05,0.0,0.0,0.0,0.05
656,,-0.05,-0.05,-0.05,0.0,-0.05,-0.05,-0.05,0.0
657,1,0.95,0.371,0.3,0.279,0.2,0.229,0.3,0.421
658,1,1.0,0.792,0.65,0.558,0.45,0.508,0.65,0.842
659,,0.95,0.742,0.6,0.508,0.4,0.458,0.6,0.792
660,,0.9,0.692,0.55,0.458,0.35,0.408,0.55,0.742
661,,0.85,0.642,0.5,0.408,0.3,0.358,0.5,0.692
662,,0.8,0.592,0.45,0.358,0.25,0.308,0.45,0.642
663,,0.75,0.542,0.4,0.308,0.2,0.258,0.4,0.592
664,,0.7,0.492,0.35,0.258,0.15,0.208,0.35,0.542
665,,0.65,0.442,0.3,0.208,0.1,0.158,0.3,0.492
666,,0.6,0.392,0.25,0.158,0.05,0.108,0.25,0.442
667,,0.55,0.342,0.2,0.108,0.0,0.058,0.2,0.392
668,,0.5,0.292,0.15,0.058,-0.05,0.008,0.15,0.342
669,5,0.75,0.571,0.5,0.479,0.95,0.429,0.5,0.621
670,5,1.0,0.85,0.85,0.9,1.0,0.85,0.85,0.9
671,,0.95,0.8,0.8,0.85,0.95,0.8,0.8,0.85
672,,0.9,0.75,0.75,0.8,0.9,0.75,0.75,0.8
673,,0.85,0.7,0.7,0.75,0.85,0.7,0.7,0.75
674,,0.8,0.65,0.65,0.7,0.8,0.65,0.65,0.7
675,,0.75,0.6,0.6,0.65,0.75,0.6,0.6,0.65
676,,0.7,0.55,0.55,0.6,0.7,0.55,0.55,0.6
677,,0.65,0.5,0.5,0.55,0.65,0.5,0.5,0.55
678,,0.6,0.45,0.45,0.5,0.6,0.45,0.45,0.5
679,,0.55,0.4,0.4,0.45,0.55,0.4,0.4,0.45
680,,0.5,0.35,0.35,0.4,0.5,0.35,0.35,0.4
681,,0.45,0.3,0.3,0.35,0.45,0.3,0.3,0.35
682,,0.4,0.25,0.25,0.3,0.4,0.25,0.25,0.3
683,,0.35,0.2,0.2,0.25,0.35,0.2,0.2,0.25
684,,0.3,0.15,0.15,0.2,0.3,0.15,0.15,0.2
685,,0.25,0.1,0.1,0.15,0.25,0.1,0.1,0.15
686,,0.2,0.05,0.05,0.1,0.2,0.05,0.05,0.1
687,,0.15,0.0,0.0,0.05,0.15,0.0,0.0,0.05
688,,0.1,-0.05,-0.05,0.0,0.1,-0.05,-0.05,0.0
689,3,0.45,0.371,0.95,0.421,0.45,0.229,0.2,0.279
690,3,0.8,0.792,1.0,0.842,0.8,0.508,0.45,0.558
691,,0.75,0.742,0.95,0.792,0.75,0.458,0.4,0.508
692,,0.7,0.692,0.9,0.742,0.7,0.408,0.35,0.458
693,,0.65,0.642,0.85,0.692,0.65,0.358,0.3,0.408
694,,0.6,0.592,0.8,0.642,0.6,0.308,0.25,0.358
695,,0.55,0.542,0.75,0.592,0.55,0.258,0.2,0.308
696,,0.5,0.492,0.7,0.542,0.5,0.208,0.15,0.258
697,,0.45,0.442,0.65,0.492,0.45,0.158,0.1,0.208
698,,0.4,0.392,0.6,0.442,0.4,0.108,0.05,0.158
699,,0.35,0.342,0.55,0.392,0.35,0.058,0.0,0.108
700,,0.3,0.292,0.5,0.342,0.3,0.008,-0.05,0.058
701,7,0.65,0.571,0.75,0.621,0.65,0.429,0.95,0.479
702,7,1.0,0.85,1.0,0.9,1.0,0.85,1.0,0.9
703,,0.95,0.8,0.95,0.85,0.95,0.8,0.95,0.85
704,,0.9,0.75,0.9,0.8,0.9,0.75,0.9,0.8
705,,0.85,0.7,0.85,0.75,0.85,0.7,0.85,0.75
706,,0.8,0.65,0.8,0.7,0.8,0.65,0.8,0.7
707,,0.75,0.6,0.75,0.65,0.75,0.6,0.75,0.65
708,,0.7,0.55,0.7,0.6,0.7,0.55,0.7,0.6
709,,0.65,0.5,0.65,0.55,0.65,0.5,0.65,0.55
710,,0.6,0.45,0.6,0.5,0.6,0.45,0.6,0.5
711,,0.55,0.4,0.55,0.45,0.55,0.4,0.55,0.45
712,,0.5,0.35,0.5,0.4,0.5,0.35,0.5,0.4
713,,0.45,0.3,0.45,0.35,0.45,0.3,0.45,0.35
714,,0.4,0.25,0.4,0.3,0.4,0.25,0.4,0.3
715,,0.35,0.2,0.35,0.25,0.35,0.2,0.35,0.25
716,,0.3,0.15,0.3,0.2,0.3,0.15,0.3,0.2
717,,0.25,0.1,0.25,0.15,0.25,0.1,0.25,0.15
718,,0.2,0.05,0.2,0.1,0.2,0.05,0.2,0.1
719,,0.15,0.0,0.15,0.05,0.15,0.0,0.15,0.05
720,,0.1,-0.05,0.1,0.0,0.1,-0.05,0.1,0.0
721,6,0.379,0.2,0.379,0.35,0.521,0.95,0.521,0.35
722,6,0.658,0.45,0.658,0.7,0.942,1.0,0.942,0.7
723,,0.608,0.4,0.608,0.65,0.892,0.95,0.892,0.65
724,,0.558,0.35,0.558,0.6,0.842,0.9,0.842,0.6
725,,0.508,0.3,0.508,0.55,0.792,0.85,0.792,0.55
726,,0.458,0.25,0.458,0.5,0.742,0.8,0.742,0.5
727,,0.408,0.2,0.408,0.45,0.692,0.75,0.692,0.45
728,,0.358,0.15,0.358,0.4,0.642,0.7,0.642,0.4
729,,0.308,0.1,0.308,0.35,0.592,0.65,0.592,0.35
730,,0.258,0.05,0.258,0.3,0.542,0.6,0.542,0.3
731,,0.208,0.0,0.208,0.25,0.492,0.55,0.492,0.25
732,,0.158,-0.05,0.158,0.2,0.442,0.5,0.442,0.2
733,2,0.579,0.95,0.579,0.55,0.721,0.75,0.721,0.55
734,2,1.0,1.0,1.0,0.9,1.0,1.0,1.0,0.9
735,,0.95,0.95,0.95,0.85,0.95,0.95,0.95,0.85
736,,0.9,0.9,0.9,0.8,0.9,0.9,0.9,0.8
737,,0.85,0.85,0.85,0.75,0.85,0.85,0.85,0.75
738,,0.8,0.8,0.8,0.7,0.8,0.8,0.8,0.7
739,,0.75,0.75,0.75,0.65,0.75,0.75,0.75,0.65
740,,0.7,0.7,0.7,0.6,0.7,0.7,0.7,0.6
741,,0.65,0.65,0.65,0.55,0.65,0.65,0.65,0.55
742,,0.6,0.6,0.6,0.5,0.6,0.6,0.6,0.5
743,,0.55,0.55,0.55,0.45,0.55,0.55,0.55,0.45
744,,0.5,0.5,0.5,0.4,0.5,0.5,0.5,0.4
745,,0.45,0.45,0.45,0.35,0.45,0.45,0.45,0.35
746,,0.4,0.4,0.4,0.3,0.4,0.4,0.4,0.3
747,,0.35,0.35,0.35,0.25,0.35,0.35,0.35,0.25
748,,0.3,0.3,0.3,0.2,0.3,0.3,0.3,0.2
749,,0.25,0.25,0.25,0.15,0.25,0.25,0.25,0.15
750,,0.2,0.2,0.2,0.1,0.2,0.2,0.2,0.1
751,,0.15,0.15,0.15,0.05,0.15,0.15,0.15,0.05
752,,0.1,0.1,0.1,0.0,0.1,0.1,0.1,0.0
753,,0.05,0.05,0.05,-0.05,0.05,0.05,0.05,-0.05
754,8,0.471,0.4,0.329,0.2,0.329,0.4,0.471,0.95
755,8,0.892,0.75,0.608,0.45,0.608,0.75,0.892,1.0
756,,0.842,0.7,0.558,0.4,0.558,0.7,0.842,0.95
757,,0.792,0.65,0.508,0.35,0.508,0.65,0.792,0.9
758,,0.742,0.6,0.458,0.3,0.458,0.6,0.742,0.85
759,,0.692,0.55,0.408,0.25,0.408,0.55,0.692,0.8
760,,0.642,0.5,0.358,0.2,0.358,0.5,0.642,0.75
761,,0.592,0.45,0.308,0.15,0.308,0.45,0.592,0.7
762,,0.542,0.4,0.258,0.1,0.258,0.4,0.542,0.65
763,,0.492,0.35,0.208,0.05,0.208,0.35,0.492,0.6
764,,0.442,0.3,0.158,0.0,0.158,0.3,0.442,0.55
765,,0.392,0.25,0.108,-0.05,0.108,0.25,0.392,0.5
766,4,0.671,0.6,0.529,0.95,0.529,0.6,0.671,0.75
767,4,0.95,0.95,0.95,1.0,0.95,0.95,0.95,1.0
768,,0.9,0.9,0.9,0.95,0.9,0.9,0.9,0.95
769,,0.85,0.85,0.85,0.9,0.85,0.85,0.85,0.9
770,,0.8,0.8,0.8,0.85,0.8,0.8,0.8,0.85
771,,0.75,0.75,0.75,0.8,0.75,0.75,0.75,0.8
772,,0.7,0.7,0.7,0.75,0.7,0.7,0.7,0.75
773,,0.65,0.65,0.65,0.7,0.65,0.65,0.65,0.7
774,,0.6,0.6,0.6,0.65,0.6,0.6,0.6,0.65
775,,0.55,0.55,0.55,0.6,0.55,0.55,0.55,0.6
776,,0.5,0.5,0.5,0.55,0.5,0.5,0.5,0.55
777,,0.45,0.45,0.45,0.5,0.45,0.45,0.45,0.5
778,,0.4,0.4,0.4,0.45,0.4,0.4,0.4,0.45
779,,0.35,0.35,0.35,0.4,0.35,0.35,0.35,0.4
780,,0.3,0.3,0.3,0.35,0.3,0.3,0.3,0.35
781,,0.25,0.25,0.25,0.3,0.25,0.25,0.25,0.3
782,,0.2,0.2,0.2,0.25,0.2,0.2,0.2,0.25
783,,0.15,0.15,0.15,0.2,0.15,0.15,0.15,0.2
784,,0.1,0.1,0.1,0.15,0.1,0.1,0.1,0.15
785,,0.05,0.05,0.05,0.1,0.05,0.05,0.05,0.1
786,,0.0,0.0,0.0,0.05,0.0,0.0,0.0,0.05
787,,-0.05,-0.05,-0.05,0.0,-0.05,-0.05,-0.05,0.0
788,5,0.2,0.229,0.3,0.421,0.95,0.371,0.3,0.279
789,5,0.45,0.508,0.65,0.842,1.0,0.792,0.65,0.558
790,,0.4,0.458,0.6,0.792,0.95,0.742,0.6,0.508
791,,0.35,0.408,0.55,0.742,0.9,0.692,0.55,0.458
792,,0.3,0.358,0.5,0.692,0.85,0.642,0.5,0.408
793,,0.25,0.308,0.45,0.642,0.8,0.592,0.45,0.358
794,,0.2,0.258,0.4,0.592,0.75,0.542,0.4,0.308
795,,0.15,0.208,0.35,0.542,0.7,0.492,0.35,0.258
796,,0.1,0.158,0.3,0.492,0.65,0.442,0.3,0.208
797,,0.05,0.108,0.25,0.442,0.6,0.392,0.25,0.158
798,,0.0,0.058,0.2,0.392,0.55,0.342,0.2,0.108
799,,-0.05,0.008,0.15,0.342,0.5,0.292,0.15,0.058
800,1,0.95,0.429,0.5,0.621,0.75,0.571,0.5,0.479
801,1,1.0,0.85,0.85,0.9,1.0,0.85,0.85,0.9
802,,0.95,0.8,0.8,0.85,0.95,0.8,0.8,0.85
803,,0.9,0.75,0.75,0.8,0.9,0.75,0.75,0.8
804,,0.85,0.7,0.7,0.75,0.85,0.7,0.7,0.75
805,,0.8,0.65,0.65,0.7,0.8,0.65,0.65,0.7
806,,0.75,0.6,0.6,0.65,0.75,0.6,0.6,0.65
807,,0.7,0.55,0.55,0.6,0.7,0.55,0.55,0.6
808,,0.65,0.5,0.5,0.55,0.65,0.5,0.5,0.55
809,,0.6,0.45,0.45,0.5,0.6,0.45,0.45,0.5
810,,0.55,0.4,0.4,0.45,0.55,0.4,0.4,0.45
811,,0.5,0.35,0.35,0.4,0.5,0.35,0.35,0.4
812,,0.45,0.3,0.3,0.35,0.45,0.3,0.3,0.35
813,,0.4,0.25,0.25,0.3,0.4,0.25,0.25,0.3
814,,0.35,0.2,0.2,0.25,0.35,0.2,0.2,0.25
815,,0.3,0.15,0.15,0.2,0.3,0.15,0.15,0.2
816,,0.25,0.1,0.1,0.15,0.25,0.1,0.1,0.15
817,,0.2,0.05,0.05,0.1,0.2,0.05,0.05,0.1
818,,0.15,0.0,0.0,0.05,0.15,0.0,0.0,0.05
819,,0.1,-0.05,-0.05,0.0,0.1,-0.05,-0.05,0.0
820,2,0.521,0.95,0.371,0.35,0.379,0.2,0.229,0.35
821,2,0.942,1.0,0.792,0.7,0.658,0.45,0.508,0.7
822,,0.892,0.95,0.742,0.65,0.608,0.4,0.458,0.65
823,,0.842,0.9,0.692,0.6,0.558,0.35,0.408,0.6
824,,0.792,0.85,0.642,0.55,0.508,0.3,0.358,0.55
825,,0.742,0.8,0.592,0.5,0.458,0.25,0.308,0.5
826,,0.692,0.75,0.542,0.45,0.408,0.2,0.258,0.45
827,,0.642,0.7,0.492,0.4,0.358,0.15,0.208,0.4
828,,0.592,0.65,0.442,0.35,0.308,0.1,0.158,0.35
829,,0.542,0.6,0.392,0.3,0.258,0.05,0.108,0.3
830,,0.492,0.55,0.342,0.25,0.208,0.0,0.058,0.25
831,,0.442,0.5,0.292,0.2,0.158,-0.05,0.008,0.2
832,6,0.721,0.75,0.571,0.55,0.579,0.95,0.429,0.55
833,6,1.0,1.0,0.85,0.9,1.0,1.0,0.85,0.9
834,,0.95,0.95,0.8,0.85,0.95,0.95,0.8,0.85
835,,0.9,0.9,0.75,0.8,0.9,0.9,0.75,0.8
836,,0.85,0.85,0.7,0.75,0.85,0.85,0.7,0.75
837,,0.8,0.8,0.65,0.7,0.8,0.8,0.65,0.7
838,,0.75,0.75,0.6,0.65,0.75,0.75,0.6,0.65
839,,0.7,0.7,0.55,0.6,0.7,0.7,0.55,0.6
840,,0.65,0.65,0.5,0.55,0.65,0.65,0.5,0.55
841,,0.6,0.6,0.45,0.5,0.6,0.6,0.45,0.5
842,,0.55,0.55,0.4,0.45,0.55,0.55,0.4,0.45
843,,0.5,0.5,0.35,0.4,0.5,0.5,0.35,0.4
844,,0.45,0.45,0.3,0.35,0.45,0.45,0.3,0.35
845,,0.4,0.4,0.25,0.3,0.4,0.4,0.25,0.3
846,,0.35,0.35,0.2,0.25,0.35,0.35,0.2,0.25
847,,0.3,0.3,0.15,0.2,0.3,0.3,0.15,0.2
848,,0.25,0.25,0.1,0.15,0.25,0.25,0.1,0.15
849,,0.2,0.2,0.05,0.1,0.2,0.2,0.05,0.1
850,,0.15,0.15,0.0,0.05,0.15,0.15,0.0,0.05
851,,0.1,0.1,-0.05,0.0,0.1,0.1,-0.05,0.0
852,7,0.45,0.379,0.2,0.279,0.45,0.521,0.95,0.421
853,7,0.8,0.658,0.45,0.558,0.8,0.942,1.0,0.842
854,,0.75,0.608,0.4,0.508,0.75,0.892,0.95,0.792
855,,0.7,0.558,0.35,0.458,0.7,0.842,0.9,0.742
856,,0.65,0.508,0.3,0.408,0.65,0.792,0.85,0.692
857,,0.6,0.458,0.25,0.358,0.6,0.742,0.8,0.642
858,,0.55,0.408,0.2,0.308,0.55,0.692,0.75,0.592
859,,0.5,0.358,0.15,0.258,0.5,0.642,0.7,0.542
860,,0.45,0.308,0.1,0.208,0.45,0.592,0.65,0.492
861,,0.4,0.258,0.05,0.158,0.4,0.542,0.6,0.442
862,,0.35,0.208,0.0,0.108,0.35,0.492,0.55,0.392
863,,0.3,0.158,-0.05,0.058,0.3,0.442,0.5,0.342
864,3,0.65,0.579,0.95,0.479,0.65,0.721,0.75,0.621
865,3,1.0,1.0,1.0,0.9,1.0,1.0,1.0,0.9
866,,0.95,0.95,0.95,0.85,0.95,0.95,0.95,0.85
867,,0.9,0.9,0.9,0.8,0.9,0.9,0.9,0.8
868,,0.85,0.85,0.85,0.75,0.85,0.85,0.85,0.75
869,,0.8,0.8,0.8,0.7,0.8,0.8,0.8,0.7
870,,0.75,0.75,0.75,0.65,0.75,0.75,0.75,0.65
871,,0.7,0.7,0.7,0.6,0.7,0.7,0.7,0.6
872,,0.65,0.65,0.65,0.55,0.65,0.65,0.65,0.55
873,,0.6,0.6,0.6,0.5,0.6,0.6,0.6,0.5
874,,0.55,0.55,0.55,0.45,0.55,0.55,0.55,0.45
875,,0.5,0.5,0.5,0.4,0.5,0.5,0.5,0.4
876,,0.45,0.45,0.45,0.35,0.45,0.45,0.45,0.35
877,,0.4,0.4,0.4,0.3,0.4,0.4,0.4,0.3
878,,0.35,0.35,0.35,0.25,0.35,0.35,0.35,0.25
879,,0.3,0.3,0.3,0.2,0.3,0.3,0.3,0.2
880,,0.25,0.25,0.25,0.15,0.25,0.25,0.25,0.15
881,,0.2,0.2,0.2,0.1,0.2,0.2,0.2,0.1
882,,0.15,0.15,0.15,0.05,0.15,0.15,0.15,0.05
