step,active_motive,motive_1,motive_2,motive_3,motive_4,motive_5,motive_6,motive_7,motive_8
0,,0.08671,0.09132,0.05113,0.05015,0.07983,0.065,0.0702,0.07958
1,,0.03671,0.04132,0.00113,0.00015,0.02983,0.015,0.0202,0.02958
2,,-0.01329,-0.00868,-0.04887,-0.04985,-0.02017,-0.035,-0.0298,-0.02042
3,4,0.26571,0.34132,0.37213,0.95015,0.40083,0.315,0.2492,0.22958
4,4,0.54471,0.69132,0.79313,1.0,0.82183,0.665,0.5282,0.47958
5,,0.49471,0.64132,0.74313,0.95,0.77183,0.615,0.4782,0.42958
6,,0.44471,0.59132,0.69313,0.9,0.72183,0.565,0.4282,0.37958
7,,0.39471,0.54132,0.64313,0.85,0.67183,0.515,0.3782,0.32958
8,,0.34471,0.49132,0.59313,0.8,0.62183,0.465,0.3282,0.27958
9,,0.29471,0.44132,0.54313,0.75,0.57183,0.415,0.2782,0.22958
10,,0.24471,0.39132,0.49313,0.7,0.52183,0.365,0.2282,0.17958
11,,0.19471,0.34132,0.44313,0.65,0.47183,0.315,0.1782,0.12958
12,,0.14471,0.29132,0.39313,0.6,0.42183,0.265,0.1282,0.07958
13,,0.09471,0.24132,0.34313,0.55,0.37183,0.215,0.0782,0.02958
14,,0.04471,0.19132,0.29313,0.5,0.32183,0.165,0.0282,-0.02042
15,8,0.46571,0.54132,0.57213,0.75,0.60083,0.515,0.4492,0.97958
16,8,0.88671,0.89132,0.85113,1.0,0.87983,0.865,0.8702,1.0
17,,0.83671,0.84132,0.80113,0.95,0.82983,0.815,0.8202,0.95
18,,0.78671,0.79132,0.75113,0.9,0.77983,0.765,0.7702,0.9
19,,0.73671,0.74132,0.70113,0.85,0.72983,0.715,0.7202,0.85
20,,0.68671,0.69132,0.65113,0.8,0.67983,0.665,0.6702,0.8
21,,0.63671,0.64132,0.60113,0.75,0.62983,0.615,0.6202,0.75
22,,0.58671,0.59132,0.55113,0.7,0.57983,0.565,0.5702,0.7
23,,0.53671,0.54132,0.50113,0.65,0.52983,0.515,0.5202,0.65
24,,0.48671,0.49132,0.45113,0.6,0.47983,0.465,0.4702,0.6
25,,0.43671,0.44132,0.40113,0.55,0.42983,0.415,0.4202,0.55
26,,0.38671,0.39132,0.35113,0.5,0.37983,0.365,0.3702,0.5
27,,0.33671,0.34132,0.30113,0.45,0.32983,0.315,0.3202,0.45
28,,0.28671,0.29132,0.25113,0.4,0.27983,0.265,0.2702,0.4
29,,0.23671,0.24132,0.20113,0.35,0.22983,0.215,0.2202,0.35
30,,0.18671,0.19132,0.15113,0.3,0.17983,0.165,0.1702,0.3
31,,0.13671,0.14132,0.10113,0.25,0.12983,0.115,0.1202,0.25
32,,0.08671,0.09132,0.05113,0.2,0.07983,0.065,0.0702,0.2
33,,0.03671,0.04132,0.00113,0.15,0.02983,0.015,0.0202,0.15
34,,-0.01329,-0.00868,-0.04887,0.1,-0.02017,-0.035,-0.0298,0.1
35,3,0.33671,0.41232,0.95113,0.521,0.32983,0.244,0.2202,0.379
36,3,0.68671,0.83332,1.0,0.942,0.67983,0.523,0.4702,0.658
37,,0.63671,0.78332,0.95,0.892,0.62983,0.473,0.4202,0.608
38,,0.58671,0.73332,0.9,0.842,0.57983,0.423,0.3702,0.558
39,,0.53671,0.68332,0.85,0.792,0.52983,0.373,0.3202,0.508
40,,0.48671,0.63332,0.8,0.742,0.47983,0.323,0.2702,0.458
41,,0.43671,0.58332,0.75,0.692,0.42983,0.273,0.2202,0.408
42,,0.38671,0.53332,0.7,0.642,0.37983,0.223,0.1702,0.358
43,,0.33671,0.48332,0.65,0.592,0.32983,0.173,0.1202,0.308
44,,0.28671,0.43332,0.6,0.542,0.27983,0.123,0.0702,0.258
45,,0.23671,0.38332,0.55,0.492,0.22983,0.073,0.0202,0.208
46,,0.18671,0.33332,0.5,0.442,0.17983,0.023,-0.0298,0.158
47,7,0.53671,0.61232,0.75,0.721,0.52983,0.444,0.9702,0.579
48,7,0.88671,0.89132,1.0,1.0,0.87983,0.865,1.0,1.0
49,,0.83671,0.84132,0.95,0.95,0.82983,0.815,0.95,0.95
50,,0.78671,0.79132,0.9,0.9,0.77983,0.765,0.9,0.9
51,,0.73671,0.74132,0.85,0.85,0.72983,0.715,0.85,0.85
52,,0.68671,0.69132,0.8,0.8,0.67983,0.665,0.8,0.8
53,,0.63671,0.64132,0.75,0.75,0.62983,0.615,0.75,0.75
54,,0.58671,0.59132,0.7,0.7,0.57983,0.565,0.7,0.7
55,,0.53671,0.54132,0.65,0.65,0.52983,0.515,0.65,0.65
56,,0.48671,0.49132,0.6,0.6,0.47983,0.465,0.6,0.6
57,,0.43671,0.44132,0.55,0.55,0.42983,0.415,0.55,0.55
58,,0.38671,0.39132,0.5,0.5,0.37983,0.365,0.5,0.5
59,,0.33671,0.34132,0.45,0.45,0.32983,0.315,0.45,0.45
60,,0.28671,0.29132,0.4,0.4,0.27983,0.265,0.4,0.4
61,,0.23671,0.24132,0.35,0.35,0.22983,0.215,0.35,0.35
62,,0.18671,0.19132,0.3,0.3,0.17983,0.165,0.3,0.3
63,,0.13671,0.14132,0.25,0.25,0.12983,0.115,0.25,0.25
64,,0.08671,0.09132,0.2,0.2,0.07983,0.065,0.2,0.2
65,,0.03671,0.04132,0.15,0.15,0.02983,0.015,0.15,0.15
66,,-0.01329,-0.00868,0.1,0.1,-0.02017,-0.035,0.1,0.1
67,6,0.26571,0.24132,0.379,0.45,0.40083,0.965,0.521,0.45
68,6,0.54471,0.49132,0.658,0.8,0.82183,1.0,0.942,0.8
69,,0.49471,0.44132,0.608,0.75,0.77183,0.95,0.892,0.75
70,,0.44471,0.39132,0.558,0.7,0.72183,0.9,0.842,0.7
71,,0.39471,0.34132,0.508,0.65,0.67183,0.85,0.792,0.65
72,,0.34471,0.29132,0.458,0.6,0.62183,0.8,0.742,0.6
73,,0.29471,0.24132,0.408,0.55,0.57183,0.75,0.692,0.55
74,,0.24471,0.19132,0.358,0.5,0.52183,0.7,0.642,0.5
75,,0.19471,0.14132,0.308,0.45,0.47183,0.65,0.592,0.45
76,,0.14471,0.09132,0.258,0.4,0.42183,0.6,0.542,0.4
77,,0.09471,0.04132,0.208,0.35,0.37183,0.55,0.492,0.35
78,,0.04471,-0.00868,0.158,0.3,0.32183,0.5,0.442,0.3
79,2,0.46571,0.99132,0.579,0.65,0.60083,0.75,0.721,0.65
80,2,0.88671,1.0,1.0,1.0,0.87983,1.0,1.0,1.0
81,,0.83671,0.95,0.95,0.95,0.82983,0.95,0.95,0.95
82,,0.78671,0.9,0.9,0.9,0.77983,0.9,0.9,0.9
83,,0.73671,0.85,0.85,0.85,0.72983,0.85,0.85,0.85
84,,0.68671,0.8,0.8,0.8,0.67983,0.8,0.8,0.8
85,,0.63671,0.75,0.75,0.75,0.62983,0.75,0.75,0.75
86,,0.58671,0.7,0.7,0.7,0.57983,0.7,0.7,0.7
87,,0.53671,0.65,0.65,0.65,0.52983,0.65,0.65,0.65
88,,0.48671,0.6,0.6,0.6,0.47983,0.6,0.6,0.6
89,,0.43671,0.55,0.55,0.55,0.42983,0.55,0.55,0.55
90,,0.38671,0.5,0.5,0.5,0.37983,0.5,0.5,0.5
91,,0.33671,0.45,0.45,0.45,0.32983,0.45,0.45,0.45
92,,0.28671,0.4,0.4,0.4,0.27983,0.4,0.4,0.4
93,,0.23671,0.35,0.35,0.35,0.22983,0.35,0.35,0.35
94,,0.18671,0.3,0.3,0.3,0.17983,0.3,0.3,0.3
95,,0.13671,0.25,0.25,0.25,0.12983,0.25,0.25,0.25
96,,0.08671,0.2,0.2,0.2,0.07983,0.2,0.2,0.2
97,,0.03671,0.15,0.15,0.15,0.02983,0.15,0.15,0.15
98,,-0.01329,0.1,0.1,0.1,-0.02017,0.1,0.1,0.1
99,5,0.23671,0.379,0.45,0.521,0.97983,0.521,0.45,0.379
100,5,0.48671,0.658,0.8,0.942,1.0,0.942,0.8,0.658
101,,0.43671,0.608,0.75,0.892,0.95,0.892,0.75,0.608
102,,0.38671,0.558,0.7,0.842,0.9,0.842,0.7,0.558
103,,0.33671,0.508,0.65,0.792,0.85,0.792,0.65,0.508
104,,0.28671,0.458,0.6,0.742,0.8,0.742,0.6,0.458
105,,0.23671,0.408,0.55,0.692,0.75,0.692,0.55,0.408
106,,0.18671,0.358,0.5,0.642,0.7,0.642,0.5,0.358
107,,0.13671,0.308,0.45,0.592,0.65,0.592,0.45,0.308
108,,0.08671,0.258,0.4,0.542,0.6,0.542,0.4,0.258
109,,0.03671,0.208,0.35,0.492,0.55,0.492,0.35,0.208
110,,-0.01329,0.158,0.3,0.442,0.5,0.442,0.3,0.158
111,1,0.98671,0.579,0.65,0.721,0.75,0.721,0.65,0.579
112,1,1.0,1.0,1.0,1.0,1.0,1.0,1.0,1.0
113,,0.95,0.95,0.95,0.95,0.95,0.95,0.95,0.95
114,,0.9,0.9,0.9,0.9,0.9,0.9,0.9,0.9
115,,0.85,0.85,0.85,0.85,0.85,0.85,0.85,0.85
116,,0.8,0.8,0.8,0.8,0.8,0.8,0.8,0.8
117,,0.75,0.75,0.75,0.75,0.75,0.75,0.75,0.75
118,,0.7,0.7,0.7,0.7,0.7,0.7,0.7,0.7
119,,0.65,0.65,0.65,0.65,0.65,0.65,0.65,0.65
120,,0.6,0.6,0.6,0.6,0.6,0.6,0.6,0.6
121,,0.55,0.55,0.55,0.55,0.55,0.55,0.55,0.55
122,,0.5,0.5,0.5,0.5,0.5,0.5,0.5,0.5
123,,0.45,0.45,0.45,0.45,0.45,0.45,0.45,0.45
124,,0.4,0.4,0.4,0.4,0.4,0.4,0.4,0.4
125,,0.35,0.35,0.35,0.35,0.35,0.35,0.35,0.35
126,,0.3,0.3,0.3,0.3,0.3,0.3,0.3,0.3
127,,0.25,0.25,0.25,0.25,0.25,0.25,0.25,0.25
128,,0.2,0.2,0.2,0.2,0.2,0.2,0.2,0.2
129,,0.15,0.15,0.15,0.15,0.15,0.15,0.15,0.15
130,,0.1,0.1,0.1,0.1,0.1,0.1,0.1,0.1
131,,0.05,0.05,0.05,0.05,0.05,0.05,0.05,0.05
132,,0.0,0.0,0.0,0.0,0.0,0.0,0.0,0.0
133,,-0.05,-0.05,-0.05,-0.05,-0.05,-0.05,-0.05,-0.05
134,4,0.229,0.3,0.371,0.95,0.371,0.3,0.229,0.2
135,4,0.508,0.65,0.792,1.0,0.792,0.65,0.508,0.45
136,,0.458,0.6,0.742,0.95,0.742,0.6,0.458,0.4
137,,0.408,0.55,0.692,0.9,0.692,0.55,0.408,0.35
138,,0.358,0.5,0.642,0.85,0.642,0.5,0.358,0.3
139,,0.308,0.45,0.592,0.8,0.592,0.45,0.308,0.25
140,,0.258,0.4,0.542,0.75,0.542,0.4,0.258,0.2
141,,0.208,0.35,0.492,0.7,0.492,0.35,0.208,0.15
142,,0.158,0.3,0.442,0.65,0.442,0.3,0.158,0.1
143,,0.108,0.25,0.392,0.6,0.392,0.25,0.108,0.05
144,,0.058,0.2,0.342,0.55,0.342,0.2,0.058,0.0
145,,0.008,0.15,0.292,0.5,0.292,0.15,0.008,-0.05
146,8,0.429,0.5,0.571,0.75,0.571,0.5,0.429,0.95
147,8,0.85,0.85,0.85,1.0,0.85,0.85,0.85,1.0
148,,0.8,0.8,0.8,0.95,0.8,0.8,0.8,0.95
149,,0.75,0.75,0.75,0.9,0.75,0.75,0.75,0.9
150,,0.7,0.7,0.7,0.85,0.7,0.7,0.7,0.85
151,,0.65,0.65,0.65,0.8,0.65,0.65,0.65,0.8
152,,0.6,0.6,0.6,0.75,0.6,0.6,0.6,0.75
153,,0.55,0.55,0.55,0.7,0.55,0.55,0.55,0.7
154,,0.5,0.5,0.5,0.65,0.5,0.5,0.5,0.65
155,,0.45,0.45,0.45,0.6,0.45,0.45,0.45,0.6
156,,0.4,0.4,0.4,0.55,0.4,0.4,0.4,0.55
157,,0.35,0.35,0.35,0.5,0.35,0.35,0.35,0.5
158,,0.3,0.3,0.3,0.45,0.3,0.3,0.3,0.45
159,,0.25,0.25,0.25,0.4,0.25,0.25,0.25,0.4
160,,0.2,0.2,0.2,0.35,0.2,0.2,0.2,0.35
161,,0.15,0.15,0.15,0.3,0.15,0.15,0.15,0.3
162,,0.1,0.1,0.1,0.25,0.1,0.1,0.1,0.25
163,,0.05,0.05,0.05,0.2,0.05,0.05,0.05,0.2
164,,0.0,0.0,0.0,0.15,0.0,0.0,0.0,0.15
165,,-0.05,-0.05,-0.05,0.1,-0.05,-0.05,-0.05,0.1
166,3,0.3,0.371,0.95,0.521,0.3,0.229,0.2,0.379
167,3,0.65,0.792,1.0,0.942,0.65,0.508,0.45,0.658
168,,0.6,0.742,0.95,0.892,0.6,0.458,0.4,0.608
169,,0.55,0.692,0.9,0.842,0.55,0.408,0.35,0.558
170,,0.5,0.642,0.85,0.792,0.5,0.358,0.3,0.508
171,,0.45,0.592,0.8,0.742,0.45,0.308,0.25,0.458
172,,0.4,0.542,0.75,0.692,0.4,0.258,0.2,0.408
173,,0.35,0.492,0.7,0.642,0.35,0.208,0.15,0.358
174,,0.3,0.442,0.65,0.592,0.3,0.158,0.1,0.308
175,,0.25,0.392,0.6,0.542,0.25,0.108,0.05,0.258
176,,0.2,0.342,0.55,0.492,0.2,0.058,0.0,0.208
177,,0.15,0.292,0.5,0.442,0.15,0.008,-0.05,0.158
178,7,0.5,0.571,0.75,0.721,0.5,0.429,0.95,0.579
179,7,0.85,0.85,1.0,1.0,0.85,0.85,1.0,1.0
180,,0.8,0.8,0.95,0.95,0.8,0.8,0.95,0.95
181,,0.75,0.75,0.9,0.9,0.75,0.75,0.9,0.9
182,,0.7,0.7,0.85,0.85,0.7,0.7,0.85,0.85
183,,0.65,0.65,0.8,0.8,0.65,0.65,0.8,0.8
184,,0.6,0.6,0.75,0.75,0.6,0.6,0.75,0.75
185,,0.55,0.55,0.7,0.7,0.55,0.55,0.7,0.7
186,,0.5,0.5,0.65,0.65,0.5,0.5,0.65,0.65
187,,0.45,0.45,0.6,0.6,0.45,0.45,0.6,0.6
188,,0.4,0.4,0.55,0.55,0.4,0.4,0.55,0.55
189,,0.35,0.35,0.5,0.5,0.35,0.35,0.5,0.5
190,,0.3,0.3,0.45,0.45,0.3,0.3,0.45,0.45
191,,0.25,0.25,0.4,0.4,0.25,0.25,0.4,0.4
192,,0.2,0.2,0.35,0.35,0.2,0.2,0.35,0.35
193,,0.15,0.15,0.3,0.3,0.15,0.15,0.3,0.3
194,,0.1,0.1,0.25,0.25,0.1,0.1,0.25,0.25
195,,0.05,0.05,0.2,0.2,0.05,0.05,0.2,0.2
196,,0.0,0.0,0.15,0.15,0.0,0.0,0.15,0.15
197,,-0.05,-0.05,0.1,0.1,-0.05,-0.05,0.1,0.1
198,5,0.2,0.229,0.45,0.521,0.95,0.371,0.45,0.379
199,5,0.45,0.508,0.8,0.942,1.0,0.792,0.8,0.658
200,,0.4,0.458,0.75,0.892,0.95,0.742,0.75,0.608
201,,0.35,0.408,0.7,0.842,0.9,0.692,0.7,0.558
202,,0.3,0.358,0.65,0.792,0.85,0.642,0.65,0.508
203,,0.25,0.308,0.6,0.742,0.8,0.592,0.6,0.458
204,,0.2,0.258,0.55,0.692,0.75,0.542,0.55,0.408
205,,0.15,0.208,0.5,0.642,0.7,0.492,0.5,0.358
206,,0.1,0.158,0.45,0.592,0.65,0.442,0.45,0.308
207,,0.05,0.108,0.4,0.542,0.6,0.392,0.4,0.258
208,,0.0,0.058,0.35,0.492,0.55,0.342,0.35,0.208
209,,-0.05,0.008,0.3,0.442,0.5,0.292,0.3,0.158
210,1,0.95,0.429,0.65,0.721,0.75,0.571,0.65,0.579
211,1,1.0,0.85,1.0,1.0,1.0,0.85,1.0,1.0
212,,0.95,0.8,0.95,0.95,0.95,0.8,0.95,0.95
213,,0.9,0.75,0.9,0.9,0.9,0.75,0.9,0.9
214,,0.85,0.7,0.85,0.85,0.85,0.7,0.85,0.85
215,,0.8,0.65,0.8,0.8,0.8,0.65,0.8,0.8
216,,0.75,0.6,0.75,0.75,0.75,0.6,0.75,0.75
217,,0.7,0.55,0.7,0.7,0.7,0.55,0.7,0.7
218,,0.65,0.5,0.65,0.65,0.65,0.5,0.65,0.65
219,,0.6,0.45,0.6,0.6,0.6,0.45,0.6,0.6
220,,0.55,0.4,0.55,0.55,0.55,0.4,0.55,0.55
221,,0.5,0.35,0.5,0.5,0.5,0.35,0.5,0.5
222,,0.45,0.3,0.45,0.45,0.45,0.3,0.45,0.45
223,,0.4,0.25,0.4,0.4,0.4,0.25,0.4,0.4
224,,0.35,0.2,0.35,0.35,0.35,0.2,0.35,0.35
225,,0.3,0.15,0.3,0.3,0.3,0.15,0.3,0.3
226,,0.25,0.1,0.25,0.25,0.25,0.1,0.25,0.25
227,,0.2,0.05,0.2,0.2,0.2,0.05,0.2,0.2
228,,0.15,0.0,0.15,0.15,0.15,0.0,0.15,0.15
229,,0.1,-0.05,0.1,0.1,0.1,-0.05,0.1,0.1
230,2,0.521,0.95,0.521,0.45,0.379,0.2,0.379,0.45
231,2,0.942,1.0,0.942,0.8,0.658,0.45,0.658,0.8
232,,0.892,0.95,0.892,0.75,0.608,0.4,0.608,0.75
233,,0.842,0.9,0.842,0.7,0.558,0.35,0.558,0.7
234,,0.792,0.85,0.792,0.65,0.508,0.3,0.508,0.65
235,,0.742,0.8,0.742,0.6,0.458,0.25,0.458,0.6
236,,0.692,0.75,0.692,0.55,0.408,0.2,0.408,0.55
237,,0.642,0.7,0.642,0.5,0.358,0.15,0.358,0.5
238,,0.592,0.65,0.592,0.45,0.308,0.1,0.308,0.45
239,,0.542,0.6,0.542,0.4,0.258,0.05,0.258,0.4
240,,0.492,0.55,0.492,0.35,0.208,0.0,0.208,0.35
241,,0.442,0.5,0.442,0.3,0.158,-0.05,0.158,0.3
242,6,0.721,0.75,0.721,0.65,0.579,0.95,0.579,0.65
243,6,1.0,1.0,1.0,1.0,1.0,1.0,1.0,1.0
244,,0.95,0.95,0.95,0.95,0.95,0.95,0.95,0.95
245,,0.9,0.9,0.9,0.9,0.9,0.9,0.9,0.9
246,,0.85,0.85,0.85,0.85,0.85,0.85,0.85,0.85
247,,0.8,0.8,0.8,0.8,0.8,0.8,0.8,0.8
248,,0.75,0.75,0.75,0.75,0.75,0.75,0.75,0.75
249,,0.7,0.7,0.7,0.7,0.7,0.7,0.7,0.7
250,,0.65,0.65,0.65,0.65,0.65,0.65,0.65,0.65
251,,0.6,0.6,0.6,0.6,0.6,0.6,0.6,0.6
252,,0.55,0.55,0.55,0.55,0.55,0.55,0.55,0.55
253,,0.5,0.5,0.5,0.5,0.5,0.5,0.5,0.5
254,,0.45,0.45,0.45,0.45,0.45,0.45,0.45,0.45
255,,0.4,0.4,0.4,0.4,0.4,0.4,0.4,0.4
256,,0.35,0.35,0.35,0.35,0.35,0.35,0.35,0.35
257,,0.3,0.3,0.3,0.3,0.3,0.3,0.3,0.3
258,,0.25,0.25,0.25,0.25,0.25,0.25,0.25,0.25
259,,0.2,0.2,0.2,0.2,0.2,0.2,0.2,0.2
260,,0.15,0.15,0.15,0.15,0.15,0.15,0.15,0.15
261,,0.1,0.1,0.1,0.1,0.1,0.1,0.1,0.1
262,,0.05,0.05,0.05,0.05,0.05,0.05,0.05,0.05
263,,0.0,0.0,0.0,0.0,0.0,0.0,0.0,0.0
264,,-0.05,-0.05,-0.05,-0.05,-0.05,-0.05,-0.05,-0.05
265,4,0.229,0.3,0.371,0.95,0.371,0.3,0.229,0.2
266,4,0.508,0.65,0.792,1.0,0.792,0.65,0.508,0.45
267,,0.458,0.6,0.742,0.95,0.742,0.6,0.458,0.4
268,,0.408,0.55,0.692,0.9,0.692,0.55,0.408,0.35
269,,0.358,0.5,0.642,0.85,0.642,0.5,0.358,0.3
270,,0.308,0.45,0.592,0.8,0.592,0.45,0.308,0.25
271,,0.258,0.4,0.542,0.75,0.542,0.4,0.258,0.2
272,,0.208,0.35,0.492,0.7,0.492,0.35,0.208,0.15
273,,0.158,0.3,0.442,0.65,0.442,0.3,0.158,0.1
274,,0.108,0.25,0.392,0.6,0.392,0.25,0.108,0.05
275,,0.058,0.2,0.342,0.55,0.342,0.2,0.058,0.0
276,,0.008,0.15,0.292,0.5,0.292,0.15,0.008,-0.05
277,8,0.429,0.5,0.571,0.75,0.571,0.5,0.429,0.95
278,8,0.85,0.85,0.85,1.0,0.85,0.85,0.85,1.0
279,,0.8,0.8,0.8,0.95,0.8,0.8,0.8,0.95
280,,0.75,0.75,0.75,0.9,0.75,0.75,0.75,0.9
281,,0.7,0.7,0.7,0.85,0.7,0.7,0.7,0.85
282,,0.65,0.65,0.65,0.8,0.65,0.65,0.65,0.8
283,,0.6,0.6,0.6,0.75,0.6,0.6,0.6,0.75
284,,0.55,0.55,0.55,0.7,0.55,0.55,0.55,0.7
285,,0.5,0.5,0.5,0.65,0.5,0.5,0.5,0.65
286,,0.45,0.45,0.45,0.6,0.45,0.45,0.45,0.6
287,,0.4,0.4,0.4,0.55,0.4,0.4,0.4,0.55
288,,0.35,0.35,0.35,0.5,0.35,0.35,0.35,0.5
289,,0.3,0.3,0.3,0.45,0.3,0.3,0.3,0.45
290,,0.25,0.25,0.25,0.4,0.25,0.25,0.25,0.4
291,,0.2,0.2,0.2,0.35,0.2,0.2,0.2,0.35
292,,0.15,0.15,0.15,0.3,0.15,0.15,0.15,0.3
293,,0.1,0.1,0.1,0.25,0.1,0.1,0.1,0.25
294,,0.05,0.05,0.05,0.2,0.05,0.05,0.05,0.2
295,,0.0,0.0,0.0,0.15,0.0,0.0,0.0,0.15
296,,-0.05,-0.05,-0.05,0.1,-0.05,-0.05,-0.05,0.1
297,2,0.371,0.95,0.371,0.45,0.229,0.2,0.229,0.45
298,2,0.792,1.0,0.792,0.8,0.508,0.45,0.508,0.8
299,,0.742,0.95,0.742,0.75,0.458,0.4,0.458,0.75
300,,0.692,0.9,0.692,0.7,0.408,0.35,0.408,0.7
301,,0.642,0.85,0.642,0.65,0.358,0.3,0.358,0.65
302,,0.592,0.8,0.592,0.6,0.308,0.25,0.308,0.6
303,,0.542,0.75,0.542,0.55,0.258,0.2,0.258,0.55
304,,0.492,0.7,0.492,0.5,0.208,0.15,0.208,0.5
305,,0.442,0.65,0.442,0.45,0.158,0.1,0.158,0.45
306,,0.392,0.6,0.392,0.4,0.108,0.05,0.108,0.4
307,,0.342,0.55,0.342,0.35,0.058,0.0,0.058,0.35
308,,0.292,0.5,0.292,0.3,0.008,-0.05,0.008,0.3
309,6,0.571,0.75,0.571,0.65,0.429,0.95,0.429,0.65
310,6,0.85,1.0,0.85,1.0,0.85,1.0,0.85,1.0
311,,0.8,0.95,0.8,0.95,0.8,0.95,0.8,0.95
312,,0.75,0.9,0.75,0.9,0.75,0.9,0.75,0.9
313,,0.7,0.85,0.7,0.85,0.7,0.85,0.7,0.85
314,,0.65,0.8,0.65,0.8,0.65,0.8,0.65,0.8
315,,0.6,0.75,0.6,0.75,0.6,0.75,0.6,0.75
316,,0.55,0.7,0.55,0.7,0.55,0.7,0.55,0.7
317,,0.5,0.65,0.5,0.65,0.5,0.65,0.5,0.65
318,,0.45,0.6,0.45,0.6,0.45,0.6,0.45,0.6
319,,0.4,0.55,0.4,0.55,0.4,0.55,0.4,0.55
320,,0.35,0.5,0.35,0.5,0.35,0.5,0.35,0.5
321,,0.3,0.45,0.3,0.45,0.3,0.45,0.3,0.45
322,,0.25,0.4,0.25,0.4,0.25,0.4,0.25,0.4
323,,0.2,0.35,0.2,0.35,0.2,0.35,0.2,0.35
324,,0.15,0.3,0.15,0.3,0.15,0.3,0.15,0.3
325,,0.1,0.25,0.1,0.25,0.1,0.25,0.1,0.25
326,,0.05,0.2,0.05,0.2,0.05,0.2,0.05,0.2
327,,0.0,0.15,0.0,0.15,0.0,0.15,0.0,0.15
328,,-0.05,0.1,-0.05,0.1,-0.05,0.1,-0.05,0.1
329,3,0.3,0.521,0.95,0.521,0.3,0.379,0.2,0.379
330,3,0.65,0.942,1.0,0.942,0.65,0.658,0.45,0.658
331,,0.6,0.892,0.95,0.892,0.6,0.608,0.4,0.608
332,,0.55,0.842,0.9,0.842,0.55,0.558,0.35,0.558
333,,0.5,0.792,0.85,0.792,0.5,0.508,0.3,0.508
334,,0.45,0.742,0.8,0.742,0.45,0.458,0.25,0.458
335,,0.4,0.692,0.75,0.692,0.4,0.408,0.2,0.408
336,,0.35,0.642,0.7,0.642,0.35,0.358,0.15,0.358
337,,0.3,0.592,0.65,0.592,0.3,0.308,0.1,0.308
338,,0.25,0.542,0.6,0.542,0.25,0.258,0.05,0.258
339,,0.2,0.492,0.55,0.492,0.2,0.208,0.0,0.208
340,,0.15,0.442,0.5,0.442,0.15,0.158,-0.05,0.158
341,7,0.5,0.721,0.75,0.721,0.5,0.579,0.95,0.579
342,7,0.85,1.0,1.0,1.0,0.85,1.0,1.0,1.0
343,,0.8,0.95,0.95,0.95,0.8,0.95,0.95,0.95
344,,0.75,0.9,0.9,0.9,0.75,0.9,0.9,0.9
345,,0.7,0.85,0.85,0.85,0.7,0.85,0.85,0.85
346,,0.65,0.8,0.8,0.8,0.65,0.8,0.8,0.8
347,,0.6,0.75,0.75,0.75,0.6,0.75,0.75,0.75
348,,0.55,0.7,0.7,0.7,0.55,0.7,0.7,0.7
349,,0.5,0.65,0.65,0.65,0.5,0.65,0.65,0.65
350,,0.45,0.6,0.6,0.6,0.45,0.6,0.6,0.6
351,,0.4,0.55,0.55,0.55,0.4,0.55,0.55,0.55
352,,0.35,0.5,0.5,0.5,0.35,0.5,0.5,0.5
353,,0.3,0.45,0.45,0.45,0.3,0.45,0.45,0.45
354,,0.25,0.4,0.4,0.4,0.25,0.4,0.4,0.4
355,,0.2,0.35,0.35,0.35,0.2,0.35,0.35,0.35
356,,0.15,0.3,0.3,0.3,0.15,0.3,0.3,0.3
357,,0.1,0.25,0.25,0.25,0.1,0.25,0.25,0.25
358,,0.05,0.2,0.2,0.2,0.05,0.2,0.2,0.2
359,,0.0,0.15,0.15,0.15,0.0,0.15,0.15,0.15
360,,-0.05,0.1,0.1,0.1,-0.05,0.1,0.1,0.1
361,5,0.2,0.379,0.45,0.521,0.95,0.521,0.45,0.379
362,5,0.45,0.658,0.8,0.942,1.0,0.942,0.8,0.658
363,,0.4,0.608,0.75,0.892,0.95,0.892,0.75,0.608
364,,0.35,0.558,0.7,0.842,0.9,0.842,0.7,0.558
365,,0.3,0.508,0.65,0.792,0.85,0.792,0.65,0.508
366,,0.25,0.458,0.6,0.742,0.8,0.742,0.6,0.458
367,,0.2,0.408,0.55,0.692,0.75,0.692,0.55,0.408
368,,0.15,0.358,0.5,0.642,0.7,0.642,0.5,0.358
369,,0.1,0.308,0.45,0.592,0.65,0.592,0.45,0.308
370,,0.05,0.258,0.4,0.542,0.6,0.542,0.4,0.258
371,,0.0,0.208,0.35,0.492,0.55,0.492,0.35,0.208
372,,-0.05,0.158,0.3,0.442,0.5,0.442,0.3,0.158
373,1,0.95,0.579,0.65,0.721,0.75,0.721,0.65,0.579
374,1,1.0,1.0,1.0,1.0,1.0,1.0,1.0,1.0
375,,0.95,0.95,0.95,0.95,0.95,0.95,0.95,0.95
376,,0.9,0.9,0.9,0.9,0.9,0.9,0.9,0.9
377,,0.85,0.85,0.85,0.85,0.85,0.85,0.85,0.85
378,,0.8,0.8,0.8,0.8,0.8,0.8,0.8,0.8
379,,0.75,0.75,0.75,0.75,0.75,0.75,0.75,0.75
380,,0.7,0.7,0.7,0.7,0.7,0.7,0.7,0.7
381,,0.65,0.65,0.65,0.65,0.65,0.65,0.65,0.65
382,,0.6,0.6,0.6,0.6,0.6,0.6,0.6,0.6
383,,0.55,0.55,0.55,0.55,0.55,0.55,0.55,0.55
384,,0.5,0.5,0.5,0.5,0.5,0.5,0.5,0.5
385,,0.45,0.45,0.45,0.45,0.45,0.45,0.45,0.45
386,,0.4,0.4,0.4,0.4,0.4,0.4,0.4,0.4
387,,0.35,0.35,0.35,0.35,0.35,0.35,0.35,0.35
388,,0.3,0.3,0.3,0.3,0.3,0.3,0.3,0.3
389,,0.25,0.25,0.25,0.25,0.25,0.25,0.25,0.25
390,,0.2,0.2,0.2,0.2,0.2,0.2,0.2,0.2
391,,0.15,0.15,0.15,0.15,0.15,0.15,0.15,0.15
392,,0.1,0.1,0.1,0.1,0.1,0.1,0.1,0.1
393,,0.05,0.05,0.05,0.05,0.05,0.05,0.05,0.05
394,,0.0,0.0,0.0,0.0,0.0,0.0,0.0,0.0
395,,-0.05,-0.05,-0.05,-0.05,-0.05,-0.05,-0.05,-0.05
396,7,0.3,0.229,0.2,0.229,0.3,0.371,0.95,0.371
397,7,0.65,0.508,0.45,0.508,0.65,0.792,1.0,0.792
398,,0.6,0.458,0.4,0.458,0.6,0.742,0.95,0.742
399,,0.55,0.408,0.35,0.408,0.55,0.692,0.9,0.692
400,,0.5,0.358,0.3,0.358,0.5,0.642,0.85,0.642
401,,0.45,0.308,0.25,0.308,0.45,0.592,0.8,0.592
402,,0.4,0.258,0.2,0.258,0.4,0.542,0.75,0.542
403,,0.35,0.208,0.15,0.208,0.35,0.492,0.7,0.492
404,,0.3,0.158,0.1,0.158,0.3,0.442,0.65,0.442
405,,0.25,0.108,0.05,0.108,0.25,0.392,0.6,0.392
406,,0.2,0.058,0.0,0.058,0.2,0.342,0.55,0.342
407,,0.15,0.008,-0.05,0.008,0.15,0.292,0.5,0.292
408,3,0.5,0.429,0.95,0.429,0.5,0.571,0.75,0.571
409,3,0.85,0.85,1.0,0.85,0.85,0.85,1.0,0.85
410,,0.8,0.8,0.95,0.8,0.8,0.8,0.95,0.8
411,,0.75,0.75,0.9,0.75,0.75,0.75,0.9,0.75
412,,0.7,0.7,0.85,0.7,0.7,0.7,0.85,0.7
413,,0.65,0.65,0.8,0.65,0.65,0.65,0.8,0.65
414,,0.6,0.6,0.75,0.6,0.6,0.6,0.75,0.6
415,,0.55,0.55,0.7,0.55,0.55,0.55,0.7,0.55
416,,0.5,0.5,0.65,0.5,0.5,0.5,0.65,0.5
417,,0.45,0.45,0.6,0.45,0.45,0.45,0.6,0.45
418,,0.4,0.4,0.55,0.4,0.4,0.4,0.55,0.4
419,,0.35,0.35,0.5,0.35,0.35,0.35,0.5,0.35
420,,0.3,0.3,0.45,0.3,0.3,0.3,0.45,0.3
421,,0.25,0.25,0.4,0.25,0.25,0.25,0.4,0.25
422,,0.2,0.2,0.35,0.2,0.2,0.2,0.35,0.2
423,,0.15,0.15,0.3,0.15,0.15,0.15,0.3,0.15
424,,0.1,0.1,0.25,0.1,0.1,0.1,0.25,0.1
425,,0.05,0.05,0.2,0.05,0.05,0.05,0.2,0.05
426,,0.0,0.0,0.15,0.0,0.0,0.0,0.15,0.0
427,,-0.05,-0.05,0.1,-0.05,-0.05,-0.05,0.1,-0.05
428,8,0.371,0.3,0.379,0.2,0.229,0.3,0.521,0.95
429,8,0.792,0.65,0.658,0.45,0.508,0.65,0.942,1.0
430,,0.742,0.6,0.608,0.4,0.458,0.6,0.892,0.95
431,,0.692,0.55,0.558,0.35,0.408,0.55,0.842,0.9
432,,0.642,0.5,0.508,0.3,0.358,0.5,0.792,0.85
433,,0.592,0.45,0.458,0.25,0.308,0.45,0.742,0.8
434,,0.542,0.4,0.408,0.2,0.258,0.4,0.692,0.75
435,,0.492,0.35,0.358,0.15,0.208,0.35,0.642,0.7
436,,0.442,0.3,0.308,0.1,0.158,0.3,0.592,0.65
437,,0.392,0.25,0.258,0.05,0.108,0.25,0.542,0.6
438,,0.342,0.2,0.208,0.0,0.058,0.2,0.492,0.55
439,,0.292,0.15,0.158,-0.05,0.008,0.15,0.442,0.5
440,4,0.571,0.5,0.579,0.95,0.429,0.5,0.721,0.75
441,4,0.85,0.85,1.0,1.0,0.85,0.85,1.0,1.0
442,,0.8,0.8,0.95,0.95,0.8,0.8,0.95,0.95
443,,0.75,0.75,0.9,0.9,0.75,0.75,0.9,0.9
444,,0.7,0.7,0.85,0.85,0.7,0.7,0.85,0.85
445,,0.65,0.65,0.8,0.8,0.65,0.65,0.8,0.8
446,,0.6,0.6,0.75,0.75,0.6,0.6,0.75,0.75
447,,0.55,0.55,0.7,0.7,0.55,0.55,0.7,0.7
448,,0.5,0.5,0.65,0.65,0.5,0.5,0.65,0.65
449,,0.45,0.45,0.6,0.6,0.45,0.45,0.6,0.6
450,,0.4,0.4,0.55,0.55,0.4,0.4,0.55,0.55
451,,0.35,0.35,0.5,0.5,0.35,0.35,0.5,0.5
452,,0.3,0.3,0.45,0.45,0.3,0.3,0.45,0.45
453,,0.25,0.25,0.4,0.4,0.25,0.25,0.4,0.4
454,,0.2,0.2,0.35,0.35,0.2,0.2,0.35,0.35
455,,0.15,0.15,0.3,0.3,0.15,0.15,0.3,0.3
456,,0.1,0.1,0.25,0.25,0.1,0.1,0.25,0.25
457,,0.05,0.05,0.2,0.2,0.05,0.05,0.2,0.2
458,,0.0,0.0,0.15,0.15,0.0,0.0,0.15,0.15
459,,-0.05,-0.05,0.1,0.1,-0.05,-0.05,0.1,0.1
460,5,0.2,0.229,0.45,0.521,0.95,0.371,0.45,0.379
461,5,0.45,0.508,0.8,0.942,1.0,0.792,0.8,0.658
462,,0.4,0.458,0.75,0.892,0.95,0.742,0.75,0.608
463,,0.35,0.408,0.7,0.842,0.9,0.692,0.7,0.558
464,,0.3,0.358,0.65,0.792,0.85,0.642,0.65,0.508
465,,0.25,0.308,0.6,0.742,0.8,0.592,0.6,0.458
466,,0.2,0.258,0.55,0.692,0.75,0.542,0.55,0.408
467,,0.15,0.208,0.5,0.642,0.7,0.492,0.5,0.358
468,,0.1,0.158,0.45,0.592,0.65,0.442,0.45,0.308
469,,0.05,0.108,0.4,0.542,0.6,0.392,0.4,0.258
470,,0.0,0.058,0.35,0.492,0.55,0.342,0.35,0.208
471,,-0.05,0.008,0.3,0.442,0.5,0.292,0.3,0.158
472,1,0.95,0.429,0.65,0.721,0.75,0.571,0.65,0.579
473,1,1.0,0.85,1.0,1.0,1.0,0.85,1.0,1.0
474,,0.95,0.8,0.95,0.95,0.95,0.8,0.95,0.95
475,,0.9,0.75,0.9,0.9,0.9,0.75,0.9,0.9
476,,0.85,0.7,0.85,0.85,0.85,0.7,0.85,0.85
477,,0.8,0.65,0.8,0.8,0.8,0.65,0.8,0.8
478,,0.75,0.6,0.75,0.75,0.75,0.6,0.75,0.75
479,,0.7,0.55,0.7,0.7,0.7,0.55,0.7,0.7
480,,0.65,0.5,0.65,0.65,0.65,0.5,0.65,0.65
481,,0.6,0.45,0.6,0.6,0.6,0.45,0.6,0.6
482,,0.55,0.4,0.55,0.55,0.55,0.4,0.55,0.55
483,,0.5,0.35,0.5,0.5,0.5,0.35,0.5,0.5
484,,0.45,0.3,0.45,0.45,0.45,0.3,0.45,0.45
485,,0.4,0.25,0.4,0.4,0.4,0.25,0.4,0.4
486,,0.35,0.2,0.35,0.35,0.35,0.2,0.35,0.35
487,,0.3,0.15,0.3,0.3,0.3,0.15,0.3,0.3
488,,0.25,0.1,0.25,0.25,0.25,0.1,0.25,0.25
489,,0.2,0.05,0.2,0.2,0.2,0.05,0.2,0.2
490,,0.15,0.0,0.15,0.15,0.15,0.0,0.15,0.15
491,,0.1,-0.05,0.1,0.1,0.1,-0.05,0.1,0.1
492,2,0.521,0.95,0.521,0.45,0.379,0.2,0.379,0.45
493,2,0.942,1.0,0.942,0.8,0.658,0.45,0.658,0.8
494,,0.892,0.95,0.892,0.75,0.608,0.4,0.608,0.75
495,,0.842,0.9,0.842,0.7,0.558,0.35,0.558,0.7
496,,0.792,0.85,0.792,0.65,0.508,0.3,0.508,0.65
497,,0.742,0.8,0.742,0.6,0.458,0.25,0.458,0.6
498,,0.692,0.75,0.692,0.55,0.408,0.2,0.408,0.55
499,,0.642,0.7,0.642,0.5,0.358,0.15,0.358,0.5
500,,0.592,0.65,0.592,0.45,0.308,0.1,0.308,0.45
501,,0.542,0.6,0.542,0.4,0.258,0.05,0.258,0.4
502,,0.492,0.55,0.492,0.35,0.208,0.0,0.208,0.35
503,,0.442,0.5,0.442,0.3,0.158,-0.05,0.158,0.3
504,6,0.721,0.75,0.721,0.65,0.579,0.95,0.579,0.65
505,6,1.0,1.0,1.0,1.0,1.0,1.0,1.0,1.0
506,,0.95,0.95,0.95,0.95,0.95,0.95,0.95,0.95
507,,0.9,0.9,0.9,0.9,0.9,0.9,0.9,0.9
508,,0.85,0.85,0.85,0.85,0.85,0.85,0.85,0.85
509,,0.8,0.8,0.8,0.8,0.8,0.8,0.8,0.8
510,,0.75,0.75,0.75,0.75,0.75,0.75,0.75,0.75
511,,0.7,0.7,0.7,0.7,0.7,0.7,0.7,0.7
512,,0.65,0.65,0.65,0.65,0.65,0.65,0.65,0.65
513,,0.6,0.6,0.6,0.6,0.6,0.6,0.6,0.6
514,,0.55,0.55,0.55,0.55,0.55,0.55,0.55,0.55
515,,0.5,0.5,0.5,0.5,0.5,0.5,0.5,0.5
516,,0.45,0.45,0.45,0.45,0.45,0.45,0.45,0.45
517,,0.4,0.4,0.4,0.4,0.4,0.4,0.4,0.4
518,,0.35,0.35,0.35,0.35,0.35,0.35,0.35,0.35
519,,0.3,0.3,0.3,0.3,0.3,0.3,0.3,0.3
520,,0.25,0.25,0.25,0.25,0.25,0.25,0.25,0.25
521,,0.2,0.2,0.2,0.2,0.2,0.2,0.2,0.2
522,,0.15,0.15,0.15,0.15,0.15,0.15,0.15,0.15
523,,0.1,0.1,0.1,0.1,0.1,0.1,0.1,0.1
524,,0.05,0.05,0.05,0.05,0.05,0.05,0.05,0.05
525,,0.0,0.0,0.0,0.0,0.0,0.0,0.0,0.0
526,,-0.05,-0.05,-0.05,-0.05,-0.05,-0.05,-0.05,-0.05
527,2,0.371,0.95,0.371,0.3,0.229,0.2,0.229,0.3
528,2,0.792,1.0,0.792,0.65,0.508,0.45,0.508,0.65
529,,0.742,0.95,0.742,0.6,0.458,0.4,0.458,0.6
530,,0.692,0.9,0.692,0.55,0.408,0.35,0.408,0.55
531,,0.642,0.85,0.642,0.5,0.358,0.3,0.358,0.5
532,,0.592,0.8,0.592,0.45,0.308,0.25,0.308,0.45
533,,0.542,0.75,0.542,0.4,0.258,0.2,0.258,0.4
534,,0.492,0.7,0.492,0.35,0.208,0.15,0.208,0.35
535,,0.442,0.65,0.442,0.3,0.158,0.1,0.158,0.3
536,,0.392,0.6,0.392,0.25,0.108,0.05,0.108,0.25
537,,0.342,0.55,0.342,0.2,0.058,0.0,0.058,0.2
538,,0.292,0.5,0.292,0.15,0.008,-0.05,0.008,0.15
539,6,0.571,0.75,0.571,0.5,0.429,0.95,0.429,0.5
540,6,0.85,1.0,0.85,0.85,0.85,1.0,0.85,0.85
541,,0.8,0.95,0.8,0.8,0.8,0.95,0.8,0.8
542,,0.75,0.9,0.75,0.75,0.75,0.9,0.75,0.75
543,,0.7,0.85,0.7,0.7,0.7,0.85,0.7,0.7
544,,0.65,0.8,0.65,0.65,0.65,0.8,0.65,0.65
545,,0.6,0.75,0.6,0.6,0.6,0.75,0.6,0.6
546,,0.55,0.7,0.55,0.55,0.55,0.7,0.55,0.55
547,,0.5,0.65,0.5,0.5,0.5,0.65,0.5,0.5
548,,0.45,0.6,0.45,0.45,0.45,0.6,0.45,0.45
549,,0.4,0.55,0.4,0.4,0.4,0.55,0.4,0.4
550,,0.35,0.5,0.35,0.35,0.35,0.5,0.35,0.35
551,,0.3,0.45,0.3,0.3,0.3,0.45,0.3,0.3
552,,0.25,0.4,0.25,0.25,0.25,0.4,0.25,0.25
553,,0.2,0.35,0.2,0.2,0.2,0.35,0.2,0.2
554,,0.15,0.3,0.15,0.15,0.15,0.3,0.15,0.15
555,,0.1,0.25,0.1,0.1,0.1,0.25,0.1,0.1
556,,0.05,0.2,0.05,0.05,0.05,0.2,0.05,0.05
557,,0.0,0.15,0.0,0.0,0.0,0.15,0.0,0.0
558,,-0.05,0.1,-0.05,-0.05,-0.05,0.1,-0.05,-0.05
559,8,0.371,0.45,0.229,0.2,0.229,0.45,0.371,0.95
560,8,0.792,0.8,0.508,0.45,0.508,0.8,0.792,1.0
561,,0.742,0.75,0.458,0.4,0.458,0.75,0.742,0.95
562,,0.692,0.7,0.408,0.35,0.408,0.7,0.692,0.9
563,,0.642,0.65,0.358,0.3,0.358,0.65,0.642,0.85
564,,0.592,0.6,0.308,0.25,0.308,0.6,0.592,0.8
565,,0.542,0.55,0.258,0.2,0.258,0.55,0.542,0.75
566,,0.492,0.5,0.208,0.15,0.208,0.5,0.492,0.7
567,,0.442,0.45,0.158,0.1,0.158,0.45,0.442,0.65
568,,0.392,0.4,0.108,0.05,0.108,0.4,0.392,0.6
569,,0.342,0.35,0.058,0.0,0.058,0.35,0.342,0.55
570,,0.292,0.3,0.008,-0.05,0.008,0.3,0.292,0.5
571,4,0.571,0.65,0.429,0.95,0.429,0.65,0.571,0.75
572,4,0.85,1.0,0.85,1.0,0.85,1.0,0.85,1.0
573,,0.8,0.95,0.8,0.95,0.8,0.95,0.8,0.95
574,,0.75,0.9,0.75,0.9,0.75,0.9,0.75,0.9
575,,0.7,0.85,0.7,0.85,0.7,0.85,0.7,0.85
576,,0.65,0.8,0.65,0.8,0.65,0.8,0.65,0.8
577,,0.6,0.75,0.6,0.75,0.6,0.75,0.6,0.75
578,,0.55,0.7,0.55,0.7,0.55,0.7,0.55,0.7
579,,0.5,0.65,0.5,0.65,0.5,0.65,0.5,0.65
580,,0.45,0.6,0.45,0.6,0.45,0.6,0.45,0.6
581,,0.4,0.55,0.4,0.55,0.4,0.55,0.4,0.55
582,,0.35,0.5,0.35,0.5,0.35,0.5,0.35,0.5
583,,0.3,0.45,0.3,0.45,0.3,0.45,0.3,0.45
584,,0.25,0.4,0.25,0.4,0.25,0.4,0.25,0.4
585,,0.2,0.35,0.2,0.35,0.2,0.35,0.2,0.35
586,,0.15,0.3,0.15,0.3,0.15,0.3,0.15,0.3
587,,0.1,0.25,0.1,0.25,0.1,0.25,0.1,0.25
588,,0.05,0.2,0.05,0.2,0.05,0.2,0.05,0.2
589,,0.0,0.15,0.0,0.15,0.0,0.15,0.0,0.15
590,,-0.05,0.1,-0.05,0.1,-0.05,0.1,-0.05,0.1
591,1,0.95,0.521,0.3,0.379,0.2,0.379,0.3,0.521
592,1,1.0,0.942,0.65,0.658,0.45,0.658,0.65,0.942
593,,0.95,0.892,0.6,0.608,0.4,0.608,0.6,0.892
594,,0.9,0.842,0.55,0.558,0.35,0.558,0.55,0.842
595,,0.85,0.792,0.5,0.508,0.3,0.508,0.5,0.792
596,,0.8,0.742,0.45,0.458,0.25,0.458,0.45,0.742
597,,0.75,0.692,0.4,0.408,0.2,0.408,0.4,0.692
598,,0.7,0.642,0.35,0.358,0.15,0.358,0.35,0.642
599,,0.65,0.592,0.3,0.308,0.1,0.308,0.3,0.592
600,,0.6,0.542,0.25,0.258,0.05,0.258,0.25,0.542
601,,0.55,0.492,0.2,0.208,0.0,0.208,0.2,0.492
602,,0.5,0.442,0.15,0.158,-0.05,0.158,0.15,0.442
603,5,0.75,0.721,0.5,0.579,0.95,0.579,0.5,0.721
604,5,1.0,1.0,0.85,1.0,1.0,1.0,0.85,1.0
605,,0.95,0.95,0.8,0.95,0.95,0.95,0.8,0.95
606,,0.9,0.9,0.75,0.9,0.9,0.9,0.75,0.9
607,,0.85,0.85,0.7,0.85,0.85,0.85,0.7,0.85
608,,0.8,0.8,0.65,0.8,0.8,0.8,0.65,0.8
609,,0.75,0.75,0.6,0.75,0.75,0.75,0.6,0.75
610,,0.7,0.7,0.55,0.7,0.7,0.7,0.55,0.7
611,,0.65,0.65,0.5,0.65,0.65,0.65,0.5,0.65
612,,0.6,0.6,0.45,0.6,0.6,0.6,0.45,0.6
613,,0.55,0.55,0.4,0.55,0.55,0.55,0.4,0.55
614,,0.5,0.5,0.35,0.5,0.5,0.5,0.35,0.5
615,,0.45,0.45,0.3,0.45,0.45,0.45,0.3,0.45
616,,0.4,0.4,0.25,0.4,0.4,0.4,0.25,0.4
617,,0.35,0.35,0.2,0.35,0.35,0.35,0.2,0.35
618,,0.3,0.3,0.15,0.3,0.3,0.3,0.15,0.3
619,,0.25,0.25,0.1,0.25,0.25,0.25,0.1,0.25
620,,0.2,0.2,0.05,0.2,0.2,0.2,0.05,0.2
621,,0.15,0.15,0.0,0.15,0.15,0.15,0.0,0.15
622,,0.1,0.1,-0.05,0.1,0.1,0.1,-0.05,0.1
623,7,0.45,0.379,0.2,0.379,0.45,0.521,0.95,0.521
624,7,0.8,0.658,0.45,0.658,0.8,0.942,1.0,0.942
625,,0.75,0.608,0.4,0.608,0.75,0.892,0.95,0.892
626,,0.7,0.558,0.35,0.558,0.7,0.842,0.9,0.842
627,,0.65,0.508,0.3,0.508,0.65,0.792,0.85,0.792
628,,0.6,0.458,0.25,0.458,0.6,0.742,0.8,0.742
629,,0.55,0.408,0.2,0.408,0.55,0.692,0.75,0.692
630,,0.5,0.358,0.15,0.358,0.5,0.642,0.7,0.642
631,,0.45,0.308,0.1,0.308,0.45,0.592,0.65,0.592
632,,0.4,0.258,0.05,0.258,0.4,0.542,0.6,0.542
633,,0.35,0.208,0.0,0.208,0.35,0.492,0.55,0.492
634,,0.3,0.158,-0.05,0.158,0.3,0.442,0.5,0.442
635,3,0.65,0.579,0.95,0.579,0.65,0.721,0.75,0.721
636,3,1.0,1.0,1.0,1.0,1.0,1.0,1.0,1.0
637,,0.95,0.95,0.95,0.95,0.95,0.95,0.95,0.95
638,,0.9,0.9,0.9,0.9,0.9,0.9,0.9,0.9
639,,0.85,0.85,0.85,0.85,0.85,0.85,0.85,0.85
640,,0.8,0.8,0.8,0.8,0.8,0.8,0.8,0.8
641,,0.75,0.75,0.75,0.75,0.75,0.75,0.75,0.75
642,,0.7,0.7,0.7,0.7,0.7,0.7,0.7,0.7
643,,0.65,0.65,0.65,0.65,0.65,0.65,0.65,0.65
644,,0.6,0.6,0.6,0.6,0.6,0.6,0.6,0.6
645,,0.55,0.55,0.55,0.55,0.55,0.55,0.55,0.55
646,,0.5,0.5,0.5,0.5,0.5,0.5,0.5,0.5
647,,0.45,0.45,0.45,0.45,0.45,0.45,0.45,0.45
648,,0.4,0.4,0.4,0.4,0.4,0.4,0.4,0.4
649,,0.35,0.35,0.35,0.35,0.35,0.35,0.35,0.35
650,,0.3,0.3,0.3,0.3,0.3,0.3,0.3,0.3
651,,0.25,0.25,0.25,0.25,0.25,0.25,0.25,0.25
652,,0.2,0.2,0.2,0.2,0.2,0.2,0.2,0.2
653,,0.15,0.15,0.15,0.15,0.15,0.15,0.15,0.15
654,,0.1,0.1,0.1,0.1,0.1,0.1,0.1,0.1
655,,0.05,0.05,0.05,0.05,0.05,0.05,0.05,0.05
656,,0.0,0.0,0.0,0.0,0.0,0.0,0.0,0.0
657,,-0.05,-0.05,-0.05,-0.05,-0.05,-0.05,-0.05,-0.05
658,2,0.371,0.95,0.371,0.3,0.229,0.2,0.229,0.3
659,2,0.792,1.0,0.792,0.65,0.508,0.45,0.508,0.65
660,,0.742,0.95,0.742,0.6,0.458,0.4,0.458,0.6
661,,0.692,0.9,0.692,0.55,0.408,0.35,0.408,0.55
662,,0.642,0.85,0.642,0.5,0.358,0.3,0.358,0.5
663,,0.592,0.8,0.592,0.45,0.308,0.25,0.308,0.45
664,,0.542,0.75,0.542,0.4,0.258,0.2,0.258,0.4
665,,0.492,0.7,0.492,0.35,0.208,0.15,0.208,0.35
666,,0.442,0.65,0.442,0.3,0.158,0.1,0.158,0.3
667,,0.392,0.6,0.392,0.25,0.108,0.05,0.108,0.25
668,,0.342,0.55,0.342,0.2,0.058,0.0,0.058,0.2
669,,0.292,0.5,0.292,0.15,0.008,-0.05,0.008,0.15
670,6,0.571,0.75,0.571,0.5,0.429,0.95,0.429,0.5
671,6,0.85,1.0,0.85,0.85,0.85,1.0,0.85,0.85
672,,0.8,0.95,0.8,0.8,0.8,0.95,0.8,0.8
673,,0.75,0.9,0.75,0.75,0.75,0.9,0.75,0.75
674,,0.7,0.85,0.7,0.7,0.7,0.85,0.7,0.7
675,,0.65,0.8,0.65,0.65,0.65,0.8,0.65,0.65
676,,0.6,0.75,0.6,0.6,0.6,0.75,0.6,0.6
677,,0.55,0.7,0.55,0.55,0.55,0.7,0.55,0.55
678,,0.5,0.65,0.5,0.5,0.5,0.65,0.5,0.5
679,,0.45,0.6,0.45,0.45,0.45,0.6,0.45,0.45
680,,0.4,0.55,0.4,0.4,0.4,0.55,0.4,0.4
681,,0.35,0.5,0.35,0.35,0.35,0.5,0.35,0.35
682,,0.3,0.45,0.3,0.3,0.3,0.45,0.3,0.3
683,,0.25,0.4,0.25,0.25,0.25,0.4,0.25,0.25
684,,0.2,0.35,0.2,0.2,0.2,0.35,0.2,0.2
685,,0.15,0.3,0.15,0.15,0.15,0.3,0.15,0.15
686,,0.1,0.25,0.1,0.1,0.1,0.25,0.1,0.1
687,,0.05,0.2,0.05,0.05,0.05,0.2,0.05,0.05
688,,0.0,0.15,0.0,0.0,0.0,0.15,0.0,0.0
689,,-0.05,0.1,-0.05,-0.05,-0.05,0.1,-0.05,-0.05
690,3,0.3,0.521,0.95,0.371,0.3,0.379,0.2,0.229
691,3,0.65,0.942,1.0,0.792,0.65,0.658,0.45,0.508
692,,0.6,0.892,0.95,0.742,0.6,0.608,0.4,0.458
693,,0.55,0.842,0.9,0.692,0.55,0.558,0.35,0.408
694,,0.5,0.792,0.85,0.642,0.5,0.508,0.3,0.358
695,,0.45,0.742,0.8,0.592,0.45,0.458,0.25,0.308
696,,0.4,0.692,0.75,0.542,0.4,0.408,0.2,0.258
697,,0.35,0.642,0.7,0.492,0.35,0.358,0.15,0.208
698,,0.3,0.592,0.65,0.442,0.3,0.308,0.1,0.158
699,,0.25,0.542,0.6,0.392,0.25,0.258,0.05,0.108
700,,0.2,0.492,0.55,0.342,0.2,0.208,0.0,0.058
701,,0.15,0.442,0.5,0.292,0.15,0.158,-0.05,0.008
702,7,0.5,0.721,0.75,0.571,0.5,0.579,0.95,0.429
703,7,0.85,1.0,1.0,0.85,0.85,1.0,1.0,0.85
704,,0.8,0.95,0.95,0.8,0.8,0.95,0.95,0.8
705,,0.75,0.9,0.9,0.75,0.75,0.9,0.9,0.75
706,,0.7,0.85,0.85,0.7,0.7,0.85,0.85,0.7
707,,0.65,0.8,0.8,0.65,0.65,0.8,0.8,0.65
708,,0.6,0.75,0.75,0.6,0.6,0.75,0.75,0.6
709,,0.55,0.7,0.7,0.55,0.55,0.7,0.7,0.55
710,,0.5,0.65,0.65,0.5,0.5,0.65,0.65,0.5
711,,0.45,0.6,0.6,0.45,0.45,0.6,0.6,0.45
712,,0.4,0.55,0.55,0.4,0.4,0.55,0.55,0.4
713,,0.35,0.5,0.5,0.35,0.35,0.5,0.5,0.35
714,,0.3,0.45,0.45,0.3,0.3,0.45,0.45,0.3
715,,0.25,0.4,0.4,0.25,0.25,0.4,0.4,0.25
716,,0.2,0.35,0.35,0.2,0.2,0.35,0.35,0.2
717,,0.15,0.3,0.3,0.15,0.15,0.3,0.3,0.15
718,,0.1,0.25,0.25,0.1,0.1,0.25,0.25,0.1
719,,0.05,0.2,0.2,0.05,0.05,0.2,0.2,0.05
720,,0.0,0.15,0.15,0.0,0.0,0.15,0.15,0.0
721,,-0.05,0.1,0.1,-0.05,-0.05,0.1,0.1,-0.05
722,4,0.229,0.45,0.521,0.95,0.371,0.45,0.379,0.2
723,4,0.508,0.8,0.942,1.0,0.792,0.8,0.658,0.45
724,,0.458,0.75,0.892,0.95,0.742,0.75,0.608,0.4
725,,0.408,0.7,0.842,0.9,0.692,0.7,0.558,0.35
726,,0.358,0.65,0.792,0.85,0.642,0.65,0.508,0.3
727,,0.308,0.6,0.742,0.8,0.592,0.6,0.458,0.25
728,,0.258,0.55,0.692,0.75,0.542,0.55,0.408,0.2
729,,0.208,0.5,0.642,0.7,0.492,0.5,0.358,0.15
730,,0.158,0.45,0.592,0.65,0.442,0.45,0.308,0.1
731,,0.108,0.4,0.542,0.6,0.392,0.4,0.258,0.05
732,,0.058,0.35,0.492,0.55,0.342,0.35,0.208,0.0
733,,0.008,0.3,0.442,0.5,0.292,0.3,0.158,-0.05
734,8,0.429,0.65,0.721,0.75,0.571,0.65,0.579,0.95
735,8,0.85,1.0,1.0,1.0,0.85,1.0,1.0,1.0
736,,0.8,0.95,0.95,0.95,0.8,0.95,0.95,0.95
737,,0.75,0.9,0.9,0.9,0.75,0.9,0.9,0.9
738,,0.7,0.85,0.85,0.85,0.7,0.85,0.85,0.85
739,,0.65,0.8,0.8,0.8,0.65,0.8,0.8,0.8
740,,0.6,0.75,0.75,0.75,0.6,0.75,0.75,0.75
741,,0.55,0.7,0.7,0.7,0.55,0.7,0.7,0.7
742,,0.5,0.65,0.65,0.65,0.5,0.65,0.65,0.65
743,,0.45,0.6,0.6,0.6,0.45,0.6,0.6,0.6
744,,0.4,0.55,0.55,0.55,0.4,0.55,0.55,0.55
745,,0.35,0.5,0.5,0.5,0.35,0.5,0.5,0.5
746,,0.3,0.45,0.45,0.45,0.3,0.45,0.45,0.45
747,,0.25,0.4,0.4,0.4,0.25,0.4,0.4,0.4
748,,0.2,0.35,0.35,0.35,0.2,0.35,0.35,0.35
749,,0.15,0.3,0.3,0.3,0.15,0.3,0.3,0.3
750,,0.1,0.25,0.25,0.25,0.1,0.25,0.25,0.25
751,,0.05,0.2,0.2,0.2,0.05,0.2,0.2,0.2
752,,0.0,0.15,0.15,0.15,0.0,0.15,0.15,0.15
753,,-0.05,0.1,0.1,0.1,-0.05,0.1,0.1,0.1
754,1,0.95,0.521,0.45,0.379,0.2,0.379,0.45,0.521
755,1,1.0,0.942,0.8,0.658,0.45,0.658,0.8,0.942
756,,0.95,0.892,0.75,0.608,0.4,0.608,0.75,0.892
757,,0.9,0.842,0.7,0.558,0.35,0.558,0.7,0.842
758,,0.85,0.792,0.65,0.508,0.3,0.508,0.65,0.792
759,,0.8,0.742,0.6,0.458,0.25,0.458,0.6,0.742
760,,0.75,0.692,0.55,0.408,0.2,0.408,0.55,0.692
761,,0.7,0.642,0.5,0.358,0.15,0.358,0.5,0.642
762,,0.65,0.592,0.45,0.308,0.1,0.308,0.45,0.592
763,,0.6,0.542,0.4,0.258,0.05,0.258,0.4,0.542
764,,0.55,0.492,0.35,0.208,0.0,0.208,0.35,0.492
765,,0.5,0.442,0.3,0.158,-0.05,0.158,0.3,0.442
766,5,0.75,0.721,0.65,0.579,0.95,0.579,0.65,0.721
767,5,1.0,1.0,1.0,1.0,1.0,1.0,1.0,1.0
768,,0.95,0.95,0.95,0.95,0.95,0.95,0.95,0.95
769,,0.9,0.9,0.9,0.9,0.9,0.9,0.9,0.9
770,,0.85,0.85,0.85,0.85,0.85,0.85,0.85,0.85
771,,0.8,0.8,0.8,0.8,0.8,0.8,0.8,0.8
772,,0.75,0.75,0.75,0.75,0.75,0.75,0.75,0.75
773,,0.7,0.7,0.7,0.7,0.7,0.7,0.7,0.7
774,,0.65,0.65,0.65,0.65,0.65,0.65,0.65,0.65
775,,0.6,0.6,0.6,0.6,0.6,0.6,0.6,0.6
776,,0.55,0.55,0.55,0.55,0.55,0.55,0.55,0.55
777,,0.5,0.5,0.5,0.5,0.5,0.5,0.5,0.5
778,,0.45,0.45,0.45,0.45,0.45,0.45,0.45,0.45
779,,0.4,0.4,0.4,0.4,0.4,0.4,0.4,0.4
780,,0.35,0.35,0.35,0.35,0.35,0.35,0.35,0.35
781,,0.3,0.3,0.3,0.3,0.3,0.3,0.3,0.3
782,,0.25,0.25,0.25,0.25,0.25,0.25,0.25,0.25
783,,0.2,0.2,0.2,0.2,0.2,0.2,0.2,0.2
784,,0.15,0.15,0.15,0.15,0.15,0.15,0.15,0.15
785,,0.1,0.1,0.1,0.1,0.1,0.1,0.1,0.1
786,,0.05,0.05,0.05,0.05,0.05,0.05,0.05,0.05
787,,0.0,0.0,0.0,0.0,0.0,0.0,0.0,0.0
788,,-0.05,-0.05,-0.05,-0.05,-0.05,-0.05,-0.05,-0.05
789,4,0.229,0.3,0.371,0.95,0.371,0.3,0.229,0.2
790,4,0.508,0.65,0.792,1.0,0.792,0.65,0.508,0.45
791,,0.458,0.6,0.742,0.95,0.742,0.6,0.458,0.4
792,,0.408,0.55,0.692,0.9,0.692,0.55,0.408,0.35
793,,0.358,0.5,0.642,0.85,0.642,0.5,0.358,0.3
794,,0.308,0.45,0.592,0.8,0.592,0.45,0.308,0.25
795,,0.258,0.4,0.542,0.75,0.542,0.4,0.258,0.2
796,,0.208,0.35,0.492,0.7,0.492,0.35,0.208,0.15
797,,0.158,0.3,0.442,0.65,0.442,0.3,0.158,0.1
798,,0.108,0.25,0.392,0.6,0.392,0.25,0.108,0.05
799,,0.058,0.2,0.342,0.55,0.342,0.2,0.058,0.0
800,,0.008,0.15,0.292,0.5,0.292,0.15,0.008,-0.05
801,8,0.429,0.5,0.571,0.75,0.571,0.5,0.429,0.95
802,8,0.85,0.85,0.85,1.0,0.85,0.85,0.85,1.0
803,,0.8,0.8,0.8,0.95,0.8,0.8,0.8,0.95
804,,0.75,0.75,0.75,0.9,0.75,0.75,0.75,0.9
805,,0.7,0.7,0.7,0.85,0.7,0.7,0.7,0.85
806,,0.65,0.65,0.65,0.8,0.65,0.65,0.65,0.8
807,,0.6,0.6,0.6,0.75,0.6,0.6,0.6,0.75
808,,0.55,0.55,0.55,0.7,0.55,0.55,0.55,0.7
809,,0.5,0.5,0.5,0.65,0.5,0.5,0.5,0.65
810,,0.45,0.45,0.45,0.6,0.45,0.45,0.45,0.6
811,,0.4,0.4,0.4,0.55,0.4,0.4,0.4,0.55
812,,0.35,0.35,0.35,0.5,0.35,0.35,0.35,0.5
813,,0.3,0.3,0.3,0.45,0.3,0.3,0.3,0.45
814,,0.25,0.25,0.25,0.4,0.25,0.25,0.25,0.4
815,,0.2,0.2,0.2,0.35,0.2,0.2,0.2,0.35
816,,0.15,0.15,0.15,0.3,0.15,0.15,0.15,0.3
817,,0.1,0.1,0.1,0.25,0.1,0.1,0.1,0.25
818,,0.05,0.05,0.05,0.2,0.05,0.05,0.05,0.2
819,,0.0,0.0,0.0,0.15,0.0,0.0,0.0,0.15
820,,-0.05,-0.05,-0.05,0.1,-0.05,-0.05,-0.05,0.1
821,2,0.371,0.95,0.371,0.45,0.229,0.2,0.229,0.45
822,2,0.792,1.0,0.792,0.8,0.508,0.45,0.508,0.8
823,,0.742,0.95,0.742,0.75,0.458,0.4,0.458,0.75
824,,0.692,0.9,0.692,0.7,0.408,0.35,0.408,0.7
825,,0.642,0.85,0.642,0.65,0.358,0.3,0.358,0.65
826,,0.592,0.8,0.592,0.6,0.308,0.25,0.308,0.6
827,,0.542,0.75,0.542,0.55,0.258,0.2,0.258,0.55
828,,0.492,0.7,0.492,0.5,0.208,0.15,0.208,0.5
829,,0.442,0.65,0.442,0.45,0.158,0.1,0.158,0.45
830,,0.392,0.6,0.392,0.4,0.108,0.05,0.108,0.4
831,,0.342,0.55,0.342,0.35,0.058,0.0,0.058,0.35
832,,0.292,0.5,0.292,0.3,0.008,-0.05,0.008,0.3
833,6,0.571,0.75,0.571,0.65,0.429,0.95,0.429,0.65
834,6,0.85,1.0,0.85,1.0,0.85,1.0,0.85,1.0
835,,0.8,0.95,0.8,0.95,0.8,0.95,0.8,0.95
836,,0.75,0.9,0.75,0.9,0.75,0.9,0.75,0.9
837,,0.7,0.85,0.7,0.85,0.7,0.85,0.7,0.85
838,,0.65,0.8,0.65,0.8,0.65,0.8,0.65,0.8
839,,0.6,0.75,0.6,0.75,0.6,0.75,0.6,0.75
840,,0.55,0.7,0.55,0.7,0.55,0.7,0.55,0.7
841,,0.5,0.65,0.5,0.65,0.5,0.65,0.5,0.65
842,,0.45,0.6,0.45,0.6,0.45,0.6,0.45,0.6
843,,0.4,0.55,0.4,0.55,0.4,0.55,0.4,0.55
844,,0.35,0.5,0.35,0.5,0.35,0.5,0.35,0.5
845,,0.3,0.45,0.3,0.45,0.3,0.45,0.3,0.45
846,,0.25,0.4,0.25,0.4,0.25,0.4,0.25,0.4
847,,0.2,0.35,0.2,0.35,0.2,0.35,0.2,0.35
848,,0.15,0.3,0.15,0.3,0.15,0.3,0.15,0.3
849,,0.1,0.25,0.1,0.25,0.1,0.25,0.1,0.25
850,,0.05,0.2,0.05,0.2,0.05,0.2,0.05,0.2
851,,0.0,0.15,0.0,0.15,0.0,0.15,0.0,0.15
852,,-0.05,0.1,-0.05,0.1,-0.05,0.1,-0.05,0.1
853,3,0.3,0.521,0.95,0.521,0.3,0.379,0.2,0.379
854,3,0.65,0.942,1.0,0.942,0.65,0.658,0.45,0.658
855,,0.6,0.892,0.95,0.892,0.6,0.608,0.4,0.608
856,,0.55,0.842,0.9,0.842,0.55,0.558,0.35,0.558
857,,0.5,0.792,0.85,0.792,0.5,0.508,0.3,0.508
858,,0.45,0.742,0.8,0.742,0.45,0.458,0.25,0.458
859,,0.4,0.692,0.75,0.692,0.4,0.408,0.2,0.408
860,,0.35,0.642,0.7,0.642,0.35,0.358,0.15,0.358
861,,0.3,0.592,0.65,0.592,0.3,0.308,0.1,0.308
862,,0.25,0.542,0.6,0.542,0.25,0.258,0.05,0.258
863,,0.2,0.492,0.55,0.492,0.2,0.208,0.0,0.208
864,,0.15,0.442,0.5,0.442,0.15,0.158,-0.05,0.158
865,7,0.5,0.721,0.75,0.721,0.5,0.579,0.95,0.579
866,7,0.85,1.0,1.0,1.0,0.85,1.0,1.0,1.0
867,,0.8,0.95,0.95,0.95,0.8,0.95,0.95,0.95
868,,0.75,0.9,0.9,0.9,0.75,0.9,0.9,0.9
869,,0.7,0.85,0.85,0.85,0.7,0.85,0.85,0.85
870,,0.65,0.8,0.8,0.8,0.65,0.8,0.8,0.8
871,,0.6,0.75,0.75,0.75,0.6,0.75,0.75,0.75
872,,0.55,0.7,0.7,0.7,0.55,0.7,0.7,0.7
873,,0.5,0.65,0.65,0.65,0.5,0.65,0.65,0.65
874,,0.45,0.6,0.6,0.6,0.45,0.6,0.6,0.6
875,,0.4,0.55,0.55,0.55,0.4,0.55,0.55,0.55
876,,0.35,0.5,0.5,0.5,0.35,0.5,0.5,0.5
877,,0.3,0.45,0.45,0.45,0.3,0.45,0.45,0.45
878,,0.25,0.4,0.4,0.4,0.25,0.4,0.4,0.4
879,,0.2,0.35,0.35,0.35,0.2,0.35,0.35,0.35
880,,0.15,0.3,0.3,0.3,0.15,0.3,0.3,0.3
881,,0.1,0.25,0.25,0.25,0.1,0.25,0.25,0.25
882,,0.05,0.2,0.2,0.2,0.05,0.2,0.2,0.2
883,,0.0,0.15,0.15,0.15,0.0,0.15,0.15,0.15
884,,-0.05,0.1,0.1,0.1,-0.05,0.1,0.1,0.1
885,1,0.95,0.521,0.45,0.379,0.2,0.379,0.45,0.521
