step,active_motive,motive_1,motive_2,motive_3,motive_4,motive_5,motive_6,motive_7,motive_8
0,,0.09803,0.00753,0.03057,0.01909,0.02685,0.04853,0.03727,0.03947
1,,0.04803,-0.04247,-0.01943,-0.03091,-0.02315,-0.00147,-0.01273,-0.01053
2,2,0.46903,0.95753,0.40157,0.31909,0.25585,0.24853,0.26627,0.33947
3,2,0.89003,1.0,0.82257,0.66909,0.53485,0.49853,0.54527,0.68947
4,,0.84003,0.95,0.77257,0.61909,0.48485,0.44853,0.49527,0.63947
5,,0.79003,0.9,0.72257,0.56909,0.43485,0.39853,0.44527,0.58947
6,,0.74003,0.85,0.67257,0.51909,0.38485,0.34853,0.39527,0.53947
7,,0.69003,0.8,0.62257,0.46909,0.33485,0.29853,0.34527,0.48947
8,,0.64003,0.75,0.57257,0.41909,0.28485,0.24853,0.29527,0.43947
9,,0.59003,0.7,0.52257,0.36909,0.23485,0.19853,0.24527,0.38947
10,,0.54003,0.65,0.47257,0.31909,0.18485,0.14853,0.19527,0.33947
11,,0.49003,0.6,0.42257,0.26909,0.13485,0.09853,0.14527,0.28947
12,,0.44003,0.55,0.37257,0.21909,0.08485,0.04853,0.09527,0.23947
13,,0.39003,0.5,0.32257,0.16909,0.03485,-0.00147,0.04527,0.18947
14,6,0.66903,0.75,0.60157,0.51909,0.45585,0.99853,0.46627,0.53947
15,6,0.94803,1.0,0.88057,0.86909,0.87685,1.0,0.88727,0.88947
16,,0.89803,0.95,0.83057,0.81909,0.82685,0.95,0.83727,0.83947
17,,0.84803,0.9,0.78057,0.76909,0.77685,0.9,0.78727,0.78947
18,,0.79803,0.85,0.73057,0.71909,0.72685,0.85,0.73727,0.73947
19,,0.74803,0.8,0.68057,0.66909,0.67685,0.8,0.68727,0.68947
20,,0.69803,0.75,0.63057,0.61909,0.62685,0.75,0.63727,0.63947
21,,0.64803,0.7,0.58057,0.56909,0.57685,0.7,0.58727,0.58947
22,,0.59803,0.65,0.53057,0.51909,0.52685,0.65,0.53727,0.53947
23,,0.54803,0.6,0.48057,0.46909,0.47685,0.6,0.48727,0.48947
24,,0.49803,0.55,0.43057,0.41909,0.42685,0.55,0.43727,0.43947
25,,0.44803,0.5,0.38057,0.36909,0.37685,0.5,0.38727,0.38947
26,,0.39803,0.45,0.33057,0.31909,0.32685,0.45,0.33727,0.33947
27,,0.34803,0.4,0.28057,0.26909,0.27685,0.4,0.28727,0.28947
28,,0.29803,0.35,0.23057,0.21909,0.22685,0.35,0.23727,0.23947
29,,0.24803,0.3,0.18057,0.16909,0.17685,0.3,0.18727,0.18947
30,,0.19803,0.25,0.13057,0.11909,0.12685,0.25,0.13727,0.13947
31,,0.14803,0.2,0.08057,0.06909,0.07685,0.2,0.08727,0.08947
32,,0.09803,0.15,0.03057,0.01909,0.02685,0.15,0.03727,0.03947
33,,0.04803,0.1,-0.01943,-0.03091,-0.02315,0.1,-0.01273,-0.01053
34,4,0.32703,0.45,0.40157,0.96909,0.39785,0.45,0.26627,0.23947
35,4,0.60603,0.8,0.82257,1.0,0.81885,0.8,0.54527,0.48947
36,,0.55603,0.75,0.77257,0.95,0.76885,0.75,0.49527,0.43947
37,,0.50603,0.7,0.72257,0.9,0.71885,0.7,0.44527,0.38947
38,,0.45603,0.65,0.67257,0.85,0.66885,0.65,0.39527,0.33947
39,,0.40603,0.6,0.62257,0.8,0.61885,0.6,0.34527,0.28947
40,,0.35603,0.55,0.57257,0.75,0.56885,0.55,0.29527,0.23947
41,,0.30603,0.5,0.52257,0.7,0.51885,0.5,0.24527,0.18947
42,,0.25603,0.45,0.47257,0.65,0.46885,0.45,0.19527,0.13947
43,,0.20603,0.4,0.42257,0.6,0.41885,0.4,0.14527,0.08947
44,,0.15603,0.35,0.37257,0.55,0.36885,0.35,0.09527,0.03947
45,,0.10603,0.3,0.32257,0.5,0.31885,0.3,0.04527,-0.01053
46,8,0.52703,0.65,0.60157,0.75,0.59785,0.65,0.46627,0.98947
47,8,0.94803,1.0,0.88057,1.0,0.87685,1.0,0.88727,1.0
48,,0.89803,0.95,0.83057,0.95,0.82685,0.95,0.83727,0.95
49,,0.84803,0.9,0.78057,0.9,0.77685,0.9,0.78727,0.9
50,,0.79803,0.85,0.73057,0.85,0.72685,0.85,0.73727,0.85
51,,0.74803,0.8,0.68057,0.8,0.67685,0.8,0.68727,0.8
52,,0.69803,0.75,0.63057,0.75,0.62685,0.75,0.63727,0.75
53,,0.64803,0.7,0.58057,0.7,0.57685,0.7,0.58727,0.7
54,,0.59803,0.65,0.53057,0.65,0.52685,0.65,0.53727,0.65
55,,0.54803,0.6,0.48057,0.6,0.47685,0.6,0.48727,0.6
56,,0.49803,0.55,0.43057,0.55,0.42685,0.55,0.43727,0.55
57,,0.44803,0.5,0.38057,0.5,0.37685,0.5,0.38727,0.5
58,,0.39803,0.45,0.33057,0.45,0.32685,0.45,0.33727,0.45
59,,0.34803,0.4,0.28057,0.4,0.27685,0.4,0.28727,0.4
60,,0.29803,0.35,0.23057,0.35,0.22685,0.35,0.23727,0.35
61,,0.24803,0.3,0.18057,0.3,0.17685,0.3,0.18727,0.3
62,,0.19803,0.25,0.13057,0.25,0.12685,0.25,0.13727,0.25
63,,0.14803,0.2,0.08057,0.2,0.07685,0.2,0.08727,0.2
64,,0.09803,0.15,0.03057,0.15,0.02685,0.15,0.03727,0.15
65,,0.04803,0.1,-0.01943,0.1,-0.02315,0.1,-0.01273,0.1
66,5,0.29803,0.379,0.33057,0.521,0.97685,0.521,0.33727,0.379
67,5,0.54803,0.658,0.68057,0.942,1.0,0.942,0.68727,0.658
68,,0.49803,0.608,0.63057,0.892,0.95,0.892,0.63727,0.608
69,,0.44803,0.558,0.58057,0.842,0.9,0.842,0.58727,0.558
70,,0.39803,0.508,0.53057,0.792,0.85,0.792,0.53727,0.508
71,,0.34803,0.458,0.48057,0.742,0.8,0.742,0.48727,0.458
72,,0.29803,0.408,0.43057,0.692,0.75,0.692,0.43727,0.408
73,,0.24803,0.358,0.38057,0.642,0.7,0.642,0.38727,0.358
74,,0.19803,0.308,0.33057,0.592,0.65,0.592,0.33727,0.308
75,,0.14803,0.258,0.28057,0.542,0.6,0.542,0.28727,0.258
76,,0.09803,0.208,0.23057,0.492,0.55,0.492,0.23727,0.208
77,,0.04803,0.158,0.18057,0.442,0.5,0.442,0.18727,0.158
78,,-0.00197,0.108,0.13057,0.392,0.45,0.392,0.13727,0.108
79,1,0.99803,0.529,0.48057,0.671,0.7,0.671,0.48727,0.529
80,1,1.0,0.95,0.83057,0.95,0.95,0.95,0.83727,0.95
81,,0.95,0.9,0.78057,0.9,0.9,0.9,0.78727,0.9
82,,0.9,0.85,0.73057,0.85,0.85,0.85,0.73727,0.85
83,,0.85,0.8,0.68057,0.8,0.8,0.8,0.68727,0.8
84,,0.8,0.75,0.63057,0.75,0.75,0.75,0.63727,0.75
85,,0.75,0.7,0.58057,0.7,0.7,0.7,0.58727,0.7
86,,0.7,0.65,0.53057,0.65,0.65,0.65,0.53727,0.65
87,,0.65,0.6,0.48057,0.6,0.6,0.6,0.48727,0.6
88,,0.6,0.55,0.43057,0.55,0.55,0.55,0.43727,0.55
89,,0.55,0.5,0.38057,0.5,0.5,0.5,0.38727,0.5
90,,0.5,0.45,0.33057,0.45,0.45,0.45,0.33727,0.45
91,,0.45,0.4,0.28057,0.4,0.4,0.4,0.28727,0.4
92,,0.4,0.35,0.23057,0.35,0.35,0.35,0.23727,0.35
93,,0.35,0.3,0.18057,0.3,0.3,0.3,0.18727,0.3
94,,0.3,0.25,0.13057,0.25,0.25,0.25,0.13727,0.25
95,,0.25,0.2,0.08057,0.2,0.2,0.2,0.08727,0.2
96,,0.2,0.15,0.03057,0.15,0.15,0.15,0.03727,0.15
97,,0.15,0.1,-0.01943,0.1,0.1,0.1,-0.01273,0.1
98,3,0.5,0.521,0.98057,0.521,0.45,0.379,0.23727,0.379
99,3,0.85,0.942,1.0,0.942,0.8,0.658,0.48727,0.658
100,,0.8,0.892,0.95,0.892,0.75,0.608,0.43727,0.608
101,,0.75,0.842,0.9,0.842,0.7,0.558,0.38727,0.558
102,,0.7,0.792,0.85,0.792,0.65,0.508,0.33727,0.508
103,,0.65,0.742,0.8,0.742,0.6,0.458,0.28727,0.458
104,,0.6,0.692,0.75,0.692,0.55,0.408,0.23727,0.408
105,,0.55,0.642,0.7,0.642,0.5,0.358,0.18727,0.358
106,,0.5,0.592,0.65,0.592,0.45,0.308,0.13727,0.308
107,,0.45,0.542,0.6,0.542,0.4,0.258,0.08727,0.258
108,,0.4,0.492,0.55,0.492,0.35,0.208,0.03727,0.208
109,,0.35,0.442,0.5,0.442,0.3,0.158,-0.01273,0.158
110,7,0.7,0.721,0.75,0.721,0.65,0.579,0.98727,0.579
111,7,1.0,1.0,1.0,1.0,1.0,1.0,1.0,1.0
112,,0.95,0.95,0.95,0.95,0.95,0.95,0.95,0.95
113,,0.9,0.9,0.9,0.9,0.9,0.9,0.9,0.9
114,,0.85,0.85,0.85,0.85,0.85,0.85,0.85,0.85
115,,0.8,0.8,0.8,0.8,0.8,0.8,0.8,0.8
116,,0.75,0.75,0.75,0.75,0.75,0.75,0.75,0.75
117,,0.7,0.7,0.7,0.7,0.7,0.7,0.7,0.7
118,,0.65,0.65,0.65,0.65,0.65,0.65,0.65,0.65
119,,0.6,0.6,0.6,0.6,0.6,0.6,0.6,0.6
120,,0.55,0.55,0.55,0.55,0.55,0.55,0.55,0.55
121,,0.5,0.5,0.5,0.5,0.5,0.5,0.5,0.5
122,,0.45,0.45,0.45,0.45,0.45,0.45,0.45,0.45
123,,0.4,0.4,0.4,0.4,0.4,0.4,0.4,0.4
124,,0.35,0.35,0.35,0.35,0.35,0.35,0.35,0.35
125,,0.3,0.3,0.3,0.3,0.3,0.3,0.3,0.3
126,,0.25,0.25,0.25,0.25,0.25,0.25,0.25,0.25
127,,0.2,0.2,0.2,0.2,0.2,0.2,0.2,0.2
128,,0.15,0.15,0.15,0.15,0.15,0.15,0.15,0.15
129,,0.1,0.1,0.1,0.1,0.1,0.1,0.1,0.1
130,,0.05,0.05,0.05,0.05,0.05,0.05,0.05,0.05
131,,0.0,0.0,0.0,0.0,0.0,0.0,0.0,0.0
132,,-0.05,-0.05,-0.05,-0.05,-0.05,-0.05,-0.05,-0.05
133,6,0.229,0.2,0.229,0.3,0.371,0.95,0.371,0.3
134,6,0.508,0.45,0.508,0.65,0.792,1.0,0.792,0.65
135,,0.458,0.4,0.458,0.6,0.742,0.95,0.742,0.6
136,,0.408,0.35,0.408,0.55,0.692,0.9,0.692,0.55
137,,0.358,0.3,0.358,0.5,0.642,0.85,0.642,0.5
138,,0.308,0.25,0.308,0.45,0.592,0.8,0.592,0.45
139,,0.258,0.2,0.258,0.4,0.542,0.75,0.542,0.4
140,,0.208,0.15,0.208,0.35,0.492,0.7,0.492,0.35
141,,0.158,0.1,0.158,0.3,0.442,0.65,0.442,0.3
142,,0.108,0.05,0.108,0.25,0.392,0.6,0.392,0.25
143,,0.058,0.0,0.058,0.2,0.342,0.55,0.342,0.2
144,,0.008,-0.05,0.008,0.15,0.292,0.5,0.292,0.15
145,2,0.429,0.95,0.429,0.5,0.571,0.75,0.571,0.5
146,2,0.85,1.0,0.85,0.85,0.85,1.0,0.85,0.85
147,,0.8,0.95,0.8,0.8,0.8,0.95,0.8,0.8
148,,0.75,0.9,0.75,0.75,0.75,0.9,0.75,0.75
149,,0.7,0.85,0.7,0.7,0.7,0.85,0.7,0.7
150,,0.65,0.8,0.65,0.65,0.65,0.8,0.65,0.65
151,,0.6,0.75,0.6,0.6,0.6,0.75,0.6,0.6
152,,0.55,0.7,0.55,0.55,0.55,0.7,0.55,0.55
153,,0.5,0.65,0.5,0.5,0.5,0.65,0.5,0.5
154,,0.45,0.6,0.45,0.45,0.45,0.6,0.45,0.45
155,,0.4,0.55,0.4,0.4,0.4,0.55,0.4,0.4
156,,0.35,0.5,0.35,0.35,0.35,0.5,0.35,0.35
157,,0.3,0.45,0.3,0.3,0.3,0.45,0.3,0.3
158,,0.25,0.4,0.25,0.25,0.25,0.4,0.25,0.25
159,,0.2,0.35,0.2,0.2,0.2,0.35,0.2,0.2
160,,0.15,0.3,0.15,0.15,0.15,0.3,0.15,0.15
161,,0.1,0.25,0.1,0.1,0.1,0.25,0.1,0.1
162,,0.05,0.2,0.05,0.05,0.05,0.2,0.05,0.05
163,,0.0,0.15,0.0,0.0,0.0,0.15,0.0,0.0
164,,-0.05,0.1,-0.05,-0.05,-0.05,0.1,-0.05,-0.05
165,3,0.3,0.521,0.95,0.371,0.3,0.379,0.2,0.229
166,3,0.65,0.942,1.0,0.792,0.65,0.658,0.45,0.508
167,,0.6,0.892,0.95,0.742,0.6,0.608,0.4,0.458
168,,0.55,0.842,0.9,0.692,0.55,0.558,0.35,0.408
169,,0.5,0.792,0.85,0.642,0.5,0.508,0.3,0.358
170,,0.45,0.742,0.8,0.592,0.45,0.458,0.25,0.308
171,,0.4,0.692,0.75,0.542,0.4,0.408,0.2,0.258
172,,0.35,0.642,0.7,0.492,0.35,0.358,0.15,0.208
173,,0.3,0.592,0.65,0.442,0.3,0.308,0.1,0.158
174,,0.25,0.542,0.6,0.392,0.25,0.258,0.05,0.108
175,,0.2,0.492,0.55,0.342,0.2,0.208,0.0,0.058
176,,0.15,0.442,0.5,0.292,0.15,0.158,-0.05,0.008
177,7,0.5,0.721,0.75,0.571,0.5,0.579,0.95,0.429
178,7,0.85,1.0,1.0,0.85,0.85,1.0,1.0,0.85
179,,0.8,0.95,0.95,0.8,0.8,0.95,0.95,0.8
180,,0.75,0.9,0.9,0.75,0.75,0.9,0.9,0.75
181,,0.7,0.85,0.85,0.7,0.7,0.85,0.85,0.7
182,,0.65,0.8,0.8,0.65,0.65,0.8,0.8,0.65
183,,0.6,0.75,0.75,0.6,0.6,0.75,0.75,0.6
184,,0.55,0.7,0.7,0.55,0.55,0.7,0.7,0.55
185,,0.5,0.65,0.65,0.5,0.5,0.65,0.65,0.5
186,,0.45,0.6,0.6,0.45,0.45,0.6,0.6,0.45
187,,0.4,0.55,0.55,0.4,0.4,0.55,0.55,0.4
188,,0.35,0.5,0.5,0.35,0.35,0.5,0.5,0.35
189,,0.3,0.45,0.45,0.3,0.3,0.45,0.45,0.3
190,,0.25,0.4,0.4,0.25,0.25,0.4,0.4,0.25
191,,0.2,0.35,0.35,0.2,0.2,0.35,0.35,0.2
192,,0.15,0.3,0.3,0.15,0.15,0.3,0.3,0.15
193,,0.1,0.25,0.25,0.1,0.1,0.25,0.25,0.1
194,,0.05,0.2,0.2,0.05,0.05,0.2,0.2,0.05
195,,0.0,0.15,0.15,0.0,0.0,0.15,0.15,0.0
196,,-0.05,0.1,0.1,-0.05,-0.05,0.1,0.1,-0.05
197,5,0.2,0.379,0.45,0.371,0.95,0.521,0.45,0.229
198,5,0.45,0.658,0.8,0.792,1.0,0.942,0.8,0.508
199,,0.4,0.608,0.75,0.742,0.95,0.892,0.75,0.458
200,,0.35,0.558,0.7,0.692,0.9,0.842,0.7,0.408
201,,0.3,0.508,0.65,0.642,0.85,0.792,0.65,0.358
202,,0.25,0.458,0.6,0.592,0.8,0.742,0.6,0.308
203,,0.2,0.408,0.55,0.542,0.75,0.692,0.55,0.258
204,,0.15,0.358,0.5,0.492,0.7,0.642,0.5,0.208
205,,0.1,0.308,0.45,0.442,0.65,0.592,0.45,0.158
206,,0.05,0.258,0.4,0.392,0.6,0.542,0.4,0.108
207,,0.0,0.208,0.35,0.342,0.55,0.492,0.35,0.058
208,,-0.05,0.158,0.3,0.292,0.5,0.442,0.3,0.008
209,1,0.95,0.579,0.65,0.571,0.75,0.721,0.65,0.429
210,1,1.0,1.0,1.0,0.85,1.0,1.0,1.0,0.85
211,,0.95,0.95,0.95,0.8,0.95,0.95,0.95,0.8
212,,0.9,0.9,0.9,0.75,0.9,0.9,0.9,0.75
213,,0.85,0.85,0.85,0.7,0.85,0.85,0.85,0.7
214,,0.8,0.8,0.8,0.65,0.8,0.8,0.8,0.65
215,,0.75,0.75,0.75,0.6,0.75,0.75,0.75,0.6
216,,0.7,0.7,0.7,0.55,0.7,0.7,0.7,0.55
217,,0.65,0.65,0.65,0.5,0.65,0.65,0.65,0.5
218,,0.6,0.6,0.6,0.45,0.6,0.6,0.6,0.45
219,,0.55,0.55,0.55,0.4,0.55,0.55,0.55,0.4
220,,0.5,0.5,0.5,0.35,0.5,0.5,0.5,0.35
221,,0.45,0.45,0.45,0.3,0.45,0.45,0.45,0.3
222,,0.4,0.4,0.4,0.25,0.4,0.4,0.4,0.25
223,,0.35,0.35,0.35,0.2,0.35,0.35,0.35,0.2
224,,0.3,0.3,0.3,0.15,0.3,0.3,0.3,0.15
225,,0.25,0.25,0.25,0.1,0.25,0.25,0.25,0.1
226,,0.2,0.2,0.2,0.05,0.2,0.2,0.2,0.05
227,,0.15,0.15,0.15,0.0,0.15,0.15,0.15,0.0
228,,0.1,0.1,0.1,-0.05,0.1,0.1,0.1,-0.05
229,8,0.521,0.45,0.379,0.2,0.379,0.45,0.521,0.95
230,8,0.942,0.8,0.658,0.45,0.658,0.8,0.942,1.0
231,,0.892,0.75,0.608,0.4,0.608,0.75,0.892,0.95
232,,0.842,0.7,0.558,0.35,0.558,0.7,0.842,0.9
233,,0.792,0.65,0.508,0.3,0.508,0.65,0.792,0.85
234,,0.742,0.6,0.458,0.25,0.458,0.6,0.742,0.8
235,,0.692,0.55,0.408,0.2,0.408,0.55,0.692,0.75
236,,0.642,0.5,0.358,0.15,0.358,0.5,0.642,0.7
237,,0.592,0.45,0.308,0.1,0.308,0.45,0.592,0.65
238,,0.542,0.4,0.258,0.05,0.258,0.4,0.542,0.6
239,,0.492,0.35,0.208,0.0,0.208,0.35,0.492,0.55
240,,0.442,0.3,0.158,-0.05,0.158,0.3,0.442,0.5
241,4,0.721,0.65,0.579,0.95,0.579,0.65,0.721,0.75
242,4,1.0,1.0,1.0,1.0,1.0,1.0,1.0,1.0
243,,0.95,0.95,0.95,0.95,0.95,0.95,0.95,0.95
244,,0.9,0.9,0.9,0.9,0.9,0.9,0.9,0.9
245,,0.85,0.85,0.85,0.85,0.85,0.85,0.85,0.85
246,,0.8,0.8,0.8,0.8,0.8,0.8,0.8,0.8
247,,0.75,0.75,0.75,0.75,0.75,0.75,0.75,0.75
248,,0.7,0.7,0.7,0.7,0.7,0.7,0.7,0.7
249,,0.65,0.65,0.65,0.65,0.65,0.65,0.65,0.65
250,,0.6,0.6,0.6,0.6,0.6,0.6,0.6,0.6
251,,0.55,0.55,0.55,0.55,0.55,0.55,0.55,0.55
252,,0.5,0.5,0.5,0.5,0.5,0.5,0.5,0.5
253,,0.45,0.45,0.45,0.45,0.45,0.45,0.45,0.45
254,,0.4,0.4,0.4,0.4,0.4,0.4,0.4,0.4
255,,0.35,0.35,0.35,0.35,0.35,0.35,0.35,0.35
256,,0.3,0.3,0.3,0.3,0.3,0.3,0.3,0.3
257,,0.25,0.25,0.25,0.25,0.25,0.25,0.25,0.25
258,,0.2,0.2,0.2,0.2,0.2,0.2,0.2,0.2
259,,0.15,0.15,0.15,0.15,0.15,0.15,0.15,0.15
260,,0.1,0.1,0.1,0.1,0.1,0.1,0.1,0.1
261,,0.05,0.05,0.05,0.05,0.05,0.05,0.05,0.05
262,,0.0,0.0,0.0,0.0,0.0,0.0,0.0,0.0
263,,-0.05,-0.05,-0.05,-0.05,-0.05,-0.05,-0.05,-0.05
264,6,0.229,0.2,0.229,0.3,0.371,0.95,0.371,0.3
265,6,0.508,0.45,0.508,0.65,0.792,1.0,0.792,0.65
266,,0.458,0.4,0.458,0.6,0.742,0.95,0.742,0.6
267,,0.408,0.35,0.408,0.55,0.692,0.9,0.692,0.55
268,,0.358,0.3,0.358,0.5,0.642,0.85,0.642,0.5
269,,0.308,0.25,0.308,0.45,0.592,0.8,0.592,0.45
270,,0.258,0.2,0.258,0.4,0.542,0.75,0.542,0.4
271,,0.208,0.15,0.208,0.35,0.492,0.7,0.492,0.35
272,,0.158,0.1,0.158,0.3,0.442,0.65,0.442,0.3
273,,0.108,0.05,0.108,0.25,0.392,0.6,0.392,0.25
274,,0.058,0.0,0.058,0.2,0.342,0.55,0.342,0.2
275,,0.008,-0.05,0.008,0.15,0.292,0.5,0.292,0.15
276,2,0.429,0.95,0.429,0.5,0.571,0.75,0.571,0.5
277,2,0.85,1.0,0.85,0.85,0.85,1.0,0.85,0.85
278,,0.8,0.95,0.8,0.8,0.8,0.95,0.8,0.8
279,,0.75,0.9,0.75,0.75,0.75,0.9,0.75,0.75
280,,0.7,0.85,0.7,0.7,0.7,0.85,0.7,0.7
281,,0.65,0.8,0.65,0.65,0.65,0.8,0.65,0.65
282,,0.6,0.75,0.6,0.6,0.6,0.75,0.6,0.6
283,,0.55,0.7,0.55,0.55,0.55,0.7,0.55,0.55
284,,0.5,0.65,0.5,0.5,0.5,0.65,0.5,0.5
285,,0.45,0.6,0.45,0.45,0.45,0.6,0.45,0.45
286,,0.4,0.55,0.4,0.4,0.4,0.55,0.4,0.4
287,,0.35,0.5,0.35,0.35,0.35,0.5,0.35,0.35
288,,0.3,0.45,0.3,0.3,0.3,0.45,0.3,0.3
289,,0.25,0.4,0.25,0.25,0.25,0.4,0.25,0.25
290,,0.2,0.35,0.2,0.2,0.2,0.35,0.2,0.2
291,,0.15,0.3,0.15,0.15,0.15,0.3,0.15,0.15
292,,0.1,0.25,0.1,0.1,0.1,0.25,0.1,0.1
293,,0.05,0.2,0.05,0.05,0.05,0.2,0.05,0.05
294,,0.0,0.15,0.0,0.0,0.0,0.15,0.0,0.0
295,,-0.05,0.1,-0.05,-0.05,-0.05,0.1,-0.05,-0.05
296,3,0.3,0.521,0.95,0.371,0.3,0.379,0.2,0.229
297,3,0.65,0.942,1.0,0.792,0.65,0.658,0.45,0.508
298,,0.6,0.892,0.95,0.742,0.6,0.608,0.4,0.458
299,,0.55,0.842,0.9,0.692,0.55,0.558,0.35,0.408
300,,0.5,0.792,0.85,0.642,0.5,0.508,0.3,0.358
301,,0.45,0.742,0.8,0.592,0.45,0.458,0.25,0.308
302,,0.4,0.692,0.75,0.542,0.4,0.408,0.2,0.258
303,,0.35,0.642,0.7,0.492,0.35,0.358,0.15,0.208
304,,0.3,0.592,0.65,0.442,0.3,0.308,0.1,0.158
305,,0.25,0.542,0.6,0.392,0.25,0.258,0.05,0.108
306,,0.2,0.492,0.55,0.342,0.2,0.208,0.0,0.058
307,,0.15,0.442,0.5,0.292,0.15,0.158,-0.05,0.008
308,7,0.5,0.721,0.75,0.571,0.5,0.579,0.95,0.429
309,7,0.85,1.0,1.0,0.85,0.85,1.0,1.0,0.85
310,,0.8,0.95,0.95,0.8,0.8,0.95,0.95,0.8
311,,0.75,0.9,0.9,0.75,0.75,0.9,0.9,0.75
312,,0.7,0.85,0.85,0.7,0.7,0.85,0.85,0.7
313,,0.65,0.8,0.8,0.65,0.65,0.8,0.8,0.65
314,,0.6,0.75,0.75,0.6,0.6,0.75,0.75,0.6
315,,0.55,0.7,0.7,0.55,0.55,0.7,0.7,0.55
316,,0.5,0.65,0.65,0.5,0.5,0.65,0.65,0.5
317,,0.45,0.6,0.6,0.45,0.45,0.6,0.6,0.45
318,,0.4,0.55,0.55,0.4,0.4,0.55,0.55,0.4
319,,0.35,0.5,0.5,0.35,0.35,0.5,0.5,0.35
320,,0.3,0.45,0.45,0.3,0.3,0.45,0.45,0.3
321,,0.25,0.4,0.4,0.25,0.25,0.4,0.4,0.25
322,,0.2,0.35,0.35,0.2,0.2,0.35,0.35,0.2
323,,0.15,0.3,0.3,0.15,0.15,0.3,0.3,0.15
324,,0.1,0.25,0.25,0.1,0.1,0.25,0.25,0.1
325,,0.05,0.2,0.2,0.05,0.05,0.2,0.2,0.05
326,,0.0,0.15,0.15,0.0,0.0,0.15,0.15,0.0
327,,-0.05,0.1,0.1,-0.05,-0.05,0.1,0.1,-0.05
328,8,0.371,0.45,0.379,0.2,0.229,0.45,0.521,0.95
329,8,0.792,0.8,0.658,0.45,0.508,0.8,0.942,1.0
330,,0.742,0.75,0.608,0.4,0.458,0.75,0.892,0.95
331,,0.692,0.7,0.558,0.35,0.408,0.7,0.842,0.9
332,,0.642,0.65,0.508,0.3,0.358,0.65,0.792,0.85
333,,0.592,0.6,0.458,0.25,0.308,0.6,0.742,0.8
334,,0.542,0.55,0.408,0.2,0.258,0.55,0.692,0.75
335,,0.492,0.5,0.358,0.15,0.208,0.5,0.642,0.7
336,,0.442,0.45,0.308,0.1,0.158,0.45,0.592,0.65
337,,0.392,0.4,0.258,0.05,0.108,0.4,0.542,0.6
338,,0.342,0.35,0.208,0.0,0.058,0.35,0.492,0.55
339,,0.292,0.3,0.158,-0.05,0.008,0.3,0.442,0.5
340,4,0.571,0.65,0.579,0.95,0.429,0.65,0.721,0.75
341,4,0.85,1.0,1.0,1.0,0.85,1.0,1.0,1.0
342,,0.8,0.95,0.95,0.95,0.8,0.95,0.95,0.95
343,,0.75,0.9,0.9,0.9,0.75,0.9,0.9,0.9
344,,0.7,0.85,0.85,0.85,0.7,0.85,0.85,0.85
345,,0.65,0.8,0.8,0.8,0.65,0.8,0.8,0.8
346,,0.6,0.75,0.75,0.75,0.6,0.75,0.75,0.75
347,,0.55,0.7,0.7,0.7,0.55,0.7,0.7,0.7
348,,0.5,0.65,0.65,0.65,0.5,0.65,0.65,0.65
349,,0.45,0.6,0.6,0.6,0.45,0.6,0.6,0.6
350,,0.4,0.55,0.55,0.55,0.4,0.55,0.55,0.55
351,,0.35,0.5,0.5,0.5,0.35,0.5,0.5,0.5
352,,0.3,0.45,0.45,0.45,0.3,0.45,0.45,0.45
353,,0.25,0.4,0.4,0.4,0.25,0.4,0.4,0.4
354,,0.2,0.35,0.35,0.35,0.2,0.35,0.35,0.35
355,,0.15,0.3,0.3,0.3,0.15,0.3,0.3,0.3
356,,0.1,0.25,0.25,0.25,0.1,0.25,0.25,0.25
357,,0.05,0.2,0.2,0.2,0.05,0.2,0.2,0.2
358,,0.0,0.15,0.15,0.15,0.0,0.15,0.15,0.15
359,,-0.05,0.1,0.1,0.1,-0.05,0.1,0.1,0.1
360,1,0.95,0.521,0.45,0.379,0.2,0.379,0.45,0.521
361,1,1.0,0.942,0.8,0.658,0.45,0.658,0.8,0.942
362,,0.95,0.892,0.75,0.608,0.4,0.608,0.75,0.892
363,,0.9,0.842,0.7,0.558,0.35,0.558,0.7,0.842
364,,0.85,0.792,0.65,0.508,0.3,0.508,0.65,0.792
365,,0.8,0.742,0.6,0.458,0.25,0.458,0.6,0.742
366,,0.75,0.692,0.55,0.408,0.2,0.408,0.55,0.692
367,,0.7,0.642,0.5,0.358,0.15,0.358,0.5,0.642
368,,0.65,0.592,0.45,0.308,0.1,0.308,0.45,0.592
369,,0.6,0.542,0.4,0.258,0.05,0.258,0.4,0.542
370,,0.55,0.492,0.35,0.208,0.0,0.208,0.35,0.492
371,,0.5,0.442,0.3,0.158,-0.05,0.158,0.3,0.442
372,5,0.75,0.721,0.65,0.579,0.95,0.579,0.65,0.721
373,5,1.0,1.0,1.0,1.0,1.0,1.0,1.0,1.0
374,,0.95,0.95,0.95,0.95,0.95,0.95,0.95,0.95
375,,0.9,0.9,0.9,0.9,0.9,0.9,0.9,0.9
376,,0.85,0.85,0.85,0.85,0.85,0.85,0.85,0.85
377,,0.8,0.8,0.8,0.8,0.8,0.8,0.8,0.8
378,,0.75,0.75,0.75,0.75,0.75,0.75,0.75,0.75
379,,0.7,0.7,0.7,0.7,0.7,0.7,0.7,0.7
380,,0.65,0.65,0.65,0.65,0.65,0.65,0.65,0.65
381,,0.6,0.6,0.6,0.6,0.6,0.6,0.6,0.6
382,,0.55,0.55,0.55,0.55,0.55,0.55,0.55,0.55
383,,0.5,0.5,0.5,0.5,0.5,0.5,0.5,0.5
384,,0.45,0.45,0.45,0.45,0.45,0.45,0.45,0.45
385,,0.4,0.4,0.4,0.4,0.4,0.4,0.4,0.4
386,,0.35,0.35,0.35,0.35,0.35,0.35,0.35,0.35
387,,0.3,0.3,0.3,0.3,0.3,0.3,0.3,0.3
388,,0.25,0.25,0.25,0.25,0.25,0.25,0.25,0.25
389,,0.2,0.2,0.2,0.2,0.2,0.2,0.2,0.2
390,,0.15,0.15,0.15,0.15,0.15,0.15,0.15,0.15
391,,0.1,0.1,0.1,0.1,0.1,0.1,0.1,0.1
392,,0.05,0.05,0.05,0.05,0.05,0.05,0.05,0.05
393,,0.0,0.0,0.0,0.0,0.0,0.0,0.0,0.0
394,,-0.05,-0.05,-0.05,-0.05,-0.05,-0.05,-0.05,-0.05
395,6,0.229,0.2,0.229,0.3,0.371,0.95,0.371,0.3
396,6,0.508,0.45,0.508,0.65,0.792,1.0,0.792,0.65
397,,0.458,0.4,0.458,0.6,0.742,0.95,0.742,0.6
398,,0.408,0.35,0.408,0.55,0.692,0.9,0.692,0.55
399,,0.358,0.3,0.358,0.5,0.642,0.85,0.642,0.5
400,,0.308,0.25,0.308,0.45,0.592,0.8,0.592,0.45
401,,0.258,0.2,0.258,0.4,0.542,0.75,0.542,0.4
402,,0.208,0.15,0.208,0.35,0.492,0.7,0.492,0.35
403,,0.158,0.1,0.158,0.3,0.442,0.65,0.442,0.3
404,,0.108,0.05,0.108,0.25,0.392,0.6,0.392,0.25
405,,0.058,0.0,0.058,0.2,0.342,0.55,0.342,0.2
406,,0.008,-0.05,0.008,0.15,0.292,0.5,0.292,0.15
407,2,0.429,0.95,0.429,0.5,0.571,0.75,0.571,0.5
408,2,0.85,1.0,0.85,0.85,0.85,1.0,0.85,0.85
409,,0.8,0.95,0.8,0.8,0.8,0.95,0.8,0.8
410,,0.75,0.9,0.75,0.75,0.75,0.9,0.75,0.75
411,,0.7,0.85,0.7,0.7,0.7,0.85,0.7,0.7
412,,0.65,0.8,0.65,0.65,0.65,0.8,0.65,0.65
413,,0.6,0.75,0.6,0.6,0.6,0.75,0.6,0.6
414,,0.55,0.7,0.55,0.55,0.55,0.7,0.55,0.55
415,,0.5,0.65,0.5,0.5,0.5,0.65,0.5,0.5
416,,0.45,0.6,0.45,0.45,0.45,0.6,0.45,0.45
417,,0.4,0.55,0.4,0.4,0.4,0.55,0.4,0.4
418,,0.35,0.5,0.35,0.35,0.35,0.5,0.35,0.35
419,,0.3,0.45,0.3,0.3,0.3,0.45,0.3,0.3
420,,0.25,0.4,0.25,0.25,0.25,0.4,0.25,0.25
421,,0.2,0.35,0.2,0.2,0.2,0.35,0.2,0.2
422,,0.15,0.3,0.15,0.15,0.15,0.3,0.15,0.15
423,,0.1,0.25,0.1,0.1,0.1,0.25,0.1,0.1
424,,0.05,0.2,0.05,0.05,0.05,0.2,0.05,0.05
425,,0.0,0.15,0.0,0.0,0.0,0.15,0.0,0.0
426,,-0.05,0.1,-0.05,-0.05,-0.05,0.1,-0.05,-0.05
427,3,0.3,0.521,0.95,0.371,0.3,0.379,0.2,0.229
428,3,0.65,0.942,1.0,0.792,0.65,0.658,0.45,0.508
429,,0.6,0.892,0.95,0.742,0.6,0.608,0.4,0.458
430,,0.55,0.842,0.9,0.692,0.55,0.558,0.35,0.408
431,,0.5,0.792,0.85,0.642,0.5,0.508,0.3,0.358
432,,0.45,0.742,0.8,0.592,0.45,0.458,0.25,0.308
433,,0.4,0.692,0.75,0.542,0.4,0.408,0.2,0.258
434,,0.35,0.642,0.7,0.492,0.35,0.358,0.15,0.208
435,,0.3,0.592,0.65,0.442,0.3,0.308,0.1,0.158
436,,0.25,0.542,0.6,0.392,0.25,0.258,0.05,0.108
437,,0.2,0.492,0.55,0.342,0.2,0.208,0.0,0.058
438,,0.15,0.442,0.5,0.292,0.15,0.158,-0.05,0.008
439,7,0.5,0.721,0.75,0.571,0.5,0.579,0.95,0.429
440,7,0.85,1.0,1.0,0.85,0.85,1.0,1.0,0.85
441,,0.8,0.95,0.95,0.8,0.8,0.95,0.95,0.8
442,,0.75,0.9,0.9,0.75,0.75,0.9,0.9,0.75
443,,0.7,0.85,0.85,0.7,0.7,0.85,0.85,0.7
444,,0.65,0.8,0.8,0.65,0.65,0.8,0.8,0.65
445,,0.6,0.75,0.75,0.6,0.6,0.75,0.75,0.6
446,,0.55,0.7,0.7,0.55,0.55,0.7,0.7,0.55
447,,0.5,0.65,0.65,0.5,0.5,0.65,0.65,0.5
448,,0.45,0.6,0.6,0.45,0.45,0.6,0.6,0.45
449,,0.4,0.55,0.55,0.4,0.4,0.55,0.55,0.4
450,,0.35,0.5,0.5,0.35,0.35,0.5,0.5,0.35
451,,0.3,0.45,0.45,0.3,0.3,0.45,0.45,0.3
452,,0.25,0.4,0.4,0.25,0.25,0.4,0.4,0.25
453,,0.2,0.35,0.35,0.2,0.2,0.35,0.35,0.2
454,,0.15,0.3,0.3,0.15,0.15,0.3,0.3,0.15
455,,0.1,0.25,0.25,0.1,0.1,0.25,0.25,0.1
456,,0.05,0.2,0.2,0.05,0.05,0.2,0.2,0.05
457,,0.0,0.15,0.15,0.0,0.0,0.15,0.15,0.0
458,,-0.05,0.1,0.1,-0.05,-0.05,0.1,0.1,-0.05
459,5,0.2,0.379,0.45,0.371,0.95,0.521,0.45,0.229
460,5,0.45,0.658,0.8,0.792,1.0,0.942,0.8,0.508
461,,0.4,0.608,0.75,0.742,0.95,0.892,0.75,0.458
462,,0.35,0.558,0.7,0.692,0.9,0.842,0.7,0.408
463,,0.3,0.508,0.65,0.642,0.85,0.792,0.65,0.358
464,,0.25,0.458,0.6,0.592,0.8,0.742,0.6,0.308
465,,0.2,0.408,0.55,0.542,0.75,0.692,0.55,0.258
466,,0.15,0.358,0.5,0.492,0.7,0.642,0.5,0.208
467,,0.1,0.308,0.45,0.442,0.65,0.592,0.45,0.158
468,,0.05,0.258,0.4,0.392,0.6,0.542,0.4,0.108
469,,0.0,0.208,0.35,0.342,0.55,0.492,0.35,0.058
470,,-0.05,0.158,0.3,0.292,0.5,0.442,0.3,0.008
471,1,0.95,0.579,0.65,0.571,0.75,0.721,0.65,0.429
472,1,1.0,1.0,1.0,0.85,1.0,1.0,1.0,0.85
473,,0.95,0.95,0.95,0.8,0.95,0.95,0.95,0.8
474,,0.9,0.9,0.9,0.75,0.9,0.9,0.9,0.75
475,,0.85,0.85,0.85,0.7,0.85,0.85,0.85,0.7
476,,0.8,0.8,0.8,0.65,0.8,0.8,0.8,0.65
477,,0.75,0.75,0.75,0.6,0.75,0.75,0.75,0.6
478,,0.7,0.7,0.7,0.55,0.7,0.7,0.7,0.55
479,,0.65,0.65,0.65,0.5,0.65,0.65,0.65,0.5
480,,0.6,0.6,0.6,0.45,0.6,0.6,0.6,0.45
481,,0.55,0.55,0.55,0.4,0.55,0.55,0.55,0.4
482,,0.5,0.5,0.5,0.35,0.5,0.5,0.5,0.35
483,,0.45,0.45,0.45,0.3,0.45,0.45,0.45,0.3
484,,0.4,0.4,0.4,0.25,0.4,0.4,0.4,0.25
485,,0.35,0.35,0.35,0.2,0.35,0.35,0.35,0.2
486,,0.3,0.3,0.3,0.15,0.3,0.3,0.3,0.15
487,,0.25,0.25,0.25,0.1,0.25,0.25,0.25,0.1
488,,0.2,0.2,0.2,0.05,0.2,0.2,0.2,0.05
489,,0.15,0.15,0.15,0.0,0.15,0.15,0.15,0.0
490,,0.1,0.1,0.1,-0.05,0.1,0.1,0.1,-0.05
491,4,0.379,0.45,0.521,0.95,0.521,0.45,0.379,0.2
492,4,0.658,0.8,0.942,1.0,0.942,0.8,0.658,0.45
493,,0.608,0.75,0.892,0.95,0.892,0.75,0.608,0.4
494,,0.558,0.7,0.842,0.9,0.842,0.7,0.558,0.35
495,,0.508,0.65,0.792,0.85,0.792,0.65,0.508,0.3
496,,0.458,0.6,0.742,0.8,0.742,0.6,0.458,0.25
497,,0.408,0.55,0.692,0.75,0.692,0.55,0.408,0.2
498,,0.358,0.5,0.642,0.7,0.642,0.5,0.358,0.15
499,,0.308,0.45,0.592,0.65,0.592,0.45,0.308,0.1
500,,0.258,0.4,0.542,0.6,0.542,0.4,0.258,0.05
501,,0.208,0.35,0.492,0.55,0.492,0.35,0.208,0.0
502,,0.158,0.3,0.442,0.5,0.442,0.3,0.158,-0.05
503,8,0.579,0.65,0.721,0.75,0.721,0.65,0.579,0.95
504,8,1.0,1.0,1.0,1.0,1.0,1.0,1.0,1.0
505,,0.95,0.95,0.95,0.95,0.95,0.95,0.95,0.95
506,,0.9,0.9,0.9,0.9,0.9,0.9,0.9,0.9
507,,0.85,0.85,0.85,0.85,0.85,0.85,0.85,0.85
508,,0.8,0.8,0.8,0.8,0.8,0.8,0.8,0.8
509,,0.75,0.75,0.75,0.75,0.75,0.75,0.75,0.75
510,,0.7,0.7,0.7,0.7,0.7,0.7,0.7,0.7
511,,0.65,0.65,0.65,0.65,0.65,0.65,0.65,0.65
512,,0.6,0.6,0.6,0.6,0.6,0.6,0.6,0.6
513,,0.55,0.55,0.55,0.55,0.55,0.55,0.55,0.55
514,,0.5,0.5,0.5,0.5,0.5,0.5,0.5,0.5
515,,0.45,0.45,0.45,0.45,0.45,0.45,0.45,0.45
516,,0.4,0.4,0.4,0.4,0.4,0.4,0.4,0.4
517,,0.35,0.35,0.35,0.35,0.35,0.35,0.35,0.35
518,,0.3,0.3,0.3,0.3,0.3,0.3,0.3,0.3
519,,0.25,0.25,0.25,0.25,0.25,0.25,0.25,0.25
520,,0.2,0.2,0.2,0.2,0.2,0.2,0.2,0.2
521,,0.15,0.15,0.15,0.15,0.15,0.15,0.15,0.15
522,,0.1,0.1,0.1,0.1,0.1,0.1,0.1,0.1
523,,0.05,0.05,0.05,0.05,0.05,0.05,0.05,0.05
524,,0.0,0.0,0.0,0.0,0.0,0.0,0.0,0.0
525,,-0.05,-0.05,-0.05,-0.05,-0.05,-0.05,-0.05,-0.05
526,2,0.371,0.95,0.371,0.3,0.229,0.2,0.229,0.3
527,2,0.792,1.0,0.792,0.65,0.508,0.45,0.508,0.65
528,,0.742,0.95,0.742,0.6,0.458,0.4,0.458,0.6
529,,0.692,0.9,0.692,0.55,0.408,0.35,0.408,0.55
530,,0.642,0.85,0.642,0.5,0.358,0.3,0.358,0.5
531,,0.592,0.8,0.592,0.45,0.308,0.25,0.308,0.45
532,,0.542,0.75,0.542,0.4,0.258,0.2,0.258,0.4
533,,0.492,0.7,0.492,0.35,0.208,0.15,0.208,0.35
534,,0.442,0.65,0.442,0.3,0.158,0.1,0.158,0.3
535,,0.392,0.6,0.392,0.25,0.108,0.05,0.108,0.25
536,,0.342,0.55,0.342,0.2,0.058,0.0,0.058,0.2
537,,0.292,0.5,0.292,0.15,0.008,-0.05,0.008,0.15
538,6,0.571,0.75,0.571,0.5,0.429,0.95,0.429,0.5
539,6,0.85,1.0,0.85,0.85,0.85,1.0,0.85,0.85
540,,0.8,0.95,0.8,0.8,0.8,0.95,0.8,0.8
541,,0.75,0.9,0.75,0.75,0.75,0.9,0.75,0.75
542,,0.7,0.85,0.7,0.7,0.7,0.85,0.7,0.7
543,,0.65,0.8,0.65,0.65,0.65,0.8,0.65,0.65
544,,0.6,0.75,0.6,0.6,0.6,0.75,0.6,0.6
545,,0.55,0.7,0.55,0.55,0.55,0.7,0.55,0.55
546,,0.5,0.65,0.5,0.5,0.5,0.65,0.5,0.5
547,,0.45,0.6,0.45,0.45,0.45,0.6,0.45,0.45
548,,0.4,0.55,0.4,0.4,0.4,0.55,0.4,0.4
549,,0.35,0.5,0.35,0.35,0.35,0.5,0.35,0.35
550,,0.3,0.45,0.3,0.3,0.3,0.45,0.3,0.3
551,,0.25,0.4,0.25,0.25,0.25,0.4,0.25,0.25
552,,0.2,0.35,0.2,0.2,0.2,0.35,0.2,0.2
553,,0.15,0.3,0.15,0.15,0.15,0.3,0.15,0.15
554,,0.1,0.25,0.1,0.1,0.1,0.25,0.1,0.1
555,,0.05,0.2,0.05,0.05,0.05,0.2,0.05,0.05
556,,0.0,0.15,0.0,0.0,0.0,0.15,0.0,0.0
557,,-0.05,0.1,-0.05,-0.05,-0.05,0.1,-0.05,-0.05
558,3,0.3,0.521,0.95,0.371,0.3,0.379,0.2,0.229
559,3,0.65,0.942,1.0,0.792,0.65,0.658,0.45,0.508
560,,0.6,0.892,0.95,0.742,0.6,0.608,0.4,0.458
561,,0.55,0.842,0.9,0.692,0.55,0.558,0.35,0.408
562,,0.5,0.792,0.85,0.642,0.5,0.508,0.3,0.358
563,,0.45,0.742,0.8,0.592,0.45,0.458,0.25,0.308
564,,0.4,0.692,0.75,0.542,0.4,0.408,0.2,0.258
565,,0.35,0.642,0.7,0.492,0.35,0.358,0.15,0.208
566,,0.3,0.592,0.65,0.442,0.3,0.308,0.1,0.158
567,,0.25,0.542,0.6,0.392,0.25,0.258,0.05,0.108
568,,0.2,0.492,0.55,0.342,0.2,0.208,0.0,0.058
569,,0.15,0.442,0.5,0.292,0.15,0.158,-0.05,0.008
570,7,0.5,0.721,0.75,0.571,0.5,0.579,0.95,0.429
571,7,0.85,1.0,1.0,0.85,0.85,1.0,1.0,0.85
572,,0.8,0.95,0.95,0.8,0.8,0.95,0.95,0.8
573,,0.75,0.9,0.9,0.75,0.75,0.9,0.9,0.75
574,,0.7,0.85,0.85,0.7,0.7,0.85,0.85,0.7
575,,0.65,0.8,0.8,0.65,0.65,0.8,0.8,0.65
576,,0.6,0.75,0.75,0.6,0.6,0.75,0.75,0.6
577,,0.55,0.7,0.7,0.55,0.55,0.7,0.7,0.55
578,,0.5,0.65,0.65,0.5,0.5,0.65,0.65,0.5
579,,0.45,0.6,0.6,0.45,0.45,0.6,0.6,0.45
580,,0.4,0.55,0.55,0.4,0.4,0.55,0.55,0.4
581,,0.35,0.5,0.5,0.35,0.35,0.5,0.5,0.35
582,,0.3,0.45,0.45,0.3,0.3,0.45,0.45,0.3
583,,0.25,0.4,0.4,0.25,0.25,0.4,0.4,0.25
584,,0.2,0.35,0.35,0.2,0.2,0.35,0.35,0.2
585,,0.15,0.3,0.3,0.15,0.15,0.3,0.3,0.15
586,,0.1,0.25,0.25,0.1,0.1,0.25,0.25,0.1
587,,0.05,0.2,0.2,0.05,0.05,0.2,0.2,0.05
588,,0.0,0.15,0.15,0.0,0.0,0.15,0.15,0.0
589,,-0.05,0.1,0.1,-0.05,-0.05,0.1,0.1,-0.05
590,4,0.229,0.45,0.521,0.95,0.371,0.45,0.379,0.2
591,4,0.508,0.8,0.942,1.0,0.792,0.8,0.658,0.45
592,,0.458,0.75,0.892,0.95,0.742,0.75,0.608,0.4
593,,0.408,0.7,0.842,0.9,0.692,0.7,0.558,0.35
594,,0.358,0.65,0.792,0.85,0.642,0.65,0.508,0.3
595,,0.308,0.6,0.742,0.8,0.592,0.6,0.458,0.25
596,,0.258,0.55,0.692,0.75,0.542,0.55,0.408,0.2
597,,0.208,0.5,0.642,0.7,0.492,0.5,0.358,0.15
598,,0.158,0.45,0.592,0.65,0.442,0.45,0.308,0.1
599,,0.108,0.4,0.542,0.6,0.392,0.4,0.258,0.05
600,,0.058,0.35,0.492,0.55,0.342,0.35,0.208,0.0
601,,0.008,0.3,0.442,0.5,0.292,0.3,0.158,-0.05
602,8,0.429,0.65,0.721,0.75,0.571,0.65,0.579,0.95
603,8,0.85,1.0,1.0,1.0,0.85,1.0,1.0,1.0
604,,0.8,0.95,0.95,0.95,0.8,0.95,0.95,0.95
605,,0.75,0.9,0.9,0.9,0.75,0.9,0.9,0.9
606,,0.7,0.85,0.85,0.85,0.7,0.85,0.85,0.85
607,,0.65,0.8,0.8,0.8,0.65,0.8,0.8,0.8
608,,0.6,0.75,0.75,0.75,0.6,0.75,0.75,0.75
609,,0.55,0.7,0.7,0.7,0.55,0.7,0.7,0.7
610,,0.5,0.65,0.65,0.65,0.5,0.65,0.65,0.65
611,,0.45,0.6,0.6,0.6,0.45,0.6,0.6,0.6
612,,0.4,0.55,0.55,0.55,0.4,0.55,0.55,0.55
613,,0.35,0.5,0.5,0.5,0.35,0.5,0.5,0.5
614,,0.3,0.45,0.45,0.45,0.3,0.45,0.45,0.45
615,,0.25,0.4,0.4,0.4,0.25,0.4,0.4,0.4
616,,0.2,0.35,0.35,0.35,0.2,0.35,0.35,0.35
617,,0.15,0.3,0.3,0.3,0.15,0.3,0.3,0.3
618,,0.1,0.25,0.25,0.25,0.1,0.25,0.25,0.25
619,,0.05,0.2,0.2,0.2,0.05,0.2,0.2,0.2
620,,0.0,0.15,0.15,0.15,0.0,0.15,0.15,0.15
621,,-0.05,0.1,0.1,0.1,-0.05,0.1,0.1,0.1
622,1,0.95,0.521,0.45,0.379,0.2,0.379,0.45,0.521
623,1,1.0,0.942,0.8,0.658,0.45,0.658,0.8,0.942
624,,0.95,0.892,0.75,0.608,0.4,0.608,0.75,0.892
625,,0.9,0.842,0.7,0.558,0.35,0.558,0.7,0.842
626,,0.85,0.792,0.65,0.508,0.3,0.508,0.65,0.792
627,,0.8,0.742,0.6,0.458,0.25,0.458,0.6,0.742
628,,0.75,0.692,0.55,0.408,0.2,0.408,0.55,0.692
629,,0.7,0.642,0.5,0.358,0.15,0.358,0.5,0.642
630,,0.65,0.592,0.45,0.308,0.1,0.308,0.45,0.592
631,,0.6,0.542,0.4,0.258,0.05,0.258,0.4,0.542
632,,0.55,0.492,0.35,0.208,0.0,0.208,0.35,0.492
633,,0.5,0.442,0.3,0.158,-0.05,0.158,0.3,0.442
634,5,0.75,0.721,0.65,0.579,0.95,0.579,0.65,0.721
635,5,1.0,1.0,1.0,1.0,1.0,1.0,1.0,1.0
636,,0.95,0.95,0.95,0.95,0.95,0.95,0.95,0.95
637,,0.9,0.9,0.9,0.9,0.9,0.9,0.9,0.9
638,,0.85,0.85,0.85,0.85,0.85,0.85,0.85,0.85
639,,0.8,0.8,0.8,0.8,0.8,0.8,0.8,0.8
640,,0.75,0.75,0.75,0.75,0.75,0.75,0.75,0.75
641,,0.7,0.7,0.7,0.7,0.7,0.7,0.7,0.7
642,,0.65,0.65,0.65,0.65,0.65,0.65,0.65,0.65
643,,0.6,0.6,0.6,0.6,0.6,0.6,0.6,0.6
644,,0.55,0.55,0.55,0.55,0.55,0.55,0.55,0.55
645,,0.5,0.5,0.5,0.5,0.5,0.5,0.5,0.5
646,,0.45,0.45,0.45,0.45,0.45,0.45,0.45,0.45
647,,0.4,0.4,0.4,0.4,0.4,0.4,0.4,0.4
648,,0.35,0.35,0.35,0.35,0.35,0.35,0.35,0.35
649,,0.3,0.3,0.3,0.3,0.3,0.3,0.3,0.3
650,,0.25,0.25,0.25,0.25,0.25,0.25,0.25,0.25
651,,0.2,0.2,0.2,0.2,0.2,0.2,0.2,0.2
652,,0.15,0.15,0.15,0.15,0.15,0.15,0.15,0.15
653,,0.1,0.1,0.1,0.1,0.1,0.1,0.1,0.1
654,,0.05,0.05,0.05,0.05,0.05,0.05,0.05,0.05
655,,0.0,0.0,0.0,0.0,0.0,0.0,0.0,0.0
656,,-0.05,-0.05,-0.05,-0.05,-0.05,-0.05,-0.05,-0.05
657,8,0.371,0.3,0.229,0.2,0.229,0.3,0.371,0.95
658,8,0.792,0.65,0.508,0.45,0.508,0.65,0.792,1.0
659,,0.742,0.6,0.458,0.4,0.458,0.6,0.742,0.95
660,,0.692,0.55,0.408,0.35,0.408,0.55,0.692,0.9
661,,0.642,0.5,0.358,0.3,0.358,0.5,0.642,0.85
662,,0.592,0.45,0.308,0.25,0.308,0.45,0.592,0.8
663,,0.542,0.4,0.258,0.2,0.258,0.4,0.542,0.75
664,,0.492,0.35,0.208,0.15,0.208,0.35,0.492,0.7
665,,0.442,0.3,0.158,0.1,0.158,0.3,0.442,0.65
666,,0.392,0.25,0.108,0.05,0.108,0.25,0.392,0.6
667,,0.342,0.2,0.058,0.0,0.058,0.2,0.342,0.55
668,,0.292,0.15,0.008,-0.05,0.008,0.15,0.292,0.5
669,4,0.571,0.5,0.429,0.95,0.429,0.5,0.571,0.75
670,4,0.85,0.85,0.85,1.0,0.85,0.85,0.85,1.0
671,,0.8,0.8,0.8,0.95,0.8,0.8,0.8,0.95
672,,0.75,0.75,0.75,0.9,0.75,0.75,0.75,0.9
673,,0.7,0.7,0.7,0.85,0.7,0.7,0.7,0.85
674,,0.65,0.65,0.65,0.8,0.65,0.65,0.65,0.8
675,,0.6,0.6,0.6,0.75,0.6,0.6,0.6,0.75
676,,0.55,0.55,0.55,0.7,0.55,0.55,0.55,0.7
677,,0.5,0.5,0.5,0.65,0.5,0.5,0.5,0.65
678,,0.45,0.45,0.45,0.6,0.45,0.45,0.45,0.6
679,,0.4,0.4,0.4,0.55,0.4,0.4,0.4,0.55
680,,0.35,0.35,0.35,0.5,0.35,0.35,0.35,0.5
681,,0.3,0.3,0.3,0.45,0.3,0.3,0.3,0.45
682,,0.25,0.25,0.25,0.4,0.25,0.25,0.25,0.4
683,,0.2,0.2,0.2,0.35,0.2,0.2,0.2,0.35
684,,0.15,0.15,0.15,0.3,0.15,0.15,0.15,0.3
685,,0.1,0.1,0.1,0.25,0.1,0.1,0.1,0.25
686,,0.05,0.05,0.05,0.2,0.05,0.05,0.05,0.2
687,,0.0,0.0,0.0,0.15,0.0,0.0,0.0,0.15
688,,-0.05,-0.05,-0.05,0.1,-0.05,-0.05,-0.05,0.1
689,1,0.95,0.371,0.3,0.379,0.2,0.229,0.3,0.521
690,1,1.0,0.792,0.65,0.658,0.45,0.508,0.65,0.942
691,,0.95,0.742,0.6,0.608,0.4,0.458,0.6,0.892
692,,0.9,0.692,0.55,0.558,0.35,0.408,0.55,0.842
693,,0.85,0.642,0.5,0.508,0.3,0.358,0.5,0.792
694,,0.8,0.592,0.45,0.458,0.25,0.308,0.45,0.742
695,,0.75,0.542,0.4,0.408,0.2,0.258,0.4,0.692
696,,0.7,0.492,0.35,0.358,0.15,0.208,0.35,0.642
697,,0.65,0.442,0.3,0.308,0.1,0.158,0.3,0.592
698,,0.6,0.392,0.25,0.258,0.05,0.108,0.25,0.542
699,,0.55,0.342,0.2,0.208,0.0,0.058,0.2,0.492
700,,0.5,0.292,0.15,0.158,-0.05,0.008,0.15,0.442
701,5,0.75,0.571,0.5,0.579,0.95,0.429,0.5,0.721
702,5,1.0,0.85,0.85,1.0,1.0,0.85,0.85,1.0
703,,0.95,0.8,0.8,0.95,0.95,0.8,0.8,0.95
704,,0.9,0.75,0.75,0.9,0.9,0.75,0.75,0.9
705,,0.85,0.7,0.7,0.85,0.85,0.7,0.7,0.85
706,,0.8,0.65,0.65,0.8,0.8,0.65,0.65,0.8
707,,0.75,0.6,0.6,0.75,0.75,0.6,0.6,0.75
708,,0.7,0.55,0.55,0.7,0.7,0.55,0.55,0.7
709,,0.65,0.5,0.5,0.65,0.65,0.5,0.5,0.65
710,,0.6,0.45,0.45,0.6,0.6,0.45,0.45,0.6
711,,0.55,0.4,0.4,0.55,0.55,0.4,0.4,0.55
712,,0.5,0.35,0.35,0.5,0.5,0.35,0.35,0.5
713,,0.45,0.3,0.3,0.45,0.45,0.3,0.3,0.45
714,,0.4,0.25,0.25,0.4,0.4,0.25,0.25,0.4
715,,0.35,0.2,0.2,0.35,0.35,0.2,0.2,0.35
716,,0.3,0.15,0.15,0.3,0.3,0.15,0.15,0.3
717,,0.25,0.1,0.1,0.25,0.25,0.1,0.1,0.25
718,,0.2,0.05,0.05,0.2,0.2,0.05,0.05,0.2
719,,0.15,0.0,0.0,0.15,0.15,0.0,0.0,0.15
720,,0.1,-0.05,-0.05,0.1,0.1,-0.05,-0.05,0.1
721,2,0.521,0.95,0.371,0.45,0.379,0.2,0.229,0.45
722,2,0.942,1.0,0.792,0.8,0.658,0.45,0.508,0.8
723,,0.892,0.95,0.742,0.75,0.608,0.4,0.458,0.75
724,,0.842,0.9,0.692,0.7,0.558,0.35,0.408,0.7
725,,0.792,0.85,0.642,0.65,0.508,0.3,0.358,0.65
726,,0.742,0.8,0.592,0.6,0.458,0.25,0.308,0.6
727,,0.692,0.75,0.542,0.55,0.408,0.2,0.258,0.55
728,,0.642,0.7,0.492,0.5,0.358,0.15,0.208,0.5
729,,0.592,0.65,0.442,0.45,0.308,0.1,0.158,0.45
730,,0.542,0.6,0.392,0.4,0.258,0.05,0.108,0.4
731,,0.492,0.55,0.342,0.35,0.208,0.0,0.058,0.35
732,,0.442,0.5,0.292,0.3,0.158,-0.05,0.008,0.3
733,6,0.721,0.75,0.571,0.65,0.579,0.95,0.429,0.65
734,6,1.0,1.0,0.85,1.0,1.0,1.0,0.85,1.0
735,,0.95,0.95,0.8,0.95,0.95,0.95,0.8,0.95
736,,0.9,0.9,0.75,0.9,0.9,0.9,0.75,0.9
737,,0.85,0.85,0.7,0.85,0.85,0.85,0.7,0.85
738,,0.8,0.8,0.65,0.8,0.8,0.8,0.65,0.8
739,,0.75,0.75,0.6,0.75,0.75,0.75,0.6,0.75
740,,0.7,0.7,0.55,0.7,0.7,0.7,0.55,0.7
741,,0.65,0.65,0.5,0.65,0.65,0.65,0.5,0.65
742,,0.6,0.6,0.45,0.6,0.6,0.6,0.45,0.6
743,,0.55,0.55,0.4,0.55,0.55,0.55,0.4,0.55
744,,0.5,0.5,0.35,0.5,0.5,0.5,0.35,0.5
745,,0.45,0.45,0.3,0.45,0.45,0.45,0.3,0.45
746,,0.4,0.4,0.25,0.4,0.4,0.4,0.25,0.4
747,,0.35,0.35,0.2,0.35,0.35,0.35,0.2,0.35
748,,0.3,0.3,0.15,0.3,0.3,0.3,0.15,0.3
749,,0.25,0.25,0.1,0.25,0.25,0.25,0.1,0.25
750,,0.2,0.2,0.05,0.2,0.2,0.2,0.05,0.2
751,,0.15,0.15,0.0,0.15,0.15,0.15,0.0,0.15
752,,0.1,0.1,-0.05,0.1,0.1,0.1,-0.05,0.1
753,3,0.45,0.521,0.95,0.521,0.45,0.379,0.2,0.379
754,3,0.8,0.942,1.0,0.942,0.8,0.658,0.45,0.658
755,,0.75,0.892,0.95,0.892,0.75,0.608,0.4,0.608
756,,0.7,0.842,0.9,0.842,0.7,0.558,0.35,0.558
757,,0.65,0.792,0.85,0.792,0.65,0.508,0.3,0.508
758,,0.6,0.742,0.8,0.742,0.6,0.458,0.25,0.458
759,,0.55,0.692,0.75,0.692,0.55,0.408,0.2,0.408
760,,0.5,0.642,0.7,0.642,0.5,0.358,0.15,0.358
761,,0.45,0.592,0.65,0.592,0.45,0.308,0.1,0.308
762,,0.4,0.542,0.6,0.542,0.4,0.258,0.05,0.258
763,,0.35,0.492,0.55,0.492,0.35,0.208,0.0,0.208
764,,0.3,0.442,0.5,0.442,0.3,0.158,-0.05,0.158
765,7,0.65,0.721,0.75,0.721,0.65,0.579,0.95,0.579
766,7,1.0,1.0,1.0,1.0,1.0,1.0,1.0,1.0
767,,0.95,0.95,0.95,0.95,0.95,0.95,0.95,0.95
768,,0.9,0.9,0.9,0.9,0.9,0.9,0.9,0.9
769,,0.85,0.85,0.85,0.85,0.85,0.85,0.85,0.85
770,,0.8,0.8,0.8,0.8,0.8,0.8,0.8,0.8
771,,0.75,0.75,0.75,0.75,0.75,0.75,0.75,0.75
772,,0.7,0.7,0.7,0.7,0.7,0.7,0.7,0.7
773,,0.65,0.65,0.65,0.65,0.65,0.65,0.65,0.65
774,,0.6,0.6,0.6,0.6,0.6,0.6,0.6,0.6
775,,0.55,0.55,0.55,0.55,0.55,0.55,0.55,0.55
776,,0.5,0.5,0.5,0.5,0.5,0.5,0.5,0.5
777,,0.45,0.45,0.45,0.45,0.45,0.45,0.45,0.45
778,,0.4,0.4,0.4,0.4,0.4,0.4,0.4,0.4
779,,0.35,0.35,0.35,0.35,0.35,0.35,0.35,0.35
780,,0.3,0.3,0.3,0.3,0.3,0.3,0.3,0.3
781,,0.25,0.25,0.25,0.25,0.25,0.25,0.25,0.25
782,,0.2,0.2,0.2,0.2,0.2,0.2,0.2,0.2
783,,0.15,0.15,0.15,0.15,0.15,0.15,0.15,0.15
784,,0.1,0.1,0.1,0.1,0.1,0.1,0.1,0.1
785,,0.05,0.05,0.05,0.05,0.05,0.05,0.05,0.05
786,,0.0,0.0,0.0,0.0,0.0,0.0,0.0,0.0
787,,-0.05,-0.05,-0.05,-0.05,-0.05,-0.05,-0.05,-0.05
788,6,0.229,0.2,0.229,0.3,0.371,0.95,0.371,0.3
789,6,0.508,0.45,0.508,0.65,0.792,1.0,0.792,0.65
790,,0.458,0.4,0.458,0.6,0.742,0.95,0.742,0.6
791,,0.408,0.35,0.408,0.55,0.692,0.9,0.692,0.55
792,,0.358,0.3,0.358,0.5,0.642,0.85,0.642,0.5
793,,0.308,0.25,0.308,0.45,0.592,0.8,0.592,0.45
794,,0.258,0.2,0.258,0.4,0.542,0.75,0.542,0.4
795,,0.208,0.15,0.208,0.35,0.492,0.7,0.492,0.35
796,,0.158,0.1,0.158,0.3,0.442,0.65,0.442,0.3
797,,0.108,0.05,0.108,0.25,0.392,0.6,0.392,0.25
798,,0.058,0.0,0.058,0.2,0.342,0.55,0.342,0.2
799,,0.008,-0.05,0.008,0.15,0.292,0.5,0.292,0.15
800,2,0.429,0.95,0.429,0.5,0.571,0.75,0.571,0.5
801,2,0.85,1.0,0.85,0.85,0.85,1.0,0.85,0.85
802,,0.8,0.95,0.8,0.8,0.8,0.95,0.8,0.8
803,,0.75,0.9,0.75,0.75,0.75,0.9,0.75,0.75
804,,0.7,0.85,0.7,0.7,0.7,0.85,0.7,0.7
805,,0.65,0.8,0.65,0.65,0.65,0.8,0.65,0.65
806,,0.6,0.75,0.6,0.6,0.6,0.75,0.6,0.6
807,,0.55,0.7,0.55,0.55,0.55,0.7,0.55,0.55
808,,0.5,0.65,0.5,0.5,0.5,0.65,0.5,0.5
809,,0.45,0.6,0.45,0.45,0.45,0.6,0.45,0.45
810,,0.4,0.55,0.4,0.4,0.4,0.55,0.4,0.4
811,,0.35,0.5,0.35,0.35,0.35,0.5,0.35,0.35
812,,0.3,0.45,0.3,0.3,0.3,0.45,0.3,0.3
813,,0.25,0.4,0.25,0.25,0.25,0.4,0.25,0.25
814,,0.2,0.35,0.2,0.2,0.2,0.35,0.2,0.2
815,,0.15,0.3,0.15,0.15,0.15,0.3,0.15,0.15
816,,0.1,0.25,0.1,0.1,0.1,0.25,0.1,0.1
817,,0.05,0.2,0.05,0.05,0.05,0.2,0.05,0.05
818,,0.0,0.15,0.0,0.0,0.0,0.15,0.0,0.0
819,,-0.05,0.1,-0.05,-0.05,-0.05,0.1,-0.05,-0.05
820,7,0.3,0.379,0.2,0.229,0.3,0.521,0.95,0.371
821,7,0.65,0.658,0.45,0.508,0.65,0.942,1.0,0.792
822,,0.6,0.608,0.4,0.458,0.6,0.892,0.95,0.742
823,,0.55,0.558,0.35,0.408,0.55,0.842,0.9,0.692
824,,0.5,0.508,0.3,0.358,0.5,0.792,0.85,0.642
825,,0.45,0.458,0.25,0.308,0.45,0.742,0.8,0.592
826,,0.4,0.408,0.2,0.258,0.4,0.692,0.75,0.542
827,,0.35,0.358,0.15,0.208,0.35,0.642,0.7,0.492
828,,0.3,0.308,0.1,0.158,0.3,0.592,0.65,0.442
829,,0.25,0.258,0.05,0.108,0.25,0.542,0.6,0.392
830,,0.2,0.208,0.0,0.058,0.2,0.492,0.55,0.342
831,,0.15,0.158,-0.05,0.008,0.15,0.442,0.5,0.292
832,3,0.5,0.579,0.95,0.429,0.5,0.721,0.75,0.571
833,3,0.85,1.0,1.0,0.85,0.85,1.0,1.0,0.85
834,,0.8,0.95,0.95,0.8,0.8,0.95,0.95,0.8
835,,0.75,0.9,0.9,0.75,0.75,0.9,0.9,0.75
836,,0.7,0.85,0.85,0.7,0.7,0.85,0.85,0.7
837,,0.65,0.8,0.8,0.65,0.65,0.8,0.8,0.65
838,,0.6,0.75,0.75,0.6,0.6,0.75,0.75,0.6
839,,0.55,0.7,0.7,0.55,0.55,0.7,0.7,0.55
840,,0.5,0.65,0.65,0.5,0.5,0.65,0.65,0.5
841,,0.45,0.6,0.6,0.45,0.45,0.6,0.6,0.45
842,,0.4,0.55,0.55,0.4,0.4,0.55,0.55,0.4
843,,0.35,0.5,0.5,0.35,0.35,0.5,0.5,0.35
844,,0.3,0.45,0.45,0.3,0.3,0.45,0.45,0.3
845,,0.25,0.4,0.4,0.25,0.25,0.4,0.4,0.25
846,,0.2,0.35,0.35,0.2,0.2,0.35,0.35,0.2
847,,0.15,0.3,0.3,0.15,0.15,0.3,0.3,0.15
848,,0.1,0.25,0.25,0.1,0.1,0.25,0.25,0.1
849,,0.05,0.2,0.2,0.05,0.05,0.2,0.2,0.05
850,,0.0,0.15,0.15,0.0,0.0,0.15,0.15,0.0
851,,-0.05,0.1,0.1,-0.05,-0.05,0.1,0.1,-0.05
852,4,0.229,0.45,0.521,0.95,0.371,0.45,0.379,0.2
853,4,0.508,0.8,0.942,1.0,0.792,0.8,0.658,0.45
854,,0.458,0.75,0.892,0.95,0.742,0.75,0.608,0.4
855,,0.408,0.7,0.842,0.9,0.692,0.7,0.558,0.35
856,,0.358,0.65,0.792,0.85,0.642,0.65,0.508,0.3
857,,0.308,0.6,0.742,0.8,0.592,0.6,0.458,0.25
858,,0.258,0.55,0.692,0.75,0.542,0.55,0.408,0.2
859,,0.208,0.5,0.642,0.7,0.492,0.5,0.358,0.15
860,,0.158,0.45,0.592,0.65,0.442,0.45,0.308,0.1
861,,0.108,0.4,0.542,0.6,0.392,0.4,0.258,0.05
862,,0.058,0.35,0.492,0.55,0.342,0.35,0.208,0.0
863,,0.008,0.3,0.442,0.5,0.292,0.3,0.158,-0.05
864,8,0.429,0.65,0.721,0.75,0.571,0.65,0.579,0.95
865,8,0.85,1.0,1.0,1.0,0.85,1.0,1.0,1.0
866,,0.8,0.95,0.95,0.95,0.8,0.95,0.95,0.95
867,,0.75,0.9,0.9,0.9,0.75,0.9,0.9,0.9
868,,0.7,0.85,0.85,0.85,0.7,0.85,0.85,0.85
869,,0.65,0.8,0.8,0.8,0.65,0.8,0.8,0.8
870,,0.6,0.75,0.75,0.75,0.6,0.75,0.75,0.75
871,,0.55,0.7,0.7,0.7,0.55,0.7,0.7,0.7
872,,0.5,0.65,0.65,0.65,0.5,0.65,0.65,0.65
873,,0.45,0.6,0.6,0.6,0.45,0.6,0.6,0.6
874,,0.4,0.55,0.55,0.55,0.4,0.55,0.55,0.55
875,,0.35,0.5,0.5,0.5,0.35,0.5,0.5,0.5
876,,0.3,0.45,0.45,0.45,0.3,0.45,0.45,0.45
877,,0.25,0.4,0.4,0.4,0.25,0.4,0.4,0.4
878,,0.2,0.35,0.35,0.35,0.2,0.35,0.35,0.35
879,,0.15,0.3,0.3,0.3,0.15,0.3,0.3,0.3
880,,0.1,0.25,0.25,0.25,0.1,0.25,0.25,0.25
881,,0.05,0.2,0.2,0.2,0.05,0.2,0.2,0.2
