step,active_motive,motive_1,motive_2,motive_3,motive_4,motive_5,motive_6,motive_7,motive_8
0,,0.05107,0.04174,0.02221,0.01199,0.03376,0.09429,0.03232,0.05188
1,,0.00107,-0.00826,-0.02779,-0.03801,-0.01624,0.04429,-0.01768,0.00188
2,4,0.28007,0.34174,0.39321,0.96199,0.40476,0.39429,0.26132,0.25188
3,4,0.55907,0.69174,0.81421,1.0,0.82576,0.74429,0.54032,0.50188
4,,0.50907,0.64174,0.76421,0.95,0.77576,0.69429,0.49032,0.45188
5,,0.45907,0.59174,0.71421,0.9,0.72576,0.64429,0.44032,0.40188
6,,0.40907,0.54174,0.66421,0.85,0.67576,0.59429,0.39032,0.35188
7,,0.35907,0.49174,0.61421,0.8,0.62576,0.54429,0.34032,0.30188
8,,0.30907,0.44174,0.56421,0.75,0.57576,0.49429,0.29032,0.25188
9,,0.25907,0.39174,0.51421,0.7,0.52576,0.44429,0.24032,0.20188
10,,0.20907,0.34174,0.46421,0.65,0.47576,0.39429,0.19032,0.15188
11,,0.15907,0.29174,0.41421,0.6,0.42576,0.34429,0.14032,0.10188
12,,0.10907,0.24174,0.36421,0.55,0.37576,0.29429,0.09032,0.05188
13,,0.05907,0.19174,0.31421,0.5,0.32576,0.24429,0.04032,0.00188
14,,0.00907,0.14174,0.26421,0.45,0.27576,0.19429,-0.00968,-0.04812
15,8,0.43007,0.49174,0.54321,0.7,0.55476,0.54429,0.41132,0.95188
16,8,0.85107,0.84174,0.82221,0.95,0.83376,0.89429,0.83232,1.0
17,,0.80107,0.79174,0.77221,0.9,0.78376,0.84429,0.78232,0.95
18,,0.75107,0.74174,0.72221,0.85,0.73376,0.79429,0.73232,0.9
19,,0.70107,0.69174,0.67221,0.8,0.68376,0.74429,0.68232,0.85
20,,0.65107,0.64174,0.62221,0.75,0.63376,0.69429,0.63232,0.8
21,,0.60107,0.59174,0.57221,0.7,0.58376,0.64429,0.58232,0.75
22,,0.55107,0.54174,0.52221,0.65,0.53376,0.59429,0.53232,0.7
23,,0.50107,0.49174,0.47221,0.6,0.48376,0.54429,0.48232,0.65
24,,0.45107,0.44174,0.42221,0.55,0.43376,0.49429,0.43232,0.6
25,,0.40107,0.39174,0.37221,0.5,0.38376,0.44429,0.38232,0.55
26,,0.35107,0.34174,0.32221,0.45,0.33376,0.39429,0.33232,0.5
27,,0.30107,0.29174,0.27221,0.4,0.28376,0.34429,0.28232,0.45
28,,0.25107,0.24174,0.22221,0.35,0.23376,0.29429,0.23232,0.4
29,,0.20107,0.19174,0.17221,0.3,0.18376,0.24429,0.18232,0.35
30,,0.15107,0.14174,0.12221,0.25,0.13376,0.19429,0.13232,0.3
31,,0.10107,0.09174,0.07221,0.2,0.08376,0.14429,0.08232,0.25
32,,0.05107,0.04174,0.02221,0.15,0.03376,0.09429,0.03232,0.2
33,,0.00107,-0.00826,-0.02779,0.1,-0.01624,0.04429,-0.01768,0.15
34,3,0.35107,0.41274,0.97221,0.521,0.33376,0.32329,0.23232,0.429
35,3,0.70107,0.83374,1.0,0.942,0.68376,0.60229,0.48232,0.708
36,,0.65107,0.78374,0.95,0.892,0.63376,0.55229,0.43232,0.658
37,,0.60107,0.73374,0.9,0.842,0.58376,0.50229,0.38232,0.608
38,,0.55107,0.68374,0.85,0.792,0.53376,0.45229,0.33232,0.558
39,,0.50107,0.63374,0.8,0.742,0.48376,0.40229,0.28232,0.508
40,,0.45107,0.58374,0.75,0.692,0.43376,0.35229,0.23232,0.458
41,,0.40107,0.53374,0.7,0.642,0.38376,0.30229,0.18232,0.408
42,,0.35107,0.48374,0.65,0.592,0.33376,0.25229,0.13232,0.358
43,,0.30107,0.43374,0.6,0.542,0.28376,0.20229,0.08232,0.308
44,,0.25107,0.38374,0.55,0.492,0.23376,0.15229,0.03232,0.258
45,,0.20107,0.33374,0.5,0.442,0.18376,0.10229,-0.01768,0.208
46,7,0.55107,0.61274,0.75,0.721,0.53376,0.52329,0.98232,0.629
47,7,0.90107,0.89174,1.0,1.0,0.88376,0.94429,1.0,1.0
48,,0.85107,0.84174,0.95,0.95,0.83376,0.89429,0.95,0.95
49,,0.80107,0.79174,0.9,0.9,0.78376,0.84429,0.9,0.9
50,,0.75107,0.74174,0.85,0.85,0.73376,0.79429,0.85,0.85
51,,0.70107,0.69174,0.8,0.8,0.68376,0.74429,0.8,0.8
52,,0.65107,0.64174,0.75,0.75,0.63376,0.69429,0.75,0.75
53,,0.60107,0.59174,0.7,0.7,0.58376,0.64429,0.7,0.7
54,,0.55107,0.54174,0.65,0.65,0.53376,0.59429,0.65,0.65
55,,0.50107,0.49174,0.6,0.6,0.48376,0.54429,0.6,0.6
56,,0.45107,0.44174,0.55,0.55,0.43376,0.49429,0.55,0.55
57,,0.40107,0.39174,0.5,0.5,0.38376,0.44429,0.5,0.5
58,,0.35107,0.34174,0.45,0.45,0.33376,0.39429,0.45,0.45
59,,0.30107,0.29174,0.4,0.4,0.28376,0.34429,0.4,0.4
60,,0.25107,0.24174,0.35,0.35,0.23376,0.29429,0.35,0.35
61,,0.20107,0.19174,0.3,0.3,0.18376,0.24429,0.3,0.3
62,,0.15107,0.14174,0.25,0.25,0.13376,0.19429,0.25,0.25
63,,0.10107,0.09174,0.2,0.2,0.08376,0.14429,0.2,0.2
64,,0.05107,0.04174,0.15,0.15,0.03376,0.09429,0.15,0.15
65,,0.00107,-0.00826,0.1,0.1,-0.01624,0.04429,0.1,0.1
66,5,0.25107,0.27074,0.45,0.521,0.98376,0.46529,0.45,0.379
67,5,0.50107,0.54974,0.8,0.942,1.0,0.88629,0.8,0.658
68,,0.45107,0.49974,0.75,0.892,0.95,0.83629,0.75,0.608
69,,0.40107,0.44974,0.7,0.842,0.9,0.78629,0.7,0.558
70,,0.35107,0.39974,0.65,0.792,0.85,0.73629,0.65,0.508
71,,0.30107,0.34974,0.6,0.742,0.8,0.68629,0.6,0.458
72,,0.25107,0.29974,0.55,0.692,0.75,0.63629,0.55,0.408
73,,0.20107,0.24974,0.5,0.642,0.7,0.58629,0.5,0.358
74,,0.15107,0.19974,0.45,0.592,0.65,0.53629,0.45,0.308
75,,0.10107,0.14974,0.4,0.542,0.6,0.48629,0.4,0.258
76,,0.05107,0.09974,0.35,0.492,0.55,0.43629,0.35,0.208
77,,0.00107,0.04974,0.3,0.442,0.5,0.38629,0.3,0.158
78,,-0.04893,-0.00026,0.25,0.392,0.45,0.33629,0.25,0.108
79,1,0.95107,0.42074,0.6,0.671,0.7,0.61529,0.6,0.529
80,1,1.0,0.84174,0.95,0.95,0.95,0.89429,0.95,0.95
81,,0.95,0.79174,0.9,0.9,0.9,0.84429,0.9,0.9
82,,0.9,0.74174,0.85,0.85,0.85,0.79429,0.85,0.85
83,,0.85,0.69174,0.8,0.8,0.8,0.74429,0.8,0.8
84,,0.8,0.64174,0.75,0.75,0.75,0.69429,0.75,0.75
85,,0.75,0.59174,0.7,0.7,0.7,0.64429,0.7,0.7
86,,0.7,0.54174,0.65,0.65,0.65,0.59429,0.65,0.65
87,,0.65,0.49174,0.6,0.6,0.6,0.54429,0.6,0.6
88,,0.6,0.44174,0.55,0.55,0.55,0.49429,0.55,0.55
89,,0.55,0.39174,0.5,0.5,0.5,0.44429,0.5,0.5
90,,0.5,0.34174,0.45,0.45,0.45,0.39429,0.45,0.45
91,,0.45,0.29174,0.4,0.4,0.4,0.34429,0.4,0.4
92,,0.4,0.24174,0.35,0.35,0.35,0.29429,0.35,0.35
93,,0.35,0.19174,0.3,0.3,0.3,0.24429,0.3,0.3
94,,0.3,0.14174,0.25,0.25,0.25,0.19429,0.25,0.25
95,,0.25,0.09174,0.2,0.2,0.2,0.14429,0.2,0.2
96,,0.2,0.04174,0.15,0.15,0.15,0.09429,0.15,0.15
97,,0.15,-0.00826,0.1,0.1,0.1,0.04429,0.1,0.1
98,2,0.571,0.99174,0.521,0.45,0.379,0.29429,0.379,0.45
99,2,0.992,1.0,0.942,0.8,0.658,0.54429,0.658,0.8
100,,0.942,0.95,0.892,0.75,0.608,0.49429,0.608,0.75
101,,0.892,0.9,0.842,0.7,0.558,0.44429,0.558,0.7
102,,0.842,0.85,0.792,0.65,0.508,0.39429,0.508,0.65
103,,0.792,0.8,0.742,0.6,0.458,0.34429,0.458,0.6
104,,0.742,0.75,0.692,0.55,0.408,0.29429,0.408,0.55
105,,0.692,0.7,0.642,0.5,0.358,0.24429,0.358,0.5
106,,0.642,0.65,0.592,0.45,0.308,0.19429,0.308,0.45
107,,0.592,0.6,0.542,0.4,0.258,0.14429,0.258,0.4
108,,0.542,0.55,0.492,0.35,0.208,0.09429,0.208,0.35
109,,0.492,0.5,0.442,0.3,0.158,0.04429,0.158,0.3
110,,0.442,0.45,0.392,0.25,0.108,-0.00571,0.108,0.25
111,6,0.721,0.7,0.671,0.6,0.529,0.99429,0.529,0.6
112,6,1.0,0.95,0.95,0.95,0.95,1.0,0.95,0.95
113,,0.95,0.9,0.9,0.9,0.9,0.95,0.9,0.9
114,,0.9,0.85,0.85,0.85,0.85,0.9,0.85,0.85
115,,0.85,0.8,0.8,0.8,0.8,0.85,0.8,0.8
116,,0.8,0.75,0.75,0.75,0.75,0.8,0.75,0.75
117,,0.75,0.7,0.7,0.7,0.7,0.75,0.7,0.7
118,,0.7,0.65,0.65,0.65,0.65,0.7,0.65,0.65
119,,0.65,0.6,0.6,0.6,0.6,0.65,0.6,0.6
120,,0.6,0.55,0.55,0.55,0.55,0.6,0.55,0.55
121,,0.55,0.5,0.5,0.5,0.5,0.55,0.5,0.5
122,,0.5,0.45,0.45,0.45,0.45,0.5,0.45,0.45
123,,0.45,0.4,0.4,0.4,0.4,0.45,0.4,0.4
124,,0.4,0.35,0.35,0.35,0.35,0.4,0.35,0.35
125,,0.35,0.3,0.3,0.3,0.3,0.35,0.3,0.3
126,,0.3,0.25,0.25,0.25,0.25,0.3,0.25,0.25
127,,0.25,0.2,0.2,0.2,0.2,0.25,0.2,0.2
128,,0.2,0.15,0.15,0.15,0.15,0.2,0.15,0.15
129,,0.15,0.1,0.1,0.1,0.1,0.15,0.1,0.1
130,,0.1,0.05,0.05,0.05,0.05,0.1,0.05,0.05
131,,0.05,0.0,0.0,0.0,0.0,0.05,0.0,0.0
132,,0.0,-0.05,-0.05,-0.05,-0.05,0.0,-0.05,-0.05
133,2,0.421,0.95,0.371,0.3,0.229,0.25,0.229,0.3
134,2,0.842,1.0,0.792,0.65,0.508,0.5,0.508,0.65
135,,0.792,0.95,0.742,0.6,0.458,0.45,0.458,0.6
136,,0.742,0.9,0.692,0.55,0.408,0.4,0.408,0.55
137,,0.692,0.85,0.642,0.5,0.358,0.35,0.358,0.5
138,,0.642,0.8,0.592,0.45,0.308,0.3,0.308,0.45
139,,0.592,0.75,0.542,0.4,0.258,0.25,0.258,0.4
140,,0.542,0.7,0.492,0.35,0.208,0.2,0.208,0.35
141,,0.492,0.65,0.442,0.3,0.158,0.15,0.158,0.3
142,,0.442,0.6,0.392,0.25,0.108,0.1,0.108,0.25
143,,0.392,0.55,0.342,0.2,0.058,0.05,0.058,0.2
144,,0.342,0.5,0.292,0.15,0.008,0.0,0.008,0.15
145,,0.292,0.45,0.242,0.1,-0.042,-0.05,-0.042,0.1
146,6,0.571,0.7,0.521,0.45,0.379,0.95,0.379,0.45
147,6,0.85,0.95,0.8,0.8,0.8,1.0,0.8,0.8
148,,0.8,0.9,0.75,0.75,0.75,0.95,0.75,0.75
149,,0.75,0.85,0.7,0.7,0.7,0.9,0.7,0.7
150,,0.7,0.8,0.65,0.65,0.65,0.85,0.65,0.65
151,,0.65,0.75,0.6,0.6,0.6,0.8,0.6,0.6
152,,0.6,0.7,0.55,0.55,0.55,0.75,0.55,0.55
153,,0.55,0.65,0.5,0.5,0.5,0.7,0.5,0.5
154,,0.5,0.6,0.45,0.45,0.45,0.65,0.45,0.45
155,,0.45,0.55,0.4,0.4,0.4,0.6,0.4,0.4
156,,0.4,0.5,0.35,0.35,0.35,0.55,0.35,0.35
157,,0.35,0.45,0.3,0.3,0.3,0.5,0.3,0.3
158,,0.3,0.4,0.25,0.25,0.25,0.45,0.25,0.25
159,,0.25,0.35,0.2,0.2,0.2,0.4,0.2,0.2
160,,0.2,0.3,0.15,0.15,0.15,0.35,0.15,0.15
161,,0.15,0.25,0.1,0.1,0.1,0.3,0.1,0.1
162,,0.1,0.2,0.05,0.05,0.05,0.25,0.05,0.05
163,,0.05,0.15,0.0,0.0,0.0,0.2,0.0,0.0
164,,0.0,0.1,-0.05,-0.05,-0.05,0.15,-0.05,-0.05
165,7,0.35,0.379,0.2,0.229,0.3,0.571,0.95,0.371
166,7,0.7,0.658,0.45,0.508,0.65,0.992,1.0,0.792
167,,0.65,0.608,0.4,0.458,0.6,0.942,0.95,0.742
168,,0.6,0.558,0.35,0.408,0.55,0.892,0.9,0.692
169,,0.55,0.508,0.3,0.358,0.5,0.842,0.85,0.642
170,,0.5,0.458,0.25,0.308,0.45,0.792,0.8,0.592
171,,0.45,0.408,0.2,0.258,0.4,0.742,0.75,0.542
172,,0.4,0.358,0.15,0.208,0.35,0.692,0.7,0.492
173,,0.35,0.308,0.1,0.158,0.3,0.642,0.65,0.442
174,,0.3,0.258,0.05,0.108,0.25,0.592,0.6,0.392
175,,0.25,0.208,0.0,0.058,0.2,0.542,0.55,0.342
176,,0.2,0.158,-0.05,0.008,0.15,0.492,0.5,0.292
177,3,0.55,0.579,0.95,0.429,0.5,0.771,0.75,0.571
178,3,0.9,1.0,1.0,0.85,0.85,1.0,1.0,0.85
179,,0.85,0.95,0.95,0.8,0.8,0.95,0.95,0.8
180,,0.8,0.9,0.9,0.75,0.75,0.9,0.9,0.75
181,,0.75,0.85,0.85,0.7,0.7,0.85,0.85,0.7
182,,0.7,0.8,0.8,0.65,0.65,0.8,0.8,0.65
183,,0.65,0.75,0.75,0.6,0.6,0.75,0.75,0.6
184,,0.6,0.7,0.7,0.55,0.55,0.7,0.7,0.55
185,,0.55,0.65,0.65,0.5,0.5,0.65,0.65,0.5
186,,0.5,0.6,0.6,0.45,0.45,0.6,0.6,0.45
187,,0.45,0.55,0.55,0.4,0.4,0.55,0.55,0.4
188,,0.4,0.5,0.5,0.35,0.35,0.5,0.5,0.35
189,,0.35,0.45,0.45,0.3,0.3,0.45,0.45,0.3
190,,0.3,0.4,0.4,0.25,0.25,0.4,0.4,0.25
191,,0.25,0.35,0.35,0.2,0.2,0.35,0.35,0.2
192,,0.2,0.3,0.3,0.15,0.15,0.3,0.3,0.15
193,,0.15,0.25,0.25,0.1,0.1,0.25,0.25,0.1
194,,0.1,0.2,0.2,0.05,0.05,0.2,0.2,0.05
195,,0.05,0.15,0.15,0.0,0.0,0.15,0.15,0.0
196,,0.0,0.1,0.1,-0.05,-0.05,0.1,0.1,-0.05
197,4,0.279,0.45,0.521,0.95,0.371,0.45,0.379,0.2
198,4,0.558,0.8,0.942,1.0,0.792,0.8,0.658,0.45
199,,0.508,0.75,0.892,0.95,0.742,0.75,0.608,0.4
200,,0.458,0.7,0.842,0.9,0.692,0.7,0.558,0.35
201,,0.408,0.65,0.792,0.85,0.642,0.65,0.508,0.3
202,,0.358,0.6,0.742,0.8,0.592,0.6,0.458,0.25
203,,0.308,0.55,0.692,0.75,0.542,0.55,0.408,0.2
204,,0.258,0.5,0.642,0.7,0.492,0.5,0.358,0.15
205,,0.208,0.45,0.592,0.65,0.442,0.45,0.308,0.1
206,,0.158,0.4,0.542,0.6,0.392,0.4,0.258,0.05
207,,0.108,0.35,0.492,0.55,0.342,0.35,0.208,0.0
208,,0.058,0.3,0.442,0.5,0.292,0.3,0.158,-0.05
209,8,0.479,0.65,0.721,0.75,0.571,0.65,0.579,0.95
210,8,0.9,1.0,1.0,1.0,0.85,1.0,1.0,1.0
211,,0.85,0.95,0.95,0.95,0.8,0.95,0.95,0.95
212,,0.8,0.9,0.9,0.9,0.75,0.9,0.9,0.9
213,,0.75,0.85,0.85,0.85,0.7,0.85,0.85,0.85
214,,0.7,0.8,0.8,0.8,0.65,0.8,0.8,0.8
215,,0.65,0.75,0.75,0.75,0.6,0.75,0.75,0.75
216,,0.6,0.7,0.7,0.7,0.55,0.7,0.7,0.7
217,,0.55,0.65,0.65,0.65,0.5,0.65,0.65,0.65
218,,0.5,0.6,0.6,0.6,0.45,0.6,0.6,0.6
219,,0.45,0.55,0.55,0.55,0.4,0.55,0.55,0.55
220,,0.4,0.5,0.5,0.5,0.35,0.5,0.5,0.5
221,,0.35,0.45,0.45,0.45,0.3,0.45,0.45,0.45
222,,0.3,0.4,0.4,0.4,0.25,0.4,0.4,0.4
223,,0.25,0.35,0.35,0.35,0.2,0.35,0.35,0.35
224,,0.2,0.3,0.3,0.3,0.15,0.3,0.3,0.3
225,,0.15,0.25,0.25,0.25,0.1,0.25,0.25,0.25
226,,0.1,0.2,0.2,0.2,0.05,0.2,0.2,0.2
227,,0.05,0.15,0.15,0.15,0.0,0.15,0.15,0.15
228,,0.0,0.1,0.1,0.1,-0.05,0.1,0.1,0.1
229,5,0.25,0.379,0.45,0.521,0.95,0.521,0.45,0.379
230,5,0.5,0.658,0.8,0.942,1.0,0.942,0.8,0.658
231,,0.45,0.608,0.75,0.892,0.95,0.892,0.75,0.608
232,,0.4,0.558,0.7,0.842,0.9,0.842,0.7,0.558
233,,0.35,0.508,0.65,0.792,0.85,0.792,0.65,0.508
234,,0.3,0.458,0.6,0.742,0.8,0.742,0.6,0.458
235,,0.25,0.408,0.55,0.692,0.75,0.692,0.55,0.408
236,,0.2,0.358,0.5,0.642,0.7,0.642,0.5,0.358
237,,0.15,0.308,0.45,0.592,0.65,0.592,0.45,0.308
238,,0.1,0.258,0.4,0.542,0.6,0.542,0.4,0.258
239,,0.05,0.208,0.35,0.492,0.55,0.492,0.35,0.208
240,,0.0,0.158,0.3,0.442,0.5,0.442,0.3,0.158
241,,-0.05,0.108,0.25,0.392,0.45,0.392,0.25,0.108
242,1,0.95,0.529,0.6,0.671,0.7,0.671,0.6,0.529
243,1,1.0,0.95,0.95,0.95,0.95,0.95,0.95,0.95
244,,0.95,0.9,0.9,0.9,0.9,0.9,0.9,0.9
245,,0.9,0.85,0.85,0.85,0.85,0.85,0.85,0.85
246,,0.85,0.8,0.8,0.8,0.8,0.8,0.8,0.8
247,,0.8,0.75,0.75,0.75,0.75,0.75,0.75,0.75
248,,0.75,0.7,0.7,0.7,0.7,0.7,0.7,0.7
249,,0.7,0.65,0.65,0.65,0.65,0.65,0.65,0.65
250,,0.65,0.6,0.6,0.6,0.6,0.6,0.6,0.6
251,,0.6,0.55,0.55,0.55,0.55,0.55,0.55,0.55
252,,0.55,0.5,0.5,0.5,0.5,0.5,0.5,0.5
253,,0.5,0.45,0.45,0.45,0.45,0.45,0.45,0.45
254,,0.45,0.4,0.4,0.4,0.4,0.4,0.4,0.4
255,,0.4,0.35,0.35,0.35,0.35,0.35,0.35,0.35
256,,0.35,0.3,0.3,0.3,0.3,0.3,0.3,0.3
257,,0.3,0.25,0.25,0.25,0.25,0.25,0.25,0.25
258,,0.25,0.2,0.2,0.2,0.2,0.2,0.2,0.2
259,,0.2,0.15,0.15,0.15,0.15,0.15,0.15,0.15
260,,0.15,0.1,0.1,0.1,0.1,0.1,0.1,0.1
261,,0.1,0.05,0.05,0.05,0.05,0.05,0.05,0.05
262,,0.05,0.0,0.0,0.0,0.0,0.0,0.0,0.0
263,,0.0,-0.05,-0.05,-0.05,-0.05,-0.05,-0.05,-0.05
264,7,0.35,0.229,0.2,0.229,0.3,0.371,0.95,0.371
265,7,0.7,0.508,0.45,0.508,0.65,0.792,1.0,0.792
266,,0.65,0.458,0.4,0.458,0.6,0.742,0.95,0.742
267,,0.6,0.408,0.35,0.408,0.55,0.692,0.9,0.692
268,,0.55,0.358,0.3,0.358,0.5,0.642,0.85,0.642
269,,0.5,0.308,0.25,0.308,0.45,0.592,0.8,0.592
270,,0.45,0.258,0.2,0.258,0.4,0.542,0.75,0.542
271,,0.4,0.208,0.15,0.208,0.35,0.492,0.7,0.492
272,,0.35,0.158,0.1,0.158,0.3,0.442,0.65,0.442
273,,0.3,0.108,0.05,0.108,0.25,0.392,0.6,0.392
274,,0.25,0.058,0.0,0.058,0.2,0.342,0.55,0.342
275,,0.2,0.008,-0.05,0.008,0.15,0.292,0.5,0.292
276,3,0.55,0.429,0.95,0.429,0.5,0.571,0.75,0.571
277,3,0.9,0.85,1.0,0.85,0.85,0.85,1.0,0.85
278,,0.85,0.8,0.95,0.8,0.8,0.8,0.95,0.8
279,,0.8,0.75,0.9,0.75,0.75,0.75,0.9,0.75
280,,0.75,0.7,0.85,0.7,0.7,0.7,0.85,0.7
281,,0.7,0.65,0.8,0.65,0.65,0.65,0.8,0.65
282,,0.65,0.6,0.75,0.6,0.6,0.6,0.75,0.6
283,,0.6,0.55,0.7,0.55,0.55,0.55,0.7,0.55
284,,0.55,0.5,0.65,0.5,0.5,0.5,0.65,0.5
285,,0.5,0.45,0.6,0.45,0.45,0.45,0.6,0.45
286,,0.45,0.4,0.55,0.4,0.4,0.4,0.55,0.4
287,,0.4,0.35,0.5,0.35,0.35,0.35,0.5,0.35
288,,0.35,0.3,0.45,0.3,0.3,0.3,0.45,0.3
289,,0.3,0.25,0.4,0.25,0.25,0.25,0.4,0.25
290,,0.25,0.2,0.35,0.2,0.2,0.2,0.35,0.2
291,,0.2,0.15,0.3,0.15,0.15,0.15,0.3,0.15
292,,0.15,0.1,0.25,0.1,0.1,0.1,0.25,0.1
293,,0.1,0.05,0.2,0.05,0.05,0.05,0.2,0.05
294,,0.05,0.0,0.15,0.0,0.0,0.0,0.15,0.0
295,,0.0,-0.05,0.1,-0.05,-0.05,-0.05,0.1,-0.05
296,2,0.421,0.95,0.521,0.3,0.229,0.2,0.379,0.3
297,2,0.842,1.0,0.942,0.65,0.508,0.45,0.658,0.65
298,,0.792,0.95,0.892,0.6,0.458,0.4,0.608,0.6
299,,0.742,0.9,0.842,0.55,0.408,0.35,0.558,0.55
300,,0.692,0.85,0.792,0.5,0.358,0.3,0.508,0.5
301,,0.642,0.8,0.742,0.45,0.308,0.25,0.458,0.45
302,,0.592,0.75,0.692,0.4,0.258,0.2,0.408,0.4
303,,0.542,0.7,0.642,0.35,0.208,0.15,0.358,0.35
304,,0.492,0.65,0.592,0.3,0.158,0.1,0.308,0.3
305,,0.442,0.6,0.542,0.25,0.108,0.05,0.258,0.25
306,,0.392,0.55,0.492,0.2,0.058,0.0,0.208,0.2
307,,0.342,0.5,0.442,0.15,0.008,-0.05,0.158,0.15
308,6,0.621,0.75,0.721,0.5,0.429,0.95,0.579,0.5
309,6,0.9,1.0,1.0,0.85,0.85,1.0,1.0,0.85
310,,0.85,0.95,0.95,0.8,0.8,0.95,0.95,0.8
311,,0.8,0.9,0.9,0.75,0.75,0.9,0.9,0.75
312,,0.75,0.85,0.85,0.7,0.7,0.85,0.85,0.7
313,,0.7,0.8,0.8,0.65,0.65,0.8,0.8,0.65
314,,0.65,0.75,0.75,0.6,0.6,0.75,0.75,0.6
315,,0.6,0.7,0.7,0.55,0.55,0.7,0.7,0.55
316,,0.55,0.65,0.65,0.5,0.5,0.65,0.65,0.5
317,,0.5,0.6,0.6,0.45,0.45,0.6,0.6,0.45
318,,0.45,0.55,0.55,0.4,0.4,0.55,0.55,0.4
319,,0.4,0.5,0.5,0.35,0.35,0.5,0.5,0.35
320,,0.35,0.45,0.45,0.3,0.3,0.45,0.45,0.3
321,,0.3,0.4,0.4,0.25,0.25,0.4,0.4,0.25
322,,0.25,0.35,0.35,0.2,0.2,0.35,0.35,0.2
323,,0.2,0.3,0.3,0.15,0.15,0.3,0.3,0.15
324,,0.15,0.25,0.25,0.1,0.1,0.25,0.25,0.1
325,,0.1,0.2,0.2,0.05,0.05,0.2,0.2,0.05
326,,0.05,0.15,0.15,0.0,0.0,0.15,0.15,0.0
327,,0.0,0.1,0.1,-0.05,-0.05,0.1,0.1,-0.05
328,5,0.25,0.379,0.45,0.371,0.95,0.521,0.45,0.229
329,5,0.5,0.658,0.8,0.792,1.0,0.942,0.8,0.508
330,,0.45,0.608,0.75,0.742,0.95,0.892,0.75,0.458
331,,0.4,0.558,0.7,0.692,0.9,0.842,0.7,0.408
332,,0.35,0.508,0.65,0.642,0.85,0.792,0.65,0.358
333,,0.3,0.458,0.6,0.592,0.8,0.742,0.6,0.308
334,,0.25,0.408,0.55,0.542,0.75,0.692,0.55,0.258
335,,0.2,0.358,0.5,0.492,0.7,0.642,0.5,0.208
336,,0.15,0.308,0.45,0.442,0.65,0.592,0.45,0.158
337,,0.1,0.258,0.4,0.392,0.6,0.542,0.4,0.108
338,,0.05,0.208,0.35,0.342,0.55,0.492,0.35,0.058
339,,0.0,0.158,0.3,0.292,0.5,0.442,0.3,0.008
340,,-0.05,0.108,0.25,0.242,0.45,0.392,0.25,-0.042
341,1,0.95,0.529,0.6,0.521,0.7,0.671,0.6,0.379
342,1,1.0,0.95,0.95,0.8,0.95,0.95,0.95,0.8
343,,0.95,0.9,0.9,0.75,0.9,0.9,0.9,0.75
344,,0.9,0.85,0.85,0.7,0.85,0.85,0.85,0.7
345,,0.85,0.8,0.8,0.65,0.8,0.8,0.8,0.65
346,,0.8,0.75,0.75,0.6,0.75,0.75,0.75,0.6
347,,0.75,0.7,0.7,0.55,0.7,0.7,0.7,0.55
348,,0.7,0.65,0.65,0.5,0.65,0.65,0.65,0.5
349,,0.65,0.6,0.6,0.45,0.6,0.6,0.6,0.45
350,,0.6,0.55,0.55,0.4,0.55,0.55,0.55,0.4
351,,0.55,0.5,0.5,0.35,0.5,0.5,0.5,0.35
352,,0.5,0.45,0.45,0.3,0.45,0.45,0.45,0.3
353,,0.45,0.4,0.4,0.25,0.4,0.4,0.4,0.25
354,,0.4,0.35,0.35,0.2,0.35,0.35,0.35,0.2
355,,0.35,0.3,0.3,0.15,0.3,0.3,0.3,0.15
356,,0.3,0.25,0.25,0.1,0.25,0.25,0.25,0.1
357,,0.25,0.2,0.2,0.05,0.2,0.2,0.2,0.05
358,,0.2,0.15,0.15,0.0,0.15,0.15,0.15,0.0
359,,0.15,0.1,0.1,-0.05,0.1,0.1,0.1,-0.05
360,8,0.571,0.45,0.379,0.2,0.379,0.45,0.521,0.95
361,8,0.992,0.8,0.658,0.45,0.658,0.8,0.942,1.0
362,,0.942,0.75,0.608,0.4,0.608,0.75,0.892,0.95
363,,0.892,0.7,0.558,0.35,0.558,0.7,0.842,0.9
364,,0.842,0.65,0.508,0.3,0.508,0.65,0.792,0.85
365,,0.792,0.6,0.458,0.25,0.458,0.6,0.742,0.8
366,,0.742,0.55,0.408,0.2,0.408,0.55,0.692,0.75
367,,0.692,0.5,0.358,0.15,0.358,0.5,0.642,0.7
368,,0.642,0.45,0.308,0.1,0.308,0.45,0.592,0.65
369,,0.592,0.4,0.258,0.05,0.258,0.4,0.542,0.6
370,,0.542,0.35,0.208,0.0,0.208,0.35,0.492,0.55
371,,0.492,0.3,0.158,-0.05,0.158,0.3,0.442,0.5
372,4,0.771,0.65,0.579,0.95,0.579,0.65,0.721,0.75
373,4,1.0,1.0,1.0,1.0,1.0,1.0,1.0,1.0
374,,0.95,0.95,0.95,0.95,0.95,0.95,0.95,0.95
375,,0.9,0.9,0.9,0.9,0.9,0.9,0.9,0.9
376,,0.85,0.85,0.85,0.85,0.85,0.85,0.85,0.85
377,,0.8,0.8,0.8,0.8,0.8,0.8,0.8,0.8
378,,0.75,0.75,0.75,0.75,0.75,0.75,0.75,0.75
379,,0.7,0.7,0.7,0.7,0.7,0.7,0.7,0.7
380,,0.65,0.65,0.65,0.65,0.65,0.65,0.65,0.65
381,,0.6,0.6,0.6,0.6,0.6,0.6,0.6,0.6
382,,0.55,0.55,0.55,0.55,0.55,0.55,0.55,0.55
383,,0.5,0.5,0.5,0.5,0.5,0.5,0.5,0.5
384,,0.45,0.45,0.45,0.45,0.45,0.45,0.45,0.45
385,,0.4,0.4,0.4,0.4,0.4,0.4,0.4,0.4
386,,0.35,0.35,0.35,0.35,0.35,0.35,0.35,0.35
387,,0.3,0.3,0.3,0.3,0.3,0.3,0.3,0.3
388,,0.25,0.25,0.25,0.25,0.25,0.25,0.25,0.25
389,,0.2,0.2,0.2,0.2,0.2,0.2,0.2,0.2
390,,0.15,0.15,0.15,0.15,0.15,0.15,0.15,0.15
391,,0.1,0.1,0.1,0.1,0.1,0.1,0.1,0.1
392,,0.05,0.05,0.05,0.05,0.05,0.05,0.05,0.05
393,,0.0,0.0,0.0,0.0,0.0,0.0,0.0,0.0
394,,-0.05,-0.05,-0.05,-0.05,-0.05,-0.05,-0.05,-0.05
395,4,0.229,0.3,0.371,0.95,0.371,0.3,0.229,0.2
396,4,0.508,0.65,0.792,1.0,0.792,0.65,0.508,0.45
397,,0.458,0.6,0.742,0.95,0.742,0.6,0.458,0.4
398,,0.408,0.55,0.692,0.9,0.692,0.55,0.408,0.35
399,,0.358,0.5,0.642,0.85,0.642,0.5,0.358,0.3
400,,0.308,0.45,0.592,0.8,0.592,0.45,0.308,0.25
401,,0.258,0.4,0.542,0.75,0.542,0.4,0.258,0.2
402,,0.208,0.35,0.492,0.7,0.492,0.35,0.208,0.15
403,,0.158,0.3,0.442,0.65,0.442,0.3,0.158,0.1
404,,0.108,0.25,0.392,0.6,0.392,0.25,0.108,0.05
405,,0.058,0.2,0.342,0.55,0.342,0.2,0.058,0.0
406,,0.008,0.15,0.292,0.5,0.292,0.15,0.008,-0.05
407,8,0.429,0.5,0.571,0.75,0.571,0.5,0.429,0.95
408,8,0.85,0.85,0.85,1.0,0.85,0.85,0.85,1.0
409,,0.8,0.8,0.8,0.95,0.8,0.8,0.8,0.95
410,,0.75,0.75,0.75,0.9,0.75,0.75,0.75,0.9
411,,0.7,0.7,0.7,0.85,0.7,0.7,0.7,0.85
412,,0.65,0.65,0.65,0.8,0.65,0.65,0.65,0.8
413,,0.6,0.6,0.6,0.75,0.6,0.6,0.6,0.75
414,,0.55,0.55,0.55,0.7,0.55,0.55,0.55,0.7
415,,0.5,0.5,0.5,0.65,0.5,0.5,0.5,0.65
416,,0.45,0.45,0.45,0.6,0.45,0.45,0.45,0.6
417,,0.4,0.4,0.4,0.55,0.4,0.4,0.4,0.55
418,,0.35,0.35,0.35,0.5,0.35,0.35,0.35,0.5
419,,0.3,0.3,0.3,0.45,0.3,0.3,0.3,0.45
420,,0.25,0.25,0.25,0.4,0.25,0.25,0.25,0.4
421,,0.2,0.2,0.2,0.35,0.2,0.2,0.2,0.35
422,,0.15,0.15,0.15,0.3,0.15,0.15,0.15,0.3
423,,0.1,0.1,0.1,0.25,0.1,0.1,0.1,0.25
424,,0.05,0.05,0.05,0.2,0.05,0.05,0.05,0.2
425,,0.0,0.0,0.0,0.15,0.0,0.0,0.0,0.15
426,,-0.05,-0.05,-0.05,0.1,-0.05,-0.05,-0.05,0.1
427,7,0.3,0.229,0.2,0.379,0.3,0.371,0.95,0.521
428,7,0.65,0.508,0.45,0.658,0.65,0.792,1.0,0.942
429,,0.6,0.458,0.4,0.608,0.6,0.742,0.95,0.892
430,,0.55,0.408,0.35,0.558,0.55,0.692,0.9,0.842
431,,0.5,0.358,0.3,0.508,0.5,0.642,0.85,0.792
432,,0.45,0.308,0.25,0.458,0.45,0.592,0.8,0.742
433,,0.4,0.258,0.2,0.408,0.4,0.542,0.75,0.692
434,,0.35,0.208,0.15,0.358,0.35,0.492,0.7,0.642
435,,0.3,0.158,0.1,0.308,0.3,0.442,0.65,0.592
436,,0.25,0.108,0.05,0.258,0.25,0.392,0.6,0.542
437,,0.2,0.058,0.0,0.208,0.2,0.342,0.55,0.492
438,,0.15,0.008,-0.05,0.158,0.15,0.292,0.5,0.442
439,3,0.5,0.429,0.95,0.579,0.5,0.571,0.75,0.721
440,3,0.85,0.85,1.0,1.0,0.85,0.85,1.0,1.0
441,,0.8,0.8,0.95,0.95,0.8,0.8,0.95,0.95
442,,0.75,0.75,0.9,0.9,0.75,0.75,0.9,0.9
443,,0.7,0.7,0.85,0.85,0.7,0.7,0.85,0.85
444,,0.65,0.65,0.8,0.8,0.65,0.65,0.8,0.8
445,,0.6,0.6,0.75,0.75,0.6,0.6,0.75,0.75
446,,0.55,0.55,0.7,0.7,0.55,0.55,0.7,0.7
447,,0.5,0.5,0.65,0.65,0.5,0.5,0.65,0.65
448,,0.45,0.45,0.6,0.6,0.45,0.45,0.6,0.6
449,,0.4,0.4,0.55,0.55,0.4,0.4,0.55,0.55
450,,0.35,0.35,0.5,0.5,0.35,0.35,0.5,0.5
451,,0.3,0.3,0.45,0.45,0.3,0.3,0.45,0.45
452,,0.25,0.25,0.4,0.4,0.25,0.25,0.4,0.4
453,,0.2,0.2,0.35,0.35,0.2,0.2,0.35,0.35
454,,0.15,0.15,0.3,0.3,0.15,0.15,0.3,0.3
455,,0.1,0.1,0.25,0.25,0.1,0.1,0.25,0.25
456,,0.05,0.05,0.2,0.2,0.05,0.05,0.2,0.2
457,,0.0,0.0,0.15,0.15,0.0,0.0,0.15,0.15
458,,-0.05,-0.05,0.1,0.1,-0.05,-0.05,0.1,0.1
459,5,0.2,0.229,0.45,0.521,0.95,0.371,0.45,0.379
460,5,0.45,0.508,0.8,0.942,1.0,0.792,0.8,0.658
461,,0.4,0.458,0.75,0.892,0.95,0.742,0.75,0.608
462,,0.35,0.408,0.7,0.842,0.9,0.692,0.7,0.558
463,,0.3,0.358,0.65,0.792,0.85,0.642,0.65,0.508
464,,0.25,0.308,0.6,0.742,0.8,0.592,0.6,0.458
465,,0.2,0.258,0.55,0.692,0.75,0.542,0.55,0.408
466,,0.15,0.208,0.5,0.642,0.7,0.492,0.5,0.358
467,,0.1,0.158,0.45,0.592,0.65,0.442,0.45,0.308
468,,0.05,0.108,0.4,0.542,0.6,0.392,0.4,0.258
469,,0.0,0.058,0.35,0.492,0.55,0.342,0.35,0.208
470,,-0.05,0.008,0.3,0.442,0.5,0.292,0.3,0.158
471,1,0.95,0.429,0.65,0.721,0.75,0.571,0.65,0.579
472,1,1.0,0.85,1.0,1.0,1.0,0.85,1.0,1.0
473,,0.95,0.8,0.95,0.95,0.95,0.8,0.95,0.95
474,,0.9,0.75,0.9,0.9,0.9,0.75,0.9,0.9
475,,0.85,0.7,0.85,0.85,0.85,0.7,0.85,0.85
476,,0.8,0.65,0.8,0.8,0.8,0.65,0.8,0.8
477,,0.75,0.6,0.75,0.75,0.75,0.6,0.75,0.75
478,,0.7,0.55,0.7,0.7,0.7,0.55,0.7,0.7
479,,0.65,0.5,0.65,0.65,0.65,0.5,0.65,0.65
480,,0.6,0.45,0.6,0.6,0.6,0.45,0.6,0.6
481,,0.55,0.4,0.55,0.55,0.55,0.4,0.55,0.55
482,,0.5,0.35,0.5,0.5,0.5,0.35,0.5,0.5
483,,0.45,0.3,0.45,0.45,0.45,0.3,0.45,0.45
484,,0.4,0.25,0.4,0.4,0.4,0.25,0.4,0.4
485,,0.35,0.2,0.35,0.35,0.35,0.2,0.35,0.35
486,,0.3,0.15,0.3,0.3,0.3,0.15,0.3,0.3
487,,0.25,0.1,0.25,0.25,0.25,0.1,0.25,0.25
488,,0.2,0.05,0.2,0.2,0.2,0.05,0.2,0.2
489,,0.15,0.0,0.15,0.15,0.15,0.0,0.15,0.15
490,,0.1,-0.05,0.1,0.1,0.1,-0.05,0.1,0.1
491,6,0.379,0.2,0.379,0.45,0.521,0.95,0.521,0.45
492,6,0.658,0.45,0.658,0.8,0.942,1.0,0.942,0.8
493,,0.608,0.4,0.608,0.75,0.892,0.95,0.892,0.75
494,,0.558,0.35,0.558,0.7,0.842,0.9,0.842,0.7
495,,0.508,0.3,0.508,0.65,0.792,0.85,0.792,0.65
496,,0.458,0.25,0.458,0.6,0.742,0.8,0.742,0.6
497,,0.408,0.2,0.408,0.55,0.692,0.75,0.692,0.55
498,,0.358,0.15,0.358,0.5,0.642,0.7,0.642,0.5
499,,0.308,0.1,0.308,0.45,0.592,0.65,0.592,0.45
500,,0.258,0.05,0.258,0.4,0.542,0.6,0.542,0.4
501,,0.208,0.0,0.208,0.35,0.492,0.55,0.492,0.35
502,,0.158,-0.05,0.158,0.3,0.442,0.5,0.442,0.3
503,2,0.579,0.95,0.579,0.65,0.721,0.75,0.721,0.65
504,2,1.0,1.0,1.0,1.0,1.0,1.0,1.0,1.0
505,,0.95,0.95,0.95,0.95,0.95,0.95,0.95,0.95
506,,0.9,0.9,0.9,0.9,0.9,0.9,0.9,0.9
507,,0.85,0.85,0.85,0.85,0.85,0.85,0.85,0.85
508,,0.8,0.8,0.8,0.8,0.8,0.8,0.8,0.8
509,,0.75,0.75,0.75,0.75,0.75,0.75,0.75,0.75
510,,0.7,0.7,0.7,0.7,0.7,0.7,0.7,0.7
511,,0.65,0.65,0.65,0.65,0.65,0.65,0.65,0.65
512,,0.6,0.6,0.6,0.6,0.6,0.6,0.6,0.6
513,,0.55,0.55,0.55,0.55,0.55,0.55,0.55,0.55
514,,0.5,0.5,0.5,0.5,0.5,0.5,0.5,0.5
515,,0.45,0.45,0.45,0.45,0.45,0.45,0.45,0.45
516,,0.4,0.4,0.4,0.4,0.4,0.4,0.4,0.4
517,,0.35,0.35,0.35,0.35,0.35,0.35,0.35,0.35
518,,0.3,0.3,0.3,0.3,0.3,0.3,0.3,0.3
519,,0.25,0.25,0.25,0.25,0.25,0.25,0.25,0.25
520,,0.2,0.2,0.2,0.2,0.2,0.2,0.2,0.2
521,,0.15,0.15,0.15,0.15,0.15,0.15,0.15,0.15
522,,0.1,0.1,0.1,0.1,0.1,0.1,0.1,0.1
523,,0.05,0.05,0.05,0.05,0.05,0.05,0.05,0.05
524,,0.0,0.0,0.0,0.0,0.0,0.0,0.0,0.0
525,,-0.05,-0.05,-0.05,-0.05,-0.05,-0.05,-0.05,-0.05
526,3,0.3,0.371,0.95,0.371,0.3,0.229,0.2,0.229
527,3,0.65,0.792,1.0,0.792,0.65,0.508,0.45,0.508
528,,0.6,0.742,0.95,0.742,0.6,0.458,0.4,0.458
529,,0.55,0.692,0.9,0.692,0.55,0.408,0.35,0.408
530,,0.5,0.642,0.85,0.642,0.5,0.358,0.3,0.358
531,,0.45,0.592,0.8,0.592,0.45,0.308,0.25,0.308
532,,0.4,0.542,0.75,0.542,0.4,0.258,0.2,0.258
533,,0.35,0.492,0.7,0.492,0.35,0.208,0.15,0.208
534,,0.3,0.442,0.65,0.442,0.3,0.158,0.1,0.158
535,,0.25,0.392,0.6,0.392,0.25,0.108,0.05,0.108
536,,0.2,0.342,0.55,0.342,0.2,0.058,0.0,0.058
537,,0.15,0.292,0.5,0.292,0.15,0.008,-0.05,0.008
538,7,0.5,0.571,0.75,0.571,0.5,0.429,0.95,0.429
539,7,0.85,0.85,1.0,0.85,0.85,0.85,1.0,0.85
540,,0.8,0.8,0.95,0.8,0.8,0.8,0.95,0.8
541,,0.75,0.75,0.9,0.75,0.75,0.75,0.9,0.75
542,,0.7,0.7,0.85,0.7,0.7,0.7,0.85,0.7
543,,0.65,0.65,0.8,0.65,0.65,0.65,0.8,0.65
544,,0.6,0.6,0.75,0.6,0.6,0.6,0.75,0.6
545,,0.55,0.55,0.7,0.55,0.55,0.55,0.7,0.55
546,,0.5,0.5,0.65,0.5,0.5,0.5,0.65,0.5
547,,0.45,0.45,0.6,0.45,0.45,0.45,0.6,0.45
548,,0.4,0.4,0.55,0.4,0.4,0.4,0.55,0.4
549,,0.35,0.35,0.5,0.35,0.35,0.35,0.5,0.35
550,,0.3,0.3,0.45,0.3,0.3,0.3,0.45,0.3
551,,0.25,0.25,0.4,0.25,0.25,0.25,0.4,0.25
552,,0.2,0.2,0.35,0.2,0.2,0.2,0.35,0.2
553,,0.15,0.15,0.3,0.15,0.15,0.15,0.3,0.15
554,,0.1,0.1,0.25,0.1,0.1,0.1,0.25,0.1
555,,0.05,0.05,0.2,0.05,0.05,0.05,0.2,0.05
556,,0.0,0.0,0.15,0.0,0.0,0.0,0.15,0.0
557,,-0.05,-0.05,0.1,-0.05,-0.05,-0.05,0.1,-0.05
558,1,0.95,0.371,0.45,0.229,0.2,0.229,0.45,0.371
559,1,1.0,0.792,0.8,0.508,0.45,0.508,0.8,0.792
560,,0.95,0.742,0.75,0.458,0.4,0.458,0.75,0.742
561,,0.9,0.692,0.7,0.408,0.35,0.408,0.7,0.692
562,,0.85,0.642,0.65,0.358,0.3,0.358,0.65,0.642
563,,0.8,0.592,0.6,0.308,0.25,0.308,0.6,0.592
564,,0.75,0.542,0.55,0.258,0.2,0.258,0.55,0.542
565,,0.7,0.492,0.5,0.208,0.15,0.208,0.5,0.492
566,,0.65,0.442,0.45,0.158,0.1,0.158,0.45,0.442
567,,0.6,0.392,0.4,0.108,0.05,0.108,0.4,0.392
568,,0.55,0.342,0.35,0.058,0.0,0.058,0.35,0.342
569,,0.5,0.292,0.3,0.008,-0.05,0.008,0.3,0.292
570,5,0.75,0.571,0.65,0.429,0.95,0.429,0.65,0.571
571,5,1.0,0.85,1.0,0.85,1.0,0.85,1.0,0.85
572,,0.95,0.8,0.95,0.8,0.95,0.8,0.95,0.8
573,,0.9,0.75,0.9,0.75,0.9,0.75,0.9,0.75
574,,0.85,0.7,0.85,0.7,0.85,0.7,0.85,0.7
575,,0.8,0.65,0.8,0.65,0.8,0.65,0.8,0.65
576,,0.75,0.6,0.75,0.6,0.75,0.6,0.75,0.6
577,,0.7,0.55,0.7,0.55,0.7,0.55,0.7,0.55
578,,0.65,0.5,0.65,0.5,0.65,0.5,0.65,0.5
579,,0.6,0.45,0.6,0.45,0.6,0.45,0.6,0.45
580,,0.55,0.4,0.55,0.4,0.55,0.4,0.55,0.4
581,,0.5,0.35,0.5,0.35,0.5,0.35,0.5,0.35
582,,0.45,0.3,0.45,0.3,0.45,0.3,0.45,0.3
583,,0.4,0.25,0.4,0.25,0.4,0.25,0.4,0.25
584,,0.35,0.2,0.35,0.2,0.35,0.2,0.35,0.2
585,,0.3,0.15,0.3,0.15,0.3,0.15,0.3,0.15
586,,0.25,0.1,0.25,0.1,0.25,0.1,0.25,0.1
587,,0.2,0.05,0.2,0.05,0.2,0.05,0.2,0.05
588,,0.15,0.0,0.15,0.0,0.15,0.0,0.15,0.0
589,,0.1,-0.05,0.1,-0.05,0.1,-0.05,0.1,-0.05
590,2,0.521,0.95,0.521,0.3,0.379,0.2,0.379,0.3
591,2,0.942,1.0,0.942,0.65,0.658,0.45,0.658,0.65
592,,0.892,0.95,0.892,0.6,0.608,0.4,0.608,0.6
593,,0.842,0.9,0.842,0.55,0.558,0.35,0.558,0.55
594,,0.792,0.85,0.792,0.5,0.508,0.3,0.508,0.5
595,,0.742,0.8,0.742,0.45,0.458,0.25,0.458,0.45
596,,0.692,0.75,0.692,0.4,0.408,0.2,0.408,0.4
597,,0.642,0.7,0.642,0.35,0.358,0.15,0.358,0.35
598,,0.592,0.65,0.592,0.3,0.308,0.1,0.308,0.3
599,,0.542,0.6,0.542,0.25,0.258,0.05,0.258,0.25
600,,0.492,0.55,0.492,0.2,0.208,0.0,0.208,0.2
601,,0.442,0.5,0.442,0.15,0.158,-0.05,0.158,0.15
602,6,0.721,0.75,0.721,0.5,0.579,0.95,0.579,0.5
603,6,1.0,1.0,1.0,0.85,1.0,1.0,1.0,0.85
604,,0.95,0.95,0.95,0.8,0.95,0.95,0.95,0.8
605,,0.9,0.9,0.9,0.75,0.9,0.9,0.9,0.75
606,,0.85,0.85,0.85,0.7,0.85,0.85,0.85,0.7
607,,0.8,0.8,0.8,0.65,0.8,0.8,0.8,0.65
608,,0.75,0.75,0.75,0.6,0.75,0.75,0.75,0.6
609,,0.7,0.7,0.7,0.55,0.7,0.7,0.7,0.55
610,,0.65,0.65,0.65,0.5,0.65,0.65,0.65,0.5
611,,0.6,0.6,0.6,0.45,0.6,0.6,0.6,0.45
612,,0.55,0.55,0.55,0.4,0.55,0.55,0.55,0.4
613,,0.5,0.5,0.5,0.35,0.5,0.5,0.5,0.35
614,,0.45,0.45,0.45,0.3,0.45,0.45,0.45,0.3
615,,0.4,0.4,0.4,0.25,0.4,0.4,0.4,0.25
616,,0.35,0.35,0.35,0.2,0.35,0.35,0.35,0.2
617,,0.3,0.3,0.3,0.15,0.3,0.3,0.3,0.15
618,,0.25,0.25,0.25,0.1,0.25,0.25,0.25,0.1
619,,0.2,0.2,0.2,0.05,0.2,0.2,0.2,0.05
620,,0.15,0.15,0.15,0.0,0.15,0.15,0.15,0.0
621,,0.1,0.1,0.1,-0.05,0.1,0.1,0.1,-0.05
622,4,0.379,0.45,0.521,0.95,0.521,0.45,0.379,0.2
623,4,0.658,0.8,0.942,1.0,0.942,0.8,0.658,0.45
624,,0.608,0.75,0.892,0.95,0.892,0.75,0.608,0.4
625,,0.558,0.7,0.842,0.9,0.842,0.7,0.558,0.35
626,,0.508,0.65,0.792,0.85,0.792,0.65,0.508,0.3
627,,0.458,0.6,0.742,0.8,0.742,0.6,0.458,0.25
628,,0.408,0.55,0.692,0.75,0.692,0.55,0.408,0.2
629,,0.358,0.5,0.642,0.7,0.642,0.5,0.358,0.15
630,,0.308,0.45,0.592,0.65,0.592,0.45,0.308,0.1
631,,0.258,0.4,0.542,0.6,0.542,0.4,0.258,0.05
632,,0.208,0.35,0.492,0.55,0.492,0.35,0.208,0.0
633,,0.158,0.3,0.442,0.5,0.442,0.3,0.158,-0.05
634,8,0.579,0.65,0.721,0.75,0.721,0.65,0.579,0.95
635,8,1.0,1.0,1.0,1.0,1.0,1.0,1.0,1.0
636,,0.95,0.95,0.95,0.95,0.95,0.95,0.95,0.95
637,,0.9,0.9,0.9,0.9,0.9,0.9,0.9,0.9
638,,0.85,0.85,0.85,0.85,0.85,0.85,0.85,0.85
639,,0.8,0.8,0.8,0.8,0.8,0.8,0.8,0.8
640,,0.75,0.75,0.75,0.75,0.75,0.75,0.75,0.75
641,,0.7,0.7,0.7,0.7,0.7,0.7,0.7,0.7
642,,0.65,0.65,0.65,0.65,0.65,0.65,0.65,0.65
643,,0.6,0.6,0.6,0.6,0.6,0.6,0.6,0.6
644,,0.55,0.55,0.55,0.55,0.55,0.55,0.55,0.55
645,,0.5,0.5,0.5,0.5,0.5,0.5,0.5,0.5
646,,0.45,0.45,0.45,0.45,0.45,0.45,0.45,0.45
647,,0.4,0.4,0.4,0.4,0.4,0.4,0.4,0.4
648,,0.35,0.35,0.35,0.35,0.35,0.35,0.35,0.35
649,,0.3,0.3,0.3,0.3,0.3,0.3,0.3,0.3
650,,0.25,0.25,0.25,0.25,0.25,0.25,0.25,0.25
651,,0.2,0.2,0.2,0.2,0.2,0.2,0.2,0.2
652,,0.15,0.15,0.15,0.15,0.15,0.15,0.15,0.15
653,,0.1,0.1,0.1,0.1,0.1,0.1,0.1,0.1
654,,0.05,0.05,0.05,0.05,0.05,0.05,0.05,0.05
655,,0.0,0.0,0.0,0.0,0.0,0.0,0.0,0.0
656,,-0.05,-0.05,-0.05,-0.05,-0.05,-0.05,-0.05,-0.05
657,8,0.371,0.3,0.229,0.2,0.229,0.3,0.371,0.95
658,8,0.792,0.65,0.508,0.45,0.508,0.65,0.792,1.0
659,,0.742,0.6,0.458,0.4,0.458,0.6,0.742,0.95
660,,0.692,0.55,0.408,0.35,0.408,0.55,0.692,0.9
661,,0.642,0.5,0.358,0.3,0.358,0.5,0.642,0.85
662,,0.592,0.45,0.308,0.25,0.308,0.45,0.592,0.8
663,,0.542,0.4,0.258,0.2,0.258,0.4,0.542,0.75
664,,0.492,0.35,0.208,0.15,0.208,0.35,0.492,0.7
665,,0.442,0.3,0.158,0.1,0.158,0.3,0.442,0.65
666,,0.392,0.25,0.108,0.05,0.108,0.25,0.392,0.6
667,,0.342,0.2,0.058,0.0,0.058,0.2,0.342,0.55
668,,0.292,0.15,0.008,-0.05,0.008,0.15,0.292,0.5
669,4,0.571,0.5,0.429,0.95,0.429,0.5,0.571,0.75
670,4,0.85,0.85,0.85,1.0,0.85,0.85,0.85,1.0
671,,0.8,0.8,0.8,0.95,0.8,0.8,0.8,0.95
672,,0.75,0.75,0.75,0.9,0.75,0.75,0.75,0.9
673,,0.7,0.7,0.7,0.85,0.7,0.7,0.7,0.85
674,,0.65,0.65,0.65,0.8,0.65,0.65,0.65,0.8
675,,0.6,0.6,0.6,0.75,0.6,0.6,0.6,0.75
676,,0.55,0.55,0.55,0.7,0.55,0.55,0.55,0.7
677,,0.5,0.5,0.5,0.65,0.5,0.5,0.5,0.65
678,,0.45,0.45,0.45,0.6,0.45,0.45,0.45,0.6
679,,0.4,0.4,0.4,0.55,0.4,0.4,0.4,0.55
680,,0.35,0.35,0.35,0.5,0.35,0.35,0.35,0.5
681,,0.3,0.3,0.3,0.45,0.3,0.3,0.3,0.45
682,,0.25,0.25,0.25,0.4,0.25,0.25,0.25,0.4
683,,0.2,0.2,0.2,0.35,0.2,0.2,0.2,0.35
684,,0.15,0.15,0.15,0.3,0.15,0.15,0.15,0.3
685,,0.1,0.1,0.1,0.25,0.1,0.1,0.1,0.25
686,,0.05,0.05,0.05,0.2,0.05,0.05,0.05,0.2
687,,0.0,0.0,0.0,0.15,0.0,0.0,0.0,0.15
688,,-0.05,-0.05,-0.05,0.1,-0.05,-0.05,-0.05,0.1
689,1,0.95,0.371,0.3,0.379,0.2,0.229,0.3,0.521
690,1,1.0,0.792,0.65,0.658,0.45,0.508,0.65,0.942
691,,0.95,0.742,0.6,0.608,0.4,0.458,0.6,0.892
692,,0.9,0.692,0.55,0.558,0.35,0.408,0.55,0.842
693,,0.85,0.642,0.5,0.508,0.3,0.358,0.5,0.792
694,,0.8,0.592,0.45,0.458,0.25,0.308,0.45,0.742
695,,0.75,0.542,0.4,0.408,0.2,0.258,0.4,0.692
696,,0.7,0.492,0.35,0.358,0.15,0.208,0.35,0.642
697,,0.65,0.442,0.3,0.308,0.1,0.158,0.3,0.592
698,,0.6,0.392,0.25,0.258,0.05,0.108,0.25,0.542
699,,0.55,0.342,0.2,0.208,0.0,0.058,0.2,0.492
700,,0.5,0.292,0.15,0.158,-0.05,0.008,0.15,0.442
701,5,0.75,0.571,0.5,0.579,0.95,0.429,0.5,0.721
702,5,1.0,0.85,0.85,1.0,1.0,0.85,0.85,1.0
703,,0.95,0.8,0.8,0.95,0.95,0.8,0.8,0.95
704,,0.9,0.75,0.75,0.9,0.9,0.75,0.75,0.9
705,,0.85,0.7,0.7,0.85,0.85,0.7,0.7,0.85
706,,0.8,0.65,0.65,0.8,0.8,0.65,0.65,0.8
707,,0.75,0.6,0.6,0.75,0.75,0.6,0.6,0.75
708,,0.7,0.55,0.55,0.7,0.7,0.55,0.55,0.7
709,,0.65,0.5,0.5,0.65,0.65,0.5,0.5,0.65
710,,0.6,0.45,0.45,0.6,0.6,0.45,0.45,0.6
711,,0.55,0.4,0.4,0.55,0.55,0.4,0.4,0.55
712,,0.5,0.35,0.35,0.5,0.5,0.35,0.35,0.5
713,,0.45,0.3,0.3,0.45,0.45,0.3,0.3,0.45
714,,0.4,0.25,0.25,0.4,0.4,0.25,0.25,0.4
715,,0.35,0.2,0.2,0.35,0.35,0.2,0.2,0.35
716,,0.3,0.15,0.15,0.3,0.3,0.15,0.15,0.3
717,,0.25,0.1,0.1,0.25,0.25,0.1,0.1,0.25
718,,0.2,0.05,0.05,0.2,0.2,0.05,0.05,0.2
719,,0.15,0.0,0.0,0.15,0.15,0.0,0.0,0.15
720,,0.1,-0.05,-0.05,0.1,0.1,-0.05,-0.05,0.1
721,6,0.379,0.2,0.229,0.45,0.521,0.95,0.371,0.45
722,6,0.658,0.45,0.508,0.8,0.942,1.0,0.792,0.8
723,,0.608,0.4,0.458,0.75,0.892,0.95,0.742,0.75
724,,0.558,0.35,0.408,0.7,0.842,0.9,0.692,0.7
725,,0.508,0.3,0.358,0.65,0.792,0.85,0.642,0.65
726,,0.458,0.25,0.308,0.6,0.742,0.8,0.592,0.6
727,,0.408,0.2,0.258,0.55,0.692,0.75,0.542,0.55
728,,0.358,0.15,0.208,0.5,0.642,0.7,0.492,0.5
729,,0.308,0.1,0.158,0.45,0.592,0.65,0.442,0.45
730,,0.258,0.05,0.108,0.4,0.542,0.6,0.392,0.4
731,,0.208,0.0,0.058,0.35,0.492,0.55,0.342,0.35
732,,0.158,-0.05,0.008,0.3,0.442,0.5,0.292,0.3
733,2,0.579,0.95,0.429,0.65,0.721,0.75,0.571,0.65
734,2,1.0,1.0,0.85,1.0,1.0,1.0,0.85,1.0
735,,0.95,0.95,0.8,0.95,0.95,0.95,0.8,0.95
736,,0.9,0.9,0.75,0.9,0.9,0.9,0.75,0.9
737,,0.85,0.85,0.7,0.85,0.85,0.85,0.7,0.85
738,,0.8,0.8,0.65,0.8,0.8,0.8,0.65,0.8
739,,0.75,0.75,0.6,0.75,0.75,0.75,0.6,0.75
740,,0.7,0.7,0.55,0.7,0.7,0.7,0.55,0.7
741,,0.65,0.65,0.5,0.65,0.65,0.65,0.5,0.65
742,,0.6,0.6,0.45,0.6,0.6,0.6,0.45,0.6
743,,0.55,0.55,0.4,0.55,0.55,0.55,0.4,0.55
744,,0.5,0.5,0.35,0.5,0.5,0.5,0.35,0.5
745,,0.45,0.45,0.3,0.45,0.45,0.45,0.3,0.45
746,,0.4,0.4,0.25,0.4,0.4,0.4,0.25,0.4
747,,0.35,0.35,0.2,0.35,0.35,0.35,0.2,0.35
748,,0.3,0.3,0.15,0.3,0.3,0.3,0.15,0.3
749,,0.25,0.25,0.1,0.25,0.25,0.25,0.1,0.25
750,,0.2,0.2,0.05,0.2,0.2,0.2,0.05,0.2
751,,0.15,0.15,0.0,0.15,0.15,0.15,0.0,0.15
752,,0.1,0.1,-0.05,0.1,0.1,0.1,-0.05,0.1
753,3,0.45,0.521,0.95,0.521,0.45,0.379,0.2,0.379
754,3,0.8,0.942,1.0,0.942,0.8,0.658,0.45,0.658
755,,0.75,0.892,0.95,0.892,0.75,0.608,0.4,0.608
756,,0.7,0.842,0.9,0.842,0.7,0.558,0.35,0.558
757,,0.65,0.792,0.85,0.792,0.65,0.508,0.3,0.508
758,,0.6,0.742,0.8,0.742,0.6,0.458,0.25,0.458
759,,0.55,0.692,0.75,0.692,0.55,0.408,0.2,0.408
760,,0.5,0.642,0.7,0.642,0.5,0.358,0.15,0.358
761,,0.45,0.592,0.65,0.592,0.45,0.308,0.1,0.308
762,,0.4,0.542,0.6,0.542,0.4,0.258,0.05,0.258
763,,0.35,0.492,0.55,0.492,0.35,0.208,0.0,0.208
764,,0.3,0.442,0.5,0.442,0.3,0.158,-0.05,0.158
765,7,0.65,0.721,0.75,0.721,0.65,0.579,0.95,0.579
766,7,1.0,1.0,1.0,1.0,1.0,1.0,1.0,1.0
767,,0.95,0.95,0.95,0.95,0.95,0.95,0.95,0.95
768,,0.9,0.9,0.9,0.9,0.9,0.9,0.9,0.9
769,,0.85,0.85,0.85,0.85,0.85,0.85,0.85,0.85
770,,0.8,0.8,0.8,0.8,0.8,0.8,0.8,0.8
771,,0.75,0.75,0.75,0.75,0.75,0.75,0.75,0.75
772,,0.7,0.7,0.7,0.7,0.7,0.7,0.7,0.7
773,,0.65,0.65,0.65,0.65,0.65,0.65,0.65,0.65
774,,0.6,0.6,0.6,0.6,0.6,0.6,0.6,0.6
775,,0.55,0.55,0.55,0.55,0.55,0.55,0.55,0.55
776,,0.5,0.5,0.5,0.5,0.5,0.5,0.5,0.5
777,,0.45,0.45,0.45,0.45,0.45,0.45,0.45,0.45
778,,0.4,0.4,0.4,0.4,0.4,0.4,0.4,0.4
779,,0.35,0.35,0.35,0.35,0.35,0.35,0.35,0.35
780,,0.3,0.3,0.3,0.3,0.3,0.3,0.3,0.3
781,,0.25,0.25,0.25,0.25,0.25,0.25,0.25,0.25
782,,0.2,0.2,0.2,0.2,0.2,0.2,0.2,0.2
783,,0.15,0.15,0.15,0.15,0.15,0.15,0.15,0.15
784,,0.1,0.1,0.1,0.1,0.1,0.1,0.1,0.1
785,,0.05,0.05,0.05,0.05,0.05,0.05,0.05,0.05
786,,0.0,0.0,0.0,0.0,0.0,0.0,0.0,0.0
787,,-0.05,-0.05,-0.05,-0.05,-0.05,-0.05,-0.05,-0.05
788,2,0.371,0.95,0.371,0.3,0.229,0.2,0.229,0.3
789,2,0.792,1.0,0.792,0.65,0.508,0.45,0.508,0.65
790,,0.742,0.95,0.742,0.6,0.458,0.4,0.458,0.6
791,,0.692,0.9,0.692,0.55,0.408,0.35,0.408,0.55
792,,0.642,0.85,0.642,0.5,0.358,0.3,0.358,0.5
793,,0.592,0.8,0.592,0.45,0.308,0.25,0.308,0.45
794,,0.542,0.75,0.542,0.4,0.258,0.2,0.258,0.4
795,,0.492,0.7,0.492,0.35,0.208,0.15,0.208,0.35
796,,0.442,0.65,0.442,0.3,0.158,0.1,0.158,0.3
797,,0.392,0.6,0.392,0.25,0.108,0.05,0.108,0.25
798,,0.342,0.55,0.342,0.2,0.058,0.0,0.058,0.2
799,,0.292,0.5,0.292,0.15,0.008,-0.05,0.008,0.15
800,6,0.571,0.75,0.571,0.5,0.429,0.95,0.429,0.5
801,6,0.85,1.0,0.85,0.85,0.85,1.0,0.85,0.85
802,,0.8,0.95,0.8,0.8,0.8,0.95,0.8,0.8
803,,0.75,0.9,0.75,0.75,0.75,0.9,0.75,0.75
804,,0.7,0.85,0.7,0.7,0.7,0.85,0.7,0.7
805,,0.65,0.8,0.65,0.65,0.65,0.8,0.65,0.65
806,,0.6,0.75,0.6,0.6,0.6,0.75,0.6,0.6
807,,0.55,0.7,0.55,0.55,0.55,0.7,0.55,0.55
808,,0.5,0.65,0.5,0.5,0.5,0.65,0.5,0.5
809,,0.45,0.6,0.45,0.45,0.45,0.6,0.45,0.45
810,,0.4,0.55,0.4,0.4,0.4,0.55,0.4,0.4
811,,0.35,0.5,0.35,0.35,0.35,0.5,0.35,0.35
812,,0.3,0.45,0.3,0.3,0.3,0.45,0.3,0.3
813,,0.25,0.4,0.25,0.25,0.25,0.4,0.25,0.25
814,,0.2,0.35,0.2,0.2,0.2,0.35,0.2,0.2
815,,0.15,0.3,0.15,0.15,0.15,0.3,0.15,0.15
816,,0.1,0.25,0.1,0.1,0.1,0.25,0.1,0.1
817,,0.05,0.2,0.05,0.05,0.05,0.2,0.05,0.05
818,,0.0,0.15,0.0,0.0,0.0,0.15,0.0,0.0
819,,-0.05,0.1,-0.05,-0.05,-0.05,0.1,-0.05,-0.05
820,3,0.3,0.521,0.95,0.371,0.3,0.379,0.2,0.229
821,3,0.65,0.942,1.0,0.792,0.65,0.658,0.45,0.508
822,,0.6,0.892,0.95,0.742,0.6,0.608,0.4,0.458
823,,0.55,0.842,0.9,0.692,0.55,0.558,0.35,0.408
824,,0.5,0.792,0.85,0.642,0.5,0.508,0.3,0.358
825,,0.45,0.742,0.8,0.592,0.45,0.458,0.25,0.308
826,,0.4,0.692,0.75,0.542,0.4,0.408,0.2,0.258
827,,0.35,0.642,0.7,0.492,0.35,0.358,0.15,0.208
828,,0.3,0.592,0.65,0.442,0.3,0.308,0.1,0.158
829,,0.25,0.542,0.6,0.392,0.25,0.258,0.05,0.108
830,,0.2,0.492,0.55,0.342,0.2,0.208,0.0,0.058
831,,0.15,0.442,0.5,0.292,0.15,0.158,-0.05,0.008
832,7,0.5,0.721,0.75,0.571,0.5,0.579,0.95,0.429
833,7,0.85,1.0,1.0,0.85,0.85,1.0,1.0,0.85
834,,0.8,0.95,0.95,0.8,0.8,0.95,0.95,0.8
835,,0.75,0.9,0.9,0.75,0.75,0.9,0.9,0.75
836,,0.7,0.85,0.85,0.7,0.7,0.85,0.85,0.7
837,,0.65,0.8,0.8,0.65,0.65,0.8,0.8,0.65
838,,0.6,0.75,0.75,0.6,0.6,0.75,0.75,0.6
839,,0.55,0.7,0.7,0.55,0.55,0.7,0.7,0.55
840,,0.5,0.65,0.65,0.5,0.5,0.65,0.65,0.5
841,,0.45,0.6,0.6,0.45,0.45,0.6,0.6,0.45
842,,0.4,0.55,0.55,0.4,0.4,0.55,0.55,0.4
843,,0.35,0.5,0.5,0.35,0.35,0.5,0.5,0.35
844,,0.3,0.45,0.45,0.3,0.3,0.45,0.45,0.3
845,,0.25,0.4,0.4,0.25,0.25,0.4,0.4,0.25
846,,0.2,0.35,0.35,0.2,0.2,0.35,0.35,0.2
847,,0.15,0.3,0.3,0.15,0.15,0.3,0.3,0.15
848,,0.1,0.25,0.25,0.1,0.1,0.25,0.25,0.1
849,,0.05,0.2,0.2,0.05,0.05,0.2,0.2,0.05
850,,0.0,0.15,0.15,0.0,0.0,0.15,0.15,0.0
851,,-0.05,0.1,0.1,-0.05,-0.05,0.1,0.1,-0.05
852,8,0.371,0.45,0.379,0.2,0.229,0.45,0.521,0.95
853,8,0.792,0.8,0.658,0.45,0.508,0.8,0.942,1.0
854,,0.742,0.75,0.608,0.4,0.458,0.75,0.892,0.95
855,,0.692,0.7,0.558,0.35,0.408,0.7,0.842,0.9
856,,0.642,0.65,0.508,0.3,0.358,0.65,0.792,0.85
857,,0.592,0.6,0.458,0.25,0.308,0.6,0.742,0.8
858,,0.542,0.55,0.408,0.2,0.258,0.55,0.692,0.75
859,,0.492,0.5,0.358,0.15,0.208,0.5,0.642,0.7
860,,0.442,0.45,0.308,0.1,0.158,0.45,0.592,0.65
861,,0.392,0.4,0.258,0.05,0.108,0.4,0.542,0.6
862,,0.342,0.35,0.208,0.0,0.058,0.35,0.492,0.55
863,,0.292,0.3,0.158,-0.05,0.008,0.3,0.442,0.5
864,4,0.571,0.65,0.579,0.95,0.429,0.65,0.721,0.75
865,4,0.85,1.0,1.0,1.0,0.85,1.0,1.0,1.0
866,,0.8,0.95,0.95,0.95,0.8,0.95,0.95,0.95
867,,0.75,0.9,0.9,0.9,0.75,0.9,0.9,0.9
868,,0.7,0.85,0.85,0.85,0.7,0.85,0.85,0.85
869,,0.65,0.8,0.8,0.8,0.65,0.8,0.8,0.8
870,,0.6,0.75,0.75,0.75,0.6,0.75,0.75,0.75
871,,0.55,0.7,0.7,0.7,0.55,0.7,0.7,0.7
872,,0.5,0.65,0.65,0.65,0.5,0.65,0.65,0.65
873,,0.45,0.6,0.6,0.6,0.45,0.6,0.6,0.6
874,,0.4,0.55,0.55,0.55,0.4,0.55,0.55,0.55
875,,0.35,0.5,0.5,0.5,0.35,0.5,0.5,0.5
876,,0.3,0.45,0.45,0.45,0.3,0.45,0.45,0.45
877,,0.25,0.4,0.4,0.4,0.25,0.4,0.4,0.4
878,,0.2,0.35,0.35,0.35,0.2,0.35,0.35,0.35
879,,0.15,0.3,0.3,0.3,0.15,0.3,0.3,0.3
880,,0.1,0.25,0.25,0.25,0.1,0.25,0.25,0.25
