step,active_motive,motive_1,motive_2,motive_3,motive_4,motive_5,motive_6,motive_7,motive_8
0,,0.03745,0.09507,0.0732,0.05987,0.0156,0.0156,0.00581,0.08662
1,,-0.01255,0.04507,0.0232,0.00987,-0.0344,-0.0344,-0.04419,0.03662
2,7,0.33745,0.32407,0.2732,0.28887,0.3156,0.3866,0.95581,0.45762
3,7,0.68745,0.60307,0.5232,0.56787,0.6656,0.8076,1.0,0.87862
4,,0.63745,0.55307,0.4732,0.51787,0.6156,0.7576,0.95,0.82862
5,,0.58745,0.50307,0.4232,0.46787,0.5656,0.7076,0.9,0.77862
6,,0.53745,0.45307,0.3732,0.41787,0.5156,0.6576,0.85,0.72862
7,,0.48745,0.40307,0.3232,0.36787,0.4656,0.6076,0.8,0.67862
8,,0.43745,0.35307,0.2732,0.31787,0.4156,0.5576,0.75,0.62862
9,,0.38745,0.30307,0.2232,0.26787,0.3656,0.5076,0.7,0.57862
10,,0.33745,0.25307,0.1732,0.21787,0.3156,0.4576,0.65,0.52862
11,,0.28745,0.20307,0.1232,0.16787,0.2656,0.4076,0.6,0.47862
12,,0.23745,0.15307,0.0732,0.11787,0.2156,0.3576,0.55,0.42862
13,,0.18745,0.10307,0.0232,0.06787,0.1656,0.3076,0.5,0.37862
14,,0.13745,0.05307,-0.0268,0.01787,0.1156,0.2576,0.45,0.32862
15,3,0.48745,0.47407,0.9732,0.43887,0.4656,0.5366,0.7,0.60762
16,3,0.83745,0.89507,1.0,0.85987,0.8156,0.8156,0.95,0.88662
17,,0.78745,0.84507,0.95,0.80987,0.7656,0.7656,0.9,0.83662
18,,0.73745,0.79507,0.9,0.75987,0.7156,0.7156,0.85,0.78662
19,,0.68745,0.74507,0.85,0.70987,0.6656,0.6656,0.8,0.73662
20,,0.63745,0.69507,0.8,0.65987,0.6156,0.6156,0.75,0.68662
21,,0.58745,0.64507,0.75,0.60987,0.5656,0.5656,0.7,0.63662
22,,0.53745,0.59507,0.7,0.55987,0.5156,0.5156,0.65,0.58662
23,,0.48745,0.54507,0.65,0.50987,0.4656,0.4656,0.6,0.53662
24,,0.43745,0.49507,0.6,0.45987,0.4156,0.4156,0.55,0.48662
25,,0.38745,0.44507,0.55,0.40987,0.3656,0.3656,0.5,0.43662
26,,0.33745,0.39507,0.5,0.35987,0.3156,0.3156,0.45,0.38662
27,,0.28745,0.34507,0.45,0.30987,0.2656,0.2656,0.4,0.33662
28,,0.23745,0.29507,0.4,0.25987,0.2156,0.2156,0.35,0.28662
29,,0.18745,0.24507,0.35,0.20987,0.1656,0.1656,0.3,0.23662
30,,0.13745,0.19507,0.3,0.15987,0.1156,0.1156,0.25,0.18662
31,,0.08745,0.14507,0.25,0.10987,0.0656,0.0656,0.2,0.13662
32,,0.03745,0.09507,0.2,0.05987,0.0156,0.0156,0.15,0.08662
33,,-0.01255,0.04507,0.15,0.00987,-0.0344,-0.0344,0.1,0.03662
34,6,0.26645,0.29507,0.429,0.35987,0.3866,0.9656,0.521,0.38662
35,6,0.54545,0.54507,0.708,0.70987,0.8076,1.0,0.942,0.73662
36,,0.49545,0.49507,0.658,0.65987,0.7576,0.95,0.892,0.68662
37,,0.44545,0.44507,0.608,0.60987,0.7076,0.9,0.842,0.63662
38,,0.39545,0.39507,0.558,0.55987,0.6576,0.85,0.792,0.58662
39,,0.34545,0.34507,0.508,0.50987,0.6076,0.8,0.742,0.53662
40,,0.29545,0.29507,0.458,0.45987,0.5576,0.75,0.692,0.48662
41,,0.24545,0.24507,0.408,0.40987,0.5076,0.7,0.642,0.43662
42,,0.19545,0.19507,0.358,0.35987,0.4576,0.65,0.592,0.38662
43,,0.14545,0.14507,0.308,0.30987,0.4076,0.6,0.542,0.33662
44,,0.09545,0.09507,0.258,0.25987,0.3576,0.55,0.492,0.28662
45,,0.04545,0.04507,0.208,0.20987,0.3076,0.5,0.442,0.23662
46,,-0.00455,-0.00493,0.158,0.15987,0.2576,0.45,0.392,0.18662
47,2,0.41645,0.99507,0.579,0.50987,0.5366,0.7,0.671,0.53662
48,2,0.83745,1.0,1.0,0.85987,0.8156,0.95,0.95,0.88662
49,,0.78745,0.95,0.95,0.80987,0.7656,0.9,0.9,0.83662
50,,0.73745,0.9,0.9,0.75987,0.7156,0.85,0.85,0.78662
51,,0.68745,0.85,0.85,0.70987,0.6656,0.8,0.8,0.73662
52,,0.63745,0.8,0.8,0.65987,0.6156,0.75,0.75,0.68662
53,,0.58745,0.75,0.75,0.60987,0.5656,0.7,0.7,0.63662
54,,0.53745,0.7,0.7,0.55987,0.5156,0.65,0.65,0.58662
55,,0.48745,0.65,0.65,0.50987,0.4656,0.6,0.6,0.53662
56,,0.43745,0.6,0.6,0.45987,0.4156,0.55,0.55,0.48662
57,,0.38745,0.55,0.55,0.40987,0.3656,0.5,0.5,0.43662
58,,0.33745,0.5,0.5,0.35987,0.3156,0.45,0.45,0.38662
59,,0.28745,0.45,0.45,0.30987,0.2656,0.4,0.4,0.33662
60,,0.23745,0.4,0.4,0.25987,0.2156,0.35,0.35,0.28662
61,,0.18745,0.35,0.35,0.20987,0.1656,0.3,0.3,0.23662
62,,0.13745,0.3,0.3,0.15987,0.1156,0.25,0.25,0.18662
63,,0.08745,0.25,0.25,0.10987,0.0656,0.2,0.2,0.13662
64,,0.03745,0.2,0.2,0.05987,0.0156,0.15,0.15,0.08662
65,,-0.01255,0.15,0.15,0.00987,-0.0344,0.1,0.1,0.03662
66,5,0.23745,0.429,0.5,0.43087,0.9656,0.521,0.45,0.31562
67,5,0.48745,0.708,0.85,0.85187,1.0,0.942,0.8,0.59462
68,,0.43745,0.658,0.8,0.80187,0.95,0.892,0.75,0.54462
69,,0.38745,0.608,0.75,0.75187,0.9,0.842,0.7,0.49462
70,,0.33745,0.558,0.7,0.70187,0.85,0.792,0.65,0.44462
71,,0.28745,0.508,0.65,0.65187,0.8,0.742,0.6,0.39462
72,,0.23745,0.458,0.6,0.60187,0.75,0.692,0.55,0.34462
73,,0.18745,0.408,0.55,0.55187,0.7,0.642,0.5,0.29462
74,,0.13745,0.358,0.5,0.50187,0.65,0.592,0.45,0.24462
75,,0.08745,0.308,0.45,0.45187,0.6,0.542,0.4,0.19462
76,,0.03745,0.258,0.4,0.40187,0.55,0.492,0.35,0.14462
77,,-0.01255,0.208,0.35,0.35187,0.5,0.442,0.3,0.09462
78,1,0.98745,0.629,0.7,0.63087,0.75,0.721,0.65,0.51562
79,1,1.0,1.0,1.0,0.90987,1.0,1.0,1.0,0.93662
80,,0.95,0.95,0.95,0.85987,0.95,0.95,0.95,0.88662
81,,0.9,0.9,0.9,0.80987,0.9,0.9,0.9,0.83662
82,,0.85,0.85,0.85,0.75987,0.85,0.85,0.85,0.78662
83,,0.8,0.8,0.8,0.70987,0.8,0.8,0.8,0.73662
84,,0.75,0.75,0.75,0.65987,0.75,0.75,0.75,0.68662
85,,0.7,0.7,0.7,0.60987,0.7,0.7,0.7,0.63662
86,,0.65,0.65,0.65,0.55987,0.65,0.65,0.65,0.58662
87,,0.6,0.6,0.6,0.50987,0.6,0.6,0.6,0.53662
88,,0.55,0.55,0.55,0.45987,0.55,0.55,0.55,0.48662
89,,0.5,0.5,0.5,0.40987,0.5,0.5,0.5,0.43662
90,,0.45,0.45,0.45,0.35987,0.45,0.45,0.45,0.38662
91,,0.4,0.4,0.4,0.30987,0.4,0.4,0.4,0.33662
92,,0.35,0.35,0.35,0.25987,0.35,0.35,0.35,0.28662
93,,0.3,0.3,0.3,0.20987,0.3,0.3,0.3,0.23662
94,,0.25,0.25,0.25,0.15987,0.25,0.25,0.25,0.18662
95,,0.2,0.2,0.2,0.10987,0.2,0.2,0.2,0.13662
96,,0.15,0.15,0.15,0.05987,0.15,0.15,0.15,0.08662
97,,0.1,0.1,0.1,0.00987,0.1,0.1,0.1,0.03662
98,,0.05,0.05,0.05,-0.04013,0.05,0.05,0.05,-0.01338
99,4,0.329,0.4,0.471,0.95987,0.471,0.4,0.329,0.23662
100,4,0.608,0.75,0.892,1.0,0.892,0.75,0.608,0.48662
101,,0.558,0.7,0.842,0.95,0.842,0.7,0.558,0.43662
102,,0.508,0.65,0.792,0.9,0.792,0.65,0.508,0.38662
103,,0.458,0.6,0.742,0.85,0.742,0.6,0.458,0.33662
104,,0.408,0.55,0.692,0.8,0.692,0.55,0.408,0.28662
105,,0.358,0.5,0.642,0.75,0.642,0.5,0.358,0.23662
106,,0.308,0.45,0.592,0.7,0.592,0.45,0.308,0.18662
107,,0.258,0.4,0.542,0.65,0.542,0.4,0.258,0.13662
108,,0.208,0.35,0.492,0.6,0.492,0.35,0.208,0.08662
109,,0.158,0.3,0.442,0.55,0.442,0.3,0.158,0.03662
110,,0.108,0.25,0.392,0.5,0.392,0.25,0.108,-0.01338
111,8,0.529,0.6,0.671,0.75,0.671,0.6,0.529,0.98662
112,8,0.95,0.95,0.95,1.0,0.95,0.95,0.95,1.0
113,,0.9,0.9,0.9,0.95,0.9,0.9,0.9,0.95
114,,0.85,0.85,0.85,0.9,0.85,0.85,0.85,0.9
115,,0.8,0.8,0.8,0.85,0.8,0.8,0.8,0.85
116,,0.75,0.75,0.75,0.8,0.75,0.75,0.75,0.8
117,,0.7,0.7,0.7,0.75,0.7,0.7,0.7,0.75
118,,0.65,0.65,0.65,0.7,0.65,0.65,0.65,0.7
119,,0.6,0.6,0.6,0.65,0.6,0.6,0.6,0.65
120,,0.55,0.55,0.55,0.6,0.55,0.55,0.55,0.6
121,,0.5,0.5,0.5,0.55,0.5,0.5,0.5,0.55
122,,0.45,0.45,0.45,0.5,0.45,0.45,0.45,0.5
123,,0.4,0.4,0.4,0.45,0.4,0.4,0.4,0.45
124,,0.35,0.35,0.35,0.4,0.35,0.35,0.35,0.4
125,,0.3,0.3,0.3,0.35,0.3,0.3,0.3,0.35
126,,0.25,0.25,0.25,0.3,0.25,0.25,0.25,0.3
127,,0.2,0.2,0.2,0.25,0.2,0.2,0.2,0.25
128,,0.15,0.15,0.15,0.2,0.15,0.15,0.15,0.2
129,,0.1,0.1,0.1,0.15,0.1,0.1,0.1,0.15
130,,0.05,0.05,0.05,0.1,0.05,0.05,0.05,0.1
131,,0.0,0.0,0.0,0.05,0.0,0.0,0.0,0.05
132,,-0.05,-0.05,-0.05,0.0,-0.05,-0.05,-0.05,0.0
133,3,0.3,0.371,0.95,0.421,0.3,0.229,0.2,0.279
134,3,0.65,0.792,1.0,0.842,0.65,0.508,0.45,0.558
135,,0.6,0.742,0.95,0.792,0.6,0.458,0.4,0.508
136,,0.55,0.692,0.9,0.742,0.55,0.408,0.35,0.458
137,,0.5,0.642,0.85,0.692,0.5,0.358,0.3,0.408
138,,0.45,0.592,0.8,0.642,0.45,0.308,0.25,0.358
139,,0.4,0.542,0.75,0.592,0.4,0.258,0.2,0.308
140,,0.35,0.492,0.7,0.542,0.35,0.208,0.15,0.258
141,,0.3,0.442,0.65,0.492,0.3,0.158,0.1,0.208
142,,0.25,0.392,0.6,0.442,0.25,0.108,0.05,0.158
143,,0.2,0.342,0.55,0.392,0.2,0.058,0.0,0.108
144,,0.15,0.292,0.5,0.342,0.15,0.008,-0.05,0.058
145,7,0.5,0.571,0.75,0.621,0.5,0.429,0.95,0.479
146,7,0.85,0.85,1.0,0.9,0.85,0.85,1.0,0.9
147,,0.8,0.8,0.95,0.85,0.8,0.8,0.95,0.85
148,,0.75,0.75,0.9,0.8,0.75,0.75,0.9,0.8
149,,0.7,0.7,0.85,0.75,0.7,0.7,0.85,0.75
150,,0.65,0.65,0.8,0.7,0.65,0.65,0.8,0.7
151,,0.6,0.6,0.75,0.65,0.6,0.6,0.75,0.65
152,,0.55,0.55,0.7,0.6,0.55,0.55,0.7,0.6
153,,0.5,0.5,0.65,0.55,0.5,0.5,0.65,0.55
154,,0.45,0.45,0.6,0.5,0.45,0.45,0.6,0.5
155,,0.4,0.4,0.55,0.45,0.4,0.4,0.55,0.45
156,,0.35,0.35,0.5,0.4,0.35,0.35,0.5,0.4
157,,0.3,0.3,0.45,0.35,0.3,0.3,0.45,0.35
158,,0.25,0.25,0.4,0.3,0.25,0.25,0.4,0.3
159,,0.2,0.2,0.35,0.25,0.2,0.2,0.35,0.25
160,,0.15,0.15,0.3,0.2,0.15,0.15,0.3,0.2
161,,0.1,0.1,0.25,0.15,0.1,0.1,0.25,0.15
162,,0.05,0.05,0.2,0.1,0.05,0.05,0.2,0.1
163,,0.0,0.0,0.15,0.05,0.0,0.0,0.15,0.05
164,,-0.05,-0.05,0.1,0.0,-0.05,-0.05,0.1,0.0
165,2,0.371,0.95,0.521,0.35,0.229,0.2,0.379,0.35
166,2,0.792,1.0,0.942,0.7,0.508,0.45,0.658,0.7
167,,0.742,0.95,0.892,0.65,0.458,0.4,0.608,0.65
168,,0.692,0.9,0.842,0.6,0.408,0.35,0.558,0.6
169,,0.642,0.85,0.792,0.55,0.358,0.3,0.508,0.55
170,,0.592,0.8,0.742,0.5,0.308,0.25,0.458,0.5
171,,0.542,0.75,0.692,0.45,0.258,0.2,0.408,0.45
172,,0.492,0.7,0.642,0.4,0.208,0.15,0.358,0.4
173,,0.442,0.65,0.592,0.35,0.158,0.1,0.308,0.35
174,,0.392,0.6,0.542,0.3,0.108,0.05,0.258,0.3
175,,0.342,0.55,0.492,0.25,0.058,0.0,0.208,0.25
176,,0.292,0.5,0.442,0.2,0.008,-0.05,0.158,0.2
177,6,0.571,0.75,0.721,0.55,0.429,0.95,0.579,0.55
178,6,0.85,1.0,1.0,0.9,0.85,1.0,1.0,0.9
179,,0.8,0.95,0.95,0.85,0.8,0.95,0.95,0.85
180,,0.75,0.9,0.9,0.8,0.75,0.9,0.9,0.8
181,,0.7,0.85,0.85,0.75,0.7,0.85,0.85,0.75
182,,0.65,0.8,0.8,0.7,0.65,0.8,0.8,0.7
183,,0.6,0.75,0.75,0.65,0.6,0.75,0.75,0.65
184,,0.55,0.7,0.7,0.6,0.55,0.7,0.7,0.6
185,,0.5,0.65,0.65,0.55,0.5,0.65,0.65,0.55
186,,0.45,0.6,0.6,0.5,0.45,0.6,0.6,0.5
187,,0.4,0.55,0.55,0.45,0.4,0.55,0.55,0.45
188,,0.35,0.5,0.5,0.4,0.35,0.5,0.5,0.4
189,,0.3,0.45,0.45,0.35,0.3,0.45,0.45,0.35
190,,0.25,0.4,0.4,0.3,0.25,0.4,0.4,0.3
191,,0.2,0.35,0.35,0.25,0.2,0.35,0.35,0.25
192,,0.15,0.3,0.3,0.2,0.15,0.3,0.3,0.2
193,,0.1,0.25,0.25,0.15,0.1,0.25,0.25,0.15
194,,0.05,0.2,0.2,0.1,0.05,0.2,0.2,0.1
195,,0.0,0.15,0.15,0.05,0.0,0.15,0.15,0.05
196,,-0.05,0.1,0.1,0.0,-0.05,0.1,0.1,0.0
197,1,0.95,0.521,0.45,0.279,0.2,0.379,0.45,0.421
198,1,1.0,0.942,0.8,0.558,0.45,0.658,0.8,0.842
199,,0.95,0.892,0.75,0.508,0.4,0.608,0.75,0.792
200,,0.9,0.842,0.7,0.458,0.35,0.558,0.7,0.742
201,,0.85,0.792,0.65,0.408,0.3,0.508,0.65,0.692
202,,0.8,0.742,0.6,0.358,0.25,0.458,0.6,0.642
203,,0.75,0.692,0.55,0.308,0.2,0.408,0.55,0.592
204,,0.7,0.642,0.5,0.258,0.15,0.358,0.5,0.542
205,,0.65,0.592,0.45,0.208,0.1,0.308,0.45,0.492
206,,0.6,0.542,0.4,0.158,0.05,0.258,0.4,0.442
207,,0.55,0.492,0.35,0.108,0.0,0.208,0.35,0.392
208,,0.5,0.442,0.3,0.058,-0.05,0.158,0.3,0.342
209,5,0.75,0.721,0.65,0.479,0.95,0.579,0.65,0.621
210,5,1.0,1.0,1.0,0.9,1.0,1.0,1.0,0.9
211,,0.95,0.95,0.95,0.85,0.95,0.95,0.95,0.85
212,,0.9,0.9,0.9,0.8,0.9,0.9,0.9,0.8
213,,0.85,0.85,0.85,0.75,0.85,0.85,0.85,0.75
214,,0.8,0.8,0.8,0.7,0.8,0.8,0.8,0.7
215,,0.75,0.75,0.75,0.65,0.75,0.75,0.75,0.65
216,,0.7,0.7,0.7,0.6,0.7,0.7,0.7,0.6
217,,0.65,0.65,0.65,0.55,0.65,0.65,0.65,0.55
218,,0.6,0.6,0.6,0.5,0.6,0.6,0.6,0.5
219,,0.55,0.55,0.55,0.45,0.55,0.55,0.55,0.45
220,,0.5,0.5,0.5,0.4,0.5,0.5,0.5,0.4
221,,0.45,0.45,0.45,0.35,0.45,0.45,0.45,0.35
222,,0.4,0.4,0.4,0.3,0.4,0.4,0.4,0.3
223,,0.35,0.35,0.35,0.25,0.35,0.35,0.35,0.25
224,,0.3,0.3,0.3,0.2,0.3,0.3,0.3,0.2
225,,0.25,0.25,0.25,0.15,0.25,0.25,0.25,0.15
226,,0.2,0.2,0.2,0.1,0.2,0.2,0.2,0.1
227,,0.15,0.15,0.15,0.05,0.15,0.15,0.15,0.05
228,,0.1,0.1,0.1,0.0,0.1,0.1,0.1,0.0
229,,0.05,0.05,0.05,-0.05,0.05,0.05,0.05,-0.05
230,8,0.471,0.4,0.329,0.2,0.329,0.4,0.471,0.95
231,8,0.892,0.75,0.608,0.45,0.608,0.75,0.892,1.0
232,,0.842,0.7,0.558,0.4,0.558,0.7,0.842,0.95
233,,0.792,0.65,0.508,0.35,0.508,0.65,0.792,0.9
234,,0.742,0.6,0.458,0.3,0.458,0.6,0.742,0.85
235,,0.692,0.55,0.408,0.25,0.408,0.55,0.692,0.8
236,,0.642,0.5,0.358,0.2,0.358,0.5,0.642,0.75
237,,0.592,0.45,0.308,0.15,0.308,0.45,0.592,0.7
238,,0.542,0.4,0.258,0.1,0.258,0.4,0.542,0.65
239,,0.492,0.35,0.208,0.05,0.208,0.35,0.492,0.6
240,,0.442,0.3,0.158,0.0,0.158,0.3,0.442,0.55
241,,0.392,0.25,0.108,-0.05,0.108,0.25,0.392,0.5
242,4,0.671,0.6,0.529,0.95,0.529,0.6,0.671,0.75
243,4,0.95,0.95,0.95,1.0,0.95,0.95,0.95,1.0
244,,0.9,0.9,0.9,0.95,0.9,0.9,0.9,0.95
245,,0.85,0.85,0.85,0.9,0.85,0.85,0.85,0.9
246,,0.8,0.8,0.8,0.85,0.8,0.8,0.8,0.85
247,,0.75,0.75,0.75,0.8,0.75,0.75,0.75,0.8
248,,0.7,0.7,0.7,0.75,0.7,0.7,0.7,0.75
249,,0.65,0.65,0.65,0.7,0.65,0.65,0.65,0.7
250,,0.6,0.6,0.6,0.65,0.6,0.6,0.6,0.65
251,,0.55,0.55,0.55,0.6,0.55,0.55,0.55,0.6
252,,0.5,0.5,0.5,0.55,0.5,0.5,0.5,0.55
253,,0.45,0.45,0.45,0.5,0.45,0.45,0.45,0.5
254,,0.4,0.4,0.4,0.45,0.4,0.4,0.4,0.45
255,,0.35,0.35,0.35,0.4,0.35,0.35,0.35,0.4
256,,0.3,0.3,0.3,0.35,0.3,0.3,0.3,0.35
257,,0.25,0.25,0.25,0.3,0.25,0.25,0.25,0.3
258,,0.2,0.2,0.2,0.25,0.2,0.2,0.2,0.25
259,,0.15,0.15,0.15,0.2,0.15,0.15,0.15,0.2
260,,0.1,0.1,0.1,0.15,0.1,0.1,0.1,0.15
261,,0.05,0.05,0.05,0.1,0.05,0.05,0.05,0.1
262,,0.0,0.0,0.0,0.05,0.0,0.0,0.0,0.05
263,,-0.05,-0.05,-0.05,0.0,-0.05,-0.05,-0.05,0.0
264,5,0.2,0.229,0.3,0.421,0.95,0.371,0.3,0.279
265,5,0.45,0.508,0.65,0.842,1.0,0.792,0.65,0.558
266,,0.4,0.458,0.6,0.792,0.95,0.742,0.6,0.508
267,,0.35,0.408,0.55,0.742,0.9,0.692,0.55,0.458
268,,0.3,0.358,0.5,0.692,0.85,0.642,0.5,0.408
269,,0.25,0.308,0.45,0.642,0.8,0.592,0.45,0.358
270,,0.2,0.258,0.4,0.592,0.75,0.542,0.4,0.308
271,,0.15,0.208,0.35,0.542,0.7,0.492,0.35,0.258
272,,0.1,0.158,0.3,0.492,0.65,0.442,0.3,0.208
273,,0.05,0.108,0.25,0.442,0.6,0.392,0.25,0.158
274,,0.0,0.058,0.2,0.392,0.55,0.342,0.2,0.108
275,,-0.05,0.008,0.15,0.342,0.5,0.292,0.15,0.058
276,1,0.95,0.429,0.5,0.621,0.75,0.571,0.5,0.479
277,1,1.0,0.85,0.85,0.9,1.0,0.85,0.85,0.9
278,,0.95,0.8,0.8,0.85,0.95,0.8,0.8,0.85
279,,0.9,0.75,0.75,0.8,0.9,0.75,0.75,0.8
280,,0.85,0.7,0.7,0.75,0.85,0.7,0.7,0.75
281,,0.8,0.65,0.65,0.7,0.8,0.65,0.65,0.7
282,,0.75,0.6,0.6,0.65,0.75,0.6,0.6,0.65
283,,0.7,0.55,0.55,0.6,0.7,0.55,0.55,0.6
284,,0.65,0.5,0.5,0.55,0.65,0.5,0.5,0.55
285,,0.6,0.45,0.45,0.5,0.6,0.45,0.45,0.5
286,,0.55,0.4,0.4,0.45,0.55,0.4,0.4,0.45
287,,0.5,0.35,0.35,0.4,0.5,0.35,0.35,0.4
288,,0.45,0.3,0.3,0.35,0.45,0.3,0.3,0.35
289,,0.4,0.25,0.25,0.3,0.4,0.25,0.25,0.3
290,,0.35,0.2,0.2,0.25,0.35,0.2,0.2,0.25
291,,0.3,0.15,0.15,0.2,0.3,0.15,0.15,0.2
292,,0.25,0.1,0.1,0.15,0.25,0.1,0.1,0.15
293,,0.2,0.05,0.05,0.1,0.2,0.05,0.05,0.1
294,,0.15,0.0,0.0,0.05,0.15,0.0,0.0,0.05
295,,0.1,-0.05,-0.05,0.0,0.1,-0.05,-0.05,0.0
296,3,0.45,0.371,0.95,0.421,0.45,0.229,0.2,0.279
297,3,0.8,0.792,1.0,0.842,0.8,0.508,0.45,0.558
298,,0.75,0.742,0.95,0.792,0.75,0.458,0.4,0.508
299,,0.7,0.692,0.9,0.742,0.7,0.408,0.35,0.458
300,,0.65,0.642,0.85,0.692,0.65,0.358,0.3,0.408
301,,0.6,0.592,0.8,0.642,0.6,0.308,0.25,0.358
302,,0.55,0.542,0.75,0.592,0.55,0.258,0.2,0.308
303,,0.5,0.492,0.7,0.542,0.5,0.208,0.15,0.258
304,,0.45,0.442,0.65,0.492,0.45,0.158,0.1,0.208
305,,0.4,0.392,0.6,0.442,0.4,0.108,0.05,0.158
306,,0.35,0.342,0.55,0.392,0.35,0.058,0.0,0.108
307,,0.3,0.292,0.5,0.342,0.3,0.008,-0.05,0.058
308,7,0.65,0.571,0.75,0.621,0.65,0.429,0.95,0.479
309,7,1.0,0.85,1.0,0.9,1.0,0.85,1.0,0.9
310,,0.95,0.8,0.95,0.85,0.95,0.8,0.95,0.85
311,,0.9,0.75,0.9,0.8,0.9,0.75,0.9,0.8
312,,0.85,0.7,0.85,0.75,0.85,0.7,0.85,0.75
313,,0.8,0.65,0.8,0.7,0.8,0.65,0.8,0.7
314,,0.75,0.6,0.75,0.65,0.75,0.6,0.75,0.65
315,,0.7,0.55,0.7,0.6,0.7,0.55,0.7,0.6
316,,0.65,0.5,0.65,0.55,0.65,0.5,0.65,0.55
317,,0.6,0.45,0.6,0.5,0.6,0.45,0.6,0.5
318,,0.55,0.4,0.55,0.45,0.55,0.4,0.55,0.45
319,,0.5,0.35,0.5,0.4,0.5,0.35,0.5,0.4
320,,0.45,0.3,0.45,0.35,0.45,0.3,0.45,0.35
321,,0.4,0.25,0.4,0.3,0.4,0.25,0.4,0.3
322,,0.35,0.2,0.35,0.25,0.35,0.2,0.35,0.25
323,,0.3,0.15,0.3,0.2,0.3,0.15,0.3,0.2
324,,0.25,0.1,0.25,0.15,0.25,0.1,0.25,0.15
325,,0.2,0.05,0.2,0.1,0.2,0.05,0.2,0.1
326,,0.15,0.0,0.15,0.05,0.15,0.0,0.15,0.05
327,,0.1,-0.05,0.1,0.0,0.1,-0.05,0.1,0.0
328,6,0.379,0.2,0.379,0.35,0.521,0.95,0.521,0.35
329,6,0.658,0.45,0.658,0.7,0.942,1.0,0.942,0.7
330,,0.608,0.4,0.608,0.65,0.892,0.95,0.892,0.65
331,,0.558,0.35,0.558,0.6,0.842,0.9,0.842,0.6
332,,0.508,0.3,0.508,0.55,0.792,0.85,0.792,0.55
333,,0.458,0.25,0.458,0.5,0.742,0.8,0.742,0.5
334,,0.408,0.2,0.408,0.45,0.692,0.75,0.692,0.45
335,,0.358,0.15,0.358,0.4,0.642,0.7,0.642,0.4
336,,0.308,0.1,0.308,0.35,0.592,0.65,0.592,0.35
337,,0.258,0.05,0.258,0.3,0.542,0.6,0.542,0.3
338,,0.208,0.0,0.208,0.25,0.492,0.55,0.492,0.25
339,,0.158,-0.05,0.158,0.2,0.442,0.5,0.442,0.2
340,2,0.579,0.95,0.579,0.55,0.721,0.75,0.721,0.55
341,2,1.0,1.0,1.0,0.9,1.0,1.0,1.0,0.9
342,,0.95,0.95,0.95,0.85,0.95,0.95,0.95,0.85
343,,0.9,0.9,0.9,0.8,0.9,0.9,0.9,0.8
344,,0.85,0.85,0.85,0.75,0.85,0.85,0.85,0.75
345,,0.8,0.8,0.8,0.7,0.8,0.8,0.8,0.7
346,,0.75,0.75,0.75,0.65,0.75,0.75,0.75,0.65
347,,0.7,0.7,0.7,0.6,0.7,0.7,0.7,0.6
348,,0.65,0.65,0.65,0.55,0.65,0.65,0.65,0.55
349,,0.6,0.6,0.6,0.5,0.6,0.6,0.6,0.5
350,,0.55,0.55,0.55,0.45,0.55,0.55,0.55,0.45
351,,0.5,0.5,0.5,0.4,0.5,0.5,0.5,0.4
352,,0.45,0.45,0.45,0.35,0.45,0.45,0.45,0.35
353,,0.4,0.4,0.4,0.3,0.4,0.4,0.4,0.3
354,,0.35,0.35,0.35,0.25,0.35,0.35,0.35,0.25
355,,0.3,0.3,0.3,0.2,0.3,0.3,0.3,0.2
356,,0.25,0.25,0.25,0.15,0.25,0.25,0.25,0.15
357,,0.2,0.2,0.2,0.1,0.2,0.2,0.2,0.1
358,,0.15,0.15,0.15,0.05,0.15,0.15,0.15,0.05
359,,0.1,0.1,0.1,0.0,0.1,0.1,0.1,0.0
360,,0.05,0.05,0.05,-0.05,0.05,0.05,0.05,-0.05
361,8,0.471,0.4,0.329,0.2,0.329,0.4,0.471,0.95
362,8,0.892,0.75,0.608,0.45,0.608,0.75,0.892,1.0
363,,0.842,0.7,0.558,0.4,0.558,0.7,0.842,0.95
364,,0.792,0.65,0.508,0.35,0.508,0.65,0.792,0.9
365,,0.742,0.6,0.458,0.3,0.458,0.6,0.742,0.85
366,,0.692,0.55,0.408,0.25,0.408,0.55,0.692,0.8
367,,0.642,0.5,0.358,0.2,0.358,0.5,0.642,0.75
368,,0.592,0.45,0.308,0.15,0.308,0.45,0.592,0.7
369,,0.542,0.4,0.258,0.1,0.258,0.4,0.542,0.65
370,,0.492,0.35,0.208,0.05,0.208,0.35,0.492,0.6
371,,0.442,0.3,0.158,0.0,0.158,0.3,0.442,0.55
372,,0.392,0.25,0.108,-0.05,0.108,0.25,0.392,0.5
373,4,0.671,0.6,0.529,0.95,0.529,0.6,0.671,0.75
374,4,0.95,0.95,0.95,1.0,0.95,0.95,0.95,1.0
375,,0.9,0.9,0.9,0.95,0.9,0.9,0.9,0.95
376,,0.85,0.85,0.85,0.9,0.85,0.85,0.85,0.9
377,,0.8,0.8,0.8,0.85,0.8,0.8,0.8,0.85
378,,0.75,0.75,0.75,0.8,0.75,0.75,0.75,0.8
379,,0.7,0.7,0.7,0.75,0.7,0.7,0.7,0.75
380,,0.65,0.65,0.65,0.7,0.65,0.65,0.65,0.7
381,,0.6,0.6,0.6,0.65,0.6,0.6,0.6,0.65
382,,0.55,0.55,0.55,0.6,0.55,0.55,0.55,0.6
383,,0.5,0.5,0.5,0.55,0.5,0.5,0.5,0.55
384,,0.45,0.45,0.45,0.5,0.45,0.45,0.45,0.5
385,,0.4,0.4,0.4,0.45,0.4,0.4,0.4,0.45
386,,0.35,0.35,0.35,0.4,0.35,0.35,0.35,0.4
387,,0.3,0.3,0.3,0.35,0.3,0.3,0.3,0.35
388,,0.25,0.25,0.25,0.3,0.25,0.25,0.25,0.3
389,,0.2,0.2,0.2,0.25,0.2,0.2,0.2,0.25
390,,0.15,0.15,0.15,0.2,0.15,0.15,0.15,0.2
391,,0.1,0.1,0.1,0.15,0.1,0.1,0.1,0.15
392,,0.05,0.05,0.05,0.1,0.05,0.05,0.05,0.1
393,,0.0,0.0,0.0,0.05,0.0,0.0,0.0,0.05
394,,-0.05,-0.05,-0.05,0.0,-0.05,-0.05,-0.05,0.0
395,5,0.2,0.229,0.3,0.421,0.95,0.371,0.3,0.279
396,5,0.45,0.508,0.65,0.842,1.0,0.792,0.65,0.558
397,,0.4,0.458,0.6,0.792,0.95,0.742,0.6,0.508
398,,0.35,0.408,0.55,0.742,0.9,0.692,0.55,0.458
399,,0.3,0.358,0.5,0.692,0.85,0.642,0.5,0.408
400,,0.25,0.308,0.45,0.642,0.8,0.592,0.45,0.358
401,,0.2,0.258,0.4,0.592,0.75,0.542,0.4,0.308
402,,0.15,0.208,0.35,0.542,0.7,0.492,0.35,0.258
403,,0.1,0.158,0.3,0.492,0.65,0.442,0.3,0.208
404,,0.05,0.108,0.25,0.442,0.6,0.392,0.25,0.158
405,,0.0,0.058,0.2,0.392,0.55,0.342,0.2,0.108
406,,-0.05,0.008,0.15,0.342,0.5,0.292,0.15,0.058
407,1,0.95,0.429,0.5,0.621,0.75,0.571,0.5,0.479
408,1,1.0,0.85,0.85,0.9,1.0,0.85,0.85,0.9
409,,0.95,0.8,0.8,0.85,0.95,0.8,0.8,0.85
410,,0.9,0.75,0.75,0.8,0.9,0.75,0.75,0.8
411,,0.85,0.7,0.7,0.75,0.85,0.7,0.7,0.75
412,,0.8,0.65,0.65,0.7,0.8,0.65,0.65,0.7
413,,0.75,0.6,0.6,0.65,0.75,0.6,0.6,0.65
414,,0.7,0.55,0.55,0.6,0.7,0.55,0.55,0.6
415,,0.65,0.5,0.5,0.55,0.65,0.5,0.5,0.55
416,,0.6,0.45,0.45,0.5,0.6,0.45,0.45,0.5
417,,0.55,0.4,0.4,0.45,0.55,0.4,0.4,0.45
418,,0.5,0.35,0.35,0.4,0.5,0.35,0.35,0.4
419,,0.45,0.3,0.3,0.35,0.45,0.3,0.3,0.35
420,,0.4,0.25,0.25,0.3,0.4,0.25,0.25,0.3
421,,0.35,0.2,0.2,0.25,0.35,0.2,0.2,0.25
422,,0.3,0.15,0.15,0.2,0.3,0.15,0.15,0.2
423,,0.25,0.1,0.1,0.15,0.25,0.1,0.1,0.15
424,,0.2,0.05,0.05,0.1,0.2,0.05,0.05,0.1
425,,0.15,0.0,0.0,0.05,0.15,0.0,0.0,0.05
426,,0.1,-0.05,-0.05,0.0,0.1,-0.05,-0.05,0.0
427,2,0.521,0.95,0.371,0.35,0.379,0.2,0.229,0.35
428,2,0.942,1.0,0.792,0.7,0.658,0.45,0.508,0.7
429,,0.892,0.95,0.742,0.65,0.608,0.4,0.458,0.65
430,,0.842,0.9,0.692,0.6,0.558,0.35,0.408,0.6
431,,0.792,0.85,0.642,0.55,0.508,0.3,0.358,0.55
432,,0.742,0.8,0.592,0.5,0.458,0.25,0.308,0.5
433,,0.692,0.75,0.542,0.45,0.408,0.2,0.258,0.45
434,,0.642,0.7,0.492,0.4,0.358,0.15,0.208,0.4
435,,0.592,0.65,0.442,0.35,0.308,0.1,0.158,0.35
436,,0.542,0.6,0.392,0.3,0.258,0.05,0.108,0.3
437,,0.492,0.55,0.342,0.25,0.208,0.0,0.058,0.25
438,,0.442,0.5,0.292,0.2,0.158,-0.05,0.008,0.2
439,6,0.721,0.75,0.571,0.55,0.579,0.95,0.429,0.55
440,6,1.0,1.0,0.85,0.9,1.0,1.0,0.85,0.9
441,,0.95,0.95,0.8,0.85,0.95,0.95,0.8,0.85
442,,0.9,0.9,0.75,0.8,0.9,0.9,0.75,0.8
443,,0.85,0.85,0.7,0.75,0.85,0.85,0.7,0.75
444,,0.8,0.8,0.65,0.7,0.8,0.8,0.65,0.7
445,,0.75,0.75,0.6,0.65,0.75,0.75,0.6,0.65
446,,0.7,0.7,0.55,0.6,0.7,0.7,0.55,0.6
447,,0.65,0.65,0.5,0.55,0.65,0.65,0.5,0.55
448,,0.6,0.6,0.45,0.5,0.6,0.6,0.45,0.5
449,,0.55,0.55,0.4,0.45,0.55,0.55,0.4,0.45
450,,0.5,0.5,0.35,0.4,0.5,0.5,0.35,0.4
451,,0.45,0.45,0.3,0.35,0.45,0.45,0.3,0.35
452,,0.4,0.4,0.25,0.3,0.4,0.4,0.25,0.3
453,,0.35,0.35,0.2,0.25,0.35,0.35,0.2,0.25
454,,0.3,0.3,0.15,0.2,0.3,0.3,0.15,0.2
455,,0.25,0.25,0.1,0.15,0.25,0.25,0.1,0.15
456,,0.2,0.2,0.05,0.1,0.2,0.2,0.05,0.1
457,,0.15,0.15,0.0,0.05,0.15,0.15,0.0,0.05
458,,0.1,0.1,-0.05,0.0,0.1,0.1,-0.05,0.0
459,3,0.45,0.521,0.95,0.421,0.45,0.379,0.2,0.279
460,3,0.8,0.942,1.0,0.842,0.8,0.658,0.45,0.558
461,,0.75,0.892,0.95,0.792,0.75,0.608,0.4,0.508
462,,0.7,0.842,0.9,0.742,0.7,0.558,0.35,0.458
463,,0.65,0.792,0.85,0.692,0.65,0.508,0.3,0.408
464,,0.6,0.742,0.8,0.642,0.6,0.458,0.25,0.358
465,,0.55,0.692,0.75,0.592,0.55,0.408,0.2,0.308
466,,0.5,0.642,0.7,0.542,0.5,0.358,0.15,0.258
467,,0.45,0.592,0.65,0.492,0.45,0.308,0.1,0.208
468,,0.4,0.542,0.6,0.442,0.4,0.258,0.05,0.158
469,,0.35,0.492,0.55,0.392,0.35,0.208,0.0,0.108
470,,0.3,0.442,0.5,0.342,0.3,0.158,-0.05,0.058
471,7,0.65,0.721,0.75,0.621,0.65,0.579,0.95,0.479
472,7,1.0,1.0,1.0,0.9,1.0,1.0,1.0,0.9
473,,0.95,0.95,0.95,0.85,0.95,0.95,0.95,0.85
474,,0.9,0.9,0.9,0.8,0.9,0.9,0.9,0.8
475,,0.85,0.85,0.85,0.75,0.85,0.85,0.85,0.75
476,,0.8,0.8,0.8,0.7,0.8,0.8,0.8,0.7
477,,0.75,0.75,0.75,0.65,0.75,0.75,0.75,0.65
478,,0.7,0.7,0.7,0.6,0.7,0.7,0.7,0.6
479,,0.65,0.65,0.65,0.55,0.65,0.65,0.65,0.55
480,,0.6,0.6,0.6,0.5,0.6,0.6,0.6,0.5
481,,0.55,0.55,0.55,0.45,0.55,0.55,0.55,0.45
482,,0.5,0.5,0.5,0.4,0.5,0.5,0.5,0.4
483,,0.45,0.45,0.45,0.35,0.45,0.45,0.45,0.35
484,,0.4,0.4,0.4,0.3,0.4,0.4,0.4,0.3
485,,0.35,0.35,0.35,0.25,0.35,0.35,0.35,0.25
486,,0.3,0.3,0.3,0.2,0.3,0.3,0.3,0.2
487,,0.25,0.25,0.25,0.15,0.25,0.25,0.25,0.15
488,,0.2,0.2,0.2,0.1,0.2,0.2,0.2,0.1
489,,0.15,0.15,0.15,0.05,0.15,0.15,0.15,0.05
490,,0.1,0.1,0.1,0.0,0.1,0.1,0.1,0.0
491,,0.05,0.05,0.05,-0.05,0.05,0.05,0.05,-0.05
492,8,0.471,0.4,0.329,0.2,0.329,0.4,0.471,0.95
493,8,0.892,0.75,0.608,0.45,0.608,0.75,0.892,1.0
494,,0.842,0.7,0.558,0.4,0.558,0.7,0.842,0.95
495,,0.792,0.65,0.508,0.35,0.508,0.65,0.792,0.9
496,,0.742,0.6,0.458,0.3,0.458,0.6,0.742,0.85
497,,0.692,0.55,0.408,0.25,0.408,0.55,0.692,0.8
498,,0.642,0.5,0.358,0.2,0.358,0.5,0.642,0.75
499,,0.592,0.45,0.308,0.15,0.308,0.45,0.592,0.7
500,,0.542,0.4,0.258,0.1,0.258,0.4,0.542,0.65
501,,0.492,0.35,0.208,0.05,0.208,0.35,0.492,0.6
502,,0.442,0.3,0.158,0.0,0.158,0.3,0.442,0.55
503,,0.392,0.25,0.108,-0.05,0.108,0.25,0.392,0.5
504,4,0.671,0.6,0.529,0.95,0.529,0.6,0.671,0.75
505,4,0.95,0.95,0.95,1.0,0.95,0.95,0.95,1.0
506,,0.9,0.9,0.9,0.95,0.9,0.9,0.9,0.95
507,,0.85,0.85,0.85,0.9,0.85,0.85,0.85,0.9
508,,0.8,0.8,0.8,0.85,0.8,0.8,0.8,0.85
509,,0.75,0.75,0.75,0.8,0.75,0.75,0.75,0.8
510,,0.7,0.7,0.7,0.75,0.7,0.7,0.7,0.75
511,,0.65,0.65,0.65,0.7,0.65,0.65,0.65,0.7
512,,0.6,0.6,0.6,0.65,0.6,0.6,0.6,0.65
513,,0.55,0.55,0.55,0.6,0.55,0.55,0.55,0.6
514,,0.5,0.5,0.5,0.55,0.5,0.5,0.5,0.55
515,,0.45,0.45,0.45,0.5,0.45,0.45,0.45,0.5
516,,0.4,0.4,0.4,0.45,0.4,0.4,0.4,0.45
517,,0.35,0.35,0.35,0.4,0.35,0.35,0.35,0.4
518,,0.3,0.3,0.3,0.35,0.3,0.3,0.3,0.35
519,,0.25,0.25,0.25,0.3,0.25,0.25,0.25,0.3
520,,0.2,0.2,0.2,0.25,0.2,0.2,0.2,0.25
521,,0.15,0.15,0.15,0.2,0.15,0.15,0.15,0.2
522,,0.1,0.1,0.1,0.15,0.1,0.1,0.1,0.15
523,,0.05,0.05,0.05,0.1,0.05,0.05,0.05,0.1
524,,0.0,0.0,0.0,0.05,0.0,0.0,0.0,0.05
525,,-0.05,-0.05,-0.05,0.0,-0.05,-0.05,-0.05,0.0
526,2,0.371,0.95,0.371,0.35,0.229,0.2,0.229,0.35
527,2,0.792,1.0,0.792,0.7,0.508,0.45,0.508,0.7
528,,0.742,0.95,0.742,0.65,0.458,0.4,0.458,0.65
529,,0.692,0.9,0.692,0.6,0.408,0.35,0.408,0.6
530,,0.642,0.85,0.642,0.55,0.358,0.3,0.358,0.55
531,,0.592,0.8,0.592,0.5,0.308,0.25,0.308,0.5
532,,0.542,0.75,0.542,0.45,0.258,0.2,0.258,0.45
533,,0.492,0.7,0.492,0.4,0.208,0.15,0.208,0.4
534,,0.442,0.65,0.442,0.35,0.158,0.1,0.158,0.35
535,,0.392,0.6,0.392,0.3,0.108,0.05,0.108,0.3
536,,0.342,0.55,0.342,0.25,0.058,0.0,0.058,0.25
537,,0.292,0.5,0.292,0.2,0.008,-0.05,0.008,0.2
538,6,0.571,0.75,0.571,0.55,0.429,0.95,0.429,0.55
539,6,0.85,1.0,0.85,0.9,0.85,1.0,0.85,0.9
540,,0.8,0.95,0.8,0.85,0.8,0.95,0.8,0.85
541,,0.75,0.9,0.75,0.8,0.75,0.9,0.75,0.8
542,,0.7,0.85,0.7,0.75,0.7,0.85,0.7,0.75
543,,0.65,0.8,0.65,0.7,0.65,0.8,0.65,0.7
544,,0.6,0.75,0.6,0.65,0.6,0.75,0.6,0.65
545,,0.55,0.7,0.55,0.6,0.55,0.7,0.55,0.6
546,,0.5,0.65,0.5,0.55,0.5,0.65,0.5,0.55
547,,0.45,0.6,0.45,0.5,0.45,0.6,0.45,0.5
548,,0.4,0.55,0.4,0.45,0.4,0.55,0.4,0.45
549,,0.35,0.5,0.35,0.4,0.35,0.5,0.35,0.4
550,,0.3,0.45,0.3,0.35,0.3,0.45,0.3,0.35
551,,0.25,0.4,0.25,0.3,0.25,0.4,0.25,0.3
552,,0.2,0.35,0.2,0.25,0.2,0.35,0.2,0.25
553,,0.15,0.3,0.15,0.2,0.15,0.3,0.15,0.2
554,,0.1,0.25,0.1,0.15,0.1,0.25,0.1,0.15
555,,0.05,0.2,0.05,0.1,0.05,0.2,0.05,0.1
556,,0.0,0.15,0.0,0.05,0.0,0.15,0.0,0.05
557,,-0.05,0.1,-0.05,0.0,-0.05,0.1,-0.05,0.0
558,3,0.3,0.521,0.95,0.421,0.3,0.379,0.2,0.279
559,3,0.65,0.942,1.0,0.842,0.65,0.658,0.45,0.558
560,,0.6,0.892,0.95,0.792,0.6,0.608,0.4,0.508
561,,0.55,0.842,0.9,0.742,0.55,0.558,0.35,0.458
562,,0.5,0.792,0.85,0.692,0.5,0.508,0.3,0.408
563,,0.45,0.742,0.8,0.642,0.45,0.458,0.25,0.358
564,,0.4,0.692,0.75,0.592,0.4,0.408,0.2,0.308
565,,0.35,0.642,0.7,0.542,0.35,0.358,0.15,0.258
566,,0.3,0.592,0.65,0.492,0.3,0.308,0.1,0.208
567,,0.25,0.542,0.6,0.442,0.25,0.258,0.05,0.158
568,,0.2,0.492,0.55,0.392,0.2,0.208,0.0,0.108
569,,0.15,0.442,0.5,0.342,0.15,0.158,-0.05,0.058
570,7,0.5,0.721,0.75,0.621,0.5,0.579,0.95,0.479
571,7,0.85,1.0,1.0,0.9,0.85,1.0,1.0,0.9
572,,0.8,0.95,0.95,0.85,0.8,0.95,0.95,0.85
573,,0.75,0.9,0.9,0.8,0.75,0.9,0.9,0.8
574,,0.7,0.85,0.85,0.75,0.7,0.85,0.85,0.75
575,,0.65,0.8,0.8,0.7,0.65,0.8,0.8,0.7
576,,0.6,0.75,0.75,0.65,0.6,0.75,0.75,0.65
577,,0.55,0.7,0.7,0.6,0.55,0.7,0.7,0.6
578,,0.5,0.65,0.65,0.55,0.5,0.65,0.65,0.55
579,,0.45,0.6,0.6,0.5,0.45,0.6,0.6,0.5
580,,0.4,0.55,0.55,0.45,0.4,0.55,0.55,0.45
581,,0.35,0.5,0.5,0.4,0.35,0.5,0.5,0.4
582,,0.3,0.45,0.45,0.35,0.3,0.45,0.45,0.35
583,,0.25,0.4,0.4,0.3,0.25,0.4,0.4,0.3
584,,0.2,0.35,0.35,0.25,0.2,0.35,0.35,0.25
585,,0.15,0.3,0.3,0.2,0.15,0.3,0.3,0.2
586,,0.1,0.25,0.25,0.15,0.1,0.25,0.25,0.15
587,,0.05,0.2,0.2,0.1,0.05,0.2,0.2,0.1
588,,0.0,0.15,0.15,0.05,0.0,0.15,0.15,0.05
589,,-0.05,0.1,0.1,0.0,-0.05,0.1,0.1,0.0
590,1,0.95,0.521,0.45,0.279,0.2,0.379,0.45,0.421
591,1,1.0,0.942,0.8,0.558,0.45,0.658,0.8,0.842
592,,0.95,0.892,0.75,0.508,0.4,0.608,0.75,0.792
593,,0.9,0.842,0.7,0.458,0.35,0.558,0.7,0.742
594,,0.85,0.792,0.65,0.408,0.3,0.508,0.65,0.692
595,,0.8,0.742,0.6,0.358,0.25,0.458,0.6,0.642
596,,0.75,0.692,0.55,0.308,0.2,0.408,0.55,0.592
597,,0.7,0.642,0.5,0.258,0.15,0.358,0.5,0.542
598,,0.65,0.592,0.45,0.208,0.1,0.308,0.45,0.492
599,,0.6,0.542,0.4,0.158,0.05,0.258,0.4,0.442
600,,0.55,0.492,0.35,0.108,0.0,0.208,0.35,0.392
601,,0.5,0.442,0.3,0.058,-0.05,0.158,0.3,0.342
602,5,0.75,0.721,0.65,0.479,0.95,0.579,0.65,0.621
603,5,1.0,1.0,1.0,0.9,1.0,1.0,1.0,0.9
604,,0.95,0.95,0.95,0.85,0.95,0.95,0.95,0.85
605,,0.9,0.9,0.9,0.8,0.9,0.9,0.9,0.8
606,,0.85,0.85,0.85,0.75,0.85,0.85,0.85,0.75
607,,0.8,0.8,0.8,0.7,0.8,0.8,0.8,0.7
608,,0.75,0.75,0.75,0.65,0.75,0.75,0.75,0.65
609,,0.7,0.7,0.7,0.6,0.7,0.7,0.7,0.6
610,,0.65,0.65,0.65,0.55,0.65,0.65,0.65,0.55
611,,0.6,0.6,0.6,0.5,0.6,0.6,0.6,0.5
612,,0.55,0.55,0.55,0.45,0.55,0.55,0.55,0.45
613,,0.5,0.5,0.5,0.4,0.5,0.5,0.5,0.4
614,,0.45,0.45,0.45,0.35,0.45,0.45,0.45,0.35
615,,0.4,0.4,0.4,0.3,0.4,0.4,0.4,0.3
616,,0.35,0.35,0.35,0.25,0.35,0.35,0.35,0.25
617,,0.3,0.3,0.3,0.2,0.3,0.3,0.3,0.2
618,,0.25,0.25,0.25,0.15,0.25,0.25,0.25,0.15
619,,0.2,0.2,0.2,0.1,0.2,0.2,0.2,0.1
620,,0.15,0.15,0.15,0.05,0.15,0.15,0.15,0.05
621,,0.1,0.1,0.1,0.0,0.1,0.1,0.1,0.0
622,,0.05,0.05,0.05,-0.05,0.05,0.05,0.05,-0.05
623,8,0.471,0.4,0.329,0.2,0.329,0.4,0.471,0.95
624,8,0.892,0.75,0.608,0.45,0.608,0.75,0.892,1.0
625,,0.842,0.7,0.558,0.4,0.558,0.7,0.842,0.95
626,,0.792,0.65,0.508,0.35,0.508,0.65,0.792,0.9
627,,0.742,0.6,0.458,0.3,0.458,0.6,0.742,0.85
628,,0.692,0.55,0.408,0.25,0.408,0.55,0.692,0.8
629,,0.642,0.5,0.358,0.2,0.358,0.5,0.642,0.75
630,,0.592,0.45,0.308,0.15,0.308,0.45,0.592,0.7
631,,0.542,0.4,0.258,0.1,0.258,0.4,0.542,0.65
632,,0.492,0.35,0.208,0.05,0.208,0.35,0.492,0.6
633,,0.442,0.3,0.158,0.0,0.158,0.3,0.442,0.55
634,,0.392,0.25,0.108,-0.05,0.108,0.25,0.392,0.5
635,4,0.671,0.6,0.529,0.95,0.529,0.6,0.671,0.75
636,4,0.95,0.95,0.95,1.0,0.95,0.95,0.95,1.0
637,,0.9,0.9,0.9,0.95,0.9,0.9,0.9,0.95
638,,0.85,0.85,0.85,0.9,0.85,0.85,0.85,0.9
639,,0.8,0.8,0.8,0.85,0.8,0.8,0.8,0.85
640,,0.75,0.75,0.75,0.8,0.75,0.75,0.75,0.8
641,,0.7,0.7,0.7,0.75,0.7,0.7,0.7,0.75
642,,0.65,0.65,0.65,0.7,0.65,0.65,0.65,0.7
643,,0.6,0.6,0.6,0.65,0.6,0.6,0.6,0.65
644,,0.55,0.55,0.55,0.6,0.55,0.55,0.55,0.6
645,,0.5,0.5,0.5,0.55,0.5,0.5,0.5,0.55
646,,0.45,0.45,0.45,0.5,0.45,0.45,0.45,0.5
647,,0.4,0.4,0.4,0.45,0.4,0.4,0.4,0.45
648,,0.35,0.35,0.35,0.4,0.35,0.35,0.35,0.4
649,,0.3,0.3,0.3,0.35,0.3,0.3,0.3,0.35
650,,0.25,0.25,0.25,0.3,0.25,0.25,0.25,0.3
651,,0.2,0.2,0.2,0.25,0.2,0.2,0.2,0.25
652,,0.15,0.15,0.15,0.2,0.15,0.15,0.15,0.2
653,,0.1,0.1,0.1,0.15,0.1,0.1,0.1,0.15
654,,0.05,0.05,0.05,0.1,0.05,0.05,0.05,0.1
655,,0.0,0.0,0.0,0.05,0.0,0.0,0.0,0.05
656,,-0.05,-0.05,-0.05,0.0,-0.05,-0.05,-0.05,0.0
657,1,0.95,0.371,0.3,0.279,0.2,0.229,0.3,0.421
658,1,1.0,0.792,0.65,0.558,0.45,0.508,0.65,0.842
659,,0.95,0.742,0.6,0.508,0.4,0.458,0.6,0.792
660,,0.9,0.692,0.55,0.458,0.35,0.408,0.55,0.742
661,,0.85,0.642,0.5,0.408,0.3,0.358,0.5,0.692
662,,0.8,0.592,0.45,0.358,0.25,0.308,0.45,0.642
663,,0.75,0.542,0.4,0.308,0.2,0.258,0.4,0.592
664,,0.7,0.492,0.35,0.258,0.15,0.208,0.35,0.542
665,,0.65,0.442,0.3,0.208,0.1,0.158,0.3,0.492
666,,0.6,0.392,0.25,0.158,0.05,0.108,0.25,0.442
667,,0.55,0.342,0.2,0.108,0.0,0.058,0.2,0.392
668,,0.5,0.292,0.15,0.058,-0.05,0.008,0.15,0.342
669,5,0.75,0.571,0.5,0.479,0.95,0.429,0.5,0.621
670,5,1.0,0.85,0.85,0.9,1.0,0.85,0.85,0.9
671,,0.95,0.8,0.8,0.85,0.95,0.8,0.8,0.85
672,,0.9,0.75,0.75,0.8,0.9,0.75,0.75,0.8
673,,0.85,0.7,0.7,0.75,0.85,0.7,0.7,0.75
674,,0.8,0.65,0.65,0.7,0.8,0.65,0.65,0.7
675,,0.75,0.6,0.6,0.65,0.75,0.6,0.6,0.65
676,,0.7,0.55,0.55,0.6,0.7,0.55,0.55,0.6
677,,0.65,0.5,0.5,0.55,0.65,0.5,0.5,0.55
678,,0.6,0.45,0.45,0.5,0.6,0.45,0.45,0.5
679,,0.55,0.4,0.4,0.45,0.55,0.4,0.4,0.45
680,,0.5,0.35,0.35,0.4,0.5,0.35,0.35,0.4
681,,0.45,0.3,0.3,0.35,0.45,0.3,0.3,0.35
682,,0.4,0.25,0.25,0.3,0.4,0.25,0.25,0.3
683,,0.35,0.2,0.2,0.25,0.35,0.2,0.2,0.25
684,,0.3,0.15,0.15,0.2,0.3,0.15,0.15,0.2
685,,0.25,0.1,0.1,0.15,0.25,0.1,0.1,0.15
686,,0.2,0.05,0.05,0.1,0.2,0.05,0.05,0.1
687,,0.15,0.0,0.0,0.05,0.15,0.0,0.0,0.05
688,,0.1,-0.05,-0.05,0.0,0.1,-0.05,-0.05,0.0
689,2,0.521,0.95,0.371,0.35,0.379,0.2,0.229,0.35
690,2,0.942,1.0,0.792,0.7,0.658,0.45,0.508,0.7
691,,0.892,0.95,0.742,0.65,0.608,0.4,0.458,0.65
692,,0.842,0.9,0.692,0.6,0.558,0.35,0.408,0.6
693,,0.792,0.85,0.642,0.55,0.508,0.3,0.358,0.55
694,,0.742,0.8,0.592,0.5,0.458,0.25,0.308,0.5
695,,0.692,0.75,0.542,0.45,0.408,0.2,0.258,0.45
696,,0.642,0.7,0.492,0.4,0.358,0.15,0.208,0.4
697,,0.592,0.65,0.442,0.35,0.308,0.1,0.158,0.35
698,,0.542,0.6,0.392,0.3,0.258,0.05,0.108,0.3
699,,0.492,0.55,0.342,0.25,0.208,0.0,0.058,0.25
700,,0.442,0.5,0.292,0.2,0.158,-0.05,0.008,0.2
701,6,0.721,0.75,0.571,0.55,0.579,0.95,0.429,0.55
702,6,1.0,1.0,0.85,0.9,1.0,1.0,0.85,0.9
703,,0.95,0.95,0.8,0.85,0.95,0.95,0.8,0.85
704,,0.9,0.9,0.75,0.8,0.9,0.9,0.75,0.8
705,,0.85,0.85,0.7,0.75,0.85,0.85,0.7,0.75
706,,0.8,0.8,0.65,0.7,0.8,0.8,0.65,0.7
707,,0.75,0.75,0.6,0.65,0.75,0.75,0.6,0.65
708,,0.7,0.7,0.55,0.6,0.7,0.7,0.55,0.6
709,,0.65,0.65,0.5,0.55,0.65,0.65,0.5,0.55
710,,0.6,0.6,0.45,0.5,0.6,0.6,0.45,0.5
711,,0.55,0.55,0.4,0.45,0.55,0.55,0.4,0.45
712,,0.5,0.5,0.35,0.4,0.5,0.5,0.35,0.4
713,,0.45,0.45,0.3,0.35,0.45,0.45,0.3,0.35
714,,0.4,0.4,0.25,0.3,0.4,0.4,0.25,0.3
715,,0.35,0.35,0.2,0.25,0.35,0.35,0.2,0.25
716,,0.3,0.3,0.15,0.2,0.3,0.3,0.15,0.2
717,,0.25,0.25,0.1,0.15,0.25,0.25,0.1,0.15
718,,0.2,0.2,0.05,0.1,0.2,0.2,0.05,0.1
719,,0.15,0.15,0.0,0.05,0.15,0.15,0.0,0.05
720,,0.1,0.1,-0.05,0.0,0.1,0.1,-0.05,0.0
721,3,0.45,0.521,0.95,0.421,0.45,0.379,0.2,0.279
722,3,0.8,0.942,1.0,0.842,0.8,0.658,0.45,0.558
723,,0.75,0.892,0.95,0.792,0.75,0.608,0.4,0.508
724,,0.7,0.842,0.9,0.742,0.7,0.558,0.35,0.458
725,,0.65,0.792,0.85,0.692,0.65,0.508,0.3,0.408
726,,0.6,0.742,0.8,0.642,0.6,0.458,0.25,0.358
727,,0.55,0.692,0.75,0.592,0.55,0.408,0.2,0.308
728,,0.5,0.642,0.7,0.542,0.5,0.358,0.15,0.258
729,,0.45,0.592,0.65,0.492,0.45,0.308,0.1,0.208
730,,0.4,0.542,0.6,0.442,0.4,0.258,0.05,0.158
731,,0.35,0.492,0.55,0.392,0.35,0.208,0.0,0.108
732,,0.3,0.442,0.5,0.342,0.3,0.158,-0.05,0.058
733,7,0.65,0.721,0.75,0.621,0.65,0.579,0.95,0.479
734,7,1.0,1.0,1.0,0.9,1.0,1.0,1.0,0.9
735,,0.95,0.95,0.95,0.85,0.95,0.95,0.95,0.85
736,,0.9,0.9,0.9,0.8,0.9,0.9,0.9,0.8
737,,0.85,0.85,0.85,0.75,0.85,0.85,0.85,0.75
738,,0.8,0.8,0.8,0.7,0.8,0.8,0.8,0.7
739,,0.75,0.75,0.75,0.65,0.75,0.75,0.75,0.65
740,,0.7,0.7,0.7,0.6,0.7,0.7,0.7,0.6
741,,0.65,0.65,0.65,0.55,0.65,0.65,0.65,0.55
742,,0.6,0.6,0.6,0.5,0.6,0.6,0.6,0.5
743,,0.55,0.55,0.55,0.45,0.55,0.55,0.55,0.45
744,,0.5,0.5,0.5,0.4,0.5,0.5,0.5,0.4
745,,0.45,0.45,0.45,0.35,0.45,0.45,0.45,0.35
746,,0.4,0.4,0.4,0.3,0.4,0.4,0.4,0.3
747,,0.35,0.35,0.35,0.25,0.35,0.35,0.35,0.25
748,,0.3,0.3,0.3,0.2,0.3,0.3,0.3,0.2
749,,0.25,0.25,0.25,0.15,0.25,0.25,0.25,0.15
750,,0.2,0.2,0.2,0.1,0.2,0.2,0.2,0.1
751,,0.15,0.15,0.15,0.05,0.15,0.15,0.15,0.05
752,,0.1,0.1,0.1,0.0,0.1,0.1,0.1,0.0
753,,0.05,0.05,0.05,-0.05,0.05,0.05,0.05,-0.05
754,4,0.329,0.4,0.471,0.95,0.471,0.4,0.329,0.2
755,4,0.608,0.75,0.892,1.0,0.892,0.75,0.608,0.45
756,,0.558,0.7,0.842,0.95,0.842,0.7,0.558,0.4
757,,0.508,0.65,0.792,0.9,0.792,0.65,0.508,0.35
758,,0.458,0.6,0.742,0.85,0.742,0.6,0.458,0.3
759,,0.408,0.55,0.692,0.8,0.692,0.55,0.408,0.25
760,,0.358,0.5,0.642,0.75,0.642,0.5,0.358,0.2
761,,0.308,0.45,0.592,0.7,0.592,0.45,0.308,0.15
762,,0.258,0.4,0.542,0.65,0.542,0.4,0.258,0.1
763,,0.208,0.35,0.492,0.6,0.492,0.35,0.208,0.05
764,,0.158,0.3,0.442,0.55,0.442,0.3,0.158,0.0
765,,0.108,0.25,0.392,0.5,0.392,0.25,0.108,-0.05
766,8,0.529,0.6,0.671,0.75,0.671,0.6,0.529,0.95
767,8,0.95,0.95,0.95,1.0,0.95,0.95,0.95,1.0
768,,0.9,0.9,0.9,0.95,0.9,0.9,0.9,0.95
769,,0.85,0.85,0.85,0.9,0.85,0.85,0.85,0.9
770,,0.8,0.8,0.8,0.85,0.8,0.8,0.8,0.85
771,,0.75,0.75,0.75,0.8,0.75,0.75,0.75,0.8
772,,0.7,0.7,0.7,0.75,0.7,0.7,0.7,0.75
773,,0.65,0.65,0.65,0.7,0.65,0.65,0.65,0.7
774,,0.6,0.6,0.6,0.65,0.6,0.6,0.6,0.65
775,,0.55,0.55,0.55,0.6,0.55,0.55,0.55,0.6
776,,0.5,0.5,0.5,0.55,0.5,0.5,0.5,0.55
777,,0.45,0.45,0.45,0.5,0.45,0.45,0.45,0.5
778,,0.4,0.4,0.4,0.45,0.4,0.4,0.4,0.45
779,,0.35,0.35,0.35,0.4,0.35,0.35,0.35,0.4
780,,0.3,0.3,0.3,0.35,0.3,0.3,0.3,0.35
781,,0.25,0.25,0.25,0.3,0.25,0.25,0.25,0.3
782,,0.2,0.2,0.2,0.25,0.2,0.2,0.2,0.25
783,,0.15,0.15,0.15,0.2,0.15,0.15,0.15,0.2
784,,0.1,0.1,0.1,0.15,0.1,0.1,0.1,0.15
785,,0.05,0.05,0.05,0.1,0.05,0.05,0.05,0.1
786,,0.0,0.0,0.0,0.05,0.0,0.0,0.0,0.05
787,,-0.05,-0.05,-0.05,0.0,-0.05,-0.05,-0.05,0.0
788,2,0.371,0.95,0.371,0.35,0.229,0.2,0.229,0.35
789,2,0.792,1.0,0.792,0.7,0.508,0.45,0.508,0.7
790,,0.742,0.95,0.742,0.65,0.458,0.4,0.458,0.65
791,,0.692,0.9,0.692,0.6,0.408,0.35,0.408,0.6
792,,0.642,0.85,0.642,0.55,0.358,0.3,0.358,0.55
793,,0.592,0.8,0.592,0.5,0.308,0.25,0.308,0.5
794,,0.542,0.75,0.542,0.45,0.258,0.2,0.258,0.45
795,,0.492,0.7,0.492,0.4,0.208,0.15,0.208,0.4
796,,0.442,0.65,0.442,0.35,0.158,0.1,0.158,0.35
797,,0.392,0.6,0.392,0.3,0.108,0.05,0.108,0.3
798,,0.342,0.55,0.342,0.25,0.058,0.0,0.058,0.25
799,,0.292,0.5,0.292,0.2,0.008,-0.05,0.008,0.2
800,6,0.571,0.75,0.571,0.55,0.429,0.95,0.429,0.55
801,6,0.85,1.0,0.85,0.9,0.85,1.0,0.85,0.9
802,,0.8,0.95,0.8,0.85,0.8,0.95,0.8,0.85
803,,0.75,0.9,0.75,0.8,0.75,0.9,0.75,0.8
804,,0.7,0.85,0.7,0.75,0.7,0.85,0.7,0.75
805,,0.65,0.8,0.65,0.7,0.65,0.8,0.65,0.7
806,,0.6,0.75,0.6,0.65,0.6,0.75,0.6,0.65
807,,0.55,0.7,0.55,0.6,0.55,0.7,0.55,0.6
808,,0.5,0.65,0.5,0.55,0.5,0.65,0.5,0.55
809,,0.45,0.6,0.45,0.5,0.45,0.6,0.45,0.5
810,,0.4,0.55,0.4,0.45,0.4,0.55,0.4,0.45
811,,0.35,0.5,0.35,0.4,0.35,0.5,0.35,0.4
812,,0.3,0.45,0.3,0.35,0.3,0.45,0.3,0.35
813,,0.25,0.4,0.25,0.3,0.25,0.4,0.25,0.3
814,,0.2,0.35,0.2,0.25,0.2,0.35,0.2,0.25
815,,0.15,0.3,0.15,0.2,0.15,0.3,0.15,0.2
816,,0.1,0.25,0.1,0.15,0.1,0.25,0.1,0.15
817,,0.05,0.2,0.05,0.1,0.05,0.2,0.05,0.1
818,,0.0,0.15,0.0,0.05,0.0,0.15,0.0,0.05
819,,-0.05,0.1,-0.05,0.0,-0.05,0.1,-0.05,0.0
820,7,0.3,0.379,0.2,0.279,0.3,0.521,0.95,0.421
821,7,0.65,0.658,0.45,0.558,0.65,0.942,1.0,0.842
822,,0.6,0.608,0.4,0.508,0.6,0.892,0.95,0.792
823,,0.55,0.558,0.35,0.458,0.55,0.842,0.9,0.742
824,,0.5,0.508,0.3,0.408,0.5,0.792,0.85,0.692
825,,0.45,0.458,0.25,0.358,0.45,0.742,0.8,0.642
826,,0.4,0.408,0.2,0.308,0.4,0.692,0.75,0.592
827,,0.35,0.358,0.15,0.258,0.35,0.642,0.7,0.542
828,,0.3,0.308,0.1,0.208,0.3,0.592,0.65,0.492
829,,0.25,0.258,0.05,0.158,0.25,0.542,0.6,0.442
830,,0.2,0.208,0.0,0.108,0.2,0.492,0.55,0.392
831,,0.15,0.158,-0.05,0.058,0.15,0.442,0.5,0.342
832,3,0.5,0.579,0.95,0.479,0.5,0.721,0.75,0.621
833,3,0.85,1.0,1.0,0.9,0.85,1.0,1.0,0.9
834,,0.8,0.95,0.95,0.85,0.8,0.95,0.95,0.85
835,,0.75,0.9,0.9,0.8,0.75,0.9,0.9,0.8
836,,0.7,0.85,0.85,0.75,0.7,0.85,0.85,0.75
837,,0.65,0.8,0.8,0.7,0.65,0.8,0.8,0.7
838,,0.6,0.75,0.75,0.65,0.6,0.75,0.75,0.65
839,,0.55,0.7,0.7,0.6,0.55,0.7,0.7,0.6
840,,0.5,0.65,0.65,0.55,0.5,0.65,0.65,0.55
841,,0.45,0.6,0.6,0.5,0.45,0.6,0.6,0.5
842,,0.4,0.55,0.55,0.45,0.4,0.55,0.55,0.45
843,,0.35,0.5,0.5,0.4,0.35,0.5,0.5,0.4
844,,0.3,0.45,0.45,0.35,0.3,0.45,0.45,0.35
845,,0.25,0.4,0.4,0.3,0.25,0.4,0.4,0.3
846,,0.2,0.35,0.35,0.25,0.2,0.35,0.35,0.25
847,,0.15,0.3,0.3,0.2,0.15,0.3,0.3,0.2
848,,0.1,0.25,0.25,0.15,0.1,0.25,0.25,0.15
849,,0.05,0.2,0.2,0.1,0.05,0.2,0.2,0.1
850,,0.0,0.15,0.15,0.05,0.0,0.15,0.15,0.05
851,,-0.05,0.1,0.1,0.0,-0.05,0.1,0.1,0.0
852,5,0.2,0.379,0.45,0.421,0.95,0.521,0.45,0.279
853,5,0.45,0.658,0.8,0.842,1.0,0.942,0.8,0.558
854,,0.4,0.608,0.75,0.792,0.95,0.892,0.75,0.508
855,,0.35,0.558,0.7,0.742,0.9,0.842,0.7,0.458
856,,0.3,0.508,0.65,0.692,0.85,0.792,0.65,0.408
857,,0.25,0.458,0.6,0.642,0.8,0.742,0.6,0.358
858,,0.2,0.408,0.55,0.592,0.75,0.692,0.55,0.308
859,,0.15,0.358,0.5,0.542,0.7,0.642,0.5,0.258
860,,0.1,0.308,0.45,0.492,0.65,0.592,0.45,0.208
861,,0.05,0.258,0.4,0.442,0.6,0.542,0.4,0.158
862,,0.0,0.208,0.35,0.392,0.55,0.492,0.35,0.108
863,,-0.05,0.158,0.3,0.342,0.5,0.442,0.3,0.058
864,1,0.95,0.579,0.65,0.621,0.75,0.721,0.65,0.479
865,1,1.0,1.0,1.0,0.9,1.0,1.0,1.0,0.9
866,,0.95,0.95,0.95,0.85,0.95,0.95,0.95,0.85
867,,0.9,0.9,0.9,0.8,0.9,0.9,0.9,0.8
868,,0.85,0.85,0.85,0.75,0.85,0.85,0.85,0.75
869,,0.8,0.8,0.8,0.7,0.8,0.8,0.8,0.7
870,,0.75,0.75,0.75,0.65,0.75,0.75,0.75,0.65
871,,0.7,0.7,0.7,0.6,0.7,0.7,0.7,0.6
872,,0.65,0.65,0.65,0.55,0.65,0.65,0.65,0.55
873,,0.6,0.6,0.6,0.5,0.6,0.6,0.6,0.5
874,,0.55,0.55,0.55,0.45,0.55,0.55,0.55,0.45
875,,0.5,0.5,0.5,0.4,0.5,0.5,0.5,0.4
876,,0.45,0.45,0.45,0.35,0.45,0.45,0.45,0.35
877,,0.4,0.4,0.4,0.3,0.4,0.4,0.4,0.3
878,,0.35,0.35,0.35,0.25,0.35,0.35,0.35,0.25
879,,0.3,0.3,0.3,0.2,0.3,0.3,0.3,0.2
880,,0.25,0.25,0.25,0.15,0.25,0.25,0.25,0.15
881,,0.2,0.2,0.2,0.1,0.2,0.2,0.2,0.1
882,,0.15,0.15,0.15,0.05,0.15,0.15,0.15,0.05
883,,0.1,0.1,0.1,0.0,0.1,0.1,0.1,0.0
884,,0.05,0.05,0.05,-0.05,0.05,0.05,0.05,-0.05
