step,active_motive,motive_1,motive_2,motive_3,motive_4,motive_5,motive_6,motive_7,motive_8
0,,0.01819,0.03457,0.08968,0.0474,0.06676,0.01723,0.01923,0.00409
1,,-0.03181,-0.01543,0.03968,-0.0026,0.01676,-0.03277,-0.03077,-0.04591
2,8,0.38919,0.33457,0.31868,0.2474,0.29576,0.31723,0.39023,0.95409
3,8,0.81019,0.68457,0.59768,0.4974,0.57476,0.66723,0.81123,1.0
4,,0.76019,0.63457,0.54768,0.4474,0.52476,0.61723,0.76123,0.95
5,,0.71019,0.58457,0.49768,0.3974,0.47476,0.56723,0.71123,0.9
6,,0.66019,0.53457,0.44768,0.3474,0.42476,0.51723,0.66123,0.85
7,,0.61019,0.48457,0.39768,0.2974,0.37476,0.46723,0.61123,0.8
8,,0.56019,0.43457,0.34768,0.2474,0.32476,0.41723,0.56123,0.75
9,,0.51019,0.38457,0.29768,0.1974,0.27476,0.36723,0.51123,0.7
10,,0.46019,0.33457,0.24768,0.1474,0.22476,0.31723,0.46123,0.65
11,,0.41019,0.28457,0.19768,0.0974,0.17476,0.26723,0.41123,0.6
12,,0.36019,0.23457,0.14768,0.0474,0.12476,0.21723,0.36123,0.55
13,,0.31019,0.18457,0.09768,-0.0026,0.07476,0.16723,0.31123,0.5
14,4,0.58919,0.53457,0.51868,0.9974,0.49576,0.51723,0.59023,0.75
15,4,0.86819,0.88457,0.93968,1.0,0.91676,0.86723,0.86923,1.0
16,,0.81819,0.83457,0.88968,0.95,0.86676,0.81723,0.81923,0.95
17,,0.76819,0.78457,0.83968,0.9,0.81676,0.76723,0.76923,0.9
18,,0.71819,0.73457,0.78968,0.85,0.76676,0.71723,0.71923,0.85
19,,0.66819,0.68457,0.73968,0.8,0.71676,0.66723,0.66923,0.8
20,,0.61819,0.63457,0.68968,0.75,0.66676,0.61723,0.61923,0.75
21,,0.56819,0.58457,0.63968,0.7,0.61676,0.56723,0.56923,0.7
22,,0.51819,0.53457,0.58968,0.65,0.56676,0.51723,0.51923,0.65
23,,0.46819,0.48457,0.53968,0.6,0.51676,0.46723,0.46923,0.6
24,,0.41819,0.43457,0.48968,0.55,0.46676,0.41723,0.41923,0.55
25,,0.36819,0.38457,0.43968,0.5,0.41676,0.36723,0.36923,0.5
26,,0.31819,0.33457,0.38968,0.45,0.36676,0.31723,0.31923,0.45
27,,0.26819,0.28457,0.33968,0.4,0.31676,0.26723,0.26923,0.4
28,,0.21819,0.23457,0.28968,0.35,0.26676,0.21723,0.21923,0.35
29,,0.16819,0.18457,0.23968,0.3,0.21676,0.16723,0.16923,0.3
30,,0.11819,0.13457,0.18968,0.25,0.16676,0.11723,0.11923,0.25
31,,0.06819,0.08457,0.13968,0.2,0.11676,0.06723,0.06923,0.2
32,,0.01819,0.03457,0.08968,0.15,0.06676,0.01723,0.01923,0.15
33,,-0.03181,-0.01543,0.03968,0.1,0.01676,-0.03277,-0.03077,0.1
34,6,0.24719,0.23457,0.31868,0.45,0.43776,0.96723,0.39023,0.45
35,6,0.52619,0.48457,0.59768,0.8,0.85876,1.0,0.81123,0.8
36,,0.47619,0.43457,0.54768,0.75,0.80876,0.95,0.76123,0.75
37,,0.42619,0.38457,0.49768,0.7,0.75876,0.9,0.71123,0.7
38,,0.37619,0.33457,0.44768,0.65,0.70876,0.85,0.66123,0.65
39,,0.32619,0.28457,0.39768,0.6,0.65876,0.8,0.61123,0.6
40,,0.27619,0.23457,0.34768,0.55,0.60876,0.75,0.56123,0.55
41,,0.22619,0.18457,0.29768,0.5,0.55876,0.7,0.51123,0.5
42,,0.17619,0.13457,0.24768,0.45,0.50876,0.65,0.46123,0.45
43,,0.12619,0.08457,0.19768,0.4,0.45876,0.6,0.41123,0.4
44,,0.07619,0.03457,0.14768,0.35,0.40876,0.55,0.36123,0.35
45,,0.02619,-0.01543,0.09768,0.3,0.35876,0.5,0.31123,0.3
46,2,0.44719,0.98457,0.51868,0.65,0.63776,0.75,0.59023,0.65
47,2,0.86819,1.0,0.93968,1.0,0.91676,1.0,0.86923,1.0
48,,0.81819,0.95,0.88968,0.95,0.86676,0.95,0.81923,0.95
49,,0.76819,0.9,0.83968,0.9,0.81676,0.9,0.76923,0.9
50,,0.71819,0.85,0.78968,0.85,0.76676,0.85,0.71923,0.85
51,,0.66819,0.8,0.73968,0.8,0.71676,0.8,0.66923,0.8
52,,0.61819,0.75,0.68968,0.75,0.66676,0.75,0.61923,0.75
53,,0.56819,0.7,0.63968,0.7,0.61676,0.7,0.56923,0.7
54,,0.51819,0.65,0.58968,0.65,0.56676,0.65,0.51923,0.65
55,,0.46819,0.6,0.53968,0.6,0.51676,0.6,0.46923,0.6
56,,0.41819,0.55,0.48968,0.55,0.46676,0.55,0.41923,0.55
57,,0.36819,0.5,0.43968,0.5,0.41676,0.5,0.36923,0.5
58,,0.31819,0.45,0.38968,0.45,0.36676,0.45,0.31923,0.45
59,,0.26819,0.4,0.33968,0.4,0.31676,0.4,0.26923,0.4
60,,0.21819,0.35,0.28968,0.35,0.26676,0.35,0.21923,0.35
61,,0.16819,0.3,0.23968,0.3,0.21676,0.3,0.16923,0.3
62,,0.11819,0.25,0.18968,0.25,0.16676,0.25,0.11923,0.25
63,,0.06819,0.2,0.13968,0.2,0.11676,0.2,0.06923,0.2
64,,0.01819,0.15,0.08968,0.15,0.06676,0.15,0.01923,0.15
65,,-0.03181,0.1,0.03968,0.1,0.01676,0.1,-0.03077,0.1
66,1,0.96819,0.521,0.38968,0.379,0.26676,0.379,0.31923,0.521
67,1,1.0,0.942,0.73968,0.658,0.51676,0.658,0.66923,0.942
68,,0.95,0.892,0.68968,0.608,0.46676,0.608,0.61923,0.892
69,,0.9,0.842,0.63968,0.558,0.41676,0.558,0.56923,0.842
70,,0.85,0.792,0.58968,0.508,0.36676,0.508,0.51923,0.792
71,,0.8,0.742,0.53968,0.458,0.31676,0.458,0.46923,0.742
72,,0.75,0.692,0.48968,0.408,0.26676,0.408,0.41923,0.692
73,,0.7,0.642,0.43968,0.358,0.21676,0.358,0.36923,0.642
74,,0.65,0.592,0.38968,0.308,0.16676,0.308,0.31923,0.592
75,,0.6,0.542,0.33968,0.258,0.11676,0.258,0.26923,0.542
76,,0.55,0.492,0.28968,0.208,0.06676,0.208,0.21923,0.492
77,,0.5,0.442,0.23968,0.158,0.01676,0.158,0.16923,0.442
78,,0.45,0.392,0.18968,0.108,-0.03324,0.108,0.11923,0.392
79,5,0.7,0.671,0.53968,0.529,0.96676,0.529,0.46923,0.671
80,5,0.95,0.95,0.88968,0.95,1.0,0.95,0.81923,0.95
81,,0.9,0.9,0.83968,0.9,0.95,0.9,0.76923,0.9
82,,0.85,0.85,0.78968,0.85,0.9,0.85,0.71923,0.85
83,,0.8,0.8,0.73968,0.8,0.85,0.8,0.66923,0.8
84,,0.75,0.75,0.68968,0.75,0.8,0.75,0.61923,0.75
85,,0.7,0.7,0.63968,0.7,0.75,0.7,0.56923,0.7
86,,0.65,0.65,0.58968,0.65,0.7,0.65,0.51923,0.65
87,,0.6,0.6,0.53968,0.6,0.65,0.6,0.46923,0.6
88,,0.55,0.55,0.48968,0.55,0.6,0.55,0.41923,0.55
89,,0.5,0.5,0.43968,0.5,0.55,0.5,0.36923,0.5
90,,0.45,0.45,0.38968,0.45,0.5,0.45,0.31923,0.45
91,,0.4,0.4,0.33968,0.4,0.45,0.4,0.26923,0.4
92,,0.35,0.35,0.28968,0.35,0.4,0.35,0.21923,0.35
93,,0.3,0.3,0.23968,0.3,0.35,0.3,0.16923,0.3
94,,0.25,0.25,0.18968,0.25,0.3,0.25,0.11923,0.25
95,,0.2,0.2,0.13968,0.2,0.25,0.2,0.06923,0.2
96,,0.15,0.15,0.08968,0.15,0.2,0.15,0.01923,0.15
97,,0.1,0.1,0.03968,0.1,0.15,0.1,-0.03077,0.1
98,7,0.45,0.379,0.28968,0.379,0.5,0.521,0.96923,0.521
99,7,0.8,0.658,0.53968,0.658,0.85,0.942,1.0,0.942
100,,0.75,0.608,0.48968,0.608,0.8,0.892,0.95,0.892
101,,0.7,0.558,0.43968,0.558,0.75,0.842,0.9,0.842
102,,0.65,0.508,0.38968,0.508,0.7,0.792,0.85,0.792
103,,0.6,0.458,0.33968,0.458,0.65,0.742,0.8,0.742
104,,0.55,0.408,0.28968,0.408,0.6,0.692,0.75,0.692
105,,0.5,0.358,0.23968,0.358,0.55,0.642,0.7,0.642
106,,0.45,0.308,0.18968,0.308,0.5,0.592,0.65,0.592
107,,0.4,0.258,0.13968,0.258,0.45,0.542,0.6,0.542
108,,0.35,0.208,0.08968,0.208,0.4,0.492,0.55,0.492
109,,0.3,0.158,0.03968,0.158,0.35,0.442,0.5,0.442
110,,0.25,0.108,-0.01032,0.108,0.3,0.392,0.45,0.392
111,3,0.6,0.529,0.98968,0.529,0.65,0.671,0.7,0.671
112,3,0.95,0.95,1.0,0.95,1.0,0.95,0.95,0.95
113,,0.9,0.9,0.95,0.9,0.95,0.9,0.9,0.9
114,,0.85,0.85,0.9,0.85,0.9,0.85,0.85,0.85
115,,0.8,0.8,0.85,0.8,0.85,0.8,0.8,0.8
116,,0.75,0.75,0.8,0.75,0.8,0.75,0.75,0.75
117,,0.7,0.7,0.75,0.7,0.75,0.7,0.7,0.7
118,,0.65,0.65,0.7,0.65,0.7,0.65,0.65,0.65
119,,0.6,0.6,0.65,0.6,0.65,0.6,0.6,0.6
120,,0.55,0.55,0.6,0.55,0.6,0.55,0.55,0.55
121,,0.5,0.5,0.55,0.5,0.55,0.5,0.5,0.5
122,,0.45,0.45,0.5,0.45,0.5,0.45,0.45,0.45
123,,0.4,0.4,0.45,0.4,0.45,0.4,0.4,0.4
124,,0.35,0.35,0.4,0.35,0.4,0.35,0.35,0.35
125,,0.3,0.3,0.35,0.3,0.35,0.3,0.3,0.3
126,,0.25,0.25,0.3,0.25,0.3,0.25,0.25,0.25
127,,0.2,0.2,0.25,0.2,0.25,0.2,0.2,0.2
128,,0.15,0.15,0.2,0.15,0.2,0.15,0.15,0.15
129,,0.1,0.1,0.15,0.1,0.15,0.1,0.1,0.1
130,,0.05,0.05,0.1,0.05,0.1,0.05,0.05,0.05
131,,0.0,0.0,0.05,0.0,0.05,0.0,0.0,0.0
132,,-0.05,-0.05,0.0,-0.05,0.0,-0.05,-0.05,-0.05
133,7,0.3,0.229,0.25,0.229,0.35,0.371,0.95,0.371
134,7,0.65,0.508,0.5,0.508,0.7,0.792,1.0,0.792
135,,0.6,0.458,0.45,0.458,0.65,0.742,0.95,0.742
136,,0.55,0.408,0.4,0.408,0.6,0.692,0.9,0.692
137,,0.5,0.358,0.35,0.358,0.55,0.642,0.85,0.642
138,,0.45,0.308,0.3,0.308,0.5,0.592,0.8,0.592
139,,0.4,0.258,0.25,0.258,0.45,0.542,0.75,0.542
140,,0.35,0.208,0.2,0.208,0.4,0.492,0.7,0.492
141,,0.3,0.158,0.15,0.158,0.35,0.442,0.65,0.442
142,,0.25,0.108,0.1,0.108,0.3,0.392,0.6,0.392
143,,0.2,0.058,0.05,0.058,0.25,0.342,0.55,0.342
144,,0.15,0.008,0.0,0.008,0.2,0.292,0.5,0.292
145,,0.1,-0.042,-0.05,-0.042,0.15,0.242,0.45,0.242
146,3,0.45,0.379,0.95,0.379,0.5,0.521,0.7,0.521
147,3,0.8,0.8,1.0,0.8,0.85,0.8,0.95,0.8
148,,0.75,0.75,0.95,0.75,0.8,0.75,0.9,0.75
149,,0.7,0.7,0.9,0.7,0.75,0.7,0.85,0.7
150,,0.65,0.65,0.85,0.65,0.7,0.65,0.8,0.65
151,,0.6,0.6,0.8,0.6,0.65,0.6,0.75,0.6
152,,0.55,0.55,0.75,0.55,0.6,0.55,0.7,0.55
153,,0.5,0.5,0.7,0.5,0.55,0.5,0.65,0.5
154,,0.45,0.45,0.65,0.45,0.5,0.45,0.6,0.45
155,,0.4,0.4,0.6,0.4,0.45,0.4,0.55,0.4
156,,0.35,0.35,0.55,0.35,0.4,0.35,0.5,0.35
157,,0.3,0.3,0.5,0.3,0.35,0.3,0.45,0.3
158,,0.25,0.25,0.45,0.25,0.3,0.25,0.4,0.25
159,,0.2,0.2,0.4,0.2,0.25,0.2,0.35,0.2
160,,0.15,0.15,0.35,0.15,0.2,0.15,0.3,0.15
161,,0.1,0.1,0.3,0.1,0.15,0.1,0.25,0.1
162,,0.05,0.05,0.25,0.05,0.1,0.05,0.2,0.05
163,,0.0,0.0,0.2,0.0,0.05,0.0,0.15,0.0
164,,-0.05,-0.05,0.15,-0.05,0.0,-0.05,0.1,-0.05
165,2,0.371,0.95,0.571,0.3,0.279,0.2,0.379,0.3
166,2,0.792,1.0,0.992,0.65,0.558,0.45,0.658,0.65
167,,0.742,0.95,0.942,0.6,0.508,0.4,0.608,0.6
168,,0.692,0.9,0.892,0.55,0.458,0.35,0.558,0.55
169,,0.642,0.85,0.842,0.5,0.408,0.3,0.508,0.5
170,,0.592,0.8,0.792,0.45,0.358,0.25,0.458,0.45
171,,0.542,0.75,0.742,0.4,0.308,0.2,0.408,0.4
172,,0.492,0.7,0.692,0.35,0.258,0.15,0.358,0.35
173,,0.442,0.65,0.642,0.3,0.208,0.1,0.308,0.3
174,,0.392,0.6,0.592,0.25,0.158,0.05,0.258,0.25
175,,0.342,0.55,0.542,0.2,0.108,0.0,0.208,0.2
176,,0.292,0.5,0.492,0.15,0.058,-0.05,0.158,0.15
177,6,0.571,0.75,0.771,0.5,0.479,0.95,0.579,0.5
178,6,0.85,1.0,1.0,0.85,0.9,1.0,1.0,0.85
179,,0.8,0.95,0.95,0.8,0.85,0.95,0.95,0.8
180,,0.75,0.9,0.9,0.75,0.8,0.9,0.9,0.75
181,,0.7,0.85,0.85,0.7,0.75,0.85,0.85,0.7
182,,0.65,0.8,0.8,0.65,0.7,0.8,0.8,0.65
183,,0.6,0.75,0.75,0.6,0.65,0.75,0.75,0.6
184,,0.55,0.7,0.7,0.55,0.6,0.7,0.7,0.55
185,,0.5,0.65,0.65,0.5,0.55,0.65,0.65,0.5
186,,0.45,0.6,0.6,0.45,0.5,0.6,0.6,0.45
187,,0.4,0.55,0.55,0.4,0.45,0.55,0.55,0.4
188,,0.35,0.5,0.5,0.35,0.4,0.5,0.5,0.35
189,,0.3,0.45,0.45,0.3,0.35,0.45,0.45,0.3
190,,0.25,0.4,0.4,0.25,0.3,0.4,0.4,0.25
191,,0.2,0.35,0.35,0.2,0.25,0.35,0.35,0.2
192,,0.15,0.3,0.3,0.15,0.2,0.3,0.3,0.15
193,,0.1,0.25,0.25,0.1,0.15,0.25,0.25,0.1
194,,0.05,0.2,0.2,0.05,0.1,0.2,0.2,0.05
195,,0.0,0.15,0.15,0.0,0.05,0.15,0.15,0.0
196,,-0.05,0.1,0.1,-0.05,0.0,0.1,0.1,-0.05
197,4,0.229,0.45,0.521,0.95,0.421,0.45,0.379,0.2
198,4,0.508,0.8,0.942,1.0,0.842,0.8,0.658,0.45
199,,0.458,0.75,0.892,0.95,0.792,0.75,0.608,0.4
200,,0.408,0.7,0.842,0.9,0.742,0.7,0.558,0.35
201,,0.358,0.65,0.792,0.85,0.692,0.65,0.508,0.3
202,,0.308,0.6,0.742,0.8,0.642,0.6,0.458,0.25
203,,0.258,0.55,0.692,0.75,0.592,0.55,0.408,0.2
204,,0.208,0.5,0.642,0.7,0.542,0.5,0.358,0.15
205,,0.158,0.45,0.592,0.65,0.492,0.45,0.308,0.1
206,,0.108,0.4,0.542,0.6,0.442,0.4,0.258,0.05
207,,0.058,0.35,0.492,0.55,0.392,0.35,0.208,0.0
208,,0.008,0.3,0.442,0.5,0.342,0.3,0.158,-0.05
209,8,0.429,0.65,0.721,0.75,0.621,0.65,0.579,0.95
210,8,0.85,1.0,1.0,1.0,0.9,1.0,1.0,1.0
211,,0.8,0.95,0.95,0.95,0.85,0.95,0.95,0.95
212,,0.75,0.9,0.9,0.9,0.8,0.9,0.9,0.9
213,,0.7,0.85,0.85,0.85,0.75,0.85,0.85,0.85
214,,0.65,0.8,0.8,0.8,0.7,0.8,0.8,0.8
215,,0.6,0.75,0.75,0.75,0.65,0.75,0.75,0.75
216,,0.55,0.7,0.7,0.7,0.6,0.7,0.7,0.7
217,,0.5,0.65,0.65,0.65,0.55,0.65,0.65,0.65
218,,0.45,0.6,0.6,0.6,0.5,0.6,0.6,0.6
219,,0.4,0.55,0.55,0.55,0.45,0.55,0.55,0.55
220,,0.35,0.5,0.5,0.5,0.4,0.5,0.5,0.5
221,,0.3,0.45,0.45,0.45,0.35,0.45,0.45,0.45
222,,0.25,0.4,0.4,0.4,0.3,0.4,0.4,0.4
223,,0.2,0.35,0.35,0.35,0.25,0.35,0.35,0.35
224,,0.15,0.3,0.3,0.3,0.2,0.3,0.3,0.3
225,,0.1,0.25,0.25,0.25,0.15,0.25,0.25,0.25
226,,0.05,0.2,0.2,0.2,0.1,0.2,0.2,0.2
227,,0.0,0.15,0.15,0.15,0.05,0.15,0.15,0.15
228,,-0.05,0.1,0.1,0.1,0.0,0.1,0.1,0.1
229,1,0.95,0.521,0.45,0.379,0.25,0.379,0.45,0.521
230,1,1.0,0.942,0.8,0.658,0.5,0.658,0.8,0.942
231,,0.95,0.892,0.75,0.608,0.45,0.608,0.75,0.892
232,,0.9,0.842,0.7,0.558,0.4,0.558,0.7,0.842
233,,0.85,0.792,0.65,0.508,0.35,0.508,0.65,0.792
234,,0.8,0.742,0.6,0.458,0.3,0.458,0.6,0.742
235,,0.75,0.692,0.55,0.408,0.25,0.408,0.55,0.692
236,,0.7,0.642,0.5,0.358,0.2,0.358,0.5,0.642
237,,0.65,0.592,0.45,0.308,0.15,0.308,0.45,0.592
238,,0.6,0.542,0.4,0.258,0.1,0.258,0.4,0.542
239,,0.55,0.492,0.35,0.208,0.05,0.208,0.35,0.492
240,,0.5,0.442,0.3,0.158,0.0,0.158,0.3,0.442
241,,0.45,0.392,0.25,0.108,-0.05,0.108,0.25,0.392
242,5,0.7,0.671,0.6,0.529,0.95,0.529,0.6,0.671
243,5,0.95,0.95,0.95,0.95,1.0,0.95,0.95,0.95
244,,0.9,0.9,0.9,0.9,0.95,0.9,0.9,0.9
245,,0.85,0.85,0.85,0.85,0.9,0.85,0.85,0.85
246,,0.8,0.8,0.8,0.8,0.85,0.8,0.8,0.8
247,,0.75,0.75,0.75,0.75,0.8,0.75,0.75,0.75
248,,0.7,0.7,0.7,0.7,0.75,0.7,0.7,0.7
249,,0.65,0.65,0.65,0.65,0.7,0.65,0.65,0.65
250,,0.6,0.6,0.6,0.6,0.65,0.6,0.6,0.6
251,,0.55,0.55,0.55,0.55,0.6,0.55,0.55,0.55
252,,0.5,0.5,0.5,0.5,0.55,0.5,0.5,0.5
253,,0.45,0.45,0.45,0.45,0.5,0.45,0.45,0.45
254,,0.4,0.4,0.4,0.4,0.45,0.4,0.4,0.4
255,,0.35,0.35,0.35,0.35,0.4,0.35,0.35,0.35
256,,0.3,0.3,0.3,0.3,0.35,0.3,0.3,0.3
257,,0.25,0.25,0.25,0.25,0.3,0.25,0.25,0.25
258,,0.2,0.2,0.2,0.2,0.25,0.2,0.2,0.2
259,,0.15,0.15,0.15,0.15,0.2,0.15,0.15,0.15
260,,0.1,0.1,0.1,0.1,0.15,0.1,0.1,0.1
261,,0.05,0.05,0.05,0.05,0.1,0.05,0.05,0.05
262,,0.0,0.0,0.0,0.0,0.05,0.0,0.0,0.0
263,,-0.05,-0.05,-0.05,-0.05,0.0,-0.05,-0.05,-0.05
264,6,0.229,0.2,0.229,0.3,0.421,0.95,0.371,0.3
265,6,0.508,0.45,0.508,0.65,0.842,1.0,0.792,0.65
266,,0.458,0.4,0.458,0.6,0.792,0.95,0.742,0.6
267,,0.408,0.35,0.408,0.55,0.742,0.9,0.692,0.55
268,,0.358,0.3,0.358,0.5,0.692,0.85,0.642,0.5
269,,0.308,0.25,0.308,0.45,0.642,0.8,0.592,0.45
270,,0.258,0.2,0.258,0.4,0.592,0.75,0.542,0.4
271,,0.208,0.15,0.208,0.35,0.542,0.7,0.492,0.35
272,,0.158,0.1,0.158,0.3,0.492,0.65,0.442,0.3
273,,0.108,0.05,0.108,0.25,0.442,0.6,0.392,0.25
274,,0.058,0.0,0.058,0.2,0.392,0.55,0.342,0.2
275,,0.008,-0.05,0.008,0.15,0.342,0.5,0.292,0.15
276,2,0.429,0.95,0.429,0.5,0.621,0.75,0.571,0.5
277,2,0.85,1.0,0.85,0.85,0.9,1.0,0.85,0.85
278,,0.8,0.95,0.8,0.8,0.85,0.95,0.8,0.8
279,,0.75,0.9,0.75,0.75,0.8,0.9,0.75,0.75
280,,0.7,0.85,0.7,0.7,0.75,0.85,0.7,0.7
281,,0.65,0.8,0.65,0.65,0.7,0.8,0.65,0.65
282,,0.6,0.75,0.6,0.6,0.65,0.75,0.6,0.6
283,,0.55,0.7,0.55,0.55,0.6,0.7,0.55,0.55
284,,0.5,0.65,0.5,0.5,0.55,0.65,0.5,0.5
285,,0.45,0.6,0.45,0.45,0.5,0.6,0.45,0.45
286,,0.4,0.55,0.4,0.4,0.45,0.55,0.4,0.4
287,,0.35,0.5,0.35,0.35,0.4,0.5,0.35,0.35
288,,0.3,0.45,0.3,0.3,0.35,0.45,0.3,0.3
289,,0.25,0.4,0.25,0.25,0.3,0.4,0.25,0.25
290,,0.2,0.35,0.2,0.2,0.25,0.35,0.2,0.2
291,,0.15,0.3,0.15,0.15,0.2,0.3,0.15,0.15
292,,0.1,0.25,0.1,0.1,0.15,0.25,0.1,0.1
293,,0.05,0.2,0.05,0.05,0.1,0.2,0.05,0.05
294,,0.0,0.15,0.0,0.0,0.05,0.15,0.0,0.0
295,,-0.05,0.1,-0.05,-0.05,0.0,0.1,-0.05,-0.05
296,8,0.371,0.45,0.229,0.2,0.279,0.45,0.371,0.95
297,8,0.792,0.8,0.508,0.45,0.558,0.8,0.792,1.0
298,,0.742,0.75,0.458,0.4,0.508,0.75,0.742,0.95
299,,0.692,0.7,0.408,0.35,0.458,0.7,0.692,0.9
300,,0.642,0.65,0.358,0.3,0.408,0.65,0.642,0.85
301,,0.592,0.6,0.308,0.25,0.358,0.6,0.592,0.8
302,,0.542,0.55,0.258,0.2,0.308,0.55,0.542,0.75
303,,0.492,0.5,0.208,0.15,0.258,0.5,0.492,0.7
304,,0.442,0.45,0.158,0.1,0.208,0.45,0.442,0.65
305,,0.392,0.4,0.108,0.05,0.158,0.4,0.392,0.6
306,,0.342,0.35,0.058,0.0,0.108,0.35,0.342,0.55
307,,0.292,0.3,0.008,-0.05,0.058,0.3,0.292,0.5
308,4,0.571,0.65,0.429,0.95,0.479,0.65,0.571,0.75
309,4,0.85,1.0,0.85,1.0,0.9,1.0,0.85,1.0
310,,0.8,0.95,0.8,0.95,0.85,0.95,0.8,0.95
311,,0.75,0.9,0.75,0.9,0.8,0.9,0.75,0.9
312,,0.7,0.85,0.7,0.85,0.75,0.85,0.7,0.85
313,,0.65,0.8,0.65,0.8,0.7,0.8,0.65,0.8
314,,0.6,0.75,0.6,0.75,0.65,0.75,0.6,0.75
315,,0.55,0.7,0.55,0.7,0.6,0.7,0.55,0.7
316,,0.5,0.65,0.5,0.65,0.55,0.65,0.5,0.65
317,,0.45,0.6,0.45,0.6,0.5,0.6,0.45,0.6
318,,0.4,0.55,0.4,0.55,0.45,0.55,0.4,0.55
319,,0.35,0.5,0.35,0.5,0.4,0.5,0.35,0.5
320,,0.3,0.45,0.3,0.45,0.35,0.45,0.3,0.45
321,,0.25,0.4,0.25,0.4,0.3,0.4,0.25,0.4
322,,0.2,0.35,0.2,0.35,0.25,0.35,0.2,0.35
323,,0.15,0.3,0.15,0.3,0.2,0.3,0.15,0.3
324,,0.1,0.25,0.1,0.25,0.15,0.25,0.1,0.25
325,,0.05,0.2,0.05,0.2,0.1,0.2,0.05,0.2
326,,0.0,0.15,0.0,0.15,0.05,0.15,0.0,0.15
327,,-0.05,0.1,-0.05,0.1,0.0,0.1,-0.05,0.1
328,3,0.3,0.521,0.95,0.521,0.35,0.379,0.2,0.379
329,3,0.65,0.942,1.0,0.942,0.7,0.658,0.45,0.658
330,,0.6,0.892,0.95,0.892,0.65,0.608,0.4,0.608
331,,0.55,0.842,0.9,0.842,0.6,0.558,0.35,0.558
332,,0.5,0.792,0.85,0.792,0.55,0.508,0.3,0.508
333,,0.45,0.742,0.8,0.742,0.5,0.458,0.25,0.458
334,,0.4,0.692,0.75,0.692,0.45,0.408,0.2,0.408
335,,0.35,0.642,0.7,0.642,0.4,0.358,0.15,0.358
336,,0.3,0.592,0.65,0.592,0.35,0.308,0.1,0.308
337,,0.25,0.542,0.6,0.542,0.3,0.258,0.05,0.258
338,,0.2,0.492,0.55,0.492,0.25,0.208,0.0,0.208
339,,0.15,0.442,0.5,0.442,0.2,0.158,-0.05,0.158
340,7,0.5,0.721,0.75,0.721,0.55,0.579,0.95,0.579
341,7,0.85,1.0,1.0,1.0,0.9,1.0,1.0,1.0
342,,0.8,0.95,0.95,0.95,0.85,0.95,0.95,0.95
343,,0.75,0.9,0.9,0.9,0.8,0.9,0.9,0.9
344,,0.7,0.85,0.85,0.85,0.75,0.85,0.85,0.85
345,,0.65,0.8,0.8,0.8,0.7,0.8,0.8,0.8
346,,0.6,0.75,0.75,0.75,0.65,0.75,0.75,0.75
347,,0.55,0.7,0.7,0.7,0.6,0.7,0.7,0.7
348,,0.5,0.65,0.65,0.65,0.55,0.65,0.65,0.65
349,,0.45,0.6,0.6,0.6,0.5,0.6,0.6,0.6
350,,0.4,0.55,0.55,0.55,0.45,0.55,0.55,0.55
351,,0.35,0.5,0.5,0.5,0.4,0.5,0.5,0.5
352,,0.3,0.45,0.45,0.45,0.35,0.45,0.45,0.45
353,,0.25,0.4,0.4,0.4,0.3,0.4,0.4,0.4
354,,0.2,0.35,0.35,0.35,0.25,0.35,0.35,0.35
355,,0.15,0.3,0.3,0.3,0.2,0.3,0.3,0.3
356,,0.1,0.25,0.25,0.25,0.15,0.25,0.25,0.25
357,,0.05,0.2,0.2,0.2,0.1,0.2,0.2,0.2
358,,0.0,0.15,0.15,0.15,0.05,0.15,0.15,0.15
359,,-0.05,0.1,0.1,0.1,0.0,0.1,0.1,0.1
360,1,0.95,0.521,0.45,0.379,0.25,0.379,0.45,0.521
361,1,1.0,0.942,0.8,0.658,0.5,0.658,0.8,0.942
362,,0.95,0.892,0.75,0.608,0.45,0.608,0.75,0.892
363,,0.9,0.842,0.7,0.558,0.4,0.558,0.7,0.842
364,,0.85,0.792,0.65,0.508,0.35,0.508,0.65,0.792
365,,0.8,0.742,0.6,0.458,0.3,0.458,0.6,0.742
366,,0.75,0.692,0.55,0.408,0.25,0.408,0.55,0.692
367,,0.7,0.642,0.5,0.358,0.2,0.358,0.5,0.642
368,,0.65,0.592,0.45,0.308,0.15,0.308,0.45,0.592
369,,0.6,0.542,0.4,0.258,0.1,0.258,0.4,0.542
370,,0.55,0.492,0.35,0.208,0.05,0.208,0.35,0.492
371,,0.5,0.442,0.3,0.158,0.0,0.158,0.3,0.442
372,,0.45,0.392,0.25,0.108,-0.05,0.108,0.25,0.392
373,5,0.7,0.671,0.6,0.529,0.95,0.529,0.6,0.671
374,5,0.95,0.95,0.95,0.95,1.0,0.95,0.95,0.95
375,,0.9,0.9,0.9,0.9,0.95,0.9,0.9,0.9
376,,0.85,0.85,0.85,0.85,0.9,0.85,0.85,0.85
377,,0.8,0.8,0.8,0.8,0.85,0.8,0.8,0.8
378,,0.75,0.75,0.75,0.75,0.8,0.75,0.75,0.75
379,,0.7,0.7,0.7,0.7,0.75,0.7,0.7,0.7
380,,0.65,0.65,0.65,0.65,0.7,0.65,0.65,0.65
381,,0.6,0.6,0.6,0.6,0.65,0.6,0.6,0.6
382,,0.55,0.55,0.55,0.55,0.6,0.55,0.55,0.55
383,,0.5,0.5,0.5,0.5,0.55,0.5,0.5,0.5
384,,0.45,0.45,0.45,0.45,0.5,0.45,0.45,0.45
385,,0.4,0.4,0.4,0.4,0.45,0.4,0.4,0.4
386,,0.35,0.35,0.35,0.35,0.4,0.35,0.35,0.35
387,,0.3,0.3,0.3,0.3,0.35,0.3,0.3,0.3
388,,0.25,0.25,0.25,0.25,0.3,0.25,0.25,0.25
389,,0.2,0.2,0.2,0.2,0.25,0.2,0.2,0.2
390,,0.15,0.15,0.15,0.15,0.2,0.15,0.15,0.15
391,,0.1,0.1,0.1,0.1,0.15,0.1,0.1,0.1
392,,0.05,0.05,0.05,0.05,0.1,0.05,0.05,0.05
393,,0.0,0.0,0.0,0.0,0.05,0.0,0.0,0.0
394,,-0.05,-0.05,-0.05,-0.05,0.0,-0.05,-0.05,-0.05
395,1,0.95,0.371,0.3,0.229,0.25,0.229,0.3,0.371
396,1,1.0,0.792,0.65,0.508,0.5,0.508,0.65,0.792
397,,0.95,0.742,0.6,0.458,0.45,0.458,0.6,0.742
398,,0.9,0.692,0.55,0.408,0.4,0.408,0.55,0.692
399,,0.85,0.642,0.5,0.358,0.35,0.358,0.5,0.642
400,,0.8,0.592,0.45,0.308,0.3,0.308,0.45,0.592
401,,0.75,0.542,0.4,0.258,0.25,0.258,0.4,0.542
402,,0.7,0.492,0.35,0.208,0.2,0.208,0.35,0.492
403,,0.65,0.442,0.3,0.158,0.15,0.158,0.3,0.442
404,,0.6,0.392,0.25,0.108,0.1,0.108,0.25,0.392
405,,0.55,0.342,0.2,0.058,0.05,0.058,0.2,0.342
406,,0.5,0.292,0.15,0.008,0.0,0.008,0.15,0.292
407,,0.45,0.242,0.1,-0.042,-0.05,-0.042,0.1,0.242
408,5,0.7,0.521,0.45,0.379,0.95,0.379,0.45,0.521
409,5,0.95,0.8,0.8,0.8,1.0,0.8,0.8,0.8
410,,0.9,0.75,0.75,0.75,0.95,0.75,0.75,0.75
411,,0.85,0.7,0.7,0.7,0.9,0.7,0.7,0.7
412,,0.8,0.65,0.65,0.65,0.85,0.65,0.65,0.65
413,,0.75,0.6,0.6,0.6,0.8,0.6,0.6,0.6
414,,0.7,0.55,0.55,0.55,0.75,0.55,0.55,0.55
415,,0.65,0.5,0.5,0.5,0.7,0.5,0.5,0.5
416,,0.6,0.45,0.45,0.45,0.65,0.45,0.45,0.45
417,,0.55,0.4,0.4,0.4,0.6,0.4,0.4,0.4
418,,0.5,0.35,0.35,0.35,0.55,0.35,0.35,0.35
419,,0.45,0.3,0.3,0.3,0.5,0.3,0.3,0.3
420,,0.4,0.25,0.25,0.25,0.45,0.25,0.25,0.25
421,,0.35,0.2,0.2,0.2,0.4,0.2,0.2,0.2
422,,0.3,0.15,0.15,0.15,0.35,0.15,0.15,0.15
423,,0.25,0.1,0.1,0.1,0.3,0.1,0.1,0.1
424,,0.2,0.05,0.05,0.05,0.25,0.05,0.05,0.05
425,,0.15,0.0,0.0,0.0,0.2,0.0,0.0,0.0
426,,0.1,-0.05,-0.05,-0.05,0.15,-0.05,-0.05,-0.05
427,7,0.45,0.229,0.2,0.229,0.5,0.371,0.95,0.371
428,7,0.8,0.508,0.45,0.508,0.85,0.792,1.0,0.792
429,,0.75,0.458,0.4,0.458,0.8,0.742,0.95,0.742
430,,0.7,0.408,0.35,0.408,0.75,0.692,0.9,0.692
431,,0.65,0.358,0.3,0.358,0.7,0.642,0.85,0.642
432,,0.6,0.308,0.25,0.308,0.65,0.592,0.8,0.592
433,,0.55,0.258,0.2,0.258,0.6,0.542,0.75,0.542
434,,0.5,0.208,0.15,0.208,0.55,0.492,0.7,0.492
435,,0.45,0.158,0.1,0.158,0.5,0.442,0.65,0.442
436,,0.4,0.108,0.05,0.108,0.45,0.392,0.6,0.392
437,,0.35,0.058,0.0,0.058,0.4,0.342,0.55,0.342
438,,0.3,0.008,-0.05,0.008,0.35,0.292,0.5,0.292
439,3,0.65,0.429,0.95,0.429,0.7,0.571,0.75,0.571
440,3,1.0,0.85,1.0,0.85,1.0,0.85,1.0,0.85
441,,0.95,0.8,0.95,0.8,0.95,0.8,0.95,0.8
442,,0.9,0.75,0.9,0.75,0.9,0.75,0.9,0.75
443,,0.85,0.7,0.85,0.7,0.85,0.7,0.85,0.7
444,,0.8,0.65,0.8,0.65,0.8,0.65,0.8,0.65
445,,0.75,0.6,0.75,0.6,0.75,0.6,0.75,0.6
446,,0.7,0.55,0.7,0.55,0.7,0.55,0.7,0.55
447,,0.65,0.5,0.65,0.5,0.65,0.5,0.65,0.5
448,,0.6,0.45,0.6,0.45,0.6,0.45,0.6,0.45
449,,0.55,0.4,0.55,0.4,0.55,0.4,0.55,0.4
450,,0.5,0.35,0.5,0.35,0.5,0.35,0.5,0.35
451,,0.45,0.3,0.45,0.3,0.45,0.3,0.45,0.3
452,,0.4,0.25,0.4,0.25,0.4,0.25,0.4,0.25
453,,0.35,0.2,0.35,0.2,0.35,0.2,0.35,0.2
454,,0.3,0.15,0.3,0.15,0.3,0.15,0.3,0.15
455,,0.25,0.1,0.25,0.1,0.25,0.1,0.25,0.1
456,,0.2,0.05,0.2,0.05,0.2,0.05,0.2,0.05
457,,0.15,0.0,0.15,0.0,0.15,0.0,0.15,0.0
458,,0.1,-0.05,0.1,-0.05,0.1,-0.05,0.1,-0.05
459,2,0.521,0.95,0.521,0.3,0.379,0.2,0.379,0.3
460,2,0.942,1.0,0.942,0.65,0.658,0.45,0.658,0.65
461,,0.892,0.95,0.892,0.6,0.608,0.4,0.608,0.6
462,,0.842,0.9,0.842,0.55,0.558,0.35,0.558,0.55
463,,0.792,0.85,0.792,0.5,0.508,0.3,0.508,0.5
464,,0.742,0.8,0.742,0.45,0.458,0.25,0.458,0.45
465,,0.692,0.75,0.692,0.4,0.408,0.2,0.408,0.4
466,,0.642,0.7,0.642,0.35,0.358,0.15,0.358,0.35
467,,0.592,0.65,0.592,0.3,0.308,0.1,0.308,0.3
468,,0.542,0.6,0.542,0.25,0.258,0.05,0.258,0.25
469,,0.492,0.55,0.492,0.2,0.208,0.0,0.208,0.2
470,,0.442,0.5,0.442,0.15,0.158,-0.05,0.158,0.15
471,6,0.721,0.75,0.721,0.5,0.579,0.95,0.579,0.5
472,6,1.0,1.0,1.0,0.85,1.0,1.0,1.0,0.85
473,,0.95,0.95,0.95,0.8,0.95,0.95,0.95,0.8
474,,0.9,0.9,0.9,0.75,0.9,0.9,0.9,0.75
475,,0.85,0.85,0.85,0.7,0.85,0.85,0.85,0.7
476,,0.8,0.8,0.8,0.65,0.8,0.8,0.8,0.65
477,,0.75,0.75,0.75,0.6,0.75,0.75,0.75,0.6
478,,0.7,0.7,0.7,0.55,0.7,0.7,0.7,0.55
479,,0.65,0.65,0.65,0.5,0.65,0.65,0.65,0.5
480,,0.6,0.6,0.6,0.45,0.6,0.6,0.6,0.45
481,,0.55,0.55,0.55,0.4,0.55,0.55,0.55,0.4
482,,0.5,0.5,0.5,0.35,0.5,0.5,0.5,0.35
483,,0.45,0.45,0.45,0.3,0.45,0.45,0.45,0.3
484,,0.4,0.4,0.4,0.25,0.4,0.4,0.4,0.25
485,,0.35,0.35,0.35,0.2,0.35,0.35,0.35,0.2
486,,0.3,0.3,0.3,0.15,0.3,0.3,0.3,0.15
487,,0.25,0.25,0.25,0.1,0.25,0.25,0.25,0.1
488,,0.2,0.2,0.2,0.05,0.2,0.2,0.2,0.05
489,,0.15,0.15,0.15,0.0,0.15,0.15,0.15,0.0
490,,0.1,0.1,0.1,-0.05,0.1,0.1,0.1,-0.05
491,8,0.521,0.45,0.379,0.2,0.379,0.45,0.521,0.95
492,8,0.942,0.8,0.658,0.45,0.658,0.8,0.942,1.0
493,,0.892,0.75,0.608,0.4,0.608,0.75,0.892,0.95
494,,0.842,0.7,0.558,0.35,0.558,0.7,0.842,0.9
495,,0.792,0.65,0.508,0.3,0.508,0.65,0.792,0.85
496,,0.742,0.6,0.458,0.25,0.458,0.6,0.742,0.8
497,,0.692,0.55,0.408,0.2,0.408,0.55,0.692,0.75
498,,0.642,0.5,0.358,0.15,0.358,0.5,0.642,0.7
499,,0.592,0.45,0.308,0.1,0.308,0.45,0.592,0.65
500,,0.542,0.4,0.258,0.05,0.258,0.4,0.542,0.6
501,,0.492,0.35,0.208,0.0,0.208,0.35,0.492,0.55
502,,0.442,0.3,0.158,-0.05,0.158,0.3,0.442,0.5
503,4,0.721,0.65,0.579,0.95,0.579,0.65,0.721,0.75
504,4,1.0,1.0,1.0,1.0,1.0,1.0,1.0,1.0
505,,0.95,0.95,0.95,0.95,0.95,0.95,0.95,0.95
506,,0.9,0.9,0.9,0.9,0.9,0.9,0.9,0.9
507,,0.85,0.85,0.85,0.85,0.85,0.85,0.85,0.85
508,,0.8,0.8,0.8,0.8,0.8,0.8,0.8,0.8
509,,0.75,0.75,0.75,0.75,0.75,0.75,0.75,0.75
510,,0.7,0.7,0.7,0.7,0.7,0.7,0.7,0.7
511,,0.65,0.65,0.65,0.65,0.65,0.65,0.65,0.65
512,,0.6,0.6,0.6,0.6,0.6,0.6,0.6,0.6
513,,0.55,0.55,0.55,0.55,0.55,0.55,0.55,0.55
514,,0.5,0.5,0.5,0.5,0.5,0.5,0.5,0.5
515,,0.45,0.45,0.45,0.45,0.45,0.45,0.45,0.45
516,,0.4,0.4,0.4,0.4,0.4,0.4,0.4,0.4
517,,0.35,0.35,0.35,0.35,0.35,0.35,0.35,0.35
518,,0.3,0.3,0.3,0.3,0.3,0.3,0.3,0.3
519,,0.25,0.25,0.25,0.25,0.25,0.25,0.25,0.25
520,,0.2,0.2,0.2,0.2,0.2,0.2,0.2,0.2
521,,0.15,0.15,0.15,0.15,0.15,0.15,0.15,0.15
522,,0.1,0.1,0.1,0.1,0.1,0.1,0.1,0.1
523,,0.05,0.05,0.05,0.05,0.05,0.05,0.05,0.05
524,,0.0,0.0,0.0,0.0,0.0,0.0,0.0,0.0
525,,-0.05,-0.05,-0.05,-0.05,-0.05,-0.05,-0.05,-0.05
526,2,0.371,0.95,0.371,0.3,0.229,0.2,0.229,0.3
527,2,0.792,1.0,0.792,0.65,0.508,0.45,0.508,0.65
528,,0.742,0.95,0.742,0.6,0.458,0.4,0.458,0.6
529,,0.692,0.9,0.692,0.55,0.408,0.35,0.408,0.55
530,,0.642,0.85,0.642,0.5,0.358,0.3,0.358,0.5
531,,0.592,0.8,0.592,0.45,0.308,0.25,0.308,0.45
532,,0.542,0.75,0.542,0.4,0.258,0.2,0.258,0.4
533,,0.492,0.7,0.492,0.35,0.208,0.15,0.208,0.35
534,,0.442,0.65,0.442,0.3,0.158,0.1,0.158,0.3
535,,0.392,0.6,0.392,0.25,0.108,0.05,0.108,0.25
536,,0.342,0.55,0.342,0.2,0.058,0.0,0.058,0.2
537,,0.292,0.5,0.292,0.15,0.008,-0.05,0.008,0.15
538,6,0.571,0.75,0.571,0.5,0.429,0.95,0.429,0.5
539,6,0.85,1.0,0.85,0.85,0.85,1.0,0.85,0.85
540,,0.8,0.95,0.8,0.8,0.8,0.95,0.8,0.8
541,,0.75,0.9,0.75,0.75,0.75,0.9,0.75,0.75
542,,0.7,0.85,0.7,0.7,0.7,0.85,0.7,0.7
543,,0.65,0.8,0.65,0.65,0.65,0.8,0.65,0.65
544,,0.6,0.75,0.6,0.6,0.6,0.75,0.6,0.6
545,,0.55,0.7,0.55,0.55,0.55,0.7,0.55,0.55
546,,0.5,0.65,0.5,0.5,0.5,0.65,0.5,0.5
547,,0.45,0.6,0.45,0.45,0.45,0.6,0.45,0.45
548,,0.4,0.55,0.4,0.4,0.4,0.55,0.4,0.4
549,,0.35,0.5,0.35,0.35,0.35,0.5,0.35,0.35
550,,0.3,0.45,0.3,0.3,0.3,0.45,0.3,0.3
551,,0.25,0.4,0.25,0.25,0.25,0.4,0.25,0.25
552,,0.2,0.35,0.2,0.2,0.2,0.35,0.2,0.2
553,,0.15,0.3,0.15,0.15,0.15,0.3,0.15,0.15
554,,0.1,0.25,0.1,0.1,0.1,0.25,0.1,0.1
555,,0.05,0.2,0.05,0.05,0.05,0.2,0.05,0.05
556,,0.0,0.15,0.0,0.0,0.0,0.15,0.0,0.0
557,,-0.05,0.1,-0.05,-0.05,-0.05,0.1,-0.05,-0.05
558,8,0.371,0.45,0.229,0.2,0.229,0.45,0.371,0.95
559,8,0.792,0.8,0.508,0.45,0.508,0.8,0.792,1.0
560,,0.742,0.75,0.458,0.4,0.458,0.75,0.742,0.95
561,,0.692,0.7,0.408,0.35,0.408,0.7,0.692,0.9
562,,0.642,0.65,0.358,0.3,0.358,0.65,0.642,0.85
563,,0.592,0.6,0.308,0.25,0.308,0.6,0.592,0.8
564,,0.542,0.55,0.258,0.2,0.258,0.55,0.542,0.75
565,,0.492,0.5,0.208,0.15,0.208,0.5,0.492,0.7
566,,0.442,0.45,0.158,0.1,0.158,0.45,0.442,0.65
567,,0.392,0.4,0.108,0.05,0.108,0.4,0.392,0.6
568,,0.342,0.35,0.058,0.0,0.058,0.35,0.342,0.55
569,,0.292,0.3,0.008,-0.05,0.008,0.3,0.292,0.5
570,4,0.571,0.65,0.429,0.95,0.429,0.65,0.571,0.75
571,4,0.85,1.0,0.85,1.0,0.85,1.0,0.85,1.0
572,,0.8,0.95,0.8,0.95,0.8,0.95,0.8,0.95
573,,0.75,0.9,0.75,0.9,0.75,0.9,0.75,0.9
574,,0.7,0.85,0.7,0.85,0.7,0.85,0.7,0.85
575,,0.65,0.8,0.65,0.8,0.65,0.8,0.65,0.8
576,,0.6,0.75,0.6,0.75,0.6,0.75,0.6,0.75
577,,0.55,0.7,0.55,0.7,0.55,0.7,0.55,0.7
578,,0.5,0.65,0.5,0.65,0.5,0.65,0.5,0.65
579,,0.45,0.6,0.45,0.6,0.45,0.6,0.45,0.6
580,,0.4,0.55,0.4,0.55,0.4,0.55,0.4,0.55
581,,0.35,0.5,0.35,0.5,0.35,0.5,0.35,0.5
582,,0.3,0.45,0.3,0.45,0.3,0.45,0.3,0.45
583,,0.25,0.4,0.25,0.4,0.25,0.4,0.25,0.4
584,,0.2,0.35,0.2,0.35,0.2,0.35,0.2,0.35
585,,0.15,0.3,0.15,0.3,0.15,0.3,0.15,0.3
586,,0.1,0.25,0.1,0.25,0.1,0.25,0.1,0.25
587,,0.05,0.2,0.05,0.2,0.05,0.2,0.05,0.2
588,,0.0,0.15,0.0,0.15,0.0,0.15,0.0,0.15
589,,-0.05,0.1,-0.05,0.1,-0.05,0.1,-0.05,0.1
590,3,0.3,0.521,0.95,0.521,0.3,0.379,0.2,0.379
591,3,0.65,0.942,1.0,0.942,0.65,0.658,0.45,0.658
592,,0.6,0.892,0.95,0.892,0.6,0.608,0.4,0.608
593,,0.55,0.842,0.9,0.842,0.55,0.558,0.35,0.558
594,,0.5,0.792,0.85,0.792,0.5,0.508,0.3,0.508
595,,0.45,0.742,0.8,0.742,0.45,0.458,0.25,0.458
596,,0.4,0.692,0.75,0.692,0.4,0.408,0.2,0.408
597,,0.35,0.642,0.7,0.642,0.35,0.358,0.15,0.358
598,,0.3,0.592,0.65,0.592,0.3,0.308,0.1,0.308
599,,0.25,0.542,0.6,0.542,0.25,0.258,0.05,0.258
600,,0.2,0.492,0.55,0.492,0.2,0.208,0.0,0.208
601,,0.15,0.442,0.5,0.442,0.15,0.158,-0.05,0.158
602,7,0.5,0.721,0.75,0.721,0.5,0.579,0.95,0.579
603,7,0.85,1.0,1.0,1.0,0.85,1.0,1.0,1.0
604,,0.8,0.95,0.95,0.95,0.8,0.95,0.95,0.95
605,,0.75,0.9,0.9,0.9,0.75,0.9,0.9,0.9
606,,0.7,0.85,0.85,0.85,0.7,0.85,0.85,0.85
607,,0.65,0.8,0.8,0.8,0.65,0.8,0.8,0.8
608,,0.6,0.75,0.75,0.75,0.6,0.75,0.75,0.75
609,,0.55,0.7,0.7,0.7,0.55,0.7,0.7,0.7
610,,0.5,0.65,0.65,0.65,0.5,0.65,0.65,0.65
611,,0.45,0.6,0.6,0.6,0.45,0.6,0.6,0.6
612,,0.4,0.55,0.55,0.55,0.4,0.55,0.55,0.55
613,,0.35,0.5,0.5,0.5,0.35,0.5,0.5,0.5
614,,0.3,0.45,0.45,0.45,0.3,0.45,0.45,0.45
615,,0.25,0.4,0.4,0.4,0.25,0.4,0.4,0.4
616,,0.2,0.35,0.35,0.35,0.2,0.35,0.35,0.35
617,,0.15,0.3,0.3,0.3,0.15,0.3,0.3,0.3
618,,0.1,0.25,0.25,0.25,0.1,0.25,0.25,0.25
619,,0.05,0.2,0.2,0.2,0.05,0.2,0.2,0.2
620,,0.0,0.15,0.15,0.15,0.0,0.15,0.15,0.15
621,,-0.05,0.1,0.1,0.1,-0.05,0.1,0.1,0.1
622,1,0.95,0.521,0.45,0.379,0.2,0.379,0.45,0.521
623,1,1.0,0.942,0.8,0.658,0.45,0.658,0.8,0.942
624,,0.95,0.892,0.75,0.608,0.4,0.608,0.75,0.892
625,,0.9,0.842,0.7,0.558,0.35,0.558,0.7,0.842
626,,0.85,0.792,0.65,0.508,0.3,0.508,0.65,0.792
627,,0.8,0.742,0.6,0.458,0.25,0.458,0.6,0.742
628,,0.75,0.692,0.55,0.408,0.2,0.408,0.55,0.692
629,,0.7,0.642,0.5,0.358,0.15,0.358,0.5,0.642
630,,0.65,0.592,0.45,0.308,0.1,0.308,0.45,0.592
631,,0.6,0.542,0.4,0.258,0.05,0.258,0.4,0.542
632,,0.55,0.492,0.35,0.208,0.0,0.208,0.35,0.492
633,,0.5,0.442,0.3,0.158,-0.05,0.158,0.3,0.442
634,5,0.75,0.721,0.65,0.579,0.95,0.579,0.65,0.721
635,5,1.0,1.0,1.0,1.0,1.0,1.0,1.0,1.0
636,,0.95,0.95,0.95,0.95,0.95,0.95,0.95,0.95
637,,0.9,0.9,0.9,0.9,0.9,0.9,0.9,0.9
638,,0.85,0.85,0.85,0.85,0.85,0.85,0.85,0.85
639,,0.8,0.8,0.8,0.8,0.8,0.8,0.8,0.8
640,,0.75,0.75,0.75,0.75,0.75,0.75,0.75,0.75
641,,0.7,0.7,0.7,0.7,0.7,0.7,0.7,0.7
642,,0.65,0.65,0.65,0.65,0.65,0.65,0.65,0.65
643,,0.6,0.6,0.6,0.6,0.6,0.6,0.6,0.6
644,,0.55,0.55,0.55,0.55,0.55,0.55,0.55,0.55
645,,0.5,0.5,0.5,0.5,0.5,0.5,0.5,0.5
646,,0.45,0.45,0.45,0.45,0.45,0.45,0.45,0.45
647,,0.4,0.4,0.4,0.4,0.4,0.4,0.4,0.4
648,,0.35,0.35,0.35,0.35,0.35,0.35,0.35,0.35
649,,0.3,0.3,0.3,0.3,0.3,0.3,0.3,0.3
650,,0.25,0.25,0.25,0.25,0.25,0.25,0.25,0.25
651,,0.2,0.2,0.2,0.2,0.2,0.2,0.2,0.2
652,,0.15,0.15,0.15,0.15,0.15,0.15,0.15,0.15
653,,0.1,0.1,0.1,0.1,0.1,0.1,0.1,0.1
654,,0.05,0.05,0.05,0.05,0.05,0.05,0.05,0.05
655,,0.0,0.0,0.0,0.0,0.0,0.0,0.0,0.0
656,,-0.05,-0.05,-0.05,-0.05,-0.05,-0.05,-0.05,-0.05
657,6,0.229,0.2,0.229,0.3,0.371,0.95,0.371,0.3
658,6,0.508,0.45,0.508,0.65,0.792,1.0,0.792,0.65
659,,0.458,0.4,0.458,0.6,0.742,0.95,0.742,0.6
660,,0.408,0.35,0.408,0.55,0.692,0.9,0.692,0.55
661,,0.358,0.3,0.358,0.5,0.642,0.85,0.642,0.5
662,,0.308,0.25,0.308,0.45,0.592,0.8,0.592,0.45
663,,0.258,0.2,0.258,0.4,0.542,0.75,0.542,0.4
664,,0.208,0.15,0.208,0.35,0.492,0.7,0.492,0.35
665,,0.158,0.1,0.158,0.3,0.442,0.65,0.442,0.3
666,,0.108,0.05,0.108,0.25,0.392,0.6,0.392,0.25
667,,0.058,0.0,0.058,0.2,0.342,0.55,0.342,0.2
668,,0.008,-0.05,0.008,0.15,0.292,0.5,0.292,0.15
669,2,0.429,0.95,0.429,0.5,0.571,0.75,0.571,0.5
670,2,0.85,1.0,0.85,0.85,0.85,1.0,0.85,0.85
671,,0.8,0.95,0.8,0.8,0.8,0.95,0.8,0.8
672,,0.75,0.9,0.75,0.75,0.75,0.9,0.75,0.75
673,,0.7,0.85,0.7,0.7,0.7,0.85,0.7,0.7
674,,0.65,0.8,0.65,0.65,0.65,0.8,0.65,0.65
675,,0.6,0.75,0.6,0.6,0.6,0.75,0.6,0.6
676,,0.55,0.7,0.55,0.55,0.55,0.7,0.55,0.55
677,,0.5,0.65,0.5,0.5,0.5,0.65,0.5,0.5
678,,0.45,0.6,0.45,0.45,0.45,0.6,0.45,0.45
679,,0.4,0.55,0.4,0.4,0.4,0.55,0.4,0.4
680,,0.35,0.5,0.35,0.35,0.35,0.5,0.35,0.35
681,,0.3,0.45,0.3,0.3,0.3,0.45,0.3,0.3
682,,0.25,0.4,0.25,0.25,0.25,0.4,0.25,0.25
683,,0.2,0.35,0.2,0.2,0.2,0.35,0.2,0.2
684,,0.15,0.3,0.15,0.15,0.15,0.3,0.15,0.15
685,,0.1,0.25,0.1,0.1,0.1,0.25,0.1,0.1
686,,0.05,0.2,0.05,0.05,0.05,0.2,0.05,0.05
687,,0.0,0.15,0.0,0.0,0.0,0.15,0.0,0.0
688,,-0.05,0.1,-0.05,-0.05,-0.05,0.1,-0.05,-0.05
689,3,0.3,0.521,0.95,0.371,0.3,0.379,0.2,0.229
690,3,0.65,0.942,1.0,0.792,0.65,0.658,0.45,0.508
691,,0.6,0.892,0.95,0.742,0.6,0.608,0.4,0.458
692,,0.55,0.842,0.9,0.692,0.55,0.558,0.35,0.408
693,,0.5,0.792,0.85,0.642,0.5,0.508,0.3,0.358
694,,0.45,0.742,0.8,0.592,0.45,0.458,0.25,0.308
695,,0.4,0.692,0.75,0.542,0.4,0.408,0.2,0.258
696,,0.35,0.642,0.7,0.492,0.35,0.358,0.15,0.208
697,,0.3,0.592,0.65,0.442,0.3,0.308,0.1,0.158
698,,0.25,0.542,0.6,0.392,0.25,0.258,0.05,0.108
699,,0.2,0.492,0.55,0.342,0.2,0.208,0.0,0.058
700,,0.15,0.442,0.5,0.292,0.15,0.158,-0.05,0.008
701,7,0.5,0.721,0.75,0.571,0.5,0.579,0.95,0.429
702,7,0.85,1.0,1.0,0.85,0.85,1.0,1.0,0.85
703,,0.8,0.95,0.95,0.8,0.8,0.95,0.95,0.8
704,,0.75,0.9,0.9,0.75,0.75,0.9,0.9,0.75
705,,0.7,0.85,0.85,0.7,0.7,0.85,0.85,0.7
706,,0.65,0.8,0.8,0.65,0.65,0.8,0.8,0.65
707,,0.6,0.75,0.75,0.6,0.6,0.75,0.75,0.6
708,,0.55,0.7,0.7,0.55,0.55,0.7,0.7,0.55
709,,0.5,0.65,0.65,0.5,0.5,0.65,0.65,0.5
710,,0.45,0.6,0.6,0.45,0.45,0.6,0.6,0.45
711,,0.4,0.55,0.55,0.4,0.4,0.55,0.55,0.4
712,,0.35,0.5,0.5,0.35,0.35,0.5,0.5,0.35
713,,0.3,0.45,0.45,0.3,0.3,0.45,0.45,0.3
714,,0.25,0.4,0.4,0.25,0.25,0.4,0.4,0.25
715,,0.2,0.35,0.35,0.2,0.2,0.35,0.35,0.2
716,,0.15,0.3,0.3,0.15,0.15,0.3,0.3,0.15
717,,0.1,0.25,0.25,0.1,0.1,0.25,0.25,0.1
718,,0.05,0.2,0.2,0.05,0.05,0.2,0.2,0.05
719,,0.0,0.15,0.15,0.0,0.0,0.15,0.15,0.0
720,,-0.05,0.1,0.1,-0.05,-0.05,0.1,0.1,-0.05
721,1,0.95,0.521,0.45,0.229,0.2,0.379,0.45,0.371
722,1,1.0,0.942,0.8,0.508,0.45,0.658,0.8,0.792
723,,0.95,0.892,0.75,0.458,0.4,0.608,0.75,0.742
724,,0.9,0.842,0.7,0.408,0.35,0.558,0.7,0.692
725,,0.85,0.792,0.65,0.358,0.3,0.508,0.65,0.642
726,,0.8,0.742,0.6,0.308,0.25,0.458,0.6,0.592
727,,0.75,0.692,0.55,0.258,0.2,0.408,0.55,0.542
728,,0.7,0.642,0.5,0.208,0.15,0.358,0.5,0.492
729,,0.65,0.592,0.45,0.158,0.1,0.308,0.45,0.442
730,,0.6,0.542,0.4,0.108,0.05,0.258,0.4,0.392
731,,0.55,0.492,0.35,0.058,0.0,0.208,0.35,0.342
732,,0.5,0.442,0.3,0.008,-0.05,0.158,0.3,0.292
733,5,0.75,0.721,0.65,0.429,0.95,0.579,0.65,0.571
734,5,1.0,1.0,1.0,0.85,1.0,1.0,1.0,0.85
735,,0.95,0.95,0.95,0.8,0.95,0.95,0.95,0.8
736,,0.9,0.9,0.9,0.75,0.9,0.9,0.9,0.75
737,,0.85,0.85,0.85,0.7,0.85,0.85,0.85,0.7
738,,0.8,0.8,0.8,0.65,0.8,0.8,0.8,0.65
739,,0.75,0.75,0.75,0.6,0.75,0.75,0.75,0.6
740,,0.7,0.7,0.7,0.55,0.7,0.7,0.7,0.55
741,,0.65,0.65,0.65,0.5,0.65,0.65,0.65,0.5
742,,0.6,0.6,0.6,0.45,0.6,0.6,0.6,0.45
743,,0.55,0.55,0.55,0.4,0.55,0.55,0.55,0.4
744,,0.5,0.5,0.5,0.35,0.5,0.5,0.5,0.35
745,,0.45,0.45,0.45,0.3,0.45,0.45,0.45,0.3
746,,0.4,0.4,0.4,0.25,0.4,0.4,0.4,0.25
747,,0.35,0.35,0.35,0.2,0.35,0.35,0.35,0.2
748,,0.3,0.3,0.3,0.15,0.3,0.3,0.3,0.15
749,,0.25,0.25,0.25,0.1,0.25,0.25,0.25,0.1
750,,0.2,0.2,0.2,0.05,0.2,0.2,0.2,0.05
751,,0.15,0.15,0.15,0.0,0.15,0.15,0.15,0.0
752,,0.1,0.1,0.1,-0.05,0.1,0.1,0.1,-0.05
753,4,0.379,0.45,0.521,0.95,0.521,0.45,0.379,0.2
754,4,0.658,0.8,0.942,1.0,0.942,0.8,0.658,0.45
755,,0.608,0.75,0.892,0.95,0.892,0.75,0.608,0.4
756,,0.558,0.7,0.842,0.9,0.842,0.7,0.558,0.35
757,,0.508,0.65,0.792,0.85,0.792,0.65,0.508,0.3
758,,0.458,0.6,0.742,0.8,0.742,0.6,0.458,0.25
759,,0.408,0.55,0.692,0.75,0.692,0.55,0.408,0.2
760,,0.358,0.5,0.642,0.7,0.642,0.5,0.358,0.15
761,,0.308,0.45,0.592,0.65,0.592,0.45,0.308,0.1
762,,0.258,0.4,0.542,0.6,0.542,0.4,0.258,0.05
763,,0.208,0.35,0.492,0.55,0.492,0.35,0.208,0.0
764,,0.158,0.3,0.442,0.5,0.442,0.3,0.158,-0.05
765,8,0.579,0.65,0.721,0.75,0.721,0.65,0.579,0.95
766,8,1.0,1.0,1.0,1.0,1.0,1.0,1.0,1.0
767,,0.95,0.95,0.95,0.95,0.95,0.95,0.95,0.95
768,,0.9,0.9,0.9,0.9,0.9,0.9,0.9,0.9
769,,0.85,0.85,0.85,0.85,0.85,0.85,0.85,0.85
770,,0.8,0.8,0.8,0.8,0.8,0.8,0.8,0.8
771,,0.75,0.75,0.75,0.75,0.75,0.75,0.75,0.75
772,,0.7,0.7,0.7,0.7,0.7,0.7,0.7,0.7
773,,0.65,0.65,0.65,0.65,0.65,0.65,0.65,0.65
774,,0.6,0.6,0.6,0.6,0.6,0.6,0.6,0.6
775,,0.55,0.55,0.55,0.55,0.55,0.55,0.55,0.55
776,,0.5,0.5,0.5,0.5,0.5,0.5,0.5,0.5
777,,0.45,0.45,0.45,0.45,0.45,0.45,0.45,0.45
778,,0.4,0.4,0.4,0.4,0.4,0.4,0.4,0.4
779,,0.35,0.35,0.35,0.35,0.35,0.35,0.35,0.35
780,,0.3,0.3,0.3,0.3,0.3,0.3,0.3,0.3
781,,0.25,0.25,0.25,0.25,0.25,0.25,0.25,0.25
782,,0.2,0.2,0.2,0.2,0.2,0.2,0.2,0.2
783,,0.15,0.15,0.15,0.15,0.15,0.15,0.15,0.15
784,,0.1,0.1,0.1,0.1,0.1,0.1,0.1,0.1
785,,0.05,0.05,0.05,0.05,0.05,0.05,0.05,0.05
786,,0.0,0.0,0.0,0.0,0.0,0.0,0.0,0.0
787,,-0.05,-0.05,-0.05,-0.05,-0.05,-0.05,-0.05,-0.05
788,1,0.95,0.371,0.3,0.229,0.2,0.229,0.3,0.371
789,1,1.0,0.792,0.65,0.508,0.45,0.508,0.65,0.792
790,,0.95,0.742,0.6,0.458,0.4,0.458,0.6,0.742
791,,0.9,0.692,0.55,0.408,0.35,0.408,0.55,0.692
792,,0.85,0.642,0.5,0.358,0.3,0.358,0.5,0.642
793,,0.8,0.592,0.45,0.308,0.25,0.308,0.45,0.592
794,,0.75,0.542,0.4,0.258,0.2,0.258,0.4,0.542
795,,0.7,0.492,0.35,0.208,0.15,0.208,0.35,0.492
796,,0.65,0.442,0.3,0.158,0.1,0.158,0.3,0.442
797,,0.6,0.392,0.25,0.108,0.05,0.108,0.25,0.392
798,,0.55,0.342,0.2,0.058,0.0,0.058,0.2,0.342
799,,0.5,0.292,0.15,0.008,-0.05,0.008,0.15,0.292
800,5,0.75,0.571,0.5,0.429,0.95,0.429,0.5,0.571
801,5,1.0,0.85,0.85,0.85,1.0,0.85,0.85,0.85
802,,0.95,0.8,0.8,0.8,0.95,0.8,0.8,0.8
803,,0.9,0.75,0.75,0.75,0.9,0.75,0.75,0.75
804,,0.85,0.7,0.7,0.7,0.85,0.7,0.7,0.7
805,,0.8,0.65,0.65,0.65,0.8,0.65,0.65,0.65
806,,0.75,0.6,0.6,0.6,0.75,0.6,0.6,0.6
807,,0.7,0.55,0.55,0.55,0.7,0.55,0.55,0.55
808,,0.65,0.5,0.5,0.5,0.65,0.5,0.5,0.5
809,,0.6,0.45,0.45,0.45,0.6,0.45,0.45,0.45
810,,0.55,0.4,0.4,0.4,0.55,0.4,0.4,0.4
811,,0.5,0.35,0.35,0.35,0.5,0.35,0.35,0.35
812,,0.45,0.3,0.3,0.3,0.45,0.3,0.3,0.3
813,,0.4,0.25,0.25,0.25,0.4,0.25,0.25,0.25
814,,0.35,0.2,0.2,0.2,0.35,0.2,0.2,0.2
815,,0.3,0.15,0.15,0.15,0.3,0.15,0.15,0.15
816,,0.25,0.1,0.1,0.1,0.25,0.1,0.1,0.1
817,,0.2,0.05,0.05,0.05,0.2,0.05,0.05,0.05
818,,0.15,0.0,0.0,0.0,0.15,0.0,0.0,0.0
819,,0.1,-0.05,-0.05,-0.05,0.1,-0.05,-0.05,-0.05
820,3,0.45,0.371,0.95,0.371,0.45,0.229,0.2,0.229
821,3,0.8,0.792,1.0,0.792,0.8,0.508,0.45,0.508
822,,0.75,0.742,0.95,0.742,0.75,0.458,0.4,0.458
823,,0.7,0.692,0.9,0.692,0.7,0.408,0.35,0.408
824,,0.65,0.642,0.85,0.642,0.65,0.358,0.3,0.358
825,,0.6,0.592,0.8,0.592,0.6,0.308,0.25,0.308
826,,0.55,0.542,0.75,0.542,0.55,0.258,0.2,0.258
827,,0.5,0.492,0.7,0.492,0.5,0.208,0.15,0.208
828,,0.45,0.442,0.65,0.442,0.45,0.158,0.1,0.158
829,,0.4,0.392,0.6,0.392,0.4,0.108,0.05,0.108
830,,0.35,0.342,0.55,0.342,0.35,0.058,0.0,0.058
831,,0.3,0.292,0.5,0.292,0.3,0.008,-0.05,0.008
832,7,0.65,0.571,0.75,0.571,0.65,0.429,0.95,0.429
833,7,1.0,0.85,1.0,0.85,1.0,0.85,1.0,0.85
834,,0.95,0.8,0.95,0.8,0.95,0.8,0.95,0.8
835,,0.9,0.75,0.9,0.75,0.9,0.75,0.9,0.75
836,,0.85,0.7,0.85,0.7,0.85,0.7,0.85,0.7
837,,0.8,0.65,0.8,0.65,0.8,0.65,0.8,0.65
838,,0.75,0.6,0.75,0.6,0.75,0.6,0.75,0.6
839,,0.7,0.55,0.7,0.55,0.7,0.55,0.7,0.55
840,,0.65,0.5,0.65,0.5,0.65,0.5,0.65,0.5
841,,0.6,0.45,0.6,0.45,0.6,0.45,0.6,0.45
842,,0.55,0.4,0.55,0.4,0.55,0.4,0.55,0.4
843,,0.5,0.35,0.5,0.35,0.5,0.35,0.5,0.35
844,,0.45,0.3,0.45,0.3,0.45,0.3,0.45,0.3
845,,0.4,0.25,0.4,0.25,0.4,0.25,0.4,0.25
846,,0.35,0.2,0.35,0.2,0.35,0.2,0.35,0.2
847,,0.3,0.15,0.3,0.15,0.3,0.15,0.3,0.15
848,,0.25,0.1,0.25,0.1,0.25,0.1,0.25,0.1
849,,0.2,0.05,0.2,0.05,0.2,0.05,0.2,0.05
850,,0.15,0.0,0.15,0.0,0.15,0.0,0.15,0.0
851,,0.1,-0.05,0.1,-0.05,0.1,-0.05,0.1,-0.05
852,2,0.521,0.95,0.521,0.3,0.379,0.2,0.379,0.3
853,2,0.942,1.0,0.942,0.65,0.658,0.45,0.658,0.65
854,,0.892,0.95,0.892,0.6,0.608,0.4,0.608,0.6
855,,0.842,0.9,0.842,0.55,0.558,0.35,0.558,0.55
856,,0.792,0.85,0.792,0.5,0.508,0.3,0.508,0.5
857,,0.742,0.8,0.742,0.45,0.458,0.25,0.458,0.45
858,,0.692,0.75,0.692,0.4,0.408,0.2,0.408,0.4
859,,0.642,0.7,0.642,0.35,0.358,0.15,0.358,0.35
860,,0.592,0.65,0.592,0.3,0.308,0.1,0.308,0.3
861,,0.542,0.6,0.542,0.25,0.258,0.05,0.258,0.25
862,,0.492,0.55,0.492,0.2,0.208,0.0,0.208,0.2
863,,0.442,0.5,0.442,0.15,0.158,-0.05,0.158,0.15
864,6,0.721,0.75,0.721,0.5,0.579,0.95,0.579,0.5
865,6,1.0,1.0,1.0,0.85,1.0,1.0,1.0,0.85
866,,0.95,0.95,0.95,0.8,0.95,0.95,0.95,0.8
867,,0.9,0.9,0.9,0.75,0.9,0.9,0.9,0.75
868,,0.85,0.85,0.85,0.7,0.85,0.85,0.85,0.7
869,,0.8,0.8,0.8,0.65,0.8,0.8,0.8,0.65
870,,0.75,0.75,0.75,0.6,0.75,0.75,0.75,0.6
871,,0.7,0.7,0.7,0.55,0.7,0.7,0.7,0.55
872,,0.65,0.65,0.65,0.5,0.65,0.65,0.65,0.5
873,,0.6,0.6,0.6,0.45,0.6,0.6,0.6,0.45
874,,0.55,0.55,0.55,0.4,0.55,0.55,0.55,0.4
875,,0.5,0.5,0.5,0.35,0.5,0.5,0.5,0.35
876,,0.45,0.45,0.45,0.3,0.45,0.45,0.45,0.3
877,,0.4,0.4,0.4,0.25,0.4,0.4,0.4,0.25
878,,0.35,0.35,0.35,0.2,0.35,0.35,0.35,0.2
879,,0.3,0.3,0.3,0.15,0.3,0.3,0.3,0.15
880,,0.25,0.25,0.25,0.1,0.25,0.25,0.25,0.1
881,,0.2,0.2,0.2,0.05,0.2,0.2,0.2,0.05
