step,active_motive,motive_1,motive_2,motive_3,motive_4,motive_5,motive_6,motive_7,motive_8
0,,0.04509,0.09105,0.0298,0.05236,0.06976,0.07965,0.04593,0.08421
1,,-0.00491,0.04105,-0.0202,0.00236,0.01976,0.02965,-0.00407,0.03421
2,3,0.34509,0.46205,0.9798,0.42336,0.36976,0.30865,0.24593,0.31321
3,3,0.69509,0.88305,1.0,0.84436,0.71976,0.58765,0.49593,0.59221
4,,0.64509,0.83305,0.95,0.79436,0.66976,0.53765,0.44593,0.54221
5,,0.59509,0.78305,0.9,0.74436,0.61976,0.48765,0.39593,0.49221
6,,0.54509,0.73305,0.85,0.69436,0.56976,0.43765,0.34593,0.44221
7,,0.49509,0.68305,0.8,0.64436,0.51976,0.38765,0.29593,0.39221
8,,0.44509,0.63305,0.75,0.59436,0.46976,0.33765,0.24593,0.34221
9,,0.39509,0.58305,0.7,0.54436,0.41976,0.28765,0.19593,0.29221
10,,0.34509,0.53305,0.65,0.49436,0.36976,0.23765,0.14593,0.24221
11,,0.29509,0.48305,0.6,0.44436,0.31976,0.18765,0.09593,0.19221
12,,0.24509,0.43305,0.55,0.39436,0.26976,0.13765,0.04593,0.14221
13,,0.19509,0.38305,0.5,0.34436,0.21976,0.08765,-0.00407,0.09221
14,7,0.54509,0.66205,0.75,0.62336,0.56976,0.50865,0.99593,0.51321
15,7,0.89509,0.94105,1.0,0.90236,0.91976,0.92965,1.0,0.93421
16,,0.84509,0.89105,0.95,0.85236,0.86976,0.87965,0.95,0.88421
17,,0.79509,0.84105,0.9,0.80236,0.81976,0.82965,0.9,0.83421
18,,0.74509,0.79105,0.85,0.75236,0.76976,0.77965,0.85,0.78421
19,,0.69509,0.74105,0.8,0.70236,0.71976,0.72965,0.8,0.73421
20,,0.64509,0.69105,0.75,0.65236,0.66976,0.67965,0.75,0.68421
21,,0.59509,0.64105,0.7,0.60236,0.61976,0.62965,0.7,0.63421
22,,0.54509,0.59105,0.65,0.55236,0.56976,0.57965,0.65,0.58421
23,,0.49509,0.54105,0.6,0.50236,0.51976,0.52965,0.6,0.53421
24,,0.44509,0.49105,0.55,0.45236,0.46976,0.47965,0.55,0.48421
25,,0.39509,0.44105,0.5,0.40236,0.41976,0.42965,0.5,0.43421
26,,0.34509,0.39105,0.45,0.35236,0.36976,0.37965,0.45,0.38421
27,,0.29509,0.34105,0.4,0.30236,0.31976,0.32965,0.4,0.33421
28,,0.24509,0.29105,0.35,0.25236,0.26976,0.27965,0.35,0.28421
29,,0.19509,0.24105,0.3,0.20236,0.21976,0.22965,0.3,0.23421
30,,0.14509,0.19105,0.25,0.15236,0.16976,0.17965,0.25,0.18421
31,,0.09509,0.14105,0.2,0.10236,0.11976,0.12965,0.2,0.13421
32,,0.04509,0.09105,0.15,0.05236,0.06976,0.07965,0.15,0.08421
33,,-0.00491,0.04105,0.1,0.00236,0.01976,0.02965,0.1,0.03421
34,1,0.99509,0.46205,0.45,0.28136,0.26976,0.30865,0.45,0.45521
35,1,1.0,0.88305,0.8,0.56036,0.51976,0.58765,0.8,0.87621
36,,0.95,0.83305,0.75,0.51036,0.46976,0.53765,0.75,0.82621
37,,0.9,0.78305,0.7,0.46036,0.41976,0.48765,0.7,0.77621
38,,0.85,0.73305,0.65,0.41036,0.36976,0.43765,0.65,0.72621
39,,0.8,0.68305,0.6,0.36036,0.31976,0.38765,0.6,0.67621
40,,0.75,0.63305,0.55,0.31036,0.26976,0.33765,0.55,0.62621
41,,0.7,0.58305,0.5,0.26036,0.21976,0.28765,0.5,0.57621
42,,0.65,0.53305,0.45,0.21036,0.16976,0.23765,0.45,0.52621
43,,0.6,0.48305,0.4,0.16036,0.11976,0.18765,0.4,0.47621
44,,0.55,0.43305,0.35,0.11036,0.06976,0.13765,0.35,0.42621
45,,0.5,0.38305,0.3,0.06036,0.01976,0.08765,0.3,0.37621
46,,0.45,0.33305,0.25,0.01036,-0.03024,0.03765,0.25,0.32621
47,5,0.7,0.61205,0.6,0.43136,0.96976,0.45865,0.6,0.60521
48,5,0.95,0.89105,0.95,0.85236,1.0,0.87965,0.95,0.88421
49,,0.9,0.84105,0.9,0.80236,0.95,0.82965,0.9,0.83421
50,,0.85,0.79105,0.85,0.75236,0.9,0.77965,0.85,0.78421
51,,0.8,0.74105,0.8,0.70236,0.85,0.72965,0.8,0.73421
52,,0.75,0.69105,0.75,0.65236,0.8,0.67965,0.75,0.68421
53,,0.7,0.64105,0.7,0.60236,0.75,0.62965,0.7,0.63421
54,,0.65,0.59105,0.65,0.55236,0.7,0.57965,0.65,0.58421
55,,0.6,0.54105,0.6,0.50236,0.65,0.52965,0.6,0.53421
56,,0.55,0.49105,0.55,0.45236,0.6,0.47965,0.55,0.48421
57,,0.5,0.44105,0.5,0.40236,0.55,0.42965,0.5,0.43421
58,,0.45,0.39105,0.45,0.35236,0.5,0.37965,0.45,0.38421
59,,0.4,0.34105,0.4,0.30236,0.45,0.32965,0.4,0.33421
60,,0.35,0.29105,0.35,0.25236,0.4,0.27965,0.35,0.28421
61,,0.3,0.24105,0.3,0.20236,0.35,0.22965,0.3,0.23421
62,,0.25,0.19105,0.25,0.15236,0.3,0.17965,0.25,0.18421
63,,0.2,0.14105,0.2,0.10236,0.25,0.12965,0.2,0.13421
64,,0.15,0.09105,0.15,0.05236,0.2,0.07965,0.15,0.08421
65,,0.1,0.04105,0.1,0.00236,0.15,0.02965,0.1,0.03421
66,,0.05,-0.00895,0.05,-0.04764,0.1,-0.02035,0.05,-0.01579
67,4,0.329,0.34105,0.471,0.95236,0.521,0.32965,0.329,0.23421
68,4,0.608,0.69105,0.892,1.0,0.942,0.67965,0.608,0.48421
69,,0.558,0.64105,0.842,0.95,0.892,0.62965,0.558,0.43421
70,,0.508,0.59105,0.792,0.9,0.842,0.57965,0.508,0.38421
71,,0.458,0.54105,0.742,0.85,0.792,0.52965,0.458,0.33421
72,,0.408,0.49105,0.692,0.8,0.742,0.47965,0.408,0.28421
73,,0.358,0.44105,0.642,0.75,0.692,0.42965,0.358,0.23421
74,,0.308,0.39105,0.592,0.7,0.642,0.37965,0.308,0.18421
75,,0.258,0.34105,0.542,0.65,0.592,0.32965,0.258,0.13421
76,,0.208,0.29105,0.492,0.6,0.542,0.27965,0.208,0.08421
77,,0.158,0.24105,0.442,0.55,0.492,0.22965,0.158,0.03421
78,,0.108,0.19105,0.392,0.5,0.442,0.17965,0.108,-0.01579
79,8,0.529,0.54105,0.671,0.75,0.721,0.52965,0.529,0.98421
80,8,0.95,0.89105,0.95,1.0,1.0,0.87965,0.95,1.0
81,,0.9,0.84105,0.9,0.95,0.95,0.82965,0.9,0.95
82,,0.85,0.79105,0.85,0.9,0.9,0.77965,0.85,0.9
83,,0.8,0.74105,0.8,0.85,0.85,0.72965,0.8,0.85
84,,0.75,0.69105,0.75,0.8,0.8,0.67965,0.75,0.8
85,,0.7,0.64105,0.7,0.75,0.75,0.62965,0.7,0.75
86,,0.65,0.59105,0.65,0.7,0.7,0.57965,0.65,0.7
87,,0.6,0.54105,0.6,0.65,0.65,0.52965,0.6,0.65
88,,0.55,0.49105,0.55,0.6,0.6,0.47965,0.55,0.6
89,,0.5,0.44105,0.5,0.55,0.55,0.42965,0.5,0.55
90,,0.45,0.39105,0.45,0.5,0.5,0.37965,0.45,0.5
91,,0.4,0.34105,0.4,0.45,0.45,0.32965,0.4,0.45
92,,0.35,0.29105,0.35,0.4,0.4,0.27965,0.35,0.4
93,,0.3,0.24105,0.3,0.35,0.35,0.22965,0.3,0.35
94,,0.25,0.19105,0.25,0.3,0.3,0.17965,0.25,0.3
95,,0.2,0.14105,0.2,0.25,0.25,0.12965,0.2,0.25
96,,0.15,0.09105,0.15,0.2,0.2,0.07965,0.15,0.2
97,,0.1,0.04105,0.1,0.15,0.15,0.02965,0.1,0.15
98,,0.05,-0.00895,0.05,0.1,0.1,-0.02035,0.05,0.1
99,6,0.329,0.24105,0.329,0.45,0.521,0.97965,0.471,0.45
100,6,0.608,0.49105,0.608,0.8,0.942,1.0,0.892,0.8
101,,0.558,0.44105,0.558,0.75,0.892,0.95,0.842,0.75
102,,0.508,0.39105,0.508,0.7,0.842,0.9,0.792,0.7
103,,0.458,0.34105,0.458,0.65,0.792,0.85,0.742,0.65
104,,0.408,0.29105,0.408,0.6,0.742,0.8,0.692,0.6
105,,0.358,0.24105,0.358,0.55,0.692,0.75,0.642,0.55
106,,0.308,0.19105,0.308,0.5,0.642,0.7,0.592,0.5
107,,0.258,0.14105,0.258,0.45,0.592,0.65,0.542,0.45
108,,0.208,0.09105,0.208,0.4,0.542,0.6,0.492,0.4
109,,0.158,0.04105,0.158,0.35,0.492,0.55,0.442,0.35
110,,0.108,-0.00895,0.108,0.3,0.442,0.5,0.392,0.3
111,2,0.529,0.99105,0.529,0.65,0.721,0.75,0.671,0.65
112,2,0.95,1.0,0.95,1.0,1.0,1.0,0.95,1.0
113,,0.9,0.95,0.9,0.95,0.95,0.95,0.9,0.95
114,,0.85,0.9,0.85,0.9,0.9,0.9,0.85,0.9
115,,0.8,0.85,0.8,0.85,0.85,0.85,0.8,0.85
116,,0.75,0.8,0.75,0.8,0.8,0.8,0.75,0.8
117,,0.7,0.75,0.7,0.75,0.75,0.75,0.7,0.75
118,,0.65,0.7,0.65,0.7,0.7,0.7,0.65,0.7
119,,0.6,0.65,0.6,0.65,0.65,0.65,0.6,0.65
120,,0.55,0.6,0.55,0.6,0.6,0.6,0.55,0.6
121,,0.5,0.55,0.5,0.55,0.55,0.55,0.5,0.55
122,,0.45,0.5,0.45,0.5,0.5,0.5,0.45,0.5
123,,0.4,0.45,0.4,0.45,0.45,0.45,0.4,0.45
124,,0.35,0.4,0.35,0.4,0.4,0.4,0.35,0.4
125,,0.3,0.35,0.3,0.35,0.35,0.35,0.3,0.35
126,,0.25,0.3,0.25,0.3,0.3,0.3,0.25,0.3
127,,0.2,0.25,0.2,0.25,0.25,0.25,0.2,0.25
128,,0.15,0.2,0.15,0.2,0.2,0.2,0.15,0.2
129,,0.1,0.15,0.1,0.15,0.15,0.15,0.1,0.15
130,,0.05,0.1,0.05,0.1,0.1,0.1,0.05,0.1
131,,0.0,0.05,0.0,0.05,0.05,0.05,0.0,0.05
132,,-0.05,0.0,-0.05,0.0,0.0,0.0,-0.05,0.0
133,1,0.95,0.421,0.3,0.279,0.25,0.279,0.3,0.421
134,1,1.0,0.842,0.65,0.558,0.5,0.558,0.65,0.842
135,,0.95,0.792,0.6,0.508,0.45,0.508,0.6,0.792
136,,0.9,0.742,0.55,0.458,0.4,0.458,0.55,0.742
137,,0.85,0.692,0.5,0.408,0.35,0.408,0.5,0.692
138,,0.8,0.642,0.45,0.358,0.3,0.358,0.45,0.642
139,,0.75,0.592,0.4,0.308,0.25,0.308,0.4,0.592
140,,0.7,0.542,0.35,0.258,0.2,0.258,0.35,0.542
141,,0.65,0.492,0.3,0.208,0.15,0.208,0.3,0.492
142,,0.6,0.442,0.25,0.158,0.1,0.158,0.25,0.442
143,,0.55,0.392,0.2,0.108,0.05,0.108,0.2,0.392
144,,0.5,0.342,0.15,0.058,0.0,0.058,0.15,0.342
145,,0.45,0.292,0.1,0.008,-0.05,0.008,0.1,0.292
146,5,0.7,0.571,0.45,0.429,0.95,0.429,0.45,0.571
147,5,0.95,0.85,0.8,0.85,1.0,0.85,0.8,0.85
148,,0.9,0.8,0.75,0.8,0.95,0.8,0.75,0.8
149,,0.85,0.75,0.7,0.75,0.9,0.75,0.7,0.75
150,,0.8,0.7,0.65,0.7,0.85,0.7,0.65,0.7
151,,0.75,0.65,0.6,0.65,0.8,0.65,0.6,0.65
152,,0.7,0.6,0.55,0.6,0.75,0.6,0.55,0.6
153,,0.65,0.55,0.5,0.55,0.7,0.55,0.5,0.55
154,,0.6,0.5,0.45,0.5,0.65,0.5,0.45,0.5
155,,0.55,0.45,0.4,0.45,0.6,0.45,0.4,0.45
156,,0.5,0.4,0.35,0.4,0.55,0.4,0.35,0.4
157,,0.45,0.35,0.3,0.35,0.5,0.35,0.3,0.35
158,,0.4,0.3,0.25,0.3,0.45,0.3,0.25,0.3
159,,0.35,0.25,0.2,0.25,0.4,0.25,0.2,0.25
160,,0.3,0.2,0.15,0.2,0.35,0.2,0.15,0.2
161,,0.25,0.15,0.1,0.15,0.3,0.15,0.1,0.15
162,,0.2,0.1,0.05,0.1,0.25,0.1,0.05,0.1
163,,0.15,0.05,0.0,0.05,0.2,0.05,0.0,0.05
164,,0.1,0.0,-0.05,0.0,0.15,0.0,-0.05,0.0
165,7,0.45,0.279,0.2,0.279,0.5,0.421,0.95,0.421
166,7,0.8,0.558,0.45,0.558,0.85,0.842,1.0,0.842
167,,0.75,0.508,0.4,0.508,0.8,0.792,0.95,0.792
168,,0.7,0.458,0.35,0.458,0.75,0.742,0.9,0.742
169,,0.65,0.408,0.3,0.408,0.7,0.692,0.85,0.692
170,,0.6,0.358,0.25,0.358,0.65,0.642,0.8,0.642
171,,0.55,0.308,0.2,0.308,0.6,0.592,0.75,0.592
172,,0.5,0.258,0.15,0.258,0.55,0.542,0.7,0.542
173,,0.45,0.208,0.1,0.208,0.5,0.492,0.65,0.492
174,,0.4,0.158,0.05,0.158,0.45,0.442,0.6,0.442
175,,0.35,0.108,0.0,0.108,0.4,0.392,0.55,0.392
176,,0.3,0.058,-0.05,0.058,0.35,0.342,0.5,0.342
177,3,0.65,0.479,0.95,0.479,0.7,0.621,0.75,0.621
178,3,1.0,0.9,1.0,0.9,1.0,0.9,1.0,0.9
179,,0.95,0.85,0.95,0.85,0.95,0.85,0.95,0.85
180,,0.9,0.8,0.9,0.8,0.9,0.8,0.9,0.8
181,,0.85,0.75,0.85,0.75,0.85,0.75,0.85,0.75
182,,0.8,0.7,0.8,0.7,0.8,0.7,0.8,0.7
183,,0.75,0.65,0.75,0.65,0.75,0.65,0.75,0.65
184,,0.7,0.6,0.7,0.6,0.7,0.6,0.7,0.6
185,,0.65,0.55,0.65,0.55,0.65,0.55,0.65,0.55
186,,0.6,0.5,0.6,0.5,0.6,0.5,0.6,0.5
187,,0.55,0.45,0.55,0.45,0.55,0.45,0.55,0.45
188,,0.5,0.4,0.5,0.4,0.5,0.4,0.5,0.4
189,,0.45,0.35,0.45,0.35,0.45,0.35,0.45,0.35
190,,0.4,0.3,0.4,0.3,0.4,0.3,0.4,0.3
191,,0.35,0.25,0.35,0.25,0.35,0.25,0.35,0.25
192,,0.3,0.2,0.3,0.2,0.3,0.2,0.3,0.2
193,,0.25,0.15,0.25,0.15,0.25,0.15,0.25,0.15
194,,0.2,0.1,0.2,0.1,0.2,0.1,0.2,0.1
195,,0.15,0.05,0.15,0.05,0.15,0.05,0.15,0.05
196,,0.1,0.0,0.1,0.0,0.1,0.0,0.1,0.0
197,,0.05,-0.05,0.05,-0.05,0.05,-0.05,0.05,-0.05
198,8,0.471,0.3,0.329,0.2,0.329,0.3,0.471,0.95
199,8,0.892,0.65,0.608,0.45,0.608,0.65,0.892,1.0
200,,0.842,0.6,0.558,0.4,0.558,0.6,0.842,0.95
201,,0.792,0.55,0.508,0.35,0.508,0.55,0.792,0.9
202,,0.742,0.5,0.458,0.3,0.458,0.5,0.742,0.85
203,,0.692,0.45,0.408,0.25,0.408,0.45,0.692,0.8
204,,0.642,0.4,0.358,0.2,0.358,0.4,0.642,0.75
205,,0.592,0.35,0.308,0.15,0.308,0.35,0.592,0.7
206,,0.542,0.3,0.258,0.1,0.258,0.3,0.542,0.65
207,,0.492,0.25,0.208,0.05,0.208,0.25,0.492,0.6
208,,0.442,0.2,0.158,0.0,0.158,0.2,0.442,0.55
209,,0.392,0.15,0.108,-0.05,0.108,0.15,0.392,0.5
210,4,0.671,0.5,0.529,0.95,0.529,0.5,0.671,0.75
211,4,0.95,0.85,0.95,1.0,0.95,0.85,0.95,1.0
212,,0.9,0.8,0.9,0.95,0.9,0.8,0.9,0.95
213,,0.85,0.75,0.85,0.9,0.85,0.75,0.85,0.9
214,,0.8,0.7,0.8,0.85,0.8,0.7,0.8,0.85
215,,0.75,0.65,0.75,0.8,0.75,0.65,0.75,0.8
216,,0.7,0.6,0.7,0.75,0.7,0.6,0.7,0.75
217,,0.65,0.55,0.65,0.7,0.65,0.55,0.65,0.7
218,,0.6,0.5,0.6,0.65,0.6,0.5,0.6,0.65
219,,0.55,0.45,0.55,0.6,0.55,0.45,0.55,0.6
220,,0.5,0.4,0.5,0.55,0.5,0.4,0.5,0.55
221,,0.45,0.35,0.45,0.5,0.45,0.35,0.45,0.5
222,,0.4,0.3,0.4,0.45,0.4,0.3,0.4,0.45
223,,0.35,0.25,0.35,0.4,0.35,0.25,0.35,0.4
224,,0.3,0.2,0.3,0.35,0.3,0.2,0.3,0.35
225,,0.25,0.15,0.25,0.3,0.25,0.15,0.25,0.3
226,,0.2,0.1,0.2,0.25,0.2,0.1,0.2,0.25
227,,0.15,0.05,0.15,0.2,0.15,0.05,0.15,0.2
228,,0.1,0.0,0.1,0.15,0.1,0.0,0.1,0.15
229,,0.05,-0.05,0.05,0.1,0.05,-0.05,0.05,0.1
230,6,0.329,0.2,0.329,0.45,0.471,0.95,0.471,0.45
231,6,0.608,0.45,0.608,0.8,0.892,1.0,0.892,0.8
232,,0.558,0.4,0.558,0.75,0.842,0.95,0.842,0.75
233,,0.508,0.35,0.508,0.7,0.792,0.9,0.792,0.7
234,,0.458,0.3,0.458,0.65,0.742,0.85,0.742,0.65
235,,0.408,0.25,0.408,0.6,0.692,0.8,0.692,0.6
236,,0.358,0.2,0.358,0.55,0.642,0.75,0.642,0.55
237,,0.308,0.15,0.308,0.5,0.592,0.7,0.592,0.5
238,,0.258,0.1,0.258,0.45,0.542,0.65,0.542,0.45
239,,0.208,0.05,0.208,0.4,0.492,0.6,0.492,0.4
240,,0.158,0.0,0.158,0.35,0.442,0.55,0.442,0.35
241,,0.108,-0.05,0.108,0.3,0.392,0.5,0.392,0.3
242,2,0.529,0.95,0.529,0.65,0.671,0.75,0.671,0.65
243,2,0.95,1.0,0.95,1.0,0.95,1.0,0.95,1.0
244,,0.9,0.95,0.9,0.95,0.9,0.95,0.9,0.95
245,,0.85,0.9,0.85,0.9,0.85,0.9,0.85,0.9
246,,0.8,0.85,0.8,0.85,0.8,0.85,0.8,0.85
247,,0.75,0.8,0.75,0.8,0.75,0.8,0.75,0.8
248,,0.7,0.75,0.7,0.75,0.7,0.75,0.7,0.75
249,,0.65,0.7,0.65,0.7,0.65,0.7,0.65,0.7
250,,0.6,0.65,0.6,0.65,0.6,0.65,0.6,0.65
251,,0.55,0.6,0.55,0.6,0.55,0.6,0.55,0.6
252,,0.5,0.55,0.5,0.55,0.5,0.55,0.5,0.55
253,,0.45,0.5,0.45,0.5,0.45,0.5,0.45,0.5
254,,0.4,0.45,0.4,0.45,0.4,0.45,0.4,0.45
255,,0.35,0.4,0.35,0.4,0.35,0.4,0.35,0.4
256,,0.3,0.35,0.3,0.35,0.3,0.35,0.3,0.35
257,,0.25,0.3,0.25,0.3,0.25,0.3,0.25,0.3
258,,0.2,0.25,0.2,0.25,0.2,0.25,0.2,0.25
259,,0.15,0.2,0.15,0.2,0.15,0.2,0.15,0.2
260,,0.1,0.15,0.1,0.15,0.1,0.15,0.1,0.15
261,,0.05,0.1,0.05,0.1,0.05,0.1,0.05,0.1
262,,0.0,0.05,0.0,0.05,0.0,0.05,0.0,0.05
263,,-0.05,0.0,-0.05,0.0,-0.05,0.0,-0.05,0.0
264,1,0.95,0.421,0.3,0.279,0.2,0.279,0.3,0.421
265,1,1.0,0.842,0.65,0.558,0.45,0.558,0.65,0.842
266,,0.95,0.792,0.6,0.508,0.4,0.508,0.6,0.792
267,,0.9,0.742,0.55,0.458,0.35,0.458,0.55,0.742
268,,0.85,0.692,0.5,0.408,0.3,0.408,0.5,0.692
269,,0.8,0.642,0.45,0.358,0.25,0.358,0.45,0.642
270,,0.75,0.592,0.4,0.308,0.2,0.308,0.4,0.592
271,,0.7,0.542,0.35,0.258,0.15,0.258,0.35,0.542
272,,0.65,0.492,0.3,0.208,0.1,0.208,0.3,0.492
273,,0.6,0.442,0.25,0.158,0.05,0.158,0.25,0.442
274,,0.55,0.392,0.2,0.108,0.0,0.108,0.2,0.392
275,,0.5,0.342,0.15,0.058,-0.05,0.058,0.15,0.342
276,5,0.75,0.621,0.5,0.479,0.95,0.479,0.5,0.621
277,5,1.0,0.9,0.85,0.9,1.0,0.9,0.85,0.9
278,,0.95,0.85,0.8,0.85,0.95,0.85,0.8,0.85
279,,0.9,0.8,0.75,0.8,0.9,0.8,0.75,0.8
280,,0.85,0.75,0.7,0.75,0.85,0.75,0.7,0.75
281,,0.8,0.7,0.65,0.7,0.8,0.7,0.65,0.7
282,,0.75,0.65,0.6,0.65,0.75,0.65,0.6,0.65
283,,0.7,0.6,0.55,0.6,0.7,0.6,0.55,0.6
284,,0.65,0.55,0.5,0.55,0.65,0.55,0.5,0.55
285,,0.6,0.5,0.45,0.5,0.6,0.5,0.45,0.5
286,,0.55,0.45,0.4,0.45,0.55,0.45,0.4,0.45
287,,0.5,0.4,0.35,0.4,0.5,0.4,0.35,0.4
288,,0.45,0.35,0.3,0.35,0.45,0.35,0.3,0.35
289,,0.4,0.3,0.25,0.3,0.4,0.3,0.25,0.3
290,,0.35,0.25,0.2,0.25,0.35,0.25,0.2,0.25
291,,0.3,0.2,0.15,0.2,0.3,0.2,0.15,0.2
292,,0.25,0.15,0.1,0.15,0.25,0.15,0.1,0.15
293,,0.2,0.1,0.05,0.1,0.2,0.1,0.05,0.1
294,,0.15,0.05,0.0,0.05,0.15,0.05,0.0,0.05
295,,0.1,0.0,-0.05,0.0,0.1,0.0,-0.05,0.0
296,7,0.45,0.279,0.2,0.279,0.45,0.421,0.95,0.421
297,7,0.8,0.558,0.45,0.558,0.8,0.842,1.0,0.842
298,,0.75,0.508,0.4,0.508,0.75,0.792,0.95,0.792
299,,0.7,0.458,0.35,0.458,0.7,0.742,0.9,0.742
300,,0.65,0.408,0.3,0.408,0.65,0.692,0.85,0.692
301,,0.6,0.358,0.25,0.358,0.6,0.642,0.8,0.642
302,,0.55,0.308,0.2,0.308,0.55,0.592,0.75,0.592
303,,0.5,0.258,0.15,0.258,0.5,0.542,0.7,0.542
304,,0.45,0.208,0.1,0.208,0.45,0.492,0.65,0.492
305,,0.4,0.158,0.05,0.158,0.4,0.442,0.6,0.442
306,,0.35,0.108,0.0,0.108,0.35,0.392,0.55,0.392
307,,0.3,0.058,-0.05,0.058,0.3,0.342,0.5,0.342
308,3,0.65,0.479,0.95,0.479,0.65,0.621,0.75,0.621
309,3,1.0,0.9,1.0,0.9,1.0,0.9,1.0,0.9
310,,0.95,0.85,0.95,0.85,0.95,0.85,0.95,0.85
311,,0.9,0.8,0.9,0.8,0.9,0.8,0.9,0.8
312,,0.85,0.75,0.85,0.75,0.85,0.75,0.85,0.75
313,,0.8,0.7,0.8,0.7,0.8,0.7,0.8,0.7
314,,0.75,0.65,0.75,0.65,0.75,0.65,0.75,0.65
315,,0.7,0.6,0.7,0.6,0.7,0.6,0.7,0.6
316,,0.65,0.55,0.65,0.55,0.65,0.55,0.65,0.55
317,,0.6,0.5,0.6,0.5,0.6,0.5,0.6,0.5
318,,0.55,0.45,0.55,0.45,0.55,0.45,0.55,0.45
319,,0.5,0.4,0.5,0.4,0.5,0.4,0.5,0.4
320,,0.45,0.35,0.45,0.35,0.45,0.35,0.45,0.35
321,,0.4,0.3,0.4,0.3,0.4,0.3,0.4,0.3
322,,0.35,0.25,0.35,0.25,0.35,0.25,0.35,0.25
323,,0.3,0.2,0.3,0.2,0.3,0.2,0.3,0.2
324,,0.25,0.15,0.25,0.15,0.25,0.15,0.25,0.15
325,,0.2,0.1,0.2,0.1,0.2,0.1,0.2,0.1
326,,0.15,0.05,0.15,0.05,0.15,0.05,0.15,0.05
327,,0.1,0.0,0.1,0.0,0.1,0.0,0.1,0.0
328,,0.05,-0.05,0.05,-0.05,0.05,-0.05,0.05,-0.05
329,4,0.329,0.3,0.471,0.95,0.471,0.3,0.329,0.2
330,4,0.608,0.65,0.892,1.0,0.892,0.65,0.608,0.45
331,,0.558,0.6,0.842,0.95,0.842,0.6,0.558,0.4
332,,0.508,0.55,0.792,0.9,0.792,0.55,0.508,0.35
333,,0.458,0.5,0.742,0.85,0.742,0.5,0.458,0.3
334,,0.408,0.45,0.692,0.8,0.692,0.45,0.408,0.25
335,,0.358,0.4,0.642,0.75,0.642,0.4,0.358,0.2
336,,0.308,0.35,0.592,0.7,0.592,0.35,0.308,0.15
337,,0.258,0.3,0.542,0.65,0.542,0.3,0.258,0.1
338,,0.208,0.25,0.492,0.6,0.492,0.25,0.208,0.05
339,,0.158,0.2,0.442,0.55,0.442,0.2,0.158,0.0
340,,0.108,0.15,0.392,0.5,0.392,0.15,0.108,-0.05
341,8,0.529,0.5,0.671,0.75,0.671,0.5,0.529,0.95
342,8,0.95,0.85,0.95,1.0,0.95,0.85,0.95,1.0
343,,0.9,0.8,0.9,0.95,0.9,0.8,0.9,0.95
344,,0.85,0.75,0.85,0.9,0.85,0.75,0.85,0.9
345,,0.8,0.7,0.8,0.85,0.8,0.7,0.8,0.85
346,,0.75,0.65,0.75,0.8,0.75,0.65,0.75,0.8
347,,0.7,0.6,0.7,0.75,0.7,0.6,0.7,0.75
348,,0.65,0.55,0.65,0.7,0.65,0.55,0.65,0.7
349,,0.6,0.5,0.6,0.65,0.6,0.5,0.6,0.65
350,,0.55,0.45,0.55,0.6,0.55,0.45,0.55,0.6
351,,0.5,0.4,0.5,0.55,0.5,0.4,0.5,0.55
352,,0.45,0.35,0.45,0.5,0.45,0.35,0.45,0.5
353,,0.4,0.3,0.4,0.45,0.4,0.3,0.4,0.45
354,,0.35,0.25,0.35,0.4,0.35,0.25,0.35,0.4
355,,0.3,0.2,0.3,0.35,0.3,0.2,0.3,0.35
356,,0.25,0.15,0.25,0.3,0.25,0.15,0.25,0.3
357,,0.2,0.1,0.2,0.25,0.2,0.1,0.2,0.25
358,,0.15,0.05,0.15,0.2,0.15,0.05,0.15,0.2
359,,0.1,0.0,0.1,0.15,0.1,0.0,0.1,0.15
360,,0.05,-0.05,0.05,0.1,0.05,-0.05,0.05,0.1
361,2,0.471,0.95,0.471,0.45,0.329,0.2,0.329,0.45
362,2,0.892,1.0,0.892,0.8,0.608,0.45,0.608,0.8
363,,0.842,0.95,0.842,0.75,0.558,0.4,0.558,0.75
364,,0.792,0.9,0.792,0.7,0.508,0.35,0.508,0.7
365,,0.742,0.85,0.742,0.65,0.458,0.3,0.458,0.65
366,,0.692,0.8,0.692,0.6,0.408,0.25,0.408,0.6
367,,0.642,0.75,0.642,0.55,0.358,0.2,0.358,0.55
368,,0.592,0.7,0.592,0.5,0.308,0.15,0.308,0.5
369,,0.542,0.65,0.542,0.45,0.258,0.1,0.258,0.45
370,,0.492,0.6,0.492,0.4,0.208,0.05,0.208,0.4
371,,0.442,0.55,0.442,0.35,0.158,0.0,0.158,0.35
372,,0.392,0.5,0.392,0.3,0.108,-0.05,0.108,0.3
373,6,0.671,0.75,0.671,0.65,0.529,0.95,0.529,0.65
374,6,0.95,1.0,0.95,1.0,0.95,1.0,0.95,1.0
375,,0.9,0.95,0.9,0.95,0.9,0.95,0.9,0.95
376,,0.85,0.9,0.85,0.9,0.85,0.9,0.85,0.9
377,,0.8,0.85,0.8,0.85,0.8,0.85,0.8,0.85
378,,0.75,0.8,0.75,0.8,0.75,0.8,0.75,0.8
379,,0.7,0.75,0.7,0.75,0.7,0.75,0.7,0.75
380,,0.65,0.7,0.65,0.7,0.65,0.7,0.65,0.7
381,,0.6,0.65,0.6,0.65,0.6,0.65,0.6,0.65
382,,0.55,0.6,0.55,0.6,0.55,0.6,0.55,0.6
383,,0.5,0.55,0.5,0.55,0.5,0.55,0.5,0.55
384,,0.45,0.5,0.45,0.5,0.45,0.5,0.45,0.5
385,,0.4,0.45,0.4,0.45,0.4,0.45,0.4,0.45
386,,0.35,0.4,0.35,0.4,0.35,0.4,0.35,0.4
387,,0.3,0.35,0.3,0.35,0.3,0.35,0.3,0.35
388,,0.25,0.3,0.25,0.3,0.25,0.3,0.25,0.3
389,,0.2,0.25,0.2,0.25,0.2,0.25,0.2,0.25
390,,0.15,0.2,0.15,0.2,0.15,0.2,0.15,0.2
391,,0.1,0.15,0.1,0.15,0.1,0.15,0.1,0.15
392,,0.05,0.1,0.05,0.1,0.05,0.1,0.05,0.1
393,,0.0,0.05,0.0,0.05,0.0,0.05,0.0,0.05
394,,-0.05,0.0,-0.05,0.0,-0.05,0.0,-0.05,0.0
395,3,0.3,0.421,0.95,0.421,0.3,0.279,0.2,0.279
396,3,0.65,0.842,1.0,0.842,0.65,0.558,0.45,0.558
397,,0.6,0.792,0.95,0.792,0.6,0.508,0.4,0.508
398,,0.55,0.742,0.9,0.742,0.55,0.458,0.35,0.458
399,,0.5,0.692,0.85,0.692,0.5,0.408,0.3,0.408
400,,0.45,0.642,0.8,0.642,0.45,0.358,0.25,0.358
401,,0.4,0.592,0.75,0.592,0.4,0.308,0.2,0.308
402,,0.35,0.542,0.7,0.542,0.35,0.258,0.15,0.258
403,,0.3,0.492,0.65,0.492,0.3,0.208,0.1,0.208
404,,0.25,0.442,0.6,0.442,0.25,0.158,0.05,0.158
405,,0.2,0.392,0.55,0.392,0.2,0.108,0.0,0.108
406,,0.15,0.342,0.5,0.342,0.15,0.058,-0.05,0.058
407,7,0.5,0.621,0.75,0.621,0.5,0.479,0.95,0.479
408,7,0.85,0.9,1.0,0.9,0.85,0.9,1.0,0.9
409,,0.8,0.85,0.95,0.85,0.8,0.85,0.95,0.85
410,,0.75,0.8,0.9,0.8,0.75,0.8,0.9,0.8
411,,0.7,0.75,0.85,0.75,0.7,0.75,0.85,0.75
412,,0.65,0.7,0.8,0.7,0.65,0.7,0.8,0.7
413,,0.6,0.65,0.75,0.65,0.6,0.65,0.75,0.65
414,,0.55,0.6,0.7,0.6,0.55,0.6,0.7,0.6
415,,0.5,0.55,0.65,0.55,0.5,0.55,0.65,0.55
416,,0.45,0.5,0.6,0.5,0.45,0.5,0.6,0.5
417,,0.4,0.45,0.55,0.45,0.4,0.45,0.55,0.45
418,,0.35,0.4,0.5,0.4,0.35,0.4,0.5,0.4
419,,0.3,0.35,0.45,0.35,0.3,0.35,0.45,0.35
420,,0.25,0.3,0.4,0.3,0.25,0.3,0.4,0.3
421,,0.2,0.25,0.35,0.25,0.2,0.25,0.35,0.25
422,,0.15,0.2,0.3,0.2,0.15,0.2,0.3,0.2
423,,0.1,0.15,0.25,0.15,0.1,0.15,0.25,0.15
424,,0.05,0.1,0.2,0.1,0.05,0.1,0.2,0.1
425,,0.0,0.05,0.15,0.05,0.0,0.05,0.15,0.05
426,,-0.05,0.0,0.1,0.0,-0.05,0.0,0.1,0.0
427,1,0.95,0.421,0.45,0.279,0.2,0.279,0.45,0.421
428,1,1.0,0.842,0.8,0.558,0.45,0.558,0.8,0.842
429,,0.95,0.792,0.75,0.508,0.4,0.508,0.75,0.792
430,,0.9,0.742,0.7,0.458,0.35,0.458,0.7,0.742
431,,0.85,0.692,0.65,0.408,0.3,0.408,0.65,0.692
432,,0.8,0.642,0.6,0.358,0.25,0.358,0.6,0.642
433,,0.75,0.592,0.55,0.308,0.2,0.308,0.55,0.592
434,,0.7,0.542,0.5,0.258,0.15,0.258,0.5,0.542
435,,0.65,0.492,0.45,0.208,0.1,0.208,0.45,0.492
436,,0.6,0.442,0.4,0.158,0.05,0.158,0.4,0.442
437,,0.55,0.392,0.35,0.108,0.0,0.108,0.35,0.392
438,,0.5,0.342,0.3,0.058,-0.05,0.058,0.3,0.342
439,5,0.75,0.621,0.65,0.479,0.95,0.479,0.65,0.621
440,5,1.0,0.9,1.0,0.9,1.0,0.9,1.0,0.9
441,,0.95,0.85,0.95,0.85,0.95,0.85,0.95,0.85
442,,0.9,0.8,0.9,0.8,0.9,0.8,0.9,0.8
443,,0.85,0.75,0.85,0.75,0.85,0.75,0.85,0.75
444,,0.8,0.7,0.8,0.7,0.8,0.7,0.8,0.7
445,,0.75,0.65,0.75,0.65,0.75,0.65,0.75,0.65
446,,0.7,0.6,0.7,0.6,0.7,0.6,0.7,0.6
447,,0.65,0.55,0.65,0.55,0.65,0.55,0.65,0.55
448,,0.6,0.5,0.6,0.5,0.6,0.5,0.6,0.5
449,,0.55,0.45,0.55,0.45,0.55,0.45,0.55,0.45
450,,0.5,0.4,0.5,0.4,0.5,0.4,0.5,0.4
451,,0.45,0.35,0.45,0.35,0.45,0.35,0.45,0.35
452,,0.4,0.3,0.4,0.3,0.4,0.3,0.4,0.3
453,,0.35,0.25,0.35,0.25,0.35,0.25,0.35,0.25
454,,0.3,0.2,0.3,0.2,0.3,0.2,0.3,0.2
455,,0.25,0.15,0.25,0.15,0.25,0.15,0.25,0.15
456,,0.2,0.1,0.2,0.1,0.2,0.1,0.2,0.1
457,,0.15,0.05,0.15,0.05,0.15,0.05,0.15,0.05
458,,0.1,0.0,0.1,0.0,0.1,0.0,0.1,0.0
459,,0.05,-0.05,0.05,-0.05,0.05,-0.05,0.05,-0.05
460,4,0.329,0.3,0.471,0.95,0.471,0.3,0.329,0.2
461,4,0.608,0.65,0.892,1.0,0.892,0.65,0.608,0.45
462,,0.558,0.6,0.842,0.95,0.842,0.6,0.558,0.4
463,,0.508,0.55,0.792,0.9,0.792,0.55,0.508,0.35
464,,0.458,0.5,0.742,0.85,0.742,0.5,0.458,0.3
465,,0.408,0.45,0.692,0.8,0.692,0.45,0.408,0.25
466,,0.358,0.4,0.642,0.75,0.642,0.4,0.358,0.2
467,,0.308,0.35,0.592,0.7,0.592,0.35,0.308,0.15
468,,0.258,0.3,0.542,0.65,0.542,0.3,0.258,0.1
469,,0.208,0.25,0.492,0.6,0.492,0.25,0.208,0.05
470,,0.158,0.2,0.442,0.55,0.442,0.2,0.158,0.0
471,,0.108,0.15,0.392,0.5,0.392,0.15,0.108,-0.05
472,8,0.529,0.5,0.671,0.75,0.671,0.5,0.529,0.95
473,8,0.95,0.85,0.95,1.0,0.95,0.85,0.95,1.0
474,,0.9,0.8,0.9,0.95,0.9,0.8,0.9,0.95
475,,0.85,0.75,0.85,0.9,0.85,0.75,0.85,0.9
476,,0.8,0.7,0.8,0.85,0.8,0.7,0.8,0.85
477,,0.75,0.65,0.75,0.8,0.75,0.65,0.75,0.8
478,,0.7,0.6,0.7,0.75,0.7,0.6,0.7,0.75
479,,0.65,0.55,0.65,0.7,0.65,0.55,0.65,0.7
480,,0.6,0.5,0.6,0.65,0.6,0.5,0.6,0.65
481,,0.55,0.45,0.55,0.6,0.55,0.45,0.55,0.6
482,,0.5,0.4,0.5,0.55,0.5,0.4,0.5,0.55
483,,0.45,0.35,0.45,0.5,0.45,0.35,0.45,0.5
484,,0.4,0.3,0.4,0.45,0.4,0.3,0.4,0.45
485,,0.35,0.25,0.35,0.4,0.35,0.25,0.35,0.4
486,,0.3,0.2,0.3,0.35,0.3,0.2,0.3,0.35
487,,0.25,0.15,0.25,0.3,0.25,0.15,0.25,0.3
488,,0.2,0.1,0.2,0.25,0.2,0.1,0.2,0.25
489,,0.15,0.05,0.15,0.2,0.15,0.05,0.15,0.2
490,,0.1,0.0,0.1,0.15,0.1,0.0,0.1,0.15
491,,0.05,-0.05,0.05,0.1,0.05,-0.05,0.05,0.1
492,2,0.471,0.95,0.471,0.45,0.329,0.2,0.329,0.45
493,2,0.892,1.0,0.892,0.8,0.608,0.45,0.608,0.8
494,,0.842,0.95,0.842,0.75,0.558,0.4,0.558,0.75
495,,0.792,0.9,0.792,0.7,0.508,0.35,0.508,0.7
496,,0.742,0.85,0.742,0.65,0.458,0.3,0.458,0.65
497,,0.692,0.8,0.692,0.6,0.408,0.25,0.408,0.6
498,,0.642,0.75,0.642,0.55,0.358,0.2,0.358,0.55
499,,0.592,0.7,0.592,0.5,0.308,0.15,0.308,0.5
500,,0.542,0.65,0.542,0.45,0.258,0.1,0.258,0.45
501,,0.492,0.6,0.492,0.4,0.208,0.05,0.208,0.4
502,,0.442,0.55,0.442,0.35,0.158,0.0,0.158,0.35
503,,0.392,0.5,0.392,0.3,0.108,-0.05,0.108,0.3
504,6,0.671,0.75,0.671,0.65,0.529,0.95,0.529,0.65
505,6,0.95,1.0,0.95,1.0,0.95,1.0,0.95,1.0
506,,0.9,0.95,0.9,0.95,0.9,0.95,0.9,0.95
507,,0.85,0.9,0.85,0.9,0.85,0.9,0.85,0.9
508,,0.8,0.85,0.8,0.85,0.8,0.85,0.8,0.85
509,,0.75,0.8,0.75,0.8,0.75,0.8,0.75,0.8
510,,0.7,0.75,0.7,0.75,0.7,0.75,0.7,0.75
511,,0.65,0.7,0.65,0.7,0.65,0.7,0.65,0.7
512,,0.6,0.65,0.6,0.65,0.6,0.65,0.6,0.65
513,,0.55,0.6,0.55,0.6,0.55,0.6,0.55,0.6
514,,0.5,0.55,0.5,0.55,0.5,0.55,0.5,0.55
515,,0.45,0.5,0.45,0.5,0.45,0.5,0.45,0.5
516,,0.4,0.45,0.4,0.45,0.4,0.45,0.4,0.45
517,,0.35,0.4,0.35,0.4,0.35,0.4,0.35,0.4
518,,0.3,0.35,0.3,0.35,0.3,0.35,0.3,0.35
519,,0.25,0.3,0.25,0.3,0.25,0.3,0.25,0.3
520,,0.2,0.25,0.2,0.25,0.2,0.25,0.2,0.25
521,,0.15,0.2,0.15,0.2,0.15,0.2,0.15,0.2
522,,0.1,0.15,0.1,0.15,0.1,0.15,0.1,0.15
523,,0.05,0.1,0.05,0.1,0.05,0.1,0.05,0.1
524,,0.0,0.05,0.0,0.05,0.0,0.05,0.0,0.05
525,,-0.05,0.0,-0.05,0.0,-0.05,0.0,-0.05,0.0
526,5,0.2,0.279,0.3,0.421,0.95,0.421,0.3,0.279
527,5,0.45,0.558,0.65,0.842,1.0,0.842,0.65,0.558
528,,0.4,0.508,0.6,0.792,0.95,0.792,0.6,0.508
529,,0.35,0.458,0.55,0.742,0.9,0.742,0.55,0.458
530,,0.3,0.408,0.5,0.692,0.85,0.692,0.5,0.408
531,,0.25,0.358,0.45,0.642,0.8,0.642,0.45,0.358
532,,0.2,0.308,0.4,0.592,0.75,0.592,0.4,0.308
533,,0.15,0.258,0.35,0.542,0.7,0.542,0.35,0.258
534,,0.1,0.208,0.3,0.492,0.65,0.492,0.3,0.208
535,,0.05,0.158,0.25,0.442,0.6,0.442,0.25,0.158
536,,0.0,0.108,0.2,0.392,0.55,0.392,0.2,0.108
537,,-0.05,0.058,0.15,0.342,0.5,0.342,0.15,0.058
538,1,0.95,0.479,0.5,0.621,0.75,0.621,0.5,0.479
539,1,1.0,0.9,0.85,0.9,1.0,0.9,0.85,0.9
540,,0.95,0.85,0.8,0.85,0.95,0.85,0.8,0.85
541,,0.9,0.8,0.75,0.8,0.9,0.8,0.75,0.8
542,,0.85,0.75,0.7,0.75,0.85,0.75,0.7,0.75
543,,0.8,0.7,0.65,0.7,0.8,0.7,0.65,0.7
544,,0.75,0.65,0.6,0.65,0.75,0.65,0.6,0.65
545,,0.7,0.6,0.55,0.6,0.7,0.6,0.55,0.6
546,,0.65,0.55,0.5,0.55,0.65,0.55,0.5,0.55
547,,0.6,0.5,0.45,0.5,0.6,0.5,0.45,0.5
548,,0.55,0.45,0.4,0.45,0.55,0.45,0.4,0.45
549,,0.5,0.4,0.35,0.4,0.5,0.4,0.35,0.4
550,,0.45,0.35,0.3,0.35,0.45,0.35,0.3,0.35
551,,0.4,0.3,0.25,0.3,0.4,0.3,0.25,0.3
552,,0.35,0.25,0.2,0.25,0.35,0.25,0.2,0.25
553,,0.3,0.2,0.15,0.2,0.3,0.2,0.15,0.2
554,,0.25,0.15,0.1,0.15,0.25,0.15,0.1,0.15
555,,0.2,0.1,0.05,0.1,0.2,0.1,0.05,0.1
556,,0.15,0.05,0.0,0.05,0.15,0.05,0.0,0.05
557,,0.1,0.0,-0.05,0.0,0.1,0.0,-0.05,0.0
558,7,0.45,0.279,0.2,0.279,0.45,0.421,0.95,0.421
559,7,0.8,0.558,0.45,0.558,0.8,0.842,1.0,0.842
560,,0.75,0.508,0.4,0.508,0.75,0.792,0.95,0.792
561,,0.7,0.458,0.35,0.458,0.7,0.742,0.9,0.742
562,,0.65,0.408,0.3,0.408,0.65,0.692,0.85,0.692
563,,0.6,0.358,0.25,0.358,0.6,0.642,0.8,0.642
564,,0.55,0.308,0.2,0.308,0.55,0.592,0.75,0.592
565,,0.5,0.258,0.15,0.258,0.5,0.542,0.7,0.542
566,,0.45,0.208,0.1,0.208,0.45,0.492,0.65,0.492
567,,0.4,0.158,0.05,0.158,0.4,0.442,0.6,0.442
568,,0.35,0.108,0.0,0.108,0.35,0.392,0.55,0.392
569,,0.3,0.058,-0.05,0.058,0.3,0.342,0.5,0.342
570,3,0.65,0.479,0.95,0.479,0.65,0.621,0.75,0.621
571,3,1.0,0.9,1.0,0.9,1.0,0.9,1.0,0.9
572,,0.95,0.85,0.95,0.85,0.95,0.85,0.95,0.85
573,,0.9,0.8,0.9,0.8,0.9,0.8,0.9,0.8
574,,0.85,0.75,0.85,0.75,0.85,0.75,0.85,0.75
575,,0.8,0.7,0.8,0.7,0.8,0.7,0.8,0.7
576,,0.75,0.65,0.75,0.65,0.75,0.65,0.75,0.65
577,,0.7,0.6,0.7,0.6,0.7,0.6,0.7,0.6
578,,0.65,0.55,0.65,0.55,0.65,0.55,0.65,0.55
579,,0.6,0.5,0.6,0.5,0.6,0.5,0.6,0.5
580,,0.55,0.45,0.55,0.45,0.55,0.45,0.55,0.45
581,,0.5,0.4,0.5,0.4,0.5,0.4,0.5,0.4
582,,0.45,0.35,0.45,0.35,0.45,0.35,0.45,0.35
583,,0.4,0.3,0.4,0.3,0.4,0.3,0.4,0.3
584,,0.35,0.25,0.35,0.25,0.35,0.25,0.35,0.25
585,,0.3,0.2,0.3,0.2,0.3,0.2,0.3,0.2
586,,0.25,0.15,0.25,0.15,0.25,0.15,0.25,0.15
587,,0.2,0.1,0.2,0.1,0.2,0.1,0.2,0.1
588,,0.15,0.05,0.15,0.05,0.15,0.05,0.15,0.05
589,,0.1,0.0,0.1,0.0,0.1,0.0,0.1,0.0
590,,0.05,-0.05,0.05,-0.05,0.05,-0.05,0.05,-0.05
591,6,0.329,0.2,0.329,0.3,0.471,0.95,0.471,0.3
592,6,0.608,0.45,0.608,0.65,0.892,1.0,0.892,0.65
593,,0.558,0.4,0.558,0.6,0.842,0.95,0.842,0.6
594,,0.508,0.35,0.508,0.55,0.792,0.9,0.792,0.55
595,,0.458,0.3,0.458,0.5,0.742,0.85,0.742,0.5
596,,0.408,0.25,0.408,0.45,0.692,0.8,0.692,0.45
597,,0.358,0.2,0.358,0.4,0.642,0.75,0.642,0.4
598,,0.308,0.15,0.308,0.35,0.592,0.7,0.592,0.35
599,,0.258,0.1,0.258,0.3,0.542,0.65,0.542,0.3
600,,0.208,0.05,0.208,0.25,0.492,0.6,0.492,0.25
601,,0.158,0.0,0.158,0.2,0.442,0.55,0.442,0.2
602,,0.108,-0.05,0.108,0.15,0.392,0.5,0.392,0.15
603,2,0.529,0.95,0.529,0.5,0.671,0.75,0.671,0.5
604,2,0.95,1.0,0.95,0.85,0.95,1.0,0.95,0.85
605,,0.9,0.95,0.9,0.8,0.9,0.95,0.9,0.8
606,,0.85,0.9,0.85,0.75,0.85,0.9,0.85,0.75
607,,0.8,0.85,0.8,0.7,0.8,0.85,0.8,0.7
608,,0.75,0.8,0.75,0.65,0.75,0.8,0.75,0.65
609,,0.7,0.75,0.7,0.6,0.7,0.75,0.7,0.6
610,,0.65,0.7,0.65,0.55,0.65,0.7,0.65,0.55
611,,0.6,0.65,0.6,0.5,0.6,0.65,0.6,0.5
612,,0.55,0.6,0.55,0.45,0.55,0.6,0.55,0.45
613,,0.5,0.55,0.5,0.4,0.5,0.55,0.5,0.4
614,,0.45,0.5,0.45,0.35,0.45,0.5,0.45,0.35
615,,0.4,0.45,0.4,0.3,0.4,0.45,0.4,0.3
616,,0.35,0.4,0.35,0.25,0.35,0.4,0.35,0.25
617,,0.3,0.35,0.3,0.2,0.3,0.35,0.3,0.2
618,,0.25,0.3,0.25,0.15,0.25,0.3,0.25,0.15
619,,0.2,0.25,0.2,0.1,0.2,0.25,0.2,0.1
620,,0.15,0.2,0.15,0.05,0.15,0.2,0.15,0.05
621,,0.1,0.15,0.1,0.0,0.1,0.15,0.1,0.0
622,,0.05,0.1,0.05,-0.05,0.05,0.1,0.05,-0.05
623,4,0.329,0.45,0.471,0.95,0.471,0.45,0.329,0.2
624,4,0.608,0.8,0.892,1.0,0.892,0.8,0.608,0.45
625,,0.558,0.75,0.842,0.95,0.842,0.75,0.558,0.4
626,,0.508,0.7,0.792,0.9,0.792,0.7,0.508,0.35
627,,0.458,0.65,0.742,0.85,0.742,0.65,0.458,0.3
628,,0.408,0.6,0.692,0.8,0.692,0.6,0.408,0.25
629,,0.358,0.55,0.642,0.75,0.642,0.55,0.358,0.2
630,,0.308,0.5,0.592,0.7,0.592,0.5,0.308,0.15
631,,0.258,0.45,0.542,0.65,0.542,0.45,0.258,0.1
632,,0.208,0.4,0.492,0.6,0.492,0.4,0.208,0.05
633,,0.158,0.35,0.442,0.55,0.442,0.35,0.158,0.0
634,,0.108,0.3,0.392,0.5,0.392,0.3,0.108,-0.05
635,8,0.529,0.65,0.671,0.75,0.671,0.65,0.529,0.95
636,8,0.95,1.0,0.95,1.0,0.95,1.0,0.95,1.0
637,,0.9,0.95,0.9,0.95,0.9,0.95,0.9,0.95
638,,0.85,0.9,0.85,0.9,0.85,0.9,0.85,0.9
639,,0.8,0.85,0.8,0.85,0.8,0.85,0.8,0.85
640,,0.75,0.8,0.75,0.8,0.75,0.8,0.75,0.8
641,,0.7,0.75,0.7,0.75,0.7,0.75,0.7,0.75
642,,0.65,0.7,0.65,0.7,0.65,0.7,0.65,0.7
643,,0.6,0.65,0.6,0.65,0.6,0.65,0.6,0.65
644,,0.55,0.6,0.55,0.6,0.55,0.6,0.55,0.6
645,,0.5,0.55,0.5,0.55,0.5,0.55,0.5,0.55
646,,0.45,0.5,0.45,0.5,0.45,0.5,0.45,0.5
647,,0.4,0.45,0.4,0.45,0.4,0.45,0.4,0.45
648,,0.35,0.4,0.35,0.4,0.35,0.4,0.35,0.4
649,,0.3,0.35,0.3,0.35,0.3,0.35,0.3,0.35
650,,0.25,0.3,0.25,0.3,0.25,0.3,0.25,0.3
651,,0.2,0.25,0.2,0.25,0.2,0.25,0.2,0.25
652,,0.15,0.2,0.15,0.2,0.15,0.2,0.15,0.2
653,,0.1,0.15,0.1,0.15,0.1,0.15,0.1,0.15
654,,0.05,0.1,0.05,0.1,0.05,0.1,0.05,0.1
655,,0.0,0.05,0.0,0.05,0.0,0.05,0.0,0.05
656,,-0.05,0.0,-0.05,0.0,-0.05,0.0,-0.05,0.0
657,5,0.2,0.279,0.3,0.421,0.95,0.421,0.3,0.279
658,5,0.45,0.558,0.65,0.842,1.0,0.842,0.65,0.558
659,,0.4,0.508,0.6,0.792,0.95,0.792,0.6,0.508
660,,0.35,0.458,0.55,0.742,0.9,0.742,0.55,0.458
661,,0.3,0.408,0.5,0.692,0.85,0.692,0.5,0.408
662,,0.25,0.358,0.45,0.642,0.8,0.642,0.45,0.358
663,,0.2,0.308,0.4,0.592,0.75,0.592,0.4,0.308
664,,0.15,0.258,0.35,0.542,0.7,0.542,0.35,0.258
665,,0.1,0.208,0.3,0.492,0.65,0.492,0.3,0.208
666,,0.05,0.158,0.25,0.442,0.6,0.442,0.25,0.158
667,,0.0,0.108,0.2,0.392,0.55,0.392,0.2,0.108
668,,-0.05,0.058,0.15,0.342,0.5,0.342,0.15,0.058
669,1,0.95,0.479,0.5,0.621,0.75,0.621,0.5,0.479
670,1,1.0,0.9,0.85,0.9,1.0,0.9,0.85,0.9
671,,0.95,0.85,0.8,0.85,0.95,0.85,0.8,0.85
672,,0.9,0.8,0.75,0.8,0.9,0.8,0.75,0.8
673,,0.85,0.75,0.7,0.75,0.85,0.75,0.7,0.75
674,,0.8,0.7,0.65,0.7,0.8,0.7,0.65,0.7
675,,0.75,0.65,0.6,0.65,0.75,0.65,0.6,0.65
676,,0.7,0.6,0.55,0.6,0.7,0.6,0.55,0.6
677,,0.65,0.55,0.5,0.55,0.65,0.55,0.5,0.55
678,,0.6,0.5,0.45,0.5,0.6,0.5,0.45,0.5
679,,0.55,0.45,0.4,0.45,0.55,0.45,0.4,0.45
680,,0.5,0.4,0.35,0.4,0.5,0.4,0.35,0.4
681,,0.45,0.35,0.3,0.35,0.45,0.35,0.3,0.35
682,,0.4,0.3,0.25,0.3,0.4,0.3,0.25,0.3
683,,0.35,0.25,0.2,0.25,0.35,0.25,0.2,0.25
684,,0.3,0.2,0.15,0.2,0.3,0.2,0.15,0.2
685,,0.25,0.15,0.1,0.15,0.25,0.15,0.1,0.15
686,,0.2,0.1,0.05,0.1,0.2,0.1,0.05,0.1
687,,0.15,0.05,0.0,0.05,0.15,0.05,0.0,0.05
688,,0.1,0.0,-0.05,0.0,0.1,0.0,-0.05,0.0
689,3,0.45,0.421,0.95,0.421,0.45,0.279,0.2,0.279
690,3,0.8,0.842,1.0,0.842,0.8,0.558,0.45,0.558
691,,0.75,0.792,0.95,0.792,0.75,0.508,0.4,0.508
692,,0.7,0.742,0.9,0.742,0.7,0.458,0.35,0.458
693,,0.65,0.692,0.85,0.692,0.65,0.408,0.3,0.408
694,,0.6,0.642,0.8,0.642,0.6,0.358,0.25,0.358
695,,0.55,0.592,0.75,0.592,0.55,0.308,0.2,0.308
696,,0.5,0.542,0.7,0.542,0.5,0.258,0.15,0.258
697,,0.45,0.492,0.65,0.492,0.45,0.208,0.1,0.208
698,,0.4,0.442,0.6,0.442,0.4,0.158,0.05,0.158
699,,0.35,0.392,0.55,0.392,0.35,0.108,0.0,0.108
700,,0.3,0.342,0.5,0.342,0.3,0.058,-0.05,0.058
701,7,0.65,0.621,0.75,0.621,0.65,0.479,0.95,0.479
702,7,1.0,0.9,1.0,0.9,1.0,0.9,1.0,0.9
703,,0.95,0.85,0.95,0.85,0.95,0.85,0.95,0.85
704,,0.9,0.8,0.9,0.8,0.9,0.8,0.9,0.8
705,,0.85,0.75,0.85,0.75,0.85,0.75,0.85,0.75
706,,0.8,0.7,0.8,0.7,0.8,0.7,0.8,0.7
707,,0.75,0.65,0.75,0.65,0.75,0.65,0.75,0.65
708,,0.7,0.6,0.7,0.6,0.7,0.6,0.7,0.6
709,,0.65,0.55,0.65,0.55,0.65,0.55,0.65,0.55
710,,0.6,0.5,0.6,0.5,0.6,0.5,0.6,0.5
711,,0.55,0.45,0.55,0.45,0.55,0.45,0.55,0.45
712,,0.5,0.4,0.5,0.4,0.5,0.4,0.5,0.4
713,,0.45,0.35,0.45,0.35,0.45,0.35,0.45,0.35
714,,0.4,0.3,0.4,0.3,0.4,0.3,0.4,0.3
715,,0.35,0.25,0.35,0.25,0.35,0.25,0.35,0.25
716,,0.3,0.2,0.3,0.2,0.3,0.2,0.3,0.2
717,,0.25,0.15,0.25,0.15,0.25,0.15,0.25,0.15
718,,0.2,0.1,0.2,0.1,0.2,0.1,0.2,0.1
719,,0.15,0.05,0.15,0.05,0.15,0.05,0.15,0.05
720,,0.1,0.0,0.1,0.0,0.1,0.0,0.1,0.0
721,,0.05,-0.05,0.05,-0.05,0.05,-0.05,0.05,-0.05
722,6,0.329,0.2,0.329,0.3,0.471,0.95,0.471,0.3
723,6,0.608,0.45,0.608,0.65,0.892,1.0,0.892,0.65
724,,0.558,0.4,0.558,0.6,0.842,0.95,0.842,0.6
725,,0.508,0.35,0.508,0.55,0.792,0.9,0.792,0.55
726,,0.458,0.3,0.458,0.5,0.742,0.85,0.742,0.5
727,,0.408,0.25,0.408,0.45,0.692,0.8,0.692,0.45
728,,0.358,0.2,0.358,0.4,0.642,0.75,0.642,0.4
729,,0.308,0.15,0.308,0.35,0.592,0.7,0.592,0.35
730,,0.258,0.1,0.258,0.3,0.542,0.65,0.542,0.3
731,,0.208,0.05,0.208,0.25,0.492,0.6,0.492,0.25
732,,0.158,0.0,0.158,0.2,0.442,0.55,0.442,0.2
733,,0.108,-0.05,0.108,0.15,0.392,0.5,0.392,0.15
734,2,0.529,0.95,0.529,0.5,0.671,0.75,0.671,0.5
735,2,0.95,1.0,0.95,0.85,0.95,1.0,0.95,0.85
736,,0.9,0.95,0.9,0.8,0.9,0.95,0.9,0.8
737,,0.85,0.9,0.85,0.75,0.85,0.9,0.85,0.75
738,,0.8,0.85,0.8,0.7,0.8,0.85,0.8,0.7
739,,0.75,0.8,0.75,0.65,0.75,0.8,0.75,0.65
740,,0.7,0.75,0.7,0.6,0.7,0.75,0.7,0.6
741,,0.65,0.7,0.65,0.55,0.65,0.7,0.65,0.55
742,,0.6,0.65,0.6,0.5,0.6,0.65,0.6,0.5
743,,0.55,0.6,0.55,0.45,0.55,0.6,0.55,0.45
744,,0.5,0.55,0.5,0.4,0.5,0.55,0.5,0.4
745,,0.45,0.5,0.45,0.35,0.45,0.5,0.45,0.35
746,,0.4,0.45,0.4,0.3,0.4,0.45,0.4,0.3
747,,0.35,0.4,0.35,0.25,0.35,0.4,0.35,0.25
748,,0.3,0.35,0.3,0.2,0.3,0.35,0.3,0.2
749,,0.25,0.3,0.25,0.15,0.25,0.3,0.25,0.15
750,,0.2,0.25,0.2,0.1,0.2,0.25,0.2,0.1
751,,0.15,0.2,0.15,0.05,0.15,0.2,0.15,0.05
752,,0.1,0.15,0.1,0.0,0.1,0.15,0.1,0.0
753,,0.05,0.1,0.05,-0.05,0.05,0.1,0.05,-0.05
754,4,0.329,0.45,0.471,0.95,0.471,0.45,0.329,0.2
755,4,0.608,0.8,0.892,1.0,0.892,0.8,0.608,0.45
756,,0.558,0.75,0.842,0.95,0.842,0.75,0.558,0.4
757,,0.508,0.7,0.792,0.9,0.792,0.7,0.508,0.35
758,,0.458,0.65,0.742,0.85,0.742,0.65,0.458,0.3
759,,0.408,0.6,0.692,0.8,0.692,0.6,0.408,0.25
760,,0.358,0.55,0.642,0.75,0.642,0.55,0.358,0.2
761,,0.308,0.5,0.592,0.7,0.592,0.5,0.308,0.15
762,,0.258,0.45,0.542,0.65,0.542,0.45,0.258,0.1
763,,0.208,0.4,0.492,0.6,0.492,0.4,0.208,0.05
764,,0.158,0.35,0.442,0.55,0.442,0.35,0.158,0.0
765,,0.108,0.3,0.392,0.5,0.392,0.3,0.108,-0.05
766,8,0.529,0.65,0.671,0.75,0.671,0.65,0.529,0.95
767,8,0.95,1.0,0.95,1.0,0.95,1.0,0.95,1.0
768,,0.9,0.95,0.9,0.95,0.9,0.95,0.9,0.95
769,,0.85,0.9,0.85,0.9,0.85,0.9,0.85,0.9
770,,0.8,0.85,0.8,0.85,0.8,0.85,0.8,0.85
771,,0.75,0.8,0.75,0.8,0.75,0.8,0.75,0.8
772,,0.7,0.75,0.7,0.75,0.7,0.75,0.7,0.75
773,,0.65,0.7,0.65,0.7,0.65,0.7,0.65,0.7
774,,0.6,0.65,0.6,0.65,0.6,0.65,0.6,0.65
775,,0.55,0.6,0.55,0.6,0.55,0.6,0.55,0.6
776,,0.5,0.55,0.5,0.55,0.5,0.55,0.5,0.55
777,,0.45,0.5,0.45,0.5,0.45,0.5,0.45,0.5
778,,0.4,0.45,0.4,0.45,0.4,0.45,0.4,0.45
779,,0.35,0.4,0.35,0.4,0.35,0.4,0.35,0.4
780,,0.3,0.35,0.3,0.35,0.3,0.35,0.3,0.35
781,,0.25,0.3,0.25,0.3,0.25,0.3,0.25,0.3
782,,0.2,0.25,0.2,0.25,0.2,0.25,0.2,0.25
783,,0.15,0.2,0.15,0.2,0.15,0.2,0.15,0.2
784,,0.1,0.15,0.1,0.15,0.1,0.15,0.1,0.15
785,,0.05,0.1,0.05,0.1,0.05,0.1,0.05,0.1
786,,0.0,0.05,0.0,0.05,0.0,0.05,0.0,0.05
787,,-0.05,0.0,-0.05,0.0,-0.05,0.0,-0.05,0.0
788,7,0.3,0.279,0.2,0.279,0.3,0.421,0.95,0.421
789,7,0.65,0.558,0.45,0.558,0.65,0.842,1.0,0.842
790,,0.6,0.508,0.4,0.508,0.6,0.792,0.95,0.792
791,,0.55,0.458,0.35,0.458,0.55,0.742,0.9,0.742
792,,0.5,0.408,0.3,0.408,0.5,0.692,0.85,0.692
793,,0.45,0.358,0.25,0.358,0.45,0.642,0.8,0.642
794,,0.4,0.308,0.2,0.308,0.4,0.592,0.75,0.592
795,,0.35,0.258,0.15,0.258,0.35,0.542,0.7,0.542
796,,0.3,0.208,0.1,0.208,0.3,0.492,0.65,0.492
797,,0.25,0.158,0.05,0.158,0.25,0.442,0.6,0.442
798,,0.2,0.108,0.0,0.108,0.2,0.392,0.55,0.392
799,,0.15,0.058,-0.05,0.058,0.15,0.342,0.5,0.342
800,3,0.5,0.479,0.95,0.479,0.5,0.621,0.75,0.621
801,3,0.85,0.9,1.0,0.9,0.85,0.9,1.0,0.9
802,,0.8,0.85,0.95,0.85,0.8,0.85,0.95,0.85
803,,0.75,0.8,0.9,0.8,0.75,0.8,0.9,0.8
804,,0.7,0.75,0.85,0.75,0.7,0.75,0.85,0.75
805,,0.65,0.7,0.8,0.7,0.65,0.7,0.8,0.7
806,,0.6,0.65,0.75,0.65,0.6,0.65,0.75,0.65
807,,0.55,0.6,0.7,0.6,0.55,0.6,0.7,0.6
808,,0.5,0.55,0.65,0.55,0.5,0.55,0.65,0.55
809,,0.45,0.5,0.6,0.5,0.45,0.5,0.6,0.5
810,,0.4,0.45,0.55,0.45,0.4,0.45,0.55,0.45
811,,0.35,0.4,0.5,0.4,0.35,0.4,0.5,0.4
812,,0.3,0.35,0.45,0.35,0.3,0.35,0.45,0.35
813,,0.25,0.3,0.4,0.3,0.25,0.3,0.4,0.3
814,,0.2,0.25,0.35,0.25,0.2,0.25,0.35,0.25
815,,0.15,0.2,0.3,0.2,0.15,0.2,0.3,0.2
816,,0.1,0.15,0.25,0.15,0.1,0.15,0.25,0.15
817,,0.05,0.1,0.2,0.1,0.05,0.1,0.2,0.1
818,,0.0,0.05,0.15,0.05,0.0,0.05,0.15,0.05
819,,-0.05,0.0,0.1,0.0,-0.05,0.0,0.1,0.0
820,1,0.95,0.421,0.45,0.279,0.2,0.279,0.45,0.421
821,1,1.0,0.842,0.8,0.558,0.45,0.558,0.8,0.842
822,,0.95,0.792,0.75,0.508,0.4,0.508,0.75,0.792
823,,0.9,0.742,0.7,0.458,0.35,0.458,0.7,0.742
824,,0.85,0.692,0.65,0.408,0.3,0.408,0.65,0.692
825,,0.8,0.642,0.6,0.358,0.25,0.358,0.6,0.642
826,,0.75,0.592,0.55,0.308,0.2,0.308,0.55,0.592
827,,0.7,0.542,0.5,0.258,0.15,0.258,0.5,0.542
828,,0.65,0.492,0.45,0.208,0.1,0.208,0.45,0.492
829,,0.6,0.442,0.4,0.158,0.05,0.158,0.4,0.442
830,,0.55,0.392,0.35,0.108,0.0,0.108,0.35,0.392
831,,0.5,0.342,0.3,0.058,-0.05,0.058,0.3,0.342
832,5,0.75,0.621,0.65,0.479,0.95,0.479,0.65,0.621
833,5,1.0,0.9,1.0,0.9,1.0,0.9,1.0,0.9
834,,0.95,0.85,0.95,0.85,0.95,0.85,0.95,0.85
835,,0.9,0.8,0.9,0.8,0.9,0.8,0.9,0.8
836,,0.85,0.75,0.85,0.75,0.85,0.75,0.85,0.75
837,,0.8,0.7,0.8,0.7,0.8,0.7,0.8,0.7
838,,0.75,0.65,0.75,0.65,0.75,0.65,0.75,0.65
839,,0.7,0.6,0.7,0.6,0.7,0.6,0.7,0.6
840,,0.65,0.55,0.65,0.55,0.65,0.55,0.65,0.55
841,,0.6,0.5,0.6,0.5,0.6,0.5,0.6,0.5
842,,0.55,0.45,0.55,0.45,0.55,0.45,0.55,0.45
843,,0.5,0.4,0.5,0.4,0.5,0.4,0.5,0.4
844,,0.45,0.35,0.45,0.35,0.45,0.35,0.45,0.35
845,,0.4,0.3,0.4,0.3,0.4,0.3,0.4,0.3
846,,0.35,0.25,0.35,0.25,0.35,0.25,0.35,0.25
847,,0.3,0.2,0.3,0.2,0.3,0.2,0.3,0.2
848,,0.25,0.15,0.25,0.15,0.25,0.15,0.25,0.15
849,,0.2,0.1,0.2,0.1,0.2,0.1,0.2,0.1
850,,0.15,0.05,0.15,0.05,0.15,0.05,0.15,0.05
851,,0.1,0.0,0.1,0.0,0.1,0.0,0.1,0.0
852,,0.05,-0.05,0.05,-0.05,0.05,-0.05,0.05,-0.05
853,6,0.329,0.2,0.329,0.3,0.471,0.95,0.471,0.3
854,6,0.608,0.45,0.608,0.65,0.892,1.0,0.892,0.65
855,,0.558,0.4,0.558,0.6,0.842,0.95,0.842,0.6
856,,0.508,0.35,0.508,0.55,0.792,0.9,0.792,0.55
857,,0.458,0.3,0.458,0.5,0.742,0.85,0.742,0.5
858,,0.408,0.25,0.408,0.45,0.692,0.8,0.692,0.45
859,,0.358,0.2,0.358,0.4,0.642,0.75,0.642,0.4
860,,0.308,0.15,0.308,0.35,0.592,0.7,0.592,0.35
861,,0.258,0.1,0.258,0.3,0.542,0.65,0.542,0.3
862,,0.208,0.05,0.208,0.25,0.492,0.6,0.492,0.25
863,,0.158,0.0,0.158,0.2,0.442,0.55,0.442,0.2
864,,0.108,-0.05,0.108,0.15,0.392,0.5,0.392,0.15
865,2,0.529,0.95,0.529,0.5,0.671,0.75,0.671,0.5
866,2,0.95,1.0,0.95,0.85,0.95,1.0,0.95,0.85
867,,0.9,0.95,0.9,0.8,0.9,0.95,0.9,0.8
868,,0.85,0.9,0.85,0.75,0.85,0.9,0.85,0.75
869,,0.8,0.85,0.8,0.7,0.8,0.85,0.8,0.7
870,,0.75,0.8,0.75,0.65,0.75,0.8,0.75,0.65
871,,0.7,0.75,0.7,0.6,0.7,0.75,0.7,0.6
872,,0.65,0.7,0.65,0.55,0.65,0.7,0.65,0.55
873,,0.6,0.65,0.6,0.5,0.6,0.65,0.6,0.5
874,,0.55,0.6,0.55,0.45,0.55,0.6,0.55,0.45
875,,0.5,0.55,0.5,0.4,0.5,0.55,0.5,0.4
876,,0.45,0.5,0.45,0.35,0.45,0.5,0.45,0.35
877,,0.4,0.45,0.4,0.3,0.4,0.45,0.4,0.3
878,,0.35,0.4,0.35,0.25,0.35,0.4,0.35,0.25
879,,0.3,0.35,0.3,0.2,0.3,0.35,0.3,0.2
880,,0.25,0.3,0.25,0.15,0.25,0.3,0.25,0.15
881,,0.2,0.25,0.2,0.1,0.2,0.25,0.2,0.1
882,,0.15,0.2,0.15,0.05,0.15,0.2,0.15,0.05
