step,active_motive,motive_1,motive_2,motive_3,motive_4,motive_5,motive_6,motive_7,motive_8
0,,0.08647,0.08129,0.09997,0.09966,0.05554,0.0769,0.09448,0.08496
1,,0.03647,0.03129,0.04997,0.04966,0.00554,0.0269,0.04448,0.03496
2,,-0.01353,-0.01871,-3e-05,-0.00034,-0.04446,-0.0231,-0.00552,-0.01504
3,5,0.23647,0.26029,0.34997,0.42066,0.95554,0.3979,0.34448,0.26396
4,5,0.48647,0.53929,0.69997,0.84166,1.0,0.8189,0.69448,0.54296
5,,0.43647,0.48929,0.64997,0.79166,0.95,0.7689,0.64448,0.49296
6,,0.38647,0.43929,0.59997,0.74166,0.9,0.7189,0.59448,0.44296
7,,0.33647,0.38929,0.54997,0.69166,0.85,0.6689,0.54448,0.39296
8,,0.28647,0.33929,0.49997,0.64166,0.8,0.6189,0.49448,0.34296
9,,0.23647,0.28929,0.44997,0.59166,0.75,0.5689,0.44448,0.29296
10,,0.18647,0.23929,0.39997,0.54166,0.7,0.5189,0.39448,0.24296
11,,0.13647,0.18929,0.34997,0.49166,0.65,0.4689,0.34448,0.19296
12,,0.08647,0.13929,0.29997,0.44166,0.6,0.4189,0.29448,0.14296
13,,0.03647,0.08929,0.24997,0.39166,0.55,0.3689,0.24448,0.09296
14,,-0.01353,0.03929,0.19997,0.34166,0.5,0.3189,0.19448,0.04296
15,1,0.98647,0.46029,0.54997,0.62066,0.75,0.5979,0.54448,0.46396
16,1,1.0,0.88129,0.89997,0.89966,1.0,0.8769,0.89448,0.88496
17,,0.95,0.83129,0.84997,0.84966,0.95,0.8269,0.84448,0.83496
18,,0.9,0.78129,0.79997,0.79966,0.9,0.7769,0.79448,0.78496
19,,0.85,0.73129,0.74997,0.74966,0.85,0.7269,0.74448,0.73496
20,,0.8,0.68129,0.69997,0.69966,0.8,0.6769,0.69448,0.68496
21,,0.75,0.63129,0.64997,0.64966,0.75,0.6269,0.64448,0.63496
22,,0.7,0.58129,0.59997,0.59966,0.7,0.5769,0.59448,0.58496
23,,0.65,0.53129,0.54997,0.54966,0.65,0.5269,0.54448,0.53496
24,,0.6,0.48129,0.49997,0.49966,0.6,0.4769,0.49448,0.48496
25,,0.55,0.43129,0.44997,0.44966,0.55,0.4269,0.44448,0.43496
26,,0.5,0.38129,0.39997,0.39966,0.5,0.3769,0.39448,0.38496
27,,0.45,0.33129,0.34997,0.34966,0.45,0.3269,0.34448,0.33496
28,,0.4,0.28129,0.29997,0.29966,0.4,0.2769,0.29448,0.28496
29,,0.35,0.23129,0.24997,0.24966,0.35,0.2269,0.24448,0.23496
30,,0.3,0.18129,0.19997,0.19966,0.3,0.1769,0.19448,0.18496
31,,0.25,0.13129,0.14997,0.14966,0.25,0.1269,0.14448,0.13496
32,,0.2,0.08129,0.09997,0.09966,0.2,0.0769,0.09448,0.08496
33,,0.15,0.03129,0.04997,0.04966,0.15,0.0269,0.04448,0.03496
34,,0.1,-0.01871,-3e-05,-0.00034,0.1,-0.0231,-0.00552,-0.01504
35,6,0.379,0.23129,0.27897,0.34966,0.521,0.9769,0.41548,0.33496
36,6,0.658,0.48129,0.55797,0.69966,0.942,1.0,0.83648,0.68496
37,,0.608,0.43129,0.50797,0.64966,0.892,0.95,0.78648,0.63496
38,,0.558,0.38129,0.45797,0.59966,0.842,0.9,0.73648,0.58496
39,,0.508,0.33129,0.40797,0.54966,0.792,0.85,0.68648,0.53496
40,,0.458,0.28129,0.35797,0.49966,0.742,0.8,0.63648,0.48496
41,,0.408,0.23129,0.30797,0.44966,0.692,0.75,0.58648,0.43496
42,,0.358,0.18129,0.25797,0.39966,0.642,0.7,0.53648,0.38496
43,,0.308,0.13129,0.20797,0.34966,0.592,0.65,0.48648,0.33496
44,,0.258,0.08129,0.15797,0.29966,0.542,0.6,0.43648,0.28496
45,,0.208,0.03129,0.10797,0.24966,0.492,0.55,0.38648,0.23496
46,,0.158,-0.01871,0.05797,0.19966,0.442,0.5,0.33648,0.18496
47,2,0.579,0.98129,0.47897,0.54966,0.721,0.75,0.61548,0.53496
48,2,1.0,1.0,0.89997,0.89966,1.0,1.0,0.89448,0.88496
49,,0.95,0.95,0.84997,0.84966,0.95,0.95,0.84448,0.83496
50,,0.9,0.9,0.79997,0.79966,0.9,0.9,0.79448,0.78496
51,,0.85,0.85,0.74997,0.74966,0.85,0.85,0.74448,0.73496
52,,0.8,0.8,0.69997,0.69966,0.8,0.8,0.69448,0.68496
53,,0.75,0.75,0.64997,0.64966,0.75,0.75,0.64448,0.63496
54,,0.7,0.7,0.59997,0.59966,0.7,0.7,0.59448,0.58496
55,,0.65,0.65,0.54997,0.54966,0.65,0.65,0.54448,0.53496
56,,0.6,0.6,0.49997,0.49966,0.6,0.6,0.49448,0.48496
57,,0.55,0.55,0.44997,0.44966,0.55,0.55,0.44448,0.43496
58,,0.5,0.5,0.39997,0.39966,0.5,0.5,0.39448,0.38496
59,,0.45,0.45,0.34997,0.34966,0.45,0.45,0.34448,0.33496
60,,0.4,0.4,0.29997,0.29966,0.4,0.4,0.29448,0.28496
61,,0.35,0.35,0.24997,0.24966,0.35,0.35,0.24448,0.23496
62,,0.3,0.3,0.19997,0.19966,0.3,0.3,0.19448,0.18496
63,,0.25,0.25,0.14997,0.14966,0.25,0.25,0.14448,0.13496
64,,0.2,0.2,0.09997,0.09966,0.2,0.2,0.09448,0.08496
65,,0.15,0.15,0.04997,0.04966,0.15,0.15,0.04448,0.03496
66,,0.1,0.1,-3e-05,-0.00034,0.1,0.1,-0.00552,-0.01504
67,8,0.521,0.45,0.27897,0.24966,0.379,0.45,0.41548,0.98496
68,8,0.942,0.8,0.55797,0.49966,0.658,0.8,0.83648,1.0
69,,0.892,0.75,0.50797,0.44966,0.608,0.75,0.78648,0.95
70,,0.842,0.7,0.45797,0.39966,0.558,0.7,0.73648,0.9
71,,0.792,0.65,0.40797,0.34966,0.508,0.65,0.68648,0.85
72,,0.742,0.6,0.35797,0.29966,0.458,0.6,0.63648,0.8
73,,0.692,0.55,0.30797,0.24966,0.408,0.55,0.58648,0.75
74,,0.642,0.5,0.25797,0.19966,0.358,0.5,0.53648,0.7
75,,0.592,0.45,0.20797,0.14966,0.308,0.45,0.48648,0.65
76,,0.542,0.4,0.15797,0.09966,0.258,0.4,0.43648,0.6
77,,0.492,0.35,0.10797,0.04966,0.208,0.35,0.38648,0.55
78,,0.442,0.3,0.05797,-0.00034,0.158,0.3,0.33648,0.5
79,4,0.721,0.65,0.47897,0.99966,0.579,0.65,0.61548,0.75
80,4,1.0,1.0,0.89997,1.0,1.0,1.0,0.89448,1.0
81,,0.95,0.95,0.84997,0.95,0.95,0.95,0.84448,0.95
82,,0.9,0.9,0.79997,0.9,0.9,0.9,0.79448,0.9
83,,0.85,0.85,0.74997,0.85,0.85,0.85,0.74448,0.85
84,,0.8,0.8,0.69997,0.8,0.8,0.8,0.69448,0.8
85,,0.75,0.75,0.64997,0.75,0.75,0.75,0.64448,0.75
86,,0.7,0.7,0.59997,0.7,0.7,0.7,0.59448,0.7
87,,0.65,0.65,0.54997,0.65,0.65,0.65,0.54448,0.65
88,,0.6,0.6,0.49997,0.6,0.6,0.6,0.49448,0.6
89,,0.55,0.55,0.44997,0.55,0.55,0.55,0.44448,0.55
90,,0.5,0.5,0.39997,0.5,0.5,0.5,0.39448,0.5
91,,0.45,0.45,0.34997,0.45,0.45,0.45,0.34448,0.45
92,,0.4,0.4,0.29997,0.4,0.4,0.4,0.29448,0.4
93,,0.35,0.35,0.24997,0.35,0.35,0.35,0.24448,0.35
94,,0.3,0.3,0.19997,0.3,0.3,0.3,0.19448,0.3
95,,0.25,0.25,0.14997,0.25,0.25,0.25,0.14448,0.25
96,,0.2,0.2,0.09997,0.2,0.2,0.2,0.09448,0.2
97,,0.15,0.15,0.04997,0.15,0.15,0.15,0.04448,0.15
98,,0.1,0.1,-3e-05,0.1,0.1,0.1,-0.00552,0.1
99,7,0.45,0.379,0.24997,0.379,0.45,0.521,0.99448,0.521
100,7,0.8,0.658,0.49997,0.658,0.8,0.942,1.0,0.942
101,,0.75,0.608,0.44997,0.608,0.75,0.892,0.95,0.892
102,,0.7,0.558,0.39997,0.558,0.7,0.842,0.9,0.842
103,,0.65,0.508,0.34997,0.508,0.65,0.792,0.85,0.792
104,,0.6,0.458,0.29997,0.458,0.6,0.742,0.8,0.742
105,,0.55,0.408,0.24997,0.408,0.55,0.692,0.75,0.692
106,,0.5,0.358,0.19997,0.358,0.5,0.642,0.7,0.642
107,,0.45,0.308,0.14997,0.308,0.45,0.592,0.65,0.592
108,,0.4,0.258,0.09997,0.258,0.4,0.542,0.6,0.542
109,,0.35,0.208,0.04997,0.208,0.35,0.492,0.55,0.492
110,,0.3,0.158,-3e-05,0.158,0.3,0.442,0.5,0.442
111,3,0.65,0.579,0.99997,0.579,0.65,0.721,0.75,0.721
112,3,1.0,1.0,1.0,1.0,1.0,1.0,1.0,1.0
113,,0.95,0.95,0.95,0.95,0.95,0.95,0.95,0.95
114,,0.9,0.9,0.9,0.9,0.9,0.9,0.9,0.9
115,,0.85,0.85,0.85,0.85,0.85,0.85,0.85,0.85
116,,0.8,0.8,0.8,0.8,0.8,0.8,0.8,0.8
117,,0.75,0.75,0.75,0.75,0.75,0.75,0.75,0.75
118,,0.7,0.7,0.7,0.7,0.7,0.7,0.7,0.7
119,,0.65,0.65,0.65,0.65,0.65,0.65,0.65,0.65
120,,0.6,0.6,0.6,0.6,0.6,0.6,0.6,0.6
121,,0.55,0.55,0.55,0.55,0.55,0.55,0.55,0.55
122,,0.5,0.5,0.5,0.5,0.5,0.5,0.5,0.5
123,,0.45,0.45,0.45,0.45,0.45,0.45,0.45,0.45
124,,0.4,0.4,0.4,0.4,0.4,0.4,0.4,0.4
125,,0.35,0.35,0.35,0.35,0.35,0.35,0.35,0.35
126,,0.3,0.3,0.3,0.3,0.3,0.3,0.3,0.3
127,,0.25,0.25,0.25,0.25,0.25,0.25,0.25,0.25
128,,0.2,0.2,0.2,0.2,0.2,0.2,0.2,0.2
129,,0.15,0.15,0.15,0.15,0.15,0.15,0.15,0.15
130,,0.1,0.1,0.1,0.1,0.1,0.1,0.1,0.1
131,,0.05,0.05,0.05,0.05,0.05,0.05,0.05,0.05
132,,0.0,0.0,0.0,0.0,0.0,0.0,0.0,0.0
133,,-0.05,-0.05,-0.05,-0.05,-0.05,-0.05,-0.05,-0.05
134,1,0.95,0.371,0.3,0.229,0.2,0.229,0.3,0.371
135,1,1.0,0.792,0.65,0.508,0.45,0.508,0.65,0.792
136,,0.95,0.742,0.6,0.458,0.4,0.458,0.6,0.742
137,,0.9,0.692,0.55,0.408,0.35,0.408,0.55,0.692
138,,0.85,0.642,0.5,0.358,0.3,0.358,0.5,0.642
139,,0.8,0.592,0.45,0.308,0.25,0.308,0.45,0.592
140,,0.75,0.542,0.4,0.258,0.2,0.258,0.4,0.542
141,,0.7,0.492,0.35,0.208,0.15,0.208,0.35,0.492
142,,0.65,0.442,0.3,0.158,0.1,0.158,0.3,0.442
143,,0.6,0.392,0.25,0.108,0.05,0.108,0.25,0.392
144,,0.55,0.342,0.2,0.058,0.0,0.058,0.2,0.342
145,,0.5,0.292,0.15,0.008,-0.05,0.008,0.15,0.292
146,5,0.75,0.571,0.5,0.429,0.95,0.429,0.5,0.571
147,5,1.0,0.85,0.85,0.85,1.0,0.85,0.85,0.85
148,,0.95,0.8,0.8,0.8,0.95,0.8,0.8,0.8
149,,0.9,0.75,0.75,0.75,0.9,0.75,0.75,0.75
150,,0.85,0.7,0.7,0.7,0.85,0.7,0.7,0.7
151,,0.8,0.65,0.65,0.65,0.8,0.65,0.65,0.65
152,,0.75,0.6,0.6,0.6,0.75,0.6,0.6,0.6
153,,0.7,0.55,0.55,0.55,0.7,0.55,0.55,0.55
154,,0.65,0.5,0.5,0.5,0.65,0.5,0.5,0.5
155,,0.6,0.45,0.45,0.45,0.6,0.45,0.45,0.45
156,,0.55,0.4,0.4,0.4,0.55,0.4,0.4,0.4
157,,0.5,0.35,0.35,0.35,0.5,0.35,0.35,0.35
158,,0.45,0.3,0.3,0.3,0.45,0.3,0.3,0.3
159,,0.4,0.25,0.25,0.25,0.4,0.25,0.25,0.25
160,,0.35,0.2,0.2,0.2,0.35,0.2,0.2,0.2
161,,0.3,0.15,0.15,0.15,0.3,0.15,0.15,0.15
162,,0.25,0.1,0.1,0.1,0.25,0.1,0.1,0.1
163,,0.2,0.05,0.05,0.05,0.2,0.05,0.05,0.05
164,,0.15,0.0,0.0,0.0,0.15,0.0,0.0,0.0
165,,0.1,-0.05,-0.05,-0.05,0.1,-0.05,-0.05,-0.05
166,7,0.45,0.229,0.2,0.229,0.45,0.371,0.95,0.371
167,7,0.8,0.508,0.45,0.508,0.8,0.792,1.0,0.792
168,,0.75,0.458,0.4,0.458,0.75,0.742,0.95,0.742
169,,0.7,0.408,0.35,0.408,0.7,0.692,0.9,0.692
170,,0.65,0.358,0.3,0.358,0.65,0.642,0.85,0.642
171,,0.6,0.308,0.25,0.308,0.6,0.592,0.8,0.592
172,,0.55,0.258,0.2,0.258,0.55,0.542,0.75,0.542
173,,0.5,0.208,0.15,0.208,0.5,0.492,0.7,0.492
174,,0.45,0.158,0.1,0.158,0.45,0.442,0.65,0.442
175,,0.4,0.108,0.05,0.108,0.4,0.392,0.6,0.392
176,,0.35,0.058,0.0,0.058,0.35,0.342,0.55,0.342
177,,0.3,0.008,-0.05,0.008,0.3,0.292,0.5,0.292
178,3,0.65,0.429,0.95,0.429,0.65,0.571,0.75,0.571
179,3,1.0,0.85,1.0,0.85,1.0,0.85,1.0,0.85
180,,0.95,0.8,0.95,0.8,0.95,0.8,0.95,0.8
181,,0.9,0.75,0.9,0.75,0.9,0.75,0.9,0.75
182,,0.85,0.7,0.85,0.7,0.85,0.7,0.85,0.7
183,,0.8,0.65,0.8,0.65,0.8,0.65,0.8,0.65
184,,0.75,0.6,0.75,0.6,0.75,0.6,0.75,0.6
185,,0.7,0.55,0.7,0.55,0.7,0.55,0.7,0.55
186,,0.65,0.5,0.65,0.5,0.65,0.5,0.65,0.5
187,,0.6,0.45,0.6,0.45,0.6,0.45,0.6,0.45
188,,0.55,0.4,0.55,0.4,0.55,0.4,0.55,0.4
189,,0.5,0.35,0.5,0.35,0.5,0.35,0.5,0.35
190,,0.45,0.3,0.45,0.3,0.45,0.3,0.45,0.3
191,,0.4,0.25,0.4,0.25,0.4,0.25,0.4,0.25
192,,0.35,0.2,0.35,0.2,0.35,0.2,0.35,0.2
193,,0.3,0.15,0.3,0.15,0.3,0.15,0.3,0.15
194,,0.25,0.1,0.25,0.1,0.25,0.1,0.25,0.1
195,,0.2,0.05,0.2,0.05,0.2,0.05,0.2,0.05
196,,0.15,0.0,0.15,0.0,0.15,0.0,0.15,0.0
197,,0.1,-0.05,0.1,-0.05,0.1,-0.05,0.1,-0.05
198,4,0.379,0.3,0.521,0.95,0.521,0.3,0.379,0.2
199,4,0.658,0.65,0.942,1.0,0.942,0.65,0.658,0.45
200,,0.608,0.6,0.892,0.95,0.892,0.6,0.608,0.4
201,,0.558,0.55,0.842,0.9,0.842,0.55,0.558,0.35
202,,0.508,0.5,0.792,0.85,0.792,0.5,0.508,0.3
203,,0.458,0.45,0.742,0.8,0.742,0.45,0.458,0.25
204,,0.408,0.4,0.692,0.75,0.692,0.4,0.408,0.2
205,,0.358,0.35,0.642,0.7,0.642,0.35,0.358,0.15
206,,0.308,0.3,0.592,0.65,0.592,0.3,0.308,0.1
207,,0.258,0.25,0.542,0.6,0.542,0.25,0.258,0.05
208,,0.208,0.2,0.492,0.55,0.492,0.2,0.208,0.0
209,,0.158,0.15,0.442,0.5,0.442,0.15,0.158,-0.05
210,8,0.579,0.5,0.721,0.75,0.721,0.5,0.579,0.95
211,8,1.0,0.85,1.0,1.0,1.0,0.85,1.0,1.0
212,,0.95,0.8,0.95,0.95,0.95,0.8,0.95,0.95
213,,0.9,0.75,0.9,0.9,0.9,0.75,0.9,0.9
214,,0.85,0.7,0.85,0.85,0.85,0.7,0.85,0.85
215,,0.8,0.65,0.8,0.8,0.8,0.65,0.8,0.8
216,,0.75,0.6,0.75,0.75,0.75,0.6,0.75,0.75
217,,0.7,0.55,0.7,0.7,0.7,0.55,0.7,0.7
218,,0.65,0.5,0.65,0.65,0.65,0.5,0.65,0.65
219,,0.6,0.45,0.6,0.6,0.6,0.45,0.6,0.6
220,,0.55,0.4,0.55,0.55,0.55,0.4,0.55,0.55
221,,0.5,0.35,0.5,0.5,0.5,0.35,0.5,0.5
222,,0.45,0.3,0.45,0.45,0.45,0.3,0.45,0.45
223,,0.4,0.25,0.4,0.4,0.4,0.25,0.4,0.4
224,,0.35,0.2,0.35,0.35,0.35,0.2,0.35,0.35
225,,0.3,0.15,0.3,0.3,0.3,0.15,0.3,0.3
226,,0.25,0.1,0.25,0.25,0.25,0.1,0.25,0.25
227,,0.2,0.05,0.2,0.2,0.2,0.05,0.2,0.2
228,,0.15,0.0,0.15,0.15,0.15,0.0,0.15,0.15
229,,0.1,-0.05,0.1,0.1,0.1,-0.05,0.1,0.1
230,2,0.521,0.95,0.521,0.45,0.379,0.2,0.379,0.45
231,2,0.942,1.0,0.942,0.8,0.658,0.45,0.658,0.8
232,,0.892,0.95,0.892,0.75,0.608,0.4,0.608,0.75
233,,0.842,0.9,0.842,0.7,0.558,0.35,0.558,0.7
234,,0.792,0.85,0.792,0.65,0.508,0.3,0.508,0.65
235,,0.742,0.8,0.742,0.6,0.458,0.25,0.458,0.6
236,,0.692,0.75,0.692,0.55,0.408,0.2,0.408,0.55
237,,0.642,0.7,0.642,0.5,0.358,0.15,0.358,0.5
238,,0.592,0.65,0.592,0.45,0.308,0.1,0.308,0.45
239,,0.542,0.6,0.542,0.4,0.258,0.05,0.258,0.4
240,,0.492,0.55,0.492,0.35,0.208,0.0,0.208,0.35
241,,0.442,0.5,0.442,0.3,0.158,-0.05,0.158,0.3
242,6,0.721,0.75,0.721,0.65,0.579,0.95,0.579,0.65
243,6,1.0,1.0,1.0,1.0,1.0,1.0,1.0,1.0
244,,0.95,0.95,0.95,0.95,0.95,0.95,0.95,0.95
245,,0.9,0.9,0.9,0.9,0.9,0.9,0.9,0.9
246,,0.85,0.85,0.85,0.85,0.85,0.85,0.85,0.85
247,,0.8,0.8,0.8,0.8,0.8,0.8,0.8,0.8
248,,0.75,0.75,0.75,0.75,0.75,0.75,0.75,0.75
249,,0.7,0.7,0.7,0.7,0.7,0.7,0.7,0.7
250,,0.65,0.65,0.65,0.65,0.65,0.65,0.65,0.65
251,,0.6,0.6,0.6,0.6,0.6,0.6,0.6,0.6
252,,0.55,0.55,0.55,0.55,0.55,0.55,0.55,0.55
253,,0.5,0.5,0.5,0.5,0.5,0.5,0.5,0.5
254,,0.45,0.45,0.45,0.45,0.45,0.45,0.45,0.45
255,,0.4,0.4,0.4,0.4,0.4,0.4,0.4,0.4
256,,0.35,0.35,0.35,0.35,0.35,0.35,0.35,0.35
257,,0.3,0.3,0.3,0.3,0.3,0.3,0.3,0.3
258,,0.25,0.25,0.25,0.25,0.25,0.25,0.25,0.25
259,,0.2,0.2,0.2,0.2,0.2,0.2,0.2,0.2
260,,0.15,0.15,0.15,0.15,0.15,0.15,0.15,0.15
261,,0.1,0.1,0.1,0.1,0.1,0.1,0.1,0.1
262,,0.05,0.05,0.05,0.05,0.05,0.05,0.05,0.05
263,,0.0,0.0,0.0,0.0,0.0,0.0,0.0,0.0
264,,-0.05,-0.05,-0.05,-0.05,-0.05,-0.05,-0.05,-0.05
265,6,0.229,0.2,0.229,0.3,0.371,0.95,0.371,0.3
266,6,0.508,0.45,0.508,0.65,0.792,1.0,0.792,0.65
267,,0.458,0.4,0.458,0.6,0.742,0.95,0.742,0.6
268,,0.408,0.35,0.408,0.55,0.692,0.9,0.692,0.55
269,,0.358,0.3,0.358,0.5,0.642,0.85,0.642,0.5
270,,0.308,0.25,0.308,0.45,0.592,0.8,0.592,0.45
271,,0.258,0.2,0.258,0.4,0.542,0.75,0.542,0.4
272,,0.208,0.15,0.208,0.35,0.492,0.7,0.492,0.35
273,,0.158,0.1,0.158,0.3,0.442,0.65,0.442,0.3
274,,0.108,0.05,0.108,0.25,0.392,0.6,0.392,0.25
275,,0.058,0.0,0.058,0.2,0.342,0.55,0.342,0.2
276,,0.008,-0.05,0.008,0.15,0.292,0.5,0.292,0.15
277,2,0.429,0.95,0.429,0.5,0.571,0.75,0.571,0.5
278,2,0.85,1.0,0.85,0.85,0.85,1.0,0.85,0.85
279,,0.8,0.95,0.8,0.8,0.8,0.95,0.8,0.8
280,,0.75,0.9,0.75,0.75,0.75,0.9,0.75,0.75
281,,0.7,0.85,0.7,0.7,0.7,0.85,0.7,0.7
282,,0.65,0.8,0.65,0.65,0.65,0.8,0.65,0.65
283,,0.6,0.75,0.6,0.6,0.6,0.75,0.6,0.6
284,,0.55,0.7,0.55,0.55,0.55,0.7,0.55,0.55
285,,0.5,0.65,0.5,0.5,0.5,0.65,0.5,0.5
286,,0.45,0.6,0.45,0.45,0.45,0.6,0.45,0.45
287,,0.4,0.55,0.4,0.4,0.4,0.55,0.4,0.4
288,,0.35,0.5,0.35,0.35,0.35,0.5,0.35,0.35
289,,0.3,0.45,0.3,0.3,0.3,0.45,0.3,0.3
290,,0.25,0.4,0.25,0.25,0.25,0.4,0.25,0.25
291,,0.2,0.35,0.2,0.2,0.2,0.35,0.2,0.2
292,,0.15,0.3,0.15,0.15,0.15,0.3,0.15,0.15
293,,0.1,0.25,0.1,0.1,0.1,0.25,0.1,0.1
294,,0.05,0.2,0.05,0.05,0.05,0.2,0.05,0.05
295,,0.0,0.15,0.0,0.0,0.0,0.15,0.0,0.0
296,,-0.05,0.1,-0.05,-0.05,-0.05,0.1,-0.05,-0.05
297,1,0.95,0.521,0.3,0.229,0.2,0.379,0.3,0.371
298,1,1.0,0.942,0.65,0.508,0.45,0.658,0.65,0.792
299,,0.95,0.892,0.6,0.458,0.4,0.608,0.6,0.742
300,,0.9,0.842,0.55,0.408,0.35,0.558,0.55,0.692
301,,0.85,0.792,0.5,0.358,0.3,0.508,0.5,0.642
302,,0.8,0.742,0.45,0.308,0.25,0.458,0.45,0.592
303,,0.75,0.692,0.4,0.258,0.2,0.408,0.4,0.542
304,,0.7,0.642,0.35,0.208,0.15,0.358,0.35,0.492
305,,0.65,0.592,0.3,0.158,0.1,0.308,0.3,0.442
306,,0.6,0.542,0.25,0.108,0.05,0.258,0.25,0.392
307,,0.55,0.492,0.2,0.058,0.0,0.208,0.2,0.342
308,,0.5,0.442,0.15,0.008,-0.05,0.158,0.15,0.292
309,5,0.75,0.721,0.5,0.429,0.95,0.579,0.5,0.571
310,5,1.0,1.0,0.85,0.85,1.0,1.0,0.85,0.85
311,,0.95,0.95,0.8,0.8,0.95,0.95,0.8,0.8
312,,0.9,0.9,0.75,0.75,0.9,0.9,0.75,0.75
313,,0.85,0.85,0.7,0.7,0.85,0.85,0.7,0.7
314,,0.8,0.8,0.65,0.65,0.8,0.8,0.65,0.65
315,,0.75,0.75,0.6,0.6,0.75,0.75,0.6,0.6
316,,0.7,0.7,0.55,0.55,0.7,0.7,0.55,0.55
317,,0.65,0.65,0.5,0.5,0.65,0.65,0.5,0.5
318,,0.6,0.6,0.45,0.45,0.6,0.6,0.45,0.45
319,,0.55,0.55,0.4,0.4,0.55,0.55,0.4,0.4
320,,0.5,0.5,0.35,0.35,0.5,0.5,0.35,0.35
321,,0.45,0.45,0.3,0.3,0.45,0.45,0.3,0.3
322,,0.4,0.4,0.25,0.25,0.4,0.4,0.25,0.25
323,,0.35,0.35,0.2,0.2,0.35,0.35,0.2,0.2
324,,0.3,0.3,0.15,0.15,0.3,0.3,0.15,0.15
325,,0.25,0.25,0.1,0.1,0.25,0.25,0.1,0.1
326,,0.2,0.2,0.05,0.05,0.2,0.2,0.05,0.05
327,,0.15,0.15,0.0,0.0,0.15,0.15,0.0,0.0
328,,0.1,0.1,-0.05,-0.05,0.1,0.1,-0.05,-0.05
329,7,0.45,0.379,0.2,0.229,0.45,0.521,0.95,0.371
330,7,0.8,0.658,0.45,0.508,0.8,0.942,1.0,0.792
331,,0.75,0.608,0.4,0.458,0.75,0.892,0.95,0.742
332,,0.7,0.558,0.35,0.408,0.7,0.842,0.9,0.692
333,,0.65,0.508,0.3,0.358,0.65,0.792,0.85,0.642
334,,0.6,0.458,0.25,0.308,0.6,0.742,0.8,0.592
335,,0.55,0.408,0.2,0.258,0.55,0.692,0.75,0.542
336,,0.5,0.358,0.15,0.208,0.5,0.642,0.7,0.492
337,,0.45,0.308,0.1,0.158,0.45,0.592,0.65,0.442
338,,0.4,0.258,0.05,0.108,0.4,0.542,0.6,0.392
339,,0.35,0.208,0.0,0.058,0.35,0.492,0.55,0.342
340,,0.3,0.158,-0.05,0.008,0.3,0.442,0.5,0.292
341,3,0.65,0.579,0.95,0.429,0.65,0.721,0.75,0.571
342,3,1.0,1.0,1.0,0.85,1.0,1.0,1.0,0.85
343,,0.95,0.95,0.95,0.8,0.95,0.95,0.95,0.8
344,,0.9,0.9,0.9,0.75,0.9,0.9,0.9,0.75
345,,0.85,0.85,0.85,0.7,0.85,0.85,0.85,0.7
346,,0.8,0.8,0.8,0.65,0.8,0.8,0.8,0.65
347,,0.75,0.75,0.75,0.6,0.75,0.75,0.75,0.6
348,,0.7,0.7,0.7,0.55,0.7,0.7,0.7,0.55
349,,0.65,0.65,0.65,0.5,0.65,0.65,0.65,0.5
350,,0.6,0.6,0.6,0.45,0.6,0.6,0.6,0.45
351,,0.55,0.55,0.55,0.4,0.55,0.55,0.55,0.4
352,,0.5,0.5,0.5,0.35,0.5,0.5,0.5,0.35
353,,0.45,0.45,0.45,0.3,0.45,0.45,0.45,0.3
354,,0.4,0.4,0.4,0.25,0.4,0.4,0.4,0.25
355,,0.35,0.35,0.35,0.2,0.35,0.35,0.35,0.2
356,,0.3,0.3,0.3,0.15,0.3,0.3,0.3,0.15
357,,0.25,0.25,0.25,0.1,0.25,0.25,0.25,0.1
358,,0.2,0.2,0.2,0.05,0.2,0.2,0.2,0.05
359,,0.15,0.15,0.15,0.0,0.15,0.15,0.15,0.0
360,,0.1,0.1,0.1,-0.05,0.1,0.1,0.1,-0.05
361,4,0.379,0.45,0.521,0.95,0.521,0.45,0.379,0.2
362,4,0.658,0.8,0.942,1.0,0.942,0.8,0.658,0.45
363,,0.608,0.75,0.892,0.95,0.892,0.75,0.608,0.4
364,,0.558,0.7,0.842,0.9,0.842,0.7,0.558,0.35
365,,0.508,0.65,0.792,0.85,0.792,0.65,0.508,0.3
366,,0.458,0.6,0.742,0.8,0.742,0.6,0.458,0.25
367,,0.408,0.55,0.692,0.75,0.692,0.55,0.408,0.2
368,,0.358,0.5,0.642,0.7,0.642,0.5,0.358,0.15
369,,0.308,0.45,0.592,0.65,0.592,0.45,0.308,0.1
370,,0.258,0.4,0.542,0.6,0.542,0.4,0.258,0.05
371,,0.208,0.35,0.492,0.55,0.492,0.35,0.208,0.0
372,,0.158,0.3,0.442,0.5,0.442,0.3,0.158,-0.05
373,8,0.579,0.65,0.721,0.75,0.721,0.65,0.579,0.95
374,8,1.0,1.0,1.0,1.0,1.0,1.0,1.0,1.0
375,,0.95,0.95,0.95,0.95,0.95,0.95,0.95,0.95
376,,0.9,0.9,0.9,0.9,0.9,0.9,0.9,0.9
377,,0.85,0.85,0.85,0.85,0.85,0.85,0.85,0.85
378,,0.8,0.8,0.8,0.8,0.8,0.8,0.8,0.8
379,,0.75,0.75,0.75,0.75,0.75,0.75,0.75,0.75
380,,0.7,0.7,0.7,0.7,0.7,0.7,0.7,0.7
381,,0.65,0.65,0.65,0.65,0.65,0.65,0.65,0.65
382,,0.6,0.6,0.6,0.6,0.6,0.6,0.6,0.6
383,,0.55,0.55,0.55,0.55,0.55,0.55,0.55,0.55
384,,0.5,0.5,0.5,0.5,0.5,0.5,0.5,0.5
385,,0.45,0.45,0.45,0.45,0.45,0.45,0.45,0.45
386,,0.4,0.4,0.4,0.4,0.4,0.4,0.4,0.4
387,,0.35,0.35,0.35,0.35,0.35,0.35,0.35,0.35
388,,0.3,0.3,0.3,0.3,0.3,0.3,0.3,0.3
389,,0.25,0.25,0.25,0.25,0.25,0.25,0.25,0.25
390,,0.2,0.2,0.2,0.2,0.2,0.2,0.2,0.2
391,,0.15,0.15,0.15,0.15,0.15,0.15,0.15,0.15
392,,0.1,0.1,0.1,0.1,0.1,0.1,0.1,0.1
393,,0.05,0.05,0.05,0.05,0.05,0.05,0.05,0.05
394,,0.0,0.0,0.0,0.0,0.0,0.0,0.0,0.0
395,,-0.05,-0.05,-0.05,-0.05,-0.05,-0.05,-0.05,-0.05
396,5,0.2,0.229,0.3,0.371,0.95,0.371,0.3,0.229
397,5,0.45,0.508,0.65,0.792,1.0,0.792,0.65,0.508
398,,0.4,0.458,0.6,0.742,0.95,0.742,0.6,0.458
399,,0.35,0.408,0.55,0.692,0.9,0.692,0.55,0.408
400,,0.3,0.358,0.5,0.642,0.85,0.642,0.5,0.358
401,,0.25,0.308,0.45,0.592,0.8,0.592,0.45,0.308
402,,0.2,0.258,0.4,0.542,0.75,0.542,0.4,0.258
403,,0.15,0.208,0.35,0.492,0.7,0.492,0.35,0.208
404,,0.1,0.158,0.3,0.442,0.65,0.442,0.3,0.158
405,,0.05,0.108,0.25,0.392,0.6,0.392,0.25,0.108
406,,0.0,0.058,0.2,0.342,0.55,0.342,0.2,0.058
407,,-0.05,0.008,0.15,0.292,0.5,0.292,0.15,0.008
408,1,0.95,0.429,0.5,0.571,0.75,0.571,0.5,0.429
409,1,1.0,0.85,0.85,0.85,1.0,0.85,0.85,0.85
410,,0.95,0.8,0.8,0.8,0.95,0.8,0.8,0.8
411,,0.9,0.75,0.75,0.75,0.9,0.75,0.75,0.75
412,,0.85,0.7,0.7,0.7,0.85,0.7,0.7,0.7
413,,0.8,0.65,0.65,0.65,0.8,0.65,0.65,0.65
414,,0.75,0.6,0.6,0.6,0.75,0.6,0.6,0.6
415,,0.7,0.55,0.55,0.55,0.7,0.55,0.55,0.55
416,,0.65,0.5,0.5,0.5,0.65,0.5,0.5,0.5
417,,0.6,0.45,0.45,0.45,0.6,0.45,0.45,0.45
418,,0.55,0.4,0.4,0.4,0.55,0.4,0.4,0.4
419,,0.5,0.35,0.35,0.35,0.5,0.35,0.35,0.35
420,,0.45,0.3,0.3,0.3,0.45,0.3,0.3,0.3
421,,0.4,0.25,0.25,0.25,0.4,0.25,0.25,0.25
422,,0.35,0.2,0.2,0.2,0.35,0.2,0.2,0.2
423,,0.3,0.15,0.15,0.15,0.3,0.15,0.15,0.15
424,,0.25,0.1,0.1,0.1,0.25,0.1,0.1,0.1
425,,0.2,0.05,0.05,0.05,0.2,0.05,0.05,0.05
426,,0.15,0.0,0.0,0.0,0.15,0.0,0.0,0.0
427,,0.1,-0.05,-0.05,-0.05,0.1,-0.05,-0.05,-0.05
428,6,0.379,0.2,0.229,0.3,0.521,0.95,0.371,0.3
429,6,0.658,0.45,0.508,0.65,0.942,1.0,0.792,0.65
430,,0.608,0.4,0.458,0.6,0.892,0.95,0.742,0.6
431,,0.558,0.35,0.408,0.55,0.842,0.9,0.692,0.55
432,,0.508,0.3,0.358,0.5,0.792,0.85,0.642,0.5
433,,0.458,0.25,0.308,0.45,0.742,0.8,0.592,0.45
434,,0.408,0.2,0.258,0.4,0.692,0.75,0.542,0.4
435,,0.358,0.15,0.208,0.35,0.642,0.7,0.492,0.35
436,,0.308,0.1,0.158,0.3,0.592,0.65,0.442,0.3
437,,0.258,0.05,0.108,0.25,0.542,0.6,0.392,0.25
438,,0.208,0.0,0.058,0.2,0.492,0.55,0.342,0.2
439,,0.158,-0.05,0.008,0.15,0.442,0.5,0.292,0.15
440,2,0.579,0.95,0.429,0.5,0.721,0.75,0.571,0.5
441,2,1.0,1.0,0.85,0.85,1.0,1.0,0.85,0.85
442,,0.95,0.95,0.8,0.8,0.95,0.95,0.8,0.8
443,,0.9,0.9,0.75,0.75,0.9,0.9,0.75,0.75
444,,0.85,0.85,0.7,0.7,0.85,0.85,0.7,0.7
445,,0.8,0.8,0.65,0.65,0.8,0.8,0.65,0.65
446,,0.75,0.75,0.6,0.6,0.75,0.75,0.6,0.6
447,,0.7,0.7,0.55,0.55,0.7,0.7,0.55,0.55
448,,0.65,0.65,0.5,0.5,0.65,0.65,0.5,0.5
449,,0.6,0.6,0.45,0.45,0.6,0.6,0.45,0.45
450,,0.55,0.55,0.4,0.4,0.55,0.55,0.4,0.4
451,,0.5,0.5,0.35,0.35,0.5,0.5,0.35,0.35
452,,0.45,0.45,0.3,0.3,0.45,0.45,0.3,0.3
453,,0.4,0.4,0.25,0.25,0.4,0.4,0.25,0.25
454,,0.35,0.35,0.2,0.2,0.35,0.35,0.2,0.2
455,,0.3,0.3,0.15,0.15,0.3,0.3,0.15,0.15
456,,0.25,0.25,0.1,0.1,0.25,0.25,0.1,0.1
457,,0.2,0.2,0.05,0.05,0.2,0.2,0.05,0.05
458,,0.15,0.15,0.0,0.0,0.15,0.15,0.0,0.0
459,,0.1,0.1,-0.05,-0.05,0.1,0.1,-0.05,-0.05
460,4,0.379,0.45,0.371,0.95,0.521,0.45,0.229,0.2
461,4,0.658,0.8,0.792,1.0,0.942,0.8,0.508,0.45
462,,0.608,0.75,0.742,0.95,0.892,0.75,0.458,0.4
463,,0.558,0.7,0.692,0.9,0.842,0.7,0.408,0.35
464,,0.508,0.65,0.642,0.85,0.792,0.65,0.358,0.3
465,,0.458,0.6,0.592,0.8,0.742,0.6,0.308,0.25
466,,0.408,0.55,0.542,0.75,0.692,0.55,0.258,0.2
467,,0.358,0.5,0.492,0.7,0.642,0.5,0.208,0.15
468,,0.308,0.45,0.442,0.65,0.592,0.45,0.158,0.1
469,,0.258,0.4,0.392,0.6,0.542,0.4,0.108,0.05
470,,0.208,0.35,0.342,0.55,0.492,0.35,0.058,0.0
471,,0.158,0.3,0.292,0.5,0.442,0.3,0.008,-0.05
472,8,0.579,0.65,0.571,0.75,0.721,0.65,0.429,0.95
473,8,1.0,1.0,0.85,1.0,1.0,1.0,0.85,1.0
474,,0.95,0.95,0.8,0.95,0.95,0.95,0.8,0.95
475,,0.9,0.9,0.75,0.9,0.9,0.9,0.75,0.9
476,,0.85,0.85,0.7,0.85,0.85,0.85,0.7,0.85
477,,0.8,0.8,0.65,0.8,0.8,0.8,0.65,0.8
478,,0.75,0.75,0.6,0.75,0.75,0.75,0.6,0.75
479,,0.7,0.7,0.55,0.7,0.7,0.7,0.55,0.7
480,,0.65,0.65,0.5,0.65,0.65,0.65,0.5,0.65
481,,0.6,0.6,0.45,0.6,0.6,0.6,0.45,0.6
482,,0.55,0.55,0.4,0.55,0.55,0.55,0.4,0.55
483,,0.5,0.5,0.35,0.5,0.5,0.5,0.35,0.5
484,,0.45,0.45,0.3,0.45,0.45,0.45,0.3,0.45
485,,0.4,0.4,0.25,0.4,0.4,0.4,0.25,0.4
486,,0.35,0.35,0.2,0.35,0.35,0.35,0.2,0.35
487,,0.3,0.3,0.15,0.3,0.3,0.3,0.15,0.3
488,,0.25,0.25,0.1,0.25,0.25,0.25,0.1,0.25
489,,0.2,0.2,0.05,0.2,0.2,0.2,0.05,0.2
490,,0.15,0.15,0.0,0.15,0.15,0.15,0.0,0.15
491,,0.1,0.1,-0.05,0.1,0.1,0.1,-0.05,0.1
492,3,0.45,0.521,0.95,0.521,0.45,0.379,0.2,0.379
493,3,0.8,0.942,1.0,0.942,0.8,0.658,0.45,0.658
494,,0.75,0.892,0.95,0.892,0.75,0.608,0.4,0.608
495,,0.7,0.842,0.9,0.842,0.7,0.558,0.35,0.558
496,,0.65,0.792,0.85,0.792,0.65,0.508,0.3,0.508
497,,0.6,0.742,0.8,0.742,0.6,0.458,0.25,0.458
498,,0.55,0.692,0.75,0.692,0.55,0.408,0.2,0.408
499,,0.5,0.642,0.7,0.642,0.5,0.358,0.15,0.358
500,,0.45,0.592,0.65,0.592,0.45,0.308,0.1,0.308
501,,0.4,0.542,0.6,0.542,0.4,0.258,0.05,0.258
502,,0.35,0.492,0.55,0.492,0.35,0.208,0.0,0.208
503,,0.3,0.442,0.5,0.442,0.3,0.158,-0.05,0.158
504,7,0.65,0.721,0.75,0.721,0.65,0.579,0.95,0.579
505,7,1.0,1.0,1.0,1.0,1.0,1.0,1.0,1.0
506,,0.95,0.95,0.95,0.95,0.95,0.95,0.95,0.95
507,,0.9,0.9,0.9,0.9,0.9,0.9,0.9,0.9
508,,0.85,0.85,0.85,0.85,0.85,0.85,0.85,0.85
509,,0.8,0.8,0.8,0.8,0.8,0.8,0.8,0.8
510,,0.75,0.75,0.75,0.75,0.75,0.75,0.75,0.75
511,,0.7,0.7,0.7,0.7,0.7,0.7,0.7,0.7
512,,0.65,0.65,0.65,0.65,0.65,0.65,0.65,0.65
513,,0.6,0.6,0.6,0.6,0.6,0.6,0.6,0.6
514,,0.55,0.55,0.55,0.55,0.55,0.55,0.55,0.55
515,,0.5,0.5,0.5,0.5,0.5,0.5,0.5,0.5
516,,0.45,0.45,0.45,0.45,0.45,0.45,0.45,0.45
517,,0.4,0.4,0.4,0.4,0.4,0.4,0.4,0.4
518,,0.35,0.35,0.35,0.35,0.35,0.35,0.35,0.35
519,,0.3,0.3,0.3,0.3,0.3,0.3,0.3,0.3
520,,0.25,0.25,0.25,0.25,0.25,0.25,0.25,0.25
521,,0.2,0.2,0.2,0.2,0.2,0.2,0.2,0.2
522,,0.15,0.15,0.15,0.15,0.15,0.15,0.15,0.15
523,,0.1,0.1,0.1,0.1,0.1,0.1,0.1,0.1
524,,0.05,0.05,0.05,0.05,0.05,0.05,0.05,0.05
525,,0.0,0.0,0.0,0.0,0.0,0.0,0.0,0.0
526,,-0.05,-0.05,-0.05,-0.05,-0.05,-0.05,-0.05,-0.05
527,1,0.95,0.371,0.3,0.229,0.2,0.229,0.3,0.371
528,1,1.0,0.792,0.65,0.508,0.45,0.508,0.65,0.792
529,,0.95,0.742,0.6,0.458,0.4,0.458,0.6,0.742
530,,0.9,0.692,0.55,0.408,0.35,0.408,0.55,0.692
531,,0.85,0.642,0.5,0.358,0.3,0.358,0.5,0.642
532,,0.8,0.592,0.45,0.308,0.25,0.308,0.45,0.592
533,,0.75,0.542,0.4,0.258,0.2,0.258,0.4,0.542
534,,0.7,0.492,0.35,0.208,0.15,0.208,0.35,0.492
535,,0.65,0.442,0.3,0.158,0.1,0.158,0.3,0.442
536,,0.6,0.392,0.25,0.108,0.05,0.108,0.25,0.392
537,,0.55,0.342,0.2,0.058,0.0,0.058,0.2,0.342
538,,0.5,0.292,0.15,0.008,-0.05,0.008,0.15,0.292
539,5,0.75,0.571,0.5,0.429,0.95,0.429,0.5,0.571
540,5,1.0,0.85,0.85,0.85,1.0,0.85,0.85,0.85
541,,0.95,0.8,0.8,0.8,0.95,0.8,0.8,0.8
542,,0.9,0.75,0.75,0.75,0.9,0.75,0.75,0.75
543,,0.85,0.7,0.7,0.7,0.85,0.7,0.7,0.7
544,,0.8,0.65,0.65,0.65,0.8,0.65,0.65,0.65
545,,0.75,0.6,0.6,0.6,0.75,0.6,0.6,0.6
546,,0.7,0.55,0.55,0.55,0.7,0.55,0.55,0.55
547,,0.65,0.5,0.5,0.5,0.65,0.5,0.5,0.5
548,,0.6,0.45,0.45,0.45,0.6,0.45,0.45,0.45
549,,0.55,0.4,0.4,0.4,0.55,0.4,0.4,0.4
550,,0.5,0.35,0.35,0.35,0.5,0.35,0.35,0.35
551,,0.45,0.3,0.3,0.3,0.45,0.3,0.3,0.3
552,,0.4,0.25,0.25,0.25,0.4,0.25,0.25,0.25
553,,0.35,0.2,0.2,0.2,0.35,0.2,0.2,0.2
554,,0.3,0.15,0.15,0.15,0.3,0.15,0.15,0.15
555,,0.25,0.1,0.1,0.1,0.25,0.1,0.1,0.1
556,,0.2,0.05,0.05,0.05,0.2,0.05,0.05,0.05
557,,0.15,0.0,0.0,0.0,0.15,0.0,0.0,0.0
558,,0.1,-0.05,-0.05,-0.05,0.1,-0.05,-0.05,-0.05
559,3,0.45,0.371,0.95,0.371,0.45,0.229,0.2,0.229
560,3,0.8,0.792,1.0,0.792,0.8,0.508,0.45,0.508
561,,0.75,0.742,0.95,0.742,0.75,0.458,0.4,0.458
562,,0.7,0.692,0.9,0.692,0.7,0.408,0.35,0.408
563,,0.65,0.642,0.85,0.642,0.65,0.358,0.3,0.358
564,,0.6,0.592,0.8,0.592,0.6,0.308,0.25,0.308
565,,0.55,0.542,0.75,0.542,0.55,0.258,0.2,0.258
566,,0.5,0.492,0.7,0.492,0.5,0.208,0.15,0.208
567,,0.45,0.442,0.65,0.442,0.45,0.158,0.1,0.158
568,,0.4,0.392,0.6,0.392,0.4,0.108,0.05,0.108
569,,0.35,0.342,0.55,0.342,0.35,0.058,0.0,0.058
570,,0.3,0.292,0.5,0.292,0.3,0.008,-0.05,0.008
571,7,0.65,0.571,0.75,0.571,0.65,0.429,0.95,0.429
572,7,1.0,0.85,1.0,0.85,1.0,0.85,1.0,0.85
573,,0.95,0.8,0.95,0.8,0.95,0.8,0.95,0.8
574,,0.9,0.75,0.9,0.75,0.9,0.75,0.9,0.75
575,,0.85,0.7,0.85,0.7,0.85,0.7,0.85,0.7
576,,0.8,0.65,0.8,0.65,0.8,0.65,0.8,0.65
577,,0.75,0.6,0.75,0.6,0.75,0.6,0.75,0.6
578,,0.7,0.55,0.7,0.55,0.7,0.55,0.7,0.55
579,,0.65,0.5,0.65,0.5,0.65,0.5,0.65,0.5
580,,0.6,0.45,0.6,0.45,0.6,0.45,0.6,0.45
581,,0.55,0.4,0.55,0.4,0.55,0.4,0.55,0.4
582,,0.5,0.35,0.5,0.35,0.5,0.35,0.5,0.35
583,,0.45,0.3,0.45,0.3,0.45,0.3,0.45,0.3
584,,0.4,0.25,0.4,0.25,0.4,0.25,0.4,0.25
585,,0.35,0.2,0.35,0.2,0.35,0.2,0.35,0.2
586,,0.3,0.15,0.3,0.15,0.3,0.15,0.3,0.15
587,,0.25,0.1,0.25,0.1,0.25,0.1,0.25,0.1
588,,0.2,0.05,0.2,0.05,0.2,0.05,0.2,0.05
589,,0.15,0.0,0.15,0.0,0.15,0.0,0.15,0.0
590,,0.1,-0.05,0.1,-0.05,0.1,-0.05,0.1,-0.05
591,8,0.521,0.3,0.379,0.2,0.379,0.3,0.521,0.95
592,8,0.942,0.65,0.658,0.45,0.658,0.65,0.942,1.0
593,,0.892,0.6,0.608,0.4,0.608,0.6,0.892,0.95
594,,0.842,0.55,0.558,0.35,0.558,0.55,0.842,0.9
595,,0.792,0.5,0.508,0.3,0.508,0.5,0.792,0.85
596,,0.742,0.45,0.458,0.25,0.458,0.45,0.742,0.8
597,,0.692,0.4,0.408,0.2,0.408,0.4,0.692,0.75
598,,0.642,0.35,0.358,0.15,0.358,0.35,0.642,0.7
599,,0.592,0.3,0.308,0.1,0.308,0.3,0.592,0.65
600,,0.542,0.25,0.258,0.05,0.258,0.25,0.542,0.6
601,,0.492,0.2,0.208,0.0,0.208,0.2,0.492,0.55
602,,0.442,0.15,0.158,-0.05,0.158,0.15,0.442,0.5
603,4,0.721,0.5,0.579,0.95,0.579,0.5,0.721,0.75
604,4,1.0,0.85,1.0,1.0,1.0,0.85,1.0,1.0
605,,0.95,0.8,0.95,0.95,0.95,0.8,0.95,0.95
606,,0.9,0.75,0.9,0.9,0.9,0.75,0.9,0.9
607,,0.85,0.7,0.85,0.85,0.85,0.7,0.85,0.85
608,,0.8,0.65,0.8,0.8,0.8,0.65,0.8,0.8
609,,0.75,0.6,0.75,0.75,0.75,0.6,0.75,0.75
610,,0.7,0.55,0.7,0.7,0.7,0.55,0.7,0.7
611,,0.65,0.5,0.65,0.65,0.65,0.5,0.65,0.65
612,,0.6,0.45,0.6,0.6,0.6,0.45,0.6,0.6
613,,0.55,0.4,0.55,0.55,0.55,0.4,0.55,0.55
614,,0.5,0.35,0.5,0.5,0.5,0.35,0.5,0.5
615,,0.45,0.3,0.45,0.45,0.45,0.3,0.45,0.45
616,,0.4,0.25,0.4,0.4,0.4,0.25,0.4,0.4
617,,0.35,0.2,0.35,0.35,0.35,0.2,0.35,0.35
618,,0.3,0.15,0.3,0.3,0.3,0.15,0.3,0.3
619,,0.25,0.1,0.25,0.25,0.25,0.1,0.25,0.25
620,,0.2,0.05,0.2,0.2,0.2,0.05,0.2,0.2
621,,0.15,0.0,0.15,0.15,0.15,0.0,0.15,0.15
622,,0.1,-0.05,0.1,0.1,0.1,-0.05,0.1,0.1
623,2,0.521,0.95,0.521,0.45,0.379,0.2,0.379,0.45
624,2,0.942,1.0,0.942,0.8,0.658,0.45,0.658,0.8
625,,0.892,0.95,0.892,0.75,0.608,0.4,0.608,0.75
626,,0.842,0.9,0.842,0.7,0.558,0.35,0.558,0.7
627,,0.792,0.85,0.792,0.65,0.508,0.3,0.508,0.65
628,,0.742,0.8,0.742,0.6,0.458,0.25,0.458,0.6
629,,0.692,0.75,0.692,0.55,0.408,0.2,0.408,0.55
630,,0.642,0.7,0.642,0.5,0.358,0.15,0.358,0.5
631,,0.592,0.65,0.592,0.45,0.308,0.1,0.308,0.45
632,,0.542,0.6,0.542,0.4,0.258,0.05,0.258,0.4
633,,0.492,0.55,0.492,0.35,0.208,0.0,0.208,0.35
634,,0.442,0.5,0.442,0.3,0.158,-0.05,0.158,0.3
635,6,0.721,0.75,0.721,0.65,0.579,0.95,0.579,0.65
636,6,1.0,1.0,1.0,1.0,1.0,1.0,1.0,1.0
637,,0.95,0.95,0.95,0.95,0.95,0.95,0.95,0.95
638,,0.9,0.9,0.9,0.9,0.9,0.9,0.9,0.9
639,,0.85,0.85,0.85,0.85,0.85,0.85,0.85,0.85
640,,0.8,0.8,0.8,0.8,0.8,0.8,0.8,0.8
641,,0.75,0.75,0.75,0.75,0.75,0.75,0.75,0.75
642,,0.7,0.7,0.7,0.7,0.7,0.7,0.7,0.7
643,,0.65,0.65,0.65,0.65,0.65,0.65,0.65,0.65
644,,0.6,0.6,0.6,0.6,0.6,0.6,0.6,0.6
645,,0.55,0.55,0.55,0.55,0.55,0.55,0.55,0.55
646,,0.5,0.5,0.5,0.5,0.5,0.5,0.5,0.5
647,,0.45,0.45,0.45,0.45,0.45,0.45,0.45,0.45
648,,0.4,0.4,0.4,0.4,0.4,0.4,0.4,0.4
649,,0.35,0.35,0.35,0.35,0.35,0.35,0.35,0.35
650,,0.3,0.3,0.3,0.3,0.3,0.3,0.3,0.3
651,,0.25,0.25,0.25,0.25,0.25,0.25,0.25,0.25
652,,0.2,0.2,0.2,0.2,0.2,0.2,0.2,0.2
653,,0.15,0.15,0.15,0.15,0.15,0.15,0.15,0.15
654,,0.1,0.1,0.1,0.1,0.1,0.1,0.1,0.1
655,,0.05,0.05,0.05,0.05,0.05,0.05,0.05,0.05
656,,0.0,0.0,0.0,0.0,0.0,0.0,0.0,0.0
657,,-0.05,-0.05,-0.05,-0.05,-0.05,-0.05,-0.05,-0.05
658,8,0.371,0.3,0.229,0.2,0.229,0.3,0.371,0.95
659,8,0.792,0.65,0.508,0.45,0.508,0.65,0.792,1.0
660,,0.742,0.6,0.458,0.4,0.458,0.6,0.742,0.95
661,,0.692,0.55,0.408,0.35,0.408,0.55,0.692,0.9
662,,0.642,0.5,0.358,0.3,0.358,0.5,0.642,0.85
663,,0.592,0.45,0.308,0.25,0.308,0.45,0.592,0.8
664,,0.542,0.4,0.258,0.2,0.258,0.4,0.542,0.75
665,,0.492,0.35,0.208,0.15,0.208,0.35,0.492,0.7
666,,0.442,0.3,0.158,0.1,0.158,0.3,0.442,0.65
667,,0.392,0.25,0.108,0.05,0.108,0.25,0.392,0.6
668,,0.342,0.2,0.058,0.0,0.058,0.2,0.342,0.55
669,,0.292,0.15,0.008,-0.05,0.008,0.15,0.292,0.5
670,4,0.571,0.5,0.429,0.95,0.429,0.5,0.571,0.75
671,4,0.85,0.85,0.85,1.0,0.85,0.85,0.85,1.0
672,,0.8,0.8,0.8,0.95,0.8,0.8,0.8,0.95
673,,0.75,0.75,0.75,0.9,0.75,0.75,0.75,0.9
674,,0.7,0.7,0.7,0.85,0.7,0.7,0.7,0.85
675,,0.65,0.65,0.65,0.8,0.65,0.65,0.65,0.8
676,,0.6,0.6,0.6,0.75,0.6,0.6,0.6,0.75
677,,0.55,0.55,0.55,0.7,0.55,0.55,0.55,0.7
678,,0.5,0.5,0.5,0.65,0.5,0.5,0.5,0.65
679,,0.45,0.45,0.45,0.6,0.45,0.45,0.45,0.6
680,,0.4,0.4,0.4,0.55,0.4,0.4,0.4,0.55
681,,0.35,0.35,0.35,0.5,0.35,0.35,0.35,0.5
682,,0.3,0.3,0.3,0.45,0.3,0.3,0.3,0.45
683,,0.25,0.25,0.25,0.4,0.25,0.25,0.25,0.4
684,,0.2,0.2,0.2,0.35,0.2,0.2,0.2,0.35
685,,0.15,0.15,0.15,0.3,0.15,0.15,0.15,0.3
686,,0.1,0.1,0.1,0.25,0.1,0.1,0.1,0.25
687,,0.05,0.05,0.05,0.2,0.05,0.05,0.05,0.2
688,,0.0,0.0,0.0,0.15,0.0,0.0,0.0,0.15
689,,-0.05,-0.05,-0.05,0.1,-0.05,-0.05,-0.05,0.1
690,2,0.371,0.95,0.371,0.45,0.229,0.2,0.229,0.45
691,2,0.792,1.0,0.792,0.8,0.508,0.45,0.508,0.8
692,,0.742,0.95,0.742,0.75,0.458,0.4,0.458,0.75
693,,0.692,0.9,0.692,0.7,0.408,0.35,0.408,0.7
694,,0.642,0.85,0.642,0.65,0.358,0.3,0.358,0.65
695,,0.592,0.8,0.592,0.6,0.308,0.25,0.308,0.6
696,,0.542,0.75,0.542,0.55,0.258,0.2,0.258,0.55
697,,0.492,0.7,0.492,0.5,0.208,0.15,0.208,0.5
698,,0.442,0.65,0.442,0.45,0.158,0.1,0.158,0.45
699,,0.392,0.6,0.392,0.4,0.108,0.05,0.108,0.4
700,,0.342,0.55,0.342,0.35,0.058,0.0,0.058,0.35
701,,0.292,0.5,0.292,0.3,0.008,-0.05,0.008,0.3
702,6,0.571,0.75,0.571,0.65,0.429,0.95,0.429,0.65
703,6,0.85,1.0,0.85,1.0,0.85,1.0,0.85,1.0
704,,0.8,0.95,0.8,0.95,0.8,0.95,0.8,0.95
705,,0.75,0.9,0.75,0.9,0.75,0.9,0.75,0.9
706,,0.7,0.85,0.7,0.85,0.7,0.85,0.7,0.85
707,,0.65,0.8,0.65,0.8,0.65,0.8,0.65,0.8
708,,0.6,0.75,0.6,0.75,0.6,0.75,0.6,0.75
709,,0.55,0.7,0.55,0.7,0.55,0.7,0.55,0.7
710,,0.5,0.65,0.5,0.65,0.5,0.65,0.5,0.65
711,,0.45,0.6,0.45,0.6,0.45,0.6,0.45,0.6
712,,0.4,0.55,0.4,0.55,0.4,0.55,0.4,0.55
713,,0.35,0.5,0.35,0.5,0.35,0.5,0.35,0.5
714,,0.3,0.45,0.3,0.45,0.3,0.45,0.3,0.45
715,,0.25,0.4,0.25,0.4,0.25,0.4,0.25,0.4
716,,0.2,0.35,0.2,0.35,0.2,0.35,0.2,0.35
717,,0.15,0.3,0.15,0.3,0.15,0.3,0.15,0.3
718,,0.1,0.25,0.1,0.25,0.1,0.25,0.1,0.25
719,,0.05,0.2,0.05,0.2,0.05,0.2,0.05,0.2
720,,0.0,0.15,0.0,0.15,0.0,0.15,0.0,0.15
721,,-0.05,0.1,-0.05,0.1,-0.05,0.1,-0.05,0.1
722,3,0.3,0.521,0.95,0.521,0.3,0.379,0.2,0.379
723,3,0.65,0.942,1.0,0.942,0.65,0.658,0.45,0.658
724,,0.6,0.892,0.95,0.892,0.6,0.608,0.4,0.608
725,,0.55,0.842,0.9,0.842,0.55,0.558,0.35,0.558
726,,0.5,0.792,0.85,0.792,0.5,0.508,0.3,0.508
727,,0.45,0.742,0.8,0.742,0.45,0.458,0.25,0.458
728,,0.4,0.692,0.75,0.692,0.4,0.408,0.2,0.408
729,,0.35,0.642,0.7,0.642,0.35,0.358,0.15,0.358
730,,0.3,0.592,0.65,0.592,0.3,0.308,0.1,0.308
731,,0.25,0.542,0.6,0.542,0.25,0.258,0.05,0.258
732,,0.2,0.492,0.55,0.492,0.2,0.208,0.0,0.208
733,,0.15,0.442,0.5,0.442,0.15,0.158,-0.05,0.158
734,7,0.5,0.721,0.75,0.721,0.5,0.579,0.95,0.579
735,7,0.85,1.0,1.0,1.0,0.85,1.0,1.0,1.0
736,,0.8,0.95,0.95,0.95,0.8,0.95,0.95,0.95
737,,0.75,0.9,0.9,0.9,0.75,0.9,0.9,0.9
738,,0.7,0.85,0.85,0.85,0.7,0.85,0.85,0.85
739,,0.65,0.8,0.8,0.8,0.65,0.8,0.8,0.8
740,,0.6,0.75,0.75,0.75,0.6,0.75,0.75,0.75
741,,0.55,0.7,0.7,0.7,0.55,0.7,0.7,0.7
742,,0.5,0.65,0.65,0.65,0.5,0.65,0.65,0.65
743,,0.45,0.6,0.6,0.6,0.45,0.6,0.6,0.6
744,,0.4,0.55,0.55,0.55,0.4,0.55,0.55,0.55
745,,0.35,0.5,0.5,0.5,0.35,0.5,0.5,0.5
746,,0.3,0.45,0.45,0.45,0.3,0.45,0.45,0.45
747,,0.25,0.4,0.4,0.4,0.25,0.4,0.4,0.4
748,,0.2,0.35,0.35,0.35,0.2,0.35,0.35,0.35
749,,0.15,0.3,0.3,0.3,0.15,0.3,0.3,0.3
750,,0.1,0.25,0.25,0.25,0.1,0.25,0.25,0.25
751,,0.05,0.2,0.2,0.2,0.05,0.2,0.2,0.2
752,,0.0,0.15,0.15,0.15,0.0,0.15,0.15,0.15
753,,-0.05,0.1,0.1,0.1,-0.05,0.1,0.1,0.1
754,5,0.2,0.379,0.45,0.521,0.95,0.521,0.45,0.379
755,5,0.45,0.658,0.8,0.942,1.0,0.942,0.8,0.658
756,,0.4,0.608,0.75,0.892,0.95,0.892,0.75,0.608
757,,0.35,0.558,0.7,0.842,0.9,0.842,0.7,0.558
758,,0.3,0.508,0.65,0.792,0.85,0.792,0.65,0.508
759,,0.25,0.458,0.6,0.742,0.8,0.742,0.6,0.458
760,,0.2,0.408,0.55,0.692,0.75,0.692,0.55,0.408
761,,0.15,0.358,0.5,0.642,0.7,0.642,0.5,0.358
762,,0.1,0.308,0.45,0.592,0.65,0.592,0.45,0.308
763,,0.05,0.258,0.4,0.542,0.6,0.542,0.4,0.258
764,,0.0,0.208,0.35,0.492,0.55,0.492,0.35,0.208
765,,-0.05,0.158,0.3,0.442,0.5,0.442,0.3,0.158
766,1,0.95,0.579,0.65,0.721,0.75,0.721,0.65,0.579
767,1,1.0,1.0,1.0,1.0,1.0,1.0,1.0,1.0
768,,0.95,0.95,0.95,0.95,0.95,0.95,0.95,0.95
769,,0.9,0.9,0.9,0.9,0.9,0.9,0.9,0.9
770,,0.85,0.85,0.85,0.85,0.85,0.85,0.85,0.85
771,,0.8,0.8,0.8,0.8,0.8,0.8,0.8,0.8
772,,0.75,0.75,0.75,0.75,0.75,0.75,0.75,0.75
773,,0.7,0.7,0.7,0.7,0.7,0.7,0.7,0.7
774,,0.65,0.65,0.65,0.65,0.65,0.65,0.65,0.65
775,,0.6,0.6,0.6,0.6,0.6,0.6,0.6,0.6
776,,0.55,0.55,0.55,0.55,0.55,0.55,0.55,0.55
777,,0.5,0.5,0.5,0.5,0.5,0.5,0.5,0.5
778,,0.45,0.45,0.45,0.45,0.45,0.45,0.45,0.45
779,,0.4,0.4,0.4,0.4,0.4,0.4,0.4,0.4
780,,0.35,0.35,0.35,0.35,0.35,0.35,0.35,0.35
781,,0.3,0.3,0.3,0.3,0.3,0.3,0.3,0.3
782,,0.25,0.25,0.25,0.25,0.25,0.25,0.25,0.25
783,,0.2,0.2,0.2,0.2,0.2,0.2,0.2,0.2
784,,0.15,0.15,0.15,0.15,0.15,0.15,0.15,0.15
785,,0.1,0.1,0.1,0.1,0.1,0.1,0.1,0.1
786,,0.05,0.05,0.05,0.05,0.05,0.05,0.05,0.05
787,,0.0,0.0,0.0,0.0,0.0,0.0,0.0,0.0
788,,-0.05,-0.05,-0.05,-0.05,-0.05,-0.05,-0.05,-0.05
789,6,0.229,0.2,0.229,0.3,0.371,0.95,0.371,0.3
790,6,0.508,0.45,0.508,0.65,0.792,1.0,0.792,0.65
791,,0.458,0.4,0.458,0.6,0.742,0.95,0.742,0.6
792,,0.408,0.35,0.408,0.55,0.692,0.9,0.692,0.55
793,,0.358,0.3,0.358,0.5,0.642,0.85,0.642,0.5
794,,0.308,0.25,0.308,0.45,0.592,0.8,0.592,0.45
795,,0.258,0.2,0.258,0.4,0.542,0.75,0.542,0.4
796,,0.208,0.15,0.208,0.35,0.492,0.7,0.492,0.35
797,,0.158,0.1,0.158,0.3,0.442,0.65,0.442,0.3
798,,0.108,0.05,0.108,0.25,0.392,0.6,0.392,0.25
799,,0.058,0.0,0.058,0.2,0.342,0.55,0.342,0.2
800,,0.008,-0.05,0.008,0.15,0.292,0.5,0.292,0.15
801,2,0.429,0.95,0.429,0.5,0.571,0.75,0.571,0.5
802,2,0.85,1.0,0.85,0.85,0.85,1.0,0.85,0.85
803,,0.8,0.95,0.8,0.8,0.8,0.95,0.8,0.8
804,,0.75,0.9,0.75,0.75,0.75,0.9,0.75,0.75
805,,0.7,0.85,0.7,0.7,0.7,0.85,0.7,0.7
806,,0.65,0.8,0.65,0.65,0.65,0.8,0.65,0.65
807,,0.6,0.75,0.6,0.6,0.6,0.75,0.6,0.6
808,,0.55,0.7,0.55,0.55,0.55,0.7,0.55,0.55
809,,0.5,0.65,0.5,0.5,0.5,0.65,0.5,0.5
810,,0.45,0.6,0.45,0.45,0.45,0.6,0.45,0.45
811,,0.4,0.55,0.4,0.4,0.4,0.55,0.4,0.4
812,,0.35,0.5,0.35,0.35,0.35,0.5,0.35,0.35
813,,0.3,0.45,0.3,0.3,0.3,0.45,0.3,0.3
814,,0.25,0.4,0.25,0.25,0.25,0.4,0.25,0.25
815,,0.2,0.35,0.2,0.2,0.2,0.35,0.2,0.2
816,,0.15,0.3,0.15,0.15,0.15,0.3,0.15,0.15
817,,0.1,0.25,0.1,0.1,0.1,0.25,0.1,0.1
818,,0.05,0.2,0.05,0.05,0.05,0.2,0.05,0.05
819,,0.0,0.15,0.0,0.0,0.0,0.15,0.0,0.0
820,,-0.05,0.1,-0.05,-0.05,-0.05,0.1,-0.05,-0.05
821,8,0.371,0.45,0.229,0.2,0.229,0.45,0.371,0.95
822,8,0.792,0.8,0.508,0.45,0.508,0.8,0.792,1.0
823,,0.742,0.75,0.458,0.4,0.458,0.75,0.742,0.95
824,,0.692,0.7,0.408,0.35,0.408,0.7,0.692,0.9
825,,0.642,0.65,0.358,0.3,0.358,0.65,0.642,0.85
826,,0.592,0.6,0.308,0.25,0.308,0.6,0.592,0.8
827,,0.542,0.55,0.258,0.2,0.258,0.55,0.542,0.75
828,,0.492,0.5,0.208,0.15,0.208,0.5,0.492,0.7
829,,0.442,0.45,0.158,0.1,0.158,0.45,0.442,0.65
830,,0.392,0.4,0.108,0.05,0.108,0.4,0.392,0.6
831,,0.342,0.35,0.058,0.0,0.058,0.35,0.342,0.55
832,,0.292,0.3,0.008,-0.05,0.008,0.3,0.292,0.5
833,4,0.571,0.65,0.429,0.95,0.429,0.65,0.571,0.75
834,4,0.85,1.0,0.85,1.0,0.85,1.0,0.85,1.0
835,,0.8,0.95,0.8,0.95,0.8,0.95,0.8,0.95
836,,0.75,0.9,0.75,0.9,0.75,0.9,0.75,0.9
837,,0.7,0.85,0.7,0.85,0.7,0.85,0.7,0.85
838,,0.65,0.8,0.65,0.8,0.65,0.8,0.65,0.8
839,,0.6,0.75,0.6,0.75,0.6,0.75,0.6,0.75
840,,0.55,0.7,0.55,0.7,0.55,0.7,0.55,0.7
841,,0.5,0.65,0.5,0.65,0.5,0.65,0.5,0.65
842,,0.45,0.6,0.45,0.6,0.45,0.6,0.45,0.6
843,,0.4,0.55,0.4,0.55,0.4,0.55,0.4,0.55
844,,0.35,0.5,0.35,0.5,0.35,0.5,0.35,0.5
845,,0.3,0.45,0.3,0.45,0.3,0.45,0.3,0.45
846,,0.25,0.4,0.25,0.4,0.25,0.4,0.25,0.4
847,,0.2,0.35,0.2,0.35,0.2,0.35,0.2,0.35
848,,0.15,0.3,0.15,0.3,0.15,0.3,0.15,0.3
849,,0.1,0.25,0.1,0.25,0.1,0.25,0.1,0.25
850,,0.05,0.2,0.05,0.2,0.05,0.2,0.05,0.2
851,,0.0,0.15,0.0,0.15,0.0,0.15,0.0,0.15
852,,-0.05,0.1,-0.05,0.1,-0.05,0.1,-0.05,0.1
853,5,0.2,0.379,0.3,0.521,0.95,0.521,0.3,0.379
854,5,0.45,0.658,0.65,0.942,1.0,0.942,0.65,0.658
855,,0.4,0.608,0.6,0.892,0.95,0.892,0.6,0.608
856,,0.35,0.558,0.55,0.842,0.9,0.842,0.55,0.558
857,,0.3,0.508,0.5,0.792,0.85,0.792,0.5,0.508
858,,0.25,0.458,0.45,0.742,0.8,0.742,0.45,0.458
859,,0.2,0.408,0.4,0.692,0.75,0.692,0.4,0.408
860,,0.15,0.358,0.35,0.642,0.7,0.642,0.35,0.358
861,,0.1,0.308,0.3,0.592,0.65,0.592,0.3,0.308
862,,0.05,0.258,0.25,0.542,0.6,0.542,0.25,0.258
863,,0.0,0.208,0.2,0.492,0.55,0.492,0.2,0.208
864,,-0.05,0.158,0.15,0.442,0.5,0.442,0.15,0.158
865,1,0.95,0.579,0.5,0.721,0.75,0.721,0.5,0.579
866,1,1.0,1.0,0.85,1.0,1.0,1.0,0.85,1.0
867,,0.95,0.95,0.8,0.95,0.95,0.95,0.8,0.95
868,,0.9,0.9,0.75,0.9,0.9,0.9,0.75,0.9
869,,0.85,0.85,0.7,0.85,0.85,0.85,0.7,0.85
870,,0.8,0.8,0.65,0.8,0.8,0.8,0.65,0.8
871,,0.75,0.75,0.6,0.75,0.75,0.75,0.6,0.75
872,,0.7,0.7,0.55,0.7,0.7,0.7,0.55,0.7
873,,0.65,0.65,0.5,0.65,0.65,0.65,0.5,0.65
874,,0.6,0.6,0.45,0.6,0.6,0.6,0.45,0.6
875,,0.55,0.55,0.4,0.55,0.55,0.55,0.4,0.55
876,,0.5,0.5,0.35,0.5,0.5,0.5,0.35,0.5
877,,0.45,0.45,0.3,0.45,0.45,0.45,0.3,0.45
878,,0.4,0.4,0.25,0.4,0.4,0.4,0.25,0.4
879,,0.35,0.35,0.2,0.35,0.35,0.35,0.2,0.35
880,,0.3,0.3,0.15,0.3,0.3,0.3,0.15,0.3
881,,0.25,0.25,0.1,0.25,0.25,0.25,0.1,0.25
