step,active_motive,motive_1,motive_2,motive_3,motive_4,motive_5,motive_6,motive_7,motive_8
0,,0.03267,0.08279,0.02715,0.09653,0.04573,0.0842,0.01944,0.04114
1,,-0.01733,0.03279,-0.02285,0.04653,-0.00427,0.0342,-0.03056,-0.00886
2,7,0.33267,0.31179,0.22715,0.32553,0.34573,0.4552,0.96944,0.41214
3,7,0.68267,0.59079,0.47715,0.60453,0.69573,0.8762,1.0,0.83314
4,,0.63267,0.54079,0.42715,0.55453,0.64573,0.8262,0.95,0.78314
5,,0.58267,0.49079,0.37715,0.50453,0.59573,0.7762,0.9,0.73314
6,,0.53267,0.44079,0.32715,0.45453,0.54573,0.7262,0.85,0.68314
7,,0.48267,0.39079,0.27715,0.40453,0.49573,0.6762,0.8,0.63314
8,,0.43267,0.34079,0.22715,0.35453,0.44573,0.6262,0.75,0.58314
9,,0.38267,0.29079,0.17715,0.30453,0.39573,0.5762,0.7,0.53314
10,,0.33267,0.24079,0.12715,0.25453,0.34573,0.5262,0.65,0.48314
11,,0.28267,0.19079,0.07715,0.20453,0.29573,0.4762,0.6,0.43314
12,,0.23267,0.14079,0.02715,0.15453,0.24573,0.4262,0.55,0.38314
13,,0.18267,0.09079,-0.02285,0.10453,0.19573,0.3762,0.5,0.33314
14,3,0.53267,0.51179,0.97715,0.52553,0.54573,0.6552,0.75,0.61214
15,3,0.88267,0.93279,1.0,0.94653,0.89573,0.9342,1.0,0.89114
16,,0.83267,0.88279,0.95,0.89653,0.84573,0.8842,0.95,0.84114
17,,0.78267,0.83279,0.9,0.84653,0.79573,0.8342,0.9,0.79114
18,,0.73267,0.78279,0.85,0.79653,0.74573,0.7842,0.85,0.74114
19,,0.68267,0.73279,0.8,0.74653,0.69573,0.7342,0.8,0.69114
20,,0.63267,0.68279,0.75,0.69653,0.64573,0.6842,0.75,0.64114
21,,0.58267,0.63279,0.7,0.64653,0.59573,0.6342,0.7,0.59114
22,,0.53267,0.58279,0.65,0.59653,0.54573,0.5842,0.65,0.54114
23,,0.48267,0.53279,0.6,0.54653,0.49573,0.5342,0.6,0.49114
24,,0.43267,0.48279,0.55,0.49653,0.44573,0.4842,0.55,0.44114
25,,0.38267,0.43279,0.5,0.44653,0.39573,0.4342,0.5,0.39114
26,,0.33267,0.38279,0.45,0.39653,0.34573,0.3842,0.45,0.34114
27,,0.28267,0.33279,0.4,0.34653,0.29573,0.3342,0.4,0.29114
28,,0.23267,0.28279,0.35,0.29653,0.24573,0.2842,0.35,0.24114
29,,0.18267,0.23279,0.3,0.24653,0.19573,0.2342,0.3,0.19114
30,,0.13267,0.18279,0.25,0.19653,0.14573,0.1842,0.25,0.14114
31,,0.08267,0.13279,0.2,0.14653,0.09573,0.1342,0.2,0.09114
32,,0.03267,0.08279,0.15,0.09653,0.04573,0.0842,0.15,0.04114
33,,-0.01733,0.03279,0.1,0.04653,-0.00427,0.0342,0.1,-0.00886
34,1,0.98267,0.45379,0.45,0.32553,0.24573,0.3132,0.45,0.41214
35,1,1.0,0.87479,0.8,0.60453,0.49573,0.5922,0.8,0.83314
36,,0.95,0.82479,0.75,0.55453,0.44573,0.5422,0.75,0.78314
37,,0.9,0.77479,0.7,0.50453,0.39573,0.4922,0.7,0.73314
38,,0.85,0.72479,0.65,0.45453,0.34573,0.4422,0.65,0.68314
39,,0.8,0.67479,0.6,0.40453,0.29573,0.3922,0.6,0.63314
40,,0.75,0.62479,0.55,0.35453,0.24573,0.3422,0.55,0.58314
41,,0.7,0.57479,0.5,0.30453,0.19573,0.2922,0.5,0.53314
42,,0.65,0.52479,0.45,0.25453,0.14573,0.2422,0.45,0.48314
43,,0.6,0.47479,0.4,0.20453,0.09573,0.1922,0.4,0.43314
44,,0.55,0.42479,0.35,0.15453,0.04573,0.1422,0.35,0.38314
45,,0.5,0.37479,0.3,0.10453,-0.00427,0.0922,0.3,0.33314
46,5,0.75,0.65379,0.65,0.52553,0.99573,0.5132,0.65,0.61214
47,5,1.0,0.93279,1.0,0.94653,1.0,0.9342,1.0,0.89114
48,,0.95,0.88279,0.95,0.89653,0.95,0.8842,0.95,0.84114
49,,0.9,0.83279,0.9,0.84653,0.9,0.8342,0.9,0.79114
50,,0.85,0.78279,0.85,0.79653,0.85,0.7842,0.85,0.74114
51,,0.8,0.73279,0.8,0.74653,0.8,0.7342,0.8,0.69114
52,,0.75,0.68279,0.75,0.69653,0.75,0.6842,0.75,0.64114
53,,0.7,0.63279,0.7,0.64653,0.7,0.6342,0.7,0.59114
54,,0.65,0.58279,0.65,0.59653,0.65,0.5842,0.65,0.54114
55,,0.6,0.53279,0.6,0.54653,0.6,0.5342,0.6,0.49114
56,,0.55,0.48279,0.55,0.49653,0.55,0.4842,0.55,0.44114
57,,0.5,0.43279,0.5,0.44653,0.5,0.4342,0.5,0.39114
58,,0.45,0.38279,0.45,0.39653,0.45,0.3842,0.45,0.34114
59,,0.4,0.33279,0.4,0.34653,0.4,0.3342,0.4,0.29114
60,,0.35,0.28279,0.35,0.29653,0.35,0.2842,0.35,0.24114
61,,0.3,0.23279,0.3,0.24653,0.3,0.2342,0.3,0.19114
62,,0.25,0.18279,0.25,0.19653,0.25,0.1842,0.25,0.14114
63,,0.2,0.13279,0.2,0.14653,0.2,0.1342,0.2,0.09114
64,,0.15,0.08279,0.15,0.09653,0.15,0.0842,0.15,0.04114
65,,0.1,0.03279,0.1,0.04653,0.1,0.0342,0.1,-0.00886
66,8,0.521,0.38279,0.379,0.29653,0.379,0.3842,0.521,0.99114
67,8,0.942,0.73279,0.658,0.54653,0.658,0.7342,0.942,1.0
68,,0.892,0.68279,0.608,0.49653,0.608,0.6842,0.892,0.95
69,,0.842,0.63279,0.558,0.44653,0.558,0.6342,0.842,0.9
70,,0.792,0.58279,0.508,0.39653,0.508,0.5842,0.792,0.85
71,,0.742,0.53279,0.458,0.34653,0.458,0.5342,0.742,0.8
72,,0.692,0.48279,0.408,0.29653,0.408,0.4842,0.692,0.75
73,,0.642,0.43279,0.358,0.24653,0.358,0.4342,0.642,0.7
74,,0.592,0.38279,0.308,0.19653,0.308,0.3842,0.592,0.65
75,,0.542,0.33279,0.258,0.14653,0.258,0.3342,0.542,0.6
76,,0.492,0.28279,0.208,0.09653,0.208,0.2842,0.492,0.55
77,,0.442,0.23279,0.158,0.04653,0.158,0.2342,0.442,0.5
78,,0.392,0.18279,0.108,-0.00347,0.108,0.1842,0.392,0.45
79,4,0.671,0.53279,0.529,0.99653,0.529,0.5342,0.671,0.7
80,4,0.95,0.88279,0.95,1.0,0.95,0.8842,0.95,0.95
81,,0.9,0.83279,0.9,0.95,0.9,0.8342,0.9,0.9
82,,0.85,0.78279,0.85,0.9,0.85,0.7842,0.85,0.85
83,,0.8,0.73279,0.8,0.85,0.8,0.7342,0.8,0.8
84,,0.75,0.68279,0.75,0.8,0.75,0.6842,0.75,0.75
85,,0.7,0.63279,0.7,0.75,0.7,0.6342,0.7,0.7
86,,0.65,0.58279,0.65,0.7,0.65,0.5842,0.65,0.65
87,,0.6,0.53279,0.6,0.65,0.6,0.5342,0.6,0.6
88,,0.55,0.48279,0.55,0.6,0.55,0.4842,0.55,0.55
89,,0.5,0.43279,0.5,0.55,0.5,0.4342,0.5,0.5
90,,0.45,0.38279,0.45,0.5,0.45,0.3842,0.45,0.45
91,,0.4,0.33279,0.4,0.45,0.4,0.3342,0.4,0.4
92,,0.35,0.28279,0.35,0.4,0.35,0.2842,0.35,0.35
93,,0.3,0.23279,0.3,0.35,0.3,0.2342,0.3,0.3
94,,0.25,0.18279,0.25,0.3,0.25,0.1842,0.25,0.25
95,,0.2,0.13279,0.2,0.25,0.2,0.1342,0.2,0.2
96,,0.15,0.08279,0.15,0.2,0.15,0.0842,0.15,0.15
97,,0.1,0.03279,0.1,0.15,0.1,0.0342,0.1,0.1
98,,0.05,-0.01721,0.05,0.1,0.05,-0.0158,0.05,0.05
99,2,0.471,0.98279,0.471,0.45,0.329,0.2342,0.329,0.4
100,2,0.892,1.0,0.892,0.8,0.608,0.4842,0.608,0.75
101,,0.842,0.95,0.842,0.75,0.558,0.4342,0.558,0.7
102,,0.792,0.9,0.792,0.7,0.508,0.3842,0.508,0.65
103,,0.742,0.85,0.742,0.65,0.458,0.3342,0.458,0.6
104,,0.692,0.8,0.692,0.6,0.408,0.2842,0.408,0.55
105,,0.642,0.75,0.642,0.55,0.358,0.2342,0.358,0.5
106,,0.592,0.7,0.592,0.5,0.308,0.1842,0.308,0.45
107,,0.542,0.65,0.542,0.45,0.258,0.1342,0.258,0.4
108,,0.492,0.6,0.492,0.4,0.208,0.0842,0.208,0.35
109,,0.442,0.55,0.442,0.35,0.158,0.0342,0.158,0.3
110,,0.392,0.5,0.392,0.3,0.108,-0.0158,0.108,0.25
111,6,0.671,0.75,0.671,0.65,0.529,0.9842,0.529,0.6
112,6,0.95,1.0,0.95,1.0,0.95,1.0,0.95,0.95
113,,0.9,0.95,0.9,0.95,0.9,0.95,0.9,0.9
114,,0.85,0.9,0.85,0.9,0.85,0.9,0.85,0.85
115,,0.8,0.85,0.8,0.85,0.8,0.85,0.8,0.8
116,,0.75,0.8,0.75,0.8,0.75,0.8,0.75,0.75
117,,0.7,0.75,0.7,0.75,0.7,0.75,0.7,0.7
118,,0.65,0.7,0.65,0.7,0.65,0.7,0.65,0.65
119,,0.6,0.65,0.6,0.65,0.6,0.65,0.6,0.6
120,,0.55,0.6,0.55,0.6,0.55,0.6,0.55,0.55
121,,0.5,0.55,0.5,0.55,0.5,0.55,0.5,0.5
122,,0.45,0.5,0.45,0.5,0.45,0.5,0.45,0.45
123,,0.4,0.45,0.4,0.45,0.4,0.45,0.4,0.4
124,,0.35,0.4,0.35,0.4,0.35,0.4,0.35,0.35
125,,0.3,0.35,0.3,0.35,0.3,0.35,0.3,0.3
126,,0.25,0.3,0.25,0.3,0.25,0.3,0.25,0.25
127,,0.2,0.25,0.2,0.25,0.2,0.25,0.2,0.2
128,,0.15,0.2,0.15,0.2,0.15,0.2,0.15,0.15
129,,0.1,0.15,0.1,0.15,0.1,0.15,0.1,0.1
130,,0.05,0.1,0.05,0.1,0.05,0.1,0.05,0.05
131,,0.0,0.05,0.0,0.05,0.0,0.05,0.0,0.0
132,,-0.05,0.0,-0.05,0.0,-0.05,0.0,-0.05,-0.05
133,5,0.2,0.279,0.3,0.421,0.95,0.421,0.3,0.229
134,5,0.45,0.558,0.65,0.842,1.0,0.842,0.65,0.508
135,,0.4,0.508,0.6,0.792,0.95,0.792,0.6,0.458
136,,0.35,0.458,0.55,0.742,0.9,0.742,0.55,0.408
137,,0.3,0.408,0.5,0.692,0.85,0.692,0.5,0.358
138,,0.25,0.358,0.45,0.642,0.8,0.642,0.45,0.308
139,,0.2,0.308,0.4,0.592,0.75,0.592,0.4,0.258
140,,0.15,0.258,0.35,0.542,0.7,0.542,0.35,0.208
141,,0.1,0.208,0.3,0.492,0.65,0.492,0.3,0.158
142,,0.05,0.158,0.25,0.442,0.6,0.442,0.25,0.108
143,,0.0,0.108,0.2,0.392,0.55,0.392,0.2,0.058
144,,-0.05,0.058,0.15,0.342,0.5,0.342,0.15,0.008
145,1,0.95,0.479,0.5,0.621,0.75,0.621,0.5,0.429
146,1,1.0,0.9,0.85,0.9,1.0,0.9,0.85,0.85
147,,0.95,0.85,0.8,0.85,0.95,0.85,0.8,0.8
148,,0.9,0.8,0.75,0.8,0.9,0.8,0.75,0.75
149,,0.85,0.75,0.7,0.75,0.85,0.75,0.7,0.7
150,,0.8,0.7,0.65,0.7,0.8,0.7,0.65,0.65
151,,0.75,0.65,0.6,0.65,0.75,0.65,0.6,0.6
152,,0.7,0.6,0.55,0.6,0.7,0.6,0.55,0.55
153,,0.65,0.55,0.5,0.55,0.65,0.55,0.5,0.5
154,,0.6,0.5,0.45,0.5,0.6,0.5,0.45,0.45
155,,0.55,0.45,0.4,0.45,0.55,0.45,0.4,0.4
156,,0.5,0.4,0.35,0.4,0.5,0.4,0.35,0.35
157,,0.45,0.35,0.3,0.35,0.45,0.35,0.3,0.3
158,,0.4,0.3,0.25,0.3,0.4,0.3,0.25,0.25
159,,0.35,0.25,0.2,0.25,0.35,0.25,0.2,0.2
160,,0.3,0.2,0.15,0.2,0.3,0.2,0.15,0.15
161,,0.25,0.15,0.1,0.15,0.25,0.15,0.1,0.1
162,,0.2,0.1,0.05,0.1,0.2,0.1,0.05,0.05
163,,0.15,0.05,0.0,0.05,0.15,0.05,0.0,0.0
164,,0.1,0.0,-0.05,0.0,0.1,0.0,-0.05,-0.05
165,8,0.521,0.35,0.229,0.25,0.379,0.35,0.371,0.95
166,8,0.942,0.7,0.508,0.5,0.658,0.7,0.792,1.0
167,,0.892,0.65,0.458,0.45,0.608,0.65,0.742,0.95
168,,0.842,0.6,0.408,0.4,0.558,0.6,0.692,0.9
169,,0.792,0.55,0.358,0.35,0.508,0.55,0.642,0.85
170,,0.742,0.5,0.308,0.3,0.458,0.5,0.592,0.8
171,,0.692,0.45,0.258,0.25,0.408,0.45,0.542,0.75
172,,0.642,0.4,0.208,0.2,0.358,0.4,0.492,0.7
173,,0.592,0.35,0.158,0.15,0.308,0.35,0.442,0.65
174,,0.542,0.3,0.108,0.1,0.258,0.3,0.392,0.6
175,,0.492,0.25,0.058,0.05,0.208,0.25,0.342,0.55
176,,0.442,0.2,0.008,0.0,0.158,0.2,0.292,0.5
177,,0.392,0.15,-0.042,-0.05,0.108,0.15,0.242,0.45
178,4,0.671,0.5,0.379,0.95,0.529,0.5,0.521,0.7
179,4,0.95,0.85,0.8,1.0,0.95,0.85,0.8,0.95
180,,0.9,0.8,0.75,0.95,0.9,0.8,0.75,0.9
181,,0.85,0.75,0.7,0.9,0.85,0.75,0.7,0.85
182,,0.8,0.7,0.65,0.85,0.8,0.7,0.65,0.8
183,,0.75,0.65,0.6,0.8,0.75,0.65,0.6,0.75
184,,0.7,0.6,0.55,0.75,0.7,0.6,0.55,0.7
185,,0.65,0.55,0.5,0.7,0.65,0.55,0.5,0.65
186,,0.6,0.5,0.45,0.65,0.6,0.5,0.45,0.6
187,,0.55,0.45,0.4,0.6,0.55,0.45,0.4,0.55
188,,0.5,0.4,0.35,0.55,0.5,0.4,0.35,0.5
189,,0.45,0.35,0.3,0.5,0.45,0.35,0.3,0.45
190,,0.4,0.3,0.25,0.45,0.4,0.3,0.25,0.4
191,,0.35,0.25,0.2,0.4,0.35,0.25,0.2,0.35
192,,0.3,0.2,0.15,0.35,0.3,0.2,0.15,0.3
193,,0.25,0.15,0.1,0.3,0.25,0.15,0.1,0.25
194,,0.2,0.1,0.05,0.25,0.2,0.1,0.05,0.2
195,,0.15,0.05,0.0,0.2,0.15,0.05,0.0,0.15
196,,0.1,0.0,-0.05,0.15,0.1,0.0,-0.05,0.1
197,7,0.45,0.279,0.2,0.429,0.45,0.421,0.95,0.521
198,7,0.8,0.558,0.45,0.708,0.8,0.842,1.0,0.942
199,,0.75,0.508,0.4,0.658,0.75,0.792,0.95,0.892
200,,0.7,0.458,0.35,0.608,0.7,0.742,0.9,0.842
201,,0.65,0.408,0.3,0.558,0.65,0.692,0.85,0.792
202,,0.6,0.358,0.25,0.508,0.6,0.642,0.8,0.742
203,,0.55,0.308,0.2,0.458,0.55,0.592,0.75,0.692
204,,0.5,0.258,0.15,0.408,0.5,0.542,0.7,0.642
205,,0.45,0.208,0.1,0.358,0.45,0.492,0.65,0.592
206,,0.4,0.158,0.05,0.308,0.4,0.442,0.6,0.542
207,,0.35,0.108,0.0,0.258,0.35,0.392,0.55,0.492
208,,0.3,0.058,-0.05,0.208,0.3,0.342,0.5,0.442
209,3,0.65,0.479,0.95,0.629,0.65,0.621,0.75,0.721
210,3,1.0,0.9,1.0,1.0,1.0,0.9,1.0,1.0
211,,0.95,0.85,0.95,0.95,0.95,0.85,0.95,0.95
212,,0.9,0.8,0.9,0.9,0.9,0.8,0.9,0.9
213,,0.85,0.75,0.85,0.85,0.85,0.75,0.85,0.85
214,,0.8,0.7,0.8,0.8,0.8,0.7,0.8,0.8
215,,0.75,0.65,0.75,0.75,0.75,0.65,0.75,0.75
216,,0.7,0.6,0.7,0.7,0.7,0.6,0.7,0.7
217,,0.65,0.55,0.65,0.65,0.65,0.55,0.65,0.65
218,,0.6,0.5,0.6,0.6,0.6,0.5,0.6,0.6
219,,0.55,0.45,0.55,0.55,0.55,0.45,0.55,0.55
220,,0.5,0.4,0.5,0.5,0.5,0.4,0.5,0.5
221,,0.45,0.35,0.45,0.45,0.45,0.35,0.45,0.45
222,,0.4,0.3,0.4,0.4,0.4,0.3,0.4,0.4
223,,0.35,0.25,0.35,0.35,0.35,0.25,0.35,0.35
224,,0.3,0.2,0.3,0.3,0.3,0.2,0.3,0.3
225,,0.25,0.15,0.25,0.25,0.25,0.15,0.25,0.25
226,,0.2,0.1,0.2,0.2,0.2,0.1,0.2,0.2
227,,0.15,0.05,0.15,0.15,0.15,0.05,0.15,0.15
228,,0.1,0.0,0.1,0.1,0.1,0.0,0.1,0.1
229,,0.05,-0.05,0.05,0.05,0.05,-0.05,0.05,0.05
230,6,0.329,0.2,0.329,0.4,0.471,0.95,0.471,0.4
231,6,0.608,0.45,0.608,0.75,0.892,1.0,0.892,0.75
232,,0.558,0.4,0.558,0.7,0.842,0.95,0.842,0.7
233,,0.508,0.35,0.508,0.65,0.792,0.9,0.792,0.65
234,,0.458,0.3,0.458,0.6,0.742,0.85,0.742,0.6
235,,0.408,0.25,0.408,0.55,0.692,0.8,0.692,0.55
236,,0.358,0.2,0.358,0.5,0.642,0.75,0.642,0.5
237,,0.308,0.15,0.308,0.45,0.592,0.7,0.592,0.45
238,,0.258,0.1,0.258,0.4,0.542,0.65,0.542,0.4
239,,0.208,0.05,0.208,0.35,0.492,0.6,0.492,0.35
240,,0.158,0.0,0.158,0.3,0.442,0.55,0.442,0.3
241,,0.108,-0.05,0.108,0.25,0.392,0.5,0.392,0.25
242,2,0.529,0.95,0.529,0.6,0.671,0.75,0.671,0.6
243,2,0.95,1.0,0.95,0.95,0.95,1.0,0.95,0.95
244,,0.9,0.95,0.9,0.9,0.9,0.95,0.9,0.9
245,,0.85,0.9,0.85,0.85,0.85,0.9,0.85,0.85
246,,0.8,0.85,0.8,0.8,0.8,0.85,0.8,0.8
247,,0.75,0.8,0.75,0.75,0.75,0.8,0.75,0.75
248,,0.7,0.75,0.7,0.7,0.7,0.75,0.7,0.7
249,,0.65,0.7,0.65,0.65,0.65,0.7,0.65,0.65
250,,0.6,0.65,0.6,0.6,0.6,0.65,0.6,0.6
251,,0.55,0.6,0.55,0.55,0.55,0.6,0.55,0.55
252,,0.5,0.55,0.5,0.5,0.5,0.55,0.5,0.5
253,,0.45,0.5,0.45,0.45,0.45,0.5,0.45,0.45
254,,0.4,0.45,0.4,0.4,0.4,0.45,0.4,0.4
255,,0.35,0.4,0.35,0.35,0.35,0.4,0.35,0.35
256,,0.3,0.35,0.3,0.3,0.3,0.35,0.3,0.3
257,,0.25,0.3,0.25,0.25,0.25,0.3,0.25,0.25
258,,0.2,0.25,0.2,0.2,0.2,0.25,0.2,0.2
259,,0.15,0.2,0.15,0.15,0.15,0.2,0.15,0.15
260,,0.1,0.15,0.1,0.1,0.1,0.15,0.1,0.1
261,,0.05,0.1,0.05,0.05,0.05,0.1,0.05,0.05
262,,0.0,0.05,0.0,0.0,0.0,0.05,0.0,0.0
263,,-0.05,0.0,-0.05,-0.05,-0.05,0.0,-0.05,-0.05
264,7,0.3,0.279,0.2,0.229,0.3,0.421,0.95,0.371
265,7,0.65,0.558,0.45,0.508,0.65,0.842,1.0,0.792
266,,0.6,0.508,0.4,0.458,0.6,0.792,0.95,0.742
267,,0.55,0.458,0.35,0.408,0.55,0.742,0.9,0.692
268,,0.5,0.408,0.3,0.358,0.5,0.692,0.85,0.642
269,,0.45,0.358,0.25,0.308,0.45,0.642,0.8,0.592
270,,0.4,0.308,0.2,0.258,0.4,0.592,0.75,0.542
271,,0.35,0.258,0.15,0.208,0.35,0.542,0.7,0.492
272,,0.3,0.208,0.1,0.158,0.3,0.492,0.65,0.442
273,,0.25,0.158,0.05,0.108,0.25,0.442,0.6,0.392
274,,0.2,0.108,0.0,0.058,0.2,0.392,0.55,0.342
275,,0.15,0.058,-0.05,0.008,0.15,0.342,0.5,0.292
276,3,0.5,0.479,0.95,0.429,0.5,0.621,0.75,0.571
277,3,0.85,0.9,1.0,0.85,0.85,0.9,1.0,0.85
278,,0.8,0.85,0.95,0.8,0.8,0.85,0.95,0.8
279,,0.75,0.8,0.9,0.75,0.75,0.8,0.9,0.75
280,,0.7,0.75,0.85,0.7,0.7,0.75,0.85,0.7
281,,0.65,0.7,0.8,0.65,0.65,0.7,0.8,0.65
282,,0.6,0.65,0.75,0.6,0.6,0.65,0.75,0.6
283,,0.55,0.6,0.7,0.55,0.55,0.6,0.7,0.55
284,,0.5,0.55,0.65,0.5,0.5,0.55,0.65,0.5
285,,0.45,0.5,0.6,0.45,0.45,0.5,0.6,0.45
286,,0.4,0.45,0.55,0.4,0.4,0.45,0.55,0.4
287,,0.35,0.4,0.5,0.35,0.35,0.4,0.5,0.35
288,,0.3,0.35,0.45,0.3,0.3,0.35,0.45,0.3
289,,0.25,0.3,0.4,0.25,0.25,0.3,0.4,0.25
290,,0.2,0.25,0.35,0.2,0.2,0.25,0.35,0.2
291,,0.15,0.2,0.3,0.15,0.15,0.2,0.3,0.15
292,,0.1,0.15,0.25,0.1,0.1,0.15,0.25,0.1
293,,0.05,0.1,0.2,0.05,0.05,0.1,0.2,0.05
294,,0.0,0.05,0.15,0.0,0.0,0.05,0.15,0.0
295,,-0.05,0.0,0.1,-0.05,-0.05,0.0,0.1,-0.05
296,4,0.229,0.35,0.521,0.95,0.371,0.35,0.379,0.2
297,4,0.508,0.7,0.942,1.0,0.792,0.7,0.658,0.45
298,,0.458,0.65,0.892,0.95,0.742,0.65,0.608,0.4
299,,0.408,0.6,0.842,0.9,0.692,0.6,0.558,0.35
300,,0.358,0.55,0.792,0.85,0.642,0.55,0.508,0.3
301,,0.308,0.5,0.742,0.8,0.592,0.5,0.458,0.25
302,,0.258,0.45,0.692,0.75,0.542,0.45,0.408,0.2
303,,0.208,0.4,0.642,0.7,0.492,0.4,0.358,0.15
304,,0.158,0.35,0.592,0.65,0.442,0.35,0.308,0.1
305,,0.108,0.3,0.542,0.6,0.392,0.3,0.258,0.05
306,,0.058,0.25,0.492,0.55,0.342,0.25,0.208,0.0
307,,0.008,0.2,0.442,0.5,0.292,0.2,0.158,-0.05
308,8,0.429,0.55,0.721,0.75,0.571,0.55,0.579,0.95
309,8,0.85,0.9,1.0,1.0,0.85,0.9,1.0,1.0
310,,0.8,0.85,0.95,0.95,0.8,0.85,0.95,0.95
311,,0.75,0.8,0.9,0.9,0.75,0.8,0.9,0.9
312,,0.7,0.75,0.85,0.85,0.7,0.75,0.85,0.85
313,,0.65,0.7,0.8,0.8,0.65,0.7,0.8,0.8
314,,0.6,0.65,0.75,0.75,0.6,0.65,0.75,0.75
315,,0.55,0.6,0.7,0.7,0.55,0.6,0.7,0.7
316,,0.5,0.55,0.65,0.65,0.5,0.55,0.65,0.65
317,,0.45,0.5,0.6,0.6,0.45,0.5,0.6,0.6
318,,0.4,0.45,0.55,0.55,0.4,0.45,0.55,0.55
319,,0.35,0.4,0.5,0.5,0.35,0.4,0.5,0.5
320,,0.3,0.35,0.45,0.45,0.3,0.35,0.45,0.45
321,,0.25,0.3,0.4,0.4,0.25,0.3,0.4,0.4
322,,0.2,0.25,0.35,0.35,0.2,0.25,0.35,0.35
323,,0.15,0.2,0.3,0.3,0.15,0.2,0.3,0.3
324,,0.1,0.15,0.25,0.25,0.1,0.15,0.25,0.25
325,,0.05,0.1,0.2,0.2,0.05,0.1,0.2,0.2
326,,0.0,0.05,0.15,0.15,0.0,0.05,0.15,0.15
327,,-0.05,0.0,0.1,0.1,-0.05,0.0,0.1,0.1
328,5,0.2,0.279,0.45,0.521,0.95,0.421,0.45,0.379
329,5,0.45,0.558,0.8,0.942,1.0,0.842,0.8,0.658
330,,0.4,0.508,0.75,0.892,0.95,0.792,0.75,0.608
331,,0.35,0.458,0.7,0.842,0.9,0.742,0.7,0.558
332,,0.3,0.408,0.65,0.792,0.85,0.692,0.65,0.508
333,,0.25,0.358,0.6,0.742,0.8,0.642,0.6,0.458
334,,0.2,0.308,0.55,0.692,0.75,0.592,0.55,0.408
335,,0.15,0.258,0.5,0.642,0.7,0.542,0.5,0.358
336,,0.1,0.208,0.45,0.592,0.65,0.492,0.45,0.308
337,,0.05,0.158,0.4,0.542,0.6,0.442,0.4,0.258
338,,0.0,0.108,0.35,0.492,0.55,0.392,0.35,0.208
339,,-0.05,0.058,0.3,0.442,0.5,0.342,0.3,0.158
340,1,0.95,0.479,0.65,0.721,0.75,0.621,0.65,0.579
341,1,1.0,0.9,1.0,1.0,1.0,0.9,1.0,1.0
342,,0.95,0.85,0.95,0.95,0.95,0.85,0.95,0.95
343,,0.9,0.8,0.9,0.9,0.9,0.8,0.9,0.9
344,,0.85,0.75,0.85,0.85,0.85,0.75,0.85,0.85
345,,0.8,0.7,0.8,0.8,0.8,0.7,0.8,0.8
346,,0.75,0.65,0.75,0.75,0.75,0.65,0.75,0.75
347,,0.7,0.6,0.7,0.7,0.7,0.6,0.7,0.7
348,,0.65,0.55,0.65,0.65,0.65,0.55,0.65,0.65
349,,0.6,0.5,0.6,0.6,0.6,0.5,0.6,0.6
350,,0.55,0.45,0.55,0.55,0.55,0.45,0.55,0.55
351,,0.5,0.4,0.5,0.5,0.5,0.4,0.5,0.5
352,,0.45,0.35,0.45,0.45,0.45,0.35,0.45,0.45
353,,0.4,0.3,0.4,0.4,0.4,0.3,0.4,0.4
354,,0.35,0.25,0.35,0.35,0.35,0.25,0.35,0.35
355,,0.3,0.2,0.3,0.3,0.3,0.2,0.3,0.3
356,,0.25,0.15,0.25,0.25,0.25,0.15,0.25,0.25
357,,0.2,0.1,0.2,0.2,0.2,0.1,0.2,0.2
358,,0.15,0.05,0.15,0.15,0.15,0.05,0.15,0.15
359,,0.1,0.0,0.1,0.1,0.1,0.0,0.1,0.1
360,,0.05,-0.05,0.05,0.05,0.05,-0.05,0.05,0.05
361,6,0.329,0.2,0.329,0.4,0.471,0.95,0.471,0.4
362,6,0.608,0.45,0.608,0.75,0.892,1.0,0.892,0.75
363,,0.558,0.4,0.558,0.7,0.842,0.95,0.842,0.7
364,,0.508,0.35,0.508,0.65,0.792,0.9,0.792,0.65
365,,0.458,0.3,0.458,0.6,0.742,0.85,0.742,0.6
366,,0.408,0.25,0.408,0.55,0.692,0.8,0.692,0.55
367,,0.358,0.2,0.358,0.5,0.642,0.75,0.642,0.5
368,,0.308,0.15,0.308,0.45,0.592,0.7,0.592,0.45
369,,0.258,0.1,0.258,0.4,0.542,0.65,0.542,0.4
370,,0.208,0.05,0.208,0.35,0.492,0.6,0.492,0.35
371,,0.158,0.0,0.158,0.3,0.442,0.55,0.442,0.3
372,,0.108,-0.05,0.108,0.25,0.392,0.5,0.392,0.25
373,2,0.529,0.95,0.529,0.6,0.671,0.75,0.671,0.6
374,2,0.95,1.0,0.95,0.95,0.95,1.0,0.95,0.95
375,,0.9,0.95,0.9,0.9,0.9,0.95,0.9,0.9
376,,0.85,0.9,0.85,0.85,0.85,0.9,0.85,0.85
377,,0.8,0.85,0.8,0.8,0.8,0.85,0.8,0.8
378,,0.75,0.8,0.75,0.75,0.75,0.8,0.75,0.75
379,,0.7,0.75,0.7,0.7,0.7,0.75,0.7,0.7
380,,0.65,0.7,0.65,0.65,0.65,0.7,0.65,0.65
381,,0.6,0.65,0.6,0.6,0.6,0.65,0.6,0.6
382,,0.55,0.6,0.55,0.55,0.55,0.6,0.55,0.55
383,,0.5,0.55,0.5,0.5,0.5,0.55,0.5,0.5
384,,0.45,0.5,0.45,0.45,0.45,0.5,0.45,0.45
385,,0.4,0.45,0.4,0.4,0.4,0.45,0.4,0.4
386,,0.35,0.4,0.35,0.35,0.35,0.4,0.35,0.35
387,,0.3,0.35,0.3,0.3,0.3,0.35,0.3,0.3
388,,0.25,0.3,0.25,0.25,0.25,0.3,0.25,0.25
389,,0.2,0.25,0.2,0.2,0.2,0.25,0.2,0.2
390,,0.15,0.2,0.15,0.15,0.15,0.2,0.15,0.15
391,,0.1,0.15,0.1,0.1,0.1,0.15,0.1,0.1
392,,0.05,0.1,0.05,0.05,0.05,0.1,0.05,0.05
393,,0.0,0.05,0.0,0.0,0.0,0.05,0.0,0.0
394,,-0.05,0.0,-0.05,-0.05,-0.05,0.0,-0.05,-0.05
395,8,0.371,0.35,0.229,0.2,0.229,0.35,0.371,0.95
396,8,0.792,0.7,0.508,0.45,0.508,0.7,0.792,1.0
397,,0.742,0.65,0.458,0.4,0.458,0.65,0.742,0.95
398,,0.692,0.6,0.408,0.35,0.408,0.6,0.692,0.9
399,,0.642,0.55,0.358,0.3,0.358,0.55,0.642,0.85
400,,0.592,0.5,0.308,0.25,0.308,0.5,0.592,0.8
401,,0.542,0.45,0.258,0.2,0.258,0.45,0.542,0.75
402,,0.492,0.4,0.208,0.15,0.208,0.4,0.492,0.7
403,,0.442,0.35,0.158,0.1,0.158,0.35,0.442,0.65
404,,0.392,0.3,0.108,0.05,0.108,0.3,0.392,0.6
405,,0.342,0.25,0.058,0.0,0.058,0.25,0.342,0.55
406,,0.292,0.2,0.008,-0.05,0.008,0.2,0.292,0.5
407,4,0.571,0.55,0.429,0.95,0.429,0.55,0.571,0.75
408,4,0.85,0.9,0.85,1.0,0.85,0.9,0.85,1.0
409,,0.8,0.85,0.8,0.95,0.8,0.85,0.8,0.95
410,,0.75,0.8,0.75,0.9,0.75,0.8,0.75,0.9
411,,0.7,0.75,0.7,0.85,0.7,0.75,0.7,0.85
412,,0.65,0.7,0.65,0.8,0.65,0.7,0.65,0.8
413,,0.6,0.65,0.6,0.75,0.6,0.65,0.6,0.75
414,,0.55,0.6,0.55,0.7,0.55,0.6,0.55,0.7
415,,0.5,0.55,0.5,0.65,0.5,0.55,0.5,0.65
416,,0.45,0.5,0.45,0.6,0.45,0.5,0.45,0.6
417,,0.4,0.45,0.4,0.55,0.4,0.45,0.4,0.55
418,,0.35,0.4,0.35,0.5,0.35,0.4,0.35,0.5
419,,0.3,0.35,0.3,0.45,0.3,0.35,0.3,0.45
420,,0.25,0.3,0.25,0.4,0.25,0.3,0.25,0.4
421,,0.2,0.25,0.2,0.35,0.2,0.25,0.2,0.35
422,,0.15,0.2,0.15,0.3,0.15,0.2,0.15,0.3
423,,0.1,0.15,0.1,0.25,0.1,0.15,0.1,0.25
424,,0.05,0.1,0.05,0.2,0.05,0.1,0.05,0.2
425,,0.0,0.05,0.0,0.15,0.0,0.05,0.0,0.15
426,,-0.05,0.0,-0.05,0.1,-0.05,0.0,-0.05,0.1
427,5,0.2,0.279,0.3,0.521,0.95,0.421,0.3,0.379
428,5,0.45,0.558,0.65,0.942,1.0,0.842,0.65,0.658
429,,0.4,0.508,0.6,0.892,0.95,0.792,0.6,0.608
430,,0.35,0.458,0.55,0.842,0.9,0.742,0.55,0.558
431,,0.3,0.408,0.5,0.792,0.85,0.692,0.5,0.508
432,,0.25,0.358,0.45,0.742,0.8,0.642,0.45,0.458
433,,0.2,0.308,0.4,0.692,0.75,0.592,0.4,0.408
434,,0.15,0.258,0.35,0.642,0.7,0.542,0.35,0.358
435,,0.1,0.208,0.3,0.592,0.65,0.492,0.3,0.308
436,,0.05,0.158,0.25,0.542,0.6,0.442,0.25,0.258
437,,0.0,0.108,0.2,0.492,0.55,0.392,0.2,0.208
438,,-0.05,0.058,0.15,0.442,0.5,0.342,0.15,0.158
439,1,0.95,0.479,0.5,0.721,0.75,0.621,0.5,0.579
440,1,1.0,0.9,0.85,1.0,1.0,0.9,0.85,1.0
441,,0.95,0.85,0.8,0.95,0.95,0.85,0.8,0.95
442,,0.9,0.8,0.75,0.9,0.9,0.8,0.75,0.9
443,,0.85,0.75,0.7,0.85,0.85,0.75,0.7,0.85
444,,0.8,0.7,0.65,0.8,0.8,0.7,0.65,0.8
445,,0.75,0.65,0.6,0.75,0.75,0.65,0.6,0.75
446,,0.7,0.6,0.55,0.7,0.7,0.6,0.55,0.7
447,,0.65,0.55,0.5,0.65,0.65,0.55,0.5,0.65
448,,0.6,0.5,0.45,0.6,0.6,0.5,0.45,0.6
449,,0.55,0.45,0.4,0.55,0.55,0.45,0.4,0.55
450,,0.5,0.4,0.35,0.5,0.5,0.4,0.35,0.5
451,,0.45,0.35,0.3,0.45,0.45,0.35,0.3,0.45
452,,0.4,0.3,0.25,0.4,0.4,0.3,0.25,0.4
453,,0.35,0.25,0.2,0.35,0.35,0.25,0.2,0.35
454,,0.3,0.2,0.15,0.3,0.3,0.2,0.15,0.3
455,,0.25,0.15,0.1,0.25,0.25,0.15,0.1,0.25
456,,0.2,0.1,0.05,0.2,0.2,0.1,0.05,0.2
457,,0.15,0.05,0.0,0.15,0.15,0.05,0.0,0.15
458,,0.1,0.0,-0.05,0.1,0.1,0.0,-0.05,0.1
459,3,0.45,0.421,0.95,0.521,0.45,0.279,0.2,0.379
460,3,0.8,0.842,1.0,0.942,0.8,0.558,0.45,0.658
461,,0.75,0.792,0.95,0.892,0.75,0.508,0.4,0.608
462,,0.7,0.742,0.9,0.842,0.7,0.458,0.35,0.558
463,,0.65,0.692,0.85,0.792,0.65,0.408,0.3,0.508
464,,0.6,0.642,0.8,0.742,0.6,0.358,0.25,0.458
465,,0.55,0.592,0.75,0.692,0.55,0.308,0.2,0.408
466,,0.5,0.542,0.7,0.642,0.5,0.258,0.15,0.358
467,,0.45,0.492,0.65,0.592,0.45,0.208,0.1,0.308
468,,0.4,0.442,0.6,0.542,0.4,0.158,0.05,0.258
469,,0.35,0.392,0.55,0.492,0.35,0.108,0.0,0.208
470,,0.3,0.342,0.5,0.442,0.3,0.058,-0.05,0.158
471,7,0.65,0.621,0.75,0.721,0.65,0.479,0.95,0.579
472,7,1.0,0.9,1.0,1.0,1.0,0.9,1.0,1.0
473,,0.95,0.85,0.95,0.95,0.95,0.85,0.95,0.95
474,,0.9,0.8,0.9,0.9,0.9,0.8,0.9,0.9
475,,0.85,0.75,0.85,0.85,0.85,0.75,0.85,0.85
476,,0.8,0.7,0.8,0.8,0.8,0.7,0.8,0.8
477,,0.75,0.65,0.75,0.75,0.75,0.65,0.75,0.75
478,,0.7,0.6,0.7,0.7,0.7,0.6,0.7,0.7
479,,0.65,0.55,0.65,0.65,0.65,0.55,0.65,0.65
480,,0.6,0.5,0.6,0.6,0.6,0.5,0.6,0.6
481,,0.55,0.45,0.55,0.55,0.55,0.45,0.55,0.55
482,,0.5,0.4,0.5,0.5,0.5,0.4,0.5,0.5
483,,0.45,0.35,0.45,0.45,0.45,0.35,0.45,0.45
484,,0.4,0.3,0.4,0.4,0.4,0.3,0.4,0.4
485,,0.35,0.25,0.35,0.35,0.35,0.25,0.35,0.35
486,,0.3,0.2,0.3,0.3,0.3,0.2,0.3,0.3
487,,0.25,0.15,0.25,0.25,0.25,0.15,0.25,0.25
488,,0.2,0.1,0.2,0.2,0.2,0.1,0.2,0.2
489,,0.15,0.05,0.15,0.15,0.15,0.05,0.15,0.15
490,,0.1,0.0,0.1,0.1,0.1,0.0,0.1,0.1
491,,0.05,-0.05,0.05,0.05,0.05,-0.05,0.05,0.05
492,6,0.329,0.2,0.329,0.4,0.471,0.95,0.471,0.4
493,6,0.608,0.45,0.608,0.75,0.892,1.0,0.892,0.75
494,,0.558,0.4,0.558,0.7,0.842,0.95,0.842,0.7
495,,0.508,0.35,0.508,0.65,0.792,0.9,0.792,0.65
496,,0.458,0.3,0.458,0.6,0.742,0.85,0.742,0.6
497,,0.408,0.25,0.408,0.55,0.692,0.8,0.692,0.55
498,,0.358,0.2,0.358,0.5,0.642,0.75,0.642,0.5
499,,0.308,0.15,0.308,0.45,0.592,0.7,0.592,0.45
500,,0.258,0.1,0.258,0.4,0.542,0.65,0.542,0.4
501,,0.208,0.05,0.208,0.35,0.492,0.6,0.492,0.35
502,,0.158,0.0,0.158,0.3,0.442,0.55,0.442,0.3
503,,0.108,-0.05,0.108,0.25,0.392,0.5,0.392,0.25
504,2,0.529,0.95,0.529,0.6,0.671,0.75,0.671,0.6
505,2,0.95,1.0,0.95,0.95,0.95,1.0,0.95,0.95
506,,0.9,0.95,0.9,0.9,0.9,0.95,0.9,0.9
507,,0.85,0.9,0.85,0.85,0.85,0.9,0.85,0.85
508,,0.8,0.85,0.8,0.8,0.8,0.85,0.8,0.8
509,,0.75,0.8,0.75,0.75,0.75,0.8,0.75,0.75
510,,0.7,0.75,0.7,0.7,0.7,0.75,0.7,0.7
511,,0.65,0.7,0.65,0.65,0.65,0.7,0.65,0.65
512,,0.6,0.65,0.6,0.6,0.6,0.65,0.6,0.6
513,,0.55,0.6,0.55,0.55,0.55,0.6,0.55,0.55
514,,0.5,0.55,0.5,0.5,0.5,0.55,0.5,0.5
515,,0.45,0.5,0.45,0.45,0.45,0.5,0.45,0.45
516,,0.4,0.45,0.4,0.4,0.4,0.45,0.4,0.4
517,,0.35,0.4,0.35,0.35,0.35,0.4,0.35,0.35
518,,0.3,0.35,0.3,0.3,0.3,0.35,0.3,0.3
519,,0.25,0.3,0.25,0.25,0.25,0.3,0.25,0.25
520,,0.2,0.25,0.2,0.2,0.2,0.25,0.2,0.2
521,,0.15,0.2,0.15,0.15,0.15,0.2,0.15,0.15
522,,0.1,0.15,0.1,0.1,0.1,0.15,0.1,0.1
523,,0.05,0.1,0.05,0.05,0.05,0.1,0.05,0.05
524,,0.0,0.05,0.0,0.0,0.0,0.05,0.0,0.0
525,,-0.05,0.0,-0.05,-0.05,-0.05,0.0,-0.05,-0.05
526,4,0.229,0.35,0.371,0.95,0.371,0.35,0.229,0.2
527,4,0.508,0.7,0.792,1.0,0.792,0.7,0.508,0.45
528,,0.458,0.65,0.742,0.95,0.742,0.65,0.458,0.4
529,,0.408,0.6,0.692,0.9,0.692,0.6,0.408,0.35
530,,0.358,0.55,0.642,0.85,0.642,0.55,0.358,0.3
531,,0.308,0.5,0.592,0.8,0.592,0.5,0.308,0.25
532,,0.258,0.45,0.542,0.75,0.542,0.45,0.258,0.2
533,,0.208,0.4,0.492,0.7,0.492,0.4,0.208,0.15
534,,0.158,0.35,0.442,0.65,0.442,0.35,0.158,0.1
535,,0.108,0.3,0.392,0.6,0.392,0.3,0.108,0.05
536,,0.058,0.25,0.342,0.55,0.342,0.25,0.058,0.0
537,,0.008,0.2,0.292,0.5,0.292,0.2,0.008,-0.05
538,8,0.429,0.55,0.571,0.75,0.571,0.55,0.429,0.95
539,8,0.85,0.9,0.85,1.0,0.85,0.9,0.85,1.0
540,,0.8,0.85,0.8,0.95,0.8,0.85,0.8,0.95
541,,0.75,0.8,0.75,0.9,0.75,0.8,0.75,0.9
542,,0.7,0.75,0.7,0.85,0.7,0.75,0.7,0.85
543,,0.65,0.7,0.65,0.8,0.65,0.7,0.65,0.8
544,,0.6,0.65,0.6,0.75,0.6,0.65,0.6,0.75
545,,0.55,0.6,0.55,0.7,0.55,0.6,0.55,0.7
546,,0.5,0.55,0.5,0.65,0.5,0.55,0.5,0.65
547,,0.45,0.5,0.45,0.6,0.45,0.5,0.45,0.6
548,,0.4,0.45,0.4,0.55,0.4,0.45,0.4,0.55
549,,0.35,0.4,0.35,0.5,0.35,0.4,0.35,0.5
550,,0.3,0.35,0.3,0.45,0.3,0.35,0.3,0.45
551,,0.25,0.3,0.25,0.4,0.25,0.3,0.25,0.4
552,,0.2,0.25,0.2,0.35,0.2,0.25,0.2,0.35
553,,0.15,0.2,0.15,0.3,0.15,0.2,0.15,0.3
554,,0.1,0.15,0.1,0.25,0.1,0.15,0.1,0.25
555,,0.05,0.1,0.05,0.2,0.05,0.1,0.05,0.2
556,,0.0,0.05,0.0,0.15,0.0,0.05,0.0,0.15
557,,-0.05,0.0,-0.05,0.1,-0.05,0.0,-0.05,0.1
558,7,0.3,0.279,0.2,0.379,0.3,0.421,0.95,0.521
559,7,0.65,0.558,0.45,0.658,0.65,0.842,1.0,0.942
560,,0.6,0.508,0.4,0.608,0.6,0.792,0.95,0.892
561,,0.55,0.458,0.35,0.558,0.55,0.742,0.9,0.842
562,,0.5,0.408,0.3,0.508,0.5,0.692,0.85,0.792
563,,0.45,0.358,0.25,0.458,0.45,0.642,0.8,0.742
564,,0.4,0.308,0.2,0.408,0.4,0.592,0.75,0.692
565,,0.35,0.258,0.15,0.358,0.35,0.542,0.7,0.642
566,,0.3,0.208,0.1,0.308,0.3,0.492,0.65,0.592
567,,0.25,0.158,0.05,0.258,0.25,0.442,0.6,0.542
568,,0.2,0.108,0.0,0.208,0.2,0.392,0.55,0.492
569,,0.15,0.058,-0.05,0.158,0.15,0.342,0.5,0.442
570,3,0.5,0.479,0.95,0.579,0.5,0.621,0.75,0.721
571,3,0.85,0.9,1.0,1.0,0.85,0.9,1.0,1.0
572,,0.8,0.85,0.95,0.95,0.8,0.85,0.95,0.95
573,,0.75,0.8,0.9,0.9,0.75,0.8,0.9,0.9
574,,0.7,0.75,0.85,0.85,0.7,0.75,0.85,0.85
575,,0.65,0.7,0.8,0.8,0.65,0.7,0.8,0.8
576,,0.6,0.65,0.75,0.75,0.6,0.65,0.75,0.75
577,,0.55,0.6,0.7,0.7,0.55,0.6,0.7,0.7
578,,0.5,0.55,0.65,0.65,0.5,0.55,0.65,0.65
579,,0.45,0.5,0.6,0.6,0.45,0.5,0.6,0.6
580,,0.4,0.45,0.55,0.55,0.4,0.45,0.55,0.55
581,,0.35,0.4,0.5,0.5,0.35,0.4,0.5,0.5
582,,0.3,0.35,0.45,0.45,0.3,0.35,0.45,0.45
583,,0.25,0.3,0.4,0.4,0.25,0.3,0.4,0.4
584,,0.2,0.25,0.35,0.35,0.2,0.25,0.35,0.35
585,,0.15,0.2,0.3,0.3,0.15,0.2,0.3,0.3
586,,0.1,0.15,0.25,0.25,0.1,0.15,0.25,0.25
587,,0.05,0.1,0.2,0.2,0.05,0.1,0.2,0.2
588,,0.0,0.05,0.15,0.15,0.0,0.05,0.15,0.15
589,,-0.05,0.0,0.1,0.1,-0.05,0.0,0.1,0.1
590,5,0.2,0.279,0.45,0.521,0.95,0.421,0.45,0.379
591,5,0.45,0.558,0.8,0.942,1.0,0.842,0.8,0.658
592,,0.4,0.508,0.75,0.892,0.95,0.792,0.75,0.608
593,,0.35,0.458,0.7,0.842,0.9,0.742,0.7,0.558
594,,0.3,0.408,0.65,0.792,0.85,0.692,0.65,0.508
595,,0.25,0.358,0.6,0.742,0.8,0.642,0.6,0.458
596,,0.2,0.308,0.55,0.692,0.75,0.592,0.55,0.408
597,,0.15,0.258,0.5,0.642,0.7,0.542,0.5,0.358
598,,0.1,0.208,0.45,0.592,0.65,0.492,0.45,0.308
599,,0.05,0.158,0.4,0.542,0.6,0.442,0.4,0.258
600,,0.0,0.108,0.35,0.492,0.55,0.392,0.35,0.208
601,,-0.05,0.058,0.3,0.442,0.5,0.342,0.3,0.158
602,1,0.95,0.479,0.65,0.721,0.75,0.621,0.65,0.579
603,1,1.0,0.9,1.0,1.0,1.0,0.9,1.0,1.0
604,,0.95,0.85,0.95,0.95,0.95,0.85,0.95,0.95
605,,0.9,0.8,0.9,0.9,0.9,0.8,0.9,0.9
606,,0.85,0.75,0.85,0.85,0.85,0.75,0.85,0.85
607,,0.8,0.7,0.8,0.8,0.8,0.7,0.8,0.8
608,,0.75,0.65,0.75,0.75,0.75,0.65,0.75,0.75
609,,0.7,0.6,0.7,0.7,0.7,0.6,0.7,0.7
610,,0.65,0.55,0.65,0.65,0.65,0.55,0.65,0.65
611,,0.6,0.5,0.6,0.6,0.6,0.5,0.6,0.6
612,,0.55,0.45,0.55,0.55,0.55,0.45,0.55,0.55
613,,0.5,0.4,0.5,0.5,0.5,0.4,0.5,0.5
614,,0.45,0.35,0.45,0.45,0.45,0.35,0.45,0.45
615,,0.4,0.3,0.4,0.4,0.4,0.3,0.4,0.4
616,,0.35,0.25,0.35,0.35,0.35,0.25,0.35,0.35
617,,0.3,0.2,0.3,0.3,0.3,0.2,0.3,0.3
618,,0.25,0.15,0.25,0.25,0.25,0.15,0.25,0.25
619,,0.2,0.1,0.2,0.2,0.2,0.1,0.2,0.2
620,,0.15,0.05,0.15,0.15,0.15,0.05,0.15,0.15
621,,0.1,0.0,0.1,0.1,0.1,0.0,0.1,0.1
622,,0.05,-0.05,0.05,0.05,0.05,-0.05,0.05,0.05
623,2,0.471,0.95,0.471,0.4,0.329,0.2,0.329,0.4
624,2,0.892,1.0,0.892,0.75,0.608,0.45,0.608,0.75
625,,0.842,0.95,0.842,0.7,0.558,0.4,0.558,0.7
626,,0.792,0.9,0.792,0.65,0.508,0.35,0.508,0.65
627,,0.742,0.85,0.742,0.6,0.458,0.3,0.458,0.6
628,,0.692,0.8,0.692,0.55,0.408,0.25,0.408,0.55
629,,0.642,0.75,0.642,0.5,0.358,0.2,0.358,0.5
630,,0.592,0.7,0.592,0.45,0.308,0.15,0.308,0.45
631,,0.542,0.65,0.542,0.4,0.258,0.1,0.258,0.4
632,,0.492,0.6,0.492,0.35,0.208,0.05,0.208,0.35
633,,0.442,0.55,0.442,0.3,0.158,0.0,0.158,0.3
634,,0.392,0.5,0.392,0.25,0.108,-0.05,0.108,0.25
635,6,0.671,0.75,0.671,0.6,0.529,0.95,0.529,0.6
636,6,0.95,1.0,0.95,0.95,0.95,1.0,0.95,0.95
637,,0.9,0.95,0.9,0.9,0.9,0.95,0.9,0.9
638,,0.85,0.9,0.85,0.85,0.85,0.9,0.85,0.85
639,,0.8,0.85,0.8,0.8,0.8,0.85,0.8,0.8
640,,0.75,0.8,0.75,0.75,0.75,0.8,0.75,0.75
641,,0.7,0.75,0.7,0.7,0.7,0.75,0.7,0.7
642,,0.65,0.7,0.65,0.65,0.65,0.7,0.65,0.65
643,,0.6,0.65,0.6,0.6,0.6,0.65,0.6,0.6
644,,0.55,0.6,0.55,0.55,0.55,0.6,0.55,0.55
645,,0.5,0.55,0.5,0.5,0.5,0.55,0.5,0.5
646,,0.45,0.5,0.45,0.45,0.45,0.5,0.45,0.45
647,,0.4,0.45,0.4,0.4,0.4,0.45,0.4,0.4
648,,0.35,0.4,0.35,0.35,0.35,0.4,0.35,0.35
649,,0.3,0.35,0.3,0.3,0.3,0.35,0.3,0.3
650,,0.25,0.3,0.25,0.25,0.25,0.3,0.25,0.25
651,,0.2,0.25,0.2,0.2,0.2,0.25,0.2,0.2
652,,0.15,0.2,0.15,0.15,0.15,0.2,0.15,0.15
653,,0.1,0.15,0.1,0.1,0.1,0.15,0.1,0.1
654,,0.05,0.1,0.05,0.05,0.05,0.1,0.05,0.05
655,,0.0,0.05,0.0,0.0,0.0,0.05,0.0,0.0
656,,-0.05,0.0,-0.05,-0.05,-0.05,0.0,-0.05,-0.05
657,3,0.3,0.421,0.95,0.371,0.3,0.279,0.2,0.229
658,3,0.65,0.842,1.0,0.792,0.65,0.558,0.45,0.508
659,,0.6,0.792,0.95,0.742,0.6,0.508,0.4,0.458
660,,0.55,0.742,0.9,0.692,0.55,0.458,0.35,0.408
661,,0.5,0.692,0.85,0.642,0.5,0.408,0.3,0.358
662,,0.45,0.642,0.8,0.592,0.45,0.358,0.25,0.308
663,,0.4,0.592,0.75,0.542,0.4,0.308,0.2,0.258
664,,0.35,0.542,0.7,0.492,0.35,0.258,0.15,0.208
665,,0.3,0.492,0.65,0.442,0.3,0.208,0.1,0.158
666,,0.25,0.442,0.6,0.392,0.25,0.158,0.05,0.108
667,,0.2,0.392,0.55,0.342,0.2,0.108,0.0,0.058
668,,0.15,0.342,0.5,0.292,0.15,0.058,-0.05,0.008
669,7,0.5,0.621,0.75,0.571,0.5,0.479,0.95,0.429
670,7,0.85,0.9,1.0,0.85,0.85,0.9,1.0,0.85
671,,0.8,0.85,0.95,0.8,0.8,0.85,0.95,0.8
672,,0.75,0.8,0.9,0.75,0.75,0.8,0.9,0.75
673,,0.7,0.75,0.85,0.7,0.7,0.75,0.85,0.7
674,,0.65,0.7,0.8,0.65,0.65,0.7,0.8,0.65
675,,0.6,0.65,0.75,0.6,0.6,0.65,0.75,0.6
676,,0.55,0.6,0.7,0.55,0.55,0.6,0.7,0.55
677,,0.5,0.55,0.65,0.5,0.5,0.55,0.65,0.5
678,,0.45,0.5,0.6,0.45,0.45,0.5,0.6,0.45
679,,0.4,0.45,0.55,0.4,0.4,0.45,0.55,0.4
680,,0.35,0.4,0.5,0.35,0.35,0.4,0.5,0.35
681,,0.3,0.35,0.45,0.3,0.3,0.35,0.45,0.3
682,,0.25,0.3,0.4,0.25,0.25,0.3,0.4,0.25
683,,0.2,0.25,0.35,0.2,0.2,0.25,0.35,0.2
684,,0.15,0.2,0.3,0.15,0.15,0.2,0.3,0.15
685,,0.1,0.15,0.25,0.1,0.1,0.15,0.25,0.1
686,,0.05,0.1,0.2,0.05,0.05,0.1,0.2,0.05
687,,0.0,0.05,0.15,0.0,0.0,0.05,0.15,0.0
688,,-0.05,0.0,0.1,-0.05,-0.05,0.0,0.1,-0.05
689,1,0.95,0.421,0.45,0.229,0.2,0.279,0.45,0.371
690,1,1.0,0.842,0.8,0.508,0.45,0.558,0.8,0.792
691,,0.95,0.792,0.75,0.458,0.4,0.508,0.75,0.742
692,,0.9,0.742,0.7,0.408,0.35,0.458,0.7,0.692
693,,0.85,0.692,0.65,0.358,0.3,0.408,0.65,0.642
694,,0.8,0.642,0.6,0.308,0.25,0.358,0.6,0.592
695,,0.75,0.592,0.55,0.258,0.2,0.308,0.55,0.542
696,,0.7,0.542,0.5,0.208,0.15,0.258,0.5,0.492
697,,0.65,0.492,0.45,0.158,0.1,0.208,0.45,0.442
698,,0.6,0.442,0.4,0.108,0.05,0.158,0.4,0.392
699,,0.55,0.392,0.35,0.058,0.0,0.108,0.35,0.342
700,,0.5,0.342,0.3,0.008,-0.05,0.058,0.3,0.292
701,5,0.75,0.621,0.65,0.429,0.95,0.479,0.65,0.571
702,5,1.0,0.9,1.0,0.85,1.0,0.9,1.0,0.85
703,,0.95,0.85,0.95,0.8,0.95,0.85,0.95,0.8
704,,0.9,0.8,0.9,0.75,0.9,0.8,0.9,0.75
705,,0.85,0.75,0.85,0.7,0.85,0.75,0.85,0.7
706,,0.8,0.7,0.8,0.65,0.8,0.7,0.8,0.65
707,,0.75,0.65,0.75,0.6,0.75,0.65,0.75,0.6
708,,0.7,0.6,0.7,0.55,0.7,0.6,0.7,0.55
709,,0.65,0.55,0.65,0.5,0.65,0.55,0.65,0.5
710,,0.6,0.5,0.6,0.45,0.6,0.5,0.6,0.45
711,,0.55,0.45,0.55,0.4,0.55,0.45,0.55,0.4
712,,0.5,0.4,0.5,0.35,0.5,0.4,0.5,0.35
713,,0.45,0.35,0.45,0.3,0.45,0.35,0.45,0.3
714,,0.4,0.3,0.4,0.25,0.4,0.3,0.4,0.25
715,,0.35,0.25,0.35,0.2,0.35,0.25,0.35,0.2
716,,0.3,0.2,0.3,0.15,0.3,0.2,0.3,0.15
717,,0.25,0.15,0.25,0.1,0.25,0.15,0.25,0.1
718,,0.2,0.1,0.2,0.05,0.2,0.1,0.2,0.05
719,,0.15,0.05,0.15,0.0,0.15,0.05,0.15,0.0
720,,0.1,0.0,0.1,-0.05,0.1,0.0,0.1,-0.05
721,8,0.521,0.35,0.379,0.2,0.379,0.35,0.521,0.95
722,8,0.942,0.7,0.658,0.45,0.658,0.7,0.942,1.0
723,,0.892,0.65,0.608,0.4,0.608,0.65,0.892,0.95
724,,0.842,0.6,0.558,0.35,0.558,0.6,0.842,0.9
725,,0.792,0.55,0.508,0.3,0.508,0.55,0.792,0.85
726,,0.742,0.5,0.458,0.25,0.458,0.5,0.742,0.8
727,,0.692,0.45,0.408,0.2,0.408,0.45,0.692,0.75
728,,0.642,0.4,0.358,0.15,0.358,0.4,0.642,0.7
729,,0.592,0.35,0.308,0.1,0.308,0.35,0.592,0.65
730,,0.542,0.3,0.258,0.05,0.258,0.3,0.542,0.6
731,,0.492,0.25,0.208,0.0,0.208,0.25,0.492,0.55
732,,0.442,0.2,0.158,-0.05,0.158,0.2,0.442,0.5
733,4,0.721,0.55,0.579,0.95,0.579,0.55,0.721,0.75
734,4,1.0,0.9,1.0,1.0,1.0,0.9,1.0,1.0
735,,0.95,0.85,0.95,0.95,0.95,0.85,0.95,0.95
736,,0.9,0.8,0.9,0.9,0.9,0.8,0.9,0.9
737,,0.85,0.75,0.85,0.85,0.85,0.75,0.85,0.85
738,,0.8,0.7,0.8,0.8,0.8,0.7,0.8,0.8
739,,0.75,0.65,0.75,0.75,0.75,0.65,0.75,0.75
740,,0.7,0.6,0.7,0.7,0.7,0.6,0.7,0.7
741,,0.65,0.55,0.65,0.65,0.65,0.55,0.65,0.65
742,,0.6,0.5,0.6,0.6,0.6,0.5,0.6,0.6
743,,0.55,0.45,0.55,0.55,0.55,0.45,0.55,0.55
744,,0.5,0.4,0.5,0.5,0.5,0.4,0.5,0.5
745,,0.45,0.35,0.45,0.45,0.45,0.35,0.45,0.45
746,,0.4,0.3,0.4,0.4,0.4,0.3,0.4,0.4
747,,0.35,0.25,0.35,0.35,0.35,0.25,0.35,0.35
748,,0.3,0.2,0.3,0.3,0.3,0.2,0.3,0.3
749,,0.25,0.15,0.25,0.25,0.25,0.15,0.25,0.25
750,,0.2,0.1,0.2,0.2,0.2,0.1,0.2,0.2
751,,0.15,0.05,0.15,0.15,0.15,0.05,0.15,0.15
752,,0.1,0.0,0.1,0.1,0.1,0.0,0.1,0.1
753,,0.05,-0.05,0.05,0.05,0.05,-0.05,0.05,0.05
754,2,0.471,0.95,0.471,0.4,0.329,0.2,0.329,0.4
755,2,0.892,1.0,0.892,0.75,0.608,0.45,0.608,0.75
756,,0.842,0.95,0.842,0.7,0.558,0.4,0.558,0.7
757,,0.792,0.9,0.792,0.65,0.508,0.35,0.508,0.65
758,,0.742,0.85,0.742,0.6,0.458,0.3,0.458,0.6
759,,0.692,0.8,0.692,0.55,0.408,0.25,0.408,0.55
760,,0.642,0.75,0.642,0.5,0.358,0.2,0.358,0.5
761,,0.592,0.7,0.592,0.45,0.308,0.15,0.308,0.45
762,,0.542,0.65,0.542,0.4,0.258,0.1,0.258,0.4
763,,0.492,0.6,0.492,0.35,0.208,0.05,0.208,0.35
764,,0.442,0.55,0.442,0.3,0.158,0.0,0.158,0.3
765,,0.392,0.5,0.392,0.25,0.108,-0.05,0.108,0.25
766,6,0.671,0.75,0.671,0.6,0.529,0.95,0.529,0.6
767,6,0.95,1.0,0.95,0.95,0.95,1.0,0.95,0.95
768,,0.9,0.95,0.9,0.9,0.9,0.95,0.9,0.9
769,,0.85,0.9,0.85,0.85,0.85,0.9,0.85,0.85
770,,0.8,0.85,0.8,0.8,0.8,0.85,0.8,0.8
771,,0.75,0.8,0.75,0.75,0.75,0.8,0.75,0.75
772,,0.7,0.75,0.7,0.7,0.7,0.75,0.7,0.7
773,,0.65,0.7,0.65,0.65,0.65,0.7,0.65,0.65
774,,0.6,0.65,0.6,0.6,0.6,0.65,0.6,0.6
775,,0.55,0.6,0.55,0.55,0.55,0.6,0.55,0.55
776,,0.5,0.55,0.5,0.5,0.5,0.55,0.5,0.5
777,,0.45,0.5,0.45,0.45,0.45,0.5,0.45,0.45
778,,0.4,0.45,0.4,0.4,0.4,0.45,0.4,0.4
779,,0.35,0.4,0.35,0.35,0.35,0.4,0.35,0.35
780,,0.3,0.35,0.3,0.3,0.3,0.35,0.3,0.3
781,,0.25,0.3,0.25,0.25,0.25,0.3,0.25,0.25
782,,0.2,0.25,0.2,0.2,0.2,0.25,0.2,0.2
783,,0.15,0.2,0.15,0.15,0.15,0.2,0.15,0.15
784,,0.1,0.15,0.1,0.1,0.1,0.15,0.1,0.1
785,,0.05,0.1,0.05,0.05,0.05,0.1,0.05,0.05
786,,0.0,0.05,0.0,0.0,0.0,0.05,0.0,0.0
787,,-0.05,0.0,-0.05,-0.05,-0.05,0.0,-0.05,-0.05
788,8,0.371,0.35,0.229,0.2,0.229,0.35,0.371,0.95
789,8,0.792,0.7,0.508,0.45,0.508,0.7,0.792,1.0
790,,0.742,0.65,0.458,0.4,0.458,0.65,0.742,0.95
791,,0.692,0.6,0.408,0.35,0.408,0.6,0.692,0.9
792,,0.642,0.55,0.358,0.3,0.358,0.55,0.642,0.85
793,,0.592,0.5,0.308,0.25,0.308,0.5,0.592,0.8
794,,0.542,0.45,0.258,0.2,0.258,0.45,0.542,0.75
795,,0.492,0.4,0.208,0.15,0.208,0.4,0.492,0.7
796,,0.442,0.35,0.158,0.1,0.158,0.35,0.442,0.65
797,,0.392,0.3,0.108,0.05,0.108,0.3,0.392,0.6
798,,0.342,0.25,0.058,0.0,0.058,0.25,0.342,0.55
799,,0.292,0.2,0.008,-0.05,0.008,0.2,0.292,0.5
800,4,0.571,0.55,0.429,0.95,0.429,0.55,0.571,0.75
801,4,0.85,0.9,0.85,1.0,0.85,0.9,0.85,1.0
802,,0.8,0.85,0.8,0.95,0.8,0.85,0.8,0.95
803,,0.75,0.8,0.75,0.9,0.75,0.8,0.75,0.9
804,,0.7,0.75,0.7,0.85,0.7,0.75,0.7,0.85
805,,0.65,0.7,0.65,0.8,0.65,0.7,0.65,0.8
806,,0.6,0.65,0.6,0.75,0.6,0.65,0.6,0.75
807,,0.55,0.6,0.55,0.7,0.55,0.6,0.55,0.7
808,,0.5,0.55,0.5,0.65,0.5,0.55,0.5,0.65
809,,0.45,0.5,0.45,0.6,0.45,0.5,0.45,0.6
810,,0.4,0.45,0.4,0.55,0.4,0.45,0.4,0.55
811,,0.35,0.4,0.35,0.5,0.35,0.4,0.35,0.5
812,,0.3,0.35,0.3,0.45,0.3,0.35,0.3,0.45
813,,0.25,0.3,0.25,0.4,0.25,0.3,0.25,0.4
814,,0.2,0.25,0.2,0.35,0.2,0.25,0.2,0.35
815,,0.15,0.2,0.15,0.3,0.15,0.2,0.15,0.3
816,,0.1,0.15,0.1,0.25,0.1,0.15,0.1,0.25
817,,0.05,0.1,0.05,0.2,0.05,0.1,0.05,0.2
818,,0.0,0.05,0.0,0.15,0.0,0.05,0.0,0.15
819,,-0.05,0.0,-0.05,0.1,-0.05,0.0,-0.05,0.1
820,5,0.2,0.279,0.3,0.521,0.95,0.421,0.3,0.379
821,5,0.45,0.558,0.65,0.942,1.0,0.842,0.65,0.658
822,,0.4,0.508,0.6,0.892,0.95,0.792,0.6,0.608
823,,0.35,0.458,0.55,0.842,0.9,0.742,0.55,0.558
824,,0.3,0.408,0.5,0.792,0.85,0.692,0.5,0.508
825,,0.25,0.358,0.45,0.742,0.8,0.642,0.45,0.458
826,,0.2,0.308,0.4,0.692,0.75,0.592,0.4,0.408
827,,0.15,0.258,0.35,0.642,0.7,0.542,0.35,0.358
828,,0.1,0.208,0.3,0.592,0.65,0.492,0.3,0.308
829,,0.05,0.158,0.25,0.542,0.6,0.442,0.25,0.258
830,,0.0,0.108,0.2,0.492,0.55,0.392,0.2,0.208
831,,-0.05,0.058,0.15,0.442,0.5,0.342,0.15,0.158
832,1,0.95,0.479,0.5,0.721,0.75,0.621,0.5,0.579
833,1,1.0,0.9,0.85,1.0,1.0,0.9,0.85,1.0
834,,0.95,0.85,0.8,0.95,0.95,0.85,0.8,0.95
835,,0.9,0.8,0.75,0.9,0.9,0.8,0.75,0.9
836,,0.85,0.75,0.7,0.85,0.85,0.75,0.7,0.85
837,,0.8,0.7,0.65,0.8,0.8,0.7,0.65,0.8
838,,0.75,0.65,0.6,0.75,0.75,0.65,0.6,0.75
839,,0.7,0.6,0.55,0.7,0.7,0.6,0.55,0.7
840,,0.65,0.55,0.5,0.65,0.65,0.55,0.5,0.65
841,,0.6,0.5,0.45,0.6,0.6,0.5,0.45,0.6
842,,0.55,0.45,0.4,0.55,0.55,0.45,0.4,0.55
843,,0.5,0.4,0.35,0.5,0.5,0.4,0.35,0.5
844,,0.45,0.35,0.3,0.45,0.45,0.35,0.3,0.45
845,,0.4,0.3,0.25,0.4,0.4,0.3,0.25,0.4
846,,0.35,0.25,0.2,0.35,0.35,0.25,0.2,0.35
847,,0.3,0.2,0.15,0.3,0.3,0.2,0.15,0.3
848,,0.25,0.15,0.1,0.25,0.25,0.15,0.1,0.25
849,,0.2,0.1,0.05,0.2,0.2,0.1,0.05,0.2
850,,0.15,0.05,0.0,0.15,0.15,0.05,0.0,0.15
851,,0.1,0.0,-0.05,0.1,0.1,0.0,-0.05,0.1
852,3,0.45,0.421,0.95,0.521,0.45,0.279,0.2,0.379
853,3,0.8,0.842,1.0,0.942,0.8,0.558,0.45,0.658
854,,0.75,0.792,0.95,0.892,0.75,0.508,0.4,0.608
855,,0.7,0.742,0.9,0.842,0.7,0.458,0.35,0.558
856,,0.65,0.692,0.85,0.792,0.65,0.408,0.3,0.508
857,,0.6,0.642,0.8,0.742,0.6,0.358,0.25,0.458
858,,0.55,0.592,0.75,0.692,0.55,0.308,0.2,0.408
859,,0.5,0.542,0.7,0.642,0.5,0.258,0.15,0.358
860,,0.45,0.492,0.65,0.592,0.45,0.208,0.1,0.308
861,,0.4,0.442,0.6,0.542,0.4,0.158,0.05,0.258
862,,0.35,0.392,0.55,0.492,0.35,0.108,0.0,0.208
863,,0.3,0.342,0.5,0.442,0.3,0.058,-0.05,0.158
864,7,0.65,0.621,0.75,0.721,0.65,0.479,0.95,0.579
865,7,1.0,0.9,1.0,1.0,1.0,0.9,1.0,1.0
866,,0.95,0.85,0.95,0.95,0.95,0.85,0.95,0.95
867,,0.9,0.8,0.9,0.9,0.9,0.8,0.9,0.9
868,,0.85,0.75,0.85,0.85,0.85,0.75,0.85,0.85
869,,0.8,0.7,0.8,0.8,0.8,0.7,0.8,0.8
870,,0.75,0.65,0.75,0.75,0.75,0.65,0.75,0.75
871,,0.7,0.6,0.7,0.7,0.7,0.6,0.7,0.7
872,,0.65,0.55,0.65,0.65,0.65,0.55,0.65,0.65
873,,0.6,0.5,0.6,0.6,0.6,0.5,0.6,0.6
874,,0.55,0.45,0.55,0.55,0.55,0.45,0.55,0.55
875,,0.5,0.4,0.5,0.5,0.5,0.4,0.5,0.5
876,,0.45,0.35,0.45,0.45,0.45,0.35,0.45,0.45
877,,0.4,0.3,0.4,0.4,0.4,0.3,0.4,0.4
878,,0.35,0.25,0.35,0.35,0.35,0.25,0.35,0.35
879,,0.3,0.2,0.3,0.3,0.3,0.2,0.3,0.3
880,,0.25,0.15,0.25,0.25,0.25,0.15,0.25,0.25
881,,0.2,0.1,0.2,0.2,0.2,0.1,0.2,0.2
882,,0.15,0.05,0.15,0.15,0.15,0.05,0.15,0.15
883,,0.1,0.0,0.1,0.1,0.1,0.0,0.1,0.1
884,,0.05,-0.05,0.05,0.05,0.05,-0.05,0.05,0.05
