step,active_motive,motive_1,motive_2,motive_3,motive_4,motive_5,motive_6,motive_7,motive_8
0,,0.03483,0.09366,0.00392,0.04179,0.09676,0.0548,0.04235,0.05685
1,,-0.01517,0.04366,-0.04608,-0.00821,0.04676,0.0048,-0.00765,0.00685
2,3,0.33483,0.46466,0.95392,0.41279,0.39676,0.2838,0.24235,0.28585
3,3,0.68483,0.88566,1.0,0.83379,0.74676,0.5628,0.49235,0.56485
4,,0.63483,0.83566,0.95,0.78379,0.69676,0.5128,0.44235,0.51485
5,,0.58483,0.78566,0.9,0.73379,0.64676,0.4628,0.39235,0.46485
6,,0.53483,0.73566,0.85,0.68379,0.59676,0.4128,0.34235,0.41485
7,,0.48483,0.68566,0.8,0.63379,0.54676,0.3628,0.29235,0.36485
8,,0.43483,0.63566,0.75,0.58379,0.49676,0.3128,0.24235,0.31485
9,,0.38483,0.58566,0.7,0.53379,0.44676,0.2628,0.19235,0.26485
10,,0.33483,0.53566,0.65,0.48379,0.39676,0.2128,0.14235,0.21485
11,,0.28483,0.48566,0.6,0.43379,0.34676,0.1628,0.09235,0.16485
12,,0.23483,0.43566,0.55,0.38379,0.29676,0.1128,0.04235,0.11485
13,,0.18483,0.38566,0.5,0.33379,0.24676,0.0628,-0.00765,0.06485
14,7,0.53483,0.66466,0.75,0.61279,0.59676,0.4838,0.99235,0.48585
15,7,0.88483,0.94366,1.0,0.89179,0.94676,0.9048,1.0,0.90685
16,,0.83483,0.89366,0.95,0.84179,0.89676,0.8548,0.95,0.85685
17,,0.78483,0.84366,0.9,0.79179,0.84676,0.8048,0.9,0.80685
18,,0.73483,0.79366,0.85,0.74179,0.79676,0.7548,0.85,0.75685
19,,0.68483,0.74366,0.8,0.69179,0.74676,0.7048,0.8,0.70685
20,,0.63483,0.69366,0.75,0.64179,0.69676,0.6548,0.75,0.65685
21,,0.58483,0.64366,0.7,0.59179,0.64676,0.6048,0.7,0.60685
22,,0.53483,0.59366,0.65,0.54179,0.59676,0.5548,0.65,0.55685
23,,0.48483,0.54366,0.6,0.49179,0.54676,0.5048,0.6,0.50685
24,,0.43483,0.49366,0.55,0.44179,0.49676,0.4548,0.55,0.45685
25,,0.38483,0.44366,0.5,0.39179,0.44676,0.4048,0.5,0.40685
26,,0.33483,0.39366,0.45,0.34179,0.39676,0.3548,0.45,0.35685
27,,0.28483,0.34366,0.4,0.29179,0.34676,0.3048,0.4,0.30685
28,,0.23483,0.29366,0.35,0.24179,0.29676,0.2548,0.35,0.25685
29,,0.18483,0.24366,0.3,0.19179,0.24676,0.2048,0.3,0.20685
30,,0.13483,0.19366,0.25,0.14179,0.19676,0.1548,0.25,0.15685
31,,0.08483,0.14366,0.2,0.09179,0.14676,0.1048,0.2,0.10685
32,,0.03483,0.09366,0.15,0.04179,0.09676,0.0548,0.15,0.05685
33,,-0.01517,0.04366,0.1,-0.00821,0.04676,0.0048,0.1,0.00685
34,1,0.98483,0.46466,0.45,0.27079,0.29676,0.2838,0.45,0.42785
35,1,1.0,0.88566,0.8,0.54979,0.54676,0.5628,0.8,0.84885
36,,0.95,0.83566,0.75,0.49979,0.49676,0.5128,0.75,0.79885
37,,0.9,0.78566,0.7,0.44979,0.44676,0.4628,0.7,0.74885
38,,0.85,0.73566,0.65,0.39979,0.39676,0.4128,0.65,0.69885
39,,0.8,0.68566,0.6,0.34979,0.34676,0.3628,0.6,0.64885
40,,0.75,0.63566,0.55,0.29979,0.29676,0.3128,0.55,0.59885
41,,0.7,0.58566,0.5,0.24979,0.24676,0.2628,0.5,0.54885
42,,0.65,0.53566,0.45,0.19979,0.19676,0.2128,0.45,0.49885
43,,0.6,0.48566,0.4,0.14979,0.14676,0.1628,0.4,0.44885
44,,0.55,0.43566,0.35,0.09979,0.09676,0.1128,0.35,0.39885
45,,0.5,0.38566,0.3,0.04979,0.04676,0.0628,0.3,0.34885
46,,0.45,0.33566,0.25,-0.00021,-0.00324,0.0128,0.25,0.29885
47,5,0.7,0.61466,0.6,0.42079,0.99676,0.4338,0.6,0.57785
48,5,0.95,0.89366,0.95,0.84179,1.0,0.8548,0.95,0.85685
49,,0.9,0.84366,0.9,0.79179,0.95,0.8048,0.9,0.80685
50,,0.85,0.79366,0.85,0.74179,0.9,0.7548,0.85,0.75685
51,,0.8,0.74366,0.8,0.69179,0.85,0.7048,0.8,0.70685
52,,0.75,0.69366,0.75,0.64179,0.8,0.6548,0.75,0.65685
53,,0.7,0.64366,0.7,0.59179,0.75,0.6048,0.7,0.60685
54,,0.65,0.59366,0.65,0.54179,0.7,0.5548,0.65,0.55685
55,,0.6,0.54366,0.6,0.49179,0.65,0.5048,0.6,0.50685
56,,0.55,0.49366,0.55,0.44179,0.6,0.4548,0.55,0.45685
57,,0.5,0.44366,0.5,0.39179,0.55,0.4048,0.5,0.40685
58,,0.45,0.39366,0.45,0.34179,0.5,0.3548,0.45,0.35685
59,,0.4,0.34366,0.4,0.29179,0.45,0.3048,0.4,0.30685
60,,0.35,0.29366,0.35,0.24179,0.4,0.2548,0.35,0.25685
61,,0.3,0.24366,0.3,0.19179,0.35,0.2048,0.3,0.20685
62,,0.25,0.19366,0.25,0.14179,0.3,0.1548,0.25,0.15685
63,,0.2,0.14366,0.2,0.09179,0.25,0.1048,0.2,0.10685
64,,0.15,0.09366,0.15,0.04179,0.2,0.0548,0.15,0.05685
65,,0.1,0.04366,0.1,-0.00821,0.15,0.0048,0.1,0.00685
66,4,0.379,0.39366,0.521,0.99179,0.571,0.3548,0.379,0.25685
67,4,0.658,0.74366,0.942,1.0,0.992,0.7048,0.658,0.50685
68,,0.608,0.69366,0.892,0.95,0.942,0.6548,0.608,0.45685
69,,0.558,0.64366,0.842,0.9,0.892,0.6048,0.558,0.40685
70,,0.508,0.59366,0.792,0.85,0.842,0.5548,0.508,0.35685
71,,0.458,0.54366,0.742,0.8,0.792,0.5048,0.458,0.30685
72,,0.408,0.49366,0.692,0.75,0.742,0.4548,0.408,0.25685
73,,0.358,0.44366,0.642,0.7,0.692,0.4048,0.358,0.20685
74,,0.308,0.39366,0.592,0.65,0.642,0.3548,0.308,0.15685
75,,0.258,0.34366,0.542,0.6,0.592,0.3048,0.258,0.10685
76,,0.208,0.29366,0.492,0.55,0.542,0.2548,0.208,0.05685
77,,0.158,0.24366,0.442,0.5,0.492,0.2048,0.158,0.00685
78,,0.108,0.19366,0.392,0.45,0.442,0.1548,0.108,-0.04315
79,8,0.529,0.54366,0.671,0.7,0.721,0.5048,0.529,0.95685
80,8,0.95,0.89366,0.95,0.95,1.0,0.8548,0.95,1.0
81,,0.9,0.84366,0.9,0.9,0.95,0.8048,0.9,0.95
82,,0.85,0.79366,0.85,0.85,0.9,0.7548,0.85,0.9
83,,0.8,0.74366,0.8,0.8,0.85,0.7048,0.8,0.85
84,,0.75,0.69366,0.75,0.75,0.8,0.6548,0.75,0.8
85,,0.7,0.64366,0.7,0.7,0.75,0.6048,0.7,0.75
86,,0.65,0.59366,0.65,0.65,0.7,0.5548,0.65,0.7
87,,0.6,0.54366,0.6,0.6,0.65,0.5048,0.6,0.65
88,,0.55,0.49366,0.55,0.55,0.6,0.4548,0.55,0.6
89,,0.5,0.44366,0.5,0.5,0.55,0.4048,0.5,0.55
90,,0.45,0.39366,0.45,0.45,0.5,0.3548,0.45,0.5
91,,0.4,0.34366,0.4,0.4,0.45,0.3048,0.4,0.45
92,,0.35,0.29366,0.35,0.35,0.4,0.2548,0.35,0.4
93,,0.3,0.24366,0.3,0.3,0.35,0.2048,0.3,0.35
94,,0.25,0.19366,0.25,0.25,0.3,0.1548,0.25,0.3
95,,0.2,0.14366,0.2,0.2,0.25,0.1048,0.2,0.25
96,,0.15,0.09366,0.15,0.15,0.2,0.0548,0.15,0.2
97,,0.1,0.04366,0.1,0.1,0.15,0.0048,0.1,0.15
98,,0.05,-0.00634,0.05,0.05,0.1,-0.0452,0.05,0.1
99,6,0.329,0.24366,0.329,0.4,0.521,0.9548,0.471,0.45
100,6,0.608,0.49366,0.608,0.75,0.942,1.0,0.892,0.8
101,,0.558,0.44366,0.558,0.7,0.892,0.95,0.842,0.75
102,,0.508,0.39366,0.508,0.65,0.842,0.9,0.792,0.7
103,,0.458,0.34366,0.458,0.6,0.792,0.85,0.742,0.65
104,,0.408,0.29366,0.408,0.55,0.742,0.8,0.692,0.6
105,,0.358,0.24366,0.358,0.5,0.692,0.75,0.642,0.55
106,,0.308,0.19366,0.308,0.45,0.642,0.7,0.592,0.5
107,,0.258,0.14366,0.258,0.4,0.592,0.65,0.542,0.45
108,,0.208,0.09366,0.208,0.35,0.542,0.6,0.492,0.4
109,,0.158,0.04366,0.158,0.3,0.492,0.55,0.442,0.35
110,,0.108,-0.00634,0.108,0.25,0.442,0.5,0.392,0.3
111,2,0.529,0.99366,0.529,0.6,0.721,0.75,0.671,0.65
112,2,0.95,1.0,0.95,0.95,1.0,1.0,0.95,1.0
113,,0.9,0.95,0.9,0.9,0.95,0.95,0.9,0.95
114,,0.85,0.9,0.85,0.85,0.9,0.9,0.85,0.9
115,,0.8,0.85,0.8,0.8,0.85,0.85,0.8,0.85
116,,0.75,0.8,0.75,0.75,0.8,0.8,0.75,0.8
117,,0.7,0.75,0.7,0.7,0.75,0.75,0.7,0.75
118,,0.65,0.7,0.65,0.65,0.7,0.7,0.65,0.7
119,,0.6,0.65,0.6,0.6,0.65,0.65,0.6,0.65
120,,0.55,0.6,0.55,0.55,0.6,0.6,0.55,0.6
121,,0.5,0.55,0.5,0.5,0.55,0.55,0.5,0.55
122,,0.45,0.5,0.45,0.45,0.5,0.5,0.45,0.5
123,,0.4,0.45,0.4,0.4,0.45,0.45,0.4,0.45
124,,0.35,0.4,0.35,0.35,0.4,0.4,0.35,0.4
125,,0.3,0.35,0.3,0.3,0.35,0.35,0.3,0.35
126,,0.25,0.3,0.25,0.25,0.3,0.3,0.25,0.3
127,,0.2,0.25,0.2,0.2,0.25,0.25,0.2,0.25
128,,0.15,0.2,0.15,0.15,0.2,0.2,0.15,0.2
129,,0.1,0.15,0.1,0.1,0.15,0.15,0.1,0.15
130,,0.05,0.1,0.05,0.05,0.1,0.1,0.05,0.1
131,,0.0,0.05,0.0,0.0,0.05,0.05,0.0,0.05
132,,-0.05,0.0,-0.05,-0.05,0.0,0.0,-0.05,0.0
133,4,0.229,0.35,0.371,0.95,0.421,0.35,0.229,0.25
134,4,0.508,0.7,0.792,1.0,0.842,0.7,0.508,0.5
135,,0.458,0.65,0.742,0.95,0.792,0.65,0.458,0.45
136,,0.408,0.6,0.692,0.9,0.742,0.6,0.408,0.4
137,,0.358,0.55,0.642,0.85,0.692,0.55,0.358,0.35
138,,0.308,0.5,0.592,0.8,0.642,0.5,0.308,0.3
139,,0.258,0.45,0.542,0.75,0.592,0.45,0.258,0.25
140,,0.208,0.4,0.492,0.7,0.542,0.4,0.208,0.2
141,,0.158,0.35,0.442,0.65,0.492,0.35,0.158,0.15
142,,0.108,0.3,0.392,0.6,0.442,0.3,0.108,0.1
143,,0.058,0.25,0.342,0.55,0.392,0.25,0.058,0.05
144,,0.008,0.2,0.292,0.5,0.342,0.2,0.008,0.0
145,,-0.042,0.15,0.242,0.45,0.292,0.15,-0.042,-0.05
146,8,0.379,0.5,0.521,0.7,0.571,0.5,0.379,0.95
147,8,0.8,0.85,0.8,0.95,0.85,0.85,0.8,1.0
148,,0.75,0.8,0.75,0.9,0.8,0.8,0.75,0.95
149,,0.7,0.75,0.7,0.85,0.75,0.75,0.7,0.9
150,,0.65,0.7,0.65,0.8,0.7,0.7,0.65,0.85
151,,0.6,0.65,0.6,0.75,0.65,0.65,0.6,0.8
152,,0.55,0.6,0.55,0.7,0.6,0.6,0.55,0.75
153,,0.5,0.55,0.5,0.65,0.55,0.55,0.5,0.7
154,,0.45,0.5,0.45,0.6,0.5,0.5,0.45,0.65
155,,0.4,0.45,0.4,0.55,0.45,0.45,0.4,0.6
156,,0.35,0.4,0.35,0.5,0.4,0.4,0.35,0.55
157,,0.3,0.35,0.3,0.45,0.35,0.35,0.3,0.5
158,,0.25,0.3,0.25,0.4,0.3,0.3,0.25,0.45
159,,0.2,0.25,0.2,0.35,0.25,0.25,0.2,0.4
160,,0.15,0.2,0.15,0.3,0.2,0.2,0.15,0.35
161,,0.1,0.15,0.1,0.25,0.15,0.15,0.1,0.3
162,,0.05,0.1,0.05,0.2,0.1,0.1,0.05,0.25
163,,0.0,0.05,0.0,0.15,0.05,0.05,0.0,0.2
164,,-0.05,0.0,-0.05,0.1,0.0,0.0,-0.05,0.15
165,1,0.95,0.421,0.3,0.379,0.25,0.279,0.3,0.571
166,1,1.0,0.842,0.65,0.658,0.5,0.558,0.65,0.992
167,,0.95,0.792,0.6,0.608,0.45,0.508,0.6,0.942
168,,0.9,0.742,0.55,0.558,0.4,0.458,0.55,0.892
169,,0.85,0.692,0.5,0.508,0.35,0.408,0.5,0.842
170,,0.8,0.642,0.45,0.458,0.3,0.358,0.45,0.792
171,,0.75,0.592,0.4,0.408,0.25,0.308,0.4,0.742
172,,0.7,0.542,0.35,0.358,0.2,0.258,0.35,0.692
173,,0.65,0.492,0.3,0.308,0.15,0.208,0.3,0.642
174,,0.6,0.442,0.25,0.258,0.1,0.158,0.25,0.592
175,,0.55,0.392,0.2,0.208,0.05,0.108,0.2,0.542
176,,0.5,0.342,0.15,0.158,0.0,0.058,0.15,0.492
177,,0.45,0.292,0.1,0.108,-0.05,0.008,0.1,0.442
178,5,0.7,0.571,0.45,0.529,0.95,0.429,0.45,0.721
179,5,0.95,0.85,0.8,0.95,1.0,0.85,0.8,1.0
180,,0.9,0.8,0.75,0.9,0.95,0.8,0.75,0.95
181,,0.85,0.75,0.7,0.85,0.9,0.75,0.7,0.9
182,,0.8,0.7,0.65,0.8,0.85,0.7,0.65,0.85
183,,0.75,0.65,0.6,0.75,0.8,0.65,0.6,0.8
184,,0.7,0.6,0.55,0.7,0.75,0.6,0.55,0.75
185,,0.65,0.55,0.5,0.65,0.7,0.55,0.5,0.7
186,,0.6,0.5,0.45,0.6,0.65,0.5,0.45,0.65
187,,0.55,0.45,0.4,0.55,0.6,0.45,0.4,0.6
188,,0.5,0.4,0.35,0.5,0.55,0.4,0.35,0.55
189,,0.45,0.35,0.3,0.45,0.5,0.35,0.3,0.5
190,,0.4,0.3,0.25,0.4,0.45,0.3,0.25,0.45
191,,0.35,0.25,0.2,0.35,0.4,0.25,0.2,0.4
192,,0.3,0.2,0.15,0.3,0.35,0.2,0.15,0.35
193,,0.25,0.15,0.1,0.25,0.3,0.15,0.1,0.3
194,,0.2,0.1,0.05,0.2,0.25,0.1,0.05,0.25
195,,0.15,0.05,0.0,0.15,0.2,0.05,0.0,0.2
196,,0.1,0.0,-0.05,0.1,0.15,0.0,-0.05,0.15
197,3,0.45,0.421,0.95,0.521,0.5,0.279,0.2,0.429
198,3,0.8,0.842,1.0,0.942,0.85,0.558,0.45,0.708
199,,0.75,0.792,0.95,0.892,0.8,0.508,0.4,0.658
200,,0.7,0.742,0.9,0.842,0.75,0.458,0.35,0.608
201,,0.65,0.692,0.85,0.792,0.7,0.408,0.3,0.558
202,,0.6,0.642,0.8,0.742,0.65,0.358,0.25,0.508
203,,0.55,0.592,0.75,0.692,0.6,0.308,0.2,0.458
204,,0.5,0.542,0.7,0.642,0.55,0.258,0.15,0.408
205,,0.45,0.492,0.65,0.592,0.5,0.208,0.1,0.358
206,,0.4,0.442,0.6,0.542,0.45,0.158,0.05,0.308
207,,0.35,0.392,0.55,0.492,0.4,0.108,0.0,0.258
208,,0.3,0.342,0.5,0.442,0.35,0.058,-0.05,0.208
209,7,0.65,0.621,0.75,0.721,0.7,0.479,0.95,0.629
210,7,1.0,0.9,1.0,1.0,1.0,0.9,1.0,1.0
211,,0.95,0.85,0.95,0.95,0.95,0.85,0.95,0.95
212,,0.9,0.8,0.9,0.9,0.9,0.8,0.9,0.9
213,,0.85,0.75,0.85,0.85,0.85,0.75,0.85,0.85
214,,0.8,0.7,0.8,0.8,0.8,0.7,0.8,0.8
215,,0.75,0.65,0.75,0.75,0.75,0.65,0.75,0.75
216,,0.7,0.6,0.7,0.7,0.7,0.6,0.7,0.7
217,,0.65,0.55,0.65,0.65,0.65,0.55,0.65,0.65
218,,0.6,0.5,0.6,0.6,0.6,0.5,0.6,0.6
219,,0.55,0.45,0.55,0.55,0.55,0.45,0.55,0.55
220,,0.5,0.4,0.5,0.5,0.5,0.4,0.5,0.5
221,,0.45,0.35,0.45,0.45,0.45,0.35,0.45,0.45
222,,0.4,0.3,0.4,0.4,0.4,0.3,0.4,0.4
223,,0.35,0.25,0.35,0.35,0.35,0.25,0.35,0.35
224,,0.3,0.2,0.3,0.3,0.3,0.2,0.3,0.3
225,,0.25,0.15,0.25,0.25,0.25,0.15,0.25,0.25
226,,0.2,0.1,0.2,0.2,0.2,0.1,0.2,0.2
227,,0.15,0.05,0.15,0.15,0.15,0.05,0.15,0.15
228,,0.1,0.0,0.1,0.1,0.1,0.0,0.1,0.1
229,,0.05,-0.05,0.05,0.05,0.05,-0.05,0.05,0.05
230,6,0.329,0.2,0.329,0.4,0.471,0.95,0.471,0.4
231,6,0.608,0.45,0.608,0.75,0.892,1.0,0.892,0.75
232,,0.558,0.4,0.558,0.7,0.842,0.95,0.842,0.7
233,,0.508,0.35,0.508,0.65,0.792,0.9,0.792,0.65
234,,0.458,0.3,0.458,0.6,0.742,0.85,0.742,0.6
235,,0.408,0.25,0.408,0.55,0.692,0.8,0.692,0.55
236,,0.358,0.2,0.358,0.5,0.642,0.75,0.642,0.5
237,,0.308,0.15,0.308,0.45,0.592,0.7,0.592,0.45
238,,0.258,0.1,0.258,0.4,0.542,0.65,0.542,0.4
239,,0.208,0.05,0.208,0.35,0.492,0.6,0.492,0.35
240,,0.158,0.0,0.158,0.3,0.442,0.55,0.442,0.3
241,,0.108,-0.05,0.108,0.25,0.392,0.5,0.392,0.25
242,2,0.529,0.95,0.529,0.6,0.671,0.75,0.671,0.6
243,2,0.95,1.0,0.95,0.95,0.95,1.0,0.95,0.95
244,,0.9,0.95,0.9,0.9,0.9,0.95,0.9,0.9
245,,0.85,0.9,0.85,0.85,0.85,0.9,0.85,0.85
246,,0.8,0.85,0.8,0.8,0.8,0.85,0.8,0.8
247,,0.75,0.8,0.75,0.75,0.75,0.8,0.75,0.75
248,,0.7,0.75,0.7,0.7,0.7,0.75,0.7,0.7
249,,0.65,0.7,0.65,0.65,0.65,0.7,0.65,0.65
250,,0.6,0.65,0.6,0.6,0.6,0.65,0.6,0.6
251,,0.55,0.6,0.55,0.55,0.55,0.6,0.55,0.55
252,,0.5,0.55,0.5,0.5,0.5,0.55,0.5,0.5
253,,0.45,0.5,0.45,0.45,0.45,0.5,0.45,0.45
254,,0.4,0.45,0.4,0.4,0.4,0.45,0.4,0.4
255,,0.35,0.4,0.35,0.35,0.35,0.4,0.35,0.35
256,,0.3,0.35,0.3,0.3,0.3,0.35,0.3,0.3
257,,0.25,0.3,0.25,0.25,0.25,0.3,0.25,0.25
258,,0.2,0.25,0.2,0.2,0.2,0.25,0.2,0.2
259,,0.15,0.2,0.15,0.15,0.15,0.2,0.15,0.15
260,,0.1,0.15,0.1,0.1,0.1,0.15,0.1,0.1
261,,0.05,0.1,0.05,0.05,0.05,0.1,0.05,0.05
262,,0.0,0.05,0.0,0.0,0.0,0.05,0.0,0.0
263,,-0.05,0.0,-0.05,-0.05,-0.05,0.0,-0.05,-0.05
264,5,0.2,0.279,0.3,0.371,0.95,0.421,0.3,0.229
265,5,0.45,0.558,0.65,0.792,1.0,0.842,0.65,0.508
266,,0.4,0.508,0.6,0.742,0.95,0.792,0.6,0.458
267,,0.35,0.458,0.55,0.692,0.9,0.742,0.55,0.408
268,,0.3,0.408,0.5,0.642,0.85,0.692,0.5,0.358
269,,0.25,0.358,0.45,0.592,0.8,0.642,0.45,0.308
270,,0.2,0.308,0.4,0.542,0.75,0.592,0.4,0.258
271,,0.15,0.258,0.35,0.492,0.7,0.542,0.35,0.208
272,,0.1,0.208,0.3,0.442,0.65,0.492,0.3,0.158
273,,0.05,0.158,0.25,0.392,0.6,0.442,0.25,0.108
274,,0.0,0.108,0.2,0.342,0.55,0.392,0.2,0.058
275,,-0.05,0.058,0.15,0.292,0.5,0.342,0.15,0.008
276,1,0.95,0.479,0.5,0.571,0.75,0.621,0.5,0.429
277,1,1.0,0.9,0.85,0.85,1.0,0.9,0.85,0.85
278,,0.95,0.85,0.8,0.8,0.95,0.85,0.8,0.8
279,,0.9,0.8,0.75,0.75,0.9,0.8,0.75,0.75
280,,0.85,0.75,0.7,0.7,0.85,0.75,0.7,0.7
281,,0.8,0.7,0.65,0.65,0.8,0.7,0.65,0.65
282,,0.75,0.65,0.6,0.6,0.75,0.65,0.6,0.6
283,,0.7,0.6,0.55,0.55,0.7,0.6,0.55,0.55
284,,0.65,0.55,0.5,0.5,0.65,0.55,0.5,0.5
285,,0.6,0.5,0.45,0.45,0.6,0.5,0.45,0.45
286,,0.55,0.45,0.4,0.4,0.55,0.45,0.4,0.4
287,,0.5,0.4,0.35,0.35,0.5,0.4,0.35,0.35
288,,0.45,0.35,0.3,0.3,0.45,0.35,0.3,0.3
289,,0.4,0.3,0.25,0.25,0.4,0.3,0.25,0.25
290,,0.35,0.25,0.2,0.2,0.35,0.25,0.2,0.2
291,,0.3,0.2,0.15,0.15,0.3,0.2,0.15,0.15
292,,0.25,0.15,0.1,0.1,0.25,0.15,0.1,0.1
293,,0.2,0.1,0.05,0.05,0.2,0.1,0.05,0.05
294,,0.15,0.05,0.0,0.0,0.15,0.05,0.0,0.0
295,,0.1,0.0,-0.05,-0.05,0.1,0.0,-0.05,-0.05
296,4,0.379,0.35,0.371,0.95,0.521,0.35,0.229,0.2
297,4,0.658,0.7,0.792,1.0,0.942,0.7,0.508,0.45
298,,0.608,0.65,0.742,0.95,0.892,0.65,0.458,0.4
299,,0.558,0.6,0.692,0.9,0.842,0.6,0.408,0.35
300,,0.508,0.55,0.642,0.85,0.792,0.55,0.358,0.3
301,,0.458,0.5,0.592,0.8,0.742,0.5,0.308,0.25
302,,0.408,0.45,0.542,0.75,0.692,0.45,0.258,0.2
303,,0.358,0.4,0.492,0.7,0.642,0.4,0.208,0.15
304,,0.308,0.35,0.442,0.65,0.592,0.35,0.158,0.1
305,,0.258,0.3,0.392,0.6,0.542,0.3,0.108,0.05
306,,0.208,0.25,0.342,0.55,0.492,0.25,0.058,0.0
307,,0.158,0.2,0.292,0.5,0.442,0.2,0.008,-0.05
308,8,0.579,0.55,0.571,0.75,0.721,0.55,0.429,0.95
309,8,1.0,0.9,0.85,1.0,1.0,0.9,0.85,1.0
310,,0.95,0.85,0.8,0.95,0.95,0.85,0.8,0.95
311,,0.9,0.8,0.75,0.9,0.9,0.8,0.75,0.9
312,,0.85,0.75,0.7,0.85,0.85,0.75,0.7,0.85
313,,0.8,0.7,0.65,0.8,0.8,0.7,0.65,0.8
314,,0.75,0.65,0.6,0.75,0.75,0.65,0.6,0.75
315,,0.7,0.6,0.55,0.7,0.7,0.6,0.55,0.7
316,,0.65,0.55,0.5,0.65,0.65,0.55,0.5,0.65
317,,0.6,0.5,0.45,0.6,0.6,0.5,0.45,0.6
318,,0.55,0.45,0.4,0.55,0.55,0.45,0.4,0.55
319,,0.5,0.4,0.35,0.5,0.5,0.4,0.35,0.5
320,,0.45,0.35,0.3,0.45,0.45,0.35,0.3,0.45
321,,0.4,0.3,0.25,0.4,0.4,0.3,0.25,0.4
322,,0.35,0.25,0.2,0.35,0.35,0.25,0.2,0.35
323,,0.3,0.2,0.15,0.3,0.3,0.2,0.15,0.3
324,,0.25,0.15,0.1,0.25,0.25,0.15,0.1,0.25
325,,0.2,0.1,0.05,0.2,0.2,0.1,0.05,0.2
326,,0.15,0.05,0.0,0.15,0.15,0.05,0.0,0.15
327,,0.1,0.0,-0.05,0.1,0.1,0.0,-0.05,0.1
328,3,0.45,0.421,0.95,0.521,0.45,0.279,0.2,0.379
329,3,0.8,0.842,1.0,0.942,0.8,0.558,0.45,0.658
330,,0.75,0.792,0.95,0.892,0.75,0.508,0.4,0.608
331,,0.7,0.742,0.9,0.842,0.7,0.458,0.35,0.558
332,,0.65,0.692,0.85,0.792,0.65,0.408,0.3,0.508
333,,0.6,0.642,0.8,0.742,0.6,0.358,0.25,0.458
334,,0.55,0.592,0.75,0.692,0.55,0.308,0.2,0.408
335,,0.5,0.542,0.7,0.642,0.5,0.258,0.15,0.358
336,,0.45,0.492,0.65,0.592,0.45,0.208,0.1,0.308
337,,0.4,0.442,0.6,0.542,0.4,0.158,0.05,0.258
338,,0.35,0.392,0.55,0.492,0.35,0.108,0.0,0.208
339,,0.3,0.342,0.5,0.442,0.3,0.058,-0.05,0.158
340,7,0.65,0.621,0.75,0.721,0.65,0.479,0.95,0.579
341,7,1.0,0.9,1.0,1.0,1.0,0.9,1.0,1.0
342,,0.95,0.85,0.95,0.95,0.95,0.85,0.95,0.95
343,,0.9,0.8,0.9,0.9,0.9,0.8,0.9,0.9
344,,0.85,0.75,0.85,0.85,0.85,0.75,0.85,0.85
345,,0.8,0.7,0.8,0.8,0.8,0.7,0.8,0.8
346,,0.75,0.65,0.75,0.75,0.75,0.65,0.75,0.75
347,,0.7,0.6,0.7,0.7,0.7,0.6,0.7,0.7
348,,0.65,0.55,0.65,0.65,0.65,0.55,0.65,0.65
349,,0.6,0.5,0.6,0.6,0.6,0.5,0.6,0.6
350,,0.55,0.45,0.55,0.55,0.55,0.45,0.55,0.55
351,,0.5,0.4,0.5,0.5,0.5,0.4,0.5,0.5
352,,0.45,0.35,0.45,0.45,0.45,0.35,0.45,0.45
353,,0.4,0.3,0.4,0.4,0.4,0.3,0.4,0.4
354,,0.35,0.25,0.35,0.35,0.35,0.25,0.35,0.35
355,,0.3,0.2,0.3,0.3,0.3,0.2,0.3,0.3
356,,0.25,0.15,0.25,0.25,0.25,0.15,0.25,0.25
357,,0.2,0.1,0.2,0.2,0.2,0.1,0.2,0.2
358,,0.15,0.05,0.15,0.15,0.15,0.05,0.15,0.15
359,,0.1,0.0,0.1,0.1,0.1,0.0,0.1,0.1
360,,0.05,-0.05,0.05,0.05,0.05,-0.05,0.05,0.05
361,2,0.471,0.95,0.471,0.4,0.329,0.2,0.329,0.4
362,2,0.892,1.0,0.892,0.75,0.608,0.45,0.608,0.75
363,,0.842,0.95,0.842,0.7,0.558,0.4,0.558,0.7
364,,0.792,0.9,0.792,0.65,0.508,0.35,0.508,0.65
365,,0.742,0.85,0.742,0.6,0.458,0.3,0.458,0.6
366,,0.692,0.8,0.692,0.55,0.408,0.25,0.408,0.55
367,,0.642,0.75,0.642,0.5,0.358,0.2,0.358,0.5
368,,0.592,0.7,0.592,0.45,0.308,0.15,0.308,0.45
369,,0.542,0.65,0.542,0.4,0.258,0.1,0.258,0.4
370,,0.492,0.6,0.492,0.35,0.208,0.05,0.208,0.35
371,,0.442,0.55,0.442,0.3,0.158,0.0,0.158,0.3
372,,0.392,0.5,0.392,0.25,0.108,-0.05,0.108,0.25
373,6,0.671,0.75,0.671,0.6,0.529,0.95,0.529,0.6
374,6,0.95,1.0,0.95,0.95,0.95,1.0,0.95,0.95
375,,0.9,0.95,0.9,0.9,0.9,0.95,0.9,0.9
376,,0.85,0.9,0.85,0.85,0.85,0.9,0.85,0.85
377,,0.8,0.85,0.8,0.8,0.8,0.85,0.8,0.8
378,,0.75,0.8,0.75,0.75,0.75,0.8,0.75,0.75
379,,0.7,0.75,0.7,0.7,0.7,0.75,0.7,0.7
380,,0.65,0.7,0.65,0.65,0.65,0.7,0.65,0.65
381,,0.6,0.65,0.6,0.6,0.6,0.65,0.6,0.6
382,,0.55,0.6,0.55,0.55,0.55,0.6,0.55,0.55
383,,0.5,0.55,0.5,0.5,0.5,0.55,0.5,0.5
384,,0.45,0.5,0.45,0.45,0.45,0.5,0.45,0.45
385,,0.4,0.45,0.4,0.4,0.4,0.45,0.4,0.4
386,,0.35,0.4,0.35,0.35,0.35,0.4,0.35,0.35
387,,0.3,0.35,0.3,0.3,0.3,0.35,0.3,0.3
388,,0.25,0.3,0.25,0.25,0.25,0.3,0.25,0.25
389,,0.2,0.25,0.2,0.2,0.2,0.25,0.2,0.2
390,,0.15,0.2,0.15,0.15,0.15,0.2,0.15,0.15
391,,0.1,0.15,0.1,0.1,0.1,0.15,0.1,0.1
392,,0.05,0.1,0.05,0.05,0.05,0.1,0.05,0.05
393,,0.0,0.05,0.0,0.0,0.0,0.05,0.0,0.0
394,,-0.05,0.0,-0.05,-0.05,-0.05,0.0,-0.05,-0.05
395,8,0.371,0.35,0.229,0.2,0.229,0.35,0.371,0.95
396,8,0.792,0.7,0.508,0.45,0.508,0.7,0.792,1.0
397,,0.742,0.65,0.458,0.4,0.458,0.65,0.742,0.95
398,,0.692,0.6,0.408,0.35,0.408,0.6,0.692,0.9
399,,0.642,0.55,0.358,0.3,0.358,0.55,0.642,0.85
400,,0.592,0.5,0.308,0.25,0.308,0.5,0.592,0.8
401,,0.542,0.45,0.258,0.2,0.258,0.45,0.542,0.75
402,,0.492,0.4,0.208,0.15,0.208,0.4,0.492,0.7
403,,0.442,0.35,0.158,0.1,0.158,0.35,0.442,0.65
404,,0.392,0.3,0.108,0.05,0.108,0.3,0.392,0.6
405,,0.342,0.25,0.058,0.0,0.058,0.25,0.342,0.55
406,,0.292,0.2,0.008,-0.05,0.008,0.2,0.292,0.5
407,4,0.571,0.55,0.429,0.95,0.429,0.55,0.571,0.75
408,4,0.85,0.9,0.85,1.0,0.85,0.9,0.85,1.0
409,,0.8,0.85,0.8,0.95,0.8,0.85,0.8,0.95
410,,0.75,0.8,0.75,0.9,0.75,0.8,0.75,0.9
411,,0.7,0.75,0.7,0.85,0.7,0.75,0.7,0.85
412,,0.65,0.7,0.65,0.8,0.65,0.7,0.65,0.8
413,,0.6,0.65,0.6,0.75,0.6,0.65,0.6,0.75
414,,0.55,0.6,0.55,0.7,0.55,0.6,0.55,0.7
415,,0.5,0.55,0.5,0.65,0.5,0.55,0.5,0.65
416,,0.45,0.5,0.45,0.6,0.45,0.5,0.45,0.6
417,,0.4,0.45,0.4,0.55,0.4,0.45,0.4,0.55
418,,0.35,0.4,0.35,0.5,0.35,0.4,0.35,0.5
419,,0.3,0.35,0.3,0.45,0.3,0.35,0.3,0.45
420,,0.25,0.3,0.25,0.4,0.25,0.3,0.25,0.4
421,,0.2,0.25,0.2,0.35,0.2,0.25,0.2,0.35
422,,0.15,0.2,0.15,0.3,0.15,0.2,0.15,0.3
423,,0.1,0.15,0.1,0.25,0.1,0.15,0.1,0.25
424,,0.05,0.1,0.05,0.2,0.05,0.1,0.05,0.2
425,,0.0,0.05,0.0,0.15,0.0,0.05,0.0,0.15
426,,-0.05,0.0,-0.05,0.1,-0.05,0.0,-0.05,0.1
427,7,0.3,0.279,0.2,0.379,0.3,0.421,0.95,0.521
428,7,0.65,0.558,0.45,0.658,0.65,0.842,1.0,0.942
429,,0.6,0.508,0.4,0.608,0.6,0.792,0.95,0.892
430,,0.55,0.458,0.35,0.558,0.55,0.742,0.9,0.842
431,,0.5,0.408,0.3,0.508,0.5,0.692,0.85,0.792
432,,0.45,0.358,0.25,0.458,0.45,0.642,0.8,0.742
433,,0.4,0.308,0.2,0.408,0.4,0.592,0.75,0.692
434,,0.35,0.258,0.15,0.358,0.35,0.542,0.7,0.642
435,,0.3,0.208,0.1,0.308,0.3,0.492,0.65,0.592
436,,0.25,0.158,0.05,0.258,0.25,0.442,0.6,0.542
437,,0.2,0.108,0.0,0.208,0.2,0.392,0.55,0.492
438,,0.15,0.058,-0.05,0.158,0.15,0.342,0.5,0.442
439,3,0.5,0.479,0.95,0.579,0.5,0.621,0.75,0.721
440,3,0.85,0.9,1.0,1.0,0.85,0.9,1.0,1.0
441,,0.8,0.85,0.95,0.95,0.8,0.85,0.95,0.95
442,,0.75,0.8,0.9,0.9,0.75,0.8,0.9,0.9
443,,0.7,0.75,0.85,0.85,0.7,0.75,0.85,0.85
444,,0.65,0.7,0.8,0.8,0.65,0.7,0.8,0.8
445,,0.6,0.65,0.75,0.75,0.6,0.65,0.75,0.75
446,,0.55,0.6,0.7,0.7,0.55,0.6,0.7,0.7
447,,0.5,0.55,0.65,0.65,0.5,0.55,0.65,0.65
448,,0.45,0.5,0.6,0.6,0.45,0.5,0.6,0.6
449,,0.4,0.45,0.55,0.55,0.4,0.45,0.55,0.55
450,,0.35,0.4,0.5,0.5,0.35,0.4,0.5,0.5
451,,0.3,0.35,0.45,0.45,0.3,0.35,0.45,0.45
452,,0.25,0.3,0.4,0.4,0.25,0.3,0.4,0.4
453,,0.2,0.25,0.35,0.35,0.2,0.25,0.35,0.35
454,,0.15,0.2,0.3,0.3,0.15,0.2,0.3,0.3
455,,0.1,0.15,0.25,0.25,0.1,0.15,0.25,0.25
456,,0.05,0.1,0.2,0.2,0.05,0.1,0.2,0.2
457,,0.0,0.05,0.15,0.15,0.0,0.05,0.15,0.15
458,,-0.05,0.0,0.1,0.1,-0.05,0.0,0.1,0.1
459,1,0.95,0.421,0.45,0.379,0.2,0.279,0.45,0.521
460,1,1.0,0.842,0.8,0.658,0.45,0.558,0.8,0.942
461,,0.95,0.792,0.75,0.608,0.4,0.508,0.75,0.892
462,,0.9,0.742,0.7,0.558,0.35,0.458,0.7,0.842
463,,0.85,0.692,0.65,0.508,0.3,0.408,0.65,0.792
464,,0.8,0.642,0.6,0.458,0.25,0.358,0.6,0.742
465,,0.75,0.592,0.55,0.408,0.2,0.308,0.55,0.692
466,,0.7,0.542,0.5,0.358,0.15,0.258,0.5,0.642
467,,0.65,0.492,0.45,0.308,0.1,0.208,0.45,0.592
468,,0.6,0.442,0.4,0.258,0.05,0.158,0.4,0.542
469,,0.55,0.392,0.35,0.208,0.0,0.108,0.35,0.492
470,,0.5,0.342,0.3,0.158,-0.05,0.058,0.3,0.442
471,5,0.75,0.621,0.65,0.579,0.95,0.479,0.65,0.721
472,5,1.0,0.9,1.0,1.0,1.0,0.9,1.0,1.0
473,,0.95,0.85,0.95,0.95,0.95,0.85,0.95,0.95
474,,0.9,0.8,0.9,0.9,0.9,0.8,0.9,0.9
475,,0.85,0.75,0.85,0.85,0.85,0.75,0.85,0.85
476,,0.8,0.7,0.8,0.8,0.8,0.7,0.8,0.8
477,,0.75,0.65,0.75,0.75,0.75,0.65,0.75,0.75
478,,0.7,0.6,0.7,0.7,0.7,0.6,0.7,0.7
479,,0.65,0.55,0.65,0.65,0.65,0.55,0.65,0.65
480,,0.6,0.5,0.6,0.6,0.6,0.5,0.6,0.6
481,,0.55,0.45,0.55,0.55,0.55,0.45,0.55,0.55
482,,0.5,0.4,0.5,0.5,0.5,0.4,0.5,0.5
483,,0.45,0.35,0.45,0.45,0.45,0.35,0.45,0.45
484,,0.4,0.3,0.4,0.4,0.4,0.3,0.4,0.4
485,,0.35,0.25,0.35,0.35,0.35,0.25,0.35,0.35
486,,0.3,0.2,0.3,0.3,0.3,0.2,0.3,0.3
487,,0.25,0.15,0.25,0.25,0.25,0.15,0.25,0.25
488,,0.2,0.1,0.2,0.2,0.2,0.1,0.2,0.2
489,,0.15,0.05,0.15,0.15,0.15,0.05,0.15,0.15
490,,0.1,0.0,0.1,0.1,0.1,0.0,0.1,0.1
491,,0.05,-0.05,0.05,0.05,0.05,-0.05,0.05,0.05
492,6,0.329,0.2,0.329,0.4,0.471,0.95,0.471,0.4
493,6,0.608,0.45,0.608,0.75,0.892,1.0,0.892,0.75
494,,0.558,0.4,0.558,0.7,0.842,0.95,0.842,0.7
495,,0.508,0.35,0.508,0.65,0.792,0.9,0.792,0.65
496,,0.458,0.3,0.458,0.6,0.742,0.85,0.742,0.6
497,,0.408,0.25,0.408,0.55,0.692,0.8,0.692,0.55
498,,0.358,0.2,0.358,0.5,0.642,0.75,0.642,0.5
499,,0.308,0.15,0.308,0.45,0.592,0.7,0.592,0.45
500,,0.258,0.1,0.258,0.4,0.542,0.65,0.542,0.4
501,,0.208,0.05,0.208,0.35,0.492,0.6,0.492,0.35
502,,0.158,0.0,0.158,0.3,0.442,0.55,0.442,0.3
503,,0.108,-0.05,0.108,0.25,0.392,0.5,0.392,0.25
504,2,0.529,0.95,0.529,0.6,0.671,0.75,0.671,0.6
505,2,0.95,1.0,0.95,0.95,0.95,1.0,0.95,0.95
506,,0.9,0.95,0.9,0.9,0.9,0.95,0.9,0.9
507,,0.85,0.9,0.85,0.85,0.85,0.9,0.85,0.85
508,,0.8,0.85,0.8,0.8,0.8,0.85,0.8,0.8
509,,0.75,0.8,0.75,0.75,0.75,0.8,0.75,0.75
510,,0.7,0.75,0.7,0.7,0.7,0.75,0.7,0.7
511,,0.65,0.7,0.65,0.65,0.65,0.7,0.65,0.65
512,,0.6,0.65,0.6,0.6,0.6,0.65,0.6,0.6
513,,0.55,0.6,0.55,0.55,0.55,0.6,0.55,0.55
514,,0.5,0.55,0.5,0.5,0.5,0.55,0.5,0.5
515,,0.45,0.5,0.45,0.45,0.45,0.5,0.45,0.45
516,,0.4,0.45,0.4,0.4,0.4,0.45,0.4,0.4
517,,0.35,0.4,0.35,0.35,0.35,0.4,0.35,0.35
518,,0.3,0.35,0.3,0.3,0.3,0.35,0.3,0.3
519,,0.25,0.3,0.25,0.25,0.25,0.3,0.25,0.25
520,,0.2,0.25,0.2,0.2,0.2,0.25,0.2,0.2
521,,0.15,0.2,0.15,0.15,0.15,0.2,0.15,0.15
522,,0.1,0.15,0.1,0.1,0.1,0.15,0.1,0.1
523,,0.05,0.1,0.05,0.05,0.05,0.1,0.05,0.05
524,,0.0,0.05,0.0,0.0,0.0,0.05,0.0,0.0
525,,-0.05,0.0,-0.05,-0.05,-0.05,0.0,-0.05,-0.05
526,1,0.95,0.421,0.3,0.229,0.2,0.279,0.3,0.371
527,1,1.0,0.842,0.65,0.508,0.45,0.558,0.65,0.792
528,,0.95,0.792,0.6,0.458,0.4,0.508,0.6,0.742
529,,0.9,0.742,0.55,0.408,0.35,0.458,0.55,0.692
530,,0.85,0.692,0.5,0.358,0.3,0.408,0.5,0.642
531,,0.8,0.642,0.45,0.308,0.25,0.358,0.45,0.592
532,,0.75,0.592,0.4,0.258,0.2,0.308,0.4,0.542
533,,0.7,0.542,0.35,0.208,0.15,0.258,0.35,0.492
534,,0.65,0.492,0.3,0.158,0.1,0.208,0.3,0.442
535,,0.6,0.442,0.25,0.108,0.05,0.158,0.25,0.392
536,,0.55,0.392,0.2,0.058,0.0,0.108,0.2,0.342
537,,0.5,0.342,0.15,0.008,-0.05,0.058,0.15,0.292
538,5,0.75,0.621,0.5,0.429,0.95,0.479,0.5,0.571
539,5,1.0,0.9,0.85,0.85,1.0,0.9,0.85,0.85
540,,0.95,0.85,0.8,0.8,0.95,0.85,0.8,0.8
541,,0.9,0.8,0.75,0.75,0.9,0.8,0.75,0.75
542,,0.85,0.75,0.7,0.7,0.85,0.75,0.7,0.7
543,,0.8,0.7,0.65,0.65,0.8,0.7,0.65,0.65
544,,0.75,0.65,0.6,0.6,0.75,0.65,0.6,0.6
545,,0.7,0.6,0.55,0.55,0.7,0.6,0.55,0.55
546,,0.65,0.55,0.5,0.5,0.65,0.55,0.5,0.5
547,,0.6,0.5,0.45,0.45,0.6,0.5,0.45,0.45
548,,0.55,0.45,0.4,0.4,0.55,0.45,0.4,0.4
549,,0.5,0.4,0.35,0.35,0.5,0.4,0.35,0.35
550,,0.45,0.35,0.3,0.3,0.45,0.35,0.3,0.3
551,,0.4,0.3,0.25,0.25,0.4,0.3,0.25,0.25
552,,0.35,0.25,0.2,0.2,0.35,0.25,0.2,0.2
553,,0.3,0.2,0.15,0.15,0.3,0.2,0.15,0.15
554,,0.25,0.15,0.1,0.1,0.25,0.15,0.1,0.1
555,,0.2,0.1,0.05,0.05,0.2,0.1,0.05,0.05
556,,0.15,0.05,0.0,0.0,0.15,0.05,0.0,0.0
557,,0.1,0.0,-0.05,-0.05,0.1,0.0,-0.05,-0.05
558,7,0.45,0.279,0.2,0.229,0.45,0.421,0.95,0.371
559,7,0.8,0.558,0.45,0.508,0.8,0.842,1.0,0.792
560,,0.75,0.508,0.4,0.458,0.75,0.792,0.95,0.742
561,,0.7,0.458,0.35,0.408,0.7,0.742,0.9,0.692
562,,0.65,0.408,0.3,0.358,0.65,0.692,0.85,0.642
563,,0.6,0.358,0.25,0.308,0.6,0.642,0.8,0.592
564,,0.55,0.308,0.2,0.258,0.55,0.592,0.75,0.542
565,,0.5,0.258,0.15,0.208,0.5,0.542,0.7,0.492
566,,0.45,0.208,0.1,0.158,0.45,0.492,0.65,0.442
567,,0.4,0.158,0.05,0.108,0.4,0.442,0.6,0.392
568,,0.35,0.108,0.0,0.058,0.35,0.392,0.55,0.342
569,,0.3,0.058,-0.05,0.008,0.3,0.342,0.5,0.292
570,3,0.65,0.479,0.95,0.429,0.65,0.621,0.75,0.571
571,3,1.0,0.9,1.0,0.85,1.0,0.9,1.0,0.85
572,,0.95,0.85,0.95,0.8,0.95,0.85,0.95,0.8
573,,0.9,0.8,0.9,0.75,0.9,0.8,0.9,0.75
574,,0.85,0.75,0.85,0.7,0.85,0.75,0.85,0.7
575,,0.8,0.7,0.8,0.65,0.8,0.7,0.8,0.65
576,,0.75,0.65,0.75,0.6,0.75,0.65,0.75,0.6
577,,0.7,0.6,0.7,0.55,0.7,0.6,0.7,0.55
578,,0.65,0.55,0.65,0.5,0.65,0.55,0.65,0.5
579,,0.6,0.5,0.6,0.45,0.6,0.5,0.6,0.45
580,,0.55,0.45,0.55,0.4,0.55,0.45,0.55,0.4
581,,0.5,0.4,0.5,0.35,0.5,0.4,0.5,0.35
582,,0.45,0.35,0.45,0.3,0.45,0.35,0.45,0.3
583,,0.4,0.3,0.4,0.25,0.4,0.3,0.4,0.25
584,,0.35,0.25,0.35,0.2,0.35,0.25,0.35,0.2
585,,0.3,0.2,0.3,0.15,0.3,0.2,0.3,0.15
586,,0.25,0.15,0.25,0.1,0.25,0.15,0.25,0.1
587,,0.2,0.1,0.2,0.05,0.2,0.1,0.2,0.05
588,,0.15,0.05,0.15,0.0,0.15,0.05,0.15,0.0
589,,0.1,0.0,0.1,-0.05,0.1,0.0,0.1,-0.05
590,4,0.379,0.35,0.521,0.95,0.521,0.35,0.379,0.2
591,4,0.658,0.7,0.942,1.0,0.942,0.7,0.658,0.45
592,,0.608,0.65,0.892,0.95,0.892,0.65,0.608,0.4
593,,0.558,0.6,0.842,0.9,0.842,0.6,0.558,0.35
594,,0.508,0.55,0.792,0.85,0.792,0.55,0.508,0.3
595,,0.458,0.5,0.742,0.8,0.742,0.5,0.458,0.25
596,,0.408,0.45,0.692,0.75,0.692,0.45,0.408,0.2
597,,0.358,0.4,0.642,0.7,0.642,0.4,0.358,0.15
598,,0.308,0.35,0.592,0.65,0.592,0.35,0.308,0.1
599,,0.258,0.3,0.542,0.6,0.542,0.3,0.258,0.05
600,,0.208,0.25,0.492,0.55,0.492,0.25,0.208,0.0
601,,0.158,0.2,0.442,0.5,0.442,0.2,0.158,-0.05
602,8,0.579,0.55,0.721,0.75,0.721,0.55,0.579,0.95
603,8,1.0,0.9,1.0,1.0,1.0,0.9,1.0,1.0
604,,0.95,0.85,0.95,0.95,0.95,0.85,0.95,0.95
605,,0.9,0.8,0.9,0.9,0.9,0.8,0.9,0.9
606,,0.85,0.75,0.85,0.85,0.85,0.75,0.85,0.85
607,,0.8,0.7,0.8,0.8,0.8,0.7,0.8,0.8
608,,0.75,0.65,0.75,0.75,0.75,0.65,0.75,0.75
609,,0.7,0.6,0.7,0.7,0.7,0.6,0.7,0.7
610,,0.65,0.55,0.65,0.65,0.65,0.55,0.65,0.65
611,,0.6,0.5,0.6,0.6,0.6,0.5,0.6,0.6
612,,0.55,0.45,0.55,0.55,0.55,0.45,0.55,0.55
613,,0.5,0.4,0.5,0.5,0.5,0.4,0.5,0.5
614,,0.45,0.35,0.45,0.45,0.45,0.35,0.45,0.45
615,,0.4,0.3,0.4,0.4,0.4,0.3,0.4,0.4
616,,0.35,0.25,0.35,0.35,0.35,0.25,0.35,0.35
617,,0.3,0.2,0.3,0.3,0.3,0.2,0.3,0.3
618,,0.25,0.15,0.25,0.25,0.25,0.15,0.25,0.25
619,,0.2,0.1,0.2,0.2,0.2,0.1,0.2,0.2
620,,0.15,0.05,0.15,0.15,0.15,0.05,0.15,0.15
621,,0.1,0.0,0.1,0.1,0.1,0.0,0.1,0.1
622,,0.05,-0.05,0.05,0.05,0.05,-0.05,0.05,0.05
623,2,0.471,0.95,0.471,0.4,0.329,0.2,0.329,0.4
624,2,0.892,1.0,0.892,0.75,0.608,0.45,0.608,0.75
625,,0.842,0.95,0.842,0.7,0.558,0.4,0.558,0.7
626,,0.792,0.9,0.792,0.65,0.508,0.35,0.508,0.65
627,,0.742,0.85,0.742,0.6,0.458,0.3,0.458,0.6
628,,0.692,0.8,0.692,0.55,0.408,0.25,0.408,0.55
629,,0.642,0.75,0.642,0.5,0.358,0.2,0.358,0.5
630,,0.592,0.7,0.592,0.45,0.308,0.15,0.308,0.45
631,,0.542,0.65,0.542,0.4,0.258,0.1,0.258,0.4
632,,0.492,0.6,0.492,0.35,0.208,0.05,0.208,0.35
633,,0.442,0.55,0.442,0.3,0.158,0.0,0.158,0.3
634,,0.392,0.5,0.392,0.25,0.108,-0.05,0.108,0.25
635,6,0.671,0.75,0.671,0.6,0.529,0.95,0.529,0.6
636,6,0.95,1.0,0.95,0.95,0.95,1.0,0.95,0.95
637,,0.9,0.95,0.9,0.9,0.9,0.95,0.9,0.9
638,,0.85,0.9,0.85,0.85,0.85,0.9,0.85,0.85
639,,0.8,0.85,0.8,0.8,0.8,0.85,0.8,0.8
640,,0.75,0.8,0.75,0.75,0.75,0.8,0.75,0.75
641,,0.7,0.75,0.7,0.7,0.7,0.75,0.7,0.7
642,,0.65,0.7,0.65,0.65,0.65,0.7,0.65,0.65
643,,0.6,0.65,0.6,0.6,0.6,0.65,0.6,0.6
644,,0.55,0.6,0.55,0.55,0.55,0.6,0.55,0.55
645,,0.5,0.55,0.5,0.5,0.5,0.55,0.5,0.5
646,,0.45,0.5,0.45,0.45,0.45,0.5,0.45,0.45
647,,0.4,0.45,0.4,0.4,0.4,0.45,0.4,0.4
648,,0.35,0.4,0.35,0.35,0.35,0.4,0.35,0.35
649,,0.3,0.35,0.3,0.3,0.3,0.35,0.3,0.3
650,,0.25,0.3,0.25,0.25,0.25,0.3,0.25,0.25
651,,0.2,0.25,0.2,0.2,0.2,0.25,0.2,0.2
652,,0.15,0.2,0.15,0.15,0.15,0.2,0.15,0.15
653,,0.1,0.15,0.1,0.1,0.1,0.15,0.1,0.1
654,,0.05,0.1,0.05,0.05,0.05,0.1,0.05,0.05
655,,0.0,0.05,0.0,0.0,0.0,0.05,0.0,0.0
656,,-0.05,0.0,-0.05,-0.05,-0.05,0.0,-0.05,-0.05
657,1,0.95,0.421,0.3,0.229,0.2,0.279,0.3,0.371
658,1,1.0,0.842,0.65,0.508,0.45,0.558,0.65,0.792
659,,0.95,0.792,0.6,0.458,0.4,0.508,0.6,0.742
660,,0.9,0.742,0.55,0.408,0.35,0.458,0.55,0.692
661,,0.85,0.692,0.5,0.358,0.3,0.408,0.5,0.642
662,,0.8,0.642,0.45,0.308,0.25,0.358,0.45,0.592
663,,0.75,0.592,0.4,0.258,0.2,0.308,0.4,0.542
664,,0.7,0.542,0.35,0.208,0.15,0.258,0.35,0.492
665,,0.65,0.492,0.3,0.158,0.1,0.208,0.3,0.442
666,,0.6,0.442,0.25,0.108,0.05,0.158,0.25,0.392
667,,0.55,0.392,0.2,0.058,0.0,0.108,0.2,0.342
668,,0.5,0.342,0.15,0.008,-0.05,0.058,0.15,0.292
669,5,0.75,0.621,0.5,0.429,0.95,0.479,0.5,0.571
670,5,1.0,0.9,0.85,0.85,1.0,0.9,0.85,0.85
671,,0.95,0.85,0.8,0.8,0.95,0.85,0.8,0.8
672,,0.9,0.8,0.75,0.75,0.9,0.8,0.75,0.75
673,,0.85,0.75,0.7,0.7,0.85,0.75,0.7,0.7
674,,0.8,0.7,0.65,0.65,0.8,0.7,0.65,0.65
675,,0.75,0.65,0.6,0.6,0.75,0.65,0.6,0.6
676,,0.7,0.6,0.55,0.55,0.7,0.6,0.55,0.55
677,,0.65,0.55,0.5,0.5,0.65,0.55,0.5,0.5
678,,0.6,0.5,0.45,0.45,0.6,0.5,0.45,0.45
679,,0.55,0.45,0.4,0.4,0.55,0.45,0.4,0.4
680,,0.5,0.4,0.35,0.35,0.5,0.4,0.35,0.35
681,,0.45,0.35,0.3,0.3,0.45,0.35,0.3,0.3
682,,0.4,0.3,0.25,0.25,0.4,0.3,0.25,0.25
683,,0.35,0.25,0.2,0.2,0.35,0.25,0.2,0.2
684,,0.3,0.2,0.15,0.15,0.3,0.2,0.15,0.15
685,,0.25,0.15,0.1,0.1,0.25,0.15,0.1,0.1
686,,0.2,0.1,0.05,0.05,0.2,0.1,0.05,0.05
687,,0.15,0.05,0.0,0.0,0.15,0.05,0.0,0.0
688,,0.1,0.0,-0.05,-0.05,0.1,0.0,-0.05,-0.05
689,7,0.45,0.279,0.2,0.229,0.45,0.421,0.95,0.371
690,7,0.8,0.558,0.45,0.508,0.8,0.842,1.0,0.792
691,,0.75,0.508,0.4,0.458,0.75,0.792,0.95,0.742
692,,0.7,0.458,0.35,0.408,0.7,0.742,0.9,0.692
693,,0.65,0.408,0.3,0.358,0.65,0.692,0.85,0.642
694,,0.6,0.358,0.25,0.308,0.6,0.642,0.8,0.592
695,,0.55,0.308,0.2,0.258,0.55,0.592,0.75,0.542
696,,0.5,0.258,0.15,0.208,0.5,0.542,0.7,0.492
697,,0.45,0.208,0.1,0.158,0.45,0.492,0.65,0.442
698,,0.4,0.158,0.05,0.108,0.4,0.442,0.6,0.392
699,,0.35,0.108,0.0,0.058,0.35,0.392,0.55,0.342
700,,0.3,0.058,-0.05,0.008,0.3,0.342,0.5,0.292
701,3,0.65,0.479,0.95,0.429,0.65,0.621,0.75,0.571
702,3,1.0,0.9,1.0,0.85,1.0,0.9,1.0,0.85
703,,0.95,0.85,0.95,0.8,0.95,0.85,0.95,0.8
704,,0.9,0.8,0.9,0.75,0.9,0.8,0.9,0.75
705,,0.85,0.75,0.85,0.7,0.85,0.75,0.85,0.7
706,,0.8,0.7,0.8,0.65,0.8,0.7,0.8,0.65
707,,0.75,0.65,0.75,0.6,0.75,0.65,0.75,0.6
708,,0.7,0.6,0.7,0.55,0.7,0.6,0.7,0.55
709,,0.65,0.55,0.65,0.5,0.65,0.55,0.65,0.5
710,,0.6,0.5,0.6,0.45,0.6,0.5,0.6,0.45
711,,0.55,0.45,0.55,0.4,0.55,0.45,0.55,0.4
712,,0.5,0.4,0.5,0.35,0.5,0.4,0.5,0.35
713,,0.45,0.35,0.45,0.3,0.45,0.35,0.45,0.3
714,,0.4,0.3,0.4,0.25,0.4,0.3,0.4,0.25
715,,0.35,0.25,0.35,0.2,0.35,0.25,0.35,0.2
716,,0.3,0.2,0.3,0.15,0.3,0.2,0.3,0.15
717,,0.25,0.15,0.25,0.1,0.25,0.15,0.25,0.1
718,,0.2,0.1,0.2,0.05,0.2,0.1,0.2,0.05
719,,0.15,0.05,0.15,0.0,0.15,0.05,0.15,0.0
720,,0.1,0.0,0.1,-0.05,0.1,0.0,0.1,-0.05
721,4,0.379,0.35,0.521,0.95,0.521,0.35,0.379,0.2
722,4,0.658,0.7,0.942,1.0,0.942,0.7,0.658,0.45
723,,0.608,0.65,0.892,0.95,0.892,0.65,0.608,0.4
724,,0.558,0.6,0.842,0.9,0.842,0.6,0.558,0.35
725,,0.508,0.55,0.792,0.85,0.792,0.55,0.508,0.3
726,,0.458,0.5,0.742,0.8,0.742,0.5,0.458,0.25
727,,0.408,0.45,0.692,0.75,0.692,0.45,0.408,0.2
728,,0.358,0.4,0.642,0.7,0.642,0.4,0.358,0.15
729,,0.308,0.35,0.592,0.65,0.592,0.35,0.308,0.1
730,,0.258,0.3,0.542,0.6,0.542,0.3,0.258,0.05
731,,0.208,0.25,0.492,0.55,0.492,0.25,0.208,0.0
732,,0.158,0.2,0.442,0.5,0.442,0.2,0.158,-0.05
733,8,0.579,0.55,0.721,0.75,0.721,0.55,0.579,0.95
734,8,1.0,0.9,1.0,1.0,1.0,0.9,1.0,1.0
735,,0.95,0.85,0.95,0.95,0.95,0.85,0.95,0.95
736,,0.9,0.8,0.9,0.9,0.9,0.8,0.9,0.9
737,,0.85,0.75,0.85,0.85,0.85,0.75,0.85,0.85
738,,0.8,0.7,0.8,0.8,0.8,0.7,0.8,0.8
739,,0.75,0.65,0.75,0.75,0.75,0.65,0.75,0.75
740,,0.7,0.6,0.7,0.7,0.7,0.6,0.7,0.7
741,,0.65,0.55,0.65,0.65,0.65,0.55,0.65,0.65
742,,0.6,0.5,0.6,0.6,0.6,0.5,0.6,0.6
743,,0.55,0.45,0.55,0.55,0.55,0.45,0.55,0.55
744,,0.5,0.4,0.5,0.5,0.5,0.4,0.5,0.5
745,,0.45,0.35,0.45,0.45,0.45,0.35,0.45,0.45
746,,0.4,0.3,0.4,0.4,0.4,0.3,0.4,0.4
747,,0.35,0.25,0.35,0.35,0.35,0.25,0.35,0.35
748,,0.3,0.2,0.3,0.3,0.3,0.2,0.3,0.3
749,,0.25,0.15,0.25,0.25,0.25,0.15,0.25,0.25
750,,0.2,0.1,0.2,0.2,0.2,0.1,0.2,0.2
751,,0.15,0.05,0.15,0.15,0.15,0.05,0.15,0.15
752,,0.1,0.0,0.1,0.1,0.1,0.0,0.1,0.1
753,,0.05,-0.05,0.05,0.05,0.05,-0.05,0.05,0.05
754,6,0.329,0.2,0.329,0.4,0.471,0.95,0.471,0.4
755,6,0.608,0.45,0.608,0.75,0.892,1.0,0.892,0.75
756,,0.558,0.4,0.558,0.7,0.842,0.95,0.842,0.7
757,,0.508,0.35,0.508,0.65,0.792,0.9,0.792,0.65
758,,0.458,0.3,0.458,0.6,0.742,0.85,0.742,0.6
759,,0.408,0.25,0.408,0.55,0.692,0.8,0.692,0.55
760,,0.358,0.2,0.358,0.5,0.642,0.75,0.642,0.5
761,,0.308,0.15,0.308,0.45,0.592,0.7,0.592,0.45
762,,0.258,0.1,0.258,0.4,0.542,0.65,0.542,0.4
763,,0.208,0.05,0.208,0.35,0.492,0.6,0.492,0.35
764,,0.158,0.0,0.158,0.3,0.442,0.55,0.442,0.3
765,,0.108,-0.05,0.108,0.25,0.392,0.5,0.392,0.25
766,2,0.529,0.95,0.529,0.6,0.671,0.75,0.671,0.6
767,2,0.95,1.0,0.95,0.95,0.95,1.0,0.95,0.95
768,,0.9,0.95,0.9,0.9,0.9,0.95,0.9,0.9
769,,0.85,0.9,0.85,0.85,0.85,0.9,0.85,0.85
770,,0.8,0.85,0.8,0.8,0.8,0.85,0.8,0.8
771,,0.75,0.8,0.75,0.75,0.75,0.8,0.75,0.75
772,,0.7,0.75,0.7,0.7,0.7,0.75,0.7,0.7
773,,0.65,0.7,0.65,0.65,0.65,0.7,0.65,0.65
774,,0.6,0.65,0.6,0.6,0.6,0.65,0.6,0.6
775,,0.55,0.6,0.55,0.55,0.55,0.6,0.55,0.55
776,,0.5,0.55,0.5,0.5,0.5,0.55,0.5,0.5
777,,0.45,0.5,0.45,0.45,0.45,0.5,0.45,0.45
778,,0.4,0.45,0.4,0.4,0.4,0.45,0.4,0.4
779,,0.35,0.4,0.35,0.35,0.35,0.4,0.35,0.35
780,,0.3,0.35,0.3,0.3,0.3,0.35,0.3,0.3
781,,0.25,0.3,0.25,0.25,0.25,0.3,0.25,0.25
782,,0.2,0.25,0.2,0.2,0.2,0.25,0.2,0.2
783,,0.15,0.2,0.15,0.15,0.15,0.2,0.15,0.15
784,,0.1,0.15,0.1,0.1,0.1,0.15,0.1,0.1
785,,0.05,0.1,0.05,0.05,0.05,0.1,0.05,0.05
786,,0.0,0.05,0.0,0.0,0.0,0.05,0.0,0.0
787,,-0.05,0.0,-0.05,-0.05,-0.05,0.0,-0.05,-0.05
788,1,0.95,0.421,0.3,0.229,0.2,0.279,0.3,0.371
789,1,1.0,0.842,0.65,0.508,0.45,0.558,0.65,0.792
790,,0.95,0.792,0.6,0.458,0.4,0.508,0.6,0.742
791,,0.9,0.742,0.55,0.408,0.35,0.458,0.55,0.692
792,,0.85,0.692,0.5,0.358,0.3,0.408,0.5,0.642
793,,0.8,0.642,0.45,0.308,0.25,0.358,0.45,0.592
794,,0.75,0.592,0.4,0.258,0.2,0.308,0.4,0.542
795,,0.7,0.542,0.35,0.208,0.15,0.258,0.35,0.492
796,,0.65,0.492,0.3,0.158,0.1,0.208,0.3,0.442
797,,0.6,0.442,0.25,0.108,0.05,0.158,0.25,0.392
798,,0.55,0.392,0.2,0.058,0.0,0.108,0.2,0.342
799,,0.5,0.342,0.15,0.008,-0.05,0.058,0.15,0.292
800,5,0.75,0.621,0.5,0.429,0.95,0.479,0.5,0.571
801,5,1.0,0.9,0.85,0.85,1.0,0.9,0.85,0.85
802,,0.95,0.85,0.8,0.8,0.95,0.85,0.8,0.8
803,,0.9,0.8,0.75,0.75,0.9,0.8,0.75,0.75
804,,0.85,0.75,0.7,0.7,0.85,0.75,0.7,0.7
805,,0.8,0.7,0.65,0.65,0.8,0.7,0.65,0.65
806,,0.75,0.65,0.6,0.6,0.75,0.65,0.6,0.6
807,,0.7,0.6,0.55,0.55,0.7,0.6,0.55,0.55
808,,0.65,0.55,0.5,0.5,0.65,0.55,0.5,0.5
809,,0.6,0.5,0.45,0.45,0.6,0.5,0.45,0.45
810,,0.55,0.45,0.4,0.4,0.55,0.45,0.4,0.4
811,,0.5,0.4,0.35,0.35,0.5,0.4,0.35,0.35
812,,0.45,0.35,0.3,0.3,0.45,0.35,0.3,0.3
813,,0.4,0.3,0.25,0.25,0.4,0.3,0.25,0.25
814,,0.35,0.25,0.2,0.2,0.35,0.25,0.2,0.2
815,,0.3,0.2,0.15,0.15,0.3,0.2,0.15,0.15
816,,0.25,0.15,0.1,0.1,0.25,0.15,0.1,0.1
817,,0.2,0.1,0.05,0.05,0.2,0.1,0.05,0.05
818,,0.15,0.05,0.0,0.0,0.15,0.05,0.0,0.0
819,,0.1,0.0,-0.05,-0.05,0.1,0.0,-0.05,-0.05
820,3,0.45,0.421,0.95,0.371,0.45,0.279,0.2,0.229
821,3,0.8,0.842,1.0,0.792,0.8,0.558,0.45,0.508
822,,0.75,0.792,0.95,0.742,0.75,0.508,0.4,0.458
823,,0.7,0.742,0.9,0.692,0.7,0.458,0.35,0.408
824,,0.65,0.692,0.85,0.642,0.65,0.408,0.3,0.358
825,,0.6,0.642,0.8,0.592,0.6,0.358,0.25,0.308
826,,0.55,0.592,0.75,0.542,0.55,0.308,0.2,0.258
827,,0.5,0.542,0.7,0.492,0.5,0.258,0.15,0.208
828,,0.45,0.492,0.65,0.442,0.45,0.208,0.1,0.158
829,,0.4,0.442,0.6,0.392,0.4,0.158,0.05,0.108
830,,0.35,0.392,0.55,0.342,0.35,0.108,0.0,0.058
831,,0.3,0.342,0.5,0.292,0.3,0.058,-0.05,0.008
832,7,0.65,0.621,0.75,0.571,0.65,0.479,0.95,0.429
833,7,1.0,0.9,1.0,0.85,1.0,0.9,1.0,0.85
834,,0.95,0.85,0.95,0.8,0.95,0.85,0.95,0.8
835,,0.9,0.8,0.9,0.75,0.9,0.8,0.9,0.75
836,,0.85,0.75,0.85,0.7,0.85,0.75,0.85,0.7
837,,0.8,0.7,0.8,0.65,0.8,0.7,0.8,0.65
838,,0.75,0.65,0.75,0.6,0.75,0.65,0.75,0.6
839,,0.7,0.6,0.7,0.55,0.7,0.6,0.7,0.55
840,,0.65,0.55,0.65,0.5,0.65,0.55,0.65,0.5
841,,0.6,0.5,0.6,0.45,0.6,0.5,0.6,0.45
842,,0.55,0.45,0.55,0.4,0.55,0.45,0.55,0.4
843,,0.5,0.4,0.5,0.35,0.5,0.4,0.5,0.35
844,,0.45,0.35,0.45,0.3,0.45,0.35,0.45,0.3
845,,0.4,0.3,0.4,0.25,0.4,0.3,0.4,0.25
846,,0.35,0.25,0.35,0.2,0.35,0.25,0.35,0.2
847,,0.3,0.2,0.3,0.15,0.3,0.2,0.3,0.15
848,,0.25,0.15,0.25,0.1,0.25,0.15,0.25,0.1
849,,0.2,0.1,0.2,0.05,0.2,0.1,0.2,0.05
850,,0.15,0.05,0.15,0.0,0.15,0.05,0.15,0.0
851,,0.1,0.0,0.1,-0.05,0.1,0.0,0.1,-0.05
852,8,0.521,0.35,0.379,0.2,0.379,0.35,0.521,0.95
853,8,0.942,0.7,0.658,0.45,0.658,0.7,0.942,1.0
854,,0.892,0.65,0.608,0.4,0.608,0.65,0.892,0.95
855,,0.842,0.6,0.558,0.35,0.558,0.6,0.842,0.9
856,,0.792,0.55,0.508,0.3,0.508,0.55,0.792,0.85
857,,0.742,0.5,0.458,0.25,0.458,0.5,0.742,0.8
858,,0.692,0.45,0.408,0.2,0.408,0.45,0.692,0.75
859,,0.642,0.4,0.358,0.15,0.358,0.4,0.642,0.7
860,,0.592,0.35,0.308,0.1,0.308,0.35,0.592,0.65
861,,0.542,0.3,0.258,0.05,0.258,0.3,0.542,0.6
862,,0.492,0.25,0.208,0.0,0.208,0.25,0.492,0.55
863,,0.442,0.2,0.158,-0.05,0.158,0.2,0.442,0.5
864,4,0.721,0.55,0.579,0.95,0.579,0.55,0.721,0.75
865,4,1.0,0.9,1.0,1.0,1.0,0.9,1.0,1.0
866,,0.95,0.85,0.95,0.95,0.95,0.85,0.95,0.95
867,,0.9,0.8,0.9,0.9,0.9,0.8,0.9,0.9
868,,0.85,0.75,0.85,0.85,0.85,0.75,0.85,0.85
869,,0.8,0.7,0.8,0.8,0.8,0.7,0.8,0.8
870,,0.75,0.65,0.75,0.75,0.75,0.65,0.75,0.75
871,,0.7,0.6,0.7,0.7,0.7,0.6,0.7,0.7
872,,0.65,0.55,0.65,0.65,0.65,0.55,0.65,0.65
873,,0.6,0.5,0.6,0.6,0.6,0.5,0.6,0.6
874,,0.55,0.45,0.55,0.55,0.55,0.45,0.55,0.55
875,,0.5,0.4,0.5,0.5,0.5,0.4,0.5,0.5
876,,0.45,0.35,0.45,0.45,0.45,0.35,0.45,0.45
877,,0.4,0.3,0.4,0.4,0.4,0.3,0.4,0.4
878,,0.35,0.25,0.35,0.35,0.35,0.25,0.35,0.35
879,,0.3,0.2,0.3,0.3,0.3,0.2,0.3,0.3
880,,0.25,0.15,0.25,0.25,0.25,0.15,0.25,0.25
881,,0.2,0.1,0.2,0.2,0.2,0.1,0.2,0.2
882,,0.15,0.05,0.15,0.15,0.15,0.05,0.15,0.15
883,,0.1,0.0,0.1,0.1,0.1,0.0,0.1,0.1
884,,0.05,-0.05,0.05,0.05,0.05,-0.05,0.05,0.05
