step,active_motive,motive_1,motive_2,motive_3,motive_4,motive_5,motive_6,motive_7,motive_8
0,,0.01719,0.45466,0.12939,0.33126,0.15586,0.26003,0.27336,0.09243
1,,-0.08281,0.35466,0.02939,0.23126,0.05586,0.16003,0.17336,-0.00757
2,1,0.91719,0.76666,0.22939,0.21926,-0.04414,0.14803,0.37336,0.40443
3,1,1.0,1.0,0.42939,0.20726,-0.14414,0.13603,0.57336,0.81643
4,5,0.9,0.988,0.62939,0.61926,0.85586,0.54803,0.77336,0.80443
5,5,0.8,0.976,0.82939,1.0,1.0,0.96003,0.97336,0.79243
6,,0.7,0.876,0.72939,0.9,0.9,0.86003,0.87336,0.69243
7,,0.6,0.776,0.62939,0.8,0.8,0.76003,0.77336,0.59243
8,,0.5,0.676,0.52939,0.7,0.7,0.66003,0.67336,0.49243
9,,0.4,0.576,0.42939,0.6,0.6,0.56003,0.57336,0.39243
10,,0.3,0.476,0.32939,0.5,0.5,0.46003,0.47336,0.29243
11,,0.2,0.376,0.22939,0.4,0.4,0.36003,0.37336,0.19243
12,,0.1,0.276,0.12939,0.3,0.3,0.26003,0.27336,0.09243
13,,0.0,0.176,0.02939,0.2,0.2,0.16003,0.17336,-0.00757
14,8,0.412,0.376,0.01739,0.1,0.188,0.36003,0.58536,0.99243
15,8,0.824,0.576,0.00539,0.0,0.176,0.56003,0.99736,1.0
16,,0.724,0.476,-0.09461,-0.1,0.076,0.46003,0.89736,0.9
17,4,0.712,0.676,0.31739,0.9,0.488,0.66003,0.88536,0.8
18,4,0.7,0.876,0.72939,1.0,0.9,0.86003,0.87336,0.7
19,,0.6,0.776,0.62939,0.9,0.8,0.76003,0.77336,0.6
20,,0.5,0.676,0.52939,0.8,0.7,0.66003,0.67336,0.5
21,,0.4,0.576,0.42939,0.7,0.6,0.56003,0.57336,0.4
22,,0.3,0.476,0.32939,0.6,0.5,0.46003,0.47336,0.3
23,,0.2,0.376,0.22939,0.5,0.4,0.36003,0.37336,0.2
24,,0.1,0.276,0.12939,0.4,0.3,0.26003,0.27336,0.1
25,,0.0,0.176,0.02939,0.3,0.2,0.16003,0.17336,0.0
26,,-0.1,0.076,-0.07061,0.2,0.1,0.06003,0.07336,-0.1
27,1,0.9,0.488,0.12939,0.188,0.0,0.04803,0.27336,0.312
28,1,1.0,0.9,0.32939,0.176,-0.1,0.03603,0.47336,0.724
29,5,0.9,0.888,0.52939,0.588,0.9,0.44803,0.67336,0.712
30,5,0.8,0.876,0.72939,1.0,1.0,0.86003,0.87336,0.7
31,,0.7,0.776,0.62939,0.9,0.9,0.76003,0.77336,0.6
32,,0.6,0.676,0.52939,0.8,0.8,0.66003,0.67336,0.5
33,,0.5,0.576,0.42939,0.7,0.7,0.56003,0.57336,0.4
34,,0.4,0.476,0.32939,0.6,0.6,0.46003,0.47336,0.3
35,,0.3,0.376,0.22939,0.5,0.5,0.36003,0.37336,0.2
36,,0.2,0.276,0.12939,0.4,0.4,0.26003,0.27336,0.1
37,,0.1,0.176,0.02939,0.3,0.3,0.16003,0.17336,0.0
38,,0.0,0.076,-0.07061,0.2,0.2,0.06003,0.07336,-0.1
39,8,0.412,0.276,-0.08261,0.1,0.188,0.26003,0.48536,0.9
40,8,0.824,0.476,-0.09461,0.0,0.176,0.46003,0.89736,1.0
41,3,1.0,0.888,0.90539,0.412,0.376,0.44803,0.79736,0.988
42,3,1.0,1.0,1.0,0.824,0.576,0.43603,0.69736,0.976
43,,0.9,0.9,0.9,0.724,0.476,0.33603,0.59736,0.876
44,,0.8,0.8,0.8,0.624,0.376,0.23603,0.49736,0.776
45,,0.7,0.7,0.7,0.524,0.276,0.13603,0.39736,0.676
46,,0.6,0.6,0.6,0.424,0.176,0.03603,0.29736,0.576
47,,0.5,0.5,0.5,0.324,0.076,-0.06397,0.19736,0.476
48,6,0.488,0.4,0.488,0.524,0.488,0.93603,0.60936,0.676
49,6,0.476,0.3,0.476,0.724,0.9,1.0,1.0,0.876
50,,0.376,0.2,0.376,0.624,0.8,0.9,0.9,0.776
51,,0.276,0.1,0.276,0.524,0.7,0.8,0.8,0.676
52,,0.176,0.0,0.176,0.424,0.6,0.7,0.7,0.576
53,,0.076,-0.1,0.076,0.324,0.5,0.6,0.6,0.476
54,2,0.488,0.9,0.488,0.524,0.488,0.5,0.588,0.676
55,2,0.9,1.0,0.9,0.724,0.476,0.4,0.576,0.876
56,,0.8,0.9,0.8,0.624,0.376,0.3,0.476,0.776
57,,0.7,0.8,0.7,0.524,0.276,0.2,0.376,0.676
58,,0.6,0.7,0.6,0.424,0.176,0.1,0.276,0.576
59,,0.5,0.6,0.5,0.324,0.076,0.0,0.176,0.476
60,,0.4,0.5,0.4,0.224,-0.024,-0.1,0.076,0.376
61,6,0.388,0.4,0.388,0.424,0.388,0.9,0.488,0.576
62,6,0.376,0.3,0.376,0.624,0.8,1.0,0.9,0.776
63,,0.276,0.2,0.276,0.524,0.7,0.9,0.8,0.676
64,,0.176,0.1,0.176,0.424,0.6,0.8,0.7,0.576
65,,0.076,0.0,0.076,0.324,0.5,0.7,0.6,0.476
66,,-0.024,-0.1,-0.024,0.224,0.4,0.6,0.5,0.376
67,2,0.388,0.9,0.388,0.424,0.388,0.5,0.488,0.576
68,2,0.8,1.0,0.8,0.624,0.376,0.4,0.476,0.776
69,,0.7,0.9,0.7,0.524,0.276,0.3,0.376,0.676
70,,0.6,0.8,0.6,0.424,0.176,0.2,0.276,0.576
71,,0.5,0.7,0.5,0.324,0.076,0.1,0.176,0.476
72,,0.4,0.6,0.4,0.224,-0.024,0.0,0.076,0.376
73,5,0.3,0.588,0.6,0.636,0.976,0.412,0.276,0.364
74,5,0.2,0.576,0.8,1.0,1.0,0.824,0.476,0.352
75,,0.1,0.476,0.7,0.9,0.9,0.724,0.376,0.252
76,,0.0,0.376,0.6,0.8,0.8,0.624,0.276,0.152
77,,-0.1,0.276,0.5,0.7,0.7,0.524,0.176,0.052
78,1,0.9,0.688,0.7,0.688,0.6,0.512,0.376,0.464
79,1,1.0,1.0,0.9,0.676,0.5,0.5,0.576,0.876
80,,0.9,0.9,0.8,0.576,0.4,0.4,0.476,0.776
81,,0.8,0.8,0.7,0.476,0.3,0.3,0.376,0.676
82,,0.7,0.7,0.6,0.376,0.2,0.2,0.276,0.576
83,,0.6,0.6,0.5,0.276,0.1,0.1,0.176,0.476
84,,0.5,0.5,0.4,0.176,0.0,0.0,0.076,0.376
85,,0.4,0.4,0.3,0.076,-0.1,-0.1,-0.024,0.276
86,6,0.388,0.3,0.288,0.276,0.312,0.9,0.388,0.476
87,6,0.376,0.2,0.276,0.476,0.724,1.0,0.8,0.676
88,,0.276,0.1,0.176,0.376,0.624,0.9,0.7,0.576
89,,0.176,0.0,0.076,0.276,0.524,0.8,0.6,0.476
90,,0.076,-0.1,-0.024,0.176,0.424,0.7,0.5,0.376
91,2,0.488,0.9,0.388,0.376,0.412,0.6,0.488,0.576
92,2,0.9,1.0,0.8,0.576,0.4,0.5,0.476,0.776
93,,0.8,0.9,0.7,0.476,0.3,0.4,0.376,0.676
94,,0.7,0.8,0.6,0.376,0.2,0.3,0.276,0.576
95,,0.6,0.7,0.5,0.276,0.1,0.2,0.176,0.476
96,,0.5,0.6,0.4,0.176,0.0,0.1,0.076,0.376
97,,0.4,0.5,0.3,0.076,-0.1,0.0,-0.024,0.276
98,5,0.3,0.488,0.5,0.488,0.9,0.412,0.176,0.264
99,5,0.2,0.476,0.7,0.9,1.0,0.824,0.376,0.252
100,,0.1,0.376,0.6,0.8,0.9,0.724,0.276,0.152
101,,0.0,0.276,0.5,0.7,0.8,0.624,0.176,0.052
102,,-0.1,0.176,0.4,0.6,0.7,0.524,0.076,-0.048
103,1,0.9,0.588,0.6,0.588,0.6,0.512,0.276,0.364
104,1,1.0,1.0,0.8,0.576,0.5,0.5,0.476,0.776
105,,0.9,0.9,0.7,0.476,0.4,0.4,0.376,0.676
106,,0.8,0.8,0.6,0.376,0.3,0.3,0.276,0.576
107,,0.7,0.7,0.5,0.276,0.2,0.2,0.176,0.476
108,,0.6,0.6,0.4,0.176,0.1,0.1,0.076,0.376
109,,0.5,0.5,0.3,0.076,0.0,0.0,-0.024,0.276
110,7,0.7,0.488,0.2,0.064,0.2,0.412,0.976,0.688
111,7,0.9,0.476,0.1,0.052,0.4,0.824,1.0,1.0
112,,0.8,0.376,0.0,-0.048,0.3,0.724,0.9,0.9
113,4,0.788,0.576,0.412,0.952,0.712,0.924,0.888,0.8
114,4,0.776,0.776,0.824,1.0,1.0,1.0,0.876,0.7
115,,0.676,0.676,0.724,0.9,0.9,0.9,0.776,0.6
116,,0.576,0.576,0.624,0.8,0.8,0.8,0.676,0.5
117,,0.476,0.476,0.524,0.7,0.7,0.7,0.576,0.4
118,,0.376,0.376,0.424,0.6,0.6,0.6,0.476,0.3
119,,0.276,0.276,0.324,0.5,0.5,0.5,0.376,0.2
120,,0.176,0.176,0.224,0.4,0.4,0.4,0.276,0.1
121,,0.076,0.076,0.124,0.3,0.3,0.3,0.176,0.0
122,,-0.024,-0.024,0.024,0.2,0.2,0.2,0.076,-0.1
123,8,0.388,0.176,0.012,0.1,0.188,0.4,0.488,0.9
124,8,0.8,0.376,-0.0,0.0,0.176,0.6,0.9,1.0
125,,0.7,0.276,-0.1,-0.1,0.076,0.5,0.8,0.9
126,4,0.688,0.476,0.312,0.9,0.488,0.7,0.788,0.8
127,4,0.676,0.676,0.724,1.0,0.9,0.9,0.776,0.7
128,,0.576,0.576,0.624,0.9,0.8,0.8,0.676,0.6
129,,0.476,0.476,0.524,0.8,0.7,0.7,0.576,0.5
130,,0.376,0.376,0.424,0.7,0.6,0.6,0.476,0.4
131,,0.276,0.276,0.324,0.6,0.5,0.5,0.376,0.3
132,,0.176,0.176,0.224,0.5,0.4,0.4,0.276,0.2
133,,0.076,0.076,0.124,0.4,0.3,0.3,0.176,0.1
134,,-0.024,-0.024,0.024,0.3,0.2,0.2,0.076,0.0
135,2,0.388,0.976,0.436,0.5,0.188,0.1,0.064,0.2
136,2,0.8,1.0,0.848,0.7,0.176,0.0,0.052,0.4
137,,0.7,0.9,0.748,0.6,0.076,-0.1,-0.048,0.3
138,6,0.688,0.8,0.736,0.8,0.488,0.9,0.364,0.5
139,6,0.676,0.7,0.724,1.0,0.9,1.0,0.776,0.7
140,,0.576,0.6,0.624,0.9,0.8,0.9,0.676,0.6
141,,0.476,0.5,0.524,0.8,0.7,0.8,0.576,0.5
142,,0.376,0.4,0.424,0.7,0.6,0.7,0.476,0.4
143,,0.276,0.3,0.324,0.6,0.5,0.6,0.376,0.3
144,,0.176,0.2,0.224,0.5,0.4,0.5,0.276,0.2
145,,0.076,0.1,0.124,0.4,0.3,0.4,0.176,0.1
146,,-0.024,0.0,0.024,0.3,0.2,0.3,0.076,0.0
147,1,0.976,0.412,0.224,0.288,0.1,0.288,0.276,0.412
148,1,1.0,0.824,0.424,0.276,0.0,0.276,0.476,0.824
149,,0.9,0.724,0.324,0.176,-0.1,0.176,0.376,0.724
150,5,0.8,0.712,0.524,0.588,0.9,0.588,0.576,0.712
151,5,0.7,0.7,0.724,1.0,1.0,1.0,0.776,0.7
152,,0.6,0.6,0.624,0.9,0.9,0.9,0.676,0.6
153,,0.5,0.5,0.524,0.8,0.8,0.8,0.576,0.5
154,,0.4,0.4,0.424,0.7,0.7,0.7,0.476,0.4
155,,0.3,0.3,0.324,0.6,0.6,0.6,0.376,0.3
156,,0.2,0.2,0.224,0.5,0.5,0.5,0.276,0.2
157,,0.1,0.1,0.124,0.4,0.4,0.4,0.176,0.1
158,,0.0,0.0,0.024,0.3,0.3,0.3,0.076,0.0
159,,-0.1,-0.1,-0.076,0.2,0.2,0.2,-0.024,-0.1
160,2,0.312,0.9,0.336,0.4,0.188,0.1,-0.036,0.1
161,2,0.724,1.0,0.748,0.6,0.176,0.0,-0.048,0.3
162,7,0.924,0.988,0.648,0.588,0.376,0.412,0.952,0.712
163,7,1.0,0.976,0.548,0.576,0.576,0.824,1.0,1.0
164,,0.9,0.876,0.448,0.476,0.476,0.724,0.9,0.9
165,,0.8,0.776,0.348,0.376,0.376,0.624,0.8,0.8
166,,0.7,0.676,0.248,0.276,0.276,0.524,0.7,0.7
167,,0.6,0.576,0.148,0.176,0.176,0.424,0.6,0.6
168,,0.5,0.476,0.048,0.076,0.076,0.324,0.5,0.5
169,,0.4,0.376,-0.052,-0.024,-0.024,0.224,0.4,0.4
170,3,0.6,0.788,0.948,0.388,0.176,0.212,0.3,0.388
171,3,0.8,1.0,1.0,0.8,0.376,0.2,0.2,0.376
172,,0.7,0.9,0.9,0.7,0.276,0.1,0.1,0.276
173,,0.6,0.8,0.8,0.6,0.176,0.0,0.0,0.176
174,,0.5,0.7,0.7,0.5,0.076,-0.1,-0.1,0.076
175,7,0.7,0.688,0.6,0.488,0.276,0.312,0.9,0.488
176,7,0.9,0.676,0.5,0.476,0.476,0.724,1.0,0.9
177,,0.8,0.576,0.4,0.376,0.376,0.624,0.9,0.8
178,,0.7,0.476,0.3,0.276,0.276,0.524,0.8,0.7
179,,0.6,0.376,0.2,0.176,0.176,0.424,0.7,0.6
180,,0.5,0.276,0.1,0.076,0.076,0.324,0.6,0.5
181,,0.4,0.176,0.0,-0.024,-0.024,0.224,0.5,0.4
182,5,0.3,0.164,0.2,0.388,0.976,0.636,0.7,0.388
183,5,0.2,0.152,0.4,0.8,1.0,1.0,0.9,0.376
184,,0.1,0.052,0.3,0.7,0.9,0.9,0.8,0.276
185,,0.0,-0.048,0.2,0.6,0.8,0.8,0.7,0.176
186,2,0.412,0.952,0.612,0.8,0.788,0.7,0.688,0.376
187,2,0.824,1.0,1.0,1.0,0.776,0.6,0.676,0.576
188,,0.724,0.9,0.9,0.9,0.676,0.5,0.576,0.476
189,,0.624,0.8,0.8,0.8,0.576,0.4,0.476,0.376
190,,0.524,0.7,0.7,0.7,0.476,0.3,0.376,0.276
191,,0.424,0.6,0.6,0.6,0.376,0.2,0.276,0.176
192,,0.324,0.5,0.5,0.5,0.276,0.1,0.176,0.076
193,,0.224,0.4,0.4,0.4,0.176,0.0,0.076,-0.024
194,8,0.636,0.6,0.388,0.3,0.164,0.2,0.488,0.976
195,8,1.0,0.8,0.376,0.2,0.152,0.4,0.9,1.0
196,,0.9,0.7,0.276,0.1,0.052,0.3,0.8,0.9
197,,0.8,0.6,0.176,0.0,-0.048,0.2,0.7,0.8
198,5,0.7,0.588,0.376,0.412,0.952,0.612,0.9,0.788
199,5,0.6,0.576,0.576,0.824,1.0,1.0,1.0,0.776
200,,0.5,0.476,0.476,0.724,0.9,0.9,0.9,0.676
201,,0.4,0.376,0.376,0.624,0.8,0.8,0.8,0.576
202,,0.3,0.276,0.276,0.524,0.7,0.7,0.7,0.476
203,,0.2,0.176,0.176,0.424,0.6,0.6,0.6,0.376
204,,0.1,0.076,0.076,0.324,0.5,0.5,0.5,0.276
205,,0.0,-0.024,-0.024,0.224,0.4,0.4,0.4,0.176
206,3,0.2,0.388,0.976,0.636,0.6,0.388,0.3,0.164
207,3,0.4,0.8,1.0,1.0,0.8,0.376,0.2,0.152
208,,0.3,0.7,0.9,0.9,0.7,0.276,0.1,0.052
209,,0.2,0.6,0.8,0.8,0.6,0.176,0.0,-0.048
210,8,0.612,0.8,0.788,0.7,0.588,0.376,0.412,0.952
211,8,1.0,1.0,0.776,0.6,0.576,0.576,0.824,1.0
212,,0.9,0.9,0.676,0.5,0.476,0.476,0.724,0.9
213,,0.8,0.8,0.576,0.4,0.376,0.376,0.624,0.8
214,,0.7,0.7,0.476,0.3,0.276,0.276,0.524,0.7
215,,0.6,0.6,0.376,0.2,0.176,0.176,0.424,0.6
216,,0.5,0.5,0.276,0.1,0.076,0.076,0.324,0.5
217,,0.4,0.4,0.176,0.0,-0.024,-0.024,0.224,0.4
218,6,0.388,0.3,0.164,0.2,0.388,0.976,0.636,0.6
219,6,0.376,0.2,0.152,0.4,0.8,1.0,1.0,0.8
220,,0.276,0.1,0.052,0.3,0.7,0.9,0.9,0.7
221,,0.176,0.0,-0.048,0.2,0.6,0.8,0.8,0.6
222,3,0.376,0.412,0.952,0.612,0.8,0.788,0.7,0.588
223,3,0.576,0.824,1.0,1.0,1.0,0.776,0.6,0.576
224,,0.476,0.724,0.9,0.9,0.9,0.676,0.5,0.476
225,,0.376,0.624,0.8,0.8,0.8,0.576,0.4,0.376
226,,0.276,0.524,0.7,0.7,0.7,0.476,0.3,0.276
227,,0.176,0.424,0.6,0.6,0.6,0.376,0.2,0.176
228,,0.076,0.324,0.5,0.5,0.5,0.276,0.1,0.076
229,,-0.024,0.224,0.4,0.4,0.4,0.176,0.0,-0.024
230,1,0.976,0.636,0.6,0.388,0.3,0.164,0.2,0.388
231,1,1.0,1.0,0.8,0.376,0.2,0.152,0.4,0.8
232,,0.9,0.9,0.7,0.276,0.1,0.052,0.3,0.7
233,,0.8,0.8,0.6,0.176,0.0,-0.048,0.2,0.6
234,6,0.788,0.7,0.588,0.376,0.412,0.952,0.612,0.8
235,6,0.776,0.6,0.576,0.576,0.824,1.0,1.0,1.0
236,,0.676,0.5,0.476,0.476,0.724,0.9,0.9,0.9
237,,0.576,0.4,0.376,0.376,0.624,0.8,0.8,0.8
238,,0.476,0.3,0.276,0.276,0.524,0.7,0.7,0.7
239,,0.376,0.2,0.176,0.176,0.424,0.6,0.6,0.6
240,,0.276,0.1,0.076,0.076,0.324,0.5,0.5,0.5
241,,0.176,0.0,-0.024,-0.024,0.224,0.4,0.4,0.4
242,4,0.164,0.2,0.388,0.976,0.636,0.6,0.388,0.3
243,4,0.152,0.4,0.8,1.0,1.0,0.8,0.376,0.2
244,,0.052,0.3,0.7,0.9,0.9,0.7,0.276,0.1
245,,-0.048,0.2,0.6,0.8,0.8,0.6,0.176,0.0
246,1,0.952,0.612,0.8,0.788,0.7,0.588,0.376,0.412
247,1,1.0,1.0,1.0,0.776,0.6,0.576,0.576,0.824
248,,0.9,0.9,0.9,0.676,0.5,0.476,0.476,0.724
249,,0.8,0.8,0.8,0.576,0.4,0.376,0.376,0.624
250,,0.7,0.7,0.7,0.476,0.3,0.276,0.276,0.524
251,,0.6,0.6,0.6,0.376,0.2,0.176,0.176,0.424
252,,0.5,0.5,0.5,0.276,0.1,0.076,0.076,0.324
253,,0.4,0.4,0.4,0.176,0.0,-0.024,-0.024,0.224
254,6,0.388,0.3,0.388,0.376,0.412,0.976,0.388,0.424
255,6,0.376,0.2,0.376,0.576,0.824,1.0,0.8,0.624
256,,0.276,0.1,0.276,0.476,0.724,0.9,0.7,0.524
257,,0.176,0.0,0.176,0.376,0.624,0.8,0.6,0.424
258,,0.076,-0.1,0.076,0.276,0.524,0.7,0.5,0.324
259,2,0.488,0.9,0.488,0.476,0.512,0.6,0.488,0.524
260,2,0.9,1.0,0.9,0.676,0.5,0.5,0.476,0.724
261,,0.8,0.9,0.8,0.576,0.4,0.4,0.376,0.624
262,,0.7,0.8,0.7,0.476,0.3,0.3,0.276,0.524
263,,0.6,0.7,0.6,0.376,0.2,0.2,0.176,0.424
264,,0.5,0.6,0.5,0.276,0.1,0.1,0.076,0.324
265,,0.4,0.5,0.4,0.176,0.0,0.0,-0.024,0.224
266,7,0.6,0.488,0.3,0.164,0.2,0.412,0.976,0.636
267,7,0.8,0.476,0.2,0.152,0.4,0.824,1.0,1.0
268,,0.7,0.376,0.1,0.052,0.3,0.724,0.9,0.9
269,,0.6,0.276,0.0,-0.048,0.2,0.624,0.8,0.8
270,4,0.588,0.476,0.412,0.952,0.612,0.824,0.788,0.7
271,4,0.576,0.676,0.824,1.0,1.0,1.0,0.776,0.6
272,,0.476,0.576,0.724,0.9,0.9,0.9,0.676,0.5
273,,0.376,0.476,0.624,0.8,0.8,0.8,0.576,0.4
274,,0.276,0.376,0.524,0.7,0.7,0.7,0.476,0.3
275,,0.176,0.276,0.424,0.6,0.6,0.6,0.376,0.2
276,,0.076,0.176,0.324,0.5,0.5,0.5,0.276,0.1
277,,-0.024,0.076,0.224,0.4,0.4,0.4,0.176,0.0
278,1,0.976,0.488,0.424,0.388,0.3,0.388,0.376,0.412
279,1,1.0,0.9,0.624,0.376,0.2,0.376,0.576,0.824
280,,0.9,0.8,0.524,0.276,0.1,0.276,0.476,0.724
281,,0.8,0.7,0.424,0.176,0.0,0.176,0.376,0.624
282,,0.7,0.6,0.324,0.076,-0.1,0.076,0.276,0.524
283,5,0.6,0.588,0.524,0.488,0.9,0.488,0.476,0.512
284,5,0.5,0.576,0.724,0.9,1.0,0.9,0.676,0.5
285,,0.4,0.476,0.624,0.8,0.9,0.8,0.576,0.4
286,,0.3,0.376,0.524,0.7,0.8,0.7,0.476,0.3
287,,0.2,0.276,0.424,0.6,0.7,0.6,0.376,0.2
288,,0.1,0.176,0.324,0.5,0.6,0.5,0.276,0.1
289,,0.0,0.076,0.224,0.4,0.5,0.4,0.176,0.0
290,,-0.1,-0.024,0.124,0.3,0.4,0.3,0.076,-0.1
291,8,0.312,0.176,0.112,0.2,0.388,0.5,0.488,0.9
292,8,0.724,0.376,0.1,0.1,0.376,0.7,0.9,1.0
293,,0.624,0.276,0.0,0.0,0.276,0.6,0.8,0.9
294,,0.524,0.176,-0.1,-0.1,0.176,0.5,0.7,0.8
295,4,0.512,0.376,0.312,0.9,0.588,0.7,0.688,0.7
296,4,0.5,0.576,0.724,1.0,1.0,0.9,0.676,0.6
297,,0.4,0.476,0.624,0.9,0.9,0.8,0.576,0.5
298,,0.3,0.376,0.524,0.8,0.8,0.7,0.476,0.4
299,,0.2,0.276,0.424,0.7,0.7,0.6,0.376,0.3
300,,0.1,0.176,0.324,0.6,0.6,0.5,0.276,0.2
301,,0.0,0.076,0.224,0.5,0.5,0.4,0.176,0.1
302,,-0.1,-0.024,0.124,0.4,0.4,0.3,0.076,0.0
303,1,0.9,0.388,0.324,0.388,0.3,0.288,0.276,0.412
304,1,1.0,0.8,0.524,0.376,0.2,0.276,0.476,0.824
305,,0.9,0.7,0.424,0.276,0.1,0.176,0.376,0.724
306,,0.8,0.6,0.324,0.176,0.0,0.076,0.276,0.624
307,,0.7,0.5,0.224,0.076,-0.1,-0.024,0.176,0.524
308,5,0.6,0.488,0.424,0.488,0.9,0.388,0.376,0.512
309,5,0.5,0.476,0.624,0.9,1.0,0.8,0.576,0.5
310,,0.4,0.376,0.524,0.8,0.9,0.7,0.476,0.4
311,,0.3,0.276,0.424,0.7,0.8,0.6,0.376,0.3
312,,0.2,0.176,0.324,0.6,0.7,0.5,0.276,0.2
313,,0.1,0.076,0.224,0.5,0.6,0.4,0.176,0.1
314,,0.0,-0.024,0.124,0.4,0.5,0.3,0.076,0.0
315,2,0.412,0.976,0.536,0.6,0.488,0.2,0.064,0.2
316,2,0.824,1.0,0.948,0.8,0.476,0.1,0.052,0.4
317,,0.724,0.9,0.848,0.7,0.376,0.0,-0.048,0.3
318,7,0.924,0.888,0.748,0.688,0.576,0.412,0.952,0.712
319,7,1.0,0.876,0.648,0.676,0.776,0.824,1.0,1.0
320,,0.9,0.776,0.548,0.576,0.676,0.724,0.9,0.9
321,,0.8,0.676,0.448,0.476,0.576,0.624,0.8,0.8
322,,0.7,0.576,0.348,0.376,0.476,0.524,0.7,0.7
323,,0.6,0.476,0.248,0.276,0.376,0.424,0.6,0.6
324,,0.5,0.376,0.148,0.176,0.276,0.324,0.5,0.5
325,,0.4,0.276,0.048,0.076,0.176,0.224,0.4,0.4
326,,0.3,0.176,-0.052,-0.024,0.076,0.124,0.3,0.3
327,3,0.5,0.588,0.948,0.388,0.276,0.112,0.2,0.288
328,3,0.7,1.0,1.0,0.8,0.476,0.1,0.1,0.276
329,,0.6,0.9,0.9,0.7,0.376,0.0,0.0,0.176
330,,0.5,0.8,0.8,0.6,0.276,-0.1,-0.1,0.076
331,6,0.488,0.7,0.788,0.8,0.688,0.9,0.312,0.276
332,6,0.476,0.6,0.776,1.0,1.0,1.0,0.724,0.476
333,,0.376,0.5,0.676,0.9,0.9,0.9,0.624,0.376
334,,0.276,0.4,0.576,0.8,0.8,0.8,0.524,0.276
335,,0.176,0.3,0.476,0.7,0.7,0.7,0.424,0.176
336,,0.076,0.2,0.376,0.6,0.6,0.6,0.324,0.076
337,,-0.024,0.1,0.276,0.5,0.5,0.5,0.224,-0.024
338,8,0.388,0.3,0.264,0.4,0.488,0.7,0.636,0.976
339,8,0.8,0.5,0.252,0.3,0.476,0.9,1.0,1.0
340,,0.7,0.4,0.152,0.2,0.376,0.8,0.9,0.9
341,,0.6,0.3,0.052,0.1,0.276,0.7,0.8,0.8
342,,0.5,0.2,-0.048,0.0,0.176,0.6,0.7,0.7
343,3,0.7,0.612,0.952,0.412,0.376,0.588,0.6,0.688
344,3,0.9,1.0,1.0,0.824,0.576,0.576,0.5,0.676
345,,0.8,0.9,0.9,0.724,0.476,0.476,0.4,0.576
346,,0.7,0.8,0.8,0.624,0.376,0.376,0.3,0.476
347,,0.6,0.7,0.7,0.524,0.276,0.276,0.2,0.376
348,,0.5,0.6,0.6,0.424,0.176,0.176,0.1,0.276
349,,0.4,0.5,0.5,0.324,0.076,0.076,0.0,0.176
350,,0.3,0.4,0.4,0.224,-0.024,-0.024,-0.1,0.076
351,7,0.5,0.388,0.3,0.212,0.176,0.388,0.9,0.488
352,7,0.7,0.376,0.2,0.2,0.376,0.8,1.0,0.9
353,,0.6,0.276,0.1,0.1,0.276,0.7,0.9,0.8
354,,0.5,0.176,0.0,0.0,0.176,0.6,0.8,0.7
355,,0.4,0.076,-0.1,-0.1,0.076,0.5,0.7,0.6
356,3,0.6,0.488,0.9,0.312,0.276,0.488,0.6,0.588
357,3,0.8,0.9,1.0,0.724,0.476,0.476,0.5,0.576
358,,0.7,0.8,0.9,0.624,0.376,0.376,0.4,0.476
359,,0.6,0.7,0.8,0.524,0.276,0.276,0.3,0.376
360,,0.5,0.6,0.7,0.424,0.176,0.176,0.2,0.276
361,,0.4,0.5,0.6,0.324,0.076,0.076,0.1,0.176
362,,0.3,0.4,0.5,0.224,-0.024,-0.024,0.0,0.076
363,6,0.288,0.3,0.488,0.424,0.388,0.976,0.412,0.276
364,6,0.276,0.2,0.476,0.624,0.8,1.0,0.824,0.476
365,,0.176,0.1,0.376,0.524,0.7,0.9,0.724,0.376
366,,0.076,0.0,0.276,0.424,0.6,0.8,0.624,0.276
367,,-0.024,-0.1,0.176,0.324,0.5,0.7,0.524,0.176
368,2,0.388,0.9,0.588,0.524,0.488,0.6,0.512,0.376
369,2,0.8,1.0,1.0,0.724,0.476,0.5,0.5,0.576
370,,0.7,0.9,0.9,0.624,0.376,0.4,0.4,0.476
371,,0.6,0.8,0.8,0.524,0.276,0.3,0.3,0.376
372,,0.5,0.7,0.7,0.424,0.176,0.2,0.2,0.276
373,,0.4,0.6,0.6,0.324,0.076,0.1,0.1,0.176
374,,0.3,0.5,0.5,0.224,-0.024,0.0,0.0,0.076
375,5,0.2,0.488,0.7,0.636,0.976,0.412,0.2,0.064
376,5,0.1,0.476,0.9,1.0,1.0,0.824,0.4,0.052
377,,0.0,0.376,0.8,0.9,0.9,0.724,0.3,-0.048
378,8,0.412,0.576,0.788,0.8,0.888,0.924,0.712,0.952
379,8,0.824,0.776,0.776,0.7,0.876,1.0,1.0,1.0
380,,0.724,0.676,0.676,0.6,0.776,0.9,0.9,0.9
381,,0.624,0.576,0.576,0.5,0.676,0.8,0.8,0.8
382,,0.524,0.476,0.476,0.4,0.576,0.7,0.7,0.7
383,,0.424,0.376,0.376,0.3,0.476,0.6,0.6,0.6
384,,0.324,0.276,0.276,0.2,0.376,0.5,0.5,0.5
385,,0.224,0.176,0.176,0.1,0.276,0.4,0.4,0.4
386,,0.124,0.076,0.076,0.0,0.176,0.3,0.3,0.3
387,,0.024,-0.024,-0.024,-0.1,0.076,0.2,0.2,0.2
388,4,0.012,0.176,0.388,0.9,0.488,0.4,0.188,0.1
389,4,-0.0,0.376,0.8,1.0,0.9,0.6,0.176,0.0
390,,-0.1,0.276,0.7,0.9,0.8,0.5,0.076,-0.1
391,8,0.312,0.476,0.688,0.8,0.788,0.7,0.488,0.9
392,8,0.724,0.676,0.676,0.7,0.776,0.9,0.9,1.0
393,,0.624,0.576,0.576,0.6,0.676,0.8,0.8,0.9
394,,0.524,0.476,0.476,0.5,0.576,0.7,0.7,0.8
395,,0.424,0.376,0.376,0.4,0.476,0.6,0.6,0.7
396,,0.324,0.276,0.276,0.3,0.376,0.5,0.5,0.6
397,,0.224,0.176,0.176,0.2,0.276,0.4,0.4,0.5
398,,0.124,0.076,0.076,0.1,0.176,0.3,0.3,0.4
399,,0.024,-0.024,-0.024,0.0,0.076,0.2,0.2,0.3
400,2,0.436,0.976,0.388,0.2,0.064,0.1,0.188,0.5
401,2,0.848,1.0,0.8,0.4,0.052,0.0,0.176,0.7
402,,0.748,0.9,0.7,0.3,-0.048,-0.1,0.076,0.6
403,6,0.736,0.8,0.688,0.5,0.364,0.9,0.488,0.8
404,6,0.724,0.7,0.676,0.7,0.776,1.0,0.9,1.0
405,,0.624,0.6,0.576,0.6,0.676,0.9,0.8,0.9
406,,0.524,0.5,0.476,0.5,0.576,0.8,0.7,0.8
407,,0.424,0.4,0.376,0.4,0.476,0.7,0.6,0.7
408,,0.324,0.3,0.276,0.3,0.376,0.6,0.5,0.6
409,,0.224,0.2,0.176,0.2,0.276,0.5,0.4,0.5
410,,0.124,0.1,0.076,0.1,0.176,0.4,0.3,0.4
411,,0.024,0.0,-0.024,0.0,0.076,0.3,0.2,0.3
412,3,0.224,0.412,0.976,0.412,0.276,0.288,0.1,0.288
413,3,0.424,0.824,1.0,0.824,0.476,0.276,0.0,0.276
414,,0.324,0.724,0.9,0.724,0.376,0.176,-0.1,0.176
415,7,0.524,0.712,0.8,0.712,0.576,0.588,0.9,0.588
416,7,0.724,0.7,0.7,0.7,0.776,1.0,1.0,1.0
417,,0.624,0.6,0.6,0.6,0.676,0.9,0.9,0.9
418,,0.524,0.5,0.5,0.5,0.576,0.8,0.8,0.8
419,,0.424,0.4,0.4,0.4,0.476,0.7,0.7,0.7
420,,0.324,0.3,0.3,0.3,0.376,0.6,0.6,0.6
421,,0.224,0.2,0.2,0.2,0.276,0.5,0.5,0.5
422,,0.124,0.1,0.1,0.1,0.176,0.4,0.4,0.4
423,,0.024,0.0,0.0,0.0,0.076,0.3,0.3,0.3
424,,-0.076,-0.1,-0.1,-0.1,-0.024,0.2,0.2,0.2
425,2,0.336,0.9,0.312,0.1,-0.036,0.1,0.188,0.4
426,2,0.748,1.0,0.724,0.3,-0.048,0.0,0.176,0.6
427,5,0.648,0.988,0.924,0.712,0.952,0.412,0.376,0.588
428,5,0.548,0.976,1.0,1.0,1.0,0.824,0.576,0.576
429,,0.448,0.876,0.9,0.9,0.9,0.724,0.476,0.476
430,,0.348,0.776,0.8,0.8,0.8,0.624,0.376,0.376
431,,0.248,0.676,0.7,0.7,0.7,0.524,0.276,0.276
432,,0.148,0.576,0.6,0.6,0.6,0.424,0.176,0.176
433,,0.048,0.476,0.5,0.5,0.5,0.324,0.076,0.076
434,,-0.052,0.376,0.4,0.4,0.4,0.224,-0.024,-0.024
435,1,0.948,0.788,0.6,0.388,0.3,0.212,0.176,0.388
436,1,1.0,1.0,0.8,0.376,0.2,0.2,0.376,0.8
437,,0.9,0.9,0.7,0.276,0.1,0.1,0.276,0.7
438,,0.8,0.8,0.6,0.176,0.0,0.0,0.176,0.6
439,,0.7,0.7,0.5,0.076,-0.1,-0.1,0.076,0.5
440,6,0.688,0.6,0.488,0.276,0.312,0.9,0.488,0.7
441,6,0.676,0.5,0.476,0.476,0.724,1.0,0.9,0.9
442,,0.576,0.4,0.376,0.376,0.624,0.9,0.8,0.8
443,,0.476,0.3,0.276,0.276,0.524,0.8,0.7,0.7
444,,0.376,0.2,0.176,0.176,0.424,0.7,0.6,0.6
445,,0.276,0.1,0.076,0.076,0.324,0.6,0.5,0.5
446,,0.176,0.0,-0.024,-0.024,0.224,0.5,0.4,0.4
447,3,0.376,0.412,0.976,0.388,0.424,0.488,0.3,0.388
448,3,0.576,0.824,1.0,0.8,0.624,0.476,0.2,0.376
449,,0.476,0.724,0.9,0.7,0.524,0.376,0.1,0.276
450,,0.376,0.624,0.8,0.6,0.424,0.276,0.0,0.176
451,,0.276,0.524,0.7,0.5,0.324,0.176,-0.1,0.076
452,7,0.476,0.512,0.6,0.488,0.524,0.588,0.9,0.488
453,7,0.676,0.5,0.5,0.476,0.724,1.0,1.0,0.9
454,,0.576,0.4,0.4,0.376,0.624,0.9,0.9,0.8
455,,0.476,0.3,0.3,0.276,0.524,0.8,0.8,0.7
456,,0.376,0.2,0.2,0.176,0.424,0.7,0.7,0.6
457,,0.276,0.1,0.1,0.076,0.324,0.6,0.6,0.5
458,,0.176,0.0,0.0,-0.024,0.224,0.5,0.5,0.4
459,4,0.164,0.2,0.412,0.976,0.636,0.7,0.488,0.3
460,4,0.152,0.4,0.824,1.0,1.0,0.9,0.476,0.2
461,,0.052,0.3,0.724,0.9,0.9,0.8,0.376,0.1
462,,-0.048,0.2,0.624,0.8,0.8,0.7,0.276,0.0
463,1,0.952,0.612,0.824,0.788,0.7,0.688,0.476,0.412
464,1,1.0,1.0,1.0,0.776,0.6,0.676,0.676,0.824
465,,0.9,0.9,0.9,0.676,0.5,0.576,0.576,0.724
466,,0.8,0.8,0.8,0.576,0.4,0.476,0.476,0.624
467,,0.7,0.7,0.7,0.476,0.3,0.376,0.376,0.524
468,,0.6,0.6,0.6,0.376,0.2,0.276,0.276,0.424
469,,0.5,0.5,0.5,0.276,0.1,0.176,0.176,0.324
470,,0.4,0.4,0.4,0.176,0.0,0.076,0.076,0.224
471,,0.3,0.3,0.3,0.076,-0.1,-0.024,-0.024,0.124
472,5,0.2,0.288,0.5,0.488,0.9,0.388,0.176,0.112
473,5,0.1,0.276,0.7,0.9,1.0,0.8,0.376,0.1
474,,0.0,0.176,0.6,0.8,0.9,0.7,0.276,0.0
475,,-0.1,0.076,0.5,0.7,0.8,0.6,0.176,-0.1
476,1,0.9,0.488,0.7,0.688,0.7,0.588,0.376,0.312
477,1,1.0,0.9,0.9,0.676,0.6,0.576,0.576,0.724
478,,0.9,0.8,0.8,0.576,0.5,0.476,0.476,0.624
479,,0.8,0.7,0.7,0.476,0.4,0.376,0.376,0.524
480,,0.7,0.6,0.6,0.376,0.3,0.276,0.276,0.424
481,,0.6,0.5,0.5,0.276,0.2,0.176,0.176,0.324
482,,0.5,0.4,0.4,0.176,0.1,0.076,0.076,0.224
483,,0.4,0.3,0.3,0.076,0.0,-0.024,-0.024,0.124
484,7,0.6,0.288,0.2,0.064,0.2,0.388,0.976,0.536
485,7,0.8,0.276,0.1,0.052,0.4,0.8,1.0,0.948
486,,0.7,0.176,0.0,-0.048,0.3,0.7,0.9,0.848
487,4,0.688,0.376,0.412,0.952,0.712,0.9,0.888,0.748
488,4,0.676,0.576,0.824,1.0,1.0,1.0,0.876,0.648
489,,0.576,0.476,0.724,0.9,0.9,0.9,0.776,0.548
490,,0.476,0.376,0.624,0.8,0.8,0.8,0.676,0.448
491,,0.376,0.276,0.524,0.7,0.7,0.7,0.576,0.348
492,,0.276,0.176,0.424,0.6,0.6,0.6,0.476,0.248
493,,0.176,0.076,0.324,0.5,0.5,0.5,0.376,0.148
494,,0.076,-0.024,0.224,0.4,0.4,0.4,0.276,0.048
495,2,0.488,0.976,0.636,0.6,0.388,0.3,0.264,0.248
496,2,0.9,1.0,1.0,0.8,0.376,0.2,0.252,0.448
497,,0.8,0.9,0.9,0.7,0.276,0.1,0.152,0.348
498,,0.7,0.8,0.8,0.6,0.176,0.0,0.052,0.248
499,,0.6,0.7,0.7,0.5,0.076,-0.1,-0.048,0.148
