step,active_motive,motive_1,motive_2,motive_3,motive_4,motive_5,motive_6,motive_7,motive_8
0,,0.41043,0.35923,0.26752,0.23831,0.41929,0.10254,0.484,0.35548
1,,0.26043,0.20923,0.11752,0.08831,0.26929,-0.04746,0.334,0.20548
2,6,0.19843,0.05923,0.05552,0.23831,0.63129,0.95254,0.696,0.35548
3,6,0.13643,-0.09077,-0.00648,0.38831,0.99329,1.0,1.0,0.50548
4,2,0.49843,0.90923,0.35552,0.53831,0.93129,0.85,0.938,0.65548
5,2,0.86043,1.0,0.71752,0.68831,0.86929,0.7,0.876,0.80548
6,,0.71043,0.85,0.56752,0.53831,0.71929,0.55,0.726,0.65548
7,,0.56043,0.7,0.41752,0.38831,0.56929,0.4,0.576,0.50548
8,,0.41043,0.55,0.26752,0.23831,0.41929,0.25,0.426,0.35548
9,,0.26043,0.4,0.11752,0.08831,0.26929,0.1,0.276,0.20548
10,,0.11043,0.25,-0.03248,-0.06169,0.11929,-0.05,0.126,0.05548
11,4,0.04843,0.4,0.32952,0.93831,0.48129,0.1,0.064,-0.09452
12,4,-0.01357,0.55,0.69152,1.0,0.84329,0.25,0.002,-0.24452
13,8,0.34843,0.7,0.62952,0.85,0.78129,0.4,0.364,0.75548
14,8,0.71043,0.85,0.56752,0.7,0.71929,0.55,0.726,1.0
15,,0.56043,0.7,0.41752,0.55,0.56929,0.4,0.576,0.85
16,,0.41043,0.55,0.26752,0.4,0.41929,0.25,0.426,0.7
17,,0.26043,0.4,0.11752,0.25,0.26929,0.1,0.276,0.55
18,,0.11043,0.25,-0.03248,0.1,0.11929,-0.05,0.126,0.4
19,6,0.04843,0.1,-0.09448,0.25,0.48129,0.95,0.488,0.55
20,6,-0.01357,-0.05,-0.15648,0.4,0.84329,1.0,0.85,0.7
21,3,0.13643,0.312,0.84352,0.762,0.99329,0.938,0.7,0.638
22,3,0.28643,0.674,1.0,1.0,1.0,0.876,0.55,0.576
23,,0.13643,0.524,0.85,0.85,0.85,0.726,0.4,0.426
24,,-0.01357,0.374,0.7,0.7,0.7,0.576,0.25,0.276
25,1,0.98643,0.736,0.85,0.638,0.55,0.514,0.4,0.638
26,1,1.0,1.0,1.0,0.576,0.4,0.452,0.55,1.0
27,,0.85,0.85,0.85,0.426,0.25,0.302,0.4,0.85
28,,0.7,0.7,0.7,0.276,0.1,0.152,0.25,0.7
29,,0.55,0.55,0.55,0.126,-0.05,0.002,0.1,0.55
30,5,0.4,0.488,0.7,0.488,0.95,0.364,0.25,0.488
31,5,0.25,0.426,0.85,0.85,1.0,0.726,0.4,0.426
32,,0.1,0.276,0.7,0.7,0.85,0.576,0.25,0.276
33,,-0.05,0.126,0.55,0.55,0.7,0.426,0.1,0.126
34,1,0.95,0.488,0.7,0.488,0.55,0.364,0.25,0.488
35,1,1.0,0.85,0.85,0.426,0.4,0.302,0.4,0.85
36,,0.85,0.7,0.7,0.276,0.25,0.152,0.25,0.7
37,,0.7,0.55,0.55,0.126,0.1,0.002,0.1,0.55
38,,0.55,0.4,0.4,-0.024,-0.05,-0.148,-0.05,0.4
39,6,0.488,0.25,0.338,0.126,0.312,0.852,0.312,0.55
40,6,0.426,0.1,0.276,0.276,0.674,1.0,0.674,0.7
41,,0.276,-0.05,0.126,0.126,0.524,0.85,0.524,0.55
42,2,0.638,0.95,0.488,0.276,0.462,0.7,0.462,0.7
43,2,1.0,1.0,0.85,0.426,0.4,0.55,0.4,0.85
44,,0.85,0.85,0.7,0.276,0.25,0.4,0.25,0.7
45,,0.7,0.7,0.55,0.126,0.1,0.25,0.1,0.55
46,,0.55,0.55,0.4,-0.024,-0.05,0.1,-0.05,0.4
47,7,0.7,0.488,0.25,-0.086,0.1,0.462,0.95,0.762
48,7,0.85,0.426,0.1,-0.148,0.25,0.824,1.0,1.0
49,4,0.788,0.576,0.462,0.852,0.612,0.974,0.938,0.85
50,4,0.726,0.726,0.824,1.0,0.974,1.0,0.876,0.7
51,,0.576,0.576,0.674,0.85,0.824,0.85,0.726,0.55
52,,0.426,0.426,0.524,0.7,0.674,0.7,0.576,0.4
53,,0.276,0.276,0.374,0.55,0.524,0.55,0.426,0.25
54,,0.126,0.126,0.224,0.4,0.374,0.4,0.276,0.1
55,,-0.024,-0.024,0.074,0.25,0.224,0.25,0.126,-0.05
56,8,0.338,0.126,0.012,0.1,0.162,0.4,0.488,0.95
57,8,0.7,0.276,-0.05,-0.05,0.1,0.55,0.85,1.0
58,3,0.85,0.638,0.95,0.312,0.25,0.488,0.7,0.938
59,3,1.0,1.0,1.0,0.674,0.4,0.426,0.55,0.876
60,,0.85,0.85,0.85,0.524,0.25,0.276,0.4,0.726
61,,0.7,0.7,0.7,0.374,0.1,0.126,0.25,0.576
62,,0.55,0.55,0.55,0.224,-0.05,-0.024,0.1,0.426
63,5,0.4,0.488,0.7,0.586,0.95,0.338,0.25,0.364
64,5,0.25,0.426,0.85,0.948,1.0,0.7,0.4,0.302
65,,0.1,0.276,0.7,0.798,0.85,0.55,0.25,0.152
66,,-0.05,0.126,0.55,0.648,0.7,0.4,0.1,0.002
67,1,0.95,0.488,0.7,0.586,0.55,0.338,0.25,0.364
68,1,1.0,0.85,0.85,0.524,0.4,0.276,0.4,0.726
69,,0.85,0.7,0.7,0.374,0.25,0.126,0.25,0.576
70,,0.7,0.55,0.55,0.224,0.1,-0.024,0.1,0.426
71,6,0.638,0.4,0.488,0.374,0.462,0.976,0.462,0.576
72,6,0.576,0.25,0.426,0.524,0.824,1.0,0.824,0.726
73,,0.426,0.1,0.276,0.374,0.674,0.85,0.674,0.576
74,,0.276,-0.05,0.126,0.224,0.524,0.7,0.524,0.426
75,2,0.638,0.95,0.488,0.374,0.462,0.55,0.462,0.576
76,2,1.0,1.0,0.85,0.524,0.4,0.4,0.4,0.726
77,,0.85,0.85,0.7,0.374,0.25,0.25,0.25,0.576
78,,0.7,0.7,0.55,0.224,0.1,0.1,0.1,0.426
79,,0.55,0.55,0.4,0.074,-0.05,-0.05,-0.05,0.276
80,5,0.4,0.488,0.55,0.436,0.95,0.312,0.1,0.214
81,5,0.25,0.426,0.7,0.798,1.0,0.674,0.25,0.152
82,,0.1,0.276,0.55,0.648,0.85,0.524,0.1,0.002
83,,-0.05,0.126,0.4,0.498,0.7,0.374,-0.05,-0.148
84,8,0.312,0.276,0.338,0.348,0.638,0.524,0.312,0.852
85,8,0.674,0.426,0.276,0.198,0.576,0.674,0.674,1.0
86,,0.524,0.276,0.126,0.048,0.426,0.524,0.524,0.85
87,,0.374,0.126,-0.024,-0.102,0.276,0.374,0.374,0.7
88,4,0.312,0.276,0.338,0.898,0.638,0.524,0.312,0.55
89,4,0.25,0.426,0.7,1.0,1.0,0.674,0.25,0.4
90,,0.1,0.276,0.55,0.85,0.85,0.524,0.1,0.25
91,,-0.05,0.126,0.4,0.7,0.7,0.374,-0.05,0.1
92,7,0.1,0.064,0.25,0.638,0.85,0.736,0.95,0.462
93,7,0.25,0.002,0.1,0.576,1.0,1.0,1.0,0.824
94,,0.1,-0.148,-0.05,0.426,0.85,0.85,0.85,0.674
95,2,0.462,0.852,0.312,0.576,0.788,0.7,0.788,0.824
96,2,0.824,1.0,0.674,0.726,0.726,0.55,0.726,0.974
97,,0.674,0.85,0.524,0.576,0.576,0.4,0.576,0.824
98,,0.524,0.7,0.374,0.426,0.426,0.25,0.426,0.674
99,,0.374,0.55,0.224,0.276,0.276,0.1,0.276,0.524
100,,0.224,0.4,0.074,0.126,0.126,-0.05,0.126,0.374
101,6,0.162,0.25,0.012,0.276,0.488,0.95,0.488,0.524
102,6,0.1,0.1,-0.05,0.426,0.85,1.0,0.85,0.674
103,3,0.25,0.462,0.95,0.788,1.0,0.938,0.7,0.612
104,3,0.4,0.824,1.0,1.0,1.0,0.876,0.55,0.55
105,,0.25,0.674,0.85,0.85,0.85,0.726,0.4,0.4
106,,0.1,0.524,0.7,0.7,0.7,0.576,0.25,0.25
107,,-0.05,0.374,0.55,0.55,0.55,0.426,0.1,0.1
108,1,0.95,0.736,0.7,0.488,0.4,0.364,0.25,0.462
109,1,1.0,1.0,0.85,0.426,0.25,0.302,0.4,0.824
110,,0.85,0.85,0.7,0.276,0.1,0.152,0.25,0.674
111,,0.7,0.7,0.55,0.126,-0.05,0.002,0.1,0.524
112,5,0.55,0.638,0.7,0.488,0.95,0.364,0.25,0.462
113,5,0.4,0.576,0.85,0.85,1.0,0.726,0.4,0.4
114,,0.25,0.426,0.7,0.7,0.85,0.576,0.25,0.25
115,,0.1,0.276,0.55,0.55,0.7,0.426,0.1,0.1
116,,-0.05,0.126,0.4,0.4,0.55,0.276,-0.05,-0.05
117,8,0.312,0.276,0.338,0.25,0.488,0.426,0.312,0.95
118,8,0.674,0.426,0.276,0.1,0.426,0.576,0.674,1.0
119,,0.524,0.276,0.126,-0.05,0.276,0.426,0.524,0.85
120,4,0.462,0.426,0.488,0.95,0.638,0.576,0.462,0.7
121,4,0.4,0.576,0.85,1.0,1.0,0.726,0.4,0.55
122,,0.25,0.426,0.7,0.85,0.85,0.576,0.25,0.4
123,,0.1,0.276,0.55,0.7,0.7,0.426,0.1,0.25
124,,-0.05,0.126,0.4,0.55,0.55,0.276,-0.05,0.1
125,1,0.95,0.488,0.55,0.488,0.4,0.214,0.1,0.462
126,1,1.0,0.85,0.7,0.426,0.25,0.152,0.25,0.824
127,,0.85,0.7,0.55,0.276,0.1,0.002,0.1,0.674
128,,0.7,0.55,0.4,0.126,-0.05,-0.148,-0.05,0.524
129,6,0.638,0.4,0.338,0.276,0.312,0.852,0.312,0.674
130,6,0.576,0.25,0.276,0.426,0.674,1.0,0.674,0.824
131,,0.426,0.1,0.126,0.276,0.524,0.85,0.524,0.674
132,,0.276,-0.05,-0.024,0.126,0.374,0.7,0.374,0.524
133,2,0.638,0.95,0.338,0.276,0.312,0.55,0.312,0.674
134,2,1.0,1.0,0.7,0.426,0.25,0.4,0.25,0.824
135,,0.85,0.85,0.55,0.276,0.1,0.25,0.1,0.674
136,,0.7,0.7,0.4,0.126,-0.05,0.1,-0.05,0.524
137,7,0.85,0.638,0.25,0.064,0.1,0.462,0.95,0.886
138,7,1.0,0.576,0.1,0.002,0.25,0.824,1.0,1.0
139,,0.85,0.426,-0.05,-0.148,0.1,0.674,0.85,0.85
140,4,0.788,0.576,0.312,0.852,0.462,0.824,0.788,0.7
141,4,0.726,0.726,0.674,1.0,0.824,0.974,0.726,0.55
142,,0.576,0.576,0.524,0.85,0.674,0.824,0.576,0.4
143,,0.426,0.426,0.374,0.7,0.524,0.674,0.426,0.25
144,,0.276,0.276,0.224,0.55,0.374,0.524,0.276,0.1
145,,0.126,0.126,0.074,0.4,0.224,0.374,0.126,-0.05
146,8,0.488,0.276,0.012,0.25,0.162,0.524,0.488,0.95
147,8,0.85,0.426,-0.05,0.1,0.1,0.674,0.85,1.0
148,3,1.0,0.788,0.95,0.462,0.25,0.612,0.7,0.938
149,3,1.0,1.0,1.0,0.824,0.4,0.55,0.55,0.876
150,,0.85,0.85,0.85,0.674,0.25,0.4,0.4,0.726
151,,0.7,0.7,0.7,0.524,0.1,0.25,0.25,0.576
152,,0.55,0.55,0.55,0.374,-0.05,0.1,0.1,0.426
153,5,0.4,0.488,0.7,0.736,0.95,0.462,0.25,0.364
154,5,0.25,0.426,0.85,1.0,1.0,0.824,0.4,0.302
155,,0.1,0.276,0.7,0.85,0.85,0.674,0.25,0.152
156,,-0.05,0.126,0.55,0.7,0.7,0.524,0.1,0.002
157,1,0.95,0.488,0.7,0.638,0.55,0.462,0.25,0.364
158,1,1.0,0.85,0.85,0.576,0.4,0.4,0.4,0.726
159,,0.85,0.7,0.7,0.426,0.25,0.25,0.25,0.576
160,,0.7,0.55,0.55,0.276,0.1,0.1,0.1,0.426
161,,0.55,0.4,0.4,0.126,-0.05,-0.05,-0.05,0.276
162,6,0.488,0.25,0.338,0.276,0.312,0.95,0.312,0.426
163,6,0.426,0.1,0.276,0.426,0.674,1.0,0.674,0.576
164,,0.276,-0.05,0.126,0.276,0.524,0.85,0.524,0.426
165,2,0.638,0.95,0.488,0.426,0.462,0.7,0.462,0.576
166,2,1.0,1.0,0.85,0.576,0.4,0.55,0.4,0.726
167,,0.85,0.85,0.7,0.426,0.25,0.4,0.25,0.576
168,,0.7,0.7,0.55,0.276,0.1,0.25,0.1,0.426
169,,0.55,0.55,0.4,0.126,-0.05,0.1,-0.05,0.276
170,7,0.7,0.488,0.25,0.064,0.1,0.462,0.95,0.638
171,7,0.85,0.426,0.1,0.002,0.25,0.824,1.0,1.0
172,,0.7,0.276,-0.05,-0.148,0.1,0.674,0.85,0.85
173,4,0.638,0.426,0.312,0.852,0.462,0.824,0.788,0.7
174,4,0.576,0.576,0.674,1.0,0.824,0.974,0.726,0.55
175,,0.426,0.426,0.524,0.85,0.674,0.824,0.576,0.4
176,,0.276,0.276,0.374,0.7,0.524,0.674,0.426,0.25
177,,0.126,0.126,0.224,0.55,0.374,0.524,0.276,0.1
178,,-0.024,-0.024,0.074,0.4,0.224,0.374,0.126,-0.05
179,8,0.338,0.126,0.012,0.25,0.162,0.524,0.488,0.95
180,8,0.7,0.276,-0.05,0.1,0.1,0.674,0.85,1.0
181,3,0.85,0.638,0.95,0.462,0.25,0.612,0.7,0.938
182,3,1.0,1.0,1.0,0.824,0.4,0.55,0.55,0.876
183,,0.85,0.85,0.85,0.674,0.25,0.4,0.4,0.726
184,,0.7,0.7,0.7,0.524,0.1,0.25,0.25,0.576
185,,0.55,0.55,0.55,0.374,-0.05,0.1,0.1,0.426
186,5,0.4,0.488,0.7,0.736,0.95,0.462,0.25,0.364
187,5,0.25,0.426,0.85,1.0,1.0,0.824,0.4,0.302
188,,0.1,0.276,0.7,0.85,0.85,0.674,0.25,0.152
189,,-0.05,0.126,0.55,0.7,0.7,0.524,0.1,0.002
190,1,0.95,0.488,0.7,0.638,0.55,0.462,0.25,0.364
191,1,1.0,0.85,0.85,0.576,0.4,0.4,0.4,0.726
192,,0.85,0.7,0.7,0.426,0.25,0.25,0.25,0.576
193,,0.7,0.55,0.55,0.276,0.1,0.1,0.1,0.426
194,,0.55,0.4,0.4,0.126,-0.05,-0.05,-0.05,0.276
195,6,0.488,0.25,0.338,0.276,0.312,0.95,0.312,0.426
196,6,0.426,0.1,0.276,0.426,0.674,1.0,0.674,0.576
197,,0.276,-0.05,0.126,0.276,0.524,0.85,0.524,0.426
198,2,0.638,0.95,0.488,0.426,0.462,0.7,0.462,0.576
199,2,1.0,1.0,0.85,0.576,0.4,0.55,0.4,0.726
200,,0.85,0.85,0.7,0.426,0.25,0.4,0.25,0.576
201,,0.7,0.7,0.55,0.276,0.1,0.25,0.1,0.426
202,,0.55,0.55,0.4,0.126,-0.05,0.1,-0.05,0.276
203,5,0.4,0.488,0.55,0.488,0.95,0.462,0.1,0.214
204,5,0.25,0.426,0.7,0.85,1.0,0.824,0.25,0.152
205,,0.1,0.276,0.55,0.7,0.85,0.674,0.1,0.002
206,,-0.05,0.126,0.4,0.55,0.7,0.524,-0.05,-0.148
207,8,0.312,0.276,0.338,0.4,0.638,0.674,0.312,0.852
208,8,0.674,0.426,0.276,0.25,0.576,0.824,0.674,1.0
209,,0.524,0.276,0.126,0.1,0.426,0.674,0.524,0.85
210,,0.374,0.126,-0.024,-0.05,0.276,0.524,0.374,0.7
211,4,0.312,0.276,0.338,0.95,0.638,0.674,0.312,0.55
212,4,0.25,0.426,0.7,1.0,1.0,0.824,0.25,0.4
213,,0.1,0.276,0.55,0.85,0.85,0.674,0.1,0.25
214,,-0.05,0.126,0.4,0.7,0.7,0.524,-0.05,0.1
215,7,0.1,0.064,0.25,0.638,0.85,0.886,0.95,0.462
216,7,0.25,0.002,0.1,0.576,1.0,1.0,1.0,0.824
217,,0.1,-0.148,-0.05,0.426,0.85,0.85,0.85,0.674
218,2,0.462,0.852,0.312,0.576,0.788,0.7,0.788,0.824
219,2,0.824,1.0,0.674,0.726,0.726,0.55,0.726,0.974
220,,0.674,0.85,0.524,0.576,0.576,0.4,0.576,0.824
221,,0.524,0.7,0.374,0.426,0.426,0.25,0.426,0.674
222,,0.374,0.55,0.224,0.276,0.276,0.1,0.276,0.524
223,,0.224,0.4,0.074,0.126,0.126,-0.05,0.126,0.374
224,6,0.162,0.25,0.012,0.276,0.488,0.95,0.488,0.524
225,6,0.1,0.1,-0.05,0.426,0.85,1.0,0.85,0.674
226,3,0.25,0.462,0.95,0.788,1.0,0.938,0.7,0.612
227,3,0.4,0.824,1.0,1.0,1.0,0.876,0.55,0.55
228,,0.25,0.674,0.85,0.85,0.85,0.726,0.4,0.4
229,,0.1,0.524,0.7,0.7,0.7,0.576,0.25,0.25
230,,-0.05,0.374,0.55,0.55,0.55,0.426,0.1,0.1
231,1,0.95,0.736,0.7,0.488,0.4,0.364,0.25,0.462
232,1,1.0,1.0,0.85,0.426,0.25,0.302,0.4,0.824
233,,0.85,0.85,0.7,0.276,0.1,0.152,0.25,0.674
234,,0.7,0.7,0.55,0.126,-0.05,0.002,0.1,0.524
235,5,0.55,0.638,0.7,0.488,0.95,0.364,0.25,0.462
236,5,0.4,0.576,0.85,0.85,1.0,0.726,0.4,0.4
237,,0.25,0.426,0.7,0.7,0.85,0.576,0.25,0.25
238,,0.1,0.276,0.55,0.55,0.7,0.426,0.1,0.1
239,,-0.05,0.126,0.4,0.4,0.55,0.276,-0.05,-0.05
240,8,0.312,0.276,0.338,0.25,0.488,0.426,0.312,0.95
241,8,0.674,0.426,0.276,0.1,0.426,0.576,0.674,1.0
242,,0.524,0.276,0.126,-0.05,0.276,0.426,0.524,0.85
243,4,0.462,0.426,0.488,0.95,0.638,0.576,0.462,0.7
244,4,0.4,0.576,0.85,1.0,1.0,0.726,0.4,0.55
245,,0.25,0.426,0.7,0.85,0.85,0.576,0.25,0.4
246,,0.1,0.276,0.55,0.7,0.7,0.426,0.1,0.25
247,,-0.05,0.126,0.4,0.55,0.55,0.276,-0.05,0.1
248,1,0.95,0.488,0.55,0.488,0.4,0.214,0.1,0.462
249,1,1.0,0.85,0.7,0.426,0.25,0.152,0.25,0.824
250,,0.85,0.7,0.55,0.276,0.1,0.002,0.1,0.674
251,,0.7,0.55,0.4,0.126,-0.05,-0.148,-0.05,0.524
252,6,0.638,0.4,0.338,0.276,0.312,0.852,0.312,0.674
253,6,0.576,0.25,0.276,0.426,0.674,1.0,0.674,0.824
254,,0.426,0.1,0.126,0.276,0.524,0.85,0.524,0.674
255,,0.276,-0.05,-0.024,0.126,0.374,0.7,0.374,0.524
256,2,0.638,0.95,0.338,0.276,0.312,0.55,0.312,0.674
257,2,1.0,1.0,0.7,0.426,0.25,0.4,0.25,0.824
258,,0.85,0.85,0.55,0.276,0.1,0.25,0.1,0.674
259,,0.7,0.7,0.4,0.126,-0.05,0.1,-0.05,0.524
260,7,0.85,0.638,0.25,0.064,0.1,0.462,0.95,0.886
261,7,1.0,0.576,0.1,0.002,0.25,0.824,1.0,1.0
262,,0.85,0.426,-0.05,-0.148,0.1,0.674,0.85,0.85
263,4,0.788,0.576,0.312,0.852,0.462,0.824,0.788,0.7
264,4,0.726,0.726,0.674,1.0,0.824,0.974,0.726,0.55
265,,0.576,0.576,0.524,0.85,0.674,0.824,0.576,0.4
266,,0.426,0.426,0.374,0.7,0.524,0.674,0.426,0.25
267,,0.276,0.276,0.224,0.55,0.374,0.524,0.276,0.1
268,,0.126,0.126,0.074,0.4,0.224,0.374,0.126,-0.05
269,8,0.488,0.276,0.012,0.25,0.162,0.524,0.488,0.95
270,8,0.85,0.426,-0.05,0.1,0.1,0.674,0.85,1.0
271,3,1.0,0.788,0.95,0.462,0.25,0.612,0.7,0.938
272,3,1.0,1.0,1.0,0.824,0.4,0.55,0.55,0.876
273,,0.85,0.85,0.85,0.674,0.25,0.4,0.4,0.726
274,,0.7,0.7,0.7,0.524,0.1,0.25,0.25,0.576
275,,0.55,0.55,0.55,0.374,-0.05,0.1,0.1,0.426
276,5,0.4,0.488,0.7,0.736,0.95,0.462,0.25,0.364
277,5,0.25,0.426,0.85,1.0,1.0,0.824,0.4,0.302
278,,0.1,0.276,0.7,0.85,0.85,0.674,0.25,0.152
279,,-0.05,0.126,0.55,0.7,0.7,0.524,0.1,0.002
280,1,0.95,0.488,0.7,0.638,0.55,0.462,0.25,0.364
281,1,1.0,0.85,0.85,0.576,0.4,0.4,0.4,0.726
282,,0.85,0.7,0.7,0.426,0.25,0.25,0.25,0.576
283,,0.7,0.55,0.55,0.276,0.1,0.1,0.1,0.426
284,,0.55,0.4,0.4,0.126,-0.05,-0.05,-0.05,0.276
285,5,0.4,0.338,0.55,0.488,0.95,0.312,0.1,0.214
286,5,0.25,0.276,0.7,0.85,1.0,0.674,0.25,0.152
287,,0.1,0.126,0.55,0.7,0.85,0.524,0.1,0.002
288,,-0.05,-0.024,0.4,0.55,0.7,0.374,-0.05,-0.148
289,8,0.312,0.126,0.338,0.4,0.638,0.524,0.312,0.852
290,8,0.674,0.276,0.276,0.25,0.576,0.674,0.674,1.0
291,,0.524,0.126,0.126,0.1,0.426,0.524,0.524,0.85
292,,0.374,-0.024,-0.024,-0.05,0.276,0.374,0.374,0.7
293,4,0.312,0.126,0.338,0.95,0.638,0.524,0.312,0.55
294,4,0.25,0.276,0.7,1.0,1.0,0.674,0.25,0.4
295,,0.1,0.126,0.55,0.85,0.85,0.524,0.1,0.25
296,,-0.05,-0.024,0.4,0.7,0.7,0.374,-0.05,0.1
297,1,0.95,0.338,0.55,0.638,0.55,0.312,0.1,0.462
298,1,1.0,0.7,0.7,0.576,0.4,0.25,0.25,0.824
299,,0.85,0.55,0.55,0.426,0.25,0.1,0.1,0.674
300,,0.7,0.4,0.4,0.276,0.1,-0.05,-0.05,0.524
301,6,0.638,0.25,0.338,0.426,0.462,0.95,0.312,0.674
302,6,0.576,0.1,0.276,0.576,0.824,1.0,0.674,0.824
303,,0.426,-0.05,0.126,0.426,0.674,0.85,0.524,0.674
304,2,0.788,0.95,0.488,0.576,0.612,0.7,0.462,0.824
305,2,1.0,1.0,0.85,0.726,0.55,0.55,0.4,0.974
306,,0.85,0.85,0.7,0.576,0.4,0.4,0.25,0.824
307,,0.7,0.7,0.55,0.426,0.25,0.25,0.1,0.674
308,,0.55,0.55,0.4,0.276,0.1,0.1,-0.05,0.524
309,7,0.7,0.488,0.25,0.214,0.25,0.462,0.95,0.886
310,7,0.85,0.426,0.1,0.152,0.4,0.824,1.0,1.0
311,,0.7,0.276,-0.05,0.002,0.25,0.674,0.85,0.85
312,3,0.85,0.638,0.95,0.364,0.4,0.612,0.7,0.788
313,3,1.0,1.0,1.0,0.726,0.55,0.55,0.55,0.726
314,,0.85,0.85,0.85,0.576,0.4,0.4,0.4,0.576
315,,0.7,0.7,0.7,0.426,0.25,0.25,0.25,0.426
316,,0.55,0.55,0.55,0.276,0.1,0.1,0.1,0.276
317,,0.4,0.4,0.4,0.126,-0.05,-0.05,-0.05,0.126
318,5,0.25,0.338,0.55,0.488,0.95,0.312,0.1,0.064
319,5,0.1,0.276,0.7,0.85,1.0,0.674,0.25,0.002
320,,-0.05,0.126,0.55,0.7,0.85,0.524,0.1,-0.148
321,8,0.312,0.276,0.488,0.55,0.788,0.674,0.462,0.852
322,8,0.674,0.426,0.426,0.4,0.726,0.824,0.824,1.0
323,,0.524,0.276,0.276,0.25,0.576,0.674,0.674,0.85
324,,0.374,0.126,0.126,0.1,0.426,0.524,0.524,0.7
325,,0.224,-0.024,-0.024,-0.05,0.276,0.374,0.374,0.55
326,4,0.162,0.126,0.338,0.95,0.638,0.524,0.312,0.4
327,4,0.1,0.276,0.7,1.0,1.0,0.674,0.25,0.25
328,,-0.05,0.126,0.55,0.85,0.85,0.524,0.1,0.1
329,1,0.95,0.488,0.7,0.788,0.7,0.462,0.25,0.462
330,1,1.0,0.85,0.85,0.726,0.55,0.4,0.4,0.824
331,,0.85,0.7,0.7,0.576,0.4,0.25,0.25,0.674
332,,0.7,0.55,0.55,0.426,0.25,0.1,0.1,0.524
333,,0.55,0.4,0.4,0.276,0.1,-0.05,-0.05,0.374
334,7,0.7,0.338,0.25,0.214,0.25,0.312,0.95,0.736
335,7,0.85,0.276,0.1,0.152,0.4,0.674,1.0,1.0
336,,0.7,0.126,-0.05,0.002,0.25,0.524,0.85,0.85
337,3,0.85,0.488,0.95,0.364,0.4,0.462,0.7,0.788
338,3,1.0,0.85,1.0,0.726,0.55,0.4,0.55,0.726
339,,0.85,0.7,0.85,0.576,0.4,0.25,0.4,0.576
340,,0.7,0.55,0.7,0.426,0.25,0.1,0.25,0.426
341,,0.55,0.4,0.55,0.276,0.1,-0.05,0.1,0.276
342,6,0.488,0.25,0.488,0.426,0.462,0.95,0.462,0.426
343,6,0.426,0.1,0.426,0.576,0.824,1.0,0.824,0.576
344,,0.276,-0.05,0.276,0.426,0.674,0.85,0.674,0.426
345,2,0.638,0.95,0.638,0.576,0.612,0.7,0.612,0.576
346,2,1.0,1.0,1.0,0.726,0.55,0.55,0.55,0.726
347,,0.85,0.85,0.85,0.576,0.4,0.4,0.4,0.576
348,,0.7,0.7,0.7,0.426,0.25,0.25,0.25,0.426
349,,0.55,0.55,0.55,0.276,0.1,0.1,0.1,0.276
350,,0.4,0.4,0.4,0.126,-0.05,-0.05,-0.05,0.126
351,6,0.338,0.25,0.338,0.276,0.312,0.95,0.312,0.276
352,6,0.276,0.1,0.276,0.426,0.674,1.0,0.674,0.426
353,,0.126,-0.05,0.126,0.276,0.524,0.85,0.524,0.276
354,2,0.488,0.95,0.488,0.426,0.462,0.7,0.462,0.426
355,2,0.85,1.0,0.85,0.576,0.4,0.55,0.4,0.576
356,,0.7,0.85,0.7,0.426,0.25,0.4,0.25,0.426
357,,0.55,0.7,0.55,0.276,0.1,0.25,0.1,0.276
358,,0.4,0.55,0.4,0.126,-0.05,0.1,-0.05,0.126
359,7,0.55,0.488,0.25,0.064,0.1,0.462,0.95,0.488
360,7,0.7,0.426,0.1,0.002,0.25,0.824,1.0,0.85
361,,0.55,0.276,-0.05,-0.148,0.1,0.674,0.85,0.7
362,4,0.488,0.426,0.312,0.852,0.462,0.824,0.788,0.55
363,4,0.426,0.576,0.674,1.0,0.824,0.974,0.726,0.4
364,,0.276,0.426,0.524,0.85,0.674,0.824,0.576,0.25
365,,0.126,0.276,0.374,0.7,0.524,0.674,0.426,0.1
366,,-0.024,0.126,0.224,0.55,0.374,0.524,0.276,-0.05
367,8,0.338,0.276,0.162,0.4,0.312,0.674,0.638,0.95
368,8,0.7,0.426,0.1,0.25,0.25,0.824,1.0,1.0
369,,0.55,0.276,-0.05,0.1,0.1,0.674,0.85,0.85
370,3,0.7,0.638,0.95,0.462,0.25,0.612,0.7,0.788
371,3,0.85,1.0,1.0,0.824,0.4,0.55,0.55,0.726
372,,0.7,0.85,0.85,0.674,0.25,0.4,0.4,0.576
373,,0.55,0.7,0.7,0.524,0.1,0.25,0.25,0.426
374,,0.4,0.55,0.55,0.374,-0.05,0.1,0.1,0.276
375,5,0.25,0.488,0.7,0.736,0.95,0.462,0.25,0.214
376,5,0.1,0.426,0.85,1.0,1.0,0.824,0.4,0.152
377,,-0.05,0.276,0.7,0.85,0.85,0.674,0.25,0.002
378,1,0.95,0.638,0.85,0.788,0.7,0.612,0.4,0.364
379,1,1.0,1.0,1.0,0.726,0.55,0.55,0.55,0.726
380,,0.85,0.85,0.85,0.576,0.4,0.4,0.4,0.576
381,,0.7,0.7,0.7,0.426,0.25,0.25,0.25,0.426
382,,0.55,0.55,0.55,0.276,0.1,0.1,0.1,0.276
383,,0.4,0.4,0.4,0.126,-0.05,-0.05,-0.05,0.126
384,6,0.338,0.25,0.338,0.276,0.312,0.95,0.312,0.276
385,6,0.276,0.1,0.276,0.426,0.674,1.0,0.674,0.426
386,,0.126,-0.05,0.126,0.276,0.524,0.85,0.524,0.276
387,2,0.488,0.95,0.488,0.426,0.462,0.7,0.462,0.426
388,2,0.85,1.0,0.85,0.576,0.4,0.55,0.4,0.576
389,,0.7,0.85,0.7,0.426,0.25,0.4,0.25,0.426
390,,0.55,0.7,0.55,0.276,0.1,0.25,0.1,0.276
391,,0.4,0.55,0.4,0.126,-0.05,0.1,-0.05,0.126
392,5,0.25,0.488,0.55,0.488,0.95,0.462,0.1,0.064
393,5,0.1,0.426,0.7,0.85,1.0,0.824,0.25,0.002
394,,-0.05,0.276,0.55,0.7,0.85,0.674,0.1,-0.148
395,8,0.312,0.426,0.488,0.55,0.788,0.824,0.462,0.852
396,8,0.674,0.576,0.426,0.4,0.726,0.974,0.824,1.0
397,,0.524,0.426,0.276,0.25,0.576,0.824,0.674,0.85
398,,0.374,0.276,0.126,0.1,0.426,0.674,0.524,0.7
399,,0.224,0.126,-0.024,-0.05,0.276,0.524,0.374,0.55
400,4,0.162,0.276,0.338,0.95,0.638,0.674,0.312,0.4
401,4,0.1,0.426,0.7,1.0,1.0,0.824,0.25,0.25
402,,-0.05,0.276,0.55,0.85,0.85,0.674,0.1,0.1
403,1,0.95,0.638,0.7,0.788,0.7,0.612,0.25,0.462
404,1,1.0,1.0,0.85,0.726,0.55,0.55,0.4,0.824
405,,0.85,0.85,0.7,0.576,0.4,0.4,0.25,0.674
406,,0.7,0.7,0.55,0.426,0.25,0.25,0.1,0.524
407,,0.55,0.55,0.4,0.276,0.1,0.1,-0.05,0.374
408,7,0.7,0.488,0.25,0.214,0.25,0.462,0.95,0.736
409,7,0.85,0.426,0.1,0.152,0.4,0.824,1.0,1.0
410,,0.7,0.276,-0.05,0.002,0.25,0.674,0.85,0.85
411,3,0.85,0.638,0.95,0.364,0.4,0.612,0.7,0.788
412,3,1.0,1.0,1.0,0.726,0.55,0.55,0.55,0.726
413,,0.85,0.85,0.85,0.576,0.4,0.4,0.4,0.576
414,,0.7,0.7,0.7,0.426,0.25,0.25,0.25,0.426
415,,0.55,0.55,0.55,0.276,0.1,0.1,0.1,0.276
416,,0.4,0.4,0.4,0.126,-0.05,-0.05,-0.05,0.126
417,7,0.55,0.338,0.25,0.064,0.1,0.312,0.95,0.488
418,7,0.7,0.276,0.1,0.002,0.25,0.674,1.0,0.85
419,,0.55,0.126,-0.05,-0.148,0.1,0.524,0.85,0.7
420,4,0.488,0.276,0.312,0.852,0.462,0.674,0.788,0.55
421,4,0.426,0.426,0.674,1.0,0.824,0.824,0.726,0.4
422,,0.276,0.276,0.524,0.85,0.674,0.674,0.576,0.25
423,,0.126,0.126,0.374,0.7,0.524,0.524,0.426,0.1
424,,-0.024,-0.024,0.224,0.55,0.374,0.374,0.276,-0.05
425,8,0.338,0.126,0.162,0.4,0.312,0.524,0.638,0.95
426,8,0.7,0.276,0.1,0.25,0.25,0.674,1.0,1.0
427,,0.55,0.126,-0.05,0.1,0.1,0.524,0.85,0.85
428,3,0.7,0.488,0.95,0.462,0.25,0.462,0.7,0.788
429,3,0.85,0.85,1.0,0.824,0.4,0.4,0.55,0.726
430,,0.7,0.7,0.85,0.674,0.25,0.25,0.4,0.576
431,,0.55,0.55,0.7,0.524,0.1,0.1,0.25,0.426
432,,0.4,0.4,0.55,0.374,-0.05,-0.05,0.1,0.276
433,6,0.338,0.25,0.488,0.524,0.312,0.95,0.462,0.426
434,6,0.276,0.1,0.426,0.674,0.674,1.0,0.824,0.576
435,,0.126,-0.05,0.276,0.524,0.524,0.85,0.674,0.426
436,2,0.488,0.95,0.638,0.674,0.462,0.7,0.612,0.576
437,2,0.85,1.0,1.0,0.824,0.4,0.55,0.55,0.726
438,,0.7,0.85,0.85,0.674,0.25,0.4,0.4,0.576
439,,0.55,0.7,0.7,0.524,0.1,0.25,0.25,0.426
440,,0.4,0.55,0.55,0.374,-0.05,0.1,0.1,0.276
441,5,0.25,0.488,0.7,0.736,0.95,0.462,0.25,0.214
442,5,0.1,0.426,0.85,1.0,1.0,0.824,0.4,0.152
443,,-0.05,0.276,0.7,0.85,0.85,0.674,0.25,0.002
444,1,0.95,0.638,0.85,0.788,0.7,0.612,0.4,0.364
445,1,1.0,1.0,1.0,0.726,0.55,0.55,0.55,0.726
446,,0.85,0.85,0.85,0.576,0.4,0.4,0.4,0.576
447,,0.7,0.7,0.7,0.426,0.25,0.25,0.25,0.426
448,,0.55,0.55,0.55,0.276,0.1,0.1,0.1,0.276
449,,0.4,0.4,0.4,0.126,-0.05,-0.05,-0.05,0.126
450,6,0.338,0.25,0.338,0.276,0.312,0.95,0.312,0.276
451,6,0.276,0.1,0.276,0.426,0.674,1.0,0.674,0.426
452,,0.126,-0.05,0.126,0.276,0.524,0.85,0.524,0.276
453,2,0.488,0.95,0.488,0.426,0.462,0.7,0.462,0.426
454,2,0.85,1.0,0.85,0.576,0.4,0.55,0.4,0.576
455,,0.7,0.85,0.7,0.426,0.25,0.4,0.25,0.426
456,,0.55,0.7,0.55,0.276,0.1,0.25,0.1,0.276
457,,0.4,0.55,0.4,0.126,-0.05,0.1,-0.05,0.126
458,5,0.25,0.488,0.55,0.488,0.95,0.462,0.1,0.064
459,5,0.1,0.426,0.7,0.85,1.0,0.824,0.25,0.002
460,,-0.05,0.276,0.55,0.7,0.85,0.674,0.1,-0.148
461,8,0.312,0.426,0.488,0.55,0.788,0.824,0.462,0.852
462,8,0.674,0.576,0.426,0.4,0.726,0.974,0.824,1.0
463,,0.524,0.426,0.276,0.25,0.576,0.824,0.674,0.85
464,,0.374,0.276,0.126,0.1,0.426,0.674,0.524,0.7
465,,0.224,0.126,-0.024,-0.05,0.276,0.524,0.374,0.55
466,4,0.162,0.276,0.338,0.95,0.638,0.674,0.312,0.4
467,4,0.1,0.426,0.7,1.0,1.0,0.824,0.25,0.25
468,,-0.05,0.276,0.55,0.85,0.85,0.674,0.1,0.1
469,1,0.95,0.638,0.7,0.788,0.7,0.612,0.25,0.462
470,1,1.0,1.0,0.85,0.726,0.55,0.55,0.4,0.824
471,,0.85,0.85,0.7,0.576,0.4,0.4,0.25,0.674
472,,0.7,0.7,0.55,0.426,0.25,0.25,0.1,0.524
473,,0.55,0.55,0.4,0.276,0.1,0.1,-0.05,0.374
474,7,0.7,0.488,0.25,0.214,0.25,0.462,0.95,0.736
475,7,0.85,0.426,0.1,0.152,0.4,0.824,1.0,1.0
476,,0.7,0.276,-0.05,0.002,0.25,0.674,0.85,0.85
477,3,0.85,0.638,0.95,0.364,0.4,0.612,0.7,0.788
478,3,1.0,1.0,1.0,0.726,0.55,0.55,0.55,0.726
479,,0.85,0.85,0.85,0.576,0.4,0.4,0.4,0.576
480,,0.7,0.7,0.7,0.426,0.25,0.25,0.25,0.426
481,,0.55,0.55,0.55,0.276,0.1,0.1,0.1,0.276
482,,0.4,0.4,0.4,0.126,-0.05,-0.05,-0.05,0.126
483,6,0.338,0.25,0.338,0.276,0.312,0.95,0.312,0.276
484,6,0.276,0.1,0.276,0.426,0.674,1.0,0.674,0.426
485,,0.126,-0.05,0.126,0.276,0.524,0.85,0.524,0.276
486,2,0.488,0.95,0.488,0.426,0.462,0.7,0.462,0.426
487,2,0.85,1.0,0.85,0.576,0.4,0.55,0.4,0.576
488,,0.7,0.85,0.7,0.426,0.25,0.4,0.25,0.426
489,,0.55,0.7,0.55,0.276,0.1,0.25,0.1,0.276
490,,0.4,0.55,0.4,0.126,-0.05,0.1,-0.05,0.126
491,7,0.55,0.488,0.25,0.064,0.1,0.462,0.95,0.488
492,7,0.7,0.426,0.1,0.002,0.25,0.824,1.0,0.85
493,,0.55,0.276,-0.05,-0.148,0.1,0.674,0.85,0.7
494,4,0.488,0.426,0.312,0.852,0.462,0.824,0.788,0.55
495,4,0.426,0.576,0.674,1.0,0.824,0.974,0.726,0.4
496,,0.276,0.426,0.524,0.85,0.674,0.824,0.576,0.25
497,,0.126,0.276,0.374,0.7,0.524,0.674,0.426,0.1
498,,-0.024,0.126,0.224,0.55,0.374,0.524,0.276,-0.05
499,8,0.338,0.276,0.162,0.4,0.312,0.674,0.638,0.95
500,8,0.7,0.426,0.1,0.25,0.25,0.824,1.0,1.0
501,,0.55,0.276,-0.05,0.1,0.1,0.674,0.85,0.85
502,3,0.7,0.638,0.95,0.462,0.25,0.612,0.7,0.788
503,3,0.85,1.0,1.0,0.824,0.4,0.55,0.55,0.726
504,,0.7,0.85,0.85,0.674,0.25,0.4,0.4,0.576
505,,0.55,0.7,0.7,0.524,0.1,0.25,0.25,0.426
506,,0.4,0.55,0.55,0.374,-0.05,0.1,0.1,0.276
507,5,0.25,0.488,0.7,0.736,0.95,0.462,0.25,0.214
508,5,0.1,0.426,0.85,1.0,1.0,0.824,0.4,0.152
509,,-0.05,0.276,0.7,0.85,0.85,0.674,0.25,0.002
510,1,0.95,0.638,0.85,0.788,0.7,0.612,0.4,0.364
511,1,1.0,1.0,1.0,0.726,0.55,0.55,0.55,0.726
512,,0.85,0.85,0.85,0.576,0.4,0.4,0.4,0.576
513,,0.7,0.7,0.7,0.426,0.25,0.25,0.25,0.426
514,,0.55,0.55,0.55,0.276,0.1,0.1,0.1,0.276
515,,0.4,0.4,0.4,0.126,-0.05,-0.05,-0.05,0.126
516,5,0.25,0.338,0.55,0.488,0.95,0.312,0.1,0.064
517,5,0.1,0.276,0.7,0.85,1.0,0.674,0.25,0.002
518,,-0.05,0.126,0.55,0.7,0.85,0.524,0.1,-0.148
519,8,0.312,0.276,0.488,0.55,0.788,0.674,0.462,0.852
520,8,0.674,0.426,0.426,0.4,0.726,0.824,0.824,1.0
521,,0.524,0.276,0.276,0.25,0.576,0.674,0.674,0.85
522,,0.374,0.126,0.126,0.1,0.426,0.524,0.524,0.7
523,,0.224,-0.024,-0.024,-0.05,0.276,0.374,0.374,0.55
524,4,0.162,0.126,0.338,0.95,0.638,0.524,0.312,0.4
525,4,0.1,0.276,0.7,1.0,1.0,0.674,0.25,0.25
526,,-0.05,0.126,0.55,0.85,0.85,0.524,0.1,0.1
527,1,0.95,0.488,0.7,0.788,0.7,0.462,0.25,0.462
528,1,1.0,0.85,0.85,0.726,0.55,0.4,0.4,0.824
529,,0.85,0.7,0.7,0.576,0.4,0.25,0.25,0.674
530,,0.7,0.55,0.55,0.426,0.25,0.1,0.1,0.524
531,,0.55,0.4,0.4,0.276,0.1,-0.05,-0.05,0.374
532,6,0.488,0.25,0.338,0.426,0.462,0.95,0.312,0.524
533,6,0.426,0.1,0.276,0.576,0.824,1.0,0.674,0.674
534,,0.276,-0.05,0.126,0.426,0.674,0.85,0.524,0.524
535,2,0.638,0.95,0.488,0.576,0.612,0.7,0.462,0.674
536,2,1.0,1.0,0.85,0.726,0.55,0.55,0.4,0.824
537,,0.85,0.85,0.7,0.576,0.4,0.4,0.25,0.674
538,,0.7,0.7,0.55,0.426,0.25,0.25,0.1,0.524
539,,0.55,0.55,0.4,0.276,0.1,0.1,-0.05,0.374
540,7,0.7,0.488,0.25,0.214,0.25,0.462,0.95,0.736
541,7,0.85,0.426,0.1,0.152,0.4,0.824,1.0,1.0
542,,0.7,0.276,-0.05,0.002,0.25,0.674,0.85,0.85
543,3,0.85,0.638,0.95,0.364,0.4,0.612,0.7,0.788
544,3,1.0,1.0,1.0,0.726,0.55,0.55,0.55,0.726
545,,0.85,0.85,0.85,0.576,0.4,0.4,0.4,0.576
546,,0.7,0.7,0.7,0.426,0.25,0.25,0.25,0.426
547,,0.55,0.55,0.55,0.276,0.1,0.1,0.1,0.276
548,,0.4,0.4,0.4,0.126,-0.05,-0.05,-0.05,0.126
549,5,0.25,0.338,0.55,0.488,0.95,0.312,0.1,0.064
550,5,0.1,0.276,0.7,0.85,1.0,0.674,0.25,0.002
551,,-0.05,0.126,0.55,0.7,0.85,0.524,0.1,-0.148
552,8,0.312,0.276,0.488,0.55,0.788,0.674,0.462,0.852
553,8,0.674,0.426,0.426,0.4,0.726,0.824,0.824,1.0
554,,0.524,0.276,0.276,0.25,0.576,0.674,0.674,0.85
555,,0.374,0.126,0.126,0.1,0.426,0.524,0.524,0.7
556,,0.224,-0.024,-0.024,-0.05,0.276,0.374,0.374,0.55
557,4,0.162,0.126,0.338,0.95,0.638,0.524,0.312,0.4
558,4,0.1,0.276,0.7,1.0,1.0,0.674,0.25,0.25
559,,-0.05,0.126,0.55,0.85,0.85,0.524,0.1,0.1
560,1,0.95,0.488,0.7,0.788,0.7,0.462,0.25,0.462
561,1,1.0,0.85,0.85,0.726,0.55,0.4,0.4,0.824
562,,0.85,0.7,0.7,0.576,0.4,0.25,0.25,0.674
563,,0.7,0.55,0.55,0.426,0.25,0.1,0.1,0.524
564,,0.55,0.4,0.4,0.276,0.1,-0.05,-0.05,0.374
565,6,0.488,0.25,0.338,0.426,0.462,0.95,0.312,0.524
566,6,0.426,0.1,0.276,0.576,0.824,1.0,0.674,0.674
567,,0.276,-0.05,0.126,0.426,0.674,0.85,0.524,0.524
568,2,0.638,0.95,0.488,0.576,0.612,0.7,0.462,0.674
569,2,1.0,1.0,0.85,0.726,0.55,0.55,0.4,0.824
570,,0.85,0.85,0.7,0.576,0.4,0.4,0.25,0.674
571,,0.7,0.7,0.55,0.426,0.25,0.25,0.1,0.524
572,,0.55,0.55,0.4,0.276,0.1,0.1,-0.05,0.374
573,7,0.7,0.488,0.25,0.214,0.25,0.462,0.95,0.736
574,7,0.85,0.426,0.1,0.152,0.4,0.824,1.0,1.0
575,,0.7,0.276,-0.05,0.002,0.25,0.674,0.85,0.85
576,3,0.85,0.638,0.95,0.364,0.4,0.612,0.7,0.788
577,3,1.0,1.0,1.0,0.726,0.55,0.55,0.55,0.726
578,,0.85,0.85,0.85,0.576,0.4,0.4,0.4,0.576
579,,0.7,0.7,0.7,0.426,0.25,0.25,0.25,0.426
580,,0.55,0.55,0.55,0.276,0.1,0.1,0.1,0.276
581,,0.4,0.4,0.4,0.126,-0.05,-0.05,-0.05,0.126
582,5,0.25,0.338,0.55,0.488,0.95,0.312,0.1,0.064
583,5,0.1,0.276,0.7,0.85,1.0,0.674,0.25,0.002
584,,-0.05,0.126,0.55,0.7,0.85,0.524,0.1,-0.148
585,8,0.312,0.276,0.488,0.55,0.788,0.674,0.462,0.852
586,8,0.674,0.426,0.426,0.4,0.726,0.824,0.824,1.0
587,,0.524,0.276,0.276,0.25,0.576,0.674,0.674,0.85
588,,0.374,0.126,0.126,0.1,0.426,0.524,0.524,0.7
589,,0.224,-0.024,-0.024,-0.05,0.276,0.374,0.374,0.55
590,4,0.162,0.126,0.338,0.95,0.638,0.524,0.312,0.4
591,4,0.1,0.276,0.7,1.0,1.0,0.674,0.25,0.25
592,,-0.05,0.126,0.55,0.85,0.85,0.524,0.1,0.1
593,1,0.95,0.488,0.7,0.788,0.7,0.462,0.25,0.462
594,1,1.0,0.85,0.85,0.726,0.55,0.4,0.4,0.824
595,,0.85,0.7,0.7,0.576,0.4,0.25,0.25,0.674
596,,0.7,0.55,0.55,0.426,0.25,0.1,0.1,0.524
597,,0.55,0.4,0.4,0.276,0.1,-0.05,-0.05,0.374
598,6,0.488,0.25,0.338,0.426,0.462,0.95,0.312,0.524
599,6,0.426,0.1,0.276,0.576,0.824,1.0,0.674,0.674
600,,0.276,-0.05,0.126,0.426,0.674,0.85,0.524,0.524
601,2,0.638,0.95,0.488,0.576,0.612,0.7,0.462,0.674
602,2,1.0,1.0,0.85,0.726,0.55,0.55,0.4,0.824
603,,0.85,0.85,0.7,0.576,0.4,0.4,0.25,0.674
604,,0.7,0.7,0.55,0.426,0.25,0.25,0.1,0.524
605,,0.55,0.55,0.4,0.276,0.1,0.1,-0.05,0.374
606,7,0.7,0.488,0.25,0.214,0.25,0.462,0.95,0.736
607,7,0.85,0.426,0.1,0.152,0.4,0.824,1.0,1.0
608,,0.7,0.276,-0.05,0.002,0.25,0.674,0.85,0.85
609,3,0.85,0.638,0.95,0.364,0.4,0.612,0.7,0.788
610,3,1.0,1.0,1.0,0.726,0.55,0.55,0.55,0.726
611,,0.85,0.85,0.85,0.576,0.4,0.4,0.4,0.576
612,,0.7,0.7,0.7,0.426,0.25,0.25,0.25,0.426
613,,0.55,0.55,0.55,0.276,0.1,0.1,0.1,0.276
614,,0.4,0.4,0.4,0.126,-0.05,-0.05,-0.05,0.126
615,7,0.55,0.338,0.25,0.064,0.1,0.312,0.95,0.488
616,7,0.7,0.276,0.1,0.002,0.25,0.674,1.0,0.85
617,,0.55,0.126,-0.05,-0.148,0.1,0.524,0.85,0.7
618,4,0.488,0.276,0.312,0.852,0.462,0.674,0.788,0.55
619,4,0.426,0.426,0.674,1.0,0.824,0.824,0.726,0.4
620,,0.276,0.276,0.524,0.85,0.674,0.674,0.576,0.25
621,,0.126,0.126,0.374,0.7,0.524,0.524,0.426,0.1
622,,-0.024,-0.024,0.224,0.55,0.374,0.374,0.276,-0.05
623,8,0.338,0.126,0.162,0.4,0.312,0.524,0.638,0.95
624,8,0.7,0.276,0.1,0.25,0.25,0.674,1.0,1.0
625,,0.55,0.126,-0.05,0.1,0.1,0.524,0.85,0.85
626,3,0.7,0.488,0.95,0.462,0.25,0.462,0.7,0.788
627,3,0.85,0.85,1.0,0.824,0.4,0.4,0.55,0.726
628,,0.7,0.7,0.85,0.674,0.25,0.25,0.4,0.576
629,,0.55,0.55,0.7,0.524,0.1,0.1,0.25,0.426
630,,0.4,0.4,0.55,0.374,-0.05,-0.05,0.1,0.276
631,5,0.25,0.338,0.7,0.736,0.95,0.312,0.25,0.214
632,5,0.1,0.276,0.85,1.0,1.0,0.674,0.4,0.152
633,,-0.05,0.126,0.7,0.85,0.85,0.524,0.25,0.002
634,1,0.95,0.488,0.85,0.788,0.7,0.462,0.4,0.364
635,1,1.0,0.85,1.0,0.726,0.55,0.4,0.55,0.726
636,,0.85,0.7,0.85,0.576,0.4,0.25,0.4,0.576
637,,0.7,0.55,0.7,0.426,0.25,0.1,0.25,0.426
638,,0.55,0.4,0.55,0.276,0.1,-0.05,0.1,0.276
639,6,0.488,0.25,0.488,0.426,0.462,0.95,0.462,0.426
640,6,0.426,0.1,0.426,0.576,0.824,1.0,0.824,0.576
641,,0.276,-0.05,0.276,0.426,0.674,0.85,0.674,0.426
642,2,0.638,0.95,0.638,0.576,0.612,0.7,0.612,0.576
643,2,1.0,1.0,1.0,0.726,0.55,0.55,0.55,0.726
644,,0.85,0.85,0.85,0.576,0.4,0.4,0.4,0.576
645,,0.7,0.7,0.7,0.426,0.25,0.25,0.25,0.426
646,,0.55,0.55,0.55,0.276,0.1,0.1,0.1,0.276
647,,0.4,0.4,0.4,0.126,-0.05,-0.05,-0.05,0.126
648,6,0.338,0.25,0.338,0.276,0.312,0.95,0.312,0.276
649,6,0.276,0.1,0.276,0.426,0.674,1.0,0.674,0.426
650,,0.126,-0.05,0.126,0.276,0.524,0.85,0.524,0.276
651,2,0.488,0.95,0.488,0.426,0.462,0.7,0.462,0.426
652,2,0.85,1.0,0.85,0.576,0.4,0.55,0.4,0.576
653,,0.7,0.85,0.7,0.426,0.25,0.4,0.25,0.426
654,,0.55,0.7,0.55,0.276,0.1,0.25,0.1,0.276
655,,0.4,0.55,0.4,0.126,-0.05,0.1,-0.05,0.126
656,5,0.25,0.488,0.55,0.488,0.95,0.462,0.1,0.064
657,5,0.1,0.426,0.7,0.85,1.0,0.824,0.25,0.002
658,,-0.05,0.276,0.55,0.7,0.85,0.674,0.1,-0.148
659,8,0.312,0.426,0.488,0.55,0.788,0.824,0.462,0.852
660,8,0.674,0.576,0.426,0.4,0.726,0.974,0.824,1.0
661,,0.524,0.426,0.276,0.25,0.576,0.824,0.674,0.85
662,,0.374,0.276,0.126,0.1,0.426,0.674,0.524,0.7
663,,0.224,0.126,-0.024,-0.05,0.276,0.524,0.374,0.55
664,4,0.162,0.276,0.338,0.95,0.638,0.674,0.312,0.4
665,4,0.1,0.426,0.7,1.0,1.0,0.824,0.25,0.25
666,,-0.05,0.276,0.55,0.85,0.85,0.674,0.1,0.1
667,1,0.95,0.638,0.7,0.788,0.7,0.612,0.25,0.462
668,1,1.0,1.0,0.85,0.726,0.55,0.55,0.4,0.824
669,,0.85,0.85,0.7,0.576,0.4,0.4,0.25,0.674
670,,0.7,0.7,0.55,0.426,0.25,0.25,0.1,0.524
671,,0.55,0.55,0.4,0.276,0.1,0.1,-0.05,0.374
672,7,0.7,0.488,0.25,0.214,0.25,0.462,0.95,0.736
673,7,0.85,0.426,0.1,0.152,0.4,0.824,1.0,1.0
674,,0.7,0.276,-0.05,0.002,0.25,0.674,0.85,0.85
675,3,0.85,0.638,0.95,0.364,0.4,0.612,0.7,0.788
676,3,1.0,1.0,1.0,0.726,0.55,0.55,0.55,0.726
677,,0.85,0.85,0.85,0.576,0.4,0.4,0.4,0.576
678,,0.7,0.7,0.7,0.426,0.25,0.25,0.25,0.426
679,,0.55,0.55,0.55,0.276,0.1,0.1,0.1,0.276
680,,0.4,0.4,0.4,0.126,-0.05,-0.05,-0.05,0.126
681,7,0.55,0.338,0.25,0.064,0.1,0.312,0.95,0.488
682,7,0.7,0.276,0.1,0.002,0.25,0.674,1.0,0.85
683,,0.55,0.126,-0.05,-0.148,0.1,0.524,0.85,0.7
684,4,0.488,0.276,0.312,0.852,0.462,0.674,0.788,0.55
685,4,0.426,0.426,0.674,1.0,0.824,0.824,0.726,0.4
686,,0.276,0.276,0.524,0.85,0.674,0.674,0.576,0.25
687,,0.126,0.126,0.374,0.7,0.524,0.524,0.426,0.1
688,,-0.024,-0.024,0.224,0.55,0.374,0.374,0.276,-0.05
689,8,0.338,0.126,0.162,0.4,0.312,0.524,0.638,0.95
690,8,0.7,0.276,0.1,0.25,0.25,0.674,1.0,1.0
691,,0.55,0.126,-0.05,0.1,0.1,0.524,0.85,0.85
692,3,0.7,0.488,0.95,0.462,0.25,0.462,0.7,0.788
693,3,0.85,0.85,1.0,0.824,0.4,0.4,0.55,0.726
694,,0.7,0.7,0.85,0.674,0.25,0.25,0.4,0.576
695,,0.55,0.55,0.7,0.524,0.1,0.1,0.25,0.426
696,,0.4,0.4,0.55,0.374,-0.05,-0.05,0.1,0.276
697,6,0.338,0.25,0.488,0.524,0.312,0.95,0.462,0.426
698,6,0.276,0.1,0.426,0.674,0.674,1.0,0.824,0.576
699,,0.126,-0.05,0.276,0.524,0.524,0.85,0.674,0.426
700,2,0.488,0.95,0.638,0.674,0.462,0.7,0.612,0.576
701,2,0.85,1.0,1.0,0.824,0.4,0.55,0.55,0.726
702,,0.7,0.85,0.85,0.674,0.25,0.4,0.4,0.576
703,,0.55,0.7,0.7,0.524,0.1,0.25,0.25,0.426
704,,0.4,0.55,0.55,0.374,-0.05,0.1,0.1,0.276
705,5,0.25,0.488,0.7,0.736,0.95,0.462,0.25,0.214
706,5,0.1,0.426,0.85,1.0,1.0,0.824,0.4,0.152
707,,-0.05,0.276,0.7,0.85,0.85,0.674,0.25,0.002
708,1,0.95,0.638,0.85,0.788,0.7,0.612,0.4,0.364
709,1,1.0,1.0,1.0,0.726,0.55,0.55,0.55,0.726
710,,0.85,0.85,0.85,0.576,0.4,0.4,0.4,0.576
711,,0.7,0.7,0.7,0.426,0.25,0.25,0.25,0.426
712,,0.55,0.55,0.55,0.276,0.1,0.1,0.1,0.276
713,,0.4,0.4,0.4,0.126,-0.05,-0.05,-0.05,0.126
714,7,0.55,0.338,0.25,0.064,0.1,0.312,0.95,0.488
715,7,0.7,0.276,0.1,0.002,0.25,0.674,1.0,0.85
716,,0.55,0.126,-0.05,-0.148,0.1,0.524,0.85,0.7
717,4,0.488,0.276,0.312,0.852,0.462,0.674,0.788,0.55
718,4,0.426,0.426,0.674,1.0,0.824,0.824,0.726,0.4
719,,0.276,0.276,0.524,0.85,0.674,0.674,0.576,0.25
720,,0.126,0.126,0.374,0.7,0.524,0.524,0.426,0.1
721,,-0.024,-0.024,0.224,0.55,0.374,0.374,0.276,-0.05
722,8,0.338,0.126,0.162,0.4,0.312,0.524,0.638,0.95
723,8,0.7,0.276,0.1,0.25,0.25,0.674,1.0,1.0
724,,0.55,0.126,-0.05,0.1,0.1,0.524,0.85,0.85
725,3,0.7,0.488,0.95,0.462,0.25,0.462,0.7,0.788
726,3,0.85,0.85,1.0,0.824,0.4,0.4,0.55,0.726
727,,0.7,0.7,0.85,0.674,0.25,0.25,0.4,0.576
728,,0.55,0.55,0.7,0.524,0.1,0.1,0.25,0.426
729,,0.4,0.4,0.55,0.374,-0.05,-0.05,0.1,0.276
730,5,0.25,0.338,0.7,0.736,0.95,0.312,0.25,0.214
731,5,0.1,0.276,0.85,1.0,1.0,0.674,0.4,0.152
732,,-0.05,0.126,0.7,0.85,0.85,0.524,0.25,0.002
733,1,0.95,0.488,0.85,0.788,0.7,0.462,0.4,0.364
734,1,1.0,0.85,1.0,0.726,0.55,0.4,0.55,0.726
735,,0.85,0.7,0.85,0.576,0.4,0.25,0.4,0.576
736,,0.7,0.55,0.7,0.426,0.25,0.1,0.25,0.426
737,,0.55,0.4,0.55,0.276,0.1,-0.05,0.1,0.276
738,6,0.488,0.25,0.488,0.426,0.462,0.95,0.462,0.426
739,6,0.426,0.1,0.426,0.576,0.824,1.0,0.824,0.576
740,,0.276,-0.05,0.276,0.426,0.674,0.85,0.674,0.426
741,2,0.638,0.95,0.638,0.576,0.612,0.7,0.612,0.576
742,2,1.0,1.0,1.0,0.726,0.55,0.55,0.55,0.726
743,,0.85,0.85,0.85,0.576,0.4,0.4,0.4,0.576
744,,0.7,0.7,0.7,0.426,0.25,0.25,0.25,0.426
745,,0.55,0.55,0.55,0.276,0.1,0.1,0.1,0.276
746,,0.4,0.4,0.4,0.126,-0.05,-0.05,-0.05,0.126
747,5,0.25,0.338,0.55,0.488,0.95,0.312,0.1,0.064
748,5,0.1,0.276,0.7,0.85,1.0,0.674,0.25,0.002
749,,-0.05,0.126,0.55,0.7,0.85,0.524,0.1,-0.148
750,8,0.312,0.276,0.488,0.55,0.788,0.674,0.462,0.852
751,8,0.674,0.426,0.426,0.4,0.726,0.824,0.824,1.0
752,,0.524,0.276,0.276,0.25,0.576,0.674,0.674,0.85
753,,0.374,0.126,0.126,0.1,0.426,0.524,0.524,0.7
754,,0.224,-0.024,-0.024,-0.05,0.276,0.374,0.374,0.55
755,4,0.162,0.126,0.338,0.95,0.638,0.524,0.312,0.4
756,4,0.1,0.276,0.7,1.0,1.0,0.674,0.25,0.25
757,,-0.05,0.126,0.55,0.85,0.85,0.524,0.1,0.1
758,1,0.95,0.488,0.7,0.788,0.7,0.462,0.25,0.462
759,1,1.0,0.85,0.85,0.726,0.55,0.4,0.4,0.824
760,,0.85,0.7,0.7,0.576,0.4,0.25,0.25,0.674
761,,0.7,0.55,0.55,0.426,0.25,0.1,0.1,0.524
762,,0.55,0.4,0.4,0.276,0.1,-0.05,-0.05,0.374
763,7,0.7,0.338,0.25,0.214,0.25,0.312,0.95,0.736
764,7,0.85,0.276,0.1,0.152,0.4,0.674,1.0,1.0
765,,0.7,0.126,-0.05,0.002,0.25,0.524,0.85,0.85
766,3,0.85,0.488,0.95,0.364,0.4,0.462,0.7,0.788
767,3,1.0,0.85,1.0,0.726,0.55,0.4,0.55,0.726
768,,0.85,0.7,0.85,0.576,0.4,0.25,0.4,0.576
769,,0.7,0.55,0.7,0.426,0.25,0.1,0.25,0.426
770,,0.55,0.4,0.55,0.276,0.1,-0.05,0.1,0.276
771,6,0.488,0.25,0.488,0.426,0.462,0.95,0.462,0.426
772,6,0.426,0.1,0.426,0.576,0.824,1.0,0.824,0.576
773,,0.276,-0.05,0.276,0.426,0.674,0.85,0.674,0.426
774,2,0.638,0.95,0.638,0.576,0.612,0.7,0.612,0.576
775,2,1.0,1.0,1.0,0.726,0.55,0.55,0.55,0.726
776,,0.85,0.85,0.85,0.576,0.4,0.4,0.4,0.576
777,,0.7,0.7,0.7,0.426,0.25,0.25,0.25,0.426
778,,0.55,0.55,0.55,0.276,0.1,0.1,0.1,0.276
779,,0.4,0.4,0.4,0.126,-0.05,-0.05,-0.05,0.126
780,6,0.338,0.25,0.338,0.276,0.312,0.95,0.312,0.276
781,6,0.276,0.1,0.276,0.426,0.674,1.0,0.674,0.426
782,,0.126,-0.05,0.126,0.276,0.524,0.85,0.524,0.276
783,2,0.488,0.95,0.488,0.426,0.462,0.7,0.462,0.426
784,2,0.85,1.0,0.85,0.576,0.4,0.55,0.4,0.576
785,,0.7,0.85,0.7,0.426,0.25,0.4,0.25,0.426
786,,0.55,0.7,0.55,0.276,0.1,0.25,0.1,0.276
787,,0.4,0.55,0.4,0.126,-0.05,0.1,-0.05,0.126
788,7,0.55,0.488,0.25,0.064,0.1,0.462,0.95,0.488
789,7,0.7,0.426,0.1,0.002,0.25,0.824,1.0,0.85
790,,0.55,0.276,-0.05,-0.148,0.1,0.674,0.85,0.7
791,4,0.488,0.426,0.312,0.852,0.462,0.824,0.788,0.55
792,4,0.426,0.576,0.674,1.0,0.824,0.974,0.726,0.4
793,,0.276,0.426,0.524,0.85,0.674,0.824,0.576,0.25
794,,0.126,0.276,0.374,0.7,0.524,0.674,0.426,0.1
795,,-0.024,0.126,0.224,0.55,0.374,0.524,0.276,-0.05
796,8,0.338,0.276,0.162,0.4,0.312,0.674,0.638,0.95
797,8,0.7,0.426,0.1,0.25,0.25,0.824,1.0,1.0
798,,0.55,0.276,-0.05,0.1,0.1,0.674,0.85,0.85
799,3,0.7,0.638,0.95,0.462,0.25,0.612,0.7,0.788
800,3,0.85,1.0,1.0,0.824,0.4,0.55,0.55,0.726
801,,0.7,0.85,0.85,0.674,0.25,0.4,0.4,0.576
802,,0.55,0.7,0.7,0.524,0.1,0.25,0.25,0.426
803,,0.4,0.55,0.55,0.374,-0.05,0.1,0.1,0.276
804,5,0.25,0.488,0.7,0.736,0.95,0.462,0.25,0.214
805,5,0.1,0.426,0.85,1.0,1.0,0.824,0.4,0.152
806,,-0.05,0.276,0.7,0.85,0.85,0.674,0.25,0.002
807,1,0.95,0.638,0.85,0.788,0.7,0.612,0.4,0.364
808,1,1.0,1.0,1.0,0.726,0.55,0.55,0.55,0.726
809,,0.85,0.85,0.85,0.576,0.4,0.4,0.4,0.576
810,,0.7,0.7,0.7,0.426,0.25,0.25,0.25,0.426
811,,0.55,0.55,0.55,0.276,0.1,0.1,0.1,0.276
812,,0.4,0.4,0.4,0.126,-0.05,-0.05,-0.05,0.126
813,5,0.25,0.338,0.55,0.488,0.95,0.312,0.1,0.064
814,5,0.1,0.276,0.7,0.85,1.0,0.674,0.25,0.002
815,,-0.05,0.126,0.55,0.7,0.85,0.524,0.1,-0.148
816,8,0.312,0.276,0.488,0.55,0.788,0.674,0.462,0.852
817,8,0.674,0.426,0.426,0.4,0.726,0.824,0.824,1.0
818,,0.524,0.276,0.276,0.25,0.576,0.674,0.674,0.85
819,,0.374,0.126,0.126,0.1,0.426,0.524,0.524,0.7
820,,0.224,-0.024,-0.024,-0.05,0.276,0.374,0.374,0.55
821,4,0.162,0.126,0.338,0.95,0.638,0.524,0.312,0.4
822,4,0.1,0.276,0.7,1.0,1.0,0.674,0.25,0.25
823,,-0.05,0.126,0.55,0.85,0.85,0.524,0.1,0.1
824,1,0.95,0.488,0.7,0.788,0.7,0.462,0.25,0.462
825,1,1.0,0.85,0.85,0.726,0.55,0.4,0.4,0.824
826,,0.85,0.7,0.7,0.576,0.4,0.25,0.25,0.674
827,,0.7,0.55,0.55,0.426,0.25,0.1,0.1,0.524
828,,0.55,0.4,0.4,0.276,0.1,-0.05,-0.05,0.374
829,7,0.7,0.338,0.25,0.214,0.25,0.312,0.95,0.736
830,7,0.85,0.276,0.1,0.152,0.4,0.674,1.0,1.0
831,,0.7,0.126,-0.05,0.002,0.25,0.524,0.85,0.85
832,3,0.85,0.488,0.95,0.364,0.4,0.462,0.7,0.788
833,3,1.0,0.85,1.0,0.726,0.55,0.4,0.55,0.726
834,,0.85,0.7,0.85,0.576,0.4,0.25,0.4,0.576
835,,0.7,0.55,0.7,0.426,0.25,0.1,0.25,0.426
