step,active_motive,motive_1,motive_2,motive_3,motive_4,motive_5,motive_6,motive_7,motive_8
0,,0.40105,0.48895,0.278,0.16134,0.0217,0.46232,0.45956,0.1265
1,,0.25105,0.33895,0.128,0.01134,-0.1283,0.31232,0.30956,-0.0235
2,5,0.10105,0.27695,0.278,0.37334,0.8717,0.67432,0.45956,-0.0855
3,5,-0.04895,0.21495,0.428,0.73534,1.0,1.0,0.60956,-0.1475
4,8,0.31305,0.36495,0.366,0.58534,0.938,1.0,0.97156,0.8525
5,8,0.67505,0.51495,0.304,0.43534,0.876,1.0,1.0,1.0
6,,0.52505,0.36495,0.154,0.28534,0.726,0.85,0.85,0.85
7,,0.37505,0.21495,0.004,0.13534,0.576,0.7,0.7,0.7
8,,0.22505,0.06495,-0.146,-0.01466,0.426,0.55,0.55,0.55
9,3,0.37505,0.42695,0.854,0.34734,0.576,0.488,0.4,0.488
10,3,0.52505,0.78895,1.0,0.70934,0.726,0.426,0.25,0.426
11,,0.37505,0.63895,0.85,0.55934,0.576,0.276,0.1,0.276
12,,0.22505,0.48895,0.7,0.40934,0.426,0.126,-0.05,0.126
13,7,0.37505,0.42695,0.55,0.34734,0.576,0.488,0.95,0.488
14,7,0.52505,0.36495,0.4,0.28534,0.726,0.85,1.0,0.85
15,,0.37505,0.21495,0.25,0.13534,0.576,0.7,0.85,0.7
16,,0.22505,0.06495,0.1,-0.01466,0.426,0.55,0.7,0.55
17,4,0.16305,0.21495,0.462,0.98534,0.788,0.7,0.638,0.4
18,4,0.10105,0.36495,0.824,1.0,1.0,0.85,0.576,0.25
19,,-0.04895,0.21495,0.674,0.85,0.85,0.7,0.426,0.1
20,1,0.95105,0.57695,0.824,0.788,0.7,0.638,0.576,0.462
21,1,1.0,0.93895,0.974,0.726,0.55,0.576,0.726,0.824
22,,0.85,0.78895,0.824,0.576,0.4,0.426,0.576,0.674
23,,0.7,0.63895,0.674,0.426,0.25,0.276,0.426,0.524
24,,0.55,0.48895,0.524,0.276,0.1,0.126,0.276,0.374
25,,0.4,0.33895,0.374,0.126,-0.05,-0.024,0.126,0.224
26,5,0.25,0.27695,0.524,0.488,0.95,0.338,0.276,0.162
27,5,0.1,0.21495,0.674,0.85,1.0,0.7,0.426,0.1
28,,-0.05,0.06495,0.524,0.7,0.85,0.55,0.276,-0.05
29,1,0.95,0.42695,0.674,0.638,0.7,0.488,0.426,0.312
30,1,1.0,0.78895,0.824,0.576,0.55,0.426,0.576,0.674
31,,0.85,0.63895,0.674,0.426,0.4,0.276,0.426,0.524
32,,0.7,0.48895,0.524,0.276,0.25,0.126,0.276,0.374
33,,0.55,0.33895,0.374,0.126,0.1,-0.024,0.126,0.224
34,6,0.488,0.18895,0.312,0.276,0.462,0.976,0.488,0.374
35,6,0.426,0.03895,0.25,0.426,0.824,1.0,0.85,0.524
36,,0.276,-0.11105,0.1,0.276,0.674,0.85,0.7,0.374
37,2,0.638,0.88895,0.462,0.426,0.612,0.7,0.638,0.524
38,2,1.0,1.0,0.824,0.576,0.55,0.55,0.576,0.674
39,,0.85,0.85,0.674,0.426,0.4,0.4,0.426,0.524
40,,0.7,0.7,0.524,0.276,0.25,0.25,0.276,0.374
41,,0.55,0.55,0.374,0.126,0.1,0.1,0.126,0.224
42,,0.4,0.4,0.224,-0.024,-0.05,-0.05,-0.024,0.074
43,6,0.338,0.25,0.162,0.126,0.312,0.95,0.338,0.224
44,6,0.276,0.1,0.1,0.276,0.674,1.0,0.7,0.374
45,,0.126,-0.05,-0.05,0.126,0.524,0.85,0.55,0.224
46,2,0.488,0.95,0.312,0.276,0.462,0.7,0.488,0.374
47,2,0.85,1.0,0.674,0.426,0.4,0.55,0.426,0.524
48,,0.7,0.85,0.524,0.276,0.25,0.4,0.276,0.374
49,,0.55,0.7,0.374,0.126,0.1,0.25,0.126,0.224
50,,0.4,0.55,0.224,-0.024,-0.05,0.1,-0.024,0.074
51,5,0.25,0.488,0.374,0.338,0.95,0.462,0.126,0.012
52,5,0.1,0.426,0.524,0.7,1.0,0.824,0.276,-0.05
53,8,0.462,0.576,0.462,0.55,0.938,0.974,0.638,0.95
54,8,0.824,0.726,0.4,0.4,0.876,1.0,1.0,1.0
55,,0.674,0.576,0.25,0.25,0.726,0.85,0.85,0.85
56,,0.524,0.426,0.1,0.1,0.576,0.7,0.7,0.7
57,,0.374,0.276,-0.05,-0.05,0.426,0.55,0.55,0.55
58,4,0.312,0.426,0.312,0.95,0.788,0.7,0.488,0.4
59,4,0.25,0.576,0.674,1.0,1.0,0.85,0.426,0.25
60,,0.1,0.426,0.524,0.85,0.85,0.7,0.276,0.1
61,,-0.05,0.276,0.374,0.7,0.7,0.55,0.126,-0.05
62,1,0.95,0.638,0.524,0.638,0.55,0.488,0.276,0.312
63,1,1.0,1.0,0.674,0.576,0.4,0.426,0.426,0.674
64,,0.85,0.85,0.524,0.426,0.25,0.276,0.276,0.524
65,,0.7,0.7,0.374,0.276,0.1,0.126,0.126,0.374
66,,0.55,0.55,0.224,0.126,-0.05,-0.024,-0.024,0.224
67,5,0.4,0.488,0.374,0.488,0.95,0.338,0.126,0.162
68,5,0.25,0.426,0.524,0.85,1.0,0.7,0.276,0.1
69,,0.1,0.276,0.374,0.7,0.85,0.55,0.126,-0.05
70,8,0.462,0.426,0.312,0.55,0.788,0.7,0.488,0.95
71,8,0.824,0.576,0.25,0.4,0.726,0.85,0.85,1.0
72,,0.674,0.426,0.1,0.25,0.576,0.7,0.7,0.85
73,,0.524,0.276,-0.05,0.1,0.426,0.55,0.55,0.7
74,3,0.674,0.638,0.95,0.462,0.576,0.488,0.4,0.638
75,3,0.824,1.0,1.0,0.824,0.726,0.426,0.25,0.576
76,,0.674,0.85,0.85,0.674,0.576,0.276,0.1,0.426
77,,0.524,0.7,0.7,0.524,0.426,0.126,-0.05,0.276
78,7,0.674,0.638,0.55,0.462,0.576,0.488,0.95,0.638
79,7,0.824,0.576,0.4,0.4,0.726,0.85,1.0,1.0
80,,0.674,0.426,0.25,0.25,0.576,0.7,0.85,0.85
81,,0.524,0.276,0.1,0.1,0.426,0.55,0.7,0.7
82,,0.374,0.126,-0.05,-0.05,0.276,0.4,0.55,0.55
83,3,0.524,0.488,0.95,0.312,0.426,0.338,0.4,0.488
84,3,0.674,0.85,1.0,0.674,0.576,0.276,0.25,0.426
85,,0.524,0.7,0.85,0.524,0.426,0.126,0.1,0.276
86,,0.374,0.55,0.7,0.374,0.276,-0.024,-0.05,0.126
87,7,0.524,0.488,0.55,0.312,0.426,0.338,0.95,0.488
88,7,0.674,0.426,0.4,0.25,0.576,0.7,1.0,0.85
89,,0.524,0.276,0.25,0.1,0.426,0.55,0.85,0.7
90,,0.374,0.126,0.1,-0.05,0.276,0.4,0.7,0.55
91,4,0.312,0.276,0.462,0.95,0.638,0.55,0.638,0.4
92,4,0.25,0.426,0.824,1.0,1.0,0.7,0.576,0.25
93,,0.1,0.276,0.674,0.85,0.85,0.55,0.426,0.1
94,,-0.05,0.126,0.524,0.7,0.7,0.4,0.276,-0.05
95,1,0.95,0.488,0.674,0.638,0.55,0.338,0.426,0.312
96,1,1.0,0.85,0.824,0.576,0.4,0.276,0.576,0.674
97,,0.85,0.7,0.674,0.426,0.25,0.126,0.426,0.524
98,,0.7,0.55,0.524,0.276,0.1,-0.024,0.276,0.374
99,6,0.638,0.4,0.462,0.426,0.462,0.976,0.638,0.524
100,6,0.576,0.25,0.4,0.576,0.824,1.0,1.0,0.674
101,,0.426,0.1,0.25,0.426,0.674,0.85,0.85,0.524
102,,0.276,-0.05,0.1,0.276,0.524,0.7,0.7,0.374
103,2,0.638,0.95,0.462,0.426,0.462,0.55,0.638,0.524
104,2,1.0,1.0,0.824,0.576,0.4,0.4,0.576,0.674
105,,0.85,0.85,0.674,0.426,0.25,0.25,0.426,0.524
106,,0.7,0.7,0.524,0.276,0.1,0.1,0.276,0.374
107,,0.55,0.55,0.374,0.126,-0.05,-0.05,0.126,0.224
108,6,0.488,0.4,0.312,0.276,0.312,0.95,0.488,0.374
109,6,0.426,0.25,0.25,0.426,0.674,1.0,0.85,0.524
110,,0.276,0.1,0.1,0.276,0.524,0.85,0.7,0.374
111,,0.126,-0.05,-0.05,0.126,0.374,0.7,0.55,0.224
112,2,0.488,0.95,0.312,0.276,0.312,0.55,0.488,0.374
113,2,0.85,1.0,0.674,0.426,0.25,0.4,0.426,0.524
114,,0.7,0.85,0.524,0.276,0.1,0.25,0.276,0.374
115,,0.55,0.7,0.374,0.126,-0.05,0.1,0.126,0.224
116,5,0.4,0.638,0.524,0.488,0.95,0.462,0.276,0.162
117,5,0.25,0.576,0.674,0.85,1.0,0.824,0.426,0.1
118,,0.1,0.426,0.524,0.7,0.85,0.674,0.276,-0.05
119,8,0.462,0.576,0.462,0.55,0.788,0.824,0.638,0.95
120,8,0.824,0.726,0.4,0.4,0.726,0.974,1.0,1.0
121,,0.674,0.576,0.25,0.25,0.576,0.824,0.85,0.85
122,,0.524,0.426,0.1,0.1,0.426,0.674,0.7,0.7
123,,0.374,0.276,-0.05,-0.05,0.276,0.524,0.55,0.55
124,3,0.524,0.638,0.95,0.312,0.426,0.462,0.4,0.488
125,3,0.674,1.0,1.0,0.674,0.576,0.4,0.25,0.426
126,,0.524,0.85,0.85,0.524,0.426,0.25,0.1,0.276
127,,0.374,0.7,0.7,0.374,0.276,0.1,-0.05,0.126
128,7,0.524,0.638,0.55,0.312,0.426,0.462,0.95,0.488
129,7,0.674,0.576,0.4,0.25,0.576,0.824,1.0,0.85
130,,0.524,0.426,0.25,0.1,0.426,0.674,0.85,0.7
131,,0.374,0.276,0.1,-0.05,0.276,0.524,0.7,0.55
132,4,0.312,0.426,0.462,0.95,0.638,0.674,0.638,0.4
133,4,0.25,0.576,0.824,1.0,1.0,0.824,0.576,0.25
134,,0.1,0.426,0.674,0.85,0.85,0.674,0.426,0.1
135,,-0.05,0.276,0.524,0.7,0.7,0.524,0.276,-0.05
136,1,0.95,0.638,0.674,0.638,0.55,0.462,0.426,0.312
137,1,1.0,1.0,0.824,0.576,0.4,0.4,0.576,0.674
138,,0.85,0.85,0.674,0.426,0.25,0.25,0.426,0.524
139,,0.7,0.7,0.524,0.276,0.1,0.1,0.276,0.374
140,,0.55,0.55,0.374,0.126,-0.05,-0.05,0.126,0.224
141,5,0.4,0.488,0.524,0.488,0.95,0.312,0.276,0.162
142,5,0.25,0.426,0.674,0.85,1.0,0.674,0.426,0.1
143,,0.1,0.276,0.524,0.7,0.85,0.524,0.276,-0.05
144,8,0.462,0.426,0.462,0.55,0.788,0.674,0.638,0.95
145,8,0.824,0.576,0.4,0.4,0.726,0.824,1.0,1.0
146,,0.674,0.426,0.25,0.25,0.576,0.674,0.85,0.85
147,,0.524,0.276,0.1,0.1,0.426,0.524,0.7,0.7
148,,0.374,0.126,-0.05,-0.05,0.276,0.374,0.55,0.55
149,4,0.312,0.276,0.312,0.95,0.638,0.524,0.488,0.4
150,4,0.25,0.426,0.674,1.0,1.0,0.674,0.426,0.25
151,,0.1,0.276,0.524,0.85,0.85,0.524,0.276,0.1
152,,-0.05,0.126,0.374,0.7,0.7,0.374,0.126,-0.05
153,8,0.312,0.276,0.312,0.55,0.638,0.524,0.488,0.95
154,8,0.674,0.426,0.25,0.4,0.576,0.674,0.85,1.0
155,,0.524,0.276,0.1,0.25,0.426,0.524,0.7,0.85
156,,0.374,0.126,-0.05,0.1,0.276,0.374,0.55,0.7
157,3,0.524,0.488,0.95,0.462,0.426,0.312,0.4,0.638
158,3,0.674,0.85,1.0,0.824,0.576,0.25,0.25,0.576
159,,0.524,0.7,0.85,0.674,0.426,0.1,0.1,0.426
160,,0.374,0.55,0.7,0.524,0.276,-0.05,-0.05,0.276
161,6,0.312,0.4,0.638,0.674,0.638,0.95,0.312,0.426
162,6,0.25,0.25,0.576,0.824,1.0,1.0,0.674,0.576
163,,0.1,0.1,0.426,0.674,0.85,0.85,0.524,0.426
164,,-0.05,-0.05,0.276,0.524,0.7,0.7,0.374,0.276
165,2,0.312,0.95,0.638,0.674,0.638,0.55,0.312,0.426
166,2,0.674,1.0,1.0,0.824,0.576,0.4,0.25,0.576
167,,0.524,0.85,0.85,0.674,0.426,0.25,0.1,0.426
168,,0.374,0.7,0.7,0.524,0.276,0.1,-0.05,0.276
169,7,0.524,0.638,0.55,0.462,0.426,0.462,0.95,0.638
170,7,0.674,0.576,0.4,0.4,0.576,0.824,1.0,1.0
171,,0.524,0.426,0.25,0.25,0.426,0.674,0.85,0.85
172,,0.374,0.276,0.1,0.1,0.276,0.524,0.7,0.7
173,,0.224,0.126,-0.05,-0.05,0.126,0.374,0.55,0.55
174,3,0.374,0.488,0.95,0.312,0.276,0.312,0.4,0.488
175,3,0.524,0.85,1.0,0.674,0.426,0.25,0.25,0.426
176,,0.374,0.7,0.85,0.524,0.276,0.1,0.1,0.276
177,,0.224,0.55,0.7,0.374,0.126,-0.05,-0.05,0.126
178,6,0.162,0.4,0.638,0.524,0.488,0.95,0.312,0.276
179,6,0.1,0.25,0.576,0.674,0.85,1.0,0.674,0.426
180,,-0.05,0.1,0.426,0.524,0.7,0.85,0.524,0.276
181,1,0.95,0.462,0.576,0.462,0.55,0.788,0.674,0.638
182,1,1.0,0.824,0.726,0.4,0.4,0.726,0.824,1.0
183,,0.85,0.674,0.576,0.25,0.25,0.576,0.674,0.85
184,,0.7,0.524,0.426,0.1,0.1,0.426,0.524,0.7
185,,0.55,0.374,0.276,-0.05,-0.05,0.276,0.374,0.55
186,4,0.488,0.524,0.638,0.95,0.312,0.426,0.312,0.4
187,4,0.426,0.674,1.0,1.0,0.674,0.576,0.25,0.25
188,,0.276,0.524,0.85,0.85,0.524,0.426,0.1,0.1
189,,0.126,0.374,0.7,0.7,0.374,0.276,-0.05,-0.05
190,8,0.488,0.524,0.638,0.55,0.312,0.426,0.312,0.95
191,8,0.85,0.674,0.576,0.4,0.25,0.576,0.674,1.0
192,,0.7,0.524,0.426,0.25,0.1,0.426,0.524,0.85
193,,0.55,0.374,0.276,0.1,-0.05,0.276,0.374,0.7
194,5,0.4,0.312,0.426,0.462,0.95,0.638,0.524,0.638
195,5,0.25,0.25,0.576,0.824,1.0,1.0,0.674,0.576
196,,0.1,0.1,0.426,0.674,0.85,0.85,0.524,0.426
197,,-0.05,-0.05,0.276,0.524,0.7,0.7,0.374,0.276
198,2,0.312,0.95,0.638,0.674,0.638,0.55,0.312,0.426
199,2,0.674,1.0,1.0,0.824,0.576,0.4,0.25,0.576
200,,0.524,0.85,0.85,0.674,0.426,0.25,0.1,0.426
201,,0.374,0.7,0.7,0.524,0.276,0.1,-0.05,0.276
202,7,0.524,0.638,0.55,0.462,0.426,0.462,0.95,0.638
203,7,0.674,0.576,0.4,0.4,0.576,0.824,1.0,1.0
204,,0.524,0.426,0.25,0.25,0.426,0.674,0.85,0.85
205,,0.374,0.276,0.1,0.1,0.276,0.524,0.7,0.7
206,,0.224,0.126,-0.05,-0.05,0.126,0.374,0.55,0.55
207,4,0.162,0.276,0.312,0.95,0.488,0.524,0.488,0.4
208,4,0.1,0.426,0.674,1.0,0.85,0.674,0.426,0.25
209,,-0.05,0.276,0.524,0.85,0.7,0.524,0.276,0.1
210,1,0.95,0.638,0.674,0.788,0.55,0.462,0.426,0.462
211,1,1.0,1.0,0.824,0.726,0.4,0.4,0.576,0.824
212,,0.85,0.85,0.674,0.576,0.25,0.25,0.426,0.674
213,,0.7,0.7,0.524,0.426,0.1,0.1,0.276,0.524
214,,0.55,0.55,0.374,0.276,-0.05,-0.05,0.126,0.374
215,6,0.488,0.4,0.312,0.426,0.312,0.95,0.488,0.524
216,6,0.426,0.25,0.25,0.576,0.674,1.0,0.85,0.674
217,,0.276,0.1,0.1,0.426,0.524,0.85,0.7,0.524
218,,0.126,-0.05,-0.05,0.276,0.374,0.7,0.55,0.374
219,3,0.276,0.312,0.95,0.638,0.524,0.638,0.4,0.312
220,3,0.426,0.674,1.0,1.0,0.674,0.576,0.25,0.25
221,,0.276,0.524,0.85,0.85,0.524,0.426,0.1,0.1
222,,0.126,0.374,0.7,0.7,0.374,0.276,-0.05,-0.05
223,8,0.488,0.524,0.638,0.55,0.312,0.426,0.312,0.95
224,8,0.85,0.674,0.576,0.4,0.25,0.576,0.674,1.0
225,,0.7,0.524,0.426,0.25,0.1,0.426,0.524,0.85
226,,0.55,0.374,0.276,0.1,-0.05,0.276,0.374,0.7
227,5,0.4,0.312,0.426,0.462,0.95,0.638,0.524,0.638
228,5,0.25,0.25,0.576,0.824,1.0,1.0,0.674,0.576
229,,0.1,0.1,0.426,0.674,0.85,0.85,0.524,0.426
230,,-0.05,-0.05,0.276,0.524,0.7,0.7,0.374,0.276
231,2,0.312,0.95,0.638,0.674,0.638,0.55,0.312,0.426
232,2,0.674,1.0,1.0,0.824,0.576,0.4,0.25,0.576
233,,0.524,0.85,0.85,0.674,0.426,0.25,0.1,0.426
234,,0.374,0.7,0.7,0.524,0.276,0.1,-0.05,0.276
235,7,0.524,0.638,0.55,0.462,0.426,0.462,0.95,0.638
236,7,0.674,0.576,0.4,0.4,0.576,0.824,1.0,1.0
237,,0.524,0.426,0.25,0.25,0.426,0.674,0.85,0.85
238,,0.374,0.276,0.1,0.1,0.276,0.524,0.7,0.7
239,,0.224,0.126,-0.05,-0.05,0.126,0.374,0.55,0.55
240,4,0.162,0.276,0.312,0.95,0.488,0.524,0.488,0.4
241,4,0.1,0.426,0.674,1.0,0.85,0.674,0.426,0.25
242,,-0.05,0.276,0.524,0.85,0.7,0.524,0.276,0.1
243,1,0.95,0.638,0.674,0.788,0.55,0.462,0.426,0.462
244,1,1.0,1.0,0.824,0.726,0.4,0.4,0.576,0.824
245,,0.85,0.85,0.674,0.576,0.25,0.25,0.426,0.674
246,,0.7,0.7,0.524,0.426,0.1,0.1,0.276,0.524
247,,0.55,0.55,0.374,0.276,-0.05,-0.05,0.126,0.374
248,6,0.488,0.4,0.312,0.426,0.312,0.95,0.488,0.524
249,6,0.426,0.25,0.25,0.576,0.674,1.0,0.85,0.674
250,,0.276,0.1,0.1,0.426,0.524,0.85,0.7,0.524
251,,0.126,-0.05,-0.05,0.276,0.374,0.7,0.55,0.374
252,2,0.488,0.95,0.312,0.426,0.312,0.55,0.488,0.524
253,2,0.85,1.0,0.674,0.576,0.25,0.4,0.426,0.674
254,,0.7,0.85,0.524,0.426,0.1,0.25,0.276,0.524
255,,0.55,0.7,0.374,0.276,-0.05,0.1,0.126,0.374
256,5,0.4,0.638,0.524,0.638,0.95,0.462,0.276,0.312
257,5,0.25,0.576,0.674,1.0,1.0,0.824,0.426,0.25
258,,0.1,0.426,0.524,0.85,0.85,0.674,0.276,0.1
259,,-0.05,0.276,0.374,0.7,0.7,0.524,0.126,-0.05
260,8,0.312,0.426,0.312,0.55,0.638,0.674,0.488,0.95
261,8,0.674,0.576,0.25,0.4,0.576,0.824,0.85,1.0
262,,0.524,0.426,0.1,0.25,0.426,0.674,0.7,0.85
263,,0.374,0.276,-0.05,0.1,0.276,0.524,0.55,0.7
264,3,0.524,0.638,0.95,0.462,0.426,0.462,0.4,0.638
265,3,0.674,1.0,1.0,0.824,0.576,0.4,0.25,0.576
266,,0.524,0.85,0.85,0.674,0.426,0.25,0.1,0.426
267,,0.374,0.7,0.7,0.524,0.276,0.1,-0.05,0.276
268,7,0.524,0.638,0.55,0.462,0.426,0.462,0.95,0.638
269,7,0.674,0.576,0.4,0.4,0.576,0.824,1.0,1.0
270,,0.524,0.426,0.25,0.25,0.426,0.674,0.85,0.85
271,,0.374,0.276,0.1,0.1,0.276,0.524,0.7,0.7
272,,0.224,0.126,-0.05,-0.05,0.126,0.374,0.55,0.55
273,4,0.162,0.276,0.312,0.95,0.488,0.524,0.488,0.4
274,4,0.1,0.426,0.674,1.0,0.85,0.674,0.426,0.25
275,,-0.05,0.276,0.524,0.85,0.7,0.524,0.276,0.1
276,1,0.95,0.638,0.674,0.788,0.55,0.462,0.426,0.462
277,1,1.0,1.0,0.824,0.726,0.4,0.4,0.576,0.824
278,,0.85,0.85,0.674,0.576,0.25,0.25,0.426,0.674
279,,0.7,0.7,0.524,0.426,0.1,0.1,0.276,0.524
280,,0.55,0.55,0.374,0.276,-0.05,-0.05,0.126,0.374
281,6,0.488,0.4,0.312,0.426,0.312,0.95,0.488,0.524
282,6,0.426,0.25,0.25,0.576,0.674,1.0,0.85,0.674
283,,0.276,0.1,0.1,0.426,0.524,0.85,0.7,0.524
284,,0.126,-0.05,-0.05,0.276,0.374,0.7,0.55,0.374
285,3,0.276,0.312,0.95,0.638,0.524,0.638,0.4,0.312
286,3,0.426,0.674,1.0,1.0,0.674,0.576,0.25,0.25
287,,0.276,0.524,0.85,0.85,0.524,0.426,0.1,0.1
288,,0.126,0.374,0.7,0.7,0.374,0.276,-0.05,-0.05
289,8,0.488,0.524,0.638,0.55,0.312,0.426,0.312,0.95
290,8,0.85,0.674,0.576,0.4,0.25,0.576,0.674,1.0
291,,0.7,0.524,0.426,0.25,0.1,0.426,0.524,0.85
292,,0.55,0.374,0.276,0.1,-0.05,0.276,0.374,0.7
293,5,0.4,0.312,0.426,0.462,0.95,0.638,0.524,0.638
294,5,0.25,0.25,0.576,0.824,1.0,1.0,0.674,0.576
295,,0.1,0.1,0.426,0.674,0.85,0.85,0.524,0.426
296,,-0.05,-0.05,0.276,0.524,0.7,0.7,0.374,0.276
297,2,0.312,0.95,0.638,0.674,0.638,0.55,0.312,0.426
298,2,0.674,1.0,1.0,0.824,0.576,0.4,0.25,0.576
299,,0.524,0.85,0.85,0.674,0.426,0.25,0.1,0.426
300,,0.374,0.7,0.7,0.524,0.276,0.1,-0.05,0.276
301,7,0.524,0.638,0.55,0.462,0.426,0.462,0.95,0.638
302,7,0.674,0.576,0.4,0.4,0.576,0.824,1.0,1.0
303,,0.524,0.426,0.25,0.25,0.426,0.674,0.85,0.85
304,,0.374,0.276,0.1,0.1,0.276,0.524,0.7,0.7
305,,0.224,0.126,-0.05,-0.05,0.126,0.374,0.55,0.55
306,4,0.162,0.276,0.312,0.95,0.488,0.524,0.488,0.4
307,4,0.1,0.426,0.674,1.0,0.85,0.674,0.426,0.25
308,,-0.05,0.276,0.524,0.85,0.7,0.524,0.276,0.1
309,1,0.95,0.638,0.674,0.788,0.55,0.462,0.426,0.462
310,1,1.0,1.0,0.824,0.726,0.4,0.4,0.576,0.824
311,,0.85,0.85,0.674,0.576,0.25,0.25,0.426,0.674
312,,0.7,0.7,0.524,0.426,0.1,0.1,0.276,0.524
313,,0.55,0.55,0.374,0.276,-0.05,-0.05,0.126,0.374
314,6,0.488,0.4,0.312,0.426,0.312,0.95,0.488,0.524
315,6,0.426,0.25,0.25,0.576,0.674,1.0,0.85,0.674
316,,0.276,0.1,0.1,0.426,0.524,0.85,0.7,0.524
317,,0.126,-0.05,-0.05,0.276,0.374,0.7,0.55,0.374
318,3,0.276,0.312,0.95,0.638,0.524,0.638,0.4,0.312
319,3,0.426,0.674,1.0,1.0,0.674,0.576,0.25,0.25
320,,0.276,0.524,0.85,0.85,0.524,0.426,0.1,0.1
321,,0.126,0.374,0.7,0.7,0.374,0.276,-0.05,-0.05
322,8,0.488,0.524,0.638,0.55,0.312,0.426,0.312,0.95
323,8,0.85,0.674,0.576,0.4,0.25,0.576,0.674,1.0
324,,0.7,0.524,0.426,0.25,0.1,0.426,0.524,0.85
325,,0.55,0.374,0.276,0.1,-0.05,0.276,0.374,0.7
326,5,0.4,0.312,0.426,0.462,0.95,0.638,0.524,0.638
327,5,0.25,0.25,0.576,0.824,1.0,1.0,0.674,0.576
328,,0.1,0.1,0.426,0.674,0.85,0.85,0.524,0.426
329,,-0.05,-0.05,0.276,0.524,0.7,0.7,0.374,0.276
330,2,0.312,0.95,0.638,0.674,0.638,0.55,0.312,0.426
331,2,0.674,1.0,1.0,0.824,0.576,0.4,0.25,0.576
332,,0.524,0.85,0.85,0.674,0.426,0.25,0.1,0.426
333,,0.374,0.7,0.7,0.524,0.276,0.1,-0.05,0.276
334,7,0.524,0.638,0.55,0.462,0.426,0.462,0.95,0.638
335,7,0.674,0.576,0.4,0.4,0.576,0.824,1.0,1.0
336,,0.524,0.426,0.25,0.25,0.426,0.674,0.85,0.85
337,,0.374,0.276,0.1,0.1,0.276,0.524,0.7,0.7
338,,0.224,0.126,-0.05,-0.05,0.126,0.374,0.55,0.55
339,3,0.374,0.488,0.95,0.312,0.276,0.312,0.4,0.488
340,3,0.524,0.85,1.0,0.674,0.426,0.25,0.25,0.426
341,,0.374,0.7,0.85,0.524,0.276,0.1,0.1,0.276
342,,0.224,0.55,0.7,0.374,0.126,-0.05,-0.05,0.126
343,6,0.162,0.4,0.638,0.524,0.488,0.95,0.312,0.276
344,6,0.1,0.25,0.576,0.674,0.85,1.0,0.674,0.426
345,,-0.05,0.1,0.426,0.524,0.7,0.85,0.524,0.276
346,1,0.95,0.462,0.576,0.462,0.55,0.788,0.674,0.638
347,1,1.0,0.824,0.726,0.4,0.4,0.726,0.824,1.0
348,,0.85,0.674,0.576,0.25,0.25,0.576,0.674,0.85
349,,0.7,0.524,0.426,0.1,0.1,0.426,0.524,0.7
350,,0.55,0.374,0.276,-0.05,-0.05,0.276,0.374,0.55
351,5,0.4,0.312,0.426,0.312,0.95,0.638,0.524,0.488
352,5,0.25,0.25,0.576,0.674,1.0,1.0,0.674,0.426
353,,0.1,0.1,0.426,0.524,0.85,0.85,0.524,0.276
354,,-0.05,-0.05,0.276,0.374,0.7,0.7,0.374,0.126
355,2,0.312,0.95,0.638,0.524,0.638,0.55,0.312,0.276
356,2,0.674,1.0,1.0,0.674,0.576,0.4,0.25,0.426
357,,0.524,0.85,0.85,0.524,0.426,0.25,0.1,0.276
358,,0.374,0.7,0.7,0.374,0.276,0.1,-0.05,0.126
359,7,0.524,0.638,0.55,0.312,0.426,0.462,0.95,0.488
360,7,0.674,0.576,0.4,0.25,0.576,0.824,1.0,0.85
361,,0.524,0.426,0.25,0.1,0.426,0.674,0.85,0.7
362,,0.374,0.276,0.1,-0.05,0.276,0.524,0.7,0.55
363,4,0.312,0.426,0.462,0.95,0.638,0.674,0.638,0.4
364,4,0.25,0.576,0.824,1.0,1.0,0.824,0.576,0.25
365,,0.1,0.426,0.674,0.85,0.85,0.674,0.426,0.1
366,,-0.05,0.276,0.524,0.7,0.7,0.524,0.276,-0.05
367,1,0.95,0.638,0.674,0.638,0.55,0.462,0.426,0.312
368,1,1.0,1.0,0.824,0.576,0.4,0.4,0.576,0.674
369,,0.85,0.85,0.674,0.426,0.25,0.25,0.426,0.524
370,,0.7,0.7,0.524,0.276,0.1,0.1,0.276,0.374
371,,0.55,0.55,0.374,0.126,-0.05,-0.05,0.126,0.224
372,6,0.488,0.4,0.312,0.276,0.312,0.95,0.488,0.374
373,6,0.426,0.25,0.25,0.426,0.674,1.0,0.85,0.524
374,,0.276,0.1,0.1,0.276,0.524,0.85,0.7,0.374
375,,0.126,-0.05,-0.05,0.126,0.374,0.7,0.55,0.224
376,2,0.488,0.95,0.312,0.276,0.312,0.55,0.488,0.374
377,2,0.85,1.0,0.674,0.426,0.25,0.4,0.426,0.524
378,,0.7,0.85,0.524,0.276,0.1,0.25,0.276,0.374
379,,0.55,0.7,0.374,0.126,-0.05,0.1,0.126,0.224
380,5,0.4,0.638,0.524,0.488,0.95,0.462,0.276,0.162
381,5,0.25,0.576,0.674,0.85,1.0,0.824,0.426,0.1
382,,0.1,0.426,0.524,0.7,0.85,0.674,0.276,-0.05
383,8,0.462,0.576,0.462,0.55,0.788,0.824,0.638,0.95
384,8,0.824,0.726,0.4,0.4,0.726,0.974,1.0,1.0
385,,0.674,0.576,0.25,0.25,0.576,0.824,0.85,0.85
386,,0.524,0.426,0.1,0.1,0.426,0.674,0.7,0.7
387,,0.374,0.276,-0.05,-0.05,0.276,0.524,0.55,0.55
388,3,0.524,0.638,0.95,0.312,0.426,0.462,0.4,0.488
389,3,0.674,1.0,1.0,0.674,0.576,0.4,0.25,0.426
390,,0.524,0.85,0.85,0.524,0.426,0.25,0.1,0.276
391,,0.374,0.7,0.7,0.374,0.276,0.1,-0.05,0.126
392,7,0.524,0.638,0.55,0.312,0.426,0.462,0.95,0.488
393,7,0.674,0.576,0.4,0.25,0.576,0.824,1.0,0.85
394,,0.524,0.426,0.25,0.1,0.426,0.674,0.85,0.7
395,,0.374,0.276,0.1,-0.05,0.276,0.524,0.7,0.55
396,4,0.312,0.426,0.462,0.95,0.638,0.674,0.638,0.4
397,4,0.25,0.576,0.824,1.0,1.0,0.824,0.576,0.25
398,,0.1,0.426,0.674,0.85,0.85,0.674,0.426,0.1
399,,-0.05,0.276,0.524,0.7,0.7,0.524,0.276,-0.05
400,1,0.95,0.638,0.674,0.638,0.55,0.462,0.426,0.312
401,1,1.0,1.0,0.824,0.576,0.4,0.4,0.576,0.674
402,,0.85,0.85,0.674,0.426,0.25,0.25,0.426,0.524
403,,0.7,0.7,0.524,0.276,0.1,0.1,0.276,0.374
404,,0.55,0.55,0.374,0.126,-0.05,-0.05,0.126,0.224
405,5,0.4,0.488,0.524,0.488,0.95,0.312,0.276,0.162
406,5,0.25,0.426,0.674,0.85,1.0,0.674,0.426,0.1
407,,0.1,0.276,0.524,0.7,0.85,0.524,0.276,-0.05
408,8,0.462,0.426,0.462,0.55,0.788,0.674,0.638,0.95
409,8,0.824,0.576,0.4,0.4,0.726,0.824,1.0,1.0
410,,0.674,0.426,0.25,0.25,0.576,0.674,0.85,0.85
411,,0.524,0.276,0.1,0.1,0.426,0.524,0.7,0.7
412,,0.374,0.126,-0.05,-0.05,0.276,0.374,0.55,0.55
413,3,0.524,0.488,0.95,0.312,0.426,0.312,0.4,0.488
414,3,0.674,0.85,1.0,0.674,0.576,0.25,0.25,0.426
415,,0.524,0.7,0.85,0.524,0.426,0.1,0.1,0.276
416,,0.374,0.55,0.7,0.374,0.276,-0.05,-0.05,0.126
417,7,0.524,0.488,0.55,0.312,0.426,0.312,0.95,0.488
418,7,0.674,0.426,0.4,0.25,0.576,0.674,1.0,0.85
419,,0.524,0.276,0.25,0.1,0.426,0.524,0.85,0.7
420,,0.374,0.126,0.1,-0.05,0.276,0.374,0.7,0.55
421,4,0.312,0.276,0.462,0.95,0.638,0.524,0.638,0.4
422,4,0.25,0.426,0.824,1.0,1.0,0.674,0.576,0.25
423,,0.1,0.276,0.674,0.85,0.85,0.524,0.426,0.1
424,,-0.05,0.126,0.524,0.7,0.7,0.374,0.276,-0.05
425,1,0.95,0.488,0.674,0.638,0.55,0.312,0.426,0.312
426,1,1.0,0.85,0.824,0.576,0.4,0.25,0.576,0.674
427,,0.85,0.7,0.674,0.426,0.25,0.1,0.426,0.524
428,,0.7,0.55,0.524,0.276,0.1,-0.05,0.276,0.374
429,6,0.638,0.4,0.462,0.426,0.462,0.95,0.638,0.524
430,6,0.576,0.25,0.4,0.576,0.824,1.0,1.0,0.674
431,,0.426,0.1,0.25,0.426,0.674,0.85,0.85,0.524
432,,0.276,-0.05,0.1,0.276,0.524,0.7,0.7,0.374
433,2,0.638,0.95,0.462,0.426,0.462,0.55,0.638,0.524
434,2,1.0,1.0,0.824,0.576,0.4,0.4,0.576,0.674
435,,0.85,0.85,0.674,0.426,0.25,0.25,0.426,0.524
436,,0.7,0.7,0.524,0.276,0.1,0.1,0.276,0.374
437,,0.55,0.55,0.374,0.126,-0.05,-0.05,0.126,0.224
438,6,0.488,0.4,0.312,0.276,0.312,0.95,0.488,0.374
439,6,0.426,0.25,0.25,0.426,0.674,1.0,0.85,0.524
440,,0.276,0.1,0.1,0.276,0.524,0.85,0.7,0.374
441,,0.126,-0.05,-0.05,0.126,0.374,0.7,0.55,0.224
442,3,0.276,0.312,0.95,0.488,0.524,0.638,0.4,0.162
443,3,0.426,0.674,1.0,0.85,0.674,0.576,0.25,0.1
444,,0.276,0.524,0.85,0.7,0.524,0.426,0.1,-0.05
445,8,0.638,0.674,0.788,0.55,0.462,0.576,0.462,0.95
446,8,1.0,0.824,0.726,0.4,0.4,0.726,0.824,1.0
447,,0.85,0.674,0.576,0.25,0.25,0.576,0.674,0.85
448,,0.7,0.524,0.426,0.1,0.1,0.426,0.524,0.7
449,,0.55,0.374,0.276,-0.05,-0.05,0.276,0.374,0.55
450,4,0.488,0.524,0.638,0.95,0.312,0.426,0.312,0.4
451,4,0.426,0.674,1.0,1.0,0.674,0.576,0.25,0.25
452,,0.276,0.524,0.85,0.85,0.524,0.426,0.1,0.1
453,,0.126,0.374,0.7,0.7,0.374,0.276,-0.05,-0.05
454,7,0.276,0.312,0.55,0.638,0.524,0.638,0.95,0.312
455,7,0.426,0.25,0.4,0.576,0.674,1.0,1.0,0.674
456,,0.276,0.1,0.25,0.426,0.524,0.85,0.85,0.524
457,,0.126,-0.05,0.1,0.276,0.374,0.7,0.7,0.374
458,2,0.488,0.95,0.462,0.426,0.312,0.55,0.638,0.524
459,2,0.85,1.0,0.824,0.576,0.25,0.4,0.576,0.674
460,,0.7,0.85,0.674,0.426,0.1,0.25,0.426,0.524
461,,0.55,0.7,0.524,0.276,-0.05,0.1,0.276,0.374
462,5,0.4,0.638,0.674,0.638,0.95,0.462,0.426,0.312
463,5,0.25,0.576,0.824,1.0,1.0,0.824,0.576,0.25
464,,0.1,0.426,0.674,0.85,0.85,0.674,0.426,0.1
465,,-0.05,0.276,0.524,0.7,0.7,0.524,0.276,-0.05
466,8,0.312,0.426,0.462,0.55,0.638,0.674,0.638,0.95
467,8,0.674,0.576,0.4,0.4,0.576,0.824,1.0,1.0
468,,0.524,0.426,0.25,0.25,0.426,0.674,0.85,0.85
469,,0.374,0.276,0.1,0.1,0.276,0.524,0.7,0.7
470,,0.224,0.126,-0.05,-0.05,0.126,0.374,0.55,0.55
471,3,0.374,0.488,0.95,0.312,0.276,0.312,0.4,0.488
472,3,0.524,0.85,1.0,0.674,0.426,0.25,0.25,0.426
473,,0.374,0.7,0.85,0.524,0.276,0.1,0.1,0.276
474,,0.224,0.55,0.7,0.374,0.126,-0.05,-0.05,0.126
475,6,0.162,0.4,0.638,0.524,0.488,0.95,0.312,0.276
476,6,0.1,0.25,0.576,0.674,0.85,1.0,0.674,0.426
477,,-0.05,0.1,0.426,0.524,0.7,0.85,0.524,0.276
478,1,0.95,0.462,0.576,0.462,0.55,0.788,0.674,0.638
479,1,1.0,0.824,0.726,0.4,0.4,0.726,0.824,1.0
480,,0.85,0.674,0.576,0.25,0.25,0.576,0.674,0.85
481,,0.7,0.524,0.426,0.1,0.1,0.426,0.524,0.7
482,,0.55,0.374,0.276,-0.05,-0.05,0.276,0.374,0.55
483,5,0.4,0.312,0.426,0.312,0.95,0.638,0.524,0.488
484,5,0.25,0.25,0.576,0.674,1.0,1.0,0.674,0.426
485,,0.1,0.1,0.426,0.524,0.85,0.85,0.524,0.276
486,,-0.05,-0.05,0.276,0.374,0.7,0.7,0.374,0.126
487,2,0.312,0.95,0.638,0.524,0.638,0.55,0.312,0.276
488,2,0.674,1.0,1.0,0.674,0.576,0.4,0.25,0.426
489,,0.524,0.85,0.85,0.524,0.426,0.25,0.1,0.276
490,,0.374,0.7,0.7,0.374,0.276,0.1,-0.05,0.126
491,7,0.524,0.638,0.55,0.312,0.426,0.462,0.95,0.488
492,7,0.674,0.576,0.4,0.25,0.576,0.824,1.0,0.85
493,,0.524,0.426,0.25,0.1,0.426,0.674,0.85,0.7
494,,0.374,0.276,0.1,-0.05,0.276,0.524,0.7,0.55
495,4,0.312,0.426,0.462,0.95,0.638,0.674,0.638,0.4
496,4,0.25,0.576,0.824,1.0,1.0,0.824,0.576,0.25
497,,0.1,0.426,0.674,0.85,0.85,0.674,0.426,0.1
498,,-0.05,0.276,0.524,0.7,0.7,0.524,0.276,-0.05
499,1,0.95,0.638,0.674,0.638,0.55,0.462,0.426,0.312
500,1,1.0,1.0,0.824,0.576,0.4,0.4,0.576,0.674
501,,0.85,0.85,0.674,0.426,0.25,0.25,0.426,0.524
502,,0.7,0.7,0.524,0.276,0.1,0.1,0.276,0.374
503,,0.55,0.55,0.374,0.126,-0.05,-0.05,0.126,0.224
504,6,0.488,0.4,0.312,0.276,0.312,0.95,0.488,0.374
505,6,0.426,0.25,0.25,0.426,0.674,1.0,0.85,0.524
506,,0.276,0.1,0.1,0.276,0.524,0.85,0.7,0.374
507,,0.126,-0.05,-0.05,0.126,0.374,0.7,0.55,0.224
508,2,0.488,0.95,0.312,0.276,0.312,0.55,0.488,0.374
509,2,0.85,1.0,0.674,0.426,0.25,0.4,0.426,0.524
510,,0.7,0.85,0.524,0.276,0.1,0.25,0.276,0.374
511,,0.55,0.7,0.374,0.126,-0.05,0.1,0.126,0.224
512,5,0.4,0.638,0.524,0.488,0.95,0.462,0.276,0.162
513,5,0.25,0.576,0.674,0.85,1.0,0.824,0.426,0.1
514,,0.1,0.426,0.524,0.7,0.85,0.674,0.276,-0.05
515,8,0.462,0.576,0.462,0.55,0.788,0.824,0.638,0.95
516,8,0.824,0.726,0.4,0.4,0.726,0.974,1.0,1.0
517,,0.674,0.576,0.25,0.25,0.576,0.824,0.85,0.85
518,,0.524,0.426,0.1,0.1,0.426,0.674,0.7,0.7
519,,0.374,0.276,-0.05,-0.05,0.276,0.524,0.55,0.55
520,3,0.524,0.638,0.95,0.312,0.426,0.462,0.4,0.488
521,3,0.674,1.0,1.0,0.674,0.576,0.4,0.25,0.426
522,,0.524,0.85,0.85,0.524,0.426,0.25,0.1,0.276
523,,0.374,0.7,0.7,0.374,0.276,0.1,-0.05,0.126
524,7,0.524,0.638,0.55,0.312,0.426,0.462,0.95,0.488
525,7,0.674,0.576,0.4,0.25,0.576,0.824,1.0,0.85
526,,0.524,0.426,0.25,0.1,0.426,0.674,0.85,0.7
527,,0.374,0.276,0.1,-0.05,0.276,0.524,0.7,0.55
528,4,0.312,0.426,0.462,0.95,0.638,0.674,0.638,0.4
529,4,0.25,0.576,0.824,1.0,1.0,0.824,0.576,0.25
530,,0.1,0.426,0.674,0.85,0.85,0.674,0.426,0.1
531,,-0.05,0.276,0.524,0.7,0.7,0.524,0.276,-0.05
532,1,0.95,0.638,0.674,0.638,0.55,0.462,0.426,0.312
533,1,1.0,1.0,0.824,0.576,0.4,0.4,0.576,0.674
534,,0.85,0.85,0.674,0.426,0.25,0.25,0.426,0.524
535,,0.7,0.7,0.524,0.276,0.1,0.1,0.276,0.374
536,,0.55,0.55,0.374,0.126,-0.05,-0.05,0.126,0.224
537,6,0.488,0.4,0.312,0.276,0.312,0.95,0.488,0.374
538,6,0.426,0.25,0.25,0.426,0.674,1.0,0.85,0.524
539,,0.276,0.1,0.1,0.276,0.524,0.85,0.7,0.374
540,,0.126,-0.05,-0.05,0.126,0.374,0.7,0.55,0.224
541,3,0.276,0.312,0.95,0.488,0.524,0.638,0.4,0.162
542,3,0.426,0.674,1.0,0.85,0.674,0.576,0.25,0.1
543,,0.276,0.524,0.85,0.7,0.524,0.426,0.1,-0.05
544,8,0.638,0.674,0.788,0.55,0.462,0.576,0.462,0.95
545,8,1.0,0.824,0.726,0.4,0.4,0.726,0.824,1.0
546,,0.85,0.674,0.576,0.25,0.25,0.576,0.674,0.85
547,,0.7,0.524,0.426,0.1,0.1,0.426,0.524,0.7
548,,0.55,0.374,0.276,-0.05,-0.05,0.276,0.374,0.55
549,5,0.4,0.312,0.426,0.312,0.95,0.638,0.524,0.488
550,5,0.25,0.25,0.576,0.674,1.0,1.0,0.674,0.426
551,,0.1,0.1,0.426,0.524,0.85,0.85,0.524,0.276
552,,-0.05,-0.05,0.276,0.374,0.7,0.7,0.374,0.126
553,2,0.312,0.95,0.638,0.524,0.638,0.55,0.312,0.276
554,2,0.674,1.0,1.0,0.674,0.576,0.4,0.25,0.426
555,,0.524,0.85,0.85,0.524,0.426,0.25,0.1,0.276
556,,0.374,0.7,0.7,0.374,0.276,0.1,-0.05,0.126
557,7,0.524,0.638,0.55,0.312,0.426,0.462,0.95,0.488
558,7,0.674,0.576,0.4,0.25,0.576,0.824,1.0,0.85
559,,0.524,0.426,0.25,0.1,0.426,0.674,0.85,0.7
560,,0.374,0.276,0.1,-0.05,0.276,0.524,0.7,0.55
561,4,0.312,0.426,0.462,0.95,0.638,0.674,0.638,0.4
562,4,0.25,0.576,0.824,1.0,1.0,0.824,0.576,0.25
563,,0.1,0.426,0.674,0.85,0.85,0.674,0.426,0.1
564,,-0.05,0.276,0.524,0.7,0.7,0.524,0.276,-0.05
565,8,0.312,0.426,0.462,0.55,0.638,0.674,0.638,0.95
566,8,0.674,0.576,0.4,0.4,0.576,0.824,1.0,1.0
567,,0.524,0.426,0.25,0.25,0.426,0.674,0.85,0.85
568,,0.374,0.276,0.1,0.1,0.276,0.524,0.7,0.7
569,,0.224,0.126,-0.05,-0.05,0.126,0.374,0.55,0.55
570,3,0.374,0.488,0.95,0.312,0.276,0.312,0.4,0.488
571,3,0.524,0.85,1.0,0.674,0.426,0.25,0.25,0.426
572,,0.374,0.7,0.85,0.524,0.276,0.1,0.1,0.276
573,,0.224,0.55,0.7,0.374,0.126,-0.05,-0.05,0.126
574,6,0.162,0.4,0.638,0.524,0.488,0.95,0.312,0.276
575,6,0.1,0.25,0.576,0.674,0.85,1.0,0.674,0.426
576,,-0.05,0.1,0.426,0.524,0.7,0.85,0.524,0.276
577,1,0.95,0.462,0.576,0.462,0.55,0.788,0.674,0.638
578,1,1.0,0.824,0.726,0.4,0.4,0.726,0.824,1.0
579,,0.85,0.674,0.576,0.25,0.25,0.576,0.674,0.85
580,,0.7,0.524,0.426,0.1,0.1,0.426,0.524,0.7
581,,0.55,0.374,0.276,-0.05,-0.05,0.276,0.374,0.55
582,4,0.488,0.524,0.638,0.95,0.312,0.426,0.312,0.4
583,4,0.426,0.674,1.0,1.0,0.674,0.576,0.25,0.25
584,,0.276,0.524,0.85,0.85,0.524,0.426,0.1,0.1
585,,0.126,0.374,0.7,0.7,0.374,0.276,-0.05,-0.05
586,7,0.276,0.312,0.55,0.638,0.524,0.638,0.95,0.312
587,7,0.426,0.25,0.4,0.576,0.674,1.0,1.0,0.674
588,,0.276,0.1,0.25,0.426,0.524,0.85,0.85,0.524
589,,0.126,-0.05,0.1,0.276,0.374,0.7,0.7,0.374
590,2,0.488,0.95,0.462,0.426,0.312,0.55,0.638,0.524
591,2,0.85,1.0,0.824,0.576,0.25,0.4,0.576,0.674
592,,0.7,0.85,0.674,0.426,0.1,0.25,0.426,0.524
593,,0.55,0.7,0.524,0.276,-0.05,0.1,0.276,0.374
594,5,0.4,0.638,0.674,0.638,0.95,0.462,0.426,0.312
595,5,0.25,0.576,0.824,1.0,1.0,0.824,0.576,0.25
596,,0.1,0.426,0.674,0.85,0.85,0.674,0.426,0.1
597,,-0.05,0.276,0.524,0.7,0.7,0.524,0.276,-0.05
598,8,0.312,0.426,0.462,0.55,0.638,0.674,0.638,0.95
599,8,0.674,0.576,0.4,0.4,0.576,0.824,1.0,1.0
600,,0.524,0.426,0.25,0.25,0.426,0.674,0.85,0.85
601,,0.374,0.276,0.1,0.1,0.276,0.524,0.7,0.7
602,,0.224,0.126,-0.05,-0.05,0.126,0.374,0.55,0.55
603,3,0.374,0.488,0.95,0.312,0.276,0.312,0.4,0.488
604,3,0.524,0.85,1.0,0.674,0.426,0.25,0.25,0.426
605,,0.374,0.7,0.85,0.524,0.276,0.1,0.1,0.276
606,,0.224,0.55,0.7,0.374,0.126,-0.05,-0.05,0.126
607,7,0.374,0.488,0.55,0.312,0.276,0.312,0.95,0.488
608,7,0.524,0.426,0.4,0.25,0.426,0.674,1.0,0.85
609,,0.374,0.276,0.25,0.1,0.276,0.524,0.85,0.7
610,,0.224,0.126,0.1,-0.05,0.126,0.374,0.7,0.55
611,4,0.162,0.276,0.462,0.95,0.488,0.524,0.638,0.4
612,4,0.1,0.426,0.824,1.0,0.85,0.674,0.576,0.25
613,,-0.05,0.276,0.674,0.85,0.7,0.524,0.426,0.1
614,1,0.95,0.638,0.824,0.788,0.55,0.462,0.576,0.462
615,1,1.0,1.0,0.974,0.726,0.4,0.4,0.726,0.824
616,,0.85,0.85,0.824,0.576,0.25,0.25,0.576,0.674
617,,0.7,0.7,0.674,0.426,0.1,0.1,0.426,0.524
618,,0.55,0.55,0.524,0.276,-0.05,-0.05,0.276,0.374
619,5,0.4,0.488,0.674,0.638,0.95,0.312,0.426,0.312
620,5,0.25,0.426,0.824,1.0,1.0,0.674,0.576,0.25
621,,0.1,0.276,0.674,0.85,0.85,0.524,0.426,0.1
622,,-0.05,0.126,0.524,0.7,0.7,0.374,0.276,-0.05
623,8,0.312,0.276,0.462,0.55,0.638,0.524,0.638,0.95
624,8,0.674,0.426,0.4,0.4,0.576,0.674,1.0,1.0
625,,0.524,0.276,0.25,0.25,0.426,0.524,0.85,0.85
626,,0.374,0.126,0.1,0.1,0.276,0.374,0.7,0.7
627,,0.224,-0.024,-0.05,-0.05,0.126,0.224,0.55,0.55
628,4,0.162,0.126,0.312,0.95,0.488,0.374,0.488,0.4
629,4,0.1,0.276,0.674,1.0,0.85,0.524,0.426,0.25
630,,-0.05,0.126,0.524,0.85,0.7,0.374,0.276,0.1
631,1,0.95,0.488,0.674,0.788,0.55,0.312,0.426,0.462
632,1,1.0,0.85,0.824,0.726,0.4,0.25,0.576,0.824
633,,0.85,0.7,0.674,0.576,0.25,0.1,0.426,0.674
634,,0.7,0.55,0.524,0.426,0.1,-0.05,0.276,0.524
635,6,0.638,0.4,0.462,0.576,0.462,0.95,0.638,0.674
636,6,0.576,0.25,0.4,0.726,0.824,1.0,1.0,0.824
637,,0.426,0.1,0.25,0.576,0.674,0.85,0.85,0.674
638,,0.276,-0.05,0.1,0.426,0.524,0.7,0.7,0.524
639,2,0.638,0.95,0.462,0.576,0.462,0.55,0.638,0.674
640,2,1.0,1.0,0.824,0.726,0.4,0.4,0.576,0.824
641,,0.85,0.85,0.674,0.576,0.25,0.25,0.426,0.674
642,,0.7,0.7,0.524,0.426,0.1,0.1,0.276,0.524
643,,0.55,0.55,0.374,0.276,-0.05,-0.05,0.126,0.374
644,5,0.4,0.488,0.524,0.638,0.95,0.312,0.276,0.312
645,5,0.25,0.426,0.674,1.0,1.0,0.674,0.426,0.25
646,,0.1,0.276,0.524,0.85,0.85,0.524,0.276,0.1
647,,-0.05,0.126,0.374,0.7,0.7,0.374,0.126,-0.05
648,1,0.95,0.488,0.524,0.638,0.55,0.312,0.276,0.312
649,1,1.0,0.85,0.674,0.576,0.4,0.25,0.426,0.674
650,,0.85,0.7,0.524,0.426,0.25,0.1,0.276,0.524
651,,0.7,0.55,0.374,0.276,0.1,-0.05,0.126,0.374
652,6,0.638,0.4,0.312,0.426,0.462,0.95,0.488,0.524
653,6,0.576,0.25,0.25,0.576,0.824,1.0,0.85,0.674
654,,0.426,0.1,0.1,0.426,0.674,0.85,0.7,0.524
655,,0.276,-0.05,-0.05,0.276,0.524,0.7,0.55,0.374
656,2,0.638,0.95,0.312,0.426,0.462,0.55,0.488,0.524
657,2,1.0,1.0,0.674,0.576,0.4,0.4,0.426,0.674
658,,0.85,0.85,0.524,0.426,0.25,0.25,0.276,0.524
659,,0.7,0.7,0.374,0.276,0.1,0.1,0.126,0.374
660,,0.55,0.55,0.224,0.126,-0.05,-0.05,-0.024,0.224
661,5,0.4,0.488,0.374,0.488,0.95,0.312,0.126,0.162
662,5,0.25,0.426,0.524,0.85,1.0,0.674,0.276,0.1
663,,0.1,0.276,0.374,0.7,0.85,0.524,0.126,-0.05
664,8,0.462,0.426,0.312,0.55,0.788,0.674,0.488,0.95
665,8,0.824,0.576,0.25,0.4,0.726,0.824,0.85,1.0
666,,0.674,0.426,0.1,0.25,0.576,0.674,0.7,0.85
667,,0.524,0.276,-0.05,0.1,0.426,0.524,0.55,0.7
668,3,0.674,0.638,0.95,0.462,0.576,0.462,0.4,0.638
669,3,0.824,1.0,1.0,0.824,0.726,0.4,0.25,0.576
670,,0.674,0.85,0.85,0.674,0.576,0.25,0.1,0.426
671,,0.524,0.7,0.7,0.524,0.426,0.1,-0.05,0.276
672,7,0.674,0.638,0.55,0.462,0.576,0.462,0.95,0.638
673,7,0.824,0.576,0.4,0.4,0.726,0.824,1.0,1.0
674,,0.674,0.426,0.25,0.25,0.576,0.674,0.85,0.85
675,,0.524,0.276,0.1,0.1,0.426,0.524,0.7,0.7
676,,0.374,0.126,-0.05,-0.05,0.276,0.374,0.55,0.55
677,4,0.312,0.276,0.312,0.95,0.638,0.524,0.488,0.4
678,4,0.25,0.426,0.674,1.0,1.0,0.674,0.426,0.25
679,,0.1,0.276,0.524,0.85,0.85,0.524,0.276,0.1
680,,-0.05,0.126,0.374,0.7,0.7,0.374,0.126,-0.05
681,1,0.95,0.488,0.524,0.638,0.55,0.312,0.276,0.312
682,1,1.0,0.85,0.674,0.576,0.4,0.25,0.426,0.674
683,,0.85,0.7,0.524,0.426,0.25,0.1,0.276,0.524
684,,0.7,0.55,0.374,0.276,0.1,-0.05,0.126,0.374
685,6,0.638,0.4,0.312,0.426,0.462,0.95,0.488,0.524
686,6,0.576,0.25,0.25,0.576,0.824,1.0,0.85,0.674
687,,0.426,0.1,0.1,0.426,0.674,0.85,0.7,0.524
688,,0.276,-0.05,-0.05,0.276,0.524,0.7,0.55,0.374
689,2,0.638,0.95,0.312,0.426,0.462,0.55,0.488,0.524
690,2,1.0,1.0,0.674,0.576,0.4,0.4,0.426,0.674
691,,0.85,0.85,0.524,0.426,0.25,0.25,0.276,0.524
692,,0.7,0.7,0.374,0.276,0.1,0.1,0.126,0.374
693,,0.55,0.55,0.224,0.126,-0.05,-0.05,-0.024,0.224
694,6,0.488,0.4,0.162,0.276,0.312,0.95,0.338,0.374
695,6,0.426,0.25,0.1,0.426,0.674,1.0,0.7,0.524
696,,0.276,0.1,-0.05,0.276,0.524,0.85,0.55,0.374
697,3,0.426,0.462,0.95,0.638,0.674,0.788,0.4,0.312
698,3,0.576,0.824,1.0,1.0,0.824,0.726,0.25,0.25
699,,0.426,0.674,0.85,0.85,0.674,0.576,0.1,0.1
700,,0.276,0.524,0.7,0.7,0.524,0.426,-0.05,-0.05
701,7,0.426,0.462,0.55,0.638,0.674,0.788,0.95,0.312
702,7,0.576,0.4,0.4,0.576,0.824,1.0,1.0,0.674
703,,0.426,0.25,0.25,0.426,0.674,0.85,0.85,0.524
704,,0.276,0.1,0.1,0.276,0.524,0.7,0.7,0.374
705,,0.126,-0.05,-0.05,0.126,0.374,0.55,0.55,0.224
706,2,0.488,0.95,0.312,0.276,0.312,0.4,0.488,0.374
707,2,0.85,1.0,0.674,0.426,0.25,0.25,0.426,0.524
708,,0.7,0.85,0.524,0.276,0.1,0.1,0.276,0.374
709,,0.55,0.7,0.374,0.126,-0.05,-0.05,0.126,0.224
710,5,0.4,0.638,0.524,0.488,0.95,0.312,0.276,0.162
711,5,0.25,0.576,0.674,0.85,1.0,0.674,0.426,0.1
712,,0.1,0.426,0.524,0.7,0.85,0.524,0.276,-0.05
713,8,0.462,0.576,0.462,0.55,0.788,0.674,0.638,0.95
714,8,0.824,0.726,0.4,0.4,0.726,0.824,1.0,1.0
715,,0.674,0.576,0.25,0.25,0.576,0.674,0.85,0.85
716,,0.524,0.426,0.1,0.1,0.426,0.524,0.7,0.7
717,,0.374,0.276,-0.05,-0.05,0.276,0.374,0.55,0.55
718,3,0.524,0.638,0.95,0.312,0.426,0.312,0.4,0.488
719,3,0.674,1.0,1.0,0.674,0.576,0.25,0.25,0.426
720,,0.524,0.85,0.85,0.524,0.426,0.1,0.1,0.276
721,,0.374,0.7,0.7,0.374,0.276,-0.05,-0.05,0.126
722,6,0.312,0.55,0.638,0.524,0.638,0.95,0.312,0.276
723,6,0.25,0.4,0.576,0.674,1.0,1.0,0.674,0.426
724,,0.1,0.25,0.426,0.524,0.85,0.85,0.524,0.276
725,,-0.05,0.1,0.276,0.374,0.7,0.7,0.374,0.126
726,1,0.95,0.462,0.426,0.312,0.55,0.638,0.524,0.488
727,1,1.0,0.824,0.576,0.25,0.4,0.576,0.674,0.85
728,,0.85,0.674,0.426,0.1,0.25,0.426,0.524,0.7
729,,0.7,0.524,0.276,-0.05,0.1,0.276,0.374,0.55
730,4,0.638,0.674,0.638,0.95,0.462,0.426,0.312,0.4
731,4,0.576,0.824,1.0,1.0,0.824,0.576,0.25,0.25
732,,0.426,0.674,0.85,0.85,0.674,0.426,0.1,0.1
733,,0.276,0.524,0.7,0.7,0.524,0.276,-0.05,-0.05
734,8,0.638,0.674,0.638,0.55,0.462,0.426,0.312,0.95
735,8,1.0,0.824,0.576,0.4,0.4,0.576,0.674,1.0
736,,0.85,0.674,0.426,0.25,0.25,0.426,0.524,0.85
737,,0.7,0.524,0.276,0.1,0.1,0.276,0.374,0.7
738,,0.55,0.374,0.126,-0.05,-0.05,0.126,0.224,0.55
739,4,0.488,0.524,0.488,0.95,0.312,0.276,0.162,0.4
740,4,0.426,0.674,0.85,1.0,0.674,0.426,0.1,0.25
741,,0.276,0.524,0.7,0.85,0.524,0.276,-0.05,0.1
742,7,0.426,0.462,0.55,0.788,0.674,0.638,0.95,0.462
743,7,0.576,0.4,0.4,0.726,0.824,1.0,1.0,0.824
744,,0.426,0.25,0.25,0.576,0.674,0.85,0.85,0.674
745,,0.276,0.1,0.1,0.426,0.524,0.7,0.7,0.524
746,,0.126,-0.05,-0.05,0.276,0.374,0.55,0.55,0.374
747,2,0.488,0.95,0.312,0.426,0.312,0.4,0.488,0.524
748,2,0.85,1.0,0.674,0.576,0.25,0.25,0.426,0.674
749,,0.7,0.85,0.524,0.426,0.1,0.1,0.276,0.524
750,,0.55,0.7,0.374,0.276,-0.05,-0.05,0.126,0.374
751,5,0.4,0.638,0.524,0.638,0.95,0.312,0.276,0.312
752,5,0.25,0.576,0.674,1.0,1.0,0.674,0.426,0.25
753,,0.1,0.426,0.524,0.85,0.85,0.524,0.276,0.1
754,,-0.05,0.276,0.374,0.7,0.7,0.374,0.126,-0.05
755,1,0.95,0.638,0.524,0.638,0.55,0.312,0.276,0.312
756,1,1.0,1.0,0.674,0.576,0.4,0.25,0.426,0.674
757,,0.85,0.85,0.524,0.426,0.25,0.1,0.276,0.524
758,,0.7,0.7,0.374,0.276,0.1,-0.05,0.126,0.374
759,6,0.638,0.55,0.312,0.426,0.462,0.95,0.488,0.524
760,6,0.576,0.4,0.25,0.576,0.824,1.0,0.85,0.674
761,,0.426,0.25,0.1,0.426,0.674,0.85,0.7,0.524
762,,0.276,0.1,-0.05,0.276,0.524,0.7,0.55,0.374
763,3,0.426,0.462,0.95,0.638,0.674,0.638,0.4,0.312
764,3,0.576,0.824,1.0,1.0,0.824,0.576,0.25,0.25
765,,0.426,0.674,0.85,0.85,0.674,0.426,0.1,0.1
766,,0.276,0.524,0.7,0.7,0.524,0.276,-0.05,-0.05
767,7,0.426,0.462,0.55,0.638,0.674,0.638,0.95,0.312
768,7,0.576,0.4,0.4,0.576,0.824,1.0,1.0,0.674
769,,0.426,0.25,0.25,0.426,0.674,0.85,0.85,0.524
770,,0.276,0.1,0.1,0.276,0.524,0.7,0.7,0.374
771,,0.126,-0.05,-0.05,0.126,0.374,0.55,0.55,0.224
772,3,0.276,0.312,0.95,0.488,0.524,0.488,0.4,0.162
773,3,0.426,0.674,1.0,0.85,0.674,0.426,0.25,0.1
774,,0.276,0.524,0.85,0.7,0.524,0.276,0.1,-0.05
775,8,0.638,0.674,0.788,0.55,0.462,0.426,0.462,0.95
776,8,1.0,0.824,0.726,0.4,0.4,0.576,0.824,1.0
777,,0.85,0.674,0.576,0.25,0.25,0.426,0.674,0.85
778,,0.7,0.524,0.426,0.1,0.1,0.276,0.524,0.7
779,,0.55,0.374,0.276,-0.05,-0.05,0.126,0.374,0.55
780,4,0.488,0.524,0.638,0.95,0.312,0.276,0.312,0.4
781,4,0.426,0.674,1.0,1.0,0.674,0.426,0.25,0.25
782,,0.276,0.524,0.85,0.85,0.524,0.276,0.1,0.1
783,,0.126,0.374,0.7,0.7,0.374,0.126,-0.05,-0.05
784,8,0.488,0.524,0.638,0.55,0.312,0.276,0.312,0.95
785,8,0.85,0.674,0.576,0.4,0.25,0.426,0.674,1.0
786,,0.7,0.524,0.426,0.25,0.1,0.276,0.524,0.85
787,,0.55,0.374,0.276,0.1,-0.05,0.126,0.374,0.7
788,5,0.4,0.312,0.426,0.462,0.95,0.488,0.524,0.638
789,5,0.25,0.25,0.576,0.824,1.0,0.85,0.674,0.576
790,,0.1,0.1,0.426,0.674,0.85,0.7,0.524,0.426
791,,-0.05,-0.05,0.276,0.524,0.7,0.55,0.374,0.276
792,2,0.312,0.95,0.638,0.674,0.638,0.4,0.312,0.426
793,2,0.674,1.0,1.0,0.824,0.576,0.25,0.25,0.576
794,,0.524,0.85,0.85,0.674,0.426,0.1,0.1,0.426
795,,0.374,0.7,0.7,0.524,0.276,-0.05,-0.05,0.276
796,6,0.312,0.55,0.638,0.674,0.638,0.95,0.312,0.426
797,6,0.25,0.4,0.576,0.824,1.0,1.0,0.674,0.576
798,,0.1,0.25,0.426,0.674,0.85,0.85,0.524,0.426
799,,-0.05,0.1,0.276,0.524,0.7,0.7,0.374,0.276
800,1,0.95,0.462,0.426,0.462,0.55,0.638,0.524,0.638
801,1,1.0,0.824,0.576,0.4,0.4,0.576,0.674,1.0
802,,0.85,0.674,0.426,0.25,0.25,0.426,0.524,0.85
803,,0.7,0.524,0.276,0.1,0.1,0.276,0.374,0.7
804,,0.55,0.374,0.126,-0.05,-0.05,0.126,0.224,0.55
805,4,0.488,0.524,0.488,0.95,0.312,0.276,0.162,0.4
806,4,0.426,0.674,0.85,1.0,0.674,0.426,0.1,0.25
807,,0.276,0.524,0.7,0.85,0.524,0.276,-0.05,0.1
808,7,0.426,0.462,0.55,0.788,0.674,0.638,0.95,0.462
809,7,0.576,0.4,0.4,0.726,0.824,1.0,1.0,0.824
810,,0.426,0.25,0.25,0.576,0.674,0.85,0.85,0.674
811,,0.276,0.1,0.1,0.426,0.524,0.7,0.7,0.524
812,,0.126,-0.05,-0.05,0.276,0.374,0.55,0.55,0.374
813,2,0.488,0.95,0.312,0.426,0.312,0.4,0.488,0.524
814,2,0.85,1.0,0.674,0.576,0.25,0.25,0.426,0.674
815,,0.7,0.85,0.524,0.426,0.1,0.1,0.276,0.524
