step,active_motive,motive_1,motive_2,motive_3,motive_4,motive_5,motive_6,motive_7,motive_8
0,,0.17923,0.05793,0.43155,0.31165,0.16545,0.03178,0.15549,0.16259
1,,0.16923,0.04793,0.42155,0.30165,0.15545,0.02178,0.14549,0.15259
2,,0.15923,0.03793,0.41155,0.29165,0.14545,0.01178,0.13549,0.14259
3,,0.14923,0.02793,0.40155,0.28165,0.13545,0.00178,0.12549,0.13259
4,,0.13923,0.01793,0.39155,0.27165,0.12545,-0.00822,0.11549,0.12259
5,6,0.28823,0.10793,0.54055,0.56165,0.55645,0.99178,0.54649,0.41259
6,6,0.43723,0.19793,0.68955,0.85165,0.98745,1.0,0.97749,0.70259
7,,0.42723,0.18793,0.67955,0.84165,0.97745,0.99,0.96749,0.69259
8,,0.41723,0.17793,0.66955,0.83165,0.96745,0.98,0.95749,0.68259
9,,0.40723,0.16793,0.65955,0.82165,0.95745,0.97,0.94749,0.67259
10,,0.39723,0.15793,0.64955,0.81165,0.94745,0.96,0.93749,0.66259
11,,0.38723,0.14793,0.63955,0.80165,0.93745,0.95,0.92749,0.65259
12,,0.37723,0.13793,0.62955,0.79165,0.92745,0.94,0.91749,0.64259
13,,0.36723,0.12793,0.61955,0.78165,0.91745,0.93,0.90749,0.63259
14,,0.35723,0.11793,0.60955,0.77165,0.90745,0.92,0.89749,0.62259
15,,0.34723,0.10793,0.59955,0.76165,0.89745,0.91,0.88749,0.61259
16,,0.33723,0.09793,0.58955,0.75165,0.88745,0.9,0.87749,0.60259
17,,0.32723,0.08793,0.57955,0.74165,0.87745,0.89,0.86749,0.59259
18,,0.31723,0.07793,0.56955,0.73165,0.86745,0.88,0.85749,0.58259
19,,0.30723,0.06793,0.55955,0.72165,0.85745,0.87,0.84749,0.57259
20,,0.29723,0.05793,0.54955,0.71165,0.84745,0.86,0.83749,0.56259
21,,0.28723,0.04793,0.53955,0.70165,0.83745,0.85,0.82749,0.55259
22,,0.27723,0.03793,0.52955,0.69165,0.82745,0.84,0.81749,0.54259
23,,0.26723,0.02793,0.51955,0.68165,0.81745,0.83,0.80749,0.53259
24,,0.25723,0.01793,0.50955,0.67165,0.80745,0.82,0.79749,0.52259
25,,0.24723,0.00793,0.49955,0.66165,0.79745,0.81,0.78749,0.51259
26,,0.23723,-0.00207,0.48955,0.65165,0.78745,0.8,0.77749,0.50259
27,2,0.66823,0.99793,0.92055,0.94165,0.93645,0.89,0.92649,0.79259
28,2,1.0,1.0,1.0,1.0,1.0,0.98,1.0,1.0
29,,0.99,0.99,0.99,0.99,0.99,0.97,0.99,0.99
30,,0.98,0.98,0.98,0.98,0.98,0.96,0.98,0.98
31,,0.97,0.97,0.97,0.97,0.97,0.95,0.97,0.97
32,,0.96,0.96,0.96,0.96,0.96,0.94,0.96,0.96
33,,0.95,0.95,0.95,0.95,0.95,0.93,0.95,0.95
34,,0.94,0.94,0.94,0.94,0.94,0.92,0.94,0.94
35,,0.93,0.93,0.93,0.93,0.93,0.91,0.93,0.93
36,,0.92,0.92,0.92,0.92,0.92,0.9,0.92,0.92
37,,0.91,0.91,0.91,0.91,0.91,0.89,0.91,0.91
38,,0.9,0.9,0.9,0.9,0.9,0.88,0.9,0.9
39,,0.89,0.89,0.89,0.89,0.89,0.87,0.89,0.89
40,,0.88,0.88,0.88,0.88,0.88,0.86,0.88,0.88
41,,0.87,0.87,0.87,0.87,0.87,0.85,0.87,0.87
42,,0.86,0.86,0.86,0.86,0.86,0.84,0.86,0.86
43,,0.85,0.85,0.85,0.85,0.85,0.83,0.85,0.85
44,,0.84,0.84,0.84,0.84,0.84,0.82,0.84,0.84
45,,0.83,0.83,0.83,0.83,0.83,0.81,0.83,0.83
46,,0.82,0.82,0.82,0.82,0.82,0.8,0.82,0.82
47,,0.81,0.81,0.81,0.81,0.81,0.79,0.81,0.81
48,,0.8,0.8,0.8,0.8,0.8,0.78,0.8,0.8
49,,0.79,0.79,0.79,0.79,0.79,0.77,0.79,0.79
50,,0.78,0.78,0.78,0.78,0.78,0.76,0.78,0.78
51,,0.77,0.77,0.77,0.77,0.77,0.75,0.77,0.77
52,,0.76,0.76,0.76,0.76,0.76,0.74,0.76,0.76
53,,0.75,0.75,0.75,0.75,0.75,0.73,0.75,0.75
54,,0.74,0.74,0.74,0.74,0.74,0.72,0.74,0.74
55,,0.73,0.73,0.73,0.73,0.73,0.71,0.73,0.73
56,,0.72,0.72,0.72,0.72,0.72,0.7,0.72,0.72
57,,0.71,0.71,0.71,0.71,0.71,0.69,0.71,0.71
58,,0.7,0.7,0.7,0.7,0.7,0.68,0.7,0.7
59,,0.69,0.69,0.69,0.69,0.69,0.67,0.69,0.69
60,,0.68,0.68,0.68,0.68,0.68,0.66,0.68,0.68
61,,0.67,0.67,0.67,0.67,0.67,0.65,0.67,0.67
62,,0.66,0.66,0.66,0.66,0.66,0.64,0.66,0.66
63,,0.65,0.65,0.65,0.65,0.65,0.63,0.65,0.65
64,,0.64,0.64,0.64,0.64,0.64,0.62,0.64,0.64
65,,0.63,0.63,0.63,0.63,0.63,0.61,0.63,0.63
66,,0.62,0.62,0.62,0.62,0.62,0.6,0.62,0.62
67,,0.61,0.61,0.61,0.61,0.61,0.59,0.61,0.61
68,,0.6,0.6,0.6,0.6,0.6,0.58,0.6,0.6
69,,0.59,0.59,0.59,0.59,0.59,0.57,0.59,0.59
70,,0.58,0.58,0.58,0.58,0.58,0.56,0.58,0.58
71,,0.57,0.57,0.57,0.57,0.57,0.55,0.57,0.57
72,,0.56,0.56,0.56,0.56,0.56,0.54,0.56,0.56
73,,0.55,0.55,0.55,0.55,0.55,0.53,0.55,0.55
74,,0.54,0.54,0.54,0.54,0.54,0.52,0.54,0.54
75,,0.53,0.53,0.53,0.53,0.53,0.51,0.53,0.53
76,,0.52,0.52,0.52,0.52,0.52,0.5,0.52,0.52
77,,0.51,0.51,0.51,0.51,0.51,0.49,0.51,0.51
78,,0.5,0.5,0.5,0.5,0.5,0.48,0.5,0.5
79,,0.49,0.49,0.49,0.49,0.49,0.47,0.49,0.49
80,,0.48,0.48,0.48,0.48,0.48,0.46,0.48,0.48
81,,0.47,0.47,0.47,0.47,0.47,0.45,0.47,0.47
82,,0.46,0.46,0.46,0.46,0.46,0.44,0.46,0.46
83,,0.45,0.45,0.45,0.45,0.45,0.43,0.45,0.45
84,,0.44,0.44,0.44,0.44,0.44,0.42,0.44,0.44
85,,0.43,0.43,0.43,0.43,0.43,0.41,0.43,0.43
86,,0.42,0.42,0.42,0.42,0.42,0.4,0.42,0.42
87,,0.41,0.41,0.41,0.41,0.41,0.39,0.41,0.41
88,,0.4,0.4,0.4,0.4,0.4,0.38,0.4,0.4
89,,0.39,0.39,0.39,0.39,0.39,0.37,0.39,0.39
90,,0.38,0.38,0.38,0.38,0.38,0.36,0.38,0.38
91,,0.37,0.37,0.37,0.37,0.37,0.35,0.37,0.37
92,,0.36,0.36,0.36,0.36,0.36,0.34,0.36,0.36
93,,0.35,0.35,0.35,0.35,0.35,0.33,0.35,0.35
94,,0.34,0.34,0.34,0.34,0.34,0.32,0.34,0.34
95,,0.33,0.33,0.33,0.33,0.33,0.31,0.33,0.33
96,,0.32,0.32,0.32,0.32,0.32,0.3,0.32,0.32
97,,0.31,0.31,0.31,0.31,0.31,0.29,0.31,0.31
98,,0.3,0.3,0.3,0.3,0.3,0.28,0.3,0.3
99,,0.29,0.29,0.29,0.29,0.29,0.27,0.29,0.29
100,,0.28,0.28,0.28,0.28,0.28,0.26,0.28,0.28
101,,0.27,0.27,0.27,0.27,0.27,0.25,0.27,0.27
102,,0.26,0.26,0.26,0.26,0.26,0.24,0.26,0.26
103,,0.25,0.25,0.25,0.25,0.25,0.23,0.25,0.25
104,,0.24,0.24,0.24,0.24,0.24,0.22,0.24,0.24
105,,0.23,0.23,0.23,0.23,0.23,0.21,0.23,0.23
106,,0.22,0.22,0.22,0.22,0.22,0.2,0.22,0.22
107,,0.21,0.21,0.21,0.21,0.21,0.19,0.21,0.21
108,,0.2,0.2,0.2,0.2,0.2,0.18,0.2,0.2
109,,0.19,0.19,0.19,0.19,0.19,0.17,0.19,0.19
110,,0.18,0.18,0.18,0.18,0.18,0.16,0.18,0.18
111,,0.17,0.17,0.17,0.17,0.17,0.15,0.17,0.17
112,,0.16,0.16,0.16,0.16,0.16,0.14,0.16,0.16
113,,0.15,0.15,0.15,0.15,0.15,0.13,0.15,0.15
114,,0.14,0.14,0.14,0.14,0.14,0.12,0.14,0.14
115,,0.13,0.13,0.13,0.13,0.13,0.11,0.13,0.13
116,,0.12,0.12,0.12,0.12,0.12,0.1,0.12,0.12
117,,0.11,0.11,0.11,0.11,0.11,0.09,0.11,0.11
118,,0.1,0.1,0.1,0.1,0.1,0.08,0.1,0.1
119,,0.09,0.09,0.09,0.09,0.09,0.07,0.09,0.09
120,,0.08,0.08,0.08,0.08,0.08,0.06,0.08,0.08
121,,0.07,0.07,0.07,0.07,0.07,0.05,0.07,0.07
122,,0.06,0.06,0.06,0.06,0.06,0.04,0.06,0.06
123,,0.05,0.05,0.05,0.05,0.05,0.03,0.05,0.05
124,,0.04,0.04,0.04,0.04,0.04,0.02,0.04,0.04
125,,0.03,0.03,0.03,0.03,0.03,0.01,0.03,0.03
126,,0.02,0.02,0.02,0.02,0.02,0.0,0.02,0.02
127,,0.01,0.01,0.01,0.01,0.01,-0.01,0.01,0.01
128,6,0.159,0.1,0.159,0.3,0.441,0.99,0.441,0.3
129,6,0.308,0.19,0.308,0.59,0.872,1.0,0.872,0.59
130,,0.298,0.18,0.298,0.58,0.862,0.99,0.862,0.58
131,,0.288,0.17,0.288,0.57,0.852,0.98,0.852,0.57
132,,0.278,0.16,0.278,0.56,0.842,0.97,0.842,0.56
133,,0.268,0.15,0.268,0.55,0.832,0.96,0.832,0.55
134,,0.258,0.14,0.258,0.54,0.822,0.95,0.822,0.54
135,,0.248,0.13,0.248,0.53,0.812,0.94,0.812,0.53
136,,0.238,0.12,0.238,0.52,0.802,0.93,0.802,0.52
137,,0.228,0.11,0.228,0.51,0.792,0.92,0.792,0.51
138,,0.218,0.1,0.218,0.5,0.782,0.91,0.782,0.5
139,,0.208,0.09,0.208,0.49,0.772,0.9,0.772,0.49
140,,0.198,0.08,0.198,0.48,0.762,0.89,0.762,0.48
141,,0.188,0.07,0.188,0.47,0.752,0.88,0.752,0.47
142,,0.178,0.06,0.178,0.46,0.742,0.87,0.742,0.46
143,,0.168,0.05,0.168,0.45,0.732,0.86,0.732,0.45
144,,0.158,0.04,0.158,0.44,0.722,0.85,0.722,0.44
145,,0.148,0.03,0.148,0.43,0.712,0.84,0.712,0.43
146,,0.138,0.02,0.138,0.42,0.702,0.83,0.702,0.42
147,,0.128,0.01,0.128,0.41,0.692,0.82,0.692,0.41
148,,0.118,0.0,0.118,0.4,0.682,0.81,0.682,0.4
149,,0.108,-0.01,0.108,0.39,0.672,0.8,0.672,0.39
150,2,0.539,0.99,0.539,0.68,0.821,0.89,0.821,0.68
151,2,0.97,1.0,0.97,0.97,0.97,0.98,0.97,0.97
152,,0.96,0.99,0.96,0.96,0.96,0.97,0.96,0.96
153,,0.95,0.98,0.95,0.95,0.95,0.96,0.95,0.95
154,,0.94,0.97,0.94,0.94,0.94,0.95,0.94,0.94
155,,0.93,0.96,0.93,0.93,0.93,0.94,0.93,0.93
156,,0.92,0.95,0.92,0.92,0.92,0.93,0.92,0.92
157,,0.91,0.94,0.91,0.91,0.91,0.92,0.91,0.91
158,,0.9,0.93,0.9,0.9,0.9,0.91,0.9,0.9
159,,0.89,0.92,0.89,0.89,0.89,0.9,0.89,0.89
160,,0.88,0.91,0.88,0.88,0.88,0.89,0.88,0.88
161,,0.87,0.9,0.87,0.87,0.87,0.88,0.87,0.87
162,,0.86,0.89,0.86,0.86,0.86,0.87,0.86,0.86
163,,0.85,0.88,0.85,0.85,0.85,0.86,0.85,0.85
164,,0.84,0.87,0.84,0.84,0.84,0.85,0.84,0.84
165,,0.83,0.86,0.83,0.83,0.83,0.84,0.83,0.83
166,,0.82,0.85,0.82,0.82,0.82,0.83,0.82,0.82
167,,0.81,0.84,0.81,0.81,0.81,0.82,0.81,0.81
168,,0.8,0.83,0.8,0.8,0.8,0.81,0.8,0.8
169,,0.79,0.82,0.79,0.79,0.79,0.8,0.79,0.79
170,,0.78,0.81,0.78,0.78,0.78,0.79,0.78,0.78
171,,0.77,0.8,0.77,0.77,0.77,0.78,0.77,0.77
172,,0.76,0.79,0.76,0.76,0.76,0.77,0.76,0.76
173,,0.75,0.78,0.75,0.75,0.75,0.76,0.75,0.75
174,,0.74,0.77,0.74,0.74,0.74,0.75,0.74,0.74
175,,0.73,0.76,0.73,0.73,0.73,0.74,0.73,0.73
176,,0.72,0.75,0.72,0.72,0.72,0.73,0.72,0.72
177,,0.71,0.74,0.71,0.71,0.71,0.72,0.71,0.71
178,,0.7,0.73,0.7,0.7,0.7,0.71,0.7,0.7
179,,0.69,0.72,0.69,0.69,0.69,0.7,0.69,0.69
180,,0.68,0.71,0.68,0.68,0.68,0.69,0.68,0.68
181,,0.67,0.7,0.67,0.67,0.67,0.68,0.67,0.67
182,,0.66,0.69,0.66,0.66,0.66,0.67,0.66,0.66
183,,0.65,0.68,0.65,0.65,0.65,0.66,0.65,0.65
184,,0.64,0.67,0.64,0.64,0.64,0.65,0.64,0.64
185,,0.63,0.66,0.63,0.63,0.63,0.64,0.63,0.63
186,,0.62,0.65,0.62,0.62,0.62,0.63,0.62,0.62
187,,0.61,0.64,0.61,0.61,0.61,0.62,0.61,0.61
188,,0.6,0.63,0.6,0.6,0.6,0.61,0.6,0.6
189,,0.59,0.62,0.59,0.59,0.59,0.6,0.59,0.59
190,,0.58,0.61,0.58,0.58,0.58,0.59,0.58,0.58
191,,0.57,0.6,0.57,0.57,0.57,0.58,0.57,0.57
192,,0.56,0.59,0.56,0.56,0.56,0.57,0.56,0.56
193,,0.55,0.58,0.55,0.55,0.55,0.56,0.55,0.55
194,,0.54,0.57,0.54,0.54,0.54,0.55,0.54,0.54
195,,0.53,0.56,0.53,0.53,0.53,0.54,0.53,0.53
196,,0.52,0.55,0.52,0.52,0.52,0.53,0.52,0.52
197,,0.51,0.54,0.51,0.51,0.51,0.52,0.51,0.51
198,,0.5,0.53,0.5,0.5,0.5,0.51,0.5,0.5
199,,0.49,0.52,0.49,0.49,0.49,0.5,0.49,0.49
200,,0.48,0.51,0.48,0.48,0.48,0.49,0.48,0.48
201,,0.47,0.5,0.47,0.47,0.47,0.48,0.47,0.47
202,,0.46,0.49,0.46,0.46,0.46,0.47,0.46,0.46
203,,0.45,0.48,0.45,0.45,0.45,0.46,0.45,0.45
204,,0.44,0.47,0.44,0.44,0.44,0.45,0.44,0.44
205,,0.43,0.46,0.43,0.43,0.43,0.44,0.43,0.43
206,,0.42,0.45,0.42,0.42,0.42,0.43,0.42,0.42
207,,0.41,0.44,0.41,0.41,0.41,0.42,0.41,0.41
208,,0.4,0.43,0.4,0.4,0.4,0.41,0.4,0.4
209,,0.39,0.42,0.39,0.39,0.39,0.4,0.39,0.39
210,,0.38,0.41,0.38,0.38,0.38,0.39,0.38,0.38
211,,0.37,0.4,0.37,0.37,0.37,0.38,0.37,0.37
212,,0.36,0.39,0.36,0.36,0.36,0.37,0.36,0.36
213,,0.35,0.38,0.35,0.35,0.35,0.36,0.35,0.35
214,,0.34,0.37,0.34,0.34,0.34,0.35,0.34,0.34
215,,0.33,0.36,0.33,0.33,0.33,0.34,0.33,0.33
216,,0.32,0.35,0.32,0.32,0.32,0.33,0.32,0.32
217,,0.31,0.34,0.31,0.31,0.31,0.32,0.31,0.31
218,,0.3,0.33,0.3,0.3,0.3,0.31,0.3,0.3
219,,0.29,0.32,0.29,0.29,0.29,0.3,0.29,0.29
220,,0.28,0.31,0.28,0.28,0.28,0.29,0.28,0.28
221,,0.27,0.3,0.27,0.27,0.27,0.28,0.27,0.27
222,,0.26,0.29,0.26,0.26,0.26,0.27,0.26,0.26
223,,0.25,0.28,0.25,0.25,0.25,0.26,0.25,0.25
224,,0.24,0.27,0.24,0.24,0.24,0.25,0.24,0.24
225,,0.23,0.26,0.23,0.23,0.23,0.24,0.23,0.23
226,,0.22,0.25,0.22,0.22,0.22,0.23,0.22,0.22
227,,0.21,0.24,0.21,0.21,0.21,0.22,0.21,0.21
228,,0.2,0.23,0.2,0.2,0.2,0.21,0.2,0.2
229,,0.19,0.22,0.19,0.19,0.19,0.2,0.19,0.19
230,,0.18,0.21,0.18,0.18,0.18,0.19,0.18,0.18
231,,0.17,0.2,0.17,0.17,0.17,0.18,0.17,0.17
232,,0.16,0.19,0.16,0.16,0.16,0.17,0.16,0.16
233,,0.15,0.18,0.15,0.15,0.15,0.16,0.15,0.15
234,,0.14,0.17,0.14,0.14,0.14,0.15,0.14,0.14
235,,0.13,0.16,0.13,0.13,0.13,0.14,0.13,0.13
236,,0.12,0.15,0.12,0.12,0.12,0.13,0.12,0.12
237,,0.11,0.14,0.11,0.11,0.11,0.12,0.11,0.11
238,,0.1,0.13,0.1,0.1,0.1,0.11,0.1,0.1
239,,0.09,0.12,0.09,0.09,0.09,0.1,0.09,0.09
240,,0.08,0.11,0.08,0.08,0.08,0.09,0.08,0.08
241,,0.07,0.1,0.07,0.07,0.07,0.08,0.07,0.07
242,,0.06,0.09,0.06,0.06,0.06,0.07,0.06,0.06
243,,0.05,0.08,0.05,0.05,0.05,0.06,0.05,0.05
244,,0.04,0.07,0.04,0.04,0.04,0.05,0.04,0.04
245,,0.03,0.06,0.03,0.03,0.03,0.04,0.03,0.03
246,,0.02,0.05,0.02,0.02,0.02,0.03,0.02,0.02
247,,0.01,0.04,0.01,0.01,0.01,0.02,0.01,0.01
248,,0.0,0.03,0.0,0.0,0.0,0.01,0.0,0.0
249,,-0.01,0.02,-0.01,-0.01,-0.01,0.0,-0.01,-0.01
250,4,0.139,0.31,0.421,0.99,0.421,0.29,0.139,0.08
251,4,0.288,0.6,0.852,1.0,0.852,0.58,0.288,0.17
252,,0.278,0.59,0.842,0.99,0.842,0.57,0.278,0.16
253,,0.268,0.58,0.832,0.98,0.832,0.56,0.268,0.15
254,,0.258,0.57,0.822,0.97,0.822,0.55,0.258,0.14
255,,0.248,0.56,0.812,0.96,0.812,0.54,0.248,0.13
256,,0.238,0.55,0.802,0.95,0.802,0.53,0.238,0.12
257,,0.228,0.54,0.792,0.94,0.792,0.52,0.228,0.11
258,,0.218,0.53,0.782,0.93,0.782,0.51,0.218,0.1
259,,0.208,0.52,0.772,0.92,0.772,0.5,0.208,0.09
260,,0.198,0.51,0.762,0.91,0.762,0.49,0.198,0.08
261,,0.188,0.5,0.752,0.9,0.752,0.48,0.188,0.07
262,,0.178,0.49,0.742,0.89,0.742,0.47,0.178,0.06
263,,0.168,0.48,0.732,0.88,0.732,0.46,0.168,0.05
264,,0.158,0.47,0.722,0.87,0.722,0.45,0.158,0.04
265,,0.148,0.46,0.712,0.86,0.712,0.44,0.148,0.03
266,,0.138,0.45,0.702,0.85,0.702,0.43,0.138,0.02
267,,0.128,0.44,0.692,0.84,0.692,0.42,0.128,0.01
268,,0.118,0.43,0.682,0.83,0.682,0.41,0.118,0.0
269,,0.108,0.42,0.672,0.82,0.672,0.4,0.108,-0.01
270,8,0.539,0.71,0.821,0.91,0.821,0.69,0.539,0.99
271,8,0.97,1.0,0.97,1.0,0.97,0.98,0.97,1.0
272,,0.96,0.99,0.96,0.99,0.96,0.97,0.96,0.99
273,,0.95,0.98,0.95,0.98,0.95,0.96,0.95,0.98
274,,0.94,0.97,0.94,0.97,0.94,0.95,0.94,0.97
275,,0.93,0.96,0.93,0.96,0.93,0.94,0.93,0.96
276,,0.92,0.95,0.92,0.95,0.92,0.93,0.92,0.95
277,,0.91,0.94,0.91,0.94,0.91,0.92,0.91,0.94
278,,0.9,0.93,0.9,0.93,0.9,0.91,0.9,0.93
279,,0.89,0.92,0.89,0.92,0.89,0.9,0.89,0.92
280,,0.88,0.91,0.88,0.91,0.88,0.89,0.88,0.91
281,,0.87,0.9,0.87,0.9,0.87,0.88,0.87,0.9
282,,0.86,0.89,0.86,0.89,0.86,0.87,0.86,0.89
283,,0.85,0.88,0.85,0.88,0.85,0.86,0.85,0.88
284,,0.84,0.87,0.84,0.87,0.84,0.85,0.84,0.87
285,,0.83,0.86,0.83,0.86,0.83,0.84,0.83,0.86
286,,0.82,0.85,0.82,0.85,0.82,0.83,0.82,0.85
287,,0.81,0.84,0.81,0.84,0.81,0.82,0.81,0.84
288,,0.8,0.83,0.8,0.83,0.8,0.81,0.8,0.83
289,,0.79,0.82,0.79,0.82,0.79,0.8,0.79,0.82
290,,0.78,0.81,0.78,0.81,0.78,0.79,0.78,0.81
291,,0.77,0.8,0.77,0.8,0.77,0.78,0.77,0.8
292,,0.76,0.79,0.76,0.79,0.76,0.77,0.76,0.79
293,,0.75,0.78,0.75,0.78,0.75,0.76,0.75,0.78
294,,0.74,0.77,0.74,0.77,0.74,0.75,0.74,0.77
295,,0.73,0.76,0.73,0.76,0.73,0.74,0.73,0.76
296,,0.72,0.75,0.72,0.75,0.72,0.73,0.72,0.75
297,,0.71,0.74,0.71,0.74,0.71,0.72,0.71,0.74
298,,0.7,0.73,0.7,0.73,0.7,0.71,0.7,0.73
299,,0.69,0.72,0.69,0.72,0.69,0.7,0.69,0.72
300,,0.68,0.71,0.68,0.71,0.68,0.69,0.68,0.71
301,,0.67,0.7,0.67,0.7,0.67,0.68,0.67,0.7
302,,0.66,0.69,0.66,0.69,0.66,0.67,0.66,0.69
303,,0.65,0.68,0.65,0.68,0.65,0.66,0.65,0.68
304,,0.64,0.67,0.64,0.67,0.64,0.65,0.64,0.67
305,,0.63,0.66,0.63,0.66,0.63,0.64,0.63,0.66
306,,0.62,0.65,0.62,0.65,0.62,0.63,0.62,0.65
307,,0.61,0.64,0.61,0.64,0.61,0.62,0.61,0.64
308,,0.6,0.63,0.6,0.63,0.6,0.61,0.6,0.63
309,,0.59,0.62,0.59,0.62,0.59,0.6,0.59,0.62
310,,0.58,0.61,0.58,0.61,0.58,0.59,0.58,0.61
311,,0.57,0.6,0.57,0.6,0.57,0.58,0.57,0.6
312,,0.56,0.59,0.56,0.59,0.56,0.57,0.56,0.59
313,,0.55,0.58,0.55,0.58,0.55,0.56,0.55,0.58
314,,0.54,0.57,0.54,0.57,0.54,0.55,0.54,0.57
315,,0.53,0.56,0.53,0.56,0.53,0.54,0.53,0.56
316,,0.52,0.55,0.52,0.55,0.52,0.53,0.52,0.55
317,,0.51,0.54,0.51,0.54,0.51,0.52,0.51,0.54
318,,0.5,0.53,0.5,0.53,0.5,0.51,0.5,0.53
319,,0.49,0.52,0.49,0.52,0.49,0.5,0.49,0.52
320,,0.48,0.51,0.48,0.51,0.48,0.49,0.48,0.51
321,,0.47,0.5,0.47,0.5,0.47,0.48,0.47,0.5
322,,0.46,0.49,0.46,0.49,0.46,0.47,0.46,0.49
323,,0.45,0.48,0.45,0.48,0.45,0.46,0.45,0.48
324,,0.44,0.47,0.44,0.47,0.44,0.45,0.44,0.47
325,,0.43,0.46,0.43,0.46,0.43,0.44,0.43,0.46
326,,0.42,0.45,0.42,0.45,0.42,0.43,0.42,0.45
327,,0.41,0.44,0.41,0.44,0.41,0.42,0.41,0.44
328,,0.4,0.43,0.4,0.43,0.4,0.41,0.4,0.43
329,,0.39,0.42,0.39,0.42,0.39,0.4,0.39,0.42
330,,0.38,0.41,0.38,0.41,0.38,0.39,0.38,0.41
331,,0.37,0.4,0.37,0.4,0.37,0.38,0.37,0.4
332,,0.36,0.39,0.36,0.39,0.36,0.37,0.36,0.39
333,,0.35,0.38,0.35,0.38,0.35,0.36,0.35,0.38
334,,0.34,0.37,0.34,0.37,0.34,0.35,0.34,0.37
335,,0.33,0.36,0.33,0.36,0.33,0.34,0.33,0.36
336,,0.32,0.35,0.32,0.35,0.32,0.33,0.32,0.35
337,,0.31,0.34,0.31,0.34,0.31,0.32,0.31,0.34
338,,0.3,0.33,0.3,0.33,0.3,0.31,0.3,0.33
339,,0.29,0.32,0.29,0.32,0.29,0.3,0.29,0.32
340,,0.28,0.31,0.28,0.31,0.28,0.29,0.28,0.31
341,,0.27,0.3,0.27,0.3,0.27,0.28,0.27,0.3
342,,0.26,0.29,0.26,0.29,0.26,0.27,0.26,0.29
343,,0.25,0.28,0.25,0.28,0.25,0.26,0.25,0.28
344,,0.24,0.27,0.24,0.27,0.24,0.25,0.24,0.27
345,,0.23,0.26,0.23,0.26,0.23,0.24,0.23,0.26
346,,0.22,0.25,0.22,0.25,0.22,0.23,0.22,0.25
347,,0.21,0.24,0.21,0.24,0.21,0.22,0.21,0.24
348,,0.2,0.23,0.2,0.23,0.2,0.21,0.2,0.23
349,,0.19,0.22,0.19,0.22,0.19,0.2,0.19,0.22
350,,0.18,0.21,0.18,0.21,0.18,0.19,0.18,0.21
351,,0.17,0.2,0.17,0.2,0.17,0.18,0.17,0.2
352,,0.16,0.19,0.16,0.19,0.16,0.17,0.16,0.19
353,,0.15,0.18,0.15,0.18,0.15,0.16,0.15,0.18
354,,0.14,0.17,0.14,0.17,0.14,0.15,0.14,0.17
355,,0.13,0.16,0.13,0.16,0.13,0.14,0.13,0.16
356,,0.12,0.15,0.12,0.15,0.12,0.13,0.12,0.15
357,,0.11,0.14,0.11,0.14,0.11,0.12,0.11,0.14
358,,0.1,0.13,0.1,0.13,0.1,0.11,0.1,0.13
359,,0.09,0.12,0.09,0.12,0.09,0.1,0.09,0.12
360,,0.08,0.11,0.08,0.11,0.08,0.09,0.08,0.11
361,,0.07,0.1,0.07,0.1,0.07,0.08,0.07,0.1
362,,0.06,0.09,0.06,0.09,0.06,0.07,0.06,0.09
363,,0.05,0.08,0.05,0.08,0.05,0.06,0.05,0.08
364,,0.04,0.07,0.04,0.07,0.04,0.05,0.04,0.07
365,,0.03,0.06,0.03,0.06,0.03,0.04,0.03,0.06
366,,0.02,0.05,0.02,0.05,0.02,0.03,0.02,0.05
367,,0.01,0.04,0.01,0.04,0.01,0.02,0.01,0.04
368,,0.0,0.03,0.0,0.03,0.0,0.01,0.0,0.03
369,,-0.01,0.02,-0.01,0.02,-0.01,0.0,-0.01,0.02
370,7,0.28,0.169,0.08,0.169,0.28,0.431,0.99,0.451
371,7,0.57,0.318,0.17,0.318,0.57,0.862,1.0,0.882
372,,0.56,0.308,0.16,0.308,0.56,0.852,0.99,0.872
373,,0.55,0.298,0.15,0.298,0.55,0.842,0.98,0.862
374,,0.54,0.288,0.14,0.288,0.54,0.832,0.97,0.852
375,,0.53,0.278,0.13,0.278,0.53,0.822,0.96,0.842
376,,0.52,0.268,0.12,0.268,0.52,0.812,0.95,0.832
377,,0.51,0.258,0.11,0.258,0.51,0.802,0.94,0.822
378,,0.5,0.248,0.1,0.248,0.5,0.792,0.93,0.812
379,,0.49,0.238,0.09,0.238,0.49,0.782,0.92,0.802
380,,0.48,0.228,0.08,0.228,0.48,0.772,0.91,0.792
381,,0.47,0.218,0.07,0.218,0.47,0.762,0.9,0.782
382,,0.46,0.208,0.06,0.208,0.46,0.752,0.89,0.772
383,,0.45,0.198,0.05,0.198,0.45,0.742,0.88,0.762
384,,0.44,0.188,0.04,0.188,0.44,0.732,0.87,0.752
385,,0.43,0.178,0.03,0.178,0.43,0.722,0.86,0.742
386,,0.42,0.168,0.02,0.168,0.42,0.712,0.85,0.732
387,,0.41,0.158,0.01,0.158,0.41,0.702,0.84,0.722
388,,0.4,0.148,0.0,0.148,0.4,0.692,0.83,0.712
389,,0.39,0.138,-0.01,0.138,0.39,0.682,0.82,0.702
390,3,0.68,0.569,0.99,0.569,0.68,0.831,0.91,0.851
391,3,0.97,1.0,1.0,1.0,0.97,0.98,1.0,1.0
392,,0.96,0.99,0.99,0.99,0.96,0.97,0.99,0.99
393,,0.95,0.98,0.98,0.98,0.95,0.96,0.98,0.98
394,,0.94,0.97,0.97,0.97,0.94,0.95,0.97,0.97
395,,0.93,0.96,0.96,0.96,0.93,0.94,0.96,0.96
396,,0.92,0.95,0.95,0.95,0.92,0.93,0.95,0.95
397,,0.91,0.94,0.94,0.94,0.91,0.92,0.94,0.94
398,,0.9,0.93,0.93,0.93,0.9,0.91,0.93,0.93
399,,0.89,0.92,0.92,0.92,0.89,0.9,0.92,0.92
400,,0.88,0.91,0.91,0.91,0.88,0.89,0.91,0.91
401,,0.87,0.9,0.9,0.9,0.87,0.88,0.9,0.9
402,,0.86,0.89,0.89,0.89,0.86,0.87,0.89,0.89
403,,0.85,0.88,0.88,0.88,0.85,0.86,0.88,0.88
404,,0.84,0.87,0.87,0.87,0.84,0.85,0.87,0.87
405,,0.83,0.86,0.86,0.86,0.83,0.84,0.86,0.86
406,,0.82,0.85,0.85,0.85,0.82,0.83,0.85,0.85
407,,0.81,0.84,0.84,0.84,0.81,0.82,0.84,0.84
408,,0.8,0.83,0.83,0.83,0.8,0.81,0.83,0.83
409,,0.79,0.82,0.82,0.82,0.79,0.8,0.82,0.82
410,,0.78,0.81,0.81,0.81,0.78,0.79,0.81,0.81
411,,0.77,0.8,0.8,0.8,0.77,0.78,0.8,0.8
412,,0.76,0.79,0.79,0.79,0.76,0.77,0.79,0.79
413,,0.75,0.78,0.78,0.78,0.75,0.76,0.78,0.78
414,,0.74,0.77,0.77,0.77,0.74,0.75,0.77,0.77
415,,0.73,0.76,0.76,0.76,0.73,0.74,0.76,0.76
416,,0.72,0.75,0.75,0.75,0.72,0.73,0.75,0.75
417,,0.71,0.74,0.74,0.74,0.71,0.72,0.74,0.74
418,,0.7,0.73,0.73,0.73,0.7,0.71,0.73,0.73
419,,0.69,0.72,0.72,0.72,0.69,0.7,0.72,0.72
420,,0.68,0.71,0.71,0.71,0.68,0.69,0.71,0.71
421,,0.67,0.7,0.7,0.7,0.67,0.68,0.7,0.7
422,,0.66,0.69,0.69,0.69,0.66,0.67,0.69,0.69
423,,0.65,0.68,0.68,0.68,0.65,0.66,0.68,0.68
424,,0.64,0.67,0.67,0.67,0.64,0.65,0.67,0.67
425,,0.63,0.66,0.66,0.66,0.63,0.64,0.66,0.66
426,,0.62,0.65,0.65,0.65,0.62,0.63,0.65,0.65
427,,0.61,0.64,0.64,0.64,0.61,0.62,0.64,0.64
428,,0.6,0.63,0.63,0.63,0.6,0.61,0.63,0.63
429,,0.59,0.62,0.62,0.62,0.59,0.6,0.62,0.62
430,,0.58,0.61,0.61,0.61,0.58,0.59,0.61,0.61
431,,0.57,0.6,0.6,0.6,0.57,0.58,0.6,0.6
432,,0.56,0.59,0.59,0.59,0.56,0.57,0.59,0.59
433,,0.55,0.58,0.58,0.58,0.55,0.56,0.58,0.58
434,,0.54,0.57,0.57,0.57,0.54,0.55,0.57,0.57
435,,0.53,0.56,0.56,0.56,0.53,0.54,0.56,0.56
436,,0.52,0.55,0.55,0.55,0.52,0.53,0.55,0.55
437,,0.51,0.54,0.54,0.54,0.51,0.52,0.54,0.54
438,,0.5,0.53,0.53,0.53,0.5,0.51,0.53,0.53
439,,0.49,0.52,0.52,0.52,0.49,0.5,0.52,0.52
440,,0.48,0.51,0.51,0.51,0.48,0.49,0.51,0.51
441,,0.47,0.5,0.5,0.5,0.47,0.48,0.5,0.5
442,,0.46,0.49,0.49,0.49,0.46,0.47,0.49,0.49
443,,0.45,0.48,0.48,0.48,0.45,0.46,0.48,0.48
444,,0.44,0.47,0.47,0.47,0.44,0.45,0.47,0.47
445,,0.43,0.46,0.46,0.46,0.43,0.44,0.46,0.46
446,,0.42,0.45,0.45,0.45,0.42,0.43,0.45,0.45
447,,0.41,0.44,0.44,0.44,0.41,0.42,0.44,0.44
448,,0.4,0.43,0.43,0.43,0.4,0.41,0.43,0.43
449,,0.39,0.42,0.42,0.42,0.39,0.4,0.42,0.42
450,,0.38,0.41,0.41,0.41,0.38,0.39,0.41,0.41
451,,0.37,0.4,0.4,0.4,0.37,0.38,0.4,0.4
452,,0.36,0.39,0.39,0.39,0.36,0.37,0.39,0.39
453,,0.35,0.38,0.38,0.38,0.35,0.36,0.38,0.38
454,,0.34,0.37,0.37,0.37,0.34,0.35,0.37,0.37
455,,0.33,0.36,0.36,0.36,0.33,0.34,0.36,0.36
456,,0.32,0.35,0.35,0.35,0.32,0.33,0.35,0.35
457,,0.31,0.34,0.34,0.34,0.31,0.32,0.34,0.34
458,,0.3,0.33,0.33,0.33,0.3,0.31,0.33,0.33
459,,0.29,0.32,0.32,0.32,0.29,0.3,0.32,0.32
460,,0.28,0.31,0.31,0.31,0.28,0.29,0.31,0.31
461,,0.27,0.3,0.3,0.3,0.27,0.28,0.3,0.3
462,,0.26,0.29,0.29,0.29,0.26,0.27,0.29,0.29
463,,0.25,0.28,0.28,0.28,0.25,0.26,0.28,0.28
464,,0.24,0.27,0.27,0.27,0.24,0.25,0.27,0.27
465,,0.23,0.26,0.26,0.26,0.23,0.24,0.26,0.26
466,,0.22,0.25,0.25,0.25,0.22,0.23,0.25,0.25
467,,0.21,0.24,0.24,0.24,0.21,0.22,0.24,0.24
468,,0.2,0.23,0.23,0.23,0.2,0.21,0.23,0.23
469,,0.19,0.22,0.22,0.22,0.19,0.2,0.22,0.22
470,,0.18,0.21,0.21,0.21,0.18,0.19,0.21,0.21
471,,0.17,0.2,0.2,0.2,0.17,0.18,0.2,0.2
472,,0.16,0.19,0.19,0.19,0.16,0.17,0.19,0.19
473,,0.15,0.18,0.18,0.18,0.15,0.16,0.18,0.18
474,,0.14,0.17,0.17,0.17,0.14,0.15,0.17,0.17
475,,0.13,0.16,0.16,0.16,0.13,0.14,0.16,0.16
476,,0.12,0.15,0.15,0.15,0.12,0.13,0.15,0.15
477,,0.11,0.14,0.14,0.14,0.11,0.12,0.14,0.14
478,,0.1,0.13,0.13,0.13,0.1,0.11,0.13,0.13
479,,0.09,0.12,0.12,0.12,0.09,0.1,0.12,0.12
480,,0.08,0.11,0.11,0.11,0.08,0.09,0.11,0.11
481,,0.07,0.1,0.1,0.1,0.07,0.08,0.1,0.1
482,,0.06,0.09,0.09,0.09,0.06,0.07,0.09,0.09
483,,0.05,0.08,0.08,0.08,0.05,0.06,0.08,0.08
484,,0.04,0.07,0.07,0.07,0.04,0.05,0.07,0.07
485,,0.03,0.06,0.06,0.06,0.03,0.04,0.06,0.06
486,,0.02,0.05,0.05,0.05,0.02,0.03,0.05,0.05
487,,0.01,0.04,0.04,0.04,0.01,0.02,0.04,0.04
488,,0.0,0.03,0.03,0.03,0.0,0.01,0.03,0.03
489,,-0.01,0.02,0.02,0.02,-0.01,0.0,0.02,0.02
490,5,0.08,0.169,0.31,0.451,0.99,0.431,0.31,0.169
491,5,0.17,0.318,0.6,0.882,1.0,0.862,0.6,0.318
492,,0.16,0.308,0.59,0.872,0.99,0.852,0.59,0.308
493,,0.15,0.298,0.58,0.862,0.98,0.842,0.58,0.298
494,,0.14,0.288,0.57,0.852,0.97,0.832,0.57,0.288
495,,0.13,0.278,0.56,0.842,0.96,0.822,0.56,0.278
496,,0.12,0.268,0.55,0.832,0.95,0.812,0.55,0.268
497,,0.11,0.258,0.54,0.822,0.94,0.802,0.54,0.258
498,,0.1,0.248,0.53,0.812,0.93,0.792,0.53,0.248
499,,0.09,0.238,0.52,0.802,0.92,0.782,0.52,0.238
500,,0.08,0.228,0.51,0.792,0.91,0.772,0.51,0.228
501,,0.07,0.218,0.5,0.782,0.9,0.762,0.5,0.218
502,,0.06,0.208,0.49,0.772,0.89,0.752,0.49,0.208
503,,0.05,0.198,0.48,0.762,0.88,0.742,0.48,0.198
504,,0.04,0.188,0.47,0.752,0.87,0.732,0.47,0.188
505,,0.03,0.178,0.46,0.742,0.86,0.722,0.46,0.178
506,,0.02,0.168,0.45,0.732,0.85,0.712,0.45,0.168
507,,0.01,0.158,0.44,0.722,0.84,0.702,0.44,0.158
508,,0.0,0.148,0.43,0.712,0.83,0.692,0.43,0.148
509,,-0.01,0.138,0.42,0.702,0.82,0.682,0.42,0.138
510,1,0.99,0.569,0.71,0.851,0.91,0.831,0.71,0.569
511,1,1.0,1.0,1.0,1.0,1.0,0.98,1.0,1.0
512,,0.99,0.99,0.99,0.99,0.99,0.97,0.99,0.99
513,,0.98,0.98,0.98,0.98,0.98,0.96,0.98,0.98
514,,0.97,0.97,0.97,0.97,0.97,0.95,0.97,0.97
515,,0.96,0.96,0.96,0.96,0.96,0.94,0.96,0.96
516,,0.95,0.95,0.95,0.95,0.95,0.93,0.95,0.95
517,,0.94,0.94,0.94,0.94,0.94,0.92,0.94,0.94
518,,0.93,0.93,0.93,0.93,0.93,0.91,0.93,0.93
519,,0.92,0.92,0.92,0.92,0.92,0.9,0.92,0.92
520,,0.91,0.91,0.91,0.91,0.91,0.89,0.91,0.91
521,,0.9,0.9,0.9,0.9,0.9,0.88,0.9,0.9
522,,0.89,0.89,0.89,0.89,0.89,0.87,0.89,0.89
523,,0.88,0.88,0.88,0.88,0.88,0.86,0.88,0.88
524,,0.87,0.87,0.87,0.87,0.87,0.85,0.87,0.87
525,,0.86,0.86,0.86,0.86,0.86,0.84,0.86,0.86
526,,0.85,0.85,0.85,0.85,0.85,0.83,0.85,0.85
527,,0.84,0.84,0.84,0.84,0.84,0.82,0.84,0.84
528,,0.83,0.83,0.83,0.83,0.83,0.81,0.83,0.83
529,,0.82,0.82,0.82,0.82,0.82,0.8,0.82,0.82
530,,0.81,0.81,0.81,0.81,0.81,0.79,0.81,0.81
531,,0.8,0.8,0.8,0.8,0.8,0.78,0.8,0.8
532,,0.79,0.79,0.79,0.79,0.79,0.77,0.79,0.79
533,,0.78,0.78,0.78,0.78,0.78,0.76,0.78,0.78
534,,0.77,0.77,0.77,0.77,0.77,0.75,0.77,0.77
535,,0.76,0.76,0.76,0.76,0.76,0.74,0.76,0.76
536,,0.75,0.75,0.75,0.75,0.75,0.73,0.75,0.75
537,,0.74,0.74,0.74,0.74,0.74,0.72,0.74,0.74
538,,0.73,0.73,0.73,0.73,0.73,0.71,0.73,0.73
539,,0.72,0.72,0.72,0.72,0.72,0.7,0.72,0.72
540,,0.71,0.71,0.71,0.71,0.71,0.69,0.71,0.71
541,,0.7,0.7,0.7,0.7,0.7,0.68,0.7,0.7
542,,0.69,0.69,0.69,0.69,0.69,0.67,0.69,0.69
543,,0.68,0.68,0.68,0.68,0.68,0.66,0.68,0.68
544,,0.67,0.67,0.67,0.67,0.67,0.65,0.67,0.67
545,,0.66,0.66,0.66,0.66,0.66,0.64,0.66,0.66
546,,0.65,0.65,0.65,0.65,0.65,0.63,0.65,0.65
547,,0.64,0.64,0.64,0.64,0.64,0.62,0.64,0.64
548,,0.63,0.63,0.63,0.63,0.63,0.61,0.63,0.63
549,,0.62,0.62,0.62,0.62,0.62,0.6,0.62,0.62
550,,0.61,0.61,0.61,0.61,0.61,0.59,0.61,0.61
551,,0.6,0.6,0.6,0.6,0.6,0.58,0.6,0.6
552,,0.59,0.59,0.59,0.59,0.59,0.57,0.59,0.59
553,,0.58,0.58,0.58,0.58,0.58,0.56,0.58,0.58
554,,0.57,0.57,0.57,0.57,0.57,0.55,0.57,0.57
555,,0.56,0.56,0.56,0.56,0.56,0.54,0.56,0.56
556,,0.55,0.55,0.55,0.55,0.55,0.53,0.55,0.55
557,,0.54,0.54,0.54,0.54,0.54,0.52,0.54,0.54
558,,0.53,0.53,0.53,0.53,0.53,0.51,0.53,0.53
559,,0.52,0.52,0.52,0.52,0.52,0.5,0.52,0.52
560,,0.51,0.51,0.51,0.51,0.51,0.49,0.51,0.51
561,,0.5,0.5,0.5,0.5,0.5,0.48,0.5,0.5
562,,0.49,0.49,0.49,0.49,0.49,0.47,0.49,0.49
563,,0.48,0.48,0.48,0.48,0.48,0.46,0.48,0.48
564,,0.47,0.47,0.47,0.47,0.47,0.45,0.47,0.47
565,,0.46,0.46,0.46,0.46,0.46,0.44,0.46,0.46
566,,0.45,0.45,0.45,0.45,0.45,0.43,0.45,0.45
567,,0.44,0.44,0.44,0.44,0.44,0.42,0.44,0.44
568,,0.43,0.43,0.43,0.43,0.43,0.41,0.43,0.43
569,,0.42,0.42,0.42,0.42,0.42,0.4,0.42,0.42
570,,0.41,0.41,0.41,0.41,0.41,0.39,0.41,0.41
571,,0.4,0.4,0.4,0.4,0.4,0.38,0.4,0.4
572,,0.39,0.39,0.39,0.39,0.39,0.37,0.39,0.39
573,,0.38,0.38,0.38,0.38,0.38,0.36,0.38,0.38
574,,0.37,0.37,0.37,0.37,0.37,0.35,0.37,0.37
575,,0.36,0.36,0.36,0.36,0.36,0.34,0.36,0.36
576,,0.35,0.35,0.35,0.35,0.35,0.33,0.35,0.35
577,,0.34,0.34,0.34,0.34,0.34,0.32,0.34,0.34
578,,0.33,0.33,0.33,0.33,0.33,0.31,0.33,0.33
579,,0.32,0.32,0.32,0.32,0.32,0.3,0.32,0.32
580,,0.31,0.31,0.31,0.31,0.31,0.29,0.31,0.31
581,,0.3,0.3,0.3,0.3,0.3,0.28,0.3,0.3
582,,0.29,0.29,0.29,0.29,0.29,0.27,0.29,0.29
583,,0.28,0.28,0.28,0.28,0.28,0.26,0.28,0.28
584,,0.27,0.27,0.27,0.27,0.27,0.25,0.27,0.27
585,,0.26,0.26,0.26,0.26,0.26,0.24,0.26,0.26
586,,0.25,0.25,0.25,0.25,0.25,0.23,0.25,0.25
587,,0.24,0.24,0.24,0.24,0.24,0.22,0.24,0.24
588,,0.23,0.23,0.23,0.23,0.23,0.21,0.23,0.23
589,,0.22,0.22,0.22,0.22,0.22,0.2,0.22,0.22
590,,0.21,0.21,0.21,0.21,0.21,0.19,0.21,0.21
591,,0.2,0.2,0.2,0.2,0.2,0.18,0.2,0.2
592,,0.19,0.19,0.19,0.19,0.19,0.17,0.19,0.19
593,,0.18,0.18,0.18,0.18,0.18,0.16,0.18,0.18
594,,0.17,0.17,0.17,0.17,0.17,0.15,0.17,0.17
595,,0.16,0.16,0.16,0.16,0.16,0.14,0.16,0.16
596,,0.15,0.15,0.15,0.15,0.15,0.13,0.15,0.15
597,,0.14,0.14,0.14,0.14,0.14,0.12,0.14,0.14
598,,0.13,0.13,0.13,0.13,0.13,0.11,0.13,0.13
599,,0.12,0.12,0.12,0.12,0.12,0.1,0.12,0.12
600,,0.11,0.11,0.11,0.11,0.11,0.09,0.11,0.11
601,,0.1,0.1,0.1,0.1,0.1,0.08,0.1,0.1
602,,0.09,0.09,0.09,0.09,0.09,0.07,0.09,0.09
603,,0.08,0.08,0.08,0.08,0.08,0.06,0.08,0.08
604,,0.07,0.07,0.07,0.07,0.07,0.05,0.07,0.07
605,,0.06,0.06,0.06,0.06,0.06,0.04,0.06,0.06
606,,0.05,0.05,0.05,0.05,0.05,0.03,0.05,0.05
607,,0.04,0.04,0.04,0.04,0.04,0.02,0.04,0.04
608,,0.03,0.03,0.03,0.03,0.03,0.01,0.03,0.03
609,,0.02,0.02,0.02,0.02,0.02,0.0,0.02,0.02
610,,0.01,0.01,0.01,0.01,0.01,-0.01,0.01,0.01
611,6,0.159,0.1,0.159,0.3,0.441,0.99,0.441,0.3
612,6,0.308,0.19,0.308,0.59,0.872,1.0,0.872,0.59
613,,0.298,0.18,0.298,0.58,0.862,0.99,0.862,0.58
614,,0.288,0.17,0.288,0.57,0.852,0.98,0.852,0.57
615,,0.278,0.16,0.278,0.56,0.842,0.97,0.842,0.56
616,,0.268,0.15,0.268,0.55,0.832,0.96,0.832,0.55
617,,0.258,0.14,0.258,0.54,0.822,0.95,0.822,0.54
618,,0.248,0.13,0.248,0.53,0.812,0.94,0.812,0.53
619,,0.238,0.12,0.238,0.52,0.802,0.93,0.802,0.52
620,,0.228,0.11,0.228,0.51,0.792,0.92,0.792,0.51
621,,0.218,0.1,0.218,0.5,0.782,0.91,0.782,0.5
622,,0.208,0.09,0.208,0.49,0.772,0.9,0.772,0.49
623,,0.198,0.08,0.198,0.48,0.762,0.89,0.762,0.48
624,,0.188,0.07,0.188,0.47,0.752,0.88,0.752,0.47
625,,0.178,0.06,0.178,0.46,0.742,0.87,0.742,0.46
626,,0.168,0.05,0.168,0.45,0.732,0.86,0.732,0.45
627,,0.158,0.04,0.158,0.44,0.722,0.85,0.722,0.44
628,,0.148,0.03,0.148,0.43,0.712,0.84,0.712,0.43
629,,0.138,0.02,0.138,0.42,0.702,0.83,0.702,0.42
630,,0.128,0.01,0.128,0.41,0.692,0.82,0.692,0.41
631,,0.118,0.0,0.118,0.4,0.682,0.81,0.682,0.4
632,,0.108,-0.01,0.108,0.39,0.672,0.8,0.672,0.39
633,2,0.539,0.99,0.539,0.68,0.821,0.89,0.821,0.68
634,2,0.97,1.0,0.97,0.97,0.97,0.98,0.97,0.97
635,,0.96,0.99,0.96,0.96,0.96,0.97,0.96,0.96
636,,0.95,0.98,0.95,0.95,0.95,0.96,0.95,0.95
637,,0.94,0.97,0.94,0.94,0.94,0.95,0.94,0.94
638,,0.93,0.96,0.93,0.93,0.93,0.94,0.93,0.93
639,,0.92,0.95,0.92,0.92,0.92,0.93,0.92,0.92
640,,0.91,0.94,0.91,0.91,0.91,0.92,0.91,0.91
641,,0.9,0.93,0.9,0.9,0.9,0.91,0.9,0.9
642,,0.89,0.92,0.89,0.89,0.89,0.9,0.89,0.89
643,,0.88,0.91,0.88,0.88,0.88,0.89,0.88,0.88
644,,0.87,0.9,0.87,0.87,0.87,0.88,0.87,0.87
645,,0.86,0.89,0.86,0.86,0.86,0.87,0.86,0.86
646,,0.85,0.88,0.85,0.85,0.85,0.86,0.85,0.85
647,,0.84,0.87,0.84,0.84,0.84,0.85,0.84,0.84
648,,0.83,0.86,0.83,0.83,0.83,0.84,0.83,0.83
649,,0.82,0.85,0.82,0.82,0.82,0.83,0.82,0.82
650,,0.81,0.84,0.81,0.81,0.81,0.82,0.81,0.81
651,,0.8,0.83,0.8,0.8,0.8,0.81,0.8,0.8
652,,0.79,0.82,0.79,0.79,0.79,0.8,0.79,0.79
653,,0.78,0.81,0.78,0.78,0.78,0.79,0.78,0.78
654,,0.77,0.8,0.77,0.77,0.77,0.78,0.77,0.77
655,,0.76,0.79,0.76,0.76,0.76,0.77,0.76,0.76
656,,0.75,0.78,0.75,0.75,0.75,0.76,0.75,0.75
657,,0.74,0.77,0.74,0.74,0.74,0.75,0.74,0.74
658,,0.73,0.76,0.73,0.73,0.73,0.74,0.73,0.73
659,,0.72,0.75,0.72,0.72,0.72,0.73,0.72,0.72
660,,0.71,0.74,0.71,0.71,0.71,0.72,0.71,0.71
661,,0.7,0.73,0.7,0.7,0.7,0.71,0.7,0.7
662,,0.69,0.72,0.69,0.69,0.69,0.7,0.69,0.69
663,,0.68,0.71,0.68,0.68,0.68,0.69,0.68,0.68
664,,0.67,0.7,0.67,0.67,0.67,0.68,0.67,0.67
665,,0.66,0.69,0.66,0.66,0.66,0.67,0.66,0.66
666,,0.65,0.68,0.65,0.65,0.65,0.66,0.65,0.65
667,,0.64,0.67,0.64,0.64,0.64,0.65,0.64,0.64
668,,0.63,0.66,0.63,0.63,0.63,0.64,0.63,0.63
669,,0.62,0.65,0.62,0.62,0.62,0.63,0.62,0.62
670,,0.61,0.64,0.61,0.61,0.61,0.62,0.61,0.61
671,,0.6,0.63,0.6,0.6,0.6,0.61,0.6,0.6
672,,0.59,0.62,0.59,0.59,0.59,0.6,0.59,0.59
673,,0.58,0.61,0.58,0.58,0.58,0.59,0.58,0.58
674,,0.57,0.6,0.57,0.57,0.57,0.58,0.57,0.57
675,,0.56,0.59,0.56,0.56,0.56,0.57,0.56,0.56
676,,0.55,0.58,0.55,0.55,0.55,0.56,0.55,0.55
677,,0.54,0.57,0.54,0.54,0.54,0.55,0.54,0.54
678,,0.53,0.56,0.53,0.53,0.53,0.54,0.53,0.53
679,,0.52,0.55,0.52,0.52,0.52,0.53,0.52,0.52
680,,0.51,0.54,0.51,0.51,0.51,0.52,0.51,0.51
681,,0.5,0.53,0.5,0.5,0.5,0.51,0.5,0.5
682,,0.49,0.52,0.49,0.49,0.49,0.5,0.49,0.49
683,,0.48,0.51,0.48,0.48,0.48,0.49,0.48,0.48
684,,0.47,0.5,0.47,0.47,0.47,0.48,0.47,0.47
685,,0.46,0.49,0.46,0.46,0.46,0.47,0.46,0.46
686,,0.45,0.48,0.45,0.45,0.45,0.46,0.45,0.45
687,,0.44,0.47,0.44,0.44,0.44,0.45,0.44,0.44
688,,0.43,0.46,0.43,0.43,0.43,0.44,0.43,0.43
689,,0.42,0.45,0.42,0.42,0.42,0.43,0.42,0.42
690,,0.41,0.44,0.41,0.41,0.41,0.42,0.41,0.41
691,,0.4,0.43,0.4,0.4,0.4,0.41,0.4,0.4
692,,0.39,0.42,0.39,0.39,0.39,0.4,0.39,0.39
693,,0.38,0.41,0.38,0.38,0.38,0.39,0.38,0.38
694,,0.37,0.4,0.37,0.37,0.37,0.38,0.37,0.37
695,,0.36,0.39,0.36,0.36,0.36,0.37,0.36,0.36
696,,0.35,0.38,0.35,0.35,0.35,0.36,0.35,0.35
697,,0.34,0.37,0.34,0.34,0.34,0.35,0.34,0.34
698,,0.33,0.36,0.33,0.33,0.33,0.34,0.33,0.33
699,,0.32,0.35,0.32,0.32,0.32,0.33,0.32,0.32
700,,0.31,0.34,0.31,0.31,0.31,0.32,0.31,0.31
701,,0.3,0.33,0.3,0.3,0.3,0.31,0.3,0.3
702,,0.29,0.32,0.29,0.29,0.29,0.3,0.29,0.29
703,,0.28,0.31,0.28,0.28,0.28,0.29,0.28,0.28
704,,0.27,0.3,0.27,0.27,0.27,0.28,0.27,0.27
705,,0.26,0.29,0.26,0.26,0.26,0.27,0.26,0.26
706,,0.25,0.28,0.25,0.25,0.25,0.26,0.25,0.25
707,,0.24,0.27,0.24,0.24,0.24,0.25,0.24,0.24
708,,0.23,0.26,0.23,0.23,0.23,0.24,0.23,0.23
709,,0.22,0.25,0.22,0.22,0.22,0.23,0.22,0.22
710,,0.21,0.24,0.21,0.21,0.21,0.22,0.21,0.21
711,,0.2,0.23,0.2,0.2,0.2,0.21,0.2,0.2
712,,0.19,0.22,0.19,0.19,0.19,0.2,0.19,0.19
713,,0.18,0.21,0.18,0.18,0.18,0.19,0.18,0.18
714,,0.17,0.2,0.17,0.17,0.17,0.18,0.17,0.17
715,,0.16,0.19,0.16,0.16,0.16,0.17,0.16,0.16
716,,0.15,0.18,0.15,0.15,0.15,0.16,0.15,0.15
717,,0.14,0.17,0.14,0.14,0.14,0.15,0.14,0.14
718,,0.13,0.16,0.13,0.13,0.13,0.14,0.13,0.13
719,,0.12,0.15,0.12,0.12,0.12,0.13,0.12,0.12
720,,0.11,0.14,0.11,0.11,0.11,0.12,0.11,0.11
721,,0.1,0.13,0.1,0.1,0.1,0.11,0.1,0.1
722,,0.09,0.12,0.09,0.09,0.09,0.1,0.09,0.09
723,,0.08,0.11,0.08,0.08,0.08,0.09,0.08,0.08
724,,0.07,0.1,0.07,0.07,0.07,0.08,0.07,0.07
725,,0.06,0.09,0.06,0.06,0.06,0.07,0.06,0.06
726,,0.05,0.08,0.05,0.05,0.05,0.06,0.05,0.05
727,,0.04,0.07,0.04,0.04,0.04,0.05,0.04,0.04
728,,0.03,0.06,0.03,0.03,0.03,0.04,0.03,0.03
729,,0.02,0.05,0.02,0.02,0.02,0.03,0.02,0.02
730,,0.01,0.04,0.01,0.01,0.01,0.02,0.01,0.01
731,,0.0,0.03,0.0,0.0,0.0,0.01,0.0,0.0
732,,-0.01,0.02,-0.01,-0.01,-0.01,0.0,-0.01,-0.01
733,8,0.421,0.31,0.139,0.08,0.139,0.29,0.421,0.99
734,8,0.852,0.6,0.288,0.17,0.288,0.58,0.852,1.0
735,,0.842,0.59,0.278,0.16,0.278,0.57,0.842,0.99
736,,0.832,0.58,0.268,0.15,0.268,0.56,0.832,0.98
737,,0.822,0.57,0.258,0.14,0.258,0.55,0.822,0.97
738,,0.812,0.56,0.248,0.13,0.248,0.54,0.812,0.96
739,,0.802,0.55,0.238,0.12,0.238,0.53,0.802,0.95
740,,0.792,0.54,0.228,0.11,0.228,0.52,0.792,0.94
741,,0.782,0.53,0.218,0.1,0.218,0.51,0.782,0.93
742,,0.772,0.52,0.208,0.09,0.208,0.5,0.772,0.92
743,,0.762,0.51,0.198,0.08,0.198,0.49,0.762,0.91
744,,0.752,0.5,0.188,0.07,0.188,0.48,0.752,0.9
745,,0.742,0.49,0.178,0.06,0.178,0.47,0.742,0.89
746,,0.732,0.48,0.168,0.05,0.168,0.46,0.732,0.88
747,,0.722,0.47,0.158,0.04,0.158,0.45,0.722,0.87
748,,0.712,0.46,0.148,0.03,0.148,0.44,0.712,0.86
749,,0.702,0.45,0.138,0.02,0.138,0.43,0.702,0.85
750,,0.692,0.44,0.128,0.01,0.128,0.42,0.692,0.84
751,,0.682,0.43,0.118,0.0,0.118,0.41,0.682,0.83
752,,0.672,0.42,0.108,-0.01,0.108,0.4,0.672,0.82
753,4,0.821,0.71,0.539,0.99,0.539,0.69,0.821,0.91
754,4,0.97,1.0,0.97,1.0,0.97,0.98,0.97,1.0
755,,0.96,0.99,0.96,0.99,0.96,0.97,0.96,0.99
756,,0.95,0.98,0.95,0.98,0.95,0.96,0.95,0.98
757,,0.94,0.97,0.94,0.97,0.94,0.95,0.94,0.97
758,,0.93,0.96,0.93,0.96,0.93,0.94,0.93,0.96
759,,0.92,0.95,0.92,0.95,0.92,0.93,0.92,0.95
760,,0.91,0.94,0.91,0.94,0.91,0.92,0.91,0.94
761,,0.9,0.93,0.9,0.93,0.9,0.91,0.9,0.93
762,,0.89,0.92,0.89,0.92,0.89,0.9,0.89,0.92
763,,0.88,0.91,0.88,0.91,0.88,0.89,0.88,0.91
764,,0.87,0.9,0.87,0.9,0.87,0.88,0.87,0.9
765,,0.86,0.89,0.86,0.89,0.86,0.87,0.86,0.89
766,,0.85,0.88,0.85,0.88,0.85,0.86,0.85,0.88
767,,0.84,0.87,0.84,0.87,0.84,0.85,0.84,0.87
768,,0.83,0.86,0.83,0.86,0.83,0.84,0.83,0.86
769,,0.82,0.85,0.82,0.85,0.82,0.83,0.82,0.85
770,,0.81,0.84,0.81,0.84,0.81,0.82,0.81,0.84
771,,0.8,0.83,0.8,0.83,0.8,0.81,0.8,0.83
772,,0.79,0.82,0.79,0.82,0.79,0.8,0.79,0.82
773,,0.78,0.81,0.78,0.81,0.78,0.79,0.78,0.81
774,,0.77,0.8,0.77,0.8,0.77,0.78,0.77,0.8
775,,0.76,0.79,0.76,0.79,0.76,0.77,0.76,0.79
776,,0.75,0.78,0.75,0.78,0.75,0.76,0.75,0.78
777,,0.74,0.77,0.74,0.77,0.74,0.75,0.74,0.77
778,,0.73,0.76,0.73,0.76,0.73,0.74,0.73,0.76
779,,0.72,0.75,0.72,0.75,0.72,0.73,0.72,0.75
780,,0.71,0.74,0.71,0.74,0.71,0.72,0.71,0.74
781,,0.7,0.73,0.7,0.73,0.7,0.71,0.7,0.73
782,,0.69,0.72,0.69,0.72,0.69,0.7,0.69,0.72
783,,0.68,0.71,0.68,0.71,0.68,0.69,0.68,0.71
784,,0.67,0.7,0.67,0.7,0.67,0.68,0.67,0.7
785,,0.66,0.69,0.66,0.69,0.66,0.67,0.66,0.69
786,,0.65,0.68,0.65,0.68,0.65,0.66,0.65,0.68
787,,0.64,0.67,0.64,0.67,0.64,0.65,0.64,0.67
788,,0.63,0.66,0.63,0.66,0.63,0.64,0.63,0.66
789,,0.62,0.65,0.62,0.65,0.62,0.63,0.62,0.65
790,,0.61,0.64,0.61,0.64,0.61,0.62,0.61,0.64
791,,0.6,0.63,0.6,0.63,0.6,0.61,0.6,0.63
792,,0.59,0.62,0.59,0.62,0.59,0.6,0.59,0.62
793,,0.58,0.61,0.58,0.61,0.58,0.59,0.58,0.61
794,,0.57,0.6,0.57,0.6,0.57,0.58,0.57,0.6
795,,0.56,0.59,0.56,0.59,0.56,0.57,0.56,0.59
796,,0.55,0.58,0.55,0.58,0.55,0.56,0.55,0.58
797,,0.54,0.57,0.54,0.57,0.54,0.55,0.54,0.57
798,,0.53,0.56,0.53,0.56,0.53,0.54,0.53,0.56
799,,0.52,0.55,0.52,0.55,0.52,0.53,0.52,0.55
800,,0.51,0.54,0.51,0.54,0.51,0.52,0.51,0.54
801,,0.5,0.53,0.5,0.53,0.5,0.51,0.5,0.53
802,,0.49,0.52,0.49,0.52,0.49,0.5,0.49,0.52
803,,0.48,0.51,0.48,0.51,0.48,0.49,0.48,0.51
804,,0.47,0.5,0.47,0.5,0.47,0.48,0.47,0.5
805,,0.46,0.49,0.46,0.49,0.46,0.47,0.46,0.49
806,,0.45,0.48,0.45,0.48,0.45,0.46,0.45,0.48
807,,0.44,0.47,0.44,0.47,0.44,0.45,0.44,0.47
808,,0.43,0.46,0.43,0.46,0.43,0.44,0.43,0.46
809,,0.42,0.45,0.42,0.45,0.42,0.43,0.42,0.45
810,,0.41,0.44,0.41,0.44,0.41,0.42,0.41,0.44
811,,0.4,0.43,0.4,0.43,0.4,0.41,0.4,0.43
812,,0.39,0.42,0.39,0.42,0.39,0.4,0.39,0.42
813,,0.38,0.41,0.38,0.41,0.38,0.39,0.38,0.41
814,,0.37,0.4,0.37,0.4,0.37,0.38,0.37,0.4
815,,0.36,0.39,0.36,0.39,0.36,0.37,0.36,0.39
816,,0.35,0.38,0.35,0.38,0.35,0.36,0.35,0.38
817,,0.34,0.37,0.34,0.37,0.34,0.35,0.34,0.37
818,,0.33,0.36,0.33,0.36,0.33,0.34,0.33,0.36
819,,0.32,0.35,0.32,0.35,0.32,0.33,0.32,0.35
820,,0.31,0.34,0.31,0.34,0.31,0.32,0.31,0.34
821,,0.3,0.33,0.3,0.33,0.3,0.31,0.3,0.33
822,,0.29,0.32,0.29,0.32,0.29,0.3,0.29,0.32
823,,0.28,0.31,0.28,0.31,0.28,0.29,0.28,0.31
824,,0.27,0.3,0.27,0.3,0.27,0.28,0.27,0.3
825,,0.26,0.29,0.26,0.29,0.26,0.27,0.26,0.29
826,,0.25,0.28,0.25,0.28,0.25,0.26,0.25,0.28
827,,0.24,0.27,0.24,0.27,0.24,0.25,0.24,0.27
828,,0.23,0.26,0.23,0.26,0.23,0.24,0.23,0.26
829,,0.22,0.25,0.22,0.25,0.22,0.23,0.22,0.25
830,,0.21,0.24,0.21,0.24,0.21,0.22,0.21,0.24
831,,0.2,0.23,0.2,0.23,0.2,0.21,0.2,0.23
832,,0.19,0.22,0.19,0.22,0.19,0.2,0.19,0.22
833,,0.18,0.21,0.18,0.21,0.18,0.19,0.18,0.21
834,,0.17,0.2,0.17,0.2,0.17,0.18,0.17,0.2
835,,0.16,0.19,0.16,0.19,0.16,0.17,0.16,0.19
836,,0.15,0.18,0.15,0.18,0.15,0.16,0.15,0.18
837,,0.14,0.17,0.14,0.17,0.14,0.15,0.14,0.17
838,,0.13,0.16,0.13,0.16,0.13,0.14,0.13,0.16
839,,0.12,0.15,0.12,0.15,0.12,0.13,0.12,0.15
840,,0.11,0.14,0.11,0.14,0.11,0.12,0.11,0.14
841,,0.1,0.13,0.1,0.13,0.1,0.11,0.1,0.13
842,,0.09,0.12,0.09,0.12,0.09,0.1,0.09,0.12
843,,0.08,0.11,0.08,0.11,0.08,0.09,0.08,0.11
844,,0.07,0.1,0.07,0.1,0.07,0.08,0.07,0.1
845,,0.06,0.09,0.06,0.09,0.06,0.07,0.06,0.09
846,,0.05,0.08,0.05,0.08,0.05,0.06,0.05,0.08
847,,0.04,0.07,0.04,0.07,0.04,0.05,0.04,0.07
848,,0.03,0.06,0.03,0.06,0.03,0.04,0.03,0.06
849,,0.02,0.05,0.02,0.05,0.02,0.03,0.02,0.05
850,,0.01,0.04,0.01,0.04,0.01,0.02,0.01,0.04
851,,0.0,0.03,0.0,0.03,0.0,0.01,0.0,0.03
852,,-0.01,0.02,-0.01,0.02,-0.01,0.0,-0.01,0.02
853,5,0.08,0.169,0.28,0.451,0.99,0.431,0.28,0.169
854,5,0.17,0.318,0.57,0.882,1.0,0.862,0.57,0.318
855,,0.16,0.308,0.56,0.872,0.99,0.852,0.56,0.308
856,,0.15,0.298,0.55,0.862,0.98,0.842,0.55,0.298
857,,0.14,0.288,0.54,0.852,0.97,0.832,0.54,0.288
858,,0.13,0.278,0.53,0.842,0.96,0.822,0.53,0.278
859,,0.12,0.268,0.52,0.832,0.95,0.812,0.52,0.268
860,,0.11,0.258,0.51,0.822,0.94,0.802,0.51,0.258
861,,0.1,0.248,0.5,0.812,0.93,0.792,0.5,0.248
862,,0.09,0.238,0.49,0.802,0.92,0.782,0.49,0.238
863,,0.08,0.228,0.48,0.792,0.91,0.772,0.48,0.228
864,,0.07,0.218,0.47,0.782,0.9,0.762,0.47,0.218
865,,0.06,0.208,0.46,0.772,0.89,0.752,0.46,0.208
866,,0.05,0.198,0.45,0.762,0.88,0.742,0.45,0.198
867,,0.04,0.188,0.44,0.752,0.87,0.732,0.44,0.188
868,,0.03,0.178,0.43,0.742,0.86,0.722,0.43,0.178
869,,0.02,0.168,0.42,0.732,0.85,0.712,0.42,0.168
870,,0.01,0.158,0.41,0.722,0.84,0.702,0.41,0.158
871,,0.0,0.148,0.4,0.712,0.83,0.692,0.4,0.148
872,,-0.01,0.138,0.39,0.702,0.82,0.682,0.39,0.138
873,1,0.99,0.569,0.68,0.851,0.91,0.831,0.68,0.569
874,1,1.0,1.0,0.97,1.0,1.0,0.98,0.97,1.0
