step,active_motive,motive_1,motive_2,motive_3,motive_4,motive_5,motive_6,motive_7,motive_8
0,,0.27135,0.07046,0.4011,0.03728,0.49344,0.38612,0.09936,0.00276
1,,0.12135,-0.07954,0.2511,-0.11272,0.34344,0.23612,-0.05064,-0.14724
2,8,0.44235,0.17046,0.4301,0.03728,0.52244,0.48612,0.27036,0.85276
3,8,0.76335,0.42046,0.6091,0.18728,0.70144,0.73612,0.59136,1.0
4,,0.61335,0.27046,0.4591,0.03728,0.55144,0.58612,0.44136,0.85
5,,0.46335,0.12046,0.3091,-0.11272,0.40144,0.43612,0.29136,0.7
6,4,0.64235,0.37046,0.6301,0.88728,0.72244,0.68612,0.47036,0.85
7,4,0.82135,0.62046,0.9511,1.0,1.0,0.93612,0.64936,1.0
8,,0.67135,0.47046,0.8011,0.85,0.85,0.78612,0.49936,0.85
9,,0.52135,0.32046,0.6511,0.7,0.7,0.63612,0.34936,0.7
10,,0.37135,0.17046,0.5011,0.55,0.55,0.48612,0.19936,0.55
11,,0.22135,0.02046,0.3511,0.4,0.4,0.33612,0.04936,0.4
12,,0.07135,-0.12954,0.2011,0.25,0.25,0.18612,-0.10064,0.25
13,2,0.39235,0.87046,0.5221,0.5,0.429,0.33612,0.07836,0.5
14,2,0.71335,1.0,0.8431,0.75,0.608,0.48612,0.25736,0.75
15,,0.56335,0.85,0.6931,0.6,0.458,0.33612,0.10736,0.6
16,,0.41335,0.7,0.5431,0.45,0.308,0.18612,-0.04264,0.45
17,7,0.66335,0.879,0.6931,0.629,0.558,0.50712,0.95736,0.771
18,7,0.91335,1.0,0.8431,0.808,0.808,0.82812,1.0,1.0
19,,0.76335,0.85,0.6931,0.658,0.658,0.67812,0.85,0.85
20,,0.61335,0.7,0.5431,0.508,0.508,0.52812,0.7,0.7
21,,0.46335,0.55,0.3931,0.358,0.358,0.37812,0.55,0.55
22,,0.31335,0.4,0.2431,0.208,0.208,0.22812,0.4,0.4
23,,0.16335,0.25,0.0931,0.058,0.058,0.07812,0.25,0.25
24,,0.01335,0.1,-0.0569,-0.092,-0.092,-0.07188,0.1,0.1
25,4,0.19235,0.35,0.2641,0.908,0.229,0.17812,0.279,0.25
26,4,0.37135,0.6,0.5851,1.0,0.55,0.42812,0.458,0.4
27,,0.22135,0.45,0.4351,0.85,0.4,0.27812,0.308,0.25
28,,0.07135,0.3,0.2851,0.7,0.25,0.12812,0.158,0.1
29,,-0.07865,0.15,0.1351,0.55,0.1,-0.02188,0.008,-0.05
30,1,0.92135,0.471,0.3851,0.729,0.25,0.15712,0.258,0.271
31,1,1.0,0.792,0.6351,0.908,0.4,0.33612,0.508,0.592
32,,0.85,0.642,0.4851,0.758,0.25,0.18612,0.358,0.442
33,,0.7,0.492,0.3351,0.608,0.1,0.03612,0.208,0.292
34,,0.55,0.342,0.1851,0.458,-0.05,-0.11388,0.058,0.142
35,6,0.729,0.492,0.3641,0.708,0.271,0.88612,0.379,0.392
36,6,0.908,0.642,0.5431,0.958,0.592,1.0,0.7,0.642
37,,0.758,0.492,0.3931,0.808,0.442,0.85,0.55,0.492
38,,0.608,0.342,0.2431,0.658,0.292,0.7,0.4,0.342
39,,0.458,0.192,0.0931,0.508,0.142,0.55,0.25,0.192
40,,0.308,0.042,-0.0569,0.358,-0.008,0.4,0.1,0.042
41,3,0.558,0.363,0.9431,0.679,0.242,0.579,0.25,0.221
42,3,0.808,0.684,1.0,1.0,0.492,0.758,0.4,0.4
43,,0.658,0.534,0.85,0.85,0.342,0.608,0.25,0.25
44,,0.508,0.384,0.7,0.7,0.192,0.458,0.1,0.1
45,,0.358,0.234,0.55,0.55,0.042,0.308,-0.05,-0.05
46,7,0.608,0.413,0.7,0.729,0.292,0.629,0.95,0.271
47,7,0.858,0.592,0.85,0.908,0.542,0.95,1.0,0.592
48,,0.708,0.442,0.7,0.758,0.392,0.8,0.85,0.442
49,,0.558,0.292,0.55,0.608,0.242,0.65,0.7,0.292
50,,0.408,0.142,0.4,0.458,0.092,0.5,0.55,0.142
51,,0.258,-0.008,0.25,0.308,-0.058,0.35,0.4,-0.008
52,5,0.408,0.171,0.5,0.629,0.942,0.671,0.65,0.171
53,5,0.558,0.35,0.75,0.95,1.0,0.992,0.9,0.35
54,,0.408,0.2,0.6,0.8,0.85,0.842,0.75,0.2
55,,0.258,0.05,0.45,0.65,0.7,0.692,0.6,0.05
56,,0.108,-0.1,0.3,0.5,0.55,0.542,0.45,-0.1
57,2,0.429,0.9,0.621,0.75,0.729,0.692,0.629,0.15
58,2,0.75,1.0,0.942,1.0,0.908,0.842,0.808,0.4
59,,0.6,0.85,0.792,0.85,0.758,0.692,0.658,0.25
60,,0.45,0.7,0.642,0.7,0.608,0.542,0.508,0.1
61,,0.3,0.55,0.492,0.55,0.458,0.392,0.358,-0.05
62,8,0.621,0.8,0.671,0.7,0.637,0.642,0.679,0.95
63,8,0.942,1.0,0.85,0.85,0.816,0.892,1.0,1.0
64,,0.792,0.85,0.7,0.7,0.666,0.742,0.85,0.85
65,,0.642,0.7,0.55,0.55,0.516,0.592,0.7,0.7
66,,0.492,0.55,0.4,0.4,0.366,0.442,0.55,0.55
67,,0.342,0.4,0.25,0.25,0.216,0.292,0.4,0.4
68,,0.192,0.25,0.1,0.1,0.066,0.142,0.25,0.25
69,,0.042,0.1,-0.05,-0.05,-0.084,-0.008,0.1,0.1
70,5,0.192,0.279,0.2,0.271,0.916,0.313,0.35,0.279
71,5,0.342,0.458,0.45,0.592,1.0,0.634,0.6,0.458
72,,0.192,0.308,0.3,0.442,0.85,0.484,0.45,0.308
73,,0.042,0.158,0.15,0.292,0.7,0.334,0.3,0.158
74,,-0.108,0.008,0.0,0.142,0.55,0.184,0.15,0.008
75,1,0.892,0.329,0.25,0.321,0.7,0.363,0.4,0.329
76,1,1.0,0.65,0.5,0.5,0.85,0.542,0.65,0.65
77,,0.85,0.5,0.35,0.35,0.7,0.392,0.5,0.5
78,,0.7,0.35,0.2,0.2,0.55,0.242,0.35,0.35
79,,0.55,0.2,0.05,0.05,0.4,0.092,0.2,0.2
80,,0.4,0.05,-0.1,-0.1,0.25,-0.058,0.05,0.05
81,4,0.579,0.3,0.221,0.9,0.571,0.192,0.229,0.2
82,4,0.758,0.55,0.542,1.0,0.892,0.442,0.408,0.35
83,,0.608,0.4,0.392,0.85,0.742,0.292,0.258,0.2
84,,0.458,0.25,0.242,0.7,0.592,0.142,0.108,0.05
85,,0.308,0.1,0.092,0.55,0.442,-0.008,-0.042,-0.1
86,8,0.629,0.35,0.271,0.7,0.621,0.242,0.279,0.9
87,8,0.95,0.6,0.45,0.85,0.8,0.492,0.6,1.0
88,,0.8,0.45,0.3,0.7,0.65,0.342,0.45,0.85
89,,0.65,0.3,0.15,0.55,0.5,0.192,0.3,0.7
90,,0.5,0.15,0.0,0.4,0.35,0.042,0.15,0.55
91,,0.35,0.0,-0.15,0.25,0.2,-0.108,0.0,0.4
92,3,0.6,0.321,0.85,0.571,0.45,0.071,0.15,0.579
93,3,0.85,0.642,1.0,0.892,0.7,0.25,0.3,0.758
94,,0.7,0.492,0.85,0.742,0.55,0.1,0.15,0.608
95,,0.55,0.342,0.7,0.592,0.4,-0.05,0.0,0.458
96,6,0.729,0.492,0.879,0.842,0.721,0.95,0.321,0.708
97,6,0.908,0.642,1.0,1.0,1.0,1.0,0.642,0.958
98,,0.758,0.492,0.85,0.85,0.85,0.85,0.492,0.808
99,,0.608,0.342,0.7,0.7,0.7,0.7,0.342,0.658
100,,0.458,0.192,0.55,0.55,0.55,0.55,0.192,0.508
101,,0.308,0.042,0.4,0.4,0.4,0.4,0.042,0.358
102,,0.158,-0.108,0.25,0.25,0.25,0.25,-0.108,0.208
103,2,0.479,0.892,0.571,0.5,0.429,0.4,0.071,0.458
104,2,0.8,1.0,0.892,0.75,0.608,0.55,0.25,0.708
105,,0.65,0.85,0.742,0.6,0.458,0.4,0.1,0.558
106,,0.5,0.7,0.592,0.45,0.308,0.25,-0.05,0.408
107,7,0.75,0.879,0.742,0.629,0.558,0.571,0.95,0.729
108,7,1.0,1.0,0.892,0.808,0.808,0.892,1.0,1.0
109,,0.85,0.85,0.742,0.658,0.658,0.742,0.85,0.85
110,,0.7,0.7,0.592,0.508,0.508,0.592,0.7,0.7
111,,0.55,0.55,0.442,0.358,0.358,0.442,0.55,0.55
112,,0.4,0.4,0.292,0.208,0.208,0.292,0.4,0.4
113,,0.25,0.25,0.142,0.058,0.058,0.142,0.25,0.25
114,,0.1,0.1,-0.008,-0.092,-0.092,-0.008,0.1,0.1
115,4,0.279,0.35,0.313,0.908,0.229,0.242,0.279,0.25
116,4,0.458,0.6,0.634,1.0,0.55,0.492,0.458,0.4
117,,0.308,0.45,0.484,0.85,0.4,0.342,0.308,0.25
118,,0.158,0.3,0.334,0.7,0.25,0.192,0.158,0.1
119,,0.008,0.15,0.184,0.55,0.1,0.042,0.008,-0.05
120,8,0.329,0.4,0.363,0.7,0.279,0.292,0.329,0.95
121,8,0.65,0.65,0.542,0.85,0.458,0.542,0.65,1.0
122,,0.5,0.5,0.392,0.7,0.308,0.392,0.5,0.85
123,,0.35,0.35,0.242,0.55,0.158,0.242,0.35,0.7
124,,0.2,0.2,0.092,0.4,0.008,0.092,0.2,0.55
125,,0.05,0.05,-0.058,0.25,-0.142,-0.058,0.05,0.4
126,5,0.2,0.229,0.192,0.571,0.858,0.263,0.3,0.579
127,5,0.35,0.408,0.442,0.892,1.0,0.584,0.55,0.758
128,,0.2,0.258,0.292,0.742,0.85,0.434,0.4,0.608
129,,0.05,0.108,0.142,0.592,0.7,0.284,0.25,0.458
130,,-0.1,-0.042,-0.008,0.442,0.55,0.134,0.1,0.308
131,1,0.9,0.279,0.242,0.621,0.7,0.313,0.35,0.629
132,1,1.0,0.6,0.492,0.8,0.85,0.492,0.6,0.95
133,,0.85,0.45,0.342,0.65,0.7,0.342,0.45,0.8
134,,0.7,0.3,0.192,0.5,0.55,0.192,0.3,0.65
135,,0.55,0.15,0.042,0.35,0.4,0.042,0.15,0.5
136,,0.4,0.0,-0.108,0.2,0.25,-0.108,0.0,0.35
137,3,0.65,0.321,0.892,0.521,0.5,0.071,0.15,0.529
138,3,0.9,0.642,1.0,0.842,0.75,0.25,0.3,0.708
139,,0.75,0.492,0.85,0.692,0.6,0.1,0.15,0.558
140,,0.6,0.342,0.7,0.542,0.45,-0.05,0.0,0.408
141,6,0.779,0.492,0.879,0.792,0.771,0.95,0.321,0.658
142,6,0.958,0.642,1.0,1.0,1.0,1.0,0.642,0.908
143,,0.808,0.492,0.85,0.85,0.85,0.85,0.492,0.758
144,,0.658,0.342,0.7,0.7,0.7,0.7,0.342,0.608
145,,0.508,0.192,0.55,0.55,0.55,0.55,0.192,0.458
146,,0.358,0.042,0.4,0.4,0.4,0.4,0.042,0.308
147,,0.208,-0.108,0.25,0.25,0.25,0.25,-0.108,0.158
148,2,0.529,0.892,0.571,0.5,0.429,0.4,0.071,0.408
149,2,0.85,1.0,0.892,0.75,0.608,0.55,0.25,0.658
150,,0.7,0.85,0.742,0.6,0.458,0.4,0.1,0.508
151,,0.55,0.7,0.592,0.45,0.308,0.25,-0.05,0.358
152,7,0.8,0.879,0.742,0.629,0.558,0.571,0.95,0.679
153,7,1.0,1.0,0.892,0.808,0.808,0.892,1.0,1.0
154,,0.85,0.85,0.742,0.658,0.658,0.742,0.85,0.85
155,,0.7,0.7,0.592,0.508,0.508,0.592,0.7,0.7
156,,0.55,0.55,0.442,0.358,0.358,0.442,0.55,0.55
157,,0.4,0.4,0.292,0.208,0.208,0.292,0.4,0.4
158,,0.25,0.25,0.142,0.058,0.058,0.142,0.25,0.25
159,,0.1,0.1,-0.008,-0.092,-0.092,-0.008,0.1,0.1
160,4,0.279,0.35,0.313,0.908,0.229,0.242,0.279,0.25
161,4,0.458,0.6,0.634,1.0,0.55,0.492,0.458,0.4
162,,0.308,0.45,0.484,0.85,0.4,0.342,0.308,0.25
163,,0.158,0.3,0.334,0.7,0.25,0.192,0.158,0.1
164,,0.008,0.15,0.184,0.55,0.1,0.042,0.008,-0.05
165,8,0.329,0.4,0.363,0.7,0.279,0.292,0.329,0.95
166,8,0.65,0.65,0.542,0.85,0.458,0.542,0.65,1.0
167,,0.5,0.5,0.392,0.7,0.308,0.392,0.5,0.85
168,,0.35,0.35,0.242,0.55,0.158,0.242,0.35,0.7
169,,0.2,0.2,0.092,0.4,0.008,0.092,0.2,0.55
170,,0.05,0.05,-0.058,0.25,-0.142,-0.058,0.05,0.4
171,5,0.2,0.229,0.192,0.571,0.858,0.263,0.3,0.579
172,5,0.35,0.408,0.442,0.892,1.0,0.584,0.55,0.758
173,,0.2,0.258,0.292,0.742,0.85,0.434,0.4,0.608
174,,0.05,0.108,0.142,0.592,0.7,0.284,0.25,0.458
175,,-0.1,-0.042,-0.008,0.442,0.55,0.134,0.1,0.308
176,1,0.9,0.279,0.242,0.621,0.7,0.313,0.35,0.629
177,1,1.0,0.6,0.492,0.8,0.85,0.492,0.6,0.95
178,,0.85,0.45,0.342,0.65,0.7,0.342,0.45,0.8
179,,0.7,0.3,0.192,0.5,0.55,0.192,0.3,0.65
180,,0.55,0.15,0.042,0.35,0.4,0.042,0.15,0.5
181,,0.4,0.0,-0.108,0.2,0.25,-0.108,0.0,0.35
182,6,0.579,0.15,0.071,0.45,0.571,0.892,0.321,0.6
183,6,0.758,0.3,0.25,0.7,0.892,1.0,0.642,0.85
184,,0.608,0.15,0.1,0.55,0.742,0.85,0.492,0.7
185,,0.458,0.0,-0.05,0.4,0.592,0.7,0.342,0.55
186,3,0.708,0.321,0.95,0.721,0.842,0.879,0.492,0.729
187,3,0.958,0.642,1.0,1.0,1.0,1.0,0.642,0.908
188,,0.808,0.492,0.85,0.85,0.85,0.85,0.492,0.758
189,,0.658,0.342,0.7,0.7,0.7,0.7,0.342,0.608
190,,0.508,0.192,0.55,0.55,0.55,0.55,0.192,0.458
191,,0.358,0.042,0.4,0.4,0.4,0.4,0.042,0.308
192,,0.208,-0.108,0.25,0.25,0.25,0.25,-0.108,0.158
193,2,0.529,0.892,0.571,0.5,0.429,0.4,0.071,0.408
194,2,0.85,1.0,0.892,0.75,0.608,0.55,0.25,0.658
195,,0.7,0.85,0.742,0.6,0.458,0.4,0.1,0.508
196,,0.55,0.7,0.592,0.45,0.308,0.25,-0.05,0.358
197,7,0.8,0.879,0.742,0.629,0.558,0.571,0.95,0.679
198,7,1.0,1.0,0.892,0.808,0.808,0.892,1.0,1.0
199,,0.85,0.85,0.742,0.658,0.658,0.742,0.85,0.85
200,,0.7,0.7,0.592,0.508,0.508,0.592,0.7,0.7
201,,0.55,0.55,0.442,0.358,0.358,0.442,0.55,0.55
202,,0.4,0.4,0.292,0.208,0.208,0.292,0.4,0.4
203,,0.25,0.25,0.142,0.058,0.058,0.142,0.25,0.25
204,,0.1,0.1,-0.008,-0.092,-0.092,-0.008,0.1,0.1
205,5,0.25,0.279,0.242,0.229,0.908,0.313,0.35,0.279
206,5,0.4,0.458,0.492,0.55,1.0,0.634,0.6,0.458
207,,0.25,0.308,0.342,0.4,0.85,0.484,0.45,0.308
208,,0.1,0.158,0.192,0.25,0.7,0.334,0.3,0.158
209,,-0.05,0.008,0.042,0.1,0.55,0.184,0.15,0.008
210,1,0.95,0.329,0.292,0.279,0.7,0.363,0.4,0.329
211,1,1.0,0.65,0.542,0.458,0.85,0.542,0.65,0.65
212,,0.85,0.5,0.392,0.308,0.7,0.392,0.5,0.5
213,,0.7,0.35,0.242,0.158,0.55,0.242,0.35,0.35
214,,0.55,0.2,0.092,0.008,0.4,0.092,0.2,0.2
215,,0.4,0.05,-0.058,-0.142,0.25,-0.058,0.05,0.05
216,4,0.579,0.3,0.263,0.858,0.571,0.192,0.229,0.2
217,4,0.758,0.55,0.584,1.0,0.892,0.442,0.408,0.35
218,,0.608,0.4,0.434,0.85,0.742,0.292,0.258,0.2
219,,0.458,0.25,0.284,0.7,0.592,0.142,0.108,0.05
220,,0.308,0.1,0.134,0.55,0.442,-0.008,-0.042,-0.1
221,8,0.629,0.35,0.313,0.7,0.621,0.242,0.279,0.9
222,8,0.95,0.6,0.492,0.85,0.8,0.492,0.6,1.0
223,,0.8,0.45,0.342,0.7,0.65,0.342,0.45,0.85
224,,0.65,0.3,0.192,0.55,0.5,0.192,0.3,0.7
225,,0.5,0.15,0.042,0.4,0.35,0.042,0.15,0.55
226,,0.35,0.0,-0.108,0.25,0.2,-0.108,0.0,0.4
227,3,0.6,0.321,0.892,0.571,0.45,0.071,0.15,0.579
228,3,0.85,0.642,1.0,0.892,0.7,0.25,0.3,0.758
229,,0.7,0.492,0.85,0.742,0.55,0.1,0.15,0.608
230,,0.55,0.342,0.7,0.592,0.4,-0.05,0.0,0.458
231,6,0.729,0.492,0.879,0.842,0.721,0.95,0.321,0.708
232,6,0.908,0.642,1.0,1.0,1.0,1.0,0.642,0.958
233,,0.758,0.492,0.85,0.85,0.85,0.85,0.492,0.808
234,,0.608,0.342,0.7,0.7,0.7,0.7,0.342,0.658
235,,0.458,0.192,0.55,0.55,0.55,0.55,0.192,0.508
236,,0.308,0.042,0.4,0.4,0.4,0.4,0.042,0.358
237,,0.158,-0.108,0.25,0.25,0.25,0.25,-0.108,0.208
238,7,0.408,0.071,0.4,0.429,0.5,0.571,0.892,0.529
239,7,0.658,0.25,0.55,0.608,0.75,0.892,1.0,0.85
240,,0.508,0.1,0.4,0.458,0.6,0.742,0.85,0.7
241,,0.358,-0.05,0.25,0.308,0.45,0.592,0.7,0.55
242,2,0.679,0.95,0.571,0.558,0.629,0.742,0.879,0.8
243,2,1.0,1.0,0.892,0.808,0.808,0.892,1.0,1.0
244,,0.85,0.85,0.742,0.658,0.658,0.742,0.85,0.85
245,,0.7,0.7,0.592,0.508,0.508,0.592,0.7,0.7
246,,0.55,0.55,0.442,0.358,0.358,0.442,0.55,0.55
247,,0.4,0.4,0.292,0.208,0.208,0.292,0.4,0.4
248,,0.25,0.25,0.142,0.058,0.058,0.142,0.25,0.25
249,,0.1,0.1,-0.008,-0.092,-0.092,-0.008,0.1,0.1
250,4,0.279,0.35,0.313,0.908,0.229,0.242,0.279,0.25
251,4,0.458,0.6,0.634,1.0,0.55,0.492,0.458,0.4
252,,0.308,0.45,0.484,0.85,0.4,0.342,0.308,0.25
253,,0.158,0.3,0.334,0.7,0.25,0.192,0.158,0.1
254,,0.008,0.15,0.184,0.55,0.1,0.042,0.008,-0.05
255,8,0.329,0.4,0.363,0.7,0.279,0.292,0.329,0.95
256,8,0.65,0.65,0.542,0.85,0.458,0.542,0.65,1.0
257,,0.5,0.5,0.392,0.7,0.308,0.392,0.5,0.85
258,,0.35,0.35,0.242,0.55,0.158,0.242,0.35,0.7
259,,0.2,0.2,0.092,0.4,0.008,0.092,0.2,0.55
260,,0.05,0.05,-0.058,0.25,-0.142,-0.058,0.05,0.4
261,5,0.2,0.229,0.192,0.571,0.858,0.263,0.3,0.579
262,5,0.35,0.408,0.442,0.892,1.0,0.584,0.55,0.758
263,,0.2,0.258,0.292,0.742,0.85,0.434,0.4,0.608
264,,0.05,0.108,0.142,0.592,0.7,0.284,0.25,0.458
265,,-0.1,-0.042,-0.008,0.442,0.55,0.134,0.1,0.308
266,1,0.9,0.279,0.242,0.621,0.7,0.313,0.35,0.629
267,1,1.0,0.6,0.492,0.8,0.85,0.492,0.6,0.95
268,,0.85,0.45,0.342,0.65,0.7,0.342,0.45,0.8
269,,0.7,0.3,0.192,0.5,0.55,0.192,0.3,0.65
270,,0.55,0.15,0.042,0.35,0.4,0.042,0.15,0.5
271,,0.4,0.0,-0.108,0.2,0.25,-0.108,0.0,0.35
272,3,0.65,0.321,0.892,0.521,0.5,0.071,0.15,0.529
273,3,0.9,0.642,1.0,0.842,0.75,0.25,0.3,0.708
274,,0.75,0.492,0.85,0.692,0.6,0.1,0.15,0.558
275,,0.6,0.342,0.7,0.542,0.45,-0.05,0.0,0.408
276,6,0.779,0.492,0.879,0.792,0.771,0.95,0.321,0.658
277,6,0.958,0.642,1.0,1.0,1.0,1.0,0.642,0.908
278,,0.808,0.492,0.85,0.85,0.85,0.85,0.492,0.758
279,,0.658,0.342,0.7,0.7,0.7,0.7,0.342,0.608
280,,0.508,0.192,0.55,0.55,0.55,0.55,0.192,0.458
281,,0.358,0.042,0.4,0.4,0.4,0.4,0.042,0.308
282,,0.208,-0.108,0.25,0.25,0.25,0.25,-0.108,0.158
283,7,0.458,0.071,0.4,0.429,0.5,0.571,0.892,0.479
284,7,0.708,0.25,0.55,0.608,0.75,0.892,1.0,0.8
285,,0.558,0.1,0.4,0.458,0.6,0.742,0.85,0.65
286,,0.408,-0.05,0.25,0.308,0.45,0.592,0.7,0.5
287,2,0.729,0.95,0.571,0.558,0.629,0.742,0.879,0.75
288,2,1.0,1.0,0.892,0.808,0.808,0.892,1.0,1.0
289,,0.85,0.85,0.742,0.658,0.658,0.742,0.85,0.85
290,,0.7,0.7,0.592,0.508,0.508,0.592,0.7,0.7
291,,0.55,0.55,0.442,0.358,0.358,0.442,0.55,0.55
292,,0.4,0.4,0.292,0.208,0.208,0.292,0.4,0.4
293,,0.25,0.25,0.142,0.058,0.058,0.142,0.25,0.25
294,,0.1,0.1,-0.008,-0.092,-0.092,-0.008,0.1,0.1
295,5,0.25,0.279,0.242,0.229,0.908,0.313,0.35,0.279
296,5,0.4,0.458,0.492,0.55,1.0,0.634,0.6,0.458
297,,0.25,0.308,0.342,0.4,0.85,0.484,0.45,0.308
298,,0.1,0.158,0.192,0.25,0.7,0.334,0.3,0.158
299,,-0.05,0.008,0.042,0.1,0.55,0.184,0.15,0.008
300,1,0.95,0.329,0.292,0.279,0.7,0.363,0.4,0.329
301,1,1.0,0.65,0.542,0.458,0.85,0.542,0.65,0.65
302,,0.85,0.5,0.392,0.308,0.7,0.392,0.5,0.5
303,,0.7,0.35,0.242,0.158,0.55,0.242,0.35,0.35
304,,0.55,0.2,0.092,0.008,0.4,0.092,0.2,0.2
305,,0.4,0.05,-0.058,-0.142,0.25,-0.058,0.05,0.05
306,4,0.579,0.3,0.263,0.858,0.571,0.192,0.229,0.2
307,4,0.758,0.55,0.584,1.0,0.892,0.442,0.408,0.35
308,,0.608,0.4,0.434,0.85,0.742,0.292,0.258,0.2
309,,0.458,0.25,0.284,0.7,0.592,0.142,0.108,0.05
310,,0.308,0.1,0.134,0.55,0.442,-0.008,-0.042,-0.1
311,8,0.629,0.35,0.313,0.7,0.621,0.242,0.279,0.9
312,8,0.95,0.6,0.492,0.85,0.8,0.492,0.6,1.0
313,,0.8,0.45,0.342,0.7,0.65,0.342,0.45,0.85
314,,0.65,0.3,0.192,0.55,0.5,0.192,0.3,0.7
315,,0.5,0.15,0.042,0.4,0.35,0.042,0.15,0.55
316,,0.35,0.0,-0.108,0.25,0.2,-0.108,0.0,0.4
317,6,0.529,0.15,0.071,0.5,0.521,0.892,0.321,0.65
318,6,0.708,0.3,0.25,0.75,0.842,1.0,0.642,0.9
319,,0.558,0.15,0.1,0.6,0.692,0.85,0.492,0.75
320,,0.408,0.0,-0.05,0.45,0.542,0.7,0.342,0.6
321,3,0.658,0.321,0.95,0.771,0.792,0.879,0.492,0.779
322,3,0.908,0.642,1.0,1.0,1.0,1.0,0.642,0.958
323,,0.758,0.492,0.85,0.85,0.85,0.85,0.492,0.808
324,,0.608,0.342,0.7,0.7,0.7,0.7,0.342,0.658
325,,0.458,0.192,0.55,0.55,0.55,0.55,0.192,0.508
326,,0.308,0.042,0.4,0.4,0.4,0.4,0.042,0.358
327,,0.158,-0.108,0.25,0.25,0.25,0.25,-0.108,0.208
328,2,0.479,0.892,0.571,0.5,0.429,0.4,0.071,0.458
329,2,0.8,1.0,0.892,0.75,0.608,0.55,0.25,0.708
330,,0.65,0.85,0.742,0.6,0.458,0.4,0.1,0.558
331,,0.5,0.7,0.592,0.45,0.308,0.25,-0.05,0.408
332,7,0.75,0.879,0.742,0.629,0.558,0.571,0.95,0.729
333,7,1.0,1.0,0.892,0.808,0.808,0.892,1.0,1.0
334,,0.85,0.85,0.742,0.658,0.658,0.742,0.85,0.85
335,,0.7,0.7,0.592,0.508,0.508,0.592,0.7,0.7
336,,0.55,0.55,0.442,0.358,0.358,0.442,0.55,0.55
337,,0.4,0.4,0.292,0.208,0.208,0.292,0.4,0.4
338,,0.25,0.25,0.142,0.058,0.058,0.142,0.25,0.25
339,,0.1,0.1,-0.008,-0.092,-0.092,-0.008,0.1,0.1
340,5,0.25,0.279,0.242,0.229,0.908,0.313,0.35,0.279
341,5,0.4,0.458,0.492,0.55,1.0,0.634,0.6,0.458
342,,0.25,0.308,0.342,0.4,0.85,0.484,0.45,0.308
343,,0.1,0.158,0.192,0.25,0.7,0.334,0.3,0.158
344,,-0.05,0.008,0.042,0.1,0.55,0.184,0.15,0.008
345,1,0.95,0.329,0.292,0.279,0.7,0.363,0.4,0.329
346,1,1.0,0.65,0.542,0.458,0.85,0.542,0.65,0.65
347,,0.85,0.5,0.392,0.308,0.7,0.392,0.5,0.5
348,,0.7,0.35,0.242,0.158,0.55,0.242,0.35,0.35
349,,0.55,0.2,0.092,0.008,0.4,0.092,0.2,0.2
350,,0.4,0.05,-0.058,-0.142,0.25,-0.058,0.05,0.05
351,4,0.579,0.3,0.263,0.858,0.571,0.192,0.229,0.2
352,4,0.758,0.55,0.584,1.0,0.892,0.442,0.408,0.35
353,,0.608,0.4,0.434,0.85,0.742,0.292,0.258,0.2
354,,0.458,0.25,0.284,0.7,0.592,0.142,0.108,0.05
355,,0.308,0.1,0.134,0.55,0.442,-0.008,-0.042,-0.1
356,8,0.629,0.35,0.313,0.7,0.621,0.242,0.279,0.9
357,8,0.95,0.6,0.492,0.85,0.8,0.492,0.6,1.0
358,,0.8,0.45,0.342,0.7,0.65,0.342,0.45,0.85
359,,0.65,0.3,0.192,0.55,0.5,0.192,0.3,0.7
360,,0.5,0.15,0.042,0.4,0.35,0.042,0.15,0.55
361,,0.35,0.0,-0.108,0.25,0.2,-0.108,0.0,0.4
362,3,0.6,0.321,0.892,0.571,0.45,0.071,0.15,0.579
363,3,0.85,0.642,1.0,0.892,0.7,0.25,0.3,0.758
364,,0.7,0.492,0.85,0.742,0.55,0.1,0.15,0.608
365,,0.55,0.342,0.7,0.592,0.4,-0.05,0.0,0.458
366,6,0.729,0.492,0.879,0.842,0.721,0.95,0.321,0.708
367,6,0.908,0.642,1.0,1.0,1.0,1.0,0.642,0.958
368,,0.758,0.492,0.85,0.85,0.85,0.85,0.492,0.808
369,,0.608,0.342,0.7,0.7,0.7,0.7,0.342,0.658
370,,0.458,0.192,0.55,0.55,0.55,0.55,0.192,0.508
371,,0.308,0.042,0.4,0.4,0.4,0.4,0.042,0.358
372,,0.158,-0.108,0.25,0.25,0.25,0.25,-0.108,0.208
373,2,0.479,0.892,0.571,0.5,0.429,0.4,0.071,0.458
374,2,0.8,1.0,0.892,0.75,0.608,0.55,0.25,0.708
375,,0.65,0.85,0.742,0.6,0.458,0.4,0.1,0.558
376,,0.5,0.7,0.592,0.45,0.308,0.25,-0.05,0.408
377,7,0.75,0.879,0.742,0.629,0.558,0.571,0.95,0.729
378,7,1.0,1.0,0.892,0.808,0.808,0.892,1.0,1.0
379,,0.85,0.85,0.742,0.658,0.658,0.742,0.85,0.85
380,,0.7,0.7,0.592,0.508,0.508,0.592,0.7,0.7
381,,0.55,0.55,0.442,0.358,0.358,0.442,0.55,0.55
382,,0.4,0.4,0.292,0.208,0.208,0.292,0.4,0.4
383,,0.25,0.25,0.142,0.058,0.058,0.142,0.25,0.25
384,,0.1,0.1,-0.008,-0.092,-0.092,-0.008,0.1,0.1
385,5,0.25,0.279,0.242,0.229,0.908,0.313,0.35,0.279
386,5,0.4,0.458,0.492,0.55,1.0,0.634,0.6,0.458
387,,0.25,0.308,0.342,0.4,0.85,0.484,0.45,0.308
388,,0.1,0.158,0.192,0.25,0.7,0.334,0.3,0.158
389,,-0.05,0.008,0.042,0.1,0.55,0.184,0.15,0.008
390,1,0.95,0.329,0.292,0.279,0.7,0.363,0.4,0.329
391,1,1.0,0.65,0.542,0.458,0.85,0.542,0.65,0.65
392,,0.85,0.5,0.392,0.308,0.7,0.392,0.5,0.5
393,,0.7,0.35,0.242,0.158,0.55,0.242,0.35,0.35
394,,0.55,0.2,0.092,0.008,0.4,0.092,0.2,0.2
395,,0.4,0.05,-0.058,-0.142,0.25,-0.058,0.05,0.05
396,4,0.579,0.3,0.263,0.858,0.571,0.192,0.229,0.2
397,4,0.758,0.55,0.584,1.0,0.892,0.442,0.408,0.35
398,,0.608,0.4,0.434,0.85,0.742,0.292,0.258,0.2
399,,0.458,0.25,0.284,0.7,0.592,0.142,0.108,0.05
400,,0.308,0.1,0.134,0.55,0.442,-0.008,-0.042,-0.1
401,8,0.629,0.35,0.313,0.7,0.621,0.242,0.279,0.9
402,8,0.95,0.6,0.492,0.85,0.8,0.492,0.6,1.0
403,,0.8,0.45,0.342,0.7,0.65,0.342,0.45,0.85
404,,0.65,0.3,0.192,0.55,0.5,0.192,0.3,0.7
405,,0.5,0.15,0.042,0.4,0.35,0.042,0.15,0.55
406,,0.35,0.0,-0.108,0.25,0.2,-0.108,0.0,0.4
407,6,0.529,0.15,0.071,0.5,0.521,0.892,0.321,0.65
408,6,0.708,0.3,0.25,0.75,0.842,1.0,0.642,0.9
409,,0.558,0.15,0.1,0.6,0.692,0.85,0.492,0.75
410,,0.408,0.0,-0.05,0.45,0.542,0.7,0.342,0.6
411,3,0.658,0.321,0.95,0.771,0.792,0.879,0.492,0.779
412,3,0.908,0.642,1.0,1.0,1.0,1.0,0.642,0.958
413,,0.758,0.492,0.85,0.85,0.85,0.85,0.492,0.808
414,,0.608,0.342,0.7,0.7,0.7,0.7,0.342,0.658
415,,0.458,0.192,0.55,0.55,0.55,0.55,0.192,0.508
416,,0.308,0.042,0.4,0.4,0.4,0.4,0.042,0.358
417,,0.158,-0.108,0.25,0.25,0.25,0.25,-0.108,0.208
418,2,0.479,0.892,0.571,0.5,0.429,0.4,0.071,0.458
419,2,0.8,1.0,0.892,0.75,0.608,0.55,0.25,0.708
420,,0.65,0.85,0.742,0.6,0.458,0.4,0.1,0.558
421,,0.5,0.7,0.592,0.45,0.308,0.25,-0.05,0.408
422,7,0.75,0.879,0.742,0.629,0.558,0.571,0.95,0.729
423,7,1.0,1.0,0.892,0.808,0.808,0.892,1.0,1.0
424,,0.85,0.85,0.742,0.658,0.658,0.742,0.85,0.85
425,,0.7,0.7,0.592,0.508,0.508,0.592,0.7,0.7
426,,0.55,0.55,0.442,0.358,0.358,0.442,0.55,0.55
427,,0.4,0.4,0.292,0.208,0.208,0.292,0.4,0.4
428,,0.25,0.25,0.142,0.058,0.058,0.142,0.25,0.25
429,,0.1,0.1,-0.008,-0.092,-0.092,-0.008,0.1,0.1
430,4,0.279,0.35,0.313,0.908,0.229,0.242,0.279,0.25
431,4,0.458,0.6,0.634,1.0,0.55,0.492,0.458,0.4
432,,0.308,0.45,0.484,0.85,0.4,0.342,0.308,0.25
433,,0.158,0.3,0.334,0.7,0.25,0.192,0.158,0.1
434,,0.008,0.15,0.184,0.55,0.1,0.042,0.008,-0.05
435,8,0.329,0.4,0.363,0.7,0.279,0.292,0.329,0.95
436,8,0.65,0.65,0.542,0.85,0.458,0.542,0.65,1.0
437,,0.5,0.5,0.392,0.7,0.308,0.392,0.5,0.85
438,,0.35,0.35,0.242,0.55,0.158,0.242,0.35,0.7
439,,0.2,0.2,0.092,0.4,0.008,0.092,0.2,0.55
440,,0.05,0.05,-0.058,0.25,-0.142,-0.058,0.05,0.4
441,5,0.2,0.229,0.192,0.571,0.858,0.263,0.3,0.579
442,5,0.35,0.408,0.442,0.892,1.0,0.584,0.55,0.758
443,,0.2,0.258,0.292,0.742,0.85,0.434,0.4,0.608
444,,0.05,0.108,0.142,0.592,0.7,0.284,0.25,0.458
445,,-0.1,-0.042,-0.008,0.442,0.55,0.134,0.1,0.308
446,1,0.9,0.279,0.242,0.621,0.7,0.313,0.35,0.629
447,1,1.0,0.6,0.492,0.8,0.85,0.492,0.6,0.95
448,,0.85,0.45,0.342,0.65,0.7,0.342,0.45,0.8
449,,0.7,0.3,0.192,0.5,0.55,0.192,0.3,0.65
450,,0.55,0.15,0.042,0.35,0.4,0.042,0.15,0.5
451,,0.4,0.0,-0.108,0.2,0.25,-0.108,0.0,0.35
452,6,0.579,0.15,0.071,0.45,0.571,0.892,0.321,0.6
453,6,0.758,0.3,0.25,0.7,0.892,1.0,0.642,0.85
454,,0.608,0.15,0.1,0.55,0.742,0.85,0.492,0.7
455,,0.458,0.0,-0.05,0.4,0.592,0.7,0.342,0.55
456,3,0.708,0.321,0.95,0.721,0.842,0.879,0.492,0.729
457,3,0.958,0.642,1.0,1.0,1.0,1.0,0.642,0.908
458,,0.808,0.492,0.85,0.85,0.85,0.85,0.492,0.758
459,,0.658,0.342,0.7,0.7,0.7,0.7,0.342,0.608
460,,0.508,0.192,0.55,0.55,0.55,0.55,0.192,0.458
461,,0.358,0.042,0.4,0.4,0.4,0.4,0.042,0.308
462,,0.208,-0.108,0.25,0.25,0.25,0.25,-0.108,0.158
463,7,0.458,0.071,0.4,0.429,0.5,0.571,0.892,0.479
464,7,0.708,0.25,0.55,0.608,0.75,0.892,1.0,0.8
465,,0.558,0.1,0.4,0.458,0.6,0.742,0.85,0.65
466,,0.408,-0.05,0.25,0.308,0.45,0.592,0.7,0.5
467,2,0.729,0.95,0.571,0.558,0.629,0.742,0.879,0.75
468,2,1.0,1.0,0.892,0.808,0.808,0.892,1.0,1.0
469,,0.85,0.85,0.742,0.658,0.658,0.742,0.85,0.85
470,,0.7,0.7,0.592,0.508,0.508,0.592,0.7,0.7
471,,0.55,0.55,0.442,0.358,0.358,0.442,0.55,0.55
472,,0.4,0.4,0.292,0.208,0.208,0.292,0.4,0.4
473,,0.25,0.25,0.142,0.058,0.058,0.142,0.25,0.25
474,,0.1,0.1,-0.008,-0.092,-0.092,-0.008,0.1,0.1
475,5,0.25,0.279,0.242,0.229,0.908,0.313,0.35,0.279
476,5,0.4,0.458,0.492,0.55,1.0,0.634,0.6,0.458
477,,0.25,0.308,0.342,0.4,0.85,0.484,0.45,0.308
478,,0.1,0.158,0.192,0.25,0.7,0.334,0.3,0.158
479,,-0.05,0.008,0.042,0.1,0.55,0.184,0.15,0.008
480,1,0.95,0.329,0.292,0.279,0.7,0.363,0.4,0.329
481,1,1.0,0.65,0.542,0.458,0.85,0.542,0.65,0.65
482,,0.85,0.5,0.392,0.308,0.7,0.392,0.5,0.5
483,,0.7,0.35,0.242,0.158,0.55,0.242,0.35,0.35
484,,0.55,0.2,0.092,0.008,0.4,0.092,0.2,0.2
485,,0.4,0.05,-0.058,-0.142,0.25,-0.058,0.05,0.05
486,4,0.579,0.3,0.263,0.858,0.571,0.192,0.229,0.2
487,4,0.758,0.55,0.584,1.0,0.892,0.442,0.408,0.35
488,,0.608,0.4,0.434,0.85,0.742,0.292,0.258,0.2
489,,0.458,0.25,0.284,0.7,0.592,0.142,0.108,0.05
490,,0.308,0.1,0.134,0.55,0.442,-0.008,-0.042,-0.1
491,8,0.629,0.35,0.313,0.7,0.621,0.242,0.279,0.9
492,8,0.95,0.6,0.492,0.85,0.8,0.492,0.6,1.0
493,,0.8,0.45,0.342,0.7,0.65,0.342,0.45,0.85
494,,0.65,0.3,0.192,0.55,0.5,0.192,0.3,0.7
495,,0.5,0.15,0.042,0.4,0.35,0.042,0.15,0.55
496,,0.35,0.0,-0.108,0.25,0.2,-0.108,0.0,0.4
497,3,0.6,0.321,0.892,0.571,0.45,0.071,0.15,0.579
498,3,0.85,0.642,1.0,0.892,0.7,0.25,0.3,0.758
499,,0.7,0.492,0.85,0.742,0.55,0.1,0.15,0.608
500,,0.55,0.342,0.7,0.592,0.4,-0.05,0.0,0.458
501,6,0.729,0.492,0.879,0.842,0.721,0.95,0.321,0.708
502,6,0.908,0.642,1.0,1.0,1.0,1.0,0.642,0.958
503,,0.758,0.492,0.85,0.85,0.85,0.85,0.492,0.808
504,,0.608,0.342,0.7,0.7,0.7,0.7,0.342,0.658
505,,0.458,0.192,0.55,0.55,0.55,0.55,0.192,0.508
506,,0.308,0.042,0.4,0.4,0.4,0.4,0.042,0.358
507,,0.158,-0.108,0.25,0.25,0.25,0.25,-0.108,0.208
508,2,0.479,0.892,0.571,0.5,0.429,0.4,0.071,0.458
509,2,0.8,1.0,0.892,0.75,0.608,0.55,0.25,0.708
510,,0.65,0.85,0.742,0.6,0.458,0.4,0.1,0.558
511,,0.5,0.7,0.592,0.45,0.308,0.25,-0.05,0.408
512,7,0.75,0.879,0.742,0.629,0.558,0.571,0.95,0.729
513,7,1.0,1.0,0.892,0.808,0.808,0.892,1.0,1.0
514,,0.85,0.85,0.742,0.658,0.658,0.742,0.85,0.85
515,,0.7,0.7,0.592,0.508,0.508,0.592,0.7,0.7
516,,0.55,0.55,0.442,0.358,0.358,0.442,0.55,0.55
517,,0.4,0.4,0.292,0.208,0.208,0.292,0.4,0.4
518,,0.25,0.25,0.142,0.058,0.058,0.142,0.25,0.25
519,,0.1,0.1,-0.008,-0.092,-0.092,-0.008,0.1,0.1
520,4,0.279,0.35,0.313,0.908,0.229,0.242,0.279,0.25
521,4,0.458,0.6,0.634,1.0,0.55,0.492,0.458,0.4
522,,0.308,0.45,0.484,0.85,0.4,0.342,0.308,0.25
523,,0.158,0.3,0.334,0.7,0.25,0.192,0.158,0.1
524,,0.008,0.15,0.184,0.55,0.1,0.042,0.008,-0.05
525,8,0.329,0.4,0.363,0.7,0.279,0.292,0.329,0.95
526,8,0.65,0.65,0.542,0.85,0.458,0.542,0.65,1.0
527,,0.5,0.5,0.392,0.7,0.308,0.392,0.5,0.85
528,,0.35,0.35,0.242,0.55,0.158,0.242,0.35,0.7
529,,0.2,0.2,0.092,0.4,0.008,0.092,0.2,0.55
530,,0.05,0.05,-0.058,0.25,-0.142,-0.058,0.05,0.4
531,5,0.2,0.229,0.192,0.571,0.858,0.263,0.3,0.579
532,5,0.35,0.408,0.442,0.892,1.0,0.584,0.55,0.758
533,,0.2,0.258,0.292,0.742,0.85,0.434,0.4,0.608
534,,0.05,0.108,0.142,0.592,0.7,0.284,0.25,0.458
535,,-0.1,-0.042,-0.008,0.442,0.55,0.134,0.1,0.308
536,1,0.9,0.279,0.242,0.621,0.7,0.313,0.35,0.629
537,1,1.0,0.6,0.492,0.8,0.85,0.492,0.6,0.95
538,,0.85,0.45,0.342,0.65,0.7,0.342,0.45,0.8
539,,0.7,0.3,0.192,0.5,0.55,0.192,0.3,0.65
540,,0.55,0.15,0.042,0.35,0.4,0.042,0.15,0.5
541,,0.4,0.0,-0.108,0.2,0.25,-0.108,0.0,0.35
542,3,0.65,0.321,0.892,0.521,0.5,0.071,0.15,0.529
543,3,0.9,0.642,1.0,0.842,0.75,0.25,0.3,0.708
544,,0.75,0.492,0.85,0.692,0.6,0.1,0.15,0.558
545,,0.6,0.342,0.7,0.542,0.45,-0.05,0.0,0.408
546,6,0.779,0.492,0.879,0.792,0.771,0.95,0.321,0.658
547,6,0.958,0.642,1.0,1.0,1.0,1.0,0.642,0.908
548,,0.808,0.492,0.85,0.85,0.85,0.85,0.492,0.758
549,,0.658,0.342,0.7,0.7,0.7,0.7,0.342,0.608
550,,0.508,0.192,0.55,0.55,0.55,0.55,0.192,0.458
551,,0.358,0.042,0.4,0.4,0.4,0.4,0.042,0.308
552,,0.208,-0.108,0.25,0.25,0.25,0.25,-0.108,0.158
553,2,0.529,0.892,0.571,0.5,0.429,0.4,0.071,0.408
554,2,0.85,1.0,0.892,0.75,0.608,0.55,0.25,0.658
555,,0.7,0.85,0.742,0.6,0.458,0.4,0.1,0.508
556,,0.55,0.7,0.592,0.45,0.308,0.25,-0.05,0.358
557,7,0.8,0.879,0.742,0.629,0.558,0.571,0.95,0.679
558,7,1.0,1.0,0.892,0.808,0.808,0.892,1.0,1.0
559,,0.85,0.85,0.742,0.658,0.658,0.742,0.85,0.85
560,,0.7,0.7,0.592,0.508,0.508,0.592,0.7,0.7
561,,0.55,0.55,0.442,0.358,0.358,0.442,0.55,0.55
562,,0.4,0.4,0.292,0.208,0.208,0.292,0.4,0.4
563,,0.25,0.25,0.142,0.058,0.058,0.142,0.25,0.25
564,,0.1,0.1,-0.008,-0.092,-0.092,-0.008,0.1,0.1
565,4,0.279,0.35,0.313,0.908,0.229,0.242,0.279,0.25
566,4,0.458,0.6,0.634,1.0,0.55,0.492,0.458,0.4
567,,0.308,0.45,0.484,0.85,0.4,0.342,0.308,0.25
568,,0.158,0.3,0.334,0.7,0.25,0.192,0.158,0.1
569,,0.008,0.15,0.184,0.55,0.1,0.042,0.008,-0.05
570,8,0.329,0.4,0.363,0.7,0.279,0.292,0.329,0.95
571,8,0.65,0.65,0.542,0.85,0.458,0.542,0.65,1.0
572,,0.5,0.5,0.392,0.7,0.308,0.392,0.5,0.85
573,,0.35,0.35,0.242,0.55,0.158,0.242,0.35,0.7
574,,0.2,0.2,0.092,0.4,0.008,0.092,0.2,0.55
575,,0.05,0.05,-0.058,0.25,-0.142,-0.058,0.05,0.4
576,5,0.2,0.229,0.192,0.571,0.858,0.263,0.3,0.579
577,5,0.35,0.408,0.442,0.892,1.0,0.584,0.55,0.758
578,,0.2,0.258,0.292,0.742,0.85,0.434,0.4,0.608
579,,0.05,0.108,0.142,0.592,0.7,0.284,0.25,0.458
580,,-0.1,-0.042,-0.008,0.442,0.55,0.134,0.1,0.308
581,1,0.9,0.279,0.242,0.621,0.7,0.313,0.35,0.629
582,1,1.0,0.6,0.492,0.8,0.85,0.492,0.6,0.95
583,,0.85,0.45,0.342,0.65,0.7,0.342,0.45,0.8
584,,0.7,0.3,0.192,0.5,0.55,0.192,0.3,0.65
585,,0.55,0.15,0.042,0.35,0.4,0.042,0.15,0.5
586,,0.4,0.0,-0.108,0.2,0.25,-0.108,0.0,0.35
587,6,0.579,0.15,0.071,0.45,0.571,0.892,0.321,0.6
588,6,0.758,0.3,0.25,0.7,0.892,1.0,0.642,0.85
589,,0.608,0.15,0.1,0.55,0.742,0.85,0.492,0.7
590,,0.458,0.0,-0.05,0.4,0.592,0.7,0.342,0.55
591,3,0.708,0.321,0.95,0.721,0.842,0.879,0.492,0.729
592,3,0.958,0.642,1.0,1.0,1.0,1.0,0.642,0.908
593,,0.808,0.492,0.85,0.85,0.85,0.85,0.492,0.758
594,,0.658,0.342,0.7,0.7,0.7,0.7,0.342,0.608
595,,0.508,0.192,0.55,0.55,0.55,0.55,0.192,0.458
596,,0.358,0.042,0.4,0.4,0.4,0.4,0.042,0.308
597,,0.208,-0.108,0.25,0.25,0.25,0.25,-0.108,0.158
598,2,0.529,0.892,0.571,0.5,0.429,0.4,0.071,0.408
599,2,0.85,1.0,0.892,0.75,0.608,0.55,0.25,0.658
600,,0.7,0.85,0.742,0.6,0.458,0.4,0.1,0.508
601,,0.55,0.7,0.592,0.45,0.308,0.25,-0.05,0.358
602,7,0.8,0.879,0.742,0.629,0.558,0.571,0.95,0.679
603,7,1.0,1.0,0.892,0.808,0.808,0.892,1.0,1.0
604,,0.85,0.85,0.742,0.658,0.658,0.742,0.85,0.85
605,,0.7,0.7,0.592,0.508,0.508,0.592,0.7,0.7
606,,0.55,0.55,0.442,0.358,0.358,0.442,0.55,0.55
607,,0.4,0.4,0.292,0.208,0.208,0.292,0.4,0.4
608,,0.25,0.25,0.142,0.058,0.058,0.142,0.25,0.25
609,,0.1,0.1,-0.008,-0.092,-0.092,-0.008,0.1,0.1
610,4,0.279,0.35,0.313,0.908,0.229,0.242,0.279,0.25
611,4,0.458,0.6,0.634,1.0,0.55,0.492,0.458,0.4
612,,0.308,0.45,0.484,0.85,0.4,0.342,0.308,0.25
613,,0.158,0.3,0.334,0.7,0.25,0.192,0.158,0.1
614,,0.008,0.15,0.184,0.55,0.1,0.042,0.008,-0.05
615,8,0.329,0.4,0.363,0.7,0.279,0.292,0.329,0.95
616,8,0.65,0.65,0.542,0.85,0.458,0.542,0.65,1.0
617,,0.5,0.5,0.392,0.7,0.308,0.392,0.5,0.85
618,,0.35,0.35,0.242,0.55,0.158,0.242,0.35,0.7
619,,0.2,0.2,0.092,0.4,0.008,0.092,0.2,0.55
620,,0.05,0.05,-0.058,0.25,-0.142,-0.058,0.05,0.4
621,5,0.2,0.229,0.192,0.571,0.858,0.263,0.3,0.579
622,5,0.35,0.408,0.442,0.892,1.0,0.584,0.55,0.758
623,,0.2,0.258,0.292,0.742,0.85,0.434,0.4,0.608
624,,0.05,0.108,0.142,0.592,0.7,0.284,0.25,0.458
625,,-0.1,-0.042,-0.008,0.442,0.55,0.134,0.1,0.308
626,1,0.9,0.279,0.242,0.621,0.7,0.313,0.35,0.629
627,1,1.0,0.6,0.492,0.8,0.85,0.492,0.6,0.95
628,,0.85,0.45,0.342,0.65,0.7,0.342,0.45,0.8
629,,0.7,0.3,0.192,0.5,0.55,0.192,0.3,0.65
630,,0.55,0.15,0.042,0.35,0.4,0.042,0.15,0.5
631,,0.4,0.0,-0.108,0.2,0.25,-0.108,0.0,0.35
632,3,0.65,0.321,0.892,0.521,0.5,0.071,0.15,0.529
633,3,0.9,0.642,1.0,0.842,0.75,0.25,0.3,0.708
634,,0.75,0.492,0.85,0.692,0.6,0.1,0.15,0.558
635,,0.6,0.342,0.7,0.542,0.45,-0.05,0.0,0.408
636,6,0.779,0.492,0.879,0.792,0.771,0.95,0.321,0.658
637,6,0.958,0.642,1.0,1.0,1.0,1.0,0.642,0.908
638,,0.808,0.492,0.85,0.85,0.85,0.85,0.492,0.758
639,,0.658,0.342,0.7,0.7,0.7,0.7,0.342,0.608
640,,0.508,0.192,0.55,0.55,0.55,0.55,0.192,0.458
641,,0.358,0.042,0.4,0.4,0.4,0.4,0.042,0.308
642,,0.208,-0.108,0.25,0.25,0.25,0.25,-0.108,0.158
643,7,0.458,0.071,0.4,0.429,0.5,0.571,0.892,0.479
644,7,0.708,0.25,0.55,0.608,0.75,0.892,1.0,0.8
645,,0.558,0.1,0.4,0.458,0.6,0.742,0.85,0.65
646,,0.408,-0.05,0.25,0.308,0.45,0.592,0.7,0.5
647,2,0.729,0.95,0.571,0.558,0.629,0.742,0.879,0.75
648,2,1.0,1.0,0.892,0.808,0.808,0.892,1.0,1.0
649,,0.85,0.85,0.742,0.658,0.658,0.742,0.85,0.85
650,,0.7,0.7,0.592,0.508,0.508,0.592,0.7,0.7
651,,0.55,0.55,0.442,0.358,0.358,0.442,0.55,0.55
652,,0.4,0.4,0.292,0.208,0.208,0.292,0.4,0.4
653,,0.25,0.25,0.142,0.058,0.058,0.142,0.25,0.25
654,,0.1,0.1,-0.008,-0.092,-0.092,-0.008,0.1,0.1
655,4,0.279,0.35,0.313,0.908,0.229,0.242,0.279,0.25
656,4,0.458,0.6,0.634,1.0,0.55,0.492,0.458,0.4
657,,0.308,0.45,0.484,0.85,0.4,0.342,0.308,0.25
658,,0.158,0.3,0.334,0.7,0.25,0.192,0.158,0.1
659,,0.008,0.15,0.184,0.55,0.1,0.042,0.008,-0.05
660,8,0.329,0.4,0.363,0.7,0.279,0.292,0.329,0.95
661,8,0.65,0.65,0.542,0.85,0.458,0.542,0.65,1.0
662,,0.5,0.5,0.392,0.7,0.308,0.392,0.5,0.85
663,,0.35,0.35,0.242,0.55,0.158,0.242,0.35,0.7
664,,0.2,0.2,0.092,0.4,0.008,0.092,0.2,0.55
665,,0.05,0.05,-0.058,0.25,-0.142,-0.058,0.05,0.4
666,5,0.2,0.229,0.192,0.571,0.858,0.263,0.3,0.579
667,5,0.35,0.408,0.442,0.892,1.0,0.584,0.55,0.758
668,,0.2,0.258,0.292,0.742,0.85,0.434,0.4,0.608
669,,0.05,0.108,0.142,0.592,0.7,0.284,0.25,0.458
670,,-0.1,-0.042,-0.008,0.442,0.55,0.134,0.1,0.308
671,1,0.9,0.279,0.242,0.621,0.7,0.313,0.35,0.629
672,1,1.0,0.6,0.492,0.8,0.85,0.492,0.6,0.95
673,,0.85,0.45,0.342,0.65,0.7,0.342,0.45,0.8
674,,0.7,0.3,0.192,0.5,0.55,0.192,0.3,0.65
675,,0.55,0.15,0.042,0.35,0.4,0.042,0.15,0.5
676,,0.4,0.0,-0.108,0.2,0.25,-0.108,0.0,0.35
677,3,0.65,0.321,0.892,0.521,0.5,0.071,0.15,0.529
678,3,0.9,0.642,1.0,0.842,0.75,0.25,0.3,0.708
679,,0.75,0.492,0.85,0.692,0.6,0.1,0.15,0.558
680,,0.6,0.342,0.7,0.542,0.45,-0.05,0.0,0.408
681,6,0.779,0.492,0.879,0.792,0.771,0.95,0.321,0.658
682,6,0.958,0.642,1.0,1.0,1.0,1.0,0.642,0.908
683,,0.808,0.492,0.85,0.85,0.85,0.85,0.492,0.758
684,,0.658,0.342,0.7,0.7,0.7,0.7,0.342,0.608
685,,0.508,0.192,0.55,0.55,0.55,0.55,0.192,0.458
686,,0.358,0.042,0.4,0.4,0.4,0.4,0.042,0.308
687,,0.208,-0.108,0.25,0.25,0.25,0.25,-0.108,0.158
688,7,0.458,0.071,0.4,0.429,0.5,0.571,0.892,0.479
689,7,0.708,0.25,0.55,0.608,0.75,0.892,1.0,0.8
690,,0.558,0.1,0.4,0.458,0.6,0.742,0.85,0.65
691,,0.408,-0.05,0.25,0.308,0.45,0.592,0.7,0.5
692,2,0.729,0.95,0.571,0.558,0.629,0.742,0.879,0.75
693,2,1.0,1.0,0.892,0.808,0.808,0.892,1.0,1.0
694,,0.85,0.85,0.742,0.658,0.658,0.742,0.85,0.85
695,,0.7,0.7,0.592,0.508,0.508,0.592,0.7,0.7
696,,0.55,0.55,0.442,0.358,0.358,0.442,0.55,0.55
697,,0.4,0.4,0.292,0.208,0.208,0.292,0.4,0.4
698,,0.25,0.25,0.142,0.058,0.058,0.142,0.25,0.25
699,,0.1,0.1,-0.008,-0.092,-0.092,-0.008,0.1,0.1
700,4,0.279,0.35,0.313,0.908,0.229,0.242,0.279,0.25
701,4,0.458,0.6,0.634,1.0,0.55,0.492,0.458,0.4
702,,0.308,0.45,0.484,0.85,0.4,0.342,0.308,0.25
703,,0.158,0.3,0.334,0.7,0.25,0.192,0.158,0.1
704,,0.008,0.15,0.184,0.55,0.1,0.042,0.008,-0.05
705,8,0.329,0.4,0.363,0.7,0.279,0.292,0.329,0.95
706,8,0.65,0.65,0.542,0.85,0.458,0.542,0.65,1.0
707,,0.5,0.5,0.392,0.7,0.308,0.392,0.5,0.85
708,,0.35,0.35,0.242,0.55,0.158,0.242,0.35,0.7
709,,0.2,0.2,0.092,0.4,0.008,0.092,0.2,0.55
710,,0.05,0.05,-0.058,0.25,-0.142,-0.058,0.05,0.4
711,5,0.2,0.229,0.192,0.571,0.858,0.263,0.3,0.579
712,5,0.35,0.408,0.442,0.892,1.0,0.584,0.55,0.758
713,,0.2,0.258,0.292,0.742,0.85,0.434,0.4,0.608
714,,0.05,0.108,0.142,0.592,0.7,0.284,0.25,0.458
715,,-0.1,-0.042,-0.008,0.442,0.55,0.134,0.1,0.308
716,1,0.9,0.279,0.242,0.621,0.7,0.313,0.35,0.629
717,1,1.0,0.6,0.492,0.8,0.85,0.492,0.6,0.95
718,,0.85,0.45,0.342,0.65,0.7,0.342,0.45,0.8
719,,0.7,0.3,0.192,0.5,0.55,0.192,0.3,0.65
720,,0.55,0.15,0.042,0.35,0.4,0.042,0.15,0.5
721,,0.4,0.0,-0.108,0.2,0.25,-0.108,0.0,0.35
722,3,0.65,0.321,0.892,0.521,0.5,0.071,0.15,0.529
723,3,0.9,0.642,1.0,0.842,0.75,0.25,0.3,0.708
724,,0.75,0.492,0.85,0.692,0.6,0.1,0.15,0.558
725,,0.6,0.342,0.7,0.542,0.45,-0.05,0.0,0.408
726,6,0.779,0.492,0.879,0.792,0.771,0.95,0.321,0.658
727,6,0.958,0.642,1.0,1.0,1.0,1.0,0.642,0.908
728,,0.808,0.492,0.85,0.85,0.85,0.85,0.492,0.758
729,,0.658,0.342,0.7,0.7,0.7,0.7,0.342,0.608
730,,0.508,0.192,0.55,0.55,0.55,0.55,0.192,0.458
731,,0.358,0.042,0.4,0.4,0.4,0.4,0.042,0.308
732,,0.208,-0.108,0.25,0.25,0.25,0.25,-0.108,0.158
733,2,0.529,0.892,0.571,0.5,0.429,0.4,0.071,0.408
734,2,0.85,1.0,0.892,0.75,0.608,0.55,0.25,0.658
735,,0.7,0.85,0.742,0.6,0.458,0.4,0.1,0.508
736,,0.55,0.7,0.592,0.45,0.308,0.25,-0.05,0.358
737,7,0.8,0.879,0.742,0.629,0.558,0.571,0.95,0.679
738,7,1.0,1.0,0.892,0.808,0.808,0.892,1.0,1.0
739,,0.85,0.85,0.742,0.658,0.658,0.742,0.85,0.85
740,,0.7,0.7,0.592,0.508,0.508,0.592,0.7,0.7
741,,0.55,0.55,0.442,0.358,0.358,0.442,0.55,0.55
742,,0.4,0.4,0.292,0.208,0.208,0.292,0.4,0.4
743,,0.25,0.25,0.142,0.058,0.058,0.142,0.25,0.25
744,,0.1,0.1,-0.008,-0.092,-0.092,-0.008,0.1,0.1
745,4,0.279,0.35,0.313,0.908,0.229,0.242,0.279,0.25
746,4,0.458,0.6,0.634,1.0,0.55,0.492,0.458,0.4
747,,0.308,0.45,0.484,0.85,0.4,0.342,0.308,0.25
748,,0.158,0.3,0.334,0.7,0.25,0.192,0.158,0.1
749,,0.008,0.15,0.184,0.55,0.1,0.042,0.008,-0.05
750,8,0.329,0.4,0.363,0.7,0.279,0.292,0.329,0.95
751,8,0.65,0.65,0.542,0.85,0.458,0.542,0.65,1.0
752,,0.5,0.5,0.392,0.7,0.308,0.392,0.5,0.85
753,,0.35,0.35,0.242,0.55,0.158,0.242,0.35,0.7
754,,0.2,0.2,0.092,0.4,0.008,0.092,0.2,0.55
755,,0.05,0.05,-0.058,0.25,-0.142,-0.058,0.05,0.4
756,5,0.2,0.229,0.192,0.571,0.858,0.263,0.3,0.579
757,5,0.35,0.408,0.442,0.892,1.0,0.584,0.55,0.758
758,,0.2,0.258,0.292,0.742,0.85,0.434,0.4,0.608
759,,0.05,0.108,0.142,0.592,0.7,0.284,0.25,0.458
760,,-0.1,-0.042,-0.008,0.442,0.55,0.134,0.1,0.308
761,1,0.9,0.279,0.242,0.621,0.7,0.313,0.35,0.629
762,1,1.0,0.6,0.492,0.8,0.85,0.492,0.6,0.95
763,,0.85,0.45,0.342,0.65,0.7,0.342,0.45,0.8
764,,0.7,0.3,0.192,0.5,0.55,0.192,0.3,0.65
765,,0.55,0.15,0.042,0.35,0.4,0.042,0.15,0.5
766,,0.4,0.0,-0.108,0.2,0.25,-0.108,0.0,0.35
767,3,0.65,0.321,0.892,0.521,0.5,0.071,0.15,0.529
768,3,0.9,0.642,1.0,0.842,0.75,0.25,0.3,0.708
769,,0.75,0.492,0.85,0.692,0.6,0.1,0.15,0.558
770,,0.6,0.342,0.7,0.542,0.45,-0.05,0.0,0.408
771,6,0.779,0.492,0.879,0.792,0.771,0.95,0.321,0.658
772,6,0.958,0.642,1.0,1.0,1.0,1.0,0.642,0.908
773,,0.808,0.492,0.85,0.85,0.85,0.85,0.492,0.758
774,,0.658,0.342,0.7,0.7,0.7,0.7,0.342,0.608
775,,0.508,0.192,0.55,0.55,0.55,0.55,0.192,0.458
776,,0.358,0.042,0.4,0.4,0.4,0.4,0.042,0.308
777,,0.208,-0.108,0.25,0.25,0.25,0.25,-0.108,0.158
778,7,0.458,0.071,0.4,0.429,0.5,0.571,0.892,0.479
779,7,0.708,0.25,0.55,0.608,0.75,0.892,1.0,0.8
780,,0.558,0.1,0.4,0.458,0.6,0.742,0.85,0.65
781,,0.408,-0.05,0.25,0.308,0.45,0.592,0.7,0.5
782,2,0.729,0.95,0.571,0.558,0.629,0.742,0.879,0.75
783,2,1.0,1.0,0.892,0.808,0.808,0.892,1.0,1.0
784,,0.85,0.85,0.742,0.658,0.658,0.742,0.85,0.85
785,,0.7,0.7,0.592,0.508,0.508,0.592,0.7,0.7
786,,0.55,0.55,0.442,0.358,0.358,0.442,0.55,0.55
787,,0.4,0.4,0.292,0.208,0.208,0.292,0.4,0.4
788,,0.25,0.25,0.142,0.058,0.058,0.142,0.25,0.25
789,,0.1,0.1,-0.008,-0.092,-0.092,-0.008,0.1,0.1
790,5,0.25,0.279,0.242,0.229,0.908,0.313,0.35,0.279
791,5,0.4,0.458,0.492,0.55,1.0,0.634,0.6,0.458
792,,0.25,0.308,0.342,0.4,0.85,0.484,0.45,0.308
793,,0.1,0.158,0.192,0.25,0.7,0.334,0.3,0.158
794,,-0.05,0.008,0.042,0.1,0.55,0.184,0.15,0.008
795,1,0.95,0.329,0.292,0.279,0.7,0.363,0.4,0.329
796,1,1.0,0.65,0.542,0.458,0.85,0.542,0.65,0.65
797,,0.85,0.5,0.392,0.308,0.7,0.392,0.5,0.5
798,,0.7,0.35,0.242,0.158,0.55,0.242,0.35,0.35
799,,0.55,0.2,0.092,0.008,0.4,0.092,0.2,0.2
800,,0.4,0.05,-0.058,-0.142,0.25,-0.058,0.05,0.05
801,4,0.579,0.3,0.263,0.858,0.571,0.192,0.229,0.2
802,4,0.758,0.55,0.584,1.0,0.892,0.442,0.408,0.35
803,,0.608,0.4,0.434,0.85,0.742,0.292,0.258,0.2
804,,0.458,0.25,0.284,0.7,0.592,0.142,0.108,0.05
805,,0.308,0.1,0.134,0.55,0.442,-0.008,-0.042,-0.1
806,8,0.629,0.35,0.313,0.7,0.621,0.242,0.279,0.9
807,8,0.95,0.6,0.492,0.85,0.8,0.492,0.6,1.0
808,,0.8,0.45,0.342,0.7,0.65,0.342,0.45,0.85
809,,0.65,0.3,0.192,0.55,0.5,0.192,0.3,0.7
810,,0.5,0.15,0.042,0.4,0.35,0.042,0.15,0.55
811,,0.35,0.0,-0.108,0.25,0.2,-0.108,0.0,0.4
812,6,0.529,0.15,0.071,0.5,0.521,0.892,0.321,0.65
813,6,0.708,0.3,0.25,0.75,0.842,1.0,0.642,0.9
814,,0.558,0.15,0.1,0.6,0.692,0.85,0.492,0.75
815,,0.408,0.0,-0.05,0.45,0.542,0.7,0.342,0.6
816,3,0.658,0.321,0.95,0.771,0.792,0.879,0.492,0.779
817,3,0.908,0.642,1.0,1.0,1.0,1.0,0.642,0.958
818,,0.758,0.492,0.85,0.85,0.85,0.85,0.492,0.808
819,,0.608,0.342,0.7,0.7,0.7,0.7,0.342,0.658
820,,0.458,0.192,0.55,0.55,0.55,0.55,0.192,0.508
821,,0.308,0.042,0.4,0.4,0.4,0.4,0.042,0.358
822,,0.158,-0.108,0.25,0.25,0.25,0.25,-0.108,0.208
823,2,0.479,0.892,0.571,0.5,0.429,0.4,0.071,0.458
824,2,0.8,1.0,0.892,0.75,0.608,0.55,0.25,0.708
825,,0.65,0.85,0.742,0.6,0.458,0.4,0.1,0.558
826,,0.5,0.7,0.592,0.45,0.308,0.25,-0.05,0.408
827,7,0.75,0.879,0.742,0.629,0.558,0.571,0.95,0.729
828,7,1.0,1.0,0.892,0.808,0.808,0.892,1.0,1.0
829,,0.85,0.85,0.742,0.658,0.658,0.742,0.85,0.85
830,,0.7,0.7,0.592,0.508,0.508,0.592,0.7,0.7
831,,0.55,0.55,0.442,0.358,0.358,0.442,0.55,0.55
