step,active_motive,motive_1,motive_2,motive_3,motive_4,motive_5,motive_6,motive_7,motive_8
0,,0.41393,0.13577,0.48263,0.22863,0.42101,0.09719,0.20568,0.34976
1,,0.26393,-0.01423,0.33263,0.07863,0.27101,-0.05281,0.05568,0.19976
2,6,0.44293,0.13577,0.51163,0.32863,0.59201,0.94719,0.37668,0.44976
3,6,0.62193,0.28577,0.69063,0.57863,0.91301,1.0,0.69768,0.69976
4,,0.47193,0.13577,0.54063,0.42863,0.76301,0.85,0.54768,0.54976
5,,0.32193,-0.01423,0.39063,0.27863,0.61301,0.7,0.39768,0.39976
6,2,0.64293,0.98577,0.71163,0.52863,0.79201,0.85,0.57668,0.64976
7,2,0.96393,1.0,1.0,0.77863,0.97101,1.0,0.75568,0.89976
8,,0.81393,0.85,0.85,0.62863,0.82101,0.85,0.60568,0.74976
9,,0.66393,0.7,0.7,0.47863,0.67101,0.7,0.45568,0.59976
10,,0.51393,0.55,0.55,0.32863,0.52101,0.55,0.30568,0.44976
11,,0.36393,0.4,0.4,0.17863,0.37101,0.4,0.15568,0.29976
12,,0.21393,0.25,0.25,0.02863,0.22101,0.25,0.00568,0.14976
13,,0.06393,0.1,0.1,-0.12137,0.07101,0.1,-0.14432,-0.00024
14,7,0.31393,0.279,0.25,0.05763,0.32101,0.421,0.85568,0.32076
15,7,0.56393,0.458,0.4,0.23663,0.57101,0.742,1.0,0.64176
16,,0.41393,0.308,0.25,0.08663,0.42101,0.592,0.85,0.49176
17,,0.26393,0.158,0.1,-0.06337,0.27101,0.442,0.7,0.34176
18,4,0.44293,0.408,0.421,0.93663,0.59201,0.692,0.879,0.49176
19,4,0.62193,0.658,0.742,1.0,0.91301,0.942,1.0,0.64176
20,,0.47193,0.508,0.592,0.85,0.76301,0.792,0.85,0.49176
21,,0.32193,0.358,0.442,0.7,0.61301,0.642,0.7,0.34176
22,,0.17193,0.208,0.292,0.55,0.46301,0.492,0.55,0.19176
23,,0.02193,0.058,0.142,0.4,0.31301,0.342,0.4,0.04176
24,,-0.12807,-0.092,-0.008,0.25,0.16301,0.192,0.25,-0.10824
25,1,0.87193,0.229,0.242,0.429,0.31301,0.371,0.5,0.21276
26,1,1.0,0.55,0.492,0.608,0.46301,0.55,0.75,0.53376
27,,0.85,0.4,0.342,0.458,0.31301,0.4,0.6,0.38376
28,,0.7,0.25,0.192,0.308,0.16301,0.25,0.45,0.23376
29,,0.55,0.1,0.042,0.158,0.01301,0.1,0.3,0.08376
30,,0.4,-0.05,-0.108,0.008,-0.13699,-0.05,0.15,-0.06624
31,5,0.55,0.129,0.142,0.329,0.86301,0.271,0.4,0.11276
32,5,0.7,0.308,0.392,0.65,1.0,0.592,0.65,0.29176
33,,0.55,0.158,0.242,0.5,0.85,0.442,0.5,0.14176
34,,0.4,0.008,0.092,0.35,0.7,0.292,0.35,-0.00824
35,8,0.721,0.258,0.271,0.5,0.879,0.542,0.671,0.99176
36,8,1.0,0.508,0.45,0.65,1.0,0.792,0.992,1.0
37,,0.85,0.358,0.3,0.5,0.85,0.642,0.842,0.85
38,,0.7,0.208,0.15,0.35,0.7,0.492,0.692,0.7
39,,0.55,0.058,0.0,0.2,0.55,0.342,0.542,0.55
40,,0.4,-0.092,-0.15,0.05,0.4,0.192,0.392,0.4
41,3,0.65,0.229,0.85,0.371,0.65,0.371,0.542,0.579
42,3,0.9,0.55,1.0,0.692,0.9,0.55,0.692,0.758
43,,0.75,0.4,0.85,0.542,0.75,0.4,0.542,0.608
44,,0.6,0.25,0.7,0.392,0.6,0.25,0.392,0.458
45,,0.45,0.1,0.55,0.242,0.45,0.1,0.242,0.308
46,,0.3,-0.05,0.4,0.092,0.3,-0.05,0.092,0.158
47,6,0.479,0.1,0.579,0.342,0.621,0.95,0.413,0.408
48,6,0.658,0.25,0.758,0.592,0.942,1.0,0.734,0.658
49,,0.508,0.1,0.608,0.442,0.792,0.85,0.584,0.508
50,,0.358,-0.05,0.458,0.292,0.642,0.7,0.434,0.358
51,2,0.679,0.95,0.779,0.542,0.821,0.85,0.613,0.608
52,2,1.0,1.0,1.0,0.792,1.0,1.0,0.792,0.858
53,,0.85,0.85,0.85,0.642,0.85,0.85,0.642,0.708
54,,0.7,0.7,0.7,0.492,0.7,0.7,0.492,0.558
55,,0.55,0.55,0.55,0.342,0.55,0.55,0.342,0.408
56,,0.4,0.4,0.4,0.192,0.4,0.4,0.192,0.258
57,,0.25,0.25,0.25,0.042,0.25,0.25,0.042,0.108
58,,0.1,0.1,0.1,-0.108,0.1,0.1,-0.108,-0.042
59,7,0.35,0.279,0.25,0.071,0.35,0.421,0.892,0.279
60,7,0.6,0.458,0.4,0.25,0.6,0.742,1.0,0.6
61,,0.45,0.308,0.25,0.1,0.45,0.592,0.85,0.45
62,,0.3,0.158,0.1,-0.05,0.3,0.442,0.7,0.3
63,4,0.479,0.408,0.421,0.95,0.621,0.692,0.879,0.45
64,4,0.658,0.658,0.742,1.0,0.942,0.942,1.0,0.6
65,,0.508,0.508,0.592,0.85,0.792,0.792,0.85,0.45
66,,0.358,0.358,0.442,0.7,0.642,0.642,0.7,0.3
67,,0.208,0.208,0.292,0.55,0.492,0.492,0.55,0.15
68,,0.058,0.058,0.142,0.4,0.342,0.342,0.4,0.0
69,,-0.092,-0.092,-0.008,0.25,0.192,0.192,0.25,-0.15
70,8,0.229,0.158,0.171,0.4,0.371,0.442,0.571,0.85
71,8,0.55,0.408,0.35,0.55,0.55,0.692,0.892,1.0
72,,0.4,0.258,0.2,0.4,0.4,0.542,0.742,0.85
73,,0.25,0.108,0.05,0.25,0.25,0.392,0.592,0.7
74,,0.1,-0.042,-0.1,0.1,0.1,0.242,0.442,0.55
75,3,0.35,0.279,0.9,0.421,0.35,0.421,0.592,0.729
76,3,0.6,0.6,1.0,0.742,0.6,0.6,0.742,0.908
77,,0.45,0.45,0.85,0.592,0.45,0.45,0.592,0.758
78,,0.3,0.3,0.7,0.442,0.3,0.3,0.442,0.608
79,,0.15,0.15,0.55,0.292,0.15,0.15,0.292,0.458
80,,0.0,0.0,0.4,0.142,0.0,0.0,0.142,0.308
81,,-0.15,-0.15,0.25,-0.008,-0.15,-0.15,-0.008,0.158
82,6,0.029,0.0,0.429,0.242,0.171,0.85,0.313,0.408
83,6,0.208,0.15,0.608,0.492,0.492,1.0,0.634,0.658
84,,0.058,0.0,0.458,0.342,0.342,0.85,0.484,0.508
85,,-0.092,-0.15,0.308,0.192,0.192,0.7,0.334,0.358
86,2,0.229,0.85,0.629,0.442,0.371,0.85,0.513,0.608
87,2,0.55,1.0,0.95,0.692,0.55,1.0,0.692,0.858
88,,0.4,0.85,0.8,0.542,0.4,0.85,0.542,0.708
89,,0.25,0.7,0.65,0.392,0.25,0.7,0.392,0.558
90,,0.1,0.55,0.5,0.242,0.1,0.55,0.242,0.408
91,,-0.05,0.4,0.35,0.092,-0.05,0.4,0.092,0.258
92,1,0.95,0.721,0.6,0.271,0.1,0.579,0.342,0.579
93,1,1.0,1.0,0.85,0.45,0.25,0.758,0.592,0.9
94,,0.85,0.85,0.7,0.3,0.1,0.608,0.442,0.75
95,,0.7,0.7,0.55,0.15,-0.05,0.458,0.292,0.6
96,5,0.85,0.879,0.8,0.471,0.95,0.779,0.542,0.779
97,5,1.0,1.0,1.0,0.792,1.0,1.0,0.792,0.958
98,,0.85,0.85,0.85,0.642,0.85,0.85,0.642,0.808
99,,0.7,0.7,0.7,0.492,0.7,0.7,0.492,0.658
100,,0.55,0.55,0.55,0.342,0.55,0.55,0.342,0.508
101,,0.4,0.4,0.4,0.192,0.4,0.4,0.192,0.358
102,,0.25,0.25,0.25,0.042,0.25,0.25,0.042,0.208
103,,0.1,0.1,0.1,-0.108,0.1,0.1,-0.108,0.058
104,7,0.35,0.279,0.25,0.071,0.35,0.421,0.892,0.379
105,7,0.6,0.458,0.4,0.25,0.6,0.742,1.0,0.7
106,,0.45,0.308,0.25,0.1,0.45,0.592,0.85,0.55
107,,0.3,0.158,0.1,-0.05,0.3,0.442,0.7,0.4
108,4,0.479,0.408,0.421,0.95,0.621,0.692,0.879,0.55
109,4,0.658,0.658,0.742,1.0,0.942,0.942,1.0,0.7
110,,0.508,0.508,0.592,0.85,0.792,0.792,0.85,0.55
111,,0.358,0.358,0.442,0.7,0.642,0.642,0.7,0.4
112,,0.208,0.208,0.292,0.55,0.492,0.492,0.55,0.25
113,,0.058,0.058,0.142,0.4,0.342,0.342,0.4,0.1
114,,-0.092,-0.092,-0.008,0.25,0.192,0.192,0.25,-0.05
115,2,0.229,0.908,0.313,0.5,0.371,0.342,0.429,0.2
116,2,0.55,1.0,0.634,0.75,0.55,0.492,0.608,0.45
117,,0.4,0.85,0.484,0.6,0.4,0.342,0.458,0.3
118,,0.25,0.7,0.334,0.45,0.25,0.192,0.308,0.15
119,,0.1,0.55,0.184,0.3,0.1,0.042,0.158,0.0
120,,-0.05,0.4,0.034,0.15,-0.05,-0.108,0.008,-0.15
121,8,0.271,0.65,0.213,0.3,0.129,0.142,0.329,0.85
122,8,0.592,0.9,0.392,0.45,0.308,0.392,0.65,1.0
123,,0.442,0.75,0.242,0.3,0.158,0.242,0.5,0.85
124,,0.292,0.6,0.092,0.15,0.008,0.092,0.35,0.7
125,,0.142,0.45,-0.058,0.0,-0.142,-0.058,0.2,0.55
126,5,0.292,0.629,0.192,0.321,0.858,0.263,0.45,0.729
127,5,0.442,0.808,0.442,0.642,1.0,0.584,0.7,0.908
128,,0.292,0.658,0.292,0.492,0.85,0.434,0.55,0.758
129,,0.142,0.508,0.142,0.342,0.7,0.284,0.4,0.608
130,,-0.008,0.358,-0.008,0.192,0.55,0.134,0.25,0.458
131,3,0.242,0.679,0.992,0.513,0.8,0.313,0.4,0.637
132,3,0.492,1.0,1.0,0.834,1.0,0.492,0.55,0.816
133,,0.342,0.85,0.85,0.684,0.85,0.342,0.4,0.666
134,,0.192,0.7,0.7,0.534,0.7,0.192,0.25,0.516
135,,0.042,0.55,0.55,0.384,0.55,0.042,0.1,0.366
136,,-0.108,0.4,0.4,0.234,0.4,-0.108,-0.05,0.216
137,6,0.071,0.55,0.579,0.484,0.721,0.892,0.271,0.466
138,6,0.25,0.7,0.758,0.734,1.0,1.0,0.592,0.716
139,,0.1,0.55,0.608,0.584,0.85,0.85,0.442,0.566
140,,-0.05,0.4,0.458,0.434,0.7,0.7,0.292,0.416
141,1,0.95,0.721,0.708,0.613,0.85,0.879,0.542,0.737
142,1,1.0,1.0,0.958,0.792,1.0,1.0,0.792,1.0
143,,0.85,0.85,0.808,0.642,0.85,0.85,0.642,0.85
144,,0.7,0.7,0.658,0.492,0.7,0.7,0.492,0.7
145,,0.55,0.55,0.508,0.342,0.55,0.55,0.342,0.55
146,,0.4,0.4,0.358,0.192,0.4,0.4,0.192,0.4
147,,0.25,0.25,0.208,0.042,0.25,0.25,0.042,0.25
148,,0.1,0.1,0.058,-0.108,0.1,0.1,-0.108,0.1
149,4,0.279,0.35,0.379,0.892,0.421,0.35,0.071,0.25
150,4,0.458,0.6,0.7,1.0,0.742,0.6,0.25,0.4
151,,0.308,0.45,0.55,0.85,0.592,0.45,0.1,0.25
152,,0.158,0.3,0.4,0.7,0.442,0.3,-0.05,0.1
153,7,0.408,0.479,0.55,0.879,0.692,0.621,0.95,0.421
154,7,0.658,0.658,0.7,1.0,0.942,0.942,1.0,0.742
155,,0.508,0.508,0.55,0.85,0.792,0.792,0.85,0.592
156,,0.358,0.358,0.4,0.7,0.642,0.642,0.7,0.442
157,,0.208,0.208,0.25,0.55,0.492,0.492,0.55,0.292
158,,0.058,0.058,0.1,0.4,0.342,0.342,0.4,0.142
159,,-0.092,-0.092,-0.05,0.25,0.192,0.192,0.25,-0.008
160,1,0.908,0.229,0.2,0.429,0.342,0.371,0.5,0.313
161,1,1.0,0.55,0.45,0.608,0.492,0.55,0.75,0.634
162,,0.85,0.4,0.3,0.458,0.342,0.4,0.6,0.484
163,,0.7,0.25,0.15,0.308,0.192,0.25,0.45,0.334
164,,0.55,0.1,0.0,0.158,0.042,0.1,0.3,0.184
165,,0.4,-0.05,-0.15,0.008,-0.108,-0.05,0.15,0.034
166,3,0.65,0.271,0.85,0.329,0.142,0.129,0.3,0.213
167,3,0.9,0.592,1.0,0.65,0.392,0.308,0.45,0.392
168,,0.75,0.442,0.85,0.5,0.242,0.158,0.3,0.242
169,,0.6,0.292,0.7,0.35,0.092,0.008,0.15,0.092
170,,0.45,0.142,0.55,0.2,-0.058,-0.142,0.0,-0.058
171,6,0.629,0.292,0.729,0.45,0.263,0.858,0.321,0.192
172,6,0.808,0.442,0.908,0.7,0.584,1.0,0.642,0.442
173,,0.658,0.292,0.758,0.55,0.434,0.85,0.492,0.292
174,,0.508,0.142,0.608,0.4,0.284,0.7,0.342,0.142
175,,0.358,-0.008,0.458,0.25,0.134,0.55,0.192,-0.008
176,8,0.679,0.242,0.637,0.4,0.313,0.8,0.513,0.992
177,8,1.0,0.492,0.816,0.55,0.492,1.0,0.834,1.0
178,,0.85,0.342,0.666,0.4,0.342,0.85,0.684,0.85
179,,0.7,0.192,0.516,0.25,0.192,0.7,0.534,0.7
180,,0.55,0.042,0.366,0.1,0.042,0.55,0.384,0.55
181,,0.4,-0.108,0.216,-0.05,-0.108,0.4,0.234,0.4
182,2,0.721,0.892,0.537,0.2,0.071,0.55,0.413,0.65
183,2,1.0,1.0,0.858,0.45,0.25,0.7,0.592,0.9
184,,0.85,0.85,0.708,0.3,0.1,0.55,0.442,0.75
185,,0.7,0.7,0.558,0.15,-0.05,0.4,0.292,0.6
186,5,0.85,0.879,0.808,0.471,0.95,0.721,0.542,0.779
187,5,1.0,1.0,1.0,0.792,1.0,1.0,0.792,0.958
188,,0.85,0.85,0.85,0.642,0.85,0.85,0.642,0.808
189,,0.7,0.7,0.7,0.492,0.7,0.7,0.492,0.658
190,,0.55,0.55,0.55,0.342,0.55,0.55,0.342,0.508
191,,0.4,0.4,0.4,0.192,0.4,0.4,0.192,0.358
192,,0.25,0.25,0.25,0.042,0.25,0.25,0.042,0.208
193,,0.1,0.1,0.1,-0.108,0.1,0.1,-0.108,0.058
194,4,0.279,0.35,0.421,0.892,0.421,0.35,0.071,0.208
195,4,0.458,0.6,0.742,1.0,0.742,0.6,0.25,0.358
196,,0.308,0.45,0.592,0.85,0.592,0.45,0.1,0.208
197,,0.158,0.3,0.442,0.7,0.442,0.3,-0.05,0.058
198,7,0.408,0.479,0.592,0.879,0.692,0.621,0.95,0.379
199,7,0.658,0.658,0.742,1.0,0.942,0.942,1.0,0.7
200,,0.508,0.508,0.592,0.85,0.792,0.792,0.85,0.55
201,,0.358,0.358,0.442,0.7,0.642,0.642,0.7,0.4
202,,0.208,0.208,0.292,0.55,0.492,0.492,0.55,0.25
203,,0.058,0.058,0.142,0.4,0.342,0.342,0.4,0.1
204,,-0.092,-0.092,-0.008,0.25,0.192,0.192,0.25,-0.05
205,2,0.229,0.908,0.313,0.5,0.371,0.342,0.429,0.2
206,2,0.55,1.0,0.634,0.75,0.55,0.492,0.608,0.45
207,,0.4,0.85,0.484,0.6,0.4,0.342,0.458,0.3
208,,0.25,0.7,0.334,0.45,0.25,0.192,0.308,0.15
209,,0.1,0.55,0.184,0.3,0.1,0.042,0.158,0.0
210,,-0.05,0.4,0.034,0.15,-0.05,-0.108,0.008,-0.15
211,8,0.271,0.65,0.213,0.3,0.129,0.142,0.329,0.85
212,8,0.592,0.9,0.392,0.45,0.308,0.392,0.65,1.0
213,,0.442,0.75,0.242,0.3,0.158,0.242,0.5,0.85
214,,0.292,0.6,0.092,0.15,0.008,0.092,0.35,0.7
215,,0.142,0.45,-0.058,0.0,-0.142,-0.058,0.2,0.55
216,5,0.292,0.629,0.192,0.321,0.858,0.263,0.45,0.729
217,5,0.442,0.808,0.442,0.642,1.0,0.584,0.7,0.908
218,,0.292,0.658,0.292,0.492,0.85,0.434,0.55,0.758
219,,0.142,0.508,0.142,0.342,0.7,0.284,0.4,0.608
220,,-0.008,0.358,-0.008,0.192,0.55,0.134,0.25,0.458
221,3,0.242,0.679,0.992,0.513,0.8,0.313,0.4,0.637
222,3,0.492,1.0,1.0,0.834,1.0,0.492,0.55,0.816
223,,0.342,0.85,0.85,0.684,0.85,0.342,0.4,0.666
224,,0.192,0.7,0.7,0.534,0.7,0.192,0.25,0.516
225,,0.042,0.55,0.55,0.384,0.55,0.042,0.1,0.366
226,,-0.108,0.4,0.4,0.234,0.4,-0.108,-0.05,0.216
227,1,0.892,0.721,0.65,0.413,0.55,0.071,0.2,0.537
228,1,1.0,1.0,0.9,0.592,0.7,0.25,0.45,0.858
229,,0.85,0.85,0.75,0.442,0.55,0.1,0.3,0.708
230,,0.7,0.7,0.6,0.292,0.4,-0.05,0.15,0.558
231,6,0.879,0.85,0.779,0.542,0.721,0.95,0.471,0.808
232,6,1.0,1.0,0.958,0.792,1.0,1.0,0.792,1.0
233,,0.85,0.85,0.808,0.642,0.85,0.85,0.642,0.85
234,,0.7,0.7,0.658,0.492,0.7,0.7,0.492,0.7
235,,0.55,0.55,0.508,0.342,0.55,0.55,0.342,0.55
236,,0.4,0.4,0.358,0.192,0.4,0.4,0.192,0.4
237,,0.25,0.25,0.208,0.042,0.25,0.25,0.042,0.25
238,,0.1,0.1,0.058,-0.108,0.1,0.1,-0.108,0.1
239,7,0.35,0.279,0.208,0.071,0.35,0.421,0.892,0.421
240,7,0.6,0.458,0.358,0.25,0.6,0.742,1.0,0.742
241,,0.45,0.308,0.208,0.1,0.45,0.592,0.85,0.592
242,,0.3,0.158,0.058,-0.05,0.3,0.442,0.7,0.442
243,4,0.479,0.408,0.379,0.95,0.621,0.692,0.879,0.592
244,4,0.658,0.658,0.7,1.0,0.942,0.942,1.0,0.742
245,,0.508,0.508,0.55,0.85,0.792,0.792,0.85,0.592
246,,0.358,0.358,0.4,0.7,0.642,0.642,0.7,0.442
247,,0.208,0.208,0.25,0.55,0.492,0.492,0.55,0.292
248,,0.058,0.058,0.1,0.4,0.342,0.342,0.4,0.142
249,,-0.092,-0.092,-0.05,0.25,0.192,0.192,0.25,-0.008
250,1,0.908,0.229,0.2,0.429,0.342,0.371,0.5,0.313
251,1,1.0,0.55,0.45,0.608,0.492,0.55,0.75,0.634
252,,0.85,0.4,0.3,0.458,0.342,0.4,0.6,0.484
253,,0.7,0.25,0.15,0.308,0.192,0.25,0.45,0.334
254,,0.55,0.1,0.0,0.158,0.042,0.1,0.3,0.184
255,,0.4,-0.05,-0.15,0.008,-0.108,-0.05,0.15,0.034
256,3,0.65,0.271,0.85,0.329,0.142,0.129,0.3,0.213
257,3,0.9,0.592,1.0,0.65,0.392,0.308,0.45,0.392
258,,0.75,0.442,0.85,0.5,0.242,0.158,0.3,0.242
259,,0.6,0.292,0.7,0.35,0.092,0.008,0.15,0.092
260,,0.45,0.142,0.55,0.2,-0.058,-0.142,0.0,-0.058
261,6,0.629,0.292,0.729,0.45,0.263,0.858,0.321,0.192
262,6,0.808,0.442,0.908,0.7,0.584,1.0,0.642,0.442
263,,0.658,0.292,0.758,0.55,0.434,0.85,0.492,0.292
264,,0.508,0.142,0.608,0.4,0.284,0.7,0.342,0.142
265,,0.358,-0.008,0.458,0.25,0.134,0.55,0.192,-0.008
266,8,0.679,0.242,0.637,0.4,0.313,0.8,0.513,0.992
267,8,1.0,0.492,0.816,0.55,0.492,1.0,0.834,1.0
268,,0.85,0.342,0.666,0.4,0.342,0.85,0.684,0.85
269,,0.7,0.192,0.516,0.25,0.192,0.7,0.534,0.7
270,,0.55,0.042,0.366,0.1,0.042,0.55,0.384,0.55
271,,0.4,-0.108,0.216,-0.05,-0.108,0.4,0.234,0.4
272,2,0.721,0.892,0.537,0.2,0.071,0.55,0.413,0.65
273,2,1.0,1.0,0.858,0.45,0.25,0.7,0.592,0.9
274,,0.85,0.85,0.708,0.3,0.1,0.55,0.442,0.75
275,,0.7,0.7,0.558,0.15,-0.05,0.4,0.292,0.6
276,5,0.85,0.879,0.808,0.471,0.95,0.721,0.542,0.779
277,5,1.0,1.0,1.0,0.792,1.0,1.0,0.792,0.958
278,,0.85,0.85,0.85,0.642,0.85,0.85,0.642,0.808
279,,0.7,0.7,0.7,0.492,0.7,0.7,0.492,0.658
280,,0.55,0.55,0.55,0.342,0.55,0.55,0.342,0.508
281,,0.4,0.4,0.4,0.192,0.4,0.4,0.192,0.358
282,,0.25,0.25,0.25,0.042,0.25,0.25,0.042,0.208
283,,0.1,0.1,0.1,-0.108,0.1,0.1,-0.108,0.058
284,7,0.35,0.279,0.25,0.071,0.35,0.421,0.892,0.379
285,7,0.6,0.458,0.4,0.25,0.6,0.742,1.0,0.7
286,,0.45,0.308,0.25,0.1,0.45,0.592,0.85,0.55
287,,0.3,0.158,0.1,-0.05,0.3,0.442,0.7,0.4
288,4,0.479,0.408,0.421,0.95,0.621,0.692,0.879,0.55
289,4,0.658,0.658,0.742,1.0,0.942,0.942,1.0,0.7
290,,0.508,0.508,0.592,0.85,0.792,0.792,0.85,0.55
291,,0.358,0.358,0.442,0.7,0.642,0.642,0.7,0.4
292,,0.208,0.208,0.292,0.55,0.492,0.492,0.55,0.25
293,,0.058,0.058,0.142,0.4,0.342,0.342,0.4,0.1
294,,-0.092,-0.092,-0.008,0.25,0.192,0.192,0.25,-0.05
295,1,0.908,0.229,0.242,0.429,0.342,0.371,0.5,0.271
296,1,1.0,0.55,0.492,0.608,0.492,0.55,0.75,0.592
297,,0.85,0.4,0.342,0.458,0.342,0.4,0.6,0.442
298,,0.7,0.25,0.192,0.308,0.192,0.25,0.45,0.292
299,,0.55,0.1,0.042,0.158,0.042,0.1,0.3,0.142
300,,0.4,-0.05,-0.108,0.008,-0.108,-0.05,0.15,-0.008
301,3,0.65,0.271,0.892,0.329,0.142,0.129,0.3,0.171
302,3,0.9,0.592,1.0,0.65,0.392,0.308,0.45,0.35
303,,0.75,0.442,0.85,0.5,0.242,0.158,0.3,0.2
304,,0.6,0.292,0.7,0.35,0.092,0.008,0.15,0.05
305,,0.45,0.142,0.55,0.2,-0.058,-0.142,0.0,-0.1
306,6,0.629,0.292,0.729,0.45,0.263,0.858,0.321,0.15
307,6,0.808,0.442,0.908,0.7,0.584,1.0,0.642,0.4
308,,0.658,0.292,0.758,0.55,0.434,0.85,0.492,0.25
309,,0.508,0.142,0.608,0.4,0.284,0.7,0.342,0.1
310,,0.358,-0.008,0.458,0.25,0.134,0.55,0.192,-0.05
311,8,0.679,0.242,0.637,0.4,0.313,0.8,0.513,0.95
312,8,1.0,0.492,0.816,0.55,0.492,1.0,0.834,1.0
313,,0.85,0.342,0.666,0.4,0.342,0.85,0.684,0.85
314,,0.7,0.192,0.516,0.25,0.192,0.7,0.534,0.7
315,,0.55,0.042,0.366,0.1,0.042,0.55,0.384,0.55
316,,0.4,-0.108,0.216,-0.05,-0.108,0.4,0.234,0.4
317,2,0.721,0.892,0.537,0.2,0.071,0.55,0.413,0.65
318,2,1.0,1.0,0.858,0.45,0.25,0.7,0.592,0.9
319,,0.85,0.85,0.708,0.3,0.1,0.55,0.442,0.75
320,,0.7,0.7,0.558,0.15,-0.05,0.4,0.292,0.6
321,5,0.85,0.879,0.808,0.471,0.95,0.721,0.542,0.779
322,5,1.0,1.0,1.0,0.792,1.0,1.0,0.792,0.958
323,,0.85,0.85,0.85,0.642,0.85,0.85,0.642,0.808
324,,0.7,0.7,0.7,0.492,0.7,0.7,0.492,0.658
325,,0.55,0.55,0.55,0.342,0.55,0.55,0.342,0.508
326,,0.4,0.4,0.4,0.192,0.4,0.4,0.192,0.358
327,,0.25,0.25,0.25,0.042,0.25,0.25,0.042,0.208
328,,0.1,0.1,0.1,-0.108,0.1,0.1,-0.108,0.058
329,7,0.35,0.279,0.25,0.071,0.35,0.421,0.892,0.379
330,7,0.6,0.458,0.4,0.25,0.6,0.742,1.0,0.7
331,,0.45,0.308,0.25,0.1,0.45,0.592,0.85,0.55
332,,0.3,0.158,0.1,-0.05,0.3,0.442,0.7,0.4
333,4,0.479,0.408,0.421,0.95,0.621,0.692,0.879,0.55
334,4,0.658,0.658,0.742,1.0,0.942,0.942,1.0,0.7
335,,0.508,0.508,0.592,0.85,0.792,0.792,0.85,0.55
336,,0.358,0.358,0.442,0.7,0.642,0.642,0.7,0.4
337,,0.208,0.208,0.292,0.55,0.492,0.492,0.55,0.25
338,,0.058,0.058,0.142,0.4,0.342,0.342,0.4,0.1
339,,-0.092,-0.092,-0.008,0.25,0.192,0.192,0.25,-0.05
340,1,0.908,0.229,0.242,0.429,0.342,0.371,0.5,0.271
341,1,1.0,0.55,0.492,0.608,0.492,0.55,0.75,0.592
342,,0.85,0.4,0.342,0.458,0.342,0.4,0.6,0.442
343,,0.7,0.25,0.192,0.308,0.192,0.25,0.45,0.292
344,,0.55,0.1,0.042,0.158,0.042,0.1,0.3,0.142
345,,0.4,-0.05,-0.108,0.008,-0.108,-0.05,0.15,-0.008
346,3,0.65,0.271,0.892,0.329,0.142,0.129,0.3,0.171
347,3,0.9,0.592,1.0,0.65,0.392,0.308,0.45,0.35
348,,0.75,0.442,0.85,0.5,0.242,0.158,0.3,0.2
349,,0.6,0.292,0.7,0.35,0.092,0.008,0.15,0.05
350,,0.45,0.142,0.55,0.2,-0.058,-0.142,0.0,-0.1
351,6,0.629,0.292,0.729,0.45,0.263,0.858,0.321,0.15
352,6,0.808,0.442,0.908,0.7,0.584,1.0,0.642,0.4
353,,0.658,0.292,0.758,0.55,0.434,0.85,0.492,0.25
354,,0.508,0.142,0.608,0.4,0.284,0.7,0.342,0.1
355,,0.358,-0.008,0.458,0.25,0.134,0.55,0.192,-0.05
356,8,0.679,0.242,0.637,0.4,0.313,0.8,0.513,0.95
357,8,1.0,0.492,0.816,0.55,0.492,1.0,0.834,1.0
358,,0.85,0.342,0.666,0.4,0.342,0.85,0.684,0.85
359,,0.7,0.192,0.516,0.25,0.192,0.7,0.534,0.7
360,,0.55,0.042,0.366,0.1,0.042,0.55,0.384,0.55
361,,0.4,-0.108,0.216,-0.05,-0.108,0.4,0.234,0.4
362,5,0.55,0.071,0.466,0.271,0.892,0.721,0.484,0.579
363,5,0.7,0.25,0.716,0.592,1.0,1.0,0.734,0.758
364,,0.55,0.1,0.566,0.442,0.85,0.85,0.584,0.608
365,,0.4,-0.05,0.416,0.292,0.7,0.7,0.434,0.458
366,2,0.721,0.95,0.737,0.542,0.879,0.85,0.613,0.708
367,2,1.0,1.0,1.0,0.792,1.0,1.0,0.792,0.958
368,,0.85,0.85,0.85,0.642,0.85,0.85,0.642,0.808
369,,0.7,0.7,0.7,0.492,0.7,0.7,0.492,0.658
370,,0.55,0.55,0.55,0.342,0.55,0.55,0.342,0.508
371,,0.4,0.4,0.4,0.192,0.4,0.4,0.192,0.358
372,,0.25,0.25,0.25,0.042,0.25,0.25,0.042,0.208
373,,0.1,0.1,0.1,-0.108,0.1,0.1,-0.108,0.058
374,7,0.35,0.279,0.25,0.071,0.35,0.421,0.892,0.379
375,7,0.6,0.458,0.4,0.25,0.6,0.742,1.0,0.7
376,,0.45,0.308,0.25,0.1,0.45,0.592,0.85,0.55
377,,0.3,0.158,0.1,-0.05,0.3,0.442,0.7,0.4
378,4,0.479,0.408,0.421,0.95,0.621,0.692,0.879,0.55
379,4,0.658,0.658,0.742,1.0,0.942,0.942,1.0,0.7
380,,0.508,0.508,0.592,0.85,0.792,0.792,0.85,0.55
381,,0.358,0.358,0.442,0.7,0.642,0.642,0.7,0.4
382,,0.208,0.208,0.292,0.55,0.492,0.492,0.55,0.25
383,,0.058,0.058,0.142,0.4,0.342,0.342,0.4,0.1
384,,-0.092,-0.092,-0.008,0.25,0.192,0.192,0.25,-0.05
385,1,0.908,0.229,0.242,0.429,0.342,0.371,0.5,0.271
386,1,1.0,0.55,0.492,0.608,0.492,0.55,0.75,0.592
387,,0.85,0.4,0.342,0.458,0.342,0.4,0.6,0.442
388,,0.7,0.25,0.192,0.308,0.192,0.25,0.45,0.292
389,,0.55,0.1,0.042,0.158,0.042,0.1,0.3,0.142
390,,0.4,-0.05,-0.108,0.008,-0.108,-0.05,0.15,-0.008
391,3,0.65,0.271,0.892,0.329,0.142,0.129,0.3,0.171
392,3,0.9,0.592,1.0,0.65,0.392,0.308,0.45,0.35
393,,0.75,0.442,0.85,0.5,0.242,0.158,0.3,0.2
394,,0.6,0.292,0.7,0.35,0.092,0.008,0.15,0.05
395,,0.45,0.142,0.55,0.2,-0.058,-0.142,0.0,-0.1
396,6,0.629,0.292,0.729,0.45,0.263,0.858,0.321,0.15
397,6,0.808,0.442,0.908,0.7,0.584,1.0,0.642,0.4
398,,0.658,0.292,0.758,0.55,0.434,0.85,0.492,0.25
399,,0.508,0.142,0.608,0.4,0.284,0.7,0.342,0.1
400,,0.358,-0.008,0.458,0.25,0.134,0.55,0.192,-0.05
401,8,0.679,0.242,0.637,0.4,0.313,0.8,0.513,0.95
402,8,1.0,0.492,0.816,0.55,0.492,1.0,0.834,1.0
403,,0.85,0.342,0.666,0.4,0.342,0.85,0.684,0.85
404,,0.7,0.192,0.516,0.25,0.192,0.7,0.534,0.7
405,,0.55,0.042,0.366,0.1,0.042,0.55,0.384,0.55
406,,0.4,-0.108,0.216,-0.05,-0.108,0.4,0.234,0.4
407,5,0.55,0.071,0.466,0.271,0.892,0.721,0.484,0.579
408,5,0.7,0.25,0.716,0.592,1.0,1.0,0.734,0.758
409,,0.55,0.1,0.566,0.442,0.85,0.85,0.584,0.608
410,,0.4,-0.05,0.416,0.292,0.7,0.7,0.434,0.458
411,2,0.721,0.95,0.737,0.542,0.879,0.85,0.613,0.708
412,2,1.0,1.0,1.0,0.792,1.0,1.0,0.792,0.958
413,,0.85,0.85,0.85,0.642,0.85,0.85,0.642,0.808
414,,0.7,0.7,0.7,0.492,0.7,0.7,0.492,0.658
415,,0.55,0.55,0.55,0.342,0.55,0.55,0.342,0.508
416,,0.4,0.4,0.4,0.192,0.4,0.4,0.192,0.358
417,,0.25,0.25,0.25,0.042,0.25,0.25,0.042,0.208
418,,0.1,0.1,0.1,-0.108,0.1,0.1,-0.108,0.058
419,7,0.35,0.279,0.25,0.071,0.35,0.421,0.892,0.379
420,7,0.6,0.458,0.4,0.25,0.6,0.742,1.0,0.7
421,,0.45,0.308,0.25,0.1,0.45,0.592,0.85,0.55
422,,0.3,0.158,0.1,-0.05,0.3,0.442,0.7,0.4
423,4,0.479,0.408,0.421,0.95,0.621,0.692,0.879,0.55
424,4,0.658,0.658,0.742,1.0,0.942,0.942,1.0,0.7
425,,0.508,0.508,0.592,0.85,0.792,0.792,0.85,0.55
426,,0.358,0.358,0.442,0.7,0.642,0.642,0.7,0.4
427,,0.208,0.208,0.292,0.55,0.492,0.492,0.55,0.25
428,,0.058,0.058,0.142,0.4,0.342,0.342,0.4,0.1
429,,-0.092,-0.092,-0.008,0.25,0.192,0.192,0.25,-0.05
430,2,0.229,0.908,0.313,0.5,0.371,0.342,0.429,0.2
431,2,0.55,1.0,0.634,0.75,0.55,0.492,0.608,0.45
432,,0.4,0.85,0.484,0.6,0.4,0.342,0.458,0.3
433,,0.25,0.7,0.334,0.45,0.25,0.192,0.308,0.15
434,,0.1,0.55,0.184,0.3,0.1,0.042,0.158,0.0
435,,-0.05,0.4,0.034,0.15,-0.05,-0.108,0.008,-0.15
436,8,0.271,0.65,0.213,0.3,0.129,0.142,0.329,0.85
437,8,0.592,0.9,0.392,0.45,0.308,0.392,0.65,1.0
438,,0.442,0.75,0.242,0.3,0.158,0.242,0.5,0.85
439,,0.292,0.6,0.092,0.15,0.008,0.092,0.35,0.7
440,,0.142,0.45,-0.058,0.0,-0.142,-0.058,0.2,0.55
441,5,0.292,0.629,0.192,0.321,0.858,0.263,0.45,0.729
442,5,0.442,0.808,0.442,0.642,1.0,0.584,0.7,0.908
443,,0.292,0.658,0.292,0.492,0.85,0.434,0.55,0.758
444,,0.142,0.508,0.142,0.342,0.7,0.284,0.4,0.608
445,,-0.008,0.358,-0.008,0.192,0.55,0.134,0.25,0.458
446,3,0.242,0.679,0.992,0.513,0.8,0.313,0.4,0.637
447,3,0.492,1.0,1.0,0.834,1.0,0.492,0.55,0.816
448,,0.342,0.85,0.85,0.684,0.85,0.342,0.4,0.666
449,,0.192,0.7,0.7,0.534,0.7,0.192,0.25,0.516
450,,0.042,0.55,0.55,0.384,0.55,0.042,0.1,0.366
451,,-0.108,0.4,0.4,0.234,0.4,-0.108,-0.05,0.216
452,6,0.071,0.55,0.579,0.484,0.721,0.892,0.271,0.466
453,6,0.25,0.7,0.758,0.734,1.0,1.0,0.592,0.716
454,,0.1,0.55,0.608,0.584,0.85,0.85,0.442,0.566
455,,-0.05,0.4,0.458,0.434,0.7,0.7,0.292,0.416
456,1,0.95,0.721,0.708,0.613,0.85,0.879,0.542,0.737
457,1,1.0,1.0,0.958,0.792,1.0,1.0,0.792,1.0
458,,0.85,0.85,0.808,0.642,0.85,0.85,0.642,0.85
459,,0.7,0.7,0.658,0.492,0.7,0.7,0.492,0.7
460,,0.55,0.55,0.508,0.342,0.55,0.55,0.342,0.55
461,,0.4,0.4,0.358,0.192,0.4,0.4,0.192,0.4
462,,0.25,0.25,0.208,0.042,0.25,0.25,0.042,0.25
463,,0.1,0.1,0.058,-0.108,0.1,0.1,-0.108,0.1
464,4,0.279,0.35,0.379,0.892,0.421,0.35,0.071,0.25
465,4,0.458,0.6,0.7,1.0,0.742,0.6,0.25,0.4
466,,0.308,0.45,0.55,0.85,0.592,0.45,0.1,0.25
467,,0.158,0.3,0.4,0.7,0.442,0.3,-0.05,0.1
468,7,0.408,0.479,0.55,0.879,0.692,0.621,0.95,0.421
469,7,0.658,0.658,0.7,1.0,0.942,0.942,1.0,0.742
470,,0.508,0.508,0.55,0.85,0.792,0.792,0.85,0.592
471,,0.358,0.358,0.4,0.7,0.642,0.642,0.7,0.442
472,,0.208,0.208,0.25,0.55,0.492,0.492,0.55,0.292
473,,0.058,0.058,0.1,0.4,0.342,0.342,0.4,0.142
474,,-0.092,-0.092,-0.05,0.25,0.192,0.192,0.25,-0.008
475,2,0.229,0.908,0.271,0.5,0.371,0.342,0.429,0.242
476,2,0.55,1.0,0.592,0.75,0.55,0.492,0.608,0.492
477,,0.4,0.85,0.442,0.6,0.4,0.342,0.458,0.342
478,,0.25,0.7,0.292,0.45,0.25,0.192,0.308,0.192
479,,0.1,0.55,0.142,0.3,0.1,0.042,0.158,0.042
480,,-0.05,0.4,-0.008,0.15,-0.05,-0.108,0.008,-0.108
481,6,0.129,0.55,0.171,0.4,0.271,0.892,0.329,0.142
482,6,0.308,0.7,0.35,0.65,0.592,1.0,0.65,0.392
483,,0.158,0.55,0.2,0.5,0.442,0.85,0.5,0.242
484,,0.008,0.4,0.05,0.35,0.292,0.7,0.35,0.092
485,,-0.142,0.25,-0.1,0.2,0.142,0.55,0.2,-0.058
486,1,0.858,0.571,0.15,0.379,0.292,0.729,0.45,0.263
487,1,1.0,0.892,0.4,0.558,0.442,0.908,0.7,0.584
488,,0.85,0.742,0.25,0.408,0.292,0.758,0.55,0.434
489,,0.7,0.592,0.1,0.258,0.142,0.608,0.4,0.284
490,,0.55,0.442,-0.05,0.108,-0.008,0.458,0.25,0.134
491,3,0.8,0.763,0.95,0.429,0.242,0.637,0.4,0.313
492,3,1.0,1.0,1.0,0.75,0.492,0.816,0.55,0.492
493,,0.85,0.85,0.85,0.6,0.342,0.666,0.4,0.342
494,,0.7,0.7,0.7,0.45,0.192,0.516,0.25,0.192
495,,0.55,0.55,0.55,0.3,0.042,0.366,0.1,0.042
496,,0.4,0.4,0.4,0.15,-0.108,0.216,-0.05,-0.108
497,5,0.55,0.579,0.65,0.471,0.892,0.537,0.2,0.071
498,5,0.7,0.758,0.9,0.792,1.0,0.858,0.45,0.25
499,,0.55,0.608,0.75,0.642,0.85,0.708,0.3,0.1
500,,0.4,0.458,0.6,0.492,0.7,0.558,0.15,-0.05
501,8,0.721,0.708,0.779,0.642,0.879,0.808,0.471,0.95
502,8,1.0,0.958,0.958,0.792,1.0,1.0,0.792,1.0
503,,0.85,0.808,0.808,0.642,0.85,0.85,0.642,0.85
504,,0.7,0.658,0.658,0.492,0.7,0.7,0.492,0.7
505,,0.55,0.508,0.508,0.342,0.55,0.55,0.342,0.55
506,,0.4,0.358,0.358,0.192,0.4,0.4,0.192,0.4
507,,0.25,0.208,0.208,0.042,0.25,0.25,0.042,0.25
508,,0.1,0.058,0.058,-0.108,0.1,0.1,-0.108,0.1
509,4,0.279,0.308,0.379,0.892,0.421,0.35,0.071,0.25
510,4,0.458,0.558,0.7,1.0,0.742,0.6,0.25,0.4
511,,0.308,0.408,0.55,0.85,0.592,0.45,0.1,0.25
512,,0.158,0.258,0.4,0.7,0.442,0.3,-0.05,0.1
513,7,0.408,0.437,0.55,0.879,0.692,0.621,0.95,0.421
514,7,0.658,0.616,0.7,1.0,0.942,0.942,1.0,0.742
515,,0.508,0.466,0.55,0.85,0.792,0.792,0.85,0.592
516,,0.358,0.316,0.4,0.7,0.642,0.642,0.7,0.442
517,,0.208,0.166,0.25,0.55,0.492,0.492,0.55,0.292
518,,0.058,0.016,0.1,0.4,0.342,0.342,0.4,0.142
519,,-0.092,-0.134,-0.05,0.25,0.192,0.192,0.25,-0.008
520,2,0.229,0.866,0.271,0.5,0.371,0.342,0.429,0.242
521,2,0.55,1.0,0.592,0.75,0.55,0.492,0.608,0.492
522,,0.4,0.85,0.442,0.6,0.4,0.342,0.458,0.342
523,,0.25,0.7,0.292,0.45,0.25,0.192,0.308,0.192
524,,0.1,0.55,0.142,0.3,0.1,0.042,0.158,0.042
525,,-0.05,0.4,-0.008,0.15,-0.05,-0.108,0.008,-0.108
526,8,0.271,0.65,0.171,0.3,0.129,0.142,0.329,0.892
527,8,0.592,0.9,0.35,0.45,0.308,0.392,0.65,1.0
528,,0.442,0.75,0.2,0.3,0.158,0.242,0.5,0.85
529,,0.292,0.6,0.05,0.15,0.008,0.092,0.35,0.7
530,,0.142,0.45,-0.1,0.0,-0.142,-0.058,0.2,0.55
531,5,0.292,0.629,0.15,0.321,0.858,0.263,0.45,0.729
532,5,0.442,0.808,0.4,0.642,1.0,0.584,0.7,0.908
533,,0.292,0.658,0.25,0.492,0.85,0.434,0.55,0.758
534,,0.142,0.508,0.1,0.342,0.7,0.284,0.4,0.608
535,,-0.008,0.358,-0.05,0.192,0.55,0.134,0.25,0.458
536,3,0.242,0.679,0.95,0.513,0.8,0.313,0.4,0.637
537,3,0.492,1.0,1.0,0.834,1.0,0.492,0.55,0.816
538,,0.342,0.85,0.85,0.684,0.85,0.342,0.4,0.666
539,,0.192,0.7,0.7,0.534,0.7,0.192,0.25,0.516
540,,0.042,0.55,0.55,0.384,0.55,0.042,0.1,0.366
541,,-0.108,0.4,0.4,0.234,0.4,-0.108,-0.05,0.216
542,1,0.892,0.721,0.65,0.413,0.55,0.071,0.2,0.537
543,1,1.0,1.0,0.9,0.592,0.7,0.25,0.45,0.858
544,,0.85,0.85,0.75,0.442,0.55,0.1,0.3,0.708
545,,0.7,0.7,0.6,0.292,0.4,-0.05,0.15,0.558
546,6,0.879,0.85,0.779,0.542,0.721,0.95,0.471,0.808
547,6,1.0,1.0,0.958,0.792,1.0,1.0,0.792,1.0
548,,0.85,0.85,0.808,0.642,0.85,0.85,0.642,0.85
549,,0.7,0.7,0.658,0.492,0.7,0.7,0.492,0.7
550,,0.55,0.55,0.508,0.342,0.55,0.55,0.342,0.55
551,,0.4,0.4,0.358,0.192,0.4,0.4,0.192,0.4
552,,0.25,0.25,0.208,0.042,0.25,0.25,0.042,0.25
553,,0.1,0.1,0.058,-0.108,0.1,0.1,-0.108,0.1
554,4,0.279,0.35,0.379,0.892,0.421,0.35,0.071,0.25
555,4,0.458,0.6,0.7,1.0,0.742,0.6,0.25,0.4
556,,0.308,0.45,0.55,0.85,0.592,0.45,0.1,0.25
557,,0.158,0.3,0.4,0.7,0.442,0.3,-0.05,0.1
558,7,0.408,0.479,0.55,0.879,0.692,0.621,0.95,0.421
559,7,0.658,0.658,0.7,1.0,0.942,0.942,1.0,0.742
560,,0.508,0.508,0.55,0.85,0.792,0.792,0.85,0.592
561,,0.358,0.358,0.4,0.7,0.642,0.642,0.7,0.442
562,,0.208,0.208,0.25,0.55,0.492,0.492,0.55,0.292
563,,0.058,0.058,0.1,0.4,0.342,0.342,0.4,0.142
564,,-0.092,-0.092,-0.05,0.25,0.192,0.192,0.25,-0.008
565,2,0.229,0.908,0.271,0.5,0.371,0.342,0.429,0.242
566,2,0.55,1.0,0.592,0.75,0.55,0.492,0.608,0.492
567,,0.4,0.85,0.442,0.6,0.4,0.342,0.458,0.342
568,,0.25,0.7,0.292,0.45,0.25,0.192,0.308,0.192
569,,0.1,0.55,0.142,0.3,0.1,0.042,0.158,0.042
570,,-0.05,0.4,-0.008,0.15,-0.05,-0.108,0.008,-0.108
571,6,0.129,0.55,0.171,0.4,0.271,0.892,0.329,0.142
572,6,0.308,0.7,0.35,0.65,0.592,1.0,0.65,0.392
573,,0.158,0.55,0.2,0.5,0.442,0.85,0.5,0.242
574,,0.008,0.4,0.05,0.35,0.292,0.7,0.35,0.092
575,,-0.142,0.25,-0.1,0.2,0.142,0.55,0.2,-0.058
576,1,0.858,0.571,0.15,0.379,0.292,0.729,0.45,0.263
577,1,1.0,0.892,0.4,0.558,0.442,0.908,0.7,0.584
578,,0.85,0.742,0.25,0.408,0.292,0.758,0.55,0.434
579,,0.7,0.592,0.1,0.258,0.142,0.608,0.4,0.284
580,,0.55,0.442,-0.05,0.108,-0.008,0.458,0.25,0.134
581,3,0.8,0.763,0.95,0.429,0.242,0.637,0.4,0.313
582,3,1.0,1.0,1.0,0.75,0.492,0.816,0.55,0.492
583,,0.85,0.85,0.85,0.6,0.342,0.666,0.4,0.342
584,,0.7,0.7,0.7,0.45,0.192,0.516,0.25,0.192
585,,0.55,0.55,0.55,0.3,0.042,0.366,0.1,0.042
586,,0.4,0.4,0.4,0.15,-0.108,0.216,-0.05,-0.108
587,5,0.55,0.579,0.65,0.471,0.892,0.537,0.2,0.071
588,5,0.7,0.758,0.9,0.792,1.0,0.858,0.45,0.25
589,,0.55,0.608,0.75,0.642,0.85,0.708,0.3,0.1
590,,0.4,0.458,0.6,0.492,0.7,0.558,0.15,-0.05
591,8,0.721,0.708,0.779,0.642,0.879,0.808,0.471,0.95
592,8,1.0,0.958,0.958,0.792,1.0,1.0,0.792,1.0
593,,0.85,0.808,0.808,0.642,0.85,0.85,0.642,0.85
594,,0.7,0.658,0.658,0.492,0.7,0.7,0.492,0.7
595,,0.55,0.508,0.508,0.342,0.55,0.55,0.342,0.55
596,,0.4,0.358,0.358,0.192,0.4,0.4,0.192,0.4
597,,0.25,0.208,0.208,0.042,0.25,0.25,0.042,0.25
598,,0.1,0.058,0.058,-0.108,0.1,0.1,-0.108,0.1
599,7,0.35,0.237,0.208,0.071,0.35,0.421,0.892,0.421
600,7,0.6,0.416,0.358,0.25,0.6,0.742,1.0,0.742
601,,0.45,0.266,0.208,0.1,0.45,0.592,0.85,0.592
602,,0.3,0.116,0.058,-0.05,0.3,0.442,0.7,0.442
603,4,0.479,0.366,0.379,0.95,0.621,0.692,0.879,0.592
604,4,0.658,0.616,0.7,1.0,0.942,0.942,1.0,0.742
605,,0.508,0.466,0.55,0.85,0.792,0.792,0.85,0.592
606,,0.358,0.316,0.4,0.7,0.642,0.642,0.7,0.442
607,,0.208,0.166,0.25,0.55,0.492,0.492,0.55,0.292
608,,0.058,0.016,0.1,0.4,0.342,0.342,0.4,0.142
609,,-0.092,-0.134,-0.05,0.25,0.192,0.192,0.25,-0.008
610,2,0.229,0.866,0.271,0.5,0.371,0.342,0.429,0.242
611,2,0.55,1.0,0.592,0.75,0.55,0.492,0.608,0.492
612,,0.4,0.85,0.442,0.6,0.4,0.342,0.458,0.342
613,,0.25,0.7,0.292,0.45,0.25,0.192,0.308,0.192
614,,0.1,0.55,0.142,0.3,0.1,0.042,0.158,0.042
615,,-0.05,0.4,-0.008,0.15,-0.05,-0.108,0.008,-0.108
616,6,0.129,0.55,0.171,0.4,0.271,0.892,0.329,0.142
617,6,0.308,0.7,0.35,0.65,0.592,1.0,0.65,0.392
618,,0.158,0.55,0.2,0.5,0.442,0.85,0.5,0.242
619,,0.008,0.4,0.05,0.35,0.292,0.7,0.35,0.092
620,,-0.142,0.25,-0.1,0.2,0.142,0.55,0.2,-0.058
621,1,0.858,0.571,0.15,0.379,0.292,0.729,0.45,0.263
622,1,1.0,0.892,0.4,0.558,0.442,0.908,0.7,0.584
623,,0.85,0.742,0.25,0.408,0.292,0.758,0.55,0.434
624,,0.7,0.592,0.1,0.258,0.142,0.608,0.4,0.284
625,,0.55,0.442,-0.05,0.108,-0.008,0.458,0.25,0.134
626,3,0.8,0.763,0.95,0.429,0.242,0.637,0.4,0.313
627,3,1.0,1.0,1.0,0.75,0.492,0.816,0.55,0.492
628,,0.85,0.85,0.85,0.6,0.342,0.666,0.4,0.342
629,,0.7,0.7,0.7,0.45,0.192,0.516,0.25,0.192
630,,0.55,0.55,0.55,0.3,0.042,0.366,0.1,0.042
631,,0.4,0.4,0.4,0.15,-0.108,0.216,-0.05,-0.108
632,5,0.55,0.579,0.65,0.471,0.892,0.537,0.2,0.071
633,5,0.7,0.758,0.9,0.792,1.0,0.858,0.45,0.25
634,,0.55,0.608,0.75,0.642,0.85,0.708,0.3,0.1
635,,0.4,0.458,0.6,0.492,0.7,0.558,0.15,-0.05
636,8,0.721,0.708,0.779,0.642,0.879,0.808,0.471,0.95
637,8,1.0,0.958,0.958,0.792,1.0,1.0,0.792,1.0
638,,0.85,0.808,0.808,0.642,0.85,0.85,0.642,0.85
639,,0.7,0.658,0.658,0.492,0.7,0.7,0.492,0.7
640,,0.55,0.508,0.508,0.342,0.55,0.55,0.342,0.55
641,,0.4,0.358,0.358,0.192,0.4,0.4,0.192,0.4
642,,0.25,0.208,0.208,0.042,0.25,0.25,0.042,0.25
643,,0.1,0.058,0.058,-0.108,0.1,0.1,-0.108,0.1
644,4,0.279,0.308,0.379,0.892,0.421,0.35,0.071,0.25
645,4,0.458,0.558,0.7,1.0,0.742,0.6,0.25,0.4
646,,0.308,0.408,0.55,0.85,0.592,0.45,0.1,0.25
647,,0.158,0.258,0.4,0.7,0.442,0.3,-0.05,0.1
648,7,0.408,0.437,0.55,0.879,0.692,0.621,0.95,0.421
649,7,0.658,0.616,0.7,1.0,0.942,0.942,1.0,0.742
650,,0.508,0.466,0.55,0.85,0.792,0.792,0.85,0.592
651,,0.358,0.316,0.4,0.7,0.642,0.642,0.7,0.442
652,,0.208,0.166,0.25,0.55,0.492,0.492,0.55,0.292
653,,0.058,0.016,0.1,0.4,0.342,0.342,0.4,0.142
654,,-0.092,-0.134,-0.05,0.25,0.192,0.192,0.25,-0.008
655,2,0.229,0.866,0.271,0.5,0.371,0.342,0.429,0.242
656,2,0.55,1.0,0.592,0.75,0.55,0.492,0.608,0.492
657,,0.4,0.85,0.442,0.6,0.4,0.342,0.458,0.342
658,,0.25,0.7,0.292,0.45,0.25,0.192,0.308,0.192
659,,0.1,0.55,0.142,0.3,0.1,0.042,0.158,0.042
660,,-0.05,0.4,-0.008,0.15,-0.05,-0.108,0.008,-0.108
661,8,0.271,0.65,0.171,0.3,0.129,0.142,0.329,0.892
662,8,0.592,0.9,0.35,0.45,0.308,0.392,0.65,1.0
663,,0.442,0.75,0.2,0.3,0.158,0.242,0.5,0.85
664,,0.292,0.6,0.05,0.15,0.008,0.092,0.35,0.7
665,,0.142,0.45,-0.1,0.0,-0.142,-0.058,0.2,0.55
666,5,0.292,0.629,0.15,0.321,0.858,0.263,0.45,0.729
667,5,0.442,0.808,0.4,0.642,1.0,0.584,0.7,0.908
668,,0.292,0.658,0.25,0.492,0.85,0.434,0.55,0.758
669,,0.142,0.508,0.1,0.342,0.7,0.284,0.4,0.608
670,,-0.008,0.358,-0.05,0.192,0.55,0.134,0.25,0.458
671,3,0.242,0.679,0.95,0.513,0.8,0.313,0.4,0.637
672,3,0.492,1.0,1.0,0.834,1.0,0.492,0.55,0.816
673,,0.342,0.85,0.85,0.684,0.85,0.342,0.4,0.666
674,,0.192,0.7,0.7,0.534,0.7,0.192,0.25,0.516
675,,0.042,0.55,0.55,0.384,0.55,0.042,0.1,0.366
676,,-0.108,0.4,0.4,0.234,0.4,-0.108,-0.05,0.216
677,6,0.071,0.55,0.579,0.484,0.721,0.892,0.271,0.466
678,6,0.25,0.7,0.758,0.734,1.0,1.0,0.592,0.716
679,,0.1,0.55,0.608,0.584,0.85,0.85,0.442,0.566
680,,-0.05,0.4,0.458,0.434,0.7,0.7,0.292,0.416
681,1,0.95,0.721,0.708,0.613,0.85,0.879,0.542,0.737
682,1,1.0,1.0,0.958,0.792,1.0,1.0,0.792,1.0
683,,0.85,0.85,0.808,0.642,0.85,0.85,0.642,0.85
684,,0.7,0.7,0.658,0.492,0.7,0.7,0.492,0.7
685,,0.55,0.55,0.508,0.342,0.55,0.55,0.342,0.55
686,,0.4,0.4,0.358,0.192,0.4,0.4,0.192,0.4
687,,0.25,0.25,0.208,0.042,0.25,0.25,0.042,0.25
688,,0.1,0.1,0.058,-0.108,0.1,0.1,-0.108,0.1
689,7,0.35,0.279,0.208,0.071,0.35,0.421,0.892,0.421
690,7,0.6,0.458,0.358,0.25,0.6,0.742,1.0,0.742
691,,0.45,0.308,0.208,0.1,0.45,0.592,0.85,0.592
692,,0.3,0.158,0.058,-0.05,0.3,0.442,0.7,0.442
693,4,0.479,0.408,0.379,0.95,0.621,0.692,0.879,0.592
694,4,0.658,0.658,0.7,1.0,0.942,0.942,1.0,0.742
695,,0.508,0.508,0.55,0.85,0.792,0.792,0.85,0.592
696,,0.358,0.358,0.4,0.7,0.642,0.642,0.7,0.442
697,,0.208,0.208,0.25,0.55,0.492,0.492,0.55,0.292
698,,0.058,0.058,0.1,0.4,0.342,0.342,0.4,0.142
699,,-0.092,-0.092,-0.05,0.25,0.192,0.192,0.25,-0.008
700,1,0.908,0.229,0.2,0.429,0.342,0.371,0.5,0.313
701,1,1.0,0.55,0.45,0.608,0.492,0.55,0.75,0.634
702,,0.85,0.4,0.3,0.458,0.342,0.4,0.6,0.484
703,,0.7,0.25,0.15,0.308,0.192,0.25,0.45,0.334
704,,0.55,0.1,0.0,0.158,0.042,0.1,0.3,0.184
705,,0.4,-0.05,-0.15,0.008,-0.108,-0.05,0.15,0.034
706,3,0.65,0.271,0.85,0.329,0.142,0.129,0.3,0.213
707,3,0.9,0.592,1.0,0.65,0.392,0.308,0.45,0.392
708,,0.75,0.442,0.85,0.5,0.242,0.158,0.3,0.242
709,,0.6,0.292,0.7,0.35,0.092,0.008,0.15,0.092
710,,0.45,0.142,0.55,0.2,-0.058,-0.142,0.0,-0.058
711,6,0.629,0.292,0.729,0.45,0.263,0.858,0.321,0.192
712,6,0.808,0.442,0.908,0.7,0.584,1.0,0.642,0.442
713,,0.658,0.292,0.758,0.55,0.434,0.85,0.492,0.292
714,,0.508,0.142,0.608,0.4,0.284,0.7,0.342,0.142
715,,0.358,-0.008,0.458,0.25,0.134,0.55,0.192,-0.008
716,2,0.679,0.992,0.779,0.5,0.313,0.7,0.371,0.242
717,2,1.0,1.0,1.0,0.75,0.492,0.85,0.55,0.492
718,,0.85,0.85,0.85,0.6,0.342,0.7,0.4,0.342
719,,0.7,0.7,0.7,0.45,0.192,0.55,0.25,0.192
720,,0.55,0.55,0.55,0.3,0.042,0.4,0.1,0.042
721,,0.4,0.4,0.4,0.15,-0.108,0.25,-0.05,-0.108
722,8,0.721,0.65,0.579,0.3,0.071,0.5,0.271,0.892
723,8,1.0,0.9,0.758,0.45,0.25,0.75,0.592,1.0
724,,0.85,0.75,0.608,0.3,0.1,0.6,0.442,0.85
725,,0.7,0.6,0.458,0.15,-0.05,0.45,0.292,0.7
726,5,0.85,0.779,0.708,0.471,0.95,0.771,0.542,0.879
727,5,1.0,0.958,0.958,0.792,1.0,1.0,0.792,1.0
728,,0.85,0.808,0.808,0.642,0.85,0.85,0.642,0.85
729,,0.7,0.658,0.658,0.492,0.7,0.7,0.492,0.7
730,,0.55,0.508,0.508,0.342,0.55,0.55,0.342,0.55
731,,0.4,0.358,0.358,0.192,0.4,0.4,0.192,0.4
732,,0.25,0.208,0.208,0.042,0.25,0.25,0.042,0.25
733,,0.1,0.058,0.058,-0.108,0.1,0.1,-0.108,0.1
734,4,0.279,0.308,0.379,0.892,0.421,0.35,0.071,0.25
735,4,0.458,0.558,0.7,1.0,0.742,0.6,0.25,0.4
736,,0.308,0.408,0.55,0.85,0.592,0.45,0.1,0.25
737,,0.158,0.258,0.4,0.7,0.442,0.3,-0.05,0.1
738,7,0.408,0.437,0.55,0.879,0.692,0.621,0.95,0.421
739,7,0.658,0.616,0.7,1.0,0.942,0.942,1.0,0.742
740,,0.508,0.466,0.55,0.85,0.792,0.792,0.85,0.592
741,,0.358,0.316,0.4,0.7,0.642,0.642,0.7,0.442
742,,0.208,0.166,0.25,0.55,0.492,0.492,0.55,0.292
743,,0.058,0.016,0.1,0.4,0.342,0.342,0.4,0.142
744,,-0.092,-0.134,-0.05,0.25,0.192,0.192,0.25,-0.008
745,2,0.229,0.866,0.271,0.5,0.371,0.342,0.429,0.242
746,2,0.55,1.0,0.592,0.75,0.55,0.492,0.608,0.492
747,,0.4,0.85,0.442,0.6,0.4,0.342,0.458,0.342
748,,0.25,0.7,0.292,0.45,0.25,0.192,0.308,0.192
749,,0.1,0.55,0.142,0.3,0.1,0.042,0.158,0.042
750,,-0.05,0.4,-0.008,0.15,-0.05,-0.108,0.008,-0.108
751,6,0.129,0.55,0.171,0.4,0.271,0.892,0.329,0.142
752,6,0.308,0.7,0.35,0.65,0.592,1.0,0.65,0.392
753,,0.158,0.55,0.2,0.5,0.442,0.85,0.5,0.242
754,,0.008,0.4,0.05,0.35,0.292,0.7,0.35,0.092
755,,-0.142,0.25,-0.1,0.2,0.142,0.55,0.2,-0.058
756,1,0.858,0.571,0.15,0.379,0.292,0.729,0.45,0.263
757,1,1.0,0.892,0.4,0.558,0.442,0.908,0.7,0.584
758,,0.85,0.742,0.25,0.408,0.292,0.758,0.55,0.434
759,,0.7,0.592,0.1,0.258,0.142,0.608,0.4,0.284
760,,0.55,0.442,-0.05,0.108,-0.008,0.458,0.25,0.134
761,3,0.8,0.763,0.95,0.429,0.242,0.637,0.4,0.313
762,3,1.0,1.0,1.0,0.75,0.492,0.816,0.55,0.492
763,,0.85,0.85,0.85,0.6,0.342,0.666,0.4,0.342
764,,0.7,0.7,0.7,0.45,0.192,0.516,0.25,0.192
765,,0.55,0.55,0.55,0.3,0.042,0.366,0.1,0.042
766,,0.4,0.4,0.4,0.15,-0.108,0.216,-0.05,-0.108
767,8,0.721,0.65,0.579,0.3,0.071,0.466,0.271,0.892
768,8,1.0,0.9,0.758,0.45,0.25,0.716,0.592,1.0
769,,0.85,0.75,0.608,0.3,0.1,0.566,0.442,0.85
770,,0.7,0.6,0.458,0.15,-0.05,0.416,0.292,0.7
771,5,0.85,0.779,0.708,0.471,0.95,0.737,0.542,0.879
772,5,1.0,0.958,0.958,0.792,1.0,1.0,0.792,1.0
773,,0.85,0.808,0.808,0.642,0.85,0.85,0.642,0.85
774,,0.7,0.658,0.658,0.492,0.7,0.7,0.492,0.7
775,,0.55,0.508,0.508,0.342,0.55,0.55,0.342,0.55
776,,0.4,0.358,0.358,0.192,0.4,0.4,0.192,0.4
777,,0.25,0.208,0.208,0.042,0.25,0.25,0.042,0.25
778,,0.1,0.058,0.058,-0.108,0.1,0.1,-0.108,0.1
779,7,0.35,0.237,0.208,0.071,0.35,0.421,0.892,0.421
780,7,0.6,0.416,0.358,0.25,0.6,0.742,1.0,0.742
781,,0.45,0.266,0.208,0.1,0.45,0.592,0.85,0.592
782,,0.3,0.116,0.058,-0.05,0.3,0.442,0.7,0.442
783,4,0.479,0.366,0.379,0.95,0.621,0.692,0.879,0.592
784,4,0.658,0.616,0.7,1.0,0.942,0.942,1.0,0.742
785,,0.508,0.466,0.55,0.85,0.792,0.792,0.85,0.592
786,,0.358,0.316,0.4,0.7,0.642,0.642,0.7,0.442
787,,0.208,0.166,0.25,0.55,0.492,0.492,0.55,0.292
788,,0.058,0.016,0.1,0.4,0.342,0.342,0.4,0.142
789,,-0.092,-0.134,-0.05,0.25,0.192,0.192,0.25,-0.008
790,2,0.229,0.866,0.271,0.5,0.371,0.342,0.429,0.242
791,2,0.55,1.0,0.592,0.75,0.55,0.492,0.608,0.492
792,,0.4,0.85,0.442,0.6,0.4,0.342,0.458,0.342
793,,0.25,0.7,0.292,0.45,0.25,0.192,0.308,0.192
794,,0.1,0.55,0.142,0.3,0.1,0.042,0.158,0.042
795,,-0.05,0.4,-0.008,0.15,-0.05,-0.108,0.008,-0.108
796,6,0.129,0.55,0.171,0.4,0.271,0.892,0.329,0.142
797,6,0.308,0.7,0.35,0.65,0.592,1.0,0.65,0.392
798,,0.158,0.55,0.2,0.5,0.442,0.85,0.5,0.242
799,,0.008,0.4,0.05,0.35,0.292,0.7,0.35,0.092
800,,-0.142,0.25,-0.1,0.2,0.142,0.55,0.2,-0.058
801,1,0.858,0.571,0.15,0.379,0.292,0.729,0.45,0.263
802,1,1.0,0.892,0.4,0.558,0.442,0.908,0.7,0.584
803,,0.85,0.742,0.25,0.408,0.292,0.758,0.55,0.434
804,,0.7,0.592,0.1,0.258,0.142,0.608,0.4,0.284
805,,0.55,0.442,-0.05,0.108,-0.008,0.458,0.25,0.134
806,3,0.8,0.763,0.95,0.429,0.242,0.637,0.4,0.313
807,3,1.0,1.0,1.0,0.75,0.492,0.816,0.55,0.492
808,,0.85,0.85,0.85,0.6,0.342,0.666,0.4,0.342
809,,0.7,0.7,0.7,0.45,0.192,0.516,0.25,0.192
810,,0.55,0.55,0.55,0.3,0.042,0.366,0.1,0.042
811,,0.4,0.4,0.4,0.15,-0.108,0.216,-0.05,-0.108
812,5,0.55,0.579,0.65,0.471,0.892,0.537,0.2,0.071
813,5,0.7,0.758,0.9,0.792,1.0,0.858,0.45,0.25
814,,0.55,0.608,0.75,0.642,0.85,0.708,0.3,0.1
815,,0.4,0.458,0.6,0.492,0.7,0.558,0.15,-0.05
816,8,0.721,0.708,0.779,0.642,0.879,0.808,0.471,0.95
817,8,1.0,0.958,0.958,0.792,1.0,1.0,0.792,1.0
818,,0.85,0.808,0.808,0.642,0.85,0.85,0.642,0.85
819,,0.7,0.658,0.658,0.492,0.7,0.7,0.492,0.7
820,,0.55,0.508,0.508,0.342,0.55,0.55,0.342,0.55
821,,0.4,0.358,0.358,0.192,0.4,0.4,0.192,0.4
822,,0.25,0.208,0.208,0.042,0.25,0.25,0.042,0.25
823,,0.1,0.058,0.058,-0.108,0.1,0.1,-0.108,0.1
824,4,0.279,0.308,0.379,0.892,0.421,0.35,0.071,0.25
