step,active_motive,motive_1,motive_2,motive_3,motive_4,motive_5,motive_6,motive_7,motive_8
0,,0.06807,0.05309,0.04478,0.05529,0.05927,0.00809,0.03697,0.02422
1,,0.04807,0.03309,0.02478,0.03529,0.03927,-0.01191,0.01697,0.00422
2,6,-0.01293,-0.08691,-0.03622,0.11529,0.26027,0.98809,0.23797,0.08422
3,6,-0.07393,-0.20691,-0.09722,0.19529,0.48127,1.0,0.45897,0.16422
4,2,0.14707,0.79309,0.12378,0.27529,0.42027,0.88,0.39797,0.24422
5,2,0.36807,1.0,0.34478,0.35529,0.35927,0.76,0.33697,0.32422
6,,0.34807,0.98,0.32478,0.33529,0.33927,0.74,0.31697,0.30422
7,,0.32807,0.96,0.30478,0.31529,0.31927,0.72,0.29697,0.28422
8,,0.30807,0.94,0.28478,0.29529,0.29927,0.7,0.27697,0.26422
9,,0.28807,0.92,0.26478,0.27529,0.27927,0.68,0.25697,0.24422
10,,0.26807,0.9,0.24478,0.25529,0.25927,0.66,0.23697,0.22422
11,,0.24807,0.88,0.22478,0.23529,0.23927,0.64,0.21697,0.20422
12,,0.22807,0.86,0.20478,0.21529,0.21927,0.62,0.19697,0.18422
13,,0.20807,0.84,0.18478,0.19529,0.19927,0.6,0.17697,0.16422
14,,0.18807,0.82,0.16478,0.17529,0.17927,0.58,0.15697,0.14422
15,,0.16807,0.8,0.14478,0.15529,0.15927,0.56,0.13697,0.12422
16,,0.14807,0.78,0.12478,0.13529,0.13927,0.54,0.11697,0.10422
17,,0.12807,0.76,0.10478,0.11529,0.11927,0.52,0.09697,0.08422
18,,0.10807,0.74,0.08478,0.09529,0.09927,0.5,0.07697,0.06422
19,,0.08807,0.72,0.06478,0.07529,0.07927,0.48,0.05697,0.04422
20,,0.06807,0.7,0.04478,0.05529,0.05927,0.46,0.03697,0.02422
21,,0.04807,0.68,0.02478,0.03529,0.03927,0.44,0.01697,0.00422
22,,0.02807,0.66,0.00478,0.01529,0.01927,0.42,-0.00303,-0.01578
23,8,0.24907,0.74,-0.05622,-0.10471,-0.04173,0.5,0.21797,0.98422
24,8,0.47007,0.82,-0.11722,-0.22471,-0.10273,0.58,0.43897,1.0
25,4,0.40907,0.9,0.10378,0.77529,0.11827,0.66,0.37797,0.88
26,4,0.34807,0.98,0.32478,1.0,0.33927,0.74,0.31697,0.76
27,,0.32807,0.96,0.30478,0.98,0.31927,0.72,0.29697,0.74
28,,0.30807,0.94,0.28478,0.96,0.29927,0.7,0.27697,0.72
29,,0.28807,0.92,0.26478,0.94,0.27927,0.68,0.25697,0.7
30,,0.26807,0.9,0.24478,0.92,0.25927,0.66,0.23697,0.68
31,,0.24807,0.88,0.22478,0.9,0.23927,0.64,0.21697,0.66
32,,0.22807,0.86,0.20478,0.88,0.21927,0.62,0.19697,0.64
33,,0.20807,0.84,0.18478,0.86,0.19927,0.6,0.17697,0.62
34,,0.18807,0.82,0.16478,0.84,0.17927,0.58,0.15697,0.6
35,,0.16807,0.8,0.14478,0.82,0.15927,0.56,0.13697,0.58
36,,0.14807,0.78,0.12478,0.8,0.13927,0.54,0.11697,0.56
37,,0.12807,0.76,0.10478,0.78,0.11927,0.52,0.09697,0.54
38,,0.10807,0.74,0.08478,0.76,0.09927,0.5,0.07697,0.52
39,,0.08807,0.72,0.06478,0.74,0.07927,0.48,0.05697,0.5
40,,0.06807,0.7,0.04478,0.72,0.05927,0.46,0.03697,0.48
41,,0.04807,0.68,0.02478,0.7,0.03927,0.44,0.01697,0.46
42,,0.02807,0.66,0.00478,0.68,0.01927,0.42,-0.00303,0.44
43,7,0.10807,0.599,-0.11522,0.619,0.09927,0.641,0.99697,0.661
44,7,0.18807,0.538,-0.23522,0.558,0.17927,0.862,1.0,0.882
45,3,0.26807,0.759,0.76478,0.779,0.25927,0.801,0.88,0.821
46,3,0.34807,0.98,1.0,1.0,0.33927,0.74,0.76,0.76
47,,0.32807,0.96,0.98,0.98,0.31927,0.72,0.74,0.74
48,,0.30807,0.94,0.96,0.96,0.29927,0.7,0.72,0.72
49,,0.28807,0.92,0.94,0.94,0.27927,0.68,0.7,0.7
50,,0.26807,0.9,0.92,0.92,0.25927,0.66,0.68,0.68
51,,0.24807,0.88,0.9,0.9,0.23927,0.64,0.66,0.66
52,,0.22807,0.86,0.88,0.88,0.21927,0.62,0.64,0.64
53,,0.20807,0.84,0.86,0.86,0.19927,0.6,0.62,0.62
54,,0.18807,0.82,0.84,0.84,0.17927,0.58,0.6,0.6
55,,0.16807,0.8,0.82,0.82,0.15927,0.56,0.58,0.58
56,,0.14807,0.78,0.8,0.8,0.13927,0.54,0.56,0.56
57,,0.12807,0.76,0.78,0.78,0.11927,0.52,0.54,0.54
58,,0.10807,0.74,0.76,0.76,0.09927,0.5,0.52,0.52
59,,0.08807,0.72,0.74,0.74,0.07927,0.48,0.5,0.5
60,,0.06807,0.7,0.72,0.72,0.05927,0.46,0.48,0.48
61,,0.04807,0.68,0.7,0.7,0.03927,0.44,0.46,0.46
62,,0.02807,0.66,0.68,0.68,0.01927,0.42,0.44,0.44
63,,0.00807,0.64,0.66,0.66,-0.00073,0.4,0.42,0.42
64,5,-0.11193,0.579,0.74,0.881,0.99927,0.621,0.5,0.359
65,5,-0.23193,0.518,0.82,1.0,1.0,0.842,0.58,0.298
66,1,0.76807,0.739,0.9,0.939,0.88,0.781,0.66,0.519
67,1,1.0,0.96,0.98,0.878,0.76,0.72,0.74,0.74
68,,0.98,0.94,0.96,0.858,0.74,0.7,0.72,0.72
69,,0.96,0.92,0.94,0.838,0.72,0.68,0.7,0.7
70,,0.94,0.9,0.92,0.818,0.7,0.66,0.68,0.68
71,,0.92,0.88,0.9,0.798,0.68,0.64,0.66,0.66
72,,0.9,0.86,0.88,0.778,0.66,0.62,0.64,0.64
73,,0.88,0.84,0.86,0.758,0.64,0.6,0.62,0.62
74,,0.86,0.82,0.84,0.738,0.62,0.58,0.6,0.6
75,,0.84,0.8,0.82,0.718,0.6,0.56,0.58,0.58
76,,0.82,0.78,0.8,0.698,0.58,0.54,0.56,0.56
77,,0.8,0.76,0.78,0.678,0.56,0.52,0.54,0.54
78,,0.78,0.74,0.76,0.658,0.54,0.5,0.52,0.52
79,,0.76,0.72,0.74,0.638,0.52,0.48,0.5,0.5
80,,0.74,0.7,0.72,0.618,0.5,0.46,0.48,0.48
81,,0.72,0.68,0.7,0.598,0.48,0.44,0.46,0.46
82,,0.7,0.66,0.68,0.578,0.46,0.42,0.44,0.44
83,,0.68,0.64,0.66,0.558,0.44,0.4,0.42,0.42
84,,0.66,0.62,0.64,0.538,0.42,0.38,0.4,0.4
85,,0.64,0.6,0.62,0.518,0.4,0.36,0.38,0.38
86,,0.62,0.58,0.6,0.498,0.38,0.34,0.36,0.36
87,,0.6,0.56,0.58,0.478,0.36,0.32,0.34,0.34
88,,0.58,0.54,0.56,0.458,0.34,0.3,0.32,0.32
89,,0.56,0.52,0.54,0.438,0.32,0.28,0.3,0.3
90,,0.54,0.5,0.52,0.418,0.3,0.26,0.28,0.28
91,,0.52,0.48,0.5,0.398,0.28,0.24,0.26,0.26
92,,0.5,0.46,0.48,0.378,0.26,0.22,0.24,0.24
93,,0.48,0.44,0.46,0.358,0.24,0.2,0.22,0.22
94,,0.46,0.42,0.44,0.338,0.22,0.18,0.2,0.2
95,,0.44,0.4,0.42,0.318,0.2,0.16,0.18,0.18
96,,0.42,0.38,0.4,0.298,0.18,0.14,0.16,0.16
97,,0.4,0.36,0.38,0.278,0.16,0.12,0.14,0.14
98,,0.38,0.34,0.36,0.258,0.14,0.1,0.12,0.12
99,,0.36,0.32,0.34,0.238,0.12,0.08,0.1,0.1
100,,0.34,0.3,0.32,0.218,0.1,0.06,0.08,0.08
101,,0.32,0.28,0.3,0.198,0.08,0.04,0.06,0.06
102,,0.3,0.26,0.28,0.178,0.06,0.02,0.04,0.04
103,,0.28,0.24,0.26,0.158,0.04,0.0,0.02,0.02
104,,0.26,0.22,0.24,0.138,0.02,-0.02,0.0,0.0
105,6,0.199,0.1,0.179,0.218,0.241,0.98,0.221,0.08
106,6,0.138,-0.02,0.118,0.298,0.462,1.0,0.442,0.16
107,2,0.359,0.98,0.339,0.378,0.401,0.88,0.381,0.24
108,2,0.58,1.0,0.56,0.458,0.34,0.76,0.32,0.32
109,,0.56,0.98,0.54,0.438,0.32,0.74,0.3,0.3
110,,0.54,0.96,0.52,0.418,0.3,0.72,0.28,0.28
111,,0.52,0.94,0.5,0.398,0.28,0.7,0.26,0.26
112,,0.5,0.92,0.48,0.378,0.26,0.68,0.24,0.24
113,,0.48,0.9,0.46,0.358,0.24,0.66,0.22,0.22
114,,0.46,0.88,0.44,0.338,0.22,0.64,0.2,0.2
115,,0.44,0.86,0.42,0.318,0.2,0.62,0.18,0.18
116,,0.42,0.84,0.4,0.298,0.18,0.6,0.16,0.16
117,,0.4,0.82,0.38,0.278,0.16,0.58,0.14,0.14
118,,0.38,0.8,0.36,0.258,0.14,0.56,0.12,0.12
119,,0.36,0.78,0.34,0.238,0.12,0.54,0.1,0.1
120,,0.34,0.76,0.32,0.218,0.1,0.52,0.08,0.08
121,,0.32,0.74,0.3,0.198,0.08,0.5,0.06,0.06
122,,0.3,0.72,0.28,0.178,0.06,0.48,0.04,0.04
123,,0.28,0.7,0.26,0.158,0.04,0.46,0.02,0.02
124,,0.26,0.68,0.24,0.138,0.02,0.44,0.0,0.0
125,,0.24,0.66,0.22,0.118,0.0,0.42,-0.02,-0.02
126,8,0.461,0.74,0.159,-0.002,-0.061,0.5,0.201,0.98
127,8,0.682,0.82,0.098,-0.122,-0.122,0.58,0.422,1.0
128,5,0.562,0.759,0.178,0.099,0.878,0.801,0.502,0.939
129,5,0.442,0.698,0.258,0.32,1.0,1.0,0.582,0.878
130,,0.422,0.678,0.238,0.3,0.98,0.98,0.562,0.858
131,,0.402,0.658,0.218,0.28,0.96,0.96,0.542,0.838
132,,0.382,0.638,0.198,0.26,0.94,0.94,0.522,0.818
133,,0.362,0.618,0.178,0.24,0.92,0.92,0.502,0.798
134,,0.342,0.598,0.158,0.22,0.9,0.9,0.482,0.778
135,,0.322,0.578,0.138,0.2,0.88,0.88,0.462,0.758
136,,0.302,0.558,0.118,0.18,0.86,0.86,0.442,0.738
137,,0.282,0.538,0.098,0.16,0.84,0.84,0.422,0.718
138,,0.262,0.518,0.078,0.14,0.82,0.82,0.402,0.698
139,,0.242,0.498,0.058,0.12,0.8,0.8,0.382,0.678
140,,0.222,0.478,0.038,0.1,0.78,0.78,0.362,0.658
141,,0.202,0.458,0.018,0.08,0.76,0.76,0.342,0.638
142,,0.182,0.438,-0.002,0.06,0.74,0.74,0.322,0.618
143,3,0.262,0.659,0.998,0.281,0.82,0.679,0.202,0.557
144,3,0.342,0.88,1.0,0.502,0.9,0.618,0.082,0.496
145,,0.322,0.86,0.98,0.482,0.88,0.598,0.062,0.476
146,,0.302,0.84,0.96,0.462,0.86,0.578,0.042,0.456
147,,0.282,0.82,0.94,0.442,0.84,0.558,0.022,0.436
148,,0.262,0.8,0.92,0.422,0.82,0.538,0.002,0.416
149,,0.242,0.78,0.9,0.402,0.8,0.518,-0.018,0.396
150,7,0.322,0.719,0.78,0.341,0.88,0.739,0.982,0.617
151,7,0.402,0.658,0.66,0.28,0.96,0.96,1.0,0.838
152,,0.382,0.638,0.64,0.26,0.94,0.94,0.98,0.818
153,,0.362,0.618,0.62,0.24,0.92,0.92,0.96,0.798
154,,0.342,0.598,0.6,0.22,0.9,0.9,0.94,0.778
155,,0.322,0.578,0.58,0.2,0.88,0.88,0.92,0.758
156,,0.302,0.558,0.56,0.18,0.86,0.86,0.9,0.738
157,,0.282,0.538,0.54,0.16,0.84,0.84,0.88,0.718
158,,0.262,0.518,0.52,0.14,0.82,0.82,0.86,0.698
159,,0.242,0.498,0.5,0.12,0.8,0.8,0.84,0.678
160,,0.222,0.478,0.48,0.1,0.78,0.78,0.82,0.658
161,,0.202,0.458,0.46,0.08,0.76,0.76,0.8,0.638
162,,0.182,0.438,0.44,0.06,0.74,0.74,0.78,0.618
163,,0.162,0.418,0.42,0.04,0.72,0.72,0.76,0.598
164,,0.142,0.398,0.4,0.02,0.7,0.7,0.74,0.578
165,,0.122,0.378,0.38,0.0,0.68,0.68,0.72,0.558
166,,0.102,0.358,0.36,-0.02,0.66,0.66,0.7,0.538
167,4,0.041,0.438,0.581,0.98,0.881,0.74,0.639,0.418
168,4,-0.02,0.518,0.802,1.0,1.0,0.82,0.578,0.298
169,1,0.98,0.739,0.882,0.939,0.88,0.759,0.658,0.519
170,1,1.0,0.96,0.962,0.878,0.76,0.698,0.738,0.74
171,,0.98,0.94,0.942,0.858,0.74,0.678,0.718,0.72
172,,0.96,0.92,0.922,0.838,0.72,0.658,0.698,0.7
173,,0.94,0.9,0.902,0.818,0.7,0.638,0.678,0.68
174,,0.92,0.88,0.882,0.798,0.68,0.618,0.658,0.66
175,,0.9,0.86,0.862,0.778,0.66,0.598,0.638,0.64
176,,0.88,0.84,0.842,0.758,0.64,0.578,0.618,0.62
177,,0.86,0.82,0.822,0.738,0.62,0.558,0.598,0.6
178,,0.84,0.8,0.802,0.718,0.6,0.538,0.578,0.58
179,,0.82,0.78,0.782,0.698,0.58,0.518,0.558,0.56
180,,0.8,0.76,0.762,0.678,0.56,0.498,0.538,0.54
181,,0.78,0.74,0.742,0.658,0.54,0.478,0.518,0.52
182,,0.76,0.72,0.722,0.638,0.52,0.458,0.498,0.5
183,,0.74,0.7,0.702,0.618,0.5,0.438,0.478,0.48
184,,0.72,0.68,0.682,0.598,0.48,0.418,0.458,0.46
185,,0.7,0.66,0.662,0.578,0.46,0.398,0.438,0.44
186,,0.68,0.64,0.642,0.558,0.44,0.378,0.418,0.42
187,,0.66,0.62,0.622,0.538,0.42,0.358,0.398,0.4
188,,0.64,0.6,0.602,0.518,0.4,0.338,0.378,0.38
189,,0.62,0.58,0.582,0.498,0.38,0.318,0.358,0.36
190,,0.6,0.56,0.562,0.478,0.36,0.298,0.338,0.34
191,,0.58,0.54,0.542,0.458,0.34,0.278,0.318,0.32
192,,0.56,0.52,0.522,0.438,0.32,0.258,0.298,0.3
193,,0.54,0.5,0.502,0.418,0.3,0.238,0.278,0.28
194,,0.52,0.48,0.482,0.398,0.28,0.218,0.258,0.26
195,,0.5,0.46,0.462,0.378,0.26,0.198,0.238,0.24
196,,0.48,0.44,0.442,0.358,0.24,0.178,0.218,0.22
197,,0.46,0.42,0.422,0.338,0.22,0.158,0.198,0.2
198,,0.44,0.4,0.402,0.318,0.2,0.138,0.178,0.18
199,,0.42,0.38,0.382,0.298,0.18,0.118,0.158,0.16
200,,0.4,0.36,0.362,0.278,0.16,0.098,0.138,0.14
201,,0.38,0.34,0.342,0.258,0.14,0.078,0.118,0.12
202,,0.36,0.32,0.322,0.238,0.12,0.058,0.098,0.1
203,,0.34,0.3,0.302,0.218,0.1,0.038,0.078,0.08
204,,0.32,0.28,0.282,0.198,0.08,0.018,0.058,0.06
205,,0.3,0.26,0.262,0.178,0.06,-0.002,0.038,0.04
206,6,0.239,0.14,0.201,0.258,0.281,0.998,0.259,0.12
207,6,0.178,0.02,0.14,0.338,0.502,1.0,0.48,0.2
208,,0.158,0.0,0.12,0.318,0.482,0.98,0.46,0.18
209,,0.138,-0.02,0.1,0.298,0.462,0.96,0.44,0.16
210,2,0.359,0.98,0.321,0.378,0.401,0.84,0.379,0.24
211,2,0.58,1.0,0.542,0.458,0.34,0.72,0.318,0.32
212,,0.56,0.98,0.522,0.438,0.32,0.7,0.298,0.3
213,,0.54,0.96,0.502,0.418,0.3,0.68,0.278,0.28
214,,0.52,0.94,0.482,0.398,0.28,0.66,0.258,0.26
215,,0.5,0.92,0.462,0.378,0.26,0.64,0.238,0.24
216,,0.48,0.9,0.442,0.358,0.24,0.62,0.218,0.22
217,,0.46,0.88,0.422,0.338,0.22,0.6,0.198,0.2
218,,0.44,0.86,0.402,0.318,0.2,0.58,0.178,0.18
219,,0.42,0.84,0.382,0.298,0.18,0.56,0.158,0.16
220,,0.4,0.82,0.362,0.278,0.16,0.54,0.138,0.14
221,,0.38,0.8,0.342,0.258,0.14,0.52,0.118,0.12
222,,0.36,0.78,0.322,0.238,0.12,0.5,0.098,0.1
223,,0.34,0.76,0.302,0.218,0.1,0.48,0.078,0.08
224,,0.32,0.74,0.282,0.198,0.08,0.46,0.058,0.06
225,,0.3,0.72,0.262,0.178,0.06,0.44,0.038,0.04
226,,0.28,0.7,0.242,0.158,0.04,0.42,0.018,0.02
227,,0.26,0.68,0.222,0.138,0.02,0.4,-0.002,0.0
228,7,0.34,0.619,0.102,0.077,0.1,0.621,0.998,0.221
229,7,0.42,0.558,-0.018,0.016,0.18,0.842,1.0,0.442
230,3,0.5,0.779,0.982,0.237,0.26,0.781,0.88,0.381
231,3,0.58,1.0,1.0,0.458,0.34,0.72,0.76,0.32
232,,0.56,0.98,0.98,0.438,0.32,0.7,0.74,0.3
233,,0.54,0.96,0.96,0.418,0.3,0.68,0.72,0.28
234,,0.52,0.94,0.94,0.398,0.28,0.66,0.7,0.26
235,,0.5,0.92,0.92,0.378,0.26,0.64,0.68,0.24
236,,0.48,0.9,0.9,0.358,0.24,0.62,0.66,0.22
237,,0.46,0.88,0.88,0.338,0.22,0.6,0.64,0.2
238,,0.44,0.86,0.86,0.318,0.2,0.58,0.62,0.18
239,,0.42,0.84,0.84,0.298,0.18,0.56,0.6,0.16
240,,0.4,0.82,0.82,0.278,0.16,0.54,0.58,0.14
241,,0.38,0.8,0.8,0.258,0.14,0.52,0.56,0.12
242,,0.36,0.78,0.78,0.238,0.12,0.5,0.54,0.1
243,,0.34,0.76,0.76,0.218,0.1,0.48,0.52,0.08
244,,0.32,0.74,0.74,0.198,0.08,0.46,0.5,0.06
245,,0.3,0.72,0.72,0.178,0.06,0.44,0.48,0.04
246,,0.28,0.7,0.7,0.158,0.04,0.42,0.46,0.02
247,,0.26,0.68,0.68,0.138,0.02,0.4,0.44,0.0
248,,0.24,0.66,0.66,0.118,0.0,0.38,0.42,-0.02
249,8,0.461,0.74,0.599,-0.002,-0.061,0.46,0.641,0.98
250,8,0.682,0.82,0.538,-0.122,-0.122,0.54,0.862,1.0
251,4,0.621,0.9,0.759,0.878,0.099,0.62,0.801,0.88
252,4,0.56,0.98,0.98,1.0,0.32,0.7,0.74,0.76
253,,0.54,0.96,0.96,0.98,0.3,0.68,0.72,0.74
254,,0.52,0.94,0.94,0.96,0.28,0.66,0.7,0.72
255,,0.5,0.92,0.92,0.94,0.26,0.64,0.68,0.7
256,,0.48,0.9,0.9,0.92,0.24,0.62,0.66,0.68
257,,0.46,0.88,0.88,0.9,0.22,0.6,0.64,0.66
258,,0.44,0.86,0.86,0.88,0.2,0.58,0.62,0.64
259,,0.42,0.84,0.84,0.86,0.18,0.56,0.6,0.62
260,,0.4,0.82,0.82,0.84,0.16,0.54,0.58,0.6
261,,0.38,0.8,0.8,0.82,0.14,0.52,0.56,0.58
262,,0.36,0.78,0.78,0.8,0.12,0.5,0.54,0.56
263,,0.34,0.76,0.76,0.78,0.1,0.48,0.52,0.54
264,,0.32,0.74,0.74,0.76,0.08,0.46,0.5,0.52
265,,0.3,0.72,0.72,0.74,0.06,0.44,0.48,0.5
266,,0.28,0.7,0.7,0.72,0.04,0.42,0.46,0.48
267,,0.26,0.68,0.68,0.7,0.02,0.4,0.44,0.46
268,,0.24,0.66,0.66,0.68,0.0,0.38,0.42,0.44
269,,0.22,0.64,0.64,0.66,-0.02,0.36,0.4,0.42
270,5,0.1,0.579,0.72,0.881,0.98,0.581,0.48,0.359
271,5,-0.02,0.518,0.8,1.0,1.0,0.802,0.56,0.298
272,1,0.98,0.739,0.88,0.939,0.88,0.741,0.64,0.519
273,1,1.0,0.96,0.96,0.878,0.76,0.68,0.72,0.74
274,,0.98,0.94,0.94,0.858,0.74,0.66,0.7,0.72
275,,0.96,0.92,0.92,0.838,0.72,0.64,0.68,0.7
276,,0.94,0.9,0.9,0.818,0.7,0.62,0.66,0.68
277,,0.92,0.88,0.88,0.798,0.68,0.6,0.64,0.66
278,,0.9,0.86,0.86,0.778,0.66,0.58,0.62,0.64
279,,0.88,0.84,0.84,0.758,0.64,0.56,0.6,0.62
280,,0.86,0.82,0.82,0.738,0.62,0.54,0.58,0.6
281,,0.84,0.8,0.8,0.718,0.6,0.52,0.56,0.58
282,,0.82,0.78,0.78,0.698,0.58,0.5,0.54,0.56
283,,0.8,0.76,0.76,0.678,0.56,0.48,0.52,0.54
284,,0.78,0.74,0.74,0.658,0.54,0.46,0.5,0.52
285,,0.76,0.72,0.72,0.638,0.52,0.44,0.48,0.5
286,,0.74,0.7,0.7,0.618,0.5,0.42,0.46,0.48
287,,0.72,0.68,0.68,0.598,0.48,0.4,0.44,0.46
288,,0.7,0.66,0.66,0.578,0.46,0.38,0.42,0.44
289,,0.68,0.64,0.64,0.558,0.44,0.36,0.4,0.42
290,,0.66,0.62,0.62,0.538,0.42,0.34,0.38,0.4
291,,0.64,0.6,0.6,0.518,0.4,0.32,0.36,0.38
292,,0.62,0.58,0.58,0.498,0.38,0.3,0.34,0.36
293,,0.6,0.56,0.56,0.478,0.36,0.28,0.32,0.34
294,,0.58,0.54,0.54,0.458,0.34,0.26,0.3,0.32
295,,0.56,0.52,0.52,0.438,0.32,0.24,0.28,0.3
296,,0.54,0.5,0.5,0.418,0.3,0.22,0.26,0.28
297,,0.52,0.48,0.48,0.398,0.28,0.2,0.24,0.26
298,,0.5,0.46,0.46,0.378,0.26,0.18,0.22,0.24
299,,0.48,0.44,0.44,0.358,0.24,0.16,0.2,0.22
300,,0.46,0.42,0.42,0.338,0.22,0.14,0.18,0.2
301,,0.44,0.4,0.4,0.318,0.2,0.12,0.16,0.18
302,,0.42,0.38,0.38,0.298,0.18,0.1,0.14,0.16
303,,0.4,0.36,0.36,0.278,0.16,0.08,0.12,0.14
304,,0.38,0.34,0.34,0.258,0.14,0.06,0.1,0.12
305,,0.36,0.32,0.32,0.238,0.12,0.04,0.08,0.1
306,,0.34,0.3,0.3,0.218,0.1,0.02,0.06,0.08
307,,0.32,0.28,0.28,0.198,0.08,0.0,0.04,0.06
308,,0.3,0.26,0.26,0.178,0.06,-0.02,0.02,0.04
309,6,0.239,0.14,0.199,0.258,0.281,0.98,0.241,0.12
310,6,0.178,0.02,0.138,0.338,0.502,1.0,0.462,0.2
311,,0.158,0.0,0.118,0.318,0.482,0.98,0.442,0.18
312,,0.138,-0.02,0.098,0.298,0.462,0.96,0.422,0.16
313,2,0.359,0.98,0.319,0.378,0.401,0.84,0.361,0.24
314,2,0.58,1.0,0.54,0.458,0.34,0.72,0.3,0.32
315,,0.56,0.98,0.52,0.438,0.32,0.7,0.28,0.3
316,,0.54,0.96,0.5,0.418,0.3,0.68,0.26,0.28
317,,0.52,0.94,0.48,0.398,0.28,0.66,0.24,0.26
318,,0.5,0.92,0.46,0.378,0.26,0.64,0.22,0.24
319,,0.48,0.9,0.44,0.358,0.24,0.62,0.2,0.22
320,,0.46,0.88,0.42,0.338,0.22,0.6,0.18,0.2
321,,0.44,0.86,0.4,0.318,0.2,0.58,0.16,0.18
322,,0.42,0.84,0.38,0.298,0.18,0.56,0.14,0.16
323,,0.4,0.82,0.36,0.278,0.16,0.54,0.12,0.14
324,,0.38,0.8,0.34,0.258,0.14,0.52,0.1,0.12
325,,0.36,0.78,0.32,0.238,0.12,0.5,0.08,0.1
326,,0.34,0.76,0.3,0.218,0.1,0.48,0.06,0.08
327,,0.32,0.74,0.28,0.198,0.08,0.46,0.04,0.06
328,,0.3,0.72,0.26,0.178,0.06,0.44,0.02,0.04
329,,0.28,0.7,0.24,0.158,0.04,0.42,0.0,0.02
330,,0.26,0.68,0.22,0.138,0.02,0.4,-0.02,0.0
331,7,0.34,0.619,0.1,0.077,0.1,0.621,0.98,0.221
332,7,0.42,0.558,-0.02,0.016,0.18,0.842,1.0,0.442
333,3,0.5,0.779,0.98,0.237,0.26,0.781,0.88,0.381
334,3,0.58,1.0,1.0,0.458,0.34,0.72,0.76,0.32
335,,0.56,0.98,0.98,0.438,0.32,0.7,0.74,0.3
336,,0.54,0.96,0.96,0.418,0.3,0.68,0.72,0.28
337,,0.52,0.94,0.94,0.398,0.28,0.66,0.7,0.26
338,,0.5,0.92,0.92,0.378,0.26,0.64,0.68,0.24
339,,0.48,0.9,0.9,0.358,0.24,0.62,0.66,0.22
340,,0.46,0.88,0.88,0.338,0.22,0.6,0.64,0.2
341,,0.44,0.86,0.86,0.318,0.2,0.58,0.62,0.18
342,,0.42,0.84,0.84,0.298,0.18,0.56,0.6,0.16
343,,0.4,0.82,0.82,0.278,0.16,0.54,0.58,0.14
344,,0.38,0.8,0.8,0.258,0.14,0.52,0.56,0.12
345,,0.36,0.78,0.78,0.238,0.12,0.5,0.54,0.1
346,,0.34,0.76,0.76,0.218,0.1,0.48,0.52,0.08
347,,0.32,0.74,0.74,0.198,0.08,0.46,0.5,0.06
348,,0.3,0.72,0.72,0.178,0.06,0.44,0.48,0.04
349,,0.28,0.7,0.7,0.158,0.04,0.42,0.46,0.02
350,,0.26,0.68,0.68,0.138,0.02,0.4,0.44,0.0
351,,0.24,0.66,0.66,0.118,0.0,0.38,0.42,-0.02
352,8,0.461,0.74,0.599,-0.002,-0.061,0.46,0.641,0.98
353,8,0.682,0.82,0.538,-0.122,-0.122,0.54,0.862,1.0
354,5,0.562,0.759,0.618,0.099,0.878,0.761,0.942,0.939
355,5,0.442,0.698,0.698,0.32,1.0,0.982,1.0,0.878
356,,0.422,0.678,0.678,0.3,0.98,0.962,0.98,0.858
357,,0.402,0.658,0.658,0.28,0.96,0.942,0.96,0.838
358,,0.382,0.638,0.638,0.26,0.94,0.922,0.94,0.818
359,,0.362,0.618,0.618,0.24,0.92,0.902,0.92,0.798
360,,0.342,0.598,0.598,0.22,0.9,0.882,0.9,0.778
361,,0.322,0.578,0.578,0.2,0.88,0.862,0.88,0.758
362,,0.302,0.558,0.558,0.18,0.86,0.842,0.86,0.738
363,,0.282,0.538,0.538,0.16,0.84,0.822,0.84,0.718
364,,0.262,0.518,0.518,0.14,0.82,0.802,0.82,0.698
365,,0.242,0.498,0.498,0.12,0.8,0.782,0.8,0.678
366,,0.222,0.478,0.478,0.1,0.78,0.762,0.78,0.658
367,,0.202,0.458,0.458,0.08,0.76,0.742,0.76,0.638
368,,0.182,0.438,0.438,0.06,0.74,0.722,0.74,0.618
369,,0.162,0.418,0.418,0.04,0.72,0.702,0.72,0.598
370,,0.142,0.398,0.398,0.02,0.7,0.682,0.7,0.578
371,,0.122,0.378,0.378,0.0,0.68,0.662,0.68,0.558
372,,0.102,0.358,0.358,-0.02,0.66,0.642,0.66,0.538
373,4,0.041,0.438,0.579,0.98,0.881,0.722,0.599,0.418
374,4,-0.02,0.518,0.8,1.0,1.0,0.802,0.538,0.298
375,1,0.98,0.739,0.88,0.939,0.88,0.741,0.618,0.519
376,1,1.0,0.96,0.96,0.878,0.76,0.68,0.698,0.74
377,,0.98,0.94,0.94,0.858,0.74,0.66,0.678,0.72
378,,0.96,0.92,0.92,0.838,0.72,0.64,0.658,0.7
379,,0.94,0.9,0.9,0.818,0.7,0.62,0.638,0.68
380,,0.92,0.88,0.88,0.798,0.68,0.6,0.618,0.66
381,,0.9,0.86,0.86,0.778,0.66,0.58,0.598,0.64
382,,0.88,0.84,0.84,0.758,0.64,0.56,0.578,0.62
383,,0.86,0.82,0.82,0.738,0.62,0.54,0.558,0.6
384,,0.84,0.8,0.8,0.718,0.6,0.52,0.538,0.58
385,,0.82,0.78,0.78,0.698,0.58,0.5,0.518,0.56
386,,0.8,0.76,0.76,0.678,0.56,0.48,0.498,0.54
387,,0.78,0.74,0.74,0.658,0.54,0.46,0.478,0.52
388,,0.76,0.72,0.72,0.638,0.52,0.44,0.458,0.5
389,,0.74,0.7,0.7,0.618,0.5,0.42,0.438,0.48
390,,0.72,0.68,0.68,0.598,0.48,0.4,0.418,0.46
391,,0.7,0.66,0.66,0.578,0.46,0.38,0.398,0.44
392,,0.68,0.64,0.64,0.558,0.44,0.36,0.378,0.42
393,,0.66,0.62,0.62,0.538,0.42,0.34,0.358,0.4
394,,0.64,0.6,0.6,0.518,0.4,0.32,0.338,0.38
395,,0.62,0.58,0.58,0.498,0.38,0.3,0.318,0.36
396,,0.6,0.56,0.56,0.478,0.36,0.28,0.298,0.34
397,,0.58,0.54,0.54,0.458,0.34,0.26,0.278,0.32
398,,0.56,0.52,0.52,0.438,0.32,0.24,0.258,0.3
399,,0.54,0.5,0.5,0.418,0.3,0.22,0.238,0.28
400,,0.52,0.48,0.48,0.398,0.28,0.2,0.218,0.26
401,,0.5,0.46,0.46,0.378,0.26,0.18,0.198,0.24
402,,0.48,0.44,0.44,0.358,0.24,0.16,0.178,0.22
403,,0.46,0.42,0.42,0.338,0.22,0.14,0.158,0.2
404,,0.44,0.4,0.4,0.318,0.2,0.12,0.138,0.18
405,,0.42,0.38,0.38,0.298,0.18,0.1,0.118,0.16
406,,0.4,0.36,0.36,0.278,0.16,0.08,0.098,0.14
407,,0.38,0.34,0.34,0.258,0.14,0.06,0.078,0.12
408,,0.36,0.32,0.32,0.238,0.12,0.04,0.058,0.1
409,,0.34,0.3,0.3,0.218,0.1,0.02,0.038,0.08
410,,0.32,0.28,0.28,0.198,0.08,0.0,0.018,0.06
411,,0.3,0.26,0.26,0.178,0.06,-0.02,-0.002,0.04
412,6,0.239,0.14,0.199,0.258,0.281,0.98,0.219,0.12
413,6,0.178,0.02,0.138,0.338,0.502,1.0,0.44,0.2
414,,0.158,0.0,0.118,0.318,0.482,0.98,0.42,0.18
415,,0.138,-0.02,0.098,0.298,0.462,0.96,0.4,0.16
416,2,0.359,0.98,0.319,0.378,0.401,0.84,0.339,0.24
417,2,0.58,1.0,0.54,0.458,0.34,0.72,0.278,0.32
418,,0.56,0.98,0.52,0.438,0.32,0.7,0.258,0.3
419,,0.54,0.96,0.5,0.418,0.3,0.68,0.238,0.28
420,,0.52,0.94,0.48,0.398,0.28,0.66,0.218,0.26
421,,0.5,0.92,0.46,0.378,0.26,0.64,0.198,0.24
422,,0.48,0.9,0.44,0.358,0.24,0.62,0.178,0.22
423,,0.46,0.88,0.42,0.338,0.22,0.6,0.158,0.2
424,,0.44,0.86,0.4,0.318,0.2,0.58,0.138,0.18
425,,0.42,0.84,0.38,0.298,0.18,0.56,0.118,0.16
426,,0.4,0.82,0.36,0.278,0.16,0.54,0.098,0.14
427,,0.38,0.8,0.34,0.258,0.14,0.52,0.078,0.12
428,,0.36,0.78,0.32,0.238,0.12,0.5,0.058,0.1
429,,0.34,0.76,0.3,0.218,0.1,0.48,0.038,0.08
430,,0.32,0.74,0.28,0.198,0.08,0.46,0.018,0.06
431,,0.3,0.72,0.26,0.178,0.06,0.44,-0.002,0.04
432,7,0.38,0.659,0.14,0.117,0.14,0.661,0.998,0.261
433,7,0.46,0.598,0.02,0.056,0.22,0.882,1.0,0.482
434,,0.44,0.578,0.0,0.036,0.2,0.862,0.98,0.462
435,,0.42,0.558,-0.02,0.016,0.18,0.842,0.96,0.442
436,3,0.5,0.779,0.98,0.237,0.26,0.781,0.84,0.381
437,3,0.58,1.0,1.0,0.458,0.34,0.72,0.72,0.32
438,,0.56,0.98,0.98,0.438,0.32,0.7,0.7,0.3
439,,0.54,0.96,0.96,0.418,0.3,0.68,0.68,0.28
440,,0.52,0.94,0.94,0.398,0.28,0.66,0.66,0.26
441,,0.5,0.92,0.92,0.378,0.26,0.64,0.64,0.24
442,,0.48,0.9,0.9,0.358,0.24,0.62,0.62,0.22
443,,0.46,0.88,0.88,0.338,0.22,0.6,0.6,0.2
444,,0.44,0.86,0.86,0.318,0.2,0.58,0.58,0.18
445,,0.42,0.84,0.84,0.298,0.18,0.56,0.56,0.16
446,,0.4,0.82,0.82,0.278,0.16,0.54,0.54,0.14
447,,0.38,0.8,0.8,0.258,0.14,0.52,0.52,0.12
448,,0.36,0.78,0.78,0.238,0.12,0.5,0.5,0.1
449,,0.34,0.76,0.76,0.218,0.1,0.48,0.48,0.08
450,,0.32,0.74,0.74,0.198,0.08,0.46,0.46,0.06
451,,0.3,0.72,0.72,0.178,0.06,0.44,0.44,0.04
452,,0.28,0.7,0.7,0.158,0.04,0.42,0.42,0.02
453,,0.26,0.68,0.68,0.138,0.02,0.4,0.4,0.0
454,,0.24,0.66,0.66,0.118,0.0,0.38,0.38,-0.02
455,8,0.461,0.74,0.599,-0.002,-0.061,0.46,0.601,0.98
456,8,0.682,0.82,0.538,-0.122,-0.122,0.54,0.822,1.0
457,5,0.562,0.759,0.618,0.099,0.878,0.761,0.902,0.939
458,5,0.442,0.698,0.698,0.32,1.0,0.982,0.982,0.878
459,,0.422,0.678,0.678,0.3,0.98,0.962,0.962,0.858
460,,0.402,0.658,0.658,0.28,0.96,0.942,0.942,0.838
461,,0.382,0.638,0.638,0.26,0.94,0.922,0.922,0.818
462,,0.362,0.618,0.618,0.24,0.92,0.902,0.902,0.798
463,,0.342,0.598,0.598,0.22,0.9,0.882,0.882,0.778
464,,0.322,0.578,0.578,0.2,0.88,0.862,0.862,0.758
465,,0.302,0.558,0.558,0.18,0.86,0.842,0.842,0.738
466,,0.282,0.538,0.538,0.16,0.84,0.822,0.822,0.718
467,,0.262,0.518,0.518,0.14,0.82,0.802,0.802,0.698
468,,0.242,0.498,0.498,0.12,0.8,0.782,0.782,0.678
469,,0.222,0.478,0.478,0.1,0.78,0.762,0.762,0.658
470,,0.202,0.458,0.458,0.08,0.76,0.742,0.742,0.638
471,,0.182,0.438,0.438,0.06,0.74,0.722,0.722,0.618
472,,0.162,0.418,0.418,0.04,0.72,0.702,0.702,0.598
473,,0.142,0.398,0.398,0.02,0.7,0.682,0.682,0.578
474,,0.122,0.378,0.378,0.0,0.68,0.662,0.662,0.558
475,,0.102,0.358,0.358,-0.02,0.66,0.642,0.642,0.538
476,4,0.041,0.438,0.579,0.98,0.881,0.722,0.581,0.418
477,4,-0.02,0.518,0.8,1.0,1.0,0.802,0.52,0.298
478,1,0.98,0.739,0.88,0.939,0.88,0.741,0.6,0.519
479,1,1.0,0.96,0.96,0.878,0.76,0.68,0.68,0.74
480,,0.98,0.94,0.94,0.858,0.74,0.66,0.66,0.72
481,,0.96,0.92,0.92,0.838,0.72,0.64,0.64,0.7
482,,0.94,0.9,0.9,0.818,0.7,0.62,0.62,0.68
483,,0.92,0.88,0.88,0.798,0.68,0.6,0.6,0.66
484,,0.9,0.86,0.86,0.778,0.66,0.58,0.58,0.64
485,,0.88,0.84,0.84,0.758,0.64,0.56,0.56,0.62
486,,0.86,0.82,0.82,0.738,0.62,0.54,0.54,0.6
487,,0.84,0.8,0.8,0.718,0.6,0.52,0.52,0.58
488,,0.82,0.78,0.78,0.698,0.58,0.5,0.5,0.56
489,,0.8,0.76,0.76,0.678,0.56,0.48,0.48,0.54
490,,0.78,0.74,0.74,0.658,0.54,0.46,0.46,0.52
491,,0.76,0.72,0.72,0.638,0.52,0.44,0.44,0.5
492,,0.74,0.7,0.7,0.618,0.5,0.42,0.42,0.48
493,,0.72,0.68,0.68,0.598,0.48,0.4,0.4,0.46
494,,0.7,0.66,0.66,0.578,0.46,0.38,0.38,0.44
495,,0.68,0.64,0.64,0.558,0.44,0.36,0.36,0.42
496,,0.66,0.62,0.62,0.538,0.42,0.34,0.34,0.4
497,,0.64,0.6,0.6,0.518,0.4,0.32,0.32,0.38
498,,0.62,0.58,0.58,0.498,0.38,0.3,0.3,0.36
499,,0.6,0.56,0.56,0.478,0.36,0.28,0.28,0.34
500,,0.58,0.54,0.54,0.458,0.34,0.26,0.26,0.32
501,,0.56,0.52,0.52,0.438,0.32,0.24,0.24,0.3
502,,0.54,0.5,0.5,0.418,0.3,0.22,0.22,0.28
503,,0.52,0.48,0.48,0.398,0.28,0.2,0.2,0.26
504,,0.5,0.46,0.46,0.378,0.26,0.18,0.18,0.24
505,,0.48,0.44,0.44,0.358,0.24,0.16,0.16,0.22
506,,0.46,0.42,0.42,0.338,0.22,0.14,0.14,0.2
507,,0.44,0.4,0.4,0.318,0.2,0.12,0.12,0.18
508,,0.42,0.38,0.38,0.298,0.18,0.1,0.1,0.16
509,,0.4,0.36,0.36,0.278,0.16,0.08,0.08,0.14
510,,0.38,0.34,0.34,0.258,0.14,0.06,0.06,0.12
511,,0.36,0.32,0.32,0.238,0.12,0.04,0.04,0.1
512,,0.34,0.3,0.3,0.218,0.1,0.02,0.02,0.08
513,,0.32,0.28,0.28,0.198,0.08,0.0,0.0,0.06
514,,0.3,0.26,0.26,0.178,0.06,-0.02,-0.02,0.04
515,7,0.38,0.199,0.14,0.117,0.14,0.201,0.98,0.261
516,7,0.46,0.138,0.02,0.056,0.22,0.422,1.0,0.482
517,,0.44,0.118,0.0,0.036,0.2,0.402,0.98,0.462
518,,0.42,0.098,-0.02,0.016,0.18,0.382,0.96,0.442
519,3,0.5,0.319,0.98,0.237,0.26,0.321,0.84,0.381
520,3,0.58,0.54,1.0,0.458,0.34,0.26,0.72,0.32
521,,0.56,0.52,0.98,0.438,0.32,0.24,0.7,0.3
522,,0.54,0.5,0.96,0.418,0.3,0.22,0.68,0.28
523,,0.52,0.48,0.94,0.398,0.28,0.2,0.66,0.26
524,,0.5,0.46,0.92,0.378,0.26,0.18,0.64,0.24
525,,0.48,0.44,0.9,0.358,0.24,0.16,0.62,0.22
526,,0.46,0.42,0.88,0.338,0.22,0.14,0.6,0.2
527,,0.44,0.4,0.86,0.318,0.2,0.12,0.58,0.18
528,,0.42,0.38,0.84,0.298,0.18,0.1,0.56,0.16
529,,0.4,0.36,0.82,0.278,0.16,0.08,0.54,0.14
530,,0.38,0.34,0.8,0.258,0.14,0.06,0.52,0.12
531,,0.36,0.32,0.78,0.238,0.12,0.04,0.5,0.1
532,,0.34,0.3,0.76,0.218,0.1,0.02,0.48,0.08
533,,0.32,0.28,0.74,0.198,0.08,0.0,0.46,0.06
534,,0.3,0.26,0.72,0.178,0.06,-0.02,0.44,0.04
535,6,0.239,0.14,0.659,0.258,0.281,0.98,0.661,0.12
536,6,0.178,0.02,0.598,0.338,0.502,1.0,0.882,0.2
537,,0.158,0.0,0.578,0.318,0.482,0.98,0.862,0.18
538,,0.138,-0.02,0.558,0.298,0.462,0.96,0.842,0.16
539,2,0.359,0.98,0.779,0.378,0.401,0.84,0.781,0.24
540,2,0.58,1.0,1.0,0.458,0.34,0.72,0.72,0.32
541,,0.56,0.98,0.98,0.438,0.32,0.7,0.7,0.3
542,,0.54,0.96,0.96,0.418,0.3,0.68,0.68,0.28
543,,0.52,0.94,0.94,0.398,0.28,0.66,0.66,0.26
544,,0.5,0.92,0.92,0.378,0.26,0.64,0.64,0.24
545,,0.48,0.9,0.9,0.358,0.24,0.62,0.62,0.22
546,,0.46,0.88,0.88,0.338,0.22,0.6,0.6,0.2
547,,0.44,0.86,0.86,0.318,0.2,0.58,0.58,0.18
548,,0.42,0.84,0.84,0.298,0.18,0.56,0.56,0.16
549,,0.4,0.82,0.82,0.278,0.16,0.54,0.54,0.14
550,,0.38,0.8,0.8,0.258,0.14,0.52,0.52,0.12
551,,0.36,0.78,0.78,0.238,0.12,0.5,0.5,0.1
552,,0.34,0.76,0.76,0.218,0.1,0.48,0.48,0.08
553,,0.32,0.74,0.74,0.198,0.08,0.46,0.46,0.06
554,,0.3,0.72,0.72,0.178,0.06,0.44,0.44,0.04
555,,0.28,0.7,0.7,0.158,0.04,0.42,0.42,0.02
556,,0.26,0.68,0.68,0.138,0.02,0.4,0.4,0.0
557,,0.24,0.66,0.66,0.118,0.0,0.38,0.38,-0.02
558,8,0.461,0.74,0.599,-0.002,-0.061,0.46,0.601,0.98
559,8,0.682,0.82,0.538,-0.122,-0.122,0.54,0.822,1.0
560,5,0.562,0.759,0.618,0.099,0.878,0.761,0.902,0.939
561,5,0.442,0.698,0.698,0.32,1.0,0.982,0.982,0.878
562,,0.422,0.678,0.678,0.3,0.98,0.962,0.962,0.858
563,,0.402,0.658,0.658,0.28,0.96,0.942,0.942,0.838
564,,0.382,0.638,0.638,0.26,0.94,0.922,0.922,0.818
565,,0.362,0.618,0.618,0.24,0.92,0.902,0.902,0.798
566,,0.342,0.598,0.598,0.22,0.9,0.882,0.882,0.778
567,,0.322,0.578,0.578,0.2,0.88,0.862,0.862,0.758
568,,0.302,0.558,0.558,0.18,0.86,0.842,0.842,0.738
569,,0.282,0.538,0.538,0.16,0.84,0.822,0.822,0.718
570,,0.262,0.518,0.518,0.14,0.82,0.802,0.802,0.698
571,,0.242,0.498,0.498,0.12,0.8,0.782,0.782,0.678
572,,0.222,0.478,0.478,0.1,0.78,0.762,0.762,0.658
573,,0.202,0.458,0.458,0.08,0.76,0.742,0.742,0.638
574,,0.182,0.438,0.438,0.06,0.74,0.722,0.722,0.618
575,,0.162,0.418,0.418,0.04,0.72,0.702,0.702,0.598
576,,0.142,0.398,0.398,0.02,0.7,0.682,0.682,0.578
577,,0.122,0.378,0.378,0.0,0.68,0.662,0.662,0.558
578,,0.102,0.358,0.358,-0.02,0.66,0.642,0.642,0.538
579,4,0.041,0.438,0.579,0.98,0.881,0.722,0.581,0.418
580,4,-0.02,0.518,0.8,1.0,1.0,0.802,0.52,0.298
581,1,0.98,0.739,0.88,0.939,0.88,0.741,0.6,0.519
582,1,1.0,0.96,0.96,0.878,0.76,0.68,0.68,0.74
583,,0.98,0.94,0.94,0.858,0.74,0.66,0.66,0.72
584,,0.96,0.92,0.92,0.838,0.72,0.64,0.64,0.7
585,,0.94,0.9,0.9,0.818,0.7,0.62,0.62,0.68
586,,0.92,0.88,0.88,0.798,0.68,0.6,0.6,0.66
587,,0.9,0.86,0.86,0.778,0.66,0.58,0.58,0.64
588,,0.88,0.84,0.84,0.758,0.64,0.56,0.56,0.62
589,,0.86,0.82,0.82,0.738,0.62,0.54,0.54,0.6
590,,0.84,0.8,0.8,0.718,0.6,0.52,0.52,0.58
591,,0.82,0.78,0.78,0.698,0.58,0.5,0.5,0.56
592,,0.8,0.76,0.76,0.678,0.56,0.48,0.48,0.54
593,,0.78,0.74,0.74,0.658,0.54,0.46,0.46,0.52
594,,0.76,0.72,0.72,0.638,0.52,0.44,0.44,0.5
595,,0.74,0.7,0.7,0.618,0.5,0.42,0.42,0.48
596,,0.72,0.68,0.68,0.598,0.48,0.4,0.4,0.46
597,,0.7,0.66,0.66,0.578,0.46,0.38,0.38,0.44
598,,0.68,0.64,0.64,0.558,0.44,0.36,0.36,0.42
599,,0.66,0.62,0.62,0.538,0.42,0.34,0.34,0.4
600,,0.64,0.6,0.6,0.518,0.4,0.32,0.32,0.38
601,,0.62,0.58,0.58,0.498,0.38,0.3,0.3,0.36
602,,0.6,0.56,0.56,0.478,0.36,0.28,0.28,0.34
603,,0.58,0.54,0.54,0.458,0.34,0.26,0.26,0.32
604,,0.56,0.52,0.52,0.438,0.32,0.24,0.24,0.3
605,,0.54,0.5,0.5,0.418,0.3,0.22,0.22,0.28
606,,0.52,0.48,0.48,0.398,0.28,0.2,0.2,0.26
607,,0.5,0.46,0.46,0.378,0.26,0.18,0.18,0.24
608,,0.48,0.44,0.44,0.358,0.24,0.16,0.16,0.22
609,,0.46,0.42,0.42,0.338,0.22,0.14,0.14,0.2
610,,0.44,0.4,0.4,0.318,0.2,0.12,0.12,0.18
611,,0.42,0.38,0.38,0.298,0.18,0.1,0.1,0.16
612,,0.4,0.36,0.36,0.278,0.16,0.08,0.08,0.14
613,,0.38,0.34,0.34,0.258,0.14,0.06,0.06,0.12
614,,0.36,0.32,0.32,0.238,0.12,0.04,0.04,0.1
615,,0.34,0.3,0.3,0.218,0.1,0.02,0.02,0.08
616,,0.32,0.28,0.28,0.198,0.08,0.0,0.0,0.06
617,,0.3,0.26,0.26,0.178,0.06,-0.02,-0.02,0.04
618,6,0.239,0.14,0.199,0.258,0.281,0.98,0.201,0.12
619,6,0.178,0.02,0.138,0.338,0.502,1.0,0.422,0.2
620,,0.158,0.0,0.118,0.318,0.482,0.98,0.402,0.18
621,,0.138,-0.02,0.098,0.298,0.462,0.96,0.382,0.16
622,2,0.359,0.98,0.319,0.378,0.401,0.84,0.321,0.24
623,2,0.58,1.0,0.54,0.458,0.34,0.72,0.26,0.32
624,,0.56,0.98,0.52,0.438,0.32,0.7,0.24,0.3
625,,0.54,0.96,0.5,0.418,0.3,0.68,0.22,0.28
626,,0.52,0.94,0.48,0.398,0.28,0.66,0.2,0.26
627,,0.5,0.92,0.46,0.378,0.26,0.64,0.18,0.24
628,,0.48,0.9,0.44,0.358,0.24,0.62,0.16,0.22
629,,0.46,0.88,0.42,0.338,0.22,0.6,0.14,0.2
630,,0.44,0.86,0.4,0.318,0.2,0.58,0.12,0.18
631,,0.42,0.84,0.38,0.298,0.18,0.56,0.1,0.16
632,,0.4,0.82,0.36,0.278,0.16,0.54,0.08,0.14
633,,0.38,0.8,0.34,0.258,0.14,0.52,0.06,0.12
634,,0.36,0.78,0.32,0.238,0.12,0.5,0.04,0.1
635,,0.34,0.76,0.3,0.218,0.1,0.48,0.02,0.08
636,,0.32,0.74,0.28,0.198,0.08,0.46,0.0,0.06
637,,0.3,0.72,0.26,0.178,0.06,0.44,-0.02,0.04
638,7,0.38,0.659,0.14,0.117,0.14,0.661,0.98,0.261
639,7,0.46,0.598,0.02,0.056,0.22,0.882,1.0,0.482
640,,0.44,0.578,0.0,0.036,0.2,0.862,0.98,0.462
641,,0.42,0.558,-0.02,0.016,0.18,0.842,0.96,0.442
642,3,0.5,0.779,0.98,0.237,0.26,0.781,0.84,0.381
643,3,0.58,1.0,1.0,0.458,0.34,0.72,0.72,0.32
644,,0.56,0.98,0.98,0.438,0.32,0.7,0.7,0.3
645,,0.54,0.96,0.96,0.418,0.3,0.68,0.68,0.28
646,,0.52,0.94,0.94,0.398,0.28,0.66,0.66,0.26
647,,0.5,0.92,0.92,0.378,0.26,0.64,0.64,0.24
648,,0.48,0.9,0.9,0.358,0.24,0.62,0.62,0.22
649,,0.46,0.88,0.88,0.338,0.22,0.6,0.6,0.2
650,,0.44,0.86,0.86,0.318,0.2,0.58,0.58,0.18
651,,0.42,0.84,0.84,0.298,0.18,0.56,0.56,0.16
652,,0.4,0.82,0.82,0.278,0.16,0.54,0.54,0.14
653,,0.38,0.8,0.8,0.258,0.14,0.52,0.52,0.12
654,,0.36,0.78,0.78,0.238,0.12,0.5,0.5,0.1
655,,0.34,0.76,0.76,0.218,0.1,0.48,0.48,0.08
656,,0.32,0.74,0.74,0.198,0.08,0.46,0.46,0.06
657,,0.3,0.72,0.72,0.178,0.06,0.44,0.44,0.04
658,,0.28,0.7,0.7,0.158,0.04,0.42,0.42,0.02
659,,0.26,0.68,0.68,0.138,0.02,0.4,0.4,0.0
660,,0.24,0.66,0.66,0.118,0.0,0.38,0.38,-0.02
661,8,0.461,0.74,0.599,-0.002,-0.061,0.46,0.601,0.98
662,8,0.682,0.82,0.538,-0.122,-0.122,0.54,0.822,1.0
663,4,0.621,0.9,0.759,0.878,0.099,0.62,0.761,0.88
664,4,0.56,0.98,0.98,1.0,0.32,0.7,0.7,0.76
665,,0.54,0.96,0.96,0.98,0.3,0.68,0.68,0.74
666,,0.52,0.94,0.94,0.96,0.28,0.66,0.66,0.72
667,,0.5,0.92,0.92,0.94,0.26,0.64,0.64,0.7
668,,0.48,0.9,0.9,0.92,0.24,0.62,0.62,0.68
669,,0.46,0.88,0.88,0.9,0.22,0.6,0.6,0.66
670,,0.44,0.86,0.86,0.88,0.2,0.58,0.58,0.64
671,,0.42,0.84,0.84,0.86,0.18,0.56,0.56,0.62
672,,0.4,0.82,0.82,0.84,0.16,0.54,0.54,0.6
673,,0.38,0.8,0.8,0.82,0.14,0.52,0.52,0.58
674,,0.36,0.78,0.78,0.8,0.12,0.5,0.5,0.56
675,,0.34,0.76,0.76,0.78,0.1,0.48,0.48,0.54
676,,0.32,0.74,0.74,0.76,0.08,0.46,0.46,0.52
677,,0.3,0.72,0.72,0.74,0.06,0.44,0.44,0.5
678,,0.28,0.7,0.7,0.72,0.04,0.42,0.42,0.48
679,,0.26,0.68,0.68,0.7,0.02,0.4,0.4,0.46
680,,0.24,0.66,0.66,0.68,0.0,0.38,0.38,0.44
681,,0.22,0.64,0.64,0.66,-0.02,0.36,0.36,0.42
682,5,0.1,0.579,0.72,0.881,0.98,0.581,0.44,0.359
683,5,-0.02,0.518,0.8,1.0,1.0,0.802,0.52,0.298
684,1,0.98,0.739,0.88,0.939,0.88,0.741,0.6,0.519
685,1,1.0,0.96,0.96,0.878,0.76,0.68,0.68,0.74
686,,0.98,0.94,0.94,0.858,0.74,0.66,0.66,0.72
687,,0.96,0.92,0.92,0.838,0.72,0.64,0.64,0.7
688,,0.94,0.9,0.9,0.818,0.7,0.62,0.62,0.68
689,,0.92,0.88,0.88,0.798,0.68,0.6,0.6,0.66
690,,0.9,0.86,0.86,0.778,0.66,0.58,0.58,0.64
691,,0.88,0.84,0.84,0.758,0.64,0.56,0.56,0.62
692,,0.86,0.82,0.82,0.738,0.62,0.54,0.54,0.6
693,,0.84,0.8,0.8,0.718,0.6,0.52,0.52,0.58
694,,0.82,0.78,0.78,0.698,0.58,0.5,0.5,0.56
695,,0.8,0.76,0.76,0.678,0.56,0.48,0.48,0.54
696,,0.78,0.74,0.74,0.658,0.54,0.46,0.46,0.52
697,,0.76,0.72,0.72,0.638,0.52,0.44,0.44,0.5
698,,0.74,0.7,0.7,0.618,0.5,0.42,0.42,0.48
699,,0.72,0.68,0.68,0.598,0.48,0.4,0.4,0.46
700,,0.7,0.66,0.66,0.578,0.46,0.38,0.38,0.44
701,,0.68,0.64,0.64,0.558,0.44,0.36,0.36,0.42
702,,0.66,0.62,0.62,0.538,0.42,0.34,0.34,0.4
703,,0.64,0.6,0.6,0.518,0.4,0.32,0.32,0.38
704,,0.62,0.58,0.58,0.498,0.38,0.3,0.3,0.36
705,,0.6,0.56,0.56,0.478,0.36,0.28,0.28,0.34
706,,0.58,0.54,0.54,0.458,0.34,0.26,0.26,0.32
707,,0.56,0.52,0.52,0.438,0.32,0.24,0.24,0.3
708,,0.54,0.5,0.5,0.418,0.3,0.22,0.22,0.28
709,,0.52,0.48,0.48,0.398,0.28,0.2,0.2,0.26
710,,0.5,0.46,0.46,0.378,0.26,0.18,0.18,0.24
711,,0.48,0.44,0.44,0.358,0.24,0.16,0.16,0.22
712,,0.46,0.42,0.42,0.338,0.22,0.14,0.14,0.2
713,,0.44,0.4,0.4,0.318,0.2,0.12,0.12,0.18
714,,0.42,0.38,0.38,0.298,0.18,0.1,0.1,0.16
715,,0.4,0.36,0.36,0.278,0.16,0.08,0.08,0.14
716,,0.38,0.34,0.34,0.258,0.14,0.06,0.06,0.12
717,,0.36,0.32,0.32,0.238,0.12,0.04,0.04,0.1
718,,0.34,0.3,0.3,0.218,0.1,0.02,0.02,0.08
719,,0.32,0.28,0.28,0.198,0.08,0.0,0.0,0.06
720,,0.3,0.26,0.26,0.178,0.06,-0.02,-0.02,0.04
721,7,0.38,0.199,0.14,0.117,0.14,0.201,0.98,0.261
722,7,0.46,0.138,0.02,0.056,0.22,0.422,1.0,0.482
723,,0.44,0.118,0.0,0.036,0.2,0.402,0.98,0.462
724,,0.42,0.098,-0.02,0.016,0.18,0.382,0.96,0.442
725,3,0.5,0.319,0.98,0.237,0.26,0.321,0.84,0.381
726,3,0.58,0.54,1.0,0.458,0.34,0.26,0.72,0.32
727,,0.56,0.52,0.98,0.438,0.32,0.24,0.7,0.3
728,,0.54,0.5,0.96,0.418,0.3,0.22,0.68,0.28
729,,0.52,0.48,0.94,0.398,0.28,0.2,0.66,0.26
730,,0.5,0.46,0.92,0.378,0.26,0.18,0.64,0.24
731,,0.48,0.44,0.9,0.358,0.24,0.16,0.62,0.22
732,,0.46,0.42,0.88,0.338,0.22,0.14,0.6,0.2
733,,0.44,0.4,0.86,0.318,0.2,0.12,0.58,0.18
734,,0.42,0.38,0.84,0.298,0.18,0.1,0.56,0.16
735,,0.4,0.36,0.82,0.278,0.16,0.08,0.54,0.14
736,,0.38,0.34,0.8,0.258,0.14,0.06,0.52,0.12
737,,0.36,0.32,0.78,0.238,0.12,0.04,0.5,0.1
738,,0.34,0.3,0.76,0.218,0.1,0.02,0.48,0.08
739,,0.32,0.28,0.74,0.198,0.08,0.0,0.46,0.06
740,,0.3,0.26,0.72,0.178,0.06,-0.02,0.44,0.04
741,6,0.239,0.14,0.659,0.258,0.281,0.98,0.661,0.12
742,6,0.178,0.02,0.598,0.338,0.502,1.0,0.882,0.2
743,,0.158,0.0,0.578,0.318,0.482,0.98,0.862,0.18
744,,0.138,-0.02,0.558,0.298,0.462,0.96,0.842,0.16
745,2,0.359,0.98,0.779,0.378,0.401,0.84,0.781,0.24
746,2,0.58,1.0,1.0,0.458,0.34,0.72,0.72,0.32
747,,0.56,0.98,0.98,0.438,0.32,0.7,0.7,0.3
748,,0.54,0.96,0.96,0.418,0.3,0.68,0.68,0.28
749,,0.52,0.94,0.94,0.398,0.28,0.66,0.66,0.26
750,,0.5,0.92,0.92,0.378,0.26,0.64,0.64,0.24
751,,0.48,0.9,0.9,0.358,0.24,0.62,0.62,0.22
752,,0.46,0.88,0.88,0.338,0.22,0.6,0.6,0.2
753,,0.44,0.86,0.86,0.318,0.2,0.58,0.58,0.18
754,,0.42,0.84,0.84,0.298,0.18,0.56,0.56,0.16
755,,0.4,0.82,0.82,0.278,0.16,0.54,0.54,0.14
756,,0.38,0.8,0.8,0.258,0.14,0.52,0.52,0.12
757,,0.36,0.78,0.78,0.238,0.12,0.5,0.5,0.1
758,,0.34,0.76,0.76,0.218,0.1,0.48,0.48,0.08
759,,0.32,0.74,0.74,0.198,0.08,0.46,0.46,0.06
760,,0.3,0.72,0.72,0.178,0.06,0.44,0.44,0.04
761,,0.28,0.7,0.7,0.158,0.04,0.42,0.42,0.02
762,,0.26,0.68,0.68,0.138,0.02,0.4,0.4,0.0
763,,0.24,0.66,0.66,0.118,0.0,0.38,0.38,-0.02
764,8,0.461,0.74,0.599,-0.002,-0.061,0.46,0.601,0.98
765,8,0.682,0.82,0.538,-0.122,-0.122,0.54,0.822,1.0
766,5,0.562,0.759,0.618,0.099,0.878,0.761,0.902,0.939
767,5,0.442,0.698,0.698,0.32,1.0,0.982,0.982,0.878
768,,0.422,0.678,0.678,0.3,0.98,0.962,0.962,0.858
769,,0.402,0.658,0.658,0.28,0.96,0.942,0.942,0.838
770,,0.382,0.638,0.638,0.26,0.94,0.922,0.922,0.818
771,,0.362,0.618,0.618,0.24,0.92,0.902,0.902,0.798
772,,0.342,0.598,0.598,0.22,0.9,0.882,0.882,0.778
773,,0.322,0.578,0.578,0.2,0.88,0.862,0.862,0.758
774,,0.302,0.558,0.558,0.18,0.86,0.842,0.842,0.738
775,,0.282,0.538,0.538,0.16,0.84,0.822,0.822,0.718
776,,0.262,0.518,0.518,0.14,0.82,0.802,0.802,0.698
777,,0.242,0.498,0.498,0.12,0.8,0.782,0.782,0.678
778,,0.222,0.478,0.478,0.1,0.78,0.762,0.762,0.658
779,,0.202,0.458,0.458,0.08,0.76,0.742,0.742,0.638
780,,0.182,0.438,0.438,0.06,0.74,0.722,0.722,0.618
781,,0.162,0.418,0.418,0.04,0.72,0.702,0.702,0.598
782,,0.142,0.398,0.398,0.02,0.7,0.682,0.682,0.578
783,,0.122,0.378,0.378,0.0,0.68,0.662,0.662,0.558
784,,0.102,0.358,0.358,-0.02,0.66,0.642,0.642,0.538
785,4,0.041,0.438,0.579,0.98,0.881,0.722,0.581,0.418
786,4,-0.02,0.518,0.8,1.0,1.0,0.802,0.52,0.298
787,1,0.98,0.739,0.88,0.939,0.88,0.741,0.6,0.519
788,1,1.0,0.96,0.96,0.878,0.76,0.68,0.68,0.74
789,,0.98,0.94,0.94,0.858,0.74,0.66,0.66,0.72
790,,0.96,0.92,0.92,0.838,0.72,0.64,0.64,0.7
791,,0.94,0.9,0.9,0.818,0.7,0.62,0.62,0.68
792,,0.92,0.88,0.88,0.798,0.68,0.6,0.6,0.66
793,,0.9,0.86,0.86,0.778,0.66,0.58,0.58,0.64
794,,0.88,0.84,0.84,0.758,0.64,0.56,0.56,0.62
795,,0.86,0.82,0.82,0.738,0.62,0.54,0.54,0.6
796,,0.84,0.8,0.8,0.718,0.6,0.52,0.52,0.58
797,,0.82,0.78,0.78,0.698,0.58,0.5,0.5,0.56
798,,0.8,0.76,0.76,0.678,0.56,0.48,0.48,0.54
799,,0.78,0.74,0.74,0.658,0.54,0.46,0.46,0.52
800,,0.76,0.72,0.72,0.638,0.52,0.44,0.44,0.5
801,,0.74,0.7,0.7,0.618,0.5,0.42,0.42,0.48
802,,0.72,0.68,0.68,0.598,0.48,0.4,0.4,0.46
803,,0.7,0.66,0.66,0.578,0.46,0.38,0.38,0.44
804,,0.68,0.64,0.64,0.558,0.44,0.36,0.36,0.42
805,,0.66,0.62,0.62,0.538,0.42,0.34,0.34,0.4
806,,0.64,0.6,0.6,0.518,0.4,0.32,0.32,0.38
807,,0.62,0.58,0.58,0.498,0.38,0.3,0.3,0.36
808,,0.6,0.56,0.56,0.478,0.36,0.28,0.28,0.34
809,,0.58,0.54,0.54,0.458,0.34,0.26,0.26,0.32
810,,0.56,0.52,0.52,0.438,0.32,0.24,0.24,0.3
811,,0.54,0.5,0.5,0.418,0.3,0.22,0.22,0.28
812,,0.52,0.48,0.48,0.398,0.28,0.2,0.2,0.26
813,,0.5,0.46,0.46,0.378,0.26,0.18,0.18,0.24
814,,0.48,0.44,0.44,0.358,0.24,0.16,0.16,0.22
815,,0.46,0.42,0.42,0.338,0.22,0.14,0.14,0.2
816,,0.44,0.4,0.4,0.318,0.2,0.12,0.12,0.18
817,,0.42,0.38,0.38,0.298,0.18,0.1,0.1,0.16
818,,0.4,0.36,0.36,0.278,0.16,0.08,0.08,0.14
819,,0.38,0.34,0.34,0.258,0.14,0.06,0.06,0.12
820,,0.36,0.32,0.32,0.238,0.12,0.04,0.04,0.1
821,,0.34,0.3,0.3,0.218,0.1,0.02,0.02,0.08
822,,0.32,0.28,0.28,0.198,0.08,0.0,0.0,0.06
823,,0.3,0.26,0.26,0.178,0.06,-0.02,-0.02,0.04
824,6,0.239,0.14,0.199,0.258,0.281,0.98,0.201,0.12
825,6,0.178,0.02,0.138,0.338,0.502,1.0,0.422,0.2
826,,0.158,0.0,0.118,0.318,0.482,0.98,0.402,0.18
827,,0.138,-0.02,0.098,0.298,0.462,0.96,0.382,0.16
828,2,0.359,0.98,0.319,0.378,0.401,0.84,0.321,0.24
829,2,0.58,1.0,0.54,0.458,0.34,0.72,0.26,0.32
830,,0.56,0.98,0.52,0.438,0.32,0.7,0.24,0.3
831,,0.54,0.96,0.5,0.418,0.3,0.68,0.22,0.28
832,,0.52,0.94,0.48,0.398,0.28,0.66,0.2,0.26
833,,0.5,0.92,0.46,0.378,0.26,0.64,0.18,0.24
834,,0.48,0.9,0.44,0.358,0.24,0.62,0.16,0.22
835,,0.46,0.88,0.42,0.338,0.22,0.6,0.14,0.2
836,,0.44,0.86,0.4,0.318,0.2,0.58,0.12,0.18
837,,0.42,0.84,0.38,0.298,0.18,0.56,0.1,0.16
838,,0.4,0.82,0.36,0.278,0.16,0.54,0.08,0.14
839,,0.38,0.8,0.34,0.258,0.14,0.52,0.06,0.12
840,,0.36,0.78,0.32,0.238,0.12,0.5,0.04,0.1
841,,0.34,0.76,0.3,0.218,0.1,0.48,0.02,0.08
842,,0.32,0.74,0.28,0.198,0.08,0.46,0.0,0.06
843,,0.3,0.72,0.26,0.178,0.06,0.44,-0.02,0.04
844,7,0.38,0.659,0.14,0.117,0.14,0.661,0.98,0.261
