step,active_motive,motive_1,motive_2,motive_3,motive_4,motive_5,motive_6,motive_7,motive_8
0,,0.11989,0.04694,0.09143,0.46731,0.31914,0.25835,0.32856,0.21784
1,,-0.03011,-0.10306,-0.05857,0.31731,0.16914,0.10835,0.17856,0.06784
2,2,0.26089,0.89694,0.23243,0.46731,0.17814,0.05835,0.18756,0.21784
3,2,0.55189,1.0,0.52343,0.61731,0.18714,0.00835,0.19656,0.36784
4,,0.40189,0.85,0.37343,0.46731,0.03714,-0.14165,0.04656,0.21784
5,6,0.41089,0.8,0.38243,0.61731,0.32814,0.85835,0.33756,0.36784
6,6,0.41989,0.75,0.39143,0.76731,0.61914,1.0,0.62856,0.51784
7,,0.26989,0.6,0.24143,0.61731,0.46914,0.85,0.47856,0.36784
8,,0.11989,0.45,0.09143,0.46731,0.31914,0.7,0.32856,0.21784
9,,-0.03011,0.3,-0.05857,0.31731,0.16914,0.55,0.17856,0.06784
10,3,0.11989,0.591,0.94143,0.60831,0.31914,0.559,0.12856,0.07684
11,3,0.26989,0.882,1.0,0.89931,0.46914,0.568,0.07856,0.08584
12,,0.11989,0.732,0.85,0.74931,0.31914,0.418,-0.07144,-0.06416
13,7,0.26989,0.741,0.8,0.75831,0.46914,0.709,0.92856,0.22684
14,7,0.41989,0.75,0.75,0.76731,0.61914,1.0,1.0,0.51784
15,,0.26989,0.6,0.6,0.61731,0.46914,0.85,0.85,0.36784
16,,0.11989,0.45,0.45,0.46731,0.31914,0.7,0.7,0.21784
17,,-0.03011,0.3,0.3,0.31731,0.16914,0.55,0.55,0.06784
18,1,0.96989,0.591,0.45,0.32631,0.11914,0.559,0.7,0.35884
19,1,1.0,0.882,0.6,0.33531,0.06914,0.568,0.85,0.64984
20,,0.85,0.732,0.45,0.18531,-0.08086,0.418,0.7,0.49984
21,5,0.8,0.741,0.6,0.47631,0.91914,0.709,0.85,0.50884
22,5,0.75,0.75,0.75,0.76731,1.0,1.0,1.0,0.51784
23,,0.6,0.6,0.6,0.61731,0.85,0.85,0.85,0.36784
24,,0.45,0.45,0.45,0.46731,0.7,0.7,0.7,0.21784
25,,0.3,0.3,0.3,0.31731,0.55,0.55,0.55,0.06784
26,,0.15,0.15,0.15,0.16731,0.4,0.4,0.4,-0.08216
27,8,0.441,0.3,0.159,0.11731,0.409,0.55,0.691,0.91784
28,8,0.732,0.45,0.168,0.06731,0.418,0.7,0.982,1.0
29,,0.582,0.3,0.018,-0.08269,0.268,0.55,0.832,0.85
30,4,0.591,0.45,0.309,0.91731,0.559,0.7,0.841,0.8
31,4,0.6,0.6,0.6,1.0,0.85,0.85,0.85,0.75
32,,0.45,0.45,0.45,0.85,0.7,0.7,0.7,0.6
33,,0.3,0.3,0.3,0.7,0.55,0.55,0.55,0.45
34,,0.15,0.15,0.15,0.55,0.4,0.4,0.4,0.3
35,,0.0,0.0,0.0,0.4,0.25,0.25,0.25,0.15
36,,-0.15,-0.15,-0.15,0.25,0.1,0.1,0.1,0.0
37,1,0.85,0.141,0.0,0.259,0.05,0.109,0.25,0.291
38,1,1.0,0.432,0.15,0.268,0.0,0.118,0.4,0.582
39,,0.85,0.282,0.0,0.118,-0.15,-0.032,0.25,0.432
40,5,0.8,0.291,0.15,0.409,0.85,0.259,0.4,0.441
41,5,0.75,0.3,0.3,0.7,1.0,0.55,0.55,0.45
42,,0.6,0.15,0.15,0.55,0.85,0.4,0.4,0.3
43,,0.45,0.0,0.0,0.4,0.7,0.25,0.25,0.15
44,,0.3,-0.15,-0.15,0.25,0.55,0.1,0.1,0.0
45,2,0.591,0.85,0.141,0.4,0.559,0.05,0.109,0.15
46,2,0.882,1.0,0.432,0.55,0.568,0.0,0.118,0.3
47,,0.732,0.85,0.282,0.4,0.418,-0.15,-0.032,0.15
48,6,0.741,0.8,0.291,0.55,0.709,0.85,0.259,0.3
49,6,0.75,0.75,0.3,0.7,1.0,1.0,0.55,0.45
50,,0.6,0.6,0.15,0.55,0.85,0.85,0.4,0.3
51,,0.45,0.45,0.0,0.4,0.7,0.7,0.25,0.15
52,,0.3,0.3,-0.15,0.25,0.55,0.55,0.1,0.0
53,3,0.45,0.591,0.85,0.541,0.7,0.559,0.05,0.009
54,3,0.6,0.882,1.0,0.832,0.85,0.568,0.0,0.018
55,,0.45,0.732,0.85,0.682,0.7,0.418,-0.15,-0.132
56,7,0.6,0.741,0.8,0.691,0.85,0.709,0.85,0.159
57,7,0.75,0.75,0.75,0.7,1.0,1.0,1.0,0.45
58,,0.6,0.6,0.6,0.55,0.85,0.85,0.85,0.3
59,,0.45,0.45,0.45,0.4,0.7,0.7,0.7,0.15
60,,0.3,0.3,0.3,0.25,0.55,0.55,0.55,0.0
61,,0.15,0.15,0.15,0.1,0.4,0.4,0.4,-0.15
62,8,0.441,0.3,0.159,0.05,0.409,0.55,0.691,0.85
63,8,0.732,0.45,0.168,0.0,0.418,0.7,0.982,1.0
64,,0.582,0.3,0.018,-0.15,0.268,0.55,0.832,0.85
65,4,0.591,0.45,0.309,0.85,0.559,0.7,0.841,0.8
66,4,0.6,0.6,0.6,1.0,0.85,0.85,0.85,0.75
67,,0.45,0.45,0.45,0.85,0.7,0.7,0.7,0.6
68,,0.3,0.3,0.3,0.7,0.55,0.55,0.55,0.45
69,,0.15,0.15,0.15,0.55,0.4,0.4,0.4,0.3
70,,0.0,0.0,0.0,0.4,0.25,0.25,0.25,0.15
71,,-0.15,-0.15,-0.15,0.25,0.1,0.1,0.1,0.0
72,3,0.0,0.141,0.85,0.541,0.25,0.109,0.05,0.009
73,3,0.15,0.432,1.0,0.832,0.4,0.118,0.0,0.018
74,,0.0,0.282,0.85,0.682,0.25,-0.032,-0.15,-0.132
75,7,0.15,0.291,0.8,0.691,0.4,0.259,0.85,0.159
76,7,0.3,0.3,0.75,0.7,0.55,0.55,1.0,0.45
77,,0.15,0.15,0.6,0.55,0.4,0.4,0.85,0.3
78,,0.0,0.0,0.45,0.4,0.25,0.25,0.7,0.15
79,,-0.15,-0.15,0.3,0.25,0.1,0.1,0.55,0.0
80,2,0.141,0.85,0.591,0.4,0.109,0.05,0.559,0.15
81,2,0.432,1.0,0.882,0.55,0.118,0.0,0.568,0.3
82,,0.282,0.85,0.732,0.4,-0.032,-0.15,0.418,0.15
83,6,0.291,0.8,0.741,0.55,0.259,0.85,0.709,0.3
84,6,0.3,0.75,0.75,0.7,0.55,1.0,1.0,0.45
85,,0.15,0.6,0.6,0.55,0.4,0.85,0.85,0.3
86,,0.0,0.45,0.45,0.4,0.25,0.7,0.7,0.15
87,,-0.15,0.3,0.3,0.25,0.1,0.55,0.55,0.0
88,1,0.85,0.591,0.45,0.259,0.05,0.559,0.7,0.291
89,1,1.0,0.882,0.6,0.268,0.0,0.568,0.85,0.582
90,,0.85,0.732,0.45,0.118,-0.15,0.418,0.7,0.432
91,5,0.8,0.741,0.6,0.409,0.85,0.709,0.85,0.441
92,5,0.75,0.75,0.75,0.7,1.0,1.0,1.0,0.45
93,,0.6,0.6,0.6,0.55,0.85,0.85,0.85,0.3
94,,0.45,0.45,0.45,0.4,0.7,0.7,0.7,0.15
95,,0.3,0.3,0.3,0.25,0.55,0.55,0.55,0.0
96,,0.15,0.15,0.15,0.1,0.4,0.4,0.4,-0.15
97,8,0.441,0.3,0.159,0.05,0.409,0.55,0.691,0.85
98,8,0.732,0.45,0.168,0.0,0.418,0.7,0.982,1.0
99,,0.582,0.3,0.018,-0.15,0.268,0.55,0.832,0.85
100,4,0.591,0.45,0.309,0.85,0.559,0.7,0.841,0.8
101,4,0.6,0.6,0.6,1.0,0.85,0.85,0.85,0.75
102,,0.45,0.45,0.45,0.85,0.7,0.7,0.7,0.6
103,,0.3,0.3,0.3,0.7,0.55,0.55,0.55,0.45
104,,0.15,0.15,0.15,0.55,0.4,0.4,0.4,0.3
105,,0.0,0.0,0.0,0.4,0.25,0.25,0.25,0.15
106,,-0.15,-0.15,-0.15,0.25,0.1,0.1,0.1,0.0
107,2,0.141,0.85,0.141,0.4,0.109,0.05,0.109,0.15
108,2,0.432,1.0,0.432,0.55,0.118,0.0,0.118,0.3
109,,0.282,0.85,0.282,0.4,-0.032,-0.15,-0.032,0.15
110,6,0.291,0.8,0.291,0.55,0.259,0.85,0.259,0.3
111,6,0.3,0.75,0.3,0.7,0.55,1.0,0.55,0.45
112,,0.15,0.6,0.15,0.55,0.4,0.85,0.4,0.3
113,,0.0,0.45,0.0,0.4,0.25,0.7,0.25,0.15
114,,-0.15,0.3,-0.15,0.25,0.1,0.55,0.1,0.0
115,3,0.0,0.591,0.85,0.541,0.25,0.559,0.05,0.009
116,3,0.15,0.882,1.0,0.832,0.4,0.568,0.0,0.018
117,,0.0,0.732,0.85,0.682,0.25,0.418,-0.15,-0.132
118,7,0.15,0.741,0.8,0.691,0.4,0.709,0.85,0.159
119,7,0.3,0.75,0.75,0.7,0.55,1.0,1.0,0.45
120,,0.15,0.6,0.6,0.55,0.4,0.85,0.85,0.3
121,,0.0,0.45,0.45,0.4,0.25,0.7,0.7,0.15
122,,-0.15,0.3,0.3,0.25,0.1,0.55,0.55,0.0
123,1,0.85,0.591,0.45,0.259,0.05,0.559,0.7,0.291
124,1,1.0,0.882,0.6,0.268,0.0,0.568,0.85,0.582
125,,0.85,0.732,0.45,0.118,-0.15,0.418,0.7,0.432
126,5,0.8,0.741,0.6,0.409,0.85,0.709,0.85,0.441
127,5,0.75,0.75,0.75,0.7,1.0,1.0,1.0,0.45
128,,0.6,0.6,0.6,0.55,0.85,0.85,0.85,0.3
129,,0.45,0.45,0.45,0.4,0.7,0.7,0.7,0.15
130,,0.3,0.3,0.3,0.25,0.55,0.55,0.55,0.0
131,,0.15,0.15,0.15,0.1,0.4,0.4,0.4,-0.15
132,8,0.441,0.3,0.159,0.05,0.409,0.55,0.691,0.85
133,8,0.732,0.45,0.168,0.0,0.418,0.7,0.982,1.0
134,,0.582,0.3,0.018,-0.15,0.268,0.55,0.832,0.85
135,4,0.591,0.45,0.309,0.85,0.559,0.7,0.841,0.8
136,4,0.6,0.6,0.6,1.0,0.85,0.85,0.85,0.75
137,,0.45,0.45,0.45,0.85,0.7,0.7,0.7,0.6
138,,0.3,0.3,0.3,0.7,0.55,0.55,0.55,0.45
139,,0.15,0.15,0.15,0.55,0.4,0.4,0.4,0.3
140,,0.0,0.0,0.0,0.4,0.25,0.25,0.25,0.15
141,,-0.15,-0.15,-0.15,0.25,0.1,0.1,0.1,0.0
142,3,0.0,0.141,0.85,0.541,0.25,0.109,0.05,0.009
143,3,0.15,0.432,1.0,0.832,0.4,0.118,0.0,0.018
144,,0.0,0.282,0.85,0.682,0.25,-0.032,-0.15,-0.132
145,7,0.15,0.291,0.8,0.691,0.4,0.259,0.85,0.159
146,7,0.3,0.3,0.75,0.7,0.55,0.55,1.0,0.45
147,,0.15,0.15,0.6,0.55,0.4,0.4,0.85,0.3
148,,0.0,0.0,0.45,0.4,0.25,0.25,0.7,0.15
149,,-0.15,-0.15,0.3,0.25,0.1,0.1,0.55,0.0
150,1,0.85,0.141,0.45,0.259,0.05,0.109,0.7,0.291
151,1,1.0,0.432,0.6,0.268,0.0,0.118,0.85,0.582
152,,0.85,0.282,0.45,0.118,-0.15,-0.032,0.7,0.432
153,5,0.8,0.291,0.6,0.409,0.85,0.259,0.85,0.441
154,5,0.75,0.3,0.75,0.7,1.0,0.55,1.0,0.45
155,,0.6,0.15,0.6,0.55,0.85,0.4,0.85,0.3
156,,0.45,0.0,0.45,0.4,0.7,0.25,0.7,0.15
157,,0.3,-0.15,0.3,0.25,0.55,0.1,0.55,0.0
158,2,0.591,0.85,0.591,0.4,0.559,0.05,0.559,0.15
159,2,0.882,1.0,0.882,0.55,0.568,0.0,0.568,0.3
160,,0.732,0.85,0.732,0.4,0.418,-0.15,0.418,0.15
161,6,0.741,0.8,0.741,0.55,0.709,0.85,0.709,0.3
162,6,0.75,0.75,0.75,0.7,1.0,1.0,1.0,0.45
163,,0.6,0.6,0.6,0.55,0.85,0.85,0.85,0.3
164,,0.45,0.45,0.45,0.4,0.7,0.7,0.7,0.15
165,,0.3,0.3,0.3,0.25,0.55,0.55,0.55,0.0
166,,0.15,0.15,0.15,0.1,0.4,0.4,0.4,-0.15
167,8,0.441,0.3,0.159,0.05,0.409,0.55,0.691,0.85
168,8,0.732,0.45,0.168,0.0,0.418,0.7,0.982,1.0
169,,0.582,0.3,0.018,-0.15,0.268,0.55,0.832,0.85
170,4,0.591,0.45,0.309,0.85,0.559,0.7,0.841,0.8
171,4,0.6,0.6,0.6,1.0,0.85,0.85,0.85,0.75
172,,0.45,0.45,0.45,0.85,0.7,0.7,0.7,0.6
173,,0.3,0.3,0.3,0.7,0.55,0.55,0.55,0.45
174,,0.15,0.15,0.15,0.55,0.4,0.4,0.4,0.3
175,,0.0,0.0,0.0,0.4,0.25,0.25,0.25,0.15
176,,-0.15,-0.15,-0.15,0.25,0.1,0.1,0.1,0.0
177,2,0.141,0.85,0.141,0.4,0.109,0.05,0.109,0.15
178,2,0.432,1.0,0.432,0.55,0.118,0.0,0.118,0.3
179,,0.282,0.85,0.282,0.4,-0.032,-0.15,-0.032,0.15
180,6,0.291,0.8,0.291,0.55,0.259,0.85,0.259,0.3
181,6,0.3,0.75,0.3,0.7,0.55,1.0,0.55,0.45
182,,0.15,0.6,0.15,0.55,0.4,0.85,0.4,0.3
183,,0.0,0.45,0.0,0.4,0.25,0.7,0.25,0.15
184,,-0.15,0.3,-0.15,0.25,0.1,0.55,0.1,0.0
185,1,0.85,0.591,0.0,0.259,0.05,0.559,0.25,0.291
186,1,1.0,0.882,0.15,0.268,0.0,0.568,0.4,0.582
187,,0.85,0.732,0.0,0.118,-0.15,0.418,0.25,0.432
188,5,0.8,0.741,0.15,0.409,0.85,0.709,0.4,0.441
189,5,0.75,0.75,0.3,0.7,1.0,1.0,0.55,0.45
190,,0.6,0.6,0.15,0.55,0.85,0.85,0.4,0.3
191,,0.45,0.45,0.0,0.4,0.7,0.7,0.25,0.15
192,,0.3,0.3,-0.15,0.25,0.55,0.55,0.1,0.0
193,3,0.45,0.591,0.85,0.541,0.7,0.559,0.05,0.009
194,3,0.6,0.882,1.0,0.832,0.85,0.568,0.0,0.018
195,,0.45,0.732,0.85,0.682,0.7,0.418,-0.15,-0.132
196,7,0.6,0.741,0.8,0.691,0.85,0.709,0.85,0.159
197,7,0.75,0.75,0.75,0.7,1.0,1.0,1.0,0.45
198,,0.6,0.6,0.6,0.55,0.85,0.85,0.85,0.3
199,,0.45,0.45,0.45,0.4,0.7,0.7,0.7,0.15
200,,0.3,0.3,0.3,0.25,0.55,0.55,0.55,0.0
201,,0.15,0.15,0.15,0.1,0.4,0.4,0.4,-0.15
202,8,0.441,0.3,0.159,0.05,0.409,0.55,0.691,0.85
203,8,0.732,0.45,0.168,0.0,0.418,0.7,0.982,1.0
204,,0.582,0.3,0.018,-0.15,0.268,0.55,0.832,0.85
205,4,0.591,0.45,0.309,0.85,0.559,0.7,0.841,0.8
206,4,0.6,0.6,0.6,1.0,0.85,0.85,0.85,0.75
207,,0.45,0.45,0.45,0.85,0.7,0.7,0.7,0.6
208,,0.3,0.3,0.3,0.7,0.55,0.55,0.55,0.45
209,,0.15,0.15,0.15,0.55,0.4,0.4,0.4,0.3
210,,0.0,0.0,0.0,0.4,0.25,0.25,0.25,0.15
211,,-0.15,-0.15,-0.15,0.25,0.1,0.1,0.1,0.0
212,1,0.85,0.141,0.0,0.259,0.05,0.109,0.25,0.291
213,1,1.0,0.432,0.15,0.268,0.0,0.118,0.4,0.582
214,,0.85,0.282,0.0,0.118,-0.15,-0.032,0.25,0.432
215,5,0.8,0.291,0.15,0.409,0.85,0.259,0.4,0.441
216,5,0.75,0.3,0.3,0.7,1.0,0.55,0.55,0.45
217,,0.6,0.15,0.15,0.55,0.85,0.4,0.4,0.3
218,,0.45,0.0,0.0,0.4,0.7,0.25,0.25,0.15
219,,0.3,-0.15,-0.15,0.25,0.55,0.1,0.1,0.0
220,3,0.45,0.141,0.85,0.541,0.7,0.109,0.05,0.009
221,3,0.6,0.432,1.0,0.832,0.85,0.118,0.0,0.018
222,,0.45,0.282,0.85,0.682,0.7,-0.032,-0.15,-0.132
223,7,0.6,0.291,0.8,0.691,0.85,0.259,0.85,0.159
224,7,0.75,0.3,0.75,0.7,1.0,0.55,1.0,0.45
225,,0.6,0.15,0.6,0.55,0.85,0.4,0.85,0.3
226,,0.45,0.0,0.45,0.4,0.7,0.25,0.7,0.15
227,,0.3,-0.15,0.3,0.25,0.55,0.1,0.55,0.0
228,2,0.591,0.85,0.591,0.4,0.559,0.05,0.559,0.15
229,2,0.882,1.0,0.882,0.55,0.568,0.0,0.568,0.3
230,,0.732,0.85,0.732,0.4,0.418,-0.15,0.418,0.15
231,6,0.741,0.8,0.741,0.55,0.709,0.85,0.709,0.3
232,6,0.75,0.75,0.75,0.7,1.0,1.0,1.0,0.45
233,,0.6,0.6,0.6,0.55,0.85,0.85,0.85,0.3
234,,0.45,0.45,0.45,0.4,0.7,0.7,0.7,0.15
235,,0.3,0.3,0.3,0.25,0.55,0.55,0.55,0.0
236,,0.15,0.15,0.15,0.1,0.4,0.4,0.4,-0.15
237,8,0.441,0.3,0.159,0.05,0.409,0.55,0.691,0.85
238,8,0.732,0.45,0.168,0.0,0.418,0.7,0.982,1.0
239,,0.582,0.3,0.018,-0.15,0.268,0.55,0.832,0.85
240,4,0.591,0.45,0.309,0.85,0.559,0.7,0.841,0.8
241,4,0.6,0.6,0.6,1.0,0.85,0.85,0.85,0.75
242,,0.45,0.45,0.45,0.85,0.7,0.7,0.7,0.6
243,,0.3,0.3,0.3,0.7,0.55,0.55,0.55,0.45
244,,0.15,0.15,0.15,0.55,0.4,0.4,0.4,0.3
245,,0.0,0.0,0.0,0.4,0.25,0.25,0.25,0.15
246,,-0.15,-0.15,-0.15,0.25,0.1,0.1,0.1,0.0
247,1,0.85,0.141,0.0,0.259,0.05,0.109,0.25,0.291
248,1,1.0,0.432,0.15,0.268,0.0,0.118,0.4,0.582
249,,0.85,0.282,0.0,0.118,-0.15,-0.032,0.25,0.432
250,5,0.8,0.291,0.15,0.409,0.85,0.259,0.4,0.441
251,5,0.75,0.3,0.3,0.7,1.0,0.55,0.55,0.45
252,,0.6,0.15,0.15,0.55,0.85,0.4,0.4,0.3
253,,0.45,0.0,0.0,0.4,0.7,0.25,0.25,0.15
254,,0.3,-0.15,-0.15,0.25,0.55,0.1,0.1,0.0
255,2,0.591,0.85,0.141,0.4,0.559,0.05,0.109,0.15
256,2,0.882,1.0,0.432,0.55,0.568,0.0,0.118,0.3
257,,0.732,0.85,0.282,0.4,0.418,-0.15,-0.032,0.15
258,6,0.741,0.8,0.291,0.55,0.709,0.85,0.259,0.3
259,6,0.75,0.75,0.3,0.7,1.0,1.0,0.55,0.45
260,,0.6,0.6,0.15,0.55,0.85,0.85,0.4,0.3
261,,0.45,0.45,0.0,0.4,0.7,0.7,0.25,0.15
262,,0.3,0.3,-0.15,0.25,0.55,0.55,0.1,0.0
263,3,0.45,0.591,0.85,0.541,0.7,0.559,0.05,0.009
264,3,0.6,0.882,1.0,0.832,0.85,0.568,0.0,0.018
265,,0.45,0.732,0.85,0.682,0.7,0.418,-0.15,-0.132
266,7,0.6,0.741,0.8,0.691,0.85,0.709,0.85,0.159
267,7,0.75,0.75,0.75,0.7,1.0,1.0,1.0,0.45
268,,0.6,0.6,0.6,0.55,0.85,0.85,0.85,0.3
269,,0.45,0.45,0.45,0.4,0.7,0.7,0.7,0.15
270,,0.3,0.3,0.3,0.25,0.55,0.55,0.55,0.0
271,,0.15,0.15,0.15,0.1,0.4,0.4,0.4,-0.15
272,8,0.441,0.3,0.159,0.05,0.409,0.55,0.691,0.85
273,8,0.732,0.45,0.168,0.0,0.418,0.7,0.982,1.0
274,,0.582,0.3,0.018,-0.15,0.268,0.55,0.832,0.85
275,4,0.591,0.45,0.309,0.85,0.559,0.7,0.841,0.8
276,4,0.6,0.6,0.6,1.0,0.85,0.85,0.85,0.75
277,,0.45,0.45,0.45,0.85,0.7,0.7,0.7,0.6
278,,0.3,0.3,0.3,0.7,0.55,0.55,0.55,0.45
279,,0.15,0.15,0.15,0.55,0.4,0.4,0.4,0.3
280,,0.0,0.0,0.0,0.4,0.25,0.25,0.25,0.15
281,,-0.15,-0.15,-0.15,0.25,0.1,0.1,0.1,0.0
282,1,0.85,0.141,0.0,0.259,0.05,0.109,0.25,0.291
283,1,1.0,0.432,0.15,0.268,0.0,0.118,0.4,0.582
284,,0.85,0.282,0.0,0.118,-0.15,-0.032,0.25,0.432
285,5,0.8,0.291,0.15,0.409,0.85,0.259,0.4,0.441
286,5,0.75,0.3,0.3,0.7,1.0,0.55,0.55,0.45
287,,0.6,0.15,0.15,0.55,0.85,0.4,0.4,0.3
288,,0.45,0.0,0.0,0.4,0.7,0.25,0.25,0.15
289,,0.3,-0.15,-0.15,0.25,0.55,0.1,0.1,0.0
290,3,0.45,0.141,0.85,0.541,0.7,0.109,0.05,0.009
291,3,0.6,0.432,1.0,0.832,0.85,0.118,0.0,0.018
292,,0.45,0.282,0.85,0.682,0.7,-0.032,-0.15,-0.132
293,7,0.6,0.291,0.8,0.691,0.85,0.259,0.85,0.159
294,7,0.75,0.3,0.75,0.7,1.0,0.55,1.0,0.45
295,,0.6,0.15,0.6,0.55,0.85,0.4,0.85,0.3
296,,0.45,0.0,0.45,0.4,0.7,0.25,0.7,0.15
297,,0.3,-0.15,0.3,0.25,0.55,0.1,0.55,0.0
298,2,0.591,0.85,0.591,0.4,0.559,0.05,0.559,0.15
299,2,0.882,1.0,0.882,0.55,0.568,0.0,0.568,0.3
300,,0.732,0.85,0.732,0.4,0.418,-0.15,0.418,0.15
301,6,0.741,0.8,0.741,0.55,0.709,0.85,0.709,0.3
302,6,0.75,0.75,0.75,0.7,1.0,1.0,1.0,0.45
303,,0.6,0.6,0.6,0.55,0.85,0.85,0.85,0.3
304,,0.45,0.45,0.45,0.4,0.7,0.7,0.7,0.15
305,,0.3,0.3,0.3,0.25,0.55,0.55,0.55,0.0
306,,0.15,0.15,0.15,0.1,0.4,0.4,0.4,-0.15
307,8,0.441,0.3,0.159,0.05,0.409,0.55,0.691,0.85
308,8,0.732,0.45,0.168,0.0,0.418,0.7,0.982,1.0
309,,0.582,0.3,0.018,-0.15,0.268,0.55,0.832,0.85
310,4,0.591,0.45,0.309,0.85,0.559,0.7,0.841,0.8
311,4,0.6,0.6,0.6,1.0,0.85,0.85,0.85,0.75
312,,0.45,0.45,0.45,0.85,0.7,0.7,0.7,0.6
313,,0.3,0.3,0.3,0.7,0.55,0.55,0.55,0.45
314,,0.15,0.15,0.15,0.55,0.4,0.4,0.4,0.3
315,,0.0,0.0,0.0,0.4,0.25,0.25,0.25,0.15
316,,-0.15,-0.15,-0.15,0.25,0.1,0.1,0.1,0.0
317,2,0.141,0.85,0.141,0.4,0.109,0.05,0.109,0.15
318,2,0.432,1.0,0.432,0.55,0.118,0.0,0.118,0.3
319,,0.282,0.85,0.282,0.4,-0.032,-0.15,-0.032,0.15
320,6,0.291,0.8,0.291,0.55,0.259,0.85,0.259,0.3
321,6,0.3,0.75,0.3,0.7,0.55,1.0,0.55,0.45
322,,0.15,0.6,0.15,0.55,0.4,0.85,0.4,0.3
323,,0.0,0.45,0.0,0.4,0.25,0.7,0.25,0.15
324,,-0.15,0.3,-0.15,0.25,0.1,0.55,0.1,0.0
325,3,0.0,0.591,0.85,0.541,0.25,0.559,0.05,0.009
326,3,0.15,0.882,1.0,0.832,0.4,0.568,0.0,0.018
327,,0.0,0.732,0.85,0.682,0.25,0.418,-0.15,-0.132
328,7,0.15,0.741,0.8,0.691,0.4,0.709,0.85,0.159
329,7,0.3,0.75,0.75,0.7,0.55,1.0,1.0,0.45
330,,0.15,0.6,0.6,0.55,0.4,0.85,0.85,0.3
331,,0.0,0.45,0.45,0.4,0.25,0.7,0.7,0.15
332,,-0.15,0.3,0.3,0.25,0.1,0.55,0.55,0.0
333,1,0.85,0.591,0.45,0.259,0.05,0.559,0.7,0.291
334,1,1.0,0.882,0.6,0.268,0.0,0.568,0.85,0.582
335,,0.85,0.732,0.45,0.118,-0.15,0.418,0.7,0.432
336,5,0.8,0.741,0.6,0.409,0.85,0.709,0.85,0.441
337,5,0.75,0.75,0.75,0.7,1.0,1.0,1.0,0.45
338,,0.6,0.6,0.6,0.55,0.85,0.85,0.85,0.3
339,,0.45,0.45,0.45,0.4,0.7,0.7,0.7,0.15
340,,0.3,0.3,0.3,0.25,0.55,0.55,0.55,0.0
341,,0.15,0.15,0.15,0.1,0.4,0.4,0.4,-0.15
342,8,0.441,0.3,0.159,0.05,0.409,0.55,0.691,0.85
343,8,0.732,0.45,0.168,0.0,0.418,0.7,0.982,1.0
344,,0.582,0.3,0.018,-0.15,0.268,0.55,0.832,0.85
345,4,0.591,0.45,0.309,0.85,0.559,0.7,0.841,0.8
346,4,0.6,0.6,0.6,1.0,0.85,0.85,0.85,0.75
347,,0.45,0.45,0.45,0.85,0.7,0.7,0.7,0.6
348,,0.3,0.3,0.3,0.7,0.55,0.55,0.55,0.45
349,,0.15,0.15,0.15,0.55,0.4,0.4,0.4,0.3
350,,0.0,0.0,0.0,0.4,0.25,0.25,0.25,0.15
351,,-0.15,-0.15,-0.15,0.25,0.1,0.1,0.1,0.0
352,1,0.85,0.141,0.0,0.259,0.05,0.109,0.25,0.291
353,1,1.0,0.432,0.15,0.268,0.0,0.118,0.4,0.582
354,,0.85,0.282,0.0,0.118,-0.15,-0.032,0.25,0.432
355,5,0.8,0.291,0.15,0.409,0.85,0.259,0.4,0.441
356,5,0.75,0.3,0.3,0.7,1.0,0.55,0.55,0.45
357,,0.6,0.15,0.15,0.55,0.85,0.4,0.4,0.3
358,,0.45,0.0,0.0,0.4,0.7,0.25,0.25,0.15
359,,0.3,-0.15,-0.15,0.25,0.55,0.1,0.1,0.0
360,3,0.45,0.141,0.85,0.541,0.7,0.109,0.05,0.009
361,3,0.6,0.432,1.0,0.832,0.85,0.118,0.0,0.018
362,,0.45,0.282,0.85,0.682,0.7,-0.032,-0.15,-0.132
363,7,0.6,0.291,0.8,0.691,0.85,0.259,0.85,0.159
364,7,0.75,0.3,0.75,0.7,1.0,0.55,1.0,0.45
365,,0.6,0.15,0.6,0.55,0.85,0.4,0.85,0.3
366,,0.45,0.0,0.45,0.4,0.7,0.25,0.7,0.15
367,,0.3,-0.15,0.3,0.25,0.55,0.1,0.55,0.0
368,2,0.591,0.85,0.591,0.4,0.559,0.05,0.559,0.15
369,2,0.882,1.0,0.882,0.55,0.568,0.0,0.568,0.3
370,,0.732,0.85,0.732,0.4,0.418,-0.15,0.418,0.15
371,6,0.741,0.8,0.741,0.55,0.709,0.85,0.709,0.3
372,6,0.75,0.75,0.75,0.7,1.0,1.0,1.0,0.45
373,,0.6,0.6,0.6,0.55,0.85,0.85,0.85,0.3
374,,0.45,0.45,0.45,0.4,0.7,0.7,0.7,0.15
375,,0.3,0.3,0.3,0.25,0.55,0.55,0.55,0.0
376,,0.15,0.15,0.15,0.1,0.4,0.4,0.4,-0.15
377,8,0.441,0.3,0.159,0.05,0.409,0.55,0.691,0.85
378,8,0.732,0.45,0.168,0.0,0.418,0.7,0.982,1.0
379,,0.582,0.3,0.018,-0.15,0.268,0.55,0.832,0.85
380,4,0.591,0.45,0.309,0.85,0.559,0.7,0.841,0.8
381,4,0.6,0.6,0.6,1.0,0.85,0.85,0.85,0.75
382,,0.45,0.45,0.45,0.85,0.7,0.7,0.7,0.6
383,,0.3,0.3,0.3,0.7,0.55,0.55,0.55,0.45
384,,0.15,0.15,0.15,0.55,0.4,0.4,0.4,0.3
385,,0.0,0.0,0.0,0.4,0.25,0.25,0.25,0.15
386,,-0.15,-0.15,-0.15,0.25,0.1,0.1,0.1,0.0
387,2,0.141,0.85,0.141,0.4,0.109,0.05,0.109,0.15
388,2,0.432,1.0,0.432,0.55,0.118,0.0,0.118,0.3
389,,0.282,0.85,0.282,0.4,-0.032,-0.15,-0.032,0.15
390,6,0.291,0.8,0.291,0.55,0.259,0.85,0.259,0.3
391,6,0.3,0.75,0.3,0.7,0.55,1.0,0.55,0.45
392,,0.15,0.6,0.15,0.55,0.4,0.85,0.4,0.3
393,,0.0,0.45,0.0,0.4,0.25,0.7,0.25,0.15
394,,-0.15,0.3,-0.15,0.25,0.1,0.55,0.1,0.0
395,3,0.0,0.591,0.85,0.541,0.25,0.559,0.05,0.009
396,3,0.15,0.882,1.0,0.832,0.4,0.568,0.0,0.018
397,,0.0,0.732,0.85,0.682,0.25,0.418,-0.15,-0.132
398,7,0.15,0.741,0.8,0.691,0.4,0.709,0.85,0.159
399,7,0.3,0.75,0.75,0.7,0.55,1.0,1.0,0.45
400,,0.15,0.6,0.6,0.55,0.4,0.85,0.85,0.3
401,,0.0,0.45,0.45,0.4,0.25,0.7,0.7,0.15
402,,-0.15,0.3,0.3,0.25,0.1,0.55,0.55,0.0
403,1,0.85,0.591,0.45,0.259,0.05,0.559,0.7,0.291
404,1,1.0,0.882,0.6,0.268,0.0,0.568,0.85,0.582
405,,0.85,0.732,0.45,0.118,-0.15,0.418,0.7,0.432
406,5,0.8,0.741,0.6,0.409,0.85,0.709,0.85,0.441
407,5,0.75,0.75,0.75,0.7,1.0,1.0,1.0,0.45
408,,0.6,0.6,0.6,0.55,0.85,0.85,0.85,0.3
409,,0.45,0.45,0.45,0.4,0.7,0.7,0.7,0.15
410,,0.3,0.3,0.3,0.25,0.55,0.55,0.55,0.0
411,,0.15,0.15,0.15,0.1,0.4,0.4,0.4,-0.15
412,8,0.441,0.3,0.159,0.05,0.409,0.55,0.691,0.85
413,8,0.732,0.45,0.168,0.0,0.418,0.7,0.982,1.0
414,,0.582,0.3,0.018,-0.15,0.268,0.55,0.832,0.85
415,4,0.591,0.45,0.309,0.85,0.559,0.7,0.841,0.8
416,4,0.6,0.6,0.6,1.0,0.85,0.85,0.85,0.75
417,,0.45,0.45,0.45,0.85,0.7,0.7,0.7,0.6
418,,0.3,0.3,0.3,0.7,0.55,0.55,0.55,0.45
419,,0.15,0.15,0.15,0.55,0.4,0.4,0.4,0.3
420,,0.0,0.0,0.0,0.4,0.25,0.25,0.25,0.15
421,,-0.15,-0.15,-0.15,0.25,0.1,0.1,0.1,0.0
422,1,0.85,0.141,0.0,0.259,0.05,0.109,0.25,0.291
423,1,1.0,0.432,0.15,0.268,0.0,0.118,0.4,0.582
424,,0.85,0.282,0.0,0.118,-0.15,-0.032,0.25,0.432
425,5,0.8,0.291,0.15,0.409,0.85,0.259,0.4,0.441
426,5,0.75,0.3,0.3,0.7,1.0,0.55,0.55,0.45
427,,0.6,0.15,0.15,0.55,0.85,0.4,0.4,0.3
428,,0.45,0.0,0.0,0.4,0.7,0.25,0.25,0.15
429,,0.3,-0.15,-0.15,0.25,0.55,0.1,0.1,0.0
430,2,0.591,0.85,0.141,0.4,0.559,0.05,0.109,0.15
431,2,0.882,1.0,0.432,0.55,0.568,0.0,0.118,0.3
432,,0.732,0.85,0.282,0.4,0.418,-0.15,-0.032,0.15
433,6,0.741,0.8,0.291,0.55,0.709,0.85,0.259,0.3
434,6,0.75,0.75,0.3,0.7,1.0,1.0,0.55,0.45
435,,0.6,0.6,0.15,0.55,0.85,0.85,0.4,0.3
436,,0.45,0.45,0.0,0.4,0.7,0.7,0.25,0.15
437,,0.3,0.3,-0.15,0.25,0.55,0.55,0.1,0.0
438,3,0.45,0.591,0.85,0.541,0.7,0.559,0.05,0.009
439,3,0.6,0.882,1.0,0.832,0.85,0.568,0.0,0.018
440,,0.45,0.732,0.85,0.682,0.7,0.418,-0.15,-0.132
441,7,0.6,0.741,0.8,0.691,0.85,0.709,0.85,0.159
442,7,0.75,0.75,0.75,0.7,1.0,1.0,1.0,0.45
443,,0.6,0.6,0.6,0.55,0.85,0.85,0.85,0.3
444,,0.45,0.45,0.45,0.4,0.7,0.7,0.7,0.15
445,,0.3,0.3,0.3,0.25,0.55,0.55,0.55,0.0
446,,0.15,0.15,0.15,0.1,0.4,0.4,0.4,-0.15
447,8,0.441,0.3,0.159,0.05,0.409,0.55,0.691,0.85
448,8,0.732,0.45,0.168,0.0,0.418,0.7,0.982,1.0
449,,0.582,0.3,0.018,-0.15,0.268,0.55,0.832,0.85
450,4,0.591,0.45,0.309,0.85,0.559,0.7,0.841,0.8
451,4,0.6,0.6,0.6,1.0,0.85,0.85,0.85,0.75
452,,0.45,0.45,0.45,0.85,0.7,0.7,0.7,0.6
453,,0.3,0.3,0.3,0.7,0.55,0.55,0.55,0.45
454,,0.15,0.15,0.15,0.55,0.4,0.4,0.4,0.3
455,,0.0,0.0,0.0,0.4,0.25,0.25,0.25,0.15
456,,-0.15,-0.15,-0.15,0.25,0.1,0.1,0.1,0.0
457,1,0.85,0.141,0.0,0.259,0.05,0.109,0.25,0.291
458,1,1.0,0.432,0.15,0.268,0.0,0.118,0.4,0.582
459,,0.85,0.282,0.0,0.118,-0.15,-0.032,0.25,0.432
460,5,0.8,0.291,0.15,0.409,0.85,0.259,0.4,0.441
461,5,0.75,0.3,0.3,0.7,1.0,0.55,0.55,0.45
462,,0.6,0.15,0.15,0.55,0.85,0.4,0.4,0.3
463,,0.45,0.0,0.0,0.4,0.7,0.25,0.25,0.15
464,,0.3,-0.15,-0.15,0.25,0.55,0.1,0.1,0.0
465,3,0.45,0.141,0.85,0.541,0.7,0.109,0.05,0.009
466,3,0.6,0.432,1.0,0.832,0.85,0.118,0.0,0.018
467,,0.45,0.282,0.85,0.682,0.7,-0.032,-0.15,-0.132
468,7,0.6,0.291,0.8,0.691,0.85,0.259,0.85,0.159
469,7,0.75,0.3,0.75,0.7,1.0,0.55,1.0,0.45
470,,0.6,0.15,0.6,0.55,0.85,0.4,0.85,0.3
471,,0.45,0.0,0.45,0.4,0.7,0.25,0.7,0.15
472,,0.3,-0.15,0.3,0.25,0.55,0.1,0.55,0.0
473,2,0.591,0.85,0.591,0.4,0.559,0.05,0.559,0.15
474,2,0.882,1.0,0.882,0.55,0.568,0.0,0.568,0.3
475,,0.732,0.85,0.732,0.4,0.418,-0.15,0.418,0.15
476,6,0.741,0.8,0.741,0.55,0.709,0.85,0.709,0.3
477,6,0.75,0.75,0.75,0.7,1.0,1.0,1.0,0.45
478,,0.6,0.6,0.6,0.55,0.85,0.85,0.85,0.3
479,,0.45,0.45,0.45,0.4,0.7,0.7,0.7,0.15
480,,0.3,0.3,0.3,0.25,0.55,0.55,0.55,0.0
481,,0.15,0.15,0.15,0.1,0.4,0.4,0.4,-0.15
482,8,0.441,0.3,0.159,0.05,0.409,0.55,0.691,0.85
483,8,0.732,0.45,0.168,0.0,0.418,0.7,0.982,1.0
484,,0.582,0.3,0.018,-0.15,0.268,0.55,0.832,0.85
485,4,0.591,0.45,0.309,0.85,0.559,0.7,0.841,0.8
486,4,0.6,0.6,0.6,1.0,0.85,0.85,0.85,0.75
487,,0.45,0.45,0.45,0.85,0.7,0.7,0.7,0.6
488,,0.3,0.3,0.3,0.7,0.55,0.55,0.55,0.45
489,,0.15,0.15,0.15,0.55,0.4,0.4,0.4,0.3
490,,0.0,0.0,0.0,0.4,0.25,0.25,0.25,0.15
491,,-0.15,-0.15,-0.15,0.25,0.1,0.1,0.1,0.0
492,2,0.141,0.85,0.141,0.4,0.109,0.05,0.109,0.15
493,2,0.432,1.0,0.432,0.55,0.118,0.0,0.118,0.3
494,,0.282,0.85,0.282,0.4,-0.032,-0.15,-0.032,0.15
495,6,0.291,0.8,0.291,0.55,0.259,0.85,0.259,0.3
496,6,0.3,0.75,0.3,0.7,0.55,1.0,0.55,0.45
497,,0.15,0.6,0.15,0.55,0.4,0.85,0.4,0.3
498,,0.0,0.45,0.0,0.4,0.25,0.7,0.25,0.15
499,,-0.15,0.3,-0.15,0.25,0.1,0.55,0.1,0.0
