step,active_motive,motive_1,motive_2,motive_3,motive_4,motive_5,motive_6,motive_7,motive_8
0,,0.30576,0.0408,0.00259,0.31395,0.09714,0.03547,0.19839,0.02538
1,,0.15576,-0.1092,-0.14741,0.16395,-0.05286,-0.11453,0.04839,-0.12462
2,3,0.30576,0.1818,0.85259,0.45495,0.09714,-0.10553,-0.00161,-0.11562
3,3,0.45576,0.4728,1.0,0.74595,0.24714,-0.09653,-0.05161,-0.10662
4,8,0.74676,0.6228,1.0,0.69595,0.25614,0.05347,0.23939,0.89338
5,8,1.0,0.7728,1.0,0.64595,0.26514,0.20347,0.53039,1.0
6,,0.85,0.6228,0.85,0.49595,0.11514,0.05347,0.38039,0.85
7,,0.7,0.4728,0.7,0.34595,-0.03486,-0.09653,0.23039,0.7
8,6,0.709,0.4228,0.709,0.49595,0.25614,0.90347,0.52139,0.85
9,6,0.718,0.3728,0.718,0.64595,0.54714,1.0,0.81239,1.0
10,,0.568,0.2228,0.568,0.49595,0.39714,0.85,0.66239,0.85
11,,0.418,0.0728,0.418,0.34595,0.24714,0.7,0.51239,0.7
12,,0.268,-0.0772,0.268,0.19595,0.09714,0.55,0.36239,0.55
13,2,0.559,0.9228,0.559,0.34595,0.10614,0.5,0.37139,0.7
14,2,0.85,1.0,0.85,0.49595,0.11514,0.45,0.38039,0.85
15,,0.7,0.85,0.7,0.34595,-0.03486,0.3,0.23039,0.7
16,5,0.65,0.859,0.85,0.63695,0.96514,0.591,0.38039,0.709
17,5,0.6,0.868,1.0,0.92795,1.0,0.882,0.53039,0.718
18,,0.45,0.718,0.85,0.77795,0.85,0.732,0.38039,0.568
19,,0.3,0.568,0.7,0.62795,0.7,0.582,0.23039,0.418
20,,0.15,0.418,0.55,0.47795,0.55,0.432,0.08039,0.268
21,,0.0,0.268,0.4,0.32795,0.4,0.282,-0.06961,0.118
22,7,0.15,0.277,0.35,0.33695,0.55,0.573,0.93039,0.409
23,7,0.3,0.286,0.3,0.34595,0.7,0.864,1.0,0.7
24,,0.15,0.136,0.15,0.19595,0.55,0.714,0.85,0.55
25,,0.0,-0.014,0.0,0.04595,0.4,0.564,0.7,0.4
26,2,0.291,0.986,0.291,0.19595,0.409,0.514,0.709,0.55
27,2,0.582,1.0,0.582,0.34595,0.418,0.464,0.718,0.7
28,,0.432,0.85,0.432,0.19595,0.268,0.314,0.568,0.55
29,,0.282,0.7,0.282,0.04595,0.118,0.164,0.418,0.4
30,,0.132,0.55,0.132,-0.10405,-0.032,0.014,0.268,0.25
31,4,0.141,0.7,0.423,0.89595,0.259,0.164,0.277,0.2
32,4,0.15,0.85,0.714,1.0,0.55,0.314,0.286,0.15
33,,0.0,0.7,0.564,0.85,0.4,0.164,0.136,0.0
34,,-0.15,0.55,0.414,0.7,0.25,0.014,-0.014,-0.15
35,1,0.85,0.841,0.564,0.709,0.2,0.023,0.136,0.141
36,1,1.0,1.0,0.714,0.718,0.15,0.032,0.286,0.432
37,,0.85,0.85,0.564,0.568,0.0,-0.118,0.136,0.282
38,6,0.859,0.8,0.573,0.718,0.291,0.882,0.427,0.432
39,6,0.868,0.75,0.582,0.868,0.582,1.0,0.718,0.582
40,,0.718,0.6,0.432,0.718,0.432,0.85,0.568,0.432
41,,0.568,0.45,0.282,0.568,0.282,0.7,0.418,0.282
42,,0.418,0.3,0.132,0.418,0.132,0.55,0.268,0.132
43,,0.268,0.15,-0.018,0.268,-0.018,0.4,0.118,-0.018
44,8,0.559,0.3,-0.009,0.218,-0.009,0.55,0.409,0.982
45,8,0.85,0.45,0.0,0.168,0.0,0.7,0.7,1.0
46,,0.7,0.3,-0.15,0.018,-0.15,0.55,0.55,0.85
47,3,0.85,0.591,0.85,0.309,0.0,0.559,0.5,0.859
48,3,1.0,0.882,1.0,0.6,0.15,0.568,0.45,0.868
49,,0.85,0.732,0.85,0.45,0.0,0.418,0.3,0.718
50,,0.7,0.582,0.7,0.3,-0.15,0.268,0.15,0.568
51,5,0.65,0.591,0.85,0.591,0.85,0.559,0.3,0.577
52,5,0.6,0.6,1.0,0.882,1.0,0.85,0.45,0.586
53,,0.45,0.45,0.85,0.732,0.85,0.7,0.3,0.436
54,,0.3,0.3,0.7,0.582,0.7,0.55,0.15,0.286
55,,0.15,0.15,0.55,0.432,0.55,0.4,0.0,0.136
56,,0.0,0.0,0.4,0.282,0.4,0.25,-0.15,-0.014
57,7,0.15,0.009,0.35,0.291,0.55,0.541,0.85,0.277
58,7,0.3,0.018,0.3,0.3,0.7,0.832,1.0,0.568
59,,0.15,-0.132,0.15,0.15,0.55,0.682,0.85,0.418
60,2,0.441,0.868,0.441,0.3,0.559,0.632,0.859,0.568
61,2,0.732,1.0,0.732,0.45,0.568,0.582,0.868,0.718
62,,0.582,0.85,0.582,0.3,0.418,0.432,0.718,0.568
63,,0.432,0.7,0.432,0.15,0.268,0.282,0.568,0.418
64,,0.282,0.55,0.282,0.0,0.118,0.132,0.418,0.268
65,,0.132,0.4,0.132,-0.15,-0.032,-0.018,0.268,0.118
66,4,0.141,0.55,0.423,0.85,0.259,0.132,0.277,0.068
67,4,0.15,0.7,0.714,1.0,0.55,0.282,0.286,0.018
68,,0.0,0.55,0.564,0.85,0.4,0.132,0.136,-0.132
69,8,0.291,0.7,0.573,0.8,0.409,0.282,0.427,0.868
70,8,0.582,0.85,0.582,0.75,0.418,0.432,0.718,1.0
71,,0.432,0.7,0.432,0.6,0.268,0.282,0.568,0.85
72,,0.282,0.55,0.282,0.45,0.118,0.132,0.418,0.7
73,,0.132,0.4,0.132,0.3,-0.032,-0.018,0.268,0.55
74,5,0.082,0.409,0.282,0.591,0.968,0.273,0.418,0.559
75,5,0.032,0.418,0.432,0.882,1.0,0.564,0.568,0.568
76,,-0.118,0.268,0.282,0.732,0.85,0.414,0.418,0.418
77,1,0.882,0.559,0.432,0.741,0.8,0.423,0.568,0.709
78,1,1.0,0.85,0.582,0.75,0.75,0.432,0.718,1.0
79,,0.85,0.7,0.432,0.6,0.6,0.282,0.568,0.85
80,,0.7,0.55,0.282,0.45,0.45,0.132,0.418,0.7
81,,0.55,0.4,0.132,0.3,0.3,-0.018,0.268,0.55
82,6,0.559,0.35,0.141,0.45,0.591,0.982,0.559,0.7
83,6,0.568,0.3,0.15,0.6,0.882,1.0,0.85,0.85
84,,0.418,0.15,0.0,0.45,0.732,0.85,0.7,0.7
85,,0.268,0.0,-0.15,0.3,0.582,0.7,0.55,0.55
86,3,0.418,0.291,0.85,0.591,0.732,0.709,0.5,0.559
87,3,0.568,0.582,1.0,0.882,0.882,0.718,0.45,0.568
88,,0.418,0.432,0.85,0.732,0.732,0.568,0.3,0.418
89,,0.268,0.282,0.7,0.582,0.582,0.418,0.15,0.268
90,,0.118,0.132,0.55,0.432,0.432,0.268,0.0,0.118
91,,-0.032,-0.018,0.4,0.282,0.282,0.118,-0.15,-0.032
92,7,0.118,-0.009,0.35,0.291,0.432,0.409,0.85,0.259
93,7,0.268,0.0,0.3,0.3,0.582,0.7,1.0,0.55
94,,0.118,-0.15,0.15,0.15,0.432,0.55,0.85,0.4
95,2,0.409,0.85,0.441,0.3,0.441,0.5,0.859,0.55
96,2,0.7,1.0,0.732,0.45,0.45,0.45,0.868,0.7
97,,0.55,0.85,0.582,0.3,0.3,0.3,0.718,0.55
98,,0.4,0.7,0.432,0.15,0.15,0.15,0.568,0.4
99,,0.25,0.55,0.282,0.0,0.0,0.0,0.418,0.25
100,,0.1,0.4,0.132,-0.15,-0.15,-0.15,0.268,0.1
101,5,0.05,0.409,0.282,0.141,0.85,0.141,0.418,0.109
102,5,0.0,0.418,0.432,0.432,1.0,0.432,0.568,0.118
103,,-0.15,0.268,0.282,0.282,0.85,0.282,0.418,-0.032
104,1,0.85,0.559,0.432,0.291,0.8,0.291,0.568,0.259
105,1,1.0,0.85,0.582,0.3,0.75,0.3,0.718,0.55
106,,0.85,0.7,0.432,0.15,0.6,0.15,0.568,0.4
107,,0.7,0.55,0.282,0.0,0.45,0.0,0.418,0.25
108,,0.55,0.4,0.132,-0.15,0.3,-0.15,0.268,0.1
109,6,0.559,0.35,0.141,0.0,0.591,0.85,0.559,0.25
110,6,0.568,0.3,0.15,0.15,0.882,1.0,0.85,0.4
111,,0.418,0.15,0.0,0.0,0.732,0.85,0.7,0.25
112,,0.268,0.0,-0.15,-0.15,0.582,0.7,0.55,0.1
113,4,0.277,0.15,0.141,0.85,0.873,0.85,0.559,0.05
114,4,0.286,0.3,0.432,1.0,1.0,1.0,0.568,0.0
115,,0.136,0.15,0.282,0.85,0.85,0.85,0.418,-0.15
116,8,0.427,0.3,0.291,0.8,0.859,1.0,0.709,0.85
117,8,0.718,0.45,0.3,0.75,0.868,1.0,1.0,1.0
118,,0.568,0.3,0.15,0.6,0.718,0.85,0.85,0.85
119,,0.418,0.15,0.0,0.45,0.568,0.7,0.7,0.7
120,,0.268,0.0,-0.15,0.3,0.418,0.55,0.55,0.55
121,3,0.418,0.291,0.85,0.591,0.568,0.559,0.5,0.559
122,3,0.568,0.582,1.0,0.882,0.718,0.568,0.45,0.568
123,,0.418,0.432,0.85,0.732,0.568,0.418,0.3,0.418
124,,0.268,0.282,0.7,0.582,0.418,0.268,0.15,0.268
125,,0.118,0.132,0.55,0.432,0.268,0.118,0.0,0.118
126,,-0.032,-0.018,0.4,0.282,0.118,-0.032,-0.15,-0.032
127,7,0.118,-0.009,0.35,0.291,0.268,0.259,0.85,0.259
128,7,0.268,0.0,0.3,0.3,0.418,0.55,1.0,0.55
129,,0.118,-0.15,0.15,0.15,0.268,0.4,0.85,0.4
130,2,0.409,0.85,0.441,0.3,0.277,0.35,0.859,0.55
131,2,0.7,1.0,0.732,0.45,0.286,0.3,0.868,0.7
132,,0.55,0.85,0.582,0.3,0.136,0.15,0.718,0.55
133,,0.4,0.7,0.432,0.15,-0.014,0.0,0.568,0.4
134,5,0.35,0.709,0.582,0.441,0.986,0.291,0.718,0.409
135,5,0.3,0.718,0.732,0.732,1.0,0.582,0.868,0.418
136,,0.15,0.568,0.582,0.582,0.85,0.432,0.718,0.268
137,,0.0,0.418,0.432,0.432,0.7,0.282,0.568,0.118
138,,-0.15,0.268,0.282,0.282,0.55,0.132,0.418,-0.032
139,1,0.85,0.559,0.432,0.291,0.5,0.141,0.568,0.259
140,1,1.0,0.85,0.582,0.3,0.45,0.15,0.718,0.55
141,,0.85,0.7,0.432,0.15,0.3,0.0,0.568,0.4
142,,0.7,0.55,0.282,0.0,0.15,-0.15,0.418,0.25
143,6,0.709,0.5,0.291,0.15,0.441,0.85,0.709,0.4
144,6,0.718,0.45,0.3,0.3,0.732,1.0,1.0,0.55
145,,0.568,0.3,0.15,0.15,0.582,0.85,0.85,0.4
146,,0.418,0.15,0.0,0.0,0.432,0.7,0.7,0.25
147,,0.268,0.0,-0.15,-0.15,0.282,0.55,0.55,0.1
148,3,0.418,0.291,0.85,0.141,0.432,0.559,0.5,0.109
149,3,0.568,0.582,1.0,0.432,0.582,0.568,0.45,0.118
150,,0.418,0.432,0.85,0.282,0.432,0.418,0.3,-0.032
151,8,0.709,0.582,0.859,0.232,0.441,0.568,0.591,0.968
152,8,1.0,0.732,0.868,0.182,0.45,0.718,0.882,1.0
153,,0.85,0.582,0.718,0.032,0.3,0.568,0.732,0.85
154,,0.7,0.432,0.568,-0.118,0.15,0.418,0.582,0.7
155,4,0.709,0.582,0.859,0.882,0.441,0.568,0.591,0.65
156,4,0.718,0.732,1.0,1.0,0.732,0.718,0.6,0.6
157,,0.568,0.582,0.85,0.85,0.582,0.568,0.45,0.45
158,,0.418,0.432,0.7,0.7,0.432,0.418,0.3,0.3
159,,0.268,0.282,0.55,0.55,0.282,0.268,0.15,0.15
160,,0.118,0.132,0.4,0.4,0.132,0.118,0.0,0.0
161,,-0.032,-0.018,0.25,0.25,-0.018,-0.032,-0.15,-0.15
162,7,0.118,-0.009,0.2,0.259,0.132,0.259,0.85,0.141
163,7,0.268,0.0,0.15,0.268,0.282,0.55,1.0,0.432
164,,0.118,-0.15,0.0,0.118,0.132,0.4,0.85,0.282
165,2,0.409,0.85,0.291,0.268,0.141,0.35,0.859,0.432
166,2,0.7,1.0,0.582,0.418,0.15,0.3,0.868,0.582
167,,0.55,0.85,0.432,0.268,0.0,0.15,0.718,0.432
168,,0.4,0.7,0.282,0.118,-0.15,0.0,0.568,0.282
169,5,0.35,0.709,0.432,0.409,0.85,0.291,0.718,0.291
170,5,0.3,0.718,0.582,0.7,1.0,0.582,0.868,0.3
171,,0.15,0.568,0.432,0.55,0.85,0.432,0.718,0.15
172,,0.0,0.418,0.282,0.4,0.7,0.282,0.568,0.0
173,,-0.15,0.268,0.132,0.25,0.55,0.132,0.418,-0.15
174,8,0.141,0.418,0.141,0.2,0.559,0.282,0.709,0.85
175,8,0.432,0.568,0.15,0.15,0.568,0.432,1.0,1.0
176,,0.282,0.418,0.0,0.0,0.418,0.282,0.85,0.85
177,,0.132,0.268,-0.15,-0.15,0.268,0.132,0.7,0.7
178,3,0.282,0.559,0.85,0.141,0.418,0.141,0.65,0.709
179,3,0.432,0.85,1.0,0.432,0.568,0.15,0.6,0.718
180,,0.282,0.7,0.85,0.282,0.418,0.0,0.45,0.568
181,,0.132,0.55,0.7,0.132,0.268,-0.15,0.3,0.418
182,6,0.141,0.5,0.709,0.282,0.559,0.85,0.591,0.568
183,6,0.15,0.45,0.718,0.432,0.85,1.0,0.882,0.718
184,,0.0,0.3,0.568,0.282,0.7,0.85,0.732,0.568
185,,-0.15,0.15,0.418,0.132,0.55,0.7,0.582,0.418
186,1,0.85,0.441,0.568,0.141,0.5,0.709,0.732,0.709
187,1,1.0,0.732,0.718,0.15,0.45,0.718,0.882,1.0
188,,0.85,0.582,0.568,0.0,0.3,0.568,0.732,0.85
189,,0.7,0.432,0.418,-0.15,0.15,0.418,0.582,0.7
190,4,0.709,0.582,0.709,0.85,0.441,0.568,0.591,0.65
191,4,0.718,0.732,1.0,1.0,0.732,0.718,0.6,0.6
192,,0.568,0.582,0.85,0.85,0.582,0.568,0.45,0.45
193,,0.418,0.432,0.7,0.7,0.432,0.418,0.3,0.3
194,,0.268,0.282,0.55,0.55,0.282,0.268,0.15,0.15
195,,0.118,0.132,0.4,0.4,0.132,0.118,0.0,0.0
196,,-0.032,-0.018,0.25,0.25,-0.018,-0.032,-0.15,-0.15
197,7,0.118,-0.009,0.2,0.259,0.132,0.259,0.85,0.141
198,7,0.268,0.0,0.15,0.268,0.282,0.55,1.0,0.432
199,,0.118,-0.15,0.0,0.118,0.132,0.4,0.85,0.282
200,2,0.409,0.85,0.291,0.268,0.141,0.35,0.859,0.432
201,2,0.7,1.0,0.582,0.418,0.15,0.3,0.868,0.582
202,,0.55,0.85,0.432,0.268,0.0,0.15,0.718,0.432
203,,0.4,0.7,0.282,0.118,-0.15,0.0,0.568,0.282
204,5,0.35,0.709,0.432,0.409,0.85,0.291,0.718,0.291
205,5,0.3,0.718,0.582,0.7,1.0,0.582,0.868,0.3
206,,0.15,0.568,0.432,0.55,0.85,0.432,0.718,0.15
207,,0.0,0.418,0.282,0.4,0.7,0.282,0.568,0.0
208,,-0.15,0.268,0.132,0.25,0.55,0.132,0.418,-0.15
209,8,0.141,0.418,0.141,0.2,0.559,0.282,0.709,0.85
210,8,0.432,0.568,0.15,0.15,0.568,0.432,1.0,1.0
211,,0.282,0.418,0.0,0.0,0.418,0.282,0.85,0.85
212,,0.132,0.268,-0.15,-0.15,0.268,0.132,0.7,0.7
213,3,0.282,0.559,0.85,0.141,0.418,0.141,0.65,0.709
214,3,0.432,0.85,1.0,0.432,0.568,0.15,0.6,0.718
215,,0.282,0.7,0.85,0.282,0.418,0.0,0.45,0.568
216,,0.132,0.55,0.7,0.132,0.268,-0.15,0.3,0.418
217,6,0.141,0.5,0.709,0.282,0.559,0.85,0.591,0.568
218,6,0.15,0.45,0.718,0.432,0.85,1.0,0.882,0.718
219,,0.0,0.3,0.568,0.282,0.7,0.85,0.732,0.568
220,,-0.15,0.15,0.418,0.132,0.55,0.7,0.582,0.418
221,1,0.85,0.441,0.568,0.141,0.5,0.709,0.732,0.709
222,1,1.0,0.732,0.718,0.15,0.45,0.718,0.882,1.0
223,,0.85,0.582,0.568,0.0,0.3,0.568,0.732,0.85
224,,0.7,0.432,0.418,-0.15,0.15,0.418,0.582,0.7
225,4,0.709,0.582,0.709,0.85,0.441,0.568,0.591,0.65
226,4,0.718,0.732,1.0,1.0,0.732,0.718,0.6,0.6
227,,0.568,0.582,0.85,0.85,0.582,0.568,0.45,0.45
228,,0.418,0.432,0.7,0.7,0.432,0.418,0.3,0.3
229,,0.268,0.282,0.55,0.55,0.282,0.268,0.15,0.15
230,,0.118,0.132,0.4,0.4,0.132,0.118,0.0,0.0
231,,-0.032,-0.018,0.25,0.25,-0.018,-0.032,-0.15,-0.15
232,8,0.259,0.132,0.259,0.2,-0.009,0.118,0.141,0.85
233,8,0.55,0.282,0.268,0.15,0.0,0.268,0.432,1.0
234,,0.4,0.132,0.118,0.0,-0.15,0.118,0.282,0.85
235,5,0.35,0.141,0.268,0.291,0.85,0.409,0.432,0.859
236,5,0.3,0.15,0.418,0.582,1.0,0.7,0.582,0.868
237,,0.15,0.0,0.268,0.432,0.85,0.55,0.432,0.718
238,,0.0,-0.15,0.118,0.282,0.7,0.4,0.282,0.568
239,2,0.291,0.85,0.409,0.432,0.709,0.35,0.291,0.718
240,2,0.582,1.0,0.7,0.582,0.718,0.3,0.3,0.868
241,,0.432,0.85,0.55,0.432,0.568,0.15,0.15,0.718
242,,0.282,0.7,0.4,0.282,0.418,0.0,0.0,0.568
243,,0.132,0.55,0.25,0.132,0.268,-0.15,-0.15,0.418
244,6,0.141,0.5,0.259,0.282,0.559,0.85,0.141,0.568
245,6,0.15,0.45,0.268,0.432,0.85,1.0,0.432,0.718
246,,0.0,0.3,0.118,0.282,0.7,0.85,0.282,0.568
247,,-0.15,0.15,-0.032,0.132,0.55,0.7,0.132,0.418
248,1,0.85,0.441,0.118,0.141,0.5,0.709,0.282,0.709
249,1,1.0,0.732,0.268,0.15,0.45,0.718,0.432,1.0
250,,0.85,0.582,0.118,0.0,0.3,0.568,0.282,0.85
251,,0.7,0.432,-0.032,-0.15,0.15,0.418,0.132,0.7
252,4,0.709,0.582,0.259,0.85,0.441,0.568,0.141,0.65
253,4,0.718,0.732,0.55,1.0,0.732,0.718,0.15,0.6
254,,0.568,0.582,0.4,0.85,0.582,0.568,0.0,0.45
255,,0.418,0.432,0.25,0.7,0.432,0.418,-0.15,0.3
256,7,0.568,0.441,0.2,0.709,0.582,0.709,0.85,0.591
257,7,0.718,0.45,0.15,0.718,0.732,1.0,1.0,0.882
258,,0.568,0.3,0.0,0.568,0.582,0.85,0.85,0.732
259,,0.418,0.15,-0.15,0.418,0.432,0.7,0.7,0.582
260,3,0.568,0.441,0.85,0.709,0.582,0.709,0.65,0.591
261,3,0.718,0.732,1.0,1.0,0.732,0.718,0.6,0.6
262,,0.568,0.582,0.85,0.85,0.582,0.568,0.45,0.45
263,,0.418,0.432,0.7,0.7,0.432,0.418,0.3,0.3
264,,0.268,0.282,0.55,0.55,0.282,0.268,0.15,0.15
265,,0.118,0.132,0.4,0.4,0.132,0.118,0.0,0.0
266,,-0.032,-0.018,0.25,0.25,-0.018,-0.032,-0.15,-0.15
267,8,0.259,0.132,0.259,0.2,-0.009,0.118,0.141,0.85
268,8,0.55,0.282,0.268,0.15,0.0,0.268,0.432,1.0
269,,0.4,0.132,0.118,0.0,-0.15,0.118,0.282,0.85
270,5,0.35,0.141,0.268,0.291,0.85,0.409,0.432,0.859
271,5,0.3,0.15,0.418,0.582,1.0,0.7,0.582,0.868
272,,0.15,0.0,0.268,0.432,0.85,0.55,0.432,0.718
273,,0.0,-0.15,0.118,0.282,0.7,0.4,0.282,0.568
274,2,0.291,0.85,0.409,0.432,0.709,0.35,0.291,0.718
275,2,0.582,1.0,0.7,0.582,0.718,0.3,0.3,0.868
276,,0.432,0.85,0.55,0.432,0.568,0.15,0.15,0.718
277,,0.282,0.7,0.4,0.282,0.418,0.0,0.0,0.568
278,,0.132,0.55,0.25,0.132,0.268,-0.15,-0.15,0.418
279,7,0.282,0.559,0.2,0.141,0.418,0.141,0.85,0.709
280,7,0.432,0.568,0.15,0.15,0.568,0.432,1.0,1.0
281,,0.282,0.418,0.0,0.0,0.418,0.282,0.85,0.85
282,,0.132,0.268,-0.15,-0.15,0.268,0.132,0.7,0.7
283,4,0.141,0.418,0.141,0.85,0.559,0.282,0.709,0.65
284,4,0.15,0.568,0.432,1.0,0.85,0.432,0.718,0.6
285,,0.0,0.418,0.282,0.85,0.7,0.282,0.568,0.45
286,,-0.15,0.268,0.132,0.7,0.55,0.132,0.418,0.3
287,1,0.85,0.559,0.282,0.709,0.5,0.141,0.568,0.591
288,1,1.0,0.85,0.432,0.718,0.45,0.15,0.718,0.882
289,,0.85,0.7,0.282,0.568,0.3,0.0,0.568,0.732
290,,0.7,0.55,0.132,0.418,0.15,-0.15,0.418,0.582
291,6,0.709,0.5,0.141,0.568,0.441,0.85,0.709,0.732
292,6,0.718,0.45,0.15,0.718,0.732,1.0,1.0,0.882
293,,0.568,0.3,0.0,0.568,0.582,0.85,0.85,0.732
294,,0.418,0.15,-0.15,0.418,0.432,0.7,0.7,0.582
295,3,0.568,0.441,0.85,0.709,0.582,0.709,0.65,0.591
296,3,0.718,0.732,1.0,1.0,0.732,0.718,0.6,0.6
297,,0.568,0.582,0.85,0.85,0.582,0.568,0.45,0.45
298,,0.418,0.432,0.7,0.7,0.432,0.418,0.3,0.3
299,,0.268,0.282,0.55,0.55,0.282,0.268,0.15,0.15
300,,0.118,0.132,0.4,0.4,0.132,0.118,0.0,0.0
301,,-0.032,-0.018,0.25,0.25,-0.018,-0.032,-0.15,-0.15
302,8,0.259,0.132,0.259,0.2,-0.009,0.118,0.141,0.85
303,8,0.55,0.282,0.268,0.15,0.0,0.268,0.432,1.0
304,,0.4,0.132,0.118,0.0,-0.15,0.118,0.282,0.85
305,5,0.35,0.141,0.268,0.291,0.85,0.409,0.432,0.859
306,5,0.3,0.15,0.418,0.582,1.0,0.7,0.582,0.868
307,,0.15,0.0,0.268,0.432,0.85,0.55,0.432,0.718
308,,0.0,-0.15,0.118,0.282,0.7,0.4,0.282,0.568
309,2,0.291,0.85,0.409,0.432,0.709,0.35,0.291,0.718
310,2,0.582,1.0,0.7,0.582,0.718,0.3,0.3,0.868
311,,0.432,0.85,0.55,0.432,0.568,0.15,0.15,0.718
312,,0.282,0.7,0.4,0.282,0.418,0.0,0.0,0.568
313,,0.132,0.55,0.25,0.132,0.268,-0.15,-0.15,0.418
314,6,0.141,0.5,0.259,0.282,0.559,0.85,0.141,0.568
315,6,0.15,0.45,0.268,0.432,0.85,1.0,0.432,0.718
316,,0.0,0.3,0.118,0.282,0.7,0.85,0.282,0.568
317,,-0.15,0.15,-0.032,0.132,0.55,0.7,0.132,0.418
318,1,0.85,0.441,0.118,0.141,0.5,0.709,0.282,0.709
319,1,1.0,0.732,0.268,0.15,0.45,0.718,0.432,1.0
320,,0.85,0.582,0.118,0.0,0.3,0.568,0.282,0.85
321,,0.7,0.432,-0.032,-0.15,0.15,0.418,0.132,0.7
322,4,0.709,0.582,0.259,0.85,0.441,0.568,0.141,0.65
323,4,0.718,0.732,0.55,1.0,0.732,0.718,0.15,0.6
324,,0.568,0.582,0.4,0.85,0.582,0.568,0.0,0.45
325,,0.418,0.432,0.25,0.7,0.432,0.418,-0.15,0.3
326,7,0.568,0.441,0.2,0.709,0.582,0.709,0.85,0.591
327,7,0.718,0.45,0.15,0.718,0.732,1.0,1.0,0.882
328,,0.568,0.3,0.0,0.568,0.582,0.85,0.85,0.732
329,,0.418,0.15,-0.15,0.418,0.432,0.7,0.7,0.582
330,3,0.568,0.441,0.85,0.709,0.582,0.709,0.65,0.591
331,3,0.718,0.732,1.0,1.0,0.732,0.718,0.6,0.6
332,,0.568,0.582,0.85,0.85,0.582,0.568,0.45,0.45
333,,0.418,0.432,0.7,0.7,0.432,0.418,0.3,0.3
334,,0.268,0.282,0.55,0.55,0.282,0.268,0.15,0.15
335,,0.118,0.132,0.4,0.4,0.132,0.118,0.0,0.0
336,,-0.032,-0.018,0.25,0.25,-0.018,-0.032,-0.15,-0.15
337,8,0.259,0.132,0.259,0.2,-0.009,0.118,0.141,0.85
338,8,0.55,0.282,0.268,0.15,0.0,0.268,0.432,1.0
339,,0.4,0.132,0.118,0.0,-0.15,0.118,0.282,0.85
340,5,0.35,0.141,0.268,0.291,0.85,0.409,0.432,0.859
341,5,0.3,0.15,0.418,0.582,1.0,0.7,0.582,0.868
342,,0.15,0.0,0.268,0.432,0.85,0.55,0.432,0.718
343,,0.0,-0.15,0.118,0.282,0.7,0.4,0.282,0.568
344,2,0.291,0.85,0.409,0.432,0.709,0.35,0.291,0.718
345,2,0.582,1.0,0.7,0.582,0.718,0.3,0.3,0.868
346,,0.432,0.85,0.55,0.432,0.568,0.15,0.15,0.718
347,,0.282,0.7,0.4,0.282,0.418,0.0,0.0,0.568
348,,0.132,0.55,0.25,0.132,0.268,-0.15,-0.15,0.418
349,7,0.282,0.559,0.2,0.141,0.418,0.141,0.85,0.709
350,7,0.432,0.568,0.15,0.15,0.568,0.432,1.0,1.0
351,,0.282,0.418,0.0,0.0,0.418,0.282,0.85,0.85
352,,0.132,0.268,-0.15,-0.15,0.268,0.132,0.7,0.7
353,4,0.141,0.418,0.141,0.85,0.559,0.282,0.709,0.65
354,4,0.15,0.568,0.432,1.0,0.85,0.432,0.718,0.6
355,,0.0,0.418,0.282,0.85,0.7,0.282,0.568,0.45
356,,-0.15,0.268,0.132,0.7,0.55,0.132,0.418,0.3
357,1,0.85,0.559,0.282,0.709,0.5,0.141,0.568,0.591
358,1,1.0,0.85,0.432,0.718,0.45,0.15,0.718,0.882
359,,0.85,0.7,0.282,0.568,0.3,0.0,0.568,0.732
360,,0.7,0.55,0.132,0.418,0.15,-0.15,0.418,0.582
361,6,0.709,0.5,0.141,0.568,0.441,0.85,0.709,0.732
362,6,0.718,0.45,0.15,0.718,0.732,1.0,1.0,0.882
363,,0.568,0.3,0.0,0.568,0.582,0.85,0.85,0.732
364,,0.418,0.15,-0.15,0.418,0.432,0.7,0.7,0.582
365,3,0.568,0.441,0.85,0.709,0.582,0.709,0.65,0.591
366,3,0.718,0.732,1.0,1.0,0.732,0.718,0.6,0.6
367,,0.568,0.582,0.85,0.85,0.582,0.568,0.45,0.45
368,,0.418,0.432,0.7,0.7,0.432,0.418,0.3,0.3
369,,0.268,0.282,0.55,0.55,0.282,0.268,0.15,0.15
370,,0.118,0.132,0.4,0.4,0.132,0.118,0.0,0.0
371,,-0.032,-0.018,0.25,0.25,-0.018,-0.032,-0.15,-0.15
372,7,0.118,-0.009,0.2,0.259,0.132,0.259,0.85,0.141
373,7,0.268,0.0,0.15,0.268,0.282,0.55,1.0,0.432
374,,0.118,-0.15,0.0,0.118,0.132,0.4,0.85,0.282
375,2,0.409,0.85,0.291,0.268,0.141,0.35,0.859,0.432
376,2,0.7,1.0,0.582,0.418,0.15,0.3,0.868,0.582
377,,0.55,0.85,0.432,0.268,0.0,0.15,0.718,0.432
378,,0.4,0.7,0.282,0.118,-0.15,0.0,0.568,0.282
379,5,0.35,0.709,0.432,0.409,0.85,0.291,0.718,0.291
380,5,0.3,0.718,0.582,0.7,1.0,0.582,0.868,0.3
381,,0.15,0.568,0.432,0.55,0.85,0.432,0.718,0.15
382,,0.0,0.418,0.282,0.4,0.7,0.282,0.568,0.0
383,,-0.15,0.268,0.132,0.25,0.55,0.132,0.418,-0.15
384,8,0.141,0.418,0.141,0.2,0.559,0.282,0.709,0.85
385,8,0.432,0.568,0.15,0.15,0.568,0.432,1.0,1.0
386,,0.282,0.418,0.0,0.0,0.418,0.282,0.85,0.85
387,,0.132,0.268,-0.15,-0.15,0.268,0.132,0.7,0.7
388,3,0.282,0.559,0.85,0.141,0.418,0.141,0.65,0.709
389,3,0.432,0.85,1.0,0.432,0.568,0.15,0.6,0.718
390,,0.282,0.7,0.85,0.282,0.418,0.0,0.45,0.568
391,,0.132,0.55,0.7,0.132,0.268,-0.15,0.3,0.418
392,6,0.141,0.5,0.709,0.282,0.559,0.85,0.591,0.568
393,6,0.15,0.45,0.718,0.432,0.85,1.0,0.882,0.718
394,,0.0,0.3,0.568,0.282,0.7,0.85,0.732,0.568
395,,-0.15,0.15,0.418,0.132,0.55,0.7,0.582,0.418
396,1,0.85,0.441,0.568,0.141,0.5,0.709,0.732,0.709
397,1,1.0,0.732,0.718,0.15,0.45,0.718,0.882,1.0
398,,0.85,0.582,0.568,0.0,0.3,0.568,0.732,0.85
399,,0.7,0.432,0.418,-0.15,0.15,0.418,0.582,0.7
400,4,0.709,0.582,0.709,0.85,0.441,0.568,0.591,0.65
401,4,0.718,0.732,1.0,1.0,0.732,0.718,0.6,0.6
402,,0.568,0.582,0.85,0.85,0.582,0.568,0.45,0.45
403,,0.418,0.432,0.7,0.7,0.432,0.418,0.3,0.3
404,,0.268,0.282,0.55,0.55,0.282,0.268,0.15,0.15
405,,0.118,0.132,0.4,0.4,0.132,0.118,0.0,0.0
406,,-0.032,-0.018,0.25,0.25,-0.018,-0.032,-0.15,-0.15
407,8,0.259,0.132,0.259,0.2,-0.009,0.118,0.141,0.85
408,8,0.55,0.282,0.268,0.15,0.0,0.268,0.432,1.0
409,,0.4,0.132,0.118,0.0,-0.15,0.118,0.282,0.85
410,5,0.35,0.141,0.268,0.291,0.85,0.409,0.432,0.859
411,5,0.3,0.15,0.418,0.582,1.0,0.7,0.582,0.868
412,,0.15,0.0,0.268,0.432,0.85,0.55,0.432,0.718
413,,0.0,-0.15,0.118,0.282,0.7,0.4,0.282,0.568
414,2,0.291,0.85,0.409,0.432,0.709,0.35,0.291,0.718
415,2,0.582,1.0,0.7,0.582,0.718,0.3,0.3,0.868
416,,0.432,0.85,0.55,0.432,0.568,0.15,0.15,0.718
417,,0.282,0.7,0.4,0.282,0.418,0.0,0.0,0.568
418,,0.132,0.55,0.25,0.132,0.268,-0.15,-0.15,0.418
419,6,0.141,0.5,0.259,0.282,0.559,0.85,0.141,0.568
420,6,0.15,0.45,0.268,0.432,0.85,1.0,0.432,0.718
421,,0.0,0.3,0.118,0.282,0.7,0.85,0.282,0.568
422,,-0.15,0.15,-0.032,0.132,0.55,0.7,0.132,0.418
423,1,0.85,0.441,0.118,0.141,0.5,0.709,0.282,0.709
424,1,1.0,0.732,0.268,0.15,0.45,0.718,0.432,1.0
425,,0.85,0.582,0.118,0.0,0.3,0.568,0.282,0.85
426,,0.7,0.432,-0.032,-0.15,0.15,0.418,0.132,0.7
427,4,0.709,0.582,0.259,0.85,0.441,0.568,0.141,0.65
428,4,0.718,0.732,0.55,1.0,0.732,0.718,0.15,0.6
429,,0.568,0.582,0.4,0.85,0.582,0.568,0.0,0.45
430,,0.418,0.432,0.25,0.7,0.432,0.418,-0.15,0.3
431,7,0.568,0.441,0.2,0.709,0.582,0.709,0.85,0.591
432,7,0.718,0.45,0.15,0.718,0.732,1.0,1.0,0.882
433,,0.568,0.3,0.0,0.568,0.582,0.85,0.85,0.732
434,,0.418,0.15,-0.15,0.418,0.432,0.7,0.7,0.582
435,3,0.568,0.441,0.85,0.709,0.582,0.709,0.65,0.591
436,3,0.718,0.732,1.0,1.0,0.732,0.718,0.6,0.6
437,,0.568,0.582,0.85,0.85,0.582,0.568,0.45,0.45
438,,0.418,0.432,0.7,0.7,0.432,0.418,0.3,0.3
439,,0.268,0.282,0.55,0.55,0.282,0.268,0.15,0.15
440,,0.118,0.132,0.4,0.4,0.132,0.118,0.0,0.0
441,,-0.032,-0.018,0.25,0.25,-0.018,-0.032,-0.15,-0.15
442,7,0.118,-0.009,0.2,0.259,0.132,0.259,0.85,0.141
443,7,0.268,0.0,0.15,0.268,0.282,0.55,1.0,0.432
444,,0.118,-0.15,0.0,0.118,0.132,0.4,0.85,0.282
445,2,0.409,0.85,0.291,0.268,0.141,0.35,0.859,0.432
446,2,0.7,1.0,0.582,0.418,0.15,0.3,0.868,0.582
447,,0.55,0.85,0.432,0.268,0.0,0.15,0.718,0.432
448,,0.4,0.7,0.282,0.118,-0.15,0.0,0.568,0.282
449,5,0.35,0.709,0.432,0.409,0.85,0.291,0.718,0.291
450,5,0.3,0.718,0.582,0.7,1.0,0.582,0.868,0.3
451,,0.15,0.568,0.432,0.55,0.85,0.432,0.718,0.15
452,,0.0,0.418,0.282,0.4,0.7,0.282,0.568,0.0
453,,-0.15,0.268,0.132,0.25,0.55,0.132,0.418,-0.15
454,8,0.141,0.418,0.141,0.2,0.559,0.282,0.709,0.85
455,8,0.432,0.568,0.15,0.15,0.568,0.432,1.0,1.0
456,,0.282,0.418,0.0,0.0,0.418,0.282,0.85,0.85
457,,0.132,0.268,-0.15,-0.15,0.268,0.132,0.7,0.7
458,3,0.282,0.559,0.85,0.141,0.418,0.141,0.65,0.709
459,3,0.432,0.85,1.0,0.432,0.568,0.15,0.6,0.718
460,,0.282,0.7,0.85,0.282,0.418,0.0,0.45,0.568
461,,0.132,0.55,0.7,0.132,0.268,-0.15,0.3,0.418
462,6,0.141,0.5,0.709,0.282,0.559,0.85,0.591,0.568
463,6,0.15,0.45,0.718,0.432,0.85,1.0,0.882,0.718
464,,0.0,0.3,0.568,0.282,0.7,0.85,0.732,0.568
465,,-0.15,0.15,0.418,0.132,0.55,0.7,0.582,0.418
466,1,0.85,0.441,0.568,0.141,0.5,0.709,0.732,0.709
467,1,1.0,0.732,0.718,0.15,0.45,0.718,0.882,1.0
468,,0.85,0.582,0.568,0.0,0.3,0.568,0.732,0.85
469,,0.7,0.432,0.418,-0.15,0.15,0.418,0.582,0.7
470,4,0.709,0.582,0.709,0.85,0.441,0.568,0.591,0.65
471,4,0.718,0.732,1.0,1.0,0.732,0.718,0.6,0.6
472,,0.568,0.582,0.85,0.85,0.582,0.568,0.45,0.45
473,,0.418,0.432,0.7,0.7,0.432,0.418,0.3,0.3
474,,0.268,0.282,0.55,0.55,0.282,0.268,0.15,0.15
475,,0.118,0.132,0.4,0.4,0.132,0.118,0.0,0.0
476,,-0.032,-0.018,0.25,0.25,-0.018,-0.032,-0.15,-0.15
477,8,0.259,0.132,0.259,0.2,-0.009,0.118,0.141,0.85
478,8,0.55,0.282,0.268,0.15,0.0,0.268,0.432,1.0
479,,0.4,0.132,0.118,0.0,-0.15,0.118,0.282,0.85
480,5,0.35,0.141,0.268,0.291,0.85,0.409,0.432,0.859
481,5,0.3,0.15,0.418,0.582,1.0,0.7,0.582,0.868
482,,0.15,0.0,0.268,0.432,0.85,0.55,0.432,0.718
483,,0.0,-0.15,0.118,0.282,0.7,0.4,0.282,0.568
484,2,0.291,0.85,0.409,0.432,0.709,0.35,0.291,0.718
485,2,0.582,1.0,0.7,0.582,0.718,0.3,0.3,0.868
486,,0.432,0.85,0.55,0.432,0.568,0.15,0.15,0.718
487,,0.282,0.7,0.4,0.282,0.418,0.0,0.0,0.568
488,,0.132,0.55,0.25,0.132,0.268,-0.15,-0.15,0.418
489,7,0.282,0.559,0.2,0.141,0.418,0.141,0.85,0.709
490,7,0.432,0.568,0.15,0.15,0.568,0.432,1.0,1.0
491,,0.282,0.418,0.0,0.0,0.418,0.282,0.85,0.85
492,,0.132,0.268,-0.15,-0.15,0.268,0.132,0.7,0.7
493,4,0.141,0.418,0.141,0.85,0.559,0.282,0.709,0.65
494,4,0.15,0.568,0.432,1.0,0.85,0.432,0.718,0.6
495,,0.0,0.418,0.282,0.85,0.7,0.282,0.568,0.45
496,,-0.15,0.268,0.132,0.7,0.55,0.132,0.418,0.3
497,1,0.85,0.559,0.282,0.709,0.5,0.141,0.568,0.591
498,1,1.0,0.85,0.432,0.718,0.45,0.15,0.718,0.882
499,,0.85,0.7,0.282,0.568,0.3,0.0,0.568,0.732
