step,active_motive,motive_1,motive_2,motive_3,motive_4,motive_5,motive_6,motive_7,motive_8
0,,0.38548,0.2469,0.26137,0.21377,0.01271,0.05395,0.01571,0.31821
1,,0.23548,0.0969,0.11137,0.06377,-0.13729,-0.09605,-0.13429,0.16821
2,5,0.18548,0.1059,0.26137,0.35477,0.86271,0.19495,0.01571,0.17721
3,5,0.13548,0.1149,0.41137,0.64577,1.0,0.48595,0.16571,0.18621
4,,-0.01452,-0.0351,0.26137,0.49577,0.85,0.33595,0.01571,0.03621
5,2,0.27648,0.9649,0.55237,0.64577,0.859,0.28595,0.02471,0.18621
6,2,0.56748,1.0,0.84337,0.79577,0.868,0.23595,0.03371,0.33621
7,,0.41748,0.85,0.69337,0.64577,0.718,0.08595,-0.11629,0.18621
8,7,0.56748,0.859,0.64337,0.65477,0.868,0.37695,0.88371,0.47721
9,7,0.71748,0.868,0.59337,0.66377,1.0,0.66795,1.0,0.76821
10,,0.56748,0.718,0.44337,0.51377,0.85,0.51795,0.85,0.61821
11,,0.41748,0.568,0.29337,0.36377,0.7,0.36795,0.7,0.46821
12,,0.26748,0.418,0.14337,0.21377,0.55,0.21795,0.55,0.31821
13,,0.11748,0.268,-0.00663,0.06377,0.4,0.06795,0.4,0.16821
14,3,0.26748,0.559,0.99337,0.35477,0.55,0.07695,0.35,0.17721
15,3,0.41748,0.85,1.0,0.64577,0.7,0.08595,0.3,0.18621
16,,0.26748,0.7,0.85,0.49577,0.55,-0.06405,0.15,0.03621
17,6,0.27648,0.65,0.859,0.64577,0.841,0.93595,0.441,0.18621
18,6,0.28548,0.6,0.868,0.79577,1.0,1.0,0.732,0.33621
19,,0.13548,0.45,0.718,0.64577,0.85,0.85,0.582,0.18621
20,,-0.01452,0.3,0.568,0.49577,0.7,0.7,0.432,0.03621
21,1,0.98548,0.591,0.718,0.50477,0.65,0.709,0.582,0.32721
22,1,1.0,0.882,0.868,0.51377,0.6,0.718,0.732,0.61821
23,,0.85,0.732,0.718,0.36377,0.45,0.568,0.582,0.46821
24,,0.7,0.582,0.568,0.21377,0.3,0.418,0.432,0.31821
25,,0.55,0.432,0.418,0.06377,0.15,0.268,0.282,0.16821
26,,0.4,0.282,0.268,-0.08623,0.0,0.118,0.132,0.01821
27,4,0.409,0.432,0.559,0.91377,0.291,0.268,0.141,-0.03179
28,4,0.418,0.582,0.85,1.0,0.582,0.418,0.15,-0.08179
29,8,0.709,0.732,0.859,0.95,0.591,0.568,0.441,0.91821
30,8,1.0,0.882,0.868,0.9,0.6,0.718,0.732,1.0
31,,0.85,0.732,0.718,0.75,0.45,0.568,0.582,0.85
32,,0.7,0.582,0.568,0.6,0.3,0.418,0.432,0.7
33,,0.55,0.432,0.418,0.45,0.15,0.268,0.282,0.55
34,,0.4,0.282,0.268,0.3,0.0,0.118,0.132,0.4
35,,0.25,0.132,0.118,0.15,-0.15,-0.032,-0.018,0.25
36,5,0.2,0.141,0.268,0.441,0.85,0.259,0.132,0.259
37,5,0.15,0.15,0.418,0.732,1.0,0.55,0.282,0.268
38,,0.0,0.0,0.268,0.582,0.85,0.4,0.132,0.118
39,,-0.15,-0.15,0.118,0.432,0.7,0.25,-0.018,-0.032
40,2,0.141,0.85,0.409,0.582,0.709,0.2,-0.009,0.118
41,2,0.432,1.0,0.7,0.732,0.718,0.15,0.0,0.268
42,,0.282,0.85,0.55,0.582,0.568,0.0,-0.15,0.118
43,7,0.432,0.859,0.5,0.591,0.718,0.291,0.85,0.409
44,7,0.582,0.868,0.45,0.6,0.868,0.582,1.0,0.7
45,,0.432,0.718,0.3,0.45,0.718,0.432,0.85,0.55
46,,0.282,0.568,0.15,0.3,0.568,0.282,0.7,0.4
47,,0.132,0.418,0.0,0.15,0.418,0.132,0.55,0.25
48,,-0.018,0.268,-0.15,0.0,0.268,-0.018,0.4,0.1
49,3,0.132,0.559,0.85,0.291,0.418,-0.009,0.35,0.109
50,3,0.282,0.85,1.0,0.582,0.568,0.0,0.3,0.118
51,,0.132,0.7,0.85,0.432,0.418,-0.15,0.15,-0.032
52,6,0.141,0.65,0.859,0.582,0.709,0.85,0.441,0.118
53,6,0.15,0.6,0.868,0.732,1.0,1.0,0.732,0.268
54,,0.0,0.45,0.718,0.582,0.85,0.85,0.582,0.118
55,,-0.15,0.3,0.568,0.432,0.7,0.7,0.432,-0.032
56,1,0.85,0.591,0.718,0.441,0.65,0.709,0.582,0.259
57,1,1.0,0.882,0.868,0.45,0.6,0.718,0.732,0.55
58,,0.85,0.732,0.718,0.3,0.45,0.568,0.582,0.4
59,,0.7,0.582,0.568,0.15,0.3,0.418,0.432,0.25
60,,0.55,0.432,0.418,0.0,0.15,0.268,0.282,0.1
61,,0.4,0.282,0.268,-0.15,0.0,0.118,0.132,-0.05
62,4,0.409,0.432,0.559,0.85,0.291,0.268,0.141,-0.1
63,4,0.418,0.582,0.85,1.0,0.582,0.418,0.15,-0.15
64,8,0.709,0.732,0.859,0.95,0.591,0.568,0.441,0.85
65,8,1.0,0.882,0.868,0.9,0.6,0.718,0.732,1.0
66,,0.85,0.732,0.718,0.75,0.45,0.568,0.582,0.85
67,,0.7,0.582,0.568,0.6,0.3,0.418,0.432,0.7
68,,0.55,0.432,0.418,0.45,0.15,0.268,0.282,0.55
69,,0.4,0.282,0.268,0.3,0.0,0.118,0.132,0.4
70,,0.25,0.132,0.118,0.15,-0.15,-0.032,-0.018,0.25
71,5,0.2,0.141,0.268,0.441,0.85,0.259,0.132,0.259
72,5,0.15,0.15,0.418,0.732,1.0,0.55,0.282,0.268
73,,0.0,0.0,0.268,0.582,0.85,0.4,0.132,0.118
74,,-0.15,-0.15,0.118,0.432,0.7,0.25,-0.018,-0.032
75,1,0.85,0.141,0.268,0.441,0.65,0.259,0.132,0.259
76,1,1.0,0.432,0.418,0.45,0.6,0.268,0.282,0.55
77,,0.85,0.282,0.268,0.3,0.45,0.118,0.132,0.4
78,,0.7,0.132,0.118,0.15,0.3,-0.032,-0.018,0.25
79,6,0.709,0.082,0.127,0.3,0.591,0.968,0.273,0.4
80,6,0.718,0.032,0.136,0.45,0.882,1.0,0.564,0.55
81,,0.568,-0.118,-0.014,0.3,0.732,0.85,0.414,0.4
82,2,0.859,0.882,0.277,0.45,0.741,0.8,0.423,0.55
83,2,1.0,1.0,0.568,0.6,0.75,0.75,0.432,0.7
84,,0.85,0.85,0.418,0.45,0.6,0.6,0.282,0.55
85,,0.7,0.7,0.268,0.3,0.45,0.45,0.132,0.4
86,,0.55,0.55,0.118,0.15,0.3,0.3,-0.018,0.25
87,7,0.7,0.559,0.068,0.159,0.45,0.591,0.982,0.541
88,7,0.85,0.568,0.018,0.168,0.6,0.882,1.0,0.832
89,,0.7,0.418,-0.132,0.018,0.45,0.732,0.85,0.682
90,3,0.85,0.709,0.868,0.309,0.6,0.741,0.8,0.691
91,3,1.0,1.0,1.0,0.6,0.75,0.75,0.75,0.7
92,,0.85,0.85,0.85,0.45,0.6,0.6,0.6,0.55
93,,0.7,0.7,0.7,0.3,0.45,0.45,0.45,0.4
94,,0.55,0.55,0.55,0.15,0.3,0.3,0.3,0.25
95,,0.4,0.4,0.4,0.0,0.15,0.15,0.15,0.1
96,,0.25,0.25,0.25,-0.15,0.0,0.0,0.0,-0.05
97,4,0.259,0.4,0.541,0.85,0.291,0.15,0.009,-0.1
98,4,0.268,0.55,0.832,1.0,0.582,0.3,0.018,-0.15
99,8,0.559,0.7,0.841,0.95,0.591,0.45,0.309,0.85
100,8,0.85,0.85,0.85,0.9,0.6,0.6,0.6,1.0
101,,0.7,0.7,0.7,0.75,0.45,0.45,0.45,0.85
102,,0.55,0.55,0.55,0.6,0.3,0.3,0.3,0.7
103,,0.4,0.4,0.4,0.45,0.15,0.15,0.15,0.55
104,,0.25,0.25,0.25,0.3,0.0,0.0,0.0,0.4
105,,0.1,0.1,0.1,0.15,-0.15,-0.15,-0.15,0.25
106,6,0.109,0.05,0.109,0.3,0.141,0.85,0.141,0.4
107,6,0.118,0.0,0.118,0.45,0.432,1.0,0.432,0.55
108,,-0.032,-0.15,-0.032,0.3,0.282,0.85,0.282,0.4
109,2,0.259,0.85,0.259,0.45,0.291,0.8,0.291,0.55
110,2,0.55,1.0,0.55,0.6,0.3,0.75,0.3,0.7
111,,0.4,0.85,0.4,0.45,0.15,0.6,0.15,0.55
112,,0.25,0.7,0.25,0.3,0.0,0.45,0.0,0.4
113,,0.1,0.55,0.1,0.15,-0.15,0.3,-0.15,0.25
114,5,0.05,0.559,0.25,0.441,0.85,0.591,0.0,0.259
115,5,0.0,0.568,0.4,0.732,1.0,0.882,0.15,0.268
116,,-0.15,0.418,0.25,0.582,0.85,0.732,0.0,0.118
117,1,0.85,0.709,0.4,0.591,0.8,0.741,0.15,0.409
118,1,1.0,1.0,0.55,0.6,0.75,0.75,0.3,0.7
119,,0.85,0.85,0.4,0.45,0.6,0.6,0.15,0.55
120,,0.7,0.7,0.25,0.3,0.45,0.45,0.0,0.4
121,,0.55,0.55,0.1,0.15,0.3,0.3,-0.15,0.25
122,7,0.7,0.559,0.05,0.159,0.45,0.591,0.85,0.541
123,7,0.85,0.568,0.0,0.168,0.6,0.882,1.0,0.832
124,,0.7,0.418,-0.15,0.018,0.45,0.732,0.85,0.682
125,3,0.85,0.709,0.85,0.309,0.6,0.741,0.8,0.691
126,3,1.0,1.0,1.0,0.6,0.75,0.75,0.75,0.7
127,,0.85,0.85,0.85,0.45,0.6,0.6,0.6,0.55
128,,0.7,0.7,0.7,0.3,0.45,0.45,0.45,0.4
129,,0.55,0.55,0.55,0.15,0.3,0.3,0.3,0.25
130,,0.4,0.4,0.4,0.0,0.15,0.15,0.15,0.1
131,,0.25,0.25,0.25,-0.15,0.0,0.0,0.0,-0.05
132,4,0.259,0.4,0.541,0.85,0.291,0.15,0.009,-0.1
133,4,0.268,0.55,0.832,1.0,0.582,0.3,0.018,-0.15
134,8,0.559,0.7,0.841,0.95,0.591,0.45,0.309,0.85
135,8,0.85,0.85,0.85,0.9,0.6,0.6,0.6,1.0
136,,0.7,0.7,0.7,0.75,0.45,0.45,0.45,0.85
137,,0.55,0.55,0.55,0.6,0.3,0.3,0.3,0.7
138,,0.4,0.4,0.4,0.45,0.15,0.15,0.15,0.55
139,,0.25,0.25,0.25,0.3,0.0,0.0,0.0,0.4
140,,0.1,0.1,0.1,0.15,-0.15,-0.15,-0.15,0.25
141,7,0.25,0.109,0.05,0.159,0.0,0.141,0.85,0.541
142,7,0.4,0.118,0.0,0.168,0.15,0.432,1.0,0.832
143,,0.25,-0.032,-0.15,0.018,0.0,0.282,0.85,0.682
144,3,0.4,0.259,0.85,0.309,0.15,0.291,0.8,0.691
145,3,0.55,0.55,1.0,0.6,0.3,0.3,0.75,0.7
146,,0.4,0.4,0.85,0.45,0.15,0.15,0.6,0.55
147,,0.25,0.25,0.7,0.3,0.0,0.0,0.45,0.4
148,,0.1,0.1,0.55,0.15,-0.15,-0.15,0.3,0.25
149,5,0.05,0.109,0.7,0.441,0.85,0.141,0.45,0.259
150,5,0.0,0.118,0.85,0.732,1.0,0.432,0.6,0.268
151,,-0.15,-0.032,0.7,0.582,0.85,0.282,0.45,0.118
152,1,0.85,0.259,0.85,0.591,0.8,0.291,0.6,0.409
153,1,1.0,0.55,1.0,0.6,0.75,0.3,0.75,0.7
154,,0.85,0.4,0.85,0.45,0.6,0.15,0.6,0.55
155,,0.7,0.25,0.7,0.3,0.45,0.0,0.45,0.4
156,,0.55,0.1,0.55,0.15,0.3,-0.15,0.3,0.25
157,6,0.559,0.05,0.559,0.3,0.591,0.85,0.591,0.4
158,6,0.568,0.0,0.568,0.45,0.882,1.0,0.882,0.55
159,,0.418,-0.15,0.418,0.3,0.732,0.85,0.732,0.4
160,2,0.709,0.85,0.709,0.45,0.741,0.8,0.741,0.55
161,2,1.0,1.0,1.0,0.6,0.75,0.75,0.75,0.7
162,,0.85,0.85,0.85,0.45,0.6,0.6,0.6,0.55
163,,0.7,0.7,0.7,0.3,0.45,0.45,0.45,0.4
164,,0.55,0.55,0.55,0.15,0.3,0.3,0.3,0.25
165,,0.4,0.4,0.4,0.0,0.15,0.15,0.15,0.1
166,,0.25,0.25,0.25,-0.15,0.0,0.0,0.0,-0.05
167,4,0.259,0.4,0.541,0.85,0.291,0.15,0.009,-0.1
168,4,0.268,0.55,0.832,1.0,0.582,0.3,0.018,-0.15
169,8,0.559,0.7,0.841,0.95,0.591,0.45,0.309,0.85
170,8,0.85,0.85,0.85,0.9,0.6,0.6,0.6,1.0
171,,0.7,0.7,0.7,0.75,0.45,0.45,0.45,0.85
172,,0.55,0.55,0.55,0.6,0.3,0.3,0.3,0.7
173,,0.4,0.4,0.4,0.45,0.15,0.15,0.15,0.55
174,,0.25,0.25,0.25,0.3,0.0,0.0,0.0,0.4
175,,0.1,0.1,0.1,0.15,-0.15,-0.15,-0.15,0.25
176,5,0.05,0.109,0.25,0.441,0.85,0.141,0.0,0.259
177,5,0.0,0.118,0.4,0.732,1.0,0.432,0.15,0.268
178,,-0.15,-0.032,0.25,0.582,0.85,0.282,0.0,0.118
179,1,0.85,0.259,0.4,0.591,0.8,0.291,0.15,0.409
180,1,1.0,0.55,0.55,0.6,0.75,0.3,0.3,0.7
181,,0.85,0.4,0.4,0.45,0.6,0.15,0.15,0.55
182,,0.7,0.25,0.25,0.3,0.45,0.0,0.0,0.4
183,,0.55,0.1,0.1,0.15,0.3,-0.15,-0.15,0.25
184,6,0.559,0.05,0.109,0.3,0.591,0.85,0.141,0.4
185,6,0.568,0.0,0.118,0.45,0.882,1.0,0.432,0.55
186,,0.418,-0.15,-0.032,0.3,0.732,0.85,0.282,0.4
187,2,0.709,0.85,0.259,0.45,0.741,0.8,0.291,0.55
188,2,1.0,1.0,0.55,0.6,0.75,0.75,0.3,0.7
189,,0.85,0.85,0.4,0.45,0.6,0.6,0.15,0.55
190,,0.7,0.7,0.25,0.3,0.45,0.45,0.0,0.4
191,,0.55,0.55,0.1,0.15,0.3,0.3,-0.15,0.25
192,7,0.7,0.559,0.05,0.159,0.45,0.591,0.85,0.541
193,7,0.85,0.568,0.0,0.168,0.6,0.882,1.0,0.832
194,,0.7,0.418,-0.15,0.018,0.45,0.732,0.85,0.682
195,3,0.85,0.709,0.85,0.309,0.6,0.741,0.8,0.691
196,3,1.0,1.0,1.0,0.6,0.75,0.75,0.75,0.7
197,,0.85,0.85,0.85,0.45,0.6,0.6,0.6,0.55
198,,0.7,0.7,0.7,0.3,0.45,0.45,0.45,0.4
199,,0.55,0.55,0.55,0.15,0.3,0.3,0.3,0.25
200,,0.4,0.4,0.4,0.0,0.15,0.15,0.15,0.1
201,,0.25,0.25,0.25,-0.15,0.0,0.0,0.0,-0.05
202,4,0.259,0.4,0.541,0.85,0.291,0.15,0.009,-0.1
203,4,0.268,0.55,0.832,1.0,0.582,0.3,0.018,-0.15
204,8,0.559,0.7,0.841,0.95,0.591,0.45,0.309,0.85
205,8,0.85,0.85,0.85,0.9,0.6,0.6,0.6,1.0
206,,0.7,0.7,0.7,0.75,0.45,0.45,0.45,0.85
207,,0.55,0.55,0.55,0.6,0.3,0.3,0.3,0.7
208,,0.4,0.4,0.4,0.45,0.15,0.15,0.15,0.55
209,,0.25,0.25,0.25,0.3,0.0,0.0,0.0,0.4
210,,0.1,0.1,0.1,0.15,-0.15,-0.15,-0.15,0.25
211,7,0.25,0.109,0.05,0.159,0.0,0.141,0.85,0.541
212,7,0.4,0.118,0.0,0.168,0.15,0.432,1.0,0.832
213,,0.25,-0.032,-0.15,0.018,0.0,0.282,0.85,0.682
214,3,0.4,0.259,0.85,0.309,0.15,0.291,0.8,0.691
215,3,0.55,0.55,1.0,0.6,0.3,0.3,0.75,0.7
216,,0.4,0.4,0.85,0.45,0.15,0.15,0.6,0.55
217,,0.25,0.25,0.7,0.3,0.0,0.0,0.45,0.4
218,,0.1,0.1,0.55,0.15,-0.15,-0.15,0.3,0.25
219,5,0.05,0.109,0.7,0.441,0.85,0.141,0.45,0.259
220,5,0.0,0.118,0.85,0.732,1.0,0.432,0.6,0.268
221,,-0.15,-0.032,0.7,0.582,0.85,0.282,0.45,0.118
222,1,0.85,0.259,0.85,0.591,0.8,0.291,0.6,0.409
223,1,1.0,0.55,1.0,0.6,0.75,0.3,0.75,0.7
224,,0.85,0.4,0.85,0.45,0.6,0.15,0.6,0.55
225,,0.7,0.25,0.7,0.3,0.45,0.0,0.45,0.4
226,,0.55,0.1,0.55,0.15,0.3,-0.15,0.3,0.25
227,6,0.559,0.05,0.559,0.3,0.591,0.85,0.591,0.4
228,6,0.568,0.0,0.568,0.45,0.882,1.0,0.882,0.55
229,,0.418,-0.15,0.418,0.3,0.732,0.85,0.732,0.4
230,2,0.709,0.85,0.709,0.45,0.741,0.8,0.741,0.55
231,2,1.0,1.0,1.0,0.6,0.75,0.75,0.75,0.7
232,,0.85,0.85,0.85,0.45,0.6,0.6,0.6,0.55
233,,0.7,0.7,0.7,0.3,0.45,0.45,0.45,0.4
234,,0.55,0.55,0.55,0.15,0.3,0.3,0.3,0.25
235,,0.4,0.4,0.4,0.0,0.15,0.15,0.15,0.1
236,,0.25,0.25,0.25,-0.15,0.0,0.0,0.0,-0.05
237,4,0.259,0.4,0.541,0.85,0.291,0.15,0.009,-0.1
238,4,0.268,0.55,0.832,1.0,0.582,0.3,0.018,-0.15
239,8,0.559,0.7,0.841,0.95,0.591,0.45,0.309,0.85
240,8,0.85,0.85,0.85,0.9,0.6,0.6,0.6,1.0
241,,0.7,0.7,0.7,0.75,0.45,0.45,0.45,0.85
242,,0.55,0.55,0.55,0.6,0.3,0.3,0.3,0.7
243,,0.4,0.4,0.4,0.45,0.15,0.15,0.15,0.55
244,,0.25,0.25,0.25,0.3,0.0,0.0,0.0,0.4
245,,0.1,0.1,0.1,0.15,-0.15,-0.15,-0.15,0.25
246,5,0.05,0.109,0.25,0.441,0.85,0.141,0.0,0.259
247,5,0.0,0.118,0.4,0.732,1.0,0.432,0.15,0.268
248,,-0.15,-0.032,0.25,0.582,0.85,0.282,0.0,0.118
249,1,0.85,0.259,0.4,0.591,0.8,0.291,0.15,0.409
250,1,1.0,0.55,0.55,0.6,0.75,0.3,0.3,0.7
251,,0.85,0.4,0.4,0.45,0.6,0.15,0.15,0.55
252,,0.7,0.25,0.25,0.3,0.45,0.0,0.0,0.4
253,,0.55,0.1,0.1,0.15,0.3,-0.15,-0.15,0.25
254,7,0.7,0.109,0.05,0.159,0.45,0.141,0.85,0.541
255,7,0.85,0.118,0.0,0.168,0.6,0.432,1.0,0.832
256,,0.7,-0.032,-0.15,0.018,0.45,0.282,0.85,0.682
257,3,0.85,0.259,0.85,0.309,0.6,0.291,0.8,0.691
258,3,1.0,0.55,1.0,0.6,0.75,0.3,0.75,0.7
259,,0.85,0.4,0.85,0.45,0.6,0.15,0.6,0.55
260,,0.7,0.25,0.7,0.3,0.45,0.0,0.45,0.4
261,,0.55,0.1,0.55,0.15,0.3,-0.15,0.3,0.25
262,6,0.559,0.05,0.559,0.3,0.591,0.85,0.591,0.4
263,6,0.568,0.0,0.568,0.45,0.882,1.0,0.882,0.55
264,,0.418,-0.15,0.418,0.3,0.732,0.85,0.732,0.4
265,2,0.709,0.85,0.709,0.45,0.741,0.8,0.741,0.55
266,2,1.0,1.0,1.0,0.6,0.75,0.75,0.75,0.7
267,,0.85,0.85,0.85,0.45,0.6,0.6,0.6,0.55
268,,0.7,0.7,0.7,0.3,0.45,0.45,0.45,0.4
269,,0.55,0.55,0.55,0.15,0.3,0.3,0.3,0.25
270,,0.4,0.4,0.4,0.0,0.15,0.15,0.15,0.1
271,,0.25,0.25,0.25,-0.15,0.0,0.0,0.0,-0.05
272,4,0.259,0.4,0.541,0.85,0.291,0.15,0.009,-0.1
273,4,0.268,0.55,0.832,1.0,0.582,0.3,0.018,-0.15
274,8,0.559,0.7,0.841,0.95,0.591,0.45,0.309,0.85
275,8,0.85,0.85,0.85,0.9,0.6,0.6,0.6,1.0
276,,0.7,0.7,0.7,0.75,0.45,0.45,0.45,0.85
277,,0.55,0.55,0.55,0.6,0.3,0.3,0.3,0.7
278,,0.4,0.4,0.4,0.45,0.15,0.15,0.15,0.55
279,,0.25,0.25,0.25,0.3,0.0,0.0,0.0,0.4
280,,0.1,0.1,0.1,0.15,-0.15,-0.15,-0.15,0.25
281,7,0.25,0.109,0.05,0.159,0.0,0.141,0.85,0.541
282,7,0.4,0.118,0.0,0.168,0.15,0.432,1.0,0.832
283,,0.25,-0.032,-0.15,0.018,0.0,0.282,0.85,0.682
284,3,0.4,0.259,0.85,0.309,0.15,0.291,0.8,0.691
285,3,0.55,0.55,1.0,0.6,0.3,0.3,0.75,0.7
286,,0.4,0.4,0.85,0.45,0.15,0.15,0.6,0.55
287,,0.25,0.25,0.7,0.3,0.0,0.0,0.45,0.4
288,,0.1,0.1,0.55,0.15,-0.15,-0.15,0.3,0.25
289,5,0.05,0.109,0.7,0.441,0.85,0.141,0.45,0.259
290,5,0.0,0.118,0.85,0.732,1.0,0.432,0.6,0.268
291,,-0.15,-0.032,0.7,0.582,0.85,0.282,0.45,0.118
292,1,0.85,0.259,0.85,0.591,0.8,0.291,0.6,0.409
293,1,1.0,0.55,1.0,0.6,0.75,0.3,0.75,0.7
294,,0.85,0.4,0.85,0.45,0.6,0.15,0.6,0.55
295,,0.7,0.25,0.7,0.3,0.45,0.0,0.45,0.4
296,,0.55,0.1,0.55,0.15,0.3,-0.15,0.3,0.25
297,6,0.559,0.05,0.559,0.3,0.591,0.85,0.591,0.4
298,6,0.568,0.0,0.568,0.45,0.882,1.0,0.882,0.55
299,,0.418,-0.15,0.418,0.3,0.732,0.85,0.732,0.4
300,2,0.709,0.85,0.709,0.45,0.741,0.8,0.741,0.55
301,2,1.0,1.0,1.0,0.6,0.75,0.75,0.75,0.7
302,,0.85,0.85,0.85,0.45,0.6,0.6,0.6,0.55
303,,0.7,0.7,0.7,0.3,0.45,0.45,0.45,0.4
304,,0.55,0.55,0.55,0.15,0.3,0.3,0.3,0.25
305,,0.4,0.4,0.4,0.0,0.15,0.15,0.15,0.1
306,,0.25,0.25,0.25,-0.15,0.0,0.0,0.0,-0.05
307,4,0.259,0.4,0.541,0.85,0.291,0.15,0.009,-0.1
308,4,0.268,0.55,0.832,1.0,0.582,0.3,0.018,-0.15
309,8,0.559,0.7,0.841,0.95,0.591,0.45,0.309,0.85
310,8,0.85,0.85,0.85,0.9,0.6,0.6,0.6,1.0
311,,0.7,0.7,0.7,0.75,0.45,0.45,0.45,0.85
312,,0.55,0.55,0.55,0.6,0.3,0.3,0.3,0.7
313,,0.4,0.4,0.4,0.45,0.15,0.15,0.15,0.55
314,,0.25,0.25,0.25,0.3,0.0,0.0,0.0,0.4
315,,0.1,0.1,0.1,0.15,-0.15,-0.15,-0.15,0.25
316,7,0.25,0.109,0.05,0.159,0.0,0.141,0.85,0.541
317,7,0.4,0.118,0.0,0.168,0.15,0.432,1.0,0.832
318,,0.25,-0.032,-0.15,0.018,0.0,0.282,0.85,0.682
319,3,0.4,0.259,0.85,0.309,0.15,0.291,0.8,0.691
320,3,0.55,0.55,1.0,0.6,0.3,0.3,0.75,0.7
321,,0.4,0.4,0.85,0.45,0.15,0.15,0.6,0.55
322,,0.25,0.25,0.7,0.3,0.0,0.0,0.45,0.4
323,,0.1,0.1,0.55,0.15,-0.15,-0.15,0.3,0.25
324,6,0.109,0.05,0.559,0.3,0.141,0.85,0.591,0.4
325,6,0.118,0.0,0.568,0.45,0.432,1.0,0.882,0.55
326,,-0.032,-0.15,0.418,0.3,0.282,0.85,0.732,0.4
327,2,0.259,0.85,0.709,0.45,0.291,0.8,0.741,0.55
328,2,0.55,1.0,1.0,0.6,0.3,0.75,0.75,0.7
329,,0.4,0.85,0.85,0.45,0.15,0.6,0.6,0.55
330,,0.25,0.7,0.7,0.3,0.0,0.45,0.45,0.4
331,,0.1,0.55,0.55,0.15,-0.15,0.3,0.3,0.25
332,5,0.05,0.559,0.7,0.441,0.85,0.591,0.45,0.259
333,5,0.0,0.568,0.85,0.732,1.0,0.882,0.6,0.268
334,,-0.15,0.418,0.7,0.582,0.85,0.732,0.45,0.118
335,1,0.85,0.709,0.85,0.591,0.8,0.741,0.6,0.409
336,1,1.0,1.0,1.0,0.6,0.75,0.75,0.75,0.7
337,,0.85,0.85,0.85,0.45,0.6,0.6,0.6,0.55
338,,0.7,0.7,0.7,0.3,0.45,0.45,0.45,0.4
339,,0.55,0.55,0.55,0.15,0.3,0.3,0.3,0.25
340,,0.4,0.4,0.4,0.0,0.15,0.15,0.15,0.1
341,,0.25,0.25,0.25,-0.15,0.0,0.0,0.0,-0.05
342,4,0.259,0.4,0.541,0.85,0.291,0.15,0.009,-0.1
343,4,0.268,0.55,0.832,1.0,0.582,0.3,0.018,-0.15
344,8,0.559,0.7,0.841,0.95,0.591,0.45,0.309,0.85
345,8,0.85,0.85,0.85,0.9,0.6,0.6,0.6,1.0
346,,0.7,0.7,0.7,0.75,0.45,0.45,0.45,0.85
347,,0.55,0.55,0.55,0.6,0.3,0.3,0.3,0.7
348,,0.4,0.4,0.4,0.45,0.15,0.15,0.15,0.55
349,,0.25,0.25,0.25,0.3,0.0,0.0,0.0,0.4
350,,0.1,0.1,0.1,0.15,-0.15,-0.15,-0.15,0.25
351,6,0.109,0.05,0.109,0.3,0.141,0.85,0.141,0.4
352,6,0.118,0.0,0.118,0.45,0.432,1.0,0.432,0.55
353,,-0.032,-0.15,-0.032,0.3,0.282,0.85,0.282,0.4
354,2,0.259,0.85,0.259,0.45,0.291,0.8,0.291,0.55
355,2,0.55,1.0,0.55,0.6,0.3,0.75,0.3,0.7
356,,0.4,0.85,0.4,0.45,0.15,0.6,0.15,0.55
357,,0.25,0.7,0.25,0.3,0.0,0.45,0.0,0.4
358,,0.1,0.55,0.1,0.15,-0.15,0.3,-0.15,0.25
359,7,0.25,0.559,0.05,0.159,0.0,0.591,0.85,0.541
360,7,0.4,0.568,0.0,0.168,0.15,0.882,1.0,0.832
361,,0.25,0.418,-0.15,0.018,0.0,0.732,0.85,0.682
362,3,0.4,0.709,0.85,0.309,0.15,0.741,0.8,0.691
363,3,0.55,1.0,1.0,0.6,0.3,0.75,0.75,0.7
364,,0.4,0.85,0.85,0.45,0.15,0.6,0.6,0.55
365,,0.25,0.7,0.7,0.3,0.0,0.45,0.45,0.4
366,,0.1,0.55,0.55,0.15,-0.15,0.3,0.3,0.25
367,5,0.05,0.559,0.7,0.441,0.85,0.591,0.45,0.259
368,5,0.0,0.568,0.85,0.732,1.0,0.882,0.6,0.268
369,,-0.15,0.418,0.7,0.582,0.85,0.732,0.45,0.118
370,1,0.85,0.709,0.85,0.591,0.8,0.741,0.6,0.409
371,1,1.0,1.0,1.0,0.6,0.75,0.75,0.75,0.7
372,,0.85,0.85,0.85,0.45,0.6,0.6,0.6,0.55
373,,0.7,0.7,0.7,0.3,0.45,0.45,0.45,0.4
374,,0.55,0.55,0.55,0.15,0.3,0.3,0.3,0.25
375,,0.4,0.4,0.4,0.0,0.15,0.15,0.15,0.1
376,,0.25,0.25,0.25,-0.15,0.0,0.0,0.0,-0.05
377,4,0.259,0.4,0.541,0.85,0.291,0.15,0.009,-0.1
378,4,0.268,0.55,0.832,1.0,0.582,0.3,0.018,-0.15
379,8,0.559,0.7,0.841,0.95,0.591,0.45,0.309,0.85
380,8,0.85,0.85,0.85,0.9,0.6,0.6,0.6,1.0
381,,0.7,0.7,0.7,0.75,0.45,0.45,0.45,0.85
382,,0.55,0.55,0.55,0.6,0.3,0.3,0.3,0.7
383,,0.4,0.4,0.4,0.45,0.15,0.15,0.15,0.55
384,,0.25,0.25,0.25,0.3,0.0,0.0,0.0,0.4
385,,0.1,0.1,0.1,0.15,-0.15,-0.15,-0.15,0.25
386,5,0.05,0.109,0.25,0.441,0.85,0.141,0.0,0.259
387,5,0.0,0.118,0.4,0.732,1.0,0.432,0.15,0.268
388,,-0.15,-0.032,0.25,0.582,0.85,0.282,0.0,0.118
389,1,0.85,0.259,0.4,0.591,0.8,0.291,0.15,0.409
390,1,1.0,0.55,0.55,0.6,0.75,0.3,0.3,0.7
391,,0.85,0.4,0.4,0.45,0.6,0.15,0.15,0.55
392,,0.7,0.25,0.25,0.3,0.45,0.0,0.0,0.4
393,,0.55,0.1,0.1,0.15,0.3,-0.15,-0.15,0.25
394,7,0.7,0.109,0.05,0.159,0.45,0.141,0.85,0.541
395,7,0.85,0.118,0.0,0.168,0.6,0.432,1.0,0.832
396,,0.7,-0.032,-0.15,0.018,0.45,0.282,0.85,0.682
397,3,0.85,0.259,0.85,0.309,0.6,0.291,0.8,0.691
398,3,1.0,0.55,1.0,0.6,0.75,0.3,0.75,0.7
399,,0.85,0.4,0.85,0.45,0.6,0.15,0.6,0.55
400,,0.7,0.25,0.7,0.3,0.45,0.0,0.45,0.4
401,,0.55,0.1,0.55,0.15,0.3,-0.15,0.3,0.25
402,6,0.559,0.05,0.559,0.3,0.591,0.85,0.591,0.4
403,6,0.568,0.0,0.568,0.45,0.882,1.0,0.882,0.55
404,,0.418,-0.15,0.418,0.3,0.732,0.85,0.732,0.4
405,2,0.709,0.85,0.709,0.45,0.741,0.8,0.741,0.55
406,2,1.0,1.0,1.0,0.6,0.75,0.75,0.75,0.7
407,,0.85,0.85,0.85,0.45,0.6,0.6,0.6,0.55
408,,0.7,0.7,0.7,0.3,0.45,0.45,0.45,0.4
409,,0.55,0.55,0.55,0.15,0.3,0.3,0.3,0.25
410,,0.4,0.4,0.4,0.0,0.15,0.15,0.15,0.1
411,,0.25,0.25,0.25,-0.15,0.0,0.0,0.0,-0.05
412,4,0.259,0.4,0.541,0.85,0.291,0.15,0.009,-0.1
413,4,0.268,0.55,0.832,1.0,0.582,0.3,0.018,-0.15
414,8,0.559,0.7,0.841,0.95,0.591,0.45,0.309,0.85
415,8,0.85,0.85,0.85,0.9,0.6,0.6,0.6,1.0
416,,0.7,0.7,0.7,0.75,0.45,0.45,0.45,0.85
417,,0.55,0.55,0.55,0.6,0.3,0.3,0.3,0.7
418,,0.4,0.4,0.4,0.45,0.15,0.15,0.15,0.55
419,,0.25,0.25,0.25,0.3,0.0,0.0,0.0,0.4
420,,0.1,0.1,0.1,0.15,-0.15,-0.15,-0.15,0.25
421,5,0.05,0.109,0.25,0.441,0.85,0.141,0.0,0.259
422,5,0.0,0.118,0.4,0.732,1.0,0.432,0.15,0.268
423,,-0.15,-0.032,0.25,0.582,0.85,0.282,0.0,0.118
424,1,0.85,0.259,0.4,0.591,0.8,0.291,0.15,0.409
425,1,1.0,0.55,0.55,0.6,0.75,0.3,0.3,0.7
426,,0.85,0.4,0.4,0.45,0.6,0.15,0.15,0.55
427,,0.7,0.25,0.25,0.3,0.45,0.0,0.0,0.4
428,,0.55,0.1,0.1,0.15,0.3,-0.15,-0.15,0.25
429,6,0.559,0.05,0.109,0.3,0.591,0.85,0.141,0.4
430,6,0.568,0.0,0.118,0.45,0.882,1.0,0.432,0.55
431,,0.418,-0.15,-0.032,0.3,0.732,0.85,0.282,0.4
432,2,0.709,0.85,0.259,0.45,0.741,0.8,0.291,0.55
433,2,1.0,1.0,0.55,0.6,0.75,0.75,0.3,0.7
434,,0.85,0.85,0.4,0.45,0.6,0.6,0.15,0.55
435,,0.7,0.7,0.25,0.3,0.45,0.45,0.0,0.4
436,,0.55,0.55,0.1,0.15,0.3,0.3,-0.15,0.25
437,7,0.7,0.559,0.05,0.159,0.45,0.591,0.85,0.541
438,7,0.85,0.568,0.0,0.168,0.6,0.882,1.0,0.832
439,,0.7,0.418,-0.15,0.018,0.45,0.732,0.85,0.682
440,3,0.85,0.709,0.85,0.309,0.6,0.741,0.8,0.691
441,3,1.0,1.0,1.0,0.6,0.75,0.75,0.75,0.7
442,,0.85,0.85,0.85,0.45,0.6,0.6,0.6,0.55
443,,0.7,0.7,0.7,0.3,0.45,0.45,0.45,0.4
444,,0.55,0.55,0.55,0.15,0.3,0.3,0.3,0.25
445,,0.4,0.4,0.4,0.0,0.15,0.15,0.15,0.1
446,,0.25,0.25,0.25,-0.15,0.0,0.0,0.0,-0.05
447,4,0.259,0.4,0.541,0.85,0.291,0.15,0.009,-0.1
448,4,0.268,0.55,0.832,1.0,0.582,0.3,0.018,-0.15
449,8,0.559,0.7,0.841,0.95,0.591,0.45,0.309,0.85
450,8,0.85,0.85,0.85,0.9,0.6,0.6,0.6,1.0
451,,0.7,0.7,0.7,0.75,0.45,0.45,0.45,0.85
452,,0.55,0.55,0.55,0.6,0.3,0.3,0.3,0.7
453,,0.4,0.4,0.4,0.45,0.15,0.15,0.15,0.55
454,,0.25,0.25,0.25,0.3,0.0,0.0,0.0,0.4
455,,0.1,0.1,0.1,0.15,-0.15,-0.15,-0.15,0.25
456,6,0.109,0.05,0.109,0.3,0.141,0.85,0.141,0.4
457,6,0.118,0.0,0.118,0.45,0.432,1.0,0.432,0.55
458,,-0.032,-0.15,-0.032,0.3,0.282,0.85,0.282,0.4
459,2,0.259,0.85,0.259,0.45,0.291,0.8,0.291,0.55
460,2,0.55,1.0,0.55,0.6,0.3,0.75,0.3,0.7
461,,0.4,0.85,0.4,0.45,0.15,0.6,0.15,0.55
462,,0.25,0.7,0.25,0.3,0.0,0.45,0.0,0.4
463,,0.1,0.55,0.1,0.15,-0.15,0.3,-0.15,0.25
464,7,0.25,0.559,0.05,0.159,0.0,0.591,0.85,0.541
465,7,0.4,0.568,0.0,0.168,0.15,0.882,1.0,0.832
466,,0.25,0.418,-0.15,0.018,0.0,0.732,0.85,0.682
467,3,0.4,0.709,0.85,0.309,0.15,0.741,0.8,0.691
468,3,0.55,1.0,1.0,0.6,0.3,0.75,0.75,0.7
469,,0.4,0.85,0.85,0.45,0.15,0.6,0.6,0.55
470,,0.25,0.7,0.7,0.3,0.0,0.45,0.45,0.4
471,,0.1,0.55,0.55,0.15,-0.15,0.3,0.3,0.25
472,5,0.05,0.559,0.7,0.441,0.85,0.591,0.45,0.259
473,5,0.0,0.568,0.85,0.732,1.0,0.882,0.6,0.268
474,,-0.15,0.418,0.7,0.582,0.85,0.732,0.45,0.118
475,1,0.85,0.709,0.85,0.591,0.8,0.741,0.6,0.409
476,1,1.0,1.0,1.0,0.6,0.75,0.75,0.75,0.7
477,,0.85,0.85,0.85,0.45,0.6,0.6,0.6,0.55
478,,0.7,0.7,0.7,0.3,0.45,0.45,0.45,0.4
479,,0.55,0.55,0.55,0.15,0.3,0.3,0.3,0.25
480,,0.4,0.4,0.4,0.0,0.15,0.15,0.15,0.1
481,,0.25,0.25,0.25,-0.15,0.0,0.0,0.0,-0.05
482,4,0.259,0.4,0.541,0.85,0.291,0.15,0.009,-0.1
483,4,0.268,0.55,0.832,1.0,0.582,0.3,0.018,-0.15
484,8,0.559,0.7,0.841,0.95,0.591,0.45,0.309,0.85
485,8,0.85,0.85,0.85,0.9,0.6,0.6,0.6,1.0
486,,0.7,0.7,0.7,0.75,0.45,0.45,0.45,0.85
487,,0.55,0.55,0.55,0.6,0.3,0.3,0.3,0.7
488,,0.4,0.4,0.4,0.45,0.15,0.15,0.15,0.55
489,,0.25,0.25,0.25,0.3,0.0,0.0,0.0,0.4
490,,0.1,0.1,0.1,0.15,-0.15,-0.15,-0.15,0.25
491,6,0.109,0.05,0.109,0.3,0.141,0.85,0.141,0.4
492,6,0.118,0.0,0.118,0.45,0.432,1.0,0.432,0.55
493,,-0.032,-0.15,-0.032,0.3,0.282,0.85,0.282,0.4
494,2,0.259,0.85,0.259,0.45,0.291,0.8,0.291,0.55
495,2,0.55,1.0,0.55,0.6,0.3,0.75,0.3,0.7
496,,0.4,0.85,0.4,0.45,0.15,0.6,0.15,0.55
497,,0.25,0.7,0.25,0.3,0.0,0.45,0.0,0.4
498,,0.1,0.55,0.1,0.15,-0.15,0.3,-0.15,0.25
499,7,0.25,0.559,0.05,0.159,0.0,0.591,0.85,0.541
