step,active_motive,motive_1,motive_2,motive_3,motive_4,motive_5,motive_6,motive_7,motive_8
0,,0.82787,0.27154,0.96525,0.45727,0.84202,0.19438,0.41135,0.69951
1,,0.62787,0.07154,0.76525,0.25727,0.64202,-0.00562,0.21135,0.49951
2,6,0.68687,0.07154,0.82425,0.45727,0.98302,0.99438,0.55235,0.69951
3,6,0.74587,0.07154,0.88325,0.65727,1.0,1.0,0.89335,0.89951
4,,0.54587,-0.12846,0.68325,0.45727,0.8,0.8,0.69335,0.69951
5,2,0.88687,0.87154,1.0,0.65727,0.859,0.8,0.75235,0.89951
6,2,1.0,1.0,1.0,0.85727,0.918,0.8,0.81135,1.0
7,,0.8,0.8,0.8,0.65727,0.718,0.6,0.61135,0.8
8,,0.6,0.6,0.6,0.45727,0.518,0.4,0.41135,0.6
9,,0.4,0.4,0.4,0.25727,0.318,0.2,0.21135,0.4
10,,0.2,0.2,0.2,0.05727,0.118,0.0,0.01135,0.2
11,,0.0,0.0,0.0,-0.14273,-0.082,-0.2,-0.18865,0.0
12,6,0.059,0.0,0.059,0.05727,0.259,0.8,0.15235,0.2
13,6,0.118,0.0,0.118,0.25727,0.6,1.0,0.49335,0.4
14,,-0.082,-0.2,-0.082,0.05727,0.4,0.8,0.29335,0.2
15,2,0.259,0.8,0.259,0.25727,0.459,0.8,0.35235,0.4
16,2,0.6,1.0,0.6,0.45727,0.518,0.8,0.41135,0.6
17,,0.4,0.8,0.4,0.25727,0.318,0.6,0.21135,0.4
18,,0.2,0.6,0.2,0.05727,0.118,0.4,0.01135,0.2
19,,0.0,0.4,0.0,-0.14273,-0.082,0.2,-0.18865,0.0
20,7,0.2,0.459,0.0,-0.08373,0.118,0.541,0.81135,0.341
21,7,0.4,0.518,0.0,-0.02473,0.318,0.882,1.0,0.682
22,4,0.459,0.718,0.341,0.97527,0.659,1.0,1.0,0.682
23,4,0.518,0.918,0.682,1.0,1.0,1.0,1.0,0.682
24,,0.318,0.718,0.482,0.8,0.8,0.8,0.8,0.482
25,,0.118,0.518,0.282,0.6,0.6,0.6,0.6,0.282
26,,-0.082,0.318,0.082,0.4,0.4,0.4,0.4,0.082
27,1,0.918,0.659,0.282,0.459,0.4,0.459,0.6,0.423
28,1,1.0,1.0,0.482,0.518,0.4,0.518,0.8,0.764
29,,0.8,0.8,0.282,0.318,0.2,0.318,0.6,0.564
30,,0.6,0.6,0.082,0.118,0.0,0.118,0.4,0.364
31,,0.4,0.4,-0.118,-0.082,-0.2,-0.082,0.2,0.164
32,5,0.4,0.459,0.082,0.259,0.8,0.259,0.4,0.223
33,5,0.4,0.518,0.282,0.6,1.0,0.6,0.6,0.282
34,,0.2,0.318,0.082,0.4,0.8,0.4,0.4,0.082
35,,0.0,0.118,-0.118,0.2,0.6,0.2,0.2,-0.118
36,8,0.341,0.318,-0.059,0.2,0.659,0.4,0.541,0.882
37,8,0.682,0.518,0.0,0.2,0.718,0.6,0.882,1.0
38,,0.482,0.318,-0.2,0.0,0.518,0.4,0.682,0.8
39,3,0.682,0.659,0.8,0.341,0.718,0.459,0.682,0.859
40,3,0.882,1.0,1.0,0.682,0.918,0.518,0.682,0.918
41,,0.682,0.8,0.8,0.482,0.718,0.318,0.482,0.718
42,,0.482,0.6,0.6,0.282,0.518,0.118,0.282,0.518
43,,0.282,0.4,0.4,0.082,0.318,-0.082,0.082,0.318
44,6,0.341,0.4,0.459,0.282,0.659,0.918,0.423,0.518
45,6,0.4,0.4,0.518,0.482,1.0,1.0,0.764,0.718
46,,0.2,0.2,0.318,0.282,0.8,0.8,0.564,0.518
47,,0.0,0.0,0.118,0.082,0.6,0.6,0.364,0.318
48,,-0.2,-0.2,-0.082,-0.118,0.4,0.4,0.164,0.118
49,2,0.141,0.8,0.259,0.082,0.459,0.4,0.223,0.318
50,2,0.482,1.0,0.6,0.282,0.518,0.4,0.282,0.518
51,,0.282,0.8,0.4,0.082,0.318,0.2,0.082,0.318
52,,0.082,0.6,0.2,-0.118,0.118,0.0,-0.118,0.118
53,7,0.282,0.659,0.2,-0.059,0.318,0.341,0.882,0.459
54,7,0.482,0.718,0.2,0.0,0.518,0.682,1.0,0.8
55,,0.282,0.518,0.0,-0.2,0.318,0.482,0.8,0.6
56,4,0.341,0.718,0.341,0.8,0.659,0.682,0.859,0.6
57,4,0.4,0.918,0.682,1.0,1.0,0.882,0.918,0.6
58,,0.2,0.718,0.482,0.8,0.8,0.682,0.718,0.4
59,,0.0,0.518,0.282,0.6,0.6,0.482,0.518,0.2
60,,-0.2,0.318,0.082,0.4,0.4,0.282,0.318,0.0
61,1,0.8,0.659,0.282,0.459,0.4,0.341,0.518,0.341
62,1,1.0,1.0,0.482,0.518,0.4,0.4,0.718,0.682
63,,0.8,0.8,0.282,0.318,0.2,0.2,0.518,0.482
64,,0.6,0.6,0.082,0.118,0.0,0.0,0.318,0.282
65,,0.4,0.4,-0.118,-0.082,-0.2,-0.2,0.118,0.082
66,5,0.4,0.459,0.082,0.259,0.8,0.141,0.318,0.141
67,5,0.4,0.518,0.282,0.6,1.0,0.482,0.518,0.2
68,,0.2,0.318,0.082,0.4,0.8,0.282,0.318,0.0
69,,0.0,0.118,-0.118,0.2,0.6,0.082,0.118,-0.2
70,8,0.341,0.318,-0.059,0.2,0.659,0.282,0.459,0.8
71,8,0.682,0.518,0.0,0.2,0.718,0.482,0.8,1.0
72,,0.482,0.318,-0.2,0.0,0.518,0.282,0.6,0.8
73,3,0.682,0.659,0.8,0.341,0.718,0.341,0.6,0.859
74,3,0.882,1.0,1.0,0.682,0.918,0.4,0.6,0.918
75,,0.682,0.8,0.8,0.482,0.718,0.2,0.4,0.718
76,,0.482,0.6,0.6,0.282,0.518,0.0,0.2,0.518
77,,0.282,0.4,0.4,0.082,0.318,-0.2,0.0,0.318
78,6,0.341,0.4,0.459,0.282,0.659,0.8,0.341,0.518
79,6,0.4,0.4,0.518,0.482,1.0,1.0,0.682,0.718
80,,0.2,0.2,0.318,0.282,0.8,0.8,0.482,0.518
81,,0.0,0.0,0.118,0.082,0.6,0.6,0.282,0.318
82,,-0.2,-0.2,-0.082,-0.118,0.4,0.4,0.082,0.118
83,2,0.141,0.8,0.259,0.082,0.459,0.4,0.141,0.318
84,2,0.482,1.0,0.6,0.282,0.518,0.4,0.2,0.518
85,,0.282,0.8,0.4,0.082,0.318,0.2,0.0,0.318
86,,0.082,0.6,0.2,-0.118,0.118,0.0,-0.2,0.118
87,7,0.282,0.659,0.2,-0.059,0.318,0.341,0.8,0.459
88,7,0.482,0.718,0.2,0.0,0.518,0.682,1.0,0.8
89,,0.282,0.518,0.0,-0.2,0.318,0.482,0.8,0.6
90,4,0.341,0.718,0.341,0.8,0.659,0.682,0.859,0.6
91,4,0.4,0.918,0.682,1.0,1.0,0.882,0.918,0.6
92,,0.2,0.718,0.482,0.8,0.8,0.682,0.718,0.4
93,,0.0,0.518,0.282,0.6,0.6,0.482,0.518,0.2
94,,-0.2,0.318,0.082,0.4,0.4,0.282,0.318,0.0
95,1,0.8,0.659,0.282,0.459,0.4,0.341,0.518,0.341
96,1,1.0,1.0,0.482,0.518,0.4,0.4,0.718,0.682
97,,0.8,0.8,0.282,0.318,0.2,0.2,0.518,0.482
98,,0.6,0.6,0.082,0.118,0.0,0.0,0.318,0.282
99,,0.4,0.4,-0.118,-0.082,-0.2,-0.2,0.118,0.082
100,6,0.459,0.4,-0.059,0.118,0.141,0.8,0.459,0.282
101,6,0.518,0.4,0.0,0.318,0.482,1.0,0.8,0.482
102,,0.318,0.2,-0.2,0.118,0.282,0.8,0.6,0.282
103,3,0.518,0.541,0.8,0.459,0.482,0.859,0.6,0.341
104,3,0.718,0.882,1.0,0.8,0.682,0.918,0.6,0.4
105,,0.518,0.682,0.8,0.6,0.482,0.718,0.4,0.2
106,,0.318,0.482,0.6,0.4,0.282,0.518,0.2,0.0
107,,0.118,0.282,0.4,0.2,0.082,0.318,0.0,-0.2
108,8,0.459,0.482,0.459,0.2,0.141,0.518,0.341,0.8
109,8,0.8,0.682,0.518,0.2,0.2,0.718,0.682,1.0
110,,0.6,0.482,0.318,0.0,0.0,0.518,0.482,0.8
111,,0.4,0.282,0.118,-0.2,-0.2,0.318,0.282,0.6
112,5,0.4,0.341,0.318,0.141,0.8,0.659,0.482,0.659
113,5,0.4,0.4,0.518,0.482,1.0,1.0,0.682,0.718
114,,0.2,0.2,0.318,0.282,0.8,0.8,0.482,0.518
115,,0.0,0.0,0.118,0.082,0.6,0.6,0.282,0.318
116,,-0.2,-0.2,-0.082,-0.118,0.4,0.4,0.082,0.118
117,2,0.141,0.8,0.259,0.082,0.459,0.4,0.141,0.318
118,2,0.482,1.0,0.6,0.282,0.518,0.4,0.2,0.518
119,,0.282,0.8,0.4,0.082,0.318,0.2,0.0,0.318
120,,0.082,0.6,0.2,-0.118,0.118,0.0,-0.2,0.118
121,7,0.282,0.659,0.2,-0.059,0.318,0.341,0.8,0.459
122,7,0.482,0.718,0.2,0.0,0.518,0.682,1.0,0.8
123,,0.282,0.518,0.0,-0.2,0.318,0.482,0.8,0.6
124,4,0.341,0.718,0.341,0.8,0.659,0.682,0.859,0.6
125,4,0.4,0.918,0.682,1.0,1.0,0.882,0.918,0.6
126,,0.2,0.718,0.482,0.8,0.8,0.682,0.718,0.4
127,,0.0,0.518,0.282,0.6,0.6,0.482,0.518,0.2
128,,-0.2,0.318,0.082,0.4,0.4,0.282,0.318,0.0
129,1,0.8,0.659,0.282,0.459,0.4,0.341,0.518,0.341
130,1,1.0,1.0,0.482,0.518,0.4,0.4,0.718,0.682
131,,0.8,0.8,0.282,0.318,0.2,0.2,0.518,0.482
132,,0.6,0.6,0.082,0.118,0.0,0.0,0.318,0.282
133,,0.4,0.4,-0.118,-0.082,-0.2,-0.2,0.118,0.082
134,5,0.4,0.459,0.082,0.259,0.8,0.141,0.318,0.141
135,5,0.4,0.518,0.282,0.6,1.0,0.482,0.518,0.2
136,,0.2,0.318,0.082,0.4,0.8,0.282,0.318,0.0
137,,0.0,0.118,-0.118,0.2,0.6,0.082,0.118,-0.2
138,8,0.341,0.318,-0.059,0.2,0.659,0.282,0.459,0.8
139,8,0.682,0.518,0.0,0.2,0.718,0.482,0.8,1.0
140,,0.482,0.318,-0.2,0.0,0.518,0.282,0.6,0.8
141,3,0.682,0.659,0.8,0.341,0.718,0.341,0.6,0.859
142,3,0.882,1.0,1.0,0.682,0.918,0.4,0.6,0.918
143,,0.682,0.8,0.8,0.482,0.718,0.2,0.4,0.718
144,,0.482,0.6,0.6,0.282,0.518,0.0,0.2,0.518
145,,0.282,0.4,0.4,0.082,0.318,-0.2,0.0,0.318
146,6,0.341,0.4,0.459,0.282,0.659,0.8,0.341,0.518
147,6,0.4,0.4,0.518,0.482,1.0,1.0,0.682,0.718
148,,0.2,0.2,0.318,0.282,0.8,0.8,0.482,0.518
149,,0.0,0.0,0.118,0.082,0.6,0.6,0.282,0.318
150,,-0.2,-0.2,-0.082,-0.118,0.4,0.4,0.082,0.118
151,1,0.8,0.141,0.118,-0.059,0.4,0.459,0.282,0.459
152,1,1.0,0.482,0.318,0.0,0.4,0.518,0.482,0.8
153,,0.8,0.282,0.118,-0.2,0.2,0.318,0.282,0.6
154,4,0.859,0.482,0.459,0.8,0.541,0.518,0.341,0.6
155,4,0.918,0.682,0.8,1.0,0.882,0.718,0.4,0.6
156,,0.718,0.482,0.6,0.8,0.682,0.518,0.2,0.4
157,,0.518,0.282,0.4,0.6,0.482,0.318,0.0,0.2
158,,0.318,0.082,0.2,0.4,0.282,0.118,-0.2,0.0
159,7,0.518,0.141,0.2,0.459,0.482,0.459,0.8,0.341
160,7,0.718,0.2,0.2,0.518,0.682,0.8,1.0,0.682
161,,0.518,0.0,0.0,0.318,0.482,0.6,0.8,0.482
162,,0.318,-0.2,-0.2,0.118,0.282,0.4,0.6,0.282
163,3,0.518,0.141,0.8,0.459,0.482,0.459,0.6,0.341
164,3,0.718,0.482,1.0,0.8,0.682,0.518,0.6,0.4
165,,0.518,0.282,0.8,0.6,0.482,0.318,0.4,0.2
166,,0.318,0.082,0.6,0.4,0.282,0.118,0.2,0.0
167,,0.118,-0.118,0.4,0.2,0.082,-0.082,0.0,-0.2
168,8,0.459,0.082,0.459,0.2,0.141,0.118,0.341,0.8
169,8,0.8,0.282,0.518,0.2,0.2,0.318,0.682,1.0
170,,0.6,0.082,0.318,0.0,0.0,0.118,0.482,0.8
171,,0.4,-0.118,0.118,-0.2,-0.2,-0.082,0.282,0.6
172,4,0.459,0.082,0.459,0.8,0.141,0.118,0.341,0.6
173,4,0.518,0.282,0.8,1.0,0.482,0.318,0.4,0.6
174,,0.318,0.082,0.6,0.8,0.282,0.118,0.2,0.4
175,,0.118,-0.118,0.4,0.6,0.082,-0.082,0.0,0.2
176,2,0.459,0.882,0.741,0.8,0.141,-0.082,0.059,0.4
177,2,0.8,1.0,1.0,1.0,0.2,-0.082,0.118,0.6
178,6,0.859,1.0,1.0,1.0,0.541,0.918,0.459,0.8
179,6,0.918,1.0,1.0,1.0,0.882,1.0,0.8,1.0
180,,0.718,0.8,0.8,0.8,0.682,0.8,0.6,0.8
181,,0.518,0.6,0.6,0.6,0.482,0.6,0.4,0.6
182,,0.318,0.4,0.4,0.4,0.282,0.4,0.2,0.4
183,,0.118,0.2,0.2,0.2,0.082,0.2,0.0,0.2
184,,-0.082,0.0,0.0,0.0,-0.118,0.0,-0.2,0.0
185,7,0.118,0.059,0.0,0.059,0.082,0.341,0.8,0.341
186,7,0.318,0.118,0.0,0.118,0.282,0.682,1.0,0.682
187,,0.118,-0.082,-0.2,-0.082,0.082,0.482,0.8,0.482
188,3,0.318,0.259,0.8,0.259,0.282,0.541,0.8,0.541
189,3,0.518,0.6,1.0,0.6,0.482,0.6,0.8,0.6
190,,0.318,0.4,0.8,0.4,0.282,0.4,0.6,0.4
191,,0.118,0.2,0.6,0.2,0.082,0.2,0.4,0.2
192,,-0.082,0.0,0.4,0.0,-0.118,0.0,0.2,0.0
193,5,-0.082,0.059,0.6,0.341,0.882,0.341,0.4,0.059
194,5,-0.082,0.118,0.8,0.682,1.0,0.682,0.6,0.118
195,1,0.918,0.459,1.0,0.741,1.0,0.741,0.8,0.459
196,1,1.0,0.8,1.0,0.8,1.0,0.8,1.0,0.8
197,,0.8,0.6,0.8,0.6,0.8,0.6,0.8,0.6
198,,0.6,0.4,0.6,0.4,0.6,0.4,0.6,0.4
199,,0.4,0.2,0.4,0.2,0.4,0.2,0.4,0.2
