step,active_motive,motive_1,motive_2,motive_3,motive_4,motive_5,motive_6,motive_7,motive_8
0,,0.05015,0.07983,0.065,0.0702,0.07958,0.089,0.0338,0.03756
1,,-0.09985,-0.07017,-0.085,-0.0798,-0.07042,-0.061,-0.1162,-0.11244
2,7,-0.04985,-0.23217,-0.335,-0.2418,-0.02042,0.201,0.8838,0.14956
3,7,0.00015,-0.39417,-0.585,-0.4038,0.02958,0.463,1.0,0.41156
4,3,0.05015,-0.13217,0.415,-0.1418,0.07958,0.301,0.75,0.24956
5,3,0.10015,0.12983,1.0,0.1202,0.12958,0.139,0.5,0.08756
6,,-0.04985,-0.02017,0.85,-0.0298,-0.02042,-0.011,0.35,-0.06244
7,8,0.21215,0.02983,0.688,-0.2798,-0.18242,0.039,0.612,0.93756
8,8,0.47415,0.07983,0.526,-0.5298,-0.34442,0.089,0.874,1.0
9,4,0.31215,0.12983,0.788,0.4702,-0.08242,0.139,0.712,0.75
10,4,0.15015,0.17983,1.0,1.0,0.17958,0.189,0.55,0.5
11,,0.00015,0.02983,0.85,0.85,0.02958,0.039,0.4,0.35
12,,-0.14985,-0.12017,0.7,0.7,-0.12042,-0.111,0.25,0.2
13,1,0.85015,0.14183,0.75,0.538,-0.37042,-0.273,0.3,0.462
14,1,1.0,0.40383,0.8,0.376,-0.62042,-0.435,0.35,0.724
15,5,0.75,0.24183,0.85,0.638,0.37958,-0.173,0.4,0.562
16,5,0.5,0.07983,0.9,0.9,1.0,0.089,0.45,0.4
17,,0.35,-0.07017,0.75,0.75,0.85,-0.061,0.3,0.25
18,2,0.612,0.92983,1.0,0.8,0.688,-0.311,0.138,0.3
19,2,0.874,1.0,1.0,0.85,0.526,-0.561,-0.024,0.35
20,6,0.712,0.75,0.838,0.9,0.788,0.439,0.238,0.4
21,6,0.55,0.5,0.676,0.95,1.0,1.0,0.5,0.45
22,,0.4,0.35,0.526,0.8,0.85,0.85,0.35,0.3
23,,0.25,0.2,0.376,0.65,0.7,0.7,0.2,0.15
24,,0.1,0.05,0.226,0.5,0.55,0.55,0.05,0.0
25,,-0.05,-0.1,0.076,0.35,0.4,0.4,-0.1,-0.15
26,8,0.212,-0.05,-0.086,0.1,0.238,0.45,0.162,0.85
27,8,0.474,0.0,-0.248,-0.15,0.076,0.5,0.424,1.0
28,3,0.524,0.262,0.752,0.112,0.126,0.338,0.174,0.838
29,3,0.574,0.524,1.0,0.374,0.176,0.176,-0.076,0.676
30,7,0.624,0.362,0.75,0.212,0.226,0.438,0.924,0.938
31,7,0.674,0.2,0.5,0.05,0.276,0.7,1.0,1.0
32,,0.524,0.05,0.35,-0.1,0.126,0.55,0.85,0.85
33,4,0.362,0.1,0.612,0.9,0.388,0.6,0.688,0.6
34,4,0.2,0.15,0.874,1.0,0.65,0.65,0.526,0.35
35,,0.05,0.0,0.724,0.85,0.5,0.5,0.376,0.2
36,,-0.1,-0.15,0.574,0.7,0.35,0.35,0.226,0.05
37,2,0.162,0.85,0.836,0.75,0.188,0.1,0.064,0.1
38,2,0.424,1.0,1.0,0.8,0.026,-0.15,-0.098,0.15
39,6,0.262,0.75,0.838,0.85,0.288,0.85,0.164,0.2
40,6,0.1,0.5,0.676,0.9,0.55,1.0,0.426,0.25
41,,-0.05,0.35,0.526,0.75,0.4,0.85,0.276,0.1
42,1,0.95,0.612,0.576,0.588,0.15,0.688,0.326,0.362
43,1,1.0,0.874,0.626,0.426,-0.1,0.526,0.376,0.624
44,5,0.75,0.712,0.676,0.688,0.9,0.788,0.426,0.462
45,5,0.5,0.55,0.726,0.95,1.0,1.0,0.476,0.3
46,,0.35,0.4,0.576,0.8,0.85,0.85,0.326,0.15
47,,0.2,0.25,0.426,0.65,0.7,0.7,0.176,0.0
48,,0.05,0.1,0.276,0.5,0.55,0.55,0.026,-0.15
49,8,0.312,0.15,0.114,0.25,0.388,0.6,0.288,0.85
50,8,0.574,0.2,-0.048,0.0,0.226,0.65,0.55,1.0
51,3,0.624,0.462,0.952,0.262,0.276,0.488,0.3,0.838
52,3,0.674,0.724,1.0,0.524,0.326,0.326,0.05,0.676
53,,0.524,0.574,0.85,0.374,0.176,0.176,-0.1,0.526
54,7,0.574,0.412,0.6,0.212,0.226,0.438,0.9,0.788
55,7,0.624,0.25,0.35,0.05,0.276,0.7,1.0,1.0
56,,0.474,0.1,0.2,-0.1,0.126,0.55,0.85,0.85
57,4,0.312,0.15,0.462,0.9,0.388,0.6,0.688,0.6
58,4,0.15,0.2,0.724,1.0,0.65,0.65,0.526,0.35
59,,0.0,0.05,0.574,0.85,0.5,0.5,0.376,0.2
60,,-0.15,-0.1,0.424,0.7,0.35,0.35,0.226,0.05
61,1,0.85,0.162,0.474,0.538,0.1,0.188,0.276,0.312
62,1,1.0,0.424,0.524,0.376,-0.15,0.026,0.326,0.574
63,5,0.75,0.262,0.574,0.638,0.85,0.288,0.376,0.412
64,5,0.5,0.1,0.624,0.9,1.0,0.55,0.426,0.25
65,,0.35,-0.05,0.474,0.75,0.85,0.4,0.276,0.1
66,2,0.612,0.95,0.736,0.8,0.688,0.15,0.114,0.15
67,2,0.874,1.0,0.998,0.85,0.526,-0.1,-0.048,0.2
68,6,0.712,0.75,0.836,0.9,0.788,0.9,0.214,0.25
69,6,0.55,0.5,0.674,0.95,1.0,1.0,0.476,0.3
70,,0.4,0.35,0.524,0.8,0.85,0.85,0.326,0.15
71,,0.25,0.2,0.374,0.65,0.7,0.7,0.176,0.0
72,,0.1,0.05,0.224,0.5,0.55,0.55,0.026,-0.15
73,8,0.362,0.1,0.062,0.25,0.388,0.6,0.288,0.85
74,8,0.624,0.15,-0.1,0.0,0.226,0.65,0.55,1.0
75,3,0.674,0.412,0.9,0.262,0.276,0.488,0.3,0.838
76,3,0.724,0.674,1.0,0.524,0.326,0.326,0.05,0.676
77,,0.574,0.524,0.85,0.374,0.176,0.176,-0.1,0.526
78,7,0.624,0.362,0.6,0.212,0.226,0.438,0.9,0.788
79,7,0.674,0.2,0.35,0.05,0.276,0.7,1.0,1.0
80,,0.524,0.05,0.2,-0.1,0.126,0.55,0.85,0.85
81,4,0.362,0.1,0.462,0.9,0.388,0.6,0.688,0.6
82,4,0.2,0.15,0.724,1.0,0.65,0.65,0.526,0.35
83,,0.05,0.0,0.574,0.85,0.5,0.5,0.376,0.2
84,,-0.1,-0.15,0.424,0.7,0.35,0.35,0.226,0.05
85,2,0.162,0.85,0.686,0.75,0.188,0.1,0.064,0.1
86,2,0.424,1.0,0.948,0.8,0.026,-0.15,-0.098,0.15
87,6,0.262,0.75,0.786,0.85,0.288,0.85,0.164,0.2
88,6,0.1,0.5,0.624,0.9,0.55,1.0,0.426,0.25
89,,-0.05,0.35,0.474,0.75,0.4,0.85,0.276,0.1
90,1,0.95,0.612,0.524,0.588,0.15,0.688,0.326,0.362
91,1,1.0,0.874,0.574,0.426,-0.1,0.526,0.376,0.624
92,5,0.75,0.712,0.624,0.688,0.9,0.788,0.426,0.462
93,5,0.5,0.55,0.674,0.95,1.0,1.0,0.476,0.3
94,,0.35,0.4,0.524,0.8,0.85,0.85,0.326,0.15
95,,0.2,0.25,0.374,0.65,0.7,0.7,0.176,0.0
96,,0.05,0.1,0.224,0.5,0.55,0.55,0.026,-0.15
97,8,0.312,0.15,0.062,0.25,0.388,0.6,0.288,0.85
98,8,0.574,0.2,-0.1,0.0,0.226,0.65,0.55,1.0
99,3,0.624,0.462,0.9,0.262,0.276,0.488,0.3,0.838
100,3,0.674,0.724,1.0,0.524,0.326,0.326,0.05,0.676
101,,0.524,0.574,0.85,0.374,0.176,0.176,-0.1,0.526
102,7,0.574,0.412,0.6,0.212,0.226,0.438,0.9,0.788
103,7,0.624,0.25,0.35,0.05,0.276,0.7,1.0,1.0
104,,0.474,0.1,0.2,-0.1,0.126,0.55,0.85,0.85
105,4,0.312,0.15,0.462,0.9,0.388,0.6,0.688,0.6
106,4,0.15,0.2,0.724,1.0,0.65,0.65,0.526,0.35
107,,0.0,0.05,0.574,0.85,0.5,0.5,0.376,0.2
108,,-0.15,-0.1,0.424,0.7,0.35,0.35,0.226,0.05
109,1,0.85,0.162,0.474,0.538,0.1,0.188,0.276,0.312
110,1,1.0,0.424,0.524,0.376,-0.15,0.026,0.326,0.574
111,5,0.75,0.262,0.574,0.638,0.85,0.288,0.376,0.412
112,5,0.5,0.1,0.624,0.9,1.0,0.55,0.426,0.25
113,,0.35,-0.05,0.474,0.75,0.85,0.4,0.276,0.1
114,2,0.612,0.95,0.736,0.8,0.688,0.15,0.114,0.15
115,2,0.874,1.0,0.998,0.85,0.526,-0.1,-0.048,0.2
116,6,0.712,0.75,0.836,0.9,0.788,0.9,0.214,0.25
117,6,0.55,0.5,0.674,0.95,1.0,1.0,0.476,0.3
118,,0.4,0.35,0.524,0.8,0.85,0.85,0.326,0.15
119,,0.25,0.2,0.374,0.65,0.7,0.7,0.176,0.0
120,,0.1,0.05,0.224,0.5,0.55,0.55,0.026,-0.15
121,8,0.362,0.1,0.062,0.25,0.388,0.6,0.288,0.85
122,8,0.624,0.15,-0.1,0.0,0.226,0.65,0.55,1.0
123,3,0.674,0.412,0.9,0.262,0.276,0.488,0.3,0.838
124,3,0.724,0.674,1.0,0.524,0.326,0.326,0.05,0.676
125,,0.574,0.524,0.85,0.374,0.176,0.176,-0.1,0.526
126,7,0.624,0.362,0.6,0.212,0.226,0.438,0.9,0.788
127,7,0.674,0.2,0.35,0.05,0.276,0.7,1.0,1.0
128,,0.524,0.05,0.2,-0.1,0.126,0.55,0.85,0.85
129,4,0.362,0.1,0.462,0.9,0.388,0.6,0.688,0.6
130,4,0.2,0.15,0.724,1.0,0.65,0.65,0.526,0.35
131,,0.05,0.0,0.574,0.85,0.5,0.5,0.376,0.2
132,,-0.1,-0.15,0.424,0.7,0.35,0.35,0.226,0.05
133,2,0.162,0.85,0.686,0.75,0.188,0.1,0.064,0.1
134,2,0.424,1.0,0.948,0.8,0.026,-0.15,-0.098,0.15
135,6,0.262,0.75,0.786,0.85,0.288,0.85,0.164,0.2
136,6,0.1,0.5,0.624,0.9,0.55,1.0,0.426,0.25
137,,-0.05,0.35,0.474,0.75,0.4,0.85,0.276,0.1
138,1,0.95,0.612,0.524,0.588,0.15,0.688,0.326,0.362
139,1,1.0,0.874,0.574,0.426,-0.1,0.526,0.376,0.624
140,5,0.75,0.712,0.624,0.688,0.9,0.788,0.426,0.462
141,5,0.5,0.55,0.674,0.95,1.0,1.0,0.476,0.3
142,,0.35,0.4,0.524,0.8,0.85,0.85,0.326,0.15
143,,0.2,0.25,0.374,0.65,0.7,0.7,0.176,0.0
144,,0.05,0.1,0.224,0.5,0.55,0.55,0.026,-0.15
145,8,0.312,0.15,0.062,0.25,0.388,0.6,0.288,0.85
146,8,0.574,0.2,-0.1,0.0,0.226,0.65,0.55,1.0
147,3,0.624,0.462,0.9,0.262,0.276,0.488,0.3,0.838
148,3,0.674,0.724,1.0,0.524,0.326,0.326,0.05,0.676
149,,0.524,0.574,0.85,0.374,0.176,0.176,-0.1,0.526
150,7,0.574,0.412,0.6,0.212,0.226,0.438,0.9,0.788
151,7,0.624,0.25,0.35,0.05,0.276,0.7,1.0,1.0
152,,0.474,0.1,0.2,-0.1,0.126,0.55,0.85,0.85
153,4,0.312,0.15,0.462,0.9,0.388,0.6,0.688,0.6
154,4,0.15,0.2,0.724,1.0,0.65,0.65,0.526,0.35
155,,0.0,0.05,0.574,0.85,0.5,0.5,0.376,0.2
156,,-0.15,-0.1,0.424,0.7,0.35,0.35,0.226,0.05
157,1,0.85,0.162,0.474,0.538,0.1,0.188,0.276,0.312
158,1,1.0,0.424,0.524,0.376,-0.15,0.026,0.326,0.574
159,5,0.75,0.262,0.574,0.638,0.85,0.288,0.376,0.412
160,5,0.5,0.1,0.624,0.9,1.0,0.55,0.426,0.25
161,,0.35,-0.05,0.474,0.75,0.85,0.4,0.276,0.1
162,2,0.612,0.95,0.736,0.8,0.688,0.15,0.114,0.15
163,2,0.874,1.0,0.998,0.85,0.526,-0.1,-0.048,0.2
164,6,0.712,0.75,0.836,0.9,0.788,0.9,0.214,0.25
165,6,0.55,0.5,0.674,0.95,1.0,1.0,0.476,0.3
166,,0.4,0.35,0.524,0.8,0.85,0.85,0.326,0.15
167,,0.25,0.2,0.374,0.65,0.7,0.7,0.176,0.0
168,,0.1,0.05,0.224,0.5,0.55,0.55,0.026,-0.15
169,8,0.362,0.1,0.062,0.25,0.388,0.6,0.288,0.85
170,8,0.624,0.15,-0.1,0.0,0.226,0.65,0.55,1.0
171,3,0.674,0.412,0.9,0.262,0.276,0.488,0.3,0.838
172,3,0.724,0.674,1.0,0.524,0.326,0.326,0.05,0.676
173,,0.574,0.524,0.85,0.374,0.176,0.176,-0.1,0.526
174,7,0.624,0.362,0.6,0.212,0.226,0.438,0.9,0.788
175,7,0.674,0.2,0.35,0.05,0.276,0.7,1.0,1.0
176,,0.524,0.05,0.2,-0.1,0.126,0.55,0.85,0.85
177,4,0.362,0.1,0.462,0.9,0.388,0.6,0.688,0.6
178,4,0.2,0.15,0.724,1.0,0.65,0.65,0.526,0.35
179,,0.05,0.0,0.574,0.85,0.5,0.5,0.376,0.2
180,,-0.1,-0.15,0.424,0.7,0.35,0.35,0.226,0.05
181,2,0.162,0.85,0.686,0.75,0.188,0.1,0.064,0.1
182,2,0.424,1.0,0.948,0.8,0.026,-0.15,-0.098,0.15
183,6,0.262,0.75,0.786,0.85,0.288,0.85,0.164,0.2
184,6,0.1,0.5,0.624,0.9,0.55,1.0,0.426,0.25
185,,-0.05,0.35,0.474,0.75,0.4,0.85,0.276,0.1
186,1,0.95,0.612,0.524,0.588,0.15,0.688,0.326,0.362
187,1,1.0,0.874,0.574,0.426,-0.1,0.526,0.376,0.624
188,5,0.75,0.712,0.624,0.688,0.9,0.788,0.426,0.462
189,5,0.5,0.55,0.674,0.95,1.0,1.0,0.476,0.3
190,,0.35,0.4,0.524,0.8,0.85,0.85,0.326,0.15
191,,0.2,0.25,0.374,0.65,0.7,0.7,0.176,0.0
192,,0.05,0.1,0.224,0.5,0.55,0.55,0.026,-0.15
193,8,0.312,0.15,0.062,0.25,0.388,0.6,0.288,0.85
194,8,0.574,0.2,-0.1,0.0,0.226,0.65,0.55,1.0
195,3,0.624,0.462,0.9,0.262,0.276,0.488,0.3,0.838
196,3,0.674,0.724,1.0,0.524,0.326,0.326,0.05,0.676
197,,0.524,0.574,0.85,0.374,0.176,0.176,-0.1,0.526
198,7,0.574,0.412,0.6,0.212,0.226,0.438,0.9,0.788
199,7,0.624,0.25,0.35,0.05,0.276,0.7,1.0,1.0
200,,0.474,0.1,0.2,-0.1,0.126,0.55,0.85,0.85
201,4,0.312,0.15,0.462,0.9,0.388,0.6,0.688,0.6
202,4,0.15,0.2,0.724,1.0,0.65,0.65,0.526,0.35
203,,0.0,0.05,0.574,0.85,0.5,0.5,0.376,0.2
204,,-0.15,-0.1,0.424,0.7,0.35,0.35,0.226,0.05
205,1,0.85,0.162,0.474,0.538,0.1,0.188,0.276,0.312
206,1,1.0,0.424,0.524,0.376,-0.15,0.026,0.326,0.574
207,5,0.75,0.262,0.574,0.638,0.85,0.288,0.376,0.412
208,5,0.5,0.1,0.624,0.9,1.0,0.55,0.426,0.25
209,,0.35,-0.05,0.474,0.75,0.85,0.4,0.276,0.1
210,2,0.612,0.95,0.736,0.8,0.688,0.15,0.114,0.15
211,2,0.874,1.0,0.998,0.85,0.526,-0.1,-0.048,0.2
212,6,0.712,0.75,0.836,0.9,0.788,0.9,0.214,0.25
213,6,0.55,0.5,0.674,0.95,1.0,1.0,0.476,0.3
214,,0.4,0.35,0.524,0.8,0.85,0.85,0.326,0.15
215,,0.25,0.2,0.374,0.65,0.7,0.7,0.176,0.0
216,,0.1,0.05,0.224,0.5,0.55,0.55,0.026,-0.15
217,8,0.362,0.1,0.062,0.25,0.388,0.6,0.288,0.85
218,8,0.624,0.15,-0.1,0.0,0.226,0.65,0.55,1.0
219,3,0.674,0.412,0.9,0.262,0.276,0.488,0.3,0.838
220,3,0.724,0.674,1.0,0.524,0.326,0.326,0.05,0.676
221,,0.574,0.524,0.85,0.374,0.176,0.176,-0.1,0.526
222,7,0.624,0.362,0.6,0.212,0.226,0.438,0.9,0.788
223,7,0.674,0.2,0.35,0.05,0.276,0.7,1.0,1.0
224,,0.524,0.05,0.2,-0.1,0.126,0.55,0.85,0.85
225,4,0.362,0.1,0.462,0.9,0.388,0.6,0.688,0.6
226,4,0.2,0.15,0.724,1.0,0.65,0.65,0.526,0.35
227,,0.05,0.0,0.574,0.85,0.5,0.5,0.376,0.2
228,,-0.1,-0.15,0.424,0.7,0.35,0.35,0.226,0.05
229,2,0.162,0.85,0.686,0.75,0.188,0.1,0.064,0.1
230,2,0.424,1.0,0.948,0.8,0.026,-0.15,-0.098,0.15
231,6,0.262,0.75,0.786,0.85,0.288,0.85,0.164,0.2
232,6,0.1,0.5,0.624,0.9,0.55,1.0,0.426,0.25
233,,-0.05,0.35,0.474,0.75,0.4,0.85,0.276,0.1
234,1,0.95,0.612,0.524,0.588,0.15,0.688,0.326,0.362
235,1,1.0,0.874,0.574,0.426,-0.1,0.526,0.376,0.624
236,5,0.75,0.712,0.624,0.688,0.9,0.788,0.426,0.462
237,5,0.5,0.55,0.674,0.95,1.0,1.0,0.476,0.3
238,,0.35,0.4,0.524,0.8,0.85,0.85,0.326,0.15
239,,0.2,0.25,0.374,0.65,0.7,0.7,0.176,0.0
240,,0.05,0.1,0.224,0.5,0.55,0.55,0.026,-0.15
241,8,0.312,0.15,0.062,0.25,0.388,0.6,0.288,0.85
242,8,0.574,0.2,-0.1,0.0,0.226,0.65,0.55,1.0
243,3,0.624,0.462,0.9,0.262,0.276,0.488,0.3,0.838
244,3,0.674,0.724,1.0,0.524,0.326,0.326,0.05,0.676
245,,0.524,0.574,0.85,0.374,0.176,0.176,-0.1,0.526
246,7,0.574,0.412,0.6,0.212,0.226,0.438,0.9,0.788
247,7,0.624,0.25,0.35,0.05,0.276,0.7,1.0,1.0
248,,0.474,0.1,0.2,-0.1,0.126,0.55,0.85,0.85
249,4,0.312,0.15,0.462,0.9,0.388,0.6,0.688,0.6
250,4,0.15,0.2,0.724,1.0,0.65,0.65,0.526,0.35
251,,0.0,0.05,0.574,0.85,0.5,0.5,0.376,0.2
252,,-0.15,-0.1,0.424,0.7,0.35,0.35,0.226,0.05
253,1,0.85,0.162,0.474,0.538,0.1,0.188,0.276,0.312
254,1,1.0,0.424,0.524,0.376,-0.15,0.026,0.326,0.574
255,5,0.75,0.262,0.574,0.638,0.85,0.288,0.376,0.412
256,5,0.5,0.1,0.624,0.9,1.0,0.55,0.426,0.25
257,,0.35,-0.05,0.474,0.75,0.85,0.4,0.276,0.1
258,2,0.612,0.95,0.736,0.8,0.688,0.15,0.114,0.15
259,2,0.874,1.0,0.998,0.85,0.526,-0.1,-0.048,0.2
260,6,0.712,0.75,0.836,0.9,0.788,0.9,0.214,0.25
261,6,0.55,0.5,0.674,0.95,1.0,1.0,0.476,0.3
262,,0.4,0.35,0.524,0.8,0.85,0.85,0.326,0.15
263,,0.25,0.2,0.374,0.65,0.7,0.7,0.176,0.0
264,,0.1,0.05,0.224,0.5,0.55,0.55,0.026,-0.15
265,8,0.362,0.1,0.062,0.25,0.388,0.6,0.288,0.85
266,8,0.624,0.15,-0.1,0.0,0.226,0.65,0.55,1.0
267,3,0.674,0.412,0.9,0.262,0.276,0.488,0.3,0.838
268,3,0.724,0.674,1.0,0.524,0.326,0.326,0.05,0.676
269,,0.574,0.524,0.85,0.374,0.176,0.176,-0.1,0.526
270,7,0.624,0.362,0.6,0.212,0.226,0.438,0.9,0.788
271,7,0.674,0.2,0.35,0.05,0.276,0.7,1.0,1.0
272,,0.524,0.05,0.2,-0.1,0.126,0.55,0.85,0.85
273,4,0.362,0.1,0.462,0.9,0.388,0.6,0.688,0.6
274,4,0.2,0.15,0.724,1.0,0.65,0.65,0.526,0.35
275,,0.05,0.0,0.574,0.85,0.5,0.5,0.376,0.2
276,,-0.1,-0.15,0.424,0.7,0.35,0.35,0.226,0.05
277,2,0.162,0.85,0.686,0.75,0.188,0.1,0.064,0.1
278,2,0.424,1.0,0.948,0.8,0.026,-0.15,-0.098,0.15
279,6,0.262,0.75,0.786,0.85,0.288,0.85,0.164,0.2
280,6,0.1,0.5,0.624,0.9,0.55,1.0,0.426,0.25
281,,-0.05,0.35,0.474,0.75,0.4,0.85,0.276,0.1
282,1,0.95,0.612,0.524,0.588,0.15,0.688,0.326,0.362
283,1,1.0,0.874,0.574,0.426,-0.1,0.526,0.376,0.624
284,5,0.75,0.712,0.624,0.688,0.9,0.788,0.426,0.462
285,5,0.5,0.55,0.674,0.95,1.0,1.0,0.476,0.3
286,,0.35,0.4,0.524,0.8,0.85,0.85,0.326,0.15
287,,0.2,0.25,0.374,0.65,0.7,0.7,0.176,0.0
288,,0.05,0.1,0.224,0.5,0.55,0.55,0.026,-0.15
289,8,0.312,0.15,0.062,0.25,0.388,0.6,0.288,0.85
290,8,0.574,0.2,-0.1,0.0,0.226,0.65,0.55,1.0
291,3,0.624,0.462,0.9,0.262,0.276,0.488,0.3,0.838
292,3,0.674,0.724,1.0,0.524,0.326,0.326,0.05,0.676
293,,0.524,0.574,0.85,0.374,0.176,0.176,-0.1,0.526
294,7,0.574,0.412,0.6,0.212,0.226,0.438,0.9,0.788
295,7,0.624,0.25,0.35,0.05,0.276,0.7,1.0,1.0
296,,0.474,0.1,0.2,-0.1,0.126,0.55,0.85,0.85
297,4,0.312,0.15,0.462,0.9,0.388,0.6,0.688,0.6
298,4,0.15,0.2,0.724,1.0,0.65,0.65,0.526,0.35
299,,0.0,0.05,0.574,0.85,0.5,0.5,0.376,0.2
300,,-0.15,-0.1,0.424,0.7,0.35,0.35,0.226,0.05
301,1,0.85,0.162,0.474,0.538,0.1,0.188,0.276,0.312
302,1,1.0,0.424,0.524,0.376,-0.15,0.026,0.326,0.574
303,5,0.75,0.262,0.574,0.638,0.85,0.288,0.376,0.412
304,5,0.5,0.1,0.624,0.9,1.0,0.55,0.426,0.25
305,,0.35,-0.05,0.474,0.75,0.85,0.4,0.276,0.1
306,2,0.612,0.95,0.736,0.8,0.688,0.15,0.114,0.15
307,2,0.874,1.0,0.998,0.85,0.526,-0.1,-0.048,0.2
308,6,0.712,0.75,0.836,0.9,0.788,0.9,0.214,0.25
309,6,0.55,0.5,0.674,0.95,1.0,1.0,0.476,0.3
310,,0.4,0.35,0.524,0.8,0.85,0.85,0.326,0.15
311,,0.25,0.2,0.374,0.65,0.7,0.7,0.176,0.0
312,,0.1,0.05,0.224,0.5,0.55,0.55,0.026,-0.15
313,8,0.362,0.1,0.062,0.25,0.388,0.6,0.288,0.85
314,8,0.624,0.15,-0.1,0.0,0.226,0.65,0.55,1.0
315,3,0.674,0.412,0.9,0.262,0.276,0.488,0.3,0.838
316,3,0.724,0.674,1.0,0.524,0.326,0.326,0.05,0.676
317,,0.574,0.524,0.85,0.374,0.176,0.176,-0.1,0.526
318,7,0.624,0.362,0.6,0.212,0.226,0.438,0.9,0.788
319,7,0.674,0.2,0.35,0.05,0.276,0.7,1.0,1.0
320,,0.524,0.05,0.2,-0.1,0.126,0.55,0.85,0.85
321,4,0.362,0.1,0.462,0.9,0.388,0.6,0.688,0.6
322,4,0.2,0.15,0.724,1.0,0.65,0.65,0.526,0.35
323,,0.05,0.0,0.574,0.85,0.5,0.5,0.376,0.2
324,,-0.1,-0.15,0.424,0.7,0.35,0.35,0.226,0.05
325,2,0.162,0.85,0.686,0.75,0.188,0.1,0.064,0.1
326,2,0.424,1.0,0.948,0.8,0.026,-0.15,-0.098,0.15
327,6,0.262,0.75,0.786,0.85,0.288,0.85,0.164,0.2
328,6,0.1,0.5,0.624,0.9,0.55,1.0,0.426,0.25
329,,-0.05,0.35,0.474,0.75,0.4,0.85,0.276,0.1
330,1,0.95,0.612,0.524,0.588,0.15,0.688,0.326,0.362
331,1,1.0,0.874,0.574,0.426,-0.1,0.526,0.376,0.624
332,5,0.75,0.712,0.624,0.688,0.9,0.788,0.426,0.462
333,5,0.5,0.55,0.674,0.95,1.0,1.0,0.476,0.3
334,,0.35,0.4,0.524,0.8,0.85,0.85,0.326,0.15
335,,0.2,0.25,0.374,0.65,0.7,0.7,0.176,0.0
336,,0.05,0.1,0.224,0.5,0.55,0.55,0.026,-0.15
337,8,0.312,0.15,0.062,0.25,0.388,0.6,0.288,0.85
338,8,0.574,0.2,-0.1,0.0,0.226,0.65,0.55,1.0
339,3,0.624,0.462,0.9,0.262,0.276,0.488,0.3,0.838
340,3,0.674,0.724,1.0,0.524,0.326,0.326,0.05,0.676
341,,0.524,0.574,0.85,0.374,0.176,0.176,-0.1,0.526
342,7,0.574,0.412,0.6,0.212,0.226,0.438,0.9,0.788
343,7,0.624,0.25,0.35,0.05,0.276,0.7,1.0,1.0
344,,0.474,0.1,0.2,-0.1,0.126,0.55,0.85,0.85
345,4,0.312,0.15,0.462,0.9,0.388,0.6,0.688,0.6
346,4,0.15,0.2,0.724,1.0,0.65,0.65,0.526,0.35
347,,0.0,0.05,0.574,0.85,0.5,0.5,0.376,0.2
348,,-0.15,-0.1,0.424,0.7,0.35,0.35,0.226,0.05
349,1,0.85,0.162,0.474,0.538,0.1,0.188,0.276,0.312
350,1,1.0,0.424,0.524,0.376,-0.15,0.026,0.326,0.574
351,5,0.75,0.262,0.574,0.638,0.85,0.288,0.376,0.412
352,5,0.5,0.1,0.624,0.9,1.0,0.55,0.426,0.25
353,,0.35,-0.05,0.474,0.75,0.85,0.4,0.276,0.1
354,2,0.612,0.95,0.736,0.8,0.688,0.15,0.114,0.15
355,2,0.874,1.0,0.998,0.85,0.526,-0.1,-0.048,0.2
356,6,0.712,0.75,0.836,0.9,0.788,0.9,0.214,0.25
357,6,0.55,0.5,0.674,0.95,1.0,1.0,0.476,0.3
358,,0.4,0.35,0.524,0.8,0.85,0.85,0.326,0.15
359,,0.25,0.2,0.374,0.65,0.7,0.7,0.176,0.0
360,,0.1,0.05,0.224,0.5,0.55,0.55,0.026,-0.15
361,8,0.362,0.1,0.062,0.25,0.388,0.6,0.288,0.85
362,8,0.624,0.15,-0.1,0.0,0.226,0.65,0.55,1.0
363,3,0.674,0.412,0.9,0.262,0.276,0.488,0.3,0.838
364,3,0.724,0.674,1.0,0.524,0.326,0.326,0.05,0.676
365,,0.574,0.524,0.85,0.374,0.176,0.176,-0.1,0.526
366,7,0.624,0.362,0.6,0.212,0.226,0.438,0.9,0.788
367,7,0.674,0.2,0.35,0.05,0.276,0.7,1.0,1.0
368,,0.524,0.05,0.2,-0.1,0.126,0.55,0.85,0.85
369,4,0.362,0.1,0.462,0.9,0.388,0.6,0.688,0.6
370,4,0.2,0.15,0.724,1.0,0.65,0.65,0.526,0.35
371,,0.05,0.0,0.574,0.85,0.5,0.5,0.376,0.2
372,,-0.1,-0.15,0.424,0.7,0.35,0.35,0.226,0.05
373,2,0.162,0.85,0.686,0.75,0.188,0.1,0.064,0.1
374,2,0.424,1.0,0.948,0.8,0.026,-0.15,-0.098,0.15
375,6,0.262,0.75,0.786,0.85,0.288,0.85,0.164,0.2
376,6,0.1,0.5,0.624,0.9,0.55,1.0,0.426,0.25
377,,-0.05,0.35,0.474,0.75,0.4,0.85,0.276,0.1
378,1,0.95,0.612,0.524,0.588,0.15,0.688,0.326,0.362
379,1,1.0,0.874,0.574,0.426,-0.1,0.526,0.376,0.624
380,5,0.75,0.712,0.624,0.688,0.9,0.788,0.426,0.462
381,5,0.5,0.55,0.674,0.95,1.0,1.0,0.476,0.3
382,,0.35,0.4,0.524,0.8,0.85,0.85,0.326,0.15
383,,0.2,0.25,0.374,0.65,0.7,0.7,0.176,0.0
384,,0.05,0.1,0.224,0.5,0.55,0.55,0.026,-0.15
385,8,0.312,0.15,0.062,0.25,0.388,0.6,0.288,0.85
386,8,0.574,0.2,-0.1,0.0,0.226,0.65,0.55,1.0
387,3,0.624,0.462,0.9,0.262,0.276,0.488,0.3,0.838
388,3,0.674,0.724,1.0,0.524,0.326,0.326,0.05,0.676
389,,0.524,0.574,0.85,0.374,0.176,0.176,-0.1,0.526
390,7,0.574,0.412,0.6,0.212,0.226,0.438,0.9,0.788
391,7,0.624,0.25,0.35,0.05,0.276,0.7,1.0,1.0
392,,0.474,0.1,0.2,-0.1,0.126,0.55,0.85,0.85
393,4,0.312,0.15,0.462,0.9,0.388,0.6,0.688,0.6
394,4,0.15,0.2,0.724,1.0,0.65,0.65,0.526,0.35
395,,0.0,0.05,0.574,0.85,0.5,0.5,0.376,0.2
396,,-0.15,-0.1,0.424,0.7,0.35,0.35,0.226,0.05
397,1,0.85,0.162,0.474,0.538,0.1,0.188,0.276,0.312
398,1,1.0,0.424,0.524,0.376,-0.15,0.026,0.326,0.574
399,5,0.75,0.262,0.574,0.638,0.85,0.288,0.376,0.412
400,5,0.5,0.1,0.624,0.9,1.0,0.55,0.426,0.25
401,,0.35,-0.05,0.474,0.75,0.85,0.4,0.276,0.1
402,2,0.612,0.95,0.736,0.8,0.688,0.15,0.114,0.15
403,2,0.874,1.0,0.998,0.85,0.526,-0.1,-0.048,0.2
404,6,0.712,0.75,0.836,0.9,0.788,0.9,0.214,0.25
405,6,0.55,0.5,0.674,0.95,1.0,1.0,0.476,0.3
406,,0.4,0.35,0.524,0.8,0.85,0.85,0.326,0.15
407,,0.25,0.2,0.374,0.65,0.7,0.7,0.176,0.0
408,,0.1,0.05,0.224,0.5,0.55,0.55,0.026,-0.15
409,8,0.362,0.1,0.062,0.25,0.388,0.6,0.288,0.85
410,8,0.624,0.15,-0.1,0.0,0.226,0.65,0.55,1.0
411,3,0.674,0.412,0.9,0.262,0.276,0.488,0.3,0.838
412,3,0.724,0.674,1.0,0.524,0.326,0.326,0.05,0.676
413,,0.574,0.524,0.85,0.374,0.176,0.176,-0.1,0.526
414,7,0.624,0.362,0.6,0.212,0.226,0.438,0.9,0.788
415,7,0.674,0.2,0.35,0.05,0.276,0.7,1.0,1.0
416,,0.524,0.05,0.2,-0.1,0.126,0.55,0.85,0.85
417,4,0.362,0.1,0.462,0.9,0.388,0.6,0.688,0.6
418,4,0.2,0.15,0.724,1.0,0.65,0.65,0.526,0.35
419,,0.05,0.0,0.574,0.85,0.5,0.5,0.376,0.2
420,,-0.1,-0.15,0.424,0.7,0.35,0.35,0.226,0.05
421,2,0.162,0.85,0.686,0.75,0.188,0.1,0.064,0.1
422,2,0.424,1.0,0.948,0.8,0.026,-0.15,-0.098,0.15
423,6,0.262,0.75,0.786,0.85,0.288,0.85,0.164,0.2
424,6,0.1,0.5,0.624,0.9,0.55,1.0,0.426,0.25
425,,-0.05,0.35,0.474,0.75,0.4,0.85,0.276,0.1
426,1,0.95,0.612,0.524,0.588,0.15,0.688,0.326,0.362
427,1,1.0,0.874,0.574,0.426,-0.1,0.526,0.376,0.624
428,5,0.75,0.712,0.624,0.688,0.9,0.788,0.426,0.462
429,5,0.5,0.55,0.674,0.95,1.0,1.0,0.476,0.3
430,,0.35,0.4,0.524,0.8,0.85,0.85,0.326,0.15
431,,0.2,0.25,0.374,0.65,0.7,0.7,0.176,0.0
432,,0.05,0.1,0.224,0.5,0.55,0.55,0.026,-0.15
433,8,0.312,0.15,0.062,0.25,0.388,0.6,0.288,0.85
434,8,0.574,0.2,-0.1,0.0,0.226,0.65,0.55,1.0
435,3,0.624,0.462,0.9,0.262,0.276,0.488,0.3,0.838
436,3,0.674,0.724,1.0,0.524,0.326,0.326,0.05,0.676
437,,0.524,0.574,0.85,0.374,0.176,0.176,-0.1,0.526
438,7,0.574,0.412,0.6,0.212,0.226,0.438,0.9,0.788
439,7,0.624,0.25,0.35,0.05,0.276,0.7,1.0,1.0
440,,0.474,0.1,0.2,-0.1,0.126,0.55,0.85,0.85
441,4,0.312,0.15,0.462,0.9,0.388,0.6,0.688,0.6
442,4,0.15,0.2,0.724,1.0,0.65,0.65,0.526,0.35
443,,0.0,0.05,0.574,0.85,0.5,0.5,0.376,0.2
444,,-0.15,-0.1,0.424,0.7,0.35,0.35,0.226,0.05
445,1,0.85,0.162,0.474,0.538,0.1,0.188,0.276,0.312
446,1,1.0,0.424,0.524,0.376,-0.15,0.026,0.326,0.574
447,5,0.75,0.262,0.574,0.638,0.85,0.288,0.376,0.412
448,5,0.5,0.1,0.624,0.9,1.0,0.55,0.426,0.25
449,,0.35,-0.05,0.474,0.75,0.85,0.4,0.276,0.1
450,2,0.612,0.95,0.736,0.8,0.688,0.15,0.114,0.15
451,2,0.874,1.0,0.998,0.85,0.526,-0.1,-0.048,0.2
452,6,0.712,0.75,0.836,0.9,0.788,0.9,0.214,0.25
453,6,0.55,0.5,0.674,0.95,1.0,1.0,0.476,0.3
454,,0.4,0.35,0.524,0.8,0.85,0.85,0.326,0.15
455,,0.25,0.2,0.374,0.65,0.7,0.7,0.176,0.0
456,,0.1,0.05,0.224,0.5,0.55,0.55,0.026,-0.15
457,8,0.362,0.1,0.062,0.25,0.388,0.6,0.288,0.85
458,8,0.624,0.15,-0.1,0.0,0.226,0.65,0.55,1.0
459,3,0.674,0.412,0.9,0.262,0.276,0.488,0.3,0.838
460,3,0.724,0.674,1.0,0.524,0.326,0.326,0.05,0.676
461,,0.574,0.524,0.85,0.374,0.176,0.176,-0.1,0.526
462,7,0.624,0.362,0.6,0.212,0.226,0.438,0.9,0.788
463,7,0.674,0.2,0.35,0.05,0.276,0.7,1.0,1.0
464,,0.524,0.05,0.2,-0.1,0.126,0.55,0.85,0.85
465,4,0.362,0.1,0.462,0.9,0.388,0.6,0.688,0.6
466,4,0.2,0.15,0.724,1.0,0.65,0.65,0.526,0.35
467,,0.05,0.0,0.574,0.85,0.5,0.5,0.376,0.2
468,,-0.1,-0.15,0.424,0.7,0.35,0.35,0.226,0.05
469,2,0.162,0.85,0.686,0.75,0.188,0.1,0.064,0.1
470,2,0.424,1.0,0.948,0.8,0.026,-0.15,-0.098,0.15
471,6,0.262,0.75,0.786,0.85,0.288,0.85,0.164,0.2
472,6,0.1,0.5,0.624,0.9,0.55,1.0,0.426,0.25
473,,-0.05,0.35,0.474,0.75,0.4,0.85,0.276,0.1
474,1,0.95,0.612,0.524,0.588,0.15,0.688,0.326,0.362
475,1,1.0,0.874,0.574,0.426,-0.1,0.526,0.376,0.624
476,5,0.75,0.712,0.624,0.688,0.9,0.788,0.426,0.462
477,5,0.5,0.55,0.674,0.95,1.0,1.0,0.476,0.3
478,,0.35,0.4,0.524,0.8,0.85,0.85,0.326,0.15
479,,0.2,0.25,0.374,0.65,0.7,0.7,0.176,0.0
480,,0.05,0.1,0.224,0.5,0.55,0.55,0.026,-0.15
481,8,0.312,0.15,0.062,0.25,0.388,0.6,0.288,0.85
482,8,0.574,0.2,-0.1,0.0,0.226,0.65,0.55,1.0
483,3,0.624,0.462,0.9,0.262,0.276,0.488,0.3,0.838
484,3,0.674,0.724,1.0,0.524,0.326,0.326,0.05,0.676
485,,0.524,0.574,0.85,0.374,0.176,0.176,-0.1,0.526
486,7,0.574,0.412,0.6,0.212,0.226,0.438,0.9,0.788
487,7,0.624,0.25,0.35,0.05,0.276,0.7,1.0,1.0
488,,0.474,0.1,0.2,-0.1,0.126,0.55,0.85,0.85
489,4,0.312,0.15,0.462,0.9,0.388,0.6,0.688,0.6
490,4,0.15,0.2,0.724,1.0,0.65,0.65,0.526,0.35
491,,0.0,0.05,0.574,0.85,0.5,0.5,0.376,0.2
492,,-0.15,-0.1,0.424,0.7,0.35,0.35,0.226,0.05
493,1,0.85,0.162,0.474,0.538,0.1,0.188,0.276,0.312
494,1,1.0,0.424,0.524,0.376,-0.15,0.026,0.326,0.574
495,5,0.75,0.262,0.574,0.638,0.85,0.288,0.376,0.412
496,5,0.5,0.1,0.624,0.9,1.0,0.55,0.426,0.25
497,,0.35,-0.05,0.474,0.75,0.85,0.4,0.276,0.1
498,2,0.612,0.95,0.736,0.8,0.688,0.15,0.114,0.15
499,2,0.874,1.0,0.998,0.85,0.526,-0.1,-0.048,0.2
