step,active_motive,motive_1,motive_2,motive_3,motive_4,motive_5,motive_6,motive_7,motive_8
0,,0.04825,0.0493,0.00833,0.00917,0.06024,0.05537,0.02127,0.09462
1,,-0.10175,-0.1007,-0.14167,-0.14083,-0.08976,-0.09463,-0.12873,-0.05538
2,3,-0.05175,0.1613,0.85833,0.12117,-0.03976,-0.25663,-0.37873,-0.21738
3,3,-0.00175,0.4233,1.0,0.38317,0.01024,-0.41863,-0.62873,-0.37938
4,7,0.04825,0.2613,0.75,0.22117,0.06024,-0.15663,0.37127,-0.11738
5,7,0.09825,0.0993,0.5,0.05917,0.11024,0.10537,1.0,0.14462
6,,-0.05175,-0.0507,0.35,-0.09083,-0.03976,-0.04463,0.85,-0.00538
7,4,-0.21375,-0.0007,0.612,0.90917,0.22224,0.00537,0.688,-0.25538
8,4,-0.37575,0.0493,0.874,1.0,0.48424,0.05537,0.526,-0.50538
9,8,-0.11375,0.0993,0.712,0.75,0.32224,0.10537,0.788,0.49462
10,8,0.14825,0.1493,0.55,0.5,0.16024,0.15537,1.0,1.0
11,,-0.00175,-0.0007,0.4,0.35,0.01024,0.00537,0.85,0.85
12,1,0.99825,0.2613,0.45,0.188,-0.23976,-0.15663,0.9,1.0
13,1,1.0,0.5233,0.5,0.026,-0.48976,-0.31863,0.95,1.0
14,5,0.75,0.3613,0.55,0.288,0.51024,-0.05663,1.0,0.838
15,5,0.5,0.1993,0.6,0.55,1.0,0.20537,1.0,0.676
16,,0.35,0.0493,0.45,0.4,0.85,0.05537,0.85,0.526
17,,0.2,-0.1007,0.3,0.25,0.7,-0.09463,0.7,0.376
18,2,0.462,0.8993,0.562,0.3,0.538,-0.34463,0.538,0.426
19,2,0.724,1.0,0.824,0.35,0.376,-0.59463,0.376,0.476
20,6,0.562,0.75,0.662,0.4,0.638,0.40537,0.638,0.526
21,6,0.4,0.5,0.5,0.45,0.9,1.0,0.9,0.576
22,,0.25,0.35,0.35,0.3,0.75,0.85,0.75,0.426
23,,0.1,0.2,0.2,0.15,0.6,0.7,0.6,0.276
24,,-0.05,0.05,0.05,0.0,0.45,0.55,0.45,0.126
25,1,0.95,0.312,0.1,-0.162,0.2,0.388,0.5,0.388
26,1,1.0,0.574,0.15,-0.324,-0.05,0.226,0.55,0.65
27,4,0.838,0.624,0.412,0.676,0.212,0.276,0.388,0.4
28,4,0.676,0.674,0.674,1.0,0.474,0.326,0.226,0.15
29,,0.526,0.524,0.524,0.85,0.324,0.176,0.076,0.0
30,,0.376,0.374,0.374,0.7,0.174,0.026,-0.074,-0.15
31,8,0.638,0.424,0.212,0.45,0.012,0.076,0.188,0.85
32,8,0.9,0.474,0.05,0.2,-0.15,0.126,0.45,1.0
33,5,0.65,0.312,0.1,0.462,0.85,0.388,0.5,0.838
34,5,0.4,0.15,0.15,0.724,1.0,0.65,0.55,0.676
35,,0.25,0.0,0.0,0.574,0.85,0.5,0.4,0.526
36,,0.1,-0.15,-0.15,0.424,0.7,0.35,0.25,0.376
37,3,0.15,0.112,0.85,0.686,0.75,0.188,0.0,0.214
38,3,0.2,0.374,1.0,0.948,0.8,0.026,-0.25,0.052
39,7,0.25,0.212,0.75,0.786,0.85,0.288,0.75,0.314
40,7,0.3,0.05,0.5,0.624,0.9,0.55,1.0,0.576
41,,0.15,-0.1,0.35,0.474,0.75,0.4,0.85,0.426
42,2,0.412,0.9,0.612,0.524,0.588,0.15,0.688,0.476
43,2,0.674,1.0,0.874,0.574,0.426,-0.1,0.526,0.526
44,6,0.512,0.75,0.712,0.624,0.688,0.9,0.788,0.576
45,6,0.35,0.5,0.55,0.674,0.95,1.0,1.0,0.626
46,,0.2,0.35,0.4,0.524,0.8,0.85,0.85,0.476
47,,0.05,0.2,0.25,0.374,0.65,0.7,0.7,0.326
48,,-0.1,0.05,0.1,0.224,0.5,0.55,0.55,0.176
49,1,0.9,0.312,0.15,0.062,0.25,0.388,0.6,0.438
50,1,1.0,0.574,0.2,-0.1,0.0,0.226,0.65,0.7
51,4,0.838,0.624,0.462,0.9,0.262,0.276,0.488,0.45
52,4,0.676,0.674,0.724,1.0,0.524,0.326,0.326,0.2
53,,0.526,0.524,0.574,0.85,0.374,0.176,0.176,0.05
54,,0.376,0.374,0.424,0.7,0.224,0.026,0.026,-0.1
55,8,0.638,0.424,0.262,0.45,0.062,0.076,0.288,0.9
56,8,0.9,0.474,0.1,0.2,-0.1,0.126,0.55,1.0
57,5,0.65,0.312,0.15,0.462,0.9,0.388,0.6,0.838
58,5,0.4,0.15,0.2,0.724,1.0,0.65,0.65,0.676
59,,0.25,0.0,0.05,0.574,0.85,0.5,0.5,0.526
60,,0.1,-0.15,-0.1,0.424,0.7,0.35,0.35,0.376
61,2,0.362,0.85,0.162,0.474,0.538,0.1,0.188,0.426
62,2,0.624,1.0,0.424,0.524,0.376,-0.15,0.026,0.476
63,6,0.462,0.75,0.262,0.574,0.638,0.85,0.288,0.526
64,6,0.3,0.5,0.1,0.624,0.9,1.0,0.55,0.576
65,,0.15,0.35,-0.05,0.474,0.75,0.85,0.4,0.426
66,3,0.2,0.612,0.95,0.736,0.8,0.688,0.15,0.264
67,3,0.25,0.874,1.0,0.998,0.85,0.526,-0.1,0.102
68,7,0.3,0.712,0.75,0.836,0.9,0.788,0.9,0.364
69,7,0.35,0.55,0.5,0.674,0.95,1.0,1.0,0.626
70,,0.2,0.4,0.35,0.524,0.8,0.85,0.85,0.476
71,,0.05,0.25,0.2,0.374,0.65,0.7,0.7,0.326
72,,-0.1,0.1,0.05,0.224,0.5,0.55,0.55,0.176
73,1,0.9,0.362,0.1,0.062,0.25,0.388,0.6,0.438
74,1,1.0,0.624,0.15,-0.1,0.0,0.226,0.65,0.7
75,4,0.838,0.674,0.412,0.9,0.262,0.276,0.488,0.45
76,4,0.676,0.724,0.674,1.0,0.524,0.326,0.326,0.2
77,,0.526,0.574,0.524,0.85,0.374,0.176,0.176,0.05
78,,0.376,0.424,0.374,0.7,0.224,0.026,0.026,-0.1
79,8,0.638,0.474,0.212,0.45,0.062,0.076,0.288,0.9
80,8,0.9,0.524,0.05,0.2,-0.1,0.126,0.55,1.0
81,5,0.65,0.362,0.1,0.462,0.9,0.388,0.6,0.838
82,5,0.4,0.2,0.15,0.724,1.0,0.65,0.65,0.676
83,,0.25,0.05,0.0,0.574,0.85,0.5,0.5,0.526
84,,0.1,-0.1,-0.15,0.424,0.7,0.35,0.35,0.376
85,3,0.15,0.162,0.85,0.686,0.75,0.188,0.1,0.214
86,3,0.2,0.424,1.0,0.948,0.8,0.026,-0.15,0.052
87,7,0.25,0.262,0.75,0.786,0.85,0.288,0.85,0.314
88,7,0.3,0.1,0.5,0.624,0.9,0.55,1.0,0.576
89,,0.15,-0.05,0.35,0.474,0.75,0.4,0.85,0.426
90,2,0.412,0.95,0.612,0.524,0.588,0.15,0.688,0.476
91,2,0.674,1.0,0.874,0.574,0.426,-0.1,0.526,0.526
92,6,0.512,0.75,0.712,0.624,0.688,0.9,0.788,0.576
93,6,0.35,0.5,0.55,0.674,0.95,1.0,1.0,0.626
94,,0.2,0.35,0.4,0.524,0.8,0.85,0.85,0.476
95,,0.05,0.2,0.25,0.374,0.65,0.7,0.7,0.326
96,,-0.1,0.05,0.1,0.224,0.5,0.55,0.55,0.176
97,1,0.9,0.312,0.15,0.062,0.25,0.388,0.6,0.438
98,1,1.0,0.574,0.2,-0.1,0.0,0.226,0.65,0.7
99,4,0.838,0.624,0.462,0.9,0.262,0.276,0.488,0.45
100,4,0.676,0.674,0.724,1.0,0.524,0.326,0.326,0.2
101,,0.526,0.524,0.574,0.85,0.374,0.176,0.176,0.05
102,,0.376,0.374,0.424,0.7,0.224,0.026,0.026,-0.1
103,8,0.638,0.424,0.262,0.45,0.062,0.076,0.288,0.9
104,8,0.9,0.474,0.1,0.2,-0.1,0.126,0.55,1.0
105,5,0.65,0.312,0.15,0.462,0.9,0.388,0.6,0.838
106,5,0.4,0.15,0.2,0.724,1.0,0.65,0.65,0.676
107,,0.25,0.0,0.05,0.574,0.85,0.5,0.5,0.526
108,,0.1,-0.15,-0.1,0.424,0.7,0.35,0.35,0.376
109,2,0.362,0.85,0.162,0.474,0.538,0.1,0.188,0.426
110,2,0.624,1.0,0.424,0.524,0.376,-0.15,0.026,0.476
111,6,0.462,0.75,0.262,0.574,0.638,0.85,0.288,0.526
112,6,0.3,0.5,0.1,0.624,0.9,1.0,0.55,0.576
113,,0.15,0.35,-0.05,0.474,0.75,0.85,0.4,0.426
114,3,0.2,0.612,0.95,0.736,0.8,0.688,0.15,0.264
115,3,0.25,0.874,1.0,0.998,0.85,0.526,-0.1,0.102
116,7,0.3,0.712,0.75,0.836,0.9,0.788,0.9,0.364
117,7,0.35,0.55,0.5,0.674,0.95,1.0,1.0,0.626
118,,0.2,0.4,0.35,0.524,0.8,0.85,0.85,0.476
119,,0.05,0.25,0.2,0.374,0.65,0.7,0.7,0.326
120,,-0.1,0.1,0.05,0.224,0.5,0.55,0.55,0.176
121,1,0.9,0.362,0.1,0.062,0.25,0.388,0.6,0.438
122,1,1.0,0.624,0.15,-0.1,0.0,0.226,0.65,0.7
123,4,0.838,0.674,0.412,0.9,0.262,0.276,0.488,0.45
124,4,0.676,0.724,0.674,1.0,0.524,0.326,0.326,0.2
125,,0.526,0.574,0.524,0.85,0.374,0.176,0.176,0.05
126,,0.376,0.424,0.374,0.7,0.224,0.026,0.026,-0.1
127,8,0.638,0.474,0.212,0.45,0.062,0.076,0.288,0.9
128,8,0.9,0.524,0.05,0.2,-0.1,0.126,0.55,1.0
129,5,0.65,0.362,0.1,0.462,0.9,0.388,0.6,0.838
130,5,0.4,0.2,0.15,0.724,1.0,0.65,0.65,0.676
131,,0.25,0.05,0.0,0.574,0.85,0.5,0.5,0.526
132,,0.1,-0.1,-0.15,0.424,0.7,0.35,0.35,0.376
133,3,0.15,0.162,0.85,0.686,0.75,0.188,0.1,0.214
134,3,0.2,0.424,1.0,0.948,0.8,0.026,-0.15,0.052
135,7,0.25,0.262,0.75,0.786,0.85,0.288,0.85,0.314
136,7,0.3,0.1,0.5,0.624,0.9,0.55,1.0,0.576
137,,0.15,-0.05,0.35,0.474,0.75,0.4,0.85,0.426
138,2,0.412,0.95,0.612,0.524,0.588,0.15,0.688,0.476
139,2,0.674,1.0,0.874,0.574,0.426,-0.1,0.526,0.526
140,6,0.512,0.75,0.712,0.624,0.688,0.9,0.788,0.576
141,6,0.35,0.5,0.55,0.674,0.95,1.0,1.0,0.626
142,,0.2,0.35,0.4,0.524,0.8,0.85,0.85,0.476
143,,0.05,0.2,0.25,0.374,0.65,0.7,0.7,0.326
144,,-0.1,0.05,0.1,0.224,0.5,0.55,0.55,0.176
145,1,0.9,0.312,0.15,0.062,0.25,0.388,0.6,0.438
146,1,1.0,0.574,0.2,-0.1,0.0,0.226,0.65,0.7
147,4,0.838,0.624,0.462,0.9,0.262,0.276,0.488,0.45
148,4,0.676,0.674,0.724,1.0,0.524,0.326,0.326,0.2
149,,0.526,0.524,0.574,0.85,0.374,0.176,0.176,0.05
150,,0.376,0.374,0.424,0.7,0.224,0.026,0.026,-0.1
151,8,0.638,0.424,0.262,0.45,0.062,0.076,0.288,0.9
152,8,0.9,0.474,0.1,0.2,-0.1,0.126,0.55,1.0
153,5,0.65,0.312,0.15,0.462,0.9,0.388,0.6,0.838
154,5,0.4,0.15,0.2,0.724,1.0,0.65,0.65,0.676
155,,0.25,0.0,0.05,0.574,0.85,0.5,0.5,0.526
156,,0.1,-0.15,-0.1,0.424,0.7,0.35,0.35,0.376
157,2,0.362,0.85,0.162,0.474,0.538,0.1,0.188,0.426
158,2,0.624,1.0,0.424,0.524,0.376,-0.15,0.026,0.476
159,6,0.462,0.75,0.262,0.574,0.638,0.85,0.288,0.526
160,6,0.3,0.5,0.1,0.624,0.9,1.0,0.55,0.576
161,,0.15,0.35,-0.05,0.474,0.75,0.85,0.4,0.426
162,3,0.2,0.612,0.95,0.736,0.8,0.688,0.15,0.264
163,3,0.25,0.874,1.0,0.998,0.85,0.526,-0.1,0.102
164,7,0.3,0.712,0.75,0.836,0.9,0.788,0.9,0.364
165,7,0.35,0.55,0.5,0.674,0.95,1.0,1.0,0.626
166,,0.2,0.4,0.35,0.524,0.8,0.85,0.85,0.476
167,,0.05,0.25,0.2,0.374,0.65,0.7,0.7,0.326
168,,-0.1,0.1,0.05,0.224,0.5,0.55,0.55,0.176
169,1,0.9,0.362,0.1,0.062,0.25,0.388,0.6,0.438
170,1,1.0,0.624,0.15,-0.1,0.0,0.226,0.65,0.7
171,4,0.838,0.674,0.412,0.9,0.262,0.276,0.488,0.45
172,4,0.676,0.724,0.674,1.0,0.524,0.326,0.326,0.2
173,,0.526,0.574,0.524,0.85,0.374,0.176,0.176,0.05
174,,0.376,0.424,0.374,0.7,0.224,0.026,0.026,-0.1
175,8,0.638,0.474,0.212,0.45,0.062,0.076,0.288,0.9
176,8,0.9,0.524,0.05,0.2,-0.1,0.126,0.55,1.0
177,5,0.65,0.362,0.1,0.462,0.9,0.388,0.6,0.838
178,5,0.4,0.2,0.15,0.724,1.0,0.65,0.65,0.676
179,,0.25,0.05,0.0,0.574,0.85,0.5,0.5,0.526
180,,0.1,-0.1,-0.15,0.424,0.7,0.35,0.35,0.376
181,3,0.15,0.162,0.85,0.686,0.75,0.188,0.1,0.214
182,3,0.2,0.424,1.0,0.948,0.8,0.026,-0.15,0.052
183,7,0.25,0.262,0.75,0.786,0.85,0.288,0.85,0.314
184,7,0.3,0.1,0.5,0.624,0.9,0.55,1.0,0.576
185,,0.15,-0.05,0.35,0.474,0.75,0.4,0.85,0.426
186,2,0.412,0.95,0.612,0.524,0.588,0.15,0.688,0.476
187,2,0.674,1.0,0.874,0.574,0.426,-0.1,0.526,0.526
188,6,0.512,0.75,0.712,0.624,0.688,0.9,0.788,0.576
189,6,0.35,0.5,0.55,0.674,0.95,1.0,1.0,0.626
190,,0.2,0.35,0.4,0.524,0.8,0.85,0.85,0.476
191,,0.05,0.2,0.25,0.374,0.65,0.7,0.7,0.326
192,,-0.1,0.05,0.1,0.224,0.5,0.55,0.55,0.176
193,1,0.9,0.312,0.15,0.062,0.25,0.388,0.6,0.438
194,1,1.0,0.574,0.2,-0.1,0.0,0.226,0.65,0.7
195,4,0.838,0.624,0.462,0.9,0.262,0.276,0.488,0.45
196,4,0.676,0.674,0.724,1.0,0.524,0.326,0.326,0.2
197,,0.526,0.524,0.574,0.85,0.374,0.176,0.176,0.05
198,,0.376,0.374,0.424,0.7,0.224,0.026,0.026,-0.1
199,8,0.638,0.424,0.262,0.45,0.062,0.076,0.288,0.9
200,8,0.9,0.474,0.1,0.2,-0.1,0.126,0.55,1.0
201,5,0.65,0.312,0.15,0.462,0.9,0.388,0.6,0.838
202,5,0.4,0.15,0.2,0.724,1.0,0.65,0.65,0.676
203,,0.25,0.0,0.05,0.574,0.85,0.5,0.5,0.526
204,,0.1,-0.15,-0.1,0.424,0.7,0.35,0.35,0.376
205,2,0.362,0.85,0.162,0.474,0.538,0.1,0.188,0.426
206,2,0.624,1.0,0.424,0.524,0.376,-0.15,0.026,0.476
207,6,0.462,0.75,0.262,0.574,0.638,0.85,0.288,0.526
208,6,0.3,0.5,0.1,0.624,0.9,1.0,0.55,0.576
209,,0.15,0.35,-0.05,0.474,0.75,0.85,0.4,0.426
210,3,0.2,0.612,0.95,0.736,0.8,0.688,0.15,0.264
211,3,0.25,0.874,1.0,0.998,0.85,0.526,-0.1,0.102
212,7,0.3,0.712,0.75,0.836,0.9,0.788,0.9,0.364
213,7,0.35,0.55,0.5,0.674,0.95,1.0,1.0,0.626
214,,0.2,0.4,0.35,0.524,0.8,0.85,0.85,0.476
215,,0.05,0.25,0.2,0.374,0.65,0.7,0.7,0.326
216,,-0.1,0.1,0.05,0.224,0.5,0.55,0.55,0.176
217,1,0.9,0.362,0.1,0.062,0.25,0.388,0.6,0.438
218,1,1.0,0.624,0.15,-0.1,0.0,0.226,0.65,0.7
219,4,0.838,0.674,0.412,0.9,0.262,0.276,0.488,0.45
220,4,0.676,0.724,0.674,1.0,0.524,0.326,0.326,0.2
221,,0.526,0.574,0.524,0.85,0.374,0.176,0.176,0.05
222,,0.376,0.424,0.374,0.7,0.224,0.026,0.026,-0.1
223,8,0.638,0.474,0.212,0.45,0.062,0.076,0.288,0.9
224,8,0.9,0.524,0.05,0.2,-0.1,0.126,0.55,1.0
225,5,0.65,0.362,0.1,0.462,0.9,0.388,0.6,0.838
226,5,0.4,0.2,0.15,0.724,1.0,0.65,0.65,0.676
227,,0.25,0.05,0.0,0.574,0.85,0.5,0.5,0.526
228,,0.1,-0.1,-0.15,0.424,0.7,0.35,0.35,0.376
229,3,0.15,0.162,0.85,0.686,0.75,0.188,0.1,0.214
230,3,0.2,0.424,1.0,0.948,0.8,0.026,-0.15,0.052
231,7,0.25,0.262,0.75,0.786,0.85,0.288,0.85,0.314
232,7,0.3,0.1,0.5,0.624,0.9,0.55,1.0,0.576
233,,0.15,-0.05,0.35,0.474,0.75,0.4,0.85,0.426
234,2,0.412,0.95,0.612,0.524,0.588,0.15,0.688,0.476
235,2,0.674,1.0,0.874,0.574,0.426,-0.1,0.526,0.526
236,6,0.512,0.75,0.712,0.624,0.688,0.9,0.788,0.576
237,6,0.35,0.5,0.55,0.674,0.95,1.0,1.0,0.626
238,,0.2,0.35,0.4,0.524,0.8,0.85,0.85,0.476
239,,0.05,0.2,0.25,0.374,0.65,0.7,0.7,0.326
240,,-0.1,0.05,0.1,0.224,0.5,0.55,0.55,0.176
241,1,0.9,0.312,0.15,0.062,0.25,0.388,0.6,0.438
242,1,1.0,0.574,0.2,-0.1,0.0,0.226,0.65,0.7
243,4,0.838,0.624,0.462,0.9,0.262,0.276,0.488,0.45
244,4,0.676,0.674,0.724,1.0,0.524,0.326,0.326,0.2
245,,0.526,0.524,0.574,0.85,0.374,0.176,0.176,0.05
246,,0.376,0.374,0.424,0.7,0.224,0.026,0.026,-0.1
247,8,0.638,0.424,0.262,0.45,0.062,0.076,0.288,0.9
248,8,0.9,0.474,0.1,0.2,-0.1,0.126,0.55,1.0
249,5,0.65,0.312,0.15,0.462,0.9,0.388,0.6,0.838
250,5,0.4,0.15,0.2,0.724,1.0,0.65,0.65,0.676
251,,0.25,0.0,0.05,0.574,0.85,0.5,0.5,0.526
252,,0.1,-0.15,-0.1,0.424,0.7,0.35,0.35,0.376
253,2,0.362,0.85,0.162,0.474,0.538,0.1,0.188,0.426
254,2,0.624,1.0,0.424,0.524,0.376,-0.15,0.026,0.476
255,6,0.462,0.75,0.262,0.574,0.638,0.85,0.288,0.526
256,6,0.3,0.5,0.1,0.624,0.9,1.0,0.55,0.576
257,,0.15,0.35,-0.05,0.474,0.75,0.85,0.4,0.426
258,3,0.2,0.612,0.95,0.736,0.8,0.688,0.15,0.264
259,3,0.25,0.874,1.0,0.998,0.85,0.526,-0.1,0.102
260,7,0.3,0.712,0.75,0.836,0.9,0.788,0.9,0.364
261,7,0.35,0.55,0.5,0.674,0.95,1.0,1.0,0.626
262,,0.2,0.4,0.35,0.524,0.8,0.85,0.85,0.476
263,,0.05,0.25,0.2,0.374,0.65,0.7,0.7,0.326
264,,-0.1,0.1,0.05,0.224,0.5,0.55,0.55,0.176
265,1,0.9,0.362,0.1,0.062,0.25,0.388,0.6,0.438
266,1,1.0,0.624,0.15,-0.1,0.0,0.226,0.65,0.7
267,4,0.838,0.674,0.412,0.9,0.262,0.276,0.488,0.45
268,4,0.676,0.724,0.674,1.0,0.524,0.326,0.326,0.2
269,,0.526,0.574,0.524,0.85,0.374,0.176,0.176,0.05
270,,0.376,0.424,0.374,0.7,0.224,0.026,0.026,-0.1
271,8,0.638,0.474,0.212,0.45,0.062,0.076,0.288,0.9
272,8,0.9,0.524,0.05,0.2,-0.1,0.126,0.55,1.0
273,5,0.65,0.362,0.1,0.462,0.9,0.388,0.6,0.838
274,5,0.4,0.2,0.15,0.724,1.0,0.65,0.65,0.676
275,,0.25,0.05,0.0,0.574,0.85,0.5,0.5,0.526
276,,0.1,-0.1,-0.15,0.424,0.7,0.35,0.35,0.376
277,3,0.15,0.162,0.85,0.686,0.75,0.188,0.1,0.214
278,3,0.2,0.424,1.0,0.948,0.8,0.026,-0.15,0.052
279,7,0.25,0.262,0.75,0.786,0.85,0.288,0.85,0.314
280,7,0.3,0.1,0.5,0.624,0.9,0.55,1.0,0.576
281,,0.15,-0.05,0.35,0.474,0.75,0.4,0.85,0.426
282,2,0.412,0.95,0.612,0.524,0.588,0.15,0.688,0.476
283,2,0.674,1.0,0.874,0.574,0.426,-0.1,0.526,0.526
284,6,0.512,0.75,0.712,0.624,0.688,0.9,0.788,0.576
285,6,0.35,0.5,0.55,0.674,0.95,1.0,1.0,0.626
286,,0.2,0.35,0.4,0.524,0.8,0.85,0.85,0.476
287,,0.05,0.2,0.25,0.374,0.65,0.7,0.7,0.326
288,,-0.1,0.05,0.1,0.224,0.5,0.55,0.55,0.176
289,1,0.9,0.312,0.15,0.062,0.25,0.388,0.6,0.438
290,1,1.0,0.574,0.2,-0.1,0.0,0.226,0.65,0.7
291,4,0.838,0.624,0.462,0.9,0.262,0.276,0.488,0.45
292,4,0.676,0.674,0.724,1.0,0.524,0.326,0.326,0.2
293,,0.526,0.524,0.574,0.85,0.374,0.176,0.176,0.05
294,,0.376,0.374,0.424,0.7,0.224,0.026,0.026,-0.1
295,8,0.638,0.424,0.262,0.45,0.062,0.076,0.288,0.9
296,8,0.9,0.474,0.1,0.2,-0.1,0.126,0.55,1.0
297,5,0.65,0.312,0.15,0.462,0.9,0.388,0.6,0.838
298,5,0.4,0.15,0.2,0.724,1.0,0.65,0.65,0.676
299,,0.25,0.0,0.05,0.574,0.85,0.5,0.5,0.526
300,,0.1,-0.15,-0.1,0.424,0.7,0.35,0.35,0.376
301,2,0.362,0.85,0.162,0.474,0.538,0.1,0.188,0.426
302,2,0.624,1.0,0.424,0.524,0.376,-0.15,0.026,0.476
303,6,0.462,0.75,0.262,0.574,0.638,0.85,0.288,0.526
304,6,0.3,0.5,0.1,0.624,0.9,1.0,0.55,0.576
305,,0.15,0.35,-0.05,0.474,0.75,0.85,0.4,0.426
306,3,0.2,0.612,0.95,0.736,0.8,0.688,0.15,0.264
307,3,0.25,0.874,1.0,0.998,0.85,0.526,-0.1,0.102
308,7,0.3,0.712,0.75,0.836,0.9,0.788,0.9,0.364
309,7,0.35,0.55,0.5,0.674,0.95,1.0,1.0,0.626
310,,0.2,0.4,0.35,0.524,0.8,0.85,0.85,0.476
311,,0.05,0.25,0.2,0.374,0.65,0.7,0.7,0.326
312,,-0.1,0.1,0.05,0.224,0.5,0.55,0.55,0.176
313,1,0.9,0.362,0.1,0.062,0.25,0.388,0.6,0.438
314,1,1.0,0.624,0.15,-0.1,0.0,0.226,0.65,0.7
315,4,0.838,0.674,0.412,0.9,0.262,0.276,0.488,0.45
316,4,0.676,0.724,0.674,1.0,0.524,0.326,0.326,0.2
317,,0.526,0.574,0.524,0.85,0.374,0.176,0.176,0.05
318,,0.376,0.424,0.374,0.7,0.224,0.026,0.026,-0.1
319,8,0.638,0.474,0.212,0.45,0.062,0.076,0.288,0.9
320,8,0.9,0.524,0.05,0.2,-0.1,0.126,0.55,1.0
321,5,0.65,0.362,0.1,0.462,0.9,0.388,0.6,0.838
322,5,0.4,0.2,0.15,0.724,1.0,0.65,0.65,0.676
323,,0.25,0.05,0.0,0.574,0.85,0.5,0.5,0.526
324,,0.1,-0.1,-0.15,0.424,0.7,0.35,0.35,0.376
325,3,0.15,0.162,0.85,0.686,0.75,0.188,0.1,0.214
326,3,0.2,0.424,1.0,0.948,0.8,0.026,-0.15,0.052
327,7,0.25,0.262,0.75,0.786,0.85,0.288,0.85,0.314
328,7,0.3,0.1,0.5,0.624,0.9,0.55,1.0,0.576
329,,0.15,-0.05,0.35,0.474,0.75,0.4,0.85,0.426
330,2,0.412,0.95,0.612,0.524,0.588,0.15,0.688,0.476
331,2,0.674,1.0,0.874,0.574,0.426,-0.1,0.526,0.526
332,6,0.512,0.75,0.712,0.624,0.688,0.9,0.788,0.576
333,6,0.35,0.5,0.55,0.674,0.95,1.0,1.0,0.626
334,,0.2,0.35,0.4,0.524,0.8,0.85,0.85,0.476
335,,0.05,0.2,0.25,0.374,0.65,0.7,0.7,0.326
336,,-0.1,0.05,0.1,0.224,0.5,0.55,0.55,0.176
337,1,0.9,0.312,0.15,0.062,0.25,0.388,0.6,0.438
338,1,1.0,0.574,0.2,-0.1,0.0,0.226,0.65,0.7
339,4,0.838,0.624,0.462,0.9,0.262,0.276,0.488,0.45
340,4,0.676,0.674,0.724,1.0,0.524,0.326,0.326,0.2
341,,0.526,0.524,0.574,0.85,0.374,0.176,0.176,0.05
342,,0.376,0.374,0.424,0.7,0.224,0.026,0.026,-0.1
343,8,0.638,0.424,0.262,0.45,0.062,0.076,0.288,0.9
344,8,0.9,0.474,0.1,0.2,-0.1,0.126,0.55,1.0
345,5,0.65,0.312,0.15,0.462,0.9,0.388,0.6,0.838
346,5,0.4,0.15,0.2,0.724,1.0,0.65,0.65,0.676
347,,0.25,0.0,0.05,0.574,0.85,0.5,0.5,0.526
348,,0.1,-0.15,-0.1,0.424,0.7,0.35,0.35,0.376
349,2,0.362,0.85,0.162,0.474,0.538,0.1,0.188,0.426
350,2,0.624,1.0,0.424,0.524,0.376,-0.15,0.026,0.476
351,6,0.462,0.75,0.262,0.574,0.638,0.85,0.288,0.526
352,6,0.3,0.5,0.1,0.624,0.9,1.0,0.55,0.576
353,,0.15,0.35,-0.05,0.474,0.75,0.85,0.4,0.426
354,3,0.2,0.612,0.95,0.736,0.8,0.688,0.15,0.264
355,3,0.25,0.874,1.0,0.998,0.85,0.526,-0.1,0.102
356,7,0.3,0.712,0.75,0.836,0.9,0.788,0.9,0.364
357,7,0.35,0.55,0.5,0.674,0.95,1.0,1.0,0.626
358,,0.2,0.4,0.35,0.524,0.8,0.85,0.85,0.476
359,,0.05,0.25,0.2,0.374,0.65,0.7,0.7,0.326
360,,-0.1,0.1,0.05,0.224,0.5,0.55,0.55,0.176
361,1,0.9,0.362,0.1,0.062,0.25,0.388,0.6,0.438
362,1,1.0,0.624,0.15,-0.1,0.0,0.226,0.65,0.7
363,4,0.838,0.674,0.412,0.9,0.262,0.276,0.488,0.45
364,4,0.676,0.724,0.674,1.0,0.524,0.326,0.326,0.2
365,,0.526,0.574,0.524,0.85,0.374,0.176,0.176,0.05
366,,0.376,0.424,0.374,0.7,0.224,0.026,0.026,-0.1
367,8,0.638,0.474,0.212,0.45,0.062,0.076,0.288,0.9
368,8,0.9,0.524,0.05,0.2,-0.1,0.126,0.55,1.0
369,5,0.65,0.362,0.1,0.462,0.9,0.388,0.6,0.838
370,5,0.4,0.2,0.15,0.724,1.0,0.65,0.65,0.676
371,,0.25,0.05,0.0,0.574,0.85,0.5,0.5,0.526
372,,0.1,-0.1,-0.15,0.424,0.7,0.35,0.35,0.376
373,3,0.15,0.162,0.85,0.686,0.75,0.188,0.1,0.214
374,3,0.2,0.424,1.0,0.948,0.8,0.026,-0.15,0.052
375,7,0.25,0.262,0.75,0.786,0.85,0.288,0.85,0.314
376,7,0.3,0.1,0.5,0.624,0.9,0.55,1.0,0.576
377,,0.15,-0.05,0.35,0.474,0.75,0.4,0.85,0.426
378,2,0.412,0.95,0.612,0.524,0.588,0.15,0.688,0.476
379,2,0.674,1.0,0.874,0.574,0.426,-0.1,0.526,0.526
380,6,0.512,0.75,0.712,0.624,0.688,0.9,0.788,0.576
381,6,0.35,0.5,0.55,0.674,0.95,1.0,1.0,0.626
382,,0.2,0.35,0.4,0.524,0.8,0.85,0.85,0.476
383,,0.05,0.2,0.25,0.374,0.65,0.7,0.7,0.326
384,,-0.1,0.05,0.1,0.224,0.5,0.55,0.55,0.176
385,1,0.9,0.312,0.15,0.062,0.25,0.388,0.6,0.438
386,1,1.0,0.574,0.2,-0.1,0.0,0.226,0.65,0.7
387,4,0.838,0.624,0.462,0.9,0.262,0.276,0.488,0.45
388,4,0.676,0.674,0.724,1.0,0.524,0.326,0.326,0.2
389,,0.526,0.524,0.574,0.85,0.374,0.176,0.176,0.05
390,,0.376,0.374,0.424,0.7,0.224,0.026,0.026,-0.1
391,8,0.638,0.424,0.262,0.45,0.062,0.076,0.288,0.9
392,8,0.9,0.474,0.1,0.2,-0.1,0.126,0.55,1.0
393,5,0.65,0.312,0.15,0.462,0.9,0.388,0.6,0.838
394,5,0.4,0.15,0.2,0.724,1.0,0.65,0.65,0.676
395,,0.25,0.0,0.05,0.574,0.85,0.5,0.5,0.526
396,,0.1,-0.15,-0.1,0.424,0.7,0.35,0.35,0.376
397,2,0.362,0.85,0.162,0.474,0.538,0.1,0.188,0.426
398,2,0.624,1.0,0.424,0.524,0.376,-0.15,0.026,0.476
399,6,0.462,0.75,0.262,0.574,0.638,0.85,0.288,0.526
400,6,0.3,0.5,0.1,0.624,0.9,1.0,0.55,0.576
401,,0.15,0.35,-0.05,0.474,0.75,0.85,0.4,0.426
402,3,0.2,0.612,0.95,0.736,0.8,0.688,0.15,0.264
403,3,0.25,0.874,1.0,0.998,0.85,0.526,-0.1,0.102
404,7,0.3,0.712,0.75,0.836,0.9,0.788,0.9,0.364
405,7,0.35,0.55,0.5,0.674,0.95,1.0,1.0,0.626
406,,0.2,0.4,0.35,0.524,0.8,0.85,0.85,0.476
407,,0.05,0.25,0.2,0.374,0.65,0.7,0.7,0.326
408,,-0.1,0.1,0.05,0.224,0.5,0.55,0.55,0.176
409,1,0.9,0.362,0.1,0.062,0.25,0.388,0.6,0.438
410,1,1.0,0.624,0.15,-0.1,0.0,0.226,0.65,0.7
411,4,0.838,0.674,0.412,0.9,0.262,0.276,0.488,0.45
412,4,0.676,0.724,0.674,1.0,0.524,0.326,0.326,0.2
413,,0.526,0.574,0.524,0.85,0.374,0.176,0.176,0.05
414,,0.376,0.424,0.374,0.7,0.224,0.026,0.026,-0.1
415,8,0.638,0.474,0.212,0.45,0.062,0.076,0.288,0.9
416,8,0.9,0.524,0.05,0.2,-0.1,0.126,0.55,1.0
417,5,0.65,0.362,0.1,0.462,0.9,0.388,0.6,0.838
418,5,0.4,0.2,0.15,0.724,1.0,0.65,0.65,0.676
419,,0.25,0.05,0.0,0.574,0.85,0.5,0.5,0.526
420,,0.1,-0.1,-0.15,0.424,0.7,0.35,0.35,0.376
421,3,0.15,0.162,0.85,0.686,0.75,0.188,0.1,0.214
422,3,0.2,0.424,1.0,0.948,0.8,0.026,-0.15,0.052
423,7,0.25,0.262,0.75,0.786,0.85,0.288,0.85,0.314
424,7,0.3,0.1,0.5,0.624,0.9,0.55,1.0,0.576
425,,0.15,-0.05,0.35,0.474,0.75,0.4,0.85,0.426
426,2,0.412,0.95,0.612,0.524,0.588,0.15,0.688,0.476
427,2,0.674,1.0,0.874,0.574,0.426,-0.1,0.526,0.526
428,6,0.512,0.75,0.712,0.624,0.688,0.9,0.788,0.576
429,6,0.35,0.5,0.55,0.674,0.95,1.0,1.0,0.626
430,,0.2,0.35,0.4,0.524,0.8,0.85,0.85,0.476
431,,0.05,0.2,0.25,0.374,0.65,0.7,0.7,0.326
432,,-0.1,0.05,0.1,0.224,0.5,0.55,0.55,0.176
433,1,0.9,0.312,0.15,0.062,0.25,0.388,0.6,0.438
434,1,1.0,0.574,0.2,-0.1,0.0,0.226,0.65,0.7
435,4,0.838,0.624,0.462,0.9,0.262,0.276,0.488,0.45
436,4,0.676,0.674,0.724,1.0,0.524,0.326,0.326,0.2
437,,0.526,0.524,0.574,0.85,0.374,0.176,0.176,0.05
438,,0.376,0.374,0.424,0.7,0.224,0.026,0.026,-0.1
439,8,0.638,0.424,0.262,0.45,0.062,0.076,0.288,0.9
440,8,0.9,0.474,0.1,0.2,-0.1,0.126,0.55,1.0
441,5,0.65,0.312,0.15,0.462,0.9,0.388,0.6,0.838
442,5,0.4,0.15,0.2,0.724,1.0,0.65,0.65,0.676
443,,0.25,0.0,0.05,0.574,0.85,0.5,0.5,0.526
444,,0.1,-0.15,-0.1,0.424,0.7,0.35,0.35,0.376
445,2,0.362,0.85,0.162,0.474,0.538,0.1,0.188,0.426
446,2,0.624,1.0,0.424,0.524,0.376,-0.15,0.026,0.476
447,6,0.462,0.75,0.262,0.574,0.638,0.85,0.288,0.526
448,6,0.3,0.5,0.1,0.624,0.9,1.0,0.55,0.576
449,,0.15,0.35,-0.05,0.474,0.75,0.85,0.4,0.426
450,3,0.2,0.612,0.95,0.736,0.8,0.688,0.15,0.264
451,3,0.25,0.874,1.0,0.998,0.85,0.526,-0.1,0.102
452,7,0.3,0.712,0.75,0.836,0.9,0.788,0.9,0.364
453,7,0.35,0.55,0.5,0.674,0.95,1.0,1.0,0.626
454,,0.2,0.4,0.35,0.524,0.8,0.85,0.85,0.476
455,,0.05,0.25,0.2,0.374,0.65,0.7,0.7,0.326
456,,-0.1,0.1,0.05,0.224,0.5,0.55,0.55,0.176
457,1,0.9,0.362,0.1,0.062,0.25,0.388,0.6,0.438
458,1,1.0,0.624,0.15,-0.1,0.0,0.226,0.65,0.7
459,4,0.838,0.674,0.412,0.9,0.262,0.276,0.488,0.45
460,4,0.676,0.724,0.674,1.0,0.524,0.326,0.326,0.2
461,,0.526,0.574,0.524,0.85,0.374,0.176,0.176,0.05
462,,0.376,0.424,0.374,0.7,0.224,0.026,0.026,-0.1
463,8,0.638,0.474,0.212,0.45,0.062,0.076,0.288,0.9
464,8,0.9,0.524,0.05,0.2,-0.1,0.126,0.55,1.0
465,5,0.65,0.362,0.1,0.462,0.9,0.388,0.6,0.838
466,5,0.4,0.2,0.15,0.724,1.0,0.65,0.65,0.676
467,,0.25,0.05,0.0,0.574,0.85,0.5,0.5,0.526
468,,0.1,-0.1,-0.15,0.424,0.7,0.35,0.35,0.376
469,3,0.15,0.162,0.85,0.686,0.75,0.188,0.1,0.214
470,3,0.2,0.424,1.0,0.948,0.8,0.026,-0.15,0.052
471,7,0.25,0.262,0.75,0.786,0.85,0.288,0.85,0.314
472,7,0.3,0.1,0.5,0.624,0.9,0.55,1.0,0.576
473,,0.15,-0.05,0.35,0.474,0.75,0.4,0.85,0.426
474,2,0.412,0.95,0.612,0.524,0.588,0.15,0.688,0.476
475,2,0.674,1.0,0.874,0.574,0.426,-0.1,0.526,0.526
476,6,0.512,0.75,0.712,0.624,0.688,0.9,0.788,0.576
477,6,0.35,0.5,0.55,0.674,0.95,1.0,1.0,0.626
478,,0.2,0.35,0.4,0.524,0.8,0.85,0.85,0.476
479,,0.05,0.2,0.25,0.374,0.65,0.7,0.7,0.326
480,,-0.1,0.05,0.1,0.224,0.5,0.55,0.55,0.176
481,1,0.9,0.312,0.15,0.062,0.25,0.388,0.6,0.438
482,1,1.0,0.574,0.2,-0.1,0.0,0.226,0.65,0.7
483,4,0.838,0.624,0.462,0.9,0.262,0.276,0.488,0.45
484,4,0.676,0.674,0.724,1.0,0.524,0.326,0.326,0.2
485,,0.526,0.524,0.574,0.85,0.374,0.176,0.176,0.05
486,,0.376,0.374,0.424,0.7,0.224,0.026,0.026,-0.1
487,8,0.638,0.424,0.262,0.45,0.062,0.076,0.288,0.9
488,8,0.9,0.474,0.1,0.2,-0.1,0.126,0.55,1.0
489,5,0.65,0.312,0.15,0.462,0.9,0.388,0.6,0.838
490,5,0.4,0.15,0.2,0.724,1.0,0.65,0.65,0.676
491,,0.25,0.0,0.05,0.574,0.85,0.5,0.5,0.526
492,,0.1,-0.15,-0.1,0.424,0.7,0.35,0.35,0.376
493,2,0.362,0.85,0.162,0.474,0.538,0.1,0.188,0.426
494,2,0.624,1.0,0.424,0.524,0.376,-0.15,0.026,0.476
495,6,0.462,0.75,0.262,0.574,0.638,0.85,0.288,0.526
496,6,0.3,0.5,0.1,0.624,0.9,1.0,0.55,0.576
497,,0.15,0.35,-0.05,0.474,0.75,0.85,0.4,0.426
498,3,0.2,0.612,0.95,0.736,0.8,0.688,0.15,0.264
499,3,0.25,0.874,1.0,0.998,0.85,0.526,-0.1,0.102
