step,active_motive,motive_1,motive_2,motive_3,motive_4,motive_5,motive_6,motive_7,motive_8
0,,0.0077,0.02898,0.01612,0.09297,0.08081,0.06334,0.08715,0.08037
1,,-0.1423,-0.12102,-0.13388,-0.05703,-0.06919,-0.08666,-0.06285,-0.06963
2,1,0.8577,0.14098,-0.08388,-0.21903,-0.31919,-0.24866,-0.01285,0.19237
3,1,1.0,0.40298,-0.03388,-0.38103,-0.56919,-0.41066,0.03715,0.45437
4,5,0.75,0.24098,0.01612,-0.11903,0.43081,-0.14866,0.08715,0.29237
5,5,0.5,0.07898,0.06612,0.14297,1.0,0.11334,0.13715,0.13037
6,,0.35,-0.07102,-0.08388,-0.00703,0.85,-0.03666,-0.01285,-0.01963
7,3,0.4,0.19098,0.91612,0.25497,0.9,-0.19866,-0.26285,-0.18163
8,3,0.45,0.45298,1.0,0.51697,0.95,-0.36066,-0.51285,-0.34363
9,7,0.5,0.29098,0.75,0.35497,1.0,-0.09866,0.48715,-0.08163
10,7,0.55,0.12898,0.5,0.19297,1.0,0.16334,1.0,0.18037
11,,0.4,-0.02102,0.35,0.04297,0.85,0.01334,0.85,0.03037
12,2,0.662,0.97898,0.612,0.09297,0.688,-0.23666,0.688,0.08037
13,2,0.924,1.0,0.874,0.14297,0.526,-0.48666,0.526,0.13037
14,6,0.762,0.75,0.712,0.19297,0.788,0.51334,0.788,0.18037
15,6,0.6,0.5,0.55,0.24297,1.0,1.0,1.0,0.23037
16,,0.45,0.35,0.4,0.09297,0.85,0.85,0.85,0.08037
17,,0.3,0.2,0.25,-0.05703,0.7,0.7,0.7,-0.06963
18,8,0.562,0.25,0.088,-0.30703,0.538,0.75,0.962,0.93037
19,8,0.824,0.3,-0.074,-0.55703,0.376,0.8,1.0,1.0
20,4,0.662,0.35,0.188,0.44297,0.638,0.85,0.838,0.75
21,4,0.5,0.4,0.45,1.0,0.9,0.9,0.676,0.5
22,,0.35,0.25,0.3,0.85,0.75,0.75,0.526,0.35
23,,0.2,0.1,0.15,0.7,0.6,0.6,0.376,0.2
24,,0.05,-0.05,0.0,0.55,0.45,0.45,0.226,0.05
25,2,0.312,0.95,0.262,0.6,0.288,0.2,0.064,0.1
26,2,0.574,1.0,0.524,0.65,0.126,-0.05,-0.098,0.15
27,7,0.624,0.838,0.274,0.488,0.176,0.212,0.902,0.412
28,7,0.674,0.676,0.024,0.326,0.226,0.474,1.0,0.674
29,,0.524,0.526,-0.126,0.176,0.076,0.324,0.85,0.524
30,3,0.574,0.788,0.874,0.438,0.126,0.162,0.6,0.362
31,3,0.624,1.0,1.0,0.7,0.176,0.0,0.35,0.2
32,,0.474,0.85,0.85,0.55,0.026,-0.15,0.2,0.05
33,6,0.312,0.6,0.688,0.6,0.288,0.85,0.462,0.1
34,6,0.15,0.35,0.526,0.65,0.55,1.0,0.724,0.15
35,,0.0,0.2,0.376,0.5,0.4,0.85,0.574,0.0
36,,-0.15,0.05,0.226,0.35,0.25,0.7,0.424,-0.15
37,8,0.112,0.1,0.064,0.1,0.088,0.75,0.686,0.85
38,8,0.374,0.15,-0.098,-0.15,-0.074,0.8,0.948,1.0
39,4,0.212,0.2,0.164,0.85,0.188,0.85,0.786,0.75
40,4,0.05,0.25,0.426,1.0,0.45,0.9,0.624,0.5
41,,-0.1,0.1,0.276,0.85,0.3,0.75,0.474,0.35
42,1,0.9,0.362,0.326,0.688,0.05,0.588,0.524,0.612
43,1,1.0,0.624,0.376,0.526,-0.2,0.426,0.574,0.874
44,5,0.75,0.462,0.426,0.788,0.8,0.688,0.624,0.712
45,5,0.5,0.3,0.476,1.0,1.0,0.95,0.674,0.55
46,,0.35,0.15,0.326,0.85,0.85,0.8,0.524,0.4
47,,0.2,0.0,0.176,0.7,0.7,0.65,0.374,0.25
48,,0.05,-0.15,0.026,0.55,0.55,0.5,0.224,0.1
49,2,0.312,0.85,0.288,0.6,0.388,0.25,0.062,0.15
50,2,0.574,1.0,0.55,0.65,0.226,0.0,-0.1,0.2
51,7,0.624,0.838,0.3,0.488,0.276,0.262,0.9,0.462
52,7,0.674,0.676,0.05,0.326,0.326,0.524,1.0,0.724
53,,0.524,0.526,-0.1,0.176,0.176,0.374,0.85,0.574
54,3,0.574,0.788,0.9,0.438,0.226,0.212,0.6,0.412
55,3,0.624,1.0,1.0,0.7,0.276,0.05,0.35,0.25
56,,0.474,0.85,0.85,0.55,0.126,-0.1,0.2,0.1
57,6,0.312,0.6,0.688,0.6,0.388,0.9,0.462,0.15
58,6,0.15,0.35,0.526,0.65,0.65,1.0,0.724,0.2
59,,0.0,0.2,0.376,0.5,0.5,0.85,0.574,0.05
60,,-0.15,0.05,0.226,0.35,0.35,0.7,0.424,-0.1
61,1,0.85,0.312,0.276,0.188,0.1,0.538,0.474,0.162
62,1,1.0,0.574,0.326,0.026,-0.15,0.376,0.524,0.424
63,5,0.75,0.412,0.376,0.288,0.85,0.638,0.574,0.262
64,5,0.5,0.25,0.426,0.55,1.0,0.9,0.624,0.1
65,,0.35,0.1,0.276,0.4,0.85,0.75,0.474,-0.05
66,8,0.612,0.15,0.114,0.15,0.688,0.8,0.736,0.95
67,8,0.874,0.2,-0.048,-0.1,0.526,0.85,0.998,1.0
68,4,0.712,0.25,0.214,0.9,0.788,0.9,0.836,0.75
69,4,0.55,0.3,0.476,1.0,1.0,0.95,0.674,0.5
70,,0.4,0.15,0.326,0.85,0.85,0.8,0.524,0.35
71,,0.25,0.0,0.176,0.7,0.7,0.65,0.374,0.2
72,,0.1,-0.15,0.026,0.55,0.55,0.5,0.224,0.05
73,2,0.362,0.85,0.288,0.6,0.388,0.25,0.062,0.1
74,2,0.624,1.0,0.55,0.65,0.226,0.0,-0.1,0.15
75,7,0.674,0.838,0.3,0.488,0.276,0.262,0.9,0.412
76,7,0.724,0.676,0.05,0.326,0.326,0.524,1.0,0.674
77,,0.574,0.526,-0.1,0.176,0.176,0.374,0.85,0.524
78,3,0.624,0.788,0.9,0.438,0.226,0.212,0.6,0.362
79,3,0.674,1.0,1.0,0.7,0.276,0.05,0.35,0.2
80,,0.524,0.85,0.85,0.55,0.126,-0.1,0.2,0.05
81,6,0.362,0.6,0.688,0.6,0.388,0.9,0.462,0.1
82,6,0.2,0.35,0.526,0.65,0.65,1.0,0.724,0.15
83,,0.05,0.2,0.376,0.5,0.5,0.85,0.574,0.0
84,,-0.1,0.05,0.226,0.35,0.35,0.7,0.424,-0.15
85,8,0.162,0.1,0.064,0.1,0.188,0.75,0.686,0.85
86,8,0.424,0.15,-0.098,-0.15,0.026,0.8,0.948,1.0
87,4,0.262,0.2,0.164,0.85,0.288,0.85,0.786,0.75
88,4,0.1,0.25,0.426,1.0,0.55,0.9,0.624,0.5
89,,-0.05,0.1,0.276,0.85,0.4,0.75,0.474,0.35
90,1,0.95,0.362,0.326,0.688,0.15,0.588,0.524,0.612
91,1,1.0,0.624,0.376,0.526,-0.1,0.426,0.574,0.874
92,5,0.75,0.462,0.426,0.788,0.9,0.688,0.624,0.712
93,5,0.5,0.3,0.476,1.0,1.0,0.95,0.674,0.55
94,,0.35,0.15,0.326,0.85,0.85,0.8,0.524,0.4
95,,0.2,0.0,0.176,0.7,0.7,0.65,0.374,0.25
96,,0.05,-0.15,0.026,0.55,0.55,0.5,0.224,0.1
97,2,0.312,0.85,0.288,0.6,0.388,0.25,0.062,0.15
98,2,0.574,1.0,0.55,0.65,0.226,0.0,-0.1,0.2
99,7,0.624,0.838,0.3,0.488,0.276,0.262,0.9,0.462
100,7,0.674,0.676,0.05,0.326,0.326,0.524,1.0,0.724
101,,0.524,0.526,-0.1,0.176,0.176,0.374,0.85,0.574
102,3,0.574,0.788,0.9,0.438,0.226,0.212,0.6,0.412
103,3,0.624,1.0,1.0,0.7,0.276,0.05,0.35,0.25
104,,0.474,0.85,0.85,0.55,0.126,-0.1,0.2,0.1
105,6,0.312,0.6,0.688,0.6,0.388,0.9,0.462,0.15
106,6,0.15,0.35,0.526,0.65,0.65,1.0,0.724,0.2
107,,0.0,0.2,0.376,0.5,0.5,0.85,0.574,0.05
108,,-0.15,0.05,0.226,0.35,0.35,0.7,0.424,-0.1
109,1,0.85,0.312,0.276,0.188,0.1,0.538,0.474,0.162
110,1,1.0,0.574,0.326,0.026,-0.15,0.376,0.524,0.424
111,5,0.75,0.412,0.376,0.288,0.85,0.638,0.574,0.262
112,5,0.5,0.25,0.426,0.55,1.0,0.9,0.624,0.1
113,,0.35,0.1,0.276,0.4,0.85,0.75,0.474,-0.05
114,8,0.612,0.15,0.114,0.15,0.688,0.8,0.736,0.95
115,8,0.874,0.2,-0.048,-0.1,0.526,0.85,0.998,1.0
116,4,0.712,0.25,0.214,0.9,0.788,0.9,0.836,0.75
117,4,0.55,0.3,0.476,1.0,1.0,0.95,0.674,0.5
118,,0.4,0.15,0.326,0.85,0.85,0.8,0.524,0.35
119,,0.25,0.0,0.176,0.7,0.7,0.65,0.374,0.2
120,,0.1,-0.15,0.026,0.55,0.55,0.5,0.224,0.05
121,2,0.362,0.85,0.288,0.6,0.388,0.25,0.062,0.1
122,2,0.624,1.0,0.55,0.65,0.226,0.0,-0.1,0.15
123,7,0.674,0.838,0.3,0.488,0.276,0.262,0.9,0.412
124,7,0.724,0.676,0.05,0.326,0.326,0.524,1.0,0.674
125,,0.574,0.526,-0.1,0.176,0.176,0.374,0.85,0.524
126,3,0.624,0.788,0.9,0.438,0.226,0.212,0.6,0.362
127,3,0.674,1.0,1.0,0.7,0.276,0.05,0.35,0.2
128,,0.524,0.85,0.85,0.55,0.126,-0.1,0.2,0.05
129,6,0.362,0.6,0.688,0.6,0.388,0.9,0.462,0.1
130,6,0.2,0.35,0.526,0.65,0.65,1.0,0.724,0.15
131,,0.05,0.2,0.376,0.5,0.5,0.85,0.574,0.0
132,,-0.1,0.05,0.226,0.35,0.35,0.7,0.424,-0.15
133,8,0.162,0.1,0.064,0.1,0.188,0.75,0.686,0.85
134,8,0.424,0.15,-0.098,-0.15,0.026,0.8,0.948,1.0
135,4,0.262,0.2,0.164,0.85,0.288,0.85,0.786,0.75
136,4,0.1,0.25,0.426,1.0,0.55,0.9,0.624,0.5
137,,-0.05,0.1,0.276,0.85,0.4,0.75,0.474,0.35
138,1,0.95,0.362,0.326,0.688,0.15,0.588,0.524,0.612
139,1,1.0,0.624,0.376,0.526,-0.1,0.426,0.574,0.874
140,5,0.75,0.462,0.426,0.788,0.9,0.688,0.624,0.712
141,5,0.5,0.3,0.476,1.0,1.0,0.95,0.674,0.55
142,,0.35,0.15,0.326,0.85,0.85,0.8,0.524,0.4
143,,0.2,0.0,0.176,0.7,0.7,0.65,0.374,0.25
144,,0.05,-0.15,0.026,0.55,0.55,0.5,0.224,0.1
145,2,0.312,0.85,0.288,0.6,0.388,0.25,0.062,0.15
146,2,0.574,1.0,0.55,0.65,0.226,0.0,-0.1,0.2
147,7,0.624,0.838,0.3,0.488,0.276,0.262,0.9,0.462
148,7,0.674,0.676,0.05,0.326,0.326,0.524,1.0,0.724
149,,0.524,0.526,-0.1,0.176,0.176,0.374,0.85,0.574
150,3,0.574,0.788,0.9,0.438,0.226,0.212,0.6,0.412
151,3,0.624,1.0,1.0,0.7,0.276,0.05,0.35,0.25
152,,0.474,0.85,0.85,0.55,0.126,-0.1,0.2,0.1
153,6,0.312,0.6,0.688,0.6,0.388,0.9,0.462,0.15
154,6,0.15,0.35,0.526,0.65,0.65,1.0,0.724,0.2
155,,0.0,0.2,0.376,0.5,0.5,0.85,0.574,0.05
156,,-0.15,0.05,0.226,0.35,0.35,0.7,0.424,-0.1
157,1,0.85,0.312,0.276,0.188,0.1,0.538,0.474,0.162
158,1,1.0,0.574,0.326,0.026,-0.15,0.376,0.524,0.424
159,5,0.75,0.412,0.376,0.288,0.85,0.638,0.574,0.262
160,5,0.5,0.25,0.426,0.55,1.0,0.9,0.624,0.1
161,,0.35,0.1,0.276,0.4,0.85,0.75,0.474,-0.05
162,8,0.612,0.15,0.114,0.15,0.688,0.8,0.736,0.95
163,8,0.874,0.2,-0.048,-0.1,0.526,0.85,0.998,1.0
164,4,0.712,0.25,0.214,0.9,0.788,0.9,0.836,0.75
165,4,0.55,0.3,0.476,1.0,1.0,0.95,0.674,0.5
166,,0.4,0.15,0.326,0.85,0.85,0.8,0.524,0.35
167,,0.25,0.0,0.176,0.7,0.7,0.65,0.374,0.2
168,,0.1,-0.15,0.026,0.55,0.55,0.5,0.224,0.05
169,2,0.362,0.85,0.288,0.6,0.388,0.25,0.062,0.1
170,2,0.624,1.0,0.55,0.65,0.226,0.0,-0.1,0.15
171,7,0.674,0.838,0.3,0.488,0.276,0.262,0.9,0.412
172,7,0.724,0.676,0.05,0.326,0.326,0.524,1.0,0.674
173,,0.574,0.526,-0.1,0.176,0.176,0.374,0.85,0.524
174,3,0.624,0.788,0.9,0.438,0.226,0.212,0.6,0.362
175,3,0.674,1.0,1.0,0.7,0.276,0.05,0.35,0.2
176,,0.524,0.85,0.85,0.55,0.126,-0.1,0.2,0.05
177,6,0.362,0.6,0.688,0.6,0.388,0.9,0.462,0.1
178,6,0.2,0.35,0.526,0.65,0.65,1.0,0.724,0.15
179,,0.05,0.2,0.376,0.5,0.5,0.85,0.574,0.0
180,,-0.1,0.05,0.226,0.35,0.35,0.7,0.424,-0.15
181,8,0.162,0.1,0.064,0.1,0.188,0.75,0.686,0.85
182,8,0.424,0.15,-0.098,-0.15,0.026,0.8,0.948,1.0
183,4,0.262,0.2,0.164,0.85,0.288,0.85,0.786,0.75
184,4,0.1,0.25,0.426,1.0,0.55,0.9,0.624,0.5
185,,-0.05,0.1,0.276,0.85,0.4,0.75,0.474,0.35
186,1,0.95,0.362,0.326,0.688,0.15,0.588,0.524,0.612
187,1,1.0,0.624,0.376,0.526,-0.1,0.426,0.574,0.874
188,5,0.75,0.462,0.426,0.788,0.9,0.688,0.624,0.712
189,5,0.5,0.3,0.476,1.0,1.0,0.95,0.674,0.55
190,,0.35,0.15,0.326,0.85,0.85,0.8,0.524,0.4
191,,0.2,0.0,0.176,0.7,0.7,0.65,0.374,0.25
192,,0.05,-0.15,0.026,0.55,0.55,0.5,0.224,0.1
193,2,0.312,0.85,0.288,0.6,0.388,0.25,0.062,0.15
194,2,0.574,1.0,0.55,0.65,0.226,0.0,-0.1,0.2
195,7,0.624,0.838,0.3,0.488,0.276,0.262,0.9,0.462
196,7,0.674,0.676,0.05,0.326,0.326,0.524,1.0,0.724
197,,0.524,0.526,-0.1,0.176,0.176,0.374,0.85,0.574
198,3,0.574,0.788,0.9,0.438,0.226,0.212,0.6,0.412
199,3,0.624,1.0,1.0,0.7,0.276,0.05,0.35,0.25
200,,0.474,0.85,0.85,0.55,0.126,-0.1,0.2,0.1
201,6,0.312,0.6,0.688,0.6,0.388,0.9,0.462,0.15
202,6,0.15,0.35,0.526,0.65,0.65,1.0,0.724,0.2
203,,0.0,0.2,0.376,0.5,0.5,0.85,0.574,0.05
204,,-0.15,0.05,0.226,0.35,0.35,0.7,0.424,-0.1
205,1,0.85,0.312,0.276,0.188,0.1,0.538,0.474,0.162
206,1,1.0,0.574,0.326,0.026,-0.15,0.376,0.524,0.424
207,5,0.75,0.412,0.376,0.288,0.85,0.638,0.574,0.262
208,5,0.5,0.25,0.426,0.55,1.0,0.9,0.624,0.1
209,,0.35,0.1,0.276,0.4,0.85,0.75,0.474,-0.05
210,8,0.612,0.15,0.114,0.15,0.688,0.8,0.736,0.95
211,8,0.874,0.2,-0.048,-0.1,0.526,0.85,0.998,1.0
212,4,0.712,0.25,0.214,0.9,0.788,0.9,0.836,0.75
213,4,0.55,0.3,0.476,1.0,1.0,0.95,0.674,0.5
214,,0.4,0.15,0.326,0.85,0.85,0.8,0.524,0.35
215,,0.25,0.0,0.176,0.7,0.7,0.65,0.374,0.2
216,,0.1,-0.15,0.026,0.55,0.55,0.5,0.224,0.05
217,2,0.362,0.85,0.288,0.6,0.388,0.25,0.062,0.1
218,2,0.624,1.0,0.55,0.65,0.226,0.0,-0.1,0.15
219,7,0.674,0.838,0.3,0.488,0.276,0.262,0.9,0.412
220,7,0.724,0.676,0.05,0.326,0.326,0.524,1.0,0.674
221,,0.574,0.526,-0.1,0.176,0.176,0.374,0.85,0.524
222,3,0.624,0.788,0.9,0.438,0.226,0.212,0.6,0.362
223,3,0.674,1.0,1.0,0.7,0.276,0.05,0.35,0.2
224,,0.524,0.85,0.85,0.55,0.126,-0.1,0.2,0.05
225,6,0.362,0.6,0.688,0.6,0.388,0.9,0.462,0.1
226,6,0.2,0.35,0.526,0.65,0.65,1.0,0.724,0.15
227,,0.05,0.2,0.376,0.5,0.5,0.85,0.574,0.0
228,,-0.1,0.05,0.226,0.35,0.35,0.7,0.424,-0.15
229,8,0.162,0.1,0.064,0.1,0.188,0.75,0.686,0.85
230,8,0.424,0.15,-0.098,-0.15,0.026,0.8,0.948,1.0
231,4,0.262,0.2,0.164,0.85,0.288,0.85,0.786,0.75
232,4,0.1,0.25,0.426,1.0,0.55,0.9,0.624,0.5
233,,-0.05,0.1,0.276,0.85,0.4,0.75,0.474,0.35
234,1,0.95,0.362,0.326,0.688,0.15,0.588,0.524,0.612
235,1,1.0,0.624,0.376,0.526,-0.1,0.426,0.574,0.874
236,5,0.75,0.462,0.426,0.788,0.9,0.688,0.624,0.712
237,5,0.5,0.3,0.476,1.0,1.0,0.95,0.674,0.55
238,,0.35,0.15,0.326,0.85,0.85,0.8,0.524,0.4
239,,0.2,0.0,0.176,0.7,0.7,0.65,0.374,0.25
240,,0.05,-0.15,0.026,0.55,0.55,0.5,0.224,0.1
241,2,0.312,0.85,0.288,0.6,0.388,0.25,0.062,0.15
242,2,0.574,1.0,0.55,0.65,0.226,0.0,-0.1,0.2
243,7,0.624,0.838,0.3,0.488,0.276,0.262,0.9,0.462
244,7,0.674,0.676,0.05,0.326,0.326,0.524,1.0,0.724
245,,0.524,0.526,-0.1,0.176,0.176,0.374,0.85,0.574
246,3,0.574,0.788,0.9,0.438,0.226,0.212,0.6,0.412
247,3,0.624,1.0,1.0,0.7,0.276,0.05,0.35,0.25
248,,0.474,0.85,0.85,0.55,0.126,-0.1,0.2,0.1
249,6,0.312,0.6,0.688,0.6,0.388,0.9,0.462,0.15
250,6,0.15,0.35,0.526,0.65,0.65,1.0,0.724,0.2
251,,0.0,0.2,0.376,0.5,0.5,0.85,0.574,0.05
252,,-0.15,0.05,0.226,0.35,0.35,0.7,0.424,-0.1
253,1,0.85,0.312,0.276,0.188,0.1,0.538,0.474,0.162
254,1,1.0,0.574,0.326,0.026,-0.15,0.376,0.524,0.424
255,5,0.75,0.412,0.376,0.288,0.85,0.638,0.574,0.262
256,5,0.5,0.25,0.426,0.55,1.0,0.9,0.624,0.1
257,,0.35,0.1,0.276,0.4,0.85,0.75,0.474,-0.05
258,8,0.612,0.15,0.114,0.15,0.688,0.8,0.736,0.95
259,8,0.874,0.2,-0.048,-0.1,0.526,0.85,0.998,1.0
260,4,0.712,0.25,0.214,0.9,0.788,0.9,0.836,0.75
261,4,0.55,0.3,0.476,1.0,1.0,0.95,0.674,0.5
262,,0.4,0.15,0.326,0.85,0.85,0.8,0.524,0.35
263,,0.25,0.0,0.176,0.7,0.7,0.65,0.374,0.2
264,,0.1,-0.15,0.026,0.55,0.55,0.5,0.224,0.05
265,2,0.362,0.85,0.288,0.6,0.388,0.25,0.062,0.1
266,2,0.624,1.0,0.55,0.65,0.226,0.0,-0.1,0.15
267,7,0.674,0.838,0.3,0.488,0.276,0.262,0.9,0.412
268,7,0.724,0.676,0.05,0.326,0.326,0.524,1.0,0.674
269,,0.574,0.526,-0.1,0.176,0.176,0.374,0.85,0.524
270,3,0.624,0.788,0.9,0.438,0.226,0.212,0.6,0.362
271,3,0.674,1.0,1.0,0.7,0.276,0.05,0.35,0.2
272,,0.524,0.85,0.85,0.55,0.126,-0.1,0.2,0.05
273,6,0.362,0.6,0.688,0.6,0.388,0.9,0.462,0.1
274,6,0.2,0.35,0.526,0.65,0.65,1.0,0.724,0.15
275,,0.05,0.2,0.376,0.5,0.5,0.85,0.574,0.0
276,,-0.1,0.05,0.226,0.35,0.35,0.7,0.424,-0.15
277,8,0.162,0.1,0.064,0.1,0.188,0.75,0.686,0.85
278,8,0.424,0.15,-0.098,-0.15,0.026,0.8,0.948,1.0
279,4,0.262,0.2,0.164,0.85,0.288,0.85,0.786,0.75
280,4,0.1,0.25,0.426,1.0,0.55,0.9,0.624,0.5
281,,-0.05,0.1,0.276,0.85,0.4,0.75,0.474,0.35
282,1,0.95,0.362,0.326,0.688,0.15,0.588,0.524,0.612
283,1,1.0,0.624,0.376,0.526,-0.1,0.426,0.574,0.874
284,5,0.75,0.462,0.426,0.788,0.9,0.688,0.624,0.712
285,5,0.5,0.3,0.476,1.0,1.0,0.95,0.674,0.55
286,,0.35,0.15,0.326,0.85,0.85,0.8,0.524,0.4
287,,0.2,0.0,0.176,0.7,0.7,0.65,0.374,0.25
288,,0.05,-0.15,0.026,0.55,0.55,0.5,0.224,0.1
289,2,0.312,0.85,0.288,0.6,0.388,0.25,0.062,0.15
290,2,0.574,1.0,0.55,0.65,0.226,0.0,-0.1,0.2
291,7,0.624,0.838,0.3,0.488,0.276,0.262,0.9,0.462
292,7,0.674,0.676,0.05,0.326,0.326,0.524,1.0,0.724
293,,0.524,0.526,-0.1,0.176,0.176,0.374,0.85,0.574
294,3,0.574,0.788,0.9,0.438,0.226,0.212,0.6,0.412
295,3,0.624,1.0,1.0,0.7,0.276,0.05,0.35,0.25
296,,0.474,0.85,0.85,0.55,0.126,-0.1,0.2,0.1
297,6,0.312,0.6,0.688,0.6,0.388,0.9,0.462,0.15
298,6,0.15,0.35,0.526,0.65,0.65,1.0,0.724,0.2
299,,0.0,0.2,0.376,0.5,0.5,0.85,0.574,0.05
300,,-0.15,0.05,0.226,0.35,0.35,0.7,0.424,-0.1
301,1,0.85,0.312,0.276,0.188,0.1,0.538,0.474,0.162
302,1,1.0,0.574,0.326,0.026,-0.15,0.376,0.524,0.424
303,5,0.75,0.412,0.376,0.288,0.85,0.638,0.574,0.262
304,5,0.5,0.25,0.426,0.55,1.0,0.9,0.624,0.1
305,,0.35,0.1,0.276,0.4,0.85,0.75,0.474,-0.05
306,8,0.612,0.15,0.114,0.15,0.688,0.8,0.736,0.95
307,8,0.874,0.2,-0.048,-0.1,0.526,0.85,0.998,1.0
308,4,0.712,0.25,0.214,0.9,0.788,0.9,0.836,0.75
309,4,0.55,0.3,0.476,1.0,1.0,0.95,0.674,0.5
310,,0.4,0.15,0.326,0.85,0.85,0.8,0.524,0.35
311,,0.25,0.0,0.176,0.7,0.7,0.65,0.374,0.2
312,,0.1,-0.15,0.026,0.55,0.55,0.5,0.224,0.05
313,2,0.362,0.85,0.288,0.6,0.388,0.25,0.062,0.1
314,2,0.624,1.0,0.55,0.65,0.226,0.0,-0.1,0.15
315,7,0.674,0.838,0.3,0.488,0.276,0.262,0.9,0.412
316,7,0.724,0.676,0.05,0.326,0.326,0.524,1.0,0.674
317,,0.574,0.526,-0.1,0.176,0.176,0.374,0.85,0.524
318,3,0.624,0.788,0.9,0.438,0.226,0.212,0.6,0.362
319,3,0.674,1.0,1.0,0.7,0.276,0.05,0.35,0.2
320,,0.524,0.85,0.85,0.55,0.126,-0.1,0.2,0.05
321,6,0.362,0.6,0.688,0.6,0.388,0.9,0.462,0.1
322,6,0.2,0.35,0.526,0.65,0.65,1.0,0.724,0.15
323,,0.05,0.2,0.376,0.5,0.5,0.85,0.574,0.0
324,,-0.1,0.05,0.226,0.35,0.35,0.7,0.424,-0.15
325,8,0.162,0.1,0.064,0.1,0.188,0.75,0.686,0.85
326,8,0.424,0.15,-0.098,-0.15,0.026,0.8,0.948,1.0
327,4,0.262,0.2,0.164,0.85,0.288,0.85,0.786,0.75
328,4,0.1,0.25,0.426,1.0,0.55,0.9,0.624,0.5
329,,-0.05,0.1,0.276,0.85,0.4,0.75,0.474,0.35
330,1,0.95,0.362,0.326,0.688,0.15,0.588,0.524,0.612
331,1,1.0,0.624,0.376,0.526,-0.1,0.426,0.574,0.874
332,5,0.75,0.462,0.426,0.788,0.9,0.688,0.624,0.712
333,5,0.5,0.3,0.476,1.0,1.0,0.95,0.674,0.55
334,,0.35,0.15,0.326,0.85,0.85,0.8,0.524,0.4
335,,0.2,0.0,0.176,0.7,0.7,0.65,0.374,0.25
336,,0.05,-0.15,0.026,0.55,0.55,0.5,0.224,0.1
337,2,0.312,0.85,0.288,0.6,0.388,0.25,0.062,0.15
338,2,0.574,1.0,0.55,0.65,0.226,0.0,-0.1,0.2
339,7,0.624,0.838,0.3,0.488,0.276,0.262,0.9,0.462
340,7,0.674,0.676,0.05,0.326,0.326,0.524,1.0,0.724
341,,0.524,0.526,-0.1,0.176,0.176,0.374,0.85,0.574
342,3,0.574,0.788,0.9,0.438,0.226,0.212,0.6,0.412
343,3,0.624,1.0,1.0,0.7,0.276,0.05,0.35,0.25
344,,0.474,0.85,0.85,0.55,0.126,-0.1,0.2,0.1
345,6,0.312,0.6,0.688,0.6,0.388,0.9,0.462,0.15
346,6,0.15,0.35,0.526,0.65,0.65,1.0,0.724,0.2
347,,0.0,0.2,0.376,0.5,0.5,0.85,0.574,0.05
348,,-0.15,0.05,0.226,0.35,0.35,0.7,0.424,-0.1
349,1,0.85,0.312,0.276,0.188,0.1,0.538,0.474,0.162
350,1,1.0,0.574,0.326,0.026,-0.15,0.376,0.524,0.424
351,5,0.75,0.412,0.376,0.288,0.85,0.638,0.574,0.262
352,5,0.5,0.25,0.426,0.55,1.0,0.9,0.624,0.1
353,,0.35,0.1,0.276,0.4,0.85,0.75,0.474,-0.05
354,8,0.612,0.15,0.114,0.15,0.688,0.8,0.736,0.95
355,8,0.874,0.2,-0.048,-0.1,0.526,0.85,0.998,1.0
356,4,0.712,0.25,0.214,0.9,0.788,0.9,0.836,0.75
357,4,0.55,0.3,0.476,1.0,1.0,0.95,0.674,0.5
358,,0.4,0.15,0.326,0.85,0.85,0.8,0.524,0.35
359,,0.25,0.0,0.176,0.7,0.7,0.65,0.374,0.2
360,,0.1,-0.15,0.026,0.55,0.55,0.5,0.224,0.05
361,2,0.362,0.85,0.288,0.6,0.388,0.25,0.062,0.1
362,2,0.624,1.0,0.55,0.65,0.226,0.0,-0.1,0.15
363,7,0.674,0.838,0.3,0.488,0.276,0.262,0.9,0.412
364,7,0.724,0.676,0.05,0.326,0.326,0.524,1.0,0.674
365,,0.574,0.526,-0.1,0.176,0.176,0.374,0.85,0.524
366,3,0.624,0.788,0.9,0.438,0.226,0.212,0.6,0.362
367,3,0.674,1.0,1.0,0.7,0.276,0.05,0.35,0.2
368,,0.524,0.85,0.85,0.55,0.126,-0.1,0.2,0.05
369,6,0.362,0.6,0.688,0.6,0.388,0.9,0.462,0.1
370,6,0.2,0.35,0.526,0.65,0.65,1.0,0.724,0.15
371,,0.05,0.2,0.376,0.5,0.5,0.85,0.574,0.0
372,,-0.1,0.05,0.226,0.35,0.35,0.7,0.424,-0.15
373,8,0.162,0.1,0.064,0.1,0.188,0.75,0.686,0.85
374,8,0.424,0.15,-0.098,-0.15,0.026,0.8,0.948,1.0
375,4,0.262,0.2,0.164,0.85,0.288,0.85,0.786,0.75
376,4,0.1,0.25,0.426,1.0,0.55,0.9,0.624,0.5
377,,-0.05,0.1,0.276,0.85,0.4,0.75,0.474,0.35
378,1,0.95,0.362,0.326,0.688,0.15,0.588,0.524,0.612
379,1,1.0,0.624,0.376,0.526,-0.1,0.426,0.574,0.874
380,5,0.75,0.462,0.426,0.788,0.9,0.688,0.624,0.712
381,5,0.5,0.3,0.476,1.0,1.0,0.95,0.674,0.55
382,,0.35,0.15,0.326,0.85,0.85,0.8,0.524,0.4
383,,0.2,0.0,0.176,0.7,0.7,0.65,0.374,0.25
384,,0.05,-0.15,0.026,0.55,0.55,0.5,0.224,0.1
385,2,0.312,0.85,0.288,0.6,0.388,0.25,0.062,0.15
386,2,0.574,1.0,0.55,0.65,0.226,0.0,-0.1,0.2
387,7,0.624,0.838,0.3,0.488,0.276,0.262,0.9,0.462
388,7,0.674,0.676,0.05,0.326,0.326,0.524,1.0,0.724
389,,0.524,0.526,-0.1,0.176,0.176,0.374,0.85,0.574
390,3,0.574,0.788,0.9,0.438,0.226,0.212,0.6,0.412
391,3,0.624,1.0,1.0,0.7,0.276,0.05,0.35,0.25
392,,0.474,0.85,0.85,0.55,0.126,-0.1,0.2,0.1
393,6,0.312,0.6,0.688,0.6,0.388,0.9,0.462,0.15
394,6,0.15,0.35,0.526,0.65,0.65,1.0,0.724,0.2
395,,0.0,0.2,0.376,0.5,0.5,0.85,0.574,0.05
396,,-0.15,0.05,0.226,0.35,0.35,0.7,0.424,-0.1
397,1,0.85,0.312,0.276,0.188,0.1,0.538,0.474,0.162
398,1,1.0,0.574,0.326,0.026,-0.15,0.376,0.524,0.424
399,5,0.75,0.412,0.376,0.288,0.85,0.638,0.574,0.262
400,5,0.5,0.25,0.426,0.55,1.0,0.9,0.624,0.1
401,,0.35,0.1,0.276,0.4,0.85,0.75,0.474,-0.05
402,8,0.612,0.15,0.114,0.15,0.688,0.8,0.736,0.95
403,8,0.874,0.2,-0.048,-0.1,0.526,0.85,0.998,1.0
404,4,0.712,0.25,0.214,0.9,0.788,0.9,0.836,0.75
405,4,0.55,0.3,0.476,1.0,1.0,0.95,0.674,0.5
406,,0.4,0.15,0.326,0.85,0.85,0.8,0.524,0.35
407,,0.25,0.0,0.176,0.7,0.7,0.65,0.374,0.2
408,,0.1,-0.15,0.026,0.55,0.55,0.5,0.224,0.05
409,2,0.362,0.85,0.288,0.6,0.388,0.25,0.062,0.1
410,2,0.624,1.0,0.55,0.65,0.226,0.0,-0.1,0.15
411,7,0.674,0.838,0.3,0.488,0.276,0.262,0.9,0.412
412,7,0.724,0.676,0.05,0.326,0.326,0.524,1.0,0.674
413,,0.574,0.526,-0.1,0.176,0.176,0.374,0.85,0.524
414,3,0.624,0.788,0.9,0.438,0.226,0.212,0.6,0.362
415,3,0.674,1.0,1.0,0.7,0.276,0.05,0.35,0.2
416,,0.524,0.85,0.85,0.55,0.126,-0.1,0.2,0.05
417,6,0.362,0.6,0.688,0.6,0.388,0.9,0.462,0.1
418,6,0.2,0.35,0.526,0.65,0.65,1.0,0.724,0.15
419,,0.05,0.2,0.376,0.5,0.5,0.85,0.574,0.0
420,,-0.1,0.05,0.226,0.35,0.35,0.7,0.424,-0.15
421,8,0.162,0.1,0.064,0.1,0.188,0.75,0.686,0.85
422,8,0.424,0.15,-0.098,-0.15,0.026,0.8,0.948,1.0
423,4,0.262,0.2,0.164,0.85,0.288,0.85,0.786,0.75
424,4,0.1,0.25,0.426,1.0,0.55,0.9,0.624,0.5
425,,-0.05,0.1,0.276,0.85,0.4,0.75,0.474,0.35
426,1,0.95,0.362,0.326,0.688,0.15,0.588,0.524,0.612
427,1,1.0,0.624,0.376,0.526,-0.1,0.426,0.574,0.874
428,5,0.75,0.462,0.426,0.788,0.9,0.688,0.624,0.712
429,5,0.5,0.3,0.476,1.0,1.0,0.95,0.674,0.55
430,,0.35,0.15,0.326,0.85,0.85,0.8,0.524,0.4
431,,0.2,0.0,0.176,0.7,0.7,0.65,0.374,0.25
432,,0.05,-0.15,0.026,0.55,0.55,0.5,0.224,0.1
433,2,0.312,0.85,0.288,0.6,0.388,0.25,0.062,0.15
434,2,0.574,1.0,0.55,0.65,0.226,0.0,-0.1,0.2
435,7,0.624,0.838,0.3,0.488,0.276,0.262,0.9,0.462
436,7,0.674,0.676,0.05,0.326,0.326,0.524,1.0,0.724
437,,0.524,0.526,-0.1,0.176,0.176,0.374,0.85,0.574
438,3,0.574,0.788,0.9,0.438,0.226,0.212,0.6,0.412
439,3,0.624,1.0,1.0,0.7,0.276,0.05,0.35,0.25
440,,0.474,0.85,0.85,0.55,0.126,-0.1,0.2,0.1
441,6,0.312,0.6,0.688,0.6,0.388,0.9,0.462,0.15
442,6,0.15,0.35,0.526,0.65,0.65,1.0,0.724,0.2
443,,0.0,0.2,0.376,0.5,0.5,0.85,0.574,0.05
444,,-0.15,0.05,0.226,0.35,0.35,0.7,0.424,-0.1
445,1,0.85,0.312,0.276,0.188,0.1,0.538,0.474,0.162
446,1,1.0,0.574,0.326,0.026,-0.15,0.376,0.524,0.424
447,5,0.75,0.412,0.376,0.288,0.85,0.638,0.574,0.262
448,5,0.5,0.25,0.426,0.55,1.0,0.9,0.624,0.1
449,,0.35,0.1,0.276,0.4,0.85,0.75,0.474,-0.05
450,8,0.612,0.15,0.114,0.15,0.688,0.8,0.736,0.95
451,8,0.874,0.2,-0.048,-0.1,0.526,0.85,0.998,1.0
452,4,0.712,0.25,0.214,0.9,0.788,0.9,0.836,0.75
453,4,0.55,0.3,0.476,1.0,1.0,0.95,0.674,0.5
454,,0.4,0.15,0.326,0.85,0.85,0.8,0.524,0.35
455,,0.25,0.0,0.176,0.7,0.7,0.65,0.374,0.2
456,,0.1,-0.15,0.026,0.55,0.55,0.5,0.224,0.05
457,2,0.362,0.85,0.288,0.6,0.388,0.25,0.062,0.1
458,2,0.624,1.0,0.55,0.65,0.226,0.0,-0.1,0.15
459,7,0.674,0.838,0.3,0.488,0.276,0.262,0.9,0.412
460,7,0.724,0.676,0.05,0.326,0.326,0.524,1.0,0.674
461,,0.574,0.526,-0.1,0.176,0.176,0.374,0.85,0.524
462,3,0.624,0.788,0.9,0.438,0.226,0.212,0.6,0.362
463,3,0.674,1.0,1.0,0.7,0.276,0.05,0.35,0.2
464,,0.524,0.85,0.85,0.55,0.126,-0.1,0.2,0.05
465,6,0.362,0.6,0.688,0.6,0.388,0.9,0.462,0.1
466,6,0.2,0.35,0.526,0.65,0.65,1.0,0.724,0.15
467,,0.05,0.2,0.376,0.5,0.5,0.85,0.574,0.0
468,,-0.1,0.05,0.226,0.35,0.35,0.7,0.424,-0.15
469,8,0.162,0.1,0.064,0.1,0.188,0.75,0.686,0.85
470,8,0.424,0.15,-0.098,-0.15,0.026,0.8,0.948,1.0
471,4,0.262,0.2,0.164,0.85,0.288,0.85,0.786,0.75
472,4,0.1,0.25,0.426,1.0,0.55,0.9,0.624,0.5
473,,-0.05,0.1,0.276,0.85,0.4,0.75,0.474,0.35
474,1,0.95,0.362,0.326,0.688,0.15,0.588,0.524,0.612
475,1,1.0,0.624,0.376,0.526,-0.1,0.426,0.574,0.874
476,5,0.75,0.462,0.426,0.788,0.9,0.688,0.624,0.712
477,5,0.5,0.3,0.476,1.0,1.0,0.95,0.674,0.55
478,,0.35,0.15,0.326,0.85,0.85,0.8,0.524,0.4
479,,0.2,0.0,0.176,0.7,0.7,0.65,0.374,0.25
480,,0.05,-0.15,0.026,0.55,0.55,0.5,0.224,0.1
481,2,0.312,0.85,0.288,0.6,0.388,0.25,0.062,0.15
482,2,0.574,1.0,0.55,0.65,0.226,0.0,-0.1,0.2
483,7,0.624,0.838,0.3,0.488,0.276,0.262,0.9,0.462
484,7,0.674,0.676,0.05,0.326,0.326,0.524,1.0,0.724
485,,0.524,0.526,-0.1,0.176,0.176,0.374,0.85,0.574
486,3,0.574,0.788,0.9,0.438,0.226,0.212,0.6,0.412
487,3,0.624,1.0,1.0,0.7,0.276,0.05,0.35,0.25
488,,0.474,0.85,0.85,0.55,0.126,-0.1,0.2,0.1
489,6,0.312,0.6,0.688,0.6,0.388,0.9,0.462,0.15
490,6,0.15,0.35,0.526,0.65,0.65,1.0,0.724,0.2
491,,0.0,0.2,0.376,0.5,0.5,0.85,0.574,0.05
492,,-0.15,0.05,0.226,0.35,0.35,0.7,0.424,-0.1
493,1,0.85,0.312,0.276,0.188,0.1,0.538,0.474,0.162
494,1,1.0,0.574,0.326,0.026,-0.15,0.376,0.524,0.424
495,5,0.75,0.412,0.376,0.288,0.85,0.638,0.574,0.262
496,5,0.5,0.25,0.426,0.55,1.0,0.9,0.624,0.1
497,,0.35,0.1,0.276,0.4,0.85,0.75,0.474,-0.05
498,8,0.612,0.15,0.114,0.15,0.688,0.8,0.736,0.95
499,8,0.874,0.2,-0.048,-0.1,0.526,0.85,0.998,1.0
