step,active_motive,motive_1,motive_2,motive_3,motive_4,motive_5,motive_6,motive_7,motive_8
0,,0.21258,0.10397,0.28385,0.01566,0.42114,0.22488,0.19758,0.46333
1,,0.06258,-0.04603,0.13385,-0.13434,0.27114,0.07488,0.04758,0.31333
2,4,-0.02842,0.00397,0.32485,0.86566,0.46214,0.12488,-0.04342,0.16333
3,4,-0.11942,0.05397,0.51585,1.0,0.65314,0.17488,-0.13442,0.01333
4,7,-0.06942,-0.03703,0.36585,0.909,0.70314,0.36588,0.86558,0.20433
5,7,-0.01942,-0.12803,0.21585,0.818,0.75314,0.55688,1.0,0.39533
6,2,0.17158,0.87197,0.40685,0.868,0.66214,0.40688,0.909,0.44533
7,2,0.36258,1.0,0.59785,0.918,0.57114,0.25688,0.818,0.49533
8,,0.21258,0.85,0.44785,0.768,0.42114,0.10688,0.668,0.34533
9,,0.06258,0.7,0.29785,0.618,0.27114,-0.04312,0.518,0.19533
10,6,-0.02842,0.55,0.20685,0.668,0.46214,0.95688,0.709,0.24533
11,6,-0.11942,0.4,0.11585,0.718,0.65314,1.0,0.9,0.29533
12,1,0.88058,0.591,0.16585,0.627,0.50314,0.909,0.95,0.48633
13,1,1.0,0.782,0.21585,0.536,0.35314,0.818,1.0,0.67733
14,,0.85,0.632,0.06585,0.386,0.20314,0.668,0.85,0.52733
15,,0.7,0.482,-0.08415,0.236,0.05314,0.518,0.7,0.37733
16,3,0.75,0.673,0.91585,0.427,0.10314,0.427,0.55,0.28633
17,3,0.8,0.864,1.0,0.618,0.15314,0.336,0.4,0.19533
18,,0.65,0.714,0.85,0.468,0.00314,0.186,0.25,0.04533
19,,0.5,0.564,0.7,0.318,-0.14686,0.036,0.1,-0.10467
20,5,0.35,0.473,0.75,0.509,0.85314,0.227,0.15,-0.19567
21,5,0.2,0.382,0.8,0.7,1.0,0.418,0.2,-0.28667
22,8,0.391,0.432,0.709,0.55,0.909,0.468,0.391,0.71333
23,8,0.582,0.482,0.618,0.4,0.818,0.518,0.582,1.0
24,,0.432,0.332,0.468,0.25,0.668,0.368,0.432,0.85
25,,0.282,0.182,0.318,0.1,0.518,0.218,0.282,0.7
26,,0.132,0.032,0.168,-0.05,0.368,0.068,0.132,0.55
27,4,0.041,0.082,0.359,0.95,0.559,0.118,0.041,0.4
28,4,-0.05,0.132,0.55,1.0,0.75,0.168,-0.05,0.25
29,1,0.95,0.323,0.6,0.909,0.6,0.077,0.0,0.441
30,1,1.0,0.514,0.65,0.818,0.45,-0.014,0.05,0.632
31,6,0.909,0.364,0.559,0.868,0.641,0.986,0.241,0.682
32,6,0.818,0.214,0.468,0.918,0.832,1.0,0.432,0.732
33,,0.668,0.064,0.318,0.768,0.682,0.85,0.282,0.582
34,,0.518,-0.086,0.168,0.618,0.532,0.7,0.132,0.432
35,2,0.709,0.914,0.359,0.668,0.441,0.55,0.041,0.482
36,2,0.9,1.0,0.55,0.718,0.35,0.4,-0.05,0.532
37,7,0.95,0.909,0.4,0.627,0.4,0.591,0.95,0.723
38,7,1.0,0.818,0.25,0.536,0.45,0.782,1.0,0.914
39,,0.85,0.668,0.1,0.386,0.3,0.632,0.85,0.764
40,,0.7,0.518,-0.05,0.236,0.15,0.482,0.7,0.614
41,3,0.75,0.709,0.95,0.427,0.2,0.391,0.55,0.523
42,3,0.8,0.9,1.0,0.618,0.25,0.3,0.4,0.432
43,,0.65,0.75,0.85,0.468,0.1,0.15,0.25,0.282
44,,0.5,0.6,0.7,0.318,-0.05,0.0,0.1,0.132
45,5,0.35,0.509,0.75,0.509,0.95,0.191,0.15,0.041
46,5,0.2,0.418,0.8,0.7,1.0,0.382,0.2,-0.05
47,8,0.391,0.468,0.709,0.55,0.909,0.432,0.391,0.95
48,8,0.582,0.518,0.618,0.4,0.818,0.482,0.582,1.0
49,,0.432,0.368,0.468,0.25,0.668,0.332,0.432,0.85
50,,0.282,0.218,0.318,0.1,0.518,0.182,0.282,0.7
51,,0.132,0.068,0.168,-0.05,0.368,0.032,0.132,0.55
52,4,0.041,0.118,0.359,0.95,0.559,0.082,0.041,0.4
53,4,-0.05,0.168,0.55,1.0,0.75,0.132,-0.05,0.25
54,7,0.0,0.077,0.4,0.909,0.8,0.323,0.95,0.441
55,7,0.05,-0.014,0.25,0.818,0.85,0.514,1.0,0.632
56,2,0.241,0.986,0.441,0.868,0.759,0.364,0.909,0.682
57,2,0.432,1.0,0.632,0.918,0.668,0.214,0.818,0.732
58,,0.282,0.85,0.482,0.768,0.518,0.064,0.668,0.582
59,,0.132,0.7,0.332,0.618,0.368,-0.086,0.518,0.432
60,6,0.041,0.55,0.241,0.668,0.559,0.914,0.709,0.482
61,6,-0.05,0.4,0.15,0.718,0.75,1.0,0.9,0.532
62,1,0.95,0.591,0.2,0.627,0.6,0.909,0.95,0.723
63,1,1.0,0.782,0.25,0.536,0.45,0.818,1.0,0.914
64,,0.85,0.632,0.1,0.386,0.3,0.668,0.85,0.764
65,,0.7,0.482,-0.05,0.236,0.15,0.518,0.7,0.614
66,3,0.75,0.673,0.95,0.427,0.2,0.427,0.55,0.523
67,3,0.8,0.864,1.0,0.618,0.25,0.336,0.4,0.432
68,,0.65,0.714,0.85,0.468,0.1,0.186,0.25,0.282
69,,0.5,0.564,0.7,0.318,-0.05,0.036,0.1,0.132
70,5,0.35,0.473,0.75,0.509,0.95,0.227,0.15,0.041
71,5,0.2,0.382,0.8,0.7,1.0,0.418,0.2,-0.05
72,8,0.391,0.432,0.709,0.55,0.909,0.468,0.391,0.95
73,8,0.582,0.482,0.618,0.4,0.818,0.518,0.582,1.0
74,,0.432,0.332,0.468,0.25,0.668,0.368,0.432,0.85
75,,0.282,0.182,0.318,0.1,0.518,0.218,0.282,0.7
76,,0.132,0.032,0.168,-0.05,0.368,0.068,0.132,0.55
77,4,0.041,0.082,0.359,0.95,0.559,0.118,0.041,0.4
78,4,-0.05,0.132,0.55,1.0,0.75,0.168,-0.05,0.25
79,1,0.95,0.323,0.6,0.909,0.6,0.077,0.0,0.441
80,1,1.0,0.514,0.65,0.818,0.45,-0.014,0.05,0.632
81,6,0.909,0.364,0.559,0.868,0.641,0.986,0.241,0.682
82,6,0.818,0.214,0.468,0.918,0.832,1.0,0.432,0.732
83,,0.668,0.064,0.318,0.768,0.682,0.85,0.282,0.582
84,,0.518,-0.086,0.168,0.618,0.532,0.7,0.132,0.432
85,2,0.709,0.914,0.359,0.668,0.441,0.55,0.041,0.482
86,2,0.9,1.0,0.55,0.718,0.35,0.4,-0.05,0.532
87,7,0.95,0.909,0.4,0.627,0.4,0.591,0.95,0.723
88,7,1.0,0.818,0.25,0.536,0.45,0.782,1.0,0.914
89,,0.85,0.668,0.1,0.386,0.3,0.632,0.85,0.764
90,,0.7,0.518,-0.05,0.236,0.15,0.482,0.7,0.614
91,3,0.75,0.709,0.95,0.427,0.2,0.391,0.55,0.523
92,3,0.8,0.9,1.0,0.618,0.25,0.3,0.4,0.432
93,,0.65,0.75,0.85,0.468,0.1,0.15,0.25,0.282
94,,0.5,0.6,0.7,0.318,-0.05,0.0,0.1,0.132
95,5,0.35,0.509,0.75,0.509,0.95,0.191,0.15,0.041
96,5,0.2,0.418,0.8,0.7,1.0,0.382,0.2,-0.05
97,8,0.391,0.468,0.709,0.55,0.909,0.432,0.391,0.95
98,8,0.582,0.518,0.618,0.4,0.818,0.482,0.582,1.0
99,,0.432,0.368,0.468,0.25,0.668,0.332,0.432,0.85
100,,0.282,0.218,0.318,0.1,0.518,0.182,0.282,0.7
101,,0.132,0.068,0.168,-0.05,0.368,0.032,0.132,0.55
102,4,0.041,0.118,0.359,0.95,0.559,0.082,0.041,0.4
103,4,-0.05,0.168,0.55,1.0,0.75,0.132,-0.05,0.25
104,7,0.0,0.077,0.4,0.909,0.8,0.323,0.95,0.441
105,7,0.05,-0.014,0.25,0.818,0.85,0.514,1.0,0.632
106,2,0.241,0.986,0.441,0.868,0.759,0.364,0.909,0.682
107,2,0.432,1.0,0.632,0.918,0.668,0.214,0.818,0.732
108,,0.282,0.85,0.482,0.768,0.518,0.064,0.668,0.582
109,,0.132,0.7,0.332,0.618,0.368,-0.086,0.518,0.432
110,6,0.041,0.55,0.241,0.668,0.559,0.914,0.709,0.482
111,6,-0.05,0.4,0.15,0.718,0.75,1.0,0.9,0.532
112,1,0.95,0.591,0.2,0.627,0.6,0.909,0.95,0.723
113,1,1.0,0.782,0.25,0.536,0.45,0.818,1.0,0.914
114,,0.85,0.632,0.1,0.386,0.3,0.668,0.85,0.764
115,,0.7,0.482,-0.05,0.236,0.15,0.518,0.7,0.614
116,3,0.75,0.673,0.95,0.427,0.2,0.427,0.55,0.523
117,3,0.8,0.864,1.0,0.618,0.25,0.336,0.4,0.432
118,,0.65,0.714,0.85,0.468,0.1,0.186,0.25,0.282
119,,0.5,0.564,0.7,0.318,-0.05,0.036,0.1,0.132
120,5,0.35,0.473,0.75,0.509,0.95,0.227,0.15,0.041
121,5,0.2,0.382,0.8,0.7,1.0,0.418,0.2,-0.05
122,8,0.391,0.432,0.709,0.55,0.909,0.468,0.391,0.95
123,8,0.582,0.482,0.618,0.4,0.818,0.518,0.582,1.0
124,,0.432,0.332,0.468,0.25,0.668,0.368,0.432,0.85
125,,0.282,0.182,0.318,0.1,0.518,0.218,0.282,0.7
126,,0.132,0.032,0.168,-0.05,0.368,0.068,0.132,0.55
127,4,0.041,0.082,0.359,0.95,0.559,0.118,0.041,0.4
128,4,-0.05,0.132,0.55,1.0,0.75,0.168,-0.05,0.25
129,7,0.0,0.041,0.4,0.909,0.8,0.359,0.95,0.441
130,7,0.05,-0.05,0.25,0.818,0.85,0.55,1.0,0.632
131,2,0.241,0.95,0.441,0.868,0.759,0.4,0.909,0.682
132,2,0.432,1.0,0.632,0.918,0.668,0.25,0.818,0.732
133,,0.282,0.85,0.482,0.768,0.518,0.1,0.668,0.582
134,,0.132,0.7,0.332,0.618,0.368,-0.05,0.518,0.432
135,6,0.041,0.55,0.241,0.668,0.559,0.95,0.709,0.482
136,6,-0.05,0.4,0.15,0.718,0.75,1.0,0.9,0.532
137,1,0.95,0.591,0.2,0.627,0.6,0.909,0.95,0.723
138,1,1.0,0.782,0.25,0.536,0.45,0.818,1.0,0.914
139,,0.85,0.632,0.1,0.386,0.3,0.668,0.85,0.764
140,,0.7,0.482,-0.05,0.236,0.15,0.518,0.7,0.614
141,3,0.75,0.673,0.95,0.427,0.2,0.427,0.55,0.523
142,3,0.8,0.864,1.0,0.618,0.25,0.336,0.4,0.432
143,,0.65,0.714,0.85,0.468,0.1,0.186,0.25,0.282
144,,0.5,0.564,0.7,0.318,-0.05,0.036,0.1,0.132
145,5,0.35,0.473,0.75,0.509,0.95,0.227,0.15,0.041
146,5,0.2,0.382,0.8,0.7,1.0,0.418,0.2,-0.05
147,8,0.391,0.432,0.709,0.55,0.909,0.468,0.391,0.95
148,8,0.582,0.482,0.618,0.4,0.818,0.518,0.582,1.0
149,,0.432,0.332,0.468,0.25,0.668,0.368,0.432,0.85
150,,0.282,0.182,0.318,0.1,0.518,0.218,0.282,0.7
151,,0.132,0.032,0.168,-0.05,0.368,0.068,0.132,0.55
152,4,0.041,0.082,0.359,0.95,0.559,0.118,0.041,0.4
153,4,-0.05,0.132,0.55,1.0,0.75,0.168,-0.05,0.25
154,1,0.95,0.323,0.6,0.909,0.6,0.077,0.0,0.441
155,1,1.0,0.514,0.65,0.818,0.45,-0.014,0.05,0.632
156,6,0.909,0.364,0.559,0.868,0.641,0.986,0.241,0.682
157,6,0.818,0.214,0.468,0.918,0.832,1.0,0.432,0.732
158,,0.668,0.064,0.318,0.768,0.682,0.85,0.282,0.582
159,,0.518,-0.086,0.168,0.618,0.532,0.7,0.132,0.432
160,2,0.709,0.914,0.359,0.668,0.441,0.55,0.041,0.482
161,2,0.9,1.0,0.55,0.718,0.35,0.4,-0.05,0.532
162,7,0.95,0.909,0.4,0.627,0.4,0.591,0.95,0.723
163,7,1.0,0.818,0.25,0.536,0.45,0.782,1.0,0.914
164,,0.85,0.668,0.1,0.386,0.3,0.632,0.85,0.764
165,,0.7,0.518,-0.05,0.236,0.15,0.482,0.7,0.614
166,3,0.75,0.709,0.95,0.427,0.2,0.391,0.55,0.523
167,3,0.8,0.9,1.0,0.618,0.25,0.3,0.4,0.432
168,,0.65,0.75,0.85,0.468,0.1,0.15,0.25,0.282
169,,0.5,0.6,0.7,0.318,-0.05,0.0,0.1,0.132
170,5,0.35,0.509,0.75,0.509,0.95,0.191,0.15,0.041
171,5,0.2,0.418,0.8,0.7,1.0,0.382,0.2,-0.05
172,8,0.391,0.468,0.709,0.55,0.909,0.432,0.391,0.95
173,8,0.582,0.518,0.618,0.4,0.818,0.482,0.582,1.0
174,,0.432,0.368,0.468,0.25,0.668,0.332,0.432,0.85
175,,0.282,0.218,0.318,0.1,0.518,0.182,0.282,0.7
176,,0.132,0.068,0.168,-0.05,0.368,0.032,0.132,0.55
177,4,0.041,0.118,0.359,0.95,0.559,0.082,0.041,0.4
178,4,-0.05,0.168,0.55,1.0,0.75,0.132,-0.05,0.25
179,7,0.0,0.077,0.4,0.909,0.8,0.323,0.95,0.441
180,7,0.05,-0.014,0.25,0.818,0.85,0.514,1.0,0.632
181,2,0.241,0.986,0.441,0.868,0.759,0.364,0.909,0.682
182,2,0.432,1.0,0.632,0.918,0.668,0.214,0.818,0.732
183,,0.282,0.85,0.482,0.768,0.518,0.064,0.668,0.582
184,,0.132,0.7,0.332,0.618,0.368,-0.086,0.518,0.432
185,6,0.041,0.55,0.241,0.668,0.559,0.914,0.709,0.482
186,6,-0.05,0.4,0.15,0.718,0.75,1.0,0.9,0.532
187,1,0.95,0.591,0.2,0.627,0.6,0.909,0.95,0.723
188,1,1.0,0.782,0.25,0.536,0.45,0.818,1.0,0.914
189,,0.85,0.632,0.1,0.386,0.3,0.668,0.85,0.764
190,,0.7,0.482,-0.05,0.236,0.15,0.518,0.7,0.614
191,3,0.75,0.673,0.95,0.427,0.2,0.427,0.55,0.523
192,3,0.8,0.864,1.0,0.618,0.25,0.336,0.4,0.432
193,,0.65,0.714,0.85,0.468,0.1,0.186,0.25,0.282
194,,0.5,0.564,0.7,0.318,-0.05,0.036,0.1,0.132
195,5,0.35,0.473,0.75,0.509,0.95,0.227,0.15,0.041
196,5,0.2,0.382,0.8,0.7,1.0,0.418,0.2,-0.05
197,8,0.391,0.432,0.709,0.55,0.909,0.468,0.391,0.95
198,8,0.582,0.482,0.618,0.4,0.818,0.518,0.582,1.0
199,,0.432,0.332,0.468,0.25,0.668,0.368,0.432,0.85
200,,0.282,0.182,0.318,0.1,0.518,0.218,0.282,0.7
201,,0.132,0.032,0.168,-0.05,0.368,0.068,0.132,0.55
202,4,0.041,0.082,0.359,0.95,0.559,0.118,0.041,0.4
203,4,-0.05,0.132,0.55,1.0,0.75,0.168,-0.05,0.25
204,1,0.95,0.323,0.6,0.909,0.6,0.077,0.0,0.441
205,1,1.0,0.514,0.65,0.818,0.45,-0.014,0.05,0.632
206,6,0.909,0.364,0.559,0.868,0.641,0.986,0.241,0.682
207,6,0.818,0.214,0.468,0.918,0.832,1.0,0.432,0.732
208,,0.668,0.064,0.318,0.768,0.682,0.85,0.282,0.582
209,,0.518,-0.086,0.168,0.618,0.532,0.7,0.132,0.432
210,2,0.709,0.914,0.359,0.668,0.441,0.55,0.041,0.482
211,2,0.9,1.0,0.55,0.718,0.35,0.4,-0.05,0.532
212,7,0.95,0.909,0.4,0.627,0.4,0.591,0.95,0.723
213,7,1.0,0.818,0.25,0.536,0.45,0.782,1.0,0.914
214,,0.85,0.668,0.1,0.386,0.3,0.632,0.85,0.764
215,,0.7,0.518,-0.05,0.236,0.15,0.482,0.7,0.614
216,3,0.75,0.709,0.95,0.427,0.2,0.391,0.55,0.523
217,3,0.8,0.9,1.0,0.618,0.25,0.3,0.4,0.432
218,,0.65,0.75,0.85,0.468,0.1,0.15,0.25,0.282
219,,0.5,0.6,0.7,0.318,-0.05,0.0,0.1,0.132
220,5,0.35,0.509,0.75,0.509,0.95,0.191,0.15,0.041
221,5,0.2,0.418,0.8,0.7,1.0,0.382,0.2,-0.05
222,8,0.391,0.468,0.709,0.55,0.909,0.432,0.391,0.95
223,8,0.582,0.518,0.618,0.4,0.818,0.482,0.582,1.0
224,,0.432,0.368,0.468,0.25,0.668,0.332,0.432,0.85
225,,0.282,0.218,0.318,0.1,0.518,0.182,0.282,0.7
226,,0.132,0.068,0.168,-0.05,0.368,0.032,0.132,0.55
227,4,0.041,0.118,0.359,0.95,0.559,0.082,0.041,0.4
228,4,-0.05,0.168,0.55,1.0,0.75,0.132,-0.05,0.25
229,7,0.0,0.077,0.4,0.909,0.8,0.323,0.95,0.441
230,7,0.05,-0.014,0.25,0.818,0.85,0.514,1.0,0.632
231,2,0.241,0.986,0.441,0.868,0.759,0.364,0.909,0.682
232,2,0.432,1.0,0.632,0.918,0.668,0.214,0.818,0.732
233,,0.282,0.85,0.482,0.768,0.518,0.064,0.668,0.582
234,,0.132,0.7,0.332,0.618,0.368,-0.086,0.518,0.432
235,6,0.041,0.55,0.241,0.668,0.559,0.914,0.709,0.482
236,6,-0.05,0.4,0.15,0.718,0.75,1.0,0.9,0.532
237,1,0.95,0.591,0.2,0.627,0.6,0.909,0.95,0.723
238,1,1.0,0.782,0.25,0.536,0.45,0.818,1.0,0.914
239,,0.85,0.632,0.1,0.386,0.3,0.668,0.85,0.764
240,,0.7,0.482,-0.05,0.236,0.15,0.518,0.7,0.614
241,3,0.75,0.673,0.95,0.427,0.2,0.427,0.55,0.523
242,3,0.8,0.864,1.0,0.618,0.25,0.336,0.4,0.432
243,,0.65,0.714,0.85,0.468,0.1,0.186,0.25,0.282
244,,0.5,0.564,0.7,0.318,-0.05,0.036,0.1,0.132
245,5,0.35,0.473,0.75,0.509,0.95,0.227,0.15,0.041
246,5,0.2,0.382,0.8,0.7,1.0,0.418,0.2,-0.05
247,8,0.391,0.432,0.709,0.55,0.909,0.468,0.391,0.95
248,8,0.582,0.482,0.618,0.4,0.818,0.518,0.582,1.0
249,,0.432,0.332,0.468,0.25,0.668,0.368,0.432,0.85
250,,0.282,0.182,0.318,0.1,0.518,0.218,0.282,0.7
251,,0.132,0.032,0.168,-0.05,0.368,0.068,0.132,0.55
252,4,0.041,0.082,0.359,0.95,0.559,0.118,0.041,0.4
253,4,-0.05,0.132,0.55,1.0,0.75,0.168,-0.05,0.25
254,7,0.0,0.041,0.4,0.909,0.8,0.359,0.95,0.441
255,7,0.05,-0.05,0.25,0.818,0.85,0.55,1.0,0.632
256,2,0.241,0.95,0.441,0.868,0.759,0.4,0.909,0.682
257,2,0.432,1.0,0.632,0.918,0.668,0.25,0.818,0.732
258,,0.282,0.85,0.482,0.768,0.518,0.1,0.668,0.582
259,,0.132,0.7,0.332,0.618,0.368,-0.05,0.518,0.432
260,6,0.041,0.55,0.241,0.668,0.559,0.95,0.709,0.482
261,6,-0.05,0.4,0.15,0.718,0.75,1.0,0.9,0.532
262,1,0.95,0.591,0.2,0.627,0.6,0.909,0.95,0.723
263,1,1.0,0.782,0.25,0.536,0.45,0.818,1.0,0.914
264,,0.85,0.632,0.1,0.386,0.3,0.668,0.85,0.764
265,,0.7,0.482,-0.05,0.236,0.15,0.518,0.7,0.614
266,3,0.75,0.673,0.95,0.427,0.2,0.427,0.55,0.523
267,3,0.8,0.864,1.0,0.618,0.25,0.336,0.4,0.432
268,,0.65,0.714,0.85,0.468,0.1,0.186,0.25,0.282
269,,0.5,0.564,0.7,0.318,-0.05,0.036,0.1,0.132
270,5,0.35,0.473,0.75,0.509,0.95,0.227,0.15,0.041
271,5,0.2,0.382,0.8,0.7,1.0,0.418,0.2,-0.05
272,8,0.391,0.432,0.709,0.55,0.909,0.468,0.391,0.95
273,8,0.582,0.482,0.618,0.4,0.818,0.518,0.582,1.0
274,,0.432,0.332,0.468,0.25,0.668,0.368,0.432,0.85
275,,0.282,0.182,0.318,0.1,0.518,0.218,0.282,0.7
276,,0.132,0.032,0.168,-0.05,0.368,0.068,0.132,0.55
277,4,0.041,0.082,0.359,0.95,0.559,0.118,0.041,0.4
278,4,-0.05,0.132,0.55,1.0,0.75,0.168,-0.05,0.25
279,1,0.95,0.323,0.6,0.909,0.6,0.077,0.0,0.441
280,1,1.0,0.514,0.65,0.818,0.45,-0.014,0.05,0.632
281,6,0.909,0.364,0.559,0.868,0.641,0.986,0.241,0.682
282,6,0.818,0.214,0.468,0.918,0.832,1.0,0.432,0.732
283,,0.668,0.064,0.318,0.768,0.682,0.85,0.282,0.582
284,,0.518,-0.086,0.168,0.618,0.532,0.7,0.132,0.432
285,2,0.709,0.914,0.359,0.668,0.441,0.55,0.041,0.482
286,2,0.9,1.0,0.55,0.718,0.35,0.4,-0.05,0.532
287,7,0.95,0.909,0.4,0.627,0.4,0.591,0.95,0.723
288,7,1.0,0.818,0.25,0.536,0.45,0.782,1.0,0.914
289,,0.85,0.668,0.1,0.386,0.3,0.632,0.85,0.764
290,,0.7,0.518,-0.05,0.236,0.15,0.482,0.7,0.614
291,3,0.75,0.709,0.95,0.427,0.2,0.391,0.55,0.523
292,3,0.8,0.9,1.0,0.618,0.25,0.3,0.4,0.432
293,,0.65,0.75,0.85,0.468,0.1,0.15,0.25,0.282
294,,0.5,0.6,0.7,0.318,-0.05,0.0,0.1,0.132
295,5,0.35,0.509,0.75,0.509,0.95,0.191,0.15,0.041
296,5,0.2,0.418,0.8,0.7,1.0,0.382,0.2,-0.05
297,8,0.391,0.468,0.709,0.55,0.909,0.432,0.391,0.95
298,8,0.582,0.518,0.618,0.4,0.818,0.482,0.582,1.0
299,,0.432,0.368,0.468,0.25,0.668,0.332,0.432,0.85
300,,0.282,0.218,0.318,0.1,0.518,0.182,0.282,0.7
301,,0.132,0.068,0.168,-0.05,0.368,0.032,0.132,0.55
302,4,0.041,0.118,0.359,0.95,0.559,0.082,0.041,0.4
303,4,-0.05,0.168,0.55,1.0,0.75,0.132,-0.05,0.25
304,7,0.0,0.077,0.4,0.909,0.8,0.323,0.95,0.441
305,7,0.05,-0.014,0.25,0.818,0.85,0.514,1.0,0.632
306,2,0.241,0.986,0.441,0.868,0.759,0.364,0.909,0.682
307,2,0.432,1.0,0.632,0.918,0.668,0.214,0.818,0.732
308,,0.282,0.85,0.482,0.768,0.518,0.064,0.668,0.582
309,,0.132,0.7,0.332,0.618,0.368,-0.086,0.518,0.432
310,6,0.041,0.55,0.241,0.668,0.559,0.914,0.709,0.482
311,6,-0.05,0.4,0.15,0.718,0.75,1.0,0.9,0.532
312,1,0.95,0.591,0.2,0.627,0.6,0.909,0.95,0.723
313,1,1.0,0.782,0.25,0.536,0.45,0.818,1.0,0.914
314,,0.85,0.632,0.1,0.386,0.3,0.668,0.85,0.764
315,,0.7,0.482,-0.05,0.236,0.15,0.518,0.7,0.614
316,3,0.75,0.673,0.95,0.427,0.2,0.427,0.55,0.523
317,3,0.8,0.864,1.0,0.618,0.25,0.336,0.4,0.432
318,,0.65,0.714,0.85,0.468,0.1,0.186,0.25,0.282
319,,0.5,0.564,0.7,0.318,-0.05,0.036,0.1,0.132
320,5,0.35,0.473,0.75,0.509,0.95,0.227,0.15,0.041
321,5,0.2,0.382,0.8,0.7,1.0,0.418,0.2,-0.05
322,8,0.391,0.432,0.709,0.55,0.909,0.468,0.391,0.95
323,8,0.582,0.482,0.618,0.4,0.818,0.518,0.582,1.0
324,,0.432,0.332,0.468,0.25,0.668,0.368,0.432,0.85
325,,0.282,0.182,0.318,0.1,0.518,0.218,0.282,0.7
326,,0.132,0.032,0.168,-0.05,0.368,0.068,0.132,0.55
327,4,0.041,0.082,0.359,0.95,0.559,0.118,0.041,0.4
328,4,-0.05,0.132,0.55,1.0,0.75,0.168,-0.05,0.25
329,1,0.95,0.323,0.6,0.909,0.6,0.077,0.0,0.441
330,1,1.0,0.514,0.65,0.818,0.45,-0.014,0.05,0.632
331,6,0.909,0.364,0.559,0.868,0.641,0.986,0.241,0.682
332,6,0.818,0.214,0.468,0.918,0.832,1.0,0.432,0.732
333,,0.668,0.064,0.318,0.768,0.682,0.85,0.282,0.582
334,,0.518,-0.086,0.168,0.618,0.532,0.7,0.132,0.432
335,2,0.709,0.914,0.359,0.668,0.441,0.55,0.041,0.482
336,2,0.9,1.0,0.55,0.718,0.35,0.4,-0.05,0.532
337,7,0.95,0.909,0.4,0.627,0.4,0.591,0.95,0.723
338,7,1.0,0.818,0.25,0.536,0.45,0.782,1.0,0.914
339,,0.85,0.668,0.1,0.386,0.3,0.632,0.85,0.764
340,,0.7,0.518,-0.05,0.236,0.15,0.482,0.7,0.614
341,3,0.75,0.709,0.95,0.427,0.2,0.391,0.55,0.523
342,3,0.8,0.9,1.0,0.618,0.25,0.3,0.4,0.432
343,,0.65,0.75,0.85,0.468,0.1,0.15,0.25,0.282
344,,0.5,0.6,0.7,0.318,-0.05,0.0,0.1,0.132
345,5,0.35,0.509,0.75,0.509,0.95,0.191,0.15,0.041
346,5,0.2,0.418,0.8,0.7,1.0,0.382,0.2,-0.05
347,8,0.391,0.468,0.709,0.55,0.909,0.432,0.391,0.95
348,8,0.582,0.518,0.618,0.4,0.818,0.482,0.582,1.0
349,,0.432,0.368,0.468,0.25,0.668,0.332,0.432,0.85
350,,0.282,0.218,0.318,0.1,0.518,0.182,0.282,0.7
351,,0.132,0.068,0.168,-0.05,0.368,0.032,0.132,0.55
352,4,0.041,0.118,0.359,0.95,0.559,0.082,0.041,0.4
353,4,-0.05,0.168,0.55,1.0,0.75,0.132,-0.05,0.25
354,7,0.0,0.077,0.4,0.909,0.8,0.323,0.95,0.441
355,7,0.05,-0.014,0.25,0.818,0.85,0.514,1.0,0.632
356,2,0.241,0.986,0.441,0.868,0.759,0.364,0.909,0.682
357,2,0.432,1.0,0.632,0.918,0.668,0.214,0.818,0.732
358,,0.282,0.85,0.482,0.768,0.518,0.064,0.668,0.582
359,,0.132,0.7,0.332,0.618,0.368,-0.086,0.518,0.432
360,6,0.041,0.55,0.241,0.668,0.559,0.914,0.709,0.482
361,6,-0.05,0.4,0.15,0.718,0.75,1.0,0.9,0.532
362,1,0.95,0.591,0.2,0.627,0.6,0.909,0.95,0.723
363,1,1.0,0.782,0.25,0.536,0.45,0.818,1.0,0.914
364,,0.85,0.632,0.1,0.386,0.3,0.668,0.85,0.764
365,,0.7,0.482,-0.05,0.236,0.15,0.518,0.7,0.614
366,3,0.75,0.673,0.95,0.427,0.2,0.427,0.55,0.523
367,3,0.8,0.864,1.0,0.618,0.25,0.336,0.4,0.432
368,,0.65,0.714,0.85,0.468,0.1,0.186,0.25,0.282
369,,0.5,0.564,0.7,0.318,-0.05,0.036,0.1,0.132
370,5,0.35,0.473,0.75,0.509,0.95,0.227,0.15,0.041
371,5,0.2,0.382,0.8,0.7,1.0,0.418,0.2,-0.05
372,8,0.391,0.432,0.709,0.55,0.909,0.468,0.391,0.95
373,8,0.582,0.482,0.618,0.4,0.818,0.518,0.582,1.0
374,,0.432,0.332,0.468,0.25,0.668,0.368,0.432,0.85
375,,0.282,0.182,0.318,0.1,0.518,0.218,0.282,0.7
376,,0.132,0.032,0.168,-0.05,0.368,0.068,0.132,0.55
377,4,0.041,0.082,0.359,0.95,0.559,0.118,0.041,0.4
378,4,-0.05,0.132,0.55,1.0,0.75,0.168,-0.05,0.25
379,1,0.95,0.323,0.6,0.909,0.6,0.077,0.0,0.441
380,1,1.0,0.514,0.65,0.818,0.45,-0.014,0.05,0.632
381,6,0.909,0.364,0.559,0.868,0.641,0.986,0.241,0.682
382,6,0.818,0.214,0.468,0.918,0.832,1.0,0.432,0.732
383,,0.668,0.064,0.318,0.768,0.682,0.85,0.282,0.582
384,,0.518,-0.086,0.168,0.618,0.532,0.7,0.132,0.432
385,2,0.709,0.914,0.359,0.668,0.441,0.55,0.041,0.482
386,2,0.9,1.0,0.55,0.718,0.35,0.4,-0.05,0.532
387,7,0.95,0.909,0.4,0.627,0.4,0.591,0.95,0.723
388,7,1.0,0.818,0.25,0.536,0.45,0.782,1.0,0.914
389,,0.85,0.668,0.1,0.386,0.3,0.632,0.85,0.764
390,,0.7,0.518,-0.05,0.236,0.15,0.482,0.7,0.614
391,3,0.75,0.709,0.95,0.427,0.2,0.391,0.55,0.523
392,3,0.8,0.9,1.0,0.618,0.25,0.3,0.4,0.432
393,,0.65,0.75,0.85,0.468,0.1,0.15,0.25,0.282
394,,0.5,0.6,0.7,0.318,-0.05,0.0,0.1,0.132
395,5,0.35,0.509,0.75,0.509,0.95,0.191,0.15,0.041
396,5,0.2,0.418,0.8,0.7,1.0,0.382,0.2,-0.05
397,8,0.391,0.468,0.709,0.55,0.909,0.432,0.391,0.95
398,8,0.582,0.518,0.618,0.4,0.818,0.482,0.582,1.0
399,,0.432,0.368,0.468,0.25,0.668,0.332,0.432,0.85
400,,0.282,0.218,0.318,0.1,0.518,0.182,0.282,0.7
401,,0.132,0.068,0.168,-0.05,0.368,0.032,0.132,0.55
402,4,0.041,0.118,0.359,0.95,0.559,0.082,0.041,0.4
403,4,-0.05,0.168,0.55,1.0,0.75,0.132,-0.05,0.25
404,1,0.95,0.359,0.6,0.909,0.6,0.041,0.0,0.441
405,1,1.0,0.55,0.65,0.818,0.45,-0.05,0.05,0.632
406,6,0.909,0.4,0.559,0.868,0.641,0.95,0.241,0.682
407,6,0.818,0.25,0.468,0.918,0.832,1.0,0.432,0.732
408,,0.668,0.1,0.318,0.768,0.682,0.85,0.282,0.582
409,,0.518,-0.05,0.168,0.618,0.532,0.7,0.132,0.432
410,2,0.709,0.95,0.359,0.668,0.441,0.55,0.041,0.482
411,2,0.9,1.0,0.55,0.718,0.35,0.4,-0.05,0.532
412,7,0.95,0.909,0.4,0.627,0.4,0.591,0.95,0.723
413,7,1.0,0.818,0.25,0.536,0.45,0.782,1.0,0.914
414,,0.85,0.668,0.1,0.386,0.3,0.632,0.85,0.764
415,,0.7,0.518,-0.05,0.236,0.15,0.482,0.7,0.614
416,3,0.75,0.709,0.95,0.427,0.2,0.391,0.55,0.523
417,3,0.8,0.9,1.0,0.618,0.25,0.3,0.4,0.432
418,,0.65,0.75,0.85,0.468,0.1,0.15,0.25,0.282
419,,0.5,0.6,0.7,0.318,-0.05,0.0,0.1,0.132
420,5,0.35,0.509,0.75,0.509,0.95,0.191,0.15,0.041
421,5,0.2,0.418,0.8,0.7,1.0,0.382,0.2,-0.05
422,8,0.391,0.468,0.709,0.55,0.909,0.432,0.391,0.95
423,8,0.582,0.518,0.618,0.4,0.818,0.482,0.582,1.0
424,,0.432,0.368,0.468,0.25,0.668,0.332,0.432,0.85
425,,0.282,0.218,0.318,0.1,0.518,0.182,0.282,0.7
426,,0.132,0.068,0.168,-0.05,0.368,0.032,0.132,0.55
427,4,0.041,0.118,0.359,0.95,0.559,0.082,0.041,0.4
428,4,-0.05,0.168,0.55,1.0,0.75,0.132,-0.05,0.25
429,7,0.0,0.077,0.4,0.909,0.8,0.323,0.95,0.441
430,7,0.05,-0.014,0.25,0.818,0.85,0.514,1.0,0.632
431,2,0.241,0.986,0.441,0.868,0.759,0.364,0.909,0.682
432,2,0.432,1.0,0.632,0.918,0.668,0.214,0.818,0.732
433,,0.282,0.85,0.482,0.768,0.518,0.064,0.668,0.582
434,,0.132,0.7,0.332,0.618,0.368,-0.086,0.518,0.432
435,6,0.041,0.55,0.241,0.668,0.559,0.914,0.709,0.482
436,6,-0.05,0.4,0.15,0.718,0.75,1.0,0.9,0.532
437,1,0.95,0.591,0.2,0.627,0.6,0.909,0.95,0.723
438,1,1.0,0.782,0.25,0.536,0.45,0.818,1.0,0.914
439,,0.85,0.632,0.1,0.386,0.3,0.668,0.85,0.764
440,,0.7,0.482,-0.05,0.236,0.15,0.518,0.7,0.614
441,3,0.75,0.673,0.95,0.427,0.2,0.427,0.55,0.523
442,3,0.8,0.864,1.0,0.618,0.25,0.336,0.4,0.432
443,,0.65,0.714,0.85,0.468,0.1,0.186,0.25,0.282
444,,0.5,0.564,0.7,0.318,-0.05,0.036,0.1,0.132
445,5,0.35,0.473,0.75,0.509,0.95,0.227,0.15,0.041
446,5,0.2,0.382,0.8,0.7,1.0,0.418,0.2,-0.05
447,8,0.391,0.432,0.709,0.55,0.909,0.468,0.391,0.95
448,8,0.582,0.482,0.618,0.4,0.818,0.518,0.582,1.0
449,,0.432,0.332,0.468,0.25,0.668,0.368,0.432,0.85
450,,0.282,0.182,0.318,0.1,0.518,0.218,0.282,0.7
451,,0.132,0.032,0.168,-0.05,0.368,0.068,0.132,0.55
452,4,0.041,0.082,0.359,0.95,0.559,0.118,0.041,0.4
453,4,-0.05,0.132,0.55,1.0,0.75,0.168,-0.05,0.25
454,7,0.0,0.041,0.4,0.909,0.8,0.359,0.95,0.441
455,7,0.05,-0.05,0.25,0.818,0.85,0.55,1.0,0.632
456,2,0.241,0.95,0.441,0.868,0.759,0.4,0.909,0.682
457,2,0.432,1.0,0.632,0.918,0.668,0.25,0.818,0.732
458,,0.282,0.85,0.482,0.768,0.518,0.1,0.668,0.582
459,,0.132,0.7,0.332,0.618,0.368,-0.05,0.518,0.432
460,6,0.041,0.55,0.241,0.668,0.559,0.95,0.709,0.482
461,6,-0.05,0.4,0.15,0.718,0.75,1.0,0.9,0.532
462,1,0.95,0.591,0.2,0.627,0.6,0.909,0.95,0.723
463,1,1.0,0.782,0.25,0.536,0.45,0.818,1.0,0.914
464,,0.85,0.632,0.1,0.386,0.3,0.668,0.85,0.764
465,,0.7,0.482,-0.05,0.236,0.15,0.518,0.7,0.614
466,3,0.75,0.673,0.95,0.427,0.2,0.427,0.55,0.523
467,3,0.8,0.864,1.0,0.618,0.25,0.336,0.4,0.432
468,,0.65,0.714,0.85,0.468,0.1,0.186,0.25,0.282
469,,0.5,0.564,0.7,0.318,-0.05,0.036,0.1,0.132
470,5,0.35,0.473,0.75,0.509,0.95,0.227,0.15,0.041
471,5,0.2,0.382,0.8,0.7,1.0,0.418,0.2,-0.05
472,8,0.391,0.432,0.709,0.55,0.909,0.468,0.391,0.95
473,8,0.582,0.482,0.618,0.4,0.818,0.518,0.582,1.0
474,,0.432,0.332,0.468,0.25,0.668,0.368,0.432,0.85
475,,0.282,0.182,0.318,0.1,0.518,0.218,0.282,0.7
476,,0.132,0.032,0.168,-0.05,0.368,0.068,0.132,0.55
477,4,0.041,0.082,0.359,0.95,0.559,0.118,0.041,0.4
478,4,-0.05,0.132,0.55,1.0,0.75,0.168,-0.05,0.25
479,1,0.95,0.323,0.6,0.909,0.6,0.077,0.0,0.441
480,1,1.0,0.514,0.65,0.818,0.45,-0.014,0.05,0.632
481,6,0.909,0.364,0.559,0.868,0.641,0.986,0.241,0.682
482,6,0.818,0.214,0.468,0.918,0.832,1.0,0.432,0.732
483,,0.668,0.064,0.318,0.768,0.682,0.85,0.282,0.582
484,,0.518,-0.086,0.168,0.618,0.532,0.7,0.132,0.432
485,2,0.709,0.914,0.359,0.668,0.441,0.55,0.041,0.482
486,2,0.9,1.0,0.55,0.718,0.35,0.4,-0.05,0.532
487,7,0.95,0.909,0.4,0.627,0.4,0.591,0.95,0.723
488,7,1.0,0.818,0.25,0.536,0.45,0.782,1.0,0.914
489,,0.85,0.668,0.1,0.386,0.3,0.632,0.85,0.764
490,,0.7,0.518,-0.05,0.236,0.15,0.482,0.7,0.614
491,3,0.75,0.709,0.95,0.427,0.2,0.391,0.55,0.523
492,3,0.8,0.9,1.0,0.618,0.25,0.3,0.4,0.432
493,,0.65,0.75,0.85,0.468,0.1,0.15,0.25,0.282
494,,0.5,0.6,0.7,0.318,-0.05,0.0,0.1,0.132
495,5,0.35,0.509,0.75,0.509,0.95,0.191,0.15,0.041
496,5,0.2,0.418,0.8,0.7,1.0,0.382,0.2,-0.05
497,8,0.391,0.468,0.709,0.55,0.909,0.432,0.391,0.95
498,8,0.582,0.518,0.618,0.4,0.818,0.482,0.582,1.0
499,,0.432,0.368,0.468,0.25,0.668,0.332,0.432,0.85
