step,active_motive,motive_1,motive_2,motive_3,motive_4,motive_5,motive_6,motive_7,motive_8
0,,0.09654,0.05583,0.08826,0.01887,0.02789,0.07004,0.08467,0.08563
1,,0.07654,0.03583,0.06826,-0.00113,0.00789,0.05004,0.06467,0.06563
2,4,-0.12646,0.11583,0.43126,0.99887,0.37089,0.13004,-0.13833,-0.25437
3,4,-0.32946,0.19583,0.79426,1.0,0.73389,0.21004,-0.34133,-0.57437
4,8,0.03354,0.27583,0.59126,0.68,0.53089,0.29004,0.02167,0.42563
5,8,0.39654,0.35583,0.38826,0.36,0.32789,0.37004,0.38467,1.0
6,,0.37654,0.33583,0.36826,0.34,0.30789,0.35004,0.36467,0.98
7,,0.35654,0.31583,0.34826,0.32,0.28789,0.33004,0.34467,0.96
8,,0.33654,0.29583,0.32826,0.3,0.26789,0.31004,0.32467,0.94
9,,0.31654,0.27583,0.30826,0.28,0.24789,0.29004,0.30467,0.92
10,,0.29654,0.25583,0.28826,0.26,0.22789,0.27004,0.28467,0.9
11,,0.27654,0.23583,0.26826,0.24,0.20789,0.25004,0.26467,0.88
12,,0.25654,0.21583,0.24826,0.22,0.18789,0.23004,0.24467,0.86
13,,0.23654,0.19583,0.22826,0.2,0.16789,0.21004,0.22467,0.84
14,,0.21654,0.17583,0.20826,0.18,0.14789,0.19004,0.20467,0.82
15,,0.19654,0.15583,0.18826,0.16,0.12789,0.17004,0.18467,0.8
16,,0.17654,0.13583,0.16826,0.14,0.10789,0.15004,0.16467,0.78
17,,0.15654,0.11583,0.14826,0.12,0.08789,0.13004,0.14467,0.76
18,,0.13654,0.09583,0.12826,0.1,0.06789,0.11004,0.12467,0.74
19,,0.11654,0.07583,0.10826,0.08,0.04789,0.09004,0.10467,0.72
20,,0.09654,0.05583,0.08826,0.06,0.02789,0.07004,0.08467,0.7
21,,0.07654,0.03583,0.06826,0.04,0.00789,0.05004,0.06467,0.68
22,,0.05654,0.01583,0.04826,0.02,-0.01211,0.03004,0.04467,0.66
23,5,-0.26346,-0.18717,0.12826,0.383,0.98789,0.39304,0.12467,0.457
24,5,-0.58346,-0.39017,0.20826,0.746,1.0,0.75604,0.20467,0.254
25,1,0.41654,-0.02717,0.28826,0.543,0.68,0.55304,0.28467,0.617
26,1,1.0,0.33583,0.36826,0.34,0.36,0.35004,0.36467,0.98
27,,0.98,0.31583,0.34826,0.32,0.34,0.33004,0.34467,0.96
28,,0.96,0.29583,0.32826,0.3,0.32,0.31004,0.32467,0.94
29,,0.94,0.27583,0.30826,0.28,0.3,0.29004,0.30467,0.92
30,,0.92,0.25583,0.28826,0.26,0.28,0.27004,0.28467,0.9
31,,0.9,0.23583,0.26826,0.24,0.26,0.25004,0.26467,0.88
32,,0.88,0.21583,0.24826,0.22,0.24,0.23004,0.24467,0.86
33,,0.86,0.19583,0.22826,0.2,0.22,0.21004,0.22467,0.84
34,,0.84,0.17583,0.20826,0.18,0.2,0.19004,0.20467,0.82
35,,0.82,0.15583,0.18826,0.16,0.18,0.17004,0.18467,0.8
36,,0.8,0.13583,0.16826,0.14,0.16,0.15004,0.16467,0.78
37,,0.78,0.11583,0.14826,0.12,0.14,0.13004,0.14467,0.76
38,,0.76,0.09583,0.12826,0.1,0.12,0.11004,0.12467,0.74
39,,0.74,0.07583,0.10826,0.08,0.1,0.09004,0.10467,0.72
40,,0.72,0.05583,0.08826,0.06,0.08,0.07004,0.08467,0.7
41,,0.7,0.03583,0.06826,0.04,0.06,0.05004,0.06467,0.68
42,,0.68,0.01583,0.04826,0.02,0.04,0.03004,0.04467,0.66
43,,0.66,-0.00417,0.02826,0.0,0.02,0.01004,0.02467,0.64
44,2,1.0,0.99583,0.39126,0.08,-0.183,-0.30996,-0.17833,0.72
45,2,1.0,1.0,0.75426,0.16,-0.386,-0.62996,-0.38133,0.8
46,6,0.797,0.68,0.55126,0.24,-0.023,0.37004,-0.01833,0.88
47,6,0.594,0.36,0.34826,0.32,0.34,1.0,0.34467,0.96
48,,0.574,0.34,0.32826,0.3,0.32,0.98,0.32467,0.94
49,,0.554,0.32,0.30826,0.28,0.3,0.96,0.30467,0.92
50,,0.534,0.3,0.28826,0.26,0.28,0.94,0.28467,0.9
51,,0.514,0.28,0.26826,0.24,0.26,0.92,0.26467,0.88
52,,0.494,0.26,0.24826,0.22,0.24,0.9,0.24467,0.86
53,,0.474,0.24,0.22826,0.2,0.22,0.88,0.22467,0.84
54,,0.454,0.22,0.20826,0.18,0.2,0.86,0.20467,0.82
55,,0.434,0.2,0.18826,0.16,0.18,0.84,0.18467,0.8
56,,0.414,0.18,0.16826,0.14,0.16,0.82,0.16467,0.78
57,,0.394,0.16,0.14826,0.12,0.14,0.8,0.14467,0.76
58,,0.374,0.14,0.12826,0.1,0.12,0.78,0.12467,0.74
59,,0.354,0.12,0.10826,0.08,0.1,0.76,0.10467,0.72
60,,0.334,0.1,0.08826,0.06,0.08,0.74,0.08467,0.7
61,,0.314,0.08,0.06826,0.04,0.06,0.72,0.06467,0.68
62,,0.294,0.06,0.04826,0.02,0.04,0.7,0.04467,0.66
63,,0.274,0.04,0.02826,0.0,0.02,0.68,0.02467,0.64
64,,0.254,0.02,0.00826,-0.02,0.0,0.66,0.00467,0.62
65,4,0.051,0.1,0.37126,0.98,0.363,0.74,-0.19833,0.3
66,4,-0.152,0.18,0.73426,1.0,0.726,0.82,-0.40133,-0.02
67,7,-0.072,-0.023,0.41426,0.797,0.806,1.0,0.59867,0.343
68,7,0.008,-0.226,0.09426,0.594,0.886,1.0,1.0,0.706
69,2,0.371,0.774,0.45726,0.674,0.683,0.68,0.797,0.786
70,2,0.734,1.0,0.82026,0.754,0.48,0.36,0.594,0.866
71,,0.714,0.98,0.80026,0.734,0.46,0.34,0.574,0.846
72,,0.694,0.96,0.78026,0.714,0.44,0.32,0.554,0.826
73,,0.674,0.94,0.76026,0.694,0.42,0.3,0.534,0.806
74,,0.654,0.92,0.74026,0.674,0.4,0.28,0.514,0.786
75,,0.634,0.9,0.72026,0.654,0.38,0.26,0.494,0.766
76,,0.614,0.88,0.70026,0.634,0.36,0.24,0.474,0.746
77,,0.594,0.86,0.68026,0.614,0.34,0.22,0.454,0.726
78,,0.574,0.84,0.66026,0.594,0.32,0.2,0.434,0.706
79,,0.554,0.82,0.64026,0.574,0.3,0.18,0.414,0.686
80,,0.534,0.8,0.62026,0.554,0.28,0.16,0.394,0.666
81,,0.514,0.78,0.60026,0.534,0.26,0.14,0.374,0.646
82,,0.494,0.76,0.58026,0.514,0.24,0.12,0.354,0.626
83,,0.474,0.74,0.56026,0.494,0.22,0.1,0.334,0.606
84,,0.454,0.72,0.54026,0.474,0.2,0.08,0.314,0.586
85,,0.434,0.7,0.52026,0.454,0.18,0.06,0.294,0.566
86,,0.414,0.68,0.50026,0.434,0.16,0.04,0.274,0.546
87,,0.394,0.66,0.48026,0.414,0.14,0.02,0.254,0.526
88,,0.374,0.64,0.46026,0.394,0.12,0.0,0.234,0.506
89,,0.354,0.62,0.44026,0.374,0.1,-0.02,0.214,0.486
90,6,0.151,0.3,0.23726,0.454,0.463,0.98,0.577,0.566
91,6,-0.052,-0.02,0.03426,0.534,0.826,1.0,0.94,0.646
92,1,0.948,0.343,0.11426,0.331,0.506,0.797,1.0,1.0
93,1,1.0,0.706,0.19426,0.128,0.186,0.594,1.0,1.0
94,,0.98,0.686,0.17426,0.108,0.166,0.574,0.98,0.98
95,,0.96,0.666,0.15426,0.088,0.146,0.554,0.96,0.96
96,,0.94,0.646,0.13426,0.068,0.126,0.534,0.94,0.94
97,,0.92,0.626,0.11426,0.048,0.106,0.514,0.92,0.92
98,,0.9,0.606,0.09426,0.028,0.086,0.494,0.9,0.9
99,,0.88,0.586,0.07426,0.008,0.066,0.474,0.88,0.88
100,,0.86,0.566,0.05426,-0.012,0.046,0.454,0.86,0.86
101,4,0.657,0.646,0.41726,0.988,0.409,0.534,0.657,0.54
102,4,0.454,0.726,0.78026,1.0,0.772,0.614,0.454,0.22
103,,0.434,0.706,0.76026,0.98,0.752,0.594,0.434,0.2
104,,0.414,0.686,0.74026,0.96,0.732,0.574,0.414,0.18
105,,0.394,0.666,0.72026,0.94,0.712,0.554,0.394,0.16
106,,0.374,0.646,0.70026,0.92,0.692,0.534,0.374,0.14
107,,0.354,0.626,0.68026,0.9,0.672,0.514,0.354,0.12
108,,0.334,0.606,0.66026,0.88,0.652,0.494,0.334,0.1
109,,0.314,0.586,0.64026,0.86,0.632,0.474,0.314,0.08
110,,0.294,0.566,0.62026,0.84,0.612,0.454,0.294,0.06
111,,0.274,0.546,0.60026,0.82,0.592,0.434,0.274,0.04
112,,0.254,0.526,0.58026,0.8,0.572,0.414,0.254,0.02
113,,0.234,0.506,0.56026,0.78,0.552,0.394,0.234,0.0
114,,0.214,0.486,0.54026,0.76,0.532,0.374,0.214,-0.02
115,8,0.577,0.566,0.33726,0.44,0.329,0.454,0.577,0.98
116,8,0.94,0.646,0.13426,0.12,0.126,0.534,0.94,1.0
117,,0.92,0.626,0.11426,0.1,0.106,0.514,0.92,0.98
118,,0.9,0.606,0.09426,0.08,0.086,0.494,0.9,0.96
119,,0.88,0.586,0.07426,0.06,0.066,0.474,0.88,0.94
120,,0.86,0.566,0.05426,0.04,0.046,0.454,0.86,0.92
121,,0.84,0.546,0.03426,0.02,0.026,0.434,0.84,0.9
122,,0.82,0.526,0.01426,0.0,0.006,0.414,0.82,0.88
123,,0.8,0.506,-0.00574,-0.02,-0.014,0.394,0.8,0.86
124,4,0.597,0.586,0.35726,0.98,0.349,0.474,0.597,0.54
125,4,0.394,0.666,0.72026,1.0,0.712,0.554,0.394,0.22
126,,0.374,0.646,0.70026,0.98,0.692,0.534,0.374,0.2
127,,0.354,0.626,0.68026,0.96,0.672,0.514,0.354,0.18
128,,0.334,0.606,0.66026,0.94,0.652,0.494,0.334,0.16
129,,0.314,0.586,0.64026,0.92,0.632,0.474,0.314,0.14
130,,0.294,0.566,0.62026,0.9,0.612,0.454,0.294,0.12
131,,0.274,0.546,0.60026,0.88,0.592,0.434,0.274,0.1
132,,0.254,0.526,0.58026,0.86,0.572,0.414,0.254,0.08
133,,0.234,0.506,0.56026,0.84,0.552,0.394,0.234,0.06
134,,0.214,0.486,0.54026,0.82,0.532,0.374,0.214,0.04
135,,0.194,0.466,0.52026,0.8,0.512,0.354,0.194,0.02
136,,0.174,0.446,0.50026,0.78,0.492,0.334,0.174,0.0
137,,0.154,0.426,0.48026,0.76,0.472,0.314,0.154,-0.02
138,8,0.517,0.506,0.27726,0.44,0.269,0.394,0.517,0.98
139,8,0.88,0.586,0.07426,0.12,0.066,0.474,0.88,1.0
140,,0.86,0.566,0.05426,0.1,0.046,0.454,0.86,0.98
141,,0.84,0.546,0.03426,0.08,0.026,0.434,0.84,0.96
142,,0.82,0.526,0.01426,0.06,0.006,0.414,0.82,0.94
143,,0.8,0.506,-0.00574,0.04,-0.014,0.394,0.8,0.92
144,5,0.48,0.303,0.07426,0.403,0.986,0.757,0.88,0.717
145,5,0.16,0.1,0.15426,0.766,1.0,1.0,0.96,0.514
146,,0.14,0.08,0.13426,0.746,0.98,0.98,0.94,0.494
147,,0.12,0.06,0.11426,0.726,0.96,0.96,0.92,0.474
148,,0.1,0.04,0.09426,0.706,0.94,0.94,0.9,0.454
149,,0.08,0.02,0.07426,0.686,0.92,0.92,0.88,0.434
150,,0.06,0.0,0.05426,0.666,0.9,0.9,0.86,0.414
151,,0.04,-0.02,0.03426,0.646,0.88,0.88,0.84,0.394
152,2,0.403,0.98,0.39726,0.726,0.677,0.56,0.637,0.474
153,2,0.766,1.0,0.76026,0.806,0.474,0.24,0.434,0.554
154,,0.746,0.98,0.74026,0.786,0.454,0.22,0.414,0.534
155,,0.726,0.96,0.72026,0.766,0.434,0.2,0.394,0.514
156,,0.706,0.94,0.70026,0.746,0.414,0.18,0.374,0.494
157,,0.686,0.92,0.68026,0.726,0.394,0.16,0.354,0.474
158,,0.666,0.9,0.66026,0.706,0.374,0.14,0.334,0.454
159,,0.646,0.88,0.64026,0.686,0.354,0.12,0.314,0.434
160,,0.626,0.86,0.62026,0.666,0.334,0.1,0.294,0.414
161,,0.606,0.84,0.60026,0.646,0.314,0.08,0.274,0.394
162,,0.586,0.82,0.58026,0.626,0.294,0.06,0.254,0.374
163,,0.566,0.8,0.56026,0.606,0.274,0.04,0.234,0.354
164,,0.546,0.78,0.54026,0.586,0.254,0.02,0.214,0.334
165,,0.526,0.76,0.52026,0.566,0.234,0.0,0.194,0.314
166,,0.506,0.74,0.50026,0.546,0.214,-0.02,0.174,0.294
167,6,0.303,0.42,0.29726,0.626,0.577,0.98,0.537,0.374
168,6,0.1,0.1,0.09426,0.706,0.94,1.0,0.9,0.454
169,,0.08,0.08,0.07426,0.686,0.92,0.98,0.88,0.434
170,,0.06,0.06,0.05426,0.666,0.9,0.96,0.86,0.414
171,,0.04,0.04,0.03426,0.646,0.88,0.94,0.84,0.394
172,,0.02,0.02,0.01426,0.626,0.86,0.92,0.82,0.374
173,,0.0,0.0,-0.00574,0.606,0.84,0.9,0.8,0.354
174,3,0.08,0.363,0.99426,0.969,0.92,0.697,0.48,0.151
175,3,0.16,0.726,1.0,1.0,1.0,0.494,0.16,-0.052
176,8,0.523,0.806,0.797,0.68,0.797,0.574,0.523,0.948
177,8,0.886,0.886,0.594,0.36,0.594,0.654,0.886,1.0
178,,0.866,0.866,0.574,0.34,0.574,0.634,0.866,0.98
179,,0.846,0.846,0.554,0.32,0.554,0.614,0.846,0.96
180,,0.826,0.826,0.534,0.3,0.534,0.594,0.826,0.94
181,,0.806,0.806,0.514,0.28,0.514,0.574,0.806,0.92
182,,0.786,0.786,0.494,0.26,0.494,0.554,0.786,0.9
183,,0.766,0.766,0.474,0.24,0.474,0.534,0.766,0.88
184,,0.746,0.746,0.454,0.22,0.454,0.514,0.746,0.86
185,,0.726,0.726,0.434,0.2,0.434,0.494,0.726,0.84
186,,0.706,0.706,0.414,0.18,0.414,0.474,0.706,0.82
187,,0.686,0.686,0.394,0.16,0.394,0.454,0.686,0.8
188,,0.666,0.666,0.374,0.14,0.374,0.434,0.666,0.78
189,,0.646,0.646,0.354,0.12,0.354,0.414,0.646,0.76
190,,0.626,0.626,0.334,0.1,0.334,0.394,0.626,0.74
191,,0.606,0.606,0.314,0.08,0.314,0.374,0.606,0.72
192,,0.586,0.586,0.294,0.06,0.294,0.354,0.586,0.7
193,,0.566,0.566,0.274,0.04,0.274,0.334,0.566,0.68
194,,0.546,0.546,0.254,0.02,0.254,0.314,0.546,0.66
195,,0.526,0.526,0.234,0.0,0.234,0.294,0.526,0.64
196,,0.506,0.506,0.214,-0.02,0.214,0.274,0.506,0.62
197,4,0.303,0.586,0.577,0.98,0.577,0.354,0.303,0.3
198,4,0.1,0.666,0.94,1.0,0.94,0.434,0.1,-0.02
199,8,0.463,0.746,0.737,0.68,0.737,0.514,0.463,0.98
200,8,0.826,0.826,0.534,0.36,0.534,0.594,0.826,1.0
201,,0.806,0.806,0.514,0.34,0.514,0.574,0.806,0.98
202,,0.786,0.786,0.494,0.32,0.494,0.554,0.786,0.96
203,,0.766,0.766,0.474,0.3,0.474,0.534,0.766,0.94
204,,0.746,0.746,0.454,0.28,0.454,0.514,0.746,0.92
205,,0.726,0.726,0.434,0.26,0.434,0.494,0.726,0.9
206,,0.706,0.706,0.414,0.24,0.414,0.474,0.706,0.88
207,,0.686,0.686,0.394,0.22,0.394,0.454,0.686,0.86
208,,0.666,0.666,0.374,0.2,0.374,0.434,0.666,0.84
209,,0.646,0.646,0.354,0.18,0.354,0.414,0.646,0.82
210,,0.626,0.626,0.334,0.16,0.334,0.394,0.626,0.8
211,,0.606,0.606,0.314,0.14,0.314,0.374,0.606,0.78
212,,0.586,0.586,0.294,0.12,0.294,0.354,0.586,0.76
213,,0.566,0.566,0.274,0.1,0.274,0.334,0.566,0.74
214,,0.546,0.546,0.254,0.08,0.254,0.314,0.546,0.72
215,,0.526,0.526,0.234,0.06,0.234,0.294,0.526,0.7
216,,0.506,0.506,0.214,0.04,0.214,0.274,0.506,0.68
217,,0.486,0.486,0.194,0.02,0.194,0.254,0.486,0.66
218,,0.466,0.466,0.174,0.0,0.174,0.234,0.466,0.64
219,,0.446,0.446,0.154,-0.02,0.154,0.214,0.446,0.62
220,4,0.243,0.526,0.517,0.98,0.517,0.294,0.243,0.3
221,4,0.04,0.606,0.88,1.0,0.88,0.374,0.04,-0.02
222,8,0.403,0.686,0.677,0.68,0.677,0.454,0.403,0.98
223,8,0.766,0.766,0.474,0.36,0.474,0.534,0.766,1.0
224,,0.746,0.746,0.454,0.34,0.454,0.514,0.746,0.98
225,,0.726,0.726,0.434,0.32,0.434,0.494,0.726,0.96
226,,0.706,0.706,0.414,0.3,0.414,0.474,0.706,0.94
227,,0.686,0.686,0.394,0.28,0.394,0.454,0.686,0.92
228,,0.666,0.666,0.374,0.26,0.374,0.434,0.666,0.9
229,,0.646,0.646,0.354,0.24,0.354,0.414,0.646,0.88
230,,0.626,0.626,0.334,0.22,0.334,0.394,0.626,0.86
231,,0.606,0.606,0.314,0.2,0.314,0.374,0.606,0.84
232,,0.586,0.586,0.294,0.18,0.294,0.354,0.586,0.82
233,,0.566,0.566,0.274,0.16,0.274,0.334,0.566,0.8
234,,0.546,0.546,0.254,0.14,0.254,0.314,0.546,0.78
235,,0.526,0.526,0.234,0.12,0.234,0.294,0.526,0.76
236,,0.506,0.506,0.214,0.1,0.214,0.274,0.506,0.74
237,,0.486,0.486,0.194,0.08,0.194,0.254,0.486,0.72
238,,0.466,0.466,0.174,0.06,0.174,0.234,0.466,0.7
239,,0.446,0.446,0.154,0.04,0.154,0.214,0.446,0.68
240,,0.426,0.426,0.134,0.02,0.134,0.194,0.426,0.66
241,,0.406,0.406,0.114,0.0,0.114,0.174,0.406,0.64
242,,0.386,0.386,0.094,-0.02,0.094,0.154,0.386,0.62
243,4,0.183,0.466,0.457,0.98,0.457,0.234,0.183,0.3
244,4,-0.02,0.546,0.82,1.0,0.82,0.314,-0.02,-0.02
245,7,0.06,0.343,0.5,0.797,0.9,0.677,0.98,0.343
246,7,0.14,0.14,0.18,0.594,0.98,1.0,1.0,0.706
247,,0.12,0.12,0.16,0.574,0.96,0.98,0.98,0.686
248,,0.1,0.1,0.14,0.554,0.94,0.96,0.96,0.666
249,,0.08,0.08,0.12,0.534,0.92,0.94,0.94,0.646
250,,0.06,0.06,0.1,0.514,0.9,0.92,0.92,0.626
251,,0.04,0.04,0.08,0.494,0.88,0.9,0.9,0.606
252,,0.02,0.02,0.06,0.474,0.86,0.88,0.88,0.586
253,,0.0,0.0,0.04,0.454,0.84,0.86,0.86,0.566
254,,-0.02,-0.02,0.02,0.434,0.82,0.84,0.84,0.546
255,2,0.343,0.98,0.383,0.514,0.617,0.52,0.637,0.626
256,2,0.706,1.0,0.746,0.594,0.414,0.2,0.434,0.706
257,,0.686,0.98,0.726,0.574,0.394,0.18,0.414,0.686
258,,0.666,0.96,0.706,0.554,0.374,0.16,0.394,0.666
259,,0.646,0.94,0.686,0.534,0.354,0.14,0.374,0.646
260,,0.626,0.92,0.666,0.514,0.334,0.12,0.354,0.626
261,,0.606,0.9,0.646,0.494,0.314,0.1,0.334,0.606
262,,0.586,0.88,0.626,0.474,0.294,0.08,0.314,0.586
263,,0.566,0.86,0.606,0.454,0.274,0.06,0.294,0.566
264,,0.546,0.84,0.586,0.434,0.254,0.04,0.274,0.546
265,,0.526,0.82,0.566,0.414,0.234,0.02,0.254,0.526
266,,0.506,0.8,0.546,0.394,0.214,0.0,0.234,0.506
267,,0.486,0.78,0.526,0.374,0.194,-0.02,0.214,0.486
268,6,0.283,0.46,0.323,0.454,0.557,0.98,0.577,0.566
269,6,0.08,0.14,0.12,0.534,0.92,1.0,0.94,0.646
270,,0.06,0.12,0.1,0.514,0.9,0.98,0.92,0.626
271,,0.04,0.1,0.08,0.494,0.88,0.96,0.9,0.606
272,,0.02,0.08,0.06,0.474,0.86,0.94,0.88,0.586
273,,0.0,0.06,0.04,0.454,0.84,0.92,0.86,0.566
274,,-0.02,0.04,0.02,0.434,0.82,0.9,0.84,0.546
275,1,0.98,0.403,0.1,0.231,0.5,0.697,0.92,0.909
276,1,1.0,0.766,0.18,0.028,0.18,0.494,1.0,1.0
277,,0.98,0.746,0.16,0.008,0.16,0.474,0.98,0.98
278,,0.96,0.726,0.14,-0.012,0.14,0.454,0.96,0.96
279,4,0.757,0.806,0.503,0.988,0.503,0.534,0.757,0.64
280,4,0.554,0.886,0.866,1.0,0.866,0.614,0.554,0.32
281,,0.534,0.866,0.846,0.98,0.846,0.594,0.534,0.3
282,,0.514,0.846,0.826,0.96,0.826,0.574,0.514,0.28
283,,0.494,0.826,0.806,0.94,0.806,0.554,0.494,0.26
284,,0.474,0.806,0.786,0.92,0.786,0.534,0.474,0.24
285,,0.454,0.786,0.766,0.9,0.766,0.514,0.454,0.22
286,,0.434,0.766,0.746,0.88,0.746,0.494,0.434,0.2
287,,0.414,0.746,0.726,0.86,0.726,0.474,0.414,0.18
288,,0.394,0.726,0.706,0.84,0.706,0.454,0.394,0.16
289,,0.374,0.706,0.686,0.82,0.686,0.434,0.374,0.14
290,,0.354,0.686,0.666,0.8,0.666,0.414,0.354,0.12
291,,0.334,0.666,0.646,0.78,0.646,0.394,0.334,0.1
292,,0.314,0.646,0.626,0.76,0.626,0.374,0.314,0.08
293,,0.294,0.626,0.606,0.74,0.606,0.354,0.294,0.06
294,,0.274,0.606,0.586,0.72,0.586,0.334,0.274,0.04
295,,0.254,0.586,0.566,0.7,0.566,0.314,0.254,0.02
296,,0.234,0.566,0.546,0.68,0.546,0.294,0.234,0.0
297,,0.214,0.546,0.526,0.66,0.526,0.274,0.214,-0.02
298,8,0.577,0.626,0.323,0.34,0.323,0.354,0.577,0.98
299,8,0.94,0.706,0.12,0.02,0.12,0.434,0.94,1.0
300,,0.92,0.686,0.1,0.0,0.1,0.414,0.92,0.98
301,,0.9,0.666,0.08,-0.02,0.08,0.394,0.9,0.96
302,4,0.697,0.746,0.443,0.98,0.443,0.474,0.697,0.64
303,4,0.494,0.826,0.806,1.0,0.806,0.554,0.494,0.32
304,,0.474,0.806,0.786,0.98,0.786,0.534,0.474,0.3
305,,0.454,0.786,0.766,0.96,0.766,0.514,0.454,0.28
306,,0.434,0.766,0.746,0.94,0.746,0.494,0.434,0.26
307,,0.414,0.746,0.726,0.92,0.726,0.474,0.414,0.24
308,,0.394,0.726,0.706,0.9,0.706,0.454,0.394,0.22
309,,0.374,0.706,0.686,0.88,0.686,0.434,0.374,0.2
310,,0.354,0.686,0.666,0.86,0.666,0.414,0.354,0.18
311,,0.334,0.666,0.646,0.84,0.646,0.394,0.334,0.16
312,,0.314,0.646,0.626,0.82,0.626,0.374,0.314,0.14
313,,0.294,0.626,0.606,0.8,0.606,0.354,0.294,0.12
314,,0.274,0.606,0.586,0.78,0.586,0.334,0.274,0.1
315,,0.254,0.586,0.566,0.76,0.566,0.314,0.254,0.08
316,,0.234,0.566,0.546,0.74,0.546,0.294,0.234,0.06
317,,0.214,0.546,0.526,0.72,0.526,0.274,0.214,0.04
318,,0.194,0.526,0.506,0.7,0.506,0.254,0.194,0.02
319,,0.174,0.506,0.486,0.68,0.486,0.234,0.174,0.0
320,,0.154,0.486,0.466,0.66,0.466,0.214,0.154,-0.02
321,8,0.517,0.566,0.263,0.34,0.263,0.294,0.517,0.98
322,8,0.88,0.646,0.06,0.02,0.06,0.374,0.88,1.0
323,,0.86,0.626,0.04,0.0,0.04,0.354,0.86,0.98
324,,0.84,0.606,0.02,-0.02,0.02,0.334,0.84,0.96
325,4,0.637,0.686,0.383,0.98,0.383,0.414,0.637,0.64
326,4,0.434,0.766,0.746,1.0,0.746,0.494,0.434,0.32
327,,0.414,0.746,0.726,0.98,0.726,0.474,0.414,0.3
328,,0.394,0.726,0.706,0.96,0.706,0.454,0.394,0.28
329,,0.374,0.706,0.686,0.94,0.686,0.434,0.374,0.26
330,,0.354,0.686,0.666,0.92,0.666,0.414,0.354,0.24
331,,0.334,0.666,0.646,0.9,0.646,0.394,0.334,0.22
332,,0.314,0.646,0.626,0.88,0.626,0.374,0.314,0.2
333,,0.294,0.626,0.606,0.86,0.606,0.354,0.294,0.18
334,,0.274,0.606,0.586,0.84,0.586,0.334,0.274,0.16
335,,0.254,0.586,0.566,0.82,0.566,0.314,0.254,0.14
336,,0.234,0.566,0.546,0.8,0.546,0.294,0.234,0.12
337,,0.214,0.546,0.526,0.78,0.526,0.274,0.214,0.1
338,,0.194,0.526,0.506,0.76,0.506,0.254,0.194,0.08
339,,0.174,0.506,0.486,0.74,0.486,0.234,0.174,0.06
340,,0.154,0.486,0.466,0.72,0.466,0.214,0.154,0.04
341,,0.134,0.466,0.446,0.7,0.446,0.194,0.134,0.02
342,,0.114,0.446,0.426,0.68,0.426,0.174,0.114,0.0
343,,0.094,0.426,0.406,0.66,0.406,0.154,0.094,-0.02
344,8,0.457,0.506,0.203,0.34,0.203,0.234,0.457,0.98
345,8,0.82,0.586,0.0,0.02,0.0,0.314,0.82,1.0
346,,0.8,0.566,-0.02,0.0,-0.02,0.294,0.8,0.98
347,3,0.88,0.929,0.98,0.363,0.06,0.091,0.48,0.777
348,3,0.96,1.0,1.0,0.726,0.14,-0.112,0.16,0.574
349,6,0.757,0.68,0.797,0.806,0.503,0.888,0.523,0.654
350,6,0.554,0.36,0.594,0.886,0.866,1.0,0.886,0.734
351,,0.534,0.34,0.574,0.866,0.846,0.98,0.866,0.714
352,,0.514,0.32,0.554,0.846,0.826,0.96,0.846,0.694
353,,0.494,0.3,0.534,0.826,0.806,0.94,0.826,0.674
354,,0.474,0.28,0.514,0.806,0.786,0.92,0.806,0.654
355,,0.454,0.26,0.494,0.786,0.766,0.9,0.786,0.634
356,,0.434,0.24,0.474,0.766,0.746,0.88,0.766,0.614
357,,0.414,0.22,0.454,0.746,0.726,0.86,0.746,0.594
358,,0.394,0.2,0.434,0.726,0.706,0.84,0.726,0.574
359,,0.374,0.18,0.414,0.706,0.686,0.82,0.706,0.554
360,,0.354,0.16,0.394,0.686,0.666,0.8,0.686,0.534
361,,0.334,0.14,0.374,0.666,0.646,0.78,0.666,0.514
362,,0.314,0.12,0.354,0.646,0.626,0.76,0.646,0.494
363,,0.294,0.1,0.334,0.626,0.606,0.74,0.626,0.474
364,,0.274,0.08,0.314,0.606,0.586,0.72,0.606,0.454
365,,0.254,0.06,0.294,0.586,0.566,0.7,0.586,0.434
366,,0.234,0.04,0.274,0.566,0.546,0.68,0.566,0.414
367,,0.214,0.02,0.254,0.546,0.526,0.66,0.546,0.394
368,,0.194,0.0,0.234,0.526,0.506,0.64,0.526,0.374
369,,0.174,-0.02,0.214,0.506,0.486,0.62,0.506,0.354
370,2,0.537,0.98,0.577,0.586,0.283,0.3,0.303,0.434
371,2,0.9,1.0,0.94,0.666,0.08,-0.02,0.1,0.514
372,6,0.697,0.68,0.737,0.746,0.443,0.98,0.463,0.594
373,6,0.494,0.36,0.534,0.826,0.806,1.0,0.826,0.674
374,,0.474,0.34,0.514,0.806,0.786,0.98,0.806,0.654
375,,0.454,0.32,0.494,0.786,0.766,0.96,0.786,0.634
376,,0.434,0.3,0.474,0.766,0.746,0.94,0.766,0.614
377,,0.414,0.28,0.454,0.746,0.726,0.92,0.746,0.594
378,,0.394,0.26,0.434,0.726,0.706,0.9,0.726,0.574
379,,0.374,0.24,0.414,0.706,0.686,0.88,0.706,0.554
380,,0.354,0.22,0.394,0.686,0.666,0.86,0.686,0.534
381,,0.334,0.2,0.374,0.666,0.646,0.84,0.666,0.514
382,,0.314,0.18,0.354,0.646,0.626,0.82,0.646,0.494
383,,0.294,0.16,0.334,0.626,0.606,0.8,0.626,0.474
384,,0.274,0.14,0.314,0.606,0.586,0.78,0.606,0.454
385,,0.254,0.12,0.294,0.586,0.566,0.76,0.586,0.434
386,,0.234,0.1,0.274,0.566,0.546,0.74,0.566,0.414
387,,0.214,0.08,0.254,0.546,0.526,0.72,0.546,0.394
388,,0.194,0.06,0.234,0.526,0.506,0.7,0.526,0.374
389,,0.174,0.04,0.214,0.506,0.486,0.68,0.506,0.354
390,,0.154,0.02,0.194,0.486,0.466,0.66,0.486,0.334
391,,0.134,0.0,0.174,0.466,0.446,0.64,0.466,0.314
392,,0.114,-0.02,0.154,0.446,0.426,0.62,0.446,0.294
393,2,0.477,0.98,0.517,0.526,0.223,0.3,0.243,0.374
394,2,0.84,1.0,0.88,0.606,0.02,-0.02,0.04,0.454
395,6,0.637,0.68,0.677,0.686,0.383,0.98,0.403,0.534
396,6,0.434,0.36,0.474,0.766,0.746,1.0,0.766,0.614
397,,0.414,0.34,0.454,0.746,0.726,0.98,0.746,0.594
398,,0.394,0.32,0.434,0.726,0.706,0.96,0.726,0.574
399,,0.374,0.3,0.414,0.706,0.686,0.94,0.706,0.554
400,,0.354,0.28,0.394,0.686,0.666,0.92,0.686,0.534
401,,0.334,0.26,0.374,0.666,0.646,0.9,0.666,0.514
402,,0.314,0.24,0.354,0.646,0.626,0.88,0.646,0.494
403,,0.294,0.22,0.334,0.626,0.606,0.86,0.626,0.474
404,,0.274,0.2,0.314,0.606,0.586,0.84,0.606,0.454
405,,0.254,0.18,0.294,0.586,0.566,0.82,0.586,0.434
406,,0.234,0.16,0.274,0.566,0.546,0.8,0.566,0.414
407,,0.214,0.14,0.254,0.546,0.526,0.78,0.546,0.394
408,,0.194,0.12,0.234,0.526,0.506,0.76,0.526,0.374
409,,0.174,0.1,0.214,0.506,0.486,0.74,0.506,0.354
410,,0.154,0.08,0.194,0.486,0.466,0.72,0.486,0.334
411,,0.134,0.06,0.174,0.466,0.446,0.7,0.466,0.314
412,,0.114,0.04,0.154,0.446,0.426,0.68,0.446,0.294
413,,0.094,0.02,0.134,0.426,0.406,0.66,0.426,0.274
414,,0.074,0.0,0.114,0.406,0.386,0.64,0.406,0.254
415,,0.054,-0.02,0.094,0.386,0.366,0.62,0.386,0.234
416,2,0.417,0.98,0.457,0.466,0.163,0.3,0.183,0.314
417,2,0.78,1.0,0.82,0.546,-0.04,-0.02,-0.02,0.394
418,5,0.46,0.797,0.9,0.909,0.96,0.343,0.06,0.191
419,5,0.14,0.594,0.98,1.0,1.0,0.706,0.14,-0.012
420,8,0.503,0.674,0.777,0.68,0.797,0.786,0.503,0.988
421,8,0.866,0.754,0.574,0.36,0.594,0.866,0.866,1.0
422,,0.846,0.734,0.554,0.34,0.574,0.846,0.846,0.98
423,,0.826,0.714,0.534,0.32,0.554,0.826,0.826,0.96
424,,0.806,0.694,0.514,0.3,0.534,0.806,0.806,0.94
425,,0.786,0.674,0.494,0.28,0.514,0.786,0.786,0.92
426,,0.766,0.654,0.474,0.26,0.494,0.766,0.766,0.9
427,,0.746,0.634,0.454,0.24,0.474,0.746,0.746,0.88
428,,0.726,0.614,0.434,0.22,0.454,0.726,0.726,0.86
429,,0.706,0.594,0.414,0.2,0.434,0.706,0.706,0.84
430,,0.686,0.574,0.394,0.18,0.414,0.686,0.686,0.82
431,,0.666,0.554,0.374,0.16,0.394,0.666,0.666,0.8
432,,0.646,0.534,0.354,0.14,0.374,0.646,0.646,0.78
433,,0.626,0.514,0.334,0.12,0.354,0.626,0.626,0.76
434,,0.606,0.494,0.314,0.1,0.334,0.606,0.606,0.74
435,,0.586,0.474,0.294,0.08,0.314,0.586,0.586,0.72
436,,0.566,0.454,0.274,0.06,0.294,0.566,0.566,0.7
437,,0.546,0.434,0.254,0.04,0.274,0.546,0.546,0.68
438,,0.526,0.414,0.234,0.02,0.254,0.526,0.526,0.66
439,,0.506,0.394,0.214,0.0,0.234,0.506,0.506,0.64
440,,0.486,0.374,0.194,-0.02,0.214,0.486,0.486,0.62
441,4,0.283,0.454,0.557,0.98,0.577,0.566,0.283,0.3
442,4,0.08,0.534,0.92,1.0,0.94,0.646,0.08,-0.02
443,8,0.443,0.614,0.717,0.68,0.737,0.726,0.443,0.98
444,8,0.806,0.694,0.514,0.36,0.534,0.806,0.806,1.0
445,,0.786,0.674,0.494,0.34,0.514,0.786,0.786,0.98
446,,0.766,0.654,0.474,0.32,0.494,0.766,0.766,0.96
447,,0.746,0.634,0.454,0.3,0.474,0.746,0.746,0.94
448,,0.726,0.614,0.434,0.28,0.454,0.726,0.726,0.92
449,,0.706,0.594,0.414,0.26,0.434,0.706,0.706,0.9
450,,0.686,0.574,0.394,0.24,0.414,0.686,0.686,0.88
451,,0.666,0.554,0.374,0.22,0.394,0.666,0.666,0.86
452,,0.646,0.534,0.354,0.2,0.374,0.646,0.646,0.84
453,,0.626,0.514,0.334,0.18,0.354,0.626,0.626,0.82
454,,0.606,0.494,0.314,0.16,0.334,0.606,0.606,0.8
455,,0.586,0.474,0.294,0.14,0.314,0.586,0.586,0.78
456,,0.566,0.454,0.274,0.12,0.294,0.566,0.566,0.76
457,,0.546,0.434,0.254,0.1,0.274,0.546,0.546,0.74
458,,0.526,0.414,0.234,0.08,0.254,0.526,0.526,0.72
459,,0.506,0.394,0.214,0.06,0.234,0.506,0.506,0.7
460,,0.486,0.374,0.194,0.04,0.214,0.486,0.486,0.68
461,,0.466,0.354,0.174,0.02,0.194,0.466,0.466,0.66
462,,0.446,0.334,0.154,0.0,0.174,0.446,0.446,0.64
463,,0.426,0.314,0.134,-0.02,0.154,0.426,0.426,0.62
464,4,0.223,0.394,0.497,0.98,0.517,0.506,0.223,0.3
465,4,0.02,0.474,0.86,1.0,0.88,0.586,0.02,-0.02
466,8,0.383,0.554,0.657,0.68,0.677,0.666,0.383,0.98
467,8,0.746,0.634,0.454,0.36,0.474,0.746,0.746,1.0
468,,0.726,0.614,0.434,0.34,0.454,0.726,0.726,0.98
469,,0.706,0.594,0.414,0.32,0.434,0.706,0.706,0.96
470,,0.686,0.574,0.394,0.3,0.414,0.686,0.686,0.94
471,,0.666,0.554,0.374,0.28,0.394,0.666,0.666,0.92
472,,0.646,0.534,0.354,0.26,0.374,0.646,0.646,0.9
473,,0.626,0.514,0.334,0.24,0.354,0.626,0.626,0.88
474,,0.606,0.494,0.314,0.22,0.334,0.606,0.606,0.86
475,,0.586,0.474,0.294,0.2,0.314,0.586,0.586,0.84
476,,0.566,0.454,0.274,0.18,0.294,0.566,0.566,0.82
477,,0.546,0.434,0.254,0.16,0.274,0.546,0.546,0.8
478,,0.526,0.414,0.234,0.14,0.254,0.526,0.526,0.78
479,,0.506,0.394,0.214,0.12,0.234,0.506,0.506,0.76
480,,0.486,0.374,0.194,0.1,0.214,0.486,0.486,0.74
481,,0.466,0.354,0.174,0.08,0.194,0.466,0.466,0.72
482,,0.446,0.334,0.154,0.06,0.174,0.446,0.446,0.7
483,,0.426,0.314,0.134,0.04,0.154,0.426,0.426,0.68
484,,0.406,0.294,0.114,0.02,0.134,0.406,0.406,0.66
485,,0.386,0.274,0.094,0.0,0.114,0.386,0.386,0.64
486,,0.366,0.254,0.074,-0.02,0.094,0.366,0.366,0.62
487,4,0.163,0.334,0.437,0.98,0.457,0.446,0.163,0.3
488,4,-0.04,0.414,0.8,1.0,0.82,0.526,-0.04,-0.02
489,7,0.04,0.211,0.48,0.797,0.9,0.889,0.96,0.343
490,7,0.12,0.008,0.16,0.594,0.98,1.0,1.0,0.706
491,,0.1,-0.012,0.14,0.574,0.96,0.98,0.98,0.686
492,2,0.463,0.988,0.503,0.654,0.757,0.66,0.777,0.766
493,2,0.826,1.0,0.866,0.734,0.554,0.34,0.574,0.846
494,,0.806,0.98,0.846,0.714,0.534,0.32,0.554,0.826
495,,0.786,0.96,0.826,0.694,0.514,0.3,0.534,0.806
496,,0.766,0.94,0.806,0.674,0.494,0.28,0.514,0.786
497,,0.746,0.92,0.786,0.654,0.474,0.26,0.494,0.766
498,,0.726,0.9,0.766,0.634,0.454,0.24,0.474,0.746
499,,0.706,0.88,0.746,0.614,0.434,0.22,0.454,0.726
500,,0.686,0.86,0.726,0.594,0.414,0.2,0.434,0.706
501,,0.666,0.84,0.706,0.574,0.394,0.18,0.414,0.686
502,,0.646,0.82,0.686,0.554,0.374,0.16,0.394,0.666
503,,0.626,0.8,0.666,0.534,0.354,0.14,0.374,0.646
504,,0.606,0.78,0.646,0.514,0.334,0.12,0.354,0.626
505,,0.586,0.76,0.626,0.494,0.314,0.1,0.334,0.606
506,,0.566,0.74,0.606,0.474,0.294,0.08,0.314,0.586
507,,0.546,0.72,0.586,0.454,0.274,0.06,0.294,0.566
508,,0.526,0.7,0.566,0.434,0.254,0.04,0.274,0.546
509,,0.506,0.68,0.546,0.414,0.234,0.02,0.254,0.526
510,,0.486,0.66,0.526,0.394,0.214,0.0,0.234,0.506
511,,0.466,0.64,0.506,0.374,0.194,-0.02,0.214,0.486
512,6,0.263,0.32,0.303,0.454,0.557,0.98,0.577,0.566
513,6,0.06,0.0,0.1,0.534,0.92,1.0,0.94,0.646
514,,0.04,-0.02,0.08,0.514,0.9,0.98,0.92,0.626
515,2,0.403,0.98,0.443,0.594,0.697,0.66,0.717,0.706
516,2,0.766,1.0,0.806,0.674,0.494,0.34,0.514,0.786
517,,0.746,0.98,0.786,0.654,0.474,0.32,0.494,0.766
518,,0.726,0.96,0.766,0.634,0.454,0.3,0.474,0.746
519,,0.706,0.94,0.746,0.614,0.434,0.28,0.454,0.726
520,,0.686,0.92,0.726,0.594,0.414,0.26,0.434,0.706
521,,0.666,0.9,0.706,0.574,0.394,0.24,0.414,0.686
522,,0.646,0.88,0.686,0.554,0.374,0.22,0.394,0.666
523,,0.626,0.86,0.666,0.534,0.354,0.2,0.374,0.646
524,,0.606,0.84,0.646,0.514,0.334,0.18,0.354,0.626
525,,0.586,0.82,0.626,0.494,0.314,0.16,0.334,0.606
526,,0.566,0.8,0.606,0.474,0.294,0.14,0.314,0.586
527,,0.546,0.78,0.586,0.454,0.274,0.12,0.294,0.566
528,,0.526,0.76,0.566,0.434,0.254,0.1,0.274,0.546
529,,0.506,0.74,0.546,0.414,0.234,0.08,0.254,0.526
530,,0.486,0.72,0.526,0.394,0.214,0.06,0.234,0.506
531,,0.466,0.7,0.506,0.374,0.194,0.04,0.214,0.486
532,,0.446,0.68,0.486,0.354,0.174,0.02,0.194,0.466
533,,0.426,0.66,0.466,0.334,0.154,0.0,0.174,0.446
534,,0.406,0.64,0.446,0.314,0.134,-0.02,0.154,0.426
535,6,0.203,0.32,0.243,0.394,0.497,0.98,0.517,0.506
536,6,0.0,0.0,0.04,0.474,0.86,1.0,0.88,0.586
537,,-0.02,-0.02,0.02,0.454,0.84,0.98,0.86,0.566
538,2,0.343,0.98,0.383,0.534,0.637,0.66,0.657,0.646
539,2,0.706,1.0,0.746,0.614,0.434,0.34,0.454,0.726
540,,0.686,0.98,0.726,0.594,0.414,0.32,0.434,0.706
541,,0.666,0.96,0.706,0.574,0.394,0.3,0.414,0.686
542,,0.646,0.94,0.686,0.554,0.374,0.28,0.394,0.666
543,,0.626,0.92,0.666,0.534,0.354,0.26,0.374,0.646
544,,0.606,0.9,0.646,0.514,0.334,0.24,0.354,0.626
545,,0.586,0.88,0.626,0.494,0.314,0.22,0.334,0.606
546,,0.566,0.86,0.606,0.474,0.294,0.2,0.314,0.586
547,,0.546,0.84,0.586,0.454,0.274,0.18,0.294,0.566
548,,0.526,0.82,0.566,0.434,0.254,0.16,0.274,0.546
549,,0.506,0.8,0.546,0.414,0.234,0.14,0.254,0.526
550,,0.486,0.78,0.526,0.394,0.214,0.12,0.234,0.506
551,,0.466,0.76,0.506,0.374,0.194,0.1,0.214,0.486
552,,0.446,0.74,0.486,0.354,0.174,0.08,0.194,0.466
553,,0.426,0.72,0.466,0.334,0.154,0.06,0.174,0.446
554,,0.406,0.7,0.446,0.314,0.134,0.04,0.154,0.426
555,,0.386,0.68,0.426,0.294,0.114,0.02,0.134,0.406
556,,0.366,0.66,0.406,0.274,0.094,0.0,0.114,0.386
557,,0.346,0.64,0.386,0.254,0.074,-0.02,0.094,0.366
558,6,0.143,0.32,0.183,0.334,0.437,0.98,0.457,0.446
559,6,-0.06,0.0,-0.02,0.414,0.8,1.0,0.82,0.526
560,1,0.94,0.363,0.06,0.211,0.48,0.797,0.9,0.889
561,1,1.0,0.726,0.14,0.008,0.16,0.594,0.98,1.0
562,,0.98,0.706,0.12,-0.012,0.14,0.574,0.96,0.98
563,4,0.777,0.786,0.483,0.988,0.503,0.654,0.757,0.66
564,4,0.574,0.866,0.846,1.0,0.866,0.734,0.554,0.34
565,,0.554,0.846,0.826,0.98,0.846,0.714,0.534,0.32
566,,0.534,0.826,0.806,0.96,0.826,0.694,0.514,0.3
567,,0.514,0.806,0.786,0.94,0.806,0.674,0.494,0.28
568,,0.494,0.786,0.766,0.92,0.786,0.654,0.474,0.26
569,,0.474,0.766,0.746,0.9,0.766,0.634,0.454,0.24
570,,0.454,0.746,0.726,0.88,0.746,0.614,0.434,0.22
571,,0.434,0.726,0.706,0.86,0.726,0.594,0.414,0.2
572,,0.414,0.706,0.686,0.84,0.706,0.574,0.394,0.18
573,,0.394,0.686,0.666,0.82,0.686,0.554,0.374,0.16
574,,0.374,0.666,0.646,0.8,0.666,0.534,0.354,0.14
575,,0.354,0.646,0.626,0.78,0.646,0.514,0.334,0.12
576,,0.334,0.626,0.606,0.76,0.626,0.494,0.314,0.1
577,,0.314,0.606,0.586,0.74,0.606,0.474,0.294,0.08
578,,0.294,0.586,0.566,0.72,0.586,0.454,0.274,0.06
579,,0.274,0.566,0.546,0.7,0.566,0.434,0.254,0.04
580,,0.254,0.546,0.526,0.68,0.546,0.414,0.234,0.02
581,,0.234,0.526,0.506,0.66,0.526,0.394,0.214,0.0
582,,0.214,0.506,0.486,0.64,0.506,0.374,0.194,-0.02
583,8,0.577,0.586,0.283,0.32,0.303,0.454,0.557,0.98
584,8,0.94,0.666,0.08,0.0,0.1,0.534,0.92,1.0
585,,0.92,0.646,0.06,-0.02,0.08,0.514,0.9,0.98
586,4,0.717,0.726,0.423,0.98,0.443,0.594,0.697,0.66
587,4,0.514,0.806,0.786,1.0,0.806,0.674,0.494,0.34
588,,0.494,0.786,0.766,0.98,0.786,0.654,0.474,0.32
589,,0.474,0.766,0.746,0.96,0.766,0.634,0.454,0.3
590,,0.454,0.746,0.726,0.94,0.746,0.614,0.434,0.28
591,,0.434,0.726,0.706,0.92,0.726,0.594,0.414,0.26
592,,0.414,0.706,0.686,0.9,0.706,0.574,0.394,0.24
593,,0.394,0.686,0.666,0.88,0.686,0.554,0.374,0.22
594,,0.374,0.666,0.646,0.86,0.666,0.534,0.354,0.2
595,,0.354,0.646,0.626,0.84,0.646,0.514,0.334,0.18
596,,0.334,0.626,0.606,0.82,0.626,0.494,0.314,0.16
597,,0.314,0.606,0.586,0.8,0.606,0.474,0.294,0.14
598,,0.294,0.586,0.566,0.78,0.586,0.454,0.274,0.12
599,,0.274,0.566,0.546,0.76,0.566,0.434,0.254,0.1
600,,0.254,0.546,0.526,0.74,0.546,0.414,0.234,0.08
601,,0.234,0.526,0.506,0.72,0.526,0.394,0.214,0.06
602,,0.214,0.506,0.486,0.7,0.506,0.374,0.194,0.04
603,,0.194,0.486,0.466,0.68,0.486,0.354,0.174,0.02
604,,0.174,0.466,0.446,0.66,0.466,0.334,0.154,0.0
605,,0.154,0.446,0.426,0.64,0.446,0.314,0.134,-0.02
606,8,0.517,0.526,0.223,0.32,0.243,0.394,0.497,0.98
607,8,0.88,0.606,0.02,0.0,0.04,0.474,0.86,1.0
608,,0.86,0.586,0.0,-0.02,0.02,0.454,0.84,0.98
609,4,0.657,0.666,0.363,0.98,0.383,0.534,0.637,0.66
610,4,0.454,0.746,0.726,1.0,0.746,0.614,0.434,0.34
611,,0.434,0.726,0.706,0.98,0.726,0.594,0.414,0.32
612,,0.414,0.706,0.686,0.96,0.706,0.574,0.394,0.3
613,,0.394,0.686,0.666,0.94,0.686,0.554,0.374,0.28
614,,0.374,0.666,0.646,0.92,0.666,0.534,0.354,0.26
615,,0.354,0.646,0.626,0.9,0.646,0.514,0.334,0.24
616,,0.334,0.626,0.606,0.88,0.626,0.494,0.314,0.22
617,,0.314,0.606,0.586,0.86,0.606,0.474,0.294,0.2
618,,0.294,0.586,0.566,0.84,0.586,0.454,0.274,0.18
619,,0.274,0.566,0.546,0.82,0.566,0.434,0.254,0.16
620,,0.254,0.546,0.526,0.8,0.546,0.414,0.234,0.14
621,,0.234,0.526,0.506,0.78,0.526,0.394,0.214,0.12
622,,0.214,0.506,0.486,0.76,0.506,0.374,0.194,0.1
623,,0.194,0.486,0.466,0.74,0.486,0.354,0.174,0.08
624,,0.174,0.466,0.446,0.72,0.466,0.334,0.154,0.06
625,,0.154,0.446,0.426,0.7,0.446,0.314,0.134,0.04
626,,0.134,0.426,0.406,0.68,0.426,0.294,0.114,0.02
627,,0.114,0.406,0.386,0.66,0.406,0.274,0.094,0.0
628,,0.094,0.386,0.366,0.64,0.386,0.254,0.074,-0.02
629,8,0.457,0.466,0.163,0.32,0.183,0.334,0.437,0.98
630,8,0.82,0.546,-0.04,0.0,-0.02,0.414,0.8,1.0
631,3,0.9,0.909,0.96,0.363,0.06,0.211,0.48,0.797
632,3,0.98,1.0,1.0,0.726,0.14,0.008,0.16,0.594
633,,0.96,0.98,0.98,0.706,0.12,-0.012,0.14,0.574
634,6,0.757,0.66,0.777,0.786,0.483,0.988,0.503,0.654
635,6,0.554,0.34,0.574,0.866,0.846,1.0,0.866,0.734
636,,0.534,0.32,0.554,0.846,0.826,0.98,0.846,0.714
637,,0.514,0.3,0.534,0.826,0.806,0.96,0.826,0.694
638,,0.494,0.28,0.514,0.806,0.786,0.94,0.806,0.674
639,,0.474,0.26,0.494,0.786,0.766,0.92,0.786,0.654
640,,0.454,0.24,0.474,0.766,0.746,0.9,0.766,0.634
641,,0.434,0.22,0.454,0.746,0.726,0.88,0.746,0.614
642,,0.414,0.2,0.434,0.726,0.706,0.86,0.726,0.594
643,,0.394,0.18,0.414,0.706,0.686,0.84,0.706,0.574
644,,0.374,0.16,0.394,0.686,0.666,0.82,0.686,0.554
645,,0.354,0.14,0.374,0.666,0.646,0.8,0.666,0.534
646,,0.334,0.12,0.354,0.646,0.626,0.78,0.646,0.514
647,,0.314,0.1,0.334,0.626,0.606,0.76,0.626,0.494
648,,0.294,0.08,0.314,0.606,0.586,0.74,0.606,0.474
649,,0.274,0.06,0.294,0.586,0.566,0.72,0.586,0.454
650,,0.254,0.04,0.274,0.566,0.546,0.7,0.566,0.434
651,,0.234,0.02,0.254,0.546,0.526,0.68,0.546,0.414
652,,0.214,0.0,0.234,0.526,0.506,0.66,0.526,0.394
653,,0.194,-0.02,0.214,0.506,0.486,0.64,0.506,0.374
654,2,0.557,0.98,0.577,0.586,0.283,0.32,0.303,0.454
655,2,0.92,1.0,0.94,0.666,0.08,0.0,0.1,0.534
656,,0.9,0.98,0.92,0.646,0.06,-0.02,0.08,0.514
657,6,0.697,0.66,0.717,0.726,0.423,0.98,0.443,0.594
658,6,0.494,0.34,0.514,0.806,0.786,1.0,0.806,0.674
659,,0.474,0.32,0.494,0.786,0.766,0.98,0.786,0.654
660,,0.454,0.3,0.474,0.766,0.746,0.96,0.766,0.634
661,,0.434,0.28,0.454,0.746,0.726,0.94,0.746,0.614
662,,0.414,0.26,0.434,0.726,0.706,0.92,0.726,0.594
663,,0.394,0.24,0.414,0.706,0.686,0.9,0.706,0.574
664,,0.374,0.22,0.394,0.686,0.666,0.88,0.686,0.554
665,,0.354,0.2,0.374,0.666,0.646,0.86,0.666,0.534
666,,0.334,0.18,0.354,0.646,0.626,0.84,0.646,0.514
667,,0.314,0.16,0.334,0.626,0.606,0.82,0.626,0.494
668,,0.294,0.14,0.314,0.606,0.586,0.8,0.606,0.474
669,,0.274,0.12,0.294,0.586,0.566,0.78,0.586,0.454
670,,0.254,0.1,0.274,0.566,0.546,0.76,0.566,0.434
671,,0.234,0.08,0.254,0.546,0.526,0.74,0.546,0.414
672,,0.214,0.06,0.234,0.526,0.506,0.72,0.526,0.394
673,,0.194,0.04,0.214,0.506,0.486,0.7,0.506,0.374
674,,0.174,0.02,0.194,0.486,0.466,0.68,0.486,0.354
675,,0.154,0.0,0.174,0.466,0.446,0.66,0.466,0.334
676,,0.134,-0.02,0.154,0.446,0.426,0.64,0.446,0.314
677,2,0.497,0.98,0.517,0.526,0.223,0.32,0.243,0.394
678,2,0.86,1.0,0.88,0.606,0.02,0.0,0.04,0.474
679,,0.84,0.98,0.86,0.586,0.0,-0.02,0.02,0.454
680,6,0.637,0.66,0.657,0.666,0.363,0.98,0.383,0.534
681,6,0.434,0.34,0.454,0.746,0.726,1.0,0.746,0.614
682,,0.414,0.32,0.434,0.726,0.706,0.98,0.726,0.594
683,,0.394,0.3,0.414,0.706,0.686,0.96,0.706,0.574
684,,0.374,0.28,0.394,0.686,0.666,0.94,0.686,0.554
685,,0.354,0.26,0.374,0.666,0.646,0.92,0.666,0.534
686,,0.334,0.24,0.354,0.646,0.626,0.9,0.646,0.514
687,,0.314,0.22,0.334,0.626,0.606,0.88,0.626,0.494
688,,0.294,0.2,0.314,0.606,0.586,0.86,0.606,0.474
689,,0.274,0.18,0.294,0.586,0.566,0.84,0.586,0.454
690,,0.254,0.16,0.274,0.566,0.546,0.82,0.566,0.434
691,,0.234,0.14,0.254,0.546,0.526,0.8,0.546,0.414
692,,0.214,0.12,0.234,0.526,0.506,0.78,0.526,0.394
693,,0.194,0.1,0.214,0.506,0.486,0.76,0.506,0.374
694,,0.174,0.08,0.194,0.486,0.466,0.74,0.486,0.354
695,,0.154,0.06,0.174,0.466,0.446,0.72,0.466,0.334
696,,0.134,0.04,0.154,0.446,0.426,0.7,0.446,0.314
697,,0.114,0.02,0.134,0.426,0.406,0.68,0.426,0.294
698,,0.094,0.0,0.114,0.406,0.386,0.66,0.406,0.274
699,,0.074,-0.02,0.094,0.386,0.366,0.64,0.386,0.254
700,2,0.437,0.98,0.457,0.466,0.163,0.32,0.183,0.334
701,2,0.8,1.0,0.82,0.546,-0.04,0.0,-0.02,0.414
702,5,0.48,0.797,0.9,0.909,0.96,0.363,0.06,0.211
703,5,0.16,0.594,0.98,1.0,1.0,0.726,0.14,0.008
704,,0.14,0.574,0.96,0.98,0.98,0.706,0.12,-0.012
705,8,0.503,0.654,0.757,0.66,0.777,0.786,0.483,0.988
706,8,0.866,0.734,0.554,0.34,0.574,0.866,0.846,1.0
707,,0.846,0.714,0.534,0.32,0.554,0.846,0.826,0.98
708,,0.826,0.694,0.514,0.3,0.534,0.826,0.806,0.96
709,,0.806,0.674,0.494,0.28,0.514,0.806,0.786,0.94
710,,0.786,0.654,0.474,0.26,0.494,0.786,0.766,0.92
711,,0.766,0.634,0.454,0.24,0.474,0.766,0.746,0.9
712,,0.746,0.614,0.434,0.22,0.454,0.746,0.726,0.88
713,,0.726,0.594,0.414,0.2,0.434,0.726,0.706,0.86
714,,0.706,0.574,0.394,0.18,0.414,0.706,0.686,0.84
715,,0.686,0.554,0.374,0.16,0.394,0.686,0.666,0.82
716,,0.666,0.534,0.354,0.14,0.374,0.666,0.646,0.8
717,,0.646,0.514,0.334,0.12,0.354,0.646,0.626,0.78
718,,0.626,0.494,0.314,0.1,0.334,0.626,0.606,0.76
719,,0.606,0.474,0.294,0.08,0.314,0.606,0.586,0.74
720,,0.586,0.454,0.274,0.06,0.294,0.586,0.566,0.72
721,,0.566,0.434,0.254,0.04,0.274,0.566,0.546,0.7
722,,0.546,0.414,0.234,0.02,0.254,0.546,0.526,0.68
723,,0.526,0.394,0.214,0.0,0.234,0.526,0.506,0.66
724,,0.506,0.374,0.194,-0.02,0.214,0.506,0.486,0.64
725,4,0.303,0.454,0.557,0.98,0.577,0.586,0.283,0.32
726,4,0.1,0.534,0.92,1.0,0.94,0.666,0.08,0.0
727,,0.08,0.514,0.9,0.98,0.92,0.646,0.06,-0.02
728,8,0.443,0.594,0.697,0.66,0.717,0.726,0.423,0.98
729,8,0.806,0.674,0.494,0.34,0.514,0.806,0.786,1.0
730,,0.786,0.654,0.474,0.32,0.494,0.786,0.766,0.98
731,,0.766,0.634,0.454,0.3,0.474,0.766,0.746,0.96
732,,0.746,0.614,0.434,0.28,0.454,0.746,0.726,0.94
733,,0.726,0.594,0.414,0.26,0.434,0.726,0.706,0.92
734,,0.706,0.574,0.394,0.24,0.414,0.706,0.686,0.9
735,,0.686,0.554,0.374,0.22,0.394,0.686,0.666,0.88
736,,0.666,0.534,0.354,0.2,0.374,0.666,0.646,0.86
737,,0.646,0.514,0.334,0.18,0.354,0.646,0.626,0.84
738,,0.626,0.494,0.314,0.16,0.334,0.626,0.606,0.82
739,,0.606,0.474,0.294,0.14,0.314,0.606,0.586,0.8
740,,0.586,0.454,0.274,0.12,0.294,0.586,0.566,0.78
741,,0.566,0.434,0.254,0.1,0.274,0.566,0.546,0.76
742,,0.546,0.414,0.234,0.08,0.254,0.546,0.526,0.74
743,,0.526,0.394,0.214,0.06,0.234,0.526,0.506,0.72
744,,0.506,0.374,0.194,0.04,0.214,0.506,0.486,0.7
745,,0.486,0.354,0.174,0.02,0.194,0.486,0.466,0.68
746,,0.466,0.334,0.154,0.0,0.174,0.466,0.446,0.66
747,,0.446,0.314,0.134,-0.02,0.154,0.446,0.426,0.64
748,4,0.243,0.394,0.497,0.98,0.517,0.526,0.223,0.32
749,4,0.04,0.474,0.86,1.0,0.88,0.606,0.02,0.0
750,,0.02,0.454,0.84,0.98,0.86,0.586,0.0,-0.02
751,8,0.383,0.534,0.637,0.66,0.657,0.666,0.363,0.98
752,8,0.746,0.614,0.434,0.34,0.454,0.746,0.726,1.0
753,,0.726,0.594,0.414,0.32,0.434,0.726,0.706,0.98
754,,0.706,0.574,0.394,0.3,0.414,0.706,0.686,0.96
755,,0.686,0.554,0.374,0.28,0.394,0.686,0.666,0.94
756,,0.666,0.534,0.354,0.26,0.374,0.666,0.646,0.92
757,,0.646,0.514,0.334,0.24,0.354,0.646,0.626,0.9
758,,0.626,0.494,0.314,0.22,0.334,0.626,0.606,0.88
759,,0.606,0.474,0.294,0.2,0.314,0.606,0.586,0.86
760,,0.586,0.454,0.274,0.18,0.294,0.586,0.566,0.84
761,,0.566,0.434,0.254,0.16,0.274,0.566,0.546,0.82
762,,0.546,0.414,0.234,0.14,0.254,0.546,0.526,0.8
763,,0.526,0.394,0.214,0.12,0.234,0.526,0.506,0.78
764,,0.506,0.374,0.194,0.1,0.214,0.506,0.486,0.76
765,,0.486,0.354,0.174,0.08,0.194,0.486,0.466,0.74
766,,0.466,0.334,0.154,0.06,0.174,0.466,0.446,0.72
767,,0.446,0.314,0.134,0.04,0.154,0.446,0.426,0.7
768,,0.426,0.294,0.114,0.02,0.134,0.426,0.406,0.68
769,,0.406,0.274,0.094,0.0,0.114,0.406,0.386,0.66
770,,0.386,0.254,0.074,-0.02,0.094,0.386,0.366,0.64
771,4,0.183,0.334,0.437,0.98,0.457,0.466,0.163,0.32
772,4,-0.02,0.414,0.8,1.0,0.82,0.546,-0.04,0.0
773,7,0.06,0.211,0.48,0.797,0.9,0.909,0.96,0.363
774,7,0.14,0.008,0.16,0.594,0.98,1.0,1.0,0.726
775,,0.12,-0.012,0.14,0.574,0.96,0.98,0.98,0.706
776,2,0.483,0.988,0.503,0.654,0.757,0.66,0.777,0.786
777,2,0.846,1.0,0.866,0.734,0.554,0.34,0.574,0.866
778,,0.826,0.98,0.846,0.714,0.534,0.32,0.554,0.846
779,,0.806,0.96,0.826,0.694,0.514,0.3,0.534,0.826
780,,0.786,0.94,0.806,0.674,0.494,0.28,0.514,0.806
