step,active_motive,motive_1,motive_2,motive_3,motive_4,motive_5,motive_6,motive_7,motive_8
0,,0.0642,0.00841,0.01616,0.08986,0.06064,0.00092,0.01015,0.06635
1,,0.0542,-0.00159,0.00616,0.07986,0.05064,-0.00908,0.00015,0.05635
2,6,0.2322,0.08841,0.18416,0.46986,0.65264,0.99092,0.60215,0.44635
3,6,0.4102,0.17841,0.36216,0.85986,1.0,1.0,1.0,0.83635
4,,0.4002,0.16841,0.35216,0.84986,0.99,0.99,0.99,0.82635
5,,0.3902,0.15841,0.34216,0.83986,0.98,0.98,0.98,0.81635
6,,0.3802,0.14841,0.33216,0.82986,0.97,0.97,0.97,0.80635
7,,0.3702,0.13841,0.32216,0.81986,0.96,0.96,0.96,0.79635
8,,0.3602,0.12841,0.31216,0.80986,0.95,0.95,0.95,0.78635
9,,0.3502,0.11841,0.30216,0.79986,0.94,0.94,0.94,0.77635
10,,0.3402,0.10841,0.29216,0.78986,0.93,0.93,0.93,0.76635
11,,0.3302,0.09841,0.28216,0.77986,0.92,0.92,0.92,0.75635
12,,0.3202,0.08841,0.27216,0.76986,0.91,0.91,0.91,0.74635
13,,0.3102,0.07841,0.26216,0.75986,0.9,0.9,0.9,0.73635
14,,0.3002,0.06841,0.25216,0.74986,0.89,0.89,0.89,0.72635
15,,0.2902,0.05841,0.24216,0.73986,0.88,0.88,0.88,0.71635
16,,0.2802,0.04841,0.23216,0.72986,0.87,0.87,0.87,0.70635
17,,0.2702,0.03841,0.22216,0.71986,0.86,0.86,0.86,0.69635
18,,0.2602,0.02841,0.21216,0.70986,0.85,0.85,0.85,0.68635
19,,0.2502,0.01841,0.20216,0.69986,0.84,0.84,0.84,0.67635
20,,0.2402,0.00841,0.19216,0.68986,0.83,0.83,0.83,0.66635
21,,0.2302,-0.00159,0.18216,0.67986,0.82,0.82,0.82,0.65635
22,2,0.8322,0.99841,0.78416,1.0,0.998,0.91,0.998,1.0
23,2,1.0,1.0,1.0,1.0,1.0,1.0,1.0,1.0
24,,0.99,0.99,0.99,0.99,0.99,0.99,0.99,0.99
25,,0.98,0.98,0.98,0.98,0.98,0.98,0.98,0.98
26,,0.97,0.97,0.97,0.97,0.97,0.97,0.97,0.97
27,,0.96,0.96,0.96,0.96,0.96,0.96,0.96,0.96
28,,0.95,0.95,0.95,0.95,0.95,0.95,0.95,0.95
29,,0.94,0.94,0.94,0.94,0.94,0.94,0.94,0.94
30,,0.93,0.93,0.93,0.93,0.93,0.93,0.93,0.93
31,,0.92,0.92,0.92,0.92,0.92,0.92,0.92,0.92
32,,0.91,0.91,0.91,0.91,0.91,0.91,0.91,0.91
33,,0.9,0.9,0.9,0.9,0.9,0.9,0.9,0.9
34,,0.89,0.89,0.89,0.89,0.89,0.89,0.89,0.89
35,,0.88,0.88,0.88,0.88,0.88,0.88,0.88,0.88
36,,0.87,0.87,0.87,0.87,0.87,0.87,0.87,0.87
37,,0.86,0.86,0.86,0.86,0.86,0.86,0.86,0.86
38,,0.85,0.85,0.85,0.85,0.85,0.85,0.85,0.85
39,,0.84,0.84,0.84,0.84,0.84,0.84,0.84,0.84
40,,0.83,0.83,0.83,0.83,0.83,0.83,0.83,0.83
41,,0.82,0.82,0.82,0.82,0.82,0.82,0.82,0.82
42,,0.81,0.81,0.81,0.81,0.81,0.81,0.81,0.81
43,,0.8,0.8,0.8,0.8,0.8,0.8,0.8,0.8
44,,0.79,0.79,0.79,0.79,0.79,0.79,0.79,0.79
45,,0.78,0.78,0.78,0.78,0.78,0.78,0.78,0.78
46,,0.77,0.77,0.77,0.77,0.77,0.77,0.77,0.77
47,,0.76,0.76,0.76,0.76,0.76,0.76,0.76,0.76
48,,0.75,0.75,0.75,0.75,0.75,0.75,0.75,0.75
49,,0.74,0.74,0.74,0.74,0.74,0.74,0.74,0.74
50,,0.73,0.73,0.73,0.73,0.73,0.73,0.73,0.73
51,,0.72,0.72,0.72,0.72,0.72,0.72,0.72,0.72
52,,0.71,0.71,0.71,0.71,0.71,0.71,0.71,0.71
53,,0.7,0.7,0.7,0.7,0.7,0.7,0.7,0.7
54,,0.69,0.69,0.69,0.69,0.69,0.69,0.69,0.69
55,,0.68,0.68,0.68,0.68,0.68,0.68,0.68,0.68
56,,0.67,0.67,0.67,0.67,0.67,0.67,0.67,0.67
57,,0.66,0.66,0.66,0.66,0.66,0.66,0.66,0.66
58,,0.65,0.65,0.65,0.65,0.65,0.65,0.65,0.65
59,,0.64,0.64,0.64,0.64,0.64,0.64,0.64,0.64
60,,0.63,0.63,0.63,0.63,0.63,0.63,0.63,0.63
61,,0.62,0.62,0.62,0.62,0.62,0.62,0.62,0.62
62,,0.61,0.61,0.61,0.61,0.61,0.61,0.61,0.61
63,,0.6,0.6,0.6,0.6,0.6,0.6,0.6,0.6
64,,0.59,0.59,0.59,0.59,0.59,0.59,0.59,0.59
65,,0.58,0.58,0.58,0.58,0.58,0.58,0.58,0.58
66,,0.57,0.57,0.57,0.57,0.57,0.57,0.57,0.57
67,,0.56,0.56,0.56,0.56,0.56,0.56,0.56,0.56
68,,0.55,0.55,0.55,0.55,0.55,0.55,0.55,0.55
69,,0.54,0.54,0.54,0.54,0.54,0.54,0.54,0.54
70,,0.53,0.53,0.53,0.53,0.53,0.53,0.53,0.53
71,,0.52,0.52,0.52,0.52,0.52,0.52,0.52,0.52
72,,0.51,0.51,0.51,0.51,0.51,0.51,0.51,0.51
73,,0.5,0.5,0.5,0.5,0.5,0.5,0.5,0.5
74,,0.49,0.49,0.49,0.49,0.49,0.49,0.49,0.49
75,,0.48,0.48,0.48,0.48,0.48,0.48,0.48,0.48
76,,0.47,0.47,0.47,0.47,0.47,0.47,0.47,0.47
77,,0.46,0.46,0.46,0.46,0.46,0.46,0.46,0.46
78,,0.45,0.45,0.45,0.45,0.45,0.45,0.45,0.45
79,,0.44,0.44,0.44,0.44,0.44,0.44,0.44,0.44
80,,0.43,0.43,0.43,0.43,0.43,0.43,0.43,0.43
81,,0.42,0.42,0.42,0.42,0.42,0.42,0.42,0.42
82,,0.41,0.41,0.41,0.41,0.41,0.41,0.41,0.41
83,,0.4,0.4,0.4,0.4,0.4,0.4,0.4,0.4
84,,0.39,0.39,0.39,0.39,0.39,0.39,0.39,0.39
85,,0.38,0.38,0.38,0.38,0.38,0.38,0.38,0.38
86,,0.37,0.37,0.37,0.37,0.37,0.37,0.37,0.37
87,,0.36,0.36,0.36,0.36,0.36,0.36,0.36,0.36
88,,0.35,0.35,0.35,0.35,0.35,0.35,0.35,0.35
89,,0.34,0.34,0.34,0.34,0.34,0.34,0.34,0.34
90,,0.33,0.33,0.33,0.33,0.33,0.33,0.33,0.33
91,,0.32,0.32,0.32,0.32,0.32,0.32,0.32,0.32
92,,0.31,0.31,0.31,0.31,0.31,0.31,0.31,0.31
93,,0.3,0.3,0.3,0.3,0.3,0.3,0.3,0.3
94,,0.29,0.29,0.29,0.29,0.29,0.29,0.29,0.29
95,,0.28,0.28,0.28,0.28,0.28,0.28,0.28,0.28
96,,0.27,0.27,0.27,0.27,0.27,0.27,0.27,0.27
97,,0.26,0.26,0.26,0.26,0.26,0.26,0.26,0.26
98,,0.25,0.25,0.25,0.25,0.25,0.25,0.25,0.25
99,,0.24,0.24,0.24,0.24,0.24,0.24,0.24,0.24
100,,0.23,0.23,0.23,0.23,0.23,0.23,0.23,0.23
101,,0.22,0.22,0.22,0.22,0.22,0.22,0.22,0.22
102,,0.21,0.21,0.21,0.21,0.21,0.21,0.21,0.21
103,,0.2,0.2,0.2,0.2,0.2,0.2,0.2,0.2
104,,0.19,0.19,0.19,0.19,0.19,0.19,0.19,0.19
105,,0.18,0.18,0.18,0.18,0.18,0.18,0.18,0.18
106,,0.17,0.17,0.17,0.17,0.17,0.17,0.17,0.17
107,,0.16,0.16,0.16,0.16,0.16,0.16,0.16,0.16
108,,0.15,0.15,0.15,0.15,0.15,0.15,0.15,0.15
109,,0.14,0.14,0.14,0.14,0.14,0.14,0.14,0.14
110,,0.13,0.13,0.13,0.13,0.13,0.13,0.13,0.13
111,,0.12,0.12,0.12,0.12,0.12,0.12,0.12,0.12
112,,0.11,0.11,0.11,0.11,0.11,0.11,0.11,0.11
113,,0.1,0.1,0.1,0.1,0.1,0.1,0.1,0.1
114,,0.09,0.09,0.09,0.09,0.09,0.09,0.09,0.09
115,,0.08,0.08,0.08,0.08,0.08,0.08,0.08,0.08
116,,0.07,0.07,0.07,0.07,0.07,0.07,0.07,0.07
117,,0.06,0.06,0.06,0.06,0.06,0.06,0.06,0.06
118,,0.05,0.05,0.05,0.05,0.05,0.05,0.05,0.05
119,,0.04,0.04,0.04,0.04,0.04,0.04,0.04,0.04
120,,0.03,0.03,0.03,0.03,0.03,0.03,0.03,0.03
121,,0.02,0.02,0.02,0.02,0.02,0.02,0.02,0.02
122,,0.01,0.01,0.01,0.01,0.01,0.01,0.01,0.01
123,,0.0,0.0,0.0,0.0,0.0,0.0,0.0,0.0
124,,-0.01,-0.01,-0.01,-0.01,-0.01,-0.01,-0.01,-0.01
125,5,0.08,0.168,0.38,0.592,0.99,0.592,0.38,0.168
126,5,0.17,0.346,0.77,1.0,1.0,1.0,0.77,0.346
127,,0.16,0.336,0.76,0.99,0.99,0.99,0.76,0.336
128,,0.15,0.326,0.75,0.98,0.98,0.98,0.75,0.326
129,,0.14,0.316,0.74,0.97,0.97,0.97,0.74,0.316
130,,0.13,0.306,0.73,0.96,0.96,0.96,0.73,0.306
131,,0.12,0.296,0.72,0.95,0.95,0.95,0.72,0.296
132,,0.11,0.286,0.71,0.94,0.94,0.94,0.71,0.286
133,,0.1,0.276,0.7,0.93,0.93,0.93,0.7,0.276
134,,0.09,0.266,0.69,0.92,0.92,0.92,0.69,0.266
135,,0.08,0.256,0.68,0.91,0.91,0.91,0.68,0.256
136,,0.07,0.246,0.67,0.9,0.9,0.9,0.67,0.246
137,,0.06,0.236,0.66,0.89,0.89,0.89,0.66,0.236
138,,0.05,0.226,0.65,0.88,0.88,0.88,0.65,0.226
139,,0.04,0.216,0.64,0.87,0.87,0.87,0.64,0.216
140,,0.03,0.206,0.63,0.86,0.86,0.86,0.63,0.206
141,,0.02,0.196,0.62,0.85,0.85,0.85,0.62,0.196
142,,0.01,0.186,0.61,0.84,0.84,0.84,0.61,0.186
143,,0.0,0.176,0.6,0.83,0.83,0.83,0.6,0.176
144,,-0.01,0.166,0.59,0.82,0.82,0.82,0.59,0.166
145,1,0.99,0.768,0.98,0.998,0.91,0.998,0.98,0.768
146,1,1.0,1.0,1.0,1.0,1.0,1.0,1.0,1.0
147,,0.99,0.99,0.99,0.99,0.99,0.99,0.99,0.99
148,,0.98,0.98,0.98,0.98,0.98,0.98,0.98,0.98
149,,0.97,0.97,0.97,0.97,0.97,0.97,0.97,0.97
150,,0.96,0.96,0.96,0.96,0.96,0.96,0.96,0.96
151,,0.95,0.95,0.95,0.95,0.95,0.95,0.95,0.95
152,,0.94,0.94,0.94,0.94,0.94,0.94,0.94,0.94
153,,0.93,0.93,0.93,0.93,0.93,0.93,0.93,0.93
154,,0.92,0.92,0.92,0.92,0.92,0.92,0.92,0.92
155,,0.91,0.91,0.91,0.91,0.91,0.91,0.91,0.91
156,,0.9,0.9,0.9,0.9,0.9,0.9,0.9,0.9
157,,0.89,0.89,0.89,0.89,0.89,0.89,0.89,0.89
158,,0.88,0.88,0.88,0.88,0.88,0.88,0.88,0.88
159,,0.87,0.87,0.87,0.87,0.87,0.87,0.87,0.87
160,,0.86,0.86,0.86,0.86,0.86,0.86,0.86,0.86
161,,0.85,0.85,0.85,0.85,0.85,0.85,0.85,0.85
162,,0.84,0.84,0.84,0.84,0.84,0.84,0.84,0.84
163,,0.83,0.83,0.83,0.83,0.83,0.83,0.83,0.83
164,,0.82,0.82,0.82,0.82,0.82,0.82,0.82,0.82
165,,0.81,0.81,0.81,0.81,0.81,0.81,0.81,0.81
166,,0.8,0.8,0.8,0.8,0.8,0.8,0.8,0.8
167,,0.79,0.79,0.79,0.79,0.79,0.79,0.79,0.79
168,,0.78,0.78,0.78,0.78,0.78,0.78,0.78,0.78
169,,0.77,0.77,0.77,0.77,0.77,0.77,0.77,0.77
170,,0.76,0.76,0.76,0.76,0.76,0.76,0.76,0.76
171,,0.75,0.75,0.75,0.75,0.75,0.75,0.75,0.75
172,,0.74,0.74,0.74,0.74,0.74,0.74,0.74,0.74
173,,0.73,0.73,0.73,0.73,0.73,0.73,0.73,0.73
174,,0.72,0.72,0.72,0.72,0.72,0.72,0.72,0.72
175,,0.71,0.71,0.71,0.71,0.71,0.71,0.71,0.71
176,,0.7,0.7,0.7,0.7,0.7,0.7,0.7,0.7
177,,0.69,0.69,0.69,0.69,0.69,0.69,0.69,0.69
178,,0.68,0.68,0.68,0.68,0.68,0.68,0.68,0.68
179,,0.67,0.67,0.67,0.67,0.67,0.67,0.67,0.67
180,,0.66,0.66,0.66,0.66,0.66,0.66,0.66,0.66
181,,0.65,0.65,0.65,0.65,0.65,0.65,0.65,0.65
182,,0.64,0.64,0.64,0.64,0.64,0.64,0.64,0.64
183,,0.63,0.63,0.63,0.63,0.63,0.63,0.63,0.63
184,,0.62,0.62,0.62,0.62,0.62,0.62,0.62,0.62
185,,0.61,0.61,0.61,0.61,0.61,0.61,0.61,0.61
186,,0.6,0.6,0.6,0.6,0.6,0.6,0.6,0.6
187,,0.59,0.59,0.59,0.59,0.59,0.59,0.59,0.59
188,,0.58,0.58,0.58,0.58,0.58,0.58,0.58,0.58
189,,0.57,0.57,0.57,0.57,0.57,0.57,0.57,0.57
190,,0.56,0.56,0.56,0.56,0.56,0.56,0.56,0.56
191,,0.55,0.55,0.55,0.55,0.55,0.55,0.55,0.55
192,,0.54,0.54,0.54,0.54,0.54,0.54,0.54,0.54
193,,0.53,0.53,0.53,0.53,0.53,0.53,0.53,0.53
194,,0.52,0.52,0.52,0.52,0.52,0.52,0.52,0.52
195,,0.51,0.51,0.51,0.51,0.51,0.51,0.51,0.51
196,,0.5,0.5,0.5,0.5,0.5,0.5,0.5,0.5
197,,0.49,0.49,0.49,0.49,0.49,0.49,0.49,0.49
198,,0.48,0.48,0.48,0.48,0.48,0.48,0.48,0.48
199,,0.47,0.47,0.47,0.47,0.47,0.47,0.47,0.47
200,,0.46,0.46,0.46,0.46,0.46,0.46,0.46,0.46
201,,0.45,0.45,0.45,0.45,0.45,0.45,0.45,0.45
202,,0.44,0.44,0.44,0.44,0.44,0.44,0.44,0.44
203,,0.43,0.43,0.43,0.43,0.43,0.43,0.43,0.43
204,,0.42,0.42,0.42,0.42,0.42,0.42,0.42,0.42
205,,0.41,0.41,0.41,0.41,0.41,0.41,0.41,0.41
206,,0.4,0.4,0.4,0.4,0.4,0.4,0.4,0.4
207,,0.39,0.39,0.39,0.39,0.39,0.39,0.39,0.39
208,,0.38,0.38,0.38,0.38,0.38,0.38,0.38,0.38
209,,0.37,0.37,0.37,0.37,0.37,0.37,0.37,0.37
210,,0.36,0.36,0.36,0.36,0.36,0.36,0.36,0.36
211,,0.35,0.35,0.35,0.35,0.35,0.35,0.35,0.35
212,,0.34,0.34,0.34,0.34,0.34,0.34,0.34,0.34
213,,0.33,0.33,0.33,0.33,0.33,0.33,0.33,0.33
214,,0.32,0.32,0.32,0.32,0.32,0.32,0.32,0.32
215,,0.31,0.31,0.31,0.31,0.31,0.31,0.31,0.31
216,,0.3,0.3,0.3,0.3,0.3,0.3,0.3,0.3
217,,0.29,0.29,0.29,0.29,0.29,0.29,0.29,0.29
218,,0.28,0.28,0.28,0.28,0.28,0.28,0.28,0.28
219,,0.27,0.27,0.27,0.27,0.27,0.27,0.27,0.27
220,,0.26,0.26,0.26,0.26,0.26,0.26,0.26,0.26
221,,0.25,0.25,0.25,0.25,0.25,0.25,0.25,0.25
222,,0.24,0.24,0.24,0.24,0.24,0.24,0.24,0.24
223,,0.23,0.23,0.23,0.23,0.23,0.23,0.23,0.23
224,,0.22,0.22,0.22,0.22,0.22,0.22,0.22,0.22
225,,0.21,0.21,0.21,0.21,0.21,0.21,0.21,0.21
226,,0.2,0.2,0.2,0.2,0.2,0.2,0.2,0.2
227,,0.19,0.19,0.19,0.19,0.19,0.19,0.19,0.19
228,,0.18,0.18,0.18,0.18,0.18,0.18,0.18,0.18
229,,0.17,0.17,0.17,0.17,0.17,0.17,0.17,0.17
230,,0.16,0.16,0.16,0.16,0.16,0.16,0.16,0.16
231,,0.15,0.15,0.15,0.15,0.15,0.15,0.15,0.15
232,,0.14,0.14,0.14,0.14,0.14,0.14,0.14,0.14
233,,0.13,0.13,0.13,0.13,0.13,0.13,0.13,0.13
234,,0.12,0.12,0.12,0.12,0.12,0.12,0.12,0.12
235,,0.11,0.11,0.11,0.11,0.11,0.11,0.11,0.11
236,,0.1,0.1,0.1,0.1,0.1,0.1,0.1,0.1
237,,0.09,0.09,0.09,0.09,0.09,0.09,0.09,0.09
238,,0.08,0.08,0.08,0.08,0.08,0.08,0.08,0.08
239,,0.07,0.07,0.07,0.07,0.07,0.07,0.07,0.07
240,,0.06,0.06,0.06,0.06,0.06,0.06,0.06,0.06
241,,0.05,0.05,0.05,0.05,0.05,0.05,0.05,0.05
242,,0.04,0.04,0.04,0.04,0.04,0.04,0.04,0.04
243,,0.03,0.03,0.03,0.03,0.03,0.03,0.03,0.03
244,,0.02,0.02,0.02,0.02,0.02,0.02,0.02,0.02
245,,0.01,0.01,0.01,0.01,0.01,0.01,0.01,0.01
246,,0.0,0.0,0.0,0.0,0.0,0.0,0.0,0.0
247,,-0.01,-0.01,-0.01,-0.01,-0.01,-0.01,-0.01,-0.01
248,2,0.592,0.99,0.592,0.38,0.168,0.08,0.168,0.38
249,2,1.0,1.0,1.0,0.77,0.346,0.17,0.346,0.77
250,,0.99,0.99,0.99,0.76,0.336,0.16,0.336,0.76
251,,0.98,0.98,0.98,0.75,0.326,0.15,0.326,0.75
252,,0.97,0.97,0.97,0.74,0.316,0.14,0.316,0.74
253,,0.96,0.96,0.96,0.73,0.306,0.13,0.306,0.73
254,,0.95,0.95,0.95,0.72,0.296,0.12,0.296,0.72
255,,0.94,0.94,0.94,0.71,0.286,0.11,0.286,0.71
256,,0.93,0.93,0.93,0.7,0.276,0.1,0.276,0.7
257,,0.92,0.92,0.92,0.69,0.266,0.09,0.266,0.69
258,,0.91,0.91,0.91,0.68,0.256,0.08,0.256,0.68
259,,0.9,0.9,0.9,0.67,0.246,0.07,0.246,0.67
260,,0.89,0.89,0.89,0.66,0.236,0.06,0.236,0.66
261,,0.88,0.88,0.88,0.65,0.226,0.05,0.226,0.65
262,,0.87,0.87,0.87,0.64,0.216,0.04,0.216,0.64
263,,0.86,0.86,0.86,0.63,0.206,0.03,0.206,0.63
264,,0.85,0.85,0.85,0.62,0.196,0.02,0.196,0.62
265,,0.84,0.84,0.84,0.61,0.186,0.01,0.186,0.61
266,,0.83,0.83,0.83,0.6,0.176,0.0,0.176,0.6
267,,0.82,0.82,0.82,0.59,0.166,-0.01,0.166,0.59
268,6,0.998,0.91,0.998,0.98,0.768,0.99,0.768,0.98
269,6,1.0,1.0,1.0,1.0,1.0,1.0,1.0,1.0
270,,0.99,0.99,0.99,0.99,0.99,0.99,0.99,0.99
271,,0.98,0.98,0.98,0.98,0.98,0.98,0.98,0.98
272,,0.97,0.97,0.97,0.97,0.97,0.97,0.97,0.97
273,,0.96,0.96,0.96,0.96,0.96,0.96,0.96,0.96
274,,0.95,0.95,0.95,0.95,0.95,0.95,0.95,0.95
275,,0.94,0.94,0.94,0.94,0.94,0.94,0.94,0.94
276,,0.93,0.93,0.93,0.93,0.93,0.93,0.93,0.93
277,,0.92,0.92,0.92,0.92,0.92,0.92,0.92,0.92
278,,0.91,0.91,0.91,0.91,0.91,0.91,0.91,0.91
279,,0.9,0.9,0.9,0.9,0.9,0.9,0.9,0.9
280,,0.89,0.89,0.89,0.89,0.89,0.89,0.89,0.89
281,,0.88,0.88,0.88,0.88,0.88,0.88,0.88,0.88
282,,0.87,0.87,0.87,0.87,0.87,0.87,0.87,0.87
283,,0.86,0.86,0.86,0.86,0.86,0.86,0.86,0.86
284,,0.85,0.85,0.85,0.85,0.85,0.85,0.85,0.85
285,,0.84,0.84,0.84,0.84,0.84,0.84,0.84,0.84
286,,0.83,0.83,0.83,0.83,0.83,0.83,0.83,0.83
287,,0.82,0.82,0.82,0.82,0.82,0.82,0.82,0.82
288,,0.81,0.81,0.81,0.81,0.81,0.81,0.81,0.81
289,,0.8,0.8,0.8,0.8,0.8,0.8,0.8,0.8
290,,0.79,0.79,0.79,0.79,0.79,0.79,0.79,0.79
291,,0.78,0.78,0.78,0.78,0.78,0.78,0.78,0.78
292,,0.77,0.77,0.77,0.77,0.77,0.77,0.77,0.77
293,,0.76,0.76,0.76,0.76,0.76,0.76,0.76,0.76
294,,0.75,0.75,0.75,0.75,0.75,0.75,0.75,0.75
295,,0.74,0.74,0.74,0.74,0.74,0.74,0.74,0.74
296,,0.73,0.73,0.73,0.73,0.73,0.73,0.73,0.73
297,,0.72,0.72,0.72,0.72,0.72,0.72,0.72,0.72
298,,0.71,0.71,0.71,0.71,0.71,0.71,0.71,0.71
299,,0.7,0.7,0.7,0.7,0.7,0.7,0.7,0.7
300,,0.69,0.69,0.69,0.69,0.69,0.69,0.69,0.69
301,,0.68,0.68,0.68,0.68,0.68,0.68,0.68,0.68
302,,0.67,0.67,0.67,0.67,0.67,0.67,0.67,0.67
303,,0.66,0.66,0.66,0.66,0.66,0.66,0.66,0.66
304,,0.65,0.65,0.65,0.65,0.65,0.65,0.65,0.65
305,,0.64,0.64,0.64,0.64,0.64,0.64,0.64,0.64
306,,0.63,0.63,0.63,0.63,0.63,0.63,0.63,0.63
307,,0.62,0.62,0.62,0.62,0.62,0.62,0.62,0.62
308,,0.61,0.61,0.61,0.61,0.61,0.61,0.61,0.61
309,,0.6,0.6,0.6,0.6,0.6,0.6,0.6,0.6
310,,0.59,0.59,0.59,0.59,0.59,0.59,0.59,0.59
311,,0.58,0.58,0.58,0.58,0.58,0.58,0.58,0.58
312,,0.57,0.57,0.57,0.57,0.57,0.57,0.57,0.57
313,,0.56,0.56,0.56,0.56,0.56,0.56,0.56,0.56
314,,0.55,0.55,0.55,0.55,0.55,0.55,0.55,0.55
315,,0.54,0.54,0.54,0.54,0.54,0.54,0.54,0.54
316,,0.53,0.53,0.53,0.53,0.53,0.53,0.53,0.53
317,,0.52,0.52,0.52,0.52,0.52,0.52,0.52,0.52
318,,0.51,0.51,0.51,0.51,0.51,0.51,0.51,0.51
319,,0.5,0.5,0.5,0.5,0.5,0.5,0.5,0.5
320,,0.49,0.49,0.49,0.49,0.49,0.49,0.49,0.49
321,,0.48,0.48,0.48,0.48,0.48,0.48,0.48,0.48
322,,0.47,0.47,0.47,0.47,0.47,0.47,0.47,0.47
323,,0.46,0.46,0.46,0.46,0.46,0.46,0.46,0.46
324,,0.45,0.45,0.45,0.45,0.45,0.45,0.45,0.45
325,,0.44,0.44,0.44,0.44,0.44,0.44,0.44,0.44
326,,0.43,0.43,0.43,0.43,0.43,0.43,0.43,0.43
327,,0.42,0.42,0.42,0.42,0.42,0.42,0.42,0.42
328,,0.41,0.41,0.41,0.41,0.41,0.41,0.41,0.41
329,,0.4,0.4,0.4,0.4,0.4,0.4,0.4,0.4
330,,0.39,0.39,0.39,0.39,0.39,0.39,0.39,0.39
331,,0.38,0.38,0.38,0.38,0.38,0.38,0.38,0.38
332,,0.37,0.37,0.37,0.37,0.37,0.37,0.37,0.37
333,,0.36,0.36,0.36,0.36,0.36,0.36,0.36,0.36
334,,0.35,0.35,0.35,0.35,0.35,0.35,0.35,0.35
335,,0.34,0.34,0.34,0.34,0.34,0.34,0.34,0.34
336,,0.33,0.33,0.33,0.33,0.33,0.33,0.33,0.33
337,,0.32,0.32,0.32,0.32,0.32,0.32,0.32,0.32
338,,0.31,0.31,0.31,0.31,0.31,0.31,0.31,0.31
339,,0.3,0.3,0.3,0.3,0.3,0.3,0.3,0.3
340,,0.29,0.29,0.29,0.29,0.29,0.29,0.29,0.29
341,,0.28,0.28,0.28,0.28,0.28,0.28,0.28,0.28
342,,0.27,0.27,0.27,0.27,0.27,0.27,0.27,0.27
343,,0.26,0.26,0.26,0.26,0.26,0.26,0.26,0.26
344,,0.25,0.25,0.25,0.25,0.25,0.25,0.25,0.25
345,,0.24,0.24,0.24,0.24,0.24,0.24,0.24,0.24
346,,0.23,0.23,0.23,0.23,0.23,0.23,0.23,0.23
347,,0.22,0.22,0.22,0.22,0.22,0.22,0.22,0.22
348,,0.21,0.21,0.21,0.21,0.21,0.21,0.21,0.21
349,,0.2,0.2,0.2,0.2,0.2,0.2,0.2,0.2
350,,0.19,0.19,0.19,0.19,0.19,0.19,0.19,0.19
351,,0.18,0.18,0.18,0.18,0.18,0.18,0.18,0.18
352,,0.17,0.17,0.17,0.17,0.17,0.17,0.17,0.17
353,,0.16,0.16,0.16,0.16,0.16,0.16,0.16,0.16
354,,0.15,0.15,0.15,0.15,0.15,0.15,0.15,0.15
355,,0.14,0.14,0.14,0.14,0.14,0.14,0.14,0.14
356,,0.13,0.13,0.13,0.13,0.13,0.13,0.13,0.13
357,,0.12,0.12,0.12,0.12,0.12,0.12,0.12,0.12
358,,0.11,0.11,0.11,0.11,0.11,0.11,0.11,0.11
359,,0.1,0.1,0.1,0.1,0.1,0.1,0.1,0.1
360,,0.09,0.09,0.09,0.09,0.09,0.09,0.09,0.09
361,,0.08,0.08,0.08,0.08,0.08,0.08,0.08,0.08
362,,0.07,0.07,0.07,0.07,0.07,0.07,0.07,0.07
363,,0.06,0.06,0.06,0.06,0.06,0.06,0.06,0.06
364,,0.05,0.05,0.05,0.05,0.05,0.05,0.05,0.05
365,,0.04,0.04,0.04,0.04,0.04,0.04,0.04,0.04
366,,0.03,0.03,0.03,0.03,0.03,0.03,0.03,0.03
367,,0.02,0.02,0.02,0.02,0.02,0.02,0.02,0.02
368,,0.01,0.01,0.01,0.01,0.01,0.01,0.01,0.01
369,,0.0,0.0,0.0,0.0,0.0,0.0,0.0,0.0
370,,-0.01,-0.01,-0.01,-0.01,-0.01,-0.01,-0.01,-0.01
371,8,0.592,0.38,0.168,0.08,0.168,0.38,0.592,0.99
372,8,1.0,0.77,0.346,0.17,0.346,0.77,1.0,1.0
373,,0.99,0.76,0.336,0.16,0.336,0.76,0.99,0.99
374,,0.98,0.75,0.326,0.15,0.326,0.75,0.98,0.98
375,,0.97,0.74,0.316,0.14,0.316,0.74,0.97,0.97
376,,0.96,0.73,0.306,0.13,0.306,0.73,0.96,0.96
377,,0.95,0.72,0.296,0.12,0.296,0.72,0.95,0.95
378,,0.94,0.71,0.286,0.11,0.286,0.71,0.94,0.94
379,,0.93,0.7,0.276,0.1,0.276,0.7,0.93,0.93
380,,0.92,0.69,0.266,0.09,0.266,0.69,0.92,0.92
381,,0.91,0.68,0.256,0.08,0.256,0.68,0.91,0.91
382,,0.9,0.67,0.246,0.07,0.246,0.67,0.9,0.9
383,,0.89,0.66,0.236,0.06,0.236,0.66,0.89,0.89
384,,0.88,0.65,0.226,0.05,0.226,0.65,0.88,0.88
385,,0.87,0.64,0.216,0.04,0.216,0.64,0.87,0.87
386,,0.86,0.63,0.206,0.03,0.206,0.63,0.86,0.86
387,,0.85,0.62,0.196,0.02,0.196,0.62,0.85,0.85
388,,0.84,0.61,0.186,0.01,0.186,0.61,0.84,0.84
389,,0.83,0.6,0.176,0.0,0.176,0.6,0.83,0.83
390,,0.82,0.59,0.166,-0.01,0.166,0.59,0.82,0.82
391,4,0.998,0.98,0.768,0.99,0.768,0.98,0.998,0.91
392,4,1.0,1.0,1.0,1.0,1.0,1.0,1.0,1.0
393,,0.99,0.99,0.99,0.99,0.99,0.99,0.99,0.99
394,,0.98,0.98,0.98,0.98,0.98,0.98,0.98,0.98
395,,0.97,0.97,0.97,0.97,0.97,0.97,0.97,0.97
396,,0.96,0.96,0.96,0.96,0.96,0.96,0.96,0.96
397,,0.95,0.95,0.95,0.95,0.95,0.95,0.95,0.95
398,,0.94,0.94,0.94,0.94,0.94,0.94,0.94,0.94
399,,0.93,0.93,0.93,0.93,0.93,0.93,0.93,0.93
400,,0.92,0.92,0.92,0.92,0.92,0.92,0.92,0.92
401,,0.91,0.91,0.91,0.91,0.91,0.91,0.91,0.91
402,,0.9,0.9,0.9,0.9,0.9,0.9,0.9,0.9
403,,0.89,0.89,0.89,0.89,0.89,0.89,0.89,0.89
404,,0.88,0.88,0.88,0.88,0.88,0.88,0.88,0.88
405,,0.87,0.87,0.87,0.87,0.87,0.87,0.87,0.87
406,,0.86,0.86,0.86,0.86,0.86,0.86,0.86,0.86
407,,0.85,0.85,0.85,0.85,0.85,0.85,0.85,0.85
408,,0.84,0.84,0.84,0.84,0.84,0.84,0.84,0.84
409,,0.83,0.83,0.83,0.83,0.83,0.83,0.83,0.83
410,,0.82,0.82,0.82,0.82,0.82,0.82,0.82,0.82
411,,0.81,0.81,0.81,0.81,0.81,0.81,0.81,0.81
412,,0.8,0.8,0.8,0.8,0.8,0.8,0.8,0.8
413,,0.79,0.79,0.79,0.79,0.79,0.79,0.79,0.79
414,,0.78,0.78,0.78,0.78,0.78,0.78,0.78,0.78
415,,0.77,0.77,0.77,0.77,0.77,0.77,0.77,0.77
416,,0.76,0.76,0.76,0.76,0.76,0.76,0.76,0.76
417,,0.75,0.75,0.75,0.75,0.75,0.75,0.75,0.75
418,,0.74,0.74,0.74,0.74,0.74,0.74,0.74,0.74
419,,0.73,0.73,0.73,0.73,0.73,0.73,0.73,0.73
420,,0.72,0.72,0.72,0.72,0.72,0.72,0.72,0.72
421,,0.71,0.71,0.71,0.71,0.71,0.71,0.71,0.71
422,,0.7,0.7,0.7,0.7,0.7,0.7,0.7,0.7
423,,0.69,0.69,0.69,0.69,0.69,0.69,0.69,0.69
424,,0.68,0.68,0.68,0.68,0.68,0.68,0.68,0.68
425,,0.67,0.67,0.67,0.67,0.67,0.67,0.67,0.67
426,,0.66,0.66,0.66,0.66,0.66,0.66,0.66,0.66
427,,0.65,0.65,0.65,0.65,0.65,0.65,0.65,0.65
428,,0.64,0.64,0.64,0.64,0.64,0.64,0.64,0.64
429,,0.63,0.63,0.63,0.63,0.63,0.63,0.63,0.63
430,,0.62,0.62,0.62,0.62,0.62,0.62,0.62,0.62
431,,0.61,0.61,0.61,0.61,0.61,0.61,0.61,0.61
432,,0.6,0.6,0.6,0.6,0.6,0.6,0.6,0.6
433,,0.59,0.59,0.59,0.59,0.59,0.59,0.59,0.59
434,,0.58,0.58,0.58,0.58,0.58,0.58,0.58,0.58
435,,0.57,0.57,0.57,0.57,0.57,0.57,0.57,0.57
436,,0.56,0.56,0.56,0.56,0.56,0.56,0.56,0.56
437,,0.55,0.55,0.55,0.55,0.55,0.55,0.55,0.55
438,,0.54,0.54,0.54,0.54,0.54,0.54,0.54,0.54
439,,0.53,0.53,0.53,0.53,0.53,0.53,0.53,0.53
440,,0.52,0.52,0.52,0.52,0.52,0.52,0.52,0.52
441,,0.51,0.51,0.51,0.51,0.51,0.51,0.51,0.51
442,,0.5,0.5,0.5,0.5,0.5,0.5,0.5,0.5
443,,0.49,0.49,0.49,0.49,0.49,0.49,0.49,0.49
444,,0.48,0.48,0.48,0.48,0.48,0.48,0.48,0.48
445,,0.47,0.47,0.47,0.47,0.47,0.47,0.47,0.47
446,,0.46,0.46,0.46,0.46,0.46,0.46,0.46,0.46
447,,0.45,0.45,0.45,0.45,0.45,0.45,0.45,0.45
448,,0.44,0.44,0.44,0.44,0.44,0.44,0.44,0.44
449,,0.43,0.43,0.43,0.43,0.43,0.43,0.43,0.43
450,,0.42,0.42,0.42,0.42,0.42,0.42,0.42,0.42
451,,0.41,0.41,0.41,0.41,0.41,0.41,0.41,0.41
452,,0.4,0.4,0.4,0.4,0.4,0.4,0.4,0.4
453,,0.39,0.39,0.39,0.39,0.39,0.39,0.39,0.39
454,,0.38,0.38,0.38,0.38,0.38,0.38,0.38,0.38
455,,0.37,0.37,0.37,0.37,0.37,0.37,0.37,0.37
456,,0.36,0.36,0.36,0.36,0.36,0.36,0.36,0.36
457,,0.35,0.35,0.35,0.35,0.35,0.35,0.35,0.35
458,,0.34,0.34,0.34,0.34,0.34,0.34,0.34,0.34
459,,0.33,0.33,0.33,0.33,0.33,0.33,0.33,0.33
460,,0.32,0.32,0.32,0.32,0.32,0.32,0.32,0.32
461,,0.31,0.31,0.31,0.31,0.31,0.31,0.31,0.31
462,,0.3,0.3,0.3,0.3,0.3,0.3,0.3,0.3
463,,0.29,0.29,0.29,0.29,0.29,0.29,0.29,0.29
464,,0.28,0.28,0.28,0.28,0.28,0.28,0.28,0.28
465,,0.27,0.27,0.27,0.27,0.27,0.27,0.27,0.27
466,,0.26,0.26,0.26,0.26,0.26,0.26,0.26,0.26
467,,0.25,0.25,0.25,0.25,0.25,0.25,0.25,0.25
468,,0.24,0.24,0.24,0.24,0.24,0.24,0.24,0.24
469,,0.23,0.23,0.23,0.23,0.23,0.23,0.23,0.23
470,,0.22,0.22,0.22,0.22,0.22,0.22,0.22,0.22
471,,0.21,0.21,0.21,0.21,0.21,0.21,0.21,0.21
472,,0.2,0.2,0.2,0.2,0.2,0.2,0.2,0.2
473,,0.19,0.19,0.19,0.19,0.19,0.19,0.19,0.19
474,,0.18,0.18,0.18,0.18,0.18,0.18,0.18,0.18
475,,0.17,0.17,0.17,0.17,0.17,0.17,0.17,0.17
476,,0.16,0.16,0.16,0.16,0.16,0.16,0.16,0.16
477,,0.15,0.15,0.15,0.15,0.15,0.15,0.15,0.15
478,,0.14,0.14,0.14,0.14,0.14,0.14,0.14,0.14
479,,0.13,0.13,0.13,0.13,0.13,0.13,0.13,0.13
480,,0.12,0.12,0.12,0.12,0.12,0.12,0.12,0.12
481,,0.11,0.11,0.11,0.11,0.11,0.11,0.11,0.11
482,,0.1,0.1,0.1,0.1,0.1,0.1,0.1,0.1
483,,0.09,0.09,0.09,0.09,0.09,0.09,0.09,0.09
484,,0.08,0.08,0.08,0.08,0.08,0.08,0.08,0.08
485,,0.07,0.07,0.07,0.07,0.07,0.07,0.07,0.07
486,,0.06,0.06,0.06,0.06,0.06,0.06,0.06,0.06
487,,0.05,0.05,0.05,0.05,0.05,0.05,0.05,0.05
488,,0.04,0.04,0.04,0.04,0.04,0.04,0.04,0.04
489,,0.03,0.03,0.03,0.03,0.03,0.03,0.03,0.03
490,,0.02,0.02,0.02,0.02,0.02,0.02,0.02,0.02
491,,0.01,0.01,0.01,0.01,0.01,0.01,0.01,0.01
492,,0.0,0.0,0.0,0.0,0.0,0.0,0.0,0.0
493,,-0.01,-0.01,-0.01,-0.01,-0.01,-0.01,-0.01,-0.01
494,6,0.168,0.08,0.168,0.38,0.592,0.99,0.592,0.38
495,6,0.346,0.17,0.346,0.77,1.0,1.0,1.0,0.77
496,,0.336,0.16,0.336,0.76,0.99,0.99,0.99,0.76
497,,0.326,0.15,0.326,0.75,0.98,0.98,0.98,0.75
498,,0.316,0.14,0.316,0.74,0.97,0.97,0.97,0.74
499,,0.306,0.13,0.306,0.73,0.96,0.96,0.96,0.73
500,,0.296,0.12,0.296,0.72,0.95,0.95,0.95,0.72
501,,0.286,0.11,0.286,0.71,0.94,0.94,0.94,0.71
502,,0.276,0.1,0.276,0.7,0.93,0.93,0.93,0.7
503,,0.266,0.09,0.266,0.69,0.92,0.92,0.92,0.69
504,,0.256,0.08,0.256,0.68,0.91,0.91,0.91,0.68
505,,0.246,0.07,0.246,0.67,0.9,0.9,0.9,0.67
506,,0.236,0.06,0.236,0.66,0.89,0.89,0.89,0.66
507,,0.226,0.05,0.226,0.65,0.88,0.88,0.88,0.65
508,,0.216,0.04,0.216,0.64,0.87,0.87,0.87,0.64
509,,0.206,0.03,0.206,0.63,0.86,0.86,0.86,0.63
510,,0.196,0.02,0.196,0.62,0.85,0.85,0.85,0.62
511,,0.186,0.01,0.186,0.61,0.84,0.84,0.84,0.61
512,,0.176,0.0,0.176,0.6,0.83,0.83,0.83,0.6
513,,0.166,-0.01,0.166,0.59,0.82,0.82,0.82,0.59
514,2,0.768,0.99,0.768,0.98,0.998,0.91,0.998,0.98
515,2,1.0,1.0,1.0,1.0,1.0,1.0,1.0,1.0
516,,0.99,0.99,0.99,0.99,0.99,0.99,0.99,0.99
517,,0.98,0.98,0.98,0.98,0.98,0.98,0.98,0.98
518,,0.97,0.97,0.97,0.97,0.97,0.97,0.97,0.97
519,,0.96,0.96,0.96,0.96,0.96,0.96,0.96,0.96
520,,0.95,0.95,0.95,0.95,0.95,0.95,0.95,0.95
521,,0.94,0.94,0.94,0.94,0.94,0.94,0.94,0.94
522,,0.93,0.93,0.93,0.93,0.93,0.93,0.93,0.93
523,,0.92,0.92,0.92,0.92,0.92,0.92,0.92,0.92
524,,0.91,0.91,0.91,0.91,0.91,0.91,0.91,0.91
525,,0.9,0.9,0.9,0.9,0.9,0.9,0.9,0.9
526,,0.89,0.89,0.89,0.89,0.89,0.89,0.89,0.89
527,,0.88,0.88,0.88,0.88,0.88,0.88,0.88,0.88
528,,0.87,0.87,0.87,0.87,0.87,0.87,0.87,0.87
529,,0.86,0.86,0.86,0.86,0.86,0.86,0.86,0.86
530,,0.85,0.85,0.85,0.85,0.85,0.85,0.85,0.85
531,,0.84,0.84,0.84,0.84,0.84,0.84,0.84,0.84
532,,0.83,0.83,0.83,0.83,0.83,0.83,0.83,0.83
533,,0.82,0.82,0.82,0.82,0.82,0.82,0.82,0.82
534,,0.81,0.81,0.81,0.81,0.81,0.81,0.81,0.81
535,,0.8,0.8,0.8,0.8,0.8,0.8,0.8,0.8
536,,0.79,0.79,0.79,0.79,0.79,0.79,0.79,0.79
537,,0.78,0.78,0.78,0.78,0.78,0.78,0.78,0.78
538,,0.77,0.77,0.77,0.77,0.77,0.77,0.77,0.77
539,,0.76,0.76,0.76,0.76,0.76,0.76,0.76,0.76
540,,0.75,0.75,0.75,0.75,0.75,0.75,0.75,0.75
541,,0.74,0.74,0.74,0.74,0.74,0.74,0.74,0.74
542,,0.73,0.73,0.73,0.73,0.73,0.73,0.73,0.73
543,,0.72,0.72,0.72,0.72,0.72,0.72,0.72,0.72
544,,0.71,0.71,0.71,0.71,0.71,0.71,0.71,0.71
545,,0.7,0.7,0.7,0.7,0.7,0.7,0.7,0.7
546,,0.69,0.69,0.69,0.69,0.69,0.69,0.69,0.69
547,,0.68,0.68,0.68,0.68,0.68,0.68,0.68,0.68
548,,0.67,0.67,0.67,0.67,0.67,0.67,0.67,0.67
549,,0.66,0.66,0.66,0.66,0.66,0.66,0.66,0.66
550,,0.65,0.65,0.65,0.65,0.65,0.65,0.65,0.65
551,,0.64,0.64,0.64,0.64,0.64,0.64,0.64,0.64
552,,0.63,0.63,0.63,0.63,0.63,0.63,0.63,0.63
553,,0.62,0.62,0.62,0.62,0.62,0.62,0.62,0.62
554,,0.61,0.61,0.61,0.61,0.61,0.61,0.61,0.61
555,,0.6,0.6,0.6,0.6,0.6,0.6,0.6,0.6
556,,0.59,0.59,0.59,0.59,0.59,0.59,0.59,0.59
557,,0.58,0.58,0.58,0.58,0.58,0.58,0.58,0.58
558,,0.57,0.57,0.57,0.57,0.57,0.57,0.57,0.57
559,,0.56,0.56,0.56,0.56,0.56,0.56,0.56,0.56
560,,0.55,0.55,0.55,0.55,0.55,0.55,0.55,0.55
561,,0.54,0.54,0.54,0.54,0.54,0.54,0.54,0.54
562,,0.53,0.53,0.53,0.53,0.53,0.53,0.53,0.53
563,,0.52,0.52,0.52,0.52,0.52,0.52,0.52,0.52
564,,0.51,0.51,0.51,0.51,0.51,0.51,0.51,0.51
565,,0.5,0.5,0.5,0.5,0.5,0.5,0.5,0.5
566,,0.49,0.49,0.49,0.49,0.49,0.49,0.49,0.49
567,,0.48,0.48,0.48,0.48,0.48,0.48,0.48,0.48
568,,0.47,0.47,0.47,0.47,0.47,0.47,0.47,0.47
569,,0.46,0.46,0.46,0.46,0.46,0.46,0.46,0.46
570,,0.45,0.45,0.45,0.45,0.45,0.45,0.45,0.45
571,,0.44,0.44,0.44,0.44,0.44,0.44,0.44,0.44
572,,0.43,0.43,0.43,0.43,0.43,0.43,0.43,0.43
573,,0.42,0.42,0.42,0.42,0.42,0.42,0.42,0.42
574,,0.41,0.41,0.41,0.41,0.41,0.41,0.41,0.41
575,,0.4,0.4,0.4,0.4,0.4,0.4,0.4,0.4
576,,0.39,0.39,0.39,0.39,0.39,0.39,0.39,0.39
577,,0.38,0.38,0.38,0.38,0.38,0.38,0.38,0.38
578,,0.37,0.37,0.37,0.37,0.37,0.37,0.37,0.37
579,,0.36,0.36,0.36,0.36,0.36,0.36,0.36,0.36
580,,0.35,0.35,0.35,0.35,0.35,0.35,0.35,0.35
581,,0.34,0.34,0.34,0.34,0.34,0.34,0.34,0.34
582,,0.33,0.33,0.33,0.33,0.33,0.33,0.33,0.33
583,,0.32,0.32,0.32,0.32,0.32,0.32,0.32,0.32
584,,0.31,0.31,0.31,0.31,0.31,0.31,0.31,0.31
585,,0.3,0.3,0.3,0.3,0.3,0.3,0.3,0.3
586,,0.29,0.29,0.29,0.29,0.29,0.29,0.29,0.29
587,,0.28,0.28,0.28,0.28,0.28,0.28,0.28,0.28
588,,0.27,0.27,0.27,0.27,0.27,0.27,0.27,0.27
589,,0.26,0.26,0.26,0.26,0.26,0.26,0.26,0.26
590,,0.25,0.25,0.25,0.25,0.25,0.25,0.25,0.25
591,,0.24,0.24,0.24,0.24,0.24,0.24,0.24,0.24
592,,0.23,0.23,0.23,0.23,0.23,0.23,0.23,0.23
593,,0.22,0.22,0.22,0.22,0.22,0.22,0.22,0.22
594,,0.21,0.21,0.21,0.21,0.21,0.21,0.21,0.21
595,,0.2,0.2,0.2,0.2,0.2,0.2,0.2,0.2
596,,0.19,0.19,0.19,0.19,0.19,0.19,0.19,0.19
597,,0.18,0.18,0.18,0.18,0.18,0.18,0.18,0.18
598,,0.17,0.17,0.17,0.17,0.17,0.17,0.17,0.17
599,,0.16,0.16,0.16,0.16,0.16,0.16,0.16,0.16
600,,0.15,0.15,0.15,0.15,0.15,0.15,0.15,0.15
601,,0.14,0.14,0.14,0.14,0.14,0.14,0.14,0.14
602,,0.13,0.13,0.13,0.13,0.13,0.13,0.13,0.13
603,,0.12,0.12,0.12,0.12,0.12,0.12,0.12,0.12
604,,0.11,0.11,0.11,0.11,0.11,0.11,0.11,0.11
605,,0.1,0.1,0.1,0.1,0.1,0.1,0.1,0.1
606,,0.09,0.09,0.09,0.09,0.09,0.09,0.09,0.09
607,,0.08,0.08,0.08,0.08,0.08,0.08,0.08,0.08
608,,0.07,0.07,0.07,0.07,0.07,0.07,0.07,0.07
609,,0.06,0.06,0.06,0.06,0.06,0.06,0.06,0.06
610,,0.05,0.05,0.05,0.05,0.05,0.05,0.05,0.05
611,,0.04,0.04,0.04,0.04,0.04,0.04,0.04,0.04
612,,0.03,0.03,0.03,0.03,0.03,0.03,0.03,0.03
613,,0.02,0.02,0.02,0.02,0.02,0.02,0.02,0.02
614,,0.01,0.01,0.01,0.01,0.01,0.01,0.01,0.01
615,,0.0,0.0,0.0,0.0,0.0,0.0,0.0,0.0
616,,-0.01,-0.01,-0.01,-0.01,-0.01,-0.01,-0.01,-0.01
617,2,0.592,0.99,0.592,0.38,0.168,0.08,0.168,0.38
618,2,1.0,1.0,1.0,0.77,0.346,0.17,0.346,0.77
619,,0.99,0.99,0.99,0.76,0.336,0.16,0.336,0.76
620,,0.98,0.98,0.98,0.75,0.326,0.15,0.326,0.75
621,,0.97,0.97,0.97,0.74,0.316,0.14,0.316,0.74
622,,0.96,0.96,0.96,0.73,0.306,0.13,0.306,0.73
623,,0.95,0.95,0.95,0.72,0.296,0.12,0.296,0.72
624,,0.94,0.94,0.94,0.71,0.286,0.11,0.286,0.71
625,,0.93,0.93,0.93,0.7,0.276,0.1,0.276,0.7
626,,0.92,0.92,0.92,0.69,0.266,0.09,0.266,0.69
627,,0.91,0.91,0.91,0.68,0.256,0.08,0.256,0.68
628,,0.9,0.9,0.9,0.67,0.246,0.07,0.246,0.67
629,,0.89,0.89,0.89,0.66,0.236,0.06,0.236,0.66
630,,0.88,0.88,0.88,0.65,0.226,0.05,0.226,0.65
631,,0.87,0.87,0.87,0.64,0.216,0.04,0.216,0.64
632,,0.86,0.86,0.86,0.63,0.206,0.03,0.206,0.63
633,,0.85,0.85,0.85,0.62,0.196,0.02,0.196,0.62
634,,0.84,0.84,0.84,0.61,0.186,0.01,0.186,0.61
635,,0.83,0.83,0.83,0.6,0.176,0.0,0.176,0.6
636,,0.82,0.82,0.82,0.59,0.166,-0.01,0.166,0.59
637,6,0.998,0.91,0.998,0.98,0.768,0.99,0.768,0.98
638,6,1.0,1.0,1.0,1.0,1.0,1.0,1.0,1.0
639,,0.99,0.99,0.99,0.99,0.99,0.99,0.99,0.99
640,,0.98,0.98,0.98,0.98,0.98,0.98,0.98,0.98
641,,0.97,0.97,0.97,0.97,0.97,0.97,0.97,0.97
642,,0.96,0.96,0.96,0.96,0.96,0.96,0.96,0.96
643,,0.95,0.95,0.95,0.95,0.95,0.95,0.95,0.95
644,,0.94,0.94,0.94,0.94,0.94,0.94,0.94,0.94
645,,0.93,0.93,0.93,0.93,0.93,0.93,0.93,0.93
646,,0.92,0.92,0.92,0.92,0.92,0.92,0.92,0.92
647,,0.91,0.91,0.91,0.91,0.91,0.91,0.91,0.91
648,,0.9,0.9,0.9,0.9,0.9,0.9,0.9,0.9
649,,0.89,0.89,0.89,0.89,0.89,0.89,0.89,0.89
650,,0.88,0.88,0.88,0.88,0.88,0.88,0.88,0.88
651,,0.87,0.87,0.87,0.87,0.87,0.87,0.87,0.87
652,,0.86,0.86,0.86,0.86,0.86,0.86,0.86,0.86
653,,0.85,0.85,0.85,0.85,0.85,0.85,0.85,0.85
654,,0.84,0.84,0.84,0.84,0.84,0.84,0.84,0.84
655,,0.83,0.83,0.83,0.83,0.83,0.83,0.83,0.83
656,,0.82,0.82,0.82,0.82,0.82,0.82,0.82,0.82
657,,0.81,0.81,0.81,0.81,0.81,0.81,0.81,0.81
658,,0.8,0.8,0.8,0.8,0.8,0.8,0.8,0.8
659,,0.79,0.79,0.79,0.79,0.79,0.79,0.79,0.79
660,,0.78,0.78,0.78,0.78,0.78,0.78,0.78,0.78
661,,0.77,0.77,0.77,0.77,0.77,0.77,0.77,0.77
662,,0.76,0.76,0.76,0.76,0.76,0.76,0.76,0.76
663,,0.75,0.75,0.75,0.75,0.75,0.75,0.75,0.75
664,,0.74,0.74,0.74,0.74,0.74,0.74,0.74,0.74
665,,0.73,0.73,0.73,0.73,0.73,0.73,0.73,0.73
666,,0.72,0.72,0.72,0.72,0.72,0.72,0.72,0.72
667,,0.71,0.71,0.71,0.71,0.71,0.71,0.71,0.71
668,,0.7,0.7,0.7,0.7,0.7,0.7,0.7,0.7
669,,0.69,0.69,0.69,0.69,0.69,0.69,0.69,0.69
670,,0.68,0.68,0.68,0.68,0.68,0.68,0.68,0.68
671,,0.67,0.67,0.67,0.67,0.67,0.67,0.67,0.67
672,,0.66,0.66,0.66,0.66,0.66,0.66,0.66,0.66
673,,0.65,0.65,0.65,0.65,0.65,0.65,0.65,0.65
674,,0.64,0.64,0.64,0.64,0.64,0.64,0.64,0.64
675,,0.63,0.63,0.63,0.63,0.63,0.63,0.63,0.63
676,,0.62,0.62,0.62,0.62,0.62,0.62,0.62,0.62
677,,0.61,0.61,0.61,0.61,0.61,0.61,0.61,0.61
678,,0.6,0.6,0.6,0.6,0.6,0.6,0.6,0.6
679,,0.59,0.59,0.59,0.59,0.59,0.59,0.59,0.59
680,,0.58,0.58,0.58,0.58,0.58,0.58,0.58,0.58
681,,0.57,0.57,0.57,0.57,0.57,0.57,0.57,0.57
682,,0.56,0.56,0.56,0.56,0.56,0.56,0.56,0.56
683,,0.55,0.55,0.55,0.55,0.55,0.55,0.55,0.55
684,,0.54,0.54,0.54,0.54,0.54,0.54,0.54,0.54
685,,0.53,0.53,0.53,0.53,0.53,0.53,0.53,0.53
686,,0.52,0.52,0.52,0.52,0.52,0.52,0.52,0.52
687,,0.51,0.51,0.51,0.51,0.51,0.51,0.51,0.51
688,,0.5,0.5,0.5,0.5,0.5,0.5,0.5,0.5
689,,0.49,0.49,0.49,0.49,0.49,0.49,0.49,0.49
690,,0.48,0.48,0.48,0.48,0.48,0.48,0.48,0.48
691,,0.47,0.47,0.47,0.47,0.47,0.47,0.47,0.47
692,,0.46,0.46,0.46,0.46,0.46,0.46,0.46,0.46
693,,0.45,0.45,0.45,0.45,0.45,0.45,0.45,0.45
694,,0.44,0.44,0.44,0.44,0.44,0.44,0.44,0.44
695,,0.43,0.43,0.43,0.43,0.43,0.43,0.43,0.43
696,,0.42,0.42,0.42,0.42,0.42,0.42,0.42,0.42
697,,0.41,0.41,0.41,0.41,0.41,0.41,0.41,0.41
698,,0.4,0.4,0.4,0.4,0.4,0.4,0.4,0.4
699,,0.39,0.39,0.39,0.39,0.39,0.39,0.39,0.39
700,,0.38,0.38,0.38,0.38,0.38,0.38,0.38,0.38
701,,0.37,0.37,0.37,0.37,0.37,0.37,0.37,0.37
702,,0.36,0.36,0.36,0.36,0.36,0.36,0.36,0.36
703,,0.35,0.35,0.35,0.35,0.35,0.35,0.35,0.35
704,,0.34,0.34,0.34,0.34,0.34,0.34,0.34,0.34
705,,0.33,0.33,0.33,0.33,0.33,0.33,0.33,0.33
706,,0.32,0.32,0.32,0.32,0.32,0.32,0.32,0.32
707,,0.31,0.31,0.31,0.31,0.31,0.31,0.31,0.31
708,,0.3,0.3,0.3,0.3,0.3,0.3,0.3,0.3
709,,0.29,0.29,0.29,0.29,0.29,0.29,0.29,0.29
710,,0.28,0.28,0.28,0.28,0.28,0.28,0.28,0.28
711,,0.27,0.27,0.27,0.27,0.27,0.27,0.27,0.27
712,,0.26,0.26,0.26,0.26,0.26,0.26,0.26,0.26
713,,0.25,0.25,0.25,0.25,0.25,0.25,0.25,0.25
714,,0.24,0.24,0.24,0.24,0.24,0.24,0.24,0.24
715,,0.23,0.23,0.23,0.23,0.23,0.23,0.23,0.23
716,,0.22,0.22,0.22,0.22,0.22,0.22,0.22,0.22
717,,0.21,0.21,0.21,0.21,0.21,0.21,0.21,0.21
718,,0.2,0.2,0.2,0.2,0.2,0.2,0.2,0.2
719,,0.19,0.19,0.19,0.19,0.19,0.19,0.19,0.19
720,,0.18,0.18,0.18,0.18,0.18,0.18,0.18,0.18
721,,0.17,0.17,0.17,0.17,0.17,0.17,0.17,0.17
722,,0.16,0.16,0.16,0.16,0.16,0.16,0.16,0.16
723,,0.15,0.15,0.15,0.15,0.15,0.15,0.15,0.15
724,,0.14,0.14,0.14,0.14,0.14,0.14,0.14,0.14
725,,0.13,0.13,0.13,0.13,0.13,0.13,0.13,0.13
726,,0.12,0.12,0.12,0.12,0.12,0.12,0.12,0.12
727,,0.11,0.11,0.11,0.11,0.11,0.11,0.11,0.11
728,,0.1,0.1,0.1,0.1,0.1,0.1,0.1,0.1
729,,0.09,0.09,0.09,0.09,0.09,0.09,0.09,0.09
730,,0.08,0.08,0.08,0.08,0.08,0.08,0.08,0.08
731,,0.07,0.07,0.07,0.07,0.07,0.07,0.07,0.07
732,,0.06,0.06,0.06,0.06,0.06,0.06,0.06,0.06
733,,0.05,0.05,0.05,0.05,0.05,0.05,0.05,0.05
734,,0.04,0.04,0.04,0.04,0.04,0.04,0.04,0.04
735,,0.03,0.03,0.03,0.03,0.03,0.03,0.03,0.03
736,,0.02,0.02,0.02,0.02,0.02,0.02,0.02,0.02
737,,0.01,0.01,0.01,0.01,0.01,0.01,0.01,0.01
738,,0.0,0.0,0.0,0.0,0.0,0.0,0.0,0.0
739,,-0.01,-0.01,-0.01,-0.01,-0.01,-0.01,-0.01,-0.01
740,2,0.592,0.99,0.592,0.38,0.168,0.08,0.168,0.38
741,2,1.0,1.0,1.0,0.77,0.346,0.17,0.346,0.77
742,,0.99,0.99,0.99,0.76,0.336,0.16,0.336,0.76
743,,0.98,0.98,0.98,0.75,0.326,0.15,0.326,0.75
744,,0.97,0.97,0.97,0.74,0.316,0.14,0.316,0.74
745,,0.96,0.96,0.96,0.73,0.306,0.13,0.306,0.73
746,,0.95,0.95,0.95,0.72,0.296,0.12,0.296,0.72
747,,0.94,0.94,0.94,0.71,0.286,0.11,0.286,0.71
748,,0.93,0.93,0.93,0.7,0.276,0.1,0.276,0.7
749,,0.92,0.92,0.92,0.69,0.266,0.09,0.266,0.69
750,,0.91,0.91,0.91,0.68,0.256,0.08,0.256,0.68
751,,0.9,0.9,0.9,0.67,0.246,0.07,0.246,0.67
752,,0.89,0.89,0.89,0.66,0.236,0.06,0.236,0.66
753,,0.88,0.88,0.88,0.65,0.226,0.05,0.226,0.65
754,,0.87,0.87,0.87,0.64,0.216,0.04,0.216,0.64
755,,0.86,0.86,0.86,0.63,0.206,0.03,0.206,0.63
756,,0.85,0.85,0.85,0.62,0.196,0.02,0.196,0.62
757,,0.84,0.84,0.84,0.61,0.186,0.01,0.186,0.61
758,,0.83,0.83,0.83,0.6,0.176,0.0,0.176,0.6
759,,0.82,0.82,0.82,0.59,0.166,-0.01,0.166,0.59
760,6,0.998,0.91,0.998,0.98,0.768,0.99,0.768,0.98
761,6,1.0,1.0,1.0,1.0,1.0,1.0,1.0,1.0
762,,0.99,0.99,0.99,0.99,0.99,0.99,0.99,0.99
763,,0.98,0.98,0.98,0.98,0.98,0.98,0.98,0.98
764,,0.97,0.97,0.97,0.97,0.97,0.97,0.97,0.97
765,,0.96,0.96,0.96,0.96,0.96,0.96,0.96,0.96
766,,0.95,0.95,0.95,0.95,0.95,0.95,0.95,0.95
767,,0.94,0.94,0.94,0.94,0.94,0.94,0.94,0.94
768,,0.93,0.93,0.93,0.93,0.93,0.93,0.93,0.93
769,,0.92,0.92,0.92,0.92,0.92,0.92,0.92,0.92
770,,0.91,0.91,0.91,0.91,0.91,0.91,0.91,0.91
771,,0.9,0.9,0.9,0.9,0.9,0.9,0.9,0.9
772,,0.89,0.89,0.89,0.89,0.89,0.89,0.89,0.89
773,,0.88,0.88,0.88,0.88,0.88,0.88,0.88,0.88
774,,0.87,0.87,0.87,0.87,0.87,0.87,0.87,0.87
775,,0.86,0.86,0.86,0.86,0.86,0.86,0.86,0.86
776,,0.85,0.85,0.85,0.85,0.85,0.85,0.85,0.85
777,,0.84,0.84,0.84,0.84,0.84,0.84,0.84,0.84
778,,0.83,0.83,0.83,0.83,0.83,0.83,0.83,0.83
779,,0.82,0.82,0.82,0.82,0.82,0.82,0.82,0.82
780,,0.81,0.81,0.81,0.81,0.81,0.81,0.81,0.81
781,,0.8,0.8,0.8,0.8,0.8,0.8,0.8,0.8
782,,0.79,0.79,0.79,0.79,0.79,0.79,0.79,0.79
783,,0.78,0.78,0.78,0.78,0.78,0.78,0.78,0.78
784,,0.77,0.77,0.77,0.77,0.77,0.77,0.77,0.77
785,,0.76,0.76,0.76,0.76,0.76,0.76,0.76,0.76
786,,0.75,0.75,0.75,0.75,0.75,0.75,0.75,0.75
787,,0.74,0.74,0.74,0.74,0.74,0.74,0.74,0.74
788,,0.73,0.73,0.73,0.73,0.73,0.73,0.73,0.73
789,,0.72,0.72,0.72,0.72,0.72,0.72,0.72,0.72
790,,0.71,0.71,0.71,0.71,0.71,0.71,0.71,0.71
791,,0.7,0.7,0.7,0.7,0.7,0.7,0.7,0.7
792,,0.69,0.69,0.69,0.69,0.69,0.69,0.69,0.69
793,,0.68,0.68,0.68,0.68,0.68,0.68,0.68,0.68
794,,0.67,0.67,0.67,0.67,0.67,0.67,0.67,0.67
795,,0.66,0.66,0.66,0.66,0.66,0.66,0.66,0.66
796,,0.65,0.65,0.65,0.65,0.65,0.65,0.65,0.65
797,,0.64,0.64,0.64,0.64,0.64,0.64,0.64,0.64
798,,0.63,0.63,0.63,0.63,0.63,0.63,0.63,0.63
799,,0.62,0.62,0.62,0.62,0.62,0.62,0.62,0.62
800,,0.61,0.61,0.61,0.61,0.61,0.61,0.61,0.61
801,,0.6,0.6,0.6,0.6,0.6,0.6,0.6,0.6
802,,0.59,0.59,0.59,0.59,0.59,0.59,0.59,0.59
803,,0.58,0.58,0.58,0.58,0.58,0.58,0.58,0.58
804,,0.57,0.57,0.57,0.57,0.57,0.57,0.57,0.57
805,,0.56,0.56,0.56,0.56,0.56,0.56,0.56,0.56
806,,0.55,0.55,0.55,0.55,0.55,0.55,0.55,0.55
807,,0.54,0.54,0.54,0.54,0.54,0.54,0.54,0.54
808,,0.53,0.53,0.53,0.53,0.53,0.53,0.53,0.53
809,,0.52,0.52,0.52,0.52,0.52,0.52,0.52,0.52
810,,0.51,0.51,0.51,0.51,0.51,0.51,0.51,0.51
811,,0.5,0.5,0.5,0.5,0.5,0.5,0.5,0.5
812,,0.49,0.49,0.49,0.49,0.49,0.49,0.49,0.49
813,,0.48,0.48,0.48,0.48,0.48,0.48,0.48,0.48
814,,0.47,0.47,0.47,0.47,0.47,0.47,0.47,0.47
815,,0.46,0.46,0.46,0.46,0.46,0.46,0.46,0.46
816,,0.45,0.45,0.45,0.45,0.45,0.45,0.45,0.45
817,,0.44,0.44,0.44,0.44,0.44,0.44,0.44,0.44
818,,0.43,0.43,0.43,0.43,0.43,0.43,0.43,0.43
819,,0.42,0.42,0.42,0.42,0.42,0.42,0.42,0.42
820,,0.41,0.41,0.41,0.41,0.41,0.41,0.41,0.41
821,,0.4,0.4,0.4,0.4,0.4,0.4,0.4,0.4
822,,0.39,0.39,0.39,0.39,0.39,0.39,0.39,0.39
823,,0.38,0.38,0.38,0.38,0.38,0.38,0.38,0.38
824,,0.37,0.37,0.37,0.37,0.37,0.37,0.37,0.37
825,,0.36,0.36,0.36,0.36,0.36,0.36,0.36,0.36
826,,0.35,0.35,0.35,0.35,0.35,0.35,0.35,0.35
827,,0.34,0.34,0.34,0.34,0.34,0.34,0.34,0.34
828,,0.33,0.33,0.33,0.33,0.33,0.33,0.33,0.33
829,,0.32,0.32,0.32,0.32,0.32,0.32,0.32,0.32
830,,0.31,0.31,0.31,0.31,0.31,0.31,0.31,0.31
831,,0.3,0.3,0.3,0.3,0.3,0.3,0.3,0.3
832,,0.29,0.29,0.29,0.29,0.29,0.29,0.29,0.29
833,,0.28,0.28,0.28,0.28,0.28,0.28,0.28,0.28
834,,0.27,0.27,0.27,0.27,0.27,0.27,0.27,0.27
835,,0.26,0.26,0.26,0.26,0.26,0.26,0.26,0.26
836,,0.25,0.25,0.25,0.25,0.25,0.25,0.25,0.25
837,,0.24,0.24,0.24,0.24,0.24,0.24,0.24,0.24
838,,0.23,0.23,0.23,0.23,0.23,0.23,0.23,0.23
839,,0.22,0.22,0.22,0.22,0.22,0.22,0.22,0.22
840,,0.21,0.21,0.21,0.21,0.21,0.21,0.21,0.21
841,,0.2,0.2,0.2,0.2,0.2,0.2,0.2,0.2
842,,0.19,0.19,0.19,0.19,0.19,0.19,0.19,0.19
843,,0.18,0.18,0.18,0.18,0.18,0.18,0.18,0.18
844,,0.17,0.17,0.17,0.17,0.17,0.17,0.17,0.17
845,,0.16,0.16,0.16,0.16,0.16,0.16,0.16,0.16
846,,0.15,0.15,0.15,0.15,0.15,0.15,0.15,0.15
847,,0.14,0.14,0.14,0.14,0.14,0.14,0.14,0.14
848,,0.13,0.13,0.13,0.13,0.13,0.13,0.13,0.13
849,,0.12,0.12,0.12,0.12,0.12,0.12,0.12,0.12
850,,0.11,0.11,0.11,0.11,0.11,0.11,0.11,0.11
851,,0.1,0.1,0.1,0.1,0.1,0.1,0.1,0.1
852,,0.09,0.09,0.09,0.09,0.09,0.09,0.09,0.09
853,,0.08,0.08,0.08,0.08,0.08,0.08,0.08,0.08
854,,0.07,0.07,0.07,0.07,0.07,0.07,0.07,0.07
855,,0.06,0.06,0.06,0.06,0.06,0.06,0.06,0.06
856,,0.05,0.05,0.05,0.05,0.05,0.05,0.05,0.05
857,,0.04,0.04,0.04,0.04,0.04,0.04,0.04,0.04
858,,0.03,0.03,0.03,0.03,0.03,0.03,0.03,0.03
859,,0.02,0.02,0.02,0.02,0.02,0.02,0.02,0.02
860,,0.01,0.01,0.01,0.01,0.01,0.01,0.01,0.01
861,,0.0,0.0,0.0,0.0,0.0,0.0,0.0,0.0
862,,-0.01,-0.01,-0.01,-0.01,-0.01,-0.01,-0.01,-0.01
863,6,0.168,0.08,0.168,0.38,0.592,0.99,0.592,0.38
864,6,0.346,0.17,0.346,0.77,1.0,1.0,1.0,0.77
865,,0.336,0.16,0.336,0.76,0.99,0.99,0.99,0.76
866,,0.326,0.15,0.326,0.75,0.98,0.98,0.98,0.75
867,,0.316,0.14,0.316,0.74,0.97,0.97,0.97,0.74
868,,0.306,0.13,0.306,0.73,0.96,0.96,0.96,0.73
869,,0.296,0.12,0.296,0.72,0.95,0.95,0.95,0.72
870,,0.286,0.11,0.286,0.71,0.94,0.94,0.94,0.71
871,,0.276,0.1,0.276,0.7,0.93,0.93,0.93,0.7
872,,0.266,0.09,0.266,0.69,0.92,0.92,0.92,0.69
873,,0.256,0.08,0.256,0.68,0.91,0.91,0.91,0.68
874,,0.246,0.07,0.246,0.67,0.9,0.9,0.9,0.67
875,,0.236,0.06,0.236,0.66,0.89,0.89,0.89,0.66
876,,0.226,0.05,0.226,0.65,0.88,0.88,0.88,0.65
877,,0.216,0.04,0.216,0.64,0.87,0.87,0.87,0.64
878,,0.206,0.03,0.206,0.63,0.86,0.86,0.86,0.63
879,,0.196,0.02,0.196,0.62,0.85,0.85,0.85,0.62
880,,0.186,0.01,0.186,0.61,0.84,0.84,0.84,0.61
881,,0.176,0.0,0.176,0.6,0.83,0.83,0.83,0.6
882,,0.166,-0.01,0.166,0.59,0.82,0.82,0.82,0.59
883,2,0.768,0.99,0.768,0.98,0.998,0.91,0.998,0.98
884,2,1.0,1.0,1.0,1.0,1.0,1.0,1.0,1.0
885,,0.99,0.99,0.99,0.99,0.99,0.99,0.99,0.99
886,,0.98,0.98,0.98,0.98,0.98,0.98,0.98,0.98
887,,0.97,0.97,0.97,0.97,0.97,0.97,0.97,0.97
