step,active_motive,motive_1,motive_2,motive_3,motive_4,motive_5,motive_6,motive_7,motive_8
0,,0.00977,0.06842,0.04402,0.0122,0.04952,0.00344,0.09093,0.02588
1,,-0.19023,-0.13158,-0.15598,-0.1878,-0.15048,-0.19656,-0.10907,-0.17412
2,6,-0.20223,-0.23158,-0.16798,0.0122,0.26152,0.80344,0.30293,0.02588
3,6,-0.21423,-0.33158,-0.17998,0.2122,0.67352,1.0,0.71493,0.22588
4,2,0.19777,0.66842,0.23202,0.4122,0.66152,0.9,0.70293,0.42588
5,2,0.60977,1.0,0.64402,0.6122,0.64952,0.8,0.69093,0.62588
6,,0.40977,0.8,0.44402,0.4122,0.44952,0.6,0.49093,0.42588
7,,0.20977,0.6,0.24402,0.2122,0.24952,0.4,0.29093,0.22588
8,,0.00977,0.4,0.04402,0.0122,0.04952,0.2,0.09093,0.02588
9,,-0.19023,0.2,-0.15598,-0.1878,-0.15048,0.0,-0.10907,-0.17412
10,1,0.80977,0.612,0.04402,-0.1998,-0.25048,-0.012,0.09093,0.23788
11,1,1.0,1.0,0.24402,-0.2118,-0.35048,-0.024,0.29093,0.64988
12,5,0.9,0.988,0.44402,0.2002,0.64952,0.388,0.49093,0.63788
13,5,0.8,0.976,0.64402,0.6122,1.0,0.8,0.69093,0.62588
14,,0.6,0.776,0.44402,0.4122,0.8,0.6,0.49093,0.42588
15,,0.4,0.576,0.24402,0.2122,0.6,0.4,0.29093,0.22588
16,,0.2,0.376,0.04402,0.0122,0.4,0.2,0.09093,0.02588
17,,0.0,0.176,-0.15598,-0.1878,0.2,0.0,-0.10907,-0.17412
18,4,-0.012,0.376,0.25602,0.8122,0.612,0.2,-0.12107,-0.27412
19,4,-0.024,0.576,0.66802,1.0,1.0,0.4,-0.13307,-0.37412
20,8,0.388,0.776,0.65602,0.9,0.988,0.6,0.27893,0.62588
21,8,0.8,0.976,0.64402,0.8,0.976,0.8,0.69093,1.0
22,,0.6,0.776,0.44402,0.6,0.776,0.6,0.49093,0.8
23,,0.4,0.576,0.24402,0.4,0.576,0.4,0.29093,0.6
24,,0.2,0.376,0.04402,0.2,0.376,0.2,0.09093,0.4
25,,0.0,0.176,-0.15598,0.0,0.176,0.0,-0.10907,0.2
26,3,0.2,0.588,0.84402,0.412,0.376,-0.012,-0.20907,0.188
27,3,0.4,1.0,1.0,0.824,0.576,-0.024,-0.30907,0.176
28,7,0.6,0.988,0.9,0.812,0.776,0.388,0.69093,0.588
29,7,0.8,0.976,0.8,0.8,0.976,0.8,1.0,1.0
30,,0.6,0.776,0.6,0.6,0.776,0.6,0.8,0.8
31,,0.4,0.576,0.4,0.4,0.576,0.4,0.6,0.6
32,,0.2,0.376,0.2,0.2,0.376,0.2,0.4,0.4
33,,0.0,0.176,0.0,0.0,0.176,0.0,0.2,0.2
34,,-0.2,-0.024,-0.2,-0.2,-0.024,-0.2,0.0,0.0
35,6,-0.212,-0.124,-0.212,0.0,0.388,0.8,0.412,0.2
36,6,-0.224,-0.224,-0.224,0.2,0.8,1.0,0.824,0.4
37,2,0.188,0.776,0.188,0.4,0.788,0.9,0.812,0.6
38,2,0.6,1.0,0.6,0.6,0.776,0.8,0.8,0.8
39,,0.4,0.8,0.4,0.4,0.576,0.6,0.6,0.6
40,,0.2,0.6,0.2,0.2,0.376,0.4,0.4,0.4
41,,0.0,0.4,0.0,0.0,0.176,0.2,0.2,0.2
42,,-0.2,0.2,-0.2,-0.2,-0.024,0.0,0.0,0.0
43,3,0.0,0.612,0.8,0.212,0.176,-0.012,-0.1,-0.012
44,3,0.2,1.0,1.0,0.624,0.376,-0.024,-0.2,-0.024
45,7,0.4,0.988,0.9,0.612,0.576,0.388,0.8,0.388
46,7,0.6,0.976,0.8,0.6,0.776,0.8,1.0,0.8
47,,0.4,0.776,0.6,0.4,0.576,0.6,0.8,0.6
48,,0.2,0.576,0.4,0.2,0.376,0.4,0.6,0.4
49,,0.0,0.376,0.2,0.0,0.176,0.2,0.4,0.2
50,,-0.2,0.176,0.0,-0.2,-0.024,0.0,0.2,0.0
51,4,-0.212,0.376,0.412,0.8,0.388,0.2,0.188,-0.1
52,4,-0.224,0.576,0.824,1.0,0.8,0.4,0.176,-0.2
53,1,0.776,0.988,1.0,0.988,0.7,0.388,0.376,0.212
54,1,1.0,1.0,1.0,0.976,0.6,0.376,0.576,0.624
55,,0.8,0.8,0.8,0.776,0.4,0.176,0.376,0.424
56,,0.6,0.6,0.6,0.576,0.2,-0.024,0.176,0.224
57,6,0.588,0.5,0.588,0.776,0.612,0.976,0.588,0.424
58,6,0.576,0.4,0.576,0.976,1.0,1.0,1.0,0.624
59,,0.376,0.2,0.376,0.776,0.8,0.8,0.8,0.424
60,,0.176,0.0,0.176,0.576,0.6,0.6,0.6,0.224
61,,-0.024,-0.2,-0.024,0.376,0.4,0.4,0.4,0.024
62,2,0.388,0.8,0.388,0.576,0.388,0.3,0.388,0.224
63,2,0.8,1.0,0.8,0.776,0.376,0.2,0.376,0.424
64,,0.6,0.8,0.6,0.576,0.176,0.0,0.176,0.224
65,,0.4,0.6,0.4,0.376,-0.024,-0.2,-0.024,0.024
66,6,0.388,0.5,0.388,0.576,0.388,0.8,0.388,0.224
67,6,0.376,0.4,0.376,0.776,0.8,1.0,0.8,0.424
68,,0.176,0.2,0.176,0.576,0.6,0.8,0.6,0.224
69,,-0.024,0.0,-0.024,0.376,0.4,0.6,0.4,0.024
70,3,0.176,0.412,0.976,0.788,0.6,0.588,0.3,0.012
71,3,0.376,0.824,1.0,1.0,0.8,0.576,0.2,0.0
72,,0.176,0.624,0.8,0.8,0.6,0.376,0.0,-0.2
73,8,0.588,0.824,0.788,0.7,0.588,0.576,0.412,0.8
74,8,1.0,1.0,0.776,0.6,0.576,0.776,0.824,1.0
75,,0.8,0.8,0.576,0.4,0.376,0.576,0.624,0.8
76,,0.6,0.6,0.376,0.2,0.176,0.376,0.424,0.6
77,,0.4,0.4,0.176,0.0,-0.024,0.176,0.224,0.4
78,5,0.3,0.388,0.376,0.412,0.976,0.588,0.424,0.388
79,5,0.2,0.376,0.576,0.824,1.0,1.0,0.624,0.376
80,,0.0,0.176,0.376,0.624,0.8,0.8,0.424,0.176
81,,-0.2,-0.024,0.176,0.424,0.6,0.6,0.224,-0.024
82,1,0.8,0.388,0.376,0.412,0.5,0.588,0.424,0.388
83,1,1.0,0.8,0.576,0.4,0.4,0.576,0.624,0.8
84,,0.8,0.6,0.376,0.2,0.2,0.376,0.424,0.6
85,,0.6,0.4,0.176,0.0,0.0,0.176,0.224,0.4
86,,0.4,0.2,-0.024,-0.2,-0.2,-0.024,0.024,0.2
87,5,0.3,0.188,0.176,0.212,0.8,0.388,0.224,0.188
88,5,0.2,0.176,0.376,0.624,1.0,0.8,0.424,0.176
89,,0.0,-0.024,0.176,0.424,0.8,0.6,0.224,-0.024
90,8,0.412,0.176,0.164,0.324,0.788,0.8,0.636,0.976
91,8,0.824,0.376,0.152,0.224,0.776,1.0,1.0,1.0
92,,0.624,0.176,-0.048,0.024,0.576,0.8,0.8,0.8
93,3,0.824,0.588,0.952,0.436,0.776,0.788,0.7,0.788
94,3,1.0,1.0,1.0,0.848,0.976,0.776,0.6,0.776
95,,0.8,0.8,0.8,0.648,0.776,0.576,0.4,0.576
96,,0.6,0.6,0.6,0.448,0.576,0.376,0.2,0.376
97,,0.4,0.4,0.4,0.248,0.376,0.176,0.0,0.176
98,,0.2,0.2,0.2,0.048,0.176,-0.024,-0.2,-0.024
99,7,0.4,0.188,0.1,0.036,0.376,0.388,0.8,0.388
100,7,0.6,0.176,0.0,0.024,0.576,0.8,1.0,0.8
101,,0.4,-0.024,-0.2,-0.176,0.376,0.6,0.8,0.6
102,3,0.6,0.388,0.8,0.236,0.576,0.588,0.7,0.588
103,3,0.8,0.8,1.0,0.648,0.776,0.576,0.6,0.576
104,,0.6,0.6,0.8,0.448,0.576,0.376,0.4,0.376
105,,0.4,0.4,0.6,0.248,0.376,0.176,0.2,0.176
106,,0.2,0.2,0.4,0.048,0.176,-0.024,0.0,-0.024
107,8,0.612,0.4,0.388,-0.052,0.164,0.176,0.412,0.976
108,8,1.0,0.6,0.376,-0.152,0.152,0.376,0.824,1.0
109,4,0.988,0.8,0.788,0.848,0.564,0.576,0.812,0.9
110,4,0.976,1.0,1.0,1.0,0.976,0.776,0.8,0.8
111,,0.776,0.8,0.8,0.8,0.776,0.576,0.6,0.6
112,,0.576,0.6,0.6,0.6,0.576,0.376,0.4,0.4
113,,0.376,0.4,0.4,0.4,0.376,0.176,0.2,0.2
114,,0.176,0.2,0.2,0.2,0.176,-0.024,0.0,0.0
115,6,0.164,0.1,0.188,0.4,0.588,0.976,0.412,0.2
116,6,0.152,0.0,0.176,0.6,1.0,1.0,0.824,0.4
117,,-0.048,-0.2,-0.024,0.4,0.8,0.8,0.624,0.2
118,2,0.364,0.8,0.388,0.6,0.788,0.7,0.612,0.4
119,2,0.776,1.0,0.8,0.8,0.776,0.6,0.6,0.6
120,,0.576,0.8,0.6,0.6,0.576,0.4,0.4,0.4
121,,0.376,0.6,0.4,0.4,0.376,0.2,0.2,0.2
122,,0.176,0.4,0.2,0.2,0.176,0.0,0.0,0.0
123,,-0.024,0.2,0.0,0.0,-0.024,-0.2,-0.2,-0.2
124,6,-0.036,0.1,-0.012,0.2,0.388,0.8,0.212,0.0
125,6,-0.048,0.0,-0.024,0.4,0.8,1.0,0.624,0.2
126,1,0.952,0.412,0.176,0.388,0.7,0.988,0.824,0.612
127,1,1.0,0.824,0.376,0.376,0.6,0.976,1.0,1.0
128,,0.8,0.624,0.176,0.176,0.4,0.776,0.8,0.8
129,,0.6,0.424,-0.024,-0.024,0.2,0.576,0.6,0.6
130,3,0.8,0.836,0.976,0.388,0.4,0.564,0.5,0.588
131,3,1.0,1.0,1.0,0.8,0.6,0.552,0.4,0.576
132,,0.8,0.8,0.8,0.6,0.4,0.352,0.2,0.376
133,,0.6,0.6,0.6,0.4,0.2,0.152,0.0,0.176
134,,0.4,0.4,0.4,0.2,0.0,-0.048,-0.2,-0.024
135,7,0.6,0.388,0.3,0.188,0.2,0.364,0.8,0.388
136,7,0.8,0.376,0.2,0.176,0.4,0.776,1.0,0.8
137,,0.6,0.176,0.0,-0.024,0.2,0.576,0.8,0.6
138,4,0.588,0.376,0.412,0.976,0.612,0.776,0.788,0.5
139,4,0.576,0.576,0.824,1.0,1.0,0.976,0.776,0.4
140,,0.376,0.376,0.624,0.8,0.8,0.776,0.576,0.2
141,,0.176,0.176,0.424,0.6,0.6,0.576,0.376,0.0
142,,-0.024,-0.024,0.224,0.4,0.4,0.376,0.176,-0.2
143,8,0.388,0.176,0.212,0.3,0.388,0.576,0.588,0.8
144,8,0.8,0.376,0.2,0.2,0.376,0.776,1.0,1.0
145,,0.6,0.176,0.0,0.0,0.176,0.576,0.8,0.8
146,,0.4,-0.024,-0.2,-0.2,-0.024,0.376,0.6,0.6
147,4,0.388,0.176,0.212,0.8,0.388,0.576,0.588,0.5
148,4,0.376,0.376,0.624,1.0,0.8,0.776,0.576,0.4
149,,0.176,0.176,0.424,0.8,0.6,0.576,0.376,0.2
150,,-0.024,-0.024,0.224,0.6,0.4,0.376,0.176,0.0
151,2,0.388,0.976,0.636,0.8,0.388,0.276,0.164,0.2
152,2,0.8,1.0,1.0,1.0,0.376,0.176,0.152,0.4
153,,0.6,0.8,0.8,0.8,0.176,-0.024,-0.048,0.2
154,7,0.8,0.788,0.7,0.788,0.376,0.388,0.952,0.612
155,7,1.0,0.776,0.6,0.776,0.576,0.8,1.0,1.0
156,,0.8,0.576,0.4,0.576,0.376,0.6,0.8,0.8
157,,0.6,0.376,0.2,0.376,0.176,0.4,0.6,0.6
158,,0.4,0.176,0.0,0.176,-0.024,0.2,0.4,0.4
159,5,0.3,0.164,0.2,0.588,0.976,0.612,0.6,0.388
160,5,0.2,0.152,0.4,1.0,1.0,1.0,0.8,0.376
161,,0.0,-0.048,0.2,0.8,0.8,0.8,0.6,0.176
162,2,0.412,0.952,0.612,1.0,0.788,0.7,0.588,0.376
163,2,0.824,1.0,1.0,1.0,0.776,0.6,0.576,0.576
164,,0.624,0.8,0.8,0.8,0.576,0.4,0.376,0.376
165,,0.424,0.6,0.6,0.6,0.376,0.2,0.176,0.176
166,,0.224,0.4,0.4,0.4,0.176,0.0,-0.024,-0.024
167,8,0.636,0.6,0.388,0.3,0.164,0.2,0.388,0.976
168,8,1.0,0.8,0.376,0.2,0.152,0.4,0.8,1.0
169,,0.8,0.6,0.176,0.0,-0.048,0.2,0.6,0.8
170,5,0.7,0.588,0.376,0.412,0.952,0.612,0.8,0.788
171,5,0.6,0.576,0.576,0.824,1.0,1.0,1.0,0.776
172,,0.4,0.376,0.376,0.624,0.8,0.8,0.8,0.576
173,,0.2,0.176,0.176,0.424,0.6,0.6,0.6,0.376
174,,0.0,-0.024,-0.024,0.224,0.4,0.4,0.4,0.176
175,3,0.2,0.388,0.976,0.636,0.6,0.388,0.3,0.164
176,3,0.4,0.8,1.0,1.0,0.8,0.376,0.2,0.152
177,,0.2,0.6,0.8,0.8,0.6,0.176,0.0,-0.048
178,8,0.612,0.8,0.788,0.7,0.588,0.376,0.412,0.952
179,8,1.0,1.0,0.776,0.6,0.576,0.576,0.824,1.0
180,,0.8,0.8,0.576,0.4,0.376,0.376,0.624,0.8
181,,0.6,0.6,0.376,0.2,0.176,0.176,0.424,0.6
182,,0.4,0.4,0.176,0.0,-0.024,-0.024,0.224,0.4
183,6,0.388,0.3,0.164,0.2,0.388,0.976,0.636,0.6
184,6,0.376,0.2,0.152,0.4,0.8,1.0,1.0,0.8
185,,0.176,0.0,-0.048,0.2,0.6,0.8,0.8,0.6
186,3,0.376,0.412,0.952,0.612,0.8,0.788,0.7,0.588
187,3,0.576,0.824,1.0,1.0,1.0,0.776,0.6,0.576
188,,0.376,0.624,0.8,0.8,0.8,0.576,0.4,0.376
189,,0.176,0.424,0.6,0.6,0.6,0.376,0.2,0.176
190,,-0.024,0.224,0.4,0.4,0.4,0.176,0.0,-0.024
191,8,0.388,0.424,0.388,0.3,0.388,0.376,0.412,0.976
192,8,0.8,0.624,0.376,0.2,0.376,0.576,0.824,1.0
193,,0.6,0.424,0.176,0.0,0.176,0.376,0.624,0.8
194,,0.4,0.224,-0.024,-0.2,-0.024,0.176,0.424,0.6
195,4,0.388,0.424,0.388,0.8,0.388,0.376,0.412,0.5
196,4,0.376,0.624,0.8,1.0,0.8,0.576,0.4,0.4
197,,0.176,0.424,0.6,0.8,0.6,0.376,0.2,0.2
198,,-0.024,0.224,0.4,0.6,0.4,0.176,0.0,0.0
199,1,0.976,0.636,0.6,0.588,0.3,0.164,0.2,0.412
