step,active_motive,motive_1,motive_2,motive_3,motive_4,motive_5,motive_6,motive_7,motive_8
0,,0.02562,0.06115,0.00816,0.00052,0.06279,0.01943,0.00709,0.03968
1,,-0.07438,-0.03885,-0.09184,-0.09948,-0.03721,-0.08057,-0.09291,-0.06032
2,4,-0.35738,-0.03885,0.19116,0.90052,0.24579,-0.08057,-0.37591,-0.46032
3,4,-0.64038,-0.03885,0.47416,1.0,0.52879,-0.08057,-0.65891,-0.86032
4,8,-0.35738,-0.03885,0.19116,0.6,0.24579,-0.08057,-0.37591,0.13968
5,8,-0.07438,-0.03885,-0.09184,0.2,-0.03721,-0.08057,-0.09291,1.0
6,7,-0.07438,-0.32185,-0.49184,-0.083,-0.03721,0.20243,0.90709,1.0
7,7,-0.07438,-0.60485,-0.89184,-0.366,-0.03721,0.48543,1.0,1.0
8,3,-0.07438,-0.32185,0.10816,-0.083,-0.03721,0.20243,0.6,0.717
9,3,-0.07438,-0.03885,1.0,0.2,-0.03721,-0.08057,0.2,0.434
10,6,-0.35738,-0.43885,0.717,0.2,0.24579,0.91943,0.483,0.434
11,6,-0.64038,-0.83885,0.434,0.2,0.52879,1.0,0.766,0.434
12,2,-0.35738,0.16115,0.717,0.2,0.24579,0.6,0.483,0.434
13,2,-0.07438,1.0,1.0,0.2,-0.03721,0.2,0.2,0.434
14,1,0.92562,1.0,1.0,-0.083,-0.43721,-0.083,0.2,0.717
15,1,1.0,1.0,1.0,-0.366,-0.83721,-0.366,0.2,1.0
16,5,0.6,0.717,1.0,-0.083,0.16279,-0.083,0.2,0.717
17,5,0.2,0.434,1.0,0.2,1.0,0.2,0.2,0.434
18,,0.1,0.334,0.9,0.1,0.9,0.1,0.1,0.334
19,,0.0,0.234,0.8,0.0,0.8,0.0,0.0,0.234
20,,-0.1,0.134,0.7,-0.1,0.7,-0.1,-0.1,0.134
21,4,-0.383,0.134,0.983,0.9,0.983,-0.1,-0.383,-0.266
22,4,-0.666,0.134,1.0,1.0,1.0,-0.1,-0.666,-0.666
23,8,-0.383,0.134,0.717,0.6,0.717,-0.1,-0.383,0.334
24,8,-0.1,0.134,0.434,0.2,0.434,-0.1,-0.1,1.0
25,7,-0.1,-0.149,0.034,-0.083,0.434,0.183,0.9,1.0
26,7,-0.1,-0.432,-0.366,-0.366,0.434,0.466,1.0,1.0
27,2,0.183,0.568,-0.083,-0.366,0.151,0.066,0.717,1.0
28,2,0.466,1.0,0.2,-0.366,-0.132,-0.334,0.434,1.0
29,4,0.183,1.0,0.483,0.634,0.151,-0.334,0.151,0.6
30,4,-0.1,1.0,0.766,1.0,0.434,-0.334,-0.132,0.2
31,6,-0.383,0.6,0.483,1.0,0.717,0.666,0.151,0.2
32,6,-0.666,0.2,0.2,1.0,1.0,1.0,0.434,0.2
33,1,0.334,0.483,0.2,0.717,0.6,0.717,0.434,0.483
34,1,1.0,0.766,0.2,0.434,0.2,0.434,0.434,0.766
35,,0.9,0.666,0.1,0.334,0.1,0.334,0.334,0.666
36,,0.8,0.566,0.0,0.234,0.0,0.234,0.234,0.566
37,,0.7,0.466,-0.1,0.134,-0.1,0.134,0.134,0.466
38,3,0.7,0.749,0.9,0.417,-0.1,-0.149,-0.266,0.183
39,3,0.7,1.0,1.0,0.7,-0.1,-0.432,-0.666,-0.1
40,7,0.7,0.717,0.6,0.417,-0.1,-0.149,0.334,0.183
41,7,0.7,0.434,0.2,0.134,-0.1,0.134,1.0,0.466
42,5,0.3,0.151,0.2,0.417,0.9,0.417,1.0,0.183
43,5,-0.1,-0.132,0.2,0.7,1.0,0.7,1.0,-0.1
44,2,0.183,0.868,0.483,0.7,0.717,0.3,0.717,-0.1
45,2,0.466,1.0,0.766,0.7,0.434,-0.1,0.434,-0.1
46,8,0.749,1.0,0.483,0.3,0.151,-0.1,0.717,0.9
47,8,1.0,1.0,0.2,-0.1,-0.132,-0.1,1.0,1.0
48,5,0.6,0.717,0.2,0.183,0.868,0.183,1.0,0.717
49,5,0.2,0.434,0.2,0.466,1.0,0.466,1.0,0.434
50,,0.1,0.334,0.1,0.366,0.9,0.366,0.9,0.334
51,,0.0,0.234,0.0,0.266,0.8,0.266,0.8,0.234
52,,-0.1,0.134,-0.1,0.166,0.7,0.166,0.7,0.134
53,3,-0.1,0.417,0.9,0.449,0.7,-0.117,0.3,-0.149
54,3,-0.1,0.7,1.0,0.732,0.7,-0.4,-0.1,-0.432
55,8,0.183,0.7,0.717,0.332,0.417,-0.4,0.183,0.568
56,8,0.466,0.7,0.434,-0.068,0.134,-0.4,0.466,1.0
57,6,0.183,0.3,0.151,-0.068,0.417,0.6,0.749,1.0
58,6,-0.1,-0.1,-0.132,-0.068,0.7,1.0,1.0,1.0
59,3,-0.1,0.183,0.868,0.215,0.7,0.717,0.6,0.717
60,3,-0.1,0.466,1.0,0.498,0.7,0.434,0.2,0.434
61,1,0.9,0.749,1.0,0.215,0.3,0.151,0.2,0.717
62,1,1.0,1.0,1.0,-0.068,-0.1,-0.132,0.2,1.0
63,6,0.717,0.6,0.717,-0.068,0.183,0.868,0.483,1.0
64,6,0.434,0.2,0.434,-0.068,0.466,1.0,0.766,1.0
65,4,0.151,0.2,0.717,0.932,0.749,1.0,0.483,0.6
66,4,-0.132,0.2,1.0,1.0,1.0,1.0,0.2,0.2
67,1,0.868,0.483,1.0,0.717,0.6,0.717,0.2,0.483
68,1,1.0,0.766,1.0,0.434,0.2,0.434,0.2,0.766
69,,0.9,0.666,0.9,0.334,0.1,0.334,0.1,0.666
70,,0.8,0.566,0.8,0.234,0.0,0.234,0.0,0.566
71,,0.7,0.466,0.7,0.134,-0.1,0.134,-0.1,0.466
72,7,0.7,0.183,0.3,-0.149,-0.1,0.417,0.9,0.749
73,7,0.7,-0.1,-0.1,-0.432,-0.1,0.7,1.0,1.0
74,4,0.417,-0.1,0.183,0.568,0.183,0.7,0.717,0.6
75,4,0.134,-0.1,0.466,1.0,0.466,0.7,0.434,0.2
76,2,0.417,0.9,0.749,1.0,0.183,0.3,0.151,0.2
77,2,0.7,1.0,1.0,1.0,-0.1,-0.1,-0.132,0.2
78,7,0.7,0.717,0.6,0.717,-0.1,0.183,0.868,0.483
79,7,0.7,0.434,0.2,0.434,-0.1,0.466,1.0,0.766
80,5,0.3,0.151,0.2,0.717,0.9,0.749,1.0,0.483
81,5,-0.1,-0.132,0.2,1.0,1.0,1.0,1.0,0.2
82,2,0.183,0.868,0.483,1.0,0.717,0.6,0.717,0.2
83,2,0.466,1.0,0.766,1.0,0.434,0.2,0.434,0.2
84,,0.366,0.9,0.666,0.9,0.334,0.1,0.334,0.1
85,,0.266,0.8,0.566,0.8,0.234,0.0,0.234,0.0
86,,0.166,0.7,0.466,0.7,0.134,-0.1,0.134,-0.1
87,8,0.449,0.7,0.183,0.3,-0.149,-0.1,0.417,0.9
88,8,0.732,0.7,-0.1,-0.1,-0.432,-0.1,0.7,1.0
89,5,0.332,0.417,-0.1,0.183,0.568,0.183,0.7,0.717
90,5,-0.068,0.134,-0.1,0.466,1.0,0.466,0.7,0.434
91,3,-0.068,0.417,0.9,0.749,1.0,0.183,0.3,0.151
92,3,-0.068,0.7,1.0,1.0,1.0,-0.1,-0.1,-0.132
93,8,0.215,0.7,0.717,0.6,0.717,-0.1,0.183,0.868
94,8,0.498,0.7,0.434,0.2,0.434,-0.1,0.466,1.0
95,6,0.215,0.3,0.151,0.2,0.717,0.9,0.749,1.0
96,6,-0.068,-0.1,-0.132,0.2,1.0,1.0,1.0,1.0
97,3,-0.068,0.183,0.868,0.483,1.0,0.717,0.6,0.717
98,3,-0.068,0.466,1.0,0.766,1.0,0.434,0.2,0.434
99,1,0.932,0.749,1.0,0.483,0.6,0.151,0.2,0.717
100,1,1.0,1.0,1.0,0.2,0.2,-0.132,0.2,1.0
101,6,0.717,0.6,0.717,0.2,0.483,0.868,0.483,1.0
102,6,0.434,0.2,0.434,0.2,0.766,1.0,0.766,1.0
103,,0.334,0.1,0.334,0.1,0.666,0.9,0.666,0.9
104,,0.234,0.0,0.234,0.0,0.566,0.8,0.566,0.8
105,,0.134,-0.1,0.134,-0.1,0.466,0.7,0.466,0.7
106,2,0.417,0.9,0.417,-0.1,0.183,0.3,0.183,0.7
107,2,0.7,1.0,0.7,-0.1,-0.1,-0.1,-0.1,0.7
108,6,0.417,0.6,0.417,-0.1,0.183,0.9,0.183,0.7
109,6,0.134,0.2,0.134,-0.1,0.466,1.0,0.466,0.7
110,4,-0.149,0.2,0.417,0.9,0.749,1.0,0.183,0.3
111,4,-0.432,0.2,0.7,1.0,1.0,1.0,-0.1,-0.1
112,1,0.568,0.483,0.7,0.717,0.6,0.717,-0.1,0.183
113,1,1.0,0.766,0.7,0.434,0.2,0.434,-0.1,0.466
114,7,1.0,0.483,0.3,0.151,0.2,0.717,0.9,0.749
115,7,1.0,0.2,-0.1,-0.132,0.2,1.0,1.0,1.0
116,4,0.717,0.2,0.183,0.868,0.483,1.0,0.717,0.6
117,4,0.434,0.2,0.466,1.0,0.766,1.0,0.434,0.2
118,,0.334,0.1,0.366,0.9,0.666,0.9,0.334,0.1
119,,0.234,0.0,0.266,0.8,0.566,0.8,0.234,0.0
120,,0.134,-0.1,0.166,0.7,0.466,0.7,0.134,-0.1
121,8,0.417,-0.1,-0.117,0.3,0.183,0.7,0.417,0.9
122,8,0.7,-0.1,-0.4,-0.1,-0.1,0.7,0.7,1.0
123,3,0.7,0.183,0.6,0.183,-0.1,0.417,0.3,0.717
124,3,0.7,0.466,1.0,0.466,-0.1,0.134,-0.1,0.434
125,5,0.3,0.183,1.0,0.749,0.9,0.417,-0.1,0.151
126,5,-0.1,-0.1,1.0,1.0,1.0,0.7,-0.1,-0.132
127,8,0.183,-0.1,0.717,0.6,0.717,0.7,0.183,0.868
128,8,0.466,-0.1,0.434,0.2,0.434,0.7,0.466,1.0
129,2,0.749,0.9,0.717,0.2,0.151,0.3,0.183,1.0
130,2,1.0,1.0,1.0,0.2,-0.132,-0.1,-0.1,1.0
131,5,0.6,0.717,1.0,0.483,0.868,0.183,-0.1,0.717
132,5,0.2,0.434,1.0,0.766,1.0,0.466,-0.1,0.434
133,7,0.2,0.151,0.6,0.483,1.0,0.749,0.9,0.717
134,7,0.2,-0.132,0.2,0.2,1.0,1.0,1.0,1.0
135,2,0.483,0.868,0.483,0.2,0.717,0.6,0.717,1.0
136,2,0.766,1.0,0.766,0.2,0.434,0.2,0.434,1.0
137,,0.666,0.9,0.666,0.1,0.334,0.1,0.334,0.9
138,,0.566,0.8,0.566,0.0,0.234,0.0,0.234,0.8
139,,0.466,0.7,0.466,-0.1,0.134,-0.1,0.134,0.7
140,4,0.183,0.7,0.749,0.9,0.417,-0.1,-0.149,0.3
141,4,-0.1,0.7,1.0,1.0,0.7,-0.1,-0.432,-0.1
142,7,-0.1,0.417,0.6,0.717,0.7,0.183,0.568,0.183
143,7,-0.1,0.134,0.2,0.434,0.7,0.466,1.0,0.466
144,1,0.9,0.417,0.2,0.151,0.3,0.183,1.0,0.749
145,1,1.0,0.7,0.2,-0.132,-0.1,-0.1,1.0,1.0
146,4,0.717,0.7,0.483,0.868,0.183,-0.1,0.717,0.6
147,4,0.434,0.7,0.766,1.0,0.466,-0.1,0.434,0.2
148,6,0.151,0.3,0.483,1.0,0.749,0.9,0.717,0.2
149,6,-0.132,-0.1,0.2,1.0,1.0,1.0,1.0,0.2
150,1,0.868,0.183,0.2,0.717,0.6,0.717,1.0,0.483
151,1,1.0,0.466,0.2,0.434,0.2,0.434,1.0,0.766
152,,0.9,0.366,0.1,0.334,0.1,0.334,0.9,0.666
153,,0.8,0.266,0.0,0.234,0.0,0.234,0.8,0.566
154,,0.7,0.166,-0.1,0.134,-0.1,0.134,0.7,0.466
155,5,0.3,-0.117,-0.1,0.417,0.9,0.417,0.7,0.183
156,5,-0.1,-0.4,-0.1,0.7,1.0,0.7,0.7,-0.1
157,2,0.183,0.6,0.183,0.7,0.717,0.3,0.417,-0.1
158,2,0.466,1.0,0.466,0.7,0.434,-0.1,0.134,-0.1
159,6,0.183,0.6,0.183,0.7,0.717,0.9,0.417,-0.1
160,6,-0.1,0.2,-0.1,0.7,1.0,1.0,0.7,-0.1
161,3,-0.1,0.483,0.9,0.983,1.0,0.717,0.3,-0.383
162,3,-0.1,0.766,1.0,1.0,1.0,0.434,-0.1,-0.666
163,8,0.183,0.766,0.717,0.6,0.717,0.434,0.183,0.334
164,8,0.466,0.766,0.434,0.2,0.434,0.434,0.466,1.0
165,,0.366,0.666,0.334,0.1,0.334,0.334,0.366,0.9
166,,0.266,0.566,0.234,0.0,0.234,0.234,0.266,0.8
167,,0.166,0.466,0.134,-0.1,0.134,0.134,0.166,0.7
168,4,-0.117,0.466,0.417,0.9,0.417,0.134,-0.117,0.3
169,4,-0.4,0.466,0.7,1.0,0.7,0.134,-0.4,-0.1
170,1,0.6,0.749,0.7,0.717,0.3,-0.149,-0.4,0.183
171,1,1.0,1.0,0.7,0.434,-0.1,-0.432,-0.4,0.466
172,6,0.717,0.6,0.417,0.434,0.183,0.568,-0.117,0.466
173,6,0.434,0.2,0.134,0.434,0.466,1.0,0.166,0.466
174,,0.334,0.1,0.034,0.334,0.366,0.9,0.066,0.366
175,,0.234,0.0,-0.066,0.234,0.266,0.8,-0.034,0.266
176,3,0.234,0.283,0.934,0.517,0.266,0.517,-0.434,-0.017
177,3,0.234,0.566,1.0,0.8,0.266,0.234,-0.834,-0.3
178,7,0.234,0.283,0.6,0.517,0.266,0.517,0.166,-0.017
179,7,0.234,-0.0,0.2,0.234,0.266,0.8,1.0,0.266
180,,0.134,-0.1,0.1,0.134,0.166,0.7,0.9,0.166
181,2,0.417,0.9,0.383,0.134,-0.117,0.3,0.617,0.166
182,2,0.7,1.0,0.666,0.134,-0.4,-0.1,0.334,0.166
183,5,0.3,0.717,0.666,0.417,0.6,0.183,0.334,-0.117
184,5,-0.1,0.434,0.666,0.7,1.0,0.466,0.334,-0.4
185,8,0.183,0.434,0.383,0.3,0.717,0.466,0.617,0.6
186,8,0.466,0.434,0.1,-0.1,0.434,0.466,0.9,1.0
187,4,0.183,0.434,0.383,0.9,0.717,0.466,0.617,0.6
188,4,-0.1,0.434,0.666,1.0,1.0,0.466,0.334,0.2
189,1,0.9,0.717,0.666,0.717,0.6,0.183,0.334,0.483
190,1,1.0,1.0,0.666,0.434,0.2,-0.1,0.334,0.766
191,6,0.717,0.6,0.383,0.434,0.483,0.9,0.617,0.766
192,6,0.434,0.2,0.1,0.434,0.766,1.0,0.9,0.766
193,,0.334,0.1,0.0,0.334,0.666,0.9,0.8,0.666
194,,0.234,0.0,-0.1,0.234,0.566,0.8,0.7,0.566
195,3,0.234,0.283,0.9,0.517,0.566,0.517,0.3,0.283
196,3,0.234,0.566,1.0,0.8,0.566,0.234,-0.1,-0.0
197,7,0.234,0.283,0.6,0.517,0.566,0.517,0.9,0.283
198,7,0.234,-0.0,0.2,0.234,0.566,0.8,1.0,0.566
199,,0.134,-0.1,0.1,0.134,0.466,0.7,0.9,0.466
