step,active_motive,motive_1,motive_2,motive_3,motive_4,motive_5,motive_6,motive_7,motive_8
0,,0.0642,0.00841,0.01616,0.08986,0.06064,0.00092,0.01015,0.06635
1,,0.0542,-0.00159,0.00616,0.07986,0.05064,-0.00908,0.00015,0.05635
2,6,0.3032,0.18841,0.25516,0.46986,0.58164,0.99092,0.53115,0.44635
3,6,0.5522,0.37841,0.50416,0.85986,1.0,1.0,1.0,0.83635
4,,0.5422,0.36841,0.49416,0.84986,0.99,0.99,0.99,0.82635
5,,0.5322,0.35841,0.48416,0.83986,0.98,0.98,0.98,0.81635
6,,0.5222,0.34841,0.47416,0.82986,0.97,0.97,0.97,0.80635
7,,0.5122,0.33841,0.46416,0.81986,0.96,0.96,0.96,0.79635
8,,0.5022,0.32841,0.45416,0.80986,0.95,0.95,0.95,0.78635
9,,0.4922,0.31841,0.44416,0.79986,0.94,0.94,0.94,0.77635
10,,0.4822,0.30841,0.43416,0.78986,0.93,0.93,0.93,0.76635
11,,0.4722,0.29841,0.42416,0.77986,0.92,0.92,0.92,0.75635
12,,0.4622,0.28841,0.41416,0.76986,0.91,0.91,0.91,0.74635
13,,0.4522,0.27841,0.40416,0.75986,0.9,0.9,0.9,0.73635
14,,0.4422,0.26841,0.39416,0.74986,0.89,0.89,0.89,0.72635
15,,0.4322,0.25841,0.38416,0.73986,0.88,0.88,0.88,0.71635
16,,0.4222,0.24841,0.37416,0.72986,0.87,0.87,0.87,0.70635
17,,0.4122,0.23841,0.36416,0.71986,0.86,0.86,0.86,0.69635
18,,0.4022,0.22841,0.35416,0.70986,0.85,0.85,0.85,0.68635
19,,0.3922,0.21841,0.34416,0.69986,0.84,0.84,0.84,0.67635
20,,0.3822,0.20841,0.33416,0.68986,0.83,0.83,0.83,0.66635
21,,0.3722,0.19841,0.32416,0.67986,0.82,0.82,0.82,0.65635
22,,0.3622,0.18841,0.31416,0.66986,0.81,0.81,0.81,0.64635
23,,0.3522,0.17841,0.30416,0.65986,0.8,0.8,0.8,0.63635
24,,0.3422,0.16841,0.29416,0.64986,0.79,0.79,0.79,0.62635
25,,0.3322,0.15841,0.28416,0.63986,0.78,0.78,0.78,0.61635
26,,0.3222,0.14841,0.27416,0.62986,0.77,0.77,0.77,0.60635
27,,0.3122,0.13841,0.26416,0.61986,0.76,0.76,0.76,0.59635
28,,0.3022,0.12841,0.25416,0.60986,0.75,0.75,0.75,0.58635
29,,0.2922,0.11841,0.24416,0.59986,0.74,0.74,0.74,0.57635
30,,0.2822,0.10841,0.23416,0.58986,0.73,0.73,0.73,0.56635
31,,0.2722,0.09841,0.22416,0.57986,0.72,0.72,0.72,0.55635
32,,0.2622,0.08841,0.21416,0.56986,0.71,0.71,0.71,0.54635
33,,0.2522,0.07841,0.20416,0.55986,0.7,0.7,0.7,0.53635
34,,0.2422,0.06841,0.19416,0.54986,0.69,0.69,0.69,0.52635
35,,0.2322,0.05841,0.18416,0.53986,0.68,0.68,0.68,0.51635
36,,0.2222,0.04841,0.17416,0.52986,0.67,0.67,0.67,0.50635
37,,0.2122,0.03841,0.16416,0.51986,0.66,0.66,0.66,0.49635
38,,0.2022,0.02841,0.15416,0.50986,0.65,0.65,0.65,0.48635
39,,0.1922,0.01841,0.14416,0.49986,0.64,0.64,0.64,0.47635
40,,0.1822,0.00841,0.13416,0.48986,0.63,0.63,0.63,0.46635
41,,0.1722,-0.00159,0.12416,0.47986,0.62,0.62,0.62,0.45635
42,2,0.7032,0.99841,0.65516,0.86986,0.869,0.81,0.869,0.84635
43,2,1.0,1.0,1.0,1.0,1.0,1.0,1.0,1.0
44,,0.99,0.99,0.99,0.99,0.99,0.99,0.99,0.99
45,,0.98,0.98,0.98,0.98,0.98,0.98,0.98,0.98
46,,0.97,0.97,0.97,0.97,0.97,0.97,0.97,0.97
47,,0.96,0.96,0.96,0.96,0.96,0.96,0.96,0.96
48,,0.95,0.95,0.95,0.95,0.95,0.95,0.95,0.95
49,,0.94,0.94,0.94,0.94,0.94,0.94,0.94,0.94
50,,0.93,0.93,0.93,0.93,0.93,0.93,0.93,0.93
51,,0.92,0.92,0.92,0.92,0.92,0.92,0.92,0.92
52,,0.91,0.91,0.91,0.91,0.91,0.91,0.91,0.91
53,,0.9,0.9,0.9,0.9,0.9,0.9,0.9,0.9
54,,0.89,0.89,0.89,0.89,0.89,0.89,0.89,0.89
55,,0.88,0.88,0.88,0.88,0.88,0.88,0.88,0.88
56,,0.87,0.87,0.87,0.87,0.87,0.87,0.87,0.87
57,,0.86,0.86,0.86,0.86,0.86,0.86,0.86,0.86
58,,0.85,0.85,0.85,0.85,0.85,0.85,0.85,0.85
59,,0.84,0.84,0.84,0.84,0.84,0.84,0.84,0.84
60,,0.83,0.83,0.83,0.83,0.83,0.83,0.83,0.83
61,,0.82,0.82,0.82,0.82,0.82,0.82,0.82,0.82
62,,0.81,0.81,0.81,0.81,0.81,0.81,0.81,0.81
63,,0.8,0.8,0.8,0.8,0.8,0.8,0.8,0.8
64,,0.79,0.79,0.79,0.79,0.79,0.79,0.79,0.79
65,,0.78,0.78,0.78,0.78,0.78,0.78,0.78,0.78
66,,0.77,0.77,0.77,0.77,0.77,0.77,0.77,0.77
67,,0.76,0.76,0.76,0.76,0.76,0.76,0.76,0.76
68,,0.75,0.75,0.75,0.75,0.75,0.75,0.75,0.75
69,,0.74,0.74,0.74,0.74,0.74,0.74,0.74,0.74
70,,0.73,0.73,0.73,0.73,0.73,0.73,0.73,0.73
71,,0.72,0.72,0.72,0.72,0.72,0.72,0.72,0.72
72,,0.71,0.71,0.71,0.71,0.71,0.71,0.71,0.71
73,,0.7,0.7,0.7,0.7,0.7,0.7,0.7,0.7
74,,0.69,0.69,0.69,0.69,0.69,0.69,0.69,0.69
75,,0.68,0.68,0.68,0.68,0.68,0.68,0.68,0.68
76,,0.67,0.67,0.67,0.67,0.67,0.67,0.67,0.67
77,,0.66,0.66,0.66,0.66,0.66,0.66,0.66,0.66
78,,0.65,0.65,0.65,0.65,0.65,0.65,0.65,0.65
79,,0.64,0.64,0.64,0.64,0.64,0.64,0.64,0.64
80,,0.63,0.63,0.63,0.63,0.63,0.63,0.63,0.63
81,,0.62,0.62,0.62,0.62,0.62,0.62,0.62,0.62
82,,0.61,0.61,0.61,0.61,0.61,0.61,0.61,0.61
83,,0.6,0.6,0.6,0.6,0.6,0.6,0.6,0.6
84,,0.59,0.59,0.59,0.59,0.59,0.59,0.59,0.59
85,,0.58,0.58,0.58,0.58,0.58,0.58,0.58,0.58
86,,0.57,0.57,0.57,0.57,0.57,0.57,0.57,0.57
87,,0.56,0.56,0.56,0.56,0.56,0.56,0.56,0.56
88,,0.55,0.55,0.55,0.55,0.55,0.55,0.55,0.55
89,,0.54,0.54,0.54,0.54,0.54,0.54,0.54,0.54
90,,0.53,0.53,0.53,0.53,0.53,0.53,0.53,0.53
91,,0.52,0.52,0.52,0.52,0.52,0.52,0.52,0.52
92,,0.51,0.51,0.51,0.51,0.51,0.51,0.51,0.51
93,,0.5,0.5,0.5,0.5,0.5,0.5,0.5,0.5
94,,0.49,0.49,0.49,0.49,0.49,0.49,0.49,0.49
95,,0.48,0.48,0.48,0.48,0.48,0.48,0.48,0.48
96,,0.47,0.47,0.47,0.47,0.47,0.47,0.47,0.47
97,,0.46,0.46,0.46,0.46,0.46,0.46,0.46,0.46
98,,0.45,0.45,0.45,0.45,0.45,0.45,0.45,0.45
99,,0.44,0.44,0.44,0.44,0.44,0.44,0.44,0.44
100,,0.43,0.43,0.43,0.43,0.43,0.43,0.43,0.43
101,,0.42,0.42,0.42,0.42,0.42,0.42,0.42,0.42
102,,0.41,0.41,0.41,0.41,0.41,0.41,0.41,0.41
103,,0.4,0.4,0.4,0.4,0.4,0.4,0.4,0.4
104,,0.39,0.39,0.39,0.39,0.39,0.39,0.39,0.39
105,,0.38,0.38,0.38,0.38,0.38,0.38,0.38,0.38
106,,0.37,0.37,0.37,0.37,0.37,0.37,0.37,0.37
107,,0.36,0.36,0.36,0.36,0.36,0.36,0.36,0.36
108,,0.35,0.35,0.35,0.35,0.35,0.35,0.35,0.35
109,,0.34,0.34,0.34,0.34,0.34,0.34,0.34,0.34
110,,0.33,0.33,0.33,0.33,0.33,0.33,0.33,0.33
111,,0.32,0.32,0.32,0.32,0.32,0.32,0.32,0.32
112,,0.31,0.31,0.31,0.31,0.31,0.31,0.31,0.31
113,,0.3,0.3,0.3,0.3,0.3,0.3,0.3,0.3
114,,0.29,0.29,0.29,0.29,0.29,0.29,0.29,0.29
115,,0.28,0.28,0.28,0.28,0.28,0.28,0.28,0.28
116,,0.27,0.27,0.27,0.27,0.27,0.27,0.27,0.27
117,,0.26,0.26,0.26,0.26,0.26,0.26,0.26,0.26
118,,0.25,0.25,0.25,0.25,0.25,0.25,0.25,0.25
119,,0.24,0.24,0.24,0.24,0.24,0.24,0.24,0.24
120,,0.23,0.23,0.23,0.23,0.23,0.23,0.23,0.23
121,,0.22,0.22,0.22,0.22,0.22,0.22,0.22,0.22
122,,0.21,0.21,0.21,0.21,0.21,0.21,0.21,0.21
123,,0.2,0.2,0.2,0.2,0.2,0.2,0.2,0.2
124,,0.19,0.19,0.19,0.19,0.19,0.19,0.19,0.19
125,,0.18,0.18,0.18,0.18,0.18,0.18,0.18,0.18
126,,0.17,0.17,0.17,0.17,0.17,0.17,0.17,0.17
127,,0.16,0.16,0.16,0.16,0.16,0.16,0.16,0.16
128,,0.15,0.15,0.15,0.15,0.15,0.15,0.15,0.15
129,,0.14,0.14,0.14,0.14,0.14,0.14,0.14,0.14
130,,0.13,0.13,0.13,0.13,0.13,0.13,0.13,0.13
131,,0.12,0.12,0.12,0.12,0.12,0.12,0.12,0.12
132,,0.11,0.11,0.11,0.11,0.11,0.11,0.11,0.11
133,,0.1,0.1,0.1,0.1,0.1,0.1,0.1,0.1
134,,0.09,0.09,0.09,0.09,0.09,0.09,0.09,0.09
135,,0.08,0.08,0.08,0.08,0.08,0.08,0.08,0.08
136,,0.07,0.07,0.07,0.07,0.07,0.07,0.07,0.07
137,,0.06,0.06,0.06,0.06,0.06,0.06,0.06,0.06
138,,0.05,0.05,0.05,0.05,0.05,0.05,0.05,0.05
139,,0.04,0.04,0.04,0.04,0.04,0.04,0.04,0.04
140,,0.03,0.03,0.03,0.03,0.03,0.03,0.03,0.03
141,,0.02,0.02,0.02,0.02,0.02,0.02,0.02,0.02
142,,0.01,0.01,0.01,0.01,0.01,0.01,0.01,0.01
143,,0.0,0.0,0.0,0.0,0.0,0.0,0.0,0.0
144,,-0.01,-0.01,-0.01,-0.01,-0.01,-0.01,-0.01,-0.01
145,5,0.18,0.239,0.38,0.521,0.99,0.521,0.38,0.239
146,5,0.37,0.488,0.77,1.0,1.0,1.0,0.77,0.488
147,,0.36,0.478,0.76,0.99,0.99,0.99,0.76,0.478
148,,0.35,0.468,0.75,0.98,0.98,0.98,0.75,0.468
149,,0.34,0.458,0.74,0.97,0.97,0.97,0.74,0.458
150,,0.33,0.448,0.73,0.96,0.96,0.96,0.73,0.448
151,,0.32,0.438,0.72,0.95,0.95,0.95,0.72,0.438
152,,0.31,0.428,0.71,0.94,0.94,0.94,0.71,0.428
153,,0.3,0.418,0.7,0.93,0.93,0.93,0.7,0.418
154,,0.29,0.408,0.69,0.92,0.92,0.92,0.69,0.408
155,,0.28,0.398,0.68,0.91,0.91,0.91,0.68,0.398
156,,0.27,0.388,0.67,0.9,0.9,0.9,0.67,0.388
157,,0.26,0.378,0.66,0.89,0.89,0.89,0.66,0.378
158,,0.25,0.368,0.65,0.88,0.88,0.88,0.65,0.368
159,,0.24,0.358,0.64,0.87,0.87,0.87,0.64,0.358
160,,0.23,0.348,0.63,0.86,0.86,0.86,0.63,0.348
161,,0.22,0.338,0.62,0.85,0.85,0.85,0.62,0.338
162,,0.21,0.328,0.61,0.84,0.84,0.84,0.61,0.328
163,,0.2,0.318,0.6,0.83,0.83,0.83,0.6,0.318
164,,0.19,0.308,0.59,0.82,0.82,0.82,0.59,0.308
165,,0.18,0.298,0.58,0.81,0.81,0.81,0.58,0.298
166,,0.17,0.288,0.57,0.8,0.8,0.8,0.57,0.288
167,,0.16,0.278,0.56,0.79,0.79,0.79,0.56,0.278
168,,0.15,0.268,0.55,0.78,0.78,0.78,0.55,0.268
169,,0.14,0.258,0.54,0.77,0.77,0.77,0.54,0.258
170,,0.13,0.248,0.53,0.76,0.76,0.76,0.53,0.248
171,,0.12,0.238,0.52,0.75,0.75,0.75,0.52,0.238
172,,0.11,0.228,0.51,0.74,0.74,0.74,0.51,0.228
173,,0.1,0.218,0.5,0.73,0.73,0.73,0.5,0.218
174,,0.09,0.208,0.49,0.72,0.72,0.72,0.49,0.208
175,,0.08,0.198,0.48,0.71,0.71,0.71,0.48,0.198
176,,0.07,0.188,0.47,0.7,0.7,0.7,0.47,0.188
177,,0.06,0.178,0.46,0.69,0.69,0.69,0.46,0.178
178,,0.05,0.168,0.45,0.68,0.68,0.68,0.45,0.168
179,,0.04,0.158,0.44,0.67,0.67,0.67,0.44,0.158
180,,0.03,0.148,0.43,0.66,0.66,0.66,0.43,0.148
181,,0.02,0.138,0.42,0.65,0.65,0.65,0.42,0.138
182,,0.01,0.128,0.41,0.64,0.64,0.64,0.41,0.128
183,,0.0,0.118,0.4,0.63,0.63,0.63,0.4,0.118
184,,-0.01,0.108,0.39,0.62,0.62,0.62,0.39,0.108
185,1,0.99,0.639,0.78,0.869,0.81,0.869,0.78,0.639
186,1,1.0,1.0,1.0,1.0,1.0,1.0,1.0,1.0
187,,0.99,0.99,0.99,0.99,0.99,0.99,0.99,0.99
188,,0.98,0.98,0.98,0.98,0.98,0.98,0.98,0.98
189,,0.97,0.97,0.97,0.97,0.97,0.97,0.97,0.97
190,,0.96,0.96,0.96,0.96,0.96,0.96,0.96,0.96
191,,0.95,0.95,0.95,0.95,0.95,0.95,0.95,0.95
192,,0.94,0.94,0.94,0.94,0.94,0.94,0.94,0.94
193,,0.93,0.93,0.93,0.93,0.93,0.93,0.93,0.93
194,,0.92,0.92,0.92,0.92,0.92,0.92,0.92,0.92
195,,0.91,0.91,0.91,0.91,0.91,0.91,0.91,0.91
196,,0.9,0.9,0.9,0.9,0.9,0.9,0.9,0.9
197,,0.89,0.89,0.89,0.89,0.89,0.89,0.89,0.89
198,,0.88,0.88,0.88,0.88,0.88,0.88,0.88,0.88
199,,0.87,0.87,0.87,0.87,0.87,0.87,0.87,0.87
200,,0.86,0.86,0.86,0.86,0.86,0.86,0.86,0.86
201,,0.85,0.85,0.85,0.85,0.85,0.85,0.85,0.85
202,,0.84,0.84,0.84,0.84,0.84,0.84,0.84,0.84
203,,0.83,0.83,0.83,0.83,0.83,0.83,0.83,0.83
204,,0.82,0.82,0.82,0.82,0.82,0.82,0.82,0.82
205,,0.81,0.81,0.81,0.81,0.81,0.81,0.81,0.81
206,,0.8,0.8,0.8,0.8,0.8,0.8,0.8,0.8
207,,0.79,0.79,0.79,0.79,0.79,0.79,0.79,0.79
208,,0.78,0.78,0.78,0.78,0.78,0.78,0.78,0.78
209,,0.77,0.77,0.77,0.77,0.77,0.77,0.77,0.77
210,,0.76,0.76,0.76,0.76,0.76,0.76,0.76,0.76
211,,0.75,0.75,0.75,0.75,0.75,0.75,0.75,0.75
212,,0.74,0.74,0.74,0.74,0.74,0.74,0.74,0.74
213,,0.73,0.73,0.73,0.73,0.73,0.73,0.73,0.73
214,,0.72,0.72,0.72,0.72,0.72,0.72,0.72,0.72
215,,0.71,0.71,0.71,0.71,0.71,0.71,0.71,0.71
216,,0.7,0.7,0.7,0.7,0.7,0.7,0.7,0.7
217,,0.69,0.69,0.69,0.69,0.69,0.69,0.69,0.69
218,,0.68,0.68,0.68,0.68,0.68,0.68,0.68,0.68
219,,0.67,0.67,0.67,0.67,0.67,0.67,0.67,0.67
220,,0.66,0.66,0.66,0.66,0.66,0.66,0.66,0.66
221,,0.65,0.65,0.65,0.65,0.65,0.65,0.65,0.65
222,,0.64,0.64,0.64,0.64,0.64,0.64,0.64,0.64
223,,0.63,0.63,0.63,0.63,0.63,0.63,0.63,0.63
224,,0.62,0.62,0.62,0.62,0.62,0.62,0.62,0.62
225,,0.61,0.61,0.61,0.61,0.61,0.61,0.61,0.61
226,,0.6,0.6,0.6,0.6,0.6,0.6,0.6,0.6
227,,0.59,0.59,0.59,0.59,0.59,0.59,0.59,0.59
228,,0.58,0.58,0.58,0.58,0.58,0.58,0.58,0.58
229,,0.57,0.57,0.57,0.57,0.57,0.57,0.57,0.57
230,,0.56,0.56,0.56,0.56,0.56,0.56,0.56,0.56
231,,0.55,0.55,0.55,0.55,0.55,0.55,0.55,0.55
232,,0.54,0.54,0.54,0.54,0.54,0.54,0.54,0.54
233,,0.53,0.53,0.53,0.53,0.53,0.53,0.53,0.53
234,,0.52,0.52,0.52,0.52,0.52,0.52,0.52,0.52
235,,0.51,0.51,0.51,0.51,0.51,0.51,0.51,0.51
236,,0.5,0.5,0.5,0.5,0.5,0.5,0.5,0.5
237,,0.49,0.49,0.49,0.49,0.49,0.49,0.49,0.49
238,,0.48,0.48,0.48,0.48,0.48,0.48,0.48,0.48
239,,0.47,0.47,0.47,0.47,0.47,0.47,0.47,0.47
240,,0.46,0.46,0.46,0.46,0.46,0.46,0.46,0.46
241,,0.45,0.45,0.45,0.45,0.45,0.45,0.45,0.45
242,,0.44,0.44,0.44,0.44,0.44,0.44,0.44,0.44
243,,0.43,0.43,0.43,0.43,0.43,0.43,0.43,0.43
244,,0.42,0.42,0.42,0.42,0.42,0.42,0.42,0.42
245,,0.41,0.41,0.41,0.41,0.41,0.41,0.41,0.41
246,,0.4,0.4,0.4,0.4,0.4,0.4,0.4,0.4
247,,0.39,0.39,0.39,0.39,0.39,0.39,0.39,0.39
248,,0.38,0.38,0.38,0.38,0.38,0.38,0.38,0.38
249,,0.37,0.37,0.37,0.37,0.37,0.37,0.37,0.37
250,,0.36,0.36,0.36,0.36,0.36,0.36,0.36,0.36
251,,0.35,0.35,0.35,0.35,0.35,0.35,0.35,0.35
252,,0.34,0.34,0.34,0.34,0.34,0.34,0.34,0.34
253,,0.33,0.33,0.33,0.33,0.33,0.33,0.33,0.33
254,,0.32,0.32,0.32,0.32,0.32,0.32,0.32,0.32
255,,0.31,0.31,0.31,0.31,0.31,0.31,0.31,0.31
256,,0.3,0.3,0.3,0.3,0.3,0.3,0.3,0.3
257,,0.29,0.29,0.29,0.29,0.29,0.29,0.29,0.29
258,,0.28,0.28,0.28,0.28,0.28,0.28,0.28,0.28
259,,0.27,0.27,0.27,0.27,0.27,0.27,0.27,0.27
260,,0.26,0.26,0.26,0.26,0.26,0.26,0.26,0.26
261,,0.25,0.25,0.25,0.25,0.25,0.25,0.25,0.25
262,,0.24,0.24,0.24,0.24,0.24,0.24,0.24,0.24
263,,0.23,0.23,0.23,0.23,0.23,0.23,0.23,0.23
264,,0.22,0.22,0.22,0.22,0.22,0.22,0.22,0.22
265,,0.21,0.21,0.21,0.21,0.21,0.21,0.21,0.21
266,,0.2,0.2,0.2,0.2,0.2,0.2,0.2,0.2
267,,0.19,0.19,0.19,0.19,0.19,0.19,0.19,0.19
268,,0.18,0.18,0.18,0.18,0.18,0.18,0.18,0.18
269,,0.17,0.17,0.17,0.17,0.17,0.17,0.17,0.17
270,,0.16,0.16,0.16,0.16,0.16,0.16,0.16,0.16
271,,0.15,0.15,0.15,0.15,0.15,0.15,0.15,0.15
272,,0.14,0.14,0.14,0.14,0.14,0.14,0.14,0.14
273,,0.13,0.13,0.13,0.13,0.13,0.13,0.13,0.13
274,,0.12,0.12,0.12,0.12,0.12,0.12,0.12,0.12
275,,0.11,0.11,0.11,0.11,0.11,0.11,0.11,0.11
276,,0.1,0.1,0.1,0.1,0.1,0.1,0.1,0.1
277,,0.09,0.09,0.09,0.09,0.09,0.09,0.09,0.09
278,,0.08,0.08,0.08,0.08,0.08,0.08,0.08,0.08
279,,0.07,0.07,0.07,0.07,0.07,0.07,0.07,0.07
280,,0.06,0.06,0.06,0.06,0.06,0.06,0.06,0.06
281,,0.05,0.05,0.05,0.05,0.05,0.05,0.05,0.05
282,,0.04,0.04,0.04,0.04,0.04,0.04,0.04,0.04
283,,0.03,0.03,0.03,0.03,0.03,0.03,0.03,0.03
284,,0.02,0.02,0.02,0.02,0.02,0.02,0.02,0.02
285,,0.01,0.01,0.01,0.01,0.01,0.01,0.01,0.01
286,,0.0,0.0,0.0,0.0,0.0,0.0,0.0,0.0
287,,-0.01,-0.01,-0.01,-0.01,-0.01,-0.01,-0.01,-0.01
288,2,0.521,0.99,0.521,0.38,0.239,0.18,0.239,0.38
289,2,1.0,1.0,1.0,0.77,0.488,0.37,0.488,0.77
290,,0.99,0.99,0.99,0.76,0.478,0.36,0.478,0.76
291,,0.98,0.98,0.98,0.75,0.468,0.35,0.468,0.75
292,,0.97,0.97,0.97,0.74,0.458,0.34,0.458,0.74
293,,0.96,0.96,0.96,0.73,0.448,0.33,0.448,0.73
294,,0.95,0.95,0.95,0.72,0.438,0.32,0.438,0.72
295,,0.94,0.94,0.94,0.71,0.428,0.31,0.428,0.71
296,,0.93,0.93,0.93,0.7,0.418,0.3,0.418,0.7
297,,0.92,0.92,0.92,0.69,0.408,0.29,0.408,0.69
298,,0.91,0.91,0.91,0.68,0.398,0.28,0.398,0.68
299,,0.9,0.9,0.9,0.67,0.388,0.27,0.388,0.67
300,,0.89,0.89,0.89,0.66,0.378,0.26,0.378,0.66
301,,0.88,0.88,0.88,0.65,0.368,0.25,0.368,0.65
302,,0.87,0.87,0.87,0.64,0.358,0.24,0.358,0.64
303,,0.86,0.86,0.86,0.63,0.348,0.23,0.348,0.63
304,,0.85,0.85,0.85,0.62,0.338,0.22,0.338,0.62
305,,0.84,0.84,0.84,0.61,0.328,0.21,0.328,0.61
306,,0.83,0.83,0.83,0.6,0.318,0.2,0.318,0.6
307,,0.82,0.82,0.82,0.59,0.308,0.19,0.308,0.59
308,,0.81,0.81,0.81,0.58,0.298,0.18,0.298,0.58
309,,0.8,0.8,0.8,0.57,0.288,0.17,0.288,0.57
310,,0.79,0.79,0.79,0.56,0.278,0.16,0.278,0.56
311,,0.78,0.78,0.78,0.55,0.268,0.15,0.268,0.55
312,,0.77,0.77,0.77,0.54,0.258,0.14,0.258,0.54
313,,0.76,0.76,0.76,0.53,0.248,0.13,0.248,0.53
314,,0.75,0.75,0.75,0.52,0.238,0.12,0.238,0.52
315,,0.74,0.74,0.74,0.51,0.228,0.11,0.228,0.51
316,,0.73,0.73,0.73,0.5,0.218,0.1,0.218,0.5
317,,0.72,0.72,0.72,0.49,0.208,0.09,0.208,0.49
318,,0.71,0.71,0.71,0.48,0.198,0.08,0.198,0.48
319,,0.7,0.7,0.7,0.47,0.188,0.07,0.188,0.47
320,,0.69,0.69,0.69,0.46,0.178,0.06,0.178,0.46
321,,0.68,0.68,0.68,0.45,0.168,0.05,0.168,0.45
322,,0.67,0.67,0.67,0.44,0.158,0.04,0.158,0.44
323,,0.66,0.66,0.66,0.43,0.148,0.03,0.148,0.43
324,,0.65,0.65,0.65,0.42,0.138,0.02,0.138,0.42
325,,0.64,0.64,0.64,0.41,0.128,0.01,0.128,0.41
326,,0.63,0.63,0.63,0.4,0.118,0.0,0.118,0.4
327,,0.62,0.62,0.62,0.39,0.108,-0.01,0.108,0.39
328,6,0.869,0.81,0.869,0.78,0.639,0.99,0.639,0.78
329,6,1.0,1.0,1.0,1.0,1.0,1.0,1.0,1.0
330,,0.99,0.99,0.99,0.99,0.99,0.99,0.99,0.99
331,,0.98,0.98,0.98,0.98,0.98,0.98,0.98,0.98
332,,0.97,0.97,0.97,0.97,0.97,0.97,0.97,0.97
333,,0.96,0.96,0.96,0.96,0.96,0.96,0.96,0.96
334,,0.95,0.95,0.95,0.95,0.95,0.95,0.95,0.95
335,,0.94,0.94,0.94,0.94,0.94,0.94,0.94,0.94
336,,0.93,0.93,0.93,0.93,0.93,0.93,0.93,0.93
337,,0.92,0.92,0.92,0.92,0.92,0.92,0.92,0.92
338,,0.91,0.91,0.91,0.91,0.91,0.91,0.91,0.91
339,,0.9,0.9,0.9,0.9,0.9,0.9,0.9,0.9
340,,0.89,0.89,0.89,0.89,0.89,0.89,0.89,0.89
341,,0.88,0.88,0.88,0.88,0.88,0.88,0.88,0.88
342,,0.87,0.87,0.87,0.87,0.87,0.87,0.87,0.87
343,,0.86,0.86,0.86,0.86,0.86,0.86,0.86,0.86
344,,0.85,0.85,0.85,0.85,0.85,0.85,0.85,0.85
345,,0.84,0.84,0.84,0.84,0.84,0.84,0.84,0.84
346,,0.83,0.83,0.83,0.83,0.83,0.83,0.83,0.83
347,,0.82,0.82,0.82,0.82,0.82,0.82,0.82,0.82
348,,0.81,0.81,0.81,0.81,0.81,0.81,0.81,0.81
349,,0.8,0.8,0.8,0.8,0.8,0.8,0.8,0.8
350,,0.79,0.79,0.79,0.79,0.79,0.79,0.79,0.79
351,,0.78,0.78,0.78,0.78,0.78,0.78,0.78,0.78
352,,0.77,0.77,0.77,0.77,0.77,0.77,0.77,0.77
353,,0.76,0.76,0.76,0.76,0.76,0.76,0.76,0.76
354,,0.75,0.75,0.75,0.75,0.75,0.75,0.75,0.75
355,,0.74,0.74,0.74,0.74,0.74,0.74,0.74,0.74
356,,0.73,0.73,0.73,0.73,0.73,0.73,0.73,0.73
357,,0.72,0.72,0.72,0.72,0.72,0.72,0.72,0.72
358,,0.71,0.71,0.71,0.71,0.71,0.71,0.71,0.71
359,,0.7,0.7,0.7,0.7,0.7,0.7,0.7,0.7
360,,0.69,0.69,0.69,0.69,0.69,0.69,0.69,0.69
361,,0.68,0.68,0.68,0.68,0.68,0.68,0.68,0.68
362,,0.67,0.67,0.67,0.67,0.67,0.67,0.67,0.67
363,,0.66,0.66,0.66,0.66,0.66,0.66,0.66,0.66
364,,0.65,0.65,0.65,0.65,0.65,0.65,0.65,0.65
365,,0.64,0.64,0.64,0.64,0.64,0.64,0.64,0.64
366,,0.63,0.63,0.63,0.63,0.63,0.63,0.63,0.63
367,,0.62,0.62,0.62,0.62,0.62,0.62,0.62,0.62
368,,0.61,0.61,0.61,0.61,0.61,0.61,0.61,0.61
369,,0.6,0.6,0.6,0.6,0.6,0.6,0.6,0.6
370,,0.59,0.59,0.59,0.59,0.59,0.59,0.59,0.59
371,,0.58,0.58,0.58,0.58,0.58,0.58,0.58,0.58
372,,0.57,0.57,0.57,0.57,0.57,0.57,0.57,0.57
373,,0.56,0.56,0.56,0.56,0.56,0.56,0.56,0.56
374,,0.55,0.55,0.55,0.55,0.55,0.55,0.55,0.55
375,,0.54,0.54,0.54,0.54,0.54,0.54,0.54,0.54
376,,0.53,0.53,0.53,0.53,0.53,0.53,0.53,0.53
377,,0.52,0.52,0.52,0.52,0.52,0.52,0.52,0.52
378,,0.51,0.51,0.51,0.51,0.51,0.51,0.51,0.51
379,,0.5,0.5,0.5,0.5,0.5,0.5,0.5,0.5
380,,0.49,0.49,0.49,0.49,0.49,0.49,0.49,0.49
381,,0.48,0.48,0.48,0.48,0.48,0.48,0.48,0.48
382,,0.47,0.47,0.47,0.47,0.47,0.47,0.47,0.47
383,,0.46,0.46,0.46,0.46,0.46,0.46,0.46,0.46
384,,0.45,0.45,0.45,0.45,0.45,0.45,0.45,0.45
385,,0.44,0.44,0.44,0.44,0.44,0.44,0.44,0.44
386,,0.43,0.43,0.43,0.43,0.43,0.43,0.43,0.43
387,,0.42,0.42,0.42,0.42,0.42,0.42,0.42,0.42
388,,0.41,0.41,0.41,0.41,0.41,0.41,0.41,0.41
389,,0.4,0.4,0.4,0.4,0.4,0.4,0.4,0.4
390,,0.39,0.39,0.39,0.39,0.39,0.39,0.39,0.39
391,,0.38,0.38,0.38,0.38,0.38,0.38,0.38,0.38
392,,0.37,0.37,0.37,0.37,0.37,0.37,0.37,0.37
393,,0.36,0.36,0.36,0.36,0.36,0.36,0.36,0.36
394,,0.35,0.35,0.35,0.35,0.35,0.35,0.35,0.35
395,,0.34,0.34,0.34,0.34,0.34,0.34,0.34,0.34
396,,0.33,0.33,0.33,0.33,0.33,0.33,0.33,0.33
397,,0.32,0.32,0.32,0.32,0.32,0.32,0.32,0.32
398,,0.31,0.31,0.31,0.31,0.31,0.31,0.31,0.31
399,,0.3,0.3,0.3,0.3,0.3,0.3,0.3,0.3
400,,0.29,0.29,0.29,0.29,0.29,0.29,0.29,0.29
401,,0.28,0.28,0.28,0.28,0.28,0.28,0.28,0.28
402,,0.27,0.27,0.27,0.27,0.27,0.27,0.27,0.27
403,,0.26,0.26,0.26,0.26,0.26,0.26,0.26,0.26
404,,0.25,0.25,0.25,0.25,0.25,0.25,0.25,0.25
405,,0.24,0.24,0.24,0.24,0.24,0.24,0.24,0.24
406,,0.23,0.23,0.23,0.23,0.23,0.23,0.23,0.23
407,,0.22,0.22,0.22,0.22,0.22,0.22,0.22,0.22
408,,0.21,0.21,0.21,0.21,0.21,0.21,0.21,0.21
409,,0.2,0.2,0.2,0.2,0.2,0.2,0.2,0.2
410,,0.19,0.19,0.19,0.19,0.19,0.19,0.19,0.19
411,,0.18,0.18,0.18,0.18,0.18,0.18,0.18,0.18
412,,0.17,0.17,0.17,0.17,0.17,0.17,0.17,0.17
413,,0.16,0.16,0.16,0.16,0.16,0.16,0.16,0.16
414,,0.15,0.15,0.15,0.15,0.15,0.15,0.15,0.15
415,,0.14,0.14,0.14,0.14,0.14,0.14,0.14,0.14
416,,0.13,0.13,0.13,0.13,0.13,0.13,0.13,0.13
417,,0.12,0.12,0.12,0.12,0.12,0.12,0.12,0.12
418,,0.11,0.11,0.11,0.11,0.11,0.11,0.11,0.11
419,,0.1,0.1,0.1,0.1,0.1,0.1,0.1,0.1
420,,0.09,0.09,0.09,0.09,0.09,0.09,0.09,0.09
421,,0.08,0.08,0.08,0.08,0.08,0.08,0.08,0.08
422,,0.07,0.07,0.07,0.07,0.07,0.07,0.07,0.07
423,,0.06,0.06,0.06,0.06,0.06,0.06,0.06,0.06
424,,0.05,0.05,0.05,0.05,0.05,0.05,0.05,0.05
425,,0.04,0.04,0.04,0.04,0.04,0.04,0.04,0.04
426,,0.03,0.03,0.03,0.03,0.03,0.03,0.03,0.03
427,,0.02,0.02,0.02,0.02,0.02,0.02,0.02,0.02
428,,0.01,0.01,0.01,0.01,0.01,0.01,0.01,0.01
429,,0.0,0.0,0.0,0.0,0.0,0.0,0.0,0.0
430,,-0.01,-0.01,-0.01,-0.01,-0.01,-0.01,-0.01,-0.01
431,8,0.521,0.38,0.239,0.18,0.239,0.38,0.521,0.99
432,8,1.0,0.77,0.488,0.37,0.488,0.77,1.0,1.0
433,,0.99,0.76,0.478,0.36,0.478,0.76,0.99,0.99
434,,0.98,0.75,0.468,0.35,0.468,0.75,0.98,0.98
435,,0.97,0.74,0.458,0.34,0.458,0.74,0.97,0.97
436,,0.96,0.73,0.448,0.33,0.448,0.73,0.96,0.96
437,,0.95,0.72,0.438,0.32,0.438,0.72,0.95,0.95
438,,0.94,0.71,0.428,0.31,0.428,0.71,0.94,0.94
439,,0.93,0.7,0.418,0.3,0.418,0.7,0.93,0.93
440,,0.92,0.69,0.408,0.29,0.408,0.69,0.92,0.92
441,,0.91,0.68,0.398,0.28,0.398,0.68,0.91,0.91
442,,0.9,0.67,0.388,0.27,0.388,0.67,0.9,0.9
443,,0.89,0.66,0.378,0.26,0.378,0.66,0.89,0.89
444,,0.88,0.65,0.368,0.25,0.368,0.65,0.88,0.88
445,,0.87,0.64,0.358,0.24,0.358,0.64,0.87,0.87
446,,0.86,0.63,0.348,0.23,0.348,0.63,0.86,0.86
447,,0.85,0.62,0.338,0.22,0.338,0.62,0.85,0.85
448,,0.84,0.61,0.328,0.21,0.328,0.61,0.84,0.84
449,,0.83,0.6,0.318,0.2,0.318,0.6,0.83,0.83
450,,0.82,0.59,0.308,0.19,0.308,0.59,0.82,0.82
451,,0.81,0.58,0.298,0.18,0.298,0.58,0.81,0.81
452,,0.8,0.57,0.288,0.17,0.288,0.57,0.8,0.8
453,,0.79,0.56,0.278,0.16,0.278,0.56,0.79,0.79
454,,0.78,0.55,0.268,0.15,0.268,0.55,0.78,0.78
455,,0.77,0.54,0.258,0.14,0.258,0.54,0.77,0.77
456,,0.76,0.53,0.248,0.13,0.248,0.53,0.76,0.76
457,,0.75,0.52,0.238,0.12,0.238,0.52,0.75,0.75
458,,0.74,0.51,0.228,0.11,0.228,0.51,0.74,0.74
459,,0.73,0.5,0.218,0.1,0.218,0.5,0.73,0.73
460,,0.72,0.49,0.208,0.09,0.208,0.49,0.72,0.72
461,,0.71,0.48,0.198,0.08,0.198,0.48,0.71,0.71
462,,0.7,0.47,0.188,0.07,0.188,0.47,0.7,0.7
463,,0.69,0.46,0.178,0.06,0.178,0.46,0.69,0.69
464,,0.68,0.45,0.168,0.05,0.168,0.45,0.68,0.68
465,,0.67,0.44,0.158,0.04,0.158,0.44,0.67,0.67
466,,0.66,0.43,0.148,0.03,0.148,0.43,0.66,0.66
467,,0.65,0.42,0.138,0.02,0.138,0.42,0.65,0.65
468,,0.64,0.41,0.128,0.01,0.128,0.41,0.64,0.64
469,,0.63,0.4,0.118,0.0,0.118,0.4,0.63,0.63
470,,0.62,0.39,0.108,-0.01,0.108,0.39,0.62,0.62
471,4,0.869,0.78,0.639,0.99,0.639,0.78,0.869,0.81
472,4,1.0,1.0,1.0,1.0,1.0,1.0,1.0,1.0
473,,0.99,0.99,0.99,0.99,0.99,0.99,0.99,0.99
474,,0.98,0.98,0.98,0.98,0.98,0.98,0.98,0.98
475,,0.97,0.97,0.97,0.97,0.97,0.97,0.97,0.97
476,,0.96,0.96,0.96,0.96,0.96,0.96,0.96,0.96
477,,0.95,0.95,0.95,0.95,0.95,0.95,0.95,0.95
478,,0.94,0.94,0.94,0.94,0.94,0.94,0.94,0.94
479,,0.93,0.93,0.93,0.93,0.93,0.93,0.93,0.93
480,,0.92,0.92,0.92,0.92,0.92,0.92,0.92,0.92
481,,0.91,0.91,0.91,0.91,0.91,0.91,0.91,0.91
482,,0.9,0.9,0.9,0.9,0.9,0.9,0.9,0.9
483,,0.89,0.89,0.89,0.89,0.89,0.89,0.89,0.89
484,,0.88,0.88,0.88,0.88,0.88,0.88,0.88,0.88
485,,0.87,0.87,0.87,0.87,0.87,0.87,0.87,0.87
486,,0.86,0.86,0.86,0.86,0.86,0.86,0.86,0.86
487,,0.85,0.85,0.85,0.85,0.85,0.85,0.85,0.85
488,,0.84,0.84,0.84,0.84,0.84,0.84,0.84,0.84
489,,0.83,0.83,0.83,0.83,0.83,0.83,0.83,0.83
490,,0.82,0.82,0.82,0.82,0.82,0.82,0.82,0.82
491,,0.81,0.81,0.81,0.81,0.81,0.81,0.81,0.81
492,,0.8,0.8,0.8,0.8,0.8,0.8,0.8,0.8
493,,0.79,0.79,0.79,0.79,0.79,0.79,0.79,0.79
494,,0.78,0.78,0.78,0.78,0.78,0.78,0.78,0.78
495,,0.77,0.77,0.77,0.77,0.77,0.77,0.77,0.77
496,,0.76,0.76,0.76,0.76,0.76,0.76,0.76,0.76
497,,0.75,0.75,0.75,0.75,0.75,0.75,0.75,0.75
498,,0.74,0.74,0.74,0.74,0.74,0.74,0.74,0.74
499,,0.73,0.73,0.73,0.73,0.73,0.73,0.73,0.73
500,,0.72,0.72,0.72,0.72,0.72,0.72,0.72,0.72
501,,0.71,0.71,0.71,0.71,0.71,0.71,0.71,0.71
502,,0.7,0.7,0.7,0.7,0.7,0.7,0.7,0.7
503,,0.69,0.69,0.69,0.69,0.69,0.69,0.69,0.69
504,,0.68,0.68,0.68,0.68,0.68,0.68,0.68,0.68
505,,0.67,0.67,0.67,0.67,0.67,0.67,0.67,0.67
506,,0.66,0.66,0.66,0.66,0.66,0.66,0.66,0.66
507,,0.65,0.65,0.65,0.65,0.65,0.65,0.65,0.65
508,,0.64,0.64,0.64,0.64,0.64,0.64,0.64,0.64
509,,0.63,0.63,0.63,0.63,0.63,0.63,0.63,0.63
510,,0.62,0.62,0.62,0.62,0.62,0.62,0.62,0.62
511,,0.61,0.61,0.61,0.61,0.61,0.61,0.61,0.61
512,,0.6,0.6,0.6,0.6,0.6,0.6,0.6,0.6
513,,0.59,0.59,0.59,0.59,0.59,0.59,0.59,0.59
514,,0.58,0.58,0.58,0.58,0.58,0.58,0.58,0.58
515,,0.57,0.57,0.57,0.57,0.57,0.57,0.57,0.57
516,,0.56,0.56,0.56,0.56,0.56,0.56,0.56,0.56
517,,0.55,0.55,0.55,0.55,0.55,0.55,0.55,0.55
518,,0.54,0.54,0.54,0.54,0.54,0.54,0.54,0.54
519,,0.53,0.53,0.53,0.53,0.53,0.53,0.53,0.53
520,,0.52,0.52,0.52,0.52,0.52,0.52,0.52,0.52
521,,0.51,0.51,0.51,0.51,0.51,0.51,0.51,0.51
522,,0.5,0.5,0.5,0.5,0.5,0.5,0.5,0.5
523,,0.49,0.49,0.49,0.49,0.49,0.49,0.49,0.49
524,,0.48,0.48,0.48,0.48,0.48,0.48,0.48,0.48
525,,0.47,0.47,0.47,0.47,0.47,0.47,0.47,0.47
526,,0.46,0.46,0.46,0.46,0.46,0.46,0.46,0.46
527,,0.45,0.45,0.45,0.45,0.45,0.45,0.45,0.45
528,,0.44,0.44,0.44,0.44,0.44,0.44,0.44,0.44
529,,0.43,0.43,0.43,0.43,0.43,0.43,0.43,0.43
530,,0.42,0.42,0.42,0.42,0.42,0.42,0.42,0.42
531,,0.41,0.41,0.41,0.41,0.41,0.41,0.41,0.41
532,,0.4,0.4,0.4,0.4,0.4,0.4,0.4,0.4
533,,0.39,0.39,0.39,0.39,0.39,0.39,0.39,0.39
534,,0.38,0.38,0.38,0.38,0.38,0.38,0.38,0.38
535,,0.37,0.37,0.37,0.37,0.37,0.37,0.37,0.37
536,,0.36,0.36,0.36,0.36,0.36,0.36,0.36,0.36
537,,0.35,0.35,0.35,0.35,0.35,0.35,0.35,0.35
538,,0.34,0.34,0.34,0.34,0.34,0.34,0.34,0.34
539,,0.33,0.33,0.33,0.33,0.33,0.33,0.33,0.33
540,,0.32,0.32,0.32,0.32,0.32,0.32,0.32,0.32
541,,0.31,0.31,0.31,0.31,0.31,0.31,0.31,0.31
542,,0.3,0.3,0.3,0.3,0.3,0.3,0.3,0.3
543,,0.29,0.29,0.29,0.29,0.29,0.29,0.29,0.29
544,,0.28,0.28,0.28,0.28,0.28,0.28,0.28,0.28
545,,0.27,0.27,0.27,0.27,0.27,0.27,0.27,0.27
546,,0.26,0.26,0.26,0.26,0.26,0.26,0.26,0.26
547,,0.25,0.25,0.25,0.25,0.25,0.25,0.25,0.25
548,,0.24,0.24,0.24,0.24,0.24,0.24,0.24,0.24
549,,0.23,0.23,0.23,0.23,0.23,0.23,0.23,0.23
550,,0.22,0.22,0.22,0.22,0.22,0.22,0.22,0.22
551,,0.21,0.21,0.21,0.21,0.21,0.21,0.21,0.21
552,,0.2,0.2,0.2,0.2,0.2,0.2,0.2,0.2
553,,0.19,0.19,0.19,0.19,0.19,0.19,0.19,0.19
554,,0.18,0.18,0.18,0.18,0.18,0.18,0.18,0.18
555,,0.17,0.17,0.17,0.17,0.17,0.17,0.17,0.17
556,,0.16,0.16,0.16,0.16,0.16,0.16,0.16,0.16
557,,0.15,0.15,0.15,0.15,0.15,0.15,0.15,0.15
558,,0.14,0.14,0.14,0.14,0.14,0.14,0.14,0.14
559,,0.13,0.13,0.13,0.13,0.13,0.13,0.13,0.13
560,,0.12,0.12,0.12,0.12,0.12,0.12,0.12,0.12
561,,0.11,0.11,0.11,0.11,0.11,0.11,0.11,0.11
562,,0.1,0.1,0.1,0.1,0.1,0.1,0.1,0.1
563,,0.09,0.09,0.09,0.09,0.09,0.09,0.09,0.09
564,,0.08,0.08,0.08,0.08,0.08,0.08,0.08,0.08
565,,0.07,0.07,0.07,0.07,0.07,0.07,0.07,0.07
566,,0.06,0.06,0.06,0.06,0.06,0.06,0.06,0.06
567,,0.05,0.05,0.05,0.05,0.05,0.05,0.05,0.05
568,,0.04,0.04,0.04,0.04,0.04,0.04,0.04,0.04
569,,0.03,0.03,0.03,0.03,0.03,0.03,0.03,0.03
570,,0.02,0.02,0.02,0.02,0.02,0.02,0.02,0.02
571,,0.01,0.01,0.01,0.01,0.01,0.01,0.01,0.01
572,,0.0,0.0,0.0,0.0,0.0,0.0,0.0,0.0
573,,-0.01,-0.01,-0.01,-0.01,-0.01,-0.01,-0.01,-0.01
574,6,0.239,0.18,0.239,0.38,0.521,0.99,0.521,0.38
575,6,0.488,0.37,0.488,0.77,1.0,1.0,1.0,0.77
576,,0.478,0.36,0.478,0.76,0.99,0.99,0.99,0.76
577,,0.468,0.35,0.468,0.75,0.98,0.98,0.98,0.75
578,,0.458,0.34,0.458,0.74,0.97,0.97,0.97,0.74
579,,0.448,0.33,0.448,0.73,0.96,0.96,0.96,0.73
580,,0.438,0.32,0.438,0.72,0.95,0.95,0.95,0.72
581,,0.428,0.31,0.428,0.71,0.94,0.94,0.94,0.71
582,,0.418,0.3,0.418,0.7,0.93,0.93,0.93,0.7
583,,0.408,0.29,0.408,0.69,0.92,0.92,0.92,0.69
584,,0.398,0.28,0.398,0.68,0.91,0.91,0.91,0.68
585,,0.388,0.27,0.388,0.67,0.9,0.9,0.9,0.67
586,,0.378,0.26,0.378,0.66,0.89,0.89,0.89,0.66
587,,0.368,0.25,0.368,0.65,0.88,0.88,0.88,0.65
588,,0.358,0.24,0.358,0.64,0.87,0.87,0.87,0.64
589,,0.348,0.23,0.348,0.63,0.86,0.86,0.86,0.63
590,,0.338,0.22,0.338,0.62,0.85,0.85,0.85,0.62
591,,0.328,0.21,0.328,0.61,0.84,0.84,0.84,0.61
592,,0.318,0.2,0.318,0.6,0.83,0.83,0.83,0.6
593,,0.308,0.19,0.308,0.59,0.82,0.82,0.82,0.59
594,,0.298,0.18,0.298,0.58,0.81,0.81,0.81,0.58
595,,0.288,0.17,0.288,0.57,0.8,0.8,0.8,0.57
596,,0.278,0.16,0.278,0.56,0.79,0.79,0.79,0.56
597,,0.268,0.15,0.268,0.55,0.78,0.78,0.78,0.55
598,,0.258,0.14,0.258,0.54,0.77,0.77,0.77,0.54
599,,0.248,0.13,0.248,0.53,0.76,0.76,0.76,0.53
600,,0.238,0.12,0.238,0.52,0.75,0.75,0.75,0.52
601,,0.228,0.11,0.228,0.51,0.74,0.74,0.74,0.51
602,,0.218,0.1,0.218,0.5,0.73,0.73,0.73,0.5
603,,0.208,0.09,0.208,0.49,0.72,0.72,0.72,0.49
604,,0.198,0.08,0.198,0.48,0.71,0.71,0.71,0.48
605,,0.188,0.07,0.188,0.47,0.7,0.7,0.7,0.47
606,,0.178,0.06,0.178,0.46,0.69,0.69,0.69,0.46
607,,0.168,0.05,0.168,0.45,0.68,0.68,0.68,0.45
608,,0.158,0.04,0.158,0.44,0.67,0.67,0.67,0.44
609,,0.148,0.03,0.148,0.43,0.66,0.66,0.66,0.43
610,,0.138,0.02,0.138,0.42,0.65,0.65,0.65,0.42
611,,0.128,0.01,0.128,0.41,0.64,0.64,0.64,0.41
612,,0.118,0.0,0.118,0.4,0.63,0.63,0.63,0.4
613,,0.108,-0.01,0.108,0.39,0.62,0.62,0.62,0.39
614,2,0.639,0.99,0.639,0.78,0.869,0.81,0.869,0.78
615,2,1.0,1.0,1.0,1.0,1.0,1.0,1.0,1.0
616,,0.99,0.99,0.99,0.99,0.99,0.99,0.99,0.99
617,,0.98,0.98,0.98,0.98,0.98,0.98,0.98,0.98
618,,0.97,0.97,0.97,0.97,0.97,0.97,0.97,0.97
619,,0.96,0.96,0.96,0.96,0.96,0.96,0.96,0.96
620,,0.95,0.95,0.95,0.95,0.95,0.95,0.95,0.95
621,,0.94,0.94,0.94,0.94,0.94,0.94,0.94,0.94
622,,0.93,0.93,0.93,0.93,0.93,0.93,0.93,0.93
623,,0.92,0.92,0.92,0.92,0.92,0.92,0.92,0.92
624,,0.91,0.91,0.91,0.91,0.91,0.91,0.91,0.91
625,,0.9,0.9,0.9,0.9,0.9,0.9,0.9,0.9
626,,0.89,0.89,0.89,0.89,0.89,0.89,0.89,0.89
627,,0.88,0.88,0.88,0.88,0.88,0.88,0.88,0.88
628,,0.87,0.87,0.87,0.87,0.87,0.87,0.87,0.87
629,,0.86,0.86,0.86,0.86,0.86,0.86,0.86,0.86
630,,0.85,0.85,0.85,0.85,0.85,0.85,0.85,0.85
631,,0.84,0.84,0.84,0.84,0.84,0.84,0.84,0.84
632,,0.83,0.83,0.83,0.83,0.83,0.83,0.83,0.83
633,,0.82,0.82,0.82,0.82,0.82,0.82,0.82,0.82
634,,0.81,0.81,0.81,0.81,0.81,0.81,0.81,0.81
635,,0.8,0.8,0.8,0.8,0.8,0.8,0.8,0.8
636,,0.79,0.79,0.79,0.79,0.79,0.79,0.79,0.79
637,,0.78,0.78,0.78,0.78,0.78,0.78,0.78,0.78
638,,0.77,0.77,0.77,0.77,0.77,0.77,0.77,0.77
639,,0.76,0.76,0.76,0.76,0.76,0.76,0.76,0.76
640,,0.75,0.75,0.75,0.75,0.75,0.75,0.75,0.75
641,,0.74,0.74,0.74,0.74,0.74,0.74,0.74,0.74
642,,0.73,0.73,0.73,0.73,0.73,0.73,0.73,0.73
643,,0.72,0.72,0.72,0.72,0.72,0.72,0.72,0.72
644,,0.71,0.71,0.71,0.71,0.71,0.71,0.71,0.71
645,,0.7,0.7,0.7,0.7,0.7,0.7,0.7,0.7
646,,0.69,0.69,0.69,0.69,0.69,0.69,0.69,0.69
647,,0.68,0.68,0.68,0.68,0.68,0.68,0.68,0.68
648,,0.67,0.67,0.67,0.67,0.67,0.67,0.67,0.67
649,,0.66,0.66,0.66,0.66,0.66,0.66,0.66,0.66
650,,0.65,0.65,0.65,0.65,0.65,0.65,0.65,0.65
651,,0.64,0.64,0.64,0.64,0.64,0.64,0.64,0.64
652,,0.63,0.63,0.63,0.63,0.63,0.63,0.63,0.63
653,,0.62,0.62,0.62,0.62,0.62,0.62,0.62,0.62
654,,0.61,0.61,0.61,0.61,0.61,0.61,0.61,0.61
655,,0.6,0.6,0.6,0.6,0.6,0.6,0.6,0.6
656,,0.59,0.59,0.59,0.59,0.59,0.59,0.59,0.59
657,,0.58,0.58,0.58,0.58,0.58,0.58,0.58,0.58
658,,0.57,0.57,0.57,0.57,0.57,0.57,0.57,0.57
659,,0.56,0.56,0.56,0.56,0.56,0.56,0.56,0.56
660,,0.55,0.55,0.55,0.55,0.55,0.55,0.55,0.55
661,,0.54,0.54,0.54,0.54,0.54,0.54,0.54,0.54
662,,0.53,0.53,0.53,0.53,0.53,0.53,0.53,0.53
663,,0.52,0.52,0.52,0.52,0.52,0.52,0.52,0.52
664,,0.51,0.51,0.51,0.51,0.51,0.51,0.51,0.51
665,,0.5,0.5,0.5,0.5,0.5,0.5,0.5,0.5
666,,0.49,0.49,0.49,0.49,0.49,0.49,0.49,0.49
667,,0.48,0.48,0.48,0.48,0.48,0.48,0.48,0.48
668,,0.47,0.47,0.47,0.47,0.47,0.47,0.47,0.47
669,,0.46,0.46,0.46,0.46,0.46,0.46,0.46,0.46
670,,0.45,0.45,0.45,0.45,0.45,0.45,0.45,0.45
671,,0.44,0.44,0.44,0.44,0.44,0.44,0.44,0.44
672,,0.43,0.43,0.43,0.43,0.43,0.43,0.43,0.43
673,,0.42,0.42,0.42,0.42,0.42,0.42,0.42,0.42
674,,0.41,0.41,0.41,0.41,0.41,0.41,0.41,0.41
675,,0.4,0.4,0.4,0.4,0.4,0.4,0.4,0.4
676,,0.39,0.39,0.39,0.39,0.39,0.39,0.39,0.39
677,,0.38,0.38,0.38,0.38,0.38,0.38,0.38,0.38
678,,0.37,0.37,0.37,0.37,0.37,0.37,0.37,0.37
679,,0.36,0.36,0.36,0.36,0.36,0.36,0.36,0.36
680,,0.35,0.35,0.35,0.35,0.35,0.35,0.35,0.35
681,,0.34,0.34,0.34,0.34,0.34,0.34,0.34,0.34
682,,0.33,0.33,0.33,0.33,0.33,0.33,0.33,0.33
683,,0.32,0.32,0.32,0.32,0.32,0.32,0.32,0.32
684,,0.31,0.31,0.31,0.31,0.31,0.31,0.31,0.31
685,,0.3,0.3,0.3,0.3,0.3,0.3,0.3,0.3
686,,0.29,0.29,0.29,0.29,0.29,0.29,0.29,0.29
687,,0.28,0.28,0.28,0.28,0.28,0.28,0.28,0.28
688,,0.27,0.27,0.27,0.27,0.27,0.27,0.27,0.27
689,,0.26,0.26,0.26,0.26,0.26,0.26,0.26,0.26
690,,0.25,0.25,0.25,0.25,0.25,0.25,0.25,0.25
691,,0.24,0.24,0.24,0.24,0.24,0.24,0.24,0.24
692,,0.23,0.23,0.23,0.23,0.23,0.23,0.23,0.23
693,,0.22,0.22,0.22,0.22,0.22,0.22,0.22,0.22
694,,0.21,0.21,0.21,0.21,0.21,0.21,0.21,0.21
695,,0.2,0.2,0.2,0.2,0.2,0.2,0.2,0.2
696,,0.19,0.19,0.19,0.19,0.19,0.19,0.19,0.19
697,,0.18,0.18,0.18,0.18,0.18,0.18,0.18,0.18
698,,0.17,0.17,0.17,0.17,0.17,0.17,0.17,0.17
699,,0.16,0.16,0.16,0.16,0.16,0.16,0.16,0.16
700,,0.15,0.15,0.15,0.15,0.15,0.15,0.15,0.15
701,,0.14,0.14,0.14,0.14,0.14,0.14,0.14,0.14
702,,0.13,0.13,0.13,0.13,0.13,0.13,0.13,0.13
703,,0.12,0.12,0.12,0.12,0.12,0.12,0.12,0.12
704,,0.11,0.11,0.11,0.11,0.11,0.11,0.11,0.11
705,,0.1,0.1,0.1,0.1,0.1,0.1,0.1,0.1
706,,0.09,0.09,0.09,0.09,0.09,0.09,0.09,0.09
707,,0.08,0.08,0.08,0.08,0.08,0.08,0.08,0.08
708,,0.07,0.07,0.07,0.07,0.07,0.07,0.07,0.07
709,,0.06,0.06,0.06,0.06,0.06,0.06,0.06,0.06
710,,0.05,0.05,0.05,0.05,0.05,0.05,0.05,0.05
711,,0.04,0.04,0.04,0.04,0.04,0.04,0.04,0.04
712,,0.03,0.03,0.03,0.03,0.03,0.03,0.03,0.03
713,,0.02,0.02,0.02,0.02,0.02,0.02,0.02,0.02
714,,0.01,0.01,0.01,0.01,0.01,0.01,0.01,0.01
715,,0.0,0.0,0.0,0.0,0.0,0.0,0.0,0.0
716,,-0.01,-0.01,-0.01,-0.01,-0.01,-0.01,-0.01,-0.01
717,2,0.521,0.99,0.521,0.38,0.239,0.18,0.239,0.38
718,2,1.0,1.0,1.0,0.77,0.488,0.37,0.488,0.77
719,,0.99,0.99,0.99,0.76,0.478,0.36,0.478,0.76
720,,0.98,0.98,0.98,0.75,0.468,0.35,0.468,0.75
721,,0.97,0.97,0.97,0.74,0.458,0.34,0.458,0.74
722,,0.96,0.96,0.96,0.73,0.448,0.33,0.448,0.73
723,,0.95,0.95,0.95,0.72,0.438,0.32,0.438,0.72
724,,0.94,0.94,0.94,0.71,0.428,0.31,0.428,0.71
725,,0.93,0.93,0.93,0.7,0.418,0.3,0.418,0.7
726,,0.92,0.92,0.92,0.69,0.408,0.29,0.408,0.69
727,,0.91,0.91,0.91,0.68,0.398,0.28,0.398,0.68
728,,0.9,0.9,0.9,0.67,0.388,0.27,0.388,0.67
729,,0.89,0.89,0.89,0.66,0.378,0.26,0.378,0.66
730,,0.88,0.88,0.88,0.65,0.368,0.25,0.368,0.65
731,,0.87,0.87,0.87,0.64,0.358,0.24,0.358,0.64
732,,0.86,0.86,0.86,0.63,0.348,0.23,0.348,0.63
733,,0.85,0.85,0.85,0.62,0.338,0.22,0.338,0.62
734,,0.84,0.84,0.84,0.61,0.328,0.21,0.328,0.61
735,,0.83,0.83,0.83,0.6,0.318,0.2,0.318,0.6
736,,0.82,0.82,0.82,0.59,0.308,0.19,0.308,0.59
737,,0.81,0.81,0.81,0.58,0.298,0.18,0.298,0.58
738,,0.8,0.8,0.8,0.57,0.288,0.17,0.288,0.57
739,,0.79,0.79,0.79,0.56,0.278,0.16,0.278,0.56
740,,0.78,0.78,0.78,0.55,0.268,0.15,0.268,0.55
741,,0.77,0.77,0.77,0.54,0.258,0.14,0.258,0.54
742,,0.76,0.76,0.76,0.53,0.248,0.13,0.248,0.53
743,,0.75,0.75,0.75,0.52,0.238,0.12,0.238,0.52
744,,0.74,0.74,0.74,0.51,0.228,0.11,0.228,0.51
745,,0.73,0.73,0.73,0.5,0.218,0.1,0.218,0.5
746,,0.72,0.72,0.72,0.49,0.208,0.09,0.208,0.49
747,,0.71,0.71,0.71,0.48,0.198,0.08,0.198,0.48
748,,0.7,0.7,0.7,0.47,0.188,0.07,0.188,0.47
749,,0.69,0.69,0.69,0.46,0.178,0.06,0.178,0.46
750,,0.68,0.68,0.68,0.45,0.168,0.05,0.168,0.45
751,,0.67,0.67,0.67,0.44,0.158,0.04,0.158,0.44
752,,0.66,0.66,0.66,0.43,0.148,0.03,0.148,0.43
753,,0.65,0.65,0.65,0.42,0.138,0.02,0.138,0.42
754,,0.64,0.64,0.64,0.41,0.128,0.01,0.128,0.41
755,,0.63,0.63,0.63,0.4,0.118,0.0,0.118,0.4
756,,0.62,0.62,0.62,0.39,0.108,-0.01,0.108,0.39
757,6,0.869,0.81,0.869,0.78,0.639,0.99,0.639,0.78
758,6,1.0,1.0,1.0,1.0,1.0,1.0,1.0,1.0
759,,0.99,0.99,0.99,0.99,0.99,0.99,0.99,0.99
760,,0.98,0.98,0.98,0.98,0.98,0.98,0.98,0.98
761,,0.97,0.97,0.97,0.97,0.97,0.97,0.97,0.97
762,,0.96,0.96,0.96,0.96,0.96,0.96,0.96,0.96
763,,0.95,0.95,0.95,0.95,0.95,0.95,0.95,0.95
764,,0.94,0.94,0.94,0.94,0.94,0.94,0.94,0.94
765,,0.93,0.93,0.93,0.93,0.93,0.93,0.93,0.93
766,,0.92,0.92,0.92,0.92,0.92,0.92,0.92,0.92
767,,0.91,0.91,0.91,0.91,0.91,0.91,0.91,0.91
768,,0.9,0.9,0.9,0.9,0.9,0.9,0.9,0.9
769,,0.89,0.89,0.89,0.89,0.89,0.89,0.89,0.89
770,,0.88,0.88,0.88,0.88,0.88,0.88,0.88,0.88
771,,0.87,0.87,0.87,0.87,0.87,0.87,0.87,0.87
772,,0.86,0.86,0.86,0.86,0.86,0.86,0.86,0.86
773,,0.85,0.85,0.85,0.85,0.85,0.85,0.85,0.85
774,,0.84,0.84,0.84,0.84,0.84,0.84,0.84,0.84
775,,0.83,0.83,0.83,0.83,0.83,0.83,0.83,0.83
776,,0.82,0.82,0.82,0.82,0.82,0.82,0.82,0.82
777,,0.81,0.81,0.81,0.81,0.81,0.81,0.81,0.81
778,,0.8,0.8,0.8,0.8,0.8,0.8,0.8,0.8
779,,0.79,0.79,0.79,0.79,0.79,0.79,0.79,0.79
780,,0.78,0.78,0.78,0.78,0.78,0.78,0.78,0.78
781,,0.77,0.77,0.77,0.77,0.77,0.77,0.77,0.77
782,,0.76,0.76,0.76,0.76,0.76,0.76,0.76,0.76
783,,0.75,0.75,0.75,0.75,0.75,0.75,0.75,0.75
784,,0.74,0.74,0.74,0.74,0.74,0.74,0.74,0.74
785,,0.73,0.73,0.73,0.73,0.73,0.73,0.73,0.73
786,,0.72,0.72,0.72,0.72,0.72,0.72,0.72,0.72
787,,0.71,0.71,0.71,0.71,0.71,0.71,0.71,0.71
788,,0.7,0.7,0.7,0.7,0.7,0.7,0.7,0.7
789,,0.69,0.69,0.69,0.69,0.69,0.69,0.69,0.69
790,,0.68,0.68,0.68,0.68,0.68,0.68,0.68,0.68
791,,0.67,0.67,0.67,0.67,0.67,0.67,0.67,0.67
792,,0.66,0.66,0.66,0.66,0.66,0.66,0.66,0.66
793,,0.65,0.65,0.65,0.65,0.65,0.65,0.65,0.65
794,,0.64,0.64,0.64,0.64,0.64,0.64,0.64,0.64
795,,0.63,0.63,0.63,0.63,0.63,0.63,0.63,0.63
796,,0.62,0.62,0.62,0.62,0.62,0.62,0.62,0.62
797,,0.61,0.61,0.61,0.61,0.61,0.61,0.61,0.61
798,,0.6,0.6,0.6,0.6,0.6,0.6,0.6,0.6
799,,0.59,0.59,0.59,0.59,0.59,0.59,0.59,0.59
800,,0.58,0.58,0.58,0.58,0.58,0.58,0.58,0.58
801,,0.57,0.57,0.57,0.57,0.57,0.57,0.57,0.57
802,,0.56,0.56,0.56,0.56,0.56,0.56,0.56,0.56
803,,0.55,0.55,0.55,0.55,0.55,0.55,0.55,0.55
804,,0.54,0.54,0.54,0.54,0.54,0.54,0.54,0.54
805,,0.53,0.53,0.53,0.53,0.53,0.53,0.53,0.53
806,,0.52,0.52,0.52,0.52,0.52,0.52,0.52,0.52
807,,0.51,0.51,0.51,0.51,0.51,0.51,0.51,0.51
808,,0.5,0.5,0.5,0.5,0.5,0.5,0.5,0.5
809,,0.49,0.49,0.49,0.49,0.49,0.49,0.49,0.49
810,,0.48,0.48,0.48,0.48,0.48,0.48,0.48,0.48
811,,0.47,0.47,0.47,0.47,0.47,0.47,0.47,0.47
812,,0.46,0.46,0.46,0.46,0.46,0.46,0.46,0.46
813,,0.45,0.45,0.45,0.45,0.45,0.45,0.45,0.45
814,,0.44,0.44,0.44,0.44,0.44,0.44,0.44,0.44
815,,0.43,0.43,0.43,0.43,0.43,0.43,0.43,0.43
816,,0.42,0.42,0.42,0.42,0.42,0.42,0.42,0.42
817,,0.41,0.41,0.41,0.41,0.41,0.41,0.41,0.41
818,,0.4,0.4,0.4,0.4,0.4,0.4,0.4,0.4
819,,0.39,0.39,0.39,0.39,0.39,0.39,0.39,0.39
820,,0.38,0.38,0.38,0.38,0.38,0.38,0.38,0.38
821,,0.37,0.37,0.37,0.37,0.37,0.37,0.37,0.37
822,,0.36,0.36,0.36,0.36,0.36,0.36,0.36,0.36
823,,0.35,0.35,0.35,0.35,0.35,0.35,0.35,0.35
824,,0.34,0.34,0.34,0.34,0.34,0.34,0.34,0.34
825,,0.33,0.33,0.33,0.33,0.33,0.33,0.33,0.33
826,,0.32,0.32,0.32,0.32,0.32,0.32,0.32,0.32
827,,0.31,0.31,0.31,0.31,0.31,0.31,0.31,0.31
828,,0.3,0.3,0.3,0.3,0.3,0.3,0.3,0.3
829,,0.29,0.29,0.29,0.29,0.29,0.29,0.29,0.29
830,,0.28,0.28,0.28,0.28,0.28,0.28,0.28,0.28
831,,0.27,0.27,0.27,0.27,0.27,0.27,0.27,0.27
832,,0.26,0.26,0.26,0.26,0.26,0.26,0.26,0.26
833,,0.25,0.25,0.25,0.25,0.25,0.25,0.25,0.25
834,,0.24,0.24,0.24,0.24,0.24,0.24,0.24,0.24
835,,0.23,0.23,0.23,0.23,0.23,0.23,0.23,0.23
836,,0.22,0.22,0.22,0.22,0.22,0.22,0.22,0.22
837,,0.21,0.21,0.21,0.21,0.21,0.21,0.21,0.21
838,,0.2,0.2,0.2,0.2,0.2,0.2,0.2,0.2
839,,0.19,0.19,0.19,0.19,0.19,0.19,0.19,0.19
840,,0.18,0.18,0.18,0.18,0.18,0.18,0.18,0.18
841,,0.17,0.17,0.17,0.17,0.17,0.17,0.17,0.17
842,,0.16,0.16,0.16,0.16,0.16,0.16,0.16,0.16
843,,0.15,0.15,0.15,0.15,0.15,0.15,0.15,0.15
844,,0.14,0.14,0.14,0.14,0.14,0.14,0.14,0.14
845,,0.13,0.13,0.13,0.13,0.13,0.13,0.13,0.13
846,,0.12,0.12,0.12,0.12,0.12,0.12,0.12,0.12
847,,0.11,0.11,0.11,0.11,0.11,0.11,0.11,0.11
848,,0.1,0.1,0.1,0.1,0.1,0.1,0.1,0.1
849,,0.09,0.09,0.09,0.09,0.09,0.09,0.09,0.09
850,,0.08,0.08,0.08,0.08,0.08,0.08,0.08,0.08
851,,0.07,0.07,0.07,0.07,0.07,0.07,0.07,0.07
852,,0.06,0.06,0.06,0.06,0.06,0.06,0.06,0.06
853,,0.05,0.05,0.05,0.05,0.05,0.05,0.05,0.05
854,,0.04,0.04,0.04,0.04,0.04,0.04,0.04,0.04
855,,0.03,0.03,0.03,0.03,0.03,0.03,0.03,0.03
856,,0.02,0.02,0.02,0.02,0.02,0.02,0.02,0.02
857,,0.01,0.01,0.01,0.01,0.01,0.01,0.01,0.01
858,,0.0,0.0,0.0,0.0,0.0,0.0,0.0,0.0
859,,-0.01,-0.01,-0.01,-0.01,-0.01,-0.01,-0.01,-0.01
860,2,0.521,0.99,0.521,0.38,0.239,0.18,0.239,0.38
861,2,1.0,1.0,1.0,0.77,0.488,0.37,0.488,0.77
862,,0.99,0.99,0.99,0.76,0.478,0.36,0.478,0.76
863,,0.98,0.98,0.98,0.75,0.468,0.35,0.468,0.75
864,,0.97,0.97,0.97,0.74,0.458,0.34,0.458,0.74
865,,0.96,0.96,0.96,0.73,0.448,0.33,0.448,0.73
866,,0.95,0.95,0.95,0.72,0.438,0.32,0.438,0.72
867,,0.94,0.94,0.94,0.71,0.428,0.31,0.428,0.71
868,,0.93,0.93,0.93,0.7,0.418,0.3,0.418,0.7
869,,0.92,0.92,0.92,0.69,0.408,0.29,0.408,0.69
870,,0.91,0.91,0.91,0.68,0.398,0.28,0.398,0.68
871,,0.9,0.9,0.9,0.67,0.388,0.27,0.388,0.67
872,,0.89,0.89,0.89,0.66,0.378,0.26,0.378,0.66
873,,0.88,0.88,0.88,0.65,0.368,0.25,0.368,0.65
874,,0.87,0.87,0.87,0.64,0.358,0.24,0.358,0.64
875,,0.86,0.86,0.86,0.63,0.348,0.23,0.348,0.63
876,,0.85,0.85,0.85,0.62,0.338,0.22,0.338,0.62
