step,active_motive,motive_1,motive_2,motive_3,motive_4,motive_5,motive_6,motive_7,motive_8
0,,0.01653,0.00156,0.04234,0.03949,0.02935,0.00141,0.01988,0.07113
1,,-0.00347,-0.01844,0.02234,0.01949,0.00935,-0.01859,-0.00012,0.05113
2,6,0.16453,0.06156,0.19034,0.39949,0.60135,0.98141,0.59188,0.43113
3,6,0.33253,0.14156,0.35834,0.77949,1.0,1.0,1.0,0.81113
4,,0.31253,0.12156,0.33834,0.75949,0.98,0.98,0.98,0.79113
5,,0.29253,0.10156,0.31834,0.73949,0.96,0.96,0.96,0.77113
6,,0.27253,0.08156,0.29834,0.71949,0.94,0.94,0.94,0.75113
7,,0.25253,0.06156,0.27834,0.69949,0.92,0.92,0.92,0.73113
8,,0.23253,0.04156,0.25834,0.67949,0.9,0.9,0.9,0.71113
9,,0.21253,0.02156,0.23834,0.65949,0.88,0.88,0.88,0.69113
10,,0.19253,0.00156,0.21834,0.63949,0.86,0.86,0.86,0.67113
11,,0.17253,-0.01844,0.19834,0.61949,0.84,0.84,0.84,0.65113
12,2,0.76453,0.98156,0.79034,0.99949,1.0,0.92,1.0,1.0
13,2,1.0,1.0,1.0,1.0,1.0,1.0,1.0,1.0
14,,0.98,0.98,0.98,0.98,0.98,0.98,0.98,0.98
15,,0.96,0.96,0.96,0.96,0.96,0.96,0.96,0.96
16,,0.94,0.94,0.94,0.94,0.94,0.94,0.94,0.94
17,,0.92,0.92,0.92,0.92,0.92,0.92,0.92,0.92
18,,0.9,0.9,0.9,0.9,0.9,0.9,0.9,0.9
19,,0.88,0.88,0.88,0.88,0.88,0.88,0.88,0.88
20,,0.86,0.86,0.86,0.86,0.86,0.86,0.86,0.86
21,,0.84,0.84,0.84,0.84,0.84,0.84,0.84,0.84
22,,0.82,0.82,0.82,0.82,0.82,0.82,0.82,0.82
23,,0.8,0.8,0.8,0.8,0.8,0.8,0.8,0.8
24,,0.78,0.78,0.78,0.78,0.78,0.78,0.78,0.78
25,,0.76,0.76,0.76,0.76,0.76,0.76,0.76,0.76
26,,0.74,0.74,0.74,0.74,0.74,0.74,0.74,0.74
27,,0.72,0.72,0.72,0.72,0.72,0.72,0.72,0.72
28,,0.7,0.7,0.7,0.7,0.7,0.7,0.7,0.7
29,,0.68,0.68,0.68,0.68,0.68,0.68,0.68,0.68
30,,0.66,0.66,0.66,0.66,0.66,0.66,0.66,0.66
31,,0.64,0.64,0.64,0.64,0.64,0.64,0.64,0.64
32,,0.62,0.62,0.62,0.62,0.62,0.62,0.62,0.62
33,,0.6,0.6,0.6,0.6,0.6,0.6,0.6,0.6
34,,0.58,0.58,0.58,0.58,0.58,0.58,0.58,0.58
35,,0.56,0.56,0.56,0.56,0.56,0.56,0.56,0.56
36,,0.54,0.54,0.54,0.54,0.54,0.54,0.54,0.54
37,,0.52,0.52,0.52,0.52,0.52,0.52,0.52,0.52
38,,0.5,0.5,0.5,0.5,0.5,0.5,0.5,0.5
39,,0.48,0.48,0.48,0.48,0.48,0.48,0.48,0.48
40,,0.46,0.46,0.46,0.46,0.46,0.46,0.46,0.46
41,,0.44,0.44,0.44,0.44,0.44,0.44,0.44,0.44
42,,0.42,0.42,0.42,0.42,0.42,0.42,0.42,0.42
43,,0.4,0.4,0.4,0.4,0.4,0.4,0.4,0.4
44,,0.38,0.38,0.38,0.38,0.38,0.38,0.38,0.38
45,,0.36,0.36,0.36,0.36,0.36,0.36,0.36,0.36
46,,0.34,0.34,0.34,0.34,0.34,0.34,0.34,0.34
47,,0.32,0.32,0.32,0.32,0.32,0.32,0.32,0.32
48,,0.3,0.3,0.3,0.3,0.3,0.3,0.3,0.3
49,,0.28,0.28,0.28,0.28,0.28,0.28,0.28,0.28
50,,0.26,0.26,0.26,0.26,0.26,0.26,0.26,0.26
51,,0.24,0.24,0.24,0.24,0.24,0.24,0.24,0.24
52,,0.22,0.22,0.22,0.22,0.22,0.22,0.22,0.22
53,,0.2,0.2,0.2,0.2,0.2,0.2,0.2,0.2
54,,0.18,0.18,0.18,0.18,0.18,0.18,0.18,0.18
55,,0.16,0.16,0.16,0.16,0.16,0.16,0.16,0.16
56,,0.14,0.14,0.14,0.14,0.14,0.14,0.14,0.14
57,,0.12,0.12,0.12,0.12,0.12,0.12,0.12,0.12
58,,0.1,0.1,0.1,0.1,0.1,0.1,0.1,0.1
59,,0.08,0.08,0.08,0.08,0.08,0.08,0.08,0.08
60,,0.06,0.06,0.06,0.06,0.06,0.06,0.06,0.06
61,,0.04,0.04,0.04,0.04,0.04,0.04,0.04,0.04
62,,0.02,0.02,0.02,0.02,0.02,0.02,0.02,0.02
63,,0.0,0.0,0.0,0.0,0.0,0.0,0.0,0.0
64,,-0.02,-0.02,-0.02,-0.02,-0.02,-0.02,-0.02,-0.02
65,3,0.36,0.572,0.98,0.572,0.36,0.148,0.06,0.148
66,3,0.74,1.0,1.0,1.0,0.74,0.316,0.14,0.316
67,,0.72,0.98,0.98,0.98,0.72,0.296,0.12,0.296
68,,0.7,0.96,0.96,0.96,0.7,0.276,0.1,0.276
69,,0.68,0.94,0.94,0.94,0.68,0.256,0.08,0.256
70,,0.66,0.92,0.92,0.92,0.66,0.236,0.06,0.236
71,,0.64,0.9,0.9,0.9,0.64,0.216,0.04,0.216
72,,0.62,0.88,0.88,0.88,0.62,0.196,0.02,0.196
73,,0.6,0.86,0.86,0.86,0.6,0.176,0.0,0.176
74,,0.58,0.84,0.84,0.84,0.58,0.156,-0.02,0.156
75,7,0.96,1.0,0.92,1.0,0.96,0.748,0.98,0.748
76,7,1.0,1.0,1.0,1.0,1.0,1.0,1.0,1.0
77,,0.98,0.98,0.98,0.98,0.98,0.98,0.98,0.98
78,,0.96,0.96,0.96,0.96,0.96,0.96,0.96,0.96
79,,0.94,0.94,0.94,0.94,0.94,0.94,0.94,0.94
80,,0.92,0.92,0.92,0.92,0.92,0.92,0.92,0.92
81,,0.9,0.9,0.9,0.9,0.9,0.9,0.9,0.9
82,,0.88,0.88,0.88,0.88,0.88,0.88,0.88,0.88
83,,0.86,0.86,0.86,0.86,0.86,0.86,0.86,0.86
84,,0.84,0.84,0.84,0.84,0.84,0.84,0.84,0.84
85,,0.82,0.82,0.82,0.82,0.82,0.82,0.82,0.82
86,,0.8,0.8,0.8,0.8,0.8,0.8,0.8,0.8
87,,0.78,0.78,0.78,0.78,0.78,0.78,0.78,0.78
88,,0.76,0.76,0.76,0.76,0.76,0.76,0.76,0.76
89,,0.74,0.74,0.74,0.74,0.74,0.74,0.74,0.74
90,,0.72,0.72,0.72,0.72,0.72,0.72,0.72,0.72
91,,0.7,0.7,0.7,0.7,0.7,0.7,0.7,0.7
92,,0.68,0.68,0.68,0.68,0.68,0.68,0.68,0.68
93,,0.66,0.66,0.66,0.66,0.66,0.66,0.66,0.66
94,,0.64,0.64,0.64,0.64,0.64,0.64,0.64,0.64
95,,0.62,0.62,0.62,0.62,0.62,0.62,0.62,0.62
96,,0.6,0.6,0.6,0.6,0.6,0.6,0.6,0.6
97,,0.58,0.58,0.58,0.58,0.58,0.58,0.58,0.58
98,,0.56,0.56,0.56,0.56,0.56,0.56,0.56,0.56
99,,0.54,0.54,0.54,0.54,0.54,0.54,0.54,0.54
100,,0.52,0.52,0.52,0.52,0.52,0.52,0.52,0.52
101,,0.5,0.5,0.5,0.5,0.5,0.5,0.5,0.5
102,,0.48,0.48,0.48,0.48,0.48,0.48,0.48,0.48
103,,0.46,0.46,0.46,0.46,0.46,0.46,0.46,0.46
104,,0.44,0.44,0.44,0.44,0.44,0.44,0.44,0.44
105,,0.42,0.42,0.42,0.42,0.42,0.42,0.42,0.42
106,,0.4,0.4,0.4,0.4,0.4,0.4,0.4,0.4
107,,0.38,0.38,0.38,0.38,0.38,0.38,0.38,0.38
108,,0.36,0.36,0.36,0.36,0.36,0.36,0.36,0.36
109,,0.34,0.34,0.34,0.34,0.34,0.34,0.34,0.34
110,,0.32,0.32,0.32,0.32,0.32,0.32,0.32,0.32
111,,0.3,0.3,0.3,0.3,0.3,0.3,0.3,0.3
112,,0.28,0.28,0.28,0.28,0.28,0.28,0.28,0.28
113,,0.26,0.26,0.26,0.26,0.26,0.26,0.26,0.26
114,,0.24,0.24,0.24,0.24,0.24,0.24,0.24,0.24
115,,0.22,0.22,0.22,0.22,0.22,0.22,0.22,0.22
116,,0.2,0.2,0.2,0.2,0.2,0.2,0.2,0.2
117,,0.18,0.18,0.18,0.18,0.18,0.18,0.18,0.18
118,,0.16,0.16,0.16,0.16,0.16,0.16,0.16,0.16
119,,0.14,0.14,0.14,0.14,0.14,0.14,0.14,0.14
120,,0.12,0.12,0.12,0.12,0.12,0.12,0.12,0.12
121,,0.1,0.1,0.1,0.1,0.1,0.1,0.1,0.1
122,,0.08,0.08,0.08,0.08,0.08,0.08,0.08,0.08
123,,0.06,0.06,0.06,0.06,0.06,0.06,0.06,0.06
124,,0.04,0.04,0.04,0.04,0.04,0.04,0.04,0.04
125,,0.02,0.02,0.02,0.02,0.02,0.02,0.02,0.02
126,,0.0,0.0,0.0,0.0,0.0,0.0,0.0,0.0
127,,-0.02,-0.02,-0.02,-0.02,-0.02,-0.02,-0.02,-0.02
128,1,0.98,0.572,0.36,0.148,0.06,0.148,0.36,0.572
129,1,1.0,1.0,0.74,0.316,0.14,0.316,0.74,1.0
130,,0.98,0.98,0.72,0.296,0.12,0.296,0.72,0.98
131,,0.96,0.96,0.7,0.276,0.1,0.276,0.7,0.96
132,,0.94,0.94,0.68,0.256,0.08,0.256,0.68,0.94
133,,0.92,0.92,0.66,0.236,0.06,0.236,0.66,0.92
134,,0.9,0.9,0.64,0.216,0.04,0.216,0.64,0.9
135,,0.88,0.88,0.62,0.196,0.02,0.196,0.62,0.88
136,,0.86,0.86,0.6,0.176,0.0,0.176,0.6,0.86
137,,0.84,0.84,0.58,0.156,-0.02,0.156,0.58,0.84
138,5,0.92,1.0,0.96,0.748,0.98,0.748,0.96,1.0
139,5,1.0,1.0,1.0,1.0,1.0,1.0,1.0,1.0
140,,0.98,0.98,0.98,0.98,0.98,0.98,0.98,0.98
141,,0.96,0.96,0.96,0.96,0.96,0.96,0.96,0.96
142,,0.94,0.94,0.94,0.94,0.94,0.94,0.94,0.94
143,,0.92,0.92,0.92,0.92,0.92,0.92,0.92,0.92
144,,0.9,0.9,0.9,0.9,0.9,0.9,0.9,0.9
145,,0.88,0.88,0.88,0.88,0.88,0.88,0.88,0.88
146,,0.86,0.86,0.86,0.86,0.86,0.86,0.86,0.86
147,,0.84,0.84,0.84,0.84,0.84,0.84,0.84,0.84
148,,0.82,0.82,0.82,0.82,0.82,0.82,0.82,0.82
149,,0.8,0.8,0.8,0.8,0.8,0.8,0.8,0.8
150,,0.78,0.78,0.78,0.78,0.78,0.78,0.78,0.78
151,,0.76,0.76,0.76,0.76,0.76,0.76,0.76,0.76
152,,0.74,0.74,0.74,0.74,0.74,0.74,0.74,0.74
153,,0.72,0.72,0.72,0.72,0.72,0.72,0.72,0.72
154,,0.7,0.7,0.7,0.7,0.7,0.7,0.7,0.7
155,,0.68,0.68,0.68,0.68,0.68,0.68,0.68,0.68
156,,0.66,0.66,0.66,0.66,0.66,0.66,0.66,0.66
157,,0.64,0.64,0.64,0.64,0.64,0.64,0.64,0.64
158,,0.62,0.62,0.62,0.62,0.62,0.62,0.62,0.62
159,,0.6,0.6,0.6,0.6,0.6,0.6,0.6,0.6
160,,0.58,0.58,0.58,0.58,0.58,0.58,0.58,0.58
161,,0.56,0.56,0.56,0.56,0.56,0.56,0.56,0.56
162,,0.54,0.54,0.54,0.54,0.54,0.54,0.54,0.54
163,,0.52,0.52,0.52,0.52,0.52,0.52,0.52,0.52
164,,0.5,0.5,0.5,0.5,0.5,0.5,0.5,0.5
165,,0.48,0.48,0.48,0.48,0.48,0.48,0.48,0.48
166,,0.46,0.46,0.46,0.46,0.46,0.46,0.46,0.46
167,,0.44,0.44,0.44,0.44,0.44,0.44,0.44,0.44
168,,0.42,0.42,0.42,0.42,0.42,0.42,0.42,0.42
169,,0.4,0.4,0.4,0.4,0.4,0.4,0.4,0.4
170,,0.38,0.38,0.38,0.38,0.38,0.38,0.38,0.38
171,,0.36,0.36,0.36,0.36,0.36,0.36,0.36,0.36
172,,0.34,0.34,0.34,0.34,0.34,0.34,0.34,0.34
173,,0.32,0.32,0.32,0.32,0.32,0.32,0.32,0.32
174,,0.3,0.3,0.3,0.3,0.3,0.3,0.3,0.3
175,,0.28,0.28,0.28,0.28,0.28,0.28,0.28,0.28
176,,0.26,0.26,0.26,0.26,0.26,0.26,0.26,0.26
177,,0.24,0.24,0.24,0.24,0.24,0.24,0.24,0.24
178,,0.22,0.22,0.22,0.22,0.22,0.22,0.22,0.22
179,,0.2,0.2,0.2,0.2,0.2,0.2,0.2,0.2
180,,0.18,0.18,0.18,0.18,0.18,0.18,0.18,0.18
181,,0.16,0.16,0.16,0.16,0.16,0.16,0.16,0.16
182,,0.14,0.14,0.14,0.14,0.14,0.14,0.14,0.14
183,,0.12,0.12,0.12,0.12,0.12,0.12,0.12,0.12
184,,0.1,0.1,0.1,0.1,0.1,0.1,0.1,0.1
185,,0.08,0.08,0.08,0.08,0.08,0.08,0.08,0.08
186,,0.06,0.06,0.06,0.06,0.06,0.06,0.06,0.06
187,,0.04,0.04,0.04,0.04,0.04,0.04,0.04,0.04
188,,0.02,0.02,0.02,0.02,0.02,0.02,0.02,0.02
189,,0.0,0.0,0.0,0.0,0.0,0.0,0.0,0.0
190,,-0.02,-0.02,-0.02,-0.02,-0.02,-0.02,-0.02,-0.02
191,3,0.36,0.572,0.98,0.572,0.36,0.148,0.06,0.148
192,3,0.74,1.0,1.0,1.0,0.74,0.316,0.14,0.316
193,,0.72,0.98,0.98,0.98,0.72,0.296,0.12,0.296
194,,0.7,0.96,0.96,0.96,0.7,0.276,0.1,0.276
195,,0.68,0.94,0.94,0.94,0.68,0.256,0.08,0.256
196,,0.66,0.92,0.92,0.92,0.66,0.236,0.06,0.236
197,,0.64,0.9,0.9,0.9,0.64,0.216,0.04,0.216
198,,0.62,0.88,0.88,0.88,0.62,0.196,0.02,0.196
199,,0.6,0.86,0.86,0.86,0.6,0.176,0.0,0.176
200,,0.58,0.84,0.84,0.84,0.58,0.156,-0.02,0.156
201,7,0.96,1.0,0.92,1.0,0.96,0.748,0.98,0.748
202,7,1.0,1.0,1.0,1.0,1.0,1.0,1.0,1.0
203,,0.98,0.98,0.98,0.98,0.98,0.98,0.98,0.98
204,,0.96,0.96,0.96,0.96,0.96,0.96,0.96,0.96
205,,0.94,0.94,0.94,0.94,0.94,0.94,0.94,0.94
206,,0.92,0.92,0.92,0.92,0.92,0.92,0.92,0.92
207,,0.9,0.9,0.9,0.9,0.9,0.9,0.9,0.9
208,,0.88,0.88,0.88,0.88,0.88,0.88,0.88,0.88
209,,0.86,0.86,0.86,0.86,0.86,0.86,0.86,0.86
210,,0.84,0.84,0.84,0.84,0.84,0.84,0.84,0.84
211,,0.82,0.82,0.82,0.82,0.82,0.82,0.82,0.82
212,,0.8,0.8,0.8,0.8,0.8,0.8,0.8,0.8
213,,0.78,0.78,0.78,0.78,0.78,0.78,0.78,0.78
214,,0.76,0.76,0.76,0.76,0.76,0.76,0.76,0.76
215,,0.74,0.74,0.74,0.74,0.74,0.74,0.74,0.74
216,,0.72,0.72,0.72,0.72,0.72,0.72,0.72,0.72
217,,0.7,0.7,0.7,0.7,0.7,0.7,0.7,0.7
218,,0.68,0.68,0.68,0.68,0.68,0.68,0.68,0.68
219,,0.66,0.66,0.66,0.66,0.66,0.66,0.66,0.66
220,,0.64,0.64,0.64,0.64,0.64,0.64,0.64,0.64
221,,0.62,0.62,0.62,0.62,0.62,0.62,0.62,0.62
222,,0.6,0.6,0.6,0.6,0.6,0.6,0.6,0.6
223,,0.58,0.58,0.58,0.58,0.58,0.58,0.58,0.58
224,,0.56,0.56,0.56,0.56,0.56,0.56,0.56,0.56
225,,0.54,0.54,0.54,0.54,0.54,0.54,0.54,0.54
226,,0.52,0.52,0.52,0.52,0.52,0.52,0.52,0.52
227,,0.5,0.5,0.5,0.5,0.5,0.5,0.5,0.5
228,,0.48,0.48,0.48,0.48,0.48,0.48,0.48,0.48
229,,0.46,0.46,0.46,0.46,0.46,0.46,0.46,0.46
230,,0.44,0.44,0.44,0.44,0.44,0.44,0.44,0.44
231,,0.42,0.42,0.42,0.42,0.42,0.42,0.42,0.42
232,,0.4,0.4,0.4,0.4,0.4,0.4,0.4,0.4
233,,0.38,0.38,0.38,0.38,0.38,0.38,0.38,0.38
234,,0.36,0.36,0.36,0.36,0.36,0.36,0.36,0.36
235,,0.34,0.34,0.34,0.34,0.34,0.34,0.34,0.34
236,,0.32,0.32,0.32,0.32,0.32,0.32,0.32,0.32
237,,0.3,0.3,0.3,0.3,0.3,0.3,0.3,0.3
238,,0.28,0.28,0.28,0.28,0.28,0.28,0.28,0.28
239,,0.26,0.26,0.26,0.26,0.26,0.26,0.26,0.26
240,,0.24,0.24,0.24,0.24,0.24,0.24,0.24,0.24
241,,0.22,0.22,0.22,0.22,0.22,0.22,0.22,0.22
242,,0.2,0.2,0.2,0.2,0.2,0.2,0.2,0.2
243,,0.18,0.18,0.18,0.18,0.18,0.18,0.18,0.18
244,,0.16,0.16,0.16,0.16,0.16,0.16,0.16,0.16
245,,0.14,0.14,0.14,0.14,0.14,0.14,0.14,0.14
246,,0.12,0.12,0.12,0.12,0.12,0.12,0.12,0.12
247,,0.1,0.1,0.1,0.1,0.1,0.1,0.1,0.1
248,,0.08,0.08,0.08,0.08,0.08,0.08,0.08,0.08
249,,0.06,0.06,0.06,0.06,0.06,0.06,0.06,0.06
250,,0.04,0.04,0.04,0.04,0.04,0.04,0.04,0.04
251,,0.02,0.02,0.02,0.02,0.02,0.02,0.02,0.02
252,,0.0,0.0,0.0,0.0,0.0,0.0,0.0,0.0
253,,-0.02,-0.02,-0.02,-0.02,-0.02,-0.02,-0.02,-0.02
254,5,0.06,0.148,0.36,0.572,0.98,0.572,0.36,0.148
255,5,0.14,0.316,0.74,1.0,1.0,1.0,0.74,0.316
256,,0.12,0.296,0.72,0.98,0.98,0.98,0.72,0.296
257,,0.1,0.276,0.7,0.96,0.96,0.96,0.7,0.276
258,,0.08,0.256,0.68,0.94,0.94,0.94,0.68,0.256
259,,0.06,0.236,0.66,0.92,0.92,0.92,0.66,0.236
260,,0.04,0.216,0.64,0.9,0.9,0.9,0.64,0.216
261,,0.02,0.196,0.62,0.88,0.88,0.88,0.62,0.196
262,,0.0,0.176,0.6,0.86,0.86,0.86,0.6,0.176
263,,-0.02,0.156,0.58,0.84,0.84,0.84,0.58,0.156
264,1,0.98,0.748,0.96,1.0,0.92,1.0,0.96,0.748
265,1,1.0,1.0,1.0,1.0,1.0,1.0,1.0,1.0
266,,0.98,0.98,0.98,0.98,0.98,0.98,0.98,0.98
267,,0.96,0.96,0.96,0.96,0.96,0.96,0.96,0.96
268,,0.94,0.94,0.94,0.94,0.94,0.94,0.94,0.94
269,,0.92,0.92,0.92,0.92,0.92,0.92,0.92,0.92
270,,0.9,0.9,0.9,0.9,0.9,0.9,0.9,0.9
271,,0.88,0.88,0.88,0.88,0.88,0.88,0.88,0.88
272,,0.86,0.86,0.86,0.86,0.86,0.86,0.86,0.86
273,,0.84,0.84,0.84,0.84,0.84,0.84,0.84,0.84
274,,0.82,0.82,0.82,0.82,0.82,0.82,0.82,0.82
275,,0.8,0.8,0.8,0.8,0.8,0.8,0.8,0.8
276,,0.78,0.78,0.78,0.78,0.78,0.78,0.78,0.78
277,,0.76,0.76,0.76,0.76,0.76,0.76,0.76,0.76
278,,0.74,0.74,0.74,0.74,0.74,0.74,0.74,0.74
279,,0.72,0.72,0.72,0.72,0.72,0.72,0.72,0.72
280,,0.7,0.7,0.7,0.7,0.7,0.7,0.7,0.7
281,,0.68,0.68,0.68,0.68,0.68,0.68,0.68,0.68
282,,0.66,0.66,0.66,0.66,0.66,0.66,0.66,0.66
283,,0.64,0.64,0.64,0.64,0.64,0.64,0.64,0.64
284,,0.62,0.62,0.62,0.62,0.62,0.62,0.62,0.62
285,,0.6,0.6,0.6,0.6,0.6,0.6,0.6,0.6
286,,0.58,0.58,0.58,0.58,0.58,0.58,0.58,0.58
287,,0.56,0.56,0.56,0.56,0.56,0.56,0.56,0.56
288,,0.54,0.54,0.54,0.54,0.54,0.54,0.54,0.54
289,,0.52,0.52,0.52,0.52,0.52,0.52,0.52,0.52
290,,0.5,0.5,0.5,0.5,0.5,0.5,0.5,0.5
291,,0.48,0.48,0.48,0.48,0.48,0.48,0.48,0.48
292,,0.46,0.46,0.46,0.46,0.46,0.46,0.46,0.46
293,,0.44,0.44,0.44,0.44,0.44,0.44,0.44,0.44
294,,0.42,0.42,0.42,0.42,0.42,0.42,0.42,0.42
295,,0.4,0.4,0.4,0.4,0.4,0.4,0.4,0.4
296,,0.38,0.38,0.38,0.38,0.38,0.38,0.38,0.38
297,,0.36,0.36,0.36,0.36,0.36,0.36,0.36,0.36
298,,0.34,0.34,0.34,0.34,0.34,0.34,0.34,0.34
299,,0.32,0.32,0.32,0.32,0.32,0.32,0.32,0.32
300,,0.3,0.3,0.3,0.3,0.3,0.3,0.3,0.3
301,,0.28,0.28,0.28,0.28,0.28,0.28,0.28,0.28
302,,0.26,0.26,0.26,0.26,0.26,0.26,0.26,0.26
303,,0.24,0.24,0.24,0.24,0.24,0.24,0.24,0.24
304,,0.22,0.22,0.22,0.22,0.22,0.22,0.22,0.22
305,,0.2,0.2,0.2,0.2,0.2,0.2,0.2,0.2
306,,0.18,0.18,0.18,0.18,0.18,0.18,0.18,0.18
307,,0.16,0.16,0.16,0.16,0.16,0.16,0.16,0.16
308,,0.14,0.14,0.14,0.14,0.14,0.14,0.14,0.14
309,,0.12,0.12,0.12,0.12,0.12,0.12,0.12,0.12
310,,0.1,0.1,0.1,0.1,0.1,0.1,0.1,0.1
311,,0.08,0.08,0.08,0.08,0.08,0.08,0.08,0.08
312,,0.06,0.06,0.06,0.06,0.06,0.06,0.06,0.06
313,,0.04,0.04,0.04,0.04,0.04,0.04,0.04,0.04
314,,0.02,0.02,0.02,0.02,0.02,0.02,0.02,0.02
315,,0.0,0.0,0.0,0.0,0.0,0.0,0.0,0.0
316,,-0.02,-0.02,-0.02,-0.02,-0.02,-0.02,-0.02,-0.02
317,2,0.572,0.98,0.572,0.36,0.148,0.06,0.148,0.36
318,2,1.0,1.0,1.0,0.74,0.316,0.14,0.316,0.74
319,,0.98,0.98,0.98,0.72,0.296,0.12,0.296,0.72
320,,0.96,0.96,0.96,0.7,0.276,0.1,0.276,0.7
321,,0.94,0.94,0.94,0.68,0.256,0.08,0.256,0.68
322,,0.92,0.92,0.92,0.66,0.236,0.06,0.236,0.66
323,,0.9,0.9,0.9,0.64,0.216,0.04,0.216,0.64
324,,0.88,0.88,0.88,0.62,0.196,0.02,0.196,0.62
325,,0.86,0.86,0.86,0.6,0.176,0.0,0.176,0.6
326,,0.84,0.84,0.84,0.58,0.156,-0.02,0.156,0.58
327,6,1.0,0.92,1.0,0.96,0.748,0.98,0.748,0.96
328,6,1.0,1.0,1.0,1.0,1.0,1.0,1.0,1.0
329,,0.98,0.98,0.98,0.98,0.98,0.98,0.98,0.98
330,,0.96,0.96,0.96,0.96,0.96,0.96,0.96,0.96
331,,0.94,0.94,0.94,0.94,0.94,0.94,0.94,0.94
332,,0.92,0.92,0.92,0.92,0.92,0.92,0.92,0.92
333,,0.9,0.9,0.9,0.9,0.9,0.9,0.9,0.9
334,,0.88,0.88,0.88,0.88,0.88,0.88,0.88,0.88
335,,0.86,0.86,0.86,0.86,0.86,0.86,0.86,0.86
336,,0.84,0.84,0.84,0.84,0.84,0.84,0.84,0.84
337,,0.82,0.82,0.82,0.82,0.82,0.82,0.82,0.82
338,,0.8,0.8,0.8,0.8,0.8,0.8,0.8,0.8
339,,0.78,0.78,0.78,0.78,0.78,0.78,0.78,0.78
340,,0.76,0.76,0.76,0.76,0.76,0.76,0.76,0.76
341,,0.74,0.74,0.74,0.74,0.74,0.74,0.74,0.74
342,,0.72,0.72,0.72,0.72,0.72,0.72,0.72,0.72
343,,0.7,0.7,0.7,0.7,0.7,0.7,0.7,0.7
344,,0.68,0.68,0.68,0.68,0.68,0.68,0.68,0.68
345,,0.66,0.66,0.66,0.66,0.66,0.66,0.66,0.66
346,,0.64,0.64,0.64,0.64,0.64,0.64,0.64,0.64
347,,0.62,0.62,0.62,0.62,0.62,0.62,0.62,0.62
348,,0.6,0.6,0.6,0.6,0.6,0.6,0.6,0.6
349,,0.58,0.58,0.58,0.58,0.58,0.58,0.58,0.58
350,,0.56,0.56,0.56,0.56,0.56,0.56,0.56,0.56
351,,0.54,0.54,0.54,0.54,0.54,0.54,0.54,0.54
352,,0.52,0.52,0.52,0.52,0.52,0.52,0.52,0.52
353,,0.5,0.5,0.5,0.5,0.5,0.5,0.5,0.5
354,,0.48,0.48,0.48,0.48,0.48,0.48,0.48,0.48
355,,0.46,0.46,0.46,0.46,0.46,0.46,0.46,0.46
356,,0.44,0.44,0.44,0.44,0.44,0.44,0.44,0.44
357,,0.42,0.42,0.42,0.42,0.42,0.42,0.42,0.42
358,,0.4,0.4,0.4,0.4,0.4,0.4,0.4,0.4
359,,0.38,0.38,0.38,0.38,0.38,0.38,0.38,0.38
360,,0.36,0.36,0.36,0.36,0.36,0.36,0.36,0.36
361,,0.34,0.34,0.34,0.34,0.34,0.34,0.34,0.34
362,,0.32,0.32,0.32,0.32,0.32,0.32,0.32,0.32
363,,0.3,0.3,0.3,0.3,0.3,0.3,0.3,0.3
364,,0.28,0.28,0.28,0.28,0.28,0.28,0.28,0.28
365,,0.26,0.26,0.26,0.26,0.26,0.26,0.26,0.26
366,,0.24,0.24,0.24,0.24,0.24,0.24,0.24,0.24
367,,0.22,0.22,0.22,0.22,0.22,0.22,0.22,0.22
368,,0.2,0.2,0.2,0.2,0.2,0.2,0.2,0.2
369,,0.18,0.18,0.18,0.18,0.18,0.18,0.18,0.18
370,,0.16,0.16,0.16,0.16,0.16,0.16,0.16,0.16
371,,0.14,0.14,0.14,0.14,0.14,0.14,0.14,0.14
372,,0.12,0.12,0.12,0.12,0.12,0.12,0.12,0.12
373,,0.1,0.1,0.1,0.1,0.1,0.1,0.1,0.1
374,,0.08,0.08,0.08,0.08,0.08,0.08,0.08,0.08
375,,0.06,0.06,0.06,0.06,0.06,0.06,0.06,0.06
376,,0.04,0.04,0.04,0.04,0.04,0.04,0.04,0.04
377,,0.02,0.02,0.02,0.02,0.02,0.02,0.02,0.02
378,,0.0,0.0,0.0,0.0,0.0,0.0,0.0,0.0
379,,-0.02,-0.02,-0.02,-0.02,-0.02,-0.02,-0.02,-0.02
380,7,0.36,0.148,0.06,0.148,0.36,0.572,0.98,0.572
381,7,0.74,0.316,0.14,0.316,0.74,1.0,1.0,1.0
382,,0.72,0.296,0.12,0.296,0.72,0.98,0.98,0.98
383,,0.7,0.276,0.1,0.276,0.7,0.96,0.96,0.96
384,,0.68,0.256,0.08,0.256,0.68,0.94,0.94,0.94
385,,0.66,0.236,0.06,0.236,0.66,0.92,0.92,0.92
386,,0.64,0.216,0.04,0.216,0.64,0.9,0.9,0.9
387,,0.62,0.196,0.02,0.196,0.62,0.88,0.88,0.88
388,,0.6,0.176,0.0,0.176,0.6,0.86,0.86,0.86
389,,0.58,0.156,-0.02,0.156,0.58,0.84,0.84,0.84
390,3,0.96,0.748,0.98,0.748,0.96,1.0,0.92,1.0
391,3,1.0,1.0,1.0,1.0,1.0,1.0,1.0,1.0
392,,0.98,0.98,0.98,0.98,0.98,0.98,0.98,0.98
393,,0.96,0.96,0.96,0.96,0.96,0.96,0.96,0.96
394,,0.94,0.94,0.94,0.94,0.94,0.94,0.94,0.94
395,,0.92,0.92,0.92,0.92,0.92,0.92,0.92,0.92
396,,0.9,0.9,0.9,0.9,0.9,0.9,0.9,0.9
397,,0.88,0.88,0.88,0.88,0.88,0.88,0.88,0.88
398,,0.86,0.86,0.86,0.86,0.86,0.86,0.86,0.86
399,,0.84,0.84,0.84,0.84,0.84,0.84,0.84,0.84
400,,0.82,0.82,0.82,0.82,0.82,0.82,0.82,0.82
401,,0.8,0.8,0.8,0.8,0.8,0.8,0.8,0.8
402,,0.78,0.78,0.78,0.78,0.78,0.78,0.78,0.78
403,,0.76,0.76,0.76,0.76,0.76,0.76,0.76,0.76
404,,0.74,0.74,0.74,0.74,0.74,0.74,0.74,0.74
405,,0.72,0.72,0.72,0.72,0.72,0.72,0.72,0.72
406,,0.7,0.7,0.7,0.7,0.7,0.7,0.7,0.7
407,,0.68,0.68,0.68,0.68,0.68,0.68,0.68,0.68
408,,0.66,0.66,0.66,0.66,0.66,0.66,0.66,0.66
409,,0.64,0.64,0.64,0.64,0.64,0.64,0.64,0.64
410,,0.62,0.62,0.62,0.62,0.62,0.62,0.62,0.62
411,,0.6,0.6,0.6,0.6,0.6,0.6,0.6,0.6
412,,0.58,0.58,0.58,0.58,0.58,0.58,0.58,0.58
413,,0.56,0.56,0.56,0.56,0.56,0.56,0.56,0.56
414,,0.54,0.54,0.54,0.54,0.54,0.54,0.54,0.54
415,,0.52,0.52,0.52,0.52,0.52,0.52,0.52,0.52
416,,0.5,0.5,0.5,0.5,0.5,0.5,0.5,0.5
417,,0.48,0.48,0.48,0.48,0.48,0.48,0.48,0.48
418,,0.46,0.46,0.46,0.46,0.46,0.46,0.46,0.46
419,,0.44,0.44,0.44,0.44,0.44,0.44,0.44,0.44
420,,0.42,0.42,0.42,0.42,0.42,0.42,0.42,0.42
421,,0.4,0.4,0.4,0.4,0.4,0.4,0.4,0.4
422,,0.38,0.38,0.38,0.38,0.38,0.38,0.38,0.38
423,,0.36,0.36,0.36,0.36,0.36,0.36,0.36,0.36
424,,0.34,0.34,0.34,0.34,0.34,0.34,0.34,0.34
425,,0.32,0.32,0.32,0.32,0.32,0.32,0.32,0.32
426,,0.3,0.3,0.3,0.3,0.3,0.3,0.3,0.3
427,,0.28,0.28,0.28,0.28,0.28,0.28,0.28,0.28
428,,0.26,0.26,0.26,0.26,0.26,0.26,0.26,0.26
429,,0.24,0.24,0.24,0.24,0.24,0.24,0.24,0.24
430,,0.22,0.22,0.22,0.22,0.22,0.22,0.22,0.22
431,,0.2,0.2,0.2,0.2,0.2,0.2,0.2,0.2
432,,0.18,0.18,0.18,0.18,0.18,0.18,0.18,0.18
433,,0.16,0.16,0.16,0.16,0.16,0.16,0.16,0.16
434,,0.14,0.14,0.14,0.14,0.14,0.14,0.14,0.14
435,,0.12,0.12,0.12,0.12,0.12,0.12,0.12,0.12
436,,0.1,0.1,0.1,0.1,0.1,0.1,0.1,0.1
437,,0.08,0.08,0.08,0.08,0.08,0.08,0.08,0.08
438,,0.06,0.06,0.06,0.06,0.06,0.06,0.06,0.06
439,,0.04,0.04,0.04,0.04,0.04,0.04,0.04,0.04
440,,0.02,0.02,0.02,0.02,0.02,0.02,0.02,0.02
441,,0.0,0.0,0.0,0.0,0.0,0.0,0.0,0.0
442,,-0.02,-0.02,-0.02,-0.02,-0.02,-0.02,-0.02,-0.02
443,2,0.572,0.98,0.572,0.36,0.148,0.06,0.148,0.36
444,2,1.0,1.0,1.0,0.74,0.316,0.14,0.316,0.74
445,,0.98,0.98,0.98,0.72,0.296,0.12,0.296,0.72
446,,0.96,0.96,0.96,0.7,0.276,0.1,0.276,0.7
447,,0.94,0.94,0.94,0.68,0.256,0.08,0.256,0.68
448,,0.92,0.92,0.92,0.66,0.236,0.06,0.236,0.66
449,,0.9,0.9,0.9,0.64,0.216,0.04,0.216,0.64
450,,0.88,0.88,0.88,0.62,0.196,0.02,0.196,0.62
451,,0.86,0.86,0.86,0.6,0.176,0.0,0.176,0.6
452,,0.84,0.84,0.84,0.58,0.156,-0.02,0.156,0.58
453,6,1.0,0.92,1.0,0.96,0.748,0.98,0.748,0.96
454,6,1.0,1.0,1.0,1.0,1.0,1.0,1.0,1.0
455,,0.98,0.98,0.98,0.98,0.98,0.98,0.98,0.98
456,,0.96,0.96,0.96,0.96,0.96,0.96,0.96,0.96
457,,0.94,0.94,0.94,0.94,0.94,0.94,0.94,0.94
458,,0.92,0.92,0.92,0.92,0.92,0.92,0.92,0.92
459,,0.9,0.9,0.9,0.9,0.9,0.9,0.9,0.9
460,,0.88,0.88,0.88,0.88,0.88,0.88,0.88,0.88
461,,0.86,0.86,0.86,0.86,0.86,0.86,0.86,0.86
462,,0.84,0.84,0.84,0.84,0.84,0.84,0.84,0.84
463,,0.82,0.82,0.82,0.82,0.82,0.82,0.82,0.82
464,,0.8,0.8,0.8,0.8,0.8,0.8,0.8,0.8
465,,0.78,0.78,0.78,0.78,0.78,0.78,0.78,0.78
466,,0.76,0.76,0.76,0.76,0.76,0.76,0.76,0.76
467,,0.74,0.74,0.74,0.74,0.74,0.74,0.74,0.74
468,,0.72,0.72,0.72,0.72,0.72,0.72,0.72,0.72
469,,0.7,0.7,0.7,0.7,0.7,0.7,0.7,0.7
470,,0.68,0.68,0.68,0.68,0.68,0.68,0.68,0.68
471,,0.66,0.66,0.66,0.66,0.66,0.66,0.66,0.66
472,,0.64,0.64,0.64,0.64,0.64,0.64,0.64,0.64
473,,0.62,0.62,0.62,0.62,0.62,0.62,0.62,0.62
474,,0.6,0.6,0.6,0.6,0.6,0.6,0.6,0.6
475,,0.58,0.58,0.58,0.58,0.58,0.58,0.58,0.58
476,,0.56,0.56,0.56,0.56,0.56,0.56,0.56,0.56
477,,0.54,0.54,0.54,0.54,0.54,0.54,0.54,0.54
478,,0.52,0.52,0.52,0.52,0.52,0.52,0.52,0.52
479,,0.5,0.5,0.5,0.5,0.5,0.5,0.5,0.5
480,,0.48,0.48,0.48,0.48,0.48,0.48,0.48,0.48
481,,0.46,0.46,0.46,0.46,0.46,0.46,0.46,0.46
482,,0.44,0.44,0.44,0.44,0.44,0.44,0.44,0.44
483,,0.42,0.42,0.42,0.42,0.42,0.42,0.42,0.42
484,,0.4,0.4,0.4,0.4,0.4,0.4,0.4,0.4
485,,0.38,0.38,0.38,0.38,0.38,0.38,0.38,0.38
486,,0.36,0.36,0.36,0.36,0.36,0.36,0.36,0.36
487,,0.34,0.34,0.34,0.34,0.34,0.34,0.34,0.34
488,,0.32,0.32,0.32,0.32,0.32,0.32,0.32,0.32
489,,0.3,0.3,0.3,0.3,0.3,0.3,0.3,0.3
490,,0.28,0.28,0.28,0.28,0.28,0.28,0.28,0.28
491,,0.26,0.26,0.26,0.26,0.26,0.26,0.26,0.26
492,,0.24,0.24,0.24,0.24,0.24,0.24,0.24,0.24
493,,0.22,0.22,0.22,0.22,0.22,0.22,0.22,0.22
494,,0.2,0.2,0.2,0.2,0.2,0.2,0.2,0.2
495,,0.18,0.18,0.18,0.18,0.18,0.18,0.18,0.18
496,,0.16,0.16,0.16,0.16,0.16,0.16,0.16,0.16
497,,0.14,0.14,0.14,0.14,0.14,0.14,0.14,0.14
498,,0.12,0.12,0.12,0.12,0.12,0.12,0.12,0.12
499,,0.1,0.1,0.1,0.1,0.1,0.1,0.1,0.1
