step,active_motive,motive_1,motive_2,motive_3,motive_4,motive_5,motive_6,motive_7,motive_8
0,,0.07442,0.07209,0.03081,0.05425,0.05088,0.06363,0.02505,0.05899
1,,0.05442,0.05209,0.01081,0.03425,0.03088,0.04363,0.00505,0.03899
2,,0.03442,0.03209,-0.00919,0.01425,0.01088,0.02363,-0.01495,0.01899
3,7,0.41442,0.20009,0.07081,0.18225,0.39088,0.61563,0.98505,0.61099
4,7,0.79442,0.36809,0.15081,0.35025,0.77088,1.0,1.0,1.0
5,,0.77442,0.34809,0.13081,0.33025,0.75088,0.98,0.98,0.98
6,,0.75442,0.32809,0.11081,0.31025,0.73088,0.96,0.96,0.96
7,,0.73442,0.30809,0.09081,0.29025,0.71088,0.94,0.94,0.94
8,,0.71442,0.28809,0.07081,0.27025,0.69088,0.92,0.92,0.92
9,,0.69442,0.26809,0.05081,0.25025,0.67088,0.9,0.9,0.9
10,,0.67442,0.24809,0.03081,0.23025,0.65088,0.88,0.88,0.88
11,,0.65442,0.22809,0.01081,0.21025,0.63088,0.86,0.86,0.86
12,,0.63442,0.20809,-0.00919,0.19025,0.61088,0.84,0.84,0.84
13,3,1.0,0.80009,0.99081,0.78225,0.99088,1.0,0.92,1.0
14,3,1.0,1.0,1.0,1.0,1.0,1.0,1.0,1.0
15,,0.98,0.98,0.98,0.98,0.98,0.98,0.98,0.98
16,,0.96,0.96,0.96,0.96,0.96,0.96,0.96,0.96
17,,0.94,0.94,0.94,0.94,0.94,0.94,0.94,0.94
18,,0.92,0.92,0.92,0.92,0.92,0.92,0.92,0.92
19,,0.9,0.9,0.9,0.9,0.9,0.9,0.9,0.9
20,,0.88,0.88,0.88,0.88,0.88,0.88,0.88,0.88
21,,0.86,0.86,0.86,0.86,0.86,0.86,0.86,0.86
22,,0.84,0.84,0.84,0.84,0.84,0.84,0.84,0.84
23,,0.82,0.82,0.82,0.82,0.82,0.82,0.82,0.82
24,,0.8,0.8,0.8,0.8,0.8,0.8,0.8,0.8
25,,0.78,0.78,0.78,0.78,0.78,0.78,0.78,0.78
26,,0.76,0.76,0.76,0.76,0.76,0.76,0.76,0.76
27,,0.74,0.74,0.74,0.74,0.74,0.74,0.74,0.74
28,,0.72,0.72,0.72,0.72,0.72,0.72,0.72,0.72
29,,0.7,0.7,0.7,0.7,0.7,0.7,0.7,0.7
30,,0.68,0.68,0.68,0.68,0.68,0.68,0.68,0.68
31,,0.66,0.66,0.66,0.66,0.66,0.66,0.66,0.66
32,,0.64,0.64,0.64,0.64,0.64,0.64,0.64,0.64
33,,0.62,0.62,0.62,0.62,0.62,0.62,0.62,0.62
34,,0.6,0.6,0.6,0.6,0.6,0.6,0.6,0.6
35,,0.58,0.58,0.58,0.58,0.58,0.58,0.58,0.58
36,,0.56,0.56,0.56,0.56,0.56,0.56,0.56,0.56
37,,0.54,0.54,0.54,0.54,0.54,0.54,0.54,0.54
38,,0.52,0.52,0.52,0.52,0.52,0.52,0.52,0.52
39,,0.5,0.5,0.5,0.5,0.5,0.5,0.5,0.5
40,,0.48,0.48,0.48,0.48,0.48,0.48,0.48,0.48
41,,0.46,0.46,0.46,0.46,0.46,0.46,0.46,0.46
42,,0.44,0.44,0.44,0.44,0.44,0.44,0.44,0.44
43,,0.42,0.42,0.42,0.42,0.42,0.42,0.42,0.42
44,,0.4,0.4,0.4,0.4,0.4,0.4,0.4,0.4
45,,0.38,0.38,0.38,0.38,0.38,0.38,0.38,0.38
46,,0.36,0.36,0.36,0.36,0.36,0.36,0.36,0.36
47,,0.34,0.34,0.34,0.34,0.34,0.34,0.34,0.34
48,,0.32,0.32,0.32,0.32,0.32,0.32,0.32,0.32
49,,0.3,0.3,0.3,0.3,0.3,0.3,0.3,0.3
50,,0.28,0.28,0.28,0.28,0.28,0.28,0.28,0.28
51,,0.26,0.26,0.26,0.26,0.26,0.26,0.26,0.26
52,,0.24,0.24,0.24,0.24,0.24,0.24,0.24,0.24
53,,0.22,0.22,0.22,0.22,0.22,0.22,0.22,0.22
54,,0.2,0.2,0.2,0.2,0.2,0.2,0.2,0.2
55,,0.18,0.18,0.18,0.18,0.18,0.18,0.18,0.18
56,,0.16,0.16,0.16,0.16,0.16,0.16,0.16,0.16
57,,0.14,0.14,0.14,0.14,0.14,0.14,0.14,0.14
58,,0.12,0.12,0.12,0.12,0.12,0.12,0.12,0.12
59,,0.1,0.1,0.1,0.1,0.1,0.1,0.1,0.1
60,,0.08,0.08,0.08,0.08,0.08,0.08,0.08,0.08
61,,0.06,0.06,0.06,0.06,0.06,0.06,0.06,0.06
62,,0.04,0.04,0.04,0.04,0.04,0.04,0.04,0.04
63,,0.02,0.02,0.02,0.02,0.02,0.02,0.02,0.02
64,,0.0,0.0,0.0,0.0,0.0,0.0,0.0,0.0
65,,-0.02,-0.02,-0.02,-0.02,-0.02,-0.02,-0.02,-0.02
66,6,0.148,0.06,0.148,0.36,0.572,0.98,0.572,0.36
67,6,0.316,0.14,0.316,0.74,1.0,1.0,1.0,0.74
68,,0.296,0.12,0.296,0.72,0.98,0.98,0.98,0.72
69,,0.276,0.1,0.276,0.7,0.96,0.96,0.96,0.7
70,,0.256,0.08,0.256,0.68,0.94,0.94,0.94,0.68
71,,0.236,0.06,0.236,0.66,0.92,0.92,0.92,0.66
72,,0.216,0.04,0.216,0.64,0.9,0.9,0.9,0.64
73,,0.196,0.02,0.196,0.62,0.88,0.88,0.88,0.62
74,,0.176,0.0,0.176,0.6,0.86,0.86,0.86,0.6
75,,0.156,-0.02,0.156,0.58,0.84,0.84,0.84,0.58
76,2,0.748,0.98,0.748,0.96,1.0,0.92,1.0,0.96
77,2,1.0,1.0,1.0,1.0,1.0,1.0,1.0,1.0
78,,0.98,0.98,0.98,0.98,0.98,0.98,0.98,0.98
79,,0.96,0.96,0.96,0.96,0.96,0.96,0.96,0.96
80,,0.94,0.94,0.94,0.94,0.94,0.94,0.94,0.94
81,,0.92,0.92,0.92,0.92,0.92,0.92,0.92,0.92
82,,0.9,0.9,0.9,0.9,0.9,0.9,0.9,0.9
83,,0.88,0.88,0.88,0.88,0.88,0.88,0.88,0.88
84,,0.86,0.86,0.86,0.86,0.86,0.86,0.86,0.86
85,,0.84,0.84,0.84,0.84,0.84,0.84,0.84,0.84
86,,0.82,0.82,0.82,0.82,0.82,0.82,0.82,0.82
87,,0.8,0.8,0.8,0.8,0.8,0.8,0.8,0.8
88,,0.78,0.78,0.78,0.78,0.78,0.78,0.78,0.78
89,,0.76,0.76,0.76,0.76,0.76,0.76,0.76,0.76
90,,0.74,0.74,0.74,0.74,0.74,0.74,0.74,0.74
91,,0.72,0.72,0.72,0.72,0.72,0.72,0.72,0.72
92,,0.7,0.7,0.7,0.7,0.7,0.7,0.7,0.7
93,,0.68,0.68,0.68,0.68,0.68,0.68,0.68,0.68
94,,0.66,0.66,0.66,0.66,0.66,0.66,0.66,0.66
95,,0.64,0.64,0.64,0.64,0.64,0.64,0.64,0.64
96,,0.62,0.62,0.62,0.62,0.62,0.62,0.62,0.62
97,,0.6,0.6,0.6,0.6,0.6,0.6,0.6,0.6
98,,0.58,0.58,0.58,0.58,0.58,0.58,0.58,0.58
99,,0.56,0.56,0.56,0.56,0.56,0.56,0.56,0.56
100,,0.54,0.54,0.54,0.54,0.54,0.54,0.54,0.54
101,,0.52,0.52,0.52,0.52,0.52,0.52,0.52,0.52
102,,0.5,0.5,0.5,0.5,0.5,0.5,0.5,0.5
103,,0.48,0.48,0.48,0.48,0.48,0.48,0.48,0.48
104,,0.46,0.46,0.46,0.46,0.46,0.46,0.46,0.46
105,,0.44,0.44,0.44,0.44,0.44,0.44,0.44,0.44
106,,0.42,0.42,0.42,0.42,0.42,0.42,0.42,0.42
107,,0.4,0.4,0.4,0.4,0.4,0.4,0.4,0.4
108,,0.38,0.38,0.38,0.38,0.38,0.38,0.38,0.38
109,,0.36,0.36,0.36,0.36,0.36,0.36,0.36,0.36
110,,0.34,0.34,0.34,0.34,0.34,0.34,0.34,0.34
111,,0.32,0.32,0.32,0.32,0.32,0.32,0.32,0.32
112,,0.3,0.3,0.3,0.3,0.3,0.3,0.3,0.3
113,,0.28,0.28,0.28,0.28,0.28,0.28,0.28,0.28
114,,0.26,0.26,0.26,0.26,0.26,0.26,0.26,0.26
115,,0.24,0.24,0.24,0.24,0.24,0.24,0.24,0.24
116,,0.22,0.22,0.22,0.22,0.22,0.22,0.22,0.22
117,,0.2,0.2,0.2,0.2,0.2,0.2,0.2,0.2
118,,0.18,0.18,0.18,0.18,0.18,0.18,0.18,0.18
119,,0.16,0.16,0.16,0.16,0.16,0.16,0.16,0.16
120,,0.14,0.14,0.14,0.14,0.14,0.14,0.14,0.14
121,,0.12,0.12,0.12,0.12,0.12,0.12,0.12,0.12
122,,0.1,0.1,0.1,0.1,0.1,0.1,0.1,0.1
123,,0.08,0.08,0.08,0.08,0.08,0.08,0.08,0.08
124,,0.06,0.06,0.06,0.06,0.06,0.06,0.06,0.06
125,,0.04,0.04,0.04,0.04,0.04,0.04,0.04,0.04
126,,0.02,0.02,0.02,0.02,0.02,0.02,0.02,0.02
127,,0.0,0.0,0.0,0.0,0.0,0.0,0.0,0.0
128,,-0.02,-0.02,-0.02,-0.02,-0.02,-0.02,-0.02,-0.02
129,5,0.06,0.148,0.36,0.572,0.98,0.572,0.36,0.148
130,5,0.14,0.316,0.74,1.0,1.0,1.0,0.74,0.316
131,,0.12,0.296,0.72,0.98,0.98,0.98,0.72,0.296
132,,0.1,0.276,0.7,0.96,0.96,0.96,0.7,0.276
133,,0.08,0.256,0.68,0.94,0.94,0.94,0.68,0.256
134,,0.06,0.236,0.66,0.92,0.92,0.92,0.66,0.236
135,,0.04,0.216,0.64,0.9,0.9,0.9,0.64,0.216
136,,0.02,0.196,0.62,0.88,0.88,0.88,0.62,0.196
137,,0.0,0.176,0.6,0.86,0.86,0.86,0.6,0.176
138,,-0.02,0.156,0.58,0.84,0.84,0.84,0.58,0.156
139,1,0.98,0.748,0.96,1.0,0.92,1.0,0.96,0.748
140,1,1.0,1.0,1.0,1.0,1.0,1.0,1.0,1.0
141,,0.98,0.98,0.98,0.98,0.98,0.98,0.98,0.98
142,,0.96,0.96,0.96,0.96,0.96,0.96,0.96,0.96
143,,0.94,0.94,0.94,0.94,0.94,0.94,0.94,0.94
144,,0.92,0.92,0.92,0.92,0.92,0.92,0.92,0.92
145,,0.9,0.9,0.9,0.9,0.9,0.9,0.9,0.9
146,,0.88,0.88,0.88,0.88,0.88,0.88,0.88,0.88
147,,0.86,0.86,0.86,0.86,0.86,0.86,0.86,0.86
148,,0.84,0.84,0.84,0.84,0.84,0.84,0.84,0.84
149,,0.82,0.82,0.82,0.82,0.82,0.82,0.82,0.82
150,,0.8,0.8,0.8,0.8,0.8,0.8,0.8,0.8
151,,0.78,0.78,0.78,0.78,0.78,0.78,0.78,0.78
152,,0.76,0.76,0.76,0.76,0.76,0.76,0.76,0.76
153,,0.74,0.74,0.74,0.74,0.74,0.74,0.74,0.74
154,,0.72,0.72,0.72,0.72,0.72,0.72,0.72,0.72
155,,0.7,0.7,0.7,0.7,0.7,0.7,0.7,0.7
156,,0.68,0.68,0.68,0.68,0.68,0.68,0.68,0.68
157,,0.66,0.66,0.66,0.66,0.66,0.66,0.66,0.66
158,,0.64,0.64,0.64,0.64,0.64,0.64,0.64,0.64
159,,0.62,0.62,0.62,0.62,0.62,0.62,0.62,0.62
160,,0.6,0.6,0.6,0.6,0.6,0.6,0.6,0.6
161,,0.58,0.58,0.58,0.58,0.58,0.58,0.58,0.58
162,,0.56,0.56,0.56,0.56,0.56,0.56,0.56,0.56
163,,0.54,0.54,0.54,0.54,0.54,0.54,0.54,0.54
164,,0.52,0.52,0.52,0.52,0.52,0.52,0.52,0.52
165,,0.5,0.5,0.5,0.5,0.5,0.5,0.5,0.5
166,,0.48,0.48,0.48,0.48,0.48,0.48,0.48,0.48
167,,0.46,0.46,0.46,0.46,0.46,0.46,0.46,0.46
168,,0.44,0.44,0.44,0.44,0.44,0.44,0.44,0.44
169,,0.42,0.42,0.42,0.42,0.42,0.42,0.42,0.42
170,,0.4,0.4,0.4,0.4,0.4,0.4,0.4,0.4
171,,0.38,0.38,0.38,0.38,0.38,0.38,0.38,0.38
172,,0.36,0.36,0.36,0.36,0.36,0.36,0.36,0.36
173,,0.34,0.34,0.34,0.34,0.34,0.34,0.34,0.34
174,,0.32,0.32,0.32,0.32,0.32,0.32,0.32,0.32
175,,0.3,0.3,0.3,0.3,0.3,0.3,0.3,0.3
176,,0.28,0.28,0.28,0.28,0.28,0.28,0.28,0.28
177,,0.26,0.26,0.26,0.26,0.26,0.26,0.26,0.26
178,,0.24,0.24,0.24,0.24,0.24,0.24,0.24,0.24
179,,0.22,0.22,0.22,0.22,0.22,0.22,0.22,0.22
180,,0.2,0.2,0.2,0.2,0.2,0.2,0.2,0.2
181,,0.18,0.18,0.18,0.18,0.18,0.18,0.18,0.18
182,,0.16,0.16,0.16,0.16,0.16,0.16,0.16,0.16
183,,0.14,0.14,0.14,0.14,0.14,0.14,0.14,0.14
184,,0.12,0.12,0.12,0.12,0.12,0.12,0.12,0.12
185,,0.1,0.1,0.1,0.1,0.1,0.1,0.1,0.1
186,,0.08,0.08,0.08,0.08,0.08,0.08,0.08,0.08
187,,0.06,0.06,0.06,0.06,0.06,0.06,0.06,0.06
188,,0.04,0.04,0.04,0.04,0.04,0.04,0.04,0.04
189,,0.02,0.02,0.02,0.02,0.02,0.02,0.02,0.02
190,,0.0,0.0,0.0,0.0,0.0,0.0,0.0,0.0
191,,-0.02,-0.02,-0.02,-0.02,-0.02,-0.02,-0.02,-0.02
192,3,0.36,0.572,0.98,0.572,0.36,0.148,0.06,0.148
193,3,0.74,1.0,1.0,1.0,0.74,0.316,0.14,0.316
194,,0.72,0.98,0.98,0.98,0.72,0.296,0.12,0.296
195,,0.7,0.96,0.96,0.96,0.7,0.276,0.1,0.276
196,,0.68,0.94,0.94,0.94,0.68,0.256,0.08,0.256
197,,0.66,0.92,0.92,0.92,0.66,0.236,0.06,0.236
198,,0.64,0.9,0.9,0.9,0.64,0.216,0.04,0.216
199,,0.62,0.88,0.88,0.88,0.62,0.196,0.02,0.196
200,,0.6,0.86,0.86,0.86,0.6,0.176,0.0,0.176
201,,0.58,0.84,0.84,0.84,0.58,0.156,-0.02,0.156
202,7,0.96,1.0,0.92,1.0,0.96,0.748,0.98,0.748
203,7,1.0,1.0,1.0,1.0,1.0,1.0,1.0,1.0
204,,0.98,0.98,0.98,0.98,0.98,0.98,0.98,0.98
205,,0.96,0.96,0.96,0.96,0.96,0.96,0.96,0.96
206,,0.94,0.94,0.94,0.94,0.94,0.94,0.94,0.94
207,,0.92,0.92,0.92,0.92,0.92,0.92,0.92,0.92
208,,0.9,0.9,0.9,0.9,0.9,0.9,0.9,0.9
209,,0.88,0.88,0.88,0.88,0.88,0.88,0.88,0.88
210,,0.86,0.86,0.86,0.86,0.86,0.86,0.86,0.86
211,,0.84,0.84,0.84,0.84,0.84,0.84,0.84,0.84
212,,0.82,0.82,0.82,0.82,0.82,0.82,0.82,0.82
213,,0.8,0.8,0.8,0.8,0.8,0.8,0.8,0.8
214,,0.78,0.78,0.78,0.78,0.78,0.78,0.78,0.78
215,,0.76,0.76,0.76,0.76,0.76,0.76,0.76,0.76
216,,0.74,0.74,0.74,0.74,0.74,0.74,0.74,0.74
217,,0.72,0.72,0.72,0.72,0.72,0.72,0.72,0.72
218,,0.7,0.7,0.7,0.7,0.7,0.7,0.7,0.7
219,,0.68,0.68,0.68,0.68,0.68,0.68,0.68,0.68
220,,0.66,0.66,0.66,0.66,0.66,0.66,0.66,0.66
221,,0.64,0.64,0.64,0.64,0.64,0.64,0.64,0.64
222,,0.62,0.62,0.62,0.62,0.62,0.62,0.62,0.62
223,,0.6,0.6,0.6,0.6,0.6,0.6,0.6,0.6
224,,0.58,0.58,0.58,0.58,0.58,0.58,0.58,0.58
225,,0.56,0.56,0.56,0.56,0.56,0.56,0.56,0.56
226,,0.54,0.54,0.54,0.54,0.54,0.54,0.54,0.54
227,,0.52,0.52,0.52,0.52,0.52,0.52,0.52,0.52
228,,0.5,0.5,0.5,0.5,0.5,0.5,0.5,0.5
229,,0.48,0.48,0.48,0.48,0.48,0.48,0.48,0.48
230,,0.46,0.46,0.46,0.46,0.46,0.46,0.46,0.46
231,,0.44,0.44,0.44,0.44,0.44,0.44,0.44,0.44
232,,0.42,0.42,0.42,0.42,0.42,0.42,0.42,0.42
233,,0.4,0.4,0.4,0.4,0.4,0.4,0.4,0.4
234,,0.38,0.38,0.38,0.38,0.38,0.38,0.38,0.38
235,,0.36,0.36,0.36,0.36,0.36,0.36,0.36,0.36
236,,0.34,0.34,0.34,0.34,0.34,0.34,0.34,0.34
237,,0.32,0.32,0.32,0.32,0.32,0.32,0.32,0.32
238,,0.3,0.3,0.3,0.3,0.3,0.3,0.3,0.3
239,,0.28,0.28,0.28,0.28,0.28,0.28,0.28,0.28
240,,0.26,0.26,0.26,0.26,0.26,0.26,0.26,0.26
241,,0.24,0.24,0.24,0.24,0.24,0.24,0.24,0.24
242,,0.22,0.22,0.22,0.22,0.22,0.22,0.22,0.22
243,,0.2,0.2,0.2,0.2,0.2,0.2,0.2,0.2
244,,0.18,0.18,0.18,0.18,0.18,0.18,0.18,0.18
245,,0.16,0.16,0.16,0.16,0.16,0.16,0.16,0.16
246,,0.14,0.14,0.14,0.14,0.14,0.14,0.14,0.14
247,,0.12,0.12,0.12,0.12,0.12,0.12,0.12,0.12
248,,0.1,0.1,0.1,0.1,0.1,0.1,0.1,0.1
249,,0.08,0.08,0.08,0.08,0.08,0.08,0.08,0.08
250,,0.06,0.06,0.06,0.06,0.06,0.06,0.06,0.06
251,,0.04,0.04,0.04,0.04,0.04,0.04,0.04,0.04
252,,0.02,0.02,0.02,0.02,0.02,0.02,0.02,0.02
253,,0.0,0.0,0.0,0.0,0.0,0.0,0.0,0.0
254,,-0.02,-0.02,-0.02,-0.02,-0.02,-0.02,-0.02,-0.02
255,6,0.148,0.06,0.148,0.36,0.572,0.98,0.572,0.36
256,6,0.316,0.14,0.316,0.74,1.0,1.0,1.0,0.74
257,,0.296,0.12,0.296,0.72,0.98,0.98,0.98,0.72
258,,0.276,0.1,0.276,0.7,0.96,0.96,0.96,0.7
259,,0.256,0.08,0.256,0.68,0.94,0.94,0.94,0.68
260,,0.236,0.06,0.236,0.66,0.92,0.92,0.92,0.66
261,,0.216,0.04,0.216,0.64,0.9,0.9,0.9,0.64
262,,0.196,0.02,0.196,0.62,0.88,0.88,0.88,0.62
263,,0.176,0.0,0.176,0.6,0.86,0.86,0.86,0.6
264,,0.156,-0.02,0.156,0.58,0.84,0.84,0.84,0.58
265,2,0.748,0.98,0.748,0.96,1.0,0.92,1.0,0.96
266,2,1.0,1.0,1.0,1.0,1.0,1.0,1.0,1.0
267,,0.98,0.98,0.98,0.98,0.98,0.98,0.98,0.98
268,,0.96,0.96,0.96,0.96,0.96,0.96,0.96,0.96
269,,0.94,0.94,0.94,0.94,0.94,0.94,0.94,0.94
270,,0.92,0.92,0.92,0.92,0.92,0.92,0.92,0.92
271,,0.9,0.9,0.9,0.9,0.9,0.9,0.9,0.9
272,,0.88,0.88,0.88,0.88,0.88,0.88,0.88,0.88
273,,0.86,0.86,0.86,0.86,0.86,0.86,0.86,0.86
274,,0.84,0.84,0.84,0.84,0.84,0.84,0.84,0.84
275,,0.82,0.82,0.82,0.82,0.82,0.82,0.82,0.82
276,,0.8,0.8,0.8,0.8,0.8,0.8,0.8,0.8
277,,0.78,0.78,0.78,0.78,0.78,0.78,0.78,0.78
278,,0.76,0.76,0.76,0.76,0.76,0.76,0.76,0.76
279,,0.74,0.74,0.74,0.74,0.74,0.74,0.74,0.74
280,,0.72,0.72,0.72,0.72,0.72,0.72,0.72,0.72
281,,0.7,0.7,0.7,0.7,0.7,0.7,0.7,0.7
282,,0.68,0.68,0.68,0.68,0.68,0.68,0.68,0.68
283,,0.66,0.66,0.66,0.66,0.66,0.66,0.66,0.66
284,,0.64,0.64,0.64,0.64,0.64,0.64,0.64,0.64
285,,0.62,0.62,0.62,0.62,0.62,0.62,0.62,0.62
286,,0.6,0.6,0.6,0.6,0.6,0.6,0.6,0.6
287,,0.58,0.58,0.58,0.58,0.58,0.58,0.58,0.58
288,,0.56,0.56,0.56,0.56,0.56,0.56,0.56,0.56
289,,0.54,0.54,0.54,0.54,0.54,0.54,0.54,0.54
290,,0.52,0.52,0.52,0.52,0.52,0.52,0.52,0.52
291,,0.5,0.5,0.5,0.5,0.5,0.5,0.5,0.5
292,,0.48,0.48,0.48,0.48,0.48,0.48,0.48,0.48
293,,0.46,0.46,0.46,0.46,0.46,0.46,0.46,0.46
294,,0.44,0.44,0.44,0.44,0.44,0.44,0.44,0.44
295,,0.42,0.42,0.42,0.42,0.42,0.42,0.42,0.42
296,,0.4,0.4,0.4,0.4,0.4,0.4,0.4,0.4
297,,0.38,0.38,0.38,0.38,0.38,0.38,0.38,0.38
298,,0.36,0.36,0.36,0.36,0.36,0.36,0.36,0.36
299,,0.34,0.34,0.34,0.34,0.34,0.34,0.34,0.34
300,,0.32,0.32,0.32,0.32,0.32,0.32,0.32,0.32
301,,0.3,0.3,0.3,0.3,0.3,0.3,0.3,0.3
302,,0.28,0.28,0.28,0.28,0.28,0.28,0.28,0.28
303,,0.26,0.26,0.26,0.26,0.26,0.26,0.26,0.26
304,,0.24,0.24,0.24,0.24,0.24,0.24,0.24,0.24
305,,0.22,0.22,0.22,0.22,0.22,0.22,0.22,0.22
306,,0.2,0.2,0.2,0.2,0.2,0.2,0.2,0.2
307,,0.18,0.18,0.18,0.18,0.18,0.18,0.18,0.18
308,,0.16,0.16,0.16,0.16,0.16,0.16,0.16,0.16
309,,0.14,0.14,0.14,0.14,0.14,0.14,0.14,0.14
310,,0.12,0.12,0.12,0.12,0.12,0.12,0.12,0.12
311,,0.1,0.1,0.1,0.1,0.1,0.1,0.1,0.1
312,,0.08,0.08,0.08,0.08,0.08,0.08,0.08,0.08
313,,0.06,0.06,0.06,0.06,0.06,0.06,0.06,0.06
314,,0.04,0.04,0.04,0.04,0.04,0.04,0.04,0.04
315,,0.02,0.02,0.02,0.02,0.02,0.02,0.02,0.02
316,,0.0,0.0,0.0,0.0,0.0,0.0,0.0,0.0
317,,-0.02,-0.02,-0.02,-0.02,-0.02,-0.02,-0.02,-0.02
318,8,0.572,0.36,0.148,0.06,0.148,0.36,0.572,0.98
319,8,1.0,0.74,0.316,0.14,0.316,0.74,1.0,1.0
320,,0.98,0.72,0.296,0.12,0.296,0.72,0.98,0.98
321,,0.96,0.7,0.276,0.1,0.276,0.7,0.96,0.96
322,,0.94,0.68,0.256,0.08,0.256,0.68,0.94,0.94
323,,0.92,0.66,0.236,0.06,0.236,0.66,0.92,0.92
324,,0.9,0.64,0.216,0.04,0.216,0.64,0.9,0.9
325,,0.88,0.62,0.196,0.02,0.196,0.62,0.88,0.88
326,,0.86,0.6,0.176,0.0,0.176,0.6,0.86,0.86
327,,0.84,0.58,0.156,-0.02,0.156,0.58,0.84,0.84
328,4,1.0,0.96,0.748,0.98,0.748,0.96,1.0,0.92
329,4,1.0,1.0,1.0,1.0,1.0,1.0,1.0,1.0
330,,0.98,0.98,0.98,0.98,0.98,0.98,0.98,0.98
331,,0.96,0.96,0.96,0.96,0.96,0.96,0.96,0.96
332,,0.94,0.94,0.94,0.94,0.94,0.94,0.94,0.94
333,,0.92,0.92,0.92,0.92,0.92,0.92,0.92,0.92
334,,0.9,0.9,0.9,0.9,0.9,0.9,0.9,0.9
335,,0.88,0.88,0.88,0.88,0.88,0.88,0.88,0.88
336,,0.86,0.86,0.86,0.86,0.86,0.86,0.86,0.86
337,,0.84,0.84,0.84,0.84,0.84,0.84,0.84,0.84
338,,0.82,0.82,0.82,0.82,0.82,0.82,0.82,0.82
339,,0.8,0.8,0.8,0.8,0.8,0.8,0.8,0.8
340,,0.78,0.78,0.78,0.78,0.78,0.78,0.78,0.78
341,,0.76,0.76,0.76,0.76,0.76,0.76,0.76,0.76
342,,0.74,0.74,0.74,0.74,0.74,0.74,0.74,0.74
343,,0.72,0.72,0.72,0.72,0.72,0.72,0.72,0.72
344,,0.7,0.7,0.7,0.7,0.7,0.7,0.7,0.7
345,,0.68,0.68,0.68,0.68,0.68,0.68,0.68,0.68
346,,0.66,0.66,0.66,0.66,0.66,0.66,0.66,0.66
347,,0.64,0.64,0.64,0.64,0.64,0.64,0.64,0.64
348,,0.62,0.62,0.62,0.62,0.62,0.62,0.62,0.62
349,,0.6,0.6,0.6,0.6,0.6,0.6,0.6,0.6
350,,0.58,0.58,0.58,0.58,0.58,0.58,0.58,0.58
351,,0.56,0.56,0.56,0.56,0.56,0.56,0.56,0.56
352,,0.54,0.54,0.54,0.54,0.54,0.54,0.54,0.54
353,,0.52,0.52,0.52,0.52,0.52,0.52,0.52,0.52
354,,0.5,0.5,0.5,0.5,0.5,0.5,0.5,0.5
355,,0.48,0.48,0.48,0.48,0.48,0.48,0.48,0.48
356,,0.46,0.46,0.46,0.46,0.46,0.46,0.46,0.46
357,,0.44,0.44,0.44,0.44,0.44,0.44,0.44,0.44
358,,0.42,0.42,0.42,0.42,0.42,0.42,0.42,0.42
359,,0.4,0.4,0.4,0.4,0.4,0.4,0.4,0.4
360,,0.38,0.38,0.38,0.38,0.38,0.38,0.38,0.38
361,,0.36,0.36,0.36,0.36,0.36,0.36,0.36,0.36
362,,0.34,0.34,0.34,0.34,0.34,0.34,0.34,0.34
363,,0.32,0.32,0.32,0.32,0.32,0.32,0.32,0.32
364,,0.3,0.3,0.3,0.3,0.3,0.3,0.3,0.3
365,,0.28,0.28,0.28,0.28,0.28,0.28,0.28,0.28
366,,0.26,0.26,0.26,0.26,0.26,0.26,0.26,0.26
367,,0.24,0.24,0.24,0.24,0.24,0.24,0.24,0.24
368,,0.22,0.22,0.22,0.22,0.22,0.22,0.22,0.22
369,,0.2,0.2,0.2,0.2,0.2,0.2,0.2,0.2
370,,0.18,0.18,0.18,0.18,0.18,0.18,0.18,0.18
371,,0.16,0.16,0.16,0.16,0.16,0.16,0.16,0.16
372,,0.14,0.14,0.14,0.14,0.14,0.14,0.14,0.14
373,,0.12,0.12,0.12,0.12,0.12,0.12,0.12,0.12
374,,0.1,0.1,0.1,0.1,0.1,0.1,0.1,0.1
375,,0.08,0.08,0.08,0.08,0.08,0.08,0.08,0.08
376,,0.06,0.06,0.06,0.06,0.06,0.06,0.06,0.06
377,,0.04,0.04,0.04,0.04,0.04,0.04,0.04,0.04
378,,0.02,0.02,0.02,0.02,0.02,0.02,0.02,0.02
379,,0.0,0.0,0.0,0.0,0.0,0.0,0.0,0.0
380,,-0.02,-0.02,-0.02,-0.02,-0.02,-0.02,-0.02,-0.02
381,3,0.36,0.572,0.98,0.572,0.36,0.148,0.06,0.148
382,3,0.74,1.0,1.0,1.0,0.74,0.316,0.14,0.316
383,,0.72,0.98,0.98,0.98,0.72,0.296,0.12,0.296
384,,0.7,0.96,0.96,0.96,0.7,0.276,0.1,0.276
385,,0.68,0.94,0.94,0.94,0.68,0.256,0.08,0.256
386,,0.66,0.92,0.92,0.92,0.66,0.236,0.06,0.236
387,,0.64,0.9,0.9,0.9,0.64,0.216,0.04,0.216
388,,0.62,0.88,0.88,0.88,0.62,0.196,0.02,0.196
389,,0.6,0.86,0.86,0.86,0.6,0.176,0.0,0.176
390,,0.58,0.84,0.84,0.84,0.58,0.156,-0.02,0.156
391,7,0.96,1.0,0.92,1.0,0.96,0.748,0.98,0.748
392,7,1.0,1.0,1.0,1.0,1.0,1.0,1.0,1.0
393,,0.98,0.98,0.98,0.98,0.98,0.98,0.98,0.98
394,,0.96,0.96,0.96,0.96,0.96,0.96,0.96,0.96
395,,0.94,0.94,0.94,0.94,0.94,0.94,0.94,0.94
396,,0.92,0.92,0.92,0.92,0.92,0.92,0.92,0.92
397,,0.9,0.9,0.9,0.9,0.9,0.9,0.9,0.9
398,,0.88,0.88,0.88,0.88,0.88,0.88,0.88,0.88
399,,0.86,0.86,0.86,0.86,0.86,0.86,0.86,0.86
400,,0.84,0.84,0.84,0.84,0.84,0.84,0.84,0.84
401,,0.82,0.82,0.82,0.82,0.82,0.82,0.82,0.82
402,,0.8,0.8,0.8,0.8,0.8,0.8,0.8,0.8
403,,0.78,0.78,0.78,0.78,0.78,0.78,0.78,0.78
404,,0.76,0.76,0.76,0.76,0.76,0.76,0.76,0.76
405,,0.74,0.74,0.74,0.74,0.74,0.74,0.74,0.74
406,,0.72,0.72,0.72,0.72,0.72,0.72,0.72,0.72
407,,0.7,0.7,0.7,0.7,0.7,0.7,0.7,0.7
408,,0.68,0.68,0.68,0.68,0.68,0.68,0.68,0.68
409,,0.66,0.66,0.66,0.66,0.66,0.66,0.66,0.66
410,,0.64,0.64,0.64,0.64,0.64,0.64,0.64,0.64
411,,0.62,0.62,0.62,0.62,0.62,0.62,0.62,0.62
412,,0.6,0.6,0.6,0.6,0.6,0.6,0.6,0.6
413,,0.58,0.58,0.58,0.58,0.58,0.58,0.58,0.58
414,,0.56,0.56,0.56,0.56,0.56,0.56,0.56,0.56
415,,0.54,0.54,0.54,0.54,0.54,0.54,0.54,0.54
416,,0.52,0.52,0.52,0.52,0.52,0.52,0.52,0.52
417,,0.5,0.5,0.5,0.5,0.5,0.5,0.5,0.5
418,,0.48,0.48,0.48,0.48,0.48,0.48,0.48,0.48
419,,0.46,0.46,0.46,0.46,0.46,0.46,0.46,0.46
420,,0.44,0.44,0.44,0.44,0.44,0.44,0.44,0.44
421,,0.42,0.42,0.42,0.42,0.42,0.42,0.42,0.42
422,,0.4,0.4,0.4,0.4,0.4,0.4,0.4,0.4
423,,0.38,0.38,0.38,0.38,0.38,0.38,0.38,0.38
424,,0.36,0.36,0.36,0.36,0.36,0.36,0.36,0.36
425,,0.34,0.34,0.34,0.34,0.34,0.34,0.34,0.34
426,,0.32,0.32,0.32,0.32,0.32,0.32,0.32,0.32
427,,0.3,0.3,0.3,0.3,0.3,0.3,0.3,0.3
428,,0.28,0.28,0.28,0.28,0.28,0.28,0.28,0.28
429,,0.26,0.26,0.26,0.26,0.26,0.26,0.26,0.26
430,,0.24,0.24,0.24,0.24,0.24,0.24,0.24,0.24
431,,0.22,0.22,0.22,0.22,0.22,0.22,0.22,0.22
432,,0.2,0.2,0.2,0.2,0.2,0.2,0.2,0.2
433,,0.18,0.18,0.18,0.18,0.18,0.18,0.18,0.18
434,,0.16,0.16,0.16,0.16,0.16,0.16,0.16,0.16
435,,0.14,0.14,0.14,0.14,0.14,0.14,0.14,0.14
436,,0.12,0.12,0.12,0.12,0.12,0.12,0.12,0.12
437,,0.1,0.1,0.1,0.1,0.1,0.1,0.1,0.1
438,,0.08,0.08,0.08,0.08,0.08,0.08,0.08,0.08
439,,0.06,0.06,0.06,0.06,0.06,0.06,0.06,0.06
440,,0.04,0.04,0.04,0.04,0.04,0.04,0.04,0.04
441,,0.02,0.02,0.02,0.02,0.02,0.02,0.02,0.02
442,,0.0,0.0,0.0,0.0,0.0,0.0,0.0,0.0
443,,-0.02,-0.02,-0.02,-0.02,-0.02,-0.02,-0.02,-0.02
444,3,0.36,0.572,0.98,0.572,0.36,0.148,0.06,0.148
445,3,0.74,1.0,1.0,1.0,0.74,0.316,0.14,0.316
446,,0.72,0.98,0.98,0.98,0.72,0.296,0.12,0.296
447,,0.7,0.96,0.96,0.96,0.7,0.276,0.1,0.276
448,,0.68,0.94,0.94,0.94,0.68,0.256,0.08,0.256
449,,0.66,0.92,0.92,0.92,0.66,0.236,0.06,0.236
450,,0.64,0.9,0.9,0.9,0.64,0.216,0.04,0.216
451,,0.62,0.88,0.88,0.88,0.62,0.196,0.02,0.196
452,,0.6,0.86,0.86,0.86,0.6,0.176,0.0,0.176
453,,0.58,0.84,0.84,0.84,0.58,0.156,-0.02,0.156
454,7,0.96,1.0,0.92,1.0,0.96,0.748,0.98,0.748
455,7,1.0,1.0,1.0,1.0,1.0,1.0,1.0,1.0
456,,0.98,0.98,0.98,0.98,0.98,0.98,0.98,0.98
457,,0.96,0.96,0.96,0.96,0.96,0.96,0.96,0.96
458,,0.94,0.94,0.94,0.94,0.94,0.94,0.94,0.94
459,,0.92,0.92,0.92,0.92,0.92,0.92,0.92,0.92
460,,0.9,0.9,0.9,0.9,0.9,0.9,0.9,0.9
461,,0.88,0.88,0.88,0.88,0.88,0.88,0.88,0.88
462,,0.86,0.86,0.86,0.86,0.86,0.86,0.86,0.86
463,,0.84,0.84,0.84,0.84,0.84,0.84,0.84,0.84
464,,0.82,0.82,0.82,0.82,0.82,0.82,0.82,0.82
465,,0.8,0.8,0.8,0.8,0.8,0.8,0.8,0.8
466,,0.78,0.78,0.78,0.78,0.78,0.78,0.78,0.78
467,,0.76,0.76,0.76,0.76,0.76,0.76,0.76,0.76
468,,0.74,0.74,0.74,0.74,0.74,0.74,0.74,0.74
469,,0.72,0.72,0.72,0.72,0.72,0.72,0.72,0.72
470,,0.7,0.7,0.7,0.7,0.7,0.7,0.7,0.7
471,,0.68,0.68,0.68,0.68,0.68,0.68,0.68,0.68
472,,0.66,0.66,0.66,0.66,0.66,0.66,0.66,0.66
473,,0.64,0.64,0.64,0.64,0.64,0.64,0.64,0.64
474,,0.62,0.62,0.62,0.62,0.62,0.62,0.62,0.62
475,,0.6,0.6,0.6,0.6,0.6,0.6,0.6,0.6
476,,0.58,0.58,0.58,0.58,0.58,0.58,0.58,0.58
477,,0.56,0.56,0.56,0.56,0.56,0.56,0.56,0.56
478,,0.54,0.54,0.54,0.54,0.54,0.54,0.54,0.54
479,,0.52,0.52,0.52,0.52,0.52,0.52,0.52,0.52
480,,0.5,0.5,0.5,0.5,0.5,0.5,0.5,0.5
481,,0.48,0.48,0.48,0.48,0.48,0.48,0.48,0.48
482,,0.46,0.46,0.46,0.46,0.46,0.46,0.46,0.46
483,,0.44,0.44,0.44,0.44,0.44,0.44,0.44,0.44
484,,0.42,0.42,0.42,0.42,0.42,0.42,0.42,0.42
485,,0.4,0.4,0.4,0.4,0.4,0.4,0.4,0.4
486,,0.38,0.38,0.38,0.38,0.38,0.38,0.38,0.38
487,,0.36,0.36,0.36,0.36,0.36,0.36,0.36,0.36
488,,0.34,0.34,0.34,0.34,0.34,0.34,0.34,0.34
489,,0.32,0.32,0.32,0.32,0.32,0.32,0.32,0.32
490,,0.3,0.3,0.3,0.3,0.3,0.3,0.3,0.3
491,,0.28,0.28,0.28,0.28,0.28,0.28,0.28,0.28
492,,0.26,0.26,0.26,0.26,0.26,0.26,0.26,0.26
493,,0.24,0.24,0.24,0.24,0.24,0.24,0.24,0.24
494,,0.22,0.22,0.22,0.22,0.22,0.22,0.22,0.22
495,,0.2,0.2,0.2,0.2,0.2,0.2,0.2,0.2
496,,0.18,0.18,0.18,0.18,0.18,0.18,0.18,0.18
497,,0.16,0.16,0.16,0.16,0.16,0.16,0.16,0.16
498,,0.14,0.14,0.14,0.14,0.14,0.14,0.14,0.14
499,,0.12,0.12,0.12,0.12,0.12,0.12,0.12,0.12
