step,active_motive,motive_1,motive_2,motive_3,motive_4,motive_5,motive_6,motive_7,motive_8
0,,0.18541,0.33442,0.33296,0.29565,0.13736,0.28062,0.19146,0.48586
1,,0.16541,0.31442,0.31296,0.27565,0.11736,0.26062,0.17146,0.46586
2,,0.14541,0.29442,0.29296,0.25565,0.09736,0.24062,0.15146,0.44586
3,,0.12541,0.27442,0.27296,0.23565,0.07736,0.22062,0.13146,0.42586
4,,0.10541,0.25442,0.25296,0.21565,0.05736,0.20062,0.11146,0.40586
5,,0.08541,0.23442,0.23296,0.19565,0.03736,0.18062,0.09146,0.38586
6,,0.06541,0.21442,0.21296,0.17565,0.01736,0.16062,0.07146,0.36586
7,,0.04541,0.19442,0.19296,0.15565,-0.00264,0.14062,0.05146,0.34586
8,5,-0.27459,-0.03758,0.17296,0.34765,0.99736,0.33262,0.03146,0.11386
9,5,-0.59459,-0.26958,0.15296,0.53965,1.0,0.52462,0.01146,-0.11814
10,1,0.40541,-0.07758,0.13296,0.30765,0.68,0.29262,-0.00854,0.07386
11,1,1.0,0.11442,0.11296,0.07565,0.36,0.06062,-0.02854,0.26586
12,7,0.98,-0.11758,-0.20704,-0.15635,0.34,0.25262,0.97146,0.45786
13,7,0.96,-0.34958,-0.52704,-0.38835,0.32,0.44462,1.0,0.64986
14,3,0.94,-0.15758,0.47296,-0.19635,0.3,0.21262,0.68,0.41786
15,3,0.92,0.03442,1.0,-0.00435,0.28,-0.01938,0.36,0.18586
16,6,0.688,-0.28558,0.768,-0.02435,0.472,0.98062,0.552,0.16586
17,6,0.456,-0.60558,0.536,-0.04435,0.664,1.0,0.744,0.14586
18,2,0.648,0.39442,0.728,-0.06435,0.432,0.68,0.512,0.12586
19,2,0.84,1.0,0.92,-0.08435,0.2,0.36,0.28,0.10586
20,4,0.608,0.98,1.0,0.91565,0.392,0.34,0.048,-0.21414
21,4,0.376,0.96,1.0,1.0,0.584,0.32,-0.184,-0.53414
22,8,0.568,0.94,0.768,0.68,0.352,0.3,0.008,0.46586
23,8,0.76,0.92,0.536,0.36,0.12,0.28,0.2,1.0
24,,0.74,0.9,0.516,0.34,0.1,0.26,0.18,0.98
25,,0.72,0.88,0.496,0.32,0.08,0.24,0.16,0.96
26,,0.7,0.86,0.476,0.3,0.06,0.22,0.14,0.94
27,,0.68,0.84,0.456,0.28,0.04,0.2,0.12,0.92
28,,0.66,0.82,0.436,0.26,0.02,0.18,0.1,0.9
29,,0.64,0.8,0.416,0.24,0.0,0.16,0.08,0.88
30,,0.62,0.78,0.396,0.22,-0.02,0.14,0.06,0.86
31,5,0.3,0.548,0.376,0.412,0.98,0.332,0.04,0.628
32,5,-0.02,0.316,0.356,0.604,1.0,0.524,0.02,0.396
33,1,0.98,0.508,0.336,0.372,0.68,0.292,0.0,0.588
34,1,1.0,0.7,0.316,0.14,0.36,0.06,-0.02,0.78
35,7,0.98,0.468,-0.004,-0.092,0.34,0.252,0.98,0.972
36,7,0.96,0.236,-0.324,-0.324,0.32,0.444,1.0,1.0
37,3,0.94,0.428,0.676,-0.132,0.3,0.212,0.68,0.768
38,3,0.92,0.62,1.0,0.06,0.28,-0.02,0.36,0.536
39,6,0.688,0.3,0.768,0.04,0.472,0.98,0.552,0.516
40,6,0.456,-0.02,0.536,0.02,0.664,1.0,0.744,0.496
41,2,0.648,0.98,0.728,0.0,0.432,0.68,0.512,0.476
42,2,0.84,1.0,0.92,-0.02,0.2,0.36,0.28,0.456
43,4,0.608,0.98,1.0,0.98,0.392,0.34,0.048,0.136
44,4,0.376,0.96,1.0,1.0,0.584,0.32,-0.184,-0.184
45,7,0.356,0.728,0.68,0.768,0.564,0.512,0.816,0.008
46,7,0.336,0.496,0.36,0.536,0.544,0.704,1.0,0.2
47,,0.316,0.476,0.34,0.516,0.524,0.684,0.98,0.18
48,,0.296,0.456,0.32,0.496,0.504,0.664,0.96,0.16
49,,0.276,0.436,0.3,0.476,0.484,0.644,0.94,0.14
50,,0.256,0.416,0.28,0.456,0.464,0.624,0.92,0.12
51,,0.236,0.396,0.26,0.436,0.444,0.604,0.9,0.1
52,,0.216,0.376,0.24,0.416,0.424,0.584,0.88,0.08
53,,0.196,0.356,0.22,0.396,0.404,0.564,0.86,0.06
54,,0.176,0.336,0.2,0.376,0.384,0.544,0.84,0.04
55,,0.156,0.316,0.18,0.356,0.364,0.524,0.82,0.02
56,,0.136,0.296,0.16,0.336,0.344,0.504,0.8,0.0
57,,0.116,0.276,0.14,0.316,0.324,0.484,0.78,-0.02
58,8,0.308,0.256,-0.092,-0.004,0.092,0.464,0.972,0.98
59,8,0.5,0.236,-0.324,-0.324,-0.14,0.444,1.0,1.0
60,3,0.48,0.428,0.676,-0.132,-0.16,0.212,0.68,0.768
61,3,0.46,0.62,1.0,0.06,-0.18,-0.02,0.36,0.536
62,5,0.14,0.388,0.98,0.252,0.82,0.172,0.34,0.304
63,5,-0.18,0.156,0.96,0.444,1.0,0.364,0.32,0.072
64,1,0.82,0.348,0.94,0.212,0.68,0.132,0.3,0.264
65,1,1.0,0.54,0.92,-0.02,0.36,-0.1,0.28,0.456
66,6,0.768,0.22,0.688,-0.04,0.552,0.9,0.472,0.436
67,6,0.536,-0.1,0.456,-0.06,0.744,1.0,0.664,0.416
68,2,0.728,0.9,0.648,-0.08,0.512,0.68,0.432,0.396
69,2,0.92,1.0,0.84,-0.1,0.28,0.36,0.2,0.376
70,4,0.688,0.98,1.0,0.9,0.472,0.34,-0.032,0.056
71,4,0.456,0.96,1.0,1.0,0.664,0.32,-0.264,-0.264
72,8,0.648,0.94,0.768,0.68,0.432,0.3,-0.072,0.736
73,8,0.84,0.92,0.536,0.36,0.2,0.28,0.12,1.0
74,,0.82,0.9,0.516,0.34,0.18,0.26,0.1,0.98
75,,0.8,0.88,0.496,0.32,0.16,0.24,0.08,0.96
76,,0.78,0.86,0.476,0.3,0.14,0.22,0.06,0.94
77,,0.76,0.84,0.456,0.28,0.12,0.2,0.04,0.92
78,,0.74,0.82,0.436,0.26,0.1,0.18,0.02,0.9
79,,0.72,0.8,0.416,0.24,0.08,0.16,0.0,0.88
80,,0.7,0.78,0.396,0.22,0.06,0.14,-0.02,0.86
81,7,0.68,0.548,0.076,-0.012,0.04,0.332,0.98,1.0
82,7,0.66,0.316,-0.244,-0.244,0.02,0.524,1.0,1.0
83,3,0.64,0.508,0.756,-0.052,0.0,0.292,0.68,0.768
84,3,0.62,0.7,1.0,0.14,-0.02,0.06,0.36,0.536
85,5,0.3,0.468,0.98,0.332,0.98,0.252,0.34,0.304
86,5,-0.02,0.236,0.96,0.524,1.0,0.444,0.32,0.072
87,1,0.98,0.428,0.94,0.292,0.68,0.212,0.3,0.264
88,1,1.0,0.62,0.92,0.06,0.36,-0.02,0.28,0.456
89,6,0.768,0.3,0.688,0.04,0.552,0.98,0.472,0.436
90,6,0.536,-0.02,0.456,0.02,0.744,1.0,0.664,0.416
91,2,0.728,0.98,0.648,0.0,0.512,0.68,0.432,0.396
92,2,0.92,1.0,0.84,-0.02,0.28,0.36,0.2,0.376
93,4,0.688,0.98,1.0,0.98,0.472,0.34,-0.032,0.056
94,4,0.456,0.96,1.0,1.0,0.664,0.32,-0.264,-0.264
95,7,0.436,0.728,0.68,0.768,0.644,0.512,0.736,-0.072
96,7,0.416,0.496,0.36,0.536,0.624,0.704,1.0,0.12
97,,0.396,0.476,0.34,0.516,0.604,0.684,0.98,0.1
98,,0.376,0.456,0.32,0.496,0.584,0.664,0.96,0.08
99,,0.356,0.436,0.3,0.476,0.564,0.644,0.94,0.06
100,,0.336,0.416,0.28,0.456,0.544,0.624,0.92,0.04
101,,0.316,0.396,0.26,0.436,0.524,0.604,0.9,0.02
102,,0.296,0.376,0.24,0.416,0.504,0.584,0.88,0.0
103,,0.276,0.356,0.22,0.396,0.484,0.564,0.86,-0.02
104,8,0.468,0.336,-0.012,0.076,0.252,0.544,1.0,0.98
105,8,0.66,0.316,-0.244,-0.244,0.02,0.524,1.0,1.0
106,4,0.428,0.296,-0.052,0.756,0.212,0.504,0.768,0.68
107,4,0.196,0.276,0.14,1.0,0.404,0.484,0.536,0.36
108,,0.176,0.256,0.12,0.98,0.384,0.464,0.516,0.34
109,,0.156,0.236,0.1,0.96,0.364,0.444,0.496,0.32
110,,0.136,0.216,0.08,0.94,0.344,0.424,0.476,0.3
111,,0.116,0.196,0.06,0.92,0.324,0.404,0.456,0.28
112,,0.096,0.176,0.04,0.9,0.304,0.384,0.436,0.26
113,,0.076,0.156,0.02,0.88,0.284,0.364,0.416,0.24
114,,0.056,0.136,0.0,0.86,0.264,0.344,0.396,0.22
115,,0.036,0.116,-0.02,0.84,0.244,0.324,0.376,0.2
116,3,0.016,0.308,0.98,1.0,0.224,0.092,0.056,-0.032
117,3,-0.004,0.5,1.0,1.0,0.204,-0.14,-0.264,-0.264
118,7,-0.024,0.268,0.68,0.768,0.184,0.052,0.736,-0.072
119,7,-0.044,0.036,0.36,0.536,0.164,0.244,1.0,0.12
120,1,0.956,0.228,0.34,0.304,-0.156,0.012,0.98,0.312
121,1,1.0,0.42,0.32,0.072,-0.476,-0.22,0.96,0.504
122,5,0.68,0.188,0.3,0.264,0.524,-0.028,0.94,0.272
123,5,0.36,-0.044,0.28,0.456,1.0,0.164,0.92,0.04
124,2,0.552,0.956,0.472,0.436,0.768,-0.156,0.688,0.02
125,2,0.744,1.0,0.664,0.416,0.536,-0.476,0.456,0.0
126,6,0.512,0.68,0.432,0.396,0.728,0.524,0.648,-0.02
127,6,0.28,0.36,0.2,0.376,0.92,1.0,0.84,-0.04
128,8,0.472,0.34,-0.032,0.056,0.688,0.98,1.0,0.96
129,8,0.664,0.32,-0.264,-0.264,0.456,0.96,1.0,1.0
130,3,0.644,0.512,0.736,-0.072,0.436,0.728,0.68,0.768
131,3,0.624,0.704,1.0,0.12,0.416,0.496,0.36,0.536
132,,0.604,0.684,0.98,0.1,0.396,0.476,0.34,0.516
133,,0.584,0.664,0.96,0.08,0.376,0.456,0.32,0.496
134,,0.564,0.644,0.94,0.06,0.356,0.436,0.3,0.476
135,,0.544,0.624,0.92,0.04,0.336,0.416,0.28,0.456
136,,0.524,0.604,0.9,0.02,0.316,0.396,0.26,0.436
137,,0.504,0.584,0.88,0.0,0.296,0.376,0.24,0.416
138,,0.484,0.564,0.86,-0.02,0.276,0.356,0.22,0.396
139,4,0.252,0.544,1.0,0.98,0.468,0.336,-0.012,0.076
140,4,0.02,0.524,1.0,1.0,0.66,0.316,-0.244,-0.244
141,7,0.0,0.292,0.68,0.768,0.64,0.508,0.756,-0.052
142,7,-0.02,0.06,0.36,0.536,0.62,0.7,1.0,0.14
143,1,0.98,0.252,0.34,0.304,0.3,0.468,0.98,0.332
144,1,1.0,0.444,0.32,0.072,-0.02,0.236,0.96,0.524
145,5,0.68,0.212,0.3,0.264,0.98,0.428,0.94,0.292
146,5,0.36,-0.02,0.28,0.456,1.0,0.62,0.92,0.06
147,2,0.552,0.98,0.472,0.436,0.768,0.3,0.688,0.04
148,2,0.744,1.0,0.664,0.416,0.536,-0.02,0.456,0.02
149,6,0.512,0.68,0.432,0.396,0.728,0.98,0.648,0.0
150,6,0.28,0.36,0.2,0.376,0.92,1.0,0.84,-0.02
151,8,0.472,0.34,-0.032,0.056,0.688,0.98,1.0,0.98
152,8,0.664,0.32,-0.264,-0.264,0.456,0.96,1.0,1.0
153,3,0.644,0.512,0.736,-0.072,0.436,0.728,0.68,0.768
154,3,0.624,0.704,1.0,0.12,0.416,0.496,0.36,0.536
155,,0.604,0.684,0.98,0.1,0.396,0.476,0.34,0.516
156,,0.584,0.664,0.96,0.08,0.376,0.456,0.32,0.496
157,,0.564,0.644,0.94,0.06,0.356,0.436,0.3,0.476
158,,0.544,0.624,0.92,0.04,0.336,0.416,0.28,0.456
159,,0.524,0.604,0.9,0.02,0.316,0.396,0.26,0.436
160,,0.504,0.584,0.88,0.0,0.296,0.376,0.24,0.416
161,,0.484,0.564,0.86,-0.02,0.276,0.356,0.22,0.396
162,4,0.252,0.544,1.0,0.98,0.468,0.336,-0.012,0.076
163,4,0.02,0.524,1.0,1.0,0.66,0.316,-0.244,-0.244
164,7,0.0,0.292,0.68,0.768,0.64,0.508,0.756,-0.052
165,7,-0.02,0.06,0.36,0.536,0.62,0.7,1.0,0.14
166,1,0.98,0.252,0.34,0.304,0.3,0.468,0.98,0.332
167,1,1.0,0.444,0.32,0.072,-0.02,0.236,0.96,0.524
168,5,0.68,0.212,0.3,0.264,0.98,0.428,0.94,0.292
169,5,0.36,-0.02,0.28,0.456,1.0,0.62,0.92,0.06
170,2,0.552,0.98,0.472,0.436,0.768,0.3,0.688,0.04
171,2,0.744,1.0,0.664,0.416,0.536,-0.02,0.456,0.02
172,6,0.512,0.68,0.432,0.396,0.728,0.98,0.648,0.0
173,6,0.28,0.36,0.2,0.376,0.92,1.0,0.84,-0.02
174,8,0.472,0.34,-0.032,0.056,0.688,0.98,1.0,0.98
175,8,0.664,0.32,-0.264,-0.264,0.456,0.96,1.0,1.0
176,4,0.432,0.3,-0.072,0.736,0.648,0.94,0.768,0.68
177,4,0.2,0.28,0.12,1.0,0.84,0.92,0.536,0.36
178,,0.18,0.26,0.1,0.98,0.82,0.9,0.516,0.34
179,,0.16,0.24,0.08,0.96,0.8,0.88,0.496,0.32
180,,0.14,0.22,0.06,0.94,0.78,0.86,0.476,0.3
181,,0.12,0.2,0.04,0.92,0.76,0.84,0.456,0.28
182,,0.1,0.18,0.02,0.9,0.74,0.82,0.436,0.26
183,,0.08,0.16,0.0,0.88,0.72,0.8,0.416,0.24
184,,0.06,0.14,-0.02,0.86,0.7,0.78,0.396,0.22
185,3,0.04,0.332,0.98,1.0,0.68,0.548,0.076,-0.012
186,3,0.02,0.524,1.0,1.0,0.66,0.316,-0.244,-0.244
187,8,0.212,0.504,0.768,0.68,0.428,0.296,-0.052,0.756
188,8,0.404,0.484,0.536,0.36,0.196,0.276,0.14,1.0
189,,0.384,0.464,0.516,0.34,0.176,0.256,0.12,0.98
190,,0.364,0.444,0.496,0.32,0.156,0.236,0.1,0.96
191,,0.344,0.424,0.476,0.3,0.136,0.216,0.08,0.94
192,,0.324,0.404,0.456,0.28,0.116,0.196,0.06,0.92
193,,0.304,0.384,0.436,0.26,0.096,0.176,0.04,0.9
194,,0.284,0.364,0.416,0.24,0.076,0.156,0.02,0.88
195,,0.264,0.344,0.396,0.22,0.056,0.136,0.0,0.86
196,,0.244,0.324,0.376,0.2,0.036,0.116,-0.02,0.84
197,7,0.224,0.092,0.056,-0.032,0.016,0.308,0.98,1.0
198,7,0.204,-0.14,-0.264,-0.264,-0.004,0.5,1.0,1.0
199,4,-0.028,-0.16,-0.072,0.736,0.188,0.48,0.768,0.68
200,4,-0.26,-0.18,0.12,1.0,0.38,0.46,0.536,0.36
201,1,0.74,0.012,0.1,0.768,0.06,0.228,0.516,0.552
202,1,1.0,0.204,0.08,0.536,-0.26,-0.004,0.496,0.744
203,5,0.68,-0.028,0.06,0.728,0.74,0.188,0.476,0.512
204,5,0.36,-0.26,0.04,0.92,1.0,0.38,0.456,0.28
205,2,0.552,0.74,0.232,0.9,0.768,0.06,0.224,0.26
206,2,0.744,1.0,0.424,0.88,0.536,-0.26,-0.008,0.24
207,6,0.512,0.68,0.192,0.86,0.728,0.74,0.184,0.22
208,6,0.28,0.36,-0.04,0.84,0.92,1.0,0.376,0.2
209,3,0.26,0.552,0.96,1.0,0.9,0.768,0.056,-0.032
210,3,0.24,0.744,1.0,1.0,0.88,0.536,-0.264,-0.264
211,7,0.22,0.512,0.68,0.768,0.86,0.728,0.736,-0.072
212,7,0.2,0.28,0.36,0.536,0.84,0.92,1.0,0.12
213,,0.18,0.26,0.34,0.516,0.82,0.9,0.98,0.1
214,,0.16,0.24,0.32,0.496,0.8,0.88,0.96,0.08
215,,0.14,0.22,0.3,0.476,0.78,0.86,0.94,0.06
216,,0.12,0.2,0.28,0.456,0.76,0.84,0.92,0.04
217,,0.1,0.18,0.26,0.436,0.74,0.82,0.9,0.02
218,,0.08,0.16,0.24,0.416,0.72,0.8,0.88,0.0
219,,0.06,0.14,0.22,0.396,0.7,0.78,0.86,-0.02
220,8,0.252,0.12,-0.012,0.076,0.468,0.76,1.0,0.98
221,8,0.444,0.1,-0.244,-0.244,0.236,0.74,1.0,1.0
222,3,0.424,0.292,0.756,-0.052,0.216,0.508,0.68,0.768
223,3,0.404,0.484,1.0,0.14,0.196,0.276,0.36,0.536
224,,0.384,0.464,0.98,0.12,0.176,0.256,0.34,0.516
225,,0.364,0.444,0.96,0.1,0.156,0.236,0.32,0.496
226,,0.344,0.424,0.94,0.08,0.136,0.216,0.3,0.476
227,,0.324,0.404,0.92,0.06,0.116,0.196,0.28,0.456
228,,0.304,0.384,0.9,0.04,0.096,0.176,0.26,0.436
229,,0.284,0.364,0.88,0.02,0.076,0.156,0.24,0.416
230,,0.264,0.344,0.86,0.0,0.056,0.136,0.22,0.396
231,,0.244,0.324,0.84,-0.02,0.036,0.116,0.2,0.376
232,4,0.012,0.304,1.0,0.98,0.228,0.096,-0.032,0.056
233,4,-0.22,0.284,1.0,1.0,0.42,0.076,-0.264,-0.264
234,7,-0.24,0.052,0.68,0.768,0.4,0.268,0.736,-0.072
235,7,-0.26,-0.18,0.36,0.536,0.38,0.46,1.0,0.12
236,1,0.74,0.012,0.34,0.304,0.06,0.228,0.98,0.312
237,1,1.0,0.204,0.32,0.072,-0.26,-0.004,0.96,0.504
238,5,0.68,-0.028,0.3,0.264,0.74,0.188,0.94,0.272
239,5,0.36,-0.26,0.28,0.456,1.0,0.38,0.92,0.04
240,2,0.552,0.74,0.472,0.436,0.768,0.06,0.688,0.02
241,2,0.744,1.0,0.664,0.416,0.536,-0.26,0.456,0.0
242,6,0.512,0.68,0.432,0.396,0.728,0.74,0.648,-0.02
243,6,0.28,0.36,0.2,0.376,0.92,1.0,0.84,-0.04
244,8,0.472,0.34,-0.032,0.056,0.688,0.98,1.0,0.96
245,8,0.664,0.32,-0.264,-0.264,0.456,0.96,1.0,1.0
246,4,0.432,0.3,-0.072,0.736,0.648,0.94,0.768,0.68
247,4,0.2,0.28,0.12,1.0,0.84,0.92,0.536,0.36
248,,0.18,0.26,0.1,0.98,0.82,0.9,0.516,0.34
249,,0.16,0.24,0.08,0.96,0.8,0.88,0.496,0.32
250,,0.14,0.22,0.06,0.94,0.78,0.86,0.476,0.3
251,,0.12,0.2,0.04,0.92,0.76,0.84,0.456,0.28
252,,0.1,0.18,0.02,0.9,0.74,0.82,0.436,0.26
253,,0.08,0.16,0.0,0.88,0.72,0.8,0.416,0.24
254,,0.06,0.14,-0.02,0.86,0.7,0.78,0.396,0.22
255,3,0.04,0.332,0.98,1.0,0.68,0.548,0.076,-0.012
256,3,0.02,0.524,1.0,1.0,0.66,0.316,-0.244,-0.244
257,7,0.0,0.292,0.68,0.768,0.64,0.508,0.756,-0.052
258,7,-0.02,0.06,0.36,0.536,0.62,0.7,1.0,0.14
259,1,0.98,0.252,0.34,0.304,0.3,0.468,0.98,0.332
260,1,1.0,0.444,0.32,0.072,-0.02,0.236,0.96,0.524
261,5,0.68,0.212,0.3,0.264,0.98,0.428,0.94,0.292
262,5,0.36,-0.02,0.28,0.456,1.0,0.62,0.92,0.06
263,2,0.552,0.98,0.472,0.436,0.768,0.3,0.688,0.04
264,2,0.744,1.0,0.664,0.416,0.536,-0.02,0.456,0.02
265,6,0.512,0.68,0.432,0.396,0.728,0.98,0.648,0.0
266,6,0.28,0.36,0.2,0.376,0.92,1.0,0.84,-0.02
267,8,0.472,0.34,-0.032,0.056,0.688,0.98,1.0,0.98
268,8,0.664,0.32,-0.264,-0.264,0.456,0.96,1.0,1.0
269,3,0.644,0.512,0.736,-0.072,0.436,0.728,0.68,0.768
270,3,0.624,0.704,1.0,0.12,0.416,0.496,0.36,0.536
271,,0.604,0.684,0.98,0.1,0.396,0.476,0.34,0.516
272,,0.584,0.664,0.96,0.08,0.376,0.456,0.32,0.496
273,,0.564,0.644,0.94,0.06,0.356,0.436,0.3,0.476
274,,0.544,0.624,0.92,0.04,0.336,0.416,0.28,0.456
275,,0.524,0.604,0.9,0.02,0.316,0.396,0.26,0.436
276,,0.504,0.584,0.88,0.0,0.296,0.376,0.24,0.416
277,,0.484,0.564,0.86,-0.02,0.276,0.356,0.22,0.396
278,4,0.252,0.544,1.0,0.98,0.468,0.336,-0.012,0.076
279,4,0.02,0.524,1.0,1.0,0.66,0.316,-0.244,-0.244
280,8,0.212,0.504,0.768,0.68,0.428,0.296,-0.052,0.756
281,8,0.404,0.484,0.536,0.36,0.196,0.276,0.14,1.0
282,,0.384,0.464,0.516,0.34,0.176,0.256,0.12,0.98
283,,0.364,0.444,0.496,0.32,0.156,0.236,0.1,0.96
284,,0.344,0.424,0.476,0.3,0.136,0.216,0.08,0.94
285,,0.324,0.404,0.456,0.28,0.116,0.196,0.06,0.92
286,,0.304,0.384,0.436,0.26,0.096,0.176,0.04,0.9
287,,0.284,0.364,0.416,0.24,0.076,0.156,0.02,0.88
288,,0.264,0.344,0.396,0.22,0.056,0.136,0.0,0.86
289,,0.244,0.324,0.376,0.2,0.036,0.116,-0.02,0.84
290,7,0.224,0.092,0.056,-0.032,0.016,0.308,0.98,1.0
291,7,0.204,-0.14,-0.264,-0.264,-0.004,0.5,1.0,1.0
292,3,0.184,0.052,0.736,-0.072,-0.024,0.268,0.68,0.768
293,3,0.164,0.244,1.0,0.12,-0.044,0.036,0.36,0.536
294,5,-0.156,0.012,0.98,0.312,0.956,0.228,0.34,0.304
295,5,-0.476,-0.22,0.96,0.504,1.0,0.42,0.32,0.072
296,1,0.524,-0.028,0.94,0.272,0.68,0.188,0.3,0.264
297,1,1.0,0.164,0.92,0.04,0.36,-0.044,0.28,0.456
298,6,0.768,-0.156,0.688,0.02,0.552,0.956,0.472,0.436
299,6,0.536,-0.476,0.456,0.0,0.744,1.0,0.664,0.416
300,2,0.728,0.524,0.648,-0.02,0.512,0.68,0.432,0.396
301,2,0.92,1.0,0.84,-0.04,0.28,0.36,0.2,0.376
302,4,0.688,0.98,1.0,0.96,0.472,0.34,-0.032,0.056
303,4,0.456,0.96,1.0,1.0,0.664,0.32,-0.264,-0.264
304,8,0.648,0.94,0.768,0.68,0.432,0.3,-0.072,0.736
305,8,0.84,0.92,0.536,0.36,0.2,0.28,0.12,1.0
306,,0.82,0.9,0.516,0.34,0.18,0.26,0.1,0.98
307,,0.8,0.88,0.496,0.32,0.16,0.24,0.08,0.96
308,,0.78,0.86,0.476,0.3,0.14,0.22,0.06,0.94
309,,0.76,0.84,0.456,0.28,0.12,0.2,0.04,0.92
310,,0.74,0.82,0.436,0.26,0.1,0.18,0.02,0.9
311,,0.72,0.8,0.416,0.24,0.08,0.16,0.0,0.88
312,,0.7,0.78,0.396,0.22,0.06,0.14,-0.02,0.86
313,7,0.68,0.548,0.076,-0.012,0.04,0.332,0.98,1.0
314,7,0.66,0.316,-0.244,-0.244,0.02,0.524,1.0,1.0
315,4,0.428,0.296,-0.052,0.756,0.212,0.504,0.768,0.68
316,4,0.196,0.276,0.14,1.0,0.404,0.484,0.536,0.36
317,,0.176,0.256,0.12,0.98,0.384,0.464,0.516,0.34
318,,0.156,0.236,0.1,0.96,0.364,0.444,0.496,0.32
319,,0.136,0.216,0.08,0.94,0.344,0.424,0.476,0.3
320,,0.116,0.196,0.06,0.92,0.324,0.404,0.456,0.28
321,,0.096,0.176,0.04,0.9,0.304,0.384,0.436,0.26
322,,0.076,0.156,0.02,0.88,0.284,0.364,0.416,0.24
323,,0.056,0.136,0.0,0.86,0.264,0.344,0.396,0.22
324,,0.036,0.116,-0.02,0.84,0.244,0.324,0.376,0.2
325,3,0.016,0.308,0.98,1.0,0.224,0.092,0.056,-0.032
326,3,-0.004,0.5,1.0,1.0,0.204,-0.14,-0.264,-0.264
327,8,0.188,0.48,0.768,0.68,-0.028,-0.16,-0.072,0.736
328,8,0.38,0.46,0.536,0.36,-0.26,-0.18,0.12,1.0
329,5,0.06,0.228,0.516,0.552,0.74,0.012,0.1,0.768
330,5,-0.26,-0.004,0.496,0.744,1.0,0.204,0.08,0.536
331,1,0.74,0.188,0.476,0.512,0.68,-0.028,0.06,0.728
332,1,1.0,0.38,0.456,0.28,0.36,-0.26,0.04,0.92
333,6,0.768,0.06,0.224,0.26,0.552,0.74,0.232,0.9
334,6,0.536,-0.26,-0.008,0.24,0.744,1.0,0.424,0.88
335,2,0.728,0.74,0.184,0.22,0.512,0.68,0.192,0.86
336,2,0.92,1.0,0.376,0.2,0.28,0.36,-0.04,0.84
337,7,0.9,0.768,0.056,-0.032,0.26,0.552,0.96,1.0
338,7,0.88,0.536,-0.264,-0.264,0.24,0.744,1.0,1.0
339,3,0.86,0.728,0.736,-0.072,0.22,0.512,0.68,0.768
340,3,0.84,0.92,1.0,0.12,0.2,0.28,0.36,0.536
341,,0.82,0.9,0.98,0.1,0.18,0.26,0.34,0.516
342,,0.8,0.88,0.96,0.08,0.16,0.24,0.32,0.496
343,,0.78,0.86,0.94,0.06,0.14,0.22,0.3,0.476
344,,0.76,0.84,0.92,0.04,0.12,0.2,0.28,0.456
345,,0.74,0.82,0.9,0.02,0.1,0.18,0.26,0.436
346,,0.72,0.8,0.88,0.0,0.08,0.16,0.24,0.416
347,,0.7,0.78,0.86,-0.02,0.06,0.14,0.22,0.396
348,4,0.468,0.76,1.0,0.98,0.252,0.12,-0.012,0.076
349,4,0.236,0.74,1.0,1.0,0.444,0.1,-0.244,-0.244
350,7,0.216,0.508,0.68,0.768,0.424,0.292,0.756,-0.052
351,7,0.196,0.276,0.36,0.536,0.404,0.484,1.0,0.14
352,,0.176,0.256,0.34,0.516,0.384,0.464,0.98,0.12
353,,0.156,0.236,0.32,0.496,0.364,0.444,0.96,0.1
354,,0.136,0.216,0.3,0.476,0.344,0.424,0.94,0.08
355,,0.116,0.196,0.28,0.456,0.324,0.404,0.92,0.06
356,,0.096,0.176,0.26,0.436,0.304,0.384,0.9,0.04
357,,0.076,0.156,0.24,0.416,0.284,0.364,0.88,0.02
358,,0.056,0.136,0.22,0.396,0.264,0.344,0.86,0.0
359,,0.036,0.116,0.2,0.376,0.244,0.324,0.84,-0.02
360,8,0.228,0.096,-0.032,0.056,0.012,0.304,1.0,0.98
361,8,0.42,0.076,-0.264,-0.264,-0.22,0.284,1.0,1.0
362,3,0.4,0.268,0.736,-0.072,-0.24,0.052,0.68,0.768
363,3,0.38,0.46,1.0,0.12,-0.26,-0.18,0.36,0.536
364,5,0.06,0.228,0.98,0.312,0.74,0.012,0.34,0.304
365,5,-0.26,-0.004,0.96,0.504,1.0,0.204,0.32,0.072
366,1,0.74,0.188,0.94,0.272,0.68,-0.028,0.3,0.264
367,1,1.0,0.38,0.92,0.04,0.36,-0.26,0.28,0.456
368,6,0.768,0.06,0.688,0.02,0.552,0.74,0.472,0.436
369,6,0.536,-0.26,0.456,0.0,0.744,1.0,0.664,0.416
370,2,0.728,0.74,0.648,-0.02,0.512,0.68,0.432,0.396
371,2,0.92,1.0,0.84,-0.04,0.28,0.36,0.2,0.376
372,4,0.688,0.98,1.0,0.96,0.472,0.34,-0.032,0.056
373,4,0.456,0.96,1.0,1.0,0.664,0.32,-0.264,-0.264
374,7,0.436,0.728,0.68,0.768,0.644,0.512,0.736,-0.072
375,7,0.416,0.496,0.36,0.536,0.624,0.704,1.0,0.12
376,,0.396,0.476,0.34,0.516,0.604,0.684,0.98,0.1
377,,0.376,0.456,0.32,0.496,0.584,0.664,0.96,0.08
378,,0.356,0.436,0.3,0.476,0.564,0.644,0.94,0.06
379,,0.336,0.416,0.28,0.456,0.544,0.624,0.92,0.04
380,,0.316,0.396,0.26,0.436,0.524,0.604,0.9,0.02
381,,0.296,0.376,0.24,0.416,0.504,0.584,0.88,0.0
382,,0.276,0.356,0.22,0.396,0.484,0.564,0.86,-0.02
383,8,0.468,0.336,-0.012,0.076,0.252,0.544,1.0,0.98
384,8,0.66,0.316,-0.244,-0.244,0.02,0.524,1.0,1.0
385,3,0.64,0.508,0.756,-0.052,0.0,0.292,0.68,0.768
386,3,0.62,0.7,1.0,0.14,-0.02,0.06,0.36,0.536
387,5,0.3,0.468,0.98,0.332,0.98,0.252,0.34,0.304
388,5,-0.02,0.236,0.96,0.524,1.0,0.444,0.32,0.072
389,1,0.98,0.428,0.94,0.292,0.68,0.212,0.3,0.264
390,1,1.0,0.62,0.92,0.06,0.36,-0.02,0.28,0.456
391,6,0.768,0.3,0.688,0.04,0.552,0.98,0.472,0.436
392,6,0.536,-0.02,0.456,0.02,0.744,1.0,0.664,0.416
393,2,0.728,0.98,0.648,0.0,0.512,0.68,0.432,0.396
394,2,0.92,1.0,0.84,-0.02,0.28,0.36,0.2,0.376
395,4,0.688,0.98,1.0,0.98,0.472,0.34,-0.032,0.056
396,4,0.456,0.96,1.0,1.0,0.664,0.32,-0.264,-0.264
397,7,0.436,0.728,0.68,0.768,0.644,0.512,0.736,-0.072
398,7,0.416,0.496,0.36,0.536,0.624,0.704,1.0,0.12
399,,0.396,0.476,0.34,0.516,0.604,0.684,0.98,0.1
400,,0.376,0.456,0.32,0.496,0.584,0.664,0.96,0.08
401,,0.356,0.436,0.3,0.476,0.564,0.644,0.94,0.06
402,,0.336,0.416,0.28,0.456,0.544,0.624,0.92,0.04
403,,0.316,0.396,0.26,0.436,0.524,0.604,0.9,0.02
404,,0.296,0.376,0.24,0.416,0.504,0.584,0.88,0.0
405,,0.276,0.356,0.22,0.396,0.484,0.564,0.86,-0.02
406,8,0.468,0.336,-0.012,0.076,0.252,0.544,1.0,0.98
407,8,0.66,0.316,-0.244,-0.244,0.02,0.524,1.0,1.0
408,3,0.64,0.508,0.756,-0.052,0.0,0.292,0.68,0.768
409,3,0.62,0.7,1.0,0.14,-0.02,0.06,0.36,0.536
410,5,0.3,0.468,0.98,0.332,0.98,0.252,0.34,0.304
411,5,-0.02,0.236,0.96,0.524,1.0,0.444,0.32,0.072
412,1,0.98,0.428,0.94,0.292,0.68,0.212,0.3,0.264
413,1,1.0,0.62,0.92,0.06,0.36,-0.02,0.28,0.456
414,6,0.768,0.3,0.688,0.04,0.552,0.98,0.472,0.436
415,6,0.536,-0.02,0.456,0.02,0.744,1.0,0.664,0.416
416,2,0.728,0.98,0.648,0.0,0.512,0.68,0.432,0.396
417,2,0.92,1.0,0.84,-0.02,0.28,0.36,0.2,0.376
418,4,0.688,0.98,1.0,0.98,0.472,0.34,-0.032,0.056
419,4,0.456,0.96,1.0,1.0,0.664,0.32,-0.264,-0.264
420,8,0.648,0.94,0.768,0.68,0.432,0.3,-0.072,0.736
421,8,0.84,0.92,0.536,0.36,0.2,0.28,0.12,1.0
422,,0.82,0.9,0.516,0.34,0.18,0.26,0.1,0.98
423,,0.8,0.88,0.496,0.32,0.16,0.24,0.08,0.96
424,,0.78,0.86,0.476,0.3,0.14,0.22,0.06,0.94
425,,0.76,0.84,0.456,0.28,0.12,0.2,0.04,0.92
426,,0.74,0.82,0.436,0.26,0.1,0.18,0.02,0.9
427,,0.72,0.8,0.416,0.24,0.08,0.16,0.0,0.88
428,,0.7,0.78,0.396,0.22,0.06,0.14,-0.02,0.86
429,7,0.68,0.548,0.076,-0.012,0.04,0.332,0.98,1.0
430,7,0.66,0.316,-0.244,-0.244,0.02,0.524,1.0,1.0
431,3,0.64,0.508,0.756,-0.052,0.0,0.292,0.68,0.768
432,3,0.62,0.7,1.0,0.14,-0.02,0.06,0.36,0.536
433,5,0.3,0.468,0.98,0.332,0.98,0.252,0.34,0.304
434,5,-0.02,0.236,0.96,0.524,1.0,0.444,0.32,0.072
435,1,0.98,0.428,0.94,0.292,0.68,0.212,0.3,0.264
436,1,1.0,0.62,0.92,0.06,0.36,-0.02,0.28,0.456
437,6,0.768,0.3,0.688,0.04,0.552,0.98,0.472,0.436
438,6,0.536,-0.02,0.456,0.02,0.744,1.0,0.664,0.416
439,2,0.728,0.98,0.648,0.0,0.512,0.68,0.432,0.396
440,2,0.92,1.0,0.84,-0.02,0.28,0.36,0.2,0.376
441,4,0.688,0.98,1.0,0.98,0.472,0.34,-0.032,0.056
442,4,0.456,0.96,1.0,1.0,0.664,0.32,-0.264,-0.264
443,8,0.648,0.94,0.768,0.68,0.432,0.3,-0.072,0.736
444,8,0.84,0.92,0.536,0.36,0.2,0.28,0.12,1.0
445,,0.82,0.9,0.516,0.34,0.18,0.26,0.1,0.98
446,,0.8,0.88,0.496,0.32,0.16,0.24,0.08,0.96
447,,0.78,0.86,0.476,0.3,0.14,0.22,0.06,0.94
448,,0.76,0.84,0.456,0.28,0.12,0.2,0.04,0.92
449,,0.74,0.82,0.436,0.26,0.1,0.18,0.02,0.9
450,,0.72,0.8,0.416,0.24,0.08,0.16,0.0,0.88
451,,0.7,0.78,0.396,0.22,0.06,0.14,-0.02,0.86
452,7,0.68,0.548,0.076,-0.012,0.04,0.332,0.98,1.0
453,7,0.66,0.316,-0.244,-0.244,0.02,0.524,1.0,1.0
454,3,0.64,0.508,0.756,-0.052,0.0,0.292,0.68,0.768
455,3,0.62,0.7,1.0,0.14,-0.02,0.06,0.36,0.536
456,5,0.3,0.468,0.98,0.332,0.98,0.252,0.34,0.304
457,5,-0.02,0.236,0.96,0.524,1.0,0.444,0.32,0.072
458,1,0.98,0.428,0.94,0.292,0.68,0.212,0.3,0.264
459,1,1.0,0.62,0.92,0.06,0.36,-0.02,0.28,0.456
460,6,0.768,0.3,0.688,0.04,0.552,0.98,0.472,0.436
461,6,0.536,-0.02,0.456,0.02,0.744,1.0,0.664,0.416
462,2,0.728,0.98,0.648,0.0,0.512,0.68,0.432,0.396
463,2,0.92,1.0,0.84,-0.02,0.28,0.36,0.2,0.376
464,4,0.688,0.98,1.0,0.98,0.472,0.34,-0.032,0.056
465,4,0.456,0.96,1.0,1.0,0.664,0.32,-0.264,-0.264
466,7,0.436,0.728,0.68,0.768,0.644,0.512,0.736,-0.072
467,7,0.416,0.496,0.36,0.536,0.624,0.704,1.0,0.12
468,,0.396,0.476,0.34,0.516,0.604,0.684,0.98,0.1
469,,0.376,0.456,0.32,0.496,0.584,0.664,0.96,0.08
470,,0.356,0.436,0.3,0.476,0.564,0.644,0.94,0.06
471,,0.336,0.416,0.28,0.456,0.544,0.624,0.92,0.04
472,,0.316,0.396,0.26,0.436,0.524,0.604,0.9,0.02
473,,0.296,0.376,0.24,0.416,0.504,0.584,0.88,0.0
474,,0.276,0.356,0.22,0.396,0.484,0.564,0.86,-0.02
475,8,0.468,0.336,-0.012,0.076,0.252,0.544,1.0,0.98
476,8,0.66,0.316,-0.244,-0.244,0.02,0.524,1.0,1.0
477,3,0.64,0.508,0.756,-0.052,0.0,0.292,0.68,0.768
478,3,0.62,0.7,1.0,0.14,-0.02,0.06,0.36,0.536
479,5,0.3,0.468,0.98,0.332,0.98,0.252,0.34,0.304
480,5,-0.02,0.236,0.96,0.524,1.0,0.444,0.32,0.072
481,1,0.98,0.428,0.94,0.292,0.68,0.212,0.3,0.264
482,1,1.0,0.62,0.92,0.06,0.36,-0.02,0.28,0.456
483,6,0.768,0.3,0.688,0.04,0.552,0.98,0.472,0.436
484,6,0.536,-0.02,0.456,0.02,0.744,1.0,0.664,0.416
485,2,0.728,0.98,0.648,0.0,0.512,0.68,0.432,0.396
486,2,0.92,1.0,0.84,-0.02,0.28,0.36,0.2,0.376
487,4,0.688,0.98,1.0,0.98,0.472,0.34,-0.032,0.056
488,4,0.456,0.96,1.0,1.0,0.664,0.32,-0.264,-0.264
489,8,0.648,0.94,0.768,0.68,0.432,0.3,-0.072,0.736
490,8,0.84,0.92,0.536,0.36,0.2,0.28,0.12,1.0
491,,0.82,0.9,0.516,0.34,0.18,0.26,0.1,0.98
492,,0.8,0.88,0.496,0.32,0.16,0.24,0.08,0.96
493,,0.78,0.86,0.476,0.3,0.14,0.22,0.06,0.94
494,,0.76,0.84,0.456,0.28,0.12,0.2,0.04,0.92
495,,0.74,0.82,0.436,0.26,0.1,0.18,0.02,0.9
496,,0.72,0.8,0.416,0.24,0.08,0.16,0.0,0.88
497,,0.7,0.78,0.396,0.22,0.06,0.14,-0.02,0.86
498,7,0.68,0.548,0.076,-0.012,0.04,0.332,0.98,1.0
499,7,0.66,0.316,-0.244,-0.244,0.02,0.524,1.0,1.0
500,4,0.428,0.296,-0.052,0.756,0.212,0.504,0.768,0.68
501,4,0.196,0.276,0.14,1.0,0.404,0.484,0.536,0.36
502,,0.176,0.256,0.12,0.98,0.384,0.464,0.516,0.34
503,,0.156,0.236,0.1,0.96,0.364,0.444,0.496,0.32
504,,0.136,0.216,0.08,0.94,0.344,0.424,0.476,0.3
505,,0.116,0.196,0.06,0.92,0.324,0.404,0.456,0.28
506,,0.096,0.176,0.04,0.9,0.304,0.384,0.436,0.26
507,,0.076,0.156,0.02,0.88,0.284,0.364,0.416,0.24
508,,0.056,0.136,0.0,0.86,0.264,0.344,0.396,0.22
509,,0.036,0.116,-0.02,0.84,0.244,0.324,0.376,0.2
510,3,0.016,0.308,0.98,1.0,0.224,0.092,0.056,-0.032
511,3,-0.004,0.5,1.0,1.0,0.204,-0.14,-0.264,-0.264
512,8,0.188,0.48,0.768,0.68,-0.028,-0.16,-0.072,0.736
513,8,0.38,0.46,0.536,0.36,-0.26,-0.18,0.12,1.0
514,5,0.06,0.228,0.516,0.552,0.74,0.012,0.1,0.768
515,5,-0.26,-0.004,0.496,0.744,1.0,0.204,0.08,0.536
516,1,0.74,0.188,0.476,0.512,0.68,-0.028,0.06,0.728
517,1,1.0,0.38,0.456,0.28,0.36,-0.26,0.04,0.92
518,6,0.768,0.06,0.224,0.26,0.552,0.74,0.232,0.9
519,6,0.536,-0.26,-0.008,0.24,0.744,1.0,0.424,0.88
520,2,0.728,0.74,0.184,0.22,0.512,0.68,0.192,0.86
521,2,0.92,1.0,0.376,0.2,0.28,0.36,-0.04,0.84
522,7,0.9,0.768,0.056,-0.032,0.26,0.552,0.96,1.0
523,7,0.88,0.536,-0.264,-0.264,0.24,0.744,1.0,1.0
524,4,0.648,0.516,-0.072,0.736,0.432,0.724,0.768,0.68
525,4,0.416,0.496,0.12,1.0,0.624,0.704,0.536,0.36
526,,0.396,0.476,0.1,0.98,0.604,0.684,0.516,0.34
527,,0.376,0.456,0.08,0.96,0.584,0.664,0.496,0.32
528,,0.356,0.436,0.06,0.94,0.564,0.644,0.476,0.3
529,,0.336,0.416,0.04,0.92,0.544,0.624,0.456,0.28
530,,0.316,0.396,0.02,0.9,0.524,0.604,0.436,0.26
531,,0.296,0.376,0.0,0.88,0.504,0.584,0.416,0.24
532,,0.276,0.356,-0.02,0.86,0.484,0.564,0.396,0.22
533,3,0.256,0.548,0.98,1.0,0.464,0.332,0.076,-0.012
534,3,0.236,0.74,1.0,1.0,0.444,0.1,-0.244,-0.244
535,7,0.216,0.508,0.68,0.768,0.424,0.292,0.756,-0.052
536,7,0.196,0.276,0.36,0.536,0.404,0.484,1.0,0.14
537,,0.176,0.256,0.34,0.516,0.384,0.464,0.98,0.12
538,,0.156,0.236,0.32,0.496,0.364,0.444,0.96,0.1
539,,0.136,0.216,0.3,0.476,0.344,0.424,0.94,0.08
540,,0.116,0.196,0.28,0.456,0.324,0.404,0.92,0.06
541,,0.096,0.176,0.26,0.436,0.304,0.384,0.9,0.04
542,,0.076,0.156,0.24,0.416,0.284,0.364,0.88,0.02
543,,0.056,0.136,0.22,0.396,0.264,0.344,0.86,0.0
544,,0.036,0.116,0.2,0.376,0.244,0.324,0.84,-0.02
545,8,0.228,0.096,-0.032,0.056,0.012,0.304,1.0,0.98
546,8,0.42,0.076,-0.264,-0.264,-0.22,0.284,1.0,1.0
547,4,0.188,0.056,-0.072,0.736,-0.028,0.264,0.768,0.68
548,4,-0.044,0.036,0.12,1.0,0.164,0.244,0.536,0.36
549,1,0.956,0.228,0.1,0.768,-0.156,0.012,0.516,0.552
550,1,1.0,0.42,0.08,0.536,-0.476,-0.22,0.496,0.744
551,5,0.68,0.188,0.06,0.728,0.524,-0.028,0.476,0.512
552,5,0.36,-0.044,0.04,0.92,1.0,0.164,0.456,0.28
553,2,0.552,0.956,0.232,0.9,0.768,-0.156,0.224,0.26
554,2,0.744,1.0,0.424,0.88,0.536,-0.476,-0.008,0.24
555,6,0.512,0.68,0.192,0.86,0.728,0.524,0.184,0.22
556,6,0.28,0.36,-0.04,0.84,0.92,1.0,0.376,0.2
557,3,0.26,0.552,0.96,1.0,0.9,0.768,0.056,-0.032
558,3,0.24,0.744,1.0,1.0,0.88,0.536,-0.264,-0.264
559,7,0.22,0.512,0.68,0.768,0.86,0.728,0.736,-0.072
560,7,0.2,0.28,0.36,0.536,0.84,0.92,1.0,0.12
561,,0.18,0.26,0.34,0.516,0.82,0.9,0.98,0.1
562,,0.16,0.24,0.32,0.496,0.8,0.88,0.96,0.08
563,,0.14,0.22,0.3,0.476,0.78,0.86,0.94,0.06
564,,0.12,0.2,0.28,0.456,0.76,0.84,0.92,0.04
565,,0.1,0.18,0.26,0.436,0.74,0.82,0.9,0.02
566,,0.08,0.16,0.24,0.416,0.72,0.8,0.88,0.0
567,,0.06,0.14,0.22,0.396,0.7,0.78,0.86,-0.02
568,8,0.252,0.12,-0.012,0.076,0.468,0.76,1.0,0.98
569,8,0.444,0.1,-0.244,-0.244,0.236,0.74,1.0,1.0
570,3,0.424,0.292,0.756,-0.052,0.216,0.508,0.68,0.768
571,3,0.404,0.484,1.0,0.14,0.196,0.276,0.36,0.536
572,,0.384,0.464,0.98,0.12,0.176,0.256,0.34,0.516
573,,0.364,0.444,0.96,0.1,0.156,0.236,0.32,0.496
574,,0.344,0.424,0.94,0.08,0.136,0.216,0.3,0.476
575,,0.324,0.404,0.92,0.06,0.116,0.196,0.28,0.456
576,,0.304,0.384,0.9,0.04,0.096,0.176,0.26,0.436
577,,0.284,0.364,0.88,0.02,0.076,0.156,0.24,0.416
578,,0.264,0.344,0.86,0.0,0.056,0.136,0.22,0.396
579,,0.244,0.324,0.84,-0.02,0.036,0.116,0.2,0.376
580,4,0.012,0.304,1.0,0.98,0.228,0.096,-0.032,0.056
581,4,-0.22,0.284,1.0,1.0,0.42,0.076,-0.264,-0.264
582,8,-0.028,0.264,0.768,0.68,0.188,0.056,-0.072,0.736
583,8,0.164,0.244,0.536,0.36,-0.044,0.036,0.12,1.0
584,5,-0.156,0.012,0.516,0.552,0.956,0.228,0.1,0.768
585,5,-0.476,-0.22,0.496,0.744,1.0,0.42,0.08,0.536
586,1,0.524,-0.028,0.476,0.512,0.68,0.188,0.06,0.728
587,1,1.0,0.164,0.456,0.28,0.36,-0.044,0.04,0.92
588,6,0.768,-0.156,0.224,0.26,0.552,0.956,0.232,0.9
589,6,0.536,-0.476,-0.008,0.24,0.744,1.0,0.424,0.88
590,2,0.728,0.524,0.184,0.22,0.512,0.68,0.192,0.86
591,2,0.92,1.0,0.376,0.2,0.28,0.36,-0.04,0.84
592,7,0.9,0.768,0.056,-0.032,0.26,0.552,0.96,1.0
593,7,0.88,0.536,-0.264,-0.264,0.24,0.744,1.0,1.0
594,4,0.648,0.516,-0.072,0.736,0.432,0.724,0.768,0.68
595,4,0.416,0.496,0.12,1.0,0.624,0.704,0.536,0.36
596,,0.396,0.476,0.1,0.98,0.604,0.684,0.516,0.34
597,,0.376,0.456,0.08,0.96,0.584,0.664,0.496,0.32
598,,0.356,0.436,0.06,0.94,0.564,0.644,0.476,0.3
599,,0.336,0.416,0.04,0.92,0.544,0.624,0.456,0.28
600,,0.316,0.396,0.02,0.9,0.524,0.604,0.436,0.26
601,,0.296,0.376,0.0,0.88,0.504,0.584,0.416,0.24
602,,0.276,0.356,-0.02,0.86,0.484,0.564,0.396,0.22
603,3,0.256,0.548,0.98,1.0,0.464,0.332,0.076,-0.012
604,3,0.236,0.74,1.0,1.0,0.444,0.1,-0.244,-0.244
605,8,0.428,0.72,0.768,0.68,0.212,0.08,-0.052,0.756
606,8,0.62,0.7,0.536,0.36,-0.02,0.06,0.14,1.0
607,5,0.3,0.468,0.516,0.552,0.98,0.252,0.12,0.768
608,5,-0.02,0.236,0.496,0.744,1.0,0.444,0.1,0.536
609,1,0.98,0.428,0.476,0.512,0.68,0.212,0.08,0.728
610,1,1.0,0.62,0.456,0.28,0.36,-0.02,0.06,0.92
611,6,0.768,0.3,0.224,0.26,0.552,0.98,0.252,0.9
612,6,0.536,-0.02,-0.008,0.24,0.744,1.0,0.444,0.88
613,2,0.728,0.98,0.184,0.22,0.512,0.68,0.212,0.86
614,2,0.92,1.0,0.376,0.2,0.28,0.36,-0.02,0.84
615,7,0.9,0.768,0.056,-0.032,0.26,0.552,0.98,1.0
616,7,0.88,0.536,-0.264,-0.264,0.24,0.744,1.0,1.0
617,4,0.648,0.516,-0.072,0.736,0.432,0.724,0.768,0.68
618,4,0.416,0.496,0.12,1.0,0.624,0.704,0.536,0.36
619,,0.396,0.476,0.1,0.98,0.604,0.684,0.516,0.34
620,,0.376,0.456,0.08,0.96,0.584,0.664,0.496,0.32
621,,0.356,0.436,0.06,0.94,0.564,0.644,0.476,0.3
622,,0.336,0.416,0.04,0.92,0.544,0.624,0.456,0.28
623,,0.316,0.396,0.02,0.9,0.524,0.604,0.436,0.26
624,,0.296,0.376,0.0,0.88,0.504,0.584,0.416,0.24
625,,0.276,0.356,-0.02,0.86,0.484,0.564,0.396,0.22
626,3,0.256,0.548,0.98,1.0,0.464,0.332,0.076,-0.012
627,3,0.236,0.74,1.0,1.0,0.444,0.1,-0.244,-0.244
628,8,0.428,0.72,0.768,0.68,0.212,0.08,-0.052,0.756
629,8,0.62,0.7,0.536,0.36,-0.02,0.06,0.14,1.0
630,5,0.3,0.468,0.516,0.552,0.98,0.252,0.12,0.768
631,5,-0.02,0.236,0.496,0.744,1.0,0.444,0.1,0.536
632,1,0.98,0.428,0.476,0.512,0.68,0.212,0.08,0.728
633,1,1.0,0.62,0.456,0.28,0.36,-0.02,0.06,0.92
634,6,0.768,0.3,0.224,0.26,0.552,0.98,0.252,0.9
635,6,0.536,-0.02,-0.008,0.24,0.744,1.0,0.444,0.88
636,2,0.728,0.98,0.184,0.22,0.512,0.68,0.212,0.86
637,2,0.92,1.0,0.376,0.2,0.28,0.36,-0.02,0.84
638,7,0.9,0.768,0.056,-0.032,0.26,0.552,0.98,1.0
639,7,0.88,0.536,-0.264,-0.264,0.24,0.744,1.0,1.0
640,4,0.648,0.516,-0.072,0.736,0.432,0.724,0.768,0.68
641,4,0.416,0.496,0.12,1.0,0.624,0.704,0.536,0.36
642,,0.396,0.476,0.1,0.98,0.604,0.684,0.516,0.34
643,,0.376,0.456,0.08,0.96,0.584,0.664,0.496,0.32
644,,0.356,0.436,0.06,0.94,0.564,0.644,0.476,0.3
645,,0.336,0.416,0.04,0.92,0.544,0.624,0.456,0.28
646,,0.316,0.396,0.02,0.9,0.524,0.604,0.436,0.26
647,,0.296,0.376,0.0,0.88,0.504,0.584,0.416,0.24
648,,0.276,0.356,-0.02,0.86,0.484,0.564,0.396,0.22
649,3,0.256,0.548,0.98,1.0,0.464,0.332,0.076,-0.012
650,3,0.236,0.74,1.0,1.0,0.444,0.1,-0.244,-0.244
651,8,0.428,0.72,0.768,0.68,0.212,0.08,-0.052,0.756
652,8,0.62,0.7,0.536,0.36,-0.02,0.06,0.14,1.0
653,5,0.3,0.468,0.516,0.552,0.98,0.252,0.12,0.768
654,5,-0.02,0.236,0.496,0.744,1.0,0.444,0.1,0.536
655,1,0.98,0.428,0.476,0.512,0.68,0.212,0.08,0.728
656,1,1.0,0.62,0.456,0.28,0.36,-0.02,0.06,0.92
657,6,0.768,0.3,0.224,0.26,0.552,0.98,0.252,0.9
658,6,0.536,-0.02,-0.008,0.24,0.744,1.0,0.444,0.88
659,2,0.728,0.98,0.184,0.22,0.512,0.68,0.212,0.86
660,2,0.92,1.0,0.376,0.2,0.28,0.36,-0.02,0.84
661,7,0.9,0.768,0.056,-0.032,0.26,0.552,0.98,1.0
662,7,0.88,0.536,-0.264,-0.264,0.24,0.744,1.0,1.0
663,4,0.648,0.516,-0.072,0.736,0.432,0.724,0.768,0.68
664,4,0.416,0.496,0.12,1.0,0.624,0.704,0.536,0.36
665,,0.396,0.476,0.1,0.98,0.604,0.684,0.516,0.34
666,,0.376,0.456,0.08,0.96,0.584,0.664,0.496,0.32
667,,0.356,0.436,0.06,0.94,0.564,0.644,0.476,0.3
668,,0.336,0.416,0.04,0.92,0.544,0.624,0.456,0.28
669,,0.316,0.396,0.02,0.9,0.524,0.604,0.436,0.26
670,,0.296,0.376,0.0,0.88,0.504,0.584,0.416,0.24
671,,0.276,0.356,-0.02,0.86,0.484,0.564,0.396,0.22
672,3,0.256,0.548,0.98,1.0,0.464,0.332,0.076,-0.012
673,3,0.236,0.74,1.0,1.0,0.444,0.1,-0.244,-0.244
674,7,0.216,0.508,0.68,0.768,0.424,0.292,0.756,-0.052
675,7,0.196,0.276,0.36,0.536,0.404,0.484,1.0,0.14
676,,0.176,0.256,0.34,0.516,0.384,0.464,0.98,0.12
677,,0.156,0.236,0.32,0.496,0.364,0.444,0.96,0.1
678,,0.136,0.216,0.3,0.476,0.344,0.424,0.94,0.08
679,,0.116,0.196,0.28,0.456,0.324,0.404,0.92,0.06
680,,0.096,0.176,0.26,0.436,0.304,0.384,0.9,0.04
681,,0.076,0.156,0.24,0.416,0.284,0.364,0.88,0.02
682,,0.056,0.136,0.22,0.396,0.264,0.344,0.86,0.0
683,,0.036,0.116,0.2,0.376,0.244,0.324,0.84,-0.02
684,8,0.228,0.096,-0.032,0.056,0.012,0.304,1.0,0.98
685,8,0.42,0.076,-0.264,-0.264,-0.22,0.284,1.0,1.0
686,4,0.188,0.056,-0.072,0.736,-0.028,0.264,0.768,0.68
687,4,-0.044,0.036,0.12,1.0,0.164,0.244,0.536,0.36
688,1,0.956,0.228,0.1,0.768,-0.156,0.012,0.516,0.552
689,1,1.0,0.42,0.08,0.536,-0.476,-0.22,0.496,0.744
690,5,0.68,0.188,0.06,0.728,0.524,-0.028,0.476,0.512
691,5,0.36,-0.044,0.04,0.92,1.0,0.164,0.456,0.28
692,2,0.552,0.956,0.232,0.9,0.768,-0.156,0.224,0.26
693,2,0.744,1.0,0.424,0.88,0.536,-0.476,-0.008,0.24
694,6,0.512,0.68,0.192,0.86,0.728,0.524,0.184,0.22
695,6,0.28,0.36,-0.04,0.84,0.92,1.0,0.376,0.2
696,3,0.26,0.552,0.96,1.0,0.9,0.768,0.056,-0.032
697,3,0.24,0.744,1.0,1.0,0.88,0.536,-0.264,-0.264
698,8,0.432,0.724,0.768,0.68,0.648,0.516,-0.072,0.736
699,8,0.624,0.704,0.536,0.36,0.416,0.496,0.12,1.0
700,,0.604,0.684,0.516,0.34,0.396,0.476,0.1,0.98
701,,0.584,0.664,0.496,0.32,0.376,0.456,0.08,0.96
702,,0.564,0.644,0.476,0.3,0.356,0.436,0.06,0.94
703,,0.544,0.624,0.456,0.28,0.336,0.416,0.04,0.92
704,,0.524,0.604,0.436,0.26,0.316,0.396,0.02,0.9
705,,0.504,0.584,0.416,0.24,0.296,0.376,0.0,0.88
706,,0.484,0.564,0.396,0.22,0.276,0.356,-0.02,0.86
707,7,0.464,0.332,0.076,-0.012,0.256,0.548,0.98,1.0
708,7,0.444,0.1,-0.244,-0.244,0.236,0.74,1.0,1.0
709,3,0.424,0.292,0.756,-0.052,0.216,0.508,0.68,0.768
710,3,0.404,0.484,1.0,0.14,0.196,0.276,0.36,0.536
711,,0.384,0.464,0.98,0.12,0.176,0.256,0.34,0.516
712,,0.364,0.444,0.96,0.1,0.156,0.236,0.32,0.496
713,,0.344,0.424,0.94,0.08,0.136,0.216,0.3,0.476
714,,0.324,0.404,0.92,0.06,0.116,0.196,0.28,0.456
715,,0.304,0.384,0.9,0.04,0.096,0.176,0.26,0.436
716,,0.284,0.364,0.88,0.02,0.076,0.156,0.24,0.416
717,,0.264,0.344,0.86,0.0,0.056,0.136,0.22,0.396
718,,0.244,0.324,0.84,-0.02,0.036,0.116,0.2,0.376
719,4,0.012,0.304,1.0,0.98,0.228,0.096,-0.032,0.056
720,4,-0.22,0.284,1.0,1.0,0.42,0.076,-0.264,-0.264
721,8,-0.028,0.264,0.768,0.68,0.188,0.056,-0.072,0.736
722,8,0.164,0.244,0.536,0.36,-0.044,0.036,0.12,1.0
723,5,-0.156,0.012,0.516,0.552,0.956,0.228,0.1,0.768
724,5,-0.476,-0.22,0.496,0.744,1.0,0.42,0.08,0.536
725,1,0.524,-0.028,0.476,0.512,0.68,0.188,0.06,0.728
726,1,1.0,0.164,0.456,0.28,0.36,-0.044,0.04,0.92
727,6,0.768,-0.156,0.224,0.26,0.552,0.956,0.232,0.9
728,6,0.536,-0.476,-0.008,0.24,0.744,1.0,0.424,0.88
729,2,0.728,0.524,0.184,0.22,0.512,0.68,0.192,0.86
730,2,0.92,1.0,0.376,0.2,0.28,0.36,-0.04,0.84
731,7,0.9,0.768,0.056,-0.032,0.26,0.552,0.96,1.0
732,7,0.88,0.536,-0.264,-0.264,0.24,0.744,1.0,1.0
733,3,0.86,0.728,0.736,-0.072,0.22,0.512,0.68,0.768
734,3,0.84,0.92,1.0,0.12,0.2,0.28,0.36,0.536
735,,0.82,0.9,0.98,0.1,0.18,0.26,0.34,0.516
736,,0.8,0.88,0.96,0.08,0.16,0.24,0.32,0.496
737,,0.78,0.86,0.94,0.06,0.14,0.22,0.3,0.476
738,,0.76,0.84,0.92,0.04,0.12,0.2,0.28,0.456
739,,0.74,0.82,0.9,0.02,0.1,0.18,0.26,0.436
740,,0.72,0.8,0.88,0.0,0.08,0.16,0.24,0.416
741,,0.7,0.78,0.86,-0.02,0.06,0.14,0.22,0.396
742,4,0.468,0.76,1.0,0.98,0.252,0.12,-0.012,0.076
743,4,0.236,0.74,1.0,1.0,0.444,0.1,-0.244,-0.244
744,7,0.216,0.508,0.68,0.768,0.424,0.292,0.756,-0.052
745,7,0.196,0.276,0.36,0.536,0.404,0.484,1.0,0.14
746,,0.176,0.256,0.34,0.516,0.384,0.464,0.98,0.12
747,,0.156,0.236,0.32,0.496,0.364,0.444,0.96,0.1
748,,0.136,0.216,0.3,0.476,0.344,0.424,0.94,0.08
749,,0.116,0.196,0.28,0.456,0.324,0.404,0.92,0.06
750,,0.096,0.176,0.26,0.436,0.304,0.384,0.9,0.04
751,,0.076,0.156,0.24,0.416,0.284,0.364,0.88,0.02
752,,0.056,0.136,0.22,0.396,0.264,0.344,0.86,0.0
753,,0.036,0.116,0.2,0.376,0.244,0.324,0.84,-0.02
754,8,0.228,0.096,-0.032,0.056,0.012,0.304,1.0,0.98
755,8,0.42,0.076,-0.264,-0.264,-0.22,0.284,1.0,1.0
756,4,0.188,0.056,-0.072,0.736,-0.028,0.264,0.768,0.68
757,4,-0.044,0.036,0.12,1.0,0.164,0.244,0.536,0.36
758,1,0.956,0.228,0.1,0.768,-0.156,0.012,0.516,0.552
759,1,1.0,0.42,0.08,0.536,-0.476,-0.22,0.496,0.744
760,5,0.68,0.188,0.06,0.728,0.524,-0.028,0.476,0.512
761,5,0.36,-0.044,0.04,0.92,1.0,0.164,0.456,0.28
762,2,0.552,0.956,0.232,0.9,0.768,-0.156,0.224,0.26
763,2,0.744,1.0,0.424,0.88,0.536,-0.476,-0.008,0.24
764,6,0.512,0.68,0.192,0.86,0.728,0.524,0.184,0.22
765,6,0.28,0.36,-0.04,0.84,0.92,1.0,0.376,0.2
766,3,0.26,0.552,0.96,1.0,0.9,0.768,0.056,-0.032
767,3,0.24,0.744,1.0,1.0,0.88,0.536,-0.264,-0.264
768,7,0.22,0.512,0.68,0.768,0.86,0.728,0.736,-0.072
769,7,0.2,0.28,0.36,0.536,0.84,0.92,1.0,0.12
770,,0.18,0.26,0.34,0.516,0.82,0.9,0.98,0.1
771,,0.16,0.24,0.32,0.496,0.8,0.88,0.96,0.08
772,,0.14,0.22,0.3,0.476,0.78,0.86,0.94,0.06
773,,0.12,0.2,0.28,0.456,0.76,0.84,0.92,0.04
774,,0.1,0.18,0.26,0.436,0.74,0.82,0.9,0.02
775,,0.08,0.16,0.24,0.416,0.72,0.8,0.88,0.0
776,,0.06,0.14,0.22,0.396,0.7,0.78,0.86,-0.02
777,8,0.252,0.12,-0.012,0.076,0.468,0.76,1.0,0.98
778,8,0.444,0.1,-0.244,-0.244,0.236,0.74,1.0,1.0
779,3,0.424,0.292,0.756,-0.052,0.216,0.508,0.68,0.768
780,3,0.404,0.484,1.0,0.14,0.196,0.276,0.36,0.536
781,,0.384,0.464,0.98,0.12,0.176,0.256,0.34,0.516
782,,0.364,0.444,0.96,0.1,0.156,0.236,0.32,0.496
783,,0.344,0.424,0.94,0.08,0.136,0.216,0.3,0.476
784,,0.324,0.404,0.92,0.06,0.116,0.196,0.28,0.456
785,,0.304,0.384,0.9,0.04,0.096,0.176,0.26,0.436
786,,0.284,0.364,0.88,0.02,0.076,0.156,0.24,0.416
787,,0.264,0.344,0.86,0.0,0.056,0.136,0.22,0.396
788,,0.244,0.324,0.84,-0.02,0.036,0.116,0.2,0.376
789,4,0.012,0.304,1.0,0.98,0.228,0.096,-0.032,0.056
790,4,-0.22,0.284,1.0,1.0,0.42,0.076,-0.264,-0.264
791,7,-0.24,0.052,0.68,0.768,0.4,0.268,0.736,-0.072
792,7,-0.26,-0.18,0.36,0.536,0.38,0.46,1.0,0.12
793,1,0.74,0.012,0.34,0.304,0.06,0.228,0.98,0.312
794,1,1.0,0.204,0.32,0.072,-0.26,-0.004,0.96,0.504
795,5,0.68,-0.028,0.3,0.264,0.74,0.188,0.94,0.272
796,5,0.36,-0.26,0.28,0.456,1.0,0.38,0.92,0.04
797,2,0.552,0.74,0.472,0.436,0.768,0.06,0.688,0.02
798,2,0.744,1.0,0.664,0.416,0.536,-0.26,0.456,0.0
799,6,0.512,0.68,0.432,0.396,0.728,0.74,0.648,-0.02
800,6,0.28,0.36,0.2,0.376,0.92,1.0,0.84,-0.04
801,8,0.472,0.34,-0.032,0.056,0.688,0.98,1.0,0.96
802,8,0.664,0.32,-0.264,-0.264,0.456,0.96,1.0,1.0
803,3,0.644,0.512,0.736,-0.072,0.436,0.728,0.68,0.768
