step,active_motive,motive_1,motive_2,motive_3,motive_4,motive_5,motive_6,motive_7,motive_8
0,,0.03468,0.05039,0.00911,0.04722,0.3415,0.03559,0.15949,0.42244
1,,0.01468,0.03039,-0.01089,0.02722,0.3215,0.01559,0.13949,0.40244
2,3,-0.00532,0.22239,0.98911,0.21922,0.3015,-0.21641,-0.18051,0.17044
3,3,-0.02532,0.41439,1.0,0.41122,0.2815,-0.44841,-0.50051,-0.06156
4,7,-0.04532,0.18239,0.68,0.17922,0.2615,-0.25641,0.49949,0.13044
5,7,-0.06532,-0.04961,0.36,-0.05278,0.2415,-0.06441,1.0,0.32244
6,1,0.93468,0.14239,0.34,-0.28478,-0.0785,-0.29641,0.98,0.51444
7,1,1.0,0.33439,0.32,-0.51678,-0.3985,-0.52841,0.96,0.70644
8,6,0.768,0.01439,0.088,-0.53678,-0.2065,0.47159,1.0,0.68644
9,6,0.536,-0.30561,-0.144,-0.55678,-0.0145,1.0,1.0,0.66644
10,4,0.304,-0.32561,0.048,0.44322,0.1775,0.98,0.768,0.34644
11,4,0.072,-0.34561,0.24,1.0,0.3695,0.96,0.536,0.02644
12,2,0.264,0.65439,0.432,0.98,0.1375,0.64,0.304,0.00644
13,2,0.456,1.0,0.624,0.96,-0.0945,0.32,0.072,-0.01356
14,5,0.136,0.768,0.604,1.0,0.9055,0.512,0.052,-0.24556
15,5,-0.184,0.536,0.584,1.0,1.0,0.704,0.032,-0.47756
16,8,0.008,0.516,0.352,0.68,0.768,0.684,0.224,0.52244
17,8,0.2,0.496,0.12,0.36,0.536,0.664,0.416,1.0
18,,0.18,0.476,0.1,0.34,0.516,0.644,0.396,0.98
19,,0.16,0.456,0.08,0.32,0.496,0.624,0.376,0.96
20,,0.14,0.436,0.06,0.3,0.476,0.604,0.356,0.94
21,,0.12,0.416,0.04,0.28,0.456,0.584,0.336,0.92
22,,0.1,0.396,0.02,0.26,0.436,0.564,0.316,0.9
23,,0.08,0.376,0.0,0.24,0.416,0.544,0.296,0.88
24,,0.06,0.356,-0.02,0.22,0.396,0.524,0.276,0.86
25,3,0.04,0.548,0.98,0.412,0.376,0.292,-0.044,0.628
26,3,0.02,0.74,1.0,0.604,0.356,0.06,-0.364,0.396
27,7,0.0,0.508,0.68,0.372,0.336,0.252,0.636,0.588
28,7,-0.02,0.276,0.36,0.14,0.316,0.444,1.0,0.78
29,1,0.98,0.468,0.34,-0.092,-0.004,0.212,0.98,0.972
30,1,1.0,0.66,0.32,-0.324,-0.324,-0.02,0.96,1.0
31,5,0.68,0.428,0.3,-0.132,0.676,0.172,0.94,0.768
32,5,0.36,0.196,0.28,0.06,1.0,0.364,0.92,0.536
33,,0.34,0.176,0.26,0.04,0.98,0.344,0.9,0.516
34,,0.32,0.156,0.24,0.02,0.96,0.324,0.88,0.496
35,,0.3,0.136,0.22,0.0,0.94,0.304,0.86,0.476
36,,0.28,0.116,0.2,-0.02,0.92,0.284,0.84,0.456
37,4,0.048,0.096,0.392,0.98,1.0,0.264,0.608,0.136
38,4,-0.184,0.076,0.584,1.0,1.0,0.244,0.376,-0.184
39,8,0.008,0.056,0.352,0.68,0.768,0.224,0.568,0.816
40,8,0.2,0.036,0.12,0.36,0.536,0.204,0.76,1.0
41,,0.18,0.016,0.1,0.34,0.516,0.184,0.74,0.98
42,,0.16,-0.004,0.08,0.32,0.496,0.164,0.72,0.96
43,2,0.352,0.996,0.272,0.3,0.264,-0.156,0.488,0.94
44,2,0.544,1.0,0.464,0.28,0.032,-0.476,0.256,0.92
45,6,0.312,0.68,0.232,0.26,0.224,0.524,0.448,0.9
46,6,0.08,0.36,0.0,0.24,0.416,1.0,0.64,0.88
47,,0.06,0.34,-0.02,0.22,0.396,0.98,0.62,0.86
48,3,0.04,0.532,0.98,0.412,0.376,0.748,0.3,0.628
49,3,0.02,0.724,1.0,0.604,0.356,0.516,-0.02,0.396
50,7,0.0,0.492,0.68,0.372,0.336,0.708,0.98,0.588
51,7,-0.02,0.26,0.36,0.14,0.316,0.9,1.0,0.78
52,1,0.98,0.452,0.34,-0.092,-0.004,0.668,0.98,0.972
53,1,1.0,0.644,0.32,-0.324,-0.324,0.436,0.96,1.0
54,5,0.68,0.412,0.3,-0.132,0.676,0.628,0.94,0.768
55,5,0.36,0.18,0.28,0.06,1.0,0.82,0.92,0.536
56,,0.34,0.16,0.26,0.04,0.98,0.8,0.9,0.516
57,,0.32,0.14,0.24,0.02,0.96,0.78,0.88,0.496
58,,0.3,0.12,0.22,0.0,0.94,0.76,0.86,0.476
59,,0.28,0.1,0.2,-0.02,0.92,0.74,0.84,0.456
60,4,0.048,0.08,0.392,0.98,1.0,0.72,0.608,0.136
61,4,-0.184,0.06,0.584,1.0,1.0,0.7,0.376,-0.184
62,1,0.816,0.252,0.564,0.768,0.68,0.468,0.356,0.008
63,1,1.0,0.444,0.544,0.536,0.36,0.236,0.336,0.2
64,,0.98,0.424,0.524,0.516,0.34,0.216,0.316,0.18
65,,0.96,0.404,0.504,0.496,0.32,0.196,0.296,0.16
66,,0.94,0.384,0.484,0.476,0.3,0.176,0.276,0.14
67,,0.92,0.364,0.464,0.456,0.28,0.156,0.256,0.12
68,,0.9,0.344,0.444,0.436,0.26,0.136,0.236,0.1
69,,0.88,0.324,0.424,0.416,0.24,0.116,0.216,0.08
70,,0.86,0.304,0.404,0.396,0.22,0.096,0.196,0.06
71,,0.84,0.284,0.384,0.376,0.2,0.076,0.176,0.04
72,,0.82,0.264,0.364,0.356,0.18,0.056,0.156,0.02
73,,0.8,0.244,0.344,0.336,0.16,0.036,0.136,0.0
74,,0.78,0.224,0.324,0.316,0.14,0.016,0.116,-0.02
75,8,0.972,0.204,0.092,-0.004,-0.092,-0.004,0.308,0.98
76,8,1.0,0.184,-0.14,-0.324,-0.324,-0.024,0.5,1.0
77,4,0.768,0.164,0.052,0.676,-0.132,-0.044,0.268,0.68
78,4,0.536,0.144,0.244,1.0,0.06,-0.064,0.036,0.36
79,6,0.304,-0.176,0.012,0.98,0.252,0.936,0.228,0.34
80,6,0.072,-0.496,-0.22,0.96,0.444,1.0,0.42,0.32
81,2,0.264,0.504,-0.028,0.94,0.212,0.68,0.188,0.3
82,2,0.456,1.0,0.164,0.92,-0.02,0.36,-0.044,0.28
83,7,0.436,0.768,-0.156,0.688,-0.04,0.552,0.956,0.472
84,7,0.416,0.536,-0.476,0.456,-0.06,0.744,1.0,0.664
85,3,0.396,0.728,0.524,0.648,-0.08,0.512,0.68,0.432
86,3,0.376,0.92,1.0,0.84,-0.1,0.28,0.36,0.2
87,5,0.056,0.688,0.98,1.0,0.9,0.472,0.34,-0.032
88,5,-0.264,0.456,0.96,1.0,1.0,0.664,0.32,-0.264
89,1,0.736,0.648,0.94,0.768,0.68,0.432,0.3,-0.072
90,1,1.0,0.84,0.92,0.536,0.36,0.2,0.28,0.12
91,,0.98,0.82,0.9,0.516,0.34,0.18,0.26,0.1
92,,0.96,0.8,0.88,0.496,0.32,0.16,0.24,0.08
93,,0.94,0.78,0.86,0.476,0.3,0.14,0.22,0.06
94,,0.92,0.76,0.84,0.456,0.28,0.12,0.2,0.04
95,,0.9,0.74,0.82,0.436,0.26,0.1,0.18,0.02
96,,0.88,0.72,0.8,0.416,0.24,0.08,0.16,0.0
97,,0.86,0.7,0.78,0.396,0.22,0.06,0.14,-0.02
98,8,1.0,0.68,0.548,0.076,-0.012,0.04,0.332,0.98
99,8,1.0,0.66,0.316,-0.244,-0.244,0.02,0.524,1.0
100,5,0.68,0.428,0.296,-0.052,0.756,0.212,0.504,0.768
101,5,0.36,0.196,0.276,0.14,1.0,0.404,0.484,0.536
102,,0.34,0.176,0.256,0.12,0.98,0.384,0.464,0.516
103,,0.32,0.156,0.236,0.1,0.96,0.364,0.444,0.496
104,,0.3,0.136,0.216,0.08,0.94,0.344,0.424,0.476
105,,0.28,0.116,0.196,0.06,0.92,0.324,0.404,0.456
106,,0.26,0.096,0.176,0.04,0.9,0.304,0.384,0.436
107,,0.24,0.076,0.156,0.02,0.88,0.284,0.364,0.416
108,,0.22,0.056,0.136,0.0,0.86,0.264,0.344,0.396
109,,0.2,0.036,0.116,-0.02,0.84,0.244,0.324,0.376
110,4,-0.032,0.016,0.308,0.98,1.0,0.224,0.092,0.056
111,4,-0.264,-0.004,0.5,1.0,1.0,0.204,-0.14,-0.264
112,8,-0.072,-0.024,0.268,0.68,0.768,0.184,0.052,0.736
113,8,0.12,-0.044,0.036,0.36,0.536,0.164,0.244,1.0
114,2,0.312,0.956,0.228,0.34,0.304,-0.156,0.012,0.98
115,2,0.504,1.0,0.42,0.32,0.072,-0.476,-0.22,0.96
116,6,0.272,0.68,0.188,0.3,0.264,0.524,-0.028,0.94
117,6,0.04,0.36,-0.044,0.28,0.456,1.0,0.164,0.92
118,3,0.02,0.552,0.956,0.472,0.436,0.768,-0.156,0.688
119,3,0.0,0.744,1.0,0.664,0.416,0.536,-0.476,0.456
120,7,-0.02,0.512,0.68,0.432,0.396,0.728,0.524,0.648
121,7,-0.04,0.28,0.36,0.2,0.376,0.92,1.0,0.84
122,1,0.96,0.472,0.34,-0.032,0.056,0.688,0.98,1.0
123,1,1.0,0.664,0.32,-0.264,-0.264,0.456,0.96,1.0
124,4,0.768,0.644,0.512,0.736,-0.072,0.436,0.728,0.68
125,4,0.536,0.624,0.704,1.0,0.12,0.416,0.496,0.36
126,,0.516,0.604,0.684,0.98,0.1,0.396,0.476,0.34
127,,0.496,0.584,0.664,0.96,0.08,0.376,0.456,0.32
128,,0.476,0.564,0.644,0.94,0.06,0.356,0.436,0.3
129,,0.456,0.544,0.624,0.92,0.04,0.336,0.416,0.28
130,,0.436,0.524,0.604,0.9,0.02,0.316,0.396,0.26
131,,0.416,0.504,0.584,0.88,0.0,0.296,0.376,0.24
132,,0.396,0.484,0.564,0.86,-0.02,0.276,0.356,0.22
133,5,0.076,0.252,0.544,1.0,0.98,0.468,0.336,-0.012
134,5,-0.244,0.02,0.524,1.0,1.0,0.66,0.316,-0.244
135,8,-0.052,0.0,0.292,0.68,0.768,0.64,0.508,0.756
136,8,0.14,-0.02,0.06,0.36,0.536,0.62,0.7,1.0
137,2,0.332,0.98,0.252,0.34,0.304,0.3,0.468,0.98
138,2,0.524,1.0,0.444,0.32,0.072,-0.02,0.236,0.96
139,6,0.292,0.68,0.212,0.3,0.264,0.98,0.428,0.94
140,6,0.06,0.36,-0.02,0.28,0.456,1.0,0.62,0.92
141,3,0.04,0.552,0.98,0.472,0.436,0.768,0.3,0.688
142,3,0.02,0.744,1.0,0.664,0.416,0.536,-0.02,0.456
143,7,0.0,0.512,0.68,0.432,0.396,0.728,0.98,0.648
144,7,-0.02,0.28,0.36,0.2,0.376,0.92,1.0,0.84
145,1,0.98,0.472,0.34,-0.032,0.056,0.688,0.98,1.0
146,1,1.0,0.664,0.32,-0.264,-0.264,0.456,0.96,1.0
147,4,0.768,0.644,0.512,0.736,-0.072,0.436,0.728,0.68
148,4,0.536,0.624,0.704,1.0,0.12,0.416,0.496,0.36
149,,0.516,0.604,0.684,0.98,0.1,0.396,0.476,0.34
150,,0.496,0.584,0.664,0.96,0.08,0.376,0.456,0.32
151,,0.476,0.564,0.644,0.94,0.06,0.356,0.436,0.3
152,,0.456,0.544,0.624,0.92,0.04,0.336,0.416,0.28
153,,0.436,0.524,0.604,0.9,0.02,0.316,0.396,0.26
154,,0.416,0.504,0.584,0.88,0.0,0.296,0.376,0.24
155,,0.396,0.484,0.564,0.86,-0.02,0.276,0.356,0.22
156,5,0.076,0.252,0.544,1.0,0.98,0.468,0.336,-0.012
157,5,-0.244,0.02,0.524,1.0,1.0,0.66,0.316,-0.244
158,1,0.756,0.212,0.504,0.768,0.68,0.428,0.296,-0.052
159,1,1.0,0.404,0.484,0.536,0.36,0.196,0.276,0.14
160,,0.98,0.384,0.464,0.516,0.34,0.176,0.256,0.12
161,,0.96,0.364,0.444,0.496,0.32,0.156,0.236,0.1
162,,0.94,0.344,0.424,0.476,0.3,0.136,0.216,0.08
163,,0.92,0.324,0.404,0.456,0.28,0.116,0.196,0.06
164,,0.9,0.304,0.384,0.436,0.26,0.096,0.176,0.04
165,,0.88,0.284,0.364,0.416,0.24,0.076,0.156,0.02
166,,0.86,0.264,0.344,0.396,0.22,0.056,0.136,0.0
167,,0.84,0.244,0.324,0.376,0.2,0.036,0.116,-0.02
168,8,1.0,0.224,0.092,0.056,-0.032,0.016,0.308,0.98
169,8,1.0,0.204,-0.14,-0.264,-0.264,-0.004,0.5,1.0
170,4,0.768,0.184,0.052,0.736,-0.072,-0.024,0.268,0.68
171,4,0.536,0.164,0.244,1.0,0.12,-0.044,0.036,0.36
172,6,0.304,-0.156,0.012,0.98,0.312,0.956,0.228,0.34
173,6,0.072,-0.476,-0.22,0.96,0.504,1.0,0.42,0.32
174,2,0.264,0.524,-0.028,0.94,0.272,0.68,0.188,0.3
175,2,0.456,1.0,0.164,0.92,0.04,0.36,-0.044,0.28
176,7,0.436,0.768,-0.156,0.688,0.02,0.552,0.956,0.472
177,7,0.416,0.536,-0.476,0.456,0.0,0.744,1.0,0.664
178,3,0.396,0.728,0.524,0.648,-0.02,0.512,0.68,0.432
179,3,0.376,0.92,1.0,0.84,-0.04,0.28,0.36,0.2
180,5,0.056,0.688,0.98,1.0,0.96,0.472,0.34,-0.032
181,5,-0.264,0.456,0.96,1.0,1.0,0.664,0.32,-0.264
182,8,-0.072,0.436,0.728,0.68,0.768,0.644,0.512,0.736
183,8,0.12,0.416,0.496,0.36,0.536,0.624,0.704,1.0
184,,0.1,0.396,0.476,0.34,0.516,0.604,0.684,0.98
185,,0.08,0.376,0.456,0.32,0.496,0.584,0.664,0.96
186,,0.06,0.356,0.436,0.3,0.476,0.564,0.644,0.94
187,,0.04,0.336,0.416,0.28,0.456,0.544,0.624,0.92
188,,0.02,0.316,0.396,0.26,0.436,0.524,0.604,0.9
189,,0.0,0.296,0.376,0.24,0.416,0.504,0.584,0.88
190,,-0.02,0.276,0.356,0.22,0.396,0.484,0.564,0.86
191,1,0.98,0.468,0.336,-0.012,0.076,0.252,0.544,1.0
192,1,1.0,0.66,0.316,-0.244,-0.244,0.02,0.524,1.0
193,5,0.68,0.428,0.296,-0.052,0.756,0.212,0.504,0.768
194,5,0.36,0.196,0.276,0.14,1.0,0.404,0.484,0.536
195,,0.34,0.176,0.256,0.12,0.98,0.384,0.464,0.516
196,,0.32,0.156,0.236,0.1,0.96,0.364,0.444,0.496
197,,0.3,0.136,0.216,0.08,0.94,0.344,0.424,0.476
198,,0.28,0.116,0.196,0.06,0.92,0.324,0.404,0.456
199,,0.26,0.096,0.176,0.04,0.9,0.304,0.384,0.436
200,,0.24,0.076,0.156,0.02,0.88,0.284,0.364,0.416
201,,0.22,0.056,0.136,0.0,0.86,0.264,0.344,0.396
202,,0.2,0.036,0.116,-0.02,0.84,0.244,0.324,0.376
203,4,-0.032,0.016,0.308,0.98,1.0,0.224,0.092,0.056
204,4,-0.264,-0.004,0.5,1.0,1.0,0.204,-0.14,-0.264
205,1,0.736,0.188,0.48,0.768,0.68,-0.028,-0.16,-0.072
206,1,1.0,0.38,0.46,0.536,0.36,-0.26,-0.18,0.12
207,6,0.768,0.06,0.228,0.516,0.552,0.74,0.012,0.1
208,6,0.536,-0.26,-0.004,0.496,0.744,1.0,0.204,0.08
209,2,0.728,0.74,0.188,0.476,0.512,0.68,-0.028,0.06
210,2,0.92,1.0,0.38,0.456,0.28,0.36,-0.26,0.04
211,7,0.9,0.768,0.06,0.224,0.26,0.552,0.74,0.232
212,7,0.88,0.536,-0.26,-0.008,0.24,0.744,1.0,0.424
213,3,0.86,0.728,0.74,0.184,0.22,0.512,0.68,0.192
214,3,0.84,0.92,1.0,0.376,0.2,0.28,0.36,-0.04
215,8,1.0,0.9,0.768,0.056,-0.032,0.26,0.552,0.96
216,8,1.0,0.88,0.536,-0.264,-0.264,0.24,0.744,1.0
217,4,0.768,0.86,0.728,0.736,-0.072,0.22,0.512,0.68
218,4,0.536,0.84,0.92,1.0,0.12,0.2,0.28,0.36
219,,0.516,0.82,0.9,0.98,0.1,0.18,0.26,0.34
220,,0.496,0.8,0.88,0.96,0.08,0.16,0.24,0.32
221,,0.476,0.78,0.86,0.94,0.06,0.14,0.22,0.3
222,,0.456,0.76,0.84,0.92,0.04,0.12,0.2,0.28
223,,0.436,0.74,0.82,0.9,0.02,0.1,0.18,0.26
224,,0.416,0.72,0.8,0.88,0.0,0.08,0.16,0.24
225,,0.396,0.7,0.78,0.86,-0.02,0.06,0.14,0.22
226,5,0.076,0.468,0.76,1.0,0.98,0.252,0.12,-0.012
227,5,-0.244,0.236,0.74,1.0,1.0,0.444,0.1,-0.244
228,1,0.756,0.428,0.72,0.768,0.68,0.212,0.08,-0.052
229,1,1.0,0.62,0.7,0.536,0.36,-0.02,0.06,0.14
230,6,0.768,0.3,0.468,0.516,0.552,0.98,0.252,0.12
231,6,0.536,-0.02,0.236,0.496,0.744,1.0,0.444,0.1
232,2,0.728,0.98,0.428,0.476,0.512,0.68,0.212,0.08
233,2,0.92,1.0,0.62,0.456,0.28,0.36,-0.02,0.06
234,7,0.9,0.768,0.3,0.224,0.26,0.552,0.98,0.252
235,7,0.88,0.536,-0.02,-0.008,0.24,0.744,1.0,0.444
236,3,0.86,0.728,0.98,0.184,0.22,0.512,0.68,0.212
237,3,0.84,0.92,1.0,0.376,0.2,0.28,0.36,-0.02
238,8,1.0,0.9,0.768,0.056,-0.032,0.26,0.552,0.98
239,8,1.0,0.88,0.536,-0.264,-0.264,0.24,0.744,1.0
240,4,0.768,0.86,0.728,0.736,-0.072,0.22,0.512,0.68
241,4,0.536,0.84,0.92,1.0,0.12,0.2,0.28,0.36
242,,0.516,0.82,0.9,0.98,0.1,0.18,0.26,0.34
243,,0.496,0.8,0.88,0.96,0.08,0.16,0.24,0.32
244,,0.476,0.78,0.86,0.94,0.06,0.14,0.22,0.3
245,,0.456,0.76,0.84,0.92,0.04,0.12,0.2,0.28
246,,0.436,0.74,0.82,0.9,0.02,0.1,0.18,0.26
247,,0.416,0.72,0.8,0.88,0.0,0.08,0.16,0.24
248,,0.396,0.7,0.78,0.86,-0.02,0.06,0.14,0.22
249,5,0.076,0.468,0.76,1.0,0.98,0.252,0.12,-0.012
250,5,-0.244,0.236,0.74,1.0,1.0,0.444,0.1,-0.244
251,8,-0.052,0.216,0.508,0.68,0.768,0.424,0.292,0.756
252,8,0.14,0.196,0.276,0.36,0.536,0.404,0.484,1.0
253,,0.12,0.176,0.256,0.34,0.516,0.384,0.464,0.98
254,,0.1,0.156,0.236,0.32,0.496,0.364,0.444,0.96
255,,0.08,0.136,0.216,0.3,0.476,0.344,0.424,0.94
256,,0.06,0.116,0.196,0.28,0.456,0.324,0.404,0.92
257,,0.04,0.096,0.176,0.26,0.436,0.304,0.384,0.9
258,,0.02,0.076,0.156,0.24,0.416,0.284,0.364,0.88
259,,0.0,0.056,0.136,0.22,0.396,0.264,0.344,0.86
260,,-0.02,0.036,0.116,0.2,0.376,0.244,0.324,0.84
261,1,0.98,0.228,0.096,-0.032,0.056,0.012,0.304,1.0
262,1,1.0,0.42,0.076,-0.264,-0.264,-0.22,0.284,1.0
263,5,0.68,0.188,0.056,-0.072,0.736,-0.028,0.264,0.768
264,5,0.36,-0.044,0.036,0.12,1.0,0.164,0.244,0.536
265,2,0.552,0.956,0.228,0.1,0.768,-0.156,0.012,0.516
266,2,0.744,1.0,0.42,0.08,0.536,-0.476,-0.22,0.496
267,6,0.512,0.68,0.188,0.06,0.728,0.524,-0.028,0.476
268,6,0.28,0.36,-0.044,0.04,0.92,1.0,0.164,0.456
269,3,0.26,0.552,0.956,0.232,0.9,0.768,-0.156,0.224
270,3,0.24,0.744,1.0,0.424,0.88,0.536,-0.476,-0.008
271,7,0.22,0.512,0.68,0.192,0.86,0.728,0.524,0.184
272,7,0.2,0.28,0.36,-0.04,0.84,0.92,1.0,0.376
273,4,-0.032,0.26,0.552,0.96,1.0,0.9,0.768,0.056
274,4,-0.264,0.24,0.744,1.0,1.0,0.88,0.536,-0.264
275,1,0.736,0.432,0.724,0.768,0.68,0.648,0.516,-0.072
276,1,1.0,0.624,0.704,0.536,0.36,0.416,0.496,0.12
277,,0.98,0.604,0.684,0.516,0.34,0.396,0.476,0.1
278,,0.96,0.584,0.664,0.496,0.32,0.376,0.456,0.08
279,,0.94,0.564,0.644,0.476,0.3,0.356,0.436,0.06
280,,0.92,0.544,0.624,0.456,0.28,0.336,0.416,0.04
281,,0.9,0.524,0.604,0.436,0.26,0.316,0.396,0.02
282,,0.88,0.504,0.584,0.416,0.24,0.296,0.376,0.0
283,,0.86,0.484,0.564,0.396,0.22,0.276,0.356,-0.02
284,8,1.0,0.464,0.332,0.076,-0.012,0.256,0.548,0.98
285,8,1.0,0.444,0.1,-0.244,-0.244,0.236,0.74,1.0
286,4,0.768,0.424,0.292,0.756,-0.052,0.216,0.508,0.68
287,4,0.536,0.404,0.484,1.0,0.14,0.196,0.276,0.36
288,,0.516,0.384,0.464,0.98,0.12,0.176,0.256,0.34
289,,0.496,0.364,0.444,0.96,0.1,0.156,0.236,0.32
290,,0.476,0.344,0.424,0.94,0.08,0.136,0.216,0.3
291,,0.456,0.324,0.404,0.92,0.06,0.116,0.196,0.28
292,,0.436,0.304,0.384,0.9,0.04,0.096,0.176,0.26
293,,0.416,0.284,0.364,0.88,0.02,0.076,0.156,0.24
294,,0.396,0.264,0.344,0.86,0.0,0.056,0.136,0.22
295,,0.376,0.244,0.324,0.84,-0.02,0.036,0.116,0.2
296,5,0.056,0.012,0.304,1.0,0.98,0.228,0.096,-0.032
297,5,-0.264,-0.22,0.284,1.0,1.0,0.42,0.076,-0.264
298,8,-0.072,-0.24,0.052,0.68,0.768,0.4,0.268,0.736
299,8,0.12,-0.26,-0.18,0.36,0.536,0.38,0.46,1.0
300,2,0.312,0.74,0.012,0.34,0.304,0.06,0.228,0.98
301,2,0.504,1.0,0.204,0.32,0.072,-0.26,-0.004,0.96
302,6,0.272,0.68,-0.028,0.3,0.264,0.74,0.188,0.94
303,6,0.04,0.36,-0.26,0.28,0.456,1.0,0.38,0.92
304,3,0.02,0.552,0.74,0.472,0.436,0.768,0.06,0.688
305,3,0.0,0.744,1.0,0.664,0.416,0.536,-0.26,0.456
306,7,-0.02,0.512,0.68,0.432,0.396,0.728,0.74,0.648
307,7,-0.04,0.28,0.36,0.2,0.376,0.92,1.0,0.84
308,1,0.96,0.472,0.34,-0.032,0.056,0.688,0.98,1.0
309,1,1.0,0.664,0.32,-0.264,-0.264,0.456,0.96,1.0
310,5,0.68,0.432,0.3,-0.072,0.736,0.648,0.94,0.768
311,5,0.36,0.2,0.28,0.12,1.0,0.84,0.92,0.536
312,,0.34,0.18,0.26,0.1,0.98,0.82,0.9,0.516
313,,0.32,0.16,0.24,0.08,0.96,0.8,0.88,0.496
314,,0.3,0.14,0.22,0.06,0.94,0.78,0.86,0.476
315,,0.28,0.12,0.2,0.04,0.92,0.76,0.84,0.456
316,,0.26,0.1,0.18,0.02,0.9,0.74,0.82,0.436
317,,0.24,0.08,0.16,0.0,0.88,0.72,0.8,0.416
318,,0.22,0.06,0.14,-0.02,0.86,0.7,0.78,0.396
319,4,-0.012,0.04,0.332,0.98,1.0,0.68,0.548,0.076
320,4,-0.244,0.02,0.524,1.0,1.0,0.66,0.316,-0.244
321,1,0.756,0.212,0.504,0.768,0.68,0.428,0.296,-0.052
322,1,1.0,0.404,0.484,0.536,0.36,0.196,0.276,0.14
323,,0.98,0.384,0.464,0.516,0.34,0.176,0.256,0.12
324,,0.96,0.364,0.444,0.496,0.32,0.156,0.236,0.1
325,,0.94,0.344,0.424,0.476,0.3,0.136,0.216,0.08
326,,0.92,0.324,0.404,0.456,0.28,0.116,0.196,0.06
327,,0.9,0.304,0.384,0.436,0.26,0.096,0.176,0.04
328,,0.88,0.284,0.364,0.416,0.24,0.076,0.156,0.02
329,,0.86,0.264,0.344,0.396,0.22,0.056,0.136,0.0
330,,0.84,0.244,0.324,0.376,0.2,0.036,0.116,-0.02
331,8,1.0,0.224,0.092,0.056,-0.032,0.016,0.308,0.98
332,8,1.0,0.204,-0.14,-0.264,-0.264,-0.004,0.5,1.0
333,4,0.768,0.184,0.052,0.736,-0.072,-0.024,0.268,0.68
334,4,0.536,0.164,0.244,1.0,0.12,-0.044,0.036,0.36
335,6,0.304,-0.156,0.012,0.98,0.312,0.956,0.228,0.34
336,6,0.072,-0.476,-0.22,0.96,0.504,1.0,0.42,0.32
337,2,0.264,0.524,-0.028,0.94,0.272,0.68,0.188,0.3
338,2,0.456,1.0,0.164,0.92,0.04,0.36,-0.044,0.28
339,7,0.436,0.768,-0.156,0.688,0.02,0.552,0.956,0.472
340,7,0.416,0.536,-0.476,0.456,0.0,0.744,1.0,0.664
341,3,0.396,0.728,0.524,0.648,-0.02,0.512,0.68,0.432
342,3,0.376,0.92,1.0,0.84,-0.04,0.28,0.36,0.2
343,5,0.056,0.688,0.98,1.0,0.96,0.472,0.34,-0.032
344,5,-0.264,0.456,0.96,1.0,1.0,0.664,0.32,-0.264
345,1,0.736,0.648,0.94,0.768,0.68,0.432,0.3,-0.072
346,1,1.0,0.84,0.92,0.536,0.36,0.2,0.28,0.12
347,,0.98,0.82,0.9,0.516,0.34,0.18,0.26,0.1
348,,0.96,0.8,0.88,0.496,0.32,0.16,0.24,0.08
349,,0.94,0.78,0.86,0.476,0.3,0.14,0.22,0.06
350,,0.92,0.76,0.84,0.456,0.28,0.12,0.2,0.04
351,,0.9,0.74,0.82,0.436,0.26,0.1,0.18,0.02
352,,0.88,0.72,0.8,0.416,0.24,0.08,0.16,0.0
353,,0.86,0.7,0.78,0.396,0.22,0.06,0.14,-0.02
354,8,1.0,0.68,0.548,0.076,-0.012,0.04,0.332,0.98
355,8,1.0,0.66,0.316,-0.244,-0.244,0.02,0.524,1.0
356,5,0.68,0.428,0.296,-0.052,0.756,0.212,0.504,0.768
357,5,0.36,0.196,0.276,0.14,1.0,0.404,0.484,0.536
358,,0.34,0.176,0.256,0.12,0.98,0.384,0.464,0.516
359,,0.32,0.156,0.236,0.1,0.96,0.364,0.444,0.496
360,,0.3,0.136,0.216,0.08,0.94,0.344,0.424,0.476
361,,0.28,0.116,0.196,0.06,0.92,0.324,0.404,0.456
362,,0.26,0.096,0.176,0.04,0.9,0.304,0.384,0.436
363,,0.24,0.076,0.156,0.02,0.88,0.284,0.364,0.416
364,,0.22,0.056,0.136,0.0,0.86,0.264,0.344,0.396
365,,0.2,0.036,0.116,-0.02,0.84,0.244,0.324,0.376
366,4,-0.032,0.016,0.308,0.98,1.0,0.224,0.092,0.056
367,4,-0.264,-0.004,0.5,1.0,1.0,0.204,-0.14,-0.264
368,8,-0.072,-0.024,0.268,0.68,0.768,0.184,0.052,0.736
369,8,0.12,-0.044,0.036,0.36,0.536,0.164,0.244,1.0
370,2,0.312,0.956,0.228,0.34,0.304,-0.156,0.012,0.98
371,2,0.504,1.0,0.42,0.32,0.072,-0.476,-0.22,0.96
372,6,0.272,0.68,0.188,0.3,0.264,0.524,-0.028,0.94
373,6,0.04,0.36,-0.044,0.28,0.456,1.0,0.164,0.92
374,3,0.02,0.552,0.956,0.472,0.436,0.768,-0.156,0.688
375,3,0.0,0.744,1.0,0.664,0.416,0.536,-0.476,0.456
376,7,-0.02,0.512,0.68,0.432,0.396,0.728,0.524,0.648
377,7,-0.04,0.28,0.36,0.2,0.376,0.92,1.0,0.84
378,1,0.96,0.472,0.34,-0.032,0.056,0.688,0.98,1.0
379,1,1.0,0.664,0.32,-0.264,-0.264,0.456,0.96,1.0
380,5,0.68,0.432,0.3,-0.072,0.736,0.648,0.94,0.768
381,5,0.36,0.2,0.28,0.12,1.0,0.84,0.92,0.536
382,,0.34,0.18,0.26,0.1,0.98,0.82,0.9,0.516
383,,0.32,0.16,0.24,0.08,0.96,0.8,0.88,0.496
384,,0.3,0.14,0.22,0.06,0.94,0.78,0.86,0.476
385,,0.28,0.12,0.2,0.04,0.92,0.76,0.84,0.456
386,,0.26,0.1,0.18,0.02,0.9,0.74,0.82,0.436
387,,0.24,0.08,0.16,0.0,0.88,0.72,0.8,0.416
388,,0.22,0.06,0.14,-0.02,0.86,0.7,0.78,0.396
389,4,-0.012,0.04,0.332,0.98,1.0,0.68,0.548,0.076
390,4,-0.244,0.02,0.524,1.0,1.0,0.66,0.316,-0.244
391,1,0.756,0.212,0.504,0.768,0.68,0.428,0.296,-0.052
392,1,1.0,0.404,0.484,0.536,0.36,0.196,0.276,0.14
393,,0.98,0.384,0.464,0.516,0.34,0.176,0.256,0.12
394,,0.96,0.364,0.444,0.496,0.32,0.156,0.236,0.1
395,,0.94,0.344,0.424,0.476,0.3,0.136,0.216,0.08
396,,0.92,0.324,0.404,0.456,0.28,0.116,0.196,0.06
397,,0.9,0.304,0.384,0.436,0.26,0.096,0.176,0.04
398,,0.88,0.284,0.364,0.416,0.24,0.076,0.156,0.02
399,,0.86,0.264,0.344,0.396,0.22,0.056,0.136,0.0
400,,0.84,0.244,0.324,0.376,0.2,0.036,0.116,-0.02
401,8,1.0,0.224,0.092,0.056,-0.032,0.016,0.308,0.98
402,8,1.0,0.204,-0.14,-0.264,-0.264,-0.004,0.5,1.0
403,4,0.768,0.184,0.052,0.736,-0.072,-0.024,0.268,0.68
404,4,0.536,0.164,0.244,1.0,0.12,-0.044,0.036,0.36
405,6,0.304,-0.156,0.012,0.98,0.312,0.956,0.228,0.34
406,6,0.072,-0.476,-0.22,0.96,0.504,1.0,0.42,0.32
407,2,0.264,0.524,-0.028,0.94,0.272,0.68,0.188,0.3
408,2,0.456,1.0,0.164,0.92,0.04,0.36,-0.044,0.28
409,7,0.436,0.768,-0.156,0.688,0.02,0.552,0.956,0.472
410,7,0.416,0.536,-0.476,0.456,0.0,0.744,1.0,0.664
411,3,0.396,0.728,0.524,0.648,-0.02,0.512,0.68,0.432
412,3,0.376,0.92,1.0,0.84,-0.04,0.28,0.36,0.2
413,5,0.056,0.688,0.98,1.0,0.96,0.472,0.34,-0.032
414,5,-0.264,0.456,0.96,1.0,1.0,0.664,0.32,-0.264
415,8,-0.072,0.436,0.728,0.68,0.768,0.644,0.512,0.736
416,8,0.12,0.416,0.496,0.36,0.536,0.624,0.704,1.0
417,,0.1,0.396,0.476,0.34,0.516,0.604,0.684,0.98
418,,0.08,0.376,0.456,0.32,0.496,0.584,0.664,0.96
419,,0.06,0.356,0.436,0.3,0.476,0.564,0.644,0.94
420,,0.04,0.336,0.416,0.28,0.456,0.544,0.624,0.92
421,,0.02,0.316,0.396,0.26,0.436,0.524,0.604,0.9
422,,0.0,0.296,0.376,0.24,0.416,0.504,0.584,0.88
423,,-0.02,0.276,0.356,0.22,0.396,0.484,0.564,0.86
424,1,0.98,0.468,0.336,-0.012,0.076,0.252,0.544,1.0
425,1,1.0,0.66,0.316,-0.244,-0.244,0.02,0.524,1.0
426,5,0.68,0.428,0.296,-0.052,0.756,0.212,0.504,0.768
427,5,0.36,0.196,0.276,0.14,1.0,0.404,0.484,0.536
428,,0.34,0.176,0.256,0.12,0.98,0.384,0.464,0.516
429,,0.32,0.156,0.236,0.1,0.96,0.364,0.444,0.496
430,,0.3,0.136,0.216,0.08,0.94,0.344,0.424,0.476
431,,0.28,0.116,0.196,0.06,0.92,0.324,0.404,0.456
432,,0.26,0.096,0.176,0.04,0.9,0.304,0.384,0.436
433,,0.24,0.076,0.156,0.02,0.88,0.284,0.364,0.416
434,,0.22,0.056,0.136,0.0,0.86,0.264,0.344,0.396
435,,0.2,0.036,0.116,-0.02,0.84,0.244,0.324,0.376
436,4,-0.032,0.016,0.308,0.98,1.0,0.224,0.092,0.056
437,4,-0.264,-0.004,0.5,1.0,1.0,0.204,-0.14,-0.264
438,1,0.736,0.188,0.48,0.768,0.68,-0.028,-0.16,-0.072
439,1,1.0,0.38,0.46,0.536,0.36,-0.26,-0.18,0.12
440,6,0.768,0.06,0.228,0.516,0.552,0.74,0.012,0.1
441,6,0.536,-0.26,-0.004,0.496,0.744,1.0,0.204,0.08
442,2,0.728,0.74,0.188,0.476,0.512,0.68,-0.028,0.06
443,2,0.92,1.0,0.38,0.456,0.28,0.36,-0.26,0.04
444,7,0.9,0.768,0.06,0.224,0.26,0.552,0.74,0.232
445,7,0.88,0.536,-0.26,-0.008,0.24,0.744,1.0,0.424
446,3,0.86,0.728,0.74,0.184,0.22,0.512,0.68,0.192
447,3,0.84,0.92,1.0,0.376,0.2,0.28,0.36,-0.04
448,8,1.0,0.9,0.768,0.056,-0.032,0.26,0.552,0.96
449,8,1.0,0.88,0.536,-0.264,-0.264,0.24,0.744,1.0
450,5,0.68,0.648,0.516,-0.072,0.736,0.432,0.724,0.768
451,5,0.36,0.416,0.496,0.12,1.0,0.624,0.704,0.536
452,,0.34,0.396,0.476,0.1,0.98,0.604,0.684,0.516
453,,0.32,0.376,0.456,0.08,0.96,0.584,0.664,0.496
454,,0.3,0.356,0.436,0.06,0.94,0.564,0.644,0.476
455,,0.28,0.336,0.416,0.04,0.92,0.544,0.624,0.456
456,,0.26,0.316,0.396,0.02,0.9,0.524,0.604,0.436
457,,0.24,0.296,0.376,0.0,0.88,0.504,0.584,0.416
458,,0.22,0.276,0.356,-0.02,0.86,0.484,0.564,0.396
459,4,-0.012,0.256,0.548,0.98,1.0,0.464,0.332,0.076
460,4,-0.244,0.236,0.74,1.0,1.0,0.444,0.1,-0.244
461,8,-0.052,0.216,0.508,0.68,0.768,0.424,0.292,0.756
462,8,0.14,0.196,0.276,0.36,0.536,0.404,0.484,1.0
463,,0.12,0.176,0.256,0.34,0.516,0.384,0.464,0.98
464,,0.1,0.156,0.236,0.32,0.496,0.364,0.444,0.96
465,,0.08,0.136,0.216,0.3,0.476,0.344,0.424,0.94
466,,0.06,0.116,0.196,0.28,0.456,0.324,0.404,0.92
467,,0.04,0.096,0.176,0.26,0.436,0.304,0.384,0.9
468,,0.02,0.076,0.156,0.24,0.416,0.284,0.364,0.88
469,,0.0,0.056,0.136,0.22,0.396,0.264,0.344,0.86
470,,-0.02,0.036,0.116,0.2,0.376,0.244,0.324,0.84
471,1,0.98,0.228,0.096,-0.032,0.056,0.012,0.304,1.0
472,1,1.0,0.42,0.076,-0.264,-0.264,-0.22,0.284,1.0
473,4,0.768,0.4,0.268,0.736,-0.072,-0.24,0.052,0.68
474,4,0.536,0.38,0.46,1.0,0.12,-0.26,-0.18,0.36
475,6,0.304,0.06,0.228,0.98,0.312,0.74,0.012,0.34
476,6,0.072,-0.26,-0.004,0.96,0.504,1.0,0.204,0.32
477,2,0.264,0.74,0.188,0.94,0.272,0.68,-0.028,0.3
478,2,0.456,1.0,0.38,0.92,0.04,0.36,-0.26,0.28
479,7,0.436,0.768,0.06,0.688,0.02,0.552,0.74,0.472
480,7,0.416,0.536,-0.26,0.456,0.0,0.744,1.0,0.664
481,3,0.396,0.728,0.74,0.648,-0.02,0.512,0.68,0.432
482,3,0.376,0.92,1.0,0.84,-0.04,0.28,0.36,0.2
483,5,0.056,0.688,0.98,1.0,0.96,0.472,0.34,-0.032
484,5,-0.264,0.456,0.96,1.0,1.0,0.664,0.32,-0.264
485,8,-0.072,0.436,0.728,0.68,0.768,0.644,0.512,0.736
486,8,0.12,0.416,0.496,0.36,0.536,0.624,0.704,1.0
487,,0.1,0.396,0.476,0.34,0.516,0.604,0.684,0.98
488,,0.08,0.376,0.456,0.32,0.496,0.584,0.664,0.96
489,,0.06,0.356,0.436,0.3,0.476,0.564,0.644,0.94
490,,0.04,0.336,0.416,0.28,0.456,0.544,0.624,0.92
491,,0.02,0.316,0.396,0.26,0.436,0.524,0.604,0.9
492,,0.0,0.296,0.376,0.24,0.416,0.504,0.584,0.88
493,,-0.02,0.276,0.356,0.22,0.396,0.484,0.564,0.86
494,1,0.98,0.468,0.336,-0.012,0.076,0.252,0.544,1.0
495,1,1.0,0.66,0.316,-0.244,-0.244,0.02,0.524,1.0
496,4,0.768,0.64,0.508,0.756,-0.052,0.0,0.292,0.68
497,4,0.536,0.62,0.7,1.0,0.14,-0.02,0.06,0.36
498,6,0.304,0.3,0.468,0.98,0.332,0.98,0.252,0.34
499,6,0.072,-0.02,0.236,0.96,0.524,1.0,0.444,0.32
500,2,0.264,0.98,0.428,0.94,0.292,0.68,0.212,0.3
501,2,0.456,1.0,0.62,0.92,0.06,0.36,-0.02,0.28
502,7,0.436,0.768,0.3,0.688,0.04,0.552,0.98,0.472
503,7,0.416,0.536,-0.02,0.456,0.02,0.744,1.0,0.664
504,3,0.396,0.728,0.98,0.648,0.0,0.512,0.68,0.432
505,3,0.376,0.92,1.0,0.84,-0.02,0.28,0.36,0.2
506,5,0.056,0.688,0.98,1.0,0.98,0.472,0.34,-0.032
507,5,-0.264,0.456,0.96,1.0,1.0,0.664,0.32,-0.264
508,1,0.736,0.648,0.94,0.768,0.68,0.432,0.3,-0.072
509,1,1.0,0.84,0.92,0.536,0.36,0.2,0.28,0.12
510,,0.98,0.82,0.9,0.516,0.34,0.18,0.26,0.1
511,,0.96,0.8,0.88,0.496,0.32,0.16,0.24,0.08
512,,0.94,0.78,0.86,0.476,0.3,0.14,0.22,0.06
513,,0.92,0.76,0.84,0.456,0.28,0.12,0.2,0.04
514,,0.9,0.74,0.82,0.436,0.26,0.1,0.18,0.02
515,,0.88,0.72,0.8,0.416,0.24,0.08,0.16,0.0
516,,0.86,0.7,0.78,0.396,0.22,0.06,0.14,-0.02
517,8,1.0,0.68,0.548,0.076,-0.012,0.04,0.332,0.98
518,8,1.0,0.66,0.316,-0.244,-0.244,0.02,0.524,1.0
519,4,0.768,0.64,0.508,0.756,-0.052,0.0,0.292,0.68
520,4,0.536,0.62,0.7,1.0,0.14,-0.02,0.06,0.36
521,6,0.304,0.3,0.468,0.98,0.332,0.98,0.252,0.34
522,6,0.072,-0.02,0.236,0.96,0.524,1.0,0.444,0.32
523,2,0.264,0.98,0.428,0.94,0.292,0.68,0.212,0.3
524,2,0.456,1.0,0.62,0.92,0.06,0.36,-0.02,0.28
525,7,0.436,0.768,0.3,0.688,0.04,0.552,0.98,0.472
526,7,0.416,0.536,-0.02,0.456,0.02,0.744,1.0,0.664
527,3,0.396,0.728,0.98,0.648,0.0,0.512,0.68,0.432
528,3,0.376,0.92,1.0,0.84,-0.02,0.28,0.36,0.2
529,5,0.056,0.688,0.98,1.0,0.98,0.472,0.34,-0.032
530,5,-0.264,0.456,0.96,1.0,1.0,0.664,0.32,-0.264
531,1,0.736,0.648,0.94,0.768,0.68,0.432,0.3,-0.072
532,1,1.0,0.84,0.92,0.536,0.36,0.2,0.28,0.12
533,,0.98,0.82,0.9,0.516,0.34,0.18,0.26,0.1
534,,0.96,0.8,0.88,0.496,0.32,0.16,0.24,0.08
535,,0.94,0.78,0.86,0.476,0.3,0.14,0.22,0.06
536,,0.92,0.76,0.84,0.456,0.28,0.12,0.2,0.04
537,,0.9,0.74,0.82,0.436,0.26,0.1,0.18,0.02
538,,0.88,0.72,0.8,0.416,0.24,0.08,0.16,0.0
539,,0.86,0.7,0.78,0.396,0.22,0.06,0.14,-0.02
540,8,1.0,0.68,0.548,0.076,-0.012,0.04,0.332,0.98
541,8,1.0,0.66,0.316,-0.244,-0.244,0.02,0.524,1.0
542,4,0.768,0.64,0.508,0.756,-0.052,0.0,0.292,0.68
543,4,0.536,0.62,0.7,1.0,0.14,-0.02,0.06,0.36
544,6,0.304,0.3,0.468,0.98,0.332,0.98,0.252,0.34
545,6,0.072,-0.02,0.236,0.96,0.524,1.0,0.444,0.32
546,2,0.264,0.98,0.428,0.94,0.292,0.68,0.212,0.3
547,2,0.456,1.0,0.62,0.92,0.06,0.36,-0.02,0.28
548,7,0.436,0.768,0.3,0.688,0.04,0.552,0.98,0.472
549,7,0.416,0.536,-0.02,0.456,0.02,0.744,1.0,0.664
550,3,0.396,0.728,0.98,0.648,0.0,0.512,0.68,0.432
551,3,0.376,0.92,1.0,0.84,-0.02,0.28,0.36,0.2
552,5,0.056,0.688,0.98,1.0,0.98,0.472,0.34,-0.032
553,5,-0.264,0.456,0.96,1.0,1.0,0.664,0.32,-0.264
554,1,0.736,0.648,0.94,0.768,0.68,0.432,0.3,-0.072
555,1,1.0,0.84,0.92,0.536,0.36,0.2,0.28,0.12
556,,0.98,0.82,0.9,0.516,0.34,0.18,0.26,0.1
557,,0.96,0.8,0.88,0.496,0.32,0.16,0.24,0.08
558,,0.94,0.78,0.86,0.476,0.3,0.14,0.22,0.06
559,,0.92,0.76,0.84,0.456,0.28,0.12,0.2,0.04
560,,0.9,0.74,0.82,0.436,0.26,0.1,0.18,0.02
561,,0.88,0.72,0.8,0.416,0.24,0.08,0.16,0.0
562,,0.86,0.7,0.78,0.396,0.22,0.06,0.14,-0.02
563,8,1.0,0.68,0.548,0.076,-0.012,0.04,0.332,0.98
564,8,1.0,0.66,0.316,-0.244,-0.244,0.02,0.524,1.0
565,4,0.768,0.64,0.508,0.756,-0.052,0.0,0.292,0.68
566,4,0.536,0.62,0.7,1.0,0.14,-0.02,0.06,0.36
567,6,0.304,0.3,0.468,0.98,0.332,0.98,0.252,0.34
568,6,0.072,-0.02,0.236,0.96,0.524,1.0,0.444,0.32
569,2,0.264,0.98,0.428,0.94,0.292,0.68,0.212,0.3
570,2,0.456,1.0,0.62,0.92,0.06,0.36,-0.02,0.28
571,7,0.436,0.768,0.3,0.688,0.04,0.552,0.98,0.472
572,7,0.416,0.536,-0.02,0.456,0.02,0.744,1.0,0.664
573,3,0.396,0.728,0.98,0.648,0.0,0.512,0.68,0.432
574,3,0.376,0.92,1.0,0.84,-0.02,0.28,0.36,0.2
575,5,0.056,0.688,0.98,1.0,0.98,0.472,0.34,-0.032
576,5,-0.264,0.456,0.96,1.0,1.0,0.664,0.32,-0.264
577,8,-0.072,0.436,0.728,0.68,0.768,0.644,0.512,0.736
578,8,0.12,0.416,0.496,0.36,0.536,0.624,0.704,1.0
579,,0.1,0.396,0.476,0.34,0.516,0.604,0.684,0.98
580,,0.08,0.376,0.456,0.32,0.496,0.584,0.664,0.96
581,,0.06,0.356,0.436,0.3,0.476,0.564,0.644,0.94
582,,0.04,0.336,0.416,0.28,0.456,0.544,0.624,0.92
583,,0.02,0.316,0.396,0.26,0.436,0.524,0.604,0.9
584,,0.0,0.296,0.376,0.24,0.416,0.504,0.584,0.88
585,,-0.02,0.276,0.356,0.22,0.396,0.484,0.564,0.86
586,1,0.98,0.468,0.336,-0.012,0.076,0.252,0.544,1.0
587,1,1.0,0.66,0.316,-0.244,-0.244,0.02,0.524,1.0
588,4,0.768,0.64,0.508,0.756,-0.052,0.0,0.292,0.68
589,4,0.536,0.62,0.7,1.0,0.14,-0.02,0.06,0.36
590,6,0.304,0.3,0.468,0.98,0.332,0.98,0.252,0.34
591,6,0.072,-0.02,0.236,0.96,0.524,1.0,0.444,0.32
592,2,0.264,0.98,0.428,0.94,0.292,0.68,0.212,0.3
593,2,0.456,1.0,0.62,0.92,0.06,0.36,-0.02,0.28
594,7,0.436,0.768,0.3,0.688,0.04,0.552,0.98,0.472
595,7,0.416,0.536,-0.02,0.456,0.02,0.744,1.0,0.664
596,3,0.396,0.728,0.98,0.648,0.0,0.512,0.68,0.432
597,3,0.376,0.92,1.0,0.84,-0.02,0.28,0.36,0.2
598,5,0.056,0.688,0.98,1.0,0.98,0.472,0.34,-0.032
599,5,-0.264,0.456,0.96,1.0,1.0,0.664,0.32,-0.264
600,1,0.736,0.648,0.94,0.768,0.68,0.432,0.3,-0.072
601,1,1.0,0.84,0.92,0.536,0.36,0.2,0.28,0.12
602,,0.98,0.82,0.9,0.516,0.34,0.18,0.26,0.1
603,,0.96,0.8,0.88,0.496,0.32,0.16,0.24,0.08
604,,0.94,0.78,0.86,0.476,0.3,0.14,0.22,0.06
605,,0.92,0.76,0.84,0.456,0.28,0.12,0.2,0.04
606,,0.9,0.74,0.82,0.436,0.26,0.1,0.18,0.02
607,,0.88,0.72,0.8,0.416,0.24,0.08,0.16,0.0
608,,0.86,0.7,0.78,0.396,0.22,0.06,0.14,-0.02
609,8,1.0,0.68,0.548,0.076,-0.012,0.04,0.332,0.98
610,8,1.0,0.66,0.316,-0.244,-0.244,0.02,0.524,1.0
611,5,0.68,0.428,0.296,-0.052,0.756,0.212,0.504,0.768
612,5,0.36,0.196,0.276,0.14,1.0,0.404,0.484,0.536
613,,0.34,0.176,0.256,0.12,0.98,0.384,0.464,0.516
614,,0.32,0.156,0.236,0.1,0.96,0.364,0.444,0.496
615,,0.3,0.136,0.216,0.08,0.94,0.344,0.424,0.476
616,,0.28,0.116,0.196,0.06,0.92,0.324,0.404,0.456
617,,0.26,0.096,0.176,0.04,0.9,0.304,0.384,0.436
618,,0.24,0.076,0.156,0.02,0.88,0.284,0.364,0.416
619,,0.22,0.056,0.136,0.0,0.86,0.264,0.344,0.396
620,,0.2,0.036,0.116,-0.02,0.84,0.244,0.324,0.376
621,4,-0.032,0.016,0.308,0.98,1.0,0.224,0.092,0.056
622,4,-0.264,-0.004,0.5,1.0,1.0,0.204,-0.14,-0.264
623,8,-0.072,-0.024,0.268,0.68,0.768,0.184,0.052,0.736
624,8,0.12,-0.044,0.036,0.36,0.536,0.164,0.244,1.0
625,2,0.312,0.956,0.228,0.34,0.304,-0.156,0.012,0.98
626,2,0.504,1.0,0.42,0.32,0.072,-0.476,-0.22,0.96
627,6,0.272,0.68,0.188,0.3,0.264,0.524,-0.028,0.94
628,6,0.04,0.36,-0.044,0.28,0.456,1.0,0.164,0.92
629,3,0.02,0.552,0.956,0.472,0.436,0.768,-0.156,0.688
630,3,0.0,0.744,1.0,0.664,0.416,0.536,-0.476,0.456
631,7,-0.02,0.512,0.68,0.432,0.396,0.728,0.524,0.648
632,7,-0.04,0.28,0.36,0.2,0.376,0.92,1.0,0.84
633,1,0.96,0.472,0.34,-0.032,0.056,0.688,0.98,1.0
634,1,1.0,0.664,0.32,-0.264,-0.264,0.456,0.96,1.0
635,5,0.68,0.432,0.3,-0.072,0.736,0.648,0.94,0.768
636,5,0.36,0.2,0.28,0.12,1.0,0.84,0.92,0.536
637,,0.34,0.18,0.26,0.1,0.98,0.82,0.9,0.516
638,,0.32,0.16,0.24,0.08,0.96,0.8,0.88,0.496
639,,0.3,0.14,0.22,0.06,0.94,0.78,0.86,0.476
640,,0.28,0.12,0.2,0.04,0.92,0.76,0.84,0.456
641,,0.26,0.1,0.18,0.02,0.9,0.74,0.82,0.436
642,,0.24,0.08,0.16,0.0,0.88,0.72,0.8,0.416
643,,0.22,0.06,0.14,-0.02,0.86,0.7,0.78,0.396
644,4,-0.012,0.04,0.332,0.98,1.0,0.68,0.548,0.076
645,4,-0.244,0.02,0.524,1.0,1.0,0.66,0.316,-0.244
646,1,0.756,0.212,0.504,0.768,0.68,0.428,0.296,-0.052
647,1,1.0,0.404,0.484,0.536,0.36,0.196,0.276,0.14
648,,0.98,0.384,0.464,0.516,0.34,0.176,0.256,0.12
649,,0.96,0.364,0.444,0.496,0.32,0.156,0.236,0.1
650,,0.94,0.344,0.424,0.476,0.3,0.136,0.216,0.08
651,,0.92,0.324,0.404,0.456,0.28,0.116,0.196,0.06
652,,0.9,0.304,0.384,0.436,0.26,0.096,0.176,0.04
653,,0.88,0.284,0.364,0.416,0.24,0.076,0.156,0.02
654,,0.86,0.264,0.344,0.396,0.22,0.056,0.136,0.0
655,,0.84,0.244,0.324,0.376,0.2,0.036,0.116,-0.02
656,8,1.0,0.224,0.092,0.056,-0.032,0.016,0.308,0.98
657,8,1.0,0.204,-0.14,-0.264,-0.264,-0.004,0.5,1.0
658,5,0.68,-0.028,-0.16,-0.072,0.736,0.188,0.48,0.768
659,5,0.36,-0.26,-0.18,0.12,1.0,0.38,0.46,0.536
660,2,0.552,0.74,0.012,0.1,0.768,0.06,0.228,0.516
661,2,0.744,1.0,0.204,0.08,0.536,-0.26,-0.004,0.496
662,6,0.512,0.68,-0.028,0.06,0.728,0.74,0.188,0.476
663,6,0.28,0.36,-0.26,0.04,0.92,1.0,0.38,0.456
664,3,0.26,0.552,0.74,0.232,0.9,0.768,0.06,0.224
665,3,0.24,0.744,1.0,0.424,0.88,0.536,-0.26,-0.008
666,7,0.22,0.512,0.68,0.192,0.86,0.728,0.74,0.184
667,7,0.2,0.28,0.36,-0.04,0.84,0.92,1.0,0.376
668,4,-0.032,0.26,0.552,0.96,1.0,0.9,0.768,0.056
669,4,-0.264,0.24,0.744,1.0,1.0,0.88,0.536,-0.264
670,1,0.736,0.432,0.724,0.768,0.68,0.648,0.516,-0.072
671,1,1.0,0.624,0.704,0.536,0.36,0.416,0.496,0.12
672,,0.98,0.604,0.684,0.516,0.34,0.396,0.476,0.1
673,,0.96,0.584,0.664,0.496,0.32,0.376,0.456,0.08
674,,0.94,0.564,0.644,0.476,0.3,0.356,0.436,0.06
675,,0.92,0.544,0.624,0.456,0.28,0.336,0.416,0.04
676,,0.9,0.524,0.604,0.436,0.26,0.316,0.396,0.02
677,,0.88,0.504,0.584,0.416,0.24,0.296,0.376,0.0
678,,0.86,0.484,0.564,0.396,0.22,0.276,0.356,-0.02
679,8,1.0,0.464,0.332,0.076,-0.012,0.256,0.548,0.98
680,8,1.0,0.444,0.1,-0.244,-0.244,0.236,0.74,1.0
681,4,0.768,0.424,0.292,0.756,-0.052,0.216,0.508,0.68
682,4,0.536,0.404,0.484,1.0,0.14,0.196,0.276,0.36
683,,0.516,0.384,0.464,0.98,0.12,0.176,0.256,0.34
684,,0.496,0.364,0.444,0.96,0.1,0.156,0.236,0.32
685,,0.476,0.344,0.424,0.94,0.08,0.136,0.216,0.3
686,,0.456,0.324,0.404,0.92,0.06,0.116,0.196,0.28
687,,0.436,0.304,0.384,0.9,0.04,0.096,0.176,0.26
688,,0.416,0.284,0.364,0.88,0.02,0.076,0.156,0.24
689,,0.396,0.264,0.344,0.86,0.0,0.056,0.136,0.22
690,,0.376,0.244,0.324,0.84,-0.02,0.036,0.116,0.2
691,5,0.056,0.012,0.304,1.0,0.98,0.228,0.096,-0.032
692,5,-0.264,-0.22,0.284,1.0,1.0,0.42,0.076,-0.264
693,1,0.736,-0.028,0.264,0.768,0.68,0.188,0.056,-0.072
694,1,1.0,0.164,0.244,0.536,0.36,-0.044,0.036,0.12
695,6,0.768,-0.156,0.012,0.516,0.552,0.956,0.228,0.1
696,6,0.536,-0.476,-0.22,0.496,0.744,1.0,0.42,0.08
697,2,0.728,0.524,-0.028,0.476,0.512,0.68,0.188,0.06
698,2,0.92,1.0,0.164,0.456,0.28,0.36,-0.044,0.04
699,7,0.9,0.768,-0.156,0.224,0.26,0.552,0.956,0.232
700,7,0.88,0.536,-0.476,-0.008,0.24,0.744,1.0,0.424
701,3,0.86,0.728,0.524,0.184,0.22,0.512,0.68,0.192
702,3,0.84,0.92,1.0,0.376,0.2,0.28,0.36,-0.04
703,8,1.0,0.9,0.768,0.056,-0.032,0.26,0.552,0.96
704,8,1.0,0.88,0.536,-0.264,-0.264,0.24,0.744,1.0
705,4,0.768,0.86,0.728,0.736,-0.072,0.22,0.512,0.68
706,4,0.536,0.84,0.92,1.0,0.12,0.2,0.28,0.36
707,,0.516,0.82,0.9,0.98,0.1,0.18,0.26,0.34
708,,0.496,0.8,0.88,0.96,0.08,0.16,0.24,0.32
709,,0.476,0.78,0.86,0.94,0.06,0.14,0.22,0.3
710,,0.456,0.76,0.84,0.92,0.04,0.12,0.2,0.28
711,,0.436,0.74,0.82,0.9,0.02,0.1,0.18,0.26
712,,0.416,0.72,0.8,0.88,0.0,0.08,0.16,0.24
713,,0.396,0.7,0.78,0.86,-0.02,0.06,0.14,0.22
714,5,0.076,0.468,0.76,1.0,0.98,0.252,0.12,-0.012
715,5,-0.244,0.236,0.74,1.0,1.0,0.444,0.1,-0.244
716,8,-0.052,0.216,0.508,0.68,0.768,0.424,0.292,0.756
717,8,0.14,0.196,0.276,0.36,0.536,0.404,0.484,1.0
718,,0.12,0.176,0.256,0.34,0.516,0.384,0.464,0.98
719,,0.1,0.156,0.236,0.32,0.496,0.364,0.444,0.96
720,,0.08,0.136,0.216,0.3,0.476,0.344,0.424,0.94
721,,0.06,0.116,0.196,0.28,0.456,0.324,0.404,0.92
722,,0.04,0.096,0.176,0.26,0.436,0.304,0.384,0.9
723,,0.02,0.076,0.156,0.24,0.416,0.284,0.364,0.88
724,,0.0,0.056,0.136,0.22,0.396,0.264,0.344,0.86
725,,-0.02,0.036,0.116,0.2,0.376,0.244,0.324,0.84
726,1,0.98,0.228,0.096,-0.032,0.056,0.012,0.304,1.0
727,1,1.0,0.42,0.076,-0.264,-0.264,-0.22,0.284,1.0
728,5,0.68,0.188,0.056,-0.072,0.736,-0.028,0.264,0.768
729,5,0.36,-0.044,0.036,0.12,1.0,0.164,0.244,0.536
730,2,0.552,0.956,0.228,0.1,0.768,-0.156,0.012,0.516
731,2,0.744,1.0,0.42,0.08,0.536,-0.476,-0.22,0.496
732,6,0.512,0.68,0.188,0.06,0.728,0.524,-0.028,0.476
733,6,0.28,0.36,-0.044,0.04,0.92,1.0,0.164,0.456
734,3,0.26,0.552,0.956,0.232,0.9,0.768,-0.156,0.224
735,3,0.24,0.744,1.0,0.424,0.88,0.536,-0.476,-0.008
736,7,0.22,0.512,0.68,0.192,0.86,0.728,0.524,0.184
737,7,0.2,0.28,0.36,-0.04,0.84,0.92,1.0,0.376
738,4,-0.032,0.26,0.552,0.96,1.0,0.9,0.768,0.056
739,4,-0.264,0.24,0.744,1.0,1.0,0.88,0.536,-0.264
740,1,0.736,0.432,0.724,0.768,0.68,0.648,0.516,-0.072
741,1,1.0,0.624,0.704,0.536,0.36,0.416,0.496,0.12
742,,0.98,0.604,0.684,0.516,0.34,0.396,0.476,0.1
743,,0.96,0.584,0.664,0.496,0.32,0.376,0.456,0.08
744,,0.94,0.564,0.644,0.476,0.3,0.356,0.436,0.06
745,,0.92,0.544,0.624,0.456,0.28,0.336,0.416,0.04
746,,0.9,0.524,0.604,0.436,0.26,0.316,0.396,0.02
747,,0.88,0.504,0.584,0.416,0.24,0.296,0.376,0.0
748,,0.86,0.484,0.564,0.396,0.22,0.276,0.356,-0.02
749,8,1.0,0.464,0.332,0.076,-0.012,0.256,0.548,0.98
750,8,1.0,0.444,0.1,-0.244,-0.244,0.236,0.74,1.0
751,4,0.768,0.424,0.292,0.756,-0.052,0.216,0.508,0.68
752,4,0.536,0.404,0.484,1.0,0.14,0.196,0.276,0.36
753,,0.516,0.384,0.464,0.98,0.12,0.176,0.256,0.34
754,,0.496,0.364,0.444,0.96,0.1,0.156,0.236,0.32
755,,0.476,0.344,0.424,0.94,0.08,0.136,0.216,0.3
756,,0.456,0.324,0.404,0.92,0.06,0.116,0.196,0.28
757,,0.436,0.304,0.384,0.9,0.04,0.096,0.176,0.26
758,,0.416,0.284,0.364,0.88,0.02,0.076,0.156,0.24
759,,0.396,0.264,0.344,0.86,0.0,0.056,0.136,0.22
760,,0.376,0.244,0.324,0.84,-0.02,0.036,0.116,0.2
761,5,0.056,0.012,0.304,1.0,0.98,0.228,0.096,-0.032
762,5,-0.264,-0.22,0.284,1.0,1.0,0.42,0.076,-0.264
763,1,0.736,-0.028,0.264,0.768,0.68,0.188,0.056,-0.072
764,1,1.0,0.164,0.244,0.536,0.36,-0.044,0.036,0.12
765,6,0.768,-0.156,0.012,0.516,0.552,0.956,0.228,0.1
766,6,0.536,-0.476,-0.22,0.496,0.744,1.0,0.42,0.08
767,2,0.728,0.524,-0.028,0.476,0.512,0.68,0.188,0.06
768,2,0.92,1.0,0.164,0.456,0.28,0.36,-0.044,0.04
769,7,0.9,0.768,-0.156,0.224,0.26,0.552,0.956,0.232
770,7,0.88,0.536,-0.476,-0.008,0.24,0.744,1.0,0.424
771,3,0.86,0.728,0.524,0.184,0.22,0.512,0.68,0.192
772,3,0.84,0.92,1.0,0.376,0.2,0.28,0.36,-0.04
773,8,1.0,0.9,0.768,0.056,-0.032,0.26,0.552,0.96
774,8,1.0,0.88,0.536,-0.264,-0.264,0.24,0.744,1.0
775,5,0.68,0.648,0.516,-0.072,0.736,0.432,0.724,0.768
776,5,0.36,0.416,0.496,0.12,1.0,0.624,0.704,0.536
777,,0.34,0.396,0.476,0.1,0.98,0.604,0.684,0.516
778,,0.32,0.376,0.456,0.08,0.96,0.584,0.664,0.496
779,,0.3,0.356,0.436,0.06,0.94,0.564,0.644,0.476
780,,0.28,0.336,0.416,0.04,0.92,0.544,0.624,0.456
781,,0.26,0.316,0.396,0.02,0.9,0.524,0.604,0.436
782,,0.24,0.296,0.376,0.0,0.88,0.504,0.584,0.416
783,,0.22,0.276,0.356,-0.02,0.86,0.484,0.564,0.396
784,4,-0.012,0.256,0.548,0.98,1.0,0.464,0.332,0.076
785,4,-0.244,0.236,0.74,1.0,1.0,0.444,0.1,-0.244
786,1,0.756,0.428,0.72,0.768,0.68,0.212,0.08,-0.052
787,1,1.0,0.62,0.7,0.536,0.36,-0.02,0.06,0.14
788,6,0.768,0.3,0.468,0.516,0.552,0.98,0.252,0.12
789,6,0.536,-0.02,0.236,0.496,0.744,1.0,0.444,0.1
790,2,0.728,0.98,0.428,0.476,0.512,0.68,0.212,0.08
791,2,0.92,1.0,0.62,0.456,0.28,0.36,-0.02,0.06
792,7,0.9,0.768,0.3,0.224,0.26,0.552,0.98,0.252
793,7,0.88,0.536,-0.02,-0.008,0.24,0.744,1.0,0.444
794,3,0.86,0.728,0.98,0.184,0.22,0.512,0.68,0.212
795,3,0.84,0.92,1.0,0.376,0.2,0.28,0.36,-0.02
796,8,1.0,0.9,0.768,0.056,-0.032,0.26,0.552,0.98
797,8,1.0,0.88,0.536,-0.264,-0.264,0.24,0.744,1.0
798,4,0.768,0.86,0.728,0.736,-0.072,0.22,0.512,0.68
799,4,0.536,0.84,0.92,1.0,0.12,0.2,0.28,0.36
800,,0.516,0.82,0.9,0.98,0.1,0.18,0.26,0.34
801,,0.496,0.8,0.88,0.96,0.08,0.16,0.24,0.32
802,,0.476,0.78,0.86,0.94,0.06,0.14,0.22,0.3
803,,0.456,0.76,0.84,0.92,0.04,0.12,0.2,0.28
804,,0.436,0.74,0.82,0.9,0.02,0.1,0.18,0.26
