step,active_motive,motive_1,motive_2,motive_3,motive_4,motive_5,motive_6,motive_7,motive_8
0,,0.37619,0.39579,0.39481,0.0456,0.24721,0.02878,0.27476,0.22077
1,,0.35619,0.37579,0.37481,0.0256,0.22721,0.00878,0.25476,0.20077
2,,0.33619,0.35579,0.35481,0.0056,0.20721,-0.01122,0.23476,0.18077
3,6,0.10419,0.03579,0.12281,-0.0144,0.39921,0.98878,0.42676,0.16077
4,6,-0.12781,-0.28421,-0.10919,-0.0344,0.59121,1.0,0.61876,0.14077
5,2,0.06419,0.71579,0.08281,-0.0544,0.35921,0.68,0.38676,0.12077
6,2,0.25619,1.0,0.27481,-0.0744,0.12721,0.36,0.15476,0.10077
7,4,0.02419,0.98,0.46681,0.9256,0.31921,0.34,-0.07724,-0.21923
8,4,-0.20781,0.96,0.65881,1.0,0.51121,0.32,-0.30924,-0.53923
9,8,-0.01581,0.94,0.42681,0.68,0.27921,0.3,-0.11724,0.46077
10,8,0.17619,0.92,0.19481,0.36,0.04721,0.28,0.07476,1.0
11,,0.15619,0.9,0.17481,0.34,0.02721,0.26,0.05476,0.98
12,,0.13619,0.88,0.15481,0.32,0.00721,0.24,0.03476,0.96
13,,0.11619,0.86,0.13481,0.3,-0.01279,0.22,0.01476,0.94
14,5,-0.20381,0.628,0.11481,0.492,0.98721,0.412,-0.00524,0.708
15,5,-0.52381,0.396,0.09481,0.684,1.0,0.604,-0.02524,0.476
16,1,0.47619,0.588,0.07481,0.452,0.68,0.372,-0.04524,0.668
17,1,1.0,0.78,0.05481,0.22,0.36,0.14,-0.06524,0.86
18,7,0.98,0.548,-0.26519,-0.012,0.34,0.332,0.93476,1.0
19,7,0.96,0.316,-0.58519,-0.244,0.32,0.524,1.0,1.0
20,3,0.94,0.508,0.41481,-0.052,0.3,0.292,0.68,0.768
21,3,0.92,0.7,1.0,0.14,0.28,0.06,0.36,0.536
22,,0.9,0.68,0.98,0.12,0.26,0.04,0.34,0.516
23,,0.88,0.66,0.96,0.1,0.24,0.02,0.32,0.496
24,,0.86,0.64,0.94,0.08,0.22,0.0,0.3,0.476
25,,0.84,0.62,0.92,0.06,0.2,-0.02,0.28,0.456
26,6,0.608,0.3,0.688,0.04,0.392,0.98,0.472,0.436
27,6,0.376,-0.02,0.456,0.02,0.584,1.0,0.664,0.416
28,2,0.568,0.98,0.648,0.0,0.352,0.68,0.432,0.396
29,2,0.76,1.0,0.84,-0.02,0.12,0.36,0.2,0.376
30,4,0.528,0.98,1.0,0.98,0.312,0.34,-0.032,0.056
31,4,0.296,0.96,1.0,1.0,0.504,0.32,-0.264,-0.264
32,7,0.276,0.728,0.68,0.768,0.484,0.512,0.736,-0.072
33,7,0.256,0.496,0.36,0.536,0.464,0.704,1.0,0.12
34,,0.236,0.476,0.34,0.516,0.444,0.684,0.98,0.1
35,,0.216,0.456,0.32,0.496,0.424,0.664,0.96,0.08
36,,0.196,0.436,0.3,0.476,0.404,0.644,0.94,0.06
37,,0.176,0.416,0.28,0.456,0.384,0.624,0.92,0.04
38,,0.156,0.396,0.26,0.436,0.364,0.604,0.9,0.02
39,,0.136,0.376,0.24,0.416,0.344,0.584,0.88,0.0
40,,0.116,0.356,0.22,0.396,0.324,0.564,0.86,-0.02
41,8,0.308,0.336,-0.012,0.076,0.092,0.544,1.0,0.98
42,8,0.5,0.316,-0.244,-0.244,-0.14,0.524,1.0,1.0
43,3,0.48,0.508,0.756,-0.052,-0.16,0.292,0.68,0.768
44,3,0.46,0.7,1.0,0.14,-0.18,0.06,0.36,0.536
45,5,0.14,0.468,0.98,0.332,0.82,0.252,0.34,0.304
46,5,-0.18,0.236,0.96,0.524,1.0,0.444,0.32,0.072
47,1,0.82,0.428,0.94,0.292,0.68,0.212,0.3,0.264
48,1,1.0,0.62,0.92,0.06,0.36,-0.02,0.28,0.456
49,6,0.768,0.3,0.688,0.04,0.552,0.98,0.472,0.436
50,6,0.536,-0.02,0.456,0.02,0.744,1.0,0.664,0.416
51,2,0.728,0.98,0.648,0.0,0.512,0.68,0.432,0.396
52,2,0.92,1.0,0.84,-0.02,0.28,0.36,0.2,0.376
53,4,0.688,0.98,1.0,0.98,0.472,0.34,-0.032,0.056
54,4,0.456,0.96,1.0,1.0,0.664,0.32,-0.264,-0.264
55,7,0.436,0.728,0.68,0.768,0.644,0.512,0.736,-0.072
56,7,0.416,0.496,0.36,0.536,0.624,0.704,1.0,0.12
57,,0.396,0.476,0.34,0.516,0.604,0.684,0.98,0.1
58,,0.376,0.456,0.32,0.496,0.584,0.664,0.96,0.08
59,,0.356,0.436,0.3,0.476,0.564,0.644,0.94,0.06
60,,0.336,0.416,0.28,0.456,0.544,0.624,0.92,0.04
61,,0.316,0.396,0.26,0.436,0.524,0.604,0.9,0.02
62,,0.296,0.376,0.24,0.416,0.504,0.584,0.88,0.0
63,,0.276,0.356,0.22,0.396,0.484,0.564,0.86,-0.02
64,8,0.468,0.336,-0.012,0.076,0.252,0.544,1.0,0.98
65,8,0.66,0.316,-0.244,-0.244,0.02,0.524,1.0,1.0
66,3,0.64,0.508,0.756,-0.052,0.0,0.292,0.68,0.768
67,3,0.62,0.7,1.0,0.14,-0.02,0.06,0.36,0.536
68,5,0.3,0.468,0.98,0.332,0.98,0.252,0.34,0.304
69,5,-0.02,0.236,0.96,0.524,1.0,0.444,0.32,0.072
70,1,0.98,0.428,0.94,0.292,0.68,0.212,0.3,0.264
71,1,1.0,0.62,0.92,0.06,0.36,-0.02,0.28,0.456
72,6,0.768,0.3,0.688,0.04,0.552,0.98,0.472,0.436
73,6,0.536,-0.02,0.456,0.02,0.744,1.0,0.664,0.416
74,2,0.728,0.98,0.648,0.0,0.512,0.68,0.432,0.396
75,2,0.92,1.0,0.84,-0.02,0.28,0.36,0.2,0.376
76,4,0.688,0.98,1.0,0.98,0.472,0.34,-0.032,0.056
77,4,0.456,0.96,1.0,1.0,0.664,0.32,-0.264,-0.264
78,8,0.648,0.94,0.768,0.68,0.432,0.3,-0.072,0.736
79,8,0.84,0.92,0.536,0.36,0.2,0.28,0.12,1.0
80,,0.82,0.9,0.516,0.34,0.18,0.26,0.1,0.98
81,,0.8,0.88,0.496,0.32,0.16,0.24,0.08,0.96
82,,0.78,0.86,0.476,0.3,0.14,0.22,0.06,0.94
83,,0.76,0.84,0.456,0.28,0.12,0.2,0.04,0.92
84,,0.74,0.82,0.436,0.26,0.1,0.18,0.02,0.9
85,,0.72,0.8,0.416,0.24,0.08,0.16,0.0,0.88
86,,0.7,0.78,0.396,0.22,0.06,0.14,-0.02,0.86
87,7,0.68,0.548,0.076,-0.012,0.04,0.332,0.98,1.0
88,7,0.66,0.316,-0.244,-0.244,0.02,0.524,1.0,1.0
89,3,0.64,0.508,0.756,-0.052,0.0,0.292,0.68,0.768
90,3,0.62,0.7,1.0,0.14,-0.02,0.06,0.36,0.536
91,5,0.3,0.468,0.98,0.332,0.98,0.252,0.34,0.304
92,5,-0.02,0.236,0.96,0.524,1.0,0.444,0.32,0.072
93,1,0.98,0.428,0.94,0.292,0.68,0.212,0.3,0.264
94,1,1.0,0.62,0.92,0.06,0.36,-0.02,0.28,0.456
95,6,0.768,0.3,0.688,0.04,0.552,0.98,0.472,0.436
96,6,0.536,-0.02,0.456,0.02,0.744,1.0,0.664,0.416
97,2,0.728,0.98,0.648,0.0,0.512,0.68,0.432,0.396
98,2,0.92,1.0,0.84,-0.02,0.28,0.36,0.2,0.376
99,4,0.688,0.98,1.0,0.98,0.472,0.34,-0.032,0.056
100,4,0.456,0.96,1.0,1.0,0.664,0.32,-0.264,-0.264
101,8,0.648,0.94,0.768,0.68,0.432,0.3,-0.072,0.736
102,8,0.84,0.92,0.536,0.36,0.2,0.28,0.12,1.0
103,,0.82,0.9,0.516,0.34,0.18,0.26,0.1,0.98
104,,0.8,0.88,0.496,0.32,0.16,0.24,0.08,0.96
105,,0.78,0.86,0.476,0.3,0.14,0.22,0.06,0.94
106,,0.76,0.84,0.456,0.28,0.12,0.2,0.04,0.92
107,,0.74,0.82,0.436,0.26,0.1,0.18,0.02,0.9
108,,0.72,0.8,0.416,0.24,0.08,0.16,0.0,0.88
109,,0.7,0.78,0.396,0.22,0.06,0.14,-0.02,0.86
110,7,0.68,0.548,0.076,-0.012,0.04,0.332,0.98,1.0
111,7,0.66,0.316,-0.244,-0.244,0.02,0.524,1.0,1.0
112,3,0.64,0.508,0.756,-0.052,0.0,0.292,0.68,0.768
113,3,0.62,0.7,1.0,0.14,-0.02,0.06,0.36,0.536
114,5,0.3,0.468,0.98,0.332,0.98,0.252,0.34,0.304
115,5,-0.02,0.236,0.96,0.524,1.0,0.444,0.32,0.072
116,1,0.98,0.428,0.94,0.292,0.68,0.212,0.3,0.264
117,1,1.0,0.62,0.92,0.06,0.36,-0.02,0.28,0.456
118,6,0.768,0.3,0.688,0.04,0.552,0.98,0.472,0.436
119,6,0.536,-0.02,0.456,0.02,0.744,1.0,0.664,0.416
120,2,0.728,0.98,0.648,0.0,0.512,0.68,0.432,0.396
121,2,0.92,1.0,0.84,-0.02,0.28,0.36,0.2,0.376
122,4,0.688,0.98,1.0,0.98,0.472,0.34,-0.032,0.056
123,4,0.456,0.96,1.0,1.0,0.664,0.32,-0.264,-0.264
124,8,0.648,0.94,0.768,0.68,0.432,0.3,-0.072,0.736
125,8,0.84,0.92,0.536,0.36,0.2,0.28,0.12,1.0
126,,0.82,0.9,0.516,0.34,0.18,0.26,0.1,0.98
127,,0.8,0.88,0.496,0.32,0.16,0.24,0.08,0.96
128,,0.78,0.86,0.476,0.3,0.14,0.22,0.06,0.94
129,,0.76,0.84,0.456,0.28,0.12,0.2,0.04,0.92
130,,0.74,0.82,0.436,0.26,0.1,0.18,0.02,0.9
131,,0.72,0.8,0.416,0.24,0.08,0.16,0.0,0.88
132,,0.7,0.78,0.396,0.22,0.06,0.14,-0.02,0.86
133,7,0.68,0.548,0.076,-0.012,0.04,0.332,0.98,1.0
134,7,0.66,0.316,-0.244,-0.244,0.02,0.524,1.0,1.0
135,4,0.428,0.296,-0.052,0.756,0.212,0.504,0.768,0.68
136,4,0.196,0.276,0.14,1.0,0.404,0.484,0.536,0.36
137,,0.176,0.256,0.12,0.98,0.384,0.464,0.516,0.34
138,,0.156,0.236,0.1,0.96,0.364,0.444,0.496,0.32
139,,0.136,0.216,0.08,0.94,0.344,0.424,0.476,0.3
140,,0.116,0.196,0.06,0.92,0.324,0.404,0.456,0.28
141,,0.096,0.176,0.04,0.9,0.304,0.384,0.436,0.26
142,,0.076,0.156,0.02,0.88,0.284,0.364,0.416,0.24
143,,0.056,0.136,0.0,0.86,0.264,0.344,0.396,0.22
144,,0.036,0.116,-0.02,0.84,0.244,0.324,0.376,0.2
145,3,0.016,0.308,0.98,1.0,0.224,0.092,0.056,-0.032
146,3,-0.004,0.5,1.0,1.0,0.204,-0.14,-0.264,-0.264
147,8,0.188,0.48,0.768,0.68,-0.028,-0.16,-0.072,0.736
148,8,0.38,0.46,0.536,0.36,-0.26,-0.18,0.12,1.0
149,5,0.06,0.228,0.516,0.552,0.74,0.012,0.1,0.768
150,5,-0.26,-0.004,0.496,0.744,1.0,0.204,0.08,0.536
151,1,0.74,0.188,0.476,0.512,0.68,-0.028,0.06,0.728
152,1,1.0,0.38,0.456,0.28,0.36,-0.26,0.04,0.92
153,6,0.768,0.06,0.224,0.26,0.552,0.74,0.232,0.9
154,6,0.536,-0.26,-0.008,0.24,0.744,1.0,0.424,0.88
155,2,0.728,0.74,0.184,0.22,0.512,0.68,0.192,0.86
156,2,0.92,1.0,0.376,0.2,0.28,0.36,-0.04,0.84
157,7,0.9,0.768,0.056,-0.032,0.26,0.552,0.96,1.0
158,7,0.88,0.536,-0.264,-0.264,0.24,0.744,1.0,1.0
159,3,0.86,0.728,0.736,-0.072,0.22,0.512,0.68,0.768
160,3,0.84,0.92,1.0,0.12,0.2,0.28,0.36,0.536
161,,0.82,0.9,0.98,0.1,0.18,0.26,0.34,0.516
162,,0.8,0.88,0.96,0.08,0.16,0.24,0.32,0.496
163,,0.78,0.86,0.94,0.06,0.14,0.22,0.3,0.476
164,,0.76,0.84,0.92,0.04,0.12,0.2,0.28,0.456
165,,0.74,0.82,0.9,0.02,0.1,0.18,0.26,0.436
166,,0.72,0.8,0.88,0.0,0.08,0.16,0.24,0.416
167,,0.7,0.78,0.86,-0.02,0.06,0.14,0.22,0.396
168,4,0.468,0.76,1.0,0.98,0.252,0.12,-0.012,0.076
169,4,0.236,0.74,1.0,1.0,0.444,0.1,-0.244,-0.244
170,7,0.216,0.508,0.68,0.768,0.424,0.292,0.756,-0.052
171,7,0.196,0.276,0.36,0.536,0.404,0.484,1.0,0.14
172,,0.176,0.256,0.34,0.516,0.384,0.464,0.98,0.12
173,,0.156,0.236,0.32,0.496,0.364,0.444,0.96,0.1
174,,0.136,0.216,0.3,0.476,0.344,0.424,0.94,0.08
175,,0.116,0.196,0.28,0.456,0.324,0.404,0.92,0.06
176,,0.096,0.176,0.26,0.436,0.304,0.384,0.9,0.04
177,,0.076,0.156,0.24,0.416,0.284,0.364,0.88,0.02
178,,0.056,0.136,0.22,0.396,0.264,0.344,0.86,0.0
179,,0.036,0.116,0.2,0.376,0.244,0.324,0.84,-0.02
180,8,0.228,0.096,-0.032,0.056,0.012,0.304,1.0,0.98
181,8,0.42,0.076,-0.264,-0.264,-0.22,0.284,1.0,1.0
182,4,0.188,0.056,-0.072,0.736,-0.028,0.264,0.768,0.68
183,4,-0.044,0.036,0.12,1.0,0.164,0.244,0.536,0.36
184,1,0.956,0.228,0.1,0.768,-0.156,0.012,0.516,0.552
185,1,1.0,0.42,0.08,0.536,-0.476,-0.22,0.496,0.744
186,5,0.68,0.188,0.06,0.728,0.524,-0.028,0.476,0.512
187,5,0.36,-0.044,0.04,0.92,1.0,0.164,0.456,0.28
188,2,0.552,0.956,0.232,0.9,0.768,-0.156,0.224,0.26
189,2,0.744,1.0,0.424,0.88,0.536,-0.476,-0.008,0.24
190,6,0.512,0.68,0.192,0.86,0.728,0.524,0.184,0.22
191,6,0.28,0.36,-0.04,0.84,0.92,1.0,0.376,0.2
192,3,0.26,0.552,0.96,1.0,0.9,0.768,0.056,-0.032
193,3,0.24,0.744,1.0,1.0,0.88,0.536,-0.264,-0.264
194,7,0.22,0.512,0.68,0.768,0.86,0.728,0.736,-0.072
195,7,0.2,0.28,0.36,0.536,0.84,0.92,1.0,0.12
196,,0.18,0.26,0.34,0.516,0.82,0.9,0.98,0.1
197,,0.16,0.24,0.32,0.496,0.8,0.88,0.96,0.08
198,,0.14,0.22,0.3,0.476,0.78,0.86,0.94,0.06
199,,0.12,0.2,0.28,0.456,0.76,0.84,0.92,0.04
200,,0.1,0.18,0.26,0.436,0.74,0.82,0.9,0.02
201,,0.08,0.16,0.24,0.416,0.72,0.8,0.88,0.0
202,,0.06,0.14,0.22,0.396,0.7,0.78,0.86,-0.02
203,8,0.252,0.12,-0.012,0.076,0.468,0.76,1.0,0.98
204,8,0.444,0.1,-0.244,-0.244,0.236,0.74,1.0,1.0
205,4,0.212,0.08,-0.052,0.756,0.428,0.72,0.768,0.68
206,4,-0.02,0.06,0.14,1.0,0.62,0.7,0.536,0.36
207,1,0.98,0.252,0.12,0.768,0.3,0.468,0.516,0.552
208,1,1.0,0.444,0.1,0.536,-0.02,0.236,0.496,0.744
209,5,0.68,0.212,0.08,0.728,0.98,0.428,0.476,0.512
210,5,0.36,-0.02,0.06,0.92,1.0,0.62,0.456,0.28
211,2,0.552,0.98,0.252,0.9,0.768,0.3,0.224,0.26
212,2,0.744,1.0,0.444,0.88,0.536,-0.02,-0.008,0.24
213,6,0.512,0.68,0.212,0.86,0.728,0.98,0.184,0.22
214,6,0.28,0.36,-0.02,0.84,0.92,1.0,0.376,0.2
215,3,0.26,0.552,0.98,1.0,0.9,0.768,0.056,-0.032
216,3,0.24,0.744,1.0,1.0,0.88,0.536,-0.264,-0.264
217,7,0.22,0.512,0.68,0.768,0.86,0.728,0.736,-0.072
218,7,0.2,0.28,0.36,0.536,0.84,0.92,1.0,0.12
219,,0.18,0.26,0.34,0.516,0.82,0.9,0.98,0.1
220,,0.16,0.24,0.32,0.496,0.8,0.88,0.96,0.08
221,,0.14,0.22,0.3,0.476,0.78,0.86,0.94,0.06
222,,0.12,0.2,0.28,0.456,0.76,0.84,0.92,0.04
223,,0.1,0.18,0.26,0.436,0.74,0.82,0.9,0.02
224,,0.08,0.16,0.24,0.416,0.72,0.8,0.88,0.0
225,,0.06,0.14,0.22,0.396,0.7,0.78,0.86,-0.02
226,8,0.252,0.12,-0.012,0.076,0.468,0.76,1.0,0.98
227,8,0.444,0.1,-0.244,-0.244,0.236,0.74,1.0,1.0
228,4,0.212,0.08,-0.052,0.756,0.428,0.72,0.768,0.68
229,4,-0.02,0.06,0.14,1.0,0.62,0.7,0.536,0.36
230,1,0.98,0.252,0.12,0.768,0.3,0.468,0.516,0.552
231,1,1.0,0.444,0.1,0.536,-0.02,0.236,0.496,0.744
232,5,0.68,0.212,0.08,0.728,0.98,0.428,0.476,0.512
233,5,0.36,-0.02,0.06,0.92,1.0,0.62,0.456,0.28
234,2,0.552,0.98,0.252,0.9,0.768,0.3,0.224,0.26
235,2,0.744,1.0,0.444,0.88,0.536,-0.02,-0.008,0.24
236,6,0.512,0.68,0.212,0.86,0.728,0.98,0.184,0.22
237,6,0.28,0.36,-0.02,0.84,0.92,1.0,0.376,0.2
238,3,0.26,0.552,0.98,1.0,0.9,0.768,0.056,-0.032
239,3,0.24,0.744,1.0,1.0,0.88,0.536,-0.264,-0.264
240,8,0.432,0.724,0.768,0.68,0.648,0.516,-0.072,0.736
241,8,0.624,0.704,0.536,0.36,0.416,0.496,0.12,1.0
242,,0.604,0.684,0.516,0.34,0.396,0.476,0.1,0.98
243,,0.584,0.664,0.496,0.32,0.376,0.456,0.08,0.96
244,,0.564,0.644,0.476,0.3,0.356,0.436,0.06,0.94
245,,0.544,0.624,0.456,0.28,0.336,0.416,0.04,0.92
246,,0.524,0.604,0.436,0.26,0.316,0.396,0.02,0.9
247,,0.504,0.584,0.416,0.24,0.296,0.376,0.0,0.88
248,,0.484,0.564,0.396,0.22,0.276,0.356,-0.02,0.86
249,7,0.464,0.332,0.076,-0.012,0.256,0.548,0.98,1.0
250,7,0.444,0.1,-0.244,-0.244,0.236,0.74,1.0,1.0
251,3,0.424,0.292,0.756,-0.052,0.216,0.508,0.68,0.768
252,3,0.404,0.484,1.0,0.14,0.196,0.276,0.36,0.536
253,,0.384,0.464,0.98,0.12,0.176,0.256,0.34,0.516
254,,0.364,0.444,0.96,0.1,0.156,0.236,0.32,0.496
255,,0.344,0.424,0.94,0.08,0.136,0.216,0.3,0.476
256,,0.324,0.404,0.92,0.06,0.116,0.196,0.28,0.456
257,,0.304,0.384,0.9,0.04,0.096,0.176,0.26,0.436
258,,0.284,0.364,0.88,0.02,0.076,0.156,0.24,0.416
259,,0.264,0.344,0.86,0.0,0.056,0.136,0.22,0.396
260,,0.244,0.324,0.84,-0.02,0.036,0.116,0.2,0.376
261,4,0.012,0.304,1.0,0.98,0.228,0.096,-0.032,0.056
262,4,-0.22,0.284,1.0,1.0,0.42,0.076,-0.264,-0.264
263,8,-0.028,0.264,0.768,0.68,0.188,0.056,-0.072,0.736
264,8,0.164,0.244,0.536,0.36,-0.044,0.036,0.12,1.0
265,5,-0.156,0.012,0.516,0.552,0.956,0.228,0.1,0.768
266,5,-0.476,-0.22,0.496,0.744,1.0,0.42,0.08,0.536
267,1,0.524,-0.028,0.476,0.512,0.68,0.188,0.06,0.728
268,1,1.0,0.164,0.456,0.28,0.36,-0.044,0.04,0.92
269,6,0.768,-0.156,0.224,0.26,0.552,0.956,0.232,0.9
270,6,0.536,-0.476,-0.008,0.24,0.744,1.0,0.424,0.88
271,2,0.728,0.524,0.184,0.22,0.512,0.68,0.192,0.86
272,2,0.92,1.0,0.376,0.2,0.28,0.36,-0.04,0.84
273,7,0.9,0.768,0.056,-0.032,0.26,0.552,0.96,1.0
274,7,0.88,0.536,-0.264,-0.264,0.24,0.744,1.0,1.0
275,3,0.86,0.728,0.736,-0.072,0.22,0.512,0.68,0.768
276,3,0.84,0.92,1.0,0.12,0.2,0.28,0.36,0.536
277,,0.82,0.9,0.98,0.1,0.18,0.26,0.34,0.516
278,,0.8,0.88,0.96,0.08,0.16,0.24,0.32,0.496
279,,0.78,0.86,0.94,0.06,0.14,0.22,0.3,0.476
280,,0.76,0.84,0.92,0.04,0.12,0.2,0.28,0.456
281,,0.74,0.82,0.9,0.02,0.1,0.18,0.26,0.436
282,,0.72,0.8,0.88,0.0,0.08,0.16,0.24,0.416
283,,0.7,0.78,0.86,-0.02,0.06,0.14,0.22,0.396
284,4,0.468,0.76,1.0,0.98,0.252,0.12,-0.012,0.076
285,4,0.236,0.74,1.0,1.0,0.444,0.1,-0.244,-0.244
286,8,0.428,0.72,0.768,0.68,0.212,0.08,-0.052,0.756
287,8,0.62,0.7,0.536,0.36,-0.02,0.06,0.14,1.0
288,5,0.3,0.468,0.516,0.552,0.98,0.252,0.12,0.768
289,5,-0.02,0.236,0.496,0.744,1.0,0.444,0.1,0.536
290,1,0.98,0.428,0.476,0.512,0.68,0.212,0.08,0.728
291,1,1.0,0.62,0.456,0.28,0.36,-0.02,0.06,0.92
292,6,0.768,0.3,0.224,0.26,0.552,0.98,0.252,0.9
293,6,0.536,-0.02,-0.008,0.24,0.744,1.0,0.444,0.88
294,2,0.728,0.98,0.184,0.22,0.512,0.68,0.212,0.86
295,2,0.92,1.0,0.376,0.2,0.28,0.36,-0.02,0.84
296,7,0.9,0.768,0.056,-0.032,0.26,0.552,0.98,1.0
297,7,0.88,0.536,-0.264,-0.264,0.24,0.744,1.0,1.0
298,4,0.648,0.516,-0.072,0.736,0.432,0.724,0.768,0.68
299,4,0.416,0.496,0.12,1.0,0.624,0.704,0.536,0.36
300,,0.396,0.476,0.1,0.98,0.604,0.684,0.516,0.34
301,,0.376,0.456,0.08,0.96,0.584,0.664,0.496,0.32
302,,0.356,0.436,0.06,0.94,0.564,0.644,0.476,0.3
303,,0.336,0.416,0.04,0.92,0.544,0.624,0.456,0.28
304,,0.316,0.396,0.02,0.9,0.524,0.604,0.436,0.26
305,,0.296,0.376,0.0,0.88,0.504,0.584,0.416,0.24
306,,0.276,0.356,-0.02,0.86,0.484,0.564,0.396,0.22
307,3,0.256,0.548,0.98,1.0,0.464,0.332,0.076,-0.012
308,3,0.236,0.74,1.0,1.0,0.444,0.1,-0.244,-0.244
309,7,0.216,0.508,0.68,0.768,0.424,0.292,0.756,-0.052
310,7,0.196,0.276,0.36,0.536,0.404,0.484,1.0,0.14
311,,0.176,0.256,0.34,0.516,0.384,0.464,0.98,0.12
312,,0.156,0.236,0.32,0.496,0.364,0.444,0.96,0.1
313,,0.136,0.216,0.3,0.476,0.344,0.424,0.94,0.08
314,,0.116,0.196,0.28,0.456,0.324,0.404,0.92,0.06
315,,0.096,0.176,0.26,0.436,0.304,0.384,0.9,0.04
316,,0.076,0.156,0.24,0.416,0.284,0.364,0.88,0.02
317,,0.056,0.136,0.22,0.396,0.264,0.344,0.86,0.0
318,,0.036,0.116,0.2,0.376,0.244,0.324,0.84,-0.02
319,8,0.228,0.096,-0.032,0.056,0.012,0.304,1.0,0.98
320,8,0.42,0.076,-0.264,-0.264,-0.22,0.284,1.0,1.0
321,3,0.4,0.268,0.736,-0.072,-0.24,0.052,0.68,0.768
322,3,0.38,0.46,1.0,0.12,-0.26,-0.18,0.36,0.536
323,5,0.06,0.228,0.98,0.312,0.74,0.012,0.34,0.304
324,5,-0.26,-0.004,0.96,0.504,1.0,0.204,0.32,0.072
325,1,0.74,0.188,0.94,0.272,0.68,-0.028,0.3,0.264
326,1,1.0,0.38,0.92,0.04,0.36,-0.26,0.28,0.456
327,6,0.768,0.06,0.688,0.02,0.552,0.74,0.472,0.436
328,6,0.536,-0.26,0.456,0.0,0.744,1.0,0.664,0.416
329,2,0.728,0.74,0.648,-0.02,0.512,0.68,0.432,0.396
330,2,0.92,1.0,0.84,-0.04,0.28,0.36,0.2,0.376
331,4,0.688,0.98,1.0,0.96,0.472,0.34,-0.032,0.056
332,4,0.456,0.96,1.0,1.0,0.664,0.32,-0.264,-0.264
333,7,0.436,0.728,0.68,0.768,0.644,0.512,0.736,-0.072
334,7,0.416,0.496,0.36,0.536,0.624,0.704,1.0,0.12
335,,0.396,0.476,0.34,0.516,0.604,0.684,0.98,0.1
336,,0.376,0.456,0.32,0.496,0.584,0.664,0.96,0.08
337,,0.356,0.436,0.3,0.476,0.564,0.644,0.94,0.06
338,,0.336,0.416,0.28,0.456,0.544,0.624,0.92,0.04
339,,0.316,0.396,0.26,0.436,0.524,0.604,0.9,0.02
340,,0.296,0.376,0.24,0.416,0.504,0.584,0.88,0.0
341,,0.276,0.356,0.22,0.396,0.484,0.564,0.86,-0.02
342,8,0.468,0.336,-0.012,0.076,0.252,0.544,1.0,0.98
343,8,0.66,0.316,-0.244,-0.244,0.02,0.524,1.0,1.0
344,4,0.428,0.296,-0.052,0.756,0.212,0.504,0.768,0.68
345,4,0.196,0.276,0.14,1.0,0.404,0.484,0.536,0.36
346,,0.176,0.256,0.12,0.98,0.384,0.464,0.516,0.34
347,,0.156,0.236,0.1,0.96,0.364,0.444,0.496,0.32
348,,0.136,0.216,0.08,0.94,0.344,0.424,0.476,0.3
349,,0.116,0.196,0.06,0.92,0.324,0.404,0.456,0.28
350,,0.096,0.176,0.04,0.9,0.304,0.384,0.436,0.26
351,,0.076,0.156,0.02,0.88,0.284,0.364,0.416,0.24
352,,0.056,0.136,0.0,0.86,0.264,0.344,0.396,0.22
353,,0.036,0.116,-0.02,0.84,0.244,0.324,0.376,0.2
354,3,0.016,0.308,0.98,1.0,0.224,0.092,0.056,-0.032
355,3,-0.004,0.5,1.0,1.0,0.204,-0.14,-0.264,-0.264
356,7,-0.024,0.268,0.68,0.768,0.184,0.052,0.736,-0.072
357,7,-0.044,0.036,0.36,0.536,0.164,0.244,1.0,0.12
358,1,0.956,0.228,0.34,0.304,-0.156,0.012,0.98,0.312
359,1,1.0,0.42,0.32,0.072,-0.476,-0.22,0.96,0.504
360,5,0.68,0.188,0.3,0.264,0.524,-0.028,0.94,0.272
361,5,0.36,-0.044,0.28,0.456,1.0,0.164,0.92,0.04
362,2,0.552,0.956,0.472,0.436,0.768,-0.156,0.688,0.02
363,2,0.744,1.0,0.664,0.416,0.536,-0.476,0.456,0.0
364,6,0.512,0.68,0.432,0.396,0.728,0.524,0.648,-0.02
365,6,0.28,0.36,0.2,0.376,0.92,1.0,0.84,-0.04
366,8,0.472,0.34,-0.032,0.056,0.688,0.98,1.0,0.96
367,8,0.664,0.32,-0.264,-0.264,0.456,0.96,1.0,1.0
368,4,0.432,0.3,-0.072,0.736,0.648,0.94,0.768,0.68
369,4,0.2,0.28,0.12,1.0,0.84,0.92,0.536,0.36
370,,0.18,0.26,0.1,0.98,0.82,0.9,0.516,0.34
371,,0.16,0.24,0.08,0.96,0.8,0.88,0.496,0.32
372,,0.14,0.22,0.06,0.94,0.78,0.86,0.476,0.3
373,,0.12,0.2,0.04,0.92,0.76,0.84,0.456,0.28
374,,0.1,0.18,0.02,0.9,0.74,0.82,0.436,0.26
375,,0.08,0.16,0.0,0.88,0.72,0.8,0.416,0.24
376,,0.06,0.14,-0.02,0.86,0.7,0.78,0.396,0.22
377,3,0.04,0.332,0.98,1.0,0.68,0.548,0.076,-0.012
378,3,0.02,0.524,1.0,1.0,0.66,0.316,-0.244,-0.244
379,8,0.212,0.504,0.768,0.68,0.428,0.296,-0.052,0.756
380,8,0.404,0.484,0.536,0.36,0.196,0.276,0.14,1.0
381,,0.384,0.464,0.516,0.34,0.176,0.256,0.12,0.98
382,,0.364,0.444,0.496,0.32,0.156,0.236,0.1,0.96
383,,0.344,0.424,0.476,0.3,0.136,0.216,0.08,0.94
384,,0.324,0.404,0.456,0.28,0.116,0.196,0.06,0.92
385,,0.304,0.384,0.436,0.26,0.096,0.176,0.04,0.9
386,,0.284,0.364,0.416,0.24,0.076,0.156,0.02,0.88
387,,0.264,0.344,0.396,0.22,0.056,0.136,0.0,0.86
388,,0.244,0.324,0.376,0.2,0.036,0.116,-0.02,0.84
389,7,0.224,0.092,0.056,-0.032,0.016,0.308,0.98,1.0
390,7,0.204,-0.14,-0.264,-0.264,-0.004,0.5,1.0,1.0
391,3,0.184,0.052,0.736,-0.072,-0.024,0.268,0.68,0.768
392,3,0.164,0.244,1.0,0.12,-0.044,0.036,0.36,0.536
393,5,-0.156,0.012,0.98,0.312,0.956,0.228,0.34,0.304
394,5,-0.476,-0.22,0.96,0.504,1.0,0.42,0.32,0.072
395,1,0.524,-0.028,0.94,0.272,0.68,0.188,0.3,0.264
396,1,1.0,0.164,0.92,0.04,0.36,-0.044,0.28,0.456
397,6,0.768,-0.156,0.688,0.02,0.552,0.956,0.472,0.436
398,6,0.536,-0.476,0.456,0.0,0.744,1.0,0.664,0.416
399,2,0.728,0.524,0.648,-0.02,0.512,0.68,0.432,0.396
400,2,0.92,1.0,0.84,-0.04,0.28,0.36,0.2,0.376
401,4,0.688,0.98,1.0,0.96,0.472,0.34,-0.032,0.056
402,4,0.456,0.96,1.0,1.0,0.664,0.32,-0.264,-0.264
403,7,0.436,0.728,0.68,0.768,0.644,0.512,0.736,-0.072
404,7,0.416,0.496,0.36,0.536,0.624,0.704,1.0,0.12
405,,0.396,0.476,0.34,0.516,0.604,0.684,0.98,0.1
406,,0.376,0.456,0.32,0.496,0.584,0.664,0.96,0.08
407,,0.356,0.436,0.3,0.476,0.564,0.644,0.94,0.06
408,,0.336,0.416,0.28,0.456,0.544,0.624,0.92,0.04
409,,0.316,0.396,0.26,0.436,0.524,0.604,0.9,0.02
410,,0.296,0.376,0.24,0.416,0.504,0.584,0.88,0.0
411,,0.276,0.356,0.22,0.396,0.484,0.564,0.86,-0.02
412,8,0.468,0.336,-0.012,0.076,0.252,0.544,1.0,0.98
413,8,0.66,0.316,-0.244,-0.244,0.02,0.524,1.0,1.0
414,4,0.428,0.296,-0.052,0.756,0.212,0.504,0.768,0.68
415,4,0.196,0.276,0.14,1.0,0.404,0.484,0.536,0.36
416,,0.176,0.256,0.12,0.98,0.384,0.464,0.516,0.34
417,,0.156,0.236,0.1,0.96,0.364,0.444,0.496,0.32
418,,0.136,0.216,0.08,0.94,0.344,0.424,0.476,0.3
419,,0.116,0.196,0.06,0.92,0.324,0.404,0.456,0.28
420,,0.096,0.176,0.04,0.9,0.304,0.384,0.436,0.26
421,,0.076,0.156,0.02,0.88,0.284,0.364,0.416,0.24
422,,0.056,0.136,0.0,0.86,0.264,0.344,0.396,0.22
423,,0.036,0.116,-0.02,0.84,0.244,0.324,0.376,0.2
424,3,0.016,0.308,0.98,1.0,0.224,0.092,0.056,-0.032
425,3,-0.004,0.5,1.0,1.0,0.204,-0.14,-0.264,-0.264
426,8,0.188,0.48,0.768,0.68,-0.028,-0.16,-0.072,0.736
427,8,0.38,0.46,0.536,0.36,-0.26,-0.18,0.12,1.0
428,5,0.06,0.228,0.516,0.552,0.74,0.012,0.1,0.768
429,5,-0.26,-0.004,0.496,0.744,1.0,0.204,0.08,0.536
430,1,0.74,0.188,0.476,0.512,0.68,-0.028,0.06,0.728
431,1,1.0,0.38,0.456,0.28,0.36,-0.26,0.04,0.92
432,6,0.768,0.06,0.224,0.26,0.552,0.74,0.232,0.9
433,6,0.536,-0.26,-0.008,0.24,0.744,1.0,0.424,0.88
434,2,0.728,0.74,0.184,0.22,0.512,0.68,0.192,0.86
435,2,0.92,1.0,0.376,0.2,0.28,0.36,-0.04,0.84
436,7,0.9,0.768,0.056,-0.032,0.26,0.552,0.96,1.0
437,7,0.88,0.536,-0.264,-0.264,0.24,0.744,1.0,1.0
438,3,0.86,0.728,0.736,-0.072,0.22,0.512,0.68,0.768
439,3,0.84,0.92,1.0,0.12,0.2,0.28,0.36,0.536
440,,0.82,0.9,0.98,0.1,0.18,0.26,0.34,0.516
441,,0.8,0.88,0.96,0.08,0.16,0.24,0.32,0.496
442,,0.78,0.86,0.94,0.06,0.14,0.22,0.3,0.476
443,,0.76,0.84,0.92,0.04,0.12,0.2,0.28,0.456
444,,0.74,0.82,0.9,0.02,0.1,0.18,0.26,0.436
445,,0.72,0.8,0.88,0.0,0.08,0.16,0.24,0.416
446,,0.7,0.78,0.86,-0.02,0.06,0.14,0.22,0.396
447,4,0.468,0.76,1.0,0.98,0.252,0.12,-0.012,0.076
448,4,0.236,0.74,1.0,1.0,0.444,0.1,-0.244,-0.244
449,7,0.216,0.508,0.68,0.768,0.424,0.292,0.756,-0.052
450,7,0.196,0.276,0.36,0.536,0.404,0.484,1.0,0.14
451,,0.176,0.256,0.34,0.516,0.384,0.464,0.98,0.12
452,,0.156,0.236,0.32,0.496,0.364,0.444,0.96,0.1
453,,0.136,0.216,0.3,0.476,0.344,0.424,0.94,0.08
454,,0.116,0.196,0.28,0.456,0.324,0.404,0.92,0.06
455,,0.096,0.176,0.26,0.436,0.304,0.384,0.9,0.04
456,,0.076,0.156,0.24,0.416,0.284,0.364,0.88,0.02
457,,0.056,0.136,0.22,0.396,0.264,0.344,0.86,0.0
458,,0.036,0.116,0.2,0.376,0.244,0.324,0.84,-0.02
459,8,0.228,0.096,-0.032,0.056,0.012,0.304,1.0,0.98
460,8,0.42,0.076,-0.264,-0.264,-0.22,0.284,1.0,1.0
461,3,0.4,0.268,0.736,-0.072,-0.24,0.052,0.68,0.768
462,3,0.38,0.46,1.0,0.12,-0.26,-0.18,0.36,0.536
463,5,0.06,0.228,0.98,0.312,0.74,0.012,0.34,0.304
464,5,-0.26,-0.004,0.96,0.504,1.0,0.204,0.32,0.072
465,1,0.74,0.188,0.94,0.272,0.68,-0.028,0.3,0.264
466,1,1.0,0.38,0.92,0.04,0.36,-0.26,0.28,0.456
467,6,0.768,0.06,0.688,0.02,0.552,0.74,0.472,0.436
468,6,0.536,-0.26,0.456,0.0,0.744,1.0,0.664,0.416
469,2,0.728,0.74,0.648,-0.02,0.512,0.68,0.432,0.396
470,2,0.92,1.0,0.84,-0.04,0.28,0.36,0.2,0.376
471,4,0.688,0.98,1.0,0.96,0.472,0.34,-0.032,0.056
472,4,0.456,0.96,1.0,1.0,0.664,0.32,-0.264,-0.264
473,7,0.436,0.728,0.68,0.768,0.644,0.512,0.736,-0.072
474,7,0.416,0.496,0.36,0.536,0.624,0.704,1.0,0.12
475,,0.396,0.476,0.34,0.516,0.604,0.684,0.98,0.1
476,,0.376,0.456,0.32,0.496,0.584,0.664,0.96,0.08
477,,0.356,0.436,0.3,0.476,0.564,0.644,0.94,0.06
478,,0.336,0.416,0.28,0.456,0.544,0.624,0.92,0.04
479,,0.316,0.396,0.26,0.436,0.524,0.604,0.9,0.02
480,,0.296,0.376,0.24,0.416,0.504,0.584,0.88,0.0
481,,0.276,0.356,0.22,0.396,0.484,0.564,0.86,-0.02
482,8,0.468,0.336,-0.012,0.076,0.252,0.544,1.0,0.98
483,8,0.66,0.316,-0.244,-0.244,0.02,0.524,1.0,1.0
484,3,0.64,0.508,0.756,-0.052,0.0,0.292,0.68,0.768
485,3,0.62,0.7,1.0,0.14,-0.02,0.06,0.36,0.536
486,5,0.3,0.468,0.98,0.332,0.98,0.252,0.34,0.304
487,5,-0.02,0.236,0.96,0.524,1.0,0.444,0.32,0.072
488,1,0.98,0.428,0.94,0.292,0.68,0.212,0.3,0.264
489,1,1.0,0.62,0.92,0.06,0.36,-0.02,0.28,0.456
490,6,0.768,0.3,0.688,0.04,0.552,0.98,0.472,0.436
491,6,0.536,-0.02,0.456,0.02,0.744,1.0,0.664,0.416
492,2,0.728,0.98,0.648,0.0,0.512,0.68,0.432,0.396
493,2,0.92,1.0,0.84,-0.02,0.28,0.36,0.2,0.376
494,4,0.688,0.98,1.0,0.98,0.472,0.34,-0.032,0.056
495,4,0.456,0.96,1.0,1.0,0.664,0.32,-0.264,-0.264
496,8,0.648,0.94,0.768,0.68,0.432,0.3,-0.072,0.736
497,8,0.84,0.92,0.536,0.36,0.2,0.28,0.12,1.0
498,,0.82,0.9,0.516,0.34,0.18,0.26,0.1,0.98
499,,0.8,0.88,0.496,0.32,0.16,0.24,0.08,0.96
500,,0.78,0.86,0.476,0.3,0.14,0.22,0.06,0.94
501,,0.76,0.84,0.456,0.28,0.12,0.2,0.04,0.92
502,,0.74,0.82,0.436,0.26,0.1,0.18,0.02,0.9
503,,0.72,0.8,0.416,0.24,0.08,0.16,0.0,0.88
504,,0.7,0.78,0.396,0.22,0.06,0.14,-0.02,0.86
505,7,0.68,0.548,0.076,-0.012,0.04,0.332,0.98,1.0
506,7,0.66,0.316,-0.244,-0.244,0.02,0.524,1.0,1.0
507,4,0.428,0.296,-0.052,0.756,0.212,0.504,0.768,0.68
508,4,0.196,0.276,0.14,1.0,0.404,0.484,0.536,0.36
509,,0.176,0.256,0.12,0.98,0.384,0.464,0.516,0.34
510,,0.156,0.236,0.1,0.96,0.364,0.444,0.496,0.32
511,,0.136,0.216,0.08,0.94,0.344,0.424,0.476,0.3
512,,0.116,0.196,0.06,0.92,0.324,0.404,0.456,0.28
513,,0.096,0.176,0.04,0.9,0.304,0.384,0.436,0.26
514,,0.076,0.156,0.02,0.88,0.284,0.364,0.416,0.24
515,,0.056,0.136,0.0,0.86,0.264,0.344,0.396,0.22
516,,0.036,0.116,-0.02,0.84,0.244,0.324,0.376,0.2
517,3,0.016,0.308,0.98,1.0,0.224,0.092,0.056,-0.032
518,3,-0.004,0.5,1.0,1.0,0.204,-0.14,-0.264,-0.264
519,8,0.188,0.48,0.768,0.68,-0.028,-0.16,-0.072,0.736
520,8,0.38,0.46,0.536,0.36,-0.26,-0.18,0.12,1.0
521,5,0.06,0.228,0.516,0.552,0.74,0.012,0.1,0.768
522,5,-0.26,-0.004,0.496,0.744,1.0,0.204,0.08,0.536
523,1,0.74,0.188,0.476,0.512,0.68,-0.028,0.06,0.728
524,1,1.0,0.38,0.456,0.28,0.36,-0.26,0.04,0.92
525,6,0.768,0.06,0.224,0.26,0.552,0.74,0.232,0.9
526,6,0.536,-0.26,-0.008,0.24,0.744,1.0,0.424,0.88
527,2,0.728,0.74,0.184,0.22,0.512,0.68,0.192,0.86
528,2,0.92,1.0,0.376,0.2,0.28,0.36,-0.04,0.84
529,7,0.9,0.768,0.056,-0.032,0.26,0.552,0.96,1.0
530,7,0.88,0.536,-0.264,-0.264,0.24,0.744,1.0,1.0
531,4,0.648,0.516,-0.072,0.736,0.432,0.724,0.768,0.68
532,4,0.416,0.496,0.12,1.0,0.624,0.704,0.536,0.36
533,,0.396,0.476,0.1,0.98,0.604,0.684,0.516,0.34
534,,0.376,0.456,0.08,0.96,0.584,0.664,0.496,0.32
535,,0.356,0.436,0.06,0.94,0.564,0.644,0.476,0.3
536,,0.336,0.416,0.04,0.92,0.544,0.624,0.456,0.28
537,,0.316,0.396,0.02,0.9,0.524,0.604,0.436,0.26
538,,0.296,0.376,0.0,0.88,0.504,0.584,0.416,0.24
539,,0.276,0.356,-0.02,0.86,0.484,0.564,0.396,0.22
540,3,0.256,0.548,0.98,1.0,0.464,0.332,0.076,-0.012
541,3,0.236,0.74,1.0,1.0,0.444,0.1,-0.244,-0.244
542,7,0.216,0.508,0.68,0.768,0.424,0.292,0.756,-0.052
543,7,0.196,0.276,0.36,0.536,0.404,0.484,1.0,0.14
544,,0.176,0.256,0.34,0.516,0.384,0.464,0.98,0.12
545,,0.156,0.236,0.32,0.496,0.364,0.444,0.96,0.1
546,,0.136,0.216,0.3,0.476,0.344,0.424,0.94,0.08
547,,0.116,0.196,0.28,0.456,0.324,0.404,0.92,0.06
548,,0.096,0.176,0.26,0.436,0.304,0.384,0.9,0.04
549,,0.076,0.156,0.24,0.416,0.284,0.364,0.88,0.02
550,,0.056,0.136,0.22,0.396,0.264,0.344,0.86,0.0
551,,0.036,0.116,0.2,0.376,0.244,0.324,0.84,-0.02
552,8,0.228,0.096,-0.032,0.056,0.012,0.304,1.0,0.98
553,8,0.42,0.076,-0.264,-0.264,-0.22,0.284,1.0,1.0
554,3,0.4,0.268,0.736,-0.072,-0.24,0.052,0.68,0.768
555,3,0.38,0.46,1.0,0.12,-0.26,-0.18,0.36,0.536
556,5,0.06,0.228,0.98,0.312,0.74,0.012,0.34,0.304
557,5,-0.26,-0.004,0.96,0.504,1.0,0.204,0.32,0.072
558,1,0.74,0.188,0.94,0.272,0.68,-0.028,0.3,0.264
559,1,1.0,0.38,0.92,0.04,0.36,-0.26,0.28,0.456
560,6,0.768,0.06,0.688,0.02,0.552,0.74,0.472,0.436
561,6,0.536,-0.26,0.456,0.0,0.744,1.0,0.664,0.416
562,2,0.728,0.74,0.648,-0.02,0.512,0.68,0.432,0.396
563,2,0.92,1.0,0.84,-0.04,0.28,0.36,0.2,0.376
564,4,0.688,0.98,1.0,0.96,0.472,0.34,-0.032,0.056
565,4,0.456,0.96,1.0,1.0,0.664,0.32,-0.264,-0.264
566,7,0.436,0.728,0.68,0.768,0.644,0.512,0.736,-0.072
567,7,0.416,0.496,0.36,0.536,0.624,0.704,1.0,0.12
568,,0.396,0.476,0.34,0.516,0.604,0.684,0.98,0.1
569,,0.376,0.456,0.32,0.496,0.584,0.664,0.96,0.08
570,,0.356,0.436,0.3,0.476,0.564,0.644,0.94,0.06
571,,0.336,0.416,0.28,0.456,0.544,0.624,0.92,0.04
572,,0.316,0.396,0.26,0.436,0.524,0.604,0.9,0.02
573,,0.296,0.376,0.24,0.416,0.504,0.584,0.88,0.0
574,,0.276,0.356,0.22,0.396,0.484,0.564,0.86,-0.02
575,8,0.468,0.336,-0.012,0.076,0.252,0.544,1.0,0.98
576,8,0.66,0.316,-0.244,-0.244,0.02,0.524,1.0,1.0
577,4,0.428,0.296,-0.052,0.756,0.212,0.504,0.768,0.68
578,4,0.196,0.276,0.14,1.0,0.404,0.484,0.536,0.36
579,,0.176,0.256,0.12,0.98,0.384,0.464,0.516,0.34
580,,0.156,0.236,0.1,0.96,0.364,0.444,0.496,0.32
581,,0.136,0.216,0.08,0.94,0.344,0.424,0.476,0.3
582,,0.116,0.196,0.06,0.92,0.324,0.404,0.456,0.28
583,,0.096,0.176,0.04,0.9,0.304,0.384,0.436,0.26
584,,0.076,0.156,0.02,0.88,0.284,0.364,0.416,0.24
585,,0.056,0.136,0.0,0.86,0.264,0.344,0.396,0.22
586,,0.036,0.116,-0.02,0.84,0.244,0.324,0.376,0.2
587,3,0.016,0.308,0.98,1.0,0.224,0.092,0.056,-0.032
588,3,-0.004,0.5,1.0,1.0,0.204,-0.14,-0.264,-0.264
589,8,0.188,0.48,0.768,0.68,-0.028,-0.16,-0.072,0.736
590,8,0.38,0.46,0.536,0.36,-0.26,-0.18,0.12,1.0
591,5,0.06,0.228,0.516,0.552,0.74,0.012,0.1,0.768
592,5,-0.26,-0.004,0.496,0.744,1.0,0.204,0.08,0.536
593,1,0.74,0.188,0.476,0.512,0.68,-0.028,0.06,0.728
594,1,1.0,0.38,0.456,0.28,0.36,-0.26,0.04,0.92
595,6,0.768,0.06,0.224,0.26,0.552,0.74,0.232,0.9
596,6,0.536,-0.26,-0.008,0.24,0.744,1.0,0.424,0.88
597,2,0.728,0.74,0.184,0.22,0.512,0.68,0.192,0.86
598,2,0.92,1.0,0.376,0.2,0.28,0.36,-0.04,0.84
599,7,0.9,0.768,0.056,-0.032,0.26,0.552,0.96,1.0
600,7,0.88,0.536,-0.264,-0.264,0.24,0.744,1.0,1.0
601,3,0.86,0.728,0.736,-0.072,0.22,0.512,0.68,0.768
602,3,0.84,0.92,1.0,0.12,0.2,0.28,0.36,0.536
603,,0.82,0.9,0.98,0.1,0.18,0.26,0.34,0.516
604,,0.8,0.88,0.96,0.08,0.16,0.24,0.32,0.496
605,,0.78,0.86,0.94,0.06,0.14,0.22,0.3,0.476
606,,0.76,0.84,0.92,0.04,0.12,0.2,0.28,0.456
607,,0.74,0.82,0.9,0.02,0.1,0.18,0.26,0.436
608,,0.72,0.8,0.88,0.0,0.08,0.16,0.24,0.416
609,,0.7,0.78,0.86,-0.02,0.06,0.14,0.22,0.396
610,4,0.468,0.76,1.0,0.98,0.252,0.12,-0.012,0.076
611,4,0.236,0.74,1.0,1.0,0.444,0.1,-0.244,-0.244
612,7,0.216,0.508,0.68,0.768,0.424,0.292,0.756,-0.052
613,7,0.196,0.276,0.36,0.536,0.404,0.484,1.0,0.14
614,,0.176,0.256,0.34,0.516,0.384,0.464,0.98,0.12
615,,0.156,0.236,0.32,0.496,0.364,0.444,0.96,0.1
616,,0.136,0.216,0.3,0.476,0.344,0.424,0.94,0.08
617,,0.116,0.196,0.28,0.456,0.324,0.404,0.92,0.06
618,,0.096,0.176,0.26,0.436,0.304,0.384,0.9,0.04
619,,0.076,0.156,0.24,0.416,0.284,0.364,0.88,0.02
620,,0.056,0.136,0.22,0.396,0.264,0.344,0.86,0.0
621,,0.036,0.116,0.2,0.376,0.244,0.324,0.84,-0.02
622,8,0.228,0.096,-0.032,0.056,0.012,0.304,1.0,0.98
623,8,0.42,0.076,-0.264,-0.264,-0.22,0.284,1.0,1.0
624,4,0.188,0.056,-0.072,0.736,-0.028,0.264,0.768,0.68
625,4,-0.044,0.036,0.12,1.0,0.164,0.244,0.536,0.36
626,1,0.956,0.228,0.1,0.768,-0.156,0.012,0.516,0.552
627,1,1.0,0.42,0.08,0.536,-0.476,-0.22,0.496,0.744
628,5,0.68,0.188,0.06,0.728,0.524,-0.028,0.476,0.512
629,5,0.36,-0.044,0.04,0.92,1.0,0.164,0.456,0.28
630,2,0.552,0.956,0.232,0.9,0.768,-0.156,0.224,0.26
631,2,0.744,1.0,0.424,0.88,0.536,-0.476,-0.008,0.24
632,6,0.512,0.68,0.192,0.86,0.728,0.524,0.184,0.22
633,6,0.28,0.36,-0.04,0.84,0.92,1.0,0.376,0.2
634,3,0.26,0.552,0.96,1.0,0.9,0.768,0.056,-0.032
635,3,0.24,0.744,1.0,1.0,0.88,0.536,-0.264,-0.264
636,8,0.432,0.724,0.768,0.68,0.648,0.516,-0.072,0.736
637,8,0.624,0.704,0.536,0.36,0.416,0.496,0.12,1.0
638,,0.604,0.684,0.516,0.34,0.396,0.476,0.1,0.98
639,,0.584,0.664,0.496,0.32,0.376,0.456,0.08,0.96
640,,0.564,0.644,0.476,0.3,0.356,0.436,0.06,0.94
641,,0.544,0.624,0.456,0.28,0.336,0.416,0.04,0.92
642,,0.524,0.604,0.436,0.26,0.316,0.396,0.02,0.9
643,,0.504,0.584,0.416,0.24,0.296,0.376,0.0,0.88
644,,0.484,0.564,0.396,0.22,0.276,0.356,-0.02,0.86
645,7,0.464,0.332,0.076,-0.012,0.256,0.548,0.98,1.0
646,7,0.444,0.1,-0.244,-0.244,0.236,0.74,1.0,1.0
647,3,0.424,0.292,0.756,-0.052,0.216,0.508,0.68,0.768
648,3,0.404,0.484,1.0,0.14,0.196,0.276,0.36,0.536
649,,0.384,0.464,0.98,0.12,0.176,0.256,0.34,0.516
650,,0.364,0.444,0.96,0.1,0.156,0.236,0.32,0.496
651,,0.344,0.424,0.94,0.08,0.136,0.216,0.3,0.476
652,,0.324,0.404,0.92,0.06,0.116,0.196,0.28,0.456
653,,0.304,0.384,0.9,0.04,0.096,0.176,0.26,0.436
654,,0.284,0.364,0.88,0.02,0.076,0.156,0.24,0.416
655,,0.264,0.344,0.86,0.0,0.056,0.136,0.22,0.396
656,,0.244,0.324,0.84,-0.02,0.036,0.116,0.2,0.376
657,4,0.012,0.304,1.0,0.98,0.228,0.096,-0.032,0.056
658,4,-0.22,0.284,1.0,1.0,0.42,0.076,-0.264,-0.264
659,7,-0.24,0.052,0.68,0.768,0.4,0.268,0.736,-0.072
660,7,-0.26,-0.18,0.36,0.536,0.38,0.46,1.0,0.12
661,1,0.74,0.012,0.34,0.304,0.06,0.228,0.98,0.312
662,1,1.0,0.204,0.32,0.072,-0.26,-0.004,0.96,0.504
663,5,0.68,-0.028,0.3,0.264,0.74,0.188,0.94,0.272
664,5,0.36,-0.26,0.28,0.456,1.0,0.38,0.92,0.04
665,2,0.552,0.74,0.472,0.436,0.768,0.06,0.688,0.02
666,2,0.744,1.0,0.664,0.416,0.536,-0.26,0.456,0.0
667,6,0.512,0.68,0.432,0.396,0.728,0.74,0.648,-0.02
668,6,0.28,0.36,0.2,0.376,0.92,1.0,0.84,-0.04
669,8,0.472,0.34,-0.032,0.056,0.688,0.98,1.0,0.96
670,8,0.664,0.32,-0.264,-0.264,0.456,0.96,1.0,1.0
671,4,0.432,0.3,-0.072,0.736,0.648,0.94,0.768,0.68
672,4,0.2,0.28,0.12,1.0,0.84,0.92,0.536,0.36
673,,0.18,0.26,0.1,0.98,0.82,0.9,0.516,0.34
674,,0.16,0.24,0.08,0.96,0.8,0.88,0.496,0.32
675,,0.14,0.22,0.06,0.94,0.78,0.86,0.476,0.3
676,,0.12,0.2,0.04,0.92,0.76,0.84,0.456,0.28
677,,0.1,0.18,0.02,0.9,0.74,0.82,0.436,0.26
678,,0.08,0.16,0.0,0.88,0.72,0.8,0.416,0.24
679,,0.06,0.14,-0.02,0.86,0.7,0.78,0.396,0.22
680,3,0.04,0.332,0.98,1.0,0.68,0.548,0.076,-0.012
681,3,0.02,0.524,1.0,1.0,0.66,0.316,-0.244,-0.244
682,7,0.0,0.292,0.68,0.768,0.64,0.508,0.756,-0.052
683,7,-0.02,0.06,0.36,0.536,0.62,0.7,1.0,0.14
684,1,0.98,0.252,0.34,0.304,0.3,0.468,0.98,0.332
685,1,1.0,0.444,0.32,0.072,-0.02,0.236,0.96,0.524
686,5,0.68,0.212,0.3,0.264,0.98,0.428,0.94,0.292
687,5,0.36,-0.02,0.28,0.456,1.0,0.62,0.92,0.06
688,2,0.552,0.98,0.472,0.436,0.768,0.3,0.688,0.04
689,2,0.744,1.0,0.664,0.416,0.536,-0.02,0.456,0.02
690,6,0.512,0.68,0.432,0.396,0.728,0.98,0.648,0.0
691,6,0.28,0.36,0.2,0.376,0.92,1.0,0.84,-0.02
692,8,0.472,0.34,-0.032,0.056,0.688,0.98,1.0,0.98
693,8,0.664,0.32,-0.264,-0.264,0.456,0.96,1.0,1.0
694,3,0.644,0.512,0.736,-0.072,0.436,0.728,0.68,0.768
695,3,0.624,0.704,1.0,0.12,0.416,0.496,0.36,0.536
696,,0.604,0.684,0.98,0.1,0.396,0.476,0.34,0.516
697,,0.584,0.664,0.96,0.08,0.376,0.456,0.32,0.496
698,,0.564,0.644,0.94,0.06,0.356,0.436,0.3,0.476
699,,0.544,0.624,0.92,0.04,0.336,0.416,0.28,0.456
700,,0.524,0.604,0.9,0.02,0.316,0.396,0.26,0.436
701,,0.504,0.584,0.88,0.0,0.296,0.376,0.24,0.416
702,,0.484,0.564,0.86,-0.02,0.276,0.356,0.22,0.396
703,4,0.252,0.544,1.0,0.98,0.468,0.336,-0.012,0.076
704,4,0.02,0.524,1.0,1.0,0.66,0.316,-0.244,-0.244
705,7,0.0,0.292,0.68,0.768,0.64,0.508,0.756,-0.052
706,7,-0.02,0.06,0.36,0.536,0.62,0.7,1.0,0.14
707,1,0.98,0.252,0.34,0.304,0.3,0.468,0.98,0.332
708,1,1.0,0.444,0.32,0.072,-0.02,0.236,0.96,0.524
709,5,0.68,0.212,0.3,0.264,0.98,0.428,0.94,0.292
710,5,0.36,-0.02,0.28,0.456,1.0,0.62,0.92,0.06
711,2,0.552,0.98,0.472,0.436,0.768,0.3,0.688,0.04
712,2,0.744,1.0,0.664,0.416,0.536,-0.02,0.456,0.02
713,6,0.512,0.68,0.432,0.396,0.728,0.98,0.648,0.0
714,6,0.28,0.36,0.2,0.376,0.92,1.0,0.84,-0.02
715,8,0.472,0.34,-0.032,0.056,0.688,0.98,1.0,0.98
716,8,0.664,0.32,-0.264,-0.264,0.456,0.96,1.0,1.0
717,4,0.432,0.3,-0.072,0.736,0.648,0.94,0.768,0.68
718,4,0.2,0.28,0.12,1.0,0.84,0.92,0.536,0.36
719,,0.18,0.26,0.1,0.98,0.82,0.9,0.516,0.34
720,,0.16,0.24,0.08,0.96,0.8,0.88,0.496,0.32
721,,0.14,0.22,0.06,0.94,0.78,0.86,0.476,0.3
722,,0.12,0.2,0.04,0.92,0.76,0.84,0.456,0.28
723,,0.1,0.18,0.02,0.9,0.74,0.82,0.436,0.26
724,,0.08,0.16,0.0,0.88,0.72,0.8,0.416,0.24
725,,0.06,0.14,-0.02,0.86,0.7,0.78,0.396,0.22
726,3,0.04,0.332,0.98,1.0,0.68,0.548,0.076,-0.012
727,3,0.02,0.524,1.0,1.0,0.66,0.316,-0.244,-0.244
728,8,0.212,0.504,0.768,0.68,0.428,0.296,-0.052,0.756
729,8,0.404,0.484,0.536,0.36,0.196,0.276,0.14,1.0
730,,0.384,0.464,0.516,0.34,0.176,0.256,0.12,0.98
731,,0.364,0.444,0.496,0.32,0.156,0.236,0.1,0.96
732,,0.344,0.424,0.476,0.3,0.136,0.216,0.08,0.94
733,,0.324,0.404,0.456,0.28,0.116,0.196,0.06,0.92
734,,0.304,0.384,0.436,0.26,0.096,0.176,0.04,0.9
735,,0.284,0.364,0.416,0.24,0.076,0.156,0.02,0.88
736,,0.264,0.344,0.396,0.22,0.056,0.136,0.0,0.86
737,,0.244,0.324,0.376,0.2,0.036,0.116,-0.02,0.84
738,7,0.224,0.092,0.056,-0.032,0.016,0.308,0.98,1.0
739,7,0.204,-0.14,-0.264,-0.264,-0.004,0.5,1.0,1.0
740,4,-0.028,-0.16,-0.072,0.736,0.188,0.48,0.768,0.68
741,4,-0.26,-0.18,0.12,1.0,0.38,0.46,0.536,0.36
742,1,0.74,0.012,0.1,0.768,0.06,0.228,0.516,0.552
743,1,1.0,0.204,0.08,0.536,-0.26,-0.004,0.496,0.744
744,5,0.68,-0.028,0.06,0.728,0.74,0.188,0.476,0.512
745,5,0.36,-0.26,0.04,0.92,1.0,0.38,0.456,0.28
746,2,0.552,0.74,0.232,0.9,0.768,0.06,0.224,0.26
747,2,0.744,1.0,0.424,0.88,0.536,-0.26,-0.008,0.24
748,6,0.512,0.68,0.192,0.86,0.728,0.74,0.184,0.22
749,6,0.28,0.36,-0.04,0.84,0.92,1.0,0.376,0.2
750,3,0.26,0.552,0.96,1.0,0.9,0.768,0.056,-0.032
751,3,0.24,0.744,1.0,1.0,0.88,0.536,-0.264,-0.264
752,8,0.432,0.724,0.768,0.68,0.648,0.516,-0.072,0.736
753,8,0.624,0.704,0.536,0.36,0.416,0.496,0.12,1.0
754,,0.604,0.684,0.516,0.34,0.396,0.476,0.1,0.98
755,,0.584,0.664,0.496,0.32,0.376,0.456,0.08,0.96
756,,0.564,0.644,0.476,0.3,0.356,0.436,0.06,0.94
757,,0.544,0.624,0.456,0.28,0.336,0.416,0.04,0.92
758,,0.524,0.604,0.436,0.26,0.316,0.396,0.02,0.9
759,,0.504,0.584,0.416,0.24,0.296,0.376,0.0,0.88
760,,0.484,0.564,0.396,0.22,0.276,0.356,-0.02,0.86
761,7,0.464,0.332,0.076,-0.012,0.256,0.548,0.98,1.0
762,7,0.444,0.1,-0.244,-0.244,0.236,0.74,1.0,1.0
763,4,0.212,0.08,-0.052,0.756,0.428,0.72,0.768,0.68
764,4,-0.02,0.06,0.14,1.0,0.62,0.7,0.536,0.36
765,1,0.98,0.252,0.12,0.768,0.3,0.468,0.516,0.552
766,1,1.0,0.444,0.1,0.536,-0.02,0.236,0.496,0.744
767,5,0.68,0.212,0.08,0.728,0.98,0.428,0.476,0.512
768,5,0.36,-0.02,0.06,0.92,1.0,0.62,0.456,0.28
769,2,0.552,0.98,0.252,0.9,0.768,0.3,0.224,0.26
770,2,0.744,1.0,0.444,0.88,0.536,-0.02,-0.008,0.24
771,6,0.512,0.68,0.212,0.86,0.728,0.98,0.184,0.22
772,6,0.28,0.36,-0.02,0.84,0.92,1.0,0.376,0.2
773,3,0.26,0.552,0.98,1.0,0.9,0.768,0.056,-0.032
774,3,0.24,0.744,1.0,1.0,0.88,0.536,-0.264,-0.264
775,8,0.432,0.724,0.768,0.68,0.648,0.516,-0.072,0.736
776,8,0.624,0.704,0.536,0.36,0.416,0.496,0.12,1.0
777,,0.604,0.684,0.516,0.34,0.396,0.476,0.1,0.98
778,,0.584,0.664,0.496,0.32,0.376,0.456,0.08,0.96
779,,0.564,0.644,0.476,0.3,0.356,0.436,0.06,0.94
780,,0.544,0.624,0.456,0.28,0.336,0.416,0.04,0.92
781,,0.524,0.604,0.436,0.26,0.316,0.396,0.02,0.9
782,,0.504,0.584,0.416,0.24,0.296,0.376,0.0,0.88
783,,0.484,0.564,0.396,0.22,0.276,0.356,-0.02,0.86
784,7,0.464,0.332,0.076,-0.012,0.256,0.548,0.98,1.0
785,7,0.444,0.1,-0.244,-0.244,0.236,0.74,1.0,1.0
786,4,0.212,0.08,-0.052,0.756,0.428,0.72,0.768,0.68
787,4,-0.02,0.06,0.14,1.0,0.62,0.7,0.536,0.36
788,1,0.98,0.252,0.12,0.768,0.3,0.468,0.516,0.552
789,1,1.0,0.444,0.1,0.536,-0.02,0.236,0.496,0.744
790,5,0.68,0.212,0.08,0.728,0.98,0.428,0.476,0.512
791,5,0.36,-0.02,0.06,0.92,1.0,0.62,0.456,0.28
792,2,0.552,0.98,0.252,0.9,0.768,0.3,0.224,0.26
793,2,0.744,1.0,0.444,0.88,0.536,-0.02,-0.008,0.24
794,6,0.512,0.68,0.212,0.86,0.728,0.98,0.184,0.22
795,6,0.28,0.36,-0.02,0.84,0.92,1.0,0.376,0.2
796,3,0.26,0.552,0.98,1.0,0.9,0.768,0.056,-0.032
797,3,0.24,0.744,1.0,1.0,0.88,0.536,-0.264,-0.264
798,7,0.22,0.512,0.68,0.768,0.86,0.728,0.736,-0.072
799,7,0.2,0.28,0.36,0.536,0.84,0.92,1.0,0.12
800,,0.18,0.26,0.34,0.516,0.82,0.9,0.98,0.1
801,,0.16,0.24,0.32,0.496,0.8,0.88,0.96,0.08
802,,0.14,0.22,0.3,0.476,0.78,0.86,0.94,0.06
803,,0.12,0.2,0.28,0.456,0.76,0.84,0.92,0.04
804,,0.1,0.18,0.26,0.436,0.74,0.82,0.9,0.02
805,,0.08,0.16,0.24,0.416,0.72,0.8,0.88,0.0
806,,0.06,0.14,0.22,0.396,0.7,0.78,0.86,-0.02
