step,active_motive,motive_1,motive_2,motive_3,motive_4,motive_5,motive_6,motive_7,motive_8
0,,0.43118,0.47476,0.07354,0.46329,0.24606,0.12912,0.22957,0.49002
1,,0.41118,0.45476,0.05354,0.44329,0.22606,0.10912,0.20957,0.47002
2,,0.39118,0.43476,0.03354,0.42329,0.20606,0.08912,0.18957,0.45002
3,,0.37118,0.41476,0.01354,0.40329,0.18606,0.06912,0.16957,0.43002
4,,0.35118,0.39476,-0.00646,0.38329,0.16606,0.04912,0.14957,0.41002
5,3,0.33118,0.58676,0.99354,0.57529,0.14606,-0.18288,-0.17043,0.17802
6,3,0.31118,0.77876,1.0,0.76729,0.12606,-0.41488,-0.49043,-0.05398
7,7,0.29118,0.54676,0.68,0.53529,0.10606,-0.22288,0.50957,0.13802
8,7,0.27118,0.31476,0.36,0.30329,0.08606,-0.03088,1.0,0.33002
9,6,0.03918,-0.00524,0.128,0.28329,0.27806,0.96912,1.0,0.31002
10,6,-0.19282,-0.32524,-0.104,0.26329,0.47006,1.0,1.0,0.29002
11,2,-0.00082,0.67476,0.088,0.24329,0.23806,0.68,0.768,0.27002
12,2,0.19118,1.0,0.28,0.22329,0.00606,0.36,0.536,0.25002
13,,0.17118,0.98,0.26,0.20329,-0.01394,0.34,0.516,0.23002
14,5,-0.14882,0.748,0.24,0.39529,0.98606,0.532,0.496,-0.00198
15,5,-0.46882,0.516,0.22,0.58729,1.0,0.724,0.476,-0.23398
16,1,0.53118,0.708,0.2,0.35529,0.68,0.492,0.456,-0.04198
17,1,1.0,0.9,0.18,0.12329,0.36,0.26,0.436,0.15002
18,,0.98,0.88,0.16,0.10329,0.34,0.24,0.416,0.13002
19,,0.96,0.86,0.14,0.08329,0.32,0.22,0.396,0.11002
20,,0.94,0.84,0.12,0.06329,0.3,0.2,0.376,0.09002
21,,0.92,0.82,0.1,0.04329,0.28,0.18,0.356,0.07002
22,,0.9,0.8,0.08,0.02329,0.26,0.16,0.336,0.05002
23,,0.88,0.78,0.06,0.00329,0.24,0.14,0.316,0.03002
24,,0.86,0.76,0.04,-0.01671,0.22,0.12,0.296,0.01002
25,4,0.628,0.74,0.232,0.98329,0.412,0.1,0.064,-0.30998
26,4,0.396,0.72,0.424,1.0,0.604,0.08,-0.168,-0.62998
27,8,0.588,0.7,0.192,0.68,0.372,0.06,0.024,0.37002
28,8,0.78,0.68,-0.04,0.36,0.14,0.04,0.216,1.0
29,3,0.76,0.872,0.96,0.552,0.12,-0.192,-0.104,0.768
30,3,0.74,1.0,1.0,0.744,0.1,-0.424,-0.424,0.536
31,6,0.508,0.68,0.768,0.724,0.292,0.576,-0.232,0.516
32,6,0.276,0.36,0.536,0.704,0.484,1.0,-0.04,0.496
33,7,0.256,0.128,0.216,0.472,0.464,1.0,0.96,0.688
34,7,0.236,-0.104,-0.104,0.24,0.444,1.0,1.0,0.88
35,3,0.216,0.088,0.896,0.432,0.424,0.768,0.68,0.648
36,3,0.196,0.28,1.0,0.624,0.404,0.536,0.36,0.416
37,,0.176,0.26,0.98,0.604,0.384,0.516,0.34,0.396
38,,0.156,0.24,0.96,0.584,0.364,0.496,0.32,0.376
39,,0.136,0.22,0.94,0.564,0.344,0.476,0.3,0.356
40,,0.116,0.2,0.92,0.544,0.324,0.456,0.28,0.336
41,,0.096,0.18,0.9,0.524,0.304,0.436,0.26,0.316
42,,0.076,0.16,0.88,0.504,0.284,0.416,0.24,0.296
43,,0.056,0.14,0.86,0.484,0.264,0.396,0.22,0.276
44,,0.036,0.12,0.84,0.464,0.244,0.376,0.2,0.256
45,,0.016,0.1,0.82,0.444,0.224,0.356,0.18,0.236
46,,-0.004,0.08,0.8,0.424,0.204,0.336,0.16,0.216
47,1,0.996,0.272,0.78,0.192,-0.116,0.104,0.14,0.408
48,1,1.0,0.464,0.76,-0.04,-0.436,-0.128,0.12,0.6
49,5,0.68,0.232,0.74,0.152,0.564,0.064,0.1,0.368
50,5,0.36,0.0,0.72,0.344,1.0,0.256,0.08,0.136
51,,0.34,-0.02,0.7,0.324,0.98,0.236,0.06,0.116
52,2,0.532,0.98,0.892,0.304,0.748,-0.084,-0.172,0.096
53,2,0.724,1.0,1.0,0.284,0.516,-0.404,-0.404,0.076
54,6,0.492,0.68,0.768,0.264,0.708,0.596,-0.212,0.056
55,6,0.26,0.36,0.536,0.244,0.9,1.0,-0.02,0.036
56,7,0.24,0.128,0.216,0.012,0.88,1.0,0.98,0.228
57,7,0.22,-0.104,-0.104,-0.22,0.86,1.0,1.0,0.42
58,4,-0.012,-0.124,0.088,0.78,1.0,0.98,0.768,0.1
59,4,-0.244,-0.144,0.28,1.0,1.0,0.96,0.536,-0.22
60,1,0.756,0.048,0.26,0.768,0.68,0.728,0.516,-0.028
61,1,1.0,0.24,0.24,0.536,0.36,0.496,0.496,0.164
62,,0.98,0.22,0.22,0.516,0.34,0.476,0.476,0.144
63,,0.96,0.2,0.2,0.496,0.32,0.456,0.456,0.124
64,,0.94,0.18,0.18,0.476,0.3,0.436,0.436,0.104
65,,0.92,0.16,0.16,0.456,0.28,0.416,0.416,0.084
66,,0.9,0.14,0.14,0.436,0.26,0.396,0.396,0.064
67,,0.88,0.12,0.12,0.416,0.24,0.376,0.376,0.044
68,,0.86,0.1,0.1,0.396,0.22,0.356,0.356,0.024
69,,0.84,0.08,0.08,0.376,0.2,0.336,0.336,0.004
70,,0.82,0.06,0.06,0.356,0.18,0.316,0.316,-0.016
71,8,1.0,0.04,-0.172,0.036,-0.052,0.296,0.508,0.984
72,8,1.0,0.02,-0.404,-0.284,-0.284,0.276,0.7,1.0
73,3,0.98,0.212,0.596,-0.092,-0.304,0.044,0.38,0.768
74,3,0.96,0.404,1.0,0.1,-0.324,-0.188,0.06,0.536
75,5,0.64,0.172,0.98,0.292,0.676,0.004,0.04,0.304
76,5,0.32,-0.06,0.96,0.484,1.0,0.196,0.02,0.072
77,2,0.512,0.94,1.0,0.464,0.768,-0.124,-0.212,0.052
78,2,0.704,1.0,1.0,0.444,0.536,-0.444,-0.444,0.032
79,7,0.684,0.768,0.68,0.212,0.516,-0.252,0.556,0.224
80,7,0.664,0.536,0.36,-0.02,0.496,-0.06,1.0,0.416
81,6,0.432,0.216,0.128,-0.04,0.688,0.94,1.0,0.396
82,6,0.2,-0.104,-0.104,-0.06,0.88,1.0,1.0,0.376
83,2,0.392,0.896,0.088,-0.08,0.648,0.68,0.768,0.356
84,2,0.584,1.0,0.28,-0.1,0.416,0.36,0.536,0.336
85,4,0.352,0.98,0.472,0.9,0.608,0.34,0.304,0.016
86,4,0.12,0.96,0.664,1.0,0.8,0.32,0.072,-0.304
87,8,0.312,0.94,0.432,0.68,0.568,0.3,0.264,0.696
88,8,0.504,0.92,0.2,0.36,0.336,0.28,0.456,1.0
89,,0.484,0.9,0.18,0.34,0.316,0.26,0.436,0.98
90,,0.464,0.88,0.16,0.32,0.296,0.24,0.416,0.96
91,,0.444,0.86,0.14,0.3,0.276,0.22,0.396,0.94
92,,0.424,0.84,0.12,0.28,0.256,0.2,0.376,0.92
93,,0.404,0.82,0.1,0.26,0.236,0.18,0.356,0.9
94,,0.384,0.8,0.08,0.24,0.216,0.16,0.336,0.88
95,,0.364,0.78,0.06,0.22,0.196,0.14,0.316,0.86
96,,0.344,0.76,0.04,0.2,0.176,0.12,0.296,0.84
97,,0.324,0.74,0.02,0.18,0.156,0.1,0.276,0.82
98,,0.304,0.72,0.0,0.16,0.136,0.08,0.256,0.8
99,,0.284,0.7,-0.02,0.14,0.116,0.06,0.236,0.78
100,3,0.264,0.892,0.98,0.332,0.096,-0.172,-0.084,0.548
101,3,0.244,1.0,1.0,0.524,0.076,-0.404,-0.404,0.316
102,6,0.012,0.68,0.768,0.504,0.268,0.596,-0.212,0.296
103,6,-0.22,0.36,0.536,0.484,0.46,1.0,-0.02,0.276
104,1,0.78,0.552,0.516,0.252,0.14,0.768,-0.04,0.468
105,1,1.0,0.744,0.496,0.02,-0.18,0.536,-0.06,0.66
106,5,0.68,0.512,0.476,0.212,0.82,0.728,-0.08,0.428
107,5,0.36,0.28,0.456,0.404,1.0,0.92,-0.1,0.196
108,7,0.34,0.048,0.136,0.172,0.98,1.0,0.9,0.388
109,7,0.32,-0.184,-0.184,-0.06,0.96,1.0,1.0,0.58
110,3,0.3,0.008,0.816,0.132,0.94,0.768,0.68,0.348
111,3,0.28,0.2,1.0,0.324,0.92,0.536,0.36,0.116
112,,0.26,0.18,0.98,0.304,0.9,0.516,0.34,0.096
113,,0.24,0.16,0.96,0.284,0.88,0.496,0.32,0.076
114,,0.22,0.14,0.94,0.264,0.86,0.476,0.3,0.056
115,,0.2,0.12,0.92,0.244,0.84,0.456,0.28,0.036
116,,0.18,0.1,0.9,0.224,0.82,0.436,0.26,0.016
117,,0.16,0.08,0.88,0.204,0.8,0.416,0.24,-0.004
118,8,0.352,0.06,0.648,-0.116,0.568,0.396,0.432,0.996
119,8,0.544,0.04,0.416,-0.436,0.336,0.376,0.624,1.0
120,4,0.312,0.02,0.608,0.564,0.528,0.356,0.392,0.68
121,4,0.08,0.0,0.8,1.0,0.72,0.336,0.16,0.36
122,,0.06,-0.02,0.78,0.98,0.7,0.316,0.14,0.34
123,2,0.252,0.98,0.972,0.96,0.468,-0.004,-0.092,0.32
124,2,0.444,1.0,1.0,0.94,0.236,-0.324,-0.324,0.3
125,6,0.212,0.68,0.768,0.92,0.428,0.676,-0.132,0.28
126,6,-0.02,0.36,0.536,0.9,0.62,1.0,0.06,0.26
127,1,0.98,0.552,0.516,0.668,0.3,0.768,0.04,0.452
128,1,1.0,0.744,0.496,0.436,-0.02,0.536,0.02,0.644
129,5,0.68,0.512,0.476,0.628,0.98,0.728,0.0,0.412
130,5,0.36,0.28,0.456,0.82,1.0,0.92,-0.02,0.18
131,7,0.34,0.048,0.136,0.588,0.98,1.0,0.98,0.372
132,7,0.32,-0.184,-0.184,0.356,0.96,1.0,1.0,0.564
133,2,0.512,0.816,0.008,0.336,0.728,0.68,0.768,0.544
134,2,0.704,1.0,0.2,0.316,0.496,0.36,0.536,0.524
135,,0.684,0.98,0.18,0.296,0.476,0.34,0.516,0.504
136,,0.664,0.96,0.16,0.276,0.456,0.32,0.496,0.484
137,,0.644,0.94,0.14,0.256,0.436,0.3,0.476,0.464
138,,0.624,0.92,0.12,0.236,0.416,0.28,0.456,0.444
139,,0.604,0.9,0.1,0.216,0.396,0.26,0.436,0.424
140,,0.584,0.88,0.08,0.196,0.376,0.24,0.416,0.404
141,,0.564,0.86,0.06,0.176,0.356,0.22,0.396,0.384
142,,0.544,0.84,0.04,0.156,0.336,0.2,0.376,0.364
143,,0.524,0.82,0.02,0.136,0.316,0.18,0.356,0.344
144,,0.504,0.8,0.0,0.116,0.296,0.16,0.336,0.324
145,,0.484,0.78,-0.02,0.096,0.276,0.14,0.316,0.304
146,3,0.464,0.972,0.98,0.288,0.256,-0.092,-0.004,0.072
147,3,0.444,1.0,1.0,0.48,0.236,-0.324,-0.324,-0.16
148,6,0.212,0.68,0.768,0.46,0.428,0.676,-0.132,-0.18
149,6,-0.02,0.36,0.536,0.44,0.62,1.0,0.06,-0.2
150,8,0.172,0.34,0.304,0.12,0.388,0.98,0.252,0.8
151,8,0.364,0.32,0.072,-0.2,0.156,0.96,0.444,1.0
152,4,0.132,0.3,0.264,0.8,0.348,0.94,0.212,0.68
153,4,-0.1,0.28,0.456,1.0,0.54,0.92,-0.02,0.36
154,1,0.9,0.472,0.436,0.768,0.22,0.688,-0.04,0.552
155,1,1.0,0.664,0.416,0.536,-0.1,0.456,-0.06,0.744
156,5,0.68,0.432,0.396,0.728,0.9,0.648,-0.08,0.512
157,5,0.36,0.2,0.376,0.92,1.0,0.84,-0.1,0.28
158,7,0.34,-0.032,0.056,0.688,0.98,1.0,0.9,0.472
159,7,0.32,-0.264,-0.264,0.456,0.96,1.0,1.0,0.664
160,2,0.512,0.736,-0.072,0.436,0.728,0.68,0.768,0.644
161,2,0.704,1.0,0.12,0.416,0.496,0.36,0.536,0.624
162,,0.684,0.98,0.1,0.396,0.476,0.34,0.516,0.604
163,,0.664,0.96,0.08,0.376,0.456,0.32,0.496,0.584
164,,0.644,0.94,0.06,0.356,0.436,0.3,0.476,0.564
165,,0.624,0.92,0.04,0.336,0.416,0.28,0.456,0.544
166,,0.604,0.9,0.02,0.316,0.396,0.26,0.436,0.524
167,,0.584,0.88,0.0,0.296,0.376,0.24,0.416,0.504
168,,0.564,0.86,-0.02,0.276,0.356,0.22,0.396,0.484
169,3,0.544,1.0,0.98,0.468,0.336,-0.012,0.076,0.252
170,3,0.524,1.0,1.0,0.66,0.316,-0.244,-0.244,0.02
171,6,0.292,0.68,0.768,0.64,0.508,0.756,-0.052,0.0
172,6,0.06,0.36,0.536,0.62,0.7,1.0,0.14,-0.02
173,8,0.252,0.34,0.304,0.3,0.468,0.98,0.332,0.98
174,8,0.444,0.32,0.072,-0.02,0.236,0.96,0.524,1.0
175,4,0.212,0.3,0.264,0.98,0.428,0.94,0.292,0.68
176,4,-0.02,0.28,0.456,1.0,0.62,0.92,0.06,0.36
177,1,0.98,0.472,0.436,0.768,0.3,0.688,0.04,0.552
178,1,1.0,0.664,0.416,0.536,-0.02,0.456,0.02,0.744
179,5,0.68,0.432,0.396,0.728,0.98,0.648,0.0,0.512
180,5,0.36,0.2,0.376,0.92,1.0,0.84,-0.02,0.28
181,7,0.34,-0.032,0.056,0.688,0.98,1.0,0.98,0.472
182,7,0.32,-0.264,-0.264,0.456,0.96,1.0,1.0,0.664
183,2,0.512,0.736,-0.072,0.436,0.728,0.68,0.768,0.644
184,2,0.704,1.0,0.12,0.416,0.496,0.36,0.536,0.624
185,,0.684,0.98,0.1,0.396,0.476,0.34,0.516,0.604
186,,0.664,0.96,0.08,0.376,0.456,0.32,0.496,0.584
187,,0.644,0.94,0.06,0.356,0.436,0.3,0.476,0.564
188,,0.624,0.92,0.04,0.336,0.416,0.28,0.456,0.544
189,,0.604,0.9,0.02,0.316,0.396,0.26,0.436,0.524
190,,0.584,0.88,0.0,0.296,0.376,0.24,0.416,0.504
191,,0.564,0.86,-0.02,0.276,0.356,0.22,0.396,0.484
192,3,0.544,1.0,0.98,0.468,0.336,-0.012,0.076,0.252
193,3,0.524,1.0,1.0,0.66,0.316,-0.244,-0.244,0.02
194,7,0.504,0.768,0.68,0.428,0.296,-0.052,0.756,0.212
195,7,0.484,0.536,0.36,0.196,0.276,0.14,1.0,0.404
196,,0.464,0.516,0.34,0.176,0.256,0.12,0.98,0.384
197,,0.444,0.496,0.32,0.156,0.236,0.1,0.96,0.364
198,,0.424,0.476,0.3,0.136,0.216,0.08,0.94,0.344
199,,0.404,0.456,0.28,0.116,0.196,0.06,0.92,0.324
200,,0.384,0.436,0.26,0.096,0.176,0.04,0.9,0.304
201,,0.364,0.416,0.24,0.076,0.156,0.02,0.88,0.284
202,,0.344,0.396,0.22,0.056,0.136,0.0,0.86,0.264
203,,0.324,0.376,0.2,0.036,0.116,-0.02,0.84,0.244
204,6,0.092,0.056,-0.032,0.016,0.308,0.98,1.0,0.224
205,6,-0.14,-0.264,-0.264,-0.004,0.5,1.0,1.0,0.204
206,2,0.052,0.736,-0.072,-0.024,0.268,0.68,0.768,0.184
207,2,0.244,1.0,0.12,-0.044,0.036,0.36,0.536,0.164
208,4,0.012,0.98,0.312,0.956,0.228,0.34,0.304,-0.156
209,4,-0.22,0.96,0.504,1.0,0.42,0.32,0.072,-0.476
210,8,-0.028,0.94,0.272,0.68,0.188,0.3,0.264,0.524
211,8,0.164,0.92,0.04,0.36,-0.044,0.28,0.456,1.0
212,5,-0.156,0.688,0.02,0.552,0.956,0.472,0.436,0.768
213,5,-0.476,0.456,0.0,0.744,1.0,0.664,0.416,0.536
214,1,0.524,0.648,-0.02,0.512,0.68,0.432,0.396,0.728
215,1,1.0,0.84,-0.04,0.28,0.36,0.2,0.376,0.92
216,3,0.98,1.0,0.96,0.472,0.34,-0.032,0.056,0.688
217,3,0.96,1.0,1.0,0.664,0.32,-0.264,-0.264,0.456
218,6,0.728,0.68,0.768,0.644,0.512,0.736,-0.072,0.436
219,6,0.496,0.36,0.536,0.624,0.704,1.0,0.12,0.416
220,,0.476,0.34,0.516,0.604,0.684,0.98,0.1,0.396
221,,0.456,0.32,0.496,0.584,0.664,0.96,0.08,0.376
222,,0.436,0.3,0.476,0.564,0.644,0.94,0.06,0.356
223,,0.416,0.28,0.456,0.544,0.624,0.92,0.04,0.336
224,,0.396,0.26,0.436,0.524,0.604,0.9,0.02,0.316
225,,0.376,0.24,0.416,0.504,0.584,0.88,0.0,0.296
226,,0.356,0.22,0.396,0.484,0.564,0.86,-0.02,0.276
227,7,0.336,-0.012,0.076,0.252,0.544,1.0,0.98,0.468
228,7,0.316,-0.244,-0.244,0.02,0.524,1.0,1.0,0.66
229,3,0.296,-0.052,0.756,0.212,0.504,0.768,0.68,0.428
230,3,0.276,0.14,1.0,0.404,0.484,0.536,0.36,0.196
231,,0.256,0.12,0.98,0.384,0.464,0.516,0.34,0.176
232,,0.236,0.1,0.96,0.364,0.444,0.496,0.32,0.156
233,,0.216,0.08,0.94,0.344,0.424,0.476,0.3,0.136
234,,0.196,0.06,0.92,0.324,0.404,0.456,0.28,0.116
235,,0.176,0.04,0.9,0.304,0.384,0.436,0.26,0.096
236,,0.156,0.02,0.88,0.284,0.364,0.416,0.24,0.076
237,,0.136,0.0,0.86,0.264,0.344,0.396,0.22,0.056
238,,0.116,-0.02,0.84,0.244,0.324,0.376,0.2,0.036
239,2,0.308,0.98,1.0,0.224,0.092,0.056,-0.032,0.016
240,2,0.5,1.0,1.0,0.204,-0.14,-0.264,-0.264,-0.004
241,7,0.48,0.768,0.68,-0.028,-0.16,-0.072,0.736,0.188
242,7,0.46,0.536,0.36,-0.26,-0.18,0.12,1.0,0.38
243,4,0.228,0.516,0.552,0.74,0.012,0.1,0.768,0.06
244,4,-0.004,0.496,0.744,1.0,0.204,0.08,0.536,-0.26
245,8,0.188,0.476,0.512,0.68,-0.028,0.06,0.728,0.74
246,8,0.38,0.456,0.28,0.36,-0.26,0.04,0.92,1.0
247,5,0.06,0.224,0.26,0.552,0.74,0.232,0.9,0.768
248,5,-0.26,-0.008,0.24,0.744,1.0,0.424,0.88,0.536
249,1,0.74,0.184,0.22,0.512,0.68,0.192,0.86,0.728
250,1,1.0,0.376,0.2,0.28,0.36,-0.04,0.84,0.92
251,6,0.768,0.056,-0.032,0.26,0.552,0.96,1.0,0.9
252,6,0.536,-0.264,-0.264,0.24,0.744,1.0,1.0,0.88
253,3,0.516,-0.072,0.736,0.432,0.724,0.768,0.68,0.648
254,3,0.496,0.12,1.0,0.624,0.704,0.536,0.36,0.416
255,,0.476,0.1,0.98,0.604,0.684,0.516,0.34,0.396
256,,0.456,0.08,0.96,0.584,0.664,0.496,0.32,0.376
257,,0.436,0.06,0.94,0.564,0.644,0.476,0.3,0.356
258,,0.416,0.04,0.92,0.544,0.624,0.456,0.28,0.336
259,,0.396,0.02,0.9,0.524,0.604,0.436,0.26,0.316
260,,0.376,0.0,0.88,0.504,0.584,0.416,0.24,0.296
261,,0.356,-0.02,0.86,0.484,0.564,0.396,0.22,0.276
262,2,0.548,0.98,1.0,0.464,0.332,0.076,-0.012,0.256
263,2,0.74,1.0,1.0,0.444,0.1,-0.244,-0.244,0.236
264,7,0.72,0.768,0.68,0.212,0.08,-0.052,0.756,0.428
265,7,0.7,0.536,0.36,-0.02,0.06,0.14,1.0,0.62
266,4,0.468,0.516,0.552,0.98,0.252,0.12,0.768,0.3
267,4,0.236,0.496,0.744,1.0,0.444,0.1,0.536,-0.02
268,8,0.428,0.476,0.512,0.68,0.212,0.08,0.728,0.98
269,8,0.62,0.456,0.28,0.36,-0.02,0.06,0.92,1.0
270,5,0.3,0.224,0.26,0.552,0.98,0.252,0.9,0.768
271,5,-0.02,-0.008,0.24,0.744,1.0,0.444,0.88,0.536
272,1,0.98,0.184,0.22,0.512,0.68,0.212,0.86,0.728
273,1,1.0,0.376,0.2,0.28,0.36,-0.02,0.84,0.92
274,6,0.768,0.056,-0.032,0.26,0.552,0.98,1.0,0.9
275,6,0.536,-0.264,-0.264,0.24,0.744,1.0,1.0,0.88
276,3,0.516,-0.072,0.736,0.432,0.724,0.768,0.68,0.648
277,3,0.496,0.12,1.0,0.624,0.704,0.536,0.36,0.416
278,,0.476,0.1,0.98,0.604,0.684,0.516,0.34,0.396
279,,0.456,0.08,0.96,0.584,0.664,0.496,0.32,0.376
280,,0.436,0.06,0.94,0.564,0.644,0.476,0.3,0.356
281,,0.416,0.04,0.92,0.544,0.624,0.456,0.28,0.336
282,,0.396,0.02,0.9,0.524,0.604,0.436,0.26,0.316
283,,0.376,0.0,0.88,0.504,0.584,0.416,0.24,0.296
284,,0.356,-0.02,0.86,0.484,0.564,0.396,0.22,0.276
285,2,0.548,0.98,1.0,0.464,0.332,0.076,-0.012,0.256
286,2,0.74,1.0,1.0,0.444,0.1,-0.244,-0.244,0.236
287,7,0.72,0.768,0.68,0.212,0.08,-0.052,0.756,0.428
288,7,0.7,0.536,0.36,-0.02,0.06,0.14,1.0,0.62
289,4,0.468,0.516,0.552,0.98,0.252,0.12,0.768,0.3
290,4,0.236,0.496,0.744,1.0,0.444,0.1,0.536,-0.02
291,8,0.428,0.476,0.512,0.68,0.212,0.08,0.728,0.98
292,8,0.62,0.456,0.28,0.36,-0.02,0.06,0.92,1.0
293,5,0.3,0.224,0.26,0.552,0.98,0.252,0.9,0.768
294,5,-0.02,-0.008,0.24,0.744,1.0,0.444,0.88,0.536
295,1,0.98,0.184,0.22,0.512,0.68,0.212,0.86,0.728
296,1,1.0,0.376,0.2,0.28,0.36,-0.02,0.84,0.92
297,6,0.768,0.056,-0.032,0.26,0.552,0.98,1.0,0.9
298,6,0.536,-0.264,-0.264,0.24,0.744,1.0,1.0,0.88
299,3,0.516,-0.072,0.736,0.432,0.724,0.768,0.68,0.648
300,3,0.496,0.12,1.0,0.624,0.704,0.536,0.36,0.416
301,,0.476,0.1,0.98,0.604,0.684,0.516,0.34,0.396
302,,0.456,0.08,0.96,0.584,0.664,0.496,0.32,0.376
303,,0.436,0.06,0.94,0.564,0.644,0.476,0.3,0.356
304,,0.416,0.04,0.92,0.544,0.624,0.456,0.28,0.336
305,,0.396,0.02,0.9,0.524,0.604,0.436,0.26,0.316
306,,0.376,0.0,0.88,0.504,0.584,0.416,0.24,0.296
307,,0.356,-0.02,0.86,0.484,0.564,0.396,0.22,0.276
308,2,0.548,0.98,1.0,0.464,0.332,0.076,-0.012,0.256
309,2,0.74,1.0,1.0,0.444,0.1,-0.244,-0.244,0.236
310,6,0.508,0.68,0.768,0.424,0.292,0.756,-0.052,0.216
311,6,0.276,0.36,0.536,0.404,0.484,1.0,0.14,0.196
312,,0.256,0.34,0.516,0.384,0.464,0.98,0.12,0.176
313,,0.236,0.32,0.496,0.364,0.444,0.96,0.1,0.156
314,,0.216,0.3,0.476,0.344,0.424,0.94,0.08,0.136
315,,0.196,0.28,0.456,0.324,0.404,0.92,0.06,0.116
316,,0.176,0.26,0.436,0.304,0.384,0.9,0.04,0.096
317,,0.156,0.24,0.416,0.284,0.364,0.88,0.02,0.076
318,,0.136,0.22,0.396,0.264,0.344,0.86,0.0,0.056
319,,0.116,0.2,0.376,0.244,0.324,0.84,-0.02,0.036
320,7,0.096,-0.032,0.056,0.012,0.304,1.0,0.98,0.228
321,7,0.076,-0.264,-0.264,-0.22,0.284,1.0,1.0,0.42
322,2,0.268,0.736,-0.072,-0.24,0.052,0.68,0.768,0.4
323,2,0.46,1.0,0.12,-0.26,-0.18,0.36,0.536,0.38
324,4,0.228,0.98,0.312,0.74,0.012,0.34,0.304,0.06
325,4,-0.004,0.96,0.504,1.0,0.204,0.32,0.072,-0.26
326,8,0.188,0.94,0.272,0.68,-0.028,0.3,0.264,0.74
327,8,0.38,0.92,0.04,0.36,-0.26,0.28,0.456,1.0
328,5,0.06,0.688,0.02,0.552,0.74,0.472,0.436,0.768
329,5,-0.26,0.456,0.0,0.744,1.0,0.664,0.416,0.536
330,1,0.74,0.648,-0.02,0.512,0.68,0.432,0.396,0.728
331,1,1.0,0.84,-0.04,0.28,0.36,0.2,0.376,0.92
332,3,0.98,1.0,0.96,0.472,0.34,-0.032,0.056,0.688
333,3,0.96,1.0,1.0,0.664,0.32,-0.264,-0.264,0.456
334,7,0.94,0.768,0.68,0.432,0.3,-0.072,0.736,0.648
335,7,0.92,0.536,0.36,0.2,0.28,0.12,1.0,0.84
336,,0.9,0.516,0.34,0.18,0.26,0.1,0.98,0.82
337,,0.88,0.496,0.32,0.16,0.24,0.08,0.96,0.8
338,,0.86,0.476,0.3,0.14,0.22,0.06,0.94,0.78
339,,0.84,0.456,0.28,0.12,0.2,0.04,0.92,0.76
340,,0.82,0.436,0.26,0.1,0.18,0.02,0.9,0.74
341,,0.8,0.416,0.24,0.08,0.16,0.0,0.88,0.72
342,,0.78,0.396,0.22,0.06,0.14,-0.02,0.86,0.7
343,6,0.548,0.076,-0.012,0.04,0.332,0.98,1.0,0.68
344,6,0.316,-0.244,-0.244,0.02,0.524,1.0,1.0,0.66
345,2,0.508,0.756,-0.052,0.0,0.292,0.68,0.768,0.64
346,2,0.7,1.0,0.14,-0.02,0.06,0.36,0.536,0.62
347,4,0.468,0.98,0.332,0.98,0.252,0.34,0.304,0.3
348,4,0.236,0.96,0.524,1.0,0.444,0.32,0.072,-0.02
349,8,0.428,0.94,0.292,0.68,0.212,0.3,0.264,0.98
350,8,0.62,0.92,0.06,0.36,-0.02,0.28,0.456,1.0
351,5,0.3,0.688,0.04,0.552,0.98,0.472,0.436,0.768
352,5,-0.02,0.456,0.02,0.744,1.0,0.664,0.416,0.536
353,1,0.98,0.648,0.0,0.512,0.68,0.432,0.396,0.728
354,1,1.0,0.84,-0.02,0.28,0.36,0.2,0.376,0.92
355,3,0.98,1.0,0.98,0.472,0.34,-0.032,0.056,0.688
356,3,0.96,1.0,1.0,0.664,0.32,-0.264,-0.264,0.456
357,6,0.728,0.68,0.768,0.644,0.512,0.736,-0.072,0.436
358,6,0.496,0.36,0.536,0.624,0.704,1.0,0.12,0.416
359,,0.476,0.34,0.516,0.604,0.684,0.98,0.1,0.396
360,,0.456,0.32,0.496,0.584,0.664,0.96,0.08,0.376
361,,0.436,0.3,0.476,0.564,0.644,0.94,0.06,0.356
362,,0.416,0.28,0.456,0.544,0.624,0.92,0.04,0.336
363,,0.396,0.26,0.436,0.524,0.604,0.9,0.02,0.316
364,,0.376,0.24,0.416,0.504,0.584,0.88,0.0,0.296
365,,0.356,0.22,0.396,0.484,0.564,0.86,-0.02,0.276
366,7,0.336,-0.012,0.076,0.252,0.544,1.0,0.98,0.468
367,7,0.316,-0.244,-0.244,0.02,0.524,1.0,1.0,0.66
368,2,0.508,0.756,-0.052,0.0,0.292,0.68,0.768,0.64
369,2,0.7,1.0,0.14,-0.02,0.06,0.36,0.536,0.62
370,4,0.468,0.98,0.332,0.98,0.252,0.34,0.304,0.3
371,4,0.236,0.96,0.524,1.0,0.444,0.32,0.072,-0.02
372,8,0.428,0.94,0.292,0.68,0.212,0.3,0.264,0.98
373,8,0.62,0.92,0.06,0.36,-0.02,0.28,0.456,1.0
374,5,0.3,0.688,0.04,0.552,0.98,0.472,0.436,0.768
375,5,-0.02,0.456,0.02,0.744,1.0,0.664,0.416,0.536
376,1,0.98,0.648,0.0,0.512,0.68,0.432,0.396,0.728
377,1,1.0,0.84,-0.02,0.28,0.36,0.2,0.376,0.92
378,3,0.98,1.0,0.98,0.472,0.34,-0.032,0.056,0.688
379,3,0.96,1.0,1.0,0.664,0.32,-0.264,-0.264,0.456
380,7,0.94,0.768,0.68,0.432,0.3,-0.072,0.736,0.648
381,7,0.92,0.536,0.36,0.2,0.28,0.12,1.0,0.84
382,,0.9,0.516,0.34,0.18,0.26,0.1,0.98,0.82
383,,0.88,0.496,0.32,0.16,0.24,0.08,0.96,0.8
384,,0.86,0.476,0.3,0.14,0.22,0.06,0.94,0.78
385,,0.84,0.456,0.28,0.12,0.2,0.04,0.92,0.76
386,,0.82,0.436,0.26,0.1,0.18,0.02,0.9,0.74
387,,0.8,0.416,0.24,0.08,0.16,0.0,0.88,0.72
388,,0.78,0.396,0.22,0.06,0.14,-0.02,0.86,0.7
389,6,0.548,0.076,-0.012,0.04,0.332,0.98,1.0,0.68
390,6,0.316,-0.244,-0.244,0.02,0.524,1.0,1.0,0.66
391,3,0.296,-0.052,0.756,0.212,0.504,0.768,0.68,0.428
392,3,0.276,0.14,1.0,0.404,0.484,0.536,0.36,0.196
393,,0.256,0.12,0.98,0.384,0.464,0.516,0.34,0.176
394,,0.236,0.1,0.96,0.364,0.444,0.496,0.32,0.156
395,,0.216,0.08,0.94,0.344,0.424,0.476,0.3,0.136
396,,0.196,0.06,0.92,0.324,0.404,0.456,0.28,0.116
397,,0.176,0.04,0.9,0.304,0.384,0.436,0.26,0.096
398,,0.156,0.02,0.88,0.284,0.364,0.416,0.24,0.076
399,,0.136,0.0,0.86,0.264,0.344,0.396,0.22,0.056
400,,0.116,-0.02,0.84,0.244,0.324,0.376,0.2,0.036
401,2,0.308,0.98,1.0,0.224,0.092,0.056,-0.032,0.016
402,2,0.5,1.0,1.0,0.204,-0.14,-0.264,-0.264,-0.004
403,6,0.268,0.68,0.768,0.184,0.052,0.736,-0.072,-0.024
404,6,0.036,0.36,0.536,0.164,0.244,1.0,0.12,-0.044
405,8,0.228,0.34,0.304,-0.156,0.012,0.98,0.312,0.956
406,8,0.42,0.32,0.072,-0.476,-0.22,0.96,0.504,1.0
407,4,0.188,0.3,0.264,0.524,-0.028,0.94,0.272,0.68
408,4,-0.044,0.28,0.456,1.0,0.164,0.92,0.04,0.36
409,1,0.956,0.472,0.436,0.768,-0.156,0.688,0.02,0.552
410,1,1.0,0.664,0.416,0.536,-0.476,0.456,0.0,0.744
411,5,0.68,0.432,0.396,0.728,0.524,0.648,-0.02,0.512
412,5,0.36,0.2,0.376,0.92,1.0,0.84,-0.04,0.28
413,7,0.34,-0.032,0.056,0.688,0.98,1.0,0.96,0.472
414,7,0.32,-0.264,-0.264,0.456,0.96,1.0,1.0,0.664
415,3,0.3,-0.072,0.736,0.648,0.94,0.768,0.68,0.432
416,3,0.28,0.12,1.0,0.84,0.92,0.536,0.36,0.2
417,,0.26,0.1,0.98,0.82,0.9,0.516,0.34,0.18
418,,0.24,0.08,0.96,0.8,0.88,0.496,0.32,0.16
419,,0.22,0.06,0.94,0.78,0.86,0.476,0.3,0.14
420,,0.2,0.04,0.92,0.76,0.84,0.456,0.28,0.12
421,,0.18,0.02,0.9,0.74,0.82,0.436,0.26,0.1
422,,0.16,0.0,0.88,0.72,0.8,0.416,0.24,0.08
423,,0.14,-0.02,0.86,0.7,0.78,0.396,0.22,0.06
424,2,0.332,0.98,1.0,0.68,0.548,0.076,-0.012,0.04
425,2,0.524,1.0,1.0,0.66,0.316,-0.244,-0.244,0.02
426,6,0.292,0.68,0.768,0.64,0.508,0.756,-0.052,0.0
427,6,0.06,0.36,0.536,0.62,0.7,1.0,0.14,-0.02
428,8,0.252,0.34,0.304,0.3,0.468,0.98,0.332,0.98
429,8,0.444,0.32,0.072,-0.02,0.236,0.96,0.524,1.0
430,4,0.212,0.3,0.264,0.98,0.428,0.94,0.292,0.68
431,4,-0.02,0.28,0.456,1.0,0.62,0.92,0.06,0.36
432,1,0.98,0.472,0.436,0.768,0.3,0.688,0.04,0.552
433,1,1.0,0.664,0.416,0.536,-0.02,0.456,0.02,0.744
434,5,0.68,0.432,0.396,0.728,0.98,0.648,0.0,0.512
435,5,0.36,0.2,0.376,0.92,1.0,0.84,-0.02,0.28
436,7,0.34,-0.032,0.056,0.688,0.98,1.0,0.98,0.472
437,7,0.32,-0.264,-0.264,0.456,0.96,1.0,1.0,0.664
438,2,0.512,0.736,-0.072,0.436,0.728,0.68,0.768,0.644
439,2,0.704,1.0,0.12,0.416,0.496,0.36,0.536,0.624
440,,0.684,0.98,0.1,0.396,0.476,0.34,0.516,0.604
441,,0.664,0.96,0.08,0.376,0.456,0.32,0.496,0.584
442,,0.644,0.94,0.06,0.356,0.436,0.3,0.476,0.564
443,,0.624,0.92,0.04,0.336,0.416,0.28,0.456,0.544
444,,0.604,0.9,0.02,0.316,0.396,0.26,0.436,0.524
445,,0.584,0.88,0.0,0.296,0.376,0.24,0.416,0.504
446,,0.564,0.86,-0.02,0.276,0.356,0.22,0.396,0.484
447,3,0.544,1.0,0.98,0.468,0.336,-0.012,0.076,0.252
448,3,0.524,1.0,1.0,0.66,0.316,-0.244,-0.244,0.02
449,6,0.292,0.68,0.768,0.64,0.508,0.756,-0.052,0.0
450,6,0.06,0.36,0.536,0.62,0.7,1.0,0.14,-0.02
451,8,0.252,0.34,0.304,0.3,0.468,0.98,0.332,0.98
452,8,0.444,0.32,0.072,-0.02,0.236,0.96,0.524,1.0
453,4,0.212,0.3,0.264,0.98,0.428,0.94,0.292,0.68
454,4,-0.02,0.28,0.456,1.0,0.62,0.92,0.06,0.36
455,1,0.98,0.472,0.436,0.768,0.3,0.688,0.04,0.552
456,1,1.0,0.664,0.416,0.536,-0.02,0.456,0.02,0.744
457,5,0.68,0.432,0.396,0.728,0.98,0.648,0.0,0.512
458,5,0.36,0.2,0.376,0.92,1.0,0.84,-0.02,0.28
459,7,0.34,-0.032,0.056,0.688,0.98,1.0,0.98,0.472
460,7,0.32,-0.264,-0.264,0.456,0.96,1.0,1.0,0.664
461,2,0.512,0.736,-0.072,0.436,0.728,0.68,0.768,0.644
462,2,0.704,1.0,0.12,0.416,0.496,0.36,0.536,0.624
463,,0.684,0.98,0.1,0.396,0.476,0.34,0.516,0.604
464,,0.664,0.96,0.08,0.376,0.456,0.32,0.496,0.584
465,,0.644,0.94,0.06,0.356,0.436,0.3,0.476,0.564
466,,0.624,0.92,0.04,0.336,0.416,0.28,0.456,0.544
467,,0.604,0.9,0.02,0.316,0.396,0.26,0.436,0.524
468,,0.584,0.88,0.0,0.296,0.376,0.24,0.416,0.504
469,,0.564,0.86,-0.02,0.276,0.356,0.22,0.396,0.484
470,3,0.544,1.0,0.98,0.468,0.336,-0.012,0.076,0.252
471,3,0.524,1.0,1.0,0.66,0.316,-0.244,-0.244,0.02
472,7,0.504,0.768,0.68,0.428,0.296,-0.052,0.756,0.212
473,7,0.484,0.536,0.36,0.196,0.276,0.14,1.0,0.404
474,,0.464,0.516,0.34,0.176,0.256,0.12,0.98,0.384
475,,0.444,0.496,0.32,0.156,0.236,0.1,0.96,0.364
476,,0.424,0.476,0.3,0.136,0.216,0.08,0.94,0.344
477,,0.404,0.456,0.28,0.116,0.196,0.06,0.92,0.324
478,,0.384,0.436,0.26,0.096,0.176,0.04,0.9,0.304
479,,0.364,0.416,0.24,0.076,0.156,0.02,0.88,0.284
480,,0.344,0.396,0.22,0.056,0.136,0.0,0.86,0.264
481,,0.324,0.376,0.2,0.036,0.116,-0.02,0.84,0.244
482,6,0.092,0.056,-0.032,0.016,0.308,0.98,1.0,0.224
483,6,-0.14,-0.264,-0.264,-0.004,0.5,1.0,1.0,0.204
484,3,-0.16,-0.072,0.736,0.188,0.48,0.768,0.68,-0.028
485,3,-0.18,0.12,1.0,0.38,0.46,0.536,0.36,-0.26
486,8,0.012,0.1,0.768,0.06,0.228,0.516,0.552,0.74
487,8,0.204,0.08,0.536,-0.26,-0.004,0.496,0.744,1.0
488,4,-0.028,0.06,0.728,0.74,0.188,0.476,0.512,0.68
489,4,-0.26,0.04,0.92,1.0,0.38,0.456,0.28,0.36
490,1,0.74,0.232,0.9,0.768,0.06,0.224,0.26,0.552
491,1,1.0,0.424,0.88,0.536,-0.26,-0.008,0.24,0.744
492,5,0.68,0.192,0.86,0.728,0.74,0.184,0.22,0.512
493,5,0.36,-0.04,0.84,0.92,1.0,0.376,0.2,0.28
494,2,0.552,0.96,1.0,0.9,0.768,0.056,-0.032,0.26
495,2,0.744,1.0,1.0,0.88,0.536,-0.264,-0.264,0.24
496,7,0.724,0.768,0.68,0.648,0.516,-0.072,0.736,0.432
497,7,0.704,0.536,0.36,0.416,0.496,0.12,1.0,0.624
498,,0.684,0.516,0.34,0.396,0.476,0.1,0.98,0.604
499,,0.664,0.496,0.32,0.376,0.456,0.08,0.96,0.584
500,,0.644,0.476,0.3,0.356,0.436,0.06,0.94,0.564
501,,0.624,0.456,0.28,0.336,0.416,0.04,0.92,0.544
502,,0.604,0.436,0.26,0.316,0.396,0.02,0.9,0.524
503,,0.584,0.416,0.24,0.296,0.376,0.0,0.88,0.504
504,,0.564,0.396,0.22,0.276,0.356,-0.02,0.86,0.484
505,6,0.332,0.076,-0.012,0.256,0.548,0.98,1.0,0.464
506,6,0.1,-0.244,-0.244,0.236,0.74,1.0,1.0,0.444
507,2,0.292,0.756,-0.052,0.216,0.508,0.68,0.768,0.424
508,2,0.484,1.0,0.14,0.196,0.276,0.36,0.536,0.404
509,,0.464,0.98,0.12,0.176,0.256,0.34,0.516,0.384
510,,0.444,0.96,0.1,0.156,0.236,0.32,0.496,0.364
511,,0.424,0.94,0.08,0.136,0.216,0.3,0.476,0.344
512,,0.404,0.92,0.06,0.116,0.196,0.28,0.456,0.324
513,,0.384,0.9,0.04,0.096,0.176,0.26,0.436,0.304
514,,0.364,0.88,0.02,0.076,0.156,0.24,0.416,0.284
515,,0.344,0.86,0.0,0.056,0.136,0.22,0.396,0.264
516,,0.324,0.84,-0.02,0.036,0.116,0.2,0.376,0.244
517,3,0.304,1.0,0.98,0.228,0.096,-0.032,0.056,0.012
518,3,0.284,1.0,1.0,0.42,0.076,-0.264,-0.264,-0.22
519,7,0.264,0.768,0.68,0.188,0.056,-0.072,0.736,-0.028
520,7,0.244,0.536,0.36,-0.044,0.036,0.12,1.0,0.164
521,4,0.012,0.516,0.552,0.956,0.228,0.1,0.768,-0.156
522,4,-0.22,0.496,0.744,1.0,0.42,0.08,0.536,-0.476
523,8,-0.028,0.476,0.512,0.68,0.188,0.06,0.728,0.524
524,8,0.164,0.456,0.28,0.36,-0.044,0.04,0.92,1.0
525,5,-0.156,0.224,0.26,0.552,0.956,0.232,0.9,0.768
526,5,-0.476,-0.008,0.24,0.744,1.0,0.424,0.88,0.536
527,1,0.524,0.184,0.22,0.512,0.68,0.192,0.86,0.728
528,1,1.0,0.376,0.2,0.28,0.36,-0.04,0.84,0.92
529,6,0.768,0.056,-0.032,0.26,0.552,0.96,1.0,0.9
530,6,0.536,-0.264,-0.264,0.24,0.744,1.0,1.0,0.88
531,2,0.728,0.736,-0.072,0.22,0.512,0.68,0.768,0.86
532,2,0.92,1.0,0.12,0.2,0.28,0.36,0.536,0.84
533,,0.9,0.98,0.1,0.18,0.26,0.34,0.516,0.82
534,,0.88,0.96,0.08,0.16,0.24,0.32,0.496,0.8
535,,0.86,0.94,0.06,0.14,0.22,0.3,0.476,0.78
536,,0.84,0.92,0.04,0.12,0.2,0.28,0.456,0.76
537,,0.82,0.9,0.02,0.1,0.18,0.26,0.436,0.74
538,,0.8,0.88,0.0,0.08,0.16,0.24,0.416,0.72
539,,0.78,0.86,-0.02,0.06,0.14,0.22,0.396,0.7
540,3,0.76,1.0,0.98,0.252,0.12,-0.012,0.076,0.468
541,3,0.74,1.0,1.0,0.444,0.1,-0.244,-0.244,0.236
542,7,0.72,0.768,0.68,0.212,0.08,-0.052,0.756,0.428
543,7,0.7,0.536,0.36,-0.02,0.06,0.14,1.0,0.62
544,4,0.468,0.516,0.552,0.98,0.252,0.12,0.768,0.3
545,4,0.236,0.496,0.744,1.0,0.444,0.1,0.536,-0.02
546,8,0.428,0.476,0.512,0.68,0.212,0.08,0.728,0.98
547,8,0.62,0.456,0.28,0.36,-0.02,0.06,0.92,1.0
548,5,0.3,0.224,0.26,0.552,0.98,0.252,0.9,0.768
549,5,-0.02,-0.008,0.24,0.744,1.0,0.444,0.88,0.536
550,1,0.98,0.184,0.22,0.512,0.68,0.212,0.86,0.728
551,1,1.0,0.376,0.2,0.28,0.36,-0.02,0.84,0.92
552,6,0.768,0.056,-0.032,0.26,0.552,0.98,1.0,0.9
553,6,0.536,-0.264,-0.264,0.24,0.744,1.0,1.0,0.88
554,2,0.728,0.736,-0.072,0.22,0.512,0.68,0.768,0.86
555,2,0.92,1.0,0.12,0.2,0.28,0.36,0.536,0.84
556,,0.9,0.98,0.1,0.18,0.26,0.34,0.516,0.82
557,,0.88,0.96,0.08,0.16,0.24,0.32,0.496,0.8
558,,0.86,0.94,0.06,0.14,0.22,0.3,0.476,0.78
559,,0.84,0.92,0.04,0.12,0.2,0.28,0.456,0.76
560,,0.82,0.9,0.02,0.1,0.18,0.26,0.436,0.74
561,,0.8,0.88,0.0,0.08,0.16,0.24,0.416,0.72
562,,0.78,0.86,-0.02,0.06,0.14,0.22,0.396,0.7
563,3,0.76,1.0,0.98,0.252,0.12,-0.012,0.076,0.468
564,3,0.74,1.0,1.0,0.444,0.1,-0.244,-0.244,0.236
565,6,0.508,0.68,0.768,0.424,0.292,0.756,-0.052,0.216
566,6,0.276,0.36,0.536,0.404,0.484,1.0,0.14,0.196
567,,0.256,0.34,0.516,0.384,0.464,0.98,0.12,0.176
568,,0.236,0.32,0.496,0.364,0.444,0.96,0.1,0.156
569,,0.216,0.3,0.476,0.344,0.424,0.94,0.08,0.136
570,,0.196,0.28,0.456,0.324,0.404,0.92,0.06,0.116
571,,0.176,0.26,0.436,0.304,0.384,0.9,0.04,0.096
572,,0.156,0.24,0.416,0.284,0.364,0.88,0.02,0.076
573,,0.136,0.22,0.396,0.264,0.344,0.86,0.0,0.056
574,,0.116,0.2,0.376,0.244,0.324,0.84,-0.02,0.036
575,7,0.096,-0.032,0.056,0.012,0.304,1.0,0.98,0.228
576,7,0.076,-0.264,-0.264,-0.22,0.284,1.0,1.0,0.42
577,2,0.268,0.736,-0.072,-0.24,0.052,0.68,0.768,0.4
578,2,0.46,1.0,0.12,-0.26,-0.18,0.36,0.536,0.38
579,4,0.228,0.98,0.312,0.74,0.012,0.34,0.304,0.06
580,4,-0.004,0.96,0.504,1.0,0.204,0.32,0.072,-0.26
581,8,0.188,0.94,0.272,0.68,-0.028,0.3,0.264,0.74
582,8,0.38,0.92,0.04,0.36,-0.26,0.28,0.456,1.0
583,5,0.06,0.688,0.02,0.552,0.74,0.472,0.436,0.768
584,5,-0.26,0.456,0.0,0.744,1.0,0.664,0.416,0.536
585,1,0.74,0.648,-0.02,0.512,0.68,0.432,0.396,0.728
586,1,1.0,0.84,-0.04,0.28,0.36,0.2,0.376,0.92
587,3,0.98,1.0,0.96,0.472,0.34,-0.032,0.056,0.688
588,3,0.96,1.0,1.0,0.664,0.32,-0.264,-0.264,0.456
589,7,0.94,0.768,0.68,0.432,0.3,-0.072,0.736,0.648
590,7,0.92,0.536,0.36,0.2,0.28,0.12,1.0,0.84
591,,0.9,0.516,0.34,0.18,0.26,0.1,0.98,0.82
592,,0.88,0.496,0.32,0.16,0.24,0.08,0.96,0.8
593,,0.86,0.476,0.3,0.14,0.22,0.06,0.94,0.78
594,,0.84,0.456,0.28,0.12,0.2,0.04,0.92,0.76
595,,0.82,0.436,0.26,0.1,0.18,0.02,0.9,0.74
596,,0.8,0.416,0.24,0.08,0.16,0.0,0.88,0.72
597,,0.78,0.396,0.22,0.06,0.14,-0.02,0.86,0.7
598,6,0.548,0.076,-0.012,0.04,0.332,0.98,1.0,0.68
599,6,0.316,-0.244,-0.244,0.02,0.524,1.0,1.0,0.66
600,3,0.296,-0.052,0.756,0.212,0.504,0.768,0.68,0.428
601,3,0.276,0.14,1.0,0.404,0.484,0.536,0.36,0.196
602,,0.256,0.12,0.98,0.384,0.464,0.516,0.34,0.176
603,,0.236,0.1,0.96,0.364,0.444,0.496,0.32,0.156
604,,0.216,0.08,0.94,0.344,0.424,0.476,0.3,0.136
605,,0.196,0.06,0.92,0.324,0.404,0.456,0.28,0.116
606,,0.176,0.04,0.9,0.304,0.384,0.436,0.26,0.096
607,,0.156,0.02,0.88,0.284,0.364,0.416,0.24,0.076
608,,0.136,0.0,0.86,0.264,0.344,0.396,0.22,0.056
609,,0.116,-0.02,0.84,0.244,0.324,0.376,0.2,0.036
610,2,0.308,0.98,1.0,0.224,0.092,0.056,-0.032,0.016
611,2,0.5,1.0,1.0,0.204,-0.14,-0.264,-0.264,-0.004
612,7,0.48,0.768,0.68,-0.028,-0.16,-0.072,0.736,0.188
613,7,0.46,0.536,0.36,-0.26,-0.18,0.12,1.0,0.38
614,4,0.228,0.516,0.552,0.74,0.012,0.1,0.768,0.06
615,4,-0.004,0.496,0.744,1.0,0.204,0.08,0.536,-0.26
616,8,0.188,0.476,0.512,0.68,-0.028,0.06,0.728,0.74
617,8,0.38,0.456,0.28,0.36,-0.26,0.04,0.92,1.0
618,5,0.06,0.224,0.26,0.552,0.74,0.232,0.9,0.768
619,5,-0.26,-0.008,0.24,0.744,1.0,0.424,0.88,0.536
620,1,0.74,0.184,0.22,0.512,0.68,0.192,0.86,0.728
621,1,1.0,0.376,0.2,0.28,0.36,-0.04,0.84,0.92
622,6,0.768,0.056,-0.032,0.26,0.552,0.96,1.0,0.9
623,6,0.536,-0.264,-0.264,0.24,0.744,1.0,1.0,0.88
624,3,0.516,-0.072,0.736,0.432,0.724,0.768,0.68,0.648
625,3,0.496,0.12,1.0,0.624,0.704,0.536,0.36,0.416
626,,0.476,0.1,0.98,0.604,0.684,0.516,0.34,0.396
627,,0.456,0.08,0.96,0.584,0.664,0.496,0.32,0.376
628,,0.436,0.06,0.94,0.564,0.644,0.476,0.3,0.356
629,,0.416,0.04,0.92,0.544,0.624,0.456,0.28,0.336
630,,0.396,0.02,0.9,0.524,0.604,0.436,0.26,0.316
631,,0.376,0.0,0.88,0.504,0.584,0.416,0.24,0.296
632,,0.356,-0.02,0.86,0.484,0.564,0.396,0.22,0.276
633,2,0.548,0.98,1.0,0.464,0.332,0.076,-0.012,0.256
634,2,0.74,1.0,1.0,0.444,0.1,-0.244,-0.244,0.236
635,6,0.508,0.68,0.768,0.424,0.292,0.756,-0.052,0.216
636,6,0.276,0.36,0.536,0.404,0.484,1.0,0.14,0.196
637,,0.256,0.34,0.516,0.384,0.464,0.98,0.12,0.176
638,,0.236,0.32,0.496,0.364,0.444,0.96,0.1,0.156
639,,0.216,0.3,0.476,0.344,0.424,0.94,0.08,0.136
640,,0.196,0.28,0.456,0.324,0.404,0.92,0.06,0.116
641,,0.176,0.26,0.436,0.304,0.384,0.9,0.04,0.096
642,,0.156,0.24,0.416,0.284,0.364,0.88,0.02,0.076
643,,0.136,0.22,0.396,0.264,0.344,0.86,0.0,0.056
644,,0.116,0.2,0.376,0.244,0.324,0.84,-0.02,0.036
645,7,0.096,-0.032,0.056,0.012,0.304,1.0,0.98,0.228
646,7,0.076,-0.264,-0.264,-0.22,0.284,1.0,1.0,0.42
647,3,0.056,-0.072,0.736,-0.028,0.264,0.768,0.68,0.188
648,3,0.036,0.12,1.0,0.164,0.244,0.536,0.36,-0.044
649,8,0.228,0.1,0.768,-0.156,0.012,0.516,0.552,0.956
650,8,0.42,0.08,0.536,-0.476,-0.22,0.496,0.744,1.0
651,4,0.188,0.06,0.728,0.524,-0.028,0.476,0.512,0.68
652,4,-0.044,0.04,0.92,1.0,0.164,0.456,0.28,0.36
653,1,0.956,0.232,0.9,0.768,-0.156,0.224,0.26,0.552
654,1,1.0,0.424,0.88,0.536,-0.476,-0.008,0.24,0.744
655,5,0.68,0.192,0.86,0.728,0.524,0.184,0.22,0.512
656,5,0.36,-0.04,0.84,0.92,1.0,0.376,0.2,0.28
657,2,0.552,0.96,1.0,0.9,0.768,0.056,-0.032,0.26
658,2,0.744,1.0,1.0,0.88,0.536,-0.264,-0.264,0.24
659,7,0.724,0.768,0.68,0.648,0.516,-0.072,0.736,0.432
660,7,0.704,0.536,0.36,0.416,0.496,0.12,1.0,0.624
661,,0.684,0.516,0.34,0.396,0.476,0.1,0.98,0.604
662,,0.664,0.496,0.32,0.376,0.456,0.08,0.96,0.584
663,,0.644,0.476,0.3,0.356,0.436,0.06,0.94,0.564
664,,0.624,0.456,0.28,0.336,0.416,0.04,0.92,0.544
665,,0.604,0.436,0.26,0.316,0.396,0.02,0.9,0.524
666,,0.584,0.416,0.24,0.296,0.376,0.0,0.88,0.504
667,,0.564,0.396,0.22,0.276,0.356,-0.02,0.86,0.484
668,6,0.332,0.076,-0.012,0.256,0.548,0.98,1.0,0.464
669,6,0.1,-0.244,-0.244,0.236,0.74,1.0,1.0,0.444
670,2,0.292,0.756,-0.052,0.216,0.508,0.68,0.768,0.424
671,2,0.484,1.0,0.14,0.196,0.276,0.36,0.536,0.404
672,,0.464,0.98,0.12,0.176,0.256,0.34,0.516,0.384
673,,0.444,0.96,0.1,0.156,0.236,0.32,0.496,0.364
674,,0.424,0.94,0.08,0.136,0.216,0.3,0.476,0.344
675,,0.404,0.92,0.06,0.116,0.196,0.28,0.456,0.324
676,,0.384,0.9,0.04,0.096,0.176,0.26,0.436,0.304
677,,0.364,0.88,0.02,0.076,0.156,0.24,0.416,0.284
678,,0.344,0.86,0.0,0.056,0.136,0.22,0.396,0.264
679,,0.324,0.84,-0.02,0.036,0.116,0.2,0.376,0.244
680,3,0.304,1.0,0.98,0.228,0.096,-0.032,0.056,0.012
681,3,0.284,1.0,1.0,0.42,0.076,-0.264,-0.264,-0.22
682,6,0.052,0.68,0.768,0.4,0.268,0.736,-0.072,-0.24
683,6,-0.18,0.36,0.536,0.38,0.46,1.0,0.12,-0.26
684,8,0.012,0.34,0.304,0.06,0.228,0.98,0.312,0.74
685,8,0.204,0.32,0.072,-0.26,-0.004,0.96,0.504,1.0
686,4,-0.028,0.3,0.264,0.74,0.188,0.94,0.272,0.68
687,4,-0.26,0.28,0.456,1.0,0.38,0.92,0.04,0.36
688,1,0.74,0.472,0.436,0.768,0.06,0.688,0.02,0.552
689,1,1.0,0.664,0.416,0.536,-0.26,0.456,0.0,0.744
690,5,0.68,0.432,0.396,0.728,0.74,0.648,-0.02,0.512
691,5,0.36,0.2,0.376,0.92,1.0,0.84,-0.04,0.28
692,7,0.34,-0.032,0.056,0.688,0.98,1.0,0.96,0.472
693,7,0.32,-0.264,-0.264,0.456,0.96,1.0,1.0,0.664
694,2,0.512,0.736,-0.072,0.436,0.728,0.68,0.768,0.644
695,2,0.704,1.0,0.12,0.416,0.496,0.36,0.536,0.624
696,,0.684,0.98,0.1,0.396,0.476,0.34,0.516,0.604
697,,0.664,0.96,0.08,0.376,0.456,0.32,0.496,0.584
698,,0.644,0.94,0.06,0.356,0.436,0.3,0.476,0.564
699,,0.624,0.92,0.04,0.336,0.416,0.28,0.456,0.544
700,,0.604,0.9,0.02,0.316,0.396,0.26,0.436,0.524
701,,0.584,0.88,0.0,0.296,0.376,0.24,0.416,0.504
702,,0.564,0.86,-0.02,0.276,0.356,0.22,0.396,0.484
703,3,0.544,1.0,0.98,0.468,0.336,-0.012,0.076,0.252
704,3,0.524,1.0,1.0,0.66,0.316,-0.244,-0.244,0.02
705,7,0.504,0.768,0.68,0.428,0.296,-0.052,0.756,0.212
706,7,0.484,0.536,0.36,0.196,0.276,0.14,1.0,0.404
707,,0.464,0.516,0.34,0.176,0.256,0.12,0.98,0.384
708,,0.444,0.496,0.32,0.156,0.236,0.1,0.96,0.364
709,,0.424,0.476,0.3,0.136,0.216,0.08,0.94,0.344
710,,0.404,0.456,0.28,0.116,0.196,0.06,0.92,0.324
711,,0.384,0.436,0.26,0.096,0.176,0.04,0.9,0.304
712,,0.364,0.416,0.24,0.076,0.156,0.02,0.88,0.284
713,,0.344,0.396,0.22,0.056,0.136,0.0,0.86,0.264
714,,0.324,0.376,0.2,0.036,0.116,-0.02,0.84,0.244
715,6,0.092,0.056,-0.032,0.016,0.308,0.98,1.0,0.224
716,6,-0.14,-0.264,-0.264,-0.004,0.5,1.0,1.0,0.204
717,2,0.052,0.736,-0.072,-0.024,0.268,0.68,0.768,0.184
718,2,0.244,1.0,0.12,-0.044,0.036,0.36,0.536,0.164
719,4,0.012,0.98,0.312,0.956,0.228,0.34,0.304,-0.156
720,4,-0.22,0.96,0.504,1.0,0.42,0.32,0.072,-0.476
721,8,-0.028,0.94,0.272,0.68,0.188,0.3,0.264,0.524
722,8,0.164,0.92,0.04,0.36,-0.044,0.28,0.456,1.0
723,5,-0.156,0.688,0.02,0.552,0.956,0.472,0.436,0.768
724,5,-0.476,0.456,0.0,0.744,1.0,0.664,0.416,0.536
725,1,0.524,0.648,-0.02,0.512,0.68,0.432,0.396,0.728
726,1,1.0,0.84,-0.04,0.28,0.36,0.2,0.376,0.92
727,3,0.98,1.0,0.96,0.472,0.34,-0.032,0.056,0.688
728,3,0.96,1.0,1.0,0.664,0.32,-0.264,-0.264,0.456
729,6,0.728,0.68,0.768,0.644,0.512,0.736,-0.072,0.436
730,6,0.496,0.36,0.536,0.624,0.704,1.0,0.12,0.416
731,,0.476,0.34,0.516,0.604,0.684,0.98,0.1,0.396
732,,0.456,0.32,0.496,0.584,0.664,0.96,0.08,0.376
733,,0.436,0.3,0.476,0.564,0.644,0.94,0.06,0.356
734,,0.416,0.28,0.456,0.544,0.624,0.92,0.04,0.336
735,,0.396,0.26,0.436,0.524,0.604,0.9,0.02,0.316
736,,0.376,0.24,0.416,0.504,0.584,0.88,0.0,0.296
737,,0.356,0.22,0.396,0.484,0.564,0.86,-0.02,0.276
738,7,0.336,-0.012,0.076,0.252,0.544,1.0,0.98,0.468
739,7,0.316,-0.244,-0.244,0.02,0.524,1.0,1.0,0.66
740,2,0.508,0.756,-0.052,0.0,0.292,0.68,0.768,0.64
741,2,0.7,1.0,0.14,-0.02,0.06,0.36,0.536,0.62
742,4,0.468,0.98,0.332,0.98,0.252,0.34,0.304,0.3
743,4,0.236,0.96,0.524,1.0,0.444,0.32,0.072,-0.02
744,8,0.428,0.94,0.292,0.68,0.212,0.3,0.264,0.98
745,8,0.62,0.92,0.06,0.36,-0.02,0.28,0.456,1.0
746,5,0.3,0.688,0.04,0.552,0.98,0.472,0.436,0.768
747,5,-0.02,0.456,0.02,0.744,1.0,0.664,0.416,0.536
748,1,0.98,0.648,0.0,0.512,0.68,0.432,0.396,0.728
749,1,1.0,0.84,-0.02,0.28,0.36,0.2,0.376,0.92
750,3,0.98,1.0,0.98,0.472,0.34,-0.032,0.056,0.688
751,3,0.96,1.0,1.0,0.664,0.32,-0.264,-0.264,0.456
752,7,0.94,0.768,0.68,0.432,0.3,-0.072,0.736,0.648
753,7,0.92,0.536,0.36,0.2,0.28,0.12,1.0,0.84
754,,0.9,0.516,0.34,0.18,0.26,0.1,0.98,0.82
755,,0.88,0.496,0.32,0.16,0.24,0.08,0.96,0.8
756,,0.86,0.476,0.3,0.14,0.22,0.06,0.94,0.78
757,,0.84,0.456,0.28,0.12,0.2,0.04,0.92,0.76
758,,0.82,0.436,0.26,0.1,0.18,0.02,0.9,0.74
759,,0.8,0.416,0.24,0.08,0.16,0.0,0.88,0.72
760,,0.78,0.396,0.22,0.06,0.14,-0.02,0.86,0.7
761,6,0.548,0.076,-0.012,0.04,0.332,0.98,1.0,0.68
762,6,0.316,-0.244,-0.244,0.02,0.524,1.0,1.0,0.66
763,2,0.508,0.756,-0.052,0.0,0.292,0.68,0.768,0.64
764,2,0.7,1.0,0.14,-0.02,0.06,0.36,0.536,0.62
765,4,0.468,0.98,0.332,0.98,0.252,0.34,0.304,0.3
766,4,0.236,0.96,0.524,1.0,0.444,0.32,0.072,-0.02
767,8,0.428,0.94,0.292,0.68,0.212,0.3,0.264,0.98
768,8,0.62,0.92,0.06,0.36,-0.02,0.28,0.456,1.0
769,5,0.3,0.688,0.04,0.552,0.98,0.472,0.436,0.768
770,5,-0.02,0.456,0.02,0.744,1.0,0.664,0.416,0.536
771,1,0.98,0.648,0.0,0.512,0.68,0.432,0.396,0.728
772,1,1.0,0.84,-0.02,0.28,0.36,0.2,0.376,0.92
773,3,0.98,1.0,0.98,0.472,0.34,-0.032,0.056,0.688
774,3,0.96,1.0,1.0,0.664,0.32,-0.264,-0.264,0.456
775,7,0.94,0.768,0.68,0.432,0.3,-0.072,0.736,0.648
776,7,0.92,0.536,0.36,0.2,0.28,0.12,1.0,0.84
777,,0.9,0.516,0.34,0.18,0.26,0.1,0.98,0.82
778,,0.88,0.496,0.32,0.16,0.24,0.08,0.96,0.8
779,,0.86,0.476,0.3,0.14,0.22,0.06,0.94,0.78
780,,0.84,0.456,0.28,0.12,0.2,0.04,0.92,0.76
781,,0.82,0.436,0.26,0.1,0.18,0.02,0.9,0.74
782,,0.8,0.416,0.24,0.08,0.16,0.0,0.88,0.72
783,,0.78,0.396,0.22,0.06,0.14,-0.02,0.86,0.7
784,6,0.548,0.076,-0.012,0.04,0.332,0.98,1.0,0.68
785,6,0.316,-0.244,-0.244,0.02,0.524,1.0,1.0,0.66
786,3,0.296,-0.052,0.756,0.212,0.504,0.768,0.68,0.428
787,3,0.276,0.14,1.0,0.404,0.484,0.536,0.36,0.196
788,,0.256,0.12,0.98,0.384,0.464,0.516,0.34,0.176
789,,0.236,0.1,0.96,0.364,0.444,0.496,0.32,0.156
790,,0.216,0.08,0.94,0.344,0.424,0.476,0.3,0.136
791,,0.196,0.06,0.92,0.324,0.404,0.456,0.28,0.116
792,,0.176,0.04,0.9,0.304,0.384,0.436,0.26,0.096
793,,0.156,0.02,0.88,0.284,0.364,0.416,0.24,0.076
794,,0.136,0.0,0.86,0.264,0.344,0.396,0.22,0.056
795,,0.116,-0.02,0.84,0.244,0.324,0.376,0.2,0.036
796,2,0.308,0.98,1.0,0.224,0.092,0.056,-0.032,0.016
797,2,0.5,1.0,1.0,0.204,-0.14,-0.264,-0.264,-0.004
798,6,0.268,0.68,0.768,0.184,0.052,0.736,-0.072,-0.024
799,6,0.036,0.36,0.536,0.164,0.244,1.0,0.12,-0.044
800,8,0.228,0.34,0.304,-0.156,0.012,0.98,0.312,0.956
