step,active_motive,motive_1,motive_2,motive_3,motive_4,motive_5,motive_6,motive_7,motive_8
0,,0.2056,0.30139,0.13548,0.06659,0.0381,0.47027,0.20832,0.29058
1,,0.1856,0.28139,0.11548,0.04659,0.0181,0.45027,0.18832,0.27058
2,,0.1656,0.26139,0.09548,0.02659,-0.0019,0.43027,0.16832,0.25058
3,5,-0.1544,0.02939,0.07548,0.21859,0.9981,0.62227,0.14832,0.01858
4,5,-0.4744,-0.20261,0.05548,0.41059,1.0,0.81427,0.12832,-0.21342
5,1,0.5256,-0.01061,0.03548,0.17859,0.68,0.58227,0.10832,-0.02142
6,1,1.0,0.18139,0.01548,-0.05341,0.36,0.35027,0.08832,0.17058
7,4,0.768,0.16139,0.20748,0.94659,0.552,0.33027,-0.14368,-0.14942
8,4,0.536,0.14139,0.39948,1.0,0.744,0.31027,-0.37568,-0.46942
9,8,0.728,0.12139,0.16748,0.68,0.512,0.29027,-0.18368,0.53058
10,8,0.92,0.10139,-0.06452,0.36,0.28,0.27027,0.00832,1.0
11,3,0.9,0.29339,0.93548,0.552,0.26,0.03827,-0.31168,0.768
12,3,0.88,0.48539,1.0,0.744,0.24,-0.19373,-0.63168,0.536
13,7,0.86,0.25339,0.68,0.512,0.22,-0.00173,0.36832,0.728
14,7,0.84,0.02139,0.36,0.28,0.2,0.19027,1.0,0.92
15,,0.82,0.00139,0.34,0.26,0.18,0.17027,0.98,0.9
16,,0.8,-0.01861,0.32,0.24,0.16,0.15027,0.96,0.88
17,2,0.992,0.98139,0.512,0.22,-0.072,-0.16973,0.728,0.86
18,2,1.0,1.0,0.704,0.2,-0.304,-0.48973,0.496,0.84
19,6,0.768,0.68,0.472,0.18,-0.112,0.51027,0.688,0.82
20,6,0.536,0.36,0.24,0.16,0.08,1.0,0.88,0.8
21,,0.516,0.34,0.22,0.14,0.06,0.98,0.86,0.78
22,,0.496,0.32,0.2,0.12,0.04,0.96,0.84,0.76
23,,0.476,0.3,0.18,0.1,0.02,0.94,0.82,0.74
24,,0.456,0.28,0.16,0.08,0.0,0.92,0.8,0.72
25,,0.436,0.26,0.14,0.06,-0.02,0.9,0.78,0.7
26,5,0.116,0.028,0.12,0.252,0.98,1.0,0.76,0.468
27,5,-0.204,-0.204,0.1,0.444,1.0,1.0,0.74,0.236
28,1,0.796,-0.012,0.08,0.212,0.68,0.768,0.72,0.428
29,1,1.0,0.18,0.06,-0.02,0.36,0.536,0.7,0.62
30,4,0.768,0.16,0.252,0.98,0.552,0.516,0.468,0.3
31,4,0.536,0.14,0.444,1.0,0.744,0.496,0.236,-0.02
32,8,0.728,0.12,0.212,0.68,0.512,0.476,0.428,0.98
33,8,0.92,0.1,-0.02,0.36,0.28,0.456,0.62,1.0
34,3,0.9,0.292,0.98,0.552,0.26,0.224,0.3,0.768
35,3,0.88,0.484,1.0,0.744,0.24,-0.008,-0.02,0.536
36,7,0.86,0.252,0.68,0.512,0.22,0.184,0.98,0.728
37,7,0.84,0.02,0.36,0.28,0.2,0.376,1.0,0.92
38,,0.82,0.0,0.34,0.26,0.18,0.356,0.98,0.9
39,,0.8,-0.02,0.32,0.24,0.16,0.336,0.96,0.88
40,2,0.992,0.98,0.512,0.22,-0.072,0.016,0.728,0.86
41,2,1.0,1.0,0.704,0.2,-0.304,-0.304,0.496,0.84
42,6,0.768,0.68,0.472,0.18,-0.112,0.696,0.688,0.82
43,6,0.536,0.36,0.24,0.16,0.08,1.0,0.88,0.8
44,,0.516,0.34,0.22,0.14,0.06,0.98,0.86,0.78
45,,0.496,0.32,0.2,0.12,0.04,0.96,0.84,0.76
46,,0.476,0.3,0.18,0.1,0.02,0.94,0.82,0.74
47,,0.456,0.28,0.16,0.08,0.0,0.92,0.8,0.72
48,,0.436,0.26,0.14,0.06,-0.02,0.9,0.78,0.7
49,5,0.116,0.028,0.12,0.252,0.98,1.0,0.76,0.468
50,5,-0.204,-0.204,0.1,0.444,1.0,1.0,0.74,0.236
51,2,-0.012,0.796,0.292,0.424,0.768,0.68,0.508,0.216
52,2,0.18,1.0,0.484,0.404,0.536,0.36,0.276,0.196
53,,0.16,0.98,0.464,0.384,0.516,0.34,0.256,0.176
54,,0.14,0.96,0.444,0.364,0.496,0.32,0.236,0.156
55,,0.12,0.94,0.424,0.344,0.476,0.3,0.216,0.136
56,,0.1,0.92,0.404,0.324,0.456,0.28,0.196,0.116
57,,0.08,0.9,0.384,0.304,0.436,0.26,0.176,0.096
58,,0.06,0.88,0.364,0.284,0.416,0.24,0.156,0.076
59,,0.04,0.86,0.344,0.264,0.396,0.22,0.136,0.056
60,,0.02,0.84,0.324,0.244,0.376,0.2,0.116,0.036
61,,0.0,0.82,0.304,0.224,0.356,0.18,0.096,0.016
62,,-0.02,0.8,0.284,0.204,0.336,0.16,0.076,-0.004
63,1,0.98,0.992,0.264,-0.028,0.016,-0.072,0.056,0.188
64,1,1.0,1.0,0.244,-0.26,-0.304,-0.304,0.036,0.38
65,6,0.768,0.68,0.012,-0.28,-0.112,0.696,0.228,0.36
66,6,0.536,0.36,-0.22,-0.3,0.08,1.0,0.42,0.34
67,4,0.304,0.34,-0.028,0.7,0.272,0.98,0.188,0.02
68,4,0.072,0.32,0.164,1.0,0.464,0.96,-0.044,-0.3
69,8,0.264,0.3,-0.068,0.68,0.232,0.94,0.148,0.7
70,8,0.456,0.28,-0.3,0.36,0.0,0.92,0.34,1.0
71,3,0.436,0.472,0.7,0.552,-0.02,0.688,0.02,0.768
72,3,0.416,0.664,1.0,0.744,-0.04,0.456,-0.3,0.536
73,7,0.396,0.432,0.68,0.512,-0.06,0.648,0.7,0.728
74,7,0.376,0.2,0.36,0.28,-0.08,0.84,1.0,0.92
75,5,0.056,-0.032,0.34,0.472,0.92,1.0,0.98,0.688
76,5,-0.264,-0.264,0.32,0.664,1.0,1.0,0.96,0.456
77,2,-0.072,0.736,0.512,0.644,0.768,0.68,0.728,0.436
78,2,0.12,1.0,0.704,0.624,0.536,0.36,0.496,0.416
79,,0.1,0.98,0.684,0.604,0.516,0.34,0.476,0.396
80,,0.08,0.96,0.664,0.584,0.496,0.32,0.456,0.376
81,,0.06,0.94,0.644,0.564,0.476,0.3,0.436,0.356
82,,0.04,0.92,0.624,0.544,0.456,0.28,0.416,0.336
83,,0.02,0.9,0.604,0.524,0.436,0.26,0.396,0.316
84,,0.0,0.88,0.584,0.504,0.416,0.24,0.376,0.296
85,,-0.02,0.86,0.564,0.484,0.396,0.22,0.356,0.276
86,1,0.98,1.0,0.544,0.252,0.076,-0.012,0.336,0.468
87,1,1.0,1.0,0.524,0.02,-0.244,-0.244,0.316,0.66
88,6,0.768,0.68,0.292,0.0,-0.052,0.756,0.508,0.64
89,6,0.536,0.36,0.06,-0.02,0.14,1.0,0.7,0.62
90,4,0.304,0.34,0.252,0.98,0.332,0.98,0.468,0.3
91,4,0.072,0.32,0.444,1.0,0.524,0.96,0.236,-0.02
92,8,0.264,0.3,0.212,0.68,0.292,0.94,0.428,0.98
93,8,0.456,0.28,-0.02,0.36,0.06,0.92,0.62,1.0
94,3,0.436,0.472,0.98,0.552,0.04,0.688,0.3,0.768
95,3,0.416,0.664,1.0,0.744,0.02,0.456,-0.02,0.536
96,7,0.396,0.432,0.68,0.512,0.0,0.648,0.98,0.728
97,7,0.376,0.2,0.36,0.28,-0.02,0.84,1.0,0.92
98,5,0.056,-0.032,0.34,0.472,0.98,1.0,0.98,0.688
99,5,-0.264,-0.264,0.32,0.664,1.0,1.0,0.96,0.456
100,1,0.736,-0.072,0.3,0.432,0.68,0.768,0.94,0.648
101,1,1.0,0.12,0.28,0.2,0.36,0.536,0.92,0.84
102,,0.98,0.1,0.26,0.18,0.34,0.516,0.9,0.82
103,,0.96,0.08,0.24,0.16,0.32,0.496,0.88,0.8
104,,0.94,0.06,0.22,0.14,0.3,0.476,0.86,0.78
105,,0.92,0.04,0.2,0.12,0.28,0.456,0.84,0.76
106,,0.9,0.02,0.18,0.1,0.26,0.436,0.82,0.74
107,,0.88,0.0,0.16,0.08,0.24,0.416,0.8,0.72
108,,0.86,-0.02,0.14,0.06,0.22,0.396,0.78,0.7
109,2,1.0,0.98,0.332,0.04,-0.012,0.076,0.548,0.68
110,2,1.0,1.0,0.524,0.02,-0.244,-0.244,0.316,0.66
111,5,0.68,0.768,0.504,0.212,0.756,-0.052,0.296,0.428
112,5,0.36,0.536,0.484,0.404,1.0,0.14,0.276,0.196
113,,0.34,0.516,0.464,0.384,0.98,0.12,0.256,0.176
114,,0.32,0.496,0.444,0.364,0.96,0.1,0.236,0.156
115,,0.3,0.476,0.424,0.344,0.94,0.08,0.216,0.136
116,,0.28,0.456,0.404,0.324,0.92,0.06,0.196,0.116
117,,0.26,0.436,0.384,0.304,0.9,0.04,0.176,0.096
118,,0.24,0.416,0.364,0.284,0.88,0.02,0.156,0.076
119,,0.22,0.396,0.344,0.264,0.86,0.0,0.136,0.056
120,,0.2,0.376,0.324,0.244,0.84,-0.02,0.116,0.036
121,6,-0.032,0.056,0.092,0.224,1.0,0.98,0.308,0.016
122,6,-0.264,-0.264,-0.14,0.204,1.0,1.0,0.5,-0.004
123,1,0.736,-0.072,-0.16,-0.028,0.68,0.768,0.48,0.188
124,1,1.0,0.12,-0.18,-0.26,0.36,0.536,0.46,0.38
125,4,0.768,0.1,0.012,0.74,0.552,0.516,0.228,0.06
126,4,0.536,0.08,0.204,1.0,0.744,0.496,-0.004,-0.26
127,8,0.728,0.06,-0.028,0.68,0.512,0.476,0.188,0.74
128,8,0.92,0.04,-0.26,0.36,0.28,0.456,0.38,1.0
129,3,0.9,0.232,0.74,0.552,0.26,0.224,0.06,0.768
130,3,0.88,0.424,1.0,0.744,0.24,-0.008,-0.26,0.536
131,7,0.86,0.192,0.68,0.512,0.22,0.184,0.74,0.728
132,7,0.84,-0.04,0.36,0.28,0.2,0.376,1.0,0.92
133,2,1.0,0.96,0.552,0.26,-0.032,0.056,0.768,0.9
134,2,1.0,1.0,0.744,0.24,-0.264,-0.264,0.536,0.88
135,5,0.68,0.768,0.724,0.432,0.736,-0.072,0.516,0.648
136,5,0.36,0.536,0.704,0.624,1.0,0.12,0.496,0.416
137,,0.34,0.516,0.684,0.604,0.98,0.1,0.476,0.396
138,,0.32,0.496,0.664,0.584,0.96,0.08,0.456,0.376
139,,0.3,0.476,0.644,0.564,0.94,0.06,0.436,0.356
140,,0.28,0.456,0.624,0.544,0.92,0.04,0.416,0.336
141,,0.26,0.436,0.604,0.524,0.9,0.02,0.396,0.316
142,,0.24,0.416,0.584,0.504,0.88,0.0,0.376,0.296
143,,0.22,0.396,0.564,0.484,0.86,-0.02,0.356,0.276
144,6,-0.012,0.076,0.332,0.464,1.0,0.98,0.548,0.256
145,6,-0.244,-0.244,0.1,0.444,1.0,1.0,0.74,0.236
146,2,-0.052,0.756,0.292,0.424,0.768,0.68,0.508,0.216
147,2,0.14,1.0,0.484,0.404,0.536,0.36,0.276,0.196
148,,0.12,0.98,0.464,0.384,0.516,0.34,0.256,0.176
149,,0.1,0.96,0.444,0.364,0.496,0.32,0.236,0.156
150,,0.08,0.94,0.424,0.344,0.476,0.3,0.216,0.136
151,,0.06,0.92,0.404,0.324,0.456,0.28,0.196,0.116
152,,0.04,0.9,0.384,0.304,0.436,0.26,0.176,0.096
153,,0.02,0.88,0.364,0.284,0.416,0.24,0.156,0.076
154,,0.0,0.86,0.344,0.264,0.396,0.22,0.136,0.056
155,,-0.02,0.84,0.324,0.244,0.376,0.2,0.116,0.036
156,1,0.98,1.0,0.304,0.012,0.056,-0.032,0.096,0.228
157,1,1.0,1.0,0.284,-0.22,-0.264,-0.264,0.076,0.42
158,5,0.68,0.768,0.264,-0.028,0.736,-0.072,0.056,0.188
159,5,0.36,0.536,0.244,0.164,1.0,0.12,0.036,-0.044
160,8,0.552,0.516,0.012,-0.156,0.768,0.1,0.228,0.956
161,8,0.744,0.496,-0.22,-0.476,0.536,0.08,0.42,1.0
162,4,0.512,0.476,-0.028,0.524,0.728,0.06,0.188,0.68
163,4,0.28,0.456,0.164,1.0,0.92,0.04,-0.044,0.36
164,7,0.26,0.224,-0.156,0.768,0.9,0.232,0.956,0.552
165,7,0.24,-0.008,-0.476,0.536,0.88,0.424,1.0,0.744
166,3,0.22,0.184,0.524,0.728,0.86,0.192,0.68,0.512
167,3,0.2,0.376,1.0,0.92,0.84,-0.04,0.36,0.28
168,6,-0.032,0.056,0.768,0.9,1.0,0.96,0.552,0.26
169,6,-0.264,-0.264,0.536,0.88,1.0,1.0,0.744,0.24
170,2,-0.072,0.736,0.728,0.86,0.768,0.68,0.512,0.22
171,2,0.12,1.0,0.92,0.84,0.536,0.36,0.28,0.2
172,,0.1,0.98,0.9,0.82,0.516,0.34,0.26,0.18
173,,0.08,0.96,0.88,0.8,0.496,0.32,0.24,0.16
174,,0.06,0.94,0.86,0.78,0.476,0.3,0.22,0.14
175,,0.04,0.92,0.84,0.76,0.456,0.28,0.2,0.12
176,,0.02,0.9,0.82,0.74,0.436,0.26,0.18,0.1
177,,0.0,0.88,0.8,0.72,0.416,0.24,0.16,0.08
178,,-0.02,0.86,0.78,0.7,0.396,0.22,0.14,0.06
179,1,0.98,1.0,0.76,0.468,0.076,-0.012,0.12,0.252
180,1,1.0,1.0,0.74,0.236,-0.244,-0.244,0.1,0.444
181,5,0.68,0.768,0.72,0.428,0.756,-0.052,0.08,0.212
182,5,0.36,0.536,0.7,0.62,1.0,0.14,0.06,-0.02
183,8,0.552,0.516,0.468,0.3,0.768,0.12,0.252,0.98
184,8,0.744,0.496,0.236,-0.02,0.536,0.1,0.444,1.0
185,4,0.512,0.476,0.428,0.98,0.728,0.08,0.212,0.68
186,4,0.28,0.456,0.62,1.0,0.92,0.06,-0.02,0.36
187,7,0.26,0.224,0.3,0.768,0.9,0.252,0.98,0.552
188,7,0.24,-0.008,-0.02,0.536,0.88,0.444,1.0,0.744
189,3,0.22,0.184,0.98,0.728,0.86,0.212,0.68,0.512
190,3,0.2,0.376,1.0,0.92,0.84,-0.02,0.36,0.28
191,6,-0.032,0.056,0.768,0.9,1.0,0.98,0.552,0.26
192,6,-0.264,-0.264,0.536,0.88,1.0,1.0,0.744,0.24
193,2,-0.072,0.736,0.728,0.86,0.768,0.68,0.512,0.22
194,2,0.12,1.0,0.92,0.84,0.536,0.36,0.28,0.2
195,,0.1,0.98,0.9,0.82,0.516,0.34,0.26,0.18
196,,0.08,0.96,0.88,0.8,0.496,0.32,0.24,0.16
197,,0.06,0.94,0.86,0.78,0.476,0.3,0.22,0.14
198,,0.04,0.92,0.84,0.76,0.456,0.28,0.2,0.12
199,,0.02,0.9,0.82,0.74,0.436,0.26,0.18,0.1
200,,0.0,0.88,0.8,0.72,0.416,0.24,0.16,0.08
201,,-0.02,0.86,0.78,0.7,0.396,0.22,0.14,0.06
202,1,0.98,1.0,0.76,0.468,0.076,-0.012,0.12,0.252
203,1,1.0,1.0,0.74,0.236,-0.244,-0.244,0.1,0.444
204,6,0.768,0.68,0.508,0.216,-0.052,0.756,0.292,0.424
205,6,0.536,0.36,0.276,0.196,0.14,1.0,0.484,0.404
206,,0.516,0.34,0.256,0.176,0.12,0.98,0.464,0.384
207,,0.496,0.32,0.236,0.156,0.1,0.96,0.444,0.364
208,,0.476,0.3,0.216,0.136,0.08,0.94,0.424,0.344
209,,0.456,0.28,0.196,0.116,0.06,0.92,0.404,0.324
210,,0.436,0.26,0.176,0.096,0.04,0.9,0.384,0.304
211,,0.416,0.24,0.156,0.076,0.02,0.88,0.364,0.284
212,,0.396,0.22,0.136,0.056,0.0,0.86,0.344,0.264
213,,0.376,0.2,0.116,0.036,-0.02,0.84,0.324,0.244
214,5,0.056,-0.032,0.096,0.228,0.98,1.0,0.304,0.012
215,5,-0.264,-0.264,0.076,0.42,1.0,1.0,0.284,-0.22
216,1,0.736,-0.072,0.056,0.188,0.68,0.768,0.264,-0.028
217,1,1.0,0.12,0.036,-0.044,0.36,0.536,0.244,0.164
218,4,0.768,0.1,0.228,0.956,0.552,0.516,0.012,-0.156
219,4,0.536,0.08,0.42,1.0,0.744,0.496,-0.22,-0.476
220,8,0.728,0.06,0.188,0.68,0.512,0.476,-0.028,0.524
221,8,0.92,0.04,-0.044,0.36,0.28,0.456,0.164,1.0
222,3,0.9,0.232,0.956,0.552,0.26,0.224,-0.156,0.768
223,3,0.88,0.424,1.0,0.744,0.24,-0.008,-0.476,0.536
224,7,0.86,0.192,0.68,0.512,0.22,0.184,0.524,0.728
225,7,0.84,-0.04,0.36,0.28,0.2,0.376,1.0,0.92
226,2,1.0,0.96,0.552,0.26,-0.032,0.056,0.768,0.9
227,2,1.0,1.0,0.744,0.24,-0.264,-0.264,0.536,0.88
228,5,0.68,0.768,0.724,0.432,0.736,-0.072,0.516,0.648
229,5,0.36,0.536,0.704,0.624,1.0,0.12,0.496,0.416
230,,0.34,0.516,0.684,0.604,0.98,0.1,0.476,0.396
231,,0.32,0.496,0.664,0.584,0.96,0.08,0.456,0.376
232,,0.3,0.476,0.644,0.564,0.94,0.06,0.436,0.356
233,,0.28,0.456,0.624,0.544,0.92,0.04,0.416,0.336
234,,0.26,0.436,0.604,0.524,0.9,0.02,0.396,0.316
235,,0.24,0.416,0.584,0.504,0.88,0.0,0.376,0.296
236,,0.22,0.396,0.564,0.484,0.86,-0.02,0.356,0.276
237,6,-0.012,0.076,0.332,0.464,1.0,0.98,0.548,0.256
238,6,-0.244,-0.244,0.1,0.444,1.0,1.0,0.74,0.236
239,1,0.756,-0.052,0.08,0.212,0.68,0.768,0.72,0.428
240,1,1.0,0.14,0.06,-0.02,0.36,0.536,0.7,0.62
241,4,0.768,0.12,0.252,0.98,0.552,0.516,0.468,0.3
242,4,0.536,0.1,0.444,1.0,0.744,0.496,0.236,-0.02
243,8,0.728,0.08,0.212,0.68,0.512,0.476,0.428,0.98
244,8,0.92,0.06,-0.02,0.36,0.28,0.456,0.62,1.0
245,3,0.9,0.252,0.98,0.552,0.26,0.224,0.3,0.768
246,3,0.88,0.444,1.0,0.744,0.24,-0.008,-0.02,0.536
247,7,0.86,0.212,0.68,0.512,0.22,0.184,0.98,0.728
248,7,0.84,-0.02,0.36,0.28,0.2,0.376,1.0,0.92
249,2,1.0,0.98,0.552,0.26,-0.032,0.056,0.768,0.9
250,2,1.0,1.0,0.744,0.24,-0.264,-0.264,0.536,0.88
251,5,0.68,0.768,0.724,0.432,0.736,-0.072,0.516,0.648
252,5,0.36,0.536,0.704,0.624,1.0,0.12,0.496,0.416
253,,0.34,0.516,0.684,0.604,0.98,0.1,0.476,0.396
254,,0.32,0.496,0.664,0.584,0.96,0.08,0.456,0.376
255,,0.3,0.476,0.644,0.564,0.94,0.06,0.436,0.356
256,,0.28,0.456,0.624,0.544,0.92,0.04,0.416,0.336
257,,0.26,0.436,0.604,0.524,0.9,0.02,0.396,0.316
258,,0.24,0.416,0.584,0.504,0.88,0.0,0.376,0.296
259,,0.22,0.396,0.564,0.484,0.86,-0.02,0.356,0.276
260,6,-0.012,0.076,0.332,0.464,1.0,0.98,0.548,0.256
261,6,-0.244,-0.244,0.1,0.444,1.0,1.0,0.74,0.236
262,2,-0.052,0.756,0.292,0.424,0.768,0.68,0.508,0.216
263,2,0.14,1.0,0.484,0.404,0.536,0.36,0.276,0.196
264,,0.12,0.98,0.464,0.384,0.516,0.34,0.256,0.176
265,,0.1,0.96,0.444,0.364,0.496,0.32,0.236,0.156
266,,0.08,0.94,0.424,0.344,0.476,0.3,0.216,0.136
267,,0.06,0.92,0.404,0.324,0.456,0.28,0.196,0.116
268,,0.04,0.9,0.384,0.304,0.436,0.26,0.176,0.096
269,,0.02,0.88,0.364,0.284,0.416,0.24,0.156,0.076
270,,0.0,0.86,0.344,0.264,0.396,0.22,0.136,0.056
271,,-0.02,0.84,0.324,0.244,0.376,0.2,0.116,0.036
272,1,0.98,1.0,0.304,0.012,0.056,-0.032,0.096,0.228
273,1,1.0,1.0,0.284,-0.22,-0.264,-0.264,0.076,0.42
274,5,0.68,0.768,0.264,-0.028,0.736,-0.072,0.056,0.188
275,5,0.36,0.536,0.244,0.164,1.0,0.12,0.036,-0.044
276,8,0.552,0.516,0.012,-0.156,0.768,0.1,0.228,0.956
277,8,0.744,0.496,-0.22,-0.476,0.536,0.08,0.42,1.0
278,4,0.512,0.476,-0.028,0.524,0.728,0.06,0.188,0.68
279,4,0.28,0.456,0.164,1.0,0.92,0.04,-0.044,0.36
280,7,0.26,0.224,-0.156,0.768,0.9,0.232,0.956,0.552
281,7,0.24,-0.008,-0.476,0.536,0.88,0.424,1.0,0.744
282,3,0.22,0.184,0.524,0.728,0.86,0.192,0.68,0.512
283,3,0.2,0.376,1.0,0.92,0.84,-0.04,0.36,0.28
284,6,-0.032,0.056,0.768,0.9,1.0,0.96,0.552,0.26
285,6,-0.264,-0.264,0.536,0.88,1.0,1.0,0.744,0.24
286,1,0.736,-0.072,0.516,0.648,0.68,0.768,0.724,0.432
287,1,1.0,0.12,0.496,0.416,0.36,0.536,0.704,0.624
288,,0.98,0.1,0.476,0.396,0.34,0.516,0.684,0.604
289,,0.96,0.08,0.456,0.376,0.32,0.496,0.664,0.584
290,,0.94,0.06,0.436,0.356,0.3,0.476,0.644,0.564
291,,0.92,0.04,0.416,0.336,0.28,0.456,0.624,0.544
292,,0.9,0.02,0.396,0.316,0.26,0.436,0.604,0.524
293,,0.88,0.0,0.376,0.296,0.24,0.416,0.584,0.504
294,,0.86,-0.02,0.356,0.276,0.22,0.396,0.564,0.484
295,2,1.0,0.98,0.548,0.256,-0.012,0.076,0.332,0.464
296,2,1.0,1.0,0.74,0.236,-0.244,-0.244,0.1,0.444
297,6,0.768,0.68,0.508,0.216,-0.052,0.756,0.292,0.424
298,6,0.536,0.36,0.276,0.196,0.14,1.0,0.484,0.404
299,,0.516,0.34,0.256,0.176,0.12,0.98,0.464,0.384
300,,0.496,0.32,0.236,0.156,0.1,0.96,0.444,0.364
301,,0.476,0.3,0.216,0.136,0.08,0.94,0.424,0.344
302,,0.456,0.28,0.196,0.116,0.06,0.92,0.404,0.324
303,,0.436,0.26,0.176,0.096,0.04,0.9,0.384,0.304
304,,0.416,0.24,0.156,0.076,0.02,0.88,0.364,0.284
305,,0.396,0.22,0.136,0.056,0.0,0.86,0.344,0.264
306,,0.376,0.2,0.116,0.036,-0.02,0.84,0.324,0.244
307,5,0.056,-0.032,0.096,0.228,0.98,1.0,0.304,0.012
308,5,-0.264,-0.264,0.076,0.42,1.0,1.0,0.284,-0.22
309,1,0.736,-0.072,0.056,0.188,0.68,0.768,0.264,-0.028
310,1,1.0,0.12,0.036,-0.044,0.36,0.536,0.244,0.164
311,4,0.768,0.1,0.228,0.956,0.552,0.516,0.012,-0.156
312,4,0.536,0.08,0.42,1.0,0.744,0.496,-0.22,-0.476
313,8,0.728,0.06,0.188,0.68,0.512,0.476,-0.028,0.524
314,8,0.92,0.04,-0.044,0.36,0.28,0.456,0.164,1.0
315,3,0.9,0.232,0.956,0.552,0.26,0.224,-0.156,0.768
316,3,0.88,0.424,1.0,0.744,0.24,-0.008,-0.476,0.536
317,7,0.86,0.192,0.68,0.512,0.22,0.184,0.524,0.728
318,7,0.84,-0.04,0.36,0.28,0.2,0.376,1.0,0.92
319,2,1.0,0.96,0.552,0.26,-0.032,0.056,0.768,0.9
320,2,1.0,1.0,0.744,0.24,-0.264,-0.264,0.536,0.88
321,5,0.68,0.768,0.724,0.432,0.736,-0.072,0.516,0.648
322,5,0.36,0.536,0.704,0.624,1.0,0.12,0.496,0.416
323,,0.34,0.516,0.684,0.604,0.98,0.1,0.476,0.396
324,,0.32,0.496,0.664,0.584,0.96,0.08,0.456,0.376
325,,0.3,0.476,0.644,0.564,0.94,0.06,0.436,0.356
326,,0.28,0.456,0.624,0.544,0.92,0.04,0.416,0.336
327,,0.26,0.436,0.604,0.524,0.9,0.02,0.396,0.316
328,,0.24,0.416,0.584,0.504,0.88,0.0,0.376,0.296
329,,0.22,0.396,0.564,0.484,0.86,-0.02,0.356,0.276
330,6,-0.012,0.076,0.332,0.464,1.0,0.98,0.548,0.256
331,6,-0.244,-0.244,0.1,0.444,1.0,1.0,0.74,0.236
332,1,0.756,-0.052,0.08,0.212,0.68,0.768,0.72,0.428
333,1,1.0,0.14,0.06,-0.02,0.36,0.536,0.7,0.62
334,4,0.768,0.12,0.252,0.98,0.552,0.516,0.468,0.3
335,4,0.536,0.1,0.444,1.0,0.744,0.496,0.236,-0.02
336,8,0.728,0.08,0.212,0.68,0.512,0.476,0.428,0.98
337,8,0.92,0.06,-0.02,0.36,0.28,0.456,0.62,1.0
338,3,0.9,0.252,0.98,0.552,0.26,0.224,0.3,0.768
339,3,0.88,0.444,1.0,0.744,0.24,-0.008,-0.02,0.536
340,7,0.86,0.212,0.68,0.512,0.22,0.184,0.98,0.728
341,7,0.84,-0.02,0.36,0.28,0.2,0.376,1.0,0.92
342,2,1.0,0.98,0.552,0.26,-0.032,0.056,0.768,0.9
343,2,1.0,1.0,0.744,0.24,-0.264,-0.264,0.536,0.88
344,5,0.68,0.768,0.724,0.432,0.736,-0.072,0.516,0.648
345,5,0.36,0.536,0.704,0.624,1.0,0.12,0.496,0.416
346,,0.34,0.516,0.684,0.604,0.98,0.1,0.476,0.396
347,,0.32,0.496,0.664,0.584,0.96,0.08,0.456,0.376
348,,0.3,0.476,0.644,0.564,0.94,0.06,0.436,0.356
349,,0.28,0.456,0.624,0.544,0.92,0.04,0.416,0.336
350,,0.26,0.436,0.604,0.524,0.9,0.02,0.396,0.316
351,,0.24,0.416,0.584,0.504,0.88,0.0,0.376,0.296
352,,0.22,0.396,0.564,0.484,0.86,-0.02,0.356,0.276
353,6,-0.012,0.076,0.332,0.464,1.0,0.98,0.548,0.256
354,6,-0.244,-0.244,0.1,0.444,1.0,1.0,0.74,0.236
355,1,0.756,-0.052,0.08,0.212,0.68,0.768,0.72,0.428
356,1,1.0,0.14,0.06,-0.02,0.36,0.536,0.7,0.62
357,4,0.768,0.12,0.252,0.98,0.552,0.516,0.468,0.3
358,4,0.536,0.1,0.444,1.0,0.744,0.496,0.236,-0.02
359,8,0.728,0.08,0.212,0.68,0.512,0.476,0.428,0.98
360,8,0.92,0.06,-0.02,0.36,0.28,0.456,0.62,1.0
361,3,0.9,0.252,0.98,0.552,0.26,0.224,0.3,0.768
362,3,0.88,0.444,1.0,0.744,0.24,-0.008,-0.02,0.536
363,7,0.86,0.212,0.68,0.512,0.22,0.184,0.98,0.728
364,7,0.84,-0.02,0.36,0.28,0.2,0.376,1.0,0.92
365,2,1.0,0.98,0.552,0.26,-0.032,0.056,0.768,0.9
366,2,1.0,1.0,0.744,0.24,-0.264,-0.264,0.536,0.88
367,6,0.768,0.68,0.512,0.22,-0.072,0.736,0.728,0.86
368,6,0.536,0.36,0.28,0.2,0.12,1.0,0.92,0.84
369,,0.516,0.34,0.26,0.18,0.1,0.98,0.9,0.82
370,,0.496,0.32,0.24,0.16,0.08,0.96,0.88,0.8
371,,0.476,0.3,0.22,0.14,0.06,0.94,0.86,0.78
372,,0.456,0.28,0.2,0.12,0.04,0.92,0.84,0.76
373,,0.436,0.26,0.18,0.1,0.02,0.9,0.82,0.74
374,,0.416,0.24,0.16,0.08,0.0,0.88,0.8,0.72
375,,0.396,0.22,0.14,0.06,-0.02,0.86,0.78,0.7
376,5,0.076,-0.012,0.12,0.252,0.98,1.0,0.76,0.468
377,5,-0.244,-0.244,0.1,0.444,1.0,1.0,0.74,0.236
378,1,0.756,-0.052,0.08,0.212,0.68,0.768,0.72,0.428
379,1,1.0,0.14,0.06,-0.02,0.36,0.536,0.7,0.62
380,4,0.768,0.12,0.252,0.98,0.552,0.516,0.468,0.3
381,4,0.536,0.1,0.444,1.0,0.744,0.496,0.236,-0.02
382,8,0.728,0.08,0.212,0.68,0.512,0.476,0.428,0.98
383,8,0.92,0.06,-0.02,0.36,0.28,0.456,0.62,1.0
384,3,0.9,0.252,0.98,0.552,0.26,0.224,0.3,0.768
385,3,0.88,0.444,1.0,0.744,0.24,-0.008,-0.02,0.536
386,7,0.86,0.212,0.68,0.512,0.22,0.184,0.98,0.728
387,7,0.84,-0.02,0.36,0.28,0.2,0.376,1.0,0.92
388,2,1.0,0.98,0.552,0.26,-0.032,0.056,0.768,0.9
389,2,1.0,1.0,0.744,0.24,-0.264,-0.264,0.536,0.88
390,5,0.68,0.768,0.724,0.432,0.736,-0.072,0.516,0.648
391,5,0.36,0.536,0.704,0.624,1.0,0.12,0.496,0.416
392,,0.34,0.516,0.684,0.604,0.98,0.1,0.476,0.396
393,,0.32,0.496,0.664,0.584,0.96,0.08,0.456,0.376
394,,0.3,0.476,0.644,0.564,0.94,0.06,0.436,0.356
395,,0.28,0.456,0.624,0.544,0.92,0.04,0.416,0.336
396,,0.26,0.436,0.604,0.524,0.9,0.02,0.396,0.316
397,,0.24,0.416,0.584,0.504,0.88,0.0,0.376,0.296
398,,0.22,0.396,0.564,0.484,0.86,-0.02,0.356,0.276
399,6,-0.012,0.076,0.332,0.464,1.0,0.98,0.548,0.256
400,6,-0.244,-0.244,0.1,0.444,1.0,1.0,0.74,0.236
401,1,0.756,-0.052,0.08,0.212,0.68,0.768,0.72,0.428
402,1,1.0,0.14,0.06,-0.02,0.36,0.536,0.7,0.62
403,4,0.768,0.12,0.252,0.98,0.552,0.516,0.468,0.3
404,4,0.536,0.1,0.444,1.0,0.744,0.496,0.236,-0.02
405,8,0.728,0.08,0.212,0.68,0.512,0.476,0.428,0.98
406,8,0.92,0.06,-0.02,0.36,0.28,0.456,0.62,1.0
407,3,0.9,0.252,0.98,0.552,0.26,0.224,0.3,0.768
408,3,0.88,0.444,1.0,0.744,0.24,-0.008,-0.02,0.536
409,7,0.86,0.212,0.68,0.512,0.22,0.184,0.98,0.728
410,7,0.84,-0.02,0.36,0.28,0.2,0.376,1.0,0.92
411,2,1.0,0.98,0.552,0.26,-0.032,0.056,0.768,0.9
412,2,1.0,1.0,0.744,0.24,-0.264,-0.264,0.536,0.88
413,5,0.68,0.768,0.724,0.432,0.736,-0.072,0.516,0.648
414,5,0.36,0.536,0.704,0.624,1.0,0.12,0.496,0.416
415,,0.34,0.516,0.684,0.604,0.98,0.1,0.476,0.396
416,,0.32,0.496,0.664,0.584,0.96,0.08,0.456,0.376
417,,0.3,0.476,0.644,0.564,0.94,0.06,0.436,0.356
418,,0.28,0.456,0.624,0.544,0.92,0.04,0.416,0.336
419,,0.26,0.436,0.604,0.524,0.9,0.02,0.396,0.316
420,,0.24,0.416,0.584,0.504,0.88,0.0,0.376,0.296
421,,0.22,0.396,0.564,0.484,0.86,-0.02,0.356,0.276
422,6,-0.012,0.076,0.332,0.464,1.0,0.98,0.548,0.256
423,6,-0.244,-0.244,0.1,0.444,1.0,1.0,0.74,0.236
424,1,0.756,-0.052,0.08,0.212,0.68,0.768,0.72,0.428
425,1,1.0,0.14,0.06,-0.02,0.36,0.536,0.7,0.62
426,4,0.768,0.12,0.252,0.98,0.552,0.516,0.468,0.3
427,4,0.536,0.1,0.444,1.0,0.744,0.496,0.236,-0.02
428,8,0.728,0.08,0.212,0.68,0.512,0.476,0.428,0.98
429,8,0.92,0.06,-0.02,0.36,0.28,0.456,0.62,1.0
430,3,0.9,0.252,0.98,0.552,0.26,0.224,0.3,0.768
431,3,0.88,0.444,1.0,0.744,0.24,-0.008,-0.02,0.536
432,7,0.86,0.212,0.68,0.512,0.22,0.184,0.98,0.728
433,7,0.84,-0.02,0.36,0.28,0.2,0.376,1.0,0.92
434,2,1.0,0.98,0.552,0.26,-0.032,0.056,0.768,0.9
435,2,1.0,1.0,0.744,0.24,-0.264,-0.264,0.536,0.88
436,6,0.768,0.68,0.512,0.22,-0.072,0.736,0.728,0.86
437,6,0.536,0.36,0.28,0.2,0.12,1.0,0.92,0.84
438,,0.516,0.34,0.26,0.18,0.1,0.98,0.9,0.82
439,,0.496,0.32,0.24,0.16,0.08,0.96,0.88,0.8
440,,0.476,0.3,0.22,0.14,0.06,0.94,0.86,0.78
441,,0.456,0.28,0.2,0.12,0.04,0.92,0.84,0.76
442,,0.436,0.26,0.18,0.1,0.02,0.9,0.82,0.74
443,,0.416,0.24,0.16,0.08,0.0,0.88,0.8,0.72
444,,0.396,0.22,0.14,0.06,-0.02,0.86,0.78,0.7
445,5,0.076,-0.012,0.12,0.252,0.98,1.0,0.76,0.468
446,5,-0.244,-0.244,0.1,0.444,1.0,1.0,0.74,0.236
447,1,0.756,-0.052,0.08,0.212,0.68,0.768,0.72,0.428
448,1,1.0,0.14,0.06,-0.02,0.36,0.536,0.7,0.62
449,4,0.768,0.12,0.252,0.98,0.552,0.516,0.468,0.3
450,4,0.536,0.1,0.444,1.0,0.744,0.496,0.236,-0.02
451,8,0.728,0.08,0.212,0.68,0.512,0.476,0.428,0.98
452,8,0.92,0.06,-0.02,0.36,0.28,0.456,0.62,1.0
453,3,0.9,0.252,0.98,0.552,0.26,0.224,0.3,0.768
454,3,0.88,0.444,1.0,0.744,0.24,-0.008,-0.02,0.536
455,7,0.86,0.212,0.68,0.512,0.22,0.184,0.98,0.728
456,7,0.84,-0.02,0.36,0.28,0.2,0.376,1.0,0.92
457,2,1.0,0.98,0.552,0.26,-0.032,0.056,0.768,0.9
458,2,1.0,1.0,0.744,0.24,-0.264,-0.264,0.536,0.88
459,6,0.768,0.68,0.512,0.22,-0.072,0.736,0.728,0.86
460,6,0.536,0.36,0.28,0.2,0.12,1.0,0.92,0.84
461,,0.516,0.34,0.26,0.18,0.1,0.98,0.9,0.82
462,,0.496,0.32,0.24,0.16,0.08,0.96,0.88,0.8
463,,0.476,0.3,0.22,0.14,0.06,0.94,0.86,0.78
464,,0.456,0.28,0.2,0.12,0.04,0.92,0.84,0.76
465,,0.436,0.26,0.18,0.1,0.02,0.9,0.82,0.74
466,,0.416,0.24,0.16,0.08,0.0,0.88,0.8,0.72
467,,0.396,0.22,0.14,0.06,-0.02,0.86,0.78,0.7
468,5,0.076,-0.012,0.12,0.252,0.98,1.0,0.76,0.468
469,5,-0.244,-0.244,0.1,0.444,1.0,1.0,0.74,0.236
470,2,-0.052,0.756,0.292,0.424,0.768,0.68,0.508,0.216
471,2,0.14,1.0,0.484,0.404,0.536,0.36,0.276,0.196
472,,0.12,0.98,0.464,0.384,0.516,0.34,0.256,0.176
473,,0.1,0.96,0.444,0.364,0.496,0.32,0.236,0.156
474,,0.08,0.94,0.424,0.344,0.476,0.3,0.216,0.136
475,,0.06,0.92,0.404,0.324,0.456,0.28,0.196,0.116
476,,0.04,0.9,0.384,0.304,0.436,0.26,0.176,0.096
477,,0.02,0.88,0.364,0.284,0.416,0.24,0.156,0.076
478,,0.0,0.86,0.344,0.264,0.396,0.22,0.136,0.056
479,,-0.02,0.84,0.324,0.244,0.376,0.2,0.116,0.036
480,1,0.98,1.0,0.304,0.012,0.056,-0.032,0.096,0.228
481,1,1.0,1.0,0.284,-0.22,-0.264,-0.264,0.076,0.42
482,5,0.68,0.768,0.264,-0.028,0.736,-0.072,0.056,0.188
483,5,0.36,0.536,0.244,0.164,1.0,0.12,0.036,-0.044
484,8,0.552,0.516,0.012,-0.156,0.768,0.1,0.228,0.956
485,8,0.744,0.496,-0.22,-0.476,0.536,0.08,0.42,1.0
486,4,0.512,0.476,-0.028,0.524,0.728,0.06,0.188,0.68
487,4,0.28,0.456,0.164,1.0,0.92,0.04,-0.044,0.36
488,7,0.26,0.224,-0.156,0.768,0.9,0.232,0.956,0.552
489,7,0.24,-0.008,-0.476,0.536,0.88,0.424,1.0,0.744
490,3,0.22,0.184,0.524,0.728,0.86,0.192,0.68,0.512
491,3,0.2,0.376,1.0,0.92,0.84,-0.04,0.36,0.28
492,6,-0.032,0.056,0.768,0.9,1.0,0.96,0.552,0.26
493,6,-0.264,-0.264,0.536,0.88,1.0,1.0,0.744,0.24
494,1,0.736,-0.072,0.516,0.648,0.68,0.768,0.724,0.432
495,1,1.0,0.12,0.496,0.416,0.36,0.536,0.704,0.624
496,,0.98,0.1,0.476,0.396,0.34,0.516,0.684,0.604
497,,0.96,0.08,0.456,0.376,0.32,0.496,0.664,0.584
498,,0.94,0.06,0.436,0.356,0.3,0.476,0.644,0.564
499,,0.92,0.04,0.416,0.336,0.28,0.456,0.624,0.544
500,,0.9,0.02,0.396,0.316,0.26,0.436,0.604,0.524
501,,0.88,0.0,0.376,0.296,0.24,0.416,0.584,0.504
502,,0.86,-0.02,0.356,0.276,0.22,0.396,0.564,0.484
503,2,1.0,0.98,0.548,0.256,-0.012,0.076,0.332,0.464
504,2,1.0,1.0,0.74,0.236,-0.244,-0.244,0.1,0.444
505,5,0.68,0.768,0.72,0.428,0.756,-0.052,0.08,0.212
506,5,0.36,0.536,0.7,0.62,1.0,0.14,0.06,-0.02
507,8,0.552,0.516,0.468,0.3,0.768,0.12,0.252,0.98
508,8,0.744,0.496,0.236,-0.02,0.536,0.1,0.444,1.0
509,4,0.512,0.476,0.428,0.98,0.728,0.08,0.212,0.68
510,4,0.28,0.456,0.62,1.0,0.92,0.06,-0.02,0.36
511,7,0.26,0.224,0.3,0.768,0.9,0.252,0.98,0.552
512,7,0.24,-0.008,-0.02,0.536,0.88,0.444,1.0,0.744
513,3,0.22,0.184,0.98,0.728,0.86,0.212,0.68,0.512
514,3,0.2,0.376,1.0,0.92,0.84,-0.02,0.36,0.28
515,6,-0.032,0.056,0.768,0.9,1.0,0.98,0.552,0.26
516,6,-0.264,-0.264,0.536,0.88,1.0,1.0,0.744,0.24
517,1,0.736,-0.072,0.516,0.648,0.68,0.768,0.724,0.432
518,1,1.0,0.12,0.496,0.416,0.36,0.536,0.704,0.624
519,,0.98,0.1,0.476,0.396,0.34,0.516,0.684,0.604
520,,0.96,0.08,0.456,0.376,0.32,0.496,0.664,0.584
521,,0.94,0.06,0.436,0.356,0.3,0.476,0.644,0.564
522,,0.92,0.04,0.416,0.336,0.28,0.456,0.624,0.544
523,,0.9,0.02,0.396,0.316,0.26,0.436,0.604,0.524
524,,0.88,0.0,0.376,0.296,0.24,0.416,0.584,0.504
525,,0.86,-0.02,0.356,0.276,0.22,0.396,0.564,0.484
526,2,1.0,0.98,0.548,0.256,-0.012,0.076,0.332,0.464
527,2,1.0,1.0,0.74,0.236,-0.244,-0.244,0.1,0.444
528,6,0.768,0.68,0.508,0.216,-0.052,0.756,0.292,0.424
529,6,0.536,0.36,0.276,0.196,0.14,1.0,0.484,0.404
530,,0.516,0.34,0.256,0.176,0.12,0.98,0.464,0.384
531,,0.496,0.32,0.236,0.156,0.1,0.96,0.444,0.364
532,,0.476,0.3,0.216,0.136,0.08,0.94,0.424,0.344
533,,0.456,0.28,0.196,0.116,0.06,0.92,0.404,0.324
534,,0.436,0.26,0.176,0.096,0.04,0.9,0.384,0.304
535,,0.416,0.24,0.156,0.076,0.02,0.88,0.364,0.284
536,,0.396,0.22,0.136,0.056,0.0,0.86,0.344,0.264
537,,0.376,0.2,0.116,0.036,-0.02,0.84,0.324,0.244
538,5,0.056,-0.032,0.096,0.228,0.98,1.0,0.304,0.012
539,5,-0.264,-0.264,0.076,0.42,1.0,1.0,0.284,-0.22
540,1,0.736,-0.072,0.056,0.188,0.68,0.768,0.264,-0.028
541,1,1.0,0.12,0.036,-0.044,0.36,0.536,0.244,0.164
542,4,0.768,0.1,0.228,0.956,0.552,0.516,0.012,-0.156
543,4,0.536,0.08,0.42,1.0,0.744,0.496,-0.22,-0.476
544,8,0.728,0.06,0.188,0.68,0.512,0.476,-0.028,0.524
545,8,0.92,0.04,-0.044,0.36,0.28,0.456,0.164,1.0
546,3,0.9,0.232,0.956,0.552,0.26,0.224,-0.156,0.768
547,3,0.88,0.424,1.0,0.744,0.24,-0.008,-0.476,0.536
548,7,0.86,0.192,0.68,0.512,0.22,0.184,0.524,0.728
549,7,0.84,-0.04,0.36,0.28,0.2,0.376,1.0,0.92
550,2,1.0,0.96,0.552,0.26,-0.032,0.056,0.768,0.9
551,2,1.0,1.0,0.744,0.24,-0.264,-0.264,0.536,0.88
552,5,0.68,0.768,0.724,0.432,0.736,-0.072,0.516,0.648
553,5,0.36,0.536,0.704,0.624,1.0,0.12,0.496,0.416
554,,0.34,0.516,0.684,0.604,0.98,0.1,0.476,0.396
555,,0.32,0.496,0.664,0.584,0.96,0.08,0.456,0.376
556,,0.3,0.476,0.644,0.564,0.94,0.06,0.436,0.356
557,,0.28,0.456,0.624,0.544,0.92,0.04,0.416,0.336
558,,0.26,0.436,0.604,0.524,0.9,0.02,0.396,0.316
559,,0.24,0.416,0.584,0.504,0.88,0.0,0.376,0.296
560,,0.22,0.396,0.564,0.484,0.86,-0.02,0.356,0.276
561,6,-0.012,0.076,0.332,0.464,1.0,0.98,0.548,0.256
562,6,-0.244,-0.244,0.1,0.444,1.0,1.0,0.74,0.236
563,1,0.756,-0.052,0.08,0.212,0.68,0.768,0.72,0.428
564,1,1.0,0.14,0.06,-0.02,0.36,0.536,0.7,0.62
565,4,0.768,0.12,0.252,0.98,0.552,0.516,0.468,0.3
566,4,0.536,0.1,0.444,1.0,0.744,0.496,0.236,-0.02
567,8,0.728,0.08,0.212,0.68,0.512,0.476,0.428,0.98
568,8,0.92,0.06,-0.02,0.36,0.28,0.456,0.62,1.0
569,3,0.9,0.252,0.98,0.552,0.26,0.224,0.3,0.768
570,3,0.88,0.444,1.0,0.744,0.24,-0.008,-0.02,0.536
571,7,0.86,0.212,0.68,0.512,0.22,0.184,0.98,0.728
572,7,0.84,-0.02,0.36,0.28,0.2,0.376,1.0,0.92
573,2,1.0,0.98,0.552,0.26,-0.032,0.056,0.768,0.9
574,2,1.0,1.0,0.744,0.24,-0.264,-0.264,0.536,0.88
575,5,0.68,0.768,0.724,0.432,0.736,-0.072,0.516,0.648
576,5,0.36,0.536,0.704,0.624,1.0,0.12,0.496,0.416
577,,0.34,0.516,0.684,0.604,0.98,0.1,0.476,0.396
578,,0.32,0.496,0.664,0.584,0.96,0.08,0.456,0.376
579,,0.3,0.476,0.644,0.564,0.94,0.06,0.436,0.356
580,,0.28,0.456,0.624,0.544,0.92,0.04,0.416,0.336
581,,0.26,0.436,0.604,0.524,0.9,0.02,0.396,0.316
582,,0.24,0.416,0.584,0.504,0.88,0.0,0.376,0.296
583,,0.22,0.396,0.564,0.484,0.86,-0.02,0.356,0.276
584,6,-0.012,0.076,0.332,0.464,1.0,0.98,0.548,0.256
585,6,-0.244,-0.244,0.1,0.444,1.0,1.0,0.74,0.236
586,1,0.756,-0.052,0.08,0.212,0.68,0.768,0.72,0.428
587,1,1.0,0.14,0.06,-0.02,0.36,0.536,0.7,0.62
588,4,0.768,0.12,0.252,0.98,0.552,0.516,0.468,0.3
589,4,0.536,0.1,0.444,1.0,0.744,0.496,0.236,-0.02
590,8,0.728,0.08,0.212,0.68,0.512,0.476,0.428,0.98
591,8,0.92,0.06,-0.02,0.36,0.28,0.456,0.62,1.0
592,3,0.9,0.252,0.98,0.552,0.26,0.224,0.3,0.768
593,3,0.88,0.444,1.0,0.744,0.24,-0.008,-0.02,0.536
594,7,0.86,0.212,0.68,0.512,0.22,0.184,0.98,0.728
595,7,0.84,-0.02,0.36,0.28,0.2,0.376,1.0,0.92
596,2,1.0,0.98,0.552,0.26,-0.032,0.056,0.768,0.9
597,2,1.0,1.0,0.744,0.24,-0.264,-0.264,0.536,0.88
598,5,0.68,0.768,0.724,0.432,0.736,-0.072,0.516,0.648
599,5,0.36,0.536,0.704,0.624,1.0,0.12,0.496,0.416
600,,0.34,0.516,0.684,0.604,0.98,0.1,0.476,0.396
601,,0.32,0.496,0.664,0.584,0.96,0.08,0.456,0.376
602,,0.3,0.476,0.644,0.564,0.94,0.06,0.436,0.356
603,,0.28,0.456,0.624,0.544,0.92,0.04,0.416,0.336
604,,0.26,0.436,0.604,0.524,0.9,0.02,0.396,0.316
605,,0.24,0.416,0.584,0.504,0.88,0.0,0.376,0.296
606,,0.22,0.396,0.564,0.484,0.86,-0.02,0.356,0.276
607,6,-0.012,0.076,0.332,0.464,1.0,0.98,0.548,0.256
608,6,-0.244,-0.244,0.1,0.444,1.0,1.0,0.74,0.236
609,2,-0.052,0.756,0.292,0.424,0.768,0.68,0.508,0.216
610,2,0.14,1.0,0.484,0.404,0.536,0.36,0.276,0.196
611,,0.12,0.98,0.464,0.384,0.516,0.34,0.256,0.176
612,,0.1,0.96,0.444,0.364,0.496,0.32,0.236,0.156
613,,0.08,0.94,0.424,0.344,0.476,0.3,0.216,0.136
614,,0.06,0.92,0.404,0.324,0.456,0.28,0.196,0.116
615,,0.04,0.9,0.384,0.304,0.436,0.26,0.176,0.096
616,,0.02,0.88,0.364,0.284,0.416,0.24,0.156,0.076
617,,0.0,0.86,0.344,0.264,0.396,0.22,0.136,0.056
618,,-0.02,0.84,0.324,0.244,0.376,0.2,0.116,0.036
619,1,0.98,1.0,0.304,0.012,0.056,-0.032,0.096,0.228
620,1,1.0,1.0,0.284,-0.22,-0.264,-0.264,0.076,0.42
621,6,0.768,0.68,0.052,-0.24,-0.072,0.736,0.268,0.4
622,6,0.536,0.36,-0.18,-0.26,0.12,1.0,0.46,0.38
623,4,0.304,0.34,0.012,0.74,0.312,0.98,0.228,0.06
624,4,0.072,0.32,0.204,1.0,0.504,0.96,-0.004,-0.26
625,8,0.264,0.3,-0.028,0.68,0.272,0.94,0.188,0.74
626,8,0.456,0.28,-0.26,0.36,0.04,0.92,0.38,1.0
627,3,0.436,0.472,0.74,0.552,0.02,0.688,0.06,0.768
628,3,0.416,0.664,1.0,0.744,0.0,0.456,-0.26,0.536
629,7,0.396,0.432,0.68,0.512,-0.02,0.648,0.74,0.728
630,7,0.376,0.2,0.36,0.28,-0.04,0.84,1.0,0.92
631,5,0.056,-0.032,0.34,0.472,0.96,1.0,0.98,0.688
632,5,-0.264,-0.264,0.32,0.664,1.0,1.0,0.96,0.456
633,1,0.736,-0.072,0.3,0.432,0.68,0.768,0.94,0.648
634,1,1.0,0.12,0.28,0.2,0.36,0.536,0.92,0.84
635,,0.98,0.1,0.26,0.18,0.34,0.516,0.9,0.82
636,,0.96,0.08,0.24,0.16,0.32,0.496,0.88,0.8
637,,0.94,0.06,0.22,0.14,0.3,0.476,0.86,0.78
638,,0.92,0.04,0.2,0.12,0.28,0.456,0.84,0.76
639,,0.9,0.02,0.18,0.1,0.26,0.436,0.82,0.74
640,,0.88,0.0,0.16,0.08,0.24,0.416,0.8,0.72
641,,0.86,-0.02,0.14,0.06,0.22,0.396,0.78,0.7
642,2,1.0,0.98,0.332,0.04,-0.012,0.076,0.548,0.68
643,2,1.0,1.0,0.524,0.02,-0.244,-0.244,0.316,0.66
644,5,0.68,0.768,0.504,0.212,0.756,-0.052,0.296,0.428
645,5,0.36,0.536,0.484,0.404,1.0,0.14,0.276,0.196
646,,0.34,0.516,0.464,0.384,0.98,0.12,0.256,0.176
647,,0.32,0.496,0.444,0.364,0.96,0.1,0.236,0.156
648,,0.3,0.476,0.424,0.344,0.94,0.08,0.216,0.136
649,,0.28,0.456,0.404,0.324,0.92,0.06,0.196,0.116
650,,0.26,0.436,0.384,0.304,0.9,0.04,0.176,0.096
651,,0.24,0.416,0.364,0.284,0.88,0.02,0.156,0.076
652,,0.22,0.396,0.344,0.264,0.86,0.0,0.136,0.056
653,,0.2,0.376,0.324,0.244,0.84,-0.02,0.116,0.036
654,6,-0.032,0.056,0.092,0.224,1.0,0.98,0.308,0.016
655,6,-0.264,-0.264,-0.14,0.204,1.0,1.0,0.5,-0.004
656,1,0.736,-0.072,-0.16,-0.028,0.68,0.768,0.48,0.188
657,1,1.0,0.12,-0.18,-0.26,0.36,0.536,0.46,0.38
658,4,0.768,0.1,0.012,0.74,0.552,0.516,0.228,0.06
659,4,0.536,0.08,0.204,1.0,0.744,0.496,-0.004,-0.26
660,8,0.728,0.06,-0.028,0.68,0.512,0.476,0.188,0.74
661,8,0.92,0.04,-0.26,0.36,0.28,0.456,0.38,1.0
662,3,0.9,0.232,0.74,0.552,0.26,0.224,0.06,0.768
663,3,0.88,0.424,1.0,0.744,0.24,-0.008,-0.26,0.536
664,7,0.86,0.192,0.68,0.512,0.22,0.184,0.74,0.728
665,7,0.84,-0.04,0.36,0.28,0.2,0.376,1.0,0.92
666,2,1.0,0.96,0.552,0.26,-0.032,0.056,0.768,0.9
667,2,1.0,1.0,0.744,0.24,-0.264,-0.264,0.536,0.88
668,6,0.768,0.68,0.512,0.22,-0.072,0.736,0.728,0.86
669,6,0.536,0.36,0.28,0.2,0.12,1.0,0.92,0.84
670,,0.516,0.34,0.26,0.18,0.1,0.98,0.9,0.82
671,,0.496,0.32,0.24,0.16,0.08,0.96,0.88,0.8
672,,0.476,0.3,0.22,0.14,0.06,0.94,0.86,0.78
673,,0.456,0.28,0.2,0.12,0.04,0.92,0.84,0.76
674,,0.436,0.26,0.18,0.1,0.02,0.9,0.82,0.74
675,,0.416,0.24,0.16,0.08,0.0,0.88,0.8,0.72
676,,0.396,0.22,0.14,0.06,-0.02,0.86,0.78,0.7
677,5,0.076,-0.012,0.12,0.252,0.98,1.0,0.76,0.468
678,5,-0.244,-0.244,0.1,0.444,1.0,1.0,0.74,0.236
679,1,0.756,-0.052,0.08,0.212,0.68,0.768,0.72,0.428
680,1,1.0,0.14,0.06,-0.02,0.36,0.536,0.7,0.62
681,4,0.768,0.12,0.252,0.98,0.552,0.516,0.468,0.3
682,4,0.536,0.1,0.444,1.0,0.744,0.496,0.236,-0.02
683,8,0.728,0.08,0.212,0.68,0.512,0.476,0.428,0.98
684,8,0.92,0.06,-0.02,0.36,0.28,0.456,0.62,1.0
685,3,0.9,0.252,0.98,0.552,0.26,0.224,0.3,0.768
686,3,0.88,0.444,1.0,0.744,0.24,-0.008,-0.02,0.536
687,7,0.86,0.212,0.68,0.512,0.22,0.184,0.98,0.728
688,7,0.84,-0.02,0.36,0.28,0.2,0.376,1.0,0.92
689,2,1.0,0.98,0.552,0.26,-0.032,0.056,0.768,0.9
690,2,1.0,1.0,0.744,0.24,-0.264,-0.264,0.536,0.88
691,6,0.768,0.68,0.512,0.22,-0.072,0.736,0.728,0.86
692,6,0.536,0.36,0.28,0.2,0.12,1.0,0.92,0.84
693,,0.516,0.34,0.26,0.18,0.1,0.98,0.9,0.82
694,,0.496,0.32,0.24,0.16,0.08,0.96,0.88,0.8
695,,0.476,0.3,0.22,0.14,0.06,0.94,0.86,0.78
696,,0.456,0.28,0.2,0.12,0.04,0.92,0.84,0.76
697,,0.436,0.26,0.18,0.1,0.02,0.9,0.82,0.74
698,,0.416,0.24,0.16,0.08,0.0,0.88,0.8,0.72
699,,0.396,0.22,0.14,0.06,-0.02,0.86,0.78,0.7
700,5,0.076,-0.012,0.12,0.252,0.98,1.0,0.76,0.468
701,5,-0.244,-0.244,0.1,0.444,1.0,1.0,0.74,0.236
702,1,0.756,-0.052,0.08,0.212,0.68,0.768,0.72,0.428
703,1,1.0,0.14,0.06,-0.02,0.36,0.536,0.7,0.62
704,4,0.768,0.12,0.252,0.98,0.552,0.516,0.468,0.3
705,4,0.536,0.1,0.444,1.0,0.744,0.496,0.236,-0.02
706,8,0.728,0.08,0.212,0.68,0.512,0.476,0.428,0.98
707,8,0.92,0.06,-0.02,0.36,0.28,0.456,0.62,1.0
708,3,0.9,0.252,0.98,0.552,0.26,0.224,0.3,0.768
709,3,0.88,0.444,1.0,0.744,0.24,-0.008,-0.02,0.536
710,7,0.86,0.212,0.68,0.512,0.22,0.184,0.98,0.728
711,7,0.84,-0.02,0.36,0.28,0.2,0.376,1.0,0.92
712,2,1.0,0.98,0.552,0.26,-0.032,0.056,0.768,0.9
713,2,1.0,1.0,0.744,0.24,-0.264,-0.264,0.536,0.88
714,5,0.68,0.768,0.724,0.432,0.736,-0.072,0.516,0.648
715,5,0.36,0.536,0.704,0.624,1.0,0.12,0.496,0.416
716,,0.34,0.516,0.684,0.604,0.98,0.1,0.476,0.396
717,,0.32,0.496,0.664,0.584,0.96,0.08,0.456,0.376
718,,0.3,0.476,0.644,0.564,0.94,0.06,0.436,0.356
719,,0.28,0.456,0.624,0.544,0.92,0.04,0.416,0.336
720,,0.26,0.436,0.604,0.524,0.9,0.02,0.396,0.316
721,,0.24,0.416,0.584,0.504,0.88,0.0,0.376,0.296
722,,0.22,0.396,0.564,0.484,0.86,-0.02,0.356,0.276
723,6,-0.012,0.076,0.332,0.464,1.0,0.98,0.548,0.256
724,6,-0.244,-0.244,0.1,0.444,1.0,1.0,0.74,0.236
725,1,0.756,-0.052,0.08,0.212,0.68,0.768,0.72,0.428
726,1,1.0,0.14,0.06,-0.02,0.36,0.536,0.7,0.62
727,4,0.768,0.12,0.252,0.98,0.552,0.516,0.468,0.3
728,4,0.536,0.1,0.444,1.0,0.744,0.496,0.236,-0.02
729,8,0.728,0.08,0.212,0.68,0.512,0.476,0.428,0.98
730,8,0.92,0.06,-0.02,0.36,0.28,0.456,0.62,1.0
731,3,0.9,0.252,0.98,0.552,0.26,0.224,0.3,0.768
732,3,0.88,0.444,1.0,0.744,0.24,-0.008,-0.02,0.536
733,7,0.86,0.212,0.68,0.512,0.22,0.184,0.98,0.728
734,7,0.84,-0.02,0.36,0.28,0.2,0.376,1.0,0.92
735,2,1.0,0.98,0.552,0.26,-0.032,0.056,0.768,0.9
736,2,1.0,1.0,0.744,0.24,-0.264,-0.264,0.536,0.88
737,5,0.68,0.768,0.724,0.432,0.736,-0.072,0.516,0.648
738,5,0.36,0.536,0.704,0.624,1.0,0.12,0.496,0.416
739,,0.34,0.516,0.684,0.604,0.98,0.1,0.476,0.396
740,,0.32,0.496,0.664,0.584,0.96,0.08,0.456,0.376
741,,0.3,0.476,0.644,0.564,0.94,0.06,0.436,0.356
742,,0.28,0.456,0.624,0.544,0.92,0.04,0.416,0.336
743,,0.26,0.436,0.604,0.524,0.9,0.02,0.396,0.316
744,,0.24,0.416,0.584,0.504,0.88,0.0,0.376,0.296
745,,0.22,0.396,0.564,0.484,0.86,-0.02,0.356,0.276
746,6,-0.012,0.076,0.332,0.464,1.0,0.98,0.548,0.256
747,6,-0.244,-0.244,0.1,0.444,1.0,1.0,0.74,0.236
748,2,-0.052,0.756,0.292,0.424,0.768,0.68,0.508,0.216
749,2,0.14,1.0,0.484,0.404,0.536,0.36,0.276,0.196
750,,0.12,0.98,0.464,0.384,0.516,0.34,0.256,0.176
751,,0.1,0.96,0.444,0.364,0.496,0.32,0.236,0.156
752,,0.08,0.94,0.424,0.344,0.476,0.3,0.216,0.136
753,,0.06,0.92,0.404,0.324,0.456,0.28,0.196,0.116
754,,0.04,0.9,0.384,0.304,0.436,0.26,0.176,0.096
755,,0.02,0.88,0.364,0.284,0.416,0.24,0.156,0.076
756,,0.0,0.86,0.344,0.264,0.396,0.22,0.136,0.056
757,,-0.02,0.84,0.324,0.244,0.376,0.2,0.116,0.036
758,1,0.98,1.0,0.304,0.012,0.056,-0.032,0.096,0.228
759,1,1.0,1.0,0.284,-0.22,-0.264,-0.264,0.076,0.42
760,6,0.768,0.68,0.052,-0.24,-0.072,0.736,0.268,0.4
761,6,0.536,0.36,-0.18,-0.26,0.12,1.0,0.46,0.38
762,4,0.304,0.34,0.012,0.74,0.312,0.98,0.228,0.06
763,4,0.072,0.32,0.204,1.0,0.504,0.96,-0.004,-0.26
764,8,0.264,0.3,-0.028,0.68,0.272,0.94,0.188,0.74
765,8,0.456,0.28,-0.26,0.36,0.04,0.92,0.38,1.0
766,3,0.436,0.472,0.74,0.552,0.02,0.688,0.06,0.768
767,3,0.416,0.664,1.0,0.744,0.0,0.456,-0.26,0.536
768,7,0.396,0.432,0.68,0.512,-0.02,0.648,0.74,0.728
769,7,0.376,0.2,0.36,0.28,-0.04,0.84,1.0,0.92
770,5,0.056,-0.032,0.34,0.472,0.96,1.0,0.98,0.688
771,5,-0.264,-0.264,0.32,0.664,1.0,1.0,0.96,0.456
772,1,0.736,-0.072,0.3,0.432,0.68,0.768,0.94,0.648
773,1,1.0,0.12,0.28,0.2,0.36,0.536,0.92,0.84
774,,0.98,0.1,0.26,0.18,0.34,0.516,0.9,0.82
775,,0.96,0.08,0.24,0.16,0.32,0.496,0.88,0.8
776,,0.94,0.06,0.22,0.14,0.3,0.476,0.86,0.78
777,,0.92,0.04,0.2,0.12,0.28,0.456,0.84,0.76
778,,0.9,0.02,0.18,0.1,0.26,0.436,0.82,0.74
779,,0.88,0.0,0.16,0.08,0.24,0.416,0.8,0.72
780,,0.86,-0.02,0.14,0.06,0.22,0.396,0.78,0.7
781,2,1.0,0.98,0.332,0.04,-0.012,0.076,0.548,0.68
782,2,1.0,1.0,0.524,0.02,-0.244,-0.244,0.316,0.66
783,5,0.68,0.768,0.504,0.212,0.756,-0.052,0.296,0.428
784,5,0.36,0.536,0.484,0.404,1.0,0.14,0.276,0.196
785,,0.34,0.516,0.464,0.384,0.98,0.12,0.256,0.176
786,,0.32,0.496,0.444,0.364,0.96,0.1,0.236,0.156
787,,0.3,0.476,0.424,0.344,0.94,0.08,0.216,0.136
788,,0.28,0.456,0.404,0.324,0.92,0.06,0.196,0.116
789,,0.26,0.436,0.384,0.304,0.9,0.04,0.176,0.096
790,,0.24,0.416,0.364,0.284,0.88,0.02,0.156,0.076
791,,0.22,0.396,0.344,0.264,0.86,0.0,0.136,0.056
792,,0.2,0.376,0.324,0.244,0.84,-0.02,0.116,0.036
793,6,-0.032,0.056,0.092,0.224,1.0,0.98,0.308,0.016
794,6,-0.264,-0.264,-0.14,0.204,1.0,1.0,0.5,-0.004
795,2,-0.072,0.736,0.052,0.184,0.768,0.68,0.268,-0.024
796,2,0.12,1.0,0.244,0.164,0.536,0.36,0.036,-0.044
797,8,0.312,0.98,0.012,-0.156,0.304,0.34,0.228,0.956
798,8,0.504,0.96,-0.22,-0.476,0.072,0.32,0.42,1.0
799,4,0.272,0.94,-0.028,0.524,0.264,0.3,0.188,0.68
800,4,0.04,0.92,0.164,1.0,0.456,0.28,-0.044,0.36
801,7,0.02,0.688,-0.156,0.768,0.436,0.472,0.956,0.552
802,7,0.0,0.456,-0.476,0.536,0.416,0.664,1.0,0.744
803,3,-0.02,0.648,0.524,0.728,0.396,0.432,0.68,0.512
804,3,-0.04,0.84,1.0,0.92,0.376,0.2,0.36,0.28
805,1,0.96,1.0,0.98,0.688,0.056,-0.032,0.34,0.472
