step,active_motive,motive_1,motive_2,motive_3,motive_4,motive_5,motive_6,motive_7,motive_8
0,,0.32255,0.33446,0.43208,0.11509,0.2496,0.286,0.38428,0.0218
1,,0.30255,0.31446,0.41208,0.09509,0.2296,0.266,0.36428,0.0018
2,,0.28255,0.29446,0.39208,0.07509,0.2096,0.246,0.34428,-0.0182
3,8,0.47455,0.27446,0.16008,-0.24491,-0.0224,0.226,0.53628,0.9818
4,8,0.66655,0.25446,-0.07192,-0.56491,-0.2544,0.206,0.72828,1.0
5,4,0.43455,0.23446,0.12008,0.43509,-0.0624,0.186,0.49628,0.68
6,4,0.20255,0.21446,0.31208,1.0,0.1296,0.166,0.26428,0.36
7,,0.18255,0.19446,0.29208,0.98,0.1096,0.146,0.24428,0.34
8,,0.16255,0.17446,0.27208,0.96,0.0896,0.126,0.22428,0.32
9,,0.14255,0.15446,0.25208,0.94,0.0696,0.106,0.20428,0.3
10,,0.12255,0.13446,0.23208,0.92,0.0496,0.086,0.18428,0.28
11,,0.10255,0.11446,0.21208,0.9,0.0296,0.066,0.16428,0.26
12,,0.08255,0.09446,0.19208,0.88,0.0096,0.046,0.14428,0.24
13,,0.06255,0.07446,0.17208,0.86,-0.0104,0.026,0.12428,0.22
14,5,-0.25745,-0.15754,0.15208,1.0,0.9896,0.218,0.10428,-0.012
15,5,-0.57745,-0.38954,0.13208,1.0,1.0,0.41,0.08428,-0.244
16,1,0.42255,-0.19754,0.11208,0.768,0.68,0.178,0.06428,-0.052
17,1,1.0,-0.00554,0.09208,0.536,0.36,-0.054,0.04428,0.14
18,6,0.768,-0.32554,-0.13992,0.516,0.552,0.946,0.23628,0.12
19,6,0.536,-0.64554,-0.37192,0.496,0.744,1.0,0.42828,0.1
20,2,0.728,0.35446,-0.17992,0.476,0.512,0.68,0.19628,0.08
21,2,0.92,1.0,0.01208,0.456,0.28,0.36,-0.03572,0.06
22,7,0.9,0.768,-0.30792,0.224,0.26,0.552,0.96428,0.252
23,7,0.88,0.536,-0.62792,-0.008,0.24,0.744,1.0,0.444
24,3,0.86,0.728,0.37208,0.184,0.22,0.512,0.68,0.212
25,3,0.84,0.92,1.0,0.376,0.2,0.28,0.36,-0.02
26,8,1.0,0.9,0.768,0.056,-0.032,0.26,0.552,0.98
27,8,1.0,0.88,0.536,-0.264,-0.264,0.24,0.744,1.0
28,5,0.68,0.648,0.516,-0.072,0.736,0.432,0.724,0.768
29,5,0.36,0.416,0.496,0.12,1.0,0.624,0.704,0.536
30,,0.34,0.396,0.476,0.1,0.98,0.604,0.684,0.516
31,,0.32,0.376,0.456,0.08,0.96,0.584,0.664,0.496
32,,0.3,0.356,0.436,0.06,0.94,0.564,0.644,0.476
33,,0.28,0.336,0.416,0.04,0.92,0.544,0.624,0.456
34,,0.26,0.316,0.396,0.02,0.9,0.524,0.604,0.436
35,,0.24,0.296,0.376,0.0,0.88,0.504,0.584,0.416
36,,0.22,0.276,0.356,-0.02,0.86,0.484,0.564,0.396
37,4,-0.012,0.256,0.548,0.98,1.0,0.464,0.332,0.076
38,4,-0.244,0.236,0.74,1.0,1.0,0.444,0.1,-0.244
39,8,-0.052,0.216,0.508,0.68,0.768,0.424,0.292,0.756
40,8,0.14,0.196,0.276,0.36,0.536,0.404,0.484,1.0
41,,0.12,0.176,0.256,0.34,0.516,0.384,0.464,0.98
42,,0.1,0.156,0.236,0.32,0.496,0.364,0.444,0.96
43,,0.08,0.136,0.216,0.3,0.476,0.344,0.424,0.94
44,,0.06,0.116,0.196,0.28,0.456,0.324,0.404,0.92
45,,0.04,0.096,0.176,0.26,0.436,0.304,0.384,0.9
46,,0.02,0.076,0.156,0.24,0.416,0.284,0.364,0.88
47,,0.0,0.056,0.136,0.22,0.396,0.264,0.344,0.86
48,,-0.02,0.036,0.116,0.2,0.376,0.244,0.324,0.84
49,1,0.98,0.228,0.096,-0.032,0.056,0.012,0.304,1.0
50,1,1.0,0.42,0.076,-0.264,-0.264,-0.22,0.284,1.0
51,5,0.68,0.188,0.056,-0.072,0.736,-0.028,0.264,0.768
52,5,0.36,-0.044,0.036,0.12,1.0,0.164,0.244,0.536
53,2,0.552,0.956,0.228,0.1,0.768,-0.156,0.012,0.516
54,2,0.744,1.0,0.42,0.08,0.536,-0.476,-0.22,0.496
55,6,0.512,0.68,0.188,0.06,0.728,0.524,-0.028,0.476
56,6,0.28,0.36,-0.044,0.04,0.92,1.0,0.164,0.456
57,3,0.26,0.552,0.956,0.232,0.9,0.768,-0.156,0.224
58,3,0.24,0.744,1.0,0.424,0.88,0.536,-0.476,-0.008
59,7,0.22,0.512,0.68,0.192,0.86,0.728,0.524,0.184
60,7,0.2,0.28,0.36,-0.04,0.84,0.92,1.0,0.376
61,4,-0.032,0.26,0.552,0.96,1.0,0.9,0.768,0.056
62,4,-0.264,0.24,0.744,1.0,1.0,0.88,0.536,-0.264
63,1,0.736,0.432,0.724,0.768,0.68,0.648,0.516,-0.072
64,1,1.0,0.624,0.704,0.536,0.36,0.416,0.496,0.12
65,,0.98,0.604,0.684,0.516,0.34,0.396,0.476,0.1
66,,0.96,0.584,0.664,0.496,0.32,0.376,0.456,0.08
67,,0.94,0.564,0.644,0.476,0.3,0.356,0.436,0.06
68,,0.92,0.544,0.624,0.456,0.28,0.336,0.416,0.04
69,,0.9,0.524,0.604,0.436,0.26,0.316,0.396,0.02
70,,0.88,0.504,0.584,0.416,0.24,0.296,0.376,0.0
71,,0.86,0.484,0.564,0.396,0.22,0.276,0.356,-0.02
72,8,1.0,0.464,0.332,0.076,-0.012,0.256,0.548,0.98
73,8,1.0,0.444,0.1,-0.244,-0.244,0.236,0.74,1.0
74,5,0.68,0.212,0.08,-0.052,0.756,0.428,0.72,0.768
75,5,0.36,-0.02,0.06,0.14,1.0,0.62,0.7,0.536
76,2,0.552,0.98,0.252,0.12,0.768,0.3,0.468,0.516
77,2,0.744,1.0,0.444,0.1,0.536,-0.02,0.236,0.496
78,6,0.512,0.68,0.212,0.08,0.728,0.98,0.428,0.476
79,6,0.28,0.36,-0.02,0.06,0.92,1.0,0.62,0.456
80,3,0.26,0.552,0.98,0.252,0.9,0.768,0.3,0.224
81,3,0.24,0.744,1.0,0.444,0.88,0.536,-0.02,-0.008
82,7,0.22,0.512,0.68,0.212,0.86,0.728,0.98,0.184
83,7,0.2,0.28,0.36,-0.02,0.84,0.92,1.0,0.376
84,4,-0.032,0.26,0.552,0.98,1.0,0.9,0.768,0.056
85,4,-0.264,0.24,0.744,1.0,1.0,0.88,0.536,-0.264
86,1,0.736,0.432,0.724,0.768,0.68,0.648,0.516,-0.072
87,1,1.0,0.624,0.704,0.536,0.36,0.416,0.496,0.12
88,,0.98,0.604,0.684,0.516,0.34,0.396,0.476,0.1
89,,0.96,0.584,0.664,0.496,0.32,0.376,0.456,0.08
90,,0.94,0.564,0.644,0.476,0.3,0.356,0.436,0.06
91,,0.92,0.544,0.624,0.456,0.28,0.336,0.416,0.04
92,,0.9,0.524,0.604,0.436,0.26,0.316,0.396,0.02
93,,0.88,0.504,0.584,0.416,0.24,0.296,0.376,0.0
94,,0.86,0.484,0.564,0.396,0.22,0.276,0.356,-0.02
95,8,1.0,0.464,0.332,0.076,-0.012,0.256,0.548,0.98
96,8,1.0,0.444,0.1,-0.244,-0.244,0.236,0.74,1.0
97,5,0.68,0.212,0.08,-0.052,0.756,0.428,0.72,0.768
98,5,0.36,-0.02,0.06,0.14,1.0,0.62,0.7,0.536
99,2,0.552,0.98,0.252,0.12,0.768,0.3,0.468,0.516
100,2,0.744,1.0,0.444,0.1,0.536,-0.02,0.236,0.496
101,6,0.512,0.68,0.212,0.08,0.728,0.98,0.428,0.476
102,6,0.28,0.36,-0.02,0.06,0.92,1.0,0.62,0.456
103,3,0.26,0.552,0.98,0.252,0.9,0.768,0.3,0.224
104,3,0.24,0.744,1.0,0.444,0.88,0.536,-0.02,-0.008
105,7,0.22,0.512,0.68,0.212,0.86,0.728,0.98,0.184
106,7,0.2,0.28,0.36,-0.02,0.84,0.92,1.0,0.376
107,4,-0.032,0.26,0.552,0.98,1.0,0.9,0.768,0.056
108,4,-0.264,0.24,0.744,1.0,1.0,0.88,0.536,-0.264
109,1,0.736,0.432,0.724,0.768,0.68,0.648,0.516,-0.072
110,1,1.0,0.624,0.704,0.536,0.36,0.416,0.496,0.12
111,,0.98,0.604,0.684,0.516,0.34,0.396,0.476,0.1
112,,0.96,0.584,0.664,0.496,0.32,0.376,0.456,0.08
113,,0.94,0.564,0.644,0.476,0.3,0.356,0.436,0.06
114,,0.92,0.544,0.624,0.456,0.28,0.336,0.416,0.04
115,,0.9,0.524,0.604,0.436,0.26,0.316,0.396,0.02
116,,0.88,0.504,0.584,0.416,0.24,0.296,0.376,0.0
117,,0.86,0.484,0.564,0.396,0.22,0.276,0.356,-0.02
118,8,1.0,0.464,0.332,0.076,-0.012,0.256,0.548,0.98
119,8,1.0,0.444,0.1,-0.244,-0.244,0.236,0.74,1.0
120,5,0.68,0.212,0.08,-0.052,0.756,0.428,0.72,0.768
121,5,0.36,-0.02,0.06,0.14,1.0,0.62,0.7,0.536
122,2,0.552,0.98,0.252,0.12,0.768,0.3,0.468,0.516
123,2,0.744,1.0,0.444,0.1,0.536,-0.02,0.236,0.496
124,6,0.512,0.68,0.212,0.08,0.728,0.98,0.428,0.476
125,6,0.28,0.36,-0.02,0.06,0.92,1.0,0.62,0.456
126,3,0.26,0.552,0.98,0.252,0.9,0.768,0.3,0.224
127,3,0.24,0.744,1.0,0.444,0.88,0.536,-0.02,-0.008
128,7,0.22,0.512,0.68,0.212,0.86,0.728,0.98,0.184
129,7,0.2,0.28,0.36,-0.02,0.84,0.92,1.0,0.376
130,4,-0.032,0.26,0.552,0.98,1.0,0.9,0.768,0.056
131,4,-0.264,0.24,0.744,1.0,1.0,0.88,0.536,-0.264
132,1,0.736,0.432,0.724,0.768,0.68,0.648,0.516,-0.072
133,1,1.0,0.624,0.704,0.536,0.36,0.416,0.496,0.12
134,,0.98,0.604,0.684,0.516,0.34,0.396,0.476,0.1
135,,0.96,0.584,0.664,0.496,0.32,0.376,0.456,0.08
136,,0.94,0.564,0.644,0.476,0.3,0.356,0.436,0.06
137,,0.92,0.544,0.624,0.456,0.28,0.336,0.416,0.04
138,,0.9,0.524,0.604,0.436,0.26,0.316,0.396,0.02
139,,0.88,0.504,0.584,0.416,0.24,0.296,0.376,0.0
140,,0.86,0.484,0.564,0.396,0.22,0.276,0.356,-0.02
141,8,1.0,0.464,0.332,0.076,-0.012,0.256,0.548,0.98
142,8,1.0,0.444,0.1,-0.244,-0.244,0.236,0.74,1.0
143,4,0.768,0.424,0.292,0.756,-0.052,0.216,0.508,0.68
144,4,0.536,0.404,0.484,1.0,0.14,0.196,0.276,0.36
145,,0.516,0.384,0.464,0.98,0.12,0.176,0.256,0.34
146,,0.496,0.364,0.444,0.96,0.1,0.156,0.236,0.32
147,,0.476,0.344,0.424,0.94,0.08,0.136,0.216,0.3
148,,0.456,0.324,0.404,0.92,0.06,0.116,0.196,0.28
149,,0.436,0.304,0.384,0.9,0.04,0.096,0.176,0.26
150,,0.416,0.284,0.364,0.88,0.02,0.076,0.156,0.24
151,,0.396,0.264,0.344,0.86,0.0,0.056,0.136,0.22
152,,0.376,0.244,0.324,0.84,-0.02,0.036,0.116,0.2
153,5,0.056,0.012,0.304,1.0,0.98,0.228,0.096,-0.032
154,5,-0.264,-0.22,0.284,1.0,1.0,0.42,0.076,-0.264
155,8,-0.072,-0.24,0.052,0.68,0.768,0.4,0.268,0.736
156,8,0.12,-0.26,-0.18,0.36,0.536,0.38,0.46,1.0
157,2,0.312,0.74,0.012,0.34,0.304,0.06,0.228,0.98
158,2,0.504,1.0,0.204,0.32,0.072,-0.26,-0.004,0.96
159,6,0.272,0.68,-0.028,0.3,0.264,0.74,0.188,0.94
160,6,0.04,0.36,-0.26,0.28,0.456,1.0,0.38,0.92
161,3,0.02,0.552,0.74,0.472,0.436,0.768,0.06,0.688
162,3,0.0,0.744,1.0,0.664,0.416,0.536,-0.26,0.456
163,7,-0.02,0.512,0.68,0.432,0.396,0.728,0.74,0.648
164,7,-0.04,0.28,0.36,0.2,0.376,0.92,1.0,0.84
165,1,0.96,0.472,0.34,-0.032,0.056,0.688,0.98,1.0
166,1,1.0,0.664,0.32,-0.264,-0.264,0.456,0.96,1.0
167,4,0.768,0.644,0.512,0.736,-0.072,0.436,0.728,0.68
168,4,0.536,0.624,0.704,1.0,0.12,0.416,0.496,0.36
169,,0.516,0.604,0.684,0.98,0.1,0.396,0.476,0.34
170,,0.496,0.584,0.664,0.96,0.08,0.376,0.456,0.32
171,,0.476,0.564,0.644,0.94,0.06,0.356,0.436,0.3
172,,0.456,0.544,0.624,0.92,0.04,0.336,0.416,0.28
173,,0.436,0.524,0.604,0.9,0.02,0.316,0.396,0.26
174,,0.416,0.504,0.584,0.88,0.0,0.296,0.376,0.24
175,,0.396,0.484,0.564,0.86,-0.02,0.276,0.356,0.22
176,5,0.076,0.252,0.544,1.0,0.98,0.468,0.336,-0.012
177,5,-0.244,0.02,0.524,1.0,1.0,0.66,0.316,-0.244
178,1,0.756,0.212,0.504,0.768,0.68,0.428,0.296,-0.052
179,1,1.0,0.404,0.484,0.536,0.36,0.196,0.276,0.14
180,,0.98,0.384,0.464,0.516,0.34,0.176,0.256,0.12
181,,0.96,0.364,0.444,0.496,0.32,0.156,0.236,0.1
182,,0.94,0.344,0.424,0.476,0.3,0.136,0.216,0.08
183,,0.92,0.324,0.404,0.456,0.28,0.116,0.196,0.06
184,,0.9,0.304,0.384,0.436,0.26,0.096,0.176,0.04
185,,0.88,0.284,0.364,0.416,0.24,0.076,0.156,0.02
186,,0.86,0.264,0.344,0.396,0.22,0.056,0.136,0.0
187,,0.84,0.244,0.324,0.376,0.2,0.036,0.116,-0.02
188,8,1.0,0.224,0.092,0.056,-0.032,0.016,0.308,0.98
189,8,1.0,0.204,-0.14,-0.264,-0.264,-0.004,0.5,1.0
190,5,0.68,-0.028,-0.16,-0.072,0.736,0.188,0.48,0.768
191,5,0.36,-0.26,-0.18,0.12,1.0,0.38,0.46,0.536
192,2,0.552,0.74,0.012,0.1,0.768,0.06,0.228,0.516
193,2,0.744,1.0,0.204,0.08,0.536,-0.26,-0.004,0.496
194,6,0.512,0.68,-0.028,0.06,0.728,0.74,0.188,0.476
195,6,0.28,0.36,-0.26,0.04,0.92,1.0,0.38,0.456
196,3,0.26,0.552,0.74,0.232,0.9,0.768,0.06,0.224
197,3,0.24,0.744,1.0,0.424,0.88,0.536,-0.26,-0.008
198,7,0.22,0.512,0.68,0.192,0.86,0.728,0.74,0.184
199,7,0.2,0.28,0.36,-0.04,0.84,0.92,1.0,0.376
200,4,-0.032,0.26,0.552,0.96,1.0,0.9,0.768,0.056
201,4,-0.264,0.24,0.744,1.0,1.0,0.88,0.536,-0.264
202,1,0.736,0.432,0.724,0.768,0.68,0.648,0.516,-0.072
203,1,1.0,0.624,0.704,0.536,0.36,0.416,0.496,0.12
204,,0.98,0.604,0.684,0.516,0.34,0.396,0.476,0.1
205,,0.96,0.584,0.664,0.496,0.32,0.376,0.456,0.08
206,,0.94,0.564,0.644,0.476,0.3,0.356,0.436,0.06
207,,0.92,0.544,0.624,0.456,0.28,0.336,0.416,0.04
208,,0.9,0.524,0.604,0.436,0.26,0.316,0.396,0.02
209,,0.88,0.504,0.584,0.416,0.24,0.296,0.376,0.0
210,,0.86,0.484,0.564,0.396,0.22,0.276,0.356,-0.02
211,8,1.0,0.464,0.332,0.076,-0.012,0.256,0.548,0.98
212,8,1.0,0.444,0.1,-0.244,-0.244,0.236,0.74,1.0
213,4,0.768,0.424,0.292,0.756,-0.052,0.216,0.508,0.68
214,4,0.536,0.404,0.484,1.0,0.14,0.196,0.276,0.36
215,,0.516,0.384,0.464,0.98,0.12,0.176,0.256,0.34
216,,0.496,0.364,0.444,0.96,0.1,0.156,0.236,0.32
217,,0.476,0.344,0.424,0.94,0.08,0.136,0.216,0.3
218,,0.456,0.324,0.404,0.92,0.06,0.116,0.196,0.28
219,,0.436,0.304,0.384,0.9,0.04,0.096,0.176,0.26
220,,0.416,0.284,0.364,0.88,0.02,0.076,0.156,0.24
221,,0.396,0.264,0.344,0.86,0.0,0.056,0.136,0.22
222,,0.376,0.244,0.324,0.84,-0.02,0.036,0.116,0.2
223,5,0.056,0.012,0.304,1.0,0.98,0.228,0.096,-0.032
224,5,-0.264,-0.22,0.284,1.0,1.0,0.42,0.076,-0.264
225,1,0.736,-0.028,0.264,0.768,0.68,0.188,0.056,-0.072
226,1,1.0,0.164,0.244,0.536,0.36,-0.044,0.036,0.12
227,6,0.768,-0.156,0.012,0.516,0.552,0.956,0.228,0.1
228,6,0.536,-0.476,-0.22,0.496,0.744,1.0,0.42,0.08
229,2,0.728,0.524,-0.028,0.476,0.512,0.68,0.188,0.06
230,2,0.92,1.0,0.164,0.456,0.28,0.36,-0.044,0.04
231,7,0.9,0.768,-0.156,0.224,0.26,0.552,0.956,0.232
232,7,0.88,0.536,-0.476,-0.008,0.24,0.744,1.0,0.424
233,3,0.86,0.728,0.524,0.184,0.22,0.512,0.68,0.192
234,3,0.84,0.92,1.0,0.376,0.2,0.28,0.36,-0.04
235,8,1.0,0.9,0.768,0.056,-0.032,0.26,0.552,0.96
236,8,1.0,0.88,0.536,-0.264,-0.264,0.24,0.744,1.0
237,5,0.68,0.648,0.516,-0.072,0.736,0.432,0.724,0.768
238,5,0.36,0.416,0.496,0.12,1.0,0.624,0.704,0.536
239,,0.34,0.396,0.476,0.1,0.98,0.604,0.684,0.516
240,,0.32,0.376,0.456,0.08,0.96,0.584,0.664,0.496
241,,0.3,0.356,0.436,0.06,0.94,0.564,0.644,0.476
242,,0.28,0.336,0.416,0.04,0.92,0.544,0.624,0.456
243,,0.26,0.316,0.396,0.02,0.9,0.524,0.604,0.436
244,,0.24,0.296,0.376,0.0,0.88,0.504,0.584,0.416
245,,0.22,0.276,0.356,-0.02,0.86,0.484,0.564,0.396
246,4,-0.012,0.256,0.548,0.98,1.0,0.464,0.332,0.076
247,4,-0.244,0.236,0.74,1.0,1.0,0.444,0.1,-0.244
248,1,0.756,0.428,0.72,0.768,0.68,0.212,0.08,-0.052
249,1,1.0,0.62,0.7,0.536,0.36,-0.02,0.06,0.14
250,6,0.768,0.3,0.468,0.516,0.552,0.98,0.252,0.12
251,6,0.536,-0.02,0.236,0.496,0.744,1.0,0.444,0.1
252,2,0.728,0.98,0.428,0.476,0.512,0.68,0.212,0.08
253,2,0.92,1.0,0.62,0.456,0.28,0.36,-0.02,0.06
254,7,0.9,0.768,0.3,0.224,0.26,0.552,0.98,0.252
255,7,0.88,0.536,-0.02,-0.008,0.24,0.744,1.0,0.444
256,3,0.86,0.728,0.98,0.184,0.22,0.512,0.68,0.212
257,3,0.84,0.92,1.0,0.376,0.2,0.28,0.36,-0.02
258,8,1.0,0.9,0.768,0.056,-0.032,0.26,0.552,0.98
259,8,1.0,0.88,0.536,-0.264,-0.264,0.24,0.744,1.0
260,5,0.68,0.648,0.516,-0.072,0.736,0.432,0.724,0.768
261,5,0.36,0.416,0.496,0.12,1.0,0.624,0.704,0.536
262,,0.34,0.396,0.476,0.1,0.98,0.604,0.684,0.516
263,,0.32,0.376,0.456,0.08,0.96,0.584,0.664,0.496
264,,0.3,0.356,0.436,0.06,0.94,0.564,0.644,0.476
265,,0.28,0.336,0.416,0.04,0.92,0.544,0.624,0.456
266,,0.26,0.316,0.396,0.02,0.9,0.524,0.604,0.436
267,,0.24,0.296,0.376,0.0,0.88,0.504,0.584,0.416
268,,0.22,0.276,0.356,-0.02,0.86,0.484,0.564,0.396
269,4,-0.012,0.256,0.548,0.98,1.0,0.464,0.332,0.076
270,4,-0.244,0.236,0.74,1.0,1.0,0.444,0.1,-0.244
271,1,0.756,0.428,0.72,0.768,0.68,0.212,0.08,-0.052
272,1,1.0,0.62,0.7,0.536,0.36,-0.02,0.06,0.14
273,6,0.768,0.3,0.468,0.516,0.552,0.98,0.252,0.12
274,6,0.536,-0.02,0.236,0.496,0.744,1.0,0.444,0.1
275,2,0.728,0.98,0.428,0.476,0.512,0.68,0.212,0.08
276,2,0.92,1.0,0.62,0.456,0.28,0.36,-0.02,0.06
277,7,0.9,0.768,0.3,0.224,0.26,0.552,0.98,0.252
278,7,0.88,0.536,-0.02,-0.008,0.24,0.744,1.0,0.444
279,3,0.86,0.728,0.98,0.184,0.22,0.512,0.68,0.212
280,3,0.84,0.92,1.0,0.376,0.2,0.28,0.36,-0.02
281,8,1.0,0.9,0.768,0.056,-0.032,0.26,0.552,0.98
282,8,1.0,0.88,0.536,-0.264,-0.264,0.24,0.744,1.0
283,4,0.768,0.86,0.728,0.736,-0.072,0.22,0.512,0.68
284,4,0.536,0.84,0.92,1.0,0.12,0.2,0.28,0.36
285,,0.516,0.82,0.9,0.98,0.1,0.18,0.26,0.34
286,,0.496,0.8,0.88,0.96,0.08,0.16,0.24,0.32
287,,0.476,0.78,0.86,0.94,0.06,0.14,0.22,0.3
288,,0.456,0.76,0.84,0.92,0.04,0.12,0.2,0.28
289,,0.436,0.74,0.82,0.9,0.02,0.1,0.18,0.26
290,,0.416,0.72,0.8,0.88,0.0,0.08,0.16,0.24
291,,0.396,0.7,0.78,0.86,-0.02,0.06,0.14,0.22
292,5,0.076,0.468,0.76,1.0,0.98,0.252,0.12,-0.012
293,5,-0.244,0.236,0.74,1.0,1.0,0.444,0.1,-0.244
294,1,0.756,0.428,0.72,0.768,0.68,0.212,0.08,-0.052
295,1,1.0,0.62,0.7,0.536,0.36,-0.02,0.06,0.14
296,6,0.768,0.3,0.468,0.516,0.552,0.98,0.252,0.12
297,6,0.536,-0.02,0.236,0.496,0.744,1.0,0.444,0.1
298,2,0.728,0.98,0.428,0.476,0.512,0.68,0.212,0.08
299,2,0.92,1.0,0.62,0.456,0.28,0.36,-0.02,0.06
300,7,0.9,0.768,0.3,0.224,0.26,0.552,0.98,0.252
301,7,0.88,0.536,-0.02,-0.008,0.24,0.744,1.0,0.444
302,3,0.86,0.728,0.98,0.184,0.22,0.512,0.68,0.212
303,3,0.84,0.92,1.0,0.376,0.2,0.28,0.36,-0.02
304,8,1.0,0.9,0.768,0.056,-0.032,0.26,0.552,0.98
305,8,1.0,0.88,0.536,-0.264,-0.264,0.24,0.744,1.0
306,5,0.68,0.648,0.516,-0.072,0.736,0.432,0.724,0.768
307,5,0.36,0.416,0.496,0.12,1.0,0.624,0.704,0.536
308,,0.34,0.396,0.476,0.1,0.98,0.604,0.684,0.516
309,,0.32,0.376,0.456,0.08,0.96,0.584,0.664,0.496
310,,0.3,0.356,0.436,0.06,0.94,0.564,0.644,0.476
311,,0.28,0.336,0.416,0.04,0.92,0.544,0.624,0.456
312,,0.26,0.316,0.396,0.02,0.9,0.524,0.604,0.436
313,,0.24,0.296,0.376,0.0,0.88,0.504,0.584,0.416
314,,0.22,0.276,0.356,-0.02,0.86,0.484,0.564,0.396
315,4,-0.012,0.256,0.548,0.98,1.0,0.464,0.332,0.076
316,4,-0.244,0.236,0.74,1.0,1.0,0.444,0.1,-0.244
317,1,0.756,0.428,0.72,0.768,0.68,0.212,0.08,-0.052
318,1,1.0,0.62,0.7,0.536,0.36,-0.02,0.06,0.14
319,6,0.768,0.3,0.468,0.516,0.552,0.98,0.252,0.12
320,6,0.536,-0.02,0.236,0.496,0.744,1.0,0.444,0.1
321,2,0.728,0.98,0.428,0.476,0.512,0.68,0.212,0.08
322,2,0.92,1.0,0.62,0.456,0.28,0.36,-0.02,0.06
323,7,0.9,0.768,0.3,0.224,0.26,0.552,0.98,0.252
324,7,0.88,0.536,-0.02,-0.008,0.24,0.744,1.0,0.444
325,3,0.86,0.728,0.98,0.184,0.22,0.512,0.68,0.212
326,3,0.84,0.92,1.0,0.376,0.2,0.28,0.36,-0.02
327,8,1.0,0.9,0.768,0.056,-0.032,0.26,0.552,0.98
328,8,1.0,0.88,0.536,-0.264,-0.264,0.24,0.744,1.0
329,4,0.768,0.86,0.728,0.736,-0.072,0.22,0.512,0.68
330,4,0.536,0.84,0.92,1.0,0.12,0.2,0.28,0.36
331,,0.516,0.82,0.9,0.98,0.1,0.18,0.26,0.34
332,,0.496,0.8,0.88,0.96,0.08,0.16,0.24,0.32
333,,0.476,0.78,0.86,0.94,0.06,0.14,0.22,0.3
334,,0.456,0.76,0.84,0.92,0.04,0.12,0.2,0.28
335,,0.436,0.74,0.82,0.9,0.02,0.1,0.18,0.26
336,,0.416,0.72,0.8,0.88,0.0,0.08,0.16,0.24
337,,0.396,0.7,0.78,0.86,-0.02,0.06,0.14,0.22
338,5,0.076,0.468,0.76,1.0,0.98,0.252,0.12,-0.012
339,5,-0.244,0.236,0.74,1.0,1.0,0.444,0.1,-0.244
340,8,-0.052,0.216,0.508,0.68,0.768,0.424,0.292,0.756
341,8,0.14,0.196,0.276,0.36,0.536,0.404,0.484,1.0
342,,0.12,0.176,0.256,0.34,0.516,0.384,0.464,0.98
343,,0.1,0.156,0.236,0.32,0.496,0.364,0.444,0.96
344,,0.08,0.136,0.216,0.3,0.476,0.344,0.424,0.94
345,,0.06,0.116,0.196,0.28,0.456,0.324,0.404,0.92
346,,0.04,0.096,0.176,0.26,0.436,0.304,0.384,0.9
347,,0.02,0.076,0.156,0.24,0.416,0.284,0.364,0.88
348,,0.0,0.056,0.136,0.22,0.396,0.264,0.344,0.86
349,,-0.02,0.036,0.116,0.2,0.376,0.244,0.324,0.84
350,1,0.98,0.228,0.096,-0.032,0.056,0.012,0.304,1.0
351,1,1.0,0.42,0.076,-0.264,-0.264,-0.22,0.284,1.0
352,4,0.768,0.4,0.268,0.736,-0.072,-0.24,0.052,0.68
353,4,0.536,0.38,0.46,1.0,0.12,-0.26,-0.18,0.36
354,6,0.304,0.06,0.228,0.98,0.312,0.74,0.012,0.34
355,6,0.072,-0.26,-0.004,0.96,0.504,1.0,0.204,0.32
356,2,0.264,0.74,0.188,0.94,0.272,0.68,-0.028,0.3
357,2,0.456,1.0,0.38,0.92,0.04,0.36,-0.26,0.28
358,7,0.436,0.768,0.06,0.688,0.02,0.552,0.74,0.472
359,7,0.416,0.536,-0.26,0.456,0.0,0.744,1.0,0.664
360,3,0.396,0.728,0.74,0.648,-0.02,0.512,0.68,0.432
361,3,0.376,0.92,1.0,0.84,-0.04,0.28,0.36,0.2
362,5,0.056,0.688,0.98,1.0,0.96,0.472,0.34,-0.032
363,5,-0.264,0.456,0.96,1.0,1.0,0.664,0.32,-0.264
364,8,-0.072,0.436,0.728,0.68,0.768,0.644,0.512,0.736
365,8,0.12,0.416,0.496,0.36,0.536,0.624,0.704,1.0
366,,0.1,0.396,0.476,0.34,0.516,0.604,0.684,0.98
367,,0.08,0.376,0.456,0.32,0.496,0.584,0.664,0.96
368,,0.06,0.356,0.436,0.3,0.476,0.564,0.644,0.94
369,,0.04,0.336,0.416,0.28,0.456,0.544,0.624,0.92
370,,0.02,0.316,0.396,0.26,0.436,0.524,0.604,0.9
371,,0.0,0.296,0.376,0.24,0.416,0.504,0.584,0.88
372,,-0.02,0.276,0.356,0.22,0.396,0.484,0.564,0.86
373,1,0.98,0.468,0.336,-0.012,0.076,0.252,0.544,1.0
374,1,1.0,0.66,0.316,-0.244,-0.244,0.02,0.524,1.0
375,5,0.68,0.428,0.296,-0.052,0.756,0.212,0.504,0.768
376,5,0.36,0.196,0.276,0.14,1.0,0.404,0.484,0.536
377,,0.34,0.176,0.256,0.12,0.98,0.384,0.464,0.516
378,,0.32,0.156,0.236,0.1,0.96,0.364,0.444,0.496
379,,0.3,0.136,0.216,0.08,0.94,0.344,0.424,0.476
380,,0.28,0.116,0.196,0.06,0.92,0.324,0.404,0.456
381,,0.26,0.096,0.176,0.04,0.9,0.304,0.384,0.436
382,,0.24,0.076,0.156,0.02,0.88,0.284,0.364,0.416
383,,0.22,0.056,0.136,0.0,0.86,0.264,0.344,0.396
384,,0.2,0.036,0.116,-0.02,0.84,0.244,0.324,0.376
385,4,-0.032,0.016,0.308,0.98,1.0,0.224,0.092,0.056
386,4,-0.264,-0.004,0.5,1.0,1.0,0.204,-0.14,-0.264
387,1,0.736,0.188,0.48,0.768,0.68,-0.028,-0.16,-0.072
388,1,1.0,0.38,0.46,0.536,0.36,-0.26,-0.18,0.12
389,6,0.768,0.06,0.228,0.516,0.552,0.74,0.012,0.1
390,6,0.536,-0.26,-0.004,0.496,0.744,1.0,0.204,0.08
391,2,0.728,0.74,0.188,0.476,0.512,0.68,-0.028,0.06
392,2,0.92,1.0,0.38,0.456,0.28,0.36,-0.26,0.04
393,7,0.9,0.768,0.06,0.224,0.26,0.552,0.74,0.232
394,7,0.88,0.536,-0.26,-0.008,0.24,0.744,1.0,0.424
395,3,0.86,0.728,0.74,0.184,0.22,0.512,0.68,0.192
396,3,0.84,0.92,1.0,0.376,0.2,0.28,0.36,-0.04
397,8,1.0,0.9,0.768,0.056,-0.032,0.26,0.552,0.96
398,8,1.0,0.88,0.536,-0.264,-0.264,0.24,0.744,1.0
399,5,0.68,0.648,0.516,-0.072,0.736,0.432,0.724,0.768
400,5,0.36,0.416,0.496,0.12,1.0,0.624,0.704,0.536
401,,0.34,0.396,0.476,0.1,0.98,0.604,0.684,0.516
402,,0.32,0.376,0.456,0.08,0.96,0.584,0.664,0.496
403,,0.3,0.356,0.436,0.06,0.94,0.564,0.644,0.476
404,,0.28,0.336,0.416,0.04,0.92,0.544,0.624,0.456
405,,0.26,0.316,0.396,0.02,0.9,0.524,0.604,0.436
406,,0.24,0.296,0.376,0.0,0.88,0.504,0.584,0.416
407,,0.22,0.276,0.356,-0.02,0.86,0.484,0.564,0.396
408,4,-0.012,0.256,0.548,0.98,1.0,0.464,0.332,0.076
409,4,-0.244,0.236,0.74,1.0,1.0,0.444,0.1,-0.244
410,1,0.756,0.428,0.72,0.768,0.68,0.212,0.08,-0.052
411,1,1.0,0.62,0.7,0.536,0.36,-0.02,0.06,0.14
412,6,0.768,0.3,0.468,0.516,0.552,0.98,0.252,0.12
413,6,0.536,-0.02,0.236,0.496,0.744,1.0,0.444,0.1
414,2,0.728,0.98,0.428,0.476,0.512,0.68,0.212,0.08
415,2,0.92,1.0,0.62,0.456,0.28,0.36,-0.02,0.06
416,7,0.9,0.768,0.3,0.224,0.26,0.552,0.98,0.252
417,7,0.88,0.536,-0.02,-0.008,0.24,0.744,1.0,0.444
418,3,0.86,0.728,0.98,0.184,0.22,0.512,0.68,0.212
419,3,0.84,0.92,1.0,0.376,0.2,0.28,0.36,-0.02
420,8,1.0,0.9,0.768,0.056,-0.032,0.26,0.552,0.98
421,8,1.0,0.88,0.536,-0.264,-0.264,0.24,0.744,1.0
422,5,0.68,0.648,0.516,-0.072,0.736,0.432,0.724,0.768
423,5,0.36,0.416,0.496,0.12,1.0,0.624,0.704,0.536
424,,0.34,0.396,0.476,0.1,0.98,0.604,0.684,0.516
425,,0.32,0.376,0.456,0.08,0.96,0.584,0.664,0.496
426,,0.3,0.356,0.436,0.06,0.94,0.564,0.644,0.476
427,,0.28,0.336,0.416,0.04,0.92,0.544,0.624,0.456
428,,0.26,0.316,0.396,0.02,0.9,0.524,0.604,0.436
429,,0.24,0.296,0.376,0.0,0.88,0.504,0.584,0.416
430,,0.22,0.276,0.356,-0.02,0.86,0.484,0.564,0.396
431,4,-0.012,0.256,0.548,0.98,1.0,0.464,0.332,0.076
432,4,-0.244,0.236,0.74,1.0,1.0,0.444,0.1,-0.244
433,8,-0.052,0.216,0.508,0.68,0.768,0.424,0.292,0.756
434,8,0.14,0.196,0.276,0.36,0.536,0.404,0.484,1.0
435,,0.12,0.176,0.256,0.34,0.516,0.384,0.464,0.98
436,,0.1,0.156,0.236,0.32,0.496,0.364,0.444,0.96
437,,0.08,0.136,0.216,0.3,0.476,0.344,0.424,0.94
438,,0.06,0.116,0.196,0.28,0.456,0.324,0.404,0.92
439,,0.04,0.096,0.176,0.26,0.436,0.304,0.384,0.9
440,,0.02,0.076,0.156,0.24,0.416,0.284,0.364,0.88
441,,0.0,0.056,0.136,0.22,0.396,0.264,0.344,0.86
442,,-0.02,0.036,0.116,0.2,0.376,0.244,0.324,0.84
443,1,0.98,0.228,0.096,-0.032,0.056,0.012,0.304,1.0
444,1,1.0,0.42,0.076,-0.264,-0.264,-0.22,0.284,1.0
445,4,0.768,0.4,0.268,0.736,-0.072,-0.24,0.052,0.68
446,4,0.536,0.38,0.46,1.0,0.12,-0.26,-0.18,0.36
447,6,0.304,0.06,0.228,0.98,0.312,0.74,0.012,0.34
448,6,0.072,-0.26,-0.004,0.96,0.504,1.0,0.204,0.32
449,2,0.264,0.74,0.188,0.94,0.272,0.68,-0.028,0.3
450,2,0.456,1.0,0.38,0.92,0.04,0.36,-0.26,0.28
451,7,0.436,0.768,0.06,0.688,0.02,0.552,0.74,0.472
452,7,0.416,0.536,-0.26,0.456,0.0,0.744,1.0,0.664
453,3,0.396,0.728,0.74,0.648,-0.02,0.512,0.68,0.432
454,3,0.376,0.92,1.0,0.84,-0.04,0.28,0.36,0.2
455,5,0.056,0.688,0.98,1.0,0.96,0.472,0.34,-0.032
456,5,-0.264,0.456,0.96,1.0,1.0,0.664,0.32,-0.264
457,8,-0.072,0.436,0.728,0.68,0.768,0.644,0.512,0.736
458,8,0.12,0.416,0.496,0.36,0.536,0.624,0.704,1.0
459,,0.1,0.396,0.476,0.34,0.516,0.604,0.684,0.98
460,,0.08,0.376,0.456,0.32,0.496,0.584,0.664,0.96
461,,0.06,0.356,0.436,0.3,0.476,0.564,0.644,0.94
462,,0.04,0.336,0.416,0.28,0.456,0.544,0.624,0.92
463,,0.02,0.316,0.396,0.26,0.436,0.524,0.604,0.9
464,,0.0,0.296,0.376,0.24,0.416,0.504,0.584,0.88
465,,-0.02,0.276,0.356,0.22,0.396,0.484,0.564,0.86
466,1,0.98,0.468,0.336,-0.012,0.076,0.252,0.544,1.0
467,1,1.0,0.66,0.316,-0.244,-0.244,0.02,0.524,1.0
468,5,0.68,0.428,0.296,-0.052,0.756,0.212,0.504,0.768
469,5,0.36,0.196,0.276,0.14,1.0,0.404,0.484,0.536
470,,0.34,0.176,0.256,0.12,0.98,0.384,0.464,0.516
471,,0.32,0.156,0.236,0.1,0.96,0.364,0.444,0.496
472,,0.3,0.136,0.216,0.08,0.94,0.344,0.424,0.476
473,,0.28,0.116,0.196,0.06,0.92,0.324,0.404,0.456
474,,0.26,0.096,0.176,0.04,0.9,0.304,0.384,0.436
475,,0.24,0.076,0.156,0.02,0.88,0.284,0.364,0.416
476,,0.22,0.056,0.136,0.0,0.86,0.264,0.344,0.396
477,,0.2,0.036,0.116,-0.02,0.84,0.244,0.324,0.376
478,4,-0.032,0.016,0.308,0.98,1.0,0.224,0.092,0.056
479,4,-0.264,-0.004,0.5,1.0,1.0,0.204,-0.14,-0.264
480,8,-0.072,-0.024,0.268,0.68,0.768,0.184,0.052,0.736
481,8,0.12,-0.044,0.036,0.36,0.536,0.164,0.244,1.0
482,2,0.312,0.956,0.228,0.34,0.304,-0.156,0.012,0.98
483,2,0.504,1.0,0.42,0.32,0.072,-0.476,-0.22,0.96
484,6,0.272,0.68,0.188,0.3,0.264,0.524,-0.028,0.94
485,6,0.04,0.36,-0.044,0.28,0.456,1.0,0.164,0.92
486,3,0.02,0.552,0.956,0.472,0.436,0.768,-0.156,0.688
487,3,0.0,0.744,1.0,0.664,0.416,0.536,-0.476,0.456
488,7,-0.02,0.512,0.68,0.432,0.396,0.728,0.524,0.648
489,7,-0.04,0.28,0.36,0.2,0.376,0.92,1.0,0.84
490,1,0.96,0.472,0.34,-0.032,0.056,0.688,0.98,1.0
491,1,1.0,0.664,0.32,-0.264,-0.264,0.456,0.96,1.0
492,5,0.68,0.432,0.3,-0.072,0.736,0.648,0.94,0.768
493,5,0.36,0.2,0.28,0.12,1.0,0.84,0.92,0.536
494,,0.34,0.18,0.26,0.1,0.98,0.82,0.9,0.516
495,,0.32,0.16,0.24,0.08,0.96,0.8,0.88,0.496
496,,0.3,0.14,0.22,0.06,0.94,0.78,0.86,0.476
497,,0.28,0.12,0.2,0.04,0.92,0.76,0.84,0.456
498,,0.26,0.1,0.18,0.02,0.9,0.74,0.82,0.436
499,,0.24,0.08,0.16,0.0,0.88,0.72,0.8,0.416
500,,0.22,0.06,0.14,-0.02,0.86,0.7,0.78,0.396
501,4,-0.012,0.04,0.332,0.98,1.0,0.68,0.548,0.076
502,4,-0.244,0.02,0.524,1.0,1.0,0.66,0.316,-0.244
503,8,-0.052,0.0,0.292,0.68,0.768,0.64,0.508,0.756
504,8,0.14,-0.02,0.06,0.36,0.536,0.62,0.7,1.0
505,2,0.332,0.98,0.252,0.34,0.304,0.3,0.468,0.98
506,2,0.524,1.0,0.444,0.32,0.072,-0.02,0.236,0.96
507,6,0.292,0.68,0.212,0.3,0.264,0.98,0.428,0.94
508,6,0.06,0.36,-0.02,0.28,0.456,1.0,0.62,0.92
509,3,0.04,0.552,0.98,0.472,0.436,0.768,0.3,0.688
510,3,0.02,0.744,1.0,0.664,0.416,0.536,-0.02,0.456
511,7,0.0,0.512,0.68,0.432,0.396,0.728,0.98,0.648
512,7,-0.02,0.28,0.36,0.2,0.376,0.92,1.0,0.84
513,1,0.98,0.472,0.34,-0.032,0.056,0.688,0.98,1.0
514,1,1.0,0.664,0.32,-0.264,-0.264,0.456,0.96,1.0
515,4,0.768,0.644,0.512,0.736,-0.072,0.436,0.728,0.68
516,4,0.536,0.624,0.704,1.0,0.12,0.416,0.496,0.36
517,,0.516,0.604,0.684,0.98,0.1,0.396,0.476,0.34
518,,0.496,0.584,0.664,0.96,0.08,0.376,0.456,0.32
519,,0.476,0.564,0.644,0.94,0.06,0.356,0.436,0.3
520,,0.456,0.544,0.624,0.92,0.04,0.336,0.416,0.28
521,,0.436,0.524,0.604,0.9,0.02,0.316,0.396,0.26
522,,0.416,0.504,0.584,0.88,0.0,0.296,0.376,0.24
523,,0.396,0.484,0.564,0.86,-0.02,0.276,0.356,0.22
524,5,0.076,0.252,0.544,1.0,0.98,0.468,0.336,-0.012
525,5,-0.244,0.02,0.524,1.0,1.0,0.66,0.316,-0.244
526,8,-0.052,0.0,0.292,0.68,0.768,0.64,0.508,0.756
527,8,0.14,-0.02,0.06,0.36,0.536,0.62,0.7,1.0
528,2,0.332,0.98,0.252,0.34,0.304,0.3,0.468,0.98
529,2,0.524,1.0,0.444,0.32,0.072,-0.02,0.236,0.96
530,6,0.292,0.68,0.212,0.3,0.264,0.98,0.428,0.94
531,6,0.06,0.36,-0.02,0.28,0.456,1.0,0.62,0.92
532,3,0.04,0.552,0.98,0.472,0.436,0.768,0.3,0.688
533,3,0.02,0.744,1.0,0.664,0.416,0.536,-0.02,0.456
534,7,0.0,0.512,0.68,0.432,0.396,0.728,0.98,0.648
535,7,-0.02,0.28,0.36,0.2,0.376,0.92,1.0,0.84
536,1,0.98,0.472,0.34,-0.032,0.056,0.688,0.98,1.0
537,1,1.0,0.664,0.32,-0.264,-0.264,0.456,0.96,1.0
538,4,0.768,0.644,0.512,0.736,-0.072,0.436,0.728,0.68
539,4,0.536,0.624,0.704,1.0,0.12,0.416,0.496,0.36
540,,0.516,0.604,0.684,0.98,0.1,0.396,0.476,0.34
541,,0.496,0.584,0.664,0.96,0.08,0.376,0.456,0.32
542,,0.476,0.564,0.644,0.94,0.06,0.356,0.436,0.3
543,,0.456,0.544,0.624,0.92,0.04,0.336,0.416,0.28
544,,0.436,0.524,0.604,0.9,0.02,0.316,0.396,0.26
545,,0.416,0.504,0.584,0.88,0.0,0.296,0.376,0.24
546,,0.396,0.484,0.564,0.86,-0.02,0.276,0.356,0.22
547,5,0.076,0.252,0.544,1.0,0.98,0.468,0.336,-0.012
548,5,-0.244,0.02,0.524,1.0,1.0,0.66,0.316,-0.244
549,8,-0.052,0.0,0.292,0.68,0.768,0.64,0.508,0.756
550,8,0.14,-0.02,0.06,0.36,0.536,0.62,0.7,1.0
551,2,0.332,0.98,0.252,0.34,0.304,0.3,0.468,0.98
552,2,0.524,1.0,0.444,0.32,0.072,-0.02,0.236,0.96
553,6,0.292,0.68,0.212,0.3,0.264,0.98,0.428,0.94
554,6,0.06,0.36,-0.02,0.28,0.456,1.0,0.62,0.92
555,3,0.04,0.552,0.98,0.472,0.436,0.768,0.3,0.688
556,3,0.02,0.744,1.0,0.664,0.416,0.536,-0.02,0.456
557,7,0.0,0.512,0.68,0.432,0.396,0.728,0.98,0.648
558,7,-0.02,0.28,0.36,0.2,0.376,0.92,1.0,0.84
559,1,0.98,0.472,0.34,-0.032,0.056,0.688,0.98,1.0
560,1,1.0,0.664,0.32,-0.264,-0.264,0.456,0.96,1.0
561,4,0.768,0.644,0.512,0.736,-0.072,0.436,0.728,0.68
562,4,0.536,0.624,0.704,1.0,0.12,0.416,0.496,0.36
563,,0.516,0.604,0.684,0.98,0.1,0.396,0.476,0.34
564,,0.496,0.584,0.664,0.96,0.08,0.376,0.456,0.32
565,,0.476,0.564,0.644,0.94,0.06,0.356,0.436,0.3
566,,0.456,0.544,0.624,0.92,0.04,0.336,0.416,0.28
567,,0.436,0.524,0.604,0.9,0.02,0.316,0.396,0.26
568,,0.416,0.504,0.584,0.88,0.0,0.296,0.376,0.24
569,,0.396,0.484,0.564,0.86,-0.02,0.276,0.356,0.22
570,5,0.076,0.252,0.544,1.0,0.98,0.468,0.336,-0.012
571,5,-0.244,0.02,0.524,1.0,1.0,0.66,0.316,-0.244
572,1,0.756,0.212,0.504,0.768,0.68,0.428,0.296,-0.052
573,1,1.0,0.404,0.484,0.536,0.36,0.196,0.276,0.14
574,,0.98,0.384,0.464,0.516,0.34,0.176,0.256,0.12
575,,0.96,0.364,0.444,0.496,0.32,0.156,0.236,0.1
576,,0.94,0.344,0.424,0.476,0.3,0.136,0.216,0.08
577,,0.92,0.324,0.404,0.456,0.28,0.116,0.196,0.06
578,,0.9,0.304,0.384,0.436,0.26,0.096,0.176,0.04
579,,0.88,0.284,0.364,0.416,0.24,0.076,0.156,0.02
580,,0.86,0.264,0.344,0.396,0.22,0.056,0.136,0.0
581,,0.84,0.244,0.324,0.376,0.2,0.036,0.116,-0.02
582,8,1.0,0.224,0.092,0.056,-0.032,0.016,0.308,0.98
583,8,1.0,0.204,-0.14,-0.264,-0.264,-0.004,0.5,1.0
584,5,0.68,-0.028,-0.16,-0.072,0.736,0.188,0.48,0.768
585,5,0.36,-0.26,-0.18,0.12,1.0,0.38,0.46,0.536
586,2,0.552,0.74,0.012,0.1,0.768,0.06,0.228,0.516
587,2,0.744,1.0,0.204,0.08,0.536,-0.26,-0.004,0.496
588,6,0.512,0.68,-0.028,0.06,0.728,0.74,0.188,0.476
589,6,0.28,0.36,-0.26,0.04,0.92,1.0,0.38,0.456
590,3,0.26,0.552,0.74,0.232,0.9,0.768,0.06,0.224
591,3,0.24,0.744,1.0,0.424,0.88,0.536,-0.26,-0.008
592,7,0.22,0.512,0.68,0.192,0.86,0.728,0.74,0.184
593,7,0.2,0.28,0.36,-0.04,0.84,0.92,1.0,0.376
594,4,-0.032,0.26,0.552,0.96,1.0,0.9,0.768,0.056
595,4,-0.264,0.24,0.744,1.0,1.0,0.88,0.536,-0.264
596,8,-0.072,0.22,0.512,0.68,0.768,0.86,0.728,0.736
597,8,0.12,0.2,0.28,0.36,0.536,0.84,0.92,1.0
598,,0.1,0.18,0.26,0.34,0.516,0.82,0.9,0.98
599,,0.08,0.16,0.24,0.32,0.496,0.8,0.88,0.96
600,,0.06,0.14,0.22,0.3,0.476,0.78,0.86,0.94
601,,0.04,0.12,0.2,0.28,0.456,0.76,0.84,0.92
602,,0.02,0.1,0.18,0.26,0.436,0.74,0.82,0.9
603,,0.0,0.08,0.16,0.24,0.416,0.72,0.8,0.88
604,,-0.02,0.06,0.14,0.22,0.396,0.7,0.78,0.86
605,1,0.98,0.252,0.12,-0.012,0.076,0.468,0.76,1.0
606,1,1.0,0.444,0.1,-0.244,-0.244,0.236,0.74,1.0
607,5,0.68,0.212,0.08,-0.052,0.756,0.428,0.72,0.768
608,5,0.36,-0.02,0.06,0.14,1.0,0.62,0.7,0.536
609,2,0.552,0.98,0.252,0.12,0.768,0.3,0.468,0.516
610,2,0.744,1.0,0.444,0.1,0.536,-0.02,0.236,0.496
611,6,0.512,0.68,0.212,0.08,0.728,0.98,0.428,0.476
612,6,0.28,0.36,-0.02,0.06,0.92,1.0,0.62,0.456
613,3,0.26,0.552,0.98,0.252,0.9,0.768,0.3,0.224
614,3,0.24,0.744,1.0,0.444,0.88,0.536,-0.02,-0.008
615,7,0.22,0.512,0.68,0.212,0.86,0.728,0.98,0.184
616,7,0.2,0.28,0.36,-0.02,0.84,0.92,1.0,0.376
617,4,-0.032,0.26,0.552,0.98,1.0,0.9,0.768,0.056
618,4,-0.264,0.24,0.744,1.0,1.0,0.88,0.536,-0.264
619,1,0.736,0.432,0.724,0.768,0.68,0.648,0.516,-0.072
620,1,1.0,0.624,0.704,0.536,0.36,0.416,0.496,0.12
621,,0.98,0.604,0.684,0.516,0.34,0.396,0.476,0.1
622,,0.96,0.584,0.664,0.496,0.32,0.376,0.456,0.08
623,,0.94,0.564,0.644,0.476,0.3,0.356,0.436,0.06
624,,0.92,0.544,0.624,0.456,0.28,0.336,0.416,0.04
625,,0.9,0.524,0.604,0.436,0.26,0.316,0.396,0.02
626,,0.88,0.504,0.584,0.416,0.24,0.296,0.376,0.0
627,,0.86,0.484,0.564,0.396,0.22,0.276,0.356,-0.02
628,8,1.0,0.464,0.332,0.076,-0.012,0.256,0.548,0.98
629,8,1.0,0.444,0.1,-0.244,-0.244,0.236,0.74,1.0
630,5,0.68,0.212,0.08,-0.052,0.756,0.428,0.72,0.768
631,5,0.36,-0.02,0.06,0.14,1.0,0.62,0.7,0.536
632,2,0.552,0.98,0.252,0.12,0.768,0.3,0.468,0.516
633,2,0.744,1.0,0.444,0.1,0.536,-0.02,0.236,0.496
634,6,0.512,0.68,0.212,0.08,0.728,0.98,0.428,0.476
635,6,0.28,0.36,-0.02,0.06,0.92,1.0,0.62,0.456
636,3,0.26,0.552,0.98,0.252,0.9,0.768,0.3,0.224
637,3,0.24,0.744,1.0,0.444,0.88,0.536,-0.02,-0.008
638,7,0.22,0.512,0.68,0.212,0.86,0.728,0.98,0.184
639,7,0.2,0.28,0.36,-0.02,0.84,0.92,1.0,0.376
640,4,-0.032,0.26,0.552,0.98,1.0,0.9,0.768,0.056
641,4,-0.264,0.24,0.744,1.0,1.0,0.88,0.536,-0.264
642,1,0.736,0.432,0.724,0.768,0.68,0.648,0.516,-0.072
643,1,1.0,0.624,0.704,0.536,0.36,0.416,0.496,0.12
644,,0.98,0.604,0.684,0.516,0.34,0.396,0.476,0.1
645,,0.96,0.584,0.664,0.496,0.32,0.376,0.456,0.08
646,,0.94,0.564,0.644,0.476,0.3,0.356,0.436,0.06
647,,0.92,0.544,0.624,0.456,0.28,0.336,0.416,0.04
648,,0.9,0.524,0.604,0.436,0.26,0.316,0.396,0.02
649,,0.88,0.504,0.584,0.416,0.24,0.296,0.376,0.0
650,,0.86,0.484,0.564,0.396,0.22,0.276,0.356,-0.02
651,8,1.0,0.464,0.332,0.076,-0.012,0.256,0.548,0.98
652,8,1.0,0.444,0.1,-0.244,-0.244,0.236,0.74,1.0
653,4,0.768,0.424,0.292,0.756,-0.052,0.216,0.508,0.68
654,4,0.536,0.404,0.484,1.0,0.14,0.196,0.276,0.36
655,,0.516,0.384,0.464,0.98,0.12,0.176,0.256,0.34
656,,0.496,0.364,0.444,0.96,0.1,0.156,0.236,0.32
657,,0.476,0.344,0.424,0.94,0.08,0.136,0.216,0.3
658,,0.456,0.324,0.404,0.92,0.06,0.116,0.196,0.28
659,,0.436,0.304,0.384,0.9,0.04,0.096,0.176,0.26
660,,0.416,0.284,0.364,0.88,0.02,0.076,0.156,0.24
661,,0.396,0.264,0.344,0.86,0.0,0.056,0.136,0.22
662,,0.376,0.244,0.324,0.84,-0.02,0.036,0.116,0.2
663,5,0.056,0.012,0.304,1.0,0.98,0.228,0.096,-0.032
664,5,-0.264,-0.22,0.284,1.0,1.0,0.42,0.076,-0.264
665,1,0.736,-0.028,0.264,0.768,0.68,0.188,0.056,-0.072
666,1,1.0,0.164,0.244,0.536,0.36,-0.044,0.036,0.12
667,6,0.768,-0.156,0.012,0.516,0.552,0.956,0.228,0.1
668,6,0.536,-0.476,-0.22,0.496,0.744,1.0,0.42,0.08
669,2,0.728,0.524,-0.028,0.476,0.512,0.68,0.188,0.06
670,2,0.92,1.0,0.164,0.456,0.28,0.36,-0.044,0.04
671,7,0.9,0.768,-0.156,0.224,0.26,0.552,0.956,0.232
672,7,0.88,0.536,-0.476,-0.008,0.24,0.744,1.0,0.424
673,3,0.86,0.728,0.524,0.184,0.22,0.512,0.68,0.192
674,3,0.84,0.92,1.0,0.376,0.2,0.28,0.36,-0.04
675,8,1.0,0.9,0.768,0.056,-0.032,0.26,0.552,0.96
676,8,1.0,0.88,0.536,-0.264,-0.264,0.24,0.744,1.0
677,5,0.68,0.648,0.516,-0.072,0.736,0.432,0.724,0.768
678,5,0.36,0.416,0.496,0.12,1.0,0.624,0.704,0.536
679,,0.34,0.396,0.476,0.1,0.98,0.604,0.684,0.516
680,,0.32,0.376,0.456,0.08,0.96,0.584,0.664,0.496
681,,0.3,0.356,0.436,0.06,0.94,0.564,0.644,0.476
682,,0.28,0.336,0.416,0.04,0.92,0.544,0.624,0.456
683,,0.26,0.316,0.396,0.02,0.9,0.524,0.604,0.436
684,,0.24,0.296,0.376,0.0,0.88,0.504,0.584,0.416
685,,0.22,0.276,0.356,-0.02,0.86,0.484,0.564,0.396
686,4,-0.012,0.256,0.548,0.98,1.0,0.464,0.332,0.076
687,4,-0.244,0.236,0.74,1.0,1.0,0.444,0.1,-0.244
688,8,-0.052,0.216,0.508,0.68,0.768,0.424,0.292,0.756
689,8,0.14,0.196,0.276,0.36,0.536,0.404,0.484,1.0
690,,0.12,0.176,0.256,0.34,0.516,0.384,0.464,0.98
691,,0.1,0.156,0.236,0.32,0.496,0.364,0.444,0.96
692,,0.08,0.136,0.216,0.3,0.476,0.344,0.424,0.94
693,,0.06,0.116,0.196,0.28,0.456,0.324,0.404,0.92
694,,0.04,0.096,0.176,0.26,0.436,0.304,0.384,0.9
695,,0.02,0.076,0.156,0.24,0.416,0.284,0.364,0.88
696,,0.0,0.056,0.136,0.22,0.396,0.264,0.344,0.86
697,,-0.02,0.036,0.116,0.2,0.376,0.244,0.324,0.84
698,1,0.98,0.228,0.096,-0.032,0.056,0.012,0.304,1.0
699,1,1.0,0.42,0.076,-0.264,-0.264,-0.22,0.284,1.0
700,4,0.768,0.4,0.268,0.736,-0.072,-0.24,0.052,0.68
701,4,0.536,0.38,0.46,1.0,0.12,-0.26,-0.18,0.36
702,6,0.304,0.06,0.228,0.98,0.312,0.74,0.012,0.34
703,6,0.072,-0.26,-0.004,0.96,0.504,1.0,0.204,0.32
704,2,0.264,0.74,0.188,0.94,0.272,0.68,-0.028,0.3
705,2,0.456,1.0,0.38,0.92,0.04,0.36,-0.26,0.28
706,7,0.436,0.768,0.06,0.688,0.02,0.552,0.74,0.472
707,7,0.416,0.536,-0.26,0.456,0.0,0.744,1.0,0.664
708,3,0.396,0.728,0.74,0.648,-0.02,0.512,0.68,0.432
709,3,0.376,0.92,1.0,0.84,-0.04,0.28,0.36,0.2
710,5,0.056,0.688,0.98,1.0,0.96,0.472,0.34,-0.032
711,5,-0.264,0.456,0.96,1.0,1.0,0.664,0.32,-0.264
712,1,0.736,0.648,0.94,0.768,0.68,0.432,0.3,-0.072
713,1,1.0,0.84,0.92,0.536,0.36,0.2,0.28,0.12
714,,0.98,0.82,0.9,0.516,0.34,0.18,0.26,0.1
715,,0.96,0.8,0.88,0.496,0.32,0.16,0.24,0.08
716,,0.94,0.78,0.86,0.476,0.3,0.14,0.22,0.06
717,,0.92,0.76,0.84,0.456,0.28,0.12,0.2,0.04
718,,0.9,0.74,0.82,0.436,0.26,0.1,0.18,0.02
719,,0.88,0.72,0.8,0.416,0.24,0.08,0.16,0.0
720,,0.86,0.7,0.78,0.396,0.22,0.06,0.14,-0.02
721,8,1.0,0.68,0.548,0.076,-0.012,0.04,0.332,0.98
722,8,1.0,0.66,0.316,-0.244,-0.244,0.02,0.524,1.0
723,5,0.68,0.428,0.296,-0.052,0.756,0.212,0.504,0.768
724,5,0.36,0.196,0.276,0.14,1.0,0.404,0.484,0.536
725,,0.34,0.176,0.256,0.12,0.98,0.384,0.464,0.516
726,,0.32,0.156,0.236,0.1,0.96,0.364,0.444,0.496
727,,0.3,0.136,0.216,0.08,0.94,0.344,0.424,0.476
728,,0.28,0.116,0.196,0.06,0.92,0.324,0.404,0.456
729,,0.26,0.096,0.176,0.04,0.9,0.304,0.384,0.436
730,,0.24,0.076,0.156,0.02,0.88,0.284,0.364,0.416
731,,0.22,0.056,0.136,0.0,0.86,0.264,0.344,0.396
732,,0.2,0.036,0.116,-0.02,0.84,0.244,0.324,0.376
733,4,-0.032,0.016,0.308,0.98,1.0,0.224,0.092,0.056
734,4,-0.264,-0.004,0.5,1.0,1.0,0.204,-0.14,-0.264
735,1,0.736,0.188,0.48,0.768,0.68,-0.028,-0.16,-0.072
736,1,1.0,0.38,0.46,0.536,0.36,-0.26,-0.18,0.12
737,6,0.768,0.06,0.228,0.516,0.552,0.74,0.012,0.1
738,6,0.536,-0.26,-0.004,0.496,0.744,1.0,0.204,0.08
739,2,0.728,0.74,0.188,0.476,0.512,0.68,-0.028,0.06
740,2,0.92,1.0,0.38,0.456,0.28,0.36,-0.26,0.04
741,7,0.9,0.768,0.06,0.224,0.26,0.552,0.74,0.232
742,7,0.88,0.536,-0.26,-0.008,0.24,0.744,1.0,0.424
743,3,0.86,0.728,0.74,0.184,0.22,0.512,0.68,0.192
744,3,0.84,0.92,1.0,0.376,0.2,0.28,0.36,-0.04
745,8,1.0,0.9,0.768,0.056,-0.032,0.26,0.552,0.96
746,8,1.0,0.88,0.536,-0.264,-0.264,0.24,0.744,1.0
747,5,0.68,0.648,0.516,-0.072,0.736,0.432,0.724,0.768
748,5,0.36,0.416,0.496,0.12,1.0,0.624,0.704,0.536
749,,0.34,0.396,0.476,0.1,0.98,0.604,0.684,0.516
750,,0.32,0.376,0.456,0.08,0.96,0.584,0.664,0.496
751,,0.3,0.356,0.436,0.06,0.94,0.564,0.644,0.476
752,,0.28,0.336,0.416,0.04,0.92,0.544,0.624,0.456
753,,0.26,0.316,0.396,0.02,0.9,0.524,0.604,0.436
754,,0.24,0.296,0.376,0.0,0.88,0.504,0.584,0.416
755,,0.22,0.276,0.356,-0.02,0.86,0.484,0.564,0.396
756,4,-0.012,0.256,0.548,0.98,1.0,0.464,0.332,0.076
757,4,-0.244,0.236,0.74,1.0,1.0,0.444,0.1,-0.244
758,1,0.756,0.428,0.72,0.768,0.68,0.212,0.08,-0.052
759,1,1.0,0.62,0.7,0.536,0.36,-0.02,0.06,0.14
760,6,0.768,0.3,0.468,0.516,0.552,0.98,0.252,0.12
761,6,0.536,-0.02,0.236,0.496,0.744,1.0,0.444,0.1
762,2,0.728,0.98,0.428,0.476,0.512,0.68,0.212,0.08
763,2,0.92,1.0,0.62,0.456,0.28,0.36,-0.02,0.06
764,7,0.9,0.768,0.3,0.224,0.26,0.552,0.98,0.252
765,7,0.88,0.536,-0.02,-0.008,0.24,0.744,1.0,0.444
766,3,0.86,0.728,0.98,0.184,0.22,0.512,0.68,0.212
767,3,0.84,0.92,1.0,0.376,0.2,0.28,0.36,-0.02
768,8,1.0,0.9,0.768,0.056,-0.032,0.26,0.552,0.98
769,8,1.0,0.88,0.536,-0.264,-0.264,0.24,0.744,1.0
770,5,0.68,0.648,0.516,-0.072,0.736,0.432,0.724,0.768
771,5,0.36,0.416,0.496,0.12,1.0,0.624,0.704,0.536
772,,0.34,0.396,0.476,0.1,0.98,0.604,0.684,0.516
773,,0.32,0.376,0.456,0.08,0.96,0.584,0.664,0.496
774,,0.3,0.356,0.436,0.06,0.94,0.564,0.644,0.476
775,,0.28,0.336,0.416,0.04,0.92,0.544,0.624,0.456
776,,0.26,0.316,0.396,0.02,0.9,0.524,0.604,0.436
777,,0.24,0.296,0.376,0.0,0.88,0.504,0.584,0.416
778,,0.22,0.276,0.356,-0.02,0.86,0.484,0.564,0.396
779,4,-0.012,0.256,0.548,0.98,1.0,0.464,0.332,0.076
780,4,-0.244,0.236,0.74,1.0,1.0,0.444,0.1,-0.244
781,1,0.756,0.428,0.72,0.768,0.68,0.212,0.08,-0.052
782,1,1.0,0.62,0.7,0.536,0.36,-0.02,0.06,0.14
783,6,0.768,0.3,0.468,0.516,0.552,0.98,0.252,0.12
784,6,0.536,-0.02,0.236,0.496,0.744,1.0,0.444,0.1
785,2,0.728,0.98,0.428,0.476,0.512,0.68,0.212,0.08
786,2,0.92,1.0,0.62,0.456,0.28,0.36,-0.02,0.06
787,7,0.9,0.768,0.3,0.224,0.26,0.552,0.98,0.252
788,7,0.88,0.536,-0.02,-0.008,0.24,0.744,1.0,0.444
789,3,0.86,0.728,0.98,0.184,0.22,0.512,0.68,0.212
790,3,0.84,0.92,1.0,0.376,0.2,0.28,0.36,-0.02
791,8,1.0,0.9,0.768,0.056,-0.032,0.26,0.552,0.98
792,8,1.0,0.88,0.536,-0.264,-0.264,0.24,0.744,1.0
793,5,0.68,0.648,0.516,-0.072,0.736,0.432,0.724,0.768
794,5,0.36,0.416,0.496,0.12,1.0,0.624,0.704,0.536
795,,0.34,0.396,0.476,0.1,0.98,0.604,0.684,0.516
796,,0.32,0.376,0.456,0.08,0.96,0.584,0.664,0.496
797,,0.3,0.356,0.436,0.06,0.94,0.564,0.644,0.476
798,,0.28,0.336,0.416,0.04,0.92,0.544,0.624,0.456
799,,0.26,0.316,0.396,0.02,0.9,0.524,0.604,0.436
