step,active_motive,motive_1,motive_2,motive_3,motive_4,motive_5,motive_6,motive_7,motive_8
0,,0.05862,0.05059,0.06115,0.00181,0.08721,0.09321,0.05651,0.06967
1,,-0.09138,-0.09941,-0.08885,-0.14819,-0.06279,-0.05679,-0.09349,-0.08033
2,4,-0.15338,0.05059,0.27315,0.85181,0.29921,0.09321,-0.15549,-0.23033
3,4,-0.21538,0.20059,0.63515,1.0,0.66121,0.24321,-0.21749,-0.38033
4,8,0.14662,0.35059,0.57315,0.85,0.59921,0.39321,0.14451,0.61967
5,8,0.50862,0.50059,0.51115,0.7,0.53721,0.54321,0.50651,1.0
6,,0.35862,0.35059,0.36115,0.55,0.38721,0.39321,0.35651,0.85
7,,0.20862,0.20059,0.21115,0.4,0.23721,0.24321,0.20651,0.7
8,,0.05862,0.05059,0.06115,0.25,0.08721,0.09321,0.05651,0.55
9,,-0.09138,-0.09941,-0.08885,0.1,-0.06279,-0.05679,-0.09349,0.4
10,2,0.27062,0.90059,0.27315,0.25,-0.12479,-0.20679,-0.15549,0.55
11,2,0.63262,1.0,0.63515,0.4,-0.18679,-0.35679,-0.21749,0.7
12,6,0.57062,0.85,0.57315,0.55,0.17521,0.64321,0.14451,0.85
13,6,0.50862,0.7,0.51115,0.7,0.53721,1.0,0.50651,1.0
14,,0.35862,0.55,0.36115,0.55,0.38721,0.85,0.35651,0.85
15,,0.20862,0.4,0.21115,0.4,0.23721,0.7,0.20651,0.7
16,,0.05862,0.25,0.06115,0.25,0.08721,0.55,0.05651,0.55
17,,-0.09138,0.1,-0.08885,0.1,-0.06279,0.4,-0.09349,0.4
18,7,0.05862,0.038,-0.23885,0.038,0.08721,0.762,0.90651,0.762
19,7,0.20862,-0.024,-0.38885,-0.024,0.23721,1.0,1.0,1.0
20,3,0.35862,0.338,0.61115,0.338,0.38721,0.938,0.85,0.938
21,3,0.50862,0.7,1.0,0.7,0.53721,0.876,0.7,0.876
22,,0.35862,0.55,0.85,0.55,0.38721,0.726,0.55,0.726
23,,0.20862,0.4,0.7,0.4,0.23721,0.576,0.4,0.576
24,,0.05862,0.25,0.55,0.25,0.08721,0.426,0.25,0.426
25,,-0.09138,0.1,0.4,0.1,-0.06279,0.276,0.1,0.276
26,1,0.90862,0.462,0.55,0.038,-0.21279,0.214,0.25,0.638
27,1,1.0,0.824,0.7,-0.024,-0.36279,0.152,0.4,1.0
28,5,0.85,0.762,0.85,0.338,0.63721,0.514,0.55,0.938
29,5,0.7,0.7,1.0,0.7,1.0,0.876,0.7,0.876
30,,0.55,0.55,0.85,0.55,0.85,0.726,0.55,0.726
31,,0.4,0.4,0.7,0.4,0.7,0.576,0.4,0.576
32,,0.25,0.25,0.55,0.25,0.55,0.426,0.25,0.426
33,,0.1,0.1,0.4,0.1,0.4,0.276,0.1,0.276
34,,-0.05,-0.05,0.25,-0.05,0.25,0.126,-0.05,0.126
35,7,0.1,-0.112,0.1,-0.112,0.4,0.488,0.95,0.488
36,7,0.25,-0.174,-0.05,-0.174,0.55,0.85,1.0,0.85
37,2,0.612,0.826,0.312,-0.024,0.488,0.7,0.938,1.0
38,2,0.974,1.0,0.674,0.126,0.426,0.55,0.876,1.0
39,,0.824,0.85,0.524,-0.024,0.276,0.4,0.726,0.85
40,4,0.762,1.0,0.886,0.976,0.638,0.55,0.664,0.7
41,4,0.7,1.0,1.0,1.0,1.0,0.7,0.602,0.55
42,,0.55,0.85,0.85,0.85,0.85,0.55,0.452,0.4
43,,0.4,0.7,0.7,0.7,0.7,0.4,0.302,0.25
44,,0.25,0.55,0.55,0.55,0.55,0.25,0.152,0.1
45,,0.1,0.4,0.4,0.4,0.4,0.1,0.002,-0.05
46,8,0.462,0.55,0.338,0.25,0.338,0.25,0.364,0.95
47,8,0.824,0.7,0.276,0.1,0.276,0.4,0.726,1.0
48,,0.674,0.55,0.126,-0.05,0.126,0.25,0.576,0.85
49,4,0.612,0.7,0.488,0.95,0.488,0.4,0.514,0.7
50,4,0.55,0.85,0.85,1.0,0.85,0.55,0.452,0.55
51,,0.4,0.7,0.7,0.85,0.7,0.4,0.302,0.4
52,,0.25,0.55,0.55,0.7,0.55,0.25,0.152,0.25
53,,0.1,0.4,0.4,0.55,0.4,0.1,0.002,0.1
54,,-0.05,0.25,0.25,0.4,0.25,-0.05,-0.148,-0.05
55,7,0.1,0.188,0.1,0.338,0.4,0.312,0.852,0.312
56,7,0.25,0.126,-0.05,0.276,0.55,0.674,1.0,0.674
57,3,0.4,0.488,0.95,0.638,0.7,0.612,0.85,0.612
58,3,0.55,0.85,1.0,1.0,0.85,0.55,0.7,0.55
59,,0.4,0.7,0.85,0.85,0.7,0.4,0.55,0.4
60,,0.25,0.55,0.7,0.7,0.55,0.25,0.4,0.25
61,,0.1,0.4,0.55,0.55,0.4,0.1,0.25,0.1
62,,-0.05,0.25,0.4,0.4,0.25,-0.05,0.1,-0.05
63,8,0.312,0.4,0.338,0.25,0.188,0.1,0.462,0.95
64,8,0.674,0.55,0.276,0.1,0.126,0.25,0.824,1.0
65,,0.524,0.4,0.126,-0.05,-0.024,0.1,0.674,0.85
66,4,0.462,0.55,0.488,0.95,0.338,0.25,0.612,0.7
67,4,0.4,0.7,0.85,1.0,0.7,0.4,0.55,0.55
68,,0.25,0.55,0.7,0.85,0.55,0.25,0.4,0.4
69,,0.1,0.4,0.55,0.7,0.4,0.1,0.25,0.25
70,,-0.05,0.25,0.4,0.55,0.25,-0.05,0.1,0.1
71,6,-0.112,0.1,0.338,0.7,0.612,0.95,0.462,0.25
72,6,-0.174,-0.05,0.276,0.85,0.974,1.0,0.824,0.4
73,1,0.826,0.312,0.426,0.788,0.824,0.938,0.974,0.762
74,1,1.0,0.674,0.576,0.726,0.674,0.876,1.0,1.0
75,,0.85,0.524,0.426,0.576,0.524,0.726,0.85,0.85
76,,0.7,0.374,0.276,0.426,0.374,0.576,0.7,0.7
77,,0.55,0.224,0.126,0.276,0.224,0.426,0.55,0.55
78,,0.4,0.074,-0.024,0.126,0.074,0.276,0.4,0.4
79,3,0.55,0.436,0.976,0.488,0.224,0.214,0.25,0.338
80,3,0.7,0.798,1.0,0.85,0.374,0.152,0.1,0.276
81,,0.55,0.648,0.85,0.7,0.224,0.002,-0.05,0.126
82,7,0.7,0.586,0.7,0.638,0.374,0.364,0.95,0.488
83,7,0.85,0.524,0.55,0.576,0.524,0.726,1.0,0.85
84,,0.7,0.374,0.4,0.426,0.374,0.576,0.85,0.7
85,,0.55,0.224,0.25,0.276,0.224,0.426,0.7,0.55
86,,0.4,0.074,0.1,0.126,0.074,0.276,0.55,0.4
87,,0.25,-0.076,-0.05,-0.024,-0.076,0.126,0.4,0.25
88,2,0.612,0.924,0.312,0.126,-0.138,-0.024,0.338,0.4
89,2,0.974,1.0,0.674,0.276,-0.2,-0.174,0.276,0.55
90,5,0.824,0.938,0.824,0.638,0.8,0.188,0.426,0.488
91,5,0.674,0.876,0.974,1.0,1.0,0.55,0.576,0.426
92,,0.524,0.726,0.824,0.85,0.85,0.4,0.426,0.276
93,,0.374,0.576,0.674,0.7,0.7,0.25,0.276,0.126
94,,0.224,0.426,0.524,0.55,0.55,0.1,0.126,-0.024
95,8,0.586,0.576,0.462,0.4,0.488,0.25,0.488,0.976
96,8,0.948,0.726,0.4,0.25,0.426,0.4,0.85,1.0
97,,0.798,0.576,0.25,0.1,0.276,0.25,0.7,0.85
98,,0.648,0.426,0.1,-0.05,0.126,0.1,0.55,0.7
99,4,0.586,0.576,0.462,0.95,0.488,0.25,0.488,0.55
100,4,0.524,0.726,0.824,1.0,0.85,0.4,0.426,0.4
101,,0.374,0.576,0.674,0.85,0.7,0.25,0.276,0.25
102,,0.224,0.426,0.524,0.7,0.55,0.1,0.126,0.1
103,,0.074,0.276,0.374,0.55,0.4,-0.05,-0.024,-0.05
104,8,0.436,0.426,0.312,0.4,0.338,0.1,0.338,0.95
105,8,0.798,0.576,0.25,0.25,0.276,0.25,0.7,1.0
106,,0.648,0.426,0.1,0.1,0.126,0.1,0.55,0.85
107,,0.498,0.276,-0.05,-0.05,-0.024,-0.05,0.4,0.7
108,6,0.436,0.126,-0.112,0.1,0.338,0.95,0.762,0.85
109,6,0.374,-0.024,-0.174,0.25,0.7,1.0,1.0,1.0
110,3,0.524,0.338,0.826,0.612,0.85,0.938,0.85,0.938
111,3,0.674,0.7,1.0,0.974,1.0,0.876,0.7,0.876
112,,0.524,0.55,0.85,0.824,0.85,0.726,0.55,0.726
113,,0.374,0.4,0.7,0.674,0.7,0.576,0.4,0.576
114,,0.224,0.25,0.55,0.524,0.55,0.426,0.25,0.426
115,,0.074,0.1,0.4,0.374,0.4,0.276,0.1,0.276
116,,-0.076,-0.05,0.25,0.224,0.25,0.126,-0.05,0.126
117,1,0.924,0.312,0.4,0.162,0.1,0.064,0.1,0.488
118,1,1.0,0.674,0.55,0.1,-0.05,0.002,0.25,0.85
119,5,0.85,0.612,0.7,0.462,0.95,0.364,0.4,0.788
120,5,0.7,0.55,0.85,0.824,1.0,0.726,0.55,0.726
121,,0.55,0.4,0.7,0.674,0.85,0.576,0.4,0.576
122,,0.4,0.25,0.55,0.524,0.7,0.426,0.25,0.426
123,,0.25,0.1,0.4,0.374,0.55,0.276,0.1,0.276
124,,0.1,-0.05,0.25,0.224,0.4,0.126,-0.05,0.126
125,7,0.25,-0.112,0.1,0.162,0.55,0.488,0.95,0.488
126,7,0.4,-0.174,-0.05,0.1,0.7,0.85,1.0,0.85
127,2,0.762,0.826,0.312,0.25,0.638,0.7,0.938,1.0
128,2,1.0,1.0,0.674,0.4,0.576,0.55,0.876,1.0
129,,0.85,0.85,0.524,0.25,0.426,0.4,0.726,0.85
130,,0.7,0.7,0.374,0.1,0.276,0.25,0.576,0.7
131,,0.55,0.55,0.224,-0.05,0.126,0.1,0.426,0.55
132,4,0.488,0.7,0.586,0.95,0.488,0.25,0.364,0.4
133,4,0.426,0.85,0.948,1.0,0.85,0.4,0.302,0.25
134,,0.276,0.7,0.798,0.85,0.7,0.25,0.152,0.1
135,,0.126,0.55,0.648,0.7,0.55,0.1,0.002,-0.05
136,8,0.488,0.7,0.586,0.55,0.488,0.25,0.364,0.95
137,8,0.85,0.85,0.524,0.4,0.426,0.4,0.726,1.0
138,,0.7,0.7,0.374,0.25,0.276,0.25,0.576,0.85
139,,0.55,0.55,0.224,0.1,0.126,0.1,0.426,0.7
140,,0.4,0.4,0.074,-0.05,-0.024,-0.05,0.276,0.55
141,4,0.338,0.55,0.436,0.95,0.338,0.1,0.214,0.4
142,4,0.276,0.7,0.798,1.0,0.7,0.25,0.152,0.25
143,,0.126,0.55,0.648,0.85,0.55,0.1,0.002,0.1
144,,-0.024,0.4,0.498,0.7,0.4,-0.05,-0.148,-0.05
145,7,0.126,0.338,0.348,0.638,0.55,0.312,0.852,0.312
146,7,0.276,0.276,0.198,0.576,0.7,0.674,1.0,0.674
147,,0.126,0.126,0.048,0.426,0.55,0.524,0.85,0.524
148,,-0.024,-0.024,-0.102,0.276,0.4,0.374,0.7,0.374
149,3,0.126,0.338,0.898,0.638,0.55,0.312,0.55,0.312
150,3,0.276,0.7,1.0,1.0,0.7,0.25,0.4,0.25
151,,0.126,0.55,0.85,0.85,0.55,0.1,0.25,0.1
152,,-0.024,0.4,0.7,0.7,0.4,-0.05,0.1,-0.05
153,8,0.338,0.55,0.638,0.55,0.338,0.1,0.462,0.95
154,8,0.7,0.7,0.576,0.4,0.276,0.25,0.824,1.0
155,,0.55,0.55,0.426,0.25,0.126,0.1,0.674,0.85
156,,0.4,0.4,0.276,0.1,-0.024,-0.05,0.524,0.7
157,6,0.338,0.25,0.214,0.25,0.338,0.95,0.886,0.85
158,6,0.276,0.1,0.152,0.4,0.7,1.0,1.0,1.0
159,,0.126,-0.05,0.002,0.25,0.55,0.85,0.85,0.85
160,2,0.488,0.95,0.364,0.4,0.488,0.7,0.788,1.0
161,2,0.85,1.0,0.726,0.55,0.426,0.55,0.726,1.0
162,,0.7,0.85,0.576,0.4,0.276,0.4,0.576,0.85
163,,0.55,0.7,0.426,0.25,0.126,0.25,0.426,0.7
164,,0.4,0.55,0.276,0.1,-0.024,0.1,0.276,0.55
165,5,0.25,0.488,0.426,0.462,0.976,0.462,0.426,0.488
166,5,0.1,0.426,0.576,0.824,1.0,0.824,0.576,0.426
167,,-0.05,0.276,0.426,0.674,0.85,0.674,0.426,0.276
168,1,0.95,0.638,0.576,0.612,0.7,0.612,0.576,0.638
169,1,1.0,1.0,0.726,0.55,0.55,0.55,0.726,1.0
170,,0.85,0.85,0.576,0.4,0.4,0.4,0.576,0.85
171,,0.7,0.7,0.426,0.25,0.25,0.25,0.426,0.7
172,,0.55,0.55,0.276,0.1,0.1,0.1,0.276,0.55
173,,0.4,0.4,0.126,-0.05,-0.05,-0.05,0.126,0.4
174,6,0.338,0.25,0.064,0.1,0.312,0.95,0.488,0.55
175,6,0.276,0.1,0.002,0.25,0.674,1.0,0.85,0.7
176,,0.126,-0.05,-0.148,0.1,0.524,0.85,0.7,0.55
177,3,0.276,0.312,0.852,0.462,0.674,0.788,0.55,0.488
178,3,0.426,0.674,1.0,0.824,0.824,0.726,0.4,0.426
179,,0.276,0.524,0.85,0.674,0.674,0.576,0.25,0.276
180,,0.126,0.374,0.7,0.524,0.524,0.426,0.1,0.126
181,,-0.024,0.224,0.55,0.374,0.374,0.276,-0.05,-0.024
182,7,0.126,0.162,0.4,0.312,0.524,0.638,0.95,0.338
183,7,0.276,0.1,0.25,0.25,0.674,1.0,1.0,0.7
184,,0.126,-0.05,0.1,0.1,0.524,0.85,0.85,0.55
185,2,0.488,0.95,0.462,0.25,0.462,0.7,0.788,0.7
186,2,0.85,1.0,0.824,0.4,0.4,0.55,0.726,0.85
187,,0.7,0.85,0.674,0.25,0.25,0.4,0.576,0.7
188,,0.55,0.7,0.524,0.1,0.1,0.25,0.426,0.55
189,,0.4,0.55,0.374,-0.05,-0.05,0.1,0.276,0.4
190,4,0.338,0.7,0.736,0.95,0.312,0.25,0.214,0.25
191,4,0.276,0.85,1.0,1.0,0.674,0.4,0.152,0.1
192,,0.126,0.7,0.85,0.85,0.524,0.25,0.002,-0.05
193,8,0.488,0.85,0.788,0.7,0.462,0.4,0.364,0.95
194,8,0.85,1.0,0.726,0.55,0.4,0.55,0.726,1.0
195,,0.7,0.85,0.576,0.4,0.25,0.4,0.576,0.85
196,,0.55,0.7,0.426,0.25,0.1,0.25,0.426,0.7
197,,0.4,0.55,0.276,0.1,-0.05,0.1,0.276,0.55
198,5,0.25,0.488,0.426,0.462,0.95,0.462,0.426,0.488
199,5,0.1,0.426,0.576,0.824,1.0,0.824,0.576,0.426
200,,-0.05,0.276,0.426,0.674,0.85,0.674,0.426,0.276
201,1,0.95,0.638,0.576,0.612,0.7,0.612,0.576,0.638
202,1,1.0,1.0,0.726,0.55,0.55,0.55,0.726,1.0
203,,0.85,0.85,0.576,0.4,0.4,0.4,0.576,0.85
204,,0.7,0.7,0.426,0.25,0.25,0.25,0.426,0.7
205,,0.55,0.55,0.276,0.1,0.1,0.1,0.276,0.55
206,,0.4,0.4,0.126,-0.05,-0.05,-0.05,0.126,0.4
207,5,0.25,0.338,0.276,0.312,0.95,0.312,0.276,0.338
208,5,0.1,0.276,0.426,0.674,1.0,0.674,0.426,0.276
209,,-0.05,0.126,0.276,0.524,0.85,0.524,0.276,0.126
210,1,0.95,0.488,0.426,0.462,0.7,0.462,0.426,0.488
211,1,1.0,0.85,0.576,0.4,0.55,0.4,0.576,0.85
212,,0.85,0.7,0.426,0.25,0.4,0.25,0.426,0.7
213,,0.7,0.55,0.276,0.1,0.25,0.1,0.276,0.55
214,,0.55,0.4,0.126,-0.05,0.1,-0.05,0.126,0.4
215,6,0.488,0.25,0.064,0.1,0.462,0.95,0.488,0.55
216,6,0.426,0.1,0.002,0.25,0.824,1.0,0.85,0.7
217,,0.276,-0.05,-0.148,0.1,0.674,0.85,0.7,0.55
218,3,0.426,0.312,0.852,0.462,0.824,0.788,0.55,0.488
219,3,0.576,0.674,1.0,0.824,0.974,0.726,0.4,0.426
220,,0.426,0.524,0.85,0.674,0.824,0.576,0.25,0.276
221,,0.276,0.374,0.7,0.524,0.674,0.426,0.1,0.126
222,,0.126,0.224,0.55,0.374,0.524,0.276,-0.05,-0.024
223,7,0.276,0.162,0.4,0.312,0.674,0.638,0.95,0.338
224,7,0.426,0.1,0.25,0.25,0.824,1.0,1.0,0.7
225,,0.276,-0.05,0.1,0.1,0.674,0.85,0.85,0.55
226,2,0.638,0.95,0.462,0.25,0.612,0.7,0.788,0.7
227,2,1.0,1.0,0.824,0.4,0.55,0.55,0.726,0.85
228,,0.85,0.85,0.674,0.25,0.4,0.4,0.576,0.7
229,,0.7,0.7,0.524,0.1,0.25,0.25,0.426,0.55
230,,0.55,0.55,0.374,-0.05,0.1,0.1,0.276,0.4
231,4,0.488,0.7,0.736,0.95,0.462,0.25,0.214,0.25
232,4,0.426,0.85,1.0,1.0,0.824,0.4,0.152,0.1
233,,0.276,0.7,0.85,0.85,0.674,0.25,0.002,-0.05
234,8,0.638,0.85,0.788,0.7,0.612,0.4,0.364,0.95
235,8,1.0,1.0,0.726,0.55,0.55,0.55,0.726,1.0
236,,0.85,0.85,0.576,0.4,0.4,0.4,0.576,0.85
237,,0.7,0.7,0.426,0.25,0.25,0.25,0.426,0.7
238,,0.55,0.55,0.276,0.1,0.1,0.1,0.276,0.55
239,,0.4,0.4,0.126,-0.05,-0.05,-0.05,0.126,0.4
240,4,0.338,0.55,0.488,0.95,0.312,0.1,0.064,0.25
241,4,0.276,0.7,0.85,1.0,0.674,0.25,0.002,0.1
242,,0.126,0.55,0.7,0.85,0.524,0.1,-0.148,-0.05
243,7,0.276,0.488,0.55,0.788,0.674,0.462,0.852,0.312
244,7,0.426,0.426,0.4,0.726,0.824,0.824,1.0,0.674
245,,0.276,0.276,0.25,0.576,0.674,0.674,0.85,0.524
246,,0.126,0.126,0.1,0.426,0.524,0.524,0.7,0.374
247,,-0.024,-0.024,-0.05,0.276,0.374,0.374,0.55,0.224
248,3,0.126,0.338,0.95,0.638,0.524,0.312,0.4,0.162
249,3,0.276,0.7,1.0,1.0,0.674,0.25,0.25,0.1
250,,0.126,0.55,0.85,0.85,0.524,0.1,0.1,-0.05
251,8,0.488,0.7,0.788,0.7,0.462,0.25,0.462,0.95
252,8,0.85,0.85,0.726,0.55,0.4,0.4,0.824,1.0
253,,0.7,0.7,0.576,0.4,0.25,0.25,0.674,0.85
254,,0.55,0.55,0.426,0.25,0.1,0.1,0.524,0.7
255,,0.4,0.4,0.276,0.1,-0.05,-0.05,0.374,0.55
256,6,0.338,0.25,0.214,0.25,0.312,0.95,0.736,0.7
257,6,0.276,0.1,0.152,0.4,0.674,1.0,1.0,0.85
258,,0.126,-0.05,0.002,0.25,0.524,0.85,0.85,0.7
259,2,0.488,0.95,0.364,0.4,0.462,0.7,0.788,0.85
260,2,0.85,1.0,0.726,0.55,0.4,0.55,0.726,1.0
261,,0.7,0.85,0.576,0.4,0.25,0.4,0.576,0.85
262,,0.55,0.7,0.426,0.25,0.1,0.25,0.426,0.7
263,,0.4,0.55,0.276,0.1,-0.05,0.1,0.276,0.55
264,5,0.25,0.488,0.426,0.462,0.95,0.462,0.426,0.488
265,5,0.1,0.426,0.576,0.824,1.0,0.824,0.576,0.426
266,,-0.05,0.276,0.426,0.674,0.85,0.674,0.426,0.276
267,1,0.95,0.638,0.576,0.612,0.7,0.612,0.576,0.638
268,1,1.0,1.0,0.726,0.55,0.55,0.55,0.726,1.0
269,,0.85,0.85,0.576,0.4,0.4,0.4,0.576,0.85
270,,0.7,0.7,0.426,0.25,0.25,0.25,0.426,0.7
271,,0.55,0.55,0.276,0.1,0.1,0.1,0.276,0.55
272,,0.4,0.4,0.126,-0.05,-0.05,-0.05,0.126,0.4
273,6,0.338,0.25,0.064,0.1,0.312,0.95,0.488,0.55
274,6,0.276,0.1,0.002,0.25,0.674,1.0,0.85,0.7
275,,0.126,-0.05,-0.148,0.1,0.524,0.85,0.7,0.55
276,3,0.276,0.312,0.852,0.462,0.674,0.788,0.55,0.488
277,3,0.426,0.674,1.0,0.824,0.824,0.726,0.4,0.426
278,,0.276,0.524,0.85,0.674,0.674,0.576,0.25,0.276
279,,0.126,0.374,0.7,0.524,0.524,0.426,0.1,0.126
280,,-0.024,0.224,0.55,0.374,0.374,0.276,-0.05,-0.024
281,7,0.126,0.162,0.4,0.312,0.524,0.638,0.95,0.338
282,7,0.276,0.1,0.25,0.25,0.674,1.0,1.0,0.7
283,,0.126,-0.05,0.1,0.1,0.524,0.85,0.85,0.55
284,2,0.488,0.95,0.462,0.25,0.462,0.7,0.788,0.7
285,2,0.85,1.0,0.824,0.4,0.4,0.55,0.726,0.85
286,,0.7,0.85,0.674,0.25,0.25,0.4,0.576,0.7
287,,0.55,0.7,0.524,0.1,0.1,0.25,0.426,0.55
288,,0.4,0.55,0.374,-0.05,-0.05,0.1,0.276,0.4
289,4,0.338,0.7,0.736,0.95,0.312,0.25,0.214,0.25
290,4,0.276,0.85,1.0,1.0,0.674,0.4,0.152,0.1
291,,0.126,0.7,0.85,0.85,0.524,0.25,0.002,-0.05
292,8,0.488,0.85,0.788,0.7,0.462,0.4,0.364,0.95
293,8,0.85,1.0,0.726,0.55,0.4,0.55,0.726,1.0
294,,0.7,0.85,0.576,0.4,0.25,0.4,0.576,0.85
295,,0.55,0.7,0.426,0.25,0.1,0.25,0.426,0.7
296,,0.4,0.55,0.276,0.1,-0.05,0.1,0.276,0.55
297,5,0.25,0.488,0.426,0.462,0.95,0.462,0.426,0.488
298,5,0.1,0.426,0.576,0.824,1.0,0.824,0.576,0.426
299,,-0.05,0.276,0.426,0.674,0.85,0.674,0.426,0.276
300,1,0.95,0.638,0.576,0.612,0.7,0.612,0.576,0.638
301,1,1.0,1.0,0.726,0.55,0.55,0.55,0.726,1.0
302,,0.85,0.85,0.576,0.4,0.4,0.4,0.576,0.85
303,,0.7,0.7,0.426,0.25,0.25,0.25,0.426,0.7
304,,0.55,0.55,0.276,0.1,0.1,0.1,0.276,0.55
305,,0.4,0.4,0.126,-0.05,-0.05,-0.05,0.126,0.4
306,4,0.338,0.55,0.488,0.95,0.312,0.1,0.064,0.25
307,4,0.276,0.7,0.85,1.0,0.674,0.25,0.002,0.1
308,,0.126,0.55,0.7,0.85,0.524,0.1,-0.148,-0.05
309,7,0.276,0.488,0.55,0.788,0.674,0.462,0.852,0.312
310,7,0.426,0.426,0.4,0.726,0.824,0.824,1.0,0.674
311,,0.276,0.276,0.25,0.576,0.674,0.674,0.85,0.524
312,,0.126,0.126,0.1,0.426,0.524,0.524,0.7,0.374
313,,-0.024,-0.024,-0.05,0.276,0.374,0.374,0.55,0.224
314,3,0.126,0.338,0.95,0.638,0.524,0.312,0.4,0.162
315,3,0.276,0.7,1.0,1.0,0.674,0.25,0.25,0.1
316,,0.126,0.55,0.85,0.85,0.524,0.1,0.1,-0.05
317,8,0.488,0.7,0.788,0.7,0.462,0.25,0.462,0.95
318,8,0.85,0.85,0.726,0.55,0.4,0.4,0.824,1.0
319,,0.7,0.7,0.576,0.4,0.25,0.25,0.674,0.85
320,,0.55,0.55,0.426,0.25,0.1,0.1,0.524,0.7
321,,0.4,0.4,0.276,0.1,-0.05,-0.05,0.374,0.55
322,6,0.338,0.25,0.214,0.25,0.312,0.95,0.736,0.7
323,6,0.276,0.1,0.152,0.4,0.674,1.0,1.0,0.85
324,,0.126,-0.05,0.002,0.25,0.524,0.85,0.85,0.7
325,2,0.488,0.95,0.364,0.4,0.462,0.7,0.788,0.85
326,2,0.85,1.0,0.726,0.55,0.4,0.55,0.726,1.0
327,,0.7,0.85,0.576,0.4,0.25,0.4,0.576,0.85
328,,0.55,0.7,0.426,0.25,0.1,0.25,0.426,0.7
329,,0.4,0.55,0.276,0.1,-0.05,0.1,0.276,0.55
330,5,0.25,0.488,0.426,0.462,0.95,0.462,0.426,0.488
331,5,0.1,0.426,0.576,0.824,1.0,0.824,0.576,0.426
332,,-0.05,0.276,0.426,0.674,0.85,0.674,0.426,0.276
333,1,0.95,0.638,0.576,0.612,0.7,0.612,0.576,0.638
334,1,1.0,1.0,0.726,0.55,0.55,0.55,0.726,1.0
335,,0.85,0.85,0.576,0.4,0.4,0.4,0.576,0.85
336,,0.7,0.7,0.426,0.25,0.25,0.25,0.426,0.7
337,,0.55,0.55,0.276,0.1,0.1,0.1,0.276,0.55
338,,0.4,0.4,0.126,-0.05,-0.05,-0.05,0.126,0.4
339,4,0.338,0.55,0.488,0.95,0.312,0.1,0.064,0.25
340,4,0.276,0.7,0.85,1.0,0.674,0.25,0.002,0.1
341,,0.126,0.55,0.7,0.85,0.524,0.1,-0.148,-0.05
342,7,0.276,0.488,0.55,0.788,0.674,0.462,0.852,0.312
343,7,0.426,0.426,0.4,0.726,0.824,0.824,1.0,0.674
344,,0.276,0.276,0.25,0.576,0.674,0.674,0.85,0.524
345,,0.126,0.126,0.1,0.426,0.524,0.524,0.7,0.374
346,,-0.024,-0.024,-0.05,0.276,0.374,0.374,0.55,0.224
347,3,0.126,0.338,0.95,0.638,0.524,0.312,0.4,0.162
348,3,0.276,0.7,1.0,1.0,0.674,0.25,0.25,0.1
349,,0.126,0.55,0.85,0.85,0.524,0.1,0.1,-0.05
350,8,0.488,0.7,0.788,0.7,0.462,0.25,0.462,0.95
351,8,0.85,0.85,0.726,0.55,0.4,0.4,0.824,1.0
352,,0.7,0.7,0.576,0.4,0.25,0.25,0.674,0.85
353,,0.55,0.55,0.426,0.25,0.1,0.1,0.524,0.7
354,,0.4,0.4,0.276,0.1,-0.05,-0.05,0.374,0.55
355,5,0.25,0.338,0.426,0.462,0.95,0.312,0.524,0.488
356,5,0.1,0.276,0.576,0.824,1.0,0.674,0.674,0.426
357,,-0.05,0.126,0.426,0.674,0.85,0.524,0.524,0.276
358,1,0.95,0.488,0.576,0.612,0.7,0.462,0.674,0.638
359,1,1.0,0.85,0.726,0.55,0.55,0.4,0.824,1.0
360,,0.85,0.7,0.576,0.4,0.4,0.25,0.674,0.85
361,,0.7,0.55,0.426,0.25,0.25,0.1,0.524,0.7
362,,0.55,0.4,0.276,0.1,0.1,-0.05,0.374,0.55
363,6,0.488,0.25,0.214,0.25,0.462,0.95,0.736,0.7
364,6,0.426,0.1,0.152,0.4,0.824,1.0,1.0,0.85
365,,0.276,-0.05,0.002,0.25,0.674,0.85,0.85,0.7
366,2,0.638,0.95,0.364,0.4,0.612,0.7,0.788,0.85
367,2,1.0,1.0,0.726,0.55,0.55,0.55,0.726,1.0
368,,0.85,0.85,0.576,0.4,0.4,0.4,0.576,0.85
369,,0.7,0.7,0.426,0.25,0.25,0.25,0.426,0.7
370,,0.55,0.55,0.276,0.1,0.1,0.1,0.276,0.55
371,,0.4,0.4,0.126,-0.05,-0.05,-0.05,0.126,0.4
372,5,0.25,0.338,0.276,0.312,0.95,0.312,0.276,0.338
373,5,0.1,0.276,0.426,0.674,1.0,0.674,0.426,0.276
374,,-0.05,0.126,0.276,0.524,0.85,0.524,0.276,0.126
375,1,0.95,0.488,0.426,0.462,0.7,0.462,0.426,0.488
376,1,1.0,0.85,0.576,0.4,0.55,0.4,0.576,0.85
377,,0.85,0.7,0.426,0.25,0.4,0.25,0.426,0.7
378,,0.7,0.55,0.276,0.1,0.25,0.1,0.276,0.55
379,,0.55,0.4,0.126,-0.05,0.1,-0.05,0.126,0.4
380,6,0.488,0.25,0.064,0.1,0.462,0.95,0.488,0.55
381,6,0.426,0.1,0.002,0.25,0.824,1.0,0.85,0.7
382,,0.276,-0.05,-0.148,0.1,0.674,0.85,0.7,0.55
383,3,0.426,0.312,0.852,0.462,0.824,0.788,0.55,0.488
384,3,0.576,0.674,1.0,0.824,0.974,0.726,0.4,0.426
385,,0.426,0.524,0.85,0.674,0.824,0.576,0.25,0.276
386,,0.276,0.374,0.7,0.524,0.674,0.426,0.1,0.126
387,,0.126,0.224,0.55,0.374,0.524,0.276,-0.05,-0.024
388,7,0.276,0.162,0.4,0.312,0.674,0.638,0.95,0.338
389,7,0.426,0.1,0.25,0.25,0.824,1.0,1.0,0.7
390,,0.276,-0.05,0.1,0.1,0.674,0.85,0.85,0.55
391,2,0.638,0.95,0.462,0.25,0.612,0.7,0.788,0.7
392,2,1.0,1.0,0.824,0.4,0.55,0.55,0.726,0.85
393,,0.85,0.85,0.674,0.25,0.4,0.4,0.576,0.7
394,,0.7,0.7,0.524,0.1,0.25,0.25,0.426,0.55
395,,0.55,0.55,0.374,-0.05,0.1,0.1,0.276,0.4
396,4,0.488,0.7,0.736,0.95,0.462,0.25,0.214,0.25
397,4,0.426,0.85,1.0,1.0,0.824,0.4,0.152,0.1
398,,0.276,0.7,0.85,0.85,0.674,0.25,0.002,-0.05
399,8,0.638,0.85,0.788,0.7,0.612,0.4,0.364,0.95
400,8,1.0,1.0,0.726,0.55,0.55,0.55,0.726,1.0
401,,0.85,0.85,0.576,0.4,0.4,0.4,0.576,0.85
402,,0.7,0.7,0.426,0.25,0.25,0.25,0.426,0.7
403,,0.55,0.55,0.276,0.1,0.1,0.1,0.276,0.55
404,,0.4,0.4,0.126,-0.05,-0.05,-0.05,0.126,0.4
405,5,0.25,0.338,0.276,0.312,0.95,0.312,0.276,0.338
406,5,0.1,0.276,0.426,0.674,1.0,0.674,0.426,0.276
407,,-0.05,0.126,0.276,0.524,0.85,0.524,0.276,0.126
408,1,0.95,0.488,0.426,0.462,0.7,0.462,0.426,0.488
409,1,1.0,0.85,0.576,0.4,0.55,0.4,0.576,0.85
410,,0.85,0.7,0.426,0.25,0.4,0.25,0.426,0.7
411,,0.7,0.55,0.276,0.1,0.25,0.1,0.276,0.55
412,,0.55,0.4,0.126,-0.05,0.1,-0.05,0.126,0.4
413,4,0.488,0.55,0.488,0.95,0.462,0.1,0.064,0.25
414,4,0.426,0.7,0.85,1.0,0.824,0.25,0.002,0.1
415,,0.276,0.55,0.7,0.85,0.674,0.1,-0.148,-0.05
416,7,0.426,0.488,0.55,0.788,0.824,0.462,0.852,0.312
417,7,0.576,0.426,0.4,0.726,0.974,0.824,1.0,0.674
418,,0.426,0.276,0.25,0.576,0.824,0.674,0.85,0.524
419,,0.276,0.126,0.1,0.426,0.674,0.524,0.7,0.374
420,,0.126,-0.024,-0.05,0.276,0.524,0.374,0.55,0.224
421,3,0.276,0.338,0.95,0.638,0.674,0.312,0.4,0.162
422,3,0.426,0.7,1.0,1.0,0.824,0.25,0.25,0.1
423,,0.276,0.55,0.85,0.85,0.674,0.1,0.1,-0.05
424,8,0.638,0.7,0.788,0.7,0.612,0.25,0.462,0.95
425,8,1.0,0.85,0.726,0.55,0.55,0.4,0.824,1.0
426,,0.85,0.7,0.576,0.4,0.4,0.25,0.674,0.85
427,,0.7,0.55,0.426,0.25,0.25,0.1,0.524,0.7
428,,0.55,0.4,0.276,0.1,0.1,-0.05,0.374,0.55
429,6,0.488,0.25,0.214,0.25,0.462,0.95,0.736,0.7
430,6,0.426,0.1,0.152,0.4,0.824,1.0,1.0,0.85
431,,0.276,-0.05,0.002,0.25,0.674,0.85,0.85,0.7
432,2,0.638,0.95,0.364,0.4,0.612,0.7,0.788,0.85
433,2,1.0,1.0,0.726,0.55,0.55,0.55,0.726,1.0
434,,0.85,0.85,0.576,0.4,0.4,0.4,0.576,0.85
435,,0.7,0.7,0.426,0.25,0.25,0.25,0.426,0.7
436,,0.55,0.55,0.276,0.1,0.1,0.1,0.276,0.55
437,,0.4,0.4,0.126,-0.05,-0.05,-0.05,0.126,0.4
438,4,0.338,0.55,0.488,0.95,0.312,0.1,0.064,0.25
439,4,0.276,0.7,0.85,1.0,0.674,0.25,0.002,0.1
440,,0.126,0.55,0.7,0.85,0.524,0.1,-0.148,-0.05
441,7,0.276,0.488,0.55,0.788,0.674,0.462,0.852,0.312
442,7,0.426,0.426,0.4,0.726,0.824,0.824,1.0,0.674
443,,0.276,0.276,0.25,0.576,0.674,0.674,0.85,0.524
444,,0.126,0.126,0.1,0.426,0.524,0.524,0.7,0.374
445,,-0.024,-0.024,-0.05,0.276,0.374,0.374,0.55,0.224
446,3,0.126,0.338,0.95,0.638,0.524,0.312,0.4,0.162
447,3,0.276,0.7,1.0,1.0,0.674,0.25,0.25,0.1
448,,0.126,0.55,0.85,0.85,0.524,0.1,0.1,-0.05
449,8,0.488,0.7,0.788,0.7,0.462,0.25,0.462,0.95
450,8,0.85,0.85,0.726,0.55,0.4,0.4,0.824,1.0
451,,0.7,0.7,0.576,0.4,0.25,0.25,0.674,0.85
452,,0.55,0.55,0.426,0.25,0.1,0.1,0.524,0.7
453,,0.4,0.4,0.276,0.1,-0.05,-0.05,0.374,0.55
454,5,0.25,0.338,0.426,0.462,0.95,0.312,0.524,0.488
455,5,0.1,0.276,0.576,0.824,1.0,0.674,0.674,0.426
456,,-0.05,0.126,0.426,0.674,0.85,0.524,0.524,0.276
457,1,0.95,0.488,0.576,0.612,0.7,0.462,0.674,0.638
458,1,1.0,0.85,0.726,0.55,0.55,0.4,0.824,1.0
459,,0.85,0.7,0.576,0.4,0.4,0.25,0.674,0.85
460,,0.7,0.55,0.426,0.25,0.25,0.1,0.524,0.7
461,,0.55,0.4,0.276,0.1,0.1,-0.05,0.374,0.55
462,6,0.488,0.25,0.214,0.25,0.462,0.95,0.736,0.7
463,6,0.426,0.1,0.152,0.4,0.824,1.0,1.0,0.85
464,,0.276,-0.05,0.002,0.25,0.674,0.85,0.85,0.7
465,2,0.638,0.95,0.364,0.4,0.612,0.7,0.788,0.85
466,2,1.0,1.0,0.726,0.55,0.55,0.55,0.726,1.0
467,,0.85,0.85,0.576,0.4,0.4,0.4,0.576,0.85
468,,0.7,0.7,0.426,0.25,0.25,0.25,0.426,0.7
469,,0.55,0.55,0.276,0.1,0.1,0.1,0.276,0.55
470,,0.4,0.4,0.126,-0.05,-0.05,-0.05,0.126,0.4
471,6,0.338,0.25,0.064,0.1,0.312,0.95,0.488,0.55
472,6,0.276,0.1,0.002,0.25,0.674,1.0,0.85,0.7
473,,0.126,-0.05,-0.148,0.1,0.524,0.85,0.7,0.55
474,3,0.276,0.312,0.852,0.462,0.674,0.788,0.55,0.488
475,3,0.426,0.674,1.0,0.824,0.824,0.726,0.4,0.426
476,,0.276,0.524,0.85,0.674,0.674,0.576,0.25,0.276
477,,0.126,0.374,0.7,0.524,0.524,0.426,0.1,0.126
478,,-0.024,0.224,0.55,0.374,0.374,0.276,-0.05,-0.024
479,7,0.126,0.162,0.4,0.312,0.524,0.638,0.95,0.338
480,7,0.276,0.1,0.25,0.25,0.674,1.0,1.0,0.7
481,,0.126,-0.05,0.1,0.1,0.524,0.85,0.85,0.55
482,2,0.488,0.95,0.462,0.25,0.462,0.7,0.788,0.7
483,2,0.85,1.0,0.824,0.4,0.4,0.55,0.726,0.85
484,,0.7,0.85,0.674,0.25,0.25,0.4,0.576,0.7
485,,0.55,0.7,0.524,0.1,0.1,0.25,0.426,0.55
486,,0.4,0.55,0.374,-0.05,-0.05,0.1,0.276,0.4
487,5,0.25,0.488,0.524,0.312,0.95,0.462,0.426,0.338
488,5,0.1,0.426,0.674,0.674,1.0,0.824,0.576,0.276
489,,-0.05,0.276,0.524,0.524,0.85,0.674,0.426,0.126
490,1,0.95,0.638,0.674,0.462,0.7,0.612,0.576,0.488
491,1,1.0,1.0,0.824,0.4,0.55,0.55,0.726,0.85
492,,0.85,0.85,0.674,0.25,0.4,0.4,0.576,0.7
493,,0.7,0.7,0.524,0.1,0.25,0.25,0.426,0.55
494,,0.55,0.55,0.374,-0.05,0.1,0.1,0.276,0.4
495,4,0.488,0.7,0.736,0.95,0.462,0.25,0.214,0.25
496,4,0.426,0.85,1.0,1.0,0.824,0.4,0.152,0.1
497,,0.276,0.7,0.85,0.85,0.674,0.25,0.002,-0.05
498,8,0.638,0.85,0.788,0.7,0.612,0.4,0.364,0.95
499,8,1.0,1.0,0.726,0.55,0.55,0.55,0.726,1.0
