step,active_motive,motive_1,motive_2,motive_3,motive_4,motive_5,motive_6,motive_7,motive_8
0,,0.02158,0.06229,0.00853,0.00517,0.05314,0.05406,0.06374,0.07261
1,,-0.12842,-0.08771,-0.14147,-0.14483,-0.09686,-0.09594,-0.08626,-0.07739
2,4,-0.19042,0.06229,0.22053,0.85517,0.26514,0.05406,-0.14826,-0.22739
3,4,-0.25242,0.21229,0.58253,1.0,0.62714,0.20406,-0.21026,-0.37739
4,8,0.10958,0.36229,0.52053,0.85,0.56514,0.35406,0.15174,0.62261
5,8,0.47158,0.51229,0.45853,0.7,0.50314,0.50406,0.51374,1.0
6,,0.32158,0.36229,0.30853,0.55,0.35314,0.35406,0.36374,0.85
7,,0.17158,0.21229,0.15853,0.4,0.20314,0.20406,0.21374,0.7
8,,0.02158,0.06229,0.00853,0.25,0.05314,0.05406,0.06374,0.55
9,,-0.12842,-0.08771,-0.14147,0.1,-0.09686,-0.09594,-0.08626,0.4
10,3,0.02158,0.27429,0.85853,0.462,0.05314,-0.15794,-0.23626,0.338
11,3,0.17158,0.63629,1.0,0.824,0.20314,-0.21994,-0.38626,0.276
12,7,0.32158,0.57429,0.85,0.762,0.35314,0.14206,0.61374,0.638
13,7,0.47158,0.51229,0.7,0.7,0.50314,0.50406,1.0,1.0
14,,0.32158,0.36229,0.55,0.55,0.35314,0.35406,0.85,0.85
15,,0.17158,0.21229,0.4,0.4,0.20314,0.20406,0.7,0.7
16,,0.02158,0.06229,0.25,0.25,0.05314,0.05406,0.55,0.55
17,,-0.12842,-0.08771,0.1,0.1,-0.09686,-0.09594,0.4,0.4
18,1,0.87158,0.27429,0.25,0.038,-0.24686,-0.15794,0.55,0.762
19,1,1.0,0.63629,0.4,-0.024,-0.39686,-0.21994,0.7,1.0
20,5,0.85,0.57429,0.55,0.338,0.60314,0.14206,0.85,0.938
21,5,0.7,0.51229,0.7,0.7,1.0,0.50406,1.0,0.876
22,,0.55,0.36229,0.55,0.55,0.85,0.35406,0.85,0.726
23,,0.4,0.21229,0.4,0.4,0.7,0.20406,0.7,0.576
24,,0.25,0.06229,0.25,0.25,0.55,0.05406,0.55,0.426
25,,0.1,-0.08771,0.1,0.1,0.4,-0.09594,0.4,0.276
26,6,0.038,-0.23771,0.038,0.25,0.762,0.90406,0.762,0.426
27,6,-0.024,-0.38771,-0.024,0.4,1.0,1.0,1.0,0.576
28,2,0.338,0.61229,0.338,0.55,0.938,0.85,0.938,0.726
29,2,0.7,1.0,0.7,0.7,0.876,0.7,0.876,0.876
30,,0.55,0.85,0.55,0.55,0.726,0.55,0.726,0.726
31,,0.4,0.7,0.4,0.4,0.576,0.4,0.576,0.576
32,,0.25,0.55,0.25,0.25,0.426,0.25,0.426,0.426
33,,0.1,0.4,0.1,0.1,0.276,0.1,0.276,0.276
34,,-0.05,0.25,-0.05,-0.05,0.126,-0.05,0.126,0.126
35,1,0.95,0.612,0.1,-0.112,-0.024,-0.112,0.276,0.488
36,1,1.0,0.974,0.25,-0.174,-0.174,-0.174,0.426,0.85
37,5,0.85,0.912,0.4,0.188,0.826,0.188,0.576,0.788
38,5,0.7,0.85,0.55,0.55,1.0,0.55,0.726,0.726
39,,0.55,0.7,0.4,0.4,0.85,0.4,0.576,0.576
40,,0.4,0.55,0.25,0.25,0.7,0.25,0.426,0.426
41,,0.25,0.4,0.1,0.1,0.55,0.1,0.276,0.276
42,,0.1,0.25,-0.05,-0.05,0.4,-0.05,0.126,0.126
43,4,0.038,0.4,0.312,0.95,0.762,0.1,0.064,-0.024
44,4,-0.024,0.55,0.674,1.0,1.0,0.25,0.002,-0.174
45,8,0.338,0.7,0.612,0.85,0.938,0.4,0.364,0.826
46,8,0.7,0.85,0.55,0.7,0.876,0.55,0.726,1.0
47,,0.55,0.7,0.4,0.55,0.726,0.4,0.576,0.85
48,,0.4,0.55,0.25,0.4,0.576,0.25,0.426,0.7
49,,0.25,0.4,0.1,0.25,0.426,0.1,0.276,0.55
50,,0.1,0.25,-0.05,0.1,0.276,-0.05,0.126,0.4
51,6,0.038,0.1,-0.112,0.25,0.638,0.95,0.488,0.55
52,6,-0.024,-0.05,-0.174,0.4,1.0,1.0,0.85,0.7
53,3,0.126,0.312,0.826,0.762,1.0,0.938,0.7,0.638
54,3,0.276,0.674,1.0,1.0,1.0,0.876,0.55,0.576
55,,0.126,0.524,0.85,0.85,0.85,0.726,0.4,0.426
56,,-0.024,0.374,0.7,0.7,0.7,0.576,0.25,0.276
57,1,0.976,0.736,0.85,0.638,0.55,0.514,0.4,0.638
58,1,1.0,1.0,1.0,0.576,0.4,0.452,0.55,1.0
59,,0.85,0.85,0.85,0.426,0.25,0.302,0.4,0.85
60,,0.7,0.7,0.7,0.276,0.1,0.152,0.25,0.7
61,,0.55,0.55,0.55,0.126,-0.05,0.002,0.1,0.55
62,5,0.4,0.488,0.7,0.488,0.95,0.364,0.25,0.488
63,5,0.25,0.426,0.85,0.85,1.0,0.726,0.4,0.426
64,,0.1,0.276,0.7,0.7,0.85,0.576,0.25,0.276
65,,-0.05,0.126,0.55,0.55,0.7,0.426,0.1,0.126
66,1,0.95,0.488,0.7,0.488,0.55,0.364,0.25,0.488
67,1,1.0,0.85,0.85,0.426,0.4,0.302,0.4,0.85
68,,0.85,0.7,0.7,0.276,0.25,0.152,0.25,0.7
69,,0.7,0.55,0.55,0.126,0.1,0.002,0.1,0.55
70,,0.55,0.4,0.4,-0.024,-0.05,-0.148,-0.05,0.4
71,6,0.488,0.25,0.338,0.126,0.312,0.852,0.312,0.55
72,6,0.426,0.1,0.276,0.276,0.674,1.0,0.674,0.7
73,,0.276,-0.05,0.126,0.126,0.524,0.85,0.524,0.55
74,2,0.638,0.95,0.488,0.276,0.462,0.7,0.462,0.7
75,2,1.0,1.0,0.85,0.426,0.4,0.55,0.4,0.85
76,,0.85,0.85,0.7,0.276,0.25,0.4,0.25,0.7
77,,0.7,0.7,0.55,0.126,0.1,0.25,0.1,0.55
78,,0.55,0.55,0.4,-0.024,-0.05,0.1,-0.05,0.4
79,5,0.4,0.488,0.55,0.338,0.95,0.462,0.1,0.338
80,5,0.25,0.426,0.7,0.7,1.0,0.824,0.25,0.276
81,,0.1,0.276,0.55,0.55,0.85,0.674,0.1,0.126
82,,-0.05,0.126,0.4,0.4,0.7,0.524,-0.05,-0.024
83,1,0.95,0.488,0.55,0.338,0.55,0.462,0.1,0.338
84,1,1.0,0.85,0.7,0.276,0.4,0.4,0.25,0.7
85,,0.85,0.7,0.55,0.126,0.25,0.25,0.1,0.55
86,,0.7,0.55,0.4,-0.024,0.1,0.1,-0.05,0.4
87,7,0.85,0.488,0.25,-0.086,0.25,0.462,0.95,0.762
88,7,1.0,0.426,0.1,-0.148,0.4,0.824,1.0,1.0
89,4,0.938,0.576,0.462,0.852,0.762,0.974,0.938,0.85
90,4,0.876,0.726,0.824,1.0,1.0,1.0,0.876,0.7
91,,0.726,0.576,0.674,0.85,0.85,0.85,0.726,0.55
92,,0.576,0.426,0.524,0.7,0.7,0.7,0.576,0.4
93,,0.426,0.276,0.374,0.55,0.55,0.55,0.426,0.25
94,,0.276,0.126,0.224,0.4,0.4,0.4,0.276,0.1
95,,0.126,-0.024,0.074,0.25,0.25,0.25,0.126,-0.05
96,8,0.488,0.126,0.012,0.1,0.188,0.4,0.488,0.95
97,8,0.85,0.276,-0.05,-0.05,0.126,0.55,0.85,1.0
98,4,0.788,0.426,0.312,0.95,0.488,0.7,0.788,0.85
99,4,0.726,0.576,0.674,1.0,0.85,0.85,0.726,0.7
100,,0.576,0.426,0.524,0.85,0.7,0.7,0.576,0.55
101,,0.426,0.276,0.374,0.7,0.55,0.55,0.426,0.4
102,,0.276,0.126,0.224,0.55,0.4,0.4,0.276,0.25
103,,0.126,-0.024,0.074,0.4,0.25,0.25,0.126,0.1
104,2,0.488,0.976,0.436,0.55,0.188,0.1,0.064,0.25
105,2,0.85,1.0,0.798,0.7,0.126,-0.05,0.002,0.4
106,6,0.788,0.85,0.736,0.85,0.488,0.95,0.364,0.55
107,6,0.726,0.7,0.674,1.0,0.85,1.0,0.726,0.7
108,,0.576,0.55,0.524,0.85,0.7,0.85,0.576,0.55
109,,0.426,0.4,0.374,0.7,0.55,0.7,0.426,0.4
110,,0.276,0.25,0.224,0.55,0.4,0.55,0.276,0.25
111,,0.126,0.1,0.074,0.4,0.25,0.4,0.126,0.1
112,,-0.024,-0.05,-0.076,0.25,0.1,0.25,-0.024,-0.05
113,3,0.126,0.312,0.924,0.612,0.25,0.188,-0.174,-0.112
114,3,0.276,0.674,1.0,0.974,0.4,0.126,-0.324,-0.174
115,7,0.426,0.612,0.85,0.912,0.55,0.488,0.676,0.188
116,7,0.576,0.55,0.7,0.85,0.7,0.85,1.0,0.55
117,,0.426,0.4,0.55,0.7,0.55,0.7,0.85,0.4
118,,0.276,0.25,0.4,0.55,0.4,0.55,0.7,0.25
119,,0.126,0.1,0.25,0.4,0.25,0.4,0.55,0.1
120,,-0.024,-0.05,0.1,0.25,0.1,0.25,0.4,-0.05
121,2,0.338,0.95,0.462,0.4,0.038,0.1,0.338,0.1
122,2,0.7,1.0,0.824,0.55,-0.024,-0.05,0.276,0.25
123,6,0.638,0.85,0.762,0.7,0.338,0.95,0.638,0.4
124,6,0.576,0.7,0.7,0.85,0.7,1.0,1.0,0.55
125,,0.426,0.55,0.55,0.7,0.55,0.85,0.85,0.4
126,,0.276,0.4,0.4,0.55,0.4,0.7,0.7,0.25
127,,0.126,0.25,0.25,0.4,0.25,0.55,0.55,0.1
128,,-0.024,0.1,0.1,0.25,0.1,0.4,0.4,-0.05
129,8,0.338,0.25,0.038,0.1,0.038,0.55,0.762,0.95
130,8,0.7,0.4,-0.024,-0.05,-0.024,0.7,1.0,1.0
131,4,0.638,0.55,0.338,0.95,0.338,0.85,0.938,0.85
132,4,0.576,0.7,0.7,1.0,0.7,1.0,0.876,0.7
133,,0.426,0.55,0.55,0.85,0.55,0.85,0.726,0.55
134,,0.276,0.4,0.4,0.7,0.4,0.7,0.576,0.4
135,,0.126,0.25,0.25,0.55,0.25,0.55,0.426,0.25
136,,-0.024,0.1,0.1,0.4,0.1,0.4,0.276,0.1
137,1,0.976,0.462,0.25,0.338,-0.05,0.338,0.426,0.462
138,1,1.0,0.824,0.4,0.276,-0.2,0.276,0.576,0.824
139,5,0.85,0.762,0.55,0.638,0.8,0.638,0.726,0.762
140,5,0.7,0.7,0.7,1.0,1.0,1.0,0.876,0.7
141,,0.55,0.55,0.55,0.85,0.85,0.85,0.726,0.55
142,,0.4,0.4,0.4,0.7,0.7,0.7,0.576,0.4
143,,0.25,0.25,0.25,0.55,0.55,0.55,0.426,0.25
144,,0.1,0.1,0.1,0.4,0.4,0.4,0.276,0.1
145,,-0.05,-0.05,-0.05,0.25,0.25,0.25,0.126,-0.05
146,3,0.1,0.312,0.95,0.612,0.4,0.188,-0.024,-0.112
147,3,0.25,0.674,1.0,0.974,0.55,0.126,-0.174,-0.174
148,8,0.612,0.824,0.938,0.824,0.488,0.276,0.188,0.826
149,8,0.974,0.974,0.876,0.674,0.426,0.426,0.55,1.0
150,,0.824,0.824,0.726,0.524,0.276,0.276,0.4,0.85
151,,0.674,0.674,0.576,0.374,0.126,0.126,0.25,0.7
152,,0.524,0.524,0.426,0.224,-0.024,-0.024,0.1,0.55
153,6,0.462,0.374,0.364,0.374,0.338,0.976,0.462,0.7
154,6,0.4,0.224,0.302,0.524,0.7,1.0,0.824,0.85
155,,0.25,0.074,0.152,0.374,0.55,0.85,0.674,0.7
156,,0.1,-0.076,0.002,0.224,0.4,0.7,0.524,0.55
157,2,0.462,0.924,0.364,0.374,0.338,0.55,0.462,0.7
158,2,0.824,1.0,0.726,0.524,0.276,0.4,0.4,0.85
159,,0.674,0.85,0.576,0.374,0.126,0.25,0.25,0.7
160,,0.524,0.7,0.426,0.224,-0.024,0.1,0.1,0.55
161,5,0.374,0.638,0.576,0.586,0.976,0.462,0.25,0.488
162,5,0.224,0.576,0.726,0.948,1.0,0.824,0.4,0.426
163,,0.074,0.426,0.576,0.798,0.85,0.674,0.25,0.276
164,,-0.076,0.276,0.426,0.648,0.7,0.524,0.1,0.126
165,1,0.924,0.638,0.576,0.586,0.55,0.462,0.25,0.488
166,1,1.0,1.0,0.726,0.524,0.4,0.4,0.4,0.85
167,,0.85,0.85,0.576,0.374,0.25,0.25,0.25,0.7
168,,0.7,0.7,0.426,0.224,0.1,0.1,0.1,0.55
169,,0.55,0.55,0.276,0.074,-0.05,-0.05,-0.05,0.4
170,7,0.7,0.488,0.126,0.012,0.1,0.312,0.95,0.762
171,7,0.85,0.426,-0.024,-0.05,0.25,0.674,1.0,1.0
172,4,0.788,0.576,0.338,0.95,0.612,0.824,0.938,0.85
173,4,0.726,0.726,0.7,1.0,0.974,0.974,0.876,0.7
174,,0.576,0.576,0.55,0.85,0.824,0.824,0.726,0.55
175,,0.426,0.426,0.4,0.7,0.674,0.674,0.576,0.4
176,,0.276,0.276,0.25,0.55,0.524,0.524,0.426,0.25
177,,0.126,0.126,0.1,0.4,0.374,0.374,0.276,0.1
178,,-0.024,-0.024,-0.05,0.25,0.224,0.224,0.126,-0.05
179,8,0.338,0.126,-0.112,0.1,0.162,0.374,0.488,0.95
180,8,0.7,0.276,-0.174,-0.05,0.1,0.524,0.85,1.0
181,3,0.85,0.638,0.826,0.312,0.25,0.462,0.7,0.938
182,3,1.0,1.0,1.0,0.674,0.4,0.4,0.55,0.876
183,,0.85,0.85,0.85,0.524,0.25,0.25,0.4,0.726
184,,0.7,0.7,0.7,0.374,0.1,0.1,0.25,0.576
185,,0.55,0.55,0.55,0.224,-0.05,-0.05,0.1,0.426
186,5,0.4,0.488,0.7,0.586,0.95,0.312,0.25,0.364
187,5,0.25,0.426,0.85,0.948,1.0,0.674,0.4,0.302
188,,0.1,0.276,0.7,0.798,0.85,0.524,0.25,0.152
189,,-0.05,0.126,0.55,0.648,0.7,0.374,0.1,0.002
190,1,0.95,0.488,0.7,0.586,0.55,0.312,0.25,0.364
191,1,1.0,0.85,0.85,0.524,0.4,0.25,0.4,0.726
192,,0.85,0.7,0.7,0.374,0.25,0.1,0.25,0.576
193,,0.7,0.55,0.55,0.224,0.1,-0.05,0.1,0.426
194,6,0.638,0.4,0.488,0.374,0.462,0.95,0.462,0.576
195,6,0.576,0.25,0.426,0.524,0.824,1.0,0.824,0.726
196,,0.426,0.1,0.276,0.374,0.674,0.85,0.674,0.576
197,,0.276,-0.05,0.126,0.224,0.524,0.7,0.524,0.426
198,2,0.638,0.95,0.488,0.374,0.462,0.55,0.462,0.576
199,2,1.0,1.0,0.85,0.524,0.4,0.4,0.4,0.726
200,,0.85,0.85,0.7,0.374,0.25,0.25,0.25,0.576
201,,0.7,0.7,0.55,0.224,0.1,0.1,0.1,0.426
202,,0.55,0.55,0.4,0.074,-0.05,-0.05,-0.05,0.276
203,6,0.488,0.4,0.338,0.224,0.312,0.95,0.312,0.426
204,6,0.426,0.25,0.276,0.374,0.674,1.0,0.674,0.576
205,,0.276,0.1,0.126,0.224,0.524,0.85,0.524,0.426
206,,0.126,-0.05,-0.024,0.074,0.374,0.7,0.374,0.276
207,2,0.488,0.95,0.338,0.224,0.312,0.55,0.312,0.426
208,2,0.85,1.0,0.7,0.374,0.25,0.4,0.25,0.576
209,,0.7,0.85,0.55,0.224,0.1,0.25,0.1,0.426
210,,0.55,0.7,0.4,0.074,-0.05,0.1,-0.05,0.276
211,5,0.4,0.638,0.55,0.436,0.95,0.462,0.1,0.214
212,5,0.25,0.576,0.7,0.798,1.0,0.824,0.25,0.152
213,,0.1,0.426,0.55,0.648,0.85,0.674,0.1,0.002
214,,-0.05,0.276,0.4,0.498,0.7,0.524,-0.05,-0.148
215,8,0.312,0.426,0.338,0.348,0.638,0.674,0.312,0.852
216,8,0.674,0.576,0.276,0.198,0.576,0.824,0.674,1.0
217,,0.524,0.426,0.126,0.048,0.426,0.674,0.524,0.85
218,,0.374,0.276,-0.024,-0.102,0.276,0.524,0.374,0.7
219,4,0.312,0.426,0.338,0.898,0.638,0.674,0.312,0.55
220,4,0.25,0.576,0.7,1.0,1.0,0.824,0.25,0.4
221,,0.1,0.426,0.55,0.85,0.85,0.674,0.1,0.25
222,,-0.05,0.276,0.4,0.7,0.7,0.524,-0.05,0.1
223,7,0.1,0.214,0.25,0.638,0.85,0.886,0.95,0.462
224,7,0.25,0.152,0.1,0.576,1.0,1.0,1.0,0.824
225,,0.1,0.002,-0.05,0.426,0.85,0.85,0.85,0.674
226,3,0.25,0.364,0.95,0.788,1.0,0.788,0.7,0.612
227,3,0.4,0.726,1.0,1.0,1.0,0.726,0.55,0.55
228,,0.25,0.576,0.85,0.85,0.85,0.576,0.4,0.4
229,,0.1,0.426,0.7,0.7,0.7,0.426,0.25,0.25
230,,-0.05,0.276,0.55,0.55,0.55,0.276,0.1,0.1
231,1,0.95,0.638,0.7,0.488,0.4,0.214,0.25,0.462
232,1,1.0,1.0,0.85,0.426,0.25,0.152,0.4,0.824
233,,0.85,0.85,0.7,0.276,0.1,0.002,0.25,0.674
234,,0.7,0.7,0.55,0.126,-0.05,-0.148,0.1,0.524
235,6,0.638,0.55,0.488,0.276,0.312,0.852,0.462,0.674
236,6,0.576,0.4,0.426,0.426,0.674,1.0,0.824,0.824
237,,0.426,0.25,0.276,0.276,0.524,0.85,0.674,0.674
238,,0.276,0.1,0.126,0.126,0.374,0.7,0.524,0.524
239,,0.126,-0.05,-0.024,-0.024,0.224,0.55,0.374,0.374
240,2,0.488,0.95,0.338,0.126,0.162,0.4,0.312,0.524
241,2,0.85,1.0,0.7,0.276,0.1,0.25,0.25,0.674
242,,0.7,0.85,0.55,0.126,-0.05,0.1,0.1,0.524
243,5,0.55,0.788,0.7,0.488,0.95,0.462,0.25,0.462
244,5,0.4,0.726,0.85,0.85,1.0,0.824,0.4,0.4
245,,0.25,0.576,0.7,0.7,0.85,0.674,0.25,0.25
246,,0.1,0.426,0.55,0.55,0.7,0.524,0.1,0.1
247,,-0.05,0.276,0.4,0.4,0.55,0.374,-0.05,-0.05
248,8,0.312,0.426,0.338,0.25,0.488,0.524,0.312,0.95
249,8,0.674,0.576,0.276,0.1,0.426,0.674,0.674,1.0
250,,0.524,0.426,0.126,-0.05,0.276,0.524,0.524,0.85
251,4,0.462,0.576,0.488,0.95,0.638,0.674,0.462,0.7
252,4,0.4,0.726,0.85,1.0,1.0,0.824,0.4,0.55
253,,0.25,0.576,0.7,0.85,0.85,0.674,0.25,0.4
254,,0.1,0.426,0.55,0.7,0.7,0.524,0.1,0.25
255,,-0.05,0.276,0.4,0.55,0.55,0.374,-0.05,0.1
256,1,0.95,0.638,0.55,0.488,0.4,0.312,0.1,0.462
257,1,1.0,1.0,0.7,0.426,0.25,0.25,0.25,0.824
258,,0.85,0.85,0.55,0.276,0.1,0.1,0.1,0.674
259,,0.7,0.7,0.4,0.126,-0.05,-0.05,-0.05,0.524
260,5,0.55,0.638,0.55,0.488,0.95,0.312,0.1,0.462
261,5,0.4,0.576,0.7,0.85,1.0,0.674,0.25,0.4
262,,0.25,0.426,0.55,0.7,0.85,0.524,0.1,0.25
263,,0.1,0.276,0.4,0.55,0.7,0.374,-0.05,0.1
264,7,0.25,0.214,0.25,0.488,0.85,0.736,0.95,0.462
265,7,0.4,0.152,0.1,0.426,1.0,1.0,1.0,0.824
266,,0.25,0.002,-0.05,0.276,0.85,0.85,0.85,0.674
267,3,0.4,0.364,0.95,0.638,1.0,0.788,0.7,0.612
268,3,0.55,0.726,1.0,1.0,1.0,0.726,0.55,0.55
269,,0.4,0.576,0.85,0.85,0.85,0.576,0.4,0.4
270,,0.25,0.426,0.7,0.7,0.7,0.426,0.25,0.25
271,,0.1,0.276,0.55,0.55,0.55,0.276,0.1,0.1
272,,-0.05,0.126,0.4,0.4,0.4,0.126,-0.05,-0.05
273,1,0.95,0.488,0.55,0.338,0.25,0.064,0.1,0.312
274,1,1.0,0.85,0.7,0.276,0.1,0.002,0.25,0.674
275,,0.85,0.7,0.55,0.126,-0.05,-0.148,0.1,0.524
276,6,0.788,0.55,0.488,0.276,0.312,0.852,0.462,0.674
277,6,0.726,0.4,0.426,0.426,0.674,1.0,0.824,0.824
278,,0.576,0.25,0.276,0.276,0.524,0.85,0.674,0.674
279,,0.426,0.1,0.126,0.126,0.374,0.7,0.524,0.524
280,,0.276,-0.05,-0.024,-0.024,0.224,0.55,0.374,0.374
281,2,0.638,0.95,0.338,0.126,0.162,0.4,0.312,0.524
282,2,1.0,1.0,0.7,0.276,0.1,0.25,0.25,0.674
283,,0.85,0.85,0.55,0.126,-0.05,0.1,0.1,0.524
284,5,0.7,0.788,0.7,0.488,0.95,0.462,0.25,0.462
285,5,0.55,0.726,0.85,0.85,1.0,0.824,0.4,0.4
286,,0.4,0.576,0.7,0.7,0.85,0.674,0.25,0.25
287,,0.25,0.426,0.55,0.55,0.7,0.524,0.1,0.1
288,,0.1,0.276,0.4,0.4,0.55,0.374,-0.05,-0.05
289,7,0.25,0.214,0.25,0.338,0.7,0.736,0.95,0.312
290,7,0.4,0.152,0.1,0.276,0.85,1.0,1.0,0.674
291,,0.25,0.002,-0.05,0.126,0.7,0.85,0.85,0.524
292,3,0.4,0.364,0.95,0.488,0.85,0.788,0.7,0.462
293,3,0.55,0.726,1.0,0.85,1.0,0.726,0.55,0.4
294,,0.4,0.576,0.85,0.7,0.85,0.576,0.4,0.25
295,,0.25,0.426,0.7,0.55,0.7,0.426,0.25,0.1
296,,0.1,0.276,0.55,0.4,0.55,0.276,0.1,-0.05
297,8,0.462,0.426,0.488,0.25,0.488,0.426,0.462,0.95
298,8,0.824,0.576,0.426,0.1,0.426,0.576,0.824,1.0
299,,0.674,0.426,0.276,-0.05,0.276,0.426,0.674,0.85
300,4,0.612,0.576,0.638,0.95,0.638,0.576,0.612,0.7
301,4,0.55,0.726,1.0,1.0,1.0,0.726,0.55,0.55
302,,0.4,0.576,0.85,0.85,0.85,0.576,0.4,0.4
303,,0.25,0.426,0.7,0.7,0.7,0.426,0.25,0.25
304,,0.1,0.276,0.55,0.55,0.55,0.276,0.1,0.1
305,,-0.05,0.126,0.4,0.4,0.4,0.126,-0.05,-0.05
306,7,0.1,0.064,0.25,0.338,0.55,0.488,0.95,0.312
307,7,0.25,0.002,0.1,0.276,0.7,0.85,1.0,0.674
308,,0.1,-0.148,-0.05,0.126,0.55,0.7,0.85,0.524
309,2,0.462,0.852,0.312,0.276,0.488,0.55,0.788,0.674
310,2,0.824,1.0,0.674,0.426,0.426,0.4,0.726,0.824
311,,0.674,0.85,0.524,0.276,0.276,0.25,0.576,0.674
312,,0.524,0.7,0.374,0.126,0.126,0.1,0.426,0.524
313,,0.374,0.55,0.224,-0.024,-0.024,-0.05,0.276,0.374
314,6,0.312,0.4,0.162,0.126,0.338,0.95,0.638,0.524
315,6,0.25,0.25,0.1,0.276,0.7,1.0,1.0,0.674
316,,0.1,0.1,-0.05,0.126,0.55,0.85,0.85,0.524
317,3,0.25,0.462,0.95,0.488,0.7,0.788,0.7,0.462
318,3,0.4,0.824,1.0,0.85,0.85,0.726,0.55,0.4
319,,0.25,0.674,0.85,0.7,0.7,0.576,0.4,0.25
320,,0.1,0.524,0.7,0.55,0.55,0.426,0.25,0.1
321,,-0.05,0.374,0.55,0.4,0.4,0.276,0.1,-0.05
322,8,0.312,0.524,0.488,0.25,0.338,0.426,0.462,0.95
323,8,0.674,0.674,0.426,0.1,0.276,0.576,0.824,1.0
324,,0.524,0.524,0.276,-0.05,0.126,0.426,0.674,0.85
325,4,0.462,0.674,0.638,0.95,0.488,0.576,0.612,0.7
326,4,0.4,0.824,1.0,1.0,0.85,0.726,0.55,0.55
327,,0.25,0.674,0.85,0.85,0.7,0.576,0.4,0.4
328,,0.1,0.524,0.7,0.7,0.55,0.426,0.25,0.25
329,,-0.05,0.374,0.55,0.55,0.4,0.276,0.1,0.1
330,1,0.95,0.736,0.7,0.488,0.25,0.214,0.25,0.462
331,1,1.0,1.0,0.85,0.426,0.1,0.152,0.4,0.824
332,,0.85,0.85,0.7,0.276,-0.05,0.002,0.25,0.674
333,5,0.7,0.788,0.85,0.638,0.95,0.364,0.4,0.612
334,5,0.55,0.726,1.0,1.0,1.0,0.726,0.55,0.55
335,,0.4,0.576,0.85,0.85,0.85,0.576,0.4,0.4
336,,0.25,0.426,0.7,0.7,0.7,0.426,0.25,0.25
337,,0.1,0.276,0.55,0.55,0.55,0.276,0.1,0.1
338,,-0.05,0.126,0.4,0.4,0.4,0.126,-0.05,-0.05
339,1,0.95,0.488,0.55,0.338,0.25,0.064,0.1,0.312
340,1,1.0,0.85,0.7,0.276,0.1,0.002,0.25,0.674
341,,0.85,0.7,0.55,0.126,-0.05,-0.148,0.1,0.524
342,6,0.788,0.55,0.488,0.276,0.312,0.852,0.462,0.674
343,6,0.726,0.4,0.426,0.426,0.674,1.0,0.824,0.824
344,,0.576,0.25,0.276,0.276,0.524,0.85,0.674,0.674
345,,0.426,0.1,0.126,0.126,0.374,0.7,0.524,0.524
346,,0.276,-0.05,-0.024,-0.024,0.224,0.55,0.374,0.374
347,2,0.638,0.95,0.338,0.126,0.162,0.4,0.312,0.524
348,2,1.0,1.0,0.7,0.276,0.1,0.25,0.25,0.674
349,,0.85,0.85,0.55,0.126,-0.05,0.1,0.1,0.524
350,5,0.7,0.788,0.7,0.488,0.95,0.462,0.25,0.462
351,5,0.55,0.726,0.85,0.85,1.0,0.824,0.4,0.4
352,,0.4,0.576,0.7,0.7,0.85,0.674,0.25,0.25
353,,0.25,0.426,0.55,0.55,0.7,0.524,0.1,0.1
354,,0.1,0.276,0.4,0.4,0.55,0.374,-0.05,-0.05
355,7,0.25,0.214,0.25,0.338,0.7,0.736,0.95,0.312
356,7,0.4,0.152,0.1,0.276,0.85,1.0,1.0,0.674
357,,0.25,0.002,-0.05,0.126,0.7,0.85,0.85,0.524
358,3,0.4,0.364,0.95,0.488,0.85,0.788,0.7,0.462
359,3,0.55,0.726,1.0,0.85,1.0,0.726,0.55,0.4
360,,0.4,0.576,0.85,0.7,0.85,0.576,0.4,0.25
361,,0.25,0.426,0.7,0.55,0.7,0.426,0.25,0.1
362,,0.1,0.276,0.55,0.4,0.55,0.276,0.1,-0.05
363,8,0.462,0.426,0.488,0.25,0.488,0.426,0.462,0.95
364,8,0.824,0.576,0.426,0.1,0.426,0.576,0.824,1.0
365,,0.674,0.426,0.276,-0.05,0.276,0.426,0.674,0.85
366,4,0.612,0.576,0.638,0.95,0.638,0.576,0.612,0.7
367,4,0.55,0.726,1.0,1.0,1.0,0.726,0.55,0.55
368,,0.4,0.576,0.85,0.85,0.85,0.576,0.4,0.4
369,,0.25,0.426,0.7,0.7,0.7,0.426,0.25,0.25
370,,0.1,0.276,0.55,0.55,0.55,0.276,0.1,0.1
371,,-0.05,0.126,0.4,0.4,0.4,0.126,-0.05,-0.05
372,7,0.1,0.064,0.25,0.338,0.55,0.488,0.95,0.312
373,7,0.25,0.002,0.1,0.276,0.7,0.85,1.0,0.674
374,,0.1,-0.148,-0.05,0.126,0.55,0.7,0.85,0.524
375,2,0.462,0.852,0.312,0.276,0.488,0.55,0.788,0.674
376,2,0.824,1.0,0.674,0.426,0.426,0.4,0.726,0.824
377,,0.674,0.85,0.524,0.276,0.276,0.25,0.576,0.674
378,,0.524,0.7,0.374,0.126,0.126,0.1,0.426,0.524
379,,0.374,0.55,0.224,-0.024,-0.024,-0.05,0.276,0.374
380,6,0.312,0.4,0.162,0.126,0.338,0.95,0.638,0.524
381,6,0.25,0.25,0.1,0.276,0.7,1.0,1.0,0.674
382,,0.1,0.1,-0.05,0.126,0.55,0.85,0.85,0.524
383,3,0.25,0.462,0.95,0.488,0.7,0.788,0.7,0.462
384,3,0.4,0.824,1.0,0.85,0.85,0.726,0.55,0.4
385,,0.25,0.674,0.85,0.7,0.7,0.576,0.4,0.25
386,,0.1,0.524,0.7,0.55,0.55,0.426,0.25,0.1
387,,-0.05,0.374,0.55,0.4,0.4,0.276,0.1,-0.05
388,8,0.312,0.524,0.488,0.25,0.338,0.426,0.462,0.95
389,8,0.674,0.674,0.426,0.1,0.276,0.576,0.824,1.0
390,,0.524,0.524,0.276,-0.05,0.126,0.426,0.674,0.85
391,4,0.462,0.674,0.638,0.95,0.488,0.576,0.612,0.7
392,4,0.4,0.824,1.0,1.0,0.85,0.726,0.55,0.55
393,,0.25,0.674,0.85,0.85,0.7,0.576,0.4,0.4
394,,0.1,0.524,0.7,0.7,0.55,0.426,0.25,0.25
395,,-0.05,0.374,0.55,0.55,0.4,0.276,0.1,0.1
396,1,0.95,0.736,0.7,0.488,0.25,0.214,0.25,0.462
397,1,1.0,1.0,0.85,0.426,0.1,0.152,0.4,0.824
398,,0.85,0.85,0.7,0.276,-0.05,0.002,0.25,0.674
399,5,0.7,0.788,0.85,0.638,0.95,0.364,0.4,0.612
400,5,0.55,0.726,1.0,1.0,1.0,0.726,0.55,0.55
401,,0.4,0.576,0.85,0.85,0.85,0.576,0.4,0.4
402,,0.25,0.426,0.7,0.7,0.7,0.426,0.25,0.25
403,,0.1,0.276,0.55,0.55,0.55,0.276,0.1,0.1
404,,-0.05,0.126,0.4,0.4,0.4,0.126,-0.05,-0.05
405,7,0.1,0.064,0.25,0.338,0.55,0.488,0.95,0.312
406,7,0.25,0.002,0.1,0.276,0.7,0.85,1.0,0.674
407,,0.1,-0.148,-0.05,0.126,0.55,0.7,0.85,0.524
408,2,0.462,0.852,0.312,0.276,0.488,0.55,0.788,0.674
409,2,0.824,1.0,0.674,0.426,0.426,0.4,0.726,0.824
410,,0.674,0.85,0.524,0.276,0.276,0.25,0.576,0.674
411,,0.524,0.7,0.374,0.126,0.126,0.1,0.426,0.524
412,,0.374,0.55,0.224,-0.024,-0.024,-0.05,0.276,0.374
413,6,0.312,0.4,0.162,0.126,0.338,0.95,0.638,0.524
414,6,0.25,0.25,0.1,0.276,0.7,1.0,1.0,0.674
415,,0.1,0.1,-0.05,0.126,0.55,0.85,0.85,0.524
416,3,0.25,0.462,0.95,0.488,0.7,0.788,0.7,0.462
417,3,0.4,0.824,1.0,0.85,0.85,0.726,0.55,0.4
418,,0.25,0.674,0.85,0.7,0.7,0.576,0.4,0.25
419,,0.1,0.524,0.7,0.55,0.55,0.426,0.25,0.1
420,,-0.05,0.374,0.55,0.4,0.4,0.276,0.1,-0.05
421,8,0.312,0.524,0.488,0.25,0.338,0.426,0.462,0.95
422,8,0.674,0.674,0.426,0.1,0.276,0.576,0.824,1.0
423,,0.524,0.524,0.276,-0.05,0.126,0.426,0.674,0.85
424,4,0.462,0.674,0.638,0.95,0.488,0.576,0.612,0.7
425,4,0.4,0.824,1.0,1.0,0.85,0.726,0.55,0.55
426,,0.25,0.674,0.85,0.85,0.7,0.576,0.4,0.4
427,,0.1,0.524,0.7,0.7,0.55,0.426,0.25,0.25
428,,-0.05,0.374,0.55,0.55,0.4,0.276,0.1,0.1
429,1,0.95,0.736,0.7,0.488,0.25,0.214,0.25,0.462
430,1,1.0,1.0,0.85,0.426,0.1,0.152,0.4,0.824
431,,0.85,0.85,0.7,0.276,-0.05,0.002,0.25,0.674
432,5,0.7,0.788,0.85,0.638,0.95,0.364,0.4,0.612
433,5,0.55,0.726,1.0,1.0,1.0,0.726,0.55,0.55
434,,0.4,0.576,0.85,0.85,0.85,0.576,0.4,0.4
435,,0.25,0.426,0.7,0.7,0.7,0.426,0.25,0.25
436,,0.1,0.276,0.55,0.55,0.55,0.276,0.1,0.1
437,,-0.05,0.126,0.4,0.4,0.4,0.126,-0.05,-0.05
438,1,0.95,0.488,0.55,0.338,0.25,0.064,0.1,0.312
439,1,1.0,0.85,0.7,0.276,0.1,0.002,0.25,0.674
440,,0.85,0.7,0.55,0.126,-0.05,-0.148,0.1,0.524
441,6,0.788,0.55,0.488,0.276,0.312,0.852,0.462,0.674
442,6,0.726,0.4,0.426,0.426,0.674,1.0,0.824,0.824
443,,0.576,0.25,0.276,0.276,0.524,0.85,0.674,0.674
444,,0.426,0.1,0.126,0.126,0.374,0.7,0.524,0.524
445,,0.276,-0.05,-0.024,-0.024,0.224,0.55,0.374,0.374
446,2,0.638,0.95,0.338,0.126,0.162,0.4,0.312,0.524
447,2,1.0,1.0,0.7,0.276,0.1,0.25,0.25,0.674
448,,0.85,0.85,0.55,0.126,-0.05,0.1,0.1,0.524
449,5,0.7,0.788,0.7,0.488,0.95,0.462,0.25,0.462
450,5,0.55,0.726,0.85,0.85,1.0,0.824,0.4,0.4
451,,0.4,0.576,0.7,0.7,0.85,0.674,0.25,0.25
452,,0.25,0.426,0.55,0.55,0.7,0.524,0.1,0.1
453,,0.1,0.276,0.4,0.4,0.55,0.374,-0.05,-0.05
454,8,0.462,0.426,0.338,0.25,0.488,0.524,0.312,0.95
455,8,0.824,0.576,0.276,0.1,0.426,0.674,0.674,1.0
456,,0.674,0.426,0.126,-0.05,0.276,0.524,0.524,0.85
457,4,0.612,0.576,0.488,0.95,0.638,0.674,0.462,0.7
458,4,0.55,0.726,0.85,1.0,1.0,0.824,0.4,0.55
459,,0.4,0.576,0.7,0.85,0.85,0.674,0.25,0.4
460,,0.25,0.426,0.55,0.7,0.7,0.524,0.1,0.25
461,,0.1,0.276,0.4,0.55,0.55,0.374,-0.05,0.1
462,7,0.25,0.214,0.25,0.488,0.7,0.736,0.95,0.462
463,7,0.4,0.152,0.1,0.426,0.85,1.0,1.0,0.824
464,,0.25,0.002,-0.05,0.276,0.7,0.85,0.85,0.674
465,3,0.4,0.364,0.95,0.638,0.85,0.788,0.7,0.612
466,3,0.55,0.726,1.0,1.0,1.0,0.726,0.55,0.55
467,,0.4,0.576,0.85,0.85,0.85,0.576,0.4,0.4
468,,0.25,0.426,0.7,0.7,0.7,0.426,0.25,0.25
469,,0.1,0.276,0.55,0.55,0.55,0.276,0.1,0.1
470,,-0.05,0.126,0.4,0.4,0.4,0.126,-0.05,-0.05
471,1,0.95,0.488,0.55,0.338,0.25,0.064,0.1,0.312
472,1,1.0,0.85,0.7,0.276,0.1,0.002,0.25,0.674
473,,0.85,0.7,0.55,0.126,-0.05,-0.148,0.1,0.524
474,6,0.788,0.55,0.488,0.276,0.312,0.852,0.462,0.674
475,6,0.726,0.4,0.426,0.426,0.674,1.0,0.824,0.824
476,,0.576,0.25,0.276,0.276,0.524,0.85,0.674,0.674
477,,0.426,0.1,0.126,0.126,0.374,0.7,0.524,0.524
478,,0.276,-0.05,-0.024,-0.024,0.224,0.55,0.374,0.374
479,2,0.638,0.95,0.338,0.126,0.162,0.4,0.312,0.524
480,2,1.0,1.0,0.7,0.276,0.1,0.25,0.25,0.674
481,,0.85,0.85,0.55,0.126,-0.05,0.1,0.1,0.524
482,5,0.7,0.788,0.7,0.488,0.95,0.462,0.25,0.462
483,5,0.55,0.726,0.85,0.85,1.0,0.824,0.4,0.4
484,,0.4,0.576,0.7,0.7,0.85,0.674,0.25,0.25
485,,0.25,0.426,0.55,0.55,0.7,0.524,0.1,0.1
486,,0.1,0.276,0.4,0.4,0.55,0.374,-0.05,-0.05
487,7,0.25,0.214,0.25,0.338,0.7,0.736,0.95,0.312
488,7,0.4,0.152,0.1,0.276,0.85,1.0,1.0,0.674
489,,0.25,0.002,-0.05,0.126,0.7,0.85,0.85,0.524
490,3,0.4,0.364,0.95,0.488,0.85,0.788,0.7,0.462
491,3,0.55,0.726,1.0,0.85,1.0,0.726,0.55,0.4
492,,0.4,0.576,0.85,0.7,0.85,0.576,0.4,0.25
493,,0.25,0.426,0.7,0.55,0.7,0.426,0.25,0.1
494,,0.1,0.276,0.55,0.4,0.55,0.276,0.1,-0.05
495,8,0.462,0.426,0.488,0.25,0.488,0.426,0.462,0.95
496,8,0.824,0.576,0.426,0.1,0.426,0.576,0.824,1.0
497,,0.674,0.426,0.276,-0.05,0.276,0.426,0.674,0.85
498,4,0.612,0.576,0.638,0.95,0.638,0.576,0.612,0.7
499,4,0.55,0.726,1.0,1.0,1.0,0.726,0.55,0.55
