step,active_motive,motive_1,motive_2,motive_3,motive_4,motive_5,motive_6,motive_7,motive_8
0,,0.02127,0.05152,0.09755,0.0459,0.05573,0.08606,0.05351,0.01845
1,,-0.12873,-0.09848,-0.05245,-0.1041,-0.09427,-0.06394,-0.09649,-0.13155
2,8,0.23327,0.05152,-0.11445,-0.2541,-0.15627,0.08606,0.26551,0.86845
3,8,0.59527,0.20152,-0.17645,-0.4041,-0.21827,0.23606,0.62751,1.0
4,4,0.53327,0.35152,0.18555,0.5959,0.14373,0.38606,0.56551,0.85
5,4,0.47127,0.50152,0.54755,1.0,0.50573,0.53606,0.50351,0.7
6,,0.32127,0.35152,0.39755,0.85,0.35573,0.38606,0.35351,0.55
7,,0.17127,0.20152,0.24755,0.7,0.20573,0.23606,0.20351,0.4
8,,0.02127,0.05152,0.09755,0.55,0.05573,0.08606,0.05351,0.25
9,,-0.12873,-0.09848,-0.05245,0.4,-0.09427,-0.06394,-0.09649,0.1
10,1,0.87127,0.26352,0.09755,0.338,-0.24427,-0.12594,0.05351,0.462
11,1,1.0,0.62552,0.24755,0.276,-0.39427,-0.18794,0.20351,0.824
12,5,0.85,0.56352,0.39755,0.638,0.60573,0.17406,0.35351,0.762
13,5,0.7,0.50152,0.54755,1.0,1.0,0.53606,0.50351,0.7
14,,0.55,0.35152,0.39755,0.85,0.85,0.38606,0.35351,0.55
15,,0.4,0.20152,0.24755,0.7,0.7,0.23606,0.20351,0.4
16,,0.25,0.05152,0.09755,0.55,0.55,0.08606,0.05351,0.25
17,,0.1,-0.09848,-0.05245,0.4,0.4,-0.06394,-0.09649,0.1
18,2,0.462,0.90152,0.30955,0.55,0.338,-0.21394,-0.15849,0.25
19,2,0.824,1.0,0.67155,0.7,0.276,-0.36394,-0.22049,0.4
20,6,0.762,0.85,0.60955,0.85,0.638,0.63606,0.14151,0.55
21,6,0.7,0.7,0.54755,1.0,1.0,1.0,0.50351,0.7
22,,0.55,0.55,0.39755,0.85,0.85,0.85,0.35351,0.55
23,,0.4,0.4,0.24755,0.7,0.7,0.7,0.20351,0.4
24,,0.25,0.25,0.09755,0.55,0.55,0.55,0.05351,0.25
25,,0.1,0.1,-0.05245,0.4,0.4,0.4,-0.09649,0.1
26,7,0.25,0.038,-0.20245,0.338,0.55,0.762,0.90351,0.462
27,7,0.4,-0.024,-0.35245,0.276,0.7,1.0,1.0,0.824
28,3,0.55,0.338,0.64755,0.638,0.85,0.938,0.85,0.762
29,3,0.7,0.7,1.0,1.0,1.0,0.876,0.7,0.7
30,,0.55,0.55,0.85,0.85,0.85,0.726,0.55,0.55
31,,0.4,0.4,0.7,0.7,0.7,0.576,0.4,0.4
32,,0.25,0.25,0.55,0.55,0.55,0.426,0.25,0.25
33,,0.1,0.1,0.4,0.4,0.4,0.276,0.1,0.1
34,,-0.05,-0.05,0.25,0.25,0.25,0.126,-0.05,-0.05
35,7,0.1,-0.112,0.1,0.188,0.4,0.488,0.95,0.312
36,7,0.25,-0.174,-0.05,0.126,0.55,0.85,1.0,0.674
37,2,0.612,0.826,0.312,0.276,0.488,0.7,0.938,0.824
38,2,0.974,1.0,0.674,0.426,0.426,0.55,0.876,0.974
39,,0.824,0.85,0.524,0.276,0.276,0.4,0.726,0.824
40,,0.674,0.7,0.374,0.126,0.126,0.25,0.576,0.674
41,,0.524,0.55,0.224,-0.024,-0.024,0.1,0.426,0.524
42,4,0.462,0.7,0.586,0.976,0.338,0.25,0.364,0.374
43,4,0.4,0.85,0.948,1.0,0.7,0.4,0.302,0.224
44,,0.25,0.7,0.798,0.85,0.55,0.25,0.152,0.074
45,,0.1,0.55,0.648,0.7,0.4,0.1,0.002,-0.076
46,8,0.462,0.7,0.586,0.55,0.338,0.25,0.364,0.924
47,8,0.824,0.85,0.524,0.4,0.276,0.4,0.726,1.0
48,,0.674,0.7,0.374,0.25,0.126,0.25,0.576,0.85
49,,0.524,0.55,0.224,0.1,-0.024,0.1,0.426,0.7
50,5,0.374,0.488,0.374,0.462,0.976,0.462,0.576,0.638
51,5,0.224,0.426,0.524,0.824,1.0,0.824,0.726,0.576
52,,0.074,0.276,0.374,0.674,0.85,0.674,0.576,0.426
53,,-0.076,0.126,0.224,0.524,0.7,0.524,0.426,0.276
54,1,0.924,0.488,0.374,0.462,0.55,0.462,0.576,0.638
55,1,1.0,0.85,0.524,0.4,0.4,0.4,0.726,1.0
56,,0.85,0.7,0.374,0.25,0.25,0.25,0.576,0.85
57,,0.7,0.55,0.224,0.1,0.1,0.1,0.426,0.7
58,,0.55,0.4,0.074,-0.05,-0.05,-0.05,0.276,0.55
59,4,0.488,0.55,0.436,0.95,0.312,0.1,0.214,0.4
60,4,0.426,0.7,0.798,1.0,0.674,0.25,0.152,0.25
61,,0.276,0.55,0.648,0.85,0.524,0.1,0.002,0.1
62,,0.126,0.4,0.498,0.7,0.374,-0.05,-0.148,-0.05
63,7,0.276,0.338,0.348,0.638,0.524,0.312,0.852,0.312
64,7,0.426,0.276,0.198,0.576,0.674,0.674,1.0,0.674
65,,0.276,0.126,0.048,0.426,0.524,0.524,0.85,0.524
66,,0.126,-0.024,-0.102,0.276,0.374,0.374,0.7,0.374
67,3,0.276,0.338,0.898,0.638,0.524,0.312,0.55,0.312
68,3,0.426,0.7,1.0,1.0,0.674,0.25,0.4,0.25
69,,0.276,0.55,0.85,0.85,0.524,0.1,0.25,0.1
70,,0.126,0.4,0.7,0.7,0.374,-0.05,0.1,-0.05
71,8,0.488,0.55,0.638,0.55,0.312,0.1,0.462,0.95
72,8,0.85,0.7,0.576,0.4,0.25,0.25,0.824,1.0
73,,0.7,0.55,0.426,0.25,0.1,0.1,0.674,0.85
74,,0.55,0.4,0.276,0.1,-0.05,-0.05,0.524,0.7
75,5,0.4,0.338,0.426,0.462,0.95,0.312,0.674,0.638
76,5,0.25,0.276,0.576,0.824,1.0,0.674,0.824,0.576
77,,0.1,0.126,0.426,0.674,0.85,0.524,0.674,0.426
78,,-0.05,-0.024,0.276,0.524,0.7,0.374,0.524,0.276
79,1,0.95,0.338,0.426,0.462,0.55,0.312,0.674,0.638
80,1,1.0,0.7,0.576,0.4,0.4,0.25,0.824,1.0
81,,0.85,0.55,0.426,0.25,0.25,0.1,0.674,0.85
82,,0.7,0.4,0.276,0.1,0.1,-0.05,0.524,0.7
83,6,0.638,0.25,0.214,0.25,0.462,0.95,0.886,0.85
84,6,0.576,0.1,0.152,0.4,0.824,1.0,1.0,1.0
85,,0.426,-0.05,0.002,0.25,0.674,0.85,0.85,0.85
86,2,0.788,0.95,0.364,0.4,0.612,0.7,0.788,1.0
87,2,1.0,1.0,0.726,0.55,0.55,0.55,0.726,1.0
88,,0.85,0.85,0.576,0.4,0.4,0.4,0.576,0.85
89,,0.7,0.7,0.426,0.25,0.25,0.25,0.426,0.7
90,,0.55,0.55,0.276,0.1,0.1,0.1,0.276,0.55
91,,0.4,0.4,0.126,-0.05,-0.05,-0.05,0.126,0.4
92,6,0.338,0.25,0.064,0.1,0.312,0.95,0.488,0.55
93,6,0.276,0.1,0.002,0.25,0.674,1.0,0.85,0.7
94,,0.126,-0.05,-0.148,0.1,0.524,0.85,0.7,0.55
95,3,0.276,0.312,0.852,0.462,0.674,0.788,0.55,0.488
96,3,0.426,0.674,1.0,0.824,0.824,0.726,0.4,0.426
97,,0.276,0.524,0.85,0.674,0.674,0.576,0.25,0.276
98,,0.126,0.374,0.7,0.524,0.524,0.426,0.1,0.126
99,,-0.024,0.224,0.55,0.374,0.374,0.276,-0.05,-0.024
100,7,0.126,0.162,0.4,0.312,0.524,0.638,0.95,0.338
101,7,0.276,0.1,0.25,0.25,0.674,1.0,1.0,0.7
102,,0.126,-0.05,0.1,0.1,0.524,0.85,0.85,0.55
103,2,0.488,0.95,0.462,0.25,0.462,0.7,0.788,0.7
104,2,0.85,1.0,0.824,0.4,0.4,0.55,0.726,0.85
105,,0.7,0.85,0.674,0.25,0.25,0.4,0.576,0.7
106,,0.55,0.7,0.524,0.1,0.1,0.25,0.426,0.55
107,,0.4,0.55,0.374,-0.05,-0.05,0.1,0.276,0.4
108,4,0.338,0.7,0.736,0.95,0.312,0.25,0.214,0.25
109,4,0.276,0.85,1.0,1.0,0.674,0.4,0.152,0.1
110,,0.126,0.7,0.85,0.85,0.524,0.25,0.002,-0.05
111,8,0.488,0.85,0.788,0.7,0.462,0.4,0.364,0.95
112,8,0.85,1.0,0.726,0.55,0.4,0.55,0.726,1.0
113,,0.7,0.85,0.576,0.4,0.25,0.4,0.576,0.85
114,,0.55,0.7,0.426,0.25,0.1,0.25,0.426,0.7
115,,0.4,0.55,0.276,0.1,-0.05,0.1,0.276,0.55
116,5,0.25,0.488,0.426,0.462,0.95,0.462,0.426,0.488
117,5,0.1,0.426,0.576,0.824,1.0,0.824,0.576,0.426
118,,-0.05,0.276,0.426,0.674,0.85,0.674,0.426,0.276
119,1,0.95,0.638,0.576,0.612,0.7,0.612,0.576,0.638
120,1,1.0,1.0,0.726,0.55,0.55,0.55,0.726,1.0
121,,0.85,0.85,0.576,0.4,0.4,0.4,0.576,0.85
122,,0.7,0.7,0.426,0.25,0.25,0.25,0.426,0.7
123,,0.55,0.55,0.276,0.1,0.1,0.1,0.276,0.55
124,,0.4,0.4,0.126,-0.05,-0.05,-0.05,0.126,0.4
125,6,0.338,0.25,0.064,0.1,0.312,0.95,0.488,0.55
126,6,0.276,0.1,0.002,0.25,0.674,1.0,0.85,0.7
127,,0.126,-0.05,-0.148,0.1,0.524,0.85,0.7,0.55
128,3,0.276,0.312,0.852,0.462,0.674,0.788,0.55,0.488
129,3,0.426,0.674,1.0,0.824,0.824,0.726,0.4,0.426
130,,0.276,0.524,0.85,0.674,0.674,0.576,0.25,0.276
131,,0.126,0.374,0.7,0.524,0.524,0.426,0.1,0.126
132,,-0.024,0.224,0.55,0.374,0.374,0.276,-0.05,-0.024
133,7,0.126,0.162,0.4,0.312,0.524,0.638,0.95,0.338
134,7,0.276,0.1,0.25,0.25,0.674,1.0,1.0,0.7
135,,0.126,-0.05,0.1,0.1,0.524,0.85,0.85,0.55
136,2,0.488,0.95,0.462,0.25,0.462,0.7,0.788,0.7
137,2,0.85,1.0,0.824,0.4,0.4,0.55,0.726,0.85
138,,0.7,0.85,0.674,0.25,0.25,0.4,0.576,0.7
139,,0.55,0.7,0.524,0.1,0.1,0.25,0.426,0.55
140,,0.4,0.55,0.374,-0.05,-0.05,0.1,0.276,0.4
141,5,0.25,0.488,0.524,0.312,0.95,0.462,0.426,0.338
142,5,0.1,0.426,0.674,0.674,1.0,0.824,0.576,0.276
143,,-0.05,0.276,0.524,0.524,0.85,0.674,0.426,0.126
144,1,0.95,0.638,0.674,0.462,0.7,0.612,0.576,0.488
145,1,1.0,1.0,0.824,0.4,0.55,0.55,0.726,0.85
146,,0.85,0.85,0.674,0.25,0.4,0.4,0.576,0.7
147,,0.7,0.7,0.524,0.1,0.25,0.25,0.426,0.55
148,,0.55,0.55,0.374,-0.05,0.1,0.1,0.276,0.4
149,4,0.488,0.7,0.736,0.95,0.462,0.25,0.214,0.25
150,4,0.426,0.85,1.0,1.0,0.824,0.4,0.152,0.1
151,,0.276,0.7,0.85,0.85,0.674,0.25,0.002,-0.05
152,8,0.638,0.85,0.788,0.7,0.612,0.4,0.364,0.95
153,8,1.0,1.0,0.726,0.55,0.55,0.55,0.726,1.0
154,,0.85,0.85,0.576,0.4,0.4,0.4,0.576,0.85
155,,0.7,0.7,0.426,0.25,0.25,0.25,0.426,0.7
156,,0.55,0.55,0.276,0.1,0.1,0.1,0.276,0.55
157,,0.4,0.4,0.126,-0.05,-0.05,-0.05,0.126,0.4
158,5,0.25,0.338,0.276,0.312,0.95,0.312,0.276,0.338
159,5,0.1,0.276,0.426,0.674,1.0,0.674,0.426,0.276
160,,-0.05,0.126,0.276,0.524,0.85,0.524,0.276,0.126
161,1,0.95,0.488,0.426,0.462,0.7,0.462,0.426,0.488
162,1,1.0,0.85,0.576,0.4,0.55,0.4,0.576,0.85
163,,0.85,0.7,0.426,0.25,0.4,0.25,0.426,0.7
164,,0.7,0.55,0.276,0.1,0.25,0.1,0.276,0.55
165,,0.55,0.4,0.126,-0.05,0.1,-0.05,0.126,0.4
166,4,0.488,0.55,0.488,0.95,0.462,0.1,0.064,0.25
167,4,0.426,0.7,0.85,1.0,0.824,0.25,0.002,0.1
168,,0.276,0.55,0.7,0.85,0.674,0.1,-0.148,-0.05
169,7,0.426,0.488,0.55,0.788,0.824,0.462,0.852,0.312
170,7,0.576,0.426,0.4,0.726,0.974,0.824,1.0,0.674
171,,0.426,0.276,0.25,0.576,0.824,0.674,0.85,0.524
172,,0.276,0.126,0.1,0.426,0.674,0.524,0.7,0.374
173,,0.126,-0.024,-0.05,0.276,0.524,0.374,0.55,0.224
174,3,0.276,0.338,0.95,0.638,0.674,0.312,0.4,0.162
175,3,0.426,0.7,1.0,1.0,0.824,0.25,0.25,0.1
176,,0.276,0.55,0.85,0.85,0.674,0.1,0.1,-0.05
177,8,0.638,0.7,0.788,0.7,0.612,0.25,0.462,0.95
178,8,1.0,0.85,0.726,0.55,0.55,0.4,0.824,1.0
179,,0.85,0.7,0.576,0.4,0.4,0.25,0.674,0.85
180,,0.7,0.55,0.426,0.25,0.25,0.1,0.524,0.7
181,,0.55,0.4,0.276,0.1,0.1,-0.05,0.374,0.55
182,6,0.488,0.25,0.214,0.25,0.462,0.95,0.736,0.7
183,6,0.426,0.1,0.152,0.4,0.824,1.0,1.0,0.85
184,,0.276,-0.05,0.002,0.25,0.674,0.85,0.85,0.7
185,2,0.638,0.95,0.364,0.4,0.612,0.7,0.788,0.85
186,2,1.0,1.0,0.726,0.55,0.55,0.55,0.726,1.0
187,,0.85,0.85,0.576,0.4,0.4,0.4,0.576,0.85
188,,0.7,0.7,0.426,0.25,0.25,0.25,0.426,0.7
189,,0.55,0.55,0.276,0.1,0.1,0.1,0.276,0.55
190,,0.4,0.4,0.126,-0.05,-0.05,-0.05,0.126,0.4
191,4,0.338,0.55,0.488,0.95,0.312,0.1,0.064,0.25
192,4,0.276,0.7,0.85,1.0,0.674,0.25,0.002,0.1
193,,0.126,0.55,0.7,0.85,0.524,0.1,-0.148,-0.05
194,7,0.276,0.488,0.55,0.788,0.674,0.462,0.852,0.312
195,7,0.426,0.426,0.4,0.726,0.824,0.824,1.0,0.674
196,,0.276,0.276,0.25,0.576,0.674,0.674,0.85,0.524
197,,0.126,0.126,0.1,0.426,0.524,0.524,0.7,0.374
198,,-0.024,-0.024,-0.05,0.276,0.374,0.374,0.55,0.224
199,3,0.126,0.338,0.95,0.638,0.524,0.312,0.4,0.162
200,3,0.276,0.7,1.0,1.0,0.674,0.25,0.25,0.1
201,,0.126,0.55,0.85,0.85,0.524,0.1,0.1,-0.05
202,8,0.488,0.7,0.788,0.7,0.462,0.25,0.462,0.95
203,8,0.85,0.85,0.726,0.55,0.4,0.4,0.824,1.0
204,,0.7,0.7,0.576,0.4,0.25,0.25,0.674,0.85
205,,0.55,0.55,0.426,0.25,0.1,0.1,0.524,0.7
206,,0.4,0.4,0.276,0.1,-0.05,-0.05,0.374,0.55
207,5,0.25,0.338,0.426,0.462,0.95,0.312,0.524,0.488
208,5,0.1,0.276,0.576,0.824,1.0,0.674,0.674,0.426
209,,-0.05,0.126,0.426,0.674,0.85,0.524,0.524,0.276
210,1,0.95,0.488,0.576,0.612,0.7,0.462,0.674,0.638
211,1,1.0,0.85,0.726,0.55,0.55,0.4,0.824,1.0
212,,0.85,0.7,0.576,0.4,0.4,0.25,0.674,0.85
213,,0.7,0.55,0.426,0.25,0.25,0.1,0.524,0.7
214,,0.55,0.4,0.276,0.1,0.1,-0.05,0.374,0.55
215,6,0.488,0.25,0.214,0.25,0.462,0.95,0.736,0.7
216,6,0.426,0.1,0.152,0.4,0.824,1.0,1.0,0.85
217,,0.276,-0.05,0.002,0.25,0.674,0.85,0.85,0.7
218,2,0.638,0.95,0.364,0.4,0.612,0.7,0.788,0.85
219,2,1.0,1.0,0.726,0.55,0.55,0.55,0.726,1.0
220,,0.85,0.85,0.576,0.4,0.4,0.4,0.576,0.85
221,,0.7,0.7,0.426,0.25,0.25,0.25,0.426,0.7
222,,0.55,0.55,0.276,0.1,0.1,0.1,0.276,0.55
223,,0.4,0.4,0.126,-0.05,-0.05,-0.05,0.126,0.4
224,4,0.338,0.55,0.488,0.95,0.312,0.1,0.064,0.25
225,4,0.276,0.7,0.85,1.0,0.674,0.25,0.002,0.1
226,,0.126,0.55,0.7,0.85,0.524,0.1,-0.148,-0.05
227,7,0.276,0.488,0.55,0.788,0.674,0.462,0.852,0.312
228,7,0.426,0.426,0.4,0.726,0.824,0.824,1.0,0.674
229,,0.276,0.276,0.25,0.576,0.674,0.674,0.85,0.524
230,,0.126,0.126,0.1,0.426,0.524,0.524,0.7,0.374
231,,-0.024,-0.024,-0.05,0.276,0.374,0.374,0.55,0.224
232,3,0.126,0.338,0.95,0.638,0.524,0.312,0.4,0.162
233,3,0.276,0.7,1.0,1.0,0.674,0.25,0.25,0.1
234,,0.126,0.55,0.85,0.85,0.524,0.1,0.1,-0.05
235,8,0.488,0.7,0.788,0.7,0.462,0.25,0.462,0.95
236,8,0.85,0.85,0.726,0.55,0.4,0.4,0.824,1.0
237,,0.7,0.7,0.576,0.4,0.25,0.25,0.674,0.85
238,,0.55,0.55,0.426,0.25,0.1,0.1,0.524,0.7
239,,0.4,0.4,0.276,0.1,-0.05,-0.05,0.374,0.55
240,6,0.338,0.25,0.214,0.25,0.312,0.95,0.736,0.7
241,6,0.276,0.1,0.152,0.4,0.674,1.0,1.0,0.85
242,,0.126,-0.05,0.002,0.25,0.524,0.85,0.85,0.7
243,2,0.488,0.95,0.364,0.4,0.462,0.7,0.788,0.85
244,2,0.85,1.0,0.726,0.55,0.4,0.55,0.726,1.0
245,,0.7,0.85,0.576,0.4,0.25,0.4,0.576,0.85
246,,0.55,0.7,0.426,0.25,0.1,0.25,0.426,0.7
247,,0.4,0.55,0.276,0.1,-0.05,0.1,0.276,0.55
248,5,0.25,0.488,0.426,0.462,0.95,0.462,0.426,0.488
249,5,0.1,0.426,0.576,0.824,1.0,0.824,0.576,0.426
250,,-0.05,0.276,0.426,0.674,0.85,0.674,0.426,0.276
251,1,0.95,0.638,0.576,0.612,0.7,0.612,0.576,0.638
252,1,1.0,1.0,0.726,0.55,0.55,0.55,0.726,1.0
253,,0.85,0.85,0.576,0.4,0.4,0.4,0.576,0.85
254,,0.7,0.7,0.426,0.25,0.25,0.25,0.426,0.7
255,,0.55,0.55,0.276,0.1,0.1,0.1,0.276,0.55
256,,0.4,0.4,0.126,-0.05,-0.05,-0.05,0.126,0.4
257,6,0.338,0.25,0.064,0.1,0.312,0.95,0.488,0.55
258,6,0.276,0.1,0.002,0.25,0.674,1.0,0.85,0.7
259,,0.126,-0.05,-0.148,0.1,0.524,0.85,0.7,0.55
260,3,0.276,0.312,0.852,0.462,0.674,0.788,0.55,0.488
261,3,0.426,0.674,1.0,0.824,0.824,0.726,0.4,0.426
262,,0.276,0.524,0.85,0.674,0.674,0.576,0.25,0.276
263,,0.126,0.374,0.7,0.524,0.524,0.426,0.1,0.126
264,,-0.024,0.224,0.55,0.374,0.374,0.276,-0.05,-0.024
265,7,0.126,0.162,0.4,0.312,0.524,0.638,0.95,0.338
266,7,0.276,0.1,0.25,0.25,0.674,1.0,1.0,0.7
267,,0.126,-0.05,0.1,0.1,0.524,0.85,0.85,0.55
268,2,0.488,0.95,0.462,0.25,0.462,0.7,0.788,0.7
269,2,0.85,1.0,0.824,0.4,0.4,0.55,0.726,0.85
270,,0.7,0.85,0.674,0.25,0.25,0.4,0.576,0.7
271,,0.55,0.7,0.524,0.1,0.1,0.25,0.426,0.55
272,,0.4,0.55,0.374,-0.05,-0.05,0.1,0.276,0.4
273,5,0.25,0.488,0.524,0.312,0.95,0.462,0.426,0.338
274,5,0.1,0.426,0.674,0.674,1.0,0.824,0.576,0.276
275,,-0.05,0.276,0.524,0.524,0.85,0.674,0.426,0.126
276,1,0.95,0.638,0.674,0.462,0.7,0.612,0.576,0.488
277,1,1.0,1.0,0.824,0.4,0.55,0.55,0.726,0.85
278,,0.85,0.85,0.674,0.25,0.4,0.4,0.576,0.7
279,,0.7,0.7,0.524,0.1,0.25,0.25,0.426,0.55
280,,0.55,0.55,0.374,-0.05,0.1,0.1,0.276,0.4
281,4,0.488,0.7,0.736,0.95,0.462,0.25,0.214,0.25
282,4,0.426,0.85,1.0,1.0,0.824,0.4,0.152,0.1
283,,0.276,0.7,0.85,0.85,0.674,0.25,0.002,-0.05
284,8,0.638,0.85,0.788,0.7,0.612,0.4,0.364,0.95
285,8,1.0,1.0,0.726,0.55,0.55,0.55,0.726,1.0
286,,0.85,0.85,0.576,0.4,0.4,0.4,0.576,0.85
287,,0.7,0.7,0.426,0.25,0.25,0.25,0.426,0.7
288,,0.55,0.55,0.276,0.1,0.1,0.1,0.276,0.55
289,,0.4,0.4,0.126,-0.05,-0.05,-0.05,0.126,0.4
290,4,0.338,0.55,0.488,0.95,0.312,0.1,0.064,0.25
291,4,0.276,0.7,0.85,1.0,0.674,0.25,0.002,0.1
292,,0.126,0.55,0.7,0.85,0.524,0.1,-0.148,-0.05
293,7,0.276,0.488,0.55,0.788,0.674,0.462,0.852,0.312
294,7,0.426,0.426,0.4,0.726,0.824,0.824,1.0,0.674
295,,0.276,0.276,0.25,0.576,0.674,0.674,0.85,0.524
296,,0.126,0.126,0.1,0.426,0.524,0.524,0.7,0.374
297,,-0.024,-0.024,-0.05,0.276,0.374,0.374,0.55,0.224
298,3,0.126,0.338,0.95,0.638,0.524,0.312,0.4,0.162
299,3,0.276,0.7,1.0,1.0,0.674,0.25,0.25,0.1
300,,0.126,0.55,0.85,0.85,0.524,0.1,0.1,-0.05
301,8,0.488,0.7,0.788,0.7,0.462,0.25,0.462,0.95
302,8,0.85,0.85,0.726,0.55,0.4,0.4,0.824,1.0
303,,0.7,0.7,0.576,0.4,0.25,0.25,0.674,0.85
304,,0.55,0.55,0.426,0.25,0.1,0.1,0.524,0.7
305,,0.4,0.4,0.276,0.1,-0.05,-0.05,0.374,0.55
306,6,0.338,0.25,0.214,0.25,0.312,0.95,0.736,0.7
307,6,0.276,0.1,0.152,0.4,0.674,1.0,1.0,0.85
308,,0.126,-0.05,0.002,0.25,0.524,0.85,0.85,0.7
309,2,0.488,0.95,0.364,0.4,0.462,0.7,0.788,0.85
310,2,0.85,1.0,0.726,0.55,0.4,0.55,0.726,1.0
311,,0.7,0.85,0.576,0.4,0.25,0.4,0.576,0.85
312,,0.55,0.7,0.426,0.25,0.1,0.25,0.426,0.7
313,,0.4,0.55,0.276,0.1,-0.05,0.1,0.276,0.55
314,5,0.25,0.488,0.426,0.462,0.95,0.462,0.426,0.488
315,5,0.1,0.426,0.576,0.824,1.0,0.824,0.576,0.426
316,,-0.05,0.276,0.426,0.674,0.85,0.674,0.426,0.276
317,1,0.95,0.638,0.576,0.612,0.7,0.612,0.576,0.638
318,1,1.0,1.0,0.726,0.55,0.55,0.55,0.726,1.0
319,,0.85,0.85,0.576,0.4,0.4,0.4,0.576,0.85
320,,0.7,0.7,0.426,0.25,0.25,0.25,0.426,0.7
321,,0.55,0.55,0.276,0.1,0.1,0.1,0.276,0.55
322,,0.4,0.4,0.126,-0.05,-0.05,-0.05,0.126,0.4
323,6,0.338,0.25,0.064,0.1,0.312,0.95,0.488,0.55
324,6,0.276,0.1,0.002,0.25,0.674,1.0,0.85,0.7
325,,0.126,-0.05,-0.148,0.1,0.524,0.85,0.7,0.55
326,3,0.276,0.312,0.852,0.462,0.674,0.788,0.55,0.488
327,3,0.426,0.674,1.0,0.824,0.824,0.726,0.4,0.426
328,,0.276,0.524,0.85,0.674,0.674,0.576,0.25,0.276
329,,0.126,0.374,0.7,0.524,0.524,0.426,0.1,0.126
330,,-0.024,0.224,0.55,0.374,0.374,0.276,-0.05,-0.024
331,7,0.126,0.162,0.4,0.312,0.524,0.638,0.95,0.338
332,7,0.276,0.1,0.25,0.25,0.674,1.0,1.0,0.7
333,,0.126,-0.05,0.1,0.1,0.524,0.85,0.85,0.55
334,2,0.488,0.95,0.462,0.25,0.462,0.7,0.788,0.7
335,2,0.85,1.0,0.824,0.4,0.4,0.55,0.726,0.85
336,,0.7,0.85,0.674,0.25,0.25,0.4,0.576,0.7
337,,0.55,0.7,0.524,0.1,0.1,0.25,0.426,0.55
338,,0.4,0.55,0.374,-0.05,-0.05,0.1,0.276,0.4
339,4,0.338,0.7,0.736,0.95,0.312,0.25,0.214,0.25
340,4,0.276,0.85,1.0,1.0,0.674,0.4,0.152,0.1
341,,0.126,0.7,0.85,0.85,0.524,0.25,0.002,-0.05
342,8,0.488,0.85,0.788,0.7,0.462,0.4,0.364,0.95
343,8,0.85,1.0,0.726,0.55,0.4,0.55,0.726,1.0
344,,0.7,0.85,0.576,0.4,0.25,0.4,0.576,0.85
345,,0.55,0.7,0.426,0.25,0.1,0.25,0.426,0.7
346,,0.4,0.55,0.276,0.1,-0.05,0.1,0.276,0.55
347,5,0.25,0.488,0.426,0.462,0.95,0.462,0.426,0.488
348,5,0.1,0.426,0.576,0.824,1.0,0.824,0.576,0.426
349,,-0.05,0.276,0.426,0.674,0.85,0.674,0.426,0.276
350,1,0.95,0.638,0.576,0.612,0.7,0.612,0.576,0.638
351,1,1.0,1.0,0.726,0.55,0.55,0.55,0.726,1.0
352,,0.85,0.85,0.576,0.4,0.4,0.4,0.576,0.85
353,,0.7,0.7,0.426,0.25,0.25,0.25,0.426,0.7
354,,0.55,0.55,0.276,0.1,0.1,0.1,0.276,0.55
355,,0.4,0.4,0.126,-0.05,-0.05,-0.05,0.126,0.4
356,5,0.25,0.338,0.276,0.312,0.95,0.312,0.276,0.338
357,5,0.1,0.276,0.426,0.674,1.0,0.674,0.426,0.276
358,,-0.05,0.126,0.276,0.524,0.85,0.524,0.276,0.126
359,1,0.95,0.488,0.426,0.462,0.7,0.462,0.426,0.488
360,1,1.0,0.85,0.576,0.4,0.55,0.4,0.576,0.85
361,,0.85,0.7,0.426,0.25,0.4,0.25,0.426,0.7
362,,0.7,0.55,0.276,0.1,0.25,0.1,0.276,0.55
363,,0.55,0.4,0.126,-0.05,0.1,-0.05,0.126,0.4
364,6,0.488,0.25,0.064,0.1,0.462,0.95,0.488,0.55
365,6,0.426,0.1,0.002,0.25,0.824,1.0,0.85,0.7
366,,0.276,-0.05,-0.148,0.1,0.674,0.85,0.7,0.55
367,3,0.426,0.312,0.852,0.462,0.824,0.788,0.55,0.488
368,3,0.576,0.674,1.0,0.824,0.974,0.726,0.4,0.426
369,,0.426,0.524,0.85,0.674,0.824,0.576,0.25,0.276
370,,0.276,0.374,0.7,0.524,0.674,0.426,0.1,0.126
371,,0.126,0.224,0.55,0.374,0.524,0.276,-0.05,-0.024
372,7,0.276,0.162,0.4,0.312,0.674,0.638,0.95,0.338
373,7,0.426,0.1,0.25,0.25,0.824,1.0,1.0,0.7
374,,0.276,-0.05,0.1,0.1,0.674,0.85,0.85,0.55
375,2,0.638,0.95,0.462,0.25,0.612,0.7,0.788,0.7
376,2,1.0,1.0,0.824,0.4,0.55,0.55,0.726,0.85
377,,0.85,0.85,0.674,0.25,0.4,0.4,0.576,0.7
378,,0.7,0.7,0.524,0.1,0.25,0.25,0.426,0.55
379,,0.55,0.55,0.374,-0.05,0.1,0.1,0.276,0.4
380,4,0.488,0.7,0.736,0.95,0.462,0.25,0.214,0.25
381,4,0.426,0.85,1.0,1.0,0.824,0.4,0.152,0.1
382,,0.276,0.7,0.85,0.85,0.674,0.25,0.002,-0.05
383,8,0.638,0.85,0.788,0.7,0.612,0.4,0.364,0.95
384,8,1.0,1.0,0.726,0.55,0.55,0.55,0.726,1.0
385,,0.85,0.85,0.576,0.4,0.4,0.4,0.576,0.85
386,,0.7,0.7,0.426,0.25,0.25,0.25,0.426,0.7
387,,0.55,0.55,0.276,0.1,0.1,0.1,0.276,0.55
388,,0.4,0.4,0.126,-0.05,-0.05,-0.05,0.126,0.4
389,5,0.25,0.338,0.276,0.312,0.95,0.312,0.276,0.338
390,5,0.1,0.276,0.426,0.674,1.0,0.674,0.426,0.276
391,,-0.05,0.126,0.276,0.524,0.85,0.524,0.276,0.126
392,1,0.95,0.488,0.426,0.462,0.7,0.462,0.426,0.488
393,1,1.0,0.85,0.576,0.4,0.55,0.4,0.576,0.85
394,,0.85,0.7,0.426,0.25,0.4,0.25,0.426,0.7
395,,0.7,0.55,0.276,0.1,0.25,0.1,0.276,0.55
396,,0.55,0.4,0.126,-0.05,0.1,-0.05,0.126,0.4
397,6,0.488,0.25,0.064,0.1,0.462,0.95,0.488,0.55
398,6,0.426,0.1,0.002,0.25,0.824,1.0,0.85,0.7
399,,0.276,-0.05,-0.148,0.1,0.674,0.85,0.7,0.55
400,3,0.426,0.312,0.852,0.462,0.824,0.788,0.55,0.488
401,3,0.576,0.674,1.0,0.824,0.974,0.726,0.4,0.426
402,,0.426,0.524,0.85,0.674,0.824,0.576,0.25,0.276
403,,0.276,0.374,0.7,0.524,0.674,0.426,0.1,0.126
404,,0.126,0.224,0.55,0.374,0.524,0.276,-0.05,-0.024
405,7,0.276,0.162,0.4,0.312,0.674,0.638,0.95,0.338
406,7,0.426,0.1,0.25,0.25,0.824,1.0,1.0,0.7
407,,0.276,-0.05,0.1,0.1,0.674,0.85,0.85,0.55
408,2,0.638,0.95,0.462,0.25,0.612,0.7,0.788,0.7
409,2,1.0,1.0,0.824,0.4,0.55,0.55,0.726,0.85
410,,0.85,0.85,0.674,0.25,0.4,0.4,0.576,0.7
411,,0.7,0.7,0.524,0.1,0.25,0.25,0.426,0.55
412,,0.55,0.55,0.374,-0.05,0.1,0.1,0.276,0.4
413,4,0.488,0.7,0.736,0.95,0.462,0.25,0.214,0.25
414,4,0.426,0.85,1.0,1.0,0.824,0.4,0.152,0.1
415,,0.276,0.7,0.85,0.85,0.674,0.25,0.002,-0.05
416,8,0.638,0.85,0.788,0.7,0.612,0.4,0.364,0.95
417,8,1.0,1.0,0.726,0.55,0.55,0.55,0.726,1.0
418,,0.85,0.85,0.576,0.4,0.4,0.4,0.576,0.85
419,,0.7,0.7,0.426,0.25,0.25,0.25,0.426,0.7
420,,0.55,0.55,0.276,0.1,0.1,0.1,0.276,0.55
421,,0.4,0.4,0.126,-0.05,-0.05,-0.05,0.126,0.4
422,4,0.338,0.55,0.488,0.95,0.312,0.1,0.064,0.25
423,4,0.276,0.7,0.85,1.0,0.674,0.25,0.002,0.1
424,,0.126,0.55,0.7,0.85,0.524,0.1,-0.148,-0.05
425,7,0.276,0.488,0.55,0.788,0.674,0.462,0.852,0.312
426,7,0.426,0.426,0.4,0.726,0.824,0.824,1.0,0.674
427,,0.276,0.276,0.25,0.576,0.674,0.674,0.85,0.524
428,,0.126,0.126,0.1,0.426,0.524,0.524,0.7,0.374
429,,-0.024,-0.024,-0.05,0.276,0.374,0.374,0.55,0.224
430,3,0.126,0.338,0.95,0.638,0.524,0.312,0.4,0.162
431,3,0.276,0.7,1.0,1.0,0.674,0.25,0.25,0.1
432,,0.126,0.55,0.85,0.85,0.524,0.1,0.1,-0.05
433,8,0.488,0.7,0.788,0.7,0.462,0.25,0.462,0.95
434,8,0.85,0.85,0.726,0.55,0.4,0.4,0.824,1.0
435,,0.7,0.7,0.576,0.4,0.25,0.25,0.674,0.85
436,,0.55,0.55,0.426,0.25,0.1,0.1,0.524,0.7
437,,0.4,0.4,0.276,0.1,-0.05,-0.05,0.374,0.55
438,6,0.338,0.25,0.214,0.25,0.312,0.95,0.736,0.7
439,6,0.276,0.1,0.152,0.4,0.674,1.0,1.0,0.85
440,,0.126,-0.05,0.002,0.25,0.524,0.85,0.85,0.7
441,2,0.488,0.95,0.364,0.4,0.462,0.7,0.788,0.85
442,2,0.85,1.0,0.726,0.55,0.4,0.55,0.726,1.0
443,,0.7,0.85,0.576,0.4,0.25,0.4,0.576,0.85
444,,0.55,0.7,0.426,0.25,0.1,0.25,0.426,0.7
445,,0.4,0.55,0.276,0.1,-0.05,0.1,0.276,0.55
446,5,0.25,0.488,0.426,0.462,0.95,0.462,0.426,0.488
447,5,0.1,0.426,0.576,0.824,1.0,0.824,0.576,0.426
448,,-0.05,0.276,0.426,0.674,0.85,0.674,0.426,0.276
449,1,0.95,0.638,0.576,0.612,0.7,0.612,0.576,0.638
450,1,1.0,1.0,0.726,0.55,0.55,0.55,0.726,1.0
451,,0.85,0.85,0.576,0.4,0.4,0.4,0.576,0.85
452,,0.7,0.7,0.426,0.25,0.25,0.25,0.426,0.7
453,,0.55,0.55,0.276,0.1,0.1,0.1,0.276,0.55
454,,0.4,0.4,0.126,-0.05,-0.05,-0.05,0.126,0.4
455,5,0.25,0.338,0.276,0.312,0.95,0.312,0.276,0.338
456,5,0.1,0.276,0.426,0.674,1.0,0.674,0.426,0.276
457,,-0.05,0.126,0.276,0.524,0.85,0.524,0.276,0.126
458,1,0.95,0.488,0.426,0.462,0.7,0.462,0.426,0.488
459,1,1.0,0.85,0.576,0.4,0.55,0.4,0.576,0.85
460,,0.85,0.7,0.426,0.25,0.4,0.25,0.426,0.7
461,,0.7,0.55,0.276,0.1,0.25,0.1,0.276,0.55
462,,0.55,0.4,0.126,-0.05,0.1,-0.05,0.126,0.4
463,6,0.488,0.25,0.064,0.1,0.462,0.95,0.488,0.55
464,6,0.426,0.1,0.002,0.25,0.824,1.0,0.85,0.7
465,,0.276,-0.05,-0.148,0.1,0.674,0.85,0.7,0.55
466,3,0.426,0.312,0.852,0.462,0.824,0.788,0.55,0.488
467,3,0.576,0.674,1.0,0.824,0.974,0.726,0.4,0.426
468,,0.426,0.524,0.85,0.674,0.824,0.576,0.25,0.276
469,,0.276,0.374,0.7,0.524,0.674,0.426,0.1,0.126
470,,0.126,0.224,0.55,0.374,0.524,0.276,-0.05,-0.024
471,7,0.276,0.162,0.4,0.312,0.674,0.638,0.95,0.338
472,7,0.426,0.1,0.25,0.25,0.824,1.0,1.0,0.7
473,,0.276,-0.05,0.1,0.1,0.674,0.85,0.85,0.55
474,2,0.638,0.95,0.462,0.25,0.612,0.7,0.788,0.7
475,2,1.0,1.0,0.824,0.4,0.55,0.55,0.726,0.85
476,,0.85,0.85,0.674,0.25,0.4,0.4,0.576,0.7
477,,0.7,0.7,0.524,0.1,0.25,0.25,0.426,0.55
478,,0.55,0.55,0.374,-0.05,0.1,0.1,0.276,0.4
479,4,0.488,0.7,0.736,0.95,0.462,0.25,0.214,0.25
480,4,0.426,0.85,1.0,1.0,0.824,0.4,0.152,0.1
481,,0.276,0.7,0.85,0.85,0.674,0.25,0.002,-0.05
482,8,0.638,0.85,0.788,0.7,0.612,0.4,0.364,0.95
483,8,1.0,1.0,0.726,0.55,0.55,0.55,0.726,1.0
484,,0.85,0.85,0.576,0.4,0.4,0.4,0.576,0.85
485,,0.7,0.7,0.426,0.25,0.25,0.25,0.426,0.7
486,,0.55,0.55,0.276,0.1,0.1,0.1,0.276,0.55
487,,0.4,0.4,0.126,-0.05,-0.05,-0.05,0.126,0.4
488,6,0.338,0.25,0.064,0.1,0.312,0.95,0.488,0.55
489,6,0.276,0.1,0.002,0.25,0.674,1.0,0.85,0.7
490,,0.126,-0.05,-0.148,0.1,0.524,0.85,0.7,0.55
491,3,0.276,0.312,0.852,0.462,0.674,0.788,0.55,0.488
492,3,0.426,0.674,1.0,0.824,0.824,0.726,0.4,0.426
493,,0.276,0.524,0.85,0.674,0.674,0.576,0.25,0.276
494,,0.126,0.374,0.7,0.524,0.524,0.426,0.1,0.126
495,,-0.024,0.224,0.55,0.374,0.374,0.276,-0.05,-0.024
496,7,0.126,0.162,0.4,0.312,0.524,0.638,0.95,0.338
497,7,0.276,0.1,0.25,0.25,0.674,1.0,1.0,0.7
498,,0.126,-0.05,0.1,0.1,0.524,0.85,0.85,0.55
499,2,0.488,0.95,0.462,0.25,0.462,0.7,0.788,0.7
