step,active_motive,motive_1,motive_2,motive_3,motive_4,motive_5,motive_6,motive_7,motive_8
0,,0.0157,0.03773,0.00026,0.08683,0.00845,0.05973,0.09863,0.05366
1,,-0.1343,-0.11227,-0.14974,-0.06317,-0.14155,-0.09027,-0.05137,-0.09634
2,3,0.0157,0.24973,0.85026,0.29883,0.00845,-0.15227,-0.20137,-0.15834
3,3,0.1657,0.61173,1.0,0.66083,0.15845,-0.21427,-0.35137,-0.22034
4,7,0.3157,0.54973,0.85,0.59883,0.30845,0.14773,0.64863,0.14166
5,7,0.4657,0.48773,0.7,0.53683,0.45845,0.50973,1.0,0.50366
6,,0.3157,0.33773,0.55,0.38683,0.30845,0.35973,0.85,0.35366
7,,0.1657,0.18773,0.4,0.23683,0.15845,0.20973,0.7,0.20366
8,,0.0157,0.03773,0.25,0.08683,0.00845,0.05973,0.55,0.05366
9,,-0.1343,-0.11227,0.1,-0.06317,-0.14155,-0.09027,0.4,-0.09634
10,5,-0.2843,-0.17427,0.25,0.29883,0.85845,0.27173,0.55,-0.15834
11,5,-0.4343,-0.23627,0.4,0.66083,1.0,0.63373,0.7,-0.22034
12,1,0.5657,0.12573,0.55,0.59883,0.85,0.57173,0.85,0.14166
13,1,1.0,0.48773,0.7,0.53683,0.7,0.50973,1.0,0.50366
14,,0.85,0.33773,0.55,0.38683,0.55,0.35973,0.85,0.35366
15,,0.7,0.18773,0.4,0.23683,0.4,0.20973,0.7,0.20366
16,,0.55,0.03773,0.25,0.08683,0.25,0.05973,0.55,0.05366
17,,0.4,-0.11227,0.1,-0.06317,0.1,-0.09027,0.4,-0.09634
18,2,0.762,0.88773,0.462,0.08683,0.038,-0.24027,0.338,0.05366
19,2,1.0,1.0,0.824,0.23683,-0.024,-0.39027,0.276,0.20366
20,6,0.938,0.85,0.762,0.38683,0.338,0.60973,0.638,0.35366
21,6,0.876,0.7,0.7,0.53683,0.7,1.0,1.0,0.50366
22,,0.726,0.55,0.55,0.38683,0.55,0.85,0.85,0.35366
23,,0.576,0.4,0.4,0.23683,0.4,0.7,0.7,0.20366
24,,0.426,0.25,0.25,0.08683,0.25,0.55,0.55,0.05366
25,,0.276,0.1,0.1,-0.06317,0.1,0.4,0.4,-0.09634
26,8,0.638,0.25,0.038,-0.21317,0.038,0.55,0.762,0.90366
27,8,1.0,0.4,-0.024,-0.36317,-0.024,0.7,1.0,1.0
28,4,0.938,0.55,0.338,0.63683,0.338,0.85,0.938,0.85
29,4,0.876,0.7,0.7,1.0,0.7,1.0,0.876,0.7
30,,0.726,0.55,0.55,0.85,0.55,0.85,0.726,0.55
31,,0.576,0.4,0.4,0.7,0.4,0.7,0.576,0.4
32,,0.426,0.25,0.25,0.55,0.25,0.55,0.426,0.25
33,,0.276,0.1,0.1,0.4,0.1,0.4,0.276,0.1
34,,0.126,-0.05,-0.05,0.25,-0.05,0.25,0.126,-0.05
35,8,0.488,0.1,-0.112,0.1,-0.112,0.4,0.488,0.95
36,8,0.85,0.25,-0.174,-0.05,-0.174,0.55,0.85,1.0
37,5,0.7,0.188,-0.024,0.312,0.826,0.912,1.0,0.938
38,5,0.55,0.126,0.126,0.674,1.0,1.0,1.0,0.876
39,,0.4,-0.024,-0.024,0.524,0.85,0.85,0.85,0.726
40,3,0.55,0.338,0.976,0.886,1.0,0.788,0.7,0.664
41,3,0.7,0.7,1.0,1.0,1.0,0.726,0.55,0.602
42,,0.55,0.55,0.85,0.85,0.85,0.576,0.4,0.452
43,,0.4,0.4,0.7,0.7,0.7,0.426,0.25,0.302
44,,0.25,0.25,0.55,0.55,0.55,0.276,0.1,0.152
45,,0.1,0.1,0.4,0.4,0.4,0.126,-0.05,0.002
46,7,0.25,0.038,0.25,0.338,0.55,0.488,0.95,0.364
47,7,0.4,-0.024,0.1,0.276,0.7,0.85,1.0,0.726
48,2,0.762,0.976,0.462,0.426,0.638,0.7,0.938,0.876
49,2,1.0,1.0,0.824,0.576,0.576,0.55,0.876,1.0
50,,0.85,0.85,0.674,0.426,0.426,0.4,0.726,0.85
51,,0.7,0.7,0.524,0.276,0.276,0.25,0.576,0.7
52,,0.55,0.55,0.374,0.126,0.126,0.1,0.426,0.55
53,,0.4,0.4,0.224,-0.024,-0.024,-0.05,0.276,0.4
54,6,0.338,0.25,0.162,0.126,0.338,0.95,0.638,0.55
55,6,0.276,0.1,0.1,0.276,0.7,1.0,1.0,0.7
56,,0.126,-0.05,-0.05,0.126,0.55,0.85,0.85,0.55
57,3,0.276,0.312,0.95,0.488,0.7,0.788,0.7,0.488
58,3,0.426,0.674,1.0,0.85,0.85,0.726,0.55,0.426
59,,0.276,0.524,0.85,0.7,0.7,0.576,0.4,0.276
60,,0.126,0.374,0.7,0.55,0.55,0.426,0.25,0.126
61,,-0.024,0.224,0.55,0.4,0.4,0.276,0.1,-0.024
62,8,0.338,0.374,0.488,0.25,0.338,0.426,0.462,0.976
63,8,0.7,0.524,0.426,0.1,0.276,0.576,0.824,1.0
64,,0.55,0.374,0.276,-0.05,0.126,0.426,0.674,0.85
65,4,0.488,0.524,0.638,0.95,0.488,0.576,0.612,0.7
66,4,0.426,0.674,1.0,1.0,0.85,0.726,0.55,0.55
67,,0.276,0.524,0.85,0.85,0.7,0.576,0.4,0.4
68,,0.126,0.374,0.7,0.7,0.55,0.426,0.25,0.25
69,,-0.024,0.224,0.55,0.55,0.4,0.276,0.1,0.1
70,1,0.976,0.586,0.7,0.488,0.25,0.214,0.25,0.462
71,1,1.0,0.948,0.85,0.426,0.1,0.152,0.4,0.824
72,,0.85,0.798,0.7,0.276,-0.05,0.002,0.25,0.674
73,5,0.7,0.736,0.85,0.638,0.95,0.364,0.4,0.612
74,5,0.55,0.674,1.0,1.0,1.0,0.726,0.55,0.55
75,,0.4,0.524,0.85,0.85,0.85,0.576,0.4,0.4
76,,0.25,0.374,0.7,0.7,0.7,0.426,0.25,0.25
77,,0.1,0.224,0.55,0.55,0.55,0.276,0.1,0.1
78,,-0.05,0.074,0.4,0.4,0.4,0.126,-0.05,-0.05
79,8,0.312,0.224,0.338,0.25,0.338,0.276,0.312,0.95
80,8,0.674,0.374,0.276,0.1,0.276,0.426,0.674,1.0
81,,0.524,0.224,0.126,-0.05,0.126,0.276,0.524,0.85
82,4,0.462,0.374,0.488,0.95,0.488,0.426,0.462,0.7
83,4,0.4,0.524,0.85,1.0,0.85,0.576,0.4,0.55
84,,0.25,0.374,0.7,0.85,0.7,0.426,0.25,0.4
85,,0.1,0.224,0.55,0.7,0.55,0.276,0.1,0.25
86,,-0.05,0.074,0.4,0.55,0.4,0.126,-0.05,0.1
87,7,0.1,0.012,0.25,0.488,0.55,0.488,0.95,0.462
88,7,0.25,-0.05,0.1,0.426,0.7,0.85,1.0,0.824
89,2,0.612,0.95,0.462,0.576,0.638,0.7,0.938,0.974
90,2,0.974,1.0,0.824,0.726,0.576,0.55,0.876,1.0
91,,0.824,0.85,0.674,0.576,0.426,0.4,0.726,0.85
92,,0.674,0.7,0.524,0.426,0.276,0.25,0.576,0.7
93,,0.524,0.55,0.374,0.276,0.126,0.1,0.426,0.55
94,,0.374,0.4,0.224,0.126,-0.024,-0.05,0.276,0.4
95,6,0.312,0.25,0.162,0.276,0.338,0.95,0.638,0.55
96,6,0.25,0.1,0.1,0.426,0.7,1.0,1.0,0.7
97,,0.1,-0.05,-0.05,0.276,0.55,0.85,0.85,0.55
98,3,0.25,0.312,0.95,0.638,0.7,0.788,0.7,0.488
99,3,0.4,0.674,1.0,1.0,0.85,0.726,0.55,0.426
100,,0.25,0.524,0.85,0.85,0.7,0.576,0.4,0.276
101,,0.1,0.374,0.7,0.7,0.55,0.426,0.25,0.126
102,,-0.05,0.224,0.55,0.55,0.4,0.276,0.1,-0.024
103,1,0.95,0.586,0.7,0.488,0.25,0.214,0.25,0.338
104,1,1.0,0.948,0.85,0.426,0.1,0.152,0.4,0.7
105,,0.85,0.798,0.7,0.276,-0.05,0.002,0.25,0.55
106,5,0.7,0.736,0.85,0.638,0.95,0.364,0.4,0.488
107,5,0.55,0.674,1.0,1.0,1.0,0.726,0.55,0.426
108,,0.4,0.524,0.85,0.85,0.85,0.576,0.4,0.276
109,,0.25,0.374,0.7,0.7,0.7,0.426,0.25,0.126
110,,0.1,0.224,0.55,0.55,0.55,0.276,0.1,-0.024
111,8,0.462,0.374,0.488,0.4,0.488,0.426,0.462,0.976
112,8,0.824,0.524,0.426,0.25,0.426,0.576,0.824,1.0
113,,0.674,0.374,0.276,0.1,0.276,0.426,0.674,0.85
114,,0.524,0.224,0.126,-0.05,0.126,0.276,0.524,0.7
115,4,0.462,0.374,0.488,0.95,0.488,0.426,0.462,0.55
116,4,0.4,0.524,0.85,1.0,0.85,0.576,0.4,0.4
117,,0.25,0.374,0.7,0.85,0.7,0.426,0.25,0.25
118,,0.1,0.224,0.55,0.7,0.55,0.276,0.1,0.1
119,,-0.05,0.074,0.4,0.55,0.4,0.126,-0.05,-0.05
120,7,0.1,0.012,0.25,0.488,0.55,0.488,0.95,0.312
121,7,0.25,-0.05,0.1,0.426,0.7,0.85,1.0,0.674
122,2,0.612,0.95,0.462,0.576,0.638,0.7,0.938,0.824
123,2,0.974,1.0,0.824,0.726,0.576,0.55,0.876,0.974
124,,0.824,0.85,0.674,0.576,0.426,0.4,0.726,0.824
125,,0.674,0.7,0.524,0.426,0.276,0.25,0.576,0.674
126,,0.524,0.55,0.374,0.276,0.126,0.1,0.426,0.524
127,,0.374,0.4,0.224,0.126,-0.024,-0.05,0.276,0.374
128,6,0.312,0.25,0.162,0.276,0.338,0.95,0.638,0.524
129,6,0.25,0.1,0.1,0.426,0.7,1.0,1.0,0.674
130,,0.1,-0.05,-0.05,0.276,0.55,0.85,0.85,0.524
131,2,0.462,0.95,0.312,0.426,0.488,0.7,0.788,0.674
132,2,0.824,1.0,0.674,0.576,0.426,0.55,0.726,0.824
133,,0.674,0.85,0.524,0.426,0.276,0.4,0.576,0.674
134,,0.524,0.7,0.374,0.276,0.126,0.25,0.426,0.524
135,,0.374,0.55,0.224,0.126,-0.024,0.1,0.276,0.374
136,5,0.224,0.488,0.374,0.488,0.976,0.462,0.426,0.312
137,5,0.074,0.426,0.524,0.85,1.0,0.824,0.576,0.25
138,,-0.076,0.276,0.374,0.7,0.85,0.674,0.426,0.1
139,1,0.924,0.638,0.524,0.638,0.7,0.612,0.576,0.462
140,1,1.0,1.0,0.674,0.576,0.55,0.55,0.726,0.824
141,,0.85,0.85,0.524,0.426,0.4,0.4,0.576,0.674
142,,0.7,0.7,0.374,0.276,0.25,0.25,0.426,0.524
143,,0.55,0.55,0.224,0.126,0.1,0.1,0.276,0.374
144,,0.4,0.4,0.074,-0.024,-0.05,-0.05,0.126,0.224
145,6,0.338,0.25,0.012,0.126,0.312,0.95,0.488,0.374
146,6,0.276,0.1,-0.05,0.276,0.674,1.0,0.85,0.524
147,3,0.426,0.462,0.95,0.638,0.824,0.938,0.7,0.462
148,3,0.576,0.824,1.0,1.0,0.974,0.876,0.55,0.4
149,,0.426,0.674,0.85,0.85,0.824,0.726,0.4,0.25
150,,0.276,0.524,0.7,0.7,0.674,0.576,0.25,0.1
151,,0.126,0.374,0.55,0.55,0.524,0.426,0.1,-0.05
152,8,0.488,0.524,0.488,0.4,0.462,0.576,0.462,0.95
153,8,0.85,0.674,0.426,0.25,0.4,0.726,0.824,1.0
154,,0.7,0.524,0.276,0.1,0.25,0.576,0.674,0.85
155,,0.55,0.374,0.126,-0.05,0.1,0.426,0.524,0.7
156,4,0.488,0.524,0.488,0.95,0.462,0.576,0.462,0.55
157,4,0.426,0.674,0.85,1.0,0.824,0.726,0.4,0.4
158,,0.276,0.524,0.7,0.85,0.674,0.576,0.25,0.25
159,,0.126,0.374,0.55,0.7,0.524,0.426,0.1,0.1
160,,-0.024,0.224,0.4,0.55,0.374,0.276,-0.05,-0.05
161,8,0.338,0.374,0.338,0.4,0.312,0.426,0.312,0.95
162,8,0.7,0.524,0.276,0.25,0.25,0.576,0.674,1.0
163,,0.55,0.374,0.126,0.1,0.1,0.426,0.524,0.85
164,,0.4,0.224,-0.024,-0.05,-0.05,0.276,0.374,0.7
165,4,0.338,0.374,0.338,0.95,0.312,0.426,0.312,0.55
166,4,0.276,0.524,0.7,1.0,0.674,0.576,0.25,0.4
167,,0.126,0.374,0.55,0.85,0.524,0.426,0.1,0.25
168,,-0.024,0.224,0.4,0.7,0.374,0.276,-0.05,0.1
169,7,0.126,0.162,0.25,0.638,0.524,0.638,0.95,0.462
170,7,0.276,0.1,0.1,0.576,0.674,1.0,1.0,0.824
171,,0.126,-0.05,-0.05,0.426,0.524,0.85,0.85,0.674
172,3,0.276,0.312,0.95,0.788,0.674,0.788,0.7,0.612
173,3,0.426,0.674,1.0,1.0,0.824,0.726,0.55,0.55
174,,0.276,0.524,0.85,0.85,0.674,0.576,0.4,0.4
175,,0.126,0.374,0.7,0.7,0.524,0.426,0.25,0.25
176,,-0.024,0.224,0.55,0.55,0.374,0.276,0.1,0.1
177,1,0.976,0.586,0.7,0.488,0.224,0.214,0.25,0.462
178,1,1.0,0.948,0.85,0.426,0.074,0.152,0.4,0.824
179,,0.85,0.798,0.7,0.276,-0.076,0.002,0.25,0.674
180,5,0.7,0.736,0.85,0.638,0.924,0.364,0.4,0.612
181,5,0.55,0.674,1.0,1.0,1.0,0.726,0.55,0.55
182,,0.4,0.524,0.85,0.85,0.85,0.576,0.4,0.4
183,,0.25,0.374,0.7,0.7,0.7,0.426,0.25,0.25
184,,0.1,0.224,0.55,0.55,0.55,0.276,0.1,0.1
185,,-0.05,0.074,0.4,0.4,0.4,0.126,-0.05,-0.05
186,8,0.312,0.224,0.338,0.25,0.338,0.276,0.312,0.95
187,8,0.674,0.374,0.276,0.1,0.276,0.426,0.674,1.0
188,,0.524,0.224,0.126,-0.05,0.126,0.276,0.524,0.85
189,4,0.462,0.374,0.488,0.95,0.488,0.426,0.462,0.7
190,4,0.4,0.524,0.85,1.0,0.85,0.576,0.4,0.55
191,,0.25,0.374,0.7,0.85,0.7,0.426,0.25,0.4
192,,0.1,0.224,0.55,0.7,0.55,0.276,0.1,0.25
193,,-0.05,0.074,0.4,0.55,0.4,0.126,-0.05,0.1
194,1,0.95,0.436,0.55,0.488,0.25,0.064,0.1,0.462
195,1,1.0,0.798,0.7,0.426,0.1,0.002,0.25,0.824
196,,0.85,0.648,0.55,0.276,-0.05,-0.148,0.1,0.674
197,6,0.788,0.498,0.488,0.426,0.312,0.852,0.462,0.824
198,6,0.726,0.348,0.426,0.576,0.674,1.0,0.824,0.974
199,,0.576,0.198,0.276,0.426,0.524,0.85,0.674,0.824
200,,0.426,0.048,0.126,0.276,0.374,0.7,0.524,0.674
201,,0.276,-0.102,-0.024,0.126,0.224,0.55,0.374,0.524
202,2,0.638,0.898,0.338,0.276,0.162,0.4,0.312,0.674
203,2,1.0,1.0,0.7,0.426,0.1,0.25,0.25,0.824
204,,0.85,0.85,0.55,0.276,-0.05,0.1,0.1,0.674
205,5,0.7,0.788,0.7,0.638,0.95,0.462,0.25,0.612
206,5,0.55,0.726,0.85,1.0,1.0,0.824,0.4,0.55
207,,0.4,0.576,0.7,0.85,0.85,0.674,0.25,0.4
208,,0.25,0.426,0.55,0.7,0.7,0.524,0.1,0.25
209,,0.1,0.276,0.4,0.55,0.55,0.374,-0.05,0.1
210,7,0.25,0.214,0.25,0.488,0.7,0.736,0.95,0.462
211,7,0.4,0.152,0.1,0.426,0.85,1.0,1.0,0.824
212,,0.25,0.002,-0.05,0.276,0.7,0.85,0.85,0.674
213,3,0.4,0.364,0.95,0.638,0.85,0.788,0.7,0.612
214,3,0.55,0.726,1.0,1.0,1.0,0.726,0.55,0.55
215,,0.4,0.576,0.85,0.85,0.85,0.576,0.4,0.4
216,,0.25,0.426,0.7,0.7,0.7,0.426,0.25,0.25
217,,0.1,0.276,0.55,0.55,0.55,0.276,0.1,0.1
218,,-0.05,0.126,0.4,0.4,0.4,0.126,-0.05,-0.05
219,8,0.312,0.276,0.338,0.25,0.338,0.276,0.312,0.95
220,8,0.674,0.426,0.276,0.1,0.276,0.426,0.674,1.0
221,,0.524,0.276,0.126,-0.05,0.126,0.276,0.524,0.85
222,4,0.462,0.426,0.488,0.95,0.488,0.426,0.462,0.7
223,4,0.4,0.576,0.85,1.0,0.85,0.576,0.4,0.55
224,,0.25,0.426,0.7,0.85,0.7,0.426,0.25,0.4
225,,0.1,0.276,0.55,0.7,0.55,0.276,0.1,0.25
226,,-0.05,0.126,0.4,0.55,0.4,0.126,-0.05,0.1
227,1,0.95,0.488,0.55,0.488,0.25,0.064,0.1,0.462
228,1,1.0,0.85,0.7,0.426,0.1,0.002,0.25,0.824
229,,0.85,0.7,0.55,0.276,-0.05,-0.148,0.1,0.674
230,6,0.788,0.55,0.488,0.426,0.312,0.852,0.462,0.824
231,6,0.726,0.4,0.426,0.576,0.674,1.0,0.824,0.974
232,,0.576,0.25,0.276,0.426,0.524,0.85,0.674,0.824
233,,0.426,0.1,0.126,0.276,0.374,0.7,0.524,0.674
234,,0.276,-0.05,-0.024,0.126,0.224,0.55,0.374,0.524
235,2,0.638,0.95,0.338,0.276,0.162,0.4,0.312,0.674
236,2,1.0,1.0,0.7,0.426,0.1,0.25,0.25,0.824
237,,0.85,0.85,0.55,0.276,-0.05,0.1,0.1,0.674
238,5,0.7,0.788,0.7,0.638,0.95,0.462,0.25,0.612
239,5,0.55,0.726,0.85,1.0,1.0,0.824,0.4,0.55
240,,0.4,0.576,0.7,0.85,0.85,0.674,0.25,0.4
241,,0.25,0.426,0.55,0.7,0.7,0.524,0.1,0.25
242,,0.1,0.276,0.4,0.55,0.55,0.374,-0.05,0.1
243,7,0.25,0.214,0.25,0.488,0.7,0.736,0.95,0.462
244,7,0.4,0.152,0.1,0.426,0.85,1.0,1.0,0.824
245,,0.25,0.002,-0.05,0.276,0.7,0.85,0.85,0.674
246,3,0.4,0.364,0.95,0.638,0.85,0.788,0.7,0.612
247,3,0.55,0.726,1.0,1.0,1.0,0.726,0.55,0.55
248,,0.4,0.576,0.85,0.85,0.85,0.576,0.4,0.4
249,,0.25,0.426,0.7,0.7,0.7,0.426,0.25,0.25
250,,0.1,0.276,0.55,0.55,0.55,0.276,0.1,0.1
251,,-0.05,0.126,0.4,0.4,0.4,0.126,-0.05,-0.05
252,8,0.312,0.276,0.338,0.25,0.338,0.276,0.312,0.95
253,8,0.674,0.426,0.276,0.1,0.276,0.426,0.674,1.0
254,,0.524,0.276,0.126,-0.05,0.126,0.276,0.524,0.85
255,4,0.462,0.426,0.488,0.95,0.488,0.426,0.462,0.7
256,4,0.4,0.576,0.85,1.0,0.85,0.576,0.4,0.55
257,,0.25,0.426,0.7,0.85,0.7,0.426,0.25,0.4
258,,0.1,0.276,0.55,0.7,0.55,0.276,0.1,0.25
259,,-0.05,0.126,0.4,0.55,0.4,0.126,-0.05,0.1
260,7,0.1,0.064,0.25,0.488,0.55,0.488,0.95,0.462
261,7,0.25,0.002,0.1,0.426,0.7,0.85,1.0,0.824
262,,0.1,-0.148,-0.05,0.276,0.55,0.7,0.85,0.674
263,2,0.462,0.852,0.312,0.426,0.488,0.55,0.788,0.824
264,2,0.824,1.0,0.674,0.576,0.426,0.4,0.726,0.974
265,,0.674,0.85,0.524,0.426,0.276,0.25,0.576,0.824
266,,0.524,0.7,0.374,0.276,0.126,0.1,0.426,0.674
267,,0.374,0.55,0.224,0.126,-0.024,-0.05,0.276,0.524
268,6,0.312,0.4,0.162,0.276,0.338,0.95,0.638,0.674
269,6,0.25,0.25,0.1,0.426,0.7,1.0,1.0,0.824
270,,0.1,0.1,-0.05,0.276,0.55,0.85,0.85,0.674
271,3,0.25,0.462,0.95,0.638,0.7,0.788,0.7,0.612
272,3,0.4,0.824,1.0,1.0,0.85,0.726,0.55,0.55
273,,0.25,0.674,0.85,0.85,0.7,0.576,0.4,0.4
274,,0.1,0.524,0.7,0.7,0.55,0.426,0.25,0.25
275,,-0.05,0.374,0.55,0.55,0.4,0.276,0.1,0.1
276,1,0.95,0.736,0.7,0.488,0.25,0.214,0.25,0.462
277,1,1.0,1.0,0.85,0.426,0.1,0.152,0.4,0.824
278,,0.85,0.85,0.7,0.276,-0.05,0.002,0.25,0.674
279,5,0.7,0.788,0.85,0.638,0.95,0.364,0.4,0.612
280,5,0.55,0.726,1.0,1.0,1.0,0.726,0.55,0.55
281,,0.4,0.576,0.85,0.85,0.85,0.576,0.4,0.4
282,,0.25,0.426,0.7,0.7,0.7,0.426,0.25,0.25
283,,0.1,0.276,0.55,0.55,0.55,0.276,0.1,0.1
284,,-0.05,0.126,0.4,0.4,0.4,0.126,-0.05,-0.05
285,8,0.312,0.276,0.338,0.25,0.338,0.276,0.312,0.95
286,8,0.674,0.426,0.276,0.1,0.276,0.426,0.674,1.0
287,,0.524,0.276,0.126,-0.05,0.126,0.276,0.524,0.85
288,4,0.462,0.426,0.488,0.95,0.488,0.426,0.462,0.7
289,4,0.4,0.576,0.85,1.0,0.85,0.576,0.4,0.55
290,,0.25,0.426,0.7,0.85,0.7,0.426,0.25,0.4
291,,0.1,0.276,0.55,0.7,0.55,0.276,0.1,0.25
292,,-0.05,0.126,0.4,0.55,0.4,0.126,-0.05,0.1
293,1,0.95,0.488,0.55,0.488,0.25,0.064,0.1,0.462
294,1,1.0,0.85,0.7,0.426,0.1,0.002,0.25,0.824
295,,0.85,0.7,0.55,0.276,-0.05,-0.148,0.1,0.674
296,6,0.788,0.55,0.488,0.426,0.312,0.852,0.462,0.824
297,6,0.726,0.4,0.426,0.576,0.674,1.0,0.824,0.974
298,,0.576,0.25,0.276,0.426,0.524,0.85,0.674,0.824
299,,0.426,0.1,0.126,0.276,0.374,0.7,0.524,0.674
300,,0.276,-0.05,-0.024,0.126,0.224,0.55,0.374,0.524
301,2,0.638,0.95,0.338,0.276,0.162,0.4,0.312,0.674
302,2,1.0,1.0,0.7,0.426,0.1,0.25,0.25,0.824
303,,0.85,0.85,0.55,0.276,-0.05,0.1,0.1,0.674
304,5,0.7,0.788,0.7,0.638,0.95,0.462,0.25,0.612
305,5,0.55,0.726,0.85,1.0,1.0,0.824,0.4,0.55
306,,0.4,0.576,0.7,0.85,0.85,0.674,0.25,0.4
307,,0.25,0.426,0.55,0.7,0.7,0.524,0.1,0.25
308,,0.1,0.276,0.4,0.55,0.55,0.374,-0.05,0.1
309,7,0.25,0.214,0.25,0.488,0.7,0.736,0.95,0.462
310,7,0.4,0.152,0.1,0.426,0.85,1.0,1.0,0.824
311,,0.25,0.002,-0.05,0.276,0.7,0.85,0.85,0.674
312,3,0.4,0.364,0.95,0.638,0.85,0.788,0.7,0.612
313,3,0.55,0.726,1.0,1.0,1.0,0.726,0.55,0.55
314,,0.4,0.576,0.85,0.85,0.85,0.576,0.4,0.4
315,,0.25,0.426,0.7,0.7,0.7,0.426,0.25,0.25
316,,0.1,0.276,0.55,0.55,0.55,0.276,0.1,0.1
317,,-0.05,0.126,0.4,0.4,0.4,0.126,-0.05,-0.05
318,1,0.95,0.488,0.55,0.338,0.25,0.064,0.1,0.312
319,1,1.0,0.85,0.7,0.276,0.1,0.002,0.25,0.674
320,,0.85,0.7,0.55,0.126,-0.05,-0.148,0.1,0.524
321,6,0.788,0.55,0.488,0.276,0.312,0.852,0.462,0.674
322,6,0.726,0.4,0.426,0.426,0.674,1.0,0.824,0.824
323,,0.576,0.25,0.276,0.276,0.524,0.85,0.674,0.674
324,,0.426,0.1,0.126,0.126,0.374,0.7,0.524,0.524
325,,0.276,-0.05,-0.024,-0.024,0.224,0.55,0.374,0.374
326,2,0.638,0.95,0.338,0.126,0.162,0.4,0.312,0.524
327,2,1.0,1.0,0.7,0.276,0.1,0.25,0.25,0.674
328,,0.85,0.85,0.55,0.126,-0.05,0.1,0.1,0.524
329,5,0.7,0.788,0.7,0.488,0.95,0.462,0.25,0.462
330,5,0.55,0.726,0.85,0.85,1.0,0.824,0.4,0.4
331,,0.4,0.576,0.7,0.7,0.85,0.674,0.25,0.25
332,,0.25,0.426,0.55,0.55,0.7,0.524,0.1,0.1
333,,0.1,0.276,0.4,0.4,0.55,0.374,-0.05,-0.05
334,8,0.462,0.426,0.338,0.25,0.488,0.524,0.312,0.95
335,8,0.824,0.576,0.276,0.1,0.426,0.674,0.674,1.0
336,,0.674,0.426,0.126,-0.05,0.276,0.524,0.524,0.85
337,4,0.612,0.576,0.488,0.95,0.638,0.674,0.462,0.7
338,4,0.55,0.726,0.85,1.0,1.0,0.824,0.4,0.55
339,,0.4,0.576,0.7,0.85,0.85,0.674,0.25,0.4
340,,0.25,0.426,0.55,0.7,0.7,0.524,0.1,0.25
341,,0.1,0.276,0.4,0.55,0.55,0.374,-0.05,0.1
342,7,0.25,0.214,0.25,0.488,0.7,0.736,0.95,0.462
343,7,0.4,0.152,0.1,0.426,0.85,1.0,1.0,0.824
344,,0.25,0.002,-0.05,0.276,0.7,0.85,0.85,0.674
345,3,0.4,0.364,0.95,0.638,0.85,0.788,0.7,0.612
346,3,0.55,0.726,1.0,1.0,1.0,0.726,0.55,0.55
347,,0.4,0.576,0.85,0.85,0.85,0.576,0.4,0.4
348,,0.25,0.426,0.7,0.7,0.7,0.426,0.25,0.25
349,,0.1,0.276,0.55,0.55,0.55,0.276,0.1,0.1
350,,-0.05,0.126,0.4,0.4,0.4,0.126,-0.05,-0.05
351,7,0.1,0.064,0.25,0.338,0.55,0.488,0.95,0.312
352,7,0.25,0.002,0.1,0.276,0.7,0.85,1.0,0.674
353,,0.1,-0.148,-0.05,0.126,0.55,0.7,0.85,0.524
354,2,0.462,0.852,0.312,0.276,0.488,0.55,0.788,0.674
355,2,0.824,1.0,0.674,0.426,0.426,0.4,0.726,0.824
356,,0.674,0.85,0.524,0.276,0.276,0.25,0.576,0.674
357,,0.524,0.7,0.374,0.126,0.126,0.1,0.426,0.524
358,,0.374,0.55,0.224,-0.024,-0.024,-0.05,0.276,0.374
359,6,0.312,0.4,0.162,0.126,0.338,0.95,0.638,0.524
360,6,0.25,0.25,0.1,0.276,0.7,1.0,1.0,0.674
361,,0.1,0.1,-0.05,0.126,0.55,0.85,0.85,0.524
362,3,0.25,0.462,0.95,0.488,0.7,0.788,0.7,0.462
363,3,0.4,0.824,1.0,0.85,0.85,0.726,0.55,0.4
364,,0.25,0.674,0.85,0.7,0.7,0.576,0.4,0.25
365,,0.1,0.524,0.7,0.55,0.55,0.426,0.25,0.1
366,,-0.05,0.374,0.55,0.4,0.4,0.276,0.1,-0.05
367,8,0.312,0.524,0.488,0.25,0.338,0.426,0.462,0.95
368,8,0.674,0.674,0.426,0.1,0.276,0.576,0.824,1.0
369,,0.524,0.524,0.276,-0.05,0.126,0.426,0.674,0.85
370,4,0.462,0.674,0.638,0.95,0.488,0.576,0.612,0.7
371,4,0.4,0.824,1.0,1.0,0.85,0.726,0.55,0.55
372,,0.25,0.674,0.85,0.85,0.7,0.576,0.4,0.4
373,,0.1,0.524,0.7,0.7,0.55,0.426,0.25,0.25
374,,-0.05,0.374,0.55,0.55,0.4,0.276,0.1,0.1
375,1,0.95,0.736,0.7,0.488,0.25,0.214,0.25,0.462
376,1,1.0,1.0,0.85,0.426,0.1,0.152,0.4,0.824
377,,0.85,0.85,0.7,0.276,-0.05,0.002,0.25,0.674
378,5,0.7,0.788,0.85,0.638,0.95,0.364,0.4,0.612
379,5,0.55,0.726,1.0,1.0,1.0,0.726,0.55,0.55
380,,0.4,0.576,0.85,0.85,0.85,0.576,0.4,0.4
381,,0.25,0.426,0.7,0.7,0.7,0.426,0.25,0.25
382,,0.1,0.276,0.55,0.55,0.55,0.276,0.1,0.1
383,,-0.05,0.126,0.4,0.4,0.4,0.126,-0.05,-0.05
384,8,0.312,0.276,0.338,0.25,0.338,0.276,0.312,0.95
385,8,0.674,0.426,0.276,0.1,0.276,0.426,0.674,1.0
386,,0.524,0.276,0.126,-0.05,0.126,0.276,0.524,0.85
387,4,0.462,0.426,0.488,0.95,0.488,0.426,0.462,0.7
388,4,0.4,0.576,0.85,1.0,0.85,0.576,0.4,0.55
389,,0.25,0.426,0.7,0.85,0.7,0.426,0.25,0.4
390,,0.1,0.276,0.55,0.7,0.55,0.276,0.1,0.25
391,,-0.05,0.126,0.4,0.55,0.4,0.126,-0.05,0.1
392,1,0.95,0.488,0.55,0.488,0.25,0.064,0.1,0.462
393,1,1.0,0.85,0.7,0.426,0.1,0.002,0.25,0.824
394,,0.85,0.7,0.55,0.276,-0.05,-0.148,0.1,0.674
395,6,0.788,0.55,0.488,0.426,0.312,0.852,0.462,0.824
396,6,0.726,0.4,0.426,0.576,0.674,1.0,0.824,0.974
397,,0.576,0.25,0.276,0.426,0.524,0.85,0.674,0.824
398,,0.426,0.1,0.126,0.276,0.374,0.7,0.524,0.674
399,,0.276,-0.05,-0.024,0.126,0.224,0.55,0.374,0.524
400,2,0.638,0.95,0.338,0.276,0.162,0.4,0.312,0.674
401,2,1.0,1.0,0.7,0.426,0.1,0.25,0.25,0.824
402,,0.85,0.85,0.55,0.276,-0.05,0.1,0.1,0.674
403,5,0.7,0.788,0.7,0.638,0.95,0.462,0.25,0.612
404,5,0.55,0.726,0.85,1.0,1.0,0.824,0.4,0.55
405,,0.4,0.576,0.7,0.85,0.85,0.674,0.25,0.4
406,,0.25,0.426,0.55,0.7,0.7,0.524,0.1,0.25
407,,0.1,0.276,0.4,0.55,0.55,0.374,-0.05,0.1
408,7,0.25,0.214,0.25,0.488,0.7,0.736,0.95,0.462
409,7,0.4,0.152,0.1,0.426,0.85,1.0,1.0,0.824
410,,0.25,0.002,-0.05,0.276,0.7,0.85,0.85,0.674
411,3,0.4,0.364,0.95,0.638,0.85,0.788,0.7,0.612
412,3,0.55,0.726,1.0,1.0,1.0,0.726,0.55,0.55
413,,0.4,0.576,0.85,0.85,0.85,0.576,0.4,0.4
414,,0.25,0.426,0.7,0.7,0.7,0.426,0.25,0.25
415,,0.1,0.276,0.55,0.55,0.55,0.276,0.1,0.1
416,,-0.05,0.126,0.4,0.4,0.4,0.126,-0.05,-0.05
417,8,0.312,0.276,0.338,0.25,0.338,0.276,0.312,0.95
418,8,0.674,0.426,0.276,0.1,0.276,0.426,0.674,1.0
419,,0.524,0.276,0.126,-0.05,0.126,0.276,0.524,0.85
420,4,0.462,0.426,0.488,0.95,0.488,0.426,0.462,0.7
421,4,0.4,0.576,0.85,1.0,0.85,0.576,0.4,0.55
422,,0.25,0.426,0.7,0.85,0.7,0.426,0.25,0.4
423,,0.1,0.276,0.55,0.7,0.55,0.276,0.1,0.25
424,,-0.05,0.126,0.4,0.55,0.4,0.126,-0.05,0.1
425,7,0.1,0.064,0.25,0.488,0.55,0.488,0.95,0.462
426,7,0.25,0.002,0.1,0.426,0.7,0.85,1.0,0.824
427,,0.1,-0.148,-0.05,0.276,0.55,0.7,0.85,0.674
428,2,0.462,0.852,0.312,0.426,0.488,0.55,0.788,0.824
429,2,0.824,1.0,0.674,0.576,0.426,0.4,0.726,0.974
430,,0.674,0.85,0.524,0.426,0.276,0.25,0.576,0.824
431,,0.524,0.7,0.374,0.276,0.126,0.1,0.426,0.674
432,,0.374,0.55,0.224,0.126,-0.024,-0.05,0.276,0.524
433,6,0.312,0.4,0.162,0.276,0.338,0.95,0.638,0.674
434,6,0.25,0.25,0.1,0.426,0.7,1.0,1.0,0.824
435,,0.1,0.1,-0.05,0.276,0.55,0.85,0.85,0.674
436,3,0.25,0.462,0.95,0.638,0.7,0.788,0.7,0.612
437,3,0.4,0.824,1.0,1.0,0.85,0.726,0.55,0.55
438,,0.25,0.674,0.85,0.85,0.7,0.576,0.4,0.4
439,,0.1,0.524,0.7,0.7,0.55,0.426,0.25,0.25
440,,-0.05,0.374,0.55,0.55,0.4,0.276,0.1,0.1
441,1,0.95,0.736,0.7,0.488,0.25,0.214,0.25,0.462
442,1,1.0,1.0,0.85,0.426,0.1,0.152,0.4,0.824
443,,0.85,0.85,0.7,0.276,-0.05,0.002,0.25,0.674
444,5,0.7,0.788,0.85,0.638,0.95,0.364,0.4,0.612
445,5,0.55,0.726,1.0,1.0,1.0,0.726,0.55,0.55
446,,0.4,0.576,0.85,0.85,0.85,0.576,0.4,0.4
447,,0.25,0.426,0.7,0.7,0.7,0.426,0.25,0.25
448,,0.1,0.276,0.55,0.55,0.55,0.276,0.1,0.1
449,,-0.05,0.126,0.4,0.4,0.4,0.126,-0.05,-0.05
450,1,0.95,0.488,0.55,0.338,0.25,0.064,0.1,0.312
451,1,1.0,0.85,0.7,0.276,0.1,0.002,0.25,0.674
452,,0.85,0.7,0.55,0.126,-0.05,-0.148,0.1,0.524
453,6,0.788,0.55,0.488,0.276,0.312,0.852,0.462,0.674
454,6,0.726,0.4,0.426,0.426,0.674,1.0,0.824,0.824
455,,0.576,0.25,0.276,0.276,0.524,0.85,0.674,0.674
456,,0.426,0.1,0.126,0.126,0.374,0.7,0.524,0.524
457,,0.276,-0.05,-0.024,-0.024,0.224,0.55,0.374,0.374
458,2,0.638,0.95,0.338,0.126,0.162,0.4,0.312,0.524
459,2,1.0,1.0,0.7,0.276,0.1,0.25,0.25,0.674
460,,0.85,0.85,0.55,0.126,-0.05,0.1,0.1,0.524
461,5,0.7,0.788,0.7,0.488,0.95,0.462,0.25,0.462
462,5,0.55,0.726,0.85,0.85,1.0,0.824,0.4,0.4
463,,0.4,0.576,0.7,0.7,0.85,0.674,0.25,0.25
464,,0.25,0.426,0.55,0.55,0.7,0.524,0.1,0.1
465,,0.1,0.276,0.4,0.4,0.55,0.374,-0.05,-0.05
466,7,0.25,0.214,0.25,0.338,0.7,0.736,0.95,0.312
467,7,0.4,0.152,0.1,0.276,0.85,1.0,1.0,0.674
468,,0.25,0.002,-0.05,0.126,0.7,0.85,0.85,0.524
469,3,0.4,0.364,0.95,0.488,0.85,0.788,0.7,0.462
470,3,0.55,0.726,1.0,0.85,1.0,0.726,0.55,0.4
471,,0.4,0.576,0.85,0.7,0.85,0.576,0.4,0.25
472,,0.25,0.426,0.7,0.55,0.7,0.426,0.25,0.1
473,,0.1,0.276,0.55,0.4,0.55,0.276,0.1,-0.05
474,8,0.462,0.426,0.488,0.25,0.488,0.426,0.462,0.95
475,8,0.824,0.576,0.426,0.1,0.426,0.576,0.824,1.0
476,,0.674,0.426,0.276,-0.05,0.276,0.426,0.674,0.85
477,4,0.612,0.576,0.638,0.95,0.638,0.576,0.612,0.7
478,4,0.55,0.726,1.0,1.0,1.0,0.726,0.55,0.55
479,,0.4,0.576,0.85,0.85,0.85,0.576,0.4,0.4
480,,0.25,0.426,0.7,0.7,0.7,0.426,0.25,0.25
481,,0.1,0.276,0.55,0.55,0.55,0.276,0.1,0.1
482,,-0.05,0.126,0.4,0.4,0.4,0.126,-0.05,-0.05
483,1,0.95,0.488,0.55,0.338,0.25,0.064,0.1,0.312
484,1,1.0,0.85,0.7,0.276,0.1,0.002,0.25,0.674
485,,0.85,0.7,0.55,0.126,-0.05,-0.148,0.1,0.524
486,6,0.788,0.55,0.488,0.276,0.312,0.852,0.462,0.674
487,6,0.726,0.4,0.426,0.426,0.674,1.0,0.824,0.824
488,,0.576,0.25,0.276,0.276,0.524,0.85,0.674,0.674
489,,0.426,0.1,0.126,0.126,0.374,0.7,0.524,0.524
490,,0.276,-0.05,-0.024,-0.024,0.224,0.55,0.374,0.374
491,2,0.638,0.95,0.338,0.126,0.162,0.4,0.312,0.524
492,2,1.0,1.0,0.7,0.276,0.1,0.25,0.25,0.674
493,,0.85,0.85,0.55,0.126,-0.05,0.1,0.1,0.524
494,5,0.7,0.788,0.7,0.488,0.95,0.462,0.25,0.462
495,5,0.55,0.726,0.85,0.85,1.0,0.824,0.4,0.4
496,,0.4,0.576,0.7,0.7,0.85,0.674,0.25,0.25
497,,0.25,0.426,0.55,0.55,0.7,0.524,0.1,0.1
498,,0.1,0.276,0.4,0.4,0.55,0.374,-0.05,-0.05
499,8,0.462,0.426,0.338,0.25,0.488,0.524,0.312,0.95
