step,active_motive,motive_1,motive_2,motive_3,motive_4,motive_5,motive_6,motive_7,motive_8
0,,0.09737,0.02839,0.03054,0.04856,0.04484,0.09945,0.01759,0.00181
1,,-0.05263,-0.12161,-0.11946,-0.10144,-0.10516,-0.05055,-0.13241,-0.14819
2,8,0.30937,0.02839,-0.18146,-0.25144,-0.16716,0.09945,0.22959,0.85181
3,8,0.67137,0.17839,-0.24346,-0.40144,-0.22916,0.24945,0.59159,1.0
4,4,0.60937,0.32839,0.11854,0.59856,0.13284,0.39945,0.52959,0.85
5,4,0.54737,0.47839,0.48054,1.0,0.49484,0.54945,0.46759,0.7
6,,0.39737,0.32839,0.33054,0.85,0.34484,0.39945,0.31759,0.55
7,,0.24737,0.17839,0.18054,0.7,0.19484,0.24945,0.16759,0.4
8,,0.09737,0.02839,0.03054,0.55,0.04484,0.09945,0.01759,0.25
9,,-0.05263,-0.12161,-0.11946,0.4,-0.10516,-0.05055,-0.13241,0.1
10,7,0.09737,-0.18361,-0.26946,0.338,0.04484,0.31145,0.86759,0.462
11,7,0.24737,-0.24561,-0.41946,0.276,0.19484,0.67345,1.0,0.824
12,3,0.39737,0.11639,0.58054,0.638,0.34484,0.61145,0.85,0.762
13,3,0.54737,0.47839,1.0,1.0,0.49484,0.54945,0.7,0.7
14,,0.39737,0.32839,0.85,0.85,0.34484,0.39945,0.55,0.55
15,,0.24737,0.17839,0.7,0.7,0.19484,0.24945,0.4,0.4
16,,0.09737,0.02839,0.55,0.55,0.04484,0.09945,0.25,0.25
17,,-0.05263,-0.12161,0.4,0.4,-0.10516,-0.05055,0.1,0.1
18,2,0.30937,0.87839,0.762,0.55,-0.16716,-0.20055,0.038,0.25
19,2,0.67137,1.0,1.0,0.7,-0.22916,-0.35055,-0.024,0.4
20,6,0.60937,0.85,0.938,0.85,0.13284,0.64945,0.338,0.55
21,6,0.54737,0.7,0.876,1.0,0.49484,1.0,0.7,0.7
22,,0.39737,0.55,0.726,0.85,0.34484,0.85,0.55,0.55
23,,0.24737,0.4,0.576,0.7,0.19484,0.7,0.4,0.4
24,,0.09737,0.25,0.426,0.55,0.04484,0.55,0.25,0.25
25,,-0.05263,0.1,0.276,0.4,-0.10516,0.4,0.1,0.1
26,5,-0.20263,0.038,0.426,0.762,0.89484,0.762,0.25,0.038
27,5,-0.35263,-0.024,0.576,1.0,1.0,1.0,0.4,-0.024
28,1,0.64737,0.338,0.726,0.938,0.85,0.938,0.55,0.338
29,1,1.0,0.7,0.876,0.876,0.7,0.876,0.7,0.7
30,,0.85,0.55,0.726,0.726,0.55,0.726,0.55,0.55
31,,0.7,0.4,0.576,0.576,0.4,0.576,0.4,0.4
32,,0.55,0.25,0.426,0.426,0.25,0.426,0.25,0.25
33,,0.4,0.1,0.276,0.276,0.1,0.276,0.1,0.1
34,,0.25,-0.05,0.126,0.126,-0.05,0.126,-0.05,-0.05
35,5,0.1,-0.112,0.276,0.488,0.95,0.488,0.1,-0.112
36,5,-0.05,-0.174,0.426,0.85,1.0,0.85,0.25,-0.174
37,2,0.312,0.826,0.788,1.0,0.938,0.7,0.188,-0.024
38,2,0.674,1.0,1.0,1.0,0.876,0.55,0.126,0.126
39,,0.524,0.85,0.85,0.85,0.726,0.4,-0.024,-0.024
40,8,0.886,1.0,0.788,0.7,0.664,0.55,0.338,0.976
41,8,1.0,1.0,0.726,0.55,0.602,0.7,0.7,1.0
42,,0.85,0.85,0.576,0.4,0.452,0.55,0.55,0.85
43,,0.7,0.7,0.426,0.25,0.302,0.4,0.4,0.7
44,,0.55,0.55,0.276,0.1,0.152,0.25,0.25,0.55
45,,0.4,0.4,0.126,-0.05,0.002,0.1,0.1,0.4
46,4,0.338,0.55,0.488,0.95,0.364,0.25,0.038,0.25
47,4,0.276,0.7,0.85,1.0,0.726,0.4,-0.024,0.1
48,7,0.426,0.638,0.7,0.938,0.876,0.762,0.976,0.462
49,7,0.576,0.576,0.55,0.876,1.0,1.0,1.0,0.824
50,,0.426,0.426,0.4,0.726,0.85,0.85,0.85,0.674
51,,0.276,0.276,0.25,0.576,0.7,0.7,0.7,0.524
52,,0.126,0.126,0.1,0.426,0.55,0.55,0.55,0.374
53,,-0.024,-0.024,-0.05,0.276,0.4,0.4,0.4,0.224
54,3,0.126,0.338,0.95,0.638,0.55,0.338,0.25,0.162
55,3,0.276,0.7,1.0,1.0,0.7,0.276,0.1,0.1
56,,0.126,0.55,0.85,0.85,0.55,0.126,-0.05,-0.05
57,8,0.488,0.7,0.788,0.7,0.488,0.276,0.312,0.95
58,8,0.85,0.85,0.726,0.55,0.426,0.426,0.674,1.0
59,,0.7,0.7,0.576,0.4,0.276,0.276,0.524,0.85
60,,0.55,0.55,0.426,0.25,0.126,0.126,0.374,0.7
61,,0.4,0.4,0.276,0.1,-0.024,-0.024,0.224,0.55
62,6,0.338,0.25,0.214,0.25,0.338,0.976,0.586,0.7
63,6,0.276,0.1,0.152,0.4,0.7,1.0,0.948,0.85
64,,0.126,-0.05,0.002,0.25,0.55,0.85,0.798,0.7
65,2,0.488,0.95,0.364,0.4,0.488,0.7,0.736,0.85
66,2,0.85,1.0,0.726,0.55,0.426,0.55,0.674,1.0
67,,0.7,0.85,0.576,0.4,0.276,0.4,0.524,0.85
68,,0.55,0.7,0.426,0.25,0.126,0.25,0.374,0.7
69,,0.4,0.55,0.276,0.1,-0.024,0.1,0.224,0.55
70,5,0.25,0.488,0.426,0.462,0.976,0.462,0.374,0.488
71,5,0.1,0.426,0.576,0.824,1.0,0.824,0.524,0.426
72,,-0.05,0.276,0.426,0.674,0.85,0.674,0.374,0.276
73,1,0.95,0.638,0.576,0.612,0.7,0.612,0.524,0.638
74,1,1.0,1.0,0.726,0.55,0.55,0.55,0.674,1.0
75,,0.85,0.85,0.576,0.4,0.4,0.4,0.524,0.85
76,,0.7,0.7,0.426,0.25,0.25,0.25,0.374,0.7
77,,0.55,0.55,0.276,0.1,0.1,0.1,0.224,0.55
78,,0.4,0.4,0.126,-0.05,-0.05,-0.05,0.074,0.4
79,6,0.338,0.25,0.064,0.1,0.312,0.95,0.436,0.55
80,6,0.276,0.1,0.002,0.25,0.674,1.0,0.798,0.7
81,,0.126,-0.05,-0.148,0.1,0.524,0.85,0.648,0.55
82,3,0.276,0.312,0.852,0.462,0.674,0.788,0.498,0.488
83,3,0.426,0.674,1.0,0.824,0.824,0.726,0.348,0.426
84,,0.276,0.524,0.85,0.674,0.674,0.576,0.198,0.276
85,,0.126,0.374,0.7,0.524,0.524,0.426,0.048,0.126
86,,-0.024,0.224,0.55,0.374,0.374,0.276,-0.102,-0.024
87,7,0.126,0.162,0.4,0.312,0.524,0.638,0.898,0.338
88,7,0.276,0.1,0.25,0.25,0.674,1.0,1.0,0.7
89,,0.126,-0.05,0.1,0.1,0.524,0.85,0.85,0.55
90,2,0.488,0.95,0.462,0.25,0.462,0.7,0.788,0.7
91,2,0.85,1.0,0.824,0.4,0.4,0.55,0.726,0.85
92,,0.7,0.85,0.674,0.25,0.25,0.4,0.576,0.7
93,,0.55,0.7,0.524,0.1,0.1,0.25,0.426,0.55
94,,0.4,0.55,0.374,-0.05,-0.05,0.1,0.276,0.4
95,4,0.338,0.7,0.736,0.95,0.312,0.25,0.214,0.25
96,4,0.276,0.85,1.0,1.0,0.674,0.4,0.152,0.1
97,,0.126,0.7,0.85,0.85,0.524,0.25,0.002,-0.05
98,8,0.488,0.85,0.788,0.7,0.462,0.4,0.364,0.95
99,8,0.85,1.0,0.726,0.55,0.4,0.55,0.726,1.0
100,,0.7,0.85,0.576,0.4,0.25,0.4,0.576,0.85
101,,0.55,0.7,0.426,0.25,0.1,0.25,0.426,0.7
102,,0.4,0.55,0.276,0.1,-0.05,0.1,0.276,0.55
103,5,0.25,0.488,0.426,0.462,0.95,0.462,0.426,0.488
104,5,0.1,0.426,0.576,0.824,1.0,0.824,0.576,0.426
105,,-0.05,0.276,0.426,0.674,0.85,0.674,0.426,0.276
106,1,0.95,0.638,0.576,0.612,0.7,0.612,0.576,0.638
107,1,1.0,1.0,0.726,0.55,0.55,0.55,0.726,1.0
108,,0.85,0.85,0.576,0.4,0.4,0.4,0.576,0.85
109,,0.7,0.7,0.426,0.25,0.25,0.25,0.426,0.7
110,,0.55,0.55,0.276,0.1,0.1,0.1,0.276,0.55
111,,0.4,0.4,0.126,-0.05,-0.05,-0.05,0.126,0.4
112,4,0.338,0.55,0.488,0.95,0.312,0.1,0.064,0.25
113,4,0.276,0.7,0.85,1.0,0.674,0.25,0.002,0.1
114,,0.126,0.55,0.7,0.85,0.524,0.1,-0.148,-0.05
115,7,0.276,0.488,0.55,0.788,0.674,0.462,0.852,0.312
116,7,0.426,0.426,0.4,0.726,0.824,0.824,1.0,0.674
117,,0.276,0.276,0.25,0.576,0.674,0.674,0.85,0.524
118,,0.126,0.126,0.1,0.426,0.524,0.524,0.7,0.374
119,,-0.024,-0.024,-0.05,0.276,0.374,0.374,0.55,0.224
120,3,0.126,0.338,0.95,0.638,0.524,0.312,0.4,0.162
121,3,0.276,0.7,1.0,1.0,0.674,0.25,0.25,0.1
122,,0.126,0.55,0.85,0.85,0.524,0.1,0.1,-0.05
123,8,0.488,0.7,0.788,0.7,0.462,0.25,0.462,0.95
124,8,0.85,0.85,0.726,0.55,0.4,0.4,0.824,1.0
125,,0.7,0.7,0.576,0.4,0.25,0.25,0.674,0.85
126,,0.55,0.55,0.426,0.25,0.1,0.1,0.524,0.7
127,,0.4,0.4,0.276,0.1,-0.05,-0.05,0.374,0.55
128,6,0.338,0.25,0.214,0.25,0.312,0.95,0.736,0.7
129,6,0.276,0.1,0.152,0.4,0.674,1.0,1.0,0.85
130,,0.126,-0.05,0.002,0.25,0.524,0.85,0.85,0.7
131,2,0.488,0.95,0.364,0.4,0.462,0.7,0.788,0.85
132,2,0.85,1.0,0.726,0.55,0.4,0.55,0.726,1.0
133,,0.7,0.85,0.576,0.4,0.25,0.4,0.576,0.85
134,,0.55,0.7,0.426,0.25,0.1,0.25,0.426,0.7
135,,0.4,0.55,0.276,0.1,-0.05,0.1,0.276,0.55
136,5,0.25,0.488,0.426,0.462,0.95,0.462,0.426,0.488
137,5,0.1,0.426,0.576,0.824,1.0,0.824,0.576,0.426
138,,-0.05,0.276,0.426,0.674,0.85,0.674,0.426,0.276
139,1,0.95,0.638,0.576,0.612,0.7,0.612,0.576,0.638
140,1,1.0,1.0,0.726,0.55,0.55,0.55,0.726,1.0
141,,0.85,0.85,0.576,0.4,0.4,0.4,0.576,0.85
142,,0.7,0.7,0.426,0.25,0.25,0.25,0.426,0.7
143,,0.55,0.55,0.276,0.1,0.1,0.1,0.276,0.55
144,,0.4,0.4,0.126,-0.05,-0.05,-0.05,0.126,0.4
145,4,0.338,0.55,0.488,0.95,0.312,0.1,0.064,0.25
146,4,0.276,0.7,0.85,1.0,0.674,0.25,0.002,0.1
147,,0.126,0.55,0.7,0.85,0.524,0.1,-0.148,-0.05
148,7,0.276,0.488,0.55,0.788,0.674,0.462,0.852,0.312
149,7,0.426,0.426,0.4,0.726,0.824,0.824,1.0,0.674
150,,0.276,0.276,0.25,0.576,0.674,0.674,0.85,0.524
151,,0.126,0.126,0.1,0.426,0.524,0.524,0.7,0.374
152,,-0.024,-0.024,-0.05,0.276,0.374,0.374,0.55,0.224
153,3,0.126,0.338,0.95,0.638,0.524,0.312,0.4,0.162
154,3,0.276,0.7,1.0,1.0,0.674,0.25,0.25,0.1
155,,0.126,0.55,0.85,0.85,0.524,0.1,0.1,-0.05
156,8,0.488,0.7,0.788,0.7,0.462,0.25,0.462,0.95
157,8,0.85,0.85,0.726,0.55,0.4,0.4,0.824,1.0
158,,0.7,0.7,0.576,0.4,0.25,0.25,0.674,0.85
159,,0.55,0.55,0.426,0.25,0.1,0.1,0.524,0.7
160,,0.4,0.4,0.276,0.1,-0.05,-0.05,0.374,0.55
161,6,0.338,0.25,0.214,0.25,0.312,0.95,0.736,0.7
162,6,0.276,0.1,0.152,0.4,0.674,1.0,1.0,0.85
163,,0.126,-0.05,0.002,0.25,0.524,0.85,0.85,0.7
164,2,0.488,0.95,0.364,0.4,0.462,0.7,0.788,0.85
165,2,0.85,1.0,0.726,0.55,0.4,0.55,0.726,1.0
166,,0.7,0.85,0.576,0.4,0.25,0.4,0.576,0.85
167,,0.55,0.7,0.426,0.25,0.1,0.25,0.426,0.7
168,,0.4,0.55,0.276,0.1,-0.05,0.1,0.276,0.55
169,5,0.25,0.488,0.426,0.462,0.95,0.462,0.426,0.488
170,5,0.1,0.426,0.576,0.824,1.0,0.824,0.576,0.426
171,,-0.05,0.276,0.426,0.674,0.85,0.674,0.426,0.276
172,1,0.95,0.638,0.576,0.612,0.7,0.612,0.576,0.638
173,1,1.0,1.0,0.726,0.55,0.55,0.55,0.726,1.0
174,,0.85,0.85,0.576,0.4,0.4,0.4,0.576,0.85
175,,0.7,0.7,0.426,0.25,0.25,0.25,0.426,0.7
176,,0.55,0.55,0.276,0.1,0.1,0.1,0.276,0.55
177,,0.4,0.4,0.126,-0.05,-0.05,-0.05,0.126,0.4
178,6,0.338,0.25,0.064,0.1,0.312,0.95,0.488,0.55
179,6,0.276,0.1,0.002,0.25,0.674,1.0,0.85,0.7
180,,0.126,-0.05,-0.148,0.1,0.524,0.85,0.7,0.55
181,3,0.276,0.312,0.852,0.462,0.674,0.788,0.55,0.488
182,3,0.426,0.674,1.0,0.824,0.824,0.726,0.4,0.426
183,,0.276,0.524,0.85,0.674,0.674,0.576,0.25,0.276
184,,0.126,0.374,0.7,0.524,0.524,0.426,0.1,0.126
185,,-0.024,0.224,0.55,0.374,0.374,0.276,-0.05,-0.024
186,7,0.126,0.162,0.4,0.312,0.524,0.638,0.95,0.338
187,7,0.276,0.1,0.25,0.25,0.674,1.0,1.0,0.7
188,,0.126,-0.05,0.1,0.1,0.524,0.85,0.85,0.55
189,2,0.488,0.95,0.462,0.25,0.462,0.7,0.788,0.7
190,2,0.85,1.0,0.824,0.4,0.4,0.55,0.726,0.85
191,,0.7,0.85,0.674,0.25,0.25,0.4,0.576,0.7
192,,0.55,0.7,0.524,0.1,0.1,0.25,0.426,0.55
193,,0.4,0.55,0.374,-0.05,-0.05,0.1,0.276,0.4
194,4,0.338,0.7,0.736,0.95,0.312,0.25,0.214,0.25
195,4,0.276,0.85,1.0,1.0,0.674,0.4,0.152,0.1
196,,0.126,0.7,0.85,0.85,0.524,0.25,0.002,-0.05
197,8,0.488,0.85,0.788,0.7,0.462,0.4,0.364,0.95
198,8,0.85,1.0,0.726,0.55,0.4,0.55,0.726,1.0
199,,0.7,0.85,0.576,0.4,0.25,0.4,0.576,0.85
200,,0.55,0.7,0.426,0.25,0.1,0.25,0.426,0.7
201,,0.4,0.55,0.276,0.1,-0.05,0.1,0.276,0.55
202,5,0.25,0.488,0.426,0.462,0.95,0.462,0.426,0.488
203,5,0.1,0.426,0.576,0.824,1.0,0.824,0.576,0.426
204,,-0.05,0.276,0.426,0.674,0.85,0.674,0.426,0.276
205,1,0.95,0.638,0.576,0.612,0.7,0.612,0.576,0.638
206,1,1.0,1.0,0.726,0.55,0.55,0.55,0.726,1.0
207,,0.85,0.85,0.576,0.4,0.4,0.4,0.576,0.85
208,,0.7,0.7,0.426,0.25,0.25,0.25,0.426,0.7
209,,0.55,0.55,0.276,0.1,0.1,0.1,0.276,0.55
210,,0.4,0.4,0.126,-0.05,-0.05,-0.05,0.126,0.4
211,5,0.25,0.338,0.276,0.312,0.95,0.312,0.276,0.338
212,5,0.1,0.276,0.426,0.674,1.0,0.674,0.426,0.276
213,,-0.05,0.126,0.276,0.524,0.85,0.524,0.276,0.126
214,1,0.95,0.488,0.426,0.462,0.7,0.462,0.426,0.488
215,1,1.0,0.85,0.576,0.4,0.55,0.4,0.576,0.85
216,,0.85,0.7,0.426,0.25,0.4,0.25,0.426,0.7
217,,0.7,0.55,0.276,0.1,0.25,0.1,0.276,0.55
218,,0.55,0.4,0.126,-0.05,0.1,-0.05,0.126,0.4
219,4,0.488,0.55,0.488,0.95,0.462,0.1,0.064,0.25
220,4,0.426,0.7,0.85,1.0,0.824,0.25,0.002,0.1
221,,0.276,0.55,0.7,0.85,0.674,0.1,-0.148,-0.05
222,7,0.426,0.488,0.55,0.788,0.824,0.462,0.852,0.312
223,7,0.576,0.426,0.4,0.726,0.974,0.824,1.0,0.674
224,,0.426,0.276,0.25,0.576,0.824,0.674,0.85,0.524
225,,0.276,0.126,0.1,0.426,0.674,0.524,0.7,0.374
226,,0.126,-0.024,-0.05,0.276,0.524,0.374,0.55,0.224
227,3,0.276,0.338,0.95,0.638,0.674,0.312,0.4,0.162
228,3,0.426,0.7,1.0,1.0,0.824,0.25,0.25,0.1
229,,0.276,0.55,0.85,0.85,0.674,0.1,0.1,-0.05
230,8,0.638,0.7,0.788,0.7,0.612,0.25,0.462,0.95
231,8,1.0,0.85,0.726,0.55,0.55,0.4,0.824,1.0
232,,0.85,0.7,0.576,0.4,0.4,0.25,0.674,0.85
233,,0.7,0.55,0.426,0.25,0.25,0.1,0.524,0.7
234,,0.55,0.4,0.276,0.1,0.1,-0.05,0.374,0.55
235,6,0.488,0.25,0.214,0.25,0.462,0.95,0.736,0.7
236,6,0.426,0.1,0.152,0.4,0.824,1.0,1.0,0.85
237,,0.276,-0.05,0.002,0.25,0.674,0.85,0.85,0.7
238,2,0.638,0.95,0.364,0.4,0.612,0.7,0.788,0.85
239,2,1.0,1.0,0.726,0.55,0.55,0.55,0.726,1.0
240,,0.85,0.85,0.576,0.4,0.4,0.4,0.576,0.85
241,,0.7,0.7,0.426,0.25,0.25,0.25,0.426,0.7
242,,0.55,0.55,0.276,0.1,0.1,0.1,0.276,0.55
243,,0.4,0.4,0.126,-0.05,-0.05,-0.05,0.126,0.4
244,5,0.25,0.338,0.276,0.312,0.95,0.312,0.276,0.338
245,5,0.1,0.276,0.426,0.674,1.0,0.674,0.426,0.276
246,,-0.05,0.126,0.276,0.524,0.85,0.524,0.276,0.126
247,1,0.95,0.488,0.426,0.462,0.7,0.462,0.426,0.488
248,1,1.0,0.85,0.576,0.4,0.55,0.4,0.576,0.85
249,,0.85,0.7,0.426,0.25,0.4,0.25,0.426,0.7
250,,0.7,0.55,0.276,0.1,0.25,0.1,0.276,0.55
251,,0.55,0.4,0.126,-0.05,0.1,-0.05,0.126,0.4
252,6,0.488,0.25,0.064,0.1,0.462,0.95,0.488,0.55
253,6,0.426,0.1,0.002,0.25,0.824,1.0,0.85,0.7
254,,0.276,-0.05,-0.148,0.1,0.674,0.85,0.7,0.55
255,3,0.426,0.312,0.852,0.462,0.824,0.788,0.55,0.488
256,3,0.576,0.674,1.0,0.824,0.974,0.726,0.4,0.426
257,,0.426,0.524,0.85,0.674,0.824,0.576,0.25,0.276
258,,0.276,0.374,0.7,0.524,0.674,0.426,0.1,0.126
259,,0.126,0.224,0.55,0.374,0.524,0.276,-0.05,-0.024
260,7,0.276,0.162,0.4,0.312,0.674,0.638,0.95,0.338
261,7,0.426,0.1,0.25,0.25,0.824,1.0,1.0,0.7
262,,0.276,-0.05,0.1,0.1,0.674,0.85,0.85,0.55
263,2,0.638,0.95,0.462,0.25,0.612,0.7,0.788,0.7
264,2,1.0,1.0,0.824,0.4,0.55,0.55,0.726,0.85
265,,0.85,0.85,0.674,0.25,0.4,0.4,0.576,0.7
266,,0.7,0.7,0.524,0.1,0.25,0.25,0.426,0.55
267,,0.55,0.55,0.374,-0.05,0.1,0.1,0.276,0.4
268,4,0.488,0.7,0.736,0.95,0.462,0.25,0.214,0.25
269,4,0.426,0.85,1.0,1.0,0.824,0.4,0.152,0.1
270,,0.276,0.7,0.85,0.85,0.674,0.25,0.002,-0.05
271,8,0.638,0.85,0.788,0.7,0.612,0.4,0.364,0.95
272,8,1.0,1.0,0.726,0.55,0.55,0.55,0.726,1.0
273,,0.85,0.85,0.576,0.4,0.4,0.4,0.576,0.85
274,,0.7,0.7,0.426,0.25,0.25,0.25,0.426,0.7
275,,0.55,0.55,0.276,0.1,0.1,0.1,0.276,0.55
276,,0.4,0.4,0.126,-0.05,-0.05,-0.05,0.126,0.4
277,5,0.25,0.338,0.276,0.312,0.95,0.312,0.276,0.338
278,5,0.1,0.276,0.426,0.674,1.0,0.674,0.426,0.276
279,,-0.05,0.126,0.276,0.524,0.85,0.524,0.276,0.126
280,1,0.95,0.488,0.426,0.462,0.7,0.462,0.426,0.488
281,1,1.0,0.85,0.576,0.4,0.55,0.4,0.576,0.85
282,,0.85,0.7,0.426,0.25,0.4,0.25,0.426,0.7
283,,0.7,0.55,0.276,0.1,0.25,0.1,0.276,0.55
284,,0.55,0.4,0.126,-0.05,0.1,-0.05,0.126,0.4
285,6,0.488,0.25,0.064,0.1,0.462,0.95,0.488,0.55
286,6,0.426,0.1,0.002,0.25,0.824,1.0,0.85,0.7
287,,0.276,-0.05,-0.148,0.1,0.674,0.85,0.7,0.55
288,3,0.426,0.312,0.852,0.462,0.824,0.788,0.55,0.488
289,3,0.576,0.674,1.0,0.824,0.974,0.726,0.4,0.426
290,,0.426,0.524,0.85,0.674,0.824,0.576,0.25,0.276
291,,0.276,0.374,0.7,0.524,0.674,0.426,0.1,0.126
292,,0.126,0.224,0.55,0.374,0.524,0.276,-0.05,-0.024
293,7,0.276,0.162,0.4,0.312,0.674,0.638,0.95,0.338
294,7,0.426,0.1,0.25,0.25,0.824,1.0,1.0,0.7
295,,0.276,-0.05,0.1,0.1,0.674,0.85,0.85,0.55
296,2,0.638,0.95,0.462,0.25,0.612,0.7,0.788,0.7
297,2,1.0,1.0,0.824,0.4,0.55,0.55,0.726,0.85
298,,0.85,0.85,0.674,0.25,0.4,0.4,0.576,0.7
299,,0.7,0.7,0.524,0.1,0.25,0.25,0.426,0.55
300,,0.55,0.55,0.374,-0.05,0.1,0.1,0.276,0.4
301,4,0.488,0.7,0.736,0.95,0.462,0.25,0.214,0.25
302,4,0.426,0.85,1.0,1.0,0.824,0.4,0.152,0.1
303,,0.276,0.7,0.85,0.85,0.674,0.25,0.002,-0.05
304,8,0.638,0.85,0.788,0.7,0.612,0.4,0.364,0.95
305,8,1.0,1.0,0.726,0.55,0.55,0.55,0.726,1.0
306,,0.85,0.85,0.576,0.4,0.4,0.4,0.576,0.85
307,,0.7,0.7,0.426,0.25,0.25,0.25,0.426,0.7
308,,0.55,0.55,0.276,0.1,0.1,0.1,0.276,0.55
309,,0.4,0.4,0.126,-0.05,-0.05,-0.05,0.126,0.4
310,5,0.25,0.338,0.276,0.312,0.95,0.312,0.276,0.338
311,5,0.1,0.276,0.426,0.674,1.0,0.674,0.426,0.276
312,,-0.05,0.126,0.276,0.524,0.85,0.524,0.276,0.126
313,1,0.95,0.488,0.426,0.462,0.7,0.462,0.426,0.488
314,1,1.0,0.85,0.576,0.4,0.55,0.4,0.576,0.85
315,,0.85,0.7,0.426,0.25,0.4,0.25,0.426,0.7
316,,0.7,0.55,0.276,0.1,0.25,0.1,0.276,0.55
317,,0.55,0.4,0.126,-0.05,0.1,-0.05,0.126,0.4
318,4,0.488,0.55,0.488,0.95,0.462,0.1,0.064,0.25
319,4,0.426,0.7,0.85,1.0,0.824,0.25,0.002,0.1
320,,0.276,0.55,0.7,0.85,0.674,0.1,-0.148,-0.05
321,7,0.426,0.488,0.55,0.788,0.824,0.462,0.852,0.312
322,7,0.576,0.426,0.4,0.726,0.974,0.824,1.0,0.674
323,,0.426,0.276,0.25,0.576,0.824,0.674,0.85,0.524
324,,0.276,0.126,0.1,0.426,0.674,0.524,0.7,0.374
325,,0.126,-0.024,-0.05,0.276,0.524,0.374,0.55,0.224
326,3,0.276,0.338,0.95,0.638,0.674,0.312,0.4,0.162
327,3,0.426,0.7,1.0,1.0,0.824,0.25,0.25,0.1
328,,0.276,0.55,0.85,0.85,0.674,0.1,0.1,-0.05
329,8,0.638,0.7,0.788,0.7,0.612,0.25,0.462,0.95
330,8,1.0,0.85,0.726,0.55,0.55,0.4,0.824,1.0
331,,0.85,0.7,0.576,0.4,0.4,0.25,0.674,0.85
332,,0.7,0.55,0.426,0.25,0.25,0.1,0.524,0.7
333,,0.55,0.4,0.276,0.1,0.1,-0.05,0.374,0.55
334,6,0.488,0.25,0.214,0.25,0.462,0.95,0.736,0.7
335,6,0.426,0.1,0.152,0.4,0.824,1.0,1.0,0.85
336,,0.276,-0.05,0.002,0.25,0.674,0.85,0.85,0.7
337,2,0.638,0.95,0.364,0.4,0.612,0.7,0.788,0.85
338,2,1.0,1.0,0.726,0.55,0.55,0.55,0.726,1.0
339,,0.85,0.85,0.576,0.4,0.4,0.4,0.576,0.85
340,,0.7,0.7,0.426,0.25,0.25,0.25,0.426,0.7
341,,0.55,0.55,0.276,0.1,0.1,0.1,0.276,0.55
342,,0.4,0.4,0.126,-0.05,-0.05,-0.05,0.126,0.4
343,6,0.338,0.25,0.064,0.1,0.312,0.95,0.488,0.55
344,6,0.276,0.1,0.002,0.25,0.674,1.0,0.85,0.7
345,,0.126,-0.05,-0.148,0.1,0.524,0.85,0.7,0.55
346,3,0.276,0.312,0.852,0.462,0.674,0.788,0.55,0.488
347,3,0.426,0.674,1.0,0.824,0.824,0.726,0.4,0.426
348,,0.276,0.524,0.85,0.674,0.674,0.576,0.25,0.276
349,,0.126,0.374,0.7,0.524,0.524,0.426,0.1,0.126
350,,-0.024,0.224,0.55,0.374,0.374,0.276,-0.05,-0.024
351,7,0.126,0.162,0.4,0.312,0.524,0.638,0.95,0.338
352,7,0.276,0.1,0.25,0.25,0.674,1.0,1.0,0.7
353,,0.126,-0.05,0.1,0.1,0.524,0.85,0.85,0.55
354,2,0.488,0.95,0.462,0.25,0.462,0.7,0.788,0.7
355,2,0.85,1.0,0.824,0.4,0.4,0.55,0.726,0.85
356,,0.7,0.85,0.674,0.25,0.25,0.4,0.576,0.7
357,,0.55,0.7,0.524,0.1,0.1,0.25,0.426,0.55
358,,0.4,0.55,0.374,-0.05,-0.05,0.1,0.276,0.4
359,5,0.25,0.488,0.524,0.312,0.95,0.462,0.426,0.338
360,5,0.1,0.426,0.674,0.674,1.0,0.824,0.576,0.276
361,,-0.05,0.276,0.524,0.524,0.85,0.674,0.426,0.126
362,1,0.95,0.638,0.674,0.462,0.7,0.612,0.576,0.488
363,1,1.0,1.0,0.824,0.4,0.55,0.55,0.726,0.85
364,,0.85,0.85,0.674,0.25,0.4,0.4,0.576,0.7
365,,0.7,0.7,0.524,0.1,0.25,0.25,0.426,0.55
366,,0.55,0.55,0.374,-0.05,0.1,0.1,0.276,0.4
367,4,0.488,0.7,0.736,0.95,0.462,0.25,0.214,0.25
368,4,0.426,0.85,1.0,1.0,0.824,0.4,0.152,0.1
369,,0.276,0.7,0.85,0.85,0.674,0.25,0.002,-0.05
370,8,0.638,0.85,0.788,0.7,0.612,0.4,0.364,0.95
371,8,1.0,1.0,0.726,0.55,0.55,0.55,0.726,1.0
372,,0.85,0.85,0.576,0.4,0.4,0.4,0.576,0.85
373,,0.7,0.7,0.426,0.25,0.25,0.25,0.426,0.7
374,,0.55,0.55,0.276,0.1,0.1,0.1,0.276,0.55
375,,0.4,0.4,0.126,-0.05,-0.05,-0.05,0.126,0.4
376,6,0.338,0.25,0.064,0.1,0.312,0.95,0.488,0.55
377,6,0.276,0.1,0.002,0.25,0.674,1.0,0.85,0.7
378,,0.126,-0.05,-0.148,0.1,0.524,0.85,0.7,0.55
379,3,0.276,0.312,0.852,0.462,0.674,0.788,0.55,0.488
380,3,0.426,0.674,1.0,0.824,0.824,0.726,0.4,0.426
381,,0.276,0.524,0.85,0.674,0.674,0.576,0.25,0.276
382,,0.126,0.374,0.7,0.524,0.524,0.426,0.1,0.126
383,,-0.024,0.224,0.55,0.374,0.374,0.276,-0.05,-0.024
384,7,0.126,0.162,0.4,0.312,0.524,0.638,0.95,0.338
385,7,0.276,0.1,0.25,0.25,0.674,1.0,1.0,0.7
386,,0.126,-0.05,0.1,0.1,0.524,0.85,0.85,0.55
387,2,0.488,0.95,0.462,0.25,0.462,0.7,0.788,0.7
388,2,0.85,1.0,0.824,0.4,0.4,0.55,0.726,0.85
389,,0.7,0.85,0.674,0.25,0.25,0.4,0.576,0.7
390,,0.55,0.7,0.524,0.1,0.1,0.25,0.426,0.55
391,,0.4,0.55,0.374,-0.05,-0.05,0.1,0.276,0.4
392,4,0.338,0.7,0.736,0.95,0.312,0.25,0.214,0.25
393,4,0.276,0.85,1.0,1.0,0.674,0.4,0.152,0.1
394,,0.126,0.7,0.85,0.85,0.524,0.25,0.002,-0.05
395,8,0.488,0.85,0.788,0.7,0.462,0.4,0.364,0.95
396,8,0.85,1.0,0.726,0.55,0.4,0.55,0.726,1.0
397,,0.7,0.85,0.576,0.4,0.25,0.4,0.576,0.85
398,,0.55,0.7,0.426,0.25,0.1,0.25,0.426,0.7
399,,0.4,0.55,0.276,0.1,-0.05,0.1,0.276,0.55
400,5,0.25,0.488,0.426,0.462,0.95,0.462,0.426,0.488
401,5,0.1,0.426,0.576,0.824,1.0,0.824,0.576,0.426
402,,-0.05,0.276,0.426,0.674,0.85,0.674,0.426,0.276
403,1,0.95,0.638,0.576,0.612,0.7,0.612,0.576,0.638
404,1,1.0,1.0,0.726,0.55,0.55,0.55,0.726,1.0
405,,0.85,0.85,0.576,0.4,0.4,0.4,0.576,0.85
406,,0.7,0.7,0.426,0.25,0.25,0.25,0.426,0.7
407,,0.55,0.55,0.276,0.1,0.1,0.1,0.276,0.55
408,,0.4,0.4,0.126,-0.05,-0.05,-0.05,0.126,0.4
409,5,0.25,0.338,0.276,0.312,0.95,0.312,0.276,0.338
410,5,0.1,0.276,0.426,0.674,1.0,0.674,0.426,0.276
411,,-0.05,0.126,0.276,0.524,0.85,0.524,0.276,0.126
412,1,0.95,0.488,0.426,0.462,0.7,0.462,0.426,0.488
413,1,1.0,0.85,0.576,0.4,0.55,0.4,0.576,0.85
414,,0.85,0.7,0.426,0.25,0.4,0.25,0.426,0.7
415,,0.7,0.55,0.276,0.1,0.25,0.1,0.276,0.55
416,,0.55,0.4,0.126,-0.05,0.1,-0.05,0.126,0.4
417,4,0.488,0.55,0.488,0.95,0.462,0.1,0.064,0.25
418,4,0.426,0.7,0.85,1.0,0.824,0.25,0.002,0.1
419,,0.276,0.55,0.7,0.85,0.674,0.1,-0.148,-0.05
420,7,0.426,0.488,0.55,0.788,0.824,0.462,0.852,0.312
421,7,0.576,0.426,0.4,0.726,0.974,0.824,1.0,0.674
422,,0.426,0.276,0.25,0.576,0.824,0.674,0.85,0.524
423,,0.276,0.126,0.1,0.426,0.674,0.524,0.7,0.374
424,,0.126,-0.024,-0.05,0.276,0.524,0.374,0.55,0.224
425,3,0.276,0.338,0.95,0.638,0.674,0.312,0.4,0.162
426,3,0.426,0.7,1.0,1.0,0.824,0.25,0.25,0.1
427,,0.276,0.55,0.85,0.85,0.674,0.1,0.1,-0.05
428,8,0.638,0.7,0.788,0.7,0.612,0.25,0.462,0.95
429,8,1.0,0.85,0.726,0.55,0.55,0.4,0.824,1.0
430,,0.85,0.7,0.576,0.4,0.4,0.25,0.674,0.85
431,,0.7,0.55,0.426,0.25,0.25,0.1,0.524,0.7
432,,0.55,0.4,0.276,0.1,0.1,-0.05,0.374,0.55
433,6,0.488,0.25,0.214,0.25,0.462,0.95,0.736,0.7
434,6,0.426,0.1,0.152,0.4,0.824,1.0,1.0,0.85
435,,0.276,-0.05,0.002,0.25,0.674,0.85,0.85,0.7
436,2,0.638,0.95,0.364,0.4,0.612,0.7,0.788,0.85
437,2,1.0,1.0,0.726,0.55,0.55,0.55,0.726,1.0
438,,0.85,0.85,0.576,0.4,0.4,0.4,0.576,0.85
439,,0.7,0.7,0.426,0.25,0.25,0.25,0.426,0.7
440,,0.55,0.55,0.276,0.1,0.1,0.1,0.276,0.55
441,,0.4,0.4,0.126,-0.05,-0.05,-0.05,0.126,0.4
442,5,0.25,0.338,0.276,0.312,0.95,0.312,0.276,0.338
443,5,0.1,0.276,0.426,0.674,1.0,0.674,0.426,0.276
444,,-0.05,0.126,0.276,0.524,0.85,0.524,0.276,0.126
445,1,0.95,0.488,0.426,0.462,0.7,0.462,0.426,0.488
446,1,1.0,0.85,0.576,0.4,0.55,0.4,0.576,0.85
447,,0.85,0.7,0.426,0.25,0.4,0.25,0.426,0.7
448,,0.7,0.55,0.276,0.1,0.25,0.1,0.276,0.55
449,,0.55,0.4,0.126,-0.05,0.1,-0.05,0.126,0.4
450,4,0.488,0.55,0.488,0.95,0.462,0.1,0.064,0.25
451,4,0.426,0.7,0.85,1.0,0.824,0.25,0.002,0.1
452,,0.276,0.55,0.7,0.85,0.674,0.1,-0.148,-0.05
453,7,0.426,0.488,0.55,0.788,0.824,0.462,0.852,0.312
454,7,0.576,0.426,0.4,0.726,0.974,0.824,1.0,0.674
455,,0.426,0.276,0.25,0.576,0.824,0.674,0.85,0.524
456,,0.276,0.126,0.1,0.426,0.674,0.524,0.7,0.374
457,,0.126,-0.024,-0.05,0.276,0.524,0.374,0.55,0.224
458,3,0.276,0.338,0.95,0.638,0.674,0.312,0.4,0.162
459,3,0.426,0.7,1.0,1.0,0.824,0.25,0.25,0.1
460,,0.276,0.55,0.85,0.85,0.674,0.1,0.1,-0.05
461,8,0.638,0.7,0.788,0.7,0.612,0.25,0.462,0.95
462,8,1.0,0.85,0.726,0.55,0.55,0.4,0.824,1.0
463,,0.85,0.7,0.576,0.4,0.4,0.25,0.674,0.85
464,,0.7,0.55,0.426,0.25,0.25,0.1,0.524,0.7
465,,0.55,0.4,0.276,0.1,0.1,-0.05,0.374,0.55
466,6,0.488,0.25,0.214,0.25,0.462,0.95,0.736,0.7
467,6,0.426,0.1,0.152,0.4,0.824,1.0,1.0,0.85
468,,0.276,-0.05,0.002,0.25,0.674,0.85,0.85,0.7
469,2,0.638,0.95,0.364,0.4,0.612,0.7,0.788,0.85
470,2,1.0,1.0,0.726,0.55,0.55,0.55,0.726,1.0
471,,0.85,0.85,0.576,0.4,0.4,0.4,0.576,0.85
472,,0.7,0.7,0.426,0.25,0.25,0.25,0.426,0.7
473,,0.55,0.55,0.276,0.1,0.1,0.1,0.276,0.55
474,,0.4,0.4,0.126,-0.05,-0.05,-0.05,0.126,0.4
475,6,0.338,0.25,0.064,0.1,0.312,0.95,0.488,0.55
476,6,0.276,0.1,0.002,0.25,0.674,1.0,0.85,0.7
477,,0.126,-0.05,-0.148,0.1,0.524,0.85,0.7,0.55
478,3,0.276,0.312,0.852,0.462,0.674,0.788,0.55,0.488
479,3,0.426,0.674,1.0,0.824,0.824,0.726,0.4,0.426
480,,0.276,0.524,0.85,0.674,0.674,0.576,0.25,0.276
481,,0.126,0.374,0.7,0.524,0.524,0.426,0.1,0.126
482,,-0.024,0.224,0.55,0.374,0.374,0.276,-0.05,-0.024
483,7,0.126,0.162,0.4,0.312,0.524,0.638,0.95,0.338
484,7,0.276,0.1,0.25,0.25,0.674,1.0,1.0,0.7
485,,0.126,-0.05,0.1,0.1,0.524,0.85,0.85,0.55
486,2,0.488,0.95,0.462,0.25,0.462,0.7,0.788,0.7
487,2,0.85,1.0,0.824,0.4,0.4,0.55,0.726,0.85
488,,0.7,0.85,0.674,0.25,0.25,0.4,0.576,0.7
489,,0.55,0.7,0.524,0.1,0.1,0.25,0.426,0.55
490,,0.4,0.55,0.374,-0.05,-0.05,0.1,0.276,0.4
491,5,0.25,0.488,0.524,0.312,0.95,0.462,0.426,0.338
492,5,0.1,0.426,0.674,0.674,1.0,0.824,0.576,0.276
493,,-0.05,0.276,0.524,0.524,0.85,0.674,0.426,0.126
494,1,0.95,0.638,0.674,0.462,0.7,0.612,0.576,0.488
495,1,1.0,1.0,0.824,0.4,0.55,0.55,0.726,0.85
496,,0.85,0.85,0.674,0.25,0.4,0.4,0.576,0.7
497,,0.7,0.7,0.524,0.1,0.25,0.25,0.426,0.55
498,,0.55,0.55,0.374,-0.05,0.1,0.1,0.276,0.4
499,4,0.488,0.7,0.736,0.95,0.462,0.25,0.214,0.25
