step,active_motive,motive_1,motive_2,motive_3,motive_4,motive_5,motive_6,motive_7,motive_8
0,,0.04954,0.07415,0.05732,0.09977,0.07524,0.0707,0.07786,0.01431
1,,-0.10046,-0.07585,-0.09268,-0.05023,-0.07476,-0.0793,-0.07214,-0.13569
2,8,0.26154,0.07415,-0.15468,-0.20023,-0.13676,0.0707,0.28986,0.86431
3,8,0.62354,0.22415,-0.21668,-0.35023,-0.19876,0.2207,0.65186,1.0
4,4,0.56154,0.37415,0.14532,0.64977,0.16324,0.3707,0.58986,0.85
5,4,0.49954,0.52415,0.50732,1.0,0.52524,0.5207,0.52786,0.7
6,,0.34954,0.37415,0.35732,0.85,0.37524,0.3707,0.37786,0.55
7,,0.19954,0.22415,0.20732,0.7,0.22524,0.2207,0.22786,0.4
8,,0.04954,0.07415,0.05732,0.55,0.07524,0.0707,0.07786,0.25
9,,-0.10046,-0.07585,-0.09268,0.4,-0.07476,-0.0793,-0.07214,0.1
10,1,0.89954,0.28615,0.05732,0.338,-0.22476,-0.1413,0.07786,0.462
11,1,1.0,0.64815,0.20732,0.276,-0.37476,-0.2033,0.22786,0.824
12,5,0.85,0.58615,0.35732,0.638,0.62524,0.1587,0.37786,0.762
13,5,0.7,0.52415,0.50732,1.0,1.0,0.5207,0.52786,0.7
14,,0.55,0.37415,0.35732,0.85,0.85,0.3707,0.37786,0.55
15,,0.4,0.22415,0.20732,0.7,0.7,0.2207,0.22786,0.4
16,,0.25,0.07415,0.05732,0.55,0.55,0.0707,0.07786,0.25
17,,0.1,-0.07585,-0.09268,0.4,0.4,-0.0793,-0.07214,0.1
18,3,0.25,0.28615,0.90732,0.762,0.55,-0.1413,-0.22214,0.038
19,3,0.4,0.64815,1.0,1.0,0.7,-0.2033,-0.37214,-0.024
20,7,0.55,0.58615,0.85,0.938,0.85,0.1587,0.62786,0.338
21,7,0.7,0.52415,0.7,0.876,1.0,0.5207,1.0,0.7
22,,0.55,0.37415,0.55,0.726,0.85,0.3707,0.85,0.55
23,,0.4,0.22415,0.4,0.576,0.7,0.2207,0.7,0.4
24,,0.25,0.07415,0.25,0.426,0.55,0.0707,0.55,0.25
25,,0.1,-0.07585,0.1,0.276,0.4,-0.0793,0.4,0.1
26,6,0.038,-0.22585,0.038,0.426,0.762,0.9207,0.762,0.25
27,6,-0.024,-0.37585,-0.024,0.576,1.0,1.0,1.0,0.4
28,2,0.338,0.62415,0.338,0.726,0.938,0.85,0.938,0.55
29,2,0.7,1.0,0.7,0.876,0.876,0.7,0.876,0.7
30,,0.55,0.85,0.55,0.726,0.726,0.55,0.726,0.55
31,,0.4,0.7,0.4,0.576,0.576,0.4,0.576,0.4
32,,0.25,0.55,0.25,0.426,0.426,0.25,0.426,0.25
33,,0.1,0.4,0.1,0.276,0.276,0.1,0.276,0.1
34,,-0.05,0.25,-0.05,0.126,0.126,-0.05,0.126,-0.05
35,8,0.312,0.4,-0.112,-0.024,0.064,0.1,0.488,0.95
36,8,0.674,0.55,-0.174,-0.174,0.002,0.25,0.85,1.0
37,4,0.612,0.7,0.188,0.826,0.364,0.4,0.788,0.85
38,4,0.55,0.85,0.55,1.0,0.726,0.55,0.726,0.7
39,,0.4,0.7,0.4,0.85,0.576,0.4,0.576,0.55
40,,0.25,0.55,0.25,0.7,0.426,0.25,0.426,0.4
41,,0.1,0.4,0.1,0.55,0.276,0.1,0.276,0.25
42,,-0.05,0.25,-0.05,0.4,0.126,-0.05,0.126,0.1
43,3,0.1,0.612,0.95,0.762,0.276,-0.112,-0.024,0.038
44,3,0.25,0.974,1.0,1.0,0.426,-0.174,-0.174,-0.024
45,7,0.4,0.912,0.85,0.938,0.576,0.188,0.826,0.338
46,7,0.55,0.85,0.7,0.876,0.726,0.55,1.0,0.7
47,,0.4,0.7,0.55,0.726,0.576,0.4,0.85,0.55
48,,0.25,0.55,0.4,0.576,0.426,0.25,0.7,0.4
49,,0.1,0.4,0.25,0.426,0.276,0.1,0.55,0.25
50,,-0.05,0.25,0.1,0.276,0.126,-0.05,0.4,0.1
51,1,0.95,0.612,0.25,0.214,-0.024,-0.112,0.55,0.462
52,1,1.0,0.974,0.4,0.152,-0.174,-0.174,0.7,0.824
53,5,0.85,0.912,0.55,0.514,0.826,0.188,0.85,0.762
54,5,0.7,0.85,0.7,0.876,1.0,0.55,1.0,0.7
55,,0.55,0.7,0.55,0.726,0.85,0.4,0.85,0.55
56,,0.4,0.55,0.4,0.576,0.7,0.25,0.7,0.4
57,,0.25,0.4,0.25,0.426,0.55,0.1,0.55,0.25
58,,0.1,0.25,0.1,0.276,0.4,-0.05,0.4,0.1
59,6,0.038,0.1,0.038,0.426,0.762,0.95,0.762,0.25
60,6,-0.024,-0.05,-0.024,0.576,1.0,1.0,1.0,0.4
61,2,0.338,0.95,0.338,0.726,0.938,0.85,0.938,0.55
62,2,0.7,1.0,0.7,0.876,0.876,0.7,0.876,0.7
63,,0.55,0.85,0.55,0.726,0.726,0.55,0.726,0.55
64,,0.4,0.7,0.4,0.576,0.576,0.4,0.576,0.4
65,,0.25,0.55,0.25,0.426,0.426,0.25,0.426,0.25
66,,0.1,0.4,0.1,0.276,0.276,0.1,0.276,0.1
67,,-0.05,0.25,-0.05,0.126,0.126,-0.05,0.126,-0.05
68,3,0.1,0.612,0.95,0.488,0.276,-0.112,-0.024,-0.112
69,3,0.25,0.974,1.0,0.85,0.426,-0.174,-0.174,-0.174
70,6,0.188,0.824,0.938,1.0,0.788,0.826,0.188,-0.024
71,6,0.126,0.674,0.876,1.0,1.0,1.0,0.55,0.126
72,,-0.024,0.524,0.726,0.85,0.85,0.85,0.4,-0.024
73,8,0.338,0.674,0.664,0.7,0.788,1.0,0.762,0.976
74,8,0.7,0.824,0.602,0.55,0.726,1.0,1.0,1.0
75,,0.55,0.674,0.452,0.4,0.576,0.85,0.85,0.85
76,,0.4,0.524,0.302,0.25,0.426,0.7,0.7,0.7
77,,0.25,0.374,0.152,0.1,0.276,0.55,0.55,0.55
78,,0.1,0.224,0.002,-0.05,0.126,0.4,0.4,0.4
79,4,0.038,0.374,0.364,0.95,0.488,0.55,0.338,0.25
80,4,-0.024,0.524,0.726,1.0,0.85,0.7,0.276,0.1
81,1,0.976,0.886,0.876,0.938,0.7,0.638,0.426,0.462
82,1,1.0,1.0,1.0,0.876,0.55,0.576,0.576,0.824
83,,0.85,0.85,0.85,0.726,0.4,0.426,0.426,0.674
84,,0.7,0.7,0.7,0.576,0.25,0.276,0.276,0.524
85,,0.55,0.55,0.55,0.426,0.1,0.126,0.126,0.374
86,,0.4,0.4,0.4,0.276,-0.05,-0.024,-0.024,0.224
87,5,0.25,0.338,0.55,0.638,0.95,0.338,0.126,0.162
88,5,0.1,0.276,0.7,1.0,1.0,0.7,0.276,0.1
89,,-0.05,0.126,0.55,0.85,0.85,0.55,0.126,-0.05
90,8,0.312,0.276,0.488,0.7,0.788,0.7,0.488,0.95
91,8,0.674,0.426,0.426,0.55,0.726,0.85,0.85,1.0
92,,0.524,0.276,0.276,0.4,0.576,0.7,0.7,0.85
93,,0.374,0.126,0.126,0.25,0.426,0.55,0.55,0.7
94,,0.224,-0.024,-0.024,0.1,0.276,0.4,0.4,0.55
95,2,0.586,0.976,0.338,0.25,0.214,0.25,0.338,0.7
96,2,0.948,1.0,0.7,0.4,0.152,0.1,0.276,0.85
97,,0.798,0.85,0.55,0.25,0.002,-0.05,0.126,0.7
98,6,0.736,0.7,0.488,0.4,0.364,0.95,0.488,0.85
99,6,0.674,0.55,0.426,0.55,0.726,1.0,0.85,1.0
100,,0.524,0.4,0.276,0.4,0.576,0.85,0.7,0.85
101,,0.374,0.25,0.126,0.25,0.426,0.7,0.55,0.7
102,,0.224,0.1,-0.024,0.1,0.276,0.55,0.4,0.55
103,3,0.374,0.462,0.976,0.462,0.426,0.488,0.25,0.488
104,3,0.524,0.824,1.0,0.824,0.576,0.426,0.1,0.426
105,,0.374,0.674,0.85,0.674,0.426,0.276,-0.05,0.276
106,7,0.524,0.612,0.7,0.612,0.576,0.638,0.95,0.638
107,7,0.674,0.55,0.55,0.55,0.726,1.0,1.0,1.0
108,,0.524,0.4,0.4,0.4,0.576,0.85,0.85,0.85
109,,0.374,0.25,0.25,0.25,0.426,0.7,0.7,0.7
110,,0.224,0.1,0.1,0.1,0.276,0.55,0.55,0.55
111,,0.074,-0.05,-0.05,-0.05,0.126,0.4,0.4,0.4
112,4,0.012,0.1,0.312,0.95,0.488,0.55,0.338,0.25
113,4,-0.05,0.25,0.674,1.0,0.85,0.7,0.276,0.1
114,1,0.95,0.612,0.824,0.938,0.7,0.638,0.426,0.462
115,1,1.0,0.974,0.974,0.876,0.55,0.576,0.576,0.824
116,,0.85,0.824,0.824,0.726,0.4,0.426,0.426,0.674
117,,0.7,0.674,0.674,0.576,0.25,0.276,0.276,0.524
118,,0.55,0.524,0.524,0.426,0.1,0.126,0.126,0.374
119,,0.4,0.374,0.374,0.276,-0.05,-0.024,-0.024,0.224
120,5,0.25,0.312,0.524,0.638,0.95,0.338,0.126,0.162
121,5,0.1,0.25,0.674,1.0,1.0,0.7,0.276,0.1
122,,-0.05,0.1,0.524,0.85,0.85,0.55,0.126,-0.05
123,1,0.95,0.462,0.674,0.788,0.7,0.488,0.276,0.312
124,1,1.0,0.824,0.824,0.726,0.55,0.426,0.426,0.674
125,,0.85,0.674,0.674,0.576,0.4,0.276,0.276,0.524
126,,0.7,0.524,0.524,0.426,0.25,0.126,0.126,0.374
127,,0.55,0.374,0.374,0.276,0.1,-0.024,-0.024,0.224
128,7,0.7,0.312,0.224,0.214,0.25,0.338,0.976,0.586
129,7,0.85,0.25,0.074,0.152,0.4,0.7,1.0,0.948
130,,0.7,0.1,-0.076,0.002,0.25,0.55,0.85,0.798
131,3,0.85,0.462,0.924,0.364,0.4,0.488,0.7,0.736
132,3,1.0,0.824,1.0,0.726,0.55,0.426,0.55,0.674
133,,0.85,0.674,0.85,0.576,0.4,0.276,0.4,0.524
134,,0.7,0.524,0.7,0.426,0.25,0.126,0.25,0.374
135,,0.55,0.374,0.55,0.276,0.1,-0.024,0.1,0.224
136,6,0.488,0.224,0.488,0.426,0.462,0.976,0.462,0.374
137,6,0.426,0.074,0.426,0.576,0.824,1.0,0.824,0.524
138,,0.276,-0.076,0.276,0.426,0.674,0.85,0.674,0.374
139,2,0.638,0.924,0.638,0.576,0.612,0.7,0.612,0.524
140,2,1.0,1.0,1.0,0.726,0.55,0.55,0.55,0.674
141,,0.85,0.85,0.85,0.576,0.4,0.4,0.4,0.524
142,,0.7,0.7,0.7,0.426,0.25,0.25,0.25,0.374
143,,0.55,0.55,0.55,0.276,0.1,0.1,0.1,0.224
144,,0.4,0.4,0.4,0.126,-0.05,-0.05,-0.05,0.074
145,5,0.25,0.338,0.55,0.488,0.95,0.312,0.1,0.012
146,5,0.1,0.276,0.7,0.85,1.0,0.674,0.25,-0.05
147,8,0.462,0.426,0.638,0.7,0.938,0.824,0.612,0.95
148,8,0.824,0.576,0.576,0.55,0.876,0.974,0.974,1.0
149,,0.674,0.426,0.426,0.4,0.726,0.824,0.824,0.85
150,,0.524,0.276,0.276,0.25,0.576,0.674,0.674,0.7
151,,0.374,0.126,0.126,0.1,0.426,0.524,0.524,0.55
152,,0.224,-0.024,-0.024,-0.05,0.276,0.374,0.374,0.4
153,4,0.162,0.126,0.338,0.95,0.638,0.524,0.312,0.25
154,4,0.1,0.276,0.7,1.0,1.0,0.674,0.25,0.1
155,,-0.05,0.126,0.55,0.85,0.85,0.524,0.1,-0.05
156,8,0.312,0.276,0.488,0.7,0.788,0.674,0.462,0.95
157,8,0.674,0.426,0.426,0.55,0.726,0.824,0.824,1.0
158,,0.524,0.276,0.276,0.4,0.576,0.674,0.674,0.85
159,,0.374,0.126,0.126,0.25,0.426,0.524,0.524,0.7
160,,0.224,-0.024,-0.024,0.1,0.276,0.374,0.374,0.55
161,3,0.374,0.338,0.976,0.462,0.426,0.312,0.224,0.488
162,3,0.524,0.7,1.0,0.824,0.576,0.25,0.074,0.426
163,,0.374,0.55,0.85,0.674,0.426,0.1,-0.076,0.276
164,7,0.524,0.488,0.7,0.612,0.576,0.462,0.924,0.638
165,7,0.674,0.426,0.55,0.55,0.726,0.824,1.0,1.0
166,,0.524,0.276,0.4,0.4,0.576,0.674,0.85,0.85
167,,0.374,0.126,0.25,0.25,0.426,0.524,0.7,0.7
168,,0.224,-0.024,0.1,0.1,0.276,0.374,0.55,0.55
169,2,0.586,0.976,0.462,0.25,0.214,0.224,0.488,0.7
170,2,0.948,1.0,0.824,0.4,0.152,0.074,0.426,0.85
171,,0.798,0.85,0.674,0.25,0.002,-0.076,0.276,0.7
172,6,0.736,0.7,0.612,0.4,0.364,0.924,0.638,0.85
173,6,0.674,0.55,0.55,0.55,0.726,1.0,1.0,1.0
174,,0.524,0.4,0.4,0.4,0.576,0.85,0.85,0.85
175,,0.374,0.25,0.25,0.25,0.426,0.7,0.7,0.7
176,,0.224,0.1,0.1,0.1,0.276,0.55,0.55,0.55
177,,0.074,-0.05,-0.05,-0.05,0.126,0.4,0.4,0.4
178,4,0.012,0.1,0.312,0.95,0.488,0.55,0.338,0.25
179,4,-0.05,0.25,0.674,1.0,0.85,0.7,0.276,0.1
180,1,0.95,0.612,0.824,0.938,0.7,0.638,0.426,0.462
181,1,1.0,0.974,0.974,0.876,0.55,0.576,0.576,0.824
182,,0.85,0.824,0.824,0.726,0.4,0.426,0.426,0.674
183,,0.7,0.674,0.674,0.576,0.25,0.276,0.276,0.524
184,,0.55,0.524,0.524,0.426,0.1,0.126,0.126,0.374
185,,0.4,0.374,0.374,0.276,-0.05,-0.024,-0.024,0.224
186,5,0.25,0.312,0.524,0.638,0.95,0.338,0.126,0.162
187,5,0.1,0.25,0.674,1.0,1.0,0.7,0.276,0.1
188,,-0.05,0.1,0.524,0.85,0.85,0.55,0.126,-0.05
189,1,0.95,0.462,0.674,0.788,0.7,0.488,0.276,0.312
190,1,1.0,0.824,0.824,0.726,0.55,0.426,0.426,0.674
191,,0.85,0.674,0.674,0.576,0.4,0.276,0.276,0.524
192,,0.7,0.524,0.524,0.426,0.25,0.126,0.126,0.374
193,,0.55,0.374,0.374,0.276,0.1,-0.024,-0.024,0.224
194,7,0.7,0.312,0.224,0.214,0.25,0.338,0.976,0.586
195,7,0.85,0.25,0.074,0.152,0.4,0.7,1.0,0.948
196,,0.7,0.1,-0.076,0.002,0.25,0.55,0.85,0.798
197,3,0.85,0.462,0.924,0.364,0.4,0.488,0.7,0.736
198,3,1.0,0.824,1.0,0.726,0.55,0.426,0.55,0.674
199,,0.85,0.674,0.85,0.576,0.4,0.276,0.4,0.524
200,,0.7,0.524,0.7,0.426,0.25,0.126,0.25,0.374
201,,0.55,0.374,0.55,0.276,0.1,-0.024,0.1,0.224
202,6,0.488,0.224,0.488,0.426,0.462,0.976,0.462,0.374
203,6,0.426,0.074,0.426,0.576,0.824,1.0,0.824,0.524
204,,0.276,-0.076,0.276,0.426,0.674,0.85,0.674,0.374
205,2,0.638,0.924,0.638,0.576,0.612,0.7,0.612,0.524
206,2,1.0,1.0,1.0,0.726,0.55,0.55,0.55,0.674
207,,0.85,0.85,0.85,0.576,0.4,0.4,0.4,0.524
208,,0.7,0.7,0.7,0.426,0.25,0.25,0.25,0.374
209,,0.55,0.55,0.55,0.276,0.1,0.1,0.1,0.224
210,,0.4,0.4,0.4,0.126,-0.05,-0.05,-0.05,0.074
211,5,0.25,0.338,0.55,0.488,0.95,0.312,0.1,0.012
212,5,0.1,0.276,0.7,0.85,1.0,0.674,0.25,-0.05
213,8,0.462,0.426,0.638,0.7,0.938,0.824,0.612,0.95
214,8,0.824,0.576,0.576,0.55,0.876,0.974,0.974,1.0
215,,0.674,0.426,0.426,0.4,0.726,0.824,0.824,0.85
216,,0.524,0.276,0.276,0.25,0.576,0.674,0.674,0.7
217,,0.374,0.126,0.126,0.1,0.426,0.524,0.524,0.55
218,,0.224,-0.024,-0.024,-0.05,0.276,0.374,0.374,0.4
219,4,0.162,0.126,0.338,0.95,0.638,0.524,0.312,0.25
220,4,0.1,0.276,0.7,1.0,1.0,0.674,0.25,0.1
221,,-0.05,0.126,0.55,0.85,0.85,0.524,0.1,-0.05
222,1,0.95,0.488,0.7,0.788,0.7,0.462,0.25,0.312
223,1,1.0,0.85,0.85,0.726,0.55,0.4,0.4,0.674
224,,0.85,0.7,0.7,0.576,0.4,0.25,0.25,0.524
225,,0.7,0.55,0.55,0.426,0.25,0.1,0.1,0.374
226,,0.55,0.4,0.4,0.276,0.1,-0.05,-0.05,0.224
227,6,0.488,0.25,0.338,0.426,0.462,0.95,0.312,0.374
228,6,0.426,0.1,0.276,0.576,0.824,1.0,0.674,0.524
229,,0.276,-0.05,0.126,0.426,0.674,0.85,0.524,0.374
230,2,0.638,0.95,0.488,0.576,0.612,0.7,0.462,0.524
231,2,1.0,1.0,0.85,0.726,0.55,0.55,0.4,0.674
232,,0.85,0.85,0.7,0.576,0.4,0.4,0.25,0.524
233,,0.7,0.7,0.55,0.426,0.25,0.25,0.1,0.374
234,,0.55,0.55,0.4,0.276,0.1,0.1,-0.05,0.224
235,7,0.7,0.488,0.25,0.214,0.25,0.462,0.95,0.586
236,7,0.85,0.426,0.1,0.152,0.4,0.824,1.0,0.948
237,,0.7,0.276,-0.05,0.002,0.25,0.674,0.85,0.798
238,3,0.85,0.638,0.95,0.364,0.4,0.612,0.7,0.736
239,3,1.0,1.0,1.0,0.726,0.55,0.55,0.55,0.674
240,,0.85,0.85,0.85,0.576,0.4,0.4,0.4,0.524
241,,0.7,0.7,0.7,0.426,0.25,0.25,0.25,0.374
242,,0.55,0.55,0.55,0.276,0.1,0.1,0.1,0.224
243,,0.4,0.4,0.4,0.126,-0.05,-0.05,-0.05,0.074
244,5,0.25,0.338,0.55,0.488,0.95,0.312,0.1,0.012
245,5,0.1,0.276,0.7,0.85,1.0,0.674,0.25,-0.05
246,8,0.462,0.426,0.638,0.7,0.938,0.824,0.612,0.95
247,8,0.824,0.576,0.576,0.55,0.876,0.974,0.974,1.0
248,,0.674,0.426,0.426,0.4,0.726,0.824,0.824,0.85
249,,0.524,0.276,0.276,0.25,0.576,0.674,0.674,0.7
250,,0.374,0.126,0.126,0.1,0.426,0.524,0.524,0.55
251,,0.224,-0.024,-0.024,-0.05,0.276,0.374,0.374,0.4
252,4,0.162,0.126,0.338,0.95,0.638,0.524,0.312,0.25
253,4,0.1,0.276,0.7,1.0,1.0,0.674,0.25,0.1
254,,-0.05,0.126,0.55,0.85,0.85,0.524,0.1,-0.05
255,8,0.312,0.276,0.488,0.7,0.788,0.674,0.462,0.95
256,8,0.674,0.426,0.426,0.55,0.726,0.824,0.824,1.0
257,,0.524,0.276,0.276,0.4,0.576,0.674,0.674,0.85
258,,0.374,0.126,0.126,0.25,0.426,0.524,0.524,0.7
259,,0.224,-0.024,-0.024,0.1,0.276,0.374,0.374,0.55
260,2,0.586,0.976,0.338,0.25,0.214,0.224,0.312,0.7
261,2,0.948,1.0,0.7,0.4,0.152,0.074,0.25,0.85
262,,0.798,0.85,0.55,0.25,0.002,-0.076,0.1,0.7
263,6,0.736,0.7,0.488,0.4,0.364,0.924,0.462,0.85
264,6,0.674,0.55,0.426,0.55,0.726,1.0,0.824,1.0
265,,0.524,0.4,0.276,0.4,0.576,0.85,0.674,0.85
266,,0.374,0.25,0.126,0.25,0.426,0.7,0.524,0.7
267,,0.224,0.1,-0.024,0.1,0.276,0.55,0.374,0.55
268,3,0.374,0.462,0.976,0.462,0.426,0.488,0.224,0.488
269,3,0.524,0.824,1.0,0.824,0.576,0.426,0.074,0.426
270,,0.374,0.674,0.85,0.674,0.426,0.276,-0.076,0.276
271,7,0.524,0.612,0.7,0.612,0.576,0.638,0.924,0.638
272,7,0.674,0.55,0.55,0.55,0.726,1.0,1.0,1.0
273,,0.524,0.4,0.4,0.4,0.576,0.85,0.85,0.85
274,,0.374,0.25,0.25,0.25,0.426,0.7,0.7,0.7
275,,0.224,0.1,0.1,0.1,0.276,0.55,0.55,0.55
276,,0.074,-0.05,-0.05,-0.05,0.126,0.4,0.4,0.4
277,4,0.012,0.1,0.312,0.95,0.488,0.55,0.338,0.25
278,4,-0.05,0.25,0.674,1.0,0.85,0.7,0.276,0.1
279,1,0.95,0.612,0.824,0.938,0.7,0.638,0.426,0.462
280,1,1.0,0.974,0.974,0.876,0.55,0.576,0.576,0.824
281,,0.85,0.824,0.824,0.726,0.4,0.426,0.426,0.674
282,,0.7,0.674,0.674,0.576,0.25,0.276,0.276,0.524
283,,0.55,0.524,0.524,0.426,0.1,0.126,0.126,0.374
284,,0.4,0.374,0.374,0.276,-0.05,-0.024,-0.024,0.224
285,5,0.25,0.312,0.524,0.638,0.95,0.338,0.126,0.162
286,5,0.1,0.25,0.674,1.0,1.0,0.7,0.276,0.1
287,,-0.05,0.1,0.524,0.85,0.85,0.55,0.126,-0.05
288,1,0.95,0.462,0.674,0.788,0.7,0.488,0.276,0.312
289,1,1.0,0.824,0.824,0.726,0.55,0.426,0.426,0.674
290,,0.85,0.674,0.674,0.576,0.4,0.276,0.276,0.524
291,,0.7,0.524,0.524,0.426,0.25,0.126,0.126,0.374
292,,0.55,0.374,0.374,0.276,0.1,-0.024,-0.024,0.224
293,6,0.488,0.224,0.312,0.426,0.462,0.976,0.338,0.374
294,6,0.426,0.074,0.25,0.576,0.824,1.0,0.7,0.524
295,,0.276,-0.076,0.1,0.426,0.674,0.85,0.55,0.374
296,2,0.638,0.924,0.462,0.576,0.612,0.7,0.488,0.524
297,2,1.0,1.0,0.824,0.726,0.55,0.55,0.426,0.674
298,,0.85,0.85,0.674,0.576,0.4,0.4,0.276,0.524
299,,0.7,0.7,0.524,0.426,0.25,0.25,0.126,0.374
300,,0.55,0.55,0.374,0.276,0.1,0.1,-0.024,0.224
301,7,0.7,0.488,0.224,0.214,0.25,0.462,0.976,0.586
302,7,0.85,0.426,0.074,0.152,0.4,0.824,1.0,0.948
303,,0.7,0.276,-0.076,0.002,0.25,0.674,0.85,0.798
304,3,0.85,0.638,0.924,0.364,0.4,0.612,0.7,0.736
305,3,1.0,1.0,1.0,0.726,0.55,0.55,0.55,0.674
306,,0.85,0.85,0.85,0.576,0.4,0.4,0.4,0.524
307,,0.7,0.7,0.7,0.426,0.25,0.25,0.25,0.374
308,,0.55,0.55,0.55,0.276,0.1,0.1,0.1,0.224
309,,0.4,0.4,0.4,0.126,-0.05,-0.05,-0.05,0.074
310,6,0.338,0.25,0.338,0.276,0.312,0.95,0.312,0.224
311,6,0.276,0.1,0.276,0.426,0.674,1.0,0.674,0.374
312,,0.126,-0.05,0.126,0.276,0.524,0.85,0.524,0.224
313,2,0.488,0.95,0.488,0.426,0.462,0.7,0.462,0.374
314,2,0.85,1.0,0.85,0.576,0.4,0.55,0.4,0.524
315,,0.7,0.85,0.7,0.426,0.25,0.4,0.25,0.374
316,,0.55,0.7,0.55,0.276,0.1,0.25,0.1,0.224
317,,0.4,0.55,0.4,0.126,-0.05,0.1,-0.05,0.074
318,5,0.25,0.488,0.55,0.488,0.95,0.462,0.1,0.012
319,5,0.1,0.426,0.7,0.85,1.0,0.824,0.25,-0.05
320,8,0.462,0.576,0.638,0.7,0.938,0.974,0.612,0.95
321,8,0.824,0.726,0.576,0.55,0.876,1.0,0.974,1.0
322,,0.674,0.576,0.426,0.4,0.726,0.85,0.824,0.85
323,,0.524,0.426,0.276,0.25,0.576,0.7,0.674,0.7
324,,0.374,0.276,0.126,0.1,0.426,0.55,0.524,0.55
325,,0.224,0.126,-0.024,-0.05,0.276,0.4,0.374,0.4
326,4,0.162,0.276,0.338,0.95,0.638,0.55,0.312,0.25
327,4,0.1,0.426,0.7,1.0,1.0,0.7,0.25,0.1
328,,-0.05,0.276,0.55,0.85,0.85,0.55,0.1,-0.05
329,1,0.95,0.638,0.7,0.788,0.7,0.488,0.25,0.312
330,1,1.0,1.0,0.85,0.726,0.55,0.426,0.4,0.674
331,,0.85,0.85,0.7,0.576,0.4,0.276,0.25,0.524
332,,0.7,0.7,0.55,0.426,0.25,0.126,0.1,0.374
333,,0.55,0.55,0.4,0.276,0.1,-0.024,-0.05,0.224
334,7,0.7,0.488,0.25,0.214,0.25,0.338,0.95,0.586
335,7,0.85,0.426,0.1,0.152,0.4,0.7,1.0,0.948
336,,0.7,0.276,-0.05,0.002,0.25,0.55,0.85,0.798
337,3,0.85,0.638,0.95,0.364,0.4,0.488,0.7,0.736
338,3,1.0,1.0,1.0,0.726,0.55,0.426,0.55,0.674
339,,0.85,0.85,0.85,0.576,0.4,0.276,0.4,0.524
340,,0.7,0.7,0.7,0.426,0.25,0.126,0.25,0.374
341,,0.55,0.55,0.55,0.276,0.1,-0.024,0.1,0.224
342,6,0.488,0.4,0.488,0.426,0.462,0.976,0.462,0.374
343,6,0.426,0.25,0.426,0.576,0.824,1.0,0.824,0.524
344,,0.276,0.1,0.276,0.426,0.674,0.85,0.674,0.374
345,,0.126,-0.05,0.126,0.276,0.524,0.7,0.524,0.224
346,2,0.488,0.95,0.488,0.426,0.462,0.55,0.462,0.374
347,2,0.85,1.0,0.85,0.576,0.4,0.4,0.4,0.524
348,,0.7,0.85,0.7,0.426,0.25,0.25,0.25,0.374
349,,0.55,0.7,0.55,0.276,0.1,0.1,0.1,0.224
350,,0.4,0.55,0.4,0.126,-0.05,-0.05,-0.05,0.074
351,5,0.25,0.488,0.55,0.488,0.95,0.312,0.1,0.012
352,5,0.1,0.426,0.7,0.85,1.0,0.674,0.25,-0.05
353,8,0.462,0.576,0.638,0.7,0.938,0.824,0.612,0.95
354,8,0.824,0.726,0.576,0.55,0.876,0.974,0.974,1.0
355,,0.674,0.576,0.426,0.4,0.726,0.824,0.824,0.85
356,,0.524,0.426,0.276,0.25,0.576,0.674,0.674,0.7
357,,0.374,0.276,0.126,0.1,0.426,0.524,0.524,0.55
358,,0.224,0.126,-0.024,-0.05,0.276,0.374,0.374,0.4
359,4,0.162,0.276,0.338,0.95,0.638,0.524,0.312,0.25
360,4,0.1,0.426,0.7,1.0,1.0,0.674,0.25,0.1
361,,-0.05,0.276,0.55,0.85,0.85,0.524,0.1,-0.05
362,8,0.312,0.426,0.488,0.7,0.788,0.674,0.462,0.95
363,8,0.674,0.576,0.426,0.55,0.726,0.824,0.824,1.0
364,,0.524,0.426,0.276,0.4,0.576,0.674,0.674,0.85
365,,0.374,0.276,0.126,0.25,0.426,0.524,0.524,0.7
366,,0.224,0.126,-0.024,0.1,0.276,0.374,0.374,0.55
367,3,0.374,0.488,0.976,0.462,0.426,0.312,0.224,0.488
368,3,0.524,0.85,1.0,0.824,0.576,0.25,0.074,0.426
369,,0.374,0.7,0.85,0.674,0.426,0.1,-0.076,0.276
370,7,0.524,0.638,0.7,0.612,0.576,0.462,0.924,0.638
371,7,0.674,0.576,0.55,0.55,0.726,0.824,1.0,1.0
372,,0.524,0.426,0.4,0.4,0.576,0.674,0.85,0.85
373,,0.374,0.276,0.25,0.25,0.426,0.524,0.7,0.7
374,,0.224,0.126,0.1,0.1,0.276,0.374,0.55,0.55
375,,0.074,-0.024,-0.05,-0.05,0.126,0.224,0.4,0.4
376,3,0.224,0.338,0.95,0.312,0.276,0.162,0.25,0.338
377,3,0.374,0.7,1.0,0.674,0.426,0.1,0.1,0.276
378,,0.224,0.55,0.85,0.524,0.276,-0.05,-0.05,0.126
379,7,0.374,0.488,0.7,0.462,0.426,0.312,0.95,0.488
380,7,0.524,0.426,0.55,0.4,0.576,0.674,1.0,0.85
381,,0.374,0.276,0.4,0.25,0.426,0.524,0.85,0.7
382,,0.224,0.126,0.25,0.1,0.276,0.374,0.7,0.55
383,,0.074,-0.024,0.1,-0.05,0.126,0.224,0.55,0.4
384,4,0.012,0.126,0.462,0.95,0.488,0.374,0.488,0.25
385,4,-0.05,0.276,0.824,1.0,0.85,0.524,0.426,0.1
386,1,0.95,0.638,0.974,0.938,0.7,0.462,0.576,0.462
387,1,1.0,1.0,1.0,0.876,0.55,0.4,0.726,0.824
388,,0.85,0.85,0.85,0.726,0.4,0.25,0.576,0.674
389,,0.7,0.7,0.7,0.576,0.25,0.1,0.426,0.524
390,,0.55,0.55,0.55,0.426,0.1,-0.05,0.276,0.374
391,6,0.488,0.4,0.488,0.576,0.462,0.95,0.638,0.524
392,6,0.426,0.25,0.426,0.726,0.824,1.0,1.0,0.674
393,,0.276,0.1,0.276,0.576,0.674,0.85,0.85,0.524
394,,0.126,-0.05,0.126,0.426,0.524,0.7,0.7,0.374
395,2,0.488,0.95,0.488,0.576,0.462,0.55,0.638,0.524
396,2,0.85,1.0,0.85,0.726,0.4,0.4,0.576,0.674
397,,0.7,0.85,0.7,0.576,0.25,0.25,0.426,0.524
398,,0.55,0.7,0.55,0.426,0.1,0.1,0.276,0.374
399,,0.4,0.55,0.4,0.276,-0.05,-0.05,0.126,0.224
400,6,0.338,0.4,0.338,0.426,0.312,0.95,0.488,0.374
401,6,0.276,0.25,0.276,0.576,0.674,1.0,0.85,0.524
402,,0.126,0.1,0.126,0.426,0.524,0.85,0.7,0.374
403,,-0.024,-0.05,-0.024,0.276,0.374,0.7,0.55,0.224
404,2,0.338,0.95,0.338,0.426,0.312,0.55,0.488,0.374
405,2,0.7,1.0,0.7,0.576,0.25,0.4,0.426,0.524
406,,0.55,0.85,0.55,0.426,0.1,0.25,0.276,0.374
407,,0.4,0.7,0.4,0.276,-0.05,0.1,0.126,0.224
408,5,0.25,0.638,0.55,0.638,0.95,0.462,0.276,0.162
409,5,0.1,0.576,0.7,1.0,1.0,0.824,0.426,0.1
410,,-0.05,0.426,0.55,0.85,0.85,0.674,0.276,-0.05
411,8,0.312,0.576,0.488,0.7,0.788,0.824,0.638,0.95
412,8,0.674,0.726,0.426,0.55,0.726,0.974,1.0,1.0
413,,0.524,0.576,0.276,0.4,0.576,0.824,0.85,0.85
414,,0.374,0.426,0.126,0.25,0.426,0.674,0.7,0.7
415,,0.224,0.276,-0.024,0.1,0.276,0.524,0.55,0.55
416,3,0.374,0.638,0.976,0.462,0.426,0.462,0.4,0.488
417,3,0.524,1.0,1.0,0.824,0.576,0.4,0.25,0.426
418,,0.374,0.85,0.85,0.674,0.426,0.25,0.1,0.276
419,,0.224,0.7,0.7,0.524,0.276,0.1,-0.05,0.126
420,7,0.374,0.638,0.55,0.462,0.426,0.462,0.95,0.488
421,7,0.524,0.576,0.4,0.4,0.576,0.824,1.0,0.85
422,,0.374,0.426,0.25,0.25,0.426,0.674,0.85,0.7
423,,0.224,0.276,0.1,0.1,0.276,0.524,0.7,0.55
424,,0.074,0.126,-0.05,-0.05,0.126,0.374,0.55,0.4
425,4,0.012,0.276,0.312,0.95,0.488,0.524,0.488,0.25
426,4,-0.05,0.426,0.674,1.0,0.85,0.674,0.426,0.1
427,1,0.95,0.788,0.824,0.938,0.7,0.612,0.576,0.462
428,1,1.0,1.0,0.974,0.876,0.55,0.55,0.726,0.824
429,,0.85,0.85,0.824,0.726,0.4,0.4,0.576,0.674
430,,0.7,0.7,0.674,0.576,0.25,0.25,0.426,0.524
431,,0.55,0.55,0.524,0.426,0.1,0.1,0.276,0.374
432,,0.4,0.4,0.374,0.276,-0.05,-0.05,0.126,0.224
433,6,0.338,0.25,0.312,0.426,0.312,0.95,0.488,0.374
434,6,0.276,0.1,0.25,0.576,0.674,1.0,0.85,0.524
435,,0.126,-0.05,0.1,0.426,0.524,0.85,0.7,0.374
436,2,0.488,0.95,0.462,0.576,0.462,0.7,0.638,0.524
437,2,0.85,1.0,0.824,0.726,0.4,0.55,0.576,0.674
438,,0.7,0.85,0.674,0.576,0.25,0.4,0.426,0.524
439,,0.55,0.7,0.524,0.426,0.1,0.25,0.276,0.374
440,,0.4,0.55,0.374,0.276,-0.05,0.1,0.126,0.224
441,5,0.25,0.488,0.524,0.638,0.95,0.462,0.276,0.162
442,5,0.1,0.426,0.674,1.0,1.0,0.824,0.426,0.1
443,,-0.05,0.276,0.524,0.85,0.85,0.674,0.276,-0.05
444,8,0.312,0.426,0.462,0.7,0.788,0.824,0.638,0.95
445,8,0.674,0.576,0.4,0.55,0.726,0.974,1.0,1.0
446,,0.524,0.426,0.25,0.4,0.576,0.824,0.85,0.85
447,,0.374,0.276,0.1,0.25,0.426,0.674,0.7,0.7
448,,0.224,0.126,-0.05,0.1,0.276,0.524,0.55,0.55
449,3,0.374,0.488,0.95,0.462,0.426,0.462,0.4,0.488
450,3,0.524,0.85,1.0,0.824,0.576,0.4,0.25,0.426
451,,0.374,0.7,0.85,0.674,0.426,0.25,0.1,0.276
452,,0.224,0.55,0.7,0.524,0.276,0.1,-0.05,0.126
453,7,0.374,0.488,0.55,0.462,0.426,0.462,0.95,0.488
454,7,0.524,0.426,0.4,0.4,0.576,0.824,1.0,0.85
455,,0.374,0.276,0.25,0.25,0.426,0.674,0.85,0.7
456,,0.224,0.126,0.1,0.1,0.276,0.524,0.7,0.55
457,,0.074,-0.024,-0.05,-0.05,0.126,0.374,0.55,0.4
458,3,0.224,0.338,0.95,0.312,0.276,0.312,0.4,0.338
459,3,0.374,0.7,1.0,0.674,0.426,0.25,0.25,0.276
460,,0.224,0.55,0.85,0.524,0.276,0.1,0.1,0.126
461,,0.074,0.4,0.7,0.374,0.126,-0.05,-0.05,-0.024
462,6,0.012,0.25,0.638,0.524,0.488,0.95,0.312,0.126
463,6,-0.05,0.1,0.576,0.674,0.85,1.0,0.674,0.276
464,1,0.95,0.462,0.726,0.612,0.7,0.938,0.824,0.638
465,1,1.0,0.824,0.876,0.55,0.55,0.876,0.974,1.0
466,,0.85,0.674,0.726,0.4,0.4,0.726,0.824,0.85
467,,0.7,0.524,0.576,0.25,0.25,0.576,0.674,0.7
468,,0.55,0.374,0.426,0.1,0.1,0.426,0.524,0.55
469,,0.4,0.224,0.276,-0.05,-0.05,0.276,0.374,0.4
470,5,0.25,0.162,0.426,0.312,0.95,0.638,0.524,0.338
471,5,0.1,0.1,0.576,0.674,1.0,1.0,0.674,0.276
472,,-0.05,-0.05,0.426,0.524,0.85,0.85,0.524,0.126
473,2,0.312,0.95,0.788,0.674,0.788,0.7,0.462,0.276
474,2,0.674,1.0,1.0,0.824,0.726,0.55,0.4,0.426
475,,0.524,0.85,0.85,0.674,0.576,0.4,0.25,0.276
476,,0.374,0.7,0.7,0.524,0.426,0.25,0.1,0.126
477,,0.224,0.55,0.55,0.374,0.276,0.1,-0.05,-0.024
478,7,0.374,0.488,0.4,0.312,0.426,0.462,0.95,0.338
479,7,0.524,0.426,0.25,0.25,0.576,0.824,1.0,0.7
480,,0.374,0.276,0.1,0.1,0.426,0.674,0.85,0.55
481,,0.224,0.126,-0.05,-0.05,0.276,0.524,0.7,0.4
482,3,0.374,0.488,0.95,0.312,0.426,0.462,0.55,0.338
483,3,0.524,0.85,1.0,0.674,0.576,0.4,0.4,0.276
484,,0.374,0.7,0.85,0.524,0.426,0.25,0.25,0.126
485,,0.224,0.55,0.7,0.374,0.276,0.1,0.1,-0.024
486,8,0.586,0.7,0.638,0.224,0.214,0.25,0.462,0.976
487,8,0.948,0.85,0.576,0.074,0.152,0.4,0.824,1.0
488,,0.798,0.7,0.426,-0.076,0.002,0.25,0.674,0.85
489,4,0.736,0.85,0.788,0.924,0.364,0.4,0.612,0.7
490,4,0.674,1.0,1.0,1.0,0.726,0.55,0.55,0.55
491,,0.524,0.85,0.85,0.85,0.576,0.4,0.4,0.4
492,,0.374,0.7,0.7,0.7,0.426,0.25,0.25,0.25
493,,0.224,0.55,0.55,0.55,0.276,0.1,0.1,0.1
494,,0.074,0.4,0.4,0.4,0.126,-0.05,-0.05,-0.05
495,7,0.224,0.338,0.25,0.338,0.276,0.312,0.95,0.312
496,7,0.374,0.276,0.1,0.276,0.426,0.674,1.0,0.674
497,,0.224,0.126,-0.05,0.126,0.276,0.524,0.85,0.524
498,3,0.374,0.488,0.95,0.488,0.426,0.462,0.7,0.462
499,3,0.524,0.85,1.0,0.85,0.576,0.4,0.55,0.4
