step,active_motive,motive_1,motive_2,motive_3,motive_4,motive_5,motive_6,motive_7,motive_8
0,,0.02579,0.066,0.08172,0.05552,0.05297,0.02419,0.00931,0.08972
1,,-0.17421,-0.134,-0.11828,-0.14448,-0.14703,-0.17581,-0.19069,-0.11028
2,7,-0.17421,-0.275,-0.31828,-0.28548,-0.14703,-0.03481,0.80931,0.03072
3,7,-0.17421,-0.416,-0.51828,-0.42648,-0.14703,0.10619,1.0,0.17172
4,3,-0.17421,-0.275,0.48172,-0.28548,-0.14703,-0.03481,0.8,0.03072
5,3,-0.17421,-0.134,1.0,-0.14448,-0.14703,-0.17581,0.6,-0.11028
6,6,-0.31521,-0.334,0.859,-0.14448,-0.00603,0.82419,0.741,-0.11028
7,6,-0.45621,-0.534,0.718,-0.14448,0.13497,1.0,0.882,-0.11028
8,2,-0.31521,0.466,0.859,-0.14448,-0.00603,0.8,0.741,-0.11028
9,2,-0.17421,1.0,1.0,-0.14448,-0.14703,0.6,0.6,-0.11028
10,1,0.82579,1.0,1.0,-0.28548,-0.34703,0.459,0.6,0.03072
11,1,1.0,1.0,1.0,-0.42648,-0.54703,0.318,0.6,0.17172
12,5,0.8,0.859,1.0,-0.28548,0.45297,0.459,0.6,0.03072
13,5,0.6,0.718,1.0,-0.14448,1.0,0.6,0.6,-0.11028
14,4,0.459,0.718,1.0,0.85552,1.0,0.6,0.459,-0.31028
15,4,0.318,0.718,1.0,1.0,1.0,0.6,0.318,-0.51028
16,8,0.459,0.718,0.859,0.8,0.859,0.6,0.459,0.48972
17,8,0.6,0.718,0.718,0.6,0.718,0.6,0.6,1.0
18,,0.4,0.518,0.518,0.4,0.518,0.4,0.4,0.8
19,,0.2,0.318,0.318,0.2,0.318,0.2,0.2,0.6
20,,0.0,0.118,0.118,0.0,0.118,0.0,0.0,0.4
21,,-0.2,-0.082,-0.082,-0.2,-0.082,-0.2,-0.2,0.2
22,1,0.8,0.059,-0.082,-0.341,-0.282,-0.341,-0.2,0.341
23,1,1.0,0.2,-0.082,-0.482,-0.482,-0.482,-0.2,0.482
24,6,0.859,0.0,-0.223,-0.482,-0.341,0.518,-0.059,0.482
25,6,0.718,-0.2,-0.364,-0.482,-0.2,1.0,0.082,0.482
26,4,0.577,-0.2,-0.223,0.518,-0.059,1.0,-0.059,0.282
27,4,0.436,-0.2,-0.082,1.0,0.082,1.0,-0.2,0.082
28,2,0.577,0.8,0.059,1.0,-0.059,0.8,-0.341,0.082
29,2,0.718,1.0,0.2,1.0,-0.2,0.6,-0.482,0.082
30,7,0.718,0.859,0.0,0.859,-0.2,0.741,0.518,0.223
31,7,0.718,0.718,-0.2,0.718,-0.2,0.882,1.0,0.364
32,3,0.718,0.859,0.8,0.859,-0.2,0.741,0.8,0.223
33,3,0.718,1.0,1.0,1.0,-0.2,0.6,0.6,0.082
34,5,0.518,0.859,1.0,1.0,0.8,0.741,0.6,-0.059
35,5,0.318,0.718,1.0,1.0,1.0,0.882,0.6,-0.2
36,8,0.459,0.718,0.859,0.8,0.859,0.882,0.741,0.8
37,8,0.6,0.718,0.718,0.6,0.718,0.882,0.882,1.0
38,,0.4,0.518,0.518,0.4,0.518,0.682,0.682,0.8
39,,0.2,0.318,0.318,0.2,0.318,0.482,0.482,0.6
40,,0.0,0.118,0.118,0.0,0.118,0.282,0.282,0.4
41,,-0.2,-0.082,-0.082,-0.2,-0.082,0.082,0.082,0.2
42,1,0.8,0.059,-0.082,-0.341,-0.282,-0.059,0.082,0.341
43,1,1.0,0.2,-0.082,-0.482,-0.482,-0.2,0.082,0.482
44,4,0.859,0.2,0.059,0.518,-0.341,-0.2,-0.059,0.282
45,4,0.718,0.2,0.2,1.0,-0.2,-0.2,-0.2,0.082
46,7,0.718,0.059,0.0,0.859,-0.2,-0.059,0.8,0.223
47,7,0.718,-0.082,-0.2,0.718,-0.2,0.082,1.0,0.364
48,5,0.518,-0.223,-0.2,0.859,0.8,0.223,1.0,0.223
49,5,0.318,-0.364,-0.2,1.0,1.0,0.364,1.0,0.082
50,2,0.459,0.636,-0.059,1.0,0.859,0.164,0.859,0.082
51,2,0.6,1.0,0.082,1.0,0.718,-0.036,0.718,0.082
52,6,0.459,0.8,-0.059,1.0,0.859,0.964,0.859,0.082
53,6,0.318,0.6,-0.2,1.0,1.0,1.0,1.0,0.082
54,3,0.318,0.741,0.8,1.0,1.0,0.859,0.8,-0.059
55,3,0.318,0.882,1.0,1.0,1.0,0.718,0.6,-0.2
56,8,0.459,0.882,0.859,0.8,0.859,0.718,0.741,0.8
57,8,0.6,0.882,0.718,0.6,0.718,0.718,0.882,1.0
58,,0.4,0.682,0.518,0.4,0.518,0.518,0.682,0.8
59,,0.2,0.482,0.318,0.2,0.318,0.318,0.482,0.6
60,,0.0,0.282,0.118,0.0,0.118,0.118,0.282,0.4
61,,-0.2,0.082,-0.082,-0.2,-0.082,-0.082,0.082,0.2
62,4,-0.341,0.082,0.059,0.8,0.059,-0.082,-0.059,0.0
63,4,-0.482,0.082,0.2,1.0,0.2,-0.082,-0.2,-0.2
64,1,0.518,0.223,0.2,0.859,0.0,-0.223,-0.2,-0.059
65,1,1.0,0.364,0.2,0.718,-0.2,-0.364,-0.2,0.082
66,6,0.859,0.164,0.059,0.718,-0.059,0.636,-0.059,0.082
67,6,0.718,-0.036,-0.082,0.718,0.082,1.0,0.082,0.082
68,3,0.718,0.105,0.918,0.859,0.082,0.859,-0.118,-0.059
69,3,0.718,0.246,1.0,1.0,0.082,0.718,-0.318,-0.2
70,7,0.718,0.105,0.8,0.859,0.082,0.859,0.682,-0.059
71,7,0.718,-0.036,0.6,0.718,0.082,1.0,1.0,0.082
72,2,0.859,0.964,0.741,0.718,-0.059,0.8,0.859,0.082
73,2,1.0,1.0,0.882,0.718,-0.2,0.6,0.718,0.082
74,5,0.8,0.859,0.882,0.859,0.8,0.741,0.718,-0.059
75,5,0.6,0.718,0.882,1.0,1.0,0.882,0.718,-0.2
76,8,0.741,0.718,0.741,0.8,0.859,0.882,0.859,0.8
77,8,0.882,0.718,0.6,0.6,0.718,0.882,1.0,1.0
78,,0.682,0.518,0.4,0.4,0.518,0.682,0.8,0.8
79,,0.482,0.318,0.2,0.2,0.318,0.482,0.6,0.6
80,,0.282,0.118,0.0,0.0,0.118,0.282,0.4,0.4
81,,0.082,-0.082,-0.2,-0.2,-0.082,0.082,0.2,0.2
82,3,0.082,0.059,0.8,-0.059,-0.082,-0.059,0.0,0.059
83,3,0.082,0.2,1.0,0.082,-0.082,-0.2,-0.2,-0.082
84,7,0.082,0.059,0.8,-0.059,-0.082,-0.059,0.8,0.059
85,7,0.082,-0.082,0.6,-0.2,-0.082,0.082,1.0,0.2
86,4,-0.059,-0.082,0.741,0.8,0.059,0.082,0.859,0.0
87,4,-0.2,-0.082,0.882,1.0,0.2,0.082,0.718,-0.2
88,8,-0.059,-0.082,0.741,0.8,0.059,0.082,0.859,0.8
89,8,0.082,-0.082,0.6,0.6,-0.082,0.082,1.0,1.0
90,5,-0.118,-0.223,0.6,0.741,0.918,0.223,1.0,0.859
91,5,-0.318,-0.364,0.6,0.882,1.0,0.364,1.0,0.718
92,2,-0.177,0.636,0.741,0.882,0.859,0.164,0.859,0.718
93,2,-0.036,1.0,0.882,0.882,0.718,-0.036,0.718,0.718
94,6,-0.177,0.8,0.741,0.882,0.859,0.964,0.859,0.718
95,6,-0.318,0.6,0.6,0.882,1.0,1.0,1.0,0.718
96,1,0.682,0.741,0.6,0.741,0.8,0.859,1.0,0.859
97,1,1.0,0.882,0.6,0.6,0.6,0.718,1.0,1.0
98,,0.8,0.682,0.4,0.4,0.4,0.518,0.8,0.8
99,,0.6,0.482,0.2,0.2,0.2,0.318,0.6,0.6
100,,0.4,0.282,0.0,0.0,0.0,0.118,0.4,0.4
101,,0.2,0.082,-0.2,-0.2,-0.2,-0.082,0.2,0.2
102,3,0.2,0.223,0.8,-0.059,-0.2,-0.223,0.0,0.059
103,3,0.2,0.364,1.0,0.082,-0.2,-0.364,-0.2,-0.082
104,6,0.059,0.164,0.859,0.082,-0.059,0.636,-0.059,-0.082
105,6,-0.082,-0.036,0.718,0.082,0.082,1.0,0.082,-0.082
106,8,0.059,-0.036,0.577,-0.118,-0.059,1.0,0.223,0.918
107,8,0.2,-0.036,0.436,-0.318,-0.2,1.0,0.364,1.0
108,4,0.059,-0.036,0.577,0.682,-0.059,1.0,0.223,0.8
109,4,-0.082,-0.036,0.718,1.0,0.082,1.0,0.082,0.6
110,1,0.918,0.105,0.718,0.859,-0.118,0.859,0.082,0.741
111,1,1.0,0.246,0.718,0.718,-0.318,0.718,0.082,0.882
112,5,0.8,0.105,0.718,0.859,0.682,0.859,0.082,0.741
113,5,0.6,-0.036,0.718,1.0,1.0,1.0,0.082,0.6
114,2,0.741,0.964,0.859,1.0,0.859,0.8,-0.059,0.6
115,2,0.882,1.0,1.0,1.0,0.718,0.6,-0.2,0.6
116,7,0.882,0.859,0.8,0.859,0.718,0.741,0.8,0.741
117,7,0.882,0.718,0.6,0.718,0.718,0.882,1.0,0.882
118,,0.682,0.518,0.4,0.518,0.518,0.682,0.8,0.682
119,,0.482,0.318,0.2,0.318,0.318,0.482,0.6,0.482
120,,0.282,0.118,0.0,0.118,0.118,0.282,0.4,0.282
121,,0.082,-0.082,-0.2,-0.082,-0.082,0.082,0.2,0.082
122,3,0.082,0.059,0.8,0.059,-0.082,-0.059,0.0,-0.059
123,3,0.082,0.2,1.0,0.2,-0.082,-0.2,-0.2,-0.2
124,8,0.223,0.2,0.859,0.0,-0.223,-0.2,-0.059,0.8
125,8,0.364,0.2,0.718,-0.2,-0.364,-0.2,0.082,1.0
126,5,0.164,0.059,0.718,-0.059,0.636,-0.059,0.082,0.859
127,5,-0.036,-0.082,0.718,0.082,1.0,0.082,0.082,0.718
128,2,0.105,0.918,0.859,0.082,0.859,-0.118,-0.059,0.718
129,2,0.246,1.0,1.0,0.082,0.718,-0.318,-0.2,0.718
130,6,0.105,0.8,0.859,0.082,0.859,0.682,-0.059,0.718
131,6,-0.036,0.6,0.718,0.082,1.0,1.0,0.082,0.718
132,1,0.964,0.741,0.718,-0.059,0.8,0.859,0.082,0.859
133,1,1.0,0.882,0.718,-0.2,0.6,0.718,0.082,1.0
134,4,0.859,0.882,0.859,0.8,0.741,0.718,-0.059,0.8
135,4,0.718,0.882,1.0,1.0,0.882,0.718,-0.2,0.6
136,7,0.718,0.741,0.8,0.859,0.882,0.859,0.8,0.741
137,7,0.718,0.6,0.6,0.718,0.882,1.0,1.0,0.882
138,,0.518,0.4,0.4,0.518,0.682,0.8,0.8,0.682
139,,0.318,0.2,0.2,0.318,0.482,0.6,0.6,0.482
140,,0.118,0.0,0.0,0.118,0.282,0.4,0.4,0.282
141,,-0.082,-0.2,-0.2,-0.082,0.082,0.2,0.2,0.082
142,2,0.059,0.8,-0.059,-0.082,-0.059,0.0,0.059,0.082
143,2,0.2,1.0,0.082,-0.082,-0.2,-0.2,-0.082,0.082
144,6,0.059,0.8,-0.059,-0.082,-0.059,0.8,0.059,0.082
145,6,-0.082,0.6,-0.2,-0.082,0.082,1.0,0.2,0.082
146,3,-0.082,0.741,0.8,0.059,0.082,0.859,0.0,-0.059
147,3,-0.082,0.882,1.0,0.2,0.082,0.718,-0.2,-0.2
148,8,0.059,0.882,0.859,0.0,-0.059,0.718,-0.059,0.8
149,8,0.2,0.882,0.718,-0.2,-0.2,0.718,0.082,1.0
150,5,0.0,0.741,0.718,-0.059,0.8,0.859,0.082,0.859
151,5,-0.2,0.6,0.718,0.082,1.0,1.0,0.082,0.718
152,1,0.8,0.741,0.718,-0.059,0.8,0.859,0.082,0.859
153,1,1.0,0.882,0.718,-0.2,0.6,0.718,0.082,1.0
154,4,0.859,0.882,0.859,0.8,0.741,0.718,-0.059,0.8
155,4,0.718,0.882,1.0,1.0,0.882,0.718,-0.2,0.6
156,7,0.718,0.741,0.8,0.859,0.882,0.859,0.8,0.741
157,7,0.718,0.6,0.6,0.718,0.882,1.0,1.0,0.882
158,,0.518,0.4,0.4,0.518,0.682,0.8,0.8,0.682
159,,0.318,0.2,0.2,0.318,0.482,0.6,0.6,0.482
160,,0.118,0.0,0.0,0.118,0.282,0.4,0.4,0.282
161,,-0.082,-0.2,-0.2,-0.082,0.082,0.2,0.2,0.082
162,3,-0.082,-0.059,0.8,0.059,0.082,0.059,0.0,-0.059
163,3,-0.082,0.082,1.0,0.2,0.082,-0.082,-0.2,-0.2
164,8,0.059,0.082,0.859,0.0,-0.059,-0.082,-0.059,0.8
165,8,0.2,0.082,0.718,-0.2,-0.2,-0.082,0.082,1.0
166,5,0.0,-0.059,0.718,-0.059,0.8,0.059,0.082,0.859
167,5,-0.2,-0.2,0.718,0.082,1.0,0.2,0.082,0.718
168,1,0.8,-0.059,0.718,-0.059,0.8,0.059,0.082,0.859
169,1,1.0,0.082,0.718,-0.2,0.6,-0.082,0.082,1.0
170,4,0.859,0.082,0.859,0.8,0.741,-0.082,-0.059,0.8
171,4,0.718,0.082,1.0,1.0,0.882,-0.082,-0.2,0.6
172,7,0.718,-0.059,0.8,0.859,0.882,0.059,0.8,0.741
173,7,0.718,-0.2,0.6,0.718,0.882,0.2,1.0,0.882
174,2,0.859,0.8,0.741,0.718,0.741,0.0,0.859,0.882
175,2,1.0,1.0,0.882,0.718,0.6,-0.2,0.718,0.882
176,6,0.859,0.8,0.741,0.718,0.741,0.8,0.859,0.882
177,6,0.718,0.6,0.6,0.718,0.882,1.0,1.0,0.882
178,,0.518,0.4,0.4,0.518,0.682,0.8,0.8,0.682
179,,0.318,0.2,0.2,0.318,0.482,0.6,0.6,0.482
180,,0.118,0.0,0.0,0.118,0.282,0.4,0.4,0.282
181,,-0.082,-0.2,-0.2,-0.082,0.082,0.2,0.2,0.082
182,3,-0.082,-0.059,0.8,0.059,0.082,0.059,0.0,-0.059
183,3,-0.082,0.082,1.0,0.2,0.082,-0.082,-0.2,-0.2
184,8,0.059,0.082,0.859,0.0,-0.059,-0.082,-0.059,0.8
185,8,0.2,0.082,0.718,-0.2,-0.2,-0.082,0.082,1.0
186,4,0.059,0.082,0.859,0.8,-0.059,-0.082,-0.059,0.8
187,4,-0.082,0.082,1.0,1.0,0.082,-0.082,-0.2,0.6
188,7,-0.082,-0.059,0.8,0.859,0.082,0.059,0.8,0.741
189,7,-0.082,-0.2,0.6,0.718,0.082,0.2,1.0,0.882
190,2,0.059,0.8,0.741,0.718,-0.059,0.0,0.859,0.882
191,2,0.2,1.0,0.882,0.718,-0.2,-0.2,0.718,0.882
192,5,0.0,0.859,0.882,0.859,0.8,-0.059,0.718,0.741
193,5,-0.2,0.718,0.882,1.0,1.0,0.082,0.718,0.6
194,1,0.8,0.859,0.882,0.859,0.8,-0.059,0.718,0.741
195,1,1.0,1.0,0.882,0.718,0.6,-0.2,0.718,0.882
196,6,0.859,0.8,0.741,0.718,0.741,0.8,0.859,0.882
197,6,0.718,0.6,0.6,0.718,0.882,1.0,1.0,0.882
198,,0.518,0.4,0.4,0.518,0.682,0.8,0.8,0.682
199,,0.318,0.2,0.2,0.318,0.482,0.6,0.6,0.482
200,,0.118,0.0,0.0,0.118,0.282,0.4,0.4,0.282
201,,-0.082,-0.2,-0.2,-0.082,0.082,0.2,0.2,0.082
202,2,0.059,0.8,-0.059,-0.082,-0.059,0.0,0.059,0.082
203,2,0.2,1.0,0.082,-0.082,-0.2,-0.2,-0.082,0.082
204,5,0.0,0.859,0.082,0.059,0.8,-0.059,-0.082,-0.059
205,5,-0.2,0.718,0.082,0.2,1.0,0.082,-0.082,-0.2
206,8,-0.059,0.718,-0.059,0.0,0.859,0.082,0.059,0.8
207,8,0.082,0.718,-0.2,-0.2,0.718,0.082,0.2,1.0
208,4,-0.059,0.718,-0.059,0.8,0.859,0.082,0.059,0.8
209,4,-0.2,0.718,0.082,1.0,1.0,0.082,-0.082,0.6
210,1,0.8,0.859,0.082,0.859,0.8,-0.059,-0.082,0.741
211,1,1.0,1.0,0.082,0.718,0.6,-0.2,-0.082,0.882
212,6,0.859,0.8,-0.059,0.718,0.741,0.8,0.059,0.882
213,6,0.718,0.6,-0.2,0.718,0.882,1.0,0.2,0.882
214,3,0.718,0.741,0.8,0.859,0.882,0.859,0.0,0.741
215,3,0.718,0.882,1.0,1.0,0.882,0.718,-0.2,0.6
216,7,0.718,0.741,0.8,0.859,0.882,0.859,0.8,0.741
217,7,0.718,0.6,0.6,0.718,0.882,1.0,1.0,0.882
218,,0.518,0.4,0.4,0.518,0.682,0.8,0.8,0.682
219,,0.318,0.2,0.2,0.318,0.482,0.6,0.6,0.482
220,,0.118,0.0,0.0,0.118,0.282,0.4,0.4,0.282
221,,-0.082,-0.2,-0.2,-0.082,0.082,0.2,0.2,0.082
222,3,-0.082,-0.059,0.8,0.059,0.082,0.059,0.0,-0.059
223,3,-0.082,0.082,1.0,0.2,0.082,-0.082,-0.2,-0.2
224,8,0.059,0.082,0.859,0.0,-0.059,-0.082,-0.059,0.8
225,8,0.2,0.082,0.718,-0.2,-0.2,-0.082,0.082,1.0
226,5,0.0,-0.059,0.718,-0.059,0.8,0.059,0.082,0.859
227,5,-0.2,-0.2,0.718,0.082,1.0,0.2,0.082,0.718
228,2,-0.059,0.8,0.859,0.082,0.859,0.0,-0.059,0.718
229,2,0.082,1.0,1.0,0.082,0.718,-0.2,-0.2,0.718
230,6,-0.059,0.8,0.859,0.082,0.859,0.8,-0.059,0.718
231,6,-0.2,0.6,0.718,0.082,1.0,1.0,0.082,0.718
232,1,0.8,0.741,0.718,-0.059,0.8,0.859,0.082,0.859
233,1,1.0,0.882,0.718,-0.2,0.6,0.718,0.082,1.0
234,4,0.859,0.882,0.859,0.8,0.741,0.718,-0.059,0.8
235,4,0.718,0.882,1.0,1.0,0.882,0.718,-0.2,0.6
236,7,0.718,0.741,0.8,0.859,0.882,0.859,0.8,0.741
237,7,0.718,0.6,0.6,0.718,0.882,1.0,1.0,0.882
238,,0.518,0.4,0.4,0.518,0.682,0.8,0.8,0.682
239,,0.318,0.2,0.2,0.318,0.482,0.6,0.6,0.482
240,,0.118,0.0,0.0,0.118,0.282,0.4,0.4,0.282
241,,-0.082,-0.2,-0.2,-0.082,0.082,0.2,0.2,0.082
242,3,-0.082,-0.059,0.8,0.059,0.082,0.059,0.0,-0.059
243,3,-0.082,0.082,1.0,0.2,0.082,-0.082,-0.2,-0.2
244,7,-0.082,-0.059,0.8,0.059,0.082,0.059,0.8,-0.059
245,7,-0.082,-0.2,0.6,-0.082,0.082,0.2,1.0,0.082
246,2,0.059,0.8,0.741,-0.082,-0.059,0.0,0.859,0.082
247,2,0.2,1.0,0.882,-0.082,-0.2,-0.2,0.718,0.082
248,5,0.0,0.859,0.882,0.059,0.8,-0.059,0.718,-0.059
249,5,-0.2,0.718,0.882,0.2,1.0,0.082,0.718,-0.2
250,8,-0.059,0.718,0.741,0.0,0.859,0.082,0.859,0.8
251,8,0.082,0.718,0.6,-0.2,0.718,0.082,1.0,1.0
252,4,-0.059,0.718,0.741,0.8,0.859,0.082,0.859,0.8
253,4,-0.2,0.718,0.882,1.0,1.0,0.082,0.718,0.6
254,1,0.8,0.859,0.882,0.859,0.8,-0.059,0.718,0.741
255,1,1.0,1.0,0.882,0.718,0.6,-0.2,0.718,0.882
256,6,0.859,0.8,0.741,0.718,0.741,0.8,0.859,0.882
257,6,0.718,0.6,0.6,0.718,0.882,1.0,1.0,0.882
258,,0.518,0.4,0.4,0.518,0.682,0.8,0.8,0.682
259,,0.318,0.2,0.2,0.318,0.482,0.6,0.6,0.482
260,,0.118,0.0,0.0,0.118,0.282,0.4,0.4,0.282
261,,-0.082,-0.2,-0.2,-0.082,0.082,0.2,0.2,0.082
262,2,0.059,0.8,-0.059,-0.082,-0.059,0.0,0.059,0.082
263,2,0.2,1.0,0.082,-0.082,-0.2,-0.2,-0.082,0.082
264,6,0.059,0.8,-0.059,-0.082,-0.059,0.8,0.059,0.082
265,6,-0.082,0.6,-0.2,-0.082,0.082,1.0,0.2,0.082
266,3,-0.082,0.741,0.8,0.059,0.082,0.859,0.0,-0.059
267,3,-0.082,0.882,1.0,0.2,0.082,0.718,-0.2,-0.2
268,7,-0.082,0.741,0.8,0.059,0.082,0.859,0.8,-0.059
269,7,-0.082,0.6,0.6,-0.082,0.082,1.0,1.0,0.082
270,4,-0.223,0.6,0.741,0.918,0.223,1.0,0.859,-0.118
271,4,-0.364,0.6,0.882,1.0,0.364,1.0,0.718,-0.318
272,1,0.636,0.741,0.882,0.859,0.164,0.859,0.718,-0.177
273,1,1.0,0.882,0.882,0.718,-0.036,0.718,0.718,-0.036
274,5,0.8,0.741,0.882,0.859,0.964,0.859,0.718,-0.177
275,5,0.6,0.6,0.882,1.0,1.0,1.0,0.718,-0.318
276,8,0.741,0.6,0.741,0.8,0.859,1.0,0.859,0.682
277,8,0.882,0.6,0.6,0.6,0.718,1.0,1.0,1.0
278,,0.682,0.4,0.4,0.4,0.518,0.8,0.8,0.8
279,,0.482,0.2,0.2,0.2,0.318,0.6,0.6,0.6
280,,0.282,0.0,0.0,0.0,0.118,0.4,0.4,0.4
281,,0.082,-0.2,-0.2,-0.2,-0.082,0.2,0.2,0.2
282,4,-0.059,-0.2,-0.059,0.8,0.059,0.2,0.059,0.0
283,4,-0.2,-0.2,0.082,1.0,0.2,0.2,-0.082,-0.2
284,8,-0.059,-0.2,-0.059,0.8,0.059,0.2,0.059,0.8
285,8,0.082,-0.2,-0.2,0.6,-0.082,0.2,0.2,1.0
286,2,0.223,0.8,-0.059,0.6,-0.223,0.0,0.059,1.0
287,2,0.364,1.0,0.082,0.6,-0.364,-0.2,-0.082,1.0
288,5,0.164,0.859,0.082,0.741,0.636,-0.059,-0.082,0.859
289,5,-0.036,0.718,0.082,0.882,1.0,0.082,-0.082,0.718
290,7,-0.036,0.577,-0.118,0.741,1.0,0.223,0.918,0.859
291,7,-0.036,0.436,-0.318,0.6,1.0,0.364,1.0,1.0
292,3,-0.036,0.577,0.682,0.741,1.0,0.223,0.8,0.859
293,3,-0.036,0.718,1.0,0.882,1.0,0.082,0.6,0.718
294,1,0.964,0.859,1.0,0.741,0.8,-0.059,0.6,0.859
295,1,1.0,1.0,1.0,0.6,0.6,-0.2,0.6,1.0
296,6,0.859,0.8,0.859,0.6,0.741,0.8,0.741,1.0
297,6,0.718,0.6,0.718,0.6,0.882,1.0,0.882,1.0
298,,0.518,0.4,0.518,0.4,0.682,0.8,0.682,0.8
299,,0.318,0.2,0.318,0.2,0.482,0.6,0.482,0.6
300,,0.118,0.0,0.118,0.0,0.282,0.4,0.282,0.4
301,,-0.082,-0.2,-0.082,-0.2,0.082,0.2,0.082,0.2
302,4,-0.223,-0.2,0.059,0.8,0.223,0.2,-0.059,0.0
303,4,-0.364,-0.2,0.2,1.0,0.364,0.2,-0.2,-0.2
304,1,0.636,-0.059,0.2,0.859,0.164,0.059,-0.2,-0.059
305,1,1.0,0.082,0.2,0.718,-0.036,-0.082,-0.2,0.082
306,7,1.0,-0.059,0.0,0.577,-0.036,0.059,0.8,0.223
307,7,1.0,-0.2,-0.2,0.436,-0.036,0.2,1.0,0.364
308,2,1.0,0.8,-0.059,0.436,-0.177,0.0,0.859,0.364
309,2,1.0,1.0,0.082,0.436,-0.318,-0.2,0.718,0.364
310,5,0.8,0.859,0.082,0.577,0.682,-0.059,0.718,0.223
311,5,0.6,0.718,0.082,0.718,1.0,0.082,0.718,0.082
312,,0.4,0.518,-0.118,0.518,0.8,-0.118,0.518,-0.118
313,8,0.541,0.518,-0.259,0.318,0.659,-0.118,0.659,0.882
314,8,0.682,0.518,-0.4,0.118,0.518,-0.118,0.8,1.0
315,3,0.682,0.659,0.6,0.259,0.518,-0.259,0.6,0.859
316,3,0.682,0.8,1.0,0.4,0.518,-0.4,0.4,0.718
317,6,0.541,0.6,0.859,0.4,0.659,0.6,0.541,0.718
318,6,0.4,0.4,0.718,0.4,0.8,1.0,0.682,0.718
319,,0.2,0.2,0.518,0.2,0.6,0.8,0.482,0.518
320,,0.0,0.0,0.318,0.0,0.4,0.6,0.282,0.318
321,,-0.2,-0.2,0.118,-0.2,0.2,0.4,0.082,0.118
322,4,-0.341,-0.2,0.259,0.8,0.341,0.4,-0.059,-0.082
323,4,-0.482,-0.2,0.4,1.0,0.482,0.4,-0.2,-0.282
324,1,0.518,-0.059,0.4,0.859,0.282,0.259,-0.2,-0.141
325,1,1.0,0.082,0.4,0.718,0.082,0.118,-0.2,0.0
326,7,1.0,-0.059,0.2,0.577,0.082,0.259,0.8,0.141
327,7,1.0,-0.2,0.0,0.436,0.082,0.4,1.0,0.282
328,2,1.0,0.8,0.141,0.436,-0.059,0.2,0.859,0.282
329,2,1.0,1.0,0.282,0.436,-0.2,0.0,0.718,0.282
330,5,0.8,0.859,0.282,0.577,0.8,0.141,0.718,0.141
331,5,0.6,0.718,0.282,0.718,1.0,0.282,0.718,-0.0
332,,0.4,0.518,0.082,0.518,0.8,0.082,0.518,-0.2
333,8,0.541,0.518,-0.059,0.318,0.659,0.082,0.659,0.8
334,8,0.682,0.518,-0.2,0.118,0.518,0.082,0.8,1.0
335,3,0.682,0.659,0.8,0.259,0.518,-0.059,0.6,0.859
336,3,0.682,0.8,1.0,0.4,0.518,-0.2,0.4,0.718
337,6,0.541,0.6,0.859,0.4,0.659,0.8,0.541,0.718
338,6,0.4,0.4,0.718,0.4,0.8,1.0,0.682,0.718
339,,0.2,0.2,0.518,0.2,0.6,0.8,0.482,0.518
340,,0.0,0.0,0.318,0.0,0.4,0.6,0.282,0.318
341,,-0.2,-0.2,0.118,-0.2,0.2,0.4,0.082,0.118
342,2,-0.059,0.8,0.259,-0.2,0.059,0.2,-0.059,0.118
343,2,0.082,1.0,0.4,-0.2,-0.082,0.0,-0.2,0.118
344,4,-0.059,1.0,0.541,0.8,0.059,0.0,-0.341,-0.082
345,4,-0.2,1.0,0.682,1.0,0.2,0.0,-0.482,-0.282
346,7,-0.2,0.859,0.482,0.859,0.2,0.141,0.518,-0.141
347,7,-0.2,0.718,0.282,0.718,0.2,0.282,1.0,0.0
348,1,0.8,0.859,0.282,0.577,0.0,0.141,1.0,0.141
349,1,1.0,1.0,0.282,0.436,-0.2,-0.0,1.0,0.282
350,5,0.8,0.859,0.282,0.577,0.8,0.141,1.0,0.141
351,5,0.6,0.718,0.282,0.718,1.0,0.282,1.0,-0.0
352,,0.4,0.518,0.082,0.518,0.8,0.082,0.8,-0.2
353,8,0.541,0.518,-0.059,0.318,0.659,0.082,0.941,0.8
354,8,0.682,0.518,-0.2,0.118,0.518,0.082,1.0,1.0
355,3,0.682,0.659,0.8,0.259,0.518,-0.059,0.8,0.859
356,3,0.682,0.8,1.0,0.4,0.518,-0.2,0.6,0.718
357,6,0.541,0.6,0.859,0.4,0.659,0.8,0.741,0.718
358,6,0.4,0.4,0.718,0.4,0.8,1.0,0.882,0.718
359,,0.2,0.2,0.518,0.2,0.6,0.8,0.682,0.518
360,,0.0,0.0,0.318,0.0,0.4,0.6,0.482,0.318
361,,-0.2,-0.2,0.118,-0.2,0.2,0.4,0.282,0.118
362,2,-0.059,0.8,0.259,-0.2,0.059,0.2,0.141,0.118
363,2,0.082,1.0,0.4,-0.2,-0.082,0.0,-0.0,0.118
364,4,-0.059,1.0,0.541,0.8,0.059,0.0,-0.141,-0.082
365,4,-0.2,1.0,0.682,1.0,0.2,0.0,-0.282,-0.282
366,8,-0.059,1.0,0.541,0.8,0.059,0.0,-0.141,0.718
367,8,0.082,1.0,0.4,0.6,-0.082,0.0,0.0,1.0
368,5,-0.118,0.859,0.4,0.741,0.918,0.141,0.0,0.859
369,5,-0.318,0.718,0.4,0.882,1.0,0.282,0.0,0.718
370,1,0.682,0.859,0.4,0.741,0.8,0.141,0.0,0.859
371,1,1.0,1.0,0.4,0.6,0.6,-0.0,0.0,1.0
372,,0.8,0.8,0.2,0.4,0.4,-0.2,-0.2,0.8
373,7,0.8,0.659,0.0,0.259,0.4,-0.059,0.8,0.941
374,7,0.8,0.518,-0.2,0.118,0.4,0.082,1.0,1.0
375,3,0.8,0.659,0.8,0.259,0.4,-0.059,0.8,0.859
376,3,0.8,0.8,1.0,0.4,0.4,-0.2,0.6,0.718
377,6,0.659,0.6,0.859,0.4,0.541,0.8,0.741,0.718
378,6,0.518,0.4,0.718,0.4,0.682,1.0,0.882,0.718
379,,0.318,0.2,0.518,0.2,0.482,0.8,0.682,0.518
380,,0.118,0.0,0.318,0.0,0.282,0.6,0.482,0.318
381,,-0.082,-0.2,0.118,-0.2,0.082,0.4,0.282,0.118
382,4,-0.223,-0.2,0.259,0.8,0.223,0.4,0.141,-0.082
383,4,-0.364,-0.2,0.4,1.0,0.364,0.4,-0.0,-0.282
384,1,0.636,-0.059,0.4,0.859,0.164,0.259,0.0,-0.141
385,1,1.0,0.082,0.4,0.718,-0.036,0.118,0.0,0.0
386,5,0.8,-0.059,0.4,0.859,0.964,0.259,0.0,-0.141
387,5,0.6,-0.2,0.4,1.0,1.0,0.4,0.0,-0.282
388,8,0.741,-0.2,0.259,0.8,0.859,0.4,0.141,0.718
389,8,0.882,-0.2,0.118,0.6,0.718,0.4,0.282,1.0
390,2,1.0,0.8,0.259,0.6,0.577,0.2,0.141,1.0
391,2,1.0,1.0,0.4,0.6,0.436,0.0,-0.0,1.0
392,,0.8,0.8,0.2,0.4,0.236,-0.2,-0.2,0.8
393,7,0.8,0.659,0.0,0.259,0.236,-0.059,0.8,0.941
394,7,0.8,0.518,-0.2,0.118,0.236,0.082,1.0,1.0
395,3,0.8,0.659,0.8,0.259,0.236,-0.059,0.8,0.859
396,3,0.8,0.8,1.0,0.4,0.236,-0.2,0.6,0.718
397,6,0.659,0.6,0.859,0.4,0.377,0.8,0.741,0.718
398,6,0.518,0.4,0.718,0.4,0.518,1.0,0.882,0.718
399,,0.318,0.2,0.518,0.2,0.318,0.8,0.682,0.518
400,,0.118,0.0,0.318,0.0,0.118,0.6,0.482,0.318
401,,-0.082,-0.2,0.118,-0.2,-0.082,0.4,0.282,0.118
402,2,0.059,0.8,0.259,-0.2,-0.223,0.2,0.141,0.118
403,2,0.2,1.0,0.4,-0.2,-0.364,0.0,-0.0,0.118
404,5,0.0,0.859,0.4,-0.059,0.636,0.141,0.0,-0.023
405,5,-0.2,0.718,0.4,0.082,1.0,0.282,0.0,-0.164
406,1,0.8,0.859,0.4,-0.059,0.8,0.141,0.0,-0.023
407,1,1.0,1.0,0.4,-0.2,0.6,-0.0,0.0,0.118
408,4,0.859,1.0,0.541,0.8,0.741,0.0,-0.141,-0.082
409,4,0.718,1.0,0.682,1.0,0.882,0.0,-0.282,-0.282
410,7,0.718,0.859,0.482,0.859,0.882,0.141,0.718,-0.141
411,7,0.718,0.718,0.282,0.718,0.882,0.282,1.0,0.0
412,,0.518,0.518,0.082,0.518,0.682,0.082,0.8,-0.2
413,8,0.659,0.518,-0.059,0.318,0.541,0.082,0.941,0.8
414,8,0.8,0.518,-0.2,0.118,0.4,0.082,1.0,1.0
415,3,0.8,0.659,0.8,0.259,0.4,-0.059,0.8,0.859
416,3,0.8,0.8,1.0,0.4,0.4,-0.2,0.6,0.718
417,6,0.659,0.6,0.859,0.4,0.541,0.8,0.741,0.718
418,6,0.518,0.4,0.718,0.4,0.682,1.0,0.882,0.718
419,,0.318,0.2,0.518,0.2,0.482,0.8,0.682,0.518
420,,0.118,0.0,0.318,0.0,0.282,0.6,0.482,0.318
421,,-0.082,-0.2,0.118,-0.2,0.082,0.4,0.282,0.118
422,4,-0.223,-0.2,0.259,0.8,0.223,0.4,0.141,-0.082
423,4,-0.364,-0.2,0.4,1.0,0.364,0.4,-0.0,-0.282
424,1,0.636,-0.059,0.4,0.859,0.164,0.259,0.0,-0.141
425,1,1.0,0.082,0.4,0.718,-0.036,0.118,0.0,0.0
426,5,0.8,-0.059,0.4,0.859,0.964,0.259,0.0,-0.141
427,5,0.6,-0.2,0.4,1.0,1.0,0.4,0.0,-0.282
428,8,0.741,-0.2,0.259,0.8,0.859,0.4,0.141,0.718
429,8,0.882,-0.2,0.118,0.6,0.718,0.4,0.282,1.0
430,2,1.0,0.8,0.259,0.6,0.577,0.2,0.141,1.0
431,2,1.0,1.0,0.4,0.6,0.436,0.0,-0.0,1.0
432,,0.8,0.8,0.2,0.4,0.236,-0.2,-0.2,0.8
433,7,0.8,0.659,0.0,0.259,0.236,-0.059,0.8,0.941
434,7,0.8,0.518,-0.2,0.118,0.236,0.082,1.0,1.0
435,3,0.8,0.659,0.8,0.259,0.236,-0.059,0.8,0.859
436,3,0.8,0.8,1.0,0.4,0.236,-0.2,0.6,0.718
437,6,0.659,0.6,0.859,0.4,0.377,0.8,0.741,0.718
438,6,0.518,0.4,0.718,0.4,0.518,1.0,0.882,0.718
439,,0.318,0.2,0.518,0.2,0.318,0.8,0.682,0.518
440,,0.118,0.0,0.318,0.0,0.118,0.6,0.482,0.318
441,,-0.082,-0.2,0.118,-0.2,-0.082,0.4,0.282,0.118
442,2,0.059,0.8,0.259,-0.2,-0.223,0.2,0.141,0.118
443,2,0.2,1.0,0.4,-0.2,-0.364,0.0,-0.0,0.118
444,5,0.0,0.859,0.4,-0.059,0.636,0.141,0.0,-0.023
445,5,-0.2,0.718,0.4,0.082,1.0,0.282,0.0,-0.164
446,1,0.8,0.859,0.4,-0.059,0.8,0.141,0.0,-0.023
447,1,1.0,1.0,0.4,-0.2,0.6,-0.0,0.0,0.118
448,4,0.859,1.0,0.541,0.8,0.741,0.0,-0.141,-0.082
449,4,0.718,1.0,0.682,1.0,0.882,0.0,-0.282,-0.282
450,7,0.718,0.859,0.482,0.859,0.882,0.141,0.718,-0.141
451,7,0.718,0.718,0.282,0.718,0.882,0.282,1.0,0.0
452,,0.518,0.518,0.082,0.518,0.682,0.082,0.8,-0.2
453,8,0.659,0.518,-0.059,0.318,0.541,0.082,0.941,0.8
454,8,0.8,0.518,-0.2,0.118,0.4,0.082,1.0,1.0
455,3,0.8,0.659,0.8,0.259,0.4,-0.059,0.8,0.859
456,3,0.8,0.8,1.0,0.4,0.4,-0.2,0.6,0.718
457,6,0.659,0.6,0.859,0.4,0.541,0.8,0.741,0.718
458,6,0.518,0.4,0.718,0.4,0.682,1.0,0.882,0.718
459,,0.318,0.2,0.518,0.2,0.482,0.8,0.682,0.518
460,,0.118,0.0,0.318,0.0,0.282,0.6,0.482,0.318
461,,-0.082,-0.2,0.118,-0.2,0.082,0.4,0.282,0.118
462,4,-0.223,-0.2,0.259,0.8,0.223,0.4,0.141,-0.082
463,4,-0.364,-0.2,0.4,1.0,0.364,0.4,-0.0,-0.282
464,1,0.636,-0.059,0.4,0.859,0.164,0.259,0.0,-0.141
465,1,1.0,0.082,0.4,0.718,-0.036,0.118,0.0,0.0
466,5,0.8,-0.059,0.4,0.859,0.964,0.259,0.0,-0.141
467,5,0.6,-0.2,0.4,1.0,1.0,0.4,0.0,-0.282
468,8,0.741,-0.2,0.259,0.8,0.859,0.4,0.141,0.718
469,8,0.882,-0.2,0.118,0.6,0.718,0.4,0.282,1.0
470,2,1.0,0.8,0.259,0.6,0.577,0.2,0.141,1.0
471,2,1.0,1.0,0.4,0.6,0.436,0.0,-0.0,1.0
472,,0.8,0.8,0.2,0.4,0.236,-0.2,-0.2,0.8
473,6,0.659,0.6,0.059,0.4,0.377,0.8,-0.059,0.8
474,6,0.518,0.4,-0.082,0.4,0.518,1.0,0.082,0.8
475,3,0.518,0.541,0.918,0.541,0.518,0.859,-0.118,0.659
476,3,0.518,0.682,1.0,0.682,0.518,0.718,-0.318,0.518
477,7,0.518,0.541,0.8,0.541,0.518,0.859,0.682,0.659
478,7,0.518,0.4,0.6,0.4,0.518,1.0,1.0,0.8
479,,0.318,0.2,0.4,0.2,0.318,0.8,0.8,0.6
480,,0.118,0.0,0.2,0.0,0.118,0.6,0.6,0.4
481,,-0.082,-0.2,0.0,-0.2,-0.082,0.4,0.4,0.2
482,4,-0.223,-0.2,0.141,0.8,0.059,0.4,0.259,0.0
483,4,-0.364,-0.2,0.282,1.0,0.2,0.4,0.118,-0.2
484,1,0.636,-0.059,0.282,0.859,0.0,0.259,0.118,-0.059
485,1,1.0,0.082,0.282,0.718,-0.2,0.118,0.118,0.082
486,5,0.8,-0.059,0.282,0.859,0.8,0.259,0.118,-0.059
487,5,0.6,-0.2,0.282,1.0,1.0,0.4,0.118,-0.2
488,2,0.741,0.8,0.423,1.0,0.859,0.2,-0.023,-0.2
489,2,0.882,1.0,0.564,1.0,0.718,0.0,-0.164,-0.2
490,8,1.0,1.0,0.423,0.8,0.577,0.0,-0.023,0.8
491,8,1.0,1.0,0.282,0.6,0.436,0.0,0.118,1.0
492,,0.8,0.8,0.082,0.4,0.236,-0.2,-0.082,0.8
493,6,0.659,0.6,-0.059,0.4,0.377,0.8,0.059,0.8
494,6,0.518,0.4,-0.2,0.4,0.518,1.0,0.2,0.8
495,3,0.518,0.541,0.8,0.541,0.518,0.859,0.0,0.659
496,3,0.518,0.682,1.0,0.682,0.518,0.718,-0.2,0.518
497,7,0.518,0.541,0.8,0.541,0.518,0.859,0.8,0.659
498,7,0.518,0.4,0.6,0.4,0.518,1.0,1.0,0.8
499,,0.318,0.2,0.4,0.2,0.318,0.8,0.8,0.6
