step,active_motive,motive_1,motive_2,motive_3,motive_4,motive_5,motive_6,motive_7,motive_8
0,,0.08031,0.04703,0.09834,0.03988,0.08164,0.07983,0.01507,0.05082
1,,-0.01969,-0.05297,-0.00166,-0.06012,-0.01836,-0.02017,-0.08493,-0.04918
2,7,-0.01969,-0.12397,-0.10166,-0.13112,-0.01836,0.05083,0.91507,0.02182
3,7,-0.01969,-0.19497,-0.20166,-0.20212,-0.01836,0.12183,1.0,0.09282
4,4,-0.09069,-0.19497,-0.13066,0.79788,0.05264,0.12183,0.929,-0.00718
5,4,-0.16169,-0.19497,-0.05966,1.0,0.12364,0.12183,0.858,-0.10718
6,2,-0.09069,0.80503,0.01134,1.0,0.05264,0.02183,0.787,-0.10718
7,2,-0.01969,1.0,0.08234,1.0,-0.01836,-0.07817,0.716,-0.10718
8,8,0.05131,1.0,0.01134,0.9,-0.08936,-0.07817,0.787,0.89282
9,8,0.12231,1.0,-0.05966,0.8,-0.16036,-0.07817,0.858,1.0
10,5,0.02231,0.929,-0.05966,0.871,0.83964,-0.00717,0.858,0.929
11,5,-0.07769,0.858,-0.05966,0.942,1.0,0.06383,0.858,0.858
12,1,0.92231,0.929,-0.05966,0.871,0.9,-0.00717,0.858,0.929
13,1,1.0,1.0,-0.05966,0.8,0.8,-0.07817,0.858,1.0
14,6,0.929,0.9,-0.13066,0.8,0.871,0.92183,0.929,1.0
15,6,0.858,0.8,-0.20166,0.8,0.942,1.0,1.0,1.0
16,3,0.858,0.871,0.79834,0.871,0.942,0.929,0.9,0.929
17,3,0.858,0.942,1.0,0.942,0.942,0.858,0.8,0.858
18,,0.758,0.842,0.9,0.842,0.842,0.758,0.7,0.758
19,,0.658,0.742,0.8,0.742,0.742,0.658,0.6,0.658
20,,0.558,0.642,0.7,0.642,0.642,0.558,0.5,0.558
21,,0.458,0.542,0.6,0.542,0.542,0.458,0.4,0.458
22,,0.358,0.442,0.5,0.442,0.442,0.358,0.3,0.358
23,,0.258,0.342,0.4,0.342,0.342,0.258,0.2,0.258
24,,0.158,0.242,0.3,0.242,0.242,0.158,0.1,0.158
25,,0.058,0.142,0.2,0.142,0.142,0.058,0.0,0.058
26,,-0.042,0.042,0.1,0.042,0.042,-0.042,-0.1,-0.042
27,7,-0.042,-0.029,0.0,-0.029,0.042,0.029,0.9,0.029
28,7,-0.042,-0.1,-0.1,-0.1,0.042,0.1,1.0,0.1
29,2,0.029,0.9,-0.029,-0.1,-0.029,0.0,0.929,0.1
30,2,0.1,1.0,0.042,-0.1,-0.1,-0.1,0.858,0.1
31,6,0.029,0.9,-0.029,-0.1,-0.029,0.9,0.929,0.1
32,6,-0.042,0.8,-0.1,-0.1,0.042,1.0,1.0,0.1
33,4,-0.113,0.8,-0.029,0.9,0.113,1.0,0.929,0.0
34,4,-0.184,0.8,0.042,1.0,0.184,1.0,0.858,-0.1
35,1,0.816,0.871,0.042,0.929,0.084,0.929,0.858,-0.029
36,1,1.0,0.942,0.042,0.858,-0.016,0.858,0.858,0.042
37,5,0.9,0.871,0.042,0.929,0.984,0.929,0.858,-0.029
38,5,0.8,0.8,0.042,1.0,1.0,1.0,0.858,-0.1
39,8,0.871,0.8,-0.029,0.9,0.929,1.0,0.929,0.9
40,8,0.942,0.8,-0.1,0.8,0.858,1.0,1.0,1.0
41,3,0.942,0.871,0.9,0.871,0.858,0.929,0.9,0.929
42,3,0.942,0.942,1.0,0.942,0.858,0.858,0.8,0.858
43,,0.842,0.842,0.9,0.842,0.758,0.758,0.7,0.758
44,,0.742,0.742,0.8,0.742,0.658,0.658,0.6,0.658
45,,0.642,0.642,0.7,0.642,0.558,0.558,0.5,0.558
46,,0.542,0.542,0.6,0.542,0.458,0.458,0.4,0.458
47,,0.442,0.442,0.5,0.442,0.358,0.358,0.3,0.358
48,,0.342,0.342,0.4,0.342,0.258,0.258,0.2,0.258
49,,0.242,0.242,0.3,0.242,0.158,0.158,0.1,0.158
50,,0.142,0.142,0.2,0.142,0.058,0.058,0.0,0.058
51,,0.042,0.042,0.1,0.042,-0.042,-0.042,-0.1,-0.042
52,7,0.042,-0.029,0.0,-0.029,-0.042,0.029,0.9,0.029
53,7,0.042,-0.1,-0.1,-0.1,-0.042,0.1,1.0,0.1
54,4,-0.029,-0.1,-0.029,0.9,0.029,0.1,0.929,0.0
55,4,-0.1,-0.1,0.042,1.0,0.1,0.1,0.858,-0.1
56,8,-0.029,-0.1,-0.029,0.9,0.029,0.1,0.929,0.9
57,8,0.042,-0.1,-0.1,0.8,-0.042,0.1,1.0,1.0
58,3,0.042,-0.029,0.9,0.871,-0.042,0.029,0.9,0.929
59,3,0.042,0.042,1.0,0.942,-0.042,-0.042,0.8,0.858
60,5,-0.058,-0.029,1.0,1.0,0.958,0.029,0.8,0.787
61,5,-0.158,-0.1,1.0,1.0,1.0,0.1,0.8,0.716
62,1,0.842,-0.029,1.0,0.929,0.9,0.029,0.8,0.787
63,1,1.0,0.042,1.0,0.858,0.8,-0.042,0.8,0.858
64,6,0.929,-0.058,0.929,0.858,0.871,0.958,0.871,0.858
65,6,0.858,-0.158,0.858,0.858,0.942,1.0,0.942,0.858
66,2,0.929,0.842,0.929,0.858,0.871,0.9,0.871,0.858
67,2,1.0,1.0,1.0,0.858,0.8,0.8,0.8,0.858
68,,0.9,0.9,0.9,0.758,0.7,0.7,0.7,0.758
69,,0.8,0.8,0.8,0.658,0.6,0.6,0.6,0.658
70,,0.7,0.7,0.7,0.558,0.5,0.5,0.5,0.558
71,,0.6,0.6,0.6,0.458,0.4,0.4,0.4,0.458
72,,0.5,0.5,0.5,0.358,0.3,0.3,0.3,0.358
73,,0.4,0.4,0.4,0.258,0.2,0.2,0.2,0.258
74,,0.3,0.3,0.3,0.158,0.1,0.1,0.1,0.158
75,,0.2,0.2,0.2,0.058,0.0,0.0,0.0,0.058
76,,0.1,0.1,0.1,-0.042,-0.1,-0.1,-0.1,-0.042
77,7,0.1,0.029,0.0,-0.113,-0.1,-0.029,0.9,0.029
78,7,0.1,-0.042,-0.1,-0.184,-0.1,0.042,1.0,0.1
79,4,0.029,-0.042,-0.029,0.816,-0.029,0.042,0.929,0.0
80,4,-0.042,-0.042,0.042,1.0,0.042,0.042,0.858,-0.1
81,8,0.029,-0.042,-0.029,0.9,-0.029,0.042,0.929,0.9
82,8,0.1,-0.042,-0.1,0.8,-0.1,0.042,1.0,1.0
83,3,0.1,0.029,0.9,0.871,-0.1,-0.029,0.9,0.929
84,3,0.1,0.1,1.0,0.942,-0.1,-0.1,0.8,0.858
85,6,0.029,0.0,0.929,0.942,-0.029,0.9,0.871,0.858
86,6,-0.042,-0.1,0.858,0.942,0.042,1.0,0.942,0.858
87,2,0.029,0.9,0.929,0.942,-0.029,0.9,0.871,0.858
88,2,0.1,1.0,1.0,0.942,-0.1,0.8,0.8,0.858
89,5,0.0,0.929,1.0,1.0,0.9,0.871,0.8,0.787
90,5,-0.1,0.858,1.0,1.0,1.0,0.942,0.8,0.716
91,1,0.9,0.929,1.0,0.929,0.9,0.871,0.8,0.787
92,1,1.0,1.0,1.0,0.858,0.8,0.8,0.8,0.858
93,,0.9,0.9,0.9,0.758,0.7,0.7,0.7,0.758
94,,0.8,0.8,0.8,0.658,0.6,0.6,0.6,0.658
95,,0.7,0.7,0.7,0.558,0.5,0.5,0.5,0.558
96,,0.6,0.6,0.6,0.458,0.4,0.4,0.4,0.458
97,,0.5,0.5,0.5,0.358,0.3,0.3,0.3,0.358
98,,0.4,0.4,0.4,0.258,0.2,0.2,0.2,0.258
99,,0.3,0.3,0.3,0.158,0.1,0.1,0.1,0.158
100,,0.2,0.2,0.2,0.058,0.0,0.0,0.0,0.058
101,,0.1,0.1,0.1,-0.042,-0.1,-0.1,-0.1,-0.042
102,7,0.1,0.029,0.0,-0.113,-0.1,-0.029,0.9,0.029
103,7,0.1,-0.042,-0.1,-0.184,-0.1,0.042,1.0,0.1
104,4,0.029,-0.042,-0.029,0.816,-0.029,0.042,0.929,0.0
105,4,-0.042,-0.042,0.042,1.0,0.042,0.042,0.858,-0.1
106,8,0.029,-0.042,-0.029,0.9,-0.029,0.042,0.929,0.9
107,8,0.1,-0.042,-0.1,0.8,-0.1,0.042,1.0,1.0
108,5,0.0,-0.113,-0.1,0.871,0.9,0.113,1.0,0.929
109,5,-0.1,-0.184,-0.1,0.942,1.0,0.184,1.0,0.858
110,2,-0.029,0.816,-0.029,0.942,0.929,0.084,0.929,0.858
111,2,0.042,1.0,0.042,0.942,0.858,-0.016,0.858,0.858
112,6,-0.029,0.9,-0.029,0.942,0.929,0.984,0.929,0.858
113,6,-0.1,0.8,-0.1,0.942,1.0,1.0,1.0,0.858
114,1,0.9,0.871,-0.1,0.871,0.9,0.929,1.0,0.929
115,1,1.0,0.942,-0.1,0.8,0.8,0.858,1.0,1.0
116,3,1.0,1.0,0.9,0.871,0.8,0.787,0.9,0.929
117,3,1.0,1.0,1.0,0.942,0.8,0.716,0.8,0.858
118,,0.9,0.9,0.9,0.842,0.7,0.616,0.7,0.758
119,,0.8,0.8,0.8,0.742,0.6,0.516,0.6,0.658
120,,0.7,0.7,0.7,0.642,0.5,0.416,0.5,0.558
121,,0.6,0.6,0.6,0.542,0.4,0.316,0.4,0.458
122,,0.5,0.5,0.5,0.442,0.3,0.216,0.3,0.358
123,,0.4,0.4,0.4,0.342,0.2,0.116,0.2,0.258
124,,0.3,0.3,0.3,0.242,0.1,0.016,0.1,0.158
125,,0.2,0.2,0.2,0.142,0.0,-0.084,0.0,0.058
126,6,0.129,0.1,0.129,0.142,0.071,0.916,0.071,0.058
127,6,0.058,0.0,0.058,0.142,0.142,1.0,0.142,0.058
128,,-0.042,-0.1,-0.042,0.042,0.042,0.9,0.042,-0.042
129,2,0.029,0.9,0.029,0.042,-0.029,0.8,-0.029,-0.042
130,2,0.1,1.0,0.1,0.042,-0.1,0.7,-0.1,-0.042
131,5,0.0,0.929,0.1,0.113,0.9,0.771,-0.1,-0.113
132,5,-0.1,0.858,0.1,0.184,1.0,0.842,-0.1,-0.184
133,8,-0.029,0.858,0.029,0.084,0.929,0.842,-0.029,0.816
134,8,0.042,0.858,-0.042,-0.016,0.858,0.842,0.042,1.0
135,3,0.042,0.929,0.958,0.055,0.858,0.771,-0.058,0.929
136,3,0.042,1.0,1.0,0.126,0.858,0.7,-0.158,0.858
137,7,0.042,0.929,0.9,0.055,0.858,0.771,0.842,0.929
138,7,0.042,0.858,0.8,-0.016,0.858,0.842,1.0,1.0
139,4,-0.029,0.858,0.871,0.984,0.929,0.842,0.929,0.9
140,4,-0.1,0.858,0.942,1.0,1.0,0.842,0.858,0.8
141,1,0.9,0.929,0.942,0.929,0.9,0.771,0.858,0.871
142,1,1.0,1.0,0.942,0.858,0.8,0.7,0.858,0.942
143,,0.9,0.9,0.842,0.758,0.7,0.6,0.758,0.842
144,,0.8,0.8,0.742,0.658,0.6,0.5,0.658,0.742
145,,0.7,0.7,0.642,0.558,0.5,0.4,0.558,0.642
146,,0.6,0.6,0.542,0.458,0.4,0.3,0.458,0.542
147,,0.5,0.5,0.442,0.358,0.3,0.2,0.358,0.442
148,,0.4,0.4,0.342,0.258,0.2,0.1,0.258,0.342
149,,0.3,0.3,0.242,0.158,0.1,0.0,0.158,0.242
150,,0.2,0.2,0.142,0.058,0.0,-0.1,0.058,0.142
151,6,0.129,0.1,0.071,0.058,0.071,0.9,0.129,0.142
152,6,0.058,0.0,-0.0,0.058,0.142,1.0,0.2,0.142
153,,-0.042,-0.1,-0.1,-0.042,0.042,0.9,0.1,0.042
154,3,-0.042,-0.029,0.9,0.029,0.042,0.829,0.0,-0.029
155,3,-0.042,0.042,1.0,0.1,0.042,0.758,-0.1,-0.1
156,8,0.029,0.042,0.929,0.0,-0.029,0.758,-0.029,0.9
157,8,0.1,0.042,0.858,-0.1,-0.1,0.758,0.042,1.0
158,4,0.029,0.042,0.929,0.9,-0.029,0.758,-0.029,0.9
159,4,-0.042,0.042,1.0,1.0,0.042,0.758,-0.1,0.8
160,7,-0.042,-0.029,0.9,0.929,0.042,0.829,0.9,0.871
161,7,-0.042,-0.1,0.8,0.858,0.042,0.9,1.0,0.942
162,2,0.029,0.9,0.871,0.858,-0.029,0.8,0.929,0.942
163,2,0.1,1.0,0.942,0.858,-0.1,0.7,0.858,0.942
164,5,0.0,0.929,0.942,0.929,0.9,0.771,0.858,0.871
165,5,-0.1,0.858,0.942,1.0,1.0,0.842,0.858,0.8
166,1,0.9,0.929,0.942,0.929,0.9,0.771,0.858,0.871
167,1,1.0,1.0,0.942,0.858,0.8,0.7,0.858,0.942
168,,0.9,0.9,0.842,0.758,0.7,0.6,0.758,0.842
169,,0.8,0.8,0.742,0.658,0.6,0.5,0.658,0.742
170,,0.7,0.7,0.642,0.558,0.5,0.4,0.558,0.642
171,,0.6,0.6,0.542,0.458,0.4,0.3,0.458,0.542
172,,0.5,0.5,0.442,0.358,0.3,0.2,0.358,0.442
173,,0.4,0.4,0.342,0.258,0.2,0.1,0.258,0.342
174,,0.3,0.3,0.242,0.158,0.1,0.0,0.158,0.242
175,,0.2,0.2,0.142,0.058,0.0,-0.1,0.058,0.142
176,6,0.129,0.1,0.071,0.058,0.071,0.9,0.129,0.142
177,6,0.058,0.0,-0.0,0.058,0.142,1.0,0.2,0.142
178,,-0.042,-0.1,-0.1,-0.042,0.042,0.9,0.1,0.042
179,3,-0.042,-0.029,0.9,0.029,0.042,0.829,0.0,-0.029
180,3,-0.042,0.042,1.0,0.1,0.042,0.758,-0.1,-0.1
181,8,0.029,0.042,0.929,0.0,-0.029,0.758,-0.029,0.9
182,8,0.1,0.042,0.858,-0.1,-0.1,0.758,0.042,1.0
183,4,0.029,0.042,0.929,0.9,-0.029,0.758,-0.029,0.9
184,4,-0.042,0.042,1.0,1.0,0.042,0.758,-0.1,0.8
185,7,-0.042,-0.029,0.9,0.929,0.042,0.829,0.9,0.871
186,7,-0.042,-0.1,0.8,0.858,0.042,0.9,1.0,0.942
187,2,0.029,0.9,0.871,0.858,-0.029,0.8,0.929,0.942
188,2,0.1,1.0,0.942,0.858,-0.1,0.7,0.858,0.942
189,5,0.0,0.929,0.942,0.929,0.9,0.771,0.858,0.871
190,5,-0.1,0.858,0.942,1.0,1.0,0.842,0.858,0.8
191,1,0.9,0.929,0.942,0.929,0.9,0.771,0.858,0.871
192,1,1.0,1.0,0.942,0.858,0.8,0.7,0.858,0.942
193,,0.9,0.9,0.842,0.758,0.7,0.6,0.758,0.842
194,,0.8,0.8,0.742,0.658,0.6,0.5,0.658,0.742
195,,0.7,0.7,0.642,0.558,0.5,0.4,0.558,0.642
196,,0.6,0.6,0.542,0.458,0.4,0.3,0.458,0.542
197,,0.5,0.5,0.442,0.358,0.3,0.2,0.358,0.442
198,,0.4,0.4,0.342,0.258,0.2,0.1,0.258,0.342
199,,0.3,0.3,0.242,0.158,0.1,0.0,0.158,0.242
