step,active_motive,motive_1,motive_2,motive_3,motive_4,motive_5,motive_6,motive_7,motive_8
0,,0.085,0.04495,0.00954,0.03708,0.06688,0.06659,0.05913,0.02747
1,,-0.015,-0.05505,-0.09046,-0.06292,-0.03312,-0.03341,-0.04087,-0.07253
2,3,-0.015,0.01595,0.90954,0.00808,-0.03312,-0.10441,-0.14087,-0.14353
3,3,-0.015,0.08695,1.0,0.07908,-0.03312,-0.17541,-0.24087,-0.21453
4,7,-0.015,0.01595,0.9,0.00808,-0.03312,-0.10441,0.75913,-0.14353
5,7,-0.015,-0.05505,0.8,-0.06292,-0.03312,-0.03341,1.0,-0.07253
6,8,0.056,-0.05505,0.729,-0.16292,-0.10412,-0.03341,1.0,0.92747
7,8,0.127,-0.05505,0.658,-0.26292,-0.17512,-0.03341,1.0,1.0
8,4,0.056,-0.05505,0.729,0.73708,-0.10412,-0.03341,0.929,0.9
9,4,-0.015,-0.05505,0.8,1.0,-0.03312,-0.03341,0.858,0.8
10,2,0.056,0.94495,0.871,1.0,-0.10412,-0.13341,0.787,0.8
11,2,0.127,1.0,0.942,1.0,-0.17512,-0.23341,0.716,0.8
12,6,0.056,0.9,0.871,1.0,-0.10412,0.76659,0.787,0.8
13,6,-0.015,0.8,0.8,1.0,-0.03312,1.0,0.858,0.8
14,5,-0.115,0.729,0.8,1.0,0.96688,1.0,0.858,0.729
15,5,-0.215,0.658,0.8,1.0,1.0,1.0,0.858,0.658
16,1,0.785,0.729,0.8,0.929,0.9,0.929,0.858,0.729
17,1,1.0,0.8,0.8,0.858,0.8,0.858,0.858,0.8
18,,0.9,0.7,0.7,0.758,0.7,0.758,0.758,0.7
19,,0.8,0.6,0.6,0.658,0.6,0.658,0.658,0.6
20,,0.7,0.5,0.5,0.558,0.5,0.558,0.558,0.5
21,,0.6,0.4,0.4,0.458,0.4,0.458,0.458,0.4
22,,0.5,0.3,0.3,0.358,0.3,0.358,0.358,0.3
23,,0.4,0.2,0.2,0.258,0.2,0.258,0.258,0.2
24,,0.3,0.1,0.1,0.158,0.1,0.158,0.158,0.1
25,,0.2,0.0,0.0,0.058,0.0,0.058,0.058,0.0
26,,0.1,-0.1,-0.1,-0.042,-0.1,-0.042,-0.042,-0.1
27,5,0.0,-0.171,-0.1,0.029,0.9,0.029,-0.042,-0.171
28,5,-0.1,-0.242,-0.1,0.1,1.0,0.1,-0.042,-0.242
29,2,-0.029,0.758,-0.029,0.1,0.929,0.0,-0.113,-0.242
30,2,0.042,1.0,0.042,0.1,0.858,-0.1,-0.184,-0.242
31,8,0.113,1.0,-0.029,0.0,0.787,-0.1,-0.113,0.758
32,8,0.184,1.0,-0.1,-0.1,0.716,-0.1,-0.042,1.0
33,6,0.113,0.9,-0.171,-0.1,0.787,0.9,0.029,1.0
34,6,0.042,0.8,-0.242,-0.1,0.858,1.0,0.1,1.0
35,3,0.042,0.871,0.758,-0.029,0.858,0.929,0.0,0.929
36,3,0.042,0.942,1.0,0.042,0.858,0.858,-0.1,0.858
37,7,0.042,0.871,0.9,-0.029,0.858,0.929,0.9,0.929
38,7,0.042,0.8,0.8,-0.1,0.858,1.0,1.0,1.0
39,4,-0.029,0.8,0.871,0.9,0.929,1.0,0.929,0.9
40,4,-0.1,0.8,0.942,1.0,1.0,1.0,0.858,0.8
41,1,0.9,0.871,0.942,0.929,0.9,0.929,0.858,0.871
42,1,1.0,0.942,0.942,0.858,0.8,0.858,0.858,0.942
43,,0.9,0.842,0.842,0.758,0.7,0.758,0.758,0.842
44,,0.8,0.742,0.742,0.658,0.6,0.658,0.658,0.742
45,,0.7,0.642,0.642,0.558,0.5,0.558,0.558,0.642
46,,0.6,0.542,0.542,0.458,0.4,0.458,0.458,0.542
47,,0.5,0.442,0.442,0.358,0.3,0.358,0.358,0.442
48,,0.4,0.342,0.342,0.258,0.2,0.258,0.258,0.342
49,,0.3,0.242,0.242,0.158,0.1,0.158,0.158,0.242
50,,0.2,0.142,0.142,0.058,0.0,0.058,0.058,0.142
51,,0.1,0.042,0.042,-0.042,-0.1,-0.042,-0.042,0.042
52,5,0.0,-0.029,0.042,0.029,0.9,0.029,-0.042,-0.029
53,5,-0.1,-0.1,0.042,0.1,1.0,0.1,-0.042,-0.1
54,1,0.9,-0.029,0.042,0.029,0.9,0.029,-0.042,-0.029
55,1,1.0,0.042,0.042,-0.042,0.8,-0.042,-0.042,0.042
56,7,1.0,-0.029,-0.058,-0.113,0.8,0.029,0.958,0.113
57,7,1.0,-0.1,-0.158,-0.184,0.8,0.1,1.0,0.184
58,4,0.929,-0.1,-0.087,0.816,0.871,0.1,0.929,0.084
59,4,0.858,-0.1,-0.016,1.0,0.942,0.1,0.858,-0.016
60,2,0.929,0.9,0.055,1.0,0.871,0.0,0.787,-0.016
61,2,1.0,1.0,0.126,1.0,0.8,-0.1,0.716,-0.016
62,6,0.929,0.9,0.055,1.0,0.871,0.9,0.787,-0.016
63,6,0.858,0.8,-0.016,1.0,0.942,1.0,0.858,-0.016
64,8,0.929,0.8,-0.087,0.9,0.871,1.0,0.929,0.984
65,8,1.0,0.8,-0.158,0.8,0.8,1.0,1.0,1.0
66,3,1.0,0.871,0.842,0.871,0.8,0.929,0.9,0.929
67,3,1.0,0.942,1.0,0.942,0.8,0.858,0.8,0.858
68,,0.9,0.842,0.9,0.842,0.7,0.758,0.7,0.758
69,,0.8,0.742,0.8,0.742,0.6,0.658,0.6,0.658
70,,0.7,0.642,0.7,0.642,0.5,0.558,0.5,0.558
71,,0.6,0.542,0.6,0.542,0.4,0.458,0.4,0.458
72,,0.5,0.442,0.5,0.442,0.3,0.358,0.3,0.358
73,,0.4,0.342,0.4,0.342,0.2,0.258,0.2,0.258
74,,0.3,0.242,0.3,0.242,0.1,0.158,0.1,0.158
75,,0.2,0.142,0.2,0.142,0.0,0.058,0.0,0.058
76,,0.1,0.042,0.1,0.042,-0.1,-0.042,-0.1,-0.042
77,5,0.0,-0.029,0.1,0.113,0.9,0.029,-0.1,-0.113
78,5,-0.1,-0.1,0.1,0.184,1.0,0.1,-0.1,-0.184
79,8,-0.029,-0.1,0.029,0.084,0.929,0.1,-0.029,0.816
80,8,0.042,-0.1,-0.042,-0.016,0.858,0.1,0.042,1.0
81,2,0.113,0.9,0.029,-0.016,0.787,0.0,-0.029,1.0
82,2,0.184,1.0,0.1,-0.016,0.716,-0.1,-0.1,1.0
83,6,0.113,0.9,0.029,-0.016,0.787,0.9,-0.029,1.0
84,6,0.042,0.8,-0.042,-0.016,0.858,1.0,0.042,1.0
85,3,0.042,0.871,0.958,0.055,0.858,0.929,-0.058,0.929
86,3,0.042,0.942,1.0,0.126,0.858,0.858,-0.158,0.858
87,7,0.042,0.871,0.9,0.055,0.858,0.929,0.842,0.929
88,7,0.042,0.8,0.8,-0.016,0.858,1.0,1.0,1.0
89,4,-0.029,0.8,0.871,0.984,0.929,1.0,0.929,0.9
90,4,-0.1,0.8,0.942,1.0,1.0,1.0,0.858,0.8
91,1,0.9,0.871,0.942,0.929,0.9,0.929,0.858,0.871
92,1,1.0,0.942,0.942,0.858,0.8,0.858,0.858,0.942
93,,0.9,0.842,0.842,0.758,0.7,0.758,0.758,0.842
94,,0.8,0.742,0.742,0.658,0.6,0.658,0.658,0.742
95,,0.7,0.642,0.642,0.558,0.5,0.558,0.558,0.642
96,,0.6,0.542,0.542,0.458,0.4,0.458,0.458,0.542
97,,0.5,0.442,0.442,0.358,0.3,0.358,0.358,0.442
98,,0.4,0.342,0.342,0.258,0.2,0.258,0.258,0.342
99,,0.3,0.242,0.242,0.158,0.1,0.158,0.158,0.242
100,,0.2,0.142,0.142,0.058,0.0,0.058,0.058,0.142
101,,0.1,0.042,0.042,-0.042,-0.1,-0.042,-0.042,0.042
102,5,0.0,-0.029,0.042,0.029,0.9,0.029,-0.042,-0.029
103,5,-0.1,-0.1,0.042,0.1,1.0,0.1,-0.042,-0.1
104,1,0.9,-0.029,0.042,0.029,0.9,0.029,-0.042,-0.029
105,1,1.0,0.042,0.042,-0.042,0.8,-0.042,-0.042,0.042
106,6,0.929,-0.058,-0.029,-0.042,0.871,0.958,0.029,0.042
107,6,0.858,-0.158,-0.1,-0.042,0.942,1.0,0.1,0.042
108,2,0.929,0.842,-0.029,-0.042,0.871,0.9,0.029,0.042
109,2,1.0,1.0,0.042,-0.042,0.8,0.8,-0.042,0.042
110,4,0.929,1.0,0.113,0.958,0.871,0.8,-0.113,-0.058
111,4,0.858,1.0,0.184,1.0,0.942,0.8,-0.184,-0.158
112,7,0.858,0.929,0.084,0.929,0.942,0.871,0.816,-0.087
113,7,0.858,0.858,-0.016,0.858,0.942,0.942,1.0,-0.016
114,3,0.858,0.929,0.984,0.929,0.942,0.871,0.9,-0.087
115,3,0.858,1.0,1.0,1.0,0.942,0.8,0.8,-0.158
116,8,0.929,1.0,0.929,0.9,0.871,0.8,0.871,0.842
117,8,1.0,1.0,0.858,0.8,0.8,0.8,0.942,1.0
118,,0.9,0.9,0.758,0.7,0.7,0.7,0.842,0.9
119,,0.8,0.8,0.658,0.6,0.6,0.6,0.742,0.8
120,,0.7,0.7,0.558,0.5,0.5,0.5,0.642,0.7
121,,0.6,0.6,0.458,0.4,0.4,0.4,0.542,0.6
122,,0.5,0.5,0.358,0.3,0.3,0.3,0.442,0.5
123,,0.4,0.4,0.258,0.2,0.2,0.2,0.342,0.4
124,,0.3,0.3,0.158,0.1,0.1,0.1,0.242,0.3
125,,0.2,0.2,0.058,0.0,0.0,0.0,0.142,0.2
126,,0.1,0.1,-0.042,-0.1,-0.1,-0.1,0.042,0.1
127,5,0.0,0.029,-0.042,-0.029,0.9,-0.029,0.042,0.029
128,5,-0.1,-0.042,-0.042,0.042,1.0,0.042,0.042,-0.042
129,1,0.9,0.029,-0.042,-0.029,0.9,-0.029,0.042,0.029
130,1,1.0,0.1,-0.042,-0.1,0.8,-0.1,0.042,0.1
131,4,0.929,0.1,0.029,0.9,0.871,-0.1,-0.029,0.0
132,4,0.858,0.1,0.1,1.0,0.942,-0.1,-0.1,-0.1
133,8,0.929,0.1,0.029,0.9,0.871,-0.1,-0.029,0.9
134,8,1.0,0.1,-0.042,0.8,0.8,-0.1,0.042,1.0
135,6,0.929,0.0,-0.113,0.8,0.871,0.9,0.113,1.0
136,6,0.858,-0.1,-0.184,0.8,0.942,1.0,0.184,1.0
137,3,0.858,-0.029,0.816,0.871,0.942,0.929,0.084,0.929
138,3,0.858,0.042,1.0,0.942,0.942,0.858,-0.016,0.858
139,7,0.858,-0.029,0.9,0.871,0.942,0.929,0.984,0.929
140,7,0.858,-0.1,0.8,0.8,0.942,1.0,1.0,1.0
141,2,0.929,0.9,0.871,0.8,0.871,0.9,0.929,1.0
142,2,1.0,1.0,0.942,0.8,0.8,0.8,0.858,1.0
143,,0.9,0.9,0.842,0.7,0.7,0.7,0.758,0.9
144,,0.8,0.8,0.742,0.6,0.6,0.6,0.658,0.8
145,,0.7,0.7,0.642,0.5,0.5,0.5,0.558,0.7
146,,0.6,0.6,0.542,0.4,0.4,0.4,0.458,0.6
147,,0.5,0.5,0.442,0.3,0.3,0.3,0.358,0.5
148,,0.4,0.4,0.342,0.2,0.2,0.2,0.258,0.4
149,,0.3,0.3,0.242,0.1,0.1,0.1,0.158,0.3
150,,0.2,0.2,0.142,0.0,0.0,0.0,0.058,0.2
151,,0.1,0.1,0.042,-0.1,-0.1,-0.1,-0.042,0.1
152,4,0.029,0.1,0.113,0.9,-0.029,-0.1,-0.113,0.0
153,4,-0.042,0.1,0.184,1.0,0.042,-0.1,-0.184,-0.1
154,7,-0.042,0.029,0.084,0.929,0.042,-0.029,0.816,-0.029
155,7,-0.042,-0.042,-0.016,0.858,0.042,0.042,1.0,0.042
156,1,0.958,0.029,-0.016,0.787,-0.058,-0.029,1.0,0.113
157,1,1.0,0.1,-0.016,0.716,-0.158,-0.1,1.0,0.184
158,5,0.9,0.029,-0.016,0.787,0.842,-0.029,1.0,0.113
159,5,0.8,-0.042,-0.016,0.858,1.0,0.042,1.0,0.042
160,2,0.871,0.958,0.055,0.858,0.929,-0.058,0.929,0.042
161,2,0.942,1.0,0.126,0.858,0.858,-0.158,0.858,0.042
162,6,0.871,0.9,0.055,0.858,0.929,0.842,0.929,0.042
163,6,0.8,0.8,-0.016,0.858,1.0,1.0,1.0,0.042
164,3,0.8,0.871,0.984,0.929,1.0,0.929,0.9,-0.029
165,3,0.8,0.942,1.0,1.0,1.0,0.858,0.8,-0.1
166,8,0.871,0.942,0.929,0.9,0.929,0.858,0.871,0.9
167,8,0.942,0.942,0.858,0.8,0.858,0.858,0.942,1.0
168,,0.842,0.842,0.758,0.7,0.758,0.758,0.842,0.9
169,,0.742,0.742,0.658,0.6,0.658,0.658,0.742,0.8
170,,0.642,0.642,0.558,0.5,0.558,0.558,0.642,0.7
171,,0.542,0.542,0.458,0.4,0.458,0.458,0.542,0.6
172,,0.442,0.442,0.358,0.3,0.358,0.358,0.442,0.5
173,,0.342,0.342,0.258,0.2,0.258,0.258,0.342,0.4
174,,0.242,0.242,0.158,0.1,0.158,0.158,0.242,0.3
175,,0.142,0.142,0.058,0.0,0.058,0.058,0.142,0.2
176,,0.042,0.042,-0.042,-0.1,-0.042,-0.042,0.042,0.1
177,4,-0.029,0.042,0.029,0.9,0.029,-0.042,-0.029,0.0
178,4,-0.1,0.042,0.1,1.0,0.1,-0.042,-0.1,-0.1
179,8,-0.029,0.042,0.029,0.9,0.029,-0.042,-0.029,0.9
180,8,0.042,0.042,-0.042,0.8,-0.042,-0.042,0.042,1.0
181,5,-0.058,-0.029,-0.042,0.871,0.958,0.029,0.042,0.929
182,5,-0.158,-0.1,-0.042,0.942,1.0,0.1,0.042,0.858
183,1,0.842,-0.029,-0.042,0.871,0.9,0.029,0.042,0.929
184,1,1.0,0.042,-0.042,0.8,0.8,-0.042,0.042,1.0
185,6,0.929,-0.058,-0.113,0.8,0.871,0.958,0.113,1.0
186,6,0.858,-0.158,-0.184,0.8,0.942,1.0,0.184,1.0
187,3,0.858,-0.087,0.816,0.871,0.942,0.929,0.084,0.929
188,3,0.858,-0.016,1.0,0.942,0.942,0.858,-0.016,0.858
189,7,0.858,-0.087,0.9,0.871,0.942,0.929,0.984,0.929
190,7,0.858,-0.158,0.8,0.8,0.942,1.0,1.0,1.0
191,2,0.929,0.842,0.871,0.8,0.871,0.9,0.929,1.0
192,2,1.0,1.0,0.942,0.8,0.8,0.8,0.858,1.0
193,,0.9,0.9,0.842,0.7,0.7,0.7,0.758,0.9
194,,0.8,0.8,0.742,0.6,0.6,0.6,0.658,0.8
195,,0.7,0.7,0.642,0.5,0.5,0.5,0.558,0.7
196,,0.6,0.6,0.542,0.4,0.4,0.4,0.458,0.6
197,,0.5,0.5,0.442,0.3,0.3,0.3,0.358,0.5
198,,0.4,0.4,0.342,0.2,0.2,0.2,0.258,0.4
199,,0.3,0.3,0.242,0.1,0.1,0.1,0.158,0.3
