step,active_motive,motive_1,motive_2,motive_3,motive_4,motive_5,motive_6,motive_7,motive_8
0,,0.14092,0.8022,0.07455,0.98689,0.77224,0.19872,0.00552,0.81546
1,,0.12092,0.7822,0.05455,0.96689,0.75224,0.17872,-0.01448,0.79546
2,7,0.20092,0.5792,-0.26545,0.76389,0.83224,0.54172,0.98552,1.0
3,7,0.28092,0.3762,-0.58545,0.56089,0.91224,0.90472,1.0,1.0
4,3,0.36092,0.7392,0.41455,0.92389,0.99224,0.70172,0.68,0.797
5,3,0.44092,1.0,1.0,1.0,1.0,0.49872,0.36,0.594
6,,0.42092,0.98,0.98,0.98,0.98,0.47872,0.34,0.574
7,,0.40092,0.96,0.96,0.96,0.96,0.45872,0.32,0.554
8,,0.38092,0.94,0.94,0.94,0.94,0.43872,0.3,0.534
9,,0.36092,0.92,0.92,0.92,0.92,0.41872,0.28,0.514
10,,0.34092,0.9,0.9,0.9,0.9,0.39872,0.26,0.494
11,,0.32092,0.88,0.88,0.88,0.88,0.37872,0.24,0.474
12,,0.30092,0.86,0.86,0.86,0.86,0.35872,0.22,0.454
13,,0.28092,0.84,0.84,0.84,0.84,0.33872,0.2,0.434
14,,0.26092,0.82,0.82,0.82,0.82,0.31872,0.18,0.414
15,,0.24092,0.8,0.8,0.8,0.8,0.29872,0.16,0.394
16,,0.22092,0.78,0.78,0.78,0.78,0.27872,0.14,0.374
17,,0.20092,0.76,0.76,0.76,0.76,0.25872,0.12,0.354
18,,0.18092,0.74,0.74,0.74,0.74,0.23872,0.1,0.334
19,,0.16092,0.72,0.72,0.72,0.72,0.21872,0.08,0.314
20,,0.14092,0.7,0.7,0.7,0.7,0.19872,0.06,0.294
21,,0.12092,0.68,0.68,0.68,0.68,0.17872,0.04,0.274
22,,0.10092,0.66,0.66,0.66,0.66,0.15872,0.02,0.254
23,,0.08092,0.64,0.64,0.64,0.64,0.13872,0.0,0.234
24,,0.06092,0.62,0.62,0.62,0.62,0.11872,-0.02,0.214
25,7,0.14092,0.417,0.3,0.417,0.7,0.48172,0.98,0.577
26,7,0.22092,0.214,-0.02,0.214,0.78,0.84472,1.0,0.94
27,3,0.30092,0.577,0.98,0.577,0.86,0.64172,0.68,0.737
28,3,0.38092,0.94,1.0,0.94,0.94,0.43872,0.36,0.534
29,,0.36092,0.92,0.98,0.92,0.92,0.41872,0.34,0.514
30,,0.34092,0.9,0.96,0.9,0.9,0.39872,0.32,0.494
31,,0.32092,0.88,0.94,0.88,0.88,0.37872,0.3,0.474
32,,0.30092,0.86,0.92,0.86,0.86,0.35872,0.28,0.454
33,,0.28092,0.84,0.9,0.84,0.84,0.33872,0.26,0.434
34,,0.26092,0.82,0.88,0.82,0.82,0.31872,0.24,0.414
35,,0.24092,0.8,0.86,0.8,0.8,0.29872,0.22,0.394
36,,0.22092,0.78,0.84,0.78,0.78,0.27872,0.2,0.374
37,,0.20092,0.76,0.82,0.76,0.76,0.25872,0.18,0.354
38,,0.18092,0.74,0.8,0.74,0.74,0.23872,0.16,0.334
39,,0.16092,0.72,0.78,0.72,0.72,0.21872,0.14,0.314
40,,0.14092,0.7,0.76,0.7,0.7,0.19872,0.12,0.294
41,,0.12092,0.68,0.74,0.68,0.68,0.17872,0.1,0.274
42,,0.10092,0.66,0.72,0.66,0.66,0.15872,0.08,0.254
43,,0.08092,0.64,0.7,0.64,0.64,0.13872,0.06,0.234
44,,0.06092,0.62,0.68,0.62,0.62,0.11872,0.04,0.214
45,,0.04092,0.6,0.66,0.6,0.6,0.09872,0.02,0.194
46,,0.02092,0.58,0.64,0.58,0.58,0.07872,0.0,0.174
47,,0.00092,0.56,0.62,0.56,0.56,0.05872,-0.02,0.154
48,7,0.08092,0.357,0.3,0.357,0.64,0.42172,0.98,0.517
49,7,0.16092,0.154,-0.02,0.154,0.72,0.78472,1.0,0.88
50,3,0.24092,0.517,0.98,0.517,0.8,0.58172,0.68,0.677
51,3,0.32092,0.88,1.0,0.88,0.88,0.37872,0.36,0.474
52,,0.30092,0.86,0.98,0.86,0.86,0.35872,0.34,0.454
53,,0.28092,0.84,0.96,0.84,0.84,0.33872,0.32,0.434
54,,0.26092,0.82,0.94,0.82,0.82,0.31872,0.3,0.414
55,,0.24092,0.8,0.92,0.8,0.8,0.29872,0.28,0.394
56,,0.22092,0.78,0.9,0.78,0.78,0.27872,0.26,0.374
57,,0.20092,0.76,0.88,0.76,0.76,0.25872,0.24,0.354
58,,0.18092,0.74,0.86,0.74,0.74,0.23872,0.22,0.334
59,,0.16092,0.72,0.84,0.72,0.72,0.21872,0.2,0.314
60,,0.14092,0.7,0.82,0.7,0.7,0.19872,0.18,0.294
61,,0.12092,0.68,0.8,0.68,0.68,0.17872,0.16,0.274
62,,0.10092,0.66,0.78,0.66,0.66,0.15872,0.14,0.254
63,,0.08092,0.64,0.76,0.64,0.64,0.13872,0.12,0.234
64,,0.06092,0.62,0.74,0.62,0.62,0.11872,0.1,0.214
65,,0.04092,0.6,0.72,0.6,0.6,0.09872,0.08,0.194
66,,0.02092,0.58,0.7,0.58,0.58,0.07872,0.06,0.174
67,,0.00092,0.56,0.68,0.56,0.56,0.05872,0.04,0.154
68,,-0.01908,0.54,0.66,0.54,0.54,0.03872,0.02,0.134
69,1,0.98092,0.903,0.74,0.337,0.22,-0.16428,0.1,0.497
70,1,1.0,1.0,0.82,0.134,-0.1,-0.36728,0.18,0.86
71,6,0.797,0.68,0.617,0.214,0.263,0.63272,0.543,0.94
72,6,0.594,0.36,0.414,0.294,0.626,1.0,0.906,1.0
73,,0.574,0.34,0.394,0.274,0.606,0.98,0.886,0.98
74,,0.554,0.32,0.374,0.254,0.586,0.96,0.866,0.96
75,,0.534,0.3,0.354,0.234,0.566,0.94,0.846,0.94
76,,0.514,0.28,0.334,0.214,0.546,0.92,0.826,0.92
77,,0.494,0.26,0.314,0.194,0.526,0.9,0.806,0.9
78,,0.474,0.24,0.294,0.174,0.506,0.88,0.786,0.88
79,,0.454,0.22,0.274,0.154,0.486,0.86,0.766,0.86
80,,0.434,0.2,0.254,0.134,0.466,0.84,0.746,0.84
81,,0.414,0.18,0.234,0.114,0.446,0.82,0.726,0.82
82,,0.394,0.16,0.214,0.094,0.426,0.8,0.706,0.8
83,,0.374,0.14,0.194,0.074,0.406,0.78,0.686,0.78
84,,0.354,0.12,0.174,0.054,0.386,0.76,0.666,0.76
85,,0.334,0.1,0.154,0.034,0.366,0.74,0.646,0.74
86,,0.314,0.08,0.134,0.014,0.346,0.72,0.626,0.72
87,,0.294,0.06,0.114,-0.006,0.326,0.7,0.606,0.7
88,4,0.091,0.14,0.477,0.994,0.689,0.78,0.403,0.38
89,4,-0.112,0.22,0.84,1.0,1.0,0.86,0.2,0.06
90,1,0.888,0.583,0.92,0.797,0.68,0.657,0.28,0.423
91,1,1.0,0.946,1.0,0.594,0.36,0.454,0.36,0.786
92,,0.98,0.926,0.98,0.574,0.34,0.434,0.34,0.766
93,,0.96,0.906,0.96,0.554,0.32,0.414,0.32,0.746
94,,0.94,0.886,0.94,0.534,0.3,0.394,0.3,0.726
95,,0.92,0.866,0.92,0.514,0.28,0.374,0.28,0.706
96,,0.9,0.846,0.9,0.494,0.26,0.354,0.26,0.686
97,,0.88,0.826,0.88,0.474,0.24,0.334,0.24,0.666
98,,0.86,0.806,0.86,0.454,0.22,0.314,0.22,0.646
99,,0.84,0.786,0.84,0.434,0.2,0.294,0.2,0.626
100,,0.82,0.766,0.82,0.414,0.18,0.274,0.18,0.606
101,,0.8,0.746,0.8,0.394,0.16,0.254,0.16,0.586
102,,0.78,0.726,0.78,0.374,0.14,0.234,0.14,0.566
103,,0.76,0.706,0.76,0.354,0.12,0.214,0.12,0.546
104,,0.74,0.686,0.74,0.334,0.1,0.194,0.1,0.526
105,,0.72,0.666,0.72,0.314,0.08,0.174,0.08,0.506
106,,0.7,0.646,0.7,0.294,0.06,0.154,0.06,0.486
107,,0.68,0.626,0.68,0.274,0.04,0.134,0.04,0.466
108,,0.66,0.606,0.66,0.254,0.02,0.114,0.02,0.446
109,,0.64,0.586,0.64,0.234,0.0,0.094,0.0,0.426
110,,0.62,0.566,0.62,0.214,-0.02,0.074,-0.02,0.406
111,5,0.3,0.363,0.7,0.577,0.98,0.437,0.06,0.203
112,5,-0.02,0.16,0.78,0.94,1.0,0.8,0.14,0.0
113,1,0.98,0.523,0.86,0.737,0.68,0.597,0.22,0.363
114,1,1.0,0.886,0.94,0.534,0.36,0.394,0.3,0.726
115,,0.98,0.866,0.92,0.514,0.34,0.374,0.28,0.706
116,,0.96,0.846,0.9,0.494,0.32,0.354,0.26,0.686
117,,0.94,0.826,0.88,0.474,0.3,0.334,0.24,0.666
118,,0.92,0.806,0.86,0.454,0.28,0.314,0.22,0.646
119,,0.9,0.786,0.84,0.434,0.26,0.294,0.2,0.626
120,,0.88,0.766,0.82,0.414,0.24,0.274,0.18,0.606
121,,0.86,0.746,0.8,0.394,0.22,0.254,0.16,0.586
122,,0.84,0.726,0.78,0.374,0.2,0.234,0.14,0.566
123,,0.82,0.706,0.76,0.354,0.18,0.214,0.12,0.546
124,,0.8,0.686,0.74,0.334,0.16,0.194,0.1,0.526
125,,0.78,0.666,0.72,0.314,0.14,0.174,0.08,0.506
126,,0.76,0.646,0.7,0.294,0.12,0.154,0.06,0.486
127,,0.74,0.626,0.68,0.274,0.1,0.134,0.04,0.466
128,,0.72,0.606,0.66,0.254,0.08,0.114,0.02,0.446
129,,0.7,0.586,0.64,0.234,0.06,0.094,0.0,0.426
130,,0.68,0.566,0.62,0.214,0.04,0.074,-0.02,0.406
131,7,0.76,0.363,0.3,0.011,0.12,0.437,0.98,0.769
132,7,0.84,0.16,-0.02,-0.192,0.2,0.8,1.0,1.0
133,4,0.637,0.24,0.343,0.808,0.563,0.88,0.797,0.68
134,4,0.434,0.32,0.706,1.0,0.926,0.96,0.594,0.36
135,,0.414,0.3,0.686,0.98,0.906,0.94,0.574,0.34
136,,0.394,0.28,0.666,0.96,0.886,0.92,0.554,0.32
137,,0.374,0.26,0.646,0.94,0.866,0.9,0.534,0.3
138,,0.354,0.24,0.626,0.92,0.846,0.88,0.514,0.28
139,,0.334,0.22,0.606,0.9,0.826,0.86,0.494,0.26
140,,0.314,0.2,0.586,0.88,0.806,0.84,0.474,0.24
141,,0.294,0.18,0.566,0.86,0.786,0.82,0.454,0.22
142,,0.274,0.16,0.546,0.84,0.766,0.8,0.434,0.2
143,,0.254,0.14,0.526,0.82,0.746,0.78,0.414,0.18
144,,0.234,0.12,0.506,0.8,0.726,0.76,0.394,0.16
145,,0.214,0.1,0.486,0.78,0.706,0.74,0.374,0.14
146,,0.194,0.08,0.466,0.76,0.686,0.72,0.354,0.12
147,,0.174,0.06,0.446,0.74,0.666,0.7,0.334,0.1
148,,0.154,0.04,0.426,0.72,0.646,0.68,0.314,0.08
149,,0.134,0.02,0.406,0.7,0.626,0.66,0.294,0.06
150,,0.114,0.0,0.386,0.68,0.606,0.64,0.274,0.04
151,,0.094,-0.02,0.366,0.66,0.586,0.62,0.254,0.02
152,2,0.457,0.98,0.729,0.74,0.383,0.3,0.051,0.1
153,2,0.82,1.0,1.0,0.82,0.18,-0.02,-0.152,0.18
154,7,0.9,0.797,0.68,0.617,0.26,0.343,0.848,0.543
155,7,0.98,0.594,0.36,0.414,0.34,0.706,1.0,0.906
156,,0.96,0.574,0.34,0.394,0.32,0.686,0.98,0.886
157,,0.94,0.554,0.32,0.374,0.3,0.666,0.96,0.866
158,,0.92,0.534,0.3,0.354,0.28,0.646,0.94,0.846
159,,0.9,0.514,0.28,0.334,0.26,0.626,0.92,0.826
160,,0.88,0.494,0.26,0.314,0.24,0.606,0.9,0.806
161,,0.86,0.474,0.24,0.294,0.22,0.586,0.88,0.786
162,,0.84,0.454,0.22,0.274,0.2,0.566,0.86,0.766
163,,0.82,0.434,0.2,0.254,0.18,0.546,0.84,0.746
164,,0.8,0.414,0.18,0.234,0.16,0.526,0.82,0.726
165,,0.78,0.394,0.16,0.214,0.14,0.506,0.8,0.706
166,,0.76,0.374,0.14,0.194,0.12,0.486,0.78,0.686
167,,0.74,0.354,0.12,0.174,0.1,0.466,0.76,0.666
168,,0.72,0.334,0.1,0.154,0.08,0.446,0.74,0.646
169,,0.7,0.314,0.08,0.134,0.06,0.426,0.72,0.626
170,,0.68,0.294,0.06,0.114,0.04,0.406,0.7,0.606
171,,0.66,0.274,0.04,0.094,0.02,0.386,0.68,0.586
172,,0.64,0.254,0.02,0.074,0.0,0.366,0.66,0.566
173,,0.62,0.234,0.0,0.054,-0.02,0.346,0.64,0.546
174,5,0.3,0.031,0.08,0.417,0.98,0.709,0.72,0.343
175,5,-0.02,-0.172,0.16,0.78,1.0,1.0,0.8,0.14
176,2,0.343,0.828,0.523,0.86,0.797,0.68,0.597,0.22
177,2,0.706,1.0,0.886,0.94,0.594,0.36,0.394,0.3
178,,0.686,0.98,0.866,0.92,0.574,0.34,0.374,0.28
179,,0.666,0.96,0.846,0.9,0.554,0.32,0.354,0.26
180,,0.646,0.94,0.826,0.88,0.534,0.3,0.334,0.24
181,,0.626,0.92,0.806,0.86,0.514,0.28,0.314,0.22
182,,0.606,0.9,0.786,0.84,0.494,0.26,0.294,0.2
183,,0.586,0.88,0.766,0.82,0.474,0.24,0.274,0.18
184,,0.566,0.86,0.746,0.8,0.454,0.22,0.254,0.16
185,,0.546,0.84,0.726,0.78,0.434,0.2,0.234,0.14
186,,0.526,0.82,0.706,0.76,0.414,0.18,0.214,0.12
187,,0.506,0.8,0.686,0.74,0.394,0.16,0.194,0.1
188,,0.486,0.78,0.666,0.72,0.374,0.14,0.174,0.08
189,,0.466,0.76,0.646,0.7,0.354,0.12,0.154,0.06
190,,0.446,0.74,0.626,0.68,0.334,0.1,0.134,0.04
191,,0.426,0.72,0.606,0.66,0.314,0.08,0.114,0.02
192,,0.406,0.7,0.586,0.64,0.294,0.06,0.094,0.0
193,,0.386,0.68,0.566,0.62,0.274,0.04,0.074,-0.02
194,8,0.749,0.76,0.363,0.3,0.071,0.12,0.437,0.98
195,8,1.0,0.84,0.16,-0.02,-0.132,0.2,0.8,1.0
196,5,0.68,0.637,0.24,0.343,0.868,0.563,0.88,0.797
197,5,0.36,0.434,0.32,0.706,1.0,0.926,0.96,0.594
198,,0.34,0.414,0.3,0.686,0.98,0.906,0.94,0.574
199,,0.32,0.394,0.28,0.666,0.96,0.886,0.92,0.554
200,,0.3,0.374,0.26,0.646,0.94,0.866,0.9,0.534
201,,0.28,0.354,0.24,0.626,0.92,0.846,0.88,0.514
202,,0.26,0.334,0.22,0.606,0.9,0.826,0.86,0.494
203,,0.24,0.314,0.2,0.586,0.88,0.806,0.84,0.474
204,,0.22,0.294,0.18,0.566,0.86,0.786,0.82,0.454
205,,0.2,0.274,0.16,0.546,0.84,0.766,0.8,0.434
206,,0.18,0.254,0.14,0.526,0.82,0.746,0.78,0.414
207,,0.16,0.234,0.12,0.506,0.8,0.726,0.76,0.394
208,,0.14,0.214,0.1,0.486,0.78,0.706,0.74,0.374
209,,0.12,0.194,0.08,0.466,0.76,0.686,0.72,0.354
210,,0.1,0.174,0.06,0.446,0.74,0.666,0.7,0.334
211,,0.08,0.154,0.04,0.426,0.72,0.646,0.68,0.314
212,,0.06,0.134,0.02,0.406,0.7,0.626,0.66,0.294
213,,0.04,0.114,0.0,0.386,0.68,0.606,0.64,0.274
214,,0.02,0.094,-0.02,0.366,0.66,0.586,0.62,0.254
215,3,0.1,0.457,0.98,0.729,0.74,0.383,0.3,0.051
216,3,0.18,0.82,1.0,1.0,0.82,0.18,-0.02,-0.152
217,8,0.543,0.9,0.797,0.68,0.617,0.26,0.343,0.848
218,8,0.906,0.98,0.594,0.36,0.414,0.34,0.706,1.0
219,,0.886,0.96,0.574,0.34,0.394,0.32,0.686,0.98
220,,0.866,0.94,0.554,0.32,0.374,0.3,0.666,0.96
221,,0.846,0.92,0.534,0.3,0.354,0.28,0.646,0.94
222,,0.826,0.9,0.514,0.28,0.334,0.26,0.626,0.92
223,,0.806,0.88,0.494,0.26,0.314,0.24,0.606,0.9
224,,0.786,0.86,0.474,0.24,0.294,0.22,0.586,0.88
225,,0.766,0.84,0.454,0.22,0.274,0.2,0.566,0.86
226,,0.746,0.82,0.434,0.2,0.254,0.18,0.546,0.84
227,,0.726,0.8,0.414,0.18,0.234,0.16,0.526,0.82
228,,0.706,0.78,0.394,0.16,0.214,0.14,0.506,0.8
229,,0.686,0.76,0.374,0.14,0.194,0.12,0.486,0.78
230,,0.666,0.74,0.354,0.12,0.174,0.1,0.466,0.76
231,,0.646,0.72,0.334,0.1,0.154,0.08,0.446,0.74
232,,0.626,0.7,0.314,0.08,0.134,0.06,0.426,0.72
233,,0.606,0.68,0.294,0.06,0.114,0.04,0.406,0.7
234,,0.586,0.66,0.274,0.04,0.094,0.02,0.386,0.68
235,,0.566,0.64,0.254,0.02,0.074,0.0,0.366,0.66
236,,0.546,0.62,0.234,0.0,0.054,-0.02,0.346,0.64
237,6,0.343,0.3,0.031,0.08,0.417,0.98,0.709,0.72
238,6,0.14,-0.02,-0.172,0.16,0.78,1.0,1.0,0.8
239,3,0.22,0.343,0.828,0.523,0.86,0.797,0.68,0.597
240,3,0.3,0.706,1.0,0.886,0.94,0.594,0.36,0.394
241,,0.28,0.686,0.98,0.866,0.92,0.574,0.34,0.374
242,,0.26,0.666,0.96,0.846,0.9,0.554,0.32,0.354
243,,0.24,0.646,0.94,0.826,0.88,0.534,0.3,0.334
244,,0.22,0.626,0.92,0.806,0.86,0.514,0.28,0.314
245,,0.2,0.606,0.9,0.786,0.84,0.494,0.26,0.294
246,,0.18,0.586,0.88,0.766,0.82,0.474,0.24,0.274
247,,0.16,0.566,0.86,0.746,0.8,0.454,0.22,0.254
248,,0.14,0.546,0.84,0.726,0.78,0.434,0.2,0.234
249,,0.12,0.526,0.82,0.706,0.76,0.414,0.18,0.214
250,,0.1,0.506,0.8,0.686,0.74,0.394,0.16,0.194
251,,0.08,0.486,0.78,0.666,0.72,0.374,0.14,0.174
252,,0.06,0.466,0.76,0.646,0.7,0.354,0.12,0.154
253,,0.04,0.446,0.74,0.626,0.68,0.334,0.1,0.134
254,,0.02,0.426,0.72,0.606,0.66,0.314,0.08,0.114
255,,0.0,0.406,0.7,0.586,0.64,0.294,0.06,0.094
256,,-0.02,0.386,0.68,0.566,0.62,0.274,0.04,0.074
257,1,0.98,0.749,0.76,0.363,0.3,0.071,0.12,0.437
258,1,1.0,1.0,0.84,0.16,-0.02,-0.132,0.2,0.8
259,6,0.797,0.68,0.637,0.24,0.343,0.868,0.563,0.88
260,6,0.594,0.36,0.434,0.32,0.706,1.0,0.926,0.96
261,,0.574,0.34,0.414,0.3,0.686,0.98,0.906,0.94
262,,0.554,0.32,0.394,0.28,0.666,0.96,0.886,0.92
263,,0.534,0.3,0.374,0.26,0.646,0.94,0.866,0.9
264,,0.514,0.28,0.354,0.24,0.626,0.92,0.846,0.88
265,,0.494,0.26,0.334,0.22,0.606,0.9,0.826,0.86
266,,0.474,0.24,0.314,0.2,0.586,0.88,0.806,0.84
267,,0.454,0.22,0.294,0.18,0.566,0.86,0.786,0.82
268,,0.434,0.2,0.274,0.16,0.546,0.84,0.766,0.8
269,,0.414,0.18,0.254,0.14,0.526,0.82,0.746,0.78
270,,0.394,0.16,0.234,0.12,0.506,0.8,0.726,0.76
271,,0.374,0.14,0.214,0.1,0.486,0.78,0.706,0.74
272,,0.354,0.12,0.194,0.08,0.466,0.76,0.686,0.72
273,,0.334,0.1,0.174,0.06,0.446,0.74,0.666,0.7
274,,0.314,0.08,0.154,0.04,0.426,0.72,0.646,0.68
275,,0.294,0.06,0.134,0.02,0.406,0.7,0.626,0.66
276,,0.274,0.04,0.114,0.0,0.386,0.68,0.606,0.64
277,,0.254,0.02,0.094,-0.02,0.366,0.66,0.586,0.62
278,4,0.051,0.1,0.457,0.98,0.729,0.74,0.383,0.3
279,4,-0.152,0.18,0.82,1.0,1.0,0.82,0.18,-0.02
280,1,0.848,0.543,0.9,0.797,0.68,0.617,0.26,0.343
281,1,1.0,0.906,0.98,0.594,0.36,0.414,0.34,0.706
282,,0.98,0.886,0.96,0.574,0.34,0.394,0.32,0.686
283,,0.96,0.866,0.94,0.554,0.32,0.374,0.3,0.666
284,,0.94,0.846,0.92,0.534,0.3,0.354,0.28,0.646
285,,0.92,0.826,0.9,0.514,0.28,0.334,0.26,0.626
286,,0.9,0.806,0.88,0.494,0.26,0.314,0.24,0.606
287,,0.88,0.786,0.86,0.474,0.24,0.294,0.22,0.586
288,,0.86,0.766,0.84,0.454,0.22,0.274,0.2,0.566
289,,0.84,0.746,0.82,0.434,0.2,0.254,0.18,0.546
290,,0.82,0.726,0.8,0.414,0.18,0.234,0.16,0.526
291,,0.8,0.706,0.78,0.394,0.16,0.214,0.14,0.506
292,,0.78,0.686,0.76,0.374,0.14,0.194,0.12,0.486
293,,0.76,0.666,0.74,0.354,0.12,0.174,0.1,0.466
294,,0.74,0.646,0.72,0.334,0.1,0.154,0.08,0.446
295,,0.72,0.626,0.7,0.314,0.08,0.134,0.06,0.426
296,,0.7,0.606,0.68,0.294,0.06,0.114,0.04,0.406
297,,0.68,0.586,0.66,0.274,0.04,0.094,0.02,0.386
298,,0.66,0.566,0.64,0.254,0.02,0.074,0.0,0.366
299,,0.64,0.546,0.62,0.234,0.0,0.054,-0.02,0.346
300,7,0.72,0.343,0.3,0.031,0.08,0.417,0.98,0.709
301,7,0.8,0.14,-0.02,-0.172,0.16,0.78,1.0,1.0
302,4,0.597,0.22,0.343,0.828,0.523,0.86,0.797,0.68
303,4,0.394,0.3,0.706,1.0,0.886,0.94,0.594,0.36
304,,0.374,0.28,0.686,0.98,0.866,0.92,0.574,0.34
305,,0.354,0.26,0.666,0.96,0.846,0.9,0.554,0.32
306,,0.334,0.24,0.646,0.94,0.826,0.88,0.534,0.3
307,,0.314,0.22,0.626,0.92,0.806,0.86,0.514,0.28
308,,0.294,0.2,0.606,0.9,0.786,0.84,0.494,0.26
309,,0.274,0.18,0.586,0.88,0.766,0.82,0.474,0.24
310,,0.254,0.16,0.566,0.86,0.746,0.8,0.454,0.22
311,,0.234,0.14,0.546,0.84,0.726,0.78,0.434,0.2
312,,0.214,0.12,0.526,0.82,0.706,0.76,0.414,0.18
313,,0.194,0.1,0.506,0.8,0.686,0.74,0.394,0.16
314,,0.174,0.08,0.486,0.78,0.666,0.72,0.374,0.14
315,,0.154,0.06,0.466,0.76,0.646,0.7,0.354,0.12
316,,0.134,0.04,0.446,0.74,0.626,0.68,0.334,0.1
317,,0.114,0.02,0.426,0.72,0.606,0.66,0.314,0.08
318,,0.094,0.0,0.406,0.7,0.586,0.64,0.294,0.06
319,,0.074,-0.02,0.386,0.68,0.566,0.62,0.274,0.04
320,2,0.437,0.98,0.749,0.76,0.363,0.3,0.071,0.12
321,2,0.8,1.0,1.0,0.84,0.16,-0.02,-0.132,0.2
322,7,0.88,0.797,0.68,0.637,0.24,0.343,0.868,0.563
323,7,0.96,0.594,0.36,0.434,0.32,0.706,1.0,0.926
324,,0.94,0.574,0.34,0.414,0.3,0.686,0.98,0.906
325,,0.92,0.554,0.32,0.394,0.28,0.666,0.96,0.886
326,,0.9,0.534,0.3,0.374,0.26,0.646,0.94,0.866
327,,0.88,0.514,0.28,0.354,0.24,0.626,0.92,0.846
328,,0.86,0.494,0.26,0.334,0.22,0.606,0.9,0.826
329,,0.84,0.474,0.24,0.314,0.2,0.586,0.88,0.806
330,,0.82,0.454,0.22,0.294,0.18,0.566,0.86,0.786
331,,0.8,0.434,0.2,0.274,0.16,0.546,0.84,0.766
332,,0.78,0.414,0.18,0.254,0.14,0.526,0.82,0.746
333,,0.76,0.394,0.16,0.234,0.12,0.506,0.8,0.726
334,,0.74,0.374,0.14,0.214,0.1,0.486,0.78,0.706
335,,0.72,0.354,0.12,0.194,0.08,0.466,0.76,0.686
336,,0.7,0.334,0.1,0.174,0.06,0.446,0.74,0.666
337,,0.68,0.314,0.08,0.154,0.04,0.426,0.72,0.646
338,,0.66,0.294,0.06,0.134,0.02,0.406,0.7,0.626
339,,0.64,0.274,0.04,0.114,0.0,0.386,0.68,0.606
340,,0.62,0.254,0.02,0.094,-0.02,0.366,0.66,0.586
341,5,0.3,0.051,0.1,0.457,0.98,0.729,0.74,0.383
342,5,-0.02,-0.152,0.18,0.82,1.0,1.0,0.82,0.18
343,2,0.343,0.848,0.543,0.9,0.797,0.68,0.617,0.26
344,2,0.706,1.0,0.906,0.98,0.594,0.36,0.414,0.34
345,,0.686,0.98,0.886,0.96,0.574,0.34,0.394,0.32
346,,0.666,0.96,0.866,0.94,0.554,0.32,0.374,0.3
347,,0.646,0.94,0.846,0.92,0.534,0.3,0.354,0.28
348,,0.626,0.92,0.826,0.9,0.514,0.28,0.334,0.26
349,,0.606,0.9,0.806,0.88,0.494,0.26,0.314,0.24
350,,0.586,0.88,0.786,0.86,0.474,0.24,0.294,0.22
351,,0.566,0.86,0.766,0.84,0.454,0.22,0.274,0.2
352,,0.546,0.84,0.746,0.82,0.434,0.2,0.254,0.18
353,,0.526,0.82,0.726,0.8,0.414,0.18,0.234,0.16
354,,0.506,0.8,0.706,0.78,0.394,0.16,0.214,0.14
355,,0.486,0.78,0.686,0.76,0.374,0.14,0.194,0.12
356,,0.466,0.76,0.666,0.74,0.354,0.12,0.174,0.1
357,,0.446,0.74,0.646,0.72,0.334,0.1,0.154,0.08
358,,0.426,0.72,0.626,0.7,0.314,0.08,0.134,0.06
359,,0.406,0.7,0.606,0.68,0.294,0.06,0.114,0.04
360,,0.386,0.68,0.586,0.66,0.274,0.04,0.094,0.02
361,,0.366,0.66,0.566,0.64,0.254,0.02,0.074,0.0
362,,0.346,0.64,0.546,0.62,0.234,0.0,0.054,-0.02
363,8,0.709,0.72,0.343,0.3,0.031,0.08,0.417,0.98
364,8,1.0,0.8,0.14,-0.02,-0.172,0.16,0.78,1.0
365,5,0.68,0.597,0.22,0.343,0.828,0.523,0.86,0.797
366,5,0.36,0.394,0.3,0.706,1.0,0.886,0.94,0.594
367,,0.34,0.374,0.28,0.686,0.98,0.866,0.92,0.574
368,,0.32,0.354,0.26,0.666,0.96,0.846,0.9,0.554
369,,0.3,0.334,0.24,0.646,0.94,0.826,0.88,0.534
370,,0.28,0.314,0.22,0.626,0.92,0.806,0.86,0.514
371,,0.26,0.294,0.2,0.606,0.9,0.786,0.84,0.494
372,,0.24,0.274,0.18,0.586,0.88,0.766,0.82,0.474
373,,0.22,0.254,0.16,0.566,0.86,0.746,0.8,0.454
374,,0.2,0.234,0.14,0.546,0.84,0.726,0.78,0.434
375,,0.18,0.214,0.12,0.526,0.82,0.706,0.76,0.414
376,,0.16,0.194,0.1,0.506,0.8,0.686,0.74,0.394
377,,0.14,0.174,0.08,0.486,0.78,0.666,0.72,0.374
378,,0.12,0.154,0.06,0.466,0.76,0.646,0.7,0.354
379,,0.1,0.134,0.04,0.446,0.74,0.626,0.68,0.334
380,,0.08,0.114,0.02,0.426,0.72,0.606,0.66,0.314
381,,0.06,0.094,0.0,0.406,0.7,0.586,0.64,0.294
382,,0.04,0.074,-0.02,0.386,0.68,0.566,0.62,0.274
383,3,0.12,0.437,0.98,0.749,0.76,0.363,0.3,0.071
384,3,0.2,0.8,1.0,1.0,0.84,0.16,-0.02,-0.132
385,8,0.563,0.88,0.797,0.68,0.637,0.24,0.343,0.868
386,8,0.926,0.96,0.594,0.36,0.434,0.32,0.706,1.0
387,,0.906,0.94,0.574,0.34,0.414,0.3,0.686,0.98
388,,0.886,0.92,0.554,0.32,0.394,0.28,0.666,0.96
389,,0.866,0.9,0.534,0.3,0.374,0.26,0.646,0.94
390,,0.846,0.88,0.514,0.28,0.354,0.24,0.626,0.92
391,,0.826,0.86,0.494,0.26,0.334,0.22,0.606,0.9
392,,0.806,0.84,0.474,0.24,0.314,0.2,0.586,0.88
393,,0.786,0.82,0.454,0.22,0.294,0.18,0.566,0.86
394,,0.766,0.8,0.434,0.2,0.274,0.16,0.546,0.84
395,,0.746,0.78,0.414,0.18,0.254,0.14,0.526,0.82
396,,0.726,0.76,0.394,0.16,0.234,0.12,0.506,0.8
397,,0.706,0.74,0.374,0.14,0.214,0.1,0.486,0.78
398,,0.686,0.72,0.354,0.12,0.194,0.08,0.466,0.76
399,,0.666,0.7,0.334,0.1,0.174,0.06,0.446,0.74
400,,0.646,0.68,0.314,0.08,0.154,0.04,0.426,0.72
401,,0.626,0.66,0.294,0.06,0.134,0.02,0.406,0.7
402,,0.606,0.64,0.274,0.04,0.114,0.0,0.386,0.68
403,,0.586,0.62,0.254,0.02,0.094,-0.02,0.366,0.66
404,6,0.383,0.3,0.051,0.1,0.457,0.98,0.729,0.74
405,6,0.18,-0.02,-0.152,0.18,0.82,1.0,1.0,0.82
406,3,0.26,0.343,0.848,0.543,0.9,0.797,0.68,0.617
407,3,0.34,0.706,1.0,0.906,0.98,0.594,0.36,0.414
408,,0.32,0.686,0.98,0.886,0.96,0.574,0.34,0.394
409,,0.3,0.666,0.96,0.866,0.94,0.554,0.32,0.374
410,,0.28,0.646,0.94,0.846,0.92,0.534,0.3,0.354
411,,0.26,0.626,0.92,0.826,0.9,0.514,0.28,0.334
412,,0.24,0.606,0.9,0.806,0.88,0.494,0.26,0.314
413,,0.22,0.586,0.88,0.786,0.86,0.474,0.24,0.294
414,,0.2,0.566,0.86,0.766,0.84,0.454,0.22,0.274
415,,0.18,0.546,0.84,0.746,0.82,0.434,0.2,0.254
416,,0.16,0.526,0.82,0.726,0.8,0.414,0.18,0.234
417,,0.14,0.506,0.8,0.706,0.78,0.394,0.16,0.214
418,,0.12,0.486,0.78,0.686,0.76,0.374,0.14,0.194
419,,0.1,0.466,0.76,0.666,0.74,0.354,0.12,0.174
420,,0.08,0.446,0.74,0.646,0.72,0.334,0.1,0.154
421,,0.06,0.426,0.72,0.626,0.7,0.314,0.08,0.134
422,,0.04,0.406,0.7,0.606,0.68,0.294,0.06,0.114
423,,0.02,0.386,0.68,0.586,0.66,0.274,0.04,0.094
424,,0.0,0.366,0.66,0.566,0.64,0.254,0.02,0.074
425,,-0.02,0.346,0.64,0.546,0.62,0.234,0.0,0.054
426,1,0.98,0.709,0.72,0.343,0.3,0.031,0.08,0.417
427,1,1.0,1.0,0.8,0.14,-0.02,-0.172,0.16,0.78
428,6,0.797,0.68,0.597,0.22,0.343,0.828,0.523,0.86
429,6,0.594,0.36,0.394,0.3,0.706,1.0,0.886,0.94
430,,0.574,0.34,0.374,0.28,0.686,0.98,0.866,0.92
431,,0.554,0.32,0.354,0.26,0.666,0.96,0.846,0.9
432,,0.534,0.3,0.334,0.24,0.646,0.94,0.826,0.88
433,,0.514,0.28,0.314,0.22,0.626,0.92,0.806,0.86
434,,0.494,0.26,0.294,0.2,0.606,0.9,0.786,0.84
435,,0.474,0.24,0.274,0.18,0.586,0.88,0.766,0.82
436,,0.454,0.22,0.254,0.16,0.566,0.86,0.746,0.8
437,,0.434,0.2,0.234,0.14,0.546,0.84,0.726,0.78
438,,0.414,0.18,0.214,0.12,0.526,0.82,0.706,0.76
439,,0.394,0.16,0.194,0.1,0.506,0.8,0.686,0.74
440,,0.374,0.14,0.174,0.08,0.486,0.78,0.666,0.72
441,,0.354,0.12,0.154,0.06,0.466,0.76,0.646,0.7
442,,0.334,0.1,0.134,0.04,0.446,0.74,0.626,0.68
443,,0.314,0.08,0.114,0.02,0.426,0.72,0.606,0.66
444,,0.294,0.06,0.094,0.0,0.406,0.7,0.586,0.64
445,,0.274,0.04,0.074,-0.02,0.386,0.68,0.566,0.62
446,4,0.071,0.12,0.437,0.98,0.749,0.76,0.363,0.3
447,4,-0.132,0.2,0.8,1.0,1.0,0.84,0.16,-0.02
448,1,0.868,0.563,0.88,0.797,0.68,0.637,0.24,0.343
449,1,1.0,0.926,0.96,0.594,0.36,0.434,0.32,0.706
450,,0.98,0.906,0.94,0.574,0.34,0.414,0.3,0.686
451,,0.96,0.886,0.92,0.554,0.32,0.394,0.28,0.666
452,,0.94,0.866,0.9,0.534,0.3,0.374,0.26,0.646
453,,0.92,0.846,0.88,0.514,0.28,0.354,0.24,0.626
454,,0.9,0.826,0.86,0.494,0.26,0.334,0.22,0.606
455,,0.88,0.806,0.84,0.474,0.24,0.314,0.2,0.586
456,,0.86,0.786,0.82,0.454,0.22,0.294,0.18,0.566
457,,0.84,0.766,0.8,0.434,0.2,0.274,0.16,0.546
458,,0.82,0.746,0.78,0.414,0.18,0.254,0.14,0.526
459,,0.8,0.726,0.76,0.394,0.16,0.234,0.12,0.506
460,,0.78,0.706,0.74,0.374,0.14,0.214,0.1,0.486
461,,0.76,0.686,0.72,0.354,0.12,0.194,0.08,0.466
462,,0.74,0.666,0.7,0.334,0.1,0.174,0.06,0.446
463,,0.72,0.646,0.68,0.314,0.08,0.154,0.04,0.426
464,,0.7,0.626,0.66,0.294,0.06,0.134,0.02,0.406
465,,0.68,0.606,0.64,0.274,0.04,0.114,0.0,0.386
466,,0.66,0.586,0.62,0.254,0.02,0.094,-0.02,0.366
467,7,0.74,0.383,0.3,0.051,0.1,0.457,0.98,0.729
468,7,0.82,0.18,-0.02,-0.152,0.18,0.82,1.0,1.0
469,4,0.617,0.26,0.343,0.848,0.543,0.9,0.797,0.68
470,4,0.414,0.34,0.706,1.0,0.906,0.98,0.594,0.36
471,,0.394,0.32,0.686,0.98,0.886,0.96,0.574,0.34
472,,0.374,0.3,0.666,0.96,0.866,0.94,0.554,0.32
473,,0.354,0.28,0.646,0.94,0.846,0.92,0.534,0.3
474,,0.334,0.26,0.626,0.92,0.826,0.9,0.514,0.28
475,,0.314,0.24,0.606,0.9,0.806,0.88,0.494,0.26
476,,0.294,0.22,0.586,0.88,0.786,0.86,0.474,0.24
477,,0.274,0.2,0.566,0.86,0.766,0.84,0.454,0.22
478,,0.254,0.18,0.546,0.84,0.746,0.82,0.434,0.2
479,,0.234,0.16,0.526,0.82,0.726,0.8,0.414,0.18
480,,0.214,0.14,0.506,0.8,0.706,0.78,0.394,0.16
481,,0.194,0.12,0.486,0.78,0.686,0.76,0.374,0.14
482,,0.174,0.1,0.466,0.76,0.666,0.74,0.354,0.12
483,,0.154,0.08,0.446,0.74,0.646,0.72,0.334,0.1
484,,0.134,0.06,0.426,0.72,0.626,0.7,0.314,0.08
485,,0.114,0.04,0.406,0.7,0.606,0.68,0.294,0.06
486,,0.094,0.02,0.386,0.68,0.586,0.66,0.274,0.04
487,,0.074,0.0,0.366,0.66,0.566,0.64,0.254,0.02
488,,0.054,-0.02,0.346,0.64,0.546,0.62,0.234,0.0
489,2,0.417,0.98,0.709,0.72,0.343,0.3,0.031,0.08
490,2,0.78,1.0,1.0,0.8,0.14,-0.02,-0.172,0.16
491,7,0.86,0.797,0.68,0.597,0.22,0.343,0.828,0.523
492,7,0.94,0.594,0.36,0.394,0.3,0.706,1.0,0.886
493,,0.92,0.574,0.34,0.374,0.28,0.686,0.98,0.866
494,,0.9,0.554,0.32,0.354,0.26,0.666,0.96,0.846
495,,0.88,0.534,0.3,0.334,0.24,0.646,0.94,0.826
496,,0.86,0.514,0.28,0.314,0.22,0.626,0.92,0.806
497,,0.84,0.494,0.26,0.294,0.2,0.606,0.9,0.786
498,,0.82,0.474,0.24,0.274,0.18,0.586,0.88,0.766
499,,0.8,0.454,0.22,0.254,0.16,0.566,0.86,0.746
500,,0.78,0.434,0.2,0.234,0.14,0.546,0.84,0.726
501,,0.76,0.414,0.18,0.214,0.12,0.526,0.82,0.706
502,,0.74,0.394,0.16,0.194,0.1,0.506,0.8,0.686
503,,0.72,0.374,0.14,0.174,0.08,0.486,0.78,0.666
504,,0.7,0.354,0.12,0.154,0.06,0.466,0.76,0.646
505,,0.68,0.334,0.1,0.134,0.04,0.446,0.74,0.626
506,,0.66,0.314,0.08,0.114,0.02,0.426,0.72,0.606
507,,0.64,0.294,0.06,0.094,0.0,0.406,0.7,0.586
508,,0.62,0.274,0.04,0.074,-0.02,0.386,0.68,0.566
509,5,0.3,0.071,0.12,0.437,0.98,0.749,0.76,0.363
510,5,-0.02,-0.132,0.2,0.8,1.0,1.0,0.84,0.16
511,2,0.343,0.868,0.563,0.88,0.797,0.68,0.637,0.24
512,2,0.706,1.0,0.926,0.96,0.594,0.36,0.434,0.32
513,,0.686,0.98,0.906,0.94,0.574,0.34,0.414,0.3
514,,0.666,0.96,0.886,0.92,0.554,0.32,0.394,0.28
515,,0.646,0.94,0.866,0.9,0.534,0.3,0.374,0.26
516,,0.626,0.92,0.846,0.88,0.514,0.28,0.354,0.24
517,,0.606,0.9,0.826,0.86,0.494,0.26,0.334,0.22
518,,0.586,0.88,0.806,0.84,0.474,0.24,0.314,0.2
519,,0.566,0.86,0.786,0.82,0.454,0.22,0.294,0.18
520,,0.546,0.84,0.766,0.8,0.434,0.2,0.274,0.16
521,,0.526,0.82,0.746,0.78,0.414,0.18,0.254,0.14
522,,0.506,0.8,0.726,0.76,0.394,0.16,0.234,0.12
523,,0.486,0.78,0.706,0.74,0.374,0.14,0.214,0.1
524,,0.466,0.76,0.686,0.72,0.354,0.12,0.194,0.08
525,,0.446,0.74,0.666,0.7,0.334,0.1,0.174,0.06
526,,0.426,0.72,0.646,0.68,0.314,0.08,0.154,0.04
527,,0.406,0.7,0.626,0.66,0.294,0.06,0.134,0.02
528,,0.386,0.68,0.606,0.64,0.274,0.04,0.114,0.0
529,,0.366,0.66,0.586,0.62,0.254,0.02,0.094,-0.02
530,8,0.729,0.74,0.383,0.3,0.051,0.1,0.457,0.98
531,8,1.0,0.82,0.18,-0.02,-0.152,0.18,0.82,1.0
532,5,0.68,0.617,0.26,0.343,0.848,0.543,0.9,0.797
533,5,0.36,0.414,0.34,0.706,1.0,0.906,0.98,0.594
534,,0.34,0.394,0.32,0.686,0.98,0.886,0.96,0.574
535,,0.32,0.374,0.3,0.666,0.96,0.866,0.94,0.554
536,,0.3,0.354,0.28,0.646,0.94,0.846,0.92,0.534
537,,0.28,0.334,0.26,0.626,0.92,0.826,0.9,0.514
538,,0.26,0.314,0.24,0.606,0.9,0.806,0.88,0.494
539,,0.24,0.294,0.22,0.586,0.88,0.786,0.86,0.474
540,,0.22,0.274,0.2,0.566,0.86,0.766,0.84,0.454
541,,0.2,0.254,0.18,0.546,0.84,0.746,0.82,0.434
542,,0.18,0.234,0.16,0.526,0.82,0.726,0.8,0.414
543,,0.16,0.214,0.14,0.506,0.8,0.706,0.78,0.394
544,,0.14,0.194,0.12,0.486,0.78,0.686,0.76,0.374
545,,0.12,0.174,0.1,0.466,0.76,0.666,0.74,0.354
546,,0.1,0.154,0.08,0.446,0.74,0.646,0.72,0.334
547,,0.08,0.134,0.06,0.426,0.72,0.626,0.7,0.314
548,,0.06,0.114,0.04,0.406,0.7,0.606,0.68,0.294
549,,0.04,0.094,0.02,0.386,0.68,0.586,0.66,0.274
550,,0.02,0.074,0.0,0.366,0.66,0.566,0.64,0.254
551,,0.0,0.054,-0.02,0.346,0.64,0.546,0.62,0.234
552,3,0.08,0.417,0.98,0.709,0.72,0.343,0.3,0.031
553,3,0.16,0.78,1.0,1.0,0.8,0.14,-0.02,-0.172
554,8,0.523,0.86,0.797,0.68,0.597,0.22,0.343,0.828
555,8,0.886,0.94,0.594,0.36,0.394,0.3,0.706,1.0
556,,0.866,0.92,0.574,0.34,0.374,0.28,0.686,0.98
557,,0.846,0.9,0.554,0.32,0.354,0.26,0.666,0.96
558,,0.826,0.88,0.534,0.3,0.334,0.24,0.646,0.94
559,,0.806,0.86,0.514,0.28,0.314,0.22,0.626,0.92
560,,0.786,0.84,0.494,0.26,0.294,0.2,0.606,0.9
561,,0.766,0.82,0.474,0.24,0.274,0.18,0.586,0.88
562,,0.746,0.8,0.454,0.22,0.254,0.16,0.566,0.86
563,,0.726,0.78,0.434,0.2,0.234,0.14,0.546,0.84
564,,0.706,0.76,0.414,0.18,0.214,0.12,0.526,0.82
565,,0.686,0.74,0.394,0.16,0.194,0.1,0.506,0.8
566,,0.666,0.72,0.374,0.14,0.174,0.08,0.486,0.78
567,,0.646,0.7,0.354,0.12,0.154,0.06,0.466,0.76
568,,0.626,0.68,0.334,0.1,0.134,0.04,0.446,0.74
569,,0.606,0.66,0.314,0.08,0.114,0.02,0.426,0.72
570,,0.586,0.64,0.294,0.06,0.094,0.0,0.406,0.7
571,,0.566,0.62,0.274,0.04,0.074,-0.02,0.386,0.68
572,6,0.363,0.3,0.071,0.12,0.437,0.98,0.749,0.76
573,6,0.16,-0.02,-0.132,0.2,0.8,1.0,1.0,0.84
574,3,0.24,0.343,0.868,0.563,0.88,0.797,0.68,0.637
575,3,0.32,0.706,1.0,0.926,0.96,0.594,0.36,0.434
576,,0.3,0.686,0.98,0.906,0.94,0.574,0.34,0.414
577,,0.28,0.666,0.96,0.886,0.92,0.554,0.32,0.394
578,,0.26,0.646,0.94,0.866,0.9,0.534,0.3,0.374
579,,0.24,0.626,0.92,0.846,0.88,0.514,0.28,0.354
580,,0.22,0.606,0.9,0.826,0.86,0.494,0.26,0.334
581,,0.2,0.586,0.88,0.806,0.84,0.474,0.24,0.314
582,,0.18,0.566,0.86,0.786,0.82,0.454,0.22,0.294
583,,0.16,0.546,0.84,0.766,0.8,0.434,0.2,0.274
584,,0.14,0.526,0.82,0.746,0.78,0.414,0.18,0.254
585,,0.12,0.506,0.8,0.726,0.76,0.394,0.16,0.234
586,,0.1,0.486,0.78,0.706,0.74,0.374,0.14,0.214
587,,0.08,0.466,0.76,0.686,0.72,0.354,0.12,0.194
588,,0.06,0.446,0.74,0.666,0.7,0.334,0.1,0.174
589,,0.04,0.426,0.72,0.646,0.68,0.314,0.08,0.154
590,,0.02,0.406,0.7,0.626,0.66,0.294,0.06,0.134
591,,0.0,0.386,0.68,0.606,0.64,0.274,0.04,0.114
592,,-0.02,0.366,0.66,0.586,0.62,0.254,0.02,0.094
593,1,0.98,0.729,0.74,0.383,0.3,0.051,0.1,0.457
594,1,1.0,1.0,0.82,0.18,-0.02,-0.152,0.18,0.82
595,6,0.797,0.68,0.617,0.26,0.343,0.848,0.543,0.9
596,6,0.594,0.36,0.414,0.34,0.706,1.0,0.906,0.98
597,,0.574,0.34,0.394,0.32,0.686,0.98,0.886,0.96
598,,0.554,0.32,0.374,0.3,0.666,0.96,0.866,0.94
599,,0.534,0.3,0.354,0.28,0.646,0.94,0.846,0.92
600,,0.514,0.28,0.334,0.26,0.626,0.92,0.826,0.9
601,,0.494,0.26,0.314,0.24,0.606,0.9,0.806,0.88
602,,0.474,0.24,0.294,0.22,0.586,0.88,0.786,0.86
603,,0.454,0.22,0.274,0.2,0.566,0.86,0.766,0.84
604,,0.434,0.2,0.254,0.18,0.546,0.84,0.746,0.82
605,,0.414,0.18,0.234,0.16,0.526,0.82,0.726,0.8
606,,0.394,0.16,0.214,0.14,0.506,0.8,0.706,0.78
607,,0.374,0.14,0.194,0.12,0.486,0.78,0.686,0.76
608,,0.354,0.12,0.174,0.1,0.466,0.76,0.666,0.74
609,,0.334,0.1,0.154,0.08,0.446,0.74,0.646,0.72
610,,0.314,0.08,0.134,0.06,0.426,0.72,0.626,0.7
611,,0.294,0.06,0.114,0.04,0.406,0.7,0.606,0.68
612,,0.274,0.04,0.094,0.02,0.386,0.68,0.586,0.66
613,,0.254,0.02,0.074,0.0,0.366,0.66,0.566,0.64
614,,0.234,0.0,0.054,-0.02,0.346,0.64,0.546,0.62
615,4,0.031,0.08,0.417,0.98,0.709,0.72,0.343,0.3
616,4,-0.172,0.16,0.78,1.0,1.0,0.8,0.14,-0.02
617,1,0.828,0.523,0.86,0.797,0.68,0.597,0.22,0.343
618,1,1.0,0.886,0.94,0.594,0.36,0.394,0.3,0.706
619,,0.98,0.866,0.92,0.574,0.34,0.374,0.28,0.686
620,,0.96,0.846,0.9,0.554,0.32,0.354,0.26,0.666
621,,0.94,0.826,0.88,0.534,0.3,0.334,0.24,0.646
622,,0.92,0.806,0.86,0.514,0.28,0.314,0.22,0.626
623,,0.9,0.786,0.84,0.494,0.26,0.294,0.2,0.606
624,,0.88,0.766,0.82,0.474,0.24,0.274,0.18,0.586
625,,0.86,0.746,0.8,0.454,0.22,0.254,0.16,0.566
626,,0.84,0.726,0.78,0.434,0.2,0.234,0.14,0.546
627,,0.82,0.706,0.76,0.414,0.18,0.214,0.12,0.526
628,,0.8,0.686,0.74,0.394,0.16,0.194,0.1,0.506
629,,0.78,0.666,0.72,0.374,0.14,0.174,0.08,0.486
630,,0.76,0.646,0.7,0.354,0.12,0.154,0.06,0.466
631,,0.74,0.626,0.68,0.334,0.1,0.134,0.04,0.446
632,,0.72,0.606,0.66,0.314,0.08,0.114,0.02,0.426
633,,0.7,0.586,0.64,0.294,0.06,0.094,0.0,0.406
634,,0.68,0.566,0.62,0.274,0.04,0.074,-0.02,0.386
635,7,0.76,0.363,0.3,0.071,0.12,0.437,0.98,0.749
636,7,0.84,0.16,-0.02,-0.132,0.2,0.8,1.0,1.0
637,4,0.637,0.24,0.343,0.868,0.563,0.88,0.797,0.68
638,4,0.434,0.32,0.706,1.0,0.926,0.96,0.594,0.36
639,,0.414,0.3,0.686,0.98,0.906,0.94,0.574,0.34
640,,0.394,0.28,0.666,0.96,0.886,0.92,0.554,0.32
641,,0.374,0.26,0.646,0.94,0.866,0.9,0.534,0.3
642,,0.354,0.24,0.626,0.92,0.846,0.88,0.514,0.28
643,,0.334,0.22,0.606,0.9,0.826,0.86,0.494,0.26
644,,0.314,0.2,0.586,0.88,0.806,0.84,0.474,0.24
645,,0.294,0.18,0.566,0.86,0.786,0.82,0.454,0.22
646,,0.274,0.16,0.546,0.84,0.766,0.8,0.434,0.2
647,,0.254,0.14,0.526,0.82,0.746,0.78,0.414,0.18
648,,0.234,0.12,0.506,0.8,0.726,0.76,0.394,0.16
649,,0.214,0.1,0.486,0.78,0.706,0.74,0.374,0.14
650,,0.194,0.08,0.466,0.76,0.686,0.72,0.354,0.12
651,,0.174,0.06,0.446,0.74,0.666,0.7,0.334,0.1
652,,0.154,0.04,0.426,0.72,0.646,0.68,0.314,0.08
653,,0.134,0.02,0.406,0.7,0.626,0.66,0.294,0.06
654,,0.114,0.0,0.386,0.68,0.606,0.64,0.274,0.04
655,,0.094,-0.02,0.366,0.66,0.586,0.62,0.254,0.02
656,2,0.457,0.98,0.729,0.74,0.383,0.3,0.051,0.1
657,2,0.82,1.0,1.0,0.82,0.18,-0.02,-0.152,0.18
658,7,0.9,0.797,0.68,0.617,0.26,0.343,0.848,0.543
659,7,0.98,0.594,0.36,0.414,0.34,0.706,1.0,0.906
660,,0.96,0.574,0.34,0.394,0.32,0.686,0.98,0.886
661,,0.94,0.554,0.32,0.374,0.3,0.666,0.96,0.866
662,,0.92,0.534,0.3,0.354,0.28,0.646,0.94,0.846
663,,0.9,0.514,0.28,0.334,0.26,0.626,0.92,0.826
664,,0.88,0.494,0.26,0.314,0.24,0.606,0.9,0.806
665,,0.86,0.474,0.24,0.294,0.22,0.586,0.88,0.786
666,,0.84,0.454,0.22,0.274,0.2,0.566,0.86,0.766
667,,0.82,0.434,0.2,0.254,0.18,0.546,0.84,0.746
668,,0.8,0.414,0.18,0.234,0.16,0.526,0.82,0.726
669,,0.78,0.394,0.16,0.214,0.14,0.506,0.8,0.706
670,,0.76,0.374,0.14,0.194,0.12,0.486,0.78,0.686
671,,0.74,0.354,0.12,0.174,0.1,0.466,0.76,0.666
672,,0.72,0.334,0.1,0.154,0.08,0.446,0.74,0.646
673,,0.7,0.314,0.08,0.134,0.06,0.426,0.72,0.626
674,,0.68,0.294,0.06,0.114,0.04,0.406,0.7,0.606
675,,0.66,0.274,0.04,0.094,0.02,0.386,0.68,0.586
676,,0.64,0.254,0.02,0.074,0.0,0.366,0.66,0.566
677,,0.62,0.234,0.0,0.054,-0.02,0.346,0.64,0.546
678,5,0.3,0.031,0.08,0.417,0.98,0.709,0.72,0.343
679,5,-0.02,-0.172,0.16,0.78,1.0,1.0,0.8,0.14
680,2,0.343,0.828,0.523,0.86,0.797,0.68,0.597,0.22
681,2,0.706,1.0,0.886,0.94,0.594,0.36,0.394,0.3
682,,0.686,0.98,0.866,0.92,0.574,0.34,0.374,0.28
683,,0.666,0.96,0.846,0.9,0.554,0.32,0.354,0.26
684,,0.646,0.94,0.826,0.88,0.534,0.3,0.334,0.24
685,,0.626,0.92,0.806,0.86,0.514,0.28,0.314,0.22
686,,0.606,0.9,0.786,0.84,0.494,0.26,0.294,0.2
687,,0.586,0.88,0.766,0.82,0.474,0.24,0.274,0.18
688,,0.566,0.86,0.746,0.8,0.454,0.22,0.254,0.16
689,,0.546,0.84,0.726,0.78,0.434,0.2,0.234,0.14
690,,0.526,0.82,0.706,0.76,0.414,0.18,0.214,0.12
691,,0.506,0.8,0.686,0.74,0.394,0.16,0.194,0.1
692,,0.486,0.78,0.666,0.72,0.374,0.14,0.174,0.08
693,,0.466,0.76,0.646,0.7,0.354,0.12,0.154,0.06
694,,0.446,0.74,0.626,0.68,0.334,0.1,0.134,0.04
695,,0.426,0.72,0.606,0.66,0.314,0.08,0.114,0.02
696,,0.406,0.7,0.586,0.64,0.294,0.06,0.094,0.0
697,,0.386,0.68,0.566,0.62,0.274,0.04,0.074,-0.02
698,8,0.749,0.76,0.363,0.3,0.071,0.12,0.437,0.98
699,8,1.0,0.84,0.16,-0.02,-0.132,0.2,0.8,1.0
700,5,0.68,0.637,0.24,0.343,0.868,0.563,0.88,0.797
701,5,0.36,0.434,0.32,0.706,1.0,0.926,0.96,0.594
702,,0.34,0.414,0.3,0.686,0.98,0.906,0.94,0.574
703,,0.32,0.394,0.28,0.666,0.96,0.886,0.92,0.554
704,,0.3,0.374,0.26,0.646,0.94,0.866,0.9,0.534
705,,0.28,0.354,0.24,0.626,0.92,0.846,0.88,0.514
706,,0.26,0.334,0.22,0.606,0.9,0.826,0.86,0.494
707,,0.24,0.314,0.2,0.586,0.88,0.806,0.84,0.474
708,,0.22,0.294,0.18,0.566,0.86,0.786,0.82,0.454
709,,0.2,0.274,0.16,0.546,0.84,0.766,0.8,0.434
710,,0.18,0.254,0.14,0.526,0.82,0.746,0.78,0.414
711,,0.16,0.234,0.12,0.506,0.8,0.726,0.76,0.394
712,,0.14,0.214,0.1,0.486,0.78,0.706,0.74,0.374
713,,0.12,0.194,0.08,0.466,0.76,0.686,0.72,0.354
714,,0.1,0.174,0.06,0.446,0.74,0.666,0.7,0.334
715,,0.08,0.154,0.04,0.426,0.72,0.646,0.68,0.314
716,,0.06,0.134,0.02,0.406,0.7,0.626,0.66,0.294
717,,0.04,0.114,0.0,0.386,0.68,0.606,0.64,0.274
718,,0.02,0.094,-0.02,0.366,0.66,0.586,0.62,0.254
719,3,0.1,0.457,0.98,0.729,0.74,0.383,0.3,0.051
720,3,0.18,0.82,1.0,1.0,0.82,0.18,-0.02,-0.152
721,8,0.543,0.9,0.797,0.68,0.617,0.26,0.343,0.848
722,8,0.906,0.98,0.594,0.36,0.414,0.34,0.706,1.0
723,,0.886,0.96,0.574,0.34,0.394,0.32,0.686,0.98
724,,0.866,0.94,0.554,0.32,0.374,0.3,0.666,0.96
725,,0.846,0.92,0.534,0.3,0.354,0.28,0.646,0.94
726,,0.826,0.9,0.514,0.28,0.334,0.26,0.626,0.92
727,,0.806,0.88,0.494,0.26,0.314,0.24,0.606,0.9
728,,0.786,0.86,0.474,0.24,0.294,0.22,0.586,0.88
729,,0.766,0.84,0.454,0.22,0.274,0.2,0.566,0.86
730,,0.746,0.82,0.434,0.2,0.254,0.18,0.546,0.84
731,,0.726,0.8,0.414,0.18,0.234,0.16,0.526,0.82
732,,0.706,0.78,0.394,0.16,0.214,0.14,0.506,0.8
733,,0.686,0.76,0.374,0.14,0.194,0.12,0.486,0.78
734,,0.666,0.74,0.354,0.12,0.174,0.1,0.466,0.76
735,,0.646,0.72,0.334,0.1,0.154,0.08,0.446,0.74
736,,0.626,0.7,0.314,0.08,0.134,0.06,0.426,0.72
737,,0.606,0.68,0.294,0.06,0.114,0.04,0.406,0.7
738,,0.586,0.66,0.274,0.04,0.094,0.02,0.386,0.68
739,,0.566,0.64,0.254,0.02,0.074,0.0,0.366,0.66
740,,0.546,0.62,0.234,0.0,0.054,-0.02,0.346,0.64
741,6,0.343,0.3,0.031,0.08,0.417,0.98,0.709,0.72
742,6,0.14,-0.02,-0.172,0.16,0.78,1.0,1.0,0.8
743,3,0.22,0.343,0.828,0.523,0.86,0.797,0.68,0.597
744,3,0.3,0.706,1.0,0.886,0.94,0.594,0.36,0.394
745,,0.28,0.686,0.98,0.866,0.92,0.574,0.34,0.374
746,,0.26,0.666,0.96,0.846,0.9,0.554,0.32,0.354
747,,0.24,0.646,0.94,0.826,0.88,0.534,0.3,0.334
748,,0.22,0.626,0.92,0.806,0.86,0.514,0.28,0.314
749,,0.2,0.606,0.9,0.786,0.84,0.494,0.26,0.294
750,,0.18,0.586,0.88,0.766,0.82,0.474,0.24,0.274
751,,0.16,0.566,0.86,0.746,0.8,0.454,0.22,0.254
752,,0.14,0.546,0.84,0.726,0.78,0.434,0.2,0.234
753,,0.12,0.526,0.82,0.706,0.76,0.414,0.18,0.214
754,,0.1,0.506,0.8,0.686,0.74,0.394,0.16,0.194
755,,0.08,0.486,0.78,0.666,0.72,0.374,0.14,0.174
756,,0.06,0.466,0.76,0.646,0.7,0.354,0.12,0.154
757,,0.04,0.446,0.74,0.626,0.68,0.334,0.1,0.134
758,,0.02,0.426,0.72,0.606,0.66,0.314,0.08,0.114
759,,0.0,0.406,0.7,0.586,0.64,0.294,0.06,0.094
760,,-0.02,0.386,0.68,0.566,0.62,0.274,0.04,0.074
761,1,0.98,0.749,0.76,0.363,0.3,0.071,0.12,0.437
762,1,1.0,1.0,0.84,0.16,-0.02,-0.132,0.2,0.8
763,6,0.797,0.68,0.637,0.24,0.343,0.868,0.563,0.88
764,6,0.594,0.36,0.434,0.32,0.706,1.0,0.926,0.96
765,,0.574,0.34,0.414,0.3,0.686,0.98,0.906,0.94
766,,0.554,0.32,0.394,0.28,0.666,0.96,0.886,0.92
767,,0.534,0.3,0.374,0.26,0.646,0.94,0.866,0.9
768,,0.514,0.28,0.354,0.24,0.626,0.92,0.846,0.88
769,,0.494,0.26,0.334,0.22,0.606,0.9,0.826,0.86
770,,0.474,0.24,0.314,0.2,0.586,0.88,0.806,0.84
771,,0.454,0.22,0.294,0.18,0.566,0.86,0.786,0.82
772,,0.434,0.2,0.274,0.16,0.546,0.84,0.766,0.8
773,,0.414,0.18,0.254,0.14,0.526,0.82,0.746,0.78
774,,0.394,0.16,0.234,0.12,0.506,0.8,0.726,0.76
775,,0.374,0.14,0.214,0.1,0.486,0.78,0.706,0.74
776,,0.354,0.12,0.194,0.08,0.466,0.76,0.686,0.72
777,,0.334,0.1,0.174,0.06,0.446,0.74,0.666,0.7
778,,0.314,0.08,0.154,0.04,0.426,0.72,0.646,0.68
779,,0.294,0.06,0.134,0.02,0.406,0.7,0.626,0.66
780,,0.274,0.04,0.114,0.0,0.386,0.68,0.606,0.64
781,,0.254,0.02,0.094,-0.02,0.366,0.66,0.586,0.62
782,4,0.051,0.1,0.457,0.98,0.729,0.74,0.383,0.3
783,4,-0.152,0.18,0.82,1.0,1.0,0.82,0.18,-0.02
784,1,0.848,0.543,0.9,0.797,0.68,0.617,0.26,0.343
785,1,1.0,0.906,0.98,0.594,0.36,0.414,0.34,0.706
786,,0.98,0.886,0.96,0.574,0.34,0.394,0.32,0.686
787,,0.96,0.866,0.94,0.554,0.32,0.374,0.3,0.666
788,,0.94,0.846,0.92,0.534,0.3,0.354,0.28,0.646
789,,0.92,0.826,0.9,0.514,0.28,0.334,0.26,0.626
790,,0.9,0.806,0.88,0.494,0.26,0.314,0.24,0.606
791,,0.88,0.786,0.86,0.474,0.24,0.294,0.22,0.586
792,,0.86,0.766,0.84,0.454,0.22,0.274,0.2,0.566
793,,0.84,0.746,0.82,0.434,0.2,0.254,0.18,0.546
794,,0.82,0.726,0.8,0.414,0.18,0.234,0.16,0.526
795,,0.8,0.706,0.78,0.394,0.16,0.214,0.14,0.506
796,,0.78,0.686,0.76,0.374,0.14,0.194,0.12,0.486
797,,0.76,0.666,0.74,0.354,0.12,0.174,0.1,0.466
798,,0.74,0.646,0.72,0.334,0.1,0.154,0.08,0.446
799,,0.72,0.626,0.7,0.314,0.08,0.134,0.06,0.426
800,,0.7,0.606,0.68,0.294,0.06,0.114,0.04,0.406
801,,0.68,0.586,0.66,0.274,0.04,0.094,0.02,0.386
802,,0.66,0.566,0.64,0.254,0.02,0.074,0.0,0.366
803,,0.64,0.546,0.62,0.234,0.0,0.054,-0.02,0.346
804,7,0.72,0.343,0.3,0.031,0.08,0.417,0.98,0.709
805,7,0.8,0.14,-0.02,-0.172,0.16,0.78,1.0,1.0
806,4,0.597,0.22,0.343,0.828,0.523,0.86,0.797,0.68
807,4,0.394,0.3,0.706,1.0,0.886,0.94,0.594,0.36
808,,0.374,0.28,0.686,0.98,0.866,0.92,0.574,0.34
809,,0.354,0.26,0.666,0.96,0.846,0.9,0.554,0.32
810,,0.334,0.24,0.646,0.94,0.826,0.88,0.534,0.3
811,,0.314,0.22,0.626,0.92,0.806,0.86,0.514,0.28
812,,0.294,0.2,0.606,0.9,0.786,0.84,0.494,0.26
813,,0.274,0.18,0.586,0.88,0.766,0.82,0.474,0.24
814,,0.254,0.16,0.566,0.86,0.746,0.8,0.454,0.22
815,,0.234,0.14,0.546,0.84,0.726,0.78,0.434,0.2
816,,0.214,0.12,0.526,0.82,0.706,0.76,0.414,0.18
817,,0.194,0.1,0.506,0.8,0.686,0.74,0.394,0.16
818,,0.174,0.08,0.486,0.78,0.666,0.72,0.374,0.14
819,,0.154,0.06,0.466,0.76,0.646,0.7,0.354,0.12
820,,0.134,0.04,0.446,0.74,0.626,0.68,0.334,0.1
