step,active_motive,motive_1,motive_2,motive_3,motive_4,motive_5,motive_6,motive_7,motive_8
0,,0.29445,0.3851,0.85114,0.31692,0.16949,0.5568,0.93615,0.69603
1,,0.27445,0.3651,0.83114,0.29692,0.14949,0.5368,0.91615,0.67603
2,,0.25445,0.3451,0.81114,0.27692,0.12949,0.5168,0.89615,0.65603
3,,0.23445,0.3251,0.79114,0.25692,0.10949,0.4968,0.87615,0.63603
4,,0.21445,0.3051,0.77114,0.23692,0.08949,0.4768,0.85615,0.61603
5,,0.19445,0.2851,0.75114,0.21692,0.06949,0.4568,0.83615,0.59603
6,,0.17445,0.2651,0.73114,0.19692,0.04949,0.4368,0.81615,0.57603
7,,0.15445,0.2451,0.71114,0.17692,0.02949,0.4168,0.79615,0.55603
8,,0.13445,0.2251,0.69114,0.15692,0.00949,0.3968,0.77615,0.53603
9,,0.11445,0.2051,0.67114,0.13692,-0.01051,0.3768,0.75615,0.51603
10,5,-0.20555,0.0021,0.75114,0.49992,0.98949,0.7398,0.83615,0.31303
11,5,-0.52555,-0.2009,0.83114,0.86292,1.0,1.0,0.91615,0.11003
12,1,0.47445,0.1621,0.91114,0.65992,0.68,0.797,0.99615,0.47303
13,1,1.0,0.5251,0.99114,0.45692,0.36,0.594,1.0,0.83603
14,,0.98,0.5051,0.97114,0.43692,0.34,0.574,0.98,0.81603
15,,0.96,0.4851,0.95114,0.41692,0.32,0.554,0.96,0.79603
16,,0.94,0.4651,0.93114,0.39692,0.3,0.534,0.94,0.77603
17,,0.92,0.4451,0.91114,0.37692,0.28,0.514,0.92,0.75603
18,,0.9,0.4251,0.89114,0.35692,0.26,0.494,0.9,0.73603
19,,0.88,0.4051,0.87114,0.33692,0.24,0.474,0.88,0.71603
20,,0.86,0.3851,0.85114,0.31692,0.22,0.454,0.86,0.69603
21,,0.84,0.3651,0.83114,0.29692,0.2,0.434,0.84,0.67603
22,,0.82,0.3451,0.81114,0.27692,0.18,0.414,0.82,0.65603
23,,0.8,0.3251,0.79114,0.25692,0.16,0.394,0.8,0.63603
24,,0.78,0.3051,0.77114,0.23692,0.14,0.374,0.78,0.61603
25,,0.76,0.2851,0.75114,0.21692,0.12,0.354,0.76,0.59603
26,,0.74,0.2651,0.73114,0.19692,0.1,0.334,0.74,0.57603
27,,0.72,0.2451,0.71114,0.17692,0.08,0.314,0.72,0.55603
28,,0.7,0.2251,0.69114,0.15692,0.06,0.294,0.7,0.53603
29,,0.68,0.2051,0.67114,0.13692,0.04,0.274,0.68,0.51603
30,,0.66,0.1851,0.65114,0.11692,0.02,0.254,0.66,0.49603
31,,0.64,0.1651,0.63114,0.09692,0.0,0.234,0.64,0.47603
32,,0.62,0.1451,0.61114,0.07692,-0.02,0.214,0.62,0.45603
33,5,0.3,-0.0579,0.69114,0.43992,0.98,0.577,0.7,0.25303
34,5,-0.02,-0.2609,0.77114,0.80292,1.0,0.94,0.78,0.05003
35,2,0.343,0.7391,1.0,0.88292,0.797,0.62,0.577,0.13003
36,2,0.706,1.0,1.0,0.96292,0.594,0.3,0.374,0.21003
37,,0.686,0.98,0.98,0.94292,0.574,0.28,0.354,0.19003
38,,0.666,0.96,0.96,0.92292,0.554,0.26,0.334,0.17003
39,,0.646,0.94,0.94,0.90292,0.534,0.24,0.314,0.15003
40,,0.626,0.92,0.92,0.88292,0.514,0.22,0.294,0.13003
41,,0.606,0.9,0.9,0.86292,0.494,0.2,0.274,0.11003
42,,0.586,0.88,0.88,0.84292,0.474,0.18,0.254,0.09003
43,,0.566,0.86,0.86,0.82292,0.454,0.16,0.234,0.07003
44,,0.546,0.84,0.84,0.80292,0.434,0.14,0.214,0.05003
45,,0.526,0.82,0.82,0.78292,0.414,0.12,0.194,0.03003
46,,0.506,0.8,0.8,0.76292,0.394,0.1,0.174,0.01003
47,,0.486,0.78,0.78,0.74292,0.374,0.08,0.154,-0.00997
48,8,0.849,0.86,0.577,0.42292,0.171,0.16,0.517,0.99003
49,8,1.0,0.94,0.374,0.10292,-0.032,0.24,0.88,1.0
50,5,0.68,0.737,0.454,0.46592,0.968,0.603,0.96,0.797
51,5,0.36,0.534,0.534,0.82892,1.0,0.966,1.0,0.594
52,,0.34,0.514,0.514,0.80892,0.98,0.946,0.98,0.574
53,,0.32,0.494,0.494,0.78892,0.96,0.926,0.96,0.554
54,,0.3,0.474,0.474,0.76892,0.94,0.906,0.94,0.534
55,,0.28,0.454,0.454,0.74892,0.92,0.886,0.92,0.514
56,,0.26,0.434,0.434,0.72892,0.9,0.866,0.9,0.494
57,,0.24,0.414,0.414,0.70892,0.88,0.846,0.88,0.474
58,,0.22,0.394,0.394,0.68892,0.86,0.826,0.86,0.454
59,,0.2,0.374,0.374,0.66892,0.84,0.806,0.84,0.434
60,,0.18,0.354,0.354,0.64892,0.82,0.786,0.82,0.414
61,,0.16,0.334,0.334,0.62892,0.8,0.766,0.8,0.394
62,,0.14,0.314,0.314,0.60892,0.78,0.746,0.78,0.374
63,,0.12,0.294,0.294,0.58892,0.76,0.726,0.76,0.354
64,,0.1,0.274,0.274,0.56892,0.74,0.706,0.74,0.334
65,,0.08,0.254,0.254,0.54892,0.72,0.686,0.72,0.314
66,,0.06,0.234,0.234,0.52892,0.7,0.666,0.7,0.294
67,,0.04,0.214,0.214,0.50892,0.68,0.646,0.68,0.274
68,,0.02,0.194,0.194,0.48892,0.66,0.626,0.66,0.254
69,,0.0,0.174,0.174,0.46892,0.64,0.606,0.64,0.234
70,,-0.02,0.154,0.154,0.44892,0.62,0.586,0.62,0.214
71,1,0.98,0.517,0.234,0.24592,0.3,0.383,0.7,0.577
72,1,1.0,0.88,0.314,0.04292,-0.02,0.18,0.78,0.94
73,5,0.68,0.677,0.394,0.40592,0.98,0.543,0.86,0.737
74,5,0.36,0.474,0.474,0.76892,1.0,0.906,0.94,0.534
75,,0.34,0.454,0.454,0.74892,0.98,0.886,0.92,0.514
76,,0.32,0.434,0.434,0.72892,0.96,0.866,0.9,0.494
77,,0.3,0.414,0.414,0.70892,0.94,0.846,0.88,0.474
78,,0.28,0.394,0.394,0.68892,0.92,0.826,0.86,0.454
79,,0.26,0.374,0.374,0.66892,0.9,0.806,0.84,0.434
80,,0.24,0.354,0.354,0.64892,0.88,0.786,0.82,0.414
81,,0.22,0.334,0.334,0.62892,0.86,0.766,0.8,0.394
82,,0.2,0.314,0.314,0.60892,0.84,0.746,0.78,0.374
83,,0.18,0.294,0.294,0.58892,0.82,0.726,0.76,0.354
84,,0.16,0.274,0.274,0.56892,0.8,0.706,0.74,0.334
85,,0.14,0.254,0.254,0.54892,0.78,0.686,0.72,0.314
86,,0.12,0.234,0.234,0.52892,0.76,0.666,0.7,0.294
87,,0.1,0.214,0.214,0.50892,0.74,0.646,0.68,0.274
88,,0.08,0.194,0.194,0.48892,0.72,0.626,0.66,0.254
89,,0.06,0.174,0.174,0.46892,0.7,0.606,0.64,0.234
90,,0.04,0.154,0.154,0.44892,0.68,0.586,0.62,0.214
91,,0.02,0.134,0.134,0.42892,0.66,0.566,0.6,0.194
92,,0.0,0.114,0.114,0.40892,0.64,0.546,0.58,0.174
93,,-0.02,0.094,0.094,0.38892,0.62,0.526,0.56,0.154
94,1,0.98,0.457,0.174,0.18592,0.3,0.323,0.64,0.517
95,1,1.0,0.82,0.254,-0.01708,-0.02,0.12,0.72,0.88
96,5,0.68,0.617,0.334,0.34592,0.98,0.483,0.8,0.677
97,5,0.36,0.414,0.414,0.70892,1.0,0.846,0.88,0.474
98,,0.34,0.394,0.394,0.68892,0.98,0.826,0.86,0.454
99,,0.32,0.374,0.374,0.66892,0.96,0.806,0.84,0.434
100,,0.3,0.354,0.354,0.64892,0.94,0.786,0.82,0.414
101,,0.28,0.334,0.334,0.62892,0.92,0.766,0.8,0.394
102,,0.26,0.314,0.314,0.60892,0.9,0.746,0.78,0.374
103,,0.24,0.294,0.294,0.58892,0.88,0.726,0.76,0.354
104,,0.22,0.274,0.274,0.56892,0.86,0.706,0.74,0.334
105,,0.2,0.254,0.254,0.54892,0.84,0.686,0.72,0.314
106,,0.18,0.234,0.234,0.52892,0.82,0.666,0.7,0.294
107,,0.16,0.214,0.214,0.50892,0.8,0.646,0.68,0.274
108,,0.14,0.194,0.194,0.48892,0.78,0.626,0.66,0.254
109,,0.12,0.174,0.174,0.46892,0.76,0.606,0.64,0.234
110,,0.1,0.154,0.154,0.44892,0.74,0.586,0.62,0.214
111,,0.08,0.134,0.134,0.42892,0.72,0.566,0.6,0.194
112,,0.06,0.114,0.114,0.40892,0.7,0.546,0.58,0.174
113,,0.04,0.094,0.094,0.38892,0.68,0.526,0.56,0.154
114,,0.02,0.074,0.074,0.36892,0.66,0.506,0.54,0.134
115,,0.0,0.054,0.054,0.34892,0.64,0.486,0.52,0.114
116,,-0.02,0.034,0.034,0.32892,0.62,0.466,0.5,0.094
117,1,0.98,0.397,0.114,0.12592,0.3,0.263,0.58,0.457
118,1,1.0,0.76,0.194,-0.07708,-0.02,0.06,0.66,0.82
119,4,0.797,0.84,0.557,0.92292,0.343,0.14,0.457,0.5
120,4,0.594,0.92,0.92,1.0,0.706,0.22,0.254,0.18
121,,0.574,0.9,0.9,0.98,0.686,0.2,0.234,0.16
122,,0.554,0.88,0.88,0.96,0.666,0.18,0.214,0.14
123,,0.534,0.86,0.86,0.94,0.646,0.16,0.194,0.12
124,,0.514,0.84,0.84,0.92,0.626,0.14,0.174,0.1
125,,0.494,0.82,0.82,0.9,0.606,0.12,0.154,0.08
126,,0.474,0.8,0.8,0.88,0.586,0.1,0.134,0.06
127,,0.454,0.78,0.78,0.86,0.566,0.08,0.114,0.04
128,,0.434,0.76,0.76,0.84,0.546,0.06,0.094,0.02
129,,0.414,0.74,0.74,0.82,0.526,0.04,0.074,0.0
130,,0.394,0.72,0.72,0.8,0.506,0.02,0.054,-0.02
131,8,0.757,0.8,0.517,0.48,0.303,0.1,0.417,0.98
132,8,1.0,0.88,0.314,0.16,0.1,0.18,0.78,1.0
133,,0.98,0.86,0.294,0.14,0.08,0.16,0.76,0.98
134,,0.96,0.84,0.274,0.12,0.06,0.14,0.74,0.96
135,,0.94,0.82,0.254,0.1,0.04,0.12,0.72,0.94
136,,0.92,0.8,0.234,0.08,0.02,0.1,0.7,0.92
137,,0.9,0.78,0.214,0.06,0.0,0.08,0.68,0.9
138,,0.88,0.76,0.194,0.04,-0.02,0.06,0.66,0.88
139,5,0.56,0.557,0.274,0.403,0.98,0.423,0.74,0.677
140,5,0.24,0.354,0.354,0.766,1.0,0.786,0.82,0.474
141,,0.22,0.334,0.334,0.746,0.98,0.766,0.8,0.454
142,,0.2,0.314,0.314,0.726,0.96,0.746,0.78,0.434
143,,0.18,0.294,0.294,0.706,0.94,0.726,0.76,0.414
144,,0.16,0.274,0.274,0.686,0.92,0.706,0.74,0.394
145,,0.14,0.254,0.254,0.666,0.9,0.686,0.72,0.374
146,,0.12,0.234,0.234,0.646,0.88,0.666,0.7,0.354
147,,0.1,0.214,0.214,0.626,0.86,0.646,0.68,0.334
148,,0.08,0.194,0.194,0.606,0.84,0.626,0.66,0.314
149,,0.06,0.174,0.174,0.586,0.82,0.606,0.64,0.294
150,,0.04,0.154,0.154,0.566,0.8,0.586,0.62,0.274
151,,0.02,0.134,0.134,0.546,0.78,0.566,0.6,0.254
152,,0.0,0.114,0.114,0.526,0.76,0.546,0.58,0.234
153,,-0.02,0.094,0.094,0.506,0.74,0.526,0.56,0.214
154,1,0.98,0.457,0.174,0.303,0.42,0.323,0.64,0.577
155,1,1.0,0.82,0.254,0.1,0.1,0.12,0.72,0.94
156,,0.98,0.8,0.234,0.08,0.08,0.1,0.7,0.92
157,,0.96,0.78,0.214,0.06,0.06,0.08,0.68,0.9
158,,0.94,0.76,0.194,0.04,0.04,0.06,0.66,0.88
159,,0.92,0.74,0.174,0.02,0.02,0.04,0.64,0.86
160,,0.9,0.72,0.154,0.0,0.0,0.02,0.62,0.84
161,,0.88,0.7,0.134,-0.02,-0.02,0.0,0.6,0.82
162,5,0.56,0.497,0.214,0.343,0.98,0.363,0.68,0.617
163,5,0.24,0.294,0.294,0.706,1.0,0.726,0.76,0.414
164,,0.22,0.274,0.274,0.686,0.98,0.706,0.74,0.394
165,,0.2,0.254,0.254,0.666,0.96,0.686,0.72,0.374
166,,0.18,0.234,0.234,0.646,0.94,0.666,0.7,0.354
167,,0.16,0.214,0.214,0.626,0.92,0.646,0.68,0.334
168,,0.14,0.194,0.194,0.606,0.9,0.626,0.66,0.314
169,,0.12,0.174,0.174,0.586,0.88,0.606,0.64,0.294
170,,0.1,0.154,0.154,0.566,0.86,0.586,0.62,0.274
171,,0.08,0.134,0.134,0.546,0.84,0.566,0.6,0.254
172,,0.06,0.114,0.114,0.526,0.82,0.546,0.58,0.234
173,,0.04,0.094,0.094,0.506,0.8,0.526,0.56,0.214
174,,0.02,0.074,0.074,0.486,0.78,0.506,0.54,0.194
175,,0.0,0.054,0.054,0.466,0.76,0.486,0.52,0.174
176,,-0.02,0.034,0.034,0.446,0.74,0.466,0.5,0.154
177,1,0.98,0.397,0.114,0.243,0.42,0.263,0.58,0.517
178,1,1.0,0.76,0.194,0.04,0.1,0.06,0.66,0.88
179,,0.98,0.74,0.174,0.02,0.08,0.04,0.64,0.86
180,,0.96,0.72,0.154,0.0,0.06,0.02,0.62,0.84
181,,0.94,0.7,0.134,-0.02,0.04,0.0,0.6,0.82
182,4,0.737,0.78,0.497,0.98,0.403,0.08,0.397,0.5
183,4,0.534,0.86,0.86,1.0,0.766,0.16,0.194,0.18
184,,0.514,0.84,0.84,0.98,0.746,0.14,0.174,0.16
185,,0.494,0.82,0.82,0.96,0.726,0.12,0.154,0.14
186,,0.474,0.8,0.8,0.94,0.706,0.1,0.134,0.12
187,,0.454,0.78,0.78,0.92,0.686,0.08,0.114,0.1
188,,0.434,0.76,0.76,0.9,0.666,0.06,0.094,0.08
189,,0.414,0.74,0.74,0.88,0.646,0.04,0.074,0.06
190,,0.394,0.72,0.72,0.86,0.626,0.02,0.054,0.04
191,,0.374,0.7,0.7,0.84,0.606,0.0,0.034,0.02
192,,0.354,0.68,0.68,0.82,0.586,-0.02,0.014,0.0
193,6,0.151,0.36,0.477,0.9,0.949,0.98,0.377,0.08
194,6,-0.052,0.04,0.274,0.98,1.0,1.0,0.74,0.16
195,1,0.948,0.403,0.354,0.777,0.68,0.797,0.82,0.523
196,1,1.0,0.766,0.434,0.574,0.36,0.594,0.9,0.886
197,,0.98,0.746,0.414,0.554,0.34,0.574,0.88,0.866
198,,0.96,0.726,0.394,0.534,0.32,0.554,0.86,0.846
199,,0.94,0.706,0.374,0.514,0.3,0.534,0.84,0.826
200,,0.92,0.686,0.354,0.494,0.28,0.514,0.82,0.806
201,,0.9,0.666,0.334,0.474,0.26,0.494,0.8,0.786
202,,0.88,0.646,0.314,0.454,0.24,0.474,0.78,0.766
203,,0.86,0.626,0.294,0.434,0.22,0.454,0.76,0.746
204,,0.84,0.606,0.274,0.414,0.2,0.434,0.74,0.726
205,,0.82,0.586,0.254,0.394,0.18,0.414,0.72,0.706
206,,0.8,0.566,0.234,0.374,0.16,0.394,0.7,0.686
207,,0.78,0.546,0.214,0.354,0.14,0.374,0.68,0.666
208,,0.76,0.526,0.194,0.334,0.12,0.354,0.66,0.646
209,,0.74,0.506,0.174,0.314,0.1,0.334,0.64,0.626
210,,0.72,0.486,0.154,0.294,0.08,0.314,0.62,0.606
211,,0.7,0.466,0.134,0.274,0.06,0.294,0.6,0.586
212,,0.68,0.446,0.114,0.254,0.04,0.274,0.58,0.566
213,,0.66,0.426,0.094,0.234,0.02,0.254,0.56,0.546
214,,0.64,0.406,0.074,0.214,0.0,0.234,0.54,0.526
215,,0.62,0.386,0.054,0.194,-0.02,0.214,0.52,0.506
216,5,0.3,0.183,0.134,0.557,0.98,0.577,0.6,0.303
217,5,-0.02,-0.02,0.214,0.92,1.0,0.94,0.68,0.1
218,2,0.343,0.98,0.577,1.0,0.797,0.62,0.477,0.18
219,2,0.706,1.0,0.94,1.0,0.594,0.3,0.274,0.26
220,,0.686,0.98,0.92,0.98,0.574,0.28,0.254,0.24
221,,0.666,0.96,0.9,0.96,0.554,0.26,0.234,0.22
222,,0.646,0.94,0.88,0.94,0.534,0.24,0.214,0.2
223,,0.626,0.92,0.86,0.92,0.514,0.22,0.194,0.18
224,,0.606,0.9,0.84,0.9,0.494,0.2,0.174,0.16
225,,0.586,0.88,0.82,0.88,0.474,0.18,0.154,0.14
226,,0.566,0.86,0.8,0.86,0.454,0.16,0.134,0.12
227,,0.546,0.84,0.78,0.84,0.434,0.14,0.114,0.1
228,,0.526,0.82,0.76,0.82,0.414,0.12,0.094,0.08
229,,0.506,0.8,0.74,0.8,0.394,0.1,0.074,0.06
230,,0.486,0.78,0.72,0.78,0.374,0.08,0.054,0.04
231,,0.466,0.76,0.7,0.76,0.354,0.06,0.034,0.02
232,,0.446,0.74,0.68,0.74,0.334,0.04,0.014,0.0
233,,0.426,0.72,0.66,0.72,0.314,0.02,-0.006,-0.02
234,8,0.789,0.8,0.457,0.4,0.111,0.1,0.357,0.98
235,8,1.0,0.88,0.254,0.08,-0.092,0.18,0.72,1.0
236,5,0.68,0.677,0.334,0.443,0.908,0.543,0.8,0.797
237,5,0.36,0.474,0.414,0.806,1.0,0.906,0.88,0.594
238,,0.34,0.454,0.394,0.786,0.98,0.886,0.86,0.574
239,,0.32,0.434,0.374,0.766,0.96,0.866,0.84,0.554
240,,0.3,0.414,0.354,0.746,0.94,0.846,0.82,0.534
241,,0.28,0.394,0.334,0.726,0.92,0.826,0.8,0.514
242,,0.26,0.374,0.314,0.706,0.9,0.806,0.78,0.494
243,,0.24,0.354,0.294,0.686,0.88,0.786,0.76,0.474
244,,0.22,0.334,0.274,0.666,0.86,0.766,0.74,0.454
245,,0.2,0.314,0.254,0.646,0.84,0.746,0.72,0.434
246,,0.18,0.294,0.234,0.626,0.82,0.726,0.7,0.414
247,,0.16,0.274,0.214,0.606,0.8,0.706,0.68,0.394
248,,0.14,0.254,0.194,0.586,0.78,0.686,0.66,0.374
249,,0.12,0.234,0.174,0.566,0.76,0.666,0.64,0.354
250,,0.1,0.214,0.154,0.546,0.74,0.646,0.62,0.334
251,,0.08,0.194,0.134,0.526,0.72,0.626,0.6,0.314
252,,0.06,0.174,0.114,0.506,0.7,0.606,0.58,0.294
253,,0.04,0.154,0.094,0.486,0.68,0.586,0.56,0.274
254,,0.02,0.134,0.074,0.466,0.66,0.566,0.54,0.254
255,,0.0,0.114,0.054,0.446,0.64,0.546,0.52,0.234
256,,-0.02,0.094,0.034,0.426,0.62,0.526,0.5,0.214
257,1,0.98,0.457,0.114,0.223,0.3,0.323,0.58,0.577
258,1,1.0,0.82,0.194,0.02,-0.02,0.12,0.66,0.94
259,5,0.68,0.617,0.274,0.383,0.98,0.483,0.74,0.737
260,5,0.36,0.414,0.354,0.746,1.0,0.846,0.82,0.534
261,,0.34,0.394,0.334,0.726,0.98,0.826,0.8,0.514
262,,0.32,0.374,0.314,0.706,0.96,0.806,0.78,0.494
263,,0.3,0.354,0.294,0.686,0.94,0.786,0.76,0.474
264,,0.28,0.334,0.274,0.666,0.92,0.766,0.74,0.454
265,,0.26,0.314,0.254,0.646,0.9,0.746,0.72,0.434
266,,0.24,0.294,0.234,0.626,0.88,0.726,0.7,0.414
267,,0.22,0.274,0.214,0.606,0.86,0.706,0.68,0.394
268,,0.2,0.254,0.194,0.586,0.84,0.686,0.66,0.374
269,,0.18,0.234,0.174,0.566,0.82,0.666,0.64,0.354
270,,0.16,0.214,0.154,0.546,0.8,0.646,0.62,0.334
271,,0.14,0.194,0.134,0.526,0.78,0.626,0.6,0.314
272,,0.12,0.174,0.114,0.506,0.76,0.606,0.58,0.294
273,,0.1,0.154,0.094,0.486,0.74,0.586,0.56,0.274
274,,0.08,0.134,0.074,0.466,0.72,0.566,0.54,0.254
275,,0.06,0.114,0.054,0.446,0.7,0.546,0.52,0.234
276,,0.04,0.094,0.034,0.426,0.68,0.526,0.5,0.214
277,,0.02,0.074,0.014,0.406,0.66,0.506,0.48,0.194
278,,0.0,0.054,-0.006,0.386,0.64,0.486,0.46,0.174
279,3,0.08,0.417,0.994,0.749,0.72,0.283,0.14,-0.029
280,3,0.16,0.78,1.0,1.0,0.8,0.08,-0.18,-0.232
281,8,0.523,0.86,0.797,0.68,0.597,0.16,0.183,0.768
282,8,0.886,0.94,0.594,0.36,0.394,0.24,0.546,1.0
283,,0.866,0.92,0.574,0.34,0.374,0.22,0.526,0.98
284,,0.846,0.9,0.554,0.32,0.354,0.2,0.506,0.96
285,,0.826,0.88,0.534,0.3,0.334,0.18,0.486,0.94
286,,0.806,0.86,0.514,0.28,0.314,0.16,0.466,0.92
287,,0.786,0.84,0.494,0.26,0.294,0.14,0.446,0.9
288,,0.766,0.82,0.474,0.24,0.274,0.12,0.426,0.88
289,,0.746,0.8,0.454,0.22,0.254,0.1,0.406,0.86
290,,0.726,0.78,0.434,0.2,0.234,0.08,0.386,0.84
291,,0.706,0.76,0.414,0.18,0.214,0.06,0.366,0.82
292,,0.686,0.74,0.394,0.16,0.194,0.04,0.346,0.8
293,,0.666,0.72,0.374,0.14,0.174,0.02,0.326,0.78
294,,0.646,0.7,0.354,0.12,0.154,0.0,0.306,0.76
295,,0.626,0.68,0.334,0.1,0.134,-0.02,0.286,0.74
296,6,0.423,0.36,0.131,0.18,0.497,0.98,0.649,0.82
297,6,0.22,0.04,-0.072,0.26,0.86,1.0,1.0,0.9
298,3,0.3,0.403,0.928,0.623,0.94,0.797,0.68,0.697
299,3,0.38,0.766,1.0,0.986,1.0,0.594,0.36,0.494
300,,0.36,0.746,0.98,0.966,0.98,0.574,0.34,0.474
301,,0.34,0.726,0.96,0.946,0.96,0.554,0.32,0.454
302,,0.32,0.706,0.94,0.926,0.94,0.534,0.3,0.434
303,,0.3,0.686,0.92,0.906,0.92,0.514,0.28,0.414
304,,0.28,0.666,0.9,0.886,0.9,0.494,0.26,0.394
305,,0.26,0.646,0.88,0.866,0.88,0.474,0.24,0.374
306,,0.24,0.626,0.86,0.846,0.86,0.454,0.22,0.354
307,,0.22,0.606,0.84,0.826,0.84,0.434,0.2,0.334
308,,0.2,0.586,0.82,0.806,0.82,0.414,0.18,0.314
309,,0.18,0.566,0.8,0.786,0.8,0.394,0.16,0.294
310,,0.16,0.546,0.78,0.766,0.78,0.374,0.14,0.274
311,,0.14,0.526,0.76,0.746,0.76,0.354,0.12,0.254
312,,0.12,0.506,0.74,0.726,0.74,0.334,0.1,0.234
313,,0.1,0.486,0.72,0.706,0.72,0.314,0.08,0.214
314,,0.08,0.466,0.7,0.686,0.7,0.294,0.06,0.194
315,,0.06,0.446,0.68,0.666,0.68,0.274,0.04,0.174
316,,0.04,0.426,0.66,0.646,0.66,0.254,0.02,0.154
317,,0.02,0.406,0.64,0.626,0.64,0.234,0.0,0.134
318,,0.0,0.386,0.62,0.606,0.62,0.214,-0.02,0.114
319,7,0.08,0.183,0.3,0.403,0.7,0.577,0.98,0.477
320,7,0.16,-0.02,-0.02,0.2,0.78,0.94,1.0,0.84
321,3,0.24,0.343,0.98,0.563,0.86,0.737,0.68,0.637
322,3,0.32,0.706,1.0,0.926,0.94,0.534,0.36,0.434
323,,0.3,0.686,0.98,0.906,0.92,0.514,0.34,0.414
324,,0.28,0.666,0.96,0.886,0.9,0.494,0.32,0.394
325,,0.26,0.646,0.94,0.866,0.88,0.474,0.3,0.374
326,,0.24,0.626,0.92,0.846,0.86,0.454,0.28,0.354
327,,0.22,0.606,0.9,0.826,0.84,0.434,0.26,0.334
328,,0.2,0.586,0.88,0.806,0.82,0.414,0.24,0.314
329,,0.18,0.566,0.86,0.786,0.8,0.394,0.22,0.294
330,,0.16,0.546,0.84,0.766,0.78,0.374,0.2,0.274
331,,0.14,0.526,0.82,0.746,0.76,0.354,0.18,0.254
332,,0.12,0.506,0.8,0.726,0.74,0.334,0.16,0.234
333,,0.1,0.486,0.78,0.706,0.72,0.314,0.14,0.214
334,,0.08,0.466,0.76,0.686,0.7,0.294,0.12,0.194
335,,0.06,0.446,0.74,0.666,0.68,0.274,0.1,0.174
336,,0.04,0.426,0.72,0.646,0.66,0.254,0.08,0.154
337,,0.02,0.406,0.7,0.626,0.64,0.234,0.06,0.134
338,,0.0,0.386,0.68,0.606,0.62,0.214,0.04,0.114
339,,-0.02,0.366,0.66,0.586,0.6,0.194,0.02,0.094
340,1,0.98,0.729,0.74,0.383,0.28,-0.009,0.1,0.457
341,1,1.0,1.0,0.82,0.18,-0.04,-0.212,0.18,0.82
342,6,0.797,0.68,0.617,0.26,0.323,0.788,0.543,0.9
343,6,0.594,0.36,0.414,0.34,0.686,1.0,0.906,0.98
344,,0.574,0.34,0.394,0.32,0.666,0.98,0.886,0.96
345,,0.554,0.32,0.374,0.3,0.646,0.96,0.866,0.94
346,,0.534,0.3,0.354,0.28,0.626,0.94,0.846,0.92
347,,0.514,0.28,0.334,0.26,0.606,0.92,0.826,0.9
348,,0.494,0.26,0.314,0.24,0.586,0.9,0.806,0.88
349,,0.474,0.24,0.294,0.22,0.566,0.88,0.786,0.86
350,,0.454,0.22,0.274,0.2,0.546,0.86,0.766,0.84
351,,0.434,0.2,0.254,0.18,0.526,0.84,0.746,0.82
352,,0.414,0.18,0.234,0.16,0.506,0.82,0.726,0.8
353,,0.394,0.16,0.214,0.14,0.486,0.8,0.706,0.78
354,,0.374,0.14,0.194,0.12,0.466,0.78,0.686,0.76
355,,0.354,0.12,0.174,0.1,0.446,0.76,0.666,0.74
356,,0.334,0.1,0.154,0.08,0.426,0.74,0.646,0.72
357,,0.314,0.08,0.134,0.06,0.406,0.72,0.626,0.7
358,,0.294,0.06,0.114,0.04,0.386,0.7,0.606,0.68
359,,0.274,0.04,0.094,0.02,0.366,0.68,0.586,0.66
360,,0.254,0.02,0.074,0.0,0.346,0.66,0.566,0.64
361,,0.234,0.0,0.054,-0.02,0.326,0.64,0.546,0.62
362,4,0.031,0.08,0.417,0.98,0.689,0.72,0.343,0.3
363,4,-0.172,0.16,0.78,1.0,1.0,0.8,0.14,-0.02
364,1,0.828,0.523,0.86,0.797,0.68,0.597,0.22,0.343
365,1,1.0,0.886,0.94,0.594,0.36,0.394,0.3,0.706
366,,0.98,0.866,0.92,0.574,0.34,0.374,0.28,0.686
367,,0.96,0.846,0.9,0.554,0.32,0.354,0.26,0.666
368,,0.94,0.826,0.88,0.534,0.3,0.334,0.24,0.646
369,,0.92,0.806,0.86,0.514,0.28,0.314,0.22,0.626
370,,0.9,0.786,0.84,0.494,0.26,0.294,0.2,0.606
371,,0.88,0.766,0.82,0.474,0.24,0.274,0.18,0.586
372,,0.86,0.746,0.8,0.454,0.22,0.254,0.16,0.566
373,,0.84,0.726,0.78,0.434,0.2,0.234,0.14,0.546
374,,0.82,0.706,0.76,0.414,0.18,0.214,0.12,0.526
375,,0.8,0.686,0.74,0.394,0.16,0.194,0.1,0.506
376,,0.78,0.666,0.72,0.374,0.14,0.174,0.08,0.486
377,,0.76,0.646,0.7,0.354,0.12,0.154,0.06,0.466
378,,0.74,0.626,0.68,0.334,0.1,0.134,0.04,0.446
379,,0.72,0.606,0.66,0.314,0.08,0.114,0.02,0.426
380,,0.7,0.586,0.64,0.294,0.06,0.094,0.0,0.406
381,,0.68,0.566,0.62,0.274,0.04,0.074,-0.02,0.386
382,7,0.76,0.363,0.3,0.071,0.12,0.437,0.98,0.749
383,7,0.84,0.16,-0.02,-0.132,0.2,0.8,1.0,1.0
384,4,0.637,0.24,0.343,0.868,0.563,0.88,0.797,0.68
385,4,0.434,0.32,0.706,1.0,0.926,0.96,0.594,0.36
386,,0.414,0.3,0.686,0.98,0.906,0.94,0.574,0.34
387,,0.394,0.28,0.666,0.96,0.886,0.92,0.554,0.32
388,,0.374,0.26,0.646,0.94,0.866,0.9,0.534,0.3
389,,0.354,0.24,0.626,0.92,0.846,0.88,0.514,0.28
390,,0.334,0.22,0.606,0.9,0.826,0.86,0.494,0.26
391,,0.314,0.2,0.586,0.88,0.806,0.84,0.474,0.24
392,,0.294,0.18,0.566,0.86,0.786,0.82,0.454,0.22
393,,0.274,0.16,0.546,0.84,0.766,0.8,0.434,0.2
394,,0.254,0.14,0.526,0.82,0.746,0.78,0.414,0.18
395,,0.234,0.12,0.506,0.8,0.726,0.76,0.394,0.16
396,,0.214,0.1,0.486,0.78,0.706,0.74,0.374,0.14
397,,0.194,0.08,0.466,0.76,0.686,0.72,0.354,0.12
398,,0.174,0.06,0.446,0.74,0.666,0.7,0.334,0.1
399,,0.154,0.04,0.426,0.72,0.646,0.68,0.314,0.08
400,,0.134,0.02,0.406,0.7,0.626,0.66,0.294,0.06
401,,0.114,0.0,0.386,0.68,0.606,0.64,0.274,0.04
402,,0.094,-0.02,0.366,0.66,0.586,0.62,0.254,0.02
403,2,0.457,0.98,0.729,0.74,0.383,0.3,0.051,0.1
404,2,0.82,1.0,1.0,0.82,0.18,-0.02,-0.152,0.18
405,7,0.9,0.797,0.68,0.617,0.26,0.343,0.848,0.543
406,7,0.98,0.594,0.36,0.414,0.34,0.706,1.0,0.906
407,,0.96,0.574,0.34,0.394,0.32,0.686,0.98,0.886
408,,0.94,0.554,0.32,0.374,0.3,0.666,0.96,0.866
409,,0.92,0.534,0.3,0.354,0.28,0.646,0.94,0.846
410,,0.9,0.514,0.28,0.334,0.26,0.626,0.92,0.826
411,,0.88,0.494,0.26,0.314,0.24,0.606,0.9,0.806
412,,0.86,0.474,0.24,0.294,0.22,0.586,0.88,0.786
413,,0.84,0.454,0.22,0.274,0.2,0.566,0.86,0.766
414,,0.82,0.434,0.2,0.254,0.18,0.546,0.84,0.746
415,,0.8,0.414,0.18,0.234,0.16,0.526,0.82,0.726
416,,0.78,0.394,0.16,0.214,0.14,0.506,0.8,0.706
417,,0.76,0.374,0.14,0.194,0.12,0.486,0.78,0.686
418,,0.74,0.354,0.12,0.174,0.1,0.466,0.76,0.666
419,,0.72,0.334,0.1,0.154,0.08,0.446,0.74,0.646
420,,0.7,0.314,0.08,0.134,0.06,0.426,0.72,0.626
421,,0.68,0.294,0.06,0.114,0.04,0.406,0.7,0.606
422,,0.66,0.274,0.04,0.094,0.02,0.386,0.68,0.586
423,,0.64,0.254,0.02,0.074,0.0,0.366,0.66,0.566
424,,0.62,0.234,0.0,0.054,-0.02,0.346,0.64,0.546
425,5,0.3,0.031,0.08,0.417,0.98,0.709,0.72,0.343
426,5,-0.02,-0.172,0.16,0.78,1.0,1.0,0.8,0.14
427,2,0.343,0.828,0.523,0.86,0.797,0.68,0.597,0.22
428,2,0.706,1.0,0.886,0.94,0.594,0.36,0.394,0.3
429,,0.686,0.98,0.866,0.92,0.574,0.34,0.374,0.28
430,,0.666,0.96,0.846,0.9,0.554,0.32,0.354,0.26
431,,0.646,0.94,0.826,0.88,0.534,0.3,0.334,0.24
432,,0.626,0.92,0.806,0.86,0.514,0.28,0.314,0.22
433,,0.606,0.9,0.786,0.84,0.494,0.26,0.294,0.2
434,,0.586,0.88,0.766,0.82,0.474,0.24,0.274,0.18
435,,0.566,0.86,0.746,0.8,0.454,0.22,0.254,0.16
436,,0.546,0.84,0.726,0.78,0.434,0.2,0.234,0.14
437,,0.526,0.82,0.706,0.76,0.414,0.18,0.214,0.12
438,,0.506,0.8,0.686,0.74,0.394,0.16,0.194,0.1
439,,0.486,0.78,0.666,0.72,0.374,0.14,0.174,0.08
440,,0.466,0.76,0.646,0.7,0.354,0.12,0.154,0.06
441,,0.446,0.74,0.626,0.68,0.334,0.1,0.134,0.04
442,,0.426,0.72,0.606,0.66,0.314,0.08,0.114,0.02
443,,0.406,0.7,0.586,0.64,0.294,0.06,0.094,0.0
444,,0.386,0.68,0.566,0.62,0.274,0.04,0.074,-0.02
445,8,0.749,0.76,0.363,0.3,0.071,0.12,0.437,0.98
446,8,1.0,0.84,0.16,-0.02,-0.132,0.2,0.8,1.0
447,5,0.68,0.637,0.24,0.343,0.868,0.563,0.88,0.797
448,5,0.36,0.434,0.32,0.706,1.0,0.926,0.96,0.594
449,,0.34,0.414,0.3,0.686,0.98,0.906,0.94,0.574
450,,0.32,0.394,0.28,0.666,0.96,0.886,0.92,0.554
451,,0.3,0.374,0.26,0.646,0.94,0.866,0.9,0.534
452,,0.28,0.354,0.24,0.626,0.92,0.846,0.88,0.514
453,,0.26,0.334,0.22,0.606,0.9,0.826,0.86,0.494
454,,0.24,0.314,0.2,0.586,0.88,0.806,0.84,0.474
455,,0.22,0.294,0.18,0.566,0.86,0.786,0.82,0.454
456,,0.2,0.274,0.16,0.546,0.84,0.766,0.8,0.434
457,,0.18,0.254,0.14,0.526,0.82,0.746,0.78,0.414
458,,0.16,0.234,0.12,0.506,0.8,0.726,0.76,0.394
459,,0.14,0.214,0.1,0.486,0.78,0.706,0.74,0.374
460,,0.12,0.194,0.08,0.466,0.76,0.686,0.72,0.354
461,,0.1,0.174,0.06,0.446,0.74,0.666,0.7,0.334
462,,0.08,0.154,0.04,0.426,0.72,0.646,0.68,0.314
463,,0.06,0.134,0.02,0.406,0.7,0.626,0.66,0.294
464,,0.04,0.114,0.0,0.386,0.68,0.606,0.64,0.274
465,,0.02,0.094,-0.02,0.366,0.66,0.586,0.62,0.254
466,3,0.1,0.457,0.98,0.729,0.74,0.383,0.3,0.051
467,3,0.18,0.82,1.0,1.0,0.82,0.18,-0.02,-0.152
468,8,0.543,0.9,0.797,0.68,0.617,0.26,0.343,0.848
469,8,0.906,0.98,0.594,0.36,0.414,0.34,0.706,1.0
470,,0.886,0.96,0.574,0.34,0.394,0.32,0.686,0.98
471,,0.866,0.94,0.554,0.32,0.374,0.3,0.666,0.96
472,,0.846,0.92,0.534,0.3,0.354,0.28,0.646,0.94
473,,0.826,0.9,0.514,0.28,0.334,0.26,0.626,0.92
474,,0.806,0.88,0.494,0.26,0.314,0.24,0.606,0.9
475,,0.786,0.86,0.474,0.24,0.294,0.22,0.586,0.88
476,,0.766,0.84,0.454,0.22,0.274,0.2,0.566,0.86
477,,0.746,0.82,0.434,0.2,0.254,0.18,0.546,0.84
478,,0.726,0.8,0.414,0.18,0.234,0.16,0.526,0.82
479,,0.706,0.78,0.394,0.16,0.214,0.14,0.506,0.8
480,,0.686,0.76,0.374,0.14,0.194,0.12,0.486,0.78
481,,0.666,0.74,0.354,0.12,0.174,0.1,0.466,0.76
482,,0.646,0.72,0.334,0.1,0.154,0.08,0.446,0.74
483,,0.626,0.7,0.314,0.08,0.134,0.06,0.426,0.72
484,,0.606,0.68,0.294,0.06,0.114,0.04,0.406,0.7
485,,0.586,0.66,0.274,0.04,0.094,0.02,0.386,0.68
486,,0.566,0.64,0.254,0.02,0.074,0.0,0.366,0.66
487,,0.546,0.62,0.234,0.0,0.054,-0.02,0.346,0.64
488,6,0.343,0.3,0.031,0.08,0.417,0.98,0.709,0.72
489,6,0.14,-0.02,-0.172,0.16,0.78,1.0,1.0,0.8
490,3,0.22,0.343,0.828,0.523,0.86,0.797,0.68,0.597
491,3,0.3,0.706,1.0,0.886,0.94,0.594,0.36,0.394
492,,0.28,0.686,0.98,0.866,0.92,0.574,0.34,0.374
493,,0.26,0.666,0.96,0.846,0.9,0.554,0.32,0.354
494,,0.24,0.646,0.94,0.826,0.88,0.534,0.3,0.334
495,,0.22,0.626,0.92,0.806,0.86,0.514,0.28,0.314
496,,0.2,0.606,0.9,0.786,0.84,0.494,0.26,0.294
497,,0.18,0.586,0.88,0.766,0.82,0.474,0.24,0.274
498,,0.16,0.566,0.86,0.746,0.8,0.454,0.22,0.254
499,,0.14,0.546,0.84,0.726,0.78,0.434,0.2,0.234
500,,0.12,0.526,0.82,0.706,0.76,0.414,0.18,0.214
501,,0.1,0.506,0.8,0.686,0.74,0.394,0.16,0.194
502,,0.08,0.486,0.78,0.666,0.72,0.374,0.14,0.174
503,,0.06,0.466,0.76,0.646,0.7,0.354,0.12,0.154
504,,0.04,0.446,0.74,0.626,0.68,0.334,0.1,0.134
505,,0.02,0.426,0.72,0.606,0.66,0.314,0.08,0.114
506,,0.0,0.406,0.7,0.586,0.64,0.294,0.06,0.094
507,,-0.02,0.386,0.68,0.566,0.62,0.274,0.04,0.074
508,1,0.98,0.749,0.76,0.363,0.3,0.071,0.12,0.437
509,1,1.0,1.0,0.84,0.16,-0.02,-0.132,0.2,0.8
510,6,0.797,0.68,0.637,0.24,0.343,0.868,0.563,0.88
511,6,0.594,0.36,0.434,0.32,0.706,1.0,0.926,0.96
512,,0.574,0.34,0.414,0.3,0.686,0.98,0.906,0.94
513,,0.554,0.32,0.394,0.28,0.666,0.96,0.886,0.92
514,,0.534,0.3,0.374,0.26,0.646,0.94,0.866,0.9
515,,0.514,0.28,0.354,0.24,0.626,0.92,0.846,0.88
516,,0.494,0.26,0.334,0.22,0.606,0.9,0.826,0.86
517,,0.474,0.24,0.314,0.2,0.586,0.88,0.806,0.84
518,,0.454,0.22,0.294,0.18,0.566,0.86,0.786,0.82
519,,0.434,0.2,0.274,0.16,0.546,0.84,0.766,0.8
520,,0.414,0.18,0.254,0.14,0.526,0.82,0.746,0.78
521,,0.394,0.16,0.234,0.12,0.506,0.8,0.726,0.76
522,,0.374,0.14,0.214,0.1,0.486,0.78,0.706,0.74
523,,0.354,0.12,0.194,0.08,0.466,0.76,0.686,0.72
524,,0.334,0.1,0.174,0.06,0.446,0.74,0.666,0.7
525,,0.314,0.08,0.154,0.04,0.426,0.72,0.646,0.68
526,,0.294,0.06,0.134,0.02,0.406,0.7,0.626,0.66
527,,0.274,0.04,0.114,0.0,0.386,0.68,0.606,0.64
528,,0.254,0.02,0.094,-0.02,0.366,0.66,0.586,0.62
529,4,0.051,0.1,0.457,0.98,0.729,0.74,0.383,0.3
530,4,-0.152,0.18,0.82,1.0,1.0,0.82,0.18,-0.02
531,1,0.848,0.543,0.9,0.797,0.68,0.617,0.26,0.343
532,1,1.0,0.906,0.98,0.594,0.36,0.414,0.34,0.706
533,,0.98,0.886,0.96,0.574,0.34,0.394,0.32,0.686
534,,0.96,0.866,0.94,0.554,0.32,0.374,0.3,0.666
535,,0.94,0.846,0.92,0.534,0.3,0.354,0.28,0.646
536,,0.92,0.826,0.9,0.514,0.28,0.334,0.26,0.626
537,,0.9,0.806,0.88,0.494,0.26,0.314,0.24,0.606
538,,0.88,0.786,0.86,0.474,0.24,0.294,0.22,0.586
539,,0.86,0.766,0.84,0.454,0.22,0.274,0.2,0.566
540,,0.84,0.746,0.82,0.434,0.2,0.254,0.18,0.546
541,,0.82,0.726,0.8,0.414,0.18,0.234,0.16,0.526
542,,0.8,0.706,0.78,0.394,0.16,0.214,0.14,0.506
543,,0.78,0.686,0.76,0.374,0.14,0.194,0.12,0.486
544,,0.76,0.666,0.74,0.354,0.12,0.174,0.1,0.466
545,,0.74,0.646,0.72,0.334,0.1,0.154,0.08,0.446
546,,0.72,0.626,0.7,0.314,0.08,0.134,0.06,0.426
547,,0.7,0.606,0.68,0.294,0.06,0.114,0.04,0.406
548,,0.68,0.586,0.66,0.274,0.04,0.094,0.02,0.386
549,,0.66,0.566,0.64,0.254,0.02,0.074,0.0,0.366
550,,0.64,0.546,0.62,0.234,0.0,0.054,-0.02,0.346
551,7,0.72,0.343,0.3,0.031,0.08,0.417,0.98,0.709
552,7,0.8,0.14,-0.02,-0.172,0.16,0.78,1.0,1.0
553,4,0.597,0.22,0.343,0.828,0.523,0.86,0.797,0.68
554,4,0.394,0.3,0.706,1.0,0.886,0.94,0.594,0.36
555,,0.374,0.28,0.686,0.98,0.866,0.92,0.574,0.34
556,,0.354,0.26,0.666,0.96,0.846,0.9,0.554,0.32
557,,0.334,0.24,0.646,0.94,0.826,0.88,0.534,0.3
558,,0.314,0.22,0.626,0.92,0.806,0.86,0.514,0.28
559,,0.294,0.2,0.606,0.9,0.786,0.84,0.494,0.26
560,,0.274,0.18,0.586,0.88,0.766,0.82,0.474,0.24
561,,0.254,0.16,0.566,0.86,0.746,0.8,0.454,0.22
562,,0.234,0.14,0.546,0.84,0.726,0.78,0.434,0.2
563,,0.214,0.12,0.526,0.82,0.706,0.76,0.414,0.18
564,,0.194,0.1,0.506,0.8,0.686,0.74,0.394,0.16
565,,0.174,0.08,0.486,0.78,0.666,0.72,0.374,0.14
566,,0.154,0.06,0.466,0.76,0.646,0.7,0.354,0.12
567,,0.134,0.04,0.446,0.74,0.626,0.68,0.334,0.1
568,,0.114,0.02,0.426,0.72,0.606,0.66,0.314,0.08
569,,0.094,0.0,0.406,0.7,0.586,0.64,0.294,0.06
570,,0.074,-0.02,0.386,0.68,0.566,0.62,0.274,0.04
571,2,0.437,0.98,0.749,0.76,0.363,0.3,0.071,0.12
572,2,0.8,1.0,1.0,0.84,0.16,-0.02,-0.132,0.2
573,7,0.88,0.797,0.68,0.637,0.24,0.343,0.868,0.563
574,7,0.96,0.594,0.36,0.434,0.32,0.706,1.0,0.926
575,,0.94,0.574,0.34,0.414,0.3,0.686,0.98,0.906
576,,0.92,0.554,0.32,0.394,0.28,0.666,0.96,0.886
577,,0.9,0.534,0.3,0.374,0.26,0.646,0.94,0.866
578,,0.88,0.514,0.28,0.354,0.24,0.626,0.92,0.846
579,,0.86,0.494,0.26,0.334,0.22,0.606,0.9,0.826
580,,0.84,0.474,0.24,0.314,0.2,0.586,0.88,0.806
581,,0.82,0.454,0.22,0.294,0.18,0.566,0.86,0.786
582,,0.8,0.434,0.2,0.274,0.16,0.546,0.84,0.766
583,,0.78,0.414,0.18,0.254,0.14,0.526,0.82,0.746
584,,0.76,0.394,0.16,0.234,0.12,0.506,0.8,0.726
585,,0.74,0.374,0.14,0.214,0.1,0.486,0.78,0.706
586,,0.72,0.354,0.12,0.194,0.08,0.466,0.76,0.686
587,,0.7,0.334,0.1,0.174,0.06,0.446,0.74,0.666
588,,0.68,0.314,0.08,0.154,0.04,0.426,0.72,0.646
589,,0.66,0.294,0.06,0.134,0.02,0.406,0.7,0.626
590,,0.64,0.274,0.04,0.114,0.0,0.386,0.68,0.606
591,,0.62,0.254,0.02,0.094,-0.02,0.366,0.66,0.586
592,5,0.3,0.051,0.1,0.457,0.98,0.729,0.74,0.383
593,5,-0.02,-0.152,0.18,0.82,1.0,1.0,0.82,0.18
594,2,0.343,0.848,0.543,0.9,0.797,0.68,0.617,0.26
595,2,0.706,1.0,0.906,0.98,0.594,0.36,0.414,0.34
596,,0.686,0.98,0.886,0.96,0.574,0.34,0.394,0.32
597,,0.666,0.96,0.866,0.94,0.554,0.32,0.374,0.3
598,,0.646,0.94,0.846,0.92,0.534,0.3,0.354,0.28
599,,0.626,0.92,0.826,0.9,0.514,0.28,0.334,0.26
600,,0.606,0.9,0.806,0.88,0.494,0.26,0.314,0.24
601,,0.586,0.88,0.786,0.86,0.474,0.24,0.294,0.22
602,,0.566,0.86,0.766,0.84,0.454,0.22,0.274,0.2
603,,0.546,0.84,0.746,0.82,0.434,0.2,0.254,0.18
604,,0.526,0.82,0.726,0.8,0.414,0.18,0.234,0.16
605,,0.506,0.8,0.706,0.78,0.394,0.16,0.214,0.14
606,,0.486,0.78,0.686,0.76,0.374,0.14,0.194,0.12
607,,0.466,0.76,0.666,0.74,0.354,0.12,0.174,0.1
608,,0.446,0.74,0.646,0.72,0.334,0.1,0.154,0.08
609,,0.426,0.72,0.626,0.7,0.314,0.08,0.134,0.06
610,,0.406,0.7,0.606,0.68,0.294,0.06,0.114,0.04
611,,0.386,0.68,0.586,0.66,0.274,0.04,0.094,0.02
612,,0.366,0.66,0.566,0.64,0.254,0.02,0.074,0.0
613,,0.346,0.64,0.546,0.62,0.234,0.0,0.054,-0.02
614,8,0.709,0.72,0.343,0.3,0.031,0.08,0.417,0.98
615,8,1.0,0.8,0.14,-0.02,-0.172,0.16,0.78,1.0
616,5,0.68,0.597,0.22,0.343,0.828,0.523,0.86,0.797
617,5,0.36,0.394,0.3,0.706,1.0,0.886,0.94,0.594
618,,0.34,0.374,0.28,0.686,0.98,0.866,0.92,0.574
619,,0.32,0.354,0.26,0.666,0.96,0.846,0.9,0.554
620,,0.3,0.334,0.24,0.646,0.94,0.826,0.88,0.534
621,,0.28,0.314,0.22,0.626,0.92,0.806,0.86,0.514
622,,0.26,0.294,0.2,0.606,0.9,0.786,0.84,0.494
623,,0.24,0.274,0.18,0.586,0.88,0.766,0.82,0.474
624,,0.22,0.254,0.16,0.566,0.86,0.746,0.8,0.454
625,,0.2,0.234,0.14,0.546,0.84,0.726,0.78,0.434
626,,0.18,0.214,0.12,0.526,0.82,0.706,0.76,0.414
627,,0.16,0.194,0.1,0.506,0.8,0.686,0.74,0.394
628,,0.14,0.174,0.08,0.486,0.78,0.666,0.72,0.374
629,,0.12,0.154,0.06,0.466,0.76,0.646,0.7,0.354
630,,0.1,0.134,0.04,0.446,0.74,0.626,0.68,0.334
631,,0.08,0.114,0.02,0.426,0.72,0.606,0.66,0.314
632,,0.06,0.094,0.0,0.406,0.7,0.586,0.64,0.294
633,,0.04,0.074,-0.02,0.386,0.68,0.566,0.62,0.274
634,3,0.12,0.437,0.98,0.749,0.76,0.363,0.3,0.071
635,3,0.2,0.8,1.0,1.0,0.84,0.16,-0.02,-0.132
636,8,0.563,0.88,0.797,0.68,0.637,0.24,0.343,0.868
637,8,0.926,0.96,0.594,0.36,0.434,0.32,0.706,1.0
638,,0.906,0.94,0.574,0.34,0.414,0.3,0.686,0.98
639,,0.886,0.92,0.554,0.32,0.394,0.28,0.666,0.96
640,,0.866,0.9,0.534,0.3,0.374,0.26,0.646,0.94
641,,0.846,0.88,0.514,0.28,0.354,0.24,0.626,0.92
642,,0.826,0.86,0.494,0.26,0.334,0.22,0.606,0.9
643,,0.806,0.84,0.474,0.24,0.314,0.2,0.586,0.88
644,,0.786,0.82,0.454,0.22,0.294,0.18,0.566,0.86
645,,0.766,0.8,0.434,0.2,0.274,0.16,0.546,0.84
646,,0.746,0.78,0.414,0.18,0.254,0.14,0.526,0.82
647,,0.726,0.76,0.394,0.16,0.234,0.12,0.506,0.8
648,,0.706,0.74,0.374,0.14,0.214,0.1,0.486,0.78
649,,0.686,0.72,0.354,0.12,0.194,0.08,0.466,0.76
650,,0.666,0.7,0.334,0.1,0.174,0.06,0.446,0.74
651,,0.646,0.68,0.314,0.08,0.154,0.04,0.426,0.72
652,,0.626,0.66,0.294,0.06,0.134,0.02,0.406,0.7
653,,0.606,0.64,0.274,0.04,0.114,0.0,0.386,0.68
654,,0.586,0.62,0.254,0.02,0.094,-0.02,0.366,0.66
655,6,0.383,0.3,0.051,0.1,0.457,0.98,0.729,0.74
656,6,0.18,-0.02,-0.152,0.18,0.82,1.0,1.0,0.82
657,3,0.26,0.343,0.848,0.543,0.9,0.797,0.68,0.617
658,3,0.34,0.706,1.0,0.906,0.98,0.594,0.36,0.414
659,,0.32,0.686,0.98,0.886,0.96,0.574,0.34,0.394
660,,0.3,0.666,0.96,0.866,0.94,0.554,0.32,0.374
661,,0.28,0.646,0.94,0.846,0.92,0.534,0.3,0.354
662,,0.26,0.626,0.92,0.826,0.9,0.514,0.28,0.334
663,,0.24,0.606,0.9,0.806,0.88,0.494,0.26,0.314
664,,0.22,0.586,0.88,0.786,0.86,0.474,0.24,0.294
665,,0.2,0.566,0.86,0.766,0.84,0.454,0.22,0.274
666,,0.18,0.546,0.84,0.746,0.82,0.434,0.2,0.254
667,,0.16,0.526,0.82,0.726,0.8,0.414,0.18,0.234
668,,0.14,0.506,0.8,0.706,0.78,0.394,0.16,0.214
669,,0.12,0.486,0.78,0.686,0.76,0.374,0.14,0.194
670,,0.1,0.466,0.76,0.666,0.74,0.354,0.12,0.174
671,,0.08,0.446,0.74,0.646,0.72,0.334,0.1,0.154
672,,0.06,0.426,0.72,0.626,0.7,0.314,0.08,0.134
673,,0.04,0.406,0.7,0.606,0.68,0.294,0.06,0.114
674,,0.02,0.386,0.68,0.586,0.66,0.274,0.04,0.094
675,,0.0,0.366,0.66,0.566,0.64,0.254,0.02,0.074
676,,-0.02,0.346,0.64,0.546,0.62,0.234,0.0,0.054
677,1,0.98,0.709,0.72,0.343,0.3,0.031,0.08,0.417
678,1,1.0,1.0,0.8,0.14,-0.02,-0.172,0.16,0.78
679,6,0.797,0.68,0.597,0.22,0.343,0.828,0.523,0.86
680,6,0.594,0.36,0.394,0.3,0.706,1.0,0.886,0.94
681,,0.574,0.34,0.374,0.28,0.686,0.98,0.866,0.92
682,,0.554,0.32,0.354,0.26,0.666,0.96,0.846,0.9
683,,0.534,0.3,0.334,0.24,0.646,0.94,0.826,0.88
684,,0.514,0.28,0.314,0.22,0.626,0.92,0.806,0.86
685,,0.494,0.26,0.294,0.2,0.606,0.9,0.786,0.84
686,,0.474,0.24,0.274,0.18,0.586,0.88,0.766,0.82
687,,0.454,0.22,0.254,0.16,0.566,0.86,0.746,0.8
688,,0.434,0.2,0.234,0.14,0.546,0.84,0.726,0.78
689,,0.414,0.18,0.214,0.12,0.526,0.82,0.706,0.76
690,,0.394,0.16,0.194,0.1,0.506,0.8,0.686,0.74
691,,0.374,0.14,0.174,0.08,0.486,0.78,0.666,0.72
692,,0.354,0.12,0.154,0.06,0.466,0.76,0.646,0.7
693,,0.334,0.1,0.134,0.04,0.446,0.74,0.626,0.68
694,,0.314,0.08,0.114,0.02,0.426,0.72,0.606,0.66
695,,0.294,0.06,0.094,0.0,0.406,0.7,0.586,0.64
696,,0.274,0.04,0.074,-0.02,0.386,0.68,0.566,0.62
697,4,0.071,0.12,0.437,0.98,0.749,0.76,0.363,0.3
698,4,-0.132,0.2,0.8,1.0,1.0,0.84,0.16,-0.02
699,1,0.868,0.563,0.88,0.797,0.68,0.637,0.24,0.343
700,1,1.0,0.926,0.96,0.594,0.36,0.434,0.32,0.706
701,,0.98,0.906,0.94,0.574,0.34,0.414,0.3,0.686
702,,0.96,0.886,0.92,0.554,0.32,0.394,0.28,0.666
703,,0.94,0.866,0.9,0.534,0.3,0.374,0.26,0.646
704,,0.92,0.846,0.88,0.514,0.28,0.354,0.24,0.626
705,,0.9,0.826,0.86,0.494,0.26,0.334,0.22,0.606
706,,0.88,0.806,0.84,0.474,0.24,0.314,0.2,0.586
707,,0.86,0.786,0.82,0.454,0.22,0.294,0.18,0.566
708,,0.84,0.766,0.8,0.434,0.2,0.274,0.16,0.546
709,,0.82,0.746,0.78,0.414,0.18,0.254,0.14,0.526
710,,0.8,0.726,0.76,0.394,0.16,0.234,0.12,0.506
711,,0.78,0.706,0.74,0.374,0.14,0.214,0.1,0.486
712,,0.76,0.686,0.72,0.354,0.12,0.194,0.08,0.466
713,,0.74,0.666,0.7,0.334,0.1,0.174,0.06,0.446
714,,0.72,0.646,0.68,0.314,0.08,0.154,0.04,0.426
715,,0.7,0.626,0.66,0.294,0.06,0.134,0.02,0.406
716,,0.68,0.606,0.64,0.274,0.04,0.114,0.0,0.386
717,,0.66,0.586,0.62,0.254,0.02,0.094,-0.02,0.366
718,7,0.74,0.383,0.3,0.051,0.1,0.457,0.98,0.729
719,7,0.82,0.18,-0.02,-0.152,0.18,0.82,1.0,1.0
720,4,0.617,0.26,0.343,0.848,0.543,0.9,0.797,0.68
721,4,0.414,0.34,0.706,1.0,0.906,0.98,0.594,0.36
722,,0.394,0.32,0.686,0.98,0.886,0.96,0.574,0.34
723,,0.374,0.3,0.666,0.96,0.866,0.94,0.554,0.32
724,,0.354,0.28,0.646,0.94,0.846,0.92,0.534,0.3
725,,0.334,0.26,0.626,0.92,0.826,0.9,0.514,0.28
726,,0.314,0.24,0.606,0.9,0.806,0.88,0.494,0.26
727,,0.294,0.22,0.586,0.88,0.786,0.86,0.474,0.24
728,,0.274,0.2,0.566,0.86,0.766,0.84,0.454,0.22
729,,0.254,0.18,0.546,0.84,0.746,0.82,0.434,0.2
730,,0.234,0.16,0.526,0.82,0.726,0.8,0.414,0.18
731,,0.214,0.14,0.506,0.8,0.706,0.78,0.394,0.16
732,,0.194,0.12,0.486,0.78,0.686,0.76,0.374,0.14
733,,0.174,0.1,0.466,0.76,0.666,0.74,0.354,0.12
734,,0.154,0.08,0.446,0.74,0.646,0.72,0.334,0.1
735,,0.134,0.06,0.426,0.72,0.626,0.7,0.314,0.08
736,,0.114,0.04,0.406,0.7,0.606,0.68,0.294,0.06
737,,0.094,0.02,0.386,0.68,0.586,0.66,0.274,0.04
738,,0.074,0.0,0.366,0.66,0.566,0.64,0.254,0.02
739,,0.054,-0.02,0.346,0.64,0.546,0.62,0.234,0.0
740,2,0.417,0.98,0.709,0.72,0.343,0.3,0.031,0.08
741,2,0.78,1.0,1.0,0.8,0.14,-0.02,-0.172,0.16
742,7,0.86,0.797,0.68,0.597,0.22,0.343,0.828,0.523
743,7,0.94,0.594,0.36,0.394,0.3,0.706,1.0,0.886
744,,0.92,0.574,0.34,0.374,0.28,0.686,0.98,0.866
745,,0.9,0.554,0.32,0.354,0.26,0.666,0.96,0.846
746,,0.88,0.534,0.3,0.334,0.24,0.646,0.94,0.826
747,,0.86,0.514,0.28,0.314,0.22,0.626,0.92,0.806
748,,0.84,0.494,0.26,0.294,0.2,0.606,0.9,0.786
749,,0.82,0.474,0.24,0.274,0.18,0.586,0.88,0.766
750,,0.8,0.454,0.22,0.254,0.16,0.566,0.86,0.746
751,,0.78,0.434,0.2,0.234,0.14,0.546,0.84,0.726
752,,0.76,0.414,0.18,0.214,0.12,0.526,0.82,0.706
753,,0.74,0.394,0.16,0.194,0.1,0.506,0.8,0.686
754,,0.72,0.374,0.14,0.174,0.08,0.486,0.78,0.666
755,,0.7,0.354,0.12,0.154,0.06,0.466,0.76,0.646
756,,0.68,0.334,0.1,0.134,0.04,0.446,0.74,0.626
757,,0.66,0.314,0.08,0.114,0.02,0.426,0.72,0.606
758,,0.64,0.294,0.06,0.094,0.0,0.406,0.7,0.586
759,,0.62,0.274,0.04,0.074,-0.02,0.386,0.68,0.566
760,5,0.3,0.071,0.12,0.437,0.98,0.749,0.76,0.363
761,5,-0.02,-0.132,0.2,0.8,1.0,1.0,0.84,0.16
762,2,0.343,0.868,0.563,0.88,0.797,0.68,0.637,0.24
763,2,0.706,1.0,0.926,0.96,0.594,0.36,0.434,0.32
764,,0.686,0.98,0.906,0.94,0.574,0.34,0.414,0.3
765,,0.666,0.96,0.886,0.92,0.554,0.32,0.394,0.28
766,,0.646,0.94,0.866,0.9,0.534,0.3,0.374,0.26
767,,0.626,0.92,0.846,0.88,0.514,0.28,0.354,0.24
768,,0.606,0.9,0.826,0.86,0.494,0.26,0.334,0.22
769,,0.586,0.88,0.806,0.84,0.474,0.24,0.314,0.2
770,,0.566,0.86,0.786,0.82,0.454,0.22,0.294,0.18
771,,0.546,0.84,0.766,0.8,0.434,0.2,0.274,0.16
772,,0.526,0.82,0.746,0.78,0.414,0.18,0.254,0.14
773,,0.506,0.8,0.726,0.76,0.394,0.16,0.234,0.12
774,,0.486,0.78,0.706,0.74,0.374,0.14,0.214,0.1
775,,0.466,0.76,0.686,0.72,0.354,0.12,0.194,0.08
776,,0.446,0.74,0.666,0.7,0.334,0.1,0.174,0.06
777,,0.426,0.72,0.646,0.68,0.314,0.08,0.154,0.04
778,,0.406,0.7,0.626,0.66,0.294,0.06,0.134,0.02
779,,0.386,0.68,0.606,0.64,0.274,0.04,0.114,0.0
780,,0.366,0.66,0.586,0.62,0.254,0.02,0.094,-0.02
781,8,0.729,0.74,0.383,0.3,0.051,0.1,0.457,0.98
782,8,1.0,0.82,0.18,-0.02,-0.152,0.18,0.82,1.0
783,5,0.68,0.617,0.26,0.343,0.848,0.543,0.9,0.797
784,5,0.36,0.414,0.34,0.706,1.0,0.906,0.98,0.594
785,,0.34,0.394,0.32,0.686,0.98,0.886,0.96,0.574
786,,0.32,0.374,0.3,0.666,0.96,0.866,0.94,0.554
787,,0.3,0.354,0.28,0.646,0.94,0.846,0.92,0.534
788,,0.28,0.334,0.26,0.626,0.92,0.826,0.9,0.514
789,,0.26,0.314,0.24,0.606,0.9,0.806,0.88,0.494
790,,0.24,0.294,0.22,0.586,0.88,0.786,0.86,0.474
791,,0.22,0.274,0.2,0.566,0.86,0.766,0.84,0.454
792,,0.2,0.254,0.18,0.546,0.84,0.746,0.82,0.434
793,,0.18,0.234,0.16,0.526,0.82,0.726,0.8,0.414
794,,0.16,0.214,0.14,0.506,0.8,0.706,0.78,0.394
795,,0.14,0.194,0.12,0.486,0.78,0.686,0.76,0.374
796,,0.12,0.174,0.1,0.466,0.76,0.666,0.74,0.354
797,,0.1,0.154,0.08,0.446,0.74,0.646,0.72,0.334
798,,0.08,0.134,0.06,0.426,0.72,0.626,0.7,0.314
799,,0.06,0.114,0.04,0.406,0.7,0.606,0.68,0.294
800,,0.04,0.094,0.02,0.386,0.68,0.586,0.66,0.274
801,,0.02,0.074,0.0,0.366,0.66,0.566,0.64,0.254
802,,0.0,0.054,-0.02,0.346,0.64,0.546,0.62,0.234
803,3,0.08,0.417,0.98,0.709,0.72,0.343,0.3,0.031
804,3,0.16,0.78,1.0,1.0,0.8,0.14,-0.02,-0.172
805,8,0.523,0.86,0.797,0.68,0.597,0.22,0.343,0.828
806,8,0.886,0.94,0.594,0.36,0.394,0.3,0.706,1.0
807,,0.866,0.92,0.574,0.34,0.374,0.28,0.686,0.98
808,,0.846,0.9,0.554,0.32,0.354,0.26,0.666,0.96
809,,0.826,0.88,0.534,0.3,0.334,0.24,0.646,0.94
810,,0.806,0.86,0.514,0.28,0.314,0.22,0.626,0.92
811,,0.786,0.84,0.494,0.26,0.294,0.2,0.606,0.9
