step,active_motive,motive_1,motive_2,motive_3,motive_4,motive_5,motive_6,motive_7,motive_8
0,,0.59089,0.67756,0.01659,0.51209,0.2265,0.64517,0.17437,0.69094
1,,0.57089,0.65756,-0.00341,0.49209,0.2065,0.62517,0.15437,0.67094
2,3,0.65089,1.0,0.99659,0.85509,0.2865,0.42217,-0.16563,0.46794
3,3,0.73089,1.0,1.0,1.0,0.3665,0.21917,-0.48563,0.26494
4,7,0.81089,0.797,0.68,0.797,0.4465,0.58217,0.51437,0.62794
5,7,0.89089,0.594,0.36,0.594,0.5265,0.94517,1.0,0.99094
6,,0.87089,0.574,0.34,0.574,0.5065,0.92517,0.98,0.97094
7,,0.85089,0.554,0.32,0.554,0.4865,0.90517,0.96,0.95094
8,,0.83089,0.534,0.3,0.534,0.4665,0.88517,0.94,0.93094
9,,0.81089,0.514,0.28,0.514,0.4465,0.86517,0.92,0.91094
10,,0.79089,0.494,0.26,0.494,0.4265,0.84517,0.9,0.89094
11,,0.77089,0.474,0.24,0.474,0.4065,0.82517,0.88,0.87094
12,,0.75089,0.454,0.22,0.454,0.3865,0.80517,0.86,0.85094
13,,0.73089,0.434,0.2,0.434,0.3665,0.78517,0.84,0.83094
14,,0.71089,0.414,0.18,0.414,0.3465,0.76517,0.82,0.81094
15,,0.69089,0.394,0.16,0.394,0.3265,0.74517,0.8,0.79094
16,,0.67089,0.374,0.14,0.374,0.3065,0.72517,0.78,0.77094
17,,0.65089,0.354,0.12,0.354,0.2865,0.70517,0.76,0.75094
18,,0.63089,0.334,0.1,0.334,0.2665,0.68517,0.74,0.73094
19,,0.61089,0.314,0.08,0.314,0.2465,0.66517,0.72,0.71094
20,,0.59089,0.294,0.06,0.294,0.2265,0.64517,0.7,0.69094
21,,0.57089,0.274,0.04,0.274,0.2065,0.62517,0.68,0.67094
22,,0.55089,0.254,0.02,0.254,0.1865,0.60517,0.66,0.65094
23,,0.53089,0.234,0.0,0.234,0.1665,0.58517,0.64,0.63094
24,,0.51089,0.214,-0.02,0.214,0.1465,0.56517,0.62,0.61094
25,3,0.59089,0.577,0.98,0.577,0.2265,0.36217,0.3,0.40794
26,3,0.67089,0.94,1.0,0.94,0.3065,0.15917,-0.02,0.20494
27,7,0.75089,0.737,0.68,0.737,0.3865,0.52217,0.98,0.56794
28,7,0.83089,0.534,0.36,0.534,0.4665,0.88517,1.0,0.93094
29,,0.81089,0.514,0.34,0.514,0.4465,0.86517,0.98,0.91094
30,,0.79089,0.494,0.32,0.494,0.4265,0.84517,0.96,0.89094
31,,0.77089,0.474,0.3,0.474,0.4065,0.82517,0.94,0.87094
32,,0.75089,0.454,0.28,0.454,0.3865,0.80517,0.92,0.85094
33,,0.73089,0.434,0.26,0.434,0.3665,0.78517,0.9,0.83094
34,,0.71089,0.414,0.24,0.414,0.3465,0.76517,0.88,0.81094
35,,0.69089,0.394,0.22,0.394,0.3265,0.74517,0.86,0.79094
36,,0.67089,0.374,0.2,0.374,0.3065,0.72517,0.84,0.77094
37,,0.65089,0.354,0.18,0.354,0.2865,0.70517,0.82,0.75094
38,,0.63089,0.334,0.16,0.334,0.2665,0.68517,0.8,0.73094
39,,0.61089,0.314,0.14,0.314,0.2465,0.66517,0.78,0.71094
40,,0.59089,0.294,0.12,0.294,0.2265,0.64517,0.76,0.69094
41,,0.57089,0.274,0.1,0.274,0.2065,0.62517,0.74,0.67094
42,,0.55089,0.254,0.08,0.254,0.1865,0.60517,0.72,0.65094
43,,0.53089,0.234,0.06,0.234,0.1665,0.58517,0.7,0.63094
44,,0.51089,0.214,0.04,0.214,0.1465,0.56517,0.68,0.61094
45,,0.49089,0.194,0.02,0.194,0.1265,0.54517,0.66,0.59094
46,,0.47089,0.174,0.0,0.174,0.1065,0.52517,0.64,0.57094
47,,0.45089,0.154,-0.02,0.154,0.0865,0.50517,0.62,0.55094
48,3,0.53089,0.517,0.98,0.517,0.1665,0.30217,0.3,0.34794
49,3,0.61089,0.88,1.0,0.88,0.2465,0.09917,-0.02,0.14494
50,7,0.69089,0.677,0.68,0.677,0.3265,0.46217,0.98,0.50794
51,7,0.77089,0.474,0.36,0.474,0.4065,0.82517,1.0,0.87094
52,,0.75089,0.454,0.34,0.454,0.3865,0.80517,0.98,0.85094
53,,0.73089,0.434,0.32,0.434,0.3665,0.78517,0.96,0.83094
54,,0.71089,0.414,0.3,0.414,0.3465,0.76517,0.94,0.81094
55,,0.69089,0.394,0.28,0.394,0.3265,0.74517,0.92,0.79094
56,,0.67089,0.374,0.26,0.374,0.3065,0.72517,0.9,0.77094
57,,0.65089,0.354,0.24,0.354,0.2865,0.70517,0.88,0.75094
58,,0.63089,0.334,0.22,0.334,0.2665,0.68517,0.86,0.73094
59,,0.61089,0.314,0.2,0.314,0.2465,0.66517,0.84,0.71094
60,,0.59089,0.294,0.18,0.294,0.2265,0.64517,0.82,0.69094
61,,0.57089,0.274,0.16,0.274,0.2065,0.62517,0.8,0.67094
62,,0.55089,0.254,0.14,0.254,0.1865,0.60517,0.78,0.65094
63,,0.53089,0.234,0.12,0.234,0.1665,0.58517,0.76,0.63094
64,,0.51089,0.214,0.1,0.214,0.1465,0.56517,0.74,0.61094
65,,0.49089,0.194,0.08,0.194,0.1265,0.54517,0.72,0.59094
66,,0.47089,0.174,0.06,0.174,0.1065,0.52517,0.7,0.57094
67,,0.45089,0.154,0.04,0.154,0.0865,0.50517,0.68,0.55094
68,,0.43089,0.134,0.02,0.134,0.0665,0.48517,0.66,0.53094
69,,0.41089,0.114,0.0,0.114,0.0465,0.46517,0.64,0.51094
70,,0.39089,0.094,-0.02,0.094,0.0265,0.44517,0.62,0.49094
71,3,0.47089,0.457,0.98,0.457,0.1065,0.24217,0.3,0.28794
72,3,0.55089,0.82,1.0,0.82,0.1865,0.03917,-0.02,0.08494
73,7,0.63089,0.617,0.68,0.617,0.2665,0.40217,0.98,0.44794
74,7,0.71089,0.414,0.36,0.414,0.3465,0.76517,1.0,0.81094
75,,0.69089,0.394,0.34,0.394,0.3265,0.74517,0.98,0.79094
76,,0.67089,0.374,0.32,0.374,0.3065,0.72517,0.96,0.77094
77,,0.65089,0.354,0.3,0.354,0.2865,0.70517,0.94,0.75094
78,,0.63089,0.334,0.28,0.334,0.2665,0.68517,0.92,0.73094
79,,0.61089,0.314,0.26,0.314,0.2465,0.66517,0.9,0.71094
80,,0.59089,0.294,0.24,0.294,0.2265,0.64517,0.88,0.69094
81,,0.57089,0.274,0.22,0.274,0.2065,0.62517,0.86,0.67094
82,,0.55089,0.254,0.2,0.254,0.1865,0.60517,0.84,0.65094
83,,0.53089,0.234,0.18,0.234,0.1665,0.58517,0.82,0.63094
84,,0.51089,0.214,0.16,0.214,0.1465,0.56517,0.8,0.61094
85,,0.49089,0.194,0.14,0.194,0.1265,0.54517,0.78,0.59094
86,,0.47089,0.174,0.12,0.174,0.1065,0.52517,0.76,0.57094
87,,0.45089,0.154,0.1,0.154,0.0865,0.50517,0.74,0.55094
88,,0.43089,0.134,0.08,0.134,0.0665,0.48517,0.72,0.53094
89,,0.41089,0.114,0.06,0.114,0.0465,0.46517,0.7,0.51094
90,,0.39089,0.094,0.04,0.094,0.0265,0.44517,0.68,0.49094
91,,0.37089,0.074,0.02,0.074,0.0065,0.42517,0.66,0.47094
92,,0.35089,0.054,0.0,0.054,-0.0135,0.40517,0.64,0.45094
93,5,0.03089,-0.149,0.08,0.417,0.9865,0.76817,0.72,0.24794
94,5,-0.28911,-0.352,0.16,0.78,1.0,1.0,0.8,0.04494
95,2,0.07389,0.648,0.523,0.86,0.797,0.68,0.597,0.12494
96,2,0.43689,1.0,0.886,0.94,0.594,0.36,0.394,0.20494
97,,0.41689,0.98,0.866,0.92,0.574,0.34,0.374,0.18494
98,,0.39689,0.96,0.846,0.9,0.554,0.32,0.354,0.16494
99,,0.37689,0.94,0.826,0.88,0.534,0.3,0.334,0.14494
100,,0.35689,0.92,0.806,0.86,0.514,0.28,0.314,0.12494
101,,0.33689,0.9,0.786,0.84,0.494,0.26,0.294,0.10494
102,,0.31689,0.88,0.766,0.82,0.474,0.24,0.274,0.08494
103,,0.29689,0.86,0.746,0.8,0.454,0.22,0.254,0.06494
104,,0.27689,0.84,0.726,0.78,0.434,0.2,0.234,0.04494
105,,0.25689,0.82,0.706,0.76,0.414,0.18,0.214,0.02494
106,,0.23689,0.8,0.686,0.74,0.394,0.16,0.194,0.00494
107,,0.21689,0.78,0.666,0.72,0.374,0.14,0.174,-0.01506
108,8,0.57989,0.86,0.463,0.4,0.171,0.22,0.537,0.98494
109,8,0.94289,0.94,0.26,0.08,-0.032,0.3,0.9,1.0
110,5,0.62289,0.737,0.34,0.443,0.968,0.663,0.98,0.797
111,5,0.30289,0.534,0.42,0.806,1.0,1.0,1.0,0.594
112,,0.28289,0.514,0.4,0.786,0.98,0.98,0.98,0.574
113,,0.26289,0.494,0.38,0.766,0.96,0.96,0.96,0.554
114,,0.24289,0.474,0.36,0.746,0.94,0.94,0.94,0.534
115,,0.22289,0.454,0.34,0.726,0.92,0.92,0.92,0.514
116,,0.20289,0.434,0.32,0.706,0.9,0.9,0.9,0.494
117,,0.18289,0.414,0.3,0.686,0.88,0.88,0.88,0.474
118,,0.16289,0.394,0.28,0.666,0.86,0.86,0.86,0.454
119,,0.14289,0.374,0.26,0.646,0.84,0.84,0.84,0.434
120,,0.12289,0.354,0.24,0.626,0.82,0.82,0.82,0.414
121,,0.10289,0.334,0.22,0.606,0.8,0.8,0.8,0.394
122,,0.08289,0.314,0.2,0.586,0.78,0.78,0.78,0.374
123,,0.06289,0.294,0.18,0.566,0.76,0.76,0.76,0.354
124,,0.04289,0.274,0.16,0.546,0.74,0.74,0.74,0.334
125,,0.02289,0.254,0.14,0.526,0.72,0.72,0.72,0.314
126,,0.00289,0.234,0.12,0.506,0.7,0.7,0.7,0.294
127,,-0.01711,0.214,0.1,0.486,0.68,0.68,0.68,0.274
128,1,0.98289,0.577,0.18,0.283,0.36,0.477,0.76,0.637
129,1,1.0,0.94,0.26,0.08,0.04,0.274,0.84,1.0
130,,0.98,0.92,0.24,0.06,0.02,0.254,0.82,0.98
131,,0.96,0.9,0.22,0.04,0.0,0.234,0.8,0.96
132,,0.94,0.88,0.2,0.02,-0.02,0.214,0.78,0.94
133,5,0.62,0.677,0.28,0.383,0.98,0.577,0.86,0.737
134,5,0.3,0.474,0.36,0.746,1.0,0.94,0.94,0.534
135,,0.28,0.454,0.34,0.726,0.98,0.92,0.92,0.514
136,,0.26,0.434,0.32,0.706,0.96,0.9,0.9,0.494
137,,0.24,0.414,0.3,0.686,0.94,0.88,0.88,0.474
138,,0.22,0.394,0.28,0.666,0.92,0.86,0.86,0.454
139,,0.2,0.374,0.26,0.646,0.9,0.84,0.84,0.434
140,,0.18,0.354,0.24,0.626,0.88,0.82,0.82,0.414
141,,0.16,0.334,0.22,0.606,0.86,0.8,0.8,0.394
142,,0.14,0.314,0.2,0.586,0.84,0.78,0.78,0.374
143,,0.12,0.294,0.18,0.566,0.82,0.76,0.76,0.354
144,,0.1,0.274,0.16,0.546,0.8,0.74,0.74,0.334
145,,0.08,0.254,0.14,0.526,0.78,0.72,0.72,0.314
146,,0.06,0.234,0.12,0.506,0.76,0.7,0.7,0.294
147,,0.04,0.214,0.1,0.486,0.74,0.68,0.68,0.274
148,,0.02,0.194,0.08,0.466,0.72,0.66,0.66,0.254
149,,0.0,0.174,0.06,0.446,0.7,0.64,0.64,0.234
150,,-0.02,0.154,0.04,0.426,0.68,0.62,0.62,0.214
151,1,0.98,0.517,0.12,0.223,0.36,0.417,0.7,0.577
152,1,1.0,0.88,0.2,0.02,0.04,0.214,0.78,0.94
153,,0.98,0.86,0.18,0.0,0.02,0.194,0.76,0.92
154,,0.96,0.84,0.16,-0.02,0.0,0.174,0.74,0.9
155,4,0.757,0.92,0.523,0.98,0.363,0.254,0.537,0.58
156,4,0.554,1.0,0.886,1.0,0.726,0.334,0.334,0.26
157,,0.534,0.98,0.866,0.98,0.706,0.314,0.314,0.24
158,,0.514,0.96,0.846,0.96,0.686,0.294,0.294,0.22
159,,0.494,0.94,0.826,0.94,0.666,0.274,0.274,0.2
160,,0.474,0.92,0.806,0.92,0.646,0.254,0.254,0.18
161,,0.454,0.9,0.786,0.9,0.626,0.234,0.234,0.16
162,,0.434,0.88,0.766,0.88,0.606,0.214,0.214,0.14
163,,0.414,0.86,0.746,0.86,0.586,0.194,0.194,0.12
164,,0.394,0.84,0.726,0.84,0.566,0.174,0.174,0.1
165,,0.374,0.82,0.706,0.82,0.546,0.154,0.154,0.08
166,,0.354,0.8,0.686,0.8,0.526,0.134,0.134,0.06
167,,0.334,0.78,0.666,0.78,0.506,0.114,0.114,0.04
168,,0.314,0.76,0.646,0.76,0.486,0.094,0.094,0.02
169,,0.294,0.74,0.626,0.74,0.466,0.074,0.074,0.0
170,,0.274,0.72,0.606,0.72,0.446,0.054,0.054,-0.02
171,8,0.637,0.8,0.403,0.4,0.243,0.134,0.417,0.98
172,8,1.0,0.88,0.2,0.08,0.04,0.214,0.78,1.0
173,,0.98,0.86,0.18,0.06,0.02,0.194,0.76,0.98
174,,0.96,0.84,0.16,0.04,0.0,0.174,0.74,0.96
175,,0.94,0.82,0.14,0.02,-0.02,0.154,0.72,0.94
176,5,0.62,0.617,0.22,0.383,0.98,0.517,0.8,0.737
177,5,0.3,0.414,0.3,0.746,1.0,0.88,0.88,0.534
178,,0.28,0.394,0.28,0.726,0.98,0.86,0.86,0.514
179,,0.26,0.374,0.26,0.706,0.96,0.84,0.84,0.494
180,,0.24,0.354,0.24,0.686,0.94,0.82,0.82,0.474
181,,0.22,0.334,0.22,0.666,0.92,0.8,0.8,0.454
182,,0.2,0.314,0.2,0.646,0.9,0.78,0.78,0.434
183,,0.18,0.294,0.18,0.626,0.88,0.76,0.76,0.414
184,,0.16,0.274,0.16,0.606,0.86,0.74,0.74,0.394
185,,0.14,0.254,0.14,0.586,0.84,0.72,0.72,0.374
186,,0.12,0.234,0.12,0.566,0.82,0.7,0.7,0.354
187,,0.1,0.214,0.1,0.546,0.8,0.68,0.68,0.334
188,,0.08,0.194,0.08,0.526,0.78,0.66,0.66,0.314
189,,0.06,0.174,0.06,0.506,0.76,0.64,0.64,0.294
190,,0.04,0.154,0.04,0.486,0.74,0.62,0.62,0.274
191,,0.02,0.134,0.02,0.466,0.72,0.6,0.6,0.254
192,,0.0,0.114,0.0,0.446,0.7,0.58,0.58,0.234
193,,-0.02,0.094,-0.02,0.426,0.68,0.56,0.56,0.214
194,3,0.06,0.457,0.98,0.789,0.76,0.357,0.24,0.011
195,3,0.14,0.82,1.0,1.0,0.84,0.154,-0.08,-0.192
196,8,0.503,0.9,0.797,0.68,0.637,0.234,0.283,0.808
197,8,0.866,0.98,0.594,0.36,0.434,0.314,0.646,1.0
198,,0.846,0.96,0.574,0.34,0.414,0.294,0.626,0.98
199,,0.826,0.94,0.554,0.32,0.394,0.274,0.606,0.96
200,,0.806,0.92,0.534,0.3,0.374,0.254,0.586,0.94
201,,0.786,0.9,0.514,0.28,0.354,0.234,0.566,0.92
202,,0.766,0.88,0.494,0.26,0.334,0.214,0.546,0.9
203,,0.746,0.86,0.474,0.24,0.314,0.194,0.526,0.88
204,,0.726,0.84,0.454,0.22,0.294,0.174,0.506,0.86
205,,0.706,0.82,0.434,0.2,0.274,0.154,0.486,0.84
206,,0.686,0.8,0.414,0.18,0.254,0.134,0.466,0.82
207,,0.666,0.78,0.394,0.16,0.234,0.114,0.446,0.8
208,,0.646,0.76,0.374,0.14,0.214,0.094,0.426,0.78
209,,0.626,0.74,0.354,0.12,0.194,0.074,0.406,0.76
210,,0.606,0.72,0.334,0.1,0.174,0.054,0.386,0.74
211,,0.586,0.7,0.314,0.08,0.154,0.034,0.366,0.72
212,,0.566,0.68,0.294,0.06,0.134,0.014,0.346,0.7
213,,0.546,0.66,0.274,0.04,0.114,-0.006,0.326,0.68
214,6,0.343,0.34,0.071,0.12,0.477,0.994,0.689,0.76
215,6,0.14,0.02,-0.132,0.2,0.84,1.0,1.0,0.84
216,3,0.22,0.383,0.868,0.563,0.92,0.797,0.68,0.637
217,3,0.3,0.746,1.0,0.926,1.0,0.594,0.36,0.434
218,,0.28,0.726,0.98,0.906,0.98,0.574,0.34,0.414
219,,0.26,0.706,0.96,0.886,0.96,0.554,0.32,0.394
220,,0.24,0.686,0.94,0.866,0.94,0.534,0.3,0.374
221,,0.22,0.666,0.92,0.846,0.92,0.514,0.28,0.354
222,,0.2,0.646,0.9,0.826,0.9,0.494,0.26,0.334
223,,0.18,0.626,0.88,0.806,0.88,0.474,0.24,0.314
224,,0.16,0.606,0.86,0.786,0.86,0.454,0.22,0.294
225,,0.14,0.586,0.84,0.766,0.84,0.434,0.2,0.274
226,,0.12,0.566,0.82,0.746,0.82,0.414,0.18,0.254
227,,0.1,0.546,0.8,0.726,0.8,0.394,0.16,0.234
228,,0.08,0.526,0.78,0.706,0.78,0.374,0.14,0.214
229,,0.06,0.506,0.76,0.686,0.76,0.354,0.12,0.194
230,,0.04,0.486,0.74,0.666,0.74,0.334,0.1,0.174
231,,0.02,0.466,0.72,0.646,0.72,0.314,0.08,0.154
232,,0.0,0.446,0.7,0.626,0.7,0.294,0.06,0.134
233,,-0.02,0.426,0.68,0.606,0.68,0.274,0.04,0.114
234,1,0.98,0.789,0.76,0.403,0.36,0.071,0.12,0.477
235,1,1.0,1.0,0.84,0.2,0.04,-0.132,0.2,0.84
236,6,0.797,0.68,0.637,0.28,0.403,0.868,0.563,0.92
237,6,0.594,0.36,0.434,0.36,0.766,1.0,0.926,1.0
238,,0.574,0.34,0.414,0.34,0.746,0.98,0.906,0.98
239,,0.554,0.32,0.394,0.32,0.726,0.96,0.886,0.96
240,,0.534,0.3,0.374,0.3,0.706,0.94,0.866,0.94
241,,0.514,0.28,0.354,0.28,0.686,0.92,0.846,0.92
242,,0.494,0.26,0.334,0.26,0.666,0.9,0.826,0.9
243,,0.474,0.24,0.314,0.24,0.646,0.88,0.806,0.88
244,,0.454,0.22,0.294,0.22,0.626,0.86,0.786,0.86
245,,0.434,0.2,0.274,0.2,0.606,0.84,0.766,0.84
246,,0.414,0.18,0.254,0.18,0.586,0.82,0.746,0.82
247,,0.394,0.16,0.234,0.16,0.566,0.8,0.726,0.8
248,,0.374,0.14,0.214,0.14,0.546,0.78,0.706,0.78
249,,0.354,0.12,0.194,0.12,0.526,0.76,0.686,0.76
250,,0.334,0.1,0.174,0.1,0.506,0.74,0.666,0.74
251,,0.314,0.08,0.154,0.08,0.486,0.72,0.646,0.72
252,,0.294,0.06,0.134,0.06,0.466,0.7,0.626,0.7
253,,0.274,0.04,0.114,0.04,0.446,0.68,0.606,0.68
254,,0.254,0.02,0.094,0.02,0.426,0.66,0.586,0.66
255,,0.234,0.0,0.074,0.0,0.406,0.64,0.566,0.64
256,,0.214,-0.02,0.054,-0.02,0.386,0.62,0.546,0.62
257,2,0.577,0.98,0.417,0.06,0.183,0.3,0.343,0.7
258,2,0.94,1.0,0.78,0.14,-0.02,-0.02,0.14,0.78
259,6,0.737,0.68,0.577,0.22,0.343,0.98,0.503,0.86
260,6,0.534,0.36,0.374,0.3,0.706,1.0,0.866,0.94
261,,0.514,0.34,0.354,0.28,0.686,0.98,0.846,0.92
262,,0.494,0.32,0.334,0.26,0.666,0.96,0.826,0.9
263,,0.474,0.3,0.314,0.24,0.646,0.94,0.806,0.88
264,,0.454,0.28,0.294,0.22,0.626,0.92,0.786,0.86
265,,0.434,0.26,0.274,0.2,0.606,0.9,0.766,0.84
266,,0.414,0.24,0.254,0.18,0.586,0.88,0.746,0.82
267,,0.394,0.22,0.234,0.16,0.566,0.86,0.726,0.8
268,,0.374,0.2,0.214,0.14,0.546,0.84,0.706,0.78
269,,0.354,0.18,0.194,0.12,0.526,0.82,0.686,0.76
270,,0.334,0.16,0.174,0.1,0.506,0.8,0.666,0.74
271,,0.314,0.14,0.154,0.08,0.486,0.78,0.646,0.72
272,,0.294,0.12,0.134,0.06,0.466,0.76,0.626,0.7
273,,0.274,0.1,0.114,0.04,0.446,0.74,0.606,0.68
274,,0.254,0.08,0.094,0.02,0.426,0.72,0.586,0.66
275,,0.234,0.06,0.074,0.0,0.406,0.7,0.566,0.64
276,,0.214,0.04,0.054,-0.02,0.386,0.68,0.546,0.62
277,4,0.011,0.12,0.417,0.98,0.749,0.76,0.343,0.3
278,4,-0.192,0.2,0.78,1.0,1.0,0.84,0.14,-0.02
279,1,0.808,0.563,0.86,0.797,0.68,0.637,0.22,0.343
280,1,1.0,0.926,0.94,0.594,0.36,0.434,0.3,0.706
281,,0.98,0.906,0.92,0.574,0.34,0.414,0.28,0.686
282,,0.96,0.886,0.9,0.554,0.32,0.394,0.26,0.666
283,,0.94,0.866,0.88,0.534,0.3,0.374,0.24,0.646
284,,0.92,0.846,0.86,0.514,0.28,0.354,0.22,0.626
285,,0.9,0.826,0.84,0.494,0.26,0.334,0.2,0.606
286,,0.88,0.806,0.82,0.474,0.24,0.314,0.18,0.586
287,,0.86,0.786,0.8,0.454,0.22,0.294,0.16,0.566
288,,0.84,0.766,0.78,0.434,0.2,0.274,0.14,0.546
289,,0.82,0.746,0.76,0.414,0.18,0.254,0.12,0.526
290,,0.8,0.726,0.74,0.394,0.16,0.234,0.1,0.506
291,,0.78,0.706,0.72,0.374,0.14,0.214,0.08,0.486
292,,0.76,0.686,0.7,0.354,0.12,0.194,0.06,0.466
293,,0.74,0.666,0.68,0.334,0.1,0.174,0.04,0.446
294,,0.72,0.646,0.66,0.314,0.08,0.154,0.02,0.426
295,,0.7,0.626,0.64,0.294,0.06,0.134,0.0,0.406
296,,0.68,0.606,0.62,0.274,0.04,0.114,-0.02,0.386
297,7,0.76,0.403,0.3,0.071,0.12,0.477,0.98,0.749
298,7,0.84,0.2,-0.02,-0.132,0.2,0.84,1.0,1.0
299,4,0.637,0.28,0.343,0.868,0.563,0.92,0.797,0.68
300,4,0.434,0.36,0.706,1.0,0.926,1.0,0.594,0.36
301,,0.414,0.34,0.686,0.98,0.906,0.98,0.574,0.34
302,,0.394,0.32,0.666,0.96,0.886,0.96,0.554,0.32
303,,0.374,0.3,0.646,0.94,0.866,0.94,0.534,0.3
304,,0.354,0.28,0.626,0.92,0.846,0.92,0.514,0.28
305,,0.334,0.26,0.606,0.9,0.826,0.9,0.494,0.26
306,,0.314,0.24,0.586,0.88,0.806,0.88,0.474,0.24
307,,0.294,0.22,0.566,0.86,0.786,0.86,0.454,0.22
308,,0.274,0.2,0.546,0.84,0.766,0.84,0.434,0.2
309,,0.254,0.18,0.526,0.82,0.746,0.82,0.414,0.18
310,,0.234,0.16,0.506,0.8,0.726,0.8,0.394,0.16
311,,0.214,0.14,0.486,0.78,0.706,0.78,0.374,0.14
312,,0.194,0.12,0.466,0.76,0.686,0.76,0.354,0.12
313,,0.174,0.1,0.446,0.74,0.666,0.74,0.334,0.1
314,,0.154,0.08,0.426,0.72,0.646,0.72,0.314,0.08
315,,0.134,0.06,0.406,0.7,0.626,0.7,0.294,0.06
316,,0.114,0.04,0.386,0.68,0.606,0.68,0.274,0.04
317,,0.094,0.02,0.366,0.66,0.586,0.66,0.254,0.02
318,,0.074,0.0,0.346,0.64,0.566,0.64,0.234,0.0
319,,0.054,-0.02,0.326,0.62,0.546,0.62,0.214,-0.02
320,8,0.417,0.06,0.123,0.3,0.343,0.7,0.577,0.98
321,8,0.78,0.14,-0.08,-0.02,0.14,0.78,0.94,1.0
322,3,0.86,0.503,0.92,0.343,0.22,0.577,0.62,0.797
323,3,0.94,0.866,1.0,0.706,0.3,0.374,0.3,0.594
324,,0.92,0.846,0.98,0.686,0.28,0.354,0.28,0.574
325,,0.9,0.826,0.96,0.666,0.26,0.334,0.26,0.554
326,,0.88,0.806,0.94,0.646,0.24,0.314,0.24,0.534
327,,0.86,0.786,0.92,0.626,0.22,0.294,0.22,0.514
328,,0.84,0.766,0.9,0.606,0.2,0.274,0.2,0.494
329,,0.82,0.746,0.88,0.586,0.18,0.254,0.18,0.474
330,,0.8,0.726,0.86,0.566,0.16,0.234,0.16,0.454
331,,0.78,0.706,0.84,0.546,0.14,0.214,0.14,0.434
332,,0.76,0.686,0.82,0.526,0.12,0.194,0.12,0.414
333,,0.74,0.666,0.8,0.506,0.1,0.174,0.1,0.394
334,,0.72,0.646,0.78,0.486,0.08,0.154,0.08,0.374
335,,0.7,0.626,0.76,0.466,0.06,0.134,0.06,0.354
336,,0.68,0.606,0.74,0.446,0.04,0.114,0.04,0.334
337,,0.66,0.586,0.72,0.426,0.02,0.094,0.02,0.314
338,,0.64,0.566,0.7,0.406,0.0,0.074,0.0,0.294
339,,0.62,0.546,0.68,0.386,-0.02,0.054,-0.02,0.274
340,5,0.3,0.343,0.76,0.749,0.98,0.417,0.06,0.071
341,5,-0.02,0.14,0.84,1.0,1.0,0.78,0.14,-0.132
342,8,0.343,0.22,0.637,0.68,0.797,0.86,0.503,0.868
343,8,0.706,0.3,0.434,0.36,0.594,0.94,0.866,1.0
344,,0.686,0.28,0.414,0.34,0.574,0.92,0.846,0.98
345,,0.666,0.26,0.394,0.32,0.554,0.9,0.826,0.96
346,,0.646,0.24,0.374,0.3,0.534,0.88,0.806,0.94
347,,0.626,0.22,0.354,0.28,0.514,0.86,0.786,0.92
348,,0.606,0.2,0.334,0.26,0.494,0.84,0.766,0.9
349,,0.586,0.18,0.314,0.24,0.474,0.82,0.746,0.88
350,,0.566,0.16,0.294,0.22,0.454,0.8,0.726,0.86
351,,0.546,0.14,0.274,0.2,0.434,0.78,0.706,0.84
352,,0.526,0.12,0.254,0.18,0.414,0.76,0.686,0.82
353,,0.506,0.1,0.234,0.16,0.394,0.74,0.666,0.8
354,,0.486,0.08,0.214,0.14,0.374,0.72,0.646,0.78
355,,0.466,0.06,0.194,0.12,0.354,0.7,0.626,0.76
356,,0.446,0.04,0.174,0.1,0.334,0.68,0.606,0.74
357,,0.426,0.02,0.154,0.08,0.314,0.66,0.586,0.72
358,,0.406,0.0,0.134,0.06,0.294,0.64,0.566,0.7
359,,0.386,-0.02,0.114,0.04,0.274,0.62,0.546,0.68
360,2,0.749,0.98,0.477,0.12,0.071,0.3,0.343,0.76
361,2,1.0,1.0,0.84,0.2,-0.132,-0.02,0.14,0.84
362,5,0.68,0.797,0.92,0.563,0.868,0.343,0.22,0.637
363,5,0.36,0.594,1.0,0.926,1.0,0.706,0.3,0.434
364,,0.34,0.574,0.98,0.906,0.98,0.686,0.28,0.414
365,,0.32,0.554,0.96,0.886,0.96,0.666,0.26,0.394
366,,0.3,0.534,0.94,0.866,0.94,0.646,0.24,0.374
367,,0.28,0.514,0.92,0.846,0.92,0.626,0.22,0.354
368,,0.26,0.494,0.9,0.826,0.9,0.606,0.2,0.334
369,,0.24,0.474,0.88,0.806,0.88,0.586,0.18,0.314
370,,0.22,0.454,0.86,0.786,0.86,0.566,0.16,0.294
371,,0.2,0.434,0.84,0.766,0.84,0.546,0.14,0.274
372,,0.18,0.414,0.82,0.746,0.82,0.526,0.12,0.254
373,,0.16,0.394,0.8,0.726,0.8,0.506,0.1,0.234
374,,0.14,0.374,0.78,0.706,0.78,0.486,0.08,0.214
375,,0.12,0.354,0.76,0.686,0.76,0.466,0.06,0.194
376,,0.1,0.334,0.74,0.666,0.74,0.446,0.04,0.174
377,,0.08,0.314,0.72,0.646,0.72,0.426,0.02,0.154
378,,0.06,0.294,0.7,0.626,0.7,0.406,0.0,0.134
379,,0.04,0.274,0.68,0.606,0.68,0.386,-0.02,0.114
380,7,0.12,0.071,0.36,0.403,0.76,0.749,0.98,0.477
381,7,0.2,-0.132,0.04,0.2,0.84,1.0,1.0,0.84
382,2,0.563,0.868,0.403,0.28,0.637,0.68,0.797,0.92
383,2,0.926,1.0,0.766,0.36,0.434,0.36,0.594,1.0
384,,0.906,0.98,0.746,0.34,0.414,0.34,0.574,0.98
385,,0.886,0.96,0.726,0.32,0.394,0.32,0.554,0.96
386,,0.866,0.94,0.706,0.3,0.374,0.3,0.534,0.94
387,,0.846,0.92,0.686,0.28,0.354,0.28,0.514,0.92
388,,0.826,0.9,0.666,0.26,0.334,0.26,0.494,0.9
389,,0.806,0.88,0.646,0.24,0.314,0.24,0.474,0.88
390,,0.786,0.86,0.626,0.22,0.294,0.22,0.454,0.86
391,,0.766,0.84,0.606,0.2,0.274,0.2,0.434,0.84
392,,0.746,0.82,0.586,0.18,0.254,0.18,0.414,0.82
393,,0.726,0.8,0.566,0.16,0.234,0.16,0.394,0.8
394,,0.706,0.78,0.546,0.14,0.214,0.14,0.374,0.78
395,,0.686,0.76,0.526,0.12,0.194,0.12,0.354,0.76
396,,0.666,0.74,0.506,0.1,0.174,0.1,0.334,0.74
397,,0.646,0.72,0.486,0.08,0.154,0.08,0.314,0.72
398,,0.626,0.7,0.466,0.06,0.134,0.06,0.294,0.7
399,,0.606,0.68,0.446,0.04,0.114,0.04,0.274,0.68
400,,0.586,0.66,0.426,0.02,0.094,0.02,0.254,0.66
401,,0.566,0.64,0.406,0.0,0.074,0.0,0.234,0.64
402,,0.546,0.62,0.386,-0.02,0.054,-0.02,0.214,0.62
403,4,0.343,0.7,0.749,0.98,0.417,0.06,0.011,0.3
404,4,0.14,0.78,1.0,1.0,0.78,0.14,-0.192,-0.02
405,7,0.22,0.577,0.68,0.797,0.86,0.503,0.808,0.343
406,7,0.3,0.374,0.36,0.594,0.94,0.866,1.0,0.706
407,,0.28,0.354,0.34,0.574,0.92,0.846,0.98,0.686
408,,0.26,0.334,0.32,0.554,0.9,0.826,0.96,0.666
409,,0.24,0.314,0.3,0.534,0.88,0.806,0.94,0.646
410,,0.22,0.294,0.28,0.514,0.86,0.786,0.92,0.626
411,,0.2,0.274,0.26,0.494,0.84,0.766,0.9,0.606
412,,0.18,0.254,0.24,0.474,0.82,0.746,0.88,0.586
413,,0.16,0.234,0.22,0.454,0.8,0.726,0.86,0.566
414,,0.14,0.214,0.2,0.434,0.78,0.706,0.84,0.546
415,,0.12,0.194,0.18,0.414,0.76,0.686,0.82,0.526
416,,0.1,0.174,0.16,0.394,0.74,0.666,0.8,0.506
417,,0.08,0.154,0.14,0.374,0.72,0.646,0.78,0.486
418,,0.06,0.134,0.12,0.354,0.7,0.626,0.76,0.466
419,,0.04,0.114,0.1,0.334,0.68,0.606,0.74,0.446
420,,0.02,0.094,0.08,0.314,0.66,0.586,0.72,0.426
421,,0.0,0.074,0.06,0.294,0.64,0.566,0.7,0.406
422,,-0.02,0.054,0.04,0.274,0.62,0.546,0.68,0.386
423,1,0.98,0.417,0.12,0.071,0.3,0.343,0.76,0.749
424,1,1.0,0.78,0.2,-0.132,-0.02,0.14,0.84,1.0
425,4,0.797,0.86,0.563,0.868,0.343,0.22,0.637,0.68
426,4,0.594,0.94,0.926,1.0,0.706,0.3,0.434,0.36
427,,0.574,0.92,0.906,0.98,0.686,0.28,0.414,0.34
428,,0.554,0.9,0.886,0.96,0.666,0.26,0.394,0.32
429,,0.534,0.88,0.866,0.94,0.646,0.24,0.374,0.3
430,,0.514,0.86,0.846,0.92,0.626,0.22,0.354,0.28
431,,0.494,0.84,0.826,0.9,0.606,0.2,0.334,0.26
432,,0.474,0.82,0.806,0.88,0.586,0.18,0.314,0.24
433,,0.454,0.8,0.786,0.86,0.566,0.16,0.294,0.22
434,,0.434,0.78,0.766,0.84,0.546,0.14,0.274,0.2
435,,0.414,0.76,0.746,0.82,0.526,0.12,0.254,0.18
436,,0.394,0.74,0.726,0.8,0.506,0.1,0.234,0.16
437,,0.374,0.72,0.706,0.78,0.486,0.08,0.214,0.14
438,,0.354,0.7,0.686,0.76,0.466,0.06,0.194,0.12
439,,0.334,0.68,0.666,0.74,0.446,0.04,0.174,0.1
440,,0.314,0.66,0.646,0.72,0.426,0.02,0.154,0.08
441,,0.294,0.64,0.626,0.7,0.406,0.0,0.134,0.06
442,,0.274,0.62,0.606,0.68,0.386,-0.02,0.114,0.04
443,6,0.071,0.3,0.403,0.76,0.749,0.98,0.477,0.12
444,6,-0.132,-0.02,0.2,0.84,1.0,1.0,0.84,0.2
445,1,0.868,0.343,0.28,0.637,0.68,0.797,0.92,0.563
446,1,1.0,0.706,0.36,0.434,0.36,0.594,1.0,0.926
447,,0.98,0.686,0.34,0.414,0.34,0.574,0.98,0.906
448,,0.96,0.666,0.32,0.394,0.32,0.554,0.96,0.886
449,,0.94,0.646,0.3,0.374,0.3,0.534,0.94,0.866
450,,0.92,0.626,0.28,0.354,0.28,0.514,0.92,0.846
451,,0.9,0.606,0.26,0.334,0.26,0.494,0.9,0.826
452,,0.88,0.586,0.24,0.314,0.24,0.474,0.88,0.806
453,,0.86,0.566,0.22,0.294,0.22,0.454,0.86,0.786
454,,0.84,0.546,0.2,0.274,0.2,0.434,0.84,0.766
455,,0.82,0.526,0.18,0.254,0.18,0.414,0.82,0.746
456,,0.8,0.506,0.16,0.234,0.16,0.394,0.8,0.726
457,,0.78,0.486,0.14,0.214,0.14,0.374,0.78,0.706
458,,0.76,0.466,0.12,0.194,0.12,0.354,0.76,0.686
459,,0.74,0.446,0.1,0.174,0.1,0.334,0.74,0.666
460,,0.72,0.426,0.08,0.154,0.08,0.314,0.72,0.646
461,,0.7,0.406,0.06,0.134,0.06,0.294,0.7,0.626
462,,0.68,0.386,0.04,0.114,0.04,0.274,0.68,0.606
463,,0.66,0.366,0.02,0.094,0.02,0.254,0.66,0.586
464,,0.64,0.346,0.0,0.074,0.0,0.234,0.64,0.566
465,,0.62,0.326,-0.02,0.054,-0.02,0.214,0.62,0.546
466,5,0.3,0.123,0.06,0.417,0.98,0.577,0.7,0.343
467,5,-0.02,-0.08,0.14,0.78,1.0,0.94,0.78,0.14
468,2,0.343,0.92,0.503,0.86,0.797,0.62,0.577,0.22
469,2,0.706,1.0,0.866,0.94,0.594,0.3,0.374,0.3
470,,0.686,0.98,0.846,0.92,0.574,0.28,0.354,0.28
471,,0.666,0.96,0.826,0.9,0.554,0.26,0.334,0.26
472,,0.646,0.94,0.806,0.88,0.534,0.24,0.314,0.24
473,,0.626,0.92,0.786,0.86,0.514,0.22,0.294,0.22
474,,0.606,0.9,0.766,0.84,0.494,0.2,0.274,0.2
475,,0.586,0.88,0.746,0.82,0.474,0.18,0.254,0.18
476,,0.566,0.86,0.726,0.8,0.454,0.16,0.234,0.16
477,,0.546,0.84,0.706,0.78,0.434,0.14,0.214,0.14
478,,0.526,0.82,0.686,0.76,0.414,0.12,0.194,0.12
479,,0.506,0.8,0.666,0.74,0.394,0.1,0.174,0.1
480,,0.486,0.78,0.646,0.72,0.374,0.08,0.154,0.08
481,,0.466,0.76,0.626,0.7,0.354,0.06,0.134,0.06
482,,0.446,0.74,0.606,0.68,0.334,0.04,0.114,0.04
483,,0.426,0.72,0.586,0.66,0.314,0.02,0.094,0.02
484,,0.406,0.7,0.566,0.64,0.294,0.0,0.074,0.0
485,,0.386,0.68,0.546,0.62,0.274,-0.02,0.054,-0.02
486,6,0.183,0.36,0.343,0.7,0.637,0.98,0.417,0.06
487,6,-0.02,0.04,0.14,0.78,1.0,1.0,0.78,0.14
488,1,0.98,0.403,0.22,0.577,0.68,0.797,0.86,0.503
489,1,1.0,0.766,0.3,0.374,0.36,0.594,0.94,0.866
490,,0.98,0.746,0.28,0.354,0.34,0.574,0.92,0.846
491,,0.96,0.726,0.26,0.334,0.32,0.554,0.9,0.826
492,,0.94,0.706,0.24,0.314,0.3,0.534,0.88,0.806
493,,0.92,0.686,0.22,0.294,0.28,0.514,0.86,0.786
494,,0.9,0.666,0.2,0.274,0.26,0.494,0.84,0.766
495,,0.88,0.646,0.18,0.254,0.24,0.474,0.82,0.746
496,,0.86,0.626,0.16,0.234,0.22,0.454,0.8,0.726
497,,0.84,0.606,0.14,0.214,0.2,0.434,0.78,0.706
498,,0.82,0.586,0.12,0.194,0.18,0.414,0.76,0.686
499,,0.8,0.566,0.1,0.174,0.16,0.394,0.74,0.666
500,,0.78,0.546,0.08,0.154,0.14,0.374,0.72,0.646
501,,0.76,0.526,0.06,0.134,0.12,0.354,0.7,0.626
502,,0.74,0.506,0.04,0.114,0.1,0.334,0.68,0.606
503,,0.72,0.486,0.02,0.094,0.08,0.314,0.66,0.586
504,,0.7,0.466,0.0,0.074,0.06,0.294,0.64,0.566
505,,0.68,0.446,-0.02,0.054,0.04,0.274,0.62,0.546
506,3,0.76,0.809,0.98,0.417,0.12,0.071,0.3,0.343
507,3,0.84,1.0,1.0,0.78,0.2,-0.132,-0.02,0.14
508,6,0.637,0.68,0.797,0.86,0.563,0.868,0.343,0.22
509,6,0.434,0.36,0.594,0.94,0.926,1.0,0.706,0.3
510,,0.414,0.34,0.574,0.92,0.906,0.98,0.686,0.28
511,,0.394,0.32,0.554,0.9,0.886,0.96,0.666,0.26
512,,0.374,0.3,0.534,0.88,0.866,0.94,0.646,0.24
513,,0.354,0.28,0.514,0.86,0.846,0.92,0.626,0.22
514,,0.334,0.26,0.494,0.84,0.826,0.9,0.606,0.2
515,,0.314,0.24,0.474,0.82,0.806,0.88,0.586,0.18
516,,0.294,0.22,0.454,0.8,0.786,0.86,0.566,0.16
517,,0.274,0.2,0.434,0.78,0.766,0.84,0.546,0.14
518,,0.254,0.18,0.414,0.76,0.746,0.82,0.526,0.12
519,,0.234,0.16,0.394,0.74,0.726,0.8,0.506,0.1
520,,0.214,0.14,0.374,0.72,0.706,0.78,0.486,0.08
521,,0.194,0.12,0.354,0.7,0.686,0.76,0.466,0.06
522,,0.174,0.1,0.334,0.68,0.666,0.74,0.446,0.04
523,,0.154,0.08,0.314,0.66,0.646,0.72,0.426,0.02
524,,0.134,0.06,0.294,0.64,0.626,0.7,0.406,0.0
525,,0.114,0.04,0.274,0.62,0.606,0.68,0.386,-0.02
526,8,0.477,0.12,0.071,0.3,0.403,0.76,0.749,0.98
527,8,0.84,0.2,-0.132,-0.02,0.2,0.84,1.0,1.0
528,3,0.92,0.563,0.868,0.343,0.28,0.637,0.68,0.797
529,3,1.0,0.926,1.0,0.706,0.36,0.434,0.36,0.594
530,,0.98,0.906,0.98,0.686,0.34,0.414,0.34,0.574
531,,0.96,0.886,0.96,0.666,0.32,0.394,0.32,0.554
532,,0.94,0.866,0.94,0.646,0.3,0.374,0.3,0.534
533,,0.92,0.846,0.92,0.626,0.28,0.354,0.28,0.514
534,,0.9,0.826,0.9,0.606,0.26,0.334,0.26,0.494
535,,0.88,0.806,0.88,0.586,0.24,0.314,0.24,0.474
536,,0.86,0.786,0.86,0.566,0.22,0.294,0.22,0.454
537,,0.84,0.766,0.84,0.546,0.2,0.274,0.2,0.434
538,,0.82,0.746,0.82,0.526,0.18,0.254,0.18,0.414
539,,0.8,0.726,0.8,0.506,0.16,0.234,0.16,0.394
540,,0.78,0.706,0.78,0.486,0.14,0.214,0.14,0.374
541,,0.76,0.686,0.76,0.466,0.12,0.194,0.12,0.354
542,,0.74,0.666,0.74,0.446,0.1,0.174,0.1,0.334
543,,0.72,0.646,0.72,0.426,0.08,0.154,0.08,0.314
544,,0.7,0.626,0.7,0.406,0.06,0.134,0.06,0.294
545,,0.68,0.606,0.68,0.386,0.04,0.114,0.04,0.274
546,,0.66,0.586,0.66,0.366,0.02,0.094,0.02,0.254
547,,0.64,0.566,0.64,0.346,0.0,0.074,0.0,0.234
548,,0.62,0.546,0.62,0.326,-0.02,0.054,-0.02,0.214
549,5,0.3,0.343,0.7,0.689,0.98,0.417,0.06,0.011
550,5,-0.02,0.14,0.78,1.0,1.0,0.78,0.14,-0.192
551,8,0.343,0.22,0.577,0.68,0.797,0.86,0.503,0.808
552,8,0.706,0.3,0.374,0.36,0.594,0.94,0.866,1.0
553,,0.686,0.28,0.354,0.34,0.574,0.92,0.846,0.98
554,,0.666,0.26,0.334,0.32,0.554,0.9,0.826,0.96
555,,0.646,0.24,0.314,0.3,0.534,0.88,0.806,0.94
556,,0.626,0.22,0.294,0.28,0.514,0.86,0.786,0.92
557,,0.606,0.2,0.274,0.26,0.494,0.84,0.766,0.9
558,,0.586,0.18,0.254,0.24,0.474,0.82,0.746,0.88
559,,0.566,0.16,0.234,0.22,0.454,0.8,0.726,0.86
560,,0.546,0.14,0.214,0.2,0.434,0.78,0.706,0.84
561,,0.526,0.12,0.194,0.18,0.414,0.76,0.686,0.82
562,,0.506,0.1,0.174,0.16,0.394,0.74,0.666,0.8
563,,0.486,0.08,0.154,0.14,0.374,0.72,0.646,0.78
564,,0.466,0.06,0.134,0.12,0.354,0.7,0.626,0.76
565,,0.446,0.04,0.114,0.1,0.334,0.68,0.606,0.74
566,,0.426,0.02,0.094,0.08,0.314,0.66,0.586,0.72
567,,0.406,0.0,0.074,0.06,0.294,0.64,0.566,0.7
568,,0.386,-0.02,0.054,0.04,0.274,0.62,0.546,0.68
569,2,0.749,0.98,0.417,0.12,0.071,0.3,0.343,0.76
570,2,1.0,1.0,0.78,0.2,-0.132,-0.02,0.14,0.84
571,5,0.68,0.797,0.86,0.563,0.868,0.343,0.22,0.637
572,5,0.36,0.594,0.94,0.926,1.0,0.706,0.3,0.434
573,,0.34,0.574,0.92,0.906,0.98,0.686,0.28,0.414
574,,0.32,0.554,0.9,0.886,0.96,0.666,0.26,0.394
575,,0.3,0.534,0.88,0.866,0.94,0.646,0.24,0.374
576,,0.28,0.514,0.86,0.846,0.92,0.626,0.22,0.354
577,,0.26,0.494,0.84,0.826,0.9,0.606,0.2,0.334
578,,0.24,0.474,0.82,0.806,0.88,0.586,0.18,0.314
579,,0.22,0.454,0.8,0.786,0.86,0.566,0.16,0.294
580,,0.2,0.434,0.78,0.766,0.84,0.546,0.14,0.274
581,,0.18,0.414,0.76,0.746,0.82,0.526,0.12,0.254
582,,0.16,0.394,0.74,0.726,0.8,0.506,0.1,0.234
583,,0.14,0.374,0.72,0.706,0.78,0.486,0.08,0.214
584,,0.12,0.354,0.7,0.686,0.76,0.466,0.06,0.194
585,,0.1,0.334,0.68,0.666,0.74,0.446,0.04,0.174
586,,0.08,0.314,0.66,0.646,0.72,0.426,0.02,0.154
587,,0.06,0.294,0.64,0.626,0.7,0.406,0.0,0.134
588,,0.04,0.274,0.62,0.606,0.68,0.386,-0.02,0.114
589,7,0.12,0.071,0.3,0.403,0.76,0.749,0.98,0.477
590,7,0.2,-0.132,-0.02,0.2,0.84,1.0,1.0,0.84
591,2,0.563,0.868,0.343,0.28,0.637,0.68,0.797,0.92
592,2,0.926,1.0,0.706,0.36,0.434,0.36,0.594,1.0
593,,0.906,0.98,0.686,0.34,0.414,0.34,0.574,0.98
594,,0.886,0.96,0.666,0.32,0.394,0.32,0.554,0.96
595,,0.866,0.94,0.646,0.3,0.374,0.3,0.534,0.94
596,,0.846,0.92,0.626,0.28,0.354,0.28,0.514,0.92
597,,0.826,0.9,0.606,0.26,0.334,0.26,0.494,0.9
598,,0.806,0.88,0.586,0.24,0.314,0.24,0.474,0.88
599,,0.786,0.86,0.566,0.22,0.294,0.22,0.454,0.86
600,,0.766,0.84,0.546,0.2,0.274,0.2,0.434,0.84
601,,0.746,0.82,0.526,0.18,0.254,0.18,0.414,0.82
602,,0.726,0.8,0.506,0.16,0.234,0.16,0.394,0.8
603,,0.706,0.78,0.486,0.14,0.214,0.14,0.374,0.78
604,,0.686,0.76,0.466,0.12,0.194,0.12,0.354,0.76
605,,0.666,0.74,0.446,0.1,0.174,0.1,0.334,0.74
606,,0.646,0.72,0.426,0.08,0.154,0.08,0.314,0.72
607,,0.626,0.7,0.406,0.06,0.134,0.06,0.294,0.7
608,,0.606,0.68,0.386,0.04,0.114,0.04,0.274,0.68
609,,0.586,0.66,0.366,0.02,0.094,0.02,0.254,0.66
610,,0.566,0.64,0.346,0.0,0.074,0.0,0.234,0.64
611,,0.546,0.62,0.326,-0.02,0.054,-0.02,0.214,0.62
612,6,0.343,0.3,0.123,0.06,0.417,0.98,0.577,0.7
613,6,0.14,-0.02,-0.08,0.14,0.78,1.0,0.94,0.78
614,3,0.22,0.343,0.92,0.503,0.86,0.797,0.62,0.577
615,3,0.3,0.706,1.0,0.866,0.94,0.594,0.3,0.374
616,,0.28,0.686,0.98,0.846,0.92,0.574,0.28,0.354
617,,0.26,0.666,0.96,0.826,0.9,0.554,0.26,0.334
618,,0.24,0.646,0.94,0.806,0.88,0.534,0.24,0.314
619,,0.22,0.626,0.92,0.786,0.86,0.514,0.22,0.294
620,,0.2,0.606,0.9,0.766,0.84,0.494,0.2,0.274
621,,0.18,0.586,0.88,0.746,0.82,0.474,0.18,0.254
622,,0.16,0.566,0.86,0.726,0.8,0.454,0.16,0.234
623,,0.14,0.546,0.84,0.706,0.78,0.434,0.14,0.214
624,,0.12,0.526,0.82,0.686,0.76,0.414,0.12,0.194
625,,0.1,0.506,0.8,0.666,0.74,0.394,0.1,0.174
626,,0.08,0.486,0.78,0.646,0.72,0.374,0.08,0.154
627,,0.06,0.466,0.76,0.626,0.7,0.354,0.06,0.134
628,,0.04,0.446,0.74,0.606,0.68,0.334,0.04,0.114
629,,0.02,0.426,0.72,0.586,0.66,0.314,0.02,0.094
630,,0.0,0.406,0.7,0.566,0.64,0.294,0.0,0.074
631,,-0.02,0.386,0.68,0.546,0.62,0.274,-0.02,0.054
632,1,0.98,0.749,0.76,0.343,0.3,0.071,0.06,0.417
633,1,1.0,1.0,0.84,0.14,-0.02,-0.132,0.14,0.78
634,6,0.797,0.68,0.637,0.22,0.343,0.868,0.503,0.86
635,6,0.594,0.36,0.434,0.3,0.706,1.0,0.866,0.94
636,,0.574,0.34,0.414,0.28,0.686,0.98,0.846,0.92
637,,0.554,0.32,0.394,0.26,0.666,0.96,0.826,0.9
638,,0.534,0.3,0.374,0.24,0.646,0.94,0.806,0.88
639,,0.514,0.28,0.354,0.22,0.626,0.92,0.786,0.86
640,,0.494,0.26,0.334,0.2,0.606,0.9,0.766,0.84
641,,0.474,0.24,0.314,0.18,0.586,0.88,0.746,0.82
642,,0.454,0.22,0.294,0.16,0.566,0.86,0.726,0.8
643,,0.434,0.2,0.274,0.14,0.546,0.84,0.706,0.78
644,,0.414,0.18,0.254,0.12,0.526,0.82,0.686,0.76
645,,0.394,0.16,0.234,0.1,0.506,0.8,0.666,0.74
646,,0.374,0.14,0.214,0.08,0.486,0.78,0.646,0.72
647,,0.354,0.12,0.194,0.06,0.466,0.76,0.626,0.7
648,,0.334,0.1,0.174,0.04,0.446,0.74,0.606,0.68
649,,0.314,0.08,0.154,0.02,0.426,0.72,0.586,0.66
650,,0.294,0.06,0.134,0.0,0.406,0.7,0.566,0.64
651,,0.274,0.04,0.114,-0.02,0.386,0.68,0.546,0.62
652,4,0.071,0.12,0.477,0.98,0.749,0.76,0.343,0.3
653,4,-0.132,0.2,0.84,1.0,1.0,0.84,0.14,-0.02
654,1,0.868,0.563,0.92,0.797,0.68,0.637,0.22,0.343
655,1,1.0,0.926,1.0,0.594,0.36,0.434,0.3,0.706
656,,0.98,0.906,0.98,0.574,0.34,0.414,0.28,0.686
657,,0.96,0.886,0.96,0.554,0.32,0.394,0.26,0.666
658,,0.94,0.866,0.94,0.534,0.3,0.374,0.24,0.646
659,,0.92,0.846,0.92,0.514,0.28,0.354,0.22,0.626
660,,0.9,0.826,0.9,0.494,0.26,0.334,0.2,0.606
661,,0.88,0.806,0.88,0.474,0.24,0.314,0.18,0.586
662,,0.86,0.786,0.86,0.454,0.22,0.294,0.16,0.566
663,,0.84,0.766,0.84,0.434,0.2,0.274,0.14,0.546
664,,0.82,0.746,0.82,0.414,0.18,0.254,0.12,0.526
665,,0.8,0.726,0.8,0.394,0.16,0.234,0.1,0.506
666,,0.78,0.706,0.78,0.374,0.14,0.214,0.08,0.486
667,,0.76,0.686,0.76,0.354,0.12,0.194,0.06,0.466
668,,0.74,0.666,0.74,0.334,0.1,0.174,0.04,0.446
669,,0.72,0.646,0.72,0.314,0.08,0.154,0.02,0.426
670,,0.7,0.626,0.7,0.294,0.06,0.134,0.0,0.406
671,,0.68,0.606,0.68,0.274,0.04,0.114,-0.02,0.386
672,7,0.76,0.403,0.36,0.071,0.12,0.477,0.98,0.749
673,7,0.84,0.2,0.04,-0.132,0.2,0.84,1.0,1.0
674,4,0.637,0.28,0.403,0.868,0.563,0.92,0.797,0.68
675,4,0.434,0.36,0.766,1.0,0.926,1.0,0.594,0.36
676,,0.414,0.34,0.746,0.98,0.906,0.98,0.574,0.34
677,,0.394,0.32,0.726,0.96,0.886,0.96,0.554,0.32
678,,0.374,0.3,0.706,0.94,0.866,0.94,0.534,0.3
679,,0.354,0.28,0.686,0.92,0.846,0.92,0.514,0.28
680,,0.334,0.26,0.666,0.9,0.826,0.9,0.494,0.26
681,,0.314,0.24,0.646,0.88,0.806,0.88,0.474,0.24
682,,0.294,0.22,0.626,0.86,0.786,0.86,0.454,0.22
683,,0.274,0.2,0.606,0.84,0.766,0.84,0.434,0.2
684,,0.254,0.18,0.586,0.82,0.746,0.82,0.414,0.18
685,,0.234,0.16,0.566,0.8,0.726,0.8,0.394,0.16
686,,0.214,0.14,0.546,0.78,0.706,0.78,0.374,0.14
687,,0.194,0.12,0.526,0.76,0.686,0.76,0.354,0.12
688,,0.174,0.1,0.506,0.74,0.666,0.74,0.334,0.1
689,,0.154,0.08,0.486,0.72,0.646,0.72,0.314,0.08
690,,0.134,0.06,0.466,0.7,0.626,0.7,0.294,0.06
691,,0.114,0.04,0.446,0.68,0.606,0.68,0.274,0.04
692,,0.094,0.02,0.426,0.66,0.586,0.66,0.254,0.02
693,,0.074,0.0,0.406,0.64,0.566,0.64,0.234,0.0
694,,0.054,-0.02,0.386,0.62,0.546,0.62,0.214,-0.02
695,2,0.417,0.98,0.749,0.7,0.343,0.3,0.011,0.06
696,2,0.78,1.0,1.0,0.78,0.14,-0.02,-0.192,0.14
697,7,0.86,0.797,0.68,0.577,0.22,0.343,0.808,0.503
698,7,0.94,0.594,0.36,0.374,0.3,0.706,1.0,0.866
699,,0.92,0.574,0.34,0.354,0.28,0.686,0.98,0.846
700,,0.9,0.554,0.32,0.334,0.26,0.666,0.96,0.826
701,,0.88,0.534,0.3,0.314,0.24,0.646,0.94,0.806
702,,0.86,0.514,0.28,0.294,0.22,0.626,0.92,0.786
703,,0.84,0.494,0.26,0.274,0.2,0.606,0.9,0.766
704,,0.82,0.474,0.24,0.254,0.18,0.586,0.88,0.746
705,,0.8,0.454,0.22,0.234,0.16,0.566,0.86,0.726
706,,0.78,0.434,0.2,0.214,0.14,0.546,0.84,0.706
707,,0.76,0.414,0.18,0.194,0.12,0.526,0.82,0.686
708,,0.74,0.394,0.16,0.174,0.1,0.506,0.8,0.666
709,,0.72,0.374,0.14,0.154,0.08,0.486,0.78,0.646
710,,0.7,0.354,0.12,0.134,0.06,0.466,0.76,0.626
711,,0.68,0.334,0.1,0.114,0.04,0.446,0.74,0.606
712,,0.66,0.314,0.08,0.094,0.02,0.426,0.72,0.586
713,,0.64,0.294,0.06,0.074,0.0,0.406,0.7,0.566
714,,0.62,0.274,0.04,0.054,-0.02,0.386,0.68,0.546
715,5,0.3,0.071,0.12,0.417,0.98,0.749,0.76,0.343
716,5,-0.02,-0.132,0.2,0.78,1.0,1.0,0.84,0.14
717,2,0.343,0.868,0.563,0.86,0.797,0.68,0.637,0.22
718,2,0.706,1.0,0.926,0.94,0.594,0.36,0.434,0.3
719,,0.686,0.98,0.906,0.92,0.574,0.34,0.414,0.28
720,,0.666,0.96,0.886,0.9,0.554,0.32,0.394,0.26
721,,0.646,0.94,0.866,0.88,0.534,0.3,0.374,0.24
722,,0.626,0.92,0.846,0.86,0.514,0.28,0.354,0.22
723,,0.606,0.9,0.826,0.84,0.494,0.26,0.334,0.2
724,,0.586,0.88,0.806,0.82,0.474,0.24,0.314,0.18
725,,0.566,0.86,0.786,0.8,0.454,0.22,0.294,0.16
726,,0.546,0.84,0.766,0.78,0.434,0.2,0.274,0.14
727,,0.526,0.82,0.746,0.76,0.414,0.18,0.254,0.12
728,,0.506,0.8,0.726,0.74,0.394,0.16,0.234,0.1
729,,0.486,0.78,0.706,0.72,0.374,0.14,0.214,0.08
730,,0.466,0.76,0.686,0.7,0.354,0.12,0.194,0.06
731,,0.446,0.74,0.666,0.68,0.334,0.1,0.174,0.04
732,,0.426,0.72,0.646,0.66,0.314,0.08,0.154,0.02
733,,0.406,0.7,0.626,0.64,0.294,0.06,0.134,0.0
734,,0.386,0.68,0.606,0.62,0.274,0.04,0.114,-0.02
735,8,0.749,0.76,0.403,0.3,0.071,0.12,0.477,0.98
736,8,1.0,0.84,0.2,-0.02,-0.132,0.2,0.84,1.0
737,5,0.68,0.637,0.28,0.343,0.868,0.563,0.92,0.797
738,5,0.36,0.434,0.36,0.706,1.0,0.926,1.0,0.594
739,,0.34,0.414,0.34,0.686,0.98,0.906,0.98,0.574
740,,0.32,0.394,0.32,0.666,0.96,0.886,0.96,0.554
741,,0.3,0.374,0.3,0.646,0.94,0.866,0.94,0.534
742,,0.28,0.354,0.28,0.626,0.92,0.846,0.92,0.514
743,,0.26,0.334,0.26,0.606,0.9,0.826,0.9,0.494
744,,0.24,0.314,0.24,0.586,0.88,0.806,0.88,0.474
745,,0.22,0.294,0.22,0.566,0.86,0.786,0.86,0.454
746,,0.2,0.274,0.2,0.546,0.84,0.766,0.84,0.434
747,,0.18,0.254,0.18,0.526,0.82,0.746,0.82,0.414
748,,0.16,0.234,0.16,0.506,0.8,0.726,0.8,0.394
749,,0.14,0.214,0.14,0.486,0.78,0.706,0.78,0.374
750,,0.12,0.194,0.12,0.466,0.76,0.686,0.76,0.354
751,,0.1,0.174,0.1,0.446,0.74,0.666,0.74,0.334
752,,0.08,0.154,0.08,0.426,0.72,0.646,0.72,0.314
753,,0.06,0.134,0.06,0.406,0.7,0.626,0.7,0.294
754,,0.04,0.114,0.04,0.386,0.68,0.606,0.68,0.274
755,,0.02,0.094,0.02,0.366,0.66,0.586,0.66,0.254
756,,0.0,0.074,0.0,0.346,0.64,0.566,0.64,0.234
757,,-0.02,0.054,-0.02,0.326,0.62,0.546,0.62,0.214
758,3,0.06,0.417,0.98,0.689,0.7,0.343,0.3,0.011
759,3,0.14,0.78,1.0,1.0,0.78,0.14,-0.02,-0.192
760,8,0.503,0.86,0.797,0.68,0.577,0.22,0.343,0.808
761,8,0.866,0.94,0.594,0.36,0.374,0.3,0.706,1.0
762,,0.846,0.92,0.574,0.34,0.354,0.28,0.686,0.98
763,,0.826,0.9,0.554,0.32,0.334,0.26,0.666,0.96
764,,0.806,0.88,0.534,0.3,0.314,0.24,0.646,0.94
765,,0.786,0.86,0.514,0.28,0.294,0.22,0.626,0.92
766,,0.766,0.84,0.494,0.26,0.274,0.2,0.606,0.9
767,,0.746,0.82,0.474,0.24,0.254,0.18,0.586,0.88
768,,0.726,0.8,0.454,0.22,0.234,0.16,0.566,0.86
769,,0.706,0.78,0.434,0.2,0.214,0.14,0.546,0.84
770,,0.686,0.76,0.414,0.18,0.194,0.12,0.526,0.82
771,,0.666,0.74,0.394,0.16,0.174,0.1,0.506,0.8
772,,0.646,0.72,0.374,0.14,0.154,0.08,0.486,0.78
773,,0.626,0.7,0.354,0.12,0.134,0.06,0.466,0.76
774,,0.606,0.68,0.334,0.1,0.114,0.04,0.446,0.74
775,,0.586,0.66,0.314,0.08,0.094,0.02,0.426,0.72
776,,0.566,0.64,0.294,0.06,0.074,0.0,0.406,0.7
777,,0.546,0.62,0.274,0.04,0.054,-0.02,0.386,0.68
778,6,0.343,0.3,0.071,0.12,0.417,0.98,0.749,0.76
779,6,0.14,-0.02,-0.132,0.2,0.78,1.0,1.0,0.84
780,3,0.22,0.343,0.868,0.563,0.86,0.797,0.68,0.637
781,3,0.3,0.706,1.0,0.926,0.94,0.594,0.36,0.434
782,,0.28,0.686,0.98,0.906,0.92,0.574,0.34,0.414
783,,0.26,0.666,0.96,0.886,0.9,0.554,0.32,0.394
784,,0.24,0.646,0.94,0.866,0.88,0.534,0.3,0.374
785,,0.22,0.626,0.92,0.846,0.86,0.514,0.28,0.354
786,,0.2,0.606,0.9,0.826,0.84,0.494,0.26,0.334
787,,0.18,0.586,0.88,0.806,0.82,0.474,0.24,0.314
788,,0.16,0.566,0.86,0.786,0.8,0.454,0.22,0.294
789,,0.14,0.546,0.84,0.766,0.78,0.434,0.2,0.274
790,,0.12,0.526,0.82,0.746,0.76,0.414,0.18,0.254
791,,0.1,0.506,0.8,0.726,0.74,0.394,0.16,0.234
792,,0.08,0.486,0.78,0.706,0.72,0.374,0.14,0.214
793,,0.06,0.466,0.76,0.686,0.7,0.354,0.12,0.194
794,,0.04,0.446,0.74,0.666,0.68,0.334,0.1,0.174
795,,0.02,0.426,0.72,0.646,0.66,0.314,0.08,0.154
796,,0.0,0.406,0.7,0.626,0.64,0.294,0.06,0.134
797,,-0.02,0.386,0.68,0.606,0.62,0.274,0.04,0.114
798,1,0.98,0.749,0.76,0.403,0.3,0.071,0.12,0.477
799,1,1.0,1.0,0.84,0.2,-0.02,-0.132,0.2,0.84
800,6,0.797,0.68,0.637,0.28,0.343,0.868,0.563,0.92
801,6,0.594,0.36,0.434,0.36,0.706,1.0,0.926,1.0
802,,0.574,0.34,0.414,0.34,0.686,0.98,0.906,0.98
803,,0.554,0.32,0.394,0.32,0.666,0.96,0.886,0.96
804,,0.534,0.3,0.374,0.3,0.646,0.94,0.866,0.94
805,,0.514,0.28,0.354,0.28,0.626,0.92,0.846,0.92
