step,active_motive,motive_1,motive_2,motive_3,motive_4,motive_5,motive_6,motive_7,motive_8
0,,0.07698,0.28975,0.16122,0.9297,0.80812,0.6334,0.87146,0.80367
1,,0.05698,0.26975,0.14122,0.9097,0.78812,0.6134,0.85146,0.78367
2,,0.03698,0.24975,0.12122,0.8897,0.76812,0.5934,0.83146,0.76367
3,,0.01698,0.22975,0.10122,0.8697,0.74812,0.5734,0.81146,0.74367
4,,-0.00302,0.20975,0.08122,0.8497,0.72812,0.5534,0.79146,0.72367
5,1,0.99698,0.57275,0.16122,0.6467,0.40812,0.3504,0.87146,1.0
6,1,1.0,0.93575,0.24122,0.4437,0.08812,0.1474,0.95146,1.0
7,,0.98,0.91575,0.22122,0.4237,0.06812,0.1274,0.93146,0.98
8,,0.96,0.89575,0.20122,0.4037,0.04812,0.1074,0.91146,0.96
9,,0.94,0.87575,0.18122,0.3837,0.02812,0.0874,0.89146,0.94
10,,0.92,0.85575,0.16122,0.3637,0.00812,0.0674,0.87146,0.92
11,,0.9,0.83575,0.14122,0.3437,-0.01188,0.0474,0.85146,0.9
12,5,0.58,0.63275,0.22122,0.7067,0.98812,0.4104,0.93146,0.697
13,5,0.26,0.42975,0.30122,1.0,1.0,0.7734,1.0,0.494
14,,0.24,0.40975,0.28122,0.98,0.98,0.7534,0.98,0.474
15,,0.22,0.38975,0.26122,0.96,0.96,0.7334,0.96,0.454
16,,0.2,0.36975,0.24122,0.94,0.94,0.7134,0.94,0.434
17,,0.18,0.34975,0.22122,0.92,0.92,0.6934,0.92,0.414
18,,0.16,0.32975,0.20122,0.9,0.9,0.6734,0.9,0.394
19,,0.14,0.30975,0.18122,0.88,0.88,0.6534,0.88,0.374
20,,0.12,0.28975,0.16122,0.86,0.86,0.6334,0.86,0.354
21,,0.1,0.26975,0.14122,0.84,0.84,0.6134,0.84,0.334
22,,0.08,0.24975,0.12122,0.82,0.82,0.5934,0.82,0.314
23,,0.06,0.22975,0.10122,0.8,0.8,0.5734,0.8,0.294
24,,0.04,0.20975,0.08122,0.78,0.78,0.5534,0.78,0.274
25,,0.02,0.18975,0.06122,0.76,0.76,0.5334,0.76,0.254
26,,0.0,0.16975,0.04122,0.74,0.74,0.5134,0.74,0.234
27,,-0.02,0.14975,0.02122,0.72,0.72,0.4934,0.72,0.214
28,1,0.98,0.51275,0.10122,0.517,0.4,0.2904,0.8,0.577
29,1,1.0,0.87575,0.18122,0.314,0.08,0.0874,0.88,0.94
30,,0.98,0.85575,0.16122,0.294,0.06,0.0674,0.86,0.92
31,,0.96,0.83575,0.14122,0.274,0.04,0.0474,0.84,0.9
32,,0.94,0.81575,0.12122,0.254,0.02,0.0274,0.82,0.88
33,,0.92,0.79575,0.10122,0.234,0.0,0.0074,0.8,0.86
34,,0.9,0.77575,0.08122,0.214,-0.02,-0.0126,0.78,0.84
35,5,0.58,0.57275,0.16122,0.577,0.98,0.3504,0.86,0.637
36,5,0.26,0.36975,0.24122,0.94,1.0,0.7134,0.94,0.434
37,,0.24,0.34975,0.22122,0.92,0.98,0.6934,0.92,0.414
38,,0.22,0.32975,0.20122,0.9,0.96,0.6734,0.9,0.394
39,,0.2,0.30975,0.18122,0.88,0.94,0.6534,0.88,0.374
40,,0.18,0.28975,0.16122,0.86,0.92,0.6334,0.86,0.354
41,,0.16,0.26975,0.14122,0.84,0.9,0.6134,0.84,0.334
42,,0.14,0.24975,0.12122,0.82,0.88,0.5934,0.82,0.314
43,,0.12,0.22975,0.10122,0.8,0.86,0.5734,0.8,0.294
44,,0.1,0.20975,0.08122,0.78,0.84,0.5534,0.78,0.274
45,,0.08,0.18975,0.06122,0.76,0.82,0.5334,0.76,0.254
46,,0.06,0.16975,0.04122,0.74,0.8,0.5134,0.74,0.234
47,,0.04,0.14975,0.02122,0.72,0.78,0.4934,0.72,0.214
48,,0.02,0.12975,0.00122,0.7,0.76,0.4734,0.7,0.194
49,,0.0,0.10975,-0.01878,0.68,0.74,0.4534,0.68,0.174
50,3,0.08,0.47275,0.98122,1.0,0.82,0.2504,0.36,-0.029
51,3,0.16,0.83575,1.0,1.0,0.9,0.0474,0.04,-0.232
52,8,0.523,0.91575,0.797,0.68,0.697,0.1274,0.403,0.768
53,8,0.886,0.99575,0.594,0.36,0.494,0.2074,0.766,1.0
54,,0.866,0.97575,0.574,0.34,0.474,0.1874,0.746,0.98
55,,0.846,0.95575,0.554,0.32,0.454,0.1674,0.726,0.96
56,,0.826,0.93575,0.534,0.3,0.434,0.1474,0.706,0.94
57,,0.806,0.91575,0.514,0.28,0.414,0.1274,0.686,0.92
58,,0.786,0.89575,0.494,0.26,0.394,0.1074,0.666,0.9
59,,0.766,0.87575,0.474,0.24,0.374,0.0874,0.646,0.88
60,,0.746,0.85575,0.454,0.22,0.354,0.0674,0.626,0.86
61,,0.726,0.83575,0.434,0.2,0.334,0.0474,0.606,0.84
62,,0.706,0.81575,0.414,0.18,0.314,0.0274,0.586,0.82
63,,0.686,0.79575,0.394,0.16,0.294,0.0074,0.566,0.8
64,,0.666,0.77575,0.374,0.14,0.274,-0.0126,0.546,0.78
65,6,0.463,0.45575,0.171,0.22,0.637,0.9874,0.909,0.86
66,6,0.26,0.13575,-0.032,0.3,1.0,1.0,1.0,0.94
67,3,0.34,0.49875,0.968,0.663,1.0,0.797,0.68,0.737
68,3,0.42,0.86175,1.0,1.0,1.0,0.594,0.36,0.534
69,,0.4,0.84175,0.98,0.98,0.98,0.574,0.34,0.514
70,,0.38,0.82175,0.96,0.96,0.96,0.554,0.32,0.494
71,,0.36,0.80175,0.94,0.94,0.94,0.534,0.3,0.474
72,,0.34,0.78175,0.92,0.92,0.92,0.514,0.28,0.454
73,,0.32,0.76175,0.9,0.9,0.9,0.494,0.26,0.434
74,,0.3,0.74175,0.88,0.88,0.88,0.474,0.24,0.414
75,,0.28,0.72175,0.86,0.86,0.86,0.454,0.22,0.394
76,,0.26,0.70175,0.84,0.84,0.84,0.434,0.2,0.374
77,,0.24,0.68175,0.82,0.82,0.82,0.414,0.18,0.354
78,,0.22,0.66175,0.8,0.8,0.8,0.394,0.16,0.334
79,,0.2,0.64175,0.78,0.78,0.78,0.374,0.14,0.314
80,,0.18,0.62175,0.76,0.76,0.76,0.354,0.12,0.294
81,,0.16,0.60175,0.74,0.74,0.74,0.334,0.1,0.274
82,,0.14,0.58175,0.72,0.72,0.72,0.314,0.08,0.254
83,,0.12,0.56175,0.7,0.7,0.7,0.294,0.06,0.234
84,,0.1,0.54175,0.68,0.68,0.68,0.274,0.04,0.214
85,,0.08,0.52175,0.66,0.66,0.66,0.254,0.02,0.194
86,,0.06,0.50175,0.64,0.64,0.64,0.234,0.0,0.174
87,,0.04,0.48175,0.62,0.62,0.62,0.214,-0.02,0.154
88,7,0.12,0.27875,0.3,0.417,0.7,0.577,0.98,0.517
89,7,0.2,0.07575,-0.02,0.214,0.78,0.94,1.0,0.88
90,3,0.28,0.43875,0.98,0.577,0.86,0.737,0.68,0.677
91,3,0.36,0.80175,1.0,0.94,0.94,0.534,0.36,0.474
92,,0.34,0.78175,0.98,0.92,0.92,0.514,0.34,0.454
93,,0.32,0.76175,0.96,0.9,0.9,0.494,0.32,0.434
94,,0.3,0.74175,0.94,0.88,0.88,0.474,0.3,0.414
95,,0.28,0.72175,0.92,0.86,0.86,0.454,0.28,0.394
96,,0.26,0.70175,0.9,0.84,0.84,0.434,0.26,0.374
97,,0.24,0.68175,0.88,0.82,0.82,0.414,0.24,0.354
98,,0.22,0.66175,0.86,0.8,0.8,0.394,0.22,0.334
99,,0.2,0.64175,0.84,0.78,0.78,0.374,0.2,0.314
100,,0.18,0.62175,0.82,0.76,0.76,0.354,0.18,0.294
101,,0.16,0.60175,0.8,0.74,0.74,0.334,0.16,0.274
102,,0.14,0.58175,0.78,0.72,0.72,0.314,0.14,0.254
103,,0.12,0.56175,0.76,0.7,0.7,0.294,0.12,0.234
104,,0.1,0.54175,0.74,0.68,0.68,0.274,0.1,0.214
105,,0.08,0.52175,0.72,0.66,0.66,0.254,0.08,0.194
106,,0.06,0.50175,0.7,0.64,0.64,0.234,0.06,0.174
107,,0.04,0.48175,0.68,0.62,0.62,0.214,0.04,0.154
108,,0.02,0.46175,0.66,0.6,0.6,0.194,0.02,0.134
109,,0.0,0.44175,0.64,0.58,0.58,0.174,0.0,0.114
110,,-0.02,0.42175,0.62,0.56,0.56,0.154,-0.02,0.094
111,7,0.06,0.21875,0.3,0.357,0.64,0.517,0.98,0.457
112,7,0.14,0.01575,-0.02,0.154,0.72,0.88,1.0,0.82
113,3,0.22,0.37875,0.98,0.517,0.8,0.677,0.68,0.617
114,3,0.3,0.74175,1.0,0.88,0.88,0.474,0.36,0.414
115,,0.28,0.72175,0.98,0.86,0.86,0.454,0.34,0.394
116,,0.26,0.70175,0.96,0.84,0.84,0.434,0.32,0.374
117,,0.24,0.68175,0.94,0.82,0.82,0.414,0.3,0.354
118,,0.22,0.66175,0.92,0.8,0.8,0.394,0.28,0.334
119,,0.2,0.64175,0.9,0.78,0.78,0.374,0.26,0.314
120,,0.18,0.62175,0.88,0.76,0.76,0.354,0.24,0.294
121,,0.16,0.60175,0.86,0.74,0.74,0.334,0.22,0.274
122,,0.14,0.58175,0.84,0.72,0.72,0.314,0.2,0.254
123,,0.12,0.56175,0.82,0.7,0.7,0.294,0.18,0.234
124,,0.1,0.54175,0.8,0.68,0.68,0.274,0.16,0.214
125,,0.08,0.52175,0.78,0.66,0.66,0.254,0.14,0.194
126,,0.06,0.50175,0.76,0.64,0.64,0.234,0.12,0.174
127,,0.04,0.48175,0.74,0.62,0.62,0.214,0.1,0.154
128,,0.02,0.46175,0.72,0.6,0.6,0.194,0.08,0.134
129,,0.0,0.44175,0.7,0.58,0.58,0.174,0.06,0.114
130,,-0.02,0.42175,0.68,0.56,0.56,0.154,0.04,0.094
131,1,0.98,0.78475,0.76,0.357,0.24,-0.049,0.12,0.457
132,1,1.0,1.0,0.84,0.154,-0.08,-0.252,0.2,0.82
133,6,0.797,0.68,0.637,0.234,0.283,0.748,0.563,0.9
134,6,0.594,0.36,0.434,0.314,0.646,1.0,0.926,0.98
135,,0.574,0.34,0.414,0.294,0.626,0.98,0.906,0.96
136,,0.554,0.32,0.394,0.274,0.606,0.96,0.886,0.94
137,,0.534,0.3,0.374,0.254,0.586,0.94,0.866,0.92
138,,0.514,0.28,0.354,0.234,0.566,0.92,0.846,0.9
139,,0.494,0.26,0.334,0.214,0.546,0.9,0.826,0.88
140,,0.474,0.24,0.314,0.194,0.526,0.88,0.806,0.86
141,,0.454,0.22,0.294,0.174,0.506,0.86,0.786,0.84
142,,0.434,0.2,0.274,0.154,0.486,0.84,0.766,0.82
143,,0.414,0.18,0.254,0.134,0.466,0.82,0.746,0.8
144,,0.394,0.16,0.234,0.114,0.446,0.8,0.726,0.78
145,,0.374,0.14,0.214,0.094,0.426,0.78,0.706,0.76
146,,0.354,0.12,0.194,0.074,0.406,0.76,0.686,0.74
147,,0.334,0.1,0.174,0.054,0.386,0.74,0.666,0.72
148,,0.314,0.08,0.154,0.034,0.366,0.72,0.646,0.7
149,,0.294,0.06,0.134,0.014,0.346,0.7,0.626,0.68
150,,0.274,0.04,0.114,-0.006,0.326,0.68,0.606,0.66
151,4,0.071,0.12,0.477,0.994,0.689,0.76,0.403,0.34
152,4,-0.132,0.2,0.84,1.0,1.0,0.84,0.2,0.02
153,1,0.868,0.563,0.92,0.797,0.68,0.637,0.28,0.383
154,1,1.0,0.926,1.0,0.594,0.36,0.434,0.36,0.746
155,,0.98,0.906,0.98,0.574,0.34,0.414,0.34,0.726
156,,0.96,0.886,0.96,0.554,0.32,0.394,0.32,0.706
157,,0.94,0.866,0.94,0.534,0.3,0.374,0.3,0.686
158,,0.92,0.846,0.92,0.514,0.28,0.354,0.28,0.666
159,,0.9,0.826,0.9,0.494,0.26,0.334,0.26,0.646
160,,0.88,0.806,0.88,0.474,0.24,0.314,0.24,0.626
161,,0.86,0.786,0.86,0.454,0.22,0.294,0.22,0.606
162,,0.84,0.766,0.84,0.434,0.2,0.274,0.2,0.586
163,,0.82,0.746,0.82,0.414,0.18,0.254,0.18,0.566
164,,0.8,0.726,0.8,0.394,0.16,0.234,0.16,0.546
165,,0.78,0.706,0.78,0.374,0.14,0.214,0.14,0.526
166,,0.76,0.686,0.76,0.354,0.12,0.194,0.12,0.506
167,,0.74,0.666,0.74,0.334,0.1,0.174,0.1,0.486
168,,0.72,0.646,0.72,0.314,0.08,0.154,0.08,0.466
169,,0.7,0.626,0.7,0.294,0.06,0.134,0.06,0.446
170,,0.68,0.606,0.68,0.274,0.04,0.114,0.04,0.426
171,,0.66,0.586,0.66,0.254,0.02,0.094,0.02,0.406
172,,0.64,0.566,0.64,0.234,0.0,0.074,0.0,0.386
173,,0.62,0.546,0.62,0.214,-0.02,0.054,-0.02,0.366
174,7,0.7,0.343,0.3,0.011,0.06,0.417,0.98,0.729
175,7,0.78,0.14,-0.02,-0.192,0.14,0.78,1.0,1.0
176,4,0.577,0.22,0.343,0.808,0.503,0.86,0.797,0.68
177,4,0.374,0.3,0.706,1.0,0.866,0.94,0.594,0.36
178,,0.354,0.28,0.686,0.98,0.846,0.92,0.574,0.34
179,,0.334,0.26,0.666,0.96,0.826,0.9,0.554,0.32
180,,0.314,0.24,0.646,0.94,0.806,0.88,0.534,0.3
181,,0.294,0.22,0.626,0.92,0.786,0.86,0.514,0.28
182,,0.274,0.2,0.606,0.9,0.766,0.84,0.494,0.26
183,,0.254,0.18,0.586,0.88,0.746,0.82,0.474,0.24
184,,0.234,0.16,0.566,0.86,0.726,0.8,0.454,0.22
185,,0.214,0.14,0.546,0.84,0.706,0.78,0.434,0.2
186,,0.194,0.12,0.526,0.82,0.686,0.76,0.414,0.18
187,,0.174,0.1,0.506,0.8,0.666,0.74,0.394,0.16
188,,0.154,0.08,0.486,0.78,0.646,0.72,0.374,0.14
189,,0.134,0.06,0.466,0.76,0.626,0.7,0.354,0.12
190,,0.114,0.04,0.446,0.74,0.606,0.68,0.334,0.1
191,,0.094,0.02,0.426,0.72,0.586,0.66,0.314,0.08
192,,0.074,0.0,0.406,0.7,0.566,0.64,0.294,0.06
193,,0.054,-0.02,0.386,0.68,0.546,0.62,0.274,0.04
194,2,0.417,0.98,0.749,0.76,0.343,0.3,0.071,0.12
195,2,0.78,1.0,1.0,0.84,0.14,-0.02,-0.132,0.2
196,7,0.86,0.797,0.68,0.637,0.22,0.343,0.868,0.563
197,7,0.94,0.594,0.36,0.434,0.3,0.706,1.0,0.926
198,,0.92,0.574,0.34,0.414,0.28,0.686,0.98,0.906
199,,0.9,0.554,0.32,0.394,0.26,0.666,0.96,0.886
200,,0.88,0.534,0.3,0.374,0.24,0.646,0.94,0.866
201,,0.86,0.514,0.28,0.354,0.22,0.626,0.92,0.846
202,,0.84,0.494,0.26,0.334,0.2,0.606,0.9,0.826
203,,0.82,0.474,0.24,0.314,0.18,0.586,0.88,0.806
204,,0.8,0.454,0.22,0.294,0.16,0.566,0.86,0.786
205,,0.78,0.434,0.2,0.274,0.14,0.546,0.84,0.766
206,,0.76,0.414,0.18,0.254,0.12,0.526,0.82,0.746
207,,0.74,0.394,0.16,0.234,0.1,0.506,0.8,0.726
208,,0.72,0.374,0.14,0.214,0.08,0.486,0.78,0.706
209,,0.7,0.354,0.12,0.194,0.06,0.466,0.76,0.686
210,,0.68,0.334,0.1,0.174,0.04,0.446,0.74,0.666
211,,0.66,0.314,0.08,0.154,0.02,0.426,0.72,0.646
212,,0.64,0.294,0.06,0.134,0.0,0.406,0.7,0.626
213,,0.62,0.274,0.04,0.114,-0.02,0.386,0.68,0.606
214,5,0.3,0.071,0.12,0.477,0.98,0.749,0.76,0.403
215,5,-0.02,-0.132,0.2,0.84,1.0,1.0,0.84,0.2
216,2,0.343,0.868,0.563,0.92,0.797,0.68,0.637,0.28
217,2,0.706,1.0,0.926,1.0,0.594,0.36,0.434,0.36
218,,0.686,0.98,0.906,0.98,0.574,0.34,0.414,0.34
219,,0.666,0.96,0.886,0.96,0.554,0.32,0.394,0.32
220,,0.646,0.94,0.866,0.94,0.534,0.3,0.374,0.3
221,,0.626,0.92,0.846,0.92,0.514,0.28,0.354,0.28
222,,0.606,0.9,0.826,0.9,0.494,0.26,0.334,0.26
223,,0.586,0.88,0.806,0.88,0.474,0.24,0.314,0.24
224,,0.566,0.86,0.786,0.86,0.454,0.22,0.294,0.22
225,,0.546,0.84,0.766,0.84,0.434,0.2,0.274,0.2
226,,0.526,0.82,0.746,0.82,0.414,0.18,0.254,0.18
227,,0.506,0.8,0.726,0.8,0.394,0.16,0.234,0.16
228,,0.486,0.78,0.706,0.78,0.374,0.14,0.214,0.14
229,,0.466,0.76,0.686,0.76,0.354,0.12,0.194,0.12
230,,0.446,0.74,0.666,0.74,0.334,0.1,0.174,0.1
231,,0.426,0.72,0.646,0.72,0.314,0.08,0.154,0.08
232,,0.406,0.7,0.626,0.7,0.294,0.06,0.134,0.06
233,,0.386,0.68,0.606,0.68,0.274,0.04,0.114,0.04
234,,0.366,0.66,0.586,0.66,0.254,0.02,0.094,0.02
235,,0.346,0.64,0.566,0.64,0.234,0.0,0.074,0.0
236,,0.326,0.62,0.546,0.62,0.214,-0.02,0.054,-0.02
237,8,0.689,0.7,0.343,0.3,0.011,0.06,0.417,0.98
238,8,1.0,0.78,0.14,-0.02,-0.192,0.14,0.78,1.0
239,5,0.68,0.577,0.22,0.343,0.808,0.503,0.86,0.797
240,5,0.36,0.374,0.3,0.706,1.0,0.866,0.94,0.594
241,,0.34,0.354,0.28,0.686,0.98,0.846,0.92,0.574
242,,0.32,0.334,0.26,0.666,0.96,0.826,0.9,0.554
243,,0.3,0.314,0.24,0.646,0.94,0.806,0.88,0.534
244,,0.28,0.294,0.22,0.626,0.92,0.786,0.86,0.514
245,,0.26,0.274,0.2,0.606,0.9,0.766,0.84,0.494
246,,0.24,0.254,0.18,0.586,0.88,0.746,0.82,0.474
247,,0.22,0.234,0.16,0.566,0.86,0.726,0.8,0.454
248,,0.2,0.214,0.14,0.546,0.84,0.706,0.78,0.434
249,,0.18,0.194,0.12,0.526,0.82,0.686,0.76,0.414
250,,0.16,0.174,0.1,0.506,0.8,0.666,0.74,0.394
251,,0.14,0.154,0.08,0.486,0.78,0.646,0.72,0.374
252,,0.12,0.134,0.06,0.466,0.76,0.626,0.7,0.354
253,,0.1,0.114,0.04,0.446,0.74,0.606,0.68,0.334
254,,0.08,0.094,0.02,0.426,0.72,0.586,0.66,0.314
255,,0.06,0.074,0.0,0.406,0.7,0.566,0.64,0.294
256,,0.04,0.054,-0.02,0.386,0.68,0.546,0.62,0.274
257,3,0.12,0.417,0.98,0.749,0.76,0.343,0.3,0.071
258,3,0.2,0.78,1.0,1.0,0.84,0.14,-0.02,-0.132
259,8,0.563,0.86,0.797,0.68,0.637,0.22,0.343,0.868
260,8,0.926,0.94,0.594,0.36,0.434,0.3,0.706,1.0
261,,0.906,0.92,0.574,0.34,0.414,0.28,0.686,0.98
262,,0.886,0.9,0.554,0.32,0.394,0.26,0.666,0.96
263,,0.866,0.88,0.534,0.3,0.374,0.24,0.646,0.94
264,,0.846,0.86,0.514,0.28,0.354,0.22,0.626,0.92
265,,0.826,0.84,0.494,0.26,0.334,0.2,0.606,0.9
266,,0.806,0.82,0.474,0.24,0.314,0.18,0.586,0.88
267,,0.786,0.8,0.454,0.22,0.294,0.16,0.566,0.86
268,,0.766,0.78,0.434,0.2,0.274,0.14,0.546,0.84
269,,0.746,0.76,0.414,0.18,0.254,0.12,0.526,0.82
270,,0.726,0.74,0.394,0.16,0.234,0.1,0.506,0.8
271,,0.706,0.72,0.374,0.14,0.214,0.08,0.486,0.78
272,,0.686,0.7,0.354,0.12,0.194,0.06,0.466,0.76
273,,0.666,0.68,0.334,0.1,0.174,0.04,0.446,0.74
274,,0.646,0.66,0.314,0.08,0.154,0.02,0.426,0.72
275,,0.626,0.64,0.294,0.06,0.134,0.0,0.406,0.7
276,,0.606,0.62,0.274,0.04,0.114,-0.02,0.386,0.68
277,6,0.403,0.3,0.071,0.12,0.477,0.98,0.749,0.76
278,6,0.2,-0.02,-0.132,0.2,0.84,1.0,1.0,0.84
279,3,0.28,0.343,0.868,0.563,0.92,0.797,0.68,0.637
280,3,0.36,0.706,1.0,0.926,1.0,0.594,0.36,0.434
281,,0.34,0.686,0.98,0.906,0.98,0.574,0.34,0.414
282,,0.32,0.666,0.96,0.886,0.96,0.554,0.32,0.394
283,,0.3,0.646,0.94,0.866,0.94,0.534,0.3,0.374
284,,0.28,0.626,0.92,0.846,0.92,0.514,0.28,0.354
285,,0.26,0.606,0.9,0.826,0.9,0.494,0.26,0.334
286,,0.24,0.586,0.88,0.806,0.88,0.474,0.24,0.314
287,,0.22,0.566,0.86,0.786,0.86,0.454,0.22,0.294
288,,0.2,0.546,0.84,0.766,0.84,0.434,0.2,0.274
289,,0.18,0.526,0.82,0.746,0.82,0.414,0.18,0.254
290,,0.16,0.506,0.8,0.726,0.8,0.394,0.16,0.234
291,,0.14,0.486,0.78,0.706,0.78,0.374,0.14,0.214
292,,0.12,0.466,0.76,0.686,0.76,0.354,0.12,0.194
293,,0.1,0.446,0.74,0.666,0.74,0.334,0.1,0.174
294,,0.08,0.426,0.72,0.646,0.72,0.314,0.08,0.154
295,,0.06,0.406,0.7,0.626,0.7,0.294,0.06,0.134
296,,0.04,0.386,0.68,0.606,0.68,0.274,0.04,0.114
297,,0.02,0.366,0.66,0.586,0.66,0.254,0.02,0.094
298,,0.0,0.346,0.64,0.566,0.64,0.234,0.0,0.074
299,,-0.02,0.326,0.62,0.546,0.62,0.214,-0.02,0.054
300,7,0.06,0.123,0.3,0.343,0.7,0.577,0.98,0.417
301,7,0.14,-0.08,-0.02,0.14,0.78,0.94,1.0,0.78
302,2,0.503,0.92,0.343,0.22,0.577,0.62,0.797,0.86
303,2,0.866,1.0,0.706,0.3,0.374,0.3,0.594,0.94
304,,0.846,0.98,0.686,0.28,0.354,0.28,0.574,0.92
305,,0.826,0.96,0.666,0.26,0.334,0.26,0.554,0.9
306,,0.806,0.94,0.646,0.24,0.314,0.24,0.534,0.88
307,,0.786,0.92,0.626,0.22,0.294,0.22,0.514,0.86
308,,0.766,0.9,0.606,0.2,0.274,0.2,0.494,0.84
309,,0.746,0.88,0.586,0.18,0.254,0.18,0.474,0.82
310,,0.726,0.86,0.566,0.16,0.234,0.16,0.454,0.8
311,,0.706,0.84,0.546,0.14,0.214,0.14,0.434,0.78
312,,0.686,0.82,0.526,0.12,0.194,0.12,0.414,0.76
313,,0.666,0.8,0.506,0.1,0.174,0.1,0.394,0.74
314,,0.646,0.78,0.486,0.08,0.154,0.08,0.374,0.72
315,,0.626,0.76,0.466,0.06,0.134,0.06,0.354,0.7
316,,0.606,0.74,0.446,0.04,0.114,0.04,0.334,0.68
317,,0.586,0.72,0.426,0.02,0.094,0.02,0.314,0.66
318,,0.566,0.7,0.406,0.0,0.074,0.0,0.294,0.64
319,,0.546,0.68,0.386,-0.02,0.054,-0.02,0.274,0.62
320,4,0.343,0.76,0.749,0.98,0.417,0.06,0.071,0.3
321,4,0.14,0.84,1.0,1.0,0.78,0.14,-0.132,-0.02
322,7,0.22,0.637,0.68,0.797,0.86,0.503,0.868,0.343
323,7,0.3,0.434,0.36,0.594,0.94,0.866,1.0,0.706
324,,0.28,0.414,0.34,0.574,0.92,0.846,0.98,0.686
325,,0.26,0.394,0.32,0.554,0.9,0.826,0.96,0.666
326,,0.24,0.374,0.3,0.534,0.88,0.806,0.94,0.646
327,,0.22,0.354,0.28,0.514,0.86,0.786,0.92,0.626
328,,0.2,0.334,0.26,0.494,0.84,0.766,0.9,0.606
329,,0.18,0.314,0.24,0.474,0.82,0.746,0.88,0.586
330,,0.16,0.294,0.22,0.454,0.8,0.726,0.86,0.566
331,,0.14,0.274,0.2,0.434,0.78,0.706,0.84,0.546
332,,0.12,0.254,0.18,0.414,0.76,0.686,0.82,0.526
333,,0.1,0.234,0.16,0.394,0.74,0.666,0.8,0.506
334,,0.08,0.214,0.14,0.374,0.72,0.646,0.78,0.486
335,,0.06,0.194,0.12,0.354,0.7,0.626,0.76,0.466
336,,0.04,0.174,0.1,0.334,0.68,0.606,0.74,0.446
337,,0.02,0.154,0.08,0.314,0.66,0.586,0.72,0.426
338,,0.0,0.134,0.06,0.294,0.64,0.566,0.7,0.406
339,,-0.02,0.114,0.04,0.274,0.62,0.546,0.68,0.386
340,1,0.98,0.477,0.12,0.071,0.3,0.343,0.76,0.749
341,1,1.0,0.84,0.2,-0.132,-0.02,0.14,0.84,1.0
342,4,0.797,0.92,0.563,0.868,0.343,0.22,0.637,0.68
343,4,0.594,1.0,0.926,1.0,0.706,0.3,0.434,0.36
344,,0.574,0.98,0.906,0.98,0.686,0.28,0.414,0.34
345,,0.554,0.96,0.886,0.96,0.666,0.26,0.394,0.32
346,,0.534,0.94,0.866,0.94,0.646,0.24,0.374,0.3
347,,0.514,0.92,0.846,0.92,0.626,0.22,0.354,0.28
348,,0.494,0.9,0.826,0.9,0.606,0.2,0.334,0.26
349,,0.474,0.88,0.806,0.88,0.586,0.18,0.314,0.24
350,,0.454,0.86,0.786,0.86,0.566,0.16,0.294,0.22
351,,0.434,0.84,0.766,0.84,0.546,0.14,0.274,0.2
352,,0.414,0.82,0.746,0.82,0.526,0.12,0.254,0.18
353,,0.394,0.8,0.726,0.8,0.506,0.1,0.234,0.16
354,,0.374,0.78,0.706,0.78,0.486,0.08,0.214,0.14
355,,0.354,0.76,0.686,0.76,0.466,0.06,0.194,0.12
356,,0.334,0.74,0.666,0.74,0.446,0.04,0.174,0.1
357,,0.314,0.72,0.646,0.72,0.426,0.02,0.154,0.08
358,,0.294,0.7,0.626,0.7,0.406,0.0,0.134,0.06
359,,0.274,0.68,0.606,0.68,0.386,-0.02,0.114,0.04
360,6,0.071,0.36,0.403,0.76,0.749,0.98,0.477,0.12
361,6,-0.132,0.04,0.2,0.84,1.0,1.0,0.84,0.2
362,1,0.868,0.403,0.28,0.637,0.68,0.797,0.92,0.563
363,1,1.0,0.766,0.36,0.434,0.36,0.594,1.0,0.926
364,,0.98,0.746,0.34,0.414,0.34,0.574,0.98,0.906
365,,0.96,0.726,0.32,0.394,0.32,0.554,0.96,0.886
366,,0.94,0.706,0.3,0.374,0.3,0.534,0.94,0.866
367,,0.92,0.686,0.28,0.354,0.28,0.514,0.92,0.846
368,,0.9,0.666,0.26,0.334,0.26,0.494,0.9,0.826
369,,0.88,0.646,0.24,0.314,0.24,0.474,0.88,0.806
370,,0.86,0.626,0.22,0.294,0.22,0.454,0.86,0.786
371,,0.84,0.606,0.2,0.274,0.2,0.434,0.84,0.766
372,,0.82,0.586,0.18,0.254,0.18,0.414,0.82,0.746
373,,0.8,0.566,0.16,0.234,0.16,0.394,0.8,0.726
374,,0.78,0.546,0.14,0.214,0.14,0.374,0.78,0.706
375,,0.76,0.526,0.12,0.194,0.12,0.354,0.76,0.686
376,,0.74,0.506,0.1,0.174,0.1,0.334,0.74,0.666
377,,0.72,0.486,0.08,0.154,0.08,0.314,0.72,0.646
378,,0.7,0.466,0.06,0.134,0.06,0.294,0.7,0.626
379,,0.68,0.446,0.04,0.114,0.04,0.274,0.68,0.606
380,,0.66,0.426,0.02,0.094,0.02,0.254,0.66,0.586
381,,0.64,0.406,0.0,0.074,0.0,0.234,0.64,0.566
382,,0.62,0.386,-0.02,0.054,-0.02,0.214,0.62,0.546
383,5,0.3,0.183,0.06,0.417,0.98,0.577,0.7,0.343
384,5,-0.02,-0.02,0.14,0.78,1.0,0.94,0.78,0.14
385,2,0.343,0.98,0.503,0.86,0.797,0.62,0.577,0.22
386,2,0.706,1.0,0.866,0.94,0.594,0.3,0.374,0.3
387,,0.686,0.98,0.846,0.92,0.574,0.28,0.354,0.28
388,,0.666,0.96,0.826,0.9,0.554,0.26,0.334,0.26
389,,0.646,0.94,0.806,0.88,0.534,0.24,0.314,0.24
390,,0.626,0.92,0.786,0.86,0.514,0.22,0.294,0.22
391,,0.606,0.9,0.766,0.84,0.494,0.2,0.274,0.2
392,,0.586,0.88,0.746,0.82,0.474,0.18,0.254,0.18
393,,0.566,0.86,0.726,0.8,0.454,0.16,0.234,0.16
394,,0.546,0.84,0.706,0.78,0.434,0.14,0.214,0.14
395,,0.526,0.82,0.686,0.76,0.414,0.12,0.194,0.12
396,,0.506,0.8,0.666,0.74,0.394,0.1,0.174,0.1
397,,0.486,0.78,0.646,0.72,0.374,0.08,0.154,0.08
398,,0.466,0.76,0.626,0.7,0.354,0.06,0.134,0.06
399,,0.446,0.74,0.606,0.68,0.334,0.04,0.114,0.04
400,,0.426,0.72,0.586,0.66,0.314,0.02,0.094,0.02
401,,0.406,0.7,0.566,0.64,0.294,0.0,0.074,0.0
402,,0.386,0.68,0.546,0.62,0.274,-0.02,0.054,-0.02
403,6,0.183,0.36,0.343,0.7,0.637,0.98,0.417,0.06
404,6,-0.02,0.04,0.14,0.78,1.0,1.0,0.78,0.14
405,1,0.98,0.403,0.22,0.577,0.68,0.797,0.86,0.503
406,1,1.0,0.766,0.3,0.374,0.36,0.594,0.94,0.866
407,,0.98,0.746,0.28,0.354,0.34,0.574,0.92,0.846
408,,0.96,0.726,0.26,0.334,0.32,0.554,0.9,0.826
409,,0.94,0.706,0.24,0.314,0.3,0.534,0.88,0.806
410,,0.92,0.686,0.22,0.294,0.28,0.514,0.86,0.786
411,,0.9,0.666,0.2,0.274,0.26,0.494,0.84,0.766
412,,0.88,0.646,0.18,0.254,0.24,0.474,0.82,0.746
413,,0.86,0.626,0.16,0.234,0.22,0.454,0.8,0.726
414,,0.84,0.606,0.14,0.214,0.2,0.434,0.78,0.706
415,,0.82,0.586,0.12,0.194,0.18,0.414,0.76,0.686
416,,0.8,0.566,0.1,0.174,0.16,0.394,0.74,0.666
417,,0.78,0.546,0.08,0.154,0.14,0.374,0.72,0.646
418,,0.76,0.526,0.06,0.134,0.12,0.354,0.7,0.626
419,,0.74,0.506,0.04,0.114,0.1,0.334,0.68,0.606
420,,0.72,0.486,0.02,0.094,0.08,0.314,0.66,0.586
421,,0.7,0.466,0.0,0.074,0.06,0.294,0.64,0.566
422,,0.68,0.446,-0.02,0.054,0.04,0.274,0.62,0.546
423,3,0.76,0.809,0.98,0.417,0.12,0.071,0.3,0.343
424,3,0.84,1.0,1.0,0.78,0.2,-0.132,-0.02,0.14
425,6,0.637,0.68,0.797,0.86,0.563,0.868,0.343,0.22
426,6,0.434,0.36,0.594,0.94,0.926,1.0,0.706,0.3
427,,0.414,0.34,0.574,0.92,0.906,0.98,0.686,0.28
428,,0.394,0.32,0.554,0.9,0.886,0.96,0.666,0.26
429,,0.374,0.3,0.534,0.88,0.866,0.94,0.646,0.24
430,,0.354,0.28,0.514,0.86,0.846,0.92,0.626,0.22
431,,0.334,0.26,0.494,0.84,0.826,0.9,0.606,0.2
432,,0.314,0.24,0.474,0.82,0.806,0.88,0.586,0.18
433,,0.294,0.22,0.454,0.8,0.786,0.86,0.566,0.16
434,,0.274,0.2,0.434,0.78,0.766,0.84,0.546,0.14
435,,0.254,0.18,0.414,0.76,0.746,0.82,0.526,0.12
436,,0.234,0.16,0.394,0.74,0.726,0.8,0.506,0.1
437,,0.214,0.14,0.374,0.72,0.706,0.78,0.486,0.08
438,,0.194,0.12,0.354,0.7,0.686,0.76,0.466,0.06
439,,0.174,0.1,0.334,0.68,0.666,0.74,0.446,0.04
440,,0.154,0.08,0.314,0.66,0.646,0.72,0.426,0.02
441,,0.134,0.06,0.294,0.64,0.626,0.7,0.406,0.0
442,,0.114,0.04,0.274,0.62,0.606,0.68,0.386,-0.02
443,8,0.477,0.12,0.071,0.3,0.403,0.76,0.749,0.98
444,8,0.84,0.2,-0.132,-0.02,0.2,0.84,1.0,1.0
445,3,0.92,0.563,0.868,0.343,0.28,0.637,0.68,0.797
446,3,1.0,0.926,1.0,0.706,0.36,0.434,0.36,0.594
447,,0.98,0.906,0.98,0.686,0.34,0.414,0.34,0.574
448,,0.96,0.886,0.96,0.666,0.32,0.394,0.32,0.554
449,,0.94,0.866,0.94,0.646,0.3,0.374,0.3,0.534
450,,0.92,0.846,0.92,0.626,0.28,0.354,0.28,0.514
451,,0.9,0.826,0.9,0.606,0.26,0.334,0.26,0.494
452,,0.88,0.806,0.88,0.586,0.24,0.314,0.24,0.474
453,,0.86,0.786,0.86,0.566,0.22,0.294,0.22,0.454
454,,0.84,0.766,0.84,0.546,0.2,0.274,0.2,0.434
455,,0.82,0.746,0.82,0.526,0.18,0.254,0.18,0.414
456,,0.8,0.726,0.8,0.506,0.16,0.234,0.16,0.394
457,,0.78,0.706,0.78,0.486,0.14,0.214,0.14,0.374
458,,0.76,0.686,0.76,0.466,0.12,0.194,0.12,0.354
459,,0.74,0.666,0.74,0.446,0.1,0.174,0.1,0.334
460,,0.72,0.646,0.72,0.426,0.08,0.154,0.08,0.314
461,,0.7,0.626,0.7,0.406,0.06,0.134,0.06,0.294
462,,0.68,0.606,0.68,0.386,0.04,0.114,0.04,0.274
463,,0.66,0.586,0.66,0.366,0.02,0.094,0.02,0.254
464,,0.64,0.566,0.64,0.346,0.0,0.074,0.0,0.234
465,,0.62,0.546,0.62,0.326,-0.02,0.054,-0.02,0.214
466,7,0.7,0.343,0.3,0.123,0.06,0.417,0.98,0.577
467,7,0.78,0.14,-0.02,-0.08,0.14,0.78,1.0,0.94
468,4,0.577,0.22,0.343,0.92,0.503,0.86,0.797,0.62
469,4,0.374,0.3,0.706,1.0,0.866,0.94,0.594,0.3
470,,0.354,0.28,0.686,0.98,0.846,0.92,0.574,0.28
471,,0.334,0.26,0.666,0.96,0.826,0.9,0.554,0.26
472,,0.314,0.24,0.646,0.94,0.806,0.88,0.534,0.24
473,,0.294,0.22,0.626,0.92,0.786,0.86,0.514,0.22
474,,0.274,0.2,0.606,0.9,0.766,0.84,0.494,0.2
475,,0.254,0.18,0.586,0.88,0.746,0.82,0.474,0.18
476,,0.234,0.16,0.566,0.86,0.726,0.8,0.454,0.16
477,,0.214,0.14,0.546,0.84,0.706,0.78,0.434,0.14
478,,0.194,0.12,0.526,0.82,0.686,0.76,0.414,0.12
479,,0.174,0.1,0.506,0.8,0.666,0.74,0.394,0.1
480,,0.154,0.08,0.486,0.78,0.646,0.72,0.374,0.08
481,,0.134,0.06,0.466,0.76,0.626,0.7,0.354,0.06
482,,0.114,0.04,0.446,0.74,0.606,0.68,0.334,0.04
483,,0.094,0.02,0.426,0.72,0.586,0.66,0.314,0.02
484,,0.074,0.0,0.406,0.7,0.566,0.64,0.294,0.0
485,,0.054,-0.02,0.386,0.68,0.546,0.62,0.274,-0.02
486,2,0.417,0.98,0.749,0.76,0.343,0.3,0.071,0.06
487,2,0.78,1.0,1.0,0.84,0.14,-0.02,-0.132,0.14
488,7,0.86,0.797,0.68,0.637,0.22,0.343,0.868,0.503
489,7,0.94,0.594,0.36,0.434,0.3,0.706,1.0,0.866
490,,0.92,0.574,0.34,0.414,0.28,0.686,0.98,0.846
491,,0.9,0.554,0.32,0.394,0.26,0.666,0.96,0.826
492,,0.88,0.534,0.3,0.374,0.24,0.646,0.94,0.806
493,,0.86,0.514,0.28,0.354,0.22,0.626,0.92,0.786
494,,0.84,0.494,0.26,0.334,0.2,0.606,0.9,0.766
495,,0.82,0.474,0.24,0.314,0.18,0.586,0.88,0.746
496,,0.8,0.454,0.22,0.294,0.16,0.566,0.86,0.726
497,,0.78,0.434,0.2,0.274,0.14,0.546,0.84,0.706
498,,0.76,0.414,0.18,0.254,0.12,0.526,0.82,0.686
499,,0.74,0.394,0.16,0.234,0.1,0.506,0.8,0.666
500,,0.72,0.374,0.14,0.214,0.08,0.486,0.78,0.646
501,,0.7,0.354,0.12,0.194,0.06,0.466,0.76,0.626
502,,0.68,0.334,0.1,0.174,0.04,0.446,0.74,0.606
503,,0.66,0.314,0.08,0.154,0.02,0.426,0.72,0.586
504,,0.64,0.294,0.06,0.134,0.0,0.406,0.7,0.566
505,,0.62,0.274,0.04,0.114,-0.02,0.386,0.68,0.546
506,5,0.3,0.071,0.12,0.477,0.98,0.749,0.76,0.343
507,5,-0.02,-0.132,0.2,0.84,1.0,1.0,0.84,0.14
508,2,0.343,0.868,0.563,0.92,0.797,0.68,0.637,0.22
509,2,0.706,1.0,0.926,1.0,0.594,0.36,0.434,0.3
510,,0.686,0.98,0.906,0.98,0.574,0.34,0.414,0.28
511,,0.666,0.96,0.886,0.96,0.554,0.32,0.394,0.26
512,,0.646,0.94,0.866,0.94,0.534,0.3,0.374,0.24
513,,0.626,0.92,0.846,0.92,0.514,0.28,0.354,0.22
514,,0.606,0.9,0.826,0.9,0.494,0.26,0.334,0.2
515,,0.586,0.88,0.806,0.88,0.474,0.24,0.314,0.18
516,,0.566,0.86,0.786,0.86,0.454,0.22,0.294,0.16
517,,0.546,0.84,0.766,0.84,0.434,0.2,0.274,0.14
518,,0.526,0.82,0.746,0.82,0.414,0.18,0.254,0.12
519,,0.506,0.8,0.726,0.8,0.394,0.16,0.234,0.1
520,,0.486,0.78,0.706,0.78,0.374,0.14,0.214,0.08
521,,0.466,0.76,0.686,0.76,0.354,0.12,0.194,0.06
522,,0.446,0.74,0.666,0.74,0.334,0.1,0.174,0.04
523,,0.426,0.72,0.646,0.72,0.314,0.08,0.154,0.02
524,,0.406,0.7,0.626,0.7,0.294,0.06,0.134,0.0
525,,0.386,0.68,0.606,0.68,0.274,0.04,0.114,-0.02
526,8,0.749,0.76,0.403,0.36,0.071,0.12,0.477,0.98
527,8,1.0,0.84,0.2,0.04,-0.132,0.2,0.84,1.0
528,5,0.68,0.637,0.28,0.403,0.868,0.563,0.92,0.797
529,5,0.36,0.434,0.36,0.766,1.0,0.926,1.0,0.594
530,,0.34,0.414,0.34,0.746,0.98,0.906,0.98,0.574
531,,0.32,0.394,0.32,0.726,0.96,0.886,0.96,0.554
532,,0.3,0.374,0.3,0.706,0.94,0.866,0.94,0.534
533,,0.28,0.354,0.28,0.686,0.92,0.846,0.92,0.514
534,,0.26,0.334,0.26,0.666,0.9,0.826,0.9,0.494
535,,0.24,0.314,0.24,0.646,0.88,0.806,0.88,0.474
536,,0.22,0.294,0.22,0.626,0.86,0.786,0.86,0.454
537,,0.2,0.274,0.2,0.606,0.84,0.766,0.84,0.434
538,,0.18,0.254,0.18,0.586,0.82,0.746,0.82,0.414
539,,0.16,0.234,0.16,0.566,0.8,0.726,0.8,0.394
540,,0.14,0.214,0.14,0.546,0.78,0.706,0.78,0.374
541,,0.12,0.194,0.12,0.526,0.76,0.686,0.76,0.354
542,,0.1,0.174,0.1,0.506,0.74,0.666,0.74,0.334
543,,0.08,0.154,0.08,0.486,0.72,0.646,0.72,0.314
544,,0.06,0.134,0.06,0.466,0.7,0.626,0.7,0.294
545,,0.04,0.114,0.04,0.446,0.68,0.606,0.68,0.274
546,,0.02,0.094,0.02,0.426,0.66,0.586,0.66,0.254
547,,0.0,0.074,0.0,0.406,0.64,0.566,0.64,0.234
548,,-0.02,0.054,-0.02,0.386,0.62,0.546,0.62,0.214
549,1,0.98,0.417,0.06,0.183,0.3,0.343,0.7,0.577
550,1,1.0,0.78,0.14,-0.02,-0.02,0.14,0.78,0.94
551,5,0.68,0.577,0.22,0.343,0.98,0.503,0.86,0.737
552,5,0.36,0.374,0.3,0.706,1.0,0.866,0.94,0.534
553,,0.34,0.354,0.28,0.686,0.98,0.846,0.92,0.514
554,,0.32,0.334,0.26,0.666,0.96,0.826,0.9,0.494
555,,0.3,0.314,0.24,0.646,0.94,0.806,0.88,0.474
556,,0.28,0.294,0.22,0.626,0.92,0.786,0.86,0.454
557,,0.26,0.274,0.2,0.606,0.9,0.766,0.84,0.434
558,,0.24,0.254,0.18,0.586,0.88,0.746,0.82,0.414
559,,0.22,0.234,0.16,0.566,0.86,0.726,0.8,0.394
560,,0.2,0.214,0.14,0.546,0.84,0.706,0.78,0.374
561,,0.18,0.194,0.12,0.526,0.82,0.686,0.76,0.354
562,,0.16,0.174,0.1,0.506,0.8,0.666,0.74,0.334
563,,0.14,0.154,0.08,0.486,0.78,0.646,0.72,0.314
564,,0.12,0.134,0.06,0.466,0.76,0.626,0.7,0.294
565,,0.1,0.114,0.04,0.446,0.74,0.606,0.68,0.274
566,,0.08,0.094,0.02,0.426,0.72,0.586,0.66,0.254
567,,0.06,0.074,0.0,0.406,0.7,0.566,0.64,0.234
568,,0.04,0.054,-0.02,0.386,0.68,0.546,0.62,0.214
569,3,0.12,0.417,0.98,0.749,0.76,0.343,0.3,0.011
570,3,0.2,0.78,1.0,1.0,0.84,0.14,-0.02,-0.192
571,8,0.563,0.86,0.797,0.68,0.637,0.22,0.343,0.808
572,8,0.926,0.94,0.594,0.36,0.434,0.3,0.706,1.0
573,,0.906,0.92,0.574,0.34,0.414,0.28,0.686,0.98
574,,0.886,0.9,0.554,0.32,0.394,0.26,0.666,0.96
575,,0.866,0.88,0.534,0.3,0.374,0.24,0.646,0.94
576,,0.846,0.86,0.514,0.28,0.354,0.22,0.626,0.92
577,,0.826,0.84,0.494,0.26,0.334,0.2,0.606,0.9
578,,0.806,0.82,0.474,0.24,0.314,0.18,0.586,0.88
579,,0.786,0.8,0.454,0.22,0.294,0.16,0.566,0.86
580,,0.766,0.78,0.434,0.2,0.274,0.14,0.546,0.84
581,,0.746,0.76,0.414,0.18,0.254,0.12,0.526,0.82
582,,0.726,0.74,0.394,0.16,0.234,0.1,0.506,0.8
583,,0.706,0.72,0.374,0.14,0.214,0.08,0.486,0.78
584,,0.686,0.7,0.354,0.12,0.194,0.06,0.466,0.76
585,,0.666,0.68,0.334,0.1,0.174,0.04,0.446,0.74
586,,0.646,0.66,0.314,0.08,0.154,0.02,0.426,0.72
587,,0.626,0.64,0.294,0.06,0.134,0.0,0.406,0.7
588,,0.606,0.62,0.274,0.04,0.114,-0.02,0.386,0.68
589,6,0.403,0.3,0.071,0.12,0.477,0.98,0.749,0.76
590,6,0.2,-0.02,-0.132,0.2,0.84,1.0,1.0,0.84
591,3,0.28,0.343,0.868,0.563,0.92,0.797,0.68,0.637
592,3,0.36,0.706,1.0,0.926,1.0,0.594,0.36,0.434
593,,0.34,0.686,0.98,0.906,0.98,0.574,0.34,0.414
594,,0.32,0.666,0.96,0.886,0.96,0.554,0.32,0.394
595,,0.3,0.646,0.94,0.866,0.94,0.534,0.3,0.374
596,,0.28,0.626,0.92,0.846,0.92,0.514,0.28,0.354
597,,0.26,0.606,0.9,0.826,0.9,0.494,0.26,0.334
598,,0.24,0.586,0.88,0.806,0.88,0.474,0.24,0.314
599,,0.22,0.566,0.86,0.786,0.86,0.454,0.22,0.294
600,,0.2,0.546,0.84,0.766,0.84,0.434,0.2,0.274
601,,0.18,0.526,0.82,0.746,0.82,0.414,0.18,0.254
602,,0.16,0.506,0.8,0.726,0.8,0.394,0.16,0.234
603,,0.14,0.486,0.78,0.706,0.78,0.374,0.14,0.214
604,,0.12,0.466,0.76,0.686,0.76,0.354,0.12,0.194
605,,0.1,0.446,0.74,0.666,0.74,0.334,0.1,0.174
606,,0.08,0.426,0.72,0.646,0.72,0.314,0.08,0.154
607,,0.06,0.406,0.7,0.626,0.7,0.294,0.06,0.134
608,,0.04,0.386,0.68,0.606,0.68,0.274,0.04,0.114
609,,0.02,0.366,0.66,0.586,0.66,0.254,0.02,0.094
610,,0.0,0.346,0.64,0.566,0.64,0.234,0.0,0.074
611,,-0.02,0.326,0.62,0.546,0.62,0.214,-0.02,0.054
612,1,0.98,0.689,0.7,0.343,0.3,0.011,0.06,0.417
613,1,1.0,1.0,0.78,0.14,-0.02,-0.192,0.14,0.78
614,6,0.797,0.68,0.577,0.22,0.343,0.808,0.503,0.86
615,6,0.594,0.36,0.374,0.3,0.706,1.0,0.866,0.94
616,,0.574,0.34,0.354,0.28,0.686,0.98,0.846,0.92
617,,0.554,0.32,0.334,0.26,0.666,0.96,0.826,0.9
618,,0.534,0.3,0.314,0.24,0.646,0.94,0.806,0.88
619,,0.514,0.28,0.294,0.22,0.626,0.92,0.786,0.86
620,,0.494,0.26,0.274,0.2,0.606,0.9,0.766,0.84
621,,0.474,0.24,0.254,0.18,0.586,0.88,0.746,0.82
622,,0.454,0.22,0.234,0.16,0.566,0.86,0.726,0.8
623,,0.434,0.2,0.214,0.14,0.546,0.84,0.706,0.78
624,,0.414,0.18,0.194,0.12,0.526,0.82,0.686,0.76
625,,0.394,0.16,0.174,0.1,0.506,0.8,0.666,0.74
626,,0.374,0.14,0.154,0.08,0.486,0.78,0.646,0.72
627,,0.354,0.12,0.134,0.06,0.466,0.76,0.626,0.7
628,,0.334,0.1,0.114,0.04,0.446,0.74,0.606,0.68
629,,0.314,0.08,0.094,0.02,0.426,0.72,0.586,0.66
630,,0.294,0.06,0.074,0.0,0.406,0.7,0.566,0.64
631,,0.274,0.04,0.054,-0.02,0.386,0.68,0.546,0.62
632,4,0.071,0.12,0.417,0.98,0.749,0.76,0.343,0.3
633,4,-0.132,0.2,0.78,1.0,1.0,0.84,0.14,-0.02
634,1,0.868,0.563,0.86,0.797,0.68,0.637,0.22,0.343
635,1,1.0,0.926,0.94,0.594,0.36,0.434,0.3,0.706
636,,0.98,0.906,0.92,0.574,0.34,0.414,0.28,0.686
637,,0.96,0.886,0.9,0.554,0.32,0.394,0.26,0.666
638,,0.94,0.866,0.88,0.534,0.3,0.374,0.24,0.646
639,,0.92,0.846,0.86,0.514,0.28,0.354,0.22,0.626
640,,0.9,0.826,0.84,0.494,0.26,0.334,0.2,0.606
641,,0.88,0.806,0.82,0.474,0.24,0.314,0.18,0.586
642,,0.86,0.786,0.8,0.454,0.22,0.294,0.16,0.566
643,,0.84,0.766,0.78,0.434,0.2,0.274,0.14,0.546
644,,0.82,0.746,0.76,0.414,0.18,0.254,0.12,0.526
645,,0.8,0.726,0.74,0.394,0.16,0.234,0.1,0.506
646,,0.78,0.706,0.72,0.374,0.14,0.214,0.08,0.486
647,,0.76,0.686,0.7,0.354,0.12,0.194,0.06,0.466
648,,0.74,0.666,0.68,0.334,0.1,0.174,0.04,0.446
649,,0.72,0.646,0.66,0.314,0.08,0.154,0.02,0.426
650,,0.7,0.626,0.64,0.294,0.06,0.134,0.0,0.406
651,,0.68,0.606,0.62,0.274,0.04,0.114,-0.02,0.386
652,7,0.76,0.403,0.3,0.071,0.12,0.477,0.98,0.749
653,7,0.84,0.2,-0.02,-0.132,0.2,0.84,1.0,1.0
654,4,0.637,0.28,0.343,0.868,0.563,0.92,0.797,0.68
655,4,0.434,0.36,0.706,1.0,0.926,1.0,0.594,0.36
656,,0.414,0.34,0.686,0.98,0.906,0.98,0.574,0.34
657,,0.394,0.32,0.666,0.96,0.886,0.96,0.554,0.32
658,,0.374,0.3,0.646,0.94,0.866,0.94,0.534,0.3
659,,0.354,0.28,0.626,0.92,0.846,0.92,0.514,0.28
660,,0.334,0.26,0.606,0.9,0.826,0.9,0.494,0.26
661,,0.314,0.24,0.586,0.88,0.806,0.88,0.474,0.24
662,,0.294,0.22,0.566,0.86,0.786,0.86,0.454,0.22
663,,0.274,0.2,0.546,0.84,0.766,0.84,0.434,0.2
664,,0.254,0.18,0.526,0.82,0.746,0.82,0.414,0.18
665,,0.234,0.16,0.506,0.8,0.726,0.8,0.394,0.16
666,,0.214,0.14,0.486,0.78,0.706,0.78,0.374,0.14
667,,0.194,0.12,0.466,0.76,0.686,0.76,0.354,0.12
668,,0.174,0.1,0.446,0.74,0.666,0.74,0.334,0.1
669,,0.154,0.08,0.426,0.72,0.646,0.72,0.314,0.08
670,,0.134,0.06,0.406,0.7,0.626,0.7,0.294,0.06
671,,0.114,0.04,0.386,0.68,0.606,0.68,0.274,0.04
672,,0.094,0.02,0.366,0.66,0.586,0.66,0.254,0.02
673,,0.074,0.0,0.346,0.64,0.566,0.64,0.234,0.0
674,,0.054,-0.02,0.326,0.62,0.546,0.62,0.214,-0.02
675,2,0.417,0.98,0.689,0.7,0.343,0.3,0.011,0.06
676,2,0.78,1.0,1.0,0.78,0.14,-0.02,-0.192,0.14
677,7,0.86,0.797,0.68,0.577,0.22,0.343,0.808,0.503
678,7,0.94,0.594,0.36,0.374,0.3,0.706,1.0,0.866
679,,0.92,0.574,0.34,0.354,0.28,0.686,0.98,0.846
680,,0.9,0.554,0.32,0.334,0.26,0.666,0.96,0.826
681,,0.88,0.534,0.3,0.314,0.24,0.646,0.94,0.806
682,,0.86,0.514,0.28,0.294,0.22,0.626,0.92,0.786
683,,0.84,0.494,0.26,0.274,0.2,0.606,0.9,0.766
684,,0.82,0.474,0.24,0.254,0.18,0.586,0.88,0.746
685,,0.8,0.454,0.22,0.234,0.16,0.566,0.86,0.726
686,,0.78,0.434,0.2,0.214,0.14,0.546,0.84,0.706
687,,0.76,0.414,0.18,0.194,0.12,0.526,0.82,0.686
688,,0.74,0.394,0.16,0.174,0.1,0.506,0.8,0.666
689,,0.72,0.374,0.14,0.154,0.08,0.486,0.78,0.646
690,,0.7,0.354,0.12,0.134,0.06,0.466,0.76,0.626
691,,0.68,0.334,0.1,0.114,0.04,0.446,0.74,0.606
692,,0.66,0.314,0.08,0.094,0.02,0.426,0.72,0.586
693,,0.64,0.294,0.06,0.074,0.0,0.406,0.7,0.566
694,,0.62,0.274,0.04,0.054,-0.02,0.386,0.68,0.546
695,5,0.3,0.071,0.12,0.417,0.98,0.749,0.76,0.343
696,5,-0.02,-0.132,0.2,0.78,1.0,1.0,0.84,0.14
697,2,0.343,0.868,0.563,0.86,0.797,0.68,0.637,0.22
698,2,0.706,1.0,0.926,0.94,0.594,0.36,0.434,0.3
699,,0.686,0.98,0.906,0.92,0.574,0.34,0.414,0.28
700,,0.666,0.96,0.886,0.9,0.554,0.32,0.394,0.26
701,,0.646,0.94,0.866,0.88,0.534,0.3,0.374,0.24
702,,0.626,0.92,0.846,0.86,0.514,0.28,0.354,0.22
703,,0.606,0.9,0.826,0.84,0.494,0.26,0.334,0.2
704,,0.586,0.88,0.806,0.82,0.474,0.24,0.314,0.18
705,,0.566,0.86,0.786,0.8,0.454,0.22,0.294,0.16
706,,0.546,0.84,0.766,0.78,0.434,0.2,0.274,0.14
707,,0.526,0.82,0.746,0.76,0.414,0.18,0.254,0.12
708,,0.506,0.8,0.726,0.74,0.394,0.16,0.234,0.1
709,,0.486,0.78,0.706,0.72,0.374,0.14,0.214,0.08
710,,0.466,0.76,0.686,0.7,0.354,0.12,0.194,0.06
711,,0.446,0.74,0.666,0.68,0.334,0.1,0.174,0.04
712,,0.426,0.72,0.646,0.66,0.314,0.08,0.154,0.02
713,,0.406,0.7,0.626,0.64,0.294,0.06,0.134,0.0
714,,0.386,0.68,0.606,0.62,0.274,0.04,0.114,-0.02
715,8,0.749,0.76,0.403,0.3,0.071,0.12,0.477,0.98
716,8,1.0,0.84,0.2,-0.02,-0.132,0.2,0.84,1.0
717,5,0.68,0.637,0.28,0.343,0.868,0.563,0.92,0.797
718,5,0.36,0.434,0.36,0.706,1.0,0.926,1.0,0.594
719,,0.34,0.414,0.34,0.686,0.98,0.906,0.98,0.574
720,,0.32,0.394,0.32,0.666,0.96,0.886,0.96,0.554
721,,0.3,0.374,0.3,0.646,0.94,0.866,0.94,0.534
722,,0.28,0.354,0.28,0.626,0.92,0.846,0.92,0.514
723,,0.26,0.334,0.26,0.606,0.9,0.826,0.9,0.494
724,,0.24,0.314,0.24,0.586,0.88,0.806,0.88,0.474
725,,0.22,0.294,0.22,0.566,0.86,0.786,0.86,0.454
726,,0.2,0.274,0.2,0.546,0.84,0.766,0.84,0.434
727,,0.18,0.254,0.18,0.526,0.82,0.746,0.82,0.414
728,,0.16,0.234,0.16,0.506,0.8,0.726,0.8,0.394
729,,0.14,0.214,0.14,0.486,0.78,0.706,0.78,0.374
730,,0.12,0.194,0.12,0.466,0.76,0.686,0.76,0.354
731,,0.1,0.174,0.1,0.446,0.74,0.666,0.74,0.334
732,,0.08,0.154,0.08,0.426,0.72,0.646,0.72,0.314
733,,0.06,0.134,0.06,0.406,0.7,0.626,0.7,0.294
734,,0.04,0.114,0.04,0.386,0.68,0.606,0.68,0.274
735,,0.02,0.094,0.02,0.366,0.66,0.586,0.66,0.254
736,,0.0,0.074,0.0,0.346,0.64,0.566,0.64,0.234
737,,-0.02,0.054,-0.02,0.326,0.62,0.546,0.62,0.214
738,1,0.98,0.417,0.06,0.123,0.3,0.343,0.7,0.577
739,1,1.0,0.78,0.14,-0.08,-0.02,0.14,0.78,0.94
740,4,0.797,0.86,0.503,0.92,0.343,0.22,0.577,0.62
741,4,0.594,0.94,0.866,1.0,0.706,0.3,0.374,0.3
742,,0.574,0.92,0.846,0.98,0.686,0.28,0.354,0.28
743,,0.554,0.9,0.826,0.96,0.666,0.26,0.334,0.26
744,,0.534,0.88,0.806,0.94,0.646,0.24,0.314,0.24
745,,0.514,0.86,0.786,0.92,0.626,0.22,0.294,0.22
746,,0.494,0.84,0.766,0.9,0.606,0.2,0.274,0.2
747,,0.474,0.82,0.746,0.88,0.586,0.18,0.254,0.18
748,,0.454,0.8,0.726,0.86,0.566,0.16,0.234,0.16
749,,0.434,0.78,0.706,0.84,0.546,0.14,0.214,0.14
750,,0.414,0.76,0.686,0.82,0.526,0.12,0.194,0.12
751,,0.394,0.74,0.666,0.8,0.506,0.1,0.174,0.1
752,,0.374,0.72,0.646,0.78,0.486,0.08,0.154,0.08
753,,0.354,0.7,0.626,0.76,0.466,0.06,0.134,0.06
754,,0.334,0.68,0.606,0.74,0.446,0.04,0.114,0.04
755,,0.314,0.66,0.586,0.72,0.426,0.02,0.094,0.02
756,,0.294,0.64,0.566,0.7,0.406,0.0,0.074,0.0
757,,0.274,0.62,0.546,0.68,0.386,-0.02,0.054,-0.02
758,6,0.071,0.3,0.343,0.76,0.749,0.98,0.417,0.06
759,6,-0.132,-0.02,0.14,0.84,1.0,1.0,0.78,0.14
760,1,0.868,0.343,0.22,0.637,0.68,0.797,0.86,0.503
761,1,1.0,0.706,0.3,0.434,0.36,0.594,0.94,0.866
762,,0.98,0.686,0.28,0.414,0.34,0.574,0.92,0.846
763,,0.96,0.666,0.26,0.394,0.32,0.554,0.9,0.826
764,,0.94,0.646,0.24,0.374,0.3,0.534,0.88,0.806
765,,0.92,0.626,0.22,0.354,0.28,0.514,0.86,0.786
766,,0.9,0.606,0.2,0.334,0.26,0.494,0.84,0.766
767,,0.88,0.586,0.18,0.314,0.24,0.474,0.82,0.746
768,,0.86,0.566,0.16,0.294,0.22,0.454,0.8,0.726
769,,0.84,0.546,0.14,0.274,0.2,0.434,0.78,0.706
770,,0.82,0.526,0.12,0.254,0.18,0.414,0.76,0.686
771,,0.8,0.506,0.1,0.234,0.16,0.394,0.74,0.666
772,,0.78,0.486,0.08,0.214,0.14,0.374,0.72,0.646
773,,0.76,0.466,0.06,0.194,0.12,0.354,0.7,0.626
774,,0.74,0.446,0.04,0.174,0.1,0.334,0.68,0.606
775,,0.72,0.426,0.02,0.154,0.08,0.314,0.66,0.586
776,,0.7,0.406,0.0,0.134,0.06,0.294,0.64,0.566
777,,0.68,0.386,-0.02,0.114,0.04,0.274,0.62,0.546
778,3,0.76,0.749,0.98,0.477,0.12,0.071,0.3,0.343
779,3,0.84,1.0,1.0,0.84,0.2,-0.132,-0.02,0.14
780,6,0.637,0.68,0.797,0.92,0.563,0.868,0.343,0.22
781,6,0.434,0.36,0.594,1.0,0.926,1.0,0.706,0.3
782,,0.414,0.34,0.574,0.98,0.906,0.98,0.686,0.28
783,,0.394,0.32,0.554,0.96,0.886,0.96,0.666,0.26
784,,0.374,0.3,0.534,0.94,0.866,0.94,0.646,0.24
785,,0.354,0.28,0.514,0.92,0.846,0.92,0.626,0.22
786,,0.334,0.26,0.494,0.9,0.826,0.9,0.606,0.2
787,,0.314,0.24,0.474,0.88,0.806,0.88,0.586,0.18
788,,0.294,0.22,0.454,0.86,0.786,0.86,0.566,0.16
789,,0.274,0.2,0.434,0.84,0.766,0.84,0.546,0.14
790,,0.254,0.18,0.414,0.82,0.746,0.82,0.526,0.12
791,,0.234,0.16,0.394,0.8,0.726,0.8,0.506,0.1
792,,0.214,0.14,0.374,0.78,0.706,0.78,0.486,0.08
793,,0.194,0.12,0.354,0.76,0.686,0.76,0.466,0.06
794,,0.174,0.1,0.334,0.74,0.666,0.74,0.446,0.04
795,,0.154,0.08,0.314,0.72,0.646,0.72,0.426,0.02
796,,0.134,0.06,0.294,0.7,0.626,0.7,0.406,0.0
797,,0.114,0.04,0.274,0.68,0.606,0.68,0.386,-0.02
798,8,0.477,0.12,0.071,0.36,0.403,0.76,0.749,0.98
799,8,0.84,0.2,-0.132,0.04,0.2,0.84,1.0,1.0
800,3,0.92,0.563,0.868,0.403,0.28,0.637,0.68,0.797
801,3,1.0,0.926,1.0,0.766,0.36,0.434,0.36,0.594
802,,0.98,0.906,0.98,0.746,0.34,0.414,0.34,0.574
803,,0.96,0.886,0.96,0.726,0.32,0.394,0.32,0.554
804,,0.94,0.866,0.94,0.706,0.3,0.374,0.3,0.534
805,,0.92,0.846,0.92,0.686,0.28,0.354,0.28,0.514
806,,0.9,0.826,0.9,0.666,0.26,0.334,0.26,0.494
807,,0.88,0.806,0.88,0.646,0.24,0.314,0.24,0.474
808,,0.86,0.786,0.86,0.626,0.22,0.294,0.22,0.454
809,,0.84,0.766,0.84,0.606,0.2,0.274,0.2,0.434
810,,0.82,0.746,0.82,0.586,0.18,0.254,0.18,0.414
811,,0.8,0.726,0.8,0.566,0.16,0.234,0.16,0.394
812,,0.78,0.706,0.78,0.546,0.14,0.214,0.14,0.374
813,,0.76,0.686,0.76,0.526,0.12,0.194,0.12,0.354
814,,0.74,0.666,0.74,0.506,0.1,0.174,0.1,0.334
815,,0.72,0.646,0.72,0.486,0.08,0.154,0.08,0.314
