step,active_motive,motive_1,motive_2,motive_3,motive_4,motive_5,motive_6,motive_7,motive_8
0,,0.95307,0.33075,0.55276,0.57229,0.98033,0.07535,0.3057,0.19091
1,,0.90307,0.28075,0.50276,0.52229,0.93033,0.02535,0.2557,0.14091
2,,0.85307,0.23075,0.45276,0.47229,0.88033,-0.02465,0.2057,0.09091
3,6,0.62007,-0.11925,0.21976,0.52229,1.0,0.97535,0.5387,0.14091
4,6,0.38707,-0.46925,-0.01324,0.57229,1.0,1.0,0.8717,0.19091
5,2,0.72007,0.53075,0.31976,0.62229,0.767,0.65,0.6387,0.24091
6,2,1.0,1.0,0.65276,0.67229,0.534,0.3,0.4057,0.29091
7,,0.95,0.95,0.60276,0.62229,0.484,0.25,0.3557,0.24091
8,,0.9,0.9,0.55276,0.57229,0.434,0.2,0.3057,0.19091
9,,0.85,0.85,0.50276,0.52229,0.384,0.15,0.2557,0.14091
10,,0.8,0.8,0.45276,0.47229,0.334,0.1,0.2057,0.09091
11,,0.75,0.75,0.40276,0.42229,0.284,0.05,0.1557,0.04091
12,,0.7,0.7,0.35276,0.37229,0.234,0.0,0.1057,-0.00909
13,8,1.0,0.75,0.11976,0.02229,0.001,0.05,0.4387,0.99091
14,8,1.0,0.8,-0.11324,-0.32771,-0.232,0.1,0.7717,1.0
15,4,0.767,0.85,0.21976,0.67229,0.101,0.15,0.5387,0.65
16,4,0.534,0.9,0.55276,1.0,0.434,0.2,0.3057,0.3
17,,0.484,0.85,0.50276,0.95,0.384,0.15,0.2557,0.25
18,,0.434,0.8,0.45276,0.9,0.334,0.1,0.2057,0.2
19,,0.384,0.75,0.40276,0.85,0.284,0.05,0.1557,0.15
20,,0.334,0.7,0.35276,0.8,0.234,0.0,0.1057,0.1
21,,0.284,0.65,0.30276,0.75,0.184,-0.05,0.0557,0.05
22,6,0.051,0.3,0.06976,0.8,0.517,0.95,0.3887,0.1
23,6,-0.182,-0.05,-0.16324,0.85,0.85,1.0,0.7217,0.15
24,1,0.818,0.283,-0.11324,0.617,0.5,0.767,0.7717,0.483
25,1,1.0,0.616,-0.06324,0.384,0.15,0.534,0.8217,0.816
26,3,1.0,0.949,0.93676,0.717,0.2,0.301,0.4717,0.583
27,3,1.0,1.0,1.0,1.0,0.25,0.068,0.1217,0.35
28,,0.95,0.95,0.95,0.95,0.2,0.018,0.0717,0.3
29,,0.9,0.9,0.9,0.9,0.15,-0.032,0.0217,0.25
30,6,0.667,0.55,0.667,0.95,0.483,0.968,0.3547,0.3
31,6,0.434,0.2,0.434,1.0,0.816,1.0,0.6877,0.35
32,,0.384,0.15,0.384,0.95,0.766,0.95,0.6377,0.3
33,,0.334,0.1,0.334,0.9,0.716,0.9,0.5877,0.25
34,,0.284,0.05,0.284,0.85,0.666,0.85,0.5377,0.2
35,,0.234,0.0,0.234,0.8,0.616,0.8,0.4877,0.15
36,,0.184,-0.05,0.184,0.75,0.566,0.75,0.4377,0.1
37,2,0.517,0.95,0.517,0.8,0.333,0.4,0.2047,0.15
38,2,0.85,1.0,0.85,0.85,0.1,0.05,-0.0283,0.2
39,7,0.9,0.767,0.5,0.617,0.15,0.383,0.9717,0.533
40,7,0.95,0.534,0.15,0.384,0.2,0.716,1.0,0.866
41,,0.9,0.484,0.1,0.334,0.15,0.666,0.95,0.816
42,,0.85,0.434,0.05,0.284,0.1,0.616,0.9,0.766
43,,0.8,0.384,0.0,0.234,0.05,0.566,0.85,0.716
44,,0.75,0.334,-0.05,0.184,0.0,0.516,0.8,0.666
45,3,0.8,0.667,0.95,0.517,0.05,0.283,0.45,0.433
46,3,0.85,1.0,1.0,0.85,0.1,0.05,0.1,0.2
47,,0.8,0.95,0.95,0.8,0.05,0.0,0.05,0.15
48,,0.75,0.9,0.9,0.75,0.0,-0.05,0.0,0.1
49,6,0.517,0.55,0.667,0.8,0.333,0.95,0.333,0.15
50,6,0.284,0.2,0.434,0.85,0.666,1.0,0.666,0.2
51,,0.234,0.15,0.384,0.8,0.616,0.95,0.616,0.15
52,,0.184,0.1,0.334,0.75,0.566,0.9,0.566,0.1
53,,0.134,0.05,0.284,0.7,0.516,0.85,0.516,0.05
54,,0.084,0.0,0.234,0.65,0.466,0.8,0.466,0.0
55,,0.034,-0.05,0.184,0.6,0.416,0.75,0.416,-0.05
56,2,0.367,0.95,0.517,0.65,0.183,0.4,0.183,0.0
57,2,0.7,1.0,0.85,0.7,-0.05,0.05,-0.05,0.05
58,7,0.75,0.767,0.5,0.467,0.0,0.383,0.95,0.383
59,7,0.8,0.534,0.15,0.234,0.05,0.716,1.0,0.716
60,,0.75,0.484,0.1,0.184,0.0,0.666,0.95,0.666
61,,0.7,0.434,0.05,0.134,-0.05,0.616,0.9,0.616
62,5,0.35,0.201,0.1,0.467,0.95,0.949,0.95,0.383
63,5,-0.0,-0.032,0.15,0.8,1.0,1.0,1.0,0.15
64,2,0.333,0.968,0.483,0.85,0.767,0.65,0.767,0.2
65,2,0.666,1.0,0.816,0.9,0.534,0.3,0.534,0.25
66,,0.616,0.95,0.766,0.85,0.484,0.25,0.484,0.2
67,,0.566,0.9,0.716,0.8,0.434,0.2,0.434,0.15
68,,0.516,0.85,0.666,0.75,0.384,0.15,0.384,0.1
69,,0.466,0.8,0.616,0.7,0.334,0.1,0.334,0.05
70,,0.416,0.75,0.566,0.65,0.284,0.05,0.284,0.0
71,,0.366,0.7,0.516,0.6,0.234,0.0,0.234,-0.05
72,8,0.699,0.75,0.283,0.25,0.001,0.05,0.567,0.95
73,8,1.0,0.8,0.05,-0.1,-0.232,0.1,0.9,1.0
74,5,0.65,0.567,0.1,0.233,0.768,0.433,0.95,0.767
75,5,0.3,0.334,0.15,0.566,1.0,0.766,1.0,0.534
76,,0.25,0.284,0.1,0.516,0.95,0.716,0.95,0.484
77,,0.2,0.234,0.05,0.466,0.9,0.666,0.9,0.434
78,,0.15,0.184,0.0,0.416,0.85,0.616,0.85,0.384
79,,0.1,0.134,-0.05,0.366,0.8,0.566,0.8,0.334
80,3,0.15,0.467,0.95,0.699,0.85,0.333,0.45,0.101
81,3,0.2,0.8,1.0,1.0,0.9,0.1,0.1,-0.132
82,8,0.533,0.85,0.767,0.65,0.667,0.15,0.433,0.868
83,8,0.866,0.9,0.534,0.3,0.434,0.2,0.766,1.0
84,,0.816,0.85,0.484,0.25,0.384,0.15,0.716,0.95
85,,0.766,0.8,0.434,0.2,0.334,0.1,0.666,0.9
86,,0.716,0.75,0.384,0.15,0.284,0.05,0.616,0.85
87,,0.666,0.7,0.334,0.1,0.234,0.0,0.566,0.8
88,,0.616,0.65,0.284,0.05,0.184,-0.05,0.516,0.75
89,6,0.383,0.3,0.051,0.1,0.517,0.95,0.849,0.8
90,6,0.15,-0.05,-0.182,0.15,0.85,1.0,1.0,0.85
91,3,0.2,0.283,0.818,0.483,0.9,0.767,0.65,0.617
92,3,0.25,0.616,1.0,0.816,0.95,0.534,0.3,0.384
93,,0.2,0.566,0.95,0.766,0.9,0.484,0.25,0.334
94,,0.15,0.516,0.9,0.716,0.85,0.434,0.2,0.284
95,,0.1,0.466,0.85,0.666,0.8,0.384,0.15,0.234
96,,0.05,0.416,0.8,0.616,0.75,0.334,0.1,0.184
97,,0.0,0.366,0.75,0.566,0.7,0.284,0.05,0.134
98,,-0.05,0.316,0.7,0.516,0.65,0.234,0.0,0.084
99,1,0.95,0.649,0.75,0.283,0.3,0.001,0.05,0.417
100,1,1.0,0.982,0.8,0.05,-0.05,-0.232,0.1,0.75
101,6,0.767,0.632,0.567,0.1,0.283,0.768,0.433,0.8
102,6,0.534,0.282,0.334,0.15,0.616,1.0,0.766,0.85
103,,0.484,0.232,0.284,0.1,0.566,0.95,0.716,0.8
104,,0.434,0.182,0.234,0.05,0.516,0.9,0.666,0.75
105,,0.384,0.132,0.184,0.0,0.466,0.85,0.616,0.7
106,,0.334,0.082,0.134,-0.05,0.416,0.8,0.566,0.65
107,4,0.101,0.132,0.467,0.95,0.749,0.85,0.333,0.3
108,4,-0.132,0.182,0.8,1.0,1.0,0.9,0.1,-0.05
109,1,0.868,0.515,0.85,0.767,0.65,0.667,0.15,0.283
110,1,1.0,0.848,0.9,0.534,0.3,0.434,0.2,0.616
111,,0.95,0.798,0.85,0.484,0.25,0.384,0.15,0.566
112,,0.9,0.748,0.8,0.434,0.2,0.334,0.1,0.516
113,,0.85,0.698,0.75,0.384,0.15,0.284,0.05,0.466
114,,0.8,0.648,0.7,0.334,0.1,0.234,0.0,0.416
115,,0.75,0.598,0.65,0.284,0.05,0.184,-0.05,0.366
116,7,0.8,0.365,0.3,0.051,0.1,0.517,0.95,0.699
117,7,0.85,0.132,-0.05,-0.182,0.15,0.85,1.0,1.0
118,4,0.617,0.182,0.283,0.818,0.483,0.9,0.767,0.65
119,4,0.384,0.232,0.616,1.0,0.816,0.95,0.534,0.3
120,,0.334,0.182,0.566,0.95,0.766,0.9,0.484,0.25
121,,0.284,0.132,0.516,0.9,0.716,0.85,0.434,0.2
122,,0.234,0.082,0.466,0.85,0.666,0.8,0.384,0.15
123,,0.184,0.032,0.416,0.8,0.616,0.75,0.334,0.1
124,,0.134,-0.018,0.366,0.75,0.566,0.7,0.284,0.05
125,2,0.467,0.982,0.699,0.8,0.333,0.35,0.051,0.1
126,2,0.8,1.0,1.0,0.85,0.1,-0.0,-0.182,0.15
127,7,0.85,0.767,0.65,0.617,0.15,0.333,0.818,0.483
128,7,0.9,0.534,0.3,0.384,0.2,0.666,1.0,0.816
129,,0.85,0.484,0.25,0.334,0.15,0.616,0.95,0.766
130,,0.8,0.434,0.2,0.284,0.1,0.566,0.9,0.716
131,,0.75,0.384,0.15,0.234,0.05,0.516,0.85,0.666
132,,0.7,0.334,0.1,0.184,0.0,0.466,0.8,0.616
133,,0.65,0.284,0.05,0.134,-0.05,0.416,0.75,0.566
134,5,0.3,0.051,0.1,0.467,0.95,0.749,0.8,0.333
135,5,-0.05,-0.182,0.15,0.8,1.0,1.0,0.85,0.1
136,2,0.283,0.818,0.483,0.85,0.767,0.65,0.617,0.15
137,2,0.616,1.0,0.816,0.9,0.534,0.3,0.384,0.2
138,,0.566,0.95,0.766,0.85,0.484,0.25,0.334,0.15
139,,0.516,0.9,0.716,0.8,0.434,0.2,0.284,0.1
140,,0.466,0.85,0.666,0.75,0.384,0.15,0.234,0.05
141,,0.416,0.8,0.616,0.7,0.334,0.1,0.184,0.0
142,,0.366,0.75,0.566,0.65,0.284,0.05,0.134,-0.05
143,8,0.699,0.8,0.333,0.3,0.051,0.1,0.467,0.95
144,8,1.0,0.85,0.1,-0.05,-0.182,0.15,0.8,1.0
145,5,0.65,0.617,0.15,0.283,0.818,0.483,0.85,0.767
146,5,0.3,0.384,0.2,0.616,1.0,0.816,0.9,0.534
147,,0.25,0.334,0.15,0.566,0.95,0.766,0.85,0.484
148,,0.2,0.284,0.1,0.516,0.9,0.716,0.8,0.434
149,,0.15,0.234,0.05,0.466,0.85,0.666,0.75,0.384
150,,0.1,0.184,0.0,0.416,0.8,0.616,0.7,0.334
151,,0.05,0.134,-0.05,0.366,0.75,0.566,0.65,0.284
152,3,0.1,0.467,0.95,0.699,0.8,0.333,0.3,0.051
153,3,0.15,0.8,1.0,1.0,0.85,0.1,-0.05,-0.182
154,8,0.483,0.85,0.767,0.65,0.617,0.15,0.283,0.818
155,8,0.816,0.9,0.534,0.3,0.384,0.2,0.616,1.0
156,,0.766,0.85,0.484,0.25,0.334,0.15,0.566,0.95
157,,0.716,0.8,0.434,0.2,0.284,0.1,0.516,0.9
158,,0.666,0.75,0.384,0.15,0.234,0.05,0.466,0.85
159,,0.616,0.7,0.334,0.1,0.184,0.0,0.416,0.8
160,,0.566,0.65,0.284,0.05,0.134,-0.05,0.366,0.75
161,6,0.333,0.3,0.051,0.1,0.467,0.95,0.699,0.8
162,6,0.1,-0.05,-0.182,0.15,0.8,1.0,1.0,0.85
163,3,0.15,0.283,0.818,0.483,0.85,0.767,0.65,0.617
164,3,0.2,0.616,1.0,0.816,0.9,0.534,0.3,0.384
165,,0.15,0.566,0.95,0.766,0.85,0.484,0.25,0.334
166,,0.1,0.516,0.9,0.716,0.8,0.434,0.2,0.284
167,,0.05,0.466,0.85,0.666,0.75,0.384,0.15,0.234
168,,0.0,0.416,0.8,0.616,0.7,0.334,0.1,0.184
169,,-0.05,0.366,0.75,0.566,0.65,0.284,0.05,0.134
170,1,0.95,0.699,0.8,0.333,0.3,0.051,0.1,0.467
171,1,1.0,1.0,0.85,0.1,-0.05,-0.182,0.15,0.8
172,6,0.767,0.65,0.617,0.15,0.283,0.818,0.483,0.85
173,6,0.534,0.3,0.384,0.2,0.616,1.0,0.816,0.9
174,,0.484,0.25,0.334,0.15,0.566,0.95,0.766,0.85
175,,0.434,0.2,0.284,0.1,0.516,0.9,0.716,0.8
176,,0.384,0.15,0.234,0.05,0.466,0.85,0.666,0.75
177,,0.334,0.1,0.184,0.0,0.416,0.8,0.616,0.7
178,,0.284,0.05,0.134,-0.05,0.366,0.75,0.566,0.65
179,4,0.051,0.1,0.467,0.95,0.699,0.8,0.333,0.3
180,4,-0.182,0.15,0.8,1.0,1.0,0.85,0.1,-0.05
181,1,0.818,0.483,0.85,0.767,0.65,0.617,0.15,0.283
182,1,1.0,0.816,0.9,0.534,0.3,0.384,0.2,0.616
183,,0.95,0.766,0.85,0.484,0.25,0.334,0.15,0.566
184,,0.9,0.716,0.8,0.434,0.2,0.284,0.1,0.516
185,,0.85,0.666,0.75,0.384,0.15,0.234,0.05,0.466
186,,0.8,0.616,0.7,0.334,0.1,0.184,0.0,0.416
187,,0.75,0.566,0.65,0.284,0.05,0.134,-0.05,0.366
188,7,0.8,0.333,0.3,0.051,0.1,0.467,0.95,0.699
189,7,0.85,0.1,-0.05,-0.182,0.15,0.8,1.0,1.0
190,4,0.617,0.15,0.283,0.818,0.483,0.85,0.767,0.65
191,4,0.384,0.2,0.616,1.0,0.816,0.9,0.534,0.3
192,,0.334,0.15,0.566,0.95,0.766,0.85,0.484,0.25
193,,0.284,0.1,0.516,0.9,0.716,0.8,0.434,0.2
194,,0.234,0.05,0.466,0.85,0.666,0.75,0.384,0.15
195,,0.184,0.0,0.416,0.8,0.616,0.7,0.334,0.1
196,,0.134,-0.05,0.366,0.75,0.566,0.65,0.284,0.05
197,2,0.467,0.95,0.699,0.8,0.333,0.3,0.051,0.1
198,2,0.8,1.0,1.0,0.85,0.1,-0.05,-0.182,0.15
199,7,0.85,0.767,0.65,0.617,0.15,0.283,0.818,0.483
