step,active_motive,motive_1,motive_2,motive_3,motive_4,motive_5,motive_6,motive_7,motive_8
0,,0.01539,0.58293,0.2531,0.45025,0.95758,0.39904,0.8398,0.18854
1,,-0.98461,-0.41707,-0.7469,-0.54975,-0.04242,-0.60096,-0.1602,-0.81146
2,1,0.01539,-0.73407,-1.0,-1.0,-1.0,-1.0,-0.7602,-1.0
3,1,1.0,-1.0,-1.0,-1.0,-1.0,-1.0,-1.0,-1.0
4,7,0.4,-1.0,-1.0,-1.0,-1.0,-1.0,0.0,-1.0
5,7,-0.2,-1.0,-1.0,-1.0,-1.0,-1.0,1.0,-1.0
6,8,-0.517,-1.0,-1.0,-1.0,-1.0,-1.0,0.683,0.0
7,8,-0.834,-1.0,-1.0,-1.0,-1.0,-1.0,0.366,1.0
8,2,-1.0,0.0,-1.0,-1.0,-1.0,-1.0,-0.517,0.4
9,2,-1.0,1.0,-1.0,-1.0,-1.0,-1.0,-1.0,-0.2
10,3,-1.0,0.683,0.0,-1.0,-1.0,-1.0,-1.0,-1.0
11,3,-1.0,0.366,1.0,-1.0,-1.0,-1.0,-1.0,-1.0
12,4,-1.0,-0.234,0.683,0.0,-1.0,-1.0,-1.0,-1.0
13,4,-1.0,-0.834,0.366,1.0,-1.0,-1.0,-1.0,-1.0
14,6,-1.0,-1.0,-0.517,0.4,-1.0,0.0,-1.0,-1.0
15,6,-1.0,-1.0,-1.0,-0.2,-1.0,1.0,-1.0,-1.0
16,8,-1.0,-1.0,-1.0,-1.0,-1.0,0.4,-1.0,0.0
17,8,-1.0,-1.0,-1.0,-1.0,-1.0,-0.2,-1.0,1.0
18,2,-1.0,0.0,-1.0,-1.0,-1.0,-1.0,-1.0,0.4
19,2,-1.0,1.0,-1.0,-1.0,-1.0,-1.0,-1.0,-0.2
20,4,-1.0,0.4,-1.0,0.0,-1.0,-1.0,-1.0,-1.0
21,4,-1.0,-0.2,-1.0,1.0,-1.0,-1.0,-1.0,-1.0
22,6,-1.0,-1.0,-1.0,0.4,-1.0,0.0,-1.0,-1.0
23,6,-1.0,-1.0,-1.0,-0.2,-1.0,1.0,-1.0,-1.0
24,3,-1.0,-1.0,0.0,-0.517,-1.0,0.117,-1.0,-1.0
25,3,-1.0,-1.0,1.0,-0.834,-1.0,-0.766,-1.0,-1.0
26,8,-1.0,-1.0,0.117,-1.0,-1.0,-1.0,-1.0,0.0
27,8,-1.0,-1.0,-0.766,-1.0,-1.0,-1.0,-1.0,1.0
28,1,0.0,-1.0,-1.0,-1.0,-1.0,-1.0,-1.0,0.683
29,1,1.0,-1.0,-1.0,-1.0,-1.0,-1.0,-1.0,0.366
30,5,0.0,-1.0,-1.0,-1.0,0.0,-1.0,-1.0,-0.517
31,5,-1.0,-1.0,-1.0,-1.0,1.0,-1.0,-1.0,-1.0
32,8,-1.0,-1.0,-1.0,-1.0,0.117,-1.0,-1.0,0.0
33,8,-1.0,-1.0,-1.0,-1.0,-0.766,-1.0,-1.0,1.0
34,4,-1.0,-1.0,-1.0,0.0,-1.0,-1.0,-1.0,0.0
35,4,-1.0,-1.0,-1.0,1.0,-1.0,-1.0,-1.0,-1.0
36,6,-1.0,-1.0,-1.0,0.4,-1.0,0.0,-1.0,-1.0
37,6,-1.0,-1.0,-1.0,-0.2,-1.0,1.0,-1.0,-1.0
38,3,-1.0,-1.0,0.0,-0.517,-1.0,0.117,-1.0,-1.0
39,3,-1.0,-1.0,1.0,-0.834,-1.0,-0.766,-1.0,-1.0
40,1,0.0,-1.0,0.4,-1.0,-1.0,-1.0,-1.0,-1.0
41,1,1.0,-1.0,-0.2,-1.0,-1.0,-1.0,-1.0,-1.0
42,5,0.0,-1.0,-0.8,-1.0,0.0,-1.0,-1.0,-1.0
43,5,-1.0,-1.0,-1.0,-1.0,1.0,-1.0,-1.0,-1.0
44,2,-1.0,0.0,-1.0,-1.0,0.117,-1.0,-1.0,-1.0
45,2,-1.0,1.0,-1.0,-1.0,-0.766,-1.0,-1.0,-1.0
46,4,-1.0,0.4,-1.0,0.0,-1.0,-1.0,-1.0,-1.0
47,4,-1.0,-0.2,-1.0,1.0,-1.0,-1.0,-1.0,-1.0
48,6,-1.0,-1.0,-1.0,0.4,-1.0,0.0,-1.0,-1.0
49,6,-1.0,-1.0,-1.0,-0.2,-1.0,1.0,-1.0,-1.0
50,1,0.0,-1.0,-1.0,-1.0,-1.0,0.117,-1.0,-1.0
51,1,1.0,-1.0,-1.0,-1.0,-1.0,-0.766,-1.0,-1.0
52,4,0.117,-1.0,-1.0,0.0,-1.0,-1.0,-1.0,-1.0
53,4,-0.766,-1.0,-1.0,1.0,-1.0,-1.0,-1.0,-1.0
54,2,-1.0,0.0,-1.0,0.4,-1.0,-1.0,-1.0,-1.0
55,2,-1.0,1.0,-1.0,-0.2,-1.0,-1.0,-1.0,-1.0
56,1,0.0,0.683,-1.0,-1.0,-1.0,-1.0,-1.0,-1.0
57,1,1.0,0.366,-1.0,-1.0,-1.0,-1.0,-1.0,-1.0
58,4,0.117,-0.234,-1.0,0.0,-1.0,-1.0,-1.0,-1.0
59,4,-0.766,-0.834,-1.0,1.0,-1.0,-1.0,-1.0,-1.0
60,5,-1.0,-1.0,-1.0,0.683,0.0,-1.0,-1.0,-1.0
61,5,-1.0,-1.0,-1.0,0.366,1.0,-1.0,-1.0,-1.0
62,6,-1.0,-1.0,-1.0,-0.234,0.683,0.0,-1.0,-1.0
63,6,-1.0,-1.0,-1.0,-0.834,0.366,1.0,-1.0,-1.0
64,8,-1.0,-1.0,-1.0,-1.0,-0.517,0.4,-1.0,0.0
65,8,-1.0,-1.0,-1.0,-1.0,-1.0,-0.2,-1.0,1.0
66,1,0.0,-1.0,-1.0,-1.0,-1.0,-1.0,-1.0,0.683
67,1,1.0,-1.0,-1.0,-1.0,-1.0,-1.0,-1.0,0.366
68,6,0.117,-1.0,-1.0,-1.0,-1.0,0.0,-1.0,-0.234
69,6,-0.766,-1.0,-1.0,-1.0,-1.0,1.0,-1.0,-0.834
70,5,-1.0,-1.0,-1.0,-1.0,0.0,0.683,-1.0,-1.0
71,5,-1.0,-1.0,-1.0,-1.0,1.0,0.366,-1.0,-1.0
72,1,0.0,-1.0,-1.0,-1.0,0.0,-0.517,-1.0,-1.0
73,1,1.0,-1.0,-1.0,-1.0,-1.0,-1.0,-1.0,-1.0
74,2,0.683,0.0,-1.0,-1.0,-1.0,-1.0,-1.0,-1.0
75,2,0.366,1.0,-1.0,-1.0,-1.0,-1.0,-1.0,-1.0
76,8,0.049,0.4,-1.0,-1.0,-1.0,-1.0,-1.0,0.0
77,8,-0.268,-0.2,-1.0,-1.0,-1.0,-1.0,-1.0,1.0
78,7,-0.868,-1.0,-1.0,-1.0,-1.0,-1.0,0.0,0.683
79,7,-1.0,-1.0,-1.0,-1.0,-1.0,-1.0,1.0,0.366
80,3,-1.0,-1.0,0.0,-1.0,-1.0,-1.0,0.0,-0.517
81,3,-1.0,-1.0,1.0,-1.0,-1.0,-1.0,-1.0,-1.0
82,2,-1.0,0.0,0.683,-1.0,-1.0,-1.0,-1.0,-1.0
83,2,-1.0,1.0,0.366,-1.0,-1.0,-1.0,-1.0,-1.0
84,5,-1.0,0.117,-0.234,-1.0,0.0,-1.0,-1.0,-1.0
85,5,-1.0,-0.766,-0.834,-1.0,1.0,-1.0,-1.0,-1.0
86,8,-1.0,-1.0,-1.0,-1.0,0.117,-1.0,-1.0,0.0
87,8,-1.0,-1.0,-1.0,-1.0,-0.766,-1.0,-1.0,1.0
88,2,-1.0,0.0,-1.0,-1.0,-1.0,-1.0,-1.0,0.4
89,2,-1.0,1.0,-1.0,-1.0,-1.0,-1.0,-1.0,-0.2
90,4,-1.0,0.4,-1.0,0.0,-1.0,-1.0,-1.0,-1.0
91,4,-1.0,-0.2,-1.0,1.0,-1.0,-1.0,-1.0,-1.0
92,8,-1.0,-0.8,-1.0,0.0,-1.0,-1.0,-1.0,0.0
93,8,-1.0,-1.0,-1.0,-1.0,-1.0,-1.0,-1.0,1.0
94,2,-1.0,0.0,-1.0,-1.0,-1.0,-1.0,-1.0,0.4
95,2,-1.0,1.0,-1.0,-1.0,-1.0,-1.0,-1.0,-0.2
96,1,0.0,0.683,-1.0,-1.0,-1.0,-1.0,-1.0,-0.517
97,1,1.0,0.366,-1.0,-1.0,-1.0,-1.0,-1.0,-0.834
98,5,0.0,-0.517,-1.0,-1.0,0.0,-1.0,-1.0,-1.0
99,5,-1.0,-1.0,-1.0,-1.0,1.0,-1.0,-1.0,-1.0
100,2,-1.0,0.0,-1.0,-1.0,0.117,-1.0,-1.0,-1.0
101,2,-1.0,1.0,-1.0,-1.0,-0.766,-1.0,-1.0,-1.0
102,8,-1.0,0.4,-1.0,-1.0,-1.0,-1.0,-1.0,0.0
103,8,-1.0,-0.2,-1.0,-1.0,-1.0,-1.0,-1.0,1.0
104,3,-1.0,-0.517,0.0,-1.0,-1.0,-1.0,-1.0,0.117
105,3,-1.0,-0.834,1.0,-1.0,-1.0,-1.0,-1.0,-0.766
106,4,-1.0,-1.0,0.683,0.0,-1.0,-1.0,-1.0,-1.0
107,4,-1.0,-1.0,0.366,1.0,-1.0,-1.0,-1.0,-1.0
108,8,-1.0,-1.0,-0.517,0.0,-1.0,-1.0,-1.0,0.0
109,8,-1.0,-1.0,-1.0,-1.0,-1.0,-1.0,-1.0,1.0
110,7,-1.0,-1.0,-1.0,-1.0,-1.0,-1.0,0.0,0.683
111,7,-1.0,-1.0,-1.0,-1.0,-1.0,-1.0,1.0,0.366
112,3,-1.0,-1.0,0.0,-1.0,-1.0,-1.0,0.0,-0.517
113,3,-1.0,-1.0,1.0,-1.0,-1.0,-1.0,-1.0,-1.0
114,5,-1.0,-1.0,0.4,-1.0,0.0,-1.0,-1.0,-1.0
115,5,-1.0,-1.0,-0.2,-1.0,1.0,-1.0,-1.0,-1.0
116,4,-1.0,-1.0,-0.517,0.0,0.683,-1.0,-1.0,-1.0
117,4,-1.0,-1.0,-0.834,1.0,0.366,-1.0,-1.0,-1.0
118,8,-1.0,-1.0,-1.0,0.0,-0.517,-1.0,-1.0,0.0
119,8,-1.0,-1.0,-1.0,-1.0,-1.0,-1.0,-1.0,1.0
120,6,-1.0,-1.0,-1.0,-1.0,-1.0,0.0,-1.0,0.4
121,6,-1.0,-1.0,-1.0,-1.0,-1.0,1.0,-1.0,-0.2
122,3,-1.0,-1.0,0.0,-1.0,-1.0,0.117,-1.0,-1.0
123,3,-1.0,-1.0,1.0,-1.0,-1.0,-0.766,-1.0,-1.0
124,2,-1.0,0.0,0.683,-1.0,-1.0,-1.0,-1.0,-1.0
125,2,-1.0,1.0,0.366,-1.0,-1.0,-1.0,-1.0,-1.0
126,8,-1.0,0.4,-0.517,-1.0,-1.0,-1.0,-1.0,0.0
127,8,-1.0,-0.2,-1.0,-1.0,-1.0,-1.0,-1.0,1.0
128,1,0.0,-0.517,-1.0,-1.0,-1.0,-1.0,-1.0,0.683
129,1,1.0,-0.834,-1.0,-1.0,-1.0,-1.0,-1.0,0.366
130,5,0.0,-1.0,-1.0,-1.0,0.0,-1.0,-1.0,-0.517
131,5,-1.0,-1.0,-1.0,-1.0,1.0,-1.0,-1.0,-1.0
132,7,-1.0,-1.0,-1.0,-1.0,0.4,-1.0,0.0,-1.0
133,7,-1.0,-1.0,-1.0,-1.0,-0.2,-1.0,1.0,-1.0
134,3,-1.0,-1.0,0.0,-1.0,-0.8,-1.0,0.0,-1.0
135,3,-1.0,-1.0,1.0,-1.0,-1.0,-1.0,-1.0,-1.0
136,7,-1.0,-1.0,0.0,-1.0,-1.0,-1.0,0.0,-1.0
137,7,-1.0,-1.0,-1.0,-1.0,-1.0,-1.0,1.0,-1.0
138,2,-1.0,0.0,-1.0,-1.0,-1.0,-1.0,0.117,-1.0
139,2,-1.0,1.0,-1.0,-1.0,-1.0,-1.0,-0.766,-1.0
140,1,0.0,0.683,-1.0,-1.0,-1.0,-1.0,-1.0,-1.0
141,1,1.0,0.366,-1.0,-1.0,-1.0,-1.0,-1.0,-1.0
142,3,0.4,0.049,0.0,-1.0,-1.0,-1.0,-1.0,-1.0
143,3,-0.2,-0.268,1.0,-1.0,-1.0,-1.0,-1.0,-1.0
144,8,-0.517,-0.868,0.117,-1.0,-1.0,-1.0,-1.0,0.0
145,8,-0.834,-1.0,-0.766,-1.0,-1.0,-1.0,-1.0,1.0
146,5,-1.0,-1.0,-1.0,-1.0,0.0,-1.0,-1.0,0.117
147,5,-1.0,-1.0,-1.0,-1.0,1.0,-1.0,-1.0,-0.766
148,1,0.0,-1.0,-1.0,-1.0,0.0,-1.0,-1.0,-1.0
149,1,1.0,-1.0,-1.0,-1.0,-1.0,-1.0,-1.0,-1.0
150,8,0.683,-1.0,-1.0,-1.0,-1.0,-1.0,-1.0,0.0
151,8,0.366,-1.0,-1.0,-1.0,-1.0,-1.0,-1.0,1.0
152,2,0.049,0.0,-1.0,-1.0,-1.0,-1.0,-1.0,0.4
153,2,-0.268,1.0,-1.0,-1.0,-1.0,-1.0,-1.0,-0.2
154,6,-1.0,0.0,-1.0,-1.0,-1.0,0.0,-1.0,-0.8
155,6,-1.0,-1.0,-1.0,-1.0,-1.0,1.0,-1.0,-1.0
156,4,-1.0,-1.0,-1.0,0.0,-1.0,0.4,-1.0,-1.0
157,4,-1.0,-1.0,-1.0,1.0,-1.0,-0.2,-1.0,-1.0
158,1,0.0,-1.0,-1.0,0.117,-1.0,-1.0,-1.0,-1.0
159,1,1.0,-1.0,-1.0,-0.766,-1.0,-1.0,-1.0,-1.0
160,8,0.683,-1.0,-1.0,-1.0,-1.0,-1.0,-1.0,0.0
161,8,0.366,-1.0,-1.0,-1.0,-1.0,-1.0,-1.0,1.0
162,6,-0.517,-1.0,-1.0,-1.0,-1.0,0.0,-1.0,0.4
163,6,-1.0,-1.0,-1.0,-1.0,-1.0,1.0,-1.0,-0.2
164,1,0.0,-1.0,-1.0,-1.0,-1.0,0.117,-1.0,-0.517
165,1,1.0,-1.0,-1.0,-1.0,-1.0,-0.766,-1.0,-0.834
166,3,0.4,-1.0,0.0,-1.0,-1.0,-1.0,-1.0,-1.0
167,3,-0.2,-1.0,1.0,-1.0,-1.0,-1.0,-1.0,-1.0
168,5,-1.0,-1.0,0.4,-1.0,0.0,-1.0,-1.0,-1.0
169,5,-1.0,-1.0,-0.2,-1.0,1.0,-1.0,-1.0,-1.0
170,7,-1.0,-1.0,-1.0,-1.0,0.4,-1.0,0.0,-1.0
171,7,-1.0,-1.0,-1.0,-1.0,-0.2,-1.0,1.0,-1.0
172,2,-1.0,0.0,-1.0,-1.0,-1.0,-1.0,0.117,-1.0
173,2,-1.0,1.0,-1.0,-1.0,-1.0,-1.0,-0.766,-1.0
174,6,-1.0,0.0,-1.0,-1.0,-1.0,0.0,-1.0,-1.0
175,6,-1.0,-1.0,-1.0,-1.0,-1.0,1.0,-1.0,-1.0
176,2,-1.0,0.0,-1.0,-1.0,-1.0,0.0,-1.0,-1.0
177,2,-1.0,1.0,-1.0,-1.0,-1.0,-1.0,-1.0,-1.0
178,4,-1.0,0.4,-1.0,0.0,-1.0,-1.0,-1.0,-1.0
179,4,-1.0,-0.2,-1.0,1.0,-1.0,-1.0,-1.0,-1.0
180,5,-1.0,-1.0,-1.0,0.683,0.0,-1.0,-1.0,-1.0
181,5,-1.0,-1.0,-1.0,0.366,1.0,-1.0,-1.0,-1.0
182,6,-1.0,-1.0,-1.0,-0.234,0.683,0.0,-1.0,-1.0
183,6,-1.0,-1.0,-1.0,-0.834,0.366,1.0,-1.0,-1.0
184,2,-1.0,0.0,-1.0,-1.0,-0.517,0.0,-1.0,-1.0
185,2,-1.0,1.0,-1.0,-1.0,-1.0,-1.0,-1.0,-1.0
186,5,-1.0,0.117,-1.0,-1.0,0.0,-1.0,-1.0,-1.0
187,5,-1.0,-0.766,-1.0,-1.0,1.0,-1.0,-1.0,-1.0
188,3,-1.0,-1.0,0.0,-1.0,0.4,-1.0,-1.0,-1.0
189,3,-1.0,-1.0,1.0,-1.0,-0.2,-1.0,-1.0,-1.0
190,6,-1.0,-1.0,0.117,-1.0,-0.517,0.0,-1.0,-1.0
191,6,-1.0,-1.0,-0.766,-1.0,-0.834,1.0,-1.0,-1.0
192,4,-1.0,-1.0,-1.0,0.0,-1.0,0.4,-1.0,-1.0
193,4,-1.0,-1.0,-1.0,1.0,-1.0,-0.2,-1.0,-1.0
194,7,-1.0,-1.0,-1.0,0.117,-1.0,-0.517,0.0,-1.0
195,7,-1.0,-1.0,-1.0,-0.766,-1.0,-0.834,1.0,-1.0
196,5,-1.0,-1.0,-1.0,-1.0,0.0,-1.0,0.4,-1.0
197,5,-1.0,-1.0,-1.0,-1.0,1.0,-1.0,-0.2,-1.0
198,2,-1.0,0.0,-1.0,-1.0,0.117,-1.0,-1.0,-1.0
199,2,-1.0,1.0,-1.0,-1.0,-0.766,-1.0,-1.0,-1.0
200,3,-1.0,0.683,0.0,-1.0,-1.0,-1.0,-1.0,-1.0
201,3,-1.0,0.366,1.0,-1.0,-1.0,-1.0,-1.0,-1.0
202,8,-1.0,-0.234,0.117,-1.0,-1.0,-1.0,-1.0,0.0
203,8,-1.0,-0.834,-0.766,-1.0,-1.0,-1.0,-1.0,1.0
204,5,-1.0,-1.0,-1.0,-1.0,0.0,-1.0,-1.0,0.117
205,5,-1.0,-1.0,-1.0,-1.0,1.0,-1.0,-1.0,-0.766
206,2,-1.0,0.0,-1.0,-1.0,0.117,-1.0,-1.0,-1.0
207,2,-1.0,1.0,-1.0,-1.0,-0.766,-1.0,-1.0,-1.0
208,1,0.0,0.683,-1.0,-1.0,-1.0,-1.0,-1.0,-1.0
209,1,1.0,0.366,-1.0,-1.0,-1.0,-1.0,-1.0,-1.0
210,7,0.4,-0.517,-1.0,-1.0,-1.0,-1.0,0.0,-1.0
211,7,-0.2,-1.0,-1.0,-1.0,-1.0,-1.0,1.0,-1.0
212,5,-1.0,-1.0,-1.0,-1.0,0.0,-1.0,0.4,-1.0
213,5,-1.0,-1.0,-1.0,-1.0,1.0,-1.0,-0.2,-1.0
214,8,-1.0,-1.0,-1.0,-1.0,0.117,-1.0,-0.517,0.0
215,8,-1.0,-1.0,-1.0,-1.0,-0.766,-1.0,-0.834,1.0
216,6,-1.0,-1.0,-1.0,-1.0,-1.0,0.0,-1.0,0.4
217,6,-1.0,-1.0,-1.0,-1.0,-1.0,1.0,-1.0,-0.2
218,3,-1.0,-1.0,0.0,-1.0,-1.0,0.117,-1.0,-1.0
219,3,-1.0,-1.0,1.0,-1.0,-1.0,-0.766,-1.0,-1.0
220,8,-1.0,-1.0,0.117,-1.0,-1.0,-1.0,-1.0,0.0
221,8,-1.0,-1.0,-0.766,-1.0,-1.0,-1.0,-1.0,1.0
222,5,-1.0,-1.0,-1.0,-1.0,0.0,-1.0,-1.0,0.117
223,5,-1.0,-1.0,-1.0,-1.0,1.0,-1.0,-1.0,-0.766
224,4,-1.0,-1.0,-1.0,0.0,0.683,-1.0,-1.0,-1.0
225,4,-1.0,-1.0,-1.0,1.0,0.366,-1.0,-1.0,-1.0
226,1,0.0,-1.0,-1.0,0.117,-0.634,-1.0,-1.0,-1.0
227,1,1.0,-1.0,-1.0,-0.766,-1.0,-1.0,-1.0,-1.0
228,5,0.0,-1.0,-1.0,-1.0,0.0,-1.0,-1.0,-1.0
229,5,-1.0,-1.0,-1.0,-1.0,1.0,-1.0,-1.0,-1.0
230,7,-1.0,-1.0,-1.0,-1.0,0.4,-1.0,0.0,-1.0
231,7,-1.0,-1.0,-1.0,-1.0,-0.2,-1.0,1.0,-1.0
232,8,-1.0,-1.0,-1.0,-1.0,-1.0,-1.0,0.683,0.0
233,8,-1.0,-1.0,-1.0,-1.0,-1.0,-1.0,0.366,1.0
234,2,-1.0,0.0,-1.0,-1.0,-1.0,-1.0,-0.517,0.4
235,2,-1.0,1.0,-1.0,-1.0,-1.0,-1.0,-1.0,-0.2
236,1,0.0,0.683,-1.0,-1.0,-1.0,-1.0,-1.0,-0.517
237,1,1.0,0.366,-1.0,-1.0,-1.0,-1.0,-1.0,-0.834
238,3,0.4,0.049,0.0,-1.0,-1.0,-1.0,-1.0,-1.0
239,3,-0.2,-0.268,1.0,-1.0,-1.0,-1.0,-1.0,-1.0
240,8,-0.517,-0.868,0.117,-1.0,-1.0,-1.0,-1.0,0.0
241,8,-0.834,-1.0,-0.766,-1.0,-1.0,-1.0,-1.0,1.0
242,7,-1.0,-1.0,-1.0,-1.0,-1.0,-1.0,0.0,0.683
243,7,-1.0,-1.0,-1.0,-1.0,-1.0,-1.0,1.0,0.366
244,5,-1.0,-1.0,-1.0,-1.0,0.0,-1.0,0.4,-0.517
245,5,-1.0,-1.0,-1.0,-1.0,1.0,-1.0,-0.2,-1.0
246,1,0.0,-1.0,-1.0,-1.0,0.0,-1.0,-0.8,-1.0
247,1,1.0,-1.0,-1.0,-1.0,-1.0,-1.0,-1.0,-1.0
248,3,0.4,-1.0,0.0,-1.0,-1.0,-1.0,-1.0,-1.0
249,3,-0.2,-1.0,1.0,-1.0,-1.0,-1.0,-1.0,-1.0
250,6,-1.0,-1.0,0.117,-1.0,-1.0,0.0,-1.0,-1.0
251,6,-1.0,-1.0,-0.766,-1.0,-1.0,1.0,-1.0,-1.0
252,7,-1.0,-1.0,-1.0,-1.0,-1.0,0.683,0.0,-1.0
253,7,-1.0,-1.0,-1.0,-1.0,-1.0,0.366,1.0,-1.0
254,2,-1.0,0.0,-1.0,-1.0,-1.0,-0.634,0.117,-1.0
255,2,-1.0,1.0,-1.0,-1.0,-1.0,-1.0,-0.766,-1.0
256,4,-1.0,0.4,-1.0,0.0,-1.0,-1.0,-1.0,-1.0
257,4,-1.0,-0.2,-1.0,1.0,-1.0,-1.0,-1.0,-1.0
258,7,-1.0,-1.0,-1.0,0.117,-1.0,-1.0,0.0,-1.0
259,7,-1.0,-1.0,-1.0,-0.766,-1.0,-1.0,1.0,-1.0
260,5,-1.0,-1.0,-1.0,-1.0,0.0,-1.0,0.4,-1.0
261,5,-1.0,-1.0,-1.0,-1.0,1.0,-1.0,-0.2,-1.0
262,3,-1.0,-1.0,0.0,-1.0,0.4,-1.0,-1.0,-1.0
263,3,-1.0,-1.0,1.0,-1.0,-0.2,-1.0,-1.0,-1.0
264,4,-1.0,-1.0,0.683,0.0,-0.517,-1.0,-1.0,-1.0
265,4,-1.0,-1.0,0.366,1.0,-0.834,-1.0,-1.0,-1.0
266,7,-1.0,-1.0,-0.634,0.117,-1.0,-1.0,0.0,-1.0
267,7,-1.0,-1.0,-1.0,-0.766,-1.0,-1.0,1.0,-1.0
268,6,-1.0,-1.0,-1.0,-1.0,-1.0,0.0,0.683,-1.0
269,6,-1.0,-1.0,-1.0,-1.0,-1.0,1.0,0.366,-1.0
270,1,0.0,-1.0,-1.0,-1.0,-1.0,0.117,-0.234,-1.0
271,1,1.0,-1.0,-1.0,-1.0,-1.0,-0.766,-0.834,-1.0
272,5,0.0,-1.0,-1.0,-1.0,0.0,-1.0,-1.0,-1.0
273,5,-1.0,-1.0,-1.0,-1.0,1.0,-1.0,-1.0,-1.0
274,4,-1.0,-1.0,-1.0,0.0,0.683,-1.0,-1.0,-1.0
275,4,-1.0,-1.0,-1.0,1.0,0.366,-1.0,-1.0,-1.0
276,6,-1.0,-1.0,-1.0,0.4,0.049,0.0,-1.0,-1.0
277,6,-1.0,-1.0,-1.0,-0.2,-0.268,1.0,-1.0,-1.0
278,3,-1.0,-1.0,0.0,-0.517,-0.868,0.117,-1.0,-1.0
279,3,-1.0,-1.0,1.0,-0.834,-1.0,-0.766,-1.0,-1.0
280,2,-1.0,0.0,0.683,-1.0,-1.0,-1.0,-1.0,-1.0
281,2,-1.0,1.0,0.366,-1.0,-1.0,-1.0,-1.0,-1.0
282,1,0.0,0.683,-0.234,-1.0,-1.0,-1.0,-1.0,-1.0
283,1,1.0,0.366,-0.834,-1.0,-1.0,-1.0,-1.0,-1.0
284,8,0.683,-0.234,-1.0,-1.0,-1.0,-1.0,-1.0,0.0
285,8,0.366,-0.834,-1.0,-1.0,-1.0,-1.0,-1.0,1.0
286,7,-0.234,-1.0,-1.0,-1.0,-1.0,-1.0,0.0,0.683
287,7,-0.834,-1.0,-1.0,-1.0,-1.0,-1.0,1.0,0.366
288,3,-1.0,-1.0,0.0,-1.0,-1.0,-1.0,0.0,-0.517
289,3,-1.0,-1.0,1.0,-1.0,-1.0,-1.0,-1.0,-1.0
290,5,-1.0,-1.0,0.4,-1.0,0.0,-1.0,-1.0,-1.0
291,5,-1.0,-1.0,-0.2,-1.0,1.0,-1.0,-1.0,-1.0
292,1,0.0,-1.0,-0.8,-1.0,0.0,-1.0,-1.0,-1.0
293,1,1.0,-1.0,-1.0,-1.0,-1.0,-1.0,-1.0,-1.0
294,6,0.117,-1.0,-1.0,-1.0,-1.0,0.0,-1.0,-1.0
295,6,-0.766,-1.0,-1.0,-1.0,-1.0,1.0,-1.0,-1.0
296,8,-1.0,-1.0,-1.0,-1.0,-1.0,0.4,-1.0,0.0
297,8,-1.0,-1.0,-1.0,-1.0,-1.0,-0.2,-1.0,1.0
298,5,-1.0,-1.0,-1.0,-1.0,0.0,-0.517,-1.0,0.117
299,5,-1.0,-1.0,-1.0,-1.0,1.0,-0.834,-1.0,-0.766
300,4,-1.0,-1.0,-1.0,0.0,0.683,-1.0,-1.0,-1.0
301,4,-1.0,-1.0,-1.0,1.0,0.366,-1.0,-1.0,-1.0
302,8,-1.0,-1.0,-1.0,0.0,-0.517,-1.0,-1.0,0.0
303,8,-1.0,-1.0,-1.0,-1.0,-1.0,-1.0,-1.0,1.0
304,2,-1.0,0.0,-1.0,-1.0,-1.0,-1.0,-1.0,0.4
305,2,-1.0,1.0,-1.0,-1.0,-1.0,-1.0,-1.0,-0.2
306,1,0.0,0.683,-1.0,-1.0,-1.0,-1.0,-1.0,-0.517
307,1,1.0,0.366,-1.0,-1.0,-1.0,-1.0,-1.0,-0.834
308,4,0.117,-0.234,-1.0,0.0,-1.0,-1.0,-1.0,-1.0
309,4,-0.766,-0.834,-1.0,1.0,-1.0,-1.0,-1.0,-1.0
310,5,-1.0,-1.0,-1.0,0.683,0.0,-1.0,-1.0,-1.0
311,5,-1.0,-1.0,-1.0,0.366,1.0,-1.0,-1.0,-1.0
312,1,0.0,-1.0,-1.0,-0.517,0.0,-1.0,-1.0,-1.0
313,1,1.0,-1.0,-1.0,-1.0,-1.0,-1.0,-1.0,-1.0
314,2,0.683,0.0,-1.0,-1.0,-1.0,-1.0,-1.0,-1.0
315,2,0.366,1.0,-1.0,-1.0,-1.0,-1.0,-1.0,-1.0
316,7,-0.234,0.117,-1.0,-1.0,-1.0,-1.0,0.0,-1.0
317,7,-0.834,-0.766,-1.0,-1.0,-1.0,-1.0,1.0,-1.0
318,8,-1.0,-1.0,-1.0,-1.0,-1.0,-1.0,0.683,0.0
319,8,-1.0,-1.0,-1.0,-1.0,-1.0,-1.0,0.366,1.0
320,1,0.0,-1.0,-1.0,-1.0,-1.0,-1.0,-0.234,0.683
321,1,1.0,-1.0,-1.0,-1.0,-1.0,-1.0,-0.834,0.366
322,4,0.117,-1.0,-1.0,0.0,-1.0,-1.0,-1.0,-0.634
323,4,-0.766,-1.0,-1.0,1.0,-1.0,-1.0,-1.0,-1.0
324,7,-1.0,-1.0,-1.0,0.117,-1.0,-1.0,0.0,-1.0
325,7,-1.0,-1.0,-1.0,-0.766,-1.0,-1.0,1.0,-1.0
326,3,-1.0,-1.0,0.0,-1.0,-1.0,-1.0,0.0,-1.0
327,3,-1.0,-1.0,1.0,-1.0,-1.0,-1.0,-1.0,-1.0
328,8,-1.0,-1.0,0.117,-1.0,-1.0,-1.0,-1.0,0.0
329,8,-1.0,-1.0,-0.766,-1.0,-1.0,-1.0,-1.0,1.0
330,7,-1.0,-1.0,-1.0,-1.0,-1.0,-1.0,0.0,0.683
331,7,-1.0,-1.0,-1.0,-1.0,-1.0,-1.0,1.0,0.366
332,1,0.0,-1.0,-1.0,-1.0,-1.0,-1.0,0.4,0.049
333,1,1.0,-1.0,-1.0,-1.0,-1.0,-1.0,-0.2,-0.268
334,6,0.117,-1.0,-1.0,-1.0,-1.0,0.0,-0.517,-0.868
335,6,-0.766,-1.0,-1.0,-1.0,-1.0,1.0,-0.834,-1.0
336,3,-1.0,-1.0,0.0,-1.0,-1.0,0.117,-1.0,-1.0
337,3,-1.0,-1.0,1.0,-1.0,-1.0,-0.766,-1.0,-1.0
338,1,0.0,-1.0,0.4,-1.0,-1.0,-1.0,-1.0,-1.0
339,1,1.0,-1.0,-0.2,-1.0,-1.0,-1.0,-1.0,-1.0
340,6,0.117,-1.0,-1.0,-1.0,-1.0,0.0,-1.0,-1.0
341,6,-0.766,-1.0,-1.0,-1.0,-1.0,1.0,-1.0,-1.0
342,4,-1.0,-1.0,-1.0,0.0,-1.0,0.4,-1.0,-1.0
343,4,-1.0,-1.0,-1.0,1.0,-1.0,-0.2,-1.0,-1.0
344,8,-1.0,-1.0,-1.0,0.0,-1.0,-0.8,-1.0,0.0
345,8,-1.0,-1.0,-1.0,-1.0,-1.0,-1.0,-1.0,1.0
346,1,0.0,-1.0,-1.0,-1.0,-1.0,-1.0,-1.0,0.683
347,1,1.0,-1.0,-1.0,-1.0,-1.0,-1.0,-1.0,0.366
348,7,0.4,-1.0,-1.0,-1.0,-1.0,-1.0,0.0,0.049
349,7,-0.2,-1.0,-1.0,-1.0,-1.0,-1.0,1.0,-0.268
350,2,-0.517,0.0,-1.0,-1.0,-1.0,-1.0,0.117,-0.868
351,2,-0.834,1.0,-1.0,-1.0,-1.0,-1.0,-0.766,-1.0
352,8,-1.0,0.4,-1.0,-1.0,-1.0,-1.0,-1.0,0.0
353,8,-1.0,-0.2,-1.0,-1.0,-1.0,-1.0,-1.0,1.0
354,6,-1.0,-1.0,-1.0,-1.0,-1.0,0.0,-1.0,0.4
355,6,-1.0,-1.0,-1.0,-1.0,-1.0,1.0,-1.0,-0.2
356,5,-1.0,-1.0,-1.0,-1.0,0.0,0.683,-1.0,-1.0
357,5,-1.0,-1.0,-1.0,-1.0,1.0,0.366,-1.0,-1.0
358,8,-1.0,-1.0,-1.0,-1.0,0.117,-0.234,-1.0,0.0
359,8,-1.0,-1.0,-1.0,-1.0,-0.766,-0.834,-1.0,1.0
360,4,-1.0,-1.0,-1.0,0.0,-1.0,-1.0,-1.0,0.0
361,4,-1.0,-1.0,-1.0,1.0,-1.0,-1.0,-1.0,-1.0
362,8,-1.0,-1.0,-1.0,0.0,-1.0,-1.0,-1.0,0.0
363,8,-1.0,-1.0,-1.0,-1.0,-1.0,-1.0,-1.0,1.0
364,7,-1.0,-1.0,-1.0,-1.0,-1.0,-1.0,0.0,0.683
365,7,-1.0,-1.0,-1.0,-1.0,-1.0,-1.0,1.0,0.366
366,5,-1.0,-1.0,-1.0,-1.0,0.0,-1.0,0.4,-0.517
367,5,-1.0,-1.0,-1.0,-1.0,1.0,-1.0,-0.2,-1.0
368,1,0.0,-1.0,-1.0,-1.0,0.0,-1.0,-0.8,-1.0
369,1,1.0,-1.0,-1.0,-1.0,-1.0,-1.0,-1.0,-1.0
370,8,0.683,-1.0,-1.0,-1.0,-1.0,-1.0,-1.0,0.0
371,8,0.366,-1.0,-1.0,-1.0,-1.0,-1.0,-1.0,1.0
372,6,-0.517,-1.0,-1.0,-1.0,-1.0,0.0,-1.0,0.4
373,6,-1.0,-1.0,-1.0,-1.0,-1.0,1.0,-1.0,-0.2
374,2,-1.0,0.0,-1.0,-1.0,-1.0,0.0,-1.0,-0.8
375,2,-1.0,1.0,-1.0,-1.0,-1.0,-1.0,-1.0,-1.0
376,6,-1.0,0.0,-1.0,-1.0,-1.0,0.0,-1.0,-1.0
377,6,-1.0,-1.0,-1.0,-1.0,-1.0,1.0,-1.0,-1.0
378,7,-1.0,-1.0,-1.0,-1.0,-1.0,0.683,0.0,-1.0
379,7,-1.0,-1.0,-1.0,-1.0,-1.0,0.366,1.0,-1.0
380,4,-1.0,-1.0,-1.0,0.0,-1.0,-0.234,0.117,-1.0
381,4,-1.0,-1.0,-1.0,1.0,-1.0,-0.834,-0.766,-1.0
382,2,-1.0,0.0,-1.0,0.4,-1.0,-1.0,-1.0,-1.0
383,2,-1.0,1.0,-1.0,-0.2,-1.0,-1.0,-1.0,-1.0
384,8,-1.0,0.4,-1.0,-1.0,-1.0,-1.0,-1.0,0.0
385,8,-1.0,-0.2,-1.0,-1.0,-1.0,-1.0,-1.0,1.0
386,7,-1.0,-1.0,-1.0,-1.0,-1.0,-1.0,0.0,0.683
387,7,-1.0,-1.0,-1.0,-1.0,-1.0,-1.0,1.0,0.366
388,6,-1.0,-1.0,-1.0,-1.0,-1.0,0.0,0.683,-0.234
389,6,-1.0,-1.0,-1.0,-1.0,-1.0,1.0,0.366,-0.834
390,1,0.0,-1.0,-1.0,-1.0,-1.0,0.117,-0.234,-1.0
391,1,1.0,-1.0,-1.0,-1.0,-1.0,-0.766,-0.834,-1.0
392,2,0.683,0.0,-1.0,-1.0,-1.0,-1.0,-1.0,-1.0
393,2,0.366,1.0,-1.0,-1.0,-1.0,-1.0,-1.0,-1.0
394,8,0.049,0.4,-1.0,-1.0,-1.0,-1.0,-1.0,0.0
395,8,-0.268,-0.2,-1.0,-1.0,-1.0,-1.0,-1.0,1.0
396,5,-1.0,-1.0,-1.0,-1.0,0.0,-1.0,-1.0,0.117
397,5,-1.0,-1.0,-1.0,-1.0,1.0,-1.0,-1.0,-0.766
398,2,-1.0,0.0,-1.0,-1.0,0.117,-1.0,-1.0,-1.0
399,2,-1.0,1.0,-1.0,-1.0,-0.766,-1.0,-1.0,-1.0
400,4,-1.0,0.4,-1.0,0.0,-1.0,-1.0,-1.0,-1.0
401,4,-1.0,-0.2,-1.0,1.0,-1.0,-1.0,-1.0,-1.0
402,8,-1.0,-0.8,-1.0,0.0,-1.0,-1.0,-1.0,0.0
403,8,-1.0,-1.0,-1.0,-1.0,-1.0,-1.0,-1.0,1.0
404,2,-1.0,0.0,-1.0,-1.0,-1.0,-1.0,-1.0,0.4
405,2,-1.0,1.0,-1.0,-1.0,-1.0,-1.0,-1.0,-0.2
406,3,-1.0,0.683,0.0,-1.0,-1.0,-1.0,-1.0,-1.0
407,3,-1.0,0.366,1.0,-1.0,-1.0,-1.0,-1.0,-1.0
408,6,-1.0,-0.634,0.117,-1.0,-1.0,0.0,-1.0,-1.0
409,6,-1.0,-1.0,-0.766,-1.0,-1.0,1.0,-1.0,-1.0
410,4,-1.0,-1.0,-1.0,0.0,-1.0,0.4,-1.0,-1.0
411,4,-1.0,-1.0,-1.0,1.0,-1.0,-0.2,-1.0,-1.0
412,5,-1.0,-1.0,-1.0,0.683,0.0,-0.517,-1.0,-1.0
413,5,-1.0,-1.0,-1.0,0.366,1.0,-0.834,-1.0,-1.0
414,2,-1.0,0.0,-1.0,-0.234,0.117,-1.0,-1.0,-1.0
415,2,-1.0,1.0,-1.0,-0.834,-0.766,-1.0,-1.0,-1.0
416,1,0.0,0.683,-1.0,-1.0,-1.0,-1.0,-1.0,-1.0
417,1,1.0,0.366,-1.0,-1.0,-1.0,-1.0,-1.0,-1.0
418,4,0.117,-0.234,-1.0,0.0,-1.0,-1.0,-1.0,-1.0
419,4,-0.766,-0.834,-1.0,1.0,-1.0,-1.0,-1.0,-1.0
420,7,-1.0,-1.0,-1.0,0.117,-1.0,-1.0,0.0,-1.0
421,7,-1.0,-1.0,-1.0,-0.766,-1.0,-1.0,1.0,-1.0
422,3,-1.0,-1.0,0.0,-1.0,-1.0,-1.0,0.0,-1.0
423,3,-1.0,-1.0,1.0,-1.0,-1.0,-1.0,-1.0,-1.0
424,7,-1.0,-1.0,0.0,-1.0,-1.0,-1.0,0.0,-1.0
425,7,-1.0,-1.0,-1.0,-1.0,-1.0,-1.0,1.0,-1.0
426,8,-1.0,-1.0,-1.0,-1.0,-1.0,-1.0,0.683,0.0
427,8,-1.0,-1.0,-1.0,-1.0,-1.0,-1.0,0.366,1.0
428,6,-1.0,-1.0,-1.0,-1.0,-1.0,0.0,0.049,0.4
429,6,-1.0,-1.0,-1.0,-1.0,-1.0,1.0,-0.268,-0.2
430,3,-1.0,-1.0,0.0,-1.0,-1.0,0.117,-1.0,-1.0
431,3,-1.0,-1.0,1.0,-1.0,-1.0,-0.766,-1.0,-1.0
432,8,-1.0,-1.0,0.117,-1.0,-1.0,-1.0,-1.0,0.0
433,8,-1.0,-1.0,-0.766,-1.0,-1.0,-1.0,-1.0,1.0
434,7,-1.0,-1.0,-1.0,-1.0,-1.0,-1.0,0.0,0.683
435,7,-1.0,-1.0,-1.0,-1.0,-1.0,-1.0,1.0,0.366
436,4,-1.0,-1.0,-1.0,0.0,-1.0,-1.0,0.117,-0.634
437,4,-1.0,-1.0,-1.0,1.0,-1.0,-1.0,-0.766,-1.0
438,3,-1.0,-1.0,0.0,0.683,-1.0,-1.0,-1.0,-1.0
439,3,-1.0,-1.0,1.0,0.366,-1.0,-1.0,-1.0,-1.0
440,7,-1.0,-1.0,0.0,-0.517,-1.0,-1.0,0.0,-1.0
441,7,-1.0,-1.0,-1.0,-1.0,-1.0,-1.0,1.0,-1.0
442,1,0.0,-1.0,-1.0,-1.0,-1.0,-1.0,0.4,-1.0
443,1,1.0,-1.0,-1.0,-1.0,-1.0,-1.0,-0.2,-1.0
444,2,0.683,0.0,-1.0,-1.0,-1.0,-1.0,-1.0,-1.0
445,2,0.366,1.0,-1.0,-1.0,-1.0,-1.0,-1.0,-1.0
446,8,0.049,0.4,-1.0,-1.0,-1.0,-1.0,-1.0,0.0
447,8,-0.268,-0.2,-1.0,-1.0,-1.0,-1.0,-1.0,1.0
448,3,-0.868,-0.517,0.0,-1.0,-1.0,-1.0,-1.0,0.117
449,3,-1.0,-0.834,1.0,-1.0,-1.0,-1.0,-1.0,-0.766
450,5,-1.0,-1.0,0.4,-1.0,0.0,-1.0,-1.0,-1.0
451,5,-1.0,-1.0,-0.2,-1.0,1.0,-1.0,-1.0,-1.0
452,4,-1.0,-1.0,-0.517,0.0,0.683,-1.0,-1.0,-1.0
453,4,-1.0,-1.0,-0.834,1.0,0.366,-1.0,-1.0,-1.0
454,2,-1.0,0.0,-1.0,0.4,-0.517,-1.0,-1.0,-1.0
455,2,-1.0,1.0,-1.0,-0.2,-1.0,-1.0,-1.0,-1.0
456,3,-1.0,0.683,0.0,-0.517,-1.0,-1.0,-1.0,-1.0
457,3,-1.0,0.366,1.0,-0.834,-1.0,-1.0,-1.0,-1.0
458,1,0.0,0.049,0.4,-1.0,-1.0,-1.0,-1.0,-1.0
459,1,1.0,-0.268,-0.2,-1.0,-1.0,-1.0,-1.0,-1.0
460,8,0.683,-0.868,-1.0,-1.0,-1.0,-1.0,-1.0,0.0
461,8,0.366,-1.0,-1.0,-1.0,-1.0,-1.0,-1.0,1.0
462,3,-0.234,-1.0,0.0,-1.0,-1.0,-1.0,-1.0,0.117
463,3,-0.834,-1.0,1.0,-1.0,-1.0,-1.0,-1.0,-0.766
464,4,-1.0,-1.0,0.683,0.0,-1.0,-1.0,-1.0,-1.0
465,4,-1.0,-1.0,0.366,1.0,-1.0,-1.0,-1.0,-1.0
466,5,-1.0,-1.0,-0.234,0.683,0.0,-1.0,-1.0,-1.0
467,5,-1.0,-1.0,-0.834,0.366,1.0,-1.0,-1.0,-1.0
468,8,-1.0,-1.0,-1.0,-0.634,0.117,-1.0,-1.0,0.0
469,8,-1.0,-1.0,-1.0,-1.0,-0.766,-1.0,-1.0,1.0
470,7,-1.0,-1.0,-1.0,-1.0,-1.0,-1.0,0.0,0.683
471,7,-1.0,-1.0,-1.0,-1.0,-1.0,-1.0,1.0,0.366
472,1,0.0,-1.0,-1.0,-1.0,-1.0,-1.0,0.4,0.049
473,1,1.0,-1.0,-1.0,-1.0,-1.0,-1.0,-0.2,-0.268
474,3,0.4,-1.0,0.0,-1.0,-1.0,-1.0,-1.0,-1.0
475,3,-0.2,-1.0,1.0,-1.0,-1.0,-1.0,-1.0,-1.0
476,7,-0.8,-1.0,0.0,-1.0,-1.0,-1.0,0.0,-1.0
477,7,-1.0,-1.0,-1.0,-1.0,-1.0,-1.0,1.0,-1.0
478,8,-1.0,-1.0,-1.0,-1.0,-1.0,-1.0,0.683,0.0
479,8,-1.0,-1.0,-1.0,-1.0,-1.0,-1.0,0.366,1.0
480,5,-1.0,-1.0,-1.0,-1.0,0.0,-1.0,-0.234,0.117
481,5,-1.0,-1.0,-1.0,-1.0,1.0,-1.0,-0.834,-0.766
482,1,0.0,-1.0,-1.0,-1.0,0.0,-1.0,-1.0,-1.0
483,1,1.0,-1.0,-1.0,-1.0,-1.0,-1.0,-1.0,-1.0
484,6,0.117,-1.0,-1.0,-1.0,-1.0,0.0,-1.0,-1.0
485,6,-0.766,-1.0,-1.0,-1.0,-1.0,1.0,-1.0,-1.0
486,7,-1.0,-1.0,-1.0,-1.0,-1.0,0.683,0.0,-1.0
487,7,-1.0,-1.0,-1.0,-1.0,-1.0,0.366,1.0,-1.0
488,5,-1.0,-1.0,-1.0,-1.0,0.0,0.049,0.4,-1.0
489,5,-1.0,-1.0,-1.0,-1.0,1.0,-0.268,-0.2,-1.0
490,2,-1.0,0.0,-1.0,-1.0,0.117,-1.0,-1.0,-1.0
491,2,-1.0,1.0,-1.0,-1.0,-0.766,-1.0,-1.0,-1.0
492,1,0.0,0.683,-1.0,-1.0,-1.0,-1.0,-1.0,-1.0
493,1,1.0,0.366,-1.0,-1.0,-1.0,-1.0,-1.0,-1.0
494,7,0.4,-0.517,-1.0,-1.0,-1.0,-1.0,0.0,-1.0
495,7,-0.2,-1.0,-1.0,-1.0,-1.0,-1.0,1.0,-1.0
496,6,-1.0,-1.0,-1.0,-1.0,-1.0,0.0,0.683,-1.0
497,6,-1.0,-1.0,-1.0,-1.0,-1.0,1.0,0.366,-1.0
498,2,-1.0,0.0,-1.0,-1.0,-1.0,0.0,-0.517,-1.0
499,2,-1.0,1.0,-1.0,-1.0,-1.0,-1.0,-1.0,-1.0
500,1,0.0,0.683,-1.0,-1.0,-1.0,-1.0,-1.0,-1.0
501,1,1.0,0.366,-1.0,-1.0,-1.0,-1.0,-1.0,-1.0
502,5,0.0,-0.517,-1.0,-1.0,0.0,-1.0,-1.0,-1.0
503,5,-1.0,-1.0,-1.0,-1.0,1.0,-1.0,-1.0,-1.0
504,8,-1.0,-1.0,-1.0,-1.0,0.117,-1.0,-1.0,0.0
505,8,-1.0,-1.0,-1.0,-1.0,-0.766,-1.0,-1.0,1.0
506,2,-1.0,0.0,-1.0,-1.0,-1.0,-1.0,-1.0,0.4
507,2,-1.0,1.0,-1.0,-1.0,-1.0,-1.0,-1.0,-0.2
508,1,0.0,0.683,-1.0,-1.0,-1.0,-1.0,-1.0,-0.517
509,1,1.0,0.366,-1.0,-1.0,-1.0,-1.0,-1.0,-0.834
510,7,0.4,-0.517,-1.0,-1.0,-1.0,-1.0,0.0,-1.0
511,7,-0.2,-1.0,-1.0,-1.0,-1.0,-1.0,1.0,-1.0
512,2,-0.517,0.0,-1.0,-1.0,-1.0,-1.0,0.117,-1.0
513,2,-0.834,1.0,-1.0,-1.0,-1.0,-1.0,-0.766,-1.0
514,3,-1.0,0.683,0.0,-1.0,-1.0,-1.0,-1.0,-1.0
515,3,-1.0,0.366,1.0,-1.0,-1.0,-1.0,-1.0,-1.0
516,8,-1.0,-0.234,0.117,-1.0,-1.0,-1.0,-1.0,0.0
517,8,-1.0,-0.834,-0.766,-1.0,-1.0,-1.0,-1.0,1.0
518,1,0.0,-1.0,-1.0,-1.0,-1.0,-1.0,-1.0,0.683
519,1,1.0,-1.0,-1.0,-1.0,-1.0,-1.0,-1.0,0.366
520,4,0.117,-1.0,-1.0,0.0,-1.0,-1.0,-1.0,-0.634
521,4,-0.766,-1.0,-1.0,1.0,-1.0,-1.0,-1.0,-1.0
522,2,-1.0,0.0,-1.0,0.4,-1.0,-1.0,-1.0,-1.0
523,2,-1.0,1.0,-1.0,-0.2,-1.0,-1.0,-1.0,-1.0
524,5,-1.0,0.117,-1.0,-0.517,0.0,-1.0,-1.0,-1.0
525,5,-1.0,-0.766,-1.0,-0.834,1.0,-1.0,-1.0,-1.0
526,8,-1.0,-1.0,-1.0,-1.0,0.117,-1.0,-1.0,0.0
527,8,-1.0,-1.0,-1.0,-1.0,-0.766,-1.0,-1.0,1.0
528,3,-1.0,-1.0,0.0,-1.0,-1.0,-1.0,-1.0,0.117
529,3,-1.0,-1.0,1.0,-1.0,-1.0,-1.0,-1.0,-0.766
530,6,-1.0,-1.0,0.117,-1.0,-1.0,0.0,-1.0,-1.0
531,6,-1.0,-1.0,-0.766,-1.0,-1.0,1.0,-1.0,-1.0
532,7,-1.0,-1.0,-1.0,-1.0,-1.0,0.683,0.0,-1.0
533,7,-1.0,-1.0,-1.0,-1.0,-1.0,0.366,1.0,-1.0
534,3,-1.0,-1.0,0.0,-1.0,-1.0,-0.517,0.0,-1.0
535,3,-1.0,-1.0,1.0,-1.0,-1.0,-1.0,-1.0,-1.0
536,2,-1.0,0.0,0.683,-1.0,-1.0,-1.0,-1.0,-1.0
537,2,-1.0,1.0,0.366,-1.0,-1.0,-1.0,-1.0,-1.0
538,6,-1.0,0.0,-0.517,-1.0,-1.0,0.0,-1.0,-1.0
539,6,-1.0,-1.0,-1.0,-1.0,-1.0,1.0,-1.0,-1.0
540,1,0.0,-1.0,-1.0,-1.0,-1.0,0.117,-1.0,-1.0
541,1,1.0,-1.0,-1.0,-1.0,-1.0,-0.766,-1.0,-1.0
542,8,0.683,-1.0,-1.0,-1.0,-1.0,-1.0,-1.0,0.0
543,8,0.366,-1.0,-1.0,-1.0,-1.0,-1.0,-1.0,1.0
544,5,-0.634,-1.0,-1.0,-1.0,0.0,-1.0,-1.0,0.117
545,5,-1.0,-1.0,-1.0,-1.0,1.0,-1.0,-1.0,-0.766
546,1,0.0,-1.0,-1.0,-1.0,0.0,-1.0,-1.0,-1.0
547,1,1.0,-1.0,-1.0,-1.0,-1.0,-1.0,-1.0,-1.0
548,2,0.683,0.0,-1.0,-1.0,-1.0,-1.0,-1.0,-1.0
549,2,0.366,1.0,-1.0,-1.0,-1.0,-1.0,-1.0,-1.0
550,7,-0.234,0.117,-1.0,-1.0,-1.0,-1.0,0.0,-1.0
551,7,-0.834,-0.766,-1.0,-1.0,-1.0,-1.0,1.0,-1.0
552,3,-1.0,-1.0,0.0,-1.0,-1.0,-1.0,0.0,-1.0
553,3,-1.0,-1.0,1.0,-1.0,-1.0,-1.0,-1.0,-1.0
554,7,-1.0,-1.0,0.0,-1.0,-1.0,-1.0,0.0,-1.0
555,7,-1.0,-1.0,-1.0,-1.0,-1.0,-1.0,1.0,-1.0
556,1,0.0,-1.0,-1.0,-1.0,-1.0,-1.0,0.4,-1.0
557,1,1.0,-1.0,-1.0,-1.0,-1.0,-1.0,-0.2,-1.0
558,4,0.117,-1.0,-1.0,0.0,-1.0,-1.0,-1.0,-1.0
559,4,-0.766,-1.0,-1.0,1.0,-1.0,-1.0,-1.0,-1.0
560,6,-1.0,-1.0,-1.0,0.4,-1.0,0.0,-1.0,-1.0
561,6,-1.0,-1.0,-1.0,-0.2,-1.0,1.0,-1.0,-1.0
562,3,-1.0,-1.0,0.0,-0.517,-1.0,0.117,-1.0,-1.0
563,3,-1.0,-1.0,1.0,-0.834,-1.0,-0.766,-1.0,-1.0
564,1,0.0,-1.0,0.4,-1.0,-1.0,-1.0,-1.0,-1.0
565,1,1.0,-1.0,-0.2,-1.0,-1.0,-1.0,-1.0,-1.0
566,8,0.683,-1.0,-1.0,-1.0,-1.0,-1.0,-1.0,0.0
567,8,0.366,-1.0,-1.0,-1.0,-1.0,-1.0,-1.0,1.0
568,6,-0.517,-1.0,-1.0,-1.0,-1.0,0.0,-1.0,0.4
569,6,-1.0,-1.0,-1.0,-1.0,-1.0,1.0,-1.0,-0.2
570,3,-1.0,-1.0,0.0,-1.0,-1.0,0.117,-1.0,-1.0
571,3,-1.0,-1.0,1.0,-1.0,-1.0,-0.766,-1.0,-1.0
572,4,-1.0,-1.0,0.683,0.0,-1.0,-1.0,-1.0,-1.0
573,4,-1.0,-1.0,0.366,1.0,-1.0,-1.0,-1.0,-1.0
574,2,-1.0,0.0,0.049,0.4,-1.0,-1.0,-1.0,-1.0
575,2,-1.0,1.0,-0.268,-0.2,-1.0,-1.0,-1.0,-1.0
576,1,0.0,0.683,-0.868,-1.0,-1.0,-1.0,-1.0,-1.0
577,1,1.0,0.366,-1.0,-1.0,-1.0,-1.0,-1.0,-1.0
578,7,0.4,-0.517,-1.0,-1.0,-1.0,-1.0,0.0,-1.0
579,7,-0.2,-1.0,-1.0,-1.0,-1.0,-1.0,1.0,-1.0
580,4,-1.0,-1.0,-1.0,0.0,-1.0,-1.0,0.117,-1.0
581,4,-1.0,-1.0,-1.0,1.0,-1.0,-1.0,-0.766,-1.0
582,3,-1.0,-1.0,0.0,0.683,-1.0,-1.0,-1.0,-1.0
583,3,-1.0,-1.0,1.0,0.366,-1.0,-1.0,-1.0,-1.0
584,7,-1.0,-1.0,0.0,-0.517,-1.0,-1.0,0.0,-1.0
585,7,-1.0,-1.0,-1.0,-1.0,-1.0,-1.0,1.0,-1.0
586,6,-1.0,-1.0,-1.0,-1.0,-1.0,0.0,0.683,-1.0
587,6,-1.0,-1.0,-1.0,-1.0,-1.0,1.0,0.366,-1.0
588,8,-1.0,-1.0,-1.0,-1.0,-1.0,0.4,0.049,0.0
589,8,-1.0,-1.0,-1.0,-1.0,-1.0,-0.2,-0.268,1.0
590,1,0.0,-1.0,-1.0,-1.0,-1.0,-1.0,-0.868,0.683
591,1,1.0,-1.0,-1.0,-1.0,-1.0,-1.0,-1.0,0.366
592,3,0.4,-1.0,0.0,-1.0,-1.0,-1.0,-1.0,-0.517
593,3,-0.2,-1.0,1.0,-1.0,-1.0,-1.0,-1.0,-1.0
594,5,-1.0,-1.0,0.4,-1.0,0.0,-1.0,-1.0,-1.0
595,5,-1.0,-1.0,-0.2,-1.0,1.0,-1.0,-1.0,-1.0
596,2,-1.0,0.0,-0.517,-1.0,0.117,-1.0,-1.0,-1.0
597,2,-1.0,1.0,-0.834,-1.0,-0.766,-1.0,-1.0,-1.0
598,7,-1.0,0.117,-1.0,-1.0,-1.0,-1.0,0.0,-1.0
599,7,-1.0,-0.766,-1.0,-1.0,-1.0,-1.0,1.0,-1.0
600,1,0.0,-1.0,-1.0,-1.0,-1.0,-1.0,0.4,-1.0
601,1,1.0,-1.0,-1.0,-1.0,-1.0,-1.0,-0.2,-1.0
602,5,0.0,-1.0,-1.0,-1.0,0.0,-1.0,-0.8,-1.0
603,5,-1.0,-1.0,-1.0,-1.0,1.0,-1.0,-1.0,-1.0
604,8,-1.0,-1.0,-1.0,-1.0,0.117,-1.0,-1.0,0.0
605,8,-1.0,-1.0,-1.0,-1.0,-0.766,-1.0,-1.0,1.0
606,4,-1.0,-1.0,-1.0,0.0,-1.0,-1.0,-1.0,0.0
607,4,-1.0,-1.0,-1.0,1.0,-1.0,-1.0,-1.0,-1.0
608,5,-1.0,-1.0,-1.0,0.683,0.0,-1.0,-1.0,-1.0
609,5,-1.0,-1.0,-1.0,0.366,1.0,-1.0,-1.0,-1.0
610,1,0.0,-1.0,-1.0,-0.517,0.0,-1.0,-1.0,-1.0
611,1,1.0,-1.0,-1.0,-1.0,-1.0,-1.0,-1.0,-1.0
612,2,0.683,0.0,-1.0,-1.0,-1.0,-1.0,-1.0,-1.0
613,2,0.366,1.0,-1.0,-1.0,-1.0,-1.0,-1.0,-1.0
614,7,-0.234,0.117,-1.0,-1.0,-1.0,-1.0,0.0,-1.0
615,7,-0.834,-0.766,-1.0,-1.0,-1.0,-1.0,1.0,-1.0
616,4,-1.0,-1.0,-1.0,0.0,-1.0,-1.0,0.117,-1.0
617,4,-1.0,-1.0,-1.0,1.0,-1.0,-1.0,-0.766,-1.0
618,2,-1.0,0.0,-1.0,0.4,-1.0,-1.0,-1.0,-1.0
619,2,-1.0,1.0,-1.0,-0.2,-1.0,-1.0,-1.0,-1.0
620,7,-1.0,0.117,-1.0,-1.0,-1.0,-1.0,0.0,-1.0
621,7,-1.0,-0.766,-1.0,-1.0,-1.0,-1.0,1.0,-1.0
622,6,-1.0,-1.0,-1.0,-1.0,-1.0,0.0,0.683,-1.0
623,6,-1.0,-1.0,-1.0,-1.0,-1.0,1.0,0.366,-1.0
624,8,-1.0,-1.0,-1.0,-1.0,-1.0,0.4,0.049,0.0
625,8,-1.0,-1.0,-1.0,-1.0,-1.0,-0.2,-0.268,1.0
626,4,-1.0,-1.0,-1.0,0.0,-1.0,-0.8,-1.0,0.0
627,4,-1.0,-1.0,-1.0,1.0,-1.0,-1.0,-1.0,-1.0
628,6,-1.0,-1.0,-1.0,0.4,-1.0,0.0,-1.0,-1.0
629,6,-1.0,-1.0,-1.0,-0.2,-1.0,1.0,-1.0,-1.0
630,3,-1.0,-1.0,0.0,-0.517,-1.0,0.117,-1.0,-1.0
631,3,-1.0,-1.0,1.0,-0.834,-1.0,-0.766,-1.0,-1.0
632,2,-1.0,0.0,0.683,-1.0,-1.0,-1.0,-1.0,-1.0
633,2,-1.0,1.0,0.366,-1.0,-1.0,-1.0,-1.0,-1.0
634,7,-1.0,0.117,-0.634,-1.0,-1.0,-1.0,0.0,-1.0
635,7,-1.0,-0.766,-1.0,-1.0,-1.0,-1.0,1.0,-1.0
636,4,-1.0,-1.0,-1.0,0.0,-1.0,-1.0,0.117,-1.0
637,4,-1.0,-1.0,-1.0,1.0,-1.0,-1.0,-0.766,-1.0
638,3,-1.0,-1.0,0.0,0.683,-1.0,-1.0,-1.0,-1.0
639,3,-1.0,-1.0,1.0,0.366,-1.0,-1.0,-1.0,-1.0
640,5,-1.0,-1.0,0.4,0.049,0.0,-1.0,-1.0,-1.0
641,5,-1.0,-1.0,-0.2,-0.268,1.0,-1.0,-1.0,-1.0
642,6,-1.0,-1.0,-1.0,-0.868,0.683,0.0,-1.0,-1.0
643,6,-1.0,-1.0,-1.0,-1.0,0.366,1.0,-1.0,-1.0
644,8,-1.0,-1.0,-1.0,-1.0,-0.517,0.4,-1.0,0.0
645,8,-1.0,-1.0,-1.0,-1.0,-1.0,-0.2,-1.0,1.0
646,4,-1.0,-1.0,-1.0,0.0,-1.0,-0.8,-1.0,0.0
647,4,-1.0,-1.0,-1.0,1.0,-1.0,-1.0,-1.0,-1.0
648,3,-1.0,-1.0,0.0,0.683,-1.0,-1.0,-1.0,-1.0
649,3,-1.0,-1.0,1.0,0.366,-1.0,-1.0,-1.0,-1.0
650,6,-1.0,-1.0,0.117,-0.234,-1.0,0.0,-1.0,-1.0
651,6,-1.0,-1.0,-0.766,-0.834,-1.0,1.0,-1.0,-1.0
652,7,-1.0,-1.0,-1.0,-1.0,-1.0,0.683,0.0,-1.0
653,7,-1.0,-1.0,-1.0,-1.0,-1.0,0.366,1.0,-1.0
654,3,-1.0,-1.0,0.0,-1.0,-1.0,-0.517,0.0,-1.0
655,3,-1.0,-1.0,1.0,-1.0,-1.0,-1.0,-1.0,-1.0
656,2,-1.0,0.0,0.683,-1.0,-1.0,-1.0,-1.0,-1.0
657,2,-1.0,1.0,0.366,-1.0,-1.0,-1.0,-1.0,-1.0
658,5,-1.0,0.117,-0.234,-1.0,0.0,-1.0,-1.0,-1.0
659,5,-1.0,-0.766,-0.834,-1.0,1.0,-1.0,-1.0,-1.0
660,6,-1.0,-1.0,-1.0,-1.0,0.683,0.0,-1.0,-1.0
661,6,-1.0,-1.0,-1.0,-1.0,0.366,1.0,-1.0,-1.0
662,8,-1.0,-1.0,-1.0,-1.0,-0.517,0.4,-1.0,0.0
663,8,-1.0,-1.0,-1.0,-1.0,-1.0,-0.2,-1.0,1.0
664,3,-1.0,-1.0,0.0,-1.0,-1.0,-1.0,-1.0,0.117
665,3,-1.0,-1.0,1.0,-1.0,-1.0,-1.0,-1.0,-0.766
666,2,-1.0,0.0,0.683,-1.0,-1.0,-1.0,-1.0,-1.0
667,2,-1.0,1.0,0.366,-1.0,-1.0,-1.0,-1.0,-1.0
668,8,-1.0,0.4,-0.517,-1.0,-1.0,-1.0,-1.0,0.0
669,8,-1.0,-0.2,-1.0,-1.0,-1.0,-1.0,-1.0,1.0
670,1,0.0,-0.517,-1.0,-1.0,-1.0,-1.0,-1.0,0.683
671,1,1.0,-0.834,-1.0,-1.0,-1.0,-1.0,-1.0,0.366
672,3,0.4,-1.0,0.0,-1.0,-1.0,-1.0,-1.0,-0.517
673,3,-0.2,-1.0,1.0,-1.0,-1.0,-1.0,-1.0,-1.0
674,6,-1.0,-1.0,0.117,-1.0,-1.0,0.0,-1.0,-1.0
675,6,-1.0,-1.0,-0.766,-1.0,-1.0,1.0,-1.0,-1.0
676,5,-1.0,-1.0,-1.0,-1.0,0.0,0.683,-1.0,-1.0
677,5,-1.0,-1.0,-1.0,-1.0,1.0,0.366,-1.0,-1.0
678,2,-1.0,0.0,-1.0,-1.0,0.117,-0.634,-1.0,-1.0
679,2,-1.0,1.0,-1.0,-1.0,-0.766,-1.0,-1.0,-1.0
680,7,-1.0,0.117,-1.0,-1.0,-1.0,-1.0,0.0,-1.0
681,7,-1.0,-0.766,-1.0,-1.0,-1.0,-1.0,1.0,-1.0
682,1,0.0,-1.0,-1.0,-1.0,-1.0,-1.0,0.4,-1.0
683,1,1.0,-1.0,-1.0,-1.0,-1.0,-1.0,-0.2,-1.0
684,5,0.0,-1.0,-1.0,-1.0,0.0,-1.0,-0.8,-1.0
685,5,-1.0,-1.0,-1.0,-1.0,1.0,-1.0,-1.0,-1.0
686,1,0.0,-1.0,-1.0,-1.0,0.0,-1.0,-1.0,-1.0
687,1,1.0,-1.0,-1.0,-1.0,-1.0,-1.0,-1.0,-1.0
688,3,0.4,-1.0,0.0,-1.0,-1.0,-1.0,-1.0,-1.0
689,3,-0.2,-1.0,1.0,-1.0,-1.0,-1.0,-1.0,-1.0
690,4,-1.0,-1.0,0.683,0.0,-1.0,-1.0,-1.0,-1.0
691,4,-1.0,-1.0,0.366,1.0,-1.0,-1.0,-1.0,-1.0
692,7,-1.0,-1.0,-0.634,0.117,-1.0,-1.0,0.0,-1.0
693,7,-1.0,-1.0,-1.0,-0.766,-1.0,-1.0,1.0,-1.0
694,6,-1.0,-1.0,-1.0,-1.0,-1.0,0.0,0.683,-1.0
695,6,-1.0,-1.0,-1.0,-1.0,-1.0,1.0,0.366,-1.0
696,8,-1.0,-1.0,-1.0,-1.0,-1.0,0.4,0.049,0.0
697,8,-1.0,-1.0,-1.0,-1.0,-1.0,-0.2,-0.268,1.0
698,2,-1.0,0.0,-1.0,-1.0,-1.0,-1.0,-1.0,0.4
699,2,-1.0,1.0,-1.0,-1.0,-1.0,-1.0,-1.0,-0.2
700,5,-1.0,0.117,-1.0,-1.0,0.0,-1.0,-1.0,-1.0
701,5,-1.0,-0.766,-1.0,-1.0,1.0,-1.0,-1.0,-1.0
702,1,0.0,-1.0,-1.0,-1.0,0.0,-1.0,-1.0,-1.0
703,1,1.0,-1.0,-1.0,-1.0,-1.0,-1.0,-1.0,-1.0
704,4,0.117,-1.0,-1.0,0.0,-1.0,-1.0,-1.0,-1.0
705,4,-0.766,-1.0,-1.0,1.0,-1.0,-1.0,-1.0,-1.0
706,7,-1.0,-1.0,-1.0,0.117,-1.0,-1.0,0.0,-1.0
707,7,-1.0,-1.0,-1.0,-0.766,-1.0,-1.0,1.0,-1.0
708,3,-1.0,-1.0,0.0,-1.0,-1.0,-1.0,0.0,-1.0
709,3,-1.0,-1.0,1.0,-1.0,-1.0,-1.0,-1.0,-1.0
710,5,-1.0,-1.0,0.4,-1.0,0.0,-1.0,-1.0,-1.0
711,5,-1.0,-1.0,-0.2,-1.0,1.0,-1.0,-1.0,-1.0
712,7,-1.0,-1.0,-1.0,-1.0,0.4,-1.0,0.0,-1.0
713,7,-1.0,-1.0,-1.0,-1.0,-0.2,-1.0,1.0,-1.0
714,3,-1.0,-1.0,0.0,-1.0,-0.8,-1.0,0.0,-1.0
715,3,-1.0,-1.0,1.0,-1.0,-1.0,-1.0,-1.0,-1.0
716,8,-1.0,-1.0,0.117,-1.0,-1.0,-1.0,-1.0,0.0
717,8,-1.0,-1.0,-0.766,-1.0,-1.0,-1.0,-1.0,1.0
718,5,-1.0,-1.0,-1.0,-1.0,0.0,-1.0,-1.0,0.117
719,5,-1.0,-1.0,-1.0,-1.0,1.0,-1.0,-1.0,-0.766
720,1,0.0,-1.0,-1.0,-1.0,0.0,-1.0,-1.0,-1.0
721,1,1.0,-1.0,-1.0,-1.0,-1.0,-1.0,-1.0,-1.0
722,8,0.683,-1.0,-1.0,-1.0,-1.0,-1.0,-1.0,0.0
723,8,0.366,-1.0,-1.0,-1.0,-1.0,-1.0,-1.0,1.0
724,5,-0.634,-1.0,-1.0,-1.0,0.0,-1.0,-1.0,0.117
725,5,-1.0,-1.0,-1.0,-1.0,1.0,-1.0,-1.0,-0.766
726,7,-1.0,-1.0,-1.0,-1.0,0.4,-1.0,0.0,-1.0
727,7,-1.0,-1.0,-1.0,-1.0,-0.2,-1.0,1.0,-1.0
728,6,-1.0,-1.0,-1.0,-1.0,-0.517,0.0,0.683,-1.0
729,6,-1.0,-1.0,-1.0,-1.0,-0.834,1.0,0.366,-1.0
730,2,-1.0,0.0,-1.0,-1.0,-1.0,0.0,-0.517,-1.0
731,2,-1.0,1.0,-1.0,-1.0,-1.0,-1.0,-1.0,-1.0
732,1,0.0,0.683,-1.0,-1.0,-1.0,-1.0,-1.0,-1.0
733,1,1.0,0.366,-1.0,-1.0,-1.0,-1.0,-1.0,-1.0
734,5,0.0,-0.517,-1.0,-1.0,0.0,-1.0,-1.0,-1.0
735,5,-1.0,-1.0,-1.0,-1.0,1.0,-1.0,-1.0,-1.0
736,6,-1.0,-1.0,-1.0,-1.0,0.683,0.0,-1.0,-1.0
737,6,-1.0,-1.0,-1.0,-1.0,0.366,1.0,-1.0,-1.0
738,2,-1.0,0.0,-1.0,-1.0,-0.517,0.0,-1.0,-1.0
739,2,-1.0,1.0,-1.0,-1.0,-1.0,-1.0,-1.0,-1.0
740,5,-1.0,0.117,-1.0,-1.0,0.0,-1.0,-1.0,-1.0
741,5,-1.0,-0.766,-1.0,-1.0,1.0,-1.0,-1.0,-1.0
742,3,-1.0,-1.0,0.0,-1.0,0.4,-1.0,-1.0,-1.0
743,3,-1.0,-1.0,1.0,-1.0,-0.2,-1.0,-1.0,-1.0
744,7,-1.0,-1.0,0.0,-1.0,-0.8,-1.0,0.0,-1.0
745,7,-1.0,-1.0,-1.0,-1.0,-1.0,-1.0,1.0,-1.0
746,5,-1.0,-1.0,-1.0,-1.0,0.0,-1.0,0.4,-1.0
747,5,-1.0,-1.0,-1.0,-1.0,1.0,-1.0,-0.2,-1.0
748,8,-1.0,-1.0,-1.0,-1.0,0.117,-1.0,-0.517,0.0
749,8,-1.0,-1.0,-1.0,-1.0,-0.766,-1.0,-0.834,1.0
750,2,-1.0,0.0,-1.0,-1.0,-1.0,-1.0,-1.0,0.4
751,2,-1.0,1.0,-1.0,-1.0,-1.0,-1.0,-1.0,-0.2
752,5,-1.0,0.117,-1.0,-1.0,0.0,-1.0,-1.0,-1.0
753,5,-1.0,-0.766,-1.0,-1.0,1.0,-1.0,-1.0,-1.0
754,3,-1.0,-1.0,0.0,-1.0,0.4,-1.0,-1.0,-1.0
755,3,-1.0,-1.0,1.0,-1.0,-0.2,-1.0,-1.0,-1.0
756,7,-1.0,-1.0,0.0,-1.0,-0.8,-1.0,0.0,-1.0
757,7,-1.0,-1.0,-1.0,-1.0,-1.0,-1.0,1.0,-1.0
758,5,-1.0,-1.0,-1.0,-1.0,0.0,-1.0,0.4,-1.0
759,5,-1.0,-1.0,-1.0,-1.0,1.0,-1.0,-0.2,-1.0
760,3,-1.0,-1.0,0.0,-1.0,0.4,-1.0,-1.0,-1.0
761,3,-1.0,-1.0,1.0,-1.0,-0.2,-1.0,-1.0,-1.0
762,8,-1.0,-1.0,0.117,-1.0,-1.0,-1.0,-1.0,0.0
763,8,-1.0,-1.0,-0.766,-1.0,-1.0,-1.0,-1.0,1.0
764,4,-1.0,-1.0,-1.0,0.0,-1.0,-1.0,-1.0,0.0
765,4,-1.0,-1.0,-1.0,1.0,-1.0,-1.0,-1.0,-1.0
766,1,0.0,-1.0,-1.0,0.117,-1.0,-1.0,-1.0,-1.0
767,1,1.0,-1.0,-1.0,-0.766,-1.0,-1.0,-1.0,-1.0
768,7,0.4,-1.0,-1.0,-1.0,-1.0,-1.0,0.0,-1.0
769,7,-0.2,-1.0,-1.0,-1.0,-1.0,-1.0,1.0,-1.0
770,4,-1.0,-1.0,-1.0,0.0,-1.0,-1.0,0.117,-1.0
771,4,-1.0,-1.0,-1.0,1.0,-1.0,-1.0,-0.766,-1.0
772,2,-1.0,0.0,-1.0,0.4,-1.0,-1.0,-1.0,-1.0
773,2,-1.0,1.0,-1.0,-0.2,-1.0,-1.0,-1.0,-1.0
774,8,-1.0,0.4,-1.0,-1.0,-1.0,-1.0,-1.0,0.0
775,8,-1.0,-0.2,-1.0,-1.0,-1.0,-1.0,-1.0,1.0
776,7,-1.0,-1.0,-1.0,-1.0,-1.0,-1.0,0.0,0.683
777,7,-1.0,-1.0,-1.0,-1.0,-1.0,-1.0,1.0,0.366
778,4,-1.0,-1.0,-1.0,0.0,-1.0,-1.0,0.117,-0.634
779,4,-1.0,-1.0,-1.0,1.0,-1.0,-1.0,-0.766,-1.0
780,2,-1.0,0.0,-1.0,0.4,-1.0,-1.0,-1.0,-1.0
781,2,-1.0,1.0,-1.0,-0.2,-1.0,-1.0,-1.0,-1.0
782,6,-1.0,0.0,-1.0,-0.8,-1.0,0.0,-1.0,-1.0
783,6,-1.0,-1.0,-1.0,-1.0,-1.0,1.0,-1.0,-1.0
784,3,-1.0,-1.0,0.0,-1.0,-1.0,0.117,-1.0,-1.0
785,3,-1.0,-1.0,1.0,-1.0,-1.0,-0.766,-1.0,-1.0
786,1,0.0,-1.0,0.4,-1.0,-1.0,-1.0,-1.0,-1.0
787,1,1.0,-1.0,-0.2,-1.0,-1.0,-1.0,-1.0,-1.0
788,4,0.117,-1.0,-0.517,0.0,-1.0,-1.0,-1.0,-1.0
789,4,-0.766,-1.0,-0.834,1.0,-1.0,-1.0,-1.0,-1.0
790,5,-1.0,-1.0,-1.0,0.683,0.0,-1.0,-1.0,-1.0
791,5,-1.0,-1.0,-1.0,0.366,1.0,-1.0,-1.0,-1.0
792,2,-1.0,0.0,-1.0,-0.234,0.117,-1.0,-1.0,-1.0
793,2,-1.0,1.0,-1.0,-0.834,-0.766,-1.0,-1.0,-1.0
794,7,-1.0,0.117,-1.0,-1.0,-1.0,-1.0,0.0,-1.0
795,7,-1.0,-0.766,-1.0,-1.0,-1.0,-1.0,1.0,-1.0
796,4,-1.0,-1.0,-1.0,0.0,-1.0,-1.0,0.117,-1.0
797,4,-1.0,-1.0,-1.0,1.0,-1.0,-1.0,-0.766,-1.0
798,2,-1.0,0.0,-1.0,0.4,-1.0,-1.0,-1.0,-1.0
799,2,-1.0,1.0,-1.0,-0.2,-1.0,-1.0,-1.0,-1.0
800,3,-1.0,0.683,0.0,-0.517,-1.0,-1.0,-1.0,-1.0
801,3,-1.0,0.366,1.0,-0.834,-1.0,-1.0,-1.0,-1.0
802,1,0.0,0.049,0.4,-1.0,-1.0,-1.0,-1.0,-1.0
803,1,1.0,-0.268,-0.2,-1.0,-1.0,-1.0,-1.0,-1.0
804,4,0.117,-0.868,-0.517,0.0,-1.0,-1.0,-1.0,-1.0
805,4,-0.766,-1.0,-0.834,1.0,-1.0,-1.0,-1.0,-1.0
806,6,-1.0,-1.0,-1.0,0.4,-1.0,0.0,-1.0,-1.0
807,6,-1.0,-1.0,-1.0,-0.2,-1.0,1.0,-1.0,-1.0
808,8,-1.0,-1.0,-1.0,-1.0,-1.0,0.4,-1.0,0.0
809,8,-1.0,-1.0,-1.0,-1.0,-1.0,-0.2,-1.0,1.0
810,3,-1.0,-1.0,0.0,-1.0,-1.0,-1.0,-1.0,0.117
811,3,-1.0,-1.0,1.0,-1.0,-1.0,-1.0,-1.0,-0.766
812,7,-1.0,-1.0,0.0,-1.0,-1.0,-1.0,0.0,-1.0
813,7,-1.0,-1.0,-1.0,-1.0,-1.0,-1.0,1.0,-1.0
814,5,-1.0,-1.0,-1.0,-1.0,0.0,-1.0,0.4,-1.0
815,5,-1.0,-1.0,-1.0,-1.0,1.0,-1.0,-0.2,-1.0
816,1,0.0,-1.0,-1.0,-1.0,0.0,-1.0,-0.8,-1.0
817,1,1.0,-1.0,-1.0,-1.0,-1.0,-1.0,-1.0,-1.0
818,7,0.4,-1.0,-1.0,-1.0,-1.0,-1.0,0.0,-1.0
819,7,-0.2,-1.0,-1.0,-1.0,-1.0,-1.0,1.0,-1.0
820,6,-1.0,-1.0,-1.0,-1.0,-1.0,0.0,0.683,-1.0
821,6,-1.0,-1.0,-1.0,-1.0,-1.0,1.0,0.366,-1.0
822,4,-1.0,-1.0,-1.0,0.0,-1.0,0.4,-0.517,-1.0
823,4,-1.0,-1.0,-1.0,1.0,-1.0,-0.2,-1.0,-1.0
824,7,-1.0,-1.0,-1.0,0.117,-1.0,-0.517,0.0,-1.0
825,7,-1.0,-1.0,-1.0,-0.766,-1.0,-0.834,1.0,-1.0
826,2,-1.0,0.0,-1.0,-1.0,-1.0,-1.0,0.117,-1.0
827,2,-1.0,1.0,-1.0,-1.0,-1.0,-1.0,-0.766,-1.0
828,8,-1.0,0.4,-1.0,-1.0,-1.0,-1.0,-1.0,0.0
829,8,-1.0,-0.2,-1.0,-1.0,-1.0,-1.0,-1.0,1.0
830,6,-1.0,-1.0,-1.0,-1.0,-1.0,0.0,-1.0,0.4
831,6,-1.0,-1.0,-1.0,-1.0,-1.0,1.0,-1.0,-0.2
832,3,-1.0,-1.0,0.0,-1.0,-1.0,0.117,-1.0,-1.0
833,3,-1.0,-1.0,1.0,-1.0,-1.0,-0.766,-1.0,-1.0
834,5,-1.0,-1.0,0.4,-1.0,0.0,-1.0,-1.0,-1.0
835,5,-1.0,-1.0,-0.2,-1.0,1.0,-1.0,-1.0,-1.0
836,8,-1.0,-1.0,-1.0,-1.0,0.117,-1.0,-1.0,0.0
837,8,-1.0,-1.0,-1.0,-1.0,-0.766,-1.0,-1.0,1.0
838,2,-1.0,0.0,-1.0,-1.0,-1.0,-1.0,-1.0,0.4
839,2,-1.0,1.0,-1.0,-1.0,-1.0,-1.0,-1.0,-0.2
840,6,-1.0,0.0,-1.0,-1.0,-1.0,0.0,-1.0,-0.8
841,6,-1.0,-1.0,-1.0,-1.0,-1.0,1.0,-1.0,-1.0
842,8,-1.0,-1.0,-1.0,-1.0,-1.0,0.4,-1.0,0.0
843,8,-1.0,-1.0,-1.0,-1.0,-1.0,-0.2,-1.0,1.0
844,4,-1.0,-1.0,-1.0,0.0,-1.0,-0.8,-1.0,0.0
845,4,-1.0,-1.0,-1.0,1.0,-1.0,-1.0,-1.0,-1.0
846,8,-1.0,-1.0,-1.0,0.0,-1.0,-1.0,-1.0,0.0
847,8,-1.0,-1.0,-1.0,-1.0,-1.0,-1.0,-1.0,1.0
848,7,-1.0,-1.0,-1.0,-1.0,-1.0,-1.0,0.0,0.683
849,7,-1.0,-1.0,-1.0,-1.0,-1.0,-1.0,1.0,0.366
850,6,-1.0,-1.0,-1.0,-1.0,-1.0,0.0,0.683,-0.234
851,6,-1.0,-1.0,-1.0,-1.0,-1.0,1.0,0.366,-0.834
852,4,-1.0,-1.0,-1.0,0.0,-1.0,0.4,-0.517,-1.0
853,4,-1.0,-1.0,-1.0,1.0,-1.0,-0.2,-1.0,-1.0
854,2,-1.0,0.0,-1.0,0.4,-1.0,-1.0,-1.0,-1.0
855,2,-1.0,1.0,-1.0,-0.2,-1.0,-1.0,-1.0,-1.0
856,7,-1.0,0.117,-1.0,-1.0,-1.0,-1.0,0.0,-1.0
857,7,-1.0,-0.766,-1.0,-1.0,-1.0,-1.0,1.0,-1.0
858,5,-1.0,-1.0,-1.0,-1.0,0.0,-1.0,0.4,-1.0
859,5,-1.0,-1.0,-1.0,-1.0,1.0,-1.0,-0.2,-1.0
860,4,-1.0,-1.0,-1.0,0.0,0.683,-1.0,-1.0,-1.0
861,4,-1.0,-1.0,-1.0,1.0,0.366,-1.0,-1.0,-1.0
862,1,0.0,-1.0,-1.0,0.117,-0.634,-1.0,-1.0,-1.0
863,1,1.0,-1.0,-1.0,-0.766,-1.0,-1.0,-1.0,-1.0
864,6,0.117,-1.0,-1.0,-1.0,-1.0,0.0,-1.0,-1.0
865,6,-0.766,-1.0,-1.0,-1.0,-1.0,1.0,-1.0,-1.0
866,2,-1.0,0.0,-1.0,-1.0,-1.0,0.0,-1.0,-1.0
867,2,-1.0,1.0,-1.0,-1.0,-1.0,-1.0,-1.0,-1.0
868,6,-1.0,0.0,-1.0,-1.0,-1.0,0.0,-1.0,-1.0
869,6,-1.0,-1.0,-1.0,-1.0,-1.0,1.0,-1.0,-1.0
870,8,-1.0,-1.0,-1.0,-1.0,-1.0,0.4,-1.0,0.0
871,8,-1.0,-1.0,-1.0,-1.0,-1.0,-0.2,-1.0,1.0
872,7,-1.0,-1.0,-1.0,-1.0,-1.0,-0.517,0.0,0.683
873,7,-1.0,-1.0,-1.0,-1.0,-1.0,-0.834,1.0,0.366
874,5,-1.0,-1.0,-1.0,-1.0,0.0,-1.0,0.4,-0.517
875,5,-1.0,-1.0,-1.0,-1.0,1.0,-1.0,-0.2,-1.0
876,6,-1.0,-1.0,-1.0,-1.0,0.683,0.0,-0.517,-1.0
877,6,-1.0,-1.0,-1.0,-1.0,0.366,1.0,-0.834,-1.0
878,3,-1.0,-1.0,0.0,-1.0,-0.234,0.117,-1.0,-1.0
879,3,-1.0,-1.0,1.0,-1.0,-0.834,-0.766,-1.0,-1.0
880,8,-1.0,-1.0,0.117,-1.0,-1.0,-1.0,-1.0,0.0
881,8,-1.0,-1.0,-0.766,-1.0,-1.0,-1.0,-1.0,1.0
882,5,-1.0,-1.0,-1.0,-1.0,0.0,-1.0,-1.0,0.117
883,5,-1.0,-1.0,-1.0,-1.0,1.0,-1.0,-1.0,-0.766
884,7,-1.0,-1.0,-1.0,-1.0,0.4,-1.0,0.0,-1.0
885,7,-1.0,-1.0,-1.0,-1.0,-0.2,-1.0,1.0,-1.0
886,2,-1.0,0.0,-1.0,-1.0,-1.0,-1.0,0.117,-1.0
887,2,-1.0,1.0,-1.0,-1.0,-1.0,-1.0,-0.766,-1.0
888,8,-1.0,0.4,-1.0,-1.0,-1.0,-1.0,-1.0,0.0
889,8,-1.0,-0.2,-1.0,-1.0,-1.0,-1.0,-1.0,1.0
890,1,0.0,-0.517,-1.0,-1.0,-1.0,-1.0,-1.0,0.683
891,1,1.0,-0.834,-1.0,-1.0,-1.0,-1.0,-1.0,0.366
892,5,0.0,-1.0,-1.0,-1.0,0.0,-1.0,-1.0,-0.517
893,5,-1.0,-1.0,-1.0,-1.0,1.0,-1.0,-1.0,-1.0
894,8,-1.0,-1.0,-1.0,-1.0,0.117,-1.0,-1.0,0.0
895,8,-1.0,-1.0,-1.0,-1.0,-0.766,-1.0,-1.0,1.0
896,6,-1.0,-1.0,-1.0,-1.0,-1.0,0.0,-1.0,0.4
897,6,-1.0,-1.0,-1.0,-1.0,-1.0,1.0,-1.0,-0.2
898,5,-1.0,-1.0,-1.0,-1.0,0.0,0.683,-1.0,-1.0
899,5,-1.0,-1.0,-1.0,-1.0,1.0,0.366,-1.0,-1.0
900,8,-1.0,-1.0,-1.0,-1.0,0.117,-0.234,-1.0,0.0
901,8,-1.0,-1.0,-1.0,-1.0,-0.766,-0.834,-1.0,1.0
902,2,-1.0,0.0,-1.0,-1.0,-1.0,-1.0,-1.0,0.4
903,2,-1.0,1.0,-1.0,-1.0,-1.0,-1.0,-1.0,-0.2
904,3,-1.0,0.683,0.0,-1.0,-1.0,-1.0,-1.0,-1.0
905,3,-1.0,0.366,1.0,-1.0,-1.0,-1.0,-1.0,-1.0
906,5,-1.0,-0.517,0.4,-1.0,0.0,-1.0,-1.0,-1.0
907,5,-1.0,-1.0,-0.2,-1.0,1.0,-1.0,-1.0,-1.0
908,1,0.0,-1.0,-0.8,-1.0,0.0,-1.0,-1.0,-1.0
909,1,1.0,-1.0,-1.0,-1.0,-1.0,-1.0,-1.0,-1.0
910,7,0.4,-1.0,-1.0,-1.0,-1.0,-1.0,0.0,-1.0
911,7,-0.2,-1.0,-1.0,-1.0,-1.0,-1.0,1.0,-1.0
912,6,-1.0,-1.0,-1.0,-1.0,-1.0,0.0,0.683,-1.0
913,6,-1.0,-1.0,-1.0,-1.0,-1.0,1.0,0.366,-1.0
914,8,-1.0,-1.0,-1.0,-1.0,-1.0,0.4,0.049,0.0
915,8,-1.0,-1.0,-1.0,-1.0,-1.0,-0.2,-0.268,1.0
916,3,-1.0,-1.0,0.0,-1.0,-1.0,-1.0,-1.0,0.117
917,3,-1.0,-1.0,1.0,-1.0,-1.0,-1.0,-1.0,-0.766
918,5,-1.0,-1.0,0.4,-1.0,0.0,-1.0,-1.0,-1.0
919,5,-1.0,-1.0,-0.2,-1.0,1.0,-1.0,-1.0,-1.0
920,6,-1.0,-1.0,-1.0,-1.0,0.683,0.0,-1.0,-1.0
921,6,-1.0,-1.0,-1.0,-1.0,0.366,1.0,-1.0,-1.0
922,3,-1.0,-1.0,0.0,-1.0,-0.234,0.117,-1.0,-1.0
923,3,-1.0,-1.0,1.0,-1.0,-0.834,-0.766,-1.0,-1.0
924,8,-1.0,-1.0,0.117,-1.0,-1.0,-1.0,-1.0,0.0
925,8,-1.0,-1.0,-0.766,-1.0,-1.0,-1.0,-1.0,1.0
926,4,-1.0,-1.0,-1.0,0.0,-1.0,-1.0,-1.0,0.0
927,4,-1.0,-1.0,-1.0,1.0,-1.0,-1.0,-1.0,-1.0
928,6,-1.0,-1.0,-1.0,0.4,-1.0,0.0,-1.0,-1.0
929,6,-1.0,-1.0,-1.0,-0.2,-1.0,1.0,-1.0,-1.0
930,2,-1.0,0.0,-1.0,-0.8,-1.0,0.0,-1.0,-1.0
931,2,-1.0,1.0,-1.0,-1.0,-1.0,-1.0,-1.0,-1.0
932,4,-1.0,0.4,-1.0,0.0,-1.0,-1.0,-1.0,-1.0
933,4,-1.0,-0.2,-1.0,1.0,-1.0,-1.0,-1.0,-1.0
934,7,-1.0,-1.0,-1.0,0.117,-1.0,-1.0,0.0,-1.0
935,7,-1.0,-1.0,-1.0,-0.766,-1.0,-1.0,1.0,-1.0
936,3,-1.0,-1.0,0.0,-1.0,-1.0,-1.0,0.0,-1.0
937,3,-1.0,-1.0,1.0,-1.0,-1.0,-1.0,-1.0,-1.0
938,4,-1.0,-1.0,0.683,0.0,-1.0,-1.0,-1.0,-1.0
939,4,-1.0,-1.0,0.366,1.0,-1.0,-1.0,-1.0,-1.0
940,7,-1.0,-1.0,-0.634,0.117,-1.0,-1.0,0.0,-1.0
941,7,-1.0,-1.0,-1.0,-0.766,-1.0,-1.0,1.0,-1.0
942,6,-1.0,-1.0,-1.0,-1.0,-1.0,0.0,0.683,-1.0
943,6,-1.0,-1.0,-1.0,-1.0,-1.0,1.0,0.366,-1.0
944,1,0.0,-1.0,-1.0,-1.0,-1.0,0.117,-0.234,-1.0
945,1,1.0,-1.0,-1.0,-1.0,-1.0,-0.766,-0.834,-1.0
946,4,0.117,-1.0,-1.0,0.0,-1.0,-1.0,-1.0,-1.0
947,4,-0.766,-1.0,-1.0,1.0,-1.0,-1.0,-1.0,-1.0
948,6,-1.0,-1.0,-1.0,0.4,-1.0,0.0,-1.0,-1.0
949,6,-1.0,-1.0,-1.0,-0.2,-1.0,1.0,-1.0,-1.0
950,3,-1.0,-1.0,0.0,-0.517,-1.0,0.117,-1.0,-1.0
951,3,-1.0,-1.0,1.0,-0.834,-1.0,-0.766,-1.0,-1.0
952,5,-1.0,-1.0,0.4,-1.0,0.0,-1.0,-1.0,-1.0
953,5,-1.0,-1.0,-0.2,-1.0,1.0,-1.0,-1.0,-1.0
954,7,-1.0,-1.0,-1.0,-1.0,0.4,-1.0,0.0,-1.0
955,7,-1.0,-1.0,-1.0,-1.0,-0.2,-1.0,1.0,-1.0
956,3,-1.0,-1.0,0.0,-1.0,-0.8,-1.0,0.0,-1.0
957,3,-1.0,-1.0,1.0,-1.0,-1.0,-1.0,-1.0,-1.0
958,7,-1.0,-1.0,0.0,-1.0,-1.0,-1.0,0.0,-1.0
959,7,-1.0,-1.0,-1.0,-1.0,-1.0,-1.0,1.0,-1.0
960,3,-1.0,-1.0,0.0,-1.0,-1.0,-1.0,0.0,-1.0
961,3,-1.0,-1.0,1.0,-1.0,-1.0,-1.0,-1.0,-1.0
962,7,-1.0,-1.0,0.0,-1.0,-1.0,-1.0,0.0,-1.0
963,7,-1.0,-1.0,-1.0,-1.0,-1.0,-1.0,1.0,-1.0
964,8,-1.0,-1.0,-1.0,-1.0,-1.0,-1.0,0.683,0.0
965,8,-1.0,-1.0,-1.0,-1.0,-1.0,-1.0,0.366,1.0
966,4,-1.0,-1.0,-1.0,0.0,-1.0,-1.0,-0.517,0.0
967,4,-1.0,-1.0,-1.0,1.0,-1.0,-1.0,-1.0,-1.0
968,6,-1.0,-1.0,-1.0,0.4,-1.0,0.0,-1.0,-1.0
969,6,-1.0,-1.0,-1.0,-0.2,-1.0,1.0,-1.0,-1.0
970,3,-1.0,-1.0,0.0,-0.517,-1.0,0.117,-1.0,-1.0
971,3,-1.0,-1.0,1.0,-0.834,-1.0,-0.766,-1.0,-1.0
972,2,-1.0,0.0,0.683,-1.0,-1.0,-1.0,-1.0,-1.0
973,2,-1.0,1.0,0.366,-1.0,-1.0,-1.0,-1.0,-1.0
974,1,0.0,0.683,-0.234,-1.0,-1.0,-1.0,-1.0,-1.0
975,1,1.0,0.366,-0.834,-1.0,-1.0,-1.0,-1.0,-1.0
976,7,0.4,-0.517,-1.0,-1.0,-1.0,-1.0,0.0,-1.0
977,7,-0.2,-1.0,-1.0,-1.0,-1.0,-1.0,1.0,-1.0
978,4,-1.0,-1.0,-1.0,0.0,-1.0,-1.0,0.117,-1.0
979,4,-1.0,-1.0,-1.0,1.0,-1.0,-1.0,-0.766,-1.0
980,2,-1.0,0.0,-1.0,0.4,-1.0,-1.0,-1.0,-1.0
981,2,-1.0,1.0,-1.0,-0.2,-1.0,-1.0,-1.0,-1.0
982,5,-1.0,0.117,-1.0,-0.517,0.0,-1.0,-1.0,-1.0
983,5,-1.0,-0.766,-1.0,-0.834,1.0,-1.0,-1.0,-1.0
984,6,-1.0,-1.0,-1.0,-1.0,0.683,0.0,-1.0,-1.0
985,6,-1.0,-1.0,-1.0,-1.0,0.366,1.0,-1.0,-1.0
986,7,-1.0,-1.0,-1.0,-1.0,-0.234,0.683,0.0,-1.0
987,7,-1.0,-1.0,-1.0,-1.0,-0.834,0.366,1.0,-1.0
988,8,-1.0,-1.0,-1.0,-1.0,-1.0,-0.234,0.683,0.0
989,8,-1.0,-1.0,-1.0,-1.0,-1.0,-0.834,0.366,1.0
990,5,-1.0,-1.0,-1.0,-1.0,0.0,-1.0,-0.234,0.117
991,5,-1.0,-1.0,-1.0,-1.0,1.0,-1.0,-0.834,-0.766
992,2,-1.0,0.0,-1.0,-1.0,0.117,-1.0,-1.0,-1.0
993,2,-1.0,1.0,-1.0,-1.0,-0.766,-1.0,-1.0,-1.0
994,4,-1.0,0.4,-1.0,0.0,-1.0,-1.0,-1.0,-1.0
995,4,-1.0,-0.2,-1.0,1.0,-1.0,-1.0,-1.0,-1.0
996,1,0.0,-0.517,-1.0,0.117,-1.0,-1.0,-1.0,-1.0
997,1,1.0,-0.834,-1.0,-0.766,-1.0,-1.0,-1.0,-1.0
998,7,0.4,-1.0,-1.0,-1.0,-1.0,-1.0,0.0,-1.0
999,7,-0.2,-1.0,-1.0,-1.0,-1.0,-1.0,1.0,-1.0
