step,active_motive,motive_1,motive_2,motive_3,motive_4,motive_5,motive_6,motive_7,motive_8
0,,0.0642,0.00841,0.01616,0.08986,0.06064,0.00092,0.01015,0.06635
1,,0.0442,-0.01159,-0.00384,0.06986,0.04064,-0.01908,-0.00985,0.04635
2,6,0.3532,0.26841,0.30516,0.44986,0.49164,0.98092,0.44115,0.42635
3,6,0.6622,0.54841,0.61416,0.82986,0.94264,1.0,0.89215,0.80635
4,,0.6422,0.52841,0.59416,0.80986,0.92264,0.98,0.87215,0.78635
5,,0.6222,0.50841,0.57416,0.78986,0.90264,0.96,0.85215,0.76635
6,,0.6022,0.48841,0.55416,0.76986,0.88264,0.94,0.83215,0.74635
7,,0.5822,0.46841,0.53416,0.74986,0.86264,0.92,0.81215,0.72635
8,,0.5622,0.44841,0.51416,0.72986,0.84264,0.9,0.79215,0.70635
9,,0.5422,0.42841,0.49416,0.70986,0.82264,0.88,0.77215,0.68635
10,,0.5222,0.40841,0.47416,0.68986,0.80264,0.86,0.75215,0.66635
11,,0.5022,0.38841,0.45416,0.66986,0.78264,0.84,0.73215,0.64635
12,,0.4822,0.36841,0.43416,0.64986,0.76264,0.82,0.71215,0.62635
13,,0.4622,0.34841,0.41416,0.62986,0.74264,0.8,0.69215,0.60635
14,,0.4422,0.32841,0.39416,0.60986,0.72264,0.78,0.67215,0.58635
15,,0.4222,0.30841,0.37416,0.58986,0.70264,0.76,0.65215,0.56635
16,,0.4022,0.28841,0.35416,0.56986,0.68264,0.74,0.63215,0.54635
17,,0.3822,0.26841,0.33416,0.54986,0.66264,0.72,0.61215,0.52635
18,,0.3622,0.24841,0.31416,0.52986,0.64264,0.7,0.59215,0.50635
19,,0.3422,0.22841,0.29416,0.50986,0.62264,0.68,0.57215,0.48635
20,,0.3222,0.20841,0.27416,0.48986,0.60264,0.66,0.55215,0.46635
21,,0.3022,0.18841,0.25416,0.46986,0.58264,0.64,0.53215,0.44635
22,,0.2822,0.16841,0.23416,0.44986,0.56264,0.62,0.51215,0.42635
23,,0.2622,0.14841,0.21416,0.42986,0.54264,0.6,0.49215,0.40635
24,,0.2422,0.12841,0.19416,0.40986,0.52264,0.58,0.47215,0.38635
25,,0.2222,0.10841,0.17416,0.38986,0.50264,0.56,0.45215,0.36635
26,,0.2022,0.08841,0.15416,0.36986,0.48264,0.54,0.43215,0.34635
27,,0.1822,0.06841,0.13416,0.34986,0.46264,0.52,0.41215,0.32635
28,,0.1622,0.04841,0.11416,0.32986,0.44264,0.5,0.39215,0.30635
29,,0.1422,0.02841,0.09416,0.30986,0.42264,0.48,0.37215,0.28635
30,,0.1222,0.00841,0.07416,0.28986,0.40264,0.46,0.35215,0.26635
31,,0.1022,-0.01159,0.05416,0.26986,0.38264,0.44,0.33215,0.24635
32,2,0.5532,0.98841,0.50516,0.64986,0.69164,0.72,0.64115,0.62635
33,2,1.0,1.0,0.95616,1.0,1.0,1.0,0.95015,1.0
34,,0.98,0.98,0.93616,0.98,0.98,0.98,0.93015,0.98
35,,0.96,0.96,0.91616,0.96,0.96,0.96,0.91015,0.96
36,,0.94,0.94,0.89616,0.94,0.94,0.94,0.89015,0.94
37,,0.92,0.92,0.87616,0.92,0.92,0.92,0.87015,0.92
38,,0.9,0.9,0.85616,0.9,0.9,0.9,0.85015,0.9
39,,0.88,0.88,0.83616,0.88,0.88,0.88,0.83015,0.88
40,,0.86,0.86,0.81616,0.86,0.86,0.86,0.81015,0.86
41,,0.84,0.84,0.79616,0.84,0.84,0.84,0.79015,0.84
42,,0.82,0.82,0.77616,0.82,0.82,0.82,0.77015,0.82
43,,0.8,0.8,0.75616,0.8,0.8,0.8,0.75015,0.8
44,,0.78,0.78,0.73616,0.78,0.78,0.78,0.73015,0.78
45,,0.76,0.76,0.71616,0.76,0.76,0.76,0.71015,0.76
46,,0.74,0.74,0.69616,0.74,0.74,0.74,0.69015,0.74
47,,0.72,0.72,0.67616,0.72,0.72,0.72,0.67015,0.72
48,,0.7,0.7,0.65616,0.7,0.7,0.7,0.65015,0.7
49,,0.68,0.68,0.63616,0.68,0.68,0.68,0.63015,0.68
50,,0.66,0.66,0.61616,0.66,0.66,0.66,0.61015,0.66
51,,0.64,0.64,0.59616,0.64,0.64,0.64,0.59015,0.64
52,,0.62,0.62,0.57616,0.62,0.62,0.62,0.57015,0.62
53,,0.6,0.6,0.55616,0.6,0.6,0.6,0.55015,0.6
54,,0.58,0.58,0.53616,0.58,0.58,0.58,0.53015,0.58
55,,0.56,0.56,0.51616,0.56,0.56,0.56,0.51015,0.56
56,,0.54,0.54,0.49616,0.54,0.54,0.54,0.49015,0.54
57,,0.52,0.52,0.47616,0.52,0.52,0.52,0.47015,0.52
58,,0.5,0.5,0.45616,0.5,0.5,0.5,0.45015,0.5
59,,0.48,0.48,0.43616,0.48,0.48,0.48,0.43015,0.48
60,,0.46,0.46,0.41616,0.46,0.46,0.46,0.41015,0.46
61,,0.44,0.44,0.39616,0.44,0.44,0.44,0.39015,0.44
62,,0.42,0.42,0.37616,0.42,0.42,0.42,0.37015,0.42
63,,0.4,0.4,0.35616,0.4,0.4,0.4,0.35015,0.4
64,,0.38,0.38,0.33616,0.38,0.38,0.38,0.33015,0.38
65,,0.36,0.36,0.31616,0.36,0.36,0.36,0.31015,0.36
66,,0.34,0.34,0.29616,0.34,0.34,0.34,0.29015,0.34
67,,0.32,0.32,0.27616,0.32,0.32,0.32,0.27015,0.32
68,,0.3,0.3,0.25616,0.3,0.3,0.3,0.25015,0.3
69,,0.28,0.28,0.23616,0.28,0.28,0.28,0.23015,0.28
70,,0.26,0.26,0.21616,0.26,0.26,0.26,0.21015,0.26
71,,0.24,0.24,0.19616,0.24,0.24,0.24,0.19015,0.24
72,,0.22,0.22,0.17616,0.22,0.22,0.22,0.17015,0.22
73,,0.2,0.2,0.15616,0.2,0.2,0.2,0.15015,0.2
74,,0.18,0.18,0.13616,0.18,0.18,0.18,0.13015,0.18
75,,0.16,0.16,0.11616,0.16,0.16,0.16,0.11015,0.16
76,,0.14,0.14,0.09616,0.14,0.14,0.14,0.09015,0.14
77,,0.12,0.12,0.07616,0.12,0.12,0.12,0.07015,0.12
78,,0.1,0.1,0.05616,0.1,0.1,0.1,0.05015,0.1
79,,0.08,0.08,0.03616,0.08,0.08,0.08,0.03015,0.08
80,,0.06,0.06,0.01616,0.06,0.06,0.06,0.01015,0.06
81,,0.04,0.04,-0.00384,0.04,0.04,0.04,-0.00985,0.04
82,7,0.42,0.349,0.27616,0.349,0.42,0.491,0.99015,0.491
83,7,0.8,0.658,0.55616,0.658,0.8,0.942,1.0,0.942
84,,0.78,0.638,0.53616,0.638,0.78,0.922,0.98,0.922
85,,0.76,0.618,0.51616,0.618,0.76,0.902,0.96,0.902
86,,0.74,0.598,0.49616,0.598,0.74,0.882,0.94,0.882
87,,0.72,0.578,0.47616,0.578,0.72,0.862,0.92,0.862
88,,0.7,0.558,0.45616,0.558,0.7,0.842,0.9,0.842
89,,0.68,0.538,0.43616,0.538,0.68,0.822,0.88,0.822
90,,0.66,0.518,0.41616,0.518,0.66,0.802,0.86,0.802
91,,0.64,0.498,0.39616,0.498,0.64,0.782,0.84,0.782
92,,0.62,0.478,0.37616,0.478,0.62,0.762,0.82,0.762
93,,0.6,0.458,0.35616,0.458,0.6,0.742,0.8,0.742
94,,0.58,0.438,0.33616,0.438,0.58,0.722,0.78,0.722
95,,0.56,0.418,0.31616,0.418,0.56,0.702,0.76,0.702
96,,0.54,0.398,0.29616,0.398,0.54,0.682,0.74,0.682
97,,0.52,0.378,0.27616,0.378,0.52,0.662,0.72,0.662
98,,0.5,0.358,0.25616,0.358,0.5,0.642,0.7,0.642
99,,0.48,0.338,0.23616,0.338,0.48,0.622,0.68,0.622
100,,0.46,0.318,0.21616,0.318,0.46,0.602,0.66,0.602
101,,0.44,0.298,0.19616,0.298,0.44,0.582,0.64,0.582
102,,0.42,0.278,0.17616,0.278,0.42,0.562,0.62,0.562
103,,0.4,0.258,0.15616,0.258,0.4,0.542,0.6,0.542
104,,0.38,0.238,0.13616,0.238,0.38,0.522,0.58,0.522
105,,0.36,0.218,0.11616,0.218,0.36,0.502,0.56,0.502
106,,0.34,0.198,0.09616,0.198,0.34,0.482,0.54,0.482
107,,0.32,0.178,0.07616,0.178,0.32,0.462,0.52,0.462
108,,0.3,0.158,0.05616,0.158,0.3,0.442,0.5,0.442
109,,0.28,0.138,0.03616,0.138,0.28,0.422,0.48,0.422
110,,0.26,0.118,0.01616,0.118,0.26,0.402,0.46,0.402
111,,0.24,0.098,-0.00384,0.098,0.24,0.382,0.44,0.382
112,3,0.62,0.549,0.99616,0.549,0.62,0.691,0.72,0.691
113,3,1.0,1.0,1.0,1.0,1.0,1.0,1.0,1.0
114,,0.98,0.98,0.98,0.98,0.98,0.98,0.98,0.98
115,,0.96,0.96,0.96,0.96,0.96,0.96,0.96,0.96
116,,0.94,0.94,0.94,0.94,0.94,0.94,0.94,0.94
117,,0.92,0.92,0.92,0.92,0.92,0.92,0.92,0.92
118,,0.9,0.9,0.9,0.9,0.9,0.9,0.9,0.9
119,,0.88,0.88,0.88,0.88,0.88,0.88,0.88,0.88
120,,0.86,0.86,0.86,0.86,0.86,0.86,0.86,0.86
121,,0.84,0.84,0.84,0.84,0.84,0.84,0.84,0.84
122,,0.82,0.82,0.82,0.82,0.82,0.82,0.82,0.82
123,,0.8,0.8,0.8,0.8,0.8,0.8,0.8,0.8
124,,0.78,0.78,0.78,0.78,0.78,0.78,0.78,0.78
125,,0.76,0.76,0.76,0.76,0.76,0.76,0.76,0.76
126,,0.74,0.74,0.74,0.74,0.74,0.74,0.74,0.74
127,,0.72,0.72,0.72,0.72,0.72,0.72,0.72,0.72
128,,0.7,0.7,0.7,0.7,0.7,0.7,0.7,0.7
129,,0.68,0.68,0.68,0.68,0.68,0.68,0.68,0.68
130,,0.66,0.66,0.66,0.66,0.66,0.66,0.66,0.66
131,,0.64,0.64,0.64,0.64,0.64,0.64,0.64,0.64
132,,0.62,0.62,0.62,0.62,0.62,0.62,0.62,0.62
133,,0.6,0.6,0.6,0.6,0.6,0.6,0.6,0.6
134,,0.58,0.58,0.58,0.58,0.58,0.58,0.58,0.58
135,,0.56,0.56,0.56,0.56,0.56,0.56,0.56,0.56
136,,0.54,0.54,0.54,0.54,0.54,0.54,0.54,0.54
137,,0.52,0.52,0.52,0.52,0.52,0.52,0.52,0.52
138,,0.5,0.5,0.5,0.5,0.5,0.5,0.5,0.5
139,,0.48,0.48,0.48,0.48,0.48,0.48,0.48,0.48
140,,0.46,0.46,0.46,0.46,0.46,0.46,0.46,0.46
141,,0.44,0.44,0.44,0.44,0.44,0.44,0.44,0.44
142,,0.42,0.42,0.42,0.42,0.42,0.42,0.42,0.42
143,,0.4,0.4,0.4,0.4,0.4,0.4,0.4,0.4
144,,0.38,0.38,0.38,0.38,0.38,0.38,0.38,0.38
145,,0.36,0.36,0.36,0.36,0.36,0.36,0.36,0.36
146,,0.34,0.34,0.34,0.34,0.34,0.34,0.34,0.34
147,,0.32,0.32,0.32,0.32,0.32,0.32,0.32,0.32
148,,0.3,0.3,0.3,0.3,0.3,0.3,0.3,0.3
149,,0.28,0.28,0.28,0.28,0.28,0.28,0.28,0.28
150,,0.26,0.26,0.26,0.26,0.26,0.26,0.26,0.26
151,,0.24,0.24,0.24,0.24,0.24,0.24,0.24,0.24
152,,0.22,0.22,0.22,0.22,0.22,0.22,0.22,0.22
153,,0.2,0.2,0.2,0.2,0.2,0.2,0.2,0.2
154,,0.18,0.18,0.18,0.18,0.18,0.18,0.18,0.18
155,,0.16,0.16,0.16,0.16,0.16,0.16,0.16,0.16
156,,0.14,0.14,0.14,0.14,0.14,0.14,0.14,0.14
157,,0.12,0.12,0.12,0.12,0.12,0.12,0.12,0.12
158,,0.1,0.1,0.1,0.1,0.1,0.1,0.1,0.1
159,,0.08,0.08,0.08,0.08,0.08,0.08,0.08,0.08
160,,0.06,0.06,0.06,0.06,0.06,0.06,0.06,0.06
161,,0.04,0.04,0.04,0.04,0.04,0.04,0.04,0.04
162,,0.02,0.02,0.02,0.02,0.02,0.02,0.02,0.02
163,,0.0,0.0,0.0,0.0,0.0,0.0,0.0,0.0
164,,-0.02,-0.02,-0.02,-0.02,-0.02,-0.02,-0.02,-0.02
165,5,0.26,0.289,0.36,0.431,0.98,0.431,0.36,0.289
166,5,0.54,0.598,0.74,0.882,1.0,0.882,0.74,0.598
167,,0.52,0.578,0.72,0.862,0.98,0.862,0.72,0.578
168,,0.5,0.558,0.7,0.842,0.96,0.842,0.7,0.558
169,,0.48,0.538,0.68,0.822,0.94,0.822,0.68,0.538
170,,0.46,0.518,0.66,0.802,0.92,0.802,0.66,0.518
171,,0.44,0.498,0.64,0.782,0.9,0.782,0.64,0.498
172,,0.42,0.478,0.62,0.762,0.88,0.762,0.62,0.478
173,,0.4,0.458,0.6,0.742,0.86,0.742,0.6,0.458
174,,0.38,0.438,0.58,0.722,0.84,0.722,0.58,0.438
175,,0.36,0.418,0.56,0.702,0.82,0.702,0.56,0.418
176,,0.34,0.398,0.54,0.682,0.8,0.682,0.54,0.398
177,,0.32,0.378,0.52,0.662,0.78,0.662,0.52,0.378
178,,0.3,0.358,0.5,0.642,0.76,0.642,0.5,0.358
179,,0.28,0.338,0.48,0.622,0.74,0.622,0.48,0.338
180,,0.26,0.318,0.46,0.602,0.72,0.602,0.46,0.318
181,,0.24,0.298,0.44,0.582,0.7,0.582,0.44,0.298
182,,0.22,0.278,0.42,0.562,0.68,0.562,0.42,0.278
183,,0.2,0.258,0.4,0.542,0.66,0.542,0.4,0.258
184,,0.18,0.238,0.38,0.522,0.64,0.522,0.38,0.238
185,,0.16,0.218,0.36,0.502,0.62,0.502,0.36,0.218
186,,0.14,0.198,0.34,0.482,0.6,0.482,0.34,0.198
187,,0.12,0.178,0.32,0.462,0.58,0.462,0.32,0.178
188,,0.1,0.158,0.3,0.442,0.56,0.442,0.3,0.158
189,,0.08,0.138,0.28,0.422,0.54,0.422,0.28,0.138
190,,0.06,0.118,0.26,0.402,0.52,0.402,0.26,0.118
191,,0.04,0.098,0.24,0.382,0.5,0.382,0.24,0.098
192,,0.02,0.078,0.22,0.362,0.48,0.362,0.22,0.078
193,,0.0,0.058,0.2,0.342,0.46,0.342,0.2,0.058
194,,-0.02,0.038,0.18,0.322,0.44,0.322,0.18,0.038
195,1,0.98,0.489,0.56,0.631,0.72,0.631,0.56,0.489
196,1,1.0,0.94,0.94,0.94,1.0,0.94,0.94,0.94
197,,0.98,0.92,0.92,0.92,0.98,0.92,0.92,0.92
198,,0.96,0.9,0.9,0.9,0.96,0.9,0.9,0.9
199,,0.94,0.88,0.88,0.88,0.94,0.88,0.88,0.88
200,,0.92,0.86,0.86,0.86,0.92,0.86,0.86,0.86
201,,0.9,0.84,0.84,0.84,0.9,0.84,0.84,0.84
202,,0.88,0.82,0.82,0.82,0.88,0.82,0.82,0.82
203,,0.86,0.8,0.8,0.8,0.86,0.8,0.8,0.8
204,,0.84,0.78,0.78,0.78,0.84,0.78,0.78,0.78
205,,0.82,0.76,0.76,0.76,0.82,0.76,0.76,0.76
206,,0.8,0.74,0.74,0.74,0.8,0.74,0.74,0.74
207,,0.78,0.72,0.72,0.72,0.78,0.72,0.72,0.72
208,,0.76,0.7,0.7,0.7,0.76,0.7,0.7,0.7
209,,0.74,0.68,0.68,0.68,0.74,0.68,0.68,0.68
210,,0.72,0.66,0.66,0.66,0.72,0.66,0.66,0.66
211,,0.7,0.64,0.64,0.64,0.7,0.64,0.64,0.64
212,,0.68,0.62,0.62,0.62,0.68,0.62,0.62,0.62
213,,0.66,0.6,0.6,0.6,0.66,0.6,0.6,0.6
214,,0.64,0.58,0.58,0.58,0.64,0.58,0.58,0.58
215,,0.62,0.56,0.56,0.56,0.62,0.56,0.56,0.56
216,,0.6,0.54,0.54,0.54,0.6,0.54,0.54,0.54
217,,0.58,0.52,0.52,0.52,0.58,0.52,0.52,0.52
218,,0.56,0.5,0.5,0.5,0.56,0.5,0.5,0.5
219,,0.54,0.48,0.48,0.48,0.54,0.48,0.48,0.48
220,,0.52,0.46,0.46,0.46,0.52,0.46,0.46,0.46
221,,0.5,0.44,0.44,0.44,0.5,0.44,0.44,0.44
222,,0.48,0.42,0.42,0.42,0.48,0.42,0.42,0.42
223,,0.46,0.4,0.4,0.4,0.46,0.4,0.4,0.4
224,,0.44,0.38,0.38,0.38,0.44,0.38,0.38,0.38
225,,0.42,0.36,0.36,0.36,0.42,0.36,0.36,0.36
226,,0.4,0.34,0.34,0.34,0.4,0.34,0.34,0.34
227,,0.38,0.32,0.32,0.32,0.38,0.32,0.32,0.32
228,,0.36,0.3,0.3,0.3,0.36,0.3,0.3,0.3
229,,0.34,0.28,0.28,0.28,0.34,0.28,0.28,0.28
230,,0.32,0.26,0.26,0.26,0.32,0.26,0.26,0.26
231,,0.3,0.24,0.24,0.24,0.3,0.24,0.24,0.24
232,,0.28,0.22,0.22,0.22,0.28,0.22,0.22,0.22
233,,0.26,0.2,0.2,0.2,0.26,0.2,0.2,0.2
234,,0.24,0.18,0.18,0.18,0.24,0.18,0.18,0.18
235,,0.22,0.16,0.16,0.16,0.22,0.16,0.16,0.16
236,,0.2,0.14,0.14,0.14,0.2,0.14,0.14,0.14
237,,0.18,0.12,0.12,0.12,0.18,0.12,0.12,0.12
238,,0.16,0.1,0.1,0.1,0.16,0.1,0.1,0.1
239,,0.14,0.08,0.08,0.08,0.14,0.08,0.08,0.08
240,,0.12,0.06,0.06,0.06,0.12,0.06,0.06,0.06
241,,0.1,0.04,0.04,0.04,0.1,0.04,0.04,0.04
242,,0.08,0.02,0.02,0.02,0.08,0.02,0.02,0.02
243,,0.06,0.0,0.0,0.0,0.06,0.0,0.0,0.0
244,,0.04,-0.02,-0.02,-0.02,0.04,-0.02,-0.02,-0.02
245,3,0.42,0.431,0.98,0.431,0.42,0.289,0.26,0.289
246,3,0.8,0.882,1.0,0.882,0.8,0.598,0.54,0.598
247,,0.78,0.862,0.98,0.862,0.78,0.578,0.52,0.578
248,,0.76,0.842,0.96,0.842,0.76,0.558,0.5,0.558
249,,0.74,0.822,0.94,0.822,0.74,0.538,0.48,0.538
250,,0.72,0.802,0.92,0.802,0.72,0.518,0.46,0.518
251,,0.7,0.782,0.9,0.782,0.7,0.498,0.44,0.498
252,,0.68,0.762,0.88,0.762,0.68,0.478,0.42,0.478
253,,0.66,0.742,0.86,0.742,0.66,0.458,0.4,0.458
254,,0.64,0.722,0.84,0.722,0.64,0.438,0.38,0.438
255,,0.62,0.702,0.82,0.702,0.62,0.418,0.36,0.418
256,,0.6,0.682,0.8,0.682,0.6,0.398,0.34,0.398
257,,0.58,0.662,0.78,0.662,0.58,0.378,0.32,0.378
258,,0.56,0.642,0.76,0.642,0.56,0.358,0.3,0.358
259,,0.54,0.622,0.74,0.622,0.54,0.338,0.28,0.338
260,,0.52,0.602,0.72,0.602,0.52,0.318,0.26,0.318
261,,0.5,0.582,0.7,0.582,0.5,0.298,0.24,0.298
262,,0.48,0.562,0.68,0.562,0.48,0.278,0.22,0.278
263,,0.46,0.542,0.66,0.542,0.46,0.258,0.2,0.258
264,,0.44,0.522,0.64,0.522,0.44,0.238,0.18,0.238
265,,0.42,0.502,0.62,0.502,0.42,0.218,0.16,0.218
266,,0.4,0.482,0.6,0.482,0.4,0.198,0.14,0.198
267,,0.38,0.462,0.58,0.462,0.38,0.178,0.12,0.178
268,,0.36,0.442,0.56,0.442,0.36,0.158,0.1,0.158
269,,0.34,0.422,0.54,0.422,0.34,0.138,0.08,0.138
270,,0.32,0.402,0.52,0.402,0.32,0.118,0.06,0.118
271,,0.3,0.382,0.5,0.382,0.3,0.098,0.04,0.098
272,,0.28,0.362,0.48,0.362,0.28,0.078,0.02,0.078
273,,0.26,0.342,0.46,0.342,0.26,0.058,0.0,0.058
274,,0.24,0.322,0.44,0.322,0.24,0.038,-0.02,0.038
275,7,0.62,0.631,0.72,0.631,0.62,0.489,0.98,0.489
276,7,1.0,0.94,1.0,0.94,1.0,0.94,1.0,0.94
277,,0.98,0.92,0.98,0.92,0.98,0.92,0.98,0.92
278,,0.96,0.9,0.96,0.9,0.96,0.9,0.96,0.9
279,,0.94,0.88,0.94,0.88,0.94,0.88,0.94,0.88
280,,0.92,0.86,0.92,0.86,0.92,0.86,0.92,0.86
281,,0.9,0.84,0.9,0.84,0.9,0.84,0.9,0.84
282,,0.88,0.82,0.88,0.82,0.88,0.82,0.88,0.82
283,,0.86,0.8,0.86,0.8,0.86,0.8,0.86,0.8
284,,0.84,0.78,0.84,0.78,0.84,0.78,0.84,0.78
285,,0.82,0.76,0.82,0.76,0.82,0.76,0.82,0.76
286,,0.8,0.74,0.8,0.74,0.8,0.74,0.8,0.74
287,,0.78,0.72,0.78,0.72,0.78,0.72,0.78,0.72
288,,0.76,0.7,0.76,0.7,0.76,0.7,0.76,0.7
289,,0.74,0.68,0.74,0.68,0.74,0.68,0.74,0.68
290,,0.72,0.66,0.72,0.66,0.72,0.66,0.72,0.66
291,,0.7,0.64,0.7,0.64,0.7,0.64,0.7,0.64
292,,0.68,0.62,0.68,0.62,0.68,0.62,0.68,0.62
293,,0.66,0.6,0.66,0.6,0.66,0.6,0.66,0.6
294,,0.64,0.58,0.64,0.58,0.64,0.58,0.64,0.58
295,,0.62,0.56,0.62,0.56,0.62,0.56,0.62,0.56
296,,0.6,0.54,0.6,0.54,0.6,0.54,0.6,0.54
297,,0.58,0.52,0.58,0.52,0.58,0.52,0.58,0.52
298,,0.56,0.5,0.56,0.5,0.56,0.5,0.56,0.5
299,,0.54,0.48,0.54,0.48,0.54,0.48,0.54,0.48
300,,0.52,0.46,0.52,0.46,0.52,0.46,0.52,0.46
301,,0.5,0.44,0.5,0.44,0.5,0.44,0.5,0.44
302,,0.48,0.42,0.48,0.42,0.48,0.42,0.48,0.42
303,,0.46,0.4,0.46,0.4,0.46,0.4,0.46,0.4
304,,0.44,0.38,0.44,0.38,0.44,0.38,0.44,0.38
305,,0.42,0.36,0.42,0.36,0.42,0.36,0.42,0.36
306,,0.4,0.34,0.4,0.34,0.4,0.34,0.4,0.34
307,,0.38,0.32,0.38,0.32,0.38,0.32,0.38,0.32
308,,0.36,0.3,0.36,0.3,0.36,0.3,0.36,0.3
309,,0.34,0.28,0.34,0.28,0.34,0.28,0.34,0.28
310,,0.32,0.26,0.32,0.26,0.32,0.26,0.32,0.26
311,,0.3,0.24,0.3,0.24,0.3,0.24,0.3,0.24
312,,0.28,0.22,0.28,0.22,0.28,0.22,0.28,0.22
313,,0.26,0.2,0.26,0.2,0.26,0.2,0.26,0.2
314,,0.24,0.18,0.24,0.18,0.24,0.18,0.24,0.18
315,,0.22,0.16,0.22,0.16,0.22,0.16,0.22,0.16
316,,0.2,0.14,0.2,0.14,0.2,0.14,0.2,0.14
317,,0.18,0.12,0.18,0.12,0.18,0.12,0.18,0.12
318,,0.16,0.1,0.16,0.1,0.16,0.1,0.16,0.1
319,,0.14,0.08,0.14,0.08,0.14,0.08,0.14,0.08
320,,0.12,0.06,0.12,0.06,0.12,0.06,0.12,0.06
321,,0.1,0.04,0.1,0.04,0.1,0.04,0.1,0.04
322,,0.08,0.02,0.08,0.02,0.08,0.02,0.08,0.02
323,,0.06,0.0,0.06,0.0,0.06,0.0,0.06,0.0
324,,0.04,-0.02,0.04,-0.02,0.04,-0.02,0.04,-0.02
325,8,0.491,0.36,0.349,0.26,0.349,0.36,0.491,0.98
326,8,0.942,0.74,0.658,0.54,0.658,0.74,0.942,1.0
327,,0.922,0.72,0.638,0.52,0.638,0.72,0.922,0.98
328,,0.902,0.7,0.618,0.5,0.618,0.7,0.902,0.96
329,,0.882,0.68,0.598,0.48,0.598,0.68,0.882,0.94
330,,0.862,0.66,0.578,0.46,0.578,0.66,0.862,0.92
331,,0.842,0.64,0.558,0.44,0.558,0.64,0.842,0.9
332,,0.822,0.62,0.538,0.42,0.538,0.62,0.822,0.88
333,,0.802,0.6,0.518,0.4,0.518,0.6,0.802,0.86
334,,0.782,0.58,0.498,0.38,0.498,0.58,0.782,0.84
335,,0.762,0.56,0.478,0.36,0.478,0.56,0.762,0.82
336,,0.742,0.54,0.458,0.34,0.458,0.54,0.742,0.8
337,,0.722,0.52,0.438,0.32,0.438,0.52,0.722,0.78
338,,0.702,0.5,0.418,0.3,0.418,0.5,0.702,0.76
339,,0.682,0.48,0.398,0.28,0.398,0.48,0.682,0.74
340,,0.662,0.46,0.378,0.26,0.378,0.46,0.662,0.72
341,,0.642,0.44,0.358,0.24,0.358,0.44,0.642,0.7
342,,0.622,0.42,0.338,0.22,0.338,0.42,0.622,0.68
343,,0.602,0.4,0.318,0.2,0.318,0.4,0.602,0.66
344,,0.582,0.38,0.298,0.18,0.298,0.38,0.582,0.64
345,,0.562,0.36,0.278,0.16,0.278,0.36,0.562,0.62
346,,0.542,0.34,0.258,0.14,0.258,0.34,0.542,0.6
347,,0.522,0.32,0.238,0.12,0.238,0.32,0.522,0.58
348,,0.502,0.3,0.218,0.1,0.218,0.3,0.502,0.56
349,,0.482,0.28,0.198,0.08,0.198,0.28,0.482,0.54
350,,0.462,0.26,0.178,0.06,0.178,0.26,0.462,0.52
351,,0.442,0.24,0.158,0.04,0.158,0.24,0.442,0.5
352,,0.422,0.22,0.138,0.02,0.138,0.22,0.422,0.48
353,,0.402,0.2,0.118,0.0,0.118,0.2,0.402,0.46
354,,0.382,0.18,0.098,-0.02,0.098,0.18,0.382,0.44
355,4,0.691,0.56,0.549,0.98,0.549,0.56,0.691,0.72
356,4,1.0,0.94,1.0,1.0,1.0,0.94,1.0,1.0
357,,0.98,0.92,0.98,0.98,0.98,0.92,0.98,0.98
358,,0.96,0.9,0.96,0.96,0.96,0.9,0.96,0.96
359,,0.94,0.88,0.94,0.94,0.94,0.88,0.94,0.94
360,,0.92,0.86,0.92,0.92,0.92,0.86,0.92,0.92
361,,0.9,0.84,0.9,0.9,0.9,0.84,0.9,0.9
362,,0.88,0.82,0.88,0.88,0.88,0.82,0.88,0.88
363,,0.86,0.8,0.86,0.86,0.86,0.8,0.86,0.86
364,,0.84,0.78,0.84,0.84,0.84,0.78,0.84,0.84
365,,0.82,0.76,0.82,0.82,0.82,0.76,0.82,0.82
366,,0.8,0.74,0.8,0.8,0.8,0.74,0.8,0.8
367,,0.78,0.72,0.78,0.78,0.78,0.72,0.78,0.78
368,,0.76,0.7,0.76,0.76,0.76,0.7,0.76,0.76
369,,0.74,0.68,0.74,0.74,0.74,0.68,0.74,0.74
370,,0.72,0.66,0.72,0.72,0.72,0.66,0.72,0.72
371,,0.7,0.64,0.7,0.7,0.7,0.64,0.7,0.7
372,,0.68,0.62,0.68,0.68,0.68,0.62,0.68,0.68
373,,0.66,0.6,0.66,0.66,0.66,0.6,0.66,0.66
374,,0.64,0.58,0.64,0.64,0.64,0.58,0.64,0.64
375,,0.62,0.56,0.62,0.62,0.62,0.56,0.62,0.62
376,,0.6,0.54,0.6,0.6,0.6,0.54,0.6,0.6
377,,0.58,0.52,0.58,0.58,0.58,0.52,0.58,0.58
378,,0.56,0.5,0.56,0.56,0.56,0.5,0.56,0.56
379,,0.54,0.48,0.54,0.54,0.54,0.48,0.54,0.54
380,,0.52,0.46,0.52,0.52,0.52,0.46,0.52,0.52
381,,0.5,0.44,0.5,0.5,0.5,0.44,0.5,0.5
382,,0.48,0.42,0.48,0.48,0.48,0.42,0.48,0.48
383,,0.46,0.4,0.46,0.46,0.46,0.4,0.46,0.46
384,,0.44,0.38,0.44,0.44,0.44,0.38,0.44,0.44
385,,0.42,0.36,0.42,0.42,0.42,0.36,0.42,0.42
386,,0.4,0.34,0.4,0.4,0.4,0.34,0.4,0.4
387,,0.38,0.32,0.38,0.38,0.38,0.32,0.38,0.38
388,,0.36,0.3,0.36,0.36,0.36,0.3,0.36,0.36
389,,0.34,0.28,0.34,0.34,0.34,0.28,0.34,0.34
390,,0.32,0.26,0.32,0.32,0.32,0.26,0.32,0.32
391,,0.3,0.24,0.3,0.3,0.3,0.24,0.3,0.3
392,,0.28,0.22,0.28,0.28,0.28,0.22,0.28,0.28
393,,0.26,0.2,0.26,0.26,0.26,0.2,0.26,0.26
394,,0.24,0.18,0.24,0.24,0.24,0.18,0.24,0.24
395,,0.22,0.16,0.22,0.22,0.22,0.16,0.22,0.22
396,,0.2,0.14,0.2,0.2,0.2,0.14,0.2,0.2
397,,0.18,0.12,0.18,0.18,0.18,0.12,0.18,0.18
398,,0.16,0.1,0.16,0.16,0.16,0.1,0.16,0.16
399,,0.14,0.08,0.14,0.14,0.14,0.08,0.14,0.14
400,,0.12,0.06,0.12,0.12,0.12,0.06,0.12,0.12
401,,0.1,0.04,0.1,0.1,0.1,0.04,0.1,0.1
402,,0.08,0.02,0.08,0.08,0.08,0.02,0.08,0.08
403,,0.06,0.0,0.06,0.06,0.06,0.0,0.06,0.06
404,,0.04,-0.02,0.04,0.04,0.04,-0.02,0.04,0.04
405,6,0.349,0.26,0.349,0.42,0.491,0.98,0.491,0.42
406,6,0.658,0.54,0.658,0.8,0.942,1.0,0.942,0.8
407,,0.638,0.52,0.638,0.78,0.922,0.98,0.922,0.78
408,,0.618,0.5,0.618,0.76,0.902,0.96,0.902,0.76
409,,0.598,0.48,0.598,0.74,0.882,0.94,0.882,0.74
410,,0.578,0.46,0.578,0.72,0.862,0.92,0.862,0.72
411,,0.558,0.44,0.558,0.7,0.842,0.9,0.842,0.7
412,,0.538,0.42,0.538,0.68,0.822,0.88,0.822,0.68
413,,0.518,0.4,0.518,0.66,0.802,0.86,0.802,0.66
414,,0.498,0.38,0.498,0.64,0.782,0.84,0.782,0.64
415,,0.478,0.36,0.478,0.62,0.762,0.82,0.762,0.62
416,,0.458,0.34,0.458,0.6,0.742,0.8,0.742,0.6
417,,0.438,0.32,0.438,0.58,0.722,0.78,0.722,0.58
418,,0.418,0.3,0.418,0.56,0.702,0.76,0.702,0.56
419,,0.398,0.28,0.398,0.54,0.682,0.74,0.682,0.54
420,,0.378,0.26,0.378,0.52,0.662,0.72,0.662,0.52
421,,0.358,0.24,0.358,0.5,0.642,0.7,0.642,0.5
422,,0.338,0.22,0.338,0.48,0.622,0.68,0.622,0.48
423,,0.318,0.2,0.318,0.46,0.602,0.66,0.602,0.46
424,,0.298,0.18,0.298,0.44,0.582,0.64,0.582,0.44
425,,0.278,0.16,0.278,0.42,0.562,0.62,0.562,0.42
426,,0.258,0.14,0.258,0.4,0.542,0.6,0.542,0.4
427,,0.238,0.12,0.238,0.38,0.522,0.58,0.522,0.38
428,,0.218,0.1,0.218,0.36,0.502,0.56,0.502,0.36
429,,0.198,0.08,0.198,0.34,0.482,0.54,0.482,0.34
430,,0.178,0.06,0.178,0.32,0.462,0.52,0.462,0.32
431,,0.158,0.04,0.158,0.3,0.442,0.5,0.442,0.3
432,,0.138,0.02,0.138,0.28,0.422,0.48,0.422,0.28
433,,0.118,0.0,0.118,0.26,0.402,0.46,0.402,0.26
434,,0.098,-0.02,0.098,0.24,0.382,0.44,0.382,0.24
435,2,0.549,0.98,0.549,0.62,0.691,0.72,0.691,0.62
436,2,1.0,1.0,1.0,1.0,1.0,1.0,1.0,1.0
437,,0.98,0.98,0.98,0.98,0.98,0.98,0.98,0.98
438,,0.96,0.96,0.96,0.96,0.96,0.96,0.96,0.96
439,,0.94,0.94,0.94,0.94,0.94,0.94,0.94,0.94
440,,0.92,0.92,0.92,0.92,0.92,0.92,0.92,0.92
441,,0.9,0.9,0.9,0.9,0.9,0.9,0.9,0.9
442,,0.88,0.88,0.88,0.88,0.88,0.88,0.88,0.88
443,,0.86,0.86,0.86,0.86,0.86,0.86,0.86,0.86
444,,0.84,0.84,0.84,0.84,0.84,0.84,0.84,0.84
445,,0.82,0.82,0.82,0.82,0.82,0.82,0.82,0.82
446,,0.8,0.8,0.8,0.8,0.8,0.8,0.8,0.8
447,,0.78,0.78,0.78,0.78,0.78,0.78,0.78,0.78
448,,0.76,0.76,0.76,0.76,0.76,0.76,0.76,0.76
449,,0.74,0.74,0.74,0.74,0.74,0.74,0.74,0.74
450,,0.72,0.72,0.72,0.72,0.72,0.72,0.72,0.72
451,,0.7,0.7,0.7,0.7,0.7,0.7,0.7,0.7
452,,0.68,0.68,0.68,0.68,0.68,0.68,0.68,0.68
453,,0.66,0.66,0.66,0.66,0.66,0.66,0.66,0.66
454,,0.64,0.64,0.64,0.64,0.64,0.64,0.64,0.64
455,,0.62,0.62,0.62,0.62,0.62,0.62,0.62,0.62
456,,0.6,0.6,0.6,0.6,0.6,0.6,0.6,0.6
457,,0.58,0.58,0.58,0.58,0.58,0.58,0.58,0.58
458,,0.56,0.56,0.56,0.56,0.56,0.56,0.56,0.56
459,,0.54,0.54,0.54,0.54,0.54,0.54,0.54,0.54
460,,0.52,0.52,0.52,0.52,0.52,0.52,0.52,0.52
461,,0.5,0.5,0.5,0.5,0.5,0.5,0.5,0.5
462,,0.48,0.48,0.48,0.48,0.48,0.48,0.48,0.48
463,,0.46,0.46,0.46,0.46,0.46,0.46,0.46,0.46
464,,0.44,0.44,0.44,0.44,0.44,0.44,0.44,0.44
465,,0.42,0.42,0.42,0.42,0.42,0.42,0.42,0.42
466,,0.4,0.4,0.4,0.4,0.4,0.4,0.4,0.4
467,,0.38,0.38,0.38,0.38,0.38,0.38,0.38,0.38
468,,0.36,0.36,0.36,0.36,0.36,0.36,0.36,0.36
469,,0.34,0.34,0.34,0.34,0.34,0.34,0.34,0.34
470,,0.32,0.32,0.32,0.32,0.32,0.32,0.32,0.32
471,,0.3,0.3,0.3,0.3,0.3,0.3,0.3,0.3
472,,0.28,0.28,0.28,0.28,0.28,0.28,0.28,0.28
473,,0.26,0.26,0.26,0.26,0.26,0.26,0.26,0.26
474,,0.24,0.24,0.24,0.24,0.24,0.24,0.24,0.24
475,,0.22,0.22,0.22,0.22,0.22,0.22,0.22,0.22
476,,0.2,0.2,0.2,0.2,0.2,0.2,0.2,0.2
477,,0.18,0.18,0.18,0.18,0.18,0.18,0.18,0.18
478,,0.16,0.16,0.16,0.16,0.16,0.16,0.16,0.16
479,,0.14,0.14,0.14,0.14,0.14,0.14,0.14,0.14
480,,0.12,0.12,0.12,0.12,0.12,0.12,0.12,0.12
481,,0.1,0.1,0.1,0.1,0.1,0.1,0.1,0.1
482,,0.08,0.08,0.08,0.08,0.08,0.08,0.08,0.08
483,,0.06,0.06,0.06,0.06,0.06,0.06,0.06,0.06
484,,0.04,0.04,0.04,0.04,0.04,0.04,0.04,0.04
485,,0.02,0.02,0.02,0.02,0.02,0.02,0.02,0.02
486,,0.0,0.0,0.0,0.0,0.0,0.0,0.0,0.0
487,,-0.02,-0.02,-0.02,-0.02,-0.02,-0.02,-0.02,-0.02
488,2,0.431,0.98,0.431,0.36,0.289,0.26,0.289,0.36
489,2,0.882,1.0,0.882,0.74,0.598,0.54,0.598,0.74
490,,0.862,0.98,0.862,0.72,0.578,0.52,0.578,0.72
491,,0.842,0.96,0.842,0.7,0.558,0.5,0.558,0.7
492,,0.822,0.94,0.822,0.68,0.538,0.48,0.538,0.68
493,,0.802,0.92,0.802,0.66,0.518,0.46,0.518,0.66
494,,0.782,0.9,0.782,0.64,0.498,0.44,0.498,0.64
495,,0.762,0.88,0.762,0.62,0.478,0.42,0.478,0.62
496,,0.742,0.86,0.742,0.6,0.458,0.4,0.458,0.6
497,,0.722,0.84,0.722,0.58,0.438,0.38,0.438,0.58
498,,0.702,0.82,0.702,0.56,0.418,0.36,0.418,0.56
499,,0.682,0.8,0.682,0.54,0.398,0.34,0.398,0.54
500,,0.662,0.78,0.662,0.52,0.378,0.32,0.378,0.52
501,,0.642,0.76,0.642,0.5,0.358,0.3,0.358,0.5
502,,0.622,0.74,0.622,0.48,0.338,0.28,0.338,0.48
503,,0.602,0.72,0.602,0.46,0.318,0.26,0.318,0.46
504,,0.582,0.7,0.582,0.44,0.298,0.24,0.298,0.44
505,,0.562,0.68,0.562,0.42,0.278,0.22,0.278,0.42
506,,0.542,0.66,0.542,0.4,0.258,0.2,0.258,0.4
507,,0.522,0.64,0.522,0.38,0.238,0.18,0.238,0.38
508,,0.502,0.62,0.502,0.36,0.218,0.16,0.218,0.36
509,,0.482,0.6,0.482,0.34,0.198,0.14,0.198,0.34
510,,0.462,0.58,0.462,0.32,0.178,0.12,0.178,0.32
511,,0.442,0.56,0.442,0.3,0.158,0.1,0.158,0.3
512,,0.422,0.54,0.422,0.28,0.138,0.08,0.138,0.28
513,,0.402,0.52,0.402,0.26,0.118,0.06,0.118,0.26
514,,0.382,0.5,0.382,0.24,0.098,0.04,0.098,0.24
515,,0.362,0.48,0.362,0.22,0.078,0.02,0.078,0.22
516,,0.342,0.46,0.342,0.2,0.058,0.0,0.058,0.2
517,,0.322,0.44,0.322,0.18,0.038,-0.02,0.038,0.18
518,6,0.631,0.72,0.631,0.56,0.489,0.98,0.489,0.56
519,6,0.94,1.0,0.94,0.94,0.94,1.0,0.94,0.94
520,,0.92,0.98,0.92,0.92,0.92,0.98,0.92,0.92
521,,0.9,0.96,0.9,0.9,0.9,0.96,0.9,0.9
522,,0.88,0.94,0.88,0.88,0.88,0.94,0.88,0.88
523,,0.86,0.92,0.86,0.86,0.86,0.92,0.86,0.86
524,,0.84,0.9,0.84,0.84,0.84,0.9,0.84,0.84
525,,0.82,0.88,0.82,0.82,0.82,0.88,0.82,0.82
526,,0.8,0.86,0.8,0.8,0.8,0.86,0.8,0.8
527,,0.78,0.84,0.78,0.78,0.78,0.84,0.78,0.78
528,,0.76,0.82,0.76,0.76,0.76,0.82,0.76,0.76
529,,0.74,0.8,0.74,0.74,0.74,0.8,0.74,0.74
530,,0.72,0.78,0.72,0.72,0.72,0.78,0.72,0.72
531,,0.7,0.76,0.7,0.7,0.7,0.76,0.7,0.7
532,,0.68,0.74,0.68,0.68,0.68,0.74,0.68,0.68
533,,0.66,0.72,0.66,0.66,0.66,0.72,0.66,0.66
534,,0.64,0.7,0.64,0.64,0.64,0.7,0.64,0.64
535,,0.62,0.68,0.62,0.62,0.62,0.68,0.62,0.62
536,,0.6,0.66,0.6,0.6,0.6,0.66,0.6,0.6
537,,0.58,0.64,0.58,0.58,0.58,0.64,0.58,0.58
538,,0.56,0.62,0.56,0.56,0.56,0.62,0.56,0.56
539,,0.54,0.6,0.54,0.54,0.54,0.6,0.54,0.54
540,,0.52,0.58,0.52,0.52,0.52,0.58,0.52,0.52
541,,0.5,0.56,0.5,0.5,0.5,0.56,0.5,0.5
542,,0.48,0.54,0.48,0.48,0.48,0.54,0.48,0.48
543,,0.46,0.52,0.46,0.46,0.46,0.52,0.46,0.46
544,,0.44,0.5,0.44,0.44,0.44,0.5,0.44,0.44
545,,0.42,0.48,0.42,0.42,0.42,0.48,0.42,0.42
546,,0.4,0.46,0.4,0.4,0.4,0.46,0.4,0.4
547,,0.38,0.44,0.38,0.38,0.38,0.44,0.38,0.38
548,,0.36,0.42,0.36,0.36,0.36,0.42,0.36,0.36
549,,0.34,0.4,0.34,0.34,0.34,0.4,0.34,0.34
550,,0.32,0.38,0.32,0.32,0.32,0.38,0.32,0.32
551,,0.3,0.36,0.3,0.3,0.3,0.36,0.3,0.3
552,,0.28,0.34,0.28,0.28,0.28,0.34,0.28,0.28
553,,0.26,0.32,0.26,0.26,0.26,0.32,0.26,0.26
554,,0.24,0.3,0.24,0.24,0.24,0.3,0.24,0.24
555,,0.22,0.28,0.22,0.22,0.22,0.28,0.22,0.22
556,,0.2,0.26,0.2,0.2,0.2,0.26,0.2,0.2
557,,0.18,0.24,0.18,0.18,0.18,0.24,0.18,0.18
558,,0.16,0.22,0.16,0.16,0.16,0.22,0.16,0.16
559,,0.14,0.2,0.14,0.14,0.14,0.2,0.14,0.14
560,,0.12,0.18,0.12,0.12,0.12,0.18,0.12,0.12
561,,0.1,0.16,0.1,0.1,0.1,0.16,0.1,0.1
562,,0.08,0.14,0.08,0.08,0.08,0.14,0.08,0.08
563,,0.06,0.12,0.06,0.06,0.06,0.12,0.06,0.06
564,,0.04,0.1,0.04,0.04,0.04,0.1,0.04,0.04
565,,0.02,0.08,0.02,0.02,0.02,0.08,0.02,0.02
566,,0.0,0.06,0.0,0.0,0.0,0.06,0.0,0.0
567,,-0.02,0.04,-0.02,-0.02,-0.02,0.04,-0.02,-0.02
568,3,0.36,0.491,0.98,0.431,0.36,0.349,0.26,0.289
569,3,0.74,0.942,1.0,0.882,0.74,0.658,0.54,0.598
570,,0.72,0.922,0.98,0.862,0.72,0.638,0.52,0.578
571,,0.7,0.902,0.96,0.842,0.7,0.618,0.5,0.558
572,,0.68,0.882,0.94,0.822,0.68,0.598,0.48,0.538
573,,0.66,0.862,0.92,0.802,0.66,0.578,0.46,0.518
574,,0.64,0.842,0.9,0.782,0.64,0.558,0.44,0.498
575,,0.62,0.822,0.88,0.762,0.62,0.538,0.42,0.478
576,,0.6,0.802,0.86,0.742,0.6,0.518,0.4,0.458
577,,0.58,0.782,0.84,0.722,0.58,0.498,0.38,0.438
578,,0.56,0.762,0.82,0.702,0.56,0.478,0.36,0.418
579,,0.54,0.742,0.8,0.682,0.54,0.458,0.34,0.398
580,,0.52,0.722,0.78,0.662,0.52,0.438,0.32,0.378
581,,0.5,0.702,0.76,0.642,0.5,0.418,0.3,0.358
582,,0.48,0.682,0.74,0.622,0.48,0.398,0.28,0.338
583,,0.46,0.662,0.72,0.602,0.46,0.378,0.26,0.318
584,,0.44,0.642,0.7,0.582,0.44,0.358,0.24,0.298
585,,0.42,0.622,0.68,0.562,0.42,0.338,0.22,0.278
586,,0.4,0.602,0.66,0.542,0.4,0.318,0.2,0.258
587,,0.38,0.582,0.64,0.522,0.38,0.298,0.18,0.238
588,,0.36,0.562,0.62,0.502,0.36,0.278,0.16,0.218
589,,0.34,0.542,0.6,0.482,0.34,0.258,0.14,0.198
590,,0.32,0.522,0.58,0.462,0.32,0.238,0.12,0.178
591,,0.3,0.502,0.56,0.442,0.3,0.218,0.1,0.158
592,,0.28,0.482,0.54,0.422,0.28,0.198,0.08,0.138
593,,0.26,0.462,0.52,0.402,0.26,0.178,0.06,0.118
594,,0.24,0.442,0.5,0.382,0.24,0.158,0.04,0.098
595,,0.22,0.422,0.48,0.362,0.22,0.138,0.02,0.078
596,,0.2,0.402,0.46,0.342,0.2,0.118,0.0,0.058
597,,0.18,0.382,0.44,0.322,0.18,0.098,-0.02,0.038
598,7,0.56,0.691,0.72,0.631,0.56,0.549,0.98,0.489
599,7,0.94,1.0,1.0,0.94,0.94,1.0,1.0,0.94
600,,0.92,0.98,0.98,0.92,0.92,0.98,0.98,0.92
601,,0.9,0.96,0.96,0.9,0.9,0.96,0.96,0.9
602,,0.88,0.94,0.94,0.88,0.88,0.94,0.94,0.88
603,,0.86,0.92,0.92,0.86,0.86,0.92,0.92,0.86
604,,0.84,0.9,0.9,0.84,0.84,0.9,0.9,0.84
605,,0.82,0.88,0.88,0.82,0.82,0.88,0.88,0.82
606,,0.8,0.86,0.86,0.8,0.8,0.86,0.86,0.8
607,,0.78,0.84,0.84,0.78,0.78,0.84,0.84,0.78
608,,0.76,0.82,0.82,0.76,0.76,0.82,0.82,0.76
609,,0.74,0.8,0.8,0.74,0.74,0.8,0.8,0.74
610,,0.72,0.78,0.78,0.72,0.72,0.78,0.78,0.72
611,,0.7,0.76,0.76,0.7,0.7,0.76,0.76,0.7
612,,0.68,0.74,0.74,0.68,0.68,0.74,0.74,0.68
613,,0.66,0.72,0.72,0.66,0.66,0.72,0.72,0.66
614,,0.64,0.7,0.7,0.64,0.64,0.7,0.7,0.64
615,,0.62,0.68,0.68,0.62,0.62,0.68,0.68,0.62
616,,0.6,0.66,0.66,0.6,0.6,0.66,0.66,0.6
617,,0.58,0.64,0.64,0.58,0.58,0.64,0.64,0.58
618,,0.56,0.62,0.62,0.56,0.56,0.62,0.62,0.56
619,,0.54,0.6,0.6,0.54,0.54,0.6,0.6,0.54
620,,0.52,0.58,0.58,0.52,0.52,0.58,0.58,0.52
621,,0.5,0.56,0.56,0.5,0.5,0.56,0.56,0.5
622,,0.48,0.54,0.54,0.48,0.48,0.54,0.54,0.48
623,,0.46,0.52,0.52,0.46,0.46,0.52,0.52,0.46
624,,0.44,0.5,0.5,0.44,0.44,0.5,0.5,0.44
625,,0.42,0.48,0.48,0.42,0.42,0.48,0.48,0.42
626,,0.4,0.46,0.46,0.4,0.4,0.46,0.46,0.4
627,,0.38,0.44,0.44,0.38,0.38,0.44,0.44,0.38
628,,0.36,0.42,0.42,0.36,0.36,0.42,0.42,0.36
629,,0.34,0.4,0.4,0.34,0.34,0.4,0.4,0.34
630,,0.32,0.38,0.38,0.32,0.32,0.38,0.38,0.32
631,,0.3,0.36,0.36,0.3,0.3,0.36,0.36,0.3
632,,0.28,0.34,0.34,0.28,0.28,0.34,0.34,0.28
633,,0.26,0.32,0.32,0.26,0.26,0.32,0.32,0.26
634,,0.24,0.3,0.3,0.24,0.24,0.3,0.3,0.24
635,,0.22,0.28,0.28,0.22,0.22,0.28,0.28,0.22
636,,0.2,0.26,0.26,0.2,0.2,0.26,0.26,0.2
637,,0.18,0.24,0.24,0.18,0.18,0.24,0.24,0.18
638,,0.16,0.22,0.22,0.16,0.16,0.22,0.22,0.16
639,,0.14,0.2,0.2,0.14,0.14,0.2,0.2,0.14
640,,0.12,0.18,0.18,0.12,0.12,0.18,0.18,0.12
641,,0.1,0.16,0.16,0.1,0.1,0.16,0.16,0.1
642,,0.08,0.14,0.14,0.08,0.08,0.14,0.14,0.08
643,,0.06,0.12,0.12,0.06,0.06,0.12,0.12,0.06
644,,0.04,0.1,0.1,0.04,0.04,0.1,0.1,0.04
645,,0.02,0.08,0.08,0.02,0.02,0.08,0.08,0.02
646,,0.0,0.06,0.06,0.0,0.0,0.06,0.06,0.0
647,,-0.02,0.04,0.04,-0.02,-0.02,0.04,0.04,-0.02
648,4,0.289,0.42,0.491,0.98,0.431,0.42,0.349,0.26
649,4,0.598,0.8,0.942,1.0,0.882,0.8,0.658,0.54
650,,0.578,0.78,0.922,0.98,0.862,0.78,0.638,0.52
651,,0.558,0.76,0.902,0.96,0.842,0.76,0.618,0.5
652,,0.538,0.74,0.882,0.94,0.822,0.74,0.598,0.48
653,,0.518,0.72,0.862,0.92,0.802,0.72,0.578,0.46
654,,0.498,0.7,0.842,0.9,0.782,0.7,0.558,0.44
655,,0.478,0.68,0.822,0.88,0.762,0.68,0.538,0.42
656,,0.458,0.66,0.802,0.86,0.742,0.66,0.518,0.4
657,,0.438,0.64,0.782,0.84,0.722,0.64,0.498,0.38
658,,0.418,0.62,0.762,0.82,0.702,0.62,0.478,0.36
659,,0.398,0.6,0.742,0.8,0.682,0.6,0.458,0.34
660,,0.378,0.58,0.722,0.78,0.662,0.58,0.438,0.32
661,,0.358,0.56,0.702,0.76,0.642,0.56,0.418,0.3
662,,0.338,0.54,0.682,0.74,0.622,0.54,0.398,0.28
663,,0.318,0.52,0.662,0.72,0.602,0.52,0.378,0.26
664,,0.298,0.5,0.642,0.7,0.582,0.5,0.358,0.24
665,,0.278,0.48,0.622,0.68,0.562,0.48,0.338,0.22
666,,0.258,0.46,0.602,0.66,0.542,0.46,0.318,0.2
667,,0.238,0.44,0.582,0.64,0.522,0.44,0.298,0.18
668,,0.218,0.42,0.562,0.62,0.502,0.42,0.278,0.16
669,,0.198,0.4,0.542,0.6,0.482,0.4,0.258,0.14
670,,0.178,0.38,0.522,0.58,0.462,0.38,0.238,0.12
671,,0.158,0.36,0.502,0.56,0.442,0.36,0.218,0.1
672,,0.138,0.34,0.482,0.54,0.422,0.34,0.198,0.08
673,,0.118,0.32,0.462,0.52,0.402,0.32,0.178,0.06
674,,0.098,0.3,0.442,0.5,0.382,0.3,0.158,0.04
675,,0.078,0.28,0.422,0.48,0.362,0.28,0.138,0.02
676,,0.058,0.26,0.402,0.46,0.342,0.26,0.118,0.0
677,,0.038,0.24,0.382,0.44,0.322,0.24,0.098,-0.02
678,8,0.489,0.62,0.691,0.72,0.631,0.62,0.549,0.98
679,8,0.94,1.0,1.0,1.0,0.94,1.0,1.0,1.0
680,,0.92,0.98,0.98,0.98,0.92,0.98,0.98,0.98
681,,0.9,0.96,0.96,0.96,0.9,0.96,0.96,0.96
682,,0.88,0.94,0.94,0.94,0.88,0.94,0.94,0.94
683,,0.86,0.92,0.92,0.92,0.86,0.92,0.92,0.92
684,,0.84,0.9,0.9,0.9,0.84,0.9,0.9,0.9
685,,0.82,0.88,0.88,0.88,0.82,0.88,0.88,0.88
686,,0.8,0.86,0.86,0.86,0.8,0.86,0.86,0.86
687,,0.78,0.84,0.84,0.84,0.78,0.84,0.84,0.84
688,,0.76,0.82,0.82,0.82,0.76,0.82,0.82,0.82
689,,0.74,0.8,0.8,0.8,0.74,0.8,0.8,0.8
690,,0.72,0.78,0.78,0.78,0.72,0.78,0.78,0.78
691,,0.7,0.76,0.76,0.76,0.7,0.76,0.76,0.76
692,,0.68,0.74,0.74,0.74,0.68,0.74,0.74,0.74
693,,0.66,0.72,0.72,0.72,0.66,0.72,0.72,0.72
694,,0.64,0.7,0.7,0.7,0.64,0.7,0.7,0.7
695,,0.62,0.68,0.68,0.68,0.62,0.68,0.68,0.68
696,,0.6,0.66,0.66,0.66,0.6,0.66,0.66,0.66
697,,0.58,0.64,0.64,0.64,0.58,0.64,0.64,0.64
698,,0.56,0.62,0.62,0.62,0.56,0.62,0.62,0.62
699,,0.54,0.6,0.6,0.6,0.54,0.6,0.6,0.6
700,,0.52,0.58,0.58,0.58,0.52,0.58,0.58,0.58
701,,0.5,0.56,0.56,0.56,0.5,0.56,0.56,0.56
702,,0.48,0.54,0.54,0.54,0.48,0.54,0.54,0.54
703,,0.46,0.52,0.52,0.52,0.46,0.52,0.52,0.52
704,,0.44,0.5,0.5,0.5,0.44,0.5,0.5,0.5
705,,0.42,0.48,0.48,0.48,0.42,0.48,0.48,0.48
706,,0.4,0.46,0.46,0.46,0.4,0.46,0.46,0.46
707,,0.38,0.44,0.44,0.44,0.38,0.44,0.44,0.44
708,,0.36,0.42,0.42,0.42,0.36,0.42,0.42,0.42
709,,0.34,0.4,0.4,0.4,0.34,0.4,0.4,0.4
710,,0.32,0.38,0.38,0.38,0.32,0.38,0.38,0.38
711,,0.3,0.36,0.36,0.36,0.3,0.36,0.36,0.36
712,,0.28,0.34,0.34,0.34,0.28,0.34,0.34,0.34
713,,0.26,0.32,0.32,0.32,0.26,0.32,0.32,0.32
714,,0.24,0.3,0.3,0.3,0.24,0.3,0.3,0.3
715,,0.22,0.28,0.28,0.28,0.22,0.28,0.28,0.28
716,,0.2,0.26,0.26,0.26,0.2,0.26,0.26,0.26
717,,0.18,0.24,0.24,0.24,0.18,0.24,0.24,0.24
718,,0.16,0.22,0.22,0.22,0.16,0.22,0.22,0.22
719,,0.14,0.2,0.2,0.2,0.14,0.2,0.2,0.2
720,,0.12,0.18,0.18,0.18,0.12,0.18,0.18,0.18
721,,0.1,0.16,0.16,0.16,0.1,0.16,0.16,0.16
722,,0.08,0.14,0.14,0.14,0.08,0.14,0.14,0.14
723,,0.06,0.12,0.12,0.12,0.06,0.12,0.12,0.12
724,,0.04,0.1,0.1,0.1,0.04,0.1,0.1,0.1
725,,0.02,0.08,0.08,0.08,0.02,0.08,0.08,0.08
726,,0.0,0.06,0.06,0.06,0.0,0.06,0.06,0.06
727,,-0.02,0.04,0.04,0.04,-0.02,0.04,0.04,0.04
728,1,0.98,0.491,0.42,0.349,0.26,0.349,0.42,0.491
729,1,1.0,0.942,0.8,0.658,0.54,0.658,0.8,0.942
730,,0.98,0.922,0.78,0.638,0.52,0.638,0.78,0.922
731,,0.96,0.902,0.76,0.618,0.5,0.618,0.76,0.902
732,,0.94,0.882,0.74,0.598,0.48,0.598,0.74,0.882
733,,0.92,0.862,0.72,0.578,0.46,0.578,0.72,0.862
734,,0.9,0.842,0.7,0.558,0.44,0.558,0.7,0.842
735,,0.88,0.822,0.68,0.538,0.42,0.538,0.68,0.822
736,,0.86,0.802,0.66,0.518,0.4,0.518,0.66,0.802
737,,0.84,0.782,0.64,0.498,0.38,0.498,0.64,0.782
738,,0.82,0.762,0.62,0.478,0.36,0.478,0.62,0.762
739,,0.8,0.742,0.6,0.458,0.34,0.458,0.6,0.742
740,,0.78,0.722,0.58,0.438,0.32,0.438,0.58,0.722
741,,0.76,0.702,0.56,0.418,0.3,0.418,0.56,0.702
742,,0.74,0.682,0.54,0.398,0.28,0.398,0.54,0.682
743,,0.72,0.662,0.52,0.378,0.26,0.378,0.52,0.662
744,,0.7,0.642,0.5,0.358,0.24,0.358,0.5,0.642
745,,0.68,0.622,0.48,0.338,0.22,0.338,0.48,0.622
746,,0.66,0.602,0.46,0.318,0.2,0.318,0.46,0.602
747,,0.64,0.582,0.44,0.298,0.18,0.298,0.44,0.582
748,,0.62,0.562,0.42,0.278,0.16,0.278,0.42,0.562
749,,0.6,0.542,0.4,0.258,0.14,0.258,0.4,0.542
750,,0.58,0.522,0.38,0.238,0.12,0.238,0.38,0.522
751,,0.56,0.502,0.36,0.218,0.1,0.218,0.36,0.502
752,,0.54,0.482,0.34,0.198,0.08,0.198,0.34,0.482
753,,0.52,0.462,0.32,0.178,0.06,0.178,0.32,0.462
754,,0.5,0.442,0.3,0.158,0.04,0.158,0.3,0.442
755,,0.48,0.422,0.28,0.138,0.02,0.138,0.28,0.422
756,,0.46,0.402,0.26,0.118,0.0,0.118,0.26,0.402
757,,0.44,0.382,0.24,0.098,-0.02,0.098,0.24,0.382
758,5,0.72,0.691,0.62,0.549,0.98,0.549,0.62,0.691
759,5,1.0,1.0,1.0,1.0,1.0,1.0,1.0,1.0
760,,0.98,0.98,0.98,0.98,0.98,0.98,0.98,0.98
761,,0.96,0.96,0.96,0.96,0.96,0.96,0.96,0.96
762,,0.94,0.94,0.94,0.94,0.94,0.94,0.94,0.94
763,,0.92,0.92,0.92,0.92,0.92,0.92,0.92,0.92
764,,0.9,0.9,0.9,0.9,0.9,0.9,0.9,0.9
765,,0.88,0.88,0.88,0.88,0.88,0.88,0.88,0.88
766,,0.86,0.86,0.86,0.86,0.86,0.86,0.86,0.86
767,,0.84,0.84,0.84,0.84,0.84,0.84,0.84,0.84
768,,0.82,0.82,0.82,0.82,0.82,0.82,0.82,0.82
769,,0.8,0.8,0.8,0.8,0.8,0.8,0.8,0.8
770,,0.78,0.78,0.78,0.78,0.78,0.78,0.78,0.78
771,,0.76,0.76,0.76,0.76,0.76,0.76,0.76,0.76
772,,0.74,0.74,0.74,0.74,0.74,0.74,0.74,0.74
773,,0.72,0.72,0.72,0.72,0.72,0.72,0.72,0.72
774,,0.7,0.7,0.7,0.7,0.7,0.7,0.7,0.7
775,,0.68,0.68,0.68,0.68,0.68,0.68,0.68,0.68
776,,0.66,0.66,0.66,0.66,0.66,0.66,0.66,0.66
777,,0.64,0.64,0.64,0.64,0.64,0.64,0.64,0.64
778,,0.62,0.62,0.62,0.62,0.62,0.62,0.62,0.62
779,,0.6,0.6,0.6,0.6,0.6,0.6,0.6,0.6
780,,0.58,0.58,0.58,0.58,0.58,0.58,0.58,0.58
781,,0.56,0.56,0.56,0.56,0.56,0.56,0.56,0.56
782,,0.54,0.54,0.54,0.54,0.54,0.54,0.54,0.54
783,,0.52,0.52,0.52,0.52,0.52,0.52,0.52,0.52
784,,0.5,0.5,0.5,0.5,0.5,0.5,0.5,0.5
785,,0.48,0.48,0.48,0.48,0.48,0.48,0.48,0.48
786,,0.46,0.46,0.46,0.46,0.46,0.46,0.46,0.46
787,,0.44,0.44,0.44,0.44,0.44,0.44,0.44,0.44
788,,0.42,0.42,0.42,0.42,0.42,0.42,0.42,0.42
789,,0.4,0.4,0.4,0.4,0.4,0.4,0.4,0.4
790,,0.38,0.38,0.38,0.38,0.38,0.38,0.38,0.38
791,,0.36,0.36,0.36,0.36,0.36,0.36,0.36,0.36
792,,0.34,0.34,0.34,0.34,0.34,0.34,0.34,0.34
793,,0.32,0.32,0.32,0.32,0.32,0.32,0.32,0.32
794,,0.3,0.3,0.3,0.3,0.3,0.3,0.3,0.3
795,,0.28,0.28,0.28,0.28,0.28,0.28,0.28,0.28
796,,0.26,0.26,0.26,0.26,0.26,0.26,0.26,0.26
797,,0.24,0.24,0.24,0.24,0.24,0.24,0.24,0.24
798,,0.22,0.22,0.22,0.22,0.22,0.22,0.22,0.22
799,,0.2,0.2,0.2,0.2,0.2,0.2,0.2,0.2
800,,0.18,0.18,0.18,0.18,0.18,0.18,0.18,0.18
801,,0.16,0.16,0.16,0.16,0.16,0.16,0.16,0.16
802,,0.14,0.14,0.14,0.14,0.14,0.14,0.14,0.14
803,,0.12,0.12,0.12,0.12,0.12,0.12,0.12,0.12
804,,0.1,0.1,0.1,0.1,0.1,0.1,0.1,0.1
805,,0.08,0.08,0.08,0.08,0.08,0.08,0.08,0.08
806,,0.06,0.06,0.06,0.06,0.06,0.06,0.06,0.06
807,,0.04,0.04,0.04,0.04,0.04,0.04,0.04,0.04
808,,0.02,0.02,0.02,0.02,0.02,0.02,0.02,0.02
809,,0.0,0.0,0.0,0.0,0.0,0.0,0.0,0.0
810,,-0.02,-0.02,-0.02,-0.02,-0.02,-0.02,-0.02,-0.02
811,8,0.431,0.36,0.289,0.26,0.289,0.36,0.431,0.98
812,8,0.882,0.74,0.598,0.54,0.598,0.74,0.882,1.0
813,,0.862,0.72,0.578,0.52,0.578,0.72,0.862,0.98
814,,0.842,0.7,0.558,0.5,0.558,0.7,0.842,0.96
815,,0.822,0.68,0.538,0.48,0.538,0.68,0.822,0.94
816,,0.802,0.66,0.518,0.46,0.518,0.66,0.802,0.92
817,,0.782,0.64,0.498,0.44,0.498,0.64,0.782,0.9
818,,0.762,0.62,0.478,0.42,0.478,0.62,0.762,0.88
819,,0.742,0.6,0.458,0.4,0.458,0.6,0.742,0.86
820,,0.722,0.58,0.438,0.38,0.438,0.58,0.722,0.84
821,,0.702,0.56,0.418,0.36,0.418,0.56,0.702,0.82
822,,0.682,0.54,0.398,0.34,0.398,0.54,0.682,0.8
823,,0.662,0.52,0.378,0.32,0.378,0.52,0.662,0.78
824,,0.642,0.5,0.358,0.3,0.358,0.5,0.642,0.76
825,,0.622,0.48,0.338,0.28,0.338,0.48,0.622,0.74
826,,0.602,0.46,0.318,0.26,0.318,0.46,0.602,0.72
827,,0.582,0.44,0.298,0.24,0.298,0.44,0.582,0.7
828,,0.562,0.42,0.278,0.22,0.278,0.42,0.562,0.68
829,,0.542,0.4,0.258,0.2,0.258,0.4,0.542,0.66
830,,0.522,0.38,0.238,0.18,0.238,0.38,0.522,0.64
831,,0.502,0.36,0.218,0.16,0.218,0.36,0.502,0.62
832,,0.482,0.34,0.198,0.14,0.198,0.34,0.482,0.6
833,,0.462,0.32,0.178,0.12,0.178,0.32,0.462,0.58
834,,0.442,0.3,0.158,0.1,0.158,0.3,0.442,0.56
835,,0.422,0.28,0.138,0.08,0.138,0.28,0.422,0.54
836,,0.402,0.26,0.118,0.06,0.118,0.26,0.402,0.52
837,,0.382,0.24,0.098,0.04,0.098,0.24,0.382,0.5
838,,0.362,0.22,0.078,0.02,0.078,0.22,0.362,0.48
839,,0.342,0.2,0.058,0.0,0.058,0.2,0.342,0.46
840,,0.322,0.18,0.038,-0.02,0.038,0.18,0.322,0.44
841,4,0.631,0.56,0.489,0.98,0.489,0.56,0.631,0.72
842,4,0.94,0.94,0.94,1.0,0.94,0.94,0.94,1.0
843,,0.92,0.92,0.92,0.98,0.92,0.92,0.92,0.98
844,,0.9,0.9,0.9,0.96,0.9,0.9,0.9,0.96
845,,0.88,0.88,0.88,0.94,0.88,0.88,0.88,0.94
846,,0.86,0.86,0.86,0.92,0.86,0.86,0.86,0.92
847,,0.84,0.84,0.84,0.9,0.84,0.84,0.84,0.9
848,,0.82,0.82,0.82,0.88,0.82,0.82,0.82,0.88
849,,0.8,0.8,0.8,0.86,0.8,0.8,0.8,0.86
850,,0.78,0.78,0.78,0.84,0.78,0.78,0.78,0.84
851,,0.76,0.76,0.76,0.82,0.76,0.76,0.76,0.82
852,,0.74,0.74,0.74,0.8,0.74,0.74,0.74,0.8
853,,0.72,0.72,0.72,0.78,0.72,0.72,0.72,0.78
854,,0.7,0.7,0.7,0.76,0.7,0.7,0.7,0.76
855,,0.68,0.68,0.68,0.74,0.68,0.68,0.68,0.74
856,,0.66,0.66,0.66,0.72,0.66,0.66,0.66,0.72
857,,0.64,0.64,0.64,0.7,0.64,0.64,0.64,0.7
858,,0.62,0.62,0.62,0.68,0.62,0.62,0.62,0.68
