step,active_motive,motive_1,motive_2,motive_3,motive_4,motive_5,motive_6,motive_7,motive_8
0,,0.92464,0.91912,0.25299,0.69541,0.07543,0.16622,0.21681,0.29449
1,,0.72464,0.71912,0.05299,0.49541,-0.12457,-0.03378,0.01681,0.09449
2,5,0.72464,0.77812,0.25299,0.83641,0.87543,0.30722,0.21681,0.15349
3,5,0.72464,0.83712,0.45299,1.0,1.0,0.64822,0.41681,0.21249
4,,0.52464,0.63712,0.25299,0.8,0.8,0.44822,0.21681,0.01249
5,,0.32464,0.43712,0.05299,0.6,0.6,0.24822,0.01681,-0.18751
6,8,0.66564,0.63712,0.11199,0.6,0.659,0.44822,0.35781,0.81249
7,8,1.0,0.83712,0.17099,0.6,0.718,0.64822,0.69881,1.0
8,,0.8,0.63712,-0.02901,0.4,0.518,0.44822,0.49881,0.8
9,3,1.0,0.97812,0.97099,0.741,0.718,0.50722,0.49881,0.859
10,3,1.0,1.0,1.0,1.0,0.918,0.56622,0.49881,0.918
11,,0.8,0.8,0.8,0.8,0.718,0.36622,0.29881,0.718
12,,0.6,0.6,0.6,0.6,0.518,0.16622,0.09881,0.518
13,,0.4,0.4,0.4,0.4,0.318,-0.03378,-0.10119,0.318
14,7,0.6,0.459,0.4,0.459,0.518,0.30722,0.89881,0.659
15,7,0.8,0.518,0.4,0.518,0.718,0.64822,1.0,1.0
16,,0.6,0.318,0.2,0.318,0.518,0.44822,0.8,0.8
17,,0.4,0.118,0.0,0.118,0.318,0.24822,0.6,0.6
18,,0.2,-0.082,-0.2,-0.082,0.118,0.04822,0.4,0.4
19,3,0.4,0.259,0.8,0.259,0.318,0.10722,0.4,0.459
20,3,0.6,0.6,1.0,0.6,0.518,0.16622,0.4,0.518
21,,0.4,0.4,0.8,0.4,0.318,-0.03378,0.2,0.318
22,6,0.459,0.4,0.859,0.6,0.659,0.96622,0.541,0.518
23,6,0.518,0.4,0.918,0.8,1.0,1.0,0.882,0.718
24,,0.318,0.2,0.718,0.6,0.8,0.8,0.682,0.518
25,,0.118,0.0,0.518,0.4,0.6,0.6,0.482,0.318
26,,-0.082,-0.2,0.318,0.2,0.4,0.4,0.282,0.118
27,2,0.259,0.8,0.659,0.4,0.459,0.4,0.341,0.318
28,2,0.6,1.0,1.0,0.6,0.518,0.4,0.4,0.518
29,,0.4,0.8,0.8,0.4,0.318,0.2,0.2,0.318
30,,0.2,0.6,0.6,0.2,0.118,0.0,0.0,0.118
31,,0.0,0.4,0.4,0.0,-0.082,-0.2,-0.2,-0.082
32,6,0.059,0.4,0.459,0.2,0.259,0.8,0.141,0.118
33,6,0.118,0.4,0.518,0.4,0.6,1.0,0.482,0.318
34,,-0.082,0.2,0.318,0.2,0.4,0.8,0.282,0.118
35,1,0.918,0.541,0.518,0.259,0.4,0.859,0.482,0.459
36,1,1.0,0.882,0.718,0.318,0.4,0.918,0.682,0.8
37,,0.8,0.682,0.518,0.118,0.2,0.718,0.482,0.6
38,,0.6,0.482,0.318,-0.082,0.0,0.518,0.282,0.4
39,4,0.659,0.682,0.659,0.918,0.341,0.718,0.341,0.4
40,4,0.718,0.882,1.0,1.0,0.682,0.918,0.4,0.4
41,,0.518,0.682,0.8,0.8,0.482,0.718,0.2,0.2
42,,0.318,0.482,0.6,0.6,0.282,0.518,0.0,0.0
43,,0.118,0.282,0.4,0.4,0.082,0.318,-0.2,-0.2
44,7,0.318,0.341,0.4,0.459,0.282,0.659,0.8,0.141
45,7,0.518,0.4,0.4,0.518,0.482,1.0,1.0,0.482
46,,0.318,0.2,0.2,0.318,0.282,0.8,0.8,0.282
47,,0.118,0.0,0.0,0.118,0.082,0.6,0.6,0.082
48,,-0.082,-0.2,-0.2,-0.082,-0.118,0.4,0.4,-0.118
49,3,0.118,0.141,0.8,0.259,0.082,0.459,0.4,-0.059
50,3,0.318,0.482,1.0,0.6,0.282,0.518,0.4,0.0
51,,0.118,0.282,0.8,0.4,0.082,0.318,0.2,-0.2
52,8,0.459,0.482,0.859,0.4,0.141,0.518,0.541,0.8
53,8,0.8,0.682,0.918,0.4,0.2,0.718,0.882,1.0
54,,0.6,0.482,0.718,0.2,0.0,0.518,0.682,0.8
55,,0.4,0.282,0.518,0.0,-0.2,0.318,0.482,0.6
56,5,0.4,0.341,0.718,0.341,0.8,0.659,0.682,0.659
57,5,0.4,0.4,0.918,0.682,1.0,1.0,0.882,0.718
58,,0.2,0.2,0.718,0.482,0.8,0.8,0.682,0.518
59,,0.0,0.0,0.518,0.282,0.6,0.6,0.482,0.318
60,,-0.2,-0.2,0.318,0.082,0.4,0.4,0.282,0.118
61,2,0.141,0.8,0.659,0.282,0.459,0.4,0.341,0.318
62,2,0.482,1.0,1.0,0.482,0.518,0.4,0.4,0.518
63,,0.282,0.8,0.8,0.282,0.318,0.2,0.2,0.318
64,,0.082,0.6,0.6,0.082,0.118,0.0,0.0,0.118
65,,-0.118,0.4,0.4,-0.118,-0.082,-0.2,-0.2,-0.082
66,6,-0.059,0.4,0.459,0.082,0.259,0.8,0.141,0.118
67,6,0.0,0.4,0.518,0.282,0.6,1.0,0.482,0.318
68,,-0.2,0.2,0.318,0.082,0.4,0.8,0.282,0.118
69,1,0.8,0.541,0.518,0.141,0.4,0.859,0.482,0.459
70,1,1.0,0.882,0.718,0.2,0.4,0.918,0.682,0.8
71,,0.8,0.682,0.518,0.0,0.2,0.718,0.482,0.6
72,,0.6,0.482,0.318,-0.2,0.0,0.518,0.282,0.4
73,4,0.659,0.682,0.659,0.8,0.341,0.718,0.341,0.4
74,4,0.718,0.882,1.0,1.0,0.682,0.918,0.4,0.4
75,,0.518,0.682,0.8,0.8,0.482,0.718,0.2,0.2
76,,0.318,0.482,0.6,0.6,0.282,0.518,0.0,0.0
77,,0.118,0.282,0.4,0.4,0.082,0.318,-0.2,-0.2
78,8,0.459,0.482,0.459,0.4,0.141,0.518,0.141,0.8
79,8,0.8,0.682,0.518,0.4,0.2,0.718,0.482,1.0
80,,0.6,0.482,0.318,0.2,0.0,0.518,0.282,0.8
81,,0.4,0.282,0.118,0.0,-0.2,0.318,0.082,0.6
82,5,0.4,0.341,0.318,0.341,0.8,0.659,0.282,0.659
83,5,0.4,0.4,0.518,0.682,1.0,1.0,0.482,0.718
84,,0.2,0.2,0.318,0.482,0.8,0.8,0.282,0.518
85,,0.0,0.0,0.118,0.282,0.6,0.6,0.082,0.318
86,,-0.2,-0.2,-0.082,0.082,0.4,0.4,-0.118,0.118
87,1,0.8,0.141,0.118,0.141,0.4,0.459,0.082,0.459
88,1,1.0,0.482,0.318,0.2,0.4,0.518,0.282,0.8
89,,0.8,0.282,0.118,0.0,0.2,0.318,0.082,0.6
90,,0.6,0.082,-0.082,-0.2,0.0,0.118,-0.118,0.4
91,4,0.659,0.282,0.259,0.8,0.341,0.318,-0.059,0.4
92,4,0.718,0.482,0.6,1.0,0.682,0.518,0.0,0.4
93,,0.518,0.282,0.4,0.8,0.482,0.318,-0.2,0.2
94,7,0.718,0.341,0.4,0.859,0.682,0.659,0.8,0.541
95,7,0.918,0.4,0.4,0.918,0.882,1.0,1.0,0.882
96,,0.718,0.2,0.2,0.718,0.682,0.8,0.8,0.682
97,,0.518,0.0,0.0,0.518,0.482,0.6,0.6,0.482
98,,0.318,-0.2,-0.2,0.318,0.282,0.4,0.4,0.282
99,2,0.659,0.8,0.141,0.518,0.341,0.4,0.459,0.482
100,2,1.0,1.0,0.482,0.718,0.4,0.4,0.518,0.682
101,,0.8,0.8,0.282,0.518,0.2,0.2,0.318,0.482
102,,0.6,0.6,0.082,0.318,0.0,0.0,0.118,0.282
103,,0.4,0.4,-0.118,0.118,-0.2,-0.2,-0.082,0.082
104,5,0.4,0.459,0.082,0.459,0.8,0.141,0.118,0.141
105,5,0.4,0.518,0.282,0.8,1.0,0.482,0.318,0.2
106,,0.2,0.318,0.082,0.6,0.8,0.282,0.118,0.0
107,,0.0,0.118,-0.118,0.4,0.6,0.082,-0.082,-0.2
108,8,0.341,0.318,-0.059,0.4,0.659,0.282,0.259,0.8
109,8,0.682,0.518,0.0,0.4,0.718,0.482,0.6,1.0
110,,0.482,0.318,-0.2,0.2,0.518,0.282,0.4,0.8
111,3,0.682,0.659,0.8,0.541,0.718,0.341,0.4,0.859
112,3,0.882,1.0,1.0,0.882,0.918,0.4,0.4,0.918
113,,0.682,0.8,0.8,0.682,0.718,0.2,0.2,0.718
114,,0.482,0.6,0.6,0.482,0.518,0.0,0.0,0.518
115,,0.282,0.4,0.4,0.282,0.318,-0.2,-0.2,0.318
116,7,0.482,0.459,0.4,0.341,0.518,0.141,0.8,0.659
117,7,0.682,0.518,0.4,0.4,0.718,0.482,1.0,1.0
118,,0.482,0.318,0.2,0.2,0.518,0.282,0.8,0.8
119,,0.282,0.118,0.0,0.0,0.318,0.082,0.6,0.6
120,,0.082,-0.082,-0.2,-0.2,0.118,-0.118,0.4,0.4
121,4,0.141,0.118,0.141,0.8,0.459,0.082,0.459,0.4
122,4,0.2,0.318,0.482,1.0,0.8,0.282,0.518,0.4
123,,0.0,0.118,0.282,0.8,0.6,0.082,0.318,0.2
124,,-0.2,-0.082,0.082,0.6,0.4,-0.118,0.118,0.0
125,1,0.8,0.259,0.282,0.659,0.4,-0.059,0.318,0.341
126,1,1.0,0.6,0.482,0.718,0.4,0.0,0.518,0.682
127,,0.8,0.4,0.282,0.518,0.2,-0.2,0.318,0.482
128,6,0.859,0.4,0.341,0.718,0.541,0.8,0.659,0.682
129,6,0.918,0.4,0.4,0.918,0.882,1.0,1.0,0.882
130,,0.718,0.2,0.2,0.718,0.682,0.8,0.8,0.682
131,,0.518,0.0,0.0,0.518,0.482,0.6,0.6,0.482
132,,0.318,-0.2,-0.2,0.318,0.282,0.4,0.4,0.282
133,3,0.518,0.141,0.8,0.659,0.482,0.459,0.4,0.341
134,3,0.718,0.482,1.0,1.0,0.682,0.518,0.4,0.4
135,,0.518,0.282,0.8,0.8,0.482,0.318,0.2,0.2
136,,0.318,0.082,0.6,0.6,0.282,0.118,0.0,0.0
137,,0.118,-0.118,0.4,0.4,0.082,-0.082,-0.2,-0.2
138,8,0.459,0.082,0.459,0.4,0.141,0.118,0.141,0.8
139,8,0.8,0.282,0.518,0.4,0.2,0.318,0.482,1.0
140,,0.6,0.082,0.318,0.2,0.0,0.118,0.282,0.8
141,,0.4,-0.118,0.118,0.0,-0.2,-0.082,0.082,0.6
142,5,0.4,-0.059,0.318,0.341,0.8,0.259,0.282,0.659
143,5,0.4,0.0,0.518,0.682,1.0,0.6,0.482,0.718
144,,0.2,-0.2,0.318,0.482,0.8,0.4,0.282,0.518
145,2,0.541,0.8,0.659,0.682,0.859,0.4,0.341,0.718
146,2,0.882,1.0,1.0,0.882,0.918,0.4,0.4,0.918
147,,0.682,0.8,0.8,0.682,0.718,0.2,0.2,0.718
148,,0.482,0.6,0.6,0.482,0.518,0.0,0.0,0.518
149,,0.282,0.4,0.4,0.282,0.318,-0.2,-0.2,0.318
150,7,0.482,0.459,0.4,0.341,0.518,0.141,0.8,0.659
151,7,0.682,0.518,0.4,0.4,0.718,0.482,1.0,1.0
152,,0.482,0.318,0.2,0.2,0.518,0.282,0.8,0.8
153,,0.282,0.118,0.0,0.0,0.318,0.082,0.6,0.6
154,,0.082,-0.082,-0.2,-0.2,0.118,-0.118,0.4,0.4
155,4,0.141,0.118,0.141,0.8,0.459,0.082,0.459,0.4
156,4,0.2,0.318,0.482,1.0,0.8,0.282,0.518,0.4
157,,0.0,0.118,0.282,0.8,0.6,0.082,0.318,0.2
158,,-0.2,-0.082,0.082,0.6,0.4,-0.118,0.118,0.0
159,1,0.8,0.259,0.282,0.659,0.4,-0.059,0.318,0.341
160,1,1.0,0.6,0.482,0.718,0.4,0.0,0.518,0.682
161,,0.8,0.4,0.282,0.518,0.2,-0.2,0.318,0.482
162,6,0.859,0.4,0.341,0.718,0.541,0.8,0.659,0.682
163,6,0.918,0.4,0.4,0.918,0.882,1.0,1.0,0.882
164,,0.718,0.2,0.2,0.718,0.682,0.8,0.8,0.682
165,,0.518,0.0,0.0,0.518,0.482,0.6,0.6,0.482
166,,0.318,-0.2,-0.2,0.318,0.282,0.4,0.4,0.282
167,3,0.518,0.141,0.8,0.659,0.482,0.459,0.4,0.341
168,3,0.718,0.482,1.0,1.0,0.682,0.518,0.4,0.4
169,,0.518,0.282,0.8,0.8,0.482,0.318,0.2,0.2
170,,0.318,0.082,0.6,0.6,0.282,0.118,0.0,0.0
171,,0.118,-0.118,0.4,0.4,0.082,-0.082,-0.2,-0.2
172,8,0.459,0.082,0.459,0.4,0.141,0.118,0.141,0.8
173,8,0.8,0.282,0.518,0.4,0.2,0.318,0.482,1.0
174,,0.6,0.082,0.318,0.2,0.0,0.118,0.282,0.8
175,,0.4,-0.118,0.118,0.0,-0.2,-0.082,0.082,0.6
176,5,0.4,-0.059,0.318,0.341,0.8,0.259,0.282,0.659
177,5,0.4,0.0,0.518,0.682,1.0,0.6,0.482,0.718
178,,0.2,-0.2,0.318,0.482,0.8,0.4,0.282,0.518
179,2,0.541,0.8,0.659,0.682,0.859,0.4,0.341,0.718
180,2,0.882,1.0,1.0,0.882,0.918,0.4,0.4,0.918
181,,0.682,0.8,0.8,0.682,0.718,0.2,0.2,0.718
182,,0.482,0.6,0.6,0.482,0.518,0.0,0.0,0.518
183,,0.282,0.4,0.4,0.282,0.318,-0.2,-0.2,0.318
184,7,0.482,0.459,0.4,0.341,0.518,0.141,0.8,0.659
185,7,0.682,0.518,0.4,0.4,0.718,0.482,1.0,1.0
186,,0.482,0.318,0.2,0.2,0.518,0.282,0.8,0.8
187,,0.282,0.118,0.0,0.0,0.318,0.082,0.6,0.6
188,,0.082,-0.082,-0.2,-0.2,0.118,-0.118,0.4,0.4
189,3,0.282,0.259,0.8,0.141,0.318,-0.059,0.4,0.459
190,3,0.482,0.6,1.0,0.482,0.518,0.0,0.4,0.518
191,,0.282,0.4,0.8,0.282,0.318,-0.2,0.2,0.318
192,6,0.341,0.4,0.859,0.482,0.659,0.8,0.541,0.518
193,6,0.4,0.4,0.918,0.682,1.0,1.0,0.882,0.718
194,,0.2,0.2,0.718,0.482,0.8,0.8,0.682,0.518
195,,0.0,0.0,0.518,0.282,0.6,0.6,0.482,0.318
196,,-0.2,-0.2,0.318,0.082,0.4,0.4,0.282,0.118
197,2,0.141,0.8,0.659,0.282,0.459,0.4,0.341,0.318
198,2,0.482,1.0,1.0,0.482,0.518,0.4,0.4,0.518
199,,0.282,0.8,0.8,0.282,0.318,0.2,0.2,0.318
200,,0.082,0.6,0.6,0.082,0.118,0.0,0.0,0.118
201,,-0.118,0.4,0.4,-0.118,-0.082,-0.2,-0.2,-0.082
202,7,0.082,0.459,0.4,-0.059,0.118,0.141,0.8,0.259
203,7,0.282,0.518,0.4,0.0,0.318,0.482,1.0,0.6
204,,0.082,0.318,0.2,-0.2,0.118,0.282,0.8,0.4
205,4,0.141,0.518,0.541,0.8,0.459,0.482,0.859,0.4
206,4,0.2,0.718,0.882,1.0,0.8,0.682,0.918,0.4
207,,0.0,0.518,0.682,0.8,0.6,0.482,0.718,0.2
208,,-0.2,0.318,0.482,0.6,0.4,0.282,0.518,0.0
209,1,0.8,0.659,0.682,0.659,0.4,0.341,0.718,0.341
210,1,1.0,1.0,0.882,0.718,0.4,0.4,0.918,0.682
211,,0.8,0.8,0.682,0.518,0.2,0.2,0.718,0.482
212,,0.6,0.6,0.482,0.318,0.0,0.0,0.518,0.282
213,,0.4,0.4,0.282,0.118,-0.2,-0.2,0.318,0.082
214,6,0.459,0.4,0.341,0.318,0.141,0.8,0.659,0.282
215,6,0.518,0.4,0.4,0.518,0.482,1.0,1.0,0.482
216,,0.318,0.2,0.2,0.318,0.282,0.8,0.8,0.282
217,,0.118,0.0,0.0,0.118,0.082,0.6,0.6,0.082
218,,-0.082,-0.2,-0.2,-0.082,-0.118,0.4,0.4,-0.118
219,3,0.118,0.141,0.8,0.259,0.082,0.459,0.4,-0.059
220,3,0.318,0.482,1.0,0.6,0.282,0.518,0.4,0.0
221,,0.118,0.282,0.8,0.4,0.082,0.318,0.2,-0.2
222,8,0.459,0.482,0.859,0.4,0.141,0.518,0.541,0.8
223,8,0.8,0.682,0.918,0.4,0.2,0.718,0.882,1.0
224,,0.6,0.482,0.718,0.2,0.0,0.518,0.682,0.8
225,,0.4,0.282,0.518,0.0,-0.2,0.318,0.482,0.6
226,5,0.4,0.341,0.718,0.341,0.8,0.659,0.682,0.659
227,5,0.4,0.4,0.918,0.682,1.0,1.0,0.882,0.718
228,,0.2,0.2,0.718,0.482,0.8,0.8,0.682,0.518
229,,0.0,0.0,0.518,0.282,0.6,0.6,0.482,0.318
230,,-0.2,-0.2,0.318,0.082,0.4,0.4,0.282,0.118
231,2,0.141,0.8,0.659,0.282,0.459,0.4,0.341,0.318
232,2,0.482,1.0,1.0,0.482,0.518,0.4,0.4,0.518
233,,0.282,0.8,0.8,0.282,0.318,0.2,0.2,0.318
234,,0.082,0.6,0.6,0.082,0.118,0.0,0.0,0.118
235,,-0.118,0.4,0.4,-0.118,-0.082,-0.2,-0.2,-0.082
236,7,0.082,0.459,0.4,-0.059,0.118,0.141,0.8,0.259
237,7,0.282,0.518,0.4,0.0,0.318,0.482,1.0,0.6
238,,0.082,0.318,0.2,-0.2,0.118,0.282,0.8,0.4
239,4,0.141,0.518,0.541,0.8,0.459,0.482,0.859,0.4
240,4,0.2,0.718,0.882,1.0,0.8,0.682,0.918,0.4
241,,0.0,0.518,0.682,0.8,0.6,0.482,0.718,0.2
242,,-0.2,0.318,0.482,0.6,0.4,0.282,0.518,0.0
243,1,0.8,0.659,0.682,0.659,0.4,0.341,0.718,0.341
244,1,1.0,1.0,0.882,0.718,0.4,0.4,0.918,0.682
245,,0.8,0.8,0.682,0.518,0.2,0.2,0.718,0.482
246,,0.6,0.6,0.482,0.318,0.0,0.0,0.518,0.282
247,,0.4,0.4,0.282,0.118,-0.2,-0.2,0.318,0.082
248,6,0.459,0.4,0.341,0.318,0.141,0.8,0.659,0.282
249,6,0.518,0.4,0.4,0.518,0.482,1.0,1.0,0.482
250,,0.318,0.2,0.2,0.318,0.282,0.8,0.8,0.282
251,,0.118,0.0,0.0,0.118,0.082,0.6,0.6,0.082
252,,-0.082,-0.2,-0.2,-0.082,-0.118,0.4,0.4,-0.118
253,3,0.118,0.141,0.8,0.259,0.082,0.459,0.4,-0.059
254,3,0.318,0.482,1.0,0.6,0.282,0.518,0.4,0.0
255,,0.118,0.282,0.8,0.4,0.082,0.318,0.2,-0.2
256,8,0.459,0.482,0.859,0.4,0.141,0.518,0.541,0.8
257,8,0.8,0.682,0.918,0.4,0.2,0.718,0.882,1.0
258,,0.6,0.482,0.718,0.2,0.0,0.518,0.682,0.8
259,,0.4,0.282,0.518,0.0,-0.2,0.318,0.482,0.6
260,5,0.4,0.341,0.718,0.341,0.8,0.659,0.682,0.659
261,5,0.4,0.4,0.918,0.682,1.0,1.0,0.882,0.718
262,,0.2,0.2,0.718,0.482,0.8,0.8,0.682,0.518
263,,0.0,0.0,0.518,0.282,0.6,0.6,0.482,0.318
264,,-0.2,-0.2,0.318,0.082,0.4,0.4,0.282,0.118
265,2,0.141,0.8,0.659,0.282,0.459,0.4,0.341,0.318
266,2,0.482,1.0,1.0,0.482,0.518,0.4,0.4,0.518
267,,0.282,0.8,0.8,0.282,0.318,0.2,0.2,0.318
268,,0.082,0.6,0.6,0.082,0.118,0.0,0.0,0.118
269,,-0.118,0.4,0.4,-0.118,-0.082,-0.2,-0.2,-0.082
270,7,0.082,0.459,0.4,-0.059,0.118,0.141,0.8,0.259
271,7,0.282,0.518,0.4,0.0,0.318,0.482,1.0,0.6
272,,0.082,0.318,0.2,-0.2,0.118,0.282,0.8,0.4
273,4,0.141,0.518,0.541,0.8,0.459,0.482,0.859,0.4
274,4,0.2,0.718,0.882,1.0,0.8,0.682,0.918,0.4
275,,0.0,0.518,0.682,0.8,0.6,0.482,0.718,0.2
276,,-0.2,0.318,0.482,0.6,0.4,0.282,0.518,0.0
277,1,0.8,0.659,0.682,0.659,0.4,0.341,0.718,0.341
278,1,1.0,1.0,0.882,0.718,0.4,0.4,0.918,0.682
279,,0.8,0.8,0.682,0.518,0.2,0.2,0.718,0.482
280,,0.6,0.6,0.482,0.318,0.0,0.0,0.518,0.282
281,,0.4,0.4,0.282,0.118,-0.2,-0.2,0.318,0.082
282,6,0.459,0.4,0.341,0.318,0.141,0.8,0.659,0.282
283,6,0.518,0.4,0.4,0.518,0.482,1.0,1.0,0.482
284,,0.318,0.2,0.2,0.318,0.282,0.8,0.8,0.282
285,,0.118,0.0,0.0,0.118,0.082,0.6,0.6,0.082
286,,-0.082,-0.2,-0.2,-0.082,-0.118,0.4,0.4,-0.118
287,2,0.259,0.8,0.141,0.118,-0.059,0.4,0.459,0.082
288,2,0.6,1.0,0.482,0.318,0.0,0.4,0.518,0.282
289,,0.4,0.8,0.282,0.118,-0.2,0.2,0.318,0.082
290,5,0.4,0.859,0.482,0.459,0.8,0.541,0.518,0.141
291,5,0.4,0.918,0.682,0.8,1.0,0.882,0.718,0.2
292,,0.2,0.718,0.482,0.6,0.8,0.682,0.518,0.0
293,,0.0,0.518,0.282,0.4,0.6,0.482,0.318,-0.2
294,8,0.341,0.718,0.341,0.4,0.659,0.682,0.659,0.8
295,8,0.682,0.918,0.4,0.4,0.718,0.882,1.0,1.0
296,,0.482,0.718,0.2,0.2,0.518,0.682,0.8,0.8
297,,0.282,0.518,0.0,0.0,0.318,0.482,0.6,0.6
298,,0.082,0.318,-0.2,-0.2,0.118,0.282,0.4,0.4
299,3,0.282,0.659,0.8,0.141,0.318,0.341,0.4,0.459
300,3,0.482,1.0,1.0,0.482,0.518,0.4,0.4,0.518
301,,0.282,0.8,0.8,0.282,0.318,0.2,0.2,0.318
302,,0.082,0.6,0.6,0.082,0.118,0.0,0.0,0.118
303,,-0.118,0.4,0.4,-0.118,-0.082,-0.2,-0.2,-0.082
304,7,0.082,0.459,0.4,-0.059,0.118,0.141,0.8,0.259
305,7,0.282,0.518,0.4,0.0,0.318,0.482,1.0,0.6
306,,0.082,0.318,0.2,-0.2,0.118,0.282,0.8,0.4
307,4,0.141,0.518,0.541,0.8,0.459,0.482,0.859,0.4
308,4,0.2,0.718,0.882,1.0,0.8,0.682,0.918,0.4
309,,0.0,0.518,0.682,0.8,0.6,0.482,0.718,0.2
310,,-0.2,0.318,0.482,0.6,0.4,0.282,0.518,0.0
311,1,0.8,0.659,0.682,0.659,0.4,0.341,0.718,0.341
312,1,1.0,1.0,0.882,0.718,0.4,0.4,0.918,0.682
313,,0.8,0.8,0.682,0.518,0.2,0.2,0.718,0.482
314,,0.6,0.6,0.482,0.318,0.0,0.0,0.518,0.282
315,,0.4,0.4,0.282,0.118,-0.2,-0.2,0.318,0.082
316,6,0.459,0.4,0.341,0.318,0.141,0.8,0.659,0.282
317,6,0.518,0.4,0.4,0.518,0.482,1.0,1.0,0.482
318,,0.318,0.2,0.2,0.318,0.282,0.8,0.8,0.282
319,,0.118,0.0,0.0,0.118,0.082,0.6,0.6,0.082
320,,-0.082,-0.2,-0.2,-0.082,-0.118,0.4,0.4,-0.118
321,2,0.259,0.8,0.141,0.118,-0.059,0.4,0.459,0.082
322,2,0.6,1.0,0.482,0.318,0.0,0.4,0.518,0.282
323,,0.4,0.8,0.282,0.118,-0.2,0.2,0.318,0.082
324,5,0.4,0.859,0.482,0.459,0.8,0.541,0.518,0.141
325,5,0.4,0.918,0.682,0.8,1.0,0.882,0.718,0.2
326,,0.2,0.718,0.482,0.6,0.8,0.682,0.518,0.0
327,,0.0,0.518,0.282,0.4,0.6,0.482,0.318,-0.2
328,8,0.341,0.718,0.341,0.4,0.659,0.682,0.659,0.8
329,8,0.682,0.918,0.4,0.4,0.718,0.882,1.0,1.0
330,,0.482,0.718,0.2,0.2,0.518,0.682,0.8,0.8
331,,0.282,0.518,0.0,0.0,0.318,0.482,0.6,0.6
332,,0.082,0.318,-0.2,-0.2,0.118,0.282,0.4,0.4
333,4,0.141,0.518,0.141,0.8,0.459,0.482,0.459,0.4
334,4,0.2,0.718,0.482,1.0,0.8,0.682,0.518,0.4
335,,0.0,0.518,0.282,0.8,0.6,0.482,0.318,0.2
336,,-0.2,0.318,0.082,0.6,0.4,0.282,0.118,0.0
337,1,0.8,0.659,0.282,0.659,0.4,0.341,0.318,0.341
338,1,1.0,1.0,0.482,0.718,0.4,0.4,0.518,0.682
339,,0.8,0.8,0.282,0.518,0.2,0.2,0.318,0.482
340,,0.6,0.6,0.082,0.318,0.0,0.0,0.118,0.282
341,,0.4,0.4,-0.118,0.118,-0.2,-0.2,-0.082,0.082
342,5,0.4,0.459,0.082,0.459,0.8,0.141,0.118,0.141
343,5,0.4,0.518,0.282,0.8,1.0,0.482,0.318,0.2
344,,0.2,0.318,0.082,0.6,0.8,0.282,0.118,0.0
345,,0.0,0.118,-0.118,0.4,0.6,0.082,-0.082,-0.2
346,8,0.341,0.318,-0.059,0.4,0.659,0.282,0.259,0.8
347,8,0.682,0.518,0.0,0.4,0.718,0.482,0.6,1.0
348,,0.482,0.318,-0.2,0.2,0.518,0.282,0.4,0.8
349,3,0.682,0.659,0.8,0.541,0.718,0.341,0.4,0.859
350,3,0.882,1.0,1.0,0.882,0.918,0.4,0.4,0.918
351,,0.682,0.8,0.8,0.682,0.718,0.2,0.2,0.718
352,,0.482,0.6,0.6,0.482,0.518,0.0,0.0,0.518
353,,0.282,0.4,0.4,0.282,0.318,-0.2,-0.2,0.318
354,6,0.341,0.4,0.459,0.482,0.659,0.8,0.141,0.518
355,6,0.4,0.4,0.518,0.682,1.0,1.0,0.482,0.718
356,,0.2,0.2,0.318,0.482,0.8,0.8,0.282,0.518
357,,0.0,0.0,0.118,0.282,0.6,0.6,0.082,0.318
358,,-0.2,-0.2,-0.082,0.082,0.4,0.4,-0.118,0.118
359,1,0.8,0.141,0.118,0.141,0.4,0.459,0.082,0.459
360,1,1.0,0.482,0.318,0.2,0.4,0.518,0.282,0.8
361,,0.8,0.282,0.118,0.0,0.2,0.318,0.082,0.6
362,,0.6,0.082,-0.082,-0.2,0.0,0.118,-0.118,0.4
363,4,0.659,0.282,0.259,0.8,0.341,0.318,-0.059,0.4
364,4,0.718,0.482,0.6,1.0,0.682,0.518,0.0,0.4
365,,0.518,0.282,0.4,0.8,0.482,0.318,-0.2,0.2
366,7,0.718,0.341,0.4,0.859,0.682,0.659,0.8,0.541
367,7,0.918,0.4,0.4,0.918,0.882,1.0,1.0,0.882
368,,0.718,0.2,0.2,0.718,0.682,0.8,0.8,0.682
369,,0.518,0.0,0.0,0.518,0.482,0.6,0.6,0.482
370,,0.318,-0.2,-0.2,0.318,0.282,0.4,0.4,0.282
371,2,0.659,0.8,0.141,0.518,0.341,0.4,0.459,0.482
372,2,1.0,1.0,0.482,0.718,0.4,0.4,0.518,0.682
373,,0.8,0.8,0.282,0.518,0.2,0.2,0.318,0.482
374,,0.6,0.6,0.082,0.318,0.0,0.0,0.118,0.282
375,,0.4,0.4,-0.118,0.118,-0.2,-0.2,-0.082,0.082
376,5,0.4,0.459,0.082,0.459,0.8,0.141,0.118,0.141
377,5,0.4,0.518,0.282,0.8,1.0,0.482,0.318,0.2
378,,0.2,0.318,0.082,0.6,0.8,0.282,0.118,0.0
379,,0.0,0.118,-0.118,0.4,0.6,0.082,-0.082,-0.2
380,8,0.341,0.318,-0.059,0.4,0.659,0.282,0.259,0.8
381,8,0.682,0.518,0.0,0.4,0.718,0.482,0.6,1.0
382,,0.482,0.318,-0.2,0.2,0.518,0.282,0.4,0.8
383,3,0.682,0.659,0.8,0.541,0.718,0.341,0.4,0.859
384,3,0.882,1.0,1.0,0.882,0.918,0.4,0.4,0.918
385,,0.682,0.8,0.8,0.682,0.718,0.2,0.2,0.718
386,,0.482,0.6,0.6,0.482,0.518,0.0,0.0,0.518
387,,0.282,0.4,0.4,0.282,0.318,-0.2,-0.2,0.318
388,7,0.482,0.459,0.4,0.341,0.518,0.141,0.8,0.659
389,7,0.682,0.518,0.4,0.4,0.718,0.482,1.0,1.0
390,,0.482,0.318,0.2,0.2,0.518,0.282,0.8,0.8
391,,0.282,0.118,0.0,0.0,0.318,0.082,0.6,0.6
392,,0.082,-0.082,-0.2,-0.2,0.118,-0.118,0.4,0.4
393,3,0.282,0.259,0.8,0.141,0.318,-0.059,0.4,0.459
394,3,0.482,0.6,1.0,0.482,0.518,0.0,0.4,0.518
395,,0.282,0.4,0.8,0.282,0.318,-0.2,0.2,0.318
396,6,0.341,0.4,0.859,0.482,0.659,0.8,0.541,0.518
397,6,0.4,0.4,0.918,0.682,1.0,1.0,0.882,0.718
398,,0.2,0.2,0.718,0.482,0.8,0.8,0.682,0.518
399,,0.0,0.0,0.518,0.282,0.6,0.6,0.482,0.318
400,,-0.2,-0.2,0.318,0.082,0.4,0.4,0.282,0.118
401,2,0.141,0.8,0.659,0.282,0.459,0.4,0.341,0.318
402,2,0.482,1.0,1.0,0.482,0.518,0.4,0.4,0.518
403,,0.282,0.8,0.8,0.282,0.318,0.2,0.2,0.318
404,,0.082,0.6,0.6,0.082,0.118,0.0,0.0,0.118
405,,-0.118,0.4,0.4,-0.118,-0.082,-0.2,-0.2,-0.082
406,7,0.082,0.459,0.4,-0.059,0.118,0.141,0.8,0.259
407,7,0.282,0.518,0.4,0.0,0.318,0.482,1.0,0.6
408,,0.082,0.318,0.2,-0.2,0.118,0.282,0.8,0.4
409,4,0.141,0.518,0.541,0.8,0.459,0.482,0.859,0.4
410,4,0.2,0.718,0.882,1.0,0.8,0.682,0.918,0.4
411,,0.0,0.518,0.682,0.8,0.6,0.482,0.718,0.2
412,,-0.2,0.318,0.482,0.6,0.4,0.282,0.518,0.0
413,1,0.8,0.659,0.682,0.659,0.4,0.341,0.718,0.341
414,1,1.0,1.0,0.882,0.718,0.4,0.4,0.918,0.682
415,,0.8,0.8,0.682,0.518,0.2,0.2,0.718,0.482
416,,0.6,0.6,0.482,0.318,0.0,0.0,0.518,0.282
417,,0.4,0.4,0.282,0.118,-0.2,-0.2,0.318,0.082
418,5,0.4,0.459,0.482,0.459,0.8,0.141,0.518,0.141
419,5,0.4,0.518,0.682,0.8,1.0,0.482,0.718,0.2
420,,0.2,0.318,0.482,0.6,0.8,0.282,0.518,0.0
421,,0.0,0.118,0.282,0.4,0.6,0.082,0.318,-0.2
422,8,0.341,0.318,0.341,0.4,0.659,0.282,0.659,0.8
423,8,0.682,0.518,0.4,0.4,0.718,0.482,1.0,1.0
424,,0.482,0.318,0.2,0.2,0.518,0.282,0.8,0.8
425,,0.282,0.118,0.0,0.0,0.318,0.082,0.6,0.6
426,,0.082,-0.082,-0.2,-0.2,0.118,-0.118,0.4,0.4
427,3,0.282,0.259,0.8,0.141,0.318,-0.059,0.4,0.459
428,3,0.482,0.6,1.0,0.482,0.518,0.0,0.4,0.518
429,,0.282,0.4,0.8,0.282,0.318,-0.2,0.2,0.318
430,6,0.341,0.4,0.859,0.482,0.659,0.8,0.541,0.518
431,6,0.4,0.4,0.918,0.682,1.0,1.0,0.882,0.718
432,,0.2,0.2,0.718,0.482,0.8,0.8,0.682,0.518
433,,0.0,0.0,0.518,0.282,0.6,0.6,0.482,0.318
434,,-0.2,-0.2,0.318,0.082,0.4,0.4,0.282,0.118
435,2,0.141,0.8,0.659,0.282,0.459,0.4,0.341,0.318
436,2,0.482,1.0,1.0,0.482,0.518,0.4,0.4,0.518
437,,0.282,0.8,0.8,0.282,0.318,0.2,0.2,0.318
438,,0.082,0.6,0.6,0.082,0.118,0.0,0.0,0.118
439,,-0.118,0.4,0.4,-0.118,-0.082,-0.2,-0.2,-0.082
440,6,-0.059,0.4,0.459,0.082,0.259,0.8,0.141,0.118
441,6,0.0,0.4,0.518,0.282,0.6,1.0,0.482,0.318
442,,-0.2,0.2,0.318,0.082,0.4,0.8,0.282,0.118
443,1,0.8,0.541,0.518,0.141,0.4,0.859,0.482,0.459
444,1,1.0,0.882,0.718,0.2,0.4,0.918,0.682,0.8
445,,0.8,0.682,0.518,0.0,0.2,0.718,0.482,0.6
446,,0.6,0.482,0.318,-0.2,0.0,0.518,0.282,0.4
447,4,0.659,0.682,0.659,0.8,0.341,0.718,0.341,0.4
448,4,0.718,0.882,1.0,1.0,0.682,0.918,0.4,0.4
449,,0.518,0.682,0.8,0.8,0.482,0.718,0.2,0.2
450,,0.318,0.482,0.6,0.6,0.282,0.518,0.0,0.0
451,,0.118,0.282,0.4,0.4,0.082,0.318,-0.2,-0.2
452,7,0.318,0.341,0.4,0.459,0.282,0.659,0.8,0.141
453,7,0.518,0.4,0.4,0.518,0.482,1.0,1.0,0.482
454,,0.318,0.2,0.2,0.318,0.282,0.8,0.8,0.282
455,,0.118,0.0,0.0,0.118,0.082,0.6,0.6,0.082
456,,-0.082,-0.2,-0.2,-0.082,-0.118,0.4,0.4,-0.118
457,3,0.118,0.141,0.8,0.259,0.082,0.459,0.4,-0.059
458,3,0.318,0.482,1.0,0.6,0.282,0.518,0.4,0.0
459,,0.118,0.282,0.8,0.4,0.082,0.318,0.2,-0.2
460,8,0.459,0.482,0.859,0.4,0.141,0.518,0.541,0.8
461,8,0.8,0.682,0.918,0.4,0.2,0.718,0.882,1.0
462,,0.6,0.482,0.718,0.2,0.0,0.518,0.682,0.8
463,,0.4,0.282,0.518,0.0,-0.2,0.318,0.482,0.6
464,5,0.4,0.341,0.718,0.341,0.8,0.659,0.682,0.659
465,5,0.4,0.4,0.918,0.682,1.0,1.0,0.882,0.718
466,,0.2,0.2,0.718,0.482,0.8,0.8,0.682,0.518
467,,0.0,0.0,0.518,0.282,0.6,0.6,0.482,0.318
468,,-0.2,-0.2,0.318,0.082,0.4,0.4,0.282,0.118
469,2,0.141,0.8,0.659,0.282,0.459,0.4,0.341,0.318
470,2,0.482,1.0,1.0,0.482,0.518,0.4,0.4,0.518
471,,0.282,0.8,0.8,0.282,0.318,0.2,0.2,0.318
472,,0.082,0.6,0.6,0.082,0.118,0.0,0.0,0.118
473,,-0.118,0.4,0.4,-0.118,-0.082,-0.2,-0.2,-0.082
474,6,-0.059,0.4,0.459,0.082,0.259,0.8,0.141,0.118
475,6,0.0,0.4,0.518,0.282,0.6,1.0,0.482,0.318
476,,-0.2,0.2,0.318,0.082,0.4,0.8,0.282,0.118
477,1,0.8,0.541,0.518,0.141,0.4,0.859,0.482,0.459
478,1,1.0,0.882,0.718,0.2,0.4,0.918,0.682,0.8
479,,0.8,0.682,0.518,0.0,0.2,0.718,0.482,0.6
480,,0.6,0.482,0.318,-0.2,0.0,0.518,0.282,0.4
481,4,0.659,0.682,0.659,0.8,0.341,0.718,0.341,0.4
482,4,0.718,0.882,1.0,1.0,0.682,0.918,0.4,0.4
483,,0.518,0.682,0.8,0.8,0.482,0.718,0.2,0.2
484,,0.318,0.482,0.6,0.6,0.282,0.518,0.0,0.0
485,,0.118,0.282,0.4,0.4,0.082,0.318,-0.2,-0.2
486,8,0.459,0.482,0.459,0.4,0.141,0.518,0.141,0.8
487,8,0.8,0.682,0.518,0.4,0.2,0.718,0.482,1.0
488,,0.6,0.482,0.318,0.2,0.0,0.518,0.282,0.8
489,,0.4,0.282,0.118,0.0,-0.2,0.318,0.082,0.6
490,5,0.4,0.341,0.318,0.341,0.8,0.659,0.282,0.659
491,5,0.4,0.4,0.518,0.682,1.0,1.0,0.482,0.718
492,,0.2,0.2,0.318,0.482,0.8,0.8,0.282,0.518
493,,0.0,0.0,0.118,0.282,0.6,0.6,0.082,0.318
494,,-0.2,-0.2,-0.082,0.082,0.4,0.4,-0.118,0.118
495,1,0.8,0.141,0.118,0.141,0.4,0.459,0.082,0.459
496,1,1.0,0.482,0.318,0.2,0.4,0.518,0.282,0.8
497,,0.8,0.282,0.118,0.0,0.2,0.318,0.082,0.6
498,,0.6,0.082,-0.082,-0.2,0.0,0.118,-0.118,0.4
499,4,0.659,0.282,0.259,0.8,0.341,0.318,-0.059,0.4
500,4,0.718,0.482,0.6,1.0,0.682,0.518,0.0,0.4
501,,0.518,0.282,0.4,0.8,0.482,0.318,-0.2,0.2
502,7,0.718,0.341,0.4,0.859,0.682,0.659,0.8,0.541
503,7,0.918,0.4,0.4,0.918,0.882,1.0,1.0,0.882
504,,0.718,0.2,0.2,0.718,0.682,0.8,0.8,0.682
505,,0.518,0.0,0.0,0.518,0.482,0.6,0.6,0.482
506,,0.318,-0.2,-0.2,0.318,0.282,0.4,0.4,0.282
507,2,0.659,0.8,0.141,0.518,0.341,0.4,0.459,0.482
508,2,1.0,1.0,0.482,0.718,0.4,0.4,0.518,0.682
509,,0.8,0.8,0.282,0.518,0.2,0.2,0.318,0.482
510,,0.6,0.6,0.082,0.318,0.0,0.0,0.118,0.282
511,,0.4,0.4,-0.118,0.118,-0.2,-0.2,-0.082,0.082
512,5,0.4,0.459,0.082,0.459,0.8,0.141,0.118,0.141
513,5,0.4,0.518,0.282,0.8,1.0,0.482,0.318,0.2
514,,0.2,0.318,0.082,0.6,0.8,0.282,0.118,0.0
515,,0.0,0.118,-0.118,0.4,0.6,0.082,-0.082,-0.2
516,8,0.341,0.318,-0.059,0.4,0.659,0.282,0.259,0.8
517,8,0.682,0.518,0.0,0.4,0.718,0.482,0.6,1.0
518,,0.482,0.318,-0.2,0.2,0.518,0.282,0.4,0.8
519,3,0.682,0.659,0.8,0.541,0.718,0.341,0.4,0.859
520,3,0.882,1.0,1.0,0.882,0.918,0.4,0.4,0.918
521,,0.682,0.8,0.8,0.682,0.718,0.2,0.2,0.718
522,,0.482,0.6,0.6,0.482,0.518,0.0,0.0,0.518
523,,0.282,0.4,0.4,0.282,0.318,-0.2,-0.2,0.318
524,7,0.482,0.459,0.4,0.341,0.518,0.141,0.8,0.659
525,7,0.682,0.518,0.4,0.4,0.718,0.482,1.0,1.0
526,,0.482,0.318,0.2,0.2,0.518,0.282,0.8,0.8
527,,0.282,0.118,0.0,0.0,0.318,0.082,0.6,0.6
528,,0.082,-0.082,-0.2,-0.2,0.118,-0.118,0.4,0.4
529,4,0.141,0.118,0.141,0.8,0.459,0.082,0.459,0.4
530,4,0.2,0.318,0.482,1.0,0.8,0.282,0.518,0.4
531,,0.0,0.118,0.282,0.8,0.6,0.082,0.318,0.2
532,,-0.2,-0.082,0.082,0.6,0.4,-0.118,0.118,0.0
533,1,0.8,0.259,0.282,0.659,0.4,-0.059,0.318,0.341
534,1,1.0,0.6,0.482,0.718,0.4,0.0,0.518,0.682
535,,0.8,0.4,0.282,0.518,0.2,-0.2,0.318,0.482
536,6,0.859,0.4,0.341,0.718,0.541,0.8,0.659,0.682
537,6,0.918,0.4,0.4,0.918,0.882,1.0,1.0,0.882
538,,0.718,0.2,0.2,0.718,0.682,0.8,0.8,0.682
539,,0.518,0.0,0.0,0.518,0.482,0.6,0.6,0.482
540,,0.318,-0.2,-0.2,0.318,0.282,0.4,0.4,0.282
541,3,0.518,0.141,0.8,0.659,0.482,0.459,0.4,0.341
542,3,0.718,0.482,1.0,1.0,0.682,0.518,0.4,0.4
543,,0.518,0.282,0.8,0.8,0.482,0.318,0.2,0.2
544,,0.318,0.082,0.6,0.6,0.282,0.118,0.0,0.0
545,,0.118,-0.118,0.4,0.4,0.082,-0.082,-0.2,-0.2
546,8,0.459,0.082,0.459,0.4,0.141,0.118,0.141,0.8
547,8,0.8,0.282,0.518,0.4,0.2,0.318,0.482,1.0
548,,0.6,0.082,0.318,0.2,0.0,0.118,0.282,0.8
549,,0.4,-0.118,0.118,0.0,-0.2,-0.082,0.082,0.6
550,5,0.4,-0.059,0.318,0.341,0.8,0.259,0.282,0.659
551,5,0.4,0.0,0.518,0.682,1.0,0.6,0.482,0.718
552,,0.2,-0.2,0.318,0.482,0.8,0.4,0.282,0.518
553,2,0.541,0.8,0.659,0.682,0.859,0.4,0.341,0.718
554,2,0.882,1.0,1.0,0.882,0.918,0.4,0.4,0.918
555,,0.682,0.8,0.8,0.682,0.718,0.2,0.2,0.718
556,,0.482,0.6,0.6,0.482,0.518,0.0,0.0,0.518
557,,0.282,0.4,0.4,0.282,0.318,-0.2,-0.2,0.318
558,7,0.482,0.459,0.4,0.341,0.518,0.141,0.8,0.659
559,7,0.682,0.518,0.4,0.4,0.718,0.482,1.0,1.0
560,,0.482,0.318,0.2,0.2,0.518,0.282,0.8,0.8
561,,0.282,0.118,0.0,0.0,0.318,0.082,0.6,0.6
562,,0.082,-0.082,-0.2,-0.2,0.118,-0.118,0.4,0.4
563,3,0.282,0.259,0.8,0.141,0.318,-0.059,0.4,0.459
564,3,0.482,0.6,1.0,0.482,0.518,0.0,0.4,0.518
565,,0.282,0.4,0.8,0.282,0.318,-0.2,0.2,0.318
566,6,0.341,0.4,0.859,0.482,0.659,0.8,0.541,0.518
567,6,0.4,0.4,0.918,0.682,1.0,1.0,0.882,0.718
568,,0.2,0.2,0.718,0.482,0.8,0.8,0.682,0.518
569,,0.0,0.0,0.518,0.282,0.6,0.6,0.482,0.318
570,,-0.2,-0.2,0.318,0.082,0.4,0.4,0.282,0.118
571,1,0.8,0.141,0.518,0.141,0.4,0.459,0.482,0.459
572,1,1.0,0.482,0.718,0.2,0.4,0.518,0.682,0.8
573,,0.8,0.282,0.518,0.0,0.2,0.318,0.482,0.6
574,,0.6,0.082,0.318,-0.2,0.0,0.118,0.282,0.4
575,4,0.659,0.282,0.659,0.8,0.341,0.318,0.341,0.4
576,4,0.718,0.482,1.0,1.0,0.682,0.518,0.4,0.4
577,,0.518,0.282,0.8,0.8,0.482,0.318,0.2,0.2
578,,0.318,0.082,0.6,0.6,0.282,0.118,0.0,0.0
579,,0.118,-0.118,0.4,0.4,0.082,-0.082,-0.2,-0.2
580,7,0.318,-0.059,0.4,0.459,0.282,0.259,0.8,0.141
581,7,0.518,0.0,0.4,0.518,0.482,0.6,1.0,0.482
582,,0.318,-0.2,0.2,0.318,0.282,0.4,0.8,0.282
583,2,0.659,0.8,0.541,0.518,0.341,0.4,0.859,0.482
584,2,1.0,1.0,0.882,0.718,0.4,0.4,0.918,0.682
585,,0.8,0.8,0.682,0.518,0.2,0.2,0.718,0.482
586,,0.6,0.6,0.482,0.318,0.0,0.0,0.518,0.282
587,,0.4,0.4,0.282,0.118,-0.2,-0.2,0.318,0.082
588,5,0.4,0.459,0.482,0.459,0.8,0.141,0.518,0.141
589,5,0.4,0.518,0.682,0.8,1.0,0.482,0.718,0.2
590,,0.2,0.318,0.482,0.6,0.8,0.282,0.518,0.0
591,,0.0,0.118,0.282,0.4,0.6,0.082,0.318,-0.2
592,8,0.341,0.318,0.341,0.4,0.659,0.282,0.659,0.8
593,8,0.682,0.518,0.4,0.4,0.718,0.482,1.0,1.0
594,,0.482,0.318,0.2,0.2,0.518,0.282,0.8,0.8
595,,0.282,0.118,0.0,0.0,0.318,0.082,0.6,0.6
596,,0.082,-0.082,-0.2,-0.2,0.118,-0.118,0.4,0.4
597,4,0.141,0.118,0.141,0.8,0.459,0.082,0.459,0.4
598,4,0.2,0.318,0.482,1.0,0.8,0.282,0.518,0.4
599,,0.0,0.118,0.282,0.8,0.6,0.082,0.318,0.2
600,,-0.2,-0.082,0.082,0.6,0.4,-0.118,0.118,0.0
601,1,0.8,0.259,0.282,0.659,0.4,-0.059,0.318,0.341
602,1,1.0,0.6,0.482,0.718,0.4,0.0,0.518,0.682
603,,0.8,0.4,0.282,0.518,0.2,-0.2,0.318,0.482
604,6,0.859,0.4,0.341,0.718,0.541,0.8,0.659,0.682
605,6,0.918,0.4,0.4,0.918,0.882,1.0,1.0,0.882
606,,0.718,0.2,0.2,0.718,0.682,0.8,0.8,0.682
607,,0.518,0.0,0.0,0.518,0.482,0.6,0.6,0.482
608,,0.318,-0.2,-0.2,0.318,0.282,0.4,0.4,0.282
609,2,0.659,0.8,0.141,0.518,0.341,0.4,0.459,0.482
610,2,1.0,1.0,0.482,0.718,0.4,0.4,0.518,0.682
611,,0.8,0.8,0.282,0.518,0.2,0.2,0.318,0.482
612,,0.6,0.6,0.082,0.318,0.0,0.0,0.118,0.282
613,,0.4,0.4,-0.118,0.118,-0.2,-0.2,-0.082,0.082
614,6,0.459,0.4,-0.059,0.318,0.141,0.8,0.259,0.282
615,6,0.518,0.4,0.0,0.518,0.482,1.0,0.6,0.482
616,,0.318,0.2,-0.2,0.318,0.282,0.8,0.4,0.282
617,3,0.518,0.541,0.8,0.659,0.482,0.859,0.4,0.341
618,3,0.718,0.882,1.0,1.0,0.682,0.918,0.4,0.4
619,,0.518,0.682,0.8,0.8,0.482,0.718,0.2,0.2
620,,0.318,0.482,0.6,0.6,0.282,0.518,0.0,0.0
621,,0.118,0.282,0.4,0.4,0.082,0.318,-0.2,-0.2
622,7,0.318,0.341,0.4,0.459,0.282,0.659,0.8,0.141
623,7,0.518,0.4,0.4,0.518,0.482,1.0,1.0,0.482
624,,0.318,0.2,0.2,0.318,0.282,0.8,0.8,0.282
625,,0.118,0.0,0.0,0.118,0.082,0.6,0.6,0.082
626,,-0.082,-0.2,-0.2,-0.082,-0.118,0.4,0.4,-0.118
627,3,0.118,0.141,0.8,0.259,0.082,0.459,0.4,-0.059
628,3,0.318,0.482,1.0,0.6,0.282,0.518,0.4,0.0
629,,0.118,0.282,0.8,0.4,0.082,0.318,0.2,-0.2
630,8,0.459,0.482,0.859,0.4,0.141,0.518,0.541,0.8
631,8,0.8,0.682,0.918,0.4,0.2,0.718,0.882,1.0
632,,0.6,0.482,0.718,0.2,0.0,0.518,0.682,0.8
633,,0.4,0.282,0.518,0.0,-0.2,0.318,0.482,0.6
634,5,0.4,0.341,0.718,0.341,0.8,0.659,0.682,0.659
635,5,0.4,0.4,0.918,0.682,1.0,1.0,0.882,0.718
636,,0.2,0.2,0.718,0.482,0.8,0.8,0.682,0.518
637,,0.0,0.0,0.518,0.282,0.6,0.6,0.482,0.318
638,,-0.2,-0.2,0.318,0.082,0.4,0.4,0.282,0.118
639,2,0.141,0.8,0.659,0.282,0.459,0.4,0.341,0.318
640,2,0.482,1.0,1.0,0.482,0.518,0.4,0.4,0.518
641,,0.282,0.8,0.8,0.282,0.318,0.2,0.2,0.318
642,,0.082,0.6,0.6,0.082,0.118,0.0,0.0,0.118
643,,-0.118,0.4,0.4,-0.118,-0.082,-0.2,-0.2,-0.082
644,6,-0.059,0.4,0.459,0.082,0.259,0.8,0.141,0.118
645,6,0.0,0.4,0.518,0.282,0.6,1.0,0.482,0.318
646,,-0.2,0.2,0.318,0.082,0.4,0.8,0.282,0.118
647,1,0.8,0.541,0.518,0.141,0.4,0.859,0.482,0.459
648,1,1.0,0.882,0.718,0.2,0.4,0.918,0.682,0.8
649,,0.8,0.682,0.518,0.0,0.2,0.718,0.482,0.6
650,,0.6,0.482,0.318,-0.2,0.0,0.518,0.282,0.4
651,4,0.659,0.682,0.659,0.8,0.341,0.718,0.341,0.4
652,4,0.718,0.882,1.0,1.0,0.682,0.918,0.4,0.4
653,,0.518,0.682,0.8,0.8,0.482,0.718,0.2,0.2
654,,0.318,0.482,0.6,0.6,0.282,0.518,0.0,0.0
655,,0.118,0.282,0.4,0.4,0.082,0.318,-0.2,-0.2
656,7,0.318,0.341,0.4,0.459,0.282,0.659,0.8,0.141
657,7,0.518,0.4,0.4,0.518,0.482,1.0,1.0,0.482
658,,0.318,0.2,0.2,0.318,0.282,0.8,0.8,0.282
659,,0.118,0.0,0.0,0.118,0.082,0.6,0.6,0.082
660,,-0.082,-0.2,-0.2,-0.082,-0.118,0.4,0.4,-0.118
661,2,0.259,0.8,0.141,0.118,-0.059,0.4,0.459,0.082
662,2,0.6,1.0,0.482,0.318,0.0,0.4,0.518,0.282
663,,0.4,0.8,0.282,0.118,-0.2,0.2,0.318,0.082
664,5,0.4,0.859,0.482,0.459,0.8,0.541,0.518,0.141
665,5,0.4,0.918,0.682,0.8,1.0,0.882,0.718,0.2
666,,0.2,0.718,0.482,0.6,0.8,0.682,0.518,0.0
667,,0.0,0.518,0.282,0.4,0.6,0.482,0.318,-0.2
668,8,0.341,0.718,0.341,0.4,0.659,0.682,0.659,0.8
669,8,0.682,0.918,0.4,0.4,0.718,0.882,1.0,1.0
670,,0.482,0.718,0.2,0.2,0.518,0.682,0.8,0.8
671,,0.282,0.518,0.0,0.0,0.318,0.482,0.6,0.6
672,,0.082,0.318,-0.2,-0.2,0.118,0.282,0.4,0.4
673,3,0.282,0.659,0.8,0.141,0.318,0.341,0.4,0.459
674,3,0.482,1.0,1.0,0.482,0.518,0.4,0.4,0.518
675,,0.282,0.8,0.8,0.282,0.318,0.2,0.2,0.318
676,,0.082,0.6,0.6,0.082,0.118,0.0,0.0,0.118
677,,-0.118,0.4,0.4,-0.118,-0.082,-0.2,-0.2,-0.082
678,7,0.082,0.459,0.4,-0.059,0.118,0.141,0.8,0.259
679,7,0.282,0.518,0.4,0.0,0.318,0.482,1.0,0.6
680,,0.082,0.318,0.2,-0.2,0.118,0.282,0.8,0.4
681,4,0.141,0.518,0.541,0.8,0.459,0.482,0.859,0.4
682,4,0.2,0.718,0.882,1.0,0.8,0.682,0.918,0.4
683,,0.0,0.518,0.682,0.8,0.6,0.482,0.718,0.2
684,,-0.2,0.318,0.482,0.6,0.4,0.282,0.518,0.0
685,1,0.8,0.659,0.682,0.659,0.4,0.341,0.718,0.341
686,1,1.0,1.0,0.882,0.718,0.4,0.4,0.918,0.682
687,,0.8,0.8,0.682,0.518,0.2,0.2,0.718,0.482
688,,0.6,0.6,0.482,0.318,0.0,0.0,0.518,0.282
689,,0.4,0.4,0.282,0.118,-0.2,-0.2,0.318,0.082
690,5,0.4,0.459,0.482,0.459,0.8,0.141,0.518,0.141
691,5,0.4,0.518,0.682,0.8,1.0,0.482,0.718,0.2
692,,0.2,0.318,0.482,0.6,0.8,0.282,0.518,0.0
693,,0.0,0.118,0.282,0.4,0.6,0.082,0.318,-0.2
694,8,0.341,0.318,0.341,0.4,0.659,0.282,0.659,0.8
695,8,0.682,0.518,0.4,0.4,0.718,0.482,1.0,1.0
696,,0.482,0.318,0.2,0.2,0.518,0.282,0.8,0.8
697,,0.282,0.118,0.0,0.0,0.318,0.082,0.6,0.6
698,,0.082,-0.082,-0.2,-0.2,0.118,-0.118,0.4,0.4
699,3,0.282,0.259,0.8,0.141,0.318,-0.059,0.4,0.459
700,3,0.482,0.6,1.0,0.482,0.518,0.0,0.4,0.518
701,,0.282,0.4,0.8,0.282,0.318,-0.2,0.2,0.318
702,6,0.341,0.4,0.859,0.482,0.659,0.8,0.541,0.518
703,6,0.4,0.4,0.918,0.682,1.0,1.0,0.882,0.718
704,,0.2,0.2,0.718,0.482,0.8,0.8,0.682,0.518
705,,0.0,0.0,0.518,0.282,0.6,0.6,0.482,0.318
706,,-0.2,-0.2,0.318,0.082,0.4,0.4,0.282,0.118
707,2,0.141,0.8,0.659,0.282,0.459,0.4,0.341,0.318
708,2,0.482,1.0,1.0,0.482,0.518,0.4,0.4,0.518
709,,0.282,0.8,0.8,0.282,0.318,0.2,0.2,0.318
710,,0.082,0.6,0.6,0.082,0.118,0.0,0.0,0.118
711,,-0.118,0.4,0.4,-0.118,-0.082,-0.2,-0.2,-0.082
712,6,-0.059,0.4,0.459,0.082,0.259,0.8,0.141,0.118
713,6,0.0,0.4,0.518,0.282,0.6,1.0,0.482,0.318
714,,-0.2,0.2,0.318,0.082,0.4,0.8,0.282,0.118
715,1,0.8,0.541,0.518,0.141,0.4,0.859,0.482,0.459
716,1,1.0,0.882,0.718,0.2,0.4,0.918,0.682,0.8
717,,0.8,0.682,0.518,0.0,0.2,0.718,0.482,0.6
718,,0.6,0.482,0.318,-0.2,0.0,0.518,0.282,0.4
719,4,0.659,0.682,0.659,0.8,0.341,0.718,0.341,0.4
720,4,0.718,0.882,1.0,1.0,0.682,0.918,0.4,0.4
721,,0.518,0.682,0.8,0.8,0.482,0.718,0.2,0.2
722,,0.318,0.482,0.6,0.6,0.282,0.518,0.0,0.0
723,,0.118,0.282,0.4,0.4,0.082,0.318,-0.2,-0.2
724,7,0.318,0.341,0.4,0.459,0.282,0.659,0.8,0.141
725,7,0.518,0.4,0.4,0.518,0.482,1.0,1.0,0.482
726,,0.318,0.2,0.2,0.318,0.282,0.8,0.8,0.282
727,,0.118,0.0,0.0,0.118,0.082,0.6,0.6,0.082
728,,-0.082,-0.2,-0.2,-0.082,-0.118,0.4,0.4,-0.118
729,2,0.259,0.8,0.141,0.118,-0.059,0.4,0.459,0.082
730,2,0.6,1.0,0.482,0.318,0.0,0.4,0.518,0.282
731,,0.4,0.8,0.282,0.118,-0.2,0.2,0.318,0.082
732,5,0.4,0.859,0.482,0.459,0.8,0.541,0.518,0.141
733,5,0.4,0.918,0.682,0.8,1.0,0.882,0.718,0.2
734,,0.2,0.718,0.482,0.6,0.8,0.682,0.518,0.0
735,,0.0,0.518,0.282,0.4,0.6,0.482,0.318,-0.2
736,8,0.341,0.718,0.341,0.4,0.659,0.682,0.659,0.8
737,8,0.682,0.918,0.4,0.4,0.718,0.882,1.0,1.0
738,,0.482,0.718,0.2,0.2,0.518,0.682,0.8,0.8
739,,0.282,0.518,0.0,0.0,0.318,0.482,0.6,0.6
740,,0.082,0.318,-0.2,-0.2,0.118,0.282,0.4,0.4
741,3,0.282,0.659,0.8,0.141,0.318,0.341,0.4,0.459
742,3,0.482,1.0,1.0,0.482,0.518,0.4,0.4,0.518
743,,0.282,0.8,0.8,0.282,0.318,0.2,0.2,0.318
744,,0.082,0.6,0.6,0.082,0.118,0.0,0.0,0.118
745,,-0.118,0.4,0.4,-0.118,-0.082,-0.2,-0.2,-0.082
746,6,-0.059,0.4,0.459,0.082,0.259,0.8,0.141,0.118
747,6,0.0,0.4,0.518,0.282,0.6,1.0,0.482,0.318
748,,-0.2,0.2,0.318,0.082,0.4,0.8,0.282,0.118
749,1,0.8,0.541,0.518,0.141,0.4,0.859,0.482,0.459
750,1,1.0,0.882,0.718,0.2,0.4,0.918,0.682,0.8
751,,0.8,0.682,0.518,0.0,0.2,0.718,0.482,0.6
752,,0.6,0.482,0.318,-0.2,0.0,0.518,0.282,0.4
753,4,0.659,0.682,0.659,0.8,0.341,0.718,0.341,0.4
754,4,0.718,0.882,1.0,1.0,0.682,0.918,0.4,0.4
755,,0.518,0.682,0.8,0.8,0.482,0.718,0.2,0.2
756,,0.318,0.482,0.6,0.6,0.282,0.518,0.0,0.0
757,,0.118,0.282,0.4,0.4,0.082,0.318,-0.2,-0.2
758,8,0.459,0.482,0.459,0.4,0.141,0.518,0.141,0.8
759,8,0.8,0.682,0.518,0.4,0.2,0.718,0.482,1.0
760,,0.6,0.482,0.318,0.2,0.0,0.518,0.282,0.8
761,,0.4,0.282,0.118,0.0,-0.2,0.318,0.082,0.6
762,5,0.4,0.341,0.318,0.341,0.8,0.659,0.282,0.659
763,5,0.4,0.4,0.518,0.682,1.0,1.0,0.482,0.718
764,,0.2,0.2,0.318,0.482,0.8,0.8,0.282,0.518
765,,0.0,0.0,0.118,0.282,0.6,0.6,0.082,0.318
766,,-0.2,-0.2,-0.082,0.082,0.4,0.4,-0.118,0.118
767,1,0.8,0.141,0.118,0.141,0.4,0.459,0.082,0.459
768,1,1.0,0.482,0.318,0.2,0.4,0.518,0.282,0.8
769,,0.8,0.282,0.118,0.0,0.2,0.318,0.082,0.6
770,,0.6,0.082,-0.082,-0.2,0.0,0.118,-0.118,0.4
771,4,0.659,0.282,0.259,0.8,0.341,0.318,-0.059,0.4
772,4,0.718,0.482,0.6,1.0,0.682,0.518,0.0,0.4
773,,0.518,0.282,0.4,0.8,0.482,0.318,-0.2,0.2
774,7,0.718,0.341,0.4,0.859,0.682,0.659,0.8,0.541
775,7,0.918,0.4,0.4,0.918,0.882,1.0,1.0,0.882
776,,0.718,0.2,0.2,0.718,0.682,0.8,0.8,0.682
777,,0.518,0.0,0.0,0.518,0.482,0.6,0.6,0.482
778,,0.318,-0.2,-0.2,0.318,0.282,0.4,0.4,0.282
779,2,0.659,0.8,0.141,0.518,0.341,0.4,0.459,0.482
780,2,1.0,1.0,0.482,0.718,0.4,0.4,0.518,0.682
781,,0.8,0.8,0.282,0.518,0.2,0.2,0.318,0.482
782,,0.6,0.6,0.082,0.318,0.0,0.0,0.118,0.282
783,,0.4,0.4,-0.118,0.118,-0.2,-0.2,-0.082,0.082
784,5,0.4,0.459,0.082,0.459,0.8,0.141,0.118,0.141
785,5,0.4,0.518,0.282,0.8,1.0,0.482,0.318,0.2
786,,0.2,0.318,0.082,0.6,0.8,0.282,0.118,0.0
787,,0.0,0.118,-0.118,0.4,0.6,0.082,-0.082,-0.2
788,8,0.341,0.318,-0.059,0.4,0.659,0.282,0.259,0.8
789,8,0.682,0.518,0.0,0.4,0.718,0.482,0.6,1.0
790,,0.482,0.318,-0.2,0.2,0.518,0.282,0.4,0.8
791,3,0.682,0.659,0.8,0.541,0.718,0.341,0.4,0.859
792,3,0.882,1.0,1.0,0.882,0.918,0.4,0.4,0.918
793,,0.682,0.8,0.8,0.682,0.718,0.2,0.2,0.718
794,,0.482,0.6,0.6,0.482,0.518,0.0,0.0,0.518
795,,0.282,0.4,0.4,0.282,0.318,-0.2,-0.2,0.318
796,6,0.341,0.4,0.459,0.482,0.659,0.8,0.141,0.518
797,6,0.4,0.4,0.518,0.682,1.0,1.0,0.482,0.718
798,,0.2,0.2,0.318,0.482,0.8,0.8,0.282,0.518
799,,0.0,0.0,0.118,0.282,0.6,0.6,0.082,0.318
800,,-0.2,-0.2,-0.082,0.082,0.4,0.4,-0.118,0.118
801,1,0.8,0.141,0.118,0.141,0.4,0.459,0.082,0.459
802,1,1.0,0.482,0.318,0.2,0.4,0.518,0.282,0.8
803,,0.8,0.282,0.118,0.0,0.2,0.318,0.082,0.6
804,,0.6,0.082,-0.082,-0.2,0.0,0.118,-0.118,0.4
805,4,0.659,0.282,0.259,0.8,0.341,0.318,-0.059,0.4
806,4,0.718,0.482,0.6,1.0,0.682,0.518,0.0,0.4
807,,0.518,0.282,0.4,0.8,0.482,0.318,-0.2,0.2
808,7,0.718,0.341,0.4,0.859,0.682,0.659,0.8,0.541
809,7,0.918,0.4,0.4,0.918,0.882,1.0,1.0,0.882
810,,0.718,0.2,0.2,0.718,0.682,0.8,0.8,0.682
811,,0.518,0.0,0.0,0.518,0.482,0.6,0.6,0.482
812,,0.318,-0.2,-0.2,0.318,0.282,0.4,0.4,0.282
813,3,0.518,0.141,0.8,0.659,0.482,0.459,0.4,0.341
814,3,0.718,0.482,1.0,1.0,0.682,0.518,0.4,0.4
815,,0.518,0.282,0.8,0.8,0.482,0.318,0.2,0.2
816,,0.318,0.082,0.6,0.6,0.282,0.118,0.0,0.0
817,,0.118,-0.118,0.4,0.4,0.082,-0.082,-0.2,-0.2
818,7,0.318,-0.059,0.4,0.459,0.282,0.259,0.8,0.141
819,7,0.518,0.0,0.4,0.518,0.482,0.6,1.0,0.482
820,,0.318,-0.2,0.2,0.318,0.282,0.4,0.8,0.282
821,2,0.659,0.8,0.541,0.518,0.341,0.4,0.859,0.482
822,2,1.0,1.0,0.882,0.718,0.4,0.4,0.918,0.682
823,,0.8,0.8,0.682,0.518,0.2,0.2,0.718,0.482
824,,0.6,0.6,0.482,0.318,0.0,0.0,0.518,0.282
825,,0.4,0.4,0.282,0.118,-0.2,-0.2,0.318,0.082
826,6,0.459,0.4,0.341,0.318,0.141,0.8,0.659,0.282
827,6,0.518,0.4,0.4,0.518,0.482,1.0,1.0,0.482
828,,0.318,0.2,0.2,0.318,0.282,0.8,0.8,0.282
829,,0.118,0.0,0.0,0.118,0.082,0.6,0.6,0.082
830,,-0.082,-0.2,-0.2,-0.082,-0.118,0.4,0.4,-0.118
831,3,0.118,0.141,0.8,0.259,0.082,0.459,0.4,-0.059
832,3,0.318,0.482,1.0,0.6,0.282,0.518,0.4,0.0
833,,0.118,0.282,0.8,0.4,0.082,0.318,0.2,-0.2
834,8,0.459,0.482,0.859,0.4,0.141,0.518,0.541,0.8
835,8,0.8,0.682,0.918,0.4,0.2,0.718,0.882,1.0
836,,0.6,0.482,0.718,0.2,0.0,0.518,0.682,0.8
837,,0.4,0.282,0.518,0.0,-0.2,0.318,0.482,0.6
838,5,0.4,0.341,0.718,0.341,0.8,0.659,0.682,0.659
839,5,0.4,0.4,0.918,0.682,1.0,1.0,0.882,0.718
840,,0.2,0.2,0.718,0.482,0.8,0.8,0.682,0.518
841,,0.0,0.0,0.518,0.282,0.6,0.6,0.482,0.318
842,,-0.2,-0.2,0.318,0.082,0.4,0.4,0.282,0.118
843,1,0.8,0.141,0.518,0.141,0.4,0.459,0.482,0.459
844,1,1.0,0.482,0.718,0.2,0.4,0.518,0.682,0.8
845,,0.8,0.282,0.518,0.0,0.2,0.318,0.482,0.6
846,,0.6,0.082,0.318,-0.2,0.0,0.118,0.282,0.4
