step,active_motive,motive_1,motive_2,motive_3,motive_4,motive_5,motive_6,motive_7,motive_8
0,,0.37454,0.95071,0.73199,0.59866,0.15602,0.15599,0.05808,0.86618
1,,0.27454,0.85071,0.63199,0.49866,0.05602,0.05599,-0.04192,0.76618
2,7,0.37454,0.66771,0.33199,0.31566,0.15602,0.43899,0.95808,1.0
3,7,0.47454,0.48471,0.03199,0.13266,0.25602,0.82199,1.0,1.0
4,,0.37454,0.38471,-0.06801,0.03266,0.15602,0.72199,0.9,0.9
5,3,0.47454,0.76771,0.93199,0.41566,0.25602,0.53899,0.6,0.717
6,3,0.57454,1.0,1.0,0.79866,0.35602,0.35599,0.3,0.534
7,,0.47454,0.9,0.9,0.69866,0.25602,0.25599,0.2,0.434
8,,0.37454,0.8,0.8,0.59866,0.15602,0.15599,0.1,0.334
9,,0.27454,0.7,0.7,0.49866,0.05602,0.05599,0.0,0.234
10,,0.17454,0.6,0.6,0.39866,-0.04398,-0.04401,-0.1,0.134
11,7,0.27454,0.417,0.3,0.21566,0.05602,0.33899,0.9,0.517
12,7,0.37454,0.234,-0.0,0.03266,0.15602,0.72199,1.0,0.9
13,,0.27454,0.134,-0.1,-0.06734,0.05602,0.62199,0.9,0.8
14,3,0.37454,0.517,0.9,0.31566,0.15602,0.43899,0.6,0.617
15,3,0.47454,0.9,1.0,0.69866,0.25602,0.25599,0.3,0.434
16,,0.37454,0.8,0.9,0.59866,0.15602,0.15599,0.2,0.334
17,,0.27454,0.7,0.8,0.49866,0.05602,0.05599,0.1,0.234
18,,0.17454,0.6,0.7,0.39866,-0.04398,-0.04401,0.0,0.134
19,6,-0.00846,0.3,0.517,0.49866,0.33902,0.95599,0.383,0.234
20,6,-0.19146,-0.0,0.334,0.59866,0.72202,1.0,0.766,0.334
21,1,0.80854,0.383,0.434,0.41566,0.42202,0.817,0.866,0.717
22,1,1.0,0.766,0.534,0.23266,0.12202,0.634,0.966,1.0
23,,0.9,0.666,0.434,0.13266,0.02202,0.534,0.866,0.9
24,,0.8,0.566,0.334,0.03266,-0.07798,0.434,0.766,0.8
25,5,0.5,0.383,0.434,0.41566,0.92202,0.817,0.866,0.617
26,5,0.2,0.2,0.534,0.79866,1.0,1.0,0.966,0.434
27,,0.1,0.1,0.434,0.69866,0.9,0.9,0.866,0.334
28,,0.0,0.0,0.334,0.59866,0.8,0.8,0.766,0.234
29,,-0.1,-0.1,0.234,0.49866,0.7,0.7,0.666,0.134
30,2,0.283,0.9,0.617,0.59866,0.517,0.4,0.483,0.234
31,2,0.666,1.0,1.0,0.69866,0.334,0.1,0.3,0.334
32,,0.566,0.9,0.9,0.59866,0.234,0.0,0.2,0.234
33,,0.466,0.8,0.8,0.49866,0.134,-0.1,0.1,0.134
34,6,0.283,0.5,0.617,0.59866,0.517,0.9,0.483,0.234
35,6,0.1,0.2,0.434,0.69866,0.9,1.0,0.866,0.334
36,,0.0,0.1,0.334,0.59866,0.8,0.9,0.766,0.234
37,,-0.1,0.0,0.234,0.49866,0.7,0.8,0.666,0.134
38,1,0.9,0.383,0.334,0.31566,0.4,0.617,0.766,0.517
39,1,1.0,0.766,0.434,0.13266,0.1,0.434,0.866,0.9
40,,0.9,0.666,0.334,0.03266,0.0,0.334,0.766,0.8
41,,0.8,0.566,0.234,-0.06734,-0.1,0.234,0.666,0.7
42,5,0.5,0.383,0.334,0.31566,0.9,0.617,0.766,0.517
43,5,0.2,0.2,0.434,0.69866,1.0,1.0,0.866,0.334
44,,0.1,0.1,0.334,0.59866,0.9,0.9,0.766,0.234
45,,0.0,0.0,0.234,0.49866,0.8,0.8,0.666,0.134
46,,-0.1,-0.1,0.134,0.39866,0.7,0.7,0.566,0.034
47,2,0.283,0.9,0.517,0.49866,0.517,0.4,0.383,0.134
48,2,0.666,1.0,0.9,0.59866,0.334,0.1,0.2,0.234
49,,0.566,0.9,0.8,0.49866,0.234,0.0,0.1,0.134
50,,0.466,0.8,0.7,0.39866,0.134,-0.1,0.0,0.034
51,6,0.283,0.5,0.517,0.49866,0.517,0.9,0.383,0.134
52,6,0.1,0.2,0.334,0.59866,0.9,1.0,0.766,0.234
53,,0.0,0.1,0.234,0.49866,0.8,0.9,0.666,0.134
54,,-0.1,0.0,0.134,0.39866,0.7,0.8,0.566,0.034
55,1,0.9,0.383,0.234,0.21566,0.4,0.617,0.666,0.417
56,1,1.0,0.766,0.334,0.03266,0.1,0.434,0.766,0.8
57,,0.9,0.666,0.234,-0.06734,0.0,0.334,0.666,0.7
58,4,0.717,0.766,0.617,0.93266,0.383,0.434,0.483,0.4
59,4,0.534,0.866,1.0,1.0,0.766,0.534,0.3,0.1
60,,0.434,0.766,0.9,0.9,0.666,0.434,0.2,0.0
61,,0.334,0.666,0.8,0.8,0.566,0.334,0.1,-0.1
62,8,0.717,0.766,0.617,0.5,0.383,0.434,0.483,0.9
63,8,1.0,0.866,0.434,0.2,0.2,0.534,0.866,1.0
64,,0.9,0.766,0.334,0.1,0.1,0.434,0.766,0.9
65,,0.8,0.666,0.234,0.0,0.0,0.334,0.666,0.8
66,,0.7,0.566,0.134,-0.1,-0.1,0.234,0.566,0.7
67,5,0.4,0.383,0.234,0.283,0.9,0.617,0.666,0.517
68,5,0.1,0.2,0.334,0.666,1.0,1.0,0.766,0.334
69,,0.0,0.1,0.234,0.566,0.9,0.9,0.666,0.234
70,,-0.1,0.0,0.134,0.466,0.8,0.8,0.566,0.134
71,1,0.9,0.383,0.234,0.283,0.5,0.617,0.666,0.517
72,1,1.0,0.766,0.334,0.1,0.2,0.434,0.766,0.9
73,,0.9,0.666,0.234,0.0,0.1,0.334,0.666,0.8
74,,0.8,0.566,0.134,-0.1,0.0,0.234,0.566,0.7
75,4,0.617,0.666,0.517,0.9,0.383,0.334,0.383,0.4
76,4,0.434,0.766,0.9,1.0,0.766,0.434,0.2,0.1
77,,0.334,0.666,0.8,0.9,0.666,0.334,0.1,0.0
78,,0.234,0.566,0.7,0.8,0.566,0.234,0.0,-0.1
79,8,0.617,0.666,0.517,0.5,0.383,0.334,0.383,0.9
80,8,1.0,0.766,0.334,0.2,0.2,0.434,0.766,1.0
81,,0.9,0.666,0.234,0.1,0.1,0.334,0.666,0.9
82,,0.8,0.566,0.134,0.0,0.0,0.234,0.566,0.8
83,,0.7,0.466,0.034,-0.1,-0.1,0.134,0.466,0.7
84,4,0.517,0.566,0.417,0.9,0.283,0.234,0.283,0.4
85,4,0.334,0.666,0.8,1.0,0.666,0.334,0.1,0.1
86,,0.234,0.566,0.7,0.9,0.566,0.234,0.0,0.0
87,,0.134,0.466,0.6,0.8,0.466,0.134,-0.1,-0.1
88,8,0.517,0.566,0.417,0.5,0.283,0.234,0.283,0.9
89,8,0.9,0.666,0.234,0.2,0.1,0.334,0.666,1.0
90,,0.8,0.566,0.134,0.1,0.0,0.234,0.566,0.9
91,,0.7,0.466,0.034,0.0,-0.1,0.134,0.466,0.8
92,5,0.4,0.283,0.134,0.383,0.9,0.517,0.566,0.617
93,5,0.1,0.1,0.234,0.766,1.0,0.9,0.666,0.434
94,,0.0,0.0,0.134,0.666,0.9,0.8,0.566,0.334
95,,-0.1,-0.1,0.034,0.566,0.8,0.7,0.466,0.234
96,1,0.9,0.283,0.134,0.383,0.5,0.517,0.566,0.617
97,1,1.0,0.666,0.234,0.2,0.2,0.334,0.666,1.0
98,,0.9,0.566,0.134,0.1,0.1,0.234,0.566,0.9
99,,0.8,0.466,0.034,0.0,0.0,0.134,0.466,0.8
100,,0.7,0.366,-0.066,-0.1,-0.1,0.034,0.366,0.7
101,5,0.4,0.183,0.034,0.283,0.9,0.417,0.466,0.517
102,5,0.1,-0.0,0.134,0.666,1.0,0.8,0.566,0.334
103,,0.0,-0.1,0.034,0.566,0.9,0.7,0.466,0.234
104,2,0.383,0.9,0.417,0.666,0.717,0.4,0.283,0.334
105,2,0.766,1.0,0.8,0.766,0.534,0.1,0.1,0.434
106,,0.666,0.9,0.7,0.666,0.434,0.0,0.0,0.334
107,,0.566,0.8,0.6,0.566,0.334,-0.1,-0.1,0.234
108,7,0.666,0.617,0.3,0.383,0.434,0.283,0.9,0.617
109,7,0.766,0.434,-0.0,0.2,0.534,0.666,1.0,1.0
110,,0.666,0.334,-0.1,0.1,0.434,0.566,0.9,0.9
111,3,0.766,0.717,0.9,0.483,0.534,0.383,0.6,0.717
112,3,0.866,1.0,1.0,0.866,0.634,0.2,0.3,0.534
113,,0.766,0.9,0.9,0.766,0.534,0.1,0.2,0.434
114,,0.666,0.8,0.8,0.666,0.434,0.0,0.1,0.334
115,,0.566,0.7,0.7,0.566,0.334,-0.1,0.0,0.234
116,6,0.383,0.4,0.517,0.666,0.717,0.9,0.383,0.334
117,6,0.2,0.1,0.334,0.766,1.0,1.0,0.766,0.434
118,,0.1,0.0,0.234,0.666,0.9,0.9,0.666,0.334
119,,0.0,-0.1,0.134,0.566,0.8,0.8,0.566,0.234
120,2,0.383,0.9,0.517,0.666,0.617,0.5,0.383,0.334
121,2,0.766,1.0,0.9,0.766,0.434,0.2,0.2,0.434
122,,0.666,0.9,0.8,0.666,0.334,0.1,0.1,0.334
123,,0.566,0.8,0.7,0.566,0.234,0.0,0.0,0.234
124,,0.466,0.7,0.6,0.466,0.134,-0.1,-0.1,0.134
125,7,0.566,0.517,0.3,0.283,0.234,0.283,0.9,0.517
126,7,0.666,0.334,-0.0,0.1,0.334,0.666,1.0,0.9
127,,0.566,0.234,-0.1,0.0,0.234,0.566,0.9,0.8
128,3,0.666,0.617,0.9,0.383,0.334,0.383,0.6,0.617
129,3,0.766,1.0,1.0,0.766,0.434,0.2,0.3,0.434
130,,0.666,0.9,0.9,0.666,0.334,0.1,0.2,0.334
131,,0.566,0.8,0.8,0.566,0.234,0.0,0.1,0.234
132,,0.466,0.7,0.7,0.466,0.134,-0.1,0.0,0.134
133,6,0.283,0.4,0.517,0.566,0.517,0.9,0.383,0.234
134,6,0.1,0.1,0.334,0.666,0.9,1.0,0.766,0.334
135,,0.0,0.0,0.234,0.566,0.8,0.9,0.666,0.234
136,,-0.1,-0.1,0.134,0.466,0.7,0.8,0.566,0.134
137,2,0.283,0.9,0.517,0.566,0.517,0.5,0.383,0.234
138,2,0.666,1.0,0.9,0.666,0.334,0.2,0.2,0.334
139,,0.566,0.9,0.8,0.566,0.234,0.1,0.1,0.234
140,,0.466,0.8,0.7,0.466,0.134,0.0,0.0,0.134
141,,0.366,0.7,0.6,0.366,0.034,-0.1,-0.1,0.034
142,7,0.466,0.517,0.3,0.183,0.134,0.283,0.9,0.417
143,7,0.566,0.334,-0.0,-0.0,0.234,0.666,1.0,0.8
144,,0.466,0.234,-0.1,-0.1,0.134,0.566,0.9,0.7
145,4,0.283,0.334,0.283,0.9,0.517,0.666,0.717,0.4
146,4,0.1,0.434,0.666,1.0,0.9,0.766,0.534,0.1
147,,0.0,0.334,0.566,0.9,0.8,0.666,0.434,0.0
148,,-0.1,0.234,0.466,0.8,0.7,0.566,0.334,-0.1
149,8,0.283,0.334,0.283,0.5,0.517,0.666,0.717,0.9
150,8,0.666,0.434,0.1,0.2,0.334,0.766,1.0,1.0
151,,0.566,0.334,0.0,0.1,0.234,0.666,0.9,0.9
152,,0.466,0.234,-0.1,0.0,0.134,0.566,0.8,0.8
153,3,0.566,0.617,0.9,0.383,0.234,0.383,0.5,0.617
154,3,0.666,1.0,1.0,0.766,0.334,0.2,0.2,0.434
155,,0.566,0.9,0.9,0.666,0.234,0.1,0.1,0.334
156,,0.466,0.8,0.8,0.566,0.134,0.0,0.0,0.234
157,,0.366,0.7,0.7,0.466,0.034,-0.1,-0.1,0.134
158,7,0.466,0.517,0.4,0.283,0.134,0.283,0.9,0.517
159,7,0.566,0.334,0.1,0.1,0.234,0.666,1.0,0.9
160,,0.466,0.234,0.0,0.0,0.134,0.566,0.9,0.8
161,,0.366,0.134,-0.1,-0.1,0.034,0.466,0.8,0.7
162,3,0.466,0.517,0.9,0.283,0.134,0.283,0.5,0.517
163,3,0.566,0.9,1.0,0.666,0.234,0.1,0.2,0.334
164,,0.466,0.8,0.9,0.566,0.134,0.0,0.1,0.234
165,,0.366,0.7,0.8,0.466,0.034,-0.1,0.0,0.134
166,6,0.183,0.4,0.617,0.566,0.417,0.9,0.383,0.234
167,6,-0.0,0.1,0.434,0.666,0.8,1.0,0.766,0.334
168,,-0.1,0.0,0.334,0.566,0.7,0.9,0.666,0.234
169,1,0.9,0.383,0.434,0.383,0.4,0.717,0.766,0.617
170,1,1.0,0.766,0.534,0.2,0.1,0.534,0.866,1.0
171,,0.9,0.666,0.434,0.1,0.0,0.434,0.766,0.9
172,,0.8,0.566,0.334,0.0,-0.1,0.334,0.666,0.8
173,5,0.5,0.383,0.434,0.383,0.9,0.717,0.766,0.617
174,5,0.2,0.2,0.534,0.766,1.0,1.0,0.866,0.434
175,,0.1,0.1,0.434,0.666,0.9,0.9,0.766,0.334
176,,0.0,0.0,0.334,0.566,0.8,0.8,0.666,0.234
177,,-0.1,-0.1,0.234,0.466,0.7,0.7,0.566,0.134
178,1,0.9,0.283,0.334,0.283,0.4,0.517,0.666,0.517
179,1,1.0,0.666,0.434,0.1,0.1,0.334,0.766,0.9
180,,0.9,0.566,0.334,0.0,0.0,0.234,0.666,0.8
181,,0.8,0.466,0.234,-0.1,-0.1,0.134,0.566,0.7
182,5,0.5,0.283,0.334,0.283,0.9,0.517,0.666,0.517
183,5,0.2,0.1,0.434,0.666,1.0,0.9,0.766,0.334
184,,0.1,0.0,0.334,0.566,0.9,0.8,0.666,0.234
185,,0.0,-0.1,0.234,0.466,0.8,0.7,0.566,0.134
186,2,0.383,0.9,0.617,0.566,0.617,0.4,0.383,0.234
187,2,0.766,1.0,1.0,0.666,0.434,0.1,0.2,0.334
188,,0.666,0.9,0.9,0.566,0.334,0.0,0.1,0.234
189,,0.566,0.8,0.8,0.466,0.234,-0.1,0.0,0.134
190,6,0.383,0.5,0.617,0.566,0.617,0.9,0.383,0.234
191,6,0.2,0.2,0.434,0.666,1.0,1.0,0.766,0.334
192,,0.1,0.1,0.334,0.566,0.9,0.9,0.666,0.234
193,,0.0,0.0,0.234,0.466,0.8,0.8,0.566,0.134
194,,-0.1,-0.1,0.134,0.366,0.7,0.7,0.466,0.034
195,2,0.283,0.9,0.517,0.466,0.517,0.4,0.283,0.134
196,2,0.666,1.0,0.9,0.566,0.334,0.1,0.1,0.234
197,,0.566,0.9,0.8,0.466,0.234,0.0,0.0,0.134
198,,0.466,0.8,0.7,0.366,0.134,-0.1,-0.1,0.034
199,7,0.566,0.617,0.4,0.183,0.234,0.283,0.9,0.417
200,7,0.666,0.434,0.1,-0.0,0.334,0.666,1.0,0.8
201,,0.566,0.334,0.0,-0.1,0.234,0.566,0.9,0.7
202,4,0.383,0.434,0.383,0.9,0.617,0.666,0.717,0.4
203,4,0.2,0.534,0.766,1.0,1.0,0.766,0.534,0.1
204,,0.1,0.434,0.666,0.9,0.9,0.666,0.434,0.0
205,,0.0,0.334,0.566,0.8,0.8,0.566,0.334,-0.1
206,8,0.383,0.434,0.383,0.5,0.617,0.666,0.717,0.9
207,8,0.766,0.534,0.2,0.2,0.434,0.766,1.0,1.0
208,,0.666,0.434,0.1,0.1,0.334,0.666,0.9,0.9
209,,0.566,0.334,0.0,0.0,0.234,0.566,0.8,0.8
210,,0.466,0.234,-0.1,-0.1,0.134,0.466,0.7,0.7
211,3,0.566,0.617,0.9,0.283,0.234,0.283,0.4,0.517
212,3,0.666,1.0,1.0,0.666,0.334,0.1,0.1,0.334
213,,0.566,0.9,0.9,0.566,0.234,0.0,0.0,0.234
214,,0.466,0.8,0.8,0.466,0.134,-0.1,-0.1,0.134
215,7,0.566,0.617,0.5,0.283,0.234,0.283,0.9,0.517
216,7,0.666,0.434,0.2,0.1,0.334,0.666,1.0,0.9
217,,0.566,0.334,0.1,0.0,0.234,0.566,0.9,0.8
218,,0.466,0.234,0.0,-0.1,0.134,0.466,0.8,0.7
219,4,0.283,0.334,0.383,0.9,0.517,0.566,0.617,0.4
220,4,0.1,0.434,0.766,1.0,0.9,0.666,0.434,0.1
221,,0.0,0.334,0.666,0.9,0.8,0.566,0.334,0.0
222,,-0.1,0.234,0.566,0.8,0.7,0.466,0.234,-0.1
223,1,0.9,0.617,0.666,0.617,0.4,0.283,0.334,0.283
224,1,1.0,1.0,0.766,0.434,0.1,0.1,0.434,0.666
225,,0.9,0.9,0.666,0.334,0.0,0.0,0.334,0.566
226,,0.8,0.8,0.566,0.234,-0.1,-0.1,0.234,0.466
227,5,0.5,0.617,0.666,0.617,0.9,0.283,0.334,0.283
228,5,0.2,0.434,0.766,1.0,1.0,0.666,0.434,0.1
229,,0.1,0.334,0.666,0.9,0.9,0.566,0.334,0.0
230,,0.0,0.234,0.566,0.8,0.8,0.466,0.234,-0.1
231,8,0.383,0.334,0.383,0.5,0.617,0.566,0.617,0.9
232,8,0.766,0.434,0.2,0.2,0.434,0.666,1.0,1.0
233,,0.666,0.334,0.1,0.1,0.334,0.566,0.9,0.9
234,,0.566,0.234,0.0,0.0,0.234,0.466,0.8,0.8
235,,0.466,0.134,-0.1,-0.1,0.134,0.366,0.7,0.7
236,3,0.566,0.517,0.9,0.283,0.234,0.183,0.4,0.517
237,3,0.666,0.9,1.0,0.666,0.334,-0.0,0.1,0.334
238,,0.566,0.8,0.9,0.566,0.234,-0.1,0.0,0.234
239,6,0.383,0.5,0.717,0.666,0.617,0.9,0.383,0.334
240,6,0.2,0.2,0.534,0.766,1.0,1.0,0.766,0.434
241,,0.1,0.1,0.434,0.666,0.9,0.9,0.666,0.334
242,,0.0,0.0,0.334,0.566,0.8,0.8,0.566,0.234
243,,-0.1,-0.1,0.234,0.466,0.7,0.7,0.466,0.134
244,1,0.9,0.283,0.334,0.283,0.4,0.517,0.566,0.517
245,1,1.0,0.666,0.434,0.1,0.1,0.334,0.666,0.9
246,,0.9,0.566,0.334,0.0,0.0,0.234,0.566,0.8
247,,0.8,0.466,0.234,-0.1,-0.1,0.134,0.466,0.7
248,4,0.617,0.566,0.617,0.9,0.283,0.234,0.283,0.4
249,4,0.434,0.666,1.0,1.0,0.666,0.334,0.1,0.1
250,,0.334,0.566,0.9,0.9,0.566,0.234,0.0,0.0
251,,0.234,0.466,0.8,0.8,0.466,0.134,-0.1,-0.1
252,8,0.617,0.566,0.617,0.5,0.283,0.234,0.283,0.9
253,8,1.0,0.666,0.434,0.2,0.1,0.334,0.666,1.0
254,,0.9,0.566,0.334,0.1,0.0,0.234,0.566,0.9
255,,0.8,0.466,0.234,0.0,-0.1,0.134,0.466,0.8
256,5,0.5,0.283,0.334,0.383,0.9,0.517,0.566,0.617
257,5,0.2,0.1,0.434,0.766,1.0,0.9,0.666,0.434
258,,0.1,0.0,0.334,0.666,0.9,0.8,0.566,0.334
259,,0.0,-0.1,0.234,0.566,0.8,0.7,0.466,0.234
260,2,0.383,0.9,0.617,0.666,0.617,0.4,0.283,0.334
261,2,0.766,1.0,1.0,0.766,0.434,0.1,0.1,0.434
262,,0.666,0.9,0.9,0.666,0.334,0.0,0.0,0.334
263,,0.566,0.8,0.8,0.566,0.234,-0.1,-0.1,0.234
264,7,0.666,0.617,0.5,0.383,0.334,0.283,0.9,0.617
265,7,0.766,0.434,0.2,0.2,0.434,0.666,1.0,1.0
266,,0.666,0.334,0.1,0.1,0.334,0.566,0.9,0.9
267,,0.566,0.234,0.0,0.0,0.234,0.466,0.8,0.8
268,,0.466,0.134,-0.1,-0.1,0.134,0.366,0.7,0.7
269,4,0.283,0.234,0.283,0.9,0.517,0.466,0.517,0.4
270,4,0.1,0.334,0.666,1.0,0.9,0.566,0.334,0.1
271,,0.0,0.234,0.566,0.9,0.8,0.466,0.234,0.0
272,,-0.1,0.134,0.466,0.8,0.7,0.366,0.134,-0.1
273,8,0.283,0.234,0.283,0.5,0.517,0.466,0.517,0.9
274,8,0.666,0.334,0.1,0.2,0.334,0.566,0.9,1.0
275,,0.566,0.234,0.0,0.1,0.234,0.466,0.8,0.9
276,,0.466,0.134,-0.1,0.0,0.134,0.366,0.7,0.8
277,3,0.566,0.517,0.9,0.383,0.234,0.183,0.4,0.617
278,3,0.666,0.9,1.0,0.766,0.334,-0.0,0.1,0.434
279,,0.566,0.8,0.9,0.666,0.234,-0.1,0.0,0.334
280,6,0.383,0.5,0.717,0.766,0.617,0.9,0.383,0.434
281,6,0.2,0.2,0.534,0.866,1.0,1.0,0.766,0.534
282,,0.1,0.1,0.434,0.766,0.9,0.9,0.666,0.434
283,,0.0,0.0,0.334,0.666,0.8,0.8,0.566,0.334
284,,-0.1,-0.1,0.234,0.566,0.7,0.7,0.466,0.234
285,2,0.283,0.9,0.617,0.666,0.517,0.4,0.283,0.334
286,2,0.666,1.0,1.0,0.766,0.334,0.1,0.1,0.434
287,,0.566,0.9,0.9,0.666,0.234,0.0,0.0,0.334
288,,0.466,0.8,0.8,0.566,0.134,-0.1,-0.1,0.234
289,6,0.283,0.5,0.617,0.666,0.517,0.9,0.283,0.334
290,6,0.1,0.2,0.434,0.766,0.9,1.0,0.666,0.434
291,,0.0,0.1,0.334,0.666,0.8,0.9,0.566,0.334
292,,-0.1,0.0,0.234,0.566,0.7,0.8,0.466,0.234
293,1,0.9,0.383,0.334,0.383,0.4,0.617,0.566,0.617
294,1,1.0,0.766,0.434,0.2,0.1,0.434,0.666,1.0
295,,0.9,0.666,0.334,0.1,0.0,0.334,0.566,0.9
296,,0.8,0.566,0.234,0.0,-0.1,0.234,0.466,0.8
297,5,0.5,0.383,0.334,0.383,0.9,0.617,0.566,0.617
298,5,0.2,0.2,0.434,0.766,1.0,1.0,0.666,0.434
299,,0.1,0.1,0.334,0.666,0.9,0.9,0.566,0.334
300,,0.0,0.0,0.234,0.566,0.8,0.8,0.466,0.234
301,,-0.1,-0.1,0.134,0.466,0.7,0.7,0.366,0.134
302,2,0.283,0.9,0.517,0.566,0.517,0.4,0.183,0.234
303,2,0.666,1.0,0.9,0.666,0.334,0.1,-0.0,0.334
304,,0.566,0.9,0.8,0.566,0.234,0.0,-0.1,0.234
305,7,0.666,0.717,0.5,0.383,0.334,0.383,0.9,0.617
306,7,0.766,0.534,0.2,0.2,0.434,0.766,1.0,1.0
307,,0.666,0.434,0.1,0.1,0.334,0.666,0.9,0.9
308,,0.566,0.334,0.0,0.0,0.234,0.566,0.8,0.8
309,,0.466,0.234,-0.1,-0.1,0.134,0.466,0.7,0.7
310,4,0.283,0.334,0.283,0.9,0.517,0.566,0.517,0.4
311,4,0.1,0.434,0.666,1.0,0.9,0.666,0.334,0.1
312,,0.0,0.334,0.566,0.9,0.8,0.566,0.234,0.0
313,,-0.1,0.234,0.466,0.8,0.7,0.466,0.134,-0.1
314,1,0.9,0.617,0.566,0.617,0.4,0.283,0.234,0.283
315,1,1.0,1.0,0.666,0.434,0.1,0.1,0.334,0.666
316,,0.9,0.9,0.566,0.334,0.0,0.0,0.234,0.566
317,,0.8,0.8,0.466,0.234,-0.1,-0.1,0.134,0.466
318,6,0.617,0.5,0.283,0.334,0.283,0.9,0.517,0.566
319,6,0.434,0.2,0.1,0.434,0.666,1.0,0.9,0.666
320,,0.334,0.1,0.0,0.334,0.566,0.9,0.8,0.566
321,,0.234,0.0,-0.1,0.234,0.466,0.8,0.7,0.466
322,3,0.334,0.383,0.9,0.617,0.566,0.617,0.4,0.283
323,3,0.434,0.766,1.0,1.0,0.666,0.434,0.1,0.1
324,,0.334,0.666,0.9,0.9,0.566,0.334,0.0,0.0
325,,0.234,0.566,0.8,0.8,0.466,0.234,-0.1,-0.1
326,7,0.334,0.383,0.5,0.617,0.566,0.617,0.9,0.283
327,7,0.434,0.2,0.2,0.434,0.666,1.0,1.0,0.666
328,,0.334,0.1,0.1,0.334,0.566,0.9,0.9,0.566
329,,0.234,0.0,0.0,0.234,0.466,0.8,0.8,0.466
330,,0.134,-0.1,-0.1,0.134,0.366,0.7,0.7,0.366
331,3,0.234,0.283,0.9,0.517,0.466,0.517,0.4,0.183
332,3,0.334,0.666,1.0,0.9,0.566,0.334,0.1,-0.0
333,,0.234,0.566,0.9,0.8,0.466,0.234,0.0,-0.1
334,8,0.617,0.666,0.717,0.5,0.283,0.334,0.383,0.9
335,8,1.0,0.766,0.534,0.2,0.1,0.434,0.766,1.0
336,,0.9,0.666,0.434,0.1,0.0,0.334,0.666,0.9
337,,0.8,0.566,0.334,0.0,-0.1,0.234,0.566,0.8
338,5,0.5,0.383,0.434,0.383,0.9,0.617,0.666,0.617
339,5,0.2,0.2,0.534,0.766,1.0,1.0,0.766,0.434
340,,0.1,0.1,0.434,0.666,0.9,0.9,0.666,0.334
341,,0.0,0.0,0.334,0.566,0.8,0.8,0.566,0.234
342,,-0.1,-0.1,0.234,0.466,0.7,0.7,0.466,0.134
343,1,0.9,0.283,0.334,0.283,0.4,0.517,0.566,0.517
344,1,1.0,0.666,0.434,0.1,0.1,0.334,0.666,0.9
345,,0.9,0.566,0.334,0.0,0.0,0.234,0.566,0.8
346,,0.8,0.466,0.234,-0.1,-0.1,0.134,0.466,0.7
347,5,0.5,0.283,0.334,0.283,0.9,0.517,0.566,0.517
348,5,0.2,0.1,0.434,0.666,1.0,0.9,0.666,0.334
349,,0.1,0.0,0.334,0.566,0.9,0.8,0.566,0.234
350,,0.0,-0.1,0.234,0.466,0.8,0.7,0.466,0.134
351,2,0.383,0.9,0.617,0.566,0.617,0.4,0.283,0.234
352,2,0.766,1.0,1.0,0.666,0.434,0.1,0.1,0.334
353,,0.666,0.9,0.9,0.566,0.334,0.0,0.0,0.234
354,,0.566,0.8,0.8,0.466,0.234,-0.1,-0.1,0.134
355,7,0.666,0.617,0.5,0.283,0.334,0.283,0.9,0.517
356,7,0.766,0.434,0.2,0.1,0.434,0.666,1.0,0.9
357,,0.666,0.334,0.1,0.0,0.334,0.566,0.9,0.8
358,,0.566,0.234,0.0,-0.1,0.234,0.466,0.8,0.7
359,4,0.383,0.334,0.383,0.9,0.617,0.566,0.617,0.4
360,4,0.2,0.434,0.766,1.0,1.0,0.666,0.434,0.1
361,,0.1,0.334,0.666,0.9,0.9,0.566,0.334,0.0
362,,0.0,0.234,0.566,0.8,0.8,0.466,0.234,-0.1
363,8,0.383,0.334,0.383,0.5,0.617,0.566,0.617,0.9
364,8,0.766,0.434,0.2,0.2,0.434,0.666,1.0,1.0
365,,0.666,0.334,0.1,0.1,0.334,0.566,0.9,0.9
366,,0.566,0.234,0.0,0.0,0.234,0.466,0.8,0.8
367,,0.466,0.134,-0.1,-0.1,0.134,0.366,0.7,0.7
368,3,0.566,0.517,0.9,0.283,0.234,0.183,0.4,0.517
369,3,0.666,0.9,1.0,0.666,0.334,-0.0,0.1,0.334
370,,0.566,0.8,0.9,0.566,0.234,-0.1,0.0,0.234
371,6,0.383,0.5,0.717,0.666,0.617,0.9,0.383,0.334
372,6,0.2,0.2,0.534,0.766,1.0,1.0,0.766,0.434
373,,0.1,0.1,0.434,0.666,0.9,0.9,0.666,0.334
374,,0.0,0.0,0.334,0.566,0.8,0.8,0.566,0.234
375,,-0.1,-0.1,0.234,0.466,0.7,0.7,0.466,0.134
376,1,0.9,0.283,0.334,0.283,0.4,0.517,0.566,0.517
377,1,1.0,0.666,0.434,0.1,0.1,0.334,0.666,0.9
378,,0.9,0.566,0.334,0.0,0.0,0.234,0.566,0.8
379,,0.8,0.466,0.234,-0.1,-0.1,0.134,0.466,0.7
380,4,0.617,0.566,0.617,0.9,0.283,0.234,0.283,0.4
381,4,0.434,0.666,1.0,1.0,0.666,0.334,0.1,0.1
382,,0.334,0.566,0.9,0.9,0.566,0.234,0.0,0.0
383,,0.234,0.466,0.8,0.8,0.466,0.134,-0.1,-0.1
384,7,0.334,0.283,0.5,0.617,0.566,0.517,0.9,0.283
385,7,0.434,0.1,0.2,0.434,0.666,0.9,1.0,0.666
386,,0.334,0.0,0.1,0.334,0.566,0.8,0.9,0.566
387,,0.234,-0.1,0.0,0.234,0.466,0.7,0.8,0.466
388,2,0.617,0.9,0.383,0.334,0.283,0.4,0.617,0.566
389,2,1.0,1.0,0.766,0.434,0.1,0.1,0.434,0.666
390,,0.9,0.9,0.666,0.334,0.0,0.0,0.334,0.566
391,,0.8,0.8,0.566,0.234,-0.1,-0.1,0.234,0.466
392,5,0.5,0.617,0.666,0.617,0.9,0.283,0.334,0.283
393,5,0.2,0.434,0.766,1.0,1.0,0.666,0.434,0.1
394,,0.1,0.334,0.666,0.9,0.9,0.566,0.334,0.0
395,,0.0,0.234,0.566,0.8,0.8,0.466,0.234,-0.1
396,8,0.383,0.334,0.383,0.5,0.617,0.566,0.617,0.9
397,8,0.766,0.434,0.2,0.2,0.434,0.666,1.0,1.0
398,,0.666,0.334,0.1,0.1,0.334,0.566,0.9,0.9
399,,0.566,0.234,0.0,0.0,0.234,0.466,0.8,0.8
400,,0.466,0.134,-0.1,-0.1,0.134,0.366,0.7,0.7
401,3,0.566,0.517,0.9,0.283,0.234,0.183,0.4,0.517
402,3,0.666,0.9,1.0,0.666,0.334,-0.0,0.1,0.334
403,,0.566,0.8,0.9,0.566,0.234,-0.1,0.0,0.234
404,6,0.383,0.5,0.717,0.666,0.617,0.9,0.383,0.334
405,6,0.2,0.2,0.534,0.766,1.0,1.0,0.766,0.434
406,,0.1,0.1,0.434,0.666,0.9,0.9,0.666,0.334
407,,0.0,0.0,0.334,0.566,0.8,0.8,0.566,0.234
408,,-0.1,-0.1,0.234,0.466,0.7,0.7,0.466,0.134
409,1,0.9,0.283,0.334,0.283,0.4,0.517,0.566,0.517
410,1,1.0,0.666,0.434,0.1,0.1,0.334,0.666,0.9
411,,0.9,0.566,0.334,0.0,0.0,0.234,0.566,0.8
412,,0.8,0.466,0.234,-0.1,-0.1,0.134,0.466,0.7
413,4,0.617,0.566,0.617,0.9,0.283,0.234,0.283,0.4
414,4,0.434,0.666,1.0,1.0,0.666,0.334,0.1,0.1
415,,0.334,0.566,0.9,0.9,0.566,0.234,0.0,0.0
416,,0.234,0.466,0.8,0.8,0.466,0.134,-0.1,-0.1
417,8,0.617,0.566,0.617,0.5,0.283,0.234,0.283,0.9
418,8,1.0,0.666,0.434,0.2,0.1,0.334,0.666,1.0
419,,0.9,0.566,0.334,0.1,0.0,0.234,0.566,0.9
420,,0.8,0.466,0.234,0.0,-0.1,0.134,0.466,0.8
421,5,0.5,0.283,0.334,0.383,0.9,0.517,0.566,0.617
422,5,0.2,0.1,0.434,0.766,1.0,0.9,0.666,0.434
423,,0.1,0.0,0.334,0.666,0.9,0.8,0.566,0.334
424,,0.0,-0.1,0.234,0.566,0.8,0.7,0.466,0.234
425,2,0.383,0.9,0.617,0.666,0.617,0.4,0.283,0.334
426,2,0.766,1.0,1.0,0.766,0.434,0.1,0.1,0.434
427,,0.666,0.9,0.9,0.666,0.334,0.0,0.0,0.334
428,,0.566,0.8,0.8,0.566,0.234,-0.1,-0.1,0.234
429,7,0.666,0.617,0.5,0.383,0.334,0.283,0.9,0.617
430,7,0.766,0.434,0.2,0.2,0.434,0.666,1.0,1.0
431,,0.666,0.334,0.1,0.1,0.334,0.566,0.9,0.9
432,,0.566,0.234,0.0,0.0,0.234,0.466,0.8,0.8
433,,0.466,0.134,-0.1,-0.1,0.134,0.366,0.7,0.7
434,3,0.566,0.517,0.9,0.283,0.234,0.183,0.4,0.517
435,3,0.666,0.9,1.0,0.666,0.334,-0.0,0.1,0.334
436,,0.566,0.8,0.9,0.566,0.234,-0.1,0.0,0.234
437,6,0.383,0.5,0.717,0.666,0.617,0.9,0.383,0.334
438,6,0.2,0.2,0.534,0.766,1.0,1.0,0.766,0.434
439,,0.1,0.1,0.434,0.666,0.9,0.9,0.666,0.334
440,,0.0,0.0,0.334,0.566,0.8,0.8,0.566,0.234
441,,-0.1,-0.1,0.234,0.466,0.7,0.7,0.466,0.134
442,2,0.283,0.9,0.617,0.566,0.517,0.4,0.283,0.234
443,2,0.666,1.0,1.0,0.666,0.334,0.1,0.1,0.334
444,,0.566,0.9,0.9,0.566,0.234,0.0,0.0,0.234
445,,0.466,0.8,0.8,0.466,0.134,-0.1,-0.1,0.134
446,7,0.566,0.617,0.5,0.283,0.234,0.283,0.9,0.517
447,7,0.666,0.434,0.2,0.1,0.334,0.666,1.0,0.9
448,,0.566,0.334,0.1,0.0,0.234,0.566,0.9,0.8
449,,0.466,0.234,0.0,-0.1,0.134,0.466,0.8,0.7
450,4,0.283,0.334,0.383,0.9,0.517,0.566,0.617,0.4
451,4,0.1,0.434,0.766,1.0,0.9,0.666,0.434,0.1
452,,0.0,0.334,0.666,0.9,0.8,0.566,0.334,0.0
453,,-0.1,0.234,0.566,0.8,0.7,0.466,0.234,-0.1
454,8,0.283,0.334,0.383,0.5,0.517,0.566,0.617,0.9
455,8,0.666,0.434,0.2,0.2,0.334,0.666,1.0,1.0
456,,0.566,0.334,0.1,0.1,0.234,0.566,0.9,0.9
457,,0.466,0.234,0.0,0.0,0.134,0.466,0.8,0.8
458,,0.366,0.134,-0.1,-0.1,0.034,0.366,0.7,0.7
459,4,0.183,0.234,0.283,0.9,0.417,0.466,0.517,0.4
460,4,-0.0,0.334,0.666,1.0,0.8,0.566,0.334,0.1
461,,-0.1,0.234,0.566,0.9,0.7,0.466,0.234,0.0
462,1,0.9,0.617,0.666,0.717,0.4,0.283,0.334,0.383
463,1,1.0,1.0,0.766,0.534,0.1,0.1,0.434,0.766
464,,0.9,0.9,0.666,0.434,0.0,0.0,0.334,0.666
465,,0.8,0.8,0.566,0.334,-0.1,-0.1,0.234,0.566
466,5,0.5,0.617,0.666,0.717,0.9,0.283,0.334,0.383
467,5,0.2,0.434,0.766,1.0,1.0,0.666,0.434,0.2
468,,0.1,0.334,0.666,0.9,0.9,0.566,0.334,0.1
469,,0.0,0.234,0.566,0.8,0.8,0.466,0.234,0.0
470,,-0.1,0.134,0.466,0.7,0.7,0.366,0.134,-0.1
471,8,0.283,0.234,0.283,0.4,0.517,0.466,0.517,0.9
472,8,0.666,0.334,0.1,0.1,0.334,0.566,0.9,1.0
473,,0.566,0.234,0.0,0.0,0.234,0.466,0.8,0.9
474,,0.466,0.134,-0.1,-0.1,0.134,0.366,0.7,0.8
475,3,0.566,0.517,0.9,0.283,0.234,0.183,0.4,0.617
476,3,0.666,0.9,1.0,0.666,0.334,-0.0,0.1,0.434
477,,0.566,0.8,0.9,0.566,0.234,-0.1,0.0,0.334
478,6,0.383,0.5,0.717,0.666,0.617,0.9,0.383,0.434
479,6,0.2,0.2,0.534,0.766,1.0,1.0,0.766,0.534
480,,0.1,0.1,0.434,0.666,0.9,0.9,0.666,0.434
481,,0.0,0.0,0.334,0.566,0.8,0.8,0.566,0.334
482,,-0.1,-0.1,0.234,0.466,0.7,0.7,0.466,0.234
483,2,0.283,0.9,0.617,0.566,0.517,0.4,0.283,0.334
484,2,0.666,1.0,1.0,0.666,0.334,0.1,0.1,0.434
485,,0.566,0.9,0.9,0.566,0.234,0.0,0.0,0.334
486,,0.466,0.8,0.8,0.466,0.134,-0.1,-0.1,0.234
487,7,0.566,0.617,0.5,0.283,0.234,0.283,0.9,0.617
488,7,0.666,0.434,0.2,0.1,0.334,0.666,1.0,1.0
489,,0.566,0.334,0.1,0.0,0.234,0.566,0.9,0.9
490,,0.466,0.234,0.0,-0.1,0.134,0.466,0.8,0.8
491,4,0.283,0.334,0.383,0.9,0.517,0.566,0.617,0.5
492,4,0.1,0.434,0.766,1.0,0.9,0.666,0.434,0.2
493,,0.0,0.334,0.666,0.9,0.8,0.566,0.334,0.1
494,,-0.1,0.234,0.566,0.8,0.7,0.466,0.234,0.0
495,1,0.9,0.617,0.666,0.617,0.4,0.283,0.334,0.383
496,1,1.0,1.0,0.766,0.434,0.1,0.1,0.434,0.766
497,,0.9,0.9,0.666,0.334,0.0,0.0,0.334,0.666
498,,0.8,0.8,0.566,0.234,-0.1,-0.1,0.234,0.566
499,6,0.617,0.5,0.383,0.334,0.283,0.9,0.617,0.666
