step,active_motive,motive_1,motive_2,motive_3,motive_4,motive_5,motive_6,motive_7,motive_8
0,,0.3147,0.34787,0.22727,0.31378,0.29216,0.45058,0.02272,0.14048
1,,0.1147,0.14787,0.02727,0.11378,0.09216,0.25058,-0.17728,-0.05952
2,7,0.3147,0.13587,-0.07273,0.10178,0.29216,0.66258,0.82272,0.35248
3,7,0.5147,0.12387,-0.17273,0.08978,0.49216,1.0,1.0,0.76448
4,3,0.7147,0.53587,0.82727,0.50178,0.69216,0.988,0.9,0.75248
5,3,0.9147,0.94787,1.0,0.91378,0.89216,0.976,0.8,0.74048
6,,0.7147,0.74787,0.8,0.71378,0.69216,0.776,0.6,0.54048
7,,0.5147,0.54787,0.6,0.51378,0.49216,0.576,0.4,0.34048
8,,0.3147,0.34787,0.4,0.31378,0.29216,0.376,0.2,0.14048
9,,0.1147,0.14787,0.2,0.11378,0.09216,0.176,0.0,-0.05952
10,8,0.5267,0.34787,0.188,0.01378,0.08016,0.376,0.412,0.94048
11,8,0.9387,0.54787,0.176,-0.08622,0.06816,0.576,0.824,1.0
12,4,0.9267,0.74787,0.588,0.91378,0.48016,0.776,0.812,0.9
13,4,0.9147,0.94787,1.0,1.0,0.89216,0.976,0.8,0.8
14,,0.7147,0.74787,0.8,0.8,0.69216,0.776,0.6,0.6
15,,0.5147,0.54787,0.6,0.6,0.49216,0.576,0.4,0.4
16,,0.3147,0.34787,0.4,0.4,0.29216,0.376,0.2,0.2
17,,0.1147,0.14787,0.2,0.2,0.09216,0.176,0.0,0.0
18,,-0.0853,-0.05213,0.0,0.0,-0.10784,-0.024,-0.2,-0.2
19,8,0.3267,0.14787,-0.012,-0.1,-0.11984,0.176,0.212,0.8
20,8,0.7387,0.34787,-0.024,-0.2,-0.13184,0.376,0.624,1.0
21,4,0.7267,0.54787,0.388,0.8,0.28016,0.576,0.612,0.9
22,4,0.7147,0.74787,0.8,1.0,0.69216,0.776,0.6,0.8
23,,0.5147,0.54787,0.6,0.8,0.49216,0.576,0.4,0.6
24,,0.3147,0.34787,0.4,0.6,0.29216,0.376,0.2,0.4
25,,0.1147,0.14787,0.2,0.4,0.09216,0.176,0.0,0.2
26,,-0.0853,-0.05213,0.0,0.2,-0.10784,-0.024,-0.2,0.0
27,7,0.1147,-0.06413,-0.1,0.188,0.09216,0.388,0.8,0.412
28,7,0.3147,-0.07613,-0.2,0.176,0.29216,0.8,1.0,0.824
29,3,0.5147,0.33587,0.8,0.588,0.49216,0.788,0.9,0.812
30,3,0.7147,0.74787,1.0,1.0,0.69216,0.776,0.8,0.8
31,,0.5147,0.54787,0.8,0.8,0.49216,0.576,0.6,0.6
32,,0.3147,0.34787,0.6,0.6,0.29216,0.376,0.4,0.4
33,,0.1147,0.14787,0.4,0.4,0.09216,0.176,0.2,0.2
34,,-0.0853,-0.05213,0.2,0.2,-0.10784,-0.024,0.0,0.0
35,5,-0.1853,-0.06413,0.4,0.612,0.89216,0.388,0.2,-0.012
36,5,-0.2853,-0.07613,0.6,1.0,1.0,0.8,0.4,-0.024
37,1,0.7147,0.33587,0.8,0.988,0.9,0.788,0.6,0.388
38,1,1.0,0.74787,1.0,0.976,0.8,0.776,0.8,0.8
39,,0.8,0.54787,0.8,0.776,0.6,0.576,0.6,0.6
40,,0.6,0.34787,0.6,0.576,0.4,0.376,0.4,0.4
41,,0.4,0.14787,0.4,0.376,0.2,0.176,0.2,0.2
42,,0.2,-0.05213,0.2,0.176,0.0,-0.024,0.0,0.0
43,2,0.612,0.94787,0.612,0.376,-0.012,-0.124,-0.012,0.2
44,2,1.0,1.0,1.0,0.576,-0.024,-0.224,-0.024,0.4
45,6,0.988,0.9,0.988,0.776,0.388,0.776,0.388,0.6
46,6,0.976,0.8,0.976,0.976,0.8,1.0,0.8,0.8
47,,0.776,0.6,0.776,0.776,0.6,0.8,0.6,0.6
48,,0.576,0.4,0.576,0.576,0.4,0.6,0.4,0.4
49,,0.376,0.2,0.376,0.376,0.2,0.4,0.2,0.2
50,,0.176,0.0,0.176,0.176,0.0,0.2,0.0,0.0
51,,-0.024,-0.2,-0.024,-0.024,-0.2,0.0,-0.2,-0.2
52,8,0.388,0.0,-0.036,-0.124,-0.212,0.2,0.212,0.8
53,8,0.8,0.2,-0.048,-0.224,-0.224,0.4,0.624,1.0
54,5,0.7,0.188,0.152,0.188,0.776,0.812,0.824,0.988
55,5,0.6,0.176,0.352,0.6,1.0,1.0,1.0,0.976
56,,0.4,-0.024,0.152,0.4,0.8,0.8,0.8,0.776
57,2,0.812,0.976,0.564,0.6,0.788,0.7,0.788,0.976
58,2,1.0,1.0,0.976,0.8,0.776,0.6,0.776,1.0
59,,0.8,0.8,0.776,0.6,0.576,0.4,0.576,0.8
60,,0.6,0.6,0.576,0.4,0.376,0.2,0.376,0.6
61,,0.4,0.4,0.376,0.2,0.176,0.0,0.176,0.4
62,,0.2,0.2,0.176,0.0,-0.024,-0.2,-0.024,0.2
63,6,0.188,0.1,0.164,0.2,0.388,0.8,0.388,0.4
64,6,0.176,0.0,0.152,0.4,0.8,1.0,0.8,0.6
65,,-0.024,-0.2,-0.048,0.2,0.6,0.8,0.6,0.4
66,2,0.388,0.8,0.364,0.4,0.588,0.7,0.588,0.6
67,2,0.8,1.0,0.776,0.6,0.576,0.6,0.576,0.8
68,,0.6,0.8,0.576,0.4,0.376,0.4,0.376,0.6
69,,0.4,0.6,0.376,0.2,0.176,0.2,0.176,0.4
70,,0.2,0.4,0.176,0.0,-0.024,0.0,-0.024,0.2
71,7,0.4,0.388,0.076,-0.012,0.176,0.412,0.976,0.612
72,7,0.6,0.376,-0.024,-0.024,0.376,0.824,1.0,1.0
73,4,0.588,0.576,0.388,0.976,0.788,1.0,0.988,0.9
74,4,0.576,0.776,0.8,1.0,1.0,1.0,0.976,0.8
75,,0.376,0.576,0.6,0.8,0.8,0.8,0.776,0.6
76,,0.176,0.376,0.4,0.6,0.6,0.6,0.576,0.4
77,,-0.024,0.176,0.2,0.4,0.4,0.4,0.376,0.2
78,1,0.976,0.588,0.4,0.388,0.3,0.388,0.576,0.612
79,1,1.0,1.0,0.6,0.376,0.2,0.376,0.776,1.0
80,,0.8,0.8,0.4,0.176,0.0,0.176,0.576,0.8
81,,0.6,0.6,0.2,-0.024,-0.2,-0.024,0.376,0.6
82,5,0.5,0.588,0.4,0.388,0.8,0.388,0.576,0.588
83,5,0.4,0.576,0.6,0.8,1.0,0.8,0.776,0.576
84,,0.2,0.376,0.4,0.6,0.8,0.6,0.576,0.376
85,,0.0,0.176,0.2,0.4,0.6,0.4,0.376,0.176
86,,-0.2,-0.024,0.0,0.2,0.4,0.2,0.176,-0.024
87,1,0.8,0.388,0.2,0.188,0.3,0.188,0.376,0.388
88,1,1.0,0.8,0.4,0.176,0.2,0.176,0.576,0.8
89,,0.8,0.6,0.2,-0.024,0.0,-0.024,0.376,0.6
90,6,0.788,0.5,0.188,0.176,0.412,0.976,0.788,0.8
91,6,0.776,0.4,0.176,0.376,0.824,1.0,1.0,1.0
92,,0.576,0.2,-0.024,0.176,0.624,0.8,0.8,0.8
93,3,0.776,0.612,0.976,0.588,0.824,0.788,0.7,0.788
94,3,0.976,1.0,1.0,1.0,1.0,0.776,0.6,0.776
95,,0.776,0.8,0.8,0.8,0.8,0.576,0.4,0.576
96,,0.576,0.6,0.6,0.6,0.6,0.376,0.2,0.376
97,,0.376,0.4,0.4,0.4,0.4,0.176,0.0,0.176
98,,0.176,0.2,0.2,0.2,0.2,-0.024,-0.2,-0.024
99,7,0.376,0.188,0.1,0.188,0.4,0.388,0.8,0.388
100,7,0.576,0.176,0.0,0.176,0.6,0.8,1.0,0.8
101,,0.376,-0.024,-0.2,-0.024,0.4,0.6,0.8,0.6
102,3,0.576,0.388,0.8,0.388,0.6,0.588,0.7,0.588
103,3,0.776,0.8,1.0,0.8,0.8,0.576,0.6,0.576
104,,0.576,0.6,0.8,0.6,0.6,0.376,0.4,0.376
105,,0.376,0.4,0.6,0.4,0.4,0.176,0.2,0.176
106,,0.176,0.2,0.4,0.2,0.2,-0.024,0.0,-0.024
107,8,0.588,0.4,0.388,0.1,0.188,0.176,0.412,0.976
108,8,1.0,0.6,0.376,0.0,0.176,0.376,0.824,1.0
109,,0.8,0.4,0.176,-0.2,-0.024,0.176,0.624,0.8
110,4,0.788,0.6,0.588,0.8,0.388,0.376,0.612,0.7
111,4,0.776,0.8,1.0,1.0,0.8,0.576,0.6,0.6
112,,0.576,0.6,0.8,0.8,0.6,0.376,0.4,0.4
113,,0.376,0.4,0.6,0.6,0.4,0.176,0.2,0.2
114,,0.176,0.2,0.4,0.4,0.2,-0.024,0.0,0.0
115,6,0.164,0.1,0.388,0.6,0.612,0.976,0.412,0.2
116,6,0.152,0.0,0.376,0.8,1.0,1.0,0.824,0.4
117,,-0.048,-0.2,0.176,0.6,0.8,0.8,0.624,0.2
118,2,0.364,0.8,0.588,0.8,0.788,0.7,0.612,0.4
119,2,0.776,1.0,1.0,1.0,0.776,0.6,0.6,0.6
120,,0.576,0.8,0.8,0.8,0.576,0.4,0.4,0.4
121,,0.376,0.6,0.6,0.6,0.376,0.2,0.2,0.2
122,,0.176,0.4,0.4,0.4,0.176,0.0,0.0,0.0
123,,-0.024,0.2,0.2,0.2,-0.024,-0.2,-0.2,-0.2
124,6,-0.036,0.1,0.188,0.4,0.388,0.8,0.212,0.0
125,6,-0.048,0.0,0.176,0.6,0.8,1.0,0.624,0.2
126,1,0.952,0.412,0.376,0.588,0.7,0.988,0.824,0.612
127,1,1.0,0.824,0.576,0.576,0.6,0.976,1.0,1.0
128,,0.8,0.624,0.376,0.376,0.4,0.776,0.8,0.8
129,,0.6,0.424,0.176,0.176,0.2,0.576,0.6,0.6
130,,0.4,0.224,-0.024,-0.024,0.0,0.376,0.4,0.4
131,4,0.388,0.424,0.388,0.976,0.412,0.576,0.388,0.3
132,4,0.376,0.624,0.8,1.0,0.824,0.776,0.376,0.2
133,,0.176,0.424,0.6,0.8,0.624,0.576,0.176,0.0
134,,-0.024,0.224,0.4,0.6,0.424,0.376,-0.024,-0.2
135,8,0.388,0.424,0.388,0.5,0.412,0.576,0.388,0.8
136,8,0.8,0.624,0.376,0.4,0.4,0.776,0.8,1.0
137,,0.6,0.424,0.176,0.2,0.2,0.576,0.6,0.8
138,,0.4,0.224,-0.024,0.0,0.0,0.376,0.4,0.6
139,3,0.6,0.636,0.976,0.412,0.2,0.364,0.3,0.588
140,3,0.8,1.0,1.0,0.824,0.4,0.352,0.2,0.576
141,,0.6,0.8,0.8,0.624,0.2,0.152,0.0,0.376
142,,0.4,0.6,0.6,0.424,0.0,-0.048,-0.2,0.176
143,7,0.6,0.588,0.5,0.412,0.2,0.364,0.8,0.588
144,7,0.8,0.576,0.4,0.4,0.4,0.776,1.0,1.0
145,,0.6,0.376,0.2,0.2,0.2,0.576,0.8,0.8
146,,0.4,0.176,0.0,0.0,0.0,0.376,0.6,0.6
147,,0.2,-0.024,-0.2,-0.2,-0.2,0.176,0.4,0.4
148,4,0.188,0.176,0.212,0.8,0.212,0.376,0.388,0.3
149,4,0.176,0.376,0.624,1.0,0.624,0.576,0.376,0.2
150,,-0.024,0.176,0.424,0.8,0.424,0.376,0.176,0.0
151,1,0.976,0.588,0.624,0.788,0.324,0.364,0.376,0.412
152,1,1.0,1.0,0.824,0.776,0.224,0.352,0.576,0.824
153,,0.8,0.8,0.624,0.576,0.024,0.152,0.376,0.624
154,,0.6,0.6,0.424,0.376,-0.176,-0.048,0.176,0.424
155,5,0.5,0.588,0.624,0.788,0.824,0.364,0.376,0.412
156,5,0.4,0.576,0.824,1.0,1.0,0.776,0.576,0.4
157,,0.2,0.376,0.624,0.8,0.8,0.576,0.376,0.2
158,,0.0,0.176,0.424,0.6,0.6,0.376,0.176,0.0
159,,-0.2,-0.024,0.224,0.4,0.4,0.176,-0.024,-0.2
160,8,0.212,0.176,0.212,0.3,0.388,0.376,0.388,0.8
161,8,0.624,0.376,0.2,0.2,0.376,0.576,0.8,1.0
162,,0.424,0.176,0.0,0.0,0.176,0.376,0.6,0.8
163,,0.224,-0.024,-0.2,-0.2,-0.024,0.176,0.4,0.6
164,4,0.212,0.176,0.212,0.8,0.388,0.376,0.388,0.5
165,4,0.2,0.376,0.624,1.0,0.8,0.576,0.376,0.4
166,,0.0,0.176,0.424,0.8,0.6,0.376,0.176,0.2
167,,-0.2,-0.024,0.224,0.6,0.4,0.176,-0.024,0.0
168,1,0.8,0.388,0.424,0.588,0.3,0.164,0.176,0.412
169,1,1.0,0.8,0.624,0.576,0.2,0.152,0.376,0.824
170,,0.8,0.6,0.424,0.376,0.0,-0.048,0.176,0.624
171,6,0.788,0.5,0.412,0.576,0.412,0.952,0.588,0.824
172,6,0.776,0.4,0.4,0.776,0.824,1.0,1.0,1.0
173,,0.576,0.2,0.2,0.576,0.624,0.8,0.8,0.8
174,,0.376,0.0,0.0,0.376,0.424,0.6,0.6,0.6
175,,0.176,-0.2,-0.2,0.176,0.224,0.4,0.4,0.4
176,3,0.376,0.212,0.8,0.588,0.424,0.388,0.3,0.388
177,3,0.576,0.624,1.0,1.0,0.624,0.376,0.2,0.376
178,,0.376,0.424,0.8,0.8,0.424,0.176,0.0,0.176
179,,0.176,0.224,0.6,0.6,0.224,-0.024,-0.2,-0.024
180,7,0.376,0.212,0.5,0.588,0.424,0.388,0.8,0.388
181,7,0.576,0.2,0.4,0.576,0.624,0.8,1.0,0.8
182,,0.376,0.0,0.2,0.376,0.424,0.6,0.8,0.6
183,,0.176,-0.2,0.0,0.176,0.224,0.4,0.6,0.4
184,2,0.588,0.8,0.412,0.376,0.212,0.3,0.588,0.6
185,2,1.0,1.0,0.824,0.576,0.2,0.2,0.576,0.8
186,,0.8,0.8,0.624,0.376,0.0,0.0,0.376,0.6
187,,0.6,0.6,0.424,0.176,-0.2,-0.2,0.176,0.4
188,6,0.588,0.5,0.412,0.376,0.212,0.8,0.588,0.6
189,6,0.576,0.4,0.4,0.576,0.624,1.0,1.0,0.8
190,,0.376,0.2,0.2,0.376,0.424,0.8,0.8,0.6
191,,0.176,0.0,0.0,0.176,0.224,0.6,0.6,0.4
192,,-0.024,-0.2,-0.2,-0.024,0.024,0.4,0.4,0.2
193,3,0.176,0.212,0.8,0.388,0.224,0.388,0.3,0.188
194,3,0.376,0.624,1.0,0.8,0.424,0.376,0.2,0.176
195,,0.176,0.424,0.8,0.6,0.224,0.176,0.0,-0.024
196,8,0.588,0.624,0.788,0.5,0.212,0.376,0.412,0.976
197,8,1.0,0.824,0.776,0.4,0.2,0.576,0.824,1.0
198,,0.8,0.624,0.576,0.2,0.0,0.376,0.624,0.8
199,,0.6,0.424,0.376,0.0,-0.2,0.176,0.424,0.6
200,5,0.5,0.412,0.576,0.412,0.8,0.588,0.624,0.588
201,5,0.4,0.4,0.776,0.824,1.0,1.0,0.824,0.576
202,,0.2,0.2,0.576,0.624,0.8,0.8,0.624,0.376
203,,0.0,0.0,0.376,0.424,0.6,0.6,0.424,0.176
204,,-0.2,-0.2,0.176,0.224,0.4,0.4,0.224,-0.024
205,2,0.212,0.8,0.588,0.424,0.388,0.3,0.212,0.176
206,2,0.624,1.0,1.0,0.624,0.376,0.2,0.2,0.376
207,,0.424,0.8,0.8,0.424,0.176,0.0,0.0,0.176
208,,0.224,0.6,0.6,0.224,-0.024,-0.2,-0.2,-0.024
209,7,0.424,0.588,0.5,0.212,0.176,0.212,0.8,0.388
210,7,0.624,0.576,0.4,0.2,0.376,0.624,1.0,0.8
211,,0.424,0.376,0.2,0.0,0.176,0.424,0.8,0.6
212,,0.224,0.176,0.0,-0.2,-0.024,0.224,0.6,0.4
213,4,0.212,0.376,0.412,0.8,0.388,0.424,0.588,0.3
214,4,0.2,0.576,0.824,1.0,0.8,0.624,0.576,0.2
215,,0.0,0.376,0.624,0.8,0.6,0.424,0.376,0.0
216,,-0.2,0.176,0.424,0.6,0.4,0.224,0.176,-0.2
217,8,0.212,0.376,0.412,0.5,0.388,0.424,0.588,0.8
218,8,0.624,0.576,0.4,0.4,0.376,0.624,1.0,1.0
219,,0.424,0.376,0.2,0.2,0.176,0.424,0.8,0.8
220,,0.224,0.176,0.0,0.0,-0.024,0.224,0.6,0.6
221,5,0.124,0.164,0.2,0.412,0.976,0.636,0.8,0.588
222,5,0.024,0.152,0.4,0.824,1.0,1.0,1.0,0.576
223,,-0.176,-0.048,0.2,0.624,0.8,0.8,0.8,0.376
224,1,0.824,0.364,0.4,0.612,0.7,0.788,1.0,0.788
225,1,1.0,0.776,0.6,0.6,0.6,0.776,1.0,1.0
226,,0.8,0.576,0.4,0.4,0.4,0.576,0.8,0.8
227,,0.6,0.376,0.2,0.2,0.2,0.376,0.6,0.6
228,,0.4,0.176,0.0,0.0,0.0,0.176,0.4,0.4
229,,0.2,-0.024,-0.2,-0.2,-0.2,-0.024,0.2,0.2
230,3,0.4,0.388,0.8,0.212,0.0,-0.036,0.1,0.188
231,3,0.6,0.8,1.0,0.624,0.2,-0.048,0.0,0.176
232,6,0.588,0.7,0.988,0.824,0.612,0.952,0.412,0.376
233,6,0.576,0.6,0.976,1.0,1.0,1.0,0.824,0.576
234,,0.376,0.4,0.776,0.8,0.8,0.8,0.624,0.376
235,,0.176,0.2,0.576,0.6,0.6,0.6,0.424,0.176
236,,-0.024,0.0,0.376,0.4,0.4,0.4,0.224,-0.024
237,1,0.976,0.412,0.576,0.388,0.3,0.388,0.424,0.388
238,1,1.0,0.824,0.776,0.376,0.2,0.376,0.624,0.8
239,,0.8,0.624,0.576,0.176,0.0,0.176,0.424,0.6
240,,0.6,0.424,0.376,-0.024,-0.2,-0.024,0.224,0.4
241,5,0.5,0.412,0.576,0.388,0.8,0.388,0.424,0.388
242,5,0.4,0.4,0.776,0.8,1.0,0.8,0.624,0.376
243,,0.2,0.2,0.576,0.6,0.8,0.6,0.424,0.176
244,,0.0,0.0,0.376,0.4,0.6,0.4,0.224,-0.024
245,8,0.412,0.2,0.364,0.3,0.588,0.6,0.636,0.976
246,8,0.824,0.4,0.352,0.2,0.576,0.8,1.0,1.0
247,,0.624,0.2,0.152,0.0,0.376,0.6,0.8,0.8
248,,0.424,0.0,-0.048,-0.2,0.176,0.4,0.6,0.6
249,4,0.412,0.2,0.364,0.8,0.588,0.6,0.588,0.5
250,4,0.4,0.4,0.776,1.0,1.0,0.8,0.576,0.4
251,,0.2,0.2,0.576,0.8,0.8,0.6,0.376,0.2
252,,0.0,0.0,0.376,0.6,0.6,0.4,0.176,0.0
253,,-0.2,-0.2,0.176,0.4,0.4,0.2,-0.024,-0.2
254,8,0.212,0.0,0.164,0.3,0.388,0.4,0.388,0.8
255,8,0.624,0.2,0.152,0.2,0.376,0.6,0.8,1.0
256,,0.424,0.0,-0.048,0.0,0.176,0.4,0.6,0.8
257,3,0.624,0.412,0.952,0.412,0.376,0.388,0.5,0.788
258,3,0.824,0.824,1.0,0.824,0.576,0.376,0.4,0.776
259,,0.624,0.624,0.8,0.624,0.376,0.176,0.2,0.576
260,,0.424,0.424,0.6,0.424,0.176,-0.024,0.0,0.376
261,6,0.412,0.324,0.588,0.624,0.588,0.976,0.412,0.576
262,6,0.4,0.224,0.576,0.824,1.0,1.0,0.824,0.776
263,,0.2,0.024,0.376,0.624,0.8,0.8,0.624,0.576
264,,0.0,-0.176,0.176,0.424,0.6,0.6,0.424,0.376
265,2,0.412,0.824,0.588,0.624,0.588,0.5,0.412,0.576
266,2,0.824,1.0,1.0,0.824,0.576,0.4,0.4,0.776
267,,0.624,0.8,0.8,0.624,0.376,0.2,0.2,0.576
268,,0.424,0.6,0.6,0.424,0.176,0.0,0.0,0.376
269,,0.224,0.4,0.4,0.224,-0.024,-0.2,-0.2,0.176
270,7,0.424,0.388,0.3,0.212,0.176,0.212,0.8,0.588
271,7,0.624,0.376,0.2,0.2,0.376,0.624,1.0,1.0
272,,0.424,0.176,0.0,0.0,0.176,0.424,0.8,0.8
273,,0.224,-0.024,-0.2,-0.2,-0.024,0.224,0.6,0.6
274,3,0.424,0.388,0.8,0.212,0.176,0.212,0.5,0.588
275,3,0.624,0.8,1.0,0.624,0.376,0.2,0.4,0.576
276,,0.424,0.6,0.8,0.424,0.176,0.0,0.2,0.376
277,,0.224,0.4,0.6,0.224,-0.024,-0.2,0.0,0.176
278,6,0.212,0.3,0.588,0.424,0.388,0.8,0.412,0.376
279,6,0.2,0.2,0.576,0.624,0.8,1.0,0.824,0.576
280,,0.0,0.0,0.376,0.424,0.6,0.8,0.624,0.376
281,,-0.2,-0.2,0.176,0.224,0.4,0.6,0.424,0.176
282,1,0.8,0.212,0.376,0.212,0.3,0.588,0.624,0.588
283,1,1.0,0.624,0.576,0.2,0.2,0.576,0.824,1.0
284,,0.8,0.424,0.376,0.0,0.0,0.376,0.624,0.8
285,,0.6,0.224,0.176,-0.2,-0.2,0.176,0.424,0.6
286,4,0.588,0.424,0.588,0.8,0.212,0.376,0.412,0.5
287,4,0.576,0.624,1.0,1.0,0.624,0.576,0.4,0.4
288,,0.376,0.424,0.8,0.8,0.424,0.376,0.2,0.2
289,,0.176,0.224,0.6,0.6,0.224,0.176,0.0,0.0
290,,-0.024,0.024,0.4,0.4,0.024,-0.024,-0.2,-0.2
291,7,0.176,0.012,0.3,0.388,0.224,0.388,0.8,0.212
292,7,0.376,0.0,0.2,0.376,0.424,0.8,1.0,0.624
293,,0.176,-0.2,0.0,0.176,0.224,0.6,0.8,0.424
294,2,0.588,0.8,0.412,0.376,0.212,0.5,0.788,0.624
295,2,1.0,1.0,0.824,0.576,0.2,0.4,0.776,0.824
296,,0.8,0.8,0.624,0.376,0.0,0.2,0.576,0.624
297,,0.6,0.6,0.424,0.176,-0.2,0.0,0.376,0.424
298,5,0.5,0.588,0.624,0.588,0.8,0.412,0.576,0.412
299,5,0.4,0.576,0.824,1.0,1.0,0.824,0.776,0.4
300,,0.2,0.376,0.624,0.8,0.8,0.624,0.576,0.2
301,,0.0,0.176,0.424,0.6,0.6,0.424,0.376,0.0
302,,-0.2,-0.024,0.224,0.4,0.4,0.224,0.176,-0.2
303,1,0.8,0.388,0.424,0.388,0.3,0.212,0.376,0.212
304,1,1.0,0.8,0.624,0.376,0.2,0.2,0.576,0.624
305,,0.8,0.6,0.424,0.176,0.0,0.0,0.376,0.424
306,,0.6,0.4,0.224,-0.024,-0.2,-0.2,0.176,0.224
307,6,0.588,0.3,0.212,0.176,0.212,0.8,0.588,0.424
308,6,0.576,0.2,0.2,0.376,0.624,1.0,1.0,0.624
309,,0.376,0.0,0.0,0.176,0.424,0.8,0.8,0.424
310,,0.176,-0.2,-0.2,-0.024,0.224,0.6,0.6,0.224
311,2,0.588,0.8,0.212,0.176,0.212,0.5,0.588,0.424
312,2,1.0,1.0,0.624,0.376,0.2,0.4,0.576,0.624
313,,0.8,0.8,0.424,0.176,0.0,0.2,0.376,0.424
314,,0.6,0.6,0.224,-0.024,-0.2,0.0,0.176,0.224
315,5,0.5,0.588,0.424,0.388,0.8,0.412,0.376,0.212
316,5,0.4,0.576,0.624,0.8,1.0,0.824,0.576,0.2
317,,0.2,0.376,0.424,0.6,0.8,0.624,0.376,0.0
318,,0.0,0.176,0.224,0.4,0.6,0.424,0.176,-0.2
319,8,0.412,0.376,0.212,0.3,0.588,0.624,0.588,0.8
320,8,0.824,0.576,0.2,0.2,0.576,0.824,1.0,1.0
321,,0.624,0.376,0.0,0.0,0.376,0.624,0.8,0.8
322,,0.424,0.176,-0.2,-0.2,0.176,0.424,0.6,0.6
323,4,0.412,0.376,0.212,0.8,0.588,0.624,0.588,0.5
324,4,0.4,0.576,0.624,1.0,1.0,0.824,0.576,0.4
325,,0.2,0.376,0.424,0.8,0.8,0.624,0.376,0.2
326,,0.0,0.176,0.224,0.6,0.6,0.424,0.176,0.0
327,,-0.2,-0.024,0.024,0.4,0.4,0.224,-0.024,-0.2
328,8,0.212,0.176,0.012,0.3,0.388,0.424,0.388,0.8
329,8,0.624,0.376,0.0,0.2,0.376,0.624,0.8,1.0
330,,0.424,0.176,-0.2,0.0,0.176,0.424,0.6,0.8
331,3,0.624,0.588,0.8,0.412,0.376,0.412,0.5,0.788
332,3,0.824,1.0,1.0,0.824,0.576,0.4,0.4,0.776
333,,0.624,0.8,0.8,0.624,0.376,0.2,0.2,0.576
334,,0.424,0.6,0.6,0.424,0.176,0.0,0.0,0.376
335,,0.224,0.4,0.4,0.224,-0.024,-0.2,-0.2,0.176
336,6,0.212,0.3,0.388,0.424,0.388,0.8,0.212,0.376
337,6,0.2,0.2,0.376,0.624,0.8,1.0,0.624,0.576
338,,0.0,0.0,0.176,0.424,0.6,0.8,0.424,0.376
339,,-0.2,-0.2,-0.024,0.224,0.4,0.6,0.224,0.176
340,1,0.8,0.212,0.176,0.212,0.3,0.588,0.424,0.588
341,1,1.0,0.624,0.376,0.2,0.2,0.576,0.624,1.0
342,,0.8,0.424,0.176,0.0,0.0,0.376,0.424,0.8
343,,0.6,0.224,-0.024,-0.2,-0.2,0.176,0.224,0.6
344,5,0.5,0.212,0.176,0.212,0.8,0.588,0.424,0.588
345,5,0.4,0.2,0.376,0.624,1.0,1.0,0.624,0.576
346,,0.2,0.0,0.176,0.424,0.8,0.8,0.424,0.376
347,,0.0,-0.2,-0.024,0.224,0.6,0.6,0.224,0.176
348,2,0.412,0.8,0.388,0.424,0.588,0.5,0.212,0.376
349,2,0.824,1.0,0.8,0.624,0.576,0.4,0.2,0.576
350,,0.624,0.8,0.6,0.424,0.376,0.2,0.0,0.376
351,,0.424,0.6,0.4,0.224,0.176,0.0,-0.2,0.176
352,7,0.624,0.588,0.3,0.212,0.376,0.412,0.8,0.588
353,7,0.824,0.576,0.2,0.2,0.576,0.824,1.0,1.0
354,,0.624,0.376,0.0,0.0,0.376,0.624,0.8,0.8
355,,0.424,0.176,-0.2,-0.2,0.176,0.424,0.6,0.6
356,3,0.624,0.588,0.8,0.212,0.376,0.412,0.5,0.588
357,3,0.824,1.0,1.0,0.624,0.576,0.4,0.4,0.576
358,,0.624,0.8,0.8,0.424,0.376,0.2,0.2,0.376
359,,0.424,0.6,0.6,0.224,0.176,0.0,0.0,0.176
360,,0.224,0.4,0.4,0.024,-0.024,-0.2,-0.2,-0.024
361,6,0.212,0.3,0.388,0.224,0.388,0.8,0.212,0.176
362,6,0.2,0.2,0.376,0.424,0.8,1.0,0.624,0.376
363,,0.0,0.0,0.176,0.224,0.6,0.8,0.424,0.176
364,,-0.2,-0.2,-0.024,0.024,0.4,0.6,0.224,-0.024
365,2,0.212,0.8,0.388,0.224,0.388,0.5,0.212,0.176
366,2,0.624,1.0,0.8,0.424,0.376,0.4,0.2,0.376
367,,0.424,0.8,0.6,0.224,0.176,0.2,0.0,0.176
368,,0.224,0.6,0.4,0.024,-0.024,0.0,-0.2,-0.024
369,7,0.424,0.588,0.3,0.012,0.176,0.412,0.8,0.388
370,7,0.624,0.576,0.2,0.0,0.376,0.824,1.0,0.8
371,,0.424,0.376,0.0,-0.2,0.176,0.624,0.8,0.6
372,4,0.412,0.576,0.412,0.8,0.588,0.824,0.788,0.5
373,4,0.4,0.776,0.824,1.0,1.0,1.0,0.776,0.4
374,,0.2,0.576,0.624,0.8,0.8,0.8,0.576,0.2
375,,0.0,0.376,0.424,0.6,0.6,0.6,0.376,0.0
376,,-0.2,0.176,0.224,0.4,0.4,0.4,0.176,-0.2
377,8,0.212,0.376,0.212,0.3,0.388,0.6,0.588,0.8
378,8,0.624,0.576,0.2,0.2,0.376,0.8,1.0,1.0
379,,0.424,0.376,0.0,0.0,0.176,0.6,0.8,0.8
380,,0.224,0.176,-0.2,-0.2,-0.024,0.4,0.6,0.6
381,3,0.424,0.588,0.8,0.212,0.176,0.388,0.5,0.588
382,3,0.624,1.0,1.0,0.624,0.376,0.376,0.4,0.576
383,,0.424,0.8,0.8,0.424,0.176,0.176,0.2,0.376
384,,0.224,0.6,0.6,0.224,-0.024,-0.024,0.0,0.176
385,6,0.212,0.5,0.588,0.424,0.388,0.976,0.412,0.376
386,6,0.2,0.4,0.576,0.624,0.8,1.0,0.824,0.576
387,,0.0,0.2,0.376,0.424,0.6,0.8,0.624,0.376
388,,-0.2,0.0,0.176,0.224,0.4,0.6,0.424,0.176
389,1,0.8,0.412,0.376,0.212,0.3,0.588,0.624,0.588
390,1,1.0,0.824,0.576,0.2,0.2,0.576,0.824,1.0
391,,0.8,0.624,0.376,0.0,0.0,0.376,0.624,0.8
392,,0.6,0.424,0.176,-0.2,-0.2,0.176,0.424,0.6
393,4,0.588,0.624,0.588,0.8,0.212,0.376,0.412,0.5
394,4,0.576,0.824,1.0,1.0,0.624,0.576,0.4,0.4
395,,0.376,0.624,0.8,0.8,0.424,0.376,0.2,0.2
396,,0.176,0.424,0.6,0.6,0.224,0.176,0.0,0.0
397,,-0.024,0.224,0.4,0.4,0.024,-0.024,-0.2,-0.2
398,7,0.176,0.212,0.3,0.388,0.224,0.388,0.8,0.212
399,7,0.376,0.2,0.2,0.376,0.424,0.8,1.0,0.624
400,,0.176,0.0,0.0,0.176,0.224,0.6,0.8,0.424
401,,-0.024,-0.2,-0.2,-0.024,0.024,0.4,0.6,0.224
402,2,0.388,0.8,0.212,0.176,0.012,0.3,0.588,0.424
403,2,0.8,1.0,0.624,0.376,0.0,0.2,0.576,0.624
404,,0.6,0.8,0.424,0.176,-0.2,0.0,0.376,0.424
405,5,0.5,0.788,0.624,0.588,0.8,0.412,0.576,0.412
406,5,0.4,0.776,0.824,1.0,1.0,0.824,0.776,0.4
407,,0.2,0.576,0.624,0.8,0.8,0.624,0.576,0.2
408,,0.0,0.376,0.424,0.6,0.6,0.424,0.376,0.0
409,,-0.2,0.176,0.224,0.4,0.4,0.224,0.176,-0.2
410,8,0.212,0.376,0.212,0.3,0.388,0.424,0.588,0.8
411,8,0.624,0.576,0.2,0.2,0.376,0.624,1.0,1.0
412,,0.424,0.376,0.0,0.0,0.176,0.424,0.8,0.8
413,,0.224,0.176,-0.2,-0.2,-0.024,0.224,0.6,0.6
414,4,0.212,0.376,0.212,0.8,0.388,0.424,0.588,0.5
415,4,0.2,0.576,0.624,1.0,0.8,0.624,0.576,0.4
416,,0.0,0.376,0.424,0.8,0.6,0.424,0.376,0.2
417,,-0.2,0.176,0.224,0.6,0.4,0.224,0.176,0.0
418,1,0.8,0.588,0.424,0.588,0.3,0.212,0.376,0.412
419,1,1.0,1.0,0.624,0.576,0.2,0.2,0.576,0.824
420,,0.8,0.8,0.424,0.376,0.0,0.0,0.376,0.624
421,,0.6,0.6,0.224,0.176,-0.2,-0.2,0.176,0.424
422,6,0.588,0.5,0.212,0.376,0.212,0.8,0.588,0.624
423,6,0.576,0.4,0.2,0.576,0.624,1.0,1.0,0.824
424,,0.376,0.2,0.0,0.376,0.424,0.8,0.8,0.624
425,,0.176,0.0,-0.2,0.176,0.224,0.6,0.6,0.424
426,3,0.376,0.412,0.8,0.588,0.424,0.588,0.5,0.412
427,3,0.576,0.824,1.0,1.0,0.624,0.576,0.4,0.4
428,,0.376,0.624,0.8,0.8,0.424,0.376,0.2,0.2
429,,0.176,0.424,0.6,0.6,0.224,0.176,0.0,0.0
430,,-0.024,0.224,0.4,0.4,0.024,-0.024,-0.2,-0.2
431,8,0.388,0.424,0.388,0.3,0.012,0.176,0.212,0.8
432,8,0.8,0.624,0.376,0.2,0.0,0.376,0.624,1.0
433,,0.6,0.424,0.176,0.0,-0.2,0.176,0.424,0.8
434,5,0.5,0.412,0.376,0.412,0.8,0.588,0.624,0.788
435,5,0.4,0.4,0.576,0.824,1.0,1.0,0.824,0.776
436,,0.2,0.2,0.376,0.624,0.8,0.8,0.624,0.576
437,,0.0,0.0,0.176,0.424,0.6,0.6,0.424,0.376
438,,-0.2,-0.2,-0.024,0.224,0.4,0.4,0.224,0.176
439,2,0.212,0.8,0.388,0.424,0.388,0.3,0.212,0.376
440,2,0.624,1.0,0.8,0.624,0.376,0.2,0.2,0.576
441,,0.424,0.8,0.6,0.424,0.176,0.0,0.0,0.376
442,,0.224,0.6,0.4,0.224,-0.024,-0.2,-0.2,0.176
443,6,0.212,0.5,0.388,0.424,0.388,0.8,0.212,0.376
444,6,0.2,0.4,0.376,0.624,0.8,1.0,0.624,0.576
445,,0.0,0.2,0.176,0.424,0.6,0.8,0.424,0.376
446,,-0.2,0.0,-0.024,0.224,0.4,0.6,0.224,0.176
447,1,0.8,0.412,0.176,0.212,0.3,0.588,0.424,0.588
448,1,1.0,0.824,0.376,0.2,0.2,0.576,0.624,1.0
449,,0.8,0.624,0.176,0.0,0.0,0.376,0.424,0.8
450,,0.6,0.424,-0.024,-0.2,-0.2,0.176,0.224,0.6
451,4,0.588,0.624,0.388,0.8,0.212,0.376,0.212,0.5
452,4,0.576,0.824,0.8,1.0,0.624,0.576,0.2,0.4
453,,0.376,0.624,0.6,0.8,0.424,0.376,0.0,0.2
454,,0.176,0.424,0.4,0.6,0.224,0.176,-0.2,0.0
455,7,0.376,0.412,0.3,0.588,0.424,0.588,0.8,0.412
456,7,0.576,0.4,0.2,0.576,0.624,1.0,1.0,0.824
457,,0.376,0.2,0.0,0.376,0.424,0.8,0.8,0.624
458,,0.176,0.0,-0.2,0.176,0.224,0.6,0.6,0.424
459,3,0.376,0.412,0.8,0.588,0.424,0.588,0.5,0.412
460,3,0.576,0.824,1.0,1.0,0.624,0.576,0.4,0.4
461,,0.376,0.624,0.8,0.8,0.424,0.376,0.2,0.2
462,,0.176,0.424,0.6,0.6,0.224,0.176,0.0,0.0
463,,-0.024,0.224,0.4,0.4,0.024,-0.024,-0.2,-0.2
464,7,0.176,0.212,0.3,0.388,0.224,0.388,0.8,0.212
465,7,0.376,0.2,0.2,0.376,0.424,0.8,1.0,0.624
466,,0.176,0.0,0.0,0.176,0.224,0.6,0.8,0.424
467,,-0.024,-0.2,-0.2,-0.024,0.024,0.4,0.6,0.224
468,2,0.388,0.8,0.212,0.176,0.012,0.3,0.588,0.424
469,2,0.8,1.0,0.624,0.376,0.0,0.2,0.576,0.624
470,,0.6,0.8,0.424,0.176,-0.2,0.0,0.376,0.424
471,5,0.5,0.788,0.624,0.588,0.8,0.412,0.576,0.412
472,5,0.4,0.776,0.824,1.0,1.0,0.824,0.776,0.4
473,,0.2,0.576,0.624,0.8,0.8,0.624,0.576,0.2
474,,0.0,0.376,0.424,0.6,0.6,0.424,0.376,0.0
475,,-0.2,0.176,0.224,0.4,0.4,0.224,0.176,-0.2
476,8,0.212,0.376,0.212,0.3,0.388,0.424,0.588,0.8
477,8,0.624,0.576,0.2,0.2,0.376,0.624,1.0,1.0
478,,0.424,0.376,0.0,0.0,0.176,0.424,0.8,0.8
479,,0.224,0.176,-0.2,-0.2,-0.024,0.224,0.6,0.6
480,3,0.424,0.588,0.8,0.212,0.176,0.212,0.5,0.588
481,3,0.624,1.0,1.0,0.624,0.376,0.2,0.4,0.576
482,,0.424,0.8,0.8,0.424,0.176,0.0,0.2,0.376
483,,0.224,0.6,0.6,0.224,-0.024,-0.2,0.0,0.176
484,6,0.212,0.5,0.588,0.424,0.388,0.8,0.412,0.376
485,6,0.2,0.4,0.576,0.624,0.8,1.0,0.824,0.576
486,,0.0,0.2,0.376,0.424,0.6,0.8,0.624,0.376
487,,-0.2,0.0,0.176,0.224,0.4,0.6,0.424,0.176
488,1,0.8,0.412,0.376,0.212,0.3,0.588,0.624,0.588
489,1,1.0,0.824,0.576,0.2,0.2,0.576,0.824,1.0
490,,0.8,0.624,0.376,0.0,0.0,0.376,0.624,0.8
491,,0.6,0.424,0.176,-0.2,-0.2,0.176,0.424,0.6
492,5,0.5,0.412,0.376,0.212,0.8,0.588,0.624,0.588
493,5,0.4,0.4,0.576,0.624,1.0,1.0,0.824,0.576
494,,0.2,0.2,0.376,0.424,0.8,0.8,0.624,0.376
495,,0.0,0.0,0.176,0.224,0.6,0.6,0.424,0.176
496,,-0.2,-0.2,-0.024,0.024,0.4,0.4,0.224,-0.024
497,1,0.8,0.212,0.176,0.012,0.3,0.388,0.424,0.388
498,1,1.0,0.624,0.376,0.0,0.2,0.376,0.624,0.8
499,,0.8,0.424,0.176,-0.2,0.0,0.176,0.424,0.6
500,4,0.788,0.624,0.588,0.8,0.412,0.376,0.412,0.5
501,4,0.776,0.824,1.0,1.0,0.824,0.576,0.4,0.4
502,,0.576,0.624,0.8,0.8,0.624,0.376,0.2,0.2
503,,0.376,0.424,0.6,0.6,0.424,0.176,0.0,0.0
504,,0.176,0.224,0.4,0.4,0.224,-0.024,-0.2,-0.2
505,8,0.588,0.424,0.388,0.3,0.212,0.176,0.212,0.8
506,8,1.0,0.624,0.376,0.2,0.2,0.376,0.624,1.0
507,,0.8,0.424,0.176,0.0,0.0,0.176,0.424,0.8
508,,0.6,0.224,-0.024,-0.2,-0.2,-0.024,0.224,0.6
509,5,0.5,0.212,0.176,0.212,0.8,0.388,0.424,0.588
510,5,0.4,0.2,0.376,0.624,1.0,0.8,0.624,0.576
511,,0.2,0.0,0.176,0.424,0.8,0.6,0.424,0.376
512,,0.0,-0.2,-0.024,0.224,0.6,0.4,0.224,0.176
513,2,0.412,0.8,0.388,0.424,0.588,0.3,0.212,0.376
514,2,0.824,1.0,0.8,0.624,0.576,0.2,0.2,0.576
515,,0.624,0.8,0.6,0.424,0.376,0.0,0.0,0.376
516,,0.424,0.6,0.4,0.224,0.176,-0.2,-0.2,0.176
517,6,0.412,0.5,0.388,0.424,0.588,0.8,0.212,0.376
518,6,0.4,0.4,0.376,0.624,1.0,1.0,0.624,0.576
519,,0.2,0.2,0.176,0.424,0.8,0.8,0.424,0.376
520,,0.0,0.0,-0.024,0.224,0.6,0.6,0.224,0.176
521,3,0.2,0.412,0.976,0.636,0.8,0.588,0.124,0.164
522,3,0.4,0.824,1.0,1.0,1.0,0.576,0.024,0.152
523,,0.2,0.624,0.8,0.8,0.8,0.376,-0.176,-0.048
524,7,0.4,0.612,0.7,0.788,1.0,0.788,0.824,0.364
525,7,0.6,0.6,0.6,0.776,1.0,1.0,1.0,0.776
526,,0.4,0.4,0.4,0.576,0.8,0.8,0.8,0.576
527,,0.2,0.2,0.2,0.376,0.6,0.6,0.6,0.376
528,,0.0,0.0,0.0,0.176,0.4,0.4,0.4,0.176
529,,-0.2,-0.2,-0.2,-0.024,0.2,0.2,0.2,-0.024
530,1,0.8,0.212,0.0,-0.036,0.1,0.188,0.4,0.388
531,1,1.0,0.624,0.2,-0.048,0.0,0.176,0.6,0.8
532,4,0.988,0.824,0.612,0.952,0.412,0.376,0.588,0.7
533,4,0.976,1.0,1.0,1.0,0.824,0.576,0.576,0.6
534,,0.776,0.8,0.8,0.8,0.624,0.376,0.376,0.4
535,,0.576,0.6,0.6,0.6,0.424,0.176,0.176,0.2
536,,0.376,0.4,0.4,0.4,0.224,-0.024,-0.024,0.0
537,6,0.364,0.3,0.388,0.6,0.636,0.976,0.388,0.2
538,6,0.352,0.2,0.376,0.8,1.0,1.0,0.8,0.4
539,,0.152,0.0,0.176,0.6,0.8,0.8,0.6,0.2
540,,-0.048,-0.2,-0.024,0.4,0.6,0.6,0.4,0.0
541,2,0.364,0.8,0.388,0.6,0.588,0.5,0.388,0.2
542,2,0.776,1.0,0.8,0.8,0.576,0.4,0.376,0.4
543,,0.576,0.8,0.6,0.6,0.376,0.2,0.176,0.2
544,,0.376,0.6,0.4,0.4,0.176,0.0,-0.024,0.0
545,7,0.576,0.588,0.3,0.388,0.376,0.412,0.976,0.412
546,7,0.776,0.576,0.2,0.376,0.576,0.824,1.0,0.824
547,,0.576,0.376,0.0,0.176,0.376,0.624,0.8,0.624
548,,0.376,0.176,-0.2,-0.024,0.176,0.424,0.6,0.424
549,3,0.576,0.588,0.8,0.388,0.376,0.412,0.5,0.412
550,3,0.776,1.0,1.0,0.8,0.576,0.4,0.4,0.4
551,,0.576,0.8,0.8,0.6,0.376,0.2,0.2,0.2
552,,0.376,0.6,0.6,0.4,0.176,0.0,0.0,0.0
553,,0.176,0.4,0.4,0.2,-0.024,-0.2,-0.2,-0.2
554,6,0.164,0.3,0.388,0.4,0.388,0.8,0.212,0.0
555,6,0.152,0.2,0.376,0.6,0.8,1.0,0.624,0.2
556,,-0.048,0.0,0.176,0.4,0.6,0.8,0.424,0.0
557,1,0.952,0.412,0.376,0.388,0.5,0.788,0.624,0.412
558,1,1.0,0.824,0.576,0.376,0.4,0.776,0.824,0.824
559,,0.8,0.624,0.376,0.176,0.2,0.576,0.624,0.624
560,,0.6,0.424,0.176,-0.024,0.0,0.376,0.424,0.424
561,4,0.588,0.624,0.588,0.976,0.412,0.576,0.412,0.324
562,4,0.576,0.824,1.0,1.0,0.824,0.776,0.4,0.224
563,,0.376,0.624,0.8,0.8,0.624,0.576,0.2,0.024
564,,0.176,0.424,0.6,0.6,0.424,0.376,0.0,-0.176
565,8,0.588,0.624,0.588,0.5,0.412,0.576,0.412,0.824
566,8,1.0,0.824,0.576,0.4,0.4,0.776,0.824,1.0
567,,0.8,0.624,0.376,0.2,0.2,0.576,0.624,0.8
568,,0.6,0.424,0.176,0.0,0.0,0.376,0.424,0.6
569,,0.4,0.224,-0.024,-0.2,-0.2,0.176,0.224,0.4
570,5,0.3,0.212,0.176,0.212,0.8,0.588,0.424,0.388
571,5,0.2,0.2,0.376,0.624,1.0,1.0,0.624,0.376
572,,0.0,0.0,0.176,0.424,0.8,0.8,0.424,0.176
573,,-0.2,-0.2,-0.024,0.224,0.6,0.6,0.224,-0.024
574,1,0.8,0.212,0.176,0.212,0.5,0.588,0.424,0.388
575,1,1.0,0.624,0.376,0.2,0.4,0.576,0.624,0.8
576,,0.8,0.424,0.176,0.0,0.2,0.376,0.424,0.6
577,,0.6,0.224,-0.024,-0.2,0.0,0.176,0.224,0.4
578,4,0.588,0.424,0.388,0.8,0.412,0.376,0.212,0.3
579,4,0.576,0.624,0.8,1.0,0.824,0.576,0.2,0.2
580,,0.376,0.424,0.6,0.8,0.624,0.376,0.0,0.0
581,,0.176,0.224,0.4,0.6,0.424,0.176,-0.2,-0.2
582,7,0.376,0.212,0.3,0.588,0.624,0.588,0.8,0.212
583,7,0.576,0.2,0.2,0.576,0.824,1.0,1.0,0.624
584,,0.376,0.0,0.0,0.376,0.624,0.8,0.8,0.424
585,,0.176,-0.2,-0.2,0.176,0.424,0.6,0.6,0.224
586,3,0.376,0.212,0.8,0.588,0.624,0.588,0.5,0.212
587,3,0.576,0.624,1.0,1.0,0.824,0.576,0.4,0.2
588,,0.376,0.424,0.8,0.8,0.624,0.376,0.2,0.0
589,,0.176,0.224,0.6,0.6,0.424,0.176,0.0,-0.2
590,8,0.588,0.424,0.588,0.5,0.412,0.376,0.412,0.8
591,8,1.0,0.624,0.576,0.4,0.4,0.576,0.824,1.0
592,,0.8,0.424,0.376,0.2,0.2,0.376,0.624,0.8
593,,0.6,0.224,0.176,0.0,0.0,0.176,0.424,0.6
594,,0.4,0.024,-0.024,-0.2,-0.2,-0.024,0.224,0.4
595,4,0.388,0.224,0.388,0.8,0.212,0.176,0.212,0.3
596,4,0.376,0.424,0.8,1.0,0.624,0.376,0.2,0.2
597,,0.176,0.224,0.6,0.8,0.424,0.176,0.0,0.0
598,,-0.024,0.024,0.4,0.6,0.224,-0.024,-0.2,-0.2
599,7,0.176,0.012,0.3,0.588,0.424,0.388,0.8,0.212
600,7,0.376,0.0,0.2,0.576,0.624,0.8,1.0,0.624
601,,0.176,-0.2,0.0,0.376,0.424,0.6,0.8,0.424
602,2,0.588,0.8,0.412,0.576,0.412,0.5,0.788,0.624
603,2,1.0,1.0,0.824,0.776,0.4,0.4,0.776,0.824
604,,0.8,0.8,0.624,0.576,0.2,0.2,0.576,0.624
605,,0.6,0.6,0.424,0.376,0.0,0.0,0.376,0.424
606,,0.4,0.4,0.224,0.176,-0.2,-0.2,0.176,0.224
607,5,0.3,0.388,0.424,0.588,0.8,0.212,0.376,0.212
608,5,0.2,0.376,0.624,1.0,1.0,0.624,0.576,0.2
609,,0.0,0.176,0.424,0.8,0.8,0.424,0.376,0.0
610,,-0.2,-0.024,0.224,0.6,0.6,0.224,0.176,-0.2
611,1,0.8,0.388,0.424,0.588,0.5,0.212,0.376,0.212
612,1,1.0,0.8,0.624,0.576,0.4,0.2,0.576,0.624
613,,0.8,0.6,0.424,0.376,0.2,0.0,0.376,0.424
614,,0.6,0.4,0.224,0.176,0.0,-0.2,0.176,0.224
615,6,0.588,0.3,0.212,0.376,0.412,0.8,0.588,0.424
616,6,0.576,0.2,0.2,0.576,0.824,1.0,1.0,0.624
617,,0.376,0.0,0.0,0.376,0.624,0.8,0.8,0.424
618,,0.176,-0.2,-0.2,0.176,0.424,0.6,0.6,0.224
619,2,0.588,0.8,0.212,0.376,0.412,0.5,0.588,0.424
620,2,1.0,1.0,0.624,0.576,0.4,0.4,0.576,0.624
621,,0.8,0.8,0.424,0.376,0.2,0.2,0.376,0.424
622,,0.6,0.6,0.224,0.176,0.0,0.0,0.176,0.224
623,,0.4,0.4,0.024,-0.024,-0.2,-0.2,-0.024,0.024
624,6,0.388,0.3,0.012,0.176,0.212,0.8,0.388,0.224
625,6,0.376,0.2,0.0,0.376,0.624,1.0,0.8,0.424
626,,0.176,0.0,-0.2,0.176,0.424,0.8,0.6,0.224
627,3,0.376,0.412,0.8,0.588,0.624,0.788,0.5,0.212
628,3,0.576,0.824,1.0,1.0,0.824,0.776,0.4,0.2
629,,0.376,0.624,0.8,0.8,0.624,0.576,0.2,0.0
630,,0.176,0.424,0.6,0.6,0.424,0.376,0.0,-0.2
631,8,0.588,0.624,0.588,0.5,0.412,0.576,0.412,0.8
632,8,1.0,0.824,0.576,0.4,0.4,0.776,0.824,1.0
633,,0.8,0.624,0.376,0.2,0.2,0.576,0.624,0.8
634,,0.6,0.424,0.176,0.0,0.0,0.376,0.424,0.6
635,,0.4,0.224,-0.024,-0.2,-0.2,0.176,0.224,0.4
636,4,0.388,0.424,0.388,0.8,0.212,0.376,0.212,0.3
637,4,0.376,0.624,0.8,1.0,0.624,0.576,0.2,0.2
638,,0.176,0.424,0.6,0.8,0.424,0.376,0.0,0.0
639,,-0.024,0.224,0.4,0.6,0.224,0.176,-0.2,-0.2
640,7,0.176,0.212,0.3,0.588,0.424,0.588,0.8,0.212
641,7,0.376,0.2,0.2,0.576,0.624,1.0,1.0,0.624
642,,0.176,0.0,0.0,0.376,0.424,0.8,0.8,0.424
643,,-0.024,-0.2,-0.2,0.176,0.224,0.6,0.6,0.224
644,2,0.388,0.8,0.212,0.376,0.212,0.5,0.588,0.424
645,2,0.8,1.0,0.624,0.576,0.2,0.4,0.576,0.624
646,,0.6,0.8,0.424,0.376,0.0,0.2,0.376,0.424
647,,0.4,0.6,0.224,0.176,-0.2,0.0,0.176,0.224
648,5,0.3,0.588,0.424,0.588,0.8,0.412,0.376,0.212
649,5,0.2,0.576,0.624,1.0,1.0,0.824,0.576,0.2
650,,0.0,0.376,0.424,0.8,0.8,0.624,0.376,0.0
651,,-0.2,0.176,0.224,0.6,0.6,0.424,0.176,-0.2
652,1,0.8,0.588,0.424,0.588,0.5,0.412,0.376,0.212
653,1,1.0,1.0,0.624,0.576,0.4,0.4,0.576,0.624
654,,0.8,0.8,0.424,0.376,0.2,0.2,0.376,0.424
655,,0.6,0.6,0.224,0.176,0.0,0.0,0.176,0.224
656,,0.4,0.4,0.024,-0.024,-0.2,-0.2,-0.024,0.024
657,5,0.3,0.388,0.224,0.388,0.8,0.212,0.176,0.012
658,5,0.2,0.376,0.424,0.8,1.0,0.624,0.376,0.0
659,,0.0,0.176,0.224,0.6,0.8,0.424,0.176,-0.2
660,8,0.412,0.376,0.212,0.5,0.788,0.624,0.588,0.8
661,8,0.824,0.576,0.2,0.4,0.776,0.824,1.0,1.0
662,,0.624,0.376,0.0,0.2,0.576,0.624,0.8,0.8
663,,0.424,0.176,-0.2,0.0,0.376,0.424,0.6,0.6
664,3,0.624,0.588,0.8,0.412,0.576,0.412,0.5,0.588
665,3,0.824,1.0,1.0,0.824,0.776,0.4,0.4,0.576
666,,0.624,0.8,0.8,0.624,0.576,0.2,0.2,0.376
667,,0.424,0.6,0.6,0.424,0.376,0.0,0.0,0.176
668,,0.224,0.4,0.4,0.224,0.176,-0.2,-0.2,-0.024
669,7,0.424,0.388,0.3,0.212,0.376,0.212,0.8,0.388
670,7,0.624,0.376,0.2,0.2,0.576,0.624,1.0,0.8
671,,0.424,0.176,0.0,0.0,0.376,0.424,0.8,0.6
672,,0.224,-0.024,-0.2,-0.2,0.176,0.224,0.6,0.4
673,3,0.424,0.388,0.8,0.212,0.376,0.212,0.5,0.388
674,3,0.624,0.8,1.0,0.624,0.576,0.2,0.4,0.376
675,,0.424,0.6,0.8,0.424,0.376,0.0,0.2,0.176
676,,0.224,0.4,0.6,0.224,0.176,-0.2,0.0,-0.024
677,6,0.212,0.3,0.588,0.424,0.588,0.8,0.412,0.176
678,6,0.2,0.2,0.576,0.624,1.0,1.0,0.824,0.376
679,,0.0,0.0,0.376,0.424,0.8,0.8,0.624,0.176
680,,-0.2,-0.2,0.176,0.224,0.6,0.6,0.424,-0.024
681,2,0.212,0.8,0.588,0.424,0.588,0.5,0.412,0.176
682,2,0.624,1.0,1.0,0.624,0.576,0.4,0.4,0.376
683,,0.424,0.8,0.8,0.424,0.376,0.2,0.2,0.176
684,,0.224,0.6,0.6,0.224,0.176,0.0,0.0,-0.024
685,8,0.636,0.8,0.588,0.124,0.164,0.2,0.412,0.976
686,8,1.0,1.0,0.576,0.024,0.152,0.4,0.824,1.0
687,,0.8,0.8,0.376,-0.176,-0.048,0.2,0.624,0.8
688,4,0.788,1.0,0.788,0.824,0.364,0.4,0.612,0.7
689,4,0.776,1.0,1.0,1.0,0.776,0.6,0.6,0.6
690,,0.576,0.8,0.8,0.8,0.576,0.4,0.4,0.4
691,,0.376,0.6,0.6,0.6,0.376,0.2,0.2,0.2
692,,0.176,0.4,0.4,0.4,0.176,0.0,0.0,0.0
693,,-0.024,0.2,0.2,0.2,-0.024,-0.2,-0.2,-0.2
694,6,-0.036,0.1,0.188,0.4,0.388,0.8,0.212,0.0
695,6,-0.048,0.0,0.176,0.6,0.8,1.0,0.624,0.2
696,1,0.952,0.412,0.376,0.588,0.7,0.988,0.824,0.612
697,1,1.0,0.824,0.576,0.576,0.6,0.976,1.0,1.0
698,,0.8,0.624,0.376,0.376,0.4,0.776,0.8,0.8
699,,0.6,0.424,0.176,0.176,0.2,0.576,0.6,0.6
700,,0.4,0.224,-0.024,-0.024,0.0,0.376,0.4,0.4
701,3,0.6,0.636,0.976,0.388,0.2,0.364,0.3,0.388
702,3,0.8,1.0,1.0,0.8,0.4,0.352,0.2,0.376
703,,0.6,0.8,0.8,0.6,0.2,0.152,0.0,0.176
704,,0.4,0.6,0.6,0.4,0.0,-0.048,-0.2,-0.024
705,7,0.6,0.588,0.5,0.388,0.2,0.364,0.8,0.388
706,7,0.8,0.576,0.4,0.376,0.4,0.776,1.0,0.8
707,,0.6,0.376,0.2,0.176,0.2,0.576,0.8,0.6
708,,0.4,0.176,0.0,-0.024,0.0,0.376,0.6,0.4
709,4,0.388,0.376,0.412,0.976,0.412,0.576,0.588,0.3
710,4,0.376,0.576,0.824,1.0,0.824,0.776,0.576,0.2
711,,0.176,0.376,0.624,0.8,0.624,0.576,0.376,0.0
712,,-0.024,0.176,0.424,0.6,0.424,0.376,0.176,-0.2
713,8,0.388,0.376,0.412,0.5,0.412,0.576,0.588,0.8
714,8,0.8,0.576,0.4,0.4,0.4,0.776,1.0,1.0
715,,0.6,0.376,0.2,0.2,0.2,0.576,0.8,0.8
716,,0.4,0.176,0.0,0.0,0.0,0.376,0.6,0.6
717,,0.2,-0.024,-0.2,-0.2,-0.2,0.176,0.4,0.4
718,5,0.1,-0.036,0.0,0.212,0.8,0.588,0.6,0.388
719,5,0.0,-0.048,0.2,0.624,1.0,1.0,0.8,0.376
720,2,0.412,0.952,0.612,0.824,0.988,0.9,0.788,0.576
721,2,0.824,1.0,1.0,1.0,0.976,0.8,0.776,0.776
722,,0.624,0.8,0.8,0.8,0.776,0.6,0.576,0.576
723,,0.424,0.6,0.6,0.6,0.576,0.4,0.376,0.376
724,,0.224,0.4,0.4,0.4,0.376,0.2,0.176,0.176
725,,0.024,0.2,0.2,0.2,0.176,0.0,-0.024,-0.024
726,7,0.224,0.188,0.1,0.188,0.376,0.412,0.976,0.388
727,7,0.424,0.176,0.0,0.176,0.576,0.824,1.0,0.8
728,,0.224,-0.024,-0.2,-0.024,0.376,0.624,0.8,0.6
729,3,0.424,0.388,0.8,0.388,0.576,0.612,0.7,0.588
730,3,0.624,0.8,1.0,0.8,0.776,0.6,0.6,0.576
731,,0.424,0.6,0.8,0.6,0.576,0.4,0.4,0.376
732,,0.224,0.4,0.6,0.4,0.376,0.2,0.2,0.176
733,,0.024,0.2,0.4,0.2,0.176,0.0,0.0,-0.024
734,8,0.436,0.4,0.388,0.1,0.164,0.2,0.412,0.976
735,8,0.848,0.6,0.376,0.0,0.152,0.4,0.824,1.0
736,,0.648,0.4,0.176,-0.2,-0.048,0.2,0.624,0.8
737,4,0.636,0.6,0.588,0.8,0.364,0.4,0.612,0.7
738,4,0.624,0.8,1.0,1.0,0.776,0.6,0.6,0.6
739,,0.424,0.6,0.8,0.8,0.576,0.4,0.4,0.4
740,,0.224,0.4,0.6,0.6,0.376,0.2,0.2,0.2
741,,0.024,0.2,0.4,0.4,0.176,0.0,0.0,0.0
742,,-0.176,0.0,0.2,0.2,-0.024,-0.2,-0.2,-0.2
743,7,0.024,-0.012,0.1,0.188,0.176,0.212,0.8,0.212
744,7,0.224,-0.024,0.0,0.176,0.376,0.624,1.0,0.624
745,2,0.636,0.976,0.412,0.376,0.364,0.524,0.988,0.824
746,2,1.0,1.0,0.824,0.576,0.352,0.424,0.976,1.0
747,,0.8,0.8,0.624,0.376,0.152,0.224,0.776,0.8
748,,0.6,0.6,0.424,0.176,-0.048,0.024,0.576,0.6
749,5,0.5,0.588,0.624,0.588,0.952,0.436,0.776,0.588
750,5,0.4,0.576,0.824,1.0,1.0,0.848,0.976,0.576
751,,0.2,0.376,0.624,0.8,0.8,0.648,0.776,0.376
752,,0.0,0.176,0.424,0.6,0.6,0.448,0.576,0.176
753,,-0.2,-0.024,0.224,0.4,0.4,0.248,0.376,-0.024
754,1,0.8,0.388,0.424,0.388,0.3,0.236,0.576,0.388
755,1,1.0,0.8,0.624,0.376,0.2,0.224,0.776,0.8
756,,0.8,0.6,0.424,0.176,0.0,0.024,0.576,0.6
757,,0.6,0.4,0.224,-0.024,-0.2,-0.176,0.376,0.4
758,5,0.5,0.388,0.424,0.388,0.8,0.236,0.576,0.388
759,5,0.4,0.376,0.624,0.8,1.0,0.648,0.776,0.376
760,,0.2,0.176,0.424,0.6,0.8,0.448,0.576,0.176
761,,0.0,-0.024,0.224,0.4,0.6,0.248,0.376,-0.024
762,2,0.412,0.976,0.636,0.6,0.588,0.148,0.364,0.176
763,2,0.824,1.0,1.0,0.8,0.576,0.048,0.352,0.376
764,,0.624,0.8,0.8,0.6,0.376,-0.152,0.152,0.176
765,6,0.612,0.7,0.788,0.8,0.788,0.848,0.564,0.376
766,6,0.6,0.6,0.776,1.0,1.0,1.0,0.976,0.576
767,,0.4,0.4,0.576,0.8,0.8,0.8,0.776,0.376
768,,0.2,0.2,0.376,0.6,0.6,0.6,0.576,0.176
769,,0.0,0.0,0.176,0.4,0.4,0.4,0.376,-0.024
770,8,0.412,0.2,0.164,0.3,0.388,0.6,0.788,0.976
771,8,0.824,0.4,0.152,0.2,0.376,0.8,1.0,1.0
772,,0.624,0.2,-0.048,0.0,0.176,0.6,0.8,0.8
773,3,0.824,0.612,0.952,0.412,0.376,0.588,0.7,0.788
774,3,1.0,1.0,1.0,0.824,0.576,0.576,0.6,0.776
775,,0.8,0.8,0.8,0.624,0.376,0.376,0.4,0.576
776,,0.6,0.6,0.6,0.424,0.176,0.176,0.2,0.376
777,,0.4,0.4,0.4,0.224,-0.024,-0.024,0.0,0.176
778,5,0.3,0.388,0.6,0.636,0.976,0.388,0.2,0.164
779,5,0.2,0.376,0.8,1.0,1.0,0.8,0.4,0.152
780,,0.0,0.176,0.6,0.8,0.8,0.6,0.2,-0.048
781,8,0.412,0.376,0.588,0.7,0.788,0.8,0.612,0.952
782,8,0.824,0.576,0.576,0.6,0.776,1.0,1.0,1.0
783,,0.624,0.376,0.376,0.4,0.576,0.8,0.8,0.8
784,,0.424,0.176,0.176,0.2,0.376,0.6,0.6,0.6
785,,0.224,-0.024,-0.024,0.0,0.176,0.4,0.4,0.4
786,2,0.636,0.976,0.388,0.2,0.164,0.3,0.388,0.6
787,2,1.0,1.0,0.8,0.4,0.152,0.2,0.376,0.8
788,,0.8,0.8,0.6,0.2,-0.048,0.0,0.176,0.6
789,5,0.7,0.788,0.8,0.612,0.952,0.412,0.376,0.588
790,5,0.6,0.776,1.0,1.0,1.0,0.824,0.576,0.576
791,,0.4,0.576,0.8,0.8,0.8,0.624,0.376,0.376
792,,0.2,0.376,0.6,0.6,0.6,0.424,0.176,0.176
793,,0.0,0.176,0.4,0.4,0.4,0.224,-0.024,-0.024
794,7,0.2,0.164,0.3,0.388,0.6,0.636,0.976,0.388
795,7,0.4,0.152,0.2,0.376,0.8,1.0,1.0,0.8
796,,0.2,-0.048,0.0,0.176,0.6,0.8,0.8,0.6
797,2,0.612,0.952,0.412,0.376,0.588,0.7,0.788,0.8
798,2,1.0,1.0,0.824,0.576,0.576,0.6,0.776,1.0
799,,0.8,0.8,0.624,0.376,0.376,0.4,0.576,0.8
800,,0.6,0.6,0.424,0.176,0.176,0.2,0.376,0.6
801,,0.4,0.4,0.224,-0.024,-0.024,0.0,0.176,0.4
802,4,0.388,0.6,0.636,0.976,0.388,0.2,0.164,0.3
803,4,0.376,0.8,1.0,1.0,0.8,0.4,0.152,0.2
804,,0.176,0.6,0.8,0.8,0.6,0.2,-0.048,0.0
805,7,0.376,0.588,0.7,0.788,0.8,0.612,0.952,0.412
806,7,0.576,0.576,0.6,0.776,1.0,1.0,1.0,0.824
807,,0.376,0.376,0.4,0.576,0.8,0.8,0.8,0.624
808,,0.176,0.176,0.2,0.376,0.6,0.6,0.6,0.424
809,,-0.024,-0.024,0.0,0.176,0.4,0.4,0.4,0.224
810,1,0.976,0.388,0.2,0.164,0.3,0.388,0.6,0.636
811,1,1.0,0.8,0.4,0.152,0.2,0.376,0.8,1.0
812,,0.8,0.6,0.2,-0.048,0.0,0.176,0.6,0.8
813,4,0.788,0.8,0.612,0.952,0.412,0.376,0.588,0.7
814,4,0.776,1.0,1.0,1.0,0.824,0.576,0.576,0.6
815,,0.576,0.8,0.8,0.8,0.624,0.376,0.376,0.4
816,,0.376,0.6,0.6,0.6,0.424,0.176,0.176,0.2
817,,0.176,0.4,0.4,0.4,0.224,-0.024,-0.024,0.0
818,7,0.376,0.388,0.3,0.388,0.424,0.388,0.976,0.412
819,7,0.576,0.376,0.2,0.376,0.624,0.8,1.0,0.824
820,,0.376,0.176,0.0,0.176,0.424,0.6,0.8,0.624
821,,0.176,-0.024,-0.2,-0.024,0.224,0.4,0.6,0.424
822,3,0.376,0.388,0.8,0.388,0.424,0.388,0.5,0.412
823,3,0.576,0.8,1.0,0.8,0.624,0.376,0.4,0.4
824,,0.376,0.6,0.8,0.6,0.424,0.176,0.2,0.2
825,,0.176,0.4,0.6,0.4,0.224,-0.024,0.0,0.0
826,6,0.164,0.3,0.588,0.6,0.636,0.976,0.412,0.2
827,6,0.152,0.2,0.576,0.8,1.0,1.0,0.824,0.4
828,,-0.048,0.0,0.376,0.6,0.8,0.8,0.624,0.2
829,1,0.952,0.412,0.576,0.588,0.7,0.788,0.824,0.612
830,1,1.0,0.824,0.776,0.576,0.6,0.776,1.0,1.0
831,,0.8,0.624,0.576,0.376,0.4,0.576,0.8,0.8
832,,0.6,0.424,0.376,0.176,0.2,0.376,0.6,0.6
833,,0.4,0.224,0.176,-0.024,0.0,0.176,0.4,0.4
834,4,0.388,0.424,0.588,0.976,0.412,0.376,0.388,0.3
835,4,0.376,0.624,1.0,1.0,0.824,0.576,0.376,0.2
836,,0.176,0.424,0.8,0.8,0.624,0.376,0.176,0.0
837,,-0.024,0.224,0.6,0.6,0.424,0.176,-0.024,-0.2
838,8,0.388,0.424,0.588,0.5,0.412,0.376,0.388,0.8
839,8,0.8,0.624,0.576,0.4,0.4,0.576,0.8,1.0
840,,0.6,0.424,0.376,0.2,0.2,0.376,0.6,0.8
841,,0.4,0.224,0.176,0.0,0.0,0.176,0.4,0.6
842,,0.2,0.024,-0.024,-0.2,-0.2,-0.024,0.2,0.4
843,5,0.1,0.012,0.176,0.212,0.8,0.388,0.4,0.388
844,5,0.0,0.0,0.376,0.624,1.0,0.8,0.6,0.376
845,,-0.2,-0.2,0.176,0.424,0.8,0.6,0.4,0.176
846,1,0.8,0.212,0.376,0.412,0.7,0.588,0.6,0.588
847,1,1.0,0.624,0.576,0.4,0.6,0.576,0.8,1.0
848,,0.8,0.424,0.376,0.2,0.4,0.376,0.6,0.8
849,,0.6,0.224,0.176,0.0,0.2,0.176,0.4,0.6
850,,0.4,0.024,-0.024,-0.2,0.0,-0.024,0.2,0.4
