step,active_motive,motive_1,motive_2,motive_3,motive_4,motive_5,motive_6,motive_7,motive_8
0,,0.24353,0.30313,0.3824,0.08742,0.25128,0.19933,0.07319,0.18377
1,,0.04353,0.10313,0.1824,-0.11258,0.05128,-0.00067,-0.12681,-0.01623
2,7,0.24353,0.09113,0.0824,-0.12458,0.25128,0.41133,0.87319,0.39577
3,7,0.44353,0.07913,-0.0176,-0.13658,0.45128,0.82333,1.0,0.80777
4,4,0.43153,0.27913,0.3944,0.86342,0.86328,1.0,0.988,0.70777
5,4,0.41953,0.47913,0.8064,1.0,1.0,1.0,0.976,0.60777
6,,0.21953,0.27913,0.6064,0.8,0.8,0.8,0.776,0.40777
7,,0.01953,0.07913,0.4064,0.6,0.6,0.6,0.576,0.20777
8,,-0.18047,-0.12087,0.2064,0.4,0.4,0.4,0.376,0.00777
9,1,0.81953,0.29113,0.4064,0.388,0.3,0.388,0.576,0.41977
10,1,1.0,0.70313,0.6064,0.376,0.2,0.376,0.776,0.83177
11,,0.8,0.50313,0.4064,0.176,0.0,0.176,0.576,0.63177
12,,0.6,0.30313,0.2064,-0.024,-0.2,-0.024,0.376,0.43177
13,5,0.5,0.29113,0.4064,0.388,0.8,0.388,0.576,0.41977
14,5,0.4,0.27913,0.6064,0.8,1.0,0.8,0.776,0.40777
15,,0.2,0.07913,0.4064,0.6,0.8,0.6,0.576,0.20777
16,,0.0,-0.12087,0.2064,0.4,0.6,0.4,0.376,0.00777
17,2,0.412,0.87913,0.6184,0.6,0.588,0.3,0.364,0.20777
18,2,0.824,1.0,1.0,0.8,0.576,0.2,0.352,0.40777
19,,0.624,0.8,0.8,0.6,0.376,0.0,0.152,0.20777
20,,0.424,0.6,0.6,0.4,0.176,-0.2,-0.048,0.00777
21,6,0.412,0.5,0.588,0.6,0.588,0.8,0.364,0.20777
22,6,0.4,0.4,0.576,0.8,1.0,1.0,0.776,0.40777
23,,0.2,0.2,0.376,0.6,0.8,0.8,0.576,0.20777
24,,0.0,0.0,0.176,0.4,0.6,0.6,0.376,0.00777
25,,-0.2,-0.2,-0.024,0.2,0.4,0.4,0.176,-0.19223
26,2,0.212,0.8,0.388,0.4,0.388,0.3,0.164,0.00777
27,2,0.624,1.0,0.8,0.6,0.376,0.2,0.152,0.20777
28,,0.424,0.8,0.6,0.4,0.176,0.0,-0.048,0.00777
29,7,0.624,0.788,0.5,0.388,0.376,0.412,0.952,0.41977
30,7,0.824,0.776,0.4,0.376,0.576,0.824,1.0,0.83177
31,,0.624,0.576,0.2,0.176,0.376,0.624,0.8,0.63177
32,,0.424,0.376,0.0,-0.024,0.176,0.424,0.6,0.43177
33,4,0.412,0.576,0.412,0.976,0.588,0.624,0.588,0.33177
34,4,0.4,0.776,0.824,1.0,1.0,0.824,0.576,0.23177
35,,0.2,0.576,0.624,0.8,0.8,0.624,0.376,0.03177
36,,0.0,0.376,0.424,0.6,0.6,0.424,0.176,-0.16823
37,8,0.412,0.576,0.412,0.5,0.588,0.624,0.588,0.83177
38,8,0.824,0.776,0.4,0.4,0.576,0.824,1.0,1.0
39,,0.624,0.576,0.2,0.2,0.376,0.624,0.8,0.8
40,,0.424,0.376,0.0,0.0,0.176,0.424,0.6,0.6
41,,0.224,0.176,-0.2,-0.2,-0.024,0.224,0.4,0.4
42,3,0.424,0.588,0.8,0.212,0.176,0.212,0.3,0.388
43,3,0.624,1.0,1.0,0.624,0.376,0.2,0.2,0.376
44,,0.424,0.8,0.8,0.424,0.176,0.0,0.0,0.176
45,,0.224,0.6,0.6,0.224,-0.024,-0.2,-0.2,-0.024
46,7,0.424,0.588,0.5,0.212,0.176,0.212,0.8,0.388
47,7,0.624,0.576,0.4,0.2,0.376,0.624,1.0,0.8
48,,0.424,0.376,0.2,0.0,0.176,0.424,0.8,0.6
49,,0.224,0.176,0.0,-0.2,-0.024,0.224,0.6,0.4
50,4,0.212,0.376,0.412,0.8,0.388,0.424,0.588,0.3
51,4,0.2,0.576,0.824,1.0,0.8,0.624,0.576,0.2
52,,0.0,0.376,0.624,0.8,0.6,0.424,0.376,0.0
53,,-0.2,0.176,0.424,0.6,0.4,0.224,0.176,-0.2
54,8,0.212,0.376,0.412,0.5,0.388,0.424,0.588,0.8
55,8,0.624,0.576,0.4,0.4,0.376,0.624,1.0,1.0
56,,0.424,0.376,0.2,0.2,0.176,0.424,0.8,0.8
57,,0.224,0.176,0.0,0.0,-0.024,0.224,0.6,0.6
58,5,0.124,0.164,0.2,0.412,0.976,0.636,0.8,0.588
59,5,0.024,0.152,0.4,0.824,1.0,1.0,1.0,0.576
60,,-0.176,-0.048,0.2,0.624,0.8,0.8,0.8,0.376
61,1,0.824,0.364,0.4,0.612,0.7,0.788,1.0,0.788
62,1,1.0,0.776,0.6,0.6,0.6,0.776,1.0,1.0
63,,0.8,0.576,0.4,0.4,0.4,0.576,0.8,0.8
64,,0.6,0.376,0.2,0.2,0.2,0.376,0.6,0.6
65,,0.4,0.176,0.0,0.0,0.0,0.176,0.4,0.4
66,,0.2,-0.024,-0.2,-0.2,-0.2,-0.024,0.2,0.2
67,3,0.4,0.388,0.8,0.212,0.0,-0.036,0.1,0.188
68,3,0.6,0.8,1.0,0.624,0.2,-0.048,0.0,0.176
69,6,0.588,0.7,0.988,0.824,0.612,0.952,0.412,0.376
70,6,0.576,0.6,0.976,1.0,1.0,1.0,0.824,0.576
71,,0.376,0.4,0.776,0.8,0.8,0.8,0.624,0.376
72,,0.176,0.2,0.576,0.6,0.6,0.6,0.424,0.176
73,,-0.024,0.0,0.376,0.4,0.4,0.4,0.224,-0.024
74,1,0.976,0.412,0.576,0.388,0.3,0.388,0.424,0.388
75,1,1.0,0.824,0.776,0.376,0.2,0.376,0.624,0.8
76,,0.8,0.624,0.576,0.176,0.0,0.176,0.424,0.6
77,,0.6,0.424,0.376,-0.024,-0.2,-0.024,0.224,0.4
78,5,0.5,0.412,0.576,0.388,0.8,0.388,0.424,0.388
79,5,0.4,0.4,0.776,0.8,1.0,0.8,0.624,0.376
80,,0.2,0.2,0.576,0.6,0.8,0.6,0.424,0.176
81,,0.0,0.0,0.376,0.4,0.6,0.4,0.224,-0.024
82,8,0.412,0.2,0.364,0.3,0.588,0.6,0.636,0.976
83,8,0.824,0.4,0.352,0.2,0.576,0.8,1.0,1.0
84,,0.624,0.2,0.152,0.0,0.376,0.6,0.8,0.8
85,,0.424,0.0,-0.048,-0.2,0.176,0.4,0.6,0.6
86,4,0.412,0.2,0.364,0.8,0.588,0.6,0.588,0.5
87,4,0.4,0.4,0.776,1.0,1.0,0.8,0.576,0.4
88,,0.2,0.2,0.576,0.8,0.8,0.6,0.376,0.2
89,,0.0,0.0,0.376,0.6,0.6,0.4,0.176,0.0
90,,-0.2,-0.2,0.176,0.4,0.4,0.2,-0.024,-0.2
91,1,0.8,0.212,0.376,0.388,0.3,0.188,0.176,0.212
92,1,1.0,0.624,0.576,0.376,0.2,0.176,0.376,0.624
93,,0.8,0.424,0.376,0.176,0.0,-0.024,0.176,0.424
94,6,0.788,0.324,0.364,0.376,0.412,0.976,0.588,0.624
95,6,0.776,0.224,0.352,0.576,0.824,1.0,1.0,0.824
96,,0.576,0.024,0.152,0.376,0.624,0.8,0.8,0.624
97,,0.376,-0.176,-0.048,0.176,0.424,0.6,0.6,0.424
98,2,0.788,0.824,0.364,0.376,0.412,0.5,0.588,0.624
99,2,1.0,1.0,0.776,0.576,0.4,0.4,0.576,0.824
100,,0.8,0.8,0.576,0.376,0.2,0.2,0.376,0.624
101,,0.6,0.6,0.376,0.176,0.0,0.0,0.176,0.424
102,,0.4,0.4,0.176,-0.024,-0.2,-0.2,-0.024,0.224
103,6,0.388,0.3,0.164,0.176,0.212,0.8,0.388,0.424
104,6,0.376,0.2,0.152,0.376,0.624,1.0,0.8,0.624
105,,0.176,0.0,-0.048,0.176,0.424,0.8,0.6,0.424
106,3,0.376,0.412,0.952,0.588,0.624,0.788,0.5,0.412
107,3,0.576,0.824,1.0,1.0,0.824,0.776,0.4,0.4
108,,0.376,0.624,0.8,0.8,0.624,0.576,0.2,0.2
109,,0.176,0.424,0.6,0.6,0.424,0.376,0.0,0.0
110,,-0.024,0.224,0.4,0.4,0.224,0.176,-0.2,-0.2
111,8,0.388,0.424,0.388,0.3,0.212,0.376,0.212,0.8
112,8,0.8,0.624,0.376,0.2,0.2,0.576,0.624,1.0
113,,0.6,0.424,0.176,0.0,0.0,0.376,0.424,0.8
114,,0.4,0.224,-0.024,-0.2,-0.2,0.176,0.224,0.6
115,5,0.3,0.212,0.176,0.212,0.8,0.588,0.424,0.588
116,5,0.2,0.2,0.376,0.624,1.0,1.0,0.624,0.576
117,,0.0,0.0,0.176,0.424,0.8,0.8,0.424,0.376
118,,-0.2,-0.2,-0.024,0.224,0.6,0.6,0.224,0.176
119,2,0.212,0.8,0.388,0.424,0.588,0.5,0.212,0.376
120,2,0.624,1.0,0.8,0.624,0.576,0.4,0.2,0.576
121,,0.424,0.8,0.6,0.424,0.376,0.2,0.0,0.376
122,,0.224,0.6,0.4,0.224,0.176,0.0,-0.2,0.176
123,7,0.424,0.588,0.3,0.212,0.376,0.412,0.8,0.588
124,7,0.624,0.576,0.2,0.2,0.576,0.824,1.0,1.0
125,,0.424,0.376,0.0,0.0,0.376,0.624,0.8,0.8
126,,0.224,0.176,-0.2,-0.2,0.176,0.424,0.6,0.6
127,4,0.212,0.376,0.212,0.8,0.588,0.624,0.588,0.5
128,4,0.2,0.576,0.624,1.0,1.0,0.824,0.576,0.4
129,,0.0,0.376,0.424,0.8,0.8,0.624,0.376,0.2
130,,-0.2,0.176,0.224,0.6,0.6,0.424,0.176,0.0
131,1,0.8,0.588,0.424,0.588,0.5,0.412,0.376,0.412
132,1,1.0,1.0,0.624,0.576,0.4,0.4,0.576,0.824
133,,0.8,0.8,0.424,0.376,0.2,0.2,0.376,0.624
134,,0.6,0.6,0.224,0.176,0.0,0.0,0.176,0.424
135,,0.4,0.4,0.024,-0.024,-0.2,-0.2,-0.024,0.224
136,6,0.388,0.3,0.012,0.176,0.212,0.8,0.388,0.424
137,6,0.376,0.2,0.0,0.376,0.624,1.0,0.8,0.624
138,,0.176,0.0,-0.2,0.176,0.424,0.8,0.6,0.424
139,3,0.376,0.412,0.8,0.588,0.624,0.788,0.5,0.412
140,3,0.576,0.824,1.0,1.0,0.824,0.776,0.4,0.4
141,,0.376,0.624,0.8,0.8,0.624,0.576,0.2,0.2
142,,0.176,0.424,0.6,0.6,0.424,0.376,0.0,0.0
143,,-0.024,0.224,0.4,0.4,0.224,0.176,-0.2,-0.2
144,7,0.176,0.212,0.3,0.388,0.424,0.588,0.8,0.212
145,7,0.376,0.2,0.2,0.376,0.624,1.0,1.0,0.624
146,,0.176,0.0,0.0,0.176,0.424,0.8,0.8,0.424
147,,-0.024,-0.2,-0.2,-0.024,0.224,0.6,0.6,0.224
148,2,0.388,0.8,0.212,0.176,0.212,0.5,0.588,0.424
149,2,0.8,1.0,0.624,0.376,0.2,0.4,0.576,0.624
150,,0.6,0.8,0.424,0.176,0.0,0.2,0.376,0.424
151,,0.4,0.6,0.224,-0.024,-0.2,0.0,0.176,0.224
152,5,0.3,0.588,0.424,0.388,0.8,0.412,0.376,0.212
153,5,0.2,0.576,0.624,0.8,1.0,0.824,0.576,0.2
154,,0.0,0.376,0.424,0.6,0.8,0.624,0.376,0.0
155,,-0.2,0.176,0.224,0.4,0.6,0.424,0.176,-0.2
156,8,0.212,0.376,0.212,0.3,0.588,0.624,0.588,0.8
157,8,0.624,0.576,0.2,0.2,0.576,0.824,1.0,1.0
158,,0.424,0.376,0.0,0.0,0.376,0.624,0.8,0.8
159,,0.224,0.176,-0.2,-0.2,0.176,0.424,0.6,0.6
160,4,0.212,0.376,0.212,0.8,0.588,0.624,0.588,0.5
161,4,0.2,0.576,0.624,1.0,1.0,0.824,0.576,0.4
162,,0.0,0.376,0.424,0.8,0.8,0.624,0.376,0.2
163,,-0.2,0.176,0.224,0.6,0.6,0.424,0.176,0.0
164,1,0.8,0.588,0.424,0.588,0.5,0.412,0.376,0.412
165,1,1.0,1.0,0.624,0.576,0.4,0.4,0.576,0.824
166,,0.8,0.8,0.424,0.376,0.2,0.2,0.376,0.624
167,,0.6,0.6,0.224,0.176,0.0,0.0,0.176,0.424
168,,0.4,0.4,0.024,-0.024,-0.2,-0.2,-0.024,0.224
169,6,0.388,0.3,0.012,0.176,0.212,0.8,0.388,0.424
170,6,0.376,0.2,0.0,0.376,0.624,1.0,0.8,0.624
171,,0.176,0.0,-0.2,0.176,0.424,0.8,0.6,0.424
172,3,0.376,0.412,0.8,0.588,0.624,0.788,0.5,0.412
173,3,0.576,0.824,1.0,1.0,0.824,0.776,0.4,0.4
174,,0.376,0.624,0.8,0.8,0.624,0.576,0.2,0.2
175,,0.176,0.424,0.6,0.6,0.424,0.376,0.0,0.0
176,,-0.024,0.224,0.4,0.4,0.224,0.176,-0.2,-0.2
177,7,0.176,0.212,0.3,0.388,0.424,0.588,0.8,0.212
178,7,0.376,0.2,0.2,0.376,0.624,1.0,1.0,0.624
179,,0.176,0.0,0.0,0.176,0.424,0.8,0.8,0.424
180,,-0.024,-0.2,-0.2,-0.024,0.224,0.6,0.6,0.224
181,3,0.176,0.212,0.8,0.388,0.424,0.588,0.5,0.212
182,3,0.376,0.624,1.0,0.8,0.624,0.576,0.4,0.2
183,,0.176,0.424,0.8,0.6,0.424,0.376,0.2,0.0
184,,-0.024,0.224,0.6,0.4,0.224,0.176,0.0,-0.2
185,8,0.388,0.424,0.588,0.3,0.212,0.376,0.412,0.8
186,8,0.8,0.624,0.576,0.2,0.2,0.576,0.824,1.0
187,,0.6,0.424,0.376,0.0,0.0,0.376,0.624,0.8
188,,0.4,0.224,0.176,-0.2,-0.2,0.176,0.424,0.6
189,4,0.388,0.424,0.588,0.8,0.212,0.376,0.412,0.5
190,4,0.376,0.624,1.0,1.0,0.624,0.576,0.4,0.4
191,,0.176,0.424,0.8,0.8,0.424,0.376,0.2,0.2
192,,-0.024,0.224,0.6,0.6,0.224,0.176,0.0,0.0
193,1,0.976,0.636,0.8,0.588,0.124,0.164,0.2,0.412
194,1,1.0,1.0,1.0,0.576,0.024,0.152,0.4,0.824
195,,0.8,0.8,0.8,0.376,-0.176,-0.048,0.2,0.624
196,5,0.7,0.788,1.0,0.788,0.824,0.364,0.4,0.612
197,5,0.6,0.776,1.0,1.0,1.0,0.776,0.6,0.6
198,,0.4,0.576,0.8,0.8,0.8,0.576,0.4,0.4
199,,0.2,0.376,0.6,0.6,0.6,0.376,0.2,0.2
200,,0.0,0.176,0.4,0.4,0.4,0.176,0.0,0.0
201,,-0.2,-0.024,0.2,0.2,0.2,-0.024,-0.2,-0.2
202,7,0.0,-0.036,0.1,0.188,0.4,0.388,0.8,0.212
203,7,0.2,-0.048,0.0,0.176,0.6,0.8,1.0,0.624
204,2,0.612,0.952,0.412,0.376,0.588,0.7,0.988,0.824
205,2,1.0,1.0,0.824,0.576,0.576,0.6,0.976,1.0
206,,0.8,0.8,0.624,0.376,0.376,0.4,0.776,0.8
207,,0.6,0.6,0.424,0.176,0.176,0.2,0.576,0.6
208,,0.4,0.4,0.224,-0.024,-0.024,0.0,0.376,0.4
209,5,0.3,0.388,0.424,0.388,0.976,0.412,0.576,0.388
210,5,0.2,0.376,0.624,0.8,1.0,0.824,0.776,0.376
211,,0.0,0.176,0.424,0.6,0.8,0.624,0.576,0.176
212,,-0.2,-0.024,0.224,0.4,0.6,0.424,0.376,-0.024
213,1,0.8,0.388,0.424,0.388,0.5,0.412,0.576,0.388
214,1,1.0,0.8,0.624,0.376,0.4,0.4,0.776,0.8
215,,0.8,0.6,0.424,0.176,0.2,0.2,0.576,0.6
216,,0.6,0.4,0.224,-0.024,0.0,0.0,0.376,0.4
217,4,0.588,0.6,0.636,0.976,0.412,0.2,0.364,0.3
218,4,0.576,0.8,1.0,1.0,0.824,0.4,0.352,0.2
219,,0.376,0.6,0.8,0.8,0.624,0.2,0.152,0.0
220,,0.176,0.4,0.6,0.6,0.424,0.0,-0.048,-0.2
221,8,0.588,0.6,0.588,0.5,0.412,0.2,0.364,0.8
222,8,1.0,0.8,0.576,0.4,0.4,0.4,0.776,1.0
223,,0.8,0.6,0.376,0.2,0.2,0.2,0.576,0.8
224,,0.6,0.4,0.176,0.0,0.0,0.0,0.376,0.6
225,,0.4,0.2,-0.024,-0.2,-0.2,-0.2,0.176,0.4
226,4,0.388,0.4,0.388,0.8,0.212,0.0,0.164,0.3
227,4,0.376,0.6,0.8,1.0,0.624,0.2,0.152,0.2
228,,0.176,0.4,0.6,0.8,0.424,0.0,-0.048,0.0
229,7,0.376,0.388,0.5,0.788,0.624,0.412,0.952,0.412
230,7,0.576,0.376,0.4,0.776,0.824,0.824,1.0,0.824
231,,0.376,0.176,0.2,0.576,0.624,0.624,0.8,0.624
232,,0.176,-0.024,0.0,0.376,0.424,0.424,0.6,0.424
233,2,0.588,0.976,0.412,0.576,0.412,0.324,0.588,0.624
234,2,1.0,1.0,0.824,0.776,0.4,0.224,0.576,0.824
235,,0.8,0.8,0.624,0.576,0.2,0.024,0.376,0.624
236,,0.6,0.6,0.424,0.376,0.0,-0.176,0.176,0.424
237,6,0.588,0.5,0.412,0.576,0.412,0.824,0.588,0.624
238,6,0.576,0.4,0.4,0.776,0.824,1.0,1.0,0.824
239,,0.376,0.2,0.2,0.576,0.624,0.8,0.8,0.624
240,,0.176,0.0,0.0,0.376,0.424,0.6,0.6,0.424
241,,-0.024,-0.2,-0.2,0.176,0.224,0.4,0.4,0.224
242,2,0.388,0.8,0.212,0.376,0.212,0.3,0.388,0.424
243,2,0.8,1.0,0.624,0.576,0.2,0.2,0.376,0.624
244,,0.6,0.8,0.424,0.376,0.0,0.0,0.176,0.424
245,,0.4,0.6,0.224,0.176,-0.2,-0.2,-0.024,0.224
246,6,0.388,0.5,0.212,0.376,0.212,0.8,0.388,0.424
247,6,0.376,0.4,0.2,0.576,0.624,1.0,0.8,0.624
248,,0.176,0.2,0.0,0.376,0.424,0.8,0.6,0.424
249,,-0.024,0.0,-0.2,0.176,0.224,0.6,0.4,0.224
250,3,0.176,0.412,0.8,0.588,0.424,0.588,0.3,0.212
251,3,0.376,0.824,1.0,1.0,0.624,0.576,0.2,0.2
252,,0.176,0.624,0.8,0.8,0.424,0.376,0.0,0.0
253,,-0.024,0.424,0.6,0.6,0.224,0.176,-0.2,-0.2
254,8,0.388,0.624,0.588,0.5,0.212,0.376,0.212,0.8
255,8,0.8,0.824,0.576,0.4,0.2,0.576,0.624,1.0
256,,0.6,0.624,0.376,0.2,0.0,0.376,0.424,0.8
257,,0.4,0.424,0.176,0.0,-0.2,0.176,0.224,0.6
258,5,0.3,0.412,0.376,0.412,0.8,0.588,0.424,0.588
259,5,0.2,0.4,0.576,0.824,1.0,1.0,0.624,0.576
260,,0.0,0.2,0.376,0.624,0.8,0.8,0.424,0.376
261,,-0.2,0.0,0.176,0.424,0.6,0.6,0.224,0.176
262,1,0.8,0.412,0.376,0.412,0.5,0.588,0.424,0.588
263,1,1.0,0.824,0.576,0.4,0.4,0.576,0.624,1.0
264,,0.8,0.624,0.376,0.2,0.2,0.376,0.424,0.8
265,,0.6,0.424,0.176,0.0,0.0,0.176,0.224,0.6
266,,0.4,0.224,-0.024,-0.2,-0.2,-0.024,0.024,0.4
267,5,0.3,0.212,0.176,0.212,0.8,0.388,0.224,0.388
268,5,0.2,0.2,0.376,0.624,1.0,0.8,0.424,0.376
269,,0.0,0.0,0.176,0.424,0.8,0.6,0.224,0.176
270,,-0.2,-0.2,-0.024,0.224,0.6,0.4,0.024,-0.024
271,1,0.8,0.212,0.176,0.212,0.5,0.388,0.224,0.388
272,1,1.0,0.624,0.376,0.2,0.4,0.376,0.424,0.8
273,,0.8,0.424,0.176,0.0,0.2,0.176,0.224,0.6
274,,0.6,0.224,-0.024,-0.2,0.0,-0.024,0.024,0.4
275,4,0.588,0.424,0.388,0.8,0.412,0.176,0.012,0.3
276,4,0.576,0.624,0.8,1.0,0.824,0.376,0.0,0.2
277,,0.376,0.424,0.6,0.8,0.624,0.176,-0.2,0.0
278,7,0.576,0.412,0.5,0.788,0.824,0.588,0.8,0.412
279,7,0.776,0.4,0.4,0.776,1.0,1.0,1.0,0.824
280,,0.576,0.2,0.2,0.576,0.8,0.8,0.8,0.624
281,,0.376,0.0,0.0,0.376,0.6,0.6,0.6,0.424
282,,0.176,-0.2,-0.2,0.176,0.4,0.4,0.4,0.224
283,2,0.588,0.8,0.212,0.376,0.388,0.3,0.388,0.424
284,2,1.0,1.0,0.624,0.576,0.376,0.2,0.376,0.624
285,,0.8,0.8,0.424,0.376,0.176,0.0,0.176,0.424
286,,0.6,0.6,0.224,0.176,-0.024,-0.2,-0.024,0.224
287,6,0.588,0.5,0.212,0.376,0.388,0.8,0.388,0.424
288,6,0.576,0.4,0.2,0.576,0.8,1.0,0.8,0.624
289,,0.376,0.2,0.0,0.376,0.6,0.8,0.6,0.424
290,,0.176,0.0,-0.2,0.176,0.4,0.6,0.4,0.224
291,3,0.376,0.412,0.8,0.588,0.6,0.588,0.3,0.212
292,3,0.576,0.824,1.0,1.0,0.8,0.576,0.2,0.2
293,,0.376,0.624,0.8,0.8,0.6,0.376,0.0,0.0
294,,0.176,0.424,0.6,0.6,0.4,0.176,-0.2,-0.2
295,7,0.376,0.412,0.5,0.588,0.6,0.588,0.8,0.212
296,7,0.576,0.4,0.4,0.576,0.8,1.0,1.0,0.624
297,,0.376,0.2,0.2,0.376,0.6,0.8,0.8,0.424
298,,0.176,0.0,0.0,0.176,0.4,0.6,0.6,0.224
299,,-0.024,-0.2,-0.2,-0.024,0.2,0.4,0.4,0.024
300,2,0.388,0.8,0.212,0.176,0.188,0.3,0.388,0.224
301,2,0.8,1.0,0.624,0.376,0.176,0.2,0.376,0.424
302,,0.6,0.8,0.424,0.176,-0.024,0.0,0.176,0.224
303,5,0.5,0.788,0.624,0.588,0.976,0.412,0.376,0.212
304,5,0.4,0.776,0.824,1.0,1.0,0.824,0.576,0.2
305,,0.2,0.576,0.624,0.8,0.8,0.624,0.376,0.0
306,,0.0,0.376,0.424,0.6,0.6,0.424,0.176,-0.2
307,8,0.412,0.576,0.412,0.5,0.588,0.624,0.588,0.8
308,8,0.824,0.776,0.4,0.4,0.576,0.824,1.0,1.0
309,,0.624,0.576,0.2,0.2,0.376,0.624,0.8,0.8
310,,0.424,0.376,0.0,0.0,0.176,0.424,0.6,0.6
311,,0.224,0.176,-0.2,-0.2,-0.024,0.224,0.4,0.4
312,3,0.424,0.588,0.8,0.212,0.176,0.212,0.3,0.388
313,3,0.624,1.0,1.0,0.624,0.376,0.2,0.2,0.376
314,,0.424,0.8,0.8,0.424,0.176,0.0,0.0,0.176
315,,0.224,0.6,0.6,0.224,-0.024,-0.2,-0.2,-0.024
316,6,0.212,0.5,0.588,0.424,0.388,0.8,0.212,0.176
317,6,0.2,0.4,0.576,0.624,0.8,1.0,0.624,0.376
318,,0.0,0.2,0.376,0.424,0.6,0.8,0.424,0.176
319,,-0.2,0.0,0.176,0.224,0.4,0.6,0.224,-0.024
320,1,0.8,0.412,0.376,0.212,0.3,0.588,0.424,0.388
321,1,1.0,0.824,0.576,0.2,0.2,0.576,0.624,0.8
322,,0.8,0.624,0.376,0.0,0.0,0.376,0.424,0.6
323,,0.6,0.424,0.176,-0.2,-0.2,0.176,0.224,0.4
324,5,0.5,0.412,0.376,0.212,0.8,0.588,0.424,0.388
325,5,0.4,0.4,0.576,0.624,1.0,1.0,0.624,0.376
326,,0.2,0.2,0.376,0.424,0.8,0.8,0.424,0.176
327,,0.0,0.0,0.176,0.224,0.6,0.6,0.224,-0.024
328,8,0.412,0.2,0.164,0.124,0.588,0.8,0.636,0.976
329,8,0.824,0.4,0.152,0.024,0.576,1.0,1.0,1.0
330,,0.624,0.2,-0.048,-0.176,0.376,0.8,0.8,0.8
331,4,0.612,0.4,0.364,0.824,0.788,1.0,0.788,0.7
332,4,0.6,0.6,0.776,1.0,1.0,1.0,0.776,0.6
333,,0.4,0.4,0.576,0.8,0.8,0.8,0.576,0.4
334,,0.2,0.2,0.376,0.6,0.6,0.6,0.376,0.2
335,,0.0,0.0,0.176,0.4,0.4,0.4,0.176,0.0
336,,-0.2,-0.2,-0.024,0.2,0.2,0.2,-0.024,-0.2
337,2,0.212,0.8,0.388,0.4,0.188,0.1,-0.036,0.0
338,2,0.624,1.0,0.8,0.6,0.176,0.0,-0.048,0.2
339,7,0.824,0.988,0.7,0.588,0.376,0.412,0.952,0.612
340,7,1.0,0.976,0.6,0.576,0.576,0.824,1.0,1.0
341,,0.8,0.776,0.4,0.376,0.376,0.624,0.8,0.8
342,,0.6,0.576,0.2,0.176,0.176,0.424,0.6,0.6
343,,0.4,0.376,0.0,-0.024,-0.024,0.224,0.4,0.4
344,4,0.388,0.576,0.412,0.976,0.388,0.424,0.388,0.3
345,4,0.376,0.776,0.824,1.0,0.8,0.624,0.376,0.2
346,,0.176,0.576,0.624,0.8,0.6,0.424,0.176,0.0
347,,-0.024,0.376,0.424,0.6,0.4,0.224,-0.024,-0.2
348,8,0.388,0.576,0.412,0.5,0.388,0.424,0.388,0.8
349,8,0.8,0.776,0.4,0.4,0.376,0.624,0.8,1.0
350,,0.6,0.576,0.2,0.2,0.176,0.424,0.6,0.8
351,,0.4,0.376,0.0,0.0,-0.024,0.224,0.4,0.6
352,5,0.3,0.364,0.2,0.412,0.976,0.636,0.6,0.588
353,5,0.2,0.352,0.4,0.824,1.0,1.0,0.8,0.576
354,,0.0,0.152,0.2,0.624,0.8,0.8,0.6,0.376
355,,-0.2,-0.048,0.0,0.424,0.6,0.6,0.4,0.176
356,1,0.8,0.364,0.2,0.412,0.5,0.588,0.6,0.588
357,1,1.0,0.776,0.4,0.4,0.4,0.576,0.8,1.0
358,,0.8,0.576,0.2,0.2,0.2,0.376,0.6,0.8
359,,0.6,0.376,0.0,0.0,0.0,0.176,0.4,0.6
360,,0.4,0.176,-0.2,-0.2,-0.2,-0.024,0.2,0.4
361,4,0.388,0.376,0.212,0.8,0.212,0.176,0.188,0.3
362,4,0.376,0.576,0.624,1.0,0.624,0.376,0.176,0.2
363,,0.176,0.376,0.424,0.8,0.424,0.176,-0.024,0.0
364,7,0.376,0.364,0.324,0.788,0.624,0.588,0.976,0.412
365,7,0.576,0.352,0.224,0.776,0.824,1.0,1.0,0.824
366,,0.376,0.152,0.024,0.576,0.624,0.8,0.8,0.624
367,,0.176,-0.048,-0.176,0.376,0.424,0.6,0.6,0.424
368,3,0.376,0.364,0.824,0.788,0.624,0.588,0.5,0.412
369,3,0.576,0.776,1.0,1.0,0.824,0.576,0.4,0.4
370,,0.376,0.576,0.8,0.8,0.624,0.376,0.2,0.2
371,,0.176,0.376,0.6,0.6,0.424,0.176,0.0,0.0
372,,-0.024,0.176,0.4,0.4,0.224,-0.024,-0.2,-0.2
373,8,0.388,0.376,0.388,0.3,0.212,0.176,0.212,0.8
374,8,0.8,0.576,0.376,0.2,0.2,0.376,0.624,1.0
375,,0.6,0.376,0.176,0.0,0.0,0.176,0.424,0.8
376,,0.4,0.176,-0.024,-0.2,-0.2,-0.024,0.224,0.6
377,4,0.388,0.376,0.388,0.8,0.212,0.176,0.212,0.5
378,4,0.376,0.576,0.8,1.0,0.624,0.376,0.2,0.4
379,,0.176,0.376,0.6,0.8,0.424,0.176,0.0,0.2
380,,-0.024,0.176,0.4,0.6,0.224,-0.024,-0.2,0.0
381,7,0.176,0.164,0.3,0.588,0.424,0.388,0.8,0.412
382,7,0.376,0.152,0.2,0.576,0.624,0.8,1.0,0.824
383,,0.176,-0.048,0.0,0.376,0.424,0.6,0.8,0.624
384,2,0.588,0.952,0.412,0.576,0.412,0.5,0.788,0.824
385,2,1.0,1.0,0.824,0.776,0.4,0.4,0.776,1.0
386,,0.8,0.8,0.624,0.576,0.2,0.2,0.576,0.8
387,,0.6,0.6,0.424,0.376,0.0,0.0,0.376,0.6
388,,0.4,0.4,0.224,0.176,-0.2,-0.2,0.176,0.4
389,6,0.388,0.3,0.212,0.376,0.212,0.8,0.588,0.6
390,6,0.376,0.2,0.2,0.576,0.624,1.0,1.0,0.8
391,,0.176,0.0,0.0,0.376,0.424,0.8,0.8,0.6
392,,-0.024,-0.2,-0.2,0.176,0.224,0.6,0.6,0.4
393,2,0.388,0.8,0.212,0.376,0.212,0.5,0.588,0.6
394,2,0.8,1.0,0.624,0.576,0.2,0.4,0.576,0.8
395,,0.6,0.8,0.424,0.376,0.0,0.2,0.376,0.6
396,,0.4,0.6,0.224,0.176,-0.2,0.0,0.176,0.4
397,5,0.3,0.588,0.424,0.588,0.8,0.412,0.376,0.388
398,5,0.2,0.576,0.624,1.0,1.0,0.824,0.576,0.376
399,,0.0,0.376,0.424,0.8,0.8,0.624,0.376,0.176
400,,-0.2,0.176,0.224,0.6,0.6,0.424,0.176,-0.024
401,1,0.8,0.588,0.424,0.588,0.5,0.412,0.376,0.388
402,1,1.0,1.0,0.624,0.576,0.4,0.4,0.576,0.8
403,,0.8,0.8,0.424,0.376,0.2,0.2,0.376,0.6
404,,0.6,0.6,0.224,0.176,0.0,0.0,0.176,0.4
405,,0.4,0.4,0.024,-0.024,-0.2,-0.2,-0.024,0.2
406,5,0.3,0.388,0.224,0.388,0.8,0.212,0.176,0.188
407,5,0.2,0.376,0.424,0.8,1.0,0.624,0.376,0.176
408,,0.0,0.176,0.224,0.6,0.8,0.424,0.176,-0.024
409,8,0.412,0.376,0.212,0.5,0.788,0.624,0.588,0.976
410,8,0.824,0.576,0.2,0.4,0.776,0.824,1.0,1.0
411,,0.624,0.376,0.0,0.2,0.576,0.624,0.8,0.8
412,,0.424,0.176,-0.2,0.0,0.376,0.424,0.6,0.6
413,3,0.624,0.588,0.8,0.412,0.576,0.412,0.5,0.588
414,3,0.824,1.0,1.0,0.824,0.776,0.4,0.4,0.576
415,,0.624,0.8,0.8,0.624,0.576,0.2,0.2,0.376
416,,0.424,0.6,0.6,0.424,0.376,0.0,0.0,0.176
417,,0.224,0.4,0.4,0.224,0.176,-0.2,-0.2,-0.024
418,7,0.424,0.388,0.3,0.212,0.376,0.212,0.8,0.388
419,7,0.624,0.376,0.2,0.2,0.576,0.624,1.0,0.8
420,,0.424,0.176,0.0,0.0,0.376,0.424,0.8,0.6
421,,0.224,-0.024,-0.2,-0.2,0.176,0.224,0.6,0.4
422,3,0.424,0.388,0.8,0.212,0.376,0.212,0.5,0.388
423,3,0.624,0.8,1.0,0.624,0.576,0.2,0.4,0.376
424,,0.424,0.6,0.8,0.424,0.376,0.0,0.2,0.176
425,,0.224,0.4,0.6,0.224,0.176,-0.2,0.0,-0.024
426,6,0.212,0.3,0.588,0.424,0.588,0.8,0.412,0.176
427,6,0.2,0.2,0.576,0.624,1.0,1.0,0.824,0.376
428,,0.0,0.0,0.376,0.424,0.8,0.8,0.624,0.176
429,,-0.2,-0.2,0.176,0.224,0.6,0.6,0.424,-0.024
430,1,0.8,0.212,0.376,0.212,0.5,0.588,0.624,0.388
431,1,1.0,0.624,0.576,0.2,0.4,0.576,0.824,0.8
432,,0.8,0.424,0.376,0.0,0.2,0.376,0.624,0.6
433,,0.6,0.224,0.176,-0.2,0.0,0.176,0.424,0.4
434,4,0.588,0.424,0.588,0.8,0.412,0.376,0.412,0.3
435,4,0.576,0.624,1.0,1.0,0.824,0.576,0.4,0.2
436,,0.376,0.424,0.8,0.8,0.624,0.376,0.2,0.0
437,,0.176,0.224,0.6,0.6,0.424,0.176,0.0,-0.2
438,8,0.588,0.424,0.588,0.5,0.412,0.376,0.412,0.8
439,8,1.0,0.624,0.576,0.4,0.4,0.576,0.824,1.0
440,,0.8,0.424,0.376,0.2,0.2,0.376,0.624,0.8
441,,0.6,0.224,0.176,0.0,0.0,0.176,0.424,0.6
442,,0.4,0.024,-0.024,-0.2,-0.2,-0.024,0.224,0.4
443,4,0.388,0.224,0.388,0.8,0.212,0.176,0.212,0.3
444,4,0.376,0.424,0.8,1.0,0.624,0.376,0.2,0.2
445,,0.176,0.224,0.6,0.8,0.424,0.176,0.0,0.0
446,,-0.024,0.024,0.4,0.6,0.224,-0.024,-0.2,-0.2
447,7,0.176,0.012,0.3,0.588,0.424,0.388,0.8,0.212
448,7,0.376,0.0,0.2,0.576,0.624,0.8,1.0,0.624
449,,0.176,-0.2,0.0,0.376,0.424,0.6,0.8,0.424
450,2,0.588,0.8,0.412,0.576,0.412,0.5,0.788,0.624
451,2,1.0,1.0,0.824,0.776,0.4,0.4,0.776,0.824
452,,0.8,0.8,0.624,0.576,0.2,0.2,0.576,0.624
453,,0.6,0.6,0.424,0.376,0.0,0.0,0.376,0.424
454,,0.4,0.4,0.224,0.176,-0.2,-0.2,0.176,0.224
455,5,0.3,0.388,0.424,0.588,0.8,0.212,0.376,0.212
456,5,0.2,0.376,0.624,1.0,1.0,0.624,0.576,0.2
457,,0.0,0.176,0.424,0.8,0.8,0.424,0.376,0.0
458,,-0.2,-0.024,0.224,0.6,0.6,0.224,0.176,-0.2
459,1,0.8,0.388,0.424,0.588,0.5,0.212,0.376,0.212
460,1,1.0,0.8,0.624,0.576,0.4,0.2,0.576,0.624
461,,0.8,0.6,0.424,0.376,0.2,0.0,0.376,0.424
462,,0.6,0.4,0.224,0.176,0.0,-0.2,0.176,0.224
463,6,0.588,0.3,0.212,0.376,0.412,0.8,0.588,0.424
464,6,0.576,0.2,0.2,0.576,0.824,1.0,1.0,0.624
465,,0.376,0.0,0.0,0.376,0.624,0.8,0.8,0.424
466,,0.176,-0.2,-0.2,0.176,0.424,0.6,0.6,0.224
467,2,0.588,0.8,0.212,0.376,0.412,0.5,0.588,0.424
468,2,1.0,1.0,0.624,0.576,0.4,0.4,0.576,0.624
469,,0.8,0.8,0.424,0.376,0.2,0.2,0.376,0.424
470,,0.6,0.6,0.224,0.176,0.0,0.0,0.176,0.224
471,,0.4,0.4,0.024,-0.024,-0.2,-0.2,-0.024,0.024
472,5,0.3,0.388,0.224,0.388,0.8,0.212,0.176,0.012
473,5,0.2,0.376,0.424,0.8,1.0,0.624,0.376,0.0
474,,0.0,0.176,0.224,0.6,0.8,0.424,0.176,-0.2
475,8,0.412,0.376,0.212,0.5,0.788,0.624,0.588,0.8
476,8,0.824,0.576,0.2,0.4,0.776,0.824,1.0,1.0
477,,0.624,0.376,0.0,0.2,0.576,0.624,0.8,0.8
478,,0.424,0.176,-0.2,0.0,0.376,0.424,0.6,0.6
479,3,0.624,0.588,0.8,0.412,0.576,0.412,0.5,0.588
480,3,0.824,1.0,1.0,0.824,0.776,0.4,0.4,0.576
481,,0.624,0.8,0.8,0.624,0.576,0.2,0.2,0.376
482,,0.424,0.6,0.6,0.424,0.376,0.0,0.0,0.176
483,,0.224,0.4,0.4,0.224,0.176,-0.2,-0.2,-0.024
484,7,0.424,0.388,0.3,0.212,0.376,0.212,0.8,0.388
485,7,0.624,0.376,0.2,0.2,0.576,0.624,1.0,0.8
486,,0.424,0.176,0.0,0.0,0.376,0.424,0.8,0.6
487,,0.224,-0.024,-0.2,-0.2,0.176,0.224,0.6,0.4
488,4,0.212,0.176,0.212,0.8,0.588,0.424,0.588,0.3
489,4,0.2,0.376,0.624,1.0,1.0,0.624,0.576,0.2
490,,0.0,0.176,0.424,0.8,0.8,0.424,0.376,0.0
491,,-0.2,-0.024,0.224,0.6,0.6,0.224,0.176,-0.2
492,8,0.212,0.176,0.212,0.5,0.588,0.424,0.588,0.8
493,8,0.624,0.376,0.2,0.4,0.576,0.624,1.0,1.0
494,,0.424,0.176,0.0,0.2,0.376,0.424,0.8,0.8
495,,0.224,-0.024,-0.2,0.0,0.176,0.224,0.6,0.6
496,3,0.424,0.388,0.8,0.412,0.376,0.212,0.5,0.588
497,3,0.624,0.8,1.0,0.824,0.576,0.2,0.4,0.576
498,,0.424,0.6,0.8,0.624,0.376,0.0,0.2,0.376
499,,0.224,0.4,0.6,0.424,0.176,-0.2,0.0,0.176
500,6,0.212,0.3,0.588,0.624,0.588,0.8,0.412,0.376
501,6,0.2,0.2,0.576,0.824,1.0,1.0,0.824,0.576
502,,0.0,0.0,0.376,0.624,0.8,0.8,0.624,0.376
503,,-0.2,-0.2,0.176,0.424,0.6,0.6,0.424,0.176
504,1,0.8,0.212,0.376,0.412,0.5,0.588,0.624,0.588
505,1,1.0,0.624,0.576,0.4,0.4,0.576,0.824,1.0
506,,0.8,0.424,0.376,0.2,0.2,0.376,0.624,0.8
507,,0.6,0.224,0.176,0.0,0.0,0.176,0.424,0.6
508,,0.4,0.024,-0.024,-0.2,-0.2,-0.024,0.224,0.4
509,4,0.388,0.224,0.388,0.8,0.212,0.176,0.212,0.3
510,4,0.376,0.424,0.8,1.0,0.624,0.376,0.2,0.2
511,,0.176,0.224,0.6,0.8,0.424,0.176,0.0,0.0
512,,-0.024,0.024,0.4,0.6,0.224,-0.024,-0.2,-0.2
513,8,0.388,0.224,0.388,0.5,0.212,0.176,0.212,0.8
514,8,0.8,0.424,0.376,0.4,0.2,0.376,0.624,1.0
515,,0.6,0.224,0.176,0.2,0.0,0.176,0.424,0.8
516,,0.4,0.024,-0.024,0.0,-0.2,-0.024,0.224,0.6
517,5,0.3,0.012,0.176,0.412,0.8,0.388,0.424,0.588
518,5,0.2,0.0,0.376,0.824,1.0,0.8,0.624,0.576
519,,0.0,-0.2,0.176,0.624,0.8,0.6,0.424,0.376
520,2,0.412,0.8,0.588,0.824,0.788,0.5,0.412,0.576
521,2,0.824,1.0,1.0,1.0,0.776,0.4,0.4,0.776
522,,0.624,0.8,0.8,0.8,0.576,0.2,0.2,0.576
523,,0.424,0.6,0.6,0.6,0.376,0.0,0.0,0.376
524,,0.224,0.4,0.4,0.4,0.176,-0.2,-0.2,0.176
525,7,0.424,0.388,0.3,0.388,0.376,0.212,0.8,0.588
526,7,0.624,0.376,0.2,0.376,0.576,0.624,1.0,1.0
527,,0.424,0.176,0.0,0.176,0.376,0.424,0.8,0.8
528,,0.224,-0.024,-0.2,-0.024,0.176,0.224,0.6,0.6
529,3,0.424,0.388,0.8,0.388,0.376,0.212,0.5,0.588
530,3,0.624,0.8,1.0,0.8,0.576,0.2,0.4,0.576
531,,0.424,0.6,0.8,0.6,0.376,0.0,0.2,0.376
532,,0.224,0.4,0.6,0.4,0.176,-0.2,0.0,0.176
533,6,0.212,0.3,0.588,0.6,0.588,0.8,0.412,0.376
534,6,0.2,0.2,0.576,0.8,1.0,1.0,0.824,0.576
535,,0.0,0.0,0.376,0.6,0.8,0.8,0.624,0.376
536,,-0.2,-0.2,0.176,0.4,0.6,0.6,0.424,0.176
537,2,0.212,0.8,0.588,0.6,0.588,0.5,0.412,0.376
538,2,0.624,1.0,1.0,0.8,0.576,0.4,0.4,0.576
539,,0.424,0.8,0.8,0.6,0.376,0.2,0.2,0.376
540,,0.224,0.6,0.6,0.4,0.176,0.0,0.0,0.176
541,,0.024,0.4,0.4,0.2,-0.024,-0.2,-0.2,-0.024
542,6,0.012,0.3,0.388,0.4,0.388,0.8,0.212,0.176
543,6,0.0,0.2,0.376,0.6,0.8,1.0,0.624,0.376
544,,-0.2,0.0,0.176,0.4,0.6,0.8,0.424,0.176
545,1,0.8,0.412,0.376,0.388,0.5,0.788,0.624,0.588
546,1,1.0,0.824,0.576,0.376,0.4,0.776,0.824,1.0
547,,0.8,0.624,0.376,0.176,0.2,0.576,0.624,0.8
548,,0.6,0.424,0.176,-0.024,0.0,0.376,0.424,0.6
549,4,0.588,0.624,0.588,0.976,0.412,0.576,0.412,0.5
550,4,0.576,0.824,1.0,1.0,0.824,0.776,0.4,0.4
551,,0.376,0.624,0.8,0.8,0.624,0.576,0.2,0.2
552,,0.176,0.424,0.6,0.6,0.424,0.376,0.0,0.0
553,,-0.024,0.224,0.4,0.4,0.224,0.176,-0.2,-0.2
554,8,0.388,0.424,0.388,0.3,0.212,0.376,0.212,0.8
555,8,0.8,0.624,0.376,0.2,0.2,0.576,0.624,1.0
556,,0.6,0.424,0.176,0.0,0.0,0.376,0.424,0.8
557,,0.4,0.224,-0.024,-0.2,-0.2,0.176,0.224,0.6
558,5,0.3,0.212,0.176,0.212,0.8,0.588,0.424,0.588
559,5,0.2,0.2,0.376,0.624,1.0,1.0,0.624,0.576
560,,0.0,0.0,0.176,0.424,0.8,0.8,0.424,0.376
561,,-0.2,-0.2,-0.024,0.224,0.6,0.6,0.224,0.176
562,1,0.8,0.212,0.176,0.212,0.5,0.588,0.424,0.588
563,1,1.0,0.624,0.376,0.2,0.4,0.576,0.624,1.0
564,,0.8,0.424,0.176,0.0,0.2,0.376,0.424,0.8
565,,0.6,0.224,-0.024,-0.2,0.0,0.176,0.224,0.6
566,4,0.588,0.424,0.388,0.8,0.412,0.376,0.212,0.5
567,4,0.576,0.624,0.8,1.0,0.824,0.576,0.2,0.4
568,,0.376,0.424,0.6,0.8,0.624,0.376,0.0,0.2
569,,0.176,0.224,0.4,0.6,0.424,0.176,-0.2,0.0
570,7,0.376,0.212,0.3,0.588,0.624,0.588,0.8,0.412
571,7,0.576,0.2,0.2,0.576,0.824,1.0,1.0,0.824
572,,0.376,0.0,0.0,0.376,0.624,0.8,0.8,0.624
573,,0.176,-0.2,-0.2,0.176,0.424,0.6,0.6,0.424
574,3,0.376,0.212,0.8,0.588,0.624,0.588,0.5,0.412
575,3,0.576,0.624,1.0,1.0,0.824,0.576,0.4,0.4
576,,0.376,0.424,0.8,0.8,0.624,0.376,0.2,0.2
577,,0.176,0.224,0.6,0.6,0.424,0.176,0.0,0.0
578,,-0.024,0.024,0.4,0.4,0.224,-0.024,-0.2,-0.2
579,7,0.176,0.012,0.3,0.388,0.424,0.388,0.8,0.212
580,7,0.376,0.0,0.2,0.376,0.624,0.8,1.0,0.624
581,,0.176,-0.2,0.0,0.176,0.424,0.6,0.8,0.424
582,2,0.588,0.8,0.412,0.376,0.412,0.5,0.788,0.624
583,2,1.0,1.0,0.824,0.576,0.4,0.4,0.776,0.824
584,,0.8,0.8,0.624,0.376,0.2,0.2,0.576,0.624
585,,0.6,0.6,0.424,0.176,0.0,0.0,0.376,0.424
586,,0.4,0.4,0.224,-0.024,-0.2,-0.2,0.176,0.224
587,5,0.3,0.388,0.424,0.388,0.8,0.212,0.376,0.212
588,5,0.2,0.376,0.624,0.8,1.0,0.624,0.576,0.2
589,,0.0,0.176,0.424,0.6,0.8,0.424,0.376,0.0
590,,-0.2,-0.024,0.224,0.4,0.6,0.224,0.176,-0.2
591,1,0.8,0.388,0.424,0.388,0.5,0.212,0.376,0.212
592,1,1.0,0.8,0.624,0.376,0.4,0.2,0.576,0.624
593,,0.8,0.6,0.424,0.176,0.2,0.0,0.376,0.424
594,,0.6,0.4,0.224,-0.024,0.0,-0.2,0.176,0.224
595,6,0.588,0.3,0.212,0.176,0.412,0.8,0.588,0.424
596,6,0.576,0.2,0.2,0.376,0.824,1.0,1.0,0.624
597,,0.376,0.0,0.0,0.176,0.624,0.8,0.8,0.424
598,,0.176,-0.2,-0.2,-0.024,0.424,0.6,0.6,0.224
599,3,0.376,0.212,0.8,0.388,0.624,0.588,0.5,0.212
600,3,0.576,0.624,1.0,0.8,0.824,0.576,0.4,0.2
601,,0.376,0.424,0.8,0.6,0.624,0.376,0.2,0.0
602,,0.176,0.224,0.6,0.4,0.424,0.176,0.0,-0.2
603,8,0.588,0.424,0.588,0.3,0.412,0.376,0.412,0.8
604,8,1.0,0.624,0.576,0.2,0.4,0.576,0.824,1.0
605,,0.8,0.424,0.376,0.0,0.2,0.376,0.624,0.8
606,,0.6,0.224,0.176,-0.2,0.0,0.176,0.424,0.6
607,4,0.588,0.424,0.588,0.8,0.412,0.376,0.412,0.5
608,4,0.576,0.624,1.0,1.0,0.824,0.576,0.4,0.4
609,,0.376,0.424,0.8,0.8,0.624,0.376,0.2,0.2
610,,0.176,0.224,0.6,0.6,0.424,0.176,0.0,0.0
611,,-0.024,0.024,0.4,0.4,0.224,-0.024,-0.2,-0.2
612,8,0.388,0.224,0.388,0.3,0.212,0.176,0.212,0.8
613,8,0.8,0.424,0.376,0.2,0.2,0.376,0.624,1.0
614,,0.6,0.224,0.176,0.0,0.0,0.176,0.424,0.8
615,,0.4,0.024,-0.024,-0.2,-0.2,-0.024,0.224,0.6
616,4,0.388,0.224,0.388,0.8,0.212,0.176,0.212,0.5
617,4,0.376,0.424,0.8,1.0,0.624,0.376,0.2,0.4
618,,0.176,0.224,0.6,0.8,0.424,0.176,0.0,0.2
619,,-0.024,0.024,0.4,0.6,0.224,-0.024,-0.2,0.0
620,7,0.176,0.012,0.3,0.588,0.424,0.388,0.8,0.412
621,7,0.376,0.0,0.2,0.576,0.624,0.8,1.0,0.824
622,,0.176,-0.2,0.0,0.376,0.424,0.6,0.8,0.624
623,2,0.588,0.8,0.412,0.576,0.412,0.5,0.788,0.824
624,2,1.0,1.0,0.824,0.776,0.4,0.4,0.776,1.0
625,,0.8,0.8,0.624,0.576,0.2,0.2,0.576,0.8
626,,0.6,0.6,0.424,0.376,0.0,0.0,0.376,0.6
627,,0.4,0.4,0.224,0.176,-0.2,-0.2,0.176,0.4
628,6,0.388,0.3,0.212,0.376,0.212,0.8,0.588,0.6
629,6,0.376,0.2,0.2,0.576,0.624,1.0,1.0,0.8
630,,0.176,0.0,0.0,0.376,0.424,0.8,0.8,0.6
631,,-0.024,-0.2,-0.2,0.176,0.224,0.6,0.6,0.4
632,3,0.176,0.212,0.8,0.588,0.424,0.588,0.5,0.388
633,3,0.376,0.624,1.0,1.0,0.624,0.576,0.4,0.376
634,,0.176,0.424,0.8,0.8,0.424,0.376,0.2,0.176
635,,-0.024,0.224,0.6,0.6,0.224,0.176,0.0,-0.024
636,8,0.388,0.424,0.588,0.5,0.212,0.376,0.412,0.976
637,8,0.8,0.624,0.576,0.4,0.2,0.576,0.824,1.0
638,,0.6,0.424,0.376,0.2,0.0,0.376,0.624,0.8
639,,0.4,0.224,0.176,0.0,-0.2,0.176,0.424,0.6
640,5,0.3,0.212,0.376,0.412,0.8,0.588,0.624,0.588
641,5,0.2,0.2,0.576,0.824,1.0,1.0,0.824,0.576
642,,0.0,0.0,0.376,0.624,0.8,0.8,0.624,0.376
643,,-0.2,-0.2,0.176,0.424,0.6,0.6,0.424,0.176
644,2,0.212,0.8,0.588,0.624,0.588,0.5,0.412,0.376
645,2,0.624,1.0,1.0,0.824,0.576,0.4,0.4,0.576
646,,0.424,0.8,0.8,0.624,0.376,0.2,0.2,0.376
647,,0.224,0.6,0.6,0.424,0.176,0.0,0.0,0.176
648,,0.024,0.4,0.4,0.224,-0.024,-0.2,-0.2,-0.024
649,6,0.012,0.3,0.388,0.424,0.388,0.8,0.212,0.176
650,6,0.0,0.2,0.376,0.624,0.8,1.0,0.624,0.376
651,,-0.2,0.0,0.176,0.424,0.6,0.8,0.424,0.176
652,1,0.8,0.412,0.376,0.412,0.5,0.788,0.624,0.588
653,1,1.0,0.824,0.576,0.4,0.4,0.776,0.824,1.0
654,,0.8,0.624,0.376,0.2,0.2,0.576,0.624,0.8
655,,0.6,0.424,0.176,0.0,0.0,0.376,0.424,0.6
656,,0.4,0.224,-0.024,-0.2,-0.2,0.176,0.224,0.4
657,5,0.3,0.212,0.176,0.212,0.8,0.588,0.424,0.388
658,5,0.2,0.2,0.376,0.624,1.0,1.0,0.624,0.376
659,,0.0,0.0,0.176,0.424,0.8,0.8,0.424,0.176
660,,-0.2,-0.2,-0.024,0.224,0.6,0.6,0.224,-0.024
661,1,0.8,0.212,0.176,0.212,0.5,0.588,0.424,0.388
662,1,1.0,0.624,0.376,0.2,0.4,0.576,0.624,0.8
663,,0.8,0.424,0.176,0.0,0.2,0.376,0.424,0.6
664,,0.6,0.224,-0.024,-0.2,0.0,0.176,0.224,0.4
665,4,0.588,0.424,0.388,0.8,0.412,0.376,0.212,0.3
666,4,0.576,0.624,0.8,1.0,0.824,0.576,0.2,0.2
667,,0.376,0.424,0.6,0.8,0.624,0.376,0.0,0.0
668,,0.176,0.224,0.4,0.6,0.424,0.176,-0.2,-0.2
669,7,0.376,0.212,0.3,0.588,0.624,0.588,0.8,0.212
670,7,0.576,0.2,0.2,0.576,0.824,1.0,1.0,0.624
671,,0.376,0.0,0.0,0.376,0.624,0.8,0.8,0.424
672,,0.176,-0.2,-0.2,0.176,0.424,0.6,0.6,0.224
673,3,0.376,0.212,0.8,0.588,0.624,0.588,0.5,0.212
674,3,0.576,0.624,1.0,1.0,0.824,0.576,0.4,0.2
675,,0.376,0.424,0.8,0.8,0.624,0.376,0.2,0.0
676,,0.176,0.224,0.6,0.6,0.424,0.176,0.0,-0.2
677,8,0.588,0.424,0.588,0.5,0.412,0.376,0.412,0.8
678,8,1.0,0.624,0.576,0.4,0.4,0.576,0.824,1.0
679,,0.8,0.424,0.376,0.2,0.2,0.376,0.624,0.8
680,,0.6,0.224,0.176,0.0,0.0,0.176,0.424,0.6
681,,0.4,0.024,-0.024,-0.2,-0.2,-0.024,0.224,0.4
682,4,0.388,0.224,0.388,0.8,0.212,0.176,0.212,0.3
683,4,0.376,0.424,0.8,1.0,0.624,0.376,0.2,0.2
684,,0.176,0.224,0.6,0.8,0.424,0.176,0.0,0.0
685,,-0.024,0.024,0.4,0.6,0.224,-0.024,-0.2,-0.2
686,8,0.388,0.224,0.388,0.5,0.212,0.176,0.212,0.8
687,8,0.8,0.424,0.376,0.4,0.2,0.376,0.624,1.0
688,,0.6,0.224,0.176,0.2,0.0,0.176,0.424,0.8
689,,0.4,0.024,-0.024,0.0,-0.2,-0.024,0.224,0.6
690,5,0.3,0.012,0.176,0.412,0.8,0.388,0.424,0.588
691,5,0.2,0.0,0.376,0.824,1.0,0.8,0.624,0.576
692,,0.0,-0.2,0.176,0.624,0.8,0.6,0.424,0.376
693,2,0.412,0.8,0.588,0.824,0.788,0.5,0.412,0.576
694,2,0.824,1.0,1.0,1.0,0.776,0.4,0.4,0.776
695,,0.624,0.8,0.8,0.8,0.576,0.2,0.2,0.576
696,,0.424,0.6,0.6,0.6,0.376,0.0,0.0,0.376
697,,0.224,0.4,0.4,0.4,0.176,-0.2,-0.2,0.176
698,7,0.424,0.388,0.3,0.388,0.376,0.212,0.8,0.588
699,7,0.624,0.376,0.2,0.376,0.576,0.624,1.0,1.0
700,,0.424,0.176,0.0,0.176,0.376,0.424,0.8,0.8
701,,0.224,-0.024,-0.2,-0.024,0.176,0.224,0.6,0.6
702,3,0.424,0.388,0.8,0.388,0.376,0.212,0.5,0.588
703,3,0.624,0.8,1.0,0.8,0.576,0.2,0.4,0.576
704,,0.424,0.6,0.8,0.6,0.376,0.0,0.2,0.376
705,,0.224,0.4,0.6,0.4,0.176,-0.2,0.0,0.176
706,6,0.212,0.3,0.588,0.6,0.588,0.8,0.412,0.376
707,6,0.2,0.2,0.576,0.8,1.0,1.0,0.824,0.576
708,,0.0,0.0,0.376,0.6,0.8,0.8,0.624,0.376
709,,-0.2,-0.2,0.176,0.4,0.6,0.6,0.424,0.176
710,1,0.8,0.212,0.376,0.388,0.5,0.588,0.624,0.588
711,1,1.0,0.624,0.576,0.376,0.4,0.576,0.824,1.0
712,,0.8,0.424,0.376,0.176,0.2,0.376,0.624,0.8
713,,0.6,0.224,0.176,-0.024,0.0,0.176,0.424,0.6
714,4,0.588,0.424,0.588,0.976,0.412,0.376,0.412,0.5
715,4,0.576,0.624,1.0,1.0,0.824,0.576,0.4,0.4
716,,0.376,0.424,0.8,0.8,0.624,0.376,0.2,0.2
717,,0.176,0.224,0.6,0.6,0.424,0.176,0.0,0.0
718,,-0.024,0.024,0.4,0.4,0.224,-0.024,-0.2,-0.2
719,7,0.176,0.012,0.3,0.388,0.424,0.388,0.8,0.212
720,7,0.376,0.0,0.2,0.376,0.624,0.8,1.0,0.624
721,,0.176,-0.2,0.0,0.176,0.424,0.6,0.8,0.424
722,2,0.588,0.8,0.412,0.376,0.412,0.5,0.788,0.624
723,2,1.0,1.0,0.824,0.576,0.4,0.4,0.776,0.824
724,,0.8,0.8,0.624,0.376,0.2,0.2,0.576,0.624
725,,0.6,0.6,0.424,0.176,0.0,0.0,0.376,0.424
726,,0.4,0.4,0.224,-0.024,-0.2,-0.2,0.176,0.224
727,5,0.3,0.388,0.424,0.388,0.8,0.212,0.376,0.212
728,5,0.2,0.376,0.624,0.8,1.0,0.624,0.576,0.2
729,,0.0,0.176,0.424,0.6,0.8,0.424,0.376,0.0
730,,-0.2,-0.024,0.224,0.4,0.6,0.224,0.176,-0.2
731,1,0.8,0.388,0.424,0.388,0.5,0.212,0.376,0.212
732,1,1.0,0.8,0.624,0.376,0.4,0.2,0.576,0.624
733,,0.8,0.6,0.424,0.176,0.2,0.0,0.376,0.424
734,,0.6,0.4,0.224,-0.024,0.0,-0.2,0.176,0.224
735,6,0.588,0.3,0.212,0.176,0.412,0.8,0.588,0.424
736,6,0.576,0.2,0.2,0.376,0.824,1.0,1.0,0.624
737,,0.376,0.0,0.0,0.176,0.624,0.8,0.8,0.424
738,,0.176,-0.2,-0.2,-0.024,0.424,0.6,0.6,0.224
739,3,0.376,0.212,0.8,0.388,0.624,0.588,0.5,0.212
740,3,0.576,0.624,1.0,0.8,0.824,0.576,0.4,0.2
741,,0.376,0.424,0.8,0.6,0.624,0.376,0.2,0.0
742,,0.176,0.224,0.6,0.4,0.424,0.176,0.0,-0.2
743,8,0.588,0.424,0.588,0.3,0.412,0.376,0.412,0.8
744,8,1.0,0.624,0.576,0.2,0.4,0.576,0.824,1.0
745,,0.8,0.424,0.376,0.0,0.2,0.376,0.624,0.8
746,,0.6,0.224,0.176,-0.2,0.0,0.176,0.424,0.6
747,4,0.588,0.424,0.588,0.8,0.412,0.376,0.412,0.5
748,4,0.576,0.624,1.0,1.0,0.824,0.576,0.4,0.4
749,,0.376,0.424,0.8,0.8,0.624,0.376,0.2,0.2
750,,0.176,0.224,0.6,0.6,0.424,0.176,0.0,0.0
751,,-0.024,0.024,0.4,0.4,0.224,-0.024,-0.2,-0.2
752,8,0.388,0.224,0.388,0.3,0.212,0.176,0.212,0.8
753,8,0.8,0.424,0.376,0.2,0.2,0.376,0.624,1.0
754,,0.6,0.224,0.176,0.0,0.0,0.176,0.424,0.8
755,,0.4,0.024,-0.024,-0.2,-0.2,-0.024,0.224,0.6
756,5,0.3,0.012,0.176,0.212,0.8,0.388,0.424,0.588
757,5,0.2,0.0,0.376,0.624,1.0,0.8,0.624,0.576
758,,0.0,-0.2,0.176,0.424,0.8,0.6,0.424,0.376
759,2,0.412,0.8,0.588,0.624,0.788,0.5,0.412,0.576
760,2,0.824,1.0,1.0,0.824,0.776,0.4,0.4,0.776
761,,0.624,0.8,0.8,0.624,0.576,0.2,0.2,0.576
762,,0.424,0.6,0.6,0.424,0.376,0.0,0.0,0.376
763,,0.224,0.4,0.4,0.224,0.176,-0.2,-0.2,0.176
764,6,0.212,0.3,0.388,0.424,0.588,0.8,0.212,0.376
765,6,0.2,0.2,0.376,0.624,1.0,1.0,0.624,0.576
766,,0.0,0.0,0.176,0.424,0.8,0.8,0.424,0.376
767,,-0.2,-0.2,-0.024,0.224,0.6,0.6,0.224,0.176
768,1,0.8,0.212,0.176,0.212,0.5,0.588,0.424,0.588
769,1,1.0,0.624,0.376,0.2,0.4,0.576,0.624,1.0
770,,0.8,0.424,0.176,0.0,0.2,0.376,0.424,0.8
771,,0.6,0.224,-0.024,-0.2,0.0,0.176,0.224,0.6
772,4,0.588,0.424,0.388,0.8,0.412,0.376,0.212,0.5
773,4,0.576,0.624,0.8,1.0,0.824,0.576,0.2,0.4
774,,0.376,0.424,0.6,0.8,0.624,0.376,0.0,0.2
775,,0.176,0.224,0.4,0.6,0.424,0.176,-0.2,0.0
776,7,0.376,0.212,0.3,0.588,0.624,0.588,0.8,0.412
777,7,0.576,0.2,0.2,0.576,0.824,1.0,1.0,0.824
778,,0.376,0.0,0.0,0.376,0.624,0.8,0.8,0.624
779,,0.176,-0.2,-0.2,0.176,0.424,0.6,0.6,0.424
780,2,0.588,0.8,0.212,0.376,0.412,0.5,0.588,0.624
781,2,1.0,1.0,0.624,0.576,0.4,0.4,0.576,0.824
782,,0.8,0.8,0.424,0.376,0.2,0.2,0.376,0.624
783,,0.6,0.6,0.224,0.176,0.0,0.0,0.176,0.424
784,,0.4,0.4,0.024,-0.024,-0.2,-0.2,-0.024,0.224
785,6,0.388,0.3,0.012,0.176,0.212,0.8,0.388,0.424
786,6,0.376,0.2,0.0,0.376,0.624,1.0,0.8,0.624
787,,0.176,0.0,-0.2,0.176,0.424,0.8,0.6,0.424
788,3,0.376,0.412,0.8,0.588,0.624,0.788,0.5,0.412
789,3,0.576,0.824,1.0,1.0,0.824,0.776,0.4,0.4
790,,0.376,0.624,0.8,0.8,0.624,0.576,0.2,0.2
791,,0.176,0.424,0.6,0.6,0.424,0.376,0.0,0.0
792,,-0.024,0.224,0.4,0.4,0.224,0.176,-0.2,-0.2
793,7,0.176,0.212,0.3,0.388,0.424,0.588,0.8,0.212
794,7,0.376,0.2,0.2,0.376,0.624,1.0,1.0,0.624
795,,0.176,0.0,0.0,0.176,0.424,0.8,0.8,0.424
796,,-0.024,-0.2,-0.2,-0.024,0.224,0.6,0.6,0.224
797,3,0.176,0.212,0.8,0.388,0.424,0.588,0.5,0.212
798,3,0.376,0.624,1.0,0.8,0.624,0.576,0.4,0.2
799,,0.176,0.424,0.8,0.6,0.424,0.376,0.2,0.0
800,,-0.024,0.224,0.6,0.4,0.224,0.176,0.0,-0.2
801,8,0.388,0.424,0.588,0.3,0.212,0.376,0.412,0.8
802,8,0.8,0.624,0.576,0.2,0.2,0.576,0.824,1.0
803,,0.6,0.424,0.376,0.0,0.0,0.376,0.624,0.8
804,,0.4,0.224,0.176,-0.2,-0.2,0.176,0.424,0.6
805,4,0.388,0.424,0.588,0.8,0.212,0.376,0.412,0.5
806,4,0.376,0.624,1.0,1.0,0.624,0.576,0.4,0.4
807,,0.176,0.424,0.8,0.8,0.424,0.376,0.2,0.2
808,,-0.024,0.224,0.6,0.6,0.224,0.176,0.0,0.0
809,1,0.976,0.636,0.8,0.588,0.124,0.164,0.2,0.412
810,1,1.0,1.0,1.0,0.576,0.024,0.152,0.4,0.824
811,,0.8,0.8,0.8,0.376,-0.176,-0.048,0.2,0.624
812,5,0.7,0.788,1.0,0.788,0.824,0.364,0.4,0.612
813,5,0.6,0.776,1.0,1.0,1.0,0.776,0.6,0.6
814,,0.4,0.576,0.8,0.8,0.8,0.576,0.4,0.4
815,,0.2,0.376,0.6,0.6,0.6,0.376,0.2,0.2
816,,0.0,0.176,0.4,0.4,0.4,0.176,0.0,0.0
817,,-0.2,-0.024,0.2,0.2,0.2,-0.024,-0.2,-0.2
818,7,0.0,-0.036,0.1,0.188,0.4,0.388,0.8,0.212
819,7,0.2,-0.048,0.0,0.176,0.6,0.8,1.0,0.624
820,2,0.612,0.952,0.412,0.376,0.588,0.7,0.988,0.824
821,2,1.0,1.0,0.824,0.576,0.576,0.6,0.976,1.0
822,,0.8,0.8,0.624,0.376,0.376,0.4,0.776,0.8
823,,0.6,0.6,0.424,0.176,0.176,0.2,0.576,0.6
824,,0.4,0.4,0.224,-0.024,-0.024,0.0,0.376,0.4
825,5,0.3,0.388,0.424,0.388,0.976,0.412,0.576,0.388
826,5,0.2,0.376,0.624,0.8,1.0,0.824,0.776,0.376
827,,0.0,0.176,0.424,0.6,0.8,0.624,0.576,0.176
828,,-0.2,-0.024,0.224,0.4,0.6,0.424,0.376,-0.024
829,1,0.8,0.388,0.424,0.388,0.5,0.412,0.576,0.388
830,1,1.0,0.8,0.624,0.376,0.4,0.4,0.776,0.8
831,,0.8,0.6,0.424,0.176,0.2,0.2,0.576,0.6
832,,0.6,0.4,0.224,-0.024,0.0,0.0,0.376,0.4
833,4,0.588,0.6,0.636,0.976,0.412,0.2,0.364,0.3
834,4,0.576,0.8,1.0,1.0,0.824,0.4,0.352,0.2
835,,0.376,0.6,0.8,0.8,0.624,0.2,0.152,0.0
836,,0.176,0.4,0.6,0.6,0.424,0.0,-0.048,-0.2
837,8,0.588,0.6,0.588,0.5,0.412,0.2,0.364,0.8
838,8,1.0,0.8,0.576,0.4,0.4,0.4,0.776,1.0
839,,0.8,0.6,0.376,0.2,0.2,0.2,0.576,0.8
840,,0.6,0.4,0.176,0.0,0.0,0.0,0.376,0.6
841,,0.4,0.2,-0.024,-0.2,-0.2,-0.2,0.176,0.4
842,6,0.388,0.1,-0.036,0.0,0.212,0.8,0.588,0.6
843,6,0.376,0.0,-0.048,0.2,0.624,1.0,1.0,0.8
844,3,0.576,0.412,0.952,0.612,0.824,0.988,0.9,0.788
845,3,0.776,0.824,1.0,1.0,1.0,0.976,0.8,0.776
846,,0.576,0.624,0.8,0.8,0.8,0.776,0.6,0.576
847,,0.376,0.424,0.6,0.6,0.6,0.576,0.4,0.376
848,,0.176,0.224,0.4,0.4,0.4,0.376,0.2,0.176
849,,-0.024,0.024,0.2,0.2,0.2,0.176,0.0,-0.024
