step,active_motive,motive_1,motive_2,motive_3,motive_4,motive_5,motive_6,motive_7,motive_8
0,,0.93563,0.78534,0.66899,0.58069,0.37228,0.94013,0.97366,0.28392
1,,0.78563,0.63534,0.51899,0.43069,0.22228,0.79013,0.82366,0.13392
2,,0.63563,0.48534,0.36899,0.28069,0.07228,0.64013,0.67366,-0.01608
3,8,1.0,0.73534,0.47799,0.33069,0.18128,0.89013,1.0,0.98392
4,8,1.0,0.98534,0.58699,0.38069,0.29028,1.0,1.0,1.0
5,,0.85,0.83534,0.43699,0.23069,0.14028,0.85,0.85,0.85
6,,0.7,0.68534,0.28699,0.08069,-0.00972,0.7,0.7,0.7
7,5,0.75,0.79434,0.53699,0.47169,0.99028,1.0,0.95,0.809
8,5,0.8,0.90334,0.78699,0.86269,1.0,1.0,1.0,0.918
9,,0.65,0.75334,0.63699,0.71269,0.85,0.85,0.85,0.768
10,,0.5,0.60334,0.48699,0.56269,0.7,0.7,0.7,0.618
11,,0.35,0.45334,0.33699,0.41269,0.55,0.55,0.55,0.468
12,,0.2,0.30334,0.18699,0.26269,0.4,0.4,0.4,0.318
13,,0.05,0.15334,0.03699,0.11269,0.25,0.25,0.25,0.168
14,,-0.1,0.00334,-0.11301,-0.03731,0.1,0.1,0.1,0.018
15,3,0.15,0.39434,0.88699,0.35369,0.35,0.209,0.15,0.127
16,3,0.4,0.78534,1.0,0.74469,0.6,0.318,0.2,0.236
17,,0.25,0.63534,0.85,0.59469,0.45,0.168,0.05,0.086
18,,0.1,0.48534,0.7,0.44469,0.3,0.018,-0.1,-0.064
19,7,0.35,0.59434,0.75,0.55369,0.55,0.409,0.9,0.327
20,7,0.6,0.70334,0.8,0.66269,0.8,0.8,1.0,0.718
21,,0.45,0.55334,0.65,0.51269,0.65,0.65,0.85,0.568
22,,0.3,0.40334,0.5,0.36269,0.5,0.5,0.7,0.418
23,,0.15,0.25334,0.35,0.21269,0.35,0.35,0.55,0.268
24,,0.0,0.10334,0.2,0.06269,0.2,0.2,0.4,0.118
25,,-0.15,-0.04666,0.05,-0.08731,0.05,0.05,0.25,-0.032
26,1,0.85,0.34434,0.3,0.02169,0.1,0.159,0.5,0.359
27,1,1.0,0.73534,0.55,0.13069,0.15,0.268,0.75,0.75
28,,0.85,0.58534,0.4,-0.01931,0.0,0.118,0.6,0.6
29,4,0.959,0.83534,0.791,0.98069,0.391,0.368,0.709,0.65
30,4,1.0,1.0,1.0,1.0,0.782,0.618,0.818,0.7
31,,0.85,0.85,0.85,0.85,0.632,0.468,0.668,0.55
32,,0.7,0.7,0.7,0.7,0.482,0.318,0.518,0.4
33,,0.55,0.55,0.55,0.55,0.332,0.168,0.368,0.25
34,,0.4,0.4,0.4,0.4,0.182,0.018,0.218,0.1
35,,0.25,0.25,0.25,0.25,0.032,-0.132,0.068,-0.05
36,6,0.359,0.3,0.359,0.5,0.423,0.868,0.459,0.2
37,6,0.468,0.35,0.468,0.75,0.814,1.0,0.85,0.45
38,,0.318,0.2,0.318,0.6,0.664,0.85,0.7,0.3
39,,0.168,0.05,0.168,0.45,0.514,0.7,0.55,0.15
40,,0.018,-0.1,0.018,0.3,0.364,0.55,0.4,0.0
41,2,0.409,0.9,0.409,0.55,0.473,0.6,0.509,0.25
42,2,0.8,1.0,0.8,0.8,0.582,0.65,0.618,0.5
43,,0.65,0.85,0.65,0.65,0.432,0.5,0.468,0.35
44,,0.5,0.7,0.5,0.5,0.282,0.35,0.318,0.2
45,,0.35,0.55,0.35,0.35,0.132,0.2,0.168,0.05
46,,0.2,0.4,0.2,0.2,-0.018,0.05,0.018,-0.1
47,8,0.591,0.65,0.309,0.25,0.091,0.3,0.409,0.9
48,8,0.982,0.9,0.418,0.3,0.2,0.55,0.8,1.0
49,,0.832,0.75,0.268,0.15,0.05,0.4,0.65,0.85
50,,0.682,0.6,0.118,0.0,-0.1,0.25,0.5,0.7
51,5,0.732,0.709,0.368,0.391,0.9,0.641,0.75,0.809
52,5,0.782,0.818,0.618,0.782,1.0,1.0,1.0,0.918
53,,0.632,0.668,0.468,0.632,0.85,0.85,0.85,0.768
54,,0.482,0.518,0.318,0.482,0.7,0.7,0.7,0.618
55,,0.332,0.368,0.168,0.332,0.55,0.55,0.55,0.468
56,,0.182,0.218,0.018,0.182,0.4,0.4,0.4,0.318
57,,0.032,0.068,-0.132,0.032,0.25,0.25,0.25,0.168
58,3,0.282,0.459,0.868,0.423,0.5,0.359,0.3,0.277
59,3,0.532,0.85,1.0,0.814,0.75,0.468,0.35,0.386
60,,0.382,0.7,0.85,0.664,0.6,0.318,0.2,0.236
61,,0.232,0.55,0.7,0.514,0.45,0.168,0.05,0.086
62,,0.082,0.4,0.55,0.364,0.3,0.018,-0.1,-0.064
63,7,0.332,0.509,0.6,0.473,0.55,0.409,0.9,0.327
64,7,0.582,0.618,0.65,0.582,0.8,0.8,1.0,0.718
65,,0.432,0.468,0.5,0.432,0.65,0.65,0.85,0.568
66,,0.282,0.318,0.35,0.282,0.5,0.5,0.7,0.418
67,,0.132,0.168,0.2,0.132,0.35,0.35,0.55,0.268
68,,-0.018,0.018,0.05,-0.018,0.2,0.2,0.4,0.118
69,4,0.091,0.268,0.441,0.982,0.591,0.45,0.509,0.168
70,4,0.2,0.518,0.832,1.0,0.982,0.7,0.618,0.218
71,,0.05,0.368,0.682,0.85,0.832,0.55,0.468,0.068
72,,-0.1,0.218,0.532,0.7,0.682,0.4,0.318,-0.082
73,1,0.9,0.609,0.782,0.809,0.732,0.509,0.568,0.309
74,1,1.0,1.0,1.0,0.918,0.782,0.618,0.818,0.7
75,,0.85,0.85,0.85,0.768,0.632,0.468,0.668,0.55
76,,0.7,0.7,0.7,0.618,0.482,0.318,0.518,0.4
77,,0.55,0.55,0.55,0.468,0.332,0.168,0.368,0.25
78,,0.4,0.4,0.4,0.318,0.182,0.018,0.218,0.1
79,,0.25,0.25,0.25,0.168,0.032,-0.132,0.068,-0.05
80,6,0.359,0.3,0.359,0.418,0.423,0.868,0.459,0.2
81,6,0.468,0.35,0.468,0.668,0.814,1.0,0.85,0.45
82,,0.318,0.2,0.318,0.518,0.664,0.85,0.7,0.3
83,,0.168,0.05,0.168,0.368,0.514,0.7,0.55,0.15
84,,0.018,-0.1,0.018,0.218,0.364,0.55,0.4,0.0
85,2,0.409,0.9,0.409,0.468,0.473,0.6,0.509,0.25
86,2,0.8,1.0,0.8,0.718,0.582,0.65,0.618,0.5
87,,0.65,0.85,0.65,0.568,0.432,0.5,0.468,0.35
88,,0.5,0.7,0.5,0.418,0.282,0.35,0.318,0.2
89,,0.35,0.55,0.35,0.268,0.132,0.2,0.168,0.05
90,,0.2,0.4,0.2,0.118,-0.018,0.05,0.018,-0.1
91,8,0.591,0.65,0.309,0.168,0.091,0.3,0.409,0.9
92,8,0.982,0.9,0.418,0.218,0.2,0.55,0.8,1.0
93,,0.832,0.75,0.268,0.068,0.05,0.4,0.65,0.85
94,,0.682,0.6,0.118,-0.082,-0.1,0.25,0.5,0.7
95,5,0.732,0.709,0.368,0.309,0.9,0.641,0.75,0.809
96,5,0.782,0.818,0.618,0.7,1.0,1.0,1.0,0.918
97,,0.632,0.668,0.468,0.55,0.85,0.85,0.85,0.768
98,,0.482,0.518,0.318,0.4,0.7,0.7,0.7,0.618
99,,0.332,0.368,0.168,0.25,0.55,0.55,0.55,0.468
100,,0.182,0.218,0.018,0.1,0.4,0.4,0.4,0.318
101,,0.032,0.068,-0.132,-0.05,0.25,0.25,0.25,0.168
102,3,0.282,0.459,0.868,0.341,0.5,0.359,0.3,0.277
103,3,0.532,0.85,1.0,0.732,0.75,0.468,0.35,0.386
104,,0.382,0.7,0.85,0.582,0.6,0.318,0.2,0.236
105,,0.232,0.55,0.7,0.432,0.45,0.168,0.05,0.086
106,,0.082,0.4,0.55,0.282,0.3,0.018,-0.1,-0.064
107,7,0.332,0.509,0.6,0.391,0.55,0.409,0.9,0.327
108,7,0.582,0.618,0.65,0.5,0.8,0.8,1.0,0.718
109,,0.432,0.468,0.5,0.35,0.65,0.65,0.85,0.568
110,,0.282,0.318,0.35,0.2,0.5,0.5,0.7,0.418
111,,0.132,0.168,0.2,0.05,0.35,0.35,0.55,0.268
112,,-0.018,0.018,0.05,-0.1,0.2,0.2,0.4,0.118
113,4,0.091,0.268,0.441,0.9,0.591,0.45,0.509,0.168
114,4,0.2,0.518,0.832,1.0,0.982,0.7,0.618,0.218
115,,0.05,0.368,0.682,0.85,0.832,0.55,0.468,0.068
116,,-0.1,0.218,0.532,0.7,0.682,0.4,0.318,-0.082
117,1,0.9,0.609,0.782,0.809,0.732,0.509,0.568,0.309
118,1,1.0,1.0,1.0,0.918,0.782,0.618,0.818,0.7
119,,0.85,0.85,0.85,0.768,0.632,0.468,0.668,0.55
120,,0.7,0.7,0.7,0.618,0.482,0.318,0.518,0.4
121,,0.55,0.55,0.55,0.468,0.332,0.168,0.368,0.25
122,,0.4,0.4,0.4,0.318,0.182,0.018,0.218,0.1
123,,0.25,0.25,0.25,0.168,0.032,-0.132,0.068,-0.05
124,6,0.359,0.3,0.359,0.418,0.423,0.868,0.459,0.2
125,6,0.468,0.35,0.468,0.668,0.814,1.0,0.85,0.45
126,,0.318,0.2,0.318,0.518,0.664,0.85,0.7,0.3
127,,0.168,0.05,0.168,0.368,0.514,0.7,0.55,0.15
128,,0.018,-0.1,0.018,0.218,0.364,0.55,0.4,0.0
129,2,0.409,0.9,0.409,0.468,0.473,0.6,0.509,0.25
130,2,0.8,1.0,0.8,0.718,0.582,0.65,0.618,0.5
131,,0.65,0.85,0.65,0.568,0.432,0.5,0.468,0.35
132,,0.5,0.7,0.5,0.418,0.282,0.35,0.318,0.2
133,,0.35,0.55,0.35,0.268,0.132,0.2,0.168,0.05
134,,0.2,0.4,0.2,0.118,-0.018,0.05,0.018,-0.1
135,8,0.591,0.65,0.309,0.168,0.091,0.3,0.409,0.9
136,8,0.982,0.9,0.418,0.218,0.2,0.55,0.8,1.0
137,,0.832,0.75,0.268,0.068,0.05,0.4,0.65,0.85
138,,0.682,0.6,0.118,-0.082,-0.1,0.25,0.5,0.7
139,5,0.732,0.709,0.368,0.309,0.9,0.641,0.75,0.809
140,5,0.782,0.818,0.618,0.7,1.0,1.0,1.0,0.918
141,,0.632,0.668,0.468,0.55,0.85,0.85,0.85,0.768
142,,0.482,0.518,0.318,0.4,0.7,0.7,0.7,0.618
143,,0.332,0.368,0.168,0.25,0.55,0.55,0.55,0.468
144,,0.182,0.218,0.018,0.1,0.4,0.4,0.4,0.318
145,,0.032,0.068,-0.132,-0.05,0.25,0.25,0.25,0.168
146,3,0.282,0.459,0.868,0.341,0.5,0.359,0.3,0.277
147,3,0.532,0.85,1.0,0.732,0.75,0.468,0.35,0.386
148,,0.382,0.7,0.85,0.582,0.6,0.318,0.2,0.236
149,,0.232,0.55,0.7,0.432,0.45,0.168,0.05,0.086
150,,0.082,0.4,0.55,0.282,0.3,0.018,-0.1,-0.064
151,7,0.332,0.509,0.6,0.391,0.55,0.409,0.9,0.327
152,7,0.582,0.618,0.65,0.5,0.8,0.8,1.0,0.718
153,,0.432,0.468,0.5,0.35,0.65,0.65,0.85,0.568
154,,0.282,0.318,0.35,0.2,0.5,0.5,0.7,0.418
155,,0.132,0.168,0.2,0.05,0.35,0.35,0.55,0.268
156,,-0.018,0.018,0.05,-0.1,0.2,0.2,0.4,0.118
157,4,0.091,0.268,0.441,0.9,0.591,0.45,0.509,0.168
158,4,0.2,0.518,0.832,1.0,0.982,0.7,0.618,0.218
159,,0.05,0.368,0.682,0.85,0.832,0.55,0.468,0.068
160,,-0.1,0.218,0.532,0.7,0.682,0.4,0.318,-0.082
161,1,0.9,0.609,0.782,0.809,0.732,0.509,0.568,0.309
162,1,1.0,1.0,1.0,0.918,0.782,0.618,0.818,0.7
163,,0.85,0.85,0.85,0.768,0.632,0.468,0.668,0.55
164,,0.7,0.7,0.7,0.618,0.482,0.318,0.518,0.4
165,,0.55,0.55,0.55,0.468,0.332,0.168,0.368,0.25
166,,0.4,0.4,0.4,0.318,0.182,0.018,0.218,0.1
167,,0.25,0.25,0.25,0.168,0.032,-0.132,0.068,-0.05
168,6,0.359,0.3,0.359,0.418,0.423,0.868,0.459,0.2
169,6,0.468,0.35,0.468,0.668,0.814,1.0,0.85,0.45
170,,0.318,0.2,0.318,0.518,0.664,0.85,0.7,0.3
171,,0.168,0.05,0.168,0.368,0.514,0.7,0.55,0.15
172,,0.018,-0.1,0.018,0.218,0.364,0.55,0.4,0.0
173,2,0.409,0.9,0.409,0.468,0.473,0.6,0.509,0.25
174,2,0.8,1.0,0.8,0.718,0.582,0.65,0.618,0.5
175,,0.65,0.85,0.65,0.568,0.432,0.5,0.468,0.35
176,,0.5,0.7,0.5,0.418,0.282,0.35,0.318,0.2
177,,0.35,0.55,0.35,0.268,0.132,0.2,0.168,0.05
178,,0.2,0.4,0.2,0.118,-0.018,0.05,0.018,-0.1
179,8,0.591,0.65,0.309,0.168,0.091,0.3,0.409,0.9
180,8,0.982,0.9,0.418,0.218,0.2,0.55,0.8,1.0
181,,0.832,0.75,0.268,0.068,0.05,0.4,0.65,0.85
182,,0.682,0.6,0.118,-0.082,-0.1,0.25,0.5,0.7
183,5,0.732,0.709,0.368,0.309,0.9,0.641,0.75,0.809
184,5,0.782,0.818,0.618,0.7,1.0,1.0,1.0,0.918
185,,0.632,0.668,0.468,0.55,0.85,0.85,0.85,0.768
186,,0.482,0.518,0.318,0.4,0.7,0.7,0.7,0.618
187,,0.332,0.368,0.168,0.25,0.55,0.55,0.55,0.468
188,,0.182,0.218,0.018,0.1,0.4,0.4,0.4,0.318
189,,0.032,0.068,-0.132,-0.05,0.25,0.25,0.25,0.168
190,3,0.282,0.459,0.868,0.341,0.5,0.359,0.3,0.277
191,3,0.532,0.85,1.0,0.732,0.75,0.468,0.35,0.386
192,,0.382,0.7,0.85,0.582,0.6,0.318,0.2,0.236
193,,0.232,0.55,0.7,0.432,0.45,0.168,0.05,0.086
194,,0.082,0.4,0.55,0.282,0.3,0.018,-0.1,-0.064
195,7,0.332,0.509,0.6,0.391,0.55,0.409,0.9,0.327
196,7,0.582,0.618,0.65,0.5,0.8,0.8,1.0,0.718
197,,0.432,0.468,0.5,0.35,0.65,0.65,0.85,0.568
198,,0.282,0.318,0.35,0.2,0.5,0.5,0.7,0.418
199,,0.132,0.168,0.2,0.05,0.35,0.35,0.55,0.268
