step,active_motive,motive_1,motive_2,motive_3,motive_4,motive_5,motive_6,motive_7,motive_8
0,,0.09444,0.68301,0.07119,0.31898,0.84488,0.02327,0.81447,0.28185
1,,-0.10556,0.48301,-0.12881,0.11898,0.64488,-0.17673,0.61447,0.08185
2,6,-0.11756,0.38301,-0.14081,0.31898,1.0,0.82327,1.0,0.28185
3,6,-0.12956,0.28301,-0.15281,0.51898,1.0,1.0,1.0,0.48185
4,3,0.07044,0.69501,0.84719,0.93098,1.0,0.988,0.9,0.46985
5,3,0.27044,1.0,1.0,1.0,1.0,0.976,0.8,0.45785
6,,0.07044,0.8,0.8,0.8,0.8,0.776,0.6,0.25785
7,,-0.12956,0.6,0.6,0.6,0.6,0.576,0.4,0.05785
8,1,0.87044,1.0,0.8,0.588,0.5,0.564,0.6,0.46985
9,1,1.0,1.0,1.0,0.576,0.4,0.552,0.8,0.88185
10,,0.8,0.8,0.8,0.376,0.2,0.352,0.6,0.68185
11,,0.6,0.6,0.6,0.176,0.0,0.152,0.4,0.48185
12,,0.4,0.4,0.4,-0.024,-0.2,-0.048,0.2,0.28185
13,5,0.3,0.388,0.6,0.388,0.8,0.364,0.4,0.26985
14,5,0.2,0.376,0.8,0.8,1.0,0.776,0.6,0.25785
15,,0.0,0.176,0.6,0.6,0.8,0.576,0.4,0.05785
16,,-0.2,-0.024,0.4,0.4,0.6,0.376,0.2,-0.14215
17,1,0.8,0.388,0.6,0.388,0.5,0.364,0.4,0.26985
18,1,1.0,0.8,0.8,0.376,0.4,0.352,0.6,0.68185
19,,0.8,0.6,0.6,0.176,0.2,0.152,0.4,0.48185
20,,0.6,0.4,0.4,-0.024,0.0,-0.048,0.2,0.28185
21,6,0.588,0.3,0.388,0.176,0.412,0.952,0.612,0.48185
22,6,0.576,0.2,0.376,0.376,0.824,1.0,1.0,0.68185
23,,0.376,0.0,0.176,0.176,0.624,0.8,0.8,0.48185
24,,0.176,-0.2,-0.024,-0.024,0.424,0.6,0.6,0.28185
25,2,0.588,0.8,0.388,0.176,0.412,0.5,0.588,0.48185
26,2,1.0,1.0,0.8,0.376,0.4,0.4,0.576,0.68185
27,,0.8,0.8,0.6,0.176,0.2,0.2,0.376,0.48185
28,,0.6,0.6,0.4,-0.024,0.0,0.0,0.176,0.28185
29,4,0.588,0.8,0.812,0.976,0.412,0.2,0.164,0.18185
30,4,0.576,1.0,1.0,1.0,0.824,0.4,0.152,0.08185
31,,0.376,0.8,0.8,0.8,0.624,0.2,-0.048,-0.11815
32,8,0.788,1.0,0.788,0.7,0.612,0.4,0.364,0.88185
33,8,1.0,1.0,0.776,0.6,0.6,0.6,0.776,1.0
34,,0.8,0.8,0.576,0.4,0.4,0.4,0.576,0.8
35,,0.6,0.6,0.376,0.2,0.2,0.2,0.376,0.6
36,,0.4,0.4,0.176,0.0,0.0,0.0,0.176,0.4
37,,0.2,0.2,-0.024,-0.2,-0.2,-0.2,-0.024,0.2
38,5,0.1,0.188,0.176,0.212,0.8,0.212,0.176,0.188
39,5,0.0,0.176,0.376,0.624,1.0,0.624,0.376,0.176
40,,-0.2,-0.024,0.176,0.424,0.8,0.424,0.176,-0.024
41,1,0.8,0.388,0.376,0.412,0.7,0.412,0.376,0.388
42,1,1.0,0.8,0.576,0.4,0.6,0.4,0.576,0.8
43,,0.8,0.6,0.376,0.2,0.4,0.2,0.376,0.6
44,,0.6,0.4,0.176,0.0,0.2,0.0,0.176,0.4
45,,0.4,0.2,-0.024,-0.2,0.0,-0.2,-0.024,0.2
46,4,0.388,0.4,0.388,0.8,0.412,0.0,-0.036,0.1
47,4,0.376,0.6,0.8,1.0,0.824,0.2,-0.048,0.0
48,7,0.576,0.588,0.7,0.988,1.0,0.612,0.952,0.412
49,7,0.776,0.576,0.6,0.976,1.0,1.0,1.0,0.824
50,,0.576,0.376,0.4,0.776,0.8,0.8,0.8,0.624
51,,0.376,0.176,0.2,0.576,0.6,0.6,0.6,0.424
52,,0.176,-0.024,0.0,0.376,0.4,0.4,0.4,0.224
53,2,0.588,0.976,0.412,0.576,0.388,0.3,0.388,0.424
54,2,1.0,1.0,0.824,0.776,0.376,0.2,0.376,0.624
55,,0.8,0.8,0.624,0.576,0.176,0.0,0.176,0.424
56,,0.6,0.6,0.424,0.376,-0.024,-0.2,-0.024,0.224
57,6,0.588,0.5,0.412,0.576,0.388,0.8,0.388,0.424
58,6,0.576,0.4,0.4,0.776,0.8,1.0,0.8,0.624
59,,0.376,0.2,0.2,0.576,0.6,0.8,0.6,0.424
60,,0.176,0.0,0.0,0.376,0.4,0.6,0.4,0.224
61,,-0.024,-0.2,-0.2,0.176,0.2,0.4,0.2,0.024
62,3,0.176,0.212,0.8,0.588,0.4,0.388,0.1,0.012
63,3,0.376,0.624,1.0,1.0,0.6,0.376,0.0,0.0
64,,0.176,0.424,0.8,0.8,0.4,0.176,-0.2,-0.2
65,7,0.376,0.412,0.7,0.788,0.6,0.588,0.8,0.212
66,7,0.576,0.4,0.6,0.776,0.8,1.0,1.0,0.624
67,,0.376,0.2,0.4,0.576,0.6,0.8,0.8,0.424
68,,0.176,0.0,0.2,0.376,0.4,0.6,0.6,0.224
69,,-0.024,-0.2,0.0,0.176,0.2,0.4,0.4,0.024
70,2,0.388,0.8,0.412,0.376,0.188,0.3,0.388,0.224
71,2,0.8,1.0,0.824,0.576,0.176,0.2,0.376,0.424
72,,0.6,0.8,0.624,0.376,-0.024,0.0,0.176,0.224
73,5,0.5,0.788,0.824,0.788,0.976,0.412,0.376,0.212
74,5,0.4,0.776,1.0,1.0,1.0,0.824,0.576,0.2
75,,0.2,0.576,0.8,0.8,0.8,0.624,0.376,0.0
76,,0.0,0.376,0.6,0.6,0.6,0.424,0.176,-0.2
77,8,0.412,0.576,0.588,0.5,0.588,0.624,0.588,0.8
78,8,0.824,0.776,0.576,0.4,0.576,0.824,1.0,1.0
79,,0.624,0.576,0.376,0.2,0.376,0.624,0.8,0.8
80,,0.424,0.376,0.176,0.0,0.176,0.424,0.6,0.6
81,,0.224,0.176,-0.024,-0.2,-0.024,0.224,0.4,0.4
82,4,0.212,0.376,0.388,0.8,0.388,0.424,0.388,0.3
83,4,0.2,0.576,0.8,1.0,0.8,0.624,0.376,0.2
84,,0.0,0.376,0.6,0.8,0.6,0.424,0.176,0.0
85,,-0.2,0.176,0.4,0.6,0.4,0.224,-0.024,-0.2
86,1,0.8,0.588,0.6,0.588,0.3,0.212,0.176,0.212
87,1,1.0,1.0,0.8,0.576,0.2,0.2,0.376,0.624
88,,0.8,0.8,0.6,0.376,0.0,0.0,0.176,0.424
89,,0.6,0.6,0.4,0.176,-0.2,-0.2,-0.024,0.224
90,5,0.5,0.588,0.6,0.588,0.8,0.212,0.176,0.212
91,5,0.4,0.576,0.8,1.0,1.0,0.624,0.376,0.2
92,,0.2,0.376,0.6,0.8,0.8,0.424,0.176,0.0
93,,0.0,0.176,0.4,0.6,0.6,0.224,-0.024,-0.2
94,8,0.412,0.376,0.388,0.5,0.588,0.424,0.388,0.8
95,8,0.824,0.576,0.376,0.4,0.576,0.624,0.8,1.0
96,,0.624,0.376,0.176,0.2,0.376,0.424,0.6,0.8
97,,0.424,0.176,-0.024,0.0,0.176,0.224,0.4,0.6
98,3,0.624,0.588,0.976,0.412,0.376,0.212,0.3,0.588
99,3,0.824,1.0,1.0,0.824,0.576,0.2,0.2,0.576
100,,0.624,0.8,0.8,0.624,0.376,0.0,0.0,0.376
101,,0.424,0.6,0.6,0.424,0.176,-0.2,-0.2,0.176
102,7,0.624,0.588,0.5,0.412,0.376,0.212,0.8,0.588
103,7,0.824,0.576,0.4,0.4,0.576,0.624,1.0,1.0
104,,0.624,0.376,0.2,0.2,0.376,0.424,0.8,0.8
105,,0.424,0.176,0.0,0.0,0.176,0.224,0.6,0.6
106,,0.224,-0.024,-0.2,-0.2,-0.024,0.024,0.4,0.4
107,4,0.212,0.176,0.212,0.8,0.388,0.224,0.388,0.3
108,4,0.2,0.376,0.624,1.0,0.8,0.424,0.376,0.2
109,,0.0,0.176,0.424,0.8,0.6,0.224,0.176,0.0
110,,-0.2,-0.024,0.224,0.6,0.4,0.024,-0.024,-0.2
111,1,0.8,0.388,0.424,0.588,0.3,0.012,0.176,0.212
112,1,1.0,0.8,0.624,0.576,0.2,0.0,0.376,0.624
113,,0.8,0.6,0.424,0.376,0.0,-0.2,0.176,0.424
114,6,0.788,0.5,0.412,0.576,0.412,0.8,0.588,0.624
115,6,0.776,0.4,0.4,0.776,0.824,1.0,1.0,0.824
116,,0.576,0.2,0.2,0.576,0.624,0.8,0.8,0.624
117,,0.376,0.0,0.0,0.376,0.424,0.6,0.6,0.424
118,,0.176,-0.2,-0.2,0.176,0.224,0.4,0.4,0.224
119,2,0.588,0.8,0.212,0.376,0.212,0.3,0.388,0.424
120,2,1.0,1.0,0.624,0.576,0.2,0.2,0.376,0.624
121,,0.8,0.8,0.424,0.376,0.0,0.0,0.176,0.424
122,,0.6,0.6,0.224,0.176,-0.2,-0.2,-0.024,0.224
123,5,0.5,0.588,0.424,0.588,0.8,0.212,0.176,0.212
124,5,0.4,0.576,0.624,1.0,1.0,0.624,0.376,0.2
125,,0.2,0.376,0.424,0.8,0.8,0.424,0.176,0.0
126,,0.0,0.176,0.224,0.6,0.6,0.224,-0.024,-0.2
127,8,0.412,0.376,0.212,0.5,0.588,0.424,0.388,0.8
128,8,0.824,0.576,0.2,0.4,0.576,0.624,0.8,1.0
129,,0.624,0.376,0.0,0.2,0.376,0.424,0.6,0.8
130,,0.424,0.176,-0.2,0.0,0.176,0.224,0.4,0.6
131,3,0.624,0.588,0.8,0.412,0.376,0.212,0.3,0.588
132,3,0.824,1.0,1.0,0.824,0.576,0.2,0.2,0.576
133,,0.624,0.8,0.8,0.624,0.376,0.0,0.0,0.376
134,,0.424,0.6,0.6,0.424,0.176,-0.2,-0.2,0.176
135,6,0.412,0.5,0.588,0.624,0.588,0.8,0.212,0.376
136,6,0.4,0.4,0.576,0.824,1.0,1.0,0.624,0.576
137,,0.2,0.2,0.376,0.624,0.8,0.8,0.424,0.376
138,,0.0,0.0,0.176,0.424,0.6,0.6,0.224,0.176
139,,-0.2,-0.2,-0.024,0.224,0.4,0.4,0.024,-0.024
140,2,0.212,0.8,0.388,0.424,0.388,0.3,0.012,0.176
141,2,0.624,1.0,0.8,0.624,0.376,0.2,0.0,0.376
142,,0.424,0.8,0.6,0.424,0.176,0.0,-0.2,0.176
143,7,0.624,0.788,0.5,0.412,0.376,0.412,0.8,0.588
144,7,0.824,0.776,0.4,0.4,0.576,0.824,1.0,1.0
145,,0.624,0.576,0.2,0.2,0.376,0.624,0.8,0.8
146,,0.424,0.376,0.0,0.0,0.176,0.424,0.6,0.6
147,,0.224,0.176,-0.2,-0.2,-0.024,0.224,0.4,0.4
148,4,0.212,0.376,0.212,0.8,0.388,0.424,0.388,0.3
149,4,0.2,0.576,0.624,1.0,0.8,0.624,0.376,0.2
150,,0.0,0.376,0.424,0.8,0.6,0.424,0.176,0.0
151,,-0.2,0.176,0.224,0.6,0.4,0.224,-0.024,-0.2
152,1,0.8,0.588,0.424,0.588,0.3,0.212,0.176,0.212
153,1,1.0,1.0,0.624,0.576,0.2,0.2,0.376,0.624
154,,0.8,0.8,0.424,0.376,0.0,0.0,0.176,0.424
155,,0.6,0.6,0.224,0.176,-0.2,-0.2,-0.024,0.224
156,5,0.5,0.588,0.424,0.588,0.8,0.212,0.176,0.212
157,5,0.4,0.576,0.624,1.0,1.0,0.624,0.376,0.2
158,,0.2,0.376,0.424,0.8,0.8,0.424,0.176,0.0
159,,0.0,0.176,0.224,0.6,0.6,0.224,-0.024,-0.2
160,8,0.412,0.376,0.212,0.5,0.588,0.424,0.388,0.8
161,8,0.824,0.576,0.2,0.4,0.576,0.624,0.8,1.0
162,,0.624,0.376,0.0,0.2,0.376,0.424,0.6,0.8
163,,0.424,0.176,-0.2,0.0,0.176,0.224,0.4,0.6
164,3,0.624,0.588,0.8,0.412,0.376,0.212,0.3,0.588
165,3,0.824,1.0,1.0,0.824,0.576,0.2,0.2,0.576
166,,0.624,0.8,0.8,0.624,0.376,0.0,0.0,0.376
167,,0.424,0.6,0.6,0.424,0.176,-0.2,-0.2,0.176
168,7,0.624,0.588,0.5,0.412,0.376,0.212,0.8,0.588
169,7,0.824,0.576,0.4,0.4,0.576,0.624,1.0,1.0
170,,0.624,0.376,0.2,0.2,0.376,0.424,0.8,0.8
171,,0.424,0.176,0.0,0.0,0.176,0.224,0.6,0.6
172,,0.224,-0.024,-0.2,-0.2,-0.024,0.024,0.4,0.4
173,4,0.212,0.176,0.212,0.8,0.388,0.224,0.388,0.3
174,4,0.2,0.376,0.624,1.0,0.8,0.424,0.376,0.2
175,,0.0,0.176,0.424,0.8,0.6,0.224,0.176,0.0
176,,-0.2,-0.024,0.224,0.6,0.4,0.024,-0.024,-0.2
177,1,0.8,0.388,0.424,0.588,0.3,0.012,0.176,0.212
178,1,1.0,0.8,0.624,0.576,0.2,0.0,0.376,0.624
179,,0.8,0.6,0.424,0.376,0.0,-0.2,0.176,0.424
180,6,0.788,0.5,0.412,0.576,0.412,0.8,0.588,0.624
181,6,0.776,0.4,0.4,0.776,0.824,1.0,1.0,0.824
182,,0.576,0.2,0.2,0.576,0.624,0.8,0.8,0.624
183,,0.376,0.0,0.0,0.376,0.424,0.6,0.6,0.424
184,,0.176,-0.2,-0.2,0.176,0.224,0.4,0.4,0.224
185,2,0.588,0.8,0.212,0.376,0.212,0.3,0.388,0.424
186,2,1.0,1.0,0.624,0.576,0.2,0.2,0.376,0.624
187,,0.8,0.8,0.424,0.376,0.0,0.0,0.176,0.424
188,,0.6,0.6,0.224,0.176,-0.2,-0.2,-0.024,0.224
189,5,0.5,0.588,0.424,0.588,0.8,0.212,0.176,0.212
190,5,0.4,0.576,0.624,1.0,1.0,0.624,0.376,0.2
191,,0.2,0.376,0.424,0.8,0.8,0.424,0.176,0.0
192,,0.0,0.176,0.224,0.6,0.6,0.224,-0.024,-0.2
193,8,0.412,0.376,0.212,0.5,0.588,0.424,0.388,0.8
194,8,0.824,0.576,0.2,0.4,0.576,0.624,0.8,1.0
195,,0.624,0.376,0.0,0.2,0.376,0.424,0.6,0.8
196,,0.424,0.176,-0.2,0.0,0.176,0.224,0.4,0.6
197,3,0.624,0.588,0.8,0.412,0.376,0.212,0.3,0.588
198,3,0.824,1.0,1.0,0.824,0.576,0.2,0.2,0.576
199,,0.624,0.8,0.8,0.624,0.376,0.0,0.0,0.376
200,,0.424,0.6,0.6,0.424,0.176,-0.2,-0.2,0.176
201,7,0.624,0.588,0.5,0.412,0.376,0.212,0.8,0.588
202,7,0.824,0.576,0.4,0.4,0.576,0.624,1.0,1.0
203,,0.624,0.376,0.2,0.2,0.376,0.424,0.8,0.8
204,,0.424,0.176,0.0,0.0,0.176,0.224,0.6,0.6
205,,0.224,-0.024,-0.2,-0.2,-0.024,0.024,0.4,0.4
206,4,0.212,0.176,0.212,0.8,0.388,0.224,0.388,0.3
207,4,0.2,0.376,0.624,1.0,0.8,0.424,0.376,0.2
208,,0.0,0.176,0.424,0.8,0.6,0.224,0.176,0.0
209,,-0.2,-0.024,0.224,0.6,0.4,0.024,-0.024,-0.2
210,8,0.212,0.176,0.212,0.5,0.388,0.224,0.388,0.8
211,8,0.624,0.376,0.2,0.4,0.376,0.424,0.8,1.0
212,,0.424,0.176,0.0,0.2,0.176,0.224,0.6,0.8
213,,0.224,-0.024,-0.2,0.0,-0.024,0.024,0.4,0.6
214,3,0.424,0.388,0.8,0.412,0.176,0.012,0.3,0.588
215,3,0.624,0.8,1.0,0.824,0.376,0.0,0.2,0.576
216,,0.424,0.6,0.8,0.624,0.176,-0.2,0.0,0.376
217,6,0.412,0.5,0.788,0.824,0.588,0.8,0.412,0.576
218,6,0.4,0.4,0.776,1.0,1.0,1.0,0.824,0.776
219,,0.2,0.2,0.576,0.8,0.8,0.8,0.624,0.576
220,,0.0,0.0,0.376,0.6,0.6,0.6,0.424,0.376
221,,-0.2,-0.2,0.176,0.4,0.4,0.4,0.224,0.176
222,1,0.8,0.212,0.376,0.388,0.3,0.388,0.424,0.588
223,1,1.0,0.624,0.576,0.376,0.2,0.376,0.624,1.0
224,,0.8,0.424,0.376,0.176,0.0,0.176,0.424,0.8
225,,0.6,0.224,0.176,-0.024,-0.2,-0.024,0.224,0.6
226,5,0.5,0.212,0.376,0.388,0.8,0.388,0.424,0.588
227,5,0.4,0.2,0.576,0.8,1.0,0.8,0.624,0.576
228,,0.2,0.0,0.376,0.6,0.8,0.6,0.424,0.376
229,,0.0,-0.2,0.176,0.4,0.6,0.4,0.224,0.176
230,2,0.412,0.8,0.588,0.6,0.588,0.3,0.212,0.376
231,2,0.824,1.0,1.0,0.8,0.576,0.2,0.2,0.576
232,,0.624,0.8,0.8,0.6,0.376,0.0,0.0,0.376
233,,0.424,0.6,0.6,0.4,0.176,-0.2,-0.2,0.176
234,6,0.412,0.5,0.588,0.6,0.588,0.8,0.212,0.376
235,6,0.4,0.4,0.576,0.8,1.0,1.0,0.624,0.576
236,,0.2,0.2,0.376,0.6,0.8,0.8,0.424,0.376
237,,0.0,0.0,0.176,0.4,0.6,0.6,0.224,0.176
238,,-0.2,-0.2,-0.024,0.2,0.4,0.4,0.024,-0.024
239,2,0.212,0.8,0.388,0.4,0.388,0.3,0.012,0.176
240,2,0.624,1.0,0.8,0.6,0.376,0.2,0.0,0.376
241,,0.424,0.8,0.6,0.4,0.176,0.0,-0.2,0.176
242,7,0.624,0.788,0.5,0.388,0.376,0.412,0.8,0.588
243,7,0.824,0.776,0.4,0.376,0.576,0.824,1.0,1.0
244,,0.624,0.576,0.2,0.176,0.376,0.624,0.8,0.8
245,,0.424,0.376,0.0,-0.024,0.176,0.424,0.6,0.6
246,4,0.412,0.576,0.412,0.976,0.588,0.624,0.588,0.5
247,4,0.4,0.776,0.824,1.0,1.0,0.824,0.576,0.4
248,,0.2,0.576,0.624,0.8,0.8,0.624,0.376,0.2
249,,0.0,0.376,0.424,0.6,0.6,0.424,0.176,0.0
250,,-0.2,0.176,0.224,0.4,0.4,0.224,-0.024,-0.2
251,8,0.212,0.376,0.212,0.3,0.388,0.424,0.388,0.8
252,8,0.624,0.576,0.2,0.2,0.376,0.624,0.8,1.0
253,,0.424,0.376,0.0,0.0,0.176,0.424,0.6,0.8
254,,0.224,0.176,-0.2,-0.2,-0.024,0.224,0.4,0.6
255,3,0.424,0.588,0.8,0.212,0.176,0.212,0.3,0.588
256,3,0.624,1.0,1.0,0.624,0.376,0.2,0.2,0.576
257,,0.424,0.8,0.8,0.424,0.176,0.0,0.0,0.376
258,,0.224,0.6,0.6,0.224,-0.024,-0.2,-0.2,0.176
259,7,0.424,0.588,0.5,0.212,0.176,0.212,0.8,0.588
260,7,0.624,0.576,0.4,0.2,0.376,0.624,1.0,1.0
261,,0.424,0.376,0.2,0.0,0.176,0.424,0.8,0.8
262,,0.224,0.176,0.0,-0.2,-0.024,0.224,0.6,0.6
263,4,0.212,0.376,0.412,0.8,0.388,0.424,0.588,0.5
264,4,0.2,0.576,0.824,1.0,0.8,0.624,0.576,0.4
265,,0.0,0.376,0.624,0.8,0.6,0.424,0.376,0.2
266,,-0.2,0.176,0.424,0.6,0.4,0.224,0.176,0.0
267,1,0.8,0.588,0.624,0.588,0.3,0.212,0.376,0.412
268,1,1.0,1.0,0.824,0.576,0.2,0.2,0.576,0.824
269,,0.8,0.8,0.624,0.376,0.0,0.0,0.376,0.624
270,,0.6,0.6,0.424,0.176,-0.2,-0.2,0.176,0.424
271,6,0.588,0.5,0.412,0.376,0.212,0.8,0.588,0.624
272,6,0.576,0.4,0.4,0.576,0.624,1.0,1.0,0.824
273,,0.376,0.2,0.2,0.376,0.424,0.8,0.8,0.624
274,,0.176,0.0,0.0,0.176,0.224,0.6,0.6,0.424
275,,-0.024,-0.2,-0.2,-0.024,0.024,0.4,0.4,0.224
276,2,0.388,0.8,0.212,0.176,0.012,0.3,0.388,0.424
277,2,0.8,1.0,0.624,0.376,0.0,0.2,0.376,0.624
278,,0.6,0.8,0.424,0.176,-0.2,0.0,0.176,0.424
279,5,0.5,0.788,0.624,0.588,0.8,0.412,0.376,0.412
280,5,0.4,0.776,0.824,1.0,1.0,0.824,0.576,0.4
281,,0.2,0.576,0.624,0.8,0.8,0.624,0.376,0.2
282,,0.0,0.376,0.424,0.6,0.6,0.424,0.176,0.0
283,,-0.2,0.176,0.224,0.4,0.4,0.224,-0.024,-0.2
284,8,0.212,0.376,0.212,0.3,0.388,0.424,0.388,0.8
285,8,0.624,0.576,0.2,0.2,0.376,0.624,0.8,1.0
286,,0.424,0.376,0.0,0.0,0.176,0.424,0.6,0.8
287,,0.224,0.176,-0.2,-0.2,-0.024,0.224,0.4,0.6
288,3,0.424,0.588,0.8,0.212,0.176,0.212,0.3,0.588
289,3,0.624,1.0,1.0,0.624,0.376,0.2,0.2,0.576
290,,0.424,0.8,0.8,0.424,0.176,0.0,0.0,0.376
291,,0.224,0.6,0.6,0.224,-0.024,-0.2,-0.2,0.176
292,6,0.212,0.5,0.588,0.424,0.388,0.8,0.212,0.376
293,6,0.2,0.4,0.576,0.624,0.8,1.0,0.624,0.576
294,,0.0,0.2,0.376,0.424,0.6,0.8,0.424,0.376
295,,-0.2,0.0,0.176,0.224,0.4,0.6,0.224,0.176
296,1,0.8,0.412,0.376,0.212,0.3,0.588,0.424,0.588
297,1,1.0,0.824,0.576,0.2,0.2,0.576,0.624,1.0
298,,0.8,0.624,0.376,0.0,0.0,0.376,0.424,0.8
299,,0.6,0.424,0.176,-0.2,-0.2,0.176,0.224,0.6
300,4,0.588,0.624,0.588,0.8,0.212,0.376,0.212,0.5
301,4,0.576,0.824,1.0,1.0,0.624,0.576,0.2,0.4
302,,0.376,0.624,0.8,0.8,0.424,0.376,0.0,0.2
303,,0.176,0.424,0.6,0.6,0.224,0.176,-0.2,0.0
304,7,0.376,0.412,0.5,0.588,0.424,0.588,0.8,0.412
305,7,0.576,0.4,0.4,0.576,0.624,1.0,1.0,0.824
306,,0.376,0.2,0.2,0.376,0.424,0.8,0.8,0.624
307,,0.176,0.0,0.0,0.176,0.224,0.6,0.6,0.424
308,,-0.024,-0.2,-0.2,-0.024,0.024,0.4,0.4,0.224
309,2,0.388,0.8,0.212,0.176,0.012,0.3,0.388,0.424
310,2,0.8,1.0,0.624,0.376,0.0,0.2,0.376,0.624
311,,0.6,0.8,0.424,0.176,-0.2,0.0,0.176,0.424
312,5,0.5,0.788,0.624,0.588,0.8,0.412,0.376,0.412
313,5,0.4,0.776,0.824,1.0,1.0,0.824,0.576,0.4
314,,0.2,0.576,0.624,0.8,0.8,0.624,0.376,0.2
315,,0.0,0.376,0.424,0.6,0.6,0.424,0.176,0.0
316,,-0.2,0.176,0.224,0.4,0.4,0.224,-0.024,-0.2
317,1,0.8,0.588,0.424,0.388,0.3,0.212,0.176,0.212
318,1,1.0,1.0,0.624,0.376,0.2,0.2,0.376,0.624
319,,0.8,0.8,0.424,0.176,0.0,0.0,0.176,0.424
320,,0.6,0.6,0.224,-0.024,-0.2,-0.2,-0.024,0.224
321,5,0.5,0.588,0.424,0.388,0.8,0.212,0.176,0.212
322,5,0.4,0.576,0.624,0.8,1.0,0.624,0.376,0.2
323,,0.2,0.376,0.424,0.6,0.8,0.424,0.176,0.0
324,,0.0,0.176,0.224,0.4,0.6,0.224,-0.024,-0.2
325,8,0.412,0.376,0.212,0.3,0.588,0.424,0.388,0.8
326,8,0.824,0.576,0.2,0.2,0.576,0.624,0.8,1.0
327,,0.624,0.376,0.0,0.0,0.376,0.424,0.6,0.8
328,,0.424,0.176,-0.2,-0.2,0.176,0.224,0.4,0.6
329,3,0.624,0.588,0.8,0.212,0.376,0.212,0.3,0.588
330,3,0.824,1.0,1.0,0.624,0.576,0.2,0.2,0.576
331,,0.624,0.8,0.8,0.424,0.376,0.0,0.0,0.376
332,,0.424,0.6,0.6,0.224,0.176,-0.2,-0.2,0.176
333,7,0.624,0.588,0.5,0.212,0.376,0.212,0.8,0.588
334,7,0.824,0.576,0.4,0.2,0.576,0.624,1.0,1.0
335,,0.624,0.376,0.2,0.0,0.376,0.424,0.8,0.8
336,,0.424,0.176,0.0,-0.2,0.176,0.224,0.6,0.6
337,4,0.412,0.376,0.412,0.8,0.588,0.424,0.588,0.5
338,4,0.4,0.576,0.824,1.0,1.0,0.624,0.576,0.4
339,,0.2,0.376,0.624,0.8,0.8,0.424,0.376,0.2
340,,0.0,0.176,0.424,0.6,0.6,0.224,0.176,0.0
341,,-0.2,-0.024,0.224,0.4,0.4,0.024,-0.024,-0.2
342,1,0.8,0.388,0.424,0.388,0.3,0.012,0.176,0.212
343,1,1.0,0.8,0.624,0.376,0.2,0.0,0.376,0.624
344,,0.8,0.6,0.424,0.176,0.0,-0.2,0.176,0.424
345,6,0.788,0.5,0.412,0.376,0.412,0.8,0.588,0.624
346,6,0.776,0.4,0.4,0.576,0.824,1.0,1.0,0.824
347,,0.576,0.2,0.2,0.376,0.624,0.8,0.8,0.624
348,,0.376,0.0,0.0,0.176,0.424,0.6,0.6,0.424
349,,0.176,-0.2,-0.2,-0.024,0.224,0.4,0.4,0.224
350,2,0.588,0.8,0.212,0.176,0.212,0.3,0.388,0.424
351,2,1.0,1.0,0.624,0.376,0.2,0.2,0.376,0.624
352,,0.8,0.8,0.424,0.176,0.0,0.0,0.176,0.424
353,,0.6,0.6,0.224,-0.024,-0.2,-0.2,-0.024,0.224
354,6,0.588,0.5,0.212,0.176,0.212,0.8,0.388,0.424
355,6,0.576,0.4,0.2,0.376,0.624,1.0,0.8,0.624
356,,0.376,0.2,0.0,0.176,0.424,0.8,0.6,0.424
357,,0.176,0.0,-0.2,-0.024,0.224,0.6,0.4,0.224
358,3,0.376,0.412,0.8,0.388,0.424,0.588,0.3,0.212
359,3,0.576,0.824,1.0,0.8,0.624,0.576,0.2,0.2
360,,0.376,0.624,0.8,0.6,0.424,0.376,0.0,0.0
361,,0.176,0.424,0.6,0.4,0.224,0.176,-0.2,-0.2
362,8,0.588,0.624,0.588,0.3,0.212,0.376,0.212,0.8
363,8,1.0,0.824,0.576,0.2,0.2,0.576,0.624,1.0
364,,0.8,0.624,0.376,0.0,0.0,0.376,0.424,0.8
365,,0.6,0.424,0.176,-0.2,-0.2,0.176,0.224,0.6
366,5,0.5,0.412,0.376,0.212,0.8,0.588,0.424,0.588
367,5,0.4,0.4,0.576,0.624,1.0,1.0,0.624,0.576
368,,0.2,0.2,0.376,0.424,0.8,0.8,0.424,0.376
369,,0.0,0.0,0.176,0.224,0.6,0.6,0.224,0.176
370,,-0.2,-0.2,-0.024,0.024,0.4,0.4,0.024,-0.024
371,1,0.8,0.212,0.176,0.012,0.3,0.388,0.224,0.388
372,1,1.0,0.624,0.376,0.0,0.2,0.376,0.424,0.8
373,,0.8,0.424,0.176,-0.2,0.0,0.176,0.224,0.6
374,4,0.788,0.624,0.588,0.8,0.412,0.376,0.212,0.5
375,4,0.776,0.824,1.0,1.0,0.824,0.576,0.2,0.4
376,,0.576,0.624,0.8,0.8,0.624,0.376,0.0,0.2
377,,0.376,0.424,0.6,0.6,0.424,0.176,-0.2,0.0
378,7,0.576,0.412,0.5,0.588,0.624,0.588,0.8,0.412
379,7,0.776,0.4,0.4,0.576,0.824,1.0,1.0,0.824
380,,0.576,0.2,0.2,0.376,0.624,0.8,0.8,0.624
381,,0.376,0.0,0.0,0.176,0.424,0.6,0.6,0.424
382,,0.176,-0.2,-0.2,-0.024,0.224,0.4,0.4,0.224
383,3,0.376,0.212,0.8,0.388,0.424,0.388,0.3,0.212
384,3,0.576,0.624,1.0,0.8,0.624,0.376,0.2,0.2
385,,0.376,0.424,0.8,0.6,0.424,0.176,0.0,0.0
386,,0.176,0.224,0.6,0.4,0.224,-0.024,-0.2,-0.2
387,7,0.376,0.212,0.5,0.388,0.424,0.388,0.8,0.212
388,7,0.576,0.2,0.4,0.376,0.624,0.8,1.0,0.624
389,,0.376,0.0,0.2,0.176,0.424,0.6,0.8,0.424
390,,0.176,-0.2,0.0,-0.024,0.224,0.4,0.6,0.224
391,2,0.588,0.8,0.412,0.176,0.212,0.3,0.588,0.424
392,2,1.0,1.0,0.824,0.376,0.2,0.2,0.576,0.624
393,,0.8,0.8,0.624,0.176,0.0,0.0,0.376,0.424
394,,0.6,0.6,0.424,-0.024,-0.2,-0.2,0.176,0.224
395,5,0.5,0.588,0.624,0.388,0.8,0.212,0.376,0.212
396,5,0.4,0.576,0.824,0.8,1.0,0.624,0.576,0.2
397,,0.2,0.376,0.624,0.6,0.8,0.424,0.376,0.0
398,,0.0,0.176,0.424,0.4,0.6,0.224,0.176,-0.2
399,8,0.412,0.376,0.412,0.3,0.588,0.424,0.588,0.8
400,8,0.824,0.576,0.4,0.2,0.576,0.624,1.0,1.0
401,,0.624,0.376,0.2,0.0,0.376,0.424,0.8,0.8
402,,0.424,0.176,0.0,-0.2,0.176,0.224,0.6,0.6
403,4,0.412,0.376,0.412,0.8,0.588,0.424,0.588,0.5
404,4,0.4,0.576,0.824,1.0,1.0,0.624,0.576,0.4
405,,0.2,0.376,0.624,0.8,0.8,0.424,0.376,0.2
406,,0.0,0.176,0.424,0.6,0.6,0.224,0.176,0.0
407,,-0.2,-0.024,0.224,0.4,0.4,0.024,-0.024,-0.2
408,1,0.8,0.388,0.424,0.388,0.3,0.012,0.176,0.212
409,1,1.0,0.8,0.624,0.376,0.2,0.0,0.376,0.624
410,,0.8,0.6,0.424,0.176,0.0,-0.2,0.176,0.424
411,6,0.788,0.5,0.412,0.376,0.412,0.8,0.588,0.624
412,6,0.776,0.4,0.4,0.576,0.824,1.0,1.0,0.824
413,,0.576,0.2,0.2,0.376,0.624,0.8,0.8,0.624
414,,0.376,0.0,0.0,0.176,0.424,0.6,0.6,0.424
415,,0.176,-0.2,-0.2,-0.024,0.224,0.4,0.4,0.224
416,2,0.588,0.8,0.212,0.176,0.212,0.3,0.388,0.424
417,2,1.0,1.0,0.624,0.376,0.2,0.2,0.376,0.624
418,,0.8,0.8,0.424,0.176,0.0,0.0,0.176,0.424
419,,0.6,0.6,0.224,-0.024,-0.2,-0.2,-0.024,0.224
420,6,0.588,0.5,0.212,0.176,0.212,0.8,0.388,0.424
421,6,0.576,0.4,0.2,0.376,0.624,1.0,0.8,0.624
422,,0.376,0.2,0.0,0.176,0.424,0.8,0.6,0.424
423,,0.176,0.0,-0.2,-0.024,0.224,0.6,0.4,0.224
424,3,0.376,0.412,0.8,0.388,0.424,0.588,0.3,0.212
425,3,0.576,0.824,1.0,0.8,0.624,0.576,0.2,0.2
426,,0.376,0.624,0.8,0.6,0.424,0.376,0.0,0.0
427,,0.176,0.424,0.6,0.4,0.224,0.176,-0.2,-0.2
428,8,0.588,0.624,0.588,0.3,0.212,0.376,0.212,0.8
429,8,1.0,0.824,0.576,0.2,0.2,0.576,0.624,1.0
430,,0.8,0.624,0.376,0.0,0.0,0.376,0.424,0.8
431,,0.6,0.424,0.176,-0.2,-0.2,0.176,0.224,0.6
432,4,0.588,0.624,0.588,0.8,0.212,0.376,0.212,0.5
433,4,0.576,0.824,1.0,1.0,0.624,0.576,0.2,0.4
434,,0.376,0.624,0.8,0.8,0.424,0.376,0.0,0.2
435,,0.176,0.424,0.6,0.6,0.224,0.176,-0.2,0.0
436,7,0.376,0.412,0.5,0.588,0.424,0.588,0.8,0.412
437,7,0.576,0.4,0.4,0.576,0.624,1.0,1.0,0.824
438,,0.376,0.2,0.2,0.376,0.424,0.8,0.8,0.624
439,,0.176,0.0,0.0,0.176,0.224,0.6,0.6,0.424
440,,-0.024,-0.2,-0.2,-0.024,0.024,0.4,0.4,0.224
441,2,0.388,0.8,0.212,0.176,0.012,0.3,0.388,0.424
442,2,0.8,1.0,0.624,0.376,0.0,0.2,0.376,0.624
443,,0.6,0.8,0.424,0.176,-0.2,0.0,0.176,0.424
444,5,0.5,0.788,0.624,0.588,0.8,0.412,0.376,0.412
445,5,0.4,0.776,0.824,1.0,1.0,0.824,0.576,0.4
446,,0.2,0.576,0.624,0.8,0.8,0.624,0.376,0.2
447,,0.0,0.376,0.424,0.6,0.6,0.424,0.176,0.0
448,,-0.2,0.176,0.224,0.4,0.4,0.224,-0.024,-0.2
449,1,0.8,0.588,0.424,0.388,0.3,0.212,0.176,0.212
450,1,1.0,1.0,0.624,0.376,0.2,0.2,0.376,0.624
451,,0.8,0.8,0.424,0.176,0.0,0.0,0.176,0.424
452,,0.6,0.6,0.224,-0.024,-0.2,-0.2,-0.024,0.224
453,6,0.588,0.5,0.212,0.176,0.212,0.8,0.388,0.424
454,6,0.576,0.4,0.2,0.376,0.624,1.0,0.8,0.624
455,,0.376,0.2,0.0,0.176,0.424,0.8,0.6,0.424
456,,0.176,0.0,-0.2,-0.024,0.224,0.6,0.4,0.224
457,3,0.376,0.412,0.8,0.388,0.424,0.588,0.3,0.212
458,3,0.576,0.824,1.0,0.8,0.624,0.576,0.2,0.2
459,,0.376,0.624,0.8,0.6,0.424,0.376,0.0,0.0
460,,0.176,0.424,0.6,0.4,0.224,0.176,-0.2,-0.2
461,7,0.376,0.412,0.5,0.388,0.424,0.588,0.8,0.212
462,7,0.576,0.4,0.4,0.376,0.624,1.0,1.0,0.624
463,,0.376,0.2,0.2,0.176,0.424,0.8,0.8,0.424
464,,0.176,0.0,0.0,-0.024,0.224,0.6,0.6,0.224
465,4,0.164,0.2,0.412,0.976,0.636,0.8,0.588,0.124
466,4,0.152,0.4,0.824,1.0,1.0,1.0,0.576,0.024
467,,-0.048,0.2,0.624,0.8,0.8,0.8,0.376,-0.176
468,8,0.364,0.4,0.612,0.7,0.788,1.0,0.788,0.824
469,8,0.776,0.6,0.6,0.6,0.776,1.0,1.0,1.0
470,,0.576,0.4,0.4,0.4,0.576,0.8,0.8,0.8
471,,0.376,0.2,0.2,0.2,0.376,0.6,0.6,0.6
472,,0.176,0.0,0.0,0.0,0.176,0.4,0.4,0.4
473,,-0.024,-0.2,-0.2,-0.2,-0.024,0.2,0.2,0.2
474,4,-0.036,0.0,0.212,0.8,0.388,0.4,0.188,0.1
475,4,-0.048,0.2,0.624,1.0,0.8,0.6,0.176,0.0
476,1,0.952,0.612,0.824,0.988,0.7,0.588,0.376,0.412
477,1,1.0,1.0,1.0,0.976,0.6,0.576,0.576,0.824
478,,0.8,0.8,0.8,0.776,0.4,0.376,0.376,0.624
479,,0.6,0.6,0.6,0.576,0.2,0.176,0.176,0.424
480,,0.4,0.4,0.4,0.376,0.0,-0.024,-0.024,0.224
481,7,0.6,0.388,0.3,0.364,0.2,0.388,0.976,0.636
482,7,0.8,0.376,0.2,0.352,0.4,0.8,1.0,1.0
483,,0.6,0.176,0.0,0.152,0.2,0.6,0.8,0.8
484,,0.4,-0.024,-0.2,-0.048,0.0,0.4,0.6,0.6
485,3,0.6,0.388,0.8,0.364,0.2,0.388,0.5,0.588
486,3,0.8,0.8,1.0,0.776,0.4,0.376,0.4,0.576
487,,0.6,0.6,0.8,0.576,0.2,0.176,0.2,0.376
488,,0.4,0.4,0.6,0.376,0.0,-0.024,0.0,0.176
489,6,0.388,0.3,0.588,0.576,0.412,0.976,0.412,0.376
490,6,0.376,0.2,0.576,0.776,0.824,1.0,0.824,0.576
491,,0.176,0.0,0.376,0.576,0.624,0.8,0.624,0.376
492,,-0.024,-0.2,0.176,0.376,0.424,0.6,0.424,0.176
493,2,0.388,0.8,0.588,0.576,0.412,0.5,0.412,0.376
494,2,0.8,1.0,1.0,0.776,0.4,0.4,0.4,0.576
495,,0.6,0.8,0.8,0.576,0.2,0.2,0.2,0.376
496,,0.4,0.6,0.6,0.376,0.0,0.0,0.0,0.176
497,,0.2,0.4,0.4,0.176,-0.2,-0.2,-0.2,-0.024
498,6,0.188,0.3,0.388,0.376,0.212,0.8,0.212,0.176
499,6,0.176,0.2,0.376,0.576,0.624,1.0,0.624,0.376
500,,-0.024,0.0,0.176,0.376,0.424,0.8,0.424,0.176
501,1,0.976,0.412,0.376,0.364,0.324,0.788,0.624,0.588
502,1,1.0,0.824,0.576,0.352,0.224,0.776,0.824,1.0
503,,0.8,0.624,0.376,0.152,0.024,0.576,0.624,0.8
504,,0.6,0.424,0.176,-0.048,-0.176,0.376,0.424,0.6
505,5,0.5,0.412,0.376,0.364,0.824,0.788,0.624,0.588
506,5,0.4,0.4,0.576,0.776,1.0,1.0,0.824,0.576
507,,0.2,0.2,0.376,0.576,0.8,0.8,0.624,0.376
508,,0.0,0.0,0.176,0.376,0.6,0.6,0.424,0.176
509,,-0.2,-0.2,-0.024,0.176,0.4,0.4,0.224,-0.024
510,1,0.8,0.212,0.176,0.164,0.3,0.388,0.424,0.388
511,1,1.0,0.624,0.376,0.152,0.2,0.376,0.624,0.8
512,,0.8,0.424,0.176,-0.048,0.0,0.176,0.424,0.6
513,4,0.788,0.624,0.588,0.952,0.412,0.376,0.412,0.5
514,4,0.776,0.824,1.0,1.0,0.824,0.576,0.4,0.4
515,,0.576,0.624,0.8,0.8,0.624,0.376,0.2,0.2
516,,0.376,0.424,0.6,0.6,0.424,0.176,0.0,0.0
517,,0.176,0.224,0.4,0.4,0.224,-0.024,-0.2,-0.2
518,8,0.588,0.424,0.388,0.3,0.212,0.176,0.212,0.8
519,8,1.0,0.624,0.376,0.2,0.2,0.376,0.624,1.0
520,,0.8,0.424,0.176,0.0,0.0,0.176,0.424,0.8
521,,0.6,0.224,-0.024,-0.2,-0.2,-0.024,0.224,0.6
522,5,0.5,0.212,0.176,0.212,0.8,0.388,0.424,0.588
523,5,0.4,0.2,0.376,0.624,1.0,0.8,0.624,0.576
524,,0.2,0.0,0.176,0.424,0.8,0.6,0.424,0.376
525,,0.0,-0.2,-0.024,0.224,0.6,0.4,0.224,0.176
526,2,0.412,0.8,0.388,0.424,0.588,0.3,0.212,0.376
527,2,0.824,1.0,0.8,0.624,0.576,0.2,0.2,0.576
528,,0.624,0.8,0.6,0.424,0.376,0.0,0.0,0.376
529,,0.424,0.6,0.4,0.224,0.176,-0.2,-0.2,0.176
530,6,0.412,0.5,0.388,0.424,0.588,0.8,0.212,0.376
531,6,0.4,0.4,0.376,0.624,1.0,1.0,0.624,0.576
532,,0.2,0.2,0.176,0.424,0.8,0.8,0.424,0.376
533,,0.0,0.0,-0.024,0.224,0.6,0.6,0.224,0.176
534,3,0.2,0.412,0.976,0.636,0.8,0.588,0.124,0.164
535,3,0.4,0.824,1.0,1.0,1.0,0.576,0.024,0.152
536,,0.2,0.624,0.8,0.8,0.8,0.376,-0.176,-0.048
537,7,0.4,0.612,0.7,0.788,1.0,0.788,0.824,0.364
538,7,0.6,0.6,0.6,0.776,1.0,1.0,1.0,0.776
539,,0.4,0.4,0.4,0.576,0.8,0.8,0.8,0.576
540,,0.2,0.2,0.2,0.376,0.6,0.6,0.6,0.376
541,,0.0,0.0,0.0,0.176,0.4,0.4,0.4,0.176
542,,-0.2,-0.2,-0.2,-0.024,0.2,0.2,0.2,-0.024
543,2,0.212,0.8,0.212,0.176,0.188,0.1,0.188,0.176
544,2,0.624,1.0,0.624,0.376,0.176,0.0,0.176,0.376
545,,0.424,0.8,0.424,0.176,-0.024,-0.2,-0.024,0.176
546,6,0.412,0.7,0.412,0.376,0.388,0.8,0.388,0.376
547,6,0.4,0.6,0.4,0.576,0.8,1.0,0.8,0.576
548,,0.2,0.4,0.2,0.376,0.6,0.8,0.6,0.376
549,,0.0,0.2,0.0,0.176,0.4,0.6,0.4,0.176
550,,-0.2,0.0,-0.2,-0.024,0.2,0.4,0.2,-0.024
551,1,0.8,0.412,0.0,-0.036,0.1,0.388,0.4,0.388
552,1,1.0,0.824,0.2,-0.048,0.0,0.376,0.6,0.8
553,4,0.988,1.0,0.612,0.952,0.412,0.576,0.588,0.7
554,4,0.976,1.0,1.0,1.0,0.824,0.776,0.576,0.6
555,,0.776,0.8,0.8,0.8,0.624,0.576,0.376,0.4
556,,0.576,0.6,0.6,0.6,0.424,0.376,0.176,0.2
557,,0.376,0.4,0.4,0.4,0.224,0.176,-0.024,0.0
558,7,0.576,0.388,0.3,0.388,0.424,0.588,0.976,0.412
559,7,0.776,0.376,0.2,0.376,0.624,1.0,1.0,0.824
560,,0.576,0.176,0.0,0.176,0.424,0.8,0.8,0.624
561,,0.376,-0.024,-0.2,-0.024,0.224,0.6,0.6,0.424
562,3,0.576,0.388,0.8,0.388,0.424,0.588,0.5,0.412
563,3,0.776,0.8,1.0,0.8,0.624,0.576,0.4,0.4
564,,0.576,0.6,0.8,0.6,0.424,0.376,0.2,0.2
565,,0.376,0.4,0.6,0.4,0.224,0.176,0.0,0.0
566,,0.176,0.2,0.4,0.2,0.024,-0.024,-0.2,-0.2
567,8,0.588,0.4,0.388,0.1,0.012,0.176,0.212,0.8
568,8,1.0,0.6,0.376,0.0,0.0,0.376,0.624,1.0
569,,0.8,0.4,0.176,-0.2,-0.2,0.176,0.424,0.8
570,4,0.788,0.6,0.588,0.8,0.212,0.376,0.412,0.7
571,4,0.776,0.8,1.0,1.0,0.624,0.576,0.4,0.6
572,,0.576,0.6,0.8,0.8,0.424,0.376,0.2,0.4
573,,0.376,0.4,0.6,0.6,0.224,0.176,0.0,0.2
574,,0.176,0.2,0.4,0.4,0.024,-0.024,-0.2,0.0
575,7,0.376,0.188,0.3,0.388,0.224,0.388,0.8,0.412
576,7,0.576,0.176,0.2,0.376,0.424,0.8,1.0,0.824
577,,0.376,-0.024,0.0,0.176,0.224,0.6,0.8,0.624
578,2,0.788,0.976,0.412,0.376,0.212,0.5,0.788,0.824
579,2,1.0,1.0,0.824,0.576,0.2,0.4,0.776,1.0
580,,0.8,0.8,0.624,0.376,0.0,0.2,0.576,0.8
581,,0.6,0.6,0.424,0.176,-0.2,0.0,0.376,0.6
582,5,0.5,0.588,0.624,0.588,0.8,0.412,0.576,0.588
583,5,0.4,0.576,0.824,1.0,1.0,0.824,0.776,0.576
584,,0.2,0.376,0.624,0.8,0.8,0.624,0.576,0.376
585,,0.0,0.176,0.424,0.6,0.6,0.424,0.376,0.176
586,,-0.2,-0.024,0.224,0.4,0.4,0.224,0.176,-0.024
587,1,0.8,0.388,0.424,0.388,0.3,0.212,0.376,0.388
588,1,1.0,0.8,0.624,0.376,0.2,0.2,0.576,0.8
589,,0.8,0.6,0.424,0.176,0.0,0.0,0.376,0.6
590,,0.6,0.4,0.224,-0.024,-0.2,-0.2,0.176,0.4
591,5,0.5,0.388,0.424,0.388,0.8,0.212,0.376,0.388
592,5,0.4,0.376,0.624,0.8,1.0,0.624,0.576,0.376
593,,0.2,0.176,0.424,0.6,0.8,0.424,0.376,0.176
594,,0.0,-0.024,0.224,0.4,0.6,0.224,0.176,-0.024
595,2,0.412,0.976,0.636,0.6,0.588,0.124,0.164,0.176
596,2,0.824,1.0,1.0,0.8,0.576,0.024,0.152,0.376
597,,0.624,0.8,0.8,0.6,0.376,-0.176,-0.048,0.176
598,6,0.612,0.7,0.788,0.8,0.788,0.824,0.364,0.376
599,6,0.6,0.6,0.776,1.0,1.0,1.0,0.776,0.576
600,,0.4,0.4,0.576,0.8,0.8,0.8,0.576,0.376
601,,0.2,0.2,0.376,0.6,0.6,0.6,0.376,0.176
602,,0.0,0.0,0.176,0.4,0.4,0.4,0.176,-0.024
603,8,0.412,0.2,0.164,0.3,0.388,0.6,0.588,0.976
604,8,0.824,0.4,0.152,0.2,0.376,0.8,1.0,1.0
605,,0.624,0.2,-0.048,0.0,0.176,0.6,0.8,0.8
606,3,0.824,0.612,0.952,0.412,0.376,0.588,0.7,0.788
607,3,1.0,1.0,1.0,0.824,0.576,0.576,0.6,0.776
608,,0.8,0.8,0.8,0.624,0.376,0.376,0.4,0.576
609,,0.6,0.6,0.6,0.424,0.176,0.176,0.2,0.376
610,,0.4,0.4,0.4,0.224,-0.024,-0.024,0.0,0.176
611,6,0.388,0.3,0.388,0.424,0.388,0.976,0.412,0.376
612,6,0.376,0.2,0.376,0.624,0.8,1.0,0.824,0.576
613,,0.176,0.0,0.176,0.424,0.6,0.8,0.624,0.376
614,,-0.024,-0.2,-0.024,0.224,0.4,0.6,0.424,0.176
615,2,0.388,0.8,0.388,0.424,0.388,0.5,0.412,0.376
616,2,0.8,1.0,0.8,0.624,0.376,0.4,0.4,0.576
617,,0.6,0.8,0.6,0.424,0.176,0.2,0.2,0.376
618,,0.4,0.6,0.4,0.224,-0.024,0.0,0.0,0.176
619,5,0.3,0.588,0.6,0.636,0.976,0.412,0.2,0.164
620,5,0.2,0.576,0.8,1.0,1.0,0.824,0.4,0.152
621,,0.0,0.376,0.6,0.8,0.8,0.624,0.2,-0.048
622,8,0.412,0.576,0.588,0.7,0.788,0.824,0.612,0.952
623,8,0.824,0.776,0.576,0.6,0.776,1.0,1.0,1.0
624,,0.624,0.576,0.376,0.4,0.576,0.8,0.8,0.8
625,,0.424,0.376,0.176,0.2,0.376,0.6,0.6,0.6
626,,0.224,0.176,-0.024,0.0,0.176,0.4,0.4,0.4
627,3,0.424,0.588,0.976,0.412,0.376,0.388,0.3,0.388
628,3,0.624,1.0,1.0,0.824,0.576,0.376,0.2,0.376
629,,0.424,0.8,0.8,0.624,0.376,0.176,0.0,0.176
630,,0.224,0.6,0.6,0.424,0.176,-0.024,-0.2,-0.024
631,7,0.424,0.588,0.5,0.412,0.376,0.388,0.8,0.388
632,7,0.624,0.576,0.4,0.4,0.576,0.8,1.0,0.8
633,,0.424,0.376,0.2,0.2,0.376,0.6,0.8,0.6
634,,0.224,0.176,0.0,0.0,0.176,0.4,0.6,0.4
635,,0.024,-0.024,-0.2,-0.2,-0.024,0.2,0.4,0.2
636,3,0.224,0.388,0.8,0.212,0.176,0.188,0.3,0.188
637,3,0.424,0.8,1.0,0.624,0.376,0.176,0.2,0.176
638,,0.224,0.6,0.8,0.424,0.176,-0.024,0.0,-0.024
639,8,0.636,0.8,0.788,0.324,0.164,0.176,0.412,0.976
640,8,1.0,1.0,0.776,0.224,0.152,0.376,0.824,1.0
641,,0.8,0.8,0.576,0.024,-0.048,0.176,0.624,0.8
642,5,0.7,0.788,0.776,0.436,0.952,0.588,0.824,0.788
643,5,0.6,0.776,0.976,0.848,1.0,1.0,1.0,0.776
644,,0.4,0.576,0.776,0.648,0.8,0.8,0.8,0.576
645,,0.2,0.376,0.576,0.448,0.6,0.6,0.6,0.376
646,,0.0,0.176,0.376,0.248,0.4,0.4,0.4,0.176
647,,-0.2,-0.024,0.176,0.048,0.2,0.2,0.2,-0.024
648,1,0.8,0.388,0.376,0.036,0.1,0.188,0.4,0.388
649,1,1.0,0.8,0.576,0.024,0.0,0.176,0.6,0.8
650,,0.8,0.6,0.376,-0.176,-0.2,-0.024,0.4,0.6
651,5,0.7,0.588,0.576,0.236,0.8,0.388,0.6,0.588
652,5,0.6,0.576,0.776,0.648,1.0,0.8,0.8,0.576
653,,0.4,0.376,0.576,0.448,0.8,0.6,0.6,0.376
654,,0.2,0.176,0.376,0.248,0.6,0.4,0.4,0.176
655,,0.0,-0.024,0.176,0.048,0.4,0.2,0.2,-0.024
656,2,0.412,0.976,0.588,0.248,0.388,0.1,0.188,0.176
657,2,0.824,1.0,1.0,0.448,0.376,0.0,0.176,0.376
658,,0.624,0.8,0.8,0.248,0.176,-0.2,-0.024,0.176
659,6,0.612,0.7,0.788,0.448,0.588,0.8,0.388,0.376
660,6,0.6,0.6,0.776,0.648,1.0,1.0,0.8,0.576
661,,0.4,0.4,0.576,0.448,0.8,0.8,0.6,0.376
662,,0.2,0.2,0.376,0.248,0.6,0.6,0.4,0.176
663,,0.0,0.0,0.176,0.048,0.4,0.4,0.2,-0.024
664,8,0.412,0.2,0.164,-0.052,0.388,0.6,0.612,0.976
665,8,0.824,0.4,0.152,-0.152,0.376,0.8,1.0,1.0
666,4,0.812,0.6,0.564,0.848,0.788,1.0,0.988,0.9
667,4,0.8,0.8,0.976,1.0,1.0,1.0,0.976,0.8
668,,0.6,0.6,0.776,0.8,0.8,0.8,0.776,0.6
669,,0.4,0.4,0.576,0.6,0.6,0.6,0.576,0.4
670,,0.2,0.2,0.376,0.4,0.4,0.4,0.376,0.2
671,,0.0,0.0,0.176,0.2,0.2,0.2,0.176,0.0
672,,-0.2,-0.2,-0.024,0.0,0.0,0.0,-0.024,-0.2
673,1,0.8,0.212,0.176,-0.012,-0.1,-0.012,0.176,0.212
674,1,1.0,0.624,0.376,-0.024,-0.2,-0.024,0.376,0.624
675,5,0.9,0.612,0.576,0.388,0.8,0.388,0.576,0.612
676,5,0.8,0.6,0.776,0.8,1.0,0.8,0.776,0.6
677,,0.6,0.4,0.576,0.6,0.8,0.6,0.576,0.4
678,,0.4,0.2,0.376,0.4,0.6,0.4,0.376,0.2
679,,0.2,0.0,0.176,0.2,0.4,0.2,0.176,0.0
680,,0.0,-0.2,-0.024,0.0,0.2,0.0,-0.024,-0.2
681,8,0.412,0.0,-0.036,-0.1,0.188,0.2,0.388,0.8
682,8,0.824,0.2,-0.048,-0.2,0.176,0.4,0.8,1.0
683,4,0.812,0.4,0.364,0.8,0.588,0.6,0.788,0.9
684,4,0.8,0.6,0.776,1.0,1.0,0.8,0.776,0.8
685,,0.6,0.4,0.576,0.8,0.8,0.6,0.576,0.6
686,,0.4,0.2,0.376,0.6,0.6,0.4,0.376,0.4
687,,0.2,0.0,0.176,0.4,0.4,0.2,0.176,0.2
688,,0.0,-0.2,-0.024,0.2,0.2,0.0,-0.024,0.0
689,2,0.412,0.8,0.388,0.4,0.188,-0.1,-0.036,0.2
690,2,0.824,1.0,0.8,0.6,0.176,-0.2,-0.048,0.4
691,6,0.812,0.9,0.788,0.8,0.588,0.8,0.364,0.6
692,6,0.8,0.8,0.776,1.0,1.0,1.0,0.776,0.8
693,,0.6,0.6,0.576,0.8,0.8,0.8,0.576,0.6
694,,0.4,0.4,0.376,0.6,0.6,0.6,0.376,0.4
695,,0.2,0.2,0.176,0.4,0.4,0.4,0.176,0.2
696,,0.0,0.0,-0.024,0.2,0.2,0.2,-0.024,0.0
697,3,0.2,0.412,0.976,0.612,0.4,0.188,-0.124,-0.012
698,3,0.4,0.824,1.0,1.0,0.6,0.176,-0.224,-0.024
699,7,0.6,0.812,0.9,0.988,0.8,0.588,0.776,0.388
700,7,0.8,0.8,0.8,0.976,1.0,1.0,1.0,0.8
701,,0.6,0.6,0.6,0.776,0.8,0.8,0.8,0.6
702,,0.4,0.4,0.4,0.576,0.6,0.6,0.6,0.4
703,,0.2,0.2,0.2,0.376,0.4,0.4,0.4,0.2
704,,0.0,0.0,0.0,0.176,0.2,0.2,0.2,0.0
705,,-0.2,-0.2,-0.2,-0.024,0.0,0.0,0.0,-0.2
706,3,0.0,0.212,0.8,0.388,0.2,-0.012,-0.1,-0.212
707,3,0.2,0.624,1.0,0.8,0.4,-0.024,-0.2,-0.224
708,8,0.612,0.824,0.988,0.7,0.388,0.176,0.212,0.776
709,8,1.0,1.0,0.976,0.6,0.376,0.376,0.624,1.0
710,,0.8,0.8,0.776,0.4,0.176,0.176,0.424,0.8
711,,0.6,0.6,0.576,0.2,-0.024,-0.024,0.224,0.6
712,6,0.588,0.5,0.564,0.4,0.388,0.976,0.636,0.8
713,6,0.576,0.4,0.552,0.6,0.8,1.0,1.0,1.0
714,,0.376,0.2,0.352,0.4,0.6,0.8,0.8,0.8
715,,0.176,0.0,0.152,0.2,0.4,0.6,0.6,0.6
716,,-0.024,-0.2,-0.048,0.0,0.2,0.4,0.4,0.4
717,2,0.388,0.8,0.364,0.2,0.188,0.3,0.388,0.6
718,2,0.8,1.0,0.776,0.4,0.176,0.2,0.376,0.8
719,,0.6,0.8,0.576,0.2,-0.024,0.0,0.176,0.6
720,5,0.5,0.788,0.776,0.612,0.976,0.412,0.376,0.588
721,5,0.4,0.776,0.976,1.0,1.0,0.824,0.576,0.576
722,,0.2,0.576,0.776,0.8,0.8,0.624,0.376,0.376
723,,0.0,0.376,0.576,0.6,0.6,0.424,0.176,0.176
724,,-0.2,0.176,0.376,0.4,0.4,0.224,-0.024,-0.024
725,1,0.8,0.588,0.576,0.388,0.3,0.212,0.176,0.388
726,1,1.0,1.0,0.776,0.376,0.2,0.2,0.376,0.8
727,,0.8,0.8,0.576,0.176,0.0,0.0,0.176,0.6
728,,0.6,0.6,0.376,-0.024,-0.2,-0.2,-0.024,0.4
729,5,0.5,0.588,0.576,0.388,0.8,0.212,0.176,0.388
730,5,0.4,0.576,0.776,0.8,1.0,0.624,0.376,0.376
731,,0.2,0.376,0.576,0.6,0.8,0.424,0.176,0.176
732,,0.0,0.176,0.376,0.4,0.6,0.224,-0.024,-0.024
733,7,0.2,0.164,0.276,0.388,0.8,0.636,0.976,0.388
734,7,0.4,0.152,0.176,0.376,1.0,1.0,1.0,0.8
735,,0.2,-0.048,-0.024,0.176,0.8,0.8,0.8,0.6
736,2,0.612,0.952,0.388,0.376,0.788,0.7,0.788,0.8
737,2,1.0,1.0,0.8,0.576,0.776,0.6,0.776,1.0
738,,0.8,0.8,0.6,0.376,0.576,0.4,0.576,0.8
739,,0.6,0.6,0.4,0.176,0.376,0.2,0.376,0.6
740,,0.4,0.4,0.2,-0.024,0.176,0.0,0.176,0.4
741,4,0.388,0.6,0.612,0.976,0.588,0.2,0.164,0.3
742,4,0.376,0.8,1.0,1.0,1.0,0.4,0.152,0.2
743,,0.176,0.6,0.8,0.8,0.8,0.2,-0.048,0.0
744,7,0.376,0.588,0.7,0.788,1.0,0.612,0.952,0.412
745,7,0.576,0.576,0.6,0.776,1.0,1.0,1.0,0.824
746,,0.376,0.376,0.4,0.576,0.8,0.8,0.8,0.624
747,,0.176,0.176,0.2,0.376,0.6,0.6,0.6,0.424
748,,-0.024,-0.024,0.0,0.176,0.4,0.4,0.4,0.224
749,1,0.976,0.388,0.2,0.164,0.3,0.388,0.6,0.636
750,1,1.0,0.8,0.4,0.152,0.2,0.376,0.8,1.0
751,,0.8,0.6,0.2,-0.048,0.0,0.176,0.6,0.8
752,4,0.788,0.8,0.612,0.952,0.412,0.376,0.588,0.7
753,4,0.776,1.0,1.0,1.0,0.824,0.576,0.576,0.6
754,,0.576,0.8,0.8,0.8,0.624,0.376,0.376,0.4
755,,0.376,0.6,0.6,0.6,0.424,0.176,0.176,0.2
756,,0.176,0.4,0.4,0.4,0.224,-0.024,-0.024,0.0
757,6,0.164,0.3,0.388,0.6,0.636,0.976,0.388,0.2
758,6,0.152,0.2,0.376,0.8,1.0,1.0,0.8,0.4
759,,-0.048,0.0,0.176,0.6,0.8,0.8,0.6,0.2
760,1,0.952,0.412,0.376,0.588,0.7,0.788,0.8,0.612
761,1,1.0,0.824,0.576,0.576,0.6,0.776,1.0,1.0
762,,0.8,0.624,0.376,0.376,0.4,0.576,0.8,0.8
763,,0.6,0.424,0.176,0.176,0.2,0.376,0.6,0.6
764,,0.4,0.224,-0.024,-0.024,0.0,0.176,0.4,0.4
765,4,0.388,0.424,0.388,0.976,0.412,0.376,0.388,0.3
766,4,0.376,0.624,0.8,1.0,0.824,0.576,0.376,0.2
767,,0.176,0.424,0.6,0.8,0.624,0.376,0.176,0.0
768,,-0.024,0.224,0.4,0.6,0.424,0.176,-0.024,-0.2
769,8,0.388,0.424,0.388,0.5,0.412,0.376,0.388,0.8
770,8,0.8,0.624,0.376,0.4,0.4,0.576,0.8,1.0
771,,0.6,0.424,0.176,0.2,0.2,0.376,0.6,0.8
772,,0.4,0.224,-0.024,0.0,0.0,0.176,0.4,0.6
773,3,0.6,0.636,0.976,0.412,0.2,0.164,0.3,0.588
774,3,0.8,1.0,1.0,0.824,0.4,0.152,0.2,0.576
775,,0.6,0.8,0.8,0.624,0.2,-0.048,0.0,0.376
776,6,0.588,0.7,0.788,0.824,0.612,0.952,0.412,0.576
777,6,0.576,0.6,0.776,1.0,1.0,1.0,0.824,0.776
778,,0.376,0.4,0.576,0.8,0.8,0.8,0.624,0.576
779,,0.176,0.2,0.376,0.6,0.6,0.6,0.424,0.376
780,,-0.024,0.0,0.176,0.4,0.4,0.4,0.224,0.176
781,1,0.976,0.412,0.376,0.388,0.3,0.388,0.424,0.588
782,1,1.0,0.824,0.576,0.376,0.2,0.376,0.624,1.0
783,,0.8,0.624,0.376,0.176,0.0,0.176,0.424,0.8
784,,0.6,0.424,0.176,-0.024,-0.2,-0.024,0.224,0.6
785,5,0.5,0.412,0.376,0.388,0.8,0.388,0.424,0.588
786,5,0.4,0.4,0.576,0.8,1.0,0.8,0.624,0.576
787,,0.2,0.2,0.376,0.6,0.8,0.6,0.424,0.376
788,,0.0,0.0,0.176,0.4,0.6,0.4,0.224,0.176
789,,-0.2,-0.2,-0.024,0.2,0.4,0.2,0.024,-0.024
790,2,0.212,0.8,0.388,0.4,0.388,0.1,0.012,0.176
791,2,0.624,1.0,0.8,0.6,0.376,0.0,0.0,0.376
792,,0.424,0.8,0.6,0.4,0.176,-0.2,-0.2,0.176
793,6,0.412,0.7,0.588,0.6,0.588,0.8,0.212,0.376
794,6,0.4,0.6,0.576,0.8,1.0,1.0,0.624,0.576
795,,0.2,0.4,0.376,0.6,0.8,0.8,0.424,0.376
796,,0.0,0.2,0.176,0.4,0.6,0.6,0.224,0.176
797,,-0.2,0.0,-0.024,0.2,0.4,0.4,0.024,-0.024
798,1,0.8,0.412,0.176,0.188,0.3,0.388,0.224,0.388
799,1,1.0,0.824,0.376,0.176,0.2,0.376,0.424,0.8
800,,0.8,0.624,0.176,-0.024,0.0,0.176,0.224,0.6
801,4,0.788,0.824,0.588,0.976,0.412,0.376,0.212,0.5
802,4,0.776,1.0,1.0,1.0,0.824,0.576,0.2,0.4
803,,0.576,0.8,0.8,0.8,0.624,0.376,0.0,0.2
804,,0.376,0.6,0.6,0.6,0.424,0.176,-0.2,0.0
805,7,0.576,0.588,0.5,0.588,0.624,0.588,0.8,0.412
806,7,0.776,0.576,0.4,0.576,0.824,1.0,1.0,0.824
807,,0.576,0.376,0.2,0.376,0.624,0.8,0.8,0.624
808,,0.376,0.176,0.0,0.176,0.424,0.6,0.6,0.424
809,,0.176,-0.024,-0.2,-0.024,0.224,0.4,0.4,0.224
810,3,0.376,0.388,0.8,0.388,0.424,0.388,0.3,0.212
811,3,0.576,0.8,1.0,0.8,0.624,0.376,0.2,0.2
812,,0.376,0.6,0.8,0.6,0.424,0.176,0.0,0.0
813,,0.176,0.4,0.6,0.4,0.224,-0.024,-0.2,-0.2
814,8,0.588,0.6,0.588,0.3,0.212,0.176,0.212,0.8
815,8,1.0,0.8,0.576,0.2,0.2,0.376,0.624,1.0
816,,0.8,0.6,0.376,0.0,0.0,0.176,0.424,0.8
817,,0.6,0.4,0.176,-0.2,-0.2,-0.024,0.224,0.6
818,4,0.588,0.6,0.588,0.8,0.212,0.176,0.212,0.5
819,4,0.576,0.8,1.0,1.0,0.624,0.376,0.2,0.4
820,,0.376,0.6,0.8,0.8,0.424,0.176,0.0,0.2
821,,0.176,0.4,0.6,0.6,0.224,-0.024,-0.2,0.0
822,7,0.376,0.388,0.5,0.588,0.424,0.388,0.8,0.412
823,7,0.576,0.376,0.4,0.576,0.624,0.8,1.0,0.824
824,,0.376,0.176,0.2,0.376,0.424,0.6,0.8,0.624
825,,0.176,-0.024,0.0,0.176,0.224,0.4,0.6,0.424
826,2,0.588,0.976,0.412,0.376,0.212,0.3,0.588,0.624
827,2,1.0,1.0,0.824,0.576,0.2,0.2,0.576,0.824
828,,0.8,0.8,0.624,0.376,0.0,0.0,0.376,0.624
829,,0.6,0.6,0.424,0.176,-0.2,-0.2,0.176,0.424
830,6,0.588,0.5,0.412,0.376,0.212,0.8,0.588,0.624
831,6,0.576,0.4,0.4,0.576,0.624,1.0,1.0,0.824
832,,0.376,0.2,0.2,0.376,0.424,0.8,0.8,0.624
833,,0.176,0.0,0.0,0.176,0.224,0.6,0.6,0.424
834,,-0.024,-0.2,-0.2,-0.024,0.024,0.4,0.4,0.224
835,2,0.388,0.8,0.212,0.176,0.012,0.3,0.388,0.424
836,2,0.8,1.0,0.624,0.376,0.0,0.2,0.376,0.624
837,,0.6,0.8,0.424,0.176,-0.2,0.0,0.176,0.424
838,5,0.5,0.788,0.624,0.588,0.8,0.412,0.376,0.412
839,5,0.4,0.776,0.824,1.0,1.0,0.824,0.576,0.4
840,,0.2,0.576,0.624,0.8,0.8,0.624,0.376,0.2
841,,0.0,0.376,0.424,0.6,0.6,0.424,0.176,0.0
842,,-0.2,0.176,0.224,0.4,0.4,0.224,-0.024,-0.2
843,1,0.8,0.588,0.424,0.388,0.3,0.212,0.176,0.212
844,1,1.0,1.0,0.624,0.376,0.2,0.2,0.376,0.624
845,,0.8,0.8,0.424,0.176,0.0,0.0,0.176,0.424
846,,0.6,0.6,0.224,-0.024,-0.2,-0.2,-0.024,0.224
847,5,0.5,0.588,0.424,0.388,0.8,0.212,0.176,0.212
848,5,0.4,0.576,0.624,0.8,1.0,0.624,0.376,0.2
849,,0.2,0.376,0.424,0.6,0.8,0.424,0.176,0.0
850,,0.0,0.176,0.224,0.4,0.6,0.224,-0.024,-0.2
851,8,0.412,0.376,0.212,0.3,0.588,0.424,0.388,0.8
852,8,0.824,0.576,0.2,0.2,0.576,0.624,0.8,1.0
853,,0.624,0.376,0.0,0.0,0.376,0.424,0.6,0.8
854,,0.424,0.176,-0.2,-0.2,0.176,0.224,0.4,0.6
855,3,0.624,0.588,0.8,0.212,0.376,0.212,0.3,0.588
