step,active_motive,motive_1,motive_2,motive_3,motive_4,motive_5,motive_6,motive_7,motive_8
0,,0.35536,0.39148,0.53186,0.06662,0.22903,0.54285,0.43153,0.33282
1,,0.15536,0.19148,0.33186,-0.13338,0.02903,0.34285,0.23153,0.13282
2,4,0.14336,0.39148,0.74386,0.86662,0.44103,0.54285,0.21953,0.03282
3,4,0.13136,0.59148,1.0,1.0,0.85303,0.74285,0.20753,-0.06718
4,8,0.54336,0.79148,0.988,0.9,0.84103,0.94285,0.61953,0.93282
5,8,0.95536,0.99148,0.976,0.8,0.82903,1.0,1.0,1.0
6,,0.75536,0.79148,0.776,0.6,0.62903,0.8,0.8,0.8
7,,0.55536,0.59148,0.576,0.4,0.42903,0.6,0.6,0.6
8,,0.35536,0.39148,0.376,0.2,0.22903,0.4,0.4,0.4
9,,0.15536,0.19148,0.176,0.0,0.02903,0.2,0.2,0.2
10,,-0.04464,-0.00852,-0.024,-0.2,-0.17097,0.0,0.0,0.0
11,4,-0.05664,0.19148,0.388,0.8,0.24103,0.2,-0.012,-0.1
12,4,-0.06864,0.39148,0.8,1.0,0.65303,0.4,-0.024,-0.2
13,8,0.34336,0.59148,0.788,0.9,0.64103,0.6,0.388,0.8
14,8,0.75536,0.79148,0.776,0.8,0.62903,0.8,0.8,1.0
15,,0.55536,0.59148,0.576,0.6,0.42903,0.6,0.6,0.8
16,,0.35536,0.39148,0.376,0.4,0.22903,0.4,0.4,0.6
17,,0.15536,0.19148,0.176,0.2,0.02903,0.2,0.2,0.4
18,,-0.04464,-0.00852,-0.024,0.0,-0.17097,0.0,0.0,0.2
19,5,-0.14464,-0.02052,0.176,0.412,0.82903,0.412,0.2,0.188
20,5,-0.24464,-0.03252,0.376,0.824,1.0,0.824,0.4,0.176
21,1,0.75536,0.37948,0.576,0.812,0.9,0.812,0.6,0.588
22,1,1.0,0.79148,0.776,0.8,0.8,0.8,0.8,1.0
23,,0.8,0.59148,0.576,0.6,0.6,0.6,0.6,0.8
24,,0.6,0.39148,0.376,0.4,0.4,0.4,0.4,0.6
25,,0.4,0.19148,0.176,0.2,0.2,0.2,0.2,0.4
26,,0.2,-0.00852,-0.024,0.0,0.0,0.0,0.0,0.2
27,3,0.4,0.40348,0.976,0.412,0.2,-0.012,-0.1,0.188
28,3,0.6,0.81548,1.0,0.824,0.4,-0.024,-0.2,0.176
29,7,0.8,0.80348,0.9,0.812,0.6,0.388,0.8,0.588
30,7,1.0,0.79148,0.8,0.8,0.8,0.8,1.0,1.0
31,,0.8,0.59148,0.6,0.6,0.6,0.6,0.8,0.8
32,,0.6,0.39148,0.4,0.4,0.4,0.4,0.6,0.6
33,,0.4,0.19148,0.2,0.2,0.2,0.2,0.4,0.4
34,,0.2,-0.00852,0.0,0.0,0.0,0.0,0.2,0.2
35,2,0.612,0.99148,0.412,0.2,-0.012,-0.1,0.188,0.4
36,2,1.0,1.0,0.824,0.4,-0.024,-0.2,0.176,0.6
37,6,0.988,0.9,0.812,0.6,0.388,0.8,0.588,0.8
38,6,0.976,0.8,0.8,0.8,0.8,1.0,1.0,1.0
39,,0.776,0.6,0.6,0.6,0.6,0.8,0.8,0.8
40,,0.576,0.4,0.4,0.4,0.4,0.6,0.6,0.6
41,,0.376,0.2,0.2,0.2,0.2,0.4,0.4,0.4
42,,0.176,0.0,0.0,0.0,0.0,0.2,0.2,0.2
43,,-0.024,-0.2,-0.2,-0.2,-0.2,0.0,0.0,0.0
44,4,-0.036,0.0,0.212,0.8,0.212,0.2,-0.012,-0.1
45,4,-0.048,0.2,0.624,1.0,0.624,0.4,-0.024,-0.2
46,8,0.364,0.4,0.612,0.9,0.612,0.6,0.388,0.8
47,8,0.776,0.6,0.6,0.8,0.6,0.8,0.8,1.0
48,,0.576,0.4,0.4,0.6,0.4,0.6,0.6,0.8
49,,0.376,0.2,0.2,0.4,0.2,0.4,0.4,0.6
50,,0.176,0.0,0.0,0.2,0.0,0.2,0.2,0.4
51,,-0.024,-0.2,-0.2,0.0,-0.2,0.0,0.0,0.2
52,3,0.176,0.212,0.8,0.412,0.0,-0.012,-0.1,0.188
53,3,0.376,0.624,1.0,0.824,0.2,-0.024,-0.2,0.176
54,7,0.576,0.612,0.9,0.812,0.4,0.388,0.8,0.588
55,7,0.776,0.6,0.8,0.8,0.6,0.8,1.0,1.0
56,,0.576,0.4,0.6,0.6,0.4,0.6,0.8,0.8
57,,0.376,0.2,0.4,0.4,0.2,0.4,0.6,0.6
58,,0.176,0.0,0.2,0.2,0.0,0.2,0.4,0.4
59,,-0.024,-0.2,0.0,0.0,-0.2,0.0,0.2,0.2
60,5,-0.124,-0.212,0.2,0.412,0.8,0.412,0.4,0.188
61,5,-0.224,-0.224,0.4,0.824,1.0,0.824,0.6,0.176
62,2,0.188,0.776,0.812,1.0,0.988,0.724,0.588,0.376
63,2,0.6,1.0,1.0,1.0,0.976,0.624,0.576,0.576
64,,0.4,0.8,0.8,0.8,0.776,0.424,0.376,0.376
65,,0.2,0.6,0.6,0.6,0.576,0.224,0.176,0.176
66,,0.0,0.4,0.4,0.4,0.376,0.024,-0.024,-0.024
67,7,0.2,0.388,0.3,0.388,0.576,0.436,0.976,0.388
68,7,0.4,0.376,0.2,0.376,0.776,0.848,1.0,0.8
69,,0.2,0.176,0.0,0.176,0.576,0.648,0.8,0.6
70,,0.0,-0.024,-0.2,-0.024,0.376,0.448,0.6,0.4
71,3,0.2,0.388,0.8,0.388,0.576,0.436,0.5,0.388
72,3,0.4,0.8,1.0,0.8,0.776,0.424,0.4,0.376
73,,0.2,0.6,0.8,0.6,0.576,0.224,0.2,0.176
74,,0.0,0.4,0.6,0.4,0.376,0.024,0.0,-0.024
75,8,0.412,0.6,0.588,0.3,0.364,0.224,0.412,0.976
76,8,0.824,0.8,0.576,0.2,0.352,0.424,0.824,1.0
77,,0.624,0.6,0.376,0.0,0.152,0.224,0.624,0.8
78,,0.424,0.4,0.176,-0.2,-0.048,0.024,0.424,0.6
79,4,0.412,0.6,0.588,0.8,0.364,0.224,0.412,0.5
80,4,0.4,0.8,1.0,1.0,0.776,0.424,0.4,0.4
81,,0.2,0.6,0.8,0.8,0.576,0.224,0.2,0.2
82,,0.0,0.4,0.6,0.6,0.376,0.024,0.0,0.0
83,,-0.2,0.2,0.4,0.4,0.176,-0.176,-0.2,-0.2
84,8,0.212,0.4,0.388,0.3,0.164,0.024,0.212,0.8
85,8,0.624,0.6,0.376,0.2,0.152,0.224,0.624,1.0
86,,0.424,0.4,0.176,0.0,-0.048,0.024,0.424,0.8
87,5,0.324,0.388,0.376,0.412,0.952,0.436,0.624,0.788
88,5,0.224,0.376,0.576,0.824,1.0,0.848,0.824,0.776
89,,0.024,0.176,0.376,0.624,0.8,0.648,0.624,0.576
90,,-0.176,-0.024,0.176,0.424,0.6,0.448,0.424,0.376
91,1,0.824,0.388,0.376,0.412,0.5,0.436,0.624,0.788
92,1,1.0,0.8,0.576,0.4,0.4,0.424,0.824,1.0
93,,0.8,0.6,0.376,0.2,0.2,0.224,0.624,0.8
94,,0.6,0.4,0.176,0.0,0.0,0.024,0.424,0.6
95,,0.4,0.2,-0.024,-0.2,-0.2,-0.176,0.224,0.4
96,4,0.388,0.4,0.388,0.8,0.212,0.024,0.212,0.3
97,4,0.376,0.6,0.8,1.0,0.624,0.224,0.2,0.2
98,,0.176,0.4,0.6,0.8,0.424,0.024,0.0,0.0
99,,-0.024,0.2,0.4,0.6,0.224,-0.176,-0.2,-0.2
100,7,0.176,0.188,0.3,0.588,0.424,0.236,0.8,0.212
101,7,0.376,0.176,0.2,0.576,0.624,0.648,1.0,0.624
102,,0.176,-0.024,0.0,0.376,0.424,0.448,0.8,0.424
103,2,0.588,0.976,0.412,0.576,0.412,0.348,0.788,0.624
104,2,1.0,1.0,0.824,0.776,0.4,0.248,0.776,0.824
105,,0.8,0.8,0.624,0.576,0.2,0.048,0.576,0.624
106,,0.6,0.6,0.424,0.376,0.0,-0.152,0.376,0.424
107,6,0.588,0.5,0.412,0.576,0.412,0.848,0.788,0.624
108,6,0.576,0.4,0.4,0.776,0.824,1.0,1.0,0.824
109,,0.376,0.2,0.2,0.576,0.624,0.8,0.8,0.624
110,,0.176,0.0,0.0,0.376,0.424,0.6,0.6,0.424
111,,-0.024,-0.2,-0.2,0.176,0.224,0.4,0.4,0.224
112,3,0.176,0.212,0.8,0.588,0.424,0.388,0.3,0.212
113,3,0.376,0.624,1.0,1.0,0.624,0.376,0.2,0.2
114,,0.176,0.424,0.8,0.8,0.424,0.176,0.0,0.0
115,,-0.024,0.224,0.6,0.6,0.224,-0.024,-0.2,-0.2
116,8,0.388,0.424,0.588,0.5,0.212,0.176,0.212,0.8
117,8,0.8,0.624,0.576,0.4,0.2,0.376,0.624,1.0
118,,0.6,0.424,0.376,0.2,0.0,0.176,0.424,0.8
119,,0.4,0.224,0.176,0.0,-0.2,-0.024,0.224,0.6
120,5,0.3,0.212,0.376,0.412,0.8,0.388,0.424,0.588
121,5,0.2,0.2,0.576,0.824,1.0,0.8,0.624,0.576
122,,0.0,0.0,0.376,0.624,0.8,0.6,0.424,0.376
123,,-0.2,-0.2,0.176,0.424,0.6,0.4,0.224,0.176
124,1,0.8,0.212,0.376,0.412,0.5,0.388,0.424,0.588
125,1,1.0,0.624,0.576,0.4,0.4,0.376,0.624,1.0
126,,0.8,0.424,0.376,0.2,0.2,0.176,0.424,0.8
127,,0.6,0.224,0.176,0.0,0.0,-0.024,0.224,0.6
128,6,0.588,0.124,0.164,0.2,0.412,0.976,0.636,0.8
129,6,0.576,0.024,0.152,0.4,0.824,1.0,1.0,1.0
130,,0.376,-0.176,-0.048,0.2,0.624,0.8,0.8,0.8
131,2,0.788,0.824,0.364,0.4,0.612,0.7,0.788,1.0
132,2,1.0,1.0,0.776,0.6,0.6,0.6,0.776,1.0
133,,0.8,0.8,0.576,0.4,0.4,0.4,0.576,0.8
134,,0.6,0.6,0.376,0.2,0.2,0.2,0.376,0.6
135,,0.4,0.4,0.176,0.0,0.0,0.0,0.176,0.4
136,,0.2,0.2,-0.024,-0.2,-0.2,-0.2,-0.024,0.2
137,6,0.188,0.1,-0.036,0.0,0.212,0.8,0.388,0.4
138,6,0.176,0.0,-0.048,0.2,0.624,1.0,0.8,0.6
139,3,0.376,0.412,0.952,0.612,0.824,0.988,0.7,0.588
140,3,0.576,0.824,1.0,1.0,1.0,0.976,0.6,0.576
141,,0.376,0.624,0.8,0.8,0.8,0.776,0.4,0.376
142,,0.176,0.424,0.6,0.6,0.6,0.576,0.2,0.176
143,,-0.024,0.224,0.4,0.4,0.4,0.376,0.0,-0.024
144,8,0.388,0.424,0.388,0.3,0.388,0.576,0.412,0.976
145,8,0.8,0.624,0.376,0.2,0.376,0.776,0.824,1.0
146,,0.6,0.424,0.176,0.0,0.176,0.576,0.624,0.8
147,,0.4,0.224,-0.024,-0.2,-0.024,0.376,0.424,0.6
148,4,0.388,0.424,0.388,0.8,0.388,0.576,0.412,0.5
149,4,0.376,0.624,0.8,1.0,0.8,0.776,0.4,0.4
150,,0.176,0.424,0.6,0.8,0.6,0.576,0.2,0.2
151,,-0.024,0.224,0.4,0.6,0.4,0.376,0.0,0.0
152,1,0.976,0.636,0.6,0.588,0.3,0.364,0.2,0.412
153,1,1.0,1.0,0.8,0.576,0.2,0.352,0.4,0.824
154,,0.8,0.8,0.6,0.376,0.0,0.152,0.2,0.624
155,,0.6,0.6,0.4,0.176,-0.2,-0.048,0.0,0.424
156,5,0.5,0.588,0.6,0.588,0.8,0.364,0.2,0.412
157,5,0.4,0.576,0.8,1.0,1.0,0.776,0.4,0.4
158,,0.2,0.376,0.6,0.8,0.8,0.576,0.2,0.2
159,,0.0,0.176,0.4,0.6,0.6,0.376,0.0,0.0
160,,-0.2,-0.024,0.2,0.4,0.4,0.176,-0.2,-0.2
161,1,0.8,0.388,0.4,0.388,0.3,0.164,0.0,0.212
162,1,1.0,0.8,0.6,0.376,0.2,0.152,0.2,0.624
163,,0.8,0.6,0.4,0.176,0.0,-0.048,0.0,0.424
164,6,0.788,0.5,0.388,0.376,0.412,0.952,0.412,0.624
165,6,0.776,0.4,0.376,0.576,0.824,1.0,0.824,0.824
166,,0.576,0.2,0.176,0.376,0.624,0.8,0.624,0.624
167,,0.376,0.0,-0.024,0.176,0.424,0.6,0.424,0.424
168,3,0.576,0.412,0.976,0.588,0.624,0.588,0.324,0.412
169,3,0.776,0.824,1.0,1.0,0.824,0.576,0.224,0.4
170,,0.576,0.624,0.8,0.8,0.624,0.376,0.024,0.2
171,,0.376,0.424,0.6,0.6,0.424,0.176,-0.176,0.0
172,7,0.576,0.412,0.5,0.588,0.624,0.588,0.824,0.412
173,7,0.776,0.4,0.4,0.576,0.824,1.0,1.0,0.824
174,,0.576,0.2,0.2,0.376,0.624,0.8,0.8,0.624
175,,0.376,0.0,0.0,0.176,0.424,0.6,0.6,0.424
176,,0.176,-0.2,-0.2,-0.024,0.224,0.4,0.4,0.224
177,3,0.376,0.212,0.8,0.388,0.424,0.388,0.3,0.212
178,3,0.576,0.624,1.0,0.8,0.624,0.376,0.2,0.2
179,,0.376,0.424,0.8,0.6,0.424,0.176,0.0,0.0
180,,0.176,0.224,0.6,0.4,0.224,-0.024,-0.2,-0.2
181,7,0.376,0.212,0.5,0.388,0.424,0.388,0.8,0.212
182,7,0.576,0.2,0.4,0.376,0.624,0.8,1.0,0.624
183,,0.376,0.0,0.2,0.176,0.424,0.6,0.8,0.424
184,,0.176,-0.2,0.0,-0.024,0.224,0.4,0.6,0.224
185,2,0.588,0.8,0.412,0.176,0.212,0.3,0.588,0.424
186,2,1.0,1.0,0.824,0.376,0.2,0.2,0.576,0.624
187,,0.8,0.8,0.624,0.176,0.0,0.0,0.376,0.424
188,,0.6,0.6,0.424,-0.024,-0.2,-0.2,0.176,0.224
189,5,0.5,0.588,0.624,0.388,0.8,0.212,0.376,0.212
190,5,0.4,0.576,0.824,0.8,1.0,0.624,0.576,0.2
191,,0.2,0.376,0.624,0.6,0.8,0.424,0.376,0.0
192,,0.0,0.176,0.424,0.4,0.6,0.224,0.176,-0.2
193,8,0.412,0.376,0.412,0.3,0.588,0.424,0.588,0.8
194,8,0.824,0.576,0.4,0.2,0.576,0.624,1.0,1.0
195,,0.624,0.376,0.2,0.0,0.376,0.424,0.8,0.8
196,,0.424,0.176,0.0,-0.2,0.176,0.224,0.6,0.6
197,4,0.412,0.376,0.412,0.8,0.588,0.424,0.588,0.5
198,4,0.4,0.576,0.824,1.0,1.0,0.624,0.576,0.4
199,,0.2,0.376,0.624,0.8,0.8,0.424,0.376,0.2
200,,0.0,0.176,0.424,0.6,0.6,0.224,0.176,0.0
201,,-0.2,-0.024,0.224,0.4,0.4,0.024,-0.024,-0.2
202,1,0.8,0.388,0.424,0.388,0.3,0.012,0.176,0.212
203,1,1.0,0.8,0.624,0.376,0.2,0.0,0.376,0.624
204,,0.8,0.6,0.424,0.176,0.0,-0.2,0.176,0.424
205,6,0.788,0.5,0.412,0.376,0.412,0.8,0.588,0.624
206,6,0.776,0.4,0.4,0.576,0.824,1.0,1.0,0.824
207,,0.576,0.2,0.2,0.376,0.624,0.8,0.8,0.624
208,,0.376,0.0,0.0,0.176,0.424,0.6,0.6,0.424
209,,0.176,-0.2,-0.2,-0.024,0.224,0.4,0.4,0.224
210,2,0.588,0.8,0.212,0.176,0.212,0.3,0.388,0.424
211,2,1.0,1.0,0.624,0.376,0.2,0.2,0.376,0.624
212,,0.8,0.8,0.424,0.176,0.0,0.0,0.176,0.424
213,,0.6,0.6,0.224,-0.024,-0.2,-0.2,-0.024,0.224
214,5,0.5,0.588,0.424,0.388,0.8,0.212,0.176,0.212
215,5,0.4,0.576,0.624,0.8,1.0,0.624,0.376,0.2
216,,0.2,0.376,0.424,0.6,0.8,0.424,0.176,0.0
217,,0.0,0.176,0.224,0.4,0.6,0.224,-0.024,-0.2
218,8,0.412,0.376,0.212,0.3,0.588,0.424,0.388,0.8
219,8,0.824,0.576,0.2,0.2,0.576,0.624,0.8,1.0
220,,0.624,0.376,0.0,0.0,0.376,0.424,0.6,0.8
221,,0.424,0.176,-0.2,-0.2,0.176,0.224,0.4,0.6
222,3,0.624,0.588,0.8,0.212,0.376,0.212,0.3,0.588
223,3,0.824,1.0,1.0,0.624,0.576,0.2,0.2,0.576
224,,0.624,0.8,0.8,0.424,0.376,0.0,0.0,0.376
225,,0.424,0.6,0.6,0.224,0.176,-0.2,-0.2,0.176
226,6,0.412,0.5,0.588,0.424,0.588,0.8,0.212,0.376
227,6,0.4,0.4,0.576,0.624,1.0,1.0,0.624,0.576
228,,0.2,0.2,0.376,0.424,0.8,0.8,0.424,0.376
229,,0.0,0.0,0.176,0.224,0.6,0.6,0.224,0.176
230,,-0.2,-0.2,-0.024,0.024,0.4,0.4,0.024,-0.024
231,2,0.212,0.8,0.388,0.224,0.388,0.3,0.012,0.176
232,2,0.624,1.0,0.8,0.424,0.376,0.2,0.0,0.376
233,,0.424,0.8,0.6,0.224,0.176,0.0,-0.2,0.176
234,7,0.624,0.788,0.5,0.212,0.376,0.412,0.8,0.588
235,7,0.824,0.776,0.4,0.2,0.576,0.824,1.0,1.0
236,,0.624,0.576,0.2,0.0,0.376,0.624,0.8,0.8
237,,0.424,0.376,0.0,-0.2,0.176,0.424,0.6,0.6
238,4,0.412,0.576,0.412,0.8,0.588,0.624,0.588,0.5
239,4,0.4,0.776,0.824,1.0,1.0,0.824,0.576,0.4
240,,0.2,0.576,0.624,0.8,0.8,0.624,0.376,0.2
241,,0.0,0.376,0.424,0.6,0.6,0.424,0.176,0.0
242,,-0.2,0.176,0.224,0.4,0.4,0.224,-0.024,-0.2
243,8,0.212,0.376,0.212,0.3,0.388,0.424,0.388,0.8
244,8,0.624,0.576,0.2,0.2,0.376,0.624,0.8,1.0
245,,0.424,0.376,0.0,0.0,0.176,0.424,0.6,0.8
246,,0.224,0.176,-0.2,-0.2,-0.024,0.224,0.4,0.6
247,4,0.212,0.376,0.212,0.8,0.388,0.424,0.388,0.5
248,4,0.2,0.576,0.624,1.0,0.8,0.624,0.376,0.4
249,,0.0,0.376,0.424,0.8,0.6,0.424,0.176,0.2
250,,-0.2,0.176,0.224,0.6,0.4,0.224,-0.024,0.0
251,1,0.8,0.588,0.424,0.588,0.3,0.212,0.176,0.412
252,1,1.0,1.0,0.624,0.576,0.2,0.2,0.376,0.824
253,,0.8,0.8,0.424,0.376,0.0,0.0,0.176,0.624
254,,0.6,0.6,0.224,0.176,-0.2,-0.2,-0.024,0.424
255,6,0.588,0.5,0.212,0.376,0.212,0.8,0.388,0.624
256,6,0.576,0.4,0.2,0.576,0.624,1.0,0.8,0.824
257,,0.376,0.2,0.0,0.376,0.424,0.8,0.6,0.624
258,,0.176,0.0,-0.2,0.176,0.224,0.6,0.4,0.424
259,3,0.376,0.412,0.8,0.588,0.424,0.588,0.3,0.412
260,3,0.576,0.824,1.0,1.0,0.624,0.576,0.2,0.4
261,,0.376,0.624,0.8,0.8,0.424,0.376,0.0,0.2
262,,0.176,0.424,0.6,0.6,0.224,0.176,-0.2,0.0
263,7,0.376,0.412,0.5,0.588,0.424,0.588,0.8,0.412
264,7,0.576,0.4,0.4,0.576,0.624,1.0,1.0,0.824
265,,0.376,0.2,0.2,0.376,0.424,0.8,0.8,0.624
266,,0.176,0.0,0.0,0.176,0.224,0.6,0.6,0.424
267,,-0.024,-0.2,-0.2,-0.024,0.024,0.4,0.4,0.224
268,3,0.176,0.212,0.8,0.388,0.224,0.388,0.3,0.212
269,3,0.376,0.624,1.0,0.8,0.424,0.376,0.2,0.2
270,,0.176,0.424,0.8,0.6,0.224,0.176,0.0,0.0
271,,-0.024,0.224,0.6,0.4,0.024,-0.024,-0.2,-0.2
272,7,0.176,0.212,0.5,0.388,0.224,0.388,0.8,0.212
273,7,0.376,0.2,0.4,0.376,0.424,0.8,1.0,0.624
274,,0.176,0.0,0.2,0.176,0.224,0.6,0.8,0.424
275,,-0.024,-0.2,0.0,-0.024,0.024,0.4,0.6,0.224
276,2,0.388,0.8,0.412,0.176,0.012,0.3,0.588,0.424
277,2,0.8,1.0,0.824,0.376,0.0,0.2,0.576,0.624
278,,0.6,0.8,0.624,0.176,-0.2,0.0,0.376,0.424
279,5,0.5,0.788,0.824,0.588,0.8,0.412,0.576,0.412
280,5,0.4,0.776,1.0,1.0,1.0,0.824,0.776,0.4
281,,0.2,0.576,0.8,0.8,0.8,0.624,0.576,0.2
282,,0.0,0.376,0.6,0.6,0.6,0.424,0.376,0.0
283,,-0.2,0.176,0.4,0.4,0.4,0.224,0.176,-0.2
284,1,0.8,0.588,0.6,0.388,0.3,0.212,0.376,0.212
285,1,1.0,1.0,0.8,0.376,0.2,0.2,0.576,0.624
286,,0.8,0.8,0.6,0.176,0.0,0.0,0.376,0.424
287,,0.6,0.6,0.4,-0.024,-0.2,-0.2,0.176,0.224
288,6,0.588,0.5,0.388,0.176,0.212,0.8,0.588,0.424
289,6,0.576,0.4,0.376,0.376,0.624,1.0,1.0,0.624
290,,0.376,0.2,0.176,0.176,0.424,0.8,0.8,0.424
291,,0.176,0.0,-0.024,-0.024,0.224,0.6,0.6,0.224
292,3,0.376,0.412,0.976,0.388,0.424,0.588,0.5,0.212
293,3,0.576,0.824,1.0,0.8,0.624,0.576,0.4,0.2
294,,0.376,0.624,0.8,0.6,0.424,0.376,0.2,0.0
295,,0.176,0.424,0.6,0.4,0.224,0.176,0.0,-0.2
296,8,0.588,0.624,0.588,0.3,0.212,0.376,0.412,0.8
297,8,1.0,0.824,0.576,0.2,0.2,0.576,0.824,1.0
298,,0.8,0.624,0.376,0.0,0.0,0.376,0.624,0.8
299,,0.6,0.424,0.176,-0.2,-0.2,0.176,0.424,0.6
300,5,0.5,0.412,0.376,0.212,0.8,0.588,0.624,0.588
301,5,0.4,0.4,0.576,0.624,1.0,1.0,0.824,0.576
302,,0.2,0.2,0.376,0.424,0.8,0.8,0.624,0.376
303,,0.0,0.0,0.176,0.224,0.6,0.6,0.424,0.176
304,,-0.2,-0.2,-0.024,0.024,0.4,0.4,0.224,-0.024
305,2,0.212,0.8,0.388,0.224,0.388,0.3,0.212,0.176
306,2,0.624,1.0,0.8,0.424,0.376,0.2,0.2,0.376
307,,0.424,0.8,0.6,0.224,0.176,0.0,0.0,0.176
308,,0.224,0.6,0.4,0.024,-0.024,-0.2,-0.2,-0.024
309,6,0.212,0.5,0.388,0.224,0.388,0.8,0.212,0.176
310,6,0.2,0.4,0.376,0.424,0.8,1.0,0.624,0.376
311,,0.0,0.2,0.176,0.224,0.6,0.8,0.424,0.176
312,,-0.2,0.0,-0.024,0.024,0.4,0.6,0.224,-0.024
313,1,0.8,0.412,0.176,0.012,0.3,0.588,0.424,0.388
314,1,1.0,0.824,0.376,0.0,0.2,0.576,0.624,0.8
315,,0.8,0.624,0.176,-0.2,0.0,0.376,0.424,0.6
316,4,0.788,0.824,0.588,0.8,0.412,0.576,0.412,0.5
317,4,0.776,1.0,1.0,1.0,0.824,0.776,0.4,0.4
318,,0.576,0.8,0.8,0.8,0.624,0.576,0.2,0.2
319,,0.376,0.6,0.6,0.6,0.424,0.376,0.0,0.0
320,,0.176,0.4,0.4,0.4,0.224,0.176,-0.2,-0.2
321,7,0.376,0.388,0.3,0.388,0.424,0.588,0.8,0.212
322,7,0.576,0.376,0.2,0.376,0.624,1.0,1.0,0.624
323,,0.376,0.176,0.0,0.176,0.424,0.8,0.8,0.424
324,,0.176,-0.024,-0.2,-0.024,0.224,0.6,0.6,0.224
325,3,0.376,0.388,0.8,0.388,0.424,0.588,0.5,0.212
326,3,0.576,0.8,1.0,0.8,0.624,0.576,0.4,0.2
327,,0.376,0.6,0.8,0.6,0.424,0.376,0.2,0.0
328,,0.176,0.4,0.6,0.4,0.224,0.176,0.0,-0.2
329,8,0.588,0.6,0.588,0.3,0.212,0.376,0.412,0.8
330,8,1.0,0.8,0.576,0.2,0.2,0.576,0.824,1.0
331,,0.8,0.6,0.376,0.0,0.0,0.376,0.624,0.8
332,,0.6,0.4,0.176,-0.2,-0.2,0.176,0.424,0.6
333,4,0.588,0.6,0.588,0.8,0.212,0.376,0.412,0.5
334,4,0.576,0.8,1.0,1.0,0.624,0.576,0.4,0.4
335,,0.376,0.6,0.8,0.8,0.424,0.376,0.2,0.2
336,,0.176,0.4,0.6,0.6,0.224,0.176,0.0,0.0
337,,-0.024,0.2,0.4,0.4,0.024,-0.024,-0.2,-0.2
338,8,0.388,0.4,0.388,0.3,0.012,0.176,0.212,0.8
339,8,0.8,0.6,0.376,0.2,0.0,0.376,0.624,1.0
340,,0.6,0.4,0.176,0.0,-0.2,0.176,0.424,0.8
341,5,0.5,0.388,0.376,0.412,0.8,0.588,0.624,0.788
342,5,0.4,0.376,0.576,0.824,1.0,1.0,0.824,0.776
343,,0.2,0.176,0.376,0.624,0.8,0.8,0.624,0.576
344,,0.0,-0.024,0.176,0.424,0.6,0.6,0.424,0.376
345,2,0.412,0.976,0.588,0.624,0.588,0.5,0.412,0.576
346,2,0.824,1.0,1.0,0.824,0.576,0.4,0.4,0.776
347,,0.624,0.8,0.8,0.624,0.376,0.2,0.2,0.576
348,,0.424,0.6,0.6,0.424,0.176,0.0,0.0,0.376
349,,0.224,0.4,0.4,0.224,-0.024,-0.2,-0.2,0.176
350,6,0.212,0.3,0.388,0.424,0.388,0.8,0.212,0.376
351,6,0.2,0.2,0.376,0.624,0.8,1.0,0.624,0.576
352,,0.0,0.0,0.176,0.424,0.6,0.8,0.424,0.376
353,,-0.2,-0.2,-0.024,0.224,0.4,0.6,0.224,0.176
354,2,0.212,0.8,0.388,0.424,0.388,0.5,0.212,0.376
355,2,0.624,1.0,0.8,0.624,0.376,0.4,0.2,0.576
356,,0.424,0.8,0.6,0.424,0.176,0.2,0.0,0.376
357,,0.224,0.6,0.4,0.224,-0.024,0.0,-0.2,0.176
358,7,0.424,0.588,0.3,0.212,0.176,0.412,0.8,0.588
359,7,0.624,0.576,0.2,0.2,0.376,0.824,1.0,1.0
360,,0.424,0.376,0.0,0.0,0.176,0.624,0.8,0.8
361,,0.224,0.176,-0.2,-0.2,-0.024,0.424,0.6,0.6
362,4,0.212,0.376,0.212,0.8,0.388,0.624,0.588,0.5
363,4,0.2,0.576,0.624,1.0,0.8,0.824,0.576,0.4
364,,0.0,0.376,0.424,0.8,0.6,0.624,0.376,0.2
365,,-0.2,0.176,0.224,0.6,0.4,0.424,0.176,0.0
366,1,0.8,0.588,0.424,0.588,0.3,0.412,0.376,0.412
367,1,1.0,1.0,0.624,0.576,0.2,0.4,0.576,0.824
368,,0.8,0.8,0.424,0.376,0.0,0.2,0.376,0.624
369,,0.6,0.6,0.224,0.176,-0.2,0.0,0.176,0.424
370,5,0.5,0.588,0.424,0.588,0.8,0.412,0.376,0.412
371,5,0.4,0.576,0.624,1.0,1.0,0.824,0.576,0.4
372,,0.2,0.376,0.424,0.8,0.8,0.624,0.376,0.2
373,,0.0,0.176,0.224,0.6,0.6,0.424,0.176,0.0
374,,-0.2,-0.024,0.024,0.4,0.4,0.224,-0.024,-0.2
375,8,0.212,0.176,0.012,0.3,0.388,0.424,0.388,0.8
376,8,0.624,0.376,0.0,0.2,0.376,0.624,0.8,1.0
377,,0.424,0.176,-0.2,0.0,0.176,0.424,0.6,0.8
378,3,0.624,0.588,0.8,0.412,0.376,0.412,0.5,0.788
379,3,0.824,1.0,1.0,0.824,0.576,0.4,0.4,0.776
380,,0.624,0.8,0.8,0.624,0.376,0.2,0.2,0.576
381,,0.424,0.6,0.6,0.424,0.176,0.0,0.0,0.376
382,,0.224,0.4,0.4,0.224,-0.024,-0.2,-0.2,0.176
383,6,0.212,0.3,0.388,0.424,0.388,0.8,0.212,0.376
384,6,0.2,0.2,0.376,0.624,0.8,1.0,0.624,0.576
385,,0.0,0.0,0.176,0.424,0.6,0.8,0.424,0.376
386,,-0.2,-0.2,-0.024,0.224,0.4,0.6,0.224,0.176
387,1,0.8,0.212,0.176,0.212,0.3,0.588,0.424,0.588
388,1,1.0,0.624,0.376,0.2,0.2,0.576,0.624,1.0
389,,0.8,0.424,0.176,0.0,0.0,0.376,0.424,0.8
390,,0.6,0.224,-0.024,-0.2,-0.2,0.176,0.224,0.6
391,5,0.5,0.212,0.176,0.212,0.8,0.588,0.424,0.588
392,5,0.4,0.2,0.376,0.624,1.0,1.0,0.624,0.576
393,,0.2,0.0,0.176,0.424,0.8,0.8,0.424,0.376
394,,0.0,-0.2,-0.024,0.224,0.6,0.6,0.224,0.176
395,2,0.412,0.8,0.388,0.424,0.588,0.5,0.212,0.376
396,2,0.824,1.0,0.8,0.624,0.576,0.4,0.2,0.576
397,,0.624,0.8,0.6,0.424,0.376,0.2,0.0,0.376
398,,0.424,0.6,0.4,0.224,0.176,0.0,-0.2,0.176
399,7,0.624,0.588,0.3,0.212,0.376,0.412,0.8,0.588
400,7,0.824,0.576,0.2,0.2,0.576,0.824,1.0,1.0
401,,0.624,0.376,0.0,0.0,0.376,0.624,0.8,0.8
402,,0.424,0.176,-0.2,-0.2,0.176,0.424,0.6,0.6
403,3,0.624,0.588,0.8,0.212,0.376,0.412,0.5,0.588
404,3,0.824,1.0,1.0,0.624,0.576,0.4,0.4,0.576
405,,0.624,0.8,0.8,0.424,0.376,0.2,0.2,0.376
406,,0.424,0.6,0.6,0.224,0.176,0.0,0.0,0.176
407,,0.224,0.4,0.4,0.024,-0.024,-0.2,-0.2,-0.024
408,6,0.212,0.3,0.388,0.224,0.388,0.8,0.212,0.176
409,6,0.2,0.2,0.376,0.424,0.8,1.0,0.624,0.376
410,,0.0,0.0,0.176,0.224,0.6,0.8,0.424,0.176
411,,-0.2,-0.2,-0.024,0.024,0.4,0.6,0.224,-0.024
412,1,0.8,0.212,0.176,0.012,0.3,0.588,0.424,0.388
413,1,1.0,0.624,0.376,0.0,0.2,0.576,0.624,0.8
414,,0.8,0.424,0.176,-0.2,0.0,0.376,0.424,0.6
415,4,0.788,0.624,0.588,0.8,0.412,0.576,0.412,0.5
416,4,0.776,0.824,1.0,1.0,0.824,0.776,0.4,0.4
417,,0.576,0.624,0.8,0.8,0.624,0.576,0.2,0.2
418,,0.376,0.424,0.6,0.6,0.424,0.376,0.0,0.0
419,,0.176,0.224,0.4,0.4,0.224,0.176,-0.2,-0.2
420,8,0.588,0.424,0.388,0.3,0.212,0.376,0.212,0.8
421,8,1.0,0.624,0.376,0.2,0.2,0.576,0.624,1.0
422,,0.8,0.424,0.176,0.0,0.0,0.376,0.424,0.8
423,,0.6,0.224,-0.024,-0.2,-0.2,0.176,0.224,0.6
424,5,0.5,0.212,0.176,0.212,0.8,0.588,0.424,0.588
425,5,0.4,0.2,0.376,0.624,1.0,1.0,0.624,0.576
426,,0.2,0.0,0.176,0.424,0.8,0.8,0.424,0.376
427,,0.0,-0.2,-0.024,0.224,0.6,0.6,0.224,0.176
428,2,0.412,0.8,0.388,0.424,0.588,0.5,0.212,0.376
429,2,0.824,1.0,0.8,0.624,0.576,0.4,0.2,0.576
430,,0.624,0.8,0.6,0.424,0.376,0.2,0.0,0.376
431,,0.424,0.6,0.4,0.224,0.176,0.0,-0.2,0.176
432,7,0.624,0.588,0.3,0.212,0.376,0.412,0.8,0.588
433,7,0.824,0.576,0.2,0.2,0.576,0.824,1.0,1.0
434,,0.624,0.376,0.0,0.0,0.376,0.624,0.8,0.8
435,,0.424,0.176,-0.2,-0.2,0.176,0.424,0.6,0.6
436,3,0.624,0.588,0.8,0.212,0.376,0.412,0.5,0.588
437,3,0.824,1.0,1.0,0.624,0.576,0.4,0.4,0.576
438,,0.624,0.8,0.8,0.424,0.376,0.2,0.2,0.376
439,,0.424,0.6,0.6,0.224,0.176,0.0,0.0,0.176
440,,0.224,0.4,0.4,0.024,-0.024,-0.2,-0.2,-0.024
441,7,0.424,0.388,0.3,0.012,0.176,0.212,0.8,0.388
442,7,0.624,0.376,0.2,0.0,0.376,0.624,1.0,0.8
443,,0.424,0.176,0.0,-0.2,0.176,0.424,0.8,0.6
444,4,0.412,0.376,0.412,0.8,0.588,0.624,0.788,0.5
445,4,0.4,0.576,0.824,1.0,1.0,0.824,0.776,0.4
446,,0.2,0.376,0.624,0.8,0.8,0.624,0.576,0.2
447,,0.0,0.176,0.424,0.6,0.6,0.424,0.376,0.0
448,,-0.2,-0.024,0.224,0.4,0.4,0.224,0.176,-0.2
449,1,0.8,0.388,0.424,0.388,0.3,0.212,0.376,0.212
450,1,1.0,0.8,0.624,0.376,0.2,0.2,0.576,0.624
451,,0.8,0.6,0.424,0.176,0.0,0.0,0.376,0.424
452,,0.6,0.4,0.224,-0.024,-0.2,-0.2,0.176,0.224
453,5,0.5,0.388,0.424,0.388,0.8,0.212,0.376,0.212
454,5,0.4,0.376,0.624,0.8,1.0,0.624,0.576,0.2
455,,0.2,0.176,0.424,0.6,0.8,0.424,0.376,0.0
456,,0.0,-0.024,0.224,0.4,0.6,0.224,0.176,-0.2
457,8,0.412,0.176,0.212,0.3,0.588,0.424,0.588,0.8
458,8,0.824,0.376,0.2,0.2,0.576,0.624,1.0,1.0
459,,0.624,0.176,0.0,0.0,0.376,0.424,0.8,0.8
460,,0.424,-0.024,-0.2,-0.2,0.176,0.224,0.6,0.6
461,3,0.624,0.388,0.8,0.212,0.376,0.212,0.5,0.588
462,3,0.824,0.8,1.0,0.624,0.576,0.2,0.4,0.576
463,,0.624,0.6,0.8,0.424,0.376,0.0,0.2,0.376
464,,0.424,0.4,0.6,0.224,0.176,-0.2,0.0,0.176
465,6,0.412,0.3,0.588,0.424,0.588,0.8,0.412,0.376
466,6,0.4,0.2,0.576,0.624,1.0,1.0,0.824,0.576
467,,0.2,0.0,0.376,0.424,0.8,0.8,0.624,0.376
468,,0.0,-0.2,0.176,0.224,0.6,0.6,0.424,0.176
469,2,0.412,0.8,0.588,0.424,0.588,0.5,0.412,0.376
470,2,0.824,1.0,1.0,0.624,0.576,0.4,0.4,0.576
471,,0.624,0.8,0.8,0.424,0.376,0.2,0.2,0.376
472,,0.424,0.6,0.6,0.224,0.176,0.0,0.0,0.176
473,,0.224,0.4,0.4,0.024,-0.024,-0.2,-0.2,-0.024
474,6,0.212,0.3,0.388,0.224,0.388,0.8,0.212,0.176
475,6,0.2,0.2,0.376,0.424,0.8,1.0,0.624,0.376
476,,0.0,0.0,0.176,0.224,0.6,0.8,0.424,0.176
477,,-0.2,-0.2,-0.024,0.024,0.4,0.6,0.224,-0.024
478,2,0.212,0.8,0.388,0.224,0.388,0.5,0.212,0.176
479,2,0.624,1.0,0.8,0.424,0.376,0.4,0.2,0.376
480,,0.424,0.8,0.6,0.224,0.176,0.2,0.0,0.176
481,,0.224,0.6,0.4,0.024,-0.024,0.0,-0.2,-0.024
482,7,0.424,0.588,0.3,0.012,0.176,0.412,0.8,0.388
483,7,0.624,0.576,0.2,0.0,0.376,0.824,1.0,0.8
484,,0.424,0.376,0.0,-0.2,0.176,0.624,0.8,0.6
485,4,0.412,0.576,0.412,0.8,0.588,0.824,0.788,0.5
486,4,0.4,0.776,0.824,1.0,1.0,1.0,0.776,0.4
487,,0.2,0.576,0.624,0.8,0.8,0.8,0.576,0.2
488,,0.0,0.376,0.424,0.6,0.6,0.6,0.376,0.0
489,,-0.2,0.176,0.224,0.4,0.4,0.4,0.176,-0.2
490,8,0.212,0.376,0.212,0.3,0.388,0.6,0.588,0.8
491,8,0.624,0.576,0.2,0.2,0.376,0.8,1.0,1.0
492,,0.424,0.376,0.0,0.0,0.176,0.6,0.8,0.8
493,,0.224,0.176,-0.2,-0.2,-0.024,0.4,0.6,0.6
494,4,0.212,0.376,0.212,0.8,0.388,0.6,0.588,0.5
495,4,0.2,0.576,0.624,1.0,0.8,0.8,0.576,0.4
496,,0.0,0.376,0.424,0.8,0.6,0.6,0.376,0.2
497,,-0.2,0.176,0.224,0.6,0.4,0.4,0.176,0.0
498,1,0.8,0.588,0.424,0.588,0.3,0.388,0.376,0.412
499,1,1.0,1.0,0.624,0.576,0.2,0.376,0.576,0.824
500,,0.8,0.8,0.424,0.376,0.0,0.176,0.376,0.624
501,,0.6,0.6,0.224,0.176,-0.2,-0.024,0.176,0.424
502,5,0.5,0.588,0.424,0.588,0.8,0.388,0.376,0.412
503,5,0.4,0.576,0.624,1.0,1.0,0.8,0.576,0.4
504,,0.2,0.376,0.424,0.8,0.8,0.6,0.376,0.2
505,,0.0,0.176,0.224,0.6,0.6,0.4,0.176,0.0
506,,-0.2,-0.024,0.024,0.4,0.4,0.2,-0.024,-0.2
507,1,0.8,0.388,0.224,0.388,0.3,0.188,0.176,0.212
508,1,1.0,0.8,0.424,0.376,0.2,0.176,0.376,0.624
509,,0.8,0.6,0.224,0.176,0.0,-0.024,0.176,0.424
510,6,0.788,0.5,0.212,0.376,0.412,0.976,0.588,0.624
511,6,0.776,0.4,0.2,0.576,0.824,1.0,1.0,0.824
512,,0.576,0.2,0.0,0.376,0.624,0.8,0.8,0.624
513,,0.376,0.0,-0.2,0.176,0.424,0.6,0.6,0.424
514,3,0.576,0.412,0.8,0.588,0.624,0.588,0.5,0.412
515,3,0.776,0.824,1.0,1.0,0.824,0.576,0.4,0.4
516,,0.576,0.624,0.8,0.8,0.624,0.376,0.2,0.2
517,,0.376,0.424,0.6,0.6,0.424,0.176,0.0,0.0
518,,0.176,0.224,0.4,0.4,0.224,-0.024,-0.2,-0.2
519,7,0.376,0.212,0.3,0.388,0.424,0.388,0.8,0.212
520,7,0.576,0.2,0.2,0.376,0.624,0.8,1.0,0.624
521,,0.376,0.0,0.0,0.176,0.424,0.6,0.8,0.424
522,,0.176,-0.2,-0.2,-0.024,0.224,0.4,0.6,0.224
523,2,0.588,0.8,0.212,0.176,0.212,0.3,0.588,0.424
524,2,1.0,1.0,0.624,0.376,0.2,0.2,0.576,0.624
525,,0.8,0.8,0.424,0.176,0.0,0.0,0.376,0.424
526,,0.6,0.6,0.224,-0.024,-0.2,-0.2,0.176,0.224
527,6,0.588,0.5,0.212,0.176,0.212,0.8,0.588,0.424
528,6,0.576,0.4,0.2,0.376,0.624,1.0,1.0,0.624
529,,0.376,0.2,0.0,0.176,0.424,0.8,0.8,0.424
530,,0.176,0.0,-0.2,-0.024,0.224,0.6,0.6,0.224
531,3,0.376,0.412,0.8,0.388,0.424,0.588,0.5,0.212
532,3,0.576,0.824,1.0,0.8,0.624,0.576,0.4,0.2
533,,0.376,0.624,0.8,0.6,0.424,0.376,0.2,0.0
534,,0.176,0.424,0.6,0.4,0.224,0.176,0.0,-0.2
535,8,0.588,0.624,0.588,0.3,0.212,0.376,0.412,0.8
536,8,1.0,0.824,0.576,0.2,0.2,0.576,0.824,1.0
537,,0.8,0.624,0.376,0.0,0.0,0.376,0.624,0.8
538,,0.6,0.424,0.176,-0.2,-0.2,0.176,0.424,0.6
539,4,0.588,0.624,0.588,0.8,0.212,0.376,0.412,0.5
540,4,0.576,0.824,1.0,1.0,0.624,0.576,0.4,0.4
541,,0.376,0.624,0.8,0.8,0.424,0.376,0.2,0.2
542,,0.176,0.424,0.6,0.6,0.224,0.176,0.0,0.0
543,,-0.024,0.224,0.4,0.4,0.024,-0.024,-0.2,-0.2
544,8,0.388,0.424,0.388,0.3,0.012,0.176,0.212,0.8
545,8,0.8,0.624,0.376,0.2,0.0,0.376,0.624,1.0
546,,0.6,0.424,0.176,0.0,-0.2,0.176,0.424,0.8
547,5,0.5,0.412,0.376,0.412,0.8,0.588,0.624,0.788
548,5,0.4,0.4,0.576,0.824,1.0,1.0,0.824,0.776
549,,0.2,0.2,0.376,0.624,0.8,0.8,0.624,0.576
550,,0.0,0.0,0.176,0.424,0.6,0.6,0.424,0.376
551,,-0.2,-0.2,-0.024,0.224,0.4,0.4,0.224,0.176
552,2,0.212,0.8,0.388,0.424,0.388,0.3,0.212,0.376
553,2,0.624,1.0,0.8,0.624,0.376,0.2,0.2,0.576
554,,0.424,0.8,0.6,0.424,0.176,0.0,0.0,0.376
555,,0.224,0.6,0.4,0.224,-0.024,-0.2,-0.2,0.176
556,7,0.424,0.588,0.3,0.212,0.176,0.212,0.8,0.588
557,7,0.624,0.576,0.2,0.2,0.376,0.624,1.0,1.0
558,,0.424,0.376,0.0,0.0,0.176,0.424,0.8,0.8
559,,0.224,0.176,-0.2,-0.2,-0.024,0.224,0.6,0.6
560,4,0.212,0.376,0.212,0.8,0.388,0.424,0.588,0.5
561,4,0.2,0.576,0.624,1.0,0.8,0.624,0.576,0.4
562,,0.0,0.376,0.424,0.8,0.6,0.424,0.376,0.2
563,,-0.2,0.176,0.224,0.6,0.4,0.224,0.176,0.0
564,1,0.8,0.588,0.424,0.588,0.3,0.212,0.376,0.412
565,1,1.0,1.0,0.624,0.576,0.2,0.2,0.576,0.824
566,,0.8,0.8,0.424,0.376,0.0,0.0,0.376,0.624
567,,0.6,0.6,0.224,0.176,-0.2,-0.2,0.176,0.424
568,6,0.588,0.5,0.212,0.376,0.212,0.8,0.588,0.624
569,6,0.576,0.4,0.2,0.576,0.624,1.0,1.0,0.824
570,,0.376,0.2,0.0,0.376,0.424,0.8,0.8,0.624
571,,0.176,0.0,-0.2,0.176,0.224,0.6,0.6,0.424
572,3,0.376,0.412,0.8,0.588,0.424,0.588,0.5,0.412
573,3,0.576,0.824,1.0,1.0,0.624,0.576,0.4,0.4
574,,0.376,0.624,0.8,0.8,0.424,0.376,0.2,0.2
575,,0.176,0.424,0.6,0.6,0.224,0.176,0.0,0.0
576,,-0.024,0.224,0.4,0.4,0.024,-0.024,-0.2,-0.2
577,8,0.388,0.424,0.388,0.3,0.012,0.176,0.212,0.8
578,8,0.8,0.624,0.376,0.2,0.0,0.376,0.624,1.0
579,,0.6,0.424,0.176,0.0,-0.2,0.176,0.424,0.8
580,5,0.5,0.412,0.376,0.412,0.8,0.588,0.624,0.788
581,5,0.4,0.4,0.576,0.824,1.0,1.0,0.824,0.776
582,,0.2,0.2,0.376,0.624,0.8,0.8,0.624,0.576
583,,0.0,0.0,0.176,0.424,0.6,0.6,0.424,0.376
584,,-0.2,-0.2,-0.024,0.224,0.4,0.4,0.224,0.176
585,1,0.8,0.212,0.176,0.212,0.3,0.388,0.424,0.588
586,1,1.0,0.624,0.376,0.2,0.2,0.376,0.624,1.0
587,,0.8,0.424,0.176,0.0,0.0,0.176,0.424,0.8
588,,0.6,0.224,-0.024,-0.2,-0.2,-0.024,0.224,0.6
589,4,0.588,0.424,0.388,0.8,0.212,0.176,0.212,0.5
590,4,0.576,0.624,0.8,1.0,0.624,0.376,0.2,0.4
591,,0.376,0.424,0.6,0.8,0.424,0.176,0.0,0.2
592,,0.176,0.224,0.4,0.6,0.224,-0.024,-0.2,0.0
593,7,0.376,0.212,0.3,0.588,0.424,0.388,0.8,0.412
594,7,0.576,0.2,0.2,0.576,0.624,0.8,1.0,0.824
595,,0.376,0.0,0.0,0.376,0.424,0.6,0.8,0.624
596,,0.176,-0.2,-0.2,0.176,0.224,0.4,0.6,0.424
597,3,0.376,0.212,0.8,0.588,0.424,0.388,0.5,0.412
598,3,0.576,0.624,1.0,1.0,0.624,0.376,0.4,0.4
599,,0.376,0.424,0.8,0.8,0.424,0.176,0.2,0.2
600,,0.176,0.224,0.6,0.6,0.224,-0.024,0.0,0.0
601,6,0.164,0.124,0.588,0.8,0.636,0.976,0.412,0.2
602,6,0.152,0.024,0.576,1.0,1.0,1.0,0.824,0.4
603,,-0.048,-0.176,0.376,0.8,0.8,0.8,0.624,0.2
604,2,0.364,0.824,0.788,1.0,0.788,0.7,0.612,0.4
605,2,0.776,1.0,1.0,1.0,0.776,0.6,0.6,0.6
606,,0.576,0.8,0.8,0.8,0.576,0.4,0.4,0.4
607,,0.376,0.6,0.6,0.6,0.376,0.2,0.2,0.2
608,,0.176,0.4,0.4,0.4,0.176,0.0,0.0,0.0
609,,-0.024,0.2,0.2,0.2,-0.024,-0.2,-0.2,-0.2
610,7,0.176,0.188,0.1,0.188,0.176,0.212,0.8,0.212
611,7,0.376,0.176,0.0,0.176,0.376,0.624,1.0,0.624
612,,0.176,-0.024,-0.2,-0.024,0.176,0.424,0.8,0.424
613,3,0.376,0.388,0.8,0.388,0.376,0.412,0.7,0.412
614,3,0.576,0.8,1.0,0.8,0.576,0.4,0.6,0.4
615,,0.376,0.6,0.8,0.6,0.376,0.2,0.4,0.2
616,,0.176,0.4,0.6,0.4,0.176,0.0,0.2,0.0
617,,-0.024,0.2,0.4,0.2,-0.024,-0.2,0.0,-0.2
618,6,-0.036,0.1,0.388,0.4,0.388,0.8,0.412,0.0
619,6,-0.048,0.0,0.376,0.6,0.8,1.0,0.824,0.2
620,1,0.952,0.412,0.576,0.588,0.7,0.988,1.0,0.612
621,1,1.0,0.824,0.776,0.576,0.6,0.976,1.0,1.0
622,,0.8,0.624,0.576,0.376,0.4,0.776,0.8,0.8
623,,0.6,0.424,0.376,0.176,0.2,0.576,0.6,0.6
624,,0.4,0.224,0.176,-0.024,0.0,0.376,0.4,0.4
625,4,0.388,0.424,0.588,0.976,0.412,0.576,0.388,0.3
626,4,0.376,0.624,1.0,1.0,0.824,0.776,0.376,0.2
627,,0.176,0.424,0.8,0.8,0.624,0.576,0.176,0.0
628,,-0.024,0.224,0.6,0.6,0.424,0.376,-0.024,-0.2
629,8,0.388,0.424,0.588,0.5,0.412,0.576,0.388,0.8
630,8,0.8,0.624,0.576,0.4,0.4,0.776,0.8,1.0
631,,0.6,0.424,0.376,0.2,0.2,0.576,0.6,0.8
632,,0.4,0.224,0.176,0.0,0.0,0.376,0.4,0.6
633,,0.2,0.024,-0.024,-0.2,-0.2,0.176,0.2,0.4
634,5,0.1,0.012,0.176,0.212,0.8,0.588,0.4,0.388
635,5,0.0,0.0,0.376,0.624,1.0,1.0,0.6,0.376
636,,-0.2,-0.2,0.176,0.424,0.8,0.8,0.4,0.176
637,2,0.212,0.8,0.588,0.624,0.788,0.7,0.388,0.376
638,2,0.624,1.0,1.0,0.824,0.776,0.6,0.376,0.576
639,,0.424,0.8,0.8,0.624,0.576,0.4,0.176,0.376
640,,0.224,0.6,0.6,0.424,0.376,0.2,-0.024,0.176
641,7,0.424,0.588,0.5,0.412,0.576,0.612,0.976,0.588
642,7,0.624,0.576,0.4,0.4,0.776,1.0,1.0,1.0
643,,0.424,0.376,0.2,0.2,0.576,0.8,0.8,0.8
644,,0.224,0.176,0.0,0.0,0.376,0.6,0.6,0.6
645,,0.024,-0.024,-0.2,-0.2,0.176,0.4,0.4,0.4
646,3,0.224,0.388,0.8,0.212,0.376,0.388,0.3,0.388
647,3,0.424,0.8,1.0,0.624,0.576,0.376,0.2,0.376
648,,0.224,0.6,0.8,0.424,0.376,0.176,0.0,0.176
649,,0.024,0.4,0.6,0.224,0.176,-0.024,-0.2,-0.024
650,7,0.224,0.388,0.5,0.212,0.376,0.388,0.8,0.388
651,7,0.424,0.376,0.4,0.2,0.576,0.8,1.0,0.8
652,,0.224,0.176,0.2,0.0,0.376,0.6,0.8,0.6
653,,0.024,-0.024,0.0,-0.2,0.176,0.4,0.6,0.4
654,4,0.012,0.176,0.412,0.8,0.588,0.6,0.588,0.3
655,4,0.0,0.376,0.824,1.0,1.0,0.8,0.576,0.2
656,,-0.2,0.176,0.624,0.8,0.8,0.6,0.376,0.0
657,1,0.8,0.588,0.824,0.788,0.7,0.588,0.576,0.412
658,1,1.0,1.0,1.0,0.776,0.6,0.576,0.776,0.824
659,,0.8,0.8,0.8,0.576,0.4,0.376,0.576,0.624
660,,0.6,0.6,0.6,0.376,0.2,0.176,0.376,0.424
661,,0.4,0.4,0.4,0.176,0.0,-0.024,0.176,0.224
662,6,0.388,0.3,0.388,0.376,0.412,0.976,0.588,0.424
663,6,0.376,0.2,0.376,0.576,0.824,1.0,1.0,0.624
664,,0.176,0.0,0.176,0.376,0.624,0.8,0.8,0.424
665,,-0.024,-0.2,-0.024,0.176,0.424,0.6,0.6,0.224
666,2,0.388,0.8,0.388,0.376,0.412,0.5,0.588,0.424
667,2,0.8,1.0,0.8,0.576,0.4,0.4,0.576,0.624
668,,0.6,0.8,0.6,0.376,0.2,0.2,0.376,0.424
669,,0.4,0.6,0.4,0.176,0.0,0.0,0.176,0.224
670,,0.2,0.4,0.2,-0.024,-0.2,-0.2,-0.024,0.024
671,6,0.188,0.3,0.188,0.176,0.212,0.8,0.388,0.224
672,6,0.176,0.2,0.176,0.376,0.624,1.0,0.8,0.424
673,,-0.024,0.0,-0.024,0.176,0.424,0.8,0.6,0.224
674,3,0.176,0.412,0.976,0.588,0.624,0.788,0.5,0.212
675,3,0.376,0.824,1.0,1.0,0.824,0.776,0.4,0.2
676,,0.176,0.624,0.8,0.8,0.624,0.576,0.2,0.0
677,,-0.024,0.424,0.6,0.6,0.424,0.376,0.0,-0.2
678,8,0.388,0.624,0.588,0.5,0.412,0.576,0.412,0.8
679,8,0.8,0.824,0.576,0.4,0.4,0.776,0.824,1.0
680,,0.6,0.624,0.376,0.2,0.2,0.576,0.624,0.8
681,,0.4,0.424,0.176,0.0,0.0,0.376,0.424,0.6
682,,0.2,0.224,-0.024,-0.2,-0.2,0.176,0.224,0.4
683,5,0.1,0.212,0.176,0.212,0.8,0.588,0.424,0.388
684,5,0.0,0.2,0.376,0.624,1.0,1.0,0.624,0.376
685,,-0.2,0.0,0.176,0.424,0.8,0.8,0.424,0.176
686,1,0.8,0.412,0.376,0.412,0.7,0.788,0.624,0.588
687,1,1.0,0.824,0.576,0.4,0.6,0.776,0.824,1.0
688,,0.8,0.624,0.376,0.2,0.4,0.576,0.624,0.8
689,,0.6,0.424,0.176,0.0,0.2,0.376,0.424,0.6
690,,0.4,0.224,-0.024,-0.2,0.0,0.176,0.224,0.4
691,4,0.388,0.424,0.388,0.8,0.412,0.376,0.212,0.3
692,4,0.376,0.624,0.8,1.0,0.824,0.576,0.2,0.2
693,,0.176,0.424,0.6,0.8,0.624,0.376,0.0,0.0
694,,-0.024,0.224,0.4,0.6,0.424,0.176,-0.2,-0.2
695,7,0.176,0.212,0.3,0.588,0.624,0.588,0.8,0.212
696,7,0.376,0.2,0.2,0.576,0.824,1.0,1.0,0.624
697,,0.176,0.0,0.0,0.376,0.624,0.8,0.8,0.424
698,,-0.024,-0.2,-0.2,0.176,0.424,0.6,0.6,0.224
699,2,0.388,0.8,0.212,0.376,0.412,0.5,0.588,0.424
700,2,0.8,1.0,0.624,0.576,0.4,0.4,0.576,0.624
701,,0.6,0.8,0.424,0.376,0.2,0.2,0.376,0.424
702,,0.4,0.6,0.224,0.176,0.0,0.0,0.176,0.224
703,,0.2,0.4,0.024,-0.024,-0.2,-0.2,-0.024,0.024
704,5,0.1,0.388,0.224,0.388,0.8,0.212,0.176,0.012
705,5,0.0,0.376,0.424,0.8,1.0,0.624,0.376,0.0
706,,-0.2,0.176,0.224,0.6,0.8,0.424,0.176,-0.2
707,8,0.212,0.376,0.212,0.5,0.788,0.624,0.588,0.8
708,8,0.624,0.576,0.2,0.4,0.776,0.824,1.0,1.0
709,,0.424,0.376,0.0,0.2,0.576,0.624,0.8,0.8
710,,0.224,0.176,-0.2,0.0,0.376,0.424,0.6,0.6
711,3,0.424,0.588,0.8,0.412,0.576,0.412,0.5,0.588
712,3,0.624,1.0,1.0,0.824,0.776,0.4,0.4,0.576
713,,0.424,0.8,0.8,0.624,0.576,0.2,0.2,0.376
714,,0.224,0.6,0.6,0.424,0.376,0.0,0.0,0.176
715,,0.024,0.4,0.4,0.224,0.176,-0.2,-0.2,-0.024
716,7,0.224,0.388,0.3,0.212,0.376,0.212,0.8,0.388
717,7,0.424,0.376,0.2,0.2,0.576,0.624,1.0,0.8
718,,0.224,0.176,0.0,0.0,0.376,0.424,0.8,0.6
719,,0.024,-0.024,-0.2,-0.2,0.176,0.224,0.6,0.4
720,3,0.224,0.388,0.8,0.212,0.376,0.212,0.5,0.388
721,3,0.424,0.8,1.0,0.624,0.576,0.2,0.4,0.376
722,,0.224,0.6,0.8,0.424,0.376,0.0,0.2,0.176
723,,0.024,0.4,0.6,0.224,0.176,-0.2,0.0,-0.024
724,6,0.012,0.3,0.588,0.424,0.588,0.8,0.412,0.176
725,6,0.0,0.2,0.576,0.624,1.0,1.0,0.824,0.376
726,,-0.2,0.0,0.376,0.424,0.8,0.8,0.624,0.176
727,1,0.8,0.412,0.576,0.412,0.7,0.788,0.824,0.588
728,1,1.0,0.824,0.776,0.4,0.6,0.776,1.0,1.0
729,,0.8,0.624,0.576,0.2,0.4,0.576,0.8,0.8
730,,0.6,0.424,0.376,0.0,0.2,0.376,0.6,0.6
731,,0.4,0.224,0.176,-0.2,0.0,0.176,0.4,0.4
732,4,0.388,0.424,0.588,0.8,0.412,0.376,0.388,0.3
733,4,0.376,0.624,1.0,1.0,0.824,0.576,0.376,0.2
734,,0.176,0.424,0.8,0.8,0.624,0.376,0.176,0.0
735,,-0.024,0.224,0.6,0.6,0.424,0.176,-0.024,-0.2
736,8,0.388,0.424,0.588,0.5,0.412,0.376,0.388,0.8
737,8,0.8,0.624,0.576,0.4,0.4,0.576,0.8,1.0
738,,0.6,0.424,0.376,0.2,0.2,0.376,0.6,0.8
739,,0.4,0.224,0.176,0.0,0.0,0.176,0.4,0.6
740,,0.2,0.024,-0.024,-0.2,-0.2,-0.024,0.2,0.4
741,5,0.1,0.012,0.176,0.212,0.8,0.388,0.4,0.388
742,5,0.0,0.0,0.376,0.624,1.0,0.8,0.6,0.376
743,,-0.2,-0.2,0.176,0.424,0.8,0.6,0.4,0.176
744,2,0.212,0.8,0.588,0.624,0.788,0.5,0.388,0.376
745,2,0.624,1.0,1.0,0.824,0.776,0.4,0.376,0.576
746,,0.424,0.8,0.8,0.624,0.576,0.2,0.176,0.376
747,,0.224,0.6,0.6,0.424,0.376,0.0,-0.024,0.176
748,7,0.424,0.588,0.5,0.412,0.576,0.412,0.976,0.588
749,7,0.624,0.576,0.4,0.4,0.776,0.824,1.0,1.0
750,,0.424,0.376,0.2,0.2,0.576,0.624,0.8,0.8
751,,0.224,0.176,0.0,0.0,0.376,0.424,0.6,0.6
752,,0.024,-0.024,-0.2,-0.2,0.176,0.224,0.4,0.4
753,4,0.012,0.176,0.212,0.8,0.588,0.424,0.388,0.3
754,4,0.0,0.376,0.624,1.0,1.0,0.624,0.376,0.2
755,,-0.2,0.176,0.424,0.8,0.8,0.424,0.176,0.0
756,1,0.8,0.588,0.624,0.788,0.7,0.412,0.376,0.412
757,1,1.0,1.0,0.824,0.776,0.6,0.4,0.576,0.824
758,,0.8,0.8,0.624,0.576,0.4,0.2,0.376,0.624
759,,0.6,0.6,0.424,0.376,0.2,0.0,0.176,0.424
760,,0.4,0.4,0.224,0.176,0.0,-0.2,-0.024,0.224
761,6,0.388,0.3,0.212,0.376,0.412,0.8,0.388,0.424
762,6,0.376,0.2,0.2,0.576,0.824,1.0,0.8,0.624
763,,0.176,0.0,0.0,0.376,0.624,0.8,0.6,0.424
764,,-0.024,-0.2,-0.2,0.176,0.424,0.6,0.4,0.224
765,3,0.176,0.212,0.8,0.588,0.624,0.588,0.3,0.212
766,3,0.376,0.624,1.0,1.0,0.824,0.576,0.2,0.2
767,,0.176,0.424,0.8,0.8,0.624,0.376,0.0,0.0
768,,-0.024,0.224,0.6,0.6,0.424,0.176,-0.2,-0.2
769,8,0.388,0.424,0.588,0.5,0.412,0.376,0.212,0.8
770,8,0.8,0.624,0.576,0.4,0.4,0.576,0.624,1.0
771,,0.6,0.424,0.376,0.2,0.2,0.376,0.424,0.8
772,,0.4,0.224,0.176,0.0,0.0,0.176,0.224,0.6
773,,0.2,0.024,-0.024,-0.2,-0.2,-0.024,0.024,0.4
774,4,0.188,0.224,0.388,0.8,0.212,0.176,0.012,0.3
775,4,0.176,0.424,0.8,1.0,0.624,0.376,0.0,0.2
776,,-0.024,0.224,0.6,0.8,0.424,0.176,-0.2,0.0
777,7,0.176,0.212,0.5,0.788,0.624,0.588,0.8,0.412
778,7,0.376,0.2,0.4,0.776,0.824,1.0,1.0,0.824
779,,0.176,0.0,0.2,0.576,0.624,0.8,0.8,0.624
780,,-0.024,-0.2,0.0,0.376,0.424,0.6,0.6,0.424
781,2,0.388,0.8,0.412,0.576,0.412,0.5,0.588,0.624
782,2,0.8,1.0,0.824,0.776,0.4,0.4,0.576,0.824
783,,0.6,0.8,0.624,0.576,0.2,0.2,0.376,0.624
784,,0.4,0.6,0.424,0.376,0.0,0.0,0.176,0.424
785,,0.2,0.4,0.224,0.176,-0.2,-0.2,-0.024,0.224
786,6,0.188,0.3,0.212,0.376,0.212,0.8,0.388,0.424
787,6,0.176,0.2,0.2,0.576,0.624,1.0,0.8,0.624
788,,-0.024,0.0,0.0,0.376,0.424,0.8,0.6,0.424
789,1,0.976,0.412,0.2,0.364,0.324,0.788,0.8,0.836
790,1,1.0,0.824,0.4,0.352,0.224,0.776,1.0,1.0
791,,0.8,0.624,0.2,0.152,0.024,0.576,0.8,0.8
792,,0.6,0.424,0.0,-0.048,-0.176,0.376,0.6,0.6
793,5,0.5,0.412,0.2,0.364,0.824,0.788,0.8,0.588
794,5,0.4,0.4,0.4,0.776,1.0,1.0,1.0,0.576
795,,0.2,0.2,0.2,0.576,0.8,0.8,0.8,0.376
796,,0.0,0.0,0.0,0.376,0.6,0.6,0.6,0.176
797,,-0.2,-0.2,-0.2,0.176,0.4,0.4,0.4,-0.024
798,1,0.8,0.212,0.0,0.164,0.3,0.388,0.6,0.388
799,1,1.0,0.624,0.2,0.152,0.2,0.376,0.8,0.8
800,,0.8,0.424,0.0,-0.048,0.0,0.176,0.6,0.6
801,4,0.788,0.624,0.412,0.952,0.412,0.376,0.588,0.5
802,4,0.776,0.824,0.824,1.0,0.824,0.576,0.576,0.4
803,,0.576,0.624,0.624,0.8,0.624,0.376,0.376,0.2
804,,0.376,0.424,0.424,0.6,0.424,0.176,0.176,0.0
805,,0.176,0.224,0.224,0.4,0.224,-0.024,-0.024,-0.2
806,8,0.588,0.424,0.212,0.3,0.212,0.176,0.388,0.8
807,8,1.0,0.624,0.2,0.2,0.2,0.376,0.8,1.0
808,,0.8,0.424,0.0,0.0,0.0,0.176,0.6,0.8
809,,0.6,0.224,-0.2,-0.2,-0.2,-0.024,0.4,0.6
810,5,0.5,0.212,0.0,0.212,0.8,0.388,0.6,0.588
811,5,0.4,0.2,0.2,0.624,1.0,0.8,0.8,0.576
812,,0.2,0.0,0.0,0.424,0.8,0.6,0.6,0.376
813,,0.0,-0.2,-0.2,0.224,0.6,0.4,0.4,0.176
814,3,0.2,0.212,0.8,0.636,0.8,0.388,0.3,0.164
815,3,0.4,0.624,1.0,1.0,1.0,0.376,0.2,0.152
816,,0.2,0.424,0.8,0.8,0.8,0.176,0.0,-0.048
817,8,0.612,0.624,0.788,0.7,0.788,0.376,0.412,0.952
818,8,1.0,0.824,0.776,0.6,0.776,0.576,0.824,1.0
819,,0.8,0.624,0.576,0.4,0.576,0.376,0.624,0.8
820,,0.6,0.424,0.376,0.2,0.376,0.176,0.424,0.6
821,,0.4,0.224,0.176,0.0,0.176,-0.024,0.224,0.4
822,6,0.388,0.124,0.164,0.2,0.588,0.976,0.636,0.6
823,6,0.376,0.024,0.152,0.4,1.0,1.0,1.0,0.8
824,,0.176,-0.176,-0.048,0.2,0.8,0.8,0.8,0.6
825,2,0.588,0.824,0.364,0.4,0.788,0.7,0.788,0.8
826,2,1.0,1.0,0.776,0.6,0.776,0.6,0.776,1.0
827,,0.8,0.8,0.576,0.4,0.576,0.4,0.576,0.8
828,,0.6,0.6,0.376,0.2,0.376,0.2,0.376,0.6
829,,0.4,0.4,0.176,0.0,0.176,0.0,0.176,0.4
830,,0.2,0.2,-0.024,-0.2,-0.024,-0.2,-0.024,0.2
831,4,0.188,0.4,0.388,0.8,0.388,0.0,-0.036,0.1
832,4,0.176,0.6,0.8,1.0,0.8,0.2,-0.048,0.0
833,7,0.376,0.588,0.7,0.988,1.0,0.612,0.952,0.412
834,7,0.576,0.576,0.6,0.976,1.0,1.0,1.0,0.824
835,,0.376,0.376,0.4,0.776,0.8,0.8,0.8,0.624
836,,0.176,0.176,0.2,0.576,0.6,0.6,0.6,0.424
837,,-0.024,-0.024,0.0,0.376,0.4,0.4,0.4,0.224
838,2,0.388,0.976,0.412,0.576,0.388,0.3,0.388,0.424
839,2,0.8,1.0,0.824,0.776,0.376,0.2,0.376,0.624
840,,0.6,0.8,0.624,0.576,0.176,0.0,0.176,0.424
841,,0.4,0.6,0.424,0.376,-0.024,-0.2,-0.024,0.224
842,6,0.388,0.5,0.412,0.576,0.388,0.8,0.388,0.424
843,6,0.376,0.4,0.4,0.776,0.8,1.0,0.8,0.624
844,,0.176,0.2,0.2,0.576,0.6,0.8,0.6,0.424
845,,-0.024,0.0,0.0,0.376,0.4,0.6,0.4,0.224
846,1,0.976,0.412,0.2,0.364,0.3,0.588,0.6,0.636
847,1,1.0,0.824,0.4,0.352,0.2,0.576,0.8,1.0
848,,0.8,0.624,0.2,0.152,0.0,0.376,0.6,0.8
849,,0.6,0.424,0.0,-0.048,-0.2,0.176,0.4,0.6
850,5,0.5,0.412,0.2,0.364,0.8,0.588,0.6,0.588
851,5,0.4,0.4,0.4,0.776,1.0,1.0,0.8,0.576
852,,0.2,0.2,0.2,0.576,0.8,0.8,0.6,0.376
