step,active_motive,motive_1,motive_2,motive_3,motive_4,motive_5,motive_6,motive_7,motive_8
0,,0.99005,0.14008,0.51833,0.87737,0.74077,0.69702,0.70248,0.35949
1,,0.94005,0.09008,0.46833,0.82737,0.69077,0.64702,0.65248,0.30949
2,,0.89005,0.04008,0.41833,0.77737,0.64077,0.59702,0.60248,0.25949
3,,0.84005,-0.00992,0.36833,0.72737,0.59077,0.54702,0.55248,0.20949
4,2,1.0,0.99008,0.78933,1.0,0.86977,0.79702,0.83148,0.55949
5,2,1.0,1.0,1.0,1.0,1.0,1.0,1.0,0.90949
6,,0.95,0.95,0.95,0.95,0.95,0.95,0.95,0.85949
7,,0.9,0.9,0.9,0.9,0.9,0.9,0.9,0.80949
8,,0.85,0.85,0.85,0.85,0.85,0.85,0.85,0.75949
9,,0.8,0.8,0.8,0.8,0.8,0.8,0.8,0.70949
10,,0.75,0.75,0.75,0.75,0.75,0.75,0.75,0.65949
11,,0.7,0.7,0.7,0.7,0.7,0.7,0.7,0.60949
12,,0.65,0.65,0.65,0.65,0.65,0.65,0.65,0.55949
13,,0.6,0.6,0.6,0.6,0.6,0.6,0.6,0.50949
14,,0.55,0.55,0.55,0.55,0.55,0.55,0.55,0.45949
15,,0.5,0.5,0.5,0.5,0.5,0.5,0.5,0.40949
16,,0.45,0.45,0.45,0.45,0.45,0.45,0.45,0.35949
17,,0.4,0.4,0.4,0.4,0.4,0.4,0.4,0.30949
18,,0.35,0.35,0.35,0.35,0.35,0.35,0.35,0.25949
19,,0.3,0.3,0.3,0.3,0.3,0.3,0.3,0.20949
20,,0.25,0.25,0.25,0.25,0.25,0.25,0.25,0.15949
21,,0.2,0.2,0.2,0.2,0.2,0.2,0.2,0.10949
22,,0.15,0.15,0.15,0.15,0.15,0.15,0.15,0.05949
23,,0.1,0.1,0.1,0.1,0.1,0.1,0.1,0.00949
24,,0.05,0.05,0.05,0.05,0.05,0.05,0.05,-0.04051
25,8,0.471,0.4,0.329,0.3,0.329,0.4,0.471,0.95949
26,8,0.892,0.75,0.608,0.55,0.608,0.75,0.892,1.0
27,,0.842,0.7,0.558,0.5,0.558,0.7,0.842,0.95
28,,0.792,0.65,0.508,0.45,0.508,0.65,0.792,0.9
29,,0.742,0.6,0.458,0.4,0.458,0.6,0.742,0.85
30,,0.692,0.55,0.408,0.35,0.408,0.55,0.692,0.8
31,,0.642,0.5,0.358,0.3,0.358,0.5,0.642,0.75
32,,0.592,0.45,0.308,0.25,0.308,0.45,0.592,0.7
33,,0.542,0.4,0.258,0.2,0.258,0.4,0.542,0.65
34,,0.492,0.35,0.208,0.15,0.208,0.35,0.492,0.6
35,,0.442,0.3,0.158,0.1,0.158,0.3,0.442,0.55
36,,0.392,0.25,0.108,0.05,0.108,0.25,0.392,0.5
37,,0.342,0.2,0.058,0.0,0.058,0.2,0.342,0.45
38,,0.292,0.15,0.008,-0.05,0.008,0.15,0.292,0.4
39,4,0.571,0.5,0.429,0.95,0.429,0.5,0.571,0.65
40,4,0.85,0.85,0.85,1.0,0.85,0.85,0.85,0.9
41,,0.8,0.8,0.8,0.95,0.8,0.8,0.8,0.85
42,,0.75,0.75,0.75,0.9,0.75,0.75,0.75,0.8
43,,0.7,0.7,0.7,0.85,0.7,0.7,0.7,0.75
44,,0.65,0.65,0.65,0.8,0.65,0.65,0.65,0.7
45,,0.6,0.6,0.6,0.75,0.6,0.6,0.6,0.65
46,,0.55,0.55,0.55,0.7,0.55,0.55,0.55,0.6
47,,0.5,0.5,0.5,0.65,0.5,0.5,0.5,0.55
48,,0.45,0.45,0.45,0.6,0.45,0.45,0.45,0.5
49,,0.4,0.4,0.4,0.55,0.4,0.4,0.4,0.45
50,,0.35,0.35,0.35,0.5,0.35,0.35,0.35,0.4
51,,0.3,0.3,0.3,0.45,0.3,0.3,0.3,0.35
52,,0.25,0.25,0.25,0.4,0.25,0.25,0.25,0.3
53,,0.2,0.2,0.2,0.35,0.2,0.2,0.2,0.25
54,,0.15,0.15,0.15,0.3,0.15,0.15,0.15,0.2
55,,0.1,0.1,0.1,0.25,0.1,0.1,0.1,0.15
56,,0.05,0.05,0.05,0.2,0.05,0.05,0.05,0.1
57,,0.0,0.0,0.0,0.15,0.0,0.0,0.0,0.05
58,,-0.05,-0.05,-0.05,0.1,-0.05,-0.05,-0.05,0.0
59,6,0.229,0.2,0.229,0.45,0.371,0.95,0.371,0.35
60,6,0.508,0.45,0.508,0.8,0.792,1.0,0.792,0.7
61,,0.458,0.4,0.458,0.75,0.742,0.95,0.742,0.65
62,,0.408,0.35,0.408,0.7,0.692,0.9,0.692,0.6
63,,0.358,0.3,0.358,0.65,0.642,0.85,0.642,0.55
64,,0.308,0.25,0.308,0.6,0.592,0.8,0.592,0.5
65,,0.258,0.2,0.258,0.55,0.542,0.75,0.542,0.45
66,,0.208,0.15,0.208,0.5,0.492,0.7,0.492,0.4
67,,0.158,0.1,0.158,0.45,0.442,0.65,0.442,0.35
68,,0.108,0.05,0.108,0.4,0.392,0.6,0.392,0.3
69,,0.058,0.0,0.058,0.35,0.342,0.55,0.342,0.25
70,,0.008,-0.05,0.008,0.3,0.292,0.5,0.292,0.2
71,2,0.429,0.95,0.429,0.65,0.571,0.75,0.571,0.55
72,2,0.85,1.0,0.85,1.0,0.85,1.0,0.85,0.9
73,,0.8,0.95,0.8,0.95,0.8,0.95,0.8,0.85
74,,0.75,0.9,0.75,0.9,0.75,0.9,0.75,0.8
75,,0.7,0.85,0.7,0.85,0.7,0.85,0.7,0.75
76,,0.65,0.8,0.65,0.8,0.65,0.8,0.65,0.7
77,,0.6,0.75,0.6,0.75,0.6,0.75,0.6,0.65
78,,0.55,0.7,0.55,0.7,0.55,0.7,0.55,0.6
79,,0.5,0.65,0.5,0.65,0.5,0.65,0.5,0.55
80,,0.45,0.6,0.45,0.6,0.45,0.6,0.45,0.5
81,,0.4,0.55,0.4,0.55,0.4,0.55,0.4,0.45
82,,0.35,0.5,0.35,0.5,0.35,0.5,0.35,0.4
83,,0.3,0.45,0.3,0.45,0.3,0.45,0.3,0.35
84,,0.25,0.4,0.25,0.4,0.25,0.4,0.25,0.3
85,,0.2,0.35,0.2,0.35,0.2,0.35,0.2,0.25
86,,0.15,0.3,0.15,0.3,0.15,0.3,0.15,0.2
87,,0.1,0.25,0.1,0.25,0.1,0.25,0.1,0.15
88,,0.05,0.2,0.05,0.2,0.05,0.2,0.05,0.1
89,,0.0,0.15,0.0,0.15,0.0,0.15,0.0,0.05
90,,-0.05,0.1,-0.05,0.1,-0.05,0.1,-0.05,0.0
91,3,0.3,0.521,0.95,0.521,0.3,0.379,0.2,0.279
92,3,0.65,0.942,1.0,0.942,0.65,0.658,0.45,0.558
93,,0.6,0.892,0.95,0.892,0.6,0.608,0.4,0.508
94,,0.55,0.842,0.9,0.842,0.55,0.558,0.35,0.458
95,,0.5,0.792,0.85,0.792,0.5,0.508,0.3,0.408
96,,0.45,0.742,0.8,0.742,0.45,0.458,0.25,0.358
97,,0.4,0.692,0.75,0.692,0.4,0.408,0.2,0.308
98,,0.35,0.642,0.7,0.642,0.35,0.358,0.15,0.258
99,,0.3,0.592,0.65,0.592,0.3,0.308,0.1,0.208
100,,0.25,0.542,0.6,0.542,0.25,0.258,0.05,0.158
101,,0.2,0.492,0.55,0.492,0.2,0.208,0.0,0.108
102,,0.15,0.442,0.5,0.442,0.15,0.158,-0.05,0.058
103,7,0.5,0.721,0.75,0.721,0.5,0.579,0.95,0.479
104,7,0.85,1.0,1.0,1.0,0.85,1.0,1.0,0.9
105,,0.8,0.95,0.95,0.95,0.8,0.95,0.95,0.85
106,,0.75,0.9,0.9,0.9,0.75,0.9,0.9,0.8
107,,0.7,0.85,0.85,0.85,0.7,0.85,0.85,0.75
108,,0.65,0.8,0.8,0.8,0.65,0.8,0.8,0.7
109,,0.6,0.75,0.75,0.75,0.6,0.75,0.75,0.65
110,,0.55,0.7,0.7,0.7,0.55,0.7,0.7,0.6
111,,0.5,0.65,0.65,0.65,0.5,0.65,0.65,0.55
112,,0.45,0.6,0.6,0.6,0.45,0.6,0.6,0.5
113,,0.4,0.55,0.55,0.55,0.4,0.55,0.55,0.45
114,,0.35,0.5,0.5,0.5,0.35,0.5,0.5,0.4
115,,0.3,0.45,0.45,0.45,0.3,0.45,0.45,0.35
116,,0.25,0.4,0.4,0.4,0.25,0.4,0.4,0.3
117,,0.2,0.35,0.35,0.35,0.2,0.35,0.35,0.25
118,,0.15,0.3,0.3,0.3,0.15,0.3,0.3,0.2
119,,0.1,0.25,0.25,0.25,0.1,0.25,0.25,0.15
120,,0.05,0.2,0.2,0.2,0.05,0.2,0.2,0.1
121,,0.0,0.15,0.15,0.15,0.0,0.15,0.15,0.05
122,,-0.05,0.1,0.1,0.1,-0.05,0.1,0.1,0.0
123,1,0.95,0.521,0.45,0.379,0.2,0.379,0.45,0.421
124,1,1.0,0.942,0.8,0.658,0.45,0.658,0.8,0.842
125,,0.95,0.892,0.75,0.608,0.4,0.608,0.75,0.792
126,,0.9,0.842,0.7,0.558,0.35,0.558,0.7,0.742
127,,0.85,0.792,0.65,0.508,0.3,0.508,0.65,0.692
128,,0.8,0.742,0.6,0.458,0.25,0.458,0.6,0.642
129,,0.75,0.692,0.55,0.408,0.2,0.408,0.55,0.592
130,,0.7,0.642,0.5,0.358,0.15,0.358,0.5,0.542
131,,0.65,0.592,0.45,0.308,0.1,0.308,0.45,0.492
132,,0.6,0.542,0.4,0.258,0.05,0.258,0.4,0.442
133,,0.55,0.492,0.35,0.208,0.0,0.208,0.35,0.392
134,,0.5,0.442,0.3,0.158,-0.05,0.158,0.3,0.342
135,5,0.75,0.721,0.65,0.579,0.95,0.579,0.65,0.621
136,5,1.0,1.0,1.0,1.0,1.0,1.0,1.0,0.9
137,,0.95,0.95,0.95,0.95,0.95,0.95,0.95,0.85
138,,0.9,0.9,0.9,0.9,0.9,0.9,0.9,0.8
139,,0.85,0.85,0.85,0.85,0.85,0.85,0.85,0.75
140,,0.8,0.8,0.8,0.8,0.8,0.8,0.8,0.7
141,,0.75,0.75,0.75,0.75,0.75,0.75,0.75,0.65
142,,0.7,0.7,0.7,0.7,0.7,0.7,0.7,0.6
143,,0.65,0.65,0.65,0.65,0.65,0.65,0.65,0.55
144,,0.6,0.6,0.6,0.6,0.6,0.6,0.6,0.5
145,,0.55,0.55,0.55,0.55,0.55,0.55,0.55,0.45
146,,0.5,0.5,0.5,0.5,0.5,0.5,0.5,0.4
147,,0.45,0.45,0.45,0.45,0.45,0.45,0.45,0.35
148,,0.4,0.4,0.4,0.4,0.4,0.4,0.4,0.3
149,,0.35,0.35,0.35,0.35,0.35,0.35,0.35,0.25
150,,0.3,0.3,0.3,0.3,0.3,0.3,0.3,0.2
151,,0.25,0.25,0.25,0.25,0.25,0.25,0.25,0.15
152,,0.2,0.2,0.2,0.2,0.2,0.2,0.2,0.1
153,,0.15,0.15,0.15,0.15,0.15,0.15,0.15,0.05
154,,0.1,0.1,0.1,0.1,0.1,0.1,0.1,0.0
155,,0.05,0.05,0.05,0.05,0.05,0.05,0.05,-0.05
156,8,0.471,0.4,0.329,0.3,0.329,0.4,0.471,0.95
157,8,0.892,0.75,0.608,0.55,0.608,0.75,0.892,1.0
158,,0.842,0.7,0.558,0.5,0.558,0.7,0.842,0.95
159,,0.792,0.65,0.508,0.45,0.508,0.65,0.792,0.9
160,,0.742,0.6,0.458,0.4,0.458,0.6,0.742,0.85
161,,0.692,0.55,0.408,0.35,0.408,0.55,0.692,0.8
162,,0.642,0.5,0.358,0.3,0.358,0.5,0.642,0.75
163,,0.592,0.45,0.308,0.25,0.308,0.45,0.592,0.7
164,,0.542,0.4,0.258,0.2,0.258,0.4,0.542,0.65
165,,0.492,0.35,0.208,0.15,0.208,0.35,0.492,0.6
166,,0.442,0.3,0.158,0.1,0.158,0.3,0.442,0.55
167,,0.392,0.25,0.108,0.05,0.108,0.25,0.392,0.5
168,,0.342,0.2,0.058,0.0,0.058,0.2,0.342,0.45
169,,0.292,0.15,0.008,-0.05,0.008,0.15,0.292,0.4
170,4,0.571,0.5,0.429,0.95,0.429,0.5,0.571,0.65
171,4,0.85,0.85,0.85,1.0,0.85,0.85,0.85,0.9
172,,0.8,0.8,0.8,0.95,0.8,0.8,0.8,0.85
173,,0.75,0.75,0.75,0.9,0.75,0.75,0.75,0.8
174,,0.7,0.7,0.7,0.85,0.7,0.7,0.7,0.75
175,,0.65,0.65,0.65,0.8,0.65,0.65,0.65,0.7
176,,0.6,0.6,0.6,0.75,0.6,0.6,0.6,0.65
177,,0.55,0.55,0.55,0.7,0.55,0.55,0.55,0.6
178,,0.5,0.5,0.5,0.65,0.5,0.5,0.5,0.55
179,,0.45,0.45,0.45,0.6,0.45,0.45,0.45,0.5
180,,0.4,0.4,0.4,0.55,0.4,0.4,0.4,0.45
181,,0.35,0.35,0.35,0.5,0.35,0.35,0.35,0.4
182,,0.3,0.3,0.3,0.45,0.3,0.3,0.3,0.35
183,,0.25,0.25,0.25,0.4,0.25,0.25,0.25,0.3
184,,0.2,0.2,0.2,0.35,0.2,0.2,0.2,0.25
185,,0.15,0.15,0.15,0.3,0.15,0.15,0.15,0.2
186,,0.1,0.1,0.1,0.25,0.1,0.1,0.1,0.15
187,,0.05,0.05,0.05,0.2,0.05,0.05,0.05,0.1
188,,0.0,0.0,0.0,0.15,0.0,0.0,0.0,0.05
189,,-0.05,-0.05,-0.05,0.1,-0.05,-0.05,-0.05,0.0
190,2,0.371,0.95,0.371,0.45,0.229,0.2,0.229,0.35
191,2,0.792,1.0,0.792,0.8,0.508,0.45,0.508,0.7
192,,0.742,0.95,0.742,0.75,0.458,0.4,0.458,0.65
193,,0.692,0.9,0.692,0.7,0.408,0.35,0.408,0.6
194,,0.642,0.85,0.642,0.65,0.358,0.3,0.358,0.55
195,,0.592,0.8,0.592,0.6,0.308,0.25,0.308,0.5
196,,0.542,0.75,0.542,0.55,0.258,0.2,0.258,0.45
197,,0.492,0.7,0.492,0.5,0.208,0.15,0.208,0.4
198,,0.442,0.65,0.442,0.45,0.158,0.1,0.158,0.35
199,,0.392,0.6,0.392,0.4,0.108,0.05,0.108,0.3
200,,0.342,0.55,0.342,0.35,0.058,0.0,0.058,0.25
201,,0.292,0.5,0.292,0.3,0.008,-0.05,0.008,0.2
202,6,0.571,0.75,0.571,0.65,0.429,0.95,0.429,0.55
203,6,0.85,1.0,0.85,1.0,0.85,1.0,0.85,0.9
204,,0.8,0.95,0.8,0.95,0.8,0.95,0.8,0.85
205,,0.75,0.9,0.75,0.9,0.75,0.9,0.75,0.8
206,,0.7,0.85,0.7,0.85,0.7,0.85,0.7,0.75
207,,0.65,0.8,0.65,0.8,0.65,0.8,0.65,0.7
208,,0.6,0.75,0.6,0.75,0.6,0.75,0.6,0.65
209,,0.55,0.7,0.55,0.7,0.55,0.7,0.55,0.6
210,,0.5,0.65,0.5,0.65,0.5,0.65,0.5,0.55
211,,0.45,0.6,0.45,0.6,0.45,0.6,0.45,0.5
212,,0.4,0.55,0.4,0.55,0.4,0.55,0.4,0.45
213,,0.35,0.5,0.35,0.5,0.35,0.5,0.35,0.4
214,,0.3,0.45,0.3,0.45,0.3,0.45,0.3,0.35
215,,0.25,0.4,0.25,0.4,0.25,0.4,0.25,0.3
216,,0.2,0.35,0.2,0.35,0.2,0.35,0.2,0.25
217,,0.15,0.3,0.15,0.3,0.15,0.3,0.15,0.2
218,,0.1,0.25,0.1,0.25,0.1,0.25,0.1,0.15
219,,0.05,0.2,0.05,0.2,0.05,0.2,0.05,0.1
220,,0.0,0.15,0.0,0.15,0.0,0.15,0.0,0.05
221,,-0.05,0.1,-0.05,0.1,-0.05,0.1,-0.05,0.0
222,5,0.2,0.379,0.3,0.521,0.95,0.521,0.3,0.279
223,5,0.45,0.658,0.65,0.942,1.0,0.942,0.65,0.558
224,,0.4,0.608,0.6,0.892,0.95,0.892,0.6,0.508
225,,0.35,0.558,0.55,0.842,0.9,0.842,0.55,0.458
226,,0.3,0.508,0.5,0.792,0.85,0.792,0.5,0.408
227,,0.25,0.458,0.45,0.742,0.8,0.742,0.45,0.358
228,,0.2,0.408,0.4,0.692,0.75,0.692,0.4,0.308
229,,0.15,0.358,0.35,0.642,0.7,0.642,0.35,0.258
230,,0.1,0.308,0.3,0.592,0.65,0.592,0.3,0.208
231,,0.05,0.258,0.25,0.542,0.6,0.542,0.25,0.158
232,,0.0,0.208,0.2,0.492,0.55,0.492,0.2,0.108
233,,-0.05,0.158,0.15,0.442,0.5,0.442,0.15,0.058
234,1,0.95,0.579,0.5,0.721,0.75,0.721,0.5,0.479
235,1,1.0,1.0,0.85,1.0,1.0,1.0,0.85,0.9
236,,0.95,0.95,0.8,0.95,0.95,0.95,0.8,0.85
237,,0.9,0.9,0.75,0.9,0.9,0.9,0.75,0.8
238,,0.85,0.85,0.7,0.85,0.85,0.85,0.7,0.75
239,,0.8,0.8,0.65,0.8,0.8,0.8,0.65,0.7
240,,0.75,0.75,0.6,0.75,0.75,0.75,0.6,0.65
241,,0.7,0.7,0.55,0.7,0.7,0.7,0.55,0.6
242,,0.65,0.65,0.5,0.65,0.65,0.65,0.5,0.55
243,,0.6,0.6,0.45,0.6,0.6,0.6,0.45,0.5
244,,0.55,0.55,0.4,0.55,0.55,0.55,0.4,0.45
245,,0.5,0.5,0.35,0.5,0.5,0.5,0.35,0.4
246,,0.45,0.45,0.3,0.45,0.45,0.45,0.3,0.35
247,,0.4,0.4,0.25,0.4,0.4,0.4,0.25,0.3
248,,0.35,0.35,0.2,0.35,0.35,0.35,0.2,0.25
249,,0.3,0.3,0.15,0.3,0.3,0.3,0.15,0.2
250,,0.25,0.25,0.1,0.25,0.25,0.25,0.1,0.15
251,,0.2,0.2,0.05,0.2,0.2,0.2,0.05,0.1
252,,0.15,0.15,0.0,0.15,0.15,0.15,0.0,0.05
253,,0.1,0.1,-0.05,0.1,0.1,0.1,-0.05,0.0
254,7,0.45,0.379,0.2,0.379,0.45,0.521,0.95,0.421
255,7,0.8,0.658,0.45,0.658,0.8,0.942,1.0,0.842
256,,0.75,0.608,0.4,0.608,0.75,0.892,0.95,0.792
257,,0.7,0.558,0.35,0.558,0.7,0.842,0.9,0.742
258,,0.65,0.508,0.3,0.508,0.65,0.792,0.85,0.692
259,,0.6,0.458,0.25,0.458,0.6,0.742,0.8,0.642
260,,0.55,0.408,0.2,0.408,0.55,0.692,0.75,0.592
261,,0.5,0.358,0.15,0.358,0.5,0.642,0.7,0.542
262,,0.45,0.308,0.1,0.308,0.45,0.592,0.65,0.492
263,,0.4,0.258,0.05,0.258,0.4,0.542,0.6,0.442
264,,0.35,0.208,0.0,0.208,0.35,0.492,0.55,0.392
265,,0.3,0.158,-0.05,0.158,0.3,0.442,0.5,0.342
266,3,0.65,0.579,0.95,0.579,0.65,0.721,0.75,0.621
267,3,1.0,1.0,1.0,1.0,1.0,1.0,1.0,0.9
268,,0.95,0.95,0.95,0.95,0.95,0.95,0.95,0.85
269,,0.9,0.9,0.9,0.9,0.9,0.9,0.9,0.8
270,,0.85,0.85,0.85,0.85,0.85,0.85,0.85,0.75
271,,0.8,0.8,0.8,0.8,0.8,0.8,0.8,0.7
272,,0.75,0.75,0.75,0.75,0.75,0.75,0.75,0.65
273,,0.7,0.7,0.7,0.7,0.7,0.7,0.7,0.6
274,,0.65,0.65,0.65,0.65,0.65,0.65,0.65,0.55
275,,0.6,0.6,0.6,0.6,0.6,0.6,0.6,0.5
276,,0.55,0.55,0.55,0.55,0.55,0.55,0.55,0.45
277,,0.5,0.5,0.5,0.5,0.5,0.5,0.5,0.4
278,,0.45,0.45,0.45,0.45,0.45,0.45,0.45,0.35
279,,0.4,0.4,0.4,0.4,0.4,0.4,0.4,0.3
280,,0.35,0.35,0.35,0.35,0.35,0.35,0.35,0.25
281,,0.3,0.3,0.3,0.3,0.3,0.3,0.3,0.2
282,,0.25,0.25,0.25,0.25,0.25,0.25,0.25,0.15
283,,0.2,0.2,0.2,0.2,0.2,0.2,0.2,0.1
284,,0.15,0.15,0.15,0.15,0.15,0.15,0.15,0.05
285,,0.1,0.1,0.1,0.1,0.1,0.1,0.1,0.0
286,,0.05,0.05,0.05,0.05,0.05,0.05,0.05,-0.05
287,8,0.471,0.4,0.329,0.3,0.329,0.4,0.471,0.95
288,8,0.892,0.75,0.608,0.55,0.608,0.75,0.892,1.0
289,,0.842,0.7,0.558,0.5,0.558,0.7,0.842,0.95
290,,0.792,0.65,0.508,0.45,0.508,0.65,0.792,0.9
291,,0.742,0.6,0.458,0.4,0.458,0.6,0.742,0.85
292,,0.692,0.55,0.408,0.35,0.408,0.55,0.692,0.8
293,,0.642,0.5,0.358,0.3,0.358,0.5,0.642,0.75
294,,0.592,0.45,0.308,0.25,0.308,0.45,0.592,0.7
295,,0.542,0.4,0.258,0.2,0.258,0.4,0.542,0.65
296,,0.492,0.35,0.208,0.15,0.208,0.35,0.492,0.6
297,,0.442,0.3,0.158,0.1,0.158,0.3,0.442,0.55
298,,0.392,0.25,0.108,0.05,0.108,0.25,0.392,0.5
299,,0.342,0.2,0.058,0.0,0.058,0.2,0.342,0.45
300,,0.292,0.15,0.008,-0.05,0.008,0.15,0.292,0.4
301,4,0.571,0.5,0.429,0.95,0.429,0.5,0.571,0.65
302,4,0.85,0.85,0.85,1.0,0.85,0.85,0.85,0.9
303,,0.8,0.8,0.8,0.95,0.8,0.8,0.8,0.85
304,,0.75,0.75,0.75,0.9,0.75,0.75,0.75,0.8
305,,0.7,0.7,0.7,0.85,0.7,0.7,0.7,0.75
306,,0.65,0.65,0.65,0.8,0.65,0.65,0.65,0.7
307,,0.6,0.6,0.6,0.75,0.6,0.6,0.6,0.65
308,,0.55,0.55,0.55,0.7,0.55,0.55,0.55,0.6
309,,0.5,0.5,0.5,0.65,0.5,0.5,0.5,0.55
310,,0.45,0.45,0.45,0.6,0.45,0.45,0.45,0.5
311,,0.4,0.4,0.4,0.55,0.4,0.4,0.4,0.45
312,,0.35,0.35,0.35,0.5,0.35,0.35,0.35,0.4
313,,0.3,0.3,0.3,0.45,0.3,0.3,0.3,0.35
314,,0.25,0.25,0.25,0.4,0.25,0.25,0.25,0.3
315,,0.2,0.2,0.2,0.35,0.2,0.2,0.2,0.25
316,,0.15,0.15,0.15,0.3,0.15,0.15,0.15,0.2
317,,0.1,0.1,0.1,0.25,0.1,0.1,0.1,0.15
318,,0.05,0.05,0.05,0.2,0.05,0.05,0.05,0.1
319,,0.0,0.0,0.0,0.15,0.0,0.0,0.0,0.05
320,,-0.05,-0.05,-0.05,0.1,-0.05,-0.05,-0.05,0.0
321,1,0.95,0.371,0.3,0.379,0.2,0.229,0.3,0.421
322,1,1.0,0.792,0.65,0.658,0.45,0.508,0.65,0.842
323,,0.95,0.742,0.6,0.608,0.4,0.458,0.6,0.792
324,,0.9,0.692,0.55,0.558,0.35,0.408,0.55,0.742
325,,0.85,0.642,0.5,0.508,0.3,0.358,0.5,0.692
326,,0.8,0.592,0.45,0.458,0.25,0.308,0.45,0.642
327,,0.75,0.542,0.4,0.408,0.2,0.258,0.4,0.592
328,,0.7,0.492,0.35,0.358,0.15,0.208,0.35,0.542
329,,0.65,0.442,0.3,0.308,0.1,0.158,0.3,0.492
330,,0.6,0.392,0.25,0.258,0.05,0.108,0.25,0.442
331,,0.55,0.342,0.2,0.208,0.0,0.058,0.2,0.392
332,,0.5,0.292,0.15,0.158,-0.05,0.008,0.15,0.342
333,5,0.75,0.571,0.5,0.579,0.95,0.429,0.5,0.621
334,5,1.0,0.85,0.85,1.0,1.0,0.85,0.85,0.9
335,,0.95,0.8,0.8,0.95,0.95,0.8,0.8,0.85
336,,0.9,0.75,0.75,0.9,0.9,0.75,0.75,0.8
337,,0.85,0.7,0.7,0.85,0.85,0.7,0.7,0.75
338,,0.8,0.65,0.65,0.8,0.8,0.65,0.65,0.7
339,,0.75,0.6,0.6,0.75,0.75,0.6,0.6,0.65
340,,0.7,0.55,0.55,0.7,0.7,0.55,0.55,0.6
341,,0.65,0.5,0.5,0.65,0.65,0.5,0.5,0.55
342,,0.6,0.45,0.45,0.6,0.6,0.45,0.45,0.5
343,,0.55,0.4,0.4,0.55,0.55,0.4,0.4,0.45
344,,0.5,0.35,0.35,0.5,0.5,0.35,0.35,0.4
345,,0.45,0.3,0.3,0.45,0.45,0.3,0.3,0.35
346,,0.4,0.25,0.25,0.4,0.4,0.25,0.25,0.3
347,,0.35,0.2,0.2,0.35,0.35,0.2,0.2,0.25
348,,0.3,0.15,0.15,0.3,0.3,0.15,0.15,0.2
349,,0.25,0.1,0.1,0.25,0.25,0.1,0.1,0.15
350,,0.2,0.05,0.05,0.2,0.2,0.05,0.05,0.1
351,,0.15,0.0,0.0,0.15,0.15,0.0,0.0,0.05
352,,0.1,-0.05,-0.05,0.1,0.1,-0.05,-0.05,0.0
353,7,0.45,0.229,0.2,0.379,0.45,0.371,0.95,0.421
354,7,0.8,0.508,0.45,0.658,0.8,0.792,1.0,0.842
355,,0.75,0.458,0.4,0.608,0.75,0.742,0.95,0.792
356,,0.7,0.408,0.35,0.558,0.7,0.692,0.9,0.742
357,,0.65,0.358,0.3,0.508,0.65,0.642,0.85,0.692
358,,0.6,0.308,0.25,0.458,0.6,0.592,0.8,0.642
359,,0.55,0.258,0.2,0.408,0.55,0.542,0.75,0.592
360,,0.5,0.208,0.15,0.358,0.5,0.492,0.7,0.542
361,,0.45,0.158,0.1,0.308,0.45,0.442,0.65,0.492
362,,0.4,0.108,0.05,0.258,0.4,0.392,0.6,0.442
363,,0.35,0.058,0.0,0.208,0.35,0.342,0.55,0.392
364,,0.3,0.008,-0.05,0.158,0.3,0.292,0.5,0.342
365,3,0.65,0.429,0.95,0.579,0.65,0.571,0.75,0.621
366,3,1.0,0.85,1.0,1.0,1.0,0.85,1.0,0.9
367,,0.95,0.8,0.95,0.95,0.95,0.8,0.95,0.85
368,,0.9,0.75,0.9,0.9,0.9,0.75,0.9,0.8
369,,0.85,0.7,0.85,0.85,0.85,0.7,0.85,0.75
370,,0.8,0.65,0.8,0.8,0.8,0.65,0.8,0.7
371,,0.75,0.6,0.75,0.75,0.75,0.6,0.75,0.65
372,,0.7,0.55,0.7,0.7,0.7,0.55,0.7,0.6
373,,0.65,0.5,0.65,0.65,0.65,0.5,0.65,0.55
374,,0.6,0.45,0.6,0.6,0.6,0.45,0.6,0.5
375,,0.55,0.4,0.55,0.55,0.55,0.4,0.55,0.45
376,,0.5,0.35,0.5,0.5,0.5,0.35,0.5,0.4
377,,0.45,0.3,0.45,0.45,0.45,0.3,0.45,0.35
378,,0.4,0.25,0.4,0.4,0.4,0.25,0.4,0.3
379,,0.35,0.2,0.35,0.35,0.35,0.2,0.35,0.25
380,,0.3,0.15,0.3,0.3,0.3,0.15,0.3,0.2
381,,0.25,0.1,0.25,0.25,0.25,0.1,0.25,0.15
382,,0.2,0.05,0.2,0.2,0.2,0.05,0.2,0.1
383,,0.15,0.0,0.15,0.15,0.15,0.0,0.15,0.05
384,,0.1,-0.05,0.1,0.1,0.1,-0.05,0.1,0.0
385,2,0.521,0.95,0.521,0.45,0.379,0.2,0.379,0.35
386,2,0.942,1.0,0.942,0.8,0.658,0.45,0.658,0.7
387,,0.892,0.95,0.892,0.75,0.608,0.4,0.608,0.65
388,,0.842,0.9,0.842,0.7,0.558,0.35,0.558,0.6
389,,0.792,0.85,0.792,0.65,0.508,0.3,0.508,0.55
390,,0.742,0.8,0.742,0.6,0.458,0.25,0.458,0.5
391,,0.692,0.75,0.692,0.55,0.408,0.2,0.408,0.45
392,,0.642,0.7,0.642,0.5,0.358,0.15,0.358,0.4
393,,0.592,0.65,0.592,0.45,0.308,0.1,0.308,0.35
394,,0.542,0.6,0.542,0.4,0.258,0.05,0.258,0.3
395,,0.492,0.55,0.492,0.35,0.208,0.0,0.208,0.25
396,,0.442,0.5,0.442,0.3,0.158,-0.05,0.158,0.2
397,6,0.721,0.75,0.721,0.65,0.579,0.95,0.579,0.55
398,6,1.0,1.0,1.0,1.0,1.0,1.0,1.0,0.9
399,,0.95,0.95,0.95,0.95,0.95,0.95,0.95,0.85
400,,0.9,0.9,0.9,0.9,0.9,0.9,0.9,0.8
401,,0.85,0.85,0.85,0.85,0.85,0.85,0.85,0.75
402,,0.8,0.8,0.8,0.8,0.8,0.8,0.8,0.7
403,,0.75,0.75,0.75,0.75,0.75,0.75,0.75,0.65
404,,0.7,0.7,0.7,0.7,0.7,0.7,0.7,0.6
405,,0.65,0.65,0.65,0.65,0.65,0.65,0.65,0.55
406,,0.6,0.6,0.6,0.6,0.6,0.6,0.6,0.5
407,,0.55,0.55,0.55,0.55,0.55,0.55,0.55,0.45
408,,0.5,0.5,0.5,0.5,0.5,0.5,0.5,0.4
409,,0.45,0.45,0.45,0.45,0.45,0.45,0.45,0.35
410,,0.4,0.4,0.4,0.4,0.4,0.4,0.4,0.3
411,,0.35,0.35,0.35,0.35,0.35,0.35,0.35,0.25
412,,0.3,0.3,0.3,0.3,0.3,0.3,0.3,0.2
413,,0.25,0.25,0.25,0.25,0.25,0.25,0.25,0.15
414,,0.2,0.2,0.2,0.2,0.2,0.2,0.2,0.1
415,,0.15,0.15,0.15,0.15,0.15,0.15,0.15,0.05
416,,0.1,0.1,0.1,0.1,0.1,0.1,0.1,0.0
417,,0.05,0.05,0.05,0.05,0.05,0.05,0.05,-0.05
418,8,0.471,0.4,0.329,0.3,0.329,0.4,0.471,0.95
419,8,0.892,0.75,0.608,0.55,0.608,0.75,0.892,1.0
420,,0.842,0.7,0.558,0.5,0.558,0.7,0.842,0.95
421,,0.792,0.65,0.508,0.45,0.508,0.65,0.792,0.9
422,,0.742,0.6,0.458,0.4,0.458,0.6,0.742,0.85
423,,0.692,0.55,0.408,0.35,0.408,0.55,0.692,0.8
424,,0.642,0.5,0.358,0.3,0.358,0.5,0.642,0.75
425,,0.592,0.45,0.308,0.25,0.308,0.45,0.592,0.7
426,,0.542,0.4,0.258,0.2,0.258,0.4,0.542,0.65
427,,0.492,0.35,0.208,0.15,0.208,0.35,0.492,0.6
428,,0.442,0.3,0.158,0.1,0.158,0.3,0.442,0.55
429,,0.392,0.25,0.108,0.05,0.108,0.25,0.392,0.5
430,,0.342,0.2,0.058,0.0,0.058,0.2,0.342,0.45
431,,0.292,0.15,0.008,-0.05,0.008,0.15,0.292,0.4
432,4,0.571,0.5,0.429,0.95,0.429,0.5,0.571,0.65
433,4,0.85,0.85,0.85,1.0,0.85,0.85,0.85,0.9
434,,0.8,0.8,0.8,0.95,0.8,0.8,0.8,0.85
435,,0.75,0.75,0.75,0.9,0.75,0.75,0.75,0.8
436,,0.7,0.7,0.7,0.85,0.7,0.7,0.7,0.75
437,,0.65,0.65,0.65,0.8,0.65,0.65,0.65,0.7
438,,0.6,0.6,0.6,0.75,0.6,0.6,0.6,0.65
439,,0.55,0.55,0.55,0.7,0.55,0.55,0.55,0.6
440,,0.5,0.5,0.5,0.65,0.5,0.5,0.5,0.55
441,,0.45,0.45,0.45,0.6,0.45,0.45,0.45,0.5
442,,0.4,0.4,0.4,0.55,0.4,0.4,0.4,0.45
443,,0.35,0.35,0.35,0.5,0.35,0.35,0.35,0.4
444,,0.3,0.3,0.3,0.45,0.3,0.3,0.3,0.35
445,,0.25,0.25,0.25,0.4,0.25,0.25,0.25,0.3
446,,0.2,0.2,0.2,0.35,0.2,0.2,0.2,0.25
447,,0.15,0.15,0.15,0.3,0.15,0.15,0.15,0.2
448,,0.1,0.1,0.1,0.25,0.1,0.1,0.1,0.15
449,,0.05,0.05,0.05,0.2,0.05,0.05,0.05,0.1
450,,0.0,0.0,0.0,0.15,0.0,0.0,0.0,0.05
451,,-0.05,-0.05,-0.05,0.1,-0.05,-0.05,-0.05,0.0
452,5,0.2,0.229,0.3,0.521,0.95,0.371,0.3,0.279
453,5,0.45,0.508,0.65,0.942,1.0,0.792,0.65,0.558
454,,0.4,0.458,0.6,0.892,0.95,0.742,0.6,0.508
455,,0.35,0.408,0.55,0.842,0.9,0.692,0.55,0.458
456,,0.3,0.358,0.5,0.792,0.85,0.642,0.5,0.408
457,,0.25,0.308,0.45,0.742,0.8,0.592,0.45,0.358
458,,0.2,0.258,0.4,0.692,0.75,0.542,0.4,0.308
459,,0.15,0.208,0.35,0.642,0.7,0.492,0.35,0.258
460,,0.1,0.158,0.3,0.592,0.65,0.442,0.3,0.208
461,,0.05,0.108,0.25,0.542,0.6,0.392,0.25,0.158
462,,0.0,0.058,0.2,0.492,0.55,0.342,0.2,0.108
463,,-0.05,0.008,0.15,0.442,0.5,0.292,0.15,0.058
464,1,0.95,0.429,0.5,0.721,0.75,0.571,0.5,0.479
465,1,1.0,0.85,0.85,1.0,1.0,0.85,0.85,0.9
466,,0.95,0.8,0.8,0.95,0.95,0.8,0.8,0.85
467,,0.9,0.75,0.75,0.9,0.9,0.75,0.75,0.8
468,,0.85,0.7,0.7,0.85,0.85,0.7,0.7,0.75
469,,0.8,0.65,0.65,0.8,0.8,0.65,0.65,0.7
470,,0.75,0.6,0.6,0.75,0.75,0.6,0.6,0.65
471,,0.7,0.55,0.55,0.7,0.7,0.55,0.55,0.6
472,,0.65,0.5,0.5,0.65,0.65,0.5,0.5,0.55
473,,0.6,0.45,0.45,0.6,0.6,0.45,0.45,0.5
474,,0.55,0.4,0.4,0.55,0.55,0.4,0.4,0.45
475,,0.5,0.35,0.35,0.5,0.5,0.35,0.35,0.4
476,,0.45,0.3,0.3,0.45,0.45,0.3,0.3,0.35
477,,0.4,0.25,0.25,0.4,0.4,0.25,0.25,0.3
478,,0.35,0.2,0.2,0.35,0.35,0.2,0.2,0.25
479,,0.3,0.15,0.15,0.3,0.3,0.15,0.15,0.2
480,,0.25,0.1,0.1,0.25,0.25,0.1,0.1,0.15
481,,0.2,0.05,0.05,0.2,0.2,0.05,0.05,0.1
482,,0.15,0.0,0.0,0.15,0.15,0.0,0.0,0.05
483,,0.1,-0.05,-0.05,0.1,0.1,-0.05,-0.05,0.0
484,3,0.45,0.371,0.95,0.521,0.45,0.229,0.2,0.279
485,3,0.8,0.792,1.0,0.942,0.8,0.508,0.45,0.558
486,,0.75,0.742,0.95,0.892,0.75,0.458,0.4,0.508
487,,0.7,0.692,0.9,0.842,0.7,0.408,0.35,0.458
488,,0.65,0.642,0.85,0.792,0.65,0.358,0.3,0.408
489,,0.6,0.592,0.8,0.742,0.6,0.308,0.25,0.358
490,,0.55,0.542,0.75,0.692,0.55,0.258,0.2,0.308
491,,0.5,0.492,0.7,0.642,0.5,0.208,0.15,0.258
492,,0.45,0.442,0.65,0.592,0.45,0.158,0.1,0.208
493,,0.4,0.392,0.6,0.542,0.4,0.108,0.05,0.158
494,,0.35,0.342,0.55,0.492,0.35,0.058,0.0,0.108
495,,0.3,0.292,0.5,0.442,0.3,0.008,-0.05,0.058
496,7,0.65,0.571,0.75,0.721,0.65,0.429,0.95,0.479
497,7,1.0,0.85,1.0,1.0,1.0,0.85,1.0,0.9
498,,0.95,0.8,0.95,0.95,0.95,0.8,0.95,0.85
499,,0.9,0.75,0.9,0.9,0.9,0.75,0.9,0.8
500,,0.85,0.7,0.85,0.85,0.85,0.7,0.85,0.75
501,,0.8,0.65,0.8,0.8,0.8,0.65,0.8,0.7
502,,0.75,0.6,0.75,0.75,0.75,0.6,0.75,0.65
503,,0.7,0.55,0.7,0.7,0.7,0.55,0.7,0.6
504,,0.65,0.5,0.65,0.65,0.65,0.5,0.65,0.55
505,,0.6,0.45,0.6,0.6,0.6,0.45,0.6,0.5
506,,0.55,0.4,0.55,0.55,0.55,0.4,0.55,0.45
507,,0.5,0.35,0.5,0.5,0.5,0.35,0.5,0.4
508,,0.45,0.3,0.45,0.45,0.45,0.3,0.45,0.35
509,,0.4,0.25,0.4,0.4,0.4,0.25,0.4,0.3
510,,0.35,0.2,0.35,0.35,0.35,0.2,0.35,0.25
511,,0.3,0.15,0.3,0.3,0.3,0.15,0.3,0.2
512,,0.25,0.1,0.25,0.25,0.25,0.1,0.25,0.15
513,,0.2,0.05,0.2,0.2,0.2,0.05,0.2,0.1
514,,0.15,0.0,0.15,0.15,0.15,0.0,0.15,0.05
515,,0.1,-0.05,0.1,0.1,0.1,-0.05,0.1,0.0
516,2,0.521,0.95,0.521,0.45,0.379,0.2,0.379,0.35
517,2,0.942,1.0,0.942,0.8,0.658,0.45,0.658,0.7
518,,0.892,0.95,0.892,0.75,0.608,0.4,0.608,0.65
519,,0.842,0.9,0.842,0.7,0.558,0.35,0.558,0.6
520,,0.792,0.85,0.792,0.65,0.508,0.3,0.508,0.55
521,,0.742,0.8,0.742,0.6,0.458,0.25,0.458,0.5
522,,0.692,0.75,0.692,0.55,0.408,0.2,0.408,0.45
523,,0.642,0.7,0.642,0.5,0.358,0.15,0.358,0.4
524,,0.592,0.65,0.592,0.45,0.308,0.1,0.308,0.35
525,,0.542,0.6,0.542,0.4,0.258,0.05,0.258,0.3
526,,0.492,0.55,0.492,0.35,0.208,0.0,0.208,0.25
527,,0.442,0.5,0.442,0.3,0.158,-0.05,0.158,0.2
528,6,0.721,0.75,0.721,0.65,0.579,0.95,0.579,0.55
529,6,1.0,1.0,1.0,1.0,1.0,1.0,1.0,0.9
530,,0.95,0.95,0.95,0.95,0.95,0.95,0.95,0.85
531,,0.9,0.9,0.9,0.9,0.9,0.9,0.9,0.8
532,,0.85,0.85,0.85,0.85,0.85,0.85,0.85,0.75
533,,0.8,0.8,0.8,0.8,0.8,0.8,0.8,0.7
534,,0.75,0.75,0.75,0.75,0.75,0.75,0.75,0.65
535,,0.7,0.7,0.7,0.7,0.7,0.7,0.7,0.6
536,,0.65,0.65,0.65,0.65,0.65,0.65,0.65,0.55
537,,0.6,0.6,0.6,0.6,0.6,0.6,0.6,0.5
538,,0.55,0.55,0.55,0.55,0.55,0.55,0.55,0.45
539,,0.5,0.5,0.5,0.5,0.5,0.5,0.5,0.4
540,,0.45,0.45,0.45,0.45,0.45,0.45,0.45,0.35
541,,0.4,0.4,0.4,0.4,0.4,0.4,0.4,0.3
542,,0.35,0.35,0.35,0.35,0.35,0.35,0.35,0.25
543,,0.3,0.3,0.3,0.3,0.3,0.3,0.3,0.2
544,,0.25,0.25,0.25,0.25,0.25,0.25,0.25,0.15
545,,0.2,0.2,0.2,0.2,0.2,0.2,0.2,0.1
546,,0.15,0.15,0.15,0.15,0.15,0.15,0.15,0.05
547,,0.1,0.1,0.1,0.1,0.1,0.1,0.1,0.0
548,,0.05,0.05,0.05,0.05,0.05,0.05,0.05,-0.05
549,8,0.471,0.4,0.329,0.3,0.329,0.4,0.471,0.95
550,8,0.892,0.75,0.608,0.55,0.608,0.75,0.892,1.0
551,,0.842,0.7,0.558,0.5,0.558,0.7,0.842,0.95
552,,0.792,0.65,0.508,0.45,0.508,0.65,0.792,0.9
553,,0.742,0.6,0.458,0.4,0.458,0.6,0.742,0.85
554,,0.692,0.55,0.408,0.35,0.408,0.55,0.692,0.8
555,,0.642,0.5,0.358,0.3,0.358,0.5,0.642,0.75
556,,0.592,0.45,0.308,0.25,0.308,0.45,0.592,0.7
557,,0.542,0.4,0.258,0.2,0.258,0.4,0.542,0.65
558,,0.492,0.35,0.208,0.15,0.208,0.35,0.492,0.6
559,,0.442,0.3,0.158,0.1,0.158,0.3,0.442,0.55
560,,0.392,0.25,0.108,0.05,0.108,0.25,0.392,0.5
561,,0.342,0.2,0.058,0.0,0.058,0.2,0.342,0.45
562,,0.292,0.15,0.008,-0.05,0.008,0.15,0.292,0.4
563,4,0.571,0.5,0.429,0.95,0.429,0.5,0.571,0.65
564,4,0.85,0.85,0.85,1.0,0.85,0.85,0.85,0.9
565,,0.8,0.8,0.8,0.95,0.8,0.8,0.8,0.85
566,,0.75,0.75,0.75,0.9,0.75,0.75,0.75,0.8
567,,0.7,0.7,0.7,0.85,0.7,0.7,0.7,0.75
568,,0.65,0.65,0.65,0.8,0.65,0.65,0.65,0.7
569,,0.6,0.6,0.6,0.75,0.6,0.6,0.6,0.65
570,,0.55,0.55,0.55,0.7,0.55,0.55,0.55,0.6
571,,0.5,0.5,0.5,0.65,0.5,0.5,0.5,0.55
572,,0.45,0.45,0.45,0.6,0.45,0.45,0.45,0.5
573,,0.4,0.4,0.4,0.55,0.4,0.4,0.4,0.45
574,,0.35,0.35,0.35,0.5,0.35,0.35,0.35,0.4
575,,0.3,0.3,0.3,0.45,0.3,0.3,0.3,0.35
576,,0.25,0.25,0.25,0.4,0.25,0.25,0.25,0.3
577,,0.2,0.2,0.2,0.35,0.2,0.2,0.2,0.25
578,,0.15,0.15,0.15,0.3,0.15,0.15,0.15,0.2
579,,0.1,0.1,0.1,0.25,0.1,0.1,0.1,0.15
580,,0.05,0.05,0.05,0.2,0.05,0.05,0.05,0.1
581,,0.0,0.0,0.0,0.15,0.0,0.0,0.0,0.05
582,,-0.05,-0.05,-0.05,0.1,-0.05,-0.05,-0.05,0.0
583,1,0.95,0.371,0.3,0.379,0.2,0.229,0.3,0.421
584,1,1.0,0.792,0.65,0.658,0.45,0.508,0.65,0.842
585,,0.95,0.742,0.6,0.608,0.4,0.458,0.6,0.792
586,,0.9,0.692,0.55,0.558,0.35,0.408,0.55,0.742
587,,0.85,0.642,0.5,0.508,0.3,0.358,0.5,0.692
588,,0.8,0.592,0.45,0.458,0.25,0.308,0.45,0.642
589,,0.75,0.542,0.4,0.408,0.2,0.258,0.4,0.592
590,,0.7,0.492,0.35,0.358,0.15,0.208,0.35,0.542
591,,0.65,0.442,0.3,0.308,0.1,0.158,0.3,0.492
592,,0.6,0.392,0.25,0.258,0.05,0.108,0.25,0.442
593,,0.55,0.342,0.2,0.208,0.0,0.058,0.2,0.392
594,,0.5,0.292,0.15,0.158,-0.05,0.008,0.15,0.342
595,5,0.75,0.571,0.5,0.579,0.95,0.429,0.5,0.621
596,5,1.0,0.85,0.85,1.0,1.0,0.85,0.85,0.9
597,,0.95,0.8,0.8,0.95,0.95,0.8,0.8,0.85
598,,0.9,0.75,0.75,0.9,0.9,0.75,0.75,0.8
599,,0.85,0.7,0.7,0.85,0.85,0.7,0.7,0.75
600,,0.8,0.65,0.65,0.8,0.8,0.65,0.65,0.7
601,,0.75,0.6,0.6,0.75,0.75,0.6,0.6,0.65
602,,0.7,0.55,0.55,0.7,0.7,0.55,0.55,0.6
603,,0.65,0.5,0.5,0.65,0.65,0.5,0.5,0.55
604,,0.6,0.45,0.45,0.6,0.6,0.45,0.45,0.5
605,,0.55,0.4,0.4,0.55,0.55,0.4,0.4,0.45
606,,0.5,0.35,0.35,0.5,0.5,0.35,0.35,0.4
607,,0.45,0.3,0.3,0.45,0.45,0.3,0.3,0.35
608,,0.4,0.25,0.25,0.4,0.4,0.25,0.25,0.3
609,,0.35,0.2,0.2,0.35,0.35,0.2,0.2,0.25
610,,0.3,0.15,0.15,0.3,0.3,0.15,0.15,0.2
611,,0.25,0.1,0.1,0.25,0.25,0.1,0.1,0.15
612,,0.2,0.05,0.05,0.2,0.2,0.05,0.05,0.1
613,,0.15,0.0,0.0,0.15,0.15,0.0,0.0,0.05
614,,0.1,-0.05,-0.05,0.1,0.1,-0.05,-0.05,0.0
615,7,0.45,0.229,0.2,0.379,0.45,0.371,0.95,0.421
616,7,0.8,0.508,0.45,0.658,0.8,0.792,1.0,0.842
617,,0.75,0.458,0.4,0.608,0.75,0.742,0.95,0.792
618,,0.7,0.408,0.35,0.558,0.7,0.692,0.9,0.742
619,,0.65,0.358,0.3,0.508,0.65,0.642,0.85,0.692
620,,0.6,0.308,0.25,0.458,0.6,0.592,0.8,0.642
621,,0.55,0.258,0.2,0.408,0.55,0.542,0.75,0.592
622,,0.5,0.208,0.15,0.358,0.5,0.492,0.7,0.542
623,,0.45,0.158,0.1,0.308,0.45,0.442,0.65,0.492
624,,0.4,0.108,0.05,0.258,0.4,0.392,0.6,0.442
625,,0.35,0.058,0.0,0.208,0.35,0.342,0.55,0.392
626,,0.3,0.008,-0.05,0.158,0.3,0.292,0.5,0.342
627,3,0.65,0.429,0.95,0.579,0.65,0.571,0.75,0.621
628,3,1.0,0.85,1.0,1.0,1.0,0.85,1.0,0.9
629,,0.95,0.8,0.95,0.95,0.95,0.8,0.95,0.85
630,,0.9,0.75,0.9,0.9,0.9,0.75,0.9,0.8
631,,0.85,0.7,0.85,0.85,0.85,0.7,0.85,0.75
632,,0.8,0.65,0.8,0.8,0.8,0.65,0.8,0.7
633,,0.75,0.6,0.75,0.75,0.75,0.6,0.75,0.65
634,,0.7,0.55,0.7,0.7,0.7,0.55,0.7,0.6
635,,0.65,0.5,0.65,0.65,0.65,0.5,0.65,0.55
636,,0.6,0.45,0.6,0.6,0.6,0.45,0.6,0.5
637,,0.55,0.4,0.55,0.55,0.55,0.4,0.55,0.45
638,,0.5,0.35,0.5,0.5,0.5,0.35,0.5,0.4
639,,0.45,0.3,0.45,0.45,0.45,0.3,0.45,0.35
640,,0.4,0.25,0.4,0.4,0.4,0.25,0.4,0.3
641,,0.35,0.2,0.35,0.35,0.35,0.2,0.35,0.25
642,,0.3,0.15,0.3,0.3,0.3,0.15,0.3,0.2
643,,0.25,0.1,0.25,0.25,0.25,0.1,0.25,0.15
644,,0.2,0.05,0.2,0.2,0.2,0.05,0.2,0.1
645,,0.15,0.0,0.15,0.15,0.15,0.0,0.15,0.05
646,,0.1,-0.05,0.1,0.1,0.1,-0.05,0.1,0.0
647,2,0.521,0.95,0.521,0.45,0.379,0.2,0.379,0.35
648,2,0.942,1.0,0.942,0.8,0.658,0.45,0.658,0.7
649,,0.892,0.95,0.892,0.75,0.608,0.4,0.608,0.65
650,,0.842,0.9,0.842,0.7,0.558,0.35,0.558,0.6
651,,0.792,0.85,0.792,0.65,0.508,0.3,0.508,0.55
652,,0.742,0.8,0.742,0.6,0.458,0.25,0.458,0.5
653,,0.692,0.75,0.692,0.55,0.408,0.2,0.408,0.45
654,,0.642,0.7,0.642,0.5,0.358,0.15,0.358,0.4
655,,0.592,0.65,0.592,0.45,0.308,0.1,0.308,0.35
656,,0.542,0.6,0.542,0.4,0.258,0.05,0.258,0.3
657,,0.492,0.55,0.492,0.35,0.208,0.0,0.208,0.25
658,,0.442,0.5,0.442,0.3,0.158,-0.05,0.158,0.2
659,6,0.721,0.75,0.721,0.65,0.579,0.95,0.579,0.55
660,6,1.0,1.0,1.0,1.0,1.0,1.0,1.0,0.9
661,,0.95,0.95,0.95,0.95,0.95,0.95,0.95,0.85
662,,0.9,0.9,0.9,0.9,0.9,0.9,0.9,0.8
663,,0.85,0.85,0.85,0.85,0.85,0.85,0.85,0.75
664,,0.8,0.8,0.8,0.8,0.8,0.8,0.8,0.7
665,,0.75,0.75,0.75,0.75,0.75,0.75,0.75,0.65
666,,0.7,0.7,0.7,0.7,0.7,0.7,0.7,0.6
667,,0.65,0.65,0.65,0.65,0.65,0.65,0.65,0.55
668,,0.6,0.6,0.6,0.6,0.6,0.6,0.6,0.5
669,,0.55,0.55,0.55,0.55,0.55,0.55,0.55,0.45
670,,0.5,0.5,0.5,0.5,0.5,0.5,0.5,0.4
671,,0.45,0.45,0.45,0.45,0.45,0.45,0.45,0.35
672,,0.4,0.4,0.4,0.4,0.4,0.4,0.4,0.3
673,,0.35,0.35,0.35,0.35,0.35,0.35,0.35,0.25
674,,0.3,0.3,0.3,0.3,0.3,0.3,0.3,0.2
675,,0.25,0.25,0.25,0.25,0.25,0.25,0.25,0.15
676,,0.2,0.2,0.2,0.2,0.2,0.2,0.2,0.1
677,,0.15,0.15,0.15,0.15,0.15,0.15,0.15,0.05
678,,0.1,0.1,0.1,0.1,0.1,0.1,0.1,0.0
679,,0.05,0.05,0.05,0.05,0.05,0.05,0.05,-0.05
680,8,0.471,0.4,0.329,0.3,0.329,0.4,0.471,0.95
681,8,0.892,0.75,0.608,0.55,0.608,0.75,0.892,1.0
682,,0.842,0.7,0.558,0.5,0.558,0.7,0.842,0.95
683,,0.792,0.65,0.508,0.45,0.508,0.65,0.792,0.9
684,,0.742,0.6,0.458,0.4,0.458,0.6,0.742,0.85
685,,0.692,0.55,0.408,0.35,0.408,0.55,0.692,0.8
686,,0.642,0.5,0.358,0.3,0.358,0.5,0.642,0.75
687,,0.592,0.45,0.308,0.25,0.308,0.45,0.592,0.7
688,,0.542,0.4,0.258,0.2,0.258,0.4,0.542,0.65
689,,0.492,0.35,0.208,0.15,0.208,0.35,0.492,0.6
690,,0.442,0.3,0.158,0.1,0.158,0.3,0.442,0.55
691,,0.392,0.25,0.108,0.05,0.108,0.25,0.392,0.5
692,,0.342,0.2,0.058,0.0,0.058,0.2,0.342,0.45
693,,0.292,0.15,0.008,-0.05,0.008,0.15,0.292,0.4
694,4,0.571,0.5,0.429,0.95,0.429,0.5,0.571,0.65
695,4,0.85,0.85,0.85,1.0,0.85,0.85,0.85,0.9
696,,0.8,0.8,0.8,0.95,0.8,0.8,0.8,0.85
697,,0.75,0.75,0.75,0.9,0.75,0.75,0.75,0.8
698,,0.7,0.7,0.7,0.85,0.7,0.7,0.7,0.75
699,,0.65,0.65,0.65,0.8,0.65,0.65,0.65,0.7
700,,0.6,0.6,0.6,0.75,0.6,0.6,0.6,0.65
701,,0.55,0.55,0.55,0.7,0.55,0.55,0.55,0.6
702,,0.5,0.5,0.5,0.65,0.5,0.5,0.5,0.55
703,,0.45,0.45,0.45,0.6,0.45,0.45,0.45,0.5
704,,0.4,0.4,0.4,0.55,0.4,0.4,0.4,0.45
705,,0.35,0.35,0.35,0.5,0.35,0.35,0.35,0.4
706,,0.3,0.3,0.3,0.45,0.3,0.3,0.3,0.35
707,,0.25,0.25,0.25,0.4,0.25,0.25,0.25,0.3
708,,0.2,0.2,0.2,0.35,0.2,0.2,0.2,0.25
709,,0.15,0.15,0.15,0.3,0.15,0.15,0.15,0.2
710,,0.1,0.1,0.1,0.25,0.1,0.1,0.1,0.15
711,,0.05,0.05,0.05,0.2,0.05,0.05,0.05,0.1
712,,0.0,0.0,0.0,0.15,0.0,0.0,0.0,0.05
713,,-0.05,-0.05,-0.05,0.1,-0.05,-0.05,-0.05,0.0
714,5,0.2,0.229,0.3,0.521,0.95,0.371,0.3,0.279
715,5,0.45,0.508,0.65,0.942,1.0,0.792,0.65,0.558
716,,0.4,0.458,0.6,0.892,0.95,0.742,0.6,0.508
717,,0.35,0.408,0.55,0.842,0.9,0.692,0.55,0.458
718,,0.3,0.358,0.5,0.792,0.85,0.642,0.5,0.408
719,,0.25,0.308,0.45,0.742,0.8,0.592,0.45,0.358
720,,0.2,0.258,0.4,0.692,0.75,0.542,0.4,0.308
721,,0.15,0.208,0.35,0.642,0.7,0.492,0.35,0.258
722,,0.1,0.158,0.3,0.592,0.65,0.442,0.3,0.208
723,,0.05,0.108,0.25,0.542,0.6,0.392,0.25,0.158
724,,0.0,0.058,0.2,0.492,0.55,0.342,0.2,0.108
725,,-0.05,0.008,0.15,0.442,0.5,0.292,0.15,0.058
726,1,0.95,0.429,0.5,0.721,0.75,0.571,0.5,0.479
727,1,1.0,0.85,0.85,1.0,1.0,0.85,0.85,0.9
728,,0.95,0.8,0.8,0.95,0.95,0.8,0.8,0.85
729,,0.9,0.75,0.75,0.9,0.9,0.75,0.75,0.8
730,,0.85,0.7,0.7,0.85,0.85,0.7,0.7,0.75
731,,0.8,0.65,0.65,0.8,0.8,0.65,0.65,0.7
732,,0.75,0.6,0.6,0.75,0.75,0.6,0.6,0.65
733,,0.7,0.55,0.55,0.7,0.7,0.55,0.55,0.6
734,,0.65,0.5,0.5,0.65,0.65,0.5,0.5,0.55
735,,0.6,0.45,0.45,0.6,0.6,0.45,0.45,0.5
736,,0.55,0.4,0.4,0.55,0.55,0.4,0.4,0.45
737,,0.5,0.35,0.35,0.5,0.5,0.35,0.35,0.4
738,,0.45,0.3,0.3,0.45,0.45,0.3,0.3,0.35
739,,0.4,0.25,0.25,0.4,0.4,0.25,0.25,0.3
740,,0.35,0.2,0.2,0.35,0.35,0.2,0.2,0.25
741,,0.3,0.15,0.15,0.3,0.3,0.15,0.15,0.2
742,,0.25,0.1,0.1,0.25,0.25,0.1,0.1,0.15
743,,0.2,0.05,0.05,0.2,0.2,0.05,0.05,0.1
744,,0.15,0.0,0.0,0.15,0.15,0.0,0.0,0.05
745,,0.1,-0.05,-0.05,0.1,0.1,-0.05,-0.05,0.0
746,2,0.521,0.95,0.371,0.45,0.379,0.2,0.229,0.35
747,2,0.942,1.0,0.792,0.8,0.658,0.45,0.508,0.7
748,,0.892,0.95,0.742,0.75,0.608,0.4,0.458,0.65
749,,0.842,0.9,0.692,0.7,0.558,0.35,0.408,0.6
750,,0.792,0.85,0.642,0.65,0.508,0.3,0.358,0.55
751,,0.742,0.8,0.592,0.6,0.458,0.25,0.308,0.5
752,,0.692,0.75,0.542,0.55,0.408,0.2,0.258,0.45
753,,0.642,0.7,0.492,0.5,0.358,0.15,0.208,0.4
754,,0.592,0.65,0.442,0.45,0.308,0.1,0.158,0.35
755,,0.542,0.6,0.392,0.4,0.258,0.05,0.108,0.3
756,,0.492,0.55,0.342,0.35,0.208,0.0,0.058,0.25
757,,0.442,0.5,0.292,0.3,0.158,-0.05,0.008,0.2
758,6,0.721,0.75,0.571,0.65,0.579,0.95,0.429,0.55
759,6,1.0,1.0,0.85,1.0,1.0,1.0,0.85,0.9
760,,0.95,0.95,0.8,0.95,0.95,0.95,0.8,0.85
761,,0.9,0.9,0.75,0.9,0.9,0.9,0.75,0.8
762,,0.85,0.85,0.7,0.85,0.85,0.85,0.7,0.75
763,,0.8,0.8,0.65,0.8,0.8,0.8,0.65,0.7
764,,0.75,0.75,0.6,0.75,0.75,0.75,0.6,0.65
765,,0.7,0.7,0.55,0.7,0.7,0.7,0.55,0.6
766,,0.65,0.65,0.5,0.65,0.65,0.65,0.5,0.55
767,,0.6,0.6,0.45,0.6,0.6,0.6,0.45,0.5
768,,0.55,0.55,0.4,0.55,0.55,0.55,0.4,0.45
769,,0.5,0.5,0.35,0.5,0.5,0.5,0.35,0.4
770,,0.45,0.45,0.3,0.45,0.45,0.45,0.3,0.35
771,,0.4,0.4,0.25,0.4,0.4,0.4,0.25,0.3
772,,0.35,0.35,0.2,0.35,0.35,0.35,0.2,0.25
773,,0.3,0.3,0.15,0.3,0.3,0.3,0.15,0.2
774,,0.25,0.25,0.1,0.25,0.25,0.25,0.1,0.15
775,,0.2,0.2,0.05,0.2,0.2,0.2,0.05,0.1
776,,0.15,0.15,0.0,0.15,0.15,0.15,0.0,0.05
777,,0.1,0.1,-0.05,0.1,0.1,0.1,-0.05,0.0
778,7,0.45,0.379,0.2,0.379,0.45,0.521,0.95,0.421
779,7,0.8,0.658,0.45,0.658,0.8,0.942,1.0,0.842
780,,0.75,0.608,0.4,0.608,0.75,0.892,0.95,0.792
781,,0.7,0.558,0.35,0.558,0.7,0.842,0.9,0.742
782,,0.65,0.508,0.3,0.508,0.65,0.792,0.85,0.692
783,,0.6,0.458,0.25,0.458,0.6,0.742,0.8,0.642
784,,0.55,0.408,0.2,0.408,0.55,0.692,0.75,0.592
785,,0.5,0.358,0.15,0.358,0.5,0.642,0.7,0.542
786,,0.45,0.308,0.1,0.308,0.45,0.592,0.65,0.492
787,,0.4,0.258,0.05,0.258,0.4,0.542,0.6,0.442
788,,0.35,0.208,0.0,0.208,0.35,0.492,0.55,0.392
789,,0.3,0.158,-0.05,0.158,0.3,0.442,0.5,0.342
790,3,0.65,0.579,0.95,0.579,0.65,0.721,0.75,0.621
791,3,1.0,1.0,1.0,1.0,1.0,1.0,1.0,0.9
792,,0.95,0.95,0.95,0.95,0.95,0.95,0.95,0.85
793,,0.9,0.9,0.9,0.9,0.9,0.9,0.9,0.8
794,,0.85,0.85,0.85,0.85,0.85,0.85,0.85,0.75
795,,0.8,0.8,0.8,0.8,0.8,0.8,0.8,0.7
796,,0.75,0.75,0.75,0.75,0.75,0.75,0.75,0.65
797,,0.7,0.7,0.7,0.7,0.7,0.7,0.7,0.6
798,,0.65,0.65,0.65,0.65,0.65,0.65,0.65,0.55
799,,0.6,0.6,0.6,0.6,0.6,0.6,0.6,0.5
800,,0.55,0.55,0.55,0.55,0.55,0.55,0.55,0.45
801,,0.5,0.5,0.5,0.5,0.5,0.5,0.5,0.4
802,,0.45,0.45,0.45,0.45,0.45,0.45,0.45,0.35
803,,0.4,0.4,0.4,0.4,0.4,0.4,0.4,0.3
804,,0.35,0.35,0.35,0.35,0.35,0.35,0.35,0.25
805,,0.3,0.3,0.3,0.3,0.3,0.3,0.3,0.2
806,,0.25,0.25,0.25,0.25,0.25,0.25,0.25,0.15
807,,0.2,0.2,0.2,0.2,0.2,0.2,0.2,0.1
808,,0.15,0.15,0.15,0.15,0.15,0.15,0.15,0.05
809,,0.1,0.1,0.1,0.1,0.1,0.1,0.1,0.0
810,,0.05,0.05,0.05,0.05,0.05,0.05,0.05,-0.05
811,8,0.471,0.4,0.329,0.3,0.329,0.4,0.471,0.95
812,8,0.892,0.75,0.608,0.55,0.608,0.75,0.892,1.0
813,,0.842,0.7,0.558,0.5,0.558,0.7,0.842,0.95
814,,0.792,0.65,0.508,0.45,0.508,0.65,0.792,0.9
815,,0.742,0.6,0.458,0.4,0.458,0.6,0.742,0.85
816,,0.692,0.55,0.408,0.35,0.408,0.55,0.692,0.8
817,,0.642,0.5,0.358,0.3,0.358,0.5,0.642,0.75
818,,0.592,0.45,0.308,0.25,0.308,0.45,0.592,0.7
819,,0.542,0.4,0.258,0.2,0.258,0.4,0.542,0.65
820,,0.492,0.35,0.208,0.15,0.208,0.35,0.492,0.6
821,,0.442,0.3,0.158,0.1,0.158,0.3,0.442,0.55
822,,0.392,0.25,0.108,0.05,0.108,0.25,0.392,0.5
823,,0.342,0.2,0.058,0.0,0.058,0.2,0.342,0.45
824,,0.292,0.15,0.008,-0.05,0.008,0.15,0.292,0.4
825,4,0.571,0.5,0.429,0.95,0.429,0.5,0.571,0.65
826,4,0.85,0.85,0.85,1.0,0.85,0.85,0.85,0.9
827,,0.8,0.8,0.8,0.95,0.8,0.8,0.8,0.85
828,,0.75,0.75,0.75,0.9,0.75,0.75,0.75,0.8
829,,0.7,0.7,0.7,0.85,0.7,0.7,0.7,0.75
830,,0.65,0.65,0.65,0.8,0.65,0.65,0.65,0.7
831,,0.6,0.6,0.6,0.75,0.6,0.6,0.6,0.65
832,,0.55,0.55,0.55,0.7,0.55,0.55,0.55,0.6
833,,0.5,0.5,0.5,0.65,0.5,0.5,0.5,0.55
834,,0.45,0.45,0.45,0.6,0.45,0.45,0.45,0.5
835,,0.4,0.4,0.4,0.55,0.4,0.4,0.4,0.45
836,,0.35,0.35,0.35,0.5,0.35,0.35,0.35,0.4
837,,0.3,0.3,0.3,0.45,0.3,0.3,0.3,0.35
838,,0.25,0.25,0.25,0.4,0.25,0.25,0.25,0.3
839,,0.2,0.2,0.2,0.35,0.2,0.2,0.2,0.25
840,,0.15,0.15,0.15,0.3,0.15,0.15,0.15,0.2
841,,0.1,0.1,0.1,0.25,0.1,0.1,0.1,0.15
842,,0.05,0.05,0.05,0.2,0.05,0.05,0.05,0.1
843,,0.0,0.0,0.0,0.15,0.0,0.0,0.0,0.05
844,,-0.05,-0.05,-0.05,0.1,-0.05,-0.05,-0.05,0.0
845,7,0.3,0.229,0.2,0.379,0.3,0.371,0.95,0.421
846,7,0.65,0.508,0.45,0.658,0.65,0.792,1.0,0.842
847,,0.6,0.458,0.4,0.608,0.6,0.742,0.95,0.792
848,,0.55,0.408,0.35,0.558,0.55,0.692,0.9,0.742
849,,0.5,0.358,0.3,0.508,0.5,0.642,0.85,0.692
850,,0.45,0.308,0.25,0.458,0.45,0.592,0.8,0.642
851,,0.4,0.258,0.2,0.408,0.4,0.542,0.75,0.592
852,,0.35,0.208,0.15,0.358,0.35,0.492,0.7,0.542
853,,0.3,0.158,0.1,0.308,0.3,0.442,0.65,0.492
854,,0.25,0.108,0.05,0.258,0.25,0.392,0.6,0.442
855,,0.2,0.058,0.0,0.208,0.2,0.342,0.55,0.392
856,,0.15,0.008,-0.05,0.158,0.15,0.292,0.5,0.342
857,3,0.5,0.429,0.95,0.579,0.5,0.571,0.75,0.621
858,3,0.85,0.85,1.0,1.0,0.85,0.85,1.0,0.9
859,,0.8,0.8,0.95,0.95,0.8,0.8,0.95,0.85
860,,0.75,0.75,0.9,0.9,0.75,0.75,0.9,0.8
861,,0.7,0.7,0.85,0.85,0.7,0.7,0.85,0.75
862,,0.65,0.65,0.8,0.8,0.65,0.65,0.8,0.7
863,,0.6,0.6,0.75,0.75,0.6,0.6,0.75,0.65
864,,0.55,0.55,0.7,0.7,0.55,0.55,0.7,0.6
865,,0.5,0.5,0.65,0.65,0.5,0.5,0.65,0.55
866,,0.45,0.45,0.6,0.6,0.45,0.45,0.6,0.5
867,,0.4,0.4,0.55,0.55,0.4,0.4,0.55,0.45
868,,0.35,0.35,0.5,0.5,0.35,0.35,0.5,0.4
869,,0.3,0.3,0.45,0.45,0.3,0.3,0.45,0.35
870,,0.25,0.25,0.4,0.4,0.25,0.25,0.4,0.3
871,,0.2,0.2,0.35,0.35,0.2,0.2,0.35,0.25
872,,0.15,0.15,0.3,0.3,0.15,0.15,0.3,0.2
873,,0.1,0.1,0.25,0.25,0.1,0.1,0.25,0.15
874,,0.05,0.05,0.2,0.2,0.05,0.05,0.2,0.1
875,,0.0,0.0,0.15,0.15,0.0,0.0,0.15,0.05
876,,-0.05,-0.05,0.1,0.1,-0.05,-0.05,0.1,0.0
877,6,0.229,0.2,0.379,0.45,0.371,0.95,0.521,0.35
878,6,0.508,0.45,0.658,0.8,0.792,1.0,0.942,0.7
879,,0.458,0.4,0.608,0.75,0.742,0.95,0.892,0.65
880,,0.408,0.35,0.558,0.7,0.692,0.9,0.842,0.6
881,,0.358,0.3,0.508,0.65,0.642,0.85,0.792,0.55
882,,0.308,0.25,0.458,0.6,0.592,0.8,0.742,0.5
883,,0.258,0.2,0.408,0.55,0.542,0.75,0.692,0.45
884,,0.208,0.15,0.358,0.5,0.492,0.7,0.642,0.4
885,,0.158,0.1,0.308,0.45,0.442,0.65,0.592,0.35
886,,0.108,0.05,0.258,0.4,0.392,0.6,0.542,0.3
887,,0.058,0.0,0.208,0.35,0.342,0.55,0.492,0.25
888,,0.008,-0.05,0.158,0.3,0.292,0.5,0.442,0.2
889,2,0.429,0.95,0.579,0.65,0.571,0.75,0.721,0.55
890,2,0.85,1.0,1.0,1.0,0.85,1.0,1.0,0.9
891,,0.8,0.95,0.95,0.95,0.8,0.95,0.95,0.85
892,,0.75,0.9,0.9,0.9,0.75,0.9,0.9,0.8
893,,0.7,0.85,0.85,0.85,0.7,0.85,0.85,0.75
894,,0.65,0.8,0.8,0.8,0.65,0.8,0.8,0.7
895,,0.6,0.75,0.75,0.75,0.6,0.75,0.75,0.65
896,,0.55,0.7,0.7,0.7,0.55,0.7,0.7,0.6
897,,0.5,0.65,0.65,0.65,0.5,0.65,0.65,0.55
898,,0.45,0.6,0.6,0.6,0.45,0.6,0.6,0.5
899,,0.4,0.55,0.55,0.55,0.4,0.55,0.55,0.45
900,,0.35,0.5,0.5,0.5,0.35,0.5,0.5,0.4
901,,0.3,0.45,0.45,0.45,0.3,0.45,0.45,0.35
902,,0.25,0.4,0.4,0.4,0.25,0.4,0.4,0.3
903,,0.2,0.35,0.35,0.35,0.2,0.35,0.35,0.25
904,,0.15,0.3,0.3,0.3,0.15,0.3,0.3,0.2
905,,0.1,0.25,0.25,0.25,0.1,0.25,0.25,0.15
906,,0.05,0.2,0.2,0.2,0.05,0.2,0.2,0.1
907,,0.0,0.15,0.15,0.15,0.0,0.15,0.15,0.05
908,,-0.05,0.1,0.1,0.1,-0.05,0.1,0.1,0.0
909,5,0.2,0.379,0.45,0.521,0.95,0.521,0.45,0.279
910,5,0.45,0.658,0.8,0.942,1.0,0.942,0.8,0.558
