step,active_motive,motive_1,motive_2,motive_3,motive_4,motive_5,motive_6,motive_7,motive_8
0,,0.05708,0.03561,0.09865,0.06058,0.02372,0.01018,0.01529,0.0246
1,,-0.09292,-0.11439,-0.05135,-0.08942,-0.12628,-0.13982,-0.13471,-0.1254
2,6,-0.22592,-0.36439,-0.18435,0.06058,0.30672,0.86018,0.29829,0.0246
3,6,-0.35892,-0.61439,-0.31735,0.21058,0.73972,1.0,0.73129,0.1746
4,2,0.07408,0.38561,0.11565,0.36058,0.60672,0.75,0.59829,0.3246
5,2,0.50708,1.0,0.54865,0.51058,0.47372,0.5,0.46529,0.4746
6,,0.35708,0.85,0.39865,0.36058,0.32372,0.35,0.31529,0.3246
7,,0.20708,0.7,0.24865,0.21058,0.17372,0.2,0.16529,0.1746
8,,0.05708,0.55,0.09865,0.06058,0.02372,0.05,0.01529,0.0246
9,,-0.09292,0.4,-0.05135,-0.08942,-0.12628,-0.1,-0.13471,-0.1254
10,7,0.05708,0.267,-0.30135,-0.22242,0.02372,0.333,0.86529,0.3076
11,7,0.20708,0.134,-0.55135,-0.35542,0.17372,0.766,1.0,0.7406
12,3,0.35708,0.567,0.44865,0.07758,0.32372,0.633,0.75,0.6076
13,3,0.50708,1.0,1.0,0.51058,0.47372,0.5,0.5,0.4746
14,,0.35708,0.85,0.85,0.36058,0.32372,0.35,0.35,0.3246
15,,0.20708,0.7,0.7,0.21058,0.17372,0.2,0.2,0.1746
16,,0.05708,0.55,0.55,0.06058,0.02372,0.05,0.05,0.0246
17,,-0.09292,0.4,0.4,-0.08942,-0.12628,-0.1,-0.1,-0.1254
18,5,-0.34292,0.267,0.55,0.34358,0.87372,0.333,0.05,-0.2584
19,5,-0.59292,0.134,0.7,0.77658,1.0,0.766,0.2,-0.3914
20,1,0.40708,0.567,0.85,0.64358,0.75,0.633,0.35,0.0416
21,1,1.0,1.0,1.0,0.51058,0.5,0.5,0.5,0.4746
22,,0.85,0.85,0.85,0.36058,0.35,0.35,0.35,0.3246
23,,0.7,0.7,0.7,0.21058,0.2,0.2,0.2,0.1746
24,,0.55,0.55,0.55,0.06058,0.05,0.05,0.05,0.0246
25,,0.4,0.4,0.4,-0.08942,-0.1,-0.1,-0.1,-0.1254
26,8,0.833,0.55,0.267,-0.33942,-0.233,0.05,0.333,0.8746
27,8,1.0,0.7,0.134,-0.58942,-0.366,0.2,0.766,1.0
28,4,0.867,0.85,0.567,0.41058,0.067,0.35,0.633,0.75
29,4,0.734,1.0,1.0,1.0,0.5,0.5,0.5,0.5
30,,0.584,0.85,0.85,0.85,0.35,0.35,0.35,0.35
31,,0.434,0.7,0.7,0.7,0.2,0.2,0.2,0.2
32,,0.284,0.55,0.55,0.55,0.05,0.05,0.05,0.05
33,,0.134,0.4,0.4,0.4,-0.1,-0.1,-0.1,-0.1
34,8,0.567,0.55,0.267,0.15,-0.233,0.05,0.333,0.9
35,8,1.0,0.7,0.134,-0.1,-0.366,0.2,0.766,1.0
36,5,0.75,0.567,0.284,0.333,0.634,0.633,0.916,0.867
37,5,0.5,0.434,0.434,0.766,1.0,1.0,1.0,0.734
38,,0.35,0.284,0.284,0.616,0.85,0.85,0.85,0.584
39,,0.2,0.134,0.134,0.466,0.7,0.7,0.7,0.434
40,,0.05,-0.016,-0.016,0.316,0.55,0.55,0.55,0.284
41,3,0.2,0.417,0.984,0.749,0.7,0.417,0.3,0.151
42,3,0.35,0.85,1.0,1.0,0.85,0.284,0.05,0.018
43,,0.2,0.7,0.85,0.85,0.7,0.134,-0.1,-0.132
44,8,0.633,0.85,0.717,0.6,0.567,0.284,0.333,0.868
45,8,1.0,1.0,0.584,0.35,0.434,0.434,0.766,1.0
46,,0.85,0.85,0.434,0.2,0.284,0.284,0.616,0.85
47,,0.7,0.7,0.284,0.05,0.134,0.134,0.466,0.7
48,,0.55,0.55,0.134,-0.1,-0.016,-0.016,0.316,0.55
49,4,0.417,0.7,0.567,0.9,0.417,0.134,0.183,0.3
50,4,0.284,0.85,1.0,1.0,0.85,0.284,0.05,0.05
51,,0.134,0.7,0.85,0.85,0.7,0.134,-0.1,-0.1
52,7,0.284,0.567,0.6,0.717,0.85,0.567,0.9,0.333
53,7,0.434,0.434,0.35,0.584,1.0,1.0,1.0,0.766
54,,0.284,0.284,0.2,0.434,0.85,0.85,0.85,0.616
55,,0.134,0.134,0.05,0.284,0.7,0.7,0.7,0.466
56,,-0.016,-0.016,-0.1,0.134,0.55,0.55,0.55,0.316
57,3,0.134,0.417,0.9,0.567,0.7,0.417,0.3,0.183
58,3,0.284,0.85,1.0,1.0,0.85,0.284,0.05,0.05
59,,0.134,0.7,0.85,0.85,0.7,0.134,-0.1,-0.1
60,8,0.567,0.85,0.717,0.6,0.567,0.284,0.333,0.9
61,8,1.0,1.0,0.584,0.35,0.434,0.434,0.766,1.0
62,,0.85,0.85,0.434,0.2,0.284,0.284,0.616,0.85
63,,0.7,0.7,0.284,0.05,0.134,0.134,0.466,0.7
64,,0.55,0.55,0.134,-0.1,-0.016,-0.016,0.316,0.55
65,4,0.417,0.7,0.567,0.9,0.417,0.134,0.183,0.3
66,4,0.284,0.85,1.0,1.0,0.85,0.284,0.05,0.05
67,,0.134,0.7,0.85,0.85,0.7,0.134,-0.1,-0.1
68,8,0.567,0.85,0.717,0.6,0.567,0.284,0.333,0.9
69,8,1.0,1.0,0.584,0.35,0.434,0.434,0.766,1.0
70,,0.85,0.85,0.434,0.2,0.284,0.284,0.616,0.85
71,,0.7,0.7,0.284,0.05,0.134,0.134,0.466,0.7
72,,0.55,0.55,0.134,-0.1,-0.016,-0.016,0.316,0.55
73,4,0.417,0.7,0.567,0.9,0.417,0.134,0.183,0.3
74,4,0.284,0.85,1.0,1.0,0.85,0.284,0.05,0.05
75,,0.134,0.7,0.85,0.85,0.7,0.134,-0.1,-0.1
76,8,0.567,0.85,0.717,0.6,0.567,0.284,0.333,0.9
77,8,1.0,1.0,0.584,0.35,0.434,0.434,0.766,1.0
78,,0.85,0.85,0.434,0.2,0.284,0.284,0.616,0.85
79,,0.7,0.7,0.284,0.05,0.134,0.134,0.466,0.7
80,,0.55,0.55,0.134,-0.1,-0.016,-0.016,0.316,0.55
81,4,0.417,0.7,0.567,0.9,0.417,0.134,0.183,0.3
82,4,0.284,0.85,1.0,1.0,0.85,0.284,0.05,0.05
83,,0.134,0.7,0.85,0.85,0.7,0.134,-0.1,-0.1
84,7,0.284,0.567,0.6,0.717,0.85,0.567,0.9,0.333
85,7,0.434,0.434,0.35,0.584,1.0,1.0,1.0,0.766
86,,0.284,0.284,0.2,0.434,0.85,0.85,0.85,0.616
87,,0.134,0.134,0.05,0.284,0.7,0.7,0.7,0.466
88,,-0.016,-0.016,-0.1,0.134,0.55,0.55,0.55,0.316
89,3,0.134,0.417,0.9,0.567,0.7,0.417,0.3,0.183
90,3,0.284,0.85,1.0,1.0,0.85,0.284,0.05,0.05
91,,0.134,0.7,0.85,0.85,0.7,0.134,-0.1,-0.1
92,8,0.567,0.85,0.717,0.6,0.567,0.284,0.333,0.9
93,8,1.0,1.0,0.584,0.35,0.434,0.434,0.766,1.0
94,,0.85,0.85,0.434,0.2,0.284,0.284,0.616,0.85
95,,0.7,0.7,0.284,0.05,0.134,0.134,0.466,0.7
96,,0.55,0.55,0.134,-0.1,-0.016,-0.016,0.316,0.55
97,4,0.417,0.7,0.567,0.9,0.417,0.134,0.183,0.3
98,4,0.284,0.85,1.0,1.0,0.85,0.284,0.05,0.05
99,,0.134,0.7,0.85,0.85,0.7,0.134,-0.1,-0.1
100,7,0.284,0.567,0.6,0.717,0.85,0.567,0.9,0.333
101,7,0.434,0.434,0.35,0.584,1.0,1.0,1.0,0.766
102,,0.284,0.284,0.2,0.434,0.85,0.85,0.85,0.616
103,,0.134,0.134,0.05,0.284,0.7,0.7,0.7,0.466
104,,-0.016,-0.016,-0.1,0.134,0.55,0.55,0.55,0.316
105,3,0.134,0.417,0.9,0.567,0.7,0.417,0.3,0.183
106,3,0.284,0.85,1.0,1.0,0.85,0.284,0.05,0.05
107,,0.134,0.7,0.85,0.85,0.7,0.134,-0.1,-0.1
108,7,0.284,0.567,0.6,0.717,0.85,0.567,0.9,0.333
109,7,0.434,0.434,0.35,0.584,1.0,1.0,1.0,0.766
110,,0.284,0.284,0.2,0.434,0.85,0.85,0.85,0.616
111,,0.134,0.134,0.05,0.284,0.7,0.7,0.7,0.466
112,,-0.016,-0.016,-0.1,0.134,0.55,0.55,0.55,0.316
113,3,0.134,0.417,0.9,0.567,0.7,0.417,0.3,0.183
114,3,0.284,0.85,1.0,1.0,0.85,0.284,0.05,0.05
115,,0.134,0.7,0.85,0.85,0.7,0.134,-0.1,-0.1
116,7,0.284,0.567,0.6,0.717,0.85,0.567,0.9,0.333
117,7,0.434,0.434,0.35,0.584,1.0,1.0,1.0,0.766
118,,0.284,0.284,0.2,0.434,0.85,0.85,0.85,0.616
119,,0.134,0.134,0.05,0.284,0.7,0.7,0.7,0.466
120,,-0.016,-0.016,-0.1,0.134,0.55,0.55,0.55,0.316
121,3,0.134,0.417,0.9,0.567,0.7,0.417,0.3,0.183
122,3,0.284,0.85,1.0,1.0,0.85,0.284,0.05,0.05
123,,0.134,0.7,0.85,0.85,0.7,0.134,-0.1,-0.1
124,7,0.284,0.567,0.6,0.717,0.85,0.567,0.9,0.333
125,7,0.434,0.434,0.35,0.584,1.0,1.0,1.0,0.766
126,,0.284,0.284,0.2,0.434,0.85,0.85,0.85,0.616
127,,0.134,0.134,0.05,0.284,0.7,0.7,0.7,0.466
128,,-0.016,-0.016,-0.1,0.134,0.55,0.55,0.55,0.316
129,3,0.134,0.417,0.9,0.567,0.7,0.417,0.3,0.183
130,3,0.284,0.85,1.0,1.0,0.85,0.284,0.05,0.05
131,,0.134,0.7,0.85,0.85,0.7,0.134,-0.1,-0.1
132,7,0.284,0.567,0.6,0.717,0.85,0.567,0.9,0.333
133,7,0.434,0.434,0.35,0.584,1.0,1.0,1.0,0.766
134,,0.284,0.284,0.2,0.434,0.85,0.85,0.85,0.616
135,,0.134,0.134,0.05,0.284,0.7,0.7,0.7,0.466
136,,-0.016,-0.016,-0.1,0.134,0.55,0.55,0.55,0.316
137,3,0.134,0.417,0.9,0.567,0.7,0.417,0.3,0.183
138,3,0.284,0.85,1.0,1.0,0.85,0.284,0.05,0.05
139,,0.134,0.7,0.85,0.85,0.7,0.134,-0.1,-0.1
140,7,0.284,0.567,0.6,0.717,0.85,0.567,0.9,0.333
141,7,0.434,0.434,0.35,0.584,1.0,1.0,1.0,0.766
142,,0.284,0.284,0.2,0.434,0.85,0.85,0.85,0.616
143,,0.134,0.134,0.05,0.284,0.7,0.7,0.7,0.466
144,,-0.016,-0.016,-0.1,0.134,0.55,0.55,0.55,0.316
145,3,0.134,0.417,0.9,0.567,0.7,0.417,0.3,0.183
146,3,0.284,0.85,1.0,1.0,0.85,0.284,0.05,0.05
147,,0.134,0.7,0.85,0.85,0.7,0.134,-0.1,-0.1
148,8,0.567,0.85,0.717,0.6,0.567,0.284,0.333,0.9
149,8,1.0,1.0,0.584,0.35,0.434,0.434,0.766,1.0
150,,0.85,0.85,0.434,0.2,0.284,0.284,0.616,0.85
151,,0.7,0.7,0.284,0.05,0.134,0.134,0.466,0.7
152,,0.55,0.55,0.134,-0.1,-0.016,-0.016,0.316,0.55
153,4,0.417,0.7,0.567,0.9,0.417,0.134,0.183,0.3
154,4,0.284,0.85,1.0,1.0,0.85,0.284,0.05,0.05
155,,0.134,0.7,0.85,0.85,0.7,0.134,-0.1,-0.1
156,7,0.284,0.567,0.6,0.717,0.85,0.567,0.9,0.333
157,7,0.434,0.434,0.35,0.584,1.0,1.0,1.0,0.766
158,,0.284,0.284,0.2,0.434,0.85,0.85,0.85,0.616
159,,0.134,0.134,0.05,0.284,0.7,0.7,0.7,0.466
160,,-0.016,-0.016,-0.1,0.134,0.55,0.55,0.55,0.316
161,3,0.134,0.417,0.9,0.567,0.7,0.417,0.3,0.183
162,3,0.284,0.85,1.0,1.0,0.85,0.284,0.05,0.05
163,,0.134,0.7,0.85,0.85,0.7,0.134,-0.1,-0.1
164,8,0.567,0.85,0.717,0.6,0.567,0.284,0.333,0.9
165,8,1.0,1.0,0.584,0.35,0.434,0.434,0.766,1.0
166,,0.85,0.85,0.434,0.2,0.284,0.284,0.616,0.85
167,,0.7,0.7,0.284,0.05,0.134,0.134,0.466,0.7
168,,0.55,0.55,0.134,-0.1,-0.016,-0.016,0.316,0.55
169,4,0.417,0.7,0.567,0.9,0.417,0.134,0.183,0.3
170,4,0.284,0.85,1.0,1.0,0.85,0.284,0.05,0.05
171,,0.134,0.7,0.85,0.85,0.7,0.134,-0.1,-0.1
172,8,0.567,0.85,0.717,0.6,0.567,0.284,0.333,0.9
173,8,1.0,1.0,0.584,0.35,0.434,0.434,0.766,1.0
174,,0.85,0.85,0.434,0.2,0.284,0.284,0.616,0.85
175,,0.7,0.7,0.284,0.05,0.134,0.134,0.466,0.7
176,,0.55,0.55,0.134,-0.1,-0.016,-0.016,0.316,0.55
177,4,0.417,0.7,0.567,0.9,0.417,0.134,0.183,0.3
178,4,0.284,0.85,1.0,1.0,0.85,0.284,0.05,0.05
179,,0.134,0.7,0.85,0.85,0.7,0.134,-0.1,-0.1
180,7,0.284,0.567,0.6,0.717,0.85,0.567,0.9,0.333
181,7,0.434,0.434,0.35,0.584,1.0,1.0,1.0,0.766
182,,0.284,0.284,0.2,0.434,0.85,0.85,0.85,0.616
183,,0.134,0.134,0.05,0.284,0.7,0.7,0.7,0.466
184,,-0.016,-0.016,-0.1,0.134,0.55,0.55,0.55,0.316
185,3,0.134,0.417,0.9,0.567,0.7,0.417,0.3,0.183
186,3,0.284,0.85,1.0,1.0,0.85,0.284,0.05,0.05
187,,0.134,0.7,0.85,0.85,0.7,0.134,-0.1,-0.1
188,8,0.567,0.85,0.717,0.6,0.567,0.284,0.333,0.9
189,8,1.0,1.0,0.584,0.35,0.434,0.434,0.766,1.0
190,,0.85,0.85,0.434,0.2,0.284,0.284,0.616,0.85
191,,0.7,0.7,0.284,0.05,0.134,0.134,0.466,0.7
192,,0.55,0.55,0.134,-0.1,-0.016,-0.016,0.316,0.55
193,4,0.417,0.7,0.567,0.9,0.417,0.134,0.183,0.3
194,4,0.284,0.85,1.0,1.0,0.85,0.284,0.05,0.05
195,,0.134,0.7,0.85,0.85,0.7,0.134,-0.1,-0.1
196,8,0.567,0.85,0.717,0.6,0.567,0.284,0.333,0.9
197,8,1.0,1.0,0.584,0.35,0.434,0.434,0.766,1.0
198,,0.85,0.85,0.434,0.2,0.284,0.284,0.616,0.85
199,,0.7,0.7,0.284,0.05,0.134,0.134,0.466,0.7
200,,0.55,0.55,0.134,-0.1,-0.016,-0.016,0.316,0.55
201,4,0.417,0.7,0.567,0.9,0.417,0.134,0.183,0.3
202,4,0.284,0.85,1.0,1.0,0.85,0.284,0.05,0.05
203,,0.134,0.7,0.85,0.85,0.7,0.134,-0.1,-0.1
204,8,0.567,0.85,0.717,0.6,0.567,0.284,0.333,0.9
205,8,1.0,1.0,0.584,0.35,0.434,0.434,0.766,1.0
206,,0.85,0.85,0.434,0.2,0.284,0.284,0.616,0.85
207,,0.7,0.7,0.284,0.05,0.134,0.134,0.466,0.7
208,,0.55,0.55,0.134,-0.1,-0.016,-0.016,0.316,0.55
209,4,0.417,0.7,0.567,0.9,0.417,0.134,0.183,0.3
210,4,0.284,0.85,1.0,1.0,0.85,0.284,0.05,0.05
211,,0.134,0.7,0.85,0.85,0.7,0.134,-0.1,-0.1
212,8,0.567,0.85,0.717,0.6,0.567,0.284,0.333,0.9
213,8,1.0,1.0,0.584,0.35,0.434,0.434,0.766,1.0
214,,0.85,0.85,0.434,0.2,0.284,0.284,0.616,0.85
215,,0.7,0.7,0.284,0.05,0.134,0.134,0.466,0.7
216,,0.55,0.55,0.134,-0.1,-0.016,-0.016,0.316,0.55
217,4,0.417,0.7,0.567,0.9,0.417,0.134,0.183,0.3
218,4,0.284,0.85,1.0,1.0,0.85,0.284,0.05,0.05
219,,0.134,0.7,0.85,0.85,0.7,0.134,-0.1,-0.1
220,7,0.284,0.567,0.6,0.717,0.85,0.567,0.9,0.333
221,7,0.434,0.434,0.35,0.584,1.0,1.0,1.0,0.766
222,,0.284,0.284,0.2,0.434,0.85,0.85,0.85,0.616
223,,0.134,0.134,0.05,0.284,0.7,0.7,0.7,0.466
224,,-0.016,-0.016,-0.1,0.134,0.55,0.55,0.55,0.316
225,3,0.134,0.417,0.9,0.567,0.7,0.417,0.3,0.183
226,3,0.284,0.85,1.0,1.0,0.85,0.284,0.05,0.05
227,,0.134,0.7,0.85,0.85,0.7,0.134,-0.1,-0.1
228,8,0.567,0.85,0.717,0.6,0.567,0.284,0.333,0.9
229,8,1.0,1.0,0.584,0.35,0.434,0.434,0.766,1.0
230,,0.85,0.85,0.434,0.2,0.284,0.284,0.616,0.85
231,,0.7,0.7,0.284,0.05,0.134,0.134,0.466,0.7
232,,0.55,0.55,0.134,-0.1,-0.016,-0.016,0.316,0.55
233,4,0.417,0.7,0.567,0.9,0.417,0.134,0.183,0.3
234,4,0.284,0.85,1.0,1.0,0.85,0.284,0.05,0.05
235,,0.134,0.7,0.85,0.85,0.7,0.134,-0.1,-0.1
236,7,0.284,0.567,0.6,0.717,0.85,0.567,0.9,0.333
237,7,0.434,0.434,0.35,0.584,1.0,1.0,1.0,0.766
238,,0.284,0.284,0.2,0.434,0.85,0.85,0.85,0.616
239,,0.134,0.134,0.05,0.284,0.7,0.7,0.7,0.466
240,,-0.016,-0.016,-0.1,0.134,0.55,0.55,0.55,0.316
241,3,0.134,0.417,0.9,0.567,0.7,0.417,0.3,0.183
242,3,0.284,0.85,1.0,1.0,0.85,0.284,0.05,0.05
243,,0.134,0.7,0.85,0.85,0.7,0.134,-0.1,-0.1
244,8,0.567,0.85,0.717,0.6,0.567,0.284,0.333,0.9
245,8,1.0,1.0,0.584,0.35,0.434,0.434,0.766,1.0
246,,0.85,0.85,0.434,0.2,0.284,0.284,0.616,0.85
247,,0.7,0.7,0.284,0.05,0.134,0.134,0.466,0.7
248,,0.55,0.55,0.134,-0.1,-0.016,-0.016,0.316,0.55
249,4,0.417,0.7,0.567,0.9,0.417,0.134,0.183,0.3
250,4,0.284,0.85,1.0,1.0,0.85,0.284,0.05,0.05
251,,0.134,0.7,0.85,0.85,0.7,0.134,-0.1,-0.1
252,8,0.567,0.85,0.717,0.6,0.567,0.284,0.333,0.9
253,8,1.0,1.0,0.584,0.35,0.434,0.434,0.766,1.0
254,,0.85,0.85,0.434,0.2,0.284,0.284,0.616,0.85
255,,0.7,0.7,0.284,0.05,0.134,0.134,0.466,0.7
256,,0.55,0.55,0.134,-0.1,-0.016,-0.016,0.316,0.55
257,4,0.417,0.7,0.567,0.9,0.417,0.134,0.183,0.3
258,4,0.284,0.85,1.0,1.0,0.85,0.284,0.05,0.05
259,,0.134,0.7,0.85,0.85,0.7,0.134,-0.1,-0.1
260,7,0.284,0.567,0.6,0.717,0.85,0.567,0.9,0.333
261,7,0.434,0.434,0.35,0.584,1.0,1.0,1.0,0.766
262,,0.284,0.284,0.2,0.434,0.85,0.85,0.85,0.616
263,,0.134,0.134,0.05,0.284,0.7,0.7,0.7,0.466
264,,-0.016,-0.016,-0.1,0.134,0.55,0.55,0.55,0.316
265,3,0.134,0.417,0.9,0.567,0.7,0.417,0.3,0.183
266,3,0.284,0.85,1.0,1.0,0.85,0.284,0.05,0.05
267,,0.134,0.7,0.85,0.85,0.7,0.134,-0.1,-0.1
268,8,0.567,0.85,0.717,0.6,0.567,0.284,0.333,0.9
269,8,1.0,1.0,0.584,0.35,0.434,0.434,0.766,1.0
270,,0.85,0.85,0.434,0.2,0.284,0.284,0.616,0.85
271,,0.7,0.7,0.284,0.05,0.134,0.134,0.466,0.7
272,,0.55,0.55,0.134,-0.1,-0.016,-0.016,0.316,0.55
273,4,0.417,0.7,0.567,0.9,0.417,0.134,0.183,0.3
274,4,0.284,0.85,1.0,1.0,0.85,0.284,0.05,0.05
275,,0.134,0.7,0.85,0.85,0.7,0.134,-0.1,-0.1
276,8,0.567,0.85,0.717,0.6,0.567,0.284,0.333,0.9
277,8,1.0,1.0,0.584,0.35,0.434,0.434,0.766,1.0
278,,0.85,0.85,0.434,0.2,0.284,0.284,0.616,0.85
279,,0.7,0.7,0.284,0.05,0.134,0.134,0.466,0.7
280,,0.55,0.55,0.134,-0.1,-0.016,-0.016,0.316,0.55
281,4,0.417,0.7,0.567,0.9,0.417,0.134,0.183,0.3
282,4,0.284,0.85,1.0,1.0,0.85,0.284,0.05,0.05
283,,0.134,0.7,0.85,0.85,0.7,0.134,-0.1,-0.1
284,8,0.567,0.85,0.717,0.6,0.567,0.284,0.333,0.9
285,8,1.0,1.0,0.584,0.35,0.434,0.434,0.766,1.0
286,,0.85,0.85,0.434,0.2,0.284,0.284,0.616,0.85
287,,0.7,0.7,0.284,0.05,0.134,0.134,0.466,0.7
288,,0.55,0.55,0.134,-0.1,-0.016,-0.016,0.316,0.55
289,4,0.417,0.7,0.567,0.9,0.417,0.134,0.183,0.3
290,4,0.284,0.85,1.0,1.0,0.85,0.284,0.05,0.05
291,,0.134,0.7,0.85,0.85,0.7,0.134,-0.1,-0.1
292,7,0.284,0.567,0.6,0.717,0.85,0.567,0.9,0.333
293,7,0.434,0.434,0.35,0.584,1.0,1.0,1.0,0.766
294,,0.284,0.284,0.2,0.434,0.85,0.85,0.85,0.616
295,,0.134,0.134,0.05,0.284,0.7,0.7,0.7,0.466
296,,-0.016,-0.016,-0.1,0.134,0.55,0.55,0.55,0.316
297,3,0.134,0.417,0.9,0.567,0.7,0.417,0.3,0.183
298,3,0.284,0.85,1.0,1.0,0.85,0.284,0.05,0.05
299,,0.134,0.7,0.85,0.85,0.7,0.134,-0.1,-0.1
300,8,0.567,0.85,0.717,0.6,0.567,0.284,0.333,0.9
301,8,1.0,1.0,0.584,0.35,0.434,0.434,0.766,1.0
302,,0.85,0.85,0.434,0.2,0.284,0.284,0.616,0.85
303,,0.7,0.7,0.284,0.05,0.134,0.134,0.466,0.7
304,,0.55,0.55,0.134,-0.1,-0.016,-0.016,0.316,0.55
305,4,0.417,0.7,0.567,0.9,0.417,0.134,0.183,0.3
306,4,0.284,0.85,1.0,1.0,0.85,0.284,0.05,0.05
307,,0.134,0.7,0.85,0.85,0.7,0.134,-0.1,-0.1
308,7,0.284,0.567,0.6,0.717,0.85,0.567,0.9,0.333
309,7,0.434,0.434,0.35,0.584,1.0,1.0,1.0,0.766
310,,0.284,0.284,0.2,0.434,0.85,0.85,0.85,0.616
311,,0.134,0.134,0.05,0.284,0.7,0.7,0.7,0.466
312,,-0.016,-0.016,-0.1,0.134,0.55,0.55,0.55,0.316
313,3,0.134,0.417,0.9,0.567,0.7,0.417,0.3,0.183
314,3,0.284,0.85,1.0,1.0,0.85,0.284,0.05,0.05
315,,0.134,0.7,0.85,0.85,0.7,0.134,-0.1,-0.1
316,8,0.567,0.85,0.717,0.6,0.567,0.284,0.333,0.9
317,8,1.0,1.0,0.584,0.35,0.434,0.434,0.766,1.0
318,,0.85,0.85,0.434,0.2,0.284,0.284,0.616,0.85
319,,0.7,0.7,0.284,0.05,0.134,0.134,0.466,0.7
320,,0.55,0.55,0.134,-0.1,-0.016,-0.016,0.316,0.55
321,4,0.417,0.7,0.567,0.9,0.417,0.134,0.183,0.3
322,4,0.284,0.85,1.0,1.0,0.85,0.284,0.05,0.05
323,,0.134,0.7,0.85,0.85,0.7,0.134,-0.1,-0.1
324,7,0.284,0.567,0.6,0.717,0.85,0.567,0.9,0.333
325,7,0.434,0.434,0.35,0.584,1.0,1.0,1.0,0.766
326,,0.284,0.284,0.2,0.434,0.85,0.85,0.85,0.616
327,,0.134,0.134,0.05,0.284,0.7,0.7,0.7,0.466
328,,-0.016,-0.016,-0.1,0.134,0.55,0.55,0.55,0.316
329,3,0.134,0.417,0.9,0.567,0.7,0.417,0.3,0.183
330,3,0.284,0.85,1.0,1.0,0.85,0.284,0.05,0.05
331,,0.134,0.7,0.85,0.85,0.7,0.134,-0.1,-0.1
332,7,0.284,0.567,0.6,0.717,0.85,0.567,0.9,0.333
333,7,0.434,0.434,0.35,0.584,1.0,1.0,1.0,0.766
334,,0.284,0.284,0.2,0.434,0.85,0.85,0.85,0.616
335,,0.134,0.134,0.05,0.284,0.7,0.7,0.7,0.466
336,,-0.016,-0.016,-0.1,0.134,0.55,0.55,0.55,0.316
337,3,0.134,0.417,0.9,0.567,0.7,0.417,0.3,0.183
338,3,0.284,0.85,1.0,1.0,0.85,0.284,0.05,0.05
339,,0.134,0.7,0.85,0.85,0.7,0.134,-0.1,-0.1
340,8,0.567,0.85,0.717,0.6,0.567,0.284,0.333,0.9
341,8,1.0,1.0,0.584,0.35,0.434,0.434,0.766,1.0
342,,0.85,0.85,0.434,0.2,0.284,0.284,0.616,0.85
343,,0.7,0.7,0.284,0.05,0.134,0.134,0.466,0.7
344,,0.55,0.55,0.134,-0.1,-0.016,-0.016,0.316,0.55
345,4,0.417,0.7,0.567,0.9,0.417,0.134,0.183,0.3
346,4,0.284,0.85,1.0,1.0,0.85,0.284,0.05,0.05
347,,0.134,0.7,0.85,0.85,0.7,0.134,-0.1,-0.1
348,8,0.567,0.85,0.717,0.6,0.567,0.284,0.333,0.9
349,8,1.0,1.0,0.584,0.35,0.434,0.434,0.766,1.0
350,,0.85,0.85,0.434,0.2,0.284,0.284,0.616,0.85
351,,0.7,0.7,0.284,0.05,0.134,0.134,0.466,0.7
352,,0.55,0.55,0.134,-0.1,-0.016,-0.016,0.316,0.55
353,4,0.417,0.7,0.567,0.9,0.417,0.134,0.183,0.3
354,4,0.284,0.85,1.0,1.0,0.85,0.284,0.05,0.05
355,,0.134,0.7,0.85,0.85,0.7,0.134,-0.1,-0.1
356,7,0.284,0.567,0.6,0.717,0.85,0.567,0.9,0.333
357,7,0.434,0.434,0.35,0.584,1.0,1.0,1.0,0.766
358,,0.284,0.284,0.2,0.434,0.85,0.85,0.85,0.616
359,,0.134,0.134,0.05,0.284,0.7,0.7,0.7,0.466
360,,-0.016,-0.016,-0.1,0.134,0.55,0.55,0.55,0.316
361,3,0.134,0.417,0.9,0.567,0.7,0.417,0.3,0.183
362,3,0.284,0.85,1.0,1.0,0.85,0.284,0.05,0.05
363,,0.134,0.7,0.85,0.85,0.7,0.134,-0.1,-0.1
364,7,0.284,0.567,0.6,0.717,0.85,0.567,0.9,0.333
365,7,0.434,0.434,0.35,0.584,1.0,1.0,1.0,0.766
366,,0.284,0.284,0.2,0.434,0.85,0.85,0.85,0.616
367,,0.134,0.134,0.05,0.284,0.7,0.7,0.7,0.466
368,,-0.016,-0.016,-0.1,0.134,0.55,0.55,0.55,0.316
369,3,0.134,0.417,0.9,0.567,0.7,0.417,0.3,0.183
370,3,0.284,0.85,1.0,1.0,0.85,0.284,0.05,0.05
371,,0.134,0.7,0.85,0.85,0.7,0.134,-0.1,-0.1
372,8,0.567,0.85,0.717,0.6,0.567,0.284,0.333,0.9
373,8,1.0,1.0,0.584,0.35,0.434,0.434,0.766,1.0
374,,0.85,0.85,0.434,0.2,0.284,0.284,0.616,0.85
375,,0.7,0.7,0.284,0.05,0.134,0.134,0.466,0.7
376,,0.55,0.55,0.134,-0.1,-0.016,-0.016,0.316,0.55
377,4,0.417,0.7,0.567,0.9,0.417,0.134,0.183,0.3
378,4,0.284,0.85,1.0,1.0,0.85,0.284,0.05,0.05
379,,0.134,0.7,0.85,0.85,0.7,0.134,-0.1,-0.1
380,7,0.284,0.567,0.6,0.717,0.85,0.567,0.9,0.333
381,7,0.434,0.434,0.35,0.584,1.0,1.0,1.0,0.766
382,,0.284,0.284,0.2,0.434,0.85,0.85,0.85,0.616
383,,0.134,0.134,0.05,0.284,0.7,0.7,0.7,0.466
384,,-0.016,-0.016,-0.1,0.134,0.55,0.55,0.55,0.316
385,3,0.134,0.417,0.9,0.567,0.7,0.417,0.3,0.183
386,3,0.284,0.85,1.0,1.0,0.85,0.284,0.05,0.05
387,,0.134,0.7,0.85,0.85,0.7,0.134,-0.1,-0.1
388,8,0.567,0.85,0.717,0.6,0.567,0.284,0.333,0.9
389,8,1.0,1.0,0.584,0.35,0.434,0.434,0.766,1.0
390,,0.85,0.85,0.434,0.2,0.284,0.284,0.616,0.85
391,,0.7,0.7,0.284,0.05,0.134,0.134,0.466,0.7
392,,0.55,0.55,0.134,-0.1,-0.016,-0.016,0.316,0.55
393,4,0.417,0.7,0.567,0.9,0.417,0.134,0.183,0.3
394,4,0.284,0.85,1.0,1.0,0.85,0.284,0.05,0.05
395,,0.134,0.7,0.85,0.85,0.7,0.134,-0.1,-0.1
396,8,0.567,0.85,0.717,0.6,0.567,0.284,0.333,0.9
397,8,1.0,1.0,0.584,0.35,0.434,0.434,0.766,1.0
398,,0.85,0.85,0.434,0.2,0.284,0.284,0.616,0.85
399,,0.7,0.7,0.284,0.05,0.134,0.134,0.466,0.7
400,,0.55,0.55,0.134,-0.1,-0.016,-0.016,0.316,0.55
401,4,0.417,0.7,0.567,0.9,0.417,0.134,0.183,0.3
402,4,0.284,0.85,1.0,1.0,0.85,0.284,0.05,0.05
403,,0.134,0.7,0.85,0.85,0.7,0.134,-0.1,-0.1
404,8,0.567,0.85,0.717,0.6,0.567,0.284,0.333,0.9
405,8,1.0,1.0,0.584,0.35,0.434,0.434,0.766,1.0
406,,0.85,0.85,0.434,0.2,0.284,0.284,0.616,0.85
407,,0.7,0.7,0.284,0.05,0.134,0.134,0.466,0.7
408,,0.55,0.55,0.134,-0.1,-0.016,-0.016,0.316,0.55
409,4,0.417,0.7,0.567,0.9,0.417,0.134,0.183,0.3
410,4,0.284,0.85,1.0,1.0,0.85,0.284,0.05,0.05
411,,0.134,0.7,0.85,0.85,0.7,0.134,-0.1,-0.1
412,8,0.567,0.85,0.717,0.6,0.567,0.284,0.333,0.9
413,8,1.0,1.0,0.584,0.35,0.434,0.434,0.766,1.0
414,,0.85,0.85,0.434,0.2,0.284,0.284,0.616,0.85
415,,0.7,0.7,0.284,0.05,0.134,0.134,0.466,0.7
416,,0.55,0.55,0.134,-0.1,-0.016,-0.016,0.316,0.55
417,4,0.417,0.7,0.567,0.9,0.417,0.134,0.183,0.3
418,4,0.284,0.85,1.0,1.0,0.85,0.284,0.05,0.05
419,,0.134,0.7,0.85,0.85,0.7,0.134,-0.1,-0.1
420,7,0.284,0.567,0.6,0.717,0.85,0.567,0.9,0.333
421,7,0.434,0.434,0.35,0.584,1.0,1.0,1.0,0.766
422,,0.284,0.284,0.2,0.434,0.85,0.85,0.85,0.616
423,,0.134,0.134,0.05,0.284,0.7,0.7,0.7,0.466
424,,-0.016,-0.016,-0.1,0.134,0.55,0.55,0.55,0.316
425,3,0.134,0.417,0.9,0.567,0.7,0.417,0.3,0.183
426,3,0.284,0.85,1.0,1.0,0.85,0.284,0.05,0.05
427,,0.134,0.7,0.85,0.85,0.7,0.134,-0.1,-0.1
428,8,0.567,0.85,0.717,0.6,0.567,0.284,0.333,0.9
429,8,1.0,1.0,0.584,0.35,0.434,0.434,0.766,1.0
430,,0.85,0.85,0.434,0.2,0.284,0.284,0.616,0.85
431,,0.7,0.7,0.284,0.05,0.134,0.134,0.466,0.7
432,,0.55,0.55,0.134,-0.1,-0.016,-0.016,0.316,0.55
433,4,0.417,0.7,0.567,0.9,0.417,0.134,0.183,0.3
434,4,0.284,0.85,1.0,1.0,0.85,0.284,0.05,0.05
435,,0.134,0.7,0.85,0.85,0.7,0.134,-0.1,-0.1
436,7,0.284,0.567,0.6,0.717,0.85,0.567,0.9,0.333
437,7,0.434,0.434,0.35,0.584,1.0,1.0,1.0,0.766
438,,0.284,0.284,0.2,0.434,0.85,0.85,0.85,0.616
439,,0.134,0.134,0.05,0.284,0.7,0.7,0.7,0.466
440,,-0.016,-0.016,-0.1,0.134,0.55,0.55,0.55,0.316
441,3,0.134,0.417,0.9,0.567,0.7,0.417,0.3,0.183
442,3,0.284,0.85,1.0,1.0,0.85,0.284,0.05,0.05
443,,0.134,0.7,0.85,0.85,0.7,0.134,-0.1,-0.1
444,8,0.567,0.85,0.717,0.6,0.567,0.284,0.333,0.9
445,8,1.0,1.0,0.584,0.35,0.434,0.434,0.766,1.0
446,,0.85,0.85,0.434,0.2,0.284,0.284,0.616,0.85
447,,0.7,0.7,0.284,0.05,0.134,0.134,0.466,0.7
448,,0.55,0.55,0.134,-0.1,-0.016,-0.016,0.316,0.55
449,4,0.417,0.7,0.567,0.9,0.417,0.134,0.183,0.3
450,4,0.284,0.85,1.0,1.0,0.85,0.284,0.05,0.05
451,,0.134,0.7,0.85,0.85,0.7,0.134,-0.1,-0.1
452,7,0.284,0.567,0.6,0.717,0.85,0.567,0.9,0.333
453,7,0.434,0.434,0.35,0.584,1.0,1.0,1.0,0.766
454,,0.284,0.284,0.2,0.434,0.85,0.85,0.85,0.616
455,,0.134,0.134,0.05,0.284,0.7,0.7,0.7,0.466
456,,-0.016,-0.016,-0.1,0.134,0.55,0.55,0.55,0.316
457,3,0.134,0.417,0.9,0.567,0.7,0.417,0.3,0.183
458,3,0.284,0.85,1.0,1.0,0.85,0.284,0.05,0.05
459,,0.134,0.7,0.85,0.85,0.7,0.134,-0.1,-0.1
460,8,0.567,0.85,0.717,0.6,0.567,0.284,0.333,0.9
461,8,1.0,1.0,0.584,0.35,0.434,0.434,0.766,1.0
462,,0.85,0.85,0.434,0.2,0.284,0.284,0.616,0.85
463,,0.7,0.7,0.284,0.05,0.134,0.134,0.466,0.7
464,,0.55,0.55,0.134,-0.1,-0.016,-0.016,0.316,0.55
465,4,0.417,0.7,0.567,0.9,0.417,0.134,0.183,0.3
466,4,0.284,0.85,1.0,1.0,0.85,0.284,0.05,0.05
467,,0.134,0.7,0.85,0.85,0.7,0.134,-0.1,-0.1
468,7,0.284,0.567,0.6,0.717,0.85,0.567,0.9,0.333
469,7,0.434,0.434,0.35,0.584,1.0,1.0,1.0,0.766
470,,0.284,0.284,0.2,0.434,0.85,0.85,0.85,0.616
471,,0.134,0.134,0.05,0.284,0.7,0.7,0.7,0.466
472,,-0.016,-0.016,-0.1,0.134,0.55,0.55,0.55,0.316
473,3,0.134,0.417,0.9,0.567,0.7,0.417,0.3,0.183
474,3,0.284,0.85,1.0,1.0,0.85,0.284,0.05,0.05
475,,0.134,0.7,0.85,0.85,0.7,0.134,-0.1,-0.1
476,7,0.284,0.567,0.6,0.717,0.85,0.567,0.9,0.333
477,7,0.434,0.434,0.35,0.584,1.0,1.0,1.0,0.766
478,,0.284,0.284,0.2,0.434,0.85,0.85,0.85,0.616
479,,0.134,0.134,0.05,0.284,0.7,0.7,0.7,0.466
480,,-0.016,-0.016,-0.1,0.134,0.55,0.55,0.55,0.316
481,3,0.134,0.417,0.9,0.567,0.7,0.417,0.3,0.183
482,3,0.284,0.85,1.0,1.0,0.85,0.284,0.05,0.05
483,,0.134,0.7,0.85,0.85,0.7,0.134,-0.1,-0.1
484,8,0.567,0.85,0.717,0.6,0.567,0.284,0.333,0.9
485,8,1.0,1.0,0.584,0.35,0.434,0.434,0.766,1.0
486,,0.85,0.85,0.434,0.2,0.284,0.284,0.616,0.85
487,,0.7,0.7,0.284,0.05,0.134,0.134,0.466,0.7
488,,0.55,0.55,0.134,-0.1,-0.016,-0.016,0.316,0.55
489,4,0.417,0.7,0.567,0.9,0.417,0.134,0.183,0.3
490,4,0.284,0.85,1.0,1.0,0.85,0.284,0.05,0.05
491,,0.134,0.7,0.85,0.85,0.7,0.134,-0.1,-0.1
492,8,0.567,0.85,0.717,0.6,0.567,0.284,0.333,0.9
493,8,1.0,1.0,0.584,0.35,0.434,0.434,0.766,1.0
494,,0.85,0.85,0.434,0.2,0.284,0.284,0.616,0.85
495,,0.7,0.7,0.284,0.05,0.134,0.134,0.466,0.7
496,,0.55,0.55,0.134,-0.1,-0.016,-0.016,0.316,0.55
497,4,0.417,0.7,0.567,0.9,0.417,0.134,0.183,0.3
498,4,0.284,0.85,1.0,1.0,0.85,0.284,0.05,0.05
499,,0.134,0.7,0.85,0.85,0.7,0.134,-0.1,-0.1
500,8,0.567,0.85,0.717,0.6,0.567,0.284,0.333,0.9
501,8,1.0,1.0,0.584,0.35,0.434,0.434,0.766,1.0
502,,0.85,0.85,0.434,0.2,0.284,0.284,0.616,0.85
503,,0.7,0.7,0.284,0.05,0.134,0.134,0.466,0.7
504,,0.55,0.55,0.134,-0.1,-0.016,-0.016,0.316,0.55
505,4,0.417,0.7,0.567,0.9,0.417,0.134,0.183,0.3
506,4,0.284,0.85,1.0,1.0,0.85,0.284,0.05,0.05
507,,0.134,0.7,0.85,0.85,0.7,0.134,-0.1,-0.1
508,8,0.567,0.85,0.717,0.6,0.567,0.284,0.333,0.9
509,8,1.0,1.0,0.584,0.35,0.434,0.434,0.766,1.0
510,,0.85,0.85,0.434,0.2,0.284,0.284,0.616,0.85
511,,0.7,0.7,0.284,0.05,0.134,0.134,0.466,0.7
512,,0.55,0.55,0.134,-0.1,-0.016,-0.016,0.316,0.55
513,4,0.417,0.7,0.567,0.9,0.417,0.134,0.183,0.3
514,4,0.284,0.85,1.0,1.0,0.85,0.284,0.05,0.05
515,,0.134,0.7,0.85,0.85,0.7,0.134,-0.1,-0.1
516,7,0.284,0.567,0.6,0.717,0.85,0.567,0.9,0.333
517,7,0.434,0.434,0.35,0.584,1.0,1.0,1.0,0.766
518,,0.284,0.284,0.2,0.434,0.85,0.85,0.85,0.616
519,,0.134,0.134,0.05,0.284,0.7,0.7,0.7,0.466
520,,-0.016,-0.016,-0.1,0.134,0.55,0.55,0.55,0.316
521,3,0.134,0.417,0.9,0.567,0.7,0.417,0.3,0.183
522,3,0.284,0.85,1.0,1.0,0.85,0.284,0.05,0.05
523,,0.134,0.7,0.85,0.85,0.7,0.134,-0.1,-0.1
524,8,0.567,0.85,0.717,0.6,0.567,0.284,0.333,0.9
525,8,1.0,1.0,0.584,0.35,0.434,0.434,0.766,1.0
526,,0.85,0.85,0.434,0.2,0.284,0.284,0.616,0.85
527,,0.7,0.7,0.284,0.05,0.134,0.134,0.466,0.7
528,,0.55,0.55,0.134,-0.1,-0.016,-0.016,0.316,0.55
529,4,0.417,0.7,0.567,0.9,0.417,0.134,0.183,0.3
530,4,0.284,0.85,1.0,1.0,0.85,0.284,0.05,0.05
531,,0.134,0.7,0.85,0.85,0.7,0.134,-0.1,-0.1
532,7,0.284,0.567,0.6,0.717,0.85,0.567,0.9,0.333
533,7,0.434,0.434,0.35,0.584,1.0,1.0,1.0,0.766
534,,0.284,0.284,0.2,0.434,0.85,0.85,0.85,0.616
535,,0.134,0.134,0.05,0.284,0.7,0.7,0.7,0.466
536,,-0.016,-0.016,-0.1,0.134,0.55,0.55,0.55,0.316
537,3,0.134,0.417,0.9,0.567,0.7,0.417,0.3,0.183
538,3,0.284,0.85,1.0,1.0,0.85,0.284,0.05,0.05
539,,0.134,0.7,0.85,0.85,0.7,0.134,-0.1,-0.1
540,7,0.284,0.567,0.6,0.717,0.85,0.567,0.9,0.333
541,7,0.434,0.434,0.35,0.584,1.0,1.0,1.0,0.766
542,,0.284,0.284,0.2,0.434,0.85,0.85,0.85,0.616
543,,0.134,0.134,0.05,0.284,0.7,0.7,0.7,0.466
544,,-0.016,-0.016,-0.1,0.134,0.55,0.55,0.55,0.316
545,3,0.134,0.417,0.9,0.567,0.7,0.417,0.3,0.183
546,3,0.284,0.85,1.0,1.0,0.85,0.284,0.05,0.05
547,,0.134,0.7,0.85,0.85,0.7,0.134,-0.1,-0.1
548,8,0.567,0.85,0.717,0.6,0.567,0.284,0.333,0.9
549,8,1.0,1.0,0.584,0.35,0.434,0.434,0.766,1.0
550,,0.85,0.85,0.434,0.2,0.284,0.284,0.616,0.85
551,,0.7,0.7,0.284,0.05,0.134,0.134,0.466,0.7
552,,0.55,0.55,0.134,-0.1,-0.016,-0.016,0.316,0.55
553,4,0.417,0.7,0.567,0.9,0.417,0.134,0.183,0.3
554,4,0.284,0.85,1.0,1.0,0.85,0.284,0.05,0.05
555,,0.134,0.7,0.85,0.85,0.7,0.134,-0.1,-0.1
556,7,0.284,0.567,0.6,0.717,0.85,0.567,0.9,0.333
557,7,0.434,0.434,0.35,0.584,1.0,1.0,1.0,0.766
558,,0.284,0.284,0.2,0.434,0.85,0.85,0.85,0.616
559,,0.134,0.134,0.05,0.284,0.7,0.7,0.7,0.466
560,,-0.016,-0.016,-0.1,0.134,0.55,0.55,0.55,0.316
561,3,0.134,0.417,0.9,0.567,0.7,0.417,0.3,0.183
562,3,0.284,0.85,1.0,1.0,0.85,0.284,0.05,0.05
563,,0.134,0.7,0.85,0.85,0.7,0.134,-0.1,-0.1
564,7,0.284,0.567,0.6,0.717,0.85,0.567,0.9,0.333
565,7,0.434,0.434,0.35,0.584,1.0,1.0,1.0,0.766
566,,0.284,0.284,0.2,0.434,0.85,0.85,0.85,0.616
567,,0.134,0.134,0.05,0.284,0.7,0.7,0.7,0.466
568,,-0.016,-0.016,-0.1,0.134,0.55,0.55,0.55,0.316
569,3,0.134,0.417,0.9,0.567,0.7,0.417,0.3,0.183
570,3,0.284,0.85,1.0,1.0,0.85,0.284,0.05,0.05
571,,0.134,0.7,0.85,0.85,0.7,0.134,-0.1,-0.1
572,7,0.284,0.567,0.6,0.717,0.85,0.567,0.9,0.333
573,7,0.434,0.434,0.35,0.584,1.0,1.0,1.0,0.766
574,,0.284,0.284,0.2,0.434,0.85,0.85,0.85,0.616
575,,0.134,0.134,0.05,0.284,0.7,0.7,0.7,0.466
576,,-0.016,-0.016,-0.1,0.134,0.55,0.55,0.55,0.316
577,3,0.134,0.417,0.9,0.567,0.7,0.417,0.3,0.183
578,3,0.284,0.85,1.0,1.0,0.85,0.284,0.05,0.05
579,,0.134,0.7,0.85,0.85,0.7,0.134,-0.1,-0.1
580,7,0.284,0.567,0.6,0.717,0.85,0.567,0.9,0.333
581,7,0.434,0.434,0.35,0.584,1.0,1.0,1.0,0.766
582,,0.284,0.284,0.2,0.434,0.85,0.85,0.85,0.616
583,,0.134,0.134,0.05,0.284,0.7,0.7,0.7,0.466
584,,-0.016,-0.016,-0.1,0.134,0.55,0.55,0.55,0.316
585,3,0.134,0.417,0.9,0.567,0.7,0.417,0.3,0.183
586,3,0.284,0.85,1.0,1.0,0.85,0.284,0.05,0.05
587,,0.134,0.7,0.85,0.85,0.7,0.134,-0.1,-0.1
588,8,0.567,0.85,0.717,0.6,0.567,0.284,0.333,0.9
589,8,1.0,1.0,0.584,0.35,0.434,0.434,0.766,1.0
590,,0.85,0.85,0.434,0.2,0.284,0.284,0.616,0.85
591,,0.7,0.7,0.284,0.05,0.134,0.134,0.466,0.7
592,,0.55,0.55,0.134,-0.1,-0.016,-0.016,0.316,0.55
593,4,0.417,0.7,0.567,0.9,0.417,0.134,0.183,0.3
594,4,0.284,0.85,1.0,1.0,0.85,0.284,0.05,0.05
595,,0.134,0.7,0.85,0.85,0.7,0.134,-0.1,-0.1
596,8,0.567,0.85,0.717,0.6,0.567,0.284,0.333,0.9
597,8,1.0,1.0,0.584,0.35,0.434,0.434,0.766,1.0
598,,0.85,0.85,0.434,0.2,0.284,0.284,0.616,0.85
599,,0.7,0.7,0.284,0.05,0.134,0.134,0.466,0.7
600,,0.55,0.55,0.134,-0.1,-0.016,-0.016,0.316,0.55
601,4,0.417,0.7,0.567,0.9,0.417,0.134,0.183,0.3
602,4,0.284,0.85,1.0,1.0,0.85,0.284,0.05,0.05
603,,0.134,0.7,0.85,0.85,0.7,0.134,-0.1,-0.1
604,8,0.567,0.85,0.717,0.6,0.567,0.284,0.333,0.9
605,8,1.0,1.0,0.584,0.35,0.434,0.434,0.766,1.0
606,,0.85,0.85,0.434,0.2,0.284,0.284,0.616,0.85
607,,0.7,0.7,0.284,0.05,0.134,0.134,0.466,0.7
608,,0.55,0.55,0.134,-0.1,-0.016,-0.016,0.316,0.55
609,4,0.417,0.7,0.567,0.9,0.417,0.134,0.183,0.3
610,4,0.284,0.85,1.0,1.0,0.85,0.284,0.05,0.05
611,,0.134,0.7,0.85,0.85,0.7,0.134,-0.1,-0.1
612,8,0.567,0.85,0.717,0.6,0.567,0.284,0.333,0.9
613,8,1.0,1.0,0.584,0.35,0.434,0.434,0.766,1.0
614,,0.85,0.85,0.434,0.2,0.284,0.284,0.616,0.85
615,,0.7,0.7,0.284,0.05,0.134,0.134,0.466,0.7
616,,0.55,0.55,0.134,-0.1,-0.016,-0.016,0.316,0.55
617,4,0.417,0.7,0.567,0.9,0.417,0.134,0.183,0.3
618,4,0.284,0.85,1.0,1.0,0.85,0.284,0.05,0.05
619,,0.134,0.7,0.85,0.85,0.7,0.134,-0.1,-0.1
620,7,0.284,0.567,0.6,0.717,0.85,0.567,0.9,0.333
621,7,0.434,0.434,0.35,0.584,1.0,1.0,1.0,0.766
622,,0.284,0.284,0.2,0.434,0.85,0.85,0.85,0.616
623,,0.134,0.134,0.05,0.284,0.7,0.7,0.7,0.466
624,,-0.016,-0.016,-0.1,0.134,0.55,0.55,0.55,0.316
625,3,0.134,0.417,0.9,0.567,0.7,0.417,0.3,0.183
626,3,0.284,0.85,1.0,1.0,0.85,0.284,0.05,0.05
627,,0.134,0.7,0.85,0.85,0.7,0.134,-0.1,-0.1
628,7,0.284,0.567,0.6,0.717,0.85,0.567,0.9,0.333
629,7,0.434,0.434,0.35,0.584,1.0,1.0,1.0,0.766
630,,0.284,0.284,0.2,0.434,0.85,0.85,0.85,0.616
631,,0.134,0.134,0.05,0.284,0.7,0.7,0.7,0.466
632,,-0.016,-0.016,-0.1,0.134,0.55,0.55,0.55,0.316
633,3,0.134,0.417,0.9,0.567,0.7,0.417,0.3,0.183
634,3,0.284,0.85,1.0,1.0,0.85,0.284,0.05,0.05
635,,0.134,0.7,0.85,0.85,0.7,0.134,-0.1,-0.1
636,8,0.567,0.85,0.717,0.6,0.567,0.284,0.333,0.9
637,8,1.0,1.0,0.584,0.35,0.434,0.434,0.766,1.0
638,,0.85,0.85,0.434,0.2,0.284,0.284,0.616,0.85
639,,0.7,0.7,0.284,0.05,0.134,0.134,0.466,0.7
640,,0.55,0.55,0.134,-0.1,-0.016,-0.016,0.316,0.55
641,4,0.417,0.7,0.567,0.9,0.417,0.134,0.183,0.3
642,4,0.284,0.85,1.0,1.0,0.85,0.284,0.05,0.05
643,,0.134,0.7,0.85,0.85,0.7,0.134,-0.1,-0.1
644,8,0.567,0.85,0.717,0.6,0.567,0.284,0.333,0.9
645,8,1.0,1.0,0.584,0.35,0.434,0.434,0.766,1.0
646,,0.85,0.85,0.434,0.2,0.284,0.284,0.616,0.85
647,,0.7,0.7,0.284,0.05,0.134,0.134,0.466,0.7
648,,0.55,0.55,0.134,-0.1,-0.016,-0.016,0.316,0.55
649,4,0.417,0.7,0.567,0.9,0.417,0.134,0.183,0.3
650,4,0.284,0.85,1.0,1.0,0.85,0.284,0.05,0.05
651,,0.134,0.7,0.85,0.85,0.7,0.134,-0.1,-0.1
652,8,0.567,0.85,0.717,0.6,0.567,0.284,0.333,0.9
653,8,1.0,1.0,0.584,0.35,0.434,0.434,0.766,1.0
654,,0.85,0.85,0.434,0.2,0.284,0.284,0.616,0.85
655,,0.7,0.7,0.284,0.05,0.134,0.134,0.466,0.7
656,,0.55,0.55,0.134,-0.1,-0.016,-0.016,0.316,0.55
657,4,0.417,0.7,0.567,0.9,0.417,0.134,0.183,0.3
658,4,0.284,0.85,1.0,1.0,0.85,0.284,0.05,0.05
659,,0.134,0.7,0.85,0.85,0.7,0.134,-0.1,-0.1
660,7,0.284,0.567,0.6,0.717,0.85,0.567,0.9,0.333
661,7,0.434,0.434,0.35,0.584,1.0,1.0,1.0,0.766
662,,0.284,0.284,0.2,0.434,0.85,0.85,0.85,0.616
663,,0.134,0.134,0.05,0.284,0.7,0.7,0.7,0.466
664,,-0.016,-0.016,-0.1,0.134,0.55,0.55,0.55,0.316
665,3,0.134,0.417,0.9,0.567,0.7,0.417,0.3,0.183
666,3,0.284,0.85,1.0,1.0,0.85,0.284,0.05,0.05
667,,0.134,0.7,0.85,0.85,0.7,0.134,-0.1,-0.1
668,8,0.567,0.85,0.717,0.6,0.567,0.284,0.333,0.9
669,8,1.0,1.0,0.584,0.35,0.434,0.434,0.766,1.0
670,,0.85,0.85,0.434,0.2,0.284,0.284,0.616,0.85
671,,0.7,0.7,0.284,0.05,0.134,0.134,0.466,0.7
672,,0.55,0.55,0.134,-0.1,-0.016,-0.016,0.316,0.55
673,4,0.417,0.7,0.567,0.9,0.417,0.134,0.183,0.3
674,4,0.284,0.85,1.0,1.0,0.85,0.284,0.05,0.05
675,,0.134,0.7,0.85,0.85,0.7,0.134,-0.1,-0.1
676,8,0.567,0.85,0.717,0.6,0.567,0.284,0.333,0.9
677,8,1.0,1.0,0.584,0.35,0.434,0.434,0.766,1.0
678,,0.85,0.85,0.434,0.2,0.284,0.284,0.616,0.85
679,,0.7,0.7,0.284,0.05,0.134,0.134,0.466,0.7
680,,0.55,0.55,0.134,-0.1,-0.016,-0.016,0.316,0.55
681,4,0.417,0.7,0.567,0.9,0.417,0.134,0.183,0.3
682,4,0.284,0.85,1.0,1.0,0.85,0.284,0.05,0.05
683,,0.134,0.7,0.85,0.85,0.7,0.134,-0.1,-0.1
684,8,0.567,0.85,0.717,0.6,0.567,0.284,0.333,0.9
685,8,1.0,1.0,0.584,0.35,0.434,0.434,0.766,1.0
686,,0.85,0.85,0.434,0.2,0.284,0.284,0.616,0.85
687,,0.7,0.7,0.284,0.05,0.134,0.134,0.466,0.7
688,,0.55,0.55,0.134,-0.1,-0.016,-0.016,0.316,0.55
689,4,0.417,0.7,0.567,0.9,0.417,0.134,0.183,0.3
690,4,0.284,0.85,1.0,1.0,0.85,0.284,0.05,0.05
691,,0.134,0.7,0.85,0.85,0.7,0.134,-0.1,-0.1
692,7,0.284,0.567,0.6,0.717,0.85,0.567,0.9,0.333
693,7,0.434,0.434,0.35,0.584,1.0,1.0,1.0,0.766
694,,0.284,0.284,0.2,0.434,0.85,0.85,0.85,0.616
695,,0.134,0.134,0.05,0.284,0.7,0.7,0.7,0.466
696,,-0.016,-0.016,-0.1,0.134,0.55,0.55,0.55,0.316
697,3,0.134,0.417,0.9,0.567,0.7,0.417,0.3,0.183
698,3,0.284,0.85,1.0,1.0,0.85,0.284,0.05,0.05
699,,0.134,0.7,0.85,0.85,0.7,0.134,-0.1,-0.1
700,7,0.284,0.567,0.6,0.717,0.85,0.567,0.9,0.333
701,7,0.434,0.434,0.35,0.584,1.0,1.0,1.0,0.766
702,,0.284,0.284,0.2,0.434,0.85,0.85,0.85,0.616
703,,0.134,0.134,0.05,0.284,0.7,0.7,0.7,0.466
704,,-0.016,-0.016,-0.1,0.134,0.55,0.55,0.55,0.316
705,3,0.134,0.417,0.9,0.567,0.7,0.417,0.3,0.183
706,3,0.284,0.85,1.0,1.0,0.85,0.284,0.05,0.05
707,,0.134,0.7,0.85,0.85,0.7,0.134,-0.1,-0.1
708,7,0.284,0.567,0.6,0.717,0.85,0.567,0.9,0.333
709,7,0.434,0.434,0.35,0.584,1.0,1.0,1.0,0.766
710,,0.284,0.284,0.2,0.434,0.85,0.85,0.85,0.616
711,,0.134,0.134,0.05,0.284,0.7,0.7,0.7,0.466
712,,-0.016,-0.016,-0.1,0.134,0.55,0.55,0.55,0.316
713,3,0.134,0.417,0.9,0.567,0.7,0.417,0.3,0.183
714,3,0.284,0.85,1.0,1.0,0.85,0.284,0.05,0.05
715,,0.134,0.7,0.85,0.85,0.7,0.134,-0.1,-0.1
716,7,0.284,0.567,0.6,0.717,0.85,0.567,0.9,0.333
717,7,0.434,0.434,0.35,0.584,1.0,1.0,1.0,0.766
718,,0.284,0.284,0.2,0.434,0.85,0.85,0.85,0.616
719,,0.134,0.134,0.05,0.284,0.7,0.7,0.7,0.466
720,,-0.016,-0.016,-0.1,0.134,0.55,0.55,0.55,0.316
721,3,0.134,0.417,0.9,0.567,0.7,0.417,0.3,0.183
722,3,0.284,0.85,1.0,1.0,0.85,0.284,0.05,0.05
723,,0.134,0.7,0.85,0.85,0.7,0.134,-0.1,-0.1
724,7,0.284,0.567,0.6,0.717,0.85,0.567,0.9,0.333
725,7,0.434,0.434,0.35,0.584,1.0,1.0,1.0,0.766
726,,0.284,0.284,0.2,0.434,0.85,0.85,0.85,0.616
727,,0.134,0.134,0.05,0.284,0.7,0.7,0.7,0.466
728,,-0.016,-0.016,-0.1,0.134,0.55,0.55,0.55,0.316
729,3,0.134,0.417,0.9,0.567,0.7,0.417,0.3,0.183
730,3,0.284,0.85,1.0,1.0,0.85,0.284,0.05,0.05
731,,0.134,0.7,0.85,0.85,0.7,0.134,-0.1,-0.1
732,7,0.284,0.567,0.6,0.717,0.85,0.567,0.9,0.333
733,7,0.434,0.434,0.35,0.584,1.0,1.0,1.0,0.766
734,,0.284,0.284,0.2,0.434,0.85,0.85,0.85,0.616
735,,0.134,0.134,0.05,0.284,0.7,0.7,0.7,0.466
736,,-0.016,-0.016,-0.1,0.134,0.55,0.55,0.55,0.316
737,3,0.134,0.417,0.9,0.567,0.7,0.417,0.3,0.183
738,3,0.284,0.85,1.0,1.0,0.85,0.284,0.05,0.05
739,,0.134,0.7,0.85,0.85,0.7,0.134,-0.1,-0.1
740,7,0.284,0.567,0.6,0.717,0.85,0.567,0.9,0.333
741,7,0.434,0.434,0.35,0.584,1.0,1.0,1.0,0.766
742,,0.284,0.284,0.2,0.434,0.85,0.85,0.85,0.616
743,,0.134,0.134,0.05,0.284,0.7,0.7,0.7,0.466
744,,-0.016,-0.016,-0.1,0.134,0.55,0.55,0.55,0.316
745,3,0.134,0.417,0.9,0.567,0.7,0.417,0.3,0.183
746,3,0.284,0.85,1.0,1.0,0.85,0.284,0.05,0.05
747,,0.134,0.7,0.85,0.85,0.7,0.134,-0.1,-0.1
748,7,0.284,0.567,0.6,0.717,0.85,0.567,0.9,0.333
749,7,0.434,0.434,0.35,0.584,1.0,1.0,1.0,0.766
750,,0.284,0.284,0.2,0.434,0.85,0.85,0.85,0.616
751,,0.134,0.134,0.05,0.284,0.7,0.7,0.7,0.466
752,,-0.016,-0.016,-0.1,0.134,0.55,0.55,0.55,0.316
753,3,0.134,0.417,0.9,0.567,0.7,0.417,0.3,0.183
754,3,0.284,0.85,1.0,1.0,0.85,0.284,0.05,0.05
755,,0.134,0.7,0.85,0.85,0.7,0.134,-0.1,-0.1
756,8,0.567,0.85,0.717,0.6,0.567,0.284,0.333,0.9
757,8,1.0,1.0,0.584,0.35,0.434,0.434,0.766,1.0
758,,0.85,0.85,0.434,0.2,0.284,0.284,0.616,0.85
759,,0.7,0.7,0.284,0.05,0.134,0.134,0.466,0.7
760,,0.55,0.55,0.134,-0.1,-0.016,-0.016,0.316,0.55
761,4,0.417,0.7,0.567,0.9,0.417,0.134,0.183,0.3
762,4,0.284,0.85,1.0,1.0,0.85,0.284,0.05,0.05
763,,0.134,0.7,0.85,0.85,0.7,0.134,-0.1,-0.1
764,8,0.567,0.85,0.717,0.6,0.567,0.284,0.333,0.9
765,8,1.0,1.0,0.584,0.35,0.434,0.434,0.766,1.0
766,,0.85,0.85,0.434,0.2,0.284,0.284,0.616,0.85
767,,0.7,0.7,0.284,0.05,0.134,0.134,0.466,0.7
768,,0.55,0.55,0.134,-0.1,-0.016,-0.016,0.316,0.55
769,4,0.417,0.7,0.567,0.9,0.417,0.134,0.183,0.3
770,4,0.284,0.85,1.0,1.0,0.85,0.284,0.05,0.05
771,,0.134,0.7,0.85,0.85,0.7,0.134,-0.1,-0.1
772,7,0.284,0.567,0.6,0.717,0.85,0.567,0.9,0.333
773,7,0.434,0.434,0.35,0.584,1.0,1.0,1.0,0.766
774,,0.284,0.284,0.2,0.434,0.85,0.85,0.85,0.616
775,,0.134,0.134,0.05,0.284,0.7,0.7,0.7,0.466
776,,-0.016,-0.016,-0.1,0.134,0.55,0.55,0.55,0.316
777,3,0.134,0.417,0.9,0.567,0.7,0.417,0.3,0.183
778,3,0.284,0.85,1.0,1.0,0.85,0.284,0.05,0.05
779,,0.134,0.7,0.85,0.85,0.7,0.134,-0.1,-0.1
780,7,0.284,0.567,0.6,0.717,0.85,0.567,0.9,0.333
781,7,0.434,0.434,0.35,0.584,1.0,1.0,1.0,0.766
782,,0.284,0.284,0.2,0.434,0.85,0.85,0.85,0.616
783,,0.134,0.134,0.05,0.284,0.7,0.7,0.7,0.466
784,,-0.016,-0.016,-0.1,0.134,0.55,0.55,0.55,0.316
785,3,0.134,0.417,0.9,0.567,0.7,0.417,0.3,0.183
786,3,0.284,0.85,1.0,1.0,0.85,0.284,0.05,0.05
787,,0.134,0.7,0.85,0.85,0.7,0.134,-0.1,-0.1
788,8,0.567,0.85,0.717,0.6,0.567,0.284,0.333,0.9
789,8,1.0,1.0,0.584,0.35,0.434,0.434,0.766,1.0
790,,0.85,0.85,0.434,0.2,0.284,0.284,0.616,0.85
791,,0.7,0.7,0.284,0.05,0.134,0.134,0.466,0.7
792,,0.55,0.55,0.134,-0.1,-0.016,-0.016,0.316,0.55
793,4,0.417,0.7,0.567,0.9,0.417,0.134,0.183,0.3
794,4,0.284,0.85,1.0,1.0,0.85,0.284,0.05,0.05
795,,0.134,0.7,0.85,0.85,0.7,0.134,-0.1,-0.1
796,7,0.284,0.567,0.6,0.717,0.85,0.567,0.9,0.333
797,7,0.434,0.434,0.35,0.584,1.0,1.0,1.0,0.766
798,,0.284,0.284,0.2,0.434,0.85,0.85,0.85,0.616
799,,0.134,0.134,0.05,0.284,0.7,0.7,0.7,0.466
800,,-0.016,-0.016,-0.1,0.134,0.55,0.55,0.55,0.316
801,3,0.134,0.417,0.9,0.567,0.7,0.417,0.3,0.183
802,3,0.284,0.85,1.0,1.0,0.85,0.284,0.05,0.05
803,,0.134,0.7,0.85,0.85,0.7,0.134,-0.1,-0.1
804,7,0.284,0.567,0.6,0.717,0.85,0.567,0.9,0.333
805,7,0.434,0.434,0.35,0.584,1.0,1.0,1.0,0.766
806,,0.284,0.284,0.2,0.434,0.85,0.85,0.85,0.616
807,,0.134,0.134,0.05,0.284,0.7,0.7,0.7,0.466
808,,-0.016,-0.016,-0.1,0.134,0.55,0.55,0.55,0.316
809,3,0.134,0.417,0.9,0.567,0.7,0.417,0.3,0.183
810,3,0.284,0.85,1.0,1.0,0.85,0.284,0.05,0.05
811,,0.134,0.7,0.85,0.85,0.7,0.134,-0.1,-0.1
812,7,0.284,0.567,0.6,0.717,0.85,0.567,0.9,0.333
813,7,0.434,0.434,0.35,0.584,1.0,1.0,1.0,0.766
814,,0.284,0.284,0.2,0.434,0.85,0.85,0.85,0.616
815,,0.134,0.134,0.05,0.284,0.7,0.7,0.7,0.466
816,,-0.016,-0.016,-0.1,0.134,0.55,0.55,0.55,0.316
817,3,0.134,0.417,0.9,0.567,0.7,0.417,0.3,0.183
818,3,0.284,0.85,1.0,1.0,0.85,0.284,0.05,0.05
819,,0.134,0.7,0.85,0.85,0.7,0.134,-0.1,-0.1
820,8,0.567,0.85,0.717,0.6,0.567,0.284,0.333,0.9
821,8,1.0,1.0,0.584,0.35,0.434,0.434,0.766,1.0
822,,0.85,0.85,0.434,0.2,0.284,0.284,0.616,0.85
823,,0.7,0.7,0.284,0.05,0.134,0.134,0.466,0.7
824,,0.55,0.55,0.134,-0.1,-0.016,-0.016,0.316,0.55
825,4,0.417,0.7,0.567,0.9,0.417,0.134,0.183,0.3
826,4,0.284,0.85,1.0,1.0,0.85,0.284,0.05,0.05
827,,0.134,0.7,0.85,0.85,0.7,0.134,-0.1,-0.1
828,8,0.567,0.85,0.717,0.6,0.567,0.284,0.333,0.9
829,8,1.0,1.0,0.584,0.35,0.434,0.434,0.766,1.0
830,,0.85,0.85,0.434,0.2,0.284,0.284,0.616,0.85
831,,0.7,0.7,0.284,0.05,0.134,0.134,0.466,0.7
832,,0.55,0.55,0.134,-0.1,-0.016,-0.016,0.316,0.55
833,4,0.417,0.7,0.567,0.9,0.417,0.134,0.183,0.3
834,4,0.284,0.85,1.0,1.0,0.85,0.284,0.05,0.05
835,,0.134,0.7,0.85,0.85,0.7,0.134,-0.1,-0.1
