step,active_motive,motive_1,motive_2,motive_3,motive_4,motive_5,motive_6,motive_7,motive_8
0,,0.00773,0.01042,0.08404,0.09107,0.01228,0.02359,0.01655,0.01863
1,,-0.14227,-0.13958,-0.06596,-0.05893,-0.13772,-0.12641,-0.13345,-0.13137
2,1,0.85773,0.29342,0.08404,-0.19193,-0.38772,-0.25941,0.01655,0.30163
3,1,1.0,0.72642,0.23404,-0.32493,-0.63772,-0.39241,0.16655,0.73463
4,5,0.75,0.59342,0.38404,0.10807,0.36228,0.04059,0.31655,0.60163
5,5,0.5,0.46042,0.53404,0.54107,1.0,0.47359,0.46655,0.46863
6,,0.35,0.31042,0.38404,0.39107,0.85,0.32359,0.31655,0.31863
7,,0.2,0.16042,0.23404,0.24107,0.7,0.17359,0.16655,0.16863
8,,0.05,0.01042,0.08404,0.09107,0.55,0.02359,0.01655,0.01863
9,,-0.1,-0.13958,-0.06596,-0.05893,0.4,-0.12641,-0.13345,-0.13137
10,2,0.333,0.86042,0.36704,0.09107,0.267,-0.37641,-0.26645,0.01863
11,2,0.766,1.0,0.80004,0.24107,0.134,-0.62641,-0.39945,0.16863
12,6,0.633,0.75,0.66704,0.39107,0.567,0.37359,0.03355,0.31863
13,6,0.5,0.5,0.53404,0.54107,1.0,1.0,0.46655,0.46863
14,,0.35,0.35,0.38404,0.39107,0.85,0.85,0.31655,0.31863
15,,0.2,0.2,0.23404,0.24107,0.7,0.7,0.16655,0.16863
16,,0.05,0.05,0.08404,0.09107,0.55,0.55,0.01655,0.01863
17,,-0.1,-0.1,-0.06596,-0.05893,0.4,0.4,-0.13345,-0.13137
18,7,0.05,-0.233,-0.31596,-0.19193,0.55,0.833,0.86655,0.30163
19,7,0.2,-0.366,-0.56596,-0.32493,0.7,1.0,1.0,0.73463
20,3,0.35,0.067,0.43404,0.10807,0.85,0.867,0.75,0.60163
21,3,0.5,0.5,1.0,0.54107,1.0,0.734,0.5,0.46863
22,,0.35,0.35,0.85,0.39107,0.85,0.584,0.35,0.31863
23,,0.2,0.2,0.7,0.24107,0.7,0.434,0.2,0.16863
24,,0.05,0.05,0.55,0.09107,0.55,0.284,0.05,0.01863
25,,-0.1,-0.1,0.4,-0.05893,0.4,0.134,-0.1,-0.13137
26,8,0.333,0.05,0.267,-0.30893,0.267,0.284,0.333,0.86863
27,8,0.766,0.2,0.134,-0.55893,0.134,0.434,0.766,1.0
28,4,0.633,0.35,0.567,0.44107,0.567,0.584,0.633,0.75
29,4,0.5,0.5,1.0,1.0,1.0,0.734,0.5,0.5
30,,0.35,0.35,0.85,0.85,0.85,0.584,0.35,0.35
31,,0.2,0.2,0.7,0.7,0.7,0.434,0.2,0.2
32,,0.05,0.05,0.55,0.55,0.55,0.284,0.05,0.05
33,,-0.1,-0.1,0.4,0.4,0.4,0.134,-0.1,-0.1
34,7,0.05,-0.233,0.15,0.267,0.55,0.567,0.9,0.333
35,7,0.2,-0.366,-0.1,0.134,0.7,1.0,1.0,0.766
36,2,0.633,0.634,0.333,0.284,0.567,0.75,0.867,0.916
37,2,1.0,1.0,0.766,0.434,0.434,0.5,0.734,1.0
38,,0.85,0.85,0.616,0.284,0.284,0.35,0.584,0.85
39,,0.7,0.7,0.466,0.134,0.134,0.2,0.434,0.7
40,,0.55,0.55,0.316,-0.016,-0.016,0.05,0.284,0.55
41,4,0.417,0.7,0.749,0.984,0.417,0.2,0.151,0.3
42,4,0.284,0.85,1.0,1.0,0.85,0.35,0.018,0.05
43,,0.134,0.7,0.85,0.85,0.7,0.2,-0.132,-0.1
44,7,0.284,0.567,0.6,0.717,0.85,0.633,0.868,0.333
45,7,0.434,0.434,0.35,0.584,1.0,1.0,1.0,0.766
46,,0.284,0.284,0.2,0.434,0.85,0.85,0.85,0.616
47,,0.134,0.134,0.05,0.284,0.7,0.7,0.7,0.466
48,,-0.016,-0.016,-0.1,0.134,0.55,0.55,0.55,0.316
49,3,0.134,0.417,0.9,0.567,0.7,0.417,0.3,0.183
50,3,0.284,0.85,1.0,1.0,0.85,0.284,0.05,0.05
51,,0.134,0.7,0.85,0.85,0.7,0.134,-0.1,-0.1
52,7,0.284,0.567,0.6,0.717,0.85,0.567,0.9,0.333
53,7,0.434,0.434,0.35,0.584,1.0,1.0,1.0,0.766
54,,0.284,0.284,0.2,0.434,0.85,0.85,0.85,0.616
55,,0.134,0.134,0.05,0.284,0.7,0.7,0.7,0.466
56,,-0.016,-0.016,-0.1,0.134,0.55,0.55,0.55,0.316
57,3,0.134,0.417,0.9,0.567,0.7,0.417,0.3,0.183
58,3,0.284,0.85,1.0,1.0,0.85,0.284,0.05,0.05
59,,0.134,0.7,0.85,0.85,0.7,0.134,-0.1,-0.1
60,7,0.284,0.567,0.6,0.717,0.85,0.567,0.9,0.333
61,7,0.434,0.434,0.35,0.584,1.0,1.0,1.0,0.766
62,,0.284,0.284,0.2,0.434,0.85,0.85,0.85,0.616
63,,0.134,0.134,0.05,0.284,0.7,0.7,0.7,0.466
64,,-0.016,-0.016,-0.1,0.134,0.55,0.55,0.55,0.316
65,3,0.134,0.417,0.9,0.567,0.7,0.417,0.3,0.183
66,3,0.284,0.85,1.0,1.0,0.85,0.284,0.05,0.05
67,,0.134,0.7,0.85,0.85,0.7,0.134,-0.1,-0.1
68,8,0.567,0.85,0.717,0.6,0.567,0.284,0.333,0.9
69,8,1.0,1.0,0.584,0.35,0.434,0.434,0.766,1.0
70,,0.85,0.85,0.434,0.2,0.284,0.284,0.616,0.85
71,,0.7,0.7,0.284,0.05,0.134,0.134,0.466,0.7
72,,0.55,0.55,0.134,-0.1,-0.016,-0.016,0.316,0.55
73,4,0.417,0.7,0.567,0.9,0.417,0.134,0.183,0.3
74,4,0.284,0.85,1.0,1.0,0.85,0.284,0.05,0.05
75,,0.134,0.7,0.85,0.85,0.7,0.134,-0.1,-0.1
76,7,0.284,0.567,0.6,0.717,0.85,0.567,0.9,0.333
77,7,0.434,0.434,0.35,0.584,1.0,1.0,1.0,0.766
78,,0.284,0.284,0.2,0.434,0.85,0.85,0.85,0.616
79,,0.134,0.134,0.05,0.284,0.7,0.7,0.7,0.466
80,,-0.016,-0.016,-0.1,0.134,0.55,0.55,0.55,0.316
81,3,0.134,0.417,0.9,0.567,0.7,0.417,0.3,0.183
82,3,0.284,0.85,1.0,1.0,0.85,0.284,0.05,0.05
83,,0.134,0.7,0.85,0.85,0.7,0.134,-0.1,-0.1
84,7,0.284,0.567,0.6,0.717,0.85,0.567,0.9,0.333
85,7,0.434,0.434,0.35,0.584,1.0,1.0,1.0,0.766
86,,0.284,0.284,0.2,0.434,0.85,0.85,0.85,0.616
87,,0.134,0.134,0.05,0.284,0.7,0.7,0.7,0.466
88,,-0.016,-0.016,-0.1,0.134,0.55,0.55,0.55,0.316
89,3,0.134,0.417,0.9,0.567,0.7,0.417,0.3,0.183
90,3,0.284,0.85,1.0,1.0,0.85,0.284,0.05,0.05
91,,0.134,0.7,0.85,0.85,0.7,0.134,-0.1,-0.1
92,8,0.567,0.85,0.717,0.6,0.567,0.284,0.333,0.9
93,8,1.0,1.0,0.584,0.35,0.434,0.434,0.766,1.0
94,,0.85,0.85,0.434,0.2,0.284,0.284,0.616,0.85
95,,0.7,0.7,0.284,0.05,0.134,0.134,0.466,0.7
96,,0.55,0.55,0.134,-0.1,-0.016,-0.016,0.316,0.55
97,4,0.417,0.7,0.567,0.9,0.417,0.134,0.183,0.3
98,4,0.284,0.85,1.0,1.0,0.85,0.284,0.05,0.05
99,,0.134,0.7,0.85,0.85,0.7,0.134,-0.1,-0.1
100,7,0.284,0.567,0.6,0.717,0.85,0.567,0.9,0.333
101,7,0.434,0.434,0.35,0.584,1.0,1.0,1.0,0.766
102,,0.284,0.284,0.2,0.434,0.85,0.85,0.85,0.616
103,,0.134,0.134,0.05,0.284,0.7,0.7,0.7,0.466
104,,-0.016,-0.016,-0.1,0.134,0.55,0.55,0.55,0.316
105,3,0.134,0.417,0.9,0.567,0.7,0.417,0.3,0.183
106,3,0.284,0.85,1.0,1.0,0.85,0.284,0.05,0.05
107,,0.134,0.7,0.85,0.85,0.7,0.134,-0.1,-0.1
108,7,0.284,0.567,0.6,0.717,0.85,0.567,0.9,0.333
109,7,0.434,0.434,0.35,0.584,1.0,1.0,1.0,0.766
110,,0.284,0.284,0.2,0.434,0.85,0.85,0.85,0.616
111,,0.134,0.134,0.05,0.284,0.7,0.7,0.7,0.466
112,,-0.016,-0.016,-0.1,0.134,0.55,0.55,0.55,0.316
113,3,0.134,0.417,0.9,0.567,0.7,0.417,0.3,0.183
114,3,0.284,0.85,1.0,1.0,0.85,0.284,0.05,0.05
115,,0.134,0.7,0.85,0.85,0.7,0.134,-0.1,-0.1
116,7,0.284,0.567,0.6,0.717,0.85,0.567,0.9,0.333
117,7,0.434,0.434,0.35,0.584,1.0,1.0,1.0,0.766
118,,0.284,0.284,0.2,0.434,0.85,0.85,0.85,0.616
119,,0.134,0.134,0.05,0.284,0.7,0.7,0.7,0.466
120,,-0.016,-0.016,-0.1,0.134,0.55,0.55,0.55,0.316
121,3,0.134,0.417,0.9,0.567,0.7,0.417,0.3,0.183
122,3,0.284,0.85,1.0,1.0,0.85,0.284,0.05,0.05
123,,0.134,0.7,0.85,0.85,0.7,0.134,-0.1,-0.1
124,7,0.284,0.567,0.6,0.717,0.85,0.567,0.9,0.333
125,7,0.434,0.434,0.35,0.584,1.0,1.0,1.0,0.766
126,,0.284,0.284,0.2,0.434,0.85,0.85,0.85,0.616
127,,0.134,0.134,0.05,0.284,0.7,0.7,0.7,0.466
128,,-0.016,-0.016,-0.1,0.134,0.55,0.55,0.55,0.316
129,3,0.134,0.417,0.9,0.567,0.7,0.417,0.3,0.183
130,3,0.284,0.85,1.0,1.0,0.85,0.284,0.05,0.05
131,,0.134,0.7,0.85,0.85,0.7,0.134,-0.1,-0.1
132,7,0.284,0.567,0.6,0.717,0.85,0.567,0.9,0.333
133,7,0.434,0.434,0.35,0.584,1.0,1.0,1.0,0.766
134,,0.284,0.284,0.2,0.434,0.85,0.85,0.85,0.616
135,,0.134,0.134,0.05,0.284,0.7,0.7,0.7,0.466
136,,-0.016,-0.016,-0.1,0.134,0.55,0.55,0.55,0.316
137,3,0.134,0.417,0.9,0.567,0.7,0.417,0.3,0.183
138,3,0.284,0.85,1.0,1.0,0.85,0.284,0.05,0.05
139,,0.134,0.7,0.85,0.85,0.7,0.134,-0.1,-0.1
140,7,0.284,0.567,0.6,0.717,0.85,0.567,0.9,0.333
141,7,0.434,0.434,0.35,0.584,1.0,1.0,1.0,0.766
142,,0.284,0.284,0.2,0.434,0.85,0.85,0.85,0.616
143,,0.134,0.134,0.05,0.284,0.7,0.7,0.7,0.466
144,,-0.016,-0.016,-0.1,0.134,0.55,0.55,0.55,0.316
145,3,0.134,0.417,0.9,0.567,0.7,0.417,0.3,0.183
146,3,0.284,0.85,1.0,1.0,0.85,0.284,0.05,0.05
147,,0.134,0.7,0.85,0.85,0.7,0.134,-0.1,-0.1
148,8,0.567,0.85,0.717,0.6,0.567,0.284,0.333,0.9
149,8,1.0,1.0,0.584,0.35,0.434,0.434,0.766,1.0
150,,0.85,0.85,0.434,0.2,0.284,0.284,0.616,0.85
151,,0.7,0.7,0.284,0.05,0.134,0.134,0.466,0.7
152,,0.55,0.55,0.134,-0.1,-0.016,-0.016,0.316,0.55
153,4,0.417,0.7,0.567,0.9,0.417,0.134,0.183,0.3
154,4,0.284,0.85,1.0,1.0,0.85,0.284,0.05,0.05
155,,0.134,0.7,0.85,0.85,0.7,0.134,-0.1,-0.1
156,8,0.567,0.85,0.717,0.6,0.567,0.284,0.333,0.9
157,8,1.0,1.0,0.584,0.35,0.434,0.434,0.766,1.0
158,,0.85,0.85,0.434,0.2,0.284,0.284,0.616,0.85
159,,0.7,0.7,0.284,0.05,0.134,0.134,0.466,0.7
160,,0.55,0.55,0.134,-0.1,-0.016,-0.016,0.316,0.55
161,4,0.417,0.7,0.567,0.9,0.417,0.134,0.183,0.3
162,4,0.284,0.85,1.0,1.0,0.85,0.284,0.05,0.05
163,,0.134,0.7,0.85,0.85,0.7,0.134,-0.1,-0.1
164,7,0.284,0.567,0.6,0.717,0.85,0.567,0.9,0.333
165,7,0.434,0.434,0.35,0.584,1.0,1.0,1.0,0.766
166,,0.284,0.284,0.2,0.434,0.85,0.85,0.85,0.616
167,,0.134,0.134,0.05,0.284,0.7,0.7,0.7,0.466
168,,-0.016,-0.016,-0.1,0.134,0.55,0.55,0.55,0.316
169,3,0.134,0.417,0.9,0.567,0.7,0.417,0.3,0.183
170,3,0.284,0.85,1.0,1.0,0.85,0.284,0.05,0.05
171,,0.134,0.7,0.85,0.85,0.7,0.134,-0.1,-0.1
172,7,0.284,0.567,0.6,0.717,0.85,0.567,0.9,0.333
173,7,0.434,0.434,0.35,0.584,1.0,1.0,1.0,0.766
174,,0.284,0.284,0.2,0.434,0.85,0.85,0.85,0.616
175,,0.134,0.134,0.05,0.284,0.7,0.7,0.7,0.466
176,,-0.016,-0.016,-0.1,0.134,0.55,0.55,0.55,0.316
177,3,0.134,0.417,0.9,0.567,0.7,0.417,0.3,0.183
178,3,0.284,0.85,1.0,1.0,0.85,0.284,0.05,0.05
179,,0.134,0.7,0.85,0.85,0.7,0.134,-0.1,-0.1
180,8,0.567,0.85,0.717,0.6,0.567,0.284,0.333,0.9
181,8,1.0,1.0,0.584,0.35,0.434,0.434,0.766,1.0
182,,0.85,0.85,0.434,0.2,0.284,0.284,0.616,0.85
183,,0.7,0.7,0.284,0.05,0.134,0.134,0.466,0.7
184,,0.55,0.55,0.134,-0.1,-0.016,-0.016,0.316,0.55
185,4,0.417,0.7,0.567,0.9,0.417,0.134,0.183,0.3
186,4,0.284,0.85,1.0,1.0,0.85,0.284,0.05,0.05
187,,0.134,0.7,0.85,0.85,0.7,0.134,-0.1,-0.1
188,7,0.284,0.567,0.6,0.717,0.85,0.567,0.9,0.333
189,7,0.434,0.434,0.35,0.584,1.0,1.0,1.0,0.766
190,,0.284,0.284,0.2,0.434,0.85,0.85,0.85,0.616
191,,0.134,0.134,0.05,0.284,0.7,0.7,0.7,0.466
192,,-0.016,-0.016,-0.1,0.134,0.55,0.55,0.55,0.316
193,3,0.134,0.417,0.9,0.567,0.7,0.417,0.3,0.183
194,3,0.284,0.85,1.0,1.0,0.85,0.284,0.05,0.05
195,,0.134,0.7,0.85,0.85,0.7,0.134,-0.1,-0.1
196,7,0.284,0.567,0.6,0.717,0.85,0.567,0.9,0.333
197,7,0.434,0.434,0.35,0.584,1.0,1.0,1.0,0.766
198,,0.284,0.284,0.2,0.434,0.85,0.85,0.85,0.616
199,,0.134,0.134,0.05,0.284,0.7,0.7,0.7,0.466
200,,-0.016,-0.016,-0.1,0.134,0.55,0.55,0.55,0.316
201,3,0.134,0.417,0.9,0.567,0.7,0.417,0.3,0.183
202,3,0.284,0.85,1.0,1.0,0.85,0.284,0.05,0.05
203,,0.134,0.7,0.85,0.85,0.7,0.134,-0.1,-0.1
204,7,0.284,0.567,0.6,0.717,0.85,0.567,0.9,0.333
205,7,0.434,0.434,0.35,0.584,1.0,1.0,1.0,0.766
206,,0.284,0.284,0.2,0.434,0.85,0.85,0.85,0.616
207,,0.134,0.134,0.05,0.284,0.7,0.7,0.7,0.466
208,,-0.016,-0.016,-0.1,0.134,0.55,0.55,0.55,0.316
209,3,0.134,0.417,0.9,0.567,0.7,0.417,0.3,0.183
210,3,0.284,0.85,1.0,1.0,0.85,0.284,0.05,0.05
211,,0.134,0.7,0.85,0.85,0.7,0.134,-0.1,-0.1
212,8,0.567,0.85,0.717,0.6,0.567,0.284,0.333,0.9
213,8,1.0,1.0,0.584,0.35,0.434,0.434,0.766,1.0
214,,0.85,0.85,0.434,0.2,0.284,0.284,0.616,0.85
215,,0.7,0.7,0.284,0.05,0.134,0.134,0.466,0.7
216,,0.55,0.55,0.134,-0.1,-0.016,-0.016,0.316,0.55
217,4,0.417,0.7,0.567,0.9,0.417,0.134,0.183,0.3
218,4,0.284,0.85,1.0,1.0,0.85,0.284,0.05,0.05
219,,0.134,0.7,0.85,0.85,0.7,0.134,-0.1,-0.1
220,7,0.284,0.567,0.6,0.717,0.85,0.567,0.9,0.333
221,7,0.434,0.434,0.35,0.584,1.0,1.0,1.0,0.766
222,,0.284,0.284,0.2,0.434,0.85,0.85,0.85,0.616
223,,0.134,0.134,0.05,0.284,0.7,0.7,0.7,0.466
224,,-0.016,-0.016,-0.1,0.134,0.55,0.55,0.55,0.316
225,3,0.134,0.417,0.9,0.567,0.7,0.417,0.3,0.183
226,3,0.284,0.85,1.0,1.0,0.85,0.284,0.05,0.05
227,,0.134,0.7,0.85,0.85,0.7,0.134,-0.1,-0.1
228,8,0.567,0.85,0.717,0.6,0.567,0.284,0.333,0.9
229,8,1.0,1.0,0.584,0.35,0.434,0.434,0.766,1.0
230,,0.85,0.85,0.434,0.2,0.284,0.284,0.616,0.85
231,,0.7,0.7,0.284,0.05,0.134,0.134,0.466,0.7
232,,0.55,0.55,0.134,-0.1,-0.016,-0.016,0.316,0.55
233,4,0.417,0.7,0.567,0.9,0.417,0.134,0.183,0.3
234,4,0.284,0.85,1.0,1.0,0.85,0.284,0.05,0.05
235,,0.134,0.7,0.85,0.85,0.7,0.134,-0.1,-0.1
236,7,0.284,0.567,0.6,0.717,0.85,0.567,0.9,0.333
237,7,0.434,0.434,0.35,0.584,1.0,1.0,1.0,0.766
238,,0.284,0.284,0.2,0.434,0.85,0.85,0.85,0.616
239,,0.134,0.134,0.05,0.284,0.7,0.7,0.7,0.466
240,,-0.016,-0.016,-0.1,0.134,0.55,0.55,0.55,0.316
241,3,0.134,0.417,0.9,0.567,0.7,0.417,0.3,0.183
242,3,0.284,0.85,1.0,1.0,0.85,0.284,0.05,0.05
243,,0.134,0.7,0.85,0.85,0.7,0.134,-0.1,-0.1
244,8,0.567,0.85,0.717,0.6,0.567,0.284,0.333,0.9
245,8,1.0,1.0,0.584,0.35,0.434,0.434,0.766,1.0
246,,0.85,0.85,0.434,0.2,0.284,0.284,0.616,0.85
247,,0.7,0.7,0.284,0.05,0.134,0.134,0.466,0.7
248,,0.55,0.55,0.134,-0.1,-0.016,-0.016,0.316,0.55
249,4,0.417,0.7,0.567,0.9,0.417,0.134,0.183,0.3
250,4,0.284,0.85,1.0,1.0,0.85,0.284,0.05,0.05
251,,0.134,0.7,0.85,0.85,0.7,0.134,-0.1,-0.1
252,8,0.567,0.85,0.717,0.6,0.567,0.284,0.333,0.9
253,8,1.0,1.0,0.584,0.35,0.434,0.434,0.766,1.0
254,,0.85,0.85,0.434,0.2,0.284,0.284,0.616,0.85
255,,0.7,0.7,0.284,0.05,0.134,0.134,0.466,0.7
256,,0.55,0.55,0.134,-0.1,-0.016,-0.016,0.316,0.55
257,4,0.417,0.7,0.567,0.9,0.417,0.134,0.183,0.3
258,4,0.284,0.85,1.0,1.0,0.85,0.284,0.05,0.05
259,,0.134,0.7,0.85,0.85,0.7,0.134,-0.1,-0.1
260,7,0.284,0.567,0.6,0.717,0.85,0.567,0.9,0.333
261,7,0.434,0.434,0.35,0.584,1.0,1.0,1.0,0.766
262,,0.284,0.284,0.2,0.434,0.85,0.85,0.85,0.616
263,,0.134,0.134,0.05,0.284,0.7,0.7,0.7,0.466
264,,-0.016,-0.016,-0.1,0.134,0.55,0.55,0.55,0.316
265,3,0.134,0.417,0.9,0.567,0.7,0.417,0.3,0.183
266,3,0.284,0.85,1.0,1.0,0.85,0.284,0.05,0.05
267,,0.134,0.7,0.85,0.85,0.7,0.134,-0.1,-0.1
268,8,0.567,0.85,0.717,0.6,0.567,0.284,0.333,0.9
269,8,1.0,1.0,0.584,0.35,0.434,0.434,0.766,1.0
270,,0.85,0.85,0.434,0.2,0.284,0.284,0.616,0.85
271,,0.7,0.7,0.284,0.05,0.134,0.134,0.466,0.7
272,,0.55,0.55,0.134,-0.1,-0.016,-0.016,0.316,0.55
273,4,0.417,0.7,0.567,0.9,0.417,0.134,0.183,0.3
274,4,0.284,0.85,1.0,1.0,0.85,0.284,0.05,0.05
275,,0.134,0.7,0.85,0.85,0.7,0.134,-0.1,-0.1
276,7,0.284,0.567,0.6,0.717,0.85,0.567,0.9,0.333
277,7,0.434,0.434,0.35,0.584,1.0,1.0,1.0,0.766
278,,0.284,0.284,0.2,0.434,0.85,0.85,0.85,0.616
279,,0.134,0.134,0.05,0.284,0.7,0.7,0.7,0.466
280,,-0.016,-0.016,-0.1,0.134,0.55,0.55,0.55,0.316
281,3,0.134,0.417,0.9,0.567,0.7,0.417,0.3,0.183
282,3,0.284,0.85,1.0,1.0,0.85,0.284,0.05,0.05
283,,0.134,0.7,0.85,0.85,0.7,0.134,-0.1,-0.1
284,8,0.567,0.85,0.717,0.6,0.567,0.284,0.333,0.9
285,8,1.0,1.0,0.584,0.35,0.434,0.434,0.766,1.0
286,,0.85,0.85,0.434,0.2,0.284,0.284,0.616,0.85
287,,0.7,0.7,0.284,0.05,0.134,0.134,0.466,0.7
288,,0.55,0.55,0.134,-0.1,-0.016,-0.016,0.316,0.55
289,4,0.417,0.7,0.567,0.9,0.417,0.134,0.183,0.3
290,4,0.284,0.85,1.0,1.0,0.85,0.284,0.05,0.05
291,,0.134,0.7,0.85,0.85,0.7,0.134,-0.1,-0.1
292,7,0.284,0.567,0.6,0.717,0.85,0.567,0.9,0.333
293,7,0.434,0.434,0.35,0.584,1.0,1.0,1.0,0.766
294,,0.284,0.284,0.2,0.434,0.85,0.85,0.85,0.616
295,,0.134,0.134,0.05,0.284,0.7,0.7,0.7,0.466
296,,-0.016,-0.016,-0.1,0.134,0.55,0.55,0.55,0.316
297,3,0.134,0.417,0.9,0.567,0.7,0.417,0.3,0.183
298,3,0.284,0.85,1.0,1.0,0.85,0.284,0.05,0.05
299,,0.134,0.7,0.85,0.85,0.7,0.134,-0.1,-0.1
300,7,0.284,0.567,0.6,0.717,0.85,0.567,0.9,0.333
301,7,0.434,0.434,0.35,0.584,1.0,1.0,1.0,0.766
302,,0.284,0.284,0.2,0.434,0.85,0.85,0.85,0.616
303,,0.134,0.134,0.05,0.284,0.7,0.7,0.7,0.466
304,,-0.016,-0.016,-0.1,0.134,0.55,0.55,0.55,0.316
305,3,0.134,0.417,0.9,0.567,0.7,0.417,0.3,0.183
306,3,0.284,0.85,1.0,1.0,0.85,0.284,0.05,0.05
307,,0.134,0.7,0.85,0.85,0.7,0.134,-0.1,-0.1
308,8,0.567,0.85,0.717,0.6,0.567,0.284,0.333,0.9
309,8,1.0,1.0,0.584,0.35,0.434,0.434,0.766,1.0
310,,0.85,0.85,0.434,0.2,0.284,0.284,0.616,0.85
311,,0.7,0.7,0.284,0.05,0.134,0.134,0.466,0.7
312,,0.55,0.55,0.134,-0.1,-0.016,-0.016,0.316,0.55
313,4,0.417,0.7,0.567,0.9,0.417,0.134,0.183,0.3
314,4,0.284,0.85,1.0,1.0,0.85,0.284,0.05,0.05
315,,0.134,0.7,0.85,0.85,0.7,0.134,-0.1,-0.1
316,7,0.284,0.567,0.6,0.717,0.85,0.567,0.9,0.333
317,7,0.434,0.434,0.35,0.584,1.0,1.0,1.0,0.766
318,,0.284,0.284,0.2,0.434,0.85,0.85,0.85,0.616
319,,0.134,0.134,0.05,0.284,0.7,0.7,0.7,0.466
320,,-0.016,-0.016,-0.1,0.134,0.55,0.55,0.55,0.316
321,3,0.134,0.417,0.9,0.567,0.7,0.417,0.3,0.183
322,3,0.284,0.85,1.0,1.0,0.85,0.284,0.05,0.05
323,,0.134,0.7,0.85,0.85,0.7,0.134,-0.1,-0.1
324,7,0.284,0.567,0.6,0.717,0.85,0.567,0.9,0.333
325,7,0.434,0.434,0.35,0.584,1.0,1.0,1.0,0.766
326,,0.284,0.284,0.2,0.434,0.85,0.85,0.85,0.616
327,,0.134,0.134,0.05,0.284,0.7,0.7,0.7,0.466
328,,-0.016,-0.016,-0.1,0.134,0.55,0.55,0.55,0.316
329,3,0.134,0.417,0.9,0.567,0.7,0.417,0.3,0.183
330,3,0.284,0.85,1.0,1.0,0.85,0.284,0.05,0.05
331,,0.134,0.7,0.85,0.85,0.7,0.134,-0.1,-0.1
332,8,0.567,0.85,0.717,0.6,0.567,0.284,0.333,0.9
333,8,1.0,1.0,0.584,0.35,0.434,0.434,0.766,1.0
334,,0.85,0.85,0.434,0.2,0.284,0.284,0.616,0.85
335,,0.7,0.7,0.284,0.05,0.134,0.134,0.466,0.7
336,,0.55,0.55,0.134,-0.1,-0.016,-0.016,0.316,0.55
337,4,0.417,0.7,0.567,0.9,0.417,0.134,0.183,0.3
338,4,0.284,0.85,1.0,1.0,0.85,0.284,0.05,0.05
339,,0.134,0.7,0.85,0.85,0.7,0.134,-0.1,-0.1
340,7,0.284,0.567,0.6,0.717,0.85,0.567,0.9,0.333
341,7,0.434,0.434,0.35,0.584,1.0,1.0,1.0,0.766
342,,0.284,0.284,0.2,0.434,0.85,0.85,0.85,0.616
343,,0.134,0.134,0.05,0.284,0.7,0.7,0.7,0.466
344,,-0.016,-0.016,-0.1,0.134,0.55,0.55,0.55,0.316
345,3,0.134,0.417,0.9,0.567,0.7,0.417,0.3,0.183
346,3,0.284,0.85,1.0,1.0,0.85,0.284,0.05,0.05
347,,0.134,0.7,0.85,0.85,0.7,0.134,-0.1,-0.1
348,7,0.284,0.567,0.6,0.717,0.85,0.567,0.9,0.333
349,7,0.434,0.434,0.35,0.584,1.0,1.0,1.0,0.766
350,,0.284,0.284,0.2,0.434,0.85,0.85,0.85,0.616
351,,0.134,0.134,0.05,0.284,0.7,0.7,0.7,0.466
352,,-0.016,-0.016,-0.1,0.134,0.55,0.55,0.55,0.316
353,3,0.134,0.417,0.9,0.567,0.7,0.417,0.3,0.183
354,3,0.284,0.85,1.0,1.0,0.85,0.284,0.05,0.05
355,,0.134,0.7,0.85,0.85,0.7,0.134,-0.1,-0.1
356,8,0.567,0.85,0.717,0.6,0.567,0.284,0.333,0.9
357,8,1.0,1.0,0.584,0.35,0.434,0.434,0.766,1.0
358,,0.85,0.85,0.434,0.2,0.284,0.284,0.616,0.85
359,,0.7,0.7,0.284,0.05,0.134,0.134,0.466,0.7
360,,0.55,0.55,0.134,-0.1,-0.016,-0.016,0.316,0.55
361,4,0.417,0.7,0.567,0.9,0.417,0.134,0.183,0.3
362,4,0.284,0.85,1.0,1.0,0.85,0.284,0.05,0.05
363,,0.134,0.7,0.85,0.85,0.7,0.134,-0.1,-0.1
364,8,0.567,0.85,0.717,0.6,0.567,0.284,0.333,0.9
365,8,1.0,1.0,0.584,0.35,0.434,0.434,0.766,1.0
366,,0.85,0.85,0.434,0.2,0.284,0.284,0.616,0.85
367,,0.7,0.7,0.284,0.05,0.134,0.134,0.466,0.7
368,,0.55,0.55,0.134,-0.1,-0.016,-0.016,0.316,0.55
369,4,0.417,0.7,0.567,0.9,0.417,0.134,0.183,0.3
370,4,0.284,0.85,1.0,1.0,0.85,0.284,0.05,0.05
371,,0.134,0.7,0.85,0.85,0.7,0.134,-0.1,-0.1
372,7,0.284,0.567,0.6,0.717,0.85,0.567,0.9,0.333
373,7,0.434,0.434,0.35,0.584,1.0,1.0,1.0,0.766
374,,0.284,0.284,0.2,0.434,0.85,0.85,0.85,0.616
375,,0.134,0.134,0.05,0.284,0.7,0.7,0.7,0.466
376,,-0.016,-0.016,-0.1,0.134,0.55,0.55,0.55,0.316
377,3,0.134,0.417,0.9,0.567,0.7,0.417,0.3,0.183
378,3,0.284,0.85,1.0,1.0,0.85,0.284,0.05,0.05
379,,0.134,0.7,0.85,0.85,0.7,0.134,-0.1,-0.1
380,7,0.284,0.567,0.6,0.717,0.85,0.567,0.9,0.333
381,7,0.434,0.434,0.35,0.584,1.0,1.0,1.0,0.766
382,,0.284,0.284,0.2,0.434,0.85,0.85,0.85,0.616
383,,0.134,0.134,0.05,0.284,0.7,0.7,0.7,0.466
384,,-0.016,-0.016,-0.1,0.134,0.55,0.55,0.55,0.316
385,3,0.134,0.417,0.9,0.567,0.7,0.417,0.3,0.183
386,3,0.284,0.85,1.0,1.0,0.85,0.284,0.05,0.05
387,,0.134,0.7,0.85,0.85,0.7,0.134,-0.1,-0.1
388,8,0.567,0.85,0.717,0.6,0.567,0.284,0.333,0.9
389,8,1.0,1.0,0.584,0.35,0.434,0.434,0.766,1.0
390,,0.85,0.85,0.434,0.2,0.284,0.284,0.616,0.85
391,,0.7,0.7,0.284,0.05,0.134,0.134,0.466,0.7
392,,0.55,0.55,0.134,-0.1,-0.016,-0.016,0.316,0.55
393,4,0.417,0.7,0.567,0.9,0.417,0.134,0.183,0.3
394,4,0.284,0.85,1.0,1.0,0.85,0.284,0.05,0.05
395,,0.134,0.7,0.85,0.85,0.7,0.134,-0.1,-0.1
396,8,0.567,0.85,0.717,0.6,0.567,0.284,0.333,0.9
397,8,1.0,1.0,0.584,0.35,0.434,0.434,0.766,1.0
398,,0.85,0.85,0.434,0.2,0.284,0.284,0.616,0.85
399,,0.7,0.7,0.284,0.05,0.134,0.134,0.466,0.7
400,,0.55,0.55,0.134,-0.1,-0.016,-0.016,0.316,0.55
401,4,0.417,0.7,0.567,0.9,0.417,0.134,0.183,0.3
402,4,0.284,0.85,1.0,1.0,0.85,0.284,0.05,0.05
403,,0.134,0.7,0.85,0.85,0.7,0.134,-0.1,-0.1
404,7,0.284,0.567,0.6,0.717,0.85,0.567,0.9,0.333
405,7,0.434,0.434,0.35,0.584,1.0,1.0,1.0,0.766
406,,0.284,0.284,0.2,0.434,0.85,0.85,0.85,0.616
407,,0.134,0.134,0.05,0.284,0.7,0.7,0.7,0.466
408,,-0.016,-0.016,-0.1,0.134,0.55,0.55,0.55,0.316
409,3,0.134,0.417,0.9,0.567,0.7,0.417,0.3,0.183
410,3,0.284,0.85,1.0,1.0,0.85,0.284,0.05,0.05
411,,0.134,0.7,0.85,0.85,0.7,0.134,-0.1,-0.1
412,8,0.567,0.85,0.717,0.6,0.567,0.284,0.333,0.9
413,8,1.0,1.0,0.584,0.35,0.434,0.434,0.766,1.0
414,,0.85,0.85,0.434,0.2,0.284,0.284,0.616,0.85
415,,0.7,0.7,0.284,0.05,0.134,0.134,0.466,0.7
416,,0.55,0.55,0.134,-0.1,-0.016,-0.016,0.316,0.55
417,4,0.417,0.7,0.567,0.9,0.417,0.134,0.183,0.3
418,4,0.284,0.85,1.0,1.0,0.85,0.284,0.05,0.05
419,,0.134,0.7,0.85,0.85,0.7,0.134,-0.1,-0.1
420,7,0.284,0.567,0.6,0.717,0.85,0.567,0.9,0.333
421,7,0.434,0.434,0.35,0.584,1.0,1.0,1.0,0.766
422,,0.284,0.284,0.2,0.434,0.85,0.85,0.85,0.616
423,,0.134,0.134,0.05,0.284,0.7,0.7,0.7,0.466
424,,-0.016,-0.016,-0.1,0.134,0.55,0.55,0.55,0.316
425,3,0.134,0.417,0.9,0.567,0.7,0.417,0.3,0.183
426,3,0.284,0.85,1.0,1.0,0.85,0.284,0.05,0.05
427,,0.134,0.7,0.85,0.85,0.7,0.134,-0.1,-0.1
428,7,0.284,0.567,0.6,0.717,0.85,0.567,0.9,0.333
429,7,0.434,0.434,0.35,0.584,1.0,1.0,1.0,0.766
430,,0.284,0.284,0.2,0.434,0.85,0.85,0.85,0.616
431,,0.134,0.134,0.05,0.284,0.7,0.7,0.7,0.466
432,,-0.016,-0.016,-0.1,0.134,0.55,0.55,0.55,0.316
433,3,0.134,0.417,0.9,0.567,0.7,0.417,0.3,0.183
434,3,0.284,0.85,1.0,1.0,0.85,0.284,0.05,0.05
435,,0.134,0.7,0.85,0.85,0.7,0.134,-0.1,-0.1
436,7,0.284,0.567,0.6,0.717,0.85,0.567,0.9,0.333
437,7,0.434,0.434,0.35,0.584,1.0,1.0,1.0,0.766
438,,0.284,0.284,0.2,0.434,0.85,0.85,0.85,0.616
439,,0.134,0.134,0.05,0.284,0.7,0.7,0.7,0.466
440,,-0.016,-0.016,-0.1,0.134,0.55,0.55,0.55,0.316
441,3,0.134,0.417,0.9,0.567,0.7,0.417,0.3,0.183
442,3,0.284,0.85,1.0,1.0,0.85,0.284,0.05,0.05
443,,0.134,0.7,0.85,0.85,0.7,0.134,-0.1,-0.1
444,7,0.284,0.567,0.6,0.717,0.85,0.567,0.9,0.333
445,7,0.434,0.434,0.35,0.584,1.0,1.0,1.0,0.766
446,,0.284,0.284,0.2,0.434,0.85,0.85,0.85,0.616
447,,0.134,0.134,0.05,0.284,0.7,0.7,0.7,0.466
448,,-0.016,-0.016,-0.1,0.134,0.55,0.55,0.55,0.316
449,3,0.134,0.417,0.9,0.567,0.7,0.417,0.3,0.183
450,3,0.284,0.85,1.0,1.0,0.85,0.284,0.05,0.05
451,,0.134,0.7,0.85,0.85,0.7,0.134,-0.1,-0.1
452,7,0.284,0.567,0.6,0.717,0.85,0.567,0.9,0.333
453,7,0.434,0.434,0.35,0.584,1.0,1.0,1.0,0.766
454,,0.284,0.284,0.2,0.434,0.85,0.85,0.85,0.616
455,,0.134,0.134,0.05,0.284,0.7,0.7,0.7,0.466
456,,-0.016,-0.016,-0.1,0.134,0.55,0.55,0.55,0.316
457,3,0.134,0.417,0.9,0.567,0.7,0.417,0.3,0.183
458,3,0.284,0.85,1.0,1.0,0.85,0.284,0.05,0.05
459,,0.134,0.7,0.85,0.85,0.7,0.134,-0.1,-0.1
460,8,0.567,0.85,0.717,0.6,0.567,0.284,0.333,0.9
461,8,1.0,1.0,0.584,0.35,0.434,0.434,0.766,1.0
462,,0.85,0.85,0.434,0.2,0.284,0.284,0.616,0.85
463,,0.7,0.7,0.284,0.05,0.134,0.134,0.466,0.7
464,,0.55,0.55,0.134,-0.1,-0.016,-0.016,0.316,0.55
465,4,0.417,0.7,0.567,0.9,0.417,0.134,0.183,0.3
466,4,0.284,0.85,1.0,1.0,0.85,0.284,0.05,0.05
467,,0.134,0.7,0.85,0.85,0.7,0.134,-0.1,-0.1
468,8,0.567,0.85,0.717,0.6,0.567,0.284,0.333,0.9
469,8,1.0,1.0,0.584,0.35,0.434,0.434,0.766,1.0
470,,0.85,0.85,0.434,0.2,0.284,0.284,0.616,0.85
471,,0.7,0.7,0.284,0.05,0.134,0.134,0.466,0.7
472,,0.55,0.55,0.134,-0.1,-0.016,-0.016,0.316,0.55
473,4,0.417,0.7,0.567,0.9,0.417,0.134,0.183,0.3
474,4,0.284,0.85,1.0,1.0,0.85,0.284,0.05,0.05
475,,0.134,0.7,0.85,0.85,0.7,0.134,-0.1,-0.1
476,8,0.567,0.85,0.717,0.6,0.567,0.284,0.333,0.9
477,8,1.0,1.0,0.584,0.35,0.434,0.434,0.766,1.0
478,,0.85,0.85,0.434,0.2,0.284,0.284,0.616,0.85
479,,0.7,0.7,0.284,0.05,0.134,0.134,0.466,0.7
480,,0.55,0.55,0.134,-0.1,-0.016,-0.016,0.316,0.55
481,4,0.417,0.7,0.567,0.9,0.417,0.134,0.183,0.3
482,4,0.284,0.85,1.0,1.0,0.85,0.284,0.05,0.05
483,,0.134,0.7,0.85,0.85,0.7,0.134,-0.1,-0.1
484,8,0.567,0.85,0.717,0.6,0.567,0.284,0.333,0.9
485,8,1.0,1.0,0.584,0.35,0.434,0.434,0.766,1.0
486,,0.85,0.85,0.434,0.2,0.284,0.284,0.616,0.85
487,,0.7,0.7,0.284,0.05,0.134,0.134,0.466,0.7
488,,0.55,0.55,0.134,-0.1,-0.016,-0.016,0.316,0.55
489,4,0.417,0.7,0.567,0.9,0.417,0.134,0.183,0.3
490,4,0.284,0.85,1.0,1.0,0.85,0.284,0.05,0.05
491,,0.134,0.7,0.85,0.85,0.7,0.134,-0.1,-0.1
492,7,0.284,0.567,0.6,0.717,0.85,0.567,0.9,0.333
493,7,0.434,0.434,0.35,0.584,1.0,1.0,1.0,0.766
494,,0.284,0.284,0.2,0.434,0.85,0.85,0.85,0.616
495,,0.134,0.134,0.05,0.284,0.7,0.7,0.7,0.466
496,,-0.016,-0.016,-0.1,0.134,0.55,0.55,0.55,0.316
497,3,0.134,0.417,0.9,0.567,0.7,0.417,0.3,0.183
498,3,0.284,0.85,1.0,1.0,0.85,0.284,0.05,0.05
499,,0.134,0.7,0.85,0.85,0.7,0.134,-0.1,-0.1
500,7,0.284,0.567,0.6,0.717,0.85,0.567,0.9,0.333
501,7,0.434,0.434,0.35,0.584,1.0,1.0,1.0,0.766
502,,0.284,0.284,0.2,0.434,0.85,0.85,0.85,0.616
503,,0.134,0.134,0.05,0.284,0.7,0.7,0.7,0.466
504,,-0.016,-0.016,-0.1,0.134,0.55,0.55,0.55,0.316
505,3,0.134,0.417,0.9,0.567,0.7,0.417,0.3,0.183
506,3,0.284,0.85,1.0,1.0,0.85,0.284,0.05,0.05
507,,0.134,0.7,0.85,0.85,0.7,0.134,-0.1,-0.1
508,7,0.284,0.567,0.6,0.717,0.85,0.567,0.9,0.333
509,7,0.434,0.434,0.35,0.584,1.0,1.0,1.0,0.766
510,,0.284,0.284,0.2,0.434,0.85,0.85,0.85,0.616
511,,0.134,0.134,0.05,0.284,0.7,0.7,0.7,0.466
512,,-0.016,-0.016,-0.1,0.134,0.55,0.55,0.55,0.316
513,3,0.134,0.417,0.9,0.567,0.7,0.417,0.3,0.183
514,3,0.284,0.85,1.0,1.0,0.85,0.284,0.05,0.05
515,,0.134,0.7,0.85,0.85,0.7,0.134,-0.1,-0.1
516,7,0.284,0.567,0.6,0.717,0.85,0.567,0.9,0.333
517,7,0.434,0.434,0.35,0.584,1.0,1.0,1.0,0.766
518,,0.284,0.284,0.2,0.434,0.85,0.85,0.85,0.616
519,,0.134,0.134,0.05,0.284,0.7,0.7,0.7,0.466
520,,-0.016,-0.016,-0.1,0.134,0.55,0.55,0.55,0.316
521,3,0.134,0.417,0.9,0.567,0.7,0.417,0.3,0.183
522,3,0.284,0.85,1.0,1.0,0.85,0.284,0.05,0.05
523,,0.134,0.7,0.85,0.85,0.7,0.134,-0.1,-0.1
524,8,0.567,0.85,0.717,0.6,0.567,0.284,0.333,0.9
525,8,1.0,1.0,0.584,0.35,0.434,0.434,0.766,1.0
526,,0.85,0.85,0.434,0.2,0.284,0.284,0.616,0.85
527,,0.7,0.7,0.284,0.05,0.134,0.134,0.466,0.7
528,,0.55,0.55,0.134,-0.1,-0.016,-0.016,0.316,0.55
529,4,0.417,0.7,0.567,0.9,0.417,0.134,0.183,0.3
530,4,0.284,0.85,1.0,1.0,0.85,0.284,0.05,0.05
531,,0.134,0.7,0.85,0.85,0.7,0.134,-0.1,-0.1
532,7,0.284,0.567,0.6,0.717,0.85,0.567,0.9,0.333
533,7,0.434,0.434,0.35,0.584,1.0,1.0,1.0,0.766
534,,0.284,0.284,0.2,0.434,0.85,0.85,0.85,0.616
535,,0.134,0.134,0.05,0.284,0.7,0.7,0.7,0.466
536,,-0.016,-0.016,-0.1,0.134,0.55,0.55,0.55,0.316
537,3,0.134,0.417,0.9,0.567,0.7,0.417,0.3,0.183
538,3,0.284,0.85,1.0,1.0,0.85,0.284,0.05,0.05
539,,0.134,0.7,0.85,0.85,0.7,0.134,-0.1,-0.1
540,7,0.284,0.567,0.6,0.717,0.85,0.567,0.9,0.333
541,7,0.434,0.434,0.35,0.584,1.0,1.0,1.0,0.766
542,,0.284,0.284,0.2,0.434,0.85,0.85,0.85,0.616
543,,0.134,0.134,0.05,0.284,0.7,0.7,0.7,0.466
544,,-0.016,-0.016,-0.1,0.134,0.55,0.55,0.55,0.316
545,3,0.134,0.417,0.9,0.567,0.7,0.417,0.3,0.183
546,3,0.284,0.85,1.0,1.0,0.85,0.284,0.05,0.05
547,,0.134,0.7,0.85,0.85,0.7,0.134,-0.1,-0.1
548,8,0.567,0.85,0.717,0.6,0.567,0.284,0.333,0.9
549,8,1.0,1.0,0.584,0.35,0.434,0.434,0.766,1.0
550,,0.85,0.85,0.434,0.2,0.284,0.284,0.616,0.85
551,,0.7,0.7,0.284,0.05,0.134,0.134,0.466,0.7
552,,0.55,0.55,0.134,-0.1,-0.016,-0.016,0.316,0.55
553,4,0.417,0.7,0.567,0.9,0.417,0.134,0.183,0.3
554,4,0.284,0.85,1.0,1.0,0.85,0.284,0.05,0.05
555,,0.134,0.7,0.85,0.85,0.7,0.134,-0.1,-0.1
556,8,0.567,0.85,0.717,0.6,0.567,0.284,0.333,0.9
557,8,1.0,1.0,0.584,0.35,0.434,0.434,0.766,1.0
558,,0.85,0.85,0.434,0.2,0.284,0.284,0.616,0.85
559,,0.7,0.7,0.284,0.05,0.134,0.134,0.466,0.7
560,,0.55,0.55,0.134,-0.1,-0.016,-0.016,0.316,0.55
561,4,0.417,0.7,0.567,0.9,0.417,0.134,0.183,0.3
562,4,0.284,0.85,1.0,1.0,0.85,0.284,0.05,0.05
563,,0.134,0.7,0.85,0.85,0.7,0.134,-0.1,-0.1
564,8,0.567,0.85,0.717,0.6,0.567,0.284,0.333,0.9
565,8,1.0,1.0,0.584,0.35,0.434,0.434,0.766,1.0
566,,0.85,0.85,0.434,0.2,0.284,0.284,0.616,0.85
567,,0.7,0.7,0.284,0.05,0.134,0.134,0.466,0.7
568,,0.55,0.55,0.134,-0.1,-0.016,-0.016,0.316,0.55
569,4,0.417,0.7,0.567,0.9,0.417,0.134,0.183,0.3
570,4,0.284,0.85,1.0,1.0,0.85,0.284,0.05,0.05
571,,0.134,0.7,0.85,0.85,0.7,0.134,-0.1,-0.1
572,8,0.567,0.85,0.717,0.6,0.567,0.284,0.333,0.9
573,8,1.0,1.0,0.584,0.35,0.434,0.434,0.766,1.0
574,,0.85,0.85,0.434,0.2,0.284,0.284,0.616,0.85
575,,0.7,0.7,0.284,0.05,0.134,0.134,0.466,0.7
576,,0.55,0.55,0.134,-0.1,-0.016,-0.016,0.316,0.55
577,4,0.417,0.7,0.567,0.9,0.417,0.134,0.183,0.3
578,4,0.284,0.85,1.0,1.0,0.85,0.284,0.05,0.05
579,,0.134,0.7,0.85,0.85,0.7,0.134,-0.1,-0.1
580,7,0.284,0.567,0.6,0.717,0.85,0.567,0.9,0.333
581,7,0.434,0.434,0.35,0.584,1.0,1.0,1.0,0.766
582,,0.284,0.284,0.2,0.434,0.85,0.85,0.85,0.616
583,,0.134,0.134,0.05,0.284,0.7,0.7,0.7,0.466
584,,-0.016,-0.016,-0.1,0.134,0.55,0.55,0.55,0.316
585,3,0.134,0.417,0.9,0.567,0.7,0.417,0.3,0.183
586,3,0.284,0.85,1.0,1.0,0.85,0.284,0.05,0.05
587,,0.134,0.7,0.85,0.85,0.7,0.134,-0.1,-0.1
588,7,0.284,0.567,0.6,0.717,0.85,0.567,0.9,0.333
589,7,0.434,0.434,0.35,0.584,1.0,1.0,1.0,0.766
590,,0.284,0.284,0.2,0.434,0.85,0.85,0.85,0.616
591,,0.134,0.134,0.05,0.284,0.7,0.7,0.7,0.466
592,,-0.016,-0.016,-0.1,0.134,0.55,0.55,0.55,0.316
593,3,0.134,0.417,0.9,0.567,0.7,0.417,0.3,0.183
594,3,0.284,0.85,1.0,1.0,0.85,0.284,0.05,0.05
595,,0.134,0.7,0.85,0.85,0.7,0.134,-0.1,-0.1
596,8,0.567,0.85,0.717,0.6,0.567,0.284,0.333,0.9
597,8,1.0,1.0,0.584,0.35,0.434,0.434,0.766,1.0
598,,0.85,0.85,0.434,0.2,0.284,0.284,0.616,0.85
599,,0.7,0.7,0.284,0.05,0.134,0.134,0.466,0.7
600,,0.55,0.55,0.134,-0.1,-0.016,-0.016,0.316,0.55
601,4,0.417,0.7,0.567,0.9,0.417,0.134,0.183,0.3
602,4,0.284,0.85,1.0,1.0,0.85,0.284,0.05,0.05
603,,0.134,0.7,0.85,0.85,0.7,0.134,-0.1,-0.1
604,7,0.284,0.567,0.6,0.717,0.85,0.567,0.9,0.333
605,7,0.434,0.434,0.35,0.584,1.0,1.0,1.0,0.766
606,,0.284,0.284,0.2,0.434,0.85,0.85,0.85,0.616
607,,0.134,0.134,0.05,0.284,0.7,0.7,0.7,0.466
608,,-0.016,-0.016,-0.1,0.134,0.55,0.55,0.55,0.316
609,3,0.134,0.417,0.9,0.567,0.7,0.417,0.3,0.183
610,3,0.284,0.85,1.0,1.0,0.85,0.284,0.05,0.05
611,,0.134,0.7,0.85,0.85,0.7,0.134,-0.1,-0.1
612,7,0.284,0.567,0.6,0.717,0.85,0.567,0.9,0.333
613,7,0.434,0.434,0.35,0.584,1.0,1.0,1.0,0.766
614,,0.284,0.284,0.2,0.434,0.85,0.85,0.85,0.616
615,,0.134,0.134,0.05,0.284,0.7,0.7,0.7,0.466
616,,-0.016,-0.016,-0.1,0.134,0.55,0.55,0.55,0.316
617,3,0.134,0.417,0.9,0.567,0.7,0.417,0.3,0.183
618,3,0.284,0.85,1.0,1.0,0.85,0.284,0.05,0.05
619,,0.134,0.7,0.85,0.85,0.7,0.134,-0.1,-0.1
620,7,0.284,0.567,0.6,0.717,0.85,0.567,0.9,0.333
621,7,0.434,0.434,0.35,0.584,1.0,1.0,1.0,0.766
622,,0.284,0.284,0.2,0.434,0.85,0.85,0.85,0.616
623,,0.134,0.134,0.05,0.284,0.7,0.7,0.7,0.466
624,,-0.016,-0.016,-0.1,0.134,0.55,0.55,0.55,0.316
625,3,0.134,0.417,0.9,0.567,0.7,0.417,0.3,0.183
626,3,0.284,0.85,1.0,1.0,0.85,0.284,0.05,0.05
627,,0.134,0.7,0.85,0.85,0.7,0.134,-0.1,-0.1
628,8,0.567,0.85,0.717,0.6,0.567,0.284,0.333,0.9
629,8,1.0,1.0,0.584,0.35,0.434,0.434,0.766,1.0
630,,0.85,0.85,0.434,0.2,0.284,0.284,0.616,0.85
631,,0.7,0.7,0.284,0.05,0.134,0.134,0.466,0.7
632,,0.55,0.55,0.134,-0.1,-0.016,-0.016,0.316,0.55
633,4,0.417,0.7,0.567,0.9,0.417,0.134,0.183,0.3
634,4,0.284,0.85,1.0,1.0,0.85,0.284,0.05,0.05
635,,0.134,0.7,0.85,0.85,0.7,0.134,-0.1,-0.1
636,7,0.284,0.567,0.6,0.717,0.85,0.567,0.9,0.333
637,7,0.434,0.434,0.35,0.584,1.0,1.0,1.0,0.766
638,,0.284,0.284,0.2,0.434,0.85,0.85,0.85,0.616
639,,0.134,0.134,0.05,0.284,0.7,0.7,0.7,0.466
640,,-0.016,-0.016,-0.1,0.134,0.55,0.55,0.55,0.316
641,3,0.134,0.417,0.9,0.567,0.7,0.417,0.3,0.183
642,3,0.284,0.85,1.0,1.0,0.85,0.284,0.05,0.05
643,,0.134,0.7,0.85,0.85,0.7,0.134,-0.1,-0.1
644,8,0.567,0.85,0.717,0.6,0.567,0.284,0.333,0.9
645,8,1.0,1.0,0.584,0.35,0.434,0.434,0.766,1.0
646,,0.85,0.85,0.434,0.2,0.284,0.284,0.616,0.85
647,,0.7,0.7,0.284,0.05,0.134,0.134,0.466,0.7
648,,0.55,0.55,0.134,-0.1,-0.016,-0.016,0.316,0.55
649,4,0.417,0.7,0.567,0.9,0.417,0.134,0.183,0.3
650,4,0.284,0.85,1.0,1.0,0.85,0.284,0.05,0.05
651,,0.134,0.7,0.85,0.85,0.7,0.134,-0.1,-0.1
652,7,0.284,0.567,0.6,0.717,0.85,0.567,0.9,0.333
653,7,0.434,0.434,0.35,0.584,1.0,1.0,1.0,0.766
654,,0.284,0.284,0.2,0.434,0.85,0.85,0.85,0.616
655,,0.134,0.134,0.05,0.284,0.7,0.7,0.7,0.466
656,,-0.016,-0.016,-0.1,0.134,0.55,0.55,0.55,0.316
657,3,0.134,0.417,0.9,0.567,0.7,0.417,0.3,0.183
658,3,0.284,0.85,1.0,1.0,0.85,0.284,0.05,0.05
659,,0.134,0.7,0.85,0.85,0.7,0.134,-0.1,-0.1
660,7,0.284,0.567,0.6,0.717,0.85,0.567,0.9,0.333
661,7,0.434,0.434,0.35,0.584,1.0,1.0,1.0,0.766
662,,0.284,0.284,0.2,0.434,0.85,0.85,0.85,0.616
663,,0.134,0.134,0.05,0.284,0.7,0.7,0.7,0.466
664,,-0.016,-0.016,-0.1,0.134,0.55,0.55,0.55,0.316
665,3,0.134,0.417,0.9,0.567,0.7,0.417,0.3,0.183
666,3,0.284,0.85,1.0,1.0,0.85,0.284,0.05,0.05
667,,0.134,0.7,0.85,0.85,0.7,0.134,-0.1,-0.1
668,7,0.284,0.567,0.6,0.717,0.85,0.567,0.9,0.333
669,7,0.434,0.434,0.35,0.584,1.0,1.0,1.0,0.766
670,,0.284,0.284,0.2,0.434,0.85,0.85,0.85,0.616
671,,0.134,0.134,0.05,0.284,0.7,0.7,0.7,0.466
672,,-0.016,-0.016,-0.1,0.134,0.55,0.55,0.55,0.316
673,3,0.134,0.417,0.9,0.567,0.7,0.417,0.3,0.183
674,3,0.284,0.85,1.0,1.0,0.85,0.284,0.05,0.05
675,,0.134,0.7,0.85,0.85,0.7,0.134,-0.1,-0.1
676,8,0.567,0.85,0.717,0.6,0.567,0.284,0.333,0.9
677,8,1.0,1.0,0.584,0.35,0.434,0.434,0.766,1.0
678,,0.85,0.85,0.434,0.2,0.284,0.284,0.616,0.85
679,,0.7,0.7,0.284,0.05,0.134,0.134,0.466,0.7
680,,0.55,0.55,0.134,-0.1,-0.016,-0.016,0.316,0.55
681,4,0.417,0.7,0.567,0.9,0.417,0.134,0.183,0.3
682,4,0.284,0.85,1.0,1.0,0.85,0.284,0.05,0.05
683,,0.134,0.7,0.85,0.85,0.7,0.134,-0.1,-0.1
684,7,0.284,0.567,0.6,0.717,0.85,0.567,0.9,0.333
685,7,0.434,0.434,0.35,0.584,1.0,1.0,1.0,0.766
686,,0.284,0.284,0.2,0.434,0.85,0.85,0.85,0.616
687,,0.134,0.134,0.05,0.284,0.7,0.7,0.7,0.466
688,,-0.016,-0.016,-0.1,0.134,0.55,0.55,0.55,0.316
689,3,0.134,0.417,0.9,0.567,0.7,0.417,0.3,0.183
690,3,0.284,0.85,1.0,1.0,0.85,0.284,0.05,0.05
691,,0.134,0.7,0.85,0.85,0.7,0.134,-0.1,-0.1
692,8,0.567,0.85,0.717,0.6,0.567,0.284,0.333,0.9
693,8,1.0,1.0,0.584,0.35,0.434,0.434,0.766,1.0
694,,0.85,0.85,0.434,0.2,0.284,0.284,0.616,0.85
695,,0.7,0.7,0.284,0.05,0.134,0.134,0.466,0.7
696,,0.55,0.55,0.134,-0.1,-0.016,-0.016,0.316,0.55
697,4,0.417,0.7,0.567,0.9,0.417,0.134,0.183,0.3
698,4,0.284,0.85,1.0,1.0,0.85,0.284,0.05,0.05
699,,0.134,0.7,0.85,0.85,0.7,0.134,-0.1,-0.1
700,8,0.567,0.85,0.717,0.6,0.567,0.284,0.333,0.9
701,8,1.0,1.0,0.584,0.35,0.434,0.434,0.766,1.0
702,,0.85,0.85,0.434,0.2,0.284,0.284,0.616,0.85
703,,0.7,0.7,0.284,0.05,0.134,0.134,0.466,0.7
704,,0.55,0.55,0.134,-0.1,-0.016,-0.016,0.316,0.55
705,4,0.417,0.7,0.567,0.9,0.417,0.134,0.183,0.3
706,4,0.284,0.85,1.0,1.0,0.85,0.284,0.05,0.05
707,,0.134,0.7,0.85,0.85,0.7,0.134,-0.1,-0.1
708,8,0.567,0.85,0.717,0.6,0.567,0.284,0.333,0.9
709,8,1.0,1.0,0.584,0.35,0.434,0.434,0.766,1.0
710,,0.85,0.85,0.434,0.2,0.284,0.284,0.616,0.85
711,,0.7,0.7,0.284,0.05,0.134,0.134,0.466,0.7
712,,0.55,0.55,0.134,-0.1,-0.016,-0.016,0.316,0.55
713,4,0.417,0.7,0.567,0.9,0.417,0.134,0.183,0.3
714,4,0.284,0.85,1.0,1.0,0.85,0.284,0.05,0.05
715,,0.134,0.7,0.85,0.85,0.7,0.134,-0.1,-0.1
716,7,0.284,0.567,0.6,0.717,0.85,0.567,0.9,0.333
717,7,0.434,0.434,0.35,0.584,1.0,1.0,1.0,0.766
718,,0.284,0.284,0.2,0.434,0.85,0.85,0.85,0.616
719,,0.134,0.134,0.05,0.284,0.7,0.7,0.7,0.466
720,,-0.016,-0.016,-0.1,0.134,0.55,0.55,0.55,0.316
721,3,0.134,0.417,0.9,0.567,0.7,0.417,0.3,0.183
722,3,0.284,0.85,1.0,1.0,0.85,0.284,0.05,0.05
723,,0.134,0.7,0.85,0.85,0.7,0.134,-0.1,-0.1
724,7,0.284,0.567,0.6,0.717,0.85,0.567,0.9,0.333
725,7,0.434,0.434,0.35,0.584,1.0,1.0,1.0,0.766
726,,0.284,0.284,0.2,0.434,0.85,0.85,0.85,0.616
727,,0.134,0.134,0.05,0.284,0.7,0.7,0.7,0.466
728,,-0.016,-0.016,-0.1,0.134,0.55,0.55,0.55,0.316
729,3,0.134,0.417,0.9,0.567,0.7,0.417,0.3,0.183
730,3,0.284,0.85,1.0,1.0,0.85,0.284,0.05,0.05
731,,0.134,0.7,0.85,0.85,0.7,0.134,-0.1,-0.1
732,7,0.284,0.567,0.6,0.717,0.85,0.567,0.9,0.333
733,7,0.434,0.434,0.35,0.584,1.0,1.0,1.0,0.766
734,,0.284,0.284,0.2,0.434,0.85,0.85,0.85,0.616
735,,0.134,0.134,0.05,0.284,0.7,0.7,0.7,0.466
736,,-0.016,-0.016,-0.1,0.134,0.55,0.55,0.55,0.316
737,3,0.134,0.417,0.9,0.567,0.7,0.417,0.3,0.183
738,3,0.284,0.85,1.0,1.0,0.85,0.284,0.05,0.05
739,,0.134,0.7,0.85,0.85,0.7,0.134,-0.1,-0.1
740,7,0.284,0.567,0.6,0.717,0.85,0.567,0.9,0.333
741,7,0.434,0.434,0.35,0.584,1.0,1.0,1.0,0.766
742,,0.284,0.284,0.2,0.434,0.85,0.85,0.85,0.616
743,,0.134,0.134,0.05,0.284,0.7,0.7,0.7,0.466
744,,-0.016,-0.016,-0.1,0.134,0.55,0.55,0.55,0.316
745,3,0.134,0.417,0.9,0.567,0.7,0.417,0.3,0.183
746,3,0.284,0.85,1.0,1.0,0.85,0.284,0.05,0.05
747,,0.134,0.7,0.85,0.85,0.7,0.134,-0.1,-0.1
748,8,0.567,0.85,0.717,0.6,0.567,0.284,0.333,0.9
749,8,1.0,1.0,0.584,0.35,0.434,0.434,0.766,1.0
750,,0.85,0.85,0.434,0.2,0.284,0.284,0.616,0.85
751,,0.7,0.7,0.284,0.05,0.134,0.134,0.466,0.7
752,,0.55,0.55,0.134,-0.1,-0.016,-0.016,0.316,0.55
753,4,0.417,0.7,0.567,0.9,0.417,0.134,0.183,0.3
754,4,0.284,0.85,1.0,1.0,0.85,0.284,0.05,0.05
755,,0.134,0.7,0.85,0.85,0.7,0.134,-0.1,-0.1
756,8,0.567,0.85,0.717,0.6,0.567,0.284,0.333,0.9
757,8,1.0,1.0,0.584,0.35,0.434,0.434,0.766,1.0
758,,0.85,0.85,0.434,0.2,0.284,0.284,0.616,0.85
759,,0.7,0.7,0.284,0.05,0.134,0.134,0.466,0.7
760,,0.55,0.55,0.134,-0.1,-0.016,-0.016,0.316,0.55
761,4,0.417,0.7,0.567,0.9,0.417,0.134,0.183,0.3
762,4,0.284,0.85,1.0,1.0,0.85,0.284,0.05,0.05
763,,0.134,0.7,0.85,0.85,0.7,0.134,-0.1,-0.1
764,8,0.567,0.85,0.717,0.6,0.567,0.284,0.333,0.9
765,8,1.0,1.0,0.584,0.35,0.434,0.434,0.766,1.0
766,,0.85,0.85,0.434,0.2,0.284,0.284,0.616,0.85
767,,0.7,0.7,0.284,0.05,0.134,0.134,0.466,0.7
768,,0.55,0.55,0.134,-0.1,-0.016,-0.016,0.316,0.55
769,4,0.417,0.7,0.567,0.9,0.417,0.134,0.183,0.3
770,4,0.284,0.85,1.0,1.0,0.85,0.284,0.05,0.05
771,,0.134,0.7,0.85,0.85,0.7,0.134,-0.1,-0.1
772,7,0.284,0.567,0.6,0.717,0.85,0.567,0.9,0.333
773,7,0.434,0.434,0.35,0.584,1.0,1.0,1.0,0.766
774,,0.284,0.284,0.2,0.434,0.85,0.85,0.85,0.616
775,,0.134,0.134,0.05,0.284,0.7,0.7,0.7,0.466
776,,-0.016,-0.016,-0.1,0.134,0.55,0.55,0.55,0.316
777,3,0.134,0.417,0.9,0.567,0.7,0.417,0.3,0.183
778,3,0.284,0.85,1.0,1.0,0.85,0.284,0.05,0.05
779,,0.134,0.7,0.85,0.85,0.7,0.134,-0.1,-0.1
780,8,0.567,0.85,0.717,0.6,0.567,0.284,0.333,0.9
781,8,1.0,1.0,0.584,0.35,0.434,0.434,0.766,1.0
782,,0.85,0.85,0.434,0.2,0.284,0.284,0.616,0.85
783,,0.7,0.7,0.284,0.05,0.134,0.134,0.466,0.7
784,,0.55,0.55,0.134,-0.1,-0.016,-0.016,0.316,0.55
785,4,0.417,0.7,0.567,0.9,0.417,0.134,0.183,0.3
786,4,0.284,0.85,1.0,1.0,0.85,0.284,0.05,0.05
787,,0.134,0.7,0.85,0.85,0.7,0.134,-0.1,-0.1
788,7,0.284,0.567,0.6,0.717,0.85,0.567,0.9,0.333
789,7,0.434,0.434,0.35,0.584,1.0,1.0,1.0,0.766
790,,0.284,0.284,0.2,0.434,0.85,0.85,0.85,0.616
791,,0.134,0.134,0.05,0.284,0.7,0.7,0.7,0.466
792,,-0.016,-0.016,-0.1,0.134,0.55,0.55,0.55,0.316
793,3,0.134,0.417,0.9,0.567,0.7,0.417,0.3,0.183
794,3,0.284,0.85,1.0,1.0,0.85,0.284,0.05,0.05
795,,0.134,0.7,0.85,0.85,0.7,0.134,-0.1,-0.1
796,8,0.567,0.85,0.717,0.6,0.567,0.284,0.333,0.9
797,8,1.0,1.0,0.584,0.35,0.434,0.434,0.766,1.0
798,,0.85,0.85,0.434,0.2,0.284,0.284,0.616,0.85
799,,0.7,0.7,0.284,0.05,0.134,0.134,0.466,0.7
800,,0.55,0.55,0.134,-0.1,-0.016,-0.016,0.316,0.55
801,4,0.417,0.7,0.567,0.9,0.417,0.134,0.183,0.3
802,4,0.284,0.85,1.0,1.0,0.85,0.284,0.05,0.05
803,,0.134,0.7,0.85,0.85,0.7,0.134,-0.1,-0.1
804,7,0.284,0.567,0.6,0.717,0.85,0.567,0.9,0.333
805,7,0.434,0.434,0.35,0.584,1.0,1.0,1.0,0.766
806,,0.284,0.284,0.2,0.434,0.85,0.85,0.85,0.616
807,,0.134,0.134,0.05,0.284,0.7,0.7,0.7,0.466
808,,-0.016,-0.016,-0.1,0.134,0.55,0.55,0.55,0.316
809,3,0.134,0.417,0.9,0.567,0.7,0.417,0.3,0.183
810,3,0.284,0.85,1.0,1.0,0.85,0.284,0.05,0.05
811,,0.134,0.7,0.85,0.85,0.7,0.134,-0.1,-0.1
812,7,0.284,0.567,0.6,0.717,0.85,0.567,0.9,0.333
813,7,0.434,0.434,0.35,0.584,1.0,1.0,1.0,0.766
814,,0.284,0.284,0.2,0.434,0.85,0.85,0.85,0.616
815,,0.134,0.134,0.05,0.284,0.7,0.7,0.7,0.466
816,,-0.016,-0.016,-0.1,0.134,0.55,0.55,0.55,0.316
817,3,0.134,0.417,0.9,0.567,0.7,0.417,0.3,0.183
818,3,0.284,0.85,1.0,1.0,0.85,0.284,0.05,0.05
819,,0.134,0.7,0.85,0.85,0.7,0.134,-0.1,-0.1
820,8,0.567,0.85,0.717,0.6,0.567,0.284,0.333,0.9
821,8,1.0,1.0,0.584,0.35,0.434,0.434,0.766,1.0
822,,0.85,0.85,0.434,0.2,0.284,0.284,0.616,0.85
823,,0.7,0.7,0.284,0.05,0.134,0.134,0.466,0.7
824,,0.55,0.55,0.134,-0.1,-0.016,-0.016,0.316,0.55
825,4,0.417,0.7,0.567,0.9,0.417,0.134,0.183,0.3
826,4,0.284,0.85,1.0,1.0,0.85,0.284,0.05,0.05
827,,0.134,0.7,0.85,0.85,0.7,0.134,-0.1,-0.1
828,8,0.567,0.85,0.717,0.6,0.567,0.284,0.333,0.9
829,8,1.0,1.0,0.584,0.35,0.434,0.434,0.766,1.0
830,,0.85,0.85,0.434,0.2,0.284,0.284,0.616,0.85
831,,0.7,0.7,0.284,0.05,0.134,0.134,0.466,0.7
832,,0.55,0.55,0.134,-0.1,-0.016,-0.016,0.316,0.55
833,4,0.417,0.7,0.567,0.9,0.417,0.134,0.183,0.3
834,4,0.284,0.85,1.0,1.0,0.85,0.284,0.05,0.05
