step,active_motive,motive_1,motive_2,motive_3,motive_4,motive_5,motive_6,motive_7,motive_8
0,,0.03745,0.09507,0.0732,0.05987,0.0156,0.0156,0.00581,0.08662
1,,-0.11255,-0.05493,-0.0768,-0.09013,-0.1344,-0.1344,-0.14419,-0.06338
2,7,0.03745,-0.18793,-0.3268,-0.22313,0.0156,0.2986,0.85581,0.36962
3,7,0.18745,-0.32093,-0.5768,-0.35613,0.1656,0.7316,1.0,0.80262
4,3,0.33745,0.11207,0.4232,0.07687,0.3156,0.5986,0.75,0.66962
5,3,0.48745,0.54507,1.0,0.50987,0.4656,0.4656,0.5,0.53662
6,,0.33745,0.39507,0.85,0.35987,0.3156,0.3156,0.35,0.38662
7,,0.18745,0.24507,0.7,0.20987,0.1656,0.1656,0.2,0.23662
8,,0.03745,0.09507,0.55,0.05987,0.0156,0.0156,0.05,0.08662
9,,-0.11255,-0.05493,0.4,-0.09013,-0.1344,-0.1344,-0.1,-0.06338
10,6,-0.24555,-0.30493,0.267,0.05987,0.2986,0.8656,0.333,0.08662
11,6,-0.37855,-0.55493,0.134,0.20987,0.7316,1.0,0.766,0.23662
12,2,0.05445,0.44507,0.567,0.35987,0.5986,0.75,0.633,0.38662
13,2,0.48745,1.0,1.0,0.50987,0.4656,0.5,0.5,0.53662
14,,0.33745,0.85,0.85,0.35987,0.3156,0.35,0.35,0.38662
15,,0.18745,0.7,0.7,0.20987,0.1656,0.2,0.2,0.23662
16,,0.03745,0.55,0.55,0.05987,0.0156,0.05,0.05,0.08662
17,,-0.11255,0.4,0.4,-0.09013,-0.1344,-0.1,-0.1,-0.06338
18,5,-0.36255,0.267,0.55,0.34287,0.8656,0.333,0.05,-0.19638
19,5,-0.61255,0.134,0.7,0.77587,1.0,0.766,0.2,-0.32938
20,1,0.38745,0.567,0.85,0.64287,0.75,0.633,0.35,0.10362
21,1,1.0,1.0,1.0,0.50987,0.5,0.5,0.5,0.53662
22,,0.85,0.85,0.85,0.35987,0.35,0.35,0.35,0.38662
23,,0.7,0.7,0.7,0.20987,0.2,0.2,0.2,0.23662
24,,0.55,0.55,0.55,0.05987,0.05,0.05,0.05,0.08662
25,,0.4,0.4,0.4,-0.09013,-0.1,-0.1,-0.1,-0.06338
26,7,0.55,0.267,0.15,-0.22313,0.05,0.333,0.9,0.36962
27,7,0.7,0.134,-0.1,-0.35613,0.2,0.766,1.0,0.80262
28,4,0.567,0.284,0.333,0.64387,0.633,0.916,0.867,0.55262
29,4,0.434,0.434,0.766,1.0,1.0,1.0,0.734,0.30262
30,,0.284,0.284,0.616,0.85,0.85,0.85,0.584,0.15262
31,,0.134,0.134,0.466,0.7,0.7,0.7,0.434,0.00262
32,,-0.016,-0.016,0.316,0.55,0.55,0.55,0.284,-0.14738
33,8,0.417,0.134,0.183,0.3,0.417,0.7,0.717,0.85262
34,8,0.85,0.284,0.05,0.05,0.284,0.85,1.0,1.0
35,,0.7,0.134,-0.1,-0.1,0.134,0.7,0.85,0.85
36,4,0.567,0.284,0.333,0.9,0.567,0.85,0.717,0.6
37,4,0.434,0.434,0.766,1.0,1.0,1.0,0.584,0.35
38,,0.284,0.284,0.616,0.85,0.85,0.85,0.434,0.2
39,,0.134,0.134,0.466,0.7,0.7,0.7,0.284,0.05
40,,-0.016,-0.016,0.316,0.55,0.55,0.55,0.134,-0.1
41,8,0.417,0.134,0.183,0.3,0.417,0.7,0.567,0.9
42,8,0.85,0.284,0.05,0.05,0.284,0.85,1.0,1.0
43,,0.7,0.134,-0.1,-0.1,0.134,0.7,0.85,0.85
44,3,0.85,0.567,0.9,0.333,0.284,0.567,0.6,0.717
45,3,1.0,1.0,1.0,0.766,0.434,0.434,0.35,0.584
46,,0.85,0.85,0.85,0.616,0.284,0.284,0.2,0.434
47,,0.7,0.7,0.7,0.466,0.134,0.134,0.05,0.284
48,,0.55,0.55,0.55,0.316,-0.016,-0.016,-0.1,0.134
49,7,0.7,0.417,0.3,0.183,0.134,0.417,0.9,0.567
50,7,0.85,0.284,0.05,0.05,0.284,0.85,1.0,1.0
51,,0.7,0.134,-0.1,-0.1,0.134,0.7,0.85,0.85
52,4,0.567,0.284,0.333,0.9,0.567,0.85,0.717,0.6
53,4,0.434,0.434,0.766,1.0,1.0,1.0,0.584,0.35
54,,0.284,0.284,0.616,0.85,0.85,0.85,0.434,0.2
55,,0.134,0.134,0.466,0.7,0.7,0.7,0.284,0.05
56,,-0.016,-0.016,0.316,0.55,0.55,0.55,0.134,-0.1
57,8,0.417,0.134,0.183,0.3,0.417,0.7,0.567,0.9
58,8,0.85,0.284,0.05,0.05,0.284,0.85,1.0,1.0
59,,0.7,0.134,-0.1,-0.1,0.134,0.7,0.85,0.85
60,4,0.567,0.284,0.333,0.9,0.567,0.85,0.717,0.6
61,4,0.434,0.434,0.766,1.0,1.0,1.0,0.584,0.35
62,,0.284,0.284,0.616,0.85,0.85,0.85,0.434,0.2
63,,0.134,0.134,0.466,0.7,0.7,0.7,0.284,0.05
64,,-0.016,-0.016,0.316,0.55,0.55,0.55,0.134,-0.1
65,8,0.417,0.134,0.183,0.3,0.417,0.7,0.567,0.9
66,8,0.85,0.284,0.05,0.05,0.284,0.85,1.0,1.0
67,,0.7,0.134,-0.1,-0.1,0.134,0.7,0.85,0.85
68,4,0.567,0.284,0.333,0.9,0.567,0.85,0.717,0.6
69,4,0.434,0.434,0.766,1.0,1.0,1.0,0.584,0.35
70,,0.284,0.284,0.616,0.85,0.85,0.85,0.434,0.2
71,,0.134,0.134,0.466,0.7,0.7,0.7,0.284,0.05
72,,-0.016,-0.016,0.316,0.55,0.55,0.55,0.134,-0.1
73,8,0.417,0.134,0.183,0.3,0.417,0.7,0.567,0.9
74,8,0.85,0.284,0.05,0.05,0.284,0.85,1.0,1.0
75,,0.7,0.134,-0.1,-0.1,0.134,0.7,0.85,0.85
76,4,0.567,0.284,0.333,0.9,0.567,0.85,0.717,0.6
77,4,0.434,0.434,0.766,1.0,1.0,1.0,0.584,0.35
78,,0.284,0.284,0.616,0.85,0.85,0.85,0.434,0.2
79,,0.134,0.134,0.466,0.7,0.7,0.7,0.284,0.05
80,,-0.016,-0.016,0.316,0.55,0.55,0.55,0.134,-0.1
81,8,0.417,0.134,0.183,0.3,0.417,0.7,0.567,0.9
82,8,0.85,0.284,0.05,0.05,0.284,0.85,1.0,1.0
83,,0.7,0.134,-0.1,-0.1,0.134,0.7,0.85,0.85
84,4,0.567,0.284,0.333,0.9,0.567,0.85,0.717,0.6
85,4,0.434,0.434,0.766,1.0,1.0,1.0,0.584,0.35
86,,0.284,0.284,0.616,0.85,0.85,0.85,0.434,0.2
87,,0.134,0.134,0.466,0.7,0.7,0.7,0.284,0.05
88,,-0.016,-0.016,0.316,0.55,0.55,0.55,0.134,-0.1
89,8,0.417,0.134,0.183,0.3,0.417,0.7,0.567,0.9
90,8,0.85,0.284,0.05,0.05,0.284,0.85,1.0,1.0
91,,0.7,0.134,-0.1,-0.1,0.134,0.7,0.85,0.85
92,4,0.567,0.284,0.333,0.9,0.567,0.85,0.717,0.6
93,4,0.434,0.434,0.766,1.0,1.0,1.0,0.584,0.35
94,,0.284,0.284,0.616,0.85,0.85,0.85,0.434,0.2
95,,0.134,0.134,0.466,0.7,0.7,0.7,0.284,0.05
96,,-0.016,-0.016,0.316,0.55,0.55,0.55,0.134,-0.1
97,8,0.417,0.134,0.183,0.3,0.417,0.7,0.567,0.9
98,8,0.85,0.284,0.05,0.05,0.284,0.85,1.0,1.0
99,,0.7,0.134,-0.1,-0.1,0.134,0.7,0.85,0.85
100,4,0.567,0.284,0.333,0.9,0.567,0.85,0.717,0.6
101,4,0.434,0.434,0.766,1.0,1.0,1.0,0.584,0.35
102,,0.284,0.284,0.616,0.85,0.85,0.85,0.434,0.2
103,,0.134,0.134,0.466,0.7,0.7,0.7,0.284,0.05
104,,-0.016,-0.016,0.316,0.55,0.55,0.55,0.134,-0.1
105,8,0.417,0.134,0.183,0.3,0.417,0.7,0.567,0.9
106,8,0.85,0.284,0.05,0.05,0.284,0.85,1.0,1.0
107,,0.7,0.134,-0.1,-0.1,0.134,0.7,0.85,0.85
108,4,0.567,0.284,0.333,0.9,0.567,0.85,0.717,0.6
109,4,0.434,0.434,0.766,1.0,1.0,1.0,0.584,0.35
110,,0.284,0.284,0.616,0.85,0.85,0.85,0.434,0.2
111,,0.134,0.134,0.466,0.7,0.7,0.7,0.284,0.05
112,,-0.016,-0.016,0.316,0.55,0.55,0.55,0.134,-0.1
113,8,0.417,0.134,0.183,0.3,0.417,0.7,0.567,0.9
114,8,0.85,0.284,0.05,0.05,0.284,0.85,1.0,1.0
115,,0.7,0.134,-0.1,-0.1,0.134,0.7,0.85,0.85
116,3,0.85,0.567,0.9,0.333,0.284,0.567,0.6,0.717
117,3,1.0,1.0,1.0,0.766,0.434,0.434,0.35,0.584
118,,0.85,0.85,0.85,0.616,0.284,0.284,0.2,0.434
119,,0.7,0.7,0.7,0.466,0.134,0.134,0.05,0.284
120,,0.55,0.55,0.55,0.316,-0.016,-0.016,-0.1,0.134
121,7,0.7,0.417,0.3,0.183,0.134,0.417,0.9,0.567
122,7,0.85,0.284,0.05,0.05,0.284,0.85,1.0,1.0
123,,0.7,0.134,-0.1,-0.1,0.134,0.7,0.85,0.85
124,3,0.85,0.567,0.9,0.333,0.284,0.567,0.6,0.717
125,3,1.0,1.0,1.0,0.766,0.434,0.434,0.35,0.584
126,,0.85,0.85,0.85,0.616,0.284,0.284,0.2,0.434
127,,0.7,0.7,0.7,0.466,0.134,0.134,0.05,0.284
128,,0.55,0.55,0.55,0.316,-0.016,-0.016,-0.1,0.134
129,7,0.7,0.417,0.3,0.183,0.134,0.417,0.9,0.567
130,7,0.85,0.284,0.05,0.05,0.284,0.85,1.0,1.0
131,,0.7,0.134,-0.1,-0.1,0.134,0.7,0.85,0.85
132,4,0.567,0.284,0.333,0.9,0.567,0.85,0.717,0.6
133,4,0.434,0.434,0.766,1.0,1.0,1.0,0.584,0.35
134,,0.284,0.284,0.616,0.85,0.85,0.85,0.434,0.2
135,,0.134,0.134,0.466,0.7,0.7,0.7,0.284,0.05
136,,-0.016,-0.016,0.316,0.55,0.55,0.55,0.134,-0.1
137,8,0.417,0.134,0.183,0.3,0.417,0.7,0.567,0.9
138,8,0.85,0.284,0.05,0.05,0.284,0.85,1.0,1.0
139,,0.7,0.134,-0.1,-0.1,0.134,0.7,0.85,0.85
140,4,0.567,0.284,0.333,0.9,0.567,0.85,0.717,0.6
141,4,0.434,0.434,0.766,1.0,1.0,1.0,0.584,0.35
142,,0.284,0.284,0.616,0.85,0.85,0.85,0.434,0.2
143,,0.134,0.134,0.466,0.7,0.7,0.7,0.284,0.05
144,,-0.016,-0.016,0.316,0.55,0.55,0.55,0.134,-0.1
145,8,0.417,0.134,0.183,0.3,0.417,0.7,0.567,0.9
146,8,0.85,0.284,0.05,0.05,0.284,0.85,1.0,1.0
147,,0.7,0.134,-0.1,-0.1,0.134,0.7,0.85,0.85
148,4,0.567,0.284,0.333,0.9,0.567,0.85,0.717,0.6
149,4,0.434,0.434,0.766,1.0,1.0,1.0,0.584,0.35
150,,0.284,0.284,0.616,0.85,0.85,0.85,0.434,0.2
151,,0.134,0.134,0.466,0.7,0.7,0.7,0.284,0.05
152,,-0.016,-0.016,0.316,0.55,0.55,0.55,0.134,-0.1
153,8,0.417,0.134,0.183,0.3,0.417,0.7,0.567,0.9
154,8,0.85,0.284,0.05,0.05,0.284,0.85,1.0,1.0
155,,0.7,0.134,-0.1,-0.1,0.134,0.7,0.85,0.85
156,3,0.85,0.567,0.9,0.333,0.284,0.567,0.6,0.717
157,3,1.0,1.0,1.0,0.766,0.434,0.434,0.35,0.584
158,,0.85,0.85,0.85,0.616,0.284,0.284,0.2,0.434
159,,0.7,0.7,0.7,0.466,0.134,0.134,0.05,0.284
160,,0.55,0.55,0.55,0.316,-0.016,-0.016,-0.1,0.134
161,7,0.7,0.417,0.3,0.183,0.134,0.417,0.9,0.567
162,7,0.85,0.284,0.05,0.05,0.284,0.85,1.0,1.0
163,,0.7,0.134,-0.1,-0.1,0.134,0.7,0.85,0.85
164,4,0.567,0.284,0.333,0.9,0.567,0.85,0.717,0.6
165,4,0.434,0.434,0.766,1.0,1.0,1.0,0.584,0.35
166,,0.284,0.284,0.616,0.85,0.85,0.85,0.434,0.2
167,,0.134,0.134,0.466,0.7,0.7,0.7,0.284,0.05
168,,-0.016,-0.016,0.316,0.55,0.55,0.55,0.134,-0.1
169,8,0.417,0.134,0.183,0.3,0.417,0.7,0.567,0.9
170,8,0.85,0.284,0.05,0.05,0.284,0.85,1.0,1.0
171,,0.7,0.134,-0.1,-0.1,0.134,0.7,0.85,0.85
172,3,0.85,0.567,0.9,0.333,0.284,0.567,0.6,0.717
173,3,1.0,1.0,1.0,0.766,0.434,0.434,0.35,0.584
174,,0.85,0.85,0.85,0.616,0.284,0.284,0.2,0.434
175,,0.7,0.7,0.7,0.466,0.134,0.134,0.05,0.284
176,,0.55,0.55,0.55,0.316,-0.016,-0.016,-0.1,0.134
177,7,0.7,0.417,0.3,0.183,0.134,0.417,0.9,0.567
178,7,0.85,0.284,0.05,0.05,0.284,0.85,1.0,1.0
179,,0.7,0.134,-0.1,-0.1,0.134,0.7,0.85,0.85
180,3,0.85,0.567,0.9,0.333,0.284,0.567,0.6,0.717
181,3,1.0,1.0,1.0,0.766,0.434,0.434,0.35,0.584
182,,0.85,0.85,0.85,0.616,0.284,0.284,0.2,0.434
183,,0.7,0.7,0.7,0.466,0.134,0.134,0.05,0.284
184,,0.55,0.55,0.55,0.316,-0.016,-0.016,-0.1,0.134
185,7,0.7,0.417,0.3,0.183,0.134,0.417,0.9,0.567
186,7,0.85,0.284,0.05,0.05,0.284,0.85,1.0,1.0
187,,0.7,0.134,-0.1,-0.1,0.134,0.7,0.85,0.85
188,3,0.85,0.567,0.9,0.333,0.284,0.567,0.6,0.717
189,3,1.0,1.0,1.0,0.766,0.434,0.434,0.35,0.584
190,,0.85,0.85,0.85,0.616,0.284,0.284,0.2,0.434
191,,0.7,0.7,0.7,0.466,0.134,0.134,0.05,0.284
192,,0.55,0.55,0.55,0.316,-0.016,-0.016,-0.1,0.134
193,7,0.7,0.417,0.3,0.183,0.134,0.417,0.9,0.567
194,7,0.85,0.284,0.05,0.05,0.284,0.85,1.0,1.0
195,,0.7,0.134,-0.1,-0.1,0.134,0.7,0.85,0.85
196,3,0.85,0.567,0.9,0.333,0.284,0.567,0.6,0.717
197,3,1.0,1.0,1.0,0.766,0.434,0.434,0.35,0.584
198,,0.85,0.85,0.85,0.616,0.284,0.284,0.2,0.434
199,,0.7,0.7,0.7,0.466,0.134,0.134,0.05,0.284
200,,0.55,0.55,0.55,0.316,-0.016,-0.016,-0.1,0.134
201,7,0.7,0.417,0.3,0.183,0.134,0.417,0.9,0.567
202,7,0.85,0.284,0.05,0.05,0.284,0.85,1.0,1.0
203,,0.7,0.134,-0.1,-0.1,0.134,0.7,0.85,0.85
204,3,0.85,0.567,0.9,0.333,0.284,0.567,0.6,0.717
205,3,1.0,1.0,1.0,0.766,0.434,0.434,0.35,0.584
206,,0.85,0.85,0.85,0.616,0.284,0.284,0.2,0.434
207,,0.7,0.7,0.7,0.466,0.134,0.134,0.05,0.284
208,,0.55,0.55,0.55,0.316,-0.016,-0.016,-0.1,0.134
209,7,0.7,0.417,0.3,0.183,0.134,0.417,0.9,0.567
210,7,0.85,0.284,0.05,0.05,0.284,0.85,1.0,1.0
211,,0.7,0.134,-0.1,-0.1,0.134,0.7,0.85,0.85
212,4,0.567,0.284,0.333,0.9,0.567,0.85,0.717,0.6
213,4,0.434,0.434,0.766,1.0,1.0,1.0,0.584,0.35
214,,0.284,0.284,0.616,0.85,0.85,0.85,0.434,0.2
215,,0.134,0.134,0.466,0.7,0.7,0.7,0.284,0.05
216,,-0.016,-0.016,0.316,0.55,0.55,0.55,0.134,-0.1
217,8,0.417,0.134,0.183,0.3,0.417,0.7,0.567,0.9
218,8,0.85,0.284,0.05,0.05,0.284,0.85,1.0,1.0
219,,0.7,0.134,-0.1,-0.1,0.134,0.7,0.85,0.85
220,4,0.567,0.284,0.333,0.9,0.567,0.85,0.717,0.6
221,4,0.434,0.434,0.766,1.0,1.0,1.0,0.584,0.35
222,,0.284,0.284,0.616,0.85,0.85,0.85,0.434,0.2
223,,0.134,0.134,0.466,0.7,0.7,0.7,0.284,0.05
224,,-0.016,-0.016,0.316,0.55,0.55,0.55,0.134,-0.1
225,8,0.417,0.134,0.183,0.3,0.417,0.7,0.567,0.9
226,8,0.85,0.284,0.05,0.05,0.284,0.85,1.0,1.0
227,,0.7,0.134,-0.1,-0.1,0.134,0.7,0.85,0.85
228,4,0.567,0.284,0.333,0.9,0.567,0.85,0.717,0.6
229,4,0.434,0.434,0.766,1.0,1.0,1.0,0.584,0.35
230,,0.284,0.284,0.616,0.85,0.85,0.85,0.434,0.2
231,,0.134,0.134,0.466,0.7,0.7,0.7,0.284,0.05
232,,-0.016,-0.016,0.316,0.55,0.55,0.55,0.134,-0.1
233,8,0.417,0.134,0.183,0.3,0.417,0.7,0.567,0.9
234,8,0.85,0.284,0.05,0.05,0.284,0.85,1.0,1.0
235,,0.7,0.134,-0.1,-0.1,0.134,0.7,0.85,0.85
236,4,0.567,0.284,0.333,0.9,0.567,0.85,0.717,0.6
237,4,0.434,0.434,0.766,1.0,1.0,1.0,0.584,0.35
238,,0.284,0.284,0.616,0.85,0.85,0.85,0.434,0.2
239,,0.134,0.134,0.466,0.7,0.7,0.7,0.284,0.05
240,,-0.016,-0.016,0.316,0.55,0.55,0.55,0.134,-0.1
241,8,0.417,0.134,0.183,0.3,0.417,0.7,0.567,0.9
242,8,0.85,0.284,0.05,0.05,0.284,0.85,1.0,1.0
243,,0.7,0.134,-0.1,-0.1,0.134,0.7,0.85,0.85
244,4,0.567,0.284,0.333,0.9,0.567,0.85,0.717,0.6
245,4,0.434,0.434,0.766,1.0,1.0,1.0,0.584,0.35
246,,0.284,0.284,0.616,0.85,0.85,0.85,0.434,0.2
247,,0.134,0.134,0.466,0.7,0.7,0.7,0.284,0.05
248,,-0.016,-0.016,0.316,0.55,0.55,0.55,0.134,-0.1
249,8,0.417,0.134,0.183,0.3,0.417,0.7,0.567,0.9
250,8,0.85,0.284,0.05,0.05,0.284,0.85,1.0,1.0
251,,0.7,0.134,-0.1,-0.1,0.134,0.7,0.85,0.85
252,3,0.85,0.567,0.9,0.333,0.284,0.567,0.6,0.717
253,3,1.0,1.0,1.0,0.766,0.434,0.434,0.35,0.584
254,,0.85,0.85,0.85,0.616,0.284,0.284,0.2,0.434
255,,0.7,0.7,0.7,0.466,0.134,0.134,0.05,0.284
256,,0.55,0.55,0.55,0.316,-0.016,-0.016,-0.1,0.134
257,7,0.7,0.417,0.3,0.183,0.134,0.417,0.9,0.567
258,7,0.85,0.284,0.05,0.05,0.284,0.85,1.0,1.0
259,,0.7,0.134,-0.1,-0.1,0.134,0.7,0.85,0.85
260,4,0.567,0.284,0.333,0.9,0.567,0.85,0.717,0.6
261,4,0.434,0.434,0.766,1.0,1.0,1.0,0.584,0.35
262,,0.284,0.284,0.616,0.85,0.85,0.85,0.434,0.2
263,,0.134,0.134,0.466,0.7,0.7,0.7,0.284,0.05
264,,-0.016,-0.016,0.316,0.55,0.55,0.55,0.134,-0.1
265,8,0.417,0.134,0.183,0.3,0.417,0.7,0.567,0.9
266,8,0.85,0.284,0.05,0.05,0.284,0.85,1.0,1.0
267,,0.7,0.134,-0.1,-0.1,0.134,0.7,0.85,0.85
268,4,0.567,0.284,0.333,0.9,0.567,0.85,0.717,0.6
269,4,0.434,0.434,0.766,1.0,1.0,1.0,0.584,0.35
270,,0.284,0.284,0.616,0.85,0.85,0.85,0.434,0.2
271,,0.134,0.134,0.466,0.7,0.7,0.7,0.284,0.05
272,,-0.016,-0.016,0.316,0.55,0.55,0.55,0.134,-0.1
273,8,0.417,0.134,0.183,0.3,0.417,0.7,0.567,0.9
274,8,0.85,0.284,0.05,0.05,0.284,0.85,1.0,1.0
275,,0.7,0.134,-0.1,-0.1,0.134,0.7,0.85,0.85
276,3,0.85,0.567,0.9,0.333,0.284,0.567,0.6,0.717
277,3,1.0,1.0,1.0,0.766,0.434,0.434,0.35,0.584
278,,0.85,0.85,0.85,0.616,0.284,0.284,0.2,0.434
279,,0.7,0.7,0.7,0.466,0.134,0.134,0.05,0.284
280,,0.55,0.55,0.55,0.316,-0.016,-0.016,-0.1,0.134
281,7,0.7,0.417,0.3,0.183,0.134,0.417,0.9,0.567
282,7,0.85,0.284,0.05,0.05,0.284,0.85,1.0,1.0
283,,0.7,0.134,-0.1,-0.1,0.134,0.7,0.85,0.85
284,4,0.567,0.284,0.333,0.9,0.567,0.85,0.717,0.6
285,4,0.434,0.434,0.766,1.0,1.0,1.0,0.584,0.35
286,,0.284,0.284,0.616,0.85,0.85,0.85,0.434,0.2
287,,0.134,0.134,0.466,0.7,0.7,0.7,0.284,0.05
288,,-0.016,-0.016,0.316,0.55,0.55,0.55,0.134,-0.1
289,8,0.417,0.134,0.183,0.3,0.417,0.7,0.567,0.9
290,8,0.85,0.284,0.05,0.05,0.284,0.85,1.0,1.0
291,,0.7,0.134,-0.1,-0.1,0.134,0.7,0.85,0.85
292,3,0.85,0.567,0.9,0.333,0.284,0.567,0.6,0.717
293,3,1.0,1.0,1.0,0.766,0.434,0.434,0.35,0.584
294,,0.85,0.85,0.85,0.616,0.284,0.284,0.2,0.434
295,,0.7,0.7,0.7,0.466,0.134,0.134,0.05,0.284
296,,0.55,0.55,0.55,0.316,-0.016,-0.016,-0.1,0.134
297,7,0.7,0.417,0.3,0.183,0.134,0.417,0.9,0.567
298,7,0.85,0.284,0.05,0.05,0.284,0.85,1.0,1.0
299,,0.7,0.134,-0.1,-0.1,0.134,0.7,0.85,0.85
300,4,0.567,0.284,0.333,0.9,0.567,0.85,0.717,0.6
301,4,0.434,0.434,0.766,1.0,1.0,1.0,0.584,0.35
302,,0.284,0.284,0.616,0.85,0.85,0.85,0.434,0.2
303,,0.134,0.134,0.466,0.7,0.7,0.7,0.284,0.05
304,,-0.016,-0.016,0.316,0.55,0.55,0.55,0.134,-0.1
305,8,0.417,0.134,0.183,0.3,0.417,0.7,0.567,0.9
306,8,0.85,0.284,0.05,0.05,0.284,0.85,1.0,1.0
307,,0.7,0.134,-0.1,-0.1,0.134,0.7,0.85,0.85
308,3,0.85,0.567,0.9,0.333,0.284,0.567,0.6,0.717
309,3,1.0,1.0,1.0,0.766,0.434,0.434,0.35,0.584
310,,0.85,0.85,0.85,0.616,0.284,0.284,0.2,0.434
311,,0.7,0.7,0.7,0.466,0.134,0.134,0.05,0.284
312,,0.55,0.55,0.55,0.316,-0.016,-0.016,-0.1,0.134
313,7,0.7,0.417,0.3,0.183,0.134,0.417,0.9,0.567
314,7,0.85,0.284,0.05,0.05,0.284,0.85,1.0,1.0
315,,0.7,0.134,-0.1,-0.1,0.134,0.7,0.85,0.85
316,4,0.567,0.284,0.333,0.9,0.567,0.85,0.717,0.6
317,4,0.434,0.434,0.766,1.0,1.0,1.0,0.584,0.35
318,,0.284,0.284,0.616,0.85,0.85,0.85,0.434,0.2
319,,0.134,0.134,0.466,0.7,0.7,0.7,0.284,0.05
320,,-0.016,-0.016,0.316,0.55,0.55,0.55,0.134,-0.1
321,8,0.417,0.134,0.183,0.3,0.417,0.7,0.567,0.9
322,8,0.85,0.284,0.05,0.05,0.284,0.85,1.0,1.0
323,,0.7,0.134,-0.1,-0.1,0.134,0.7,0.85,0.85
324,4,0.567,0.284,0.333,0.9,0.567,0.85,0.717,0.6
325,4,0.434,0.434,0.766,1.0,1.0,1.0,0.584,0.35
326,,0.284,0.284,0.616,0.85,0.85,0.85,0.434,0.2
327,,0.134,0.134,0.466,0.7,0.7,0.7,0.284,0.05
328,,-0.016,-0.016,0.316,0.55,0.55,0.55,0.134,-0.1
329,8,0.417,0.134,0.183,0.3,0.417,0.7,0.567,0.9
330,8,0.85,0.284,0.05,0.05,0.284,0.85,1.0,1.0
331,,0.7,0.134,-0.1,-0.1,0.134,0.7,0.85,0.85
332,3,0.85,0.567,0.9,0.333,0.284,0.567,0.6,0.717
333,3,1.0,1.0,1.0,0.766,0.434,0.434,0.35,0.584
334,,0.85,0.85,0.85,0.616,0.284,0.284,0.2,0.434
335,,0.7,0.7,0.7,0.466,0.134,0.134,0.05,0.284
336,,0.55,0.55,0.55,0.316,-0.016,-0.016,-0.1,0.134
337,7,0.7,0.417,0.3,0.183,0.134,0.417,0.9,0.567
338,7,0.85,0.284,0.05,0.05,0.284,0.85,1.0,1.0
339,,0.7,0.134,-0.1,-0.1,0.134,0.7,0.85,0.85
340,3,0.85,0.567,0.9,0.333,0.284,0.567,0.6,0.717
341,3,1.0,1.0,1.0,0.766,0.434,0.434,0.35,0.584
342,,0.85,0.85,0.85,0.616,0.284,0.284,0.2,0.434
343,,0.7,0.7,0.7,0.466,0.134,0.134,0.05,0.284
344,,0.55,0.55,0.55,0.316,-0.016,-0.016,-0.1,0.134
345,7,0.7,0.417,0.3,0.183,0.134,0.417,0.9,0.567
346,7,0.85,0.284,0.05,0.05,0.284,0.85,1.0,1.0
347,,0.7,0.134,-0.1,-0.1,0.134,0.7,0.85,0.85
348,3,0.85,0.567,0.9,0.333,0.284,0.567,0.6,0.717
349,3,1.0,1.0,1.0,0.766,0.434,0.434,0.35,0.584
350,,0.85,0.85,0.85,0.616,0.284,0.284,0.2,0.434
351,,0.7,0.7,0.7,0.466,0.134,0.134,0.05,0.284
352,,0.55,0.55,0.55,0.316,-0.016,-0.016,-0.1,0.134
353,7,0.7,0.417,0.3,0.183,0.134,0.417,0.9,0.567
354,7,0.85,0.284,0.05,0.05,0.284,0.85,1.0,1.0
355,,0.7,0.134,-0.1,-0.1,0.134,0.7,0.85,0.85
356,3,0.85,0.567,0.9,0.333,0.284,0.567,0.6,0.717
357,3,1.0,1.0,1.0,0.766,0.434,0.434,0.35,0.584
358,,0.85,0.85,0.85,0.616,0.284,0.284,0.2,0.434
359,,0.7,0.7,0.7,0.466,0.134,0.134,0.05,0.284
360,,0.55,0.55,0.55,0.316,-0.016,-0.016,-0.1,0.134
361,7,0.7,0.417,0.3,0.183,0.134,0.417,0.9,0.567
362,7,0.85,0.284,0.05,0.05,0.284,0.85,1.0,1.0
363,,0.7,0.134,-0.1,-0.1,0.134,0.7,0.85,0.85
364,3,0.85,0.567,0.9,0.333,0.284,0.567,0.6,0.717
365,3,1.0,1.0,1.0,0.766,0.434,0.434,0.35,0.584
366,,0.85,0.85,0.85,0.616,0.284,0.284,0.2,0.434
367,,0.7,0.7,0.7,0.466,0.134,0.134,0.05,0.284
368,,0.55,0.55,0.55,0.316,-0.016,-0.016,-0.1,0.134
369,7,0.7,0.417,0.3,0.183,0.134,0.417,0.9,0.567
370,7,0.85,0.284,0.05,0.05,0.284,0.85,1.0,1.0
371,,0.7,0.134,-0.1,-0.1,0.134,0.7,0.85,0.85
372,3,0.85,0.567,0.9,0.333,0.284,0.567,0.6,0.717
373,3,1.0,1.0,1.0,0.766,0.434,0.434,0.35,0.584
374,,0.85,0.85,0.85,0.616,0.284,0.284,0.2,0.434
375,,0.7,0.7,0.7,0.466,0.134,0.134,0.05,0.284
376,,0.55,0.55,0.55,0.316,-0.016,-0.016,-0.1,0.134
377,7,0.7,0.417,0.3,0.183,0.134,0.417,0.9,0.567
378,7,0.85,0.284,0.05,0.05,0.284,0.85,1.0,1.0
379,,0.7,0.134,-0.1,-0.1,0.134,0.7,0.85,0.85
380,3,0.85,0.567,0.9,0.333,0.284,0.567,0.6,0.717
381,3,1.0,1.0,1.0,0.766,0.434,0.434,0.35,0.584
382,,0.85,0.85,0.85,0.616,0.284,0.284,0.2,0.434
383,,0.7,0.7,0.7,0.466,0.134,0.134,0.05,0.284
384,,0.55,0.55,0.55,0.316,-0.016,-0.016,-0.1,0.134
385,7,0.7,0.417,0.3,0.183,0.134,0.417,0.9,0.567
386,7,0.85,0.284,0.05,0.05,0.284,0.85,1.0,1.0
387,,0.7,0.134,-0.1,-0.1,0.134,0.7,0.85,0.85
388,3,0.85,0.567,0.9,0.333,0.284,0.567,0.6,0.717
389,3,1.0,1.0,1.0,0.766,0.434,0.434,0.35,0.584
390,,0.85,0.85,0.85,0.616,0.284,0.284,0.2,0.434
391,,0.7,0.7,0.7,0.466,0.134,0.134,0.05,0.284
392,,0.55,0.55,0.55,0.316,-0.016,-0.016,-0.1,0.134
393,7,0.7,0.417,0.3,0.183,0.134,0.417,0.9,0.567
394,7,0.85,0.284,0.05,0.05,0.284,0.85,1.0,1.0
395,,0.7,0.134,-0.1,-0.1,0.134,0.7,0.85,0.85
396,4,0.567,0.284,0.333,0.9,0.567,0.85,0.717,0.6
397,4,0.434,0.434,0.766,1.0,1.0,1.0,0.584,0.35
398,,0.284,0.284,0.616,0.85,0.85,0.85,0.434,0.2
399,,0.134,0.134,0.466,0.7,0.7,0.7,0.284,0.05
400,,-0.016,-0.016,0.316,0.55,0.55,0.55,0.134,-0.1
401,8,0.417,0.134,0.183,0.3,0.417,0.7,0.567,0.9
402,8,0.85,0.284,0.05,0.05,0.284,0.85,1.0,1.0
403,,0.7,0.134,-0.1,-0.1,0.134,0.7,0.85,0.85
404,4,0.567,0.284,0.333,0.9,0.567,0.85,0.717,0.6
405,4,0.434,0.434,0.766,1.0,1.0,1.0,0.584,0.35
406,,0.284,0.284,0.616,0.85,0.85,0.85,0.434,0.2
407,,0.134,0.134,0.466,0.7,0.7,0.7,0.284,0.05
408,,-0.016,-0.016,0.316,0.55,0.55,0.55,0.134,-0.1
409,8,0.417,0.134,0.183,0.3,0.417,0.7,0.567,0.9
410,8,0.85,0.284,0.05,0.05,0.284,0.85,1.0,1.0
411,,0.7,0.134,-0.1,-0.1,0.134,0.7,0.85,0.85
412,3,0.85,0.567,0.9,0.333,0.284,0.567,0.6,0.717
413,3,1.0,1.0,1.0,0.766,0.434,0.434,0.35,0.584
414,,0.85,0.85,0.85,0.616,0.284,0.284,0.2,0.434
415,,0.7,0.7,0.7,0.466,0.134,0.134,0.05,0.284
416,,0.55,0.55,0.55,0.316,-0.016,-0.016,-0.1,0.134
417,7,0.7,0.417,0.3,0.183,0.134,0.417,0.9,0.567
418,7,0.85,0.284,0.05,0.05,0.284,0.85,1.0,1.0
419,,0.7,0.134,-0.1,-0.1,0.134,0.7,0.85,0.85
420,4,0.567,0.284,0.333,0.9,0.567,0.85,0.717,0.6
421,4,0.434,0.434,0.766,1.0,1.0,1.0,0.584,0.35
422,,0.284,0.284,0.616,0.85,0.85,0.85,0.434,0.2
423,,0.134,0.134,0.466,0.7,0.7,0.7,0.284,0.05
424,,-0.016,-0.016,0.316,0.55,0.55,0.55,0.134,-0.1
425,8,0.417,0.134,0.183,0.3,0.417,0.7,0.567,0.9
426,8,0.85,0.284,0.05,0.05,0.284,0.85,1.0,1.0
427,,0.7,0.134,-0.1,-0.1,0.134,0.7,0.85,0.85
428,4,0.567,0.284,0.333,0.9,0.567,0.85,0.717,0.6
429,4,0.434,0.434,0.766,1.0,1.0,1.0,0.584,0.35
430,,0.284,0.284,0.616,0.85,0.85,0.85,0.434,0.2
431,,0.134,0.134,0.466,0.7,0.7,0.7,0.284,0.05
432,,-0.016,-0.016,0.316,0.55,0.55,0.55,0.134,-0.1
433,8,0.417,0.134,0.183,0.3,0.417,0.7,0.567,0.9
434,8,0.85,0.284,0.05,0.05,0.284,0.85,1.0,1.0
435,,0.7,0.134,-0.1,-0.1,0.134,0.7,0.85,0.85
436,4,0.567,0.284,0.333,0.9,0.567,0.85,0.717,0.6
437,4,0.434,0.434,0.766,1.0,1.0,1.0,0.584,0.35
438,,0.284,0.284,0.616,0.85,0.85,0.85,0.434,0.2
439,,0.134,0.134,0.466,0.7,0.7,0.7,0.284,0.05
440,,-0.016,-0.016,0.316,0.55,0.55,0.55,0.134,-0.1
441,8,0.417,0.134,0.183,0.3,0.417,0.7,0.567,0.9
442,8,0.85,0.284,0.05,0.05,0.284,0.85,1.0,1.0
443,,0.7,0.134,-0.1,-0.1,0.134,0.7,0.85,0.85
444,4,0.567,0.284,0.333,0.9,0.567,0.85,0.717,0.6
445,4,0.434,0.434,0.766,1.0,1.0,1.0,0.584,0.35
446,,0.284,0.284,0.616,0.85,0.85,0.85,0.434,0.2
447,,0.134,0.134,0.466,0.7,0.7,0.7,0.284,0.05
448,,-0.016,-0.016,0.316,0.55,0.55,0.55,0.134,-0.1
449,8,0.417,0.134,0.183,0.3,0.417,0.7,0.567,0.9
450,8,0.85,0.284,0.05,0.05,0.284,0.85,1.0,1.0
451,,0.7,0.134,-0.1,-0.1,0.134,0.7,0.85,0.85
452,3,0.85,0.567,0.9,0.333,0.284,0.567,0.6,0.717
453,3,1.0,1.0,1.0,0.766,0.434,0.434,0.35,0.584
454,,0.85,0.85,0.85,0.616,0.284,0.284,0.2,0.434
455,,0.7,0.7,0.7,0.466,0.134,0.134,0.05,0.284
456,,0.55,0.55,0.55,0.316,-0.016,-0.016,-0.1,0.134
457,7,0.7,0.417,0.3,0.183,0.134,0.417,0.9,0.567
458,7,0.85,0.284,0.05,0.05,0.284,0.85,1.0,1.0
459,,0.7,0.134,-0.1,-0.1,0.134,0.7,0.85,0.85
460,4,0.567,0.284,0.333,0.9,0.567,0.85,0.717,0.6
461,4,0.434,0.434,0.766,1.0,1.0,1.0,0.584,0.35
462,,0.284,0.284,0.616,0.85,0.85,0.85,0.434,0.2
463,,0.134,0.134,0.466,0.7,0.7,0.7,0.284,0.05
464,,-0.016,-0.016,0.316,0.55,0.55,0.55,0.134,-0.1
465,8,0.417,0.134,0.183,0.3,0.417,0.7,0.567,0.9
466,8,0.85,0.284,0.05,0.05,0.284,0.85,1.0,1.0
467,,0.7,0.134,-0.1,-0.1,0.134,0.7,0.85,0.85
468,3,0.85,0.567,0.9,0.333,0.284,0.567,0.6,0.717
469,3,1.0,1.0,1.0,0.766,0.434,0.434,0.35,0.584
470,,0.85,0.85,0.85,0.616,0.284,0.284,0.2,0.434
471,,0.7,0.7,0.7,0.466,0.134,0.134,0.05,0.284
472,,0.55,0.55,0.55,0.316,-0.016,-0.016,-0.1,0.134
473,7,0.7,0.417,0.3,0.183,0.134,0.417,0.9,0.567
474,7,0.85,0.284,0.05,0.05,0.284,0.85,1.0,1.0
475,,0.7,0.134,-0.1,-0.1,0.134,0.7,0.85,0.85
476,4,0.567,0.284,0.333,0.9,0.567,0.85,0.717,0.6
477,4,0.434,0.434,0.766,1.0,1.0,1.0,0.584,0.35
478,,0.284,0.284,0.616,0.85,0.85,0.85,0.434,0.2
479,,0.134,0.134,0.466,0.7,0.7,0.7,0.284,0.05
480,,-0.016,-0.016,0.316,0.55,0.55,0.55,0.134,-0.1
481,8,0.417,0.134,0.183,0.3,0.417,0.7,0.567,0.9
482,8,0.85,0.284,0.05,0.05,0.284,0.85,1.0,1.0
483,,0.7,0.134,-0.1,-0.1,0.134,0.7,0.85,0.85
484,4,0.567,0.284,0.333,0.9,0.567,0.85,0.717,0.6
485,4,0.434,0.434,0.766,1.0,1.0,1.0,0.584,0.35
486,,0.284,0.284,0.616,0.85,0.85,0.85,0.434,0.2
487,,0.134,0.134,0.466,0.7,0.7,0.7,0.284,0.05
488,,-0.016,-0.016,0.316,0.55,0.55,0.55,0.134,-0.1
489,8,0.417,0.134,0.183,0.3,0.417,0.7,0.567,0.9
490,8,0.85,0.284,0.05,0.05,0.284,0.85,1.0,1.0
491,,0.7,0.134,-0.1,-0.1,0.134,0.7,0.85,0.85
492,4,0.567,0.284,0.333,0.9,0.567,0.85,0.717,0.6
493,4,0.434,0.434,0.766,1.0,1.0,1.0,0.584,0.35
494,,0.284,0.284,0.616,0.85,0.85,0.85,0.434,0.2
495,,0.134,0.134,0.466,0.7,0.7,0.7,0.284,0.05
496,,-0.016,-0.016,0.316,0.55,0.55,0.55,0.134,-0.1
497,8,0.417,0.134,0.183,0.3,0.417,0.7,0.567,0.9
498,8,0.85,0.284,0.05,0.05,0.284,0.85,1.0,1.0
499,,0.7,0.134,-0.1,-0.1,0.134,0.7,0.85,0.85
500,3,0.85,0.567,0.9,0.333,0.284,0.567,0.6,0.717
501,3,1.0,1.0,1.0,0.766,0.434,0.434,0.35,0.584
502,,0.85,0.85,0.85,0.616,0.284,0.284,0.2,0.434
503,,0.7,0.7,0.7,0.466,0.134,0.134,0.05,0.284
504,,0.55,0.55,0.55,0.316,-0.016,-0.016,-0.1,0.134
505,7,0.7,0.417,0.3,0.183,0.134,0.417,0.9,0.567
506,7,0.85,0.284,0.05,0.05,0.284,0.85,1.0,1.0
507,,0.7,0.134,-0.1,-0.1,0.134,0.7,0.85,0.85
508,4,0.567,0.284,0.333,0.9,0.567,0.85,0.717,0.6
509,4,0.434,0.434,0.766,1.0,1.0,1.0,0.584,0.35
510,,0.284,0.284,0.616,0.85,0.85,0.85,0.434,0.2
511,,0.134,0.134,0.466,0.7,0.7,0.7,0.284,0.05
512,,-0.016,-0.016,0.316,0.55,0.55,0.55,0.134,-0.1
513,8,0.417,0.134,0.183,0.3,0.417,0.7,0.567,0.9
514,8,0.85,0.284,0.05,0.05,0.284,0.85,1.0,1.0
515,,0.7,0.134,-0.1,-0.1,0.134,0.7,0.85,0.85
516,3,0.85,0.567,0.9,0.333,0.284,0.567,0.6,0.717
517,3,1.0,1.0,1.0,0.766,0.434,0.434,0.35,0.584
518,,0.85,0.85,0.85,0.616,0.284,0.284,0.2,0.434
519,,0.7,0.7,0.7,0.466,0.134,0.134,0.05,0.284
520,,0.55,0.55,0.55,0.316,-0.016,-0.016,-0.1,0.134
521,7,0.7,0.417,0.3,0.183,0.134,0.417,0.9,0.567
522,7,0.85,0.284,0.05,0.05,0.284,0.85,1.0,1.0
523,,0.7,0.134,-0.1,-0.1,0.134,0.7,0.85,0.85
524,4,0.567,0.284,0.333,0.9,0.567,0.85,0.717,0.6
525,4,0.434,0.434,0.766,1.0,1.0,1.0,0.584,0.35
526,,0.284,0.284,0.616,0.85,0.85,0.85,0.434,0.2
527,,0.134,0.134,0.466,0.7,0.7,0.7,0.284,0.05
528,,-0.016,-0.016,0.316,0.55,0.55,0.55,0.134,-0.1
529,8,0.417,0.134,0.183,0.3,0.417,0.7,0.567,0.9
530,8,0.85,0.284,0.05,0.05,0.284,0.85,1.0,1.0
531,,0.7,0.134,-0.1,-0.1,0.134,0.7,0.85,0.85
532,3,0.85,0.567,0.9,0.333,0.284,0.567,0.6,0.717
533,3,1.0,1.0,1.0,0.766,0.434,0.434,0.35,0.584
534,,0.85,0.85,0.85,0.616,0.284,0.284,0.2,0.434
535,,0.7,0.7,0.7,0.466,0.134,0.134,0.05,0.284
536,,0.55,0.55,0.55,0.316,-0.016,-0.016,-0.1,0.134
537,7,0.7,0.417,0.3,0.183,0.134,0.417,0.9,0.567
538,7,0.85,0.284,0.05,0.05,0.284,0.85,1.0,1.0
539,,0.7,0.134,-0.1,-0.1,0.134,0.7,0.85,0.85
540,4,0.567,0.284,0.333,0.9,0.567,0.85,0.717,0.6
541,4,0.434,0.434,0.766,1.0,1.0,1.0,0.584,0.35
542,,0.284,0.284,0.616,0.85,0.85,0.85,0.434,0.2
543,,0.134,0.134,0.466,0.7,0.7,0.7,0.284,0.05
544,,-0.016,-0.016,0.316,0.55,0.55,0.55,0.134,-0.1
545,8,0.417,0.134,0.183,0.3,0.417,0.7,0.567,0.9
546,8,0.85,0.284,0.05,0.05,0.284,0.85,1.0,1.0
547,,0.7,0.134,-0.1,-0.1,0.134,0.7,0.85,0.85
548,3,0.85,0.567,0.9,0.333,0.284,0.567,0.6,0.717
549,3,1.0,1.0,1.0,0.766,0.434,0.434,0.35,0.584
550,,0.85,0.85,0.85,0.616,0.284,0.284,0.2,0.434
551,,0.7,0.7,0.7,0.466,0.134,0.134,0.05,0.284
552,,0.55,0.55,0.55,0.316,-0.016,-0.016,-0.1,0.134
553,7,0.7,0.417,0.3,0.183,0.134,0.417,0.9,0.567
554,7,0.85,0.284,0.05,0.05,0.284,0.85,1.0,1.0
555,,0.7,0.134,-0.1,-0.1,0.134,0.7,0.85,0.85
556,3,0.85,0.567,0.9,0.333,0.284,0.567,0.6,0.717
557,3,1.0,1.0,1.0,0.766,0.434,0.434,0.35,0.584
558,,0.85,0.85,0.85,0.616,0.284,0.284,0.2,0.434
559,,0.7,0.7,0.7,0.466,0.134,0.134,0.05,0.284
560,,0.55,0.55,0.55,0.316,-0.016,-0.016,-0.1,0.134
561,7,0.7,0.417,0.3,0.183,0.134,0.417,0.9,0.567
562,7,0.85,0.284,0.05,0.05,0.284,0.85,1.0,1.0
563,,0.7,0.134,-0.1,-0.1,0.134,0.7,0.85,0.85
564,4,0.567,0.284,0.333,0.9,0.567,0.85,0.717,0.6
565,4,0.434,0.434,0.766,1.0,1.0,1.0,0.584,0.35
566,,0.284,0.284,0.616,0.85,0.85,0.85,0.434,0.2
567,,0.134,0.134,0.466,0.7,0.7,0.7,0.284,0.05
568,,-0.016,-0.016,0.316,0.55,0.55,0.55,0.134,-0.1
569,8,0.417,0.134,0.183,0.3,0.417,0.7,0.567,0.9
570,8,0.85,0.284,0.05,0.05,0.284,0.85,1.0,1.0
571,,0.7,0.134,-0.1,-0.1,0.134,0.7,0.85,0.85
572,3,0.85,0.567,0.9,0.333,0.284,0.567,0.6,0.717
573,3,1.0,1.0,1.0,0.766,0.434,0.434,0.35,0.584
574,,0.85,0.85,0.85,0.616,0.284,0.284,0.2,0.434
575,,0.7,0.7,0.7,0.466,0.134,0.134,0.05,0.284
576,,0.55,0.55,0.55,0.316,-0.016,-0.016,-0.1,0.134
577,7,0.7,0.417,0.3,0.183,0.134,0.417,0.9,0.567
578,7,0.85,0.284,0.05,0.05,0.284,0.85,1.0,1.0
579,,0.7,0.134,-0.1,-0.1,0.134,0.7,0.85,0.85
580,4,0.567,0.284,0.333,0.9,0.567,0.85,0.717,0.6
581,4,0.434,0.434,0.766,1.0,1.0,1.0,0.584,0.35
582,,0.284,0.284,0.616,0.85,0.85,0.85,0.434,0.2
583,,0.134,0.134,0.466,0.7,0.7,0.7,0.284,0.05
584,,-0.016,-0.016,0.316,0.55,0.55,0.55,0.134,-0.1
585,8,0.417,0.134,0.183,0.3,0.417,0.7,0.567,0.9
586,8,0.85,0.284,0.05,0.05,0.284,0.85,1.0,1.0
587,,0.7,0.134,-0.1,-0.1,0.134,0.7,0.85,0.85
588,4,0.567,0.284,0.333,0.9,0.567,0.85,0.717,0.6
589,4,0.434,0.434,0.766,1.0,1.0,1.0,0.584,0.35
590,,0.284,0.284,0.616,0.85,0.85,0.85,0.434,0.2
591,,0.134,0.134,0.466,0.7,0.7,0.7,0.284,0.05
592,,-0.016,-0.016,0.316,0.55,0.55,0.55,0.134,-0.1
593,8,0.417,0.134,0.183,0.3,0.417,0.7,0.567,0.9
594,8,0.85,0.284,0.05,0.05,0.284,0.85,1.0,1.0
595,,0.7,0.134,-0.1,-0.1,0.134,0.7,0.85,0.85
596,4,0.567,0.284,0.333,0.9,0.567,0.85,0.717,0.6
597,4,0.434,0.434,0.766,1.0,1.0,1.0,0.584,0.35
598,,0.284,0.284,0.616,0.85,0.85,0.85,0.434,0.2
599,,0.134,0.134,0.466,0.7,0.7,0.7,0.284,0.05
600,,-0.016,-0.016,0.316,0.55,0.55,0.55,0.134,-0.1
601,8,0.417,0.134,0.183,0.3,0.417,0.7,0.567,0.9
602,8,0.85,0.284,0.05,0.05,0.284,0.85,1.0,1.0
603,,0.7,0.134,-0.1,-0.1,0.134,0.7,0.85,0.85
604,4,0.567,0.284,0.333,0.9,0.567,0.85,0.717,0.6
605,4,0.434,0.434,0.766,1.0,1.0,1.0,0.584,0.35
606,,0.284,0.284,0.616,0.85,0.85,0.85,0.434,0.2
607,,0.134,0.134,0.466,0.7,0.7,0.7,0.284,0.05
608,,-0.016,-0.016,0.316,0.55,0.55,0.55,0.134,-0.1
609,8,0.417,0.134,0.183,0.3,0.417,0.7,0.567,0.9
610,8,0.85,0.284,0.05,0.05,0.284,0.85,1.0,1.0
611,,0.7,0.134,-0.1,-0.1,0.134,0.7,0.85,0.85
612,4,0.567,0.284,0.333,0.9,0.567,0.85,0.717,0.6
613,4,0.434,0.434,0.766,1.0,1.0,1.0,0.584,0.35
614,,0.284,0.284,0.616,0.85,0.85,0.85,0.434,0.2
615,,0.134,0.134,0.466,0.7,0.7,0.7,0.284,0.05
616,,-0.016,-0.016,0.316,0.55,0.55,0.55,0.134,-0.1
617,8,0.417,0.134,0.183,0.3,0.417,0.7,0.567,0.9
618,8,0.85,0.284,0.05,0.05,0.284,0.85,1.0,1.0
619,,0.7,0.134,-0.1,-0.1,0.134,0.7,0.85,0.85
620,4,0.567,0.284,0.333,0.9,0.567,0.85,0.717,0.6
621,4,0.434,0.434,0.766,1.0,1.0,1.0,0.584,0.35
622,,0.284,0.284,0.616,0.85,0.85,0.85,0.434,0.2
623,,0.134,0.134,0.466,0.7,0.7,0.7,0.284,0.05
624,,-0.016,-0.016,0.316,0.55,0.55,0.55,0.134,-0.1
625,8,0.417,0.134,0.183,0.3,0.417,0.7,0.567,0.9
626,8,0.85,0.284,0.05,0.05,0.284,0.85,1.0,1.0
627,,0.7,0.134,-0.1,-0.1,0.134,0.7,0.85,0.85
628,4,0.567,0.284,0.333,0.9,0.567,0.85,0.717,0.6
629,4,0.434,0.434,0.766,1.0,1.0,1.0,0.584,0.35
630,,0.284,0.284,0.616,0.85,0.85,0.85,0.434,0.2
631,,0.134,0.134,0.466,0.7,0.7,0.7,0.284,0.05
632,,-0.016,-0.016,0.316,0.55,0.55,0.55,0.134,-0.1
633,8,0.417,0.134,0.183,0.3,0.417,0.7,0.567,0.9
634,8,0.85,0.284,0.05,0.05,0.284,0.85,1.0,1.0
635,,0.7,0.134,-0.1,-0.1,0.134,0.7,0.85,0.85
636,4,0.567,0.284,0.333,0.9,0.567,0.85,0.717,0.6
637,4,0.434,0.434,0.766,1.0,1.0,1.0,0.584,0.35
638,,0.284,0.284,0.616,0.85,0.85,0.85,0.434,0.2
639,,0.134,0.134,0.466,0.7,0.7,0.7,0.284,0.05
640,,-0.016,-0.016,0.316,0.55,0.55,0.55,0.134,-0.1
641,8,0.417,0.134,0.183,0.3,0.417,0.7,0.567,0.9
642,8,0.85,0.284,0.05,0.05,0.284,0.85,1.0,1.0
643,,0.7,0.134,-0.1,-0.1,0.134,0.7,0.85,0.85
644,4,0.567,0.284,0.333,0.9,0.567,0.85,0.717,0.6
645,4,0.434,0.434,0.766,1.0,1.0,1.0,0.584,0.35
646,,0.284,0.284,0.616,0.85,0.85,0.85,0.434,0.2
647,,0.134,0.134,0.466,0.7,0.7,0.7,0.284,0.05
648,,-0.016,-0.016,0.316,0.55,0.55,0.55,0.134,-0.1
649,8,0.417,0.134,0.183,0.3,0.417,0.7,0.567,0.9
650,8,0.85,0.284,0.05,0.05,0.284,0.85,1.0,1.0
651,,0.7,0.134,-0.1,-0.1,0.134,0.7,0.85,0.85
652,4,0.567,0.284,0.333,0.9,0.567,0.85,0.717,0.6
653,4,0.434,0.434,0.766,1.0,1.0,1.0,0.584,0.35
654,,0.284,0.284,0.616,0.85,0.85,0.85,0.434,0.2
655,,0.134,0.134,0.466,0.7,0.7,0.7,0.284,0.05
656,,-0.016,-0.016,0.316,0.55,0.55,0.55,0.134,-0.1
657,8,0.417,0.134,0.183,0.3,0.417,0.7,0.567,0.9
658,8,0.85,0.284,0.05,0.05,0.284,0.85,1.0,1.0
659,,0.7,0.134,-0.1,-0.1,0.134,0.7,0.85,0.85
660,4,0.567,0.284,0.333,0.9,0.567,0.85,0.717,0.6
661,4,0.434,0.434,0.766,1.0,1.0,1.0,0.584,0.35
662,,0.284,0.284,0.616,0.85,0.85,0.85,0.434,0.2
663,,0.134,0.134,0.466,0.7,0.7,0.7,0.284,0.05
664,,-0.016,-0.016,0.316,0.55,0.55,0.55,0.134,-0.1
665,8,0.417,0.134,0.183,0.3,0.417,0.7,0.567,0.9
666,8,0.85,0.284,0.05,0.05,0.284,0.85,1.0,1.0
667,,0.7,0.134,-0.1,-0.1,0.134,0.7,0.85,0.85
668,3,0.85,0.567,0.9,0.333,0.284,0.567,0.6,0.717
669,3,1.0,1.0,1.0,0.766,0.434,0.434,0.35,0.584
670,,0.85,0.85,0.85,0.616,0.284,0.284,0.2,0.434
671,,0.7,0.7,0.7,0.466,0.134,0.134,0.05,0.284
672,,0.55,0.55,0.55,0.316,-0.016,-0.016,-0.1,0.134
673,7,0.7,0.417,0.3,0.183,0.134,0.417,0.9,0.567
674,7,0.85,0.284,0.05,0.05,0.284,0.85,1.0,1.0
675,,0.7,0.134,-0.1,-0.1,0.134,0.7,0.85,0.85
676,3,0.85,0.567,0.9,0.333,0.284,0.567,0.6,0.717
677,3,1.0,1.0,1.0,0.766,0.434,0.434,0.35,0.584
678,,0.85,0.85,0.85,0.616,0.284,0.284,0.2,0.434
679,,0.7,0.7,0.7,0.466,0.134,0.134,0.05,0.284
680,,0.55,0.55,0.55,0.316,-0.016,-0.016,-0.1,0.134
681,7,0.7,0.417,0.3,0.183,0.134,0.417,0.9,0.567
682,7,0.85,0.284,0.05,0.05,0.284,0.85,1.0,1.0
683,,0.7,0.134,-0.1,-0.1,0.134,0.7,0.85,0.85
684,4,0.567,0.284,0.333,0.9,0.567,0.85,0.717,0.6
685,4,0.434,0.434,0.766,1.0,1.0,1.0,0.584,0.35
686,,0.284,0.284,0.616,0.85,0.85,0.85,0.434,0.2
687,,0.134,0.134,0.466,0.7,0.7,0.7,0.284,0.05
688,,-0.016,-0.016,0.316,0.55,0.55,0.55,0.134,-0.1
689,8,0.417,0.134,0.183,0.3,0.417,0.7,0.567,0.9
690,8,0.85,0.284,0.05,0.05,0.284,0.85,1.0,1.0
691,,0.7,0.134,-0.1,-0.1,0.134,0.7,0.85,0.85
692,4,0.567,0.284,0.333,0.9,0.567,0.85,0.717,0.6
693,4,0.434,0.434,0.766,1.0,1.0,1.0,0.584,0.35
694,,0.284,0.284,0.616,0.85,0.85,0.85,0.434,0.2
695,,0.134,0.134,0.466,0.7,0.7,0.7,0.284,0.05
696,,-0.016,-0.016,0.316,0.55,0.55,0.55,0.134,-0.1
697,8,0.417,0.134,0.183,0.3,0.417,0.7,0.567,0.9
698,8,0.85,0.284,0.05,0.05,0.284,0.85,1.0,1.0
699,,0.7,0.134,-0.1,-0.1,0.134,0.7,0.85,0.85
700,4,0.567,0.284,0.333,0.9,0.567,0.85,0.717,0.6
701,4,0.434,0.434,0.766,1.0,1.0,1.0,0.584,0.35
702,,0.284,0.284,0.616,0.85,0.85,0.85,0.434,0.2
703,,0.134,0.134,0.466,0.7,0.7,0.7,0.284,0.05
704,,-0.016,-0.016,0.316,0.55,0.55,0.55,0.134,-0.1
705,8,0.417,0.134,0.183,0.3,0.417,0.7,0.567,0.9
706,8,0.85,0.284,0.05,0.05,0.284,0.85,1.0,1.0
707,,0.7,0.134,-0.1,-0.1,0.134,0.7,0.85,0.85
708,4,0.567,0.284,0.333,0.9,0.567,0.85,0.717,0.6
709,4,0.434,0.434,0.766,1.0,1.0,1.0,0.584,0.35
710,,0.284,0.284,0.616,0.85,0.85,0.85,0.434,0.2
711,,0.134,0.134,0.466,0.7,0.7,0.7,0.284,0.05
712,,-0.016,-0.016,0.316,0.55,0.55,0.55,0.134,-0.1
713,8,0.417,0.134,0.183,0.3,0.417,0.7,0.567,0.9
714,8,0.85,0.284,0.05,0.05,0.284,0.85,1.0,1.0
715,,0.7,0.134,-0.1,-0.1,0.134,0.7,0.85,0.85
716,4,0.567,0.284,0.333,0.9,0.567,0.85,0.717,0.6
717,4,0.434,0.434,0.766,1.0,1.0,1.0,0.584,0.35
718,,0.284,0.284,0.616,0.85,0.85,0.85,0.434,0.2
719,,0.134,0.134,0.466,0.7,0.7,0.7,0.284,0.05
720,,-0.016,-0.016,0.316,0.55,0.55,0.55,0.134,-0.1
721,8,0.417,0.134,0.183,0.3,0.417,0.7,0.567,0.9
722,8,0.85,0.284,0.05,0.05,0.284,0.85,1.0,1.0
723,,0.7,0.134,-0.1,-0.1,0.134,0.7,0.85,0.85
724,4,0.567,0.284,0.333,0.9,0.567,0.85,0.717,0.6
725,4,0.434,0.434,0.766,1.0,1.0,1.0,0.584,0.35
726,,0.284,0.284,0.616,0.85,0.85,0.85,0.434,0.2
727,,0.134,0.134,0.466,0.7,0.7,0.7,0.284,0.05
728,,-0.016,-0.016,0.316,0.55,0.55,0.55,0.134,-0.1
729,8,0.417,0.134,0.183,0.3,0.417,0.7,0.567,0.9
730,8,0.85,0.284,0.05,0.05,0.284,0.85,1.0,1.0
731,,0.7,0.134,-0.1,-0.1,0.134,0.7,0.85,0.85
732,4,0.567,0.284,0.333,0.9,0.567,0.85,0.717,0.6
733,4,0.434,0.434,0.766,1.0,1.0,1.0,0.584,0.35
734,,0.284,0.284,0.616,0.85,0.85,0.85,0.434,0.2
735,,0.134,0.134,0.466,0.7,0.7,0.7,0.284,0.05
736,,-0.016,-0.016,0.316,0.55,0.55,0.55,0.134,-0.1
737,8,0.417,0.134,0.183,0.3,0.417,0.7,0.567,0.9
738,8,0.85,0.284,0.05,0.05,0.284,0.85,1.0,1.0
739,,0.7,0.134,-0.1,-0.1,0.134,0.7,0.85,0.85
740,4,0.567,0.284,0.333,0.9,0.567,0.85,0.717,0.6
741,4,0.434,0.434,0.766,1.0,1.0,1.0,0.584,0.35
742,,0.284,0.284,0.616,0.85,0.85,0.85,0.434,0.2
743,,0.134,0.134,0.466,0.7,0.7,0.7,0.284,0.05
744,,-0.016,-0.016,0.316,0.55,0.55,0.55,0.134,-0.1
745,8,0.417,0.134,0.183,0.3,0.417,0.7,0.567,0.9
746,8,0.85,0.284,0.05,0.05,0.284,0.85,1.0,1.0
747,,0.7,0.134,-0.1,-0.1,0.134,0.7,0.85,0.85
748,3,0.85,0.567,0.9,0.333,0.284,0.567,0.6,0.717
749,3,1.0,1.0,1.0,0.766,0.434,0.434,0.35,0.584
750,,0.85,0.85,0.85,0.616,0.284,0.284,0.2,0.434
751,,0.7,0.7,0.7,0.466,0.134,0.134,0.05,0.284
752,,0.55,0.55,0.55,0.316,-0.016,-0.016,-0.1,0.134
753,7,0.7,0.417,0.3,0.183,0.134,0.417,0.9,0.567
754,7,0.85,0.284,0.05,0.05,0.284,0.85,1.0,1.0
755,,0.7,0.134,-0.1,-0.1,0.134,0.7,0.85,0.85
756,4,0.567,0.284,0.333,0.9,0.567,0.85,0.717,0.6
757,4,0.434,0.434,0.766,1.0,1.0,1.0,0.584,0.35
758,,0.284,0.284,0.616,0.85,0.85,0.85,0.434,0.2
759,,0.134,0.134,0.466,0.7,0.7,0.7,0.284,0.05
760,,-0.016,-0.016,0.316,0.55,0.55,0.55,0.134,-0.1
761,8,0.417,0.134,0.183,0.3,0.417,0.7,0.567,0.9
762,8,0.85,0.284,0.05,0.05,0.284,0.85,1.0,1.0
763,,0.7,0.134,-0.1,-0.1,0.134,0.7,0.85,0.85
764,3,0.85,0.567,0.9,0.333,0.284,0.567,0.6,0.717
765,3,1.0,1.0,1.0,0.766,0.434,0.434,0.35,0.584
766,,0.85,0.85,0.85,0.616,0.284,0.284,0.2,0.434
767,,0.7,0.7,0.7,0.466,0.134,0.134,0.05,0.284
768,,0.55,0.55,0.55,0.316,-0.016,-0.016,-0.1,0.134
769,7,0.7,0.417,0.3,0.183,0.134,0.417,0.9,0.567
770,7,0.85,0.284,0.05,0.05,0.284,0.85,1.0,1.0
771,,0.7,0.134,-0.1,-0.1,0.134,0.7,0.85,0.85
772,4,0.567,0.284,0.333,0.9,0.567,0.85,0.717,0.6
773,4,0.434,0.434,0.766,1.0,1.0,1.0,0.584,0.35
774,,0.284,0.284,0.616,0.85,0.85,0.85,0.434,0.2
775,,0.134,0.134,0.466,0.7,0.7,0.7,0.284,0.05
776,,-0.016,-0.016,0.316,0.55,0.55,0.55,0.134,-0.1
777,8,0.417,0.134,0.183,0.3,0.417,0.7,0.567,0.9
778,8,0.85,0.284,0.05,0.05,0.284,0.85,1.0,1.0
779,,0.7,0.134,-0.1,-0.1,0.134,0.7,0.85,0.85
780,4,0.567,0.284,0.333,0.9,0.567,0.85,0.717,0.6
781,4,0.434,0.434,0.766,1.0,1.0,1.0,0.584,0.35
782,,0.284,0.284,0.616,0.85,0.85,0.85,0.434,0.2
783,,0.134,0.134,0.466,0.7,0.7,0.7,0.284,0.05
784,,-0.016,-0.016,0.316,0.55,0.55,0.55,0.134,-0.1
785,8,0.417,0.134,0.183,0.3,0.417,0.7,0.567,0.9
786,8,0.85,0.284,0.05,0.05,0.284,0.85,1.0,1.0
787,,0.7,0.134,-0.1,-0.1,0.134,0.7,0.85,0.85
788,3,0.85,0.567,0.9,0.333,0.284,0.567,0.6,0.717
789,3,1.0,1.0,1.0,0.766,0.434,0.434,0.35,0.584
790,,0.85,0.85,0.85,0.616,0.284,0.284,0.2,0.434
791,,0.7,0.7,0.7,0.466,0.134,0.134,0.05,0.284
792,,0.55,0.55,0.55,0.316,-0.016,-0.016,-0.1,0.134
793,7,0.7,0.417,0.3,0.183,0.134,0.417,0.9,0.567
794,7,0.85,0.284,0.05,0.05,0.284,0.85,1.0,1.0
795,,0.7,0.134,-0.1,-0.1,0.134,0.7,0.85,0.85
796,4,0.567,0.284,0.333,0.9,0.567,0.85,0.717,0.6
797,4,0.434,0.434,0.766,1.0,1.0,1.0,0.584,0.35
798,,0.284,0.284,0.616,0.85,0.85,0.85,0.434,0.2
799,,0.134,0.134,0.466,0.7,0.7,0.7,0.284,0.05
800,,-0.016,-0.016,0.316,0.55,0.55,0.55,0.134,-0.1
801,8,0.417,0.134,0.183,0.3,0.417,0.7,0.567,0.9
802,8,0.85,0.284,0.05,0.05,0.284,0.85,1.0,1.0
803,,0.7,0.134,-0.1,-0.1,0.134,0.7,0.85,0.85
804,3,0.85,0.567,0.9,0.333,0.284,0.567,0.6,0.717
805,3,1.0,1.0,1.0,0.766,0.434,0.434,0.35,0.584
806,,0.85,0.85,0.85,0.616,0.284,0.284,0.2,0.434
807,,0.7,0.7,0.7,0.466,0.134,0.134,0.05,0.284
808,,0.55,0.55,0.55,0.316,-0.016,-0.016,-0.1,0.134
809,7,0.7,0.417,0.3,0.183,0.134,0.417,0.9,0.567
810,7,0.85,0.284,0.05,0.05,0.284,0.85,1.0,1.0
811,,0.7,0.134,-0.1,-0.1,0.134,0.7,0.85,0.85
812,4,0.567,0.284,0.333,0.9,0.567,0.85,0.717,0.6
813,4,0.434,0.434,0.766,1.0,1.0,1.0,0.584,0.35
814,,0.284,0.284,0.616,0.85,0.85,0.85,0.434,0.2
815,,0.134,0.134,0.466,0.7,0.7,0.7,0.284,0.05
816,,-0.016,-0.016,0.316,0.55,0.55,0.55,0.134,-0.1
817,8,0.417,0.134,0.183,0.3,0.417,0.7,0.567,0.9
818,8,0.85,0.284,0.05,0.05,0.284,0.85,1.0,1.0
819,,0.7,0.134,-0.1,-0.1,0.134,0.7,0.85,0.85
820,4,0.567,0.284,0.333,0.9,0.567,0.85,0.717,0.6
821,4,0.434,0.434,0.766,1.0,1.0,1.0,0.584,0.35
822,,0.284,0.284,0.616,0.85,0.85,0.85,0.434,0.2
823,,0.134,0.134,0.466,0.7,0.7,0.7,0.284,0.05
824,,-0.016,-0.016,0.316,0.55,0.55,0.55,0.134,-0.1
825,8,0.417,0.134,0.183,0.3,0.417,0.7,0.567,0.9
826,8,0.85,0.284,0.05,0.05,0.284,0.85,1.0,1.0
827,,0.7,0.134,-0.1,-0.1,0.134,0.7,0.85,0.85
828,3,0.85,0.567,0.9,0.333,0.284,0.567,0.6,0.717
829,3,1.0,1.0,1.0,0.766,0.434,0.434,0.35,0.584
830,,0.85,0.85,0.85,0.616,0.284,0.284,0.2,0.434
831,,0.7,0.7,0.7,0.466,0.134,0.134,0.05,0.284
832,,0.55,0.55,0.55,0.316,-0.016,-0.016,-0.1,0.134
833,7,0.7,0.417,0.3,0.183,0.134,0.417,0.9,0.567
834,7,0.85,0.284,0.05,0.05,0.284,0.85,1.0,1.0
