step,active_motive,motive_1,motive_2,motive_3,motive_4,motive_5,motive_6,motive_7,motive_8
0,,0.00754,0.01662,0.02168,0.02945,0.09958,0.06969,0.03842,0.07371
1,,-0.14246,-0.13338,-0.12832,-0.12055,-0.05042,-0.08031,-0.11158,-0.07629
2,1,0.85754,0.29962,0.02168,-0.25355,-0.30042,-0.21331,0.03842,0.35671
3,1,1.0,0.73262,0.17168,-0.38655,-0.55042,-0.34631,0.18842,0.78971
4,5,0.75,0.59962,0.32168,0.04645,0.44958,0.08669,0.33842,0.65671
5,5,0.5,0.46662,0.47168,0.47945,1.0,0.51969,0.48842,0.52371
6,,0.35,0.31662,0.32168,0.32945,0.85,0.36969,0.33842,0.37371
7,,0.2,0.16662,0.17168,0.17945,0.7,0.21969,0.18842,0.22371
8,,0.05,0.01662,0.02168,0.02945,0.55,0.06969,0.03842,0.07371
9,,-0.1,-0.13338,-0.12832,-0.12055,0.4,-0.08031,-0.11158,-0.07629
10,2,0.333,0.86662,0.30468,0.02945,0.267,-0.33031,-0.24458,0.07371
11,2,0.766,1.0,0.73768,0.17945,0.134,-0.58031,-0.37758,0.22371
12,6,0.633,0.75,0.60468,0.32945,0.567,0.41969,0.05542,0.37371
13,6,0.5,0.5,0.47168,0.47945,1.0,1.0,0.48842,0.52371
14,,0.35,0.35,0.32168,0.32945,0.85,0.85,0.33842,0.37371
15,,0.2,0.2,0.17168,0.17945,0.7,0.7,0.18842,0.22371
16,,0.05,0.05,0.02168,0.02945,0.55,0.55,0.03842,0.07371
17,,-0.1,-0.1,-0.12832,-0.12055,0.4,0.4,-0.11158,-0.07629
18,3,0.05,0.333,0.87168,0.31245,0.55,0.267,-0.36158,-0.20929
19,3,0.2,0.766,1.0,0.74545,0.7,0.134,-0.61158,-0.34229
20,7,0.35,0.633,0.75,0.61245,0.85,0.567,0.38842,0.09071
21,7,0.5,0.5,0.5,0.47945,1.0,1.0,1.0,0.52371
22,,0.35,0.35,0.35,0.32945,0.85,0.85,0.85,0.37371
23,,0.2,0.2,0.2,0.17945,0.7,0.7,0.7,0.22371
24,,0.05,0.05,0.05,0.02945,0.55,0.55,0.55,0.07371
25,,-0.1,-0.1,-0.1,-0.12055,0.4,0.4,0.4,-0.07629
26,4,-0.233,0.05,0.333,0.87945,0.833,0.55,0.267,-0.32629
27,4,-0.366,0.2,0.766,1.0,1.0,0.7,0.134,-0.57629
28,8,0.067,0.35,0.633,0.75,0.867,0.85,0.567,0.42371
29,8,0.5,0.5,0.5,0.5,0.734,1.0,1.0,1.0
30,,0.35,0.35,0.35,0.35,0.584,0.85,0.85,0.85
31,,0.2,0.2,0.2,0.2,0.434,0.7,0.7,0.7
32,,0.05,0.05,0.05,0.05,0.284,0.55,0.55,0.55
33,,-0.1,-0.1,-0.1,-0.1,0.134,0.4,0.4,0.4
34,3,0.05,0.333,0.9,0.333,0.284,0.267,0.15,0.267
35,3,0.2,0.766,1.0,0.766,0.434,0.134,-0.1,0.134
36,7,0.35,0.633,0.75,0.633,0.584,0.567,0.9,0.567
37,7,0.5,0.5,0.5,0.5,0.734,1.0,1.0,1.0
38,,0.35,0.35,0.35,0.35,0.584,0.85,0.85,0.85
39,,0.2,0.2,0.2,0.2,0.434,0.7,0.7,0.7
40,,0.05,0.05,0.05,0.05,0.284,0.55,0.55,0.55
41,,-0.1,-0.1,-0.1,-0.1,0.134,0.4,0.4,0.4
42,4,-0.233,0.05,0.333,0.9,0.567,0.55,0.267,0.15
43,4,-0.366,0.2,0.766,1.0,1.0,0.7,0.134,-0.1
44,1,0.634,0.633,0.916,0.867,0.75,0.567,0.284,0.333
45,1,1.0,1.0,1.0,0.734,0.5,0.434,0.434,0.766
46,,0.85,0.85,0.85,0.584,0.35,0.284,0.284,0.616
47,,0.7,0.7,0.7,0.434,0.2,0.134,0.134,0.466
48,,0.55,0.55,0.55,0.284,0.05,-0.016,-0.016,0.316
49,7,0.7,0.417,0.3,0.151,0.2,0.417,0.984,0.749
50,7,0.85,0.284,0.05,0.018,0.35,0.85,1.0,1.0
51,,0.7,0.134,-0.1,-0.132,0.2,0.7,0.85,0.85
52,4,0.567,0.284,0.333,0.868,0.633,0.85,0.717,0.6
53,4,0.434,0.434,0.766,1.0,1.0,1.0,0.584,0.35
54,,0.284,0.284,0.616,0.85,0.85,0.85,0.434,0.2
55,,0.134,0.134,0.466,0.7,0.7,0.7,0.284,0.05
56,,-0.016,-0.016,0.316,0.55,0.55,0.55,0.134,-0.1
57,8,0.417,0.134,0.183,0.3,0.417,0.7,0.567,0.9
58,8,0.85,0.284,0.05,0.05,0.284,0.85,1.0,1.0
59,,0.7,0.134,-0.1,-0.1,0.134,0.7,0.85,0.85
60,4,0.567,0.284,0.333,0.9,0.567,0.85,0.717,0.6
61,4,0.434,0.434,0.766,1.0,1.0,1.0,0.584,0.35
62,,0.284,0.284,0.616,0.85,0.85,0.85,0.434,0.2
63,,0.134,0.134,0.466,0.7,0.7,0.7,0.284,0.05
64,,-0.016,-0.016,0.316,0.55,0.55,0.55,0.134,-0.1
65,8,0.417,0.134,0.183,0.3,0.417,0.7,0.567,0.9
66,8,0.85,0.284,0.05,0.05,0.284,0.85,1.0,1.0
67,,0.7,0.134,-0.1,-0.1,0.134,0.7,0.85,0.85
68,4,0.567,0.284,0.333,0.9,0.567,0.85,0.717,0.6
69,4,0.434,0.434,0.766,1.0,1.0,1.0,0.584,0.35
70,,0.284,0.284,0.616,0.85,0.85,0.85,0.434,0.2
71,,0.134,0.134,0.466,0.7,0.7,0.7,0.284,0.05
72,,-0.016,-0.016,0.316,0.55,0.55,0.55,0.134,-0.1
73,8,0.417,0.134,0.183,0.3,0.417,0.7,0.567,0.9
74,8,0.85,0.284,0.05,0.05,0.284,0.85,1.0,1.0
75,,0.7,0.134,-0.1,-0.1,0.134,0.7,0.85,0.85
76,4,0.567,0.284,0.333,0.9,0.567,0.85,0.717,0.6
77,4,0.434,0.434,0.766,1.0,1.0,1.0,0.584,0.35
78,,0.284,0.284,0.616,0.85,0.85,0.85,0.434,0.2
79,,0.134,0.134,0.466,0.7,0.7,0.7,0.284,0.05
80,,-0.016,-0.016,0.316,0.55,0.55,0.55,0.134,-0.1
81,8,0.417,0.134,0.183,0.3,0.417,0.7,0.567,0.9
82,8,0.85,0.284,0.05,0.05,0.284,0.85,1.0,1.0
83,,0.7,0.134,-0.1,-0.1,0.134,0.7,0.85,0.85
84,4,0.567,0.284,0.333,0.9,0.567,0.85,0.717,0.6
85,4,0.434,0.434,0.766,1.0,1.0,1.0,0.584,0.35
86,,0.284,0.284,0.616,0.85,0.85,0.85,0.434,0.2
87,,0.134,0.134,0.466,0.7,0.7,0.7,0.284,0.05
88,,-0.016,-0.016,0.316,0.55,0.55,0.55,0.134,-0.1
89,8,0.417,0.134,0.183,0.3,0.417,0.7,0.567,0.9
90,8,0.85,0.284,0.05,0.05,0.284,0.85,1.0,1.0
91,,0.7,0.134,-0.1,-0.1,0.134,0.7,0.85,0.85
92,4,0.567,0.284,0.333,0.9,0.567,0.85,0.717,0.6
93,4,0.434,0.434,0.766,1.0,1.0,1.0,0.584,0.35
94,,0.284,0.284,0.616,0.85,0.85,0.85,0.434,0.2
95,,0.134,0.134,0.466,0.7,0.7,0.7,0.284,0.05
96,,-0.016,-0.016,0.316,0.55,0.55,0.55,0.134,-0.1
97,8,0.417,0.134,0.183,0.3,0.417,0.7,0.567,0.9
98,8,0.85,0.284,0.05,0.05,0.284,0.85,1.0,1.0
99,,0.7,0.134,-0.1,-0.1,0.134,0.7,0.85,0.85
100,4,0.567,0.284,0.333,0.9,0.567,0.85,0.717,0.6
101,4,0.434,0.434,0.766,1.0,1.0,1.0,0.584,0.35
102,,0.284,0.284,0.616,0.85,0.85,0.85,0.434,0.2
103,,0.134,0.134,0.466,0.7,0.7,0.7,0.284,0.05
104,,-0.016,-0.016,0.316,0.55,0.55,0.55,0.134,-0.1
105,8,0.417,0.134,0.183,0.3,0.417,0.7,0.567,0.9
106,8,0.85,0.284,0.05,0.05,0.284,0.85,1.0,1.0
107,,0.7,0.134,-0.1,-0.1,0.134,0.7,0.85,0.85
108,4,0.567,0.284,0.333,0.9,0.567,0.85,0.717,0.6
109,4,0.434,0.434,0.766,1.0,1.0,1.0,0.584,0.35
110,,0.284,0.284,0.616,0.85,0.85,0.85,0.434,0.2
111,,0.134,0.134,0.466,0.7,0.7,0.7,0.284,0.05
112,,-0.016,-0.016,0.316,0.55,0.55,0.55,0.134,-0.1
113,8,0.417,0.134,0.183,0.3,0.417,0.7,0.567,0.9
114,8,0.85,0.284,0.05,0.05,0.284,0.85,1.0,1.0
115,,0.7,0.134,-0.1,-0.1,0.134,0.7,0.85,0.85
116,3,0.85,0.567,0.9,0.333,0.284,0.567,0.6,0.717
117,3,1.0,1.0,1.0,0.766,0.434,0.434,0.35,0.584
118,,0.85,0.85,0.85,0.616,0.284,0.284,0.2,0.434
119,,0.7,0.7,0.7,0.466,0.134,0.134,0.05,0.284
120,,0.55,0.55,0.55,0.316,-0.016,-0.016,-0.1,0.134
121,7,0.7,0.417,0.3,0.183,0.134,0.417,0.9,0.567
122,7,0.85,0.284,0.05,0.05,0.284,0.85,1.0,1.0
123,,0.7,0.134,-0.1,-0.1,0.134,0.7,0.85,0.85
124,4,0.567,0.284,0.333,0.9,0.567,0.85,0.717,0.6
125,4,0.434,0.434,0.766,1.0,1.0,1.0,0.584,0.35
126,,0.284,0.284,0.616,0.85,0.85,0.85,0.434,0.2
127,,0.134,0.134,0.466,0.7,0.7,0.7,0.284,0.05
128,,-0.016,-0.016,0.316,0.55,0.55,0.55,0.134,-0.1
129,8,0.417,0.134,0.183,0.3,0.417,0.7,0.567,0.9
130,8,0.85,0.284,0.05,0.05,0.284,0.85,1.0,1.0
131,,0.7,0.134,-0.1,-0.1,0.134,0.7,0.85,0.85
132,4,0.567,0.284,0.333,0.9,0.567,0.85,0.717,0.6
133,4,0.434,0.434,0.766,1.0,1.0,1.0,0.584,0.35
134,,0.284,0.284,0.616,0.85,0.85,0.85,0.434,0.2
135,,0.134,0.134,0.466,0.7,0.7,0.7,0.284,0.05
136,,-0.016,-0.016,0.316,0.55,0.55,0.55,0.134,-0.1
137,8,0.417,0.134,0.183,0.3,0.417,0.7,0.567,0.9
138,8,0.85,0.284,0.05,0.05,0.284,0.85,1.0,1.0
139,,0.7,0.134,-0.1,-0.1,0.134,0.7,0.85,0.85
140,4,0.567,0.284,0.333,0.9,0.567,0.85,0.717,0.6
141,4,0.434,0.434,0.766,1.0,1.0,1.0,0.584,0.35
142,,0.284,0.284,0.616,0.85,0.85,0.85,0.434,0.2
143,,0.134,0.134,0.466,0.7,0.7,0.7,0.284,0.05
144,,-0.016,-0.016,0.316,0.55,0.55,0.55,0.134,-0.1
145,8,0.417,0.134,0.183,0.3,0.417,0.7,0.567,0.9
146,8,0.85,0.284,0.05,0.05,0.284,0.85,1.0,1.0
147,,0.7,0.134,-0.1,-0.1,0.134,0.7,0.85,0.85
148,4,0.567,0.284,0.333,0.9,0.567,0.85,0.717,0.6
149,4,0.434,0.434,0.766,1.0,1.0,1.0,0.584,0.35
150,,0.284,0.284,0.616,0.85,0.85,0.85,0.434,0.2
151,,0.134,0.134,0.466,0.7,0.7,0.7,0.284,0.05
152,,-0.016,-0.016,0.316,0.55,0.55,0.55,0.134,-0.1
153,8,0.417,0.134,0.183,0.3,0.417,0.7,0.567,0.9
154,8,0.85,0.284,0.05,0.05,0.284,0.85,1.0,1.0
155,,0.7,0.134,-0.1,-0.1,0.134,0.7,0.85,0.85
156,4,0.567,0.284,0.333,0.9,0.567,0.85,0.717,0.6
157,4,0.434,0.434,0.766,1.0,1.0,1.0,0.584,0.35
158,,0.284,0.284,0.616,0.85,0.85,0.85,0.434,0.2
159,,0.134,0.134,0.466,0.7,0.7,0.7,0.284,0.05
160,,-0.016,-0.016,0.316,0.55,0.55,0.55,0.134,-0.1
161,8,0.417,0.134,0.183,0.3,0.417,0.7,0.567,0.9
162,8,0.85,0.284,0.05,0.05,0.284,0.85,1.0,1.0
163,,0.7,0.134,-0.1,-0.1,0.134,0.7,0.85,0.85
164,4,0.567,0.284,0.333,0.9,0.567,0.85,0.717,0.6
165,4,0.434,0.434,0.766,1.0,1.0,1.0,0.584,0.35
166,,0.284,0.284,0.616,0.85,0.85,0.85,0.434,0.2
167,,0.134,0.134,0.466,0.7,0.7,0.7,0.284,0.05
168,,-0.016,-0.016,0.316,0.55,0.55,0.55,0.134,-0.1
169,8,0.417,0.134,0.183,0.3,0.417,0.7,0.567,0.9
170,8,0.85,0.284,0.05,0.05,0.284,0.85,1.0,1.0
171,,0.7,0.134,-0.1,-0.1,0.134,0.7,0.85,0.85
172,4,0.567,0.284,0.333,0.9,0.567,0.85,0.717,0.6
173,4,0.434,0.434,0.766,1.0,1.0,1.0,0.584,0.35
174,,0.284,0.284,0.616,0.85,0.85,0.85,0.434,0.2
175,,0.134,0.134,0.466,0.7,0.7,0.7,0.284,0.05
176,,-0.016,-0.016,0.316,0.55,0.55,0.55,0.134,-0.1
177,8,0.417,0.134,0.183,0.3,0.417,0.7,0.567,0.9
178,8,0.85,0.284,0.05,0.05,0.284,0.85,1.0,1.0
179,,0.7,0.134,-0.1,-0.1,0.134,0.7,0.85,0.85
180,4,0.567,0.284,0.333,0.9,0.567,0.85,0.717,0.6
181,4,0.434,0.434,0.766,1.0,1.0,1.0,0.584,0.35
182,,0.284,0.284,0.616,0.85,0.85,0.85,0.434,0.2
183,,0.134,0.134,0.466,0.7,0.7,0.7,0.284,0.05
184,,-0.016,-0.016,0.316,0.55,0.55,0.55,0.134,-0.1
185,8,0.417,0.134,0.183,0.3,0.417,0.7,0.567,0.9
186,8,0.85,0.284,0.05,0.05,0.284,0.85,1.0,1.0
187,,0.7,0.134,-0.1,-0.1,0.134,0.7,0.85,0.85
188,4,0.567,0.284,0.333,0.9,0.567,0.85,0.717,0.6
189,4,0.434,0.434,0.766,1.0,1.0,1.0,0.584,0.35
190,,0.284,0.284,0.616,0.85,0.85,0.85,0.434,0.2
191,,0.134,0.134,0.466,0.7,0.7,0.7,0.284,0.05
192,,-0.016,-0.016,0.316,0.55,0.55,0.55,0.134,-0.1
193,8,0.417,0.134,0.183,0.3,0.417,0.7,0.567,0.9
194,8,0.85,0.284,0.05,0.05,0.284,0.85,1.0,1.0
195,,0.7,0.134,-0.1,-0.1,0.134,0.7,0.85,0.85
196,4,0.567,0.284,0.333,0.9,0.567,0.85,0.717,0.6
197,4,0.434,0.434,0.766,1.0,1.0,1.0,0.584,0.35
198,,0.284,0.284,0.616,0.85,0.85,0.85,0.434,0.2
199,,0.134,0.134,0.466,0.7,0.7,0.7,0.284,0.05
200,,-0.016,-0.016,0.316,0.55,0.55,0.55,0.134,-0.1
201,8,0.417,0.134,0.183,0.3,0.417,0.7,0.567,0.9
202,8,0.85,0.284,0.05,0.05,0.284,0.85,1.0,1.0
203,,0.7,0.134,-0.1,-0.1,0.134,0.7,0.85,0.85
204,4,0.567,0.284,0.333,0.9,0.567,0.85,0.717,0.6
205,4,0.434,0.434,0.766,1.0,1.0,1.0,0.584,0.35
206,,0.284,0.284,0.616,0.85,0.85,0.85,0.434,0.2
207,,0.134,0.134,0.466,0.7,0.7,0.7,0.284,0.05
208,,-0.016,-0.016,0.316,0.55,0.55,0.55,0.134,-0.1
209,8,0.417,0.134,0.183,0.3,0.417,0.7,0.567,0.9
210,8,0.85,0.284,0.05,0.05,0.284,0.85,1.0,1.0
211,,0.7,0.134,-0.1,-0.1,0.134,0.7,0.85,0.85
212,3,0.85,0.567,0.9,0.333,0.284,0.567,0.6,0.717
213,3,1.0,1.0,1.0,0.766,0.434,0.434,0.35,0.584
214,,0.85,0.85,0.85,0.616,0.284,0.284,0.2,0.434
215,,0.7,0.7,0.7,0.466,0.134,0.134,0.05,0.284
216,,0.55,0.55,0.55,0.316,-0.016,-0.016,-0.1,0.134
217,7,0.7,0.417,0.3,0.183,0.134,0.417,0.9,0.567
218,7,0.85,0.284,0.05,0.05,0.284,0.85,1.0,1.0
219,,0.7,0.134,-0.1,-0.1,0.134,0.7,0.85,0.85
220,3,0.85,0.567,0.9,0.333,0.284,0.567,0.6,0.717
221,3,1.0,1.0,1.0,0.766,0.434,0.434,0.35,0.584
222,,0.85,0.85,0.85,0.616,0.284,0.284,0.2,0.434
223,,0.7,0.7,0.7,0.466,0.134,0.134,0.05,0.284
224,,0.55,0.55,0.55,0.316,-0.016,-0.016,-0.1,0.134
225,7,0.7,0.417,0.3,0.183,0.134,0.417,0.9,0.567
226,7,0.85,0.284,0.05,0.05,0.284,0.85,1.0,1.0
227,,0.7,0.134,-0.1,-0.1,0.134,0.7,0.85,0.85
228,4,0.567,0.284,0.333,0.9,0.567,0.85,0.717,0.6
229,4,0.434,0.434,0.766,1.0,1.0,1.0,0.584,0.35
230,,0.284,0.284,0.616,0.85,0.85,0.85,0.434,0.2
231,,0.134,0.134,0.466,0.7,0.7,0.7,0.284,0.05
232,,-0.016,-0.016,0.316,0.55,0.55,0.55,0.134,-0.1
233,8,0.417,0.134,0.183,0.3,0.417,0.7,0.567,0.9
234,8,0.85,0.284,0.05,0.05,0.284,0.85,1.0,1.0
235,,0.7,0.134,-0.1,-0.1,0.134,0.7,0.85,0.85
236,4,0.567,0.284,0.333,0.9,0.567,0.85,0.717,0.6
237,4,0.434,0.434,0.766,1.0,1.0,1.0,0.584,0.35
238,,0.284,0.284,0.616,0.85,0.85,0.85,0.434,0.2
239,,0.134,0.134,0.466,0.7,0.7,0.7,0.284,0.05
240,,-0.016,-0.016,0.316,0.55,0.55,0.55,0.134,-0.1
241,8,0.417,0.134,0.183,0.3,0.417,0.7,0.567,0.9
242,8,0.85,0.284,0.05,0.05,0.284,0.85,1.0,1.0
243,,0.7,0.134,-0.1,-0.1,0.134,0.7,0.85,0.85
244,3,0.85,0.567,0.9,0.333,0.284,0.567,0.6,0.717
245,3,1.0,1.0,1.0,0.766,0.434,0.434,0.35,0.584
246,,0.85,0.85,0.85,0.616,0.284,0.284,0.2,0.434
247,,0.7,0.7,0.7,0.466,0.134,0.134,0.05,0.284
248,,0.55,0.55,0.55,0.316,-0.016,-0.016,-0.1,0.134
249,7,0.7,0.417,0.3,0.183,0.134,0.417,0.9,0.567
250,7,0.85,0.284,0.05,0.05,0.284,0.85,1.0,1.0
251,,0.7,0.134,-0.1,-0.1,0.134,0.7,0.85,0.85
252,4,0.567,0.284,0.333,0.9,0.567,0.85,0.717,0.6
253,4,0.434,0.434,0.766,1.0,1.0,1.0,0.584,0.35
254,,0.284,0.284,0.616,0.85,0.85,0.85,0.434,0.2
255,,0.134,0.134,0.466,0.7,0.7,0.7,0.284,0.05
256,,-0.016,-0.016,0.316,0.55,0.55,0.55,0.134,-0.1
257,8,0.417,0.134,0.183,0.3,0.417,0.7,0.567,0.9
258,8,0.85,0.284,0.05,0.05,0.284,0.85,1.0,1.0
259,,0.7,0.134,-0.1,-0.1,0.134,0.7,0.85,0.85
260,3,0.85,0.567,0.9,0.333,0.284,0.567,0.6,0.717
261,3,1.0,1.0,1.0,0.766,0.434,0.434,0.35,0.584
262,,0.85,0.85,0.85,0.616,0.284,0.284,0.2,0.434
263,,0.7,0.7,0.7,0.466,0.134,0.134,0.05,0.284
264,,0.55,0.55,0.55,0.316,-0.016,-0.016,-0.1,0.134
265,7,0.7,0.417,0.3,0.183,0.134,0.417,0.9,0.567
266,7,0.85,0.284,0.05,0.05,0.284,0.85,1.0,1.0
267,,0.7,0.134,-0.1,-0.1,0.134,0.7,0.85,0.85
268,3,0.85,0.567,0.9,0.333,0.284,0.567,0.6,0.717
269,3,1.0,1.0,1.0,0.766,0.434,0.434,0.35,0.584
270,,0.85,0.85,0.85,0.616,0.284,0.284,0.2,0.434
271,,0.7,0.7,0.7,0.466,0.134,0.134,0.05,0.284
272,,0.55,0.55,0.55,0.316,-0.016,-0.016,-0.1,0.134
273,7,0.7,0.417,0.3,0.183,0.134,0.417,0.9,0.567
274,7,0.85,0.284,0.05,0.05,0.284,0.85,1.0,1.0
275,,0.7,0.134,-0.1,-0.1,0.134,0.7,0.85,0.85
276,3,0.85,0.567,0.9,0.333,0.284,0.567,0.6,0.717
277,3,1.0,1.0,1.0,0.766,0.434,0.434,0.35,0.584
278,,0.85,0.85,0.85,0.616,0.284,0.284,0.2,0.434
279,,0.7,0.7,0.7,0.466,0.134,0.134,0.05,0.284
280,,0.55,0.55,0.55,0.316,-0.016,-0.016,-0.1,0.134
281,7,0.7,0.417,0.3,0.183,0.134,0.417,0.9,0.567
282,7,0.85,0.284,0.05,0.05,0.284,0.85,1.0,1.0
283,,0.7,0.134,-0.1,-0.1,0.134,0.7,0.85,0.85
284,3,0.85,0.567,0.9,0.333,0.284,0.567,0.6,0.717
285,3,1.0,1.0,1.0,0.766,0.434,0.434,0.35,0.584
286,,0.85,0.85,0.85,0.616,0.284,0.284,0.2,0.434
287,,0.7,0.7,0.7,0.466,0.134,0.134,0.05,0.284
288,,0.55,0.55,0.55,0.316,-0.016,-0.016,-0.1,0.134
289,7,0.7,0.417,0.3,0.183,0.134,0.417,0.9,0.567
290,7,0.85,0.284,0.05,0.05,0.284,0.85,1.0,1.0
291,,0.7,0.134,-0.1,-0.1,0.134,0.7,0.85,0.85
292,3,0.85,0.567,0.9,0.333,0.284,0.567,0.6,0.717
293,3,1.0,1.0,1.0,0.766,0.434,0.434,0.35,0.584
294,,0.85,0.85,0.85,0.616,0.284,0.284,0.2,0.434
295,,0.7,0.7,0.7,0.466,0.134,0.134,0.05,0.284
296,,0.55,0.55,0.55,0.316,-0.016,-0.016,-0.1,0.134
297,7,0.7,0.417,0.3,0.183,0.134,0.417,0.9,0.567
298,7,0.85,0.284,0.05,0.05,0.284,0.85,1.0,1.0
299,,0.7,0.134,-0.1,-0.1,0.134,0.7,0.85,0.85
300,4,0.567,0.284,0.333,0.9,0.567,0.85,0.717,0.6
301,4,0.434,0.434,0.766,1.0,1.0,1.0,0.584,0.35
302,,0.284,0.284,0.616,0.85,0.85,0.85,0.434,0.2
303,,0.134,0.134,0.466,0.7,0.7,0.7,0.284,0.05
304,,-0.016,-0.016,0.316,0.55,0.55,0.55,0.134,-0.1
305,8,0.417,0.134,0.183,0.3,0.417,0.7,0.567,0.9
306,8,0.85,0.284,0.05,0.05,0.284,0.85,1.0,1.0
307,,0.7,0.134,-0.1,-0.1,0.134,0.7,0.85,0.85
308,3,0.85,0.567,0.9,0.333,0.284,0.567,0.6,0.717
309,3,1.0,1.0,1.0,0.766,0.434,0.434,0.35,0.584
310,,0.85,0.85,0.85,0.616,0.284,0.284,0.2,0.434
311,,0.7,0.7,0.7,0.466,0.134,0.134,0.05,0.284
312,,0.55,0.55,0.55,0.316,-0.016,-0.016,-0.1,0.134
313,7,0.7,0.417,0.3,0.183,0.134,0.417,0.9,0.567
314,7,0.85,0.284,0.05,0.05,0.284,0.85,1.0,1.0
315,,0.7,0.134,-0.1,-0.1,0.134,0.7,0.85,0.85
316,4,0.567,0.284,0.333,0.9,0.567,0.85,0.717,0.6
317,4,0.434,0.434,0.766,1.0,1.0,1.0,0.584,0.35
318,,0.284,0.284,0.616,0.85,0.85,0.85,0.434,0.2
319,,0.134,0.134,0.466,0.7,0.7,0.7,0.284,0.05
320,,-0.016,-0.016,0.316,0.55,0.55,0.55,0.134,-0.1
321,8,0.417,0.134,0.183,0.3,0.417,0.7,0.567,0.9
322,8,0.85,0.284,0.05,0.05,0.284,0.85,1.0,1.0
323,,0.7,0.134,-0.1,-0.1,0.134,0.7,0.85,0.85
324,4,0.567,0.284,0.333,0.9,0.567,0.85,0.717,0.6
325,4,0.434,0.434,0.766,1.0,1.0,1.0,0.584,0.35
326,,0.284,0.284,0.616,0.85,0.85,0.85,0.434,0.2
327,,0.134,0.134,0.466,0.7,0.7,0.7,0.284,0.05
328,,-0.016,-0.016,0.316,0.55,0.55,0.55,0.134,-0.1
329,8,0.417,0.134,0.183,0.3,0.417,0.7,0.567,0.9
330,8,0.85,0.284,0.05,0.05,0.284,0.85,1.0,1.0
331,,0.7,0.134,-0.1,-0.1,0.134,0.7,0.85,0.85
332,3,0.85,0.567,0.9,0.333,0.284,0.567,0.6,0.717
333,3,1.0,1.0,1.0,0.766,0.434,0.434,0.35,0.584
334,,0.85,0.85,0.85,0.616,0.284,0.284,0.2,0.434
335,,0.7,0.7,0.7,0.466,0.134,0.134,0.05,0.284
336,,0.55,0.55,0.55,0.316,-0.016,-0.016,-0.1,0.134
337,7,0.7,0.417,0.3,0.183,0.134,0.417,0.9,0.567
338,7,0.85,0.284,0.05,0.05,0.284,0.85,1.0,1.0
339,,0.7,0.134,-0.1,-0.1,0.134,0.7,0.85,0.85
340,3,0.85,0.567,0.9,0.333,0.284,0.567,0.6,0.717
341,3,1.0,1.0,1.0,0.766,0.434,0.434,0.35,0.584
342,,0.85,0.85,0.85,0.616,0.284,0.284,0.2,0.434
343,,0.7,0.7,0.7,0.466,0.134,0.134,0.05,0.284
344,,0.55,0.55,0.55,0.316,-0.016,-0.016,-0.1,0.134
345,7,0.7,0.417,0.3,0.183,0.134,0.417,0.9,0.567
346,7,0.85,0.284,0.05,0.05,0.284,0.85,1.0,1.0
347,,0.7,0.134,-0.1,-0.1,0.134,0.7,0.85,0.85
348,4,0.567,0.284,0.333,0.9,0.567,0.85,0.717,0.6
349,4,0.434,0.434,0.766,1.0,1.0,1.0,0.584,0.35
350,,0.284,0.284,0.616,0.85,0.85,0.85,0.434,0.2
351,,0.134,0.134,0.466,0.7,0.7,0.7,0.284,0.05
352,,-0.016,-0.016,0.316,0.55,0.55,0.55,0.134,-0.1
353,8,0.417,0.134,0.183,0.3,0.417,0.7,0.567,0.9
354,8,0.85,0.284,0.05,0.05,0.284,0.85,1.0,1.0
355,,0.7,0.134,-0.1,-0.1,0.134,0.7,0.85,0.85
356,3,0.85,0.567,0.9,0.333,0.284,0.567,0.6,0.717
357,3,1.0,1.0,1.0,0.766,0.434,0.434,0.35,0.584
358,,0.85,0.85,0.85,0.616,0.284,0.284,0.2,0.434
359,,0.7,0.7,0.7,0.466,0.134,0.134,0.05,0.284
360,,0.55,0.55,0.55,0.316,-0.016,-0.016,-0.1,0.134
361,7,0.7,0.417,0.3,0.183,0.134,0.417,0.9,0.567
362,7,0.85,0.284,0.05,0.05,0.284,0.85,1.0,1.0
363,,0.7,0.134,-0.1,-0.1,0.134,0.7,0.85,0.85
364,3,0.85,0.567,0.9,0.333,0.284,0.567,0.6,0.717
365,3,1.0,1.0,1.0,0.766,0.434,0.434,0.35,0.584
366,,0.85,0.85,0.85,0.616,0.284,0.284,0.2,0.434
367,,0.7,0.7,0.7,0.466,0.134,0.134,0.05,0.284
368,,0.55,0.55,0.55,0.316,-0.016,-0.016,-0.1,0.134
369,7,0.7,0.417,0.3,0.183,0.134,0.417,0.9,0.567
370,7,0.85,0.284,0.05,0.05,0.284,0.85,1.0,1.0
371,,0.7,0.134,-0.1,-0.1,0.134,0.7,0.85,0.85
372,4,0.567,0.284,0.333,0.9,0.567,0.85,0.717,0.6
373,4,0.434,0.434,0.766,1.0,1.0,1.0,0.584,0.35
374,,0.284,0.284,0.616,0.85,0.85,0.85,0.434,0.2
375,,0.134,0.134,0.466,0.7,0.7,0.7,0.284,0.05
376,,-0.016,-0.016,0.316,0.55,0.55,0.55,0.134,-0.1
377,8,0.417,0.134,0.183,0.3,0.417,0.7,0.567,0.9
378,8,0.85,0.284,0.05,0.05,0.284,0.85,1.0,1.0
379,,0.7,0.134,-0.1,-0.1,0.134,0.7,0.85,0.85
380,4,0.567,0.284,0.333,0.9,0.567,0.85,0.717,0.6
381,4,0.434,0.434,0.766,1.0,1.0,1.0,0.584,0.35
382,,0.284,0.284,0.616,0.85,0.85,0.85,0.434,0.2
383,,0.134,0.134,0.466,0.7,0.7,0.7,0.284,0.05
384,,-0.016,-0.016,0.316,0.55,0.55,0.55,0.134,-0.1
385,8,0.417,0.134,0.183,0.3,0.417,0.7,0.567,0.9
386,8,0.85,0.284,0.05,0.05,0.284,0.85,1.0,1.0
387,,0.7,0.134,-0.1,-0.1,0.134,0.7,0.85,0.85
388,3,0.85,0.567,0.9,0.333,0.284,0.567,0.6,0.717
389,3,1.0,1.0,1.0,0.766,0.434,0.434,0.35,0.584
390,,0.85,0.85,0.85,0.616,0.284,0.284,0.2,0.434
391,,0.7,0.7,0.7,0.466,0.134,0.134,0.05,0.284
392,,0.55,0.55,0.55,0.316,-0.016,-0.016,-0.1,0.134
393,7,0.7,0.417,0.3,0.183,0.134,0.417,0.9,0.567
394,7,0.85,0.284,0.05,0.05,0.284,0.85,1.0,1.0
395,,0.7,0.134,-0.1,-0.1,0.134,0.7,0.85,0.85
396,4,0.567,0.284,0.333,0.9,0.567,0.85,0.717,0.6
397,4,0.434,0.434,0.766,1.0,1.0,1.0,0.584,0.35
398,,0.284,0.284,0.616,0.85,0.85,0.85,0.434,0.2
399,,0.134,0.134,0.466,0.7,0.7,0.7,0.284,0.05
400,,-0.016,-0.016,0.316,0.55,0.55,0.55,0.134,-0.1
401,8,0.417,0.134,0.183,0.3,0.417,0.7,0.567,0.9
402,8,0.85,0.284,0.05,0.05,0.284,0.85,1.0,1.0
403,,0.7,0.134,-0.1,-0.1,0.134,0.7,0.85,0.85
404,3,0.85,0.567,0.9,0.333,0.284,0.567,0.6,0.717
405,3,1.0,1.0,1.0,0.766,0.434,0.434,0.35,0.584
406,,0.85,0.85,0.85,0.616,0.284,0.284,0.2,0.434
407,,0.7,0.7,0.7,0.466,0.134,0.134,0.05,0.284
408,,0.55,0.55,0.55,0.316,-0.016,-0.016,-0.1,0.134
409,7,0.7,0.417,0.3,0.183,0.134,0.417,0.9,0.567
410,7,0.85,0.284,0.05,0.05,0.284,0.85,1.0,1.0
411,,0.7,0.134,-0.1,-0.1,0.134,0.7,0.85,0.85
412,3,0.85,0.567,0.9,0.333,0.284,0.567,0.6,0.717
413,3,1.0,1.0,1.0,0.766,0.434,0.434,0.35,0.584
414,,0.85,0.85,0.85,0.616,0.284,0.284,0.2,0.434
415,,0.7,0.7,0.7,0.466,0.134,0.134,0.05,0.284
416,,0.55,0.55,0.55,0.316,-0.016,-0.016,-0.1,0.134
417,7,0.7,0.417,0.3,0.183,0.134,0.417,0.9,0.567
418,7,0.85,0.284,0.05,0.05,0.284,0.85,1.0,1.0
419,,0.7,0.134,-0.1,-0.1,0.134,0.7,0.85,0.85
420,3,0.85,0.567,0.9,0.333,0.284,0.567,0.6,0.717
421,3,1.0,1.0,1.0,0.766,0.434,0.434,0.35,0.584
422,,0.85,0.85,0.85,0.616,0.284,0.284,0.2,0.434
423,,0.7,0.7,0.7,0.466,0.134,0.134,0.05,0.284
424,,0.55,0.55,0.55,0.316,-0.016,-0.016,-0.1,0.134
425,7,0.7,0.417,0.3,0.183,0.134,0.417,0.9,0.567
426,7,0.85,0.284,0.05,0.05,0.284,0.85,1.0,1.0
427,,0.7,0.134,-0.1,-0.1,0.134,0.7,0.85,0.85
428,4,0.567,0.284,0.333,0.9,0.567,0.85,0.717,0.6
429,4,0.434,0.434,0.766,1.0,1.0,1.0,0.584,0.35
430,,0.284,0.284,0.616,0.85,0.85,0.85,0.434,0.2
431,,0.134,0.134,0.466,0.7,0.7,0.7,0.284,0.05
432,,-0.016,-0.016,0.316,0.55,0.55,0.55,0.134,-0.1
433,8,0.417,0.134,0.183,0.3,0.417,0.7,0.567,0.9
434,8,0.85,0.284,0.05,0.05,0.284,0.85,1.0,1.0
435,,0.7,0.134,-0.1,-0.1,0.134,0.7,0.85,0.85
436,4,0.567,0.284,0.333,0.9,0.567,0.85,0.717,0.6
437,4,0.434,0.434,0.766,1.0,1.0,1.0,0.584,0.35
438,,0.284,0.284,0.616,0.85,0.85,0.85,0.434,0.2
439,,0.134,0.134,0.466,0.7,0.7,0.7,0.284,0.05
440,,-0.016,-0.016,0.316,0.55,0.55,0.55,0.134,-0.1
441,8,0.417,0.134,0.183,0.3,0.417,0.7,0.567,0.9
442,8,0.85,0.284,0.05,0.05,0.284,0.85,1.0,1.0
443,,0.7,0.134,-0.1,-0.1,0.134,0.7,0.85,0.85
444,4,0.567,0.284,0.333,0.9,0.567,0.85,0.717,0.6
445,4,0.434,0.434,0.766,1.0,1.0,1.0,0.584,0.35
446,,0.284,0.284,0.616,0.85,0.85,0.85,0.434,0.2
447,,0.134,0.134,0.466,0.7,0.7,0.7,0.284,0.05
448,,-0.016,-0.016,0.316,0.55,0.55,0.55,0.134,-0.1
449,8,0.417,0.134,0.183,0.3,0.417,0.7,0.567,0.9
450,8,0.85,0.284,0.05,0.05,0.284,0.85,1.0,1.0
451,,0.7,0.134,-0.1,-0.1,0.134,0.7,0.85,0.85
452,4,0.567,0.284,0.333,0.9,0.567,0.85,0.717,0.6
453,4,0.434,0.434,0.766,1.0,1.0,1.0,0.584,0.35
454,,0.284,0.284,0.616,0.85,0.85,0.85,0.434,0.2
455,,0.134,0.134,0.466,0.7,0.7,0.7,0.284,0.05
456,,-0.016,-0.016,0.316,0.55,0.55,0.55,0.134,-0.1
457,8,0.417,0.134,0.183,0.3,0.417,0.7,0.567,0.9
458,8,0.85,0.284,0.05,0.05,0.284,0.85,1.0,1.0
459,,0.7,0.134,-0.1,-0.1,0.134,0.7,0.85,0.85
460,4,0.567,0.284,0.333,0.9,0.567,0.85,0.717,0.6
461,4,0.434,0.434,0.766,1.0,1.0,1.0,0.584,0.35
462,,0.284,0.284,0.616,0.85,0.85,0.85,0.434,0.2
463,,0.134,0.134,0.466,0.7,0.7,0.7,0.284,0.05
464,,-0.016,-0.016,0.316,0.55,0.55,0.55,0.134,-0.1
465,8,0.417,0.134,0.183,0.3,0.417,0.7,0.567,0.9
466,8,0.85,0.284,0.05,0.05,0.284,0.85,1.0,1.0
467,,0.7,0.134,-0.1,-0.1,0.134,0.7,0.85,0.85
468,3,0.85,0.567,0.9,0.333,0.284,0.567,0.6,0.717
469,3,1.0,1.0,1.0,0.766,0.434,0.434,0.35,0.584
470,,0.85,0.85,0.85,0.616,0.284,0.284,0.2,0.434
471,,0.7,0.7,0.7,0.466,0.134,0.134,0.05,0.284
472,,0.55,0.55,0.55,0.316,-0.016,-0.016,-0.1,0.134
473,7,0.7,0.417,0.3,0.183,0.134,0.417,0.9,0.567
474,7,0.85,0.284,0.05,0.05,0.284,0.85,1.0,1.0
475,,0.7,0.134,-0.1,-0.1,0.134,0.7,0.85,0.85
476,3,0.85,0.567,0.9,0.333,0.284,0.567,0.6,0.717
477,3,1.0,1.0,1.0,0.766,0.434,0.434,0.35,0.584
478,,0.85,0.85,0.85,0.616,0.284,0.284,0.2,0.434
479,,0.7,0.7,0.7,0.466,0.134,0.134,0.05,0.284
480,,0.55,0.55,0.55,0.316,-0.016,-0.016,-0.1,0.134
481,7,0.7,0.417,0.3,0.183,0.134,0.417,0.9,0.567
482,7,0.85,0.284,0.05,0.05,0.284,0.85,1.0,1.0
483,,0.7,0.134,-0.1,-0.1,0.134,0.7,0.85,0.85
484,3,0.85,0.567,0.9,0.333,0.284,0.567,0.6,0.717
485,3,1.0,1.0,1.0,0.766,0.434,0.434,0.35,0.584
486,,0.85,0.85,0.85,0.616,0.284,0.284,0.2,0.434
487,,0.7,0.7,0.7,0.466,0.134,0.134,0.05,0.284
488,,0.55,0.55,0.55,0.316,-0.016,-0.016,-0.1,0.134
489,7,0.7,0.417,0.3,0.183,0.134,0.417,0.9,0.567
490,7,0.85,0.284,0.05,0.05,0.284,0.85,1.0,1.0
491,,0.7,0.134,-0.1,-0.1,0.134,0.7,0.85,0.85
492,3,0.85,0.567,0.9,0.333,0.284,0.567,0.6,0.717
493,3,1.0,1.0,1.0,0.766,0.434,0.434,0.35,0.584
494,,0.85,0.85,0.85,0.616,0.284,0.284,0.2,0.434
495,,0.7,0.7,0.7,0.466,0.134,0.134,0.05,0.284
496,,0.55,0.55,0.55,0.316,-0.016,-0.016,-0.1,0.134
497,7,0.7,0.417,0.3,0.183,0.134,0.417,0.9,0.567
498,7,0.85,0.284,0.05,0.05,0.284,0.85,1.0,1.0
499,,0.7,0.134,-0.1,-0.1,0.134,0.7,0.85,0.85
500,4,0.567,0.284,0.333,0.9,0.567,0.85,0.717,0.6
501,4,0.434,0.434,0.766,1.0,1.0,1.0,0.584,0.35
502,,0.284,0.284,0.616,0.85,0.85,0.85,0.434,0.2
503,,0.134,0.134,0.466,0.7,0.7,0.7,0.284,0.05
504,,-0.016,-0.016,0.316,0.55,0.55,0.55,0.134,-0.1
505,8,0.417,0.134,0.183,0.3,0.417,0.7,0.567,0.9
506,8,0.85,0.284,0.05,0.05,0.284,0.85,1.0,1.0
507,,0.7,0.134,-0.1,-0.1,0.134,0.7,0.85,0.85
508,3,0.85,0.567,0.9,0.333,0.284,0.567,0.6,0.717
509,3,1.0,1.0,1.0,0.766,0.434,0.434,0.35,0.584
510,,0.85,0.85,0.85,0.616,0.284,0.284,0.2,0.434
511,,0.7,0.7,0.7,0.466,0.134,0.134,0.05,0.284
512,,0.55,0.55,0.55,0.316,-0.016,-0.016,-0.1,0.134
513,7,0.7,0.417,0.3,0.183,0.134,0.417,0.9,0.567
514,7,0.85,0.284,0.05,0.05,0.284,0.85,1.0,1.0
515,,0.7,0.134,-0.1,-0.1,0.134,0.7,0.85,0.85
516,4,0.567,0.284,0.333,0.9,0.567,0.85,0.717,0.6
517,4,0.434,0.434,0.766,1.0,1.0,1.0,0.584,0.35
518,,0.284,0.284,0.616,0.85,0.85,0.85,0.434,0.2
519,,0.134,0.134,0.466,0.7,0.7,0.7,0.284,0.05
520,,-0.016,-0.016,0.316,0.55,0.55,0.55,0.134,-0.1
521,8,0.417,0.134,0.183,0.3,0.417,0.7,0.567,0.9
522,8,0.85,0.284,0.05,0.05,0.284,0.85,1.0,1.0
523,,0.7,0.134,-0.1,-0.1,0.134,0.7,0.85,0.85
524,3,0.85,0.567,0.9,0.333,0.284,0.567,0.6,0.717
525,3,1.0,1.0,1.0,0.766,0.434,0.434,0.35,0.584
526,,0.85,0.85,0.85,0.616,0.284,0.284,0.2,0.434
527,,0.7,0.7,0.7,0.466,0.134,0.134,0.05,0.284
528,,0.55,0.55,0.55,0.316,-0.016,-0.016,-0.1,0.134
529,7,0.7,0.417,0.3,0.183,0.134,0.417,0.9,0.567
530,7,0.85,0.284,0.05,0.05,0.284,0.85,1.0,1.0
531,,0.7,0.134,-0.1,-0.1,0.134,0.7,0.85,0.85
532,4,0.567,0.284,0.333,0.9,0.567,0.85,0.717,0.6
533,4,0.434,0.434,0.766,1.0,1.0,1.0,0.584,0.35
534,,0.284,0.284,0.616,0.85,0.85,0.85,0.434,0.2
535,,0.134,0.134,0.466,0.7,0.7,0.7,0.284,0.05
536,,-0.016,-0.016,0.316,0.55,0.55,0.55,0.134,-0.1
537,8,0.417,0.134,0.183,0.3,0.417,0.7,0.567,0.9
538,8,0.85,0.284,0.05,0.05,0.284,0.85,1.0,1.0
539,,0.7,0.134,-0.1,-0.1,0.134,0.7,0.85,0.85
540,4,0.567,0.284,0.333,0.9,0.567,0.85,0.717,0.6
541,4,0.434,0.434,0.766,1.0,1.0,1.0,0.584,0.35
542,,0.284,0.284,0.616,0.85,0.85,0.85,0.434,0.2
543,,0.134,0.134,0.466,0.7,0.7,0.7,0.284,0.05
544,,-0.016,-0.016,0.316,0.55,0.55,0.55,0.134,-0.1
545,8,0.417,0.134,0.183,0.3,0.417,0.7,0.567,0.9
546,8,0.85,0.284,0.05,0.05,0.284,0.85,1.0,1.0
547,,0.7,0.134,-0.1,-0.1,0.134,0.7,0.85,0.85
548,3,0.85,0.567,0.9,0.333,0.284,0.567,0.6,0.717
549,3,1.0,1.0,1.0,0.766,0.434,0.434,0.35,0.584
550,,0.85,0.85,0.85,0.616,0.284,0.284,0.2,0.434
551,,0.7,0.7,0.7,0.466,0.134,0.134,0.05,0.284
552,,0.55,0.55,0.55,0.316,-0.016,-0.016,-0.1,0.134
553,7,0.7,0.417,0.3,0.183,0.134,0.417,0.9,0.567
554,7,0.85,0.284,0.05,0.05,0.284,0.85,1.0,1.0
555,,0.7,0.134,-0.1,-0.1,0.134,0.7,0.85,0.85
556,3,0.85,0.567,0.9,0.333,0.284,0.567,0.6,0.717
557,3,1.0,1.0,1.0,0.766,0.434,0.434,0.35,0.584
558,,0.85,0.85,0.85,0.616,0.284,0.284,0.2,0.434
559,,0.7,0.7,0.7,0.466,0.134,0.134,0.05,0.284
560,,0.55,0.55,0.55,0.316,-0.016,-0.016,-0.1,0.134
561,7,0.7,0.417,0.3,0.183,0.134,0.417,0.9,0.567
562,7,0.85,0.284,0.05,0.05,0.284,0.85,1.0,1.0
563,,0.7,0.134,-0.1,-0.1,0.134,0.7,0.85,0.85
564,3,0.85,0.567,0.9,0.333,0.284,0.567,0.6,0.717
565,3,1.0,1.0,1.0,0.766,0.434,0.434,0.35,0.584
566,,0.85,0.85,0.85,0.616,0.284,0.284,0.2,0.434
567,,0.7,0.7,0.7,0.466,0.134,0.134,0.05,0.284
568,,0.55,0.55,0.55,0.316,-0.016,-0.016,-0.1,0.134
569,7,0.7,0.417,0.3,0.183,0.134,0.417,0.9,0.567
570,7,0.85,0.284,0.05,0.05,0.284,0.85,1.0,1.0
571,,0.7,0.134,-0.1,-0.1,0.134,0.7,0.85,0.85
572,3,0.85,0.567,0.9,0.333,0.284,0.567,0.6,0.717
573,3,1.0,1.0,1.0,0.766,0.434,0.434,0.35,0.584
574,,0.85,0.85,0.85,0.616,0.284,0.284,0.2,0.434
575,,0.7,0.7,0.7,0.466,0.134,0.134,0.05,0.284
576,,0.55,0.55,0.55,0.316,-0.016,-0.016,-0.1,0.134
577,7,0.7,0.417,0.3,0.183,0.134,0.417,0.9,0.567
578,7,0.85,0.284,0.05,0.05,0.284,0.85,1.0,1.0
579,,0.7,0.134,-0.1,-0.1,0.134,0.7,0.85,0.85
580,4,0.567,0.284,0.333,0.9,0.567,0.85,0.717,0.6
581,4,0.434,0.434,0.766,1.0,1.0,1.0,0.584,0.35
582,,0.284,0.284,0.616,0.85,0.85,0.85,0.434,0.2
583,,0.134,0.134,0.466,0.7,0.7,0.7,0.284,0.05
584,,-0.016,-0.016,0.316,0.55,0.55,0.55,0.134,-0.1
585,8,0.417,0.134,0.183,0.3,0.417,0.7,0.567,0.9
586,8,0.85,0.284,0.05,0.05,0.284,0.85,1.0,1.0
587,,0.7,0.134,-0.1,-0.1,0.134,0.7,0.85,0.85
588,3,0.85,0.567,0.9,0.333,0.284,0.567,0.6,0.717
589,3,1.0,1.0,1.0,0.766,0.434,0.434,0.35,0.584
590,,0.85,0.85,0.85,0.616,0.284,0.284,0.2,0.434
591,,0.7,0.7,0.7,0.466,0.134,0.134,0.05,0.284
592,,0.55,0.55,0.55,0.316,-0.016,-0.016,-0.1,0.134
593,7,0.7,0.417,0.3,0.183,0.134,0.417,0.9,0.567
594,7,0.85,0.284,0.05,0.05,0.284,0.85,1.0,1.0
595,,0.7,0.134,-0.1,-0.1,0.134,0.7,0.85,0.85
596,3,0.85,0.567,0.9,0.333,0.284,0.567,0.6,0.717
597,3,1.0,1.0,1.0,0.766,0.434,0.434,0.35,0.584
598,,0.85,0.85,0.85,0.616,0.284,0.284,0.2,0.434
599,,0.7,0.7,0.7,0.466,0.134,0.134,0.05,0.284
600,,0.55,0.55,0.55,0.316,-0.016,-0.016,-0.1,0.134
601,7,0.7,0.417,0.3,0.183,0.134,0.417,0.9,0.567
602,7,0.85,0.284,0.05,0.05,0.284,0.85,1.0,1.0
603,,0.7,0.134,-0.1,-0.1,0.134,0.7,0.85,0.85
604,4,0.567,0.284,0.333,0.9,0.567,0.85,0.717,0.6
605,4,0.434,0.434,0.766,1.0,1.0,1.0,0.584,0.35
606,,0.284,0.284,0.616,0.85,0.85,0.85,0.434,0.2
607,,0.134,0.134,0.466,0.7,0.7,0.7,0.284,0.05
608,,-0.016,-0.016,0.316,0.55,0.55,0.55,0.134,-0.1
609,8,0.417,0.134,0.183,0.3,0.417,0.7,0.567,0.9
610,8,0.85,0.284,0.05,0.05,0.284,0.85,1.0,1.0
611,,0.7,0.134,-0.1,-0.1,0.134,0.7,0.85,0.85
612,3,0.85,0.567,0.9,0.333,0.284,0.567,0.6,0.717
613,3,1.0,1.0,1.0,0.766,0.434,0.434,0.35,0.584
614,,0.85,0.85,0.85,0.616,0.284,0.284,0.2,0.434
615,,0.7,0.7,0.7,0.466,0.134,0.134,0.05,0.284
616,,0.55,0.55,0.55,0.316,-0.016,-0.016,-0.1,0.134
617,7,0.7,0.417,0.3,0.183,0.134,0.417,0.9,0.567
618,7,0.85,0.284,0.05,0.05,0.284,0.85,1.0,1.0
619,,0.7,0.134,-0.1,-0.1,0.134,0.7,0.85,0.85
620,3,0.85,0.567,0.9,0.333,0.284,0.567,0.6,0.717
621,3,1.0,1.0,1.0,0.766,0.434,0.434,0.35,0.584
622,,0.85,0.85,0.85,0.616,0.284,0.284,0.2,0.434
623,,0.7,0.7,0.7,0.466,0.134,0.134,0.05,0.284
624,,0.55,0.55,0.55,0.316,-0.016,-0.016,-0.1,0.134
625,7,0.7,0.417,0.3,0.183,0.134,0.417,0.9,0.567
626,7,0.85,0.284,0.05,0.05,0.284,0.85,1.0,1.0
627,,0.7,0.134,-0.1,-0.1,0.134,0.7,0.85,0.85
628,3,0.85,0.567,0.9,0.333,0.284,0.567,0.6,0.717
629,3,1.0,1.0,1.0,0.766,0.434,0.434,0.35,0.584
630,,0.85,0.85,0.85,0.616,0.284,0.284,0.2,0.434
631,,0.7,0.7,0.7,0.466,0.134,0.134,0.05,0.284
632,,0.55,0.55,0.55,0.316,-0.016,-0.016,-0.1,0.134
633,7,0.7,0.417,0.3,0.183,0.134,0.417,0.9,0.567
634,7,0.85,0.284,0.05,0.05,0.284,0.85,1.0,1.0
635,,0.7,0.134,-0.1,-0.1,0.134,0.7,0.85,0.85
636,3,0.85,0.567,0.9,0.333,0.284,0.567,0.6,0.717
637,3,1.0,1.0,1.0,0.766,0.434,0.434,0.35,0.584
638,,0.85,0.85,0.85,0.616,0.284,0.284,0.2,0.434
639,,0.7,0.7,0.7,0.466,0.134,0.134,0.05,0.284
640,,0.55,0.55,0.55,0.316,-0.016,-0.016,-0.1,0.134
641,7,0.7,0.417,0.3,0.183,0.134,0.417,0.9,0.567
642,7,0.85,0.284,0.05,0.05,0.284,0.85,1.0,1.0
643,,0.7,0.134,-0.1,-0.1,0.134,0.7,0.85,0.85
644,3,0.85,0.567,0.9,0.333,0.284,0.567,0.6,0.717
645,3,1.0,1.0,1.0,0.766,0.434,0.434,0.35,0.584
646,,0.85,0.85,0.85,0.616,0.284,0.284,0.2,0.434
647,,0.7,0.7,0.7,0.466,0.134,0.134,0.05,0.284
648,,0.55,0.55,0.55,0.316,-0.016,-0.016,-0.1,0.134
649,7,0.7,0.417,0.3,0.183,0.134,0.417,0.9,0.567
650,7,0.85,0.284,0.05,0.05,0.284,0.85,1.0,1.0
651,,0.7,0.134,-0.1,-0.1,0.134,0.7,0.85,0.85
652,4,0.567,0.284,0.333,0.9,0.567,0.85,0.717,0.6
653,4,0.434,0.434,0.766,1.0,1.0,1.0,0.584,0.35
654,,0.284,0.284,0.616,0.85,0.85,0.85,0.434,0.2
655,,0.134,0.134,0.466,0.7,0.7,0.7,0.284,0.05
656,,-0.016,-0.016,0.316,0.55,0.55,0.55,0.134,-0.1
657,8,0.417,0.134,0.183,0.3,0.417,0.7,0.567,0.9
658,8,0.85,0.284,0.05,0.05,0.284,0.85,1.0,1.0
659,,0.7,0.134,-0.1,-0.1,0.134,0.7,0.85,0.85
660,3,0.85,0.567,0.9,0.333,0.284,0.567,0.6,0.717
661,3,1.0,1.0,1.0,0.766,0.434,0.434,0.35,0.584
662,,0.85,0.85,0.85,0.616,0.284,0.284,0.2,0.434
663,,0.7,0.7,0.7,0.466,0.134,0.134,0.05,0.284
664,,0.55,0.55,0.55,0.316,-0.016,-0.016,-0.1,0.134
665,7,0.7,0.417,0.3,0.183,0.134,0.417,0.9,0.567
666,7,0.85,0.284,0.05,0.05,0.284,0.85,1.0,1.0
667,,0.7,0.134,-0.1,-0.1,0.134,0.7,0.85,0.85
668,3,0.85,0.567,0.9,0.333,0.284,0.567,0.6,0.717
669,3,1.0,1.0,1.0,0.766,0.434,0.434,0.35,0.584
670,,0.85,0.85,0.85,0.616,0.284,0.284,0.2,0.434
671,,0.7,0.7,0.7,0.466,0.134,0.134,0.05,0.284
672,,0.55,0.55,0.55,0.316,-0.016,-0.016,-0.1,0.134
673,7,0.7,0.417,0.3,0.183,0.134,0.417,0.9,0.567
674,7,0.85,0.284,0.05,0.05,0.284,0.85,1.0,1.0
675,,0.7,0.134,-0.1,-0.1,0.134,0.7,0.85,0.85
676,3,0.85,0.567,0.9,0.333,0.284,0.567,0.6,0.717
677,3,1.0,1.0,1.0,0.766,0.434,0.434,0.35,0.584
678,,0.85,0.85,0.85,0.616,0.284,0.284,0.2,0.434
679,,0.7,0.7,0.7,0.466,0.134,0.134,0.05,0.284
680,,0.55,0.55,0.55,0.316,-0.016,-0.016,-0.1,0.134
681,7,0.7,0.417,0.3,0.183,0.134,0.417,0.9,0.567
682,7,0.85,0.284,0.05,0.05,0.284,0.85,1.0,1.0
683,,0.7,0.134,-0.1,-0.1,0.134,0.7,0.85,0.85
684,3,0.85,0.567,0.9,0.333,0.284,0.567,0.6,0.717
685,3,1.0,1.0,1.0,0.766,0.434,0.434,0.35,0.584
686,,0.85,0.85,0.85,0.616,0.284,0.284,0.2,0.434
687,,0.7,0.7,0.7,0.466,0.134,0.134,0.05,0.284
688,,0.55,0.55,0.55,0.316,-0.016,-0.016,-0.1,0.134
689,7,0.7,0.417,0.3,0.183,0.134,0.417,0.9,0.567
690,7,0.85,0.284,0.05,0.05,0.284,0.85,1.0,1.0
691,,0.7,0.134,-0.1,-0.1,0.134,0.7,0.85,0.85
692,3,0.85,0.567,0.9,0.333,0.284,0.567,0.6,0.717
693,3,1.0,1.0,1.0,0.766,0.434,0.434,0.35,0.584
694,,0.85,0.85,0.85,0.616,0.284,0.284,0.2,0.434
695,,0.7,0.7,0.7,0.466,0.134,0.134,0.05,0.284
696,,0.55,0.55,0.55,0.316,-0.016,-0.016,-0.1,0.134
697,7,0.7,0.417,0.3,0.183,0.134,0.417,0.9,0.567
698,7,0.85,0.284,0.05,0.05,0.284,0.85,1.0,1.0
699,,0.7,0.134,-0.1,-0.1,0.134,0.7,0.85,0.85
700,4,0.567,0.284,0.333,0.9,0.567,0.85,0.717,0.6
701,4,0.434,0.434,0.766,1.0,1.0,1.0,0.584,0.35
702,,0.284,0.284,0.616,0.85,0.85,0.85,0.434,0.2
703,,0.134,0.134,0.466,0.7,0.7,0.7,0.284,0.05
704,,-0.016,-0.016,0.316,0.55,0.55,0.55,0.134,-0.1
705,8,0.417,0.134,0.183,0.3,0.417,0.7,0.567,0.9
706,8,0.85,0.284,0.05,0.05,0.284,0.85,1.0,1.0
707,,0.7,0.134,-0.1,-0.1,0.134,0.7,0.85,0.85
708,3,0.85,0.567,0.9,0.333,0.284,0.567,0.6,0.717
709,3,1.0,1.0,1.0,0.766,0.434,0.434,0.35,0.584
710,,0.85,0.85,0.85,0.616,0.284,0.284,0.2,0.434
711,,0.7,0.7,0.7,0.466,0.134,0.134,0.05,0.284
712,,0.55,0.55,0.55,0.316,-0.016,-0.016,-0.1,0.134
713,7,0.7,0.417,0.3,0.183,0.134,0.417,0.9,0.567
714,7,0.85,0.284,0.05,0.05,0.284,0.85,1.0,1.0
715,,0.7,0.134,-0.1,-0.1,0.134,0.7,0.85,0.85
716,4,0.567,0.284,0.333,0.9,0.567,0.85,0.717,0.6
717,4,0.434,0.434,0.766,1.0,1.0,1.0,0.584,0.35
718,,0.284,0.284,0.616,0.85,0.85,0.85,0.434,0.2
719,,0.134,0.134,0.466,0.7,0.7,0.7,0.284,0.05
720,,-0.016,-0.016,0.316,0.55,0.55,0.55,0.134,-0.1
721,8,0.417,0.134,0.183,0.3,0.417,0.7,0.567,0.9
722,8,0.85,0.284,0.05,0.05,0.284,0.85,1.0,1.0
723,,0.7,0.134,-0.1,-0.1,0.134,0.7,0.85,0.85
724,4,0.567,0.284,0.333,0.9,0.567,0.85,0.717,0.6
725,4,0.434,0.434,0.766,1.0,1.0,1.0,0.584,0.35
726,,0.284,0.284,0.616,0.85,0.85,0.85,0.434,0.2
727,,0.134,0.134,0.466,0.7,0.7,0.7,0.284,0.05
728,,-0.016,-0.016,0.316,0.55,0.55,0.55,0.134,-0.1
729,8,0.417,0.134,0.183,0.3,0.417,0.7,0.567,0.9
730,8,0.85,0.284,0.05,0.05,0.284,0.85,1.0,1.0
731,,0.7,0.134,-0.1,-0.1,0.134,0.7,0.85,0.85
732,3,0.85,0.567,0.9,0.333,0.284,0.567,0.6,0.717
733,3,1.0,1.0,1.0,0.766,0.434,0.434,0.35,0.584
734,,0.85,0.85,0.85,0.616,0.284,0.284,0.2,0.434
735,,0.7,0.7,0.7,0.466,0.134,0.134,0.05,0.284
736,,0.55,0.55,0.55,0.316,-0.016,-0.016,-0.1,0.134
737,7,0.7,0.417,0.3,0.183,0.134,0.417,0.9,0.567
738,7,0.85,0.284,0.05,0.05,0.284,0.85,1.0,1.0
739,,0.7,0.134,-0.1,-0.1,0.134,0.7,0.85,0.85
740,3,0.85,0.567,0.9,0.333,0.284,0.567,0.6,0.717
741,3,1.0,1.0,1.0,0.766,0.434,0.434,0.35,0.584
742,,0.85,0.85,0.85,0.616,0.284,0.284,0.2,0.434
743,,0.7,0.7,0.7,0.466,0.134,0.134,0.05,0.284
744,,0.55,0.55,0.55,0.316,-0.016,-0.016,-0.1,0.134
745,7,0.7,0.417,0.3,0.183,0.134,0.417,0.9,0.567
746,7,0.85,0.284,0.05,0.05,0.284,0.85,1.0,1.0
747,,0.7,0.134,-0.1,-0.1,0.134,0.7,0.85,0.85
748,3,0.85,0.567,0.9,0.333,0.284,0.567,0.6,0.717
749,3,1.0,1.0,1.0,0.766,0.434,0.434,0.35,0.584
750,,0.85,0.85,0.85,0.616,0.284,0.284,0.2,0.434
751,,0.7,0.7,0.7,0.466,0.134,0.134,0.05,0.284
752,,0.55,0.55,0.55,0.316,-0.016,-0.016,-0.1,0.134
753,7,0.7,0.417,0.3,0.183,0.134,0.417,0.9,0.567
754,7,0.85,0.284,0.05,0.05,0.284,0.85,1.0,1.0
755,,0.7,0.134,-0.1,-0.1,0.134,0.7,0.85,0.85
756,3,0.85,0.567,0.9,0.333,0.284,0.567,0.6,0.717
757,3,1.0,1.0,1.0,0.766,0.434,0.434,0.35,0.584
758,,0.85,0.85,0.85,0.616,0.284,0.284,0.2,0.434
759,,0.7,0.7,0.7,0.466,0.134,0.134,0.05,0.284
760,,0.55,0.55,0.55,0.316,-0.016,-0.016,-0.1,0.134
761,7,0.7,0.417,0.3,0.183,0.134,0.417,0.9,0.567
762,7,0.85,0.284,0.05,0.05,0.284,0.85,1.0,1.0
763,,0.7,0.134,-0.1,-0.1,0.134,0.7,0.85,0.85
764,4,0.567,0.284,0.333,0.9,0.567,0.85,0.717,0.6
765,4,0.434,0.434,0.766,1.0,1.0,1.0,0.584,0.35
766,,0.284,0.284,0.616,0.85,0.85,0.85,0.434,0.2
767,,0.134,0.134,0.466,0.7,0.7,0.7,0.284,0.05
768,,-0.016,-0.016,0.316,0.55,0.55,0.55,0.134,-0.1
769,8,0.417,0.134,0.183,0.3,0.417,0.7,0.567,0.9
770,8,0.85,0.284,0.05,0.05,0.284,0.85,1.0,1.0
771,,0.7,0.134,-0.1,-0.1,0.134,0.7,0.85,0.85
772,3,0.85,0.567,0.9,0.333,0.284,0.567,0.6,0.717
773,3,1.0,1.0,1.0,0.766,0.434,0.434,0.35,0.584
774,,0.85,0.85,0.85,0.616,0.284,0.284,0.2,0.434
775,,0.7,0.7,0.7,0.466,0.134,0.134,0.05,0.284
776,,0.55,0.55,0.55,0.316,-0.016,-0.016,-0.1,0.134
777,7,0.7,0.417,0.3,0.183,0.134,0.417,0.9,0.567
778,7,0.85,0.284,0.05,0.05,0.284,0.85,1.0,1.0
779,,0.7,0.134,-0.1,-0.1,0.134,0.7,0.85,0.85
780,3,0.85,0.567,0.9,0.333,0.284,0.567,0.6,0.717
781,3,1.0,1.0,1.0,0.766,0.434,0.434,0.35,0.584
782,,0.85,0.85,0.85,0.616,0.284,0.284,0.2,0.434
783,,0.7,0.7,0.7,0.466,0.134,0.134,0.05,0.284
784,,0.55,0.55,0.55,0.316,-0.016,-0.016,-0.1,0.134
785,7,0.7,0.417,0.3,0.183,0.134,0.417,0.9,0.567
786,7,0.85,0.284,0.05,0.05,0.284,0.85,1.0,1.0
787,,0.7,0.134,-0.1,-0.1,0.134,0.7,0.85,0.85
788,3,0.85,0.567,0.9,0.333,0.284,0.567,0.6,0.717
789,3,1.0,1.0,1.0,0.766,0.434,0.434,0.35,0.584
790,,0.85,0.85,0.85,0.616,0.284,0.284,0.2,0.434
791,,0.7,0.7,0.7,0.466,0.134,0.134,0.05,0.284
792,,0.55,0.55,0.55,0.316,-0.016,-0.016,-0.1,0.134
793,7,0.7,0.417,0.3,0.183,0.134,0.417,0.9,0.567
794,7,0.85,0.284,0.05,0.05,0.284,0.85,1.0,1.0
795,,0.7,0.134,-0.1,-0.1,0.134,0.7,0.85,0.85
796,3,0.85,0.567,0.9,0.333,0.284,0.567,0.6,0.717
797,3,1.0,1.0,1.0,0.766,0.434,0.434,0.35,0.584
798,,0.85,0.85,0.85,0.616,0.284,0.284,0.2,0.434
799,,0.7,0.7,0.7,0.466,0.134,0.134,0.05,0.284
800,,0.55,0.55,0.55,0.316,-0.016,-0.016,-0.1,0.134
801,7,0.7,0.417,0.3,0.183,0.134,0.417,0.9,0.567
802,7,0.85,0.284,0.05,0.05,0.284,0.85,1.0,1.0
803,,0.7,0.134,-0.1,-0.1,0.134,0.7,0.85,0.85
804,3,0.85,0.567,0.9,0.333,0.284,0.567,0.6,0.717
805,3,1.0,1.0,1.0,0.766,0.434,0.434,0.35,0.584
806,,0.85,0.85,0.85,0.616,0.284,0.284,0.2,0.434
807,,0.7,0.7,0.7,0.466,0.134,0.134,0.05,0.284
808,,0.55,0.55,0.55,0.316,-0.016,-0.016,-0.1,0.134
809,7,0.7,0.417,0.3,0.183,0.134,0.417,0.9,0.567
810,7,0.85,0.284,0.05,0.05,0.284,0.85,1.0,1.0
811,,0.7,0.134,-0.1,-0.1,0.134,0.7,0.85,0.85
812,3,0.85,0.567,0.9,0.333,0.284,0.567,0.6,0.717
813,3,1.0,1.0,1.0,0.766,0.434,0.434,0.35,0.584
814,,0.85,0.85,0.85,0.616,0.284,0.284,0.2,0.434
815,,0.7,0.7,0.7,0.466,0.134,0.134,0.05,0.284
816,,0.55,0.55,0.55,0.316,-0.016,-0.016,-0.1,0.134
817,7,0.7,0.417,0.3,0.183,0.134,0.417,0.9,0.567
818,7,0.85,0.284,0.05,0.05,0.284,0.85,1.0,1.0
819,,0.7,0.134,-0.1,-0.1,0.134,0.7,0.85,0.85
820,4,0.567,0.284,0.333,0.9,0.567,0.85,0.717,0.6
821,4,0.434,0.434,0.766,1.0,1.0,1.0,0.584,0.35
822,,0.284,0.284,0.616,0.85,0.85,0.85,0.434,0.2
823,,0.134,0.134,0.466,0.7,0.7,0.7,0.284,0.05
824,,-0.016,-0.016,0.316,0.55,0.55,0.55,0.134,-0.1
825,8,0.417,0.134,0.183,0.3,0.417,0.7,0.567,0.9
826,8,0.85,0.284,0.05,0.05,0.284,0.85,1.0,1.0
827,,0.7,0.134,-0.1,-0.1,0.134,0.7,0.85,0.85
828,4,0.567,0.284,0.333,0.9,0.567,0.85,0.717,0.6
829,4,0.434,0.434,0.766,1.0,1.0,1.0,0.584,0.35
830,,0.284,0.284,0.616,0.85,0.85,0.85,0.434,0.2
831,,0.134,0.134,0.466,0.7,0.7,0.7,0.284,0.05
832,,-0.016,-0.016,0.316,0.55,0.55,0.55,0.134,-0.1
833,8,0.417,0.134,0.183,0.3,0.417,0.7,0.567,0.9
834,8,0.85,0.284,0.05,0.05,0.284,0.85,1.0,1.0
