step,active_motive,motive_1,motive_2,motive_3,motive_4,motive_5,motive_6,motive_7,motive_8
0,,0.02317,0.09427,0.06496,0.06077,0.05127,0.02307,0.01765,0.02205
1,,-0.12683,-0.05573,-0.08504,-0.08923,-0.09873,-0.12693,-0.13235,-0.12795
2,7,0.02317,-0.18873,-0.33504,-0.22223,0.05127,0.30607,0.86765,0.30505
3,7,0.17317,-0.32173,-0.58504,-0.35523,0.20127,0.73907,1.0,0.73805
4,3,0.32317,0.11127,0.41496,0.07777,0.35127,0.60607,0.75,0.60505
5,3,0.47317,0.54427,1.0,0.51077,0.50127,0.47307,0.5,0.47205
6,,0.32317,0.39427,0.85,0.36077,0.35127,0.32307,0.35,0.32205
7,,0.17317,0.24427,0.7,0.21077,0.20127,0.17307,0.2,0.17205
8,,0.02317,0.09427,0.55,0.06077,0.05127,0.02307,0.05,0.02205
9,,-0.12683,-0.05573,0.4,-0.08923,-0.09873,-0.12693,-0.1,-0.12795
10,8,0.30617,0.09427,0.267,-0.33923,-0.23173,0.02307,0.333,0.87205
11,8,0.73917,0.24427,0.134,-0.58923,-0.36473,0.17307,0.766,1.0
12,4,0.60617,0.39427,0.567,0.41077,0.06827,0.32307,0.633,0.75
13,4,0.47317,0.54427,1.0,1.0,0.50127,0.47307,0.5,0.5
14,,0.32317,0.39427,0.85,0.85,0.35127,0.32307,0.35,0.35
15,,0.17317,0.24427,0.7,0.7,0.20127,0.17307,0.2,0.2
16,,0.02317,0.09427,0.55,0.55,0.05127,0.02307,0.05,0.05
17,,-0.12683,-0.05573,0.4,0.4,-0.09873,-0.12693,-0.1,-0.1
18,6,-0.25983,-0.30573,0.267,0.55,0.33427,0.87307,0.333,0.05
19,6,-0.39283,-0.55573,0.134,0.7,0.76727,1.0,0.766,0.2
20,2,0.04017,0.44427,0.567,0.85,0.63427,0.75,0.633,0.35
21,2,0.47317,1.0,1.0,1.0,0.50127,0.5,0.5,0.5
22,,0.32317,0.85,0.85,0.85,0.35127,0.35,0.35,0.35
23,,0.17317,0.7,0.7,0.7,0.20127,0.2,0.2,0.2
24,,0.02317,0.55,0.55,0.55,0.05127,0.05,0.05,0.05
25,,-0.12683,0.4,0.4,0.4,-0.09873,-0.1,-0.1,-0.1
26,1,0.87317,0.833,0.55,0.267,-0.34873,-0.233,0.05,0.333
27,1,1.0,1.0,0.7,0.134,-0.59873,-0.366,0.2,0.766
28,5,0.75,0.867,0.85,0.567,0.40127,0.067,0.35,0.633
29,5,0.5,0.734,1.0,1.0,1.0,0.5,0.5,0.5
30,,0.35,0.584,0.85,0.85,0.85,0.35,0.35,0.35
31,,0.2,0.434,0.7,0.7,0.7,0.2,0.2,0.2
32,,0.05,0.284,0.55,0.55,0.55,0.05,0.05,0.05
33,,-0.1,0.134,0.4,0.4,0.4,-0.1,-0.1,-0.1
34,1,0.9,0.567,0.55,0.267,0.15,-0.233,0.05,0.333
35,1,1.0,1.0,0.7,0.134,-0.1,-0.366,0.2,0.766
36,6,0.867,0.75,0.567,0.284,0.333,0.634,0.633,0.916
37,6,0.734,0.5,0.434,0.434,0.766,1.0,1.0,1.0
38,,0.584,0.35,0.284,0.284,0.616,0.85,0.85,0.85
39,,0.434,0.2,0.134,0.134,0.466,0.7,0.7,0.7
40,,0.284,0.05,-0.016,-0.016,0.316,0.55,0.55,0.55
41,4,0.151,0.2,0.417,0.984,0.749,0.7,0.417,0.3
42,4,0.018,0.35,0.85,1.0,1.0,0.85,0.284,0.05
43,,-0.132,0.2,0.7,0.85,0.85,0.7,0.134,-0.1
44,1,0.868,0.633,0.85,0.717,0.6,0.567,0.284,0.333
45,1,1.0,1.0,1.0,0.584,0.35,0.434,0.434,0.766
46,,0.85,0.85,0.85,0.434,0.2,0.284,0.284,0.616
47,,0.7,0.7,0.7,0.284,0.05,0.134,0.134,0.466
48,,0.55,0.55,0.55,0.134,-0.1,-0.016,-0.016,0.316
49,5,0.3,0.417,0.7,0.567,0.9,0.417,0.134,0.183
50,5,0.05,0.284,0.85,1.0,1.0,0.85,0.284,0.05
51,,-0.1,0.134,0.7,0.85,0.85,0.7,0.134,-0.1
52,1,0.9,0.567,0.85,0.717,0.6,0.567,0.284,0.333
53,1,1.0,1.0,1.0,0.584,0.35,0.434,0.434,0.766
54,,0.85,0.85,0.85,0.434,0.2,0.284,0.284,0.616
55,,0.7,0.7,0.7,0.284,0.05,0.134,0.134,0.466
56,,0.55,0.55,0.55,0.134,-0.1,-0.016,-0.016,0.316
57,5,0.3,0.417,0.7,0.567,0.9,0.417,0.134,0.183
58,5,0.05,0.284,0.85,1.0,1.0,0.85,0.284,0.05
59,,-0.1,0.134,0.7,0.85,0.85,0.7,0.134,-0.1
60,8,0.333,0.284,0.567,0.6,0.717,0.85,0.567,0.9
61,8,0.766,0.434,0.434,0.35,0.584,1.0,1.0,1.0
62,,0.616,0.284,0.284,0.2,0.434,0.85,0.85,0.85
63,,0.466,0.134,0.134,0.05,0.284,0.7,0.7,0.7
64,,0.316,-0.016,-0.016,-0.1,0.134,0.55,0.55,0.55
65,4,0.183,0.134,0.417,0.9,0.567,0.7,0.417,0.3
66,4,0.05,0.284,0.85,1.0,1.0,0.85,0.284,0.05
67,,-0.1,0.134,0.7,0.85,0.85,0.7,0.134,-0.1
68,8,0.333,0.284,0.567,0.6,0.717,0.85,0.567,0.9
69,8,0.766,0.434,0.434,0.35,0.584,1.0,1.0,1.0
70,,0.616,0.284,0.284,0.2,0.434,0.85,0.85,0.85
71,,0.466,0.134,0.134,0.05,0.284,0.7,0.7,0.7
72,,0.316,-0.016,-0.016,-0.1,0.134,0.55,0.55,0.55
73,4,0.183,0.134,0.417,0.9,0.567,0.7,0.417,0.3
74,4,0.05,0.284,0.85,1.0,1.0,0.85,0.284,0.05
75,,-0.1,0.134,0.7,0.85,0.85,0.7,0.134,-0.1
76,1,0.9,0.567,0.85,0.717,0.6,0.567,0.284,0.333
77,1,1.0,1.0,1.0,0.584,0.35,0.434,0.434,0.766
78,,0.85,0.85,0.85,0.434,0.2,0.284,0.284,0.616
79,,0.7,0.7,0.7,0.284,0.05,0.134,0.134,0.466
80,,0.55,0.55,0.55,0.134,-0.1,-0.016,-0.016,0.316
81,5,0.3,0.417,0.7,0.567,0.9,0.417,0.134,0.183
82,5,0.05,0.284,0.85,1.0,1.0,0.85,0.284,0.05
83,,-0.1,0.134,0.7,0.85,0.85,0.7,0.134,-0.1
84,1,0.9,0.567,0.85,0.717,0.6,0.567,0.284,0.333
85,1,1.0,1.0,1.0,0.584,0.35,0.434,0.434,0.766
86,,0.85,0.85,0.85,0.434,0.2,0.284,0.284,0.616
87,,0.7,0.7,0.7,0.284,0.05,0.134,0.134,0.466
88,,0.55,0.55,0.55,0.134,-0.1,-0.016,-0.016,0.316
89,5,0.3,0.417,0.7,0.567,0.9,0.417,0.134,0.183
90,5,0.05,0.284,0.85,1.0,1.0,0.85,0.284,0.05
91,,-0.1,0.134,0.7,0.85,0.85,0.7,0.134,-0.1
92,8,0.333,0.284,0.567,0.6,0.717,0.85,0.567,0.9
93,8,0.766,0.434,0.434,0.35,0.584,1.0,1.0,1.0
94,,0.616,0.284,0.284,0.2,0.434,0.85,0.85,0.85
95,,0.466,0.134,0.134,0.05,0.284,0.7,0.7,0.7
96,,0.316,-0.016,-0.016,-0.1,0.134,0.55,0.55,0.55
97,4,0.183,0.134,0.417,0.9,0.567,0.7,0.417,0.3
98,4,0.05,0.284,0.85,1.0,1.0,0.85,0.284,0.05
99,,-0.1,0.134,0.7,0.85,0.85,0.7,0.134,-0.1
100,1,0.9,0.567,0.85,0.717,0.6,0.567,0.284,0.333
101,1,1.0,1.0,1.0,0.584,0.35,0.434,0.434,0.766
102,,0.85,0.85,0.85,0.434,0.2,0.284,0.284,0.616
103,,0.7,0.7,0.7,0.284,0.05,0.134,0.134,0.466
104,,0.55,0.55,0.55,0.134,-0.1,-0.016,-0.016,0.316
105,5,0.3,0.417,0.7,0.567,0.9,0.417,0.134,0.183
106,5,0.05,0.284,0.85,1.0,1.0,0.85,0.284,0.05
107,,-0.1,0.134,0.7,0.85,0.85,0.7,0.134,-0.1
108,1,0.9,0.567,0.85,0.717,0.6,0.567,0.284,0.333
109,1,1.0,1.0,1.0,0.584,0.35,0.434,0.434,0.766
110,,0.85,0.85,0.85,0.434,0.2,0.284,0.284,0.616
111,,0.7,0.7,0.7,0.284,0.05,0.134,0.134,0.466
112,,0.55,0.55,0.55,0.134,-0.1,-0.016,-0.016,0.316
113,5,0.3,0.417,0.7,0.567,0.9,0.417,0.134,0.183
114,5,0.05,0.284,0.85,1.0,1.0,0.85,0.284,0.05
115,,-0.1,0.134,0.7,0.85,0.85,0.7,0.134,-0.1
116,1,0.9,0.567,0.85,0.717,0.6,0.567,0.284,0.333
117,1,1.0,1.0,1.0,0.584,0.35,0.434,0.434,0.766
118,,0.85,0.85,0.85,0.434,0.2,0.284,0.284,0.616
119,,0.7,0.7,0.7,0.284,0.05,0.134,0.134,0.466
120,,0.55,0.55,0.55,0.134,-0.1,-0.016,-0.016,0.316
121,5,0.3,0.417,0.7,0.567,0.9,0.417,0.134,0.183
122,5,0.05,0.284,0.85,1.0,1.0,0.85,0.284,0.05
123,,-0.1,0.134,0.7,0.85,0.85,0.7,0.134,-0.1
124,1,0.9,0.567,0.85,0.717,0.6,0.567,0.284,0.333
125,1,1.0,1.0,1.0,0.584,0.35,0.434,0.434,0.766
126,,0.85,0.85,0.85,0.434,0.2,0.284,0.284,0.616
127,,0.7,0.7,0.7,0.284,0.05,0.134,0.134,0.466
128,,0.55,0.55,0.55,0.134,-0.1,-0.016,-0.016,0.316
129,5,0.3,0.417,0.7,0.567,0.9,0.417,0.134,0.183
130,5,0.05,0.284,0.85,1.0,1.0,0.85,0.284,0.05
131,,-0.1,0.134,0.7,0.85,0.85,0.7,0.134,-0.1
132,1,0.9,0.567,0.85,0.717,0.6,0.567,0.284,0.333
133,1,1.0,1.0,1.0,0.584,0.35,0.434,0.434,0.766
134,,0.85,0.85,0.85,0.434,0.2,0.284,0.284,0.616
135,,0.7,0.7,0.7,0.284,0.05,0.134,0.134,0.466
136,,0.55,0.55,0.55,0.134,-0.1,-0.016,-0.016,0.316
137,5,0.3,0.417,0.7,0.567,0.9,0.417,0.134,0.183
138,5,0.05,0.284,0.85,1.0,1.0,0.85,0.284,0.05
139,,-0.1,0.134,0.7,0.85,0.85,0.7,0.134,-0.1
140,8,0.333,0.284,0.567,0.6,0.717,0.85,0.567,0.9
141,8,0.766,0.434,0.434,0.35,0.584,1.0,1.0,1.0
142,,0.616,0.284,0.284,0.2,0.434,0.85,0.85,0.85
143,,0.466,0.134,0.134,0.05,0.284,0.7,0.7,0.7
144,,0.316,-0.016,-0.016,-0.1,0.134,0.55,0.55,0.55
145,4,0.183,0.134,0.417,0.9,0.567,0.7,0.417,0.3
146,4,0.05,0.284,0.85,1.0,1.0,0.85,0.284,0.05
147,,-0.1,0.134,0.7,0.85,0.85,0.7,0.134,-0.1
148,8,0.333,0.284,0.567,0.6,0.717,0.85,0.567,0.9
149,8,0.766,0.434,0.434,0.35,0.584,1.0,1.0,1.0
150,,0.616,0.284,0.284,0.2,0.434,0.85,0.85,0.85
151,,0.466,0.134,0.134,0.05,0.284,0.7,0.7,0.7
152,,0.316,-0.016,-0.016,-0.1,0.134,0.55,0.55,0.55
153,4,0.183,0.134,0.417,0.9,0.567,0.7,0.417,0.3
154,4,0.05,0.284,0.85,1.0,1.0,0.85,0.284,0.05
155,,-0.1,0.134,0.7,0.85,0.85,0.7,0.134,-0.1
156,1,0.9,0.567,0.85,0.717,0.6,0.567,0.284,0.333
157,1,1.0,1.0,1.0,0.584,0.35,0.434,0.434,0.766
158,,0.85,0.85,0.85,0.434,0.2,0.284,0.284,0.616
159,,0.7,0.7,0.7,0.284,0.05,0.134,0.134,0.466
160,,0.55,0.55,0.55,0.134,-0.1,-0.016,-0.016,0.316
161,5,0.3,0.417,0.7,0.567,0.9,0.417,0.134,0.183
162,5,0.05,0.284,0.85,1.0,1.0,0.85,0.284,0.05
163,,-0.1,0.134,0.7,0.85,0.85,0.7,0.134,-0.1
164,1,0.9,0.567,0.85,0.717,0.6,0.567,0.284,0.333
165,1,1.0,1.0,1.0,0.584,0.35,0.434,0.434,0.766
166,,0.85,0.85,0.85,0.434,0.2,0.284,0.284,0.616
167,,0.7,0.7,0.7,0.284,0.05,0.134,0.134,0.466
168,,0.55,0.55,0.55,0.134,-0.1,-0.016,-0.016,0.316
169,5,0.3,0.417,0.7,0.567,0.9,0.417,0.134,0.183
170,5,0.05,0.284,0.85,1.0,1.0,0.85,0.284,0.05
171,,-0.1,0.134,0.7,0.85,0.85,0.7,0.134,-0.1
172,1,0.9,0.567,0.85,0.717,0.6,0.567,0.284,0.333
173,1,1.0,1.0,1.0,0.584,0.35,0.434,0.434,0.766
174,,0.85,0.85,0.85,0.434,0.2,0.284,0.284,0.616
175,,0.7,0.7,0.7,0.284,0.05,0.134,0.134,0.466
176,,0.55,0.55,0.55,0.134,-0.1,-0.016,-0.016,0.316
177,5,0.3,0.417,0.7,0.567,0.9,0.417,0.134,0.183
178,5,0.05,0.284,0.85,1.0,1.0,0.85,0.284,0.05
179,,-0.1,0.134,0.7,0.85,0.85,0.7,0.134,-0.1
180,8,0.333,0.284,0.567,0.6,0.717,0.85,0.567,0.9
181,8,0.766,0.434,0.434,0.35,0.584,1.0,1.0,1.0
182,,0.616,0.284,0.284,0.2,0.434,0.85,0.85,0.85
183,,0.466,0.134,0.134,0.05,0.284,0.7,0.7,0.7
184,,0.316,-0.016,-0.016,-0.1,0.134,0.55,0.55,0.55
185,4,0.183,0.134,0.417,0.9,0.567,0.7,0.417,0.3
186,4,0.05,0.284,0.85,1.0,1.0,0.85,0.284,0.05
187,,-0.1,0.134,0.7,0.85,0.85,0.7,0.134,-0.1
188,1,0.9,0.567,0.85,0.717,0.6,0.567,0.284,0.333
189,1,1.0,1.0,1.0,0.584,0.35,0.434,0.434,0.766
190,,0.85,0.85,0.85,0.434,0.2,0.284,0.284,0.616
191,,0.7,0.7,0.7,0.284,0.05,0.134,0.134,0.466
192,,0.55,0.55,0.55,0.134,-0.1,-0.016,-0.016,0.316
193,5,0.3,0.417,0.7,0.567,0.9,0.417,0.134,0.183
194,5,0.05,0.284,0.85,1.0,1.0,0.85,0.284,0.05
195,,-0.1,0.134,0.7,0.85,0.85,0.7,0.134,-0.1
196,8,0.333,0.284,0.567,0.6,0.717,0.85,0.567,0.9
197,8,0.766,0.434,0.434,0.35,0.584,1.0,1.0,1.0
198,,0.616,0.284,0.284,0.2,0.434,0.85,0.85,0.85
199,,0.466,0.134,0.134,0.05,0.284,0.7,0.7,0.7
200,,0.316,-0.016,-0.016,-0.1,0.134,0.55,0.55,0.55
201,4,0.183,0.134,0.417,0.9,0.567,0.7,0.417,0.3
202,4,0.05,0.284,0.85,1.0,1.0,0.85,0.284,0.05
203,,-0.1,0.134,0.7,0.85,0.85,0.7,0.134,-0.1
204,8,0.333,0.284,0.567,0.6,0.717,0.85,0.567,0.9
205,8,0.766,0.434,0.434,0.35,0.584,1.0,1.0,1.0
206,,0.616,0.284,0.284,0.2,0.434,0.85,0.85,0.85
207,,0.466,0.134,0.134,0.05,0.284,0.7,0.7,0.7
208,,0.316,-0.016,-0.016,-0.1,0.134,0.55,0.55,0.55
209,4,0.183,0.134,0.417,0.9,0.567,0.7,0.417,0.3
210,4,0.05,0.284,0.85,1.0,1.0,0.85,0.284,0.05
211,,-0.1,0.134,0.7,0.85,0.85,0.7,0.134,-0.1
212,8,0.333,0.284,0.567,0.6,0.717,0.85,0.567,0.9
213,8,0.766,0.434,0.434,0.35,0.584,1.0,1.0,1.0
214,,0.616,0.284,0.284,0.2,0.434,0.85,0.85,0.85
215,,0.466,0.134,0.134,0.05,0.284,0.7,0.7,0.7
216,,0.316,-0.016,-0.016,-0.1,0.134,0.55,0.55,0.55
217,4,0.183,0.134,0.417,0.9,0.567,0.7,0.417,0.3
218,4,0.05,0.284,0.85,1.0,1.0,0.85,0.284,0.05
219,,-0.1,0.134,0.7,0.85,0.85,0.7,0.134,-0.1
220,1,0.9,0.567,0.85,0.717,0.6,0.567,0.284,0.333
221,1,1.0,1.0,1.0,0.584,0.35,0.434,0.434,0.766
222,,0.85,0.85,0.85,0.434,0.2,0.284,0.284,0.616
223,,0.7,0.7,0.7,0.284,0.05,0.134,0.134,0.466
224,,0.55,0.55,0.55,0.134,-0.1,-0.016,-0.016,0.316
225,5,0.3,0.417,0.7,0.567,0.9,0.417,0.134,0.183
226,5,0.05,0.284,0.85,1.0,1.0,0.85,0.284,0.05
227,,-0.1,0.134,0.7,0.85,0.85,0.7,0.134,-0.1
228,8,0.333,0.284,0.567,0.6,0.717,0.85,0.567,0.9
229,8,0.766,0.434,0.434,0.35,0.584,1.0,1.0,1.0
230,,0.616,0.284,0.284,0.2,0.434,0.85,0.85,0.85
231,,0.466,0.134,0.134,0.05,0.284,0.7,0.7,0.7
232,,0.316,-0.016,-0.016,-0.1,0.134,0.55,0.55,0.55
233,4,0.183,0.134,0.417,0.9,0.567,0.7,0.417,0.3
234,4,0.05,0.284,0.85,1.0,1.0,0.85,0.284,0.05
235,,-0.1,0.134,0.7,0.85,0.85,0.7,0.134,-0.1
236,1,0.9,0.567,0.85,0.717,0.6,0.567,0.284,0.333
237,1,1.0,1.0,1.0,0.584,0.35,0.434,0.434,0.766
238,,0.85,0.85,0.85,0.434,0.2,0.284,0.284,0.616
239,,0.7,0.7,0.7,0.284,0.05,0.134,0.134,0.466
240,,0.55,0.55,0.55,0.134,-0.1,-0.016,-0.016,0.316
241,5,0.3,0.417,0.7,0.567,0.9,0.417,0.134,0.183
242,5,0.05,0.284,0.85,1.0,1.0,0.85,0.284,0.05
243,,-0.1,0.134,0.7,0.85,0.85,0.7,0.134,-0.1
244,8,0.333,0.284,0.567,0.6,0.717,0.85,0.567,0.9
245,8,0.766,0.434,0.434,0.35,0.584,1.0,1.0,1.0
246,,0.616,0.284,0.284,0.2,0.434,0.85,0.85,0.85
247,,0.466,0.134,0.134,0.05,0.284,0.7,0.7,0.7
248,,0.316,-0.016,-0.016,-0.1,0.134,0.55,0.55,0.55
249,4,0.183,0.134,0.417,0.9,0.567,0.7,0.417,0.3
250,4,0.05,0.284,0.85,1.0,1.0,0.85,0.284,0.05
251,,-0.1,0.134,0.7,0.85,0.85,0.7,0.134,-0.1
252,1,0.9,0.567,0.85,0.717,0.6,0.567,0.284,0.333
253,1,1.0,1.0,1.0,0.584,0.35,0.434,0.434,0.766
254,,0.85,0.85,0.85,0.434,0.2,0.284,0.284,0.616
255,,0.7,0.7,0.7,0.284,0.05,0.134,0.134,0.466
256,,0.55,0.55,0.55,0.134,-0.1,-0.016,-0.016,0.316
257,5,0.3,0.417,0.7,0.567,0.9,0.417,0.134,0.183
258,5,0.05,0.284,0.85,1.0,1.0,0.85,0.284,0.05
259,,-0.1,0.134,0.7,0.85,0.85,0.7,0.134,-0.1
260,8,0.333,0.284,0.567,0.6,0.717,0.85,0.567,0.9
261,8,0.766,0.434,0.434,0.35,0.584,1.0,1.0,1.0
262,,0.616,0.284,0.284,0.2,0.434,0.85,0.85,0.85
263,,0.466,0.134,0.134,0.05,0.284,0.7,0.7,0.7
264,,0.316,-0.016,-0.016,-0.1,0.134,0.55,0.55,0.55
265,4,0.183,0.134,0.417,0.9,0.567,0.7,0.417,0.3
266,4,0.05,0.284,0.85,1.0,1.0,0.85,0.284,0.05
267,,-0.1,0.134,0.7,0.85,0.85,0.7,0.134,-0.1
268,1,0.9,0.567,0.85,0.717,0.6,0.567,0.284,0.333
269,1,1.0,1.0,1.0,0.584,0.35,0.434,0.434,0.766
270,,0.85,0.85,0.85,0.434,0.2,0.284,0.284,0.616
271,,0.7,0.7,0.7,0.284,0.05,0.134,0.134,0.466
272,,0.55,0.55,0.55,0.134,-0.1,-0.016,-0.016,0.316
273,5,0.3,0.417,0.7,0.567,0.9,0.417,0.134,0.183
274,5,0.05,0.284,0.85,1.0,1.0,0.85,0.284,0.05
275,,-0.1,0.134,0.7,0.85,0.85,0.7,0.134,-0.1
276,8,0.333,0.284,0.567,0.6,0.717,0.85,0.567,0.9
277,8,0.766,0.434,0.434,0.35,0.584,1.0,1.0,1.0
278,,0.616,0.284,0.284,0.2,0.434,0.85,0.85,0.85
279,,0.466,0.134,0.134,0.05,0.284,0.7,0.7,0.7
280,,0.316,-0.016,-0.016,-0.1,0.134,0.55,0.55,0.55
281,4,0.183,0.134,0.417,0.9,0.567,0.7,0.417,0.3
282,4,0.05,0.284,0.85,1.0,1.0,0.85,0.284,0.05
283,,-0.1,0.134,0.7,0.85,0.85,0.7,0.134,-0.1
284,1,0.9,0.567,0.85,0.717,0.6,0.567,0.284,0.333
285,1,1.0,1.0,1.0,0.584,0.35,0.434,0.434,0.766
286,,0.85,0.85,0.85,0.434,0.2,0.284,0.284,0.616
287,,0.7,0.7,0.7,0.284,0.05,0.134,0.134,0.466
288,,0.55,0.55,0.55,0.134,-0.1,-0.016,-0.016,0.316
289,5,0.3,0.417,0.7,0.567,0.9,0.417,0.134,0.183
290,5,0.05,0.284,0.85,1.0,1.0,0.85,0.284,0.05
291,,-0.1,0.134,0.7,0.85,0.85,0.7,0.134,-0.1
292,1,0.9,0.567,0.85,0.717,0.6,0.567,0.284,0.333
293,1,1.0,1.0,1.0,0.584,0.35,0.434,0.434,0.766
294,,0.85,0.85,0.85,0.434,0.2,0.284,0.284,0.616
295,,0.7,0.7,0.7,0.284,0.05,0.134,0.134,0.466
296,,0.55,0.55,0.55,0.134,-0.1,-0.016,-0.016,0.316
297,5,0.3,0.417,0.7,0.567,0.9,0.417,0.134,0.183
298,5,0.05,0.284,0.85,1.0,1.0,0.85,0.284,0.05
299,,-0.1,0.134,0.7,0.85,0.85,0.7,0.134,-0.1
300,1,0.9,0.567,0.85,0.717,0.6,0.567,0.284,0.333
301,1,1.0,1.0,1.0,0.584,0.35,0.434,0.434,0.766
302,,0.85,0.85,0.85,0.434,0.2,0.284,0.284,0.616
303,,0.7,0.7,0.7,0.284,0.05,0.134,0.134,0.466
304,,0.55,0.55,0.55,0.134,-0.1,-0.016,-0.016,0.316
305,5,0.3,0.417,0.7,0.567,0.9,0.417,0.134,0.183
306,5,0.05,0.284,0.85,1.0,1.0,0.85,0.284,0.05
307,,-0.1,0.134,0.7,0.85,0.85,0.7,0.134,-0.1
308,1,0.9,0.567,0.85,0.717,0.6,0.567,0.284,0.333
309,1,1.0,1.0,1.0,0.584,0.35,0.434,0.434,0.766
310,,0.85,0.85,0.85,0.434,0.2,0.284,0.284,0.616
311,,0.7,0.7,0.7,0.284,0.05,0.134,0.134,0.466
312,,0.55,0.55,0.55,0.134,-0.1,-0.016,-0.016,0.316
313,5,0.3,0.417,0.7,0.567,0.9,0.417,0.134,0.183
314,5,0.05,0.284,0.85,1.0,1.0,0.85,0.284,0.05
315,,-0.1,0.134,0.7,0.85,0.85,0.7,0.134,-0.1
316,8,0.333,0.284,0.567,0.6,0.717,0.85,0.567,0.9
317,8,0.766,0.434,0.434,0.35,0.584,1.0,1.0,1.0
318,,0.616,0.284,0.284,0.2,0.434,0.85,0.85,0.85
319,,0.466,0.134,0.134,0.05,0.284,0.7,0.7,0.7
320,,0.316,-0.016,-0.016,-0.1,0.134,0.55,0.55,0.55
321,4,0.183,0.134,0.417,0.9,0.567,0.7,0.417,0.3
322,4,0.05,0.284,0.85,1.0,1.0,0.85,0.284,0.05
323,,-0.1,0.134,0.7,0.85,0.85,0.7,0.134,-0.1
324,8,0.333,0.284,0.567,0.6,0.717,0.85,0.567,0.9
325,8,0.766,0.434,0.434,0.35,0.584,1.0,1.0,1.0
326,,0.616,0.284,0.284,0.2,0.434,0.85,0.85,0.85
327,,0.466,0.134,0.134,0.05,0.284,0.7,0.7,0.7
328,,0.316,-0.016,-0.016,-0.1,0.134,0.55,0.55,0.55
329,4,0.183,0.134,0.417,0.9,0.567,0.7,0.417,0.3
330,4,0.05,0.284,0.85,1.0,1.0,0.85,0.284,0.05
331,,-0.1,0.134,0.7,0.85,0.85,0.7,0.134,-0.1
332,1,0.9,0.567,0.85,0.717,0.6,0.567,0.284,0.333
333,1,1.0,1.0,1.0,0.584,0.35,0.434,0.434,0.766
334,,0.85,0.85,0.85,0.434,0.2,0.284,0.284,0.616
335,,0.7,0.7,0.7,0.284,0.05,0.134,0.134,0.466
336,,0.55,0.55,0.55,0.134,-0.1,-0.016,-0.016,0.316
337,5,0.3,0.417,0.7,0.567,0.9,0.417,0.134,0.183
338,5,0.05,0.284,0.85,1.0,1.0,0.85,0.284,0.05
339,,-0.1,0.134,0.7,0.85,0.85,0.7,0.134,-0.1
340,8,0.333,0.284,0.567,0.6,0.717,0.85,0.567,0.9
341,8,0.766,0.434,0.434,0.35,0.584,1.0,1.0,1.0
342,,0.616,0.284,0.284,0.2,0.434,0.85,0.85,0.85
343,,0.466,0.134,0.134,0.05,0.284,0.7,0.7,0.7
344,,0.316,-0.016,-0.016,-0.1,0.134,0.55,0.55,0.55
345,4,0.183,0.134,0.417,0.9,0.567,0.7,0.417,0.3
346,4,0.05,0.284,0.85,1.0,1.0,0.85,0.284,0.05
347,,-0.1,0.134,0.7,0.85,0.85,0.7,0.134,-0.1
348,1,0.9,0.567,0.85,0.717,0.6,0.567,0.284,0.333
349,1,1.0,1.0,1.0,0.584,0.35,0.434,0.434,0.766
350,,0.85,0.85,0.85,0.434,0.2,0.284,0.284,0.616
351,,0.7,0.7,0.7,0.284,0.05,0.134,0.134,0.466
352,,0.55,0.55,0.55,0.134,-0.1,-0.016,-0.016,0.316
353,5,0.3,0.417,0.7,0.567,0.9,0.417,0.134,0.183
354,5,0.05,0.284,0.85,1.0,1.0,0.85,0.284,0.05
355,,-0.1,0.134,0.7,0.85,0.85,0.7,0.134,-0.1
356,1,0.9,0.567,0.85,0.717,0.6,0.567,0.284,0.333
357,1,1.0,1.0,1.0,0.584,0.35,0.434,0.434,0.766
358,,0.85,0.85,0.85,0.434,0.2,0.284,0.284,0.616
359,,0.7,0.7,0.7,0.284,0.05,0.134,0.134,0.466
360,,0.55,0.55,0.55,0.134,-0.1,-0.016,-0.016,0.316
361,5,0.3,0.417,0.7,0.567,0.9,0.417,0.134,0.183
362,5,0.05,0.284,0.85,1.0,1.0,0.85,0.284,0.05
363,,-0.1,0.134,0.7,0.85,0.85,0.7,0.134,-0.1
364,8,0.333,0.284,0.567,0.6,0.717,0.85,0.567,0.9
365,8,0.766,0.434,0.434,0.35,0.584,1.0,1.0,1.0
366,,0.616,0.284,0.284,0.2,0.434,0.85,0.85,0.85
367,,0.466,0.134,0.134,0.05,0.284,0.7,0.7,0.7
368,,0.316,-0.016,-0.016,-0.1,0.134,0.55,0.55,0.55
369,4,0.183,0.134,0.417,0.9,0.567,0.7,0.417,0.3
370,4,0.05,0.284,0.85,1.0,1.0,0.85,0.284,0.05
371,,-0.1,0.134,0.7,0.85,0.85,0.7,0.134,-0.1
372,1,0.9,0.567,0.85,0.717,0.6,0.567,0.284,0.333
373,1,1.0,1.0,1.0,0.584,0.35,0.434,0.434,0.766
374,,0.85,0.85,0.85,0.434,0.2,0.284,0.284,0.616
375,,0.7,0.7,0.7,0.284,0.05,0.134,0.134,0.466
376,,0.55,0.55,0.55,0.134,-0.1,-0.016,-0.016,0.316
377,5,0.3,0.417,0.7,0.567,0.9,0.417,0.134,0.183
378,5,0.05,0.284,0.85,1.0,1.0,0.85,0.284,0.05
379,,-0.1,0.134,0.7,0.85,0.85,0.7,0.134,-0.1
380,1,0.9,0.567,0.85,0.717,0.6,0.567,0.284,0.333
381,1,1.0,1.0,1.0,0.584,0.35,0.434,0.434,0.766
382,,0.85,0.85,0.85,0.434,0.2,0.284,0.284,0.616
383,,0.7,0.7,0.7,0.284,0.05,0.134,0.134,0.466
384,,0.55,0.55,0.55,0.134,-0.1,-0.016,-0.016,0.316
385,5,0.3,0.417,0.7,0.567,0.9,0.417,0.134,0.183
386,5,0.05,0.284,0.85,1.0,1.0,0.85,0.284,0.05
387,,-0.1,0.134,0.7,0.85,0.85,0.7,0.134,-0.1
388,8,0.333,0.284,0.567,0.6,0.717,0.85,0.567,0.9
389,8,0.766,0.434,0.434,0.35,0.584,1.0,1.0,1.0
390,,0.616,0.284,0.284,0.2,0.434,0.85,0.85,0.85
391,,0.466,0.134,0.134,0.05,0.284,0.7,0.7,0.7
392,,0.316,-0.016,-0.016,-0.1,0.134,0.55,0.55,0.55
393,4,0.183,0.134,0.417,0.9,0.567,0.7,0.417,0.3
394,4,0.05,0.284,0.85,1.0,1.0,0.85,0.284,0.05
395,,-0.1,0.134,0.7,0.85,0.85,0.7,0.134,-0.1
396,1,0.9,0.567,0.85,0.717,0.6,0.567,0.284,0.333
397,1,1.0,1.0,1.0,0.584,0.35,0.434,0.434,0.766
398,,0.85,0.85,0.85,0.434,0.2,0.284,0.284,0.616
399,,0.7,0.7,0.7,0.284,0.05,0.134,0.134,0.466
400,,0.55,0.55,0.55,0.134,-0.1,-0.016,-0.016,0.316
401,5,0.3,0.417,0.7,0.567,0.9,0.417,0.134,0.183
402,5,0.05,0.284,0.85,1.0,1.0,0.85,0.284,0.05
403,,-0.1,0.134,0.7,0.85,0.85,0.7,0.134,-0.1
404,1,0.9,0.567,0.85,0.717,0.6,0.567,0.284,0.333
405,1,1.0,1.0,1.0,0.584,0.35,0.434,0.434,0.766
406,,0.85,0.85,0.85,0.434,0.2,0.284,0.284,0.616
407,,0.7,0.7,0.7,0.284,0.05,0.134,0.134,0.466
408,,0.55,0.55,0.55,0.134,-0.1,-0.016,-0.016,0.316
409,5,0.3,0.417,0.7,0.567,0.9,0.417,0.134,0.183
410,5,0.05,0.284,0.85,1.0,1.0,0.85,0.284,0.05
411,,-0.1,0.134,0.7,0.85,0.85,0.7,0.134,-0.1
412,1,0.9,0.567,0.85,0.717,0.6,0.567,0.284,0.333
413,1,1.0,1.0,1.0,0.584,0.35,0.434,0.434,0.766
414,,0.85,0.85,0.85,0.434,0.2,0.284,0.284,0.616
415,,0.7,0.7,0.7,0.284,0.05,0.134,0.134,0.466
416,,0.55,0.55,0.55,0.134,-0.1,-0.016,-0.016,0.316
417,5,0.3,0.417,0.7,0.567,0.9,0.417,0.134,0.183
418,5,0.05,0.284,0.85,1.0,1.0,0.85,0.284,0.05
419,,-0.1,0.134,0.7,0.85,0.85,0.7,0.134,-0.1
420,1,0.9,0.567,0.85,0.717,0.6,0.567,0.284,0.333
421,1,1.0,1.0,1.0,0.584,0.35,0.434,0.434,0.766
422,,0.85,0.85,0.85,0.434,0.2,0.284,0.284,0.616
423,,0.7,0.7,0.7,0.284,0.05,0.134,0.134,0.466
424,,0.55,0.55,0.55,0.134,-0.1,-0.016,-0.016,0.316
425,5,0.3,0.417,0.7,0.567,0.9,0.417,0.134,0.183
426,5,0.05,0.284,0.85,1.0,1.0,0.85,0.284,0.05
427,,-0.1,0.134,0.7,0.85,0.85,0.7,0.134,-0.1
428,8,0.333,0.284,0.567,0.6,0.717,0.85,0.567,0.9
429,8,0.766,0.434,0.434,0.35,0.584,1.0,1.0,1.0
430,,0.616,0.284,0.284,0.2,0.434,0.85,0.85,0.85
431,,0.466,0.134,0.134,0.05,0.284,0.7,0.7,0.7
432,,0.316,-0.016,-0.016,-0.1,0.134,0.55,0.55,0.55
433,4,0.183,0.134,0.417,0.9,0.567,0.7,0.417,0.3
434,4,0.05,0.284,0.85,1.0,1.0,0.85,0.284,0.05
435,,-0.1,0.134,0.7,0.85,0.85,0.7,0.134,-0.1
436,8,0.333,0.284,0.567,0.6,0.717,0.85,0.567,0.9
437,8,0.766,0.434,0.434,0.35,0.584,1.0,1.0,1.0
438,,0.616,0.284,0.284,0.2,0.434,0.85,0.85,0.85
439,,0.466,0.134,0.134,0.05,0.284,0.7,0.7,0.7
440,,0.316,-0.016,-0.016,-0.1,0.134,0.55,0.55,0.55
441,4,0.183,0.134,0.417,0.9,0.567,0.7,0.417,0.3
442,4,0.05,0.284,0.85,1.0,1.0,0.85,0.284,0.05
443,,-0.1,0.134,0.7,0.85,0.85,0.7,0.134,-0.1
444,8,0.333,0.284,0.567,0.6,0.717,0.85,0.567,0.9
445,8,0.766,0.434,0.434,0.35,0.584,1.0,1.0,1.0
446,,0.616,0.284,0.284,0.2,0.434,0.85,0.85,0.85
447,,0.466,0.134,0.134,0.05,0.284,0.7,0.7,0.7
448,,0.316,-0.016,-0.016,-0.1,0.134,0.55,0.55,0.55
449,4,0.183,0.134,0.417,0.9,0.567,0.7,0.417,0.3
450,4,0.05,0.284,0.85,1.0,1.0,0.85,0.284,0.05
451,,-0.1,0.134,0.7,0.85,0.85,0.7,0.134,-0.1
452,1,0.9,0.567,0.85,0.717,0.6,0.567,0.284,0.333
453,1,1.0,1.0,1.0,0.584,0.35,0.434,0.434,0.766
454,,0.85,0.85,0.85,0.434,0.2,0.284,0.284,0.616
455,,0.7,0.7,0.7,0.284,0.05,0.134,0.134,0.466
456,,0.55,0.55,0.55,0.134,-0.1,-0.016,-0.016,0.316
457,5,0.3,0.417,0.7,0.567,0.9,0.417,0.134,0.183
458,5,0.05,0.284,0.85,1.0,1.0,0.85,0.284,0.05
459,,-0.1,0.134,0.7,0.85,0.85,0.7,0.134,-0.1
460,1,0.9,0.567,0.85,0.717,0.6,0.567,0.284,0.333
461,1,1.0,1.0,1.0,0.584,0.35,0.434,0.434,0.766
462,,0.85,0.85,0.85,0.434,0.2,0.284,0.284,0.616
463,,0.7,0.7,0.7,0.284,0.05,0.134,0.134,0.466
464,,0.55,0.55,0.55,0.134,-0.1,-0.016,-0.016,0.316
465,5,0.3,0.417,0.7,0.567,0.9,0.417,0.134,0.183
466,5,0.05,0.284,0.85,1.0,1.0,0.85,0.284,0.05
467,,-0.1,0.134,0.7,0.85,0.85,0.7,0.134,-0.1
468,8,0.333,0.284,0.567,0.6,0.717,0.85,0.567,0.9
469,8,0.766,0.434,0.434,0.35,0.584,1.0,1.0,1.0
470,,0.616,0.284,0.284,0.2,0.434,0.85,0.85,0.85
471,,0.466,0.134,0.134,0.05,0.284,0.7,0.7,0.7
472,,0.316,-0.016,-0.016,-0.1,0.134,0.55,0.55,0.55
473,4,0.183,0.134,0.417,0.9,0.567,0.7,0.417,0.3
474,4,0.05,0.284,0.85,1.0,1.0,0.85,0.284,0.05
475,,-0.1,0.134,0.7,0.85,0.85,0.7,0.134,-0.1
476,1,0.9,0.567,0.85,0.717,0.6,0.567,0.284,0.333
477,1,1.0,1.0,1.0,0.584,0.35,0.434,0.434,0.766
478,,0.85,0.85,0.85,0.434,0.2,0.284,0.284,0.616
479,,0.7,0.7,0.7,0.284,0.05,0.134,0.134,0.466
480,,0.55,0.55,0.55,0.134,-0.1,-0.016,-0.016,0.316
481,5,0.3,0.417,0.7,0.567,0.9,0.417,0.134,0.183
482,5,0.05,0.284,0.85,1.0,1.0,0.85,0.284,0.05
483,,-0.1,0.134,0.7,0.85,0.85,0.7,0.134,-0.1
484,1,0.9,0.567,0.85,0.717,0.6,0.567,0.284,0.333
485,1,1.0,1.0,1.0,0.584,0.35,0.434,0.434,0.766
486,,0.85,0.85,0.85,0.434,0.2,0.284,0.284,0.616
487,,0.7,0.7,0.7,0.284,0.05,0.134,0.134,0.466
488,,0.55,0.55,0.55,0.134,-0.1,-0.016,-0.016,0.316
489,5,0.3,0.417,0.7,0.567,0.9,0.417,0.134,0.183
490,5,0.05,0.284,0.85,1.0,1.0,0.85,0.284,0.05
491,,-0.1,0.134,0.7,0.85,0.85,0.7,0.134,-0.1
492,1,0.9,0.567,0.85,0.717,0.6,0.567,0.284,0.333
493,1,1.0,1.0,1.0,0.584,0.35,0.434,0.434,0.766
494,,0.85,0.85,0.85,0.434,0.2,0.284,0.284,0.616
495,,0.7,0.7,0.7,0.284,0.05,0.134,0.134,0.466
496,,0.55,0.55,0.55,0.134,-0.1,-0.016,-0.016,0.316
497,5,0.3,0.417,0.7,0.567,0.9,0.417,0.134,0.183
498,5,0.05,0.284,0.85,1.0,1.0,0.85,0.284,0.05
499,,-0.1,0.134,0.7,0.85,0.85,0.7,0.134,-0.1
500,1,0.9,0.567,0.85,0.717,0.6,0.567,0.284,0.333
501,1,1.0,1.0,1.0,0.584,0.35,0.434,0.434,0.766
502,,0.85,0.85,0.85,0.434,0.2,0.284,0.284,0.616
503,,0.7,0.7,0.7,0.284,0.05,0.134,0.134,0.466
504,,0.55,0.55,0.55,0.134,-0.1,-0.016,-0.016,0.316
505,5,0.3,0.417,0.7,0.567,0.9,0.417,0.134,0.183
506,5,0.05,0.284,0.85,1.0,1.0,0.85,0.284,0.05
507,,-0.1,0.134,0.7,0.85,0.85,0.7,0.134,-0.1
508,8,0.333,0.284,0.567,0.6,0.717,0.85,0.567,0.9
509,8,0.766,0.434,0.434,0.35,0.584,1.0,1.0,1.0
510,,0.616,0.284,0.284,0.2,0.434,0.85,0.85,0.85
511,,0.466,0.134,0.134,0.05,0.284,0.7,0.7,0.7
512,,0.316,-0.016,-0.016,-0.1,0.134,0.55,0.55,0.55
513,4,0.183,0.134,0.417,0.9,0.567,0.7,0.417,0.3
514,4,0.05,0.284,0.85,1.0,1.0,0.85,0.284,0.05
515,,-0.1,0.134,0.7,0.85,0.85,0.7,0.134,-0.1
516,8,0.333,0.284,0.567,0.6,0.717,0.85,0.567,0.9
517,8,0.766,0.434,0.434,0.35,0.584,1.0,1.0,1.0
518,,0.616,0.284,0.284,0.2,0.434,0.85,0.85,0.85
519,,0.466,0.134,0.134,0.05,0.284,0.7,0.7,0.7
520,,0.316,-0.016,-0.016,-0.1,0.134,0.55,0.55,0.55
521,4,0.183,0.134,0.417,0.9,0.567,0.7,0.417,0.3
522,4,0.05,0.284,0.85,1.0,1.0,0.85,0.284,0.05
523,,-0.1,0.134,0.7,0.85,0.85,0.7,0.134,-0.1
524,8,0.333,0.284,0.567,0.6,0.717,0.85,0.567,0.9
525,8,0.766,0.434,0.434,0.35,0.584,1.0,1.0,1.0
526,,0.616,0.284,0.284,0.2,0.434,0.85,0.85,0.85
527,,0.466,0.134,0.134,0.05,0.284,0.7,0.7,0.7
528,,0.316,-0.016,-0.016,-0.1,0.134,0.55,0.55,0.55
529,4,0.183,0.134,0.417,0.9,0.567,0.7,0.417,0.3
530,4,0.05,0.284,0.85,1.0,1.0,0.85,0.284,0.05
531,,-0.1,0.134,0.7,0.85,0.85,0.7,0.134,-0.1
532,1,0.9,0.567,0.85,0.717,0.6,0.567,0.284,0.333
533,1,1.0,1.0,1.0,0.584,0.35,0.434,0.434,0.766
534,,0.85,0.85,0.85,0.434,0.2,0.284,0.284,0.616
535,,0.7,0.7,0.7,0.284,0.05,0.134,0.134,0.466
536,,0.55,0.55,0.55,0.134,-0.1,-0.016,-0.016,0.316
537,5,0.3,0.417,0.7,0.567,0.9,0.417,0.134,0.183
538,5,0.05,0.284,0.85,1.0,1.0,0.85,0.284,0.05
539,,-0.1,0.134,0.7,0.85,0.85,0.7,0.134,-0.1
540,8,0.333,0.284,0.567,0.6,0.717,0.85,0.567,0.9
541,8,0.766,0.434,0.434,0.35,0.584,1.0,1.0,1.0
542,,0.616,0.284,0.284,0.2,0.434,0.85,0.85,0.85
543,,0.466,0.134,0.134,0.05,0.284,0.7,0.7,0.7
544,,0.316,-0.016,-0.016,-0.1,0.134,0.55,0.55,0.55
545,4,0.183,0.134,0.417,0.9,0.567,0.7,0.417,0.3
546,4,0.05,0.284,0.85,1.0,1.0,0.85,0.284,0.05
547,,-0.1,0.134,0.7,0.85,0.85,0.7,0.134,-0.1
548,8,0.333,0.284,0.567,0.6,0.717,0.85,0.567,0.9
549,8,0.766,0.434,0.434,0.35,0.584,1.0,1.0,1.0
550,,0.616,0.284,0.284,0.2,0.434,0.85,0.85,0.85
551,,0.466,0.134,0.134,0.05,0.284,0.7,0.7,0.7
552,,0.316,-0.016,-0.016,-0.1,0.134,0.55,0.55,0.55
553,4,0.183,0.134,0.417,0.9,0.567,0.7,0.417,0.3
554,4,0.05,0.284,0.85,1.0,1.0,0.85,0.284,0.05
555,,-0.1,0.134,0.7,0.85,0.85,0.7,0.134,-0.1
556,1,0.9,0.567,0.85,0.717,0.6,0.567,0.284,0.333
557,1,1.0,1.0,1.0,0.584,0.35,0.434,0.434,0.766
558,,0.85,0.85,0.85,0.434,0.2,0.284,0.284,0.616
559,,0.7,0.7,0.7,0.284,0.05,0.134,0.134,0.466
560,,0.55,0.55,0.55,0.134,-0.1,-0.016,-0.016,0.316
561,5,0.3,0.417,0.7,0.567,0.9,0.417,0.134,0.183
562,5,0.05,0.284,0.85,1.0,1.0,0.85,0.284,0.05
563,,-0.1,0.134,0.7,0.85,0.85,0.7,0.134,-0.1
564,1,0.9,0.567,0.85,0.717,0.6,0.567,0.284,0.333
565,1,1.0,1.0,1.0,0.584,0.35,0.434,0.434,0.766
566,,0.85,0.85,0.85,0.434,0.2,0.284,0.284,0.616
567,,0.7,0.7,0.7,0.284,0.05,0.134,0.134,0.466
568,,0.55,0.55,0.55,0.134,-0.1,-0.016,-0.016,0.316
569,5,0.3,0.417,0.7,0.567,0.9,0.417,0.134,0.183
570,5,0.05,0.284,0.85,1.0,1.0,0.85,0.284,0.05
571,,-0.1,0.134,0.7,0.85,0.85,0.7,0.134,-0.1
572,8,0.333,0.284,0.567,0.6,0.717,0.85,0.567,0.9
573,8,0.766,0.434,0.434,0.35,0.584,1.0,1.0,1.0
574,,0.616,0.284,0.284,0.2,0.434,0.85,0.85,0.85
575,,0.466,0.134,0.134,0.05,0.284,0.7,0.7,0.7
576,,0.316,-0.016,-0.016,-0.1,0.134,0.55,0.55,0.55
577,4,0.183,0.134,0.417,0.9,0.567,0.7,0.417,0.3
578,4,0.05,0.284,0.85,1.0,1.0,0.85,0.284,0.05
579,,-0.1,0.134,0.7,0.85,0.85,0.7,0.134,-0.1
580,8,0.333,0.284,0.567,0.6,0.717,0.85,0.567,0.9
581,8,0.766,0.434,0.434,0.35,0.584,1.0,1.0,1.0
582,,0.616,0.284,0.284,0.2,0.434,0.85,0.85,0.85
583,,0.466,0.134,0.134,0.05,0.284,0.7,0.7,0.7
584,,0.316,-0.016,-0.016,-0.1,0.134,0.55,0.55,0.55
585,4,0.183,0.134,0.417,0.9,0.567,0.7,0.417,0.3
586,4,0.05,0.284,0.85,1.0,1.0,0.85,0.284,0.05
587,,-0.1,0.134,0.7,0.85,0.85,0.7,0.134,-0.1
588,8,0.333,0.284,0.567,0.6,0.717,0.85,0.567,0.9
589,8,0.766,0.434,0.434,0.35,0.584,1.0,1.0,1.0
590,,0.616,0.284,0.284,0.2,0.434,0.85,0.85,0.85
591,,0.466,0.134,0.134,0.05,0.284,0.7,0.7,0.7
592,,0.316,-0.016,-0.016,-0.1,0.134,0.55,0.55,0.55
593,4,0.183,0.134,0.417,0.9,0.567,0.7,0.417,0.3
594,4,0.05,0.284,0.85,1.0,1.0,0.85,0.284,0.05
595,,-0.1,0.134,0.7,0.85,0.85,0.7,0.134,-0.1
596,8,0.333,0.284,0.567,0.6,0.717,0.85,0.567,0.9
597,8,0.766,0.434,0.434,0.35,0.584,1.0,1.0,1.0
598,,0.616,0.284,0.284,0.2,0.434,0.85,0.85,0.85
599,,0.466,0.134,0.134,0.05,0.284,0.7,0.7,0.7
600,,0.316,-0.016,-0.016,-0.1,0.134,0.55,0.55,0.55
601,4,0.183,0.134,0.417,0.9,0.567,0.7,0.417,0.3
602,4,0.05,0.284,0.85,1.0,1.0,0.85,0.284,0.05
603,,-0.1,0.134,0.7,0.85,0.85,0.7,0.134,-0.1
604,1,0.9,0.567,0.85,0.717,0.6,0.567,0.284,0.333
605,1,1.0,1.0,1.0,0.584,0.35,0.434,0.434,0.766
606,,0.85,0.85,0.85,0.434,0.2,0.284,0.284,0.616
607,,0.7,0.7,0.7,0.284,0.05,0.134,0.134,0.466
608,,0.55,0.55,0.55,0.134,-0.1,-0.016,-0.016,0.316
609,5,0.3,0.417,0.7,0.567,0.9,0.417,0.134,0.183
610,5,0.05,0.284,0.85,1.0,1.0,0.85,0.284,0.05
611,,-0.1,0.134,0.7,0.85,0.85,0.7,0.134,-0.1
612,8,0.333,0.284,0.567,0.6,0.717,0.85,0.567,0.9
613,8,0.766,0.434,0.434,0.35,0.584,1.0,1.0,1.0
614,,0.616,0.284,0.284,0.2,0.434,0.85,0.85,0.85
615,,0.466,0.134,0.134,0.05,0.284,0.7,0.7,0.7
616,,0.316,-0.016,-0.016,-0.1,0.134,0.55,0.55,0.55
617,4,0.183,0.134,0.417,0.9,0.567,0.7,0.417,0.3
618,4,0.05,0.284,0.85,1.0,1.0,0.85,0.284,0.05
619,,-0.1,0.134,0.7,0.85,0.85,0.7,0.134,-0.1
620,8,0.333,0.284,0.567,0.6,0.717,0.85,0.567,0.9
621,8,0.766,0.434,0.434,0.35,0.584,1.0,1.0,1.0
622,,0.616,0.284,0.284,0.2,0.434,0.85,0.85,0.85
623,,0.466,0.134,0.134,0.05,0.284,0.7,0.7,0.7
624,,0.316,-0.016,-0.016,-0.1,0.134,0.55,0.55,0.55
625,4,0.183,0.134,0.417,0.9,0.567,0.7,0.417,0.3
626,4,0.05,0.284,0.85,1.0,1.0,0.85,0.284,0.05
627,,-0.1,0.134,0.7,0.85,0.85,0.7,0.134,-0.1
628,1,0.9,0.567,0.85,0.717,0.6,0.567,0.284,0.333
629,1,1.0,1.0,1.0,0.584,0.35,0.434,0.434,0.766
630,,0.85,0.85,0.85,0.434,0.2,0.284,0.284,0.616
631,,0.7,0.7,0.7,0.284,0.05,0.134,0.134,0.466
632,,0.55,0.55,0.55,0.134,-0.1,-0.016,-0.016,0.316
633,5,0.3,0.417,0.7,0.567,0.9,0.417,0.134,0.183
634,5,0.05,0.284,0.85,1.0,1.0,0.85,0.284,0.05
635,,-0.1,0.134,0.7,0.85,0.85,0.7,0.134,-0.1
636,8,0.333,0.284,0.567,0.6,0.717,0.85,0.567,0.9
637,8,0.766,0.434,0.434,0.35,0.584,1.0,1.0,1.0
638,,0.616,0.284,0.284,0.2,0.434,0.85,0.85,0.85
639,,0.466,0.134,0.134,0.05,0.284,0.7,0.7,0.7
640,,0.316,-0.016,-0.016,-0.1,0.134,0.55,0.55,0.55
641,4,0.183,0.134,0.417,0.9,0.567,0.7,0.417,0.3
642,4,0.05,0.284,0.85,1.0,1.0,0.85,0.284,0.05
643,,-0.1,0.134,0.7,0.85,0.85,0.7,0.134,-0.1
644,1,0.9,0.567,0.85,0.717,0.6,0.567,0.284,0.333
645,1,1.0,1.0,1.0,0.584,0.35,0.434,0.434,0.766
646,,0.85,0.85,0.85,0.434,0.2,0.284,0.284,0.616
647,,0.7,0.7,0.7,0.284,0.05,0.134,0.134,0.466
648,,0.55,0.55,0.55,0.134,-0.1,-0.016,-0.016,0.316
649,5,0.3,0.417,0.7,0.567,0.9,0.417,0.134,0.183
650,5,0.05,0.284,0.85,1.0,1.0,0.85,0.284,0.05
651,,-0.1,0.134,0.7,0.85,0.85,0.7,0.134,-0.1
652,1,0.9,0.567,0.85,0.717,0.6,0.567,0.284,0.333
653,1,1.0,1.0,1.0,0.584,0.35,0.434,0.434,0.766
654,,0.85,0.85,0.85,0.434,0.2,0.284,0.284,0.616
655,,0.7,0.7,0.7,0.284,0.05,0.134,0.134,0.466
656,,0.55,0.55,0.55,0.134,-0.1,-0.016,-0.016,0.316
657,5,0.3,0.417,0.7,0.567,0.9,0.417,0.134,0.183
658,5,0.05,0.284,0.85,1.0,1.0,0.85,0.284,0.05
659,,-0.1,0.134,0.7,0.85,0.85,0.7,0.134,-0.1
660,1,0.9,0.567,0.85,0.717,0.6,0.567,0.284,0.333
661,1,1.0,1.0,1.0,0.584,0.35,0.434,0.434,0.766
662,,0.85,0.85,0.85,0.434,0.2,0.284,0.284,0.616
663,,0.7,0.7,0.7,0.284,0.05,0.134,0.134,0.466
664,,0.55,0.55,0.55,0.134,-0.1,-0.016,-0.016,0.316
665,5,0.3,0.417,0.7,0.567,0.9,0.417,0.134,0.183
666,5,0.05,0.284,0.85,1.0,1.0,0.85,0.284,0.05
667,,-0.1,0.134,0.7,0.85,0.85,0.7,0.134,-0.1
668,8,0.333,0.284,0.567,0.6,0.717,0.85,0.567,0.9
669,8,0.766,0.434,0.434,0.35,0.584,1.0,1.0,1.0
670,,0.616,0.284,0.284,0.2,0.434,0.85,0.85,0.85
671,,0.466,0.134,0.134,0.05,0.284,0.7,0.7,0.7
672,,0.316,-0.016,-0.016,-0.1,0.134,0.55,0.55,0.55
673,4,0.183,0.134,0.417,0.9,0.567,0.7,0.417,0.3
674,4,0.05,0.284,0.85,1.0,1.0,0.85,0.284,0.05
675,,-0.1,0.134,0.7,0.85,0.85,0.7,0.134,-0.1
676,8,0.333,0.284,0.567,0.6,0.717,0.85,0.567,0.9
677,8,0.766,0.434,0.434,0.35,0.584,1.0,1.0,1.0
678,,0.616,0.284,0.284,0.2,0.434,0.85,0.85,0.85
679,,0.466,0.134,0.134,0.05,0.284,0.7,0.7,0.7
680,,0.316,-0.016,-0.016,-0.1,0.134,0.55,0.55,0.55
681,4,0.183,0.134,0.417,0.9,0.567,0.7,0.417,0.3
682,4,0.05,0.284,0.85,1.0,1.0,0.85,0.284,0.05
683,,-0.1,0.134,0.7,0.85,0.85,0.7,0.134,-0.1
684,1,0.9,0.567,0.85,0.717,0.6,0.567,0.284,0.333
685,1,1.0,1.0,1.0,0.584,0.35,0.434,0.434,0.766
686,,0.85,0.85,0.85,0.434,0.2,0.284,0.284,0.616
687,,0.7,0.7,0.7,0.284,0.05,0.134,0.134,0.466
688,,0.55,0.55,0.55,0.134,-0.1,-0.016,-0.016,0.316
689,5,0.3,0.417,0.7,0.567,0.9,0.417,0.134,0.183
690,5,0.05,0.284,0.85,1.0,1.0,0.85,0.284,0.05
691,,-0.1,0.134,0.7,0.85,0.85,0.7,0.134,-0.1
692,8,0.333,0.284,0.567,0.6,0.717,0.85,0.567,0.9
693,8,0.766,0.434,0.434,0.35,0.584,1.0,1.0,1.0
694,,0.616,0.284,0.284,0.2,0.434,0.85,0.85,0.85
695,,0.466,0.134,0.134,0.05,0.284,0.7,0.7,0.7
696,,0.316,-0.016,-0.016,-0.1,0.134,0.55,0.55,0.55
697,4,0.183,0.134,0.417,0.9,0.567,0.7,0.417,0.3
698,4,0.05,0.284,0.85,1.0,1.0,0.85,0.284,0.05
699,,-0.1,0.134,0.7,0.85,0.85,0.7,0.134,-0.1
700,8,0.333,0.284,0.567,0.6,0.717,0.85,0.567,0.9
701,8,0.766,0.434,0.434,0.35,0.584,1.0,1.0,1.0
702,,0.616,0.284,0.284,0.2,0.434,0.85,0.85,0.85
703,,0.466,0.134,0.134,0.05,0.284,0.7,0.7,0.7
704,,0.316,-0.016,-0.016,-0.1,0.134,0.55,0.55,0.55
705,4,0.183,0.134,0.417,0.9,0.567,0.7,0.417,0.3
706,4,0.05,0.284,0.85,1.0,1.0,0.85,0.284,0.05
707,,-0.1,0.134,0.7,0.85,0.85,0.7,0.134,-0.1
708,1,0.9,0.567,0.85,0.717,0.6,0.567,0.284,0.333
709,1,1.0,1.0,1.0,0.584,0.35,0.434,0.434,0.766
710,,0.85,0.85,0.85,0.434,0.2,0.284,0.284,0.616
711,,0.7,0.7,0.7,0.284,0.05,0.134,0.134,0.466
712,,0.55,0.55,0.55,0.134,-0.1,-0.016,-0.016,0.316
713,5,0.3,0.417,0.7,0.567,0.9,0.417,0.134,0.183
714,5,0.05,0.284,0.85,1.0,1.0,0.85,0.284,0.05
715,,-0.1,0.134,0.7,0.85,0.85,0.7,0.134,-0.1
716,1,0.9,0.567,0.85,0.717,0.6,0.567,0.284,0.333
717,1,1.0,1.0,1.0,0.584,0.35,0.434,0.434,0.766
718,,0.85,0.85,0.85,0.434,0.2,0.284,0.284,0.616
719,,0.7,0.7,0.7,0.284,0.05,0.134,0.134,0.466
720,,0.55,0.55,0.55,0.134,-0.1,-0.016,-0.016,0.316
721,5,0.3,0.417,0.7,0.567,0.9,0.417,0.134,0.183
722,5,0.05,0.284,0.85,1.0,1.0,0.85,0.284,0.05
723,,-0.1,0.134,0.7,0.85,0.85,0.7,0.134,-0.1
724,8,0.333,0.284,0.567,0.6,0.717,0.85,0.567,0.9
725,8,0.766,0.434,0.434,0.35,0.584,1.0,1.0,1.0
726,,0.616,0.284,0.284,0.2,0.434,0.85,0.85,0.85
727,,0.466,0.134,0.134,0.05,0.284,0.7,0.7,0.7
728,,0.316,-0.016,-0.016,-0.1,0.134,0.55,0.55,0.55
729,4,0.183,0.134,0.417,0.9,0.567,0.7,0.417,0.3
730,4,0.05,0.284,0.85,1.0,1.0,0.85,0.284,0.05
731,,-0.1,0.134,0.7,0.85,0.85,0.7,0.134,-0.1
732,1,0.9,0.567,0.85,0.717,0.6,0.567,0.284,0.333
733,1,1.0,1.0,1.0,0.584,0.35,0.434,0.434,0.766
734,,0.85,0.85,0.85,0.434,0.2,0.284,0.284,0.616
735,,0.7,0.7,0.7,0.284,0.05,0.134,0.134,0.466
736,,0.55,0.55,0.55,0.134,-0.1,-0.016,-0.016,0.316
737,5,0.3,0.417,0.7,0.567,0.9,0.417,0.134,0.183
738,5,0.05,0.284,0.85,1.0,1.0,0.85,0.284,0.05
739,,-0.1,0.134,0.7,0.85,0.85,0.7,0.134,-0.1
740,8,0.333,0.284,0.567,0.6,0.717,0.85,0.567,0.9
741,8,0.766,0.434,0.434,0.35,0.584,1.0,1.0,1.0
742,,0.616,0.284,0.284,0.2,0.434,0.85,0.85,0.85
743,,0.466,0.134,0.134,0.05,0.284,0.7,0.7,0.7
744,,0.316,-0.016,-0.016,-0.1,0.134,0.55,0.55,0.55
745,4,0.183,0.134,0.417,0.9,0.567,0.7,0.417,0.3
746,4,0.05,0.284,0.85,1.0,1.0,0.85,0.284,0.05
747,,-0.1,0.134,0.7,0.85,0.85,0.7,0.134,-0.1
748,8,0.333,0.284,0.567,0.6,0.717,0.85,0.567,0.9
749,8,0.766,0.434,0.434,0.35,0.584,1.0,1.0,1.0
750,,0.616,0.284,0.284,0.2,0.434,0.85,0.85,0.85
751,,0.466,0.134,0.134,0.05,0.284,0.7,0.7,0.7
752,,0.316,-0.016,-0.016,-0.1,0.134,0.55,0.55,0.55
753,4,0.183,0.134,0.417,0.9,0.567,0.7,0.417,0.3
754,4,0.05,0.284,0.85,1.0,1.0,0.85,0.284,0.05
755,,-0.1,0.134,0.7,0.85,0.85,0.7,0.134,-0.1
756,8,0.333,0.284,0.567,0.6,0.717,0.85,0.567,0.9
757,8,0.766,0.434,0.434,0.35,0.584,1.0,1.0,1.0
758,,0.616,0.284,0.284,0.2,0.434,0.85,0.85,0.85
759,,0.466,0.134,0.134,0.05,0.284,0.7,0.7,0.7
760,,0.316,-0.016,-0.016,-0.1,0.134,0.55,0.55,0.55
761,4,0.183,0.134,0.417,0.9,0.567,0.7,0.417,0.3
762,4,0.05,0.284,0.85,1.0,1.0,0.85,0.284,0.05
763,,-0.1,0.134,0.7,0.85,0.85,0.7,0.134,-0.1
764,8,0.333,0.284,0.567,0.6,0.717,0.85,0.567,0.9
765,8,0.766,0.434,0.434,0.35,0.584,1.0,1.0,1.0
766,,0.616,0.284,0.284,0.2,0.434,0.85,0.85,0.85
767,,0.466,0.134,0.134,0.05,0.284,0.7,0.7,0.7
768,,0.316,-0.016,-0.016,-0.1,0.134,0.55,0.55,0.55
769,4,0.183,0.134,0.417,0.9,0.567,0.7,0.417,0.3
770,4,0.05,0.284,0.85,1.0,1.0,0.85,0.284,0.05
771,,-0.1,0.134,0.7,0.85,0.85,0.7,0.134,-0.1
772,1,0.9,0.567,0.85,0.717,0.6,0.567,0.284,0.333
773,1,1.0,1.0,1.0,0.584,0.35,0.434,0.434,0.766
774,,0.85,0.85,0.85,0.434,0.2,0.284,0.284,0.616
775,,0.7,0.7,0.7,0.284,0.05,0.134,0.134,0.466
776,,0.55,0.55,0.55,0.134,-0.1,-0.016,-0.016,0.316
777,5,0.3,0.417,0.7,0.567,0.9,0.417,0.134,0.183
778,5,0.05,0.284,0.85,1.0,1.0,0.85,0.284,0.05
779,,-0.1,0.134,0.7,0.85,0.85,0.7,0.134,-0.1
780,1,0.9,0.567,0.85,0.717,0.6,0.567,0.284,0.333
781,1,1.0,1.0,1.0,0.584,0.35,0.434,0.434,0.766
782,,0.85,0.85,0.85,0.434,0.2,0.284,0.284,0.616
783,,0.7,0.7,0.7,0.284,0.05,0.134,0.134,0.466
784,,0.55,0.55,0.55,0.134,-0.1,-0.016,-0.016,0.316
785,5,0.3,0.417,0.7,0.567,0.9,0.417,0.134,0.183
786,5,0.05,0.284,0.85,1.0,1.0,0.85,0.284,0.05
787,,-0.1,0.134,0.7,0.85,0.85,0.7,0.134,-0.1
788,1,0.9,0.567,0.85,0.717,0.6,0.567,0.284,0.333
789,1,1.0,1.0,1.0,0.584,0.35,0.434,0.434,0.766
790,,0.85,0.85,0.85,0.434,0.2,0.284,0.284,0.616
791,,0.7,0.7,0.7,0.284,0.05,0.134,0.134,0.466
792,,0.55,0.55,0.55,0.134,-0.1,-0.016,-0.016,0.316
793,5,0.3,0.417,0.7,0.567,0.9,0.417,0.134,0.183
794,5,0.05,0.284,0.85,1.0,1.0,0.85,0.284,0.05
795,,-0.1,0.134,0.7,0.85,0.85,0.7,0.134,-0.1
796,1,0.9,0.567,0.85,0.717,0.6,0.567,0.284,0.333
797,1,1.0,1.0,1.0,0.584,0.35,0.434,0.434,0.766
798,,0.85,0.85,0.85,0.434,0.2,0.284,0.284,0.616
799,,0.7,0.7,0.7,0.284,0.05,0.134,0.134,0.466
800,,0.55,0.55,0.55,0.134,-0.1,-0.016,-0.016,0.316
801,5,0.3,0.417,0.7,0.567,0.9,0.417,0.134,0.183
802,5,0.05,0.284,0.85,1.0,1.0,0.85,0.284,0.05
803,,-0.1,0.134,0.7,0.85,0.85,0.7,0.134,-0.1
804,8,0.333,0.284,0.567,0.6,0.717,0.85,0.567,0.9
805,8,0.766,0.434,0.434,0.35,0.584,1.0,1.0,1.0
806,,0.616,0.284,0.284,0.2,0.434,0.85,0.85,0.85
807,,0.466,0.134,0.134,0.05,0.284,0.7,0.7,0.7
808,,0.316,-0.016,-0.016,-0.1,0.134,0.55,0.55,0.55
809,4,0.183,0.134,0.417,0.9,0.567,0.7,0.417,0.3
810,4,0.05,0.284,0.85,1.0,1.0,0.85,0.284,0.05
811,,-0.1,0.134,0.7,0.85,0.85,0.7,0.134,-0.1
812,8,0.333,0.284,0.567,0.6,0.717,0.85,0.567,0.9
813,8,0.766,0.434,0.434,0.35,0.584,1.0,1.0,1.0
814,,0.616,0.284,0.284,0.2,0.434,0.85,0.85,0.85
815,,0.466,0.134,0.134,0.05,0.284,0.7,0.7,0.7
816,,0.316,-0.016,-0.016,-0.1,0.134,0.55,0.55,0.55
817,4,0.183,0.134,0.417,0.9,0.567,0.7,0.417,0.3
818,4,0.05,0.284,0.85,1.0,1.0,0.85,0.284,0.05
819,,-0.1,0.134,0.7,0.85,0.85,0.7,0.134,-0.1
820,1,0.9,0.567,0.85,0.717,0.6,0.567,0.284,0.333
821,1,1.0,1.0,1.0,0.584,0.35,0.434,0.434,0.766
822,,0.85,0.85,0.85,0.434,0.2,0.284,0.284,0.616
823,,0.7,0.7,0.7,0.284,0.05,0.134,0.134,0.466
824,,0.55,0.55,0.55,0.134,-0.1,-0.016,-0.016,0.316
825,5,0.3,0.417,0.7,0.567,0.9,0.417,0.134,0.183
826,5,0.05,0.284,0.85,1.0,1.0,0.85,0.284,0.05
827,,-0.1,0.134,0.7,0.85,0.85,0.7,0.134,-0.1
828,8,0.333,0.284,0.567,0.6,0.717,0.85,0.567,0.9
829,8,0.766,0.434,0.434,0.35,0.584,1.0,1.0,1.0
830,,0.616,0.284,0.284,0.2,0.434,0.85,0.85,0.85
831,,0.466,0.134,0.134,0.05,0.284,0.7,0.7,0.7
832,,0.316,-0.016,-0.016,-0.1,0.134,0.55,0.55,0.55
833,4,0.183,0.134,0.417,0.9,0.567,0.7,0.417,0.3
834,4,0.05,0.284,0.85,1.0,1.0,0.85,0.284,0.05
