step,active_motive,motive_1,motive_2,motive_3,motive_4,motive_5,motive_6,motive_7,motive_8
0,,0.03631,0.00342,0.08307,0.03452,0.07738,0.03628,0.08611,0.02195
1,,-0.16369,-0.19658,-0.11693,-0.16548,-0.12262,-0.16372,-0.11389,-0.17805
2,2,0.24831,0.80342,0.29507,0.03452,-0.13462,-0.26372,-0.12589,0.02195
3,2,0.66031,1.0,0.70707,0.23452,-0.14662,-0.36372,-0.13789,0.22195
4,6,0.64831,0.9,0.69507,0.43452,0.26538,0.63628,0.27411,0.42195
5,6,0.63631,0.8,0.68307,0.63452,0.67738,1.0,0.68611,0.62195
6,,0.43631,0.6,0.48307,0.43452,0.47738,0.8,0.48611,0.42195
7,,0.23631,0.4,0.28307,0.23452,0.27738,0.6,0.28611,0.22195
8,,0.03631,0.2,0.08307,0.03452,0.07738,0.4,0.08611,0.02195
9,,-0.16369,0.0,-0.11693,-0.16548,-0.12262,0.2,-0.11389,-0.17805
10,8,0.24831,0.2,-0.12893,-0.26548,-0.13462,0.4,0.29811,0.82195
11,8,0.66031,0.4,-0.14093,-0.36548,-0.14662,0.6,0.71011,1.0
12,4,0.64831,0.6,0.27107,0.63452,0.26538,0.8,0.69811,0.9
13,4,0.63631,0.8,0.68307,1.0,0.67738,1.0,0.68611,0.8
14,,0.43631,0.6,0.48307,0.8,0.47738,0.8,0.48611,0.6
15,,0.23631,0.4,0.28307,0.6,0.27738,0.6,0.28611,0.4
16,,0.03631,0.2,0.08307,0.4,0.07738,0.4,0.08611,0.2
17,,-0.16369,0.0,-0.11693,0.2,-0.12262,0.2,-0.11389,0.0
18,1,0.83631,0.412,0.08307,0.188,-0.22262,0.188,0.08611,0.412
19,1,1.0,0.824,0.28307,0.176,-0.32262,0.176,0.28611,0.824
20,5,0.9,0.812,0.48307,0.588,0.67738,0.588,0.48611,0.812
21,5,0.8,0.8,0.68307,1.0,1.0,1.0,0.68611,0.8
22,,0.6,0.6,0.48307,0.8,0.8,0.8,0.48611,0.6
23,,0.4,0.4,0.28307,0.6,0.6,0.6,0.28611,0.4
24,,0.2,0.2,0.08307,0.4,0.4,0.4,0.08611,0.2
25,,0.0,0.0,-0.11693,0.2,0.2,0.2,-0.11389,0.0
26,3,0.2,0.412,0.88307,0.612,0.4,0.188,-0.21389,-0.012
27,3,0.4,0.824,1.0,1.0,0.6,0.176,-0.31389,-0.024
28,7,0.6,0.812,0.9,0.988,0.8,0.588,0.68611,0.388
29,7,0.8,0.8,0.8,0.976,1.0,1.0,1.0,0.8
30,,0.6,0.6,0.6,0.776,0.8,0.8,0.8,0.6
31,,0.4,0.4,0.4,0.576,0.6,0.6,0.6,0.4
32,,0.2,0.2,0.2,0.376,0.4,0.4,0.4,0.2
33,,0.0,0.0,0.0,0.176,0.2,0.2,0.2,0.0
34,,-0.2,-0.2,-0.2,-0.024,0.0,0.0,0.0,-0.2
35,2,0.212,0.8,0.212,0.176,-0.012,-0.1,-0.012,0.0
36,2,0.624,1.0,0.624,0.376,-0.024,-0.2,-0.024,0.2
37,6,0.612,0.9,0.612,0.576,0.388,0.8,0.388,0.4
38,6,0.6,0.8,0.6,0.776,0.8,1.0,0.8,0.6
39,,0.4,0.6,0.4,0.576,0.6,0.8,0.6,0.4
40,,0.2,0.4,0.2,0.376,0.4,0.6,0.4,0.2
41,,0.0,0.2,0.0,0.176,0.2,0.4,0.2,0.0
42,,-0.2,0.0,-0.2,-0.024,0.0,0.2,0.0,-0.2
43,3,0.0,0.412,0.8,0.388,0.2,0.188,-0.1,-0.212
44,3,0.2,0.824,1.0,0.8,0.4,0.176,-0.2,-0.224
45,8,0.612,1.0,0.988,0.7,0.388,0.376,0.212,0.776
46,8,1.0,1.0,0.976,0.6,0.376,0.576,0.624,1.0
47,,0.8,0.8,0.776,0.4,0.176,0.376,0.424,0.8
48,,0.6,0.6,0.576,0.2,-0.024,0.176,0.224,0.6
49,5,0.5,0.588,0.776,0.612,0.976,0.588,0.424,0.588
50,5,0.4,0.576,0.976,1.0,1.0,1.0,0.624,0.576
51,,0.2,0.376,0.776,0.8,0.8,0.8,0.424,0.376
52,,0.0,0.176,0.576,0.6,0.6,0.6,0.224,0.176
53,,-0.2,-0.024,0.376,0.4,0.4,0.4,0.024,-0.024
54,1,0.8,0.388,0.576,0.388,0.3,0.388,0.224,0.388
55,1,1.0,0.8,0.776,0.376,0.2,0.376,0.424,0.8
56,,0.8,0.6,0.576,0.176,0.0,0.176,0.224,0.6
57,,0.6,0.4,0.376,-0.024,-0.2,-0.024,0.024,0.4
58,5,0.5,0.388,0.576,0.388,0.8,0.388,0.224,0.388
59,5,0.4,0.376,0.776,0.8,1.0,0.8,0.424,0.376
60,,0.2,0.176,0.576,0.6,0.8,0.6,0.224,0.176
61,,0.0,-0.024,0.376,0.4,0.6,0.4,0.024,-0.024
62,8,0.412,0.176,0.364,0.3,0.588,0.6,0.436,0.976
63,8,0.824,0.376,0.352,0.2,0.576,0.8,0.848,1.0
64,,0.624,0.176,0.152,0.0,0.376,0.6,0.648,0.8
65,,0.424,-0.024,-0.048,-0.2,0.176,0.4,0.448,0.6
66,4,0.412,0.176,0.364,0.8,0.588,0.6,0.436,0.5
67,4,0.4,0.376,0.776,1.0,1.0,0.8,0.424,0.4
68,,0.2,0.176,0.576,0.8,0.8,0.6,0.224,0.2
69,,0.0,-0.024,0.376,0.6,0.6,0.4,0.024,0.0
70,2,0.412,0.976,0.788,0.8,0.588,0.3,0.012,0.2
71,2,0.824,1.0,1.0,1.0,0.576,0.2,0.0,0.4
72,,0.624,0.8,0.8,0.8,0.376,0.0,-0.2,0.2
73,7,0.824,0.788,0.7,0.788,0.576,0.412,0.8,0.612
74,7,1.0,0.776,0.6,0.776,0.776,0.824,1.0,1.0
75,,0.8,0.576,0.4,0.576,0.576,0.624,0.8,0.8
76,,0.6,0.376,0.2,0.376,0.376,0.424,0.6,0.6
77,,0.4,0.176,0.0,0.176,0.176,0.224,0.4,0.4
78,,0.2,-0.024,-0.2,-0.024,-0.024,0.024,0.2,0.2
79,3,0.4,0.388,0.8,0.388,0.176,0.012,0.1,0.188
80,3,0.6,0.8,1.0,0.8,0.376,0.0,0.0,0.176
81,,0.4,0.6,0.8,0.6,0.176,-0.2,-0.2,-0.024
82,7,0.6,0.588,0.7,0.588,0.376,0.212,0.8,0.388
83,7,0.8,0.576,0.6,0.576,0.576,0.624,1.0,0.8
84,,0.6,0.376,0.4,0.376,0.376,0.424,0.8,0.6
85,,0.4,0.176,0.2,0.176,0.176,0.224,0.6,0.4
86,,0.2,-0.024,0.0,-0.024,-0.024,0.024,0.4,0.2
87,2,0.612,0.976,0.412,0.176,-0.036,-0.076,0.388,0.4
88,2,1.0,1.0,0.824,0.376,-0.048,-0.176,0.376,0.6
89,6,0.988,0.9,0.812,0.576,0.364,0.824,0.788,0.8
90,6,0.976,0.8,0.8,0.776,0.776,1.0,1.0,1.0
91,,0.776,0.6,0.6,0.576,0.576,0.8,0.8,0.8
92,,0.576,0.4,0.4,0.376,0.376,0.6,0.6,0.6
93,,0.376,0.2,0.2,0.176,0.176,0.4,0.4,0.4
94,,0.176,0.0,0.0,-0.024,-0.024,0.2,0.2,0.2
95,5,0.076,-0.012,0.2,0.388,0.976,0.612,0.4,0.188
96,5,-0.024,-0.024,0.4,0.8,1.0,1.0,0.6,0.176
97,2,0.388,0.976,0.812,1.0,0.988,0.9,0.588,0.376
98,2,0.8,1.0,1.0,1.0,0.976,0.8,0.576,0.576
99,,0.6,0.8,0.8,0.8,0.776,0.6,0.376,0.376
100,,0.4,0.6,0.6,0.6,0.576,0.4,0.176,0.176
101,,0.2,0.4,0.4,0.4,0.376,0.2,-0.024,-0.024
102,8,0.612,0.6,0.388,0.3,0.364,0.4,0.388,0.976
103,8,1.0,0.8,0.376,0.2,0.352,0.6,0.8,1.0
104,,0.8,0.6,0.176,0.0,0.152,0.4,0.6,0.8
105,,0.6,0.4,-0.024,-0.2,-0.048,0.2,0.4,0.6
106,4,0.588,0.6,0.388,0.8,0.364,0.4,0.388,0.5
107,4,0.576,0.8,0.8,1.0,0.776,0.6,0.376,0.4
108,,0.376,0.6,0.6,0.8,0.576,0.4,0.176,0.2
109,,0.176,0.4,0.4,0.6,0.376,0.2,-0.024,0.0
110,7,0.376,0.388,0.3,0.588,0.576,0.612,0.976,0.412
111,7,0.576,0.376,0.2,0.576,0.776,1.0,1.0,0.824
112,,0.376,0.176,0.0,0.376,0.576,0.8,0.8,0.624
113,,0.176,-0.024,-0.2,0.176,0.376,0.6,0.6,0.424
114,3,0.376,0.388,0.8,0.588,0.576,0.588,0.5,0.412
115,3,0.576,0.8,1.0,1.0,0.776,0.576,0.4,0.4
116,,0.376,0.6,0.8,0.8,0.576,0.376,0.2,0.2
117,,0.176,0.4,0.6,0.6,0.376,0.176,0.0,0.0
118,,-0.024,0.2,0.4,0.4,0.176,-0.024,-0.2,-0.2
119,7,0.176,0.188,0.3,0.388,0.376,0.388,0.8,0.212
120,7,0.376,0.176,0.2,0.376,0.576,0.8,1.0,0.624
121,,0.176,-0.024,0.0,0.176,0.376,0.6,0.8,0.424
122,2,0.588,0.976,0.412,0.376,0.364,0.5,0.788,0.624
123,2,1.0,1.0,0.824,0.576,0.352,0.4,0.776,0.824
124,,0.8,0.8,0.624,0.376,0.152,0.2,0.576,0.624
125,,0.6,0.6,0.424,0.176,-0.048,0.0,0.376,0.424
126,5,0.5,0.588,0.624,0.588,0.952,0.412,0.576,0.412
127,5,0.4,0.576,0.824,1.0,1.0,0.824,0.776,0.4
128,,0.2,0.376,0.624,0.8,0.8,0.624,0.576,0.2
129,,0.0,0.176,0.424,0.6,0.6,0.424,0.376,0.0
130,,-0.2,-0.024,0.224,0.4,0.4,0.224,0.176,-0.2
131,8,0.212,0.176,0.212,0.3,0.388,0.424,0.588,0.8
132,8,0.624,0.376,0.2,0.2,0.376,0.624,1.0,1.0
133,,0.424,0.176,0.0,0.0,0.176,0.424,0.8,0.8
134,,0.224,-0.024,-0.2,-0.2,-0.024,0.224,0.6,0.6
135,3,0.424,0.388,0.8,0.212,0.176,0.212,0.5,0.588
136,3,0.624,0.8,1.0,0.624,0.376,0.2,0.4,0.576
137,,0.424,0.6,0.8,0.424,0.176,0.0,0.2,0.376
138,,0.224,0.4,0.6,0.224,-0.024,-0.2,0.0,0.176
139,6,0.212,0.3,0.588,0.424,0.388,0.8,0.412,0.376
140,6,0.2,0.2,0.576,0.624,0.8,1.0,0.824,0.576
141,,0.0,0.0,0.376,0.424,0.6,0.8,0.624,0.376
142,,-0.2,-0.2,0.176,0.224,0.4,0.6,0.424,0.176
143,2,0.212,0.8,0.588,0.424,0.388,0.5,0.412,0.376
144,2,0.624,1.0,1.0,0.624,0.376,0.4,0.4,0.576
145,,0.424,0.8,0.8,0.424,0.176,0.2,0.2,0.376
146,,0.224,0.6,0.6,0.224,-0.024,0.0,0.0,0.176
147,5,0.124,0.588,0.8,0.636,0.976,0.412,0.2,0.164
148,5,0.024,0.576,1.0,1.0,1.0,0.824,0.4,0.152
149,,-0.176,0.376,0.8,0.8,0.8,0.624,0.2,-0.048
150,1,0.824,0.788,1.0,0.788,0.7,0.612,0.4,0.364
151,1,1.0,1.0,1.0,0.776,0.6,0.6,0.6,0.776
152,,0.8,0.8,0.8,0.576,0.4,0.4,0.4,0.576
153,,0.6,0.6,0.6,0.376,0.2,0.2,0.2,0.376
154,,0.4,0.4,0.4,0.176,0.0,0.0,0.0,0.176
155,,0.2,0.2,0.2,-0.024,-0.2,-0.2,-0.2,-0.024
156,5,0.1,0.188,0.4,0.388,0.8,0.212,0.0,-0.036
157,5,0.0,0.176,0.6,0.8,1.0,0.624,0.2,-0.048
158,8,0.412,0.376,0.588,0.7,0.988,0.824,0.612,0.952
159,8,0.824,0.576,0.576,0.6,0.976,1.0,1.0,1.0
160,,0.624,0.376,0.376,0.4,0.776,0.8,0.8,0.8
161,,0.424,0.176,0.176,0.2,0.576,0.6,0.6,0.6
162,,0.224,-0.024,-0.024,0.0,0.376,0.4,0.4,0.4
163,3,0.424,0.388,0.976,0.412,0.576,0.388,0.3,0.388
164,3,0.624,0.8,1.0,0.824,0.776,0.376,0.2,0.376
165,,0.424,0.6,0.8,0.624,0.576,0.176,0.0,0.176
166,,0.224,0.4,0.6,0.424,0.376,-0.024,-0.2,-0.024
167,7,0.424,0.388,0.5,0.412,0.576,0.388,0.8,0.388
168,7,0.624,0.376,0.4,0.4,0.776,0.8,1.0,0.8
169,,0.424,0.176,0.2,0.2,0.576,0.6,0.8,0.6
170,,0.224,-0.024,0.0,0.0,0.376,0.4,0.6,0.4
171,2,0.636,0.976,0.412,0.2,0.364,0.3,0.588,0.6
172,2,1.0,1.0,0.824,0.4,0.352,0.2,0.576,0.8
173,,0.8,0.8,0.624,0.2,0.152,0.0,0.376,0.6
174,,0.6,0.6,0.424,0.0,-0.048,-0.2,0.176,0.4
175,6,0.588,0.5,0.412,0.2,0.364,0.8,0.588,0.6
176,6,0.576,0.4,0.4,0.4,0.776,1.0,1.0,0.8
177,,0.376,0.2,0.2,0.2,0.576,0.8,0.8,0.6
178,,0.176,0.0,0.0,0.0,0.376,0.6,0.6,0.4
179,,-0.024,-0.2,-0.2,-0.2,0.176,0.4,0.4,0.2
180,4,-0.036,0.0,0.212,0.8,0.588,0.6,0.388,0.1
181,4,-0.048,0.2,0.624,1.0,1.0,0.8,0.376,0.0
182,1,0.952,0.612,0.824,0.988,0.9,0.788,0.576,0.412
183,1,1.0,1.0,1.0,0.976,0.8,0.776,0.776,0.824
184,,0.8,0.8,0.8,0.776,0.6,0.576,0.576,0.624
185,,0.6,0.6,0.6,0.576,0.4,0.376,0.376,0.424
186,,0.4,0.4,0.4,0.376,0.2,0.176,0.176,0.224
187,,0.2,0.2,0.2,0.176,0.0,-0.024,-0.024,0.024
188,6,0.188,0.1,0.188,0.376,0.412,0.976,0.388,0.224
189,6,0.176,0.0,0.176,0.576,0.824,1.0,0.8,0.424
190,,-0.024,-0.2,-0.024,0.376,0.624,0.8,0.6,0.224
191,2,0.388,0.8,0.388,0.576,0.612,0.7,0.588,0.424
192,2,0.8,1.0,0.8,0.776,0.6,0.6,0.576,0.624
193,,0.6,0.8,0.6,0.576,0.4,0.4,0.376,0.424
194,,0.4,0.6,0.4,0.376,0.2,0.2,0.176,0.224
195,,0.2,0.4,0.2,0.176,0.0,0.0,-0.024,0.024
196,7,0.4,0.388,0.1,0.164,0.2,0.412,0.976,0.436
197,7,0.6,0.376,0.0,0.152,0.4,0.824,1.0,0.848
198,,0.4,0.176,-0.2,-0.048,0.2,0.624,0.8,0.648
199,3,0.6,0.588,0.8,0.364,0.4,0.612,0.7,0.636
200,3,0.8,1.0,1.0,0.776,0.6,0.6,0.6,0.624
201,,0.6,0.8,0.8,0.576,0.4,0.4,0.4,0.424
202,,0.4,0.6,0.6,0.376,0.2,0.2,0.2,0.224
203,,0.2,0.4,0.4,0.176,0.0,0.0,0.0,0.024
204,,0.0,0.2,0.2,-0.024,-0.2,-0.2,-0.2,-0.176
205,6,-0.012,0.1,0.188,0.176,0.212,0.8,0.212,0.024
206,6,-0.024,0.0,0.176,0.376,0.624,1.0,0.624,0.224
207,1,0.976,0.412,0.376,0.364,0.524,0.988,0.824,0.636
208,1,1.0,0.824,0.576,0.352,0.424,0.976,1.0,1.0
209,,0.8,0.624,0.376,0.152,0.224,0.776,0.8,0.8
210,,0.6,0.424,0.176,-0.048,0.024,0.576,0.6,0.6
211,4,0.588,0.624,0.588,0.952,0.436,0.776,0.588,0.5
212,4,0.576,0.824,1.0,1.0,0.848,0.976,0.576,0.4
213,,0.376,0.624,0.8,0.8,0.648,0.776,0.376,0.2
214,,0.176,0.424,0.6,0.6,0.448,0.576,0.176,0.0
215,,-0.024,0.224,0.4,0.4,0.248,0.376,-0.024,-0.2
216,8,0.388,0.424,0.388,0.3,0.236,0.576,0.388,0.8
217,8,0.8,0.624,0.376,0.2,0.224,0.776,0.8,1.0
218,,0.6,0.424,0.176,0.0,0.024,0.576,0.6,0.8
219,,0.4,0.224,-0.024,-0.2,-0.176,0.376,0.4,0.6
220,4,0.388,0.424,0.388,0.8,0.236,0.576,0.388,0.5
221,4,0.376,0.624,0.8,1.0,0.648,0.776,0.376,0.4
222,,0.176,0.424,0.6,0.8,0.448,0.576,0.176,0.2
223,,-0.024,0.224,0.4,0.6,0.248,0.376,-0.024,0.0
224,1,0.976,0.636,0.6,0.588,0.148,0.364,0.176,0.412
225,1,1.0,1.0,0.8,0.576,0.048,0.352,0.376,0.824
226,,0.8,0.8,0.6,0.376,-0.152,0.152,0.176,0.624
227,5,0.7,0.788,0.8,0.788,0.848,0.564,0.376,0.612
228,5,0.6,0.776,1.0,1.0,1.0,0.976,0.576,0.6
229,,0.4,0.576,0.8,0.8,0.8,0.776,0.376,0.4
230,,0.2,0.376,0.6,0.6,0.6,0.576,0.176,0.2
231,,0.0,0.176,0.4,0.4,0.4,0.376,-0.024,0.0
232,7,0.2,0.164,0.3,0.388,0.6,0.788,0.976,0.412
233,7,0.4,0.152,0.2,0.376,0.8,1.0,1.0,0.824
234,,0.2,-0.048,0.0,0.176,0.6,0.8,0.8,0.624
235,2,0.612,0.952,0.412,0.376,0.588,0.7,0.788,0.824
236,2,1.0,1.0,0.824,0.576,0.576,0.6,0.776,1.0
237,,0.8,0.8,0.624,0.376,0.376,0.4,0.576,0.8
238,,0.6,0.6,0.424,0.176,0.176,0.2,0.376,0.6
239,,0.4,0.4,0.224,-0.024,-0.024,0.0,0.176,0.4
240,5,0.3,0.388,0.424,0.388,0.976,0.412,0.376,0.388
241,5,0.2,0.376,0.624,0.8,1.0,0.824,0.576,0.376
242,,0.0,0.176,0.424,0.6,0.8,0.624,0.376,0.176
243,,-0.2,-0.024,0.224,0.4,0.6,0.424,0.176,-0.024
244,1,0.8,0.388,0.424,0.388,0.5,0.412,0.376,0.388
245,1,1.0,0.8,0.624,0.376,0.4,0.4,0.576,0.8
246,,0.8,0.6,0.424,0.176,0.2,0.2,0.376,0.6
247,,0.6,0.4,0.224,-0.024,0.0,0.0,0.176,0.4
248,4,0.588,0.6,0.636,0.976,0.412,0.2,0.164,0.3
249,4,0.576,0.8,1.0,1.0,0.824,0.4,0.152,0.2
250,,0.376,0.6,0.8,0.8,0.624,0.2,-0.048,0.0
251,7,0.576,0.588,0.7,0.788,0.824,0.612,0.952,0.412
252,7,0.776,0.576,0.6,0.776,1.0,1.0,1.0,0.824
253,,0.576,0.376,0.4,0.576,0.8,0.8,0.8,0.624
254,,0.376,0.176,0.2,0.376,0.6,0.6,0.6,0.424
255,,0.176,-0.024,0.0,0.176,0.4,0.4,0.4,0.224
256,2,0.588,0.976,0.412,0.376,0.388,0.3,0.388,0.424
257,2,1.0,1.0,0.824,0.576,0.376,0.2,0.376,0.624
258,,0.8,0.8,0.624,0.376,0.176,0.0,0.176,0.424
259,,0.6,0.6,0.424,0.176,-0.024,-0.2,-0.024,0.224
260,6,0.588,0.5,0.412,0.376,0.388,0.8,0.388,0.424
261,6,0.576,0.4,0.4,0.576,0.8,1.0,0.8,0.624
262,,0.376,0.2,0.2,0.376,0.6,0.8,0.6,0.424
263,,0.176,0.0,0.0,0.176,0.4,0.6,0.4,0.224
264,,-0.024,-0.2,-0.2,-0.024,0.2,0.4,0.2,0.024
265,3,0.176,0.212,0.8,0.388,0.4,0.388,0.1,0.012
266,3,0.376,0.624,1.0,0.8,0.6,0.376,0.0,0.0
267,,0.176,0.424,0.8,0.6,0.4,0.176,-0.2,-0.2
268,7,0.376,0.412,0.7,0.588,0.6,0.588,0.8,0.212
269,7,0.576,0.4,0.6,0.576,0.8,1.0,1.0,0.624
270,,0.376,0.2,0.4,0.376,0.6,0.8,0.8,0.424
271,,0.176,0.0,0.2,0.176,0.4,0.6,0.6,0.224
272,,-0.024,-0.2,0.0,-0.024,0.2,0.4,0.4,0.024
273,2,0.388,0.8,0.412,0.176,0.188,0.3,0.388,0.224
274,2,0.8,1.0,0.824,0.376,0.176,0.2,0.376,0.424
275,,0.6,0.8,0.624,0.176,-0.024,0.0,0.176,0.224
276,5,0.5,0.788,0.824,0.588,0.976,0.412,0.376,0.212
277,5,0.4,0.776,1.0,1.0,1.0,0.824,0.576,0.2
278,,0.2,0.576,0.8,0.8,0.8,0.624,0.376,0.0
279,,0.0,0.376,0.6,0.6,0.6,0.424,0.176,-0.2
280,8,0.412,0.576,0.588,0.5,0.588,0.624,0.588,0.8
281,8,0.824,0.776,0.576,0.4,0.576,0.824,1.0,1.0
282,,0.624,0.576,0.376,0.2,0.376,0.624,0.8,0.8
283,,0.424,0.376,0.176,0.0,0.176,0.424,0.6,0.6
284,,0.224,0.176,-0.024,-0.2,-0.024,0.224,0.4,0.4
285,4,0.212,0.376,0.388,0.8,0.388,0.424,0.388,0.3
286,4,0.2,0.576,0.8,1.0,0.8,0.624,0.376,0.2
287,,0.0,0.376,0.6,0.8,0.6,0.424,0.176,0.0
288,,-0.2,0.176,0.4,0.6,0.4,0.224,-0.024,-0.2
289,1,0.8,0.588,0.6,0.588,0.3,0.212,0.176,0.212
290,1,1.0,1.0,0.8,0.576,0.2,0.2,0.376,0.624
291,,0.8,0.8,0.6,0.376,0.0,0.0,0.176,0.424
292,,0.6,0.6,0.4,0.176,-0.2,-0.2,-0.024,0.224
293,5,0.5,0.588,0.6,0.588,0.8,0.212,0.176,0.212
294,5,0.4,0.576,0.8,1.0,1.0,0.624,0.376,0.2
295,,0.2,0.376,0.6,0.8,0.8,0.424,0.176,0.0
296,,0.0,0.176,0.4,0.6,0.6,0.224,-0.024,-0.2
297,8,0.412,0.376,0.388,0.5,0.588,0.424,0.388,0.8
298,8,0.824,0.576,0.376,0.4,0.576,0.624,0.8,1.0
299,,0.624,0.376,0.176,0.2,0.376,0.424,0.6,0.8
300,,0.424,0.176,-0.024,0.0,0.176,0.224,0.4,0.6
301,3,0.624,0.588,0.976,0.412,0.376,0.212,0.3,0.588
302,3,0.824,1.0,1.0,0.824,0.576,0.2,0.2,0.576
303,,0.624,0.8,0.8,0.624,0.376,0.0,0.0,0.376
304,,0.424,0.6,0.6,0.424,0.176,-0.2,-0.2,0.176
305,6,0.412,0.5,0.588,0.624,0.588,0.8,0.212,0.376
306,6,0.4,0.4,0.576,0.824,1.0,1.0,0.624,0.576
307,,0.2,0.2,0.376,0.624,0.8,0.8,0.424,0.376
308,,0.0,0.0,0.176,0.424,0.6,0.6,0.224,0.176
309,,-0.2,-0.2,-0.024,0.224,0.4,0.4,0.024,-0.024
310,2,0.212,0.8,0.388,0.424,0.388,0.3,0.012,0.176
311,2,0.624,1.0,0.8,0.624,0.376,0.2,0.0,0.376
312,,0.424,0.8,0.6,0.424,0.176,0.0,-0.2,0.176
313,7,0.624,0.788,0.5,0.412,0.376,0.412,0.8,0.588
314,7,0.824,0.776,0.4,0.4,0.576,0.824,1.0,1.0
315,,0.624,0.576,0.2,0.2,0.376,0.624,0.8,0.8
316,,0.424,0.376,0.0,0.0,0.176,0.424,0.6,0.6
317,,0.224,0.176,-0.2,-0.2,-0.024,0.224,0.4,0.4
318,4,0.212,0.376,0.212,0.8,0.388,0.424,0.388,0.3
319,4,0.2,0.576,0.624,1.0,0.8,0.624,0.376,0.2
320,,0.0,0.376,0.424,0.8,0.6,0.424,0.176,0.0
321,,-0.2,0.176,0.224,0.6,0.4,0.224,-0.024,-0.2
322,1,0.8,0.588,0.424,0.588,0.3,0.212,0.176,0.212
323,1,1.0,1.0,0.624,0.576,0.2,0.2,0.376,0.624
324,,0.8,0.8,0.424,0.376,0.0,0.0,0.176,0.424
325,,0.6,0.6,0.224,0.176,-0.2,-0.2,-0.024,0.224
326,6,0.588,0.5,0.212,0.376,0.212,0.8,0.388,0.424
327,6,0.576,0.4,0.2,0.576,0.624,1.0,0.8,0.624
328,,0.376,0.2,0.0,0.376,0.424,0.8,0.6,0.424
329,,0.176,0.0,-0.2,0.176,0.224,0.6,0.4,0.224
330,3,0.376,0.412,0.8,0.588,0.424,0.588,0.3,0.212
331,3,0.576,0.824,1.0,1.0,0.624,0.576,0.2,0.2
332,,0.376,0.624,0.8,0.8,0.424,0.376,0.0,0.0
333,,0.176,0.424,0.6,0.6,0.224,0.176,-0.2,-0.2
334,8,0.588,0.624,0.588,0.5,0.212,0.376,0.212,0.8
335,8,1.0,0.824,0.576,0.4,0.2,0.576,0.624,1.0
336,,0.8,0.624,0.376,0.2,0.0,0.376,0.424,0.8
337,,0.6,0.424,0.176,0.0,-0.2,0.176,0.224,0.6
338,5,0.5,0.412,0.376,0.412,0.8,0.588,0.424,0.588
339,5,0.4,0.4,0.576,0.824,1.0,1.0,0.624,0.576
340,,0.2,0.2,0.376,0.624,0.8,0.8,0.424,0.376
341,,0.0,0.0,0.176,0.424,0.6,0.6,0.224,0.176
342,,-0.2,-0.2,-0.024,0.224,0.4,0.4,0.024,-0.024
343,2,0.212,0.8,0.388,0.424,0.388,0.3,0.012,0.176
344,2,0.624,1.0,0.8,0.624,0.376,0.2,0.0,0.376
345,,0.424,0.8,0.6,0.424,0.176,0.0,-0.2,0.176
346,7,0.624,0.788,0.5,0.412,0.376,0.412,0.8,0.588
347,7,0.824,0.776,0.4,0.4,0.576,0.824,1.0,1.0
348,,0.624,0.576,0.2,0.2,0.376,0.624,0.8,0.8
349,,0.424,0.376,0.0,0.0,0.176,0.424,0.6,0.6
350,,0.224,0.176,-0.2,-0.2,-0.024,0.224,0.4,0.4
351,4,0.212,0.376,0.212,0.8,0.388,0.424,0.388,0.3
352,4,0.2,0.576,0.624,1.0,0.8,0.624,0.376,0.2
353,,0.0,0.376,0.424,0.8,0.6,0.424,0.176,0.0
354,,-0.2,0.176,0.224,0.6,0.4,0.224,-0.024,-0.2
355,1,0.8,0.588,0.424,0.588,0.3,0.212,0.176,0.212
356,1,1.0,1.0,0.624,0.576,0.2,0.2,0.376,0.624
357,,0.8,0.8,0.424,0.376,0.0,0.0,0.176,0.424
358,,0.6,0.6,0.224,0.176,-0.2,-0.2,-0.024,0.224
359,5,0.5,0.588,0.424,0.588,0.8,0.212,0.176,0.212
360,5,0.4,0.576,0.624,1.0,1.0,0.624,0.376,0.2
361,,0.2,0.376,0.424,0.8,0.8,0.424,0.176,0.0
362,,0.0,0.176,0.224,0.6,0.6,0.224,-0.024,-0.2
363,8,0.412,0.376,0.212,0.5,0.588,0.424,0.388,0.8
364,8,0.824,0.576,0.2,0.4,0.576,0.624,0.8,1.0
365,,0.624,0.376,0.0,0.2,0.376,0.424,0.6,0.8
366,,0.424,0.176,-0.2,0.0,0.176,0.224,0.4,0.6
367,3,0.624,0.588,0.8,0.412,0.376,0.212,0.3,0.588
368,3,0.824,1.0,1.0,0.824,0.576,0.2,0.2,0.576
369,,0.624,0.8,0.8,0.624,0.376,0.0,0.0,0.376
370,,0.424,0.6,0.6,0.424,0.176,-0.2,-0.2,0.176
371,7,0.624,0.588,0.5,0.412,0.376,0.212,0.8,0.588
372,7,0.824,0.576,0.4,0.4,0.576,0.624,1.0,1.0
373,,0.624,0.376,0.2,0.2,0.376,0.424,0.8,0.8
374,,0.424,0.176,0.0,0.0,0.176,0.224,0.6,0.6
375,,0.224,-0.024,-0.2,-0.2,-0.024,0.024,0.4,0.4
376,3,0.424,0.388,0.8,0.212,0.176,0.012,0.3,0.388
377,3,0.624,0.8,1.0,0.624,0.376,0.0,0.2,0.376
378,,0.424,0.6,0.8,0.424,0.176,-0.2,0.0,0.176
379,6,0.412,0.5,0.788,0.624,0.588,0.8,0.412,0.376
380,6,0.4,0.4,0.776,0.824,1.0,1.0,0.824,0.576
381,,0.2,0.2,0.576,0.624,0.8,0.8,0.624,0.376
382,,0.0,0.0,0.376,0.424,0.6,0.6,0.424,0.176
383,,-0.2,-0.2,0.176,0.224,0.4,0.4,0.224,-0.024
384,1,0.8,0.212,0.376,0.212,0.3,0.388,0.424,0.388
385,1,1.0,0.624,0.576,0.2,0.2,0.376,0.624,0.8
386,,0.8,0.424,0.376,0.0,0.0,0.176,0.424,0.6
387,,0.6,0.224,0.176,-0.2,-0.2,-0.024,0.224,0.4
388,4,0.588,0.424,0.588,0.8,0.212,0.176,0.212,0.3
389,4,0.576,0.624,1.0,1.0,0.624,0.376,0.2,0.2
390,,0.376,0.424,0.8,0.8,0.424,0.176,0.0,0.0
391,,0.176,0.224,0.6,0.6,0.224,-0.024,-0.2,-0.2
392,8,0.588,0.424,0.588,0.5,0.212,0.176,0.212,0.8
393,8,1.0,0.624,0.576,0.4,0.2,0.376,0.624,1.0
394,,0.8,0.424,0.376,0.2,0.0,0.176,0.424,0.8
395,,0.6,0.224,0.176,0.0,-0.2,-0.024,0.224,0.6
396,5,0.5,0.212,0.376,0.412,0.8,0.388,0.424,0.588
397,5,0.4,0.2,0.576,0.824,1.0,0.8,0.624,0.576
398,,0.2,0.0,0.376,0.624,0.8,0.6,0.424,0.376
399,,0.0,-0.2,0.176,0.424,0.6,0.4,0.224,0.176
400,2,0.412,0.8,0.588,0.624,0.588,0.3,0.212,0.376
401,2,0.824,1.0,1.0,0.824,0.576,0.2,0.2,0.576
402,,0.624,0.8,0.8,0.624,0.376,0.0,0.0,0.376
403,,0.424,0.6,0.6,0.424,0.176,-0.2,-0.2,0.176
404,7,0.624,0.588,0.5,0.412,0.376,0.212,0.8,0.588
405,7,0.824,0.576,0.4,0.4,0.576,0.624,1.0,1.0
406,,0.624,0.376,0.2,0.2,0.376,0.424,0.8,0.8
407,,0.424,0.176,0.0,0.0,0.176,0.224,0.6,0.6
408,,0.224,-0.024,-0.2,-0.2,-0.024,0.024,0.4,0.4
409,4,0.212,0.176,0.212,0.8,0.388,0.224,0.388,0.3
410,4,0.2,0.376,0.624,1.0,0.8,0.424,0.376,0.2
411,,0.0,0.176,0.424,0.8,0.6,0.224,0.176,0.0
412,,-0.2,-0.024,0.224,0.6,0.4,0.024,-0.024,-0.2
413,1,0.8,0.388,0.424,0.588,0.3,0.012,0.176,0.212
414,1,1.0,0.8,0.624,0.576,0.2,0.0,0.376,0.624
415,,0.8,0.6,0.424,0.376,0.0,-0.2,0.176,0.424
416,6,0.788,0.5,0.412,0.576,0.412,0.8,0.588,0.624
417,6,0.776,0.4,0.4,0.776,0.824,1.0,1.0,0.824
418,,0.576,0.2,0.2,0.576,0.624,0.8,0.8,0.624
419,,0.376,0.0,0.0,0.376,0.424,0.6,0.6,0.424
420,,0.176,-0.2,-0.2,0.176,0.224,0.4,0.4,0.224
421,3,0.376,0.212,0.8,0.588,0.424,0.388,0.3,0.212
422,3,0.576,0.624,1.0,1.0,0.624,0.376,0.2,0.2
423,,0.376,0.424,0.8,0.8,0.424,0.176,0.0,0.0
424,,0.176,0.224,0.6,0.6,0.224,-0.024,-0.2,-0.2
425,8,0.588,0.424,0.588,0.5,0.212,0.176,0.212,0.8
426,8,1.0,0.624,0.576,0.4,0.2,0.376,0.624,1.0
427,,0.8,0.424,0.376,0.2,0.0,0.176,0.424,0.8
428,,0.6,0.224,0.176,0.0,-0.2,-0.024,0.224,0.6
429,5,0.5,0.212,0.376,0.412,0.8,0.388,0.424,0.588
430,5,0.4,0.2,0.576,0.824,1.0,0.8,0.624,0.576
431,,0.2,0.0,0.376,0.624,0.8,0.6,0.424,0.376
432,,0.0,-0.2,0.176,0.424,0.6,0.4,0.224,0.176
433,2,0.412,0.8,0.588,0.624,0.588,0.3,0.212,0.376
434,2,0.824,1.0,1.0,0.824,0.576,0.2,0.2,0.576
435,,0.624,0.8,0.8,0.624,0.376,0.0,0.0,0.376
436,,0.424,0.6,0.6,0.424,0.176,-0.2,-0.2,0.176
437,6,0.412,0.5,0.588,0.624,0.588,0.8,0.212,0.376
438,6,0.4,0.4,0.576,0.824,1.0,1.0,0.624,0.576
439,,0.2,0.2,0.376,0.624,0.8,0.8,0.424,0.376
440,,0.0,0.0,0.176,0.424,0.6,0.6,0.224,0.176
441,,-0.2,-0.2,-0.024,0.224,0.4,0.4,0.024,-0.024
442,2,0.212,0.8,0.388,0.424,0.388,0.3,0.012,0.176
443,2,0.624,1.0,0.8,0.624,0.376,0.2,0.0,0.376
444,,0.424,0.8,0.6,0.424,0.176,0.0,-0.2,0.176
445,7,0.624,0.788,0.5,0.412,0.376,0.412,0.8,0.588
446,7,0.824,0.776,0.4,0.4,0.576,0.824,1.0,1.0
447,,0.624,0.576,0.2,0.2,0.376,0.624,0.8,0.8
448,,0.424,0.376,0.0,0.0,0.176,0.424,0.6,0.6
449,,0.224,0.176,-0.2,-0.2,-0.024,0.224,0.4,0.4
450,4,0.212,0.376,0.212,0.8,0.388,0.424,0.388,0.3
451,4,0.2,0.576,0.624,1.0,0.8,0.624,0.376,0.2
452,,0.0,0.376,0.424,0.8,0.6,0.424,0.176,0.0
453,,-0.2,0.176,0.224,0.6,0.4,0.224,-0.024,-0.2
454,1,0.8,0.588,0.424,0.588,0.3,0.212,0.176,0.212
455,1,1.0,1.0,0.624,0.576,0.2,0.2,0.376,0.624
456,,0.8,0.8,0.424,0.376,0.0,0.0,0.176,0.424
457,,0.6,0.6,0.224,0.176,-0.2,-0.2,-0.024,0.224
458,5,0.5,0.588,0.424,0.588,0.8,0.212,0.176,0.212
459,5,0.4,0.576,0.624,1.0,1.0,0.624,0.376,0.2
460,,0.2,0.376,0.424,0.8,0.8,0.424,0.176,0.0
461,,0.0,0.176,0.224,0.6,0.6,0.224,-0.024,-0.2
462,8,0.412,0.376,0.212,0.5,0.588,0.424,0.388,0.8
463,8,0.824,0.576,0.2,0.4,0.576,0.624,0.8,1.0
464,,0.624,0.376,0.0,0.2,0.376,0.424,0.6,0.8
465,,0.424,0.176,-0.2,0.0,0.176,0.224,0.4,0.6
466,3,0.624,0.588,0.8,0.412,0.376,0.212,0.3,0.588
467,3,0.824,1.0,1.0,0.824,0.576,0.2,0.2,0.576
468,,0.624,0.8,0.8,0.624,0.376,0.0,0.0,0.376
469,,0.424,0.6,0.6,0.424,0.176,-0.2,-0.2,0.176
470,6,0.412,0.5,0.588,0.624,0.588,0.8,0.212,0.376
471,6,0.4,0.4,0.576,0.824,1.0,1.0,0.624,0.576
472,,0.2,0.2,0.376,0.624,0.8,0.8,0.424,0.376
473,,0.0,0.0,0.176,0.424,0.6,0.6,0.224,0.176
474,,-0.2,-0.2,-0.024,0.224,0.4,0.4,0.024,-0.024
475,2,0.212,0.8,0.388,0.424,0.388,0.3,0.012,0.176
476,2,0.624,1.0,0.8,0.624,0.376,0.2,0.0,0.376
477,,0.424,0.8,0.6,0.424,0.176,0.0,-0.2,0.176
478,7,0.624,0.788,0.5,0.412,0.376,0.412,0.8,0.588
479,7,0.824,0.776,0.4,0.4,0.576,0.824,1.0,1.0
480,,0.624,0.576,0.2,0.2,0.376,0.624,0.8,0.8
481,,0.424,0.376,0.0,0.0,0.176,0.424,0.6,0.6
482,,0.224,0.176,-0.2,-0.2,-0.024,0.224,0.4,0.4
483,4,0.212,0.376,0.212,0.8,0.388,0.424,0.388,0.3
484,4,0.2,0.576,0.624,1.0,0.8,0.624,0.376,0.2
485,,0.0,0.376,0.424,0.8,0.6,0.424,0.176,0.0
486,,-0.2,0.176,0.224,0.6,0.4,0.224,-0.024,-0.2
487,8,0.212,0.376,0.212,0.5,0.388,0.424,0.388,0.8
488,8,0.624,0.576,0.2,0.4,0.376,0.624,0.8,1.0
489,,0.424,0.376,0.0,0.2,0.176,0.424,0.6,0.8
490,,0.224,0.176,-0.2,0.0,-0.024,0.224,0.4,0.6
491,3,0.424,0.588,0.8,0.412,0.176,0.212,0.3,0.588
492,3,0.624,1.0,1.0,0.824,0.376,0.2,0.2,0.576
493,,0.424,0.8,0.8,0.624,0.176,0.0,0.0,0.376
494,,0.224,0.6,0.6,0.424,-0.024,-0.2,-0.2,0.176
495,6,0.212,0.5,0.588,0.624,0.388,0.8,0.212,0.376
496,6,0.2,0.4,0.576,0.824,0.8,1.0,0.624,0.576
497,,0.0,0.2,0.376,0.624,0.6,0.8,0.424,0.376
498,,-0.2,0.0,0.176,0.424,0.4,0.6,0.224,0.176
499,1,0.8,0.412,0.376,0.412,0.3,0.588,0.424,0.588
500,1,1.0,0.824,0.576,0.4,0.2,0.576,0.624,1.0
501,,0.8,0.624,0.376,0.2,0.0,0.376,0.424,0.8
502,,0.6,0.424,0.176,0.0,-0.2,0.176,0.224,0.6
503,5,0.5,0.412,0.376,0.412,0.8,0.588,0.424,0.588
504,5,0.4,0.4,0.576,0.824,1.0,1.0,0.624,0.576
505,,0.2,0.2,0.376,0.624,0.8,0.8,0.424,0.376
506,,0.0,0.0,0.176,0.424,0.6,0.6,0.224,0.176
507,,-0.2,-0.2,-0.024,0.224,0.4,0.4,0.024,-0.024
508,1,0.8,0.212,0.176,0.212,0.3,0.388,0.224,0.388
509,1,1.0,0.624,0.376,0.2,0.2,0.376,0.424,0.8
510,,0.8,0.424,0.176,0.0,0.0,0.176,0.224,0.6
511,,0.6,0.224,-0.024,-0.2,-0.2,-0.024,0.024,0.4
512,5,0.5,0.212,0.176,0.212,0.8,0.388,0.224,0.388
513,5,0.4,0.2,0.376,0.624,1.0,0.8,0.424,0.376
514,,0.2,0.0,0.176,0.424,0.8,0.6,0.224,0.176
515,,0.0,-0.2,-0.024,0.224,0.6,0.4,0.024,-0.024
516,2,0.412,0.8,0.388,0.424,0.588,0.3,0.012,0.176
517,2,0.824,1.0,0.8,0.624,0.576,0.2,0.0,0.376
518,,0.624,0.8,0.6,0.424,0.376,0.0,-0.2,0.176
519,7,0.824,0.788,0.5,0.412,0.576,0.412,0.8,0.588
520,7,1.0,0.776,0.4,0.4,0.776,0.824,1.0,1.0
521,,0.8,0.576,0.2,0.2,0.576,0.624,0.8,0.8
522,,0.6,0.376,0.0,0.0,0.376,0.424,0.6,0.6
523,,0.4,0.176,-0.2,-0.2,0.176,0.224,0.4,0.4
524,4,0.388,0.376,0.212,0.8,0.588,0.424,0.388,0.3
525,4,0.376,0.576,0.624,1.0,1.0,0.624,0.376,0.2
526,,0.176,0.376,0.424,0.8,0.8,0.424,0.176,0.0
527,,-0.024,0.176,0.224,0.6,0.6,0.224,-0.024,-0.2
528,8,0.388,0.376,0.212,0.5,0.588,0.424,0.388,0.8
529,8,0.8,0.576,0.2,0.4,0.576,0.624,0.8,1.0
530,,0.6,0.376,0.0,0.2,0.376,0.424,0.6,0.8
531,,0.4,0.176,-0.2,0.0,0.176,0.224,0.4,0.6
532,3,0.6,0.588,0.8,0.412,0.376,0.212,0.3,0.588
533,3,0.8,1.0,1.0,0.824,0.576,0.2,0.2,0.576
534,,0.6,0.8,0.8,0.624,0.376,0.0,0.0,0.376
535,,0.4,0.6,0.6,0.424,0.176,-0.2,-0.2,0.176
536,6,0.388,0.5,0.588,0.624,0.588,0.8,0.212,0.376
537,6,0.376,0.4,0.576,0.824,1.0,1.0,0.624,0.576
538,,0.176,0.2,0.376,0.624,0.8,0.8,0.424,0.376
539,,-0.024,0.0,0.176,0.424,0.6,0.6,0.224,0.176
540,1,0.976,0.412,0.376,0.412,0.5,0.588,0.424,0.588
541,1,1.0,0.824,0.576,0.4,0.4,0.576,0.624,1.0
542,,0.8,0.624,0.376,0.2,0.2,0.376,0.424,0.8
543,,0.6,0.424,0.176,0.0,0.0,0.176,0.224,0.6
544,,0.4,0.224,-0.024,-0.2,-0.2,-0.024,0.024,0.4
545,4,0.388,0.424,0.388,0.8,0.212,0.176,0.012,0.3
546,4,0.376,0.624,0.8,1.0,0.624,0.376,0.0,0.2
547,,0.176,0.424,0.6,0.8,0.424,0.176,-0.2,0.0
548,7,0.376,0.412,0.5,0.788,0.624,0.588,0.8,0.412
549,7,0.576,0.4,0.4,0.776,0.824,1.0,1.0,0.824
550,,0.376,0.2,0.2,0.576,0.624,0.8,0.8,0.624
551,,0.176,0.0,0.0,0.376,0.424,0.6,0.6,0.424
552,,-0.024,-0.2,-0.2,0.176,0.224,0.4,0.4,0.224
553,2,0.388,0.8,0.212,0.376,0.212,0.3,0.388,0.424
554,2,0.8,1.0,0.624,0.576,0.2,0.2,0.376,0.624
555,,0.6,0.8,0.424,0.376,0.0,0.0,0.176,0.424
556,,0.4,0.6,0.224,0.176,-0.2,-0.2,-0.024,0.224
557,5,0.3,0.588,0.424,0.588,0.8,0.212,0.176,0.212
558,5,0.2,0.576,0.624,1.0,1.0,0.624,0.376,0.2
559,,0.0,0.376,0.424,0.8,0.8,0.424,0.176,0.0
560,,-0.2,0.176,0.224,0.6,0.6,0.224,-0.024,-0.2
561,8,0.212,0.376,0.212,0.5,0.588,0.424,0.388,0.8
562,8,0.624,0.576,0.2,0.4,0.576,0.624,0.8,1.0
563,,0.424,0.376,0.0,0.2,0.376,0.424,0.6,0.8
564,,0.224,0.176,-0.2,0.0,0.176,0.224,0.4,0.6
565,3,0.424,0.588,0.8,0.412,0.376,0.212,0.3,0.588
566,3,0.624,1.0,1.0,0.824,0.576,0.2,0.2,0.576
567,,0.424,0.8,0.8,0.624,0.376,0.0,0.0,0.376
568,,0.224,0.6,0.6,0.424,0.176,-0.2,-0.2,0.176
569,6,0.212,0.5,0.588,0.624,0.588,0.8,0.212,0.376
570,6,0.2,0.4,0.576,0.824,1.0,1.0,0.624,0.576
571,,0.0,0.2,0.376,0.624,0.8,0.8,0.424,0.376
572,,-0.2,0.0,0.176,0.424,0.6,0.6,0.224,0.176
573,1,0.8,0.412,0.376,0.412,0.5,0.588,0.424,0.588
574,1,1.0,0.824,0.576,0.4,0.4,0.576,0.624,1.0
575,,0.8,0.624,0.376,0.2,0.2,0.376,0.424,0.8
576,,0.6,0.424,0.176,0.0,0.0,0.176,0.224,0.6
577,,0.4,0.224,-0.024,-0.2,-0.2,-0.024,0.024,0.4
578,5,0.3,0.212,0.176,0.212,0.8,0.388,0.224,0.388
579,5,0.2,0.2,0.376,0.624,1.0,0.8,0.424,0.376
580,,0.0,0.0,0.176,0.424,0.8,0.6,0.224,0.176
581,,-0.2,-0.2,-0.024,0.224,0.6,0.4,0.024,-0.024
582,2,0.212,0.8,0.388,0.424,0.588,0.3,0.012,0.176
583,2,0.624,1.0,0.8,0.624,0.576,0.2,0.0,0.376
584,,0.424,0.8,0.6,0.424,0.376,0.0,-0.2,0.176
585,7,0.624,0.788,0.5,0.412,0.576,0.412,0.8,0.588
586,7,0.824,0.776,0.4,0.4,0.776,0.824,1.0,1.0
587,,0.624,0.576,0.2,0.2,0.576,0.624,0.8,0.8
588,,0.424,0.376,0.0,0.0,0.376,0.424,0.6,0.6
589,,0.224,0.176,-0.2,-0.2,0.176,0.224,0.4,0.4
590,4,0.212,0.376,0.212,0.8,0.588,0.424,0.388,0.3
591,4,0.2,0.576,0.624,1.0,1.0,0.624,0.376,0.2
592,,0.0,0.376,0.424,0.8,0.8,0.424,0.176,0.0
593,,-0.2,0.176,0.224,0.6,0.6,0.224,-0.024,-0.2
594,1,0.8,0.588,0.424,0.588,0.5,0.212,0.176,0.212
595,1,1.0,1.0,0.624,0.576,0.4,0.2,0.376,0.624
596,,0.8,0.8,0.424,0.376,0.2,0.0,0.176,0.424
597,,0.6,0.6,0.224,0.176,0.0,-0.2,-0.024,0.224
598,6,0.588,0.5,0.212,0.376,0.412,0.8,0.388,0.424
599,6,0.576,0.4,0.2,0.576,0.824,1.0,0.8,0.624
600,,0.376,0.2,0.0,0.376,0.624,0.8,0.6,0.424
601,,0.176,0.0,-0.2,0.176,0.424,0.6,0.4,0.224
602,3,0.376,0.412,0.8,0.588,0.624,0.588,0.3,0.212
603,3,0.576,0.824,1.0,1.0,0.824,0.576,0.2,0.2
604,,0.376,0.624,0.8,0.8,0.624,0.376,0.0,0.0
605,,0.176,0.424,0.6,0.6,0.424,0.176,-0.2,-0.2
606,7,0.376,0.412,0.5,0.588,0.624,0.588,0.8,0.212
607,7,0.576,0.4,0.4,0.576,0.824,1.0,1.0,0.624
608,,0.376,0.2,0.2,0.376,0.624,0.8,0.8,0.424
609,,0.176,0.0,0.0,0.176,0.424,0.6,0.6,0.224
610,,-0.024,-0.2,-0.2,-0.024,0.224,0.4,0.4,0.024
611,2,0.388,0.8,0.212,0.176,0.212,0.3,0.388,0.224
612,2,0.8,1.0,0.624,0.376,0.2,0.2,0.376,0.424
613,,0.6,0.8,0.424,0.176,0.0,0.0,0.176,0.224
614,,0.4,0.6,0.224,-0.024,-0.2,-0.2,-0.024,0.024
615,5,0.3,0.588,0.424,0.388,0.8,0.212,0.176,0.012
616,5,0.2,0.576,0.624,0.8,1.0,0.624,0.376,0.0
617,,0.0,0.376,0.424,0.6,0.8,0.424,0.176,-0.2
618,8,0.412,0.576,0.412,0.5,0.788,0.624,0.588,0.8
619,8,0.824,0.776,0.4,0.4,0.776,0.824,1.0,1.0
620,,0.624,0.576,0.2,0.2,0.576,0.624,0.8,0.8
621,,0.424,0.376,0.0,0.0,0.376,0.424,0.6,0.6
622,,0.224,0.176,-0.2,-0.2,0.176,0.224,0.4,0.4
623,4,0.212,0.376,0.212,0.8,0.588,0.424,0.388,0.3
624,4,0.2,0.576,0.624,1.0,1.0,0.624,0.376,0.2
625,,0.0,0.376,0.424,0.8,0.8,0.424,0.176,0.0
626,,-0.2,0.176,0.224,0.6,0.6,0.224,-0.024,-0.2
627,1,0.8,0.588,0.424,0.588,0.5,0.212,0.176,0.212
628,1,1.0,1.0,0.624,0.576,0.4,0.2,0.376,0.624
629,,0.8,0.8,0.424,0.376,0.2,0.0,0.176,0.424
630,,0.6,0.6,0.224,0.176,0.0,-0.2,-0.024,0.224
631,6,0.588,0.5,0.212,0.376,0.412,0.8,0.388,0.424
632,6,0.576,0.4,0.2,0.576,0.824,1.0,0.8,0.624
633,,0.376,0.2,0.0,0.376,0.624,0.8,0.6,0.424
634,,0.176,0.0,-0.2,0.176,0.424,0.6,0.4,0.224
635,3,0.376,0.412,0.8,0.588,0.624,0.588,0.3,0.212
636,3,0.576,0.824,1.0,1.0,0.824,0.576,0.2,0.2
637,,0.376,0.624,0.8,0.8,0.624,0.376,0.0,0.0
638,,0.176,0.424,0.6,0.6,0.424,0.176,-0.2,-0.2
639,7,0.376,0.412,0.5,0.588,0.624,0.588,0.8,0.212
640,7,0.576,0.4,0.4,0.576,0.824,1.0,1.0,0.624
641,,0.376,0.2,0.2,0.376,0.624,0.8,0.8,0.424
642,,0.176,0.0,0.0,0.176,0.424,0.6,0.6,0.224
643,,-0.024,-0.2,-0.2,-0.024,0.224,0.4,0.4,0.024
644,3,0.176,0.212,0.8,0.388,0.424,0.388,0.3,0.012
645,3,0.376,0.624,1.0,0.8,0.624,0.376,0.2,0.0
646,,0.176,0.424,0.8,0.6,0.424,0.176,0.0,-0.2
647,8,0.588,0.624,0.788,0.5,0.412,0.376,0.412,0.8
648,8,1.0,0.824,0.776,0.4,0.4,0.576,0.824,1.0
649,,0.8,0.624,0.576,0.2,0.2,0.376,0.624,0.8
650,,0.6,0.424,0.376,0.0,0.0,0.176,0.424,0.6
651,,0.4,0.224,0.176,-0.2,-0.2,-0.024,0.224,0.4
652,4,0.388,0.424,0.588,0.8,0.212,0.176,0.212,0.3
653,4,0.376,0.624,1.0,1.0,0.624,0.376,0.2,0.2
654,,0.176,0.424,0.8,0.8,0.424,0.176,0.0,0.0
655,,-0.024,0.224,0.6,0.6,0.224,-0.024,-0.2,-0.2
656,8,0.388,0.424,0.588,0.5,0.212,0.176,0.212,0.8
657,8,0.8,0.624,0.576,0.4,0.2,0.376,0.624,1.0
658,,0.6,0.424,0.376,0.2,0.0,0.176,0.424,0.8
659,,0.4,0.224,0.176,0.0,-0.2,-0.024,0.224,0.6
660,5,0.3,0.212,0.376,0.412,0.8,0.388,0.424,0.588
661,5,0.2,0.2,0.576,0.824,1.0,0.8,0.624,0.576
662,,0.0,0.0,0.376,0.624,0.8,0.6,0.424,0.376
663,,-0.2,-0.2,0.176,0.424,0.6,0.4,0.224,0.176
664,2,0.212,0.8,0.588,0.624,0.588,0.3,0.212,0.376
665,2,0.624,1.0,1.0,0.824,0.576,0.2,0.2,0.576
666,,0.424,0.8,0.8,0.624,0.376,0.0,0.0,0.376
667,,0.224,0.6,0.6,0.424,0.176,-0.2,-0.2,0.176
668,7,0.424,0.588,0.5,0.412,0.376,0.212,0.8,0.588
669,7,0.624,0.576,0.4,0.4,0.576,0.624,1.0,1.0
670,,0.424,0.376,0.2,0.2,0.376,0.424,0.8,0.8
671,,0.224,0.176,0.0,0.0,0.176,0.224,0.6,0.6
672,,0.024,-0.024,-0.2,-0.2,-0.024,0.024,0.4,0.4
673,4,0.012,0.176,0.212,0.8,0.388,0.224,0.388,0.3
674,4,0.0,0.376,0.624,1.0,0.8,0.424,0.376,0.2
675,,-0.2,0.176,0.424,0.8,0.6,0.224,0.176,0.0
676,1,0.8,0.588,0.624,0.788,0.5,0.212,0.376,0.412
677,1,1.0,1.0,0.824,0.776,0.4,0.2,0.576,0.824
678,,0.8,0.8,0.624,0.576,0.2,0.0,0.376,0.624
679,,0.6,0.6,0.424,0.376,0.0,-0.2,0.176,0.424
680,6,0.588,0.5,0.412,0.576,0.412,0.8,0.588,0.624
681,6,0.576,0.4,0.4,0.776,0.824,1.0,1.0,0.824
682,,0.376,0.2,0.2,0.576,0.624,0.8,0.8,0.624
683,,0.176,0.0,0.0,0.376,0.424,0.6,0.6,0.424
684,,-0.024,-0.2,-0.2,0.176,0.224,0.4,0.4,0.224
685,3,0.176,0.212,0.8,0.588,0.424,0.388,0.3,0.212
686,3,0.376,0.624,1.0,1.0,0.624,0.376,0.2,0.2
687,,0.176,0.424,0.8,0.8,0.424,0.176,0.0,0.0
688,,-0.024,0.224,0.6,0.6,0.224,-0.024,-0.2,-0.2
689,8,0.388,0.424,0.588,0.5,0.212,0.176,0.212,0.8
690,8,0.8,0.624,0.576,0.4,0.2,0.376,0.624,1.0
691,,0.6,0.424,0.376,0.2,0.0,0.176,0.424,0.8
692,,0.4,0.224,0.176,0.0,-0.2,-0.024,0.224,0.6
693,5,0.3,0.212,0.376,0.412,0.8,0.388,0.424,0.588
694,5,0.2,0.2,0.576,0.824,1.0,0.8,0.624,0.576
695,,0.0,0.0,0.376,0.624,0.8,0.6,0.424,0.376
696,,-0.2,-0.2,0.176,0.424,0.6,0.4,0.224,0.176
697,2,0.212,0.8,0.588,0.624,0.588,0.3,0.212,0.376
698,2,0.624,1.0,1.0,0.824,0.576,0.2,0.2,0.576
699,,0.424,0.8,0.8,0.624,0.376,0.0,0.0,0.376
700,,0.224,0.6,0.6,0.424,0.176,-0.2,-0.2,0.176
701,7,0.424,0.588,0.5,0.412,0.376,0.212,0.8,0.588
702,7,0.624,0.576,0.4,0.4,0.576,0.624,1.0,1.0
703,,0.424,0.376,0.2,0.2,0.376,0.424,0.8,0.8
704,,0.224,0.176,0.0,0.0,0.176,0.224,0.6,0.6
705,,0.024,-0.024,-0.2,-0.2,-0.024,0.024,0.4,0.4
706,3,0.224,0.388,0.8,0.212,0.176,0.012,0.3,0.388
707,3,0.424,0.8,1.0,0.624,0.376,0.0,0.2,0.376
708,,0.224,0.6,0.8,0.424,0.176,-0.2,0.0,0.176
709,6,0.212,0.5,0.788,0.624,0.588,0.8,0.412,0.376
710,6,0.2,0.4,0.776,0.824,1.0,1.0,0.824,0.576
711,,0.0,0.2,0.576,0.624,0.8,0.8,0.624,0.376
712,,-0.2,0.0,0.376,0.424,0.6,0.6,0.424,0.176
713,1,0.8,0.412,0.576,0.412,0.5,0.588,0.624,0.588
714,1,1.0,0.824,0.776,0.4,0.4,0.576,0.824,1.0
715,,0.8,0.624,0.576,0.2,0.2,0.376,0.624,0.8
716,,0.6,0.424,0.376,0.0,0.0,0.176,0.424,0.6
717,,0.4,0.224,0.176,-0.2,-0.2,-0.024,0.224,0.4
718,4,0.388,0.424,0.588,0.8,0.212,0.176,0.212,0.3
719,4,0.376,0.624,1.0,1.0,0.624,0.376,0.2,0.2
720,,0.176,0.424,0.8,0.8,0.424,0.176,0.0,0.0
721,,-0.024,0.224,0.6,0.6,0.224,-0.024,-0.2,-0.2
722,7,0.176,0.212,0.5,0.588,0.424,0.388,0.8,0.212
723,7,0.376,0.2,0.4,0.576,0.624,0.8,1.0,0.624
724,,0.176,0.0,0.2,0.376,0.424,0.6,0.8,0.424
725,,-0.024,-0.2,0.0,0.176,0.224,0.4,0.6,0.224
726,2,0.388,0.8,0.412,0.376,0.212,0.3,0.588,0.424
727,2,0.8,1.0,0.824,0.576,0.2,0.2,0.576,0.624
728,,0.6,0.8,0.624,0.376,0.0,0.0,0.376,0.424
729,,0.4,0.6,0.424,0.176,-0.2,-0.2,0.176,0.224
730,5,0.3,0.588,0.624,0.588,0.8,0.212,0.376,0.212
731,5,0.2,0.576,0.824,1.0,1.0,0.624,0.576,0.2
732,,0.0,0.376,0.624,0.8,0.8,0.424,0.376,0.0
733,,-0.2,0.176,0.424,0.6,0.6,0.224,0.176,-0.2
734,8,0.212,0.376,0.412,0.5,0.588,0.424,0.588,0.8
735,8,0.624,0.576,0.4,0.4,0.576,0.624,1.0,1.0
736,,0.424,0.376,0.2,0.2,0.376,0.424,0.8,0.8
737,,0.224,0.176,0.0,0.0,0.176,0.224,0.6,0.6
738,,0.024,-0.024,-0.2,-0.2,-0.024,0.024,0.4,0.4
739,3,0.224,0.388,0.8,0.212,0.176,0.012,0.3,0.388
740,3,0.424,0.8,1.0,0.624,0.376,0.0,0.2,0.376
741,,0.224,0.6,0.8,0.424,0.176,-0.2,0.0,0.176
742,6,0.212,0.5,0.788,0.624,0.588,0.8,0.412,0.376
743,6,0.2,0.4,0.776,0.824,1.0,1.0,0.824,0.576
744,,0.0,0.2,0.576,0.624,0.8,0.8,0.624,0.376
745,,-0.2,0.0,0.376,0.424,0.6,0.6,0.424,0.176
746,1,0.8,0.412,0.576,0.412,0.5,0.588,0.624,0.588
747,1,1.0,0.824,0.776,0.4,0.4,0.576,0.824,1.0
748,,0.8,0.624,0.576,0.2,0.2,0.376,0.624,0.8
749,,0.6,0.424,0.376,0.0,0.0,0.176,0.424,0.6
750,,0.4,0.224,0.176,-0.2,-0.2,-0.024,0.224,0.4
751,5,0.3,0.212,0.376,0.212,0.8,0.388,0.424,0.388
752,5,0.2,0.2,0.576,0.624,1.0,0.8,0.624,0.376
753,,0.0,0.0,0.376,0.424,0.8,0.6,0.424,0.176
754,,-0.2,-0.2,0.176,0.224,0.6,0.4,0.224,-0.024
755,1,0.8,0.212,0.376,0.212,0.5,0.388,0.424,0.388
756,1,1.0,0.624,0.576,0.2,0.4,0.376,0.624,0.8
757,,0.8,0.424,0.376,0.0,0.2,0.176,0.424,0.6
758,,0.6,0.224,0.176,-0.2,0.0,-0.024,0.224,0.4
759,4,0.588,0.424,0.588,0.8,0.412,0.176,0.212,0.3
760,4,0.576,0.624,1.0,1.0,0.824,0.376,0.2,0.2
761,,0.376,0.424,0.8,0.8,0.624,0.176,0.0,0.0
762,,0.176,0.224,0.6,0.6,0.424,-0.024,-0.2,-0.2
763,7,0.376,0.212,0.5,0.588,0.624,0.388,0.8,0.212
764,7,0.576,0.2,0.4,0.576,0.824,0.8,1.0,0.624
765,,0.376,0.0,0.2,0.376,0.624,0.6,0.8,0.424
766,,0.176,-0.2,0.0,0.176,0.424,0.4,0.6,0.224
767,2,0.588,0.8,0.412,0.376,0.412,0.3,0.588,0.424
768,2,1.0,1.0,0.824,0.576,0.4,0.2,0.576,0.624
769,,0.8,0.8,0.624,0.376,0.2,0.0,0.376,0.424
770,,0.6,0.6,0.424,0.176,0.0,-0.2,0.176,0.224
771,6,0.588,0.5,0.412,0.376,0.412,0.8,0.588,0.424
772,6,0.576,0.4,0.4,0.576,0.824,1.0,1.0,0.624
773,,0.376,0.2,0.2,0.376,0.624,0.8,0.8,0.424
774,,0.176,0.0,0.0,0.176,0.424,0.6,0.6,0.224
775,,-0.024,-0.2,-0.2,-0.024,0.224,0.4,0.4,0.024
776,2,0.388,0.8,0.212,0.176,0.212,0.3,0.388,0.224
777,2,0.8,1.0,0.624,0.376,0.2,0.2,0.376,0.424
778,,0.6,0.8,0.424,0.176,0.0,0.0,0.176,0.224
779,,0.4,0.6,0.224,-0.024,-0.2,-0.2,-0.024,0.024
780,6,0.388,0.5,0.212,0.176,0.212,0.8,0.388,0.224
781,6,0.376,0.4,0.2,0.376,0.624,1.0,0.8,0.424
782,,0.176,0.2,0.0,0.176,0.424,0.8,0.6,0.224
783,,-0.024,0.0,-0.2,-0.024,0.224,0.6,0.4,0.024
784,3,0.176,0.412,0.8,0.388,0.424,0.588,0.3,0.012
785,3,0.376,0.824,1.0,0.8,0.624,0.576,0.2,0.0
786,,0.176,0.624,0.8,0.6,0.424,0.376,0.0,-0.2
787,8,0.588,0.824,0.788,0.5,0.412,0.576,0.412,0.8
788,8,1.0,1.0,0.776,0.4,0.4,0.776,0.824,1.0
789,,0.8,0.8,0.576,0.2,0.2,0.576,0.624,0.8
790,,0.6,0.6,0.376,0.0,0.0,0.376,0.424,0.6
791,,0.4,0.4,0.176,-0.2,-0.2,0.176,0.224,0.4
792,4,0.388,0.6,0.588,0.8,0.212,0.376,0.212,0.3
793,4,0.376,0.8,1.0,1.0,0.624,0.576,0.2,0.2
794,,0.176,0.6,0.8,0.8,0.424,0.376,0.0,0.0
795,,-0.024,0.4,0.6,0.6,0.224,0.176,-0.2,-0.2
796,8,0.388,0.6,0.588,0.5,0.212,0.376,0.212,0.8
797,8,0.8,0.8,0.576,0.4,0.2,0.576,0.624,1.0
798,,0.6,0.6,0.376,0.2,0.0,0.376,0.424,0.8
799,,0.4,0.4,0.176,0.0,-0.2,0.176,0.224,0.6
800,5,0.3,0.388,0.376,0.412,0.8,0.588,0.424,0.588
801,5,0.2,0.376,0.576,0.824,1.0,1.0,0.624,0.576
802,,0.0,0.176,0.376,0.624,0.8,0.8,0.424,0.376
803,,-0.2,-0.024,0.176,0.424,0.6,0.6,0.224,0.176
804,1,0.8,0.388,0.376,0.412,0.5,0.588,0.424,0.588
805,1,1.0,0.8,0.576,0.4,0.4,0.576,0.624,1.0
806,,0.8,0.6,0.376,0.2,0.2,0.376,0.424,0.8
807,,0.6,0.4,0.176,0.0,0.0,0.176,0.224,0.6
808,,0.4,0.2,-0.024,-0.2,-0.2,-0.024,0.024,0.4
809,5,0.3,0.188,0.176,0.212,0.8,0.388,0.224,0.388
810,5,0.2,0.176,0.376,0.624,1.0,0.8,0.424,0.376
811,,0.0,-0.024,0.176,0.424,0.8,0.6,0.224,0.176
812,2,0.412,0.976,0.588,0.624,0.788,0.5,0.212,0.376
813,2,0.824,1.0,1.0,0.824,0.776,0.4,0.2,0.576
814,,0.624,0.8,0.8,0.624,0.576,0.2,0.0,0.376
815,,0.424,0.6,0.6,0.424,0.376,0.0,-0.2,0.176
816,7,0.624,0.588,0.5,0.412,0.576,0.412,0.8,0.588
817,7,0.824,0.576,0.4,0.4,0.776,0.824,1.0,1.0
818,,0.624,0.376,0.2,0.2,0.576,0.624,0.8,0.8
819,,0.424,0.176,0.0,0.0,0.376,0.424,0.6,0.6
820,,0.224,-0.024,-0.2,-0.2,0.176,0.224,0.4,0.4
821,3,0.424,0.388,0.8,0.212,0.376,0.212,0.3,0.388
822,3,0.624,0.8,1.0,0.624,0.576,0.2,0.2,0.376
823,,0.424,0.6,0.8,0.424,0.376,0.0,0.0,0.176
824,,0.224,0.4,0.6,0.224,0.176,-0.2,-0.2,-0.024
825,6,0.212,0.3,0.588,0.424,0.588,0.8,0.212,0.176
826,6,0.2,0.2,0.576,0.624,1.0,1.0,0.624,0.376
827,,0.0,0.0,0.376,0.424,0.8,0.8,0.424,0.176
828,,-0.2,-0.2,0.176,0.224,0.6,0.6,0.224,-0.024
829,1,0.8,0.212,0.376,0.212,0.5,0.588,0.424,0.388
830,1,1.0,0.624,0.576,0.2,0.4,0.576,0.624,0.8
831,,0.8,0.424,0.376,0.0,0.2,0.376,0.424,0.6
832,,0.6,0.224,0.176,-0.2,0.0,0.176,0.224,0.4
833,4,0.588,0.424,0.588,0.8,0.412,0.376,0.212,0.3
834,4,0.576,0.624,1.0,1.0,0.824,0.576,0.2,0.2
835,,0.376,0.424,0.8,0.8,0.624,0.376,0.0,0.0
836,,0.176,0.224,0.6,0.6,0.424,0.176,-0.2,-0.2
837,8,0.588,0.424,0.588,0.5,0.412,0.376,0.212,0.8
838,8,1.0,0.624,0.576,0.4,0.4,0.576,0.624,1.0
839,,0.8,0.424,0.376,0.2,0.2,0.376,0.424,0.8
840,,0.6,0.224,0.176,0.0,0.0,0.176,0.224,0.6
841,,0.4,0.024,-0.024,-0.2,-0.2,-0.024,0.024,0.4
842,4,0.388,0.224,0.388,0.8,0.212,0.176,0.012,0.3
843,4,0.376,0.424,0.8,1.0,0.624,0.376,0.0,0.2
844,,0.176,0.224,0.6,0.8,0.424,0.176,-0.2,0.0
845,7,0.376,0.212,0.5,0.788,0.624,0.588,0.8,0.412
846,7,0.576,0.2,0.4,0.776,0.824,1.0,1.0,0.824
847,,0.376,0.0,0.2,0.576,0.624,0.8,0.8,0.624
848,,0.176,-0.2,0.0,0.376,0.424,0.6,0.6,0.424
