step,active_motive,motive_1,motive_2,motive_3,motive_4,motive_5,motive_6,motive_7,motive_8
0,,0.01683,0.02188,0.05581,0.04038,0.00649,0.02539,0.02469,0.06963
1,,-0.00317,0.00188,0.03581,0.02038,-0.01351,0.00539,0.00469,0.04963
2,5,0.07683,0.16988,0.41581,0.61238,0.98649,0.59739,0.38469,0.21763
3,5,0.15683,0.33788,0.79581,1.0,1.0,1.0,0.76469,0.38563
4,,0.13683,0.31788,0.77581,0.98,0.98,0.98,0.74469,0.36563
5,,0.11683,0.29788,0.75581,0.96,0.96,0.96,0.72469,0.34563
6,,0.09683,0.27788,0.73581,0.94,0.94,0.94,0.70469,0.32563
7,,0.07683,0.25788,0.71581,0.92,0.92,0.92,0.68469,0.30563
8,,0.05683,0.23788,0.69581,0.9,0.9,0.9,0.66469,0.28563
9,,0.03683,0.21788,0.67581,0.88,0.88,0.88,0.64469,0.26563
10,,0.01683,0.19788,0.65581,0.86,0.86,0.86,0.62469,0.24563
11,,-0.00317,0.17788,0.63581,0.84,0.84,0.84,0.60469,0.22563
12,1,0.99683,0.76988,1.0,1.0,0.92,1.0,0.98469,0.81763
13,1,1.0,1.0,1.0,1.0,1.0,1.0,1.0,1.0
14,,0.98,0.98,0.98,0.98,0.98,0.98,0.98,0.98
15,,0.96,0.96,0.96,0.96,0.96,0.96,0.96,0.96
16,,0.94,0.94,0.94,0.94,0.94,0.94,0.94,0.94
17,,0.92,0.92,0.92,0.92,0.92,0.92,0.92,0.92
18,,0.9,0.9,0.9,0.9,0.9,0.9,0.9,0.9
19,,0.88,0.88,0.88,0.88,0.88,0.88,0.88,0.88
20,,0.86,0.86,0.86,0.86,0.86,0.86,0.86,0.86
21,,0.84,0.84,0.84,0.84,0.84,0.84,0.84,0.84
22,,0.82,0.82,0.82,0.82,0.82,0.82,0.82,0.82
23,,0.8,0.8,0.8,0.8,0.8,0.8,0.8,0.8
24,,0.78,0.78,0.78,0.78,0.78,0.78,0.78,0.78
25,,0.76,0.76,0.76,0.76,0.76,0.76,0.76,0.76
26,,0.74,0.74,0.74,0.74,0.74,0.74,0.74,0.74
27,,0.72,0.72,0.72,0.72,0.72,0.72,0.72,0.72
28,,0.7,0.7,0.7,0.7,0.7,0.7,0.7,0.7
29,,0.68,0.68,0.68,0.68,0.68,0.68,0.68,0.68
30,,0.66,0.66,0.66,0.66,0.66,0.66,0.66,0.66
31,,0.64,0.64,0.64,0.64,0.64,0.64,0.64,0.64
32,,0.62,0.62,0.62,0.62,0.62,0.62,0.62,0.62
33,,0.6,0.6,0.6,0.6,0.6,0.6,0.6,0.6
34,,0.58,0.58,0.58,0.58,0.58,0.58,0.58,0.58
35,,0.56,0.56,0.56,0.56,0.56,0.56,0.56,0.56
36,,0.54,0.54,0.54,0.54,0.54,0.54,0.54,0.54
37,,0.52,0.52,0.52,0.52,0.52,0.52,0.52,0.52
38,,0.5,0.5,0.5,0.5,0.5,0.5,0.5,0.5
39,,0.48,0.48,0.48,0.48,0.48,0.48,0.48,0.48
40,,0.46,0.46,0.46,0.46,0.46,0.46,0.46,0.46
41,,0.44,0.44,0.44,0.44,0.44,0.44,0.44,0.44
42,,0.42,0.42,0.42,0.42,0.42,0.42,0.42,0.42
43,,0.4,0.4,0.4,0.4,0.4,0.4,0.4,0.4
44,,0.38,0.38,0.38,0.38,0.38,0.38,0.38,0.38
45,,0.36,0.36,0.36,0.36,0.36,0.36,0.36,0.36
46,,0.34,0.34,0.34,0.34,0.34,0.34,0.34,0.34
47,,0.32,0.32,0.32,0.32,0.32,0.32,0.32,0.32
48,,0.3,0.3,0.3,0.3,0.3,0.3,0.3,0.3
49,,0.28,0.28,0.28,0.28,0.28,0.28,0.28,0.28
50,,0.26,0.26,0.26,0.26,0.26,0.26,0.26,0.26
51,,0.24,0.24,0.24,0.24,0.24,0.24,0.24,0.24
52,,0.22,0.22,0.22,0.22,0.22,0.22,0.22,0.22
53,,0.2,0.2,0.2,0.2,0.2,0.2,0.2,0.2
54,,0.18,0.18,0.18,0.18,0.18,0.18,0.18,0.18
55,,0.16,0.16,0.16,0.16,0.16,0.16,0.16,0.16
56,,0.14,0.14,0.14,0.14,0.14,0.14,0.14,0.14
57,,0.12,0.12,0.12,0.12,0.12,0.12,0.12,0.12
58,,0.1,0.1,0.1,0.1,0.1,0.1,0.1,0.1
59,,0.08,0.08,0.08,0.08,0.08,0.08,0.08,0.08
60,,0.06,0.06,0.06,0.06,0.06,0.06,0.06,0.06
61,,0.04,0.04,0.04,0.04,0.04,0.04,0.04,0.04
62,,0.02,0.02,0.02,0.02,0.02,0.02,0.02,0.02
63,,0.0,0.0,0.0,0.0,0.0,0.0,0.0,0.0
64,,-0.02,-0.02,-0.02,-0.02,-0.02,-0.02,-0.02,-0.02
65,3,0.36,0.572,0.98,0.572,0.36,0.148,0.06,0.148
66,3,0.74,1.0,1.0,1.0,0.74,0.316,0.14,0.316
67,,0.72,0.98,0.98,0.98,0.72,0.296,0.12,0.296
68,,0.7,0.96,0.96,0.96,0.7,0.276,0.1,0.276
69,,0.68,0.94,0.94,0.94,0.68,0.256,0.08,0.256
70,,0.66,0.92,0.92,0.92,0.66,0.236,0.06,0.236
71,,0.64,0.9,0.9,0.9,0.64,0.216,0.04,0.216
72,,0.62,0.88,0.88,0.88,0.62,0.196,0.02,0.196
73,,0.6,0.86,0.86,0.86,0.6,0.176,0.0,0.176
74,,0.58,0.84,0.84,0.84,0.58,0.156,-0.02,0.156
75,7,0.96,1.0,0.92,1.0,0.96,0.748,0.98,0.748
76,7,1.0,1.0,1.0,1.0,1.0,1.0,1.0,1.0
77,,0.98,0.98,0.98,0.98,0.98,0.98,0.98,0.98
78,,0.96,0.96,0.96,0.96,0.96,0.96,0.96,0.96
79,,0.94,0.94,0.94,0.94,0.94,0.94,0.94,0.94
80,,0.92,0.92,0.92,0.92,0.92,0.92,0.92,0.92
81,,0.9,0.9,0.9,0.9,0.9,0.9,0.9,0.9
82,,0.88,0.88,0.88,0.88,0.88,0.88,0.88,0.88
83,,0.86,0.86,0.86,0.86,0.86,0.86,0.86,0.86
84,,0.84,0.84,0.84,0.84,0.84,0.84,0.84,0.84
85,,0.82,0.82,0.82,0.82,0.82,0.82,0.82,0.82
86,,0.8,0.8,0.8,0.8,0.8,0.8,0.8,0.8
87,,0.78,0.78,0.78,0.78,0.78,0.78,0.78,0.78
88,,0.76,0.76,0.76,0.76,0.76,0.76,0.76,0.76
89,,0.74,0.74,0.74,0.74,0.74,0.74,0.74,0.74
90,,0.72,0.72,0.72,0.72,0.72,0.72,0.72,0.72
91,,0.7,0.7,0.7,0.7,0.7,0.7,0.7,0.7
92,,0.68,0.68,0.68,0.68,0.68,0.68,0.68,0.68
93,,0.66,0.66,0.66,0.66,0.66,0.66,0.66,0.66
94,,0.64,0.64,0.64,0.64,0.64,0.64,0.64,0.64
95,,0.62,0.62,0.62,0.62,0.62,0.62,0.62,0.62
96,,0.6,0.6,0.6,0.6,0.6,0.6,0.6,0.6
97,,0.58,0.58,0.58,0.58,0.58,0.58,0.58,0.58
98,,0.56,0.56,0.56,0.56,0.56,0.56,0.56,0.56
99,,0.54,0.54,0.54,0.54,0.54,0.54,0.54,0.54
100,,0.52,0.52,0.52,0.52,0.52,0.52,0.52,0.52
101,,0.5,0.5,0.5,0.5,0.5,0.5,0.5,0.5
102,,0.48,0.48,0.48,0.48,0.48,0.48,0.48,0.48
103,,0.46,0.46,0.46,0.46,0.46,0.46,0.46,0.46
104,,0.44,0.44,0.44,0.44,0.44,0.44,0.44,0.44
105,,0.42,0.42,0.42,0.42,0.42,0.42,0.42,0.42
106,,0.4,0.4,0.4,0.4,0.4,0.4,0.4,0.4
107,,0.38,0.38,0.38,0.38,0.38,0.38,0.38,0.38
108,,0.36,0.36,0.36,0.36,0.36,0.36,0.36,0.36
109,,0.34,0.34,0.34,0.34,0.34,0.34,0.34,0.34
110,,0.32,0.32,0.32,0.32,0.32,0.32,0.32,0.32
111,,0.3,0.3,0.3,0.3,0.3,0.3,0.3,0.3
112,,0.28,0.28,0.28,0.28,0.28,0.28,0.28,0.28
113,,0.26,0.26,0.26,0.26,0.26,0.26,0.26,0.26
114,,0.24,0.24,0.24,0.24,0.24,0.24,0.24,0.24
115,,0.22,0.22,0.22,0.22,0.22,0.22,0.22,0.22
116,,0.2,0.2,0.2,0.2,0.2,0.2,0.2,0.2
117,,0.18,0.18,0.18,0.18,0.18,0.18,0.18,0.18
118,,0.16,0.16,0.16,0.16,0.16,0.16,0.16,0.16
119,,0.14,0.14,0.14,0.14,0.14,0.14,0.14,0.14
120,,0.12,0.12,0.12,0.12,0.12,0.12,0.12,0.12
121,,0.1,0.1,0.1,0.1,0.1,0.1,0.1,0.1
122,,0.08,0.08,0.08,0.08,0.08,0.08,0.08,0.08
123,,0.06,0.06,0.06,0.06,0.06,0.06,0.06,0.06
124,,0.04,0.04,0.04,0.04,0.04,0.04,0.04,0.04
125,,0.02,0.02,0.02,0.02,0.02,0.02,0.02,0.02
126,,0.0,0.0,0.0,0.0,0.0,0.0,0.0,0.0
127,,-0.02,-0.02,-0.02,-0.02,-0.02,-0.02,-0.02,-0.02
128,1,0.98,0.572,0.36,0.148,0.06,0.148,0.36,0.572
129,1,1.0,1.0,0.74,0.316,0.14,0.316,0.74,1.0
130,,0.98,0.98,0.72,0.296,0.12,0.296,0.72,0.98
131,,0.96,0.96,0.7,0.276,0.1,0.276,0.7,0.96
132,,0.94,0.94,0.68,0.256,0.08,0.256,0.68,0.94
133,,0.92,0.92,0.66,0.236,0.06,0.236,0.66,0.92
134,,0.9,0.9,0.64,0.216,0.04,0.216,0.64,0.9
135,,0.88,0.88,0.62,0.196,0.02,0.196,0.62,0.88
136,,0.86,0.86,0.6,0.176,0.0,0.176,0.6,0.86
137,,0.84,0.84,0.58,0.156,-0.02,0.156,0.58,0.84
138,5,0.92,1.0,0.96,0.748,0.98,0.748,0.96,1.0
139,5,1.0,1.0,1.0,1.0,1.0,1.0,1.0,1.0
140,,0.98,0.98,0.98,0.98,0.98,0.98,0.98,0.98
141,,0.96,0.96,0.96,0.96,0.96,0.96,0.96,0.96
142,,0.94,0.94,0.94,0.94,0.94,0.94,0.94,0.94
143,,0.92,0.92,0.92,0.92,0.92,0.92,0.92,0.92
144,,0.9,0.9,0.9,0.9,0.9,0.9,0.9,0.9
145,,0.88,0.88,0.88,0.88,0.88,0.88,0.88,0.88
146,,0.86,0.86,0.86,0.86,0.86,0.86,0.86,0.86
147,,0.84,0.84,0.84,0.84,0.84,0.84,0.84,0.84
148,,0.82,0.82,0.82,0.82,0.82,0.82,0.82,0.82
149,,0.8,0.8,0.8,0.8,0.8,0.8,0.8,0.8
150,,0.78,0.78,0.78,0.78,0.78,0.78,0.78,0.78
151,,0.76,0.76,0.76,0.76,0.76,0.76,0.76,0.76
152,,0.74,0.74,0.74,0.74,0.74,0.74,0.74,0.74
153,,0.72,0.72,0.72,0.72,0.72,0.72,0.72,0.72
154,,0.7,0.7,0.7,0.7,0.7,0.7,0.7,0.7
155,,0.68,0.68,0.68,0.68,0.68,0.68,0.68,0.68
156,,0.66,0.66,0.66,0.66,0.66,0.66,0.66,0.66
157,,0.64,0.64,0.64,0.64,0.64,0.64,0.64,0.64
158,,0.62,0.62,0.62,0.62,0.62,0.62,0.62,0.62
159,,0.6,0.6,0.6,0.6,0.6,0.6,0.6,0.6
160,,0.58,0.58,0.58,0.58,0.58,0.58,0.58,0.58
161,,0.56,0.56,0.56,0.56,0.56,0.56,0.56,0.56
162,,0.54,0.54,0.54,0.54,0.54,0.54,0.54,0.54
163,,0.52,0.52,0.52,0.52,0.52,0.52,0.52,0.52
164,,0.5,0.5,0.5,0.5,0.5,0.5,0.5,0.5
165,,0.48,0.48,0.48,0.48,0.48,0.48,0.48,0.48
166,,0.46,0.46,0.46,0.46,0.46,0.46,0.46,0.46
167,,0.44,0.44,0.44,0.44,0.44,0.44,0.44,0.44
168,,0.42,0.42,0.42,0.42,0.42,0.42,0.42,0.42
169,,0.4,0.4,0.4,0.4,0.4,0.4,0.4,0.4
170,,0.38,0.38,0.38,0.38,0.38,0.38,0.38,0.38
171,,0.36,0.36,0.36,0.36,0.36,0.36,0.36,0.36
172,,0.34,0.34,0.34,0.34,0.34,0.34,0.34,0.34
173,,0.32,0.32,0.32,0.32,0.32,0.32,0.32,0.32
174,,0.3,0.3,0.3,0.3,0.3,0.3,0.3,0.3
175,,0.28,0.28,0.28,0.28,0.28,0.28,0.28,0.28
176,,0.26,0.26,0.26,0.26,0.26,0.26,0.26,0.26
177,,0.24,0.24,0.24,0.24,0.24,0.24,0.24,0.24
178,,0.22,0.22,0.22,0.22,0.22,0.22,0.22,0.22
179,,0.2,0.2,0.2,0.2,0.2,0.2,0.2,0.2
180,,0.18,0.18,0.18,0.18,0.18,0.18,0.18,0.18
181,,0.16,0.16,0.16,0.16,0.16,0.16,0.16,0.16
182,,0.14,0.14,0.14,0.14,0.14,0.14,0.14,0.14
183,,0.12,0.12,0.12,0.12,0.12,0.12,0.12,0.12
184,,0.1,0.1,0.1,0.1,0.1,0.1,0.1,0.1
185,,0.08,0.08,0.08,0.08,0.08,0.08,0.08,0.08
186,,0.06,0.06,0.06,0.06,0.06,0.06,0.06,0.06
187,,0.04,0.04,0.04,0.04,0.04,0.04,0.04,0.04
188,,0.02,0.02,0.02,0.02,0.02,0.02,0.02,0.02
189,,0.0,0.0,0.0,0.0,0.0,0.0,0.0,0.0
190,,-0.02,-0.02,-0.02,-0.02,-0.02,-0.02,-0.02,-0.02
191,5,0.06,0.148,0.36,0.572,0.98,0.572,0.36,0.148
192,5,0.14,0.316,0.74,1.0,1.0,1.0,0.74,0.316
193,,0.12,0.296,0.72,0.98,0.98,0.98,0.72,0.296
194,,0.1,0.276,0.7,0.96,0.96,0.96,0.7,0.276
195,,0.08,0.256,0.68,0.94,0.94,0.94,0.68,0.256
196,,0.06,0.236,0.66,0.92,0.92,0.92,0.66,0.236
197,,0.04,0.216,0.64,0.9,0.9,0.9,0.64,0.216
198,,0.02,0.196,0.62,0.88,0.88,0.88,0.62,0.196
199,,0.0,0.176,0.6,0.86,0.86,0.86,0.6,0.176
200,,-0.02,0.156,0.58,0.84,0.84,0.84,0.58,0.156
201,1,0.98,0.748,0.96,1.0,0.92,1.0,0.96,0.748
202,1,1.0,1.0,1.0,1.0,1.0,1.0,1.0,1.0
203,,0.98,0.98,0.98,0.98,0.98,0.98,0.98,0.98
204,,0.96,0.96,0.96,0.96,0.96,0.96,0.96,0.96
205,,0.94,0.94,0.94,0.94,0.94,0.94,0.94,0.94
206,,0.92,0.92,0.92,0.92,0.92,0.92,0.92,0.92
207,,0.9,0.9,0.9,0.9,0.9,0.9,0.9,0.9
208,,0.88,0.88,0.88,0.88,0.88,0.88,0.88,0.88
209,,0.86,0.86,0.86,0.86,0.86,0.86,0.86,0.86
210,,0.84,0.84,0.84,0.84,0.84,0.84,0.84,0.84
211,,0.82,0.82,0.82,0.82,0.82,0.82,0.82,0.82
212,,0.8,0.8,0.8,0.8,0.8,0.8,0.8,0.8
213,,0.78,0.78,0.78,0.78,0.78,0.78,0.78,0.78
214,,0.76,0.76,0.76,0.76,0.76,0.76,0.76,0.76
215,,0.74,0.74,0.74,0.74,0.74,0.74,0.74,0.74
216,,0.72,0.72,0.72,0.72,0.72,0.72,0.72,0.72
217,,0.7,0.7,0.7,0.7,0.7,0.7,0.7,0.7
218,,0.68,0.68,0.68,0.68,0.68,0.68,0.68,0.68
219,,0.66,0.66,0.66,0.66,0.66,0.66,0.66,0.66
220,,0.64,0.64,0.64,0.64,0.64,0.64,0.64,0.64
221,,0.62,0.62,0.62,0.62,0.62,0.62,0.62,0.62
222,,0.6,0.6,0.6,0.6,0.6,0.6,0.6,0.6
223,,0.58,0.58,0.58,0.58,0.58,0.58,0.58,0.58
224,,0.56,0.56,0.56,0.56,0.56,0.56,0.56,0.56
225,,0.54,0.54,0.54,0.54,0.54,0.54,0.54,0.54
226,,0.52,0.52,0.52,0.52,0.52,0.52,0.52,0.52
227,,0.5,0.5,0.5,0.5,0.5,0.5,0.5,0.5
228,,0.48,0.48,0.48,0.48,0.48,0.48,0.48,0.48
229,,0.46,0.46,0.46,0.46,0.46,0.46,0.46,0.46
230,,0.44,0.44,0.44,0.44,0.44,0.44,0.44,0.44
231,,0.42,0.42,0.42,0.42,0.42,0.42,0.42,0.42
232,,0.4,0.4,0.4,0.4,0.4,0.4,0.4,0.4
233,,0.38,0.38,0.38,0.38,0.38,0.38,0.38,0.38
234,,0.36,0.36,0.36,0.36,0.36,0.36,0.36,0.36
235,,0.34,0.34,0.34,0.34,0.34,0.34,0.34,0.34
236,,0.32,0.32,0.32,0.32,0.32,0.32,0.32,0.32
237,,0.3,0.3,0.3,0.3,0.3,0.3,0.3,0.3
238,,0.28,0.28,0.28,0.28,0.28,0.28,0.28,0.28
239,,0.26,0.26,0.26,0.26,0.26,0.26,0.26,0.26
240,,0.24,0.24,0.24,0.24,0.24,0.24,0.24,0.24
241,,0.22,0.22,0.22,0.22,0.22,0.22,0.22,0.22
242,,0.2,0.2,0.2,0.2,0.2,0.2,0.2,0.2
243,,0.18,0.18,0.18,0.18,0.18,0.18,0.18,0.18
244,,0.16,0.16,0.16,0.16,0.16,0.16,0.16,0.16
245,,0.14,0.14,0.14,0.14,0.14,0.14,0.14,0.14
246,,0.12,0.12,0.12,0.12,0.12,0.12,0.12,0.12
247,,0.1,0.1,0.1,0.1,0.1,0.1,0.1,0.1
248,,0.08,0.08,0.08,0.08,0.08,0.08,0.08,0.08
249,,0.06,0.06,0.06,0.06,0.06,0.06,0.06,0.06
250,,0.04,0.04,0.04,0.04,0.04,0.04,0.04,0.04
251,,0.02,0.02,0.02,0.02,0.02,0.02,0.02,0.02
252,,0.0,0.0,0.0,0.0,0.0,0.0,0.0,0.0
253,,-0.02,-0.02,-0.02,-0.02,-0.02,-0.02,-0.02,-0.02
254,1,0.98,0.572,0.36,0.148,0.06,0.148,0.36,0.572
255,1,1.0,1.0,0.74,0.316,0.14,0.316,0.74,1.0
256,,0.98,0.98,0.72,0.296,0.12,0.296,0.72,0.98
257,,0.96,0.96,0.7,0.276,0.1,0.276,0.7,0.96
258,,0.94,0.94,0.68,0.256,0.08,0.256,0.68,0.94
259,,0.92,0.92,0.66,0.236,0.06,0.236,0.66,0.92
260,,0.9,0.9,0.64,0.216,0.04,0.216,0.64,0.9
261,,0.88,0.88,0.62,0.196,0.02,0.196,0.62,0.88
262,,0.86,0.86,0.6,0.176,0.0,0.176,0.6,0.86
263,,0.84,0.84,0.58,0.156,-0.02,0.156,0.58,0.84
264,5,0.92,1.0,0.96,0.748,0.98,0.748,0.96,1.0
265,5,1.0,1.0,1.0,1.0,1.0,1.0,1.0,1.0
266,,0.98,0.98,0.98,0.98,0.98,0.98,0.98,0.98
267,,0.96,0.96,0.96,0.96,0.96,0.96,0.96,0.96
268,,0.94,0.94,0.94,0.94,0.94,0.94,0.94,0.94
269,,0.92,0.92,0.92,0.92,0.92,0.92,0.92,0.92
270,,0.9,0.9,0.9,0.9,0.9,0.9,0.9,0.9
271,,0.88,0.88,0.88,0.88,0.88,0.88,0.88,0.88
272,,0.86,0.86,0.86,0.86,0.86,0.86,0.86,0.86
273,,0.84,0.84,0.84,0.84,0.84,0.84,0.84,0.84
274,,0.82,0.82,0.82,0.82,0.82,0.82,0.82,0.82
275,,0.8,0.8,0.8,0.8,0.8,0.8,0.8,0.8
276,,0.78,0.78,0.78,0.78,0.78,0.78,0.78,0.78
277,,0.76,0.76,0.76,0.76,0.76,0.76,0.76,0.76
278,,0.74,0.74,0.74,0.74,0.74,0.74,0.74,0.74
279,,0.72,0.72,0.72,0.72,0.72,0.72,0.72,0.72
280,,0.7,0.7,0.7,0.7,0.7,0.7,0.7,0.7
281,,0.68,0.68,0.68,0.68,0.68,0.68,0.68,0.68
282,,0.66,0.66,0.66,0.66,0.66,0.66,0.66,0.66
283,,0.64,0.64,0.64,0.64,0.64,0.64,0.64,0.64
284,,0.62,0.62,0.62,0.62,0.62,0.62,0.62,0.62
285,,0.6,0.6,0.6,0.6,0.6,0.6,0.6,0.6
286,,0.58,0.58,0.58,0.58,0.58,0.58,0.58,0.58
287,,0.56,0.56,0.56,0.56,0.56,0.56,0.56,0.56
288,,0.54,0.54,0.54,0.54,0.54,0.54,0.54,0.54
289,,0.52,0.52,0.52,0.52,0.52,0.52,0.52,0.52
290,,0.5,0.5,0.5,0.5,0.5,0.5,0.5,0.5
291,,0.48,0.48,0.48,0.48,0.48,0.48,0.48,0.48
292,,0.46,0.46,0.46,0.46,0.46,0.46,0.46,0.46
293,,0.44,0.44,0.44,0.44,0.44,0.44,0.44,0.44
294,,0.42,0.42,0.42,0.42,0.42,0.42,0.42,0.42
295,,0.4,0.4,0.4,0.4,0.4,0.4,0.4,0.4
296,,0.38,0.38,0.38,0.38,0.38,0.38,0.38,0.38
297,,0.36,0.36,0.36,0.36,0.36,0.36,0.36,0.36
298,,0.34,0.34,0.34,0.34,0.34,0.34,0.34,0.34
299,,0.32,0.32,0.32,0.32,0.32,0.32,0.32,0.32
300,,0.3,0.3,0.3,0.3,0.3,0.3,0.3,0.3
301,,0.28,0.28,0.28,0.28,0.28,0.28,0.28,0.28
302,,0.26,0.26,0.26,0.26,0.26,0.26,0.26,0.26
303,,0.24,0.24,0.24,0.24,0.24,0.24,0.24,0.24
304,,0.22,0.22,0.22,0.22,0.22,0.22,0.22,0.22
305,,0.2,0.2,0.2,0.2,0.2,0.2,0.2,0.2
306,,0.18,0.18,0.18,0.18,0.18,0.18,0.18,0.18
307,,0.16,0.16,0.16,0.16,0.16,0.16,0.16,0.16
308,,0.14,0.14,0.14,0.14,0.14,0.14,0.14,0.14
309,,0.12,0.12,0.12,0.12,0.12,0.12,0.12,0.12
310,,0.1,0.1,0.1,0.1,0.1,0.1,0.1,0.1
311,,0.08,0.08,0.08,0.08,0.08,0.08,0.08,0.08
312,,0.06,0.06,0.06,0.06,0.06,0.06,0.06,0.06
313,,0.04,0.04,0.04,0.04,0.04,0.04,0.04,0.04
314,,0.02,0.02,0.02,0.02,0.02,0.02,0.02,0.02
315,,0.0,0.0,0.0,0.0,0.0,0.0,0.0,0.0
316,,-0.02,-0.02,-0.02,-0.02,-0.02,-0.02,-0.02,-0.02
317,8,0.572,0.36,0.148,0.06,0.148,0.36,0.572,0.98
318,8,1.0,0.74,0.316,0.14,0.316,0.74,1.0,1.0
319,,0.98,0.72,0.296,0.12,0.296,0.72,0.98,0.98
320,,0.96,0.7,0.276,0.1,0.276,0.7,0.96,0.96
321,,0.94,0.68,0.256,0.08,0.256,0.68,0.94,0.94
322,,0.92,0.66,0.236,0.06,0.236,0.66,0.92,0.92
323,,0.9,0.64,0.216,0.04,0.216,0.64,0.9,0.9
324,,0.88,0.62,0.196,0.02,0.196,0.62,0.88,0.88
325,,0.86,0.6,0.176,0.0,0.176,0.6,0.86,0.86
326,,0.84,0.58,0.156,-0.02,0.156,0.58,0.84,0.84
327,4,1.0,0.96,0.748,0.98,0.748,0.96,1.0,0.92
328,4,1.0,1.0,1.0,1.0,1.0,1.0,1.0,1.0
329,,0.98,0.98,0.98,0.98,0.98,0.98,0.98,0.98
330,,0.96,0.96,0.96,0.96,0.96,0.96,0.96,0.96
331,,0.94,0.94,0.94,0.94,0.94,0.94,0.94,0.94
332,,0.92,0.92,0.92,0.92,0.92,0.92,0.92,0.92
333,,0.9,0.9,0.9,0.9,0.9,0.9,0.9,0.9
334,,0.88,0.88,0.88,0.88,0.88,0.88,0.88,0.88
335,,0.86,0.86,0.86,0.86,0.86,0.86,0.86,0.86
336,,0.84,0.84,0.84,0.84,0.84,0.84,0.84,0.84
337,,0.82,0.82,0.82,0.82,0.82,0.82,0.82,0.82
338,,0.8,0.8,0.8,0.8,0.8,0.8,0.8,0.8
339,,0.78,0.78,0.78,0.78,0.78,0.78,0.78,0.78
340,,0.76,0.76,0.76,0.76,0.76,0.76,0.76,0.76
341,,0.74,0.74,0.74,0.74,0.74,0.74,0.74,0.74
342,,0.72,0.72,0.72,0.72,0.72,0.72,0.72,0.72
343,,0.7,0.7,0.7,0.7,0.7,0.7,0.7,0.7
344,,0.68,0.68,0.68,0.68,0.68,0.68,0.68,0.68
345,,0.66,0.66,0.66,0.66,0.66,0.66,0.66,0.66
346,,0.64,0.64,0.64,0.64,0.64,0.64,0.64,0.64
347,,0.62,0.62,0.62,0.62,0.62,0.62,0.62,0.62
348,,0.6,0.6,0.6,0.6,0.6,0.6,0.6,0.6
349,,0.58,0.58,0.58,0.58,0.58,0.58,0.58,0.58
350,,0.56,0.56,0.56,0.56,0.56,0.56,0.56,0.56
351,,0.54,0.54,0.54,0.54,0.54,0.54,0.54,0.54
352,,0.52,0.52,0.52,0.52,0.52,0.52,0.52,0.52
353,,0.5,0.5,0.5,0.5,0.5,0.5,0.5,0.5
354,,0.48,0.48,0.48,0.48,0.48,0.48,0.48,0.48
355,,0.46,0.46,0.46,0.46,0.46,0.46,0.46,0.46
356,,0.44,0.44,0.44,0.44,0.44,0.44,0.44,0.44
357,,0.42,0.42,0.42,0.42,0.42,0.42,0.42,0.42
358,,0.4,0.4,0.4,0.4,0.4,0.4,0.4,0.4
359,,0.38,0.38,0.38,0.38,0.38,0.38,0.38,0.38
360,,0.36,0.36,0.36,0.36,0.36,0.36,0.36,0.36
361,,0.34,0.34,0.34,0.34,0.34,0.34,0.34,0.34
362,,0.32,0.32,0.32,0.32,0.32,0.32,0.32,0.32
363,,0.3,0.3,0.3,0.3,0.3,0.3,0.3,0.3
364,,0.28,0.28,0.28,0.28,0.28,0.28,0.28,0.28
365,,0.26,0.26,0.26,0.26,0.26,0.26,0.26,0.26
366,,0.24,0.24,0.24,0.24,0.24,0.24,0.24,0.24
367,,0.22,0.22,0.22,0.22,0.22,0.22,0.22,0.22
368,,0.2,0.2,0.2,0.2,0.2,0.2,0.2,0.2
369,,0.18,0.18,0.18,0.18,0.18,0.18,0.18,0.18
370,,0.16,0.16,0.16,0.16,0.16,0.16,0.16,0.16
371,,0.14,0.14,0.14,0.14,0.14,0.14,0.14,0.14
372,,0.12,0.12,0.12,0.12,0.12,0.12,0.12,0.12
373,,0.1,0.1,0.1,0.1,0.1,0.1,0.1,0.1
374,,0.08,0.08,0.08,0.08,0.08,0.08,0.08,0.08
375,,0.06,0.06,0.06,0.06,0.06,0.06,0.06,0.06
376,,0.04,0.04,0.04,0.04,0.04,0.04,0.04,0.04
377,,0.02,0.02,0.02,0.02,0.02,0.02,0.02,0.02
378,,0.0,0.0,0.0,0.0,0.0,0.0,0.0,0.0
379,,-0.02,-0.02,-0.02,-0.02,-0.02,-0.02,-0.02,-0.02
380,1,0.98,0.572,0.36,0.148,0.06,0.148,0.36,0.572
381,1,1.0,1.0,0.74,0.316,0.14,0.316,0.74,1.0
382,,0.98,0.98,0.72,0.296,0.12,0.296,0.72,0.98
383,,0.96,0.96,0.7,0.276,0.1,0.276,0.7,0.96
384,,0.94,0.94,0.68,0.256,0.08,0.256,0.68,0.94
385,,0.92,0.92,0.66,0.236,0.06,0.236,0.66,0.92
386,,0.9,0.9,0.64,0.216,0.04,0.216,0.64,0.9
387,,0.88,0.88,0.62,0.196,0.02,0.196,0.62,0.88
388,,0.86,0.86,0.6,0.176,0.0,0.176,0.6,0.86
389,,0.84,0.84,0.58,0.156,-0.02,0.156,0.58,0.84
390,5,0.92,1.0,0.96,0.748,0.98,0.748,0.96,1.0
391,5,1.0,1.0,1.0,1.0,1.0,1.0,1.0,1.0
392,,0.98,0.98,0.98,0.98,0.98,0.98,0.98,0.98
393,,0.96,0.96,0.96,0.96,0.96,0.96,0.96,0.96
394,,0.94,0.94,0.94,0.94,0.94,0.94,0.94,0.94
395,,0.92,0.92,0.92,0.92,0.92,0.92,0.92,0.92
396,,0.9,0.9,0.9,0.9,0.9,0.9,0.9,0.9
397,,0.88,0.88,0.88,0.88,0.88,0.88,0.88,0.88
398,,0.86,0.86,0.86,0.86,0.86,0.86,0.86,0.86
399,,0.84,0.84,0.84,0.84,0.84,0.84,0.84,0.84
400,,0.82,0.82,0.82,0.82,0.82,0.82,0.82,0.82
401,,0.8,0.8,0.8,0.8,0.8,0.8,0.8,0.8
402,,0.78,0.78,0.78,0.78,0.78,0.78,0.78,0.78
403,,0.76,0.76,0.76,0.76,0.76,0.76,0.76,0.76
404,,0.74,0.74,0.74,0.74,0.74,0.74,0.74,0.74
405,,0.72,0.72,0.72,0.72,0.72,0.72,0.72,0.72
406,,0.7,0.7,0.7,0.7,0.7,0.7,0.7,0.7
407,,0.68,0.68,0.68,0.68,0.68,0.68,0.68,0.68
408,,0.66,0.66,0.66,0.66,0.66,0.66,0.66,0.66
409,,0.64,0.64,0.64,0.64,0.64,0.64,0.64,0.64
410,,0.62,0.62,0.62,0.62,0.62,0.62,0.62,0.62
411,,0.6,0.6,0.6,0.6,0.6,0.6,0.6,0.6
412,,0.58,0.58,0.58,0.58,0.58,0.58,0.58,0.58
413,,0.56,0.56,0.56,0.56,0.56,0.56,0.56,0.56
414,,0.54,0.54,0.54,0.54,0.54,0.54,0.54,0.54
415,,0.52,0.52,0.52,0.52,0.52,0.52,0.52,0.52
416,,0.5,0.5,0.5,0.5,0.5,0.5,0.5,0.5
417,,0.48,0.48,0.48,0.48,0.48,0.48,0.48,0.48
418,,0.46,0.46,0.46,0.46,0.46,0.46,0.46,0.46
419,,0.44,0.44,0.44,0.44,0.44,0.44,0.44,0.44
420,,0.42,0.42,0.42,0.42,0.42,0.42,0.42,0.42
421,,0.4,0.4,0.4,0.4,0.4,0.4,0.4,0.4
422,,0.38,0.38,0.38,0.38,0.38,0.38,0.38,0.38
423,,0.36,0.36,0.36,0.36,0.36,0.36,0.36,0.36
424,,0.34,0.34,0.34,0.34,0.34,0.34,0.34,0.34
425,,0.32,0.32,0.32,0.32,0.32,0.32,0.32,0.32
426,,0.3,0.3,0.3,0.3,0.3,0.3,0.3,0.3
427,,0.28,0.28,0.28,0.28,0.28,0.28,0.28,0.28
428,,0.26,0.26,0.26,0.26,0.26,0.26,0.26,0.26
429,,0.24,0.24,0.24,0.24,0.24,0.24,0.24,0.24
430,,0.22,0.22,0.22,0.22,0.22,0.22,0.22,0.22
431,,0.2,0.2,0.2,0.2,0.2,0.2,0.2,0.2
432,,0.18,0.18,0.18,0.18,0.18,0.18,0.18,0.18
433,,0.16,0.16,0.16,0.16,0.16,0.16,0.16,0.16
434,,0.14,0.14,0.14,0.14,0.14,0.14,0.14,0.14
435,,0.12,0.12,0.12,0.12,0.12,0.12,0.12,0.12
436,,0.1,0.1,0.1,0.1,0.1,0.1,0.1,0.1
437,,0.08,0.08,0.08,0.08,0.08,0.08,0.08,0.08
438,,0.06,0.06,0.06,0.06,0.06,0.06,0.06,0.06
439,,0.04,0.04,0.04,0.04,0.04,0.04,0.04,0.04
440,,0.02,0.02,0.02,0.02,0.02,0.02,0.02,0.02
441,,0.0,0.0,0.0,0.0,0.0,0.0,0.0,0.0
442,,-0.02,-0.02,-0.02,-0.02,-0.02,-0.02,-0.02,-0.02
443,3,0.36,0.572,0.98,0.572,0.36,0.148,0.06,0.148
444,3,0.74,1.0,1.0,1.0,0.74,0.316,0.14,0.316
445,,0.72,0.98,0.98,0.98,0.72,0.296,0.12,0.296
446,,0.7,0.96,0.96,0.96,0.7,0.276,0.1,0.276
447,,0.68,0.94,0.94,0.94,0.68,0.256,0.08,0.256
448,,0.66,0.92,0.92,0.92,0.66,0.236,0.06,0.236
449,,0.64,0.9,0.9,0.9,0.64,0.216,0.04,0.216
450,,0.62,0.88,0.88,0.88,0.62,0.196,0.02,0.196
451,,0.6,0.86,0.86,0.86,0.6,0.176,0.0,0.176
452,,0.58,0.84,0.84,0.84,0.58,0.156,-0.02,0.156
453,7,0.96,1.0,0.92,1.0,0.96,0.748,0.98,0.748
454,7,1.0,1.0,1.0,1.0,1.0,1.0,1.0,1.0
455,,0.98,0.98,0.98,0.98,0.98,0.98,0.98,0.98
456,,0.96,0.96,0.96,0.96,0.96,0.96,0.96,0.96
457,,0.94,0.94,0.94,0.94,0.94,0.94,0.94,0.94
458,,0.92,0.92,0.92,0.92,0.92,0.92,0.92,0.92
459,,0.9,0.9,0.9,0.9,0.9,0.9,0.9,0.9
460,,0.88,0.88,0.88,0.88,0.88,0.88,0.88,0.88
461,,0.86,0.86,0.86,0.86,0.86,0.86,0.86,0.86
462,,0.84,0.84,0.84,0.84,0.84,0.84,0.84,0.84
463,,0.82,0.82,0.82,0.82,0.82,0.82,0.82,0.82
464,,0.8,0.8,0.8,0.8,0.8,0.8,0.8,0.8
465,,0.78,0.78,0.78,0.78,0.78,0.78,0.78,0.78
466,,0.76,0.76,0.76,0.76,0.76,0.76,0.76,0.76
467,,0.74,0.74,0.74,0.74,0.74,0.74,0.74,0.74
468,,0.72,0.72,0.72,0.72,0.72,0.72,0.72,0.72
469,,0.7,0.7,0.7,0.7,0.7,0.7,0.7,0.7
470,,0.68,0.68,0.68,0.68,0.68,0.68,0.68,0.68
471,,0.66,0.66,0.66,0.66,0.66,0.66,0.66,0.66
472,,0.64,0.64,0.64,0.64,0.64,0.64,0.64,0.64
473,,0.62,0.62,0.62,0.62,0.62,0.62,0.62,0.62
474,,0.6,0.6,0.6,0.6,0.6,0.6,0.6,0.6
475,,0.58,0.58,0.58,0.58,0.58,0.58,0.58,0.58
476,,0.56,0.56,0.56,0.56,0.56,0.56,0.56,0.56
477,,0.54,0.54,0.54,0.54,0.54,0.54,0.54,0.54
478,,0.52,0.52,0.52,0.52,0.52,0.52,0.52,0.52
479,,0.5,0.5,0.5,0.5,0.5,0.5,0.5,0.5
480,,0.48,0.48,0.48,0.48,0.48,0.48,0.48,0.48
481,,0.46,0.46,0.46,0.46,0.46,0.46,0.46,0.46
482,,0.44,0.44,0.44,0.44,0.44,0.44,0.44,0.44
483,,0.42,0.42,0.42,0.42,0.42,0.42,0.42,0.42
484,,0.4,0.4,0.4,0.4,0.4,0.4,0.4,0.4
485,,0.38,0.38,0.38,0.38,0.38,0.38,0.38,0.38
486,,0.36,0.36,0.36,0.36,0.36,0.36,0.36,0.36
487,,0.34,0.34,0.34,0.34,0.34,0.34,0.34,0.34
488,,0.32,0.32,0.32,0.32,0.32,0.32,0.32,0.32
489,,0.3,0.3,0.3,0.3,0.3,0.3,0.3,0.3
490,,0.28,0.28,0.28,0.28,0.28,0.28,0.28,0.28
491,,0.26,0.26,0.26,0.26,0.26,0.26,0.26,0.26
492,,0.24,0.24,0.24,0.24,0.24,0.24,0.24,0.24
493,,0.22,0.22,0.22,0.22,0.22,0.22,0.22,0.22
494,,0.2,0.2,0.2,0.2,0.2,0.2,0.2,0.2
495,,0.18,0.18,0.18,0.18,0.18,0.18,0.18,0.18
496,,0.16,0.16,0.16,0.16,0.16,0.16,0.16,0.16
497,,0.14,0.14,0.14,0.14,0.14,0.14,0.14,0.14
498,,0.12,0.12,0.12,0.12,0.12,0.12,0.12,0.12
499,,0.1,0.1,0.1,0.1,0.1,0.1,0.1,0.1
500,,0.08,0.08,0.08,0.08,0.08,0.08,0.08,0.08
501,,0.06,0.06,0.06,0.06,0.06,0.06,0.06,0.06
502,,0.04,0.04,0.04,0.04,0.04,0.04,0.04,0.04
503,,0.02,0.02,0.02,0.02,0.02,0.02,0.02,0.02
504,,0.0,0.0,0.0,0.0,0.0,0.0,0.0,0.0
505,,-0.02,-0.02,-0.02,-0.02,-0.02,-0.02,-0.02,-0.02
506,1,0.98,0.572,0.36,0.148,0.06,0.148,0.36,0.572
507,1,1.0,1.0,0.74,0.316,0.14,0.316,0.74,1.0
508,,0.98,0.98,0.72,0.296,0.12,0.296,0.72,0.98
509,,0.96,0.96,0.7,0.276,0.1,0.276,0.7,0.96
510,,0.94,0.94,0.68,0.256,0.08,0.256,0.68,0.94
511,,0.92,0.92,0.66,0.236,0.06,0.236,0.66,0.92
512,,0.9,0.9,0.64,0.216,0.04,0.216,0.64,0.9
513,,0.88,0.88,0.62,0.196,0.02,0.196,0.62,0.88
514,,0.86,0.86,0.6,0.176,0.0,0.176,0.6,0.86
515,,0.84,0.84,0.58,0.156,-0.02,0.156,0.58,0.84
516,5,0.92,1.0,0.96,0.748,0.98,0.748,0.96,1.0
517,5,1.0,1.0,1.0,1.0,1.0,1.0,1.0,1.0
518,,0.98,0.98,0.98,0.98,0.98,0.98,0.98,0.98
519,,0.96,0.96,0.96,0.96,0.96,0.96,0.96,0.96
520,,0.94,0.94,0.94,0.94,0.94,0.94,0.94,0.94
521,,0.92,0.92,0.92,0.92,0.92,0.92,0.92,0.92
522,,0.9,0.9,0.9,0.9,0.9,0.9,0.9,0.9
523,,0.88,0.88,0.88,0.88,0.88,0.88,0.88,0.88
524,,0.86,0.86,0.86,0.86,0.86,0.86,0.86,0.86
525,,0.84,0.84,0.84,0.84,0.84,0.84,0.84,0.84
526,,0.82,0.82,0.82,0.82,0.82,0.82,0.82,0.82
527,,0.8,0.8,0.8,0.8,0.8,0.8,0.8,0.8
528,,0.78,0.78,0.78,0.78,0.78,0.78,0.78,0.78
529,,0.76,0.76,0.76,0.76,0.76,0.76,0.76,0.76
530,,0.74,0.74,0.74,0.74,0.74,0.74,0.74,0.74
531,,0.72,0.72,0.72,0.72,0.72,0.72,0.72,0.72
532,,0.7,0.7,0.7,0.7,0.7,0.7,0.7,0.7
533,,0.68,0.68,0.68,0.68,0.68,0.68,0.68,0.68
534,,0.66,0.66,0.66,0.66,0.66,0.66,0.66,0.66
535,,0.64,0.64,0.64,0.64,0.64,0.64,0.64,0.64
536,,0.62,0.62,0.62,0.62,0.62,0.62,0.62,0.62
537,,0.6,0.6,0.6,0.6,0.6,0.6,0.6,0.6
538,,0.58,0.58,0.58,0.58,0.58,0.58,0.58,0.58
539,,0.56,0.56,0.56,0.56,0.56,0.56,0.56,0.56
540,,0.54,0.54,0.54,0.54,0.54,0.54,0.54,0.54
541,,0.52,0.52,0.52,0.52,0.52,0.52,0.52,0.52
542,,0.5,0.5,0.5,0.5,0.5,0.5,0.5,0.5
543,,0.48,0.48,0.48,0.48,0.48,0.48,0.48,0.48
544,,0.46,0.46,0.46,0.46,0.46,0.46,0.46,0.46
545,,0.44,0.44,0.44,0.44,0.44,0.44,0.44,0.44
546,,0.42,0.42,0.42,0.42,0.42,0.42,0.42,0.42
547,,0.4,0.4,0.4,0.4,0.4,0.4,0.4,0.4
548,,0.38,0.38,0.38,0.38,0.38,0.38,0.38,0.38
549,,0.36,0.36,0.36,0.36,0.36,0.36,0.36,0.36
550,,0.34,0.34,0.34,0.34,0.34,0.34,0.34,0.34
551,,0.32,0.32,0.32,0.32,0.32,0.32,0.32,0.32
552,,0.3,0.3,0.3,0.3,0.3,0.3,0.3,0.3
553,,0.28,0.28,0.28,0.28,0.28,0.28,0.28,0.28
554,,0.26,0.26,0.26,0.26,0.26,0.26,0.26,0.26
555,,0.24,0.24,0.24,0.24,0.24,0.24,0.24,0.24
556,,0.22,0.22,0.22,0.22,0.22,0.22,0.22,0.22
557,,0.2,0.2,0.2,0.2,0.2,0.2,0.2,0.2
558,,0.18,0.18,0.18,0.18,0.18,0.18,0.18,0.18
559,,0.16,0.16,0.16,0.16,0.16,0.16,0.16,0.16
560,,0.14,0.14,0.14,0.14,0.14,0.14,0.14,0.14
561,,0.12,0.12,0.12,0.12,0.12,0.12,0.12,0.12
562,,0.1,0.1,0.1,0.1,0.1,0.1,0.1,0.1
563,,0.08,0.08,0.08,0.08,0.08,0.08,0.08,0.08
564,,0.06,0.06,0.06,0.06,0.06,0.06,0.06,0.06
565,,0.04,0.04,0.04,0.04,0.04,0.04,0.04,0.04
566,,0.02,0.02,0.02,0.02,0.02,0.02,0.02,0.02
567,,0.0,0.0,0.0,0.0,0.0,0.0,0.0,0.0
568,,-0.02,-0.02,-0.02,-0.02,-0.02,-0.02,-0.02,-0.02
569,2,0.572,0.98,0.572,0.36,0.148,0.06,0.148,0.36
570,2,1.0,1.0,1.0,0.74,0.316,0.14,0.316,0.74
571,,0.98,0.98,0.98,0.72,0.296,0.12,0.296,0.72
572,,0.96,0.96,0.96,0.7,0.276,0.1,0.276,0.7
573,,0.94,0.94,0.94,0.68,0.256,0.08,0.256,0.68
574,,0.92,0.92,0.92,0.66,0.236,0.06,0.236,0.66
575,,0.9,0.9,0.9,0.64,0.216,0.04,0.216,0.64
576,,0.88,0.88,0.88,0.62,0.196,0.02,0.196,0.62
577,,0.86,0.86,0.86,0.6,0.176,0.0,0.176,0.6
578,,0.84,0.84,0.84,0.58,0.156,-0.02,0.156,0.58
579,6,1.0,0.92,1.0,0.96,0.748,0.98,0.748,0.96
580,6,1.0,1.0,1.0,1.0,1.0,1.0,1.0,1.0
581,,0.98,0.98,0.98,0.98,0.98,0.98,0.98,0.98
582,,0.96,0.96,0.96,0.96,0.96,0.96,0.96,0.96
583,,0.94,0.94,0.94,0.94,0.94,0.94,0.94,0.94
584,,0.92,0.92,0.92,0.92,0.92,0.92,0.92,0.92
585,,0.9,0.9,0.9,0.9,0.9,0.9,0.9,0.9
586,,0.88,0.88,0.88,0.88,0.88,0.88,0.88,0.88
587,,0.86,0.86,0.86,0.86,0.86,0.86,0.86,0.86
588,,0.84,0.84,0.84,0.84,0.84,0.84,0.84,0.84
589,,0.82,0.82,0.82,0.82,0.82,0.82,0.82,0.82
590,,0.8,0.8,0.8,0.8,0.8,0.8,0.8,0.8
591,,0.78,0.78,0.78,0.78,0.78,0.78,0.78,0.78
592,,0.76,0.76,0.76,0.76,0.76,0.76,0.76,0.76
593,,0.74,0.74,0.74,0.74,0.74,0.74,0.74,0.74
594,,0.72,0.72,0.72,0.72,0.72,0.72,0.72,0.72
595,,0.7,0.7,0.7,0.7,0.7,0.7,0.7,0.7
596,,0.68,0.68,0.68,0.68,0.68,0.68,0.68,0.68
597,,0.66,0.66,0.66,0.66,0.66,0.66,0.66,0.66
598,,0.64,0.64,0.64,0.64,0.64,0.64,0.64,0.64
599,,0.62,0.62,0.62,0.62,0.62,0.62,0.62,0.62
600,,0.6,0.6,0.6,0.6,0.6,0.6,0.6,0.6
601,,0.58,0.58,0.58,0.58,0.58,0.58,0.58,0.58
602,,0.56,0.56,0.56,0.56,0.56,0.56,0.56,0.56
603,,0.54,0.54,0.54,0.54,0.54,0.54,0.54,0.54
604,,0.52,0.52,0.52,0.52,0.52,0.52,0.52,0.52
605,,0.5,0.5,0.5,0.5,0.5,0.5,0.5,0.5
606,,0.48,0.48,0.48,0.48,0.48,0.48,0.48,0.48
607,,0.46,0.46,0.46,0.46,0.46,0.46,0.46,0.46
608,,0.44,0.44,0.44,0.44,0.44,0.44,0.44,0.44
609,,0.42,0.42,0.42,0.42,0.42,0.42,0.42,0.42
610,,0.4,0.4,0.4,0.4,0.4,0.4,0.4,0.4
611,,0.38,0.38,0.38,0.38,0.38,0.38,0.38,0.38
612,,0.36,0.36,0.36,0.36,0.36,0.36,0.36,0.36
613,,0.34,0.34,0.34,0.34,0.34,0.34,0.34,0.34
614,,0.32,0.32,0.32,0.32,0.32,0.32,0.32,0.32
615,,0.3,0.3,0.3,0.3,0.3,0.3,0.3,0.3
616,,0.28,0.28,0.28,0.28,0.28,0.28,0.28,0.28
617,,0.26,0.26,0.26,0.26,0.26,0.26,0.26,0.26
618,,0.24,0.24,0.24,0.24,0.24,0.24,0.24,0.24
619,,0.22,0.22,0.22,0.22,0.22,0.22,0.22,0.22
620,,0.2,0.2,0.2,0.2,0.2,0.2,0.2,0.2
621,,0.18,0.18,0.18,0.18,0.18,0.18,0.18,0.18
622,,0.16,0.16,0.16,0.16,0.16,0.16,0.16,0.16
623,,0.14,0.14,0.14,0.14,0.14,0.14,0.14,0.14
624,,0.12,0.12,0.12,0.12,0.12,0.12,0.12,0.12
625,,0.1,0.1,0.1,0.1,0.1,0.1,0.1,0.1
626,,0.08,0.08,0.08,0.08,0.08,0.08,0.08,0.08
627,,0.06,0.06,0.06,0.06,0.06,0.06,0.06,0.06
628,,0.04,0.04,0.04,0.04,0.04,0.04,0.04,0.04
629,,0.02,0.02,0.02,0.02,0.02,0.02,0.02,0.02
630,,0.0,0.0,0.0,0.0,0.0,0.0,0.0,0.0
631,,-0.02,-0.02,-0.02,-0.02,-0.02,-0.02,-0.02,-0.02
632,2,0.572,0.98,0.572,0.36,0.148,0.06,0.148,0.36
633,2,1.0,1.0,1.0,0.74,0.316,0.14,0.316,0.74
634,,0.98,0.98,0.98,0.72,0.296,0.12,0.296,0.72
635,,0.96,0.96,0.96,0.7,0.276,0.1,0.276,0.7
636,,0.94,0.94,0.94,0.68,0.256,0.08,0.256,0.68
637,,0.92,0.92,0.92,0.66,0.236,0.06,0.236,0.66
638,,0.9,0.9,0.9,0.64,0.216,0.04,0.216,0.64
639,,0.88,0.88,0.88,0.62,0.196,0.02,0.196,0.62
640,,0.86,0.86,0.86,0.6,0.176,0.0,0.176,0.6
641,,0.84,0.84,0.84,0.58,0.156,-0.02,0.156,0.58
642,6,1.0,0.92,1.0,0.96,0.748,0.98,0.748,0.96
643,6,1.0,1.0,1.0,1.0,1.0,1.0,1.0,1.0
644,,0.98,0.98,0.98,0.98,0.98,0.98,0.98,0.98
645,,0.96,0.96,0.96,0.96,0.96,0.96,0.96,0.96
646,,0.94,0.94,0.94,0.94,0.94,0.94,0.94,0.94
647,,0.92,0.92,0.92,0.92,0.92,0.92,0.92,0.92
648,,0.9,0.9,0.9,0.9,0.9,0.9,0.9,0.9
649,,0.88,0.88,0.88,0.88,0.88,0.88,0.88,0.88
650,,0.86,0.86,0.86,0.86,0.86,0.86,0.86,0.86
651,,0.84,0.84,0.84,0.84,0.84,0.84,0.84,0.84
652,,0.82,0.82,0.82,0.82,0.82,0.82,0.82,0.82
653,,0.8,0.8,0.8,0.8,0.8,0.8,0.8,0.8
654,,0.78,0.78,0.78,0.78,0.78,0.78,0.78,0.78
655,,0.76,0.76,0.76,0.76,0.76,0.76,0.76,0.76
656,,0.74,0.74,0.74,0.74,0.74,0.74,0.74,0.74
657,,0.72,0.72,0.72,0.72,0.72,0.72,0.72,0.72
658,,0.7,0.7,0.7,0.7,0.7,0.7,0.7,0.7
659,,0.68,0.68,0.68,0.68,0.68,0.68,0.68,0.68
660,,0.66,0.66,0.66,0.66,0.66,0.66,0.66,0.66
661,,0.64,0.64,0.64,0.64,0.64,0.64,0.64,0.64
662,,0.62,0.62,0.62,0.62,0.62,0.62,0.62,0.62
663,,0.6,0.6,0.6,0.6,0.6,0.6,0.6,0.6
664,,0.58,0.58,0.58,0.58,0.58,0.58,0.58,0.58
665,,0.56,0.56,0.56,0.56,0.56,0.56,0.56,0.56
666,,0.54,0.54,0.54,0.54,0.54,0.54,0.54,0.54
667,,0.52,0.52,0.52,0.52,0.52,0.52,0.52,0.52
668,,0.5,0.5,0.5,0.5,0.5,0.5,0.5,0.5
669,,0.48,0.48,0.48,0.48,0.48,0.48,0.48,0.48
670,,0.46,0.46,0.46,0.46,0.46,0.46,0.46,0.46
671,,0.44,0.44,0.44,0.44,0.44,0.44,0.44,0.44
672,,0.42,0.42,0.42,0.42,0.42,0.42,0.42,0.42
673,,0.4,0.4,0.4,0.4,0.4,0.4,0.4,0.4
674,,0.38,0.38,0.38,0.38,0.38,0.38,0.38,0.38
675,,0.36,0.36,0.36,0.36,0.36,0.36,0.36,0.36
676,,0.34,0.34,0.34,0.34,0.34,0.34,0.34,0.34
677,,0.32,0.32,0.32,0.32,0.32,0.32,0.32,0.32
678,,0.3,0.3,0.3,0.3,0.3,0.3,0.3,0.3
679,,0.28,0.28,0.28,0.28,0.28,0.28,0.28,0.28
680,,0.26,0.26,0.26,0.26,0.26,0.26,0.26,0.26
681,,0.24,0.24,0.24,0.24,0.24,0.24,0.24,0.24
682,,0.22,0.22,0.22,0.22,0.22,0.22,0.22,0.22
683,,0.2,0.2,0.2,0.2,0.2,0.2,0.2,0.2
684,,0.18,0.18,0.18,0.18,0.18,0.18,0.18,0.18
685,,0.16,0.16,0.16,0.16,0.16,0.16,0.16,0.16
686,,0.14,0.14,0.14,0.14,0.14,0.14,0.14,0.14
687,,0.12,0.12,0.12,0.12,0.12,0.12,0.12,0.12
688,,0.1,0.1,0.1,0.1,0.1,0.1,0.1,0.1
689,,0.08,0.08,0.08,0.08,0.08,0.08,0.08,0.08
690,,0.06,0.06,0.06,0.06,0.06,0.06,0.06,0.06
691,,0.04,0.04,0.04,0.04,0.04,0.04,0.04,0.04
692,,0.02,0.02,0.02,0.02,0.02,0.02,0.02,0.02
693,,0.0,0.0,0.0,0.0,0.0,0.0,0.0,0.0
694,,-0.02,-0.02,-0.02,-0.02,-0.02,-0.02,-0.02,-0.02
695,4,0.148,0.36,0.572,0.98,0.572,0.36,0.148,0.06
696,4,0.316,0.74,1.0,1.0,1.0,0.74,0.316,0.14
697,,0.296,0.72,0.98,0.98,0.98,0.72,0.296,0.12
698,,0.276,0.7,0.96,0.96,0.96,0.7,0.276,0.1
699,,0.256,0.68,0.94,0.94,0.94,0.68,0.256,0.08
700,,0.236,0.66,0.92,0.92,0.92,0.66,0.236,0.06
701,,0.216,0.64,0.9,0.9,0.9,0.64,0.216,0.04
702,,0.196,0.62,0.88,0.88,0.88,0.62,0.196,0.02
703,,0.176,0.6,0.86,0.86,0.86,0.6,0.176,0.0
704,,0.156,0.58,0.84,0.84,0.84,0.58,0.156,-0.02
705,8,0.748,0.96,1.0,0.92,1.0,0.96,0.748,0.98
706,8,1.0,1.0,1.0,1.0,1.0,1.0,1.0,1.0
707,,0.98,0.98,0.98,0.98,0.98,0.98,0.98,0.98
708,,0.96,0.96,0.96,0.96,0.96,0.96,0.96,0.96
709,,0.94,0.94,0.94,0.94,0.94,0.94,0.94,0.94
710,,0.92,0.92,0.92,0.92,0.92,0.92,0.92,0.92
711,,0.9,0.9,0.9,0.9,0.9,0.9,0.9,0.9
712,,0.88,0.88,0.88,0.88,0.88,0.88,0.88,0.88
713,,0.86,0.86,0.86,0.86,0.86,0.86,0.86,0.86
714,,0.84,0.84,0.84,0.84,0.84,0.84,0.84,0.84
715,,0.82,0.82,0.82,0.82,0.82,0.82,0.82,0.82
716,,0.8,0.8,0.8,0.8,0.8,0.8,0.8,0.8
717,,0.78,0.78,0.78,0.78,0.78,0.78,0.78,0.78
718,,0.76,0.76,0.76,0.76,0.76,0.76,0.76,0.76
719,,0.74,0.74,0.74,0.74,0.74,0.74,0.74,0.74
720,,0.72,0.72,0.72,0.72,0.72,0.72,0.72,0.72
721,,0.7,0.7,0.7,0.7,0.7,0.7,0.7,0.7
722,,0.68,0.68,0.68,0.68,0.68,0.68,0.68,0.68
723,,0.66,0.66,0.66,0.66,0.66,0.66,0.66,0.66
724,,0.64,0.64,0.64,0.64,0.64,0.64,0.64,0.64
725,,0.62,0.62,0.62,0.62,0.62,0.62,0.62,0.62
726,,0.6,0.6,0.6,0.6,0.6,0.6,0.6,0.6
727,,0.58,0.58,0.58,0.58,0.58,0.58,0.58,0.58
728,,0.56,0.56,0.56,0.56,0.56,0.56,0.56,0.56
729,,0.54,0.54,0.54,0.54,0.54,0.54,0.54,0.54
730,,0.52,0.52,0.52,0.52,0.52,0.52,0.52,0.52
731,,0.5,0.5,0.5,0.5,0.5,0.5,0.5,0.5
732,,0.48,0.48,0.48,0.48,0.48,0.48,0.48,0.48
733,,0.46,0.46,0.46,0.46,0.46,0.46,0.46,0.46
734,,0.44,0.44,0.44,0.44,0.44,0.44,0.44,0.44
735,,0.42,0.42,0.42,0.42,0.42,0.42,0.42,0.42
736,,0.4,0.4,0.4,0.4,0.4,0.4,0.4,0.4
737,,0.38,0.38,0.38,0.38,0.38,0.38,0.38,0.38
738,,0.36,0.36,0.36,0.36,0.36,0.36,0.36,0.36
739,,0.34,0.34,0.34,0.34,0.34,0.34,0.34,0.34
740,,0.32,0.32,0.32,0.32,0.32,0.32,0.32,0.32
741,,0.3,0.3,0.3,0.3,0.3,0.3,0.3,0.3
742,,0.28,0.28,0.28,0.28,0.28,0.28,0.28,0.28
743,,0.26,0.26,0.26,0.26,0.26,0.26,0.26,0.26
744,,0.24,0.24,0.24,0.24,0.24,0.24,0.24,0.24
745,,0.22,0.22,0.22,0.22,0.22,0.22,0.22,0.22
746,,0.2,0.2,0.2,0.2,0.2,0.2,0.2,0.2
747,,0.18,0.18,0.18,0.18,0.18,0.18,0.18,0.18
748,,0.16,0.16,0.16,0.16,0.16,0.16,0.16,0.16
749,,0.14,0.14,0.14,0.14,0.14,0.14,0.14,0.14
750,,0.12,0.12,0.12,0.12,0.12,0.12,0.12,0.12
751,,0.1,0.1,0.1,0.1,0.1,0.1,0.1,0.1
752,,0.08,0.08,0.08,0.08,0.08,0.08,0.08,0.08
753,,0.06,0.06,0.06,0.06,0.06,0.06,0.06,0.06
754,,0.04,0.04,0.04,0.04,0.04,0.04,0.04,0.04
755,,0.02,0.02,0.02,0.02,0.02,0.02,0.02,0.02
756,,0.0,0.0,0.0,0.0,0.0,0.0,0.0,0.0
757,,-0.02,-0.02,-0.02,-0.02,-0.02,-0.02,-0.02,-0.02
758,6,0.148,0.06,0.148,0.36,0.572,0.98,0.572,0.36
759,6,0.316,0.14,0.316,0.74,1.0,1.0,1.0,0.74
760,,0.296,0.12,0.296,0.72,0.98,0.98,0.98,0.72
761,,0.276,0.1,0.276,0.7,0.96,0.96,0.96,0.7
762,,0.256,0.08,0.256,0.68,0.94,0.94,0.94,0.68
763,,0.236,0.06,0.236,0.66,0.92,0.92,0.92,0.66
764,,0.216,0.04,0.216,0.64,0.9,0.9,0.9,0.64
765,,0.196,0.02,0.196,0.62,0.88,0.88,0.88,0.62
766,,0.176,0.0,0.176,0.6,0.86,0.86,0.86,0.6
767,,0.156,-0.02,0.156,0.58,0.84,0.84,0.84,0.58
768,2,0.748,0.98,0.748,0.96,1.0,0.92,1.0,0.96
769,2,1.0,1.0,1.0,1.0,1.0,1.0,1.0,1.0
770,,0.98,0.98,0.98,0.98,0.98,0.98,0.98,0.98
771,,0.96,0.96,0.96,0.96,0.96,0.96,0.96,0.96
772,,0.94,0.94,0.94,0.94,0.94,0.94,0.94,0.94
773,,0.92,0.92,0.92,0.92,0.92,0.92,0.92,0.92
774,,0.9,0.9,0.9,0.9,0.9,0.9,0.9,0.9
775,,0.88,0.88,0.88,0.88,0.88,0.88,0.88,0.88
776,,0.86,0.86,0.86,0.86,0.86,0.86,0.86,0.86
777,,0.84,0.84,0.84,0.84,0.84,0.84,0.84,0.84
778,,0.82,0.82,0.82,0.82,0.82,0.82,0.82,0.82
779,,0.8,0.8,0.8,0.8,0.8,0.8,0.8,0.8
780,,0.78,0.78,0.78,0.78,0.78,0.78,0.78,0.78
781,,0.76,0.76,0.76,0.76,0.76,0.76,0.76,0.76
782,,0.74,0.74,0.74,0.74,0.74,0.74,0.74,0.74
783,,0.72,0.72,0.72,0.72,0.72,0.72,0.72,0.72
784,,0.7,0.7,0.7,0.7,0.7,0.7,0.7,0.7
785,,0.68,0.68,0.68,0.68,0.68,0.68,0.68,0.68
786,,0.66,0.66,0.66,0.66,0.66,0.66,0.66,0.66
787,,0.64,0.64,0.64,0.64,0.64,0.64,0.64,0.64
788,,0.62,0.62,0.62,0.62,0.62,0.62,0.62,0.62
789,,0.6,0.6,0.6,0.6,0.6,0.6,0.6,0.6
790,,0.58,0.58,0.58,0.58,0.58,0.58,0.58,0.58
791,,0.56,0.56,0.56,0.56,0.56,0.56,0.56,0.56
792,,0.54,0.54,0.54,0.54,0.54,0.54,0.54,0.54
793,,0.52,0.52,0.52,0.52,0.52,0.52,0.52,0.52
794,,0.5,0.5,0.5,0.5,0.5,0.5,0.5,0.5
795,,0.48,0.48,0.48,0.48,0.48,0.48,0.48,0.48
796,,0.46,0.46,0.46,0.46,0.46,0.46,0.46,0.46
797,,0.44,0.44,0.44,0.44,0.44,0.44,0.44,0.44
798,,0.42,0.42,0.42,0.42,0.42,0.42,0.42,0.42
799,,0.4,0.4,0.4,0.4,0.4,0.4,0.4,0.4
800,,0.38,0.38,0.38,0.38,0.38,0.38,0.38,0.38
801,,0.36,0.36,0.36,0.36,0.36,0.36,0.36,0.36
802,,0.34,0.34,0.34,0.34,0.34,0.34,0.34,0.34
803,,0.32,0.32,0.32,0.32,0.32,0.32,0.32,0.32
804,,0.3,0.3,0.3,0.3,0.3,0.3,0.3,0.3
805,,0.28,0.28,0.28,0.28,0.28,0.28,0.28,0.28
806,,0.26,0.26,0.26,0.26,0.26,0.26,0.26,0.26
807,,0.24,0.24,0.24,0.24,0.24,0.24,0.24,0.24
808,,0.22,0.22,0.22,0.22,0.22,0.22,0.22,0.22
809,,0.2,0.2,0.2,0.2,0.2,0.2,0.2,0.2
810,,0.18,0.18,0.18,0.18,0.18,0.18,0.18,0.18
811,,0.16,0.16,0.16,0.16,0.16,0.16,0.16,0.16
812,,0.14,0.14,0.14,0.14,0.14,0.14,0.14,0.14
813,,0.12,0.12,0.12,0.12,0.12,0.12,0.12,0.12
814,,0.1,0.1,0.1,0.1,0.1,0.1,0.1,0.1
815,,0.08,0.08,0.08,0.08,0.08,0.08,0.08,0.08
816,,0.06,0.06,0.06,0.06,0.06,0.06,0.06,0.06
817,,0.04,0.04,0.04,0.04,0.04,0.04,0.04,0.04
818,,0.02,0.02,0.02,0.02,0.02,0.02,0.02,0.02
819,,0.0,0.0,0.0,0.0,0.0,0.0,0.0,0.0
820,,-0.02,-0.02,-0.02,-0.02,-0.02,-0.02,-0.02,-0.02
821,7,0.36,0.148,0.06,0.148,0.36,0.572,0.98,0.572
822,7,0.74,0.316,0.14,0.316,0.74,1.0,1.0,1.0
823,,0.72,0.296,0.12,0.296,0.72,0.98,0.98,0.98
824,,0.7,0.276,0.1,0.276,0.7,0.96,0.96,0.96
825,,0.68,0.256,0.08,0.256,0.68,0.94,0.94,0.94
826,,0.66,0.236,0.06,0.236,0.66,0.92,0.92,0.92
827,,0.64,0.216,0.04,0.216,0.64,0.9,0.9,0.9
828,,0.62,0.196,0.02,0.196,0.62,0.88,0.88,0.88
829,,0.6,0.176,0.0,0.176,0.6,0.86,0.86,0.86
830,,0.58,0.156,-0.02,0.156,0.58,0.84,0.84,0.84
831,3,0.96,0.748,0.98,0.748,0.96,1.0,0.92,1.0
832,3,1.0,1.0,1.0,1.0,1.0,1.0,1.0,1.0
833,,0.98,0.98,0.98,0.98,0.98,0.98,0.98,0.98
834,,0.96,0.96,0.96,0.96,0.96,0.96,0.96,0.96
835,,0.94,0.94,0.94,0.94,0.94,0.94,0.94,0.94
836,,0.92,0.92,0.92,0.92,0.92,0.92,0.92,0.92
837,,0.9,0.9,0.9,0.9,0.9,0.9,0.9,0.9
838,,0.88,0.88,0.88,0.88,0.88,0.88,0.88,0.88
839,,0.86,0.86,0.86,0.86,0.86,0.86,0.86,0.86
840,,0.84,0.84,0.84,0.84,0.84,0.84,0.84,0.84
841,,0.82,0.82,0.82,0.82,0.82,0.82,0.82,0.82
842,,0.8,0.8,0.8,0.8,0.8,0.8,0.8,0.8
843,,0.78,0.78,0.78,0.78,0.78,0.78,0.78,0.78
844,,0.76,0.76,0.76,0.76,0.76,0.76,0.76,0.76
845,,0.74,0.74,0.74,0.74,0.74,0.74,0.74,0.74
846,,0.72,0.72,0.72,0.72,0.72,0.72,0.72,0.72
847,,0.7,0.7,0.7,0.7,0.7,0.7,0.7,0.7
848,,0.68,0.68,0.68,0.68,0.68,0.68,0.68,0.68
849,,0.66,0.66,0.66,0.66,0.66,0.66,0.66,0.66
850,,0.64,0.64,0.64,0.64,0.64,0.64,0.64,0.64
851,,0.62,0.62,0.62,0.62,0.62,0.62,0.62,0.62
852,,0.6,0.6,0.6,0.6,0.6,0.6,0.6,0.6
853,,0.58,0.58,0.58,0.58,0.58,0.58,0.58,0.58
854,,0.56,0.56,0.56,0.56,0.56,0.56,0.56,0.56
855,,0.54,0.54,0.54,0.54,0.54,0.54,0.54,0.54
856,,0.52,0.52,0.52,0.52,0.52,0.52,0.52,0.52
857,,0.5,0.5,0.5,0.5,0.5,0.5,0.5,0.5
858,,0.48,0.48,0.48,0.48,0.48,0.48,0.48,0.48
859,,0.46,0.46,0.46,0.46,0.46,0.46,0.46,0.46
860,,0.44,0.44,0.44,0.44,0.44,0.44,0.44,0.44
861,,0.42,0.42,0.42,0.42,0.42,0.42,0.42,0.42
862,,0.4,0.4,0.4,0.4,0.4,0.4,0.4,0.4
863,,0.38,0.38,0.38,0.38,0.38,0.38,0.38,0.38
864,,0.36,0.36,0.36,0.36,0.36,0.36,0.36,0.36
865,,0.34,0.34,0.34,0.34,0.34,0.34,0.34,0.34
866,,0.32,0.32,0.32,0.32,0.32,0.32,0.32,0.32
867,,0.3,0.3,0.3,0.3,0.3,0.3,0.3,0.3
868,,0.28,0.28,0.28,0.28,0.28,0.28,0.28,0.28
869,,0.26,0.26,0.26,0.26,0.26,0.26,0.26,0.26
870,,0.24,0.24,0.24,0.24,0.24,0.24,0.24,0.24
871,,0.22,0.22,0.22,0.22,0.22,0.22,0.22,0.22
872,,0.2,0.2,0.2,0.2,0.2,0.2,0.2,0.2
873,,0.18,0.18,0.18,0.18,0.18,0.18,0.18,0.18
874,,0.16,0.16,0.16,0.16,0.16,0.16,0.16,0.16
875,,0.14,0.14,0.14,0.14,0.14,0.14,0.14,0.14
876,,0.12,0.12,0.12,0.12,0.12,0.12,0.12,0.12
877,,0.1,0.1,0.1,0.1,0.1,0.1,0.1,0.1
878,,0.08,0.08,0.08,0.08,0.08,0.08,0.08,0.08
879,,0.06,0.06,0.06,0.06,0.06,0.06,0.06,0.06
880,,0.04,0.04,0.04,0.04,0.04,0.04,0.04,0.04
881,,0.02,0.02,0.02,0.02,0.02,0.02,0.02,0.02
882,,0.0,0.0,0.0,0.0,0.0,0.0,0.0,0.0
883,,-0.02,-0.02,-0.02,-0.02,-0.02,-0.02,-0.02,-0.02
884,5,0.06,0.148,0.36,0.572,0.98,0.572,0.36,0.148
885,5,0.14,0.316,0.74,1.0,1.0,1.0,0.74,0.316
886,,0.12,0.296,0.72,0.98,0.98,0.98,0.72,0.296
887,,0.1,0.276,0.7,0.96,0.96,0.96,0.7,0.276
888,,0.08,0.256,0.68,0.94,0.94,0.94,0.68,0.256
889,,0.06,0.236,0.66,0.92,0.92,0.92,0.66,0.236
890,,0.04,0.216,0.64,0.9,0.9,0.9,0.64,0.216
891,,0.02,0.196,0.62,0.88,0.88,0.88,0.62,0.196
892,,0.0,0.176,0.6,0.86,0.86,0.86,0.6,0.176
893,,-0.02,0.156,0.58,0.84,0.84,0.84,0.58,0.156
894,1,0.98,0.748,0.96,1.0,0.92,1.0,0.96,0.748
895,1,1.0,1.0,1.0,1.0,1.0,1.0,1.0,1.0
896,,0.98,0.98,0.98,0.98,0.98,0.98,0.98,0.98
897,,0.96,0.96,0.96,0.96,0.96,0.96,0.96,0.96
898,,0.94,0.94,0.94,0.94,0.94,0.94,0.94,0.94
899,,0.92,0.92,0.92,0.92,0.92,0.92,0.92,0.92
900,,0.9,0.9,0.9,0.9,0.9,0.9,0.9,0.9
901,,0.88,0.88,0.88,0.88,0.88,0.88,0.88,0.88
902,,0.86,0.86,0.86,0.86,0.86,0.86,0.86,0.86
903,,0.84,0.84,0.84,0.84,0.84,0.84,0.84,0.84
904,,0.82,0.82,0.82,0.82,0.82,0.82,0.82,0.82
