step,active_motive,motive_1,motive_2,motive_3,motive_4,motive_5,motive_6,motive_7,motive_8
0,,0.03585,0.01159,0.08631,0.06233,0.03309,0.00636,0.0311,0.03252
1,,-0.01415,-0.03841,0.03631,0.01233,-0.01691,-0.04364,-0.0189,-0.01748
2,6,0.19485,0.11159,0.24531,0.36233,0.47409,0.95636,0.4721,0.33252
3,6,0.40385,0.26159,0.45431,0.71233,0.96509,1.0,0.9631,0.68252
4,,0.35385,0.21159,0.40431,0.66233,0.91509,0.95,0.9131,0.63252
5,,0.30385,0.16159,0.35431,0.61233,0.86509,0.9,0.8631,0.58252
6,,0.25385,0.11159,0.30431,0.56233,0.81509,0.85,0.8131,0.53252
7,,0.20385,0.06159,0.25431,0.51233,0.76509,0.8,0.7631,0.48252
8,,0.15385,0.01159,0.20431,0.46233,0.71509,0.75,0.7131,0.43252
9,,0.10385,-0.03841,0.15431,0.41233,0.66509,0.7,0.6631,0.38252
10,2,0.59485,0.96159,0.64531,0.76233,0.87409,0.85,0.8721,0.73252
11,2,1.0,1.0,1.0,1.0,1.0,1.0,1.0,1.0
12,,0.95,0.95,0.95,0.95,0.95,0.95,0.95,0.95
13,,0.9,0.9,0.9,0.9,0.9,0.9,0.9,0.9
14,,0.85,0.85,0.85,0.85,0.85,0.85,0.85,0.85
15,,0.8,0.8,0.8,0.8,0.8,0.8,0.8,0.8
16,,0.75,0.75,0.75,0.75,0.75,0.75,0.75,0.75
17,,0.7,0.7,0.7,0.7,0.7,0.7,0.7,0.7
18,,0.65,0.65,0.65,0.65,0.65,0.65,0.65,0.65
19,,0.6,0.6,0.6,0.6,0.6,0.6,0.6,0.6
20,,0.55,0.55,0.55,0.55,0.55,0.55,0.55,0.55
21,,0.5,0.5,0.5,0.5,0.5,0.5,0.5,0.5
22,,0.45,0.45,0.45,0.45,0.45,0.45,0.45,0.45
23,,0.4,0.4,0.4,0.4,0.4,0.4,0.4,0.4
24,,0.35,0.35,0.35,0.35,0.35,0.35,0.35,0.35
25,,0.3,0.3,0.3,0.3,0.3,0.3,0.3,0.3
26,,0.25,0.25,0.25,0.25,0.25,0.25,0.25,0.25
27,,0.2,0.2,0.2,0.2,0.2,0.2,0.2,0.2
28,,0.15,0.15,0.15,0.15,0.15,0.15,0.15,0.15
29,,0.1,0.1,0.1,0.1,0.1,0.1,0.1,0.1
30,,0.05,0.05,0.05,0.05,0.05,0.05,0.05,0.05
31,,0.0,0.0,0.0,0.0,0.0,0.0,0.0,0.0
32,,-0.05,-0.05,-0.05,-0.05,-0.05,-0.05,-0.05,-0.05
33,3,0.3,0.441,0.95,0.441,0.3,0.159,0.1,0.159
34,3,0.65,0.932,1.0,0.932,0.65,0.368,0.25,0.368
35,,0.6,0.882,0.95,0.882,0.6,0.318,0.2,0.318
36,,0.55,0.832,0.9,0.832,0.55,0.268,0.15,0.268
37,,0.5,0.782,0.85,0.782,0.5,0.218,0.1,0.218
38,,0.45,0.732,0.8,0.732,0.45,0.168,0.05,0.168
39,,0.4,0.682,0.75,0.682,0.4,0.118,0.0,0.118
40,,0.35,0.632,0.7,0.632,0.35,0.068,-0.05,0.068
41,7,0.7,0.841,0.85,0.841,0.7,0.559,0.95,0.559
42,7,1.0,1.0,1.0,1.0,1.0,1.0,1.0,1.0
43,,0.95,0.95,0.95,0.95,0.95,0.95,0.95,0.95
44,,0.9,0.9,0.9,0.9,0.9,0.9,0.9,0.9
45,,0.85,0.85,0.85,0.85,0.85,0.85,0.85,0.85
46,,0.8,0.8,0.8,0.8,0.8,0.8,0.8,0.8
47,,0.75,0.75,0.75,0.75,0.75,0.75,0.75,0.75
48,,0.7,0.7,0.7,0.7,0.7,0.7,0.7,0.7
49,,0.65,0.65,0.65,0.65,0.65,0.65,0.65,0.65
50,,0.6,0.6,0.6,0.6,0.6,0.6,0.6,0.6
51,,0.55,0.55,0.55,0.55,0.55,0.55,0.55,0.55
52,,0.5,0.5,0.5,0.5,0.5,0.5,0.5,0.5
53,,0.45,0.45,0.45,0.45,0.45,0.45,0.45,0.45
54,,0.4,0.4,0.4,0.4,0.4,0.4,0.4,0.4
55,,0.35,0.35,0.35,0.35,0.35,0.35,0.35,0.35
56,,0.3,0.3,0.3,0.3,0.3,0.3,0.3,0.3
57,,0.25,0.25,0.25,0.25,0.25,0.25,0.25,0.25
58,,0.2,0.2,0.2,0.2,0.2,0.2,0.2,0.2
59,,0.15,0.15,0.15,0.15,0.15,0.15,0.15,0.15
60,,0.1,0.1,0.1,0.1,0.1,0.1,0.1,0.1
61,,0.05,0.05,0.05,0.05,0.05,0.05,0.05,0.05
62,,0.0,0.0,0.0,0.0,0.0,0.0,0.0,0.0
63,,-0.05,-0.05,-0.05,-0.05,-0.05,-0.05,-0.05,-0.05
64,4,0.159,0.3,0.441,0.95,0.441,0.3,0.159,0.1
65,4,0.368,0.65,0.932,1.0,0.932,0.65,0.368,0.25
66,,0.318,0.6,0.882,0.95,0.882,0.6,0.318,0.2
67,,0.268,0.55,0.832,0.9,0.832,0.55,0.268,0.15
68,,0.218,0.5,0.782,0.85,0.782,0.5,0.218,0.1
69,,0.168,0.45,0.732,0.8,0.732,0.45,0.168,0.05
70,,0.118,0.4,0.682,0.75,0.682,0.4,0.118,0.0
71,,0.068,0.35,0.632,0.7,0.632,0.35,0.068,-0.05
72,8,0.559,0.7,0.841,0.85,0.841,0.7,0.559,0.95
73,8,1.0,1.0,1.0,1.0,1.0,1.0,1.0,1.0
74,,0.95,0.95,0.95,0.95,0.95,0.95,0.95,0.95
75,,0.9,0.9,0.9,0.9,0.9,0.9,0.9,0.9
76,,0.85,0.85,0.85,0.85,0.85,0.85,0.85,0.85
77,,0.8,0.8,0.8,0.8,0.8,0.8,0.8,0.8
78,,0.75,0.75,0.75,0.75,0.75,0.75,0.75,0.75
79,,0.7,0.7,0.7,0.7,0.7,0.7,0.7,0.7
80,,0.65,0.65,0.65,0.65,0.65,0.65,0.65,0.65
81,,0.6,0.6,0.6,0.6,0.6,0.6,0.6,0.6
82,,0.55,0.55,0.55,0.55,0.55,0.55,0.55,0.55
83,,0.5,0.5,0.5,0.5,0.5,0.5,0.5,0.5
84,,0.45,0.45,0.45,0.45,0.45,0.45,0.45,0.45
85,,0.4,0.4,0.4,0.4,0.4,0.4,0.4,0.4
86,,0.35,0.35,0.35,0.35,0.35,0.35,0.35,0.35
87,,0.3,0.3,0.3,0.3,0.3,0.3,0.3,0.3
88,,0.25,0.25,0.25,0.25,0.25,0.25,0.25,0.25
89,,0.2,0.2,0.2,0.2,0.2,0.2,0.2,0.2
90,,0.15,0.15,0.15,0.15,0.15,0.15,0.15,0.15
91,,0.1,0.1,0.1,0.1,0.1,0.1,0.1,0.1
92,,0.05,0.05,0.05,0.05,0.05,0.05,0.05,0.05
93,,0.0,0.0,0.0,0.0,0.0,0.0,0.0,0.0
94,,-0.05,-0.05,-0.05,-0.05,-0.05,-0.05,-0.05,-0.05
95,8,0.441,0.3,0.159,0.1,0.159,0.3,0.441,0.95
96,8,0.932,0.65,0.368,0.25,0.368,0.65,0.932,1.0
97,,0.882,0.6,0.318,0.2,0.318,0.6,0.882,0.95
98,,0.832,0.55,0.268,0.15,0.268,0.55,0.832,0.9
99,,0.782,0.5,0.218,0.1,0.218,0.5,0.782,0.85
100,,0.732,0.45,0.168,0.05,0.168,0.45,0.732,0.8
101,,0.682,0.4,0.118,0.0,0.118,0.4,0.682,0.75
102,,0.632,0.35,0.068,-0.05,0.068,0.35,0.632,0.7
103,4,0.841,0.7,0.559,0.95,0.559,0.7,0.841,0.85
104,4,1.0,1.0,1.0,1.0,1.0,1.0,1.0,1.0
105,,0.95,0.95,0.95,0.95,0.95,0.95,0.95,0.95
106,,0.9,0.9,0.9,0.9,0.9,0.9,0.9,0.9
107,,0.85,0.85,0.85,0.85,0.85,0.85,0.85,0.85
108,,0.8,0.8,0.8,0.8,0.8,0.8,0.8,0.8
109,,0.75,0.75,0.75,0.75,0.75,0.75,0.75,0.75
110,,0.7,0.7,0.7,0.7,0.7,0.7,0.7,0.7
111,,0.65,0.65,0.65,0.65,0.65,0.65,0.65,0.65
112,,0.6,0.6,0.6,0.6,0.6,0.6,0.6,0.6
113,,0.55,0.55,0.55,0.55,0.55,0.55,0.55,0.55
114,,0.5,0.5,0.5,0.5,0.5,0.5,0.5,0.5
115,,0.45,0.45,0.45,0.45,0.45,0.45,0.45,0.45
116,,0.4,0.4,0.4,0.4,0.4,0.4,0.4,0.4
117,,0.35,0.35,0.35,0.35,0.35,0.35,0.35,0.35
118,,0.3,0.3,0.3,0.3,0.3,0.3,0.3,0.3
119,,0.25,0.25,0.25,0.25,0.25,0.25,0.25,0.25
120,,0.2,0.2,0.2,0.2,0.2,0.2,0.2,0.2
121,,0.15,0.15,0.15,0.15,0.15,0.15,0.15,0.15
122,,0.1,0.1,0.1,0.1,0.1,0.1,0.1,0.1
123,,0.05,0.05,0.05,0.05,0.05,0.05,0.05,0.05
124,,0.0,0.0,0.0,0.0,0.0,0.0,0.0,0.0
125,,-0.05,-0.05,-0.05,-0.05,-0.05,-0.05,-0.05,-0.05
126,6,0.159,0.1,0.159,0.3,0.441,0.95,0.441,0.3
127,6,0.368,0.25,0.368,0.65,0.932,1.0,0.932,0.65
128,,0.318,0.2,0.318,0.6,0.882,0.95,0.882,0.6
129,,0.268,0.15,0.268,0.55,0.832,0.9,0.832,0.55
130,,0.218,0.1,0.218,0.5,0.782,0.85,0.782,0.5
131,,0.168,0.05,0.168,0.45,0.732,0.8,0.732,0.45
132,,0.118,0.0,0.118,0.4,0.682,0.75,0.682,0.4
133,,0.068,-0.05,0.068,0.35,0.632,0.7,0.632,0.35
134,2,0.559,0.95,0.559,0.7,0.841,0.85,0.841,0.7
135,2,1.0,1.0,1.0,1.0,1.0,1.0,1.0,1.0
136,,0.95,0.95,0.95,0.95,0.95,0.95,0.95,0.95
137,,0.9,0.9,0.9,0.9,0.9,0.9,0.9,0.9
138,,0.85,0.85,0.85,0.85,0.85,0.85,0.85,0.85
139,,0.8,0.8,0.8,0.8,0.8,0.8,0.8,0.8
140,,0.75,0.75,0.75,0.75,0.75,0.75,0.75,0.75
141,,0.7,0.7,0.7,0.7,0.7,0.7,0.7,0.7
142,,0.65,0.65,0.65,0.65,0.65,0.65,0.65,0.65
143,,0.6,0.6,0.6,0.6,0.6,0.6,0.6,0.6
144,,0.55,0.55,0.55,0.55,0.55,0.55,0.55,0.55
145,,0.5,0.5,0.5,0.5,0.5,0.5,0.5,0.5
146,,0.45,0.45,0.45,0.45,0.45,0.45,0.45,0.45
147,,0.4,0.4,0.4,0.4,0.4,0.4,0.4,0.4
148,,0.35,0.35,0.35,0.35,0.35,0.35,0.35,0.35
149,,0.3,0.3,0.3,0.3,0.3,0.3,0.3,0.3
150,,0.25,0.25,0.25,0.25,0.25,0.25,0.25,0.25
151,,0.2,0.2,0.2,0.2,0.2,0.2,0.2,0.2
152,,0.15,0.15,0.15,0.15,0.15,0.15,0.15,0.15
153,,0.1,0.1,0.1,0.1,0.1,0.1,0.1,0.1
154,,0.05,0.05,0.05,0.05,0.05,0.05,0.05,0.05
155,,0.0,0.0,0.0,0.0,0.0,0.0,0.0,0.0
156,,-0.05,-0.05,-0.05,-0.05,-0.05,-0.05,-0.05,-0.05
157,3,0.3,0.441,0.95,0.441,0.3,0.159,0.1,0.159
158,3,0.65,0.932,1.0,0.932,0.65,0.368,0.25,0.368
159,,0.6,0.882,0.95,0.882,0.6,0.318,0.2,0.318
160,,0.55,0.832,0.9,0.832,0.55,0.268,0.15,0.268
161,,0.5,0.782,0.85,0.782,0.5,0.218,0.1,0.218
162,,0.45,0.732,0.8,0.732,0.45,0.168,0.05,0.168
163,,0.4,0.682,0.75,0.682,0.4,0.118,0.0,0.118
164,,0.35,0.632,0.7,0.632,0.35,0.068,-0.05,0.068
165,7,0.7,0.841,0.85,0.841,0.7,0.559,0.95,0.559
166,7,1.0,1.0,1.0,1.0,1.0,1.0,1.0,1.0
167,,0.95,0.95,0.95,0.95,0.95,0.95,0.95,0.95
168,,0.9,0.9,0.9,0.9,0.9,0.9,0.9,0.9
169,,0.85,0.85,0.85,0.85,0.85,0.85,0.85,0.85
170,,0.8,0.8,0.8,0.8,0.8,0.8,0.8,0.8
171,,0.75,0.75,0.75,0.75,0.75,0.75,0.75,0.75
172,,0.7,0.7,0.7,0.7,0.7,0.7,0.7,0.7
173,,0.65,0.65,0.65,0.65,0.65,0.65,0.65,0.65
174,,0.6,0.6,0.6,0.6,0.6,0.6,0.6,0.6
175,,0.55,0.55,0.55,0.55,0.55,0.55,0.55,0.55
176,,0.5,0.5,0.5,0.5,0.5,0.5,0.5,0.5
177,,0.45,0.45,0.45,0.45,0.45,0.45,0.45,0.45
178,,0.4,0.4,0.4,0.4,0.4,0.4,0.4,0.4
179,,0.35,0.35,0.35,0.35,0.35,0.35,0.35,0.35
180,,0.3,0.3,0.3,0.3,0.3,0.3,0.3,0.3
181,,0.25,0.25,0.25,0.25,0.25,0.25,0.25,0.25
182,,0.2,0.2,0.2,0.2,0.2,0.2,0.2,0.2
183,,0.15,0.15,0.15,0.15,0.15,0.15,0.15,0.15
184,,0.1,0.1,0.1,0.1,0.1,0.1,0.1,0.1
185,,0.05,0.05,0.05,0.05,0.05,0.05,0.05,0.05
186,,0.0,0.0,0.0,0.0,0.0,0.0,0.0,0.0
187,,-0.05,-0.05,-0.05,-0.05,-0.05,-0.05,-0.05,-0.05
188,3,0.3,0.441,0.95,0.441,0.3,0.159,0.1,0.159
189,3,0.65,0.932,1.0,0.932,0.65,0.368,0.25,0.368
190,,0.6,0.882,0.95,0.882,0.6,0.318,0.2,0.318
191,,0.55,0.832,0.9,0.832,0.55,0.268,0.15,0.268
192,,0.5,0.782,0.85,0.782,0.5,0.218,0.1,0.218
193,,0.45,0.732,0.8,0.732,0.45,0.168,0.05,0.168
194,,0.4,0.682,0.75,0.682,0.4,0.118,0.0,0.118
195,,0.35,0.632,0.7,0.632,0.35,0.068,-0.05,0.068
196,7,0.7,0.841,0.85,0.841,0.7,0.559,0.95,0.559
197,7,1.0,1.0,1.0,1.0,1.0,1.0,1.0,1.0
198,,0.95,0.95,0.95,0.95,0.95,0.95,0.95,0.95
199,,0.9,0.9,0.9,0.9,0.9,0.9,0.9,0.9
