step,active_motive,motive_1,motive_2,motive_3,motive_4,motive_5,motive_6,motive_7,motive_8
0,,0.4731,0.39065,0.05673,0.46546,0.48712,0.49797,0.02794,0.36852
1,,0.3231,0.24065,-0.09327,0.31546,0.33712,0.34797,-0.12206,0.21852
2,7,0.5731,0.41965,0.05673,0.49446,0.58712,0.66897,0.87794,0.53952
3,7,0.8231,0.59865,0.20673,0.67346,0.83712,0.98997,1.0,0.86052
4,,0.6731,0.44865,0.05673,0.52346,0.68712,0.83997,0.85,0.71052
5,,0.5231,0.29865,-0.09327,0.37346,0.53712,0.68997,0.7,0.56052
6,3,0.7731,0.61965,0.90673,0.69446,0.78712,0.86897,0.85,0.73952
7,3,1.0,0.94065,1.0,1.0,1.0,1.0,1.0,0.91852
8,,0.85,0.79065,0.85,0.85,0.85,0.85,0.85,0.76852
9,,0.7,0.64065,0.7,0.7,0.7,0.7,0.7,0.61852
10,,0.55,0.49065,0.55,0.55,0.55,0.55,0.55,0.46852
11,,0.4,0.34065,0.4,0.4,0.4,0.4,0.4,0.31852
12,,0.25,0.19065,0.25,0.25,0.25,0.25,0.25,0.16852
13,,0.1,0.04065,0.1,0.1,0.1,0.1,0.1,0.01852
14,,-0.05,-0.10935,-0.05,-0.05,-0.05,-0.05,-0.05,-0.13148
15,8,0.271,0.14065,0.129,0.1,0.129,0.2,0.271,0.86852
16,8,0.592,0.39065,0.308,0.25,0.308,0.45,0.592,1.0
17,,0.442,0.24065,0.158,0.1,0.158,0.3,0.442,0.85
18,,0.292,0.09065,0.008,-0.05,0.008,0.15,0.292,0.7
19,4,0.471,0.34065,0.329,0.95,0.329,0.4,0.471,0.85
20,4,0.65,0.59065,0.65,1.0,0.65,0.65,0.65,1.0
21,,0.5,0.44065,0.5,0.85,0.5,0.5,0.5,0.85
22,,0.35,0.29065,0.35,0.7,0.35,0.35,0.35,0.7
23,,0.2,0.14065,0.2,0.55,0.2,0.2,0.2,0.55
24,,0.05,-0.00935,0.05,0.4,0.05,0.05,0.05,0.4
25,2,0.371,0.99065,0.371,0.65,0.229,0.2,0.229,0.65
26,2,0.692,1.0,0.692,0.9,0.408,0.35,0.408,0.9
27,,0.542,0.85,0.542,0.75,0.258,0.2,0.258,0.75
28,,0.392,0.7,0.392,0.6,0.108,0.05,0.108,0.6
29,,0.242,0.55,0.242,0.45,-0.042,-0.1,-0.042,0.45
30,6,0.421,0.7,0.421,0.7,0.279,0.9,0.279,0.7
31,6,0.6,0.85,0.6,0.95,0.6,1.0,0.6,0.95
32,,0.45,0.7,0.45,0.8,0.45,0.85,0.45,0.8
33,,0.3,0.55,0.3,0.65,0.3,0.7,0.3,0.65
34,,0.15,0.4,0.15,0.5,0.15,0.55,0.15,0.5
35,,0.0,0.25,0.0,0.35,0.0,0.4,0.0,0.35
36,,-0.15,0.1,-0.15,0.2,-0.15,0.25,-0.15,0.2
37,1,0.85,0.421,0.1,0.379,0.0,0.429,0.1,0.521
38,1,1.0,0.742,0.35,0.558,0.15,0.608,0.35,0.842
39,,0.85,0.592,0.2,0.408,0.0,0.458,0.2,0.692
40,,0.7,0.442,0.05,0.258,-0.15,0.308,0.05,0.542
41,5,0.85,0.621,0.3,0.579,0.85,0.629,0.3,0.721
42,5,1.0,0.8,0.55,0.9,1.0,0.95,0.55,0.9
43,,0.85,0.65,0.4,0.75,0.85,0.8,0.4,0.75
44,,0.7,0.5,0.25,0.6,0.7,0.65,0.25,0.6
45,,0.55,0.35,0.1,0.45,0.55,0.5,0.1,0.45
46,,0.4,0.2,-0.05,0.3,0.4,0.35,-0.05,0.3
47,3,0.65,0.521,0.95,0.621,0.65,0.529,0.1,0.479
48,3,0.9,0.842,1.0,0.942,0.9,0.708,0.25,0.658
49,,0.75,0.692,0.85,0.792,0.75,0.558,0.1,0.508
50,,0.6,0.542,0.7,0.642,0.6,0.408,-0.05,0.358
51,7,0.85,0.721,0.85,0.821,0.85,0.729,0.95,0.679
52,7,1.0,0.9,1.0,1.0,1.0,1.0,1.0,1.0
53,,0.85,0.75,0.85,0.85,0.85,0.85,0.85,0.85
54,,0.7,0.6,0.7,0.7,0.7,0.7,0.7,0.7
55,,0.55,0.45,0.55,0.55,0.55,0.55,0.55,0.55
56,,0.4,0.3,0.4,0.4,0.4,0.4,0.4,0.4
57,,0.25,0.15,0.25,0.25,0.25,0.25,0.25,0.25
58,,0.1,0.0,0.1,0.1,0.1,0.1,0.1,0.1
59,,-0.05,-0.15,-0.05,-0.05,-0.05,-0.05,-0.05,-0.05
60,2,0.271,0.85,0.271,0.2,0.129,0.1,0.129,0.2
61,2,0.592,1.0,0.592,0.45,0.308,0.25,0.308,0.45
62,,0.442,0.85,0.442,0.3,0.158,0.1,0.158,0.3
63,,0.292,0.7,0.292,0.15,0.008,-0.05,0.008,0.15
64,6,0.471,0.85,0.471,0.4,0.329,0.95,0.329,0.4
65,6,0.65,1.0,0.65,0.65,0.65,1.0,0.65,0.65
66,,0.5,0.85,0.5,0.5,0.5,0.85,0.5,0.5
67,,0.35,0.7,0.35,0.35,0.35,0.7,0.35,0.35
68,,0.2,0.55,0.2,0.2,0.2,0.55,0.2,0.2
69,,0.05,0.4,0.05,0.05,0.05,0.4,0.05,0.05
70,,-0.1,0.25,-0.1,-0.1,-0.1,0.25,-0.1,-0.1
71,4,0.079,0.5,0.221,0.9,0.221,0.5,0.079,0.05
72,4,0.258,0.75,0.542,1.0,0.542,0.75,0.258,0.2
73,,0.108,0.6,0.392,0.85,0.392,0.6,0.108,0.05
74,,-0.042,0.45,0.242,0.7,0.242,0.45,-0.042,-0.1
75,8,0.279,0.7,0.421,0.85,0.421,0.7,0.279,0.9
76,8,0.6,0.95,0.6,1.0,0.6,0.95,0.6,1.0
77,,0.45,0.8,0.45,0.85,0.45,0.8,0.45,0.85
78,,0.3,0.65,0.3,0.7,0.3,0.65,0.3,0.7
79,,0.15,0.5,0.15,0.55,0.15,0.5,0.15,0.55
80,,0.0,0.35,0.0,0.4,0.0,0.35,0.0,0.4
81,,-0.15,0.2,-0.15,0.25,-0.15,0.2,-0.15,0.25
82,3,0.1,0.521,0.85,0.571,0.1,0.379,0.0,0.429
83,3,0.35,0.842,1.0,0.892,0.35,0.558,0.15,0.608
84,,0.2,0.692,0.85,0.742,0.2,0.408,0.0,0.458
85,,0.05,0.542,0.7,0.592,0.05,0.258,-0.15,0.308
86,7,0.3,0.721,0.85,0.771,0.3,0.579,0.85,0.629
87,7,0.55,0.9,1.0,0.95,0.55,0.9,1.0,0.95
88,,0.4,0.75,0.85,0.8,0.4,0.75,0.85,0.8
89,,0.25,0.6,0.7,0.65,0.25,0.6,0.7,0.65
90,,0.1,0.45,0.55,0.5,0.1,0.45,0.55,0.5
91,,-0.05,0.3,0.4,0.35,-0.05,0.3,0.4,0.35
92,1,0.95,0.621,0.65,0.529,0.1,0.479,0.65,0.671
93,1,1.0,0.942,0.9,0.708,0.25,0.658,0.9,0.992
94,,0.85,0.792,0.75,0.558,0.1,0.508,0.75,0.842
95,,0.7,0.642,0.6,0.408,-0.05,0.358,0.6,0.692
96,5,0.85,0.821,0.85,0.729,0.95,0.679,0.85,0.871
97,5,1.0,1.0,1.0,1.0,1.0,1.0,1.0,1.0
98,,0.85,0.85,0.85,0.85,0.85,0.85,0.85,0.85
99,,0.7,0.7,0.7,0.7,0.7,0.7,0.7,0.7
100,,0.55,0.55,0.55,0.55,0.55,0.55,0.55,0.55
101,,0.4,0.4,0.4,0.4,0.4,0.4,0.4,0.4
102,,0.25,0.25,0.25,0.25,0.25,0.25,0.25,0.25
103,,0.1,0.1,0.1,0.1,0.1,0.1,0.1,0.1
104,,-0.05,-0.05,-0.05,-0.05,-0.05,-0.05,-0.05,-0.05
105,4,0.129,0.2,0.271,0.95,0.271,0.2,0.129,0.1
106,4,0.308,0.45,0.592,1.0,0.592,0.45,0.308,0.25
107,,0.158,0.3,0.442,0.85,0.442,0.3,0.158,0.1
108,,0.008,0.15,0.292,0.7,0.292,0.15,0.008,-0.05
109,8,0.329,0.4,0.471,0.85,0.471,0.4,0.329,0.95
110,8,0.65,0.65,0.65,1.0,0.65,0.65,0.65,1.0
111,,0.5,0.5,0.5,0.85,0.5,0.5,0.5,0.85
112,,0.35,0.35,0.35,0.7,0.35,0.35,0.35,0.7
113,,0.2,0.2,0.2,0.55,0.2,0.2,0.2,0.55
114,,0.05,0.05,0.05,0.4,0.05,0.05,0.05,0.4
115,,-0.1,-0.1,-0.1,0.25,-0.1,-0.1,-0.1,0.25
116,1,0.9,0.221,0.15,0.429,0.05,0.079,0.15,0.571
117,1,1.0,0.542,0.4,0.608,0.2,0.258,0.4,0.892
118,,0.85,0.392,0.25,0.458,0.05,0.108,0.25,0.742
119,,0.7,0.242,0.1,0.308,-0.1,-0.042,0.1,0.592
120,5,0.85,0.421,0.35,0.629,0.9,0.279,0.35,0.771
121,5,1.0,0.6,0.6,0.95,1.0,0.6,0.6,0.95
122,,0.85,0.45,0.45,0.8,0.85,0.45,0.45,0.8
123,,0.7,0.3,0.3,0.65,0.7,0.3,0.3,0.65
124,,0.55,0.15,0.15,0.5,0.55,0.15,0.15,0.5
125,,0.4,0.0,0.0,0.35,0.4,0.0,0.0,0.35
126,,0.25,-0.15,-0.15,0.2,0.25,-0.15,-0.15,0.2
127,3,0.5,0.171,0.85,0.521,0.5,0.029,0.0,0.379
128,3,0.75,0.492,1.0,0.842,0.75,0.208,0.15,0.558
129,,0.6,0.342,0.85,0.692,0.6,0.058,0.0,0.408
130,,0.45,0.192,0.7,0.542,0.45,-0.092,-0.15,0.258
131,7,0.7,0.371,0.85,0.721,0.7,0.229,0.85,0.579
132,7,0.95,0.55,1.0,0.9,0.95,0.55,1.0,0.9
133,,0.8,0.4,0.85,0.75,0.8,0.4,0.85,0.75
134,,0.65,0.25,0.7,0.6,0.65,0.25,0.7,0.6
135,,0.5,0.1,0.55,0.45,0.5,0.1,0.55,0.45
136,,0.35,-0.05,0.4,0.3,0.35,-0.05,0.4,0.3
137,6,0.529,0.1,0.579,0.55,0.671,0.95,0.721,0.55
138,6,0.708,0.25,0.758,0.8,0.992,1.0,1.0,0.8
139,,0.558,0.1,0.608,0.65,0.842,0.85,0.85,0.65
140,,0.408,-0.05,0.458,0.5,0.692,0.7,0.7,0.5
141,2,0.729,0.95,0.779,0.75,0.871,0.85,0.879,0.75
142,2,1.0,1.0,1.0,1.0,1.0,1.0,1.0,1.0
143,,0.85,0.85,0.85,0.85,0.85,0.85,0.85,0.85
144,,0.7,0.7,0.7,0.7,0.7,0.7,0.7,0.7
145,,0.55,0.55,0.55,0.55,0.55,0.55,0.55,0.55
146,,0.4,0.4,0.4,0.4,0.4,0.4,0.4,0.4
147,,0.25,0.25,0.25,0.25,0.25,0.25,0.25,0.25
148,,0.1,0.1,0.1,0.1,0.1,0.1,0.1,0.1
149,,-0.05,-0.05,-0.05,-0.05,-0.05,-0.05,-0.05,-0.05
150,4,0.129,0.2,0.271,0.95,0.271,0.2,0.129,0.1
151,4,0.308,0.45,0.592,1.0,0.592,0.45,0.308,0.25
152,,0.158,0.3,0.442,0.85,0.442,0.3,0.158,0.1
153,,0.008,0.15,0.292,0.7,0.292,0.15,0.008,-0.05
154,8,0.329,0.4,0.471,0.85,0.471,0.4,0.329,0.95
155,8,0.65,0.65,0.65,1.0,0.65,0.65,0.65,1.0
156,,0.5,0.5,0.5,0.85,0.5,0.5,0.5,0.85
157,,0.35,0.35,0.35,0.7,0.35,0.35,0.35,0.7
158,,0.2,0.2,0.2,0.55,0.2,0.2,0.2,0.55
159,,0.05,0.05,0.05,0.4,0.05,0.05,0.05,0.4
160,,-0.1,-0.1,-0.1,0.25,-0.1,-0.1,-0.1,0.25
161,1,0.9,0.221,0.15,0.429,0.05,0.079,0.15,0.571
162,1,1.0,0.542,0.4,0.608,0.2,0.258,0.4,0.892
163,,0.85,0.392,0.25,0.458,0.05,0.108,0.25,0.742
164,,0.7,0.242,0.1,0.308,-0.1,-0.042,0.1,0.592
165,5,0.85,0.421,0.35,0.629,0.9,0.279,0.35,0.771
166,5,1.0,0.6,0.6,0.95,1.0,0.6,0.6,0.95
167,,0.85,0.45,0.45,0.8,0.85,0.45,0.45,0.8
168,,0.7,0.3,0.3,0.65,0.7,0.3,0.3,0.65
169,,0.55,0.15,0.15,0.5,0.55,0.15,0.15,0.5
170,,0.4,0.0,0.0,0.35,0.4,0.0,0.0,0.35
171,,0.25,-0.15,-0.15,0.2,0.25,-0.15,-0.15,0.2
172,2,0.571,0.85,0.171,0.45,0.429,0.0,0.029,0.45
173,2,0.892,1.0,0.492,0.7,0.608,0.15,0.208,0.7
174,,0.742,0.85,0.342,0.55,0.458,0.0,0.058,0.55
175,,0.592,0.7,0.192,0.4,0.308,-0.15,-0.092,0.4
176,6,0.771,0.85,0.371,0.65,0.629,0.85,0.229,0.65
177,6,0.95,1.0,0.55,0.9,0.95,1.0,0.55,0.9
178,,0.8,0.85,0.4,0.75,0.8,0.85,0.4,0.75
179,,0.65,0.7,0.25,0.6,0.65,0.7,0.25,0.6
180,,0.5,0.55,0.1,0.45,0.5,0.55,0.1,0.45
181,,0.35,0.4,-0.05,0.3,0.35,0.4,-0.05,0.3
182,7,0.6,0.579,0.1,0.479,0.6,0.721,0.95,0.621
183,7,0.85,0.758,0.25,0.658,0.85,1.0,1.0,0.942
184,,0.7,0.608,0.1,0.508,0.7,0.85,0.85,0.792
185,,0.55,0.458,-0.05,0.358,0.55,0.7,0.7,0.642
186,3,0.8,0.779,0.95,0.679,0.8,0.879,0.85,0.821
187,3,1.0,1.0,1.0,1.0,1.0,1.0,1.0,1.0
188,,0.85,0.85,0.85,0.85,0.85,0.85,0.85,0.85
189,,0.7,0.7,0.7,0.7,0.7,0.7,0.7,0.7
190,,0.55,0.55,0.55,0.55,0.55,0.55,0.55,0.55
191,,0.4,0.4,0.4,0.4,0.4,0.4,0.4,0.4
192,,0.25,0.25,0.25,0.25,0.25,0.25,0.25,0.25
193,,0.1,0.1,0.1,0.1,0.1,0.1,0.1,0.1
194,,-0.05,-0.05,-0.05,-0.05,-0.05,-0.05,-0.05,-0.05
195,7,0.2,0.129,0.1,0.129,0.2,0.271,0.95,0.271
196,7,0.45,0.308,0.25,0.308,0.45,0.592,1.0,0.592
197,,0.3,0.158,0.1,0.158,0.3,0.442,0.85,0.442
198,,0.15,0.008,-0.05,0.008,0.15,0.292,0.7,0.292
199,3,0.4,0.329,0.95,0.329,0.4,0.471,0.85,0.471
200,3,0.65,0.65,1.0,0.65,0.65,0.65,1.0,0.65
201,,0.5,0.5,0.85,0.5,0.5,0.5,0.85,0.5
202,,0.35,0.35,0.7,0.35,0.35,0.35,0.7,0.35
203,,0.2,0.2,0.55,0.2,0.2,0.2,0.55,0.2
204,,0.05,0.05,0.4,0.05,0.05,0.05,0.4,0.05
205,,-0.1,-0.1,0.25,-0.1,-0.1,-0.1,0.25,-0.1
206,8,0.221,0.15,0.429,0.05,0.079,0.15,0.571,0.9
207,8,0.542,0.4,0.608,0.2,0.258,0.4,0.892,1.0
208,,0.392,0.25,0.458,0.05,0.108,0.25,0.742,0.85
209,,0.242,0.1,0.308,-0.1,-0.042,0.1,0.592,0.7
210,4,0.421,0.35,0.629,0.9,0.279,0.35,0.771,0.85
211,4,0.6,0.6,0.95,1.0,0.6,0.6,0.95,1.0
212,,0.45,0.45,0.8,0.85,0.45,0.45,0.8,0.85
213,,0.3,0.3,0.65,0.7,0.3,0.3,0.65,0.7
214,,0.15,0.15,0.5,0.55,0.15,0.15,0.5,0.55
215,,0.0,0.0,0.35,0.4,0.0,0.0,0.35,0.4
216,,-0.15,-0.15,0.2,0.25,-0.15,-0.15,0.2,0.25
217,1,0.85,0.171,0.45,0.429,0.0,0.029,0.45,0.571
218,1,1.0,0.492,0.7,0.608,0.15,0.208,0.7,0.892
219,,0.85,0.342,0.55,0.458,0.0,0.058,0.55,0.742
220,,0.7,0.192,0.4,0.308,-0.15,-0.092,0.4,0.592
221,5,0.85,0.371,0.65,0.629,0.85,0.229,0.65,0.771
222,5,1.0,0.55,0.9,0.95,1.0,0.55,0.9,0.95
223,,0.85,0.4,0.75,0.8,0.85,0.4,0.75,0.8
224,,0.7,0.25,0.6,0.65,0.7,0.25,0.6,0.65
225,,0.55,0.1,0.45,0.5,0.55,0.1,0.45,0.5
226,,0.4,-0.05,0.3,0.35,0.4,-0.05,0.3,0.35
227,6,0.579,0.1,0.479,0.6,0.721,0.95,0.621,0.6
228,6,0.758,0.25,0.658,0.85,1.0,1.0,0.942,0.85
229,,0.608,0.1,0.508,0.7,0.85,0.85,0.792,0.7
230,,0.458,-0.05,0.358,0.55,0.7,0.7,0.642,0.55
231,2,0.779,0.95,0.679,0.8,0.879,0.85,0.821,0.8
232,2,1.0,1.0,1.0,1.0,1.0,1.0,1.0,1.0
233,,0.85,0.85,0.85,0.85,0.85,0.85,0.85,0.85
234,,0.7,0.7,0.7,0.7,0.7,0.7,0.7,0.7
235,,0.55,0.55,0.55,0.55,0.55,0.55,0.55,0.55
236,,0.4,0.4,0.4,0.4,0.4,0.4,0.4,0.4
237,,0.25,0.25,0.25,0.25,0.25,0.25,0.25,0.25
238,,0.1,0.1,0.1,0.1,0.1,0.1,0.1,0.1
239,,-0.05,-0.05,-0.05,-0.05,-0.05,-0.05,-0.05,-0.05
240,2,0.271,0.95,0.271,0.2,0.129,0.1,0.129,0.2
241,2,0.592,1.0,0.592,0.45,0.308,0.25,0.308,0.45
242,,0.442,0.85,0.442,0.3,0.158,0.1,0.158,0.3
243,,0.292,0.7,0.292,0.15,0.008,-0.05,0.008,0.15
244,6,0.471,0.85,0.471,0.4,0.329,0.95,0.329,0.4
245,6,0.65,1.0,0.65,0.65,0.65,1.0,0.65,0.65
246,,0.5,0.85,0.5,0.5,0.5,0.85,0.5,0.5
247,,0.35,0.7,0.35,0.35,0.35,0.7,0.35,0.35
248,,0.2,0.55,0.2,0.2,0.2,0.55,0.2,0.2
249,,0.05,0.4,0.05,0.05,0.05,0.4,0.05,0.05
250,,-0.1,0.25,-0.1,-0.1,-0.1,0.25,-0.1,-0.1
251,1,0.9,0.571,0.15,0.079,0.05,0.429,0.15,0.221
252,1,1.0,0.892,0.4,0.258,0.2,0.608,0.4,0.542
253,,0.85,0.742,0.25,0.108,0.05,0.458,0.25,0.392
254,,0.7,0.592,0.1,-0.042,-0.1,0.308,0.1,0.242
255,5,0.85,0.771,0.35,0.279,0.9,0.629,0.35,0.421
256,5,1.0,0.95,0.6,0.6,1.0,0.95,0.6,0.6
257,,0.85,0.8,0.45,0.45,0.85,0.8,0.45,0.45
258,,0.7,0.65,0.3,0.3,0.7,0.65,0.3,0.3
259,,0.55,0.5,0.15,0.15,0.55,0.5,0.15,0.15
260,,0.4,0.35,0.0,0.0,0.4,0.35,0.0,0.0
261,,0.25,0.2,-0.15,-0.15,0.25,0.2,-0.15,-0.15
262,4,0.429,0.45,0.171,0.85,0.571,0.45,0.029,0.0
263,4,0.608,0.7,0.492,1.0,0.892,0.7,0.208,0.15
264,,0.458,0.55,0.342,0.85,0.742,0.55,0.058,0.0
265,,0.308,0.4,0.192,0.7,0.592,0.4,-0.092,-0.15
266,8,0.629,0.65,0.371,0.85,0.771,0.65,0.229,0.85
267,8,0.95,0.9,0.55,1.0,0.95,0.9,0.55,1.0
268,,0.8,0.75,0.4,0.85,0.8,0.75,0.4,0.85
269,,0.65,0.6,0.25,0.7,0.65,0.6,0.25,0.7
270,,0.5,0.45,0.1,0.55,0.5,0.45,0.1,0.55
271,,0.35,0.3,-0.05,0.4,0.35,0.3,-0.05,0.4
272,3,0.6,0.621,0.95,0.721,0.6,0.479,0.1,0.579
273,3,0.85,0.942,1.0,1.0,0.85,0.658,0.25,0.758
274,,0.7,0.792,0.85,0.85,0.7,0.508,0.1,0.608
275,,0.55,0.642,0.7,0.7,0.55,0.358,-0.05,0.458
276,7,0.8,0.821,0.85,0.879,0.8,0.679,0.95,0.779
277,7,1.0,1.0,1.0,1.0,1.0,1.0,1.0,1.0
278,,0.85,0.85,0.85,0.85,0.85,0.85,0.85,0.85
279,,0.7,0.7,0.7,0.7,0.7,0.7,0.7,0.7
280,,0.55,0.55,0.55,0.55,0.55,0.55,0.55,0.55
281,,0.4,0.4,0.4,0.4,0.4,0.4,0.4,0.4
282,,0.25,0.25,0.25,0.25,0.25,0.25,0.25,0.25
283,,0.1,0.1,0.1,0.1,0.1,0.1,0.1,0.1
284,,-0.05,-0.05,-0.05,-0.05,-0.05,-0.05,-0.05,-0.05
285,2,0.271,0.95,0.271,0.2,0.129,0.1,0.129,0.2
286,2,0.592,1.0,0.592,0.45,0.308,0.25,0.308,0.45
287,,0.442,0.85,0.442,0.3,0.158,0.1,0.158,0.3
288,,0.292,0.7,0.292,0.15,0.008,-0.05,0.008,0.15
289,6,0.471,0.85,0.471,0.4,0.329,0.95,0.329,0.4
290,6,0.65,1.0,0.65,0.65,0.65,1.0,0.65,0.65
291,,0.5,0.85,0.5,0.5,0.5,0.85,0.5,0.5
292,,0.35,0.7,0.35,0.35,0.35,0.7,0.35,0.35
293,,0.2,0.55,0.2,0.2,0.2,0.55,0.2,0.2
294,,0.05,0.4,0.05,0.05,0.05,0.4,0.05,0.05
295,,-0.1,0.25,-0.1,-0.1,-0.1,0.25,-0.1,-0.1
296,3,0.15,0.571,0.9,0.221,0.15,0.429,0.05,0.079
297,3,0.4,0.892,1.0,0.542,0.4,0.608,0.2,0.258
298,,0.25,0.742,0.85,0.392,0.25,0.458,0.05,0.108
299,,0.1,0.592,0.7,0.242,0.1,0.308,-0.1,-0.042
300,7,0.35,0.771,0.85,0.421,0.35,0.629,0.9,0.279
301,7,0.6,0.95,1.0,0.6,0.6,0.95,1.0,0.6
302,,0.45,0.8,0.85,0.45,0.45,0.8,0.85,0.45
303,,0.3,0.65,0.7,0.3,0.3,0.65,0.7,0.3
304,,0.15,0.5,0.55,0.15,0.15,0.5,0.55,0.15
305,,0.0,0.35,0.4,0.0,0.0,0.35,0.4,0.0
306,,-0.15,0.2,0.25,-0.15,-0.15,0.2,0.25,-0.15
307,1,0.85,0.521,0.5,0.029,0.0,0.379,0.5,0.171
308,1,1.0,0.842,0.75,0.208,0.15,0.558,0.75,0.492
309,,0.85,0.692,0.6,0.058,0.0,0.408,0.6,0.342
310,,0.7,0.542,0.45,-0.092,-0.15,0.258,0.45,0.192
311,5,0.85,0.721,0.7,0.229,0.85,0.579,0.7,0.371
312,5,1.0,0.9,0.95,0.55,1.0,0.9,0.95,0.55
313,,0.85,0.75,0.8,0.4,0.85,0.75,0.8,0.4
314,,0.7,0.6,0.65,0.25,0.7,0.6,0.65,0.25
315,,0.55,0.45,0.5,0.1,0.55,0.45,0.5,0.1
316,,0.4,0.3,0.35,-0.05,0.4,0.3,0.35,-0.05
317,4,0.579,0.55,0.671,0.95,0.721,0.55,0.529,0.1
318,4,0.758,0.8,0.992,1.0,1.0,0.8,0.708,0.25
319,,0.608,0.65,0.842,0.85,0.85,0.65,0.558,0.1
320,,0.458,0.5,0.692,0.7,0.7,0.5,0.408,-0.05
321,8,0.779,0.75,0.871,0.85,0.879,0.75,0.729,0.95
322,8,1.0,1.0,1.0,1.0,1.0,1.0,1.0,1.0
323,,0.85,0.85,0.85,0.85,0.85,0.85,0.85,0.85
324,,0.7,0.7,0.7,0.7,0.7,0.7,0.7,0.7
325,,0.55,0.55,0.55,0.55,0.55,0.55,0.55,0.55
326,,0.4,0.4,0.4,0.4,0.4,0.4,0.4,0.4
327,,0.25,0.25,0.25,0.25,0.25,0.25,0.25,0.25
328,,0.1,0.1,0.1,0.1,0.1,0.1,0.1,0.1
329,,-0.05,-0.05,-0.05,-0.05,-0.05,-0.05,-0.05,-0.05
330,5,0.1,0.129,0.2,0.271,0.95,0.271,0.2,0.129
331,5,0.25,0.308,0.45,0.592,1.0,0.592,0.45,0.308
332,,0.1,0.158,0.3,0.442,0.85,0.442,0.3,0.158
333,,-0.05,0.008,0.15,0.292,0.7,0.292,0.15,0.008
334,1,0.95,0.329,0.4,0.471,0.85,0.471,0.4,0.329
335,1,1.0,0.65,0.65,0.65,1.0,0.65,0.65,0.65
336,,0.85,0.5,0.5,0.5,0.85,0.5,0.5,0.5
337,,0.7,0.35,0.35,0.35,0.7,0.35,0.35,0.35
338,,0.55,0.2,0.2,0.2,0.55,0.2,0.2,0.2
339,,0.4,0.05,0.05,0.05,0.4,0.05,0.05,0.05
340,,0.25,-0.1,-0.1,-0.1,0.25,-0.1,-0.1,-0.1
341,8,0.571,0.15,0.079,0.05,0.429,0.15,0.221,0.9
342,8,0.892,0.4,0.258,0.2,0.608,0.4,0.542,1.0
343,,0.742,0.25,0.108,0.05,0.458,0.25,0.392,0.85
344,,0.592,0.1,-0.042,-0.1,0.308,0.1,0.242,0.7
345,4,0.771,0.35,0.279,0.9,0.629,0.35,0.421,0.85
346,4,0.95,0.6,0.6,1.0,0.95,0.6,0.6,1.0
347,,0.8,0.45,0.45,0.85,0.8,0.45,0.45,0.85
348,,0.65,0.3,0.3,0.7,0.65,0.3,0.3,0.7
349,,0.5,0.15,0.15,0.55,0.5,0.15,0.15,0.55
350,,0.35,0.0,0.0,0.4,0.35,0.0,0.0,0.4
351,,0.2,-0.15,-0.15,0.25,0.2,-0.15,-0.15,0.25
352,6,0.379,0.0,0.029,0.5,0.521,0.85,0.171,0.5
353,6,0.558,0.15,0.208,0.75,0.842,1.0,0.492,0.75
354,,0.408,0.0,0.058,0.6,0.692,0.85,0.342,0.6
355,,0.258,-0.15,-0.092,0.45,0.542,0.7,0.192,0.45
356,2,0.579,0.85,0.229,0.7,0.721,0.85,0.371,0.7
357,2,0.9,1.0,0.55,0.95,0.9,1.0,0.55,0.95
358,,0.75,0.85,0.4,0.8,0.75,0.85,0.4,0.8
359,,0.6,0.7,0.25,0.65,0.6,0.7,0.25,0.65
360,,0.45,0.55,0.1,0.5,0.45,0.55,0.1,0.5
361,,0.3,0.4,-0.05,0.35,0.3,0.4,-0.05,0.35
362,7,0.55,0.579,0.1,0.529,0.55,0.721,0.95,0.671
363,7,0.8,0.758,0.25,0.708,0.8,1.0,1.0,0.992
364,,0.65,0.608,0.1,0.558,0.65,0.85,0.85,0.842
365,,0.5,0.458,-0.05,0.408,0.5,0.7,0.7,0.692
366,3,0.75,0.779,0.95,0.729,0.75,0.879,0.85,0.871
367,3,1.0,1.0,1.0,1.0,1.0,1.0,1.0,1.0
368,,0.85,0.85,0.85,0.85,0.85,0.85,0.85,0.85
369,,0.7,0.7,0.7,0.7,0.7,0.7,0.7,0.7
370,,0.55,0.55,0.55,0.55,0.55,0.55,0.55,0.55
371,,0.4,0.4,0.4,0.4,0.4,0.4,0.4,0.4
372,,0.25,0.25,0.25,0.25,0.25,0.25,0.25,0.25
373,,0.1,0.1,0.1,0.1,0.1,0.1,0.1,0.1
374,,-0.05,-0.05,-0.05,-0.05,-0.05,-0.05,-0.05,-0.05
375,8,0.271,0.2,0.129,0.1,0.129,0.2,0.271,0.95
376,8,0.592,0.45,0.308,0.25,0.308,0.45,0.592,1.0
377,,0.442,0.3,0.158,0.1,0.158,0.3,0.442,0.85
378,,0.292,0.15,0.008,-0.05,0.008,0.15,0.292,0.7
379,4,0.471,0.4,0.329,0.95,0.329,0.4,0.471,0.85
380,4,0.65,0.65,0.65,1.0,0.65,0.65,0.65,1.0
381,,0.5,0.5,0.5,0.85,0.5,0.5,0.5,0.85
382,,0.35,0.35,0.35,0.7,0.35,0.35,0.35,0.7
383,,0.2,0.2,0.2,0.55,0.2,0.2,0.2,0.55
384,,0.05,0.05,0.05,0.4,0.05,0.05,0.05,0.4
385,,-0.1,-0.1,-0.1,0.25,-0.1,-0.1,-0.1,0.25
386,6,0.079,0.05,0.079,0.5,0.221,0.9,0.221,0.5
387,6,0.258,0.2,0.258,0.75,0.542,1.0,0.542,0.75
388,,0.108,0.05,0.108,0.6,0.392,0.85,0.392,0.6
389,,-0.042,-0.1,-0.042,0.45,0.242,0.7,0.242,0.45
390,2,0.279,0.9,0.279,0.7,0.421,0.85,0.421,0.7
391,2,0.6,1.0,0.6,0.95,0.6,1.0,0.6,0.95
392,,0.45,0.85,0.45,0.8,0.45,0.85,0.45,0.8
393,,0.3,0.7,0.3,0.65,0.3,0.7,0.3,0.65
394,,0.15,0.55,0.15,0.5,0.15,0.55,0.15,0.5
395,,0.0,0.4,0.0,0.35,0.0,0.4,0.0,0.35
396,,-0.15,0.25,-0.15,0.2,-0.15,0.25,-0.15,0.2
397,1,0.85,0.571,0.1,0.379,0.0,0.429,0.1,0.521
398,1,1.0,0.892,0.35,0.558,0.15,0.608,0.35,0.842
399,,0.85,0.742,0.2,0.408,0.0,0.458,0.2,0.692
400,,0.7,0.592,0.05,0.258,-0.15,0.308,0.05,0.542
401,5,0.85,0.771,0.3,0.579,0.85,0.629,0.3,0.721
402,5,1.0,0.95,0.55,0.9,1.0,0.95,0.55,0.9
403,,0.85,0.8,0.4,0.75,0.85,0.8,0.4,0.75
404,,0.7,0.65,0.25,0.6,0.7,0.65,0.25,0.6
405,,0.55,0.5,0.1,0.45,0.55,0.5,0.1,0.45
406,,0.4,0.35,-0.05,0.3,0.4,0.35,-0.05,0.3
407,7,0.65,0.529,0.1,0.479,0.65,0.671,0.95,0.621
408,7,0.9,0.708,0.25,0.658,0.9,0.992,1.0,0.942
409,,0.75,0.558,0.1,0.508,0.75,0.842,0.85,0.792
410,,0.6,0.408,-0.05,0.358,0.6,0.692,0.7,0.642
411,3,0.85,0.729,0.95,0.679,0.85,0.871,0.85,0.821
412,3,1.0,1.0,1.0,1.0,1.0,1.0,1.0,1.0
413,,0.85,0.85,0.85,0.85,0.85,0.85,0.85,0.85
414,,0.7,0.7,0.7,0.7,0.7,0.7,0.7,0.7
415,,0.55,0.55,0.55,0.55,0.55,0.55,0.55,0.55
416,,0.4,0.4,0.4,0.4,0.4,0.4,0.4,0.4
417,,0.25,0.25,0.25,0.25,0.25,0.25,0.25,0.25
418,,0.1,0.1,0.1,0.1,0.1,0.1,0.1,0.1
419,,-0.05,-0.05,-0.05,-0.05,-0.05,-0.05,-0.05,-0.05
420,4,0.129,0.2,0.271,0.95,0.271,0.2,0.129,0.1
421,4,0.308,0.45,0.592,1.0,0.592,0.45,0.308,0.25
422,,0.158,0.3,0.442,0.85,0.442,0.3,0.158,0.1
423,,0.008,0.15,0.292,0.7,0.292,0.15,0.008,-0.05
424,8,0.329,0.4,0.471,0.85,0.471,0.4,0.329,0.95
425,8,0.65,0.65,0.65,1.0,0.65,0.65,0.65,1.0
426,,0.5,0.5,0.5,0.85,0.5,0.5,0.5,0.85
427,,0.35,0.35,0.35,0.7,0.35,0.35,0.35,0.7
428,,0.2,0.2,0.2,0.55,0.2,0.2,0.2,0.55
429,,0.05,0.05,0.05,0.4,0.05,0.05,0.05,0.4
430,,-0.1,-0.1,-0.1,0.25,-0.1,-0.1,-0.1,0.25
431,1,0.9,0.221,0.15,0.429,0.05,0.079,0.15,0.571
432,1,1.0,0.542,0.4,0.608,0.2,0.258,0.4,0.892
433,,0.85,0.392,0.25,0.458,0.05,0.108,0.25,0.742
434,,0.7,0.242,0.1,0.308,-0.1,-0.042,0.1,0.592
435,5,0.85,0.421,0.35,0.629,0.9,0.279,0.35,0.771
436,5,1.0,0.6,0.6,0.95,1.0,0.6,0.6,0.95
437,,0.85,0.45,0.45,0.8,0.85,0.45,0.45,0.8
438,,0.7,0.3,0.3,0.65,0.7,0.3,0.3,0.65
439,,0.55,0.15,0.15,0.5,0.55,0.15,0.15,0.5
440,,0.4,0.0,0.0,0.35,0.4,0.0,0.0,0.35
441,,0.25,-0.15,-0.15,0.2,0.25,-0.15,-0.15,0.2
442,6,0.429,0.0,0.029,0.45,0.571,0.85,0.171,0.45
443,6,0.608,0.15,0.208,0.7,0.892,1.0,0.492,0.7
444,,0.458,0.0,0.058,0.55,0.742,0.85,0.342,0.55
445,,0.308,-0.15,-0.092,0.4,0.592,0.7,0.192,0.4
446,2,0.629,0.85,0.229,0.65,0.771,0.85,0.371,0.65
447,2,0.95,1.0,0.55,0.9,0.95,1.0,0.55,0.9
448,,0.8,0.85,0.4,0.75,0.8,0.85,0.4,0.75
449,,0.65,0.7,0.25,0.6,0.65,0.7,0.25,0.6
450,,0.5,0.55,0.1,0.45,0.5,0.55,0.1,0.45
451,,0.35,0.4,-0.05,0.3,0.35,0.4,-0.05,0.3
452,3,0.6,0.721,0.95,0.621,0.6,0.579,0.1,0.479
453,3,0.85,1.0,1.0,0.942,0.85,0.758,0.25,0.658
454,,0.7,0.85,0.85,0.792,0.7,0.608,0.1,0.508
455,,0.55,0.7,0.7,0.642,0.55,0.458,-0.05,0.358
456,7,0.8,0.879,0.85,0.821,0.8,0.779,0.95,0.679
457,7,1.0,1.0,1.0,1.0,1.0,1.0,1.0,1.0
458,,0.85,0.85,0.85,0.85,0.85,0.85,0.85,0.85
459,,0.7,0.7,0.7,0.7,0.7,0.7,0.7,0.7
460,,0.55,0.55,0.55,0.55,0.55,0.55,0.55,0.55
461,,0.4,0.4,0.4,0.4,0.4,0.4,0.4,0.4
462,,0.25,0.25,0.25,0.25,0.25,0.25,0.25,0.25
463,,0.1,0.1,0.1,0.1,0.1,0.1,0.1,0.1
464,,-0.05,-0.05,-0.05,-0.05,-0.05,-0.05,-0.05,-0.05
465,1,0.95,0.271,0.2,0.129,0.1,0.129,0.2,0.271
466,1,1.0,0.592,0.45,0.308,0.25,0.308,0.45,0.592
467,,0.85,0.442,0.3,0.158,0.1,0.158,0.3,0.442
468,,0.7,0.292,0.15,0.008,-0.05,0.008,0.15,0.292
469,5,0.85,0.471,0.4,0.329,0.95,0.329,0.4,0.471
470,5,1.0,0.65,0.65,0.65,1.0,0.65,0.65,0.65
471,,0.85,0.5,0.5,0.5,0.85,0.5,0.5,0.5
472,,0.7,0.35,0.35,0.35,0.7,0.35,0.35,0.35
473,,0.55,0.2,0.2,0.2,0.55,0.2,0.2,0.2
474,,0.4,0.05,0.05,0.05,0.4,0.05,0.05,0.05
475,,0.25,-0.1,-0.1,-0.1,0.25,-0.1,-0.1,-0.1
476,7,0.5,0.079,0.05,0.079,0.5,0.221,0.9,0.221
477,7,0.75,0.258,0.2,0.258,0.75,0.542,1.0,0.542
478,,0.6,0.108,0.05,0.108,0.6,0.392,0.85,0.392
479,,0.45,-0.042,-0.1,-0.042,0.45,0.242,0.7,0.242
480,3,0.7,0.279,0.9,0.279,0.7,0.421,0.85,0.421
481,3,0.95,0.6,1.0,0.6,0.95,0.6,1.0,0.6
482,,0.8,0.45,0.85,0.45,0.8,0.45,0.85,0.45
483,,0.65,0.3,0.7,0.3,0.65,0.3,0.7,0.3
484,,0.5,0.15,0.55,0.15,0.5,0.15,0.55,0.15
485,,0.35,0.0,0.4,0.0,0.35,0.0,0.4,0.0
486,,0.2,-0.15,0.25,-0.15,0.2,-0.15,0.25,-0.15
487,8,0.521,0.1,0.429,0.0,0.379,0.1,0.571,0.85
488,8,0.842,0.35,0.608,0.15,0.558,0.35,0.892,1.0
489,,0.692,0.2,0.458,0.0,0.408,0.2,0.742,0.85
490,,0.542,0.05,0.308,-0.15,0.258,0.05,0.592,0.7
491,4,0.721,0.3,0.629,0.85,0.579,0.3,0.771,0.85
492,4,0.9,0.55,0.95,1.0,0.9,0.55,0.95,1.0
493,,0.75,0.4,0.8,0.85,0.75,0.4,0.8,0.85
494,,0.6,0.25,0.65,0.7,0.6,0.25,0.65,0.7
495,,0.45,0.1,0.5,0.55,0.45,0.1,0.5,0.55
496,,0.3,-0.05,0.35,0.4,0.3,-0.05,0.35,0.4
497,6,0.479,0.1,0.529,0.65,0.621,0.95,0.671,0.65
498,6,0.658,0.25,0.708,0.9,0.942,1.0,0.992,0.9
499,,0.508,0.1,0.558,0.75,0.792,0.85,0.842,0.75
