step,active_motive,motive_1,motive_2,motive_3,motive_4,motive_5,motive_6,motive_7,motive_8
0,,0.01612,0.09297,0.08081,0.06334,0.08715,0.08037,0.01866,0.08926
1,,-0.00388,0.07297,0.06081,0.04334,0.06715,0.06037,-0.00134,0.06926
2,1,0.99612,0.26497,0.04081,-0.18866,-0.25285,-0.17163,-0.02134,0.26126
3,1,1.0,0.45697,0.02081,-0.42066,-0.57285,-0.40363,-0.04134,0.45326
4,5,0.68,0.22497,0.00081,-0.22866,0.42715,-0.21163,-0.06134,0.22126
5,5,0.36,-0.00703,-0.01919,-0.03666,1.0,-0.01963,-0.08134,-0.01074
6,7,0.34,-0.23903,-0.33919,-0.26866,0.98,0.17237,0.91866,0.18126
7,7,0.32,-0.47103,-0.65919,-0.50066,0.96,0.36437,1.0,0.37326
8,3,0.3,-0.27903,0.34081,-0.30866,0.94,0.13237,0.68,0.14126
9,3,0.28,-0.08703,1.0,-0.11666,0.92,-0.09963,0.36,-0.09074
10,4,0.048,-0.10703,1.0,0.88334,1.0,-0.11963,0.128,-0.41074
11,4,-0.184,-0.12703,1.0,1.0,1.0,-0.13963,-0.104,-0.73074
12,8,0.008,-0.14703,0.768,0.68,0.768,-0.15963,0.088,0.26926
13,8,0.2,-0.16703,0.536,0.36,0.536,-0.17963,0.28,1.0
14,6,-0.032,-0.48703,0.304,0.34,0.728,0.82037,0.472,0.98
15,6,-0.264,-0.80703,0.072,0.32,0.92,1.0,0.664,0.96
16,2,-0.072,0.19297,0.264,0.3,0.688,0.68,0.432,0.94
17,2,0.12,1.0,0.456,0.28,0.456,0.36,0.2,0.92
18,,0.1,0.98,0.436,0.26,0.436,0.34,0.18,0.9
19,,0.08,0.96,0.416,0.24,0.416,0.32,0.16,0.88
20,,0.06,0.94,0.396,0.22,0.396,0.3,0.14,0.86
21,,0.04,0.92,0.376,0.2,0.376,0.28,0.12,0.84
22,,0.02,0.9,0.356,0.18,0.356,0.26,0.1,0.82
23,,0.0,0.88,0.336,0.16,0.336,0.24,0.08,0.8
24,,-0.02,0.86,0.316,0.14,0.316,0.22,0.06,0.78
25,1,0.98,1.0,0.296,-0.092,-0.004,-0.012,0.04,0.972
26,1,1.0,1.0,0.276,-0.324,-0.324,-0.244,0.02,1.0
27,4,0.768,0.98,0.468,0.676,-0.132,-0.264,-0.212,0.68
28,4,0.536,0.96,0.66,1.0,0.06,-0.284,-0.444,0.36
29,7,0.516,0.728,0.34,0.768,0.04,-0.092,0.556,0.552
30,7,0.496,0.496,0.02,0.536,0.02,0.1,1.0,0.744
31,,0.476,0.476,0.0,0.516,0.0,0.08,0.98,0.724
32,,0.456,0.456,-0.02,0.496,-0.02,0.06,0.96,0.704
33,5,0.136,0.224,-0.04,0.688,0.98,0.252,0.94,0.472
34,5,-0.184,-0.008,-0.06,0.88,1.0,0.444,0.92,0.24
35,1,0.816,0.184,-0.08,0.648,0.68,0.212,0.9,0.432
36,1,1.0,0.376,-0.1,0.416,0.36,-0.02,0.88,0.624
37,3,0.98,0.568,0.9,0.608,0.34,-0.252,0.56,0.392
38,3,0.96,0.76,1.0,0.8,0.32,-0.484,0.24,0.16
39,6,0.728,0.44,0.768,0.78,0.512,0.516,0.432,0.14
40,6,0.496,0.12,0.536,0.76,0.704,1.0,0.624,0.12
41,,0.476,0.1,0.516,0.74,0.684,0.98,0.604,0.1
42,,0.456,0.08,0.496,0.72,0.664,0.96,0.584,0.08
43,,0.436,0.06,0.476,0.7,0.644,0.94,0.564,0.06
44,,0.416,0.04,0.456,0.68,0.624,0.92,0.544,0.04
45,,0.396,0.02,0.436,0.66,0.604,0.9,0.524,0.02
46,,0.376,0.0,0.416,0.64,0.584,0.88,0.504,0.0
47,,0.356,-0.02,0.396,0.62,0.564,0.86,0.484,-0.02
48,8,0.548,-0.04,0.164,0.3,0.332,0.84,0.676,0.98
49,8,0.74,-0.06,-0.068,-0.02,0.1,0.82,0.868,1.0
50,3,0.72,0.132,0.932,0.172,0.08,0.588,0.548,0.768
51,3,0.7,0.324,1.0,0.364,0.06,0.356,0.228,0.536
52,,0.68,0.304,0.98,0.344,0.04,0.336,0.208,0.516
53,,0.66,0.284,0.96,0.324,0.02,0.316,0.188,0.496
54,,0.64,0.264,0.94,0.304,0.0,0.296,0.168,0.476
55,,0.62,0.244,0.92,0.284,-0.02,0.276,0.148,0.456
56,5,0.3,0.012,0.9,0.476,0.98,0.468,0.128,0.224
57,5,-0.02,-0.22,0.88,0.668,1.0,0.66,0.108,-0.008
58,2,0.172,0.78,1.0,0.648,0.768,0.34,-0.124,-0.028
59,2,0.364,1.0,1.0,0.628,0.536,0.02,-0.356,-0.048
60,7,0.344,0.768,0.68,0.396,0.516,0.212,0.644,0.144
61,7,0.324,0.536,0.36,0.164,0.496,0.404,1.0,0.336
62,,0.304,0.516,0.34,0.144,0.476,0.384,0.98,0.316
63,,0.284,0.496,0.32,0.124,0.456,0.364,0.96,0.296
64,,0.264,0.476,0.3,0.104,0.436,0.344,0.94,0.276
65,,0.244,0.456,0.28,0.084,0.416,0.324,0.92,0.256
66,,0.224,0.436,0.26,0.064,0.396,0.304,0.9,0.236
67,,0.204,0.416,0.24,0.044,0.376,0.284,0.88,0.216
68,,0.184,0.396,0.22,0.024,0.356,0.264,0.86,0.196
69,,0.164,0.376,0.2,0.004,0.336,0.244,0.84,0.176
70,,0.144,0.356,0.18,-0.016,0.316,0.224,0.82,0.156
71,4,-0.088,0.336,0.372,0.984,0.508,0.204,0.588,-0.164
72,4,-0.32,0.316,0.564,1.0,0.7,0.184,0.356,-0.484
73,8,-0.128,0.296,0.332,0.68,0.468,0.164,0.548,0.516
74,8,0.064,0.276,0.1,0.36,0.236,0.144,0.74,1.0
75,,0.044,0.256,0.08,0.34,0.216,0.124,0.72,0.98
76,,0.024,0.236,0.06,0.32,0.196,0.104,0.7,0.96
77,,0.004,0.216,0.04,0.3,0.176,0.084,0.68,0.94
78,,-0.016,0.196,0.02,0.28,0.156,0.064,0.66,0.92
79,1,0.984,0.388,0.0,0.048,-0.164,-0.168,0.64,1.0
80,1,1.0,0.58,-0.02,-0.184,-0.484,-0.4,0.62,1.0
81,5,0.68,0.348,-0.04,0.008,0.516,-0.208,0.6,0.768
82,5,0.36,0.116,-0.06,0.2,1.0,-0.016,0.58,0.536
83,3,0.34,0.308,0.94,0.392,0.98,-0.248,0.26,0.304
84,3,0.32,0.5,1.0,0.584,0.96,-0.48,-0.06,0.072
85,6,0.088,0.18,0.768,0.564,1.0,0.52,0.132,0.052
86,6,-0.144,-0.14,0.536,0.544,1.0,1.0,0.324,0.032
87,1,0.856,0.052,0.516,0.312,0.68,0.768,0.304,0.224
88,1,1.0,0.244,0.496,0.08,0.36,0.536,0.284,0.416
89,,0.98,0.224,0.476,0.06,0.34,0.516,0.264,0.396
90,,0.96,0.204,0.456,0.04,0.32,0.496,0.244,0.376
91,,0.94,0.184,0.436,0.02,0.3,0.476,0.224,0.356
92,,0.92,0.164,0.416,0.0,0.28,0.456,0.204,0.336
93,,0.9,0.144,0.396,-0.02,0.26,0.436,0.184,0.316
94,4,0.668,0.124,0.588,0.98,0.452,0.416,-0.048,-0.004
95,4,0.436,0.104,0.78,1.0,0.644,0.396,-0.28,-0.324
96,8,0.628,0.084,0.548,0.68,0.412,0.376,-0.088,0.676
97,8,0.82,0.064,0.316,0.36,0.18,0.356,0.104,1.0
98,,0.8,0.044,0.296,0.34,0.16,0.336,0.084,0.98
99,,0.78,0.024,0.276,0.32,0.14,0.316,0.064,0.96
100,,0.76,0.004,0.256,0.3,0.12,0.296,0.044,0.94
101,,0.74,-0.016,0.236,0.28,0.1,0.276,0.024,0.92
102,2,0.932,0.984,0.428,0.26,-0.132,-0.044,-0.208,0.9
103,2,1.0,1.0,0.62,0.24,-0.364,-0.364,-0.44,0.88
104,7,0.98,0.768,0.3,0.008,-0.384,-0.172,0.56,1.0
105,7,0.96,0.536,-0.02,-0.224,-0.404,0.02,1.0,1.0
106,5,0.64,0.304,-0.04,-0.032,0.596,0.212,0.98,0.768
107,5,0.32,0.072,-0.06,0.16,1.0,0.404,0.96,0.536
108,3,0.3,0.264,0.94,0.352,0.98,0.172,0.64,0.304
109,3,0.28,0.456,1.0,0.544,0.96,-0.06,0.32,0.072
110,6,0.048,0.136,0.768,0.524,1.0,0.94,0.512,0.052
111,6,-0.184,-0.184,0.536,0.504,1.0,1.0,0.704,0.032
112,1,0.816,0.008,0.516,0.272,0.68,0.768,0.684,0.224
113,1,1.0,0.2,0.496,0.04,0.36,0.536,0.664,0.416
114,,0.98,0.18,0.476,0.02,0.34,0.516,0.644,0.396
115,,0.96,0.16,0.456,0.0,0.32,0.496,0.624,0.376
116,,0.94,0.14,0.436,-0.02,0.3,0.476,0.604,0.356
117,4,0.708,0.12,0.628,0.98,0.492,0.456,0.372,0.036
118,4,0.476,0.1,0.82,1.0,0.684,0.436,0.14,-0.284
119,8,0.668,0.08,0.588,0.68,0.452,0.416,0.332,0.716
120,8,0.86,0.06,0.356,0.36,0.22,0.396,0.524,1.0
121,,0.84,0.04,0.336,0.34,0.2,0.376,0.504,0.98
122,,0.82,0.02,0.316,0.32,0.18,0.356,0.484,0.96
123,,0.8,0.0,0.296,0.3,0.16,0.336,0.464,0.94
124,,0.78,-0.02,0.276,0.28,0.14,0.316,0.444,0.92
125,2,0.972,0.98,0.468,0.26,-0.092,-0.004,0.212,0.9
126,2,1.0,1.0,0.66,0.24,-0.324,-0.324,-0.02,0.88
127,6,0.768,0.68,0.428,0.22,-0.132,0.676,0.172,0.86
128,6,0.536,0.36,0.196,0.2,0.06,1.0,0.364,0.84
129,,0.516,0.34,0.176,0.18,0.04,0.98,0.344,0.82
130,,0.496,0.32,0.156,0.16,0.02,0.96,0.324,0.8
131,,0.476,0.3,0.136,0.14,0.0,0.94,0.304,0.78
132,,0.456,0.28,0.116,0.12,-0.02,0.92,0.284,0.76
133,5,0.136,0.048,0.096,0.312,0.98,1.0,0.264,0.528
134,5,-0.184,-0.184,0.076,0.504,1.0,1.0,0.244,0.296
135,1,0.816,0.008,0.056,0.272,0.68,0.768,0.224,0.488
136,1,1.0,0.2,0.036,0.04,0.36,0.536,0.204,0.68
137,,0.98,0.18,0.016,0.02,0.34,0.516,0.184,0.66
138,,0.96,0.16,-0.004,0.0,0.32,0.496,0.164,0.64
139,3,0.94,0.352,0.996,0.192,0.3,0.264,-0.156,0.408
140,3,0.92,0.544,1.0,0.384,0.28,0.032,-0.476,0.176
141,7,0.9,0.312,0.68,0.152,0.26,0.224,0.524,0.368
142,7,0.88,0.08,0.36,-0.08,0.24,0.416,1.0,0.56
143,4,0.648,0.06,0.552,0.92,0.432,0.396,0.768,0.24
144,4,0.416,0.04,0.744,1.0,0.624,0.376,0.536,-0.08
145,8,0.608,0.02,0.512,0.68,0.392,0.356,0.728,0.92
146,8,0.8,0.0,0.28,0.36,0.16,0.336,0.92,1.0
147,,0.78,-0.02,0.26,0.34,0.14,0.316,0.9,0.98
148,2,0.972,0.98,0.452,0.32,-0.092,-0.004,0.668,0.96
149,2,1.0,1.0,0.644,0.3,-0.324,-0.324,0.436,0.94
150,5,0.68,0.768,0.624,0.492,0.676,-0.132,0.416,0.708
151,5,0.36,0.536,0.604,0.684,1.0,0.06,0.396,0.476
152,,0.34,0.516,0.584,0.664,0.98,0.04,0.376,0.456
153,,0.32,0.496,0.564,0.644,0.96,0.02,0.356,0.436
154,,0.3,0.476,0.544,0.624,0.94,0.0,0.336,0.416
155,,0.28,0.456,0.524,0.604,0.92,-0.02,0.316,0.396
156,6,0.048,0.136,0.292,0.584,1.0,0.98,0.508,0.376
157,6,-0.184,-0.184,0.06,0.564,1.0,1.0,0.7,0.356
158,2,0.008,0.816,0.252,0.544,0.768,0.68,0.468,0.336
159,2,0.2,1.0,0.444,0.524,0.536,0.36,0.236,0.316
160,,0.18,0.98,0.424,0.504,0.516,0.34,0.216,0.296
161,,0.16,0.96,0.404,0.484,0.496,0.32,0.196,0.276
162,,0.14,0.94,0.384,0.464,0.476,0.3,0.176,0.256
163,,0.12,0.92,0.364,0.444,0.456,0.28,0.156,0.236
164,,0.1,0.9,0.344,0.424,0.436,0.26,0.136,0.216
165,,0.08,0.88,0.324,0.404,0.416,0.24,0.116,0.196
166,,0.06,0.86,0.304,0.384,0.396,0.22,0.096,0.176
167,,0.04,0.84,0.284,0.364,0.376,0.2,0.076,0.156
168,,0.02,0.82,0.264,0.344,0.356,0.18,0.056,0.136
169,,0.0,0.8,0.244,0.324,0.336,0.16,0.036,0.116
170,,-0.02,0.78,0.224,0.304,0.316,0.14,0.016,0.096
171,1,0.98,0.972,0.204,0.072,-0.004,-0.092,-0.004,0.288
172,1,1.0,1.0,0.184,-0.16,-0.324,-0.324,-0.024,0.48
173,5,0.68,0.768,0.164,0.032,0.676,-0.132,-0.044,0.248
174,5,0.36,0.536,0.144,0.224,1.0,0.06,-0.064,0.016
175,7,0.34,0.304,-0.176,-0.008,0.98,0.252,0.936,0.208
176,7,0.32,0.072,-0.496,-0.24,0.96,0.444,1.0,0.4
177,3,0.3,0.264,0.504,-0.048,0.94,0.212,0.68,0.168
178,3,0.28,0.456,1.0,0.144,0.92,-0.02,0.36,-0.064
179,8,0.472,0.436,0.768,-0.176,0.688,-0.04,0.552,0.936
180,8,0.664,0.416,0.536,-0.496,0.456,-0.06,0.744,1.0
181,4,0.432,0.396,0.728,0.504,0.648,-0.08,0.512,0.68
182,4,0.2,0.376,0.92,1.0,0.84,-0.1,0.28,0.36
183,6,-0.032,0.056,0.688,0.98,1.0,0.9,0.472,0.34
184,6,-0.264,-0.264,0.456,0.96,1.0,1.0,0.664,0.32
185,1,0.736,-0.072,0.436,0.728,0.68,0.768,0.644,0.512
186,1,1.0,0.12,0.416,0.496,0.36,0.536,0.624,0.704
187,,0.98,0.1,0.396,0.476,0.34,0.516,0.604,0.684
188,,0.96,0.08,0.376,0.456,0.32,0.496,0.584,0.664
189,,0.94,0.06,0.356,0.436,0.3,0.476,0.564,0.644
190,,0.92,0.04,0.336,0.416,0.28,0.456,0.544,0.624
191,,0.9,0.02,0.316,0.396,0.26,0.436,0.524,0.604
192,,0.88,0.0,0.296,0.376,0.24,0.416,0.504,0.584
193,,0.86,-0.02,0.276,0.356,0.22,0.396,0.484,0.564
194,2,1.0,0.98,0.468,0.336,-0.012,0.076,0.252,0.544
195,2,1.0,1.0,0.66,0.316,-0.244,-0.244,0.02,0.524
196,5,0.68,0.768,0.64,0.508,0.756,-0.052,0.0,0.292
197,5,0.36,0.536,0.62,0.7,1.0,0.14,-0.02,0.06
198,7,0.34,0.304,0.3,0.468,0.98,0.332,0.98,0.252
199,7,0.32,0.072,-0.02,0.236,0.96,0.524,1.0,0.444
200,3,0.3,0.264,0.98,0.428,0.94,0.292,0.68,0.212
201,3,0.28,0.456,1.0,0.62,0.92,0.06,0.36,-0.02
202,8,0.472,0.436,0.768,0.3,0.688,0.04,0.552,0.98
203,8,0.664,0.416,0.536,-0.02,0.456,0.02,0.744,1.0
204,4,0.432,0.396,0.728,0.98,0.648,0.0,0.512,0.68
205,4,0.2,0.376,0.92,1.0,0.84,-0.02,0.28,0.36
206,6,-0.032,0.056,0.688,0.98,1.0,0.98,0.472,0.34
207,6,-0.264,-0.264,0.456,0.96,1.0,1.0,0.664,0.32
208,1,0.736,-0.072,0.436,0.728,0.68,0.768,0.644,0.512
209,1,1.0,0.12,0.416,0.496,0.36,0.536,0.624,0.704
210,,0.98,0.1,0.396,0.476,0.34,0.516,0.604,0.684
211,,0.96,0.08,0.376,0.456,0.32,0.496,0.584,0.664
212,,0.94,0.06,0.356,0.436,0.3,0.476,0.564,0.644
213,,0.92,0.04,0.336,0.416,0.28,0.456,0.544,0.624
214,,0.9,0.02,0.316,0.396,0.26,0.436,0.524,0.604
215,,0.88,0.0,0.296,0.376,0.24,0.416,0.504,0.584
216,,0.86,-0.02,0.276,0.356,0.22,0.396,0.484,0.564
217,2,1.0,0.98,0.468,0.336,-0.012,0.076,0.252,0.544
218,2,1.0,1.0,0.66,0.316,-0.244,-0.244,0.02,0.524
219,6,0.768,0.68,0.428,0.296,-0.052,0.756,0.212,0.504
220,6,0.536,0.36,0.196,0.276,0.14,1.0,0.404,0.484
221,,0.516,0.34,0.176,0.256,0.12,0.98,0.384,0.464
222,,0.496,0.32,0.156,0.236,0.1,0.96,0.364,0.444
223,,0.476,0.3,0.136,0.216,0.08,0.94,0.344,0.424
224,,0.456,0.28,0.116,0.196,0.06,0.92,0.324,0.404
225,,0.436,0.26,0.096,0.176,0.04,0.9,0.304,0.384
226,,0.416,0.24,0.076,0.156,0.02,0.88,0.284,0.364
227,,0.396,0.22,0.056,0.136,0.0,0.86,0.264,0.344
228,,0.376,0.2,0.036,0.116,-0.02,0.84,0.244,0.324
229,5,0.056,-0.032,0.016,0.308,0.98,1.0,0.224,0.092
230,5,-0.264,-0.264,-0.004,0.5,1.0,1.0,0.204,-0.14
231,1,0.736,-0.072,-0.024,0.268,0.68,0.768,0.184,0.052
232,1,1.0,0.12,-0.044,0.036,0.36,0.536,0.164,0.244
233,3,0.98,0.312,0.956,0.228,0.34,0.304,-0.156,0.012
234,3,0.96,0.504,1.0,0.42,0.32,0.072,-0.476,-0.22
235,7,0.94,0.272,0.68,0.188,0.3,0.264,0.524,-0.028
236,7,0.92,0.04,0.36,-0.044,0.28,0.456,1.0,0.164
237,4,0.688,0.02,0.552,0.956,0.472,0.436,0.768,-0.156
238,4,0.456,0.0,0.744,1.0,0.664,0.416,0.536,-0.476
239,8,0.648,-0.02,0.512,0.68,0.432,0.396,0.728,0.524
240,8,0.84,-0.04,0.28,0.36,0.2,0.376,0.92,1.0
241,2,1.0,0.96,0.472,0.34,-0.032,0.056,0.688,0.98
242,2,1.0,1.0,0.664,0.32,-0.264,-0.264,0.456,0.96
243,6,0.768,0.68,0.432,0.3,-0.072,0.736,0.648,0.94
244,6,0.536,0.36,0.2,0.28,0.12,1.0,0.84,0.92
245,,0.516,0.34,0.18,0.26,0.1,0.98,0.82,0.9
246,,0.496,0.32,0.16,0.24,0.08,0.96,0.8,0.88
247,,0.476,0.3,0.14,0.22,0.06,0.94,0.78,0.86
248,,0.456,0.28,0.12,0.2,0.04,0.92,0.76,0.84
249,,0.436,0.26,0.1,0.18,0.02,0.9,0.74,0.82
250,,0.416,0.24,0.08,0.16,0.0,0.88,0.72,0.8
251,,0.396,0.22,0.06,0.14,-0.02,0.86,0.7,0.78
252,5,0.076,-0.012,0.04,0.332,0.98,1.0,0.68,0.548
253,5,-0.244,-0.244,0.02,0.524,1.0,1.0,0.66,0.316
254,1,0.756,-0.052,0.0,0.292,0.68,0.768,0.64,0.508
255,1,1.0,0.14,-0.02,0.06,0.36,0.536,0.62,0.7
256,3,0.98,0.332,0.98,0.252,0.34,0.304,0.3,0.468
257,3,0.96,0.524,1.0,0.444,0.32,0.072,-0.02,0.236
258,7,0.94,0.292,0.68,0.212,0.3,0.264,0.98,0.428
259,7,0.92,0.06,0.36,-0.02,0.28,0.456,1.0,0.62
260,4,0.688,0.04,0.552,0.98,0.472,0.436,0.768,0.3
261,4,0.456,0.02,0.744,1.0,0.664,0.416,0.536,-0.02
262,8,0.648,0.0,0.512,0.68,0.432,0.396,0.728,0.98
263,8,0.84,-0.02,0.28,0.36,0.2,0.376,0.92,1.0
264,2,1.0,0.98,0.472,0.34,-0.032,0.056,0.688,0.98
265,2,1.0,1.0,0.664,0.32,-0.264,-0.264,0.456,0.96
266,5,0.68,0.768,0.644,0.512,0.736,-0.072,0.436,0.728
267,5,0.36,0.536,0.624,0.704,1.0,0.12,0.416,0.496
268,,0.34,0.516,0.604,0.684,0.98,0.1,0.396,0.476
269,,0.32,0.496,0.584,0.664,0.96,0.08,0.376,0.456
270,,0.3,0.476,0.564,0.644,0.94,0.06,0.356,0.436
271,,0.28,0.456,0.544,0.624,0.92,0.04,0.336,0.416
272,,0.26,0.436,0.524,0.604,0.9,0.02,0.316,0.396
273,,0.24,0.416,0.504,0.584,0.88,0.0,0.296,0.376
274,,0.22,0.396,0.484,0.564,0.86,-0.02,0.276,0.356
275,6,-0.012,0.076,0.252,0.544,1.0,0.98,0.468,0.336
276,6,-0.244,-0.244,0.02,0.524,1.0,1.0,0.66,0.316
277,1,0.756,-0.052,0.0,0.292,0.68,0.768,0.64,0.508
278,1,1.0,0.14,-0.02,0.06,0.36,0.536,0.62,0.7
279,3,0.98,0.332,0.98,0.252,0.34,0.304,0.3,0.468
280,3,0.96,0.524,1.0,0.444,0.32,0.072,-0.02,0.236
281,7,0.94,0.292,0.68,0.212,0.3,0.264,0.98,0.428
282,7,0.92,0.06,0.36,-0.02,0.28,0.456,1.0,0.62
283,4,0.688,0.04,0.552,0.98,0.472,0.436,0.768,0.3
284,4,0.456,0.02,0.744,1.0,0.664,0.416,0.536,-0.02
285,8,0.648,0.0,0.512,0.68,0.432,0.396,0.728,0.98
286,8,0.84,-0.02,0.28,0.36,0.2,0.376,0.92,1.0
287,2,1.0,0.98,0.472,0.34,-0.032,0.056,0.688,0.98
288,2,1.0,1.0,0.664,0.32,-0.264,-0.264,0.456,0.96
289,5,0.68,0.768,0.644,0.512,0.736,-0.072,0.436,0.728
290,5,0.36,0.536,0.624,0.704,1.0,0.12,0.416,0.496
291,,0.34,0.516,0.604,0.684,0.98,0.1,0.396,0.476
292,,0.32,0.496,0.584,0.664,0.96,0.08,0.376,0.456
293,,0.3,0.476,0.564,0.644,0.94,0.06,0.356,0.436
294,,0.28,0.456,0.544,0.624,0.92,0.04,0.336,0.416
295,,0.26,0.436,0.524,0.604,0.9,0.02,0.316,0.396
296,,0.24,0.416,0.504,0.584,0.88,0.0,0.296,0.376
297,,0.22,0.396,0.484,0.564,0.86,-0.02,0.276,0.356
298,6,-0.012,0.076,0.252,0.544,1.0,0.98,0.468,0.336
299,6,-0.244,-0.244,0.02,0.524,1.0,1.0,0.66,0.316
300,2,-0.052,0.756,0.212,0.504,0.768,0.68,0.428,0.296
301,2,0.14,1.0,0.404,0.484,0.536,0.36,0.196,0.276
302,,0.12,0.98,0.384,0.464,0.516,0.34,0.176,0.256
303,,0.1,0.96,0.364,0.444,0.496,0.32,0.156,0.236
304,,0.08,0.94,0.344,0.424,0.476,0.3,0.136,0.216
305,,0.06,0.92,0.324,0.404,0.456,0.28,0.116,0.196
306,,0.04,0.9,0.304,0.384,0.436,0.26,0.096,0.176
307,,0.02,0.88,0.284,0.364,0.416,0.24,0.076,0.156
308,,0.0,0.86,0.264,0.344,0.396,0.22,0.056,0.136
309,,-0.02,0.84,0.244,0.324,0.376,0.2,0.036,0.116
310,1,0.98,1.0,0.224,0.092,0.056,-0.032,0.016,0.308
311,1,1.0,1.0,0.204,-0.14,-0.264,-0.264,-0.004,0.5
312,6,0.768,0.68,-0.028,-0.16,-0.072,0.736,0.188,0.48
313,6,0.536,0.36,-0.26,-0.18,0.12,1.0,0.38,0.46
314,3,0.516,0.552,0.74,0.012,0.1,0.768,0.06,0.228
315,3,0.496,0.744,1.0,0.204,0.08,0.536,-0.26,-0.004
316,7,0.476,0.512,0.68,-0.028,0.06,0.728,0.74,0.188
317,7,0.456,0.28,0.36,-0.26,0.04,0.92,1.0,0.38
318,4,0.224,0.26,0.552,0.74,0.232,0.9,0.768,0.06
319,4,-0.008,0.24,0.744,1.0,0.424,0.88,0.536,-0.26
320,8,0.184,0.22,0.512,0.68,0.192,0.86,0.728,0.74
321,8,0.376,0.2,0.28,0.36,-0.04,0.84,0.92,1.0
322,5,0.056,-0.032,0.26,0.552,0.96,1.0,0.9,0.768
323,5,-0.264,-0.264,0.24,0.744,1.0,1.0,0.88,0.536
324,1,0.736,-0.072,0.22,0.512,0.68,0.768,0.86,0.728
325,1,1.0,0.12,0.2,0.28,0.36,0.536,0.84,0.92
326,,0.98,0.1,0.18,0.26,0.34,0.516,0.82,0.9
327,,0.96,0.08,0.16,0.24,0.32,0.496,0.8,0.88
328,,0.94,0.06,0.14,0.22,0.3,0.476,0.78,0.86
329,,0.92,0.04,0.12,0.2,0.28,0.456,0.76,0.84
330,,0.9,0.02,0.1,0.18,0.26,0.436,0.74,0.82
331,,0.88,0.0,0.08,0.16,0.24,0.416,0.72,0.8
332,,0.86,-0.02,0.06,0.14,0.22,0.396,0.7,0.78
333,2,1.0,0.98,0.252,0.12,-0.012,0.076,0.468,0.76
334,2,1.0,1.0,0.444,0.1,-0.244,-0.244,0.236,0.74
335,5,0.68,0.768,0.424,0.292,0.756,-0.052,0.216,0.508
336,5,0.36,0.536,0.404,0.484,1.0,0.14,0.196,0.276
337,,0.34,0.516,0.384,0.464,0.98,0.12,0.176,0.256
338,,0.32,0.496,0.364,0.444,0.96,0.1,0.156,0.236
339,,0.3,0.476,0.344,0.424,0.94,0.08,0.136,0.216
340,,0.28,0.456,0.324,0.404,0.92,0.06,0.116,0.196
341,,0.26,0.436,0.304,0.384,0.9,0.04,0.096,0.176
342,,0.24,0.416,0.284,0.364,0.88,0.02,0.076,0.156
343,,0.22,0.396,0.264,0.344,0.86,0.0,0.056,0.136
344,,0.2,0.376,0.244,0.324,0.84,-0.02,0.036,0.116
345,6,-0.032,0.056,0.012,0.304,1.0,0.98,0.228,0.096
346,6,-0.264,-0.264,-0.22,0.284,1.0,1.0,0.42,0.076
347,2,-0.072,0.736,-0.028,0.264,0.768,0.68,0.188,0.056
348,2,0.12,1.0,0.164,0.244,0.536,0.36,-0.044,0.036
349,7,0.1,0.768,-0.156,0.012,0.516,0.552,0.956,0.228
350,7,0.08,0.536,-0.476,-0.22,0.496,0.744,1.0,0.42
351,3,0.06,0.728,0.524,-0.028,0.476,0.512,0.68,0.188
352,3,0.04,0.92,1.0,0.164,0.456,0.28,0.36,-0.044
353,8,0.232,0.9,0.768,-0.156,0.224,0.26,0.552,0.956
354,8,0.424,0.88,0.536,-0.476,-0.008,0.24,0.744,1.0
355,4,0.192,0.86,0.728,0.524,0.184,0.22,0.512,0.68
356,4,-0.04,0.84,0.92,1.0,0.376,0.2,0.28,0.36
357,1,0.96,1.0,0.9,0.768,0.056,-0.032,0.26,0.552
358,1,1.0,1.0,0.88,0.536,-0.264,-0.264,0.24,0.744
359,5,0.68,0.768,0.86,0.728,0.736,-0.072,0.22,0.512
360,5,0.36,0.536,0.84,0.92,1.0,0.12,0.2,0.28
361,,0.34,0.516,0.82,0.9,0.98,0.1,0.18,0.26
362,,0.32,0.496,0.8,0.88,0.96,0.08,0.16,0.24
363,,0.3,0.476,0.78,0.86,0.94,0.06,0.14,0.22
364,,0.28,0.456,0.76,0.84,0.92,0.04,0.12,0.2
365,,0.26,0.436,0.74,0.82,0.9,0.02,0.1,0.18
366,,0.24,0.416,0.72,0.8,0.88,0.0,0.08,0.16
367,,0.22,0.396,0.7,0.78,0.86,-0.02,0.06,0.14
368,6,-0.012,0.076,0.468,0.76,1.0,0.98,0.252,0.12
369,6,-0.244,-0.244,0.236,0.74,1.0,1.0,0.444,0.1
370,1,0.756,-0.052,0.216,0.508,0.68,0.768,0.424,0.292
371,1,1.0,0.14,0.196,0.276,0.36,0.536,0.404,0.484
372,,0.98,0.12,0.176,0.256,0.34,0.516,0.384,0.464
373,,0.96,0.1,0.156,0.236,0.32,0.496,0.364,0.444
374,,0.94,0.08,0.136,0.216,0.3,0.476,0.344,0.424
375,,0.92,0.06,0.116,0.196,0.28,0.456,0.324,0.404
376,,0.9,0.04,0.096,0.176,0.26,0.436,0.304,0.384
377,,0.88,0.02,0.076,0.156,0.24,0.416,0.284,0.364
378,,0.86,0.0,0.056,0.136,0.22,0.396,0.264,0.344
379,,0.84,-0.02,0.036,0.116,0.2,0.376,0.244,0.324
380,2,1.0,0.98,0.228,0.096,-0.032,0.056,0.012,0.304
381,2,1.0,1.0,0.42,0.076,-0.264,-0.264,-0.22,0.284
382,5,0.68,0.768,0.4,0.268,0.736,-0.072,-0.24,0.052
383,5,0.36,0.536,0.38,0.46,1.0,0.12,-0.26,-0.18
384,7,0.34,0.304,0.06,0.228,0.98,0.312,0.74,0.012
385,7,0.32,0.072,-0.26,-0.004,0.96,0.504,1.0,0.204
386,3,0.3,0.264,0.74,0.188,0.94,0.272,0.68,-0.028
387,3,0.28,0.456,1.0,0.38,0.92,0.04,0.36,-0.26
388,8,0.472,0.436,0.768,0.06,0.688,0.02,0.552,0.74
389,8,0.664,0.416,0.536,-0.26,0.456,0.0,0.744,1.0
390,4,0.432,0.396,0.728,0.74,0.648,-0.02,0.512,0.68
391,4,0.2,0.376,0.92,1.0,0.84,-0.04,0.28,0.36
392,6,-0.032,0.056,0.688,0.98,1.0,0.96,0.472,0.34
393,6,-0.264,-0.264,0.456,0.96,1.0,1.0,0.664,0.32
394,2,-0.072,0.736,0.648,0.94,0.768,0.68,0.432,0.3
395,2,0.12,1.0,0.84,0.92,0.536,0.36,0.2,0.28
396,,0.1,0.98,0.82,0.9,0.516,0.34,0.18,0.26
397,,0.08,0.96,0.8,0.88,0.496,0.32,0.16,0.24
398,,0.06,0.94,0.78,0.86,0.476,0.3,0.14,0.22
399,,0.04,0.92,0.76,0.84,0.456,0.28,0.12,0.2
400,,0.02,0.9,0.74,0.82,0.436,0.26,0.1,0.18
401,,0.0,0.88,0.72,0.8,0.416,0.24,0.08,0.16
402,,-0.02,0.86,0.7,0.78,0.396,0.22,0.06,0.14
403,1,0.98,1.0,0.68,0.548,0.076,-0.012,0.04,0.332
404,1,1.0,1.0,0.66,0.316,-0.244,-0.244,0.02,0.524
405,6,0.768,0.68,0.428,0.296,-0.052,0.756,0.212,0.504
406,6,0.536,0.36,0.196,0.276,0.14,1.0,0.404,0.484
407,,0.516,0.34,0.176,0.256,0.12,0.98,0.384,0.464
408,,0.496,0.32,0.156,0.236,0.1,0.96,0.364,0.444
409,,0.476,0.3,0.136,0.216,0.08,0.94,0.344,0.424
410,,0.456,0.28,0.116,0.196,0.06,0.92,0.324,0.404
411,,0.436,0.26,0.096,0.176,0.04,0.9,0.304,0.384
412,,0.416,0.24,0.076,0.156,0.02,0.88,0.284,0.364
413,,0.396,0.22,0.056,0.136,0.0,0.86,0.264,0.344
414,,0.376,0.2,0.036,0.116,-0.02,0.84,0.244,0.324
415,5,0.056,-0.032,0.016,0.308,0.98,1.0,0.224,0.092
416,5,-0.264,-0.264,-0.004,0.5,1.0,1.0,0.204,-0.14
417,2,-0.072,0.736,0.188,0.48,0.768,0.68,-0.028,-0.16
418,2,0.12,1.0,0.38,0.46,0.536,0.36,-0.26,-0.18
419,7,0.1,0.768,0.06,0.228,0.516,0.552,0.74,0.012
420,7,0.08,0.536,-0.26,-0.004,0.496,0.744,1.0,0.204
421,3,0.06,0.728,0.74,0.188,0.476,0.512,0.68,-0.028
422,3,0.04,0.92,1.0,0.38,0.456,0.28,0.36,-0.26
423,8,0.232,0.9,0.768,0.06,0.224,0.26,0.552,0.74
424,8,0.424,0.88,0.536,-0.26,-0.008,0.24,0.744,1.0
425,4,0.192,0.86,0.728,0.74,0.184,0.22,0.512,0.68
426,4,-0.04,0.84,0.92,1.0,0.376,0.2,0.28,0.36
427,1,0.96,1.0,0.9,0.768,0.056,-0.032,0.26,0.552
428,1,1.0,1.0,0.88,0.536,-0.264,-0.264,0.24,0.744
429,5,0.68,0.768,0.86,0.728,0.736,-0.072,0.22,0.512
430,5,0.36,0.536,0.84,0.92,1.0,0.12,0.2,0.28
431,,0.34,0.516,0.82,0.9,0.98,0.1,0.18,0.26
432,,0.32,0.496,0.8,0.88,0.96,0.08,0.16,0.24
433,,0.3,0.476,0.78,0.86,0.94,0.06,0.14,0.22
434,,0.28,0.456,0.76,0.84,0.92,0.04,0.12,0.2
435,,0.26,0.436,0.74,0.82,0.9,0.02,0.1,0.18
436,,0.24,0.416,0.72,0.8,0.88,0.0,0.08,0.16
437,,0.22,0.396,0.7,0.78,0.86,-0.02,0.06,0.14
438,6,-0.012,0.076,0.468,0.76,1.0,0.98,0.252,0.12
439,6,-0.244,-0.244,0.236,0.74,1.0,1.0,0.444,0.1
440,1,0.756,-0.052,0.216,0.508,0.68,0.768,0.424,0.292
441,1,1.0,0.14,0.196,0.276,0.36,0.536,0.404,0.484
442,,0.98,0.12,0.176,0.256,0.34,0.516,0.384,0.464
443,,0.96,0.1,0.156,0.236,0.32,0.496,0.364,0.444
444,,0.94,0.08,0.136,0.216,0.3,0.476,0.344,0.424
445,,0.92,0.06,0.116,0.196,0.28,0.456,0.324,0.404
446,,0.9,0.04,0.096,0.176,0.26,0.436,0.304,0.384
447,,0.88,0.02,0.076,0.156,0.24,0.416,0.284,0.364
448,,0.86,0.0,0.056,0.136,0.22,0.396,0.264,0.344
449,,0.84,-0.02,0.036,0.116,0.2,0.376,0.244,0.324
450,2,1.0,0.98,0.228,0.096,-0.032,0.056,0.012,0.304
451,2,1.0,1.0,0.42,0.076,-0.264,-0.264,-0.22,0.284
452,6,0.768,0.68,0.188,0.056,-0.072,0.736,-0.028,0.264
453,6,0.536,0.36,-0.044,0.036,0.12,1.0,0.164,0.244
454,3,0.516,0.552,0.956,0.228,0.1,0.768,-0.156,0.012
455,3,0.496,0.744,1.0,0.42,0.08,0.536,-0.476,-0.22
456,7,0.476,0.512,0.68,0.188,0.06,0.728,0.524,-0.028
457,7,0.456,0.28,0.36,-0.044,0.04,0.92,1.0,0.164
458,4,0.224,0.26,0.552,0.956,0.232,0.9,0.768,-0.156
459,4,-0.008,0.24,0.744,1.0,0.424,0.88,0.536,-0.476
460,8,0.184,0.22,0.512,0.68,0.192,0.86,0.728,0.524
461,8,0.376,0.2,0.28,0.36,-0.04,0.84,0.92,1.0
462,5,0.056,-0.032,0.26,0.552,0.96,1.0,0.9,0.768
463,5,-0.264,-0.264,0.24,0.744,1.0,1.0,0.88,0.536
464,2,-0.072,0.736,0.432,0.724,0.768,0.68,0.648,0.516
465,2,0.12,1.0,0.624,0.704,0.536,0.36,0.416,0.496
466,,0.1,0.98,0.604,0.684,0.516,0.34,0.396,0.476
467,,0.08,0.96,0.584,0.664,0.496,0.32,0.376,0.456
468,,0.06,0.94,0.564,0.644,0.476,0.3,0.356,0.436
469,,0.04,0.92,0.544,0.624,0.456,0.28,0.336,0.416
470,,0.02,0.9,0.524,0.604,0.436,0.26,0.316,0.396
471,,0.0,0.88,0.504,0.584,0.416,0.24,0.296,0.376
472,,-0.02,0.86,0.484,0.564,0.396,0.22,0.276,0.356
473,1,0.98,1.0,0.464,0.332,0.076,-0.012,0.256,0.548
474,1,1.0,1.0,0.444,0.1,-0.244,-0.244,0.236,0.74
475,6,0.768,0.68,0.212,0.08,-0.052,0.756,0.428,0.72
476,6,0.536,0.36,-0.02,0.06,0.14,1.0,0.62,0.7
477,3,0.516,0.552,0.98,0.252,0.12,0.768,0.3,0.468
478,3,0.496,0.744,1.0,0.444,0.1,0.536,-0.02,0.236
479,7,0.476,0.512,0.68,0.212,0.08,0.728,0.98,0.428
480,7,0.456,0.28,0.36,-0.02,0.06,0.92,1.0,0.62
481,4,0.224,0.26,0.552,0.98,0.252,0.9,0.768,0.3
482,4,-0.008,0.24,0.744,1.0,0.444,0.88,0.536,-0.02
483,8,0.184,0.22,0.512,0.68,0.212,0.86,0.728,0.98
484,8,0.376,0.2,0.28,0.36,-0.02,0.84,0.92,1.0
485,5,0.056,-0.032,0.26,0.552,0.98,1.0,0.9,0.768
486,5,-0.264,-0.264,0.24,0.744,1.0,1.0,0.88,0.536
487,2,-0.072,0.736,0.432,0.724,0.768,0.68,0.648,0.516
488,2,0.12,1.0,0.624,0.704,0.536,0.36,0.416,0.496
489,,0.1,0.98,0.604,0.684,0.516,0.34,0.396,0.476
490,,0.08,0.96,0.584,0.664,0.496,0.32,0.376,0.456
491,,0.06,0.94,0.564,0.644,0.476,0.3,0.356,0.436
492,,0.04,0.92,0.544,0.624,0.456,0.28,0.336,0.416
493,,0.02,0.9,0.524,0.604,0.436,0.26,0.316,0.396
494,,0.0,0.88,0.504,0.584,0.416,0.24,0.296,0.376
495,,-0.02,0.86,0.484,0.564,0.396,0.22,0.276,0.356
496,1,0.98,1.0,0.464,0.332,0.076,-0.012,0.256,0.548
497,1,1.0,1.0,0.444,0.1,-0.244,-0.244,0.236,0.74
498,5,0.68,0.768,0.424,0.292,0.756,-0.052,0.216,0.508
499,5,0.36,0.536,0.404,0.484,1.0,0.14,0.196,0.276
