step,active_motive,motive_1,motive_2,motive_3,motive_4,motive_5,motive_6,motive_7,motive_8
0,,0.00359,0.04656,0.05426,0.02865,0.05908,0.00305,0.00373,0.08226
1,,-0.01641,0.02656,0.03426,0.00865,0.03908,-0.01695,-0.01627,0.06226
2,6,-0.24841,-0.29344,-0.19774,-0.01135,0.23108,0.98305,0.17573,0.04226
3,6,-0.48041,-0.61344,-0.42974,-0.03135,0.42308,1.0,0.36773,0.02226
4,2,-0.28841,0.38656,-0.23774,-0.05135,0.19108,0.68,0.13573,0.00226
5,2,-0.09641,1.0,-0.04574,-0.07135,-0.04092,0.36,-0.09627,-0.01774
6,1,0.90359,1.0,-0.06574,-0.30335,-0.36092,0.128,-0.11627,0.17426
7,1,1.0,1.0,-0.08574,-0.53535,-0.68092,-0.104,-0.13627,0.36626
8,5,0.68,0.768,-0.10574,-0.34335,0.31908,0.088,-0.15627,0.13426
9,5,0.36,0.536,-0.12574,-0.15135,1.0,0.28,-0.17627,-0.09774
10,7,0.34,0.304,-0.44574,-0.38335,0.98,0.472,0.82373,0.09426
11,7,0.32,0.072,-0.76574,-0.61535,0.96,0.664,1.0,0.28626
12,3,0.3,0.264,0.23426,-0.42335,0.94,0.432,0.68,0.05426
13,3,0.28,0.456,1.0,-0.23135,0.92,0.2,0.36,-0.17774
14,4,0.048,0.436,1.0,0.76865,1.0,0.18,0.128,-0.49774
15,4,-0.184,0.416,1.0,1.0,1.0,0.16,-0.104,-0.81774
16,8,0.008,0.396,0.768,0.68,0.768,0.14,0.088,0.18226
17,8,0.2,0.376,0.536,0.36,0.536,0.12,0.28,1.0
18,,0.18,0.356,0.516,0.34,0.516,0.1,0.26,0.98
19,,0.16,0.336,0.496,0.32,0.496,0.08,0.24,0.96
20,,0.14,0.316,0.476,0.3,0.476,0.06,0.22,0.94
21,,0.12,0.296,0.456,0.28,0.456,0.04,0.2,0.92
22,,0.1,0.276,0.436,0.26,0.436,0.02,0.18,0.9
23,,0.08,0.256,0.416,0.24,0.416,0.0,0.16,0.88
24,,0.06,0.236,0.396,0.22,0.396,-0.02,0.14,0.86
25,6,-0.172,-0.084,0.164,0.2,0.588,0.98,0.332,0.84
26,6,-0.404,-0.404,-0.068,0.18,0.78,1.0,0.524,0.82
27,2,-0.212,0.596,0.124,0.16,0.548,0.68,0.292,0.8
28,2,-0.02,1.0,0.316,0.14,0.316,0.36,0.06,0.78
29,1,0.98,1.0,0.296,-0.092,-0.004,0.128,0.04,0.972
30,1,1.0,1.0,0.276,-0.324,-0.324,-0.104,0.02,1.0
31,4,0.768,0.98,0.468,0.676,-0.132,-0.124,-0.212,0.68
32,4,0.536,0.96,0.66,1.0,0.06,-0.144,-0.444,0.36
33,7,0.516,0.728,0.34,0.768,0.04,0.048,0.556,0.552
34,7,0.496,0.496,0.02,0.536,0.02,0.24,1.0,0.744
35,,0.476,0.476,0.0,0.516,0.0,0.22,0.98,0.724
36,,0.456,0.456,-0.02,0.496,-0.02,0.2,0.96,0.704
37,5,0.136,0.224,-0.04,0.688,0.98,0.392,0.94,0.472
38,5,-0.184,-0.008,-0.06,0.88,1.0,0.584,0.92,0.24
39,1,0.816,0.184,-0.08,0.648,0.68,0.352,0.9,0.432
40,1,1.0,0.376,-0.1,0.416,0.36,0.12,0.88,0.624
41,3,0.98,0.568,0.9,0.608,0.34,-0.112,0.56,0.392
42,3,0.96,0.76,1.0,0.8,0.32,-0.344,0.24,0.16
43,6,0.728,0.44,0.768,0.78,0.512,0.656,0.432,0.14
44,6,0.496,0.12,0.536,0.76,0.704,1.0,0.624,0.12
45,,0.476,0.1,0.516,0.74,0.684,0.98,0.604,0.1
46,,0.456,0.08,0.496,0.72,0.664,0.96,0.584,0.08
47,,0.436,0.06,0.476,0.7,0.644,0.94,0.564,0.06
48,,0.416,0.04,0.456,0.68,0.624,0.92,0.544,0.04
49,,0.396,0.02,0.436,0.66,0.604,0.9,0.524,0.02
50,,0.376,0.0,0.416,0.64,0.584,0.88,0.504,0.0
51,,0.356,-0.02,0.396,0.62,0.564,0.86,0.484,-0.02
52,2,0.548,0.98,0.588,0.6,0.332,0.54,0.252,-0.04
53,2,0.74,1.0,0.78,0.58,0.1,0.22,0.02,-0.06
54,8,0.932,0.98,0.548,0.26,-0.132,0.2,0.212,0.94
55,8,1.0,0.96,0.316,-0.06,-0.364,0.18,0.404,1.0
56,5,0.68,0.728,0.296,0.132,0.636,0.372,0.384,0.768
57,5,0.36,0.496,0.276,0.324,1.0,0.564,0.364,0.536
58,,0.34,0.476,0.256,0.304,0.98,0.544,0.344,0.516
59,,0.32,0.456,0.236,0.284,0.96,0.524,0.324,0.496
60,,0.3,0.436,0.216,0.264,0.94,0.504,0.304,0.476
61,,0.28,0.416,0.196,0.244,0.92,0.484,0.284,0.456
62,,0.26,0.396,0.176,0.224,0.9,0.464,0.264,0.436
63,,0.24,0.376,0.156,0.204,0.88,0.444,0.244,0.416
64,,0.22,0.356,0.136,0.184,0.86,0.424,0.224,0.396
65,,0.2,0.336,0.116,0.164,0.84,0.404,0.204,0.376
66,,0.18,0.316,0.096,0.144,0.82,0.384,0.184,0.356
67,,0.16,0.296,0.076,0.124,0.8,0.364,0.164,0.336
68,,0.14,0.276,0.056,0.104,0.78,0.344,0.144,0.316
69,,0.12,0.256,0.036,0.084,0.76,0.324,0.124,0.296
70,,0.1,0.236,0.016,0.064,0.74,0.304,0.104,0.276
71,,0.08,0.216,-0.004,0.044,0.72,0.284,0.084,0.256
72,3,0.06,0.408,0.996,0.236,0.7,0.052,-0.236,0.024
73,3,0.04,0.6,1.0,0.428,0.68,-0.18,-0.556,-0.208
74,7,0.02,0.368,0.68,0.196,0.66,0.012,0.444,-0.016
75,7,0.0,0.136,0.36,-0.036,0.64,0.204,1.0,0.176
76,4,-0.232,0.116,0.552,0.964,0.832,0.184,0.768,-0.144
77,4,-0.464,0.096,0.744,1.0,1.0,0.164,0.536,-0.464
78,1,0.536,0.288,0.724,0.768,0.68,-0.068,0.516,-0.272
79,1,1.0,0.48,0.704,0.536,0.36,-0.3,0.496,-0.08
80,6,0.768,0.16,0.472,0.516,0.552,0.7,0.688,-0.1
81,6,0.536,-0.16,0.24,0.496,0.744,1.0,0.88,-0.12
82,2,0.728,0.84,0.432,0.476,0.512,0.68,0.648,-0.14
83,2,0.92,1.0,0.624,0.456,0.28,0.36,0.416,-0.16
84,8,1.0,0.98,0.392,0.136,0.048,0.34,0.608,0.84
85,8,1.0,0.96,0.16,-0.184,-0.184,0.32,0.8,1.0
86,5,0.68,0.728,0.14,0.008,0.816,0.512,0.78,0.768
87,5,0.36,0.496,0.12,0.2,1.0,0.704,0.76,0.536
88,,0.34,0.476,0.1,0.18,0.98,0.684,0.74,0.516
89,,0.32,0.456,0.08,0.16,0.96,0.664,0.72,0.496
90,,0.3,0.436,0.06,0.14,0.94,0.644,0.7,0.476
91,,0.28,0.416,0.04,0.12,0.92,0.624,0.68,0.456
92,,0.26,0.396,0.02,0.1,0.9,0.604,0.66,0.436
93,,0.24,0.376,0.0,0.08,0.88,0.584,0.64,0.416
94,,0.22,0.356,-0.02,0.06,0.86,0.564,0.62,0.396
95,3,0.2,0.548,0.98,0.252,0.84,0.332,0.3,0.164
96,3,0.18,0.74,1.0,0.444,0.82,0.1,-0.02,-0.068
97,8,0.372,0.72,0.768,0.124,0.588,0.08,0.172,0.932
98,8,0.564,0.7,0.536,-0.196,0.356,0.06,0.364,1.0
99,4,0.332,0.68,0.728,0.804,0.548,0.04,0.132,0.68
100,4,0.1,0.66,0.92,1.0,0.74,0.02,-0.1,0.36
101,7,0.08,0.428,0.6,0.768,0.72,0.212,0.9,0.552
102,7,0.06,0.196,0.28,0.536,0.7,0.404,1.0,0.744
103,,0.04,0.176,0.26,0.516,0.68,0.384,0.98,0.724
104,,0.02,0.156,0.24,0.496,0.66,0.364,0.96,0.704
105,,0.0,0.136,0.22,0.476,0.64,0.344,0.94,0.684
106,,-0.02,0.116,0.2,0.456,0.62,0.324,0.92,0.664
107,1,0.98,0.308,0.18,0.224,0.3,0.092,0.9,0.856
108,1,1.0,0.5,0.16,-0.008,-0.02,-0.14,0.88,1.0
109,6,0.768,0.18,-0.072,-0.028,0.172,0.86,1.0,0.98
110,6,0.536,-0.14,-0.304,-0.048,0.364,1.0,1.0,0.96
111,3,0.516,0.052,0.696,0.144,0.344,0.768,0.68,0.728
112,3,0.496,0.244,1.0,0.336,0.324,0.536,0.36,0.496
113,,0.476,0.224,0.98,0.316,0.304,0.516,0.34,0.476
114,,0.456,0.204,0.96,0.296,0.284,0.496,0.32,0.456
115,,0.436,0.184,0.94,0.276,0.264,0.476,0.3,0.436
116,,0.416,0.164,0.92,0.256,0.244,0.456,0.28,0.416
117,,0.396,0.144,0.9,0.236,0.224,0.436,0.26,0.396
118,,0.376,0.124,0.88,0.216,0.204,0.416,0.24,0.376
119,,0.356,0.104,0.86,0.196,0.184,0.396,0.22,0.356
120,,0.336,0.084,0.84,0.176,0.164,0.376,0.2,0.336
121,,0.316,0.064,0.82,0.156,0.144,0.356,0.18,0.316
122,,0.296,0.044,0.8,0.136,0.124,0.336,0.16,0.296
123,,0.276,0.024,0.78,0.116,0.104,0.316,0.14,0.276
124,,0.256,0.004,0.76,0.096,0.084,0.296,0.12,0.256
125,,0.236,-0.016,0.74,0.076,0.064,0.276,0.1,0.236
126,2,0.428,0.984,0.932,0.056,-0.168,-0.044,-0.132,0.216
127,2,0.62,1.0,1.0,0.036,-0.4,-0.364,-0.364,0.196
128,5,0.3,0.768,0.98,0.228,0.6,-0.172,-0.384,-0.036
129,5,-0.02,0.536,0.96,0.42,1.0,0.02,-0.404,-0.268
130,7,-0.04,0.304,0.64,0.188,0.98,0.212,0.596,-0.076
131,7,-0.06,0.072,0.32,-0.044,0.96,0.404,1.0,0.116
132,1,0.94,0.264,0.3,-0.276,0.64,0.172,0.98,0.308
133,1,1.0,0.456,0.28,-0.508,0.32,-0.06,0.96,0.5
134,4,0.768,0.436,0.472,0.492,0.512,-0.08,0.728,0.18
135,4,0.536,0.416,0.664,1.0,0.704,-0.1,0.496,-0.14
136,8,0.728,0.396,0.432,0.68,0.472,-0.12,0.688,0.86
137,8,0.92,0.376,0.2,0.36,0.24,-0.14,0.88,1.0
138,6,0.688,0.056,-0.032,0.34,0.432,0.86,1.0,0.98
139,6,0.456,-0.264,-0.264,0.32,0.624,1.0,1.0,0.96
140,2,0.648,0.736,-0.072,0.3,0.392,0.68,0.768,0.94
141,2,0.84,1.0,0.12,0.28,0.16,0.36,0.536,0.92
142,,0.82,0.98,0.1,0.26,0.14,0.34,0.516,0.9
143,,0.8,0.96,0.08,0.24,0.12,0.32,0.496,0.88
144,,0.78,0.94,0.06,0.22,0.1,0.3,0.476,0.86
145,,0.76,0.92,0.04,0.2,0.08,0.28,0.456,0.84
146,,0.74,0.9,0.02,0.18,0.06,0.26,0.436,0.82
147,,0.72,0.88,0.0,0.16,0.04,0.24,0.416,0.8
148,,0.7,0.86,-0.02,0.14,0.02,0.22,0.396,0.78
149,3,0.68,1.0,0.98,0.332,0.0,-0.012,0.076,0.548
150,3,0.66,1.0,1.0,0.524,-0.02,-0.244,-0.244,0.316
151,7,0.64,0.768,0.68,0.292,-0.04,-0.052,0.756,0.508
152,7,0.62,0.536,0.36,0.06,-0.06,0.14,1.0,0.7
153,5,0.3,0.304,0.34,0.252,0.94,0.332,0.98,0.468
154,5,-0.02,0.072,0.32,0.444,1.0,0.524,0.96,0.236
155,1,0.98,0.264,0.3,0.212,0.68,0.292,0.94,0.428
156,1,1.0,0.456,0.28,-0.02,0.36,0.06,0.92,0.62
157,4,0.768,0.436,0.472,0.98,0.552,0.04,0.688,0.3
158,4,0.536,0.416,0.664,1.0,0.744,0.02,0.456,-0.02
159,8,0.728,0.396,0.432,0.68,0.512,0.0,0.648,0.98
160,8,0.92,0.376,0.2,0.36,0.28,-0.02,0.84,1.0
161,6,0.688,0.056,-0.032,0.34,0.472,0.98,1.0,0.98
162,6,0.456,-0.264,-0.264,0.32,0.664,1.0,1.0,0.96
163,3,0.436,-0.072,0.736,0.512,0.644,0.768,0.68,0.728
164,3,0.416,0.12,1.0,0.704,0.624,0.536,0.36,0.496
165,,0.396,0.1,0.98,0.684,0.604,0.516,0.34,0.476
166,,0.376,0.08,0.96,0.664,0.584,0.496,0.32,0.456
167,,0.356,0.06,0.94,0.644,0.564,0.476,0.3,0.436
168,,0.336,0.04,0.92,0.624,0.544,0.456,0.28,0.416
169,,0.316,0.02,0.9,0.604,0.524,0.436,0.26,0.396
170,,0.296,0.0,0.88,0.584,0.504,0.416,0.24,0.376
171,,0.276,-0.02,0.86,0.564,0.484,0.396,0.22,0.356
172,2,0.468,0.98,1.0,0.544,0.252,0.076,-0.012,0.336
173,2,0.66,1.0,1.0,0.524,0.02,-0.244,-0.244,0.316
174,7,0.64,0.768,0.68,0.292,0.0,-0.052,0.756,0.508
175,7,0.62,0.536,0.36,0.06,-0.02,0.14,1.0,0.7
176,5,0.3,0.304,0.34,0.252,0.98,0.332,0.98,0.468
177,5,-0.02,0.072,0.32,0.444,1.0,0.524,0.96,0.236
178,1,0.98,0.264,0.3,0.212,0.68,0.292,0.94,0.428
179,1,1.0,0.456,0.28,-0.02,0.36,0.06,0.92,0.62
180,4,0.768,0.436,0.472,0.98,0.552,0.04,0.688,0.3
181,4,0.536,0.416,0.664,1.0,0.744,0.02,0.456,-0.02
182,8,0.728,0.396,0.432,0.68,0.512,0.0,0.648,0.98
183,8,0.92,0.376,0.2,0.36,0.28,-0.02,0.84,1.0
184,6,0.688,0.056,-0.032,0.34,0.472,0.98,1.0,0.98
185,6,0.456,-0.264,-0.264,0.32,0.664,1.0,1.0,0.96
186,2,0.648,0.736,-0.072,0.3,0.432,0.68,0.768,0.94
187,2,0.84,1.0,0.12,0.28,0.2,0.36,0.536,0.92
188,,0.82,0.98,0.1,0.26,0.18,0.34,0.516,0.9
189,,0.8,0.96,0.08,0.24,0.16,0.32,0.496,0.88
190,,0.78,0.94,0.06,0.22,0.14,0.3,0.476,0.86
191,,0.76,0.92,0.04,0.2,0.12,0.28,0.456,0.84
192,,0.74,0.9,0.02,0.18,0.1,0.26,0.436,0.82
193,,0.72,0.88,0.0,0.16,0.08,0.24,0.416,0.8
194,,0.7,0.86,-0.02,0.14,0.06,0.22,0.396,0.78
195,3,0.68,1.0,0.98,0.332,0.04,-0.012,0.076,0.548
196,3,0.66,1.0,1.0,0.524,0.02,-0.244,-0.244,0.316
197,6,0.428,0.68,0.768,0.504,0.212,0.756,-0.052,0.296
198,6,0.196,0.36,0.536,0.484,0.404,1.0,0.14,0.276
199,,0.176,0.34,0.516,0.464,0.384,0.98,0.12,0.256
200,,0.156,0.32,0.496,0.444,0.364,0.96,0.1,0.236
201,,0.136,0.3,0.476,0.424,0.344,0.94,0.08,0.216
202,,0.116,0.28,0.456,0.404,0.324,0.92,0.06,0.196
203,,0.096,0.26,0.436,0.384,0.304,0.9,0.04,0.176
204,,0.076,0.24,0.416,0.364,0.284,0.88,0.02,0.156
205,,0.056,0.22,0.396,0.344,0.264,0.86,0.0,0.136
206,,0.036,0.2,0.376,0.324,0.244,0.84,-0.02,0.116
207,7,0.016,-0.032,0.056,0.092,0.224,1.0,0.98,0.308
208,7,-0.004,-0.264,-0.264,-0.14,0.204,1.0,1.0,0.5
209,3,-0.024,-0.072,0.736,0.052,0.184,0.768,0.68,0.268
210,3,-0.044,0.12,1.0,0.244,0.164,0.536,0.36,0.036
211,1,0.956,0.312,0.98,0.012,-0.156,0.304,0.34,0.228
212,1,1.0,0.504,0.96,-0.22,-0.476,0.072,0.32,0.42
213,5,0.68,0.272,0.94,-0.028,0.524,0.264,0.3,0.188
214,5,0.36,0.04,0.92,0.164,1.0,0.456,0.28,-0.044
215,8,0.552,0.02,0.688,-0.156,0.768,0.436,0.472,0.956
216,8,0.744,0.0,0.456,-0.476,0.536,0.416,0.664,1.0
217,4,0.512,-0.02,0.648,0.524,0.728,0.396,0.432,0.68
218,4,0.28,-0.04,0.84,1.0,0.92,0.376,0.2,0.36
219,2,0.472,0.96,1.0,0.98,0.688,0.056,-0.032,0.34
220,2,0.664,1.0,1.0,0.96,0.456,-0.264,-0.264,0.32
221,7,0.644,0.768,0.68,0.728,0.436,-0.072,0.736,0.512
222,7,0.624,0.536,0.36,0.496,0.416,0.12,1.0,0.704
223,,0.604,0.516,0.34,0.476,0.396,0.1,0.98,0.684
224,,0.584,0.496,0.32,0.456,0.376,0.08,0.96,0.664
225,,0.564,0.476,0.3,0.436,0.356,0.06,0.94,0.644
226,,0.544,0.456,0.28,0.416,0.336,0.04,0.92,0.624
227,,0.524,0.436,0.26,0.396,0.316,0.02,0.9,0.604
228,,0.504,0.416,0.24,0.376,0.296,0.0,0.88,0.584
229,,0.484,0.396,0.22,0.356,0.276,-0.02,0.86,0.564
230,6,0.252,0.076,-0.012,0.336,0.468,0.98,1.0,0.544
231,6,0.02,-0.244,-0.244,0.316,0.66,1.0,1.0,0.524
232,2,0.212,0.756,-0.052,0.296,0.428,0.68,0.768,0.504
233,2,0.404,1.0,0.14,0.276,0.196,0.36,0.536,0.484
234,,0.384,0.98,0.12,0.256,0.176,0.34,0.516,0.464
235,,0.364,0.96,0.1,0.236,0.156,0.32,0.496,0.444
236,,0.344,0.94,0.08,0.216,0.136,0.3,0.476,0.424
237,,0.324,0.92,0.06,0.196,0.116,0.28,0.456,0.404
238,,0.304,0.9,0.04,0.176,0.096,0.26,0.436,0.384
239,,0.284,0.88,0.02,0.156,0.076,0.24,0.416,0.364
240,,0.264,0.86,0.0,0.136,0.056,0.22,0.396,0.344
241,,0.244,0.84,-0.02,0.116,0.036,0.2,0.376,0.324
242,3,0.224,1.0,0.98,0.308,0.016,-0.032,0.056,0.092
243,3,0.204,1.0,1.0,0.5,-0.004,-0.264,-0.264,-0.14
244,7,0.184,0.768,0.68,0.268,-0.024,-0.072,0.736,0.052
245,7,0.164,0.536,0.36,0.036,-0.044,0.12,1.0,0.244
246,5,-0.156,0.304,0.34,0.228,0.956,0.312,0.98,0.012
247,5,-0.476,0.072,0.32,0.42,1.0,0.504,0.96,-0.22
248,1,0.524,0.264,0.3,0.188,0.68,0.272,0.94,-0.028
249,1,1.0,0.456,0.28,-0.044,0.36,0.04,0.92,0.164
250,4,0.768,0.436,0.472,0.956,0.552,0.02,0.688,-0.156
251,4,0.536,0.416,0.664,1.0,0.744,0.0,0.456,-0.476
252,8,0.728,0.396,0.432,0.68,0.512,-0.02,0.648,0.524
253,8,0.92,0.376,0.2,0.36,0.28,-0.04,0.84,1.0
254,6,0.688,0.056,-0.032,0.34,0.472,0.96,1.0,0.98
255,6,0.456,-0.264,-0.264,0.32,0.664,1.0,1.0,0.96
256,3,0.436,-0.072,0.736,0.512,0.644,0.768,0.68,0.728
257,3,0.416,0.12,1.0,0.704,0.624,0.536,0.36,0.496
258,,0.396,0.1,0.98,0.684,0.604,0.516,0.34,0.476
259,,0.376,0.08,0.96,0.664,0.584,0.496,0.32,0.456
260,,0.356,0.06,0.94,0.644,0.564,0.476,0.3,0.436
261,,0.336,0.04,0.92,0.624,0.544,0.456,0.28,0.416
262,,0.316,0.02,0.9,0.604,0.524,0.436,0.26,0.396
263,,0.296,0.0,0.88,0.584,0.504,0.416,0.24,0.376
264,,0.276,-0.02,0.86,0.564,0.484,0.396,0.22,0.356
265,2,0.468,0.98,1.0,0.544,0.252,0.076,-0.012,0.336
266,2,0.66,1.0,1.0,0.524,0.02,-0.244,-0.244,0.316
267,7,0.64,0.768,0.68,0.292,0.0,-0.052,0.756,0.508
268,7,0.62,0.536,0.36,0.06,-0.02,0.14,1.0,0.7
269,5,0.3,0.304,0.34,0.252,0.98,0.332,0.98,0.468
270,5,-0.02,0.072,0.32,0.444,1.0,0.524,0.96,0.236
271,1,0.98,0.264,0.3,0.212,0.68,0.292,0.94,0.428
272,1,1.0,0.456,0.28,-0.02,0.36,0.06,0.92,0.62
273,4,0.768,0.436,0.472,0.98,0.552,0.04,0.688,0.3
274,4,0.536,0.416,0.664,1.0,0.744,0.02,0.456,-0.02
275,8,0.728,0.396,0.432,0.68,0.512,0.0,0.648,0.98
276,8,0.92,0.376,0.2,0.36,0.28,-0.02,0.84,1.0
277,6,0.688,0.056,-0.032,0.34,0.472,0.98,1.0,0.98
278,6,0.456,-0.264,-0.264,0.32,0.664,1.0,1.0,0.96
279,2,0.648,0.736,-0.072,0.3,0.432,0.68,0.768,0.94
280,2,0.84,1.0,0.12,0.28,0.2,0.36,0.536,0.92
281,,0.82,0.98,0.1,0.26,0.18,0.34,0.516,0.9
282,,0.8,0.96,0.08,0.24,0.16,0.32,0.496,0.88
283,,0.78,0.94,0.06,0.22,0.14,0.3,0.476,0.86
284,,0.76,0.92,0.04,0.2,0.12,0.28,0.456,0.84
285,,0.74,0.9,0.02,0.18,0.1,0.26,0.436,0.82
286,,0.72,0.88,0.0,0.16,0.08,0.24,0.416,0.8
287,,0.7,0.86,-0.02,0.14,0.06,0.22,0.396,0.78
288,3,0.68,1.0,0.98,0.332,0.04,-0.012,0.076,0.548
289,3,0.66,1.0,1.0,0.524,0.02,-0.244,-0.244,0.316
290,6,0.428,0.68,0.768,0.504,0.212,0.756,-0.052,0.296
291,6,0.196,0.36,0.536,0.484,0.404,1.0,0.14,0.276
292,,0.176,0.34,0.516,0.464,0.384,0.98,0.12,0.256
293,,0.156,0.32,0.496,0.444,0.364,0.96,0.1,0.236
294,,0.136,0.3,0.476,0.424,0.344,0.94,0.08,0.216
295,,0.116,0.28,0.456,0.404,0.324,0.92,0.06,0.196
296,,0.096,0.26,0.436,0.384,0.304,0.9,0.04,0.176
297,,0.076,0.24,0.416,0.364,0.284,0.88,0.02,0.156
298,,0.056,0.22,0.396,0.344,0.264,0.86,0.0,0.136
299,,0.036,0.2,0.376,0.324,0.244,0.84,-0.02,0.116
300,7,0.016,-0.032,0.056,0.092,0.224,1.0,0.98,0.308
301,7,-0.004,-0.264,-0.264,-0.14,0.204,1.0,1.0,0.5
302,2,0.188,0.736,-0.072,-0.16,-0.028,0.68,0.768,0.48
303,2,0.38,1.0,0.12,-0.18,-0.26,0.36,0.536,0.46
304,5,0.06,0.768,0.1,0.012,0.74,0.552,0.516,0.228
305,5,-0.26,0.536,0.08,0.204,1.0,0.744,0.496,-0.004
306,1,0.74,0.728,0.06,-0.028,0.68,0.512,0.476,0.188
307,1,1.0,0.92,0.04,-0.26,0.36,0.28,0.456,0.38
308,4,0.768,0.9,0.232,0.74,0.552,0.26,0.224,0.06
309,4,0.536,0.88,0.424,1.0,0.744,0.24,-0.008,-0.26
310,8,0.728,0.86,0.192,0.68,0.512,0.22,0.184,0.74
311,8,0.92,0.84,-0.04,0.36,0.28,0.2,0.376,1.0
312,3,0.9,1.0,0.96,0.552,0.26,-0.032,0.056,0.768
313,3,0.88,1.0,1.0,0.744,0.24,-0.264,-0.264,0.536
314,7,0.86,0.768,0.68,0.512,0.22,-0.072,0.736,0.728
315,7,0.84,0.536,0.36,0.28,0.2,0.12,1.0,0.92
316,,0.82,0.516,0.34,0.26,0.18,0.1,0.98,0.9
317,,0.8,0.496,0.32,0.24,0.16,0.08,0.96,0.88
318,,0.78,0.476,0.3,0.22,0.14,0.06,0.94,0.86
319,,0.76,0.456,0.28,0.2,0.12,0.04,0.92,0.84
320,,0.74,0.436,0.26,0.18,0.1,0.02,0.9,0.82
321,,0.72,0.416,0.24,0.16,0.08,0.0,0.88,0.8
322,,0.7,0.396,0.22,0.14,0.06,-0.02,0.86,0.78
323,6,0.468,0.076,-0.012,0.12,0.252,0.98,1.0,0.76
324,6,0.236,-0.244,-0.244,0.1,0.444,1.0,1.0,0.74
325,3,0.216,-0.052,0.756,0.292,0.424,0.768,0.68,0.508
326,3,0.196,0.14,1.0,0.484,0.404,0.536,0.36,0.276
327,,0.176,0.12,0.98,0.464,0.384,0.516,0.34,0.256
328,,0.156,0.1,0.96,0.444,0.364,0.496,0.32,0.236
329,,0.136,0.08,0.94,0.424,0.344,0.476,0.3,0.216
330,,0.116,0.06,0.92,0.404,0.324,0.456,0.28,0.196
331,,0.096,0.04,0.9,0.384,0.304,0.436,0.26,0.176
332,,0.076,0.02,0.88,0.364,0.284,0.416,0.24,0.156
333,,0.056,0.0,0.86,0.344,0.264,0.396,0.22,0.136
334,,0.036,-0.02,0.84,0.324,0.244,0.376,0.2,0.116
335,2,0.228,0.98,1.0,0.304,0.012,0.056,-0.032,0.096
336,2,0.42,1.0,1.0,0.284,-0.22,-0.264,-0.264,0.076
337,7,0.4,0.768,0.68,0.052,-0.24,-0.072,0.736,0.268
338,7,0.38,0.536,0.36,-0.18,-0.26,0.12,1.0,0.46
339,5,0.06,0.304,0.34,0.012,0.74,0.312,0.98,0.228
340,5,-0.26,0.072,0.32,0.204,1.0,0.504,0.96,-0.004
341,1,0.74,0.264,0.3,-0.028,0.68,0.272,0.94,0.188
342,1,1.0,0.456,0.28,-0.26,0.36,0.04,0.92,0.38
343,4,0.768,0.436,0.472,0.74,0.552,0.02,0.688,0.06
344,4,0.536,0.416,0.664,1.0,0.744,0.0,0.456,-0.26
345,8,0.728,0.396,0.432,0.68,0.512,-0.02,0.648,0.74
346,8,0.92,0.376,0.2,0.36,0.28,-0.04,0.84,1.0
347,6,0.688,0.056,-0.032,0.34,0.472,0.96,1.0,0.98
348,6,0.456,-0.264,-0.264,0.32,0.664,1.0,1.0,0.96
349,2,0.648,0.736,-0.072,0.3,0.432,0.68,0.768,0.94
350,2,0.84,1.0,0.12,0.28,0.2,0.36,0.536,0.92
351,,0.82,0.98,0.1,0.26,0.18,0.34,0.516,0.9
352,,0.8,0.96,0.08,0.24,0.16,0.32,0.496,0.88
353,,0.78,0.94,0.06,0.22,0.14,0.3,0.476,0.86
354,,0.76,0.92,0.04,0.2,0.12,0.28,0.456,0.84
355,,0.74,0.9,0.02,0.18,0.1,0.26,0.436,0.82
356,,0.72,0.88,0.0,0.16,0.08,0.24,0.416,0.8
357,,0.7,0.86,-0.02,0.14,0.06,0.22,0.396,0.78
358,3,0.68,1.0,0.98,0.332,0.04,-0.012,0.076,0.548
359,3,0.66,1.0,1.0,0.524,0.02,-0.244,-0.244,0.316
360,7,0.64,0.768,0.68,0.292,0.0,-0.052,0.756,0.508
361,7,0.62,0.536,0.36,0.06,-0.02,0.14,1.0,0.7
362,5,0.3,0.304,0.34,0.252,0.98,0.332,0.98,0.468
363,5,-0.02,0.072,0.32,0.444,1.0,0.524,0.96,0.236
364,1,0.98,0.264,0.3,0.212,0.68,0.292,0.94,0.428
365,1,1.0,0.456,0.28,-0.02,0.36,0.06,0.92,0.62
366,4,0.768,0.436,0.472,0.98,0.552,0.04,0.688,0.3
367,4,0.536,0.416,0.664,1.0,0.744,0.02,0.456,-0.02
368,8,0.728,0.396,0.432,0.68,0.512,0.0,0.648,0.98
369,8,0.92,0.376,0.2,0.36,0.28,-0.02,0.84,1.0
370,6,0.688,0.056,-0.032,0.34,0.472,0.98,1.0,0.98
371,6,0.456,-0.264,-0.264,0.32,0.664,1.0,1.0,0.96
372,3,0.436,-0.072,0.736,0.512,0.644,0.768,0.68,0.728
373,3,0.416,0.12,1.0,0.704,0.624,0.536,0.36,0.496
374,,0.396,0.1,0.98,0.684,0.604,0.516,0.34,0.476
375,,0.376,0.08,0.96,0.664,0.584,0.496,0.32,0.456
376,,0.356,0.06,0.94,0.644,0.564,0.476,0.3,0.436
377,,0.336,0.04,0.92,0.624,0.544,0.456,0.28,0.416
378,,0.316,0.02,0.9,0.604,0.524,0.436,0.26,0.396
379,,0.296,0.0,0.88,0.584,0.504,0.416,0.24,0.376
380,,0.276,-0.02,0.86,0.564,0.484,0.396,0.22,0.356
381,2,0.468,0.98,1.0,0.544,0.252,0.076,-0.012,0.336
382,2,0.66,1.0,1.0,0.524,0.02,-0.244,-0.244,0.316
383,7,0.64,0.768,0.68,0.292,0.0,-0.052,0.756,0.508
384,7,0.62,0.536,0.36,0.06,-0.02,0.14,1.0,0.7
385,5,0.3,0.304,0.34,0.252,0.98,0.332,0.98,0.468
386,5,-0.02,0.072,0.32,0.444,1.0,0.524,0.96,0.236
387,1,0.98,0.264,0.3,0.212,0.68,0.292,0.94,0.428
388,1,1.0,0.456,0.28,-0.02,0.36,0.06,0.92,0.62
389,4,0.768,0.436,0.472,0.98,0.552,0.04,0.688,0.3
390,4,0.536,0.416,0.664,1.0,0.744,0.02,0.456,-0.02
391,8,0.728,0.396,0.432,0.68,0.512,0.0,0.648,0.98
392,8,0.92,0.376,0.2,0.36,0.28,-0.02,0.84,1.0
393,6,0.688,0.056,-0.032,0.34,0.472,0.98,1.0,0.98
394,6,0.456,-0.264,-0.264,0.32,0.664,1.0,1.0,0.96
395,3,0.436,-0.072,0.736,0.512,0.644,0.768,0.68,0.728
396,3,0.416,0.12,1.0,0.704,0.624,0.536,0.36,0.496
397,,0.396,0.1,0.98,0.684,0.604,0.516,0.34,0.476
398,,0.376,0.08,0.96,0.664,0.584,0.496,0.32,0.456
399,,0.356,0.06,0.94,0.644,0.564,0.476,0.3,0.436
400,,0.336,0.04,0.92,0.624,0.544,0.456,0.28,0.416
401,,0.316,0.02,0.9,0.604,0.524,0.436,0.26,0.396
402,,0.296,0.0,0.88,0.584,0.504,0.416,0.24,0.376
403,,0.276,-0.02,0.86,0.564,0.484,0.396,0.22,0.356
404,2,0.468,0.98,1.0,0.544,0.252,0.076,-0.012,0.336
405,2,0.66,1.0,1.0,0.524,0.02,-0.244,-0.244,0.316
406,6,0.428,0.68,0.768,0.504,0.212,0.756,-0.052,0.296
407,6,0.196,0.36,0.536,0.484,0.404,1.0,0.14,0.276
408,,0.176,0.34,0.516,0.464,0.384,0.98,0.12,0.256
409,,0.156,0.32,0.496,0.444,0.364,0.96,0.1,0.236
410,,0.136,0.3,0.476,0.424,0.344,0.94,0.08,0.216
411,,0.116,0.28,0.456,0.404,0.324,0.92,0.06,0.196
412,,0.096,0.26,0.436,0.384,0.304,0.9,0.04,0.176
413,,0.076,0.24,0.416,0.364,0.284,0.88,0.02,0.156
414,,0.056,0.22,0.396,0.344,0.264,0.86,0.0,0.136
415,,0.036,0.2,0.376,0.324,0.244,0.84,-0.02,0.116
416,7,0.016,-0.032,0.056,0.092,0.224,1.0,0.98,0.308
417,7,-0.004,-0.264,-0.264,-0.14,0.204,1.0,1.0,0.5
418,2,0.188,0.736,-0.072,-0.16,-0.028,0.68,0.768,0.48
419,2,0.38,1.0,0.12,-0.18,-0.26,0.36,0.536,0.46
420,5,0.06,0.768,0.1,0.012,0.74,0.552,0.516,0.228
421,5,-0.26,0.536,0.08,0.204,1.0,0.744,0.496,-0.004
422,1,0.74,0.728,0.06,-0.028,0.68,0.512,0.476,0.188
423,1,1.0,0.92,0.04,-0.26,0.36,0.28,0.456,0.38
424,4,0.768,0.9,0.232,0.74,0.552,0.26,0.224,0.06
425,4,0.536,0.88,0.424,1.0,0.744,0.24,-0.008,-0.26
426,8,0.728,0.86,0.192,0.68,0.512,0.22,0.184,0.74
427,8,0.92,0.84,-0.04,0.36,0.28,0.2,0.376,1.0
428,3,0.9,1.0,0.96,0.552,0.26,-0.032,0.056,0.768
429,3,0.88,1.0,1.0,0.744,0.24,-0.264,-0.264,0.536
430,7,0.86,0.768,0.68,0.512,0.22,-0.072,0.736,0.728
431,7,0.84,0.536,0.36,0.28,0.2,0.12,1.0,0.92
432,,0.82,0.516,0.34,0.26,0.18,0.1,0.98,0.9
433,,0.8,0.496,0.32,0.24,0.16,0.08,0.96,0.88
434,,0.78,0.476,0.3,0.22,0.14,0.06,0.94,0.86
435,,0.76,0.456,0.28,0.2,0.12,0.04,0.92,0.84
436,,0.74,0.436,0.26,0.18,0.1,0.02,0.9,0.82
437,,0.72,0.416,0.24,0.16,0.08,0.0,0.88,0.8
438,,0.7,0.396,0.22,0.14,0.06,-0.02,0.86,0.78
439,6,0.468,0.076,-0.012,0.12,0.252,0.98,1.0,0.76
440,6,0.236,-0.244,-0.244,0.1,0.444,1.0,1.0,0.74
441,2,0.428,0.756,-0.052,0.08,0.212,0.68,0.768,0.72
442,2,0.62,1.0,0.14,0.06,-0.02,0.36,0.536,0.7
443,5,0.3,0.768,0.12,0.252,0.98,0.552,0.516,0.468
444,5,-0.02,0.536,0.1,0.444,1.0,0.744,0.496,0.236
445,1,0.98,0.728,0.08,0.212,0.68,0.512,0.476,0.428
446,1,1.0,0.92,0.06,-0.02,0.36,0.28,0.456,0.62
447,4,0.768,0.9,0.252,0.98,0.552,0.26,0.224,0.3
448,4,0.536,0.88,0.444,1.0,0.744,0.24,-0.008,-0.02
449,8,0.728,0.86,0.212,0.68,0.512,0.22,0.184,0.98
450,8,0.92,0.84,-0.02,0.36,0.28,0.2,0.376,1.0
451,3,0.9,1.0,0.98,0.552,0.26,-0.032,0.056,0.768
452,3,0.88,1.0,1.0,0.744,0.24,-0.264,-0.264,0.536
453,6,0.648,0.68,0.768,0.724,0.432,0.736,-0.072,0.516
454,6,0.416,0.36,0.536,0.704,0.624,1.0,0.12,0.496
455,,0.396,0.34,0.516,0.684,0.604,0.98,0.1,0.476
456,,0.376,0.32,0.496,0.664,0.584,0.96,0.08,0.456
457,,0.356,0.3,0.476,0.644,0.564,0.94,0.06,0.436
458,,0.336,0.28,0.456,0.624,0.544,0.92,0.04,0.416
459,,0.316,0.26,0.436,0.604,0.524,0.9,0.02,0.396
460,,0.296,0.24,0.416,0.584,0.504,0.88,0.0,0.376
461,,0.276,0.22,0.396,0.564,0.484,0.86,-0.02,0.356
462,7,0.256,-0.012,0.076,0.332,0.464,1.0,0.98,0.548
463,7,0.236,-0.244,-0.244,0.1,0.444,1.0,1.0,0.74
464,3,0.216,-0.052,0.756,0.292,0.424,0.768,0.68,0.508
465,3,0.196,0.14,1.0,0.484,0.404,0.536,0.36,0.276
466,,0.176,0.12,0.98,0.464,0.384,0.516,0.34,0.256
467,,0.156,0.1,0.96,0.444,0.364,0.496,0.32,0.236
468,,0.136,0.08,0.94,0.424,0.344,0.476,0.3,0.216
469,,0.116,0.06,0.92,0.404,0.324,0.456,0.28,0.196
470,,0.096,0.04,0.9,0.384,0.304,0.436,0.26,0.176
471,,0.076,0.02,0.88,0.364,0.284,0.416,0.24,0.156
472,,0.056,0.0,0.86,0.344,0.264,0.396,0.22,0.136
473,,0.036,-0.02,0.84,0.324,0.244,0.376,0.2,0.116
474,2,0.228,0.98,1.0,0.304,0.012,0.056,-0.032,0.096
475,2,0.42,1.0,1.0,0.284,-0.22,-0.264,-0.264,0.076
476,7,0.4,0.768,0.68,0.052,-0.24,-0.072,0.736,0.268
477,7,0.38,0.536,0.36,-0.18,-0.26,0.12,1.0,0.46
478,5,0.06,0.304,0.34,0.012,0.74,0.312,0.98,0.228
479,5,-0.26,0.072,0.32,0.204,1.0,0.504,0.96,-0.004
480,1,0.74,0.264,0.3,-0.028,0.68,0.272,0.94,0.188
481,1,1.0,0.456,0.28,-0.26,0.36,0.04,0.92,0.38
482,4,0.768,0.436,0.472,0.74,0.552,0.02,0.688,0.06
483,4,0.536,0.416,0.664,1.0,0.744,0.0,0.456,-0.26
484,8,0.728,0.396,0.432,0.68,0.512,-0.02,0.648,0.74
485,8,0.92,0.376,0.2,0.36,0.28,-0.04,0.84,1.0
486,6,0.688,0.056,-0.032,0.34,0.472,0.96,1.0,0.98
487,6,0.456,-0.264,-0.264,0.32,0.664,1.0,1.0,0.96
488,2,0.648,0.736,-0.072,0.3,0.432,0.68,0.768,0.94
489,2,0.84,1.0,0.12,0.28,0.2,0.36,0.536,0.92
490,,0.82,0.98,0.1,0.26,0.18,0.34,0.516,0.9
491,,0.8,0.96,0.08,0.24,0.16,0.32,0.496,0.88
492,,0.78,0.94,0.06,0.22,0.14,0.3,0.476,0.86
493,,0.76,0.92,0.04,0.2,0.12,0.28,0.456,0.84
494,,0.74,0.9,0.02,0.18,0.1,0.26,0.436,0.82
495,,0.72,0.88,0.0,0.16,0.08,0.24,0.416,0.8
496,,0.7,0.86,-0.02,0.14,0.06,0.22,0.396,0.78
497,3,0.68,1.0,0.98,0.332,0.04,-0.012,0.076,0.548
498,3,0.66,1.0,1.0,0.524,0.02,-0.244,-0.244,0.316
499,7,0.64,0.768,0.68,0.292,0.0,-0.052,0.756,0.508
