step,active_motive,motive_1,motive_2,motive_3,motive_4,motive_5,motive_6,motive_7,motive_8
0,,0.09362,0.0696,0.05701,0.00972,0.0615,0.09901,0.01401,0.05183
1,,0.07362,0.0496,0.03701,-0.01028,0.0415,0.07901,-0.00599,0.03183
2,4,-0.15838,0.0296,0.22901,0.98972,0.2335,0.05901,-0.23799,-0.28817
3,4,-0.39038,0.0096,0.42101,1.0,0.4255,0.03901,-0.46999,-0.60817
4,8,-0.19838,-0.0104,0.18901,0.68,0.1935,0.01901,-0.27799,0.39183
5,8,-0.00638,-0.0304,-0.04299,0.36,-0.0385,-0.00099,-0.08599,1.0
6,7,-0.02638,-0.2624,-0.36299,0.128,-0.0585,0.19101,0.91401,1.0
7,7,-0.04638,-0.4944,-0.68299,-0.104,-0.0785,0.38301,1.0,1.0
8,3,-0.06638,-0.3024,0.31701,0.088,-0.0985,0.15101,0.68,0.768
9,3,-0.08638,-0.1104,1.0,0.28,-0.1185,-0.08099,0.36,0.536
10,5,-0.40638,-0.3424,0.98,0.472,0.8815,0.11101,0.34,0.304
11,5,-0.72638,-0.5744,0.96,0.664,1.0,0.30301,0.32,0.072
12,1,0.27362,-0.3824,0.94,0.432,0.68,0.07101,0.3,0.264
13,1,1.0,-0.1904,0.92,0.2,0.36,-0.16099,0.28,0.456
14,2,1.0,0.8096,1.0,0.18,0.128,-0.48099,0.048,0.436
15,2,1.0,1.0,1.0,0.16,-0.104,-0.80099,-0.184,0.416
16,6,0.768,0.68,0.768,0.14,0.088,0.19901,0.008,0.396
17,6,0.536,0.36,0.536,0.12,0.28,1.0,0.2,0.376
18,,0.516,0.34,0.516,0.1,0.26,0.98,0.18,0.356
19,,0.496,0.32,0.496,0.08,0.24,0.96,0.16,0.336
20,,0.476,0.3,0.476,0.06,0.22,0.94,0.14,0.316
21,,0.456,0.28,0.456,0.04,0.2,0.92,0.12,0.296
22,,0.436,0.26,0.436,0.02,0.18,0.9,0.1,0.276
23,,0.416,0.24,0.416,0.0,0.16,0.88,0.08,0.256
24,,0.396,0.22,0.396,-0.02,0.14,0.86,0.06,0.236
25,4,0.164,0.2,0.588,0.98,0.332,0.84,-0.172,-0.084
26,4,-0.068,0.18,0.78,1.0,0.524,0.82,-0.404,-0.404
27,8,0.124,0.16,0.548,0.68,0.292,0.8,-0.212,0.596
28,8,0.316,0.14,0.316,0.36,0.06,0.78,-0.02,1.0
29,7,0.296,-0.092,-0.004,0.128,0.04,0.972,0.98,1.0
30,7,0.276,-0.324,-0.324,-0.104,0.02,1.0,1.0,1.0
31,3,0.256,-0.132,0.676,0.088,0.0,0.768,0.68,0.768
32,3,0.236,0.06,1.0,0.28,-0.02,0.536,0.36,0.536
33,5,-0.084,-0.172,0.98,0.472,0.98,0.728,0.34,0.304
34,5,-0.404,-0.404,0.96,0.664,1.0,0.92,0.32,0.072
35,1,0.596,-0.212,0.94,0.432,0.68,0.688,0.3,0.264
36,1,1.0,-0.02,0.92,0.2,0.36,0.456,0.28,0.456
37,2,1.0,0.98,1.0,0.18,0.128,0.136,0.048,0.436
38,2,1.0,1.0,1.0,0.16,-0.104,-0.184,-0.184,0.416
39,7,0.98,0.768,0.68,-0.072,-0.124,0.008,0.816,0.608
40,7,0.96,0.536,0.36,-0.304,-0.144,0.2,1.0,0.8
41,4,0.728,0.516,0.552,0.696,0.048,0.18,0.768,0.48
42,4,0.496,0.496,0.744,1.0,0.24,0.16,0.536,0.16
43,,0.476,0.476,0.724,0.98,0.22,0.14,0.516,0.14
44,,0.456,0.456,0.704,0.96,0.2,0.12,0.496,0.12
45,,0.436,0.436,0.684,0.94,0.18,0.1,0.476,0.1
46,,0.416,0.416,0.664,0.92,0.16,0.08,0.456,0.08
47,,0.396,0.396,0.644,0.9,0.14,0.06,0.436,0.06
48,,0.376,0.376,0.624,0.88,0.12,0.04,0.416,0.04
49,,0.356,0.356,0.604,0.86,0.1,0.02,0.396,0.02
50,,0.336,0.336,0.584,0.84,0.08,0.0,0.376,0.0
51,,0.316,0.316,0.564,0.82,0.06,-0.02,0.356,-0.02
52,6,0.084,-0.004,0.332,0.8,0.252,0.98,0.548,-0.04
53,6,-0.148,-0.324,0.1,0.78,0.444,1.0,0.74,-0.06
54,2,0.044,0.676,0.292,0.76,0.212,0.68,0.508,-0.08
55,2,0.236,1.0,0.484,0.74,-0.02,0.36,0.276,-0.1
56,8,0.428,0.98,0.252,0.42,-0.252,0.34,0.468,0.9
57,8,0.62,0.96,0.02,0.1,-0.484,0.32,0.66,1.0
58,5,0.3,0.728,0.0,0.292,0.516,0.512,0.64,0.768
59,5,-0.02,0.496,-0.02,0.484,1.0,0.704,0.62,0.536
60,1,0.98,0.688,-0.04,0.252,0.68,0.472,0.6,0.728
61,1,1.0,0.88,-0.06,0.02,0.36,0.24,0.58,0.92
62,3,0.98,1.0,0.94,0.212,0.34,0.008,0.26,0.688
63,3,0.96,1.0,1.0,0.404,0.32,-0.224,-0.06,0.456
64,6,0.728,0.68,0.768,0.384,0.512,0.776,0.132,0.436
65,6,0.496,0.36,0.536,0.364,0.704,1.0,0.324,0.416
66,,0.476,0.34,0.516,0.344,0.684,0.98,0.304,0.396
67,,0.456,0.32,0.496,0.324,0.664,0.96,0.284,0.376
68,,0.436,0.3,0.476,0.304,0.644,0.94,0.264,0.356
69,,0.416,0.28,0.456,0.284,0.624,0.92,0.244,0.336
70,,0.396,0.26,0.436,0.264,0.604,0.9,0.224,0.316
71,,0.376,0.24,0.416,0.244,0.584,0.88,0.204,0.296
72,,0.356,0.22,0.396,0.224,0.564,0.86,0.184,0.276
73,,0.336,0.2,0.376,0.204,0.544,0.84,0.164,0.256
74,,0.316,0.18,0.356,0.184,0.524,0.82,0.144,0.236
75,,0.296,0.16,0.336,0.164,0.504,0.8,0.124,0.216
76,,0.276,0.14,0.316,0.144,0.484,0.78,0.104,0.196
77,,0.256,0.12,0.296,0.124,0.464,0.76,0.084,0.176
78,,0.236,0.1,0.276,0.104,0.444,0.74,0.064,0.156
79,,0.216,0.08,0.256,0.084,0.424,0.72,0.044,0.136
80,,0.196,0.06,0.236,0.064,0.404,0.7,0.024,0.116
81,,0.176,0.04,0.216,0.044,0.384,0.68,0.004,0.096
82,,0.156,0.02,0.196,0.024,0.364,0.66,-0.016,0.076
83,7,0.136,-0.212,-0.124,-0.208,0.344,0.852,0.984,0.268
84,7,0.116,-0.444,-0.444,-0.44,0.324,1.0,1.0,0.46
85,2,0.308,0.556,-0.252,-0.46,0.092,0.68,0.768,0.44
86,2,0.5,1.0,-0.06,-0.48,-0.14,0.36,0.536,0.42
87,4,0.268,0.98,0.132,0.52,0.052,0.34,0.304,0.1
88,4,0.036,0.96,0.324,1.0,0.244,0.32,0.072,-0.22
89,8,0.228,0.94,0.092,0.68,0.012,0.3,0.264,0.78
90,8,0.42,0.92,-0.14,0.36,-0.22,0.28,0.456,1.0
91,5,0.1,0.688,-0.16,0.552,0.78,0.472,0.436,0.768
92,5,-0.22,0.456,-0.18,0.744,1.0,0.664,0.416,0.536
93,1,0.78,0.648,-0.2,0.512,0.68,0.432,0.396,0.728
94,1,1.0,0.84,-0.22,0.28,0.36,0.2,0.376,0.92
95,3,0.98,1.0,0.78,0.472,0.34,-0.032,0.056,0.688
96,3,0.96,1.0,1.0,0.664,0.32,-0.264,-0.264,0.456
97,7,0.94,0.768,0.68,0.432,0.3,-0.072,0.736,0.648
98,7,0.92,0.536,0.36,0.2,0.28,0.12,1.0,0.84
99,,0.9,0.516,0.34,0.18,0.26,0.1,0.98,0.82
100,,0.88,0.496,0.32,0.16,0.24,0.08,0.96,0.8
101,,0.86,0.476,0.3,0.14,0.22,0.06,0.94,0.78
102,,0.84,0.456,0.28,0.12,0.2,0.04,0.92,0.76
103,,0.82,0.436,0.26,0.1,0.18,0.02,0.9,0.74
104,,0.8,0.416,0.24,0.08,0.16,0.0,0.88,0.72
105,,0.78,0.396,0.22,0.06,0.14,-0.02,0.86,0.7
106,6,0.548,0.076,-0.012,0.04,0.332,0.98,1.0,0.68
107,6,0.316,-0.244,-0.244,0.02,0.524,1.0,1.0,0.66
108,3,0.296,-0.052,0.756,0.212,0.504,0.768,0.68,0.428
109,3,0.276,0.14,1.0,0.404,0.484,0.536,0.36,0.196
110,,0.256,0.12,0.98,0.384,0.464,0.516,0.34,0.176
111,,0.236,0.1,0.96,0.364,0.444,0.496,0.32,0.156
112,,0.216,0.08,0.94,0.344,0.424,0.476,0.3,0.136
113,,0.196,0.06,0.92,0.324,0.404,0.456,0.28,0.116
114,,0.176,0.04,0.9,0.304,0.384,0.436,0.26,0.096
115,,0.156,0.02,0.88,0.284,0.364,0.416,0.24,0.076
116,,0.136,0.0,0.86,0.264,0.344,0.396,0.22,0.056
117,,0.116,-0.02,0.84,0.244,0.324,0.376,0.2,0.036
118,2,0.308,0.98,1.0,0.224,0.092,0.056,-0.032,0.016
119,2,0.5,1.0,1.0,0.204,-0.14,-0.264,-0.264,-0.004
120,6,0.268,0.68,0.768,0.184,0.052,0.736,-0.072,-0.024
121,6,0.036,0.36,0.536,0.164,0.244,1.0,0.12,-0.044
122,8,0.228,0.34,0.304,-0.156,0.012,0.98,0.312,0.956
123,8,0.42,0.32,0.072,-0.476,-0.22,0.96,0.504,1.0
124,4,0.188,0.3,0.264,0.524,-0.028,0.94,0.272,0.68
125,4,-0.044,0.28,0.456,1.0,0.164,0.92,0.04,0.36
126,1,0.956,0.472,0.436,0.768,-0.156,0.688,0.02,0.552
127,1,1.0,0.664,0.416,0.536,-0.476,0.456,0.0,0.744
128,5,0.68,0.432,0.396,0.728,0.524,0.648,-0.02,0.512
129,5,0.36,0.2,0.376,0.92,1.0,0.84,-0.04,0.28
130,7,0.34,-0.032,0.056,0.688,0.98,1.0,0.96,0.472
131,7,0.32,-0.264,-0.264,0.456,0.96,1.0,1.0,0.664
132,2,0.512,0.736,-0.072,0.436,0.728,0.68,0.768,0.644
133,2,0.704,1.0,0.12,0.416,0.496,0.36,0.536,0.624
134,,0.684,0.98,0.1,0.396,0.476,0.34,0.516,0.604
135,,0.664,0.96,0.08,0.376,0.456,0.32,0.496,0.584
136,,0.644,0.94,0.06,0.356,0.436,0.3,0.476,0.564
137,,0.624,0.92,0.04,0.336,0.416,0.28,0.456,0.544
138,,0.604,0.9,0.02,0.316,0.396,0.26,0.436,0.524
139,,0.584,0.88,0.0,0.296,0.376,0.24,0.416,0.504
140,,0.564,0.86,-0.02,0.276,0.356,0.22,0.396,0.484
141,3,0.544,1.0,0.98,0.468,0.336,-0.012,0.076,0.252
142,3,0.524,1.0,1.0,0.66,0.316,-0.244,-0.244,0.02
143,7,0.504,0.768,0.68,0.428,0.296,-0.052,0.756,0.212
144,7,0.484,0.536,0.36,0.196,0.276,0.14,1.0,0.404
145,,0.464,0.516,0.34,0.176,0.256,0.12,0.98,0.384
146,,0.444,0.496,0.32,0.156,0.236,0.1,0.96,0.364
147,,0.424,0.476,0.3,0.136,0.216,0.08,0.94,0.344
148,,0.404,0.456,0.28,0.116,0.196,0.06,0.92,0.324
149,,0.384,0.436,0.26,0.096,0.176,0.04,0.9,0.304
150,,0.364,0.416,0.24,0.076,0.156,0.02,0.88,0.284
151,,0.344,0.396,0.22,0.056,0.136,0.0,0.86,0.264
152,,0.324,0.376,0.2,0.036,0.116,-0.02,0.84,0.244
153,6,0.092,0.056,-0.032,0.016,0.308,0.98,1.0,0.224
154,6,-0.14,-0.264,-0.264,-0.004,0.5,1.0,1.0,0.204
155,2,0.052,0.736,-0.072,-0.024,0.268,0.68,0.768,0.184
156,2,0.244,1.0,0.12,-0.044,0.036,0.36,0.536,0.164
157,4,0.012,0.98,0.312,0.956,0.228,0.34,0.304,-0.156
158,4,-0.22,0.96,0.504,1.0,0.42,0.32,0.072,-0.476
159,8,-0.028,0.94,0.272,0.68,0.188,0.3,0.264,0.524
160,8,0.164,0.92,0.04,0.36,-0.044,0.28,0.456,1.0
161,5,-0.156,0.688,0.02,0.552,0.956,0.472,0.436,0.768
162,5,-0.476,0.456,0.0,0.744,1.0,0.664,0.416,0.536
163,1,0.524,0.648,-0.02,0.512,0.68,0.432,0.396,0.728
164,1,1.0,0.84,-0.04,0.28,0.36,0.2,0.376,0.92
165,3,0.98,1.0,0.96,0.472,0.34,-0.032,0.056,0.688
166,3,0.96,1.0,1.0,0.664,0.32,-0.264,-0.264,0.456
167,7,0.94,0.768,0.68,0.432,0.3,-0.072,0.736,0.648
168,7,0.92,0.536,0.36,0.2,0.28,0.12,1.0,0.84
169,,0.9,0.516,0.34,0.18,0.26,0.1,0.98,0.82
170,,0.88,0.496,0.32,0.16,0.24,0.08,0.96,0.8
171,,0.86,0.476,0.3,0.14,0.22,0.06,0.94,0.78
172,,0.84,0.456,0.28,0.12,0.2,0.04,0.92,0.76
173,,0.82,0.436,0.26,0.1,0.18,0.02,0.9,0.74
174,,0.8,0.416,0.24,0.08,0.16,0.0,0.88,0.72
175,,0.78,0.396,0.22,0.06,0.14,-0.02,0.86,0.7
176,6,0.548,0.076,-0.012,0.04,0.332,0.98,1.0,0.68
177,6,0.316,-0.244,-0.244,0.02,0.524,1.0,1.0,0.66
178,2,0.508,0.756,-0.052,0.0,0.292,0.68,0.768,0.64
179,2,0.7,1.0,0.14,-0.02,0.06,0.36,0.536,0.62
180,4,0.468,0.98,0.332,0.98,0.252,0.34,0.304,0.3
181,4,0.236,0.96,0.524,1.0,0.444,0.32,0.072,-0.02
182,8,0.428,0.94,0.292,0.68,0.212,0.3,0.264,0.98
183,8,0.62,0.92,0.06,0.36,-0.02,0.28,0.456,1.0
184,5,0.3,0.688,0.04,0.552,0.98,0.472,0.436,0.768
185,5,-0.02,0.456,0.02,0.744,1.0,0.664,0.416,0.536
186,1,0.98,0.648,0.0,0.512,0.68,0.432,0.396,0.728
187,1,1.0,0.84,-0.02,0.28,0.36,0.2,0.376,0.92
188,3,0.98,1.0,0.98,0.472,0.34,-0.032,0.056,0.688
189,3,0.96,1.0,1.0,0.664,0.32,-0.264,-0.264,0.456
190,7,0.94,0.768,0.68,0.432,0.3,-0.072,0.736,0.648
191,7,0.92,0.536,0.36,0.2,0.28,0.12,1.0,0.84
192,,0.9,0.516,0.34,0.18,0.26,0.1,0.98,0.82
193,,0.88,0.496,0.32,0.16,0.24,0.08,0.96,0.8
194,,0.86,0.476,0.3,0.14,0.22,0.06,0.94,0.78
195,,0.84,0.456,0.28,0.12,0.2,0.04,0.92,0.76
196,,0.82,0.436,0.26,0.1,0.18,0.02,0.9,0.74
197,,0.8,0.416,0.24,0.08,0.16,0.0,0.88,0.72
198,,0.78,0.396,0.22,0.06,0.14,-0.02,0.86,0.7
199,6,0.548,0.076,-0.012,0.04,0.332,0.98,1.0,0.68
200,6,0.316,-0.244,-0.244,0.02,0.524,1.0,1.0,0.66
201,2,0.508,0.756,-0.052,0.0,0.292,0.68,0.768,0.64
202,2,0.7,1.0,0.14,-0.02,0.06,0.36,0.536,0.62
203,4,0.468,0.98,0.332,0.98,0.252,0.34,0.304,0.3
204,4,0.236,0.96,0.524,1.0,0.444,0.32,0.072,-0.02
205,8,0.428,0.94,0.292,0.68,0.212,0.3,0.264,0.98
206,8,0.62,0.92,0.06,0.36,-0.02,0.28,0.456,1.0
207,5,0.3,0.688,0.04,0.552,0.98,0.472,0.436,0.768
208,5,-0.02,0.456,0.02,0.744,1.0,0.664,0.416,0.536
209,1,0.98,0.648,0.0,0.512,0.68,0.432,0.396,0.728
210,1,1.0,0.84,-0.02,0.28,0.36,0.2,0.376,0.92
211,3,0.98,1.0,0.98,0.472,0.34,-0.032,0.056,0.688
212,3,0.96,1.0,1.0,0.664,0.32,-0.264,-0.264,0.456
213,7,0.94,0.768,0.68,0.432,0.3,-0.072,0.736,0.648
214,7,0.92,0.536,0.36,0.2,0.28,0.12,1.0,0.84
215,,0.9,0.516,0.34,0.18,0.26,0.1,0.98,0.82
216,,0.88,0.496,0.32,0.16,0.24,0.08,0.96,0.8
217,,0.86,0.476,0.3,0.14,0.22,0.06,0.94,0.78
218,,0.84,0.456,0.28,0.12,0.2,0.04,0.92,0.76
219,,0.82,0.436,0.26,0.1,0.18,0.02,0.9,0.74
220,,0.8,0.416,0.24,0.08,0.16,0.0,0.88,0.72
221,,0.78,0.396,0.22,0.06,0.14,-0.02,0.86,0.7
222,6,0.548,0.076,-0.012,0.04,0.332,0.98,1.0,0.68
223,6,0.316,-0.244,-0.244,0.02,0.524,1.0,1.0,0.66
224,2,0.508,0.756,-0.052,0.0,0.292,0.68,0.768,0.64
225,2,0.7,1.0,0.14,-0.02,0.06,0.36,0.536,0.62
226,4,0.468,0.98,0.332,0.98,0.252,0.34,0.304,0.3
227,4,0.236,0.96,0.524,1.0,0.444,0.32,0.072,-0.02
228,8,0.428,0.94,0.292,0.68,0.212,0.3,0.264,0.98
229,8,0.62,0.92,0.06,0.36,-0.02,0.28,0.456,1.0
230,5,0.3,0.688,0.04,0.552,0.98,0.472,0.436,0.768
231,5,-0.02,0.456,0.02,0.744,1.0,0.664,0.416,0.536
232,1,0.98,0.648,0.0,0.512,0.68,0.432,0.396,0.728
233,1,1.0,0.84,-0.02,0.28,0.36,0.2,0.376,0.92
234,3,0.98,1.0,0.98,0.472,0.34,-0.032,0.056,0.688
235,3,0.96,1.0,1.0,0.664,0.32,-0.264,-0.264,0.456
236,7,0.94,0.768,0.68,0.432,0.3,-0.072,0.736,0.648
237,7,0.92,0.536,0.36,0.2,0.28,0.12,1.0,0.84
238,,0.9,0.516,0.34,0.18,0.26,0.1,0.98,0.82
239,,0.88,0.496,0.32,0.16,0.24,0.08,0.96,0.8
240,,0.86,0.476,0.3,0.14,0.22,0.06,0.94,0.78
241,,0.84,0.456,0.28,0.12,0.2,0.04,0.92,0.76
242,,0.82,0.436,0.26,0.1,0.18,0.02,0.9,0.74
243,,0.8,0.416,0.24,0.08,0.16,0.0,0.88,0.72
244,,0.78,0.396,0.22,0.06,0.14,-0.02,0.86,0.7
245,6,0.548,0.076,-0.012,0.04,0.332,0.98,1.0,0.68
246,6,0.316,-0.244,-0.244,0.02,0.524,1.0,1.0,0.66
247,3,0.296,-0.052,0.756,0.212,0.504,0.768,0.68,0.428
248,3,0.276,0.14,1.0,0.404,0.484,0.536,0.36,0.196
249,,0.256,0.12,0.98,0.384,0.464,0.516,0.34,0.176
250,,0.236,0.1,0.96,0.364,0.444,0.496,0.32,0.156
251,,0.216,0.08,0.94,0.344,0.424,0.476,0.3,0.136
252,,0.196,0.06,0.92,0.324,0.404,0.456,0.28,0.116
253,,0.176,0.04,0.9,0.304,0.384,0.436,0.26,0.096
254,,0.156,0.02,0.88,0.284,0.364,0.416,0.24,0.076
255,,0.136,0.0,0.86,0.264,0.344,0.396,0.22,0.056
256,,0.116,-0.02,0.84,0.244,0.324,0.376,0.2,0.036
257,2,0.308,0.98,1.0,0.224,0.092,0.056,-0.032,0.016
258,2,0.5,1.0,1.0,0.204,-0.14,-0.264,-0.264,-0.004
259,6,0.268,0.68,0.768,0.184,0.052,0.736,-0.072,-0.024
260,6,0.036,0.36,0.536,0.164,0.244,1.0,0.12,-0.044
261,8,0.228,0.34,0.304,-0.156,0.012,0.98,0.312,0.956
262,8,0.42,0.32,0.072,-0.476,-0.22,0.96,0.504,1.0
263,4,0.188,0.3,0.264,0.524,-0.028,0.94,0.272,0.68
264,4,-0.044,0.28,0.456,1.0,0.164,0.92,0.04,0.36
265,1,0.956,0.472,0.436,0.768,-0.156,0.688,0.02,0.552
266,1,1.0,0.664,0.416,0.536,-0.476,0.456,0.0,0.744
267,5,0.68,0.432,0.396,0.728,0.524,0.648,-0.02,0.512
268,5,0.36,0.2,0.376,0.92,1.0,0.84,-0.04,0.28
269,7,0.34,-0.032,0.056,0.688,0.98,1.0,0.96,0.472
270,7,0.32,-0.264,-0.264,0.456,0.96,1.0,1.0,0.664
271,2,0.512,0.736,-0.072,0.436,0.728,0.68,0.768,0.644
272,2,0.704,1.0,0.12,0.416,0.496,0.36,0.536,0.624
273,,0.684,0.98,0.1,0.396,0.476,0.34,0.516,0.604
274,,0.664,0.96,0.08,0.376,0.456,0.32,0.496,0.584
275,,0.644,0.94,0.06,0.356,0.436,0.3,0.476,0.564
276,,0.624,0.92,0.04,0.336,0.416,0.28,0.456,0.544
277,,0.604,0.9,0.02,0.316,0.396,0.26,0.436,0.524
278,,0.584,0.88,0.0,0.296,0.376,0.24,0.416,0.504
279,,0.564,0.86,-0.02,0.276,0.356,0.22,0.396,0.484
280,3,0.544,1.0,0.98,0.468,0.336,-0.012,0.076,0.252
281,3,0.524,1.0,1.0,0.66,0.316,-0.244,-0.244,0.02
282,7,0.504,0.768,0.68,0.428,0.296,-0.052,0.756,0.212
283,7,0.484,0.536,0.36,0.196,0.276,0.14,1.0,0.404
284,,0.464,0.516,0.34,0.176,0.256,0.12,0.98,0.384
285,,0.444,0.496,0.32,0.156,0.236,0.1,0.96,0.364
286,,0.424,0.476,0.3,0.136,0.216,0.08,0.94,0.344
287,,0.404,0.456,0.28,0.116,0.196,0.06,0.92,0.324
288,,0.384,0.436,0.26,0.096,0.176,0.04,0.9,0.304
289,,0.364,0.416,0.24,0.076,0.156,0.02,0.88,0.284
290,,0.344,0.396,0.22,0.056,0.136,0.0,0.86,0.264
291,,0.324,0.376,0.2,0.036,0.116,-0.02,0.84,0.244
292,6,0.092,0.056,-0.032,0.016,0.308,0.98,1.0,0.224
293,6,-0.14,-0.264,-0.264,-0.004,0.5,1.0,1.0,0.204
294,2,0.052,0.736,-0.072,-0.024,0.268,0.68,0.768,0.184
295,2,0.244,1.0,0.12,-0.044,0.036,0.36,0.536,0.164
296,4,0.012,0.98,0.312,0.956,0.228,0.34,0.304,-0.156
297,4,-0.22,0.96,0.504,1.0,0.42,0.32,0.072,-0.476
298,8,-0.028,0.94,0.272,0.68,0.188,0.3,0.264,0.524
299,8,0.164,0.92,0.04,0.36,-0.044,0.28,0.456,1.0
300,5,-0.156,0.688,0.02,0.552,0.956,0.472,0.436,0.768
301,5,-0.476,0.456,0.0,0.744,1.0,0.664,0.416,0.536
302,1,0.524,0.648,-0.02,0.512,0.68,0.432,0.396,0.728
303,1,1.0,0.84,-0.04,0.28,0.36,0.2,0.376,0.92
304,3,0.98,1.0,0.96,0.472,0.34,-0.032,0.056,0.688
305,3,0.96,1.0,1.0,0.664,0.32,-0.264,-0.264,0.456
306,7,0.94,0.768,0.68,0.432,0.3,-0.072,0.736,0.648
307,7,0.92,0.536,0.36,0.2,0.28,0.12,1.0,0.84
308,,0.9,0.516,0.34,0.18,0.26,0.1,0.98,0.82
309,,0.88,0.496,0.32,0.16,0.24,0.08,0.96,0.8
310,,0.86,0.476,0.3,0.14,0.22,0.06,0.94,0.78
311,,0.84,0.456,0.28,0.12,0.2,0.04,0.92,0.76
312,,0.82,0.436,0.26,0.1,0.18,0.02,0.9,0.74
313,,0.8,0.416,0.24,0.08,0.16,0.0,0.88,0.72
314,,0.78,0.396,0.22,0.06,0.14,-0.02,0.86,0.7
315,6,0.548,0.076,-0.012,0.04,0.332,0.98,1.0,0.68
316,6,0.316,-0.244,-0.244,0.02,0.524,1.0,1.0,0.66
317,2,0.508,0.756,-0.052,0.0,0.292,0.68,0.768,0.64
318,2,0.7,1.0,0.14,-0.02,0.06,0.36,0.536,0.62
319,4,0.468,0.98,0.332,0.98,0.252,0.34,0.304,0.3
320,4,0.236,0.96,0.524,1.0,0.444,0.32,0.072,-0.02
321,8,0.428,0.94,0.292,0.68,0.212,0.3,0.264,0.98
322,8,0.62,0.92,0.06,0.36,-0.02,0.28,0.456,1.0
323,5,0.3,0.688,0.04,0.552,0.98,0.472,0.436,0.768
324,5,-0.02,0.456,0.02,0.744,1.0,0.664,0.416,0.536
325,1,0.98,0.648,0.0,0.512,0.68,0.432,0.396,0.728
326,1,1.0,0.84,-0.02,0.28,0.36,0.2,0.376,0.92
327,3,0.98,1.0,0.98,0.472,0.34,-0.032,0.056,0.688
328,3,0.96,1.0,1.0,0.664,0.32,-0.264,-0.264,0.456
329,7,0.94,0.768,0.68,0.432,0.3,-0.072,0.736,0.648
330,7,0.92,0.536,0.36,0.2,0.28,0.12,1.0,0.84
331,,0.9,0.516,0.34,0.18,0.26,0.1,0.98,0.82
332,,0.88,0.496,0.32,0.16,0.24,0.08,0.96,0.8
333,,0.86,0.476,0.3,0.14,0.22,0.06,0.94,0.78
334,,0.84,0.456,0.28,0.12,0.2,0.04,0.92,0.76
335,,0.82,0.436,0.26,0.1,0.18,0.02,0.9,0.74
336,,0.8,0.416,0.24,0.08,0.16,0.0,0.88,0.72
337,,0.78,0.396,0.22,0.06,0.14,-0.02,0.86,0.7
338,6,0.548,0.076,-0.012,0.04,0.332,0.98,1.0,0.68
339,6,0.316,-0.244,-0.244,0.02,0.524,1.0,1.0,0.66
340,3,0.296,-0.052,0.756,0.212,0.504,0.768,0.68,0.428
341,3,0.276,0.14,1.0,0.404,0.484,0.536,0.36,0.196
342,,0.256,0.12,0.98,0.384,0.464,0.516,0.34,0.176
343,,0.236,0.1,0.96,0.364,0.444,0.496,0.32,0.156
344,,0.216,0.08,0.94,0.344,0.424,0.476,0.3,0.136
345,,0.196,0.06,0.92,0.324,0.404,0.456,0.28,0.116
346,,0.176,0.04,0.9,0.304,0.384,0.436,0.26,0.096
347,,0.156,0.02,0.88,0.284,0.364,0.416,0.24,0.076
348,,0.136,0.0,0.86,0.264,0.344,0.396,0.22,0.056
349,,0.116,-0.02,0.84,0.244,0.324,0.376,0.2,0.036
350,2,0.308,0.98,1.0,0.224,0.092,0.056,-0.032,0.016
351,2,0.5,1.0,1.0,0.204,-0.14,-0.264,-0.264,-0.004
352,7,0.48,0.768,0.68,-0.028,-0.16,-0.072,0.736,0.188
353,7,0.46,0.536,0.36,-0.26,-0.18,0.12,1.0,0.38
354,4,0.228,0.516,0.552,0.74,0.012,0.1,0.768,0.06
355,4,-0.004,0.496,0.744,1.0,0.204,0.08,0.536,-0.26
356,8,0.188,0.476,0.512,0.68,-0.028,0.06,0.728,0.74
357,8,0.38,0.456,0.28,0.36,-0.26,0.04,0.92,1.0
358,5,0.06,0.224,0.26,0.552,0.74,0.232,0.9,0.768
359,5,-0.26,-0.008,0.24,0.744,1.0,0.424,0.88,0.536
360,1,0.74,0.184,0.22,0.512,0.68,0.192,0.86,0.728
361,1,1.0,0.376,0.2,0.28,0.36,-0.04,0.84,0.92
362,6,0.768,0.056,-0.032,0.26,0.552,0.96,1.0,0.9
363,6,0.536,-0.264,-0.264,0.24,0.744,1.0,1.0,0.88
364,3,0.516,-0.072,0.736,0.432,0.724,0.768,0.68,0.648
365,3,0.496,0.12,1.0,0.624,0.704,0.536,0.36,0.416
366,,0.476,0.1,0.98,0.604,0.684,0.516,0.34,0.396
367,,0.456,0.08,0.96,0.584,0.664,0.496,0.32,0.376
368,,0.436,0.06,0.94,0.564,0.644,0.476,0.3,0.356
369,,0.416,0.04,0.92,0.544,0.624,0.456,0.28,0.336
370,,0.396,0.02,0.9,0.524,0.604,0.436,0.26,0.316
371,,0.376,0.0,0.88,0.504,0.584,0.416,0.24,0.296
372,,0.356,-0.02,0.86,0.484,0.564,0.396,0.22,0.276
373,2,0.548,0.98,1.0,0.464,0.332,0.076,-0.012,0.256
374,2,0.74,1.0,1.0,0.444,0.1,-0.244,-0.244,0.236
375,7,0.72,0.768,0.68,0.212,0.08,-0.052,0.756,0.428
376,7,0.7,0.536,0.36,-0.02,0.06,0.14,1.0,0.62
377,4,0.468,0.516,0.552,0.98,0.252,0.12,0.768,0.3
378,4,0.236,0.496,0.744,1.0,0.444,0.1,0.536,-0.02
379,8,0.428,0.476,0.512,0.68,0.212,0.08,0.728,0.98
380,8,0.62,0.456,0.28,0.36,-0.02,0.06,0.92,1.0
381,5,0.3,0.224,0.26,0.552,0.98,0.252,0.9,0.768
382,5,-0.02,-0.008,0.24,0.744,1.0,0.444,0.88,0.536
383,1,0.98,0.184,0.22,0.512,0.68,0.212,0.86,0.728
384,1,1.0,0.376,0.2,0.28,0.36,-0.02,0.84,0.92
385,6,0.768,0.056,-0.032,0.26,0.552,0.98,1.0,0.9
386,6,0.536,-0.264,-0.264,0.24,0.744,1.0,1.0,0.88
387,3,0.516,-0.072,0.736,0.432,0.724,0.768,0.68,0.648
388,3,0.496,0.12,1.0,0.624,0.704,0.536,0.36,0.416
389,,0.476,0.1,0.98,0.604,0.684,0.516,0.34,0.396
390,,0.456,0.08,0.96,0.584,0.664,0.496,0.32,0.376
391,,0.436,0.06,0.94,0.564,0.644,0.476,0.3,0.356
392,,0.416,0.04,0.92,0.544,0.624,0.456,0.28,0.336
393,,0.396,0.02,0.9,0.524,0.604,0.436,0.26,0.316
394,,0.376,0.0,0.88,0.504,0.584,0.416,0.24,0.296
395,,0.356,-0.02,0.86,0.484,0.564,0.396,0.22,0.276
396,2,0.548,0.98,1.0,0.464,0.332,0.076,-0.012,0.256
397,2,0.74,1.0,1.0,0.444,0.1,-0.244,-0.244,0.236
398,6,0.508,0.68,0.768,0.424,0.292,0.756,-0.052,0.216
399,6,0.276,0.36,0.536,0.404,0.484,1.0,0.14,0.196
400,,0.256,0.34,0.516,0.384,0.464,0.98,0.12,0.176
401,,0.236,0.32,0.496,0.364,0.444,0.96,0.1,0.156
402,,0.216,0.3,0.476,0.344,0.424,0.94,0.08,0.136
403,,0.196,0.28,0.456,0.324,0.404,0.92,0.06,0.116
404,,0.176,0.26,0.436,0.304,0.384,0.9,0.04,0.096
405,,0.156,0.24,0.416,0.284,0.364,0.88,0.02,0.076
406,,0.136,0.22,0.396,0.264,0.344,0.86,0.0,0.056
407,,0.116,0.2,0.376,0.244,0.324,0.84,-0.02,0.036
408,7,0.096,-0.032,0.056,0.012,0.304,1.0,0.98,0.228
409,7,0.076,-0.264,-0.264,-0.22,0.284,1.0,1.0,0.42
410,2,0.268,0.736,-0.072,-0.24,0.052,0.68,0.768,0.4
411,2,0.46,1.0,0.12,-0.26,-0.18,0.36,0.536,0.38
412,4,0.228,0.98,0.312,0.74,0.012,0.34,0.304,0.06
413,4,-0.004,0.96,0.504,1.0,0.204,0.32,0.072,-0.26
414,8,0.188,0.94,0.272,0.68,-0.028,0.3,0.264,0.74
415,8,0.38,0.92,0.04,0.36,-0.26,0.28,0.456,1.0
416,5,0.06,0.688,0.02,0.552,0.74,0.472,0.436,0.768
417,5,-0.26,0.456,0.0,0.744,1.0,0.664,0.416,0.536
418,1,0.74,0.648,-0.02,0.512,0.68,0.432,0.396,0.728
419,1,1.0,0.84,-0.04,0.28,0.36,0.2,0.376,0.92
420,3,0.98,1.0,0.96,0.472,0.34,-0.032,0.056,0.688
421,3,0.96,1.0,1.0,0.664,0.32,-0.264,-0.264,0.456
422,6,0.728,0.68,0.768,0.644,0.512,0.736,-0.072,0.436
423,6,0.496,0.36,0.536,0.624,0.704,1.0,0.12,0.416
424,,0.476,0.34,0.516,0.604,0.684,0.98,0.1,0.396
425,,0.456,0.32,0.496,0.584,0.664,0.96,0.08,0.376
426,,0.436,0.3,0.476,0.564,0.644,0.94,0.06,0.356
427,,0.416,0.28,0.456,0.544,0.624,0.92,0.04,0.336
428,,0.396,0.26,0.436,0.524,0.604,0.9,0.02,0.316
429,,0.376,0.24,0.416,0.504,0.584,0.88,0.0,0.296
430,,0.356,0.22,0.396,0.484,0.564,0.86,-0.02,0.276
431,7,0.336,-0.012,0.076,0.252,0.544,1.0,0.98,0.468
432,7,0.316,-0.244,-0.244,0.02,0.524,1.0,1.0,0.66
433,3,0.296,-0.052,0.756,0.212,0.504,0.768,0.68,0.428
434,3,0.276,0.14,1.0,0.404,0.484,0.536,0.36,0.196
435,,0.256,0.12,0.98,0.384,0.464,0.516,0.34,0.176
436,,0.236,0.1,0.96,0.364,0.444,0.496,0.32,0.156
437,,0.216,0.08,0.94,0.344,0.424,0.476,0.3,0.136
438,,0.196,0.06,0.92,0.324,0.404,0.456,0.28,0.116
439,,0.176,0.04,0.9,0.304,0.384,0.436,0.26,0.096
440,,0.156,0.02,0.88,0.284,0.364,0.416,0.24,0.076
441,,0.136,0.0,0.86,0.264,0.344,0.396,0.22,0.056
442,,0.116,-0.02,0.84,0.244,0.324,0.376,0.2,0.036
443,2,0.308,0.98,1.0,0.224,0.092,0.056,-0.032,0.016
444,2,0.5,1.0,1.0,0.204,-0.14,-0.264,-0.264,-0.004
445,7,0.48,0.768,0.68,-0.028,-0.16,-0.072,0.736,0.188
446,7,0.46,0.536,0.36,-0.26,-0.18,0.12,1.0,0.38
447,4,0.228,0.516,0.552,0.74,0.012,0.1,0.768,0.06
448,4,-0.004,0.496,0.744,1.0,0.204,0.08,0.536,-0.26
449,8,0.188,0.476,0.512,0.68,-0.028,0.06,0.728,0.74
450,8,0.38,0.456,0.28,0.36,-0.26,0.04,0.92,1.0
451,5,0.06,0.224,0.26,0.552,0.74,0.232,0.9,0.768
452,5,-0.26,-0.008,0.24,0.744,1.0,0.424,0.88,0.536
453,1,0.74,0.184,0.22,0.512,0.68,0.192,0.86,0.728
454,1,1.0,0.376,0.2,0.28,0.36,-0.04,0.84,0.92
455,6,0.768,0.056,-0.032,0.26,0.552,0.96,1.0,0.9
456,6,0.536,-0.264,-0.264,0.24,0.744,1.0,1.0,0.88
457,3,0.516,-0.072,0.736,0.432,0.724,0.768,0.68,0.648
458,3,0.496,0.12,1.0,0.624,0.704,0.536,0.36,0.416
459,,0.476,0.1,0.98,0.604,0.684,0.516,0.34,0.396
460,,0.456,0.08,0.96,0.584,0.664,0.496,0.32,0.376
461,,0.436,0.06,0.94,0.564,0.644,0.476,0.3,0.356
462,,0.416,0.04,0.92,0.544,0.624,0.456,0.28,0.336
463,,0.396,0.02,0.9,0.524,0.604,0.436,0.26,0.316
464,,0.376,0.0,0.88,0.504,0.584,0.416,0.24,0.296
465,,0.356,-0.02,0.86,0.484,0.564,0.396,0.22,0.276
466,2,0.548,0.98,1.0,0.464,0.332,0.076,-0.012,0.256
467,2,0.74,1.0,1.0,0.444,0.1,-0.244,-0.244,0.236
468,7,0.72,0.768,0.68,0.212,0.08,-0.052,0.756,0.428
469,7,0.7,0.536,0.36,-0.02,0.06,0.14,1.0,0.62
470,4,0.468,0.516,0.552,0.98,0.252,0.12,0.768,0.3
471,4,0.236,0.496,0.744,1.0,0.444,0.1,0.536,-0.02
472,8,0.428,0.476,0.512,0.68,0.212,0.08,0.728,0.98
473,8,0.62,0.456,0.28,0.36,-0.02,0.06,0.92,1.0
474,5,0.3,0.224,0.26,0.552,0.98,0.252,0.9,0.768
475,5,-0.02,-0.008,0.24,0.744,1.0,0.444,0.88,0.536
476,1,0.98,0.184,0.22,0.512,0.68,0.212,0.86,0.728
477,1,1.0,0.376,0.2,0.28,0.36,-0.02,0.84,0.92
478,6,0.768,0.056,-0.032,0.26,0.552,0.98,1.0,0.9
479,6,0.536,-0.264,-0.264,0.24,0.744,1.0,1.0,0.88
480,2,0.728,0.736,-0.072,0.22,0.512,0.68,0.768,0.86
481,2,0.92,1.0,0.12,0.2,0.28,0.36,0.536,0.84
482,,0.9,0.98,0.1,0.18,0.26,0.34,0.516,0.82
483,,0.88,0.96,0.08,0.16,0.24,0.32,0.496,0.8
484,,0.86,0.94,0.06,0.14,0.22,0.3,0.476,0.78
485,,0.84,0.92,0.04,0.12,0.2,0.28,0.456,0.76
486,,0.82,0.9,0.02,0.1,0.18,0.26,0.436,0.74
487,,0.8,0.88,0.0,0.08,0.16,0.24,0.416,0.72
488,,0.78,0.86,-0.02,0.06,0.14,0.22,0.396,0.7
489,3,0.76,1.0,0.98,0.252,0.12,-0.012,0.076,0.468
490,3,0.74,1.0,1.0,0.444,0.1,-0.244,-0.244,0.236
491,6,0.508,0.68,0.768,0.424,0.292,0.756,-0.052,0.216
492,6,0.276,0.36,0.536,0.404,0.484,1.0,0.14,0.196
493,,0.256,0.34,0.516,0.384,0.464,0.98,0.12,0.176
494,,0.236,0.32,0.496,0.364,0.444,0.96,0.1,0.156
495,,0.216,0.3,0.476,0.344,0.424,0.94,0.08,0.136
496,,0.196,0.28,0.456,0.324,0.404,0.92,0.06,0.116
497,,0.176,0.26,0.436,0.304,0.384,0.9,0.04,0.096
498,,0.156,0.24,0.416,0.284,0.364,0.88,0.02,0.076
499,,0.136,0.22,0.396,0.264,0.344,0.86,0.0,0.056
