step,active_motive,motive_1,motive_2,motive_3,motive_4,motive_5,motive_6,motive_7,motive_8
0,,0.00515,0.02786,0.09083,0.02396,0.01449,0.04895,0.09857,0.02421
1,,-0.01485,0.00786,0.07083,0.00396,-0.00551,0.02895,0.07857,0.00421
2,1,0.98515,0.19986,0.05083,-0.22804,-0.32551,-0.20305,0.05857,0.19621
3,1,1.0,0.39186,0.03083,-0.46004,-0.64551,-0.43505,0.03857,0.38821
4,5,0.68,0.15986,0.01083,-0.26804,0.35449,-0.24305,0.01857,0.15621
5,5,0.36,-0.07214,-0.00917,-0.07604,1.0,-0.05105,-0.00143,-0.07579
6,4,0.128,-0.09214,0.18283,0.92396,1.0,-0.07105,-0.23343,-0.39579
7,4,-0.104,-0.11214,0.37483,1.0,1.0,-0.09105,-0.46543,-0.71579
8,8,0.088,-0.13214,0.14283,0.68,0.768,-0.11105,-0.27343,0.28421
9,8,0.28,-0.15214,-0.08917,0.36,0.536,-0.13105,-0.08143,1.0
10,2,0.472,0.84786,0.10283,0.34,0.304,-0.45105,-0.31343,0.98
11,2,0.664,1.0,0.29483,0.32,0.072,-0.77105,-0.54543,0.96
12,6,0.432,0.68,0.06283,0.3,0.264,0.22895,-0.35343,0.94
13,6,0.2,0.36,-0.16917,0.28,0.456,1.0,-0.16143,0.92
14,3,0.18,0.552,0.83083,0.472,0.436,0.768,-0.48143,0.688
15,3,0.16,0.744,1.0,0.664,0.416,0.536,-0.80143,0.456
16,7,0.14,0.512,0.68,0.432,0.396,0.728,0.19857,0.648
17,7,0.12,0.28,0.36,0.2,0.376,0.92,1.0,0.84
18,,0.1,0.26,0.34,0.18,0.356,0.9,0.98,0.82
19,,0.08,0.24,0.32,0.16,0.336,0.88,0.96,0.8
20,,0.06,0.22,0.3,0.14,0.316,0.86,0.94,0.78
21,,0.04,0.2,0.28,0.12,0.296,0.84,0.92,0.76
22,,0.02,0.18,0.26,0.1,0.276,0.82,0.9,0.74
23,,0.0,0.16,0.24,0.08,0.256,0.8,0.88,0.72
24,,-0.02,0.14,0.22,0.06,0.236,0.78,0.86,0.7
25,1,0.98,0.332,0.2,-0.172,-0.084,0.548,0.84,0.892
26,1,1.0,0.524,0.18,-0.404,-0.404,0.316,0.82,1.0
27,5,0.68,0.292,0.16,-0.212,0.596,0.508,0.8,0.768
28,5,0.36,0.06,0.14,-0.02,1.0,0.7,0.78,0.536
29,4,0.128,0.04,0.332,0.98,1.0,0.68,0.548,0.216
30,4,-0.104,0.02,0.524,1.0,1.0,0.66,0.316,-0.104
31,1,0.896,0.212,0.504,0.768,0.68,0.428,0.296,0.088
32,1,1.0,0.404,0.484,0.536,0.36,0.196,0.276,0.28
33,,0.98,0.384,0.464,0.516,0.34,0.176,0.256,0.26
34,,0.96,0.364,0.444,0.496,0.32,0.156,0.236,0.24
35,,0.94,0.344,0.424,0.476,0.3,0.136,0.216,0.22
36,,0.92,0.324,0.404,0.456,0.28,0.116,0.196,0.2
37,,0.9,0.304,0.384,0.436,0.26,0.096,0.176,0.18
38,,0.88,0.284,0.364,0.416,0.24,0.076,0.156,0.16
39,,0.86,0.264,0.344,0.396,0.22,0.056,0.136,0.14
40,,0.84,0.244,0.324,0.376,0.2,0.036,0.116,0.12
41,,0.82,0.224,0.304,0.356,0.18,0.016,0.096,0.1
42,,0.8,0.204,0.284,0.336,0.16,-0.004,0.076,0.08
43,6,0.568,-0.116,0.052,0.316,0.352,0.996,0.268,0.06
44,6,0.336,-0.436,-0.18,0.296,0.544,1.0,0.46,0.04
45,2,0.528,0.564,0.012,0.276,0.312,0.68,0.228,0.02
46,2,0.72,1.0,0.204,0.256,0.08,0.36,-0.004,0.0
47,7,0.7,0.768,-0.116,0.024,0.06,0.552,0.996,0.192
48,7,0.68,0.536,-0.436,-0.208,0.04,0.744,1.0,0.384
49,3,0.66,0.728,0.564,-0.016,0.02,0.512,0.68,0.152
50,3,0.64,0.92,1.0,0.176,0.0,0.28,0.36,-0.08
51,8,0.832,0.9,0.768,-0.144,-0.232,0.26,0.552,0.92
52,8,1.0,0.88,0.536,-0.464,-0.464,0.24,0.744,1.0
53,4,0.768,0.86,0.728,0.536,-0.272,0.22,0.512,0.68
54,4,0.536,0.84,0.92,1.0,-0.08,0.2,0.28,0.36
55,5,0.216,0.608,0.9,1.0,0.92,0.392,0.26,0.128
56,5,-0.104,0.376,0.88,1.0,1.0,0.584,0.24,-0.104
57,8,0.088,0.356,0.648,0.68,0.768,0.564,0.432,0.896
58,8,0.28,0.336,0.416,0.36,0.536,0.544,0.624,1.0
59,,0.26,0.316,0.396,0.34,0.516,0.524,0.604,0.98
60,,0.24,0.296,0.376,0.32,0.496,0.504,0.584,0.96
61,,0.22,0.276,0.356,0.3,0.476,0.484,0.564,0.94
62,,0.2,0.256,0.336,0.28,0.456,0.464,0.544,0.92
63,,0.18,0.236,0.316,0.26,0.436,0.444,0.524,0.9
64,,0.16,0.216,0.296,0.24,0.416,0.424,0.504,0.88
65,,0.14,0.196,0.276,0.22,0.396,0.404,0.484,0.86
66,,0.12,0.176,0.256,0.2,0.376,0.384,0.464,0.84
67,,0.1,0.156,0.236,0.18,0.356,0.364,0.444,0.82
68,,0.08,0.136,0.216,0.16,0.336,0.344,0.424,0.8
69,,0.06,0.116,0.196,0.14,0.316,0.324,0.404,0.78
70,,0.04,0.096,0.176,0.12,0.296,0.304,0.384,0.76
71,,0.02,0.076,0.156,0.1,0.276,0.284,0.364,0.74
72,,0.0,0.056,0.136,0.08,0.256,0.264,0.344,0.72
73,,-0.02,0.036,0.116,0.06,0.236,0.244,0.324,0.7
74,1,0.98,0.228,0.096,-0.172,-0.084,0.012,0.304,0.892
75,1,1.0,0.42,0.076,-0.404,-0.404,-0.22,0.284,1.0
76,4,0.768,0.4,0.268,0.596,-0.212,-0.24,0.052,0.68
77,4,0.536,0.38,0.46,1.0,-0.02,-0.26,-0.18,0.36
78,6,0.304,0.06,0.228,0.98,0.172,0.74,0.012,0.34
79,6,0.072,-0.26,-0.004,0.96,0.364,1.0,0.204,0.32
80,2,0.264,0.74,0.188,0.94,0.132,0.68,-0.028,0.3
81,2,0.456,1.0,0.38,0.92,-0.1,0.36,-0.26,0.28
82,7,0.436,0.768,0.06,0.688,-0.12,0.552,0.74,0.472
83,7,0.416,0.536,-0.26,0.456,-0.14,0.744,1.0,0.664
84,3,0.396,0.728,0.74,0.648,-0.16,0.512,0.68,0.432
85,3,0.376,0.92,1.0,0.84,-0.18,0.28,0.36,0.2
86,5,0.056,0.688,0.98,1.0,0.82,0.472,0.34,-0.032
87,5,-0.264,0.456,0.96,1.0,1.0,0.664,0.32,-0.264
88,1,0.736,0.648,0.94,0.768,0.68,0.432,0.3,-0.072
89,1,1.0,0.84,0.92,0.536,0.36,0.2,0.28,0.12
90,,0.98,0.82,0.9,0.516,0.34,0.18,0.26,0.1
91,,0.96,0.8,0.88,0.496,0.32,0.16,0.24,0.08
92,,0.94,0.78,0.86,0.476,0.3,0.14,0.22,0.06
93,,0.92,0.76,0.84,0.456,0.28,0.12,0.2,0.04
94,,0.9,0.74,0.82,0.436,0.26,0.1,0.18,0.02
95,,0.88,0.72,0.8,0.416,0.24,0.08,0.16,0.0
96,,0.86,0.7,0.78,0.396,0.22,0.06,0.14,-0.02
97,8,1.0,0.68,0.548,0.076,-0.012,0.04,0.332,0.98
98,8,1.0,0.66,0.316,-0.244,-0.244,0.02,0.524,1.0
99,4,0.768,0.64,0.508,0.756,-0.052,0.0,0.292,0.68
100,4,0.536,0.62,0.7,1.0,0.14,-0.02,0.06,0.36
101,6,0.304,0.3,0.468,0.98,0.332,0.98,0.252,0.34
102,6,0.072,-0.02,0.236,0.96,0.524,1.0,0.444,0.32
103,2,0.264,0.98,0.428,0.94,0.292,0.68,0.212,0.3
104,2,0.456,1.0,0.62,0.92,0.06,0.36,-0.02,0.28
105,7,0.436,0.768,0.3,0.688,0.04,0.552,0.98,0.472
106,7,0.416,0.536,-0.02,0.456,0.02,0.744,1.0,0.664
107,3,0.396,0.728,0.98,0.648,0.0,0.512,0.68,0.432
108,3,0.376,0.92,1.0,0.84,-0.02,0.28,0.36,0.2
109,5,0.056,0.688,0.98,1.0,0.98,0.472,0.34,-0.032
110,5,-0.264,0.456,0.96,1.0,1.0,0.664,0.32,-0.264
111,8,-0.072,0.436,0.728,0.68,0.768,0.644,0.512,0.736
112,8,0.12,0.416,0.496,0.36,0.536,0.624,0.704,1.0
113,,0.1,0.396,0.476,0.34,0.516,0.604,0.684,0.98
114,,0.08,0.376,0.456,0.32,0.496,0.584,0.664,0.96
115,,0.06,0.356,0.436,0.3,0.476,0.564,0.644,0.94
116,,0.04,0.336,0.416,0.28,0.456,0.544,0.624,0.92
117,,0.02,0.316,0.396,0.26,0.436,0.524,0.604,0.9
118,,0.0,0.296,0.376,0.24,0.416,0.504,0.584,0.88
119,,-0.02,0.276,0.356,0.22,0.396,0.484,0.564,0.86
120,1,0.98,0.468,0.336,-0.012,0.076,0.252,0.544,1.0
121,1,1.0,0.66,0.316,-0.244,-0.244,0.02,0.524,1.0
122,5,0.68,0.428,0.296,-0.052,0.756,0.212,0.504,0.768
123,5,0.36,0.196,0.276,0.14,1.0,0.404,0.484,0.536
124,,0.34,0.176,0.256,0.12,0.98,0.384,0.464,0.516
125,,0.32,0.156,0.236,0.1,0.96,0.364,0.444,0.496
126,,0.3,0.136,0.216,0.08,0.94,0.344,0.424,0.476
127,,0.28,0.116,0.196,0.06,0.92,0.324,0.404,0.456
128,,0.26,0.096,0.176,0.04,0.9,0.304,0.384,0.436
129,,0.24,0.076,0.156,0.02,0.88,0.284,0.364,0.416
130,,0.22,0.056,0.136,0.0,0.86,0.264,0.344,0.396
131,,0.2,0.036,0.116,-0.02,0.84,0.244,0.324,0.376
132,4,-0.032,0.016,0.308,0.98,1.0,0.224,0.092,0.056
133,4,-0.264,-0.004,0.5,1.0,1.0,0.204,-0.14,-0.264
134,1,0.736,0.188,0.48,0.768,0.68,-0.028,-0.16,-0.072
135,1,1.0,0.38,0.46,0.536,0.36,-0.26,-0.18,0.12
136,6,0.768,0.06,0.228,0.516,0.552,0.74,0.012,0.1
137,6,0.536,-0.26,-0.004,0.496,0.744,1.0,0.204,0.08
138,2,0.728,0.74,0.188,0.476,0.512,0.68,-0.028,0.06
139,2,0.92,1.0,0.38,0.456,0.28,0.36,-0.26,0.04
140,7,0.9,0.768,0.06,0.224,0.26,0.552,0.74,0.232
141,7,0.88,0.536,-0.26,-0.008,0.24,0.744,1.0,0.424
142,3,0.86,0.728,0.74,0.184,0.22,0.512,0.68,0.192
143,3,0.84,0.92,1.0,0.376,0.2,0.28,0.36,-0.04
144,8,1.0,0.9,0.768,0.056,-0.032,0.26,0.552,0.96
145,8,1.0,0.88,0.536,-0.264,-0.264,0.24,0.744,1.0
146,5,0.68,0.648,0.516,-0.072,0.736,0.432,0.724,0.768
147,5,0.36,0.416,0.496,0.12,1.0,0.624,0.704,0.536
148,,0.34,0.396,0.476,0.1,0.98,0.604,0.684,0.516
149,,0.32,0.376,0.456,0.08,0.96,0.584,0.664,0.496
150,,0.3,0.356,0.436,0.06,0.94,0.564,0.644,0.476
151,,0.28,0.336,0.416,0.04,0.92,0.544,0.624,0.456
152,,0.26,0.316,0.396,0.02,0.9,0.524,0.604,0.436
153,,0.24,0.296,0.376,0.0,0.88,0.504,0.584,0.416
154,,0.22,0.276,0.356,-0.02,0.86,0.484,0.564,0.396
155,4,-0.012,0.256,0.548,0.98,1.0,0.464,0.332,0.076
156,4,-0.244,0.236,0.74,1.0,1.0,0.444,0.1,-0.244
157,8,-0.052,0.216,0.508,0.68,0.768,0.424,0.292,0.756
158,8,0.14,0.196,0.276,0.36,0.536,0.404,0.484,1.0
159,,0.12,0.176,0.256,0.34,0.516,0.384,0.464,0.98
160,,0.1,0.156,0.236,0.32,0.496,0.364,0.444,0.96
161,,0.08,0.136,0.216,0.3,0.476,0.344,0.424,0.94
162,,0.06,0.116,0.196,0.28,0.456,0.324,0.404,0.92
163,,0.04,0.096,0.176,0.26,0.436,0.304,0.384,0.9
164,,0.02,0.076,0.156,0.24,0.416,0.284,0.364,0.88
165,,0.0,0.056,0.136,0.22,0.396,0.264,0.344,0.86
166,,-0.02,0.036,0.116,0.2,0.376,0.244,0.324,0.84
167,1,0.98,0.228,0.096,-0.032,0.056,0.012,0.304,1.0
168,1,1.0,0.42,0.076,-0.264,-0.264,-0.22,0.284,1.0
169,5,0.68,0.188,0.056,-0.072,0.736,-0.028,0.264,0.768
170,5,0.36,-0.044,0.036,0.12,1.0,0.164,0.244,0.536
171,2,0.552,0.956,0.228,0.1,0.768,-0.156,0.012,0.516
172,2,0.744,1.0,0.42,0.08,0.536,-0.476,-0.22,0.496
173,6,0.512,0.68,0.188,0.06,0.728,0.524,-0.028,0.476
174,6,0.28,0.36,-0.044,0.04,0.92,1.0,0.164,0.456
175,3,0.26,0.552,0.956,0.232,0.9,0.768,-0.156,0.224
176,3,0.24,0.744,1.0,0.424,0.88,0.536,-0.476,-0.008
177,7,0.22,0.512,0.68,0.192,0.86,0.728,0.524,0.184
178,7,0.2,0.28,0.36,-0.04,0.84,0.92,1.0,0.376
179,4,-0.032,0.26,0.552,0.96,1.0,0.9,0.768,0.056
180,4,-0.264,0.24,0.744,1.0,1.0,0.88,0.536,-0.264
181,8,-0.072,0.22,0.512,0.68,0.768,0.86,0.728,0.736
182,8,0.12,0.2,0.28,0.36,0.536,0.84,0.92,1.0
183,,0.1,0.18,0.26,0.34,0.516,0.82,0.9,0.98
184,,0.08,0.16,0.24,0.32,0.496,0.8,0.88,0.96
185,,0.06,0.14,0.22,0.3,0.476,0.78,0.86,0.94
186,,0.04,0.12,0.2,0.28,0.456,0.76,0.84,0.92
187,,0.02,0.1,0.18,0.26,0.436,0.74,0.82,0.9
188,,0.0,0.08,0.16,0.24,0.416,0.72,0.8,0.88
189,,-0.02,0.06,0.14,0.22,0.396,0.7,0.78,0.86
190,1,0.98,0.252,0.12,-0.012,0.076,0.468,0.76,1.0
191,1,1.0,0.444,0.1,-0.244,-0.244,0.236,0.74,1.0
192,4,0.768,0.424,0.292,0.756,-0.052,0.216,0.508,0.68
193,4,0.536,0.404,0.484,1.0,0.14,0.196,0.276,0.36
194,,0.516,0.384,0.464,0.98,0.12,0.176,0.256,0.34
195,,0.496,0.364,0.444,0.96,0.1,0.156,0.236,0.32
196,,0.476,0.344,0.424,0.94,0.08,0.136,0.216,0.3
197,,0.456,0.324,0.404,0.92,0.06,0.116,0.196,0.28
198,,0.436,0.304,0.384,0.9,0.04,0.096,0.176,0.26
199,,0.416,0.284,0.364,0.88,0.02,0.076,0.156,0.24
200,,0.396,0.264,0.344,0.86,0.0,0.056,0.136,0.22
201,,0.376,0.244,0.324,0.84,-0.02,0.036,0.116,0.2
202,5,0.056,0.012,0.304,1.0,0.98,0.228,0.096,-0.032
203,5,-0.264,-0.22,0.284,1.0,1.0,0.42,0.076,-0.264
204,1,0.736,-0.028,0.264,0.768,0.68,0.188,0.056,-0.072
205,1,1.0,0.164,0.244,0.536,0.36,-0.044,0.036,0.12
206,6,0.768,-0.156,0.012,0.516,0.552,0.956,0.228,0.1
207,6,0.536,-0.476,-0.22,0.496,0.744,1.0,0.42,0.08
208,2,0.728,0.524,-0.028,0.476,0.512,0.68,0.188,0.06
209,2,0.92,1.0,0.164,0.456,0.28,0.36,-0.044,0.04
210,7,0.9,0.768,-0.156,0.224,0.26,0.552,0.956,0.232
211,7,0.88,0.536,-0.476,-0.008,0.24,0.744,1.0,0.424
212,3,0.86,0.728,0.524,0.184,0.22,0.512,0.68,0.192
213,3,0.84,0.92,1.0,0.376,0.2,0.28,0.36,-0.04
214,8,1.0,0.9,0.768,0.056,-0.032,0.26,0.552,0.96
215,8,1.0,0.88,0.536,-0.264,-0.264,0.24,0.744,1.0
216,5,0.68,0.648,0.516,-0.072,0.736,0.432,0.724,0.768
217,5,0.36,0.416,0.496,0.12,1.0,0.624,0.704,0.536
218,,0.34,0.396,0.476,0.1,0.98,0.604,0.684,0.516
219,,0.32,0.376,0.456,0.08,0.96,0.584,0.664,0.496
220,,0.3,0.356,0.436,0.06,0.94,0.564,0.644,0.476
221,,0.28,0.336,0.416,0.04,0.92,0.544,0.624,0.456
222,,0.26,0.316,0.396,0.02,0.9,0.524,0.604,0.436
223,,0.24,0.296,0.376,0.0,0.88,0.504,0.584,0.416
224,,0.22,0.276,0.356,-0.02,0.86,0.484,0.564,0.396
225,4,-0.012,0.256,0.548,0.98,1.0,0.464,0.332,0.076
226,4,-0.244,0.236,0.74,1.0,1.0,0.444,0.1,-0.244
227,8,-0.052,0.216,0.508,0.68,0.768,0.424,0.292,0.756
228,8,0.14,0.196,0.276,0.36,0.536,0.404,0.484,1.0
229,,0.12,0.176,0.256,0.34,0.516,0.384,0.464,0.98
230,,0.1,0.156,0.236,0.32,0.496,0.364,0.444,0.96
231,,0.08,0.136,0.216,0.3,0.476,0.344,0.424,0.94
232,,0.06,0.116,0.196,0.28,0.456,0.324,0.404,0.92
233,,0.04,0.096,0.176,0.26,0.436,0.304,0.384,0.9
234,,0.02,0.076,0.156,0.24,0.416,0.284,0.364,0.88
235,,0.0,0.056,0.136,0.22,0.396,0.264,0.344,0.86
236,,-0.02,0.036,0.116,0.2,0.376,0.244,0.324,0.84
237,1,0.98,0.228,0.096,-0.032,0.056,0.012,0.304,1.0
238,1,1.0,0.42,0.076,-0.264,-0.264,-0.22,0.284,1.0
239,4,0.768,0.4,0.268,0.736,-0.072,-0.24,0.052,0.68
240,4,0.536,0.38,0.46,1.0,0.12,-0.26,-0.18,0.36
241,6,0.304,0.06,0.228,0.98,0.312,0.74,0.012,0.34
242,6,0.072,-0.26,-0.004,0.96,0.504,1.0,0.204,0.32
243,2,0.264,0.74,0.188,0.94,0.272,0.68,-0.028,0.3
244,2,0.456,1.0,0.38,0.92,0.04,0.36,-0.26,0.28
245,7,0.436,0.768,0.06,0.688,0.02,0.552,0.74,0.472
246,7,0.416,0.536,-0.26,0.456,0.0,0.744,1.0,0.664
247,3,0.396,0.728,0.74,0.648,-0.02,0.512,0.68,0.432
248,3,0.376,0.92,1.0,0.84,-0.04,0.28,0.36,0.2
249,5,0.056,0.688,0.98,1.0,0.96,0.472,0.34,-0.032
250,5,-0.264,0.456,0.96,1.0,1.0,0.664,0.32,-0.264
251,1,0.736,0.648,0.94,0.768,0.68,0.432,0.3,-0.072
252,1,1.0,0.84,0.92,0.536,0.36,0.2,0.28,0.12
253,,0.98,0.82,0.9,0.516,0.34,0.18,0.26,0.1
254,,0.96,0.8,0.88,0.496,0.32,0.16,0.24,0.08
255,,0.94,0.78,0.86,0.476,0.3,0.14,0.22,0.06
256,,0.92,0.76,0.84,0.456,0.28,0.12,0.2,0.04
257,,0.9,0.74,0.82,0.436,0.26,0.1,0.18,0.02
258,,0.88,0.72,0.8,0.416,0.24,0.08,0.16,0.0
259,,0.86,0.7,0.78,0.396,0.22,0.06,0.14,-0.02
260,8,1.0,0.68,0.548,0.076,-0.012,0.04,0.332,0.98
261,8,1.0,0.66,0.316,-0.244,-0.244,0.02,0.524,1.0
262,5,0.68,0.428,0.296,-0.052,0.756,0.212,0.504,0.768
263,5,0.36,0.196,0.276,0.14,1.0,0.404,0.484,0.536
264,,0.34,0.176,0.256,0.12,0.98,0.384,0.464,0.516
265,,0.32,0.156,0.236,0.1,0.96,0.364,0.444,0.496
266,,0.3,0.136,0.216,0.08,0.94,0.344,0.424,0.476
267,,0.28,0.116,0.196,0.06,0.92,0.324,0.404,0.456
268,,0.26,0.096,0.176,0.04,0.9,0.304,0.384,0.436
269,,0.24,0.076,0.156,0.02,0.88,0.284,0.364,0.416
270,,0.22,0.056,0.136,0.0,0.86,0.264,0.344,0.396
271,,0.2,0.036,0.116,-0.02,0.84,0.244,0.324,0.376
272,4,-0.032,0.016,0.308,0.98,1.0,0.224,0.092,0.056
273,4,-0.264,-0.004,0.5,1.0,1.0,0.204,-0.14,-0.264
274,1,0.736,0.188,0.48,0.768,0.68,-0.028,-0.16,-0.072
275,1,1.0,0.38,0.46,0.536,0.36,-0.26,-0.18,0.12
276,6,0.768,0.06,0.228,0.516,0.552,0.74,0.012,0.1
277,6,0.536,-0.26,-0.004,0.496,0.744,1.0,0.204,0.08
278,2,0.728,0.74,0.188,0.476,0.512,0.68,-0.028,0.06
279,2,0.92,1.0,0.38,0.456,0.28,0.36,-0.26,0.04
280,7,0.9,0.768,0.06,0.224,0.26,0.552,0.74,0.232
281,7,0.88,0.536,-0.26,-0.008,0.24,0.744,1.0,0.424
282,3,0.86,0.728,0.74,0.184,0.22,0.512,0.68,0.192
283,3,0.84,0.92,1.0,0.376,0.2,0.28,0.36,-0.04
284,8,1.0,0.9,0.768,0.056,-0.032,0.26,0.552,0.96
285,8,1.0,0.88,0.536,-0.264,-0.264,0.24,0.744,1.0
286,5,0.68,0.648,0.516,-0.072,0.736,0.432,0.724,0.768
287,5,0.36,0.416,0.496,0.12,1.0,0.624,0.704,0.536
288,,0.34,0.396,0.476,0.1,0.98,0.604,0.684,0.516
289,,0.32,0.376,0.456,0.08,0.96,0.584,0.664,0.496
290,,0.3,0.356,0.436,0.06,0.94,0.564,0.644,0.476
291,,0.28,0.336,0.416,0.04,0.92,0.544,0.624,0.456
292,,0.26,0.316,0.396,0.02,0.9,0.524,0.604,0.436
293,,0.24,0.296,0.376,0.0,0.88,0.504,0.584,0.416
294,,0.22,0.276,0.356,-0.02,0.86,0.484,0.564,0.396
295,4,-0.012,0.256,0.548,0.98,1.0,0.464,0.332,0.076
296,4,-0.244,0.236,0.74,1.0,1.0,0.444,0.1,-0.244
297,8,-0.052,0.216,0.508,0.68,0.768,0.424,0.292,0.756
298,8,0.14,0.196,0.276,0.36,0.536,0.404,0.484,1.0
299,,0.12,0.176,0.256,0.34,0.516,0.384,0.464,0.98
300,,0.1,0.156,0.236,0.32,0.496,0.364,0.444,0.96
301,,0.08,0.136,0.216,0.3,0.476,0.344,0.424,0.94
302,,0.06,0.116,0.196,0.28,0.456,0.324,0.404,0.92
303,,0.04,0.096,0.176,0.26,0.436,0.304,0.384,0.9
304,,0.02,0.076,0.156,0.24,0.416,0.284,0.364,0.88
305,,0.0,0.056,0.136,0.22,0.396,0.264,0.344,0.86
306,,-0.02,0.036,0.116,0.2,0.376,0.244,0.324,0.84
307,1,0.98,0.228,0.096,-0.032,0.056,0.012,0.304,1.0
308,1,1.0,0.42,0.076,-0.264,-0.264,-0.22,0.284,1.0
309,4,0.768,0.4,0.268,0.736,-0.072,-0.24,0.052,0.68
310,4,0.536,0.38,0.46,1.0,0.12,-0.26,-0.18,0.36
311,6,0.304,0.06,0.228,0.98,0.312,0.74,0.012,0.34
312,6,0.072,-0.26,-0.004,0.96,0.504,1.0,0.204,0.32
313,2,0.264,0.74,0.188,0.94,0.272,0.68,-0.028,0.3
314,2,0.456,1.0,0.38,0.92,0.04,0.36,-0.26,0.28
315,7,0.436,0.768,0.06,0.688,0.02,0.552,0.74,0.472
316,7,0.416,0.536,-0.26,0.456,0.0,0.744,1.0,0.664
317,3,0.396,0.728,0.74,0.648,-0.02,0.512,0.68,0.432
318,3,0.376,0.92,1.0,0.84,-0.04,0.28,0.36,0.2
319,5,0.056,0.688,0.98,1.0,0.96,0.472,0.34,-0.032
320,5,-0.264,0.456,0.96,1.0,1.0,0.664,0.32,-0.264
321,1,0.736,0.648,0.94,0.768,0.68,0.432,0.3,-0.072
322,1,1.0,0.84,0.92,0.536,0.36,0.2,0.28,0.12
323,,0.98,0.82,0.9,0.516,0.34,0.18,0.26,0.1
324,,0.96,0.8,0.88,0.496,0.32,0.16,0.24,0.08
325,,0.94,0.78,0.86,0.476,0.3,0.14,0.22,0.06
326,,0.92,0.76,0.84,0.456,0.28,0.12,0.2,0.04
327,,0.9,0.74,0.82,0.436,0.26,0.1,0.18,0.02
328,,0.88,0.72,0.8,0.416,0.24,0.08,0.16,0.0
329,,0.86,0.7,0.78,0.396,0.22,0.06,0.14,-0.02
330,8,1.0,0.68,0.548,0.076,-0.012,0.04,0.332,0.98
331,8,1.0,0.66,0.316,-0.244,-0.244,0.02,0.524,1.0
332,5,0.68,0.428,0.296,-0.052,0.756,0.212,0.504,0.768
333,5,0.36,0.196,0.276,0.14,1.0,0.404,0.484,0.536
334,,0.34,0.176,0.256,0.12,0.98,0.384,0.464,0.516
335,,0.32,0.156,0.236,0.1,0.96,0.364,0.444,0.496
336,,0.3,0.136,0.216,0.08,0.94,0.344,0.424,0.476
337,,0.28,0.116,0.196,0.06,0.92,0.324,0.404,0.456
338,,0.26,0.096,0.176,0.04,0.9,0.304,0.384,0.436
339,,0.24,0.076,0.156,0.02,0.88,0.284,0.364,0.416
340,,0.22,0.056,0.136,0.0,0.86,0.264,0.344,0.396
341,,0.2,0.036,0.116,-0.02,0.84,0.244,0.324,0.376
342,4,-0.032,0.016,0.308,0.98,1.0,0.224,0.092,0.056
343,4,-0.264,-0.004,0.5,1.0,1.0,0.204,-0.14,-0.264
344,8,-0.072,-0.024,0.268,0.68,0.768,0.184,0.052,0.736
345,8,0.12,-0.044,0.036,0.36,0.536,0.164,0.244,1.0
346,2,0.312,0.956,0.228,0.34,0.304,-0.156,0.012,0.98
347,2,0.504,1.0,0.42,0.32,0.072,-0.476,-0.22,0.96
348,6,0.272,0.68,0.188,0.3,0.264,0.524,-0.028,0.94
349,6,0.04,0.36,-0.044,0.28,0.456,1.0,0.164,0.92
350,3,0.02,0.552,0.956,0.472,0.436,0.768,-0.156,0.688
351,3,0.0,0.744,1.0,0.664,0.416,0.536,-0.476,0.456
352,7,-0.02,0.512,0.68,0.432,0.396,0.728,0.524,0.648
353,7,-0.04,0.28,0.36,0.2,0.376,0.92,1.0,0.84
354,1,0.96,0.472,0.34,-0.032,0.056,0.688,0.98,1.0
355,1,1.0,0.664,0.32,-0.264,-0.264,0.456,0.96,1.0
356,4,0.768,0.644,0.512,0.736,-0.072,0.436,0.728,0.68
357,4,0.536,0.624,0.704,1.0,0.12,0.416,0.496,0.36
358,,0.516,0.604,0.684,0.98,0.1,0.396,0.476,0.34
359,,0.496,0.584,0.664,0.96,0.08,0.376,0.456,0.32
360,,0.476,0.564,0.644,0.94,0.06,0.356,0.436,0.3
361,,0.456,0.544,0.624,0.92,0.04,0.336,0.416,0.28
362,,0.436,0.524,0.604,0.9,0.02,0.316,0.396,0.26
363,,0.416,0.504,0.584,0.88,0.0,0.296,0.376,0.24
364,,0.396,0.484,0.564,0.86,-0.02,0.276,0.356,0.22
365,5,0.076,0.252,0.544,1.0,0.98,0.468,0.336,-0.012
366,5,-0.244,0.02,0.524,1.0,1.0,0.66,0.316,-0.244
367,8,-0.052,0.0,0.292,0.68,0.768,0.64,0.508,0.756
368,8,0.14,-0.02,0.06,0.36,0.536,0.62,0.7,1.0
369,2,0.332,0.98,0.252,0.34,0.304,0.3,0.468,0.98
370,2,0.524,1.0,0.444,0.32,0.072,-0.02,0.236,0.96
371,6,0.292,0.68,0.212,0.3,0.264,0.98,0.428,0.94
372,6,0.06,0.36,-0.02,0.28,0.456,1.0,0.62,0.92
373,3,0.04,0.552,0.98,0.472,0.436,0.768,0.3,0.688
374,3,0.02,0.744,1.0,0.664,0.416,0.536,-0.02,0.456
375,7,0.0,0.512,0.68,0.432,0.396,0.728,0.98,0.648
376,7,-0.02,0.28,0.36,0.2,0.376,0.92,1.0,0.84
377,1,0.98,0.472,0.34,-0.032,0.056,0.688,0.98,1.0
378,1,1.0,0.664,0.32,-0.264,-0.264,0.456,0.96,1.0
379,4,0.768,0.644,0.512,0.736,-0.072,0.436,0.728,0.68
380,4,0.536,0.624,0.704,1.0,0.12,0.416,0.496,0.36
381,,0.516,0.604,0.684,0.98,0.1,0.396,0.476,0.34
382,,0.496,0.584,0.664,0.96,0.08,0.376,0.456,0.32
383,,0.476,0.564,0.644,0.94,0.06,0.356,0.436,0.3
384,,0.456,0.544,0.624,0.92,0.04,0.336,0.416,0.28
385,,0.436,0.524,0.604,0.9,0.02,0.316,0.396,0.26
386,,0.416,0.504,0.584,0.88,0.0,0.296,0.376,0.24
387,,0.396,0.484,0.564,0.86,-0.02,0.276,0.356,0.22
388,5,0.076,0.252,0.544,1.0,0.98,0.468,0.336,-0.012
389,5,-0.244,0.02,0.524,1.0,1.0,0.66,0.316,-0.244
390,8,-0.052,0.0,0.292,0.68,0.768,0.64,0.508,0.756
391,8,0.14,-0.02,0.06,0.36,0.536,0.62,0.7,1.0
392,2,0.332,0.98,0.252,0.34,0.304,0.3,0.468,0.98
393,2,0.524,1.0,0.444,0.32,0.072,-0.02,0.236,0.96
394,6,0.292,0.68,0.212,0.3,0.264,0.98,0.428,0.94
395,6,0.06,0.36,-0.02,0.28,0.456,1.0,0.62,0.92
396,3,0.04,0.552,0.98,0.472,0.436,0.768,0.3,0.688
397,3,0.02,0.744,1.0,0.664,0.416,0.536,-0.02,0.456
398,7,0.0,0.512,0.68,0.432,0.396,0.728,0.98,0.648
399,7,-0.02,0.28,0.36,0.2,0.376,0.92,1.0,0.84
400,1,0.98,0.472,0.34,-0.032,0.056,0.688,0.98,1.0
401,1,1.0,0.664,0.32,-0.264,-0.264,0.456,0.96,1.0
402,4,0.768,0.644,0.512,0.736,-0.072,0.436,0.728,0.68
403,4,0.536,0.624,0.704,1.0,0.12,0.416,0.496,0.36
404,,0.516,0.604,0.684,0.98,0.1,0.396,0.476,0.34
405,,0.496,0.584,0.664,0.96,0.08,0.376,0.456,0.32
406,,0.476,0.564,0.644,0.94,0.06,0.356,0.436,0.3
407,,0.456,0.544,0.624,0.92,0.04,0.336,0.416,0.28
408,,0.436,0.524,0.604,0.9,0.02,0.316,0.396,0.26
409,,0.416,0.504,0.584,0.88,0.0,0.296,0.376,0.24
410,,0.396,0.484,0.564,0.86,-0.02,0.276,0.356,0.22
411,5,0.076,0.252,0.544,1.0,0.98,0.468,0.336,-0.012
412,5,-0.244,0.02,0.524,1.0,1.0,0.66,0.316,-0.244
413,1,0.756,0.212,0.504,0.768,0.68,0.428,0.296,-0.052
414,1,1.0,0.404,0.484,0.536,0.36,0.196,0.276,0.14
415,,0.98,0.384,0.464,0.516,0.34,0.176,0.256,0.12
416,,0.96,0.364,0.444,0.496,0.32,0.156,0.236,0.1
417,,0.94,0.344,0.424,0.476,0.3,0.136,0.216,0.08
418,,0.92,0.324,0.404,0.456,0.28,0.116,0.196,0.06
419,,0.9,0.304,0.384,0.436,0.26,0.096,0.176,0.04
420,,0.88,0.284,0.364,0.416,0.24,0.076,0.156,0.02
421,,0.86,0.264,0.344,0.396,0.22,0.056,0.136,0.0
422,,0.84,0.244,0.324,0.376,0.2,0.036,0.116,-0.02
423,8,1.0,0.224,0.092,0.056,-0.032,0.016,0.308,0.98
424,8,1.0,0.204,-0.14,-0.264,-0.264,-0.004,0.5,1.0
425,4,0.768,0.184,0.052,0.736,-0.072,-0.024,0.268,0.68
426,4,0.536,0.164,0.244,1.0,0.12,-0.044,0.036,0.36
427,6,0.304,-0.156,0.012,0.98,0.312,0.956,0.228,0.34
428,6,0.072,-0.476,-0.22,0.96,0.504,1.0,0.42,0.32
429,2,0.264,0.524,-0.028,0.94,0.272,0.68,0.188,0.3
430,2,0.456,1.0,0.164,0.92,0.04,0.36,-0.044,0.28
431,7,0.436,0.768,-0.156,0.688,0.02,0.552,0.956,0.472
432,7,0.416,0.536,-0.476,0.456,0.0,0.744,1.0,0.664
433,3,0.396,0.728,0.524,0.648,-0.02,0.512,0.68,0.432
434,3,0.376,0.92,1.0,0.84,-0.04,0.28,0.36,0.2
435,5,0.056,0.688,0.98,1.0,0.96,0.472,0.34,-0.032
436,5,-0.264,0.456,0.96,1.0,1.0,0.664,0.32,-0.264
437,8,-0.072,0.436,0.728,0.68,0.768,0.644,0.512,0.736
438,8,0.12,0.416,0.496,0.36,0.536,0.624,0.704,1.0
439,,0.1,0.396,0.476,0.34,0.516,0.604,0.684,0.98
440,,0.08,0.376,0.456,0.32,0.496,0.584,0.664,0.96
441,,0.06,0.356,0.436,0.3,0.476,0.564,0.644,0.94
442,,0.04,0.336,0.416,0.28,0.456,0.544,0.624,0.92
443,,0.02,0.316,0.396,0.26,0.436,0.524,0.604,0.9
444,,0.0,0.296,0.376,0.24,0.416,0.504,0.584,0.88
445,,-0.02,0.276,0.356,0.22,0.396,0.484,0.564,0.86
446,1,0.98,0.468,0.336,-0.012,0.076,0.252,0.544,1.0
447,1,1.0,0.66,0.316,-0.244,-0.244,0.02,0.524,1.0
448,5,0.68,0.428,0.296,-0.052,0.756,0.212,0.504,0.768
449,5,0.36,0.196,0.276,0.14,1.0,0.404,0.484,0.536
450,,0.34,0.176,0.256,0.12,0.98,0.384,0.464,0.516
451,,0.32,0.156,0.236,0.1,0.96,0.364,0.444,0.496
452,,0.3,0.136,0.216,0.08,0.94,0.344,0.424,0.476
453,,0.28,0.116,0.196,0.06,0.92,0.324,0.404,0.456
454,,0.26,0.096,0.176,0.04,0.9,0.304,0.384,0.436
455,,0.24,0.076,0.156,0.02,0.88,0.284,0.364,0.416
456,,0.22,0.056,0.136,0.0,0.86,0.264,0.344,0.396
457,,0.2,0.036,0.116,-0.02,0.84,0.244,0.324,0.376
458,4,-0.032,0.016,0.308,0.98,1.0,0.224,0.092,0.056
459,4,-0.264,-0.004,0.5,1.0,1.0,0.204,-0.14,-0.264
460,1,0.736,0.188,0.48,0.768,0.68,-0.028,-0.16,-0.072
461,1,1.0,0.38,0.46,0.536,0.36,-0.26,-0.18,0.12
462,6,0.768,0.06,0.228,0.516,0.552,0.74,0.012,0.1
463,6,0.536,-0.26,-0.004,0.496,0.744,1.0,0.204,0.08
464,2,0.728,0.74,0.188,0.476,0.512,0.68,-0.028,0.06
465,2,0.92,1.0,0.38,0.456,0.28,0.36,-0.26,0.04
466,7,0.9,0.768,0.06,0.224,0.26,0.552,0.74,0.232
467,7,0.88,0.536,-0.26,-0.008,0.24,0.744,1.0,0.424
468,3,0.86,0.728,0.74,0.184,0.22,0.512,0.68,0.192
469,3,0.84,0.92,1.0,0.376,0.2,0.28,0.36,-0.04
470,8,1.0,0.9,0.768,0.056,-0.032,0.26,0.552,0.96
471,8,1.0,0.88,0.536,-0.264,-0.264,0.24,0.744,1.0
472,5,0.68,0.648,0.516,-0.072,0.736,0.432,0.724,0.768
473,5,0.36,0.416,0.496,0.12,1.0,0.624,0.704,0.536
474,,0.34,0.396,0.476,0.1,0.98,0.604,0.684,0.516
475,,0.32,0.376,0.456,0.08,0.96,0.584,0.664,0.496
476,,0.3,0.356,0.436,0.06,0.94,0.564,0.644,0.476
477,,0.28,0.336,0.416,0.04,0.92,0.544,0.624,0.456
478,,0.26,0.316,0.396,0.02,0.9,0.524,0.604,0.436
479,,0.24,0.296,0.376,0.0,0.88,0.504,0.584,0.416
480,,0.22,0.276,0.356,-0.02,0.86,0.484,0.564,0.396
481,4,-0.012,0.256,0.548,0.98,1.0,0.464,0.332,0.076
482,4,-0.244,0.236,0.74,1.0,1.0,0.444,0.1,-0.244
483,1,0.756,0.428,0.72,0.768,0.68,0.212,0.08,-0.052
484,1,1.0,0.62,0.7,0.536,0.36,-0.02,0.06,0.14
485,6,0.768,0.3,0.468,0.516,0.552,0.98,0.252,0.12
486,6,0.536,-0.02,0.236,0.496,0.744,1.0,0.444,0.1
487,2,0.728,0.98,0.428,0.476,0.512,0.68,0.212,0.08
488,2,0.92,1.0,0.62,0.456,0.28,0.36,-0.02,0.06
489,7,0.9,0.768,0.3,0.224,0.26,0.552,0.98,0.252
490,7,0.88,0.536,-0.02,-0.008,0.24,0.744,1.0,0.444
491,3,0.86,0.728,0.98,0.184,0.22,0.512,0.68,0.212
492,3,0.84,0.92,1.0,0.376,0.2,0.28,0.36,-0.02
493,8,1.0,0.9,0.768,0.056,-0.032,0.26,0.552,0.98
494,8,1.0,0.88,0.536,-0.264,-0.264,0.24,0.744,1.0
495,4,0.768,0.86,0.728,0.736,-0.072,0.22,0.512,0.68
496,4,0.536,0.84,0.92,1.0,0.12,0.2,0.28,0.36
497,,0.516,0.82,0.9,0.98,0.1,0.18,0.26,0.34
498,,0.496,0.8,0.88,0.96,0.08,0.16,0.24,0.32
499,,0.476,0.78,0.86,0.94,0.06,0.14,0.22,0.3
