step,active_motive,motive_1,motive_2,motive_3,motive_4,motive_5,motive_6,motive_7,motive_8
0,,0.05394,0.0684,0.06159,0.09439,0.09443,0.08672,0.06364,0.08009
1,,0.03394,0.0484,0.04159,0.07439,0.07443,0.06672,0.04364,0.06009
2,,0.01394,0.0284,0.02159,0.05439,0.05443,0.04672,0.02364,0.04009
3,,-0.00606,0.0084,0.00159,0.03439,0.03443,0.02672,0.00364,0.02009
4,1,0.99394,0.2004,-0.01841,-0.19761,-0.28557,-0.20528,-0.01636,0.21209
5,1,1.0,0.3924,-0.03841,-0.42961,-0.60557,-0.43728,-0.03636,0.40409
6,5,0.68,0.1604,-0.05841,-0.23761,0.39443,-0.24528,-0.05636,0.17209
7,5,0.36,-0.0716,-0.07841,-0.04561,1.0,-0.05328,-0.07636,-0.05991
8,3,0.34,0.1204,0.92159,0.14639,0.98,-0.28528,-0.39636,-0.29191
9,3,0.32,0.3124,1.0,0.33839,0.96,-0.51728,-0.71636,-0.52391
10,7,0.3,0.0804,0.68,0.10639,0.94,-0.32528,0.28364,-0.33191
11,7,0.28,-0.1516,0.36,-0.12561,0.92,-0.13328,1.0,-0.13991
12,2,0.472,0.8484,0.552,-0.14561,0.688,-0.45328,0.768,-0.15991
13,2,0.664,1.0,0.744,-0.16561,0.456,-0.77328,0.536,-0.17991
14,6,0.432,0.68,0.512,-0.18561,0.648,0.22672,0.728,-0.19991
15,6,0.2,0.36,0.28,-0.20561,0.84,1.0,0.92,-0.21991
16,8,0.392,0.34,0.048,-0.52561,0.608,0.98,1.0,0.78009
17,8,0.584,0.32,-0.184,-0.84561,0.376,0.96,1.0,1.0
18,4,0.352,0.3,0.008,0.15439,0.568,0.94,0.768,0.68
19,4,0.12,0.28,0.2,1.0,0.76,0.92,0.536,0.36
20,,0.1,0.26,0.18,0.98,0.74,0.9,0.516,0.34
21,,0.08,0.24,0.16,0.96,0.72,0.88,0.496,0.32
22,,0.06,0.22,0.14,0.94,0.7,0.86,0.476,0.3
23,,0.04,0.2,0.12,0.92,0.68,0.84,0.456,0.28
24,,0.02,0.18,0.1,0.9,0.66,0.82,0.436,0.26
25,,0.0,0.16,0.08,0.88,0.64,0.8,0.416,0.24
26,,-0.02,0.14,0.06,0.86,0.62,0.78,0.396,0.22
27,1,0.98,0.332,0.04,0.628,0.3,0.548,0.376,0.412
28,1,1.0,0.524,0.02,0.396,-0.02,0.316,0.356,0.604
29,5,0.68,0.292,0.0,0.588,0.98,0.508,0.336,0.372
30,5,0.36,0.06,-0.02,0.78,1.0,0.7,0.316,0.14
31,3,0.34,0.252,0.98,0.972,0.98,0.468,-0.004,-0.092
32,3,0.32,0.444,1.0,1.0,0.96,0.236,-0.324,-0.324
33,8,0.512,0.424,0.768,0.68,0.728,0.216,-0.132,0.676
34,8,0.704,0.404,0.536,0.36,0.496,0.196,0.06,1.0
35,,0.684,0.384,0.516,0.34,0.476,0.176,0.04,0.98
36,,0.664,0.364,0.496,0.32,0.456,0.156,0.02,0.96
37,,0.644,0.344,0.476,0.3,0.436,0.136,0.0,0.94
38,,0.624,0.324,0.456,0.28,0.416,0.116,-0.02,0.92
39,7,0.604,0.092,0.136,0.048,0.396,0.308,0.98,1.0
40,7,0.584,-0.14,-0.184,-0.184,0.376,0.5,1.0,1.0
41,4,0.352,-0.16,0.008,0.816,0.568,0.48,0.768,0.68
42,4,0.12,-0.18,0.2,1.0,0.76,0.46,0.536,0.36
43,2,0.312,0.82,0.392,0.98,0.528,0.14,0.304,0.34
44,2,0.504,1.0,0.584,0.96,0.296,-0.18,0.072,0.32
45,6,0.272,0.68,0.352,0.94,0.488,0.82,0.264,0.3
46,6,0.04,0.36,0.12,0.92,0.68,1.0,0.456,0.28
47,,0.02,0.34,0.1,0.9,0.66,0.98,0.436,0.26
48,,0.0,0.32,0.08,0.88,0.64,0.96,0.416,0.24
49,,-0.02,0.3,0.06,0.86,0.62,0.94,0.396,0.22
50,1,0.98,0.492,0.04,0.628,0.3,0.708,0.376,0.412
51,1,1.0,0.684,0.02,0.396,-0.02,0.476,0.356,0.604
52,5,0.68,0.452,0.0,0.588,0.98,0.668,0.336,0.372
53,5,0.36,0.22,-0.02,0.78,1.0,0.86,0.316,0.14
54,3,0.34,0.412,0.98,0.972,0.98,0.628,-0.004,-0.092
55,3,0.32,0.604,1.0,1.0,0.96,0.396,-0.324,-0.324
56,7,0.3,0.372,0.68,0.768,0.94,0.588,0.676,-0.132
57,7,0.28,0.14,0.36,0.536,0.92,0.78,1.0,0.06
58,,0.26,0.12,0.34,0.516,0.9,0.76,0.98,0.04
59,,0.24,0.1,0.32,0.496,0.88,0.74,0.96,0.02
60,,0.22,0.08,0.3,0.476,0.86,0.72,0.94,0.0
61,,0.2,0.06,0.28,0.456,0.84,0.7,0.92,-0.02
62,8,0.392,0.04,0.048,0.136,0.608,0.68,1.0,0.98
63,8,0.584,0.02,-0.184,-0.184,0.376,0.66,1.0,1.0
64,4,0.352,0.0,0.008,0.816,0.568,0.64,0.768,0.68
65,4,0.12,-0.02,0.2,1.0,0.76,0.62,0.536,0.36
66,2,0.312,0.98,0.392,0.98,0.528,0.3,0.304,0.34
67,2,0.504,1.0,0.584,0.96,0.296,-0.02,0.072,0.32
68,6,0.272,0.68,0.352,0.94,0.488,0.98,0.264,0.3
69,6,0.04,0.36,0.12,0.92,0.68,1.0,0.456,0.28
70,,0.02,0.34,0.1,0.9,0.66,0.98,0.436,0.26
71,,0.0,0.32,0.08,0.88,0.64,0.96,0.416,0.24
72,,-0.02,0.3,0.06,0.86,0.62,0.94,0.396,0.22
73,1,0.98,0.492,0.04,0.628,0.3,0.708,0.376,0.412
74,1,1.0,0.684,0.02,0.396,-0.02,0.476,0.356,0.604
75,5,0.68,0.452,0.0,0.588,0.98,0.668,0.336,0.372
76,5,0.36,0.22,-0.02,0.78,1.0,0.86,0.316,0.14
77,3,0.34,0.412,0.98,0.972,0.98,0.628,-0.004,-0.092
78,3,0.32,0.604,1.0,1.0,0.96,0.396,-0.324,-0.324
79,7,0.3,0.372,0.68,0.768,0.94,0.588,0.676,-0.132
80,7,0.28,0.14,0.36,0.536,0.92,0.78,1.0,0.06
81,,0.26,0.12,0.34,0.516,0.9,0.76,0.98,0.04
82,,0.24,0.1,0.32,0.496,0.88,0.74,0.96,0.02
83,,0.22,0.08,0.3,0.476,0.86,0.72,0.94,0.0
84,,0.2,0.06,0.28,0.456,0.84,0.7,0.92,-0.02
85,8,0.392,0.04,0.048,0.136,0.608,0.68,1.0,0.98
86,8,0.584,0.02,-0.184,-0.184,0.376,0.66,1.0,1.0
87,3,0.564,0.212,0.816,0.008,0.356,0.428,0.68,0.768
88,3,0.544,0.404,1.0,0.2,0.336,0.196,0.36,0.536
89,,0.524,0.384,0.98,0.18,0.316,0.176,0.34,0.516
90,,0.504,0.364,0.96,0.16,0.296,0.156,0.32,0.496
91,,0.484,0.344,0.94,0.14,0.276,0.136,0.3,0.476
92,,0.464,0.324,0.92,0.12,0.256,0.116,0.28,0.456
93,,0.444,0.304,0.9,0.1,0.236,0.096,0.26,0.436
94,,0.424,0.284,0.88,0.08,0.216,0.076,0.24,0.416
95,,0.404,0.264,0.86,0.06,0.196,0.056,0.22,0.396
96,,0.384,0.244,0.84,0.04,0.176,0.036,0.2,0.376
97,,0.364,0.224,0.82,0.02,0.156,0.016,0.18,0.356
98,,0.344,0.204,0.8,0.0,0.136,-0.004,0.16,0.336
99,6,0.112,-0.116,0.568,-0.02,0.328,0.996,0.352,0.316
100,6,-0.12,-0.436,0.336,-0.04,0.52,1.0,0.544,0.296
101,2,0.072,0.564,0.528,-0.06,0.288,0.68,0.312,0.276
102,2,0.264,1.0,0.72,-0.08,0.056,0.36,0.08,0.256
103,4,0.032,0.98,0.912,0.92,0.248,0.34,-0.152,-0.064
104,4,-0.2,0.96,1.0,1.0,0.44,0.32,-0.384,-0.384
105,7,-0.22,0.728,0.68,0.768,0.42,0.512,0.616,-0.192
106,7,-0.24,0.496,0.36,0.536,0.4,0.704,1.0,-0.0
107,1,0.76,0.688,0.34,0.304,0.08,0.472,0.98,0.192
108,1,1.0,0.88,0.32,0.072,-0.24,0.24,0.96,0.384
109,5,0.68,0.648,0.3,0.264,0.76,0.432,0.94,0.152
110,5,0.36,0.416,0.28,0.456,1.0,0.624,0.92,-0.08
111,8,0.552,0.396,0.048,0.136,0.768,0.604,1.0,0.92
112,8,0.744,0.376,-0.184,-0.184,0.536,0.584,1.0,1.0
113,3,0.724,0.568,0.816,0.008,0.516,0.352,0.68,0.768
114,3,0.704,0.76,1.0,0.2,0.496,0.12,0.36,0.536
115,,0.684,0.74,0.98,0.18,0.476,0.1,0.34,0.516
116,,0.664,0.72,0.96,0.16,0.456,0.08,0.32,0.496
117,,0.644,0.7,0.94,0.14,0.436,0.06,0.3,0.476
118,,0.624,0.68,0.92,0.12,0.416,0.04,0.28,0.456
119,,0.604,0.66,0.9,0.1,0.396,0.02,0.26,0.436
120,,0.584,0.64,0.88,0.08,0.376,0.0,0.24,0.416
121,,0.564,0.62,0.86,0.06,0.356,-0.02,0.22,0.396
122,6,0.332,0.3,0.628,0.04,0.548,0.98,0.412,0.376
123,6,0.1,-0.02,0.396,0.02,0.74,1.0,0.604,0.356
124,2,0.292,0.98,0.588,0.0,0.508,0.68,0.372,0.336
125,2,0.484,1.0,0.78,-0.02,0.276,0.36,0.14,0.316
126,4,0.252,0.98,0.972,0.98,0.468,0.34,-0.092,-0.004
127,4,0.02,0.96,1.0,1.0,0.66,0.32,-0.324,-0.324
128,7,0.0,0.728,0.68,0.768,0.64,0.512,0.676,-0.132
129,7,-0.02,0.496,0.36,0.536,0.62,0.704,1.0,0.06
130,1,0.98,0.688,0.34,0.304,0.3,0.472,0.98,0.252
131,1,1.0,0.88,0.32,0.072,-0.02,0.24,0.96,0.444
132,5,0.68,0.648,0.3,0.264,0.98,0.432,0.94,0.212
133,5,0.36,0.416,0.28,0.456,1.0,0.624,0.92,-0.02
134,8,0.552,0.396,0.048,0.136,0.768,0.604,1.0,0.98
135,8,0.744,0.376,-0.184,-0.184,0.536,0.584,1.0,1.0
136,3,0.724,0.568,0.816,0.008,0.516,0.352,0.68,0.768
137,3,0.704,0.76,1.0,0.2,0.496,0.12,0.36,0.536
138,,0.684,0.74,0.98,0.18,0.476,0.1,0.34,0.516
139,,0.664,0.72,0.96,0.16,0.456,0.08,0.32,0.496
140,,0.644,0.7,0.94,0.14,0.436,0.06,0.3,0.476
141,,0.624,0.68,0.92,0.12,0.416,0.04,0.28,0.456
142,,0.604,0.66,0.9,0.1,0.396,0.02,0.26,0.436
143,,0.584,0.64,0.88,0.08,0.376,0.0,0.24,0.416
144,,0.564,0.62,0.86,0.06,0.356,-0.02,0.22,0.396
145,6,0.332,0.3,0.628,0.04,0.548,0.98,0.412,0.376
146,6,0.1,-0.02,0.396,0.02,0.74,1.0,0.604,0.356
147,2,0.292,0.98,0.588,0.0,0.508,0.68,0.372,0.336
148,2,0.484,1.0,0.78,-0.02,0.276,0.36,0.14,0.316
149,4,0.252,0.98,0.972,0.98,0.468,0.34,-0.092,-0.004
150,4,0.02,0.96,1.0,1.0,0.66,0.32,-0.324,-0.324
151,8,0.212,0.94,0.768,0.68,0.428,0.3,-0.132,0.676
152,8,0.404,0.92,0.536,0.36,0.196,0.28,0.06,1.0
153,,0.384,0.9,0.516,0.34,0.176,0.26,0.04,0.98
154,,0.364,0.88,0.496,0.32,0.156,0.24,0.02,0.96
155,,0.344,0.86,0.476,0.3,0.136,0.22,0.0,0.94
156,,0.324,0.84,0.456,0.28,0.116,0.2,-0.02,0.92
157,7,0.304,0.608,0.136,0.048,0.096,0.392,0.98,1.0
158,7,0.284,0.376,-0.184,-0.184,0.076,0.584,1.0,1.0
159,3,0.264,0.568,0.816,0.008,0.056,0.352,0.68,0.768
160,3,0.244,0.76,1.0,0.2,0.036,0.12,0.36,0.536
161,,0.224,0.74,0.98,0.18,0.016,0.1,0.34,0.516
162,,0.204,0.72,0.96,0.16,-0.004,0.08,0.32,0.496
163,5,-0.116,0.488,0.94,0.352,0.996,0.272,0.3,0.264
164,5,-0.436,0.256,0.92,0.544,1.0,0.464,0.28,0.032
165,1,0.564,0.448,0.9,0.312,0.68,0.232,0.26,0.224
166,1,1.0,0.64,0.88,0.08,0.36,0.0,0.24,0.416
167,,0.98,0.62,0.86,0.06,0.34,-0.02,0.22,0.396
168,6,0.748,0.3,0.628,0.04,0.532,0.98,0.412,0.376
169,6,0.516,-0.02,0.396,0.02,0.724,1.0,0.604,0.356
170,2,0.708,0.98,0.588,0.0,0.492,0.68,0.372,0.336
171,2,0.9,1.0,0.78,-0.02,0.26,0.36,0.14,0.316
172,4,0.668,0.98,0.972,0.98,0.452,0.34,-0.092,-0.004
173,4,0.436,0.96,1.0,1.0,0.644,0.32,-0.324,-0.324
174,7,0.416,0.728,0.68,0.768,0.624,0.512,0.676,-0.132
175,7,0.396,0.496,0.36,0.536,0.604,0.704,1.0,0.06
176,,0.376,0.476,0.34,0.516,0.584,0.684,0.98,0.04
177,,0.356,0.456,0.32,0.496,0.564,0.664,0.96,0.02
178,,0.336,0.436,0.3,0.476,0.544,0.644,0.94,0.0
179,,0.316,0.416,0.28,0.456,0.524,0.624,0.92,-0.02
180,8,0.508,0.396,0.048,0.136,0.292,0.604,1.0,0.98
181,8,0.7,0.376,-0.184,-0.184,0.06,0.584,1.0,1.0
182,3,0.68,0.568,0.816,0.008,0.04,0.352,0.68,0.768
183,3,0.66,0.76,1.0,0.2,0.02,0.12,0.36,0.536
184,,0.64,0.74,0.98,0.18,0.0,0.1,0.34,0.516
185,,0.62,0.72,0.96,0.16,-0.02,0.08,0.32,0.496
186,5,0.3,0.488,0.94,0.352,0.98,0.272,0.3,0.264
187,5,-0.02,0.256,0.92,0.544,1.0,0.464,0.28,0.032
188,1,0.98,0.448,0.9,0.312,0.68,0.232,0.26,0.224
189,1,1.0,0.64,0.88,0.08,0.36,0.0,0.24,0.416
190,,0.98,0.62,0.86,0.06,0.34,-0.02,0.22,0.396
191,6,0.748,0.3,0.628,0.04,0.532,0.98,0.412,0.376
192,6,0.516,-0.02,0.396,0.02,0.724,1.0,0.604,0.356
193,2,0.708,0.98,0.588,0.0,0.492,0.68,0.372,0.336
194,2,0.9,1.0,0.78,-0.02,0.26,0.36,0.14,0.316
195,4,0.668,0.98,0.972,0.98,0.452,0.34,-0.092,-0.004
196,4,0.436,0.96,1.0,1.0,0.644,0.32,-0.324,-0.324
197,8,0.628,0.94,0.768,0.68,0.412,0.3,-0.132,0.676
198,8,0.82,0.92,0.536,0.36,0.18,0.28,0.06,1.0
199,,0.8,0.9,0.516,0.34,0.16,0.26,0.04,0.98
200,,0.78,0.88,0.496,0.32,0.14,0.24,0.02,0.96
201,,0.76,0.86,0.476,0.3,0.12,0.22,0.0,0.94
202,,0.74,0.84,0.456,0.28,0.1,0.2,-0.02,0.92
203,7,0.72,0.608,0.136,0.048,0.08,0.392,0.98,1.0
204,7,0.7,0.376,-0.184,-0.184,0.06,0.584,1.0,1.0
205,4,0.468,0.356,0.008,0.816,0.252,0.564,0.768,0.68
206,4,0.236,0.336,0.2,1.0,0.444,0.544,0.536,0.36
207,,0.216,0.316,0.18,0.98,0.424,0.524,0.516,0.34
208,,0.196,0.296,0.16,0.96,0.404,0.504,0.496,0.32
209,,0.176,0.276,0.14,0.94,0.384,0.484,0.476,0.3
210,,0.156,0.256,0.12,0.92,0.364,0.464,0.456,0.28
211,,0.136,0.236,0.1,0.9,0.344,0.444,0.436,0.26
212,,0.116,0.216,0.08,0.88,0.324,0.424,0.416,0.24
213,,0.096,0.196,0.06,0.86,0.304,0.404,0.396,0.22
214,,0.076,0.176,0.04,0.84,0.284,0.384,0.376,0.2
215,,0.056,0.156,0.02,0.82,0.264,0.364,0.356,0.18
216,,0.036,0.136,0.0,0.8,0.244,0.344,0.336,0.16
217,,0.016,0.116,-0.02,0.78,0.224,0.324,0.316,0.14
218,3,-0.004,0.308,0.98,0.972,0.204,0.092,-0.004,-0.092
219,3,-0.024,0.5,1.0,1.0,0.184,-0.14,-0.324,-0.324
220,7,-0.044,0.268,0.68,0.768,0.164,0.052,0.676,-0.132
221,7,-0.064,0.036,0.36,0.536,0.144,0.244,1.0,0.06
222,1,0.936,0.228,0.34,0.304,-0.176,0.012,0.98,0.252
223,1,1.0,0.42,0.32,0.072,-0.496,-0.22,0.96,0.444
224,5,0.68,0.188,0.3,0.264,0.504,-0.028,0.94,0.212
225,5,0.36,-0.044,0.28,0.456,1.0,0.164,0.92,-0.02
226,2,0.552,0.956,0.472,0.436,0.768,-0.156,0.688,-0.04
227,2,0.744,1.0,0.664,0.416,0.536,-0.476,0.456,-0.06
228,6,0.512,0.68,0.432,0.396,0.728,0.524,0.648,-0.08
229,6,0.28,0.36,0.2,0.376,0.92,1.0,0.84,-0.1
230,8,0.472,0.34,-0.032,0.056,0.688,0.98,1.0,0.9
231,8,0.664,0.32,-0.264,-0.264,0.456,0.96,1.0,1.0
232,4,0.432,0.3,-0.072,0.736,0.648,0.94,0.768,0.68
233,4,0.2,0.28,0.12,1.0,0.84,0.92,0.536,0.36
234,,0.18,0.26,0.1,0.98,0.82,0.9,0.516,0.34
235,,0.16,0.24,0.08,0.96,0.8,0.88,0.496,0.32
236,,0.14,0.22,0.06,0.94,0.78,0.86,0.476,0.3
237,,0.12,0.2,0.04,0.92,0.76,0.84,0.456,0.28
238,,0.1,0.18,0.02,0.9,0.74,0.82,0.436,0.26
239,,0.08,0.16,0.0,0.88,0.72,0.8,0.416,0.24
240,,0.06,0.14,-0.02,0.86,0.7,0.78,0.396,0.22
241,3,0.04,0.332,0.98,1.0,0.68,0.548,0.076,-0.012
242,3,0.02,0.524,1.0,1.0,0.66,0.316,-0.244,-0.244
243,7,0.0,0.292,0.68,0.768,0.64,0.508,0.756,-0.052
244,7,-0.02,0.06,0.36,0.536,0.62,0.7,1.0,0.14
245,1,0.98,0.252,0.34,0.304,0.3,0.468,0.98,0.332
246,1,1.0,0.444,0.32,0.072,-0.02,0.236,0.96,0.524
247,5,0.68,0.212,0.3,0.264,0.98,0.428,0.94,0.292
248,5,0.36,-0.02,0.28,0.456,1.0,0.62,0.92,0.06
249,2,0.552,0.98,0.472,0.436,0.768,0.3,0.688,0.04
250,2,0.744,1.0,0.664,0.416,0.536,-0.02,0.456,0.02
251,6,0.512,0.68,0.432,0.396,0.728,0.98,0.648,0.0
252,6,0.28,0.36,0.2,0.376,0.92,1.0,0.84,-0.02
253,8,0.472,0.34,-0.032,0.056,0.688,0.98,1.0,0.98
254,8,0.664,0.32,-0.264,-0.264,0.456,0.96,1.0,1.0
255,3,0.644,0.512,0.736,-0.072,0.436,0.728,0.68,0.768
256,3,0.624,0.704,1.0,0.12,0.416,0.496,0.36,0.536
257,,0.604,0.684,0.98,0.1,0.396,0.476,0.34,0.516
258,,0.584,0.664,0.96,0.08,0.376,0.456,0.32,0.496
259,,0.564,0.644,0.94,0.06,0.356,0.436,0.3,0.476
260,,0.544,0.624,0.92,0.04,0.336,0.416,0.28,0.456
261,,0.524,0.604,0.9,0.02,0.316,0.396,0.26,0.436
262,,0.504,0.584,0.88,0.0,0.296,0.376,0.24,0.416
263,,0.484,0.564,0.86,-0.02,0.276,0.356,0.22,0.396
264,4,0.252,0.544,1.0,0.98,0.468,0.336,-0.012,0.076
265,4,0.02,0.524,1.0,1.0,0.66,0.316,-0.244,-0.244
266,8,0.212,0.504,0.768,0.68,0.428,0.296,-0.052,0.756
267,8,0.404,0.484,0.536,0.36,0.196,0.276,0.14,1.0
268,,0.384,0.464,0.516,0.34,0.176,0.256,0.12,0.98
269,,0.364,0.444,0.496,0.32,0.156,0.236,0.1,0.96
270,,0.344,0.424,0.476,0.3,0.136,0.216,0.08,0.94
271,,0.324,0.404,0.456,0.28,0.116,0.196,0.06,0.92
272,,0.304,0.384,0.436,0.26,0.096,0.176,0.04,0.9
273,,0.284,0.364,0.416,0.24,0.076,0.156,0.02,0.88
274,,0.264,0.344,0.396,0.22,0.056,0.136,0.0,0.86
275,,0.244,0.324,0.376,0.2,0.036,0.116,-0.02,0.84
276,7,0.224,0.092,0.056,-0.032,0.016,0.308,0.98,1.0
277,7,0.204,-0.14,-0.264,-0.264,-0.004,0.5,1.0,1.0
278,3,0.184,0.052,0.736,-0.072,-0.024,0.268,0.68,0.768
279,3,0.164,0.244,1.0,0.12,-0.044,0.036,0.36,0.536
280,5,-0.156,0.012,0.98,0.312,0.956,0.228,0.34,0.304
281,5,-0.476,-0.22,0.96,0.504,1.0,0.42,0.32,0.072
282,1,0.524,-0.028,0.94,0.272,0.68,0.188,0.3,0.264
283,1,1.0,0.164,0.92,0.04,0.36,-0.044,0.28,0.456
284,6,0.768,-0.156,0.688,0.02,0.552,0.956,0.472,0.436
285,6,0.536,-0.476,0.456,0.0,0.744,1.0,0.664,0.416
286,2,0.728,0.524,0.648,-0.02,0.512,0.68,0.432,0.396
287,2,0.92,1.0,0.84,-0.04,0.28,0.36,0.2,0.376
288,4,0.688,0.98,1.0,0.96,0.472,0.34,-0.032,0.056
289,4,0.456,0.96,1.0,1.0,0.664,0.32,-0.264,-0.264
290,8,0.648,0.94,0.768,0.68,0.432,0.3,-0.072,0.736
291,8,0.84,0.92,0.536,0.36,0.2,0.28,0.12,1.0
292,,0.82,0.9,0.516,0.34,0.18,0.26,0.1,0.98
293,,0.8,0.88,0.496,0.32,0.16,0.24,0.08,0.96
294,,0.78,0.86,0.476,0.3,0.14,0.22,0.06,0.94
295,,0.76,0.84,0.456,0.28,0.12,0.2,0.04,0.92
296,,0.74,0.82,0.436,0.26,0.1,0.18,0.02,0.9
297,,0.72,0.8,0.416,0.24,0.08,0.16,0.0,0.88
298,,0.7,0.78,0.396,0.22,0.06,0.14,-0.02,0.86
299,7,0.68,0.548,0.076,-0.012,0.04,0.332,0.98,1.0
300,7,0.66,0.316,-0.244,-0.244,0.02,0.524,1.0,1.0
301,4,0.428,0.296,-0.052,0.756,0.212,0.504,0.768,0.68
302,4,0.196,0.276,0.14,1.0,0.404,0.484,0.536,0.36
303,,0.176,0.256,0.12,0.98,0.384,0.464,0.516,0.34
304,,0.156,0.236,0.1,0.96,0.364,0.444,0.496,0.32
305,,0.136,0.216,0.08,0.94,0.344,0.424,0.476,0.3
306,,0.116,0.196,0.06,0.92,0.324,0.404,0.456,0.28
307,,0.096,0.176,0.04,0.9,0.304,0.384,0.436,0.26
308,,0.076,0.156,0.02,0.88,0.284,0.364,0.416,0.24
309,,0.056,0.136,0.0,0.86,0.264,0.344,0.396,0.22
310,,0.036,0.116,-0.02,0.84,0.244,0.324,0.376,0.2
311,3,0.016,0.308,0.98,1.0,0.224,0.092,0.056,-0.032
312,3,-0.004,0.5,1.0,1.0,0.204,-0.14,-0.264,-0.264
313,7,-0.024,0.268,0.68,0.768,0.184,0.052,0.736,-0.072
314,7,-0.044,0.036,0.36,0.536,0.164,0.244,1.0,0.12
315,1,0.956,0.228,0.34,0.304,-0.156,0.012,0.98,0.312
316,1,1.0,0.42,0.32,0.072,-0.476,-0.22,0.96,0.504
317,5,0.68,0.188,0.3,0.264,0.524,-0.028,0.94,0.272
318,5,0.36,-0.044,0.28,0.456,1.0,0.164,0.92,0.04
319,2,0.552,0.956,0.472,0.436,0.768,-0.156,0.688,0.02
320,2,0.744,1.0,0.664,0.416,0.536,-0.476,0.456,0.0
321,6,0.512,0.68,0.432,0.396,0.728,0.524,0.648,-0.02
322,6,0.28,0.36,0.2,0.376,0.92,1.0,0.84,-0.04
323,8,0.472,0.34,-0.032,0.056,0.688,0.98,1.0,0.96
324,8,0.664,0.32,-0.264,-0.264,0.456,0.96,1.0,1.0
325,3,0.644,0.512,0.736,-0.072,0.436,0.728,0.68,0.768
326,3,0.624,0.704,1.0,0.12,0.416,0.496,0.36,0.536
327,,0.604,0.684,0.98,0.1,0.396,0.476,0.34,0.516
328,,0.584,0.664,0.96,0.08,0.376,0.456,0.32,0.496
329,,0.564,0.644,0.94,0.06,0.356,0.436,0.3,0.476
330,,0.544,0.624,0.92,0.04,0.336,0.416,0.28,0.456
331,,0.524,0.604,0.9,0.02,0.316,0.396,0.26,0.436
332,,0.504,0.584,0.88,0.0,0.296,0.376,0.24,0.416
333,,0.484,0.564,0.86,-0.02,0.276,0.356,0.22,0.396
334,4,0.252,0.544,1.0,0.98,0.468,0.336,-0.012,0.076
335,4,0.02,0.524,1.0,1.0,0.66,0.316,-0.244,-0.244
336,8,0.212,0.504,0.768,0.68,0.428,0.296,-0.052,0.756
337,8,0.404,0.484,0.536,0.36,0.196,0.276,0.14,1.0
338,,0.384,0.464,0.516,0.34,0.176,0.256,0.12,0.98
339,,0.364,0.444,0.496,0.32,0.156,0.236,0.1,0.96
340,,0.344,0.424,0.476,0.3,0.136,0.216,0.08,0.94
341,,0.324,0.404,0.456,0.28,0.116,0.196,0.06,0.92
342,,0.304,0.384,0.436,0.26,0.096,0.176,0.04,0.9
343,,0.284,0.364,0.416,0.24,0.076,0.156,0.02,0.88
344,,0.264,0.344,0.396,0.22,0.056,0.136,0.0,0.86
345,,0.244,0.324,0.376,0.2,0.036,0.116,-0.02,0.84
346,7,0.224,0.092,0.056,-0.032,0.016,0.308,0.98,1.0
347,7,0.204,-0.14,-0.264,-0.264,-0.004,0.5,1.0,1.0
348,3,0.184,0.052,0.736,-0.072,-0.024,0.268,0.68,0.768
349,3,0.164,0.244,1.0,0.12,-0.044,0.036,0.36,0.536
350,5,-0.156,0.012,0.98,0.312,0.956,0.228,0.34,0.304
351,5,-0.476,-0.22,0.96,0.504,1.0,0.42,0.32,0.072
352,1,0.524,-0.028,0.94,0.272,0.68,0.188,0.3,0.264
353,1,1.0,0.164,0.92,0.04,0.36,-0.044,0.28,0.456
354,6,0.768,-0.156,0.688,0.02,0.552,0.956,0.472,0.436
355,6,0.536,-0.476,0.456,0.0,0.744,1.0,0.664,0.416
356,2,0.728,0.524,0.648,-0.02,0.512,0.68,0.432,0.396
357,2,0.92,1.0,0.84,-0.04,0.28,0.36,0.2,0.376
358,4,0.688,0.98,1.0,0.96,0.472,0.34,-0.032,0.056
359,4,0.456,0.96,1.0,1.0,0.664,0.32,-0.264,-0.264
360,7,0.436,0.728,0.68,0.768,0.644,0.512,0.736,-0.072
361,7,0.416,0.496,0.36,0.536,0.624,0.704,1.0,0.12
362,,0.396,0.476,0.34,0.516,0.604,0.684,0.98,0.1
363,,0.376,0.456,0.32,0.496,0.584,0.664,0.96,0.08
364,,0.356,0.436,0.3,0.476,0.564,0.644,0.94,0.06
365,,0.336,0.416,0.28,0.456,0.544,0.624,0.92,0.04
366,,0.316,0.396,0.26,0.436,0.524,0.604,0.9,0.02
367,,0.296,0.376,0.24,0.416,0.504,0.584,0.88,0.0
368,,0.276,0.356,0.22,0.396,0.484,0.564,0.86,-0.02
369,8,0.468,0.336,-0.012,0.076,0.252,0.544,1.0,0.98
370,8,0.66,0.316,-0.244,-0.244,0.02,0.524,1.0,1.0
371,3,0.64,0.508,0.756,-0.052,0.0,0.292,0.68,0.768
372,3,0.62,0.7,1.0,0.14,-0.02,0.06,0.36,0.536
373,5,0.3,0.468,0.98,0.332,0.98,0.252,0.34,0.304
374,5,-0.02,0.236,0.96,0.524,1.0,0.444,0.32,0.072
375,1,0.98,0.428,0.94,0.292,0.68,0.212,0.3,0.264
376,1,1.0,0.62,0.92,0.06,0.36,-0.02,0.28,0.456
377,6,0.768,0.3,0.688,0.04,0.552,0.98,0.472,0.436
378,6,0.536,-0.02,0.456,0.02,0.744,1.0,0.664,0.416
379,2,0.728,0.98,0.648,0.0,0.512,0.68,0.432,0.396
380,2,0.92,1.0,0.84,-0.02,0.28,0.36,0.2,0.376
381,4,0.688,0.98,1.0,0.98,0.472,0.34,-0.032,0.056
382,4,0.456,0.96,1.0,1.0,0.664,0.32,-0.264,-0.264
383,8,0.648,0.94,0.768,0.68,0.432,0.3,-0.072,0.736
384,8,0.84,0.92,0.536,0.36,0.2,0.28,0.12,1.0
385,,0.82,0.9,0.516,0.34,0.18,0.26,0.1,0.98
386,,0.8,0.88,0.496,0.32,0.16,0.24,0.08,0.96
387,,0.78,0.86,0.476,0.3,0.14,0.22,0.06,0.94
388,,0.76,0.84,0.456,0.28,0.12,0.2,0.04,0.92
389,,0.74,0.82,0.436,0.26,0.1,0.18,0.02,0.9
390,,0.72,0.8,0.416,0.24,0.08,0.16,0.0,0.88
391,,0.7,0.78,0.396,0.22,0.06,0.14,-0.02,0.86
392,7,0.68,0.548,0.076,-0.012,0.04,0.332,0.98,1.0
393,7,0.66,0.316,-0.244,-0.244,0.02,0.524,1.0,1.0
394,4,0.428,0.296,-0.052,0.756,0.212,0.504,0.768,0.68
395,4,0.196,0.276,0.14,1.0,0.404,0.484,0.536,0.36
396,,0.176,0.256,0.12,0.98,0.384,0.464,0.516,0.34
397,,0.156,0.236,0.1,0.96,0.364,0.444,0.496,0.32
398,,0.136,0.216,0.08,0.94,0.344,0.424,0.476,0.3
399,,0.116,0.196,0.06,0.92,0.324,0.404,0.456,0.28
400,,0.096,0.176,0.04,0.9,0.304,0.384,0.436,0.26
401,,0.076,0.156,0.02,0.88,0.284,0.364,0.416,0.24
402,,0.056,0.136,0.0,0.86,0.264,0.344,0.396,0.22
403,,0.036,0.116,-0.02,0.84,0.244,0.324,0.376,0.2
404,3,0.016,0.308,0.98,1.0,0.224,0.092,0.056,-0.032
405,3,-0.004,0.5,1.0,1.0,0.204,-0.14,-0.264,-0.264
406,7,-0.024,0.268,0.68,0.768,0.184,0.052,0.736,-0.072
407,7,-0.044,0.036,0.36,0.536,0.164,0.244,1.0,0.12
408,1,0.956,0.228,0.34,0.304,-0.156,0.012,0.98,0.312
409,1,1.0,0.42,0.32,0.072,-0.476,-0.22,0.96,0.504
410,5,0.68,0.188,0.3,0.264,0.524,-0.028,0.94,0.272
411,5,0.36,-0.044,0.28,0.456,1.0,0.164,0.92,0.04
412,2,0.552,0.956,0.472,0.436,0.768,-0.156,0.688,0.02
413,2,0.744,1.0,0.664,0.416,0.536,-0.476,0.456,0.0
414,6,0.512,0.68,0.432,0.396,0.728,0.524,0.648,-0.02
415,6,0.28,0.36,0.2,0.376,0.92,1.0,0.84,-0.04
416,8,0.472,0.34,-0.032,0.056,0.688,0.98,1.0,0.96
417,8,0.664,0.32,-0.264,-0.264,0.456,0.96,1.0,1.0
418,4,0.432,0.3,-0.072,0.736,0.648,0.94,0.768,0.68
419,4,0.2,0.28,0.12,1.0,0.84,0.92,0.536,0.36
420,,0.18,0.26,0.1,0.98,0.82,0.9,0.516,0.34
421,,0.16,0.24,0.08,0.96,0.8,0.88,0.496,0.32
422,,0.14,0.22,0.06,0.94,0.78,0.86,0.476,0.3
423,,0.12,0.2,0.04,0.92,0.76,0.84,0.456,0.28
424,,0.1,0.18,0.02,0.9,0.74,0.82,0.436,0.26
425,,0.08,0.16,0.0,0.88,0.72,0.8,0.416,0.24
426,,0.06,0.14,-0.02,0.86,0.7,0.78,0.396,0.22
427,3,0.04,0.332,0.98,1.0,0.68,0.548,0.076,-0.012
428,3,0.02,0.524,1.0,1.0,0.66,0.316,-0.244,-0.244
429,8,0.212,0.504,0.768,0.68,0.428,0.296,-0.052,0.756
430,8,0.404,0.484,0.536,0.36,0.196,0.276,0.14,1.0
431,,0.384,0.464,0.516,0.34,0.176,0.256,0.12,0.98
432,,0.364,0.444,0.496,0.32,0.156,0.236,0.1,0.96
433,,0.344,0.424,0.476,0.3,0.136,0.216,0.08,0.94
434,,0.324,0.404,0.456,0.28,0.116,0.196,0.06,0.92
435,,0.304,0.384,0.436,0.26,0.096,0.176,0.04,0.9
436,,0.284,0.364,0.416,0.24,0.076,0.156,0.02,0.88
437,,0.264,0.344,0.396,0.22,0.056,0.136,0.0,0.86
438,,0.244,0.324,0.376,0.2,0.036,0.116,-0.02,0.84
439,7,0.224,0.092,0.056,-0.032,0.016,0.308,0.98,1.0
440,7,0.204,-0.14,-0.264,-0.264,-0.004,0.5,1.0,1.0
441,4,-0.028,-0.16,-0.072,0.736,0.188,0.48,0.768,0.68
442,4,-0.26,-0.18,0.12,1.0,0.38,0.46,0.536,0.36
443,1,0.74,0.012,0.1,0.768,0.06,0.228,0.516,0.552
444,1,1.0,0.204,0.08,0.536,-0.26,-0.004,0.496,0.744
445,5,0.68,-0.028,0.06,0.728,0.74,0.188,0.476,0.512
446,5,0.36,-0.26,0.04,0.92,1.0,0.38,0.456,0.28
447,2,0.552,0.74,0.232,0.9,0.768,0.06,0.224,0.26
448,2,0.744,1.0,0.424,0.88,0.536,-0.26,-0.008,0.24
449,6,0.512,0.68,0.192,0.86,0.728,0.74,0.184,0.22
450,6,0.28,0.36,-0.04,0.84,0.92,1.0,0.376,0.2
451,3,0.26,0.552,0.96,1.0,0.9,0.768,0.056,-0.032
452,3,0.24,0.744,1.0,1.0,0.88,0.536,-0.264,-0.264
453,8,0.432,0.724,0.768,0.68,0.648,0.516,-0.072,0.736
454,8,0.624,0.704,0.536,0.36,0.416,0.496,0.12,1.0
455,,0.604,0.684,0.516,0.34,0.396,0.476,0.1,0.98
456,,0.584,0.664,0.496,0.32,0.376,0.456,0.08,0.96
457,,0.564,0.644,0.476,0.3,0.356,0.436,0.06,0.94
458,,0.544,0.624,0.456,0.28,0.336,0.416,0.04,0.92
459,,0.524,0.604,0.436,0.26,0.316,0.396,0.02,0.9
460,,0.504,0.584,0.416,0.24,0.296,0.376,0.0,0.88
461,,0.484,0.564,0.396,0.22,0.276,0.356,-0.02,0.86
462,7,0.464,0.332,0.076,-0.012,0.256,0.548,0.98,1.0
463,7,0.444,0.1,-0.244,-0.244,0.236,0.74,1.0,1.0
464,4,0.212,0.08,-0.052,0.756,0.428,0.72,0.768,0.68
465,4,-0.02,0.06,0.14,1.0,0.62,0.7,0.536,0.36
466,1,0.98,0.252,0.12,0.768,0.3,0.468,0.516,0.552
467,1,1.0,0.444,0.1,0.536,-0.02,0.236,0.496,0.744
468,5,0.68,0.212,0.08,0.728,0.98,0.428,0.476,0.512
469,5,0.36,-0.02,0.06,0.92,1.0,0.62,0.456,0.28
470,2,0.552,0.98,0.252,0.9,0.768,0.3,0.224,0.26
471,2,0.744,1.0,0.444,0.88,0.536,-0.02,-0.008,0.24
472,6,0.512,0.68,0.212,0.86,0.728,0.98,0.184,0.22
473,6,0.28,0.36,-0.02,0.84,0.92,1.0,0.376,0.2
474,3,0.26,0.552,0.98,1.0,0.9,0.768,0.056,-0.032
475,3,0.24,0.744,1.0,1.0,0.88,0.536,-0.264,-0.264
476,7,0.22,0.512,0.68,0.768,0.86,0.728,0.736,-0.072
477,7,0.2,0.28,0.36,0.536,0.84,0.92,1.0,0.12
478,,0.18,0.26,0.34,0.516,0.82,0.9,0.98,0.1
479,,0.16,0.24,0.32,0.496,0.8,0.88,0.96,0.08
480,,0.14,0.22,0.3,0.476,0.78,0.86,0.94,0.06
481,,0.12,0.2,0.28,0.456,0.76,0.84,0.92,0.04
482,,0.1,0.18,0.26,0.436,0.74,0.82,0.9,0.02
483,,0.08,0.16,0.24,0.416,0.72,0.8,0.88,0.0
484,,0.06,0.14,0.22,0.396,0.7,0.78,0.86,-0.02
485,8,0.252,0.12,-0.012,0.076,0.468,0.76,1.0,0.98
486,8,0.444,0.1,-0.244,-0.244,0.236,0.74,1.0,1.0
487,3,0.424,0.292,0.756,-0.052,0.216,0.508,0.68,0.768
488,3,0.404,0.484,1.0,0.14,0.196,0.276,0.36,0.536
489,,0.384,0.464,0.98,0.12,0.176,0.256,0.34,0.516
490,,0.364,0.444,0.96,0.1,0.156,0.236,0.32,0.496
491,,0.344,0.424,0.94,0.08,0.136,0.216,0.3,0.476
492,,0.324,0.404,0.92,0.06,0.116,0.196,0.28,0.456
493,,0.304,0.384,0.9,0.04,0.096,0.176,0.26,0.436
494,,0.284,0.364,0.88,0.02,0.076,0.156,0.24,0.416
495,,0.264,0.344,0.86,0.0,0.056,0.136,0.22,0.396
496,,0.244,0.324,0.84,-0.02,0.036,0.116,0.2,0.376
497,4,0.012,0.304,1.0,0.98,0.228,0.096,-0.032,0.056
498,4,-0.22,0.284,1.0,1.0,0.42,0.076,-0.264,-0.264
499,7,-0.24,0.052,0.68,0.768,0.4,0.268,0.736,-0.072
