step,active_motive,motive_1,motive_2,motive_3,motive_4,motive_5,motive_6,motive_7,motive_8
0,,0.03706,0.08128,0.09472,0.0986,0.07534,0.03763,0.00835,0.07771
1,,0.01706,0.06128,0.07472,0.0786,0.05534,0.01763,-0.01165,0.05771
2,7,-0.00294,-0.17072,-0.24528,-0.1534,0.03534,0.20963,0.98835,0.24971
3,7,-0.02294,-0.40272,-0.56528,-0.3854,0.01534,0.40163,1.0,0.44171
4,3,-0.04294,-0.21072,0.43472,-0.1934,-0.00466,0.16963,0.68,0.20971
5,3,-0.06294,-0.01872,1.0,-0.0014,-0.02466,-0.06237,0.36,-0.02229
6,1,0.93706,0.17328,0.98,-0.2334,-0.34466,-0.29437,0.34,0.16971
7,1,1.0,0.36528,0.96,-0.4654,-0.66466,-0.52637,0.32,0.36171
8,5,0.68,0.13328,0.94,-0.2734,0.33534,-0.33437,0.3,0.12971
9,5,0.36,-0.09872,0.92,-0.0814,1.0,-0.14237,0.28,-0.10229
10,6,0.128,-0.41872,0.688,-0.1014,1.0,0.85763,0.472,-0.12229
11,6,-0.104,-0.73872,0.456,-0.1214,1.0,1.0,0.664,-0.14229
12,2,0.088,0.26128,0.648,-0.1414,0.768,0.68,0.432,-0.16229
13,2,0.28,1.0,0.84,-0.1614,0.536,0.36,0.2,-0.18229
14,8,0.472,0.98,0.608,-0.4814,0.304,0.34,0.392,0.81771
15,8,0.664,0.96,0.376,-0.8014,0.072,0.32,0.584,1.0
16,4,0.432,0.94,0.568,0.1986,0.264,0.3,0.352,0.68
17,4,0.2,0.92,0.76,1.0,0.456,0.28,0.12,0.36
18,,0.18,0.9,0.74,0.98,0.436,0.26,0.1,0.34
19,,0.16,0.88,0.72,0.96,0.416,0.24,0.08,0.32
20,,0.14,0.86,0.7,0.94,0.396,0.22,0.06,0.3
21,,0.12,0.84,0.68,0.92,0.376,0.2,0.04,0.28
22,,0.1,0.82,0.66,0.9,0.356,0.18,0.02,0.26
23,,0.08,0.8,0.64,0.88,0.336,0.16,0.0,0.24
24,,0.06,0.78,0.62,0.86,0.316,0.14,-0.02,0.22
25,7,0.04,0.548,0.3,0.628,0.296,0.332,0.98,0.412
26,7,0.02,0.316,-0.02,0.396,0.276,0.524,1.0,0.604
27,3,0.0,0.508,0.98,0.588,0.256,0.292,0.68,0.372
28,3,-0.02,0.7,1.0,0.78,0.236,0.06,0.36,0.14
29,1,0.98,0.892,0.98,0.548,-0.084,-0.172,0.34,0.332
30,1,1.0,1.0,0.96,0.316,-0.404,-0.404,0.32,0.524
31,6,0.768,0.68,0.728,0.296,-0.212,0.596,0.512,0.504
32,6,0.536,0.36,0.496,0.276,-0.02,1.0,0.704,0.484
33,5,0.216,0.128,0.476,0.468,0.98,1.0,0.684,0.252
34,5,-0.104,-0.104,0.456,0.66,1.0,1.0,0.664,0.02
35,1,0.896,0.088,0.436,0.428,0.68,0.768,0.644,0.212
36,1,1.0,0.28,0.416,0.196,0.36,0.536,0.624,0.404
37,,0.98,0.26,0.396,0.176,0.34,0.516,0.604,0.384
38,,0.96,0.24,0.376,0.156,0.32,0.496,0.584,0.364
39,,0.94,0.22,0.356,0.136,0.3,0.476,0.564,0.344
40,,0.92,0.2,0.336,0.116,0.28,0.456,0.544,0.324
41,,0.9,0.18,0.316,0.096,0.26,0.436,0.524,0.304
42,,0.88,0.16,0.296,0.076,0.24,0.416,0.504,0.284
43,,0.86,0.14,0.276,0.056,0.22,0.396,0.484,0.264
44,,0.84,0.12,0.256,0.036,0.2,0.376,0.464,0.244
45,,0.82,0.1,0.236,0.016,0.18,0.356,0.444,0.224
46,,0.8,0.08,0.216,-0.004,0.16,0.336,0.424,0.204
47,4,0.568,0.06,0.408,0.996,0.352,0.316,0.192,-0.116
48,4,0.336,0.04,0.6,1.0,0.544,0.296,-0.04,-0.436
49,8,0.528,0.02,0.368,0.68,0.312,0.276,0.152,0.564
50,8,0.72,0.0,0.136,0.36,0.08,0.256,0.344,1.0
51,,0.7,-0.02,0.116,0.34,0.06,0.236,0.324,0.98
52,2,0.892,0.98,0.308,0.32,-0.172,-0.084,0.092,0.96
53,2,1.0,1.0,0.5,0.3,-0.404,-0.404,-0.14,0.94
54,5,0.68,0.768,0.48,0.492,0.596,-0.212,-0.16,0.708
55,5,0.36,0.536,0.46,0.684,1.0,-0.02,-0.18,0.476
56,7,0.34,0.304,0.14,0.452,0.98,0.172,0.82,0.668
57,7,0.32,0.072,-0.18,0.22,0.96,0.364,1.0,0.86
58,3,0.3,0.264,0.82,0.412,0.94,0.132,0.68,0.628
59,3,0.28,0.456,1.0,0.604,0.92,-0.1,0.36,0.396
60,6,0.048,0.136,0.768,0.584,1.0,0.9,0.552,0.376
61,6,-0.184,-0.184,0.536,0.564,1.0,1.0,0.744,0.356
62,2,0.008,0.816,0.728,0.544,0.768,0.68,0.512,0.336
63,2,0.2,1.0,0.92,0.524,0.536,0.36,0.28,0.316
64,,0.18,0.98,0.9,0.504,0.516,0.34,0.26,0.296
65,,0.16,0.96,0.88,0.484,0.496,0.32,0.24,0.276
66,,0.14,0.94,0.86,0.464,0.476,0.3,0.22,0.256
67,,0.12,0.92,0.84,0.444,0.456,0.28,0.2,0.236
68,,0.1,0.9,0.82,0.424,0.436,0.26,0.18,0.216
69,,0.08,0.88,0.8,0.404,0.416,0.24,0.16,0.196
70,,0.06,0.86,0.78,0.384,0.396,0.22,0.14,0.176
71,,0.04,0.84,0.76,0.364,0.376,0.2,0.12,0.156
72,,0.02,0.82,0.74,0.344,0.356,0.18,0.1,0.136
73,,0.0,0.8,0.72,0.324,0.336,0.16,0.08,0.116
74,,-0.02,0.78,0.7,0.304,0.316,0.14,0.06,0.096
75,1,0.98,0.972,0.68,0.072,-0.004,-0.092,0.04,0.288
76,1,1.0,1.0,0.66,-0.16,-0.324,-0.324,0.02,0.48
77,6,0.768,0.68,0.428,-0.18,-0.132,0.676,0.212,0.46
78,6,0.536,0.36,0.196,-0.2,0.06,1.0,0.404,0.44
79,4,0.304,0.34,0.388,0.8,0.252,0.98,0.172,0.12
80,4,0.072,0.32,0.58,1.0,0.444,0.96,-0.06,-0.2
81,8,0.264,0.3,0.348,0.68,0.212,0.94,0.132,0.8
82,8,0.456,0.28,0.116,0.36,-0.02,0.92,0.324,1.0
83,5,0.136,0.048,0.096,0.552,0.98,1.0,0.304,0.768
84,5,-0.184,-0.184,0.076,0.744,1.0,1.0,0.284,0.536
85,1,0.816,0.008,0.056,0.512,0.68,0.768,0.264,0.728
86,1,1.0,0.2,0.036,0.28,0.36,0.536,0.244,0.92
87,,0.98,0.18,0.016,0.26,0.34,0.516,0.224,0.9
88,,0.96,0.16,-0.004,0.24,0.32,0.496,0.204,0.88
89,3,0.94,0.352,0.996,0.432,0.3,0.264,-0.116,0.648
90,3,0.92,0.544,1.0,0.624,0.28,0.032,-0.436,0.416
91,7,0.9,0.312,0.68,0.392,0.26,0.224,0.564,0.608
92,7,0.88,0.08,0.36,0.16,0.24,0.416,1.0,0.8
93,,0.86,0.06,0.34,0.14,0.22,0.396,0.98,0.78
94,,0.84,0.04,0.32,0.12,0.2,0.376,0.96,0.76
95,,0.82,0.02,0.3,0.1,0.18,0.356,0.94,0.74
96,,0.8,0.0,0.28,0.08,0.16,0.336,0.92,0.72
97,,0.78,-0.02,0.26,0.06,0.14,0.316,0.9,0.7
98,2,0.972,0.98,0.452,0.04,-0.092,-0.004,0.668,0.68
99,2,1.0,1.0,0.644,0.02,-0.324,-0.324,0.436,0.66
100,5,0.68,0.768,0.624,0.212,0.676,-0.132,0.416,0.428
101,5,0.36,0.536,0.604,0.404,1.0,0.06,0.396,0.196
102,,0.34,0.516,0.584,0.384,0.98,0.04,0.376,0.176
103,,0.32,0.496,0.564,0.364,0.96,0.02,0.356,0.156
104,,0.3,0.476,0.544,0.344,0.94,0.0,0.336,0.136
105,,0.28,0.456,0.524,0.324,0.92,-0.02,0.316,0.116
106,6,0.048,0.136,0.292,0.304,1.0,0.98,0.508,0.096
107,6,-0.184,-0.184,0.06,0.284,1.0,1.0,0.7,0.076
108,2,0.008,0.816,0.252,0.264,0.768,0.68,0.468,0.056
109,2,0.2,1.0,0.444,0.244,0.536,0.36,0.236,0.036
110,,0.18,0.98,0.424,0.224,0.516,0.34,0.216,0.016
111,,0.16,0.96,0.404,0.204,0.496,0.32,0.196,-0.004
112,8,0.352,0.94,0.172,-0.116,0.264,0.3,0.388,0.996
113,8,0.544,0.92,-0.06,-0.436,0.032,0.28,0.58,1.0
114,4,0.312,0.9,0.132,0.564,0.224,0.26,0.348,0.68
115,4,0.08,0.88,0.324,1.0,0.416,0.24,0.116,0.36
116,,0.06,0.86,0.304,0.98,0.396,0.22,0.096,0.34
117,,0.04,0.84,0.284,0.96,0.376,0.2,0.076,0.32
118,,0.02,0.82,0.264,0.94,0.356,0.18,0.056,0.3
119,,0.0,0.8,0.244,0.92,0.336,0.16,0.036,0.28
120,,-0.02,0.78,0.224,0.9,0.316,0.14,0.016,0.26
121,1,0.98,0.972,0.204,0.668,-0.004,-0.092,-0.004,0.452
122,1,1.0,1.0,0.184,0.436,-0.324,-0.324,-0.024,0.644
123,5,0.68,0.768,0.164,0.628,0.676,-0.132,-0.044,0.412
124,5,0.36,0.536,0.144,0.82,1.0,0.06,-0.064,0.18
125,7,0.34,0.304,-0.176,0.588,0.98,0.252,0.936,0.372
126,7,0.32,0.072,-0.496,0.356,0.96,0.444,1.0,0.564
127,3,0.3,0.264,0.504,0.548,0.94,0.212,0.68,0.332
128,3,0.28,0.456,1.0,0.74,0.92,-0.02,0.36,0.1
129,6,0.048,0.136,0.768,0.72,1.0,0.98,0.552,0.08
130,6,-0.184,-0.184,0.536,0.7,1.0,1.0,0.744,0.06
131,1,0.816,0.008,0.516,0.468,0.68,0.768,0.724,0.252
132,1,1.0,0.2,0.496,0.236,0.36,0.536,0.704,0.444
133,,0.98,0.18,0.476,0.216,0.34,0.516,0.684,0.424
134,,0.96,0.16,0.456,0.196,0.32,0.496,0.664,0.404
135,,0.94,0.14,0.436,0.176,0.3,0.476,0.644,0.384
136,,0.92,0.12,0.416,0.156,0.28,0.456,0.624,0.364
137,,0.9,0.1,0.396,0.136,0.26,0.436,0.604,0.344
138,,0.88,0.08,0.376,0.116,0.24,0.416,0.584,0.324
139,,0.86,0.06,0.356,0.096,0.22,0.396,0.564,0.304
140,,0.84,0.04,0.336,0.076,0.2,0.376,0.544,0.284
141,,0.82,0.02,0.316,0.056,0.18,0.356,0.524,0.264
142,,0.8,0.0,0.296,0.036,0.16,0.336,0.504,0.244
143,,0.78,-0.02,0.276,0.016,0.14,0.316,0.484,0.224
144,2,0.972,0.98,0.468,-0.004,-0.092,-0.004,0.252,0.204
145,2,1.0,1.0,0.66,-0.024,-0.324,-0.324,0.02,0.184
146,5,0.68,0.768,0.64,0.168,0.676,-0.132,0.0,-0.048
147,5,0.36,0.536,0.62,0.36,1.0,0.06,-0.02,-0.28
148,8,0.552,0.516,0.388,0.04,0.768,0.04,0.172,0.72
149,8,0.744,0.496,0.156,-0.28,0.536,0.02,0.364,1.0
150,4,0.512,0.476,0.348,0.72,0.728,0.0,0.132,0.68
151,4,0.28,0.456,0.54,1.0,0.92,-0.02,-0.1,0.36
152,7,0.26,0.224,0.22,0.768,0.9,0.172,0.9,0.552
153,7,0.24,-0.008,-0.1,0.536,0.88,0.364,1.0,0.744
154,3,0.22,0.184,0.9,0.728,0.86,0.132,0.68,0.512
155,3,0.2,0.376,1.0,0.92,0.84,-0.1,0.36,0.28
156,6,-0.032,0.056,0.768,0.9,1.0,0.9,0.552,0.26
157,6,-0.264,-0.264,0.536,0.88,1.0,1.0,0.744,0.24
158,2,-0.072,0.736,0.728,0.86,0.768,0.68,0.512,0.22
159,2,0.12,1.0,0.92,0.84,0.536,0.36,0.28,0.2
160,,0.1,0.98,0.9,0.82,0.516,0.34,0.26,0.18
161,,0.08,0.96,0.88,0.8,0.496,0.32,0.24,0.16
162,,0.06,0.94,0.86,0.78,0.476,0.3,0.22,0.14
163,,0.04,0.92,0.84,0.76,0.456,0.28,0.2,0.12
164,,0.02,0.9,0.82,0.74,0.436,0.26,0.18,0.1
165,,0.0,0.88,0.8,0.72,0.416,0.24,0.16,0.08
166,,-0.02,0.86,0.78,0.7,0.396,0.22,0.14,0.06
167,1,0.98,1.0,0.76,0.468,0.076,-0.012,0.12,0.252
168,1,1.0,1.0,0.74,0.236,-0.244,-0.244,0.1,0.444
169,6,0.768,0.68,0.508,0.216,-0.052,0.756,0.292,0.424
170,6,0.536,0.36,0.276,0.196,0.14,1.0,0.484,0.404
171,,0.516,0.34,0.256,0.176,0.12,0.98,0.464,0.384
172,,0.496,0.32,0.236,0.156,0.1,0.96,0.444,0.364
173,,0.476,0.3,0.216,0.136,0.08,0.94,0.424,0.344
174,,0.456,0.28,0.196,0.116,0.06,0.92,0.404,0.324
175,,0.436,0.26,0.176,0.096,0.04,0.9,0.384,0.304
176,,0.416,0.24,0.156,0.076,0.02,0.88,0.364,0.284
177,,0.396,0.22,0.136,0.056,0.0,0.86,0.344,0.264
178,,0.376,0.2,0.116,0.036,-0.02,0.84,0.324,0.244
179,5,0.056,-0.032,0.096,0.228,0.98,1.0,0.304,0.012
180,5,-0.264,-0.264,0.076,0.42,1.0,1.0,0.284,-0.22
181,2,-0.072,0.736,0.268,0.4,0.768,0.68,0.052,-0.24
182,2,0.12,1.0,0.46,0.38,0.536,0.36,-0.18,-0.26
183,8,0.312,0.98,0.228,0.06,0.304,0.34,0.012,0.74
184,8,0.504,0.96,-0.004,-0.26,0.072,0.32,0.204,1.0
185,4,0.272,0.94,0.188,0.74,0.264,0.3,-0.028,0.68
186,4,0.04,0.92,0.38,1.0,0.456,0.28,-0.26,0.36
187,7,0.02,0.688,0.06,0.768,0.436,0.472,0.74,0.552
188,7,0.0,0.456,-0.26,0.536,0.416,0.664,1.0,0.744
189,3,-0.02,0.648,0.74,0.728,0.396,0.432,0.68,0.512
190,3,-0.04,0.84,1.0,0.92,0.376,0.2,0.36,0.28
191,1,0.96,1.0,0.98,0.688,0.056,-0.032,0.34,0.472
192,1,1.0,1.0,0.96,0.456,-0.264,-0.264,0.32,0.664
193,6,0.768,0.68,0.728,0.436,-0.072,0.736,0.512,0.644
194,6,0.536,0.36,0.496,0.416,0.12,1.0,0.704,0.624
195,,0.516,0.34,0.476,0.396,0.1,0.98,0.684,0.604
196,,0.496,0.32,0.456,0.376,0.08,0.96,0.664,0.584
197,,0.476,0.3,0.436,0.356,0.06,0.94,0.644,0.564
198,,0.456,0.28,0.416,0.336,0.04,0.92,0.624,0.544
199,,0.436,0.26,0.396,0.316,0.02,0.9,0.604,0.524
200,,0.416,0.24,0.376,0.296,0.0,0.88,0.584,0.504
201,,0.396,0.22,0.356,0.276,-0.02,0.86,0.564,0.484
202,5,0.076,-0.012,0.336,0.468,0.98,1.0,0.544,0.252
203,5,-0.244,-0.244,0.316,0.66,1.0,1.0,0.524,0.02
204,2,-0.052,0.756,0.508,0.64,0.768,0.68,0.292,0.0
205,2,0.14,1.0,0.7,0.62,0.536,0.36,0.06,-0.02
206,8,0.332,0.98,0.468,0.3,0.304,0.34,0.252,0.98
207,8,0.524,0.96,0.236,-0.02,0.072,0.32,0.444,1.0
208,4,0.292,0.94,0.428,0.98,0.264,0.3,0.212,0.68
209,4,0.06,0.92,0.62,1.0,0.456,0.28,-0.02,0.36
210,7,0.04,0.688,0.3,0.768,0.436,0.472,0.98,0.552
211,7,0.02,0.456,-0.02,0.536,0.416,0.664,1.0,0.744
212,3,0.0,0.648,0.98,0.728,0.396,0.432,0.68,0.512
213,3,-0.02,0.84,1.0,0.92,0.376,0.2,0.36,0.28
214,1,0.98,1.0,0.98,0.688,0.056,-0.032,0.34,0.472
215,1,1.0,1.0,0.96,0.456,-0.264,-0.264,0.32,0.664
216,6,0.768,0.68,0.728,0.436,-0.072,0.736,0.512,0.644
217,6,0.536,0.36,0.496,0.416,0.12,1.0,0.704,0.624
218,,0.516,0.34,0.476,0.396,0.1,0.98,0.684,0.604
219,,0.496,0.32,0.456,0.376,0.08,0.96,0.664,0.584
220,,0.476,0.3,0.436,0.356,0.06,0.94,0.644,0.564
221,,0.456,0.28,0.416,0.336,0.04,0.92,0.624,0.544
222,,0.436,0.26,0.396,0.316,0.02,0.9,0.604,0.524
223,,0.416,0.24,0.376,0.296,0.0,0.88,0.584,0.504
224,,0.396,0.22,0.356,0.276,-0.02,0.86,0.564,0.484
225,5,0.076,-0.012,0.336,0.468,0.98,1.0,0.544,0.252
226,5,-0.244,-0.244,0.316,0.66,1.0,1.0,0.524,0.02
227,2,-0.052,0.756,0.508,0.64,0.768,0.68,0.292,0.0
228,2,0.14,1.0,0.7,0.62,0.536,0.36,0.06,-0.02
229,8,0.332,0.98,0.468,0.3,0.304,0.34,0.252,0.98
230,8,0.524,0.96,0.236,-0.02,0.072,0.32,0.444,1.0
231,4,0.292,0.94,0.428,0.98,0.264,0.3,0.212,0.68
232,4,0.06,0.92,0.62,1.0,0.456,0.28,-0.02,0.36
233,7,0.04,0.688,0.3,0.768,0.436,0.472,0.98,0.552
234,7,0.02,0.456,-0.02,0.536,0.416,0.664,1.0,0.744
235,3,0.0,0.648,0.98,0.728,0.396,0.432,0.68,0.512
236,3,-0.02,0.84,1.0,0.92,0.376,0.2,0.36,0.28
237,1,0.98,1.0,0.98,0.688,0.056,-0.032,0.34,0.472
238,1,1.0,1.0,0.96,0.456,-0.264,-0.264,0.32,0.664
239,5,0.68,0.768,0.94,0.648,0.736,-0.072,0.3,0.432
240,5,0.36,0.536,0.92,0.84,1.0,0.12,0.28,0.2
241,,0.34,0.516,0.9,0.82,0.98,0.1,0.26,0.18
242,,0.32,0.496,0.88,0.8,0.96,0.08,0.24,0.16
243,,0.3,0.476,0.86,0.78,0.94,0.06,0.22,0.14
244,,0.28,0.456,0.84,0.76,0.92,0.04,0.2,0.12
245,,0.26,0.436,0.82,0.74,0.9,0.02,0.18,0.1
246,,0.24,0.416,0.8,0.72,0.88,0.0,0.16,0.08
247,,0.22,0.396,0.78,0.7,0.86,-0.02,0.14,0.06
248,6,-0.012,0.076,0.548,0.68,1.0,0.98,0.332,0.04
249,6,-0.244,-0.244,0.316,0.66,1.0,1.0,0.524,0.02
250,1,0.756,-0.052,0.296,0.428,0.68,0.768,0.504,0.212
251,1,1.0,0.14,0.276,0.196,0.36,0.536,0.484,0.404
252,,0.98,0.12,0.256,0.176,0.34,0.516,0.464,0.384
253,,0.96,0.1,0.236,0.156,0.32,0.496,0.444,0.364
254,,0.94,0.08,0.216,0.136,0.3,0.476,0.424,0.344
255,,0.92,0.06,0.196,0.116,0.28,0.456,0.404,0.324
256,,0.9,0.04,0.176,0.096,0.26,0.436,0.384,0.304
257,,0.88,0.02,0.156,0.076,0.24,0.416,0.364,0.284
258,,0.86,0.0,0.136,0.056,0.22,0.396,0.344,0.264
259,,0.84,-0.02,0.116,0.036,0.2,0.376,0.324,0.244
260,2,1.0,0.98,0.308,0.016,-0.032,0.056,0.092,0.224
261,2,1.0,1.0,0.5,-0.004,-0.264,-0.264,-0.14,0.204
262,5,0.68,0.768,0.48,0.188,0.736,-0.072,-0.16,-0.028
263,5,0.36,0.536,0.46,0.38,1.0,0.12,-0.18,-0.26
264,8,0.552,0.516,0.228,0.06,0.768,0.1,0.012,0.74
265,8,0.744,0.496,-0.004,-0.26,0.536,0.08,0.204,1.0
266,4,0.512,0.476,0.188,0.74,0.728,0.06,-0.028,0.68
267,4,0.28,0.456,0.38,1.0,0.92,0.04,-0.26,0.36
268,7,0.26,0.224,0.06,0.768,0.9,0.232,0.74,0.552
269,7,0.24,-0.008,-0.26,0.536,0.88,0.424,1.0,0.744
270,3,0.22,0.184,0.74,0.728,0.86,0.192,0.68,0.512
271,3,0.2,0.376,1.0,0.92,0.84,-0.04,0.36,0.28
272,6,-0.032,0.056,0.768,0.9,1.0,0.96,0.552,0.26
273,6,-0.264,-0.264,0.536,0.88,1.0,1.0,0.744,0.24
274,1,0.736,-0.072,0.516,0.648,0.68,0.768,0.724,0.432
275,1,1.0,0.12,0.496,0.416,0.36,0.536,0.704,0.624
276,,0.98,0.1,0.476,0.396,0.34,0.516,0.684,0.604
277,,0.96,0.08,0.456,0.376,0.32,0.496,0.664,0.584
278,,0.94,0.06,0.436,0.356,0.3,0.476,0.644,0.564
279,,0.92,0.04,0.416,0.336,0.28,0.456,0.624,0.544
280,,0.9,0.02,0.396,0.316,0.26,0.436,0.604,0.524
281,,0.88,0.0,0.376,0.296,0.24,0.416,0.584,0.504
282,,0.86,-0.02,0.356,0.276,0.22,0.396,0.564,0.484
283,2,1.0,0.98,0.548,0.256,-0.012,0.076,0.332,0.464
284,2,1.0,1.0,0.74,0.236,-0.244,-0.244,0.1,0.444
285,5,0.68,0.768,0.72,0.428,0.756,-0.052,0.08,0.212
286,5,0.36,0.536,0.7,0.62,1.0,0.14,0.06,-0.02
287,8,0.552,0.516,0.468,0.3,0.768,0.12,0.252,0.98
288,8,0.744,0.496,0.236,-0.02,0.536,0.1,0.444,1.0
289,4,0.512,0.476,0.428,0.98,0.728,0.08,0.212,0.68
290,4,0.28,0.456,0.62,1.0,0.92,0.06,-0.02,0.36
291,7,0.26,0.224,0.3,0.768,0.9,0.252,0.98,0.552
292,7,0.24,-0.008,-0.02,0.536,0.88,0.444,1.0,0.744
293,3,0.22,0.184,0.98,0.728,0.86,0.212,0.68,0.512
294,3,0.2,0.376,1.0,0.92,0.84,-0.02,0.36,0.28
295,6,-0.032,0.056,0.768,0.9,1.0,0.98,0.552,0.26
296,6,-0.264,-0.264,0.536,0.88,1.0,1.0,0.744,0.24
297,1,0.736,-0.072,0.516,0.648,0.68,0.768,0.724,0.432
298,1,1.0,0.12,0.496,0.416,0.36,0.536,0.704,0.624
299,,0.98,0.1,0.476,0.396,0.34,0.516,0.684,0.604
300,,0.96,0.08,0.456,0.376,0.32,0.496,0.664,0.584
301,,0.94,0.06,0.436,0.356,0.3,0.476,0.644,0.564
302,,0.92,0.04,0.416,0.336,0.28,0.456,0.624,0.544
303,,0.9,0.02,0.396,0.316,0.26,0.436,0.604,0.524
304,,0.88,0.0,0.376,0.296,0.24,0.416,0.584,0.504
305,,0.86,-0.02,0.356,0.276,0.22,0.396,0.564,0.484
306,2,1.0,0.98,0.548,0.256,-0.012,0.076,0.332,0.464
307,2,1.0,1.0,0.74,0.236,-0.244,-0.244,0.1,0.444
308,5,0.68,0.768,0.72,0.428,0.756,-0.052,0.08,0.212
309,5,0.36,0.536,0.7,0.62,1.0,0.14,0.06,-0.02
310,8,0.552,0.516,0.468,0.3,0.768,0.12,0.252,0.98
311,8,0.744,0.496,0.236,-0.02,0.536,0.1,0.444,1.0
312,4,0.512,0.476,0.428,0.98,0.728,0.08,0.212,0.68
313,4,0.28,0.456,0.62,1.0,0.92,0.06,-0.02,0.36
314,7,0.26,0.224,0.3,0.768,0.9,0.252,0.98,0.552
315,7,0.24,-0.008,-0.02,0.536,0.88,0.444,1.0,0.744
316,3,0.22,0.184,0.98,0.728,0.86,0.212,0.68,0.512
317,3,0.2,0.376,1.0,0.92,0.84,-0.02,0.36,0.28
318,6,-0.032,0.056,0.768,0.9,1.0,0.98,0.552,0.26
319,6,-0.264,-0.264,0.536,0.88,1.0,1.0,0.744,0.24
320,2,-0.072,0.736,0.728,0.86,0.768,0.68,0.512,0.22
321,2,0.12,1.0,0.92,0.84,0.536,0.36,0.28,0.2
322,,0.1,0.98,0.9,0.82,0.516,0.34,0.26,0.18
323,,0.08,0.96,0.88,0.8,0.496,0.32,0.24,0.16
324,,0.06,0.94,0.86,0.78,0.476,0.3,0.22,0.14
325,,0.04,0.92,0.84,0.76,0.456,0.28,0.2,0.12
326,,0.02,0.9,0.82,0.74,0.436,0.26,0.18,0.1
327,,0.0,0.88,0.8,0.72,0.416,0.24,0.16,0.08
328,,-0.02,0.86,0.78,0.7,0.396,0.22,0.14,0.06
329,1,0.98,1.0,0.76,0.468,0.076,-0.012,0.12,0.252
330,1,1.0,1.0,0.74,0.236,-0.244,-0.244,0.1,0.444
331,6,0.768,0.68,0.508,0.216,-0.052,0.756,0.292,0.424
332,6,0.536,0.36,0.276,0.196,0.14,1.0,0.484,0.404
333,,0.516,0.34,0.256,0.176,0.12,0.98,0.464,0.384
334,,0.496,0.32,0.236,0.156,0.1,0.96,0.444,0.364
335,,0.476,0.3,0.216,0.136,0.08,0.94,0.424,0.344
336,,0.456,0.28,0.196,0.116,0.06,0.92,0.404,0.324
337,,0.436,0.26,0.176,0.096,0.04,0.9,0.384,0.304
338,,0.416,0.24,0.156,0.076,0.02,0.88,0.364,0.284
339,,0.396,0.22,0.136,0.056,0.0,0.86,0.344,0.264
340,,0.376,0.2,0.116,0.036,-0.02,0.84,0.324,0.244
341,5,0.056,-0.032,0.096,0.228,0.98,1.0,0.304,0.012
342,5,-0.264,-0.264,0.076,0.42,1.0,1.0,0.284,-0.22
343,1,0.736,-0.072,0.056,0.188,0.68,0.768,0.264,-0.028
344,1,1.0,0.12,0.036,-0.044,0.36,0.536,0.244,0.164
345,4,0.768,0.1,0.228,0.956,0.552,0.516,0.012,-0.156
346,4,0.536,0.08,0.42,1.0,0.744,0.496,-0.22,-0.476
347,8,0.728,0.06,0.188,0.68,0.512,0.476,-0.028,0.524
348,8,0.92,0.04,-0.044,0.36,0.28,0.456,0.164,1.0
349,3,0.9,0.232,0.956,0.552,0.26,0.224,-0.156,0.768
350,3,0.88,0.424,1.0,0.744,0.24,-0.008,-0.476,0.536
351,7,0.86,0.192,0.68,0.512,0.22,0.184,0.524,0.728
352,7,0.84,-0.04,0.36,0.28,0.2,0.376,1.0,0.92
353,2,1.0,0.96,0.552,0.26,-0.032,0.056,0.768,0.9
354,2,1.0,1.0,0.744,0.24,-0.264,-0.264,0.536,0.88
355,5,0.68,0.768,0.724,0.432,0.736,-0.072,0.516,0.648
356,5,0.36,0.536,0.704,0.624,1.0,0.12,0.496,0.416
357,,0.34,0.516,0.684,0.604,0.98,0.1,0.476,0.396
358,,0.32,0.496,0.664,0.584,0.96,0.08,0.456,0.376
359,,0.3,0.476,0.644,0.564,0.94,0.06,0.436,0.356
360,,0.28,0.456,0.624,0.544,0.92,0.04,0.416,0.336
361,,0.26,0.436,0.604,0.524,0.9,0.02,0.396,0.316
362,,0.24,0.416,0.584,0.504,0.88,0.0,0.376,0.296
363,,0.22,0.396,0.564,0.484,0.86,-0.02,0.356,0.276
364,6,-0.012,0.076,0.332,0.464,1.0,0.98,0.548,0.256
365,6,-0.244,-0.244,0.1,0.444,1.0,1.0,0.74,0.236
366,2,-0.052,0.756,0.292,0.424,0.768,0.68,0.508,0.216
367,2,0.14,1.0,0.484,0.404,0.536,0.36,0.276,0.196
368,,0.12,0.98,0.464,0.384,0.516,0.34,0.256,0.176
369,,0.1,0.96,0.444,0.364,0.496,0.32,0.236,0.156
370,,0.08,0.94,0.424,0.344,0.476,0.3,0.216,0.136
371,,0.06,0.92,0.404,0.324,0.456,0.28,0.196,0.116
372,,0.04,0.9,0.384,0.304,0.436,0.26,0.176,0.096
373,,0.02,0.88,0.364,0.284,0.416,0.24,0.156,0.076
374,,0.0,0.86,0.344,0.264,0.396,0.22,0.136,0.056
375,,-0.02,0.84,0.324,0.244,0.376,0.2,0.116,0.036
376,1,0.98,1.0,0.304,0.012,0.056,-0.032,0.096,0.228
377,1,1.0,1.0,0.284,-0.22,-0.264,-0.264,0.076,0.42
378,5,0.68,0.768,0.264,-0.028,0.736,-0.072,0.056,0.188
379,5,0.36,0.536,0.244,0.164,1.0,0.12,0.036,-0.044
380,8,0.552,0.516,0.012,-0.156,0.768,0.1,0.228,0.956
381,8,0.744,0.496,-0.22,-0.476,0.536,0.08,0.42,1.0
382,4,0.512,0.476,-0.028,0.524,0.728,0.06,0.188,0.68
383,4,0.28,0.456,0.164,1.0,0.92,0.04,-0.044,0.36
384,7,0.26,0.224,-0.156,0.768,0.9,0.232,0.956,0.552
385,7,0.24,-0.008,-0.476,0.536,0.88,0.424,1.0,0.744
386,3,0.22,0.184,0.524,0.728,0.86,0.192,0.68,0.512
387,3,0.2,0.376,1.0,0.92,0.84,-0.04,0.36,0.28
388,6,-0.032,0.056,0.768,0.9,1.0,0.96,0.552,0.26
389,6,-0.264,-0.264,0.536,0.88,1.0,1.0,0.744,0.24
390,1,0.736,-0.072,0.516,0.648,0.68,0.768,0.724,0.432
391,1,1.0,0.12,0.496,0.416,0.36,0.536,0.704,0.624
392,,0.98,0.1,0.476,0.396,0.34,0.516,0.684,0.604
393,,0.96,0.08,0.456,0.376,0.32,0.496,0.664,0.584
394,,0.94,0.06,0.436,0.356,0.3,0.476,0.644,0.564
395,,0.92,0.04,0.416,0.336,0.28,0.456,0.624,0.544
396,,0.9,0.02,0.396,0.316,0.26,0.436,0.604,0.524
397,,0.88,0.0,0.376,0.296,0.24,0.416,0.584,0.504
398,,0.86,-0.02,0.356,0.276,0.22,0.396,0.564,0.484
399,2,1.0,0.98,0.548,0.256,-0.012,0.076,0.332,0.464
400,2,1.0,1.0,0.74,0.236,-0.244,-0.244,0.1,0.444
401,6,0.768,0.68,0.508,0.216,-0.052,0.756,0.292,0.424
402,6,0.536,0.36,0.276,0.196,0.14,1.0,0.484,0.404
403,,0.516,0.34,0.256,0.176,0.12,0.98,0.464,0.384
404,,0.496,0.32,0.236,0.156,0.1,0.96,0.444,0.364
405,,0.476,0.3,0.216,0.136,0.08,0.94,0.424,0.344
406,,0.456,0.28,0.196,0.116,0.06,0.92,0.404,0.324
407,,0.436,0.26,0.176,0.096,0.04,0.9,0.384,0.304
408,,0.416,0.24,0.156,0.076,0.02,0.88,0.364,0.284
409,,0.396,0.22,0.136,0.056,0.0,0.86,0.344,0.264
410,,0.376,0.2,0.116,0.036,-0.02,0.84,0.324,0.244
411,5,0.056,-0.032,0.096,0.228,0.98,1.0,0.304,0.012
412,5,-0.264,-0.264,0.076,0.42,1.0,1.0,0.284,-0.22
413,1,0.736,-0.072,0.056,0.188,0.68,0.768,0.264,-0.028
414,1,1.0,0.12,0.036,-0.044,0.36,0.536,0.244,0.164
415,4,0.768,0.1,0.228,0.956,0.552,0.516,0.012,-0.156
416,4,0.536,0.08,0.42,1.0,0.744,0.496,-0.22,-0.476
417,8,0.728,0.06,0.188,0.68,0.512,0.476,-0.028,0.524
418,8,0.92,0.04,-0.044,0.36,0.28,0.456,0.164,1.0
419,3,0.9,0.232,0.956,0.552,0.26,0.224,-0.156,0.768
420,3,0.88,0.424,1.0,0.744,0.24,-0.008,-0.476,0.536
421,7,0.86,0.192,0.68,0.512,0.22,0.184,0.524,0.728
422,7,0.84,-0.04,0.36,0.28,0.2,0.376,1.0,0.92
423,2,1.0,0.96,0.552,0.26,-0.032,0.056,0.768,0.9
424,2,1.0,1.0,0.744,0.24,-0.264,-0.264,0.536,0.88
425,6,0.768,0.68,0.512,0.22,-0.072,0.736,0.728,0.86
426,6,0.536,0.36,0.28,0.2,0.12,1.0,0.92,0.84
427,,0.516,0.34,0.26,0.18,0.1,0.98,0.9,0.82
428,,0.496,0.32,0.24,0.16,0.08,0.96,0.88,0.8
429,,0.476,0.3,0.22,0.14,0.06,0.94,0.86,0.78
430,,0.456,0.28,0.2,0.12,0.04,0.92,0.84,0.76
431,,0.436,0.26,0.18,0.1,0.02,0.9,0.82,0.74
432,,0.416,0.24,0.16,0.08,0.0,0.88,0.8,0.72
433,,0.396,0.22,0.14,0.06,-0.02,0.86,0.78,0.7
434,5,0.076,-0.012,0.12,0.252,0.98,1.0,0.76,0.468
435,5,-0.244,-0.244,0.1,0.444,1.0,1.0,0.74,0.236
436,1,0.756,-0.052,0.08,0.212,0.68,0.768,0.72,0.428
437,1,1.0,0.14,0.06,-0.02,0.36,0.536,0.7,0.62
438,4,0.768,0.12,0.252,0.98,0.552,0.516,0.468,0.3
439,4,0.536,0.1,0.444,1.0,0.744,0.496,0.236,-0.02
440,8,0.728,0.08,0.212,0.68,0.512,0.476,0.428,0.98
441,8,0.92,0.06,-0.02,0.36,0.28,0.456,0.62,1.0
442,3,0.9,0.252,0.98,0.552,0.26,0.224,0.3,0.768
443,3,0.88,0.444,1.0,0.744,0.24,-0.008,-0.02,0.536
444,7,0.86,0.212,0.68,0.512,0.22,0.184,0.98,0.728
445,7,0.84,-0.02,0.36,0.28,0.2,0.376,1.0,0.92
446,2,1.0,0.98,0.552,0.26,-0.032,0.056,0.768,0.9
447,2,1.0,1.0,0.744,0.24,-0.264,-0.264,0.536,0.88
448,6,0.768,0.68,0.512,0.22,-0.072,0.736,0.728,0.86
449,6,0.536,0.36,0.28,0.2,0.12,1.0,0.92,0.84
450,,0.516,0.34,0.26,0.18,0.1,0.98,0.9,0.82
451,,0.496,0.32,0.24,0.16,0.08,0.96,0.88,0.8
452,,0.476,0.3,0.22,0.14,0.06,0.94,0.86,0.78
453,,0.456,0.28,0.2,0.12,0.04,0.92,0.84,0.76
454,,0.436,0.26,0.18,0.1,0.02,0.9,0.82,0.74
455,,0.416,0.24,0.16,0.08,0.0,0.88,0.8,0.72
456,,0.396,0.22,0.14,0.06,-0.02,0.86,0.78,0.7
457,5,0.076,-0.012,0.12,0.252,0.98,1.0,0.76,0.468
458,5,-0.244,-0.244,0.1,0.444,1.0,1.0,0.74,0.236
459,2,-0.052,0.756,0.292,0.424,0.768,0.68,0.508,0.216
460,2,0.14,1.0,0.484,0.404,0.536,0.36,0.276,0.196
461,,0.12,0.98,0.464,0.384,0.516,0.34,0.256,0.176
462,,0.1,0.96,0.444,0.364,0.496,0.32,0.236,0.156
463,,0.08,0.94,0.424,0.344,0.476,0.3,0.216,0.136
464,,0.06,0.92,0.404,0.324,0.456,0.28,0.196,0.116
465,,0.04,0.9,0.384,0.304,0.436,0.26,0.176,0.096
466,,0.02,0.88,0.364,0.284,0.416,0.24,0.156,0.076
467,,0.0,0.86,0.344,0.264,0.396,0.22,0.136,0.056
468,,-0.02,0.84,0.324,0.244,0.376,0.2,0.116,0.036
469,1,0.98,1.0,0.304,0.012,0.056,-0.032,0.096,0.228
470,1,1.0,1.0,0.284,-0.22,-0.264,-0.264,0.076,0.42
471,6,0.768,0.68,0.052,-0.24,-0.072,0.736,0.268,0.4
472,6,0.536,0.36,-0.18,-0.26,0.12,1.0,0.46,0.38
473,4,0.304,0.34,0.012,0.74,0.312,0.98,0.228,0.06
474,4,0.072,0.32,0.204,1.0,0.504,0.96,-0.004,-0.26
475,8,0.264,0.3,-0.028,0.68,0.272,0.94,0.188,0.74
476,8,0.456,0.28,-0.26,0.36,0.04,0.92,0.38,1.0
477,3,0.436,0.472,0.74,0.552,0.02,0.688,0.06,0.768
478,3,0.416,0.664,1.0,0.744,0.0,0.456,-0.26,0.536
479,7,0.396,0.432,0.68,0.512,-0.02,0.648,0.74,0.728
480,7,0.376,0.2,0.36,0.28,-0.04,0.84,1.0,0.92
481,5,0.056,-0.032,0.34,0.472,0.96,1.0,0.98,0.688
482,5,-0.264,-0.264,0.32,0.664,1.0,1.0,0.96,0.456
483,1,0.736,-0.072,0.3,0.432,0.68,0.768,0.94,0.648
484,1,1.0,0.12,0.28,0.2,0.36,0.536,0.92,0.84
485,,0.98,0.1,0.26,0.18,0.34,0.516,0.9,0.82
486,,0.96,0.08,0.24,0.16,0.32,0.496,0.88,0.8
487,,0.94,0.06,0.22,0.14,0.3,0.476,0.86,0.78
488,,0.92,0.04,0.2,0.12,0.28,0.456,0.84,0.76
489,,0.9,0.02,0.18,0.1,0.26,0.436,0.82,0.74
490,,0.88,0.0,0.16,0.08,0.24,0.416,0.8,0.72
491,,0.86,-0.02,0.14,0.06,0.22,0.396,0.78,0.7
492,2,1.0,0.98,0.332,0.04,-0.012,0.076,0.548,0.68
493,2,1.0,1.0,0.524,0.02,-0.244,-0.244,0.316,0.66
494,6,0.768,0.68,0.292,0.0,-0.052,0.756,0.508,0.64
495,6,0.536,0.36,0.06,-0.02,0.14,1.0,0.7,0.62
496,4,0.304,0.34,0.252,0.98,0.332,0.98,0.468,0.3
497,4,0.072,0.32,0.444,1.0,0.524,0.96,0.236,-0.02
498,8,0.264,0.3,0.212,0.68,0.292,0.94,0.428,0.98
499,8,0.456,0.28,-0.02,0.36,0.06,0.92,0.62,1.0
