step,active_motive,motive_1,motive_2,motive_3,motive_4,motive_5,motive_6,motive_7,motive_8
0,,0.01566,0.42114,0.22488,0.19758,0.46333,0.36364,0.16327,0.28522
1,,-0.03434,0.37114,0.17488,0.14758,0.41333,0.31364,0.11327,0.23522
2,1,0.96566,0.70414,0.22488,-0.08542,0.06333,0.08064,0.16327,0.56822
3,1,1.0,1.0,0.27488,-0.31842,-0.28667,-0.15236,0.21327,0.90122
4,4,0.767,1.0,0.60788,0.68158,0.04633,-0.10236,-0.01973,0.55122
5,4,0.534,1.0,0.94088,1.0,0.37933,-0.05236,-0.25273,0.20122
6,7,0.584,0.767,0.59088,0.767,0.42933,0.28064,0.74727,0.53422
7,7,0.634,0.534,0.24088,0.534,0.47933,0.61364,1.0,0.86722
8,,0.584,0.484,0.19088,0.484,0.42933,0.56364,0.95,0.81722
9,,0.534,0.434,0.14088,0.434,0.37933,0.51364,0.9,0.76722
10,,0.484,0.384,0.09088,0.384,0.32933,0.46364,0.85,0.71722
11,,0.434,0.334,0.04088,0.334,0.27933,0.41364,0.8,0.66722
12,,0.384,0.284,-0.00912,0.284,0.22933,0.36364,0.75,0.61722
13,3,0.434,0.617,0.99088,0.617,0.27933,0.13064,0.4,0.38422
14,3,0.484,0.95,1.0,0.95,0.32933,-0.10236,0.05,0.15122
15,6,0.251,0.6,0.767,1.0,0.66233,0.89764,0.383,0.20122
16,6,0.018,0.25,0.534,1.0,0.99533,1.0,0.716,0.25122
17,,-0.032,0.2,0.484,0.95,0.94533,0.95,0.666,0.20122
18,1,0.968,0.533,0.534,0.717,0.59533,0.717,0.716,0.53422
19,1,1.0,0.866,0.584,0.484,0.24533,0.484,0.766,0.86722
20,,0.95,0.816,0.534,0.434,0.19533,0.434,0.716,0.81722
21,,0.9,0.766,0.484,0.384,0.14533,0.384,0.666,0.76722
22,,0.85,0.716,0.434,0.334,0.09533,0.334,0.616,0.71722
23,,0.8,0.666,0.384,0.284,0.04533,0.284,0.566,0.66722
24,,0.75,0.616,0.334,0.234,-0.00467,0.234,0.516,0.61722
25,5,0.4,0.383,0.384,0.567,0.99533,0.567,0.566,0.38422
26,5,0.05,0.15,0.434,0.9,1.0,0.9,0.616,0.15122
27,,0.0,0.1,0.384,0.85,0.95,0.85,0.566,0.10122
28,,-0.05,0.05,0.334,0.8,0.9,0.8,0.516,0.05122
29,1,0.95,0.383,0.384,0.567,0.55,0.567,0.566,0.38422
30,1,1.0,0.716,0.434,0.334,0.2,0.334,0.616,0.71722
31,,0.95,0.666,0.384,0.284,0.15,0.284,0.566,0.66722
32,,0.9,0.616,0.334,0.234,0.1,0.234,0.516,0.61722
33,,0.85,0.566,0.284,0.184,0.05,0.184,0.466,0.56722
34,,0.8,0.516,0.234,0.134,0.0,0.134,0.416,0.51722
35,,0.75,0.466,0.184,0.084,-0.05,0.084,0.366,0.46722
36,5,0.4,0.233,0.234,0.417,0.95,0.417,0.416,0.23422
37,5,0.05,0.0,0.284,0.75,1.0,0.75,0.466,0.00122
38,,0.0,-0.05,0.234,0.7,0.95,0.7,0.416,-0.04878
39,2,0.333,0.95,0.567,0.75,0.717,0.35,0.183,0.00122
40,2,0.666,1.0,0.9,0.8,0.484,-0.0,-0.05,0.05122
41,7,0.716,0.767,0.55,0.567,0.534,0.333,0.95,0.38422
42,7,0.766,0.534,0.2,0.334,0.584,0.666,1.0,0.71722
43,,0.716,0.484,0.15,0.284,0.534,0.616,0.95,0.66722
44,,0.666,0.434,0.1,0.234,0.484,0.566,0.9,0.61722
45,,0.616,0.384,0.05,0.184,0.434,0.516,0.85,0.56722
46,,0.566,0.334,0.0,0.134,0.384,0.466,0.8,0.51722
47,,0.516,0.284,-0.05,0.084,0.334,0.416,0.75,0.46722
48,3,0.566,0.617,0.95,0.417,0.384,0.183,0.4,0.23422
49,3,0.616,0.95,1.0,0.75,0.434,-0.05,0.05,0.00122
50,6,0.383,0.6,0.767,0.8,0.767,0.95,0.383,0.05122
51,6,0.15,0.25,0.534,0.85,1.0,1.0,0.716,0.10122
52,,0.1,0.2,0.484,0.8,0.95,0.95,0.666,0.05122
53,,0.05,0.15,0.434,0.75,0.9,0.9,0.616,0.00122
54,,0.0,0.1,0.384,0.7,0.85,0.85,0.566,-0.04878
55,8,0.333,0.15,0.151,0.35,0.617,0.9,0.899,0.95122
56,8,0.666,0.2,-0.082,-0.0,0.384,0.95,1.0,1.0
57,3,0.716,0.533,0.918,0.333,0.434,0.717,0.65,0.767
58,3,0.766,0.866,1.0,0.666,0.484,0.484,0.3,0.534
59,,0.716,0.816,0.95,0.616,0.434,0.434,0.25,0.484
60,,0.666,0.766,0.9,0.566,0.384,0.384,0.2,0.434
61,,0.616,0.716,0.85,0.516,0.334,0.334,0.15,0.384
62,,0.566,0.666,0.8,0.466,0.284,0.284,0.1,0.334
63,,0.516,0.616,0.75,0.416,0.234,0.234,0.05,0.284
64,,0.466,0.566,0.7,0.366,0.184,0.184,0.0,0.234
65,,0.416,0.516,0.65,0.316,0.134,0.134,-0.05,0.184
66,7,0.466,0.283,0.3,0.083,0.184,0.467,0.95,0.517
67,7,0.516,0.05,-0.05,-0.15,0.234,0.8,1.0,0.85
68,4,0.283,0.1,0.283,0.85,0.567,0.85,0.767,0.5
69,4,0.05,0.15,0.616,1.0,0.9,0.9,0.534,0.15
70,,0.0,0.1,0.566,0.95,0.85,0.85,0.484,0.1
71,,-0.05,0.05,0.516,0.9,0.8,0.8,0.434,0.05
72,1,0.95,0.383,0.566,0.667,0.45,0.567,0.484,0.383
73,1,1.0,0.716,0.616,0.434,0.1,0.334,0.534,0.716
74,,0.95,0.666,0.566,0.384,0.05,0.284,0.484,0.666
75,,0.9,0.616,0.516,0.334,0.0,0.234,0.434,0.616
76,,0.85,0.566,0.466,0.284,-0.05,0.184,0.384,0.566
77,5,0.5,0.333,0.516,0.617,0.95,0.517,0.434,0.333
78,5,0.15,0.1,0.566,0.95,1.0,0.85,0.484,0.1
79,,0.1,0.05,0.516,0.9,0.95,0.8,0.434,0.05
80,,0.05,0.0,0.466,0.85,0.9,0.75,0.384,0.0
81,,0.0,-0.05,0.416,0.8,0.85,0.7,0.334,-0.05
82,8,0.333,0.0,0.183,0.45,0.617,0.75,0.667,0.95
83,8,0.666,0.05,-0.05,0.1,0.384,0.8,1.0,1.0
84,3,0.716,0.383,0.95,0.433,0.434,0.567,0.65,0.767
85,3,0.766,0.716,1.0,0.766,0.484,0.334,0.3,0.534
86,,0.716,0.666,0.95,0.716,0.434,0.284,0.25,0.484
87,,0.666,0.616,0.9,0.666,0.384,0.234,0.2,0.434
88,,0.616,0.566,0.85,0.616,0.334,0.184,0.15,0.384
89,,0.566,0.516,0.8,0.566,0.284,0.134,0.1,0.334
90,,0.516,0.466,0.75,0.516,0.234,0.084,0.05,0.284
91,,0.466,0.416,0.7,0.466,0.184,0.034,0.0,0.234
92,,0.416,0.366,0.65,0.416,0.134,-0.016,-0.05,0.184
93,7,0.466,0.133,0.3,0.183,0.184,0.317,0.95,0.517
94,7,0.516,-0.1,-0.05,-0.05,0.234,0.65,1.0,0.85
95,2,0.849,0.9,0.283,0.0,0.001,0.3,0.767,0.9
96,2,1.0,1.0,0.616,0.05,-0.232,-0.05,0.534,0.95
97,5,0.65,0.767,0.666,0.383,0.768,0.283,0.584,0.717
98,5,0.3,0.534,0.716,0.716,1.0,0.616,0.634,0.484
99,,0.25,0.484,0.666,0.666,0.95,0.566,0.584,0.434
100,,0.2,0.434,0.616,0.616,0.9,0.516,0.534,0.384
101,,0.15,0.384,0.566,0.566,0.85,0.466,0.484,0.334
102,,0.1,0.334,0.516,0.516,0.8,0.416,0.434,0.284
103,,0.05,0.284,0.466,0.466,0.75,0.366,0.384,0.234
104,,0.0,0.234,0.416,0.416,0.7,0.316,0.334,0.184
105,,-0.05,0.184,0.366,0.366,0.65,0.266,0.284,0.134
106,1,0.95,0.517,0.416,0.133,0.3,0.033,0.334,0.467
107,1,1.0,0.85,0.466,-0.1,-0.05,-0.2,0.384,0.8
108,6,0.767,0.5,0.233,-0.05,0.283,0.8,0.717,0.85
109,6,0.534,0.15,0.0,0.0,0.616,1.0,1.0,0.9
110,,0.484,0.1,-0.05,-0.05,0.566,0.95,0.95,0.85
111,3,0.534,0.433,0.95,0.283,0.616,0.717,0.6,0.617
112,3,0.584,0.766,1.0,0.616,0.666,0.484,0.25,0.384
113,,0.534,0.716,0.95,0.566,0.616,0.434,0.2,0.334
114,,0.484,0.666,0.9,0.516,0.566,0.384,0.15,0.284
115,,0.434,0.616,0.85,0.466,0.516,0.334,0.1,0.234
116,,0.384,0.566,0.8,0.416,0.466,0.284,0.05,0.184
117,,0.334,0.516,0.75,0.366,0.416,0.234,0.0,0.134
118,,0.284,0.466,0.7,0.316,0.366,0.184,-0.05,0.084
119,7,0.334,0.233,0.35,0.083,0.416,0.517,0.95,0.417
120,7,0.384,0.0,-0.0,-0.15,0.466,0.85,1.0,0.75
121,4,0.151,0.05,0.333,0.85,0.799,0.9,0.767,0.4
122,4,-0.082,0.1,0.666,1.0,1.0,0.95,0.534,0.05
123,1,0.918,0.433,0.716,0.767,0.65,0.717,0.584,0.383
124,1,1.0,0.766,0.766,0.534,0.3,0.484,0.634,0.716
125,,0.95,0.716,0.716,0.484,0.25,0.434,0.584,0.666
126,,0.9,0.666,0.666,0.434,0.2,0.384,0.534,0.616
127,,0.85,0.616,0.616,0.384,0.15,0.334,0.484,0.566
128,,0.8,0.566,0.566,0.334,0.1,0.284,0.434,0.516
129,,0.75,0.516,0.516,0.284,0.05,0.234,0.384,0.466
130,,0.7,0.466,0.466,0.234,0.0,0.184,0.334,0.416
131,,0.65,0.416,0.416,0.184,-0.05,0.134,0.284,0.366
132,5,0.3,0.183,0.466,0.517,0.95,0.467,0.334,0.133
133,5,-0.05,-0.05,0.516,0.85,1.0,0.8,0.384,-0.1
134,8,0.283,0.0,0.283,0.5,0.767,0.85,0.717,0.9
135,8,0.616,0.05,0.05,0.15,0.534,0.9,1.0,1.0
136,,0.566,0.0,0.0,0.1,0.484,0.85,0.95,0.95
137,,0.516,-0.05,-0.05,0.05,0.434,0.8,0.9,0.9
138,3,0.566,0.283,0.95,0.383,0.484,0.567,0.55,0.667
139,3,0.616,0.616,1.0,0.716,0.534,0.334,0.2,0.434
140,,0.566,0.566,0.95,0.666,0.484,0.284,0.15,0.384
141,,0.516,0.516,0.9,0.616,0.434,0.234,0.1,0.334
142,,0.466,0.466,0.85,0.566,0.384,0.184,0.05,0.284
143,,0.416,0.416,0.8,0.516,0.334,0.134,0.0,0.234
144,,0.366,0.366,0.75,0.466,0.284,0.084,-0.05,0.184
145,7,0.416,0.133,0.4,0.233,0.334,0.417,0.95,0.517
146,7,0.466,-0.1,0.05,0.0,0.384,0.75,1.0,0.85
147,2,0.799,0.9,0.383,0.05,0.151,0.4,0.767,0.9
148,2,1.0,1.0,0.716,0.1,-0.082,0.05,0.534,0.95
149,5,0.65,0.767,0.766,0.433,0.918,0.383,0.584,0.717
150,5,0.3,0.534,0.816,0.766,1.0,0.716,0.634,0.484
151,,0.25,0.484,0.766,0.716,0.95,0.666,0.584,0.434
152,,0.2,0.434,0.716,0.666,0.9,0.616,0.534,0.384
153,,0.15,0.384,0.666,0.616,0.85,0.566,0.484,0.334
154,,0.1,0.334,0.616,0.566,0.8,0.516,0.434,0.284
155,,0.05,0.284,0.566,0.516,0.75,0.466,0.384,0.234
156,,0.0,0.234,0.516,0.466,0.7,0.416,0.334,0.184
157,,-0.05,0.184,0.466,0.416,0.65,0.366,0.284,0.134
158,1,0.95,0.517,0.516,0.183,0.3,0.133,0.334,0.467
159,1,1.0,0.85,0.566,-0.05,-0.05,-0.1,0.384,0.8
160,6,0.767,0.5,0.333,0.0,0.283,0.9,0.717,0.85
161,6,0.534,0.15,0.1,0.05,0.616,1.0,1.0,0.9
162,,0.484,0.1,0.05,0.0,0.566,0.95,0.95,0.85
163,,0.434,0.05,0.0,-0.05,0.516,0.9,0.9,0.8
164,4,0.201,0.1,0.333,0.95,0.849,0.95,0.667,0.45
165,4,-0.032,0.15,0.666,1.0,1.0,1.0,0.434,0.1
166,1,0.968,0.483,0.716,0.767,0.65,0.767,0.484,0.433
167,1,1.0,0.816,0.766,0.534,0.3,0.534,0.534,0.766
168,,0.95,0.766,0.716,0.484,0.25,0.484,0.484,0.716
169,,0.9,0.716,0.666,0.434,0.2,0.434,0.434,0.666
170,,0.85,0.666,0.616,0.384,0.15,0.384,0.384,0.616
171,,0.8,0.616,0.566,0.334,0.1,0.334,0.334,0.566
172,,0.75,0.566,0.516,0.284,0.05,0.284,0.284,0.516
173,,0.7,0.516,0.466,0.234,0.0,0.234,0.234,0.466
174,,0.65,0.466,0.416,0.184,-0.05,0.184,0.184,0.416
175,5,0.3,0.233,0.466,0.517,0.95,0.517,0.234,0.183
176,5,-0.05,0.0,0.516,0.85,1.0,0.85,0.284,-0.05
177,8,0.283,0.05,0.283,0.5,0.767,0.9,0.617,0.95
178,8,0.616,0.1,0.05,0.15,0.534,0.95,0.95,1.0
179,,0.566,0.05,0.0,0.1,0.484,0.9,0.9,0.95
180,,0.516,0.0,-0.05,0.05,0.434,0.85,0.85,0.9
181,3,0.566,0.333,0.95,0.383,0.484,0.617,0.5,0.667
182,3,0.616,0.666,1.0,0.716,0.534,0.384,0.15,0.434
183,,0.566,0.616,0.95,0.666,0.484,0.334,0.1,0.384
184,,0.516,0.566,0.9,0.616,0.434,0.284,0.05,0.334
185,,0.466,0.516,0.85,0.566,0.384,0.234,0.0,0.284
186,,0.416,0.466,0.8,0.516,0.334,0.184,-0.05,0.234
187,7,0.466,0.233,0.45,0.283,0.384,0.517,0.95,0.567
188,7,0.516,0.0,0.1,0.05,0.434,0.85,1.0,0.9
189,,0.466,-0.05,0.05,0.0,0.384,0.8,0.95,0.85
190,2,0.799,0.95,0.383,0.05,0.151,0.45,0.717,0.9
191,2,1.0,1.0,0.716,0.1,-0.082,0.1,0.484,0.95
192,5,0.65,0.767,0.766,0.433,0.918,0.433,0.534,0.717
193,5,0.3,0.534,0.816,0.766,1.0,0.766,0.584,0.484
194,,0.25,0.484,0.766,0.716,0.95,0.716,0.534,0.434
195,,0.2,0.434,0.716,0.666,0.9,0.666,0.484,0.384
196,,0.15,0.384,0.666,0.616,0.85,0.616,0.434,0.334
197,,0.1,0.334,0.616,0.566,0.8,0.566,0.384,0.284
198,,0.05,0.284,0.566,0.516,0.75,0.516,0.334,0.234
199,,0.0,0.234,0.516,0.466,0.7,0.466,0.284,0.184
200,,-0.05,0.184,0.466,0.416,0.65,0.416,0.234,0.134
201,1,0.95,0.517,0.516,0.183,0.3,0.183,0.284,0.467
202,1,1.0,0.85,0.566,-0.05,-0.05,-0.05,0.334,0.8
203,4,0.767,0.9,0.899,0.95,0.283,0.0,0.101,0.45
204,4,0.534,0.95,1.0,1.0,0.616,0.05,-0.132,0.1
205,7,0.584,0.717,0.65,0.767,0.666,0.383,0.868,0.433
206,7,0.634,0.484,0.3,0.534,0.716,0.716,1.0,0.766
207,,0.584,0.434,0.25,0.484,0.666,0.666,0.95,0.716
208,,0.534,0.384,0.2,0.434,0.616,0.616,0.9,0.666
209,,0.484,0.334,0.15,0.384,0.566,0.566,0.85,0.616
210,,0.434,0.284,0.1,0.334,0.516,0.516,0.8,0.566
211,,0.384,0.234,0.05,0.284,0.466,0.466,0.75,0.516
212,,0.334,0.184,0.0,0.234,0.416,0.416,0.7,0.466
213,,0.284,0.134,-0.05,0.184,0.366,0.366,0.65,0.416
214,3,0.334,0.467,0.95,0.517,0.416,0.133,0.3,0.183
215,3,0.384,0.8,1.0,0.85,0.466,-0.1,-0.05,-0.05
216,6,0.151,0.45,0.767,0.9,0.799,0.9,0.283,0.0
217,6,-0.082,0.1,0.534,0.95,1.0,1.0,0.616,0.05
218,1,0.918,0.433,0.584,0.717,0.65,0.767,0.666,0.383
219,1,1.0,0.766,0.634,0.484,0.3,0.534,0.716,0.716
220,,0.95,0.716,0.584,0.434,0.25,0.484,0.666,0.666
221,,0.9,0.666,0.534,0.384,0.2,0.434,0.616,0.616
222,,0.85,0.616,0.484,0.334,0.15,0.384,0.566,0.566
223,,0.8,0.566,0.434,0.284,0.1,0.334,0.516,0.516
224,,0.75,0.516,0.384,0.234,0.05,0.284,0.466,0.466
225,,0.7,0.466,0.334,0.184,0.0,0.234,0.416,0.416
226,,0.65,0.416,0.284,0.134,-0.05,0.184,0.366,0.366
227,5,0.3,0.183,0.334,0.467,0.95,0.517,0.416,0.133
228,5,-0.05,-0.05,0.384,0.8,1.0,0.85,0.466,-0.1
229,8,0.283,0.0,0.151,0.45,0.767,0.9,0.799,0.9
230,8,0.616,0.05,-0.082,0.1,0.534,0.95,1.0,1.0
231,3,0.666,0.383,0.918,0.433,0.584,0.717,0.65,0.767
232,3,0.716,0.716,1.0,0.766,0.634,0.484,0.3,0.534
233,,0.666,0.666,0.95,0.716,0.584,0.434,0.25,0.484
234,,0.616,0.616,0.9,0.666,0.534,0.384,0.2,0.434
235,,0.566,0.566,0.85,0.616,0.484,0.334,0.15,0.384
236,,0.516,0.516,0.8,0.566,0.434,0.284,0.1,0.334
237,,0.466,0.466,0.75,0.516,0.384,0.234,0.05,0.284
238,,0.416,0.416,0.7,0.466,0.334,0.184,0.0,0.234
239,,0.366,0.366,0.65,0.416,0.284,0.134,-0.05,0.184
240,7,0.416,0.133,0.3,0.183,0.334,0.467,0.95,0.517
241,7,0.466,-0.1,-0.05,-0.05,0.384,0.8,1.0,0.85
242,2,0.799,0.9,0.283,0.0,0.151,0.45,0.767,0.9
243,2,1.0,1.0,0.616,0.05,-0.082,0.1,0.534,0.95
244,5,0.65,0.767,0.666,0.383,0.918,0.433,0.584,0.717
245,5,0.3,0.534,0.716,0.716,1.0,0.766,0.634,0.484
246,,0.25,0.484,0.666,0.666,0.95,0.716,0.584,0.434
247,,0.2,0.434,0.616,0.616,0.9,0.666,0.534,0.384
248,,0.15,0.384,0.566,0.566,0.85,0.616,0.484,0.334
249,,0.1,0.334,0.516,0.516,0.8,0.566,0.434,0.284
250,,0.05,0.284,0.466,0.466,0.75,0.516,0.384,0.234
251,,0.0,0.234,0.416,0.416,0.7,0.466,0.334,0.184
252,,-0.05,0.184,0.366,0.366,0.65,0.416,0.284,0.134
253,1,0.95,0.517,0.416,0.133,0.3,0.183,0.334,0.467
254,1,1.0,0.85,0.466,-0.1,-0.05,-0.05,0.384,0.8
255,4,0.767,0.9,0.799,0.9,0.283,0.0,0.151,0.45
256,4,0.534,0.95,1.0,1.0,0.616,0.05,-0.082,0.1
257,7,0.584,0.717,0.65,0.767,0.666,0.383,0.918,0.433
258,7,0.634,0.484,0.3,0.534,0.716,0.716,1.0,0.766
259,,0.584,0.434,0.25,0.484,0.666,0.666,0.95,0.716
260,,0.534,0.384,0.2,0.434,0.616,0.616,0.9,0.666
261,,0.484,0.334,0.15,0.384,0.566,0.566,0.85,0.616
262,,0.434,0.284,0.1,0.334,0.516,0.516,0.8,0.566
263,,0.384,0.234,0.05,0.284,0.466,0.466,0.75,0.516
264,,0.334,0.184,0.0,0.234,0.416,0.416,0.7,0.466
265,,0.284,0.134,-0.05,0.184,0.366,0.366,0.65,0.416
266,3,0.334,0.467,0.95,0.517,0.416,0.133,0.3,0.183
267,3,0.384,0.8,1.0,0.85,0.466,-0.1,-0.05,-0.05
268,6,0.151,0.45,0.767,0.9,0.799,0.9,0.283,0.0
269,6,-0.082,0.1,0.534,0.95,1.0,1.0,0.616,0.05
270,1,0.918,0.433,0.584,0.717,0.65,0.767,0.666,0.383
271,1,1.0,0.766,0.634,0.484,0.3,0.534,0.716,0.716
272,,0.95,0.716,0.584,0.434,0.25,0.484,0.666,0.666
273,,0.9,0.666,0.534,0.384,0.2,0.434,0.616,0.616
274,,0.85,0.616,0.484,0.334,0.15,0.384,0.566,0.566
275,,0.8,0.566,0.434,0.284,0.1,0.334,0.516,0.516
276,,0.75,0.516,0.384,0.234,0.05,0.284,0.466,0.466
277,,0.7,0.466,0.334,0.184,0.0,0.234,0.416,0.416
278,,0.65,0.416,0.284,0.134,-0.05,0.184,0.366,0.366
279,5,0.3,0.183,0.334,0.467,0.95,0.517,0.416,0.133
280,5,-0.05,-0.05,0.384,0.8,1.0,0.85,0.466,-0.1
281,8,0.283,0.0,0.151,0.45,0.767,0.9,0.799,0.9
282,8,0.616,0.05,-0.082,0.1,0.534,0.95,1.0,1.0
283,3,0.666,0.383,0.918,0.433,0.584,0.717,0.65,0.767
284,3,0.716,0.716,1.0,0.766,0.634,0.484,0.3,0.534
285,,0.666,0.666,0.95,0.716,0.584,0.434,0.25,0.484
286,,0.616,0.616,0.9,0.666,0.534,0.384,0.2,0.434
287,,0.566,0.566,0.85,0.616,0.484,0.334,0.15,0.384
288,,0.516,0.516,0.8,0.566,0.434,0.284,0.1,0.334
289,,0.466,0.466,0.75,0.516,0.384,0.234,0.05,0.284
290,,0.416,0.416,0.7,0.466,0.334,0.184,0.0,0.234
291,,0.366,0.366,0.65,0.416,0.284,0.134,-0.05,0.184
292,7,0.416,0.133,0.3,0.183,0.334,0.467,0.95,0.517
293,7,0.466,-0.1,-0.05,-0.05,0.384,0.8,1.0,0.85
294,2,0.799,0.9,0.283,0.0,0.151,0.45,0.767,0.9
295,2,1.0,1.0,0.616,0.05,-0.082,0.1,0.534,0.95
296,5,0.65,0.767,0.666,0.383,0.918,0.433,0.584,0.717
297,5,0.3,0.534,0.716,0.716,1.0,0.766,0.634,0.484
298,,0.25,0.484,0.666,0.666,0.95,0.716,0.584,0.434
299,,0.2,0.434,0.616,0.616,0.9,0.666,0.534,0.384
300,,0.15,0.384,0.566,0.566,0.85,0.616,0.484,0.334
301,,0.1,0.334,0.516,0.516,0.8,0.566,0.434,0.284
302,,0.05,0.284,0.466,0.466,0.75,0.516,0.384,0.234
303,,0.0,0.234,0.416,0.416,0.7,0.466,0.334,0.184
304,,-0.05,0.184,0.366,0.366,0.65,0.416,0.284,0.134
305,1,0.95,0.517,0.416,0.133,0.3,0.183,0.334,0.467
306,1,1.0,0.85,0.466,-0.1,-0.05,-0.05,0.384,0.8
307,4,0.767,0.9,0.799,0.9,0.283,0.0,0.151,0.45
308,4,0.534,0.95,1.0,1.0,0.616,0.05,-0.082,0.1
309,7,0.584,0.717,0.65,0.767,0.666,0.383,0.918,0.433
310,7,0.634,0.484,0.3,0.534,0.716,0.716,1.0,0.766
311,,0.584,0.434,0.25,0.484,0.666,0.666,0.95,0.716
312,,0.534,0.384,0.2,0.434,0.616,0.616,0.9,0.666
313,,0.484,0.334,0.15,0.384,0.566,0.566,0.85,0.616
314,,0.434,0.284,0.1,0.334,0.516,0.516,0.8,0.566
315,,0.384,0.234,0.05,0.284,0.466,0.466,0.75,0.516
316,,0.334,0.184,0.0,0.234,0.416,0.416,0.7,0.466
317,,0.284,0.134,-0.05,0.184,0.366,0.366,0.65,0.416
318,3,0.334,0.467,0.95,0.517,0.416,0.133,0.3,0.183
319,3,0.384,0.8,1.0,0.85,0.466,-0.1,-0.05,-0.05
320,6,0.151,0.45,0.767,0.9,0.799,0.9,0.283,0.0
321,6,-0.082,0.1,0.534,0.95,1.0,1.0,0.616,0.05
322,1,0.918,0.433,0.584,0.717,0.65,0.767,0.666,0.383
323,1,1.0,0.766,0.634,0.484,0.3,0.534,0.716,0.716
324,,0.95,0.716,0.584,0.434,0.25,0.484,0.666,0.666
325,,0.9,0.666,0.534,0.384,0.2,0.434,0.616,0.616
326,,0.85,0.616,0.484,0.334,0.15,0.384,0.566,0.566
327,,0.8,0.566,0.434,0.284,0.1,0.334,0.516,0.516
328,,0.75,0.516,0.384,0.234,0.05,0.284,0.466,0.466
329,,0.7,0.466,0.334,0.184,0.0,0.234,0.416,0.416
330,,0.65,0.416,0.284,0.134,-0.05,0.184,0.366,0.366
331,5,0.3,0.183,0.334,0.467,0.95,0.517,0.416,0.133
332,5,-0.05,-0.05,0.384,0.8,1.0,0.85,0.466,-0.1
333,8,0.283,0.0,0.151,0.45,0.767,0.9,0.799,0.9
334,8,0.616,0.05,-0.082,0.1,0.534,0.95,1.0,1.0
335,3,0.666,0.383,0.918,0.433,0.584,0.717,0.65,0.767
336,3,0.716,0.716,1.0,0.766,0.634,0.484,0.3,0.534
337,,0.666,0.666,0.95,0.716,0.584,0.434,0.25,0.484
338,,0.616,0.616,0.9,0.666,0.534,0.384,0.2,0.434
339,,0.566,0.566,0.85,0.616,0.484,0.334,0.15,0.384
340,,0.516,0.516,0.8,0.566,0.434,0.284,0.1,0.334
341,,0.466,0.466,0.75,0.516,0.384,0.234,0.05,0.284
342,,0.416,0.416,0.7,0.466,0.334,0.184,0.0,0.234
343,,0.366,0.366,0.65,0.416,0.284,0.134,-0.05,0.184
344,7,0.416,0.133,0.3,0.183,0.334,0.467,0.95,0.517
345,7,0.466,-0.1,-0.05,-0.05,0.384,0.8,1.0,0.85
346,2,0.799,0.9,0.283,0.0,0.151,0.45,0.767,0.9
347,2,1.0,1.0,0.616,0.05,-0.082,0.1,0.534,0.95
348,5,0.65,0.767,0.666,0.383,0.918,0.433,0.584,0.717
349,5,0.3,0.534,0.716,0.716,1.0,0.766,0.634,0.484
350,,0.25,0.484,0.666,0.666,0.95,0.716,0.584,0.434
351,,0.2,0.434,0.616,0.616,0.9,0.666,0.534,0.384
352,,0.15,0.384,0.566,0.566,0.85,0.616,0.484,0.334
353,,0.1,0.334,0.516,0.516,0.8,0.566,0.434,0.284
354,,0.05,0.284,0.466,0.466,0.75,0.516,0.384,0.234
355,,0.0,0.234,0.416,0.416,0.7,0.466,0.334,0.184
356,,-0.05,0.184,0.366,0.366,0.65,0.416,0.284,0.134
357,1,0.95,0.517,0.416,0.133,0.3,0.183,0.334,0.467
358,1,1.0,0.85,0.466,-0.1,-0.05,-0.05,0.384,0.8
359,4,0.767,0.9,0.799,0.9,0.283,0.0,0.151,0.45
360,4,0.534,0.95,1.0,1.0,0.616,0.05,-0.082,0.1
361,7,0.584,0.717,0.65,0.767,0.666,0.383,0.918,0.433
362,7,0.634,0.484,0.3,0.534,0.716,0.716,1.0,0.766
363,,0.584,0.434,0.25,0.484,0.666,0.666,0.95,0.716
364,,0.534,0.384,0.2,0.434,0.616,0.616,0.9,0.666
365,,0.484,0.334,0.15,0.384,0.566,0.566,0.85,0.616
366,,0.434,0.284,0.1,0.334,0.516,0.516,0.8,0.566
367,,0.384,0.234,0.05,0.284,0.466,0.466,0.75,0.516
368,,0.334,0.184,0.0,0.234,0.416,0.416,0.7,0.466
369,,0.284,0.134,-0.05,0.184,0.366,0.366,0.65,0.416
370,3,0.334,0.467,0.95,0.517,0.416,0.133,0.3,0.183
371,3,0.384,0.8,1.0,0.85,0.466,-0.1,-0.05,-0.05
372,6,0.151,0.45,0.767,0.9,0.799,0.9,0.283,0.0
373,6,-0.082,0.1,0.534,0.95,1.0,1.0,0.616,0.05
374,1,0.918,0.433,0.584,0.717,0.65,0.767,0.666,0.383
375,1,1.0,0.766,0.634,0.484,0.3,0.534,0.716,0.716
376,,0.95,0.716,0.584,0.434,0.25,0.484,0.666,0.666
377,,0.9,0.666,0.534,0.384,0.2,0.434,0.616,0.616
378,,0.85,0.616,0.484,0.334,0.15,0.384,0.566,0.566
379,,0.8,0.566,0.434,0.284,0.1,0.334,0.516,0.516
380,,0.75,0.516,0.384,0.234,0.05,0.284,0.466,0.466
381,,0.7,0.466,0.334,0.184,0.0,0.234,0.416,0.416
382,,0.65,0.416,0.284,0.134,-0.05,0.184,0.366,0.366
383,5,0.3,0.183,0.334,0.467,0.95,0.517,0.416,0.133
384,5,-0.05,-0.05,0.384,0.8,1.0,0.85,0.466,-0.1
385,8,0.283,0.0,0.151,0.45,0.767,0.9,0.799,0.9
386,8,0.616,0.05,-0.082,0.1,0.534,0.95,1.0,1.0
387,3,0.666,0.383,0.918,0.433,0.584,0.717,0.65,0.767
388,3,0.716,0.716,1.0,0.766,0.634,0.484,0.3,0.534
389,,0.666,0.666,0.95,0.716,0.584,0.434,0.25,0.484
390,,0.616,0.616,0.9,0.666,0.534,0.384,0.2,0.434
391,,0.566,0.566,0.85,0.616,0.484,0.334,0.15,0.384
392,,0.516,0.516,0.8,0.566,0.434,0.284,0.1,0.334
393,,0.466,0.466,0.75,0.516,0.384,0.234,0.05,0.284
394,,0.416,0.416,0.7,0.466,0.334,0.184,0.0,0.234
395,,0.366,0.366,0.65,0.416,0.284,0.134,-0.05,0.184
396,7,0.416,0.133,0.3,0.183,0.334,0.467,0.95,0.517
397,7,0.466,-0.1,-0.05,-0.05,0.384,0.8,1.0,0.85
398,2,0.799,0.9,0.283,0.0,0.151,0.45,0.767,0.9
399,2,1.0,1.0,0.616,0.05,-0.082,0.1,0.534,0.95
400,5,0.65,0.767,0.666,0.383,0.918,0.433,0.584,0.717
401,5,0.3,0.534,0.716,0.716,1.0,0.766,0.634,0.484
402,,0.25,0.484,0.666,0.666,0.95,0.716,0.584,0.434
403,,0.2,0.434,0.616,0.616,0.9,0.666,0.534,0.384
404,,0.15,0.384,0.566,0.566,0.85,0.616,0.484,0.334
405,,0.1,0.334,0.516,0.516,0.8,0.566,0.434,0.284
406,,0.05,0.284,0.466,0.466,0.75,0.516,0.384,0.234
407,,0.0,0.234,0.416,0.416,0.7,0.466,0.334,0.184
408,,-0.05,0.184,0.366,0.366,0.65,0.416,0.284,0.134
409,1,0.95,0.517,0.416,0.133,0.3,0.183,0.334,0.467
410,1,1.0,0.85,0.466,-0.1,-0.05,-0.05,0.384,0.8
411,4,0.767,0.9,0.799,0.9,0.283,0.0,0.151,0.45
412,4,0.534,0.95,1.0,1.0,0.616,0.05,-0.082,0.1
413,7,0.584,0.717,0.65,0.767,0.666,0.383,0.918,0.433
414,7,0.634,0.484,0.3,0.534,0.716,0.716,1.0,0.766
415,,0.584,0.434,0.25,0.484,0.666,0.666,0.95,0.716
416,,0.534,0.384,0.2,0.434,0.616,0.616,0.9,0.666
417,,0.484,0.334,0.15,0.384,0.566,0.566,0.85,0.616
418,,0.434,0.284,0.1,0.334,0.516,0.516,0.8,0.566
419,,0.384,0.234,0.05,0.284,0.466,0.466,0.75,0.516
420,,0.334,0.184,0.0,0.234,0.416,0.416,0.7,0.466
421,,0.284,0.134,-0.05,0.184,0.366,0.366,0.65,0.416
422,3,0.334,0.467,0.95,0.517,0.416,0.133,0.3,0.183
423,3,0.384,0.8,1.0,0.85,0.466,-0.1,-0.05,-0.05
424,6,0.151,0.45,0.767,0.9,0.799,0.9,0.283,0.0
425,6,-0.082,0.1,0.534,0.95,1.0,1.0,0.616,0.05
426,1,0.918,0.433,0.584,0.717,0.65,0.767,0.666,0.383
427,1,1.0,0.766,0.634,0.484,0.3,0.534,0.716,0.716
428,,0.95,0.716,0.584,0.434,0.25,0.484,0.666,0.666
429,,0.9,0.666,0.534,0.384,0.2,0.434,0.616,0.616
430,,0.85,0.616,0.484,0.334,0.15,0.384,0.566,0.566
431,,0.8,0.566,0.434,0.284,0.1,0.334,0.516,0.516
432,,0.75,0.516,0.384,0.234,0.05,0.284,0.466,0.466
433,,0.7,0.466,0.334,0.184,0.0,0.234,0.416,0.416
434,,0.65,0.416,0.284,0.134,-0.05,0.184,0.366,0.366
435,5,0.3,0.183,0.334,0.467,0.95,0.517,0.416,0.133
436,5,-0.05,-0.05,0.384,0.8,1.0,0.85,0.466,-0.1
437,8,0.283,0.0,0.151,0.45,0.767,0.9,0.799,0.9
438,8,0.616,0.05,-0.082,0.1,0.534,0.95,1.0,1.0
439,3,0.666,0.383,0.918,0.433,0.584,0.717,0.65,0.767
440,3,0.716,0.716,1.0,0.766,0.634,0.484,0.3,0.534
441,,0.666,0.666,0.95,0.716,0.584,0.434,0.25,0.484
442,,0.616,0.616,0.9,0.666,0.534,0.384,0.2,0.434
443,,0.566,0.566,0.85,0.616,0.484,0.334,0.15,0.384
444,,0.516,0.516,0.8,0.566,0.434,0.284,0.1,0.334
445,,0.466,0.466,0.75,0.516,0.384,0.234,0.05,0.284
446,,0.416,0.416,0.7,0.466,0.334,0.184,0.0,0.234
447,,0.366,0.366,0.65,0.416,0.284,0.134,-0.05,0.184
448,7,0.416,0.133,0.3,0.183,0.334,0.467,0.95,0.517
449,7,0.466,-0.1,-0.05,-0.05,0.384,0.8,1.0,0.85
450,2,0.799,0.9,0.283,0.0,0.151,0.45,0.767,0.9
451,2,1.0,1.0,0.616,0.05,-0.082,0.1,0.534,0.95
452,5,0.65,0.767,0.666,0.383,0.918,0.433,0.584,0.717
453,5,0.3,0.534,0.716,0.716,1.0,0.766,0.634,0.484
454,,0.25,0.484,0.666,0.666,0.95,0.716,0.584,0.434
455,,0.2,0.434,0.616,0.616,0.9,0.666,0.534,0.384
456,,0.15,0.384,0.566,0.566,0.85,0.616,0.484,0.334
457,,0.1,0.334,0.516,0.516,0.8,0.566,0.434,0.284
458,,0.05,0.284,0.466,0.466,0.75,0.516,0.384,0.234
459,,0.0,0.234,0.416,0.416,0.7,0.466,0.334,0.184
460,,-0.05,0.184,0.366,0.366,0.65,0.416,0.284,0.134
461,1,0.95,0.517,0.416,0.133,0.3,0.183,0.334,0.467
462,1,1.0,0.85,0.466,-0.1,-0.05,-0.05,0.384,0.8
463,4,0.767,0.9,0.799,0.9,0.283,0.0,0.151,0.45
464,4,0.534,0.95,1.0,1.0,0.616,0.05,-0.082,0.1
465,7,0.584,0.717,0.65,0.767,0.666,0.383,0.918,0.433
466,7,0.634,0.484,0.3,0.534,0.716,0.716,1.0,0.766
467,,0.584,0.434,0.25,0.484,0.666,0.666,0.95,0.716
468,,0.534,0.384,0.2,0.434,0.616,0.616,0.9,0.666
469,,0.484,0.334,0.15,0.384,0.566,0.566,0.85,0.616
470,,0.434,0.284,0.1,0.334,0.516,0.516,0.8,0.566
471,,0.384,0.234,0.05,0.284,0.466,0.466,0.75,0.516
472,,0.334,0.184,0.0,0.234,0.416,0.416,0.7,0.466
473,,0.284,0.134,-0.05,0.184,0.366,0.366,0.65,0.416
474,3,0.334,0.467,0.95,0.517,0.416,0.133,0.3,0.183
475,3,0.384,0.8,1.0,0.85,0.466,-0.1,-0.05,-0.05
476,6,0.151,0.45,0.767,0.9,0.799,0.9,0.283,0.0
477,6,-0.082,0.1,0.534,0.95,1.0,1.0,0.616,0.05
478,1,0.918,0.433,0.584,0.717,0.65,0.767,0.666,0.383
479,1,1.0,0.766,0.634,0.484,0.3,0.534,0.716,0.716
480,,0.95,0.716,0.584,0.434,0.25,0.484,0.666,0.666
481,,0.9,0.666,0.534,0.384,0.2,0.434,0.616,0.616
482,,0.85,0.616,0.484,0.334,0.15,0.384,0.566,0.566
483,,0.8,0.566,0.434,0.284,0.1,0.334,0.516,0.516
484,,0.75,0.516,0.384,0.234,0.05,0.284,0.466,0.466
485,,0.7,0.466,0.334,0.184,0.0,0.234,0.416,0.416
486,,0.65,0.416,0.284,0.134,-0.05,0.184,0.366,0.366
487,5,0.3,0.183,0.334,0.467,0.95,0.517,0.416,0.133
488,5,-0.05,-0.05,0.384,0.8,1.0,0.85,0.466,-0.1
489,8,0.283,0.0,0.151,0.45,0.767,0.9,0.799,0.9
490,8,0.616,0.05,-0.082,0.1,0.534,0.95,1.0,1.0
491,3,0.666,0.383,0.918,0.433,0.584,0.717,0.65,0.767
492,3,0.716,0.716,1.0,0.766,0.634,0.484,0.3,0.534
493,,0.666,0.666,0.95,0.716,0.584,0.434,0.25,0.484
494,,0.616,0.616,0.9,0.666,0.534,0.384,0.2,0.434
495,,0.566,0.566,0.85,0.616,0.484,0.334,0.15,0.384
496,,0.516,0.516,0.8,0.566,0.434,0.284,0.1,0.334
497,,0.466,0.466,0.75,0.516,0.384,0.234,0.05,0.284
498,,0.416,0.416,0.7,0.466,0.334,0.184,0.0,0.234
499,,0.366,0.366,0.65,0.416,0.284,0.134,-0.05,0.184
