step,active_motive,motive_1,motive_2,motive_3,motive_4,motive_5,motive_6,motive_7,motive_8
0,,0.22803,0.39259,0.09984,0.25712,0.29621,0.02323,0.30377,0.08526
1,,0.17803,0.34259,0.04984,0.20712,0.24621,-0.02677,0.25377,0.03526
2,6,-0.05497,-0.00741,-0.18316,0.25712,0.57921,0.97323,0.58677,0.08526
3,6,-0.28797,-0.35741,-0.41616,0.30712,0.91221,1.0,0.91977,0.13526
4,3,-0.23797,-0.02441,0.58384,0.64012,0.96221,0.767,0.56977,-0.09774
5,3,-0.18797,0.30859,1.0,0.97312,1.0,0.534,0.21977,-0.33074
6,8,0.14503,0.35859,0.767,0.62312,0.767,0.584,0.55277,0.66926
7,8,0.47803,0.40859,0.534,0.27312,0.534,0.634,0.88577,1.0
8,,0.42803,0.35859,0.484,0.22312,0.484,0.584,0.83577,0.95
9,,0.37803,0.30859,0.434,0.17312,0.434,0.534,0.78577,0.9
10,,0.32803,0.25859,0.384,0.12312,0.384,0.484,0.73577,0.85
11,,0.27803,0.20859,0.334,0.07312,0.334,0.434,0.68577,0.8
12,,0.22803,0.15859,0.284,0.02312,0.284,0.384,0.63577,0.75
13,,0.17803,0.10859,0.234,-0.02688,0.234,0.334,0.58577,0.7
14,4,-0.05497,0.15859,0.567,0.97312,0.567,0.384,0.35277,0.35
15,4,-0.28797,0.20859,0.9,1.0,0.9,0.434,0.11977,-0.0
16,1,0.71203,0.54159,0.95,0.767,0.55,0.201,0.16977,0.333
17,1,1.0,0.87459,1.0,0.534,0.2,-0.032,0.21977,0.666
18,6,0.767,0.52459,0.767,0.584,0.533,0.968,0.55277,0.716
19,6,0.534,0.17459,0.534,0.634,0.866,1.0,0.88577,0.766
20,,0.484,0.12459,0.484,0.584,0.816,0.95,0.83577,0.716
21,,0.434,0.07459,0.434,0.534,0.766,0.9,0.78577,0.666
22,,0.384,0.02459,0.384,0.484,0.716,0.85,0.73577,0.616
23,,0.334,-0.02541,0.334,0.434,0.666,0.8,0.68577,0.566
24,2,0.667,0.97459,0.667,0.484,0.433,0.45,0.45277,0.616
25,2,1.0,1.0,1.0,0.534,0.2,0.1,0.21977,0.666
26,,0.95,0.95,0.95,0.484,0.15,0.05,0.16977,0.616
27,,0.9,0.9,0.9,0.434,0.1,0.0,0.11977,0.566
28,,0.85,0.85,0.85,0.384,0.05,-0.05,0.06977,0.516
29,6,0.617,0.5,0.617,0.434,0.383,0.95,0.40277,0.566
30,6,0.384,0.15,0.384,0.484,0.716,1.0,0.73577,0.616
31,,0.334,0.1,0.334,0.434,0.666,0.95,0.68577,0.566
32,,0.284,0.05,0.284,0.384,0.616,0.9,0.63577,0.516
33,,0.234,0.0,0.234,0.334,0.566,0.85,0.58577,0.466
34,,0.184,-0.05,0.184,0.284,0.516,0.8,0.53577,0.416
35,2,0.517,0.95,0.517,0.334,0.283,0.45,0.30277,0.466
36,2,0.85,1.0,0.85,0.384,0.05,0.1,0.06977,0.516
37,,0.8,0.95,0.8,0.334,0.0,0.05,0.01977,0.466
38,,0.75,0.9,0.75,0.284,-0.05,0.0,-0.03023,0.416
39,5,0.4,0.667,0.8,0.617,0.95,0.333,0.01977,0.183
40,5,0.05,0.434,0.85,0.95,1.0,0.666,0.06977,-0.05
41,8,0.383,0.484,0.617,0.6,0.767,0.716,0.40277,0.95
42,8,0.716,0.534,0.384,0.25,0.534,0.766,0.73577,1.0
43,,0.666,0.484,0.334,0.2,0.484,0.716,0.68577,0.95
44,,0.616,0.434,0.284,0.15,0.434,0.666,0.63577,0.9
45,,0.566,0.384,0.234,0.1,0.384,0.616,0.58577,0.85
46,,0.516,0.334,0.184,0.05,0.334,0.566,0.53577,0.8
47,,0.466,0.284,0.134,0.0,0.284,0.516,0.48577,0.75
48,,0.416,0.234,0.084,-0.05,0.234,0.466,0.43577,0.7
49,4,0.183,0.284,0.417,0.95,0.567,0.516,0.20277,0.35
50,4,-0.05,0.334,0.75,1.0,0.9,0.566,-0.03023,-0.0
51,1,0.95,0.667,0.8,0.767,0.55,0.333,0.01977,0.333
52,1,1.0,1.0,0.85,0.534,0.2,0.1,0.06977,0.666
53,,0.95,0.95,0.8,0.484,0.15,0.05,0.01977,0.616
54,,0.9,0.9,0.75,0.434,0.1,0.0,-0.03023,0.566
55,7,0.95,0.667,0.4,0.201,0.15,0.333,0.96977,0.899
56,7,1.0,0.434,0.05,-0.032,0.2,0.666,1.0,1.0
57,4,0.767,0.484,0.383,0.968,0.533,0.716,0.767,0.65
58,4,0.534,0.534,0.716,1.0,0.866,0.766,0.534,0.3
59,,0.484,0.484,0.666,0.95,0.816,0.716,0.484,0.25
60,,0.434,0.434,0.616,0.9,0.766,0.666,0.434,0.2
61,,0.384,0.384,0.566,0.85,0.716,0.616,0.384,0.15
62,,0.334,0.334,0.516,0.8,0.666,0.566,0.334,0.1
63,,0.284,0.284,0.466,0.75,0.616,0.516,0.284,0.05
64,,0.234,0.234,0.416,0.7,0.566,0.466,0.234,0.0
65,,0.184,0.184,0.366,0.65,0.516,0.416,0.184,-0.05
66,8,0.517,0.234,0.133,0.3,0.283,0.466,0.517,0.95
67,8,0.85,0.284,-0.1,-0.05,0.05,0.516,0.85,1.0
68,3,0.9,0.617,0.9,0.283,0.1,0.283,0.5,0.767
69,3,0.95,0.95,1.0,0.616,0.15,0.05,0.15,0.534
70,,0.9,0.9,0.95,0.566,0.1,0.0,0.1,0.484
71,,0.85,0.85,0.9,0.516,0.05,-0.05,0.05,0.434
72,6,0.617,0.5,0.667,0.566,0.383,0.95,0.383,0.484
73,6,0.384,0.15,0.434,0.616,0.716,1.0,0.716,0.534
74,,0.334,0.1,0.384,0.566,0.666,0.95,0.666,0.484
75,,0.284,0.05,0.334,0.516,0.616,0.9,0.616,0.434
76,,0.234,0.0,0.284,0.466,0.566,0.85,0.566,0.384
77,,0.184,-0.05,0.234,0.416,0.516,0.8,0.516,0.334
78,2,0.517,0.95,0.567,0.466,0.283,0.45,0.283,0.384
79,2,0.85,1.0,0.9,0.516,0.05,0.1,0.05,0.434
80,,0.8,0.95,0.85,0.466,0.0,0.05,0.0,0.384
81,,0.75,0.9,0.8,0.416,-0.05,0.0,-0.05,0.334
82,5,0.4,0.667,0.85,0.749,0.95,0.333,0.0,0.101
83,5,0.05,0.434,0.9,1.0,1.0,0.666,0.05,-0.132
84,8,0.383,0.484,0.667,0.65,0.767,0.716,0.383,0.868
85,8,0.716,0.534,0.434,0.3,0.534,0.766,0.716,1.0
86,,0.666,0.484,0.384,0.25,0.484,0.716,0.666,0.95
87,,0.616,0.434,0.334,0.2,0.434,0.666,0.616,0.9
88,,0.566,0.384,0.284,0.15,0.384,0.616,0.566,0.85
89,,0.516,0.334,0.234,0.1,0.334,0.566,0.516,0.8
90,,0.466,0.284,0.184,0.05,0.284,0.516,0.466,0.75
91,,0.416,0.234,0.134,0.0,0.234,0.466,0.416,0.7
92,,0.366,0.184,0.084,-0.05,0.184,0.416,0.366,0.65
93,4,0.133,0.234,0.417,0.95,0.517,0.466,0.133,0.3
94,4,-0.1,0.284,0.75,1.0,0.85,0.516,-0.1,-0.05
95,7,-0.05,0.051,0.4,0.767,0.9,0.849,0.9,0.283
96,7,0.0,-0.182,0.05,0.534,0.95,1.0,1.0,0.616
97,2,0.333,0.818,0.383,0.584,0.717,0.65,0.767,0.666
98,2,0.666,1.0,0.716,0.634,0.484,0.3,0.534,0.716
99,,0.616,0.95,0.666,0.584,0.434,0.25,0.484,0.666
100,,0.566,0.9,0.616,0.534,0.384,0.2,0.434,0.616
101,,0.516,0.85,0.566,0.484,0.334,0.15,0.384,0.566
102,,0.466,0.8,0.516,0.434,0.284,0.1,0.334,0.516
103,,0.416,0.75,0.466,0.384,0.234,0.05,0.284,0.466
104,,0.366,0.7,0.416,0.334,0.184,0.0,0.234,0.416
105,,0.316,0.65,0.366,0.284,0.134,-0.05,0.184,0.366
106,6,0.083,0.3,0.133,0.334,0.467,0.95,0.517,0.416
107,6,-0.15,-0.05,-0.1,0.384,0.8,1.0,0.85,0.466
108,1,0.85,0.283,-0.05,0.151,0.45,0.767,0.9,0.799
109,1,1.0,0.616,0.0,-0.082,0.1,0.534,0.95,1.0
110,4,0.767,0.666,0.333,0.918,0.433,0.584,0.717,0.65
111,4,0.534,0.716,0.666,1.0,0.766,0.634,0.484,0.3
112,,0.484,0.666,0.616,0.95,0.716,0.584,0.434,0.25
113,,0.434,0.616,0.566,0.9,0.666,0.534,0.384,0.2
114,,0.384,0.566,0.516,0.85,0.616,0.484,0.334,0.15
115,,0.334,0.516,0.466,0.8,0.566,0.434,0.284,0.1
116,,0.284,0.466,0.416,0.75,0.516,0.384,0.234,0.05
117,,0.234,0.416,0.366,0.7,0.466,0.334,0.184,0.0
118,,0.184,0.366,0.316,0.65,0.416,0.284,0.134,-0.05
119,8,0.517,0.416,0.083,0.3,0.183,0.334,0.467,0.95
120,8,0.85,0.466,-0.15,-0.05,-0.05,0.384,0.8,1.0
121,3,0.9,0.799,0.85,0.283,0.0,0.151,0.45,0.767
122,3,0.95,1.0,1.0,0.616,0.05,-0.082,0.1,0.534
123,6,0.717,0.65,0.767,0.666,0.383,0.918,0.433,0.584
124,6,0.484,0.3,0.534,0.716,0.716,1.0,0.766,0.634
125,,0.434,0.25,0.484,0.666,0.666,0.95,0.716,0.584
126,,0.384,0.2,0.434,0.616,0.616,0.9,0.666,0.534
127,,0.334,0.15,0.384,0.566,0.566,0.85,0.616,0.484
128,,0.284,0.1,0.334,0.516,0.516,0.8,0.566,0.434
129,,0.234,0.05,0.284,0.466,0.466,0.75,0.516,0.384
130,,0.184,0.0,0.234,0.416,0.416,0.7,0.466,0.334
131,,0.134,-0.05,0.184,0.366,0.366,0.65,0.416,0.284
132,2,0.467,0.95,0.517,0.416,0.133,0.3,0.183,0.334
133,2,0.8,1.0,0.85,0.466,-0.1,-0.05,-0.05,0.384
134,5,0.45,0.767,0.9,0.799,0.9,0.283,0.0,0.151
135,5,0.1,0.534,0.95,1.0,1.0,0.616,0.05,-0.082
136,8,0.433,0.584,0.717,0.65,0.767,0.666,0.383,0.918
137,8,0.766,0.634,0.484,0.3,0.534,0.716,0.716,1.0
138,,0.716,0.584,0.434,0.25,0.484,0.666,0.666,0.95
139,,0.666,0.534,0.384,0.2,0.434,0.616,0.616,0.9
140,,0.616,0.484,0.334,0.15,0.384,0.566,0.566,0.85
141,,0.566,0.434,0.284,0.1,0.334,0.516,0.516,0.8
142,,0.516,0.384,0.234,0.05,0.284,0.466,0.466,0.75
143,,0.466,0.334,0.184,0.0,0.234,0.416,0.416,0.7
144,,0.416,0.284,0.134,-0.05,0.184,0.366,0.366,0.65
145,4,0.183,0.334,0.467,0.95,0.517,0.416,0.133,0.3
146,4,-0.05,0.384,0.8,1.0,0.85,0.466,-0.1,-0.05
147,7,0.0,0.151,0.45,0.767,0.9,0.799,0.9,0.283
148,7,0.05,-0.082,0.1,0.534,0.95,1.0,1.0,0.616
149,2,0.383,0.918,0.433,0.584,0.717,0.65,0.767,0.666
150,2,0.716,1.0,0.766,0.634,0.484,0.3,0.534,0.716
151,,0.666,0.95,0.716,0.584,0.434,0.25,0.484,0.666
152,,0.616,0.9,0.666,0.534,0.384,0.2,0.434,0.616
153,,0.566,0.85,0.616,0.484,0.334,0.15,0.384,0.566
154,,0.516,0.8,0.566,0.434,0.284,0.1,0.334,0.516
155,,0.466,0.75,0.516,0.384,0.234,0.05,0.284,0.466
156,,0.416,0.7,0.466,0.334,0.184,0.0,0.234,0.416
157,,0.366,0.65,0.416,0.284,0.134,-0.05,0.184,0.366
158,6,0.133,0.3,0.183,0.334,0.467,0.95,0.517,0.416
159,6,-0.1,-0.05,-0.05,0.384,0.8,1.0,0.85,0.466
160,1,0.9,0.283,0.0,0.151,0.45,0.767,0.9,0.799
161,1,1.0,0.616,0.05,-0.082,0.1,0.534,0.95,1.0
162,4,0.767,0.666,0.383,0.918,0.433,0.584,0.717,0.65
163,4,0.534,0.716,0.716,1.0,0.766,0.634,0.484,0.3
164,,0.484,0.666,0.666,0.95,0.716,0.584,0.434,0.25
165,,0.434,0.616,0.616,0.9,0.666,0.534,0.384,0.2
166,,0.384,0.566,0.566,0.85,0.616,0.484,0.334,0.15
167,,0.334,0.516,0.516,0.8,0.566,0.434,0.284,0.1
168,,0.284,0.466,0.466,0.75,0.516,0.384,0.234,0.05
169,,0.234,0.416,0.416,0.7,0.466,0.334,0.184,0.0
170,,0.184,0.366,0.366,0.65,0.416,0.284,0.134,-0.05
171,8,0.517,0.416,0.133,0.3,0.183,0.334,0.467,0.95
172,8,0.85,0.466,-0.1,-0.05,-0.05,0.384,0.8,1.0
173,3,0.9,0.799,0.9,0.283,0.0,0.151,0.45,0.767
174,3,0.95,1.0,1.0,0.616,0.05,-0.082,0.1,0.534
175,6,0.717,0.65,0.767,0.666,0.383,0.918,0.433,0.584
176,6,0.484,0.3,0.534,0.716,0.716,1.0,0.766,0.634
177,,0.434,0.25,0.484,0.666,0.666,0.95,0.716,0.584
178,,0.384,0.2,0.434,0.616,0.616,0.9,0.666,0.534
179,,0.334,0.15,0.384,0.566,0.566,0.85,0.616,0.484
180,,0.284,0.1,0.334,0.516,0.516,0.8,0.566,0.434
181,,0.234,0.05,0.284,0.466,0.466,0.75,0.516,0.384
182,,0.184,0.0,0.234,0.416,0.416,0.7,0.466,0.334
183,,0.134,-0.05,0.184,0.366,0.366,0.65,0.416,0.284
184,2,0.467,0.95,0.517,0.416,0.133,0.3,0.183,0.334
185,2,0.8,1.0,0.85,0.466,-0.1,-0.05,-0.05,0.384
186,5,0.45,0.767,0.9,0.799,0.9,0.283,0.0,0.151
187,5,0.1,0.534,0.95,1.0,1.0,0.616,0.05,-0.082
188,8,0.433,0.584,0.717,0.65,0.767,0.666,0.383,0.918
189,8,0.766,0.634,0.484,0.3,0.534,0.716,0.716,1.0
190,,0.716,0.584,0.434,0.25,0.484,0.666,0.666,0.95
191,,0.666,0.534,0.384,0.2,0.434,0.616,0.616,0.9
192,,0.616,0.484,0.334,0.15,0.384,0.566,0.566,0.85
193,,0.566,0.434,0.284,0.1,0.334,0.516,0.516,0.8
194,,0.516,0.384,0.234,0.05,0.284,0.466,0.466,0.75
195,,0.466,0.334,0.184,0.0,0.234,0.416,0.416,0.7
196,,0.416,0.284,0.134,-0.05,0.184,0.366,0.366,0.65
197,4,0.183,0.334,0.467,0.95,0.517,0.416,0.133,0.3
198,4,-0.05,0.384,0.8,1.0,0.85,0.466,-0.1,-0.05
199,7,0.0,0.151,0.45,0.767,0.9,0.799,0.9,0.283
200,7,0.05,-0.082,0.1,0.534,0.95,1.0,1.0,0.616
201,2,0.383,0.918,0.433,0.584,0.717,0.65,0.767,0.666
202,2,0.716,1.0,0.766,0.634,0.484,0.3,0.534,0.716
203,,0.666,0.95,0.716,0.584,0.434,0.25,0.484,0.666
204,,0.616,0.9,0.666,0.534,0.384,0.2,0.434,0.616
205,,0.566,0.85,0.616,0.484,0.334,0.15,0.384,0.566
206,,0.516,0.8,0.566,0.434,0.284,0.1,0.334,0.516
207,,0.466,0.75,0.516,0.384,0.234,0.05,0.284,0.466
208,,0.416,0.7,0.466,0.334,0.184,0.0,0.234,0.416
209,,0.366,0.65,0.416,0.284,0.134,-0.05,0.184,0.366
210,6,0.133,0.3,0.183,0.334,0.467,0.95,0.517,0.416
211,6,-0.1,-0.05,-0.05,0.384,0.8,1.0,0.85,0.466
212,1,0.9,0.283,0.0,0.151,0.45,0.767,0.9,0.799
213,1,1.0,0.616,0.05,-0.082,0.1,0.534,0.95,1.0
214,4,0.767,0.666,0.383,0.918,0.433,0.584,0.717,0.65
215,4,0.534,0.716,0.716,1.0,0.766,0.634,0.484,0.3
216,,0.484,0.666,0.666,0.95,0.716,0.584,0.434,0.25
217,,0.434,0.616,0.616,0.9,0.666,0.534,0.384,0.2
218,,0.384,0.566,0.566,0.85,0.616,0.484,0.334,0.15
219,,0.334,0.516,0.516,0.8,0.566,0.434,0.284,0.1
220,,0.284,0.466,0.466,0.75,0.516,0.384,0.234,0.05
221,,0.234,0.416,0.416,0.7,0.466,0.334,0.184,0.0
222,,0.184,0.366,0.366,0.65,0.416,0.284,0.134,-0.05
223,8,0.517,0.416,0.133,0.3,0.183,0.334,0.467,0.95
224,8,0.85,0.466,-0.1,-0.05,-0.05,0.384,0.8,1.0
225,3,0.9,0.799,0.9,0.283,0.0,0.151,0.45,0.767
226,3,0.95,1.0,1.0,0.616,0.05,-0.082,0.1,0.534
227,6,0.717,0.65,0.767,0.666,0.383,0.918,0.433,0.584
228,6,0.484,0.3,0.534,0.716,0.716,1.0,0.766,0.634
229,,0.434,0.25,0.484,0.666,0.666,0.95,0.716,0.584
230,,0.384,0.2,0.434,0.616,0.616,0.9,0.666,0.534
231,,0.334,0.15,0.384,0.566,0.566,0.85,0.616,0.484
232,,0.284,0.1,0.334,0.516,0.516,0.8,0.566,0.434
233,,0.234,0.05,0.284,0.466,0.466,0.75,0.516,0.384
234,,0.184,0.0,0.234,0.416,0.416,0.7,0.466,0.334
235,,0.134,-0.05,0.184,0.366,0.366,0.65,0.416,0.284
236,2,0.467,0.95,0.517,0.416,0.133,0.3,0.183,0.334
237,2,0.8,1.0,0.85,0.466,-0.1,-0.05,-0.05,0.384
238,5,0.45,0.767,0.9,0.799,0.9,0.283,0.0,0.151
239,5,0.1,0.534,0.95,1.0,1.0,0.616,0.05,-0.082
240,8,0.433,0.584,0.717,0.65,0.767,0.666,0.383,0.918
241,8,0.766,0.634,0.484,0.3,0.534,0.716,0.716,1.0
242,,0.716,0.584,0.434,0.25,0.484,0.666,0.666,0.95
243,,0.666,0.534,0.384,0.2,0.434,0.616,0.616,0.9
244,,0.616,0.484,0.334,0.15,0.384,0.566,0.566,0.85
245,,0.566,0.434,0.284,0.1,0.334,0.516,0.516,0.8
246,,0.516,0.384,0.234,0.05,0.284,0.466,0.466,0.75
247,,0.466,0.334,0.184,0.0,0.234,0.416,0.416,0.7
248,,0.416,0.284,0.134,-0.05,0.184,0.366,0.366,0.65
249,4,0.183,0.334,0.467,0.95,0.517,0.416,0.133,0.3
250,4,-0.05,0.384,0.8,1.0,0.85,0.466,-0.1,-0.05
251,7,0.0,0.151,0.45,0.767,0.9,0.799,0.9,0.283
252,7,0.05,-0.082,0.1,0.534,0.95,1.0,1.0,0.616
253,2,0.383,0.918,0.433,0.584,0.717,0.65,0.767,0.666
254,2,0.716,1.0,0.766,0.634,0.484,0.3,0.534,0.716
255,,0.666,0.95,0.716,0.584,0.434,0.25,0.484,0.666
256,,0.616,0.9,0.666,0.534,0.384,0.2,0.434,0.616
257,,0.566,0.85,0.616,0.484,0.334,0.15,0.384,0.566
258,,0.516,0.8,0.566,0.434,0.284,0.1,0.334,0.516
259,,0.466,0.75,0.516,0.384,0.234,0.05,0.284,0.466
260,,0.416,0.7,0.466,0.334,0.184,0.0,0.234,0.416
261,,0.366,0.65,0.416,0.284,0.134,-0.05,0.184,0.366
262,6,0.133,0.3,0.183,0.334,0.467,0.95,0.517,0.416
263,6,-0.1,-0.05,-0.05,0.384,0.8,1.0,0.85,0.466
264,1,0.9,0.283,0.0,0.151,0.45,0.767,0.9,0.799
265,1,1.0,0.616,0.05,-0.082,0.1,0.534,0.95,1.0
266,4,0.767,0.666,0.383,0.918,0.433,0.584,0.717,0.65
267,4,0.534,0.716,0.716,1.0,0.766,0.634,0.484,0.3
268,,0.484,0.666,0.666,0.95,0.716,0.584,0.434,0.25
269,,0.434,0.616,0.616,0.9,0.666,0.534,0.384,0.2
270,,0.384,0.566,0.566,0.85,0.616,0.484,0.334,0.15
271,,0.334,0.516,0.516,0.8,0.566,0.434,0.284,0.1
272,,0.284,0.466,0.466,0.75,0.516,0.384,0.234,0.05
273,,0.234,0.416,0.416,0.7,0.466,0.334,0.184,0.0
274,,0.184,0.366,0.366,0.65,0.416,0.284,0.134,-0.05
275,8,0.517,0.416,0.133,0.3,0.183,0.334,0.467,0.95
276,8,0.85,0.466,-0.1,-0.05,-0.05,0.384,0.8,1.0
277,3,0.9,0.799,0.9,0.283,0.0,0.151,0.45,0.767
278,3,0.95,1.0,1.0,0.616,0.05,-0.082,0.1,0.534
279,6,0.717,0.65,0.767,0.666,0.383,0.918,0.433,0.584
280,6,0.484,0.3,0.534,0.716,0.716,1.0,0.766,0.634
281,,0.434,0.25,0.484,0.666,0.666,0.95,0.716,0.584
282,,0.384,0.2,0.434,0.616,0.616,0.9,0.666,0.534
283,,0.334,0.15,0.384,0.566,0.566,0.85,0.616,0.484
284,,0.284,0.1,0.334,0.516,0.516,0.8,0.566,0.434
285,,0.234,0.05,0.284,0.466,0.466,0.75,0.516,0.384
286,,0.184,0.0,0.234,0.416,0.416,0.7,0.466,0.334
287,,0.134,-0.05,0.184,0.366,0.366,0.65,0.416,0.284
288,2,0.467,0.95,0.517,0.416,0.133,0.3,0.183,0.334
289,2,0.8,1.0,0.85,0.466,-0.1,-0.05,-0.05,0.384
290,5,0.45,0.767,0.9,0.799,0.9,0.283,0.0,0.151
291,5,0.1,0.534,0.95,1.0,1.0,0.616,0.05,-0.082
292,8,0.433,0.584,0.717,0.65,0.767,0.666,0.383,0.918
293,8,0.766,0.634,0.484,0.3,0.534,0.716,0.716,1.0
294,,0.716,0.584,0.434,0.25,0.484,0.666,0.666,0.95
295,,0.666,0.534,0.384,0.2,0.434,0.616,0.616,0.9
296,,0.616,0.484,0.334,0.15,0.384,0.566,0.566,0.85
297,,0.566,0.434,0.284,0.1,0.334,0.516,0.516,0.8
298,,0.516,0.384,0.234,0.05,0.284,0.466,0.466,0.75
299,,0.466,0.334,0.184,0.0,0.234,0.416,0.416,0.7
300,,0.416,0.284,0.134,-0.05,0.184,0.366,0.366,0.65
301,4,0.183,0.334,0.467,0.95,0.517,0.416,0.133,0.3
302,4,-0.05,0.384,0.8,1.0,0.85,0.466,-0.1,-0.05
303,7,0.0,0.151,0.45,0.767,0.9,0.799,0.9,0.283
304,7,0.05,-0.082,0.1,0.534,0.95,1.0,1.0,0.616
305,2,0.383,0.918,0.433,0.584,0.717,0.65,0.767,0.666
306,2,0.716,1.0,0.766,0.634,0.484,0.3,0.534,0.716
307,,0.666,0.95,0.716,0.584,0.434,0.25,0.484,0.666
308,,0.616,0.9,0.666,0.534,0.384,0.2,0.434,0.616
309,,0.566,0.85,0.616,0.484,0.334,0.15,0.384,0.566
310,,0.516,0.8,0.566,0.434,0.284,0.1,0.334,0.516
311,,0.466,0.75,0.516,0.384,0.234,0.05,0.284,0.466
312,,0.416,0.7,0.466,0.334,0.184,0.0,0.234,0.416
313,,0.366,0.65,0.416,0.284,0.134,-0.05,0.184,0.366
314,6,0.133,0.3,0.183,0.334,0.467,0.95,0.517,0.416
315,6,-0.1,-0.05,-0.05,0.384,0.8,1.0,0.85,0.466
316,1,0.9,0.283,0.0,0.151,0.45,0.767,0.9,0.799
317,1,1.0,0.616,0.05,-0.082,0.1,0.534,0.95,1.0
318,4,0.767,0.666,0.383,0.918,0.433,0.584,0.717,0.65
319,4,0.534,0.716,0.716,1.0,0.766,0.634,0.484,0.3
320,,0.484,0.666,0.666,0.95,0.716,0.584,0.434,0.25
321,,0.434,0.616,0.616,0.9,0.666,0.534,0.384,0.2
322,,0.384,0.566,0.566,0.85,0.616,0.484,0.334,0.15
323,,0.334,0.516,0.516,0.8,0.566,0.434,0.284,0.1
324,,0.284,0.466,0.466,0.75,0.516,0.384,0.234,0.05
325,,0.234,0.416,0.416,0.7,0.466,0.334,0.184,0.0
326,,0.184,0.366,0.366,0.65,0.416,0.284,0.134,-0.05
327,8,0.517,0.416,0.133,0.3,0.183,0.334,0.467,0.95
328,8,0.85,0.466,-0.1,-0.05,-0.05,0.384,0.8,1.0
329,3,0.9,0.799,0.9,0.283,0.0,0.151,0.45,0.767
330,3,0.95,1.0,1.0,0.616,0.05,-0.082,0.1,0.534
331,6,0.717,0.65,0.767,0.666,0.383,0.918,0.433,0.584
332,6,0.484,0.3,0.534,0.716,0.716,1.0,0.766,0.634
333,,0.434,0.25,0.484,0.666,0.666,0.95,0.716,0.584
334,,0.384,0.2,0.434,0.616,0.616,0.9,0.666,0.534
335,,0.334,0.15,0.384,0.566,0.566,0.85,0.616,0.484
336,,0.284,0.1,0.334,0.516,0.516,0.8,0.566,0.434
337,,0.234,0.05,0.284,0.466,0.466,0.75,0.516,0.384
338,,0.184,0.0,0.234,0.416,0.416,0.7,0.466,0.334
339,,0.134,-0.05,0.184,0.366,0.366,0.65,0.416,0.284
340,2,0.467,0.95,0.517,0.416,0.133,0.3,0.183,0.334
341,2,0.8,1.0,0.85,0.466,-0.1,-0.05,-0.05,0.384
342,5,0.45,0.767,0.9,0.799,0.9,0.283,0.0,0.151
343,5,0.1,0.534,0.95,1.0,1.0,0.616,0.05,-0.082
344,8,0.433,0.584,0.717,0.65,0.767,0.666,0.383,0.918
345,8,0.766,0.634,0.484,0.3,0.534,0.716,0.716,1.0
346,,0.716,0.584,0.434,0.25,0.484,0.666,0.666,0.95
347,,0.666,0.534,0.384,0.2,0.434,0.616,0.616,0.9
348,,0.616,0.484,0.334,0.15,0.384,0.566,0.566,0.85
349,,0.566,0.434,0.284,0.1,0.334,0.516,0.516,0.8
350,,0.516,0.384,0.234,0.05,0.284,0.466,0.466,0.75
351,,0.466,0.334,0.184,0.0,0.234,0.416,0.416,0.7
352,,0.416,0.284,0.134,-0.05,0.184,0.366,0.366,0.65
353,4,0.183,0.334,0.467,0.95,0.517,0.416,0.133,0.3
354,4,-0.05,0.384,0.8,1.0,0.85,0.466,-0.1,-0.05
355,7,0.0,0.151,0.45,0.767,0.9,0.799,0.9,0.283
356,7,0.05,-0.082,0.1,0.534,0.95,1.0,1.0,0.616
357,2,0.383,0.918,0.433,0.584,0.717,0.65,0.767,0.666
358,2,0.716,1.0,0.766,0.634,0.484,0.3,0.534,0.716
359,,0.666,0.95,0.716,0.584,0.434,0.25,0.484,0.666
360,,0.616,0.9,0.666,0.534,0.384,0.2,0.434,0.616
361,,0.566,0.85,0.616,0.484,0.334,0.15,0.384,0.566
362,,0.516,0.8,0.566,0.434,0.284,0.1,0.334,0.516
363,,0.466,0.75,0.516,0.384,0.234,0.05,0.284,0.466
364,,0.416,0.7,0.466,0.334,0.184,0.0,0.234,0.416
365,,0.366,0.65,0.416,0.284,0.134,-0.05,0.184,0.366
366,6,0.133,0.3,0.183,0.334,0.467,0.95,0.517,0.416
367,6,-0.1,-0.05,-0.05,0.384,0.8,1.0,0.85,0.466
368,1,0.9,0.283,0.0,0.151,0.45,0.767,0.9,0.799
369,1,1.0,0.616,0.05,-0.082,0.1,0.534,0.95,1.0
370,4,0.767,0.666,0.383,0.918,0.433,0.584,0.717,0.65
371,4,0.534,0.716,0.716,1.0,0.766,0.634,0.484,0.3
372,,0.484,0.666,0.666,0.95,0.716,0.584,0.434,0.25
373,,0.434,0.616,0.616,0.9,0.666,0.534,0.384,0.2
374,,0.384,0.566,0.566,0.85,0.616,0.484,0.334,0.15
375,,0.334,0.516,0.516,0.8,0.566,0.434,0.284,0.1
376,,0.284,0.466,0.466,0.75,0.516,0.384,0.234,0.05
377,,0.234,0.416,0.416,0.7,0.466,0.334,0.184,0.0
378,,0.184,0.366,0.366,0.65,0.416,0.284,0.134,-0.05
379,8,0.517,0.416,0.133,0.3,0.183,0.334,0.467,0.95
380,8,0.85,0.466,-0.1,-0.05,-0.05,0.384,0.8,1.0
381,3,0.9,0.799,0.9,0.283,0.0,0.151,0.45,0.767
382,3,0.95,1.0,1.0,0.616,0.05,-0.082,0.1,0.534
383,6,0.717,0.65,0.767,0.666,0.383,0.918,0.433,0.584
384,6,0.484,0.3,0.534,0.716,0.716,1.0,0.766,0.634
385,,0.434,0.25,0.484,0.666,0.666,0.95,0.716,0.584
386,,0.384,0.2,0.434,0.616,0.616,0.9,0.666,0.534
387,,0.334,0.15,0.384,0.566,0.566,0.85,0.616,0.484
388,,0.284,0.1,0.334,0.516,0.516,0.8,0.566,0.434
389,,0.234,0.05,0.284,0.466,0.466,0.75,0.516,0.384
390,,0.184,0.0,0.234,0.416,0.416,0.7,0.466,0.334
391,,0.134,-0.05,0.184,0.366,0.366,0.65,0.416,0.284
392,2,0.467,0.95,0.517,0.416,0.133,0.3,0.183,0.334
393,2,0.8,1.0,0.85,0.466,-0.1,-0.05,-0.05,0.384
394,5,0.45,0.767,0.9,0.799,0.9,0.283,0.0,0.151
395,5,0.1,0.534,0.95,1.0,1.0,0.616,0.05,-0.082
396,8,0.433,0.584,0.717,0.65,0.767,0.666,0.383,0.918
397,8,0.766,0.634,0.484,0.3,0.534,0.716,0.716,1.0
398,,0.716,0.584,0.434,0.25,0.484,0.666,0.666,0.95
399,,0.666,0.534,0.384,0.2,0.434,0.616,0.616,0.9
400,,0.616,0.484,0.334,0.15,0.384,0.566,0.566,0.85
401,,0.566,0.434,0.284,0.1,0.334,0.516,0.516,0.8
402,,0.516,0.384,0.234,0.05,0.284,0.466,0.466,0.75
403,,0.466,0.334,0.184,0.0,0.234,0.416,0.416,0.7
404,,0.416,0.284,0.134,-0.05,0.184,0.366,0.366,0.65
405,4,0.183,0.334,0.467,0.95,0.517,0.416,0.133,0.3
406,4,-0.05,0.384,0.8,1.0,0.85,0.466,-0.1,-0.05
407,7,0.0,0.151,0.45,0.767,0.9,0.799,0.9,0.283
408,7,0.05,-0.082,0.1,0.534,0.95,1.0,1.0,0.616
409,2,0.383,0.918,0.433,0.584,0.717,0.65,0.767,0.666
410,2,0.716,1.0,0.766,0.634,0.484,0.3,0.534,0.716
411,,0.666,0.95,0.716,0.584,0.434,0.25,0.484,0.666
412,,0.616,0.9,0.666,0.534,0.384,0.2,0.434,0.616
413,,0.566,0.85,0.616,0.484,0.334,0.15,0.384,0.566
414,,0.516,0.8,0.566,0.434,0.284,0.1,0.334,0.516
415,,0.466,0.75,0.516,0.384,0.234,0.05,0.284,0.466
416,,0.416,0.7,0.466,0.334,0.184,0.0,0.234,0.416
417,,0.366,0.65,0.416,0.284,0.134,-0.05,0.184,0.366
418,6,0.133,0.3,0.183,0.334,0.467,0.95,0.517,0.416
419,6,-0.1,-0.05,-0.05,0.384,0.8,1.0,0.85,0.466
420,1,0.9,0.283,0.0,0.151,0.45,0.767,0.9,0.799
421,1,1.0,0.616,0.05,-0.082,0.1,0.534,0.95,1.0
422,4,0.767,0.666,0.383,0.918,0.433,0.584,0.717,0.65
423,4,0.534,0.716,0.716,1.0,0.766,0.634,0.484,0.3
424,,0.484,0.666,0.666,0.95,0.716,0.584,0.434,0.25
425,,0.434,0.616,0.616,0.9,0.666,0.534,0.384,0.2
426,,0.384,0.566,0.566,0.85,0.616,0.484,0.334,0.15
427,,0.334,0.516,0.516,0.8,0.566,0.434,0.284,0.1
428,,0.284,0.466,0.466,0.75,0.516,0.384,0.234,0.05
429,,0.234,0.416,0.416,0.7,0.466,0.334,0.184,0.0
430,,0.184,0.366,0.366,0.65,0.416,0.284,0.134,-0.05
431,8,0.517,0.416,0.133,0.3,0.183,0.334,0.467,0.95
432,8,0.85,0.466,-0.1,-0.05,-0.05,0.384,0.8,1.0
433,3,0.9,0.799,0.9,0.283,0.0,0.151,0.45,0.767
434,3,0.95,1.0,1.0,0.616,0.05,-0.082,0.1,0.534
435,6,0.717,0.65,0.767,0.666,0.383,0.918,0.433,0.584
436,6,0.484,0.3,0.534,0.716,0.716,1.0,0.766,0.634
437,,0.434,0.25,0.484,0.666,0.666,0.95,0.716,0.584
438,,0.384,0.2,0.434,0.616,0.616,0.9,0.666,0.534
439,,0.334,0.15,0.384,0.566,0.566,0.85,0.616,0.484
440,,0.284,0.1,0.334,0.516,0.516,0.8,0.566,0.434
441,,0.234,0.05,0.284,0.466,0.466,0.75,0.516,0.384
442,,0.184,0.0,0.234,0.416,0.416,0.7,0.466,0.334
443,,0.134,-0.05,0.184,0.366,0.366,0.65,0.416,0.284
444,2,0.467,0.95,0.517,0.416,0.133,0.3,0.183,0.334
445,2,0.8,1.0,0.85,0.466,-0.1,-0.05,-0.05,0.384
446,5,0.45,0.767,0.9,0.799,0.9,0.283,0.0,0.151
447,5,0.1,0.534,0.95,1.0,1.0,0.616,0.05,-0.082
448,8,0.433,0.584,0.717,0.65,0.767,0.666,0.383,0.918
449,8,0.766,0.634,0.484,0.3,0.534,0.716,0.716,1.0
450,,0.716,0.584,0.434,0.25,0.484,0.666,0.666,0.95
451,,0.666,0.534,0.384,0.2,0.434,0.616,0.616,0.9
452,,0.616,0.484,0.334,0.15,0.384,0.566,0.566,0.85
453,,0.566,0.434,0.284,0.1,0.334,0.516,0.516,0.8
454,,0.516,0.384,0.234,0.05,0.284,0.466,0.466,0.75
455,,0.466,0.334,0.184,0.0,0.234,0.416,0.416,0.7
456,,0.416,0.284,0.134,-0.05,0.184,0.366,0.366,0.65
457,4,0.183,0.334,0.467,0.95,0.517,0.416,0.133,0.3
458,4,-0.05,0.384,0.8,1.0,0.85,0.466,-0.1,-0.05
459,7,0.0,0.151,0.45,0.767,0.9,0.799,0.9,0.283
460,7,0.05,-0.082,0.1,0.534,0.95,1.0,1.0,0.616
461,2,0.383,0.918,0.433,0.584,0.717,0.65,0.767,0.666
462,2,0.716,1.0,0.766,0.634,0.484,0.3,0.534,0.716
463,,0.666,0.95,0.716,0.584,0.434,0.25,0.484,0.666
464,,0.616,0.9,0.666,0.534,0.384,0.2,0.434,0.616
465,,0.566,0.85,0.616,0.484,0.334,0.15,0.384,0.566
466,,0.516,0.8,0.566,0.434,0.284,0.1,0.334,0.516
467,,0.466,0.75,0.516,0.384,0.234,0.05,0.284,0.466
468,,0.416,0.7,0.466,0.334,0.184,0.0,0.234,0.416
469,,0.366,0.65,0.416,0.284,0.134,-0.05,0.184,0.366
470,6,0.133,0.3,0.183,0.334,0.467,0.95,0.517,0.416
471,6,-0.1,-0.05,-0.05,0.384,0.8,1.0,0.85,0.466
472,1,0.9,0.283,0.0,0.151,0.45,0.767,0.9,0.799
473,1,1.0,0.616,0.05,-0.082,0.1,0.534,0.95,1.0
474,4,0.767,0.666,0.383,0.918,0.433,0.584,0.717,0.65
475,4,0.534,0.716,0.716,1.0,0.766,0.634,0.484,0.3
476,,0.484,0.666,0.666,0.95,0.716,0.584,0.434,0.25
477,,0.434,0.616,0.616,0.9,0.666,0.534,0.384,0.2
478,,0.384,0.566,0.566,0.85,0.616,0.484,0.334,0.15
479,,0.334,0.516,0.516,0.8,0.566,0.434,0.284,0.1
480,,0.284,0.466,0.466,0.75,0.516,0.384,0.234,0.05
481,,0.234,0.416,0.416,0.7,0.466,0.334,0.184,0.0
482,,0.184,0.366,0.366,0.65,0.416,0.284,0.134,-0.05
483,8,0.517,0.416,0.133,0.3,0.183,0.334,0.467,0.95
484,8,0.85,0.466,-0.1,-0.05,-0.05,0.384,0.8,1.0
485,3,0.9,0.799,0.9,0.283,0.0,0.151,0.45,0.767
486,3,0.95,1.0,1.0,0.616,0.05,-0.082,0.1,0.534
487,6,0.717,0.65,0.767,0.666,0.383,0.918,0.433,0.584
488,6,0.484,0.3,0.534,0.716,0.716,1.0,0.766,0.634
489,,0.434,0.25,0.484,0.666,0.666,0.95,0.716,0.584
490,,0.384,0.2,0.434,0.616,0.616,0.9,0.666,0.534
491,,0.334,0.15,0.384,0.566,0.566,0.85,0.616,0.484
492,,0.284,0.1,0.334,0.516,0.516,0.8,0.566,0.434
493,,0.234,0.05,0.284,0.466,0.466,0.75,0.516,0.384
494,,0.184,0.0,0.234,0.416,0.416,0.7,0.466,0.334
495,,0.134,-0.05,0.184,0.366,0.366,0.65,0.416,0.284
496,2,0.467,0.95,0.517,0.416,0.133,0.3,0.183,0.334
497,2,0.8,1.0,0.85,0.466,-0.1,-0.05,-0.05,0.384
498,5,0.45,0.767,0.9,0.799,0.9,0.283,0.0,0.151
499,5,0.1,0.534,0.95,1.0,1.0,0.616,0.05,-0.082
