step,active_motive,motive_1,motive_2,motive_3,motive_4,motive_5,motive_6,motive_7,motive_8
0,,0.08415,0.10938,0.27905,0.20192,0.03245,0.12696,0.12344,0.34815
1,,0.03415,0.05938,0.22905,0.15192,-0.01755,0.07696,0.07344,0.29815
2,5,-0.31585,-0.17362,0.27905,0.48492,0.98245,0.40996,0.12344,0.06515
3,5,-0.66585,-0.40662,0.32905,0.81792,1.0,0.74296,0.17344,-0.16785
4,1,0.33415,-0.07362,0.37905,0.58492,0.65,0.50996,0.22344,0.16515
5,1,1.0,0.25938,0.42905,0.35192,0.3,0.27696,0.27344,0.49815
6,,0.95,0.20938,0.37905,0.30192,0.25,0.22696,0.22344,0.44815
7,,0.9,0.15938,0.32905,0.25192,0.2,0.17696,0.17344,0.39815
8,,0.85,0.10938,0.27905,0.20192,0.15,0.12696,0.12344,0.34815
9,,0.8,0.05938,0.22905,0.15192,0.1,0.07696,0.07344,0.29815
10,,0.75,0.00938,0.17905,0.10192,0.05,0.02696,0.02344,0.24815
11,,0.7,-0.04062,0.12905,0.05192,0.0,-0.02304,-0.02656,0.19815
12,2,1.0,0.95938,0.46205,0.10192,-0.233,-0.37304,-0.25956,0.24815
13,2,1.0,1.0,0.79505,0.15192,-0.466,-0.72304,-0.49256,0.29815
14,6,0.767,0.65,0.56205,0.20192,-0.133,0.27696,-0.15956,0.34815
15,6,0.534,0.3,0.32905,0.25192,0.2,1.0,0.17344,0.39815
16,,0.484,0.25,0.27905,0.20192,0.15,0.95,0.12344,0.34815
17,,0.434,0.2,0.22905,0.15192,0.1,0.9,0.07344,0.29815
18,,0.384,0.15,0.17905,0.10192,0.05,0.85,0.02344,0.24815
19,,0.334,0.1,0.12905,0.05192,0.0,0.8,-0.02656,0.19815
20,7,0.384,-0.133,-0.22095,-0.18108,0.05,1.0,0.97344,0.53115
21,7,0.434,-0.366,-0.57095,-0.41408,0.1,1.0,1.0,0.86415
22,3,0.484,-0.033,0.42905,-0.08108,0.15,0.767,0.65,0.63115
23,3,0.534,0.3,1.0,0.25192,0.2,0.534,0.3,0.39815
24,,0.484,0.25,0.95,0.20192,0.15,0.484,0.25,0.34815
25,,0.434,0.2,0.9,0.15192,0.1,0.434,0.2,0.29815
26,,0.384,0.15,0.85,0.10192,0.05,0.384,0.15,0.24815
27,,0.334,0.1,0.8,0.05192,0.0,0.334,0.1,0.19815
28,,0.284,0.05,0.75,0.00192,-0.05,0.284,0.05,0.14815
29,5,-0.066,-0.183,0.8,0.33492,0.95,0.617,0.1,-0.08485
30,5,-0.416,-0.416,0.85,0.66792,1.0,0.95,0.15,-0.31785
31,1,0.584,-0.083,0.9,0.43492,0.65,0.717,0.2,0.01515
32,1,1.0,0.25,0.95,0.20192,0.3,0.484,0.25,0.34815
33,,0.95,0.2,0.9,0.15192,0.25,0.434,0.2,0.29815
34,,0.9,0.15,0.85,0.10192,0.2,0.384,0.15,0.24815
35,,0.85,0.1,0.8,0.05192,0.15,0.334,0.1,0.19815
36,,0.8,0.05,0.75,0.00192,0.1,0.284,0.05,0.14815
37,,0.75,0.0,0.7,-0.04808,0.05,0.234,0.0,0.09815
38,4,0.517,0.05,1.0,0.95192,0.383,0.284,-0.233,-0.25185
39,4,0.284,0.1,1.0,1.0,0.716,0.334,-0.466,-0.60185
40,8,0.617,0.15,0.767,0.65,0.483,0.384,-0.133,0.39815
41,8,0.95,0.2,0.534,0.3,0.25,0.434,0.2,1.0
42,,0.9,0.15,0.484,0.25,0.2,0.384,0.15,0.95
43,,0.85,0.1,0.434,0.2,0.15,0.334,0.1,0.9
44,,0.8,0.05,0.384,0.15,0.1,0.284,0.05,0.85
45,,0.75,0.0,0.334,0.1,0.05,0.234,0.0,0.8
46,,0.7,-0.05,0.284,0.05,0.0,0.184,-0.05,0.75
47,2,1.0,0.95,0.617,0.1,-0.233,-0.166,-0.283,0.8
48,2,1.0,1.0,0.95,0.15,-0.466,-0.516,-0.516,0.85
49,6,0.767,0.65,0.717,0.2,-0.133,0.484,-0.183,0.9
50,6,0.534,0.3,0.484,0.25,0.2,1.0,0.15,0.95
51,,0.484,0.25,0.434,0.2,0.15,0.95,0.1,0.9
52,,0.434,0.2,0.384,0.15,0.1,0.9,0.05,0.85
53,,0.384,0.15,0.334,0.1,0.05,0.85,0.0,0.8
54,,0.334,0.1,0.284,0.05,0.0,0.8,-0.05,0.75
55,7,0.384,-0.133,-0.066,-0.183,0.05,1.0,0.95,1.0
56,7,0.434,-0.366,-0.416,-0.416,0.1,1.0,1.0,1.0
57,3,0.484,-0.033,0.584,-0.083,0.15,0.767,0.65,0.767
58,3,0.534,0.3,1.0,0.25,0.2,0.534,0.3,0.534
59,,0.484,0.25,0.95,0.2,0.15,0.484,0.25,0.484
60,,0.434,0.2,0.9,0.15,0.1,0.434,0.2,0.434
61,,0.384,0.15,0.85,0.1,0.05,0.384,0.15,0.384
62,,0.334,0.1,0.8,0.05,0.0,0.334,0.1,0.334
63,,0.284,0.05,0.75,0.0,-0.05,0.284,0.05,0.284
64,5,-0.066,-0.183,0.8,0.333,0.95,0.617,0.1,0.051
65,5,-0.416,-0.416,0.85,0.666,1.0,0.95,0.15,-0.182
66,2,-0.083,0.584,1.0,0.716,0.767,0.6,-0.083,-0.132
67,2,0.25,1.0,1.0,0.766,0.534,0.25,-0.316,-0.082
68,7,0.3,0.767,0.65,0.533,0.584,0.583,0.684,0.251
69,7,0.35,0.534,0.3,0.3,0.634,0.916,1.0,0.584
70,,0.3,0.484,0.25,0.25,0.584,0.866,0.95,0.534
71,,0.25,0.434,0.2,0.2,0.534,0.816,0.9,0.484
72,,0.2,0.384,0.15,0.15,0.484,0.766,0.85,0.434
73,,0.15,0.334,0.1,0.1,0.434,0.716,0.8,0.384
74,,0.1,0.284,0.05,0.05,0.384,0.666,0.75,0.334
75,,0.05,0.234,0.0,0.0,0.334,0.616,0.7,0.284
76,,0.0,0.184,-0.05,-0.05,0.284,0.566,0.65,0.234
77,3,0.05,0.517,0.95,0.283,0.334,0.333,0.3,0.001
78,3,0.1,0.85,1.0,0.616,0.384,0.1,-0.05,-0.232
79,8,0.433,0.9,0.767,0.266,0.151,0.15,0.283,0.768
80,8,0.766,0.95,0.534,-0.084,-0.082,0.2,0.616,1.0
81,4,0.533,1.0,0.867,0.916,0.251,0.25,0.383,0.65
82,4,0.3,1.0,1.0,1.0,0.584,0.3,0.15,0.3
83,,0.25,0.95,0.95,0.95,0.534,0.25,0.1,0.25
84,,0.2,0.9,0.9,0.9,0.484,0.2,0.05,0.2
85,,0.15,0.85,0.85,0.85,0.434,0.15,0.0,0.15
86,,0.1,0.8,0.8,0.8,0.384,0.1,-0.05,0.1
87,7,0.15,0.567,0.45,0.567,0.434,0.433,0.95,0.433
88,7,0.2,0.334,0.1,0.334,0.484,0.766,1.0,0.766
89,,0.15,0.284,0.05,0.284,0.434,0.716,0.95,0.716
90,,0.1,0.234,0.0,0.234,0.384,0.666,0.9,0.666
91,,0.05,0.184,-0.05,0.184,0.334,0.616,0.85,0.616
92,3,0.1,0.517,0.95,0.517,0.384,0.383,0.5,0.383
93,3,0.15,0.85,1.0,0.85,0.434,0.15,0.15,0.15
94,,0.1,0.8,0.95,0.8,0.384,0.1,0.1,0.1
95,,0.05,0.75,0.9,0.75,0.334,0.05,0.05,0.05
96,,0.0,0.7,0.85,0.7,0.284,0.0,0.0,0.0
97,,-0.05,0.65,0.8,0.65,0.234,-0.05,-0.05,-0.05
98,7,0.0,0.417,0.45,0.417,0.284,0.283,0.95,0.283
99,7,0.05,0.184,0.1,0.184,0.334,0.616,1.0,0.616
100,,0.0,0.134,0.05,0.134,0.284,0.566,0.95,0.566
101,,-0.05,0.084,0.0,0.084,0.234,0.516,0.9,0.516
102,1,0.95,0.417,0.05,-0.149,-0.116,0.283,0.95,0.849
103,1,1.0,0.75,0.1,-0.382,-0.466,0.05,1.0,1.0
104,5,0.65,0.517,0.15,-0.049,0.534,0.383,1.0,0.767
105,5,0.3,0.284,0.2,0.284,1.0,0.716,1.0,0.534
106,,0.25,0.234,0.15,0.234,0.95,0.666,0.95,0.484
107,,0.2,0.184,0.1,0.184,0.9,0.616,0.9,0.434
108,,0.15,0.134,0.05,0.134,0.85,0.566,0.85,0.384
109,,0.1,0.084,0.0,0.084,0.8,0.516,0.8,0.334
110,,0.05,0.034,-0.05,0.034,0.75,0.466,0.75,0.284
111,3,0.1,0.367,0.95,0.367,0.8,0.233,0.4,0.051
112,3,0.15,0.7,1.0,0.7,0.85,0.0,0.05,-0.182
113,8,0.483,0.75,0.767,0.35,0.617,0.05,0.383,0.818
114,8,0.816,0.8,0.534,-0.0,0.384,0.1,0.716,1.0
115,,0.766,0.75,0.484,-0.05,0.334,0.05,0.666,0.95
116,4,0.533,0.8,0.817,0.95,0.667,0.1,0.433,0.6
117,4,0.3,0.85,1.0,1.0,1.0,0.15,0.2,0.25
118,,0.25,0.8,0.95,0.95,0.95,0.1,0.15,0.2
119,,0.2,0.75,0.9,0.9,0.9,0.05,0.1,0.15
120,,0.15,0.7,0.85,0.85,0.85,0.0,0.05,0.1
121,,0.1,0.65,0.8,0.8,0.8,-0.05,0.0,0.05
122,6,-0.133,0.3,0.567,0.85,1.0,0.95,0.333,0.1
123,6,-0.366,-0.05,0.334,0.9,1.0,1.0,0.666,0.15
124,1,0.634,0.283,0.384,0.667,0.65,0.767,0.716,0.483
125,1,1.0,0.616,0.434,0.434,0.3,0.534,0.766,0.816
126,,0.95,0.566,0.384,0.384,0.25,0.484,0.716,0.766
127,,0.9,0.516,0.334,0.334,0.2,0.434,0.666,0.716
128,,0.85,0.466,0.284,0.284,0.15,0.384,0.616,0.666
129,,0.8,0.416,0.234,0.234,0.1,0.334,0.566,0.616
130,,0.75,0.366,0.184,0.184,0.05,0.284,0.516,0.566
131,,0.7,0.316,0.134,0.134,0.0,0.234,0.466,0.516
132,,0.65,0.266,0.084,0.084,-0.05,0.184,0.416,0.466
133,5,0.3,0.033,0.134,0.417,0.95,0.517,0.466,0.233
134,5,-0.05,-0.2,0.184,0.75,1.0,0.85,0.516,0.0
135,2,0.283,0.8,0.517,0.8,0.767,0.5,0.283,0.05
136,2,0.616,1.0,0.85,0.85,0.534,0.15,0.05,0.1
137,,0.566,0.95,0.8,0.8,0.484,0.1,0.0,0.05
138,,0.516,0.9,0.75,0.75,0.434,0.05,-0.05,0.0
139,7,0.566,0.667,0.4,0.517,0.484,0.383,0.95,0.333
140,7,0.616,0.434,0.05,0.284,0.534,0.716,1.0,0.666
141,,0.566,0.384,0.0,0.234,0.484,0.666,0.95,0.616
142,,0.516,0.334,-0.05,0.184,0.434,0.616,0.9,0.566
143,3,0.566,0.667,0.95,0.517,0.484,0.383,0.55,0.333
144,3,0.616,1.0,1.0,0.85,0.534,0.15,0.2,0.1
145,,0.566,0.95,0.95,0.8,0.484,0.1,0.15,0.05
146,,0.516,0.9,0.9,0.75,0.434,0.05,0.1,0.0
147,,0.466,0.85,0.85,0.7,0.384,0.0,0.05,-0.05
148,8,0.799,0.9,0.617,0.35,0.151,0.05,0.383,0.95
149,8,1.0,0.95,0.384,-0.0,-0.082,0.1,0.716,1.0
150,5,0.65,0.717,0.434,0.333,0.918,0.433,0.766,0.767
151,5,0.3,0.484,0.484,0.666,1.0,0.766,0.816,0.534
152,,0.25,0.434,0.434,0.616,0.95,0.716,0.766,0.484
153,,0.2,0.384,0.384,0.566,0.9,0.666,0.716,0.434
154,,0.15,0.334,0.334,0.516,0.85,0.616,0.666,0.384
155,,0.1,0.284,0.284,0.466,0.8,0.566,0.616,0.334
156,,0.05,0.234,0.234,0.416,0.75,0.516,0.566,0.284
157,,0.0,0.184,0.184,0.366,0.7,0.466,0.516,0.234
158,,-0.05,0.134,0.134,0.316,0.65,0.416,0.466,0.184
159,1,0.95,0.467,0.184,0.083,0.3,0.183,0.516,0.517
160,1,1.0,0.8,0.234,-0.15,-0.05,-0.05,0.566,0.85
161,4,0.767,0.85,0.567,0.85,0.283,0.0,0.333,0.5
162,4,0.534,0.9,0.9,1.0,0.616,0.05,0.1,0.15
163,,0.484,0.85,0.85,0.95,0.566,0.0,0.05,0.1
164,,0.434,0.8,0.8,0.9,0.516,-0.05,0.0,0.05
165,6,0.201,0.45,0.567,0.95,0.849,0.95,0.333,0.1
166,6,-0.032,0.1,0.334,1.0,1.0,1.0,0.666,0.15
167,1,0.968,0.433,0.384,0.767,0.65,0.767,0.716,0.483
168,1,1.0,0.766,0.434,0.534,0.3,0.534,0.766,0.816
169,,0.95,0.716,0.384,0.484,0.25,0.484,0.716,0.766
170,,0.9,0.666,0.334,0.434,0.2,0.434,0.666,0.716
171,,0.85,0.616,0.284,0.384,0.15,0.384,0.616,0.666
172,,0.8,0.566,0.234,0.334,0.1,0.334,0.566,0.616
173,,0.75,0.516,0.184,0.284,0.05,0.284,0.516,0.566
174,,0.7,0.466,0.134,0.234,0.0,0.234,0.466,0.516
175,,0.65,0.416,0.084,0.184,-0.05,0.184,0.416,0.466
176,5,0.3,0.183,0.134,0.517,0.95,0.517,0.466,0.233
177,5,-0.05,-0.05,0.184,0.85,1.0,0.85,0.516,0.0
178,1,0.95,0.283,0.234,0.617,0.65,0.617,0.566,0.333
179,1,1.0,0.616,0.284,0.384,0.3,0.384,0.616,0.666
180,,0.95,0.566,0.234,0.334,0.25,0.334,0.566,0.616
181,,0.9,0.516,0.184,0.284,0.2,0.284,0.516,0.566
182,,0.85,0.466,0.134,0.234,0.15,0.234,0.466,0.516
183,,0.8,0.416,0.084,0.184,0.1,0.184,0.416,0.466
184,,0.75,0.366,0.034,0.134,0.05,0.134,0.366,0.416
185,,0.7,0.316,-0.016,0.084,0.0,0.084,0.316,0.366
186,3,0.75,0.649,0.984,0.417,0.05,-0.149,-0.034,0.133
187,3,0.8,0.982,1.0,0.75,0.1,-0.382,-0.384,-0.1
188,7,0.85,0.749,0.65,0.517,0.15,-0.049,0.616,0.233
189,7,0.9,0.516,0.3,0.284,0.2,0.284,1.0,0.566
190,,0.85,0.466,0.25,0.234,0.15,0.234,0.95,0.516
191,,0.8,0.416,0.2,0.184,0.1,0.184,0.9,0.466
192,,0.75,0.366,0.15,0.134,0.05,0.134,0.85,0.416
193,,0.7,0.316,0.1,0.084,0.0,0.084,0.8,0.366
194,,0.65,0.266,0.05,0.034,-0.05,0.034,0.75,0.316
195,5,0.3,0.033,0.1,0.367,0.95,0.367,0.8,0.083
196,5,-0.05,-0.2,0.15,0.7,1.0,0.7,0.85,-0.15
197,2,0.283,0.8,0.483,0.75,0.767,0.35,0.617,-0.1
198,2,0.616,1.0,0.816,0.8,0.534,-0.0,0.384,-0.05
199,8,0.949,1.0,0.583,0.45,0.301,0.05,0.717,0.95
200,8,1.0,1.0,0.35,0.1,0.068,0.1,1.0,1.0
201,,0.95,0.95,0.3,0.05,0.018,0.05,0.95,0.95
202,,0.9,0.9,0.25,0.0,-0.032,0.0,0.9,0.9
203,5,0.55,0.667,0.3,0.333,0.968,0.333,0.95,0.667
204,5,0.2,0.434,0.35,0.666,1.0,0.666,1.0,0.434
205,,0.15,0.384,0.3,0.616,0.95,0.616,0.95,0.384
206,,0.1,0.334,0.25,0.566,0.9,0.566,0.9,0.334
207,,0.05,0.284,0.2,0.516,0.85,0.516,0.85,0.284
208,,0.0,0.234,0.15,0.466,0.8,0.466,0.8,0.234
209,,-0.05,0.184,0.1,0.416,0.75,0.416,0.75,0.184
210,1,0.95,0.517,0.15,0.183,0.4,0.183,0.8,0.517
211,1,1.0,0.85,0.2,-0.05,0.05,-0.05,0.85,0.85
212,6,0.767,0.5,-0.033,0.0,0.383,0.95,1.0,0.9
213,6,0.534,0.15,-0.266,0.05,0.716,1.0,1.0,0.95
214,3,0.584,0.483,0.734,0.383,0.766,0.767,0.65,0.717
215,3,0.634,0.816,1.0,0.716,0.816,0.534,0.3,0.484
216,,0.584,0.766,0.95,0.666,0.766,0.484,0.25,0.434
217,,0.534,0.716,0.9,0.616,0.716,0.434,0.2,0.384
218,,0.484,0.666,0.85,0.566,0.666,0.384,0.15,0.334
219,,0.434,0.616,0.8,0.516,0.616,0.334,0.1,0.284
220,,0.384,0.566,0.75,0.466,0.566,0.284,0.05,0.234
221,,0.334,0.516,0.7,0.416,0.516,0.234,0.0,0.184
222,,0.284,0.466,0.65,0.366,0.466,0.184,-0.05,0.134
223,7,0.334,0.233,0.3,0.133,0.516,0.517,0.95,0.467
224,7,0.384,0.0,-0.05,-0.1,0.566,0.85,1.0,0.8
225,4,0.151,0.05,0.283,0.9,0.899,0.9,0.767,0.45
226,4,-0.082,0.1,0.616,1.0,1.0,0.95,0.534,0.1
227,1,0.918,0.433,0.666,0.767,0.65,0.717,0.584,0.433
228,1,1.0,0.766,0.716,0.534,0.3,0.484,0.634,0.766
229,,0.95,0.716,0.666,0.484,0.25,0.434,0.584,0.716
230,,0.9,0.666,0.616,0.434,0.2,0.384,0.534,0.666
231,,0.85,0.616,0.566,0.384,0.15,0.334,0.484,0.616
232,,0.8,0.566,0.516,0.334,0.1,0.284,0.434,0.566
233,,0.75,0.516,0.466,0.284,0.05,0.234,0.384,0.516
234,,0.7,0.466,0.416,0.234,0.0,0.184,0.334,0.466
235,,0.65,0.416,0.366,0.184,-0.05,0.134,0.284,0.416
236,5,0.3,0.183,0.416,0.517,0.95,0.467,0.334,0.183
237,5,-0.05,-0.05,0.466,0.85,1.0,0.8,0.384,-0.05
238,2,0.283,0.95,0.799,0.9,0.767,0.45,0.151,0.0
239,2,0.616,1.0,1.0,0.95,0.534,0.1,-0.082,0.05
240,7,0.666,0.767,0.65,0.717,0.584,0.433,0.918,0.383
241,7,0.716,0.534,0.3,0.484,0.634,0.766,1.0,0.716
242,,0.666,0.484,0.25,0.434,0.584,0.716,0.95,0.666
243,,0.616,0.434,0.2,0.384,0.534,0.666,0.9,0.616
244,,0.566,0.384,0.15,0.334,0.484,0.616,0.85,0.566
245,,0.516,0.334,0.1,0.284,0.434,0.566,0.8,0.516
246,,0.466,0.284,0.05,0.234,0.384,0.516,0.75,0.466
247,,0.416,0.234,0.0,0.184,0.334,0.466,0.7,0.416
248,,0.366,0.184,-0.05,0.134,0.284,0.416,0.65,0.366
249,3,0.416,0.517,0.95,0.467,0.334,0.183,0.3,0.133
250,3,0.466,0.85,1.0,0.8,0.384,-0.05,-0.05,-0.1
251,8,0.799,0.9,0.767,0.45,0.151,0.0,0.283,0.9
252,8,1.0,0.95,0.534,0.1,-0.082,0.05,0.616,1.0
253,5,0.65,0.717,0.584,0.433,0.918,0.383,0.666,0.767
254,5,0.3,0.484,0.634,0.766,1.0,0.716,0.716,0.534
255,,0.25,0.434,0.584,0.716,0.95,0.666,0.666,0.484
256,,0.2,0.384,0.534,0.666,0.9,0.616,0.616,0.434
257,,0.15,0.334,0.484,0.616,0.85,0.566,0.566,0.384
258,,0.1,0.284,0.434,0.566,0.8,0.516,0.516,0.334
259,,0.05,0.234,0.384,0.516,0.75,0.466,0.466,0.284
260,,0.0,0.184,0.334,0.466,0.7,0.416,0.416,0.234
261,,-0.05,0.134,0.284,0.416,0.65,0.366,0.366,0.184
262,1,0.95,0.467,0.334,0.183,0.3,0.133,0.416,0.517
263,1,1.0,0.8,0.384,-0.05,-0.05,-0.1,0.466,0.85
264,6,0.767,0.45,0.151,0.0,0.283,0.9,0.799,0.9
265,6,0.534,0.1,-0.082,0.05,0.616,1.0,1.0,0.95
266,3,0.584,0.433,0.918,0.383,0.666,0.767,0.65,0.717
267,3,0.634,0.766,1.0,0.716,0.716,0.534,0.3,0.484
268,,0.584,0.716,0.95,0.666,0.666,0.484,0.25,0.434
269,,0.534,0.666,0.9,0.616,0.616,0.434,0.2,0.384
270,,0.484,0.616,0.85,0.566,0.566,0.384,0.15,0.334
271,,0.434,0.566,0.8,0.516,0.516,0.334,0.1,0.284
272,,0.384,0.516,0.75,0.466,0.466,0.284,0.05,0.234
273,,0.334,0.466,0.7,0.416,0.416,0.234,0.0,0.184
274,,0.284,0.416,0.65,0.366,0.366,0.184,-0.05,0.134
275,7,0.334,0.183,0.3,0.133,0.416,0.517,0.95,0.467
276,7,0.384,-0.05,-0.05,-0.1,0.466,0.85,1.0,0.8
277,4,0.151,0.0,0.283,0.9,0.799,0.9,0.767,0.45
278,4,-0.082,0.05,0.616,1.0,1.0,0.95,0.534,0.1
279,1,0.918,0.383,0.666,0.767,0.65,0.717,0.584,0.433
280,1,1.0,0.716,0.716,0.534,0.3,0.484,0.634,0.766
281,,0.95,0.666,0.666,0.484,0.25,0.434,0.584,0.716
282,,0.9,0.616,0.616,0.434,0.2,0.384,0.534,0.666
283,,0.85,0.566,0.566,0.384,0.15,0.334,0.484,0.616
284,,0.8,0.516,0.516,0.334,0.1,0.284,0.434,0.566
285,,0.75,0.466,0.466,0.284,0.05,0.234,0.384,0.516
286,,0.7,0.416,0.416,0.234,0.0,0.184,0.334,0.466
287,,0.65,0.366,0.366,0.184,-0.05,0.134,0.284,0.416
288,5,0.3,0.133,0.416,0.517,0.95,0.467,0.334,0.183
289,5,-0.05,-0.1,0.466,0.85,1.0,0.8,0.384,-0.05
290,2,0.283,0.9,0.799,0.9,0.767,0.45,0.151,0.0
291,2,0.616,1.0,1.0,0.95,0.534,0.1,-0.082,0.05
292,7,0.666,0.767,0.65,0.717,0.584,0.433,0.918,0.383
293,7,0.716,0.534,0.3,0.484,0.634,0.766,1.0,0.716
294,,0.666,0.484,0.25,0.434,0.584,0.716,0.95,0.666
295,,0.616,0.434,0.2,0.384,0.534,0.666,0.9,0.616
296,,0.566,0.384,0.15,0.334,0.484,0.616,0.85,0.566
297,,0.516,0.334,0.1,0.284,0.434,0.566,0.8,0.516
298,,0.466,0.284,0.05,0.234,0.384,0.516,0.75,0.466
299,,0.416,0.234,0.0,0.184,0.334,0.466,0.7,0.416
300,,0.366,0.184,-0.05,0.134,0.284,0.416,0.65,0.366
301,3,0.416,0.517,0.95,0.467,0.334,0.183,0.3,0.133
302,3,0.466,0.85,1.0,0.8,0.384,-0.05,-0.05,-0.1
303,8,0.799,0.9,0.767,0.45,0.151,0.0,0.283,0.9
304,8,1.0,0.95,0.534,0.1,-0.082,0.05,0.616,1.0
305,5,0.65,0.717,0.584,0.433,0.918,0.383,0.666,0.767
306,5,0.3,0.484,0.634,0.766,1.0,0.716,0.716,0.534
307,,0.25,0.434,0.584,0.716,0.95,0.666,0.666,0.484
308,,0.2,0.384,0.534,0.666,0.9,0.616,0.616,0.434
309,,0.15,0.334,0.484,0.616,0.85,0.566,0.566,0.384
310,,0.1,0.284,0.434,0.566,0.8,0.516,0.516,0.334
311,,0.05,0.234,0.384,0.516,0.75,0.466,0.466,0.284
312,,0.0,0.184,0.334,0.466,0.7,0.416,0.416,0.234
313,,-0.05,0.134,0.284,0.416,0.65,0.366,0.366,0.184
314,1,0.95,0.467,0.334,0.183,0.3,0.133,0.416,0.517
315,1,1.0,0.8,0.384,-0.05,-0.05,-0.1,0.466,0.85
316,6,0.767,0.45,0.151,0.0,0.283,0.9,0.799,0.9
317,6,0.534,0.1,-0.082,0.05,0.616,1.0,1.0,0.95
318,3,0.584,0.433,0.918,0.383,0.666,0.767,0.65,0.717
319,3,0.634,0.766,1.0,0.716,0.716,0.534,0.3,0.484
320,,0.584,0.716,0.95,0.666,0.666,0.484,0.25,0.434
321,,0.534,0.666,0.9,0.616,0.616,0.434,0.2,0.384
322,,0.484,0.616,0.85,0.566,0.566,0.384,0.15,0.334
323,,0.434,0.566,0.8,0.516,0.516,0.334,0.1,0.284
324,,0.384,0.516,0.75,0.466,0.466,0.284,0.05,0.234
325,,0.334,0.466,0.7,0.416,0.416,0.234,0.0,0.184
326,,0.284,0.416,0.65,0.366,0.366,0.184,-0.05,0.134
327,7,0.334,0.183,0.3,0.133,0.416,0.517,0.95,0.467
328,7,0.384,-0.05,-0.05,-0.1,0.466,0.85,1.0,0.8
329,4,0.151,0.0,0.283,0.9,0.799,0.9,0.767,0.45
330,4,-0.082,0.05,0.616,1.0,1.0,0.95,0.534,0.1
331,1,0.918,0.383,0.666,0.767,0.65,0.717,0.584,0.433
332,1,1.0,0.716,0.716,0.534,0.3,0.484,0.634,0.766
333,,0.95,0.666,0.666,0.484,0.25,0.434,0.584,0.716
334,,0.9,0.616,0.616,0.434,0.2,0.384,0.534,0.666
335,,0.85,0.566,0.566,0.384,0.15,0.334,0.484,0.616
336,,0.8,0.516,0.516,0.334,0.1,0.284,0.434,0.566
337,,0.75,0.466,0.466,0.284,0.05,0.234,0.384,0.516
338,,0.7,0.416,0.416,0.234,0.0,0.184,0.334,0.466
339,,0.65,0.366,0.366,0.184,-0.05,0.134,0.284,0.416
340,5,0.3,0.133,0.416,0.517,0.95,0.467,0.334,0.183
341,5,-0.05,-0.1,0.466,0.85,1.0,0.8,0.384,-0.05
342,2,0.283,0.9,0.799,0.9,0.767,0.45,0.151,0.0
343,2,0.616,1.0,1.0,0.95,0.534,0.1,-0.082,0.05
344,7,0.666,0.767,0.65,0.717,0.584,0.433,0.918,0.383
345,7,0.716,0.534,0.3,0.484,0.634,0.766,1.0,0.716
346,,0.666,0.484,0.25,0.434,0.584,0.716,0.95,0.666
347,,0.616,0.434,0.2,0.384,0.534,0.666,0.9,0.616
348,,0.566,0.384,0.15,0.334,0.484,0.616,0.85,0.566
349,,0.516,0.334,0.1,0.284,0.434,0.566,0.8,0.516
350,,0.466,0.284,0.05,0.234,0.384,0.516,0.75,0.466
351,,0.416,0.234,0.0,0.184,0.334,0.466,0.7,0.416
352,,0.366,0.184,-0.05,0.134,0.284,0.416,0.65,0.366
353,3,0.416,0.517,0.95,0.467,0.334,0.183,0.3,0.133
354,3,0.466,0.85,1.0,0.8,0.384,-0.05,-0.05,-0.1
355,8,0.799,0.9,0.767,0.45,0.151,0.0,0.283,0.9
356,8,1.0,0.95,0.534,0.1,-0.082,0.05,0.616,1.0
357,5,0.65,0.717,0.584,0.433,0.918,0.383,0.666,0.767
358,5,0.3,0.484,0.634,0.766,1.0,0.716,0.716,0.534
359,,0.25,0.434,0.584,0.716,0.95,0.666,0.666,0.484
360,,0.2,0.384,0.534,0.666,0.9,0.616,0.616,0.434
361,,0.15,0.334,0.484,0.616,0.85,0.566,0.566,0.384
362,,0.1,0.284,0.434,0.566,0.8,0.516,0.516,0.334
363,,0.05,0.234,0.384,0.516,0.75,0.466,0.466,0.284
364,,0.0,0.184,0.334,0.466,0.7,0.416,0.416,0.234
365,,-0.05,0.134,0.284,0.416,0.65,0.366,0.366,0.184
366,1,0.95,0.467,0.334,0.183,0.3,0.133,0.416,0.517
367,1,1.0,0.8,0.384,-0.05,-0.05,-0.1,0.466,0.85
368,6,0.767,0.45,0.151,0.0,0.283,0.9,0.799,0.9
369,6,0.534,0.1,-0.082,0.05,0.616,1.0,1.0,0.95
370,3,0.584,0.433,0.918,0.383,0.666,0.767,0.65,0.717
371,3,0.634,0.766,1.0,0.716,0.716,0.534,0.3,0.484
372,,0.584,0.716,0.95,0.666,0.666,0.484,0.25,0.434
373,,0.534,0.666,0.9,0.616,0.616,0.434,0.2,0.384
374,,0.484,0.616,0.85,0.566,0.566,0.384,0.15,0.334
375,,0.434,0.566,0.8,0.516,0.516,0.334,0.1,0.284
376,,0.384,0.516,0.75,0.466,0.466,0.284,0.05,0.234
377,,0.334,0.466,0.7,0.416,0.416,0.234,0.0,0.184
378,,0.284,0.416,0.65,0.366,0.366,0.184,-0.05,0.134
379,7,0.334,0.183,0.3,0.133,0.416,0.517,0.95,0.467
380,7,0.384,-0.05,-0.05,-0.1,0.466,0.85,1.0,0.8
381,4,0.151,0.0,0.283,0.9,0.799,0.9,0.767,0.45
382,4,-0.082,0.05,0.616,1.0,1.0,0.95,0.534,0.1
383,1,0.918,0.383,0.666,0.767,0.65,0.717,0.584,0.433
384,1,1.0,0.716,0.716,0.534,0.3,0.484,0.634,0.766
385,,0.95,0.666,0.666,0.484,0.25,0.434,0.584,0.716
386,,0.9,0.616,0.616,0.434,0.2,0.384,0.534,0.666
387,,0.85,0.566,0.566,0.384,0.15,0.334,0.484,0.616
388,,0.8,0.516,0.516,0.334,0.1,0.284,0.434,0.566
389,,0.75,0.466,0.466,0.284,0.05,0.234,0.384,0.516
390,,0.7,0.416,0.416,0.234,0.0,0.184,0.334,0.466
391,,0.65,0.366,0.366,0.184,-0.05,0.134,0.284,0.416
392,5,0.3,0.133,0.416,0.517,0.95,0.467,0.334,0.183
393,5,-0.05,-0.1,0.466,0.85,1.0,0.8,0.384,-0.05
394,2,0.283,0.9,0.799,0.9,0.767,0.45,0.151,0.0
395,2,0.616,1.0,1.0,0.95,0.534,0.1,-0.082,0.05
396,7,0.666,0.767,0.65,0.717,0.584,0.433,0.918,0.383
397,7,0.716,0.534,0.3,0.484,0.634,0.766,1.0,0.716
398,,0.666,0.484,0.25,0.434,0.584,0.716,0.95,0.666
399,,0.616,0.434,0.2,0.384,0.534,0.666,0.9,0.616
400,,0.566,0.384,0.15,0.334,0.484,0.616,0.85,0.566
401,,0.516,0.334,0.1,0.284,0.434,0.566,0.8,0.516
402,,0.466,0.284,0.05,0.234,0.384,0.516,0.75,0.466
403,,0.416,0.234,0.0,0.184,0.334,0.466,0.7,0.416
404,,0.366,0.184,-0.05,0.134,0.284,0.416,0.65,0.366
405,3,0.416,0.517,0.95,0.467,0.334,0.183,0.3,0.133
406,3,0.466,0.85,1.0,0.8,0.384,-0.05,-0.05,-0.1
407,8,0.799,0.9,0.767,0.45,0.151,0.0,0.283,0.9
408,8,1.0,0.95,0.534,0.1,-0.082,0.05,0.616,1.0
409,5,0.65,0.717,0.584,0.433,0.918,0.383,0.666,0.767
410,5,0.3,0.484,0.634,0.766,1.0,0.716,0.716,0.534
411,,0.25,0.434,0.584,0.716,0.95,0.666,0.666,0.484
412,,0.2,0.384,0.534,0.666,0.9,0.616,0.616,0.434
413,,0.15,0.334,0.484,0.616,0.85,0.566,0.566,0.384
414,,0.1,0.284,0.434,0.566,0.8,0.516,0.516,0.334
415,,0.05,0.234,0.384,0.516,0.75,0.466,0.466,0.284
416,,0.0,0.184,0.334,0.466,0.7,0.416,0.416,0.234
417,,-0.05,0.134,0.284,0.416,0.65,0.366,0.366,0.184
418,1,0.95,0.467,0.334,0.183,0.3,0.133,0.416,0.517
419,1,1.0,0.8,0.384,-0.05,-0.05,-0.1,0.466,0.85
420,6,0.767,0.45,0.151,0.0,0.283,0.9,0.799,0.9
421,6,0.534,0.1,-0.082,0.05,0.616,1.0,1.0,0.95
422,3,0.584,0.433,0.918,0.383,0.666,0.767,0.65,0.717
423,3,0.634,0.766,1.0,0.716,0.716,0.534,0.3,0.484
424,,0.584,0.716,0.95,0.666,0.666,0.484,0.25,0.434
425,,0.534,0.666,0.9,0.616,0.616,0.434,0.2,0.384
426,,0.484,0.616,0.85,0.566,0.566,0.384,0.15,0.334
427,,0.434,0.566,0.8,0.516,0.516,0.334,0.1,0.284
428,,0.384,0.516,0.75,0.466,0.466,0.284,0.05,0.234
429,,0.334,0.466,0.7,0.416,0.416,0.234,0.0,0.184
430,,0.284,0.416,0.65,0.366,0.366,0.184,-0.05,0.134
431,7,0.334,0.183,0.3,0.133,0.416,0.517,0.95,0.467
432,7,0.384,-0.05,-0.05,-0.1,0.466,0.85,1.0,0.8
433,4,0.151,0.0,0.283,0.9,0.799,0.9,0.767,0.45
434,4,-0.082,0.05,0.616,1.0,1.0,0.95,0.534,0.1
435,1,0.918,0.383,0.666,0.767,0.65,0.717,0.584,0.433
436,1,1.0,0.716,0.716,0.534,0.3,0.484,0.634,0.766
437,,0.95,0.666,0.666,0.484,0.25,0.434,0.584,0.716
438,,0.9,0.616,0.616,0.434,0.2,0.384,0.534,0.666
439,,0.85,0.566,0.566,0.384,0.15,0.334,0.484,0.616
440,,0.8,0.516,0.516,0.334,0.1,0.284,0.434,0.566
441,,0.75,0.466,0.466,0.284,0.05,0.234,0.384,0.516
442,,0.7,0.416,0.416,0.234,0.0,0.184,0.334,0.466
443,,0.65,0.366,0.366,0.184,-0.05,0.134,0.284,0.416
444,5,0.3,0.133,0.416,0.517,0.95,0.467,0.334,0.183
445,5,-0.05,-0.1,0.466,0.85,1.0,0.8,0.384,-0.05
446,2,0.283,0.9,0.799,0.9,0.767,0.45,0.151,0.0
447,2,0.616,1.0,1.0,0.95,0.534,0.1,-0.082,0.05
448,7,0.666,0.767,0.65,0.717,0.584,0.433,0.918,0.383
449,7,0.716,0.534,0.3,0.484,0.634,0.766,1.0,0.716
450,,0.666,0.484,0.25,0.434,0.584,0.716,0.95,0.666
451,,0.616,0.434,0.2,0.384,0.534,0.666,0.9,0.616
452,,0.566,0.384,0.15,0.334,0.484,0.616,0.85,0.566
453,,0.516,0.334,0.1,0.284,0.434,0.566,0.8,0.516
454,,0.466,0.284,0.05,0.234,0.384,0.516,0.75,0.466
455,,0.416,0.234,0.0,0.184,0.334,0.466,0.7,0.416
456,,0.366,0.184,-0.05,0.134,0.284,0.416,0.65,0.366
457,3,0.416,0.517,0.95,0.467,0.334,0.183,0.3,0.133
458,3,0.466,0.85,1.0,0.8,0.384,-0.05,-0.05,-0.1
459,8,0.799,0.9,0.767,0.45,0.151,0.0,0.283,0.9
460,8,1.0,0.95,0.534,0.1,-0.082,0.05,0.616,1.0
461,5,0.65,0.717,0.584,0.433,0.918,0.383,0.666,0.767
462,5,0.3,0.484,0.634,0.766,1.0,0.716,0.716,0.534
463,,0.25,0.434,0.584,0.716,0.95,0.666,0.666,0.484
464,,0.2,0.384,0.534,0.666,0.9,0.616,0.616,0.434
465,,0.15,0.334,0.484,0.616,0.85,0.566,0.566,0.384
466,,0.1,0.284,0.434,0.566,0.8,0.516,0.516,0.334
467,,0.05,0.234,0.384,0.516,0.75,0.466,0.466,0.284
468,,0.0,0.184,0.334,0.466,0.7,0.416,0.416,0.234
469,,-0.05,0.134,0.284,0.416,0.65,0.366,0.366,0.184
470,1,0.95,0.467,0.334,0.183,0.3,0.133,0.416,0.517
471,1,1.0,0.8,0.384,-0.05,-0.05,-0.1,0.466,0.85
472,6,0.767,0.45,0.151,0.0,0.283,0.9,0.799,0.9
473,6,0.534,0.1,-0.082,0.05,0.616,1.0,1.0,0.95
474,3,0.584,0.433,0.918,0.383,0.666,0.767,0.65,0.717
475,3,0.634,0.766,1.0,0.716,0.716,0.534,0.3,0.484
476,,0.584,0.716,0.95,0.666,0.666,0.484,0.25,0.434
477,,0.534,0.666,0.9,0.616,0.616,0.434,0.2,0.384
478,,0.484,0.616,0.85,0.566,0.566,0.384,0.15,0.334
479,,0.434,0.566,0.8,0.516,0.516,0.334,0.1,0.284
480,,0.384,0.516,0.75,0.466,0.466,0.284,0.05,0.234
481,,0.334,0.466,0.7,0.416,0.416,0.234,0.0,0.184
482,,0.284,0.416,0.65,0.366,0.366,0.184,-0.05,0.134
483,7,0.334,0.183,0.3,0.133,0.416,0.517,0.95,0.467
484,7,0.384,-0.05,-0.05,-0.1,0.466,0.85,1.0,0.8
485,4,0.151,0.0,0.283,0.9,0.799,0.9,0.767,0.45
486,4,-0.082,0.05,0.616,1.0,1.0,0.95,0.534,0.1
487,1,0.918,0.383,0.666,0.767,0.65,0.717,0.584,0.433
488,1,1.0,0.716,0.716,0.534,0.3,0.484,0.634,0.766
489,,0.95,0.666,0.666,0.484,0.25,0.434,0.584,0.716
490,,0.9,0.616,0.616,0.434,0.2,0.384,0.534,0.666
491,,0.85,0.566,0.566,0.384,0.15,0.334,0.484,0.616
492,,0.8,0.516,0.516,0.334,0.1,0.284,0.434,0.566
493,,0.75,0.466,0.466,0.284,0.05,0.234,0.384,0.516
494,,0.7,0.416,0.416,0.234,0.0,0.184,0.334,0.466
495,,0.65,0.366,0.366,0.184,-0.05,0.134,0.284,0.416
496,5,0.3,0.133,0.416,0.517,0.95,0.467,0.334,0.183
497,5,-0.05,-0.1,0.466,0.85,1.0,0.8,0.384,-0.05
498,2,0.283,0.9,0.799,0.9,0.767,0.45,0.151,0.0
499,2,0.616,1.0,1.0,0.95,0.534,0.1,-0.082,0.05
