step,active_motive,motive_1,motive_2,motive_3,motive_4,motive_5,motive_6,motive_7,motive_8
0,,0.01271,0.05395,0.01571,0.31821,0.15718,0.25429,0.45378,0.12465
1,,-0.03729,0.00395,-0.03429,0.26821,0.10718,0.20429,0.40378,0.07465
2,1,0.96271,0.33695,0.01571,0.03521,-0.24282,-0.02871,0.45378,0.40765
3,1,1.0,0.66995,0.06571,-0.19779,-0.59282,-0.26171,0.50378,0.74065
4,5,0.65,0.43695,0.11571,0.13521,0.40718,0.07129,0.55378,0.50765
5,5,0.3,0.20395,0.16571,0.46821,1.0,0.40429,0.60378,0.27465
6,,0.25,0.15395,0.11571,0.41821,0.95,0.35429,0.55378,0.22465
7,,0.2,0.10395,0.06571,0.36821,0.9,0.30429,0.50378,0.17465
8,,0.15,0.05395,0.01571,0.31821,0.85,0.25429,0.45378,0.12465
9,,0.1,0.00395,-0.03429,0.26821,0.8,0.20429,0.40378,0.07465
10,3,0.15,0.33695,0.96571,0.60121,0.85,-0.02871,0.05378,-0.15835
11,3,0.2,0.66995,1.0,0.93421,0.9,-0.26171,-0.29622,-0.39135
12,8,0.533,0.71995,0.767,0.58421,0.667,-0.21171,0.03678,0.60865
13,8,0.866,0.76995,0.534,0.23421,0.434,-0.16171,0.36978,1.0
14,6,0.633,0.41995,0.301,0.28421,0.767,0.83829,0.70278,1.0
15,6,0.4,0.06995,0.068,0.33421,1.0,1.0,1.0,1.0
16,,0.35,0.01995,0.018,0.28421,0.95,0.95,0.95,0.95
17,,0.3,-0.03005,-0.032,0.23421,0.9,0.9,0.9,0.9
18,3,0.35,0.30295,0.968,0.56721,0.95,0.667,0.55,0.667
19,3,0.4,0.63595,1.0,0.90021,1.0,0.434,0.2,0.434
20,,0.35,0.58595,0.95,0.85021,0.95,0.384,0.15,0.384
21,,0.3,0.53595,0.9,0.80021,0.9,0.334,0.1,0.334
22,,0.25,0.48595,0.85,0.75021,0.85,0.284,0.05,0.284
23,,0.2,0.43595,0.8,0.70021,0.8,0.234,0.0,0.234
24,,0.15,0.38595,0.75,0.65021,0.75,0.184,-0.05,0.184
25,7,0.2,0.15295,0.4,0.41721,0.8,0.517,0.95,0.517
26,7,0.25,-0.08005,0.05,0.18421,0.85,0.85,1.0,0.85
27,2,0.583,0.91995,0.383,0.23421,0.617,0.5,0.767,0.9
28,2,0.916,1.0,0.716,0.28421,0.384,0.15,0.534,0.95
29,,0.866,0.95,0.666,0.23421,0.334,0.1,0.484,0.9
30,,0.816,0.9,0.616,0.18421,0.284,0.05,0.434,0.85
31,,0.766,0.85,0.566,0.13421,0.234,0.0,0.384,0.8
32,,0.716,0.8,0.516,0.08421,0.184,-0.05,0.334,0.75
33,6,0.483,0.45,0.283,0.13421,0.517,0.95,0.667,0.8
34,6,0.25,0.1,0.05,0.18421,0.85,1.0,1.0,0.85
35,,0.2,0.05,0.0,0.13421,0.8,0.95,0.95,0.8
36,,0.15,0.0,-0.05,0.08421,0.75,0.9,0.9,0.75
37,3,0.2,0.333,0.95,0.41721,0.8,0.667,0.55,0.517
38,3,0.25,0.666,1.0,0.75021,0.85,0.434,0.2,0.284
39,,0.2,0.616,0.95,0.70021,0.8,0.384,0.15,0.234
40,,0.15,0.566,0.9,0.65021,0.75,0.334,0.1,0.184
41,,0.1,0.516,0.85,0.60021,0.7,0.284,0.05,0.134
42,,0.05,0.466,0.8,0.55021,0.65,0.234,0.0,0.084
43,,0.0,0.416,0.75,0.50021,0.6,0.184,-0.05,0.034
44,7,0.05,0.183,0.4,0.26721,0.65,0.517,0.95,0.367
45,7,0.1,-0.05,0.05,0.03421,0.7,0.85,1.0,0.7
46,2,0.433,0.95,0.383,0.08421,0.467,0.5,0.767,0.75
47,2,0.766,1.0,0.716,0.13421,0.234,0.15,0.534,0.8
48,,0.716,0.95,0.666,0.08421,0.184,0.1,0.484,0.75
49,,0.666,0.9,0.616,0.03421,0.134,0.05,0.434,0.7
50,,0.616,0.85,0.566,-0.01579,0.084,0.0,0.384,0.65
51,4,0.383,0.9,0.899,0.98421,0.417,0.05,0.151,0.3
52,4,0.15,0.95,1.0,1.0,0.75,0.1,-0.082,-0.05
53,7,0.2,0.717,0.65,0.767,0.8,0.433,0.918,0.283
54,7,0.25,0.484,0.3,0.534,0.85,0.766,1.0,0.616
55,,0.2,0.434,0.25,0.484,0.8,0.716,0.95,0.566
56,,0.15,0.384,0.2,0.434,0.75,0.666,0.9,0.516
57,,0.1,0.334,0.15,0.384,0.7,0.616,0.85,0.466
58,,0.05,0.284,0.1,0.334,0.65,0.566,0.8,0.416
59,,0.0,0.234,0.05,0.284,0.6,0.516,0.75,0.366
60,,-0.05,0.184,0.0,0.234,0.55,0.466,0.7,0.316
61,1,0.95,0.517,0.05,0.001,0.2,0.233,0.75,0.649
62,1,1.0,0.85,0.1,-0.232,-0.15,0.0,0.8,0.982
63,4,0.767,0.9,0.433,0.768,0.183,0.05,0.567,0.632
64,4,0.534,0.95,0.766,1.0,0.516,0.1,0.334,0.282
65,,0.484,0.9,0.716,0.95,0.466,0.05,0.284,0.232
66,,0.434,0.85,0.666,0.9,0.416,0.0,0.234,0.182
67,,0.384,0.8,0.616,0.85,0.366,-0.05,0.184,0.132
68,6,0.151,0.45,0.383,0.9,0.699,0.95,0.517,0.182
69,6,-0.082,0.1,0.15,0.95,1.0,1.0,0.85,0.232
70,1,0.918,0.433,0.2,0.717,0.65,0.767,0.9,0.565
71,1,1.0,0.766,0.25,0.484,0.3,0.534,0.95,0.898
72,,0.95,0.716,0.2,0.434,0.25,0.484,0.9,0.848
73,,0.9,0.666,0.15,0.384,0.2,0.434,0.85,0.798
74,,0.85,0.616,0.1,0.334,0.15,0.384,0.8,0.748
75,,0.8,0.566,0.05,0.284,0.1,0.334,0.75,0.698
76,,0.75,0.516,0.0,0.234,0.05,0.284,0.7,0.648
77,,0.7,0.466,-0.05,0.184,0.0,0.234,0.65,0.598
78,3,0.75,0.799,0.95,0.517,0.05,0.001,0.3,0.365
79,3,0.8,1.0,1.0,0.85,0.1,-0.232,-0.05,0.132
80,6,0.567,0.65,0.767,0.9,0.433,0.768,0.283,0.182
81,6,0.334,0.3,0.534,0.95,0.766,1.0,0.616,0.232
82,,0.284,0.25,0.484,0.9,0.716,0.95,0.566,0.182
83,,0.234,0.2,0.434,0.85,0.666,0.9,0.516,0.132
84,,0.184,0.15,0.384,0.8,0.616,0.85,0.466,0.082
85,,0.134,0.1,0.334,0.75,0.566,0.8,0.416,0.032
86,,0.084,0.05,0.284,0.7,0.516,0.75,0.366,-0.018
87,8,0.417,0.1,0.051,0.35,0.283,0.8,0.699,0.982
88,8,0.75,0.15,-0.182,-0.0,0.05,0.85,1.0,1.0
89,3,0.8,0.483,0.818,0.333,0.1,0.617,0.65,0.767
90,3,0.85,0.816,1.0,0.666,0.15,0.384,0.3,0.534
91,,0.8,0.766,0.95,0.616,0.1,0.334,0.25,0.484
92,,0.75,0.716,0.9,0.566,0.05,0.284,0.2,0.434
93,,0.7,0.666,0.85,0.516,0.0,0.234,0.15,0.384
94,,0.65,0.616,0.8,0.466,-0.05,0.184,0.1,0.334
95,5,0.3,0.383,0.85,0.799,0.95,0.517,0.15,0.101
96,5,-0.05,0.15,0.9,1.0,1.0,0.85,0.2,-0.132
97,8,0.283,0.2,0.667,0.65,0.767,0.9,0.533,0.868
98,8,0.616,0.25,0.434,0.3,0.534,0.95,0.866,1.0
99,,0.566,0.2,0.384,0.25,0.484,0.9,0.816,0.95
100,,0.516,0.15,0.334,0.2,0.434,0.85,0.766,0.9
101,,0.466,0.1,0.284,0.15,0.384,0.8,0.716,0.85
102,,0.416,0.05,0.234,0.1,0.334,0.75,0.666,0.8
103,,0.366,0.0,0.184,0.05,0.284,0.7,0.616,0.75
104,,0.316,-0.05,0.134,0.0,0.234,0.65,0.566,0.7
105,2,0.649,0.95,0.467,0.05,0.001,0.3,0.333,0.75
106,2,0.982,1.0,0.8,0.1,-0.232,-0.05,0.1,0.8
107,5,0.632,0.767,0.85,0.433,0.768,0.283,0.15,0.567
108,5,0.282,0.534,0.9,0.766,1.0,0.616,0.2,0.334
109,,0.232,0.484,0.85,0.716,0.95,0.566,0.15,0.284
110,,0.182,0.434,0.8,0.666,0.9,0.516,0.1,0.234
111,,0.132,0.384,0.75,0.616,0.85,0.466,0.05,0.184
112,,0.082,0.334,0.7,0.566,0.8,0.416,0.0,0.134
113,,0.032,0.284,0.65,0.516,0.75,0.366,-0.05,0.084
114,7,0.082,0.051,0.3,0.283,0.8,0.699,0.95,0.417
115,7,0.132,-0.182,-0.05,0.05,0.85,1.0,1.0,0.75
116,2,0.465,0.818,0.283,0.1,0.617,0.65,0.767,0.8
117,2,0.798,1.0,0.616,0.15,0.384,0.3,0.534,0.85
118,,0.748,0.95,0.566,0.1,0.334,0.25,0.484,0.8
119,,0.698,0.9,0.516,0.05,0.284,0.2,0.434,0.75
120,,0.648,0.85,0.466,0.0,0.234,0.15,0.384,0.7
121,,0.598,0.8,0.416,-0.05,0.184,0.1,0.334,0.65
122,4,0.365,0.85,0.749,0.95,0.517,0.15,0.101,0.3
123,4,0.132,0.9,1.0,1.0,0.85,0.2,-0.132,-0.05
124,7,0.182,0.667,0.65,0.767,0.9,0.533,0.868,0.283
125,7,0.232,0.434,0.3,0.534,0.95,0.866,1.0,0.616
126,,0.182,0.384,0.25,0.484,0.9,0.816,0.95,0.566
127,,0.132,0.334,0.2,0.434,0.85,0.766,0.9,0.516
128,,0.082,0.284,0.15,0.384,0.8,0.716,0.85,0.466
129,,0.032,0.234,0.1,0.334,0.75,0.666,0.8,0.416
130,,-0.018,0.184,0.05,0.284,0.7,0.616,0.75,0.366
131,1,0.982,0.517,0.1,0.051,0.35,0.383,0.8,0.699
132,1,1.0,0.85,0.15,-0.182,-0.0,0.15,0.85,1.0
133,4,0.767,0.9,0.483,0.818,0.333,0.2,0.617,0.65
134,4,0.534,0.95,0.816,1.0,0.666,0.25,0.384,0.3
135,,0.484,0.9,0.766,0.95,0.616,0.2,0.334,0.25
136,,0.434,0.85,0.716,0.9,0.566,0.15,0.284,0.2
137,,0.384,0.8,0.666,0.85,0.516,0.1,0.234,0.15
138,,0.334,0.75,0.616,0.8,0.466,0.05,0.184,0.1
139,,0.284,0.7,0.566,0.75,0.416,0.0,0.134,0.05
140,,0.234,0.65,0.516,0.7,0.366,-0.05,0.084,0.0
141,6,0.001,0.3,0.283,0.75,0.699,0.95,0.417,0.05
142,6,-0.232,-0.05,0.05,0.8,1.0,1.0,0.75,0.1
143,1,0.768,0.283,0.1,0.567,0.65,0.767,0.8,0.433
144,1,1.0,0.616,0.15,0.334,0.3,0.534,0.85,0.766
145,,0.95,0.566,0.1,0.284,0.25,0.484,0.8,0.716
146,,0.9,0.516,0.05,0.234,0.2,0.434,0.75,0.666
147,,0.85,0.466,0.0,0.184,0.15,0.384,0.7,0.616
148,,0.8,0.416,-0.05,0.134,0.1,0.334,0.65,0.566
149,3,0.85,0.749,0.95,0.467,0.15,0.101,0.3,0.333
150,3,0.9,1.0,1.0,0.8,0.2,-0.132,-0.05,0.1
151,6,0.667,0.65,0.767,0.85,0.533,0.868,0.283,0.15
152,6,0.434,0.3,0.534,0.9,0.866,1.0,0.616,0.2
153,,0.384,0.25,0.484,0.85,0.816,0.95,0.566,0.15
154,,0.334,0.2,0.434,0.8,0.766,0.9,0.516,0.1
155,,0.284,0.15,0.384,0.75,0.716,0.85,0.466,0.05
156,,0.234,0.1,0.334,0.7,0.666,0.8,0.416,0.0
157,,0.184,0.05,0.284,0.65,0.616,0.75,0.366,-0.05
158,8,0.517,0.1,0.051,0.3,0.383,0.8,0.699,0.95
159,8,0.85,0.15,-0.182,-0.05,0.15,0.85,1.0,1.0
160,3,0.9,0.483,0.818,0.283,0.2,0.617,0.65,0.767
161,3,0.95,0.816,1.0,0.616,0.25,0.384,0.3,0.534
162,,0.9,0.766,0.95,0.566,0.2,0.334,0.25,0.484
163,,0.85,0.716,0.9,0.516,0.15,0.284,0.2,0.434
164,,0.8,0.666,0.85,0.466,0.1,0.234,0.15,0.384
165,,0.75,0.616,0.8,0.416,0.05,0.184,0.1,0.334
166,,0.7,0.566,0.75,0.366,0.0,0.134,0.05,0.284
167,,0.65,0.516,0.7,0.316,-0.05,0.084,0.0,0.234
168,5,0.3,0.283,0.75,0.649,0.95,0.417,0.05,0.001
169,5,-0.05,0.05,0.8,0.982,1.0,0.75,0.1,-0.232
170,8,0.283,0.1,0.567,0.632,0.767,0.8,0.433,0.768
171,8,0.616,0.15,0.334,0.282,0.534,0.85,0.766,1.0
172,,0.566,0.1,0.284,0.232,0.484,0.8,0.716,0.95
173,,0.516,0.05,0.234,0.182,0.434,0.75,0.666,0.9
174,,0.466,0.0,0.184,0.132,0.384,0.7,0.616,0.85
175,,0.416,-0.05,0.134,0.082,0.334,0.65,0.566,0.8
176,2,0.749,0.95,0.467,0.132,0.101,0.3,0.333,0.85
177,2,1.0,1.0,0.8,0.182,-0.132,-0.05,0.1,0.9
178,5,0.65,0.767,0.85,0.515,0.868,0.283,0.15,0.667
179,5,0.3,0.534,0.9,0.848,1.0,0.616,0.2,0.434
180,,0.25,0.484,0.85,0.798,0.95,0.566,0.15,0.384
181,,0.2,0.434,0.8,0.748,0.9,0.516,0.1,0.334
182,,0.15,0.384,0.75,0.698,0.85,0.466,0.05,0.284
183,,0.1,0.334,0.7,0.648,0.8,0.416,0.0,0.234
184,,0.05,0.284,0.65,0.598,0.75,0.366,-0.05,0.184
185,7,0.1,0.051,0.3,0.365,0.8,0.699,0.95,0.517
186,7,0.15,-0.182,-0.05,0.132,0.85,1.0,1.0,0.85
187,2,0.483,0.818,0.283,0.182,0.617,0.65,0.767,0.9
188,2,0.816,1.0,0.616,0.232,0.384,0.3,0.534,0.95
189,,0.766,0.95,0.566,0.182,0.334,0.25,0.484,0.9
190,,0.716,0.9,0.516,0.132,0.284,0.2,0.434,0.85
191,,0.666,0.85,0.466,0.082,0.234,0.15,0.384,0.8
192,,0.616,0.8,0.416,0.032,0.184,0.1,0.334,0.75
193,,0.566,0.75,0.366,-0.018,0.134,0.05,0.284,0.7
194,4,0.333,0.8,0.699,0.982,0.467,0.1,0.051,0.35
195,4,0.1,0.85,1.0,1.0,0.8,0.15,-0.182,-0.0
196,7,0.15,0.617,0.65,0.767,0.85,0.483,0.818,0.333
197,7,0.2,0.384,0.3,0.534,0.9,0.816,1.0,0.666
198,,0.15,0.334,0.25,0.484,0.85,0.766,0.95,0.616
199,,0.1,0.284,0.2,0.434,0.8,0.716,0.9,0.566
200,,0.05,0.234,0.15,0.384,0.75,0.666,0.85,0.516
201,,0.0,0.184,0.1,0.334,0.7,0.616,0.8,0.466
202,,-0.05,0.134,0.05,0.284,0.65,0.566,0.75,0.416
203,1,0.95,0.467,0.1,0.051,0.3,0.333,0.8,0.749
204,1,1.0,0.8,0.15,-0.182,-0.05,0.1,0.85,1.0
205,4,0.767,0.85,0.483,0.818,0.283,0.15,0.617,0.65
206,4,0.534,0.9,0.816,1.0,0.616,0.2,0.384,0.3
207,,0.484,0.85,0.766,0.95,0.566,0.15,0.334,0.25
208,,0.434,0.8,0.716,0.9,0.516,0.1,0.284,0.2
209,,0.384,0.75,0.666,0.85,0.466,0.05,0.234,0.15
210,,0.334,0.7,0.616,0.8,0.416,0.0,0.184,0.1
211,,0.284,0.65,0.566,0.75,0.366,-0.05,0.134,0.05
212,6,0.051,0.3,0.333,0.8,0.699,0.95,0.467,0.1
213,6,-0.182,-0.05,0.1,0.85,1.0,1.0,0.8,0.15
214,1,0.818,0.283,0.15,0.617,0.65,0.767,0.85,0.483
215,1,1.0,0.616,0.2,0.384,0.3,0.534,0.9,0.816
216,,0.95,0.566,0.15,0.334,0.25,0.484,0.85,0.766
217,,0.9,0.516,0.1,0.284,0.2,0.434,0.8,0.716
218,,0.85,0.466,0.05,0.234,0.15,0.384,0.75,0.666
219,,0.8,0.416,0.0,0.184,0.1,0.334,0.7,0.616
220,,0.75,0.366,-0.05,0.134,0.05,0.284,0.65,0.566
221,3,0.8,0.699,0.95,0.467,0.1,0.051,0.3,0.333
222,3,0.85,1.0,1.0,0.8,0.15,-0.182,-0.05,0.1
223,6,0.617,0.65,0.767,0.85,0.483,0.818,0.283,0.15
224,6,0.384,0.3,0.534,0.9,0.816,1.0,0.616,0.2
225,,0.334,0.25,0.484,0.85,0.766,0.95,0.566,0.15
226,,0.284,0.2,0.434,0.8,0.716,0.9,0.516,0.1
227,,0.234,0.15,0.384,0.75,0.666,0.85,0.466,0.05
228,,0.184,0.1,0.334,0.7,0.616,0.8,0.416,0.0
229,,0.134,0.05,0.284,0.65,0.566,0.75,0.366,-0.05
230,8,0.467,0.1,0.051,0.3,0.333,0.8,0.699,0.95
231,8,0.8,0.15,-0.182,-0.05,0.1,0.85,1.0,1.0
232,3,0.85,0.483,0.818,0.283,0.15,0.617,0.65,0.767
233,3,0.9,0.816,1.0,0.616,0.2,0.384,0.3,0.534
234,,0.85,0.766,0.95,0.566,0.15,0.334,0.25,0.484
235,,0.8,0.716,0.9,0.516,0.1,0.284,0.2,0.434
236,,0.75,0.666,0.85,0.466,0.05,0.234,0.15,0.384
237,,0.7,0.616,0.8,0.416,0.0,0.184,0.1,0.334
238,,0.65,0.566,0.75,0.366,-0.05,0.134,0.05,0.284
239,5,0.3,0.333,0.8,0.699,0.95,0.467,0.1,0.051
240,5,-0.05,0.1,0.85,1.0,1.0,0.8,0.15,-0.182
241,8,0.283,0.15,0.617,0.65,0.767,0.85,0.483,0.818
242,8,0.616,0.2,0.384,0.3,0.534,0.9,0.816,1.0
243,,0.566,0.15,0.334,0.25,0.484,0.85,0.766,0.95
244,,0.516,0.1,0.284,0.2,0.434,0.8,0.716,0.9
245,,0.466,0.05,0.234,0.15,0.384,0.75,0.666,0.85
246,,0.416,0.0,0.184,0.1,0.334,0.7,0.616,0.8
247,,0.366,-0.05,0.134,0.05,0.284,0.65,0.566,0.75
248,2,0.699,0.95,0.467,0.1,0.051,0.3,0.333,0.8
249,2,1.0,1.0,0.8,0.15,-0.182,-0.05,0.1,0.85
250,5,0.65,0.767,0.85,0.483,0.818,0.283,0.15,0.617
251,5,0.3,0.534,0.9,0.816,1.0,0.616,0.2,0.384
252,,0.25,0.484,0.85,0.766,0.95,0.566,0.15,0.334
253,,0.2,0.434,0.8,0.716,0.9,0.516,0.1,0.284
254,,0.15,0.384,0.75,0.666,0.85,0.466,0.05,0.234
255,,0.1,0.334,0.7,0.616,0.8,0.416,0.0,0.184
256,,0.05,0.284,0.65,0.566,0.75,0.366,-0.05,0.134
257,7,0.1,0.051,0.3,0.333,0.8,0.699,0.95,0.467
258,7,0.15,-0.182,-0.05,0.1,0.85,1.0,1.0,0.8
259,2,0.483,0.818,0.283,0.15,0.617,0.65,0.767,0.85
260,2,0.816,1.0,0.616,0.2,0.384,0.3,0.534,0.9
261,,0.766,0.95,0.566,0.15,0.334,0.25,0.484,0.85
262,,0.716,0.9,0.516,0.1,0.284,0.2,0.434,0.8
263,,0.666,0.85,0.466,0.05,0.234,0.15,0.384,0.75
264,,0.616,0.8,0.416,0.0,0.184,0.1,0.334,0.7
265,,0.566,0.75,0.366,-0.05,0.134,0.05,0.284,0.65
266,4,0.333,0.8,0.699,0.95,0.467,0.1,0.051,0.3
267,4,0.1,0.85,1.0,1.0,0.8,0.15,-0.182,-0.05
268,7,0.15,0.617,0.65,0.767,0.85,0.483,0.818,0.283
269,7,0.2,0.384,0.3,0.534,0.9,0.816,1.0,0.616
270,,0.15,0.334,0.25,0.484,0.85,0.766,0.95,0.566
271,,0.1,0.284,0.2,0.434,0.8,0.716,0.9,0.516
272,,0.05,0.234,0.15,0.384,0.75,0.666,0.85,0.466
273,,0.0,0.184,0.1,0.334,0.7,0.616,0.8,0.416
274,,-0.05,0.134,0.05,0.284,0.65,0.566,0.75,0.366
275,1,0.95,0.467,0.1,0.051,0.3,0.333,0.8,0.699
276,1,1.0,0.8,0.15,-0.182,-0.05,0.1,0.85,1.0
277,4,0.767,0.85,0.483,0.818,0.283,0.15,0.617,0.65
278,4,0.534,0.9,0.816,1.0,0.616,0.2,0.384,0.3
279,,0.484,0.85,0.766,0.95,0.566,0.15,0.334,0.25
280,,0.434,0.8,0.716,0.9,0.516,0.1,0.284,0.2
281,,0.384,0.75,0.666,0.85,0.466,0.05,0.234,0.15
282,,0.334,0.7,0.616,0.8,0.416,0.0,0.184,0.1
283,,0.284,0.65,0.566,0.75,0.366,-0.05,0.134,0.05
284,6,0.051,0.3,0.333,0.8,0.699,0.95,0.467,0.1
285,6,-0.182,-0.05,0.1,0.85,1.0,1.0,0.8,0.15
286,1,0.818,0.283,0.15,0.617,0.65,0.767,0.85,0.483
287,1,1.0,0.616,0.2,0.384,0.3,0.534,0.9,0.816
288,,0.95,0.566,0.15,0.334,0.25,0.484,0.85,0.766
289,,0.9,0.516,0.1,0.284,0.2,0.434,0.8,0.716
290,,0.85,0.466,0.05,0.234,0.15,0.384,0.75,0.666
291,,0.8,0.416,0.0,0.184,0.1,0.334,0.7,0.616
292,,0.75,0.366,-0.05,0.134,0.05,0.284,0.65,0.566
293,3,0.8,0.699,0.95,0.467,0.1,0.051,0.3,0.333
294,3,0.85,1.0,1.0,0.8,0.15,-0.182,-0.05,0.1
295,6,0.617,0.65,0.767,0.85,0.483,0.818,0.283,0.15
296,6,0.384,0.3,0.534,0.9,0.816,1.0,0.616,0.2
297,,0.334,0.25,0.484,0.85,0.766,0.95,0.566,0.15
298,,0.284,0.2,0.434,0.8,0.716,0.9,0.516,0.1
299,,0.234,0.15,0.384,0.75,0.666,0.85,0.466,0.05
300,,0.184,0.1,0.334,0.7,0.616,0.8,0.416,0.0
301,,0.134,0.05,0.284,0.65,0.566,0.75,0.366,-0.05
302,8,0.467,0.1,0.051,0.3,0.333,0.8,0.699,0.95
303,8,0.8,0.15,-0.182,-0.05,0.1,0.85,1.0,1.0
304,3,0.85,0.483,0.818,0.283,0.15,0.617,0.65,0.767
305,3,0.9,0.816,1.0,0.616,0.2,0.384,0.3,0.534
306,,0.85,0.766,0.95,0.566,0.15,0.334,0.25,0.484
307,,0.8,0.716,0.9,0.516,0.1,0.284,0.2,0.434
308,,0.75,0.666,0.85,0.466,0.05,0.234,0.15,0.384
309,,0.7,0.616,0.8,0.416,0.0,0.184,0.1,0.334
310,,0.65,0.566,0.75,0.366,-0.05,0.134,0.05,0.284
311,5,0.3,0.333,0.8,0.699,0.95,0.467,0.1,0.051
312,5,-0.05,0.1,0.85,1.0,1.0,0.8,0.15,-0.182
313,8,0.283,0.15,0.617,0.65,0.767,0.85,0.483,0.818
314,8,0.616,0.2,0.384,0.3,0.534,0.9,0.816,1.0
315,,0.566,0.15,0.334,0.25,0.484,0.85,0.766,0.95
316,,0.516,0.1,0.284,0.2,0.434,0.8,0.716,0.9
317,,0.466,0.05,0.234,0.15,0.384,0.75,0.666,0.85
318,,0.416,0.0,0.184,0.1,0.334,0.7,0.616,0.8
319,,0.366,-0.05,0.134,0.05,0.284,0.65,0.566,0.75
320,2,0.699,0.95,0.467,0.1,0.051,0.3,0.333,0.8
321,2,1.0,1.0,0.8,0.15,-0.182,-0.05,0.1,0.85
322,5,0.65,0.767,0.85,0.483,0.818,0.283,0.15,0.617
323,5,0.3,0.534,0.9,0.816,1.0,0.616,0.2,0.384
324,,0.25,0.484,0.85,0.766,0.95,0.566,0.15,0.334
325,,0.2,0.434,0.8,0.716,0.9,0.516,0.1,0.284
326,,0.15,0.384,0.75,0.666,0.85,0.466,0.05,0.234
327,,0.1,0.334,0.7,0.616,0.8,0.416,0.0,0.184
328,,0.05,0.284,0.65,0.566,0.75,0.366,-0.05,0.134
329,7,0.1,0.051,0.3,0.333,0.8,0.699,0.95,0.467
330,7,0.15,-0.182,-0.05,0.1,0.85,1.0,1.0,0.8
331,2,0.483,0.818,0.283,0.15,0.617,0.65,0.767,0.85
332,2,0.816,1.0,0.616,0.2,0.384,0.3,0.534,0.9
333,,0.766,0.95,0.566,0.15,0.334,0.25,0.484,0.85
334,,0.716,0.9,0.516,0.1,0.284,0.2,0.434,0.8
335,,0.666,0.85,0.466,0.05,0.234,0.15,0.384,0.75
336,,0.616,0.8,0.416,0.0,0.184,0.1,0.334,0.7
337,,0.566,0.75,0.366,-0.05,0.134,0.05,0.284,0.65
338,4,0.333,0.8,0.699,0.95,0.467,0.1,0.051,0.3
339,4,0.1,0.85,1.0,1.0,0.8,0.15,-0.182,-0.05
340,7,0.15,0.617,0.65,0.767,0.85,0.483,0.818,0.283
341,7,0.2,0.384,0.3,0.534,0.9,0.816,1.0,0.616
342,,0.15,0.334,0.25,0.484,0.85,0.766,0.95,0.566
343,,0.1,0.284,0.2,0.434,0.8,0.716,0.9,0.516
344,,0.05,0.234,0.15,0.384,0.75,0.666,0.85,0.466
345,,0.0,0.184,0.1,0.334,0.7,0.616,0.8,0.416
346,,-0.05,0.134,0.05,0.284,0.65,0.566,0.75,0.366
347,1,0.95,0.467,0.1,0.051,0.3,0.333,0.8,0.699
348,1,1.0,0.8,0.15,-0.182,-0.05,0.1,0.85,1.0
349,4,0.767,0.85,0.483,0.818,0.283,0.15,0.617,0.65
350,4,0.534,0.9,0.816,1.0,0.616,0.2,0.384,0.3
351,,0.484,0.85,0.766,0.95,0.566,0.15,0.334,0.25
352,,0.434,0.8,0.716,0.9,0.516,0.1,0.284,0.2
353,,0.384,0.75,0.666,0.85,0.466,0.05,0.234,0.15
354,,0.334,0.7,0.616,0.8,0.416,0.0,0.184,0.1
355,,0.284,0.65,0.566,0.75,0.366,-0.05,0.134,0.05
356,6,0.051,0.3,0.333,0.8,0.699,0.95,0.467,0.1
357,6,-0.182,-0.05,0.1,0.85,1.0,1.0,0.8,0.15
358,1,0.818,0.283,0.15,0.617,0.65,0.767,0.85,0.483
359,1,1.0,0.616,0.2,0.384,0.3,0.534,0.9,0.816
360,,0.95,0.566,0.15,0.334,0.25,0.484,0.85,0.766
361,,0.9,0.516,0.1,0.284,0.2,0.434,0.8,0.716
362,,0.85,0.466,0.05,0.234,0.15,0.384,0.75,0.666
363,,0.8,0.416,0.0,0.184,0.1,0.334,0.7,0.616
364,,0.75,0.366,-0.05,0.134,0.05,0.284,0.65,0.566
365,3,0.8,0.699,0.95,0.467,0.1,0.051,0.3,0.333
366,3,0.85,1.0,1.0,0.8,0.15,-0.182,-0.05,0.1
367,6,0.617,0.65,0.767,0.85,0.483,0.818,0.283,0.15
368,6,0.384,0.3,0.534,0.9,0.816,1.0,0.616,0.2
369,,0.334,0.25,0.484,0.85,0.766,0.95,0.566,0.15
370,,0.284,0.2,0.434,0.8,0.716,0.9,0.516,0.1
371,,0.234,0.15,0.384,0.75,0.666,0.85,0.466,0.05
372,,0.184,0.1,0.334,0.7,0.616,0.8,0.416,0.0
373,,0.134,0.05,0.284,0.65,0.566,0.75,0.366,-0.05
374,8,0.467,0.1,0.051,0.3,0.333,0.8,0.699,0.95
375,8,0.8,0.15,-0.182,-0.05,0.1,0.85,1.0,1.0
376,3,0.85,0.483,0.818,0.283,0.15,0.617,0.65,0.767
377,3,0.9,0.816,1.0,0.616,0.2,0.384,0.3,0.534
378,,0.85,0.766,0.95,0.566,0.15,0.334,0.25,0.484
379,,0.8,0.716,0.9,0.516,0.1,0.284,0.2,0.434
380,,0.75,0.666,0.85,0.466,0.05,0.234,0.15,0.384
381,,0.7,0.616,0.8,0.416,0.0,0.184,0.1,0.334
382,,0.65,0.566,0.75,0.366,-0.05,0.134,0.05,0.284
383,5,0.3,0.333,0.8,0.699,0.95,0.467,0.1,0.051
384,5,-0.05,0.1,0.85,1.0,1.0,0.8,0.15,-0.182
385,8,0.283,0.15,0.617,0.65,0.767,0.85,0.483,0.818
386,8,0.616,0.2,0.384,0.3,0.534,0.9,0.816,1.0
387,,0.566,0.15,0.334,0.25,0.484,0.85,0.766,0.95
388,,0.516,0.1,0.284,0.2,0.434,0.8,0.716,0.9
389,,0.466,0.05,0.234,0.15,0.384,0.75,0.666,0.85
390,,0.416,0.0,0.184,0.1,0.334,0.7,0.616,0.8
391,,0.366,-0.05,0.134,0.05,0.284,0.65,0.566,0.75
392,2,0.699,0.95,0.467,0.1,0.051,0.3,0.333,0.8
393,2,1.0,1.0,0.8,0.15,-0.182,-0.05,0.1,0.85
394,5,0.65,0.767,0.85,0.483,0.818,0.283,0.15,0.617
395,5,0.3,0.534,0.9,0.816,1.0,0.616,0.2,0.384
396,,0.25,0.484,0.85,0.766,0.95,0.566,0.15,0.334
397,,0.2,0.434,0.8,0.716,0.9,0.516,0.1,0.284
398,,0.15,0.384,0.75,0.666,0.85,0.466,0.05,0.234
399,,0.1,0.334,0.7,0.616,0.8,0.416,0.0,0.184
400,,0.05,0.284,0.65,0.566,0.75,0.366,-0.05,0.134
401,7,0.1,0.051,0.3,0.333,0.8,0.699,0.95,0.467
402,7,0.15,-0.182,-0.05,0.1,0.85,1.0,1.0,0.8
403,2,0.483,0.818,0.283,0.15,0.617,0.65,0.767,0.85
404,2,0.816,1.0,0.616,0.2,0.384,0.3,0.534,0.9
405,,0.766,0.95,0.566,0.15,0.334,0.25,0.484,0.85
406,,0.716,0.9,0.516,0.1,0.284,0.2,0.434,0.8
407,,0.666,0.85,0.466,0.05,0.234,0.15,0.384,0.75
408,,0.616,0.8,0.416,0.0,0.184,0.1,0.334,0.7
409,,0.566,0.75,0.366,-0.05,0.134,0.05,0.284,0.65
410,4,0.333,0.8,0.699,0.95,0.467,0.1,0.051,0.3
411,4,0.1,0.85,1.0,1.0,0.8,0.15,-0.182,-0.05
412,7,0.15,0.617,0.65,0.767,0.85,0.483,0.818,0.283
413,7,0.2,0.384,0.3,0.534,0.9,0.816,1.0,0.616
414,,0.15,0.334,0.25,0.484,0.85,0.766,0.95,0.566
415,,0.1,0.284,0.2,0.434,0.8,0.716,0.9,0.516
416,,0.05,0.234,0.15,0.384,0.75,0.666,0.85,0.466
417,,0.0,0.184,0.1,0.334,0.7,0.616,0.8,0.416
418,,-0.05,0.134,0.05,0.284,0.65,0.566,0.75,0.366
419,1,0.95,0.467,0.1,0.051,0.3,0.333,0.8,0.699
420,1,1.0,0.8,0.15,-0.182,-0.05,0.1,0.85,1.0
421,4,0.767,0.85,0.483,0.818,0.283,0.15,0.617,0.65
422,4,0.534,0.9,0.816,1.0,0.616,0.2,0.384,0.3
423,,0.484,0.85,0.766,0.95,0.566,0.15,0.334,0.25
424,,0.434,0.8,0.716,0.9,0.516,0.1,0.284,0.2
425,,0.384,0.75,0.666,0.85,0.466,0.05,0.234,0.15
426,,0.334,0.7,0.616,0.8,0.416,0.0,0.184,0.1
427,,0.284,0.65,0.566,0.75,0.366,-0.05,0.134,0.05
428,6,0.051,0.3,0.333,0.8,0.699,0.95,0.467,0.1
429,6,-0.182,-0.05,0.1,0.85,1.0,1.0,0.8,0.15
430,1,0.818,0.283,0.15,0.617,0.65,0.767,0.85,0.483
431,1,1.0,0.616,0.2,0.384,0.3,0.534,0.9,0.816
432,,0.95,0.566,0.15,0.334,0.25,0.484,0.85,0.766
433,,0.9,0.516,0.1,0.284,0.2,0.434,0.8,0.716
434,,0.85,0.466,0.05,0.234,0.15,0.384,0.75,0.666
435,,0.8,0.416,0.0,0.184,0.1,0.334,0.7,0.616
436,,0.75,0.366,-0.05,0.134,0.05,0.284,0.65,0.566
437,3,0.8,0.699,0.95,0.467,0.1,0.051,0.3,0.333
438,3,0.85,1.0,1.0,0.8,0.15,-0.182,-0.05,0.1
439,6,0.617,0.65,0.767,0.85,0.483,0.818,0.283,0.15
440,6,0.384,0.3,0.534,0.9,0.816,1.0,0.616,0.2
441,,0.334,0.25,0.484,0.85,0.766,0.95,0.566,0.15
442,,0.284,0.2,0.434,0.8,0.716,0.9,0.516,0.1
443,,0.234,0.15,0.384,0.75,0.666,0.85,0.466,0.05
444,,0.184,0.1,0.334,0.7,0.616,0.8,0.416,0.0
445,,0.134,0.05,0.284,0.65,0.566,0.75,0.366,-0.05
446,8,0.467,0.1,0.051,0.3,0.333,0.8,0.699,0.95
447,8,0.8,0.15,-0.182,-0.05,0.1,0.85,1.0,1.0
448,3,0.85,0.483,0.818,0.283,0.15,0.617,0.65,0.767
449,3,0.9,0.816,1.0,0.616,0.2,0.384,0.3,0.534
450,,0.85,0.766,0.95,0.566,0.15,0.334,0.25,0.484
451,,0.8,0.716,0.9,0.516,0.1,0.284,0.2,0.434
452,,0.75,0.666,0.85,0.466,0.05,0.234,0.15,0.384
453,,0.7,0.616,0.8,0.416,0.0,0.184,0.1,0.334
454,,0.65,0.566,0.75,0.366,-0.05,0.134,0.05,0.284
455,5,0.3,0.333,0.8,0.699,0.95,0.467,0.1,0.051
456,5,-0.05,0.1,0.85,1.0,1.0,0.8,0.15,-0.182
457,8,0.283,0.15,0.617,0.65,0.767,0.85,0.483,0.818
458,8,0.616,0.2,0.384,0.3,0.534,0.9,0.816,1.0
459,,0.566,0.15,0.334,0.25,0.484,0.85,0.766,0.95
460,,0.516,0.1,0.284,0.2,0.434,0.8,0.716,0.9
461,,0.466,0.05,0.234,0.15,0.384,0.75,0.666,0.85
462,,0.416,0.0,0.184,0.1,0.334,0.7,0.616,0.8
463,,0.366,-0.05,0.134,0.05,0.284,0.65,0.566,0.75
464,2,0.699,0.95,0.467,0.1,0.051,0.3,0.333,0.8
465,2,1.0,1.0,0.8,0.15,-0.182,-0.05,0.1,0.85
466,5,0.65,0.767,0.85,0.483,0.818,0.283,0.15,0.617
467,5,0.3,0.534,0.9,0.816,1.0,0.616,0.2,0.384
468,,0.25,0.484,0.85,0.766,0.95,0.566,0.15,0.334
469,,0.2,0.434,0.8,0.716,0.9,0.516,0.1,0.284
470,,0.15,0.384,0.75,0.666,0.85,0.466,0.05,0.234
471,,0.1,0.334,0.7,0.616,0.8,0.416,0.0,0.184
472,,0.05,0.284,0.65,0.566,0.75,0.366,-0.05,0.134
473,7,0.1,0.051,0.3,0.333,0.8,0.699,0.95,0.467
474,7,0.15,-0.182,-0.05,0.1,0.85,1.0,1.0,0.8
475,2,0.483,0.818,0.283,0.15,0.617,0.65,0.767,0.85
476,2,0.816,1.0,0.616,0.2,0.384,0.3,0.534,0.9
477,,0.766,0.95,0.566,0.15,0.334,0.25,0.484,0.85
478,,0.716,0.9,0.516,0.1,0.284,0.2,0.434,0.8
479,,0.666,0.85,0.466,0.05,0.234,0.15,0.384,0.75
480,,0.616,0.8,0.416,0.0,0.184,0.1,0.334,0.7
481,,0.566,0.75,0.366,-0.05,0.134,0.05,0.284,0.65
482,4,0.333,0.8,0.699,0.95,0.467,0.1,0.051,0.3
483,4,0.1,0.85,1.0,1.0,0.8,0.15,-0.182,-0.05
484,7,0.15,0.617,0.65,0.767,0.85,0.483,0.818,0.283
485,7,0.2,0.384,0.3,0.534,0.9,0.816,1.0,0.616
486,,0.15,0.334,0.25,0.484,0.85,0.766,0.95,0.566
487,,0.1,0.284,0.2,0.434,0.8,0.716,0.9,0.516
488,,0.05,0.234,0.15,0.384,0.75,0.666,0.85,0.466
489,,0.0,0.184,0.1,0.334,0.7,0.616,0.8,0.416
490,,-0.05,0.134,0.05,0.284,0.65,0.566,0.75,0.366
491,1,0.95,0.467,0.1,0.051,0.3,0.333,0.8,0.699
492,1,1.0,0.8,0.15,-0.182,-0.05,0.1,0.85,1.0
493,4,0.767,0.85,0.483,0.818,0.283,0.15,0.617,0.65
494,4,0.534,0.9,0.816,1.0,0.616,0.2,0.384,0.3
495,,0.484,0.85,0.766,0.95,0.566,0.15,0.334,0.25
496,,0.434,0.8,0.716,0.9,0.516,0.1,0.284,0.2
497,,0.384,0.75,0.666,0.85,0.466,0.05,0.234,0.15
498,,0.334,0.7,0.616,0.8,0.416,0.0,0.184,0.1
499,,0.284,0.65,0.566,0.75,0.366,-0.05,0.134,0.05
