step,active_motive,motive_1,motive_2,motive_3,motive_4,motive_5,motive_6,motive_7,motive_8
0,,0.45341,0.13607,0.32385,0.00026,0.17628,0.15239,0.08233,0.26704
1,,0.40341,0.08607,0.27385,-0.04974,0.12628,0.10239,0.03233,0.21704
2,4,0.17041,0.13607,0.60685,0.95026,0.45928,0.15239,-0.20067,-0.13296
3,4,-0.06259,0.18607,0.93985,1.0,0.79228,0.20239,-0.43367,-0.48296
4,8,0.27041,0.23607,0.70685,0.65,0.55928,0.25239,-0.10067,0.51704
5,8,0.60341,0.28607,0.47385,0.3,0.32628,0.30239,0.23233,1.0
6,,0.55341,0.23607,0.42385,0.25,0.27628,0.25239,0.18233,0.95
7,,0.50341,0.18607,0.37385,0.2,0.22628,0.20239,0.13233,0.9
8,,0.45341,0.13607,0.32385,0.15,0.17628,0.15239,0.08233,0.85
9,,0.40341,0.08607,0.27385,0.1,0.12628,0.10239,0.03233,0.8
10,,0.35341,0.03607,0.22385,0.05,0.07628,0.05239,-0.01767,0.75
11,7,0.40341,-0.19693,-0.12615,-0.183,0.12628,0.38539,0.98233,1.0
12,7,0.45341,-0.42993,-0.47615,-0.416,0.17628,0.71839,1.0,1.0
13,3,0.50341,-0.09693,0.52385,-0.083,0.22628,0.48539,0.65,0.767
14,3,0.55341,0.23607,1.0,0.25,0.27628,0.25239,0.3,0.534
15,,0.50341,0.18607,0.95,0.2,0.22628,0.20239,0.25,0.484
16,,0.45341,0.13607,0.9,0.15,0.17628,0.15239,0.2,0.434
17,,0.40341,0.08607,0.85,0.1,0.12628,0.10239,0.15,0.384
18,,0.35341,0.03607,0.8,0.05,0.07628,0.05239,0.1,0.334
19,,0.30341,-0.01393,0.75,0.0,0.02628,0.00239,0.05,0.284
20,2,0.63641,0.98607,1.0,0.05,-0.20672,-0.34761,-0.183,0.334
21,2,0.96941,1.0,1.0,0.1,-0.43972,-0.69761,-0.416,0.384
22,6,0.73641,0.65,0.767,0.15,-0.10672,0.30239,-0.083,0.434
23,6,0.50341,0.3,0.534,0.2,0.22628,1.0,0.25,0.484
24,,0.45341,0.25,0.484,0.15,0.17628,0.95,0.2,0.434
25,,0.40341,0.2,0.434,0.1,0.12628,0.9,0.15,0.384
26,,0.35341,0.15,0.384,0.05,0.07628,0.85,0.1,0.334
27,,0.30341,0.1,0.334,0.0,0.02628,0.8,0.05,0.284
28,,0.25341,0.05,0.284,-0.05,-0.02372,0.75,0.0,0.234
29,4,0.02041,0.1,0.617,0.95,0.30928,0.8,-0.233,-0.116
30,4,-0.21259,0.15,0.95,1.0,0.64228,0.85,-0.466,-0.466
31,8,0.12041,0.2,0.717,0.65,0.40928,0.9,-0.133,0.534
32,8,0.45341,0.25,0.484,0.3,0.17628,0.95,0.2,1.0
33,,0.40341,0.2,0.434,0.25,0.12628,0.9,0.15,0.95
34,,0.35341,0.15,0.384,0.2,0.07628,0.85,0.1,0.9
35,,0.30341,0.1,0.334,0.15,0.02628,0.8,0.05,0.85
36,,0.25341,0.05,0.284,0.1,-0.02372,0.75,0.0,0.8
37,5,-0.09659,-0.183,0.334,0.433,0.97628,1.0,0.05,0.567
38,5,-0.44659,-0.416,0.384,0.766,1.0,1.0,0.1,0.334
39,1,0.55341,-0.083,0.434,0.533,0.65,0.767,0.15,0.667
40,1,1.0,0.25,0.484,0.3,0.3,0.534,0.2,1.0
41,,0.95,0.2,0.434,0.25,0.25,0.484,0.15,0.95
42,,0.9,0.15,0.384,0.2,0.2,0.434,0.1,0.9
43,,0.85,0.1,0.334,0.15,0.15,0.384,0.05,0.85
44,,0.8,0.05,0.284,0.1,0.1,0.334,0.0,0.8
45,,0.75,0.0,0.234,0.05,0.05,0.284,-0.05,0.75
46,7,0.8,-0.233,-0.116,-0.183,0.1,0.617,0.95,1.0
47,7,0.85,-0.466,-0.466,-0.416,0.15,0.95,1.0,1.0
48,2,1.0,0.534,-0.133,-0.366,-0.083,0.6,0.767,1.0
49,2,1.0,1.0,0.2,-0.316,-0.316,0.25,0.534,1.0
50,4,0.767,1.0,0.533,0.684,0.017,0.3,0.301,0.65
51,4,0.534,1.0,0.866,1.0,0.35,0.35,0.068,0.3
52,,0.484,0.95,0.816,0.95,0.3,0.3,0.018,0.25
53,,0.434,0.9,0.766,0.9,0.25,0.25,-0.032,0.2
54,7,0.484,0.667,0.416,0.667,0.3,0.583,0.968,0.533
55,7,0.534,0.434,0.066,0.434,0.35,0.916,1.0,0.866
56,,0.484,0.384,0.016,0.384,0.3,0.866,0.95,0.816
57,,0.434,0.334,-0.034,0.334,0.25,0.816,0.9,0.766
58,3,0.484,0.667,0.966,0.667,0.3,0.583,0.55,0.533
59,3,0.534,1.0,1.0,1.0,0.35,0.35,0.2,0.3
60,,0.484,0.95,0.95,0.95,0.3,0.3,0.15,0.25
61,,0.434,0.9,0.9,0.9,0.25,0.25,0.1,0.2
62,,0.384,0.85,0.85,0.85,0.2,0.2,0.05,0.15
63,,0.334,0.8,0.8,0.8,0.15,0.15,0.0,0.1
64,,0.284,0.75,0.75,0.75,0.1,0.1,-0.05,0.05
65,7,0.334,0.517,0.4,0.517,0.15,0.433,0.95,0.383
66,7,0.384,0.284,0.05,0.284,0.2,0.766,1.0,0.716
67,,0.334,0.234,0.0,0.234,0.15,0.716,0.95,0.666
68,,0.284,0.184,-0.05,0.184,0.1,0.666,0.9,0.616
69,3,0.334,0.517,0.95,0.517,0.15,0.433,0.55,0.383
70,3,0.384,0.85,1.0,0.85,0.2,0.2,0.2,0.15
71,,0.334,0.8,0.95,0.8,0.15,0.15,0.15,0.1
72,,0.284,0.75,0.9,0.75,0.1,0.1,0.1,0.05
73,,0.234,0.7,0.85,0.7,0.05,0.05,0.05,0.0
74,,0.184,0.65,0.8,0.65,0.0,0.0,0.0,-0.05
75,8,0.517,0.7,0.567,0.3,-0.233,0.05,0.333,0.95
76,8,0.85,0.75,0.334,-0.05,-0.466,0.1,0.666,1.0
77,5,0.5,0.517,0.384,0.283,0.534,0.433,0.716,0.767
78,5,0.15,0.284,0.434,0.616,1.0,0.766,0.766,0.534
79,,0.1,0.234,0.384,0.566,0.95,0.716,0.716,0.484
80,,0.05,0.184,0.334,0.516,0.9,0.666,0.666,0.434
81,,0.0,0.134,0.284,0.466,0.85,0.616,0.616,0.384
82,,-0.05,0.084,0.234,0.416,0.8,0.566,0.566,0.334
83,1,0.95,0.417,0.284,0.183,0.45,0.333,0.616,0.667
84,1,1.0,0.75,0.334,-0.05,0.1,0.1,0.666,1.0
85,4,0.767,0.8,0.667,0.95,0.433,0.15,0.433,0.65
86,4,0.534,0.85,1.0,1.0,0.766,0.2,0.2,0.3
87,,0.484,0.8,0.95,0.95,0.716,0.15,0.15,0.25
88,,0.434,0.75,0.9,0.9,0.666,0.1,0.1,0.2
89,,0.384,0.7,0.85,0.85,0.616,0.05,0.05,0.15
90,,0.334,0.65,0.8,0.8,0.566,0.0,0.0,0.1
91,,0.284,0.6,0.75,0.75,0.516,-0.05,-0.05,0.05
92,6,0.051,0.25,0.517,0.8,0.849,0.95,0.283,0.1
93,6,-0.182,-0.1,0.284,0.85,1.0,1.0,0.616,0.15
94,1,0.818,0.233,0.334,0.617,0.65,0.767,0.666,0.483
95,1,1.0,0.566,0.384,0.384,0.3,0.534,0.716,0.816
96,,0.95,0.516,0.334,0.334,0.25,0.484,0.666,0.766
97,,0.9,0.466,0.284,0.284,0.2,0.434,0.616,0.716
98,,0.85,0.416,0.234,0.234,0.15,0.384,0.566,0.666
99,,0.8,0.366,0.184,0.184,0.1,0.334,0.516,0.616
100,,0.75,0.316,0.134,0.134,0.05,0.284,0.466,0.566
101,,0.7,0.266,0.084,0.084,0.0,0.234,0.416,0.516
102,,0.65,0.216,0.034,0.034,-0.05,0.184,0.366,0.466
103,5,0.3,-0.017,0.084,0.367,0.95,0.517,0.416,0.233
104,5,-0.05,-0.25,0.134,0.7,1.0,0.85,0.466,0.0
105,2,0.283,0.75,0.467,0.75,0.767,0.5,0.233,0.05
106,2,0.616,1.0,0.8,0.8,0.534,0.15,0.0,0.1
107,,0.566,0.95,0.75,0.75,0.484,0.1,-0.05,0.05
108,7,0.616,0.717,0.4,0.517,0.534,0.433,0.95,0.383
109,7,0.666,0.484,0.05,0.284,0.584,0.766,1.0,0.716
110,,0.616,0.434,0.0,0.234,0.534,0.716,0.95,0.666
111,,0.566,0.384,-0.05,0.184,0.484,0.666,0.9,0.616
112,3,0.616,0.717,0.95,0.517,0.534,0.433,0.55,0.383
113,3,0.666,1.0,1.0,0.85,0.584,0.2,0.2,0.15
114,,0.616,0.95,0.95,0.8,0.534,0.15,0.15,0.1
115,,0.566,0.9,0.9,0.75,0.484,0.1,0.1,0.05
116,,0.516,0.85,0.85,0.7,0.434,0.05,0.05,0.0
117,,0.466,0.8,0.8,0.65,0.384,0.0,0.0,-0.05
118,8,0.799,0.85,0.567,0.3,0.151,0.05,0.333,0.95
119,8,1.0,0.9,0.334,-0.05,-0.082,0.1,0.666,1.0
120,5,0.65,0.667,0.384,0.283,0.918,0.433,0.716,0.767
121,5,0.3,0.434,0.434,0.616,1.0,0.766,0.766,0.534
122,,0.25,0.384,0.384,0.566,0.95,0.716,0.716,0.484
123,,0.2,0.334,0.334,0.516,0.9,0.666,0.666,0.434
124,,0.15,0.284,0.284,0.466,0.85,0.616,0.616,0.384
125,,0.1,0.234,0.234,0.416,0.8,0.566,0.566,0.334
126,,0.05,0.184,0.184,0.366,0.75,0.516,0.516,0.284
127,,0.0,0.134,0.134,0.316,0.7,0.466,0.466,0.234
128,,-0.05,0.084,0.084,0.266,0.65,0.416,0.416,0.184
129,1,0.95,0.417,0.134,0.033,0.3,0.183,0.466,0.517
130,1,1.0,0.75,0.184,-0.2,-0.05,-0.05,0.516,0.85
131,4,0.767,0.8,0.517,0.8,0.283,0.0,0.283,0.5
132,4,0.534,0.85,0.85,1.0,0.616,0.05,0.05,0.15
133,,0.484,0.8,0.8,0.95,0.566,0.0,0.0,0.1
134,,0.434,0.75,0.75,0.9,0.516,-0.05,-0.05,0.05
135,7,0.484,0.517,0.4,0.667,0.566,0.283,0.95,0.383
136,7,0.534,0.284,0.05,0.434,0.616,0.616,1.0,0.716
137,,0.484,0.234,0.0,0.384,0.566,0.566,0.95,0.666
138,,0.434,0.184,-0.05,0.334,0.516,0.516,0.9,0.616
139,3,0.484,0.517,0.95,0.667,0.566,0.283,0.55,0.383
140,3,0.534,0.85,1.0,1.0,0.616,0.05,0.2,0.15
141,,0.484,0.8,0.95,0.95,0.566,0.0,0.15,0.1
142,,0.434,0.75,0.9,0.9,0.516,-0.05,0.1,0.05
143,6,0.201,0.4,0.667,0.95,0.849,0.95,0.433,0.1
144,6,-0.032,0.05,0.434,1.0,1.0,1.0,0.766,0.15
145,1,0.968,0.383,0.484,0.767,0.65,0.767,0.816,0.483
146,1,1.0,0.716,0.534,0.534,0.3,0.534,0.866,0.816
147,,0.95,0.666,0.484,0.484,0.25,0.484,0.816,0.766
148,,0.9,0.616,0.434,0.434,0.2,0.434,0.766,0.716
149,,0.85,0.566,0.384,0.384,0.15,0.384,0.716,0.666
150,,0.8,0.516,0.334,0.334,0.1,0.334,0.666,0.616
151,,0.75,0.466,0.284,0.284,0.05,0.284,0.616,0.566
152,,0.7,0.416,0.234,0.234,0.0,0.234,0.566,0.516
153,,0.65,0.366,0.184,0.184,-0.05,0.184,0.516,0.466
154,5,0.3,0.133,0.234,0.517,0.95,0.517,0.566,0.233
155,5,-0.05,-0.1,0.284,0.85,1.0,0.85,0.616,0.0
156,2,0.283,0.9,0.617,0.9,0.767,0.5,0.383,0.05
157,2,0.616,1.0,0.95,0.95,0.534,0.15,0.15,0.1
158,,0.566,0.95,0.9,0.9,0.484,0.1,0.1,0.05
159,,0.516,0.9,0.85,0.85,0.434,0.05,0.05,0.0
160,,0.466,0.85,0.8,0.8,0.384,0.0,0.0,-0.05
161,8,0.799,0.9,0.567,0.45,0.151,0.05,0.333,0.95
162,8,1.0,0.95,0.334,0.1,-0.082,0.1,0.666,1.0
163,5,0.65,0.717,0.384,0.433,0.918,0.433,0.716,0.767
164,5,0.3,0.484,0.434,0.766,1.0,0.766,0.766,0.534
165,,0.25,0.434,0.384,0.716,0.95,0.716,0.716,0.484
166,,0.2,0.384,0.334,0.666,0.9,0.666,0.666,0.434
167,,0.15,0.334,0.284,0.616,0.85,0.616,0.616,0.384
168,,0.1,0.284,0.234,0.566,0.8,0.566,0.566,0.334
169,,0.05,0.234,0.184,0.516,0.75,0.516,0.516,0.284
170,,0.0,0.184,0.134,0.466,0.7,0.466,0.466,0.234
171,,-0.05,0.134,0.084,0.416,0.65,0.416,0.416,0.184
172,1,0.95,0.467,0.134,0.183,0.3,0.183,0.466,0.517
173,1,1.0,0.8,0.184,-0.05,-0.05,-0.05,0.516,0.85
174,6,0.767,0.45,-0.049,0.0,0.283,0.95,0.849,0.9
175,6,0.534,0.1,-0.282,0.05,0.616,1.0,1.0,0.95
176,3,0.584,0.433,0.718,0.383,0.666,0.767,0.65,0.717
177,3,0.634,0.766,1.0,0.716,0.716,0.534,0.3,0.484
178,,0.584,0.716,0.95,0.666,0.666,0.484,0.25,0.434
179,,0.534,0.666,0.9,0.616,0.616,0.434,0.2,0.384
180,,0.484,0.616,0.85,0.566,0.566,0.384,0.15,0.334
181,,0.434,0.566,0.8,0.516,0.516,0.334,0.1,0.284
182,,0.384,0.516,0.75,0.466,0.466,0.284,0.05,0.234
183,,0.334,0.466,0.7,0.416,0.416,0.234,0.0,0.184
184,,0.284,0.416,0.65,0.366,0.366,0.184,-0.05,0.134
185,7,0.334,0.183,0.3,0.133,0.416,0.517,0.95,0.467
186,7,0.384,-0.05,-0.05,-0.1,0.466,0.85,1.0,0.8
187,4,0.151,0.0,0.283,0.9,0.799,0.9,0.767,0.45
188,4,-0.082,0.05,0.616,1.0,1.0,0.95,0.534,0.1
189,1,0.918,0.383,0.666,0.767,0.65,0.717,0.584,0.433
190,1,1.0,0.716,0.716,0.534,0.3,0.484,0.634,0.766
191,,0.95,0.666,0.666,0.484,0.25,0.434,0.584,0.716
192,,0.9,0.616,0.616,0.434,0.2,0.384,0.534,0.666
193,,0.85,0.566,0.566,0.384,0.15,0.334,0.484,0.616
194,,0.8,0.516,0.516,0.334,0.1,0.284,0.434,0.566
195,,0.75,0.466,0.466,0.284,0.05,0.234,0.384,0.516
196,,0.7,0.416,0.416,0.234,0.0,0.184,0.334,0.466
197,,0.65,0.366,0.366,0.184,-0.05,0.134,0.284,0.416
198,5,0.3,0.133,0.416,0.517,0.95,0.467,0.334,0.183
199,5,-0.05,-0.1,0.466,0.85,1.0,0.8,0.384,-0.05
200,2,0.283,0.9,0.799,0.9,0.767,0.45,0.151,0.0
201,2,0.616,1.0,1.0,0.95,0.534,0.1,-0.082,0.05
202,7,0.666,0.767,0.65,0.717,0.584,0.433,0.918,0.383
203,7,0.716,0.534,0.3,0.484,0.634,0.766,1.0,0.716
204,,0.666,0.484,0.25,0.434,0.584,0.716,0.95,0.666
205,,0.616,0.434,0.2,0.384,0.534,0.666,0.9,0.616
206,,0.566,0.384,0.15,0.334,0.484,0.616,0.85,0.566
207,,0.516,0.334,0.1,0.284,0.434,0.566,0.8,0.516
208,,0.466,0.284,0.05,0.234,0.384,0.516,0.75,0.466
209,,0.416,0.234,0.0,0.184,0.334,0.466,0.7,0.416
210,,0.366,0.184,-0.05,0.134,0.284,0.416,0.65,0.366
211,3,0.416,0.517,0.95,0.467,0.334,0.183,0.3,0.133
212,3,0.466,0.85,1.0,0.8,0.384,-0.05,-0.05,-0.1
213,8,0.799,0.9,0.767,0.45,0.151,0.0,0.283,0.9
214,8,1.0,0.95,0.534,0.1,-0.082,0.05,0.616,1.0
215,5,0.65,0.717,0.584,0.433,0.918,0.383,0.666,0.767
216,5,0.3,0.484,0.634,0.766,1.0,0.716,0.716,0.534
217,,0.25,0.434,0.584,0.716,0.95,0.666,0.666,0.484
218,,0.2,0.384,0.534,0.666,0.9,0.616,0.616,0.434
219,,0.15,0.334,0.484,0.616,0.85,0.566,0.566,0.384
220,,0.1,0.284,0.434,0.566,0.8,0.516,0.516,0.334
221,,0.05,0.234,0.384,0.516,0.75,0.466,0.466,0.284
222,,0.0,0.184,0.334,0.466,0.7,0.416,0.416,0.234
223,,-0.05,0.134,0.284,0.416,0.65,0.366,0.366,0.184
224,1,0.95,0.467,0.334,0.183,0.3,0.133,0.416,0.517
225,1,1.0,0.8,0.384,-0.05,-0.05,-0.1,0.466,0.85
226,6,0.767,0.45,0.151,0.0,0.283,0.9,0.799,0.9
227,6,0.534,0.1,-0.082,0.05,0.616,1.0,1.0,0.95
228,3,0.584,0.433,0.918,0.383,0.666,0.767,0.65,0.717
229,3,0.634,0.766,1.0,0.716,0.716,0.534,0.3,0.484
230,,0.584,0.716,0.95,0.666,0.666,0.484,0.25,0.434
231,,0.534,0.666,0.9,0.616,0.616,0.434,0.2,0.384
232,,0.484,0.616,0.85,0.566,0.566,0.384,0.15,0.334
233,,0.434,0.566,0.8,0.516,0.516,0.334,0.1,0.284
234,,0.384,0.516,0.75,0.466,0.466,0.284,0.05,0.234
235,,0.334,0.466,0.7,0.416,0.416,0.234,0.0,0.184
236,,0.284,0.416,0.65,0.366,0.366,0.184,-0.05,0.134
237,7,0.334,0.183,0.3,0.133,0.416,0.517,0.95,0.467
238,7,0.384,-0.05,-0.05,-0.1,0.466,0.85,1.0,0.8
239,4,0.151,0.0,0.283,0.9,0.799,0.9,0.767,0.45
240,4,-0.082,0.05,0.616,1.0,1.0,0.95,0.534,0.1
241,1,0.918,0.383,0.666,0.767,0.65,0.717,0.584,0.433
242,1,1.0,0.716,0.716,0.534,0.3,0.484,0.634,0.766
243,,0.95,0.666,0.666,0.484,0.25,0.434,0.584,0.716
244,,0.9,0.616,0.616,0.434,0.2,0.384,0.534,0.666
245,,0.85,0.566,0.566,0.384,0.15,0.334,0.484,0.616
246,,0.8,0.516,0.516,0.334,0.1,0.284,0.434,0.566
247,,0.75,0.466,0.466,0.284,0.05,0.234,0.384,0.516
248,,0.7,0.416,0.416,0.234,0.0,0.184,0.334,0.466
249,,0.65,0.366,0.366,0.184,-0.05,0.134,0.284,0.416
250,5,0.3,0.133,0.416,0.517,0.95,0.467,0.334,0.183
251,5,-0.05,-0.1,0.466,0.85,1.0,0.8,0.384,-0.05
252,2,0.283,0.9,0.799,0.9,0.767,0.45,0.151,0.0
253,2,0.616,1.0,1.0,0.95,0.534,0.1,-0.082,0.05
254,7,0.666,0.767,0.65,0.717,0.584,0.433,0.918,0.383
255,7,0.716,0.534,0.3,0.484,0.634,0.766,1.0,0.716
256,,0.666,0.484,0.25,0.434,0.584,0.716,0.95,0.666
257,,0.616,0.434,0.2,0.384,0.534,0.666,0.9,0.616
258,,0.566,0.384,0.15,0.334,0.484,0.616,0.85,0.566
259,,0.516,0.334,0.1,0.284,0.434,0.566,0.8,0.516
260,,0.466,0.284,0.05,0.234,0.384,0.516,0.75,0.466
261,,0.416,0.234,0.0,0.184,0.334,0.466,0.7,0.416
262,,0.366,0.184,-0.05,0.134,0.284,0.416,0.65,0.366
263,3,0.416,0.517,0.95,0.467,0.334,0.183,0.3,0.133
264,3,0.466,0.85,1.0,0.8,0.384,-0.05,-0.05,-0.1
265,8,0.799,0.9,0.767,0.45,0.151,0.0,0.283,0.9
266,8,1.0,0.95,0.534,0.1,-0.082,0.05,0.616,1.0
267,5,0.65,0.717,0.584,0.433,0.918,0.383,0.666,0.767
268,5,0.3,0.484,0.634,0.766,1.0,0.716,0.716,0.534
269,,0.25,0.434,0.584,0.716,0.95,0.666,0.666,0.484
270,,0.2,0.384,0.534,0.666,0.9,0.616,0.616,0.434
271,,0.15,0.334,0.484,0.616,0.85,0.566,0.566,0.384
272,,0.1,0.284,0.434,0.566,0.8,0.516,0.516,0.334
273,,0.05,0.234,0.384,0.516,0.75,0.466,0.466,0.284
274,,0.0,0.184,0.334,0.466,0.7,0.416,0.416,0.234
275,,-0.05,0.134,0.284,0.416,0.65,0.366,0.366,0.184
276,1,0.95,0.467,0.334,0.183,0.3,0.133,0.416,0.517
277,1,1.0,0.8,0.384,-0.05,-0.05,-0.1,0.466,0.85
278,6,0.767,0.45,0.151,0.0,0.283,0.9,0.799,0.9
279,6,0.534,0.1,-0.082,0.05,0.616,1.0,1.0,0.95
280,3,0.584,0.433,0.918,0.383,0.666,0.767,0.65,0.717
281,3,0.634,0.766,1.0,0.716,0.716,0.534,0.3,0.484
282,,0.584,0.716,0.95,0.666,0.666,0.484,0.25,0.434
283,,0.534,0.666,0.9,0.616,0.616,0.434,0.2,0.384
284,,0.484,0.616,0.85,0.566,0.566,0.384,0.15,0.334
285,,0.434,0.566,0.8,0.516,0.516,0.334,0.1,0.284
286,,0.384,0.516,0.75,0.466,0.466,0.284,0.05,0.234
287,,0.334,0.466,0.7,0.416,0.416,0.234,0.0,0.184
288,,0.284,0.416,0.65,0.366,0.366,0.184,-0.05,0.134
289,7,0.334,0.183,0.3,0.133,0.416,0.517,0.95,0.467
290,7,0.384,-0.05,-0.05,-0.1,0.466,0.85,1.0,0.8
291,4,0.151,0.0,0.283,0.9,0.799,0.9,0.767,0.45
292,4,-0.082,0.05,0.616,1.0,1.0,0.95,0.534,0.1
293,1,0.918,0.383,0.666,0.767,0.65,0.717,0.584,0.433
294,1,1.0,0.716,0.716,0.534,0.3,0.484,0.634,0.766
295,,0.95,0.666,0.666,0.484,0.25,0.434,0.584,0.716
296,,0.9,0.616,0.616,0.434,0.2,0.384,0.534,0.666
297,,0.85,0.566,0.566,0.384,0.15,0.334,0.484,0.616
298,,0.8,0.516,0.516,0.334,0.1,0.284,0.434,0.566
299,,0.75,0.466,0.466,0.284,0.05,0.234,0.384,0.516
300,,0.7,0.416,0.416,0.234,0.0,0.184,0.334,0.466
301,,0.65,0.366,0.366,0.184,-0.05,0.134,0.284,0.416
302,5,0.3,0.133,0.416,0.517,0.95,0.467,0.334,0.183
303,5,-0.05,-0.1,0.466,0.85,1.0,0.8,0.384,-0.05
304,2,0.283,0.9,0.799,0.9,0.767,0.45,0.151,0.0
305,2,0.616,1.0,1.0,0.95,0.534,0.1,-0.082,0.05
306,7,0.666,0.767,0.65,0.717,0.584,0.433,0.918,0.383
307,7,0.716,0.534,0.3,0.484,0.634,0.766,1.0,0.716
308,,0.666,0.484,0.25,0.434,0.584,0.716,0.95,0.666
309,,0.616,0.434,0.2,0.384,0.534,0.666,0.9,0.616
310,,0.566,0.384,0.15,0.334,0.484,0.616,0.85,0.566
311,,0.516,0.334,0.1,0.284,0.434,0.566,0.8,0.516
312,,0.466,0.284,0.05,0.234,0.384,0.516,0.75,0.466
313,,0.416,0.234,0.0,0.184,0.334,0.466,0.7,0.416
314,,0.366,0.184,-0.05,0.134,0.284,0.416,0.65,0.366
315,3,0.416,0.517,0.95,0.467,0.334,0.183,0.3,0.133
316,3,0.466,0.85,1.0,0.8,0.384,-0.05,-0.05,-0.1
317,8,0.799,0.9,0.767,0.45,0.151,0.0,0.283,0.9
318,8,1.0,0.95,0.534,0.1,-0.082,0.05,0.616,1.0
319,5,0.65,0.717,0.584,0.433,0.918,0.383,0.666,0.767
320,5,0.3,0.484,0.634,0.766,1.0,0.716,0.716,0.534
321,,0.25,0.434,0.584,0.716,0.95,0.666,0.666,0.484
322,,0.2,0.384,0.534,0.666,0.9,0.616,0.616,0.434
323,,0.15,0.334,0.484,0.616,0.85,0.566,0.566,0.384
324,,0.1,0.284,0.434,0.566,0.8,0.516,0.516,0.334
325,,0.05,0.234,0.384,0.516,0.75,0.466,0.466,0.284
326,,0.0,0.184,0.334,0.466,0.7,0.416,0.416,0.234
327,,-0.05,0.134,0.284,0.416,0.65,0.366,0.366,0.184
328,1,0.95,0.467,0.334,0.183,0.3,0.133,0.416,0.517
329,1,1.0,0.8,0.384,-0.05,-0.05,-0.1,0.466,0.85
330,6,0.767,0.45,0.151,0.0,0.283,0.9,0.799,0.9
331,6,0.534,0.1,-0.082,0.05,0.616,1.0,1.0,0.95
332,3,0.584,0.433,0.918,0.383,0.666,0.767,0.65,0.717
333,3,0.634,0.766,1.0,0.716,0.716,0.534,0.3,0.484
334,,0.584,0.716,0.95,0.666,0.666,0.484,0.25,0.434
335,,0.534,0.666,0.9,0.616,0.616,0.434,0.2,0.384
336,,0.484,0.616,0.85,0.566,0.566,0.384,0.15,0.334
337,,0.434,0.566,0.8,0.516,0.516,0.334,0.1,0.284
338,,0.384,0.516,0.75,0.466,0.466,0.284,0.05,0.234
339,,0.334,0.466,0.7,0.416,0.416,0.234,0.0,0.184
340,,0.284,0.416,0.65,0.366,0.366,0.184,-0.05,0.134
341,7,0.334,0.183,0.3,0.133,0.416,0.517,0.95,0.467
342,7,0.384,-0.05,-0.05,-0.1,0.466,0.85,1.0,0.8
343,4,0.151,0.0,0.283,0.9,0.799,0.9,0.767,0.45
344,4,-0.082,0.05,0.616,1.0,1.0,0.95,0.534,0.1
345,1,0.918,0.383,0.666,0.767,0.65,0.717,0.584,0.433
346,1,1.0,0.716,0.716,0.534,0.3,0.484,0.634,0.766
347,,0.95,0.666,0.666,0.484,0.25,0.434,0.584,0.716
348,,0.9,0.616,0.616,0.434,0.2,0.384,0.534,0.666
349,,0.85,0.566,0.566,0.384,0.15,0.334,0.484,0.616
350,,0.8,0.516,0.516,0.334,0.1,0.284,0.434,0.566
351,,0.75,0.466,0.466,0.284,0.05,0.234,0.384,0.516
352,,0.7,0.416,0.416,0.234,0.0,0.184,0.334,0.466
353,,0.65,0.366,0.366,0.184,-0.05,0.134,0.284,0.416
354,5,0.3,0.133,0.416,0.517,0.95,0.467,0.334,0.183
355,5,-0.05,-0.1,0.466,0.85,1.0,0.8,0.384,-0.05
356,2,0.283,0.9,0.799,0.9,0.767,0.45,0.151,0.0
357,2,0.616,1.0,1.0,0.95,0.534,0.1,-0.082,0.05
358,7,0.666,0.767,0.65,0.717,0.584,0.433,0.918,0.383
359,7,0.716,0.534,0.3,0.484,0.634,0.766,1.0,0.716
360,,0.666,0.484,0.25,0.434,0.584,0.716,0.95,0.666
361,,0.616,0.434,0.2,0.384,0.534,0.666,0.9,0.616
362,,0.566,0.384,0.15,0.334,0.484,0.616,0.85,0.566
363,,0.516,0.334,0.1,0.284,0.434,0.566,0.8,0.516
364,,0.466,0.284,0.05,0.234,0.384,0.516,0.75,0.466
365,,0.416,0.234,0.0,0.184,0.334,0.466,0.7,0.416
366,,0.366,0.184,-0.05,0.134,0.284,0.416,0.65,0.366
367,3,0.416,0.517,0.95,0.467,0.334,0.183,0.3,0.133
368,3,0.466,0.85,1.0,0.8,0.384,-0.05,-0.05,-0.1
369,8,0.799,0.9,0.767,0.45,0.151,0.0,0.283,0.9
370,8,1.0,0.95,0.534,0.1,-0.082,0.05,0.616,1.0
371,5,0.65,0.717,0.584,0.433,0.918,0.383,0.666,0.767
372,5,0.3,0.484,0.634,0.766,1.0,0.716,0.716,0.534
373,,0.25,0.434,0.584,0.716,0.95,0.666,0.666,0.484
374,,0.2,0.384,0.534,0.666,0.9,0.616,0.616,0.434
375,,0.15,0.334,0.484,0.616,0.85,0.566,0.566,0.384
376,,0.1,0.284,0.434,0.566,0.8,0.516,0.516,0.334
377,,0.05,0.234,0.384,0.516,0.75,0.466,0.466,0.284
378,,0.0,0.184,0.334,0.466,0.7,0.416,0.416,0.234
379,,-0.05,0.134,0.284,0.416,0.65,0.366,0.366,0.184
380,1,0.95,0.467,0.334,0.183,0.3,0.133,0.416,0.517
381,1,1.0,0.8,0.384,-0.05,-0.05,-0.1,0.466,0.85
382,6,0.767,0.45,0.151,0.0,0.283,0.9,0.799,0.9
383,6,0.534,0.1,-0.082,0.05,0.616,1.0,1.0,0.95
384,3,0.584,0.433,0.918,0.383,0.666,0.767,0.65,0.717
385,3,0.634,0.766,1.0,0.716,0.716,0.534,0.3,0.484
386,,0.584,0.716,0.95,0.666,0.666,0.484,0.25,0.434
387,,0.534,0.666,0.9,0.616,0.616,0.434,0.2,0.384
388,,0.484,0.616,0.85,0.566,0.566,0.384,0.15,0.334
389,,0.434,0.566,0.8,0.516,0.516,0.334,0.1,0.284
390,,0.384,0.516,0.75,0.466,0.466,0.284,0.05,0.234
391,,0.334,0.466,0.7,0.416,0.416,0.234,0.0,0.184
392,,0.284,0.416,0.65,0.366,0.366,0.184,-0.05,0.134
393,7,0.334,0.183,0.3,0.133,0.416,0.517,0.95,0.467
394,7,0.384,-0.05,-0.05,-0.1,0.466,0.85,1.0,0.8
395,4,0.151,0.0,0.283,0.9,0.799,0.9,0.767,0.45
396,4,-0.082,0.05,0.616,1.0,1.0,0.95,0.534,0.1
397,1,0.918,0.383,0.666,0.767,0.65,0.717,0.584,0.433
398,1,1.0,0.716,0.716,0.534,0.3,0.484,0.634,0.766
399,,0.95,0.666,0.666,0.484,0.25,0.434,0.584,0.716
400,,0.9,0.616,0.616,0.434,0.2,0.384,0.534,0.666
401,,0.85,0.566,0.566,0.384,0.15,0.334,0.484,0.616
402,,0.8,0.516,0.516,0.334,0.1,0.284,0.434,0.566
403,,0.75,0.466,0.466,0.284,0.05,0.234,0.384,0.516
404,,0.7,0.416,0.416,0.234,0.0,0.184,0.334,0.466
405,,0.65,0.366,0.366,0.184,-0.05,0.134,0.284,0.416
406,5,0.3,0.133,0.416,0.517,0.95,0.467,0.334,0.183
407,5,-0.05,-0.1,0.466,0.85,1.0,0.8,0.384,-0.05
408,2,0.283,0.9,0.799,0.9,0.767,0.45,0.151,0.0
409,2,0.616,1.0,1.0,0.95,0.534,0.1,-0.082,0.05
410,7,0.666,0.767,0.65,0.717,0.584,0.433,0.918,0.383
411,7,0.716,0.534,0.3,0.484,0.634,0.766,1.0,0.716
412,,0.666,0.484,0.25,0.434,0.584,0.716,0.95,0.666
413,,0.616,0.434,0.2,0.384,0.534,0.666,0.9,0.616
414,,0.566,0.384,0.15,0.334,0.484,0.616,0.85,0.566
415,,0.516,0.334,0.1,0.284,0.434,0.566,0.8,0.516
416,,0.466,0.284,0.05,0.234,0.384,0.516,0.75,0.466
417,,0.416,0.234,0.0,0.184,0.334,0.466,0.7,0.416
418,,0.366,0.184,-0.05,0.134,0.284,0.416,0.65,0.366
419,3,0.416,0.517,0.95,0.467,0.334,0.183,0.3,0.133
420,3,0.466,0.85,1.0,0.8,0.384,-0.05,-0.05,-0.1
421,8,0.799,0.9,0.767,0.45,0.151,0.0,0.283,0.9
422,8,1.0,0.95,0.534,0.1,-0.082,0.05,0.616,1.0
423,5,0.65,0.717,0.584,0.433,0.918,0.383,0.666,0.767
424,5,0.3,0.484,0.634,0.766,1.0,0.716,0.716,0.534
425,,0.25,0.434,0.584,0.716,0.95,0.666,0.666,0.484
426,,0.2,0.384,0.534,0.666,0.9,0.616,0.616,0.434
427,,0.15,0.334,0.484,0.616,0.85,0.566,0.566,0.384
428,,0.1,0.284,0.434,0.566,0.8,0.516,0.516,0.334
429,,0.05,0.234,0.384,0.516,0.75,0.466,0.466,0.284
430,,0.0,0.184,0.334,0.466,0.7,0.416,0.416,0.234
431,,-0.05,0.134,0.284,0.416,0.65,0.366,0.366,0.184
432,1,0.95,0.467,0.334,0.183,0.3,0.133,0.416,0.517
433,1,1.0,0.8,0.384,-0.05,-0.05,-0.1,0.466,0.85
434,6,0.767,0.45,0.151,0.0,0.283,0.9,0.799,0.9
435,6,0.534,0.1,-0.082,0.05,0.616,1.0,1.0,0.95
436,3,0.584,0.433,0.918,0.383,0.666,0.767,0.65,0.717
437,3,0.634,0.766,1.0,0.716,0.716,0.534,0.3,0.484
438,,0.584,0.716,0.95,0.666,0.666,0.484,0.25,0.434
439,,0.534,0.666,0.9,0.616,0.616,0.434,0.2,0.384
440,,0.484,0.616,0.85,0.566,0.566,0.384,0.15,0.334
441,,0.434,0.566,0.8,0.516,0.516,0.334,0.1,0.284
442,,0.384,0.516,0.75,0.466,0.466,0.284,0.05,0.234
443,,0.334,0.466,0.7,0.416,0.416,0.234,0.0,0.184
444,,0.284,0.416,0.65,0.366,0.366,0.184,-0.05,0.134
445,7,0.334,0.183,0.3,0.133,0.416,0.517,0.95,0.467
446,7,0.384,-0.05,-0.05,-0.1,0.466,0.85,1.0,0.8
447,4,0.151,0.0,0.283,0.9,0.799,0.9,0.767,0.45
448,4,-0.082,0.05,0.616,1.0,1.0,0.95,0.534,0.1
449,1,0.918,0.383,0.666,0.767,0.65,0.717,0.584,0.433
450,1,1.0,0.716,0.716,0.534,0.3,0.484,0.634,0.766
451,,0.95,0.666,0.666,0.484,0.25,0.434,0.584,0.716
452,,0.9,0.616,0.616,0.434,0.2,0.384,0.534,0.666
453,,0.85,0.566,0.566,0.384,0.15,0.334,0.484,0.616
454,,0.8,0.516,0.516,0.334,0.1,0.284,0.434,0.566
455,,0.75,0.466,0.466,0.284,0.05,0.234,0.384,0.516
456,,0.7,0.416,0.416,0.234,0.0,0.184,0.334,0.466
457,,0.65,0.366,0.366,0.184,-0.05,0.134,0.284,0.416
458,5,0.3,0.133,0.416,0.517,0.95,0.467,0.334,0.183
459,5,-0.05,-0.1,0.466,0.85,1.0,0.8,0.384,-0.05
460,2,0.283,0.9,0.799,0.9,0.767,0.45,0.151,0.0
461,2,0.616,1.0,1.0,0.95,0.534,0.1,-0.082,0.05
462,7,0.666,0.767,0.65,0.717,0.584,0.433,0.918,0.383
463,7,0.716,0.534,0.3,0.484,0.634,0.766,1.0,0.716
464,,0.666,0.484,0.25,0.434,0.584,0.716,0.95,0.666
465,,0.616,0.434,0.2,0.384,0.534,0.666,0.9,0.616
466,,0.566,0.384,0.15,0.334,0.484,0.616,0.85,0.566
467,,0.516,0.334,0.1,0.284,0.434,0.566,0.8,0.516
468,,0.466,0.284,0.05,0.234,0.384,0.516,0.75,0.466
469,,0.416,0.234,0.0,0.184,0.334,0.466,0.7,0.416
470,,0.366,0.184,-0.05,0.134,0.284,0.416,0.65,0.366
471,3,0.416,0.517,0.95,0.467,0.334,0.183,0.3,0.133
472,3,0.466,0.85,1.0,0.8,0.384,-0.05,-0.05,-0.1
473,8,0.799,0.9,0.767,0.45,0.151,0.0,0.283,0.9
474,8,1.0,0.95,0.534,0.1,-0.082,0.05,0.616,1.0
475,5,0.65,0.717,0.584,0.433,0.918,0.383,0.666,0.767
476,5,0.3,0.484,0.634,0.766,1.0,0.716,0.716,0.534
477,,0.25,0.434,0.584,0.716,0.95,0.666,0.666,0.484
478,,0.2,0.384,0.534,0.666,0.9,0.616,0.616,0.434
479,,0.15,0.334,0.484,0.616,0.85,0.566,0.566,0.384
480,,0.1,0.284,0.434,0.566,0.8,0.516,0.516,0.334
481,,0.05,0.234,0.384,0.516,0.75,0.466,0.466,0.284
482,,0.0,0.184,0.334,0.466,0.7,0.416,0.416,0.234
483,,-0.05,0.134,0.284,0.416,0.65,0.366,0.366,0.184
484,1,0.95,0.467,0.334,0.183,0.3,0.133,0.416,0.517
485,1,1.0,0.8,0.384,-0.05,-0.05,-0.1,0.466,0.85
486,6,0.767,0.45,0.151,0.0,0.283,0.9,0.799,0.9
487,6,0.534,0.1,-0.082,0.05,0.616,1.0,1.0,0.95
488,3,0.584,0.433,0.918,0.383,0.666,0.767,0.65,0.717
489,3,0.634,0.766,1.0,0.716,0.716,0.534,0.3,0.484
490,,0.584,0.716,0.95,0.666,0.666,0.484,0.25,0.434
491,,0.534,0.666,0.9,0.616,0.616,0.434,0.2,0.384
492,,0.484,0.616,0.85,0.566,0.566,0.384,0.15,0.334
493,,0.434,0.566,0.8,0.516,0.516,0.334,0.1,0.284
494,,0.384,0.516,0.75,0.466,0.466,0.284,0.05,0.234
495,,0.334,0.466,0.7,0.416,0.416,0.234,0.0,0.184
496,,0.284,0.416,0.65,0.366,0.366,0.184,-0.05,0.134
497,7,0.334,0.183,0.3,0.133,0.416,0.517,0.95,0.467
498,7,0.384,-0.05,-0.05,-0.1,0.466,0.85,1.0,0.8
499,4,0.151,0.0,0.283,0.9,0.799,0.9,0.767,0.45
