step,active_motive,motive_1,motive_2,motive_3,motive_4,motive_5,motive_6,motive_7,motive_8
0,,0.41032,0.31297,0.41021,0.32574,0.10334,0.13698,0.10729,0.18863
1,,0.36032,0.26297,0.36021,0.27574,0.05334,0.08698,0.05729,0.13863
2,,0.31032,0.21297,0.31021,0.22574,0.00334,0.03698,0.00729,0.08863
3,,0.26032,0.16297,0.26021,0.17574,-0.04666,-0.01302,-0.04271,0.03863
4,5,-0.08968,-0.07003,0.31021,0.50874,0.95334,0.31998,0.00729,-0.19437
5,5,-0.43968,-0.30303,0.36021,0.84174,1.0,0.65298,0.05729,-0.42737
6,1,0.56032,0.02997,0.41021,0.60874,0.65,0.41998,0.10729,-0.09437
7,1,1.0,0.36297,0.46021,0.37574,0.3,0.18698,0.15729,0.23863
8,,0.95,0.31297,0.41021,0.32574,0.25,0.13698,0.10729,0.18863
9,,0.9,0.26297,0.36021,0.27574,0.2,0.08698,0.05729,0.13863
10,,0.85,0.21297,0.31021,0.22574,0.15,0.03698,0.00729,0.08863
11,,0.8,0.16297,0.26021,0.17574,0.1,-0.01302,-0.04271,0.03863
12,7,0.85,-0.07003,-0.08979,-0.05726,0.15,0.31998,0.95729,0.37163
13,7,0.9,-0.30303,-0.43979,-0.29026,0.2,0.65298,1.0,0.70463
14,3,0.95,0.02997,0.56021,0.04274,0.25,0.41998,0.65,0.47163
15,3,1.0,0.36297,1.0,0.37574,0.3,0.18698,0.3,0.23863
16,,0.95,0.31297,0.95,0.32574,0.25,0.13698,0.25,0.18863
17,,0.9,0.26297,0.9,0.27574,0.2,0.08698,0.2,0.13863
18,,0.85,0.21297,0.85,0.22574,0.15,0.03698,0.15,0.08863
19,,0.8,0.16297,0.8,0.17574,0.1,-0.01302,0.1,0.03863
20,6,0.567,-0.18703,0.567,0.22574,0.433,0.98698,0.433,0.08863
21,6,0.334,-0.53703,0.334,0.27574,0.766,1.0,0.766,0.13863
22,2,0.667,0.46297,0.667,0.32574,0.533,0.65,0.533,0.18863
23,2,1.0,1.0,1.0,0.37574,0.3,0.3,0.3,0.23863
24,,0.95,0.95,0.95,0.32574,0.25,0.25,0.25,0.18863
25,,0.9,0.9,0.9,0.27574,0.2,0.2,0.2,0.13863
26,,0.85,0.85,0.85,0.22574,0.15,0.15,0.15,0.08863
27,,0.8,0.8,0.8,0.17574,0.1,0.1,0.1,0.03863
28,,0.75,0.75,0.75,0.12574,0.05,0.05,0.05,-0.01137
29,8,1.0,0.8,0.517,-0.22426,-0.183,0.1,0.383,0.98863
30,8,1.0,0.85,0.284,-0.57426,-0.416,0.15,0.716,1.0
31,4,0.767,0.9,0.617,0.42574,-0.083,0.2,0.483,0.65
32,4,0.534,0.95,0.95,1.0,0.25,0.25,0.25,0.3
33,,0.484,0.9,0.9,0.95,0.2,0.2,0.2,0.25
34,,0.434,0.85,0.85,0.9,0.15,0.15,0.15,0.2
35,,0.384,0.8,0.8,0.85,0.1,0.1,0.1,0.15
36,,0.334,0.75,0.75,0.8,0.05,0.05,0.05,0.1
37,,0.284,0.7,0.7,0.75,0.0,0.0,0.0,0.05
38,,0.234,0.65,0.65,0.7,-0.05,-0.05,-0.05,0.0
39,5,-0.116,0.417,0.7,1.0,0.95,0.283,0.0,-0.233
40,5,-0.466,0.184,0.75,1.0,1.0,0.616,0.05,-0.466
41,1,0.534,0.517,0.8,0.767,0.65,0.383,0.1,-0.133
42,1,1.0,0.85,0.85,0.534,0.3,0.15,0.15,0.2
43,,0.95,0.8,0.8,0.484,0.25,0.1,0.1,0.15
44,,0.9,0.75,0.75,0.434,0.2,0.05,0.05,0.1
45,,0.85,0.7,0.7,0.384,0.15,0.0,0.0,0.05
46,,0.8,0.65,0.65,0.334,0.1,-0.05,-0.05,0.0
47,7,0.85,0.417,0.3,0.101,0.15,0.283,0.95,0.333
48,7,0.9,0.184,-0.05,-0.132,0.2,0.616,1.0,0.666
49,4,0.667,0.234,0.283,0.868,0.533,0.666,0.767,0.316
50,4,0.434,0.284,0.616,1.0,0.866,0.716,0.534,-0.034
51,8,0.767,0.334,0.383,0.65,0.633,0.766,0.867,0.966
52,8,1.0,0.384,0.15,0.3,0.4,0.816,1.0,1.0
53,,0.95,0.334,0.1,0.25,0.35,0.766,0.95,0.95
54,,0.9,0.284,0.05,0.2,0.3,0.716,0.9,0.9
55,,0.85,0.234,0.0,0.15,0.25,0.666,0.85,0.85
56,,0.8,0.184,-0.05,0.1,0.2,0.616,0.8,0.8
57,3,0.85,0.517,0.95,0.433,0.25,0.383,0.45,0.567
58,3,0.9,0.85,1.0,0.766,0.3,0.15,0.1,0.334
59,,0.85,0.8,0.95,0.716,0.25,0.1,0.05,0.284
60,,0.8,0.75,0.9,0.666,0.2,0.05,0.0,0.234
61,,0.75,0.7,0.85,0.616,0.15,0.0,-0.05,0.184
62,7,0.8,0.467,0.5,0.383,0.2,0.333,0.95,0.517
63,7,0.85,0.234,0.15,0.15,0.25,0.666,1.0,0.85
64,,0.8,0.184,0.1,0.1,0.2,0.616,0.95,0.8
65,,0.75,0.134,0.05,0.05,0.15,0.566,0.9,0.75
66,,0.7,0.084,0.0,0.0,0.1,0.516,0.85,0.7
67,,0.65,0.034,-0.05,-0.05,0.05,0.466,0.8,0.65
68,3,0.7,0.367,0.95,0.283,0.1,0.233,0.45,0.417
69,3,0.75,0.7,1.0,0.616,0.15,0.0,0.1,0.184
70,,0.7,0.65,0.95,0.566,0.1,-0.05,0.05,0.134
71,6,0.467,0.3,0.717,0.616,0.433,0.95,0.383,0.184
72,6,0.234,-0.05,0.484,0.666,0.766,1.0,0.716,0.234
73,2,0.567,0.95,0.817,0.716,0.533,0.65,0.483,0.284
74,2,0.9,1.0,1.0,0.766,0.3,0.3,0.25,0.334
75,,0.85,0.95,0.95,0.716,0.25,0.25,0.2,0.284
76,,0.8,0.9,0.9,0.666,0.2,0.2,0.15,0.234
77,,0.75,0.85,0.85,0.616,0.15,0.15,0.1,0.184
78,,0.7,0.8,0.8,0.566,0.1,0.1,0.05,0.134
79,,0.65,0.75,0.75,0.516,0.05,0.05,0.0,0.084
80,,0.6,0.7,0.7,0.466,0.0,0.0,-0.05,0.034
81,7,0.65,0.467,0.35,0.233,0.05,0.333,0.95,0.367
82,7,0.7,0.234,-0.0,0.0,0.1,0.666,1.0,0.7
83,,0.65,0.184,-0.05,-0.05,0.05,0.616,0.95,0.65
84,3,0.7,0.517,0.95,0.283,0.1,0.383,0.6,0.417
85,3,0.75,0.85,1.0,0.616,0.15,0.15,0.25,0.184
86,,0.7,0.8,0.95,0.566,0.1,0.1,0.2,0.134
87,,0.65,0.75,0.9,0.516,0.05,0.05,0.15,0.084
88,,0.6,0.7,0.85,0.466,0.0,0.0,0.1,0.034
89,,0.55,0.65,0.8,0.416,-0.05,-0.05,0.05,-0.016
90,5,0.2,0.417,0.85,0.749,0.95,0.283,0.1,-0.249
91,5,-0.15,0.184,0.9,1.0,1.0,0.616,0.15,-0.482
92,8,0.183,0.234,0.667,0.65,0.767,0.666,0.483,0.518
93,8,0.516,0.284,0.434,0.3,0.534,0.716,0.816,1.0
94,,0.466,0.234,0.384,0.25,0.484,0.666,0.766,0.95
95,,0.416,0.184,0.334,0.2,0.434,0.616,0.716,0.9
96,,0.366,0.134,0.284,0.15,0.384,0.566,0.666,0.85
97,,0.316,0.084,0.234,0.1,0.334,0.516,0.616,0.8
98,,0.266,0.034,0.184,0.05,0.284,0.466,0.566,0.75
99,,0.216,-0.016,0.134,0.0,0.234,0.416,0.516,0.7
100,2,0.549,0.984,0.467,0.05,0.001,0.066,0.283,0.75
101,2,0.882,1.0,0.8,0.1,-0.232,-0.284,0.05,0.8
102,6,0.649,0.65,0.567,0.15,0.101,0.716,0.383,0.85
103,6,0.416,0.3,0.334,0.2,0.434,1.0,0.716,0.9
104,,0.366,0.25,0.284,0.15,0.384,0.95,0.666,0.85
105,,0.316,0.2,0.234,0.1,0.334,0.9,0.616,0.8
106,,0.266,0.15,0.184,0.05,0.284,0.85,0.566,0.75
107,,0.216,0.1,0.134,0.0,0.234,0.8,0.516,0.7
108,,0.166,0.05,0.084,-0.05,0.184,0.75,0.466,0.65
109,4,-0.067,0.1,0.417,0.95,0.517,0.8,0.233,0.3
110,4,-0.3,0.15,0.75,1.0,0.85,0.85,0.0,-0.05
111,1,0.7,0.483,0.8,0.767,0.5,0.617,0.05,0.283
112,1,1.0,0.816,0.85,0.534,0.15,0.384,0.1,0.616
113,,0.95,0.766,0.8,0.484,0.1,0.334,0.05,0.566
114,,0.9,0.716,0.75,0.434,0.05,0.284,0.0,0.516
115,,0.85,0.666,0.7,0.384,0.0,0.234,-0.05,0.466
116,7,0.9,0.433,0.35,0.151,0.05,0.567,0.95,0.799
117,7,0.95,0.2,-0.0,-0.082,0.1,0.9,1.0,1.0
118,4,0.717,0.25,0.333,0.918,0.433,0.95,0.767,0.65
119,4,0.484,0.3,0.666,1.0,0.766,1.0,0.534,0.3
120,,0.434,0.25,0.616,0.95,0.716,0.95,0.484,0.25
121,,0.384,0.2,0.566,0.9,0.666,0.9,0.434,0.2
122,,0.334,0.15,0.516,0.85,0.616,0.85,0.384,0.15
123,,0.284,0.1,0.466,0.8,0.566,0.8,0.334,0.1
124,,0.234,0.05,0.416,0.75,0.516,0.75,0.284,0.05
125,,0.184,0.0,0.366,0.7,0.466,0.7,0.234,0.0
126,,0.134,-0.05,0.316,0.65,0.416,0.65,0.184,-0.05
127,8,0.467,0.0,0.083,0.3,0.183,0.7,0.517,0.95
128,8,0.8,0.05,-0.15,-0.05,-0.05,0.75,0.85,1.0
129,3,0.85,0.383,0.85,0.283,0.0,0.517,0.5,0.767
130,3,0.9,0.716,1.0,0.616,0.05,0.284,0.15,0.534
131,,0.85,0.666,0.95,0.566,0.0,0.234,0.1,0.484
132,,0.8,0.616,0.9,0.516,-0.05,0.184,0.05,0.434
133,5,0.45,0.383,0.95,0.849,0.95,0.517,0.1,0.201
134,5,0.1,0.15,1.0,1.0,1.0,0.85,0.15,-0.032
135,8,0.433,0.2,0.767,0.65,0.767,0.9,0.483,0.968
136,8,0.766,0.25,0.534,0.3,0.534,0.95,0.816,1.0
137,,0.716,0.2,0.484,0.25,0.484,0.9,0.766,0.95
138,,0.666,0.15,0.434,0.2,0.434,0.85,0.716,0.9
139,,0.616,0.1,0.384,0.15,0.384,0.8,0.666,0.85
140,,0.566,0.05,0.334,0.1,0.334,0.75,0.616,0.8
141,,0.516,0.0,0.284,0.05,0.284,0.7,0.566,0.75
142,,0.466,-0.05,0.234,0.0,0.234,0.65,0.516,0.7
143,2,0.799,0.95,0.567,0.05,0.001,0.3,0.283,0.75
144,2,1.0,1.0,0.9,0.1,-0.232,-0.05,0.05,0.8
145,5,0.65,0.767,0.95,0.433,0.768,0.283,0.1,0.567
146,5,0.3,0.534,1.0,0.766,1.0,0.616,0.15,0.334
147,,0.25,0.484,0.95,0.716,0.95,0.566,0.1,0.284
148,,0.2,0.434,0.9,0.666,0.9,0.516,0.05,0.234
149,,0.15,0.384,0.85,0.616,0.85,0.466,0.0,0.184
150,,0.1,0.334,0.8,0.566,0.8,0.416,-0.05,0.134
151,7,0.15,0.101,0.45,0.333,0.85,0.749,0.95,0.467
152,7,0.2,-0.132,0.1,0.1,0.9,1.0,1.0,0.8
153,2,0.533,0.868,0.433,0.15,0.667,0.65,0.767,0.85
154,2,0.866,1.0,0.766,0.2,0.434,0.3,0.534,0.9
155,,0.816,0.95,0.716,0.15,0.384,0.25,0.484,0.85
156,,0.766,0.9,0.666,0.1,0.334,0.2,0.434,0.8
157,,0.716,0.85,0.616,0.05,0.284,0.15,0.384,0.75
158,,0.666,0.8,0.566,0.0,0.234,0.1,0.334,0.7
159,,0.616,0.75,0.516,-0.05,0.184,0.05,0.284,0.65
160,4,0.383,0.8,0.849,0.95,0.517,0.1,0.051,0.3
161,4,0.15,0.85,1.0,1.0,0.85,0.15,-0.182,-0.05
162,7,0.2,0.617,0.65,0.767,0.9,0.483,0.818,0.283
163,7,0.25,0.384,0.3,0.534,0.95,0.816,1.0,0.616
164,,0.2,0.334,0.25,0.484,0.9,0.766,0.95,0.566
165,,0.15,0.284,0.2,0.434,0.85,0.716,0.9,0.516
166,,0.1,0.234,0.15,0.384,0.8,0.666,0.85,0.466
167,,0.05,0.184,0.1,0.334,0.75,0.616,0.8,0.416
168,,0.0,0.134,0.05,0.284,0.7,0.566,0.75,0.366
169,,-0.05,0.084,0.0,0.234,0.65,0.516,0.7,0.316
170,1,0.95,0.417,0.05,0.001,0.3,0.283,0.75,0.649
171,1,1.0,0.75,0.1,-0.232,-0.05,0.05,0.8,0.982
172,4,0.767,0.8,0.433,0.768,0.283,0.1,0.567,0.632
173,4,0.534,0.85,0.766,1.0,0.616,0.15,0.334,0.282
174,,0.484,0.8,0.716,0.95,0.566,0.1,0.284,0.232
175,,0.434,0.75,0.666,0.9,0.516,0.05,0.234,0.182
176,,0.384,0.7,0.616,0.85,0.466,0.0,0.184,0.132
177,,0.334,0.65,0.566,0.8,0.416,-0.05,0.134,0.082
178,6,0.101,0.3,0.333,0.85,0.749,0.95,0.467,0.132
179,6,-0.132,-0.05,0.1,0.9,1.0,1.0,0.8,0.182
180,1,0.868,0.283,0.15,0.667,0.65,0.767,0.85,0.515
181,1,1.0,0.616,0.2,0.434,0.3,0.534,0.9,0.848
182,,0.95,0.566,0.15,0.384,0.25,0.484,0.85,0.798
183,,0.9,0.516,0.1,0.334,0.2,0.434,0.8,0.748
184,,0.85,0.466,0.05,0.284,0.15,0.384,0.75,0.698
185,,0.8,0.416,0.0,0.234,0.1,0.334,0.7,0.648
186,,0.75,0.366,-0.05,0.184,0.05,0.284,0.65,0.598
187,3,0.8,0.699,0.95,0.517,0.1,0.051,0.3,0.365
188,3,0.85,1.0,1.0,0.85,0.15,-0.182,-0.05,0.132
189,6,0.617,0.65,0.767,0.9,0.483,0.818,0.283,0.182
190,6,0.384,0.3,0.534,0.95,0.816,1.0,0.616,0.232
191,,0.334,0.25,0.484,0.9,0.766,0.95,0.566,0.182
192,,0.284,0.2,0.434,0.85,0.716,0.9,0.516,0.132
193,,0.234,0.15,0.384,0.8,0.666,0.85,0.466,0.082
194,,0.184,0.1,0.334,0.75,0.616,0.8,0.416,0.032
195,,0.134,0.05,0.284,0.7,0.566,0.75,0.366,-0.018
196,8,0.467,0.1,0.051,0.35,0.333,0.8,0.699,0.982
197,8,0.8,0.15,-0.182,-0.0,0.1,0.85,1.0,1.0
198,3,0.85,0.483,0.818,0.333,0.15,0.617,0.65,0.767
199,3,0.9,0.816,1.0,0.666,0.2,0.384,0.3,0.534
200,,0.85,0.766,0.95,0.616,0.15,0.334,0.25,0.484
201,,0.8,0.716,0.9,0.566,0.1,0.284,0.2,0.434
202,,0.75,0.666,0.85,0.516,0.05,0.234,0.15,0.384
203,,0.7,0.616,0.8,0.466,0.0,0.184,0.1,0.334
204,,0.65,0.566,0.75,0.416,-0.05,0.134,0.05,0.284
205,5,0.3,0.333,0.8,0.749,0.95,0.467,0.1,0.051
206,5,-0.05,0.1,0.85,1.0,1.0,0.8,0.15,-0.182
207,8,0.283,0.15,0.617,0.65,0.767,0.85,0.483,0.818
208,8,0.616,0.2,0.384,0.3,0.534,0.9,0.816,1.0
209,,0.566,0.15,0.334,0.25,0.484,0.85,0.766,0.95
210,,0.516,0.1,0.284,0.2,0.434,0.8,0.716,0.9
211,,0.466,0.05,0.234,0.15,0.384,0.75,0.666,0.85
212,,0.416,0.0,0.184,0.1,0.334,0.7,0.616,0.8
213,,0.366,-0.05,0.134,0.05,0.284,0.65,0.566,0.75
214,2,0.699,0.95,0.467,0.1,0.051,0.3,0.333,0.8
215,2,1.0,1.0,0.8,0.15,-0.182,-0.05,0.1,0.85
216,5,0.65,0.767,0.85,0.483,0.818,0.283,0.15,0.617
217,5,0.3,0.534,0.9,0.816,1.0,0.616,0.2,0.384
218,,0.25,0.484,0.85,0.766,0.95,0.566,0.15,0.334
219,,0.2,0.434,0.8,0.716,0.9,0.516,0.1,0.284
220,,0.15,0.384,0.75,0.666,0.85,0.466,0.05,0.234
221,,0.1,0.334,0.7,0.616,0.8,0.416,0.0,0.184
222,,0.05,0.284,0.65,0.566,0.75,0.366,-0.05,0.134
223,7,0.1,0.051,0.3,0.333,0.8,0.699,0.95,0.467
224,7,0.15,-0.182,-0.05,0.1,0.85,1.0,1.0,0.8
225,2,0.483,0.818,0.283,0.15,0.617,0.65,0.767,0.85
226,2,0.816,1.0,0.616,0.2,0.384,0.3,0.534,0.9
227,,0.766,0.95,0.566,0.15,0.334,0.25,0.484,0.85
228,,0.716,0.9,0.516,0.1,0.284,0.2,0.434,0.8
229,,0.666,0.85,0.466,0.05,0.234,0.15,0.384,0.75
230,,0.616,0.8,0.416,0.0,0.184,0.1,0.334,0.7
231,,0.566,0.75,0.366,-0.05,0.134,0.05,0.284,0.65
232,4,0.333,0.8,0.699,0.95,0.467,0.1,0.051,0.3
233,4,0.1,0.85,1.0,1.0,0.8,0.15,-0.182,-0.05
234,7,0.15,0.617,0.65,0.767,0.85,0.483,0.818,0.283
235,7,0.2,0.384,0.3,0.534,0.9,0.816,1.0,0.616
236,,0.15,0.334,0.25,0.484,0.85,0.766,0.95,0.566
237,,0.1,0.284,0.2,0.434,0.8,0.716,0.9,0.516
238,,0.05,0.234,0.15,0.384,0.75,0.666,0.85,0.466
239,,0.0,0.184,0.1,0.334,0.7,0.616,0.8,0.416
240,,-0.05,0.134,0.05,0.284,0.65,0.566,0.75,0.366
241,1,0.95,0.467,0.1,0.051,0.3,0.333,0.8,0.699
242,1,1.0,0.8,0.15,-0.182,-0.05,0.1,0.85,1.0
243,4,0.767,0.85,0.483,0.818,0.283,0.15,0.617,0.65
244,4,0.534,0.9,0.816,1.0,0.616,0.2,0.384,0.3
245,,0.484,0.85,0.766,0.95,0.566,0.15,0.334,0.25
246,,0.434,0.8,0.716,0.9,0.516,0.1,0.284,0.2
247,,0.384,0.75,0.666,0.85,0.466,0.05,0.234,0.15
248,,0.334,0.7,0.616,0.8,0.416,0.0,0.184,0.1
249,,0.284,0.65,0.566,0.75,0.366,-0.05,0.134,0.05
250,6,0.051,0.3,0.333,0.8,0.699,0.95,0.467,0.1
251,6,-0.182,-0.05,0.1,0.85,1.0,1.0,0.8,0.15
252,1,0.818,0.283,0.15,0.617,0.65,0.767,0.85,0.483
253,1,1.0,0.616,0.2,0.384,0.3,0.534,0.9,0.816
254,,0.95,0.566,0.15,0.334,0.25,0.484,0.85,0.766
255,,0.9,0.516,0.1,0.284,0.2,0.434,0.8,0.716
256,,0.85,0.466,0.05,0.234,0.15,0.384,0.75,0.666
257,,0.8,0.416,0.0,0.184,0.1,0.334,0.7,0.616
258,,0.75,0.366,-0.05,0.134,0.05,0.284,0.65,0.566
259,3,0.8,0.699,0.95,0.467,0.1,0.051,0.3,0.333
260,3,0.85,1.0,1.0,0.8,0.15,-0.182,-0.05,0.1
261,6,0.617,0.65,0.767,0.85,0.483,0.818,0.283,0.15
262,6,0.384,0.3,0.534,0.9,0.816,1.0,0.616,0.2
263,,0.334,0.25,0.484,0.85,0.766,0.95,0.566,0.15
264,,0.284,0.2,0.434,0.8,0.716,0.9,0.516,0.1
265,,0.234,0.15,0.384,0.75,0.666,0.85,0.466,0.05
266,,0.184,0.1,0.334,0.7,0.616,0.8,0.416,0.0
267,,0.134,0.05,0.284,0.65,0.566,0.75,0.366,-0.05
268,8,0.467,0.1,0.051,0.3,0.333,0.8,0.699,0.95
269,8,0.8,0.15,-0.182,-0.05,0.1,0.85,1.0,1.0
270,3,0.85,0.483,0.818,0.283,0.15,0.617,0.65,0.767
271,3,0.9,0.816,1.0,0.616,0.2,0.384,0.3,0.534
272,,0.85,0.766,0.95,0.566,0.15,0.334,0.25,0.484
273,,0.8,0.716,0.9,0.516,0.1,0.284,0.2,0.434
274,,0.75,0.666,0.85,0.466,0.05,0.234,0.15,0.384
275,,0.7,0.616,0.8,0.416,0.0,0.184,0.1,0.334
276,,0.65,0.566,0.75,0.366,-0.05,0.134,0.05,0.284
277,5,0.3,0.333,0.8,0.699,0.95,0.467,0.1,0.051
278,5,-0.05,0.1,0.85,1.0,1.0,0.8,0.15,-0.182
279,8,0.283,0.15,0.617,0.65,0.767,0.85,0.483,0.818
280,8,0.616,0.2,0.384,0.3,0.534,0.9,0.816,1.0
281,,0.566,0.15,0.334,0.25,0.484,0.85,0.766,0.95
282,,0.516,0.1,0.284,0.2,0.434,0.8,0.716,0.9
283,,0.466,0.05,0.234,0.15,0.384,0.75,0.666,0.85
284,,0.416,0.0,0.184,0.1,0.334,0.7,0.616,0.8
285,,0.366,-0.05,0.134,0.05,0.284,0.65,0.566,0.75
286,2,0.699,0.95,0.467,0.1,0.051,0.3,0.333,0.8
287,2,1.0,1.0,0.8,0.15,-0.182,-0.05,0.1,0.85
288,5,0.65,0.767,0.85,0.483,0.818,0.283,0.15,0.617
289,5,0.3,0.534,0.9,0.816,1.0,0.616,0.2,0.384
290,,0.25,0.484,0.85,0.766,0.95,0.566,0.15,0.334
291,,0.2,0.434,0.8,0.716,0.9,0.516,0.1,0.284
292,,0.15,0.384,0.75,0.666,0.85,0.466,0.05,0.234
293,,0.1,0.334,0.7,0.616,0.8,0.416,0.0,0.184
294,,0.05,0.284,0.65,0.566,0.75,0.366,-0.05,0.134
295,7,0.1,0.051,0.3,0.333,0.8,0.699,0.95,0.467
296,7,0.15,-0.182,-0.05,0.1,0.85,1.0,1.0,0.8
297,2,0.483,0.818,0.283,0.15,0.617,0.65,0.767,0.85
298,2,0.816,1.0,0.616,0.2,0.384,0.3,0.534,0.9
299,,0.766,0.95,0.566,0.15,0.334,0.25,0.484,0.85
300,,0.716,0.9,0.516,0.1,0.284,0.2,0.434,0.8
301,,0.666,0.85,0.466,0.05,0.234,0.15,0.384,0.75
302,,0.616,0.8,0.416,0.0,0.184,0.1,0.334,0.7
303,,0.566,0.75,0.366,-0.05,0.134,0.05,0.284,0.65
304,4,0.333,0.8,0.699,0.95,0.467,0.1,0.051,0.3
305,4,0.1,0.85,1.0,1.0,0.8,0.15,-0.182,-0.05
306,7,0.15,0.617,0.65,0.767,0.85,0.483,0.818,0.283
307,7,0.2,0.384,0.3,0.534,0.9,0.816,1.0,0.616
308,,0.15,0.334,0.25,0.484,0.85,0.766,0.95,0.566
309,,0.1,0.284,0.2,0.434,0.8,0.716,0.9,0.516
310,,0.05,0.234,0.15,0.384,0.75,0.666,0.85,0.466
311,,0.0,0.184,0.1,0.334,0.7,0.616,0.8,0.416
312,,-0.05,0.134,0.05,0.284,0.65,0.566,0.75,0.366
313,1,0.95,0.467,0.1,0.051,0.3,0.333,0.8,0.699
314,1,1.0,0.8,0.15,-0.182,-0.05,0.1,0.85,1.0
315,4,0.767,0.85,0.483,0.818,0.283,0.15,0.617,0.65
316,4,0.534,0.9,0.816,1.0,0.616,0.2,0.384,0.3
317,,0.484,0.85,0.766,0.95,0.566,0.15,0.334,0.25
318,,0.434,0.8,0.716,0.9,0.516,0.1,0.284,0.2
319,,0.384,0.75,0.666,0.85,0.466,0.05,0.234,0.15
320,,0.334,0.7,0.616,0.8,0.416,0.0,0.184,0.1
321,,0.284,0.65,0.566,0.75,0.366,-0.05,0.134,0.05
322,6,0.051,0.3,0.333,0.8,0.699,0.95,0.467,0.1
323,6,-0.182,-0.05,0.1,0.85,1.0,1.0,0.8,0.15
324,1,0.818,0.283,0.15,0.617,0.65,0.767,0.85,0.483
325,1,1.0,0.616,0.2,0.384,0.3,0.534,0.9,0.816
326,,0.95,0.566,0.15,0.334,0.25,0.484,0.85,0.766
327,,0.9,0.516,0.1,0.284,0.2,0.434,0.8,0.716
328,,0.85,0.466,0.05,0.234,0.15,0.384,0.75,0.666
329,,0.8,0.416,0.0,0.184,0.1,0.334,0.7,0.616
330,,0.75,0.366,-0.05,0.134,0.05,0.284,0.65,0.566
331,3,0.8,0.699,0.95,0.467,0.1,0.051,0.3,0.333
332,3,0.85,1.0,1.0,0.8,0.15,-0.182,-0.05,0.1
333,6,0.617,0.65,0.767,0.85,0.483,0.818,0.283,0.15
334,6,0.384,0.3,0.534,0.9,0.816,1.0,0.616,0.2
335,,0.334,0.25,0.484,0.85,0.766,0.95,0.566,0.15
336,,0.284,0.2,0.434,0.8,0.716,0.9,0.516,0.1
337,,0.234,0.15,0.384,0.75,0.666,0.85,0.466,0.05
338,,0.184,0.1,0.334,0.7,0.616,0.8,0.416,0.0
339,,0.134,0.05,0.284,0.65,0.566,0.75,0.366,-0.05
340,8,0.467,0.1,0.051,0.3,0.333,0.8,0.699,0.95
341,8,0.8,0.15,-0.182,-0.05,0.1,0.85,1.0,1.0
342,3,0.85,0.483,0.818,0.283,0.15,0.617,0.65,0.767
343,3,0.9,0.816,1.0,0.616,0.2,0.384,0.3,0.534
344,,0.85,0.766,0.95,0.566,0.15,0.334,0.25,0.484
345,,0.8,0.716,0.9,0.516,0.1,0.284,0.2,0.434
346,,0.75,0.666,0.85,0.466,0.05,0.234,0.15,0.384
347,,0.7,0.616,0.8,0.416,0.0,0.184,0.1,0.334
348,,0.65,0.566,0.75,0.366,-0.05,0.134,0.05,0.284
349,5,0.3,0.333,0.8,0.699,0.95,0.467,0.1,0.051
350,5,-0.05,0.1,0.85,1.0,1.0,0.8,0.15,-0.182
351,8,0.283,0.15,0.617,0.65,0.767,0.85,0.483,0.818
352,8,0.616,0.2,0.384,0.3,0.534,0.9,0.816,1.0
353,,0.566,0.15,0.334,0.25,0.484,0.85,0.766,0.95
354,,0.516,0.1,0.284,0.2,0.434,0.8,0.716,0.9
355,,0.466,0.05,0.234,0.15,0.384,0.75,0.666,0.85
356,,0.416,0.0,0.184,0.1,0.334,0.7,0.616,0.8
357,,0.366,-0.05,0.134,0.05,0.284,0.65,0.566,0.75
358,2,0.699,0.95,0.467,0.1,0.051,0.3,0.333,0.8
359,2,1.0,1.0,0.8,0.15,-0.182,-0.05,0.1,0.85
360,5,0.65,0.767,0.85,0.483,0.818,0.283,0.15,0.617
361,5,0.3,0.534,0.9,0.816,1.0,0.616,0.2,0.384
362,,0.25,0.484,0.85,0.766,0.95,0.566,0.15,0.334
363,,0.2,0.434,0.8,0.716,0.9,0.516,0.1,0.284
364,,0.15,0.384,0.75,0.666,0.85,0.466,0.05,0.234
365,,0.1,0.334,0.7,0.616,0.8,0.416,0.0,0.184
366,,0.05,0.284,0.65,0.566,0.75,0.366,-0.05,0.134
367,7,0.1,0.051,0.3,0.333,0.8,0.699,0.95,0.467
368,7,0.15,-0.182,-0.05,0.1,0.85,1.0,1.0,0.8
369,2,0.483,0.818,0.283,0.15,0.617,0.65,0.767,0.85
370,2,0.816,1.0,0.616,0.2,0.384,0.3,0.534,0.9
371,,0.766,0.95,0.566,0.15,0.334,0.25,0.484,0.85
372,,0.716,0.9,0.516,0.1,0.284,0.2,0.434,0.8
373,,0.666,0.85,0.466,0.05,0.234,0.15,0.384,0.75
374,,0.616,0.8,0.416,0.0,0.184,0.1,0.334,0.7
375,,0.566,0.75,0.366,-0.05,0.134,0.05,0.284,0.65
376,4,0.333,0.8,0.699,0.95,0.467,0.1,0.051,0.3
377,4,0.1,0.85,1.0,1.0,0.8,0.15,-0.182,-0.05
378,7,0.15,0.617,0.65,0.767,0.85,0.483,0.818,0.283
379,7,0.2,0.384,0.3,0.534,0.9,0.816,1.0,0.616
380,,0.15,0.334,0.25,0.484,0.85,0.766,0.95,0.566
381,,0.1,0.284,0.2,0.434,0.8,0.716,0.9,0.516
382,,0.05,0.234,0.15,0.384,0.75,0.666,0.85,0.466
383,,0.0,0.184,0.1,0.334,0.7,0.616,0.8,0.416
384,,-0.05,0.134,0.05,0.284,0.65,0.566,0.75,0.366
385,1,0.95,0.467,0.1,0.051,0.3,0.333,0.8,0.699
386,1,1.0,0.8,0.15,-0.182,-0.05,0.1,0.85,1.0
387,4,0.767,0.85,0.483,0.818,0.283,0.15,0.617,0.65
388,4,0.534,0.9,0.816,1.0,0.616,0.2,0.384,0.3
389,,0.484,0.85,0.766,0.95,0.566,0.15,0.334,0.25
390,,0.434,0.8,0.716,0.9,0.516,0.1,0.284,0.2
391,,0.384,0.75,0.666,0.85,0.466,0.05,0.234,0.15
392,,0.334,0.7,0.616,0.8,0.416,0.0,0.184,0.1
393,,0.284,0.65,0.566,0.75,0.366,-0.05,0.134,0.05
394,6,0.051,0.3,0.333,0.8,0.699,0.95,0.467,0.1
395,6,-0.182,-0.05,0.1,0.85,1.0,1.0,0.8,0.15
396,1,0.818,0.283,0.15,0.617,0.65,0.767,0.85,0.483
397,1,1.0,0.616,0.2,0.384,0.3,0.534,0.9,0.816
398,,0.95,0.566,0.15,0.334,0.25,0.484,0.85,0.766
399,,0.9,0.516,0.1,0.284,0.2,0.434,0.8,0.716
400,,0.85,0.466,0.05,0.234,0.15,0.384,0.75,0.666
401,,0.8,0.416,0.0,0.184,0.1,0.334,0.7,0.616
402,,0.75,0.366,-0.05,0.134,0.05,0.284,0.65,0.566
403,3,0.8,0.699,0.95,0.467,0.1,0.051,0.3,0.333
404,3,0.85,1.0,1.0,0.8,0.15,-0.182,-0.05,0.1
405,6,0.617,0.65,0.767,0.85,0.483,0.818,0.283,0.15
406,6,0.384,0.3,0.534,0.9,0.816,1.0,0.616,0.2
407,,0.334,0.25,0.484,0.85,0.766,0.95,0.566,0.15
408,,0.284,0.2,0.434,0.8,0.716,0.9,0.516,0.1
409,,0.234,0.15,0.384,0.75,0.666,0.85,0.466,0.05
410,,0.184,0.1,0.334,0.7,0.616,0.8,0.416,0.0
411,,0.134,0.05,0.284,0.65,0.566,0.75,0.366,-0.05
412,8,0.467,0.1,0.051,0.3,0.333,0.8,0.699,0.95
413,8,0.8,0.15,-0.182,-0.05,0.1,0.85,1.0,1.0
414,3,0.85,0.483,0.818,0.283,0.15,0.617,0.65,0.767
415,3,0.9,0.816,1.0,0.616,0.2,0.384,0.3,0.534
416,,0.85,0.766,0.95,0.566,0.15,0.334,0.25,0.484
417,,0.8,0.716,0.9,0.516,0.1,0.284,0.2,0.434
418,,0.75,0.666,0.85,0.466,0.05,0.234,0.15,0.384
419,,0.7,0.616,0.8,0.416,0.0,0.184,0.1,0.334
420,,0.65,0.566,0.75,0.366,-0.05,0.134,0.05,0.284
421,5,0.3,0.333,0.8,0.699,0.95,0.467,0.1,0.051
422,5,-0.05,0.1,0.85,1.0,1.0,0.8,0.15,-0.182
423,8,0.283,0.15,0.617,0.65,0.767,0.85,0.483,0.818
424,8,0.616,0.2,0.384,0.3,0.534,0.9,0.816,1.0
425,,0.566,0.15,0.334,0.25,0.484,0.85,0.766,0.95
426,,0.516,0.1,0.284,0.2,0.434,0.8,0.716,0.9
427,,0.466,0.05,0.234,0.15,0.384,0.75,0.666,0.85
428,,0.416,0.0,0.184,0.1,0.334,0.7,0.616,0.8
429,,0.366,-0.05,0.134,0.05,0.284,0.65,0.566,0.75
430,2,0.699,0.95,0.467,0.1,0.051,0.3,0.333,0.8
431,2,1.0,1.0,0.8,0.15,-0.182,-0.05,0.1,0.85
432,5,0.65,0.767,0.85,0.483,0.818,0.283,0.15,0.617
433,5,0.3,0.534,0.9,0.816,1.0,0.616,0.2,0.384
434,,0.25,0.484,0.85,0.766,0.95,0.566,0.15,0.334
435,,0.2,0.434,0.8,0.716,0.9,0.516,0.1,0.284
436,,0.15,0.384,0.75,0.666,0.85,0.466,0.05,0.234
437,,0.1,0.334,0.7,0.616,0.8,0.416,0.0,0.184
438,,0.05,0.284,0.65,0.566,0.75,0.366,-0.05,0.134
439,7,0.1,0.051,0.3,0.333,0.8,0.699,0.95,0.467
440,7,0.15,-0.182,-0.05,0.1,0.85,1.0,1.0,0.8
441,2,0.483,0.818,0.283,0.15,0.617,0.65,0.767,0.85
442,2,0.816,1.0,0.616,0.2,0.384,0.3,0.534,0.9
443,,0.766,0.95,0.566,0.15,0.334,0.25,0.484,0.85
444,,0.716,0.9,0.516,0.1,0.284,0.2,0.434,0.8
445,,0.666,0.85,0.466,0.05,0.234,0.15,0.384,0.75
446,,0.616,0.8,0.416,0.0,0.184,0.1,0.334,0.7
447,,0.566,0.75,0.366,-0.05,0.134,0.05,0.284,0.65
448,4,0.333,0.8,0.699,0.95,0.467,0.1,0.051,0.3
449,4,0.1,0.85,1.0,1.0,0.8,0.15,-0.182,-0.05
450,7,0.15,0.617,0.65,0.767,0.85,0.483,0.818,0.283
451,7,0.2,0.384,0.3,0.534,0.9,0.816,1.0,0.616
452,,0.15,0.334,0.25,0.484,0.85,0.766,0.95,0.566
453,,0.1,0.284,0.2,0.434,0.8,0.716,0.9,0.516
454,,0.05,0.234,0.15,0.384,0.75,0.666,0.85,0.466
455,,0.0,0.184,0.1,0.334,0.7,0.616,0.8,0.416
456,,-0.05,0.134,0.05,0.284,0.65,0.566,0.75,0.366
457,1,0.95,0.467,0.1,0.051,0.3,0.333,0.8,0.699
458,1,1.0,0.8,0.15,-0.182,-0.05,0.1,0.85,1.0
459,4,0.767,0.85,0.483,0.818,0.283,0.15,0.617,0.65
460,4,0.534,0.9,0.816,1.0,0.616,0.2,0.384,0.3
461,,0.484,0.85,0.766,0.95,0.566,0.15,0.334,0.25
462,,0.434,0.8,0.716,0.9,0.516,0.1,0.284,0.2
463,,0.384,0.75,0.666,0.85,0.466,0.05,0.234,0.15
464,,0.334,0.7,0.616,0.8,0.416,0.0,0.184,0.1
465,,0.284,0.65,0.566,0.75,0.366,-0.05,0.134,0.05
466,6,0.051,0.3,0.333,0.8,0.699,0.95,0.467,0.1
467,6,-0.182,-0.05,0.1,0.85,1.0,1.0,0.8,0.15
468,1,0.818,0.283,0.15,0.617,0.65,0.767,0.85,0.483
469,1,1.0,0.616,0.2,0.384,0.3,0.534,0.9,0.816
470,,0.95,0.566,0.15,0.334,0.25,0.484,0.85,0.766
471,,0.9,0.516,0.1,0.284,0.2,0.434,0.8,0.716
472,,0.85,0.466,0.05,0.234,0.15,0.384,0.75,0.666
473,,0.8,0.416,0.0,0.184,0.1,0.334,0.7,0.616
474,,0.75,0.366,-0.05,0.134,0.05,0.284,0.65,0.566
475,3,0.8,0.699,0.95,0.467,0.1,0.051,0.3,0.333
476,3,0.85,1.0,1.0,0.8,0.15,-0.182,-0.05,0.1
477,6,0.617,0.65,0.767,0.85,0.483,0.818,0.283,0.15
478,6,0.384,0.3,0.534,0.9,0.816,1.0,0.616,0.2
479,,0.334,0.25,0.484,0.85,0.766,0.95,0.566,0.15
480,,0.284,0.2,0.434,0.8,0.716,0.9,0.516,0.1
481,,0.234,0.15,0.384,0.75,0.666,0.85,0.466,0.05
482,,0.184,0.1,0.334,0.7,0.616,0.8,0.416,0.0
483,,0.134,0.05,0.284,0.65,0.566,0.75,0.366,-0.05
484,8,0.467,0.1,0.051,0.3,0.333,0.8,0.699,0.95
485,8,0.8,0.15,-0.182,-0.05,0.1,0.85,1.0,1.0
486,3,0.85,0.483,0.818,0.283,0.15,0.617,0.65,0.767
487,3,0.9,0.816,1.0,0.616,0.2,0.384,0.3,0.534
488,,0.85,0.766,0.95,0.566,0.15,0.334,0.25,0.484
489,,0.8,0.716,0.9,0.516,0.1,0.284,0.2,0.434
490,,0.75,0.666,0.85,0.466,0.05,0.234,0.15,0.384
491,,0.7,0.616,0.8,0.416,0.0,0.184,0.1,0.334
492,,0.65,0.566,0.75,0.366,-0.05,0.134,0.05,0.284
493,5,0.3,0.333,0.8,0.699,0.95,0.467,0.1,0.051
494,5,-0.05,0.1,0.85,1.0,1.0,0.8,0.15,-0.182
495,8,0.283,0.15,0.617,0.65,0.767,0.85,0.483,0.818
496,8,0.616,0.2,0.384,0.3,0.534,0.9,0.816,1.0
497,,0.566,0.15,0.334,0.25,0.484,0.85,0.766,0.95
498,,0.516,0.1,0.284,0.2,0.434,0.8,0.716,0.9
499,,0.466,0.05,0.234,0.15,0.384,0.75,0.666,0.85
