step,active_motive,motive_1,motive_2,motive_3,motive_4,motive_5,motive_6,motive_7,motive_8
0,,0.01959,0.20897,0.48379,0.27399,0.21174,0.28426,0.28796,0.36582
1,,-0.03041,0.15897,0.43379,0.22399,0.16174,0.23426,0.23796,0.31582
2,1,0.96959,0.49197,0.48379,-0.00901,-0.18826,0.00126,0.28796,0.64882
3,1,1.0,0.82497,0.53379,-0.24201,-0.53826,-0.23174,0.33796,0.98182
4,5,0.65,0.59197,0.58379,0.09099,0.46174,0.10126,0.38796,0.74882
5,5,0.3,0.35897,0.63379,0.42399,1.0,0.43426,0.43796,0.51582
6,,0.25,0.30897,0.58379,0.37399,0.95,0.38426,0.38796,0.46582
7,,0.2,0.25897,0.53379,0.32399,0.9,0.33426,0.33796,0.41582
8,,0.15,0.20897,0.48379,0.27399,0.85,0.28426,0.28796,0.36582
9,,0.1,0.15897,0.43379,0.22399,0.8,0.23426,0.23796,0.31582
10,,0.05,0.10897,0.38379,0.17399,0.75,0.18426,0.18796,0.26582
11,,0.0,0.05897,0.33379,0.12399,0.7,0.13426,0.13796,0.21582
12,,-0.05,0.00897,0.28379,0.07399,0.65,0.08426,0.08796,0.16582
13,1,0.95,0.34197,0.33379,-0.15901,0.3,-0.14874,0.13796,0.49882
14,1,1.0,0.67497,0.38379,-0.39201,-0.05,-0.38174,0.18796,0.83182
15,4,0.767,0.72497,0.71679,0.60799,0.283,-0.33174,-0.04504,0.48182
16,4,0.534,0.77497,1.0,1.0,0.616,-0.28174,-0.27804,0.13182
17,6,0.301,0.42497,0.767,1.0,0.949,0.71826,0.05496,0.18182
18,6,0.068,0.07497,0.534,1.0,1.0,1.0,0.38796,0.23182
19,,0.018,0.02497,0.484,0.95,0.95,0.95,0.33796,0.18182
20,,-0.032,-0.02503,0.434,0.9,0.9,0.9,0.28796,0.13182
21,1,0.968,0.30797,0.484,0.667,0.55,0.667,0.33796,0.46482
22,1,1.0,0.64097,0.534,0.434,0.2,0.434,0.38796,0.79782
23,,0.95,0.59097,0.484,0.384,0.15,0.384,0.33796,0.74782
24,,0.9,0.54097,0.434,0.334,0.1,0.334,0.28796,0.69782
25,,0.85,0.49097,0.384,0.284,0.05,0.284,0.23796,0.64782
26,,0.8,0.44097,0.334,0.234,0.0,0.234,0.18796,0.59782
27,,0.75,0.39097,0.284,0.184,-0.05,0.184,0.13796,0.54782
28,5,0.4,0.15797,0.334,0.517,0.95,0.517,0.18796,0.31482
29,5,0.05,-0.07503,0.384,0.85,1.0,0.85,0.23796,0.08182
30,2,0.383,0.92497,0.717,0.9,0.767,0.5,0.00496,0.13182
31,2,0.716,1.0,1.0,0.95,0.534,0.15,-0.22804,0.18182
32,7,0.766,0.767,0.65,0.717,0.584,0.483,0.77196,0.51482
33,7,0.816,0.534,0.3,0.484,0.634,0.816,1.0,0.84782
34,,0.766,0.484,0.25,0.434,0.584,0.766,0.95,0.79782
35,,0.716,0.434,0.2,0.384,0.534,0.716,0.9,0.74782
36,,0.666,0.384,0.15,0.334,0.484,0.666,0.85,0.69782
37,,0.616,0.334,0.1,0.284,0.434,0.616,0.8,0.64782
38,,0.566,0.284,0.05,0.234,0.384,0.566,0.75,0.59782
39,,0.516,0.234,0.0,0.184,0.334,0.516,0.7,0.54782
40,,0.466,0.184,-0.05,0.134,0.284,0.466,0.65,0.49782
41,3,0.516,0.517,0.95,0.467,0.334,0.233,0.3,0.26482
42,3,0.566,0.85,1.0,0.8,0.384,0.0,-0.05,0.03182
43,7,0.616,0.617,0.65,0.567,0.434,0.333,0.95,0.36482
44,7,0.666,0.384,0.3,0.334,0.484,0.666,1.0,0.69782
45,,0.616,0.334,0.25,0.284,0.434,0.616,0.95,0.64782
46,,0.566,0.284,0.2,0.234,0.384,0.566,0.9,0.59782
47,,0.516,0.234,0.15,0.184,0.334,0.516,0.85,0.54782
48,,0.466,0.184,0.1,0.134,0.284,0.466,0.8,0.49782
49,,0.416,0.134,0.05,0.084,0.234,0.416,0.75,0.44782
50,,0.366,0.084,0.0,0.034,0.184,0.366,0.7,0.39782
51,,0.316,0.034,-0.05,-0.016,0.134,0.316,0.65,0.34782
52,3,0.366,0.367,0.95,0.317,0.184,0.083,0.3,0.11482
53,3,0.416,0.7,1.0,0.65,0.234,-0.15,-0.05,-0.11818
54,6,0.183,0.35,0.767,0.7,0.567,0.85,0.283,-0.06818
55,6,-0.05,-0.0,0.534,0.75,0.9,1.0,0.616,-0.01818
56,1,0.95,0.333,0.584,0.517,0.55,0.767,0.666,0.31482
57,1,1.0,0.666,0.634,0.284,0.2,0.534,0.716,0.64782
58,,0.95,0.616,0.584,0.234,0.15,0.484,0.666,0.59782
59,,0.9,0.566,0.534,0.184,0.1,0.434,0.616,0.54782
60,,0.85,0.516,0.484,0.134,0.05,0.384,0.566,0.49782
61,,0.8,0.466,0.434,0.084,0.0,0.334,0.516,0.44782
62,,0.75,0.416,0.384,0.034,-0.05,0.284,0.466,0.39782
63,5,0.4,0.183,0.434,0.367,0.95,0.617,0.516,0.16482
64,5,0.05,-0.05,0.484,0.7,1.0,0.95,0.566,-0.06818
65,8,0.383,0.0,0.251,0.35,0.767,1.0,0.899,0.93182
66,8,0.716,0.05,0.018,-0.0,0.534,1.0,1.0,1.0
67,,0.666,0.0,-0.032,-0.05,0.484,0.95,0.95,0.95
68,4,0.433,0.05,0.301,0.95,0.817,1.0,0.717,0.6
69,4,0.2,0.1,0.634,1.0,1.0,1.0,0.484,0.25
70,,0.15,0.05,0.584,0.95,0.95,0.95,0.434,0.2
71,,0.1,0.0,0.534,0.9,0.9,0.9,0.384,0.15
72,,0.05,-0.05,0.484,0.85,0.85,0.85,0.334,0.1
73,2,0.383,0.95,0.817,0.9,0.617,0.5,0.101,0.15
74,2,0.716,1.0,1.0,0.95,0.384,0.15,-0.132,0.2
75,7,0.766,0.767,0.65,0.717,0.434,0.483,0.868,0.533
76,7,0.816,0.534,0.3,0.484,0.484,0.816,1.0,0.866
77,,0.766,0.484,0.25,0.434,0.434,0.766,0.95,0.816
78,,0.716,0.434,0.2,0.384,0.384,0.716,0.9,0.766
79,,0.666,0.384,0.15,0.334,0.334,0.666,0.85,0.716
80,,0.616,0.334,0.1,0.284,0.284,0.616,0.8,0.666
81,,0.566,0.284,0.05,0.234,0.234,0.566,0.75,0.616
82,,0.516,0.234,0.0,0.184,0.184,0.516,0.7,0.566
83,,0.466,0.184,-0.05,0.134,0.134,0.466,0.65,0.516
84,3,0.516,0.517,0.95,0.467,0.184,0.233,0.3,0.283
85,3,0.566,0.85,1.0,0.8,0.234,0.0,-0.05,0.05
86,7,0.616,0.617,0.65,0.567,0.284,0.333,0.95,0.383
87,7,0.666,0.384,0.3,0.334,0.334,0.666,1.0,0.716
88,,0.616,0.334,0.25,0.284,0.284,0.616,0.95,0.666
89,,0.566,0.284,0.2,0.234,0.234,0.566,0.9,0.616
90,,0.516,0.234,0.15,0.184,0.184,0.516,0.85,0.566
91,,0.466,0.184,0.1,0.134,0.134,0.466,0.8,0.516
92,,0.416,0.134,0.05,0.084,0.084,0.416,0.75,0.466
93,,0.366,0.084,0.0,0.034,0.034,0.366,0.7,0.416
94,,0.316,0.034,-0.05,-0.016,-0.016,0.316,0.65,0.366
95,3,0.366,0.367,0.95,0.317,0.034,0.083,0.3,0.133
96,3,0.416,0.7,1.0,0.65,0.084,-0.15,-0.05,-0.1
97,6,0.183,0.35,0.767,0.7,0.417,0.85,0.283,-0.05
98,6,-0.05,-0.0,0.534,0.75,0.75,1.0,0.616,0.0
99,1,0.95,0.333,0.584,0.517,0.4,0.767,0.666,0.333
100,1,1.0,0.666,0.634,0.284,0.05,0.534,0.716,0.666
101,,0.95,0.616,0.584,0.234,0.0,0.484,0.666,0.616
102,,0.9,0.566,0.534,0.184,-0.05,0.434,0.616,0.566
103,5,0.55,0.333,0.584,0.517,0.95,0.767,0.666,0.333
104,5,0.2,0.1,0.634,0.85,1.0,1.0,0.716,0.1
105,,0.15,0.05,0.584,0.8,0.95,0.95,0.666,0.05
106,,0.1,0.0,0.534,0.75,0.9,0.9,0.616,0.0
107,,0.05,-0.05,0.484,0.7,0.85,0.85,0.566,-0.05
108,8,0.383,0.0,0.251,0.35,0.617,0.9,0.899,0.95
109,8,0.716,0.05,0.018,-0.0,0.384,0.95,1.0,1.0
110,,0.666,0.0,-0.032,-0.05,0.334,0.9,0.95,0.95
111,4,0.433,0.05,0.301,0.95,0.667,0.95,0.717,0.6
112,4,0.2,0.1,0.634,1.0,1.0,1.0,0.484,0.25
113,,0.15,0.05,0.584,0.95,0.95,0.95,0.434,0.2
114,,0.1,0.0,0.534,0.9,0.9,0.9,0.384,0.15
115,,0.05,-0.05,0.484,0.85,0.85,0.85,0.334,0.1
116,2,0.383,0.95,0.817,0.9,0.617,0.5,0.101,0.15
117,2,0.716,1.0,1.0,0.95,0.384,0.15,-0.132,0.2
118,7,0.766,0.767,0.65,0.717,0.434,0.483,0.868,0.533
119,7,0.816,0.534,0.3,0.484,0.484,0.816,1.0,0.866
120,,0.766,0.484,0.25,0.434,0.434,0.766,0.95,0.816
121,,0.716,0.434,0.2,0.384,0.384,0.716,0.9,0.766
122,,0.666,0.384,0.15,0.334,0.334,0.666,0.85,0.716
123,,0.616,0.334,0.1,0.284,0.284,0.616,0.8,0.666
124,,0.566,0.284,0.05,0.234,0.234,0.566,0.75,0.616
125,,0.516,0.234,0.0,0.184,0.184,0.516,0.7,0.566
126,,0.466,0.184,-0.05,0.134,0.134,0.466,0.65,0.516
127,3,0.516,0.517,0.95,0.467,0.184,0.233,0.3,0.283
128,3,0.566,0.85,1.0,0.8,0.234,0.0,-0.05,0.05
129,7,0.616,0.617,0.65,0.567,0.284,0.333,0.95,0.383
130,7,0.666,0.384,0.3,0.334,0.334,0.666,1.0,0.716
131,,0.616,0.334,0.25,0.284,0.284,0.616,0.95,0.666
132,,0.566,0.284,0.2,0.234,0.234,0.566,0.9,0.616
133,,0.516,0.234,0.15,0.184,0.184,0.516,0.85,0.566
134,,0.466,0.184,0.1,0.134,0.134,0.466,0.8,0.516
135,,0.416,0.134,0.05,0.084,0.084,0.416,0.75,0.466
136,,0.366,0.084,0.0,0.034,0.034,0.366,0.7,0.416
137,,0.316,0.034,-0.05,-0.016,-0.016,0.316,0.65,0.366
138,3,0.366,0.367,0.95,0.317,0.034,0.083,0.3,0.133
139,3,0.416,0.7,1.0,0.65,0.084,-0.15,-0.05,-0.1
140,6,0.183,0.35,0.767,0.7,0.417,0.85,0.283,-0.05
141,6,-0.05,-0.0,0.534,0.75,0.75,1.0,0.616,0.0
142,1,0.95,0.333,0.584,0.517,0.4,0.767,0.666,0.333
143,1,1.0,0.666,0.634,0.284,0.05,0.534,0.716,0.666
144,,0.95,0.616,0.584,0.234,0.0,0.484,0.666,0.616
145,,0.9,0.566,0.534,0.184,-0.05,0.434,0.616,0.566
146,5,0.55,0.333,0.584,0.517,0.95,0.767,0.666,0.333
147,5,0.2,0.1,0.634,0.85,1.0,1.0,0.716,0.1
148,,0.15,0.05,0.584,0.8,0.95,0.95,0.666,0.05
149,,0.1,0.0,0.534,0.75,0.9,0.9,0.616,0.0
150,,0.05,-0.05,0.484,0.7,0.85,0.85,0.566,-0.05
151,8,0.383,0.0,0.251,0.35,0.617,0.9,0.899,0.95
152,8,0.716,0.05,0.018,-0.0,0.384,0.95,1.0,1.0
153,,0.666,0.0,-0.032,-0.05,0.334,0.9,0.95,0.95
154,4,0.433,0.05,0.301,0.95,0.667,0.95,0.717,0.6
155,4,0.2,0.1,0.634,1.0,1.0,1.0,0.484,0.25
156,,0.15,0.05,0.584,0.95,0.95,0.95,0.434,0.2
157,,0.1,0.0,0.534,0.9,0.9,0.9,0.384,0.15
158,,0.05,-0.05,0.484,0.85,0.85,0.85,0.334,0.1
159,2,0.383,0.95,0.817,0.9,0.617,0.5,0.101,0.15
160,2,0.716,1.0,1.0,0.95,0.384,0.15,-0.132,0.2
161,7,0.766,0.767,0.65,0.717,0.434,0.483,0.868,0.533
162,7,0.816,0.534,0.3,0.484,0.484,0.816,1.0,0.866
163,,0.766,0.484,0.25,0.434,0.434,0.766,0.95,0.816
164,,0.716,0.434,0.2,0.384,0.384,0.716,0.9,0.766
165,,0.666,0.384,0.15,0.334,0.334,0.666,0.85,0.716
166,,0.616,0.334,0.1,0.284,0.284,0.616,0.8,0.666
167,,0.566,0.284,0.05,0.234,0.234,0.566,0.75,0.616
168,,0.516,0.234,0.0,0.184,0.184,0.516,0.7,0.566
169,,0.466,0.184,-0.05,0.134,0.134,0.466,0.65,0.516
170,3,0.516,0.517,0.95,0.467,0.184,0.233,0.3,0.283
171,3,0.566,0.85,1.0,0.8,0.234,0.0,-0.05,0.05
172,7,0.616,0.617,0.65,0.567,0.284,0.333,0.95,0.383
173,7,0.666,0.384,0.3,0.334,0.334,0.666,1.0,0.716
174,,0.616,0.334,0.25,0.284,0.284,0.616,0.95,0.666
175,,0.566,0.284,0.2,0.234,0.234,0.566,0.9,0.616
176,,0.516,0.234,0.15,0.184,0.184,0.516,0.85,0.566
177,,0.466,0.184,0.1,0.134,0.134,0.466,0.8,0.516
178,,0.416,0.134,0.05,0.084,0.084,0.416,0.75,0.466
179,,0.366,0.084,0.0,0.034,0.034,0.366,0.7,0.416
180,,0.316,0.034,-0.05,-0.016,-0.016,0.316,0.65,0.366
181,3,0.366,0.367,0.95,0.317,0.034,0.083,0.3,0.133
182,3,0.416,0.7,1.0,0.65,0.084,-0.15,-0.05,-0.1
183,6,0.183,0.35,0.767,0.7,0.417,0.85,0.283,-0.05
184,6,-0.05,-0.0,0.534,0.75,0.75,1.0,0.616,0.0
185,1,0.95,0.333,0.584,0.517,0.4,0.767,0.666,0.333
186,1,1.0,0.666,0.634,0.284,0.05,0.534,0.716,0.666
187,,0.95,0.616,0.584,0.234,0.0,0.484,0.666,0.616
188,,0.9,0.566,0.534,0.184,-0.05,0.434,0.616,0.566
189,5,0.55,0.333,0.584,0.517,0.95,0.767,0.666,0.333
190,5,0.2,0.1,0.634,0.85,1.0,1.0,0.716,0.1
191,,0.15,0.05,0.584,0.8,0.95,0.95,0.666,0.05
192,,0.1,0.0,0.534,0.75,0.9,0.9,0.616,0.0
193,,0.05,-0.05,0.484,0.7,0.85,0.85,0.566,-0.05
194,2,0.383,0.95,0.817,0.75,0.617,0.5,0.333,0.0
195,2,0.716,1.0,1.0,0.8,0.384,0.15,0.1,0.05
196,,0.666,0.95,0.95,0.75,0.334,0.1,0.05,0.0
197,,0.616,0.9,0.9,0.7,0.284,0.05,0.0,-0.05
198,8,0.949,0.95,0.667,0.35,0.051,0.1,0.333,0.95
199,8,1.0,1.0,0.434,-0.0,-0.182,0.15,0.666,1.0
200,5,0.65,0.767,0.484,0.333,0.818,0.483,0.716,0.767
201,5,0.3,0.534,0.534,0.666,1.0,0.816,0.766,0.534
202,,0.25,0.484,0.484,0.616,0.95,0.766,0.716,0.484
203,,0.2,0.434,0.434,0.566,0.9,0.716,0.666,0.434
204,,0.15,0.384,0.384,0.516,0.85,0.666,0.616,0.384
205,,0.1,0.334,0.334,0.466,0.8,0.616,0.566,0.334
206,,0.05,0.284,0.284,0.416,0.75,0.566,0.516,0.284
207,,0.0,0.234,0.234,0.366,0.7,0.516,0.466,0.234
208,,-0.05,0.184,0.184,0.316,0.65,0.466,0.416,0.184
209,1,0.95,0.517,0.234,0.083,0.3,0.233,0.466,0.517
210,1,1.0,0.85,0.284,-0.15,-0.05,0.0,0.516,0.85
211,4,0.767,0.9,0.617,0.85,0.283,0.05,0.283,0.5
212,4,0.534,0.95,0.95,1.0,0.616,0.1,0.05,0.15
213,,0.484,0.9,0.9,0.95,0.566,0.05,0.0,0.1
214,,0.434,0.85,0.85,0.9,0.516,0.0,-0.05,0.05
215,7,0.484,0.617,0.5,0.667,0.566,0.333,0.95,0.383
216,7,0.534,0.384,0.15,0.434,0.616,0.666,1.0,0.716
217,,0.484,0.334,0.1,0.384,0.566,0.616,0.95,0.666
218,,0.434,0.284,0.05,0.334,0.516,0.566,0.9,0.616
219,,0.384,0.234,0.0,0.284,0.466,0.516,0.85,0.566
220,,0.334,0.184,-0.05,0.234,0.416,0.466,0.8,0.516
221,3,0.384,0.517,0.95,0.567,0.466,0.233,0.45,0.283
222,3,0.434,0.85,1.0,0.9,0.516,0.0,0.1,0.05
223,,0.384,0.8,0.95,0.85,0.466,-0.05,0.05,0.0
224,6,0.151,0.45,0.717,0.9,0.799,0.95,0.383,0.05
225,6,-0.082,0.1,0.484,0.95,1.0,1.0,0.716,0.1
226,1,0.918,0.433,0.534,0.717,0.65,0.767,0.766,0.433
227,1,1.0,0.766,0.584,0.484,0.3,0.534,0.816,0.766
228,,0.95,0.716,0.534,0.434,0.25,0.484,0.766,0.716
229,,0.9,0.666,0.484,0.384,0.2,0.434,0.716,0.666
230,,0.85,0.616,0.434,0.334,0.15,0.384,0.666,0.616
231,,0.8,0.566,0.384,0.284,0.1,0.334,0.616,0.566
232,,0.75,0.516,0.334,0.234,0.05,0.284,0.566,0.516
233,,0.7,0.466,0.284,0.184,0.0,0.234,0.516,0.466
234,,0.65,0.416,0.234,0.134,-0.05,0.184,0.466,0.416
235,5,0.3,0.183,0.284,0.467,0.95,0.517,0.516,0.183
236,5,-0.05,-0.05,0.334,0.8,1.0,0.85,0.566,-0.05
237,8,0.283,0.0,0.101,0.45,0.767,0.9,0.899,0.95
238,8,0.616,0.05,-0.132,0.1,0.534,0.95,1.0,1.0
239,3,0.666,0.383,0.868,0.433,0.584,0.717,0.65,0.767
240,3,0.716,0.716,1.0,0.766,0.634,0.484,0.3,0.534
241,,0.666,0.666,0.95,0.716,0.584,0.434,0.25,0.484
242,,0.616,0.616,0.9,0.666,0.534,0.384,0.2,0.434
243,,0.566,0.566,0.85,0.616,0.484,0.334,0.15,0.384
244,,0.516,0.516,0.8,0.566,0.434,0.284,0.1,0.334
245,,0.466,0.466,0.75,0.516,0.384,0.234,0.05,0.284
246,,0.416,0.416,0.7,0.466,0.334,0.184,0.0,0.234
247,,0.366,0.366,0.65,0.416,0.284,0.134,-0.05,0.184
248,7,0.416,0.133,0.3,0.183,0.334,0.467,0.95,0.517
249,7,0.466,-0.1,-0.05,-0.05,0.384,0.8,1.0,0.85
250,2,0.799,0.9,0.283,0.0,0.151,0.45,0.767,0.9
251,2,1.0,1.0,0.616,0.05,-0.082,0.1,0.534,0.95
252,5,0.65,0.767,0.666,0.383,0.918,0.433,0.584,0.717
253,5,0.3,0.534,0.716,0.716,1.0,0.766,0.634,0.484
254,,0.25,0.484,0.666,0.666,0.95,0.716,0.584,0.434
255,,0.2,0.434,0.616,0.616,0.9,0.666,0.534,0.384
256,,0.15,0.384,0.566,0.566,0.85,0.616,0.484,0.334
257,,0.1,0.334,0.516,0.516,0.8,0.566,0.434,0.284
258,,0.05,0.284,0.466,0.466,0.75,0.516,0.384,0.234
259,,0.0,0.234,0.416,0.416,0.7,0.466,0.334,0.184
260,,-0.05,0.184,0.366,0.366,0.65,0.416,0.284,0.134
261,1,0.95,0.517,0.416,0.133,0.3,0.183,0.334,0.467
262,1,1.0,0.85,0.466,-0.1,-0.05,-0.05,0.384,0.8
263,4,0.767,0.9,0.799,0.9,0.283,0.0,0.151,0.45
264,4,0.534,0.95,1.0,1.0,0.616,0.05,-0.082,0.1
265,7,0.584,0.717,0.65,0.767,0.666,0.383,0.918,0.433
266,7,0.634,0.484,0.3,0.534,0.716,0.716,1.0,0.766
267,,0.584,0.434,0.25,0.484,0.666,0.666,0.95,0.716
268,,0.534,0.384,0.2,0.434,0.616,0.616,0.9,0.666
269,,0.484,0.334,0.15,0.384,0.566,0.566,0.85,0.616
270,,0.434,0.284,0.1,0.334,0.516,0.516,0.8,0.566
271,,0.384,0.234,0.05,0.284,0.466,0.466,0.75,0.516
272,,0.334,0.184,0.0,0.234,0.416,0.416,0.7,0.466
273,,0.284,0.134,-0.05,0.184,0.366,0.366,0.65,0.416
274,3,0.334,0.467,0.95,0.517,0.416,0.133,0.3,0.183
275,3,0.384,0.8,1.0,0.85,0.466,-0.1,-0.05,-0.05
276,6,0.151,0.45,0.767,0.9,0.799,0.9,0.283,0.0
277,6,-0.082,0.1,0.534,0.95,1.0,1.0,0.616,0.05
278,1,0.918,0.433,0.584,0.717,0.65,0.767,0.666,0.383
279,1,1.0,0.766,0.634,0.484,0.3,0.534,0.716,0.716
280,,0.95,0.716,0.584,0.434,0.25,0.484,0.666,0.666
281,,0.9,0.666,0.534,0.384,0.2,0.434,0.616,0.616
282,,0.85,0.616,0.484,0.334,0.15,0.384,0.566,0.566
283,,0.8,0.566,0.434,0.284,0.1,0.334,0.516,0.516
284,,0.75,0.516,0.384,0.234,0.05,0.284,0.466,0.466
285,,0.7,0.466,0.334,0.184,0.0,0.234,0.416,0.416
286,,0.65,0.416,0.284,0.134,-0.05,0.184,0.366,0.366
287,5,0.3,0.183,0.334,0.467,0.95,0.517,0.416,0.133
288,5,-0.05,-0.05,0.384,0.8,1.0,0.85,0.466,-0.1
289,8,0.283,0.0,0.151,0.45,0.767,0.9,0.799,0.9
290,8,0.616,0.05,-0.082,0.1,0.534,0.95,1.0,1.0
291,3,0.666,0.383,0.918,0.433,0.584,0.717,0.65,0.767
292,3,0.716,0.716,1.0,0.766,0.634,0.484,0.3,0.534
293,,0.666,0.666,0.95,0.716,0.584,0.434,0.25,0.484
294,,0.616,0.616,0.9,0.666,0.534,0.384,0.2,0.434
295,,0.566,0.566,0.85,0.616,0.484,0.334,0.15,0.384
296,,0.516,0.516,0.8,0.566,0.434,0.284,0.1,0.334
297,,0.466,0.466,0.75,0.516,0.384,0.234,0.05,0.284
298,,0.416,0.416,0.7,0.466,0.334,0.184,0.0,0.234
299,,0.366,0.366,0.65,0.416,0.284,0.134,-0.05,0.184
300,7,0.416,0.133,0.3,0.183,0.334,0.467,0.95,0.517
301,7,0.466,-0.1,-0.05,-0.05,0.384,0.8,1.0,0.85
302,2,0.799,0.9,0.283,0.0,0.151,0.45,0.767,0.9
303,2,1.0,1.0,0.616,0.05,-0.082,0.1,0.534,0.95
304,5,0.65,0.767,0.666,0.383,0.918,0.433,0.584,0.717
305,5,0.3,0.534,0.716,0.716,1.0,0.766,0.634,0.484
306,,0.25,0.484,0.666,0.666,0.95,0.716,0.584,0.434
307,,0.2,0.434,0.616,0.616,0.9,0.666,0.534,0.384
308,,0.15,0.384,0.566,0.566,0.85,0.616,0.484,0.334
309,,0.1,0.334,0.516,0.516,0.8,0.566,0.434,0.284
310,,0.05,0.284,0.466,0.466,0.75,0.516,0.384,0.234
311,,0.0,0.234,0.416,0.416,0.7,0.466,0.334,0.184
312,,-0.05,0.184,0.366,0.366,0.65,0.416,0.284,0.134
313,1,0.95,0.517,0.416,0.133,0.3,0.183,0.334,0.467
314,1,1.0,0.85,0.466,-0.1,-0.05,-0.05,0.384,0.8
315,4,0.767,0.9,0.799,0.9,0.283,0.0,0.151,0.45
316,4,0.534,0.95,1.0,1.0,0.616,0.05,-0.082,0.1
317,7,0.584,0.717,0.65,0.767,0.666,0.383,0.918,0.433
318,7,0.634,0.484,0.3,0.534,0.716,0.716,1.0,0.766
319,,0.584,0.434,0.25,0.484,0.666,0.666,0.95,0.716
320,,0.534,0.384,0.2,0.434,0.616,0.616,0.9,0.666
321,,0.484,0.334,0.15,0.384,0.566,0.566,0.85,0.616
322,,0.434,0.284,0.1,0.334,0.516,0.516,0.8,0.566
323,,0.384,0.234,0.05,0.284,0.466,0.466,0.75,0.516
324,,0.334,0.184,0.0,0.234,0.416,0.416,0.7,0.466
325,,0.284,0.134,-0.05,0.184,0.366,0.366,0.65,0.416
326,3,0.334,0.467,0.95,0.517,0.416,0.133,0.3,0.183
327,3,0.384,0.8,1.0,0.85,0.466,-0.1,-0.05,-0.05
328,6,0.151,0.45,0.767,0.9,0.799,0.9,0.283,0.0
329,6,-0.082,0.1,0.534,0.95,1.0,1.0,0.616,0.05
330,1,0.918,0.433,0.584,0.717,0.65,0.767,0.666,0.383
331,1,1.0,0.766,0.634,0.484,0.3,0.534,0.716,0.716
332,,0.95,0.716,0.584,0.434,0.25,0.484,0.666,0.666
333,,0.9,0.666,0.534,0.384,0.2,0.434,0.616,0.616
334,,0.85,0.616,0.484,0.334,0.15,0.384,0.566,0.566
335,,0.8,0.566,0.434,0.284,0.1,0.334,0.516,0.516
336,,0.75,0.516,0.384,0.234,0.05,0.284,0.466,0.466
337,,0.7,0.466,0.334,0.184,0.0,0.234,0.416,0.416
338,,0.65,0.416,0.284,0.134,-0.05,0.184,0.366,0.366
339,5,0.3,0.183,0.334,0.467,0.95,0.517,0.416,0.133
340,5,-0.05,-0.05,0.384,0.8,1.0,0.85,0.466,-0.1
341,8,0.283,0.0,0.151,0.45,0.767,0.9,0.799,0.9
342,8,0.616,0.05,-0.082,0.1,0.534,0.95,1.0,1.0
343,3,0.666,0.383,0.918,0.433,0.584,0.717,0.65,0.767
344,3,0.716,0.716,1.0,0.766,0.634,0.484,0.3,0.534
345,,0.666,0.666,0.95,0.716,0.584,0.434,0.25,0.484
346,,0.616,0.616,0.9,0.666,0.534,0.384,0.2,0.434
347,,0.566,0.566,0.85,0.616,0.484,0.334,0.15,0.384
348,,0.516,0.516,0.8,0.566,0.434,0.284,0.1,0.334
349,,0.466,0.466,0.75,0.516,0.384,0.234,0.05,0.284
350,,0.416,0.416,0.7,0.466,0.334,0.184,0.0,0.234
351,,0.366,0.366,0.65,0.416,0.284,0.134,-0.05,0.184
352,7,0.416,0.133,0.3,0.183,0.334,0.467,0.95,0.517
353,7,0.466,-0.1,-0.05,-0.05,0.384,0.8,1.0,0.85
354,2,0.799,0.9,0.283,0.0,0.151,0.45,0.767,0.9
355,2,1.0,1.0,0.616,0.05,-0.082,0.1,0.534,0.95
356,5,0.65,0.767,0.666,0.383,0.918,0.433,0.584,0.717
357,5,0.3,0.534,0.716,0.716,1.0,0.766,0.634,0.484
358,,0.25,0.484,0.666,0.666,0.95,0.716,0.584,0.434
359,,0.2,0.434,0.616,0.616,0.9,0.666,0.534,0.384
360,,0.15,0.384,0.566,0.566,0.85,0.616,0.484,0.334
361,,0.1,0.334,0.516,0.516,0.8,0.566,0.434,0.284
362,,0.05,0.284,0.466,0.466,0.75,0.516,0.384,0.234
363,,0.0,0.234,0.416,0.416,0.7,0.466,0.334,0.184
364,,-0.05,0.184,0.366,0.366,0.65,0.416,0.284,0.134
365,1,0.95,0.517,0.416,0.133,0.3,0.183,0.334,0.467
366,1,1.0,0.85,0.466,-0.1,-0.05,-0.05,0.384,0.8
367,4,0.767,0.9,0.799,0.9,0.283,0.0,0.151,0.45
368,4,0.534,0.95,1.0,1.0,0.616,0.05,-0.082,0.1
369,7,0.584,0.717,0.65,0.767,0.666,0.383,0.918,0.433
370,7,0.634,0.484,0.3,0.534,0.716,0.716,1.0,0.766
371,,0.584,0.434,0.25,0.484,0.666,0.666,0.95,0.716
372,,0.534,0.384,0.2,0.434,0.616,0.616,0.9,0.666
373,,0.484,0.334,0.15,0.384,0.566,0.566,0.85,0.616
374,,0.434,0.284,0.1,0.334,0.516,0.516,0.8,0.566
375,,0.384,0.234,0.05,0.284,0.466,0.466,0.75,0.516
376,,0.334,0.184,0.0,0.234,0.416,0.416,0.7,0.466
377,,0.284,0.134,-0.05,0.184,0.366,0.366,0.65,0.416
378,3,0.334,0.467,0.95,0.517,0.416,0.133,0.3,0.183
379,3,0.384,0.8,1.0,0.85,0.466,-0.1,-0.05,-0.05
380,6,0.151,0.45,0.767,0.9,0.799,0.9,0.283,0.0
381,6,-0.082,0.1,0.534,0.95,1.0,1.0,0.616,0.05
382,1,0.918,0.433,0.584,0.717,0.65,0.767,0.666,0.383
383,1,1.0,0.766,0.634,0.484,0.3,0.534,0.716,0.716
384,,0.95,0.716,0.584,0.434,0.25,0.484,0.666,0.666
385,,0.9,0.666,0.534,0.384,0.2,0.434,0.616,0.616
386,,0.85,0.616,0.484,0.334,0.15,0.384,0.566,0.566
387,,0.8,0.566,0.434,0.284,0.1,0.334,0.516,0.516
388,,0.75,0.516,0.384,0.234,0.05,0.284,0.466,0.466
389,,0.7,0.466,0.334,0.184,0.0,0.234,0.416,0.416
390,,0.65,0.416,0.284,0.134,-0.05,0.184,0.366,0.366
391,5,0.3,0.183,0.334,0.467,0.95,0.517,0.416,0.133
392,5,-0.05,-0.05,0.384,0.8,1.0,0.85,0.466,-0.1
393,8,0.283,0.0,0.151,0.45,0.767,0.9,0.799,0.9
394,8,0.616,0.05,-0.082,0.1,0.534,0.95,1.0,1.0
395,3,0.666,0.383,0.918,0.433,0.584,0.717,0.65,0.767
396,3,0.716,0.716,1.0,0.766,0.634,0.484,0.3,0.534
397,,0.666,0.666,0.95,0.716,0.584,0.434,0.25,0.484
398,,0.616,0.616,0.9,0.666,0.534,0.384,0.2,0.434
399,,0.566,0.566,0.85,0.616,0.484,0.334,0.15,0.384
400,,0.516,0.516,0.8,0.566,0.434,0.284,0.1,0.334
401,,0.466,0.466,0.75,0.516,0.384,0.234,0.05,0.284
402,,0.416,0.416,0.7,0.466,0.334,0.184,0.0,0.234
403,,0.366,0.366,0.65,0.416,0.284,0.134,-0.05,0.184
404,7,0.416,0.133,0.3,0.183,0.334,0.467,0.95,0.517
405,7,0.466,-0.1,-0.05,-0.05,0.384,0.8,1.0,0.85
406,2,0.799,0.9,0.283,0.0,0.151,0.45,0.767,0.9
407,2,1.0,1.0,0.616,0.05,-0.082,0.1,0.534,0.95
408,5,0.65,0.767,0.666,0.383,0.918,0.433,0.584,0.717
409,5,0.3,0.534,0.716,0.716,1.0,0.766,0.634,0.484
410,,0.25,0.484,0.666,0.666,0.95,0.716,0.584,0.434
411,,0.2,0.434,0.616,0.616,0.9,0.666,0.534,0.384
412,,0.15,0.384,0.566,0.566,0.85,0.616,0.484,0.334
413,,0.1,0.334,0.516,0.516,0.8,0.566,0.434,0.284
414,,0.05,0.284,0.466,0.466,0.75,0.516,0.384,0.234
415,,0.0,0.234,0.416,0.416,0.7,0.466,0.334,0.184
416,,-0.05,0.184,0.366,0.366,0.65,0.416,0.284,0.134
417,1,0.95,0.517,0.416,0.133,0.3,0.183,0.334,0.467
418,1,1.0,0.85,0.466,-0.1,-0.05,-0.05,0.384,0.8
419,4,0.767,0.9,0.799,0.9,0.283,0.0,0.151,0.45
420,4,0.534,0.95,1.0,1.0,0.616,0.05,-0.082,0.1
421,7,0.584,0.717,0.65,0.767,0.666,0.383,0.918,0.433
422,7,0.634,0.484,0.3,0.534,0.716,0.716,1.0,0.766
423,,0.584,0.434,0.25,0.484,0.666,0.666,0.95,0.716
424,,0.534,0.384,0.2,0.434,0.616,0.616,0.9,0.666
425,,0.484,0.334,0.15,0.384,0.566,0.566,0.85,0.616
426,,0.434,0.284,0.1,0.334,0.516,0.516,0.8,0.566
427,,0.384,0.234,0.05,0.284,0.466,0.466,0.75,0.516
428,,0.334,0.184,0.0,0.234,0.416,0.416,0.7,0.466
429,,0.284,0.134,-0.05,0.184,0.366,0.366,0.65,0.416
430,3,0.334,0.467,0.95,0.517,0.416,0.133,0.3,0.183
431,3,0.384,0.8,1.0,0.85,0.466,-0.1,-0.05,-0.05
432,6,0.151,0.45,0.767,0.9,0.799,0.9,0.283,0.0
433,6,-0.082,0.1,0.534,0.95,1.0,1.0,0.616,0.05
434,1,0.918,0.433,0.584,0.717,0.65,0.767,0.666,0.383
435,1,1.0,0.766,0.634,0.484,0.3,0.534,0.716,0.716
436,,0.95,0.716,0.584,0.434,0.25,0.484,0.666,0.666
437,,0.9,0.666,0.534,0.384,0.2,0.434,0.616,0.616
438,,0.85,0.616,0.484,0.334,0.15,0.384,0.566,0.566
439,,0.8,0.566,0.434,0.284,0.1,0.334,0.516,0.516
440,,0.75,0.516,0.384,0.234,0.05,0.284,0.466,0.466
441,,0.7,0.466,0.334,0.184,0.0,0.234,0.416,0.416
442,,0.65,0.416,0.284,0.134,-0.05,0.184,0.366,0.366
443,5,0.3,0.183,0.334,0.467,0.95,0.517,0.416,0.133
444,5,-0.05,-0.05,0.384,0.8,1.0,0.85,0.466,-0.1
445,8,0.283,0.0,0.151,0.45,0.767,0.9,0.799,0.9
446,8,0.616,0.05,-0.082,0.1,0.534,0.95,1.0,1.0
447,3,0.666,0.383,0.918,0.433,0.584,0.717,0.65,0.767
448,3,0.716,0.716,1.0,0.766,0.634,0.484,0.3,0.534
449,,0.666,0.666,0.95,0.716,0.584,0.434,0.25,0.484
450,,0.616,0.616,0.9,0.666,0.534,0.384,0.2,0.434
451,,0.566,0.566,0.85,0.616,0.484,0.334,0.15,0.384
452,,0.516,0.516,0.8,0.566,0.434,0.284,0.1,0.334
453,,0.466,0.466,0.75,0.516,0.384,0.234,0.05,0.284
454,,0.416,0.416,0.7,0.466,0.334,0.184,0.0,0.234
455,,0.366,0.366,0.65,0.416,0.284,0.134,-0.05,0.184
456,7,0.416,0.133,0.3,0.183,0.334,0.467,0.95,0.517
457,7,0.466,-0.1,-0.05,-0.05,0.384,0.8,1.0,0.85
458,2,0.799,0.9,0.283,0.0,0.151,0.45,0.767,0.9
459,2,1.0,1.0,0.616,0.05,-0.082,0.1,0.534,0.95
460,5,0.65,0.767,0.666,0.383,0.918,0.433,0.584,0.717
461,5,0.3,0.534,0.716,0.716,1.0,0.766,0.634,0.484
462,,0.25,0.484,0.666,0.666,0.95,0.716,0.584,0.434
463,,0.2,0.434,0.616,0.616,0.9,0.666,0.534,0.384
464,,0.15,0.384,0.566,0.566,0.85,0.616,0.484,0.334
465,,0.1,0.334,0.516,0.516,0.8,0.566,0.434,0.284
466,,0.05,0.284,0.466,0.466,0.75,0.516,0.384,0.234
467,,0.0,0.234,0.416,0.416,0.7,0.466,0.334,0.184
468,,-0.05,0.184,0.366,0.366,0.65,0.416,0.284,0.134
469,1,0.95,0.517,0.416,0.133,0.3,0.183,0.334,0.467
470,1,1.0,0.85,0.466,-0.1,-0.05,-0.05,0.384,0.8
471,4,0.767,0.9,0.799,0.9,0.283,0.0,0.151,0.45
472,4,0.534,0.95,1.0,1.0,0.616,0.05,-0.082,0.1
473,7,0.584,0.717,0.65,0.767,0.666,0.383,0.918,0.433
474,7,0.634,0.484,0.3,0.534,0.716,0.716,1.0,0.766
475,,0.584,0.434,0.25,0.484,0.666,0.666,0.95,0.716
476,,0.534,0.384,0.2,0.434,0.616,0.616,0.9,0.666
477,,0.484,0.334,0.15,0.384,0.566,0.566,0.85,0.616
478,,0.434,0.284,0.1,0.334,0.516,0.516,0.8,0.566
479,,0.384,0.234,0.05,0.284,0.466,0.466,0.75,0.516
480,,0.334,0.184,0.0,0.234,0.416,0.416,0.7,0.466
481,,0.284,0.134,-0.05,0.184,0.366,0.366,0.65,0.416
482,3,0.334,0.467,0.95,0.517,0.416,0.133,0.3,0.183
483,3,0.384,0.8,1.0,0.85,0.466,-0.1,-0.05,-0.05
484,6,0.151,0.45,0.767,0.9,0.799,0.9,0.283,0.0
485,6,-0.082,0.1,0.534,0.95,1.0,1.0,0.616,0.05
486,1,0.918,0.433,0.584,0.717,0.65,0.767,0.666,0.383
487,1,1.0,0.766,0.634,0.484,0.3,0.534,0.716,0.716
488,,0.95,0.716,0.584,0.434,0.25,0.484,0.666,0.666
489,,0.9,0.666,0.534,0.384,0.2,0.434,0.616,0.616
490,,0.85,0.616,0.484,0.334,0.15,0.384,0.566,0.566
491,,0.8,0.566,0.434,0.284,0.1,0.334,0.516,0.516
492,,0.75,0.516,0.384,0.234,0.05,0.284,0.466,0.466
493,,0.7,0.466,0.334,0.184,0.0,0.234,0.416,0.416
494,,0.65,0.416,0.284,0.134,-0.05,0.184,0.366,0.366
495,5,0.3,0.183,0.334,0.467,0.95,0.517,0.416,0.133
496,5,-0.05,-0.05,0.384,0.8,1.0,0.85,0.466,-0.1
497,8,0.283,0.0,0.151,0.45,0.767,0.9,0.799,0.9
498,8,0.616,0.05,-0.082,0.1,0.534,0.95,1.0,1.0
499,3,0.666,0.383,0.918,0.433,0.584,0.717,0.65,0.767
