step,active_motive,motive_1,motive_2,motive_3,motive_4,motive_5,motive_6,motive_7,motive_8
0,,0.09367,0.01375,0.03411,0.01135,0.09247,0.08773,0.02579,0.066
1,,0.07367,-0.00625,0.01411,-0.00865,0.07247,0.06773,0.00579,0.046
2,4,0.08267,0.07375,0.16511,0.99135,0.22347,0.14773,0.01479,0.026
3,4,0.09167,0.15375,0.31611,1.0,0.37447,0.22773,0.02379,0.006
4,,0.07167,0.13375,0.29611,0.98,0.35447,0.20773,0.00379,-0.014
5,8,0.22267,0.21375,0.30511,0.96,0.36347,0.28773,0.15479,0.986
6,8,0.37367,0.29375,0.31411,0.94,0.37247,0.36773,0.30579,1.0
7,,0.35367,0.27375,0.29411,0.92,0.35247,0.34773,0.28579,0.98
8,,0.33367,0.25375,0.27411,0.9,0.33247,0.32773,0.26579,0.96
9,,0.31367,0.23375,0.25411,0.88,0.31247,0.30773,0.24579,0.94
10,,0.29367,0.21375,0.23411,0.86,0.29247,0.28773,0.22579,0.92
11,,0.27367,0.19375,0.21411,0.84,0.27247,0.26773,0.20579,0.9
12,,0.25367,0.17375,0.19411,0.82,0.25247,0.24773,0.18579,0.88
13,,0.23367,0.15375,0.17411,0.8,0.23247,0.22773,0.16579,0.86
14,,0.21367,0.13375,0.15411,0.78,0.21247,0.20773,0.14579,0.84
15,,0.19367,0.11375,0.13411,0.76,0.19247,0.18773,0.12579,0.82
16,,0.17367,0.09375,0.11411,0.74,0.17247,0.16773,0.10579,0.8
17,,0.15367,0.07375,0.09411,0.72,0.15247,0.14773,0.08579,0.78
18,,0.13367,0.05375,0.07411,0.7,0.13247,0.12773,0.06579,0.76
19,,0.11367,0.03375,0.05411,0.68,0.11247,0.10773,0.04579,0.74
20,,0.09367,0.01375,0.03411,0.66,0.09247,0.08773,0.02579,0.72
21,,0.07367,-0.00625,0.01411,0.64,0.07247,0.06773,0.00579,0.7
22,2,0.22467,0.99375,0.16511,0.72,0.08147,0.04773,0.01479,0.78
23,2,0.37567,1.0,0.31611,0.8,0.09047,0.02773,0.02379,0.86
24,,0.35567,0.98,0.29611,0.78,0.07047,0.00773,0.00379,0.84
25,,0.33567,0.96,0.27611,0.76,0.05047,-0.01227,-0.01621,0.82
26,7,0.41567,0.969,0.25611,0.769,0.13047,0.13873,0.98379,0.971
27,7,0.49567,0.978,0.23611,0.778,0.21047,0.28973,1.0,1.0
28,,0.47567,0.958,0.21611,0.758,0.19047,0.26973,0.98,0.98
29,,0.45567,0.938,0.19611,0.738,0.17047,0.24973,0.96,0.96
30,,0.43567,0.918,0.17611,0.718,0.15047,0.22973,0.94,0.94
31,,0.41567,0.898,0.15611,0.698,0.13047,0.20973,0.92,0.92
32,,0.39567,0.878,0.13611,0.678,0.11047,0.18973,0.9,0.9
33,,0.37567,0.858,0.11611,0.658,0.09047,0.16973,0.88,0.88
34,,0.35567,0.838,0.09611,0.638,0.07047,0.14973,0.86,0.86
35,,0.33567,0.818,0.07611,0.618,0.05047,0.12973,0.84,0.84
36,,0.31567,0.798,0.05611,0.598,0.03047,0.10973,0.82,0.82
37,,0.29567,0.778,0.03611,0.578,0.01047,0.08973,0.8,0.8
38,,0.27567,0.758,0.01611,0.558,-0.00953,0.06973,0.78,0.78
39,5,0.25567,0.767,0.09611,0.709,0.99047,0.22073,0.86,0.789
40,5,0.23567,0.776,0.17611,0.86,1.0,0.37173,0.94,0.798
41,,0.21567,0.756,0.15611,0.84,0.98,0.35173,0.92,0.778
42,,0.19567,0.736,0.13611,0.82,0.96,0.33173,0.9,0.758
43,,0.17567,0.716,0.11611,0.8,0.94,0.31173,0.88,0.738
44,,0.15567,0.696,0.09611,0.78,0.92,0.29173,0.86,0.718
45,,0.13567,0.676,0.07611,0.76,0.9,0.27173,0.84,0.698
46,,0.11567,0.656,0.05611,0.74,0.88,0.25173,0.82,0.678
47,,0.09567,0.636,0.03611,0.72,0.86,0.23173,0.8,0.658
48,,0.07567,0.616,0.01611,0.7,0.84,0.21173,0.78,0.638
49,,0.05567,0.596,-0.00389,0.68,0.82,0.19173,0.76,0.618
50,3,0.13567,0.747,0.99611,0.831,0.9,0.20073,0.74,0.627
51,3,0.21567,0.898,1.0,0.982,0.98,0.20973,0.72,0.636
52,,0.19567,0.878,0.98,0.962,0.96,0.18973,0.7,0.616
53,,0.17567,0.858,0.96,0.942,0.94,0.16973,0.68,0.596
54,,0.15567,0.838,0.94,0.922,0.92,0.14973,0.66,0.576
55,,0.13567,0.818,0.92,0.902,0.9,0.12973,0.64,0.556
56,,0.11567,0.798,0.9,0.882,0.88,0.10973,0.62,0.536
57,,0.09567,0.778,0.88,0.862,0.86,0.08973,0.6,0.516
58,,0.07567,0.758,0.86,0.842,0.84,0.06973,0.58,0.496
59,,0.05567,0.738,0.84,0.822,0.82,0.04973,0.56,0.476
60,,0.03567,0.718,0.82,0.802,0.8,0.02973,0.54,0.456
61,,0.01567,0.698,0.8,0.782,0.78,0.00973,0.52,0.436
62,,-0.00433,0.678,0.78,0.762,0.76,-0.01027,0.5,0.416
63,6,0.00467,0.658,0.789,0.842,0.911,0.98973,0.651,0.496
64,6,0.01367,0.638,0.798,0.922,1.0,1.0,0.802,0.576
65,,-0.00633,0.618,0.778,0.902,0.98,0.98,0.782,0.556
66,1,0.99367,0.769,0.858,0.911,0.96,0.989,0.862,0.707
67,1,1.0,0.92,0.938,0.92,0.94,0.998,0.942,0.858
68,,0.98,0.9,0.918,0.9,0.92,0.978,0.922,0.838
69,,0.96,0.88,0.898,0.88,0.9,0.958,0.902,0.818
70,,0.94,0.86,0.878,0.86,0.88,0.938,0.882,0.798
71,,0.92,0.84,0.858,0.84,0.86,0.918,0.862,0.778
72,,0.9,0.82,0.838,0.82,0.84,0.898,0.842,0.758
73,,0.88,0.8,0.818,0.8,0.82,0.878,0.822,0.738
74,,0.86,0.78,0.798,0.78,0.8,0.858,0.802,0.718
75,,0.84,0.76,0.778,0.76,0.78,0.838,0.782,0.698
76,,0.82,0.74,0.758,0.74,0.76,0.818,0.762,0.678
77,,0.8,0.72,0.738,0.72,0.74,0.798,0.742,0.658
78,,0.78,0.7,0.718,0.7,0.72,0.778,0.722,0.638
79,,0.76,0.68,0.698,0.68,0.7,0.758,0.702,0.618
80,,0.74,0.66,0.678,0.66,0.68,0.738,0.682,0.598
81,,0.72,0.64,0.658,0.64,0.66,0.718,0.662,0.578
82,,0.7,0.62,0.638,0.62,0.64,0.698,0.642,0.558
83,,0.68,0.6,0.618,0.6,0.62,0.678,0.622,0.538
84,,0.66,0.58,0.598,0.58,0.6,0.658,0.602,0.518
85,,0.64,0.56,0.578,0.56,0.58,0.638,0.582,0.498
86,,0.62,0.54,0.558,0.54,0.56,0.618,0.562,0.478
87,,0.6,0.52,0.538,0.52,0.54,0.598,0.542,0.458
88,,0.58,0.5,0.518,0.5,0.52,0.578,0.522,0.438
89,,0.56,0.48,0.498,0.48,0.5,0.558,0.502,0.418
90,,0.54,0.46,0.478,0.46,0.48,0.538,0.482,0.398
91,,0.52,0.44,0.458,0.44,0.46,0.518,0.462,0.378
92,,0.5,0.42,0.438,0.42,0.44,0.498,0.442,0.358
93,,0.48,0.4,0.418,0.4,0.42,0.478,0.422,0.338
94,,0.46,0.38,0.398,0.38,0.4,0.458,0.402,0.318
95,,0.44,0.36,0.378,0.36,0.38,0.438,0.382,0.298
96,,0.42,0.34,0.358,0.34,0.36,0.418,0.362,0.278
97,,0.4,0.32,0.338,0.32,0.34,0.398,0.342,0.258
98,,0.38,0.3,0.318,0.3,0.32,0.378,0.322,0.238
99,,0.36,0.28,0.298,0.28,0.3,0.358,0.302,0.218
100,,0.34,0.26,0.278,0.26,0.28,0.338,0.282,0.198
101,,0.32,0.24,0.258,0.24,0.26,0.318,0.262,0.178
102,,0.3,0.22,0.238,0.22,0.24,0.298,0.242,0.158
103,,0.28,0.2,0.218,0.2,0.22,0.278,0.222,0.138
104,,0.26,0.18,0.198,0.18,0.2,0.258,0.202,0.118
105,,0.24,0.16,0.178,0.16,0.18,0.238,0.182,0.098
106,,0.22,0.14,0.158,0.14,0.16,0.218,0.162,0.078
107,,0.2,0.12,0.138,0.12,0.14,0.198,0.142,0.058
108,,0.18,0.1,0.118,0.1,0.12,0.178,0.122,0.038
109,,0.16,0.08,0.098,0.08,0.1,0.158,0.102,0.018
110,,0.14,0.06,0.078,0.06,0.08,0.138,0.082,-0.002
111,8,0.291,0.14,0.087,0.04,0.089,0.218,0.233,0.998
112,8,0.442,0.22,0.096,0.02,0.098,0.298,0.384,1.0
113,,0.422,0.2,0.076,0.0,0.078,0.278,0.364,0.98
114,,0.402,0.18,0.056,-0.02,0.058,0.258,0.344,0.96
115,4,0.411,0.26,0.207,0.98,0.209,0.338,0.353,0.94
116,4,0.42,0.34,0.358,1.0,0.36,0.418,0.362,0.92
117,,0.4,0.32,0.338,0.98,0.34,0.398,0.342,0.9
118,,0.38,0.3,0.318,0.96,0.32,0.378,0.322,0.88
119,,0.36,0.28,0.298,0.94,0.3,0.358,0.302,0.86
120,,0.34,0.26,0.278,0.92,0.28,0.338,0.282,0.84
121,,0.32,0.24,0.258,0.9,0.26,0.318,0.262,0.82
122,,0.3,0.22,0.238,0.88,0.24,0.298,0.242,0.8
123,,0.28,0.2,0.218,0.86,0.22,0.278,0.222,0.78
124,,0.26,0.18,0.198,0.84,0.2,0.258,0.202,0.76
125,,0.24,0.16,0.178,0.82,0.18,0.238,0.182,0.74
126,,0.22,0.14,0.158,0.8,0.16,0.218,0.162,0.72
127,,0.2,0.12,0.138,0.78,0.14,0.198,0.142,0.7
128,,0.18,0.1,0.118,0.76,0.12,0.178,0.122,0.68
129,,0.16,0.08,0.098,0.74,0.1,0.158,0.102,0.66
130,,0.14,0.06,0.078,0.72,0.08,0.138,0.082,0.64
131,,0.12,0.04,0.058,0.7,0.06,0.118,0.062,0.62
132,,0.1,0.02,0.038,0.68,0.04,0.098,0.042,0.6
133,,0.08,0.0,0.018,0.66,0.02,0.078,0.022,0.58
134,,0.06,-0.02,-0.002,0.64,0.0,0.058,0.002,0.56
135,2,0.211,0.98,0.149,0.72,0.009,0.038,0.011,0.64
136,2,0.362,1.0,0.3,0.8,0.018,0.018,0.02,0.72
137,,0.342,0.98,0.28,0.78,-0.002,-0.002,0.0,0.7
138,6,0.351,0.96,0.289,0.86,0.149,0.998,0.151,0.78
139,6,0.36,0.94,0.298,0.94,0.3,1.0,0.302,0.86
140,,0.34,0.92,0.278,0.92,0.28,0.98,0.282,0.84
141,,0.32,0.9,0.258,0.9,0.26,0.96,0.262,0.82
142,,0.3,0.88,0.238,0.88,0.24,0.94,0.242,0.8
143,,0.28,0.86,0.218,0.86,0.22,0.92,0.222,0.78
144,,0.26,0.84,0.198,0.84,0.2,0.9,0.202,0.76
145,,0.24,0.82,0.178,0.82,0.18,0.88,0.182,0.74
146,,0.22,0.8,0.158,0.8,0.16,0.86,0.162,0.72
147,,0.2,0.78,0.138,0.78,0.14,0.84,0.142,0.7
148,,0.18,0.76,0.118,0.76,0.12,0.82,0.122,0.68
149,,0.16,0.74,0.098,0.74,0.1,0.8,0.102,0.66
150,,0.14,0.72,0.078,0.72,0.08,0.78,0.082,0.64
151,,0.12,0.7,0.058,0.7,0.06,0.76,0.062,0.62
152,,0.1,0.68,0.038,0.68,0.04,0.74,0.042,0.6
153,,0.08,0.66,0.018,0.66,0.02,0.72,0.022,0.58
154,,0.06,0.64,-0.002,0.64,0.0,0.7,0.002,0.56
155,3,0.14,0.791,0.998,0.791,0.08,0.709,-0.018,0.569
156,3,0.22,0.942,1.0,0.942,0.16,0.718,-0.038,0.578
157,7,0.3,0.951,0.98,0.951,0.24,0.869,0.962,0.729
158,7,0.38,0.96,0.96,0.96,0.32,1.0,1.0,0.88
159,,0.36,0.94,0.94,0.94,0.3,0.98,0.98,0.86
160,,0.34,0.92,0.92,0.92,0.28,0.96,0.96,0.84
161,,0.32,0.9,0.9,0.9,0.26,0.94,0.94,0.82
162,,0.3,0.88,0.88,0.88,0.24,0.92,0.92,0.8
163,,0.28,0.86,0.86,0.86,0.22,0.9,0.9,0.78
164,,0.26,0.84,0.84,0.84,0.2,0.88,0.88,0.76
165,,0.24,0.82,0.82,0.82,0.18,0.86,0.86,0.74
166,,0.22,0.8,0.8,0.8,0.16,0.84,0.84,0.72
167,,0.2,0.78,0.78,0.78,0.14,0.82,0.82,0.7
168,,0.18,0.76,0.76,0.76,0.12,0.8,0.8,0.68
169,,0.16,0.74,0.74,0.74,0.1,0.78,0.78,0.66
170,,0.14,0.72,0.72,0.72,0.08,0.76,0.76,0.64
171,,0.12,0.7,0.7,0.7,0.06,0.74,0.74,0.62
172,,0.1,0.68,0.68,0.68,0.04,0.72,0.72,0.6
173,,0.08,0.66,0.66,0.66,0.02,0.7,0.7,0.58
174,,0.06,0.64,0.64,0.64,0.0,0.68,0.68,0.56
175,,0.04,0.62,0.62,0.62,-0.02,0.66,0.66,0.54
176,5,0.02,0.629,0.7,0.771,0.98,0.811,0.74,0.549
177,5,0.0,0.638,0.78,0.922,1.0,0.962,0.82,0.558
178,,-0.02,0.618,0.76,0.902,0.98,0.942,0.8,0.538
179,1,0.98,0.769,0.84,0.911,0.96,0.951,0.88,0.689
180,1,1.0,0.92,0.92,0.92,0.94,0.96,0.96,0.84
181,,0.98,0.9,0.9,0.9,0.92,0.94,0.94,0.82
182,,0.96,0.88,0.88,0.88,0.9,0.92,0.92,0.8
183,,0.94,0.86,0.86,0.86,0.88,0.9,0.9,0.78
184,,0.92,0.84,0.84,0.84,0.86,0.88,0.88,0.76
185,,0.9,0.82,0.82,0.82,0.84,0.86,0.86,0.74
186,,0.88,0.8,0.8,0.8,0.82,0.84,0.84,0.72
187,,0.86,0.78,0.78,0.78,0.8,0.82,0.82,0.7
188,,0.84,0.76,0.76,0.76,0.78,0.8,0.8,0.68
189,,0.82,0.74,0.74,0.74,0.76,0.78,0.78,0.66
190,,0.8,0.72,0.72,0.72,0.74,0.76,0.76,0.64
191,,0.78,0.7,0.7,0.7,0.72,0.74,0.74,0.62
192,,0.76,0.68,0.68,0.68,0.7,0.72,0.72,0.6
193,,0.74,0.66,0.66,0.66,0.68,0.7,0.7,0.58
194,,0.72,0.64,0.64,0.64,0.66,0.68,0.68,0.56
195,,0.7,0.62,0.62,0.62,0.64,0.66,0.66,0.54
196,,0.68,0.6,0.6,0.6,0.62,0.64,0.64,0.52
197,,0.66,0.58,0.58,0.58,0.6,0.62,0.62,0.5
198,,0.64,0.56,0.56,0.56,0.58,0.6,0.6,0.48
199,,0.62,0.54,0.54,0.54,0.56,0.58,0.58,0.46
200,,0.6,0.52,0.52,0.52,0.54,0.56,0.56,0.44
201,,0.58,0.5,0.5,0.5,0.52,0.54,0.54,0.42
202,,0.56,0.48,0.48,0.48,0.5,0.52,0.52,0.4
203,,0.54,0.46,0.46,0.46,0.48,0.5,0.5,0.38
204,,0.52,0.44,0.44,0.44,0.46,0.48,0.48,0.36
205,,0.5,0.42,0.42,0.42,0.44,0.46,0.46,0.34
206,,0.48,0.4,0.4,0.4,0.42,0.44,0.44,0.32
207,,0.46,0.38,0.38,0.38,0.4,0.42,0.42,0.3
208,,0.44,0.36,0.36,0.36,0.38,0.4,0.4,0.28
209,,0.42,0.34,0.34,0.34,0.36,0.38,0.38,0.26
210,,0.4,0.32,0.32,0.32,0.34,0.36,0.36,0.24
211,,0.38,0.3,0.3,0.3,0.32,0.34,0.34,0.22
212,,0.36,0.28,0.28,0.28,0.3,0.32,0.32,0.2
213,,0.34,0.26,0.26,0.26,0.28,0.3,0.3,0.18
214,,0.32,0.24,0.24,0.24,0.26,0.28,0.28,0.16
215,,0.3,0.22,0.22,0.22,0.24,0.26,0.26,0.14
216,,0.28,0.2,0.2,0.2,0.22,0.24,0.24,0.12
217,,0.26,0.18,0.18,0.18,0.2,0.22,0.22,0.1
218,,0.24,0.16,0.16,0.16,0.18,0.2,0.2,0.08
219,,0.22,0.14,0.14,0.14,0.16,0.18,0.18,0.06
220,,0.2,0.12,0.12,0.12,0.14,0.16,0.16,0.04
221,,0.18,0.1,0.1,0.1,0.12,0.14,0.14,0.02
222,,0.16,0.08,0.08,0.08,0.1,0.12,0.12,0.0
223,,0.14,0.06,0.06,0.06,0.08,0.1,0.1,-0.02
224,8,0.291,0.14,0.069,0.04,0.089,0.18,0.251,0.98
225,8,0.442,0.22,0.078,0.02,0.098,0.26,0.402,1.0
226,,0.422,0.2,0.058,0.0,0.078,0.24,0.382,0.98
227,,0.402,0.18,0.038,-0.02,0.058,0.22,0.362,0.96
228,4,0.411,0.26,0.189,0.98,0.209,0.3,0.371,0.94
229,4,0.42,0.34,0.34,1.0,0.36,0.38,0.38,0.92
230,,0.4,0.32,0.32,0.98,0.34,0.36,0.36,0.9
231,,0.38,0.3,0.3,0.96,0.32,0.34,0.34,0.88
232,,0.36,0.28,0.28,0.94,0.3,0.32,0.32,0.86
233,,0.34,0.26,0.26,0.92,0.28,0.3,0.3,0.84
234,,0.32,0.24,0.24,0.9,0.26,0.28,0.28,0.82
235,,0.3,0.22,0.22,0.88,0.24,0.26,0.26,0.8
236,,0.28,0.2,0.2,0.86,0.22,0.24,0.24,0.78
237,,0.26,0.18,0.18,0.84,0.2,0.22,0.22,0.76
238,,0.24,0.16,0.16,0.82,0.18,0.2,0.2,0.74
239,,0.22,0.14,0.14,0.8,0.16,0.18,0.18,0.72
240,,0.2,0.12,0.12,0.78,0.14,0.16,0.16,0.7
241,,0.18,0.1,0.1,0.76,0.12,0.14,0.14,0.68
242,,0.16,0.08,0.08,0.74,0.1,0.12,0.12,0.66
243,,0.14,0.06,0.06,0.72,0.08,0.1,0.1,0.64
244,,0.12,0.04,0.04,0.7,0.06,0.08,0.08,0.62
245,,0.1,0.02,0.02,0.68,0.04,0.06,0.06,0.6
246,,0.08,0.0,0.0,0.66,0.02,0.04,0.04,0.58
247,,0.06,-0.02,-0.02,0.64,0.0,0.02,0.02,0.56
248,3,0.14,0.131,0.98,0.791,0.08,0.029,0.0,0.569
249,3,0.22,0.282,1.0,0.942,0.16,0.038,-0.02,0.578
250,7,0.3,0.291,0.98,0.951,0.24,0.189,0.98,0.729
251,7,0.38,0.3,0.96,0.96,0.32,0.34,1.0,0.88
252,,0.36,0.28,0.94,0.94,0.3,0.32,0.98,0.86
253,,0.34,0.26,0.92,0.92,0.28,0.3,0.96,0.84
254,,0.32,0.24,0.9,0.9,0.26,0.28,0.94,0.82
255,,0.3,0.22,0.88,0.88,0.24,0.26,0.92,0.8
256,,0.28,0.2,0.86,0.86,0.22,0.24,0.9,0.78
257,,0.26,0.18,0.84,0.84,0.2,0.22,0.88,0.76
258,,0.24,0.16,0.82,0.82,0.18,0.2,0.86,0.74
259,,0.22,0.14,0.8,0.8,0.16,0.18,0.84,0.72
260,,0.2,0.12,0.78,0.78,0.14,0.16,0.82,0.7
261,,0.18,0.1,0.76,0.76,0.12,0.14,0.8,0.68
262,,0.16,0.08,0.74,0.74,0.1,0.12,0.78,0.66
263,,0.14,0.06,0.72,0.72,0.08,0.1,0.76,0.64
264,,0.12,0.04,0.7,0.7,0.06,0.08,0.74,0.62
265,,0.1,0.02,0.68,0.68,0.04,0.06,0.72,0.6
266,,0.08,0.0,0.66,0.66,0.02,0.04,0.7,0.58
267,,0.06,-0.02,0.64,0.64,0.0,0.02,0.68,0.56
268,2,0.211,0.98,0.791,0.72,0.009,0.0,0.689,0.64
269,2,0.362,1.0,0.942,0.8,0.018,-0.02,0.698,0.72
270,6,0.371,0.98,0.951,0.88,0.169,0.98,0.849,0.8
271,6,0.38,0.96,0.96,0.96,0.32,1.0,1.0,0.88
272,,0.36,0.94,0.94,0.94,0.3,0.98,0.98,0.86
273,,0.34,0.92,0.92,0.92,0.28,0.96,0.96,0.84
274,,0.32,0.9,0.9,0.9,0.26,0.94,0.94,0.82
275,,0.3,0.88,0.88,0.88,0.24,0.92,0.92,0.8
276,,0.28,0.86,0.86,0.86,0.22,0.9,0.9,0.78
277,,0.26,0.84,0.84,0.84,0.2,0.88,0.88,0.76
278,,0.24,0.82,0.82,0.82,0.18,0.86,0.86,0.74
279,,0.22,0.8,0.8,0.8,0.16,0.84,0.84,0.72
280,,0.2,0.78,0.78,0.78,0.14,0.82,0.82,0.7
281,,0.18,0.76,0.76,0.76,0.12,0.8,0.8,0.68
282,,0.16,0.74,0.74,0.74,0.1,0.78,0.78,0.66
283,,0.14,0.72,0.72,0.72,0.08,0.76,0.76,0.64
284,,0.12,0.7,0.7,0.7,0.06,0.74,0.74,0.62
285,,0.1,0.68,0.68,0.68,0.04,0.72,0.72,0.6
286,,0.08,0.66,0.66,0.66,0.02,0.7,0.7,0.58
287,,0.06,0.64,0.64,0.64,0.0,0.68,0.68,0.56
288,,0.04,0.62,0.62,0.62,-0.02,0.66,0.66,0.54
289,5,0.02,0.629,0.7,0.771,0.98,0.811,0.74,0.549
290,5,0.0,0.638,0.78,0.922,1.0,0.962,0.82,0.558
291,,-0.02,0.618,0.76,0.902,0.98,0.942,0.8,0.538
292,1,0.98,0.769,0.84,0.911,0.96,0.951,0.88,0.689
293,1,1.0,0.92,0.92,0.92,0.94,0.96,0.96,0.84
294,,0.98,0.9,0.9,0.9,0.92,0.94,0.94,0.82
295,,0.96,0.88,0.88,0.88,0.9,0.92,0.92,0.8
296,,0.94,0.86,0.86,0.86,0.88,0.9,0.9,0.78
297,,0.92,0.84,0.84,0.84,0.86,0.88,0.88,0.76
298,,0.9,0.82,0.82,0.82,0.84,0.86,0.86,0.74
299,,0.88,0.8,0.8,0.8,0.82,0.84,0.84,0.72
300,,0.86,0.78,0.78,0.78,0.8,0.82,0.82,0.7
301,,0.84,0.76,0.76,0.76,0.78,0.8,0.8,0.68
302,,0.82,0.74,0.74,0.74,0.76,0.78,0.78,0.66
303,,0.8,0.72,0.72,0.72,0.74,0.76,0.76,0.64
304,,0.78,0.7,0.7,0.7,0.72,0.74,0.74,0.62
305,,0.76,0.68,0.68,0.68,0.7,0.72,0.72,0.6
306,,0.74,0.66,0.66,0.66,0.68,0.7,0.7,0.58
307,,0.72,0.64,0.64,0.64,0.66,0.68,0.68,0.56
308,,0.7,0.62,0.62,0.62,0.64,0.66,0.66,0.54
309,,0.68,0.6,0.6,0.6,0.62,0.64,0.64,0.52
310,,0.66,0.58,0.58,0.58,0.6,0.62,0.62,0.5
311,,0.64,0.56,0.56,0.56,0.58,0.6,0.6,0.48
312,,0.62,0.54,0.54,0.54,0.56,0.58,0.58,0.46
313,,0.6,0.52,0.52,0.52,0.54,0.56,0.56,0.44
314,,0.58,0.5,0.5,0.5,0.52,0.54,0.54,0.42
315,,0.56,0.48,0.48,0.48,0.5,0.52,0.52,0.4
316,,0.54,0.46,0.46,0.46,0.48,0.5,0.5,0.38
317,,0.52,0.44,0.44,0.44,0.46,0.48,0.48,0.36
318,,0.5,0.42,0.42,0.42,0.44,0.46,0.46,0.34
319,,0.48,0.4,0.4,0.4,0.42,0.44,0.44,0.32
320,,0.46,0.38,0.38,0.38,0.4,0.42,0.42,0.3
321,,0.44,0.36,0.36,0.36,0.38,0.4,0.4,0.28
322,,0.42,0.34,0.34,0.34,0.36,0.38,0.38,0.26
323,,0.4,0.32,0.32,0.32,0.34,0.36,0.36,0.24
324,,0.38,0.3,0.3,0.3,0.32,0.34,0.34,0.22
325,,0.36,0.28,0.28,0.28,0.3,0.32,0.32,0.2
326,,0.34,0.26,0.26,0.26,0.28,0.3,0.3,0.18
327,,0.32,0.24,0.24,0.24,0.26,0.28,0.28,0.16
328,,0.3,0.22,0.22,0.22,0.24,0.26,0.26,0.14
329,,0.28,0.2,0.2,0.2,0.22,0.24,0.24,0.12
330,,0.26,0.18,0.18,0.18,0.2,0.22,0.22,0.1
331,,0.24,0.16,0.16,0.16,0.18,0.2,0.2,0.08
332,,0.22,0.14,0.14,0.14,0.16,0.18,0.18,0.06
333,,0.2,0.12,0.12,0.12,0.14,0.16,0.16,0.04
334,,0.18,0.1,0.1,0.1,0.12,0.14,0.14,0.02
335,,0.16,0.08,0.08,0.08,0.1,0.12,0.12,0.0
336,,0.14,0.06,0.06,0.06,0.08,0.1,0.1,-0.02
337,8,0.291,0.14,0.069,0.04,0.089,0.18,0.251,0.98
338,8,0.442,0.22,0.078,0.02,0.098,0.26,0.402,1.0
339,,0.422,0.2,0.058,0.0,0.078,0.24,0.382,0.98
340,,0.402,0.18,0.038,-0.02,0.058,0.22,0.362,0.96
341,4,0.411,0.26,0.189,0.98,0.209,0.3,0.371,0.94
342,4,0.42,0.34,0.34,1.0,0.36,0.38,0.38,0.92
343,,0.4,0.32,0.32,0.98,0.34,0.36,0.36,0.9
344,,0.38,0.3,0.3,0.96,0.32,0.34,0.34,0.88
345,,0.36,0.28,0.28,0.94,0.3,0.32,0.32,0.86
346,,0.34,0.26,0.26,0.92,0.28,0.3,0.3,0.84
347,,0.32,0.24,0.24,0.9,0.26,0.28,0.28,0.82
348,,0.3,0.22,0.22,0.88,0.24,0.26,0.26,0.8
349,,0.28,0.2,0.2,0.86,0.22,0.24,0.24,0.78
350,,0.26,0.18,0.18,0.84,0.2,0.22,0.22,0.76
351,,0.24,0.16,0.16,0.82,0.18,0.2,0.2,0.74
352,,0.22,0.14,0.14,0.8,0.16,0.18,0.18,0.72
353,,0.2,0.12,0.12,0.78,0.14,0.16,0.16,0.7
354,,0.18,0.1,0.1,0.76,0.12,0.14,0.14,0.68
355,,0.16,0.08,0.08,0.74,0.1,0.12,0.12,0.66
356,,0.14,0.06,0.06,0.72,0.08,0.1,0.1,0.64
357,,0.12,0.04,0.04,0.7,0.06,0.08,0.08,0.62
358,,0.1,0.02,0.02,0.68,0.04,0.06,0.06,0.6
359,,0.08,0.0,0.0,0.66,0.02,0.04,0.04,0.58
360,,0.06,-0.02,-0.02,0.64,0.0,0.02,0.02,0.56
361,2,0.211,0.98,0.131,0.72,0.009,0.0,0.029,0.64
362,2,0.362,1.0,0.282,0.8,0.018,-0.02,0.038,0.72
363,6,0.371,0.98,0.291,0.88,0.169,0.98,0.189,0.8
364,6,0.38,0.96,0.3,0.96,0.32,1.0,0.34,0.88
365,,0.36,0.94,0.28,0.94,0.3,0.98,0.32,0.86
366,,0.34,0.92,0.26,0.92,0.28,0.96,0.3,0.84
367,,0.32,0.9,0.24,0.9,0.26,0.94,0.28,0.82
368,,0.3,0.88,0.22,0.88,0.24,0.92,0.26,0.8
369,,0.28,0.86,0.2,0.86,0.22,0.9,0.24,0.78
370,,0.26,0.84,0.18,0.84,0.2,0.88,0.22,0.76
371,,0.24,0.82,0.16,0.82,0.18,0.86,0.2,0.74
372,,0.22,0.8,0.14,0.8,0.16,0.84,0.18,0.72
373,,0.2,0.78,0.12,0.78,0.14,0.82,0.16,0.7
374,,0.18,0.76,0.1,0.76,0.12,0.8,0.14,0.68
375,,0.16,0.74,0.08,0.74,0.1,0.78,0.12,0.66
376,,0.14,0.72,0.06,0.72,0.08,0.76,0.1,0.64
377,,0.12,0.7,0.04,0.7,0.06,0.74,0.08,0.62
378,,0.1,0.68,0.02,0.68,0.04,0.72,0.06,0.6
379,,0.08,0.66,0.0,0.66,0.02,0.7,0.04,0.58
380,,0.06,0.64,-0.02,0.64,0.0,0.68,0.02,0.56
381,3,0.14,0.791,0.98,0.791,0.08,0.689,0.0,0.569
382,3,0.22,0.942,1.0,0.942,0.16,0.698,-0.02,0.578
383,7,0.3,0.951,0.98,0.951,0.24,0.849,0.98,0.729
384,7,0.38,0.96,0.96,0.96,0.32,1.0,1.0,0.88
385,,0.36,0.94,0.94,0.94,0.3,0.98,0.98,0.86
386,,0.34,0.92,0.92,0.92,0.28,0.96,0.96,0.84
387,,0.32,0.9,0.9,0.9,0.26,0.94,0.94,0.82
388,,0.3,0.88,0.88,0.88,0.24,0.92,0.92,0.8
389,,0.28,0.86,0.86,0.86,0.22,0.9,0.9,0.78
390,,0.26,0.84,0.84,0.84,0.2,0.88,0.88,0.76
391,,0.24,0.82,0.82,0.82,0.18,0.86,0.86,0.74
392,,0.22,0.8,0.8,0.8,0.16,0.84,0.84,0.72
393,,0.2,0.78,0.78,0.78,0.14,0.82,0.82,0.7
394,,0.18,0.76,0.76,0.76,0.12,0.8,0.8,0.68
395,,0.16,0.74,0.74,0.74,0.1,0.78,0.78,0.66
396,,0.14,0.72,0.72,0.72,0.08,0.76,0.76,0.64
397,,0.12,0.7,0.7,0.7,0.06,0.74,0.74,0.62
398,,0.1,0.68,0.68,0.68,0.04,0.72,0.72,0.6
399,,0.08,0.66,0.66,0.66,0.02,0.7,0.7,0.58
400,,0.06,0.64,0.64,0.64,0.0,0.68,0.68,0.56
401,,0.04,0.62,0.62,0.62,-0.02,0.66,0.66,0.54
402,5,0.02,0.629,0.7,0.771,0.98,0.811,0.74,0.549
403,5,0.0,0.638,0.78,0.922,1.0,0.962,0.82,0.558
404,,-0.02,0.618,0.76,0.902,0.98,0.942,0.8,0.538
405,1,0.98,0.769,0.84,0.911,0.96,0.951,0.88,0.689
406,1,1.0,0.92,0.92,0.92,0.94,0.96,0.96,0.84
407,,0.98,0.9,0.9,0.9,0.92,0.94,0.94,0.82
408,,0.96,0.88,0.88,0.88,0.9,0.92,0.92,0.8
409,,0.94,0.86,0.86,0.86,0.88,0.9,0.9,0.78
410,,0.92,0.84,0.84,0.84,0.86,0.88,0.88,0.76
411,,0.9,0.82,0.82,0.82,0.84,0.86,0.86,0.74
412,,0.88,0.8,0.8,0.8,0.82,0.84,0.84,0.72
413,,0.86,0.78,0.78,0.78,0.8,0.82,0.82,0.7
414,,0.84,0.76,0.76,0.76,0.78,0.8,0.8,0.68
415,,0.82,0.74,0.74,0.74,0.76,0.78,0.78,0.66
416,,0.8,0.72,0.72,0.72,0.74,0.76,0.76,0.64
417,,0.78,0.7,0.7,0.7,0.72,0.74,0.74,0.62
418,,0.76,0.68,0.68,0.68,0.7,0.72,0.72,0.6
419,,0.74,0.66,0.66,0.66,0.68,0.7,0.7,0.58
420,,0.72,0.64,0.64,0.64,0.66,0.68,0.68,0.56
421,,0.7,0.62,0.62,0.62,0.64,0.66,0.66,0.54
422,,0.68,0.6,0.6,0.6,0.62,0.64,0.64,0.52
423,,0.66,0.58,0.58,0.58,0.6,0.62,0.62,0.5
424,,0.64,0.56,0.56,0.56,0.58,0.6,0.6,0.48
425,,0.62,0.54,0.54,0.54,0.56,0.58,0.58,0.46
426,,0.6,0.52,0.52,0.52,0.54,0.56,0.56,0.44
427,,0.58,0.5,0.5,0.5,0.52,0.54,0.54,0.42
428,,0.56,0.48,0.48,0.48,0.5,0.52,0.52,0.4
429,,0.54,0.46,0.46,0.46,0.48,0.5,0.5,0.38
430,,0.52,0.44,0.44,0.44,0.46,0.48,0.48,0.36
431,,0.5,0.42,0.42,0.42,0.44,0.46,0.46,0.34
432,,0.48,0.4,0.4,0.4,0.42,0.44,0.44,0.32
433,,0.46,0.38,0.38,0.38,0.4,0.42,0.42,0.3
434,,0.44,0.36,0.36,0.36,0.38,0.4,0.4,0.28
435,,0.42,0.34,0.34,0.34,0.36,0.38,0.38,0.26
436,,0.4,0.32,0.32,0.32,0.34,0.36,0.36,0.24
437,,0.38,0.3,0.3,0.3,0.32,0.34,0.34,0.22
438,,0.36,0.28,0.28,0.28,0.3,0.32,0.32,0.2
439,,0.34,0.26,0.26,0.26,0.28,0.3,0.3,0.18
440,,0.32,0.24,0.24,0.24,0.26,0.28,0.28,0.16
441,,0.3,0.22,0.22,0.22,0.24,0.26,0.26,0.14
442,,0.28,0.2,0.2,0.2,0.22,0.24,0.24,0.12
443,,0.26,0.18,0.18,0.18,0.2,0.22,0.22,0.1
444,,0.24,0.16,0.16,0.16,0.18,0.2,0.2,0.08
445,,0.22,0.14,0.14,0.14,0.16,0.18,0.18,0.06
446,,0.2,0.12,0.12,0.12,0.14,0.16,0.16,0.04
447,,0.18,0.1,0.1,0.1,0.12,0.14,0.14,0.02
448,,0.16,0.08,0.08,0.08,0.1,0.12,0.12,0.0
449,,0.14,0.06,0.06,0.06,0.08,0.1,0.1,-0.02
450,8,0.291,0.14,0.069,0.04,0.089,0.18,0.251,0.98
451,8,0.442,0.22,0.078,0.02,0.098,0.26,0.402,1.0
452,,0.422,0.2,0.058,0.0,0.078,0.24,0.382,0.98
453,,0.402,0.18,0.038,-0.02,0.058,0.22,0.362,0.96
454,4,0.411,0.26,0.189,0.98,0.209,0.3,0.371,0.94
455,4,0.42,0.34,0.34,1.0,0.36,0.38,0.38,0.92
456,,0.4,0.32,0.32,0.98,0.34,0.36,0.36,0.9
457,,0.38,0.3,0.3,0.96,0.32,0.34,0.34,0.88
458,,0.36,0.28,0.28,0.94,0.3,0.32,0.32,0.86
459,,0.34,0.26,0.26,0.92,0.28,0.3,0.3,0.84
460,,0.32,0.24,0.24,0.9,0.26,0.28,0.28,0.82
461,,0.3,0.22,0.22,0.88,0.24,0.26,0.26,0.8
462,,0.28,0.2,0.2,0.86,0.22,0.24,0.24,0.78
463,,0.26,0.18,0.18,0.84,0.2,0.22,0.22,0.76
464,,0.24,0.16,0.16,0.82,0.18,0.2,0.2,0.74
465,,0.22,0.14,0.14,0.8,0.16,0.18,0.18,0.72
466,,0.2,0.12,0.12,0.78,0.14,0.16,0.16,0.7
467,,0.18,0.1,0.1,0.76,0.12,0.14,0.14,0.68
468,,0.16,0.08,0.08,0.74,0.1,0.12,0.12,0.66
469,,0.14,0.06,0.06,0.72,0.08,0.1,0.1,0.64
470,,0.12,0.04,0.04,0.7,0.06,0.08,0.08,0.62
471,,0.1,0.02,0.02,0.68,0.04,0.06,0.06,0.6
472,,0.08,0.0,0.0,0.66,0.02,0.04,0.04,0.58
473,,0.06,-0.02,-0.02,0.64,0.0,0.02,0.02,0.56
474,3,0.14,0.131,0.98,0.791,0.08,0.029,0.0,0.569
475,3,0.22,0.282,1.0,0.942,0.16,0.038,-0.02,0.578
476,7,0.3,0.291,0.98,0.951,0.24,0.189,0.98,0.729
477,7,0.38,0.3,0.96,0.96,0.32,0.34,1.0,0.88
478,,0.36,0.28,0.94,0.94,0.3,0.32,0.98,0.86
479,,0.34,0.26,0.92,0.92,0.28,0.3,0.96,0.84
480,,0.32,0.24,0.9,0.9,0.26,0.28,0.94,0.82
481,,0.3,0.22,0.88,0.88,0.24,0.26,0.92,0.8
482,,0.28,0.2,0.86,0.86,0.22,0.24,0.9,0.78
483,,0.26,0.18,0.84,0.84,0.2,0.22,0.88,0.76
484,,0.24,0.16,0.82,0.82,0.18,0.2,0.86,0.74
485,,0.22,0.14,0.8,0.8,0.16,0.18,0.84,0.72
486,,0.2,0.12,0.78,0.78,0.14,0.16,0.82,0.7
487,,0.18,0.1,0.76,0.76,0.12,0.14,0.8,0.68
488,,0.16,0.08,0.74,0.74,0.1,0.12,0.78,0.66
489,,0.14,0.06,0.72,0.72,0.08,0.1,0.76,0.64
490,,0.12,0.04,0.7,0.7,0.06,0.08,0.74,0.62
491,,0.1,0.02,0.68,0.68,0.04,0.06,0.72,0.6
492,,0.08,0.0,0.66,0.66,0.02,0.04,0.7,0.58
493,,0.06,-0.02,0.64,0.64,0.0,0.02,0.68,0.56
494,2,0.211,0.98,0.791,0.72,0.009,0.0,0.689,0.64
495,2,0.362,1.0,0.942,0.8,0.018,-0.02,0.698,0.72
496,6,0.371,0.98,0.951,0.88,0.169,0.98,0.849,0.8
497,6,0.38,0.96,0.96,0.96,0.32,1.0,1.0,0.88
498,,0.36,0.94,0.94,0.94,0.3,0.98,0.98,0.86
499,,0.34,0.92,0.92,0.92,0.28,0.96,0.96,0.84
