step,active_motive,motive_1,motive_2,motive_3,motive_4,motive_5,motive_6,motive_7,motive_8
0,,0.077,0.02158,0.06229,0.00853,0.00517,0.05314,0.05406,0.06374
1,,0.057,0.00158,0.04229,-0.01147,-0.01483,0.03314,0.03406,0.04374
2,5,0.037,0.01058,0.12229,0.13953,0.98517,0.18414,0.11406,0.05274
3,5,0.017,0.01958,0.20229,0.29053,1.0,0.33514,0.19406,0.06174
4,,-0.003,-0.00042,0.18229,0.27053,0.98,0.31514,0.17406,0.04174
5,1,0.997,0.15058,0.26229,0.27953,0.96,0.32414,0.25406,0.19274
6,1,1.0,0.30158,0.34229,0.28853,0.94,0.33314,0.33406,0.34374
7,,0.98,0.28158,0.32229,0.26853,0.92,0.31314,0.31406,0.32374
8,,0.96,0.26158,0.30229,0.24853,0.9,0.29314,0.29406,0.30374
9,,0.94,0.24158,0.28229,0.22853,0.88,0.27314,0.27406,0.28374
10,,0.92,0.22158,0.26229,0.20853,0.86,0.25314,0.25406,0.26374
11,,0.9,0.20158,0.24229,0.18853,0.84,0.23314,0.23406,0.24374
12,,0.88,0.18158,0.22229,0.16853,0.82,0.21314,0.21406,0.22374
13,,0.86,0.16158,0.20229,0.14853,0.8,0.19314,0.19406,0.20374
14,,0.84,0.14158,0.18229,0.12853,0.78,0.17314,0.17406,0.18374
15,,0.82,0.12158,0.16229,0.10853,0.76,0.15314,0.15406,0.16374
16,,0.8,0.10158,0.14229,0.08853,0.74,0.13314,0.13406,0.14374
17,,0.78,0.08158,0.12229,0.06853,0.72,0.11314,0.11406,0.12374
18,,0.76,0.06158,0.10229,0.04853,0.7,0.09314,0.09406,0.10374
19,,0.74,0.04158,0.08229,0.02853,0.68,0.07314,0.07406,0.08374
20,,0.72,0.02158,0.06229,0.00853,0.66,0.05314,0.05406,0.06374
21,,0.7,0.00158,0.04229,-0.01147,0.64,0.03314,0.03406,0.04374
22,4,0.709,0.08158,0.19329,0.98853,0.791,0.11314,0.04306,0.02374
23,4,0.718,0.16158,0.34429,1.0,0.942,0.19314,0.05206,0.00374
24,,0.698,0.14158,0.32429,0.98,0.922,0.17314,0.03206,-0.01626
25,8,0.849,0.22158,0.33329,0.96,0.931,0.25314,0.18306,0.98374
26,8,1.0,0.30158,0.34229,0.94,0.94,0.33314,0.33406,1.0
27,,0.98,0.28158,0.32229,0.92,0.92,0.31314,0.31406,0.98
28,,0.96,0.26158,0.30229,0.9,0.9,0.29314,0.29406,0.96
29,,0.94,0.24158,0.28229,0.88,0.88,0.27314,0.27406,0.94
30,,0.92,0.22158,0.26229,0.86,0.86,0.25314,0.25406,0.92
31,,0.9,0.20158,0.24229,0.84,0.84,0.23314,0.23406,0.9
32,,0.88,0.18158,0.22229,0.82,0.82,0.21314,0.21406,0.88
33,,0.86,0.16158,0.20229,0.8,0.8,0.19314,0.19406,0.86
34,,0.84,0.14158,0.18229,0.78,0.78,0.17314,0.17406,0.84
35,,0.82,0.12158,0.16229,0.76,0.76,0.15314,0.15406,0.82
36,,0.8,0.10158,0.14229,0.74,0.74,0.13314,0.13406,0.8
37,,0.78,0.08158,0.12229,0.72,0.72,0.11314,0.11406,0.78
38,,0.76,0.06158,0.10229,0.7,0.7,0.09314,0.09406,0.76
39,,0.74,0.04158,0.08229,0.68,0.68,0.07314,0.07406,0.74
40,,0.72,0.02158,0.06229,0.66,0.66,0.05314,0.05406,0.72
41,,0.7,0.00158,0.04229,0.64,0.64,0.03314,0.03406,0.7
42,,0.68,-0.01842,0.02229,0.62,0.62,0.01314,0.01406,0.68
43,2,0.831,0.98158,0.17329,0.7,0.629,-0.00686,0.02306,0.76
44,2,0.982,1.0,0.32429,0.78,0.638,-0.02686,0.03206,0.84
45,6,0.991,0.98,0.33329,0.86,0.789,0.97314,0.18306,0.92
46,6,1.0,0.96,0.34229,0.94,0.94,1.0,0.33406,1.0
47,,0.98,0.94,0.32229,0.92,0.92,0.98,0.31406,0.98
48,,0.96,0.92,0.30229,0.9,0.9,0.96,0.29406,0.96
49,,0.94,0.9,0.28229,0.88,0.88,0.94,0.27406,0.94
50,,0.92,0.88,0.26229,0.86,0.86,0.92,0.25406,0.92
51,,0.9,0.86,0.24229,0.84,0.84,0.9,0.23406,0.9
52,,0.88,0.84,0.22229,0.82,0.82,0.88,0.21406,0.88
53,,0.86,0.82,0.20229,0.8,0.8,0.86,0.19406,0.86
54,,0.84,0.8,0.18229,0.78,0.78,0.84,0.17406,0.84
55,,0.82,0.78,0.16229,0.76,0.76,0.82,0.15406,0.82
56,,0.8,0.76,0.14229,0.74,0.74,0.8,0.13406,0.8
57,,0.78,0.74,0.12229,0.72,0.72,0.78,0.11406,0.78
58,,0.76,0.72,0.10229,0.7,0.7,0.76,0.09406,0.76
59,,0.74,0.7,0.08229,0.68,0.68,0.74,0.07406,0.74
60,,0.72,0.68,0.06229,0.66,0.66,0.72,0.05406,0.72
61,,0.7,0.66,0.04229,0.64,0.64,0.7,0.03406,0.7
62,,0.68,0.64,0.02229,0.62,0.62,0.68,0.01406,0.68
63,,0.66,0.62,0.00229,0.6,0.6,0.66,-0.00594,0.66
64,7,0.74,0.629,-0.01771,0.609,0.68,0.811,0.99406,0.811
65,7,0.82,0.638,-0.03771,0.618,0.76,0.962,1.0,0.962
66,3,0.9,0.789,0.96229,0.769,0.84,0.971,0.98,0.971
67,3,0.98,0.94,1.0,0.92,0.92,0.98,0.96,0.98
68,,0.96,0.92,0.98,0.9,0.9,0.96,0.94,0.96
69,,0.94,0.9,0.96,0.88,0.88,0.94,0.92,0.94
70,,0.92,0.88,0.94,0.86,0.86,0.92,0.9,0.92
71,,0.9,0.86,0.92,0.84,0.84,0.9,0.88,0.9
72,,0.88,0.84,0.9,0.82,0.82,0.88,0.86,0.88
73,,0.86,0.82,0.88,0.8,0.8,0.86,0.84,0.86
74,,0.84,0.8,0.86,0.78,0.78,0.84,0.82,0.84
75,,0.82,0.78,0.84,0.76,0.76,0.82,0.8,0.82
76,,0.8,0.76,0.82,0.74,0.74,0.8,0.78,0.8
77,,0.78,0.74,0.8,0.72,0.72,0.78,0.76,0.78
78,,0.76,0.72,0.78,0.7,0.7,0.76,0.74,0.76
79,,0.74,0.7,0.76,0.68,0.68,0.74,0.72,0.74
80,,0.72,0.68,0.74,0.66,0.66,0.72,0.7,0.72
81,,0.7,0.66,0.72,0.64,0.64,0.7,0.68,0.7
82,,0.68,0.64,0.7,0.62,0.62,0.68,0.66,0.68
83,,0.66,0.62,0.68,0.6,0.6,0.66,0.64,0.66
84,,0.64,0.6,0.66,0.58,0.58,0.64,0.62,0.64
85,,0.62,0.58,0.64,0.56,0.56,0.62,0.6,0.62
86,,0.6,0.56,0.62,0.54,0.54,0.6,0.58,0.6
87,,0.58,0.54,0.6,0.52,0.52,0.58,0.56,0.58
88,,0.56,0.52,0.58,0.5,0.5,0.56,0.54,0.56
89,,0.54,0.5,0.56,0.48,0.48,0.54,0.52,0.54
90,,0.52,0.48,0.54,0.46,0.46,0.52,0.5,0.52
91,,0.5,0.46,0.52,0.44,0.44,0.5,0.48,0.5
92,,0.48,0.44,0.5,0.42,0.42,0.48,0.46,0.48
93,,0.46,0.42,0.48,0.4,0.4,0.46,0.44,0.46
94,,0.44,0.4,0.46,0.38,0.38,0.44,0.42,0.44
95,,0.42,0.38,0.44,0.36,0.36,0.42,0.4,0.42
96,,0.4,0.36,0.42,0.34,0.34,0.4,0.38,0.4
97,,0.38,0.34,0.4,0.32,0.32,0.38,0.36,0.38
98,,0.36,0.32,0.38,0.3,0.3,0.36,0.34,0.36
99,,0.34,0.3,0.36,0.28,0.28,0.34,0.32,0.34
100,,0.32,0.28,0.34,0.26,0.26,0.32,0.3,0.32
101,,0.3,0.26,0.32,0.24,0.24,0.3,0.28,0.3
102,,0.28,0.24,0.3,0.22,0.22,0.28,0.26,0.28
103,,0.26,0.22,0.28,0.2,0.2,0.26,0.24,0.26
104,,0.24,0.2,0.26,0.18,0.18,0.24,0.22,0.24
105,,0.22,0.18,0.24,0.16,0.16,0.22,0.2,0.22
106,,0.2,0.16,0.22,0.14,0.14,0.2,0.18,0.2
107,,0.18,0.14,0.2,0.12,0.12,0.18,0.16,0.18
108,,0.16,0.12,0.18,0.1,0.1,0.16,0.14,0.16
109,,0.14,0.1,0.16,0.08,0.08,0.14,0.12,0.14
110,,0.12,0.08,0.14,0.06,0.06,0.12,0.1,0.12
111,,0.1,0.06,0.12,0.04,0.04,0.1,0.08,0.1
112,,0.08,0.04,0.1,0.02,0.02,0.08,0.06,0.08
113,,0.06,0.02,0.08,0.0,0.0,0.06,0.04,0.06
114,,0.04,0.0,0.06,-0.02,-0.02,0.04,0.02,0.04
115,5,0.02,0.009,0.14,0.131,0.98,0.191,0.1,0.049
116,5,0.0,0.018,0.22,0.282,1.0,0.342,0.18,0.058
117,,-0.02,-0.002,0.2,0.262,0.98,0.322,0.16,0.038
118,1,0.98,0.149,0.28,0.271,0.96,0.331,0.24,0.189
119,1,1.0,0.3,0.36,0.28,0.94,0.34,0.32,0.34
120,,0.98,0.28,0.34,0.26,0.92,0.32,0.3,0.32
121,,0.96,0.26,0.32,0.24,0.9,0.3,0.28,0.3
122,,0.94,0.24,0.3,0.22,0.88,0.28,0.26,0.28
123,,0.92,0.22,0.28,0.2,0.86,0.26,0.24,0.26
124,,0.9,0.2,0.26,0.18,0.84,0.24,0.22,0.24
125,,0.88,0.18,0.24,0.16,0.82,0.22,0.2,0.22
126,,0.86,0.16,0.22,0.14,0.8,0.2,0.18,0.2
127,,0.84,0.14,0.2,0.12,0.78,0.18,0.16,0.18
128,,0.82,0.12,0.18,0.1,0.76,0.16,0.14,0.16
129,,0.8,0.1,0.16,0.08,0.74,0.14,0.12,0.14
130,,0.78,0.08,0.14,0.06,0.72,0.12,0.1,0.12
131,,0.76,0.06,0.12,0.04,0.7,0.1,0.08,0.1
132,,0.74,0.04,0.1,0.02,0.68,0.08,0.06,0.08
133,,0.72,0.02,0.08,0.0,0.66,0.06,0.04,0.06
134,,0.7,0.0,0.06,-0.02,0.64,0.04,0.02,0.04
135,4,0.709,0.08,0.211,0.98,0.791,0.12,0.029,0.02
136,4,0.718,0.16,0.362,1.0,0.942,0.2,0.038,0.0
137,,0.698,0.14,0.342,0.98,0.922,0.18,0.018,-0.02
138,8,0.849,0.22,0.351,0.96,0.931,0.26,0.169,0.98
139,8,1.0,0.3,0.36,0.94,0.94,0.34,0.32,1.0
140,,0.98,0.28,0.34,0.92,0.92,0.32,0.3,0.98
141,,0.96,0.26,0.32,0.9,0.9,0.3,0.28,0.96
142,,0.94,0.24,0.3,0.88,0.88,0.28,0.26,0.94
143,,0.92,0.22,0.28,0.86,0.86,0.26,0.24,0.92
144,,0.9,0.2,0.26,0.84,0.84,0.24,0.22,0.9
145,,0.88,0.18,0.24,0.82,0.82,0.22,0.2,0.88
146,,0.86,0.16,0.22,0.8,0.8,0.2,0.18,0.86
147,,0.84,0.14,0.2,0.78,0.78,0.18,0.16,0.84
148,,0.82,0.12,0.18,0.76,0.76,0.16,0.14,0.82
149,,0.8,0.1,0.16,0.74,0.74,0.14,0.12,0.8
150,,0.78,0.08,0.14,0.72,0.72,0.12,0.1,0.78
151,,0.76,0.06,0.12,0.7,0.7,0.1,0.08,0.76
152,,0.74,0.04,0.1,0.68,0.68,0.08,0.06,0.74
153,,0.72,0.02,0.08,0.66,0.66,0.06,0.04,0.72
154,,0.7,0.0,0.06,0.64,0.64,0.04,0.02,0.7
155,,0.68,-0.02,0.04,0.62,0.62,0.02,0.0,0.68
156,2,0.831,0.98,0.191,0.7,0.629,0.0,0.009,0.76
157,2,0.982,1.0,0.342,0.78,0.638,-0.02,0.018,0.84
158,6,0.991,0.98,0.351,0.86,0.789,0.98,0.169,0.92
159,6,1.0,0.96,0.36,0.94,0.94,1.0,0.32,1.0
160,,0.98,0.94,0.34,0.92,0.92,0.98,0.3,0.98
161,,0.96,0.92,0.32,0.9,0.9,0.96,0.28,0.96
162,,0.94,0.9,0.3,0.88,0.88,0.94,0.26,0.94
163,,0.92,0.88,0.28,0.86,0.86,0.92,0.24,0.92
164,,0.9,0.86,0.26,0.84,0.84,0.9,0.22,0.9
165,,0.88,0.84,0.24,0.82,0.82,0.88,0.2,0.88
166,,0.86,0.82,0.22,0.8,0.8,0.86,0.18,0.86
167,,0.84,0.8,0.2,0.78,0.78,0.84,0.16,0.84
168,,0.82,0.78,0.18,0.76,0.76,0.82,0.14,0.82
169,,0.8,0.76,0.16,0.74,0.74,0.8,0.12,0.8
170,,0.78,0.74,0.14,0.72,0.72,0.78,0.1,0.78
171,,0.76,0.72,0.12,0.7,0.7,0.76,0.08,0.76
172,,0.74,0.7,0.1,0.68,0.68,0.74,0.06,0.74
173,,0.72,0.68,0.08,0.66,0.66,0.72,0.04,0.72
174,,0.7,0.66,0.06,0.64,0.64,0.7,0.02,0.7
175,,0.68,0.64,0.04,0.62,0.62,0.68,0.0,0.68
176,,0.66,0.62,0.02,0.6,0.6,0.66,-0.02,0.66
177,7,0.74,0.629,0.0,0.609,0.68,0.811,0.98,0.811
178,7,0.82,0.638,-0.02,0.618,0.76,0.962,1.0,0.962
179,3,0.9,0.789,0.98,0.769,0.84,0.971,0.98,0.971
180,3,0.98,0.94,1.0,0.92,0.92,0.98,0.96,0.98
181,,0.96,0.92,0.98,0.9,0.9,0.96,0.94,0.96
182,,0.94,0.9,0.96,0.88,0.88,0.94,0.92,0.94
183,,0.92,0.88,0.94,0.86,0.86,0.92,0.9,0.92
184,,0.9,0.86,0.92,0.84,0.84,0.9,0.88,0.9
185,,0.88,0.84,0.9,0.82,0.82,0.88,0.86,0.88
186,,0.86,0.82,0.88,0.8,0.8,0.86,0.84,0.86
187,,0.84,0.8,0.86,0.78,0.78,0.84,0.82,0.84
188,,0.82,0.78,0.84,0.76,0.76,0.82,0.8,0.82
189,,0.8,0.76,0.82,0.74,0.74,0.8,0.78,0.8
190,,0.78,0.74,0.8,0.72,0.72,0.78,0.76,0.78
191,,0.76,0.72,0.78,0.7,0.7,0.76,0.74,0.76
192,,0.74,0.7,0.76,0.68,0.68,0.74,0.72,0.74
193,,0.72,0.68,0.74,0.66,0.66,0.72,0.7,0.72
194,,0.7,0.66,0.72,0.64,0.64,0.7,0.68,0.7
195,,0.68,0.64,0.7,0.62,0.62,0.68,0.66,0.68
196,,0.66,0.62,0.68,0.6,0.6,0.66,0.64,0.66
197,,0.64,0.6,0.66,0.58,0.58,0.64,0.62,0.64
198,,0.62,0.58,0.64,0.56,0.56,0.62,0.6,0.62
199,,0.6,0.56,0.62,0.54,0.54,0.6,0.58,0.6
200,,0.58,0.54,0.6,0.52,0.52,0.58,0.56,0.58
201,,0.56,0.52,0.58,0.5,0.5,0.56,0.54,0.56
202,,0.54,0.5,0.56,0.48,0.48,0.54,0.52,0.54
203,,0.52,0.48,0.54,0.46,0.46,0.52,0.5,0.52
204,,0.5,0.46,0.52,0.44,0.44,0.5,0.48,0.5
205,,0.48,0.44,0.5,0.42,0.42,0.48,0.46,0.48
206,,0.46,0.42,0.48,0.4,0.4,0.46,0.44,0.46
207,,0.44,0.4,0.46,0.38,0.38,0.44,0.42,0.44
208,,0.42,0.38,0.44,0.36,0.36,0.42,0.4,0.42
209,,0.4,0.36,0.42,0.34,0.34,0.4,0.38,0.4
210,,0.38,0.34,0.4,0.32,0.32,0.38,0.36,0.38
211,,0.36,0.32,0.38,0.3,0.3,0.36,0.34,0.36
212,,0.34,0.3,0.36,0.28,0.28,0.34,0.32,0.34
213,,0.32,0.28,0.34,0.26,0.26,0.32,0.3,0.32
214,,0.3,0.26,0.32,0.24,0.24,0.3,0.28,0.3
215,,0.28,0.24,0.3,0.22,0.22,0.28,0.26,0.28
216,,0.26,0.22,0.28,0.2,0.2,0.26,0.24,0.26
217,,0.24,0.2,0.26,0.18,0.18,0.24,0.22,0.24
218,,0.22,0.18,0.24,0.16,0.16,0.22,0.2,0.22
219,,0.2,0.16,0.22,0.14,0.14,0.2,0.18,0.2
220,,0.18,0.14,0.2,0.12,0.12,0.18,0.16,0.18
221,,0.16,0.12,0.18,0.1,0.1,0.16,0.14,0.16
222,,0.14,0.1,0.16,0.08,0.08,0.14,0.12,0.14
223,,0.12,0.08,0.14,0.06,0.06,0.12,0.1,0.12
224,,0.1,0.06,0.12,0.04,0.04,0.1,0.08,0.1
225,,0.08,0.04,0.1,0.02,0.02,0.08,0.06,0.08
226,,0.06,0.02,0.08,0.0,0.0,0.06,0.04,0.06
227,,0.04,0.0,0.06,-0.02,-0.02,0.04,0.02,0.04
228,5,0.02,0.009,0.14,0.131,0.98,0.191,0.1,0.049
229,5,0.0,0.018,0.22,0.282,1.0,0.342,0.18,0.058
230,,-0.02,-0.002,0.2,0.262,0.98,0.322,0.16,0.038
231,1,0.98,0.149,0.28,0.271,0.96,0.331,0.24,0.189
232,1,1.0,0.3,0.36,0.28,0.94,0.34,0.32,0.34
233,,0.98,0.28,0.34,0.26,0.92,0.32,0.3,0.32
234,,0.96,0.26,0.32,0.24,0.9,0.3,0.28,0.3
235,,0.94,0.24,0.3,0.22,0.88,0.28,0.26,0.28
236,,0.92,0.22,0.28,0.2,0.86,0.26,0.24,0.26
237,,0.9,0.2,0.26,0.18,0.84,0.24,0.22,0.24
238,,0.88,0.18,0.24,0.16,0.82,0.22,0.2,0.22
239,,0.86,0.16,0.22,0.14,0.8,0.2,0.18,0.2
240,,0.84,0.14,0.2,0.12,0.78,0.18,0.16,0.18
241,,0.82,0.12,0.18,0.1,0.76,0.16,0.14,0.16
242,,0.8,0.1,0.16,0.08,0.74,0.14,0.12,0.14
243,,0.78,0.08,0.14,0.06,0.72,0.12,0.1,0.12
244,,0.76,0.06,0.12,0.04,0.7,0.1,0.08,0.1
245,,0.74,0.04,0.1,0.02,0.68,0.08,0.06,0.08
246,,0.72,0.02,0.08,0.0,0.66,0.06,0.04,0.06
247,,0.7,0.0,0.06,-0.02,0.64,0.04,0.02,0.04
248,4,0.709,0.08,0.211,0.98,0.791,0.12,0.029,0.02
249,4,0.718,0.16,0.362,1.0,0.942,0.2,0.038,0.0
250,,0.698,0.14,0.342,0.98,0.922,0.18,0.018,-0.02
251,8,0.849,0.22,0.351,0.96,0.931,0.26,0.169,0.98
252,8,1.0,0.3,0.36,0.94,0.94,0.34,0.32,1.0
253,,0.98,0.28,0.34,0.92,0.92,0.32,0.3,0.98
254,,0.96,0.26,0.32,0.9,0.9,0.3,0.28,0.96
255,,0.94,0.24,0.3,0.88,0.88,0.28,0.26,0.94
256,,0.92,0.22,0.28,0.86,0.86,0.26,0.24,0.92
257,,0.9,0.2,0.26,0.84,0.84,0.24,0.22,0.9
258,,0.88,0.18,0.24,0.82,0.82,0.22,0.2,0.88
259,,0.86,0.16,0.22,0.8,0.8,0.2,0.18,0.86
260,,0.84,0.14,0.2,0.78,0.78,0.18,0.16,0.84
261,,0.82,0.12,0.18,0.76,0.76,0.16,0.14,0.82
262,,0.8,0.1,0.16,0.74,0.74,0.14,0.12,0.8
263,,0.78,0.08,0.14,0.72,0.72,0.12,0.1,0.78
264,,0.76,0.06,0.12,0.7,0.7,0.1,0.08,0.76
265,,0.74,0.04,0.1,0.68,0.68,0.08,0.06,0.74
266,,0.72,0.02,0.08,0.66,0.66,0.06,0.04,0.72
267,,0.7,0.0,0.06,0.64,0.64,0.04,0.02,0.7
268,,0.68,-0.02,0.04,0.62,0.62,0.02,0.0,0.68
269,2,0.831,0.98,0.191,0.7,0.629,0.0,0.009,0.76
270,2,0.982,1.0,0.342,0.78,0.638,-0.02,0.018,0.84
271,6,0.991,0.98,0.351,0.86,0.789,0.98,0.169,0.92
272,6,1.0,0.96,0.36,0.94,0.94,1.0,0.32,1.0
273,,0.98,0.94,0.34,0.92,0.92,0.98,0.3,0.98
274,,0.96,0.92,0.32,0.9,0.9,0.96,0.28,0.96
275,,0.94,0.9,0.3,0.88,0.88,0.94,0.26,0.94
276,,0.92,0.88,0.28,0.86,0.86,0.92,0.24,0.92
277,,0.9,0.86,0.26,0.84,0.84,0.9,0.22,0.9
278,,0.88,0.84,0.24,0.82,0.82,0.88,0.2,0.88
279,,0.86,0.82,0.22,0.8,0.8,0.86,0.18,0.86
280,,0.84,0.8,0.2,0.78,0.78,0.84,0.16,0.84
281,,0.82,0.78,0.18,0.76,0.76,0.82,0.14,0.82
282,,0.8,0.76,0.16,0.74,0.74,0.8,0.12,0.8
283,,0.78,0.74,0.14,0.72,0.72,0.78,0.1,0.78
284,,0.76,0.72,0.12,0.7,0.7,0.76,0.08,0.76
285,,0.74,0.7,0.1,0.68,0.68,0.74,0.06,0.74
286,,0.72,0.68,0.08,0.66,0.66,0.72,0.04,0.72
287,,0.7,0.66,0.06,0.64,0.64,0.7,0.02,0.7
288,,0.68,0.64,0.04,0.62,0.62,0.68,0.0,0.68
289,,0.66,0.62,0.02,0.6,0.6,0.66,-0.02,0.66
290,7,0.74,0.629,0.0,0.609,0.68,0.811,0.98,0.811
291,7,0.82,0.638,-0.02,0.618,0.76,0.962,1.0,0.962
292,3,0.9,0.789,0.98,0.769,0.84,0.971,0.98,0.971
293,3,0.98,0.94,1.0,0.92,0.92,0.98,0.96,0.98
294,,0.96,0.92,0.98,0.9,0.9,0.96,0.94,0.96
295,,0.94,0.9,0.96,0.88,0.88,0.94,0.92,0.94
296,,0.92,0.88,0.94,0.86,0.86,0.92,0.9,0.92
297,,0.9,0.86,0.92,0.84,0.84,0.9,0.88,0.9
298,,0.88,0.84,0.9,0.82,0.82,0.88,0.86,0.88
299,,0.86,0.82,0.88,0.8,0.8,0.86,0.84,0.86
300,,0.84,0.8,0.86,0.78,0.78,0.84,0.82,0.84
301,,0.82,0.78,0.84,0.76,0.76,0.82,0.8,0.82
302,,0.8,0.76,0.82,0.74,0.74,0.8,0.78,0.8
303,,0.78,0.74,0.8,0.72,0.72,0.78,0.76,0.78
304,,0.76,0.72,0.78,0.7,0.7,0.76,0.74,0.76
305,,0.74,0.7,0.76,0.68,0.68,0.74,0.72,0.74
306,,0.72,0.68,0.74,0.66,0.66,0.72,0.7,0.72
307,,0.7,0.66,0.72,0.64,0.64,0.7,0.68,0.7
308,,0.68,0.64,0.7,0.62,0.62,0.68,0.66,0.68
309,,0.66,0.62,0.68,0.6,0.6,0.66,0.64,0.66
310,,0.64,0.6,0.66,0.58,0.58,0.64,0.62,0.64
311,,0.62,0.58,0.64,0.56,0.56,0.62,0.6,0.62
312,,0.6,0.56,0.62,0.54,0.54,0.6,0.58,0.6
313,,0.58,0.54,0.6,0.52,0.52,0.58,0.56,0.58
314,,0.56,0.52,0.58,0.5,0.5,0.56,0.54,0.56
315,,0.54,0.5,0.56,0.48,0.48,0.54,0.52,0.54
316,,0.52,0.48,0.54,0.46,0.46,0.52,0.5,0.52
317,,0.5,0.46,0.52,0.44,0.44,0.5,0.48,0.5
318,,0.48,0.44,0.5,0.42,0.42,0.48,0.46,0.48
319,,0.46,0.42,0.48,0.4,0.4,0.46,0.44,0.46
320,,0.44,0.4,0.46,0.38,0.38,0.44,0.42,0.44
321,,0.42,0.38,0.44,0.36,0.36,0.42,0.4,0.42
322,,0.4,0.36,0.42,0.34,0.34,0.4,0.38,0.4
323,,0.38,0.34,0.4,0.32,0.32,0.38,0.36,0.38
324,,0.36,0.32,0.38,0.3,0.3,0.36,0.34,0.36
325,,0.34,0.3,0.36,0.28,0.28,0.34,0.32,0.34
326,,0.32,0.28,0.34,0.26,0.26,0.32,0.3,0.32
327,,0.3,0.26,0.32,0.24,0.24,0.3,0.28,0.3
328,,0.28,0.24,0.3,0.22,0.22,0.28,0.26,0.28
329,,0.26,0.22,0.28,0.2,0.2,0.26,0.24,0.26
330,,0.24,0.2,0.26,0.18,0.18,0.24,0.22,0.24
331,,0.22,0.18,0.24,0.16,0.16,0.22,0.2,0.22
332,,0.2,0.16,0.22,0.14,0.14,0.2,0.18,0.2
333,,0.18,0.14,0.2,0.12,0.12,0.18,0.16,0.18
334,,0.16,0.12,0.18,0.1,0.1,0.16,0.14,0.16
335,,0.14,0.1,0.16,0.08,0.08,0.14,0.12,0.14
336,,0.12,0.08,0.14,0.06,0.06,0.12,0.1,0.12
337,,0.1,0.06,0.12,0.04,0.04,0.1,0.08,0.1
338,,0.08,0.04,0.1,0.02,0.02,0.08,0.06,0.08
339,,0.06,0.02,0.08,0.0,0.0,0.06,0.04,0.06
340,,0.04,0.0,0.06,-0.02,-0.02,0.04,0.02,0.04
341,4,0.049,0.08,0.211,0.98,0.131,0.12,0.029,0.02
342,4,0.058,0.16,0.362,1.0,0.282,0.2,0.038,0.0
343,,0.038,0.14,0.342,0.98,0.262,0.18,0.018,-0.02
344,8,0.189,0.22,0.351,0.96,0.271,0.26,0.169,0.98
345,8,0.34,0.3,0.36,0.94,0.28,0.34,0.32,1.0
346,,0.32,0.28,0.34,0.92,0.26,0.32,0.3,0.98
347,,0.3,0.26,0.32,0.9,0.24,0.3,0.28,0.96
348,,0.28,0.24,0.3,0.88,0.22,0.28,0.26,0.94
349,,0.26,0.22,0.28,0.86,0.2,0.26,0.24,0.92
350,,0.24,0.2,0.26,0.84,0.18,0.24,0.22,0.9
351,,0.22,0.18,0.24,0.82,0.16,0.22,0.2,0.88
352,,0.2,0.16,0.22,0.8,0.14,0.2,0.18,0.86
353,,0.18,0.14,0.2,0.78,0.12,0.18,0.16,0.84
354,,0.16,0.12,0.18,0.76,0.1,0.16,0.14,0.82
355,,0.14,0.1,0.16,0.74,0.08,0.14,0.12,0.8
356,,0.12,0.08,0.14,0.72,0.06,0.12,0.1,0.78
357,,0.1,0.06,0.12,0.7,0.04,0.1,0.08,0.76
358,,0.08,0.04,0.1,0.68,0.02,0.08,0.06,0.74
359,,0.06,0.02,0.08,0.66,0.0,0.06,0.04,0.72
360,,0.04,0.0,0.06,0.64,-0.02,0.04,0.02,0.7
361,5,0.02,0.009,0.14,0.791,0.98,0.191,0.1,0.709
362,5,0.0,0.018,0.22,0.942,1.0,0.342,0.18,0.718
363,,-0.02,-0.002,0.2,0.922,0.98,0.322,0.16,0.698
364,1,0.98,0.149,0.28,0.931,0.96,0.331,0.24,0.849
365,1,1.0,0.3,0.36,0.94,0.94,0.34,0.32,1.0
366,,0.98,0.28,0.34,0.92,0.92,0.32,0.3,0.98
367,,0.96,0.26,0.32,0.9,0.9,0.3,0.28,0.96
368,,0.94,0.24,0.3,0.88,0.88,0.28,0.26,0.94
369,,0.92,0.22,0.28,0.86,0.86,0.26,0.24,0.92
370,,0.9,0.2,0.26,0.84,0.84,0.24,0.22,0.9
371,,0.88,0.18,0.24,0.82,0.82,0.22,0.2,0.88
372,,0.86,0.16,0.22,0.8,0.8,0.2,0.18,0.86
373,,0.84,0.14,0.2,0.78,0.78,0.18,0.16,0.84
374,,0.82,0.12,0.18,0.76,0.76,0.16,0.14,0.82
375,,0.8,0.1,0.16,0.74,0.74,0.14,0.12,0.8
376,,0.78,0.08,0.14,0.72,0.72,0.12,0.1,0.78
377,,0.76,0.06,0.12,0.7,0.7,0.1,0.08,0.76
378,,0.74,0.04,0.1,0.68,0.68,0.08,0.06,0.74
379,,0.72,0.02,0.08,0.66,0.66,0.06,0.04,0.72
380,,0.7,0.0,0.06,0.64,0.64,0.04,0.02,0.7
381,,0.68,-0.02,0.04,0.62,0.62,0.02,0.0,0.68
382,2,0.831,0.98,0.191,0.7,0.629,0.0,0.009,0.76
383,2,0.982,1.0,0.342,0.78,0.638,-0.02,0.018,0.84
384,6,0.991,0.98,0.351,0.86,0.789,0.98,0.169,0.92
385,6,1.0,0.96,0.36,0.94,0.94,1.0,0.32,1.0
386,,0.98,0.94,0.34,0.92,0.92,0.98,0.3,0.98
387,,0.96,0.92,0.32,0.9,0.9,0.96,0.28,0.96
388,,0.94,0.9,0.3,0.88,0.88,0.94,0.26,0.94
389,,0.92,0.88,0.28,0.86,0.86,0.92,0.24,0.92
390,,0.9,0.86,0.26,0.84,0.84,0.9,0.22,0.9
391,,0.88,0.84,0.24,0.82,0.82,0.88,0.2,0.88
392,,0.86,0.82,0.22,0.8,0.8,0.86,0.18,0.86
393,,0.84,0.8,0.2,0.78,0.78,0.84,0.16,0.84
394,,0.82,0.78,0.18,0.76,0.76,0.82,0.14,0.82
395,,0.8,0.76,0.16,0.74,0.74,0.8,0.12,0.8
396,,0.78,0.74,0.14,0.72,0.72,0.78,0.1,0.78
397,,0.76,0.72,0.12,0.7,0.7,0.76,0.08,0.76
398,,0.74,0.7,0.1,0.68,0.68,0.74,0.06,0.74
399,,0.72,0.68,0.08,0.66,0.66,0.72,0.04,0.72
400,,0.7,0.66,0.06,0.64,0.64,0.7,0.02,0.7
401,,0.68,0.64,0.04,0.62,0.62,0.68,0.0,0.68
402,,0.66,0.62,0.02,0.6,0.6,0.66,-0.02,0.66
403,7,0.74,0.629,0.0,0.609,0.68,0.811,0.98,0.811
404,7,0.82,0.638,-0.02,0.618,0.76,0.962,1.0,0.962
405,3,0.9,0.789,0.98,0.769,0.84,0.971,0.98,0.971
406,3,0.98,0.94,1.0,0.92,0.92,0.98,0.96,0.98
407,,0.96,0.92,0.98,0.9,0.9,0.96,0.94,0.96
408,,0.94,0.9,0.96,0.88,0.88,0.94,0.92,0.94
409,,0.92,0.88,0.94,0.86,0.86,0.92,0.9,0.92
410,,0.9,0.86,0.92,0.84,0.84,0.9,0.88,0.9
411,,0.88,0.84,0.9,0.82,0.82,0.88,0.86,0.88
412,,0.86,0.82,0.88,0.8,0.8,0.86,0.84,0.86
413,,0.84,0.8,0.86,0.78,0.78,0.84,0.82,0.84
414,,0.82,0.78,0.84,0.76,0.76,0.82,0.8,0.82
415,,0.8,0.76,0.82,0.74,0.74,0.8,0.78,0.8
416,,0.78,0.74,0.8,0.72,0.72,0.78,0.76,0.78
417,,0.76,0.72,0.78,0.7,0.7,0.76,0.74,0.76
418,,0.74,0.7,0.76,0.68,0.68,0.74,0.72,0.74
419,,0.72,0.68,0.74,0.66,0.66,0.72,0.7,0.72
420,,0.7,0.66,0.72,0.64,0.64,0.7,0.68,0.7
421,,0.68,0.64,0.7,0.62,0.62,0.68,0.66,0.68
422,,0.66,0.62,0.68,0.6,0.6,0.66,0.64,0.66
423,,0.64,0.6,0.66,0.58,0.58,0.64,0.62,0.64
424,,0.62,0.58,0.64,0.56,0.56,0.62,0.6,0.62
425,,0.6,0.56,0.62,0.54,0.54,0.6,0.58,0.6
426,,0.58,0.54,0.6,0.52,0.52,0.58,0.56,0.58
427,,0.56,0.52,0.58,0.5,0.5,0.56,0.54,0.56
428,,0.54,0.5,0.56,0.48,0.48,0.54,0.52,0.54
429,,0.52,0.48,0.54,0.46,0.46,0.52,0.5,0.52
430,,0.5,0.46,0.52,0.44,0.44,0.5,0.48,0.5
431,,0.48,0.44,0.5,0.42,0.42,0.48,0.46,0.48
432,,0.46,0.42,0.48,0.4,0.4,0.46,0.44,0.46
433,,0.44,0.4,0.46,0.38,0.38,0.44,0.42,0.44
434,,0.42,0.38,0.44,0.36,0.36,0.42,0.4,0.42
435,,0.4,0.36,0.42,0.34,0.34,0.4,0.38,0.4
436,,0.38,0.34,0.4,0.32,0.32,0.38,0.36,0.38
437,,0.36,0.32,0.38,0.3,0.3,0.36,0.34,0.36
438,,0.34,0.3,0.36,0.28,0.28,0.34,0.32,0.34
439,,0.32,0.28,0.34,0.26,0.26,0.32,0.3,0.32
440,,0.3,0.26,0.32,0.24,0.24,0.3,0.28,0.3
441,,0.28,0.24,0.3,0.22,0.22,0.28,0.26,0.28
442,,0.26,0.22,0.28,0.2,0.2,0.26,0.24,0.26
443,,0.24,0.2,0.26,0.18,0.18,0.24,0.22,0.24
444,,0.22,0.18,0.24,0.16,0.16,0.22,0.2,0.22
445,,0.2,0.16,0.22,0.14,0.14,0.2,0.18,0.2
446,,0.18,0.14,0.2,0.12,0.12,0.18,0.16,0.18
447,,0.16,0.12,0.18,0.1,0.1,0.16,0.14,0.16
448,,0.14,0.1,0.16,0.08,0.08,0.14,0.12,0.14
449,,0.12,0.08,0.14,0.06,0.06,0.12,0.1,0.12
450,,0.1,0.06,0.12,0.04,0.04,0.1,0.08,0.1
451,,0.08,0.04,0.1,0.02,0.02,0.08,0.06,0.08
452,,0.06,0.02,0.08,0.0,0.0,0.06,0.04,0.06
453,,0.04,0.0,0.06,-0.02,-0.02,0.04,0.02,0.04
454,5,0.02,0.009,0.14,0.131,0.98,0.191,0.1,0.049
455,5,0.0,0.018,0.22,0.282,1.0,0.342,0.18,0.058
456,,-0.02,-0.002,0.2,0.262,0.98,0.322,0.16,0.038
457,1,0.98,0.149,0.28,0.271,0.96,0.331,0.24,0.189
458,1,1.0,0.3,0.36,0.28,0.94,0.34,0.32,0.34
459,,0.98,0.28,0.34,0.26,0.92,0.32,0.3,0.32
460,,0.96,0.26,0.32,0.24,0.9,0.3,0.28,0.3
461,,0.94,0.24,0.3,0.22,0.88,0.28,0.26,0.28
462,,0.92,0.22,0.28,0.2,0.86,0.26,0.24,0.26
463,,0.9,0.2,0.26,0.18,0.84,0.24,0.22,0.24
464,,0.88,0.18,0.24,0.16,0.82,0.22,0.2,0.22
465,,0.86,0.16,0.22,0.14,0.8,0.2,0.18,0.2
466,,0.84,0.14,0.2,0.12,0.78,0.18,0.16,0.18
467,,0.82,0.12,0.18,0.1,0.76,0.16,0.14,0.16
468,,0.8,0.1,0.16,0.08,0.74,0.14,0.12,0.14
469,,0.78,0.08,0.14,0.06,0.72,0.12,0.1,0.12
470,,0.76,0.06,0.12,0.04,0.7,0.1,0.08,0.1
471,,0.74,0.04,0.1,0.02,0.68,0.08,0.06,0.08
472,,0.72,0.02,0.08,0.0,0.66,0.06,0.04,0.06
473,,0.7,0.0,0.06,-0.02,0.64,0.04,0.02,0.04
474,4,0.709,0.08,0.211,0.98,0.791,0.12,0.029,0.02
475,4,0.718,0.16,0.362,1.0,0.942,0.2,0.038,0.0
476,,0.698,0.14,0.342,0.98,0.922,0.18,0.018,-0.02
477,8,0.849,0.22,0.351,0.96,0.931,0.26,0.169,0.98
478,8,1.0,0.3,0.36,0.94,0.94,0.34,0.32,1.0
479,,0.98,0.28,0.34,0.92,0.92,0.32,0.3,0.98
480,,0.96,0.26,0.32,0.9,0.9,0.3,0.28,0.96
481,,0.94,0.24,0.3,0.88,0.88,0.28,0.26,0.94
482,,0.92,0.22,0.28,0.86,0.86,0.26,0.24,0.92
483,,0.9,0.2,0.26,0.84,0.84,0.24,0.22,0.9
484,,0.88,0.18,0.24,0.82,0.82,0.22,0.2,0.88
485,,0.86,0.16,0.22,0.8,0.8,0.2,0.18,0.86
486,,0.84,0.14,0.2,0.78,0.78,0.18,0.16,0.84
487,,0.82,0.12,0.18,0.76,0.76,0.16,0.14,0.82
488,,0.8,0.1,0.16,0.74,0.74,0.14,0.12,0.8
489,,0.78,0.08,0.14,0.72,0.72,0.12,0.1,0.78
490,,0.76,0.06,0.12,0.7,0.7,0.1,0.08,0.76
491,,0.74,0.04,0.1,0.68,0.68,0.08,0.06,0.74
492,,0.72,0.02,0.08,0.66,0.66,0.06,0.04,0.72
493,,0.7,0.0,0.06,0.64,0.64,0.04,0.02,0.7
494,,0.68,-0.02,0.04,0.62,0.62,0.02,0.0,0.68
495,2,0.831,0.98,0.191,0.7,0.629,0.0,0.009,0.76
496,2,0.982,1.0,0.342,0.78,0.638,-0.02,0.018,0.84
497,6,0.991,0.98,0.351,0.86,0.789,0.98,0.169,0.92
498,6,1.0,0.96,0.36,0.94,0.94,1.0,0.32,1.0
499,,0.98,0.94,0.34,0.92,0.92,0.98,0.3,0.98
