step,active_motive,motive_1,motive_2,motive_3,motive_4,motive_5,motive_6,motive_7,motive_8
0,,0.02839,0.03054,0.04856,0.04484,0.09945,0.01759,0.00181,0.04939
1,,-0.02161,-0.01946,-0.00144,-0.00516,0.04945,-0.03241,-0.04819,-0.00061
2,7,0.32839,0.25954,0.24856,0.27384,0.39945,0.38859,0.95181,0.42039
3,7,0.67839,0.53854,0.49856,0.55284,0.74945,0.80959,1.0,0.84139
4,,0.62839,0.48854,0.44856,0.50284,0.69945,0.75959,0.95,0.79139
5,,0.57839,0.43854,0.39856,0.45284,0.64945,0.70959,0.9,0.74139
6,,0.52839,0.38854,0.34856,0.40284,0.59945,0.65959,0.85,0.69139
7,,0.47839,0.33854,0.29856,0.35284,0.54945,0.60959,0.8,0.64139
8,,0.42839,0.28854,0.24856,0.30284,0.49945,0.55959,0.75,0.59139
9,,0.37839,0.23854,0.19856,0.25284,0.44945,0.50959,0.7,0.54139
10,,0.32839,0.18854,0.14856,0.20284,0.39945,0.45959,0.65,0.49139
11,,0.27839,0.13854,0.09856,0.15284,0.34945,0.40959,0.6,0.44139
12,,0.22839,0.08854,0.04856,0.10284,0.29945,0.35959,0.55,0.39139
13,,0.17839,0.03854,-0.00144,0.05284,0.24945,0.30959,0.5,0.34139
14,3,0.52839,0.45954,0.99856,0.47384,0.59945,0.58859,0.75,0.62039
15,3,0.87839,0.88054,1.0,0.89484,0.94945,0.86759,1.0,0.89939
16,,0.82839,0.83054,0.95,0.84484,0.89945,0.81759,0.95,0.84939
17,,0.77839,0.78054,0.9,0.79484,0.84945,0.76759,0.9,0.79939
18,,0.72839,0.73054,0.85,0.74484,0.79945,0.71759,0.85,0.74939
19,,0.67839,0.68054,0.8,0.69484,0.74945,0.66759,0.8,0.69939
20,,0.62839,0.63054,0.75,0.64484,0.69945,0.61759,0.75,0.64939
21,,0.57839,0.58054,0.7,0.59484,0.64945,0.56759,0.7,0.59939
22,,0.52839,0.53054,0.65,0.54484,0.59945,0.51759,0.65,0.54939
23,,0.47839,0.48054,0.6,0.49484,0.54945,0.46759,0.6,0.49939
24,,0.42839,0.43054,0.55,0.44484,0.49945,0.41759,0.55,0.44939
25,,0.37839,0.38054,0.5,0.39484,0.44945,0.36759,0.5,0.39939
26,,0.32839,0.33054,0.45,0.34484,0.39945,0.31759,0.45,0.34939
27,,0.27839,0.28054,0.4,0.29484,0.34945,0.26759,0.4,0.29939
28,,0.22839,0.23054,0.35,0.24484,0.29945,0.21759,0.35,0.24939
29,,0.17839,0.18054,0.3,0.19484,0.24945,0.16759,0.3,0.19939
30,,0.12839,0.13054,0.25,0.14484,0.19945,0.11759,0.25,0.14939
31,,0.07839,0.08054,0.2,0.09484,0.14945,0.06759,0.2,0.09939
32,,0.02839,0.03054,0.15,0.04484,0.09945,0.01759,0.15,0.04939
33,,-0.02161,-0.01946,0.1,-0.00516,0.04945,-0.03241,0.1,-0.00061
34,6,0.25739,0.23054,0.379,0.34484,0.47045,0.96759,0.521,0.34939
35,6,0.53639,0.48054,0.658,0.69484,0.89145,1.0,0.942,0.69939
36,,0.48639,0.43054,0.608,0.64484,0.84145,0.95,0.892,0.64939
37,,0.43639,0.38054,0.558,0.59484,0.79145,0.9,0.842,0.59939
38,,0.38639,0.33054,0.508,0.54484,0.74145,0.85,0.792,0.54939
39,,0.33639,0.28054,0.458,0.49484,0.69145,0.8,0.742,0.49939
40,,0.28639,0.23054,0.408,0.44484,0.64145,0.75,0.692,0.44939
41,,0.23639,0.18054,0.358,0.39484,0.59145,0.7,0.642,0.39939
42,,0.18639,0.13054,0.308,0.34484,0.54145,0.65,0.592,0.34939
43,,0.13639,0.08054,0.258,0.29484,0.49145,0.6,0.542,0.29939
44,,0.08639,0.03054,0.208,0.24484,0.44145,0.55,0.492,0.24939
45,,0.03639,-0.01946,0.158,0.19484,0.39145,0.5,0.442,0.19939
46,2,0.45739,0.98054,0.579,0.54484,0.67045,0.75,0.721,0.54939
47,2,0.87839,1.0,1.0,0.89484,0.94945,1.0,1.0,0.89939
48,,0.82839,0.95,0.95,0.84484,0.89945,0.95,0.95,0.84939
49,,0.77839,0.9,0.9,0.79484,0.84945,0.9,0.9,0.79939
50,,0.72839,0.85,0.85,0.74484,0.79945,0.85,0.85,0.74939
51,,0.67839,0.8,0.8,0.69484,0.74945,0.8,0.8,0.69939
52,,0.62839,0.75,0.75,0.64484,0.69945,0.75,0.75,0.64939
53,,0.57839,0.7,0.7,0.59484,0.64945,0.7,0.7,0.59939
54,,0.52839,0.65,0.65,0.54484,0.59945,0.65,0.65,0.54939
55,,0.47839,0.6,0.6,0.49484,0.54945,0.6,0.6,0.49939
56,,0.42839,0.55,0.55,0.44484,0.49945,0.55,0.55,0.44939
57,,0.37839,0.5,0.5,0.39484,0.44945,0.5,0.5,0.39939
58,,0.32839,0.45,0.45,0.34484,0.39945,0.45,0.45,0.34939
59,,0.27839,0.4,0.4,0.29484,0.34945,0.4,0.4,0.29939
60,,0.22839,0.35,0.35,0.24484,0.29945,0.35,0.35,0.24939
61,,0.17839,0.3,0.3,0.19484,0.24945,0.3,0.3,0.19939
62,,0.12839,0.25,0.25,0.14484,0.19945,0.25,0.25,0.14939
63,,0.07839,0.2,0.2,0.09484,0.14945,0.2,0.2,0.09939
64,,0.02839,0.15,0.15,0.04484,0.09945,0.15,0.15,0.04939
65,,-0.02161,0.1,0.1,-0.00516,0.04945,0.1,0.1,-0.00061
66,1,0.97839,0.521,0.45,0.27384,0.29945,0.379,0.45,0.42039
67,1,1.0,0.942,0.8,0.55284,0.54945,0.658,0.8,0.84139
68,,0.95,0.892,0.75,0.50284,0.49945,0.608,0.75,0.79139
69,,0.9,0.842,0.7,0.45284,0.44945,0.558,0.7,0.74139
70,,0.85,0.792,0.65,0.40284,0.39945,0.508,0.65,0.69139
71,,0.8,0.742,0.6,0.35284,0.34945,0.458,0.6,0.64139
72,,0.75,0.692,0.55,0.30284,0.29945,0.408,0.55,0.59139
73,,0.7,0.642,0.5,0.25284,0.24945,0.358,0.5,0.54139
74,,0.65,0.592,0.45,0.20284,0.19945,0.308,0.45,0.49139
75,,0.6,0.542,0.4,0.15284,0.14945,0.258,0.4,0.44139
76,,0.55,0.492,0.35,0.10284,0.09945,0.208,0.35,0.39139
77,,0.5,0.442,0.3,0.05284,0.04945,0.158,0.3,0.34139
78,,0.45,0.392,0.25,0.00284,-0.00055,0.108,0.25,0.29139
79,5,0.7,0.671,0.6,0.42384,0.99945,0.529,0.6,0.57039
80,5,0.95,0.95,0.95,0.84484,1.0,0.95,0.95,0.84939
81,,0.9,0.9,0.9,0.79484,0.95,0.9,0.9,0.79939
82,,0.85,0.85,0.85,0.74484,0.9,0.85,0.85,0.74939
83,,0.8,0.8,0.8,0.69484,0.85,0.8,0.8,0.69939
84,,0.75,0.75,0.75,0.64484,0.8,0.75,0.75,0.64939
85,,0.7,0.7,0.7,0.59484,0.75,0.7,0.7,0.59939
86,,0.65,0.65,0.65,0.54484,0.7,0.65,0.65,0.54939
87,,0.6,0.6,0.6,0.49484,0.65,0.6,0.6,0.49939
88,,0.55,0.55,0.55,0.44484,0.6,0.55,0.55,0.44939
89,,0.5,0.5,0.5,0.39484,0.55,0.5,0.5,0.39939
90,,0.45,0.45,0.45,0.34484,0.5,0.45,0.45,0.34939
91,,0.4,0.4,0.4,0.29484,0.45,0.4,0.4,0.29939
92,,0.35,0.35,0.35,0.24484,0.4,0.35,0.35,0.24939
93,,0.3,0.3,0.3,0.19484,0.35,0.3,0.3,0.19939
94,,0.25,0.25,0.25,0.14484,0.3,0.25,0.25,0.14939
95,,0.2,0.2,0.2,0.09484,0.25,0.2,0.2,0.09939
96,,0.15,0.15,0.15,0.04484,0.2,0.15,0.15,0.04939
97,,0.1,0.1,0.1,-0.00516,0.15,0.1,0.1,-0.00061
98,4,0.379,0.45,0.521,0.99484,0.571,0.45,0.379,0.24939
99,4,0.658,0.8,0.942,1.0,0.992,0.8,0.658,0.49939
100,,0.608,0.75,0.892,0.95,0.942,0.75,0.608,0.44939
101,,0.558,0.7,0.842,0.9,0.892,0.7,0.558,0.39939
102,,0.508,0.65,0.792,0.85,0.842,0.65,0.508,0.34939
103,,0.458,0.6,0.742,0.8,0.792,0.6,0.458,0.29939
104,,0.408,0.55,0.692,0.75,0.742,0.55,0.408,0.24939
105,,0.358,0.5,0.642,0.7,0.692,0.5,0.358,0.19939
106,,0.308,0.45,0.592,0.65,0.642,0.45,0.308,0.14939
107,,0.258,0.4,0.542,0.6,0.592,0.4,0.258,0.09939
108,,0.208,0.35,0.492,0.55,0.542,0.35,0.208,0.04939
109,,0.158,0.3,0.442,0.5,0.492,0.3,0.158,-0.00061
110,8,0.579,0.65,0.721,0.75,0.771,0.65,0.579,0.99939
111,8,1.0,1.0,1.0,1.0,1.0,1.0,1.0,1.0
112,,0.95,0.95,0.95,0.95,0.95,0.95,0.95,0.95
113,,0.9,0.9,0.9,0.9,0.9,0.9,0.9,0.9
114,,0.85,0.85,0.85,0.85,0.85,0.85,0.85,0.85
115,,0.8,0.8,0.8,0.8,0.8,0.8,0.8,0.8
116,,0.75,0.75,0.75,0.75,0.75,0.75,0.75,0.75
117,,0.7,0.7,0.7,0.7,0.7,0.7,0.7,0.7
118,,0.65,0.65,0.65,0.65,0.65,0.65,0.65,0.65
119,,0.6,0.6,0.6,0.6,0.6,0.6,0.6,0.6
120,,0.55,0.55,0.55,0.55,0.55,0.55,0.55,0.55
121,,0.5,0.5,0.5,0.5,0.5,0.5,0.5,0.5
122,,0.45,0.45,0.45,0.45,0.45,0.45,0.45,0.45
123,,0.4,0.4,0.4,0.4,0.4,0.4,0.4,0.4
124,,0.35,0.35,0.35,0.35,0.35,0.35,0.35,0.35
125,,0.3,0.3,0.3,0.3,0.3,0.3,0.3,0.3
126,,0.25,0.25,0.25,0.25,0.25,0.25,0.25,0.25
127,,0.2,0.2,0.2,0.2,0.2,0.2,0.2,0.2
128,,0.15,0.15,0.15,0.15,0.15,0.15,0.15,0.15
129,,0.1,0.1,0.1,0.1,0.1,0.1,0.1,0.1
130,,0.05,0.05,0.05,0.05,0.05,0.05,0.05,0.05
131,,0.0,0.0,0.0,0.0,0.0,0.0,0.0,0.0
132,,-0.05,-0.05,-0.05,-0.05,-0.05,-0.05,-0.05,-0.05
133,8,0.371,0.3,0.229,0.2,0.229,0.3,0.371,0.95
134,8,0.792,0.65,0.508,0.45,0.508,0.65,0.792,1.0
135,,0.742,0.6,0.458,0.4,0.458,0.6,0.742,0.95
136,,0.692,0.55,0.408,0.35,0.408,0.55,0.692,0.9
137,,0.642,0.5,0.358,0.3,0.358,0.5,0.642,0.85
138,,0.592,0.45,0.308,0.25,0.308,0.45,0.592,0.8
139,,0.542,0.4,0.258,0.2,0.258,0.4,0.542,0.75
140,,0.492,0.35,0.208,0.15,0.208,0.35,0.492,0.7
141,,0.442,0.3,0.158,0.1,0.158,0.3,0.442,0.65
142,,0.392,0.25,0.108,0.05,0.108,0.25,0.392,0.6
143,,0.342,0.2,0.058,0.0,0.058,0.2,0.342,0.55
144,,0.292,0.15,0.008,-0.05,0.008,0.15,0.292,0.5
145,4,0.571,0.5,0.429,0.95,0.429,0.5,0.571,0.75
146,4,0.85,0.85,0.85,1.0,0.85,0.85,0.85,1.0
147,,0.8,0.8,0.8,0.95,0.8,0.8,0.8,0.95
148,,0.75,0.75,0.75,0.9,0.75,0.75,0.75,0.9
149,,0.7,0.7,0.7,0.85,0.7,0.7,0.7,0.85
150,,0.65,0.65,0.65,0.8,0.65,0.65,0.65,0.8
151,,0.6,0.6,0.6,0.75,0.6,0.6,0.6,0.75
152,,0.55,0.55,0.55,0.7,0.55,0.55,0.55,0.7
153,,0.5,0.5,0.5,0.65,0.5,0.5,0.5,0.65
154,,0.45,0.45,0.45,0.6,0.45,0.45,0.45,0.6
155,,0.4,0.4,0.4,0.55,0.4,0.4,0.4,0.55
156,,0.35,0.35,0.35,0.5,0.35,0.35,0.35,0.5
157,,0.3,0.3,0.3,0.45,0.3,0.3,0.3,0.45
158,,0.25,0.25,0.25,0.4,0.25,0.25,0.25,0.4
159,,0.2,0.2,0.2,0.35,0.2,0.2,0.2,0.35
160,,0.15,0.15,0.15,0.3,0.15,0.15,0.15,0.3
161,,0.1,0.1,0.1,0.25,0.1,0.1,0.1,0.25
162,,0.05,0.05,0.05,0.2,0.05,0.05,0.05,0.2
163,,0.0,0.0,0.0,0.15,0.0,0.0,0.0,0.15
164,,-0.05,-0.05,-0.05,0.1,-0.05,-0.05,-0.05,0.1
165,5,0.2,0.229,0.3,0.521,0.95,0.371,0.3,0.379
166,5,0.45,0.508,0.65,0.942,1.0,0.792,0.65,0.658
167,,0.4,0.458,0.6,0.892,0.95,0.742,0.6,0.608
168,,0.35,0.408,0.55,0.842,0.9,0.692,0.55,0.558
169,,0.3,0.358,0.5,0.792,0.85,0.642,0.5,0.508
170,,0.25,0.308,0.45,0.742,0.8,0.592,0.45,0.458
171,,0.2,0.258,0.4,0.692,0.75,0.542,0.4,0.408
172,,0.15,0.208,0.35,0.642,0.7,0.492,0.35,0.358
173,,0.1,0.158,0.3,0.592,0.65,0.442,0.3,0.308
174,,0.05,0.108,0.25,0.542,0.6,0.392,0.25,0.258
175,,0.0,0.058,0.2,0.492,0.55,0.342,0.2,0.208
176,,-0.05,0.008,0.15,0.442,0.5,0.292,0.15,0.158
177,1,0.95,0.429,0.5,0.721,0.75,0.571,0.5,0.579
178,1,1.0,0.85,0.85,1.0,1.0,0.85,0.85,1.0
179,,0.95,0.8,0.8,0.95,0.95,0.8,0.8,0.95
180,,0.9,0.75,0.75,0.9,0.9,0.75,0.75,0.9
181,,0.85,0.7,0.7,0.85,0.85,0.7,0.7,0.85
182,,0.8,0.65,0.65,0.8,0.8,0.65,0.65,0.8
183,,0.75,0.6,0.6,0.75,0.75,0.6,0.6,0.75
184,,0.7,0.55,0.55,0.7,0.7,0.55,0.55,0.7
185,,0.65,0.5,0.5,0.65,0.65,0.5,0.5,0.65
186,,0.6,0.45,0.45,0.6,0.6,0.45,0.45,0.6
187,,0.55,0.4,0.4,0.55,0.55,0.4,0.4,0.55
188,,0.5,0.35,0.35,0.5,0.5,0.35,0.35,0.5
189,,0.45,0.3,0.3,0.45,0.45,0.3,0.3,0.45
190,,0.4,0.25,0.25,0.4,0.4,0.25,0.25,0.4
191,,0.35,0.2,0.2,0.35,0.35,0.2,0.2,0.35
192,,0.3,0.15,0.15,0.3,0.3,0.15,0.15,0.3
193,,0.25,0.1,0.1,0.25,0.25,0.1,0.1,0.25
194,,0.2,0.05,0.05,0.2,0.2,0.05,0.05,0.2
195,,0.15,0.0,0.0,0.15,0.15,0.0,0.0,0.15
196,,0.1,-0.05,-0.05,0.1,0.1,-0.05,-0.05,0.1
197,7,0.45,0.229,0.2,0.379,0.45,0.371,0.95,0.521
198,7,0.8,0.508,0.45,0.658,0.8,0.792,1.0,0.942
199,,0.75,0.458,0.4,0.608,0.75,0.742,0.95,0.892
200,,0.7,0.408,0.35,0.558,0.7,0.692,0.9,0.842
201,,0.65,0.358,0.3,0.508,0.65,0.642,0.85,0.792
202,,0.6,0.308,0.25,0.458,0.6,0.592,0.8,0.742
203,,0.55,0.258,0.2,0.408,0.55,0.542,0.75,0.692
204,,0.5,0.208,0.15,0.358,0.5,0.492,0.7,0.642
205,,0.45,0.158,0.1,0.308,0.45,0.442,0.65,0.592
206,,0.4,0.108,0.05,0.258,0.4,0.392,0.6,0.542
207,,0.35,0.058,0.0,0.208,0.35,0.342,0.55,0.492
208,,0.3,0.008,-0.05,0.158,0.3,0.292,0.5,0.442
209,3,0.65,0.429,0.95,0.579,0.65,0.571,0.75,0.721
210,3,1.0,0.85,1.0,1.0,1.0,0.85,1.0,1.0
211,,0.95,0.8,0.95,0.95,0.95,0.8,0.95,0.95
212,,0.9,0.75,0.9,0.9,0.9,0.75,0.9,0.9
213,,0.85,0.7,0.85,0.85,0.85,0.7,0.85,0.85
214,,0.8,0.65,0.8,0.8,0.8,0.65,0.8,0.8
215,,0.75,0.6,0.75,0.75,0.75,0.6,0.75,0.75
216,,0.7,0.55,0.7,0.7,0.7,0.55,0.7,0.7
217,,0.65,0.5,0.65,0.65,0.65,0.5,0.65,0.65
218,,0.6,0.45,0.6,0.6,0.6,0.45,0.6,0.6
219,,0.55,0.4,0.55,0.55,0.55,0.4,0.55,0.55
220,,0.5,0.35,0.5,0.5,0.5,0.35,0.5,0.5
221,,0.45,0.3,0.45,0.45,0.45,0.3,0.45,0.45
222,,0.4,0.25,0.4,0.4,0.4,0.25,0.4,0.4
223,,0.35,0.2,0.35,0.35,0.35,0.2,0.35,0.35
224,,0.3,0.15,0.3,0.3,0.3,0.15,0.3,0.3
225,,0.25,0.1,0.25,0.25,0.25,0.1,0.25,0.25
226,,0.2,0.05,0.2,0.2,0.2,0.05,0.2,0.2
227,,0.15,0.0,0.15,0.15,0.15,0.0,0.15,0.15
228,,0.1,-0.05,0.1,0.1,0.1,-0.05,0.1,0.1
229,6,0.379,0.2,0.379,0.45,0.521,0.95,0.521,0.45
230,6,0.658,0.45,0.658,0.8,0.942,1.0,0.942,0.8
231,,0.608,0.4,0.608,0.75,0.892,0.95,0.892,0.75
232,,0.558,0.35,0.558,0.7,0.842,0.9,0.842,0.7
233,,0.508,0.3,0.508,0.65,0.792,0.85,0.792,0.65
234,,0.458,0.25,0.458,0.6,0.742,0.8,0.742,0.6
235,,0.408,0.2,0.408,0.55,0.692,0.75,0.692,0.55
236,,0.358,0.15,0.358,0.5,0.642,0.7,0.642,0.5
237,,0.308,0.1,0.308,0.45,0.592,0.65,0.592,0.45
238,,0.258,0.05,0.258,0.4,0.542,0.6,0.542,0.4
239,,0.208,0.0,0.208,0.35,0.492,0.55,0.492,0.35
240,,0.158,-0.05,0.158,0.3,0.442,0.5,0.442,0.3
241,2,0.579,0.95,0.579,0.65,0.721,0.75,0.721,0.65
242,2,1.0,1.0,1.0,1.0,1.0,1.0,1.0,1.0
243,,0.95,0.95,0.95,0.95,0.95,0.95,0.95,0.95
244,,0.9,0.9,0.9,0.9,0.9,0.9,0.9,0.9
245,,0.85,0.85,0.85,0.85,0.85,0.85,0.85,0.85
246,,0.8,0.8,0.8,0.8,0.8,0.8,0.8,0.8
247,,0.75,0.75,0.75,0.75,0.75,0.75,0.75,0.75
248,,0.7,0.7,0.7,0.7,0.7,0.7,0.7,0.7
249,,0.65,0.65,0.65,0.65,0.65,0.65,0.65,0.65
250,,0.6,0.6,0.6,0.6,0.6,0.6,0.6,0.6
251,,0.55,0.55,0.55,0.55,0.55,0.55,0.55,0.55
252,,0.5,0.5,0.5,0.5,0.5,0.5,0.5,0.5
253,,0.45,0.45,0.45,0.45,0.45,0.45,0.45,0.45
254,,0.4,0.4,0.4,0.4,0.4,0.4,0.4,0.4
255,,0.35,0.35,0.35,0.35,0.35,0.35,0.35,0.35
256,,0.3,0.3,0.3,0.3,0.3,0.3,0.3,0.3
257,,0.25,0.25,0.25,0.25,0.25,0.25,0.25,0.25
258,,0.2,0.2,0.2,0.2,0.2,0.2,0.2,0.2
259,,0.15,0.15,0.15,0.15,0.15,0.15,0.15,0.15
260,,0.1,0.1,0.1,0.1,0.1,0.1,0.1,0.1
261,,0.05,0.05,0.05,0.05,0.05,0.05,0.05,0.05
262,,0.0,0.0,0.0,0.0,0.0,0.0,0.0,0.0
263,,-0.05,-0.05,-0.05,-0.05,-0.05,-0.05,-0.05,-0.05
264,8,0.371,0.3,0.229,0.2,0.229,0.3,0.371,0.95
265,8,0.792,0.65,0.508,0.45,0.508,0.65,0.792,1.0
266,,0.742,0.6,0.458,0.4,0.458,0.6,0.742,0.95
267,,0.692,0.55,0.408,0.35,0.408,0.55,0.692,0.9
268,,0.642,0.5,0.358,0.3,0.358,0.5,0.642,0.85
269,,0.592,0.45,0.308,0.25,0.308,0.45,0.592,0.8
270,,0.542,0.4,0.258,0.2,0.258,0.4,0.542,0.75
271,,0.492,0.35,0.208,0.15,0.208,0.35,0.492,0.7
272,,0.442,0.3,0.158,0.1,0.158,0.3,0.442,0.65
273,,0.392,0.25,0.108,0.05,0.108,0.25,0.392,0.6
274,,0.342,0.2,0.058,0.0,0.058,0.2,0.342,0.55
275,,0.292,0.15,0.008,-0.05,0.008,0.15,0.292,0.5
276,4,0.571,0.5,0.429,0.95,0.429,0.5,0.571,0.75
277,4,0.85,0.85,0.85,1.0,0.85,0.85,0.85,1.0
278,,0.8,0.8,0.8,0.95,0.8,0.8,0.8,0.95
279,,0.75,0.75,0.75,0.9,0.75,0.75,0.75,0.9
280,,0.7,0.7,0.7,0.85,0.7,0.7,0.7,0.85
281,,0.65,0.65,0.65,0.8,0.65,0.65,0.65,0.8
282,,0.6,0.6,0.6,0.75,0.6,0.6,0.6,0.75
283,,0.55,0.55,0.55,0.7,0.55,0.55,0.55,0.7
284,,0.5,0.5,0.5,0.65,0.5,0.5,0.5,0.65
285,,0.45,0.45,0.45,0.6,0.45,0.45,0.45,0.6
286,,0.4,0.4,0.4,0.55,0.4,0.4,0.4,0.55
287,,0.35,0.35,0.35,0.5,0.35,0.35,0.35,0.5
288,,0.3,0.3,0.3,0.45,0.3,0.3,0.3,0.45
289,,0.25,0.25,0.25,0.4,0.25,0.25,0.25,0.4
290,,0.2,0.2,0.2,0.35,0.2,0.2,0.2,0.35
291,,0.15,0.15,0.15,0.3,0.15,0.15,0.15,0.3
292,,0.1,0.1,0.1,0.25,0.1,0.1,0.1,0.25
293,,0.05,0.05,0.05,0.2,0.05,0.05,0.05,0.2
294,,0.0,0.0,0.0,0.15,0.0,0.0,0.0,0.15
295,,-0.05,-0.05,-0.05,0.1,-0.05,-0.05,-0.05,0.1
296,3,0.3,0.371,0.95,0.521,0.3,0.229,0.2,0.379
297,3,0.65,0.792,1.0,0.942,0.65,0.508,0.45,0.658
298,,0.6,0.742,0.95,0.892,0.6,0.458,0.4,0.608
299,,0.55,0.692,0.9,0.842,0.55,0.408,0.35,0.558
300,,0.5,0.642,0.85,0.792,0.5,0.358,0.3,0.508
301,,0.45,0.592,0.8,0.742,0.45,0.308,0.25,0.458
302,,0.4,0.542,0.75,0.692,0.4,0.258,0.2,0.408
303,,0.35,0.492,0.7,0.642,0.35,0.208,0.15,0.358
304,,0.3,0.442,0.65,0.592,0.3,0.158,0.1,0.308
305,,0.25,0.392,0.6,0.542,0.25,0.108,0.05,0.258
306,,0.2,0.342,0.55,0.492,0.2,0.058,0.0,0.208
307,,0.15,0.292,0.5,0.442,0.15,0.008,-0.05,0.158
308,7,0.5,0.571,0.75,0.721,0.5,0.429,0.95,0.579
309,7,0.85,0.85,1.0,1.0,0.85,0.85,1.0,1.0
310,,0.8,0.8,0.95,0.95,0.8,0.8,0.95,0.95
311,,0.75,0.75,0.9,0.9,0.75,0.75,0.9,0.9
312,,0.7,0.7,0.85,0.85,0.7,0.7,0.85,0.85
313,,0.65,0.65,0.8,0.8,0.65,0.65,0.8,0.8
314,,0.6,0.6,0.75,0.75,0.6,0.6,0.75,0.75
315,,0.55,0.55,0.7,0.7,0.55,0.55,0.7,0.7
316,,0.5,0.5,0.65,0.65,0.5,0.5,0.65,0.65
317,,0.45,0.45,0.6,0.6,0.45,0.45,0.6,0.6
318,,0.4,0.4,0.55,0.55,0.4,0.4,0.55,0.55
319,,0.35,0.35,0.5,0.5,0.35,0.35,0.5,0.5
320,,0.3,0.3,0.45,0.45,0.3,0.3,0.45,0.45
321,,0.25,0.25,0.4,0.4,0.25,0.25,0.4,0.4
322,,0.2,0.2,0.35,0.35,0.2,0.2,0.35,0.35
323,,0.15,0.15,0.3,0.3,0.15,0.15,0.3,0.3
324,,0.1,0.1,0.25,0.25,0.1,0.1,0.25,0.25
325,,0.05,0.05,0.2,0.2,0.05,0.05,0.2,0.2
326,,0.0,0.0,0.15,0.15,0.0,0.0,0.15,0.15
327,,-0.05,-0.05,0.1,0.1,-0.05,-0.05,0.1,0.1
328,1,0.95,0.371,0.45,0.379,0.2,0.229,0.45,0.521
329,1,1.0,0.792,0.8,0.658,0.45,0.508,0.8,0.942
330,,0.95,0.742,0.75,0.608,0.4,0.458,0.75,0.892
331,,0.9,0.692,0.7,0.558,0.35,0.408,0.7,0.842
332,,0.85,0.642,0.65,0.508,0.3,0.358,0.65,0.792
333,,0.8,0.592,0.6,0.458,0.25,0.308,0.6,0.742
334,,0.75,0.542,0.55,0.408,0.2,0.258,0.55,0.692
335,,0.7,0.492,0.5,0.358,0.15,0.208,0.5,0.642
336,,0.65,0.442,0.45,0.308,0.1,0.158,0.45,0.592
337,,0.6,0.392,0.4,0.258,0.05,0.108,0.4,0.542
338,,0.55,0.342,0.35,0.208,0.0,0.058,0.35,0.492
339,,0.5,0.292,0.3,0.158,-0.05,0.008,0.3,0.442
340,5,0.75,0.571,0.65,0.579,0.95,0.429,0.65,0.721
341,5,1.0,0.85,1.0,1.0,1.0,0.85,1.0,1.0
342,,0.95,0.8,0.95,0.95,0.95,0.8,0.95,0.95
343,,0.9,0.75,0.9,0.9,0.9,0.75,0.9,0.9
344,,0.85,0.7,0.85,0.85,0.85,0.7,0.85,0.85
345,,0.8,0.65,0.8,0.8,0.8,0.65,0.8,0.8
346,,0.75,0.6,0.75,0.75,0.75,0.6,0.75,0.75
347,,0.7,0.55,0.7,0.7,0.7,0.55,0.7,0.7
348,,0.65,0.5,0.65,0.65,0.65,0.5,0.65,0.65
349,,0.6,0.45,0.6,0.6,0.6,0.45,0.6,0.6
350,,0.55,0.4,0.55,0.55,0.55,0.4,0.55,0.55
351,,0.5,0.35,0.5,0.5,0.5,0.35,0.5,0.5
352,,0.45,0.3,0.45,0.45,0.45,0.3,0.45,0.45
353,,0.4,0.25,0.4,0.4,0.4,0.25,0.4,0.4
354,,0.35,0.2,0.35,0.35,0.35,0.2,0.35,0.35
355,,0.3,0.15,0.3,0.3,0.3,0.15,0.3,0.3
356,,0.25,0.1,0.25,0.25,0.25,0.1,0.25,0.25
357,,0.2,0.05,0.2,0.2,0.2,0.05,0.2,0.2
358,,0.15,0.0,0.15,0.15,0.15,0.0,0.15,0.15
359,,0.1,-0.05,0.1,0.1,0.1,-0.05,0.1,0.1
360,6,0.379,0.2,0.379,0.45,0.521,0.95,0.521,0.45
361,6,0.658,0.45,0.658,0.8,0.942,1.0,0.942,0.8
362,,0.608,0.4,0.608,0.75,0.892,0.95,0.892,0.75
363,,0.558,0.35,0.558,0.7,0.842,0.9,0.842,0.7
364,,0.508,0.3,0.508,0.65,0.792,0.85,0.792,0.65
365,,0.458,0.25,0.458,0.6,0.742,0.8,0.742,0.6
366,,0.408,0.2,0.408,0.55,0.692,0.75,0.692,0.55
367,,0.358,0.15,0.358,0.5,0.642,0.7,0.642,0.5
368,,0.308,0.1,0.308,0.45,0.592,0.65,0.592,0.45
369,,0.258,0.05,0.258,0.4,0.542,0.6,0.542,0.4
370,,0.208,0.0,0.208,0.35,0.492,0.55,0.492,0.35
371,,0.158,-0.05,0.158,0.3,0.442,0.5,0.442,0.3
372,2,0.579,0.95,0.579,0.65,0.721,0.75,0.721,0.65
373,2,1.0,1.0,1.0,1.0,1.0,1.0,1.0,1.0
374,,0.95,0.95,0.95,0.95,0.95,0.95,0.95,0.95
375,,0.9,0.9,0.9,0.9,0.9,0.9,0.9,0.9
376,,0.85,0.85,0.85,0.85,0.85,0.85,0.85,0.85
377,,0.8,0.8,0.8,0.8,0.8,0.8,0.8,0.8
378,,0.75,0.75,0.75,0.75,0.75,0.75,0.75,0.75
379,,0.7,0.7,0.7,0.7,0.7,0.7,0.7,0.7
380,,0.65,0.65,0.65,0.65,0.65,0.65,0.65,0.65
381,,0.6,0.6,0.6,0.6,0.6,0.6,0.6,0.6
382,,0.55,0.55,0.55,0.55,0.55,0.55,0.55,0.55
383,,0.5,0.5,0.5,0.5,0.5,0.5,0.5,0.5
384,,0.45,0.45,0.45,0.45,0.45,0.45,0.45,0.45
385,,0.4,0.4,0.4,0.4,0.4,0.4,0.4,0.4
386,,0.35,0.35,0.35,0.35,0.35,0.35,0.35,0.35
387,,0.3,0.3,0.3,0.3,0.3,0.3,0.3,0.3
388,,0.25,0.25,0.25,0.25,0.25,0.25,0.25,0.25
389,,0.2,0.2,0.2,0.2,0.2,0.2,0.2,0.2
390,,0.15,0.15,0.15,0.15,0.15,0.15,0.15,0.15
391,,0.1,0.1,0.1,0.1,0.1,0.1,0.1,0.1
392,,0.05,0.05,0.05,0.05,0.05,0.05,0.05,0.05
393,,0.0,0.0,0.0,0.0,0.0,0.0,0.0,0.0
394,,-0.05,-0.05,-0.05,-0.05,-0.05,-0.05,-0.05,-0.05
395,1,0.95,0.371,0.3,0.229,0.2,0.229,0.3,0.371
396,1,1.0,0.792,0.65,0.508,0.45,0.508,0.65,0.792
397,,0.95,0.742,0.6,0.458,0.4,0.458,0.6,0.742
398,,0.9,0.692,0.55,0.408,0.35,0.408,0.55,0.692
399,,0.85,0.642,0.5,0.358,0.3,0.358,0.5,0.642
400,,0.8,0.592,0.45,0.308,0.25,0.308,0.45,0.592
401,,0.75,0.542,0.4,0.258,0.2,0.258,0.4,0.542
402,,0.7,0.492,0.35,0.208,0.15,0.208,0.35,0.492
403,,0.65,0.442,0.3,0.158,0.1,0.158,0.3,0.442
404,,0.6,0.392,0.25,0.108,0.05,0.108,0.25,0.392
405,,0.55,0.342,0.2,0.058,0.0,0.058,0.2,0.342
406,,0.5,0.292,0.15,0.008,-0.05,0.008,0.15,0.292
407,5,0.75,0.571,0.5,0.429,0.95,0.429,0.5,0.571
408,5,1.0,0.85,0.85,0.85,1.0,0.85,0.85,0.85
409,,0.95,0.8,0.8,0.8,0.95,0.8,0.8,0.8
410,,0.9,0.75,0.75,0.75,0.9,0.75,0.75,0.75
411,,0.85,0.7,0.7,0.7,0.85,0.7,0.7,0.7
412,,0.8,0.65,0.65,0.65,0.8,0.65,0.65,0.65
413,,0.75,0.6,0.6,0.6,0.75,0.6,0.6,0.6
414,,0.7,0.55,0.55,0.55,0.7,0.55,0.55,0.55
415,,0.65,0.5,0.5,0.5,0.65,0.5,0.5,0.5
416,,0.6,0.45,0.45,0.45,0.6,0.45,0.45,0.45
417,,0.55,0.4,0.4,0.4,0.55,0.4,0.4,0.4
418,,0.5,0.35,0.35,0.35,0.5,0.35,0.35,0.35
419,,0.45,0.3,0.3,0.3,0.45,0.3,0.3,0.3
420,,0.4,0.25,0.25,0.25,0.4,0.25,0.25,0.25
421,,0.35,0.2,0.2,0.2,0.35,0.2,0.2,0.2
422,,0.3,0.15,0.15,0.15,0.3,0.15,0.15,0.15
423,,0.25,0.1,0.1,0.1,0.25,0.1,0.1,0.1
424,,0.2,0.05,0.05,0.05,0.2,0.05,0.05,0.05
425,,0.15,0.0,0.0,0.0,0.15,0.0,0.0,0.0
426,,0.1,-0.05,-0.05,-0.05,0.1,-0.05,-0.05,-0.05
427,6,0.379,0.2,0.229,0.3,0.521,0.95,0.371,0.3
428,6,0.658,0.45,0.508,0.65,0.942,1.0,0.792,0.65
429,,0.608,0.4,0.458,0.6,0.892,0.95,0.742,0.6
430,,0.558,0.35,0.408,0.55,0.842,0.9,0.692,0.55
431,,0.508,0.3,0.358,0.5,0.792,0.85,0.642,0.5
432,,0.458,0.25,0.308,0.45,0.742,0.8,0.592,0.45
433,,0.408,0.2,0.258,0.4,0.692,0.75,0.542,0.4
434,,0.358,0.15,0.208,0.35,0.642,0.7,0.492,0.35
435,,0.308,0.1,0.158,0.3,0.592,0.65,0.442,0.3
436,,0.258,0.05,0.108,0.25,0.542,0.6,0.392,0.25
437,,0.208,0.0,0.058,0.2,0.492,0.55,0.342,0.2
438,,0.158,-0.05,0.008,0.15,0.442,0.5,0.292,0.15
439,2,0.579,0.95,0.429,0.5,0.721,0.75,0.571,0.5
440,2,1.0,1.0,0.85,0.85,1.0,1.0,0.85,0.85
441,,0.95,0.95,0.8,0.8,0.95,0.95,0.8,0.8
442,,0.9,0.9,0.75,0.75,0.9,0.9,0.75,0.75
443,,0.85,0.85,0.7,0.7,0.85,0.85,0.7,0.7
444,,0.8,0.8,0.65,0.65,0.8,0.8,0.65,0.65
445,,0.75,0.75,0.6,0.6,0.75,0.75,0.6,0.6
446,,0.7,0.7,0.55,0.55,0.7,0.7,0.55,0.55
447,,0.65,0.65,0.5,0.5,0.65,0.65,0.5,0.5
448,,0.6,0.6,0.45,0.45,0.6,0.6,0.45,0.45
449,,0.55,0.55,0.4,0.4,0.55,0.55,0.4,0.4
450,,0.5,0.5,0.35,0.35,0.5,0.5,0.35,0.35
451,,0.45,0.45,0.3,0.3,0.45,0.45,0.3,0.3
452,,0.4,0.4,0.25,0.25,0.4,0.4,0.25,0.25
453,,0.35,0.35,0.2,0.2,0.35,0.35,0.2,0.2
454,,0.3,0.3,0.15,0.15,0.3,0.3,0.15,0.15
455,,0.25,0.25,0.1,0.1,0.25,0.25,0.1,0.1
456,,0.2,0.2,0.05,0.05,0.2,0.2,0.05,0.05
457,,0.15,0.15,0.0,0.0,0.15,0.15,0.0,0.0
458,,0.1,0.1,-0.05,-0.05,0.1,0.1,-0.05,-0.05
459,7,0.45,0.379,0.2,0.229,0.45,0.521,0.95,0.371
460,7,0.8,0.658,0.45,0.508,0.8,0.942,1.0,0.792
461,,0.75,0.608,0.4,0.458,0.75,0.892,0.95,0.742
462,,0.7,0.558,0.35,0.408,0.7,0.842,0.9,0.692
463,,0.65,0.508,0.3,0.358,0.65,0.792,0.85,0.642
464,,0.6,0.458,0.25,0.308,0.6,0.742,0.8,0.592
465,,0.55,0.408,0.2,0.258,0.55,0.692,0.75,0.542
466,,0.5,0.358,0.15,0.208,0.5,0.642,0.7,0.492
467,,0.45,0.308,0.1,0.158,0.45,0.592,0.65,0.442
468,,0.4,0.258,0.05,0.108,0.4,0.542,0.6,0.392
469,,0.35,0.208,0.0,0.058,0.35,0.492,0.55,0.342
470,,0.3,0.158,-0.05,0.008,0.3,0.442,0.5,0.292
471,3,0.65,0.579,0.95,0.429,0.65,0.721,0.75,0.571
472,3,1.0,1.0,1.0,0.85,1.0,1.0,1.0,0.85
473,,0.95,0.95,0.95,0.8,0.95,0.95,0.95,0.8
474,,0.9,0.9,0.9,0.75,0.9,0.9,0.9,0.75
475,,0.85,0.85,0.85,0.7,0.85,0.85,0.85,0.7
476,,0.8,0.8,0.8,0.65,0.8,0.8,0.8,0.65
477,,0.75,0.75,0.75,0.6,0.75,0.75,0.75,0.6
478,,0.7,0.7,0.7,0.55,0.7,0.7,0.7,0.55
479,,0.65,0.65,0.65,0.5,0.65,0.65,0.65,0.5
480,,0.6,0.6,0.6,0.45,0.6,0.6,0.6,0.45
481,,0.55,0.55,0.55,0.4,0.55,0.55,0.55,0.4
482,,0.5,0.5,0.5,0.35,0.5,0.5,0.5,0.35
483,,0.45,0.45,0.45,0.3,0.45,0.45,0.45,0.3
484,,0.4,0.4,0.4,0.25,0.4,0.4,0.4,0.25
485,,0.35,0.35,0.35,0.2,0.35,0.35,0.35,0.2
486,,0.3,0.3,0.3,0.15,0.3,0.3,0.3,0.15
487,,0.25,0.25,0.25,0.1,0.25,0.25,0.25,0.1
488,,0.2,0.2,0.2,0.05,0.2,0.2,0.2,0.05
489,,0.15,0.15,0.15,0.0,0.15,0.15,0.15,0.0
490,,0.1,0.1,0.1,-0.05,0.1,0.1,0.1,-0.05
491,4,0.379,0.45,0.521,0.95,0.521,0.45,0.379,0.2
492,4,0.658,0.8,0.942,1.0,0.942,0.8,0.658,0.45
493,,0.608,0.75,0.892,0.95,0.892,0.75,0.608,0.4
494,,0.558,0.7,0.842,0.9,0.842,0.7,0.558,0.35
495,,0.508,0.65,0.792,0.85,0.792,0.65,0.508,0.3
496,,0.458,0.6,0.742,0.8,0.742,0.6,0.458,0.25
497,,0.408,0.55,0.692,0.75,0.692,0.55,0.408,0.2
498,,0.358,0.5,0.642,0.7,0.642,0.5,0.358,0.15
499,,0.308,0.45,0.592,0.65,0.592,0.45,0.308,0.1
