step,active_motive,motive_1,motive_2,motive_3,motive_4,motive_5,motive_6,motive_7,motive_8
0,,0.05979,0.09219,0.00885,0.0196,0.00452,0.03253,0.03887,0.02713
1,,0.00979,0.04219,-0.04115,-0.0304,-0.04548,-0.01747,-0.01113,-0.02287
2,5,0.25979,0.32119,0.30885,0.3906,0.95452,0.40353,0.33887,0.25613
3,5,0.50979,0.60019,0.65885,0.8116,1.0,0.82453,0.68887,0.53513
4,,0.45979,0.55019,0.60885,0.7616,0.95,0.77453,0.63887,0.48513
5,,0.40979,0.50019,0.55885,0.7116,0.9,0.72453,0.58887,0.43513
6,,0.35979,0.45019,0.50885,0.6616,0.85,0.67453,0.53887,0.38513
7,,0.30979,0.40019,0.45885,0.6116,0.8,0.62453,0.48887,0.33513
8,,0.25979,0.35019,0.40885,0.5616,0.75,0.57453,0.43887,0.28513
9,,0.20979,0.30019,0.35885,0.5116,0.7,0.52453,0.38887,0.23513
10,,0.15979,0.25019,0.30885,0.4616,0.65,0.47453,0.33887,0.18513
11,,0.10979,0.20019,0.25885,0.4116,0.6,0.42453,0.28887,0.13513
12,,0.05979,0.15019,0.20885,0.3616,0.55,0.37453,0.23887,0.08513
13,,0.00979,0.10019,0.15885,0.3116,0.5,0.32453,0.18887,0.03513
14,,-0.04021,0.05019,0.10885,0.2616,0.45,0.27453,0.13887,-0.01487
15,1,0.95979,0.47119,0.45885,0.5406,0.7,0.55353,0.48887,0.40613
16,1,1.0,0.89219,0.80885,0.8196,0.95,0.83253,0.83887,0.82713
17,,0.95,0.84219,0.75885,0.7696,0.9,0.78253,0.78887,0.77713
18,,0.9,0.79219,0.70885,0.7196,0.85,0.73253,0.73887,0.72713
19,,0.85,0.74219,0.65885,0.6696,0.8,0.68253,0.68887,0.67713
20,,0.8,0.69219,0.60885,0.6196,0.75,0.63253,0.63887,0.62713
21,,0.75,0.64219,0.55885,0.5696,0.7,0.58253,0.58887,0.57713
22,,0.7,0.59219,0.50885,0.5196,0.65,0.53253,0.53887,0.52713
23,,0.65,0.54219,0.45885,0.4696,0.6,0.48253,0.48887,0.47713
24,,0.6,0.49219,0.40885,0.4196,0.55,0.43253,0.43887,0.42713
25,,0.55,0.44219,0.35885,0.3696,0.5,0.38253,0.38887,0.37713
26,,0.5,0.39219,0.30885,0.3196,0.45,0.33253,0.33887,0.32713
27,,0.45,0.34219,0.25885,0.2696,0.4,0.28253,0.28887,0.27713
28,,0.4,0.29219,0.20885,0.2196,0.35,0.23253,0.23887,0.22713
29,,0.35,0.24219,0.15885,0.1696,0.3,0.18253,0.18887,0.17713
30,,0.3,0.19219,0.10885,0.1196,0.25,0.13253,0.13887,0.12713
31,,0.25,0.14219,0.05885,0.0696,0.2,0.08253,0.08887,0.07713
32,,0.2,0.09219,0.00885,0.0196,0.15,0.03253,0.03887,0.02713
33,,0.15,0.04219,-0.04115,-0.0304,0.1,-0.01747,-0.01113,-0.02287
34,3,0.5,0.46319,0.95885,0.3906,0.45,0.26153,0.23887,0.25613
35,3,0.85,0.88419,1.0,0.8116,0.8,0.54053,0.48887,0.53513
36,,0.8,0.83419,0.95,0.7616,0.75,0.49053,0.43887,0.48513
37,,0.75,0.78419,0.9,0.7116,0.7,0.44053,0.38887,0.43513
38,,0.7,0.73419,0.85,0.6616,0.65,0.39053,0.33887,0.38513
39,,0.65,0.68419,0.8,0.6116,0.6,0.34053,0.28887,0.33513
40,,0.6,0.63419,0.75,0.5616,0.55,0.29053,0.23887,0.28513
41,,0.55,0.58419,0.7,0.5116,0.5,0.24053,0.18887,0.23513
42,,0.5,0.53419,0.65,0.4616,0.45,0.19053,0.13887,0.18513
43,,0.45,0.48419,0.6,0.4116,0.4,0.14053,0.08887,0.13513
44,,0.4,0.43419,0.55,0.3616,0.35,0.09053,0.03887,0.08513
45,,0.35,0.38419,0.5,0.3116,0.3,0.04053,-0.01113,0.03513
46,7,0.7,0.66319,0.75,0.5906,0.65,0.46153,0.98887,0.45613
47,7,1.0,0.94219,1.0,0.8696,1.0,0.88253,1.0,0.87713
48,,0.95,0.89219,0.95,0.8196,0.95,0.83253,0.95,0.82713
49,,0.9,0.84219,0.9,0.7696,0.9,0.78253,0.9,0.77713
50,,0.85,0.79219,0.85,0.7196,0.85,0.73253,0.85,0.72713
51,,0.8,0.74219,0.8,0.6696,0.8,0.68253,0.8,0.67713
52,,0.75,0.69219,0.75,0.6196,0.75,0.63253,0.75,0.62713
53,,0.7,0.64219,0.7,0.5696,0.7,0.58253,0.7,0.57713
54,,0.65,0.59219,0.65,0.5196,0.65,0.53253,0.65,0.52713
55,,0.6,0.54219,0.6,0.4696,0.6,0.48253,0.6,0.47713
56,,0.55,0.49219,0.55,0.4196,0.55,0.43253,0.55,0.42713
57,,0.5,0.44219,0.5,0.3696,0.5,0.38253,0.5,0.37713
58,,0.45,0.39219,0.45,0.3196,0.45,0.33253,0.45,0.32713
59,,0.4,0.34219,0.4,0.2696,0.4,0.28253,0.4,0.27713
60,,0.35,0.29219,0.35,0.2196,0.35,0.23253,0.35,0.22713
61,,0.3,0.24219,0.3,0.1696,0.3,0.18253,0.3,0.17713
62,,0.25,0.19219,0.25,0.1196,0.25,0.13253,0.25,0.12713
63,,0.2,0.14219,0.2,0.0696,0.2,0.08253,0.2,0.07713
64,,0.15,0.09219,0.15,0.0196,0.15,0.03253,0.15,0.02713
65,,0.1,0.04219,0.1,-0.0304,0.1,-0.01747,0.1,-0.02287
66,4,0.379,0.39219,0.521,0.9696,0.521,0.33253,0.379,0.22713
67,4,0.658,0.74219,0.942,1.0,0.942,0.68253,0.658,0.47713
68,,0.608,0.69219,0.892,0.95,0.892,0.63253,0.608,0.42713
69,,0.558,0.64219,0.842,0.9,0.842,0.58253,0.558,0.37713
70,,0.508,0.59219,0.792,0.85,0.792,0.53253,0.508,0.32713
71,,0.458,0.54219,0.742,0.8,0.742,0.48253,0.458,0.27713
72,,0.408,0.49219,0.692,0.75,0.692,0.43253,0.408,0.22713
73,,0.358,0.44219,0.642,0.7,0.642,0.38253,0.358,0.17713
74,,0.308,0.39219,0.592,0.65,0.592,0.33253,0.308,0.12713
75,,0.258,0.34219,0.542,0.6,0.542,0.28253,0.258,0.07713
76,,0.208,0.29219,0.492,0.55,0.492,0.23253,0.208,0.02713
77,,0.158,0.24219,0.442,0.5,0.442,0.18253,0.158,-0.02287
78,8,0.579,0.59219,0.721,0.75,0.721,0.53253,0.579,0.97713
79,8,1.0,0.94219,1.0,1.0,1.0,0.88253,1.0,1.0
80,,0.95,0.89219,0.95,0.95,0.95,0.83253,0.95,0.95
81,,0.9,0.84219,0.9,0.9,0.9,0.78253,0.9,0.9
82,,0.85,0.79219,0.85,0.85,0.85,0.73253,0.85,0.85
83,,0.8,0.74219,0.8,0.8,0.8,0.68253,0.8,0.8
84,,0.75,0.69219,0.75,0.75,0.75,0.63253,0.75,0.75
85,,0.7,0.64219,0.7,0.7,0.7,0.58253,0.7,0.7
86,,0.65,0.59219,0.65,0.65,0.65,0.53253,0.65,0.65
87,,0.6,0.54219,0.6,0.6,0.6,0.48253,0.6,0.6
88,,0.55,0.49219,0.55,0.55,0.55,0.43253,0.55,0.55
89,,0.5,0.44219,0.5,0.5,0.5,0.38253,0.5,0.5
90,,0.45,0.39219,0.45,0.45,0.45,0.33253,0.45,0.45
91,,0.4,0.34219,0.4,0.4,0.4,0.28253,0.4,0.4
92,,0.35,0.29219,0.35,0.35,0.35,0.23253,0.35,0.35
93,,0.3,0.24219,0.3,0.3,0.3,0.18253,0.3,0.3
94,,0.25,0.19219,0.25,0.25,0.25,0.13253,0.25,0.25
95,,0.2,0.14219,0.2,0.2,0.2,0.08253,0.2,0.2
96,,0.15,0.09219,0.15,0.15,0.15,0.03253,0.15,0.15
97,,0.1,0.04219,0.1,0.1,0.1,-0.01747,0.1,0.1
98,6,0.379,0.29219,0.379,0.45,0.521,0.98253,0.521,0.45
99,6,0.658,0.54219,0.658,0.8,0.942,1.0,0.942,0.8
100,,0.608,0.49219,0.608,0.75,0.892,0.95,0.892,0.75
101,,0.558,0.44219,0.558,0.7,0.842,0.9,0.842,0.7
102,,0.508,0.39219,0.508,0.65,0.792,0.85,0.792,0.65
103,,0.458,0.34219,0.458,0.6,0.742,0.8,0.742,0.6
104,,0.408,0.29219,0.408,0.55,0.692,0.75,0.692,0.55
105,,0.358,0.24219,0.358,0.5,0.642,0.7,0.642,0.5
106,,0.308,0.19219,0.308,0.45,0.592,0.65,0.592,0.45
107,,0.258,0.14219,0.258,0.4,0.542,0.6,0.542,0.4
108,,0.208,0.09219,0.208,0.35,0.492,0.55,0.492,0.35
109,,0.158,0.04219,0.158,0.3,0.442,0.5,0.442,0.3
110,,0.108,-0.00781,0.108,0.25,0.392,0.45,0.392,0.25
111,2,0.529,0.99219,0.529,0.6,0.671,0.7,0.671,0.6
112,2,0.95,1.0,0.95,0.95,0.95,0.95,0.95,0.95
113,,0.9,0.95,0.9,0.9,0.9,0.9,0.9,0.9
114,,0.85,0.9,0.85,0.85,0.85,0.85,0.85,0.85
115,,0.8,0.85,0.8,0.8,0.8,0.8,0.8,0.8
116,,0.75,0.8,0.75,0.75,0.75,0.75,0.75,0.75
117,,0.7,0.75,0.7,0.7,0.7,0.7,0.7,0.7
118,,0.65,0.7,0.65,0.65,0.65,0.65,0.65,0.65
119,,0.6,0.65,0.6,0.6,0.6,0.6,0.6,0.6
120,,0.55,0.6,0.55,0.55,0.55,0.55,0.55,0.55
121,,0.5,0.55,0.5,0.5,0.5,0.5,0.5,0.5
122,,0.45,0.5,0.45,0.45,0.45,0.45,0.45,0.45
123,,0.4,0.45,0.4,0.4,0.4,0.4,0.4,0.4
124,,0.35,0.4,0.35,0.35,0.35,0.35,0.35,0.35
125,,0.3,0.35,0.3,0.3,0.3,0.3,0.3,0.3
126,,0.25,0.3,0.25,0.25,0.25,0.25,0.25,0.25
127,,0.2,0.25,0.2,0.2,0.2,0.2,0.2,0.2
128,,0.15,0.2,0.15,0.15,0.15,0.15,0.15,0.15
129,,0.1,0.15,0.1,0.1,0.1,0.1,0.1,0.1
130,,0.05,0.1,0.05,0.05,0.05,0.05,0.05,0.05
131,,0.0,0.05,0.0,0.0,0.0,0.0,0.0,0.0
132,,-0.05,0.0,-0.05,-0.05,-0.05,-0.05,-0.05,-0.05
133,6,0.229,0.25,0.229,0.3,0.371,0.95,0.371,0.3
134,6,0.508,0.5,0.508,0.65,0.792,1.0,0.792,0.65
135,,0.458,0.45,0.458,0.6,0.742,0.95,0.742,0.6
136,,0.408,0.4,0.408,0.55,0.692,0.9,0.692,0.55
137,,0.358,0.35,0.358,0.5,0.642,0.85,0.642,0.5
138,,0.308,0.3,0.308,0.45,0.592,0.8,0.592,0.45
139,,0.258,0.25,0.258,0.4,0.542,0.75,0.542,0.4
140,,0.208,0.2,0.208,0.35,0.492,0.7,0.492,0.35
141,,0.158,0.15,0.158,0.3,0.442,0.65,0.442,0.3
142,,0.108,0.1,0.108,0.25,0.392,0.6,0.392,0.25
143,,0.058,0.05,0.058,0.2,0.342,0.55,0.342,0.2
144,,0.008,0.0,0.008,0.15,0.292,0.5,0.292,0.15
145,,-0.042,-0.05,-0.042,0.1,0.242,0.45,0.242,0.1
146,2,0.379,0.95,0.379,0.45,0.521,0.7,0.521,0.45
147,2,0.8,1.0,0.8,0.8,0.8,0.95,0.8,0.8
148,,0.75,0.95,0.75,0.75,0.75,0.9,0.75,0.75
149,,0.7,0.9,0.7,0.7,0.7,0.85,0.7,0.7
150,,0.65,0.85,0.65,0.65,0.65,0.8,0.65,0.65
151,,0.6,0.8,0.6,0.6,0.6,0.75,0.6,0.6
152,,0.55,0.75,0.55,0.55,0.55,0.7,0.55,0.55
153,,0.5,0.7,0.5,0.5,0.5,0.65,0.5,0.5
154,,0.45,0.65,0.45,0.45,0.45,0.6,0.45,0.45
155,,0.4,0.6,0.4,0.4,0.4,0.55,0.4,0.4
156,,0.35,0.55,0.35,0.35,0.35,0.5,0.35,0.35
157,,0.3,0.5,0.3,0.3,0.3,0.45,0.3,0.3
158,,0.25,0.45,0.25,0.25,0.25,0.4,0.25,0.25
159,,0.2,0.4,0.2,0.2,0.2,0.35,0.2,0.2
160,,0.15,0.35,0.15,0.15,0.15,0.3,0.15,0.15
161,,0.1,0.3,0.1,0.1,0.1,0.25,0.1,0.1
162,,0.05,0.25,0.05,0.05,0.05,0.2,0.05,0.05
163,,0.0,0.2,0.0,0.0,0.0,0.15,0.0,0.0
164,,-0.05,0.15,-0.05,-0.05,-0.05,0.1,-0.05,-0.05
165,3,0.3,0.571,0.95,0.371,0.3,0.379,0.2,0.229
166,3,0.65,0.992,1.0,0.792,0.65,0.658,0.45,0.508
167,,0.6,0.942,0.95,0.742,0.6,0.608,0.4,0.458
168,,0.55,0.892,0.9,0.692,0.55,0.558,0.35,0.408
169,,0.5,0.842,0.85,0.642,0.5,0.508,0.3,0.358
170,,0.45,0.792,0.8,0.592,0.45,0.458,0.25,0.308
171,,0.4,0.742,0.75,0.542,0.4,0.408,0.2,0.258
172,,0.35,0.692,0.7,0.492,0.35,0.358,0.15,0.208
173,,0.3,0.642,0.65,0.442,0.3,0.308,0.1,0.158
174,,0.25,0.592,0.6,0.392,0.25,0.258,0.05,0.108
175,,0.2,0.542,0.55,0.342,0.2,0.208,0.0,0.058
176,,0.15,0.492,0.5,0.292,0.15,0.158,-0.05,0.008
177,7,0.5,0.771,0.75,0.571,0.5,0.579,0.95,0.429
178,7,0.85,1.0,1.0,0.85,0.85,1.0,1.0,0.85
179,,0.8,0.95,0.95,0.8,0.8,0.95,0.95,0.8
180,,0.75,0.9,0.9,0.75,0.75,0.9,0.9,0.75
181,,0.7,0.85,0.85,0.7,0.7,0.85,0.85,0.7
182,,0.65,0.8,0.8,0.65,0.65,0.8,0.8,0.65
183,,0.6,0.75,0.75,0.6,0.6,0.75,0.75,0.6
184,,0.55,0.7,0.7,0.55,0.55,0.7,0.7,0.55
185,,0.5,0.65,0.65,0.5,0.5,0.65,0.65,0.5
186,,0.45,0.6,0.6,0.45,0.45,0.6,0.6,0.45
187,,0.4,0.55,0.55,0.4,0.4,0.55,0.55,0.4
188,,0.35,0.5,0.5,0.35,0.35,0.5,0.5,0.35
189,,0.3,0.45,0.45,0.3,0.3,0.45,0.45,0.3
190,,0.25,0.4,0.4,0.25,0.25,0.4,0.4,0.25
191,,0.2,0.35,0.35,0.2,0.2,0.35,0.35,0.2
192,,0.15,0.3,0.3,0.15,0.15,0.3,0.3,0.15
193,,0.1,0.25,0.25,0.1,0.1,0.25,0.25,0.1
194,,0.05,0.2,0.2,0.05,0.05,0.2,0.2,0.05
195,,0.0,0.15,0.15,0.0,0.0,0.15,0.15,0.0
196,,-0.05,0.1,0.1,-0.05,-0.05,0.1,0.1,-0.05
197,1,0.95,0.521,0.45,0.229,0.2,0.379,0.45,0.371
198,1,1.0,0.942,0.8,0.508,0.45,0.658,0.8,0.792
199,,0.95,0.892,0.75,0.458,0.4,0.608,0.75,0.742
200,,0.9,0.842,0.7,0.408,0.35,0.558,0.7,0.692
201,,0.85,0.792,0.65,0.358,0.3,0.508,0.65,0.642
202,,0.8,0.742,0.6,0.308,0.25,0.458,0.6,0.592
203,,0.75,0.692,0.55,0.258,0.2,0.408,0.55,0.542
204,,0.7,0.642,0.5,0.208,0.15,0.358,0.5,0.492
205,,0.65,0.592,0.45,0.158,0.1,0.308,0.45,0.442
206,,0.6,0.542,0.4,0.108,0.05,0.258,0.4,0.392
207,,0.55,0.492,0.35,0.058,0.0,0.208,0.35,0.342
208,,0.5,0.442,0.3,0.008,-0.05,0.158,0.3,0.292
209,5,0.75,0.721,0.65,0.429,0.95,0.579,0.65,0.571
210,5,1.0,1.0,1.0,0.85,1.0,1.0,1.0,0.85
211,,0.95,0.95,0.95,0.8,0.95,0.95,0.95,0.8
212,,0.9,0.9,0.9,0.75,0.9,0.9,0.9,0.75
213,,0.85,0.85,0.85,0.7,0.85,0.85,0.85,0.7
214,,0.8,0.8,0.8,0.65,0.8,0.8,0.8,0.65
215,,0.75,0.75,0.75,0.6,0.75,0.75,0.75,0.6
216,,0.7,0.7,0.7,0.55,0.7,0.7,0.7,0.55
217,,0.65,0.65,0.65,0.5,0.65,0.65,0.65,0.5
218,,0.6,0.6,0.6,0.45,0.6,0.6,0.6,0.45
219,,0.55,0.55,0.55,0.4,0.55,0.55,0.55,0.4
220,,0.5,0.5,0.5,0.35,0.5,0.5,0.5,0.35
221,,0.45,0.45,0.45,0.3,0.45,0.45,0.45,0.3
222,,0.4,0.4,0.4,0.25,0.4,0.4,0.4,0.25
223,,0.35,0.35,0.35,0.2,0.35,0.35,0.35,0.2
224,,0.3,0.3,0.3,0.15,0.3,0.3,0.3,0.15
225,,0.25,0.25,0.25,0.1,0.25,0.25,0.25,0.1
226,,0.2,0.2,0.2,0.05,0.2,0.2,0.2,0.05
227,,0.15,0.15,0.15,0.0,0.15,0.15,0.15,0.0
228,,0.1,0.1,0.1,-0.05,0.1,0.1,0.1,-0.05
229,8,0.521,0.45,0.379,0.2,0.379,0.45,0.521,0.95
230,8,0.942,0.8,0.658,0.45,0.658,0.8,0.942,1.0
231,,0.892,0.75,0.608,0.4,0.608,0.75,0.892,0.95
232,,0.842,0.7,0.558,0.35,0.558,0.7,0.842,0.9
233,,0.792,0.65,0.508,0.3,0.508,0.65,0.792,0.85
234,,0.742,0.6,0.458,0.25,0.458,0.6,0.742,0.8
235,,0.692,0.55,0.408,0.2,0.408,0.55,0.692,0.75
236,,0.642,0.5,0.358,0.15,0.358,0.5,0.642,0.7
237,,0.592,0.45,0.308,0.1,0.308,0.45,0.592,0.65
238,,0.542,0.4,0.258,0.05,0.258,0.4,0.542,0.6
239,,0.492,0.35,0.208,0.0,0.208,0.35,0.492,0.55
240,,0.442,0.3,0.158,-0.05,0.158,0.3,0.442,0.5
241,4,0.721,0.65,0.579,0.95,0.579,0.65,0.721,0.75
242,4,1.0,1.0,1.0,1.0,1.0,1.0,1.0,1.0
243,,0.95,0.95,0.95,0.95,0.95,0.95,0.95,0.95
244,,0.9,0.9,0.9,0.9,0.9,0.9,0.9,0.9
245,,0.85,0.85,0.85,0.85,0.85,0.85,0.85,0.85
246,,0.8,0.8,0.8,0.8,0.8,0.8,0.8,0.8
247,,0.75,0.75,0.75,0.75,0.75,0.75,0.75,0.75
248,,0.7,0.7,0.7,0.7,0.7,0.7,0.7,0.7
249,,0.65,0.65,0.65,0.65,0.65,0.65,0.65,0.65
250,,0.6,0.6,0.6,0.6,0.6,0.6,0.6,0.6
251,,0.55,0.55,0.55,0.55,0.55,0.55,0.55,0.55
252,,0.5,0.5,0.5,0.5,0.5,0.5,0.5,0.5
253,,0.45,0.45,0.45,0.45,0.45,0.45,0.45,0.45
254,,0.4,0.4,0.4,0.4,0.4,0.4,0.4,0.4
255,,0.35,0.35,0.35,0.35,0.35,0.35,0.35,0.35
256,,0.3,0.3,0.3,0.3,0.3,0.3,0.3,0.3
257,,0.25,0.25,0.25,0.25,0.25,0.25,0.25,0.25
258,,0.2,0.2,0.2,0.2,0.2,0.2,0.2,0.2
259,,0.15,0.15,0.15,0.15,0.15,0.15,0.15,0.15
260,,0.1,0.1,0.1,0.1,0.1,0.1,0.1,0.1
261,,0.05,0.05,0.05,0.05,0.05,0.05,0.05,0.05
262,,0.0,0.0,0.0,0.0,0.0,0.0,0.0,0.0
263,,-0.05,-0.05,-0.05,-0.05,-0.05,-0.05,-0.05,-0.05
264,4,0.229,0.3,0.371,0.95,0.371,0.3,0.229,0.2
265,4,0.508,0.65,0.792,1.0,0.792,0.65,0.508,0.45
266,,0.458,0.6,0.742,0.95,0.742,0.6,0.458,0.4
267,,0.408,0.55,0.692,0.9,0.692,0.55,0.408,0.35
268,,0.358,0.5,0.642,0.85,0.642,0.5,0.358,0.3
269,,0.308,0.45,0.592,0.8,0.592,0.45,0.308,0.25
270,,0.258,0.4,0.542,0.75,0.542,0.4,0.258,0.2
271,,0.208,0.35,0.492,0.7,0.492,0.35,0.208,0.15
272,,0.158,0.3,0.442,0.65,0.442,0.3,0.158,0.1
273,,0.108,0.25,0.392,0.6,0.392,0.25,0.108,0.05
274,,0.058,0.2,0.342,0.55,0.342,0.2,0.058,0.0
275,,0.008,0.15,0.292,0.5,0.292,0.15,0.008,-0.05
276,8,0.429,0.5,0.571,0.75,0.571,0.5,0.429,0.95
277,8,0.85,0.85,0.85,1.0,0.85,0.85,0.85,1.0
278,,0.8,0.8,0.8,0.95,0.8,0.8,0.8,0.95
279,,0.75,0.75,0.75,0.9,0.75,0.75,0.75,0.9
280,,0.7,0.7,0.7,0.85,0.7,0.7,0.7,0.85
281,,0.65,0.65,0.65,0.8,0.65,0.65,0.65,0.8
282,,0.6,0.6,0.6,0.75,0.6,0.6,0.6,0.75
283,,0.55,0.55,0.55,0.7,0.55,0.55,0.55,0.7
284,,0.5,0.5,0.5,0.65,0.5,0.5,0.5,0.65
285,,0.45,0.45,0.45,0.6,0.45,0.45,0.45,0.6
286,,0.4,0.4,0.4,0.55,0.4,0.4,0.4,0.55
287,,0.35,0.35,0.35,0.5,0.35,0.35,0.35,0.5
288,,0.3,0.3,0.3,0.45,0.3,0.3,0.3,0.45
289,,0.25,0.25,0.25,0.4,0.25,0.25,0.25,0.4
290,,0.2,0.2,0.2,0.35,0.2,0.2,0.2,0.35
291,,0.15,0.15,0.15,0.3,0.15,0.15,0.15,0.3
292,,0.1,0.1,0.1,0.25,0.1,0.1,0.1,0.25
293,,0.05,0.05,0.05,0.2,0.05,0.05,0.05,0.2
294,,0.0,0.0,0.0,0.15,0.0,0.0,0.0,0.15
295,,-0.05,-0.05,-0.05,0.1,-0.05,-0.05,-0.05,0.1
296,5,0.2,0.229,0.3,0.521,0.95,0.371,0.3,0.379
297,5,0.45,0.508,0.65,0.942,1.0,0.792,0.65,0.658
298,,0.4,0.458,0.6,0.892,0.95,0.742,0.6,0.608
299,,0.35,0.408,0.55,0.842,0.9,0.692,0.55,0.558
300,,0.3,0.358,0.5,0.792,0.85,0.642,0.5,0.508
301,,0.25,0.308,0.45,0.742,0.8,0.592,0.45,0.458
302,,0.2,0.258,0.4,0.692,0.75,0.542,0.4,0.408
303,,0.15,0.208,0.35,0.642,0.7,0.492,0.35,0.358
304,,0.1,0.158,0.3,0.592,0.65,0.442,0.3,0.308
305,,0.05,0.108,0.25,0.542,0.6,0.392,0.25,0.258
306,,0.0,0.058,0.2,0.492,0.55,0.342,0.2,0.208
307,,-0.05,0.008,0.15,0.442,0.5,0.292,0.15,0.158
308,1,0.95,0.429,0.5,0.721,0.75,0.571,0.5,0.579
309,1,1.0,0.85,0.85,1.0,1.0,0.85,0.85,1.0
310,,0.95,0.8,0.8,0.95,0.95,0.8,0.8,0.95
311,,0.9,0.75,0.75,0.9,0.9,0.75,0.75,0.9
312,,0.85,0.7,0.7,0.85,0.85,0.7,0.7,0.85
313,,0.8,0.65,0.65,0.8,0.8,0.65,0.65,0.8
314,,0.75,0.6,0.6,0.75,0.75,0.6,0.6,0.75
315,,0.7,0.55,0.55,0.7,0.7,0.55,0.55,0.7
316,,0.65,0.5,0.5,0.65,0.65,0.5,0.5,0.65
317,,0.6,0.45,0.45,0.6,0.6,0.45,0.45,0.6
318,,0.55,0.4,0.4,0.55,0.55,0.4,0.4,0.55
319,,0.5,0.35,0.35,0.5,0.5,0.35,0.35,0.5
320,,0.45,0.3,0.3,0.45,0.45,0.3,0.3,0.45
321,,0.4,0.25,0.25,0.4,0.4,0.25,0.25,0.4
322,,0.35,0.2,0.2,0.35,0.35,0.2,0.2,0.35
323,,0.3,0.15,0.15,0.3,0.3,0.15,0.15,0.3
324,,0.25,0.1,0.1,0.25,0.25,0.1,0.1,0.25
325,,0.2,0.05,0.05,0.2,0.2,0.05,0.05,0.2
326,,0.15,0.0,0.0,0.15,0.15,0.0,0.0,0.15
327,,0.1,-0.05,-0.05,0.1,0.1,-0.05,-0.05,0.1
328,2,0.521,0.95,0.371,0.45,0.379,0.2,0.229,0.45
329,2,0.942,1.0,0.792,0.8,0.658,0.45,0.508,0.8
330,,0.892,0.95,0.742,0.75,0.608,0.4,0.458,0.75
331,,0.842,0.9,0.692,0.7,0.558,0.35,0.408,0.7
332,,0.792,0.85,0.642,0.65,0.508,0.3,0.358,0.65
333,,0.742,0.8,0.592,0.6,0.458,0.25,0.308,0.6
334,,0.692,0.75,0.542,0.55,0.408,0.2,0.258,0.55
335,,0.642,0.7,0.492,0.5,0.358,0.15,0.208,0.5
336,,0.592,0.65,0.442,0.45,0.308,0.1,0.158,0.45
337,,0.542,0.6,0.392,0.4,0.258,0.05,0.108,0.4
338,,0.492,0.55,0.342,0.35,0.208,0.0,0.058,0.35
339,,0.442,0.5,0.292,0.3,0.158,-0.05,0.008,0.3
340,6,0.721,0.75,0.571,0.65,0.579,0.95,0.429,0.65
341,6,1.0,1.0,0.85,1.0,1.0,1.0,0.85,1.0
342,,0.95,0.95,0.8,0.95,0.95,0.95,0.8,0.95
343,,0.9,0.9,0.75,0.9,0.9,0.9,0.75,0.9
344,,0.85,0.85,0.7,0.85,0.85,0.85,0.7,0.85
345,,0.8,0.8,0.65,0.8,0.8,0.8,0.65,0.8
346,,0.75,0.75,0.6,0.75,0.75,0.75,0.6,0.75
347,,0.7,0.7,0.55,0.7,0.7,0.7,0.55,0.7
348,,0.65,0.65,0.5,0.65,0.65,0.65,0.5,0.65
349,,0.6,0.6,0.45,0.6,0.6,0.6,0.45,0.6
350,,0.55,0.55,0.4,0.55,0.55,0.55,0.4,0.55
351,,0.5,0.5,0.35,0.5,0.5,0.5,0.35,0.5
352,,0.45,0.45,0.3,0.45,0.45,0.45,0.3,0.45
353,,0.4,0.4,0.25,0.4,0.4,0.4,0.25,0.4
354,,0.35,0.35,0.2,0.35,0.35,0.35,0.2,0.35
355,,0.3,0.3,0.15,0.3,0.3,0.3,0.15,0.3
356,,0.25,0.25,0.1,0.25,0.25,0.25,0.1,0.25
357,,0.2,0.2,0.05,0.2,0.2,0.2,0.05,0.2
358,,0.15,0.15,0.0,0.15,0.15,0.15,0.0,0.15
359,,0.1,0.1,-0.05,0.1,0.1,0.1,-0.05,0.1
360,3,0.45,0.521,0.95,0.521,0.45,0.379,0.2,0.379
361,3,0.8,0.942,1.0,0.942,0.8,0.658,0.45,0.658
362,,0.75,0.892,0.95,0.892,0.75,0.608,0.4,0.608
363,,0.7,0.842,0.9,0.842,0.7,0.558,0.35,0.558
364,,0.65,0.792,0.85,0.792,0.65,0.508,0.3,0.508
365,,0.6,0.742,0.8,0.742,0.6,0.458,0.25,0.458
366,,0.55,0.692,0.75,0.692,0.55,0.408,0.2,0.408
367,,0.5,0.642,0.7,0.642,0.5,0.358,0.15,0.358
368,,0.45,0.592,0.65,0.592,0.45,0.308,0.1,0.308
369,,0.4,0.542,0.6,0.542,0.4,0.258,0.05,0.258
370,,0.35,0.492,0.55,0.492,0.35,0.208,0.0,0.208
371,,0.3,0.442,0.5,0.442,0.3,0.158,-0.05,0.158
372,7,0.65,0.721,0.75,0.721,0.65,0.579,0.95,0.579
373,7,1.0,1.0,1.0,1.0,1.0,1.0,1.0,1.0
374,,0.95,0.95,0.95,0.95,0.95,0.95,0.95,0.95
375,,0.9,0.9,0.9,0.9,0.9,0.9,0.9,0.9
376,,0.85,0.85,0.85,0.85,0.85,0.85,0.85,0.85
377,,0.8,0.8,0.8,0.8,0.8,0.8,0.8,0.8
378,,0.75,0.75,0.75,0.75,0.75,0.75,0.75,0.75
379,,0.7,0.7,0.7,0.7,0.7,0.7,0.7,0.7
380,,0.65,0.65,0.65,0.65,0.65,0.65,0.65,0.65
381,,0.6,0.6,0.6,0.6,0.6,0.6,0.6,0.6
382,,0.55,0.55,0.55,0.55,0.55,0.55,0.55,0.55
383,,0.5,0.5,0.5,0.5,0.5,0.5,0.5,0.5
384,,0.45,0.45,0.45,0.45,0.45,0.45,0.45,0.45
385,,0.4,0.4,0.4,0.4,0.4,0.4,0.4,0.4
386,,0.35,0.35,0.35,0.35,0.35,0.35,0.35,0.35
387,,0.3,0.3,0.3,0.3,0.3,0.3,0.3,0.3
388,,0.25,0.25,0.25,0.25,0.25,0.25,0.25,0.25
389,,0.2,0.2,0.2,0.2,0.2,0.2,0.2,0.2
390,,0.15,0.15,0.15,0.15,0.15,0.15,0.15,0.15
391,,0.1,0.1,0.1,0.1,0.1,0.1,0.1,0.1
392,,0.05,0.05,0.05,0.05,0.05,0.05,0.05,0.05
393,,0.0,0.0,0.0,0.0,0.0,0.0,0.0,0.0
394,,-0.05,-0.05,-0.05,-0.05,-0.05,-0.05,-0.05,-0.05
395,5,0.2,0.229,0.3,0.371,0.95,0.371,0.3,0.229
396,5,0.45,0.508,0.65,0.792,1.0,0.792,0.65,0.508
397,,0.4,0.458,0.6,0.742,0.95,0.742,0.6,0.458
398,,0.35,0.408,0.55,0.692,0.9,0.692,0.55,0.408
399,,0.3,0.358,0.5,0.642,0.85,0.642,0.5,0.358
400,,0.25,0.308,0.45,0.592,0.8,0.592,0.45,0.308
401,,0.2,0.258,0.4,0.542,0.75,0.542,0.4,0.258
402,,0.15,0.208,0.35,0.492,0.7,0.492,0.35,0.208
403,,0.1,0.158,0.3,0.442,0.65,0.442,0.3,0.158
404,,0.05,0.108,0.25,0.392,0.6,0.392,0.25,0.108
405,,0.0,0.058,0.2,0.342,0.55,0.342,0.2,0.058
406,,-0.05,0.008,0.15,0.292,0.5,0.292,0.15,0.008
407,1,0.95,0.429,0.5,0.571,0.75,0.571,0.5,0.429
408,1,1.0,0.85,0.85,0.85,1.0,0.85,0.85,0.85
409,,0.95,0.8,0.8,0.8,0.95,0.8,0.8,0.8
410,,0.9,0.75,0.75,0.75,0.9,0.75,0.75,0.75
411,,0.85,0.7,0.7,0.7,0.85,0.7,0.7,0.7
412,,0.8,0.65,0.65,0.65,0.8,0.65,0.65,0.65
413,,0.75,0.6,0.6,0.6,0.75,0.6,0.6,0.6
414,,0.7,0.55,0.55,0.55,0.7,0.55,0.55,0.55
415,,0.65,0.5,0.5,0.5,0.65,0.5,0.5,0.5
416,,0.6,0.45,0.45,0.45,0.6,0.45,0.45,0.45
417,,0.55,0.4,0.4,0.4,0.55,0.4,0.4,0.4
418,,0.5,0.35,0.35,0.35,0.5,0.35,0.35,0.35
419,,0.45,0.3,0.3,0.3,0.45,0.3,0.3,0.3
420,,0.4,0.25,0.25,0.25,0.4,0.25,0.25,0.25
421,,0.35,0.2,0.2,0.2,0.35,0.2,0.2,0.2
422,,0.3,0.15,0.15,0.15,0.3,0.15,0.15,0.15
423,,0.25,0.1,0.1,0.1,0.25,0.1,0.1,0.1
424,,0.2,0.05,0.05,0.05,0.2,0.05,0.05,0.05
425,,0.15,0.0,0.0,0.0,0.15,0.0,0.0,0.0
426,,0.1,-0.05,-0.05,-0.05,0.1,-0.05,-0.05,-0.05
427,7,0.45,0.229,0.2,0.229,0.45,0.371,0.95,0.371
428,7,0.8,0.508,0.45,0.508,0.8,0.792,1.0,0.792
429,,0.75,0.458,0.4,0.458,0.75,0.742,0.95,0.742
430,,0.7,0.408,0.35,0.408,0.7,0.692,0.9,0.692
431,,0.65,0.358,0.3,0.358,0.65,0.642,0.85,0.642
432,,0.6,0.308,0.25,0.308,0.6,0.592,0.8,0.592
433,,0.55,0.258,0.2,0.258,0.55,0.542,0.75,0.542
434,,0.5,0.208,0.15,0.208,0.5,0.492,0.7,0.492
435,,0.45,0.158,0.1,0.158,0.45,0.442,0.65,0.442
436,,0.4,0.108,0.05,0.108,0.4,0.392,0.6,0.392
437,,0.35,0.058,0.0,0.058,0.35,0.342,0.55,0.342
438,,0.3,0.008,-0.05,0.008,0.3,0.292,0.5,0.292
439,3,0.65,0.429,0.95,0.429,0.65,0.571,0.75,0.571
440,3,1.0,0.85,1.0,0.85,1.0,0.85,1.0,0.85
441,,0.95,0.8,0.95,0.8,0.95,0.8,0.95,0.8
442,,0.9,0.75,0.9,0.75,0.9,0.75,0.9,0.75
443,,0.85,0.7,0.85,0.7,0.85,0.7,0.85,0.7
444,,0.8,0.65,0.8,0.65,0.8,0.65,0.8,0.65
445,,0.75,0.6,0.75,0.6,0.75,0.6,0.75,0.6
446,,0.7,0.55,0.7,0.55,0.7,0.55,0.7,0.55
447,,0.65,0.5,0.65,0.5,0.65,0.5,0.65,0.5
448,,0.6,0.45,0.6,0.45,0.6,0.45,0.6,0.45
449,,0.55,0.4,0.55,0.4,0.55,0.4,0.55,0.4
450,,0.5,0.35,0.5,0.35,0.5,0.35,0.5,0.35
451,,0.45,0.3,0.45,0.3,0.45,0.3,0.45,0.3
452,,0.4,0.25,0.4,0.25,0.4,0.25,0.4,0.25
453,,0.35,0.2,0.35,0.2,0.35,0.2,0.35,0.2
454,,0.3,0.15,0.3,0.15,0.3,0.15,0.3,0.15
455,,0.25,0.1,0.25,0.1,0.25,0.1,0.25,0.1
456,,0.2,0.05,0.2,0.05,0.2,0.05,0.2,0.05
457,,0.15,0.0,0.15,0.0,0.15,0.0,0.15,0.0
458,,0.1,-0.05,0.1,-0.05,0.1,-0.05,0.1,-0.05
459,2,0.521,0.95,0.521,0.3,0.379,0.2,0.379,0.3
460,2,0.942,1.0,0.942,0.65,0.658,0.45,0.658,0.65
461,,0.892,0.95,0.892,0.6,0.608,0.4,0.608,0.6
462,,0.842,0.9,0.842,0.55,0.558,0.35,0.558,0.55
463,,0.792,0.85,0.792,0.5,0.508,0.3,0.508,0.5
464,,0.742,0.8,0.742,0.45,0.458,0.25,0.458,0.45
465,,0.692,0.75,0.692,0.4,0.408,0.2,0.408,0.4
466,,0.642,0.7,0.642,0.35,0.358,0.15,0.358,0.35
467,,0.592,0.65,0.592,0.3,0.308,0.1,0.308,0.3
468,,0.542,0.6,0.542,0.25,0.258,0.05,0.258,0.25
469,,0.492,0.55,0.492,0.2,0.208,0.0,0.208,0.2
470,,0.442,0.5,0.442,0.15,0.158,-0.05,0.158,0.15
471,6,0.721,0.75,0.721,0.5,0.579,0.95,0.579,0.5
472,6,1.0,1.0,1.0,0.85,1.0,1.0,1.0,0.85
473,,0.95,0.95,0.95,0.8,0.95,0.95,0.95,0.8
474,,0.9,0.9,0.9,0.75,0.9,0.9,0.9,0.75
475,,0.85,0.85,0.85,0.7,0.85,0.85,0.85,0.7
476,,0.8,0.8,0.8,0.65,0.8,0.8,0.8,0.65
477,,0.75,0.75,0.75,0.6,0.75,0.75,0.75,0.6
478,,0.7,0.7,0.7,0.55,0.7,0.7,0.7,0.55
479,,0.65,0.65,0.65,0.5,0.65,0.65,0.65,0.5
480,,0.6,0.6,0.6,0.45,0.6,0.6,0.6,0.45
481,,0.55,0.55,0.55,0.4,0.55,0.55,0.55,0.4
482,,0.5,0.5,0.5,0.35,0.5,0.5,0.5,0.35
483,,0.45,0.45,0.45,0.3,0.45,0.45,0.45,0.3
484,,0.4,0.4,0.4,0.25,0.4,0.4,0.4,0.25
485,,0.35,0.35,0.35,0.2,0.35,0.35,0.35,0.2
486,,0.3,0.3,0.3,0.15,0.3,0.3,0.3,0.15
487,,0.25,0.25,0.25,0.1,0.25,0.25,0.25,0.1
488,,0.2,0.2,0.2,0.05,0.2,0.2,0.2,0.05
489,,0.15,0.15,0.15,0.0,0.15,0.15,0.15,0.0
490,,0.1,0.1,0.1,-0.05,0.1,0.1,0.1,-0.05
491,4,0.379,0.45,0.521,0.95,0.521,0.45,0.379,0.2
492,4,0.658,0.8,0.942,1.0,0.942,0.8,0.658,0.45
493,,0.608,0.75,0.892,0.95,0.892,0.75,0.608,0.4
494,,0.558,0.7,0.842,0.9,0.842,0.7,0.558,0.35
495,,0.508,0.65,0.792,0.85,0.792,0.65,0.508,0.3
496,,0.458,0.6,0.742,0.8,0.742,0.6,0.458,0.25
497,,0.408,0.55,0.692,0.75,0.692,0.55,0.408,0.2
498,,0.358,0.5,0.642,0.7,0.642,0.5,0.358,0.15
499,,0.308,0.45,0.592,0.65,0.592,0.45,0.308,0.1
