step,active_motive,motive_1,motive_2,motive_3,motive_4,motive_5,motive_6,motive_7,motive_8
0,,0.05581,0.04038,0.00649,0.02539,0.02469,0.06963,0.07123,0.01481
1,,0.00581,-0.00962,-0.04351,-0.02461,-0.02531,0.01963,0.02123,-0.03519
2,3,0.35581,0.41138,0.95649,0.39639,0.32469,0.29863,0.27123,0.24381
3,3,0.70581,0.83238,1.0,0.81739,0.67469,0.57763,0.52123,0.52281
4,,0.65581,0.78238,0.95,0.76739,0.62469,0.52763,0.47123,0.47281
5,,0.60581,0.73238,0.9,0.71739,0.57469,0.47763,0.42123,0.42281
6,,0.55581,0.68238,0.85,0.66739,0.52469,0.42763,0.37123,0.37281
7,,0.50581,0.63238,0.8,0.61739,0.47469,0.37763,0.32123,0.32281
8,,0.45581,0.58238,0.75,0.56739,0.42469,0.32763,0.27123,0.27281
9,,0.40581,0.53238,0.7,0.51739,0.37469,0.27763,0.22123,0.22281
10,,0.35581,0.48238,0.65,0.46739,0.32469,0.22763,0.17123,0.17281
11,,0.30581,0.43238,0.6,0.41739,0.27469,0.17763,0.12123,0.12281
12,,0.25581,0.38238,0.55,0.36739,0.22469,0.12763,0.07123,0.07281
13,,0.20581,0.33238,0.5,0.31739,0.17469,0.07763,0.02123,0.02281
14,,0.15581,0.28238,0.45,0.26739,0.12469,0.02763,-0.02877,-0.02719
15,7,0.50581,0.56138,0.7,0.54639,0.47469,0.44863,0.97123,0.39381
16,7,0.85581,0.84038,0.95,0.82539,0.82469,0.86963,1.0,0.81481
17,,0.80581,0.79038,0.9,0.77539,0.77469,0.81963,0.95,0.76481
18,,0.75581,0.74038,0.85,0.72539,0.72469,0.76963,0.9,0.71481
19,,0.70581,0.69038,0.8,0.67539,0.67469,0.71963,0.85,0.66481
20,,0.65581,0.64038,0.75,0.62539,0.62469,0.66963,0.8,0.61481
21,,0.60581,0.59038,0.7,0.57539,0.57469,0.61963,0.75,0.56481
22,,0.55581,0.54038,0.65,0.52539,0.52469,0.56963,0.7,0.51481
23,,0.50581,0.49038,0.6,0.47539,0.47469,0.51963,0.65,0.46481
24,,0.45581,0.44038,0.55,0.42539,0.42469,0.46963,0.6,0.41481
25,,0.40581,0.39038,0.5,0.37539,0.37469,0.41963,0.55,0.36481
26,,0.35581,0.34038,0.45,0.32539,0.32469,0.36963,0.5,0.31481
27,,0.30581,0.29038,0.4,0.27539,0.27469,0.31963,0.45,0.26481
28,,0.25581,0.24038,0.35,0.22539,0.22469,0.26963,0.4,0.21481
29,,0.20581,0.19038,0.3,0.17539,0.17469,0.21963,0.35,0.16481
30,,0.15581,0.14038,0.25,0.12539,0.12469,0.16963,0.3,0.11481
31,,0.10581,0.09038,0.2,0.07539,0.07469,0.11963,0.25,0.06481
32,,0.05581,0.04038,0.15,0.02539,0.02469,0.06963,0.2,0.01481
33,,0.00581,-0.00962,0.1,-0.02461,-0.02531,0.01963,0.15,-0.03519
34,8,0.42681,0.34038,0.379,0.22539,0.25369,0.36963,0.571,0.96481
35,8,0.84781,0.69038,0.658,0.47539,0.53269,0.71963,0.992,1.0
36,,0.79781,0.64038,0.608,0.42539,0.48269,0.66963,0.942,0.95
37,,0.74781,0.59038,0.558,0.37539,0.43269,0.61963,0.892,0.9
38,,0.69781,0.54038,0.508,0.32539,0.38269,0.56963,0.842,0.85
39,,0.64781,0.49038,0.458,0.27539,0.33269,0.51963,0.792,0.8
40,,0.59781,0.44038,0.408,0.22539,0.28269,0.46963,0.742,0.75
41,,0.54781,0.39038,0.358,0.17539,0.23269,0.41963,0.692,0.7
42,,0.49781,0.34038,0.308,0.12539,0.18269,0.36963,0.642,0.65
43,,0.44781,0.29038,0.258,0.07539,0.13269,0.31963,0.592,0.6
44,,0.39781,0.24038,0.208,0.02539,0.08269,0.26963,0.542,0.55
45,,0.34781,0.19038,0.158,-0.02461,0.03269,0.21963,0.492,0.5
46,4,0.62681,0.54038,0.579,0.97539,0.45369,0.56963,0.771,0.75
47,4,0.90581,0.89038,1.0,1.0,0.87469,0.91963,1.0,1.0
48,,0.85581,0.84038,0.95,0.95,0.82469,0.86963,0.95,0.95
49,,0.80581,0.79038,0.9,0.9,0.77469,0.81963,0.9,0.9
50,,0.75581,0.74038,0.85,0.85,0.72469,0.76963,0.85,0.85
51,,0.70581,0.69038,0.8,0.8,0.67469,0.71963,0.8,0.8
52,,0.65581,0.64038,0.75,0.75,0.62469,0.66963,0.75,0.75
53,,0.60581,0.59038,0.7,0.7,0.57469,0.61963,0.7,0.7
54,,0.55581,0.54038,0.65,0.65,0.52469,0.56963,0.65,0.65
55,,0.50581,0.49038,0.6,0.6,0.47469,0.51963,0.6,0.6
56,,0.45581,0.44038,0.55,0.55,0.42469,0.46963,0.55,0.55
57,,0.40581,0.39038,0.5,0.5,0.37469,0.41963,0.5,0.5
58,,0.35581,0.34038,0.45,0.45,0.32469,0.36963,0.45,0.45
59,,0.30581,0.29038,0.4,0.4,0.27469,0.31963,0.4,0.4
60,,0.25581,0.24038,0.35,0.35,0.22469,0.26963,0.35,0.35
61,,0.20581,0.19038,0.3,0.3,0.17469,0.21963,0.3,0.3
62,,0.15581,0.14038,0.25,0.25,0.12469,0.16963,0.25,0.25
63,,0.10581,0.09038,0.2,0.2,0.07469,0.11963,0.2,0.2
64,,0.05581,0.04038,0.15,0.15,0.02469,0.06963,0.15,0.15
65,,0.00581,-0.00962,0.1,0.1,-0.02531,0.01963,0.1,0.1
66,5,0.25581,0.26938,0.45,0.521,0.97469,0.44063,0.45,0.379
67,5,0.50581,0.54838,0.8,0.942,1.0,0.86163,0.8,0.658
68,,0.45581,0.49838,0.75,0.892,0.95,0.81163,0.75,0.608
69,,0.40581,0.44838,0.7,0.842,0.9,0.76163,0.7,0.558
70,,0.35581,0.39838,0.65,0.792,0.85,0.71163,0.65,0.508
71,,0.30581,0.34838,0.6,0.742,0.8,0.66163,0.6,0.458
72,,0.25581,0.29838,0.55,0.692,0.75,0.61163,0.55,0.408
73,,0.20581,0.24838,0.5,0.642,0.7,0.56163,0.5,0.358
74,,0.15581,0.19838,0.45,0.592,0.65,0.51163,0.45,0.308
75,,0.10581,0.14838,0.4,0.542,0.6,0.46163,0.4,0.258
76,,0.05581,0.09838,0.35,0.492,0.55,0.41163,0.35,0.208
77,,0.00581,0.04838,0.3,0.442,0.5,0.36163,0.3,0.158
78,,-0.04419,-0.00162,0.25,0.392,0.45,0.31163,0.25,0.108
79,1,0.95581,0.41938,0.6,0.671,0.7,0.59063,0.6,0.529
80,1,1.0,0.84038,0.95,0.95,0.95,0.86963,0.95,0.95
81,,0.95,0.79038,0.9,0.9,0.9,0.81963,0.9,0.9
82,,0.9,0.74038,0.85,0.85,0.85,0.76963,0.85,0.85
83,,0.85,0.69038,0.8,0.8,0.8,0.71963,0.8,0.8
84,,0.8,0.64038,0.75,0.75,0.75,0.66963,0.75,0.75
85,,0.75,0.59038,0.7,0.7,0.7,0.61963,0.7,0.7
86,,0.7,0.54038,0.65,0.65,0.65,0.56963,0.65,0.65
87,,0.65,0.49038,0.6,0.6,0.6,0.51963,0.6,0.6
88,,0.6,0.44038,0.55,0.55,0.55,0.46963,0.55,0.55
89,,0.55,0.39038,0.5,0.5,0.5,0.41963,0.5,0.5
90,,0.5,0.34038,0.45,0.45,0.45,0.36963,0.45,0.45
91,,0.45,0.29038,0.4,0.4,0.4,0.31963,0.4,0.4
92,,0.4,0.24038,0.35,0.35,0.35,0.26963,0.35,0.35
93,,0.35,0.19038,0.3,0.3,0.3,0.21963,0.3,0.3
94,,0.3,0.14038,0.25,0.25,0.25,0.16963,0.25,0.25
95,,0.25,0.09038,0.2,0.2,0.2,0.11963,0.2,0.2
96,,0.2,0.04038,0.15,0.15,0.15,0.06963,0.15,0.15
97,,0.15,-0.00962,0.1,0.1,0.1,0.01963,0.1,0.1
98,2,0.571,0.99038,0.521,0.45,0.379,0.26963,0.379,0.45
99,2,0.992,1.0,0.942,0.8,0.658,0.51963,0.658,0.8
100,,0.942,0.95,0.892,0.75,0.608,0.46963,0.608,0.75
101,,0.892,0.9,0.842,0.7,0.558,0.41963,0.558,0.7
102,,0.842,0.85,0.792,0.65,0.508,0.36963,0.508,0.65
103,,0.792,0.8,0.742,0.6,0.458,0.31963,0.458,0.6
104,,0.742,0.75,0.692,0.55,0.408,0.26963,0.408,0.55
105,,0.692,0.7,0.642,0.5,0.358,0.21963,0.358,0.5
106,,0.642,0.65,0.592,0.45,0.308,0.16963,0.308,0.45
107,,0.592,0.6,0.542,0.4,0.258,0.11963,0.258,0.4
108,,0.542,0.55,0.492,0.35,0.208,0.06963,0.208,0.35
109,,0.492,0.5,0.442,0.3,0.158,0.01963,0.158,0.3
110,,0.442,0.45,0.392,0.25,0.108,-0.03037,0.108,0.25
111,6,0.721,0.7,0.671,0.6,0.529,0.96963,0.529,0.6
112,6,1.0,0.95,0.95,0.95,0.95,1.0,0.95,0.95
113,,0.95,0.9,0.9,0.9,0.9,0.95,0.9,0.9
114,,0.9,0.85,0.85,0.85,0.85,0.9,0.85,0.85
115,,0.85,0.8,0.8,0.8,0.8,0.85,0.8,0.8
116,,0.8,0.75,0.75,0.75,0.75,0.8,0.75,0.75
117,,0.75,0.7,0.7,0.7,0.7,0.75,0.7,0.7
118,,0.7,0.65,0.65,0.65,0.65,0.7,0.65,0.65
119,,0.65,0.6,0.6,0.6,0.6,0.65,0.6,0.6
120,,0.6,0.55,0.55,0.55,0.55,0.6,0.55,0.55
121,,0.55,0.5,0.5,0.5,0.5,0.55,0.5,0.5
122,,0.5,0.45,0.45,0.45,0.45,0.5,0.45,0.45
123,,0.45,0.4,0.4,0.4,0.4,0.45,0.4,0.4
124,,0.4,0.35,0.35,0.35,0.35,0.4,0.35,0.35
125,,0.35,0.3,0.3,0.3,0.3,0.35,0.3,0.3
126,,0.3,0.25,0.25,0.25,0.25,0.3,0.25,0.25
127,,0.25,0.2,0.2,0.2,0.2,0.25,0.2,0.2
128,,0.2,0.15,0.15,0.15,0.15,0.2,0.15,0.15
129,,0.15,0.1,0.1,0.1,0.1,0.15,0.1,0.1
130,,0.1,0.05,0.05,0.05,0.05,0.1,0.05,0.05
131,,0.05,0.0,0.0,0.0,0.0,0.05,0.0,0.0
132,,0.0,-0.05,-0.05,-0.05,-0.05,0.0,-0.05,-0.05
133,2,0.421,0.95,0.371,0.3,0.229,0.25,0.229,0.3
134,2,0.842,1.0,0.792,0.65,0.508,0.5,0.508,0.65
135,,0.792,0.95,0.742,0.6,0.458,0.45,0.458,0.6
136,,0.742,0.9,0.692,0.55,0.408,0.4,0.408,0.55
137,,0.692,0.85,0.642,0.5,0.358,0.35,0.358,0.5
138,,0.642,0.8,0.592,0.45,0.308,0.3,0.308,0.45
139,,0.592,0.75,0.542,0.4,0.258,0.25,0.258,0.4
140,,0.542,0.7,0.492,0.35,0.208,0.2,0.208,0.35
141,,0.492,0.65,0.442,0.3,0.158,0.15,0.158,0.3
142,,0.442,0.6,0.392,0.25,0.108,0.1,0.108,0.25
143,,0.392,0.55,0.342,0.2,0.058,0.05,0.058,0.2
144,,0.342,0.5,0.292,0.15,0.008,0.0,0.008,0.15
145,,0.292,0.45,0.242,0.1,-0.042,-0.05,-0.042,0.1
146,6,0.571,0.7,0.521,0.45,0.379,0.95,0.379,0.45
147,6,0.85,0.95,0.8,0.8,0.8,1.0,0.8,0.8
148,,0.8,0.9,0.75,0.75,0.75,0.95,0.75,0.75
149,,0.75,0.85,0.7,0.7,0.7,0.9,0.7,0.7
150,,0.7,0.8,0.65,0.65,0.65,0.85,0.65,0.65
151,,0.65,0.75,0.6,0.6,0.6,0.8,0.6,0.6
152,,0.6,0.7,0.55,0.55,0.55,0.75,0.55,0.55
153,,0.55,0.65,0.5,0.5,0.5,0.7,0.5,0.5
154,,0.5,0.6,0.45,0.45,0.45,0.65,0.45,0.45
155,,0.45,0.55,0.4,0.4,0.4,0.6,0.4,0.4
156,,0.4,0.5,0.35,0.35,0.35,0.55,0.35,0.35
157,,0.35,0.45,0.3,0.3,0.3,0.5,0.3,0.3
158,,0.3,0.4,0.25,0.25,0.25,0.45,0.25,0.25
159,,0.25,0.35,0.2,0.2,0.2,0.4,0.2,0.2
160,,0.2,0.3,0.15,0.15,0.15,0.35,0.15,0.15
161,,0.15,0.25,0.1,0.1,0.1,0.3,0.1,0.1
162,,0.1,0.2,0.05,0.05,0.05,0.25,0.05,0.05
163,,0.05,0.15,0.0,0.0,0.0,0.2,0.0,0.0
164,,0.0,0.1,-0.05,-0.05,-0.05,0.15,-0.05,-0.05
165,5,0.25,0.379,0.3,0.371,0.95,0.571,0.3,0.229
166,5,0.5,0.658,0.65,0.792,1.0,0.992,0.65,0.508
167,,0.45,0.608,0.6,0.742,0.95,0.942,0.6,0.458
168,,0.4,0.558,0.55,0.692,0.9,0.892,0.55,0.408
169,,0.35,0.508,0.5,0.642,0.85,0.842,0.5,0.358
170,,0.3,0.458,0.45,0.592,0.8,0.792,0.45,0.308
171,,0.25,0.408,0.4,0.542,0.75,0.742,0.4,0.258
172,,0.2,0.358,0.35,0.492,0.7,0.692,0.35,0.208
173,,0.15,0.308,0.3,0.442,0.65,0.642,0.3,0.158
174,,0.1,0.258,0.25,0.392,0.6,0.592,0.25,0.108
175,,0.05,0.208,0.2,0.342,0.55,0.542,0.2,0.058
176,,0.0,0.158,0.15,0.292,0.5,0.492,0.15,0.008
177,,-0.05,0.108,0.1,0.242,0.45,0.442,0.1,-0.042
178,1,0.95,0.529,0.45,0.521,0.7,0.721,0.45,0.379
179,1,1.0,0.95,0.8,0.8,0.95,1.0,0.8,0.8
180,,0.95,0.9,0.75,0.75,0.9,0.95,0.75,0.75
181,,0.9,0.85,0.7,0.7,0.85,0.9,0.7,0.7
182,,0.85,0.8,0.65,0.65,0.8,0.85,0.65,0.65
183,,0.8,0.75,0.6,0.6,0.75,0.8,0.6,0.6
184,,0.75,0.7,0.55,0.55,0.7,0.75,0.55,0.55
185,,0.7,0.65,0.5,0.5,0.65,0.7,0.5,0.5
186,,0.65,0.6,0.45,0.45,0.6,0.65,0.45,0.45
187,,0.6,0.55,0.4,0.4,0.55,0.6,0.4,0.4
188,,0.55,0.5,0.35,0.35,0.5,0.55,0.35,0.35
189,,0.5,0.45,0.3,0.3,0.45,0.5,0.3,0.3
190,,0.45,0.4,0.25,0.25,0.4,0.45,0.25,0.25
191,,0.4,0.35,0.2,0.2,0.35,0.4,0.2,0.2
192,,0.35,0.3,0.15,0.15,0.3,0.35,0.15,0.15
193,,0.3,0.25,0.1,0.1,0.25,0.3,0.1,0.1
194,,0.25,0.2,0.05,0.05,0.2,0.25,0.05,0.05
195,,0.2,0.15,0.0,0.0,0.15,0.2,0.0,0.0
196,,0.15,0.1,-0.05,-0.05,0.1,0.15,-0.05,-0.05
197,3,0.5,0.521,0.95,0.371,0.45,0.429,0.2,0.229
198,3,0.85,0.942,1.0,0.792,0.8,0.708,0.45,0.508
199,,0.8,0.892,0.95,0.742,0.75,0.658,0.4,0.458
200,,0.75,0.842,0.9,0.692,0.7,0.608,0.35,0.408
201,,0.7,0.792,0.85,0.642,0.65,0.558,0.3,0.358
202,,0.65,0.742,0.8,0.592,0.6,0.508,0.25,0.308
203,,0.6,0.692,0.75,0.542,0.55,0.458,0.2,0.258
204,,0.55,0.642,0.7,0.492,0.5,0.408,0.15,0.208
205,,0.5,0.592,0.65,0.442,0.45,0.358,0.1,0.158
206,,0.45,0.542,0.6,0.392,0.4,0.308,0.05,0.108
207,,0.4,0.492,0.55,0.342,0.35,0.258,0.0,0.058
208,,0.35,0.442,0.5,0.292,0.3,0.208,-0.05,0.008
209,7,0.7,0.721,0.75,0.571,0.65,0.629,0.95,0.429
210,7,1.0,1.0,1.0,0.85,1.0,1.0,1.0,0.85
211,,0.95,0.95,0.95,0.8,0.95,0.95,0.95,0.8
212,,0.9,0.9,0.9,0.75,0.9,0.9,0.9,0.75
213,,0.85,0.85,0.85,0.7,0.85,0.85,0.85,0.7
214,,0.8,0.8,0.8,0.65,0.8,0.8,0.8,0.65
215,,0.75,0.75,0.75,0.6,0.75,0.75,0.75,0.6
216,,0.7,0.7,0.7,0.55,0.7,0.7,0.7,0.55
217,,0.65,0.65,0.65,0.5,0.65,0.65,0.65,0.5
218,,0.6,0.6,0.6,0.45,0.6,0.6,0.6,0.45
219,,0.55,0.55,0.55,0.4,0.55,0.55,0.55,0.4
220,,0.5,0.5,0.5,0.35,0.5,0.5,0.5,0.35
221,,0.45,0.45,0.45,0.3,0.45,0.45,0.45,0.3
222,,0.4,0.4,0.4,0.25,0.4,0.4,0.4,0.25
223,,0.35,0.35,0.35,0.2,0.35,0.35,0.35,0.2
224,,0.3,0.3,0.3,0.15,0.3,0.3,0.3,0.15
225,,0.25,0.25,0.25,0.1,0.25,0.25,0.25,0.1
226,,0.2,0.2,0.2,0.05,0.2,0.2,0.2,0.05
227,,0.15,0.15,0.15,0.0,0.15,0.15,0.15,0.0
228,,0.1,0.1,0.1,-0.05,0.1,0.1,0.1,-0.05
229,8,0.521,0.45,0.379,0.2,0.379,0.45,0.521,0.95
230,8,0.942,0.8,0.658,0.45,0.658,0.8,0.942,1.0
231,,0.892,0.75,0.608,0.4,0.608,0.75,0.892,0.95
232,,0.842,0.7,0.558,0.35,0.558,0.7,0.842,0.9
233,,0.792,0.65,0.508,0.3,0.508,0.65,0.792,0.85
234,,0.742,0.6,0.458,0.25,0.458,0.6,0.742,0.8
235,,0.692,0.55,0.408,0.2,0.408,0.55,0.692,0.75
236,,0.642,0.5,0.358,0.15,0.358,0.5,0.642,0.7
237,,0.592,0.45,0.308,0.1,0.308,0.45,0.592,0.65
238,,0.542,0.4,0.258,0.05,0.258,0.4,0.542,0.6
239,,0.492,0.35,0.208,0.0,0.208,0.35,0.492,0.55
240,,0.442,0.3,0.158,-0.05,0.158,0.3,0.442,0.5
241,4,0.721,0.65,0.579,0.95,0.579,0.65,0.721,0.75
242,4,1.0,1.0,1.0,1.0,1.0,1.0,1.0,1.0
243,,0.95,0.95,0.95,0.95,0.95,0.95,0.95,0.95
244,,0.9,0.9,0.9,0.9,0.9,0.9,0.9,0.9
245,,0.85,0.85,0.85,0.85,0.85,0.85,0.85,0.85
246,,0.8,0.8,0.8,0.8,0.8,0.8,0.8,0.8
247,,0.75,0.75,0.75,0.75,0.75,0.75,0.75,0.75
248,,0.7,0.7,0.7,0.7,0.7,0.7,0.7,0.7
249,,0.65,0.65,0.65,0.65,0.65,0.65,0.65,0.65
250,,0.6,0.6,0.6,0.6,0.6,0.6,0.6,0.6
251,,0.55,0.55,0.55,0.55,0.55,0.55,0.55,0.55
252,,0.5,0.5,0.5,0.5,0.5,0.5,0.5,0.5
253,,0.45,0.45,0.45,0.45,0.45,0.45,0.45,0.45
254,,0.4,0.4,0.4,0.4,0.4,0.4,0.4,0.4
255,,0.35,0.35,0.35,0.35,0.35,0.35,0.35,0.35
256,,0.3,0.3,0.3,0.3,0.3,0.3,0.3,0.3
257,,0.25,0.25,0.25,0.25,0.25,0.25,0.25,0.25
258,,0.2,0.2,0.2,0.2,0.2,0.2,0.2,0.2
259,,0.15,0.15,0.15,0.15,0.15,0.15,0.15,0.15
260,,0.1,0.1,0.1,0.1,0.1,0.1,0.1,0.1
261,,0.05,0.05,0.05,0.05,0.05,0.05,0.05,0.05
262,,0.0,0.0,0.0,0.0,0.0,0.0,0.0,0.0
263,,-0.05,-0.05,-0.05,-0.05,-0.05,-0.05,-0.05,-0.05
264,2,0.371,0.95,0.371,0.3,0.229,0.2,0.229,0.3
265,2,0.792,1.0,0.792,0.65,0.508,0.45,0.508,0.65
266,,0.742,0.95,0.742,0.6,0.458,0.4,0.458,0.6
267,,0.692,0.9,0.692,0.55,0.408,0.35,0.408,0.55
268,,0.642,0.85,0.642,0.5,0.358,0.3,0.358,0.5
269,,0.592,0.8,0.592,0.45,0.308,0.25,0.308,0.45
270,,0.542,0.75,0.542,0.4,0.258,0.2,0.258,0.4
271,,0.492,0.7,0.492,0.35,0.208,0.15,0.208,0.35
272,,0.442,0.65,0.442,0.3,0.158,0.1,0.158,0.3
273,,0.392,0.6,0.392,0.25,0.108,0.05,0.108,0.25
274,,0.342,0.55,0.342,0.2,0.058,0.0,0.058,0.2
275,,0.292,0.5,0.292,0.15,0.008,-0.05,0.008,0.15
276,6,0.571,0.75,0.571,0.5,0.429,0.95,0.429,0.5
277,6,0.85,1.0,0.85,0.85,0.85,1.0,0.85,0.85
278,,0.8,0.95,0.8,0.8,0.8,0.95,0.8,0.8
279,,0.75,0.9,0.75,0.75,0.75,0.9,0.75,0.75
280,,0.7,0.85,0.7,0.7,0.7,0.85,0.7,0.7
281,,0.65,0.8,0.65,0.65,0.65,0.8,0.65,0.65
282,,0.6,0.75,0.6,0.6,0.6,0.75,0.6,0.6
283,,0.55,0.7,0.55,0.55,0.55,0.7,0.55,0.55
284,,0.5,0.65,0.5,0.5,0.5,0.65,0.5,0.5
285,,0.45,0.6,0.45,0.45,0.45,0.6,0.45,0.45
286,,0.4,0.55,0.4,0.4,0.4,0.55,0.4,0.4
287,,0.35,0.5,0.35,0.35,0.35,0.5,0.35,0.35
288,,0.3,0.45,0.3,0.3,0.3,0.45,0.3,0.3
289,,0.25,0.4,0.25,0.25,0.25,0.4,0.25,0.25
290,,0.2,0.35,0.2,0.2,0.2,0.35,0.2,0.2
291,,0.15,0.3,0.15,0.15,0.15,0.3,0.15,0.15
292,,0.1,0.25,0.1,0.1,0.1,0.25,0.1,0.1
293,,0.05,0.2,0.05,0.05,0.05,0.2,0.05,0.05
294,,0.0,0.15,0.0,0.0,0.0,0.15,0.0,0.0
295,,-0.05,0.1,-0.05,-0.05,-0.05,0.1,-0.05,-0.05
296,5,0.2,0.379,0.3,0.371,0.95,0.521,0.3,0.229
297,5,0.45,0.658,0.65,0.792,1.0,0.942,0.65,0.508
298,,0.4,0.608,0.6,0.742,0.95,0.892,0.6,0.458
299,,0.35,0.558,0.55,0.692,0.9,0.842,0.55,0.408
300,,0.3,0.508,0.5,0.642,0.85,0.792,0.5,0.358
301,,0.25,0.458,0.45,0.592,0.8,0.742,0.45,0.308
302,,0.2,0.408,0.4,0.542,0.75,0.692,0.4,0.258
303,,0.15,0.358,0.35,0.492,0.7,0.642,0.35,0.208
304,,0.1,0.308,0.3,0.442,0.65,0.592,0.3,0.158
305,,0.05,0.258,0.25,0.392,0.6,0.542,0.25,0.108
306,,0.0,0.208,0.2,0.342,0.55,0.492,0.2,0.058
307,,-0.05,0.158,0.15,0.292,0.5,0.442,0.15,0.008
308,1,0.95,0.579,0.5,0.571,0.75,0.721,0.5,0.429
309,1,1.0,1.0,0.85,0.85,1.0,1.0,0.85,0.85
310,,0.95,0.95,0.8,0.8,0.95,0.95,0.8,0.8
311,,0.9,0.9,0.75,0.75,0.9,0.9,0.75,0.75
312,,0.85,0.85,0.7,0.7,0.85,0.85,0.7,0.7
313,,0.8,0.8,0.65,0.65,0.8,0.8,0.65,0.65
314,,0.75,0.75,0.6,0.6,0.75,0.75,0.6,0.6
315,,0.7,0.7,0.55,0.55,0.7,0.7,0.55,0.55
316,,0.65,0.65,0.5,0.5,0.65,0.65,0.5,0.5
317,,0.6,0.6,0.45,0.45,0.6,0.6,0.45,0.45
318,,0.55,0.55,0.4,0.4,0.55,0.55,0.4,0.4
319,,0.5,0.5,0.35,0.35,0.5,0.5,0.35,0.35
320,,0.45,0.45,0.3,0.3,0.45,0.45,0.3,0.3
321,,0.4,0.4,0.25,0.25,0.4,0.4,0.25,0.25
322,,0.35,0.35,0.2,0.2,0.35,0.35,0.2,0.2
323,,0.3,0.3,0.15,0.15,0.3,0.3,0.15,0.15
324,,0.25,0.25,0.1,0.1,0.25,0.25,0.1,0.1
325,,0.2,0.2,0.05,0.05,0.2,0.2,0.05,0.05
326,,0.15,0.15,0.0,0.0,0.15,0.15,0.0,0.0
327,,0.1,0.1,-0.05,-0.05,0.1,0.1,-0.05,-0.05
328,4,0.379,0.45,0.371,0.95,0.521,0.45,0.229,0.2
329,4,0.658,0.8,0.792,1.0,0.942,0.8,0.508,0.45
330,,0.608,0.75,0.742,0.95,0.892,0.75,0.458,0.4
331,,0.558,0.7,0.692,0.9,0.842,0.7,0.408,0.35
332,,0.508,0.65,0.642,0.85,0.792,0.65,0.358,0.3
333,,0.458,0.6,0.592,0.8,0.742,0.6,0.308,0.25
334,,0.408,0.55,0.542,0.75,0.692,0.55,0.258,0.2
335,,0.358,0.5,0.492,0.7,0.642,0.5,0.208,0.15
336,,0.308,0.45,0.442,0.65,0.592,0.45,0.158,0.1
337,,0.258,0.4,0.392,0.6,0.542,0.4,0.108,0.05
338,,0.208,0.35,0.342,0.55,0.492,0.35,0.058,0.0
339,,0.158,0.3,0.292,0.5,0.442,0.3,0.008,-0.05
340,8,0.579,0.65,0.571,0.75,0.721,0.65,0.429,0.95
341,8,1.0,1.0,0.85,1.0,1.0,1.0,0.85,1.0
342,,0.95,0.95,0.8,0.95,0.95,0.95,0.8,0.95
343,,0.9,0.9,0.75,0.9,0.9,0.9,0.75,0.9
344,,0.85,0.85,0.7,0.85,0.85,0.85,0.7,0.85
345,,0.8,0.8,0.65,0.8,0.8,0.8,0.65,0.8
346,,0.75,0.75,0.6,0.75,0.75,0.75,0.6,0.75
347,,0.7,0.7,0.55,0.7,0.7,0.7,0.55,0.7
348,,0.65,0.65,0.5,0.65,0.65,0.65,0.5,0.65
349,,0.6,0.6,0.45,0.6,0.6,0.6,0.45,0.6
350,,0.55,0.55,0.4,0.55,0.55,0.55,0.4,0.55
351,,0.5,0.5,0.35,0.5,0.5,0.5,0.35,0.5
352,,0.45,0.45,0.3,0.45,0.45,0.45,0.3,0.45
353,,0.4,0.4,0.25,0.4,0.4,0.4,0.25,0.4
354,,0.35,0.35,0.2,0.35,0.35,0.35,0.2,0.35
355,,0.3,0.3,0.15,0.3,0.3,0.3,0.15,0.3
356,,0.25,0.25,0.1,0.25,0.25,0.25,0.1,0.25
357,,0.2,0.2,0.05,0.2,0.2,0.2,0.05,0.2
358,,0.15,0.15,0.0,0.15,0.15,0.15,0.0,0.15
359,,0.1,0.1,-0.05,0.1,0.1,0.1,-0.05,0.1
360,3,0.45,0.521,0.95,0.521,0.45,0.379,0.2,0.379
361,3,0.8,0.942,1.0,0.942,0.8,0.658,0.45,0.658
362,,0.75,0.892,0.95,0.892,0.75,0.608,0.4,0.608
363,,0.7,0.842,0.9,0.842,0.7,0.558,0.35,0.558
364,,0.65,0.792,0.85,0.792,0.65,0.508,0.3,0.508
365,,0.6,0.742,0.8,0.742,0.6,0.458,0.25,0.458
366,,0.55,0.692,0.75,0.692,0.55,0.408,0.2,0.408
367,,0.5,0.642,0.7,0.642,0.5,0.358,0.15,0.358
368,,0.45,0.592,0.65,0.592,0.45,0.308,0.1,0.308
369,,0.4,0.542,0.6,0.542,0.4,0.258,0.05,0.258
370,,0.35,0.492,0.55,0.492,0.35,0.208,0.0,0.208
371,,0.3,0.442,0.5,0.442,0.3,0.158,-0.05,0.158
372,7,0.65,0.721,0.75,0.721,0.65,0.579,0.95,0.579
373,7,1.0,1.0,1.0,1.0,1.0,1.0,1.0,1.0
374,,0.95,0.95,0.95,0.95,0.95,0.95,0.95,0.95
375,,0.9,0.9,0.9,0.9,0.9,0.9,0.9,0.9
376,,0.85,0.85,0.85,0.85,0.85,0.85,0.85,0.85
377,,0.8,0.8,0.8,0.8,0.8,0.8,0.8,0.8
378,,0.75,0.75,0.75,0.75,0.75,0.75,0.75,0.75
379,,0.7,0.7,0.7,0.7,0.7,0.7,0.7,0.7
380,,0.65,0.65,0.65,0.65,0.65,0.65,0.65,0.65
381,,0.6,0.6,0.6,0.6,0.6,0.6,0.6,0.6
382,,0.55,0.55,0.55,0.55,0.55,0.55,0.55,0.55
383,,0.5,0.5,0.5,0.5,0.5,0.5,0.5,0.5
384,,0.45,0.45,0.45,0.45,0.45,0.45,0.45,0.45
385,,0.4,0.4,0.4,0.4,0.4,0.4,0.4,0.4
386,,0.35,0.35,0.35,0.35,0.35,0.35,0.35,0.35
387,,0.3,0.3,0.3,0.3,0.3,0.3,0.3,0.3
388,,0.25,0.25,0.25,0.25,0.25,0.25,0.25,0.25
389,,0.2,0.2,0.2,0.2,0.2,0.2,0.2,0.2
390,,0.15,0.15,0.15,0.15,0.15,0.15,0.15,0.15
391,,0.1,0.1,0.1,0.1,0.1,0.1,0.1,0.1
392,,0.05,0.05,0.05,0.05,0.05,0.05,0.05,0.05
393,,0.0,0.0,0.0,0.0,0.0,0.0,0.0,0.0
394,,-0.05,-0.05,-0.05,-0.05,-0.05,-0.05,-0.05,-0.05
395,5,0.2,0.229,0.3,0.371,0.95,0.371,0.3,0.229
396,5,0.45,0.508,0.65,0.792,1.0,0.792,0.65,0.508
397,,0.4,0.458,0.6,0.742,0.95,0.742,0.6,0.458
398,,0.35,0.408,0.55,0.692,0.9,0.692,0.55,0.408
399,,0.3,0.358,0.5,0.642,0.85,0.642,0.5,0.358
400,,0.25,0.308,0.45,0.592,0.8,0.592,0.45,0.308
401,,0.2,0.258,0.4,0.542,0.75,0.542,0.4,0.258
402,,0.15,0.208,0.35,0.492,0.7,0.492,0.35,0.208
403,,0.1,0.158,0.3,0.442,0.65,0.442,0.3,0.158
404,,0.05,0.108,0.25,0.392,0.6,0.392,0.25,0.108
405,,0.0,0.058,0.2,0.342,0.55,0.342,0.2,0.058
406,,-0.05,0.008,0.15,0.292,0.5,0.292,0.15,0.008
407,1,0.95,0.429,0.5,0.571,0.75,0.571,0.5,0.429
408,1,1.0,0.85,0.85,0.85,1.0,0.85,0.85,0.85
409,,0.95,0.8,0.8,0.8,0.95,0.8,0.8,0.8
410,,0.9,0.75,0.75,0.75,0.9,0.75,0.75,0.75
411,,0.85,0.7,0.7,0.7,0.85,0.7,0.7,0.7
412,,0.8,0.65,0.65,0.65,0.8,0.65,0.65,0.65
413,,0.75,0.6,0.6,0.6,0.75,0.6,0.6,0.6
414,,0.7,0.55,0.55,0.55,0.7,0.55,0.55,0.55
415,,0.65,0.5,0.5,0.5,0.65,0.5,0.5,0.5
416,,0.6,0.45,0.45,0.45,0.6,0.45,0.45,0.45
417,,0.55,0.4,0.4,0.4,0.55,0.4,0.4,0.4
418,,0.5,0.35,0.35,0.35,0.5,0.35,0.35,0.35
419,,0.45,0.3,0.3,0.3,0.45,0.3,0.3,0.3
420,,0.4,0.25,0.25,0.25,0.4,0.25,0.25,0.25
421,,0.35,0.2,0.2,0.2,0.35,0.2,0.2,0.2
422,,0.3,0.15,0.15,0.15,0.3,0.15,0.15,0.15
423,,0.25,0.1,0.1,0.1,0.25,0.1,0.1,0.1
424,,0.2,0.05,0.05,0.05,0.2,0.05,0.05,0.05
425,,0.15,0.0,0.0,0.0,0.15,0.0,0.0,0.0
426,,0.1,-0.05,-0.05,-0.05,0.1,-0.05,-0.05,-0.05
427,2,0.521,0.95,0.371,0.3,0.379,0.2,0.229,0.3
428,2,0.942,1.0,0.792,0.65,0.658,0.45,0.508,0.65
429,,0.892,0.95,0.742,0.6,0.608,0.4,0.458,0.6
430,,0.842,0.9,0.692,0.55,0.558,0.35,0.408,0.55
431,,0.792,0.85,0.642,0.5,0.508,0.3,0.358,0.5
432,,0.742,0.8,0.592,0.45,0.458,0.25,0.308,0.45
433,,0.692,0.75,0.542,0.4,0.408,0.2,0.258,0.4
434,,0.642,0.7,0.492,0.35,0.358,0.15,0.208,0.35
435,,0.592,0.65,0.442,0.3,0.308,0.1,0.158,0.3
436,,0.542,0.6,0.392,0.25,0.258,0.05,0.108,0.25
437,,0.492,0.55,0.342,0.2,0.208,0.0,0.058,0.2
438,,0.442,0.5,0.292,0.15,0.158,-0.05,0.008,0.15
439,6,0.721,0.75,0.571,0.5,0.579,0.95,0.429,0.5
440,6,1.0,1.0,0.85,0.85,1.0,1.0,0.85,0.85
441,,0.95,0.95,0.8,0.8,0.95,0.95,0.8,0.8
442,,0.9,0.9,0.75,0.75,0.9,0.9,0.75,0.75
443,,0.85,0.85,0.7,0.7,0.85,0.85,0.7,0.7
444,,0.8,0.8,0.65,0.65,0.8,0.8,0.65,0.65
445,,0.75,0.75,0.6,0.6,0.75,0.75,0.6,0.6
446,,0.7,0.7,0.55,0.55,0.7,0.7,0.55,0.55
447,,0.65,0.65,0.5,0.5,0.65,0.65,0.5,0.5
448,,0.6,0.6,0.45,0.45,0.6,0.6,0.45,0.45
449,,0.55,0.55,0.4,0.4,0.55,0.55,0.4,0.4
450,,0.5,0.5,0.35,0.35,0.5,0.5,0.35,0.35
451,,0.45,0.45,0.3,0.3,0.45,0.45,0.3,0.3
452,,0.4,0.4,0.25,0.25,0.4,0.4,0.25,0.25
453,,0.35,0.35,0.2,0.2,0.35,0.35,0.2,0.2
454,,0.3,0.3,0.15,0.15,0.3,0.3,0.15,0.15
455,,0.25,0.25,0.1,0.1,0.25,0.25,0.1,0.1
456,,0.2,0.2,0.05,0.05,0.2,0.2,0.05,0.05
457,,0.15,0.15,0.0,0.0,0.15,0.15,0.0,0.0
458,,0.1,0.1,-0.05,-0.05,0.1,0.1,-0.05,-0.05
459,3,0.45,0.521,0.95,0.371,0.45,0.379,0.2,0.229
460,3,0.8,0.942,1.0,0.792,0.8,0.658,0.45,0.508
461,,0.75,0.892,0.95,0.742,0.75,0.608,0.4,0.458
462,,0.7,0.842,0.9,0.692,0.7,0.558,0.35,0.408
463,,0.65,0.792,0.85,0.642,0.65,0.508,0.3,0.358
464,,0.6,0.742,0.8,0.592,0.6,0.458,0.25,0.308
465,,0.55,0.692,0.75,0.542,0.55,0.408,0.2,0.258
466,,0.5,0.642,0.7,0.492,0.5,0.358,0.15,0.208
467,,0.45,0.592,0.65,0.442,0.45,0.308,0.1,0.158
468,,0.4,0.542,0.6,0.392,0.4,0.258,0.05,0.108
469,,0.35,0.492,0.55,0.342,0.35,0.208,0.0,0.058
470,,0.3,0.442,0.5,0.292,0.3,0.158,-0.05,0.008
471,7,0.65,0.721,0.75,0.571,0.65,0.579,0.95,0.429
472,7,1.0,1.0,1.0,0.85,1.0,1.0,1.0,0.85
473,,0.95,0.95,0.95,0.8,0.95,0.95,0.95,0.8
474,,0.9,0.9,0.9,0.75,0.9,0.9,0.9,0.75
475,,0.85,0.85,0.85,0.7,0.85,0.85,0.85,0.7
476,,0.8,0.8,0.8,0.65,0.8,0.8,0.8,0.65
477,,0.75,0.75,0.75,0.6,0.75,0.75,0.75,0.6
478,,0.7,0.7,0.7,0.55,0.7,0.7,0.7,0.55
479,,0.65,0.65,0.65,0.5,0.65,0.65,0.65,0.5
480,,0.6,0.6,0.6,0.45,0.6,0.6,0.6,0.45
481,,0.55,0.55,0.55,0.4,0.55,0.55,0.55,0.4
482,,0.5,0.5,0.5,0.35,0.5,0.5,0.5,0.35
483,,0.45,0.45,0.45,0.3,0.45,0.45,0.45,0.3
484,,0.4,0.4,0.4,0.25,0.4,0.4,0.4,0.25
485,,0.35,0.35,0.35,0.2,0.35,0.35,0.35,0.2
486,,0.3,0.3,0.3,0.15,0.3,0.3,0.3,0.15
487,,0.25,0.25,0.25,0.1,0.25,0.25,0.25,0.1
488,,0.2,0.2,0.2,0.05,0.2,0.2,0.2,0.05
489,,0.15,0.15,0.15,0.0,0.15,0.15,0.15,0.0
490,,0.1,0.1,0.1,-0.05,0.1,0.1,0.1,-0.05
491,4,0.379,0.45,0.521,0.95,0.521,0.45,0.379,0.2
492,4,0.658,0.8,0.942,1.0,0.942,0.8,0.658,0.45
493,,0.608,0.75,0.892,0.95,0.892,0.75,0.608,0.4
494,,0.558,0.7,0.842,0.9,0.842,0.7,0.558,0.35
495,,0.508,0.65,0.792,0.85,0.792,0.65,0.508,0.3
496,,0.458,0.6,0.742,0.8,0.742,0.6,0.458,0.25
497,,0.408,0.55,0.692,0.75,0.692,0.55,0.408,0.2
498,,0.358,0.5,0.642,0.7,0.642,0.5,0.358,0.15
499,,0.308,0.45,0.592,0.65,0.592,0.45,0.308,0.1
