step,active_motive,motive_1,motive_2,motive_3,motive_4,motive_5,motive_6,motive_7,motive_8
0,,0.14048,0.47521,0.44513,0.22783,0.31007,0.13869,0.09406,0.23185
1,,-0.05952,0.27521,0.24513,0.02783,0.11007,-0.06131,-0.10594,0.03185
2,7,0.14048,0.33421,0.24513,0.08683,0.31007,0.27969,0.89406,0.37285
3,7,0.34048,0.39321,0.24513,0.14583,0.51007,0.62069,1.0,0.71385
4,,0.14048,0.19321,0.04513,-0.05417,0.31007,0.42069,0.8,0.51385
5,4,0.19948,0.39321,0.38613,0.94583,0.65107,0.62069,0.859,0.51385
6,4,0.25848,0.59321,0.72713,1.0,0.99207,0.82069,0.918,0.51385
7,,0.05848,0.39321,0.52713,0.8,0.79207,0.62069,0.718,0.31385
8,,-0.14152,0.19321,0.32713,0.6,0.59207,0.42069,0.518,0.11385
9,1,0.85848,0.53421,0.52713,0.659,0.59207,0.47969,0.718,0.45485
10,1,1.0,0.87521,0.72713,0.718,0.59207,0.53869,0.918,0.79585
11,,0.8,0.67521,0.52713,0.518,0.39207,0.33869,0.718,0.59585
12,,0.6,0.47521,0.32713,0.318,0.19207,0.13869,0.518,0.39585
13,,0.4,0.27521,0.12713,0.118,-0.00793,-0.06131,0.318,0.19585
14,6,0.459,0.27521,0.18613,0.318,0.33307,0.93869,0.659,0.39585
15,6,0.518,0.27521,0.24513,0.518,0.67407,1.0,1.0,0.59585
16,,0.318,0.07521,0.04513,0.318,0.47407,0.8,0.8,0.39585
17,,0.118,-0.12479,-0.15487,0.118,0.27407,0.6,0.6,0.19585
18,3,0.318,0.21621,0.84513,0.459,0.47407,0.659,0.6,0.25485
19,3,0.518,0.55721,1.0,0.8,0.67407,0.718,0.6,0.31385
20,,0.318,0.35721,0.8,0.6,0.47407,0.518,0.4,0.11385
21,,0.118,0.15721,0.6,0.4,0.27407,0.318,0.2,-0.08615
22,8,0.459,0.35721,0.659,0.4,0.33307,0.518,0.541,0.91385
23,8,0.8,0.55721,0.718,0.4,0.39207,0.718,0.882,1.0
24,,0.6,0.35721,0.518,0.2,0.19207,0.518,0.682,0.8
25,,0.4,0.15721,0.318,0.0,-0.00793,0.318,0.482,0.6
26,5,0.4,0.21621,0.518,0.341,0.99207,0.659,0.682,0.659
27,5,0.4,0.27521,0.718,0.682,1.0,1.0,0.882,0.718
28,,0.2,0.07521,0.518,0.482,0.8,0.8,0.682,0.518
29,,0.0,-0.12479,0.318,0.282,0.6,0.6,0.482,0.318
30,2,0.341,0.87521,0.659,0.482,0.659,0.6,0.541,0.518
31,2,0.682,1.0,1.0,0.682,0.718,0.6,0.6,0.718
32,,0.482,0.8,0.8,0.482,0.518,0.4,0.4,0.518
33,,0.282,0.6,0.6,0.282,0.318,0.2,0.2,0.318
34,,0.082,0.4,0.4,0.082,0.118,0.0,0.0,0.118
35,,-0.118,0.2,0.2,-0.118,-0.082,-0.2,-0.2,-0.082
36,7,0.082,0.259,0.2,-0.059,0.118,0.141,0.8,0.259
37,7,0.282,0.318,0.2,0.0,0.318,0.482,1.0,0.6
38,,0.082,0.118,0.0,-0.2,0.118,0.282,0.8,0.4
39,4,0.141,0.318,0.341,0.8,0.459,0.482,0.859,0.4
40,4,0.2,0.518,0.682,1.0,0.8,0.682,0.918,0.4
41,,0.0,0.318,0.482,0.8,0.6,0.482,0.718,0.2
42,,-0.2,0.118,0.282,0.6,0.4,0.282,0.518,0.0
43,1,0.8,0.459,0.482,0.659,0.4,0.341,0.718,0.341
44,1,1.0,0.8,0.682,0.718,0.4,0.4,0.918,0.682
45,,0.8,0.6,0.482,0.518,0.2,0.2,0.718,0.482
46,,0.6,0.4,0.282,0.318,0.0,0.0,0.518,0.282
47,,0.4,0.2,0.082,0.118,-0.2,-0.2,0.318,0.082
48,6,0.459,0.2,0.141,0.318,0.141,0.8,0.659,0.282
49,6,0.518,0.2,0.2,0.518,0.482,1.0,1.0,0.482
50,,0.318,0.0,0.0,0.318,0.282,0.8,0.8,0.282
51,,0.118,-0.2,-0.2,0.118,0.082,0.6,0.6,0.082
52,3,0.318,0.141,0.8,0.459,0.282,0.659,0.6,0.141
53,3,0.518,0.482,1.0,0.8,0.482,0.718,0.6,0.2
54,,0.318,0.282,0.8,0.6,0.282,0.518,0.4,0.0
55,,0.118,0.082,0.6,0.4,0.082,0.318,0.2,-0.2
56,8,0.459,0.282,0.659,0.4,0.141,0.518,0.541,0.8
57,8,0.8,0.482,0.718,0.4,0.2,0.718,0.882,1.0
58,,0.6,0.282,0.518,0.2,0.0,0.518,0.682,0.8
59,,0.4,0.082,0.318,0.0,-0.2,0.318,0.482,0.6
60,5,0.4,0.141,0.518,0.341,0.8,0.659,0.682,0.659
61,5,0.4,0.2,0.718,0.682,1.0,1.0,0.882,0.718
62,,0.2,0.0,0.518,0.482,0.8,0.8,0.682,0.518
63,,0.0,-0.2,0.318,0.282,0.6,0.6,0.482,0.318
64,2,0.341,0.8,0.659,0.482,0.659,0.6,0.541,0.518
65,2,0.682,1.0,1.0,0.682,0.718,0.6,0.6,0.718
66,,0.482,0.8,0.8,0.482,0.518,0.4,0.4,0.518
67,,0.282,0.6,0.6,0.282,0.318,0.2,0.2,0.318
68,,0.082,0.4,0.4,0.082,0.118,0.0,0.0,0.118
69,,-0.118,0.2,0.2,-0.118,-0.082,-0.2,-0.2,-0.082
70,7,0.082,0.259,0.2,-0.059,0.118,0.141,0.8,0.259
71,7,0.282,0.318,0.2,0.0,0.318,0.482,1.0,0.6
72,,0.082,0.118,0.0,-0.2,0.118,0.282,0.8,0.4
73,4,0.141,0.318,0.341,0.8,0.459,0.482,0.859,0.4
74,4,0.2,0.518,0.682,1.0,0.8,0.682,0.918,0.4
75,,0.0,0.318,0.482,0.8,0.6,0.482,0.718,0.2
76,,-0.2,0.118,0.282,0.6,0.4,0.282,0.518,0.0
77,1,0.8,0.459,0.482,0.659,0.4,0.341,0.718,0.341
78,1,1.0,0.8,0.682,0.718,0.4,0.4,0.918,0.682
79,,0.8,0.6,0.482,0.518,0.2,0.2,0.718,0.482
80,,0.6,0.4,0.282,0.318,0.0,0.0,0.518,0.282
81,,0.4,0.2,0.082,0.118,-0.2,-0.2,0.318,0.082
82,6,0.459,0.2,0.141,0.318,0.141,0.8,0.659,0.282
83,6,0.518,0.2,0.2,0.518,0.482,1.0,1.0,0.482
84,,0.318,0.0,0.0,0.318,0.282,0.8,0.8,0.282
85,,0.118,-0.2,-0.2,0.118,0.082,0.6,0.6,0.082
86,2,0.459,0.8,0.141,0.318,0.141,0.6,0.659,0.282
87,2,0.8,1.0,0.482,0.518,0.2,0.6,0.718,0.482
88,,0.6,0.8,0.282,0.318,0.0,0.4,0.518,0.282
89,,0.4,0.6,0.082,0.118,-0.2,0.2,0.318,0.082
90,5,0.4,0.659,0.282,0.459,0.8,0.541,0.518,0.141
91,5,0.4,0.718,0.482,0.8,1.0,0.882,0.718,0.2
92,,0.2,0.518,0.282,0.6,0.8,0.682,0.518,0.0
93,,0.0,0.318,0.082,0.4,0.6,0.482,0.318,-0.2
94,8,0.341,0.518,0.141,0.4,0.659,0.682,0.659,0.8
95,8,0.682,0.718,0.2,0.4,0.718,0.882,1.0,1.0
96,,0.482,0.518,0.0,0.2,0.518,0.682,0.8,0.8
97,,0.282,0.318,-0.2,0.0,0.318,0.482,0.6,0.6
98,3,0.482,0.659,0.8,0.341,0.518,0.541,0.6,0.659
99,3,0.682,1.0,1.0,0.682,0.718,0.6,0.6,0.718
100,,0.482,0.8,0.8,0.482,0.518,0.4,0.4,0.518
101,,0.282,0.6,0.6,0.282,0.318,0.2,0.2,0.318
102,,0.082,0.4,0.4,0.082,0.118,0.0,0.0,0.118
103,,-0.118,0.2,0.2,-0.118,-0.082,-0.2,-0.2,-0.082
104,6,-0.059,0.2,0.259,0.082,0.259,0.8,0.141,0.118
105,6,0.0,0.2,0.318,0.282,0.6,1.0,0.482,0.318
106,,-0.2,0.0,0.118,0.082,0.4,0.8,0.282,0.118
107,1,0.8,0.341,0.318,0.141,0.4,0.859,0.482,0.459
108,1,1.0,0.682,0.518,0.2,0.4,0.918,0.682,0.8
109,,0.8,0.482,0.318,0.0,0.2,0.718,0.482,0.6
110,,0.6,0.282,0.118,-0.2,0.0,0.518,0.282,0.4
111,4,0.659,0.482,0.459,0.8,0.341,0.718,0.341,0.4
112,4,0.718,0.682,0.8,1.0,0.682,0.918,0.4,0.4
113,,0.518,0.482,0.6,0.8,0.482,0.718,0.2,0.2
114,,0.318,0.282,0.4,0.6,0.282,0.518,0.0,0.0
115,,0.118,0.082,0.2,0.4,0.082,0.318,-0.2,-0.2
116,8,0.459,0.282,0.259,0.4,0.141,0.518,0.141,0.8
117,8,0.8,0.482,0.318,0.4,0.2,0.718,0.482,1.0
118,,0.6,0.282,0.118,0.2,0.0,0.518,0.282,0.8
119,,0.4,0.082,-0.082,0.0,-0.2,0.318,0.082,0.6
120,5,0.4,0.141,0.118,0.341,0.8,0.659,0.282,0.659
121,5,0.4,0.2,0.318,0.682,1.0,1.0,0.482,0.718
122,,0.2,0.0,0.118,0.482,0.8,0.8,0.282,0.518
123,,0.0,-0.2,-0.082,0.282,0.6,0.6,0.082,0.318
124,2,0.341,0.8,0.259,0.482,0.659,0.6,0.141,0.518
125,2,0.682,1.0,0.6,0.682,0.718,0.6,0.2,0.718
126,,0.482,0.8,0.4,0.482,0.518,0.4,0.0,0.518
127,,0.282,0.6,0.2,0.282,0.318,0.2,-0.2,0.318
128,7,0.482,0.659,0.2,0.341,0.518,0.541,0.8,0.659
129,7,0.682,0.718,0.2,0.4,0.718,0.882,1.0,1.0
130,,0.482,0.518,0.0,0.2,0.518,0.682,0.8,0.8
131,,0.282,0.318,-0.2,0.0,0.318,0.482,0.6,0.6
132,3,0.482,0.659,0.8,0.341,0.518,0.541,0.6,0.659
133,3,0.682,1.0,1.0,0.682,0.718,0.6,0.6,0.718
134,,0.482,0.8,0.8,0.482,0.518,0.4,0.4,0.518
135,,0.282,0.6,0.6,0.282,0.318,0.2,0.2,0.318
136,,0.082,0.4,0.4,0.082,0.118,0.0,0.0,0.118
137,,-0.118,0.2,0.2,-0.118,-0.082,-0.2,-0.2,-0.082
138,7,0.082,0.259,0.2,-0.059,0.118,0.141,0.8,0.259
139,7,0.282,0.318,0.2,0.0,0.318,0.482,1.0,0.6
140,,0.082,0.118,0.0,-0.2,0.118,0.282,0.8,0.4
141,4,0.141,0.318,0.341,0.8,0.459,0.482,0.859,0.4
142,4,0.2,0.518,0.682,1.0,0.8,0.682,0.918,0.4
143,,0.0,0.318,0.482,0.8,0.6,0.482,0.718,0.2
144,,-0.2,0.118,0.282,0.6,0.4,0.282,0.518,0.0
145,1,0.8,0.459,0.482,0.659,0.4,0.341,0.718,0.341
146,1,1.0,0.8,0.682,0.718,0.4,0.4,0.918,0.682
147,,0.8,0.6,0.482,0.518,0.2,0.2,0.718,0.482
148,,0.6,0.4,0.282,0.318,0.0,0.0,0.518,0.282
149,,0.4,0.2,0.082,0.118,-0.2,-0.2,0.318,0.082
150,5,0.4,0.259,0.282,0.459,0.8,0.141,0.518,0.141
151,5,0.4,0.318,0.482,0.8,1.0,0.482,0.718,0.2
152,,0.2,0.118,0.282,0.6,0.8,0.282,0.518,0.0
153,,0.0,-0.082,0.082,0.4,0.6,0.082,0.318,-0.2
154,8,0.341,0.118,0.141,0.4,0.659,0.282,0.659,0.8
155,8,0.682,0.318,0.2,0.4,0.718,0.482,1.0,1.0
156,,0.482,0.118,0.0,0.2,0.518,0.282,0.8,0.8
157,,0.282,-0.082,-0.2,0.0,0.318,0.082,0.6,0.6
158,3,0.482,0.259,0.8,0.341,0.518,0.141,0.6,0.659
159,3,0.682,0.6,1.0,0.682,0.718,0.2,0.6,0.718
160,,0.482,0.4,0.8,0.482,0.518,0.0,0.4,0.518
161,,0.282,0.2,0.6,0.282,0.318,-0.2,0.2,0.318
162,6,0.341,0.2,0.659,0.482,0.659,0.8,0.541,0.518
163,6,0.4,0.2,0.718,0.682,1.0,1.0,0.882,0.718
164,,0.2,0.0,0.518,0.482,0.8,0.8,0.682,0.518
165,,0.0,-0.2,0.318,0.282,0.6,0.6,0.482,0.318
166,2,0.341,0.8,0.659,0.482,0.659,0.6,0.541,0.518
167,2,0.682,1.0,1.0,0.682,0.718,0.6,0.6,0.718
168,,0.482,0.8,0.8,0.482,0.518,0.4,0.4,0.518
169,,0.282,0.6,0.6,0.282,0.318,0.2,0.2,0.318
170,,0.082,0.4,0.4,0.082,0.118,0.0,0.0,0.118
171,,-0.118,0.2,0.2,-0.118,-0.082,-0.2,-0.2,-0.082
172,7,0.082,0.259,0.2,-0.059,0.118,0.141,0.8,0.259
173,7,0.282,0.318,0.2,0.0,0.318,0.482,1.0,0.6
174,,0.082,0.118,0.0,-0.2,0.118,0.282,0.8,0.4
175,4,0.141,0.318,0.341,0.8,0.459,0.482,0.859,0.4
176,4,0.2,0.518,0.682,1.0,0.8,0.682,0.918,0.4
177,,0.0,0.318,0.482,0.8,0.6,0.482,0.718,0.2
178,,-0.2,0.118,0.282,0.6,0.4,0.282,0.518,0.0
179,1,0.8,0.459,0.482,0.659,0.4,0.341,0.718,0.341
180,1,1.0,0.8,0.682,0.718,0.4,0.4,0.918,0.682
181,,0.8,0.6,0.482,0.518,0.2,0.2,0.718,0.482
182,,0.6,0.4,0.282,0.318,0.0,0.0,0.518,0.282
183,,0.4,0.2,0.082,0.118,-0.2,-0.2,0.318,0.082
184,5,0.4,0.259,0.282,0.459,0.8,0.141,0.518,0.141
185,5,0.4,0.318,0.482,0.8,1.0,0.482,0.718,0.2
186,,0.2,0.118,0.282,0.6,0.8,0.282,0.518,0.0
187,,0.0,-0.082,0.082,0.4,0.6,0.082,0.318,-0.2
188,8,0.341,0.118,0.141,0.4,0.659,0.282,0.659,0.8
189,8,0.682,0.318,0.2,0.4,0.718,0.482,1.0,1.0
190,,0.482,0.118,0.0,0.2,0.518,0.282,0.8,0.8
191,,0.282,-0.082,-0.2,0.0,0.318,0.082,0.6,0.6
192,3,0.482,0.259,0.8,0.341,0.518,0.141,0.6,0.659
193,3,0.682,0.6,1.0,0.682,0.718,0.2,0.6,0.718
194,,0.482,0.4,0.8,0.482,0.518,0.0,0.4,0.518
195,,0.282,0.2,0.6,0.282,0.318,-0.2,0.2,0.318
196,6,0.341,0.2,0.659,0.482,0.659,0.8,0.541,0.518
197,6,0.4,0.2,0.718,0.682,1.0,1.0,0.882,0.718
198,,0.2,0.0,0.518,0.482,0.8,0.8,0.682,0.518
199,,0.0,-0.2,0.318,0.282,0.6,0.6,0.482,0.318
200,2,0.341,0.8,0.659,0.482,0.659,0.6,0.541,0.518
201,2,0.682,1.0,1.0,0.682,0.718,0.6,0.6,0.718
202,,0.482,0.8,0.8,0.482,0.518,0.4,0.4,0.518
203,,0.282,0.6,0.6,0.282,0.318,0.2,0.2,0.318
204,,0.082,0.4,0.4,0.082,0.118,0.0,0.0,0.118
205,,-0.118,0.2,0.2,-0.118,-0.082,-0.2,-0.2,-0.082
206,6,-0.059,0.2,0.259,0.082,0.259,0.8,0.141,0.118
207,6,0.0,0.2,0.318,0.282,0.6,1.0,0.482,0.318
208,,-0.2,0.0,0.118,0.082,0.4,0.8,0.282,0.118
209,1,0.8,0.341,0.318,0.141,0.4,0.859,0.482,0.459
210,1,1.0,0.682,0.518,0.2,0.4,0.918,0.682,0.8
211,,0.8,0.482,0.318,0.0,0.2,0.718,0.482,0.6
212,,0.6,0.282,0.118,-0.2,0.0,0.518,0.282,0.4
213,4,0.659,0.482,0.459,0.8,0.341,0.718,0.341,0.4
214,4,0.718,0.682,0.8,1.0,0.682,0.918,0.4,0.4
215,,0.518,0.482,0.6,0.8,0.482,0.718,0.2,0.2
216,,0.318,0.282,0.4,0.6,0.282,0.518,0.0,0.0
217,,0.118,0.082,0.2,0.4,0.082,0.318,-0.2,-0.2
218,7,0.318,0.141,0.2,0.459,0.282,0.659,0.8,0.141
219,7,0.518,0.2,0.2,0.518,0.482,1.0,1.0,0.482
220,,0.318,0.0,0.0,0.318,0.282,0.8,0.8,0.282
221,,0.118,-0.2,-0.2,0.118,0.082,0.6,0.6,0.082
222,2,0.459,0.8,0.141,0.318,0.141,0.6,0.659,0.282
223,2,0.8,1.0,0.482,0.518,0.2,0.6,0.718,0.482
224,,0.6,0.8,0.282,0.318,0.0,0.4,0.518,0.282
225,,0.4,0.6,0.082,0.118,-0.2,0.2,0.318,0.082
226,5,0.4,0.659,0.282,0.459,0.8,0.541,0.518,0.141
227,5,0.4,0.718,0.482,0.8,1.0,0.882,0.718,0.2
228,,0.2,0.518,0.282,0.6,0.8,0.682,0.518,0.0
229,,0.0,0.318,0.082,0.4,0.6,0.482,0.318,-0.2
230,8,0.341,0.518,0.141,0.4,0.659,0.682,0.659,0.8
231,8,0.682,0.718,0.2,0.4,0.718,0.882,1.0,1.0
232,,0.482,0.518,0.0,0.2,0.518,0.682,0.8,0.8
233,,0.282,0.318,-0.2,0.0,0.318,0.482,0.6,0.6
234,3,0.482,0.659,0.8,0.341,0.518,0.541,0.6,0.659
235,3,0.682,1.0,1.0,0.682,0.718,0.6,0.6,0.718
236,,0.482,0.8,0.8,0.482,0.518,0.4,0.4,0.518
237,,0.282,0.6,0.6,0.282,0.318,0.2,0.2,0.318
238,,0.082,0.4,0.4,0.082,0.118,0.0,0.0,0.118
239,,-0.118,0.2,0.2,-0.118,-0.082,-0.2,-0.2,-0.082
240,6,-0.059,0.2,0.259,0.082,0.259,0.8,0.141,0.118
241,6,0.0,0.2,0.318,0.282,0.6,1.0,0.482,0.318
242,,-0.2,0.0,0.118,0.082,0.4,0.8,0.282,0.118
243,1,0.8,0.341,0.318,0.141,0.4,0.859,0.482,0.459
244,1,1.0,0.682,0.518,0.2,0.4,0.918,0.682,0.8
245,,0.8,0.482,0.318,0.0,0.2,0.718,0.482,0.6
246,,0.6,0.282,0.118,-0.2,0.0,0.518,0.282,0.4
247,4,0.659,0.482,0.459,0.8,0.341,0.718,0.341,0.4
248,4,0.718,0.682,0.8,1.0,0.682,0.918,0.4,0.4
249,,0.518,0.482,0.6,0.8,0.482,0.718,0.2,0.2
250,,0.318,0.282,0.4,0.6,0.282,0.518,0.0,0.0
251,,0.118,0.082,0.2,0.4,0.082,0.318,-0.2,-0.2
252,8,0.459,0.282,0.259,0.4,0.141,0.518,0.141,0.8
253,8,0.8,0.482,0.318,0.4,0.2,0.718,0.482,1.0
254,,0.6,0.282,0.118,0.2,0.0,0.518,0.282,0.8
255,,0.4,0.082,-0.082,0.0,-0.2,0.318,0.082,0.6
256,5,0.4,0.141,0.118,0.341,0.8,0.659,0.282,0.659
257,5,0.4,0.2,0.318,0.682,1.0,1.0,0.482,0.718
258,,0.2,0.0,0.118,0.482,0.8,0.8,0.282,0.518
259,,0.0,-0.2,-0.082,0.282,0.6,0.6,0.082,0.318
260,2,0.341,0.8,0.259,0.482,0.659,0.6,0.141,0.518
261,2,0.682,1.0,0.6,0.682,0.718,0.6,0.2,0.718
262,,0.482,0.8,0.4,0.482,0.518,0.4,0.0,0.518
263,,0.282,0.6,0.2,0.282,0.318,0.2,-0.2,0.318
264,7,0.482,0.659,0.2,0.341,0.518,0.541,0.8,0.659
265,7,0.682,0.718,0.2,0.4,0.718,0.882,1.0,1.0
266,,0.482,0.518,0.0,0.2,0.518,0.682,0.8,0.8
267,,0.282,0.318,-0.2,0.0,0.318,0.482,0.6,0.6
268,3,0.482,0.659,0.8,0.341,0.518,0.541,0.6,0.659
269,3,0.682,1.0,1.0,0.682,0.718,0.6,0.6,0.718
270,,0.482,0.8,0.8,0.482,0.518,0.4,0.4,0.518
271,,0.282,0.6,0.6,0.282,0.318,0.2,0.2,0.318
272,,0.082,0.4,0.4,0.082,0.118,0.0,0.0,0.118
273,,-0.118,0.2,0.2,-0.118,-0.082,-0.2,-0.2,-0.082
274,6,-0.059,0.2,0.259,0.082,0.259,0.8,0.141,0.118
275,6,0.0,0.2,0.318,0.282,0.6,1.0,0.482,0.318
276,,-0.2,0.0,0.118,0.082,0.4,0.8,0.282,0.118
277,1,0.8,0.341,0.318,0.141,0.4,0.859,0.482,0.459
278,1,1.0,0.682,0.518,0.2,0.4,0.918,0.682,0.8
279,,0.8,0.482,0.318,0.0,0.2,0.718,0.482,0.6
280,,0.6,0.282,0.118,-0.2,0.0,0.518,0.282,0.4
281,4,0.659,0.482,0.459,0.8,0.341,0.718,0.341,0.4
282,4,0.718,0.682,0.8,1.0,0.682,0.918,0.4,0.4
283,,0.518,0.482,0.6,0.8,0.482,0.718,0.2,0.2
284,,0.318,0.282,0.4,0.6,0.282,0.518,0.0,0.0
285,,0.118,0.082,0.2,0.4,0.082,0.318,-0.2,-0.2
286,8,0.459,0.282,0.259,0.4,0.141,0.518,0.141,0.8
287,8,0.8,0.482,0.318,0.4,0.2,0.718,0.482,1.0
288,,0.6,0.282,0.118,0.2,0.0,0.518,0.282,0.8
289,,0.4,0.082,-0.082,0.0,-0.2,0.318,0.082,0.6
290,5,0.4,0.141,0.118,0.341,0.8,0.659,0.282,0.659
291,5,0.4,0.2,0.318,0.682,1.0,1.0,0.482,0.718
292,,0.2,0.0,0.118,0.482,0.8,0.8,0.282,0.518
293,,0.0,-0.2,-0.082,0.282,0.6,0.6,0.082,0.318
294,2,0.341,0.8,0.259,0.482,0.659,0.6,0.141,0.518
295,2,0.682,1.0,0.6,0.682,0.718,0.6,0.2,0.718
296,,0.482,0.8,0.4,0.482,0.518,0.4,0.0,0.518
297,,0.282,0.6,0.2,0.282,0.318,0.2,-0.2,0.318
298,7,0.482,0.659,0.2,0.341,0.518,0.541,0.8,0.659
299,7,0.682,0.718,0.2,0.4,0.718,0.882,1.0,1.0
300,,0.482,0.518,0.0,0.2,0.518,0.682,0.8,0.8
301,,0.282,0.318,-0.2,0.0,0.318,0.482,0.6,0.6
302,3,0.482,0.659,0.8,0.341,0.518,0.541,0.6,0.659
303,3,0.682,1.0,1.0,0.682,0.718,0.6,0.6,0.718
304,,0.482,0.8,0.8,0.482,0.518,0.4,0.4,0.518
305,,0.282,0.6,0.6,0.282,0.318,0.2,0.2,0.318
306,,0.082,0.4,0.4,0.082,0.118,0.0,0.0,0.118
307,,-0.118,0.2,0.2,-0.118,-0.082,-0.2,-0.2,-0.082
308,7,0.082,0.259,0.2,-0.059,0.118,0.141,0.8,0.259
309,7,0.282,0.318,0.2,0.0,0.318,0.482,1.0,0.6
310,,0.082,0.118,0.0,-0.2,0.118,0.282,0.8,0.4
311,4,0.141,0.318,0.341,0.8,0.459,0.482,0.859,0.4
312,4,0.2,0.518,0.682,1.0,0.8,0.682,0.918,0.4
313,,0.0,0.318,0.482,0.8,0.6,0.482,0.718,0.2
314,,-0.2,0.118,0.282,0.6,0.4,0.282,0.518,0.0
315,1,0.8,0.459,0.482,0.659,0.4,0.341,0.718,0.341
316,1,1.0,0.8,0.682,0.718,0.4,0.4,0.918,0.682
317,,0.8,0.6,0.482,0.518,0.2,0.2,0.718,0.482
318,,0.6,0.4,0.282,0.318,0.0,0.0,0.518,0.282
319,,0.4,0.2,0.082,0.118,-0.2,-0.2,0.318,0.082
320,5,0.4,0.259,0.282,0.459,0.8,0.141,0.518,0.141
321,5,0.4,0.318,0.482,0.8,1.0,0.482,0.718,0.2
322,,0.2,0.118,0.282,0.6,0.8,0.282,0.518,0.0
323,,0.0,-0.082,0.082,0.4,0.6,0.082,0.318,-0.2
324,8,0.341,0.118,0.141,0.4,0.659,0.282,0.659,0.8
325,8,0.682,0.318,0.2,0.4,0.718,0.482,1.0,1.0
326,,0.482,0.118,0.0,0.2,0.518,0.282,0.8,0.8
327,,0.282,-0.082,-0.2,0.0,0.318,0.082,0.6,0.6
328,3,0.482,0.259,0.8,0.341,0.518,0.141,0.6,0.659
329,3,0.682,0.6,1.0,0.682,0.718,0.2,0.6,0.718
330,,0.482,0.4,0.8,0.482,0.518,0.0,0.4,0.518
331,,0.282,0.2,0.6,0.282,0.318,-0.2,0.2,0.318
332,6,0.341,0.2,0.659,0.482,0.659,0.8,0.541,0.518
333,6,0.4,0.2,0.718,0.682,1.0,1.0,0.882,0.718
334,,0.2,0.0,0.518,0.482,0.8,0.8,0.682,0.518
335,,0.0,-0.2,0.318,0.282,0.6,0.6,0.482,0.318
336,2,0.341,0.8,0.659,0.482,0.659,0.6,0.541,0.518
337,2,0.682,1.0,1.0,0.682,0.718,0.6,0.6,0.718
338,,0.482,0.8,0.8,0.482,0.518,0.4,0.4,0.518
339,,0.282,0.6,0.6,0.282,0.318,0.2,0.2,0.318
340,,0.082,0.4,0.4,0.082,0.118,0.0,0.0,0.118
341,,-0.118,0.2,0.2,-0.118,-0.082,-0.2,-0.2,-0.082
342,6,-0.059,0.2,0.259,0.082,0.259,0.8,0.141,0.118
343,6,0.0,0.2,0.318,0.282,0.6,1.0,0.482,0.318
344,,-0.2,0.0,0.118,0.082,0.4,0.8,0.282,0.118
345,1,0.8,0.341,0.318,0.141,0.4,0.859,0.482,0.459
346,1,1.0,0.682,0.518,0.2,0.4,0.918,0.682,0.8
347,,0.8,0.482,0.318,0.0,0.2,0.718,0.482,0.6
348,,0.6,0.282,0.118,-0.2,0.0,0.518,0.282,0.4
349,4,0.659,0.482,0.459,0.8,0.341,0.718,0.341,0.4
350,4,0.718,0.682,0.8,1.0,0.682,0.918,0.4,0.4
351,,0.518,0.482,0.6,0.8,0.482,0.718,0.2,0.2
352,,0.318,0.282,0.4,0.6,0.282,0.518,0.0,0.0
353,,0.118,0.082,0.2,0.4,0.082,0.318,-0.2,-0.2
354,8,0.459,0.282,0.259,0.4,0.141,0.518,0.141,0.8
355,8,0.8,0.482,0.318,0.4,0.2,0.718,0.482,1.0
356,,0.6,0.282,0.118,0.2,0.0,0.518,0.282,0.8
357,,0.4,0.082,-0.082,0.0,-0.2,0.318,0.082,0.6
358,5,0.4,0.141,0.118,0.341,0.8,0.659,0.282,0.659
359,5,0.4,0.2,0.318,0.682,1.0,1.0,0.482,0.718
360,,0.2,0.0,0.118,0.482,0.8,0.8,0.282,0.518
361,,0.0,-0.2,-0.082,0.282,0.6,0.6,0.082,0.318
362,2,0.341,0.8,0.259,0.482,0.659,0.6,0.141,0.518
363,2,0.682,1.0,0.6,0.682,0.718,0.6,0.2,0.718
364,,0.482,0.8,0.4,0.482,0.518,0.4,0.0,0.518
365,,0.282,0.6,0.2,0.282,0.318,0.2,-0.2,0.318
366,7,0.482,0.659,0.2,0.341,0.518,0.541,0.8,0.659
367,7,0.682,0.718,0.2,0.4,0.718,0.882,1.0,1.0
368,,0.482,0.518,0.0,0.2,0.518,0.682,0.8,0.8
369,,0.282,0.318,-0.2,0.0,0.318,0.482,0.6,0.6
370,3,0.482,0.659,0.8,0.341,0.518,0.541,0.6,0.659
371,3,0.682,1.0,1.0,0.682,0.718,0.6,0.6,0.718
372,,0.482,0.8,0.8,0.482,0.518,0.4,0.4,0.518
373,,0.282,0.6,0.6,0.282,0.318,0.2,0.2,0.318
374,,0.082,0.4,0.4,0.082,0.118,0.0,0.0,0.118
375,,-0.118,0.2,0.2,-0.118,-0.082,-0.2,-0.2,-0.082
376,6,-0.059,0.2,0.259,0.082,0.259,0.8,0.141,0.118
377,6,0.0,0.2,0.318,0.282,0.6,1.0,0.482,0.318
378,,-0.2,0.0,0.118,0.082,0.4,0.8,0.282,0.118
379,1,0.8,0.341,0.318,0.141,0.4,0.859,0.482,0.459
380,1,1.0,0.682,0.518,0.2,0.4,0.918,0.682,0.8
381,,0.8,0.482,0.318,0.0,0.2,0.718,0.482,0.6
382,,0.6,0.282,0.118,-0.2,0.0,0.518,0.282,0.4
383,4,0.659,0.482,0.459,0.8,0.341,0.718,0.341,0.4
384,4,0.718,0.682,0.8,1.0,0.682,0.918,0.4,0.4
385,,0.518,0.482,0.6,0.8,0.482,0.718,0.2,0.2
386,,0.318,0.282,0.4,0.6,0.282,0.518,0.0,0.0
387,,0.118,0.082,0.2,0.4,0.082,0.318,-0.2,-0.2
388,7,0.318,0.141,0.2,0.459,0.282,0.659,0.8,0.141
389,7,0.518,0.2,0.2,0.518,0.482,1.0,1.0,0.482
390,,0.318,0.0,0.0,0.318,0.282,0.8,0.8,0.282
391,,0.118,-0.2,-0.2,0.118,0.082,0.6,0.6,0.082
392,3,0.318,0.141,0.8,0.459,0.282,0.659,0.6,0.141
393,3,0.518,0.482,1.0,0.8,0.482,0.718,0.6,0.2
394,,0.318,0.282,0.8,0.6,0.282,0.518,0.4,0.0
395,,0.118,0.082,0.6,0.4,0.082,0.318,0.2,-0.2
396,8,0.459,0.282,0.659,0.4,0.141,0.518,0.541,0.8
397,8,0.8,0.482,0.718,0.4,0.2,0.718,0.882,1.0
398,,0.6,0.282,0.518,0.2,0.0,0.518,0.682,0.8
399,,0.4,0.082,0.318,0.0,-0.2,0.318,0.482,0.6
400,5,0.4,0.141,0.518,0.341,0.8,0.659,0.682,0.659
401,5,0.4,0.2,0.718,0.682,1.0,1.0,0.882,0.718
402,,0.2,0.0,0.518,0.482,0.8,0.8,0.682,0.518
403,,0.0,-0.2,0.318,0.282,0.6,0.6,0.482,0.318
404,2,0.341,0.8,0.659,0.482,0.659,0.6,0.541,0.518
405,2,0.682,1.0,1.0,0.682,0.718,0.6,0.6,0.718
406,,0.482,0.8,0.8,0.482,0.518,0.4,0.4,0.518
407,,0.282,0.6,0.6,0.282,0.318,0.2,0.2,0.318
408,,0.082,0.4,0.4,0.082,0.118,0.0,0.0,0.118
409,,-0.118,0.2,0.2,-0.118,-0.082,-0.2,-0.2,-0.082
410,7,0.082,0.259,0.2,-0.059,0.118,0.141,0.8,0.259
411,7,0.282,0.318,0.2,0.0,0.318,0.482,1.0,0.6
412,,0.082,0.118,0.0,-0.2,0.118,0.282,0.8,0.4
413,4,0.141,0.318,0.341,0.8,0.459,0.482,0.859,0.4
414,4,0.2,0.518,0.682,1.0,0.8,0.682,0.918,0.4
415,,0.0,0.318,0.482,0.8,0.6,0.482,0.718,0.2
416,,-0.2,0.118,0.282,0.6,0.4,0.282,0.518,0.0
417,1,0.8,0.459,0.482,0.659,0.4,0.341,0.718,0.341
418,1,1.0,0.8,0.682,0.718,0.4,0.4,0.918,0.682
419,,0.8,0.6,0.482,0.518,0.2,0.2,0.718,0.482
420,,0.6,0.4,0.282,0.318,0.0,0.0,0.518,0.282
421,,0.4,0.2,0.082,0.118,-0.2,-0.2,0.318,0.082
422,5,0.4,0.259,0.282,0.459,0.8,0.141,0.518,0.141
423,5,0.4,0.318,0.482,0.8,1.0,0.482,0.718,0.2
424,,0.2,0.118,0.282,0.6,0.8,0.282,0.518,0.0
425,,0.0,-0.082,0.082,0.4,0.6,0.082,0.318,-0.2
426,8,0.341,0.118,0.141,0.4,0.659,0.282,0.659,0.8
427,8,0.682,0.318,0.2,0.4,0.718,0.482,1.0,1.0
428,,0.482,0.118,0.0,0.2,0.518,0.282,0.8,0.8
429,,0.282,-0.082,-0.2,0.0,0.318,0.082,0.6,0.6
430,3,0.482,0.259,0.8,0.341,0.518,0.141,0.6,0.659
431,3,0.682,0.6,1.0,0.682,0.718,0.2,0.6,0.718
432,,0.482,0.4,0.8,0.482,0.518,0.0,0.4,0.518
433,,0.282,0.2,0.6,0.282,0.318,-0.2,0.2,0.318
434,6,0.341,0.2,0.659,0.482,0.659,0.8,0.541,0.518
435,6,0.4,0.2,0.718,0.682,1.0,1.0,0.882,0.718
436,,0.2,0.0,0.518,0.482,0.8,0.8,0.682,0.518
437,,0.0,-0.2,0.318,0.282,0.6,0.6,0.482,0.318
438,2,0.341,0.8,0.659,0.482,0.659,0.6,0.541,0.518
439,2,0.682,1.0,1.0,0.682,0.718,0.6,0.6,0.718
440,,0.482,0.8,0.8,0.482,0.518,0.4,0.4,0.518
441,,0.282,0.6,0.6,0.282,0.318,0.2,0.2,0.318
442,,0.082,0.4,0.4,0.082,0.118,0.0,0.0,0.118
443,,-0.118,0.2,0.2,-0.118,-0.082,-0.2,-0.2,-0.082
444,7,0.082,0.259,0.2,-0.059,0.118,0.141,0.8,0.259
445,7,0.282,0.318,0.2,0.0,0.318,0.482,1.0,0.6
446,,0.082,0.118,0.0,-0.2,0.118,0.282,0.8,0.4
447,4,0.141,0.318,0.341,0.8,0.459,0.482,0.859,0.4
448,4,0.2,0.518,0.682,1.0,0.8,0.682,0.918,0.4
449,,0.0,0.318,0.482,0.8,0.6,0.482,0.718,0.2
450,,-0.2,0.118,0.282,0.6,0.4,0.282,0.518,0.0
451,1,0.8,0.459,0.482,0.659,0.4,0.341,0.718,0.341
452,1,1.0,0.8,0.682,0.718,0.4,0.4,0.918,0.682
453,,0.8,0.6,0.482,0.518,0.2,0.2,0.718,0.482
454,,0.6,0.4,0.282,0.318,0.0,0.0,0.518,0.282
455,,0.4,0.2,0.082,0.118,-0.2,-0.2,0.318,0.082
456,5,0.4,0.259,0.282,0.459,0.8,0.141,0.518,0.141
457,5,0.4,0.318,0.482,0.8,1.0,0.482,0.718,0.2
458,,0.2,0.118,0.282,0.6,0.8,0.282,0.518,0.0
459,,0.0,-0.082,0.082,0.4,0.6,0.082,0.318,-0.2
460,8,0.341,0.118,0.141,0.4,0.659,0.282,0.659,0.8
461,8,0.682,0.318,0.2,0.4,0.718,0.482,1.0,1.0
462,,0.482,0.118,0.0,0.2,0.518,0.282,0.8,0.8
463,,0.282,-0.082,-0.2,0.0,0.318,0.082,0.6,0.6
464,3,0.482,0.259,0.8,0.341,0.518,0.141,0.6,0.659
465,3,0.682,0.6,1.0,0.682,0.718,0.2,0.6,0.718
466,,0.482,0.4,0.8,0.482,0.518,0.0,0.4,0.518
467,,0.282,0.2,0.6,0.282,0.318,-0.2,0.2,0.318
468,6,0.341,0.2,0.659,0.482,0.659,0.8,0.541,0.518
469,6,0.4,0.2,0.718,0.682,1.0,1.0,0.882,0.718
470,,0.2,0.0,0.518,0.482,0.8,0.8,0.682,0.518
471,,0.0,-0.2,0.318,0.282,0.6,0.6,0.482,0.318
472,2,0.341,0.8,0.659,0.482,0.659,0.6,0.541,0.518
473,2,0.682,1.0,1.0,0.682,0.718,0.6,0.6,0.718
474,,0.482,0.8,0.8,0.482,0.518,0.4,0.4,0.518
475,,0.282,0.6,0.6,0.282,0.318,0.2,0.2,0.318
476,,0.082,0.4,0.4,0.082,0.118,0.0,0.0,0.118
477,,-0.118,0.2,0.2,-0.118,-0.082,-0.2,-0.2,-0.082
478,6,-0.059,0.2,0.259,0.082,0.259,0.8,0.141,0.118
479,6,0.0,0.2,0.318,0.282,0.6,1.0,0.482,0.318
480,,-0.2,0.0,0.118,0.082,0.4,0.8,0.282,0.118
481,1,0.8,0.341,0.318,0.141,0.4,0.859,0.482,0.459
482,1,1.0,0.682,0.518,0.2,0.4,0.918,0.682,0.8
483,,0.8,0.482,0.318,0.0,0.2,0.718,0.482,0.6
484,,0.6,0.282,0.118,-0.2,0.0,0.518,0.282,0.4
485,4,0.659,0.482,0.459,0.8,0.341,0.718,0.341,0.4
486,4,0.718,0.682,0.8,1.0,0.682,0.918,0.4,0.4
487,,0.518,0.482,0.6,0.8,0.482,0.718,0.2,0.2
488,,0.318,0.282,0.4,0.6,0.282,0.518,0.0,0.0
489,,0.118,0.082,0.2,0.4,0.082,0.318,-0.2,-0.2
490,7,0.318,0.141,0.2,0.459,0.282,0.659,0.8,0.141
491,7,0.518,0.2,0.2,0.518,0.482,1.0,1.0,0.482
492,,0.318,0.0,0.0,0.318,0.282,0.8,0.8,0.282
493,,0.118,-0.2,-0.2,0.118,0.082,0.6,0.6,0.082
494,3,0.318,0.141,0.8,0.459,0.282,0.659,0.6,0.141
495,3,0.518,0.482,1.0,0.8,0.482,0.718,0.6,0.2
496,,0.318,0.282,0.8,0.6,0.282,0.518,0.4,0.0
497,,0.118,0.082,0.6,0.4,0.082,0.318,0.2,-0.2
498,8,0.459,0.282,0.659,0.4,0.141,0.518,0.541,0.8
499,8,0.8,0.482,0.718,0.4,0.2,0.718,0.882,1.0
