step,active_motive,motive_1,motive_2,motive_3,motive_4,motive_5,motive_6,motive_7,motive_8
0,,0.34851,0.35124,0.17975,0.1468,0.40468,0.40506,0.43354,0.45662
1,,0.32851,0.33124,0.15975,0.1268,0.38468,0.38506,0.41354,0.43662
2,,0.30851,0.31124,0.13975,0.1068,0.36468,0.36506,0.39354,0.41662
3,,0.28851,0.29124,0.11975,0.0868,0.34468,0.34506,0.37354,0.39662
4,,0.26851,0.27124,0.09975,0.0668,0.32468,0.32506,0.35354,0.37662
5,,0.24851,0.25124,0.07975,0.0468,0.30468,0.30506,0.33354,0.35662
6,,0.22851,0.23124,0.05975,0.0268,0.28468,0.28506,0.31354,0.33662
7,,0.20851,0.21124,0.03975,0.0068,0.26468,0.26506,0.29354,0.31662
8,,0.18851,0.19124,0.01975,-0.0132,0.24468,0.24506,0.27354,0.29662
9,4,0.12751,0.27124,0.24075,0.9868,0.46568,0.32506,0.21254,0.17662
10,4,0.06651,0.35124,0.46175,1.0,0.68668,0.40506,0.15154,0.05662
11,,0.04651,0.33124,0.44175,0.98,0.66668,0.38506,0.13154,0.03662
12,,0.02651,0.31124,0.42175,0.96,0.64668,0.36506,0.11154,0.01662
13,,0.00651,0.29124,0.40175,0.94,0.62668,0.34506,0.09154,-0.00338
14,8,0.22751,0.37124,0.34075,0.82,0.56568,0.42506,0.31254,0.99662
15,8,0.44851,0.45124,0.27975,0.7,0.50468,0.50506,0.53354,1.0
16,,0.42851,0.43124,0.25975,0.68,0.48468,0.48506,0.51354,0.98
17,,0.40851,0.41124,0.23975,0.66,0.46468,0.46506,0.49354,0.96
18,,0.38851,0.39124,0.21975,0.64,0.44468,0.44506,0.47354,0.94
19,,0.36851,0.37124,0.19975,0.62,0.42468,0.42506,0.45354,0.92
20,,0.34851,0.35124,0.17975,0.6,0.40468,0.40506,0.43354,0.9
21,,0.32851,0.33124,0.15975,0.58,0.38468,0.38506,0.41354,0.88
22,,0.30851,0.31124,0.13975,0.56,0.36468,0.36506,0.39354,0.86
23,,0.28851,0.29124,0.11975,0.54,0.34468,0.34506,0.37354,0.84
24,,0.26851,0.27124,0.09975,0.52,0.32468,0.32506,0.35354,0.82
25,,0.24851,0.25124,0.07975,0.5,0.30468,0.30506,0.33354,0.8
26,,0.22851,0.23124,0.05975,0.48,0.28468,0.28506,0.31354,0.78
27,,0.20851,0.21124,0.03975,0.46,0.26468,0.26506,0.29354,0.76
28,,0.18851,0.19124,0.01975,0.44,0.24468,0.24506,0.27354,0.74
29,,0.16851,0.17124,-0.00025,0.42,0.22468,0.22506,0.25354,0.72
30,3,0.24851,0.39224,0.99975,0.641,0.30468,0.16406,0.13354,0.659
31,3,0.32851,0.61324,1.0,0.862,0.38468,0.10306,0.01354,0.598
32,,0.30851,0.59324,0.98,0.842,0.36468,0.08306,-0.00646,0.578
33,7,0.38851,0.53224,0.86,0.781,0.44468,0.30406,0.99354,0.799
34,7,0.46851,0.47124,0.74,0.72,0.52468,0.52506,1.0,1.0
35,,0.44851,0.45124,0.72,0.7,0.50468,0.50506,0.98,0.98
36,,0.42851,0.43124,0.7,0.68,0.48468,0.48506,0.96,0.96
37,,0.40851,0.41124,0.68,0.66,0.46468,0.46506,0.94,0.94
38,,0.38851,0.39124,0.66,0.64,0.44468,0.44506,0.92,0.92
39,,0.36851,0.37124,0.64,0.62,0.42468,0.42506,0.9,0.9
40,,0.34851,0.35124,0.62,0.6,0.40468,0.40506,0.88,0.88
41,,0.32851,0.33124,0.6,0.58,0.38468,0.38506,0.86,0.86
42,,0.30851,0.31124,0.58,0.56,0.36468,0.36506,0.84,0.84
43,,0.28851,0.29124,0.56,0.54,0.34468,0.34506,0.82,0.82
44,,0.26851,0.27124,0.54,0.52,0.32468,0.32506,0.8,0.8
45,,0.24851,0.25124,0.52,0.5,0.30468,0.30506,0.78,0.78
46,,0.22851,0.23124,0.5,0.48,0.28468,0.28506,0.76,0.76
47,,0.20851,0.21124,0.48,0.46,0.26468,0.26506,0.74,0.74
48,,0.18851,0.19124,0.46,0.44,0.24468,0.24506,0.72,0.72
49,,0.16851,0.17124,0.44,0.42,0.22468,0.22506,0.7,0.7
50,,0.14851,0.15124,0.42,0.4,0.20468,0.20506,0.68,0.68
51,,0.12851,0.13124,0.4,0.38,0.18468,0.18506,0.66,0.66
52,,0.10851,0.11124,0.38,0.36,0.16468,0.16506,0.64,0.64
53,,0.08851,0.09124,0.36,0.34,0.14468,0.14506,0.62,0.62
54,,0.06851,0.07124,0.34,0.32,0.12468,0.12506,0.6,0.6
55,,0.04851,0.05124,0.32,0.3,0.10468,0.10506,0.58,0.58
56,,0.02851,0.03124,0.3,0.28,0.08468,0.08506,0.56,0.56
57,,0.00851,0.01124,0.28,0.26,0.06468,0.06506,0.54,0.54
58,,-0.01149,-0.00876,0.26,0.24,0.04468,0.04506,0.52,0.52
59,1,0.98851,0.21224,0.34,0.179,-0.07532,-0.01594,0.6,0.741
60,1,1.0,0.43324,0.42,0.118,-0.19532,-0.07694,0.68,0.962
61,5,0.88,0.37224,0.5,0.339,0.80468,0.14406,0.76,0.901
62,5,0.76,0.31124,0.58,0.56,1.0,0.36506,0.84,0.84
63,,0.74,0.29124,0.56,0.54,0.98,0.34506,0.82,0.82
64,,0.72,0.27124,0.54,0.52,0.96,0.32506,0.8,0.8
65,,0.7,0.25124,0.52,0.5,0.94,0.30506,0.78,0.78
66,,0.68,0.23124,0.5,0.48,0.92,0.28506,0.76,0.76
67,,0.66,0.21124,0.48,0.46,0.9,0.26506,0.74,0.74
68,,0.64,0.19124,0.46,0.44,0.88,0.24506,0.72,0.72
69,,0.62,0.17124,0.44,0.42,0.86,0.22506,0.7,0.7
70,,0.6,0.15124,0.42,0.4,0.84,0.20506,0.68,0.68
71,,0.58,0.13124,0.4,0.38,0.82,0.18506,0.66,0.66
72,,0.56,0.11124,0.38,0.36,0.8,0.16506,0.64,0.64
73,,0.54,0.09124,0.36,0.34,0.78,0.14506,0.62,0.62
74,,0.52,0.07124,0.34,0.32,0.76,0.12506,0.6,0.6
75,,0.5,0.05124,0.32,0.3,0.74,0.10506,0.58,0.58
76,,0.48,0.03124,0.3,0.28,0.72,0.08506,0.56,0.56
77,,0.46,0.01124,0.28,0.26,0.7,0.06506,0.54,0.54
78,,0.44,-0.00876,0.26,0.24,0.68,0.04506,0.52,0.52
79,2,0.661,0.99124,0.481,0.32,0.619,-0.07494,0.459,0.6
80,2,0.882,1.0,0.702,0.4,0.558,-0.19494,0.398,0.68
81,6,0.821,0.88,0.641,0.48,0.779,0.80506,0.619,0.76
82,6,0.76,0.76,0.58,0.56,1.0,1.0,0.84,0.84
83,,0.74,0.74,0.56,0.54,0.98,0.98,0.82,0.82
84,,0.72,0.72,0.54,0.52,0.96,0.96,0.8,0.8
85,,0.7,0.7,0.52,0.5,0.94,0.94,0.78,0.78
86,,0.68,0.68,0.5,0.48,0.92,0.92,0.76,0.76
87,,0.66,0.66,0.48,0.46,0.9,0.9,0.74,0.74
88,,0.64,0.64,0.46,0.44,0.88,0.88,0.72,0.72
89,,0.62,0.62,0.44,0.42,0.86,0.86,0.7,0.7
90,,0.6,0.6,0.42,0.4,0.84,0.84,0.68,0.68
91,,0.58,0.58,0.4,0.38,0.82,0.82,0.66,0.66
92,,0.56,0.56,0.38,0.36,0.8,0.8,0.64,0.64
93,,0.54,0.54,0.36,0.34,0.78,0.78,0.62,0.62
94,,0.52,0.52,0.34,0.32,0.76,0.76,0.6,0.6
95,,0.5,0.5,0.32,0.3,0.74,0.74,0.58,0.58
96,,0.48,0.48,0.3,0.28,0.72,0.72,0.56,0.56
97,,0.46,0.46,0.28,0.26,0.7,0.7,0.54,0.54
98,,0.44,0.44,0.26,0.24,0.68,0.68,0.52,0.52
99,,0.42,0.42,0.24,0.22,0.66,0.66,0.5,0.5
100,,0.4,0.4,0.22,0.2,0.64,0.64,0.48,0.48
101,,0.38,0.38,0.2,0.18,0.62,0.62,0.46,0.46
102,,0.36,0.36,0.18,0.16,0.6,0.6,0.44,0.44
103,,0.34,0.34,0.16,0.14,0.58,0.58,0.42,0.42
104,,0.32,0.32,0.14,0.12,0.56,0.56,0.4,0.4
105,,0.3,0.3,0.12,0.1,0.54,0.54,0.38,0.38
106,,0.28,0.28,0.1,0.08,0.52,0.52,0.36,0.36
107,,0.26,0.26,0.08,0.06,0.5,0.5,0.34,0.34
108,,0.24,0.24,0.06,0.04,0.48,0.48,0.32,0.32
109,,0.22,0.22,0.04,0.02,0.46,0.46,0.3,0.3
110,,0.2,0.2,0.02,0.0,0.44,0.44,0.28,0.28
111,,0.18,0.18,0.0,-0.02,0.42,0.42,0.26,0.26
112,4,0.119,0.26,0.221,0.98,0.641,0.5,0.199,0.14
113,4,0.058,0.34,0.442,1.0,0.862,0.58,0.138,0.02
114,,0.038,0.32,0.422,0.98,0.842,0.56,0.118,0.0
115,,0.018,0.3,0.402,0.96,0.822,0.54,0.098,-0.02
116,8,0.239,0.38,0.341,0.84,0.761,0.62,0.319,0.98
117,8,0.46,0.46,0.28,0.72,0.7,0.7,0.54,1.0
118,,0.44,0.44,0.26,0.7,0.68,0.68,0.52,0.98
119,,0.42,0.42,0.24,0.68,0.66,0.66,0.5,0.96
120,,0.4,0.4,0.22,0.66,0.64,0.64,0.48,0.94
121,,0.38,0.38,0.2,0.64,0.62,0.62,0.46,0.92
122,,0.36,0.36,0.18,0.62,0.6,0.6,0.44,0.9
123,,0.34,0.34,0.16,0.6,0.58,0.58,0.42,0.88
124,,0.32,0.32,0.14,0.58,0.56,0.56,0.4,0.86
125,,0.3,0.3,0.12,0.56,0.54,0.54,0.38,0.84
126,,0.28,0.28,0.1,0.54,0.52,0.52,0.36,0.82
127,,0.26,0.26,0.08,0.52,0.5,0.5,0.34,0.8
128,,0.24,0.24,0.06,0.5,0.48,0.48,0.32,0.78
129,,0.22,0.22,0.04,0.48,0.46,0.46,0.3,0.76
130,,0.2,0.2,0.02,0.46,0.44,0.44,0.28,0.74
131,,0.18,0.18,0.0,0.44,0.42,0.42,0.26,0.72
132,,0.16,0.16,-0.02,0.42,0.4,0.4,0.24,0.7
133,3,0.24,0.381,0.98,0.641,0.48,0.339,0.12,0.639
134,3,0.32,0.602,1.0,0.862,0.56,0.278,-0.0,0.578
135,,0.3,0.582,0.98,0.842,0.54,0.258,-0.02,0.558
136,7,0.38,0.521,0.86,0.781,0.62,0.479,0.98,0.779
137,7,0.46,0.46,0.74,0.72,0.7,0.7,1.0,1.0
138,,0.44,0.44,0.72,0.7,0.68,0.68,0.98,0.98
139,,0.42,0.42,0.7,0.68,0.66,0.66,0.96,0.96
140,,0.4,0.4,0.68,0.66,0.64,0.64,0.94,0.94
141,,0.38,0.38,0.66,0.64,0.62,0.62,0.92,0.92
142,,0.36,0.36,0.64,0.62,0.6,0.6,0.9,0.9
143,,0.34,0.34,0.62,0.6,0.58,0.58,0.88,0.88
144,,0.32,0.32,0.6,0.58,0.56,0.56,0.86,0.86
145,,0.3,0.3,0.58,0.56,0.54,0.54,0.84,0.84
146,,0.28,0.28,0.56,0.54,0.52,0.52,0.82,0.82
147,,0.26,0.26,0.54,0.52,0.5,0.5,0.8,0.8
148,,0.24,0.24,0.52,0.5,0.48,0.48,0.78,0.78
149,,0.22,0.22,0.5,0.48,0.46,0.46,0.76,0.76
150,,0.2,0.2,0.48,0.46,0.44,0.44,0.74,0.74
151,,0.18,0.18,0.46,0.44,0.42,0.42,0.72,0.72
152,,0.16,0.16,0.44,0.42,0.4,0.4,0.7,0.7
153,,0.14,0.14,0.42,0.4,0.38,0.38,0.68,0.68
154,,0.12,0.12,0.4,0.38,0.36,0.36,0.66,0.66
155,,0.1,0.1,0.38,0.36,0.34,0.34,0.64,0.64
156,,0.08,0.08,0.36,0.34,0.32,0.32,0.62,0.62
157,,0.06,0.06,0.34,0.32,0.3,0.3,0.6,0.6
158,,0.04,0.04,0.32,0.3,0.28,0.28,0.58,0.58
159,,0.02,0.02,0.3,0.28,0.26,0.26,0.56,0.56
160,,0.0,0.0,0.28,0.26,0.24,0.24,0.54,0.54
161,,-0.02,-0.02,0.26,0.24,0.22,0.22,0.52,0.52
162,2,0.201,0.98,0.481,0.32,0.159,0.1,0.459,0.6
163,2,0.422,1.0,0.702,0.4,0.098,-0.02,0.398,0.68
164,6,0.361,0.88,0.641,0.48,0.319,0.98,0.619,0.76
165,6,0.3,0.76,0.58,0.56,0.54,1.0,0.84,0.84
166,,0.28,0.74,0.56,0.54,0.52,0.98,0.82,0.82
167,,0.26,0.72,0.54,0.52,0.5,0.96,0.8,0.8
168,,0.24,0.7,0.52,0.5,0.48,0.94,0.78,0.78
169,,0.22,0.68,0.5,0.48,0.46,0.92,0.76,0.76
170,,0.2,0.66,0.48,0.46,0.44,0.9,0.74,0.74
171,,0.18,0.64,0.46,0.44,0.42,0.88,0.72,0.72
172,,0.16,0.62,0.44,0.42,0.4,0.86,0.7,0.7
173,,0.14,0.6,0.42,0.4,0.38,0.84,0.68,0.68
174,,0.12,0.58,0.4,0.38,0.36,0.82,0.66,0.66
175,,0.1,0.56,0.38,0.36,0.34,0.8,0.64,0.64
176,,0.08,0.54,0.36,0.34,0.32,0.78,0.62,0.62
177,,0.06,0.52,0.34,0.32,0.3,0.76,0.6,0.6
178,,0.04,0.5,0.32,0.3,0.28,0.74,0.58,0.58
179,,0.02,0.48,0.3,0.28,0.26,0.72,0.56,0.56
180,,0.0,0.46,0.28,0.26,0.24,0.7,0.54,0.54
181,,-0.02,0.44,0.26,0.24,0.22,0.68,0.52,0.52
182,1,0.98,0.661,0.34,0.179,0.1,0.619,0.6,0.741
183,1,1.0,0.882,0.42,0.118,-0.02,0.558,0.68,0.962
184,5,0.88,0.821,0.5,0.339,0.98,0.779,0.76,0.901
185,5,0.76,0.76,0.58,0.56,1.0,1.0,0.84,0.84
186,,0.74,0.74,0.56,0.54,0.98,0.98,0.82,0.82
187,,0.72,0.72,0.54,0.52,0.96,0.96,0.8,0.8
188,,0.7,0.7,0.52,0.5,0.94,0.94,0.78,0.78
189,,0.68,0.68,0.5,0.48,0.92,0.92,0.76,0.76
190,,0.66,0.66,0.48,0.46,0.9,0.9,0.74,0.74
191,,0.64,0.64,0.46,0.44,0.88,0.88,0.72,0.72
192,,0.62,0.62,0.44,0.42,0.86,0.86,0.7,0.7
193,,0.6,0.6,0.42,0.4,0.84,0.84,0.68,0.68
194,,0.58,0.58,0.4,0.38,0.82,0.82,0.66,0.66
195,,0.56,0.56,0.38,0.36,0.8,0.8,0.64,0.64
196,,0.54,0.54,0.36,0.34,0.78,0.78,0.62,0.62
197,,0.52,0.52,0.34,0.32,0.76,0.76,0.6,0.6
198,,0.5,0.5,0.32,0.3,0.74,0.74,0.58,0.58
199,,0.48,0.48,0.3,0.28,0.72,0.72,0.56,0.56
200,,0.46,0.46,0.28,0.26,0.7,0.7,0.54,0.54
201,,0.44,0.44,0.26,0.24,0.68,0.68,0.52,0.52
202,,0.42,0.42,0.24,0.22,0.66,0.66,0.5,0.5
203,,0.4,0.4,0.22,0.2,0.64,0.64,0.48,0.48
204,,0.38,0.38,0.2,0.18,0.62,0.62,0.46,0.46
205,,0.36,0.36,0.18,0.16,0.6,0.6,0.44,0.44
206,,0.34,0.34,0.16,0.14,0.58,0.58,0.42,0.42
207,,0.32,0.32,0.14,0.12,0.56,0.56,0.4,0.4
208,,0.3,0.3,0.12,0.1,0.54,0.54,0.38,0.38
209,,0.28,0.28,0.1,0.08,0.52,0.52,0.36,0.36
210,,0.26,0.26,0.08,0.06,0.5,0.5,0.34,0.34
211,,0.24,0.24,0.06,0.04,0.48,0.48,0.32,0.32
212,,0.22,0.22,0.04,0.02,0.46,0.46,0.3,0.3
213,,0.2,0.2,0.02,0.0,0.44,0.44,0.28,0.28
214,,0.18,0.18,0.0,-0.02,0.42,0.42,0.26,0.26
215,4,0.119,0.26,0.221,0.98,0.641,0.5,0.199,0.14
216,4,0.058,0.34,0.442,1.0,0.862,0.58,0.138,0.02
217,,0.038,0.32,0.422,0.98,0.842,0.56,0.118,0.0
218,,0.018,0.3,0.402,0.96,0.822,0.54,0.098,-0.02
219,8,0.239,0.38,0.341,0.84,0.761,0.62,0.319,0.98
220,8,0.46,0.46,0.28,0.72,0.7,0.7,0.54,1.0
221,,0.44,0.44,0.26,0.7,0.68,0.68,0.52,0.98
222,,0.42,0.42,0.24,0.68,0.66,0.66,0.5,0.96
223,,0.4,0.4,0.22,0.66,0.64,0.64,0.48,0.94
224,,0.38,0.38,0.2,0.64,0.62,0.62,0.46,0.92
225,,0.36,0.36,0.18,0.62,0.6,0.6,0.44,0.9
226,,0.34,0.34,0.16,0.6,0.58,0.58,0.42,0.88
227,,0.32,0.32,0.14,0.58,0.56,0.56,0.4,0.86
228,,0.3,0.3,0.12,0.56,0.54,0.54,0.38,0.84
229,,0.28,0.28,0.1,0.54,0.52,0.52,0.36,0.82
230,,0.26,0.26,0.08,0.52,0.5,0.5,0.34,0.8
231,,0.24,0.24,0.06,0.5,0.48,0.48,0.32,0.78
232,,0.22,0.22,0.04,0.48,0.46,0.46,0.3,0.76
233,,0.2,0.2,0.02,0.46,0.44,0.44,0.28,0.74
234,,0.18,0.18,0.0,0.44,0.42,0.42,0.26,0.72
235,,0.16,0.16,-0.02,0.42,0.4,0.4,0.24,0.7
236,3,0.24,0.381,0.98,0.641,0.48,0.339,0.12,0.639
237,3,0.32,0.602,1.0,0.862,0.56,0.278,-0.0,0.578
238,,0.3,0.582,0.98,0.842,0.54,0.258,-0.02,0.558
239,7,0.38,0.521,0.86,0.781,0.62,0.479,0.98,0.779
240,7,0.46,0.46,0.74,0.72,0.7,0.7,1.0,1.0
241,,0.44,0.44,0.72,0.7,0.68,0.68,0.98,0.98
242,,0.42,0.42,0.7,0.68,0.66,0.66,0.96,0.96
243,,0.4,0.4,0.68,0.66,0.64,0.64,0.94,0.94
244,,0.38,0.38,0.66,0.64,0.62,0.62,0.92,0.92
245,,0.36,0.36,0.64,0.62,0.6,0.6,0.9,0.9
246,,0.34,0.34,0.62,0.6,0.58,0.58,0.88,0.88
247,,0.32,0.32,0.6,0.58,0.56,0.56,0.86,0.86
248,,0.3,0.3,0.58,0.56,0.54,0.54,0.84,0.84
249,,0.28,0.28,0.56,0.54,0.52,0.52,0.82,0.82
250,,0.26,0.26,0.54,0.52,0.5,0.5,0.8,0.8
251,,0.24,0.24,0.52,0.5,0.48,0.48,0.78,0.78
252,,0.22,0.22,0.5,0.48,0.46,0.46,0.76,0.76
253,,0.2,0.2,0.48,0.46,0.44,0.44,0.74,0.74
254,,0.18,0.18,0.46,0.44,0.42,0.42,0.72,0.72
255,,0.16,0.16,0.44,0.42,0.4,0.4,0.7,0.7
256,,0.14,0.14,0.42,0.4,0.38,0.38,0.68,0.68
257,,0.12,0.12,0.4,0.38,0.36,0.36,0.66,0.66
258,,0.1,0.1,0.38,0.36,0.34,0.34,0.64,0.64
259,,0.08,0.08,0.36,0.34,0.32,0.32,0.62,0.62
260,,0.06,0.06,0.34,0.32,0.3,0.3,0.6,0.6
261,,0.04,0.04,0.32,0.3,0.28,0.28,0.58,0.58
262,,0.02,0.02,0.3,0.28,0.26,0.26,0.56,0.56
263,,0.0,0.0,0.28,0.26,0.24,0.24,0.54,0.54
264,,-0.02,-0.02,0.26,0.24,0.22,0.22,0.52,0.52
265,1,0.98,0.201,0.34,0.179,0.1,0.159,0.6,0.741
266,1,1.0,0.422,0.42,0.118,-0.02,0.098,0.68,0.962
267,5,0.88,0.361,0.5,0.339,0.98,0.319,0.76,0.901
268,5,0.76,0.3,0.58,0.56,1.0,0.54,0.84,0.84
269,,0.74,0.28,0.56,0.54,0.98,0.52,0.82,0.82
270,,0.72,0.26,0.54,0.52,0.96,0.5,0.8,0.8
271,,0.7,0.24,0.52,0.5,0.94,0.48,0.78,0.78
272,,0.68,0.22,0.5,0.48,0.92,0.46,0.76,0.76
273,,0.66,0.2,0.48,0.46,0.9,0.44,0.74,0.74
274,,0.64,0.18,0.46,0.44,0.88,0.42,0.72,0.72
275,,0.62,0.16,0.44,0.42,0.86,0.4,0.7,0.7
276,,0.6,0.14,0.42,0.4,0.84,0.38,0.68,0.68
277,,0.58,0.12,0.4,0.38,0.82,0.36,0.66,0.66
278,,0.56,0.1,0.38,0.36,0.8,0.34,0.64,0.64
279,,0.54,0.08,0.36,0.34,0.78,0.32,0.62,0.62
280,,0.52,0.06,0.34,0.32,0.76,0.3,0.6,0.6
281,,0.5,0.04,0.32,0.3,0.74,0.28,0.58,0.58
282,,0.48,0.02,0.3,0.28,0.72,0.26,0.56,0.56
283,,0.46,0.0,0.28,0.26,0.7,0.24,0.54,0.54
284,,0.44,-0.02,0.26,0.24,0.68,0.22,0.52,0.52
285,2,0.661,0.98,0.481,0.32,0.619,0.1,0.459,0.6
286,2,0.882,1.0,0.702,0.4,0.558,-0.02,0.398,0.68
287,6,0.821,0.88,0.641,0.48,0.779,0.98,0.619,0.76
288,6,0.76,0.76,0.58,0.56,1.0,1.0,0.84,0.84
289,,0.74,0.74,0.56,0.54,0.98,0.98,0.82,0.82
290,,0.72,0.72,0.54,0.52,0.96,0.96,0.8,0.8
291,,0.7,0.7,0.52,0.5,0.94,0.94,0.78,0.78
292,,0.68,0.68,0.5,0.48,0.92,0.92,0.76,0.76
293,,0.66,0.66,0.48,0.46,0.9,0.9,0.74,0.74
294,,0.64,0.64,0.46,0.44,0.88,0.88,0.72,0.72
295,,0.62,0.62,0.44,0.42,0.86,0.86,0.7,0.7
296,,0.6,0.6,0.42,0.4,0.84,0.84,0.68,0.68
297,,0.58,0.58,0.4,0.38,0.82,0.82,0.66,0.66
298,,0.56,0.56,0.38,0.36,0.8,0.8,0.64,0.64
299,,0.54,0.54,0.36,0.34,0.78,0.78,0.62,0.62
300,,0.52,0.52,0.34,0.32,0.76,0.76,0.6,0.6
301,,0.5,0.5,0.32,0.3,0.74,0.74,0.58,0.58
302,,0.48,0.48,0.3,0.28,0.72,0.72,0.56,0.56
303,,0.46,0.46,0.28,0.26,0.7,0.7,0.54,0.54
304,,0.44,0.44,0.26,0.24,0.68,0.68,0.52,0.52
305,,0.42,0.42,0.24,0.22,0.66,0.66,0.5,0.5
306,,0.4,0.4,0.22,0.2,0.64,0.64,0.48,0.48
307,,0.38,0.38,0.2,0.18,0.62,0.62,0.46,0.46
308,,0.36,0.36,0.18,0.16,0.6,0.6,0.44,0.44
309,,0.34,0.34,0.16,0.14,0.58,0.58,0.42,0.42
310,,0.32,0.32,0.14,0.12,0.56,0.56,0.4,0.4
311,,0.3,0.3,0.12,0.1,0.54,0.54,0.38,0.38
312,,0.28,0.28,0.1,0.08,0.52,0.52,0.36,0.36
313,,0.26,0.26,0.08,0.06,0.5,0.5,0.34,0.34
314,,0.24,0.24,0.06,0.04,0.48,0.48,0.32,0.32
315,,0.22,0.22,0.04,0.02,0.46,0.46,0.3,0.3
316,,0.2,0.2,0.02,0.0,0.44,0.44,0.28,0.28
317,,0.18,0.18,0.0,-0.02,0.42,0.42,0.26,0.26
318,4,0.119,0.26,0.221,0.98,0.641,0.5,0.199,0.14
319,4,0.058,0.34,0.442,1.0,0.862,0.58,0.138,0.02
320,,0.038,0.32,0.422,0.98,0.842,0.56,0.118,0.0
321,,0.018,0.3,0.402,0.96,0.822,0.54,0.098,-0.02
322,8,0.239,0.38,0.341,0.84,0.761,0.62,0.319,0.98
323,8,0.46,0.46,0.28,0.72,0.7,0.7,0.54,1.0
324,,0.44,0.44,0.26,0.7,0.68,0.68,0.52,0.98
325,,0.42,0.42,0.24,0.68,0.66,0.66,0.5,0.96
326,,0.4,0.4,0.22,0.66,0.64,0.64,0.48,0.94
327,,0.38,0.38,0.2,0.64,0.62,0.62,0.46,0.92
328,,0.36,0.36,0.18,0.62,0.6,0.6,0.44,0.9
329,,0.34,0.34,0.16,0.6,0.58,0.58,0.42,0.88
330,,0.32,0.32,0.14,0.58,0.56,0.56,0.4,0.86
331,,0.3,0.3,0.12,0.56,0.54,0.54,0.38,0.84
332,,0.28,0.28,0.1,0.54,0.52,0.52,0.36,0.82
333,,0.26,0.26,0.08,0.52,0.5,0.5,0.34,0.8
334,,0.24,0.24,0.06,0.5,0.48,0.48,0.32,0.78
335,,0.22,0.22,0.04,0.48,0.46,0.46,0.3,0.76
336,,0.2,0.2,0.02,0.46,0.44,0.44,0.28,0.74
337,,0.18,0.18,0.0,0.44,0.42,0.42,0.26,0.72
338,,0.16,0.16,-0.02,0.42,0.4,0.4,0.24,0.7
339,3,0.24,0.381,0.98,0.641,0.48,0.339,0.12,0.639
340,3,0.32,0.602,1.0,0.862,0.56,0.278,-0.0,0.578
341,,0.3,0.582,0.98,0.842,0.54,0.258,-0.02,0.558
342,7,0.38,0.521,0.86,0.781,0.62,0.479,0.98,0.779
343,7,0.46,0.46,0.74,0.72,0.7,0.7,1.0,1.0
344,,0.44,0.44,0.72,0.7,0.68,0.68,0.98,0.98
345,,0.42,0.42,0.7,0.68,0.66,0.66,0.96,0.96
346,,0.4,0.4,0.68,0.66,0.64,0.64,0.94,0.94
347,,0.38,0.38,0.66,0.64,0.62,0.62,0.92,0.92
348,,0.36,0.36,0.64,0.62,0.6,0.6,0.9,0.9
349,,0.34,0.34,0.62,0.6,0.58,0.58,0.88,0.88
350,,0.32,0.32,0.6,0.58,0.56,0.56,0.86,0.86
351,,0.3,0.3,0.58,0.56,0.54,0.54,0.84,0.84
352,,0.28,0.28,0.56,0.54,0.52,0.52,0.82,0.82
353,,0.26,0.26,0.54,0.52,0.5,0.5,0.8,0.8
354,,0.24,0.24,0.52,0.5,0.48,0.48,0.78,0.78
355,,0.22,0.22,0.5,0.48,0.46,0.46,0.76,0.76
356,,0.2,0.2,0.48,0.46,0.44,0.44,0.74,0.74
357,,0.18,0.18,0.46,0.44,0.42,0.42,0.72,0.72
358,,0.16,0.16,0.44,0.42,0.4,0.4,0.7,0.7
359,,0.14,0.14,0.42,0.4,0.38,0.38,0.68,0.68
360,,0.12,0.12,0.4,0.38,0.36,0.36,0.66,0.66
361,,0.1,0.1,0.38,0.36,0.34,0.34,0.64,0.64
362,,0.08,0.08,0.36,0.34,0.32,0.32,0.62,0.62
363,,0.06,0.06,0.34,0.32,0.3,0.3,0.6,0.6
364,,0.04,0.04,0.32,0.3,0.28,0.28,0.58,0.58
365,,0.02,0.02,0.3,0.28,0.26,0.26,0.56,0.56
366,,0.0,0.0,0.28,0.26,0.24,0.24,0.54,0.54
367,,-0.02,-0.02,0.26,0.24,0.22,0.22,0.52,0.52
368,1,0.98,0.201,0.34,0.179,0.1,0.159,0.6,0.741
369,1,1.0,0.422,0.42,0.118,-0.02,0.098,0.68,0.962
370,5,0.88,0.361,0.5,0.339,0.98,0.319,0.76,0.901
371,5,0.76,0.3,0.58,0.56,1.0,0.54,0.84,0.84
372,,0.74,0.28,0.56,0.54,0.98,0.52,0.82,0.82
373,,0.72,0.26,0.54,0.52,0.96,0.5,0.8,0.8
374,,0.7,0.24,0.52,0.5,0.94,0.48,0.78,0.78
375,,0.68,0.22,0.5,0.48,0.92,0.46,0.76,0.76
376,,0.66,0.2,0.48,0.46,0.9,0.44,0.74,0.74
377,,0.64,0.18,0.46,0.44,0.88,0.42,0.72,0.72
378,,0.62,0.16,0.44,0.42,0.86,0.4,0.7,0.7
379,,0.6,0.14,0.42,0.4,0.84,0.38,0.68,0.68
380,,0.58,0.12,0.4,0.38,0.82,0.36,0.66,0.66
381,,0.56,0.1,0.38,0.36,0.8,0.34,0.64,0.64
382,,0.54,0.08,0.36,0.34,0.78,0.32,0.62,0.62
383,,0.52,0.06,0.34,0.32,0.76,0.3,0.6,0.6
384,,0.5,0.04,0.32,0.3,0.74,0.28,0.58,0.58
385,,0.48,0.02,0.3,0.28,0.72,0.26,0.56,0.56
386,,0.46,0.0,0.28,0.26,0.7,0.24,0.54,0.54
387,,0.44,-0.02,0.26,0.24,0.68,0.22,0.52,0.52
388,2,0.661,0.98,0.481,0.32,0.619,0.1,0.459,0.6
389,2,0.882,1.0,0.702,0.4,0.558,-0.02,0.398,0.68
390,6,0.821,0.88,0.641,0.48,0.779,0.98,0.619,0.76
391,6,0.76,0.76,0.58,0.56,1.0,1.0,0.84,0.84
392,,0.74,0.74,0.56,0.54,0.98,0.98,0.82,0.82
393,,0.72,0.72,0.54,0.52,0.96,0.96,0.8,0.8
394,,0.7,0.7,0.52,0.5,0.94,0.94,0.78,0.78
395,,0.68,0.68,0.5,0.48,0.92,0.92,0.76,0.76
396,,0.66,0.66,0.48,0.46,0.9,0.9,0.74,0.74
397,,0.64,0.64,0.46,0.44,0.88,0.88,0.72,0.72
398,,0.62,0.62,0.44,0.42,0.86,0.86,0.7,0.7
399,,0.6,0.6,0.42,0.4,0.84,0.84,0.68,0.68
400,,0.58,0.58,0.4,0.38,0.82,0.82,0.66,0.66
401,,0.56,0.56,0.38,0.36,0.8,0.8,0.64,0.64
402,,0.54,0.54,0.36,0.34,0.78,0.78,0.62,0.62
403,,0.52,0.52,0.34,0.32,0.76,0.76,0.6,0.6
404,,0.5,0.5,0.32,0.3,0.74,0.74,0.58,0.58
405,,0.48,0.48,0.3,0.28,0.72,0.72,0.56,0.56
406,,0.46,0.46,0.28,0.26,0.7,0.7,0.54,0.54
407,,0.44,0.44,0.26,0.24,0.68,0.68,0.52,0.52
408,,0.42,0.42,0.24,0.22,0.66,0.66,0.5,0.5
409,,0.4,0.4,0.22,0.2,0.64,0.64,0.48,0.48
410,,0.38,0.38,0.2,0.18,0.62,0.62,0.46,0.46
411,,0.36,0.36,0.18,0.16,0.6,0.6,0.44,0.44
412,,0.34,0.34,0.16,0.14,0.58,0.58,0.42,0.42
413,,0.32,0.32,0.14,0.12,0.56,0.56,0.4,0.4
414,,0.3,0.3,0.12,0.1,0.54,0.54,0.38,0.38
415,,0.28,0.28,0.1,0.08,0.52,0.52,0.36,0.36
416,,0.26,0.26,0.08,0.06,0.5,0.5,0.34,0.34
417,,0.24,0.24,0.06,0.04,0.48,0.48,0.32,0.32
418,,0.22,0.22,0.04,0.02,0.46,0.46,0.3,0.3
419,,0.2,0.2,0.02,0.0,0.44,0.44,0.28,0.28
420,,0.18,0.18,0.0,-0.02,0.42,0.42,0.26,0.26
421,4,0.119,0.26,0.221,0.98,0.641,0.5,0.199,0.14
422,4,0.058,0.34,0.442,1.0,0.862,0.58,0.138,0.02
423,,0.038,0.32,0.422,0.98,0.842,0.56,0.118,0.0
424,,0.018,0.3,0.402,0.96,0.822,0.54,0.098,-0.02
425,8,0.239,0.38,0.341,0.84,0.761,0.62,0.319,0.98
426,8,0.46,0.46,0.28,0.72,0.7,0.7,0.54,1.0
427,,0.44,0.44,0.26,0.7,0.68,0.68,0.52,0.98
428,,0.42,0.42,0.24,0.68,0.66,0.66,0.5,0.96
429,,0.4,0.4,0.22,0.66,0.64,0.64,0.48,0.94
430,,0.38,0.38,0.2,0.64,0.62,0.62,0.46,0.92
431,,0.36,0.36,0.18,0.62,0.6,0.6,0.44,0.9
432,,0.34,0.34,0.16,0.6,0.58,0.58,0.42,0.88
433,,0.32,0.32,0.14,0.58,0.56,0.56,0.4,0.86
434,,0.3,0.3,0.12,0.56,0.54,0.54,0.38,0.84
435,,0.28,0.28,0.1,0.54,0.52,0.52,0.36,0.82
436,,0.26,0.26,0.08,0.52,0.5,0.5,0.34,0.8
437,,0.24,0.24,0.06,0.5,0.48,0.48,0.32,0.78
438,,0.22,0.22,0.04,0.48,0.46,0.46,0.3,0.76
439,,0.2,0.2,0.02,0.46,0.44,0.44,0.28,0.74
440,,0.18,0.18,0.0,0.44,0.42,0.42,0.26,0.72
441,,0.16,0.16,-0.02,0.42,0.4,0.4,0.24,0.7
442,3,0.24,0.381,0.98,0.641,0.48,0.339,0.12,0.639
443,3,0.32,0.602,1.0,0.862,0.56,0.278,-0.0,0.578
444,,0.3,0.582,0.98,0.842,0.54,0.258,-0.02,0.558
445,7,0.38,0.521,0.86,0.781,0.62,0.479,0.98,0.779
446,7,0.46,0.46,0.74,0.72,0.7,0.7,1.0,1.0
447,,0.44,0.44,0.72,0.7,0.68,0.68,0.98,0.98
448,,0.42,0.42,0.7,0.68,0.66,0.66,0.96,0.96
449,,0.4,0.4,0.68,0.66,0.64,0.64,0.94,0.94
450,,0.38,0.38,0.66,0.64,0.62,0.62,0.92,0.92
451,,0.36,0.36,0.64,0.62,0.6,0.6,0.9,0.9
452,,0.34,0.34,0.62,0.6,0.58,0.58,0.88,0.88
453,,0.32,0.32,0.6,0.58,0.56,0.56,0.86,0.86
454,,0.3,0.3,0.58,0.56,0.54,0.54,0.84,0.84
455,,0.28,0.28,0.56,0.54,0.52,0.52,0.82,0.82
456,,0.26,0.26,0.54,0.52,0.5,0.5,0.8,0.8
457,,0.24,0.24,0.52,0.5,0.48,0.48,0.78,0.78
458,,0.22,0.22,0.5,0.48,0.46,0.46,0.76,0.76
459,,0.2,0.2,0.48,0.46,0.44,0.44,0.74,0.74
460,,0.18,0.18,0.46,0.44,0.42,0.42,0.72,0.72
461,,0.16,0.16,0.44,0.42,0.4,0.4,0.7,0.7
462,,0.14,0.14,0.42,0.4,0.38,0.38,0.68,0.68
463,,0.12,0.12,0.4,0.38,0.36,0.36,0.66,0.66
464,,0.1,0.1,0.38,0.36,0.34,0.34,0.64,0.64
465,,0.08,0.08,0.36,0.34,0.32,0.32,0.62,0.62
466,,0.06,0.06,0.34,0.32,0.3,0.3,0.6,0.6
467,,0.04,0.04,0.32,0.3,0.28,0.28,0.58,0.58
468,,0.02,0.02,0.3,0.28,0.26,0.26,0.56,0.56
469,,0.0,0.0,0.28,0.26,0.24,0.24,0.54,0.54
470,,-0.02,-0.02,0.26,0.24,0.22,0.22,0.52,0.52
471,2,0.201,0.98,0.481,0.32,0.159,0.1,0.459,0.6
472,2,0.422,1.0,0.702,0.4,0.098,-0.02,0.398,0.68
473,6,0.361,0.88,0.641,0.48,0.319,0.98,0.619,0.76
474,6,0.3,0.76,0.58,0.56,0.54,1.0,0.84,0.84
475,,0.28,0.74,0.56,0.54,0.52,0.98,0.82,0.82
476,,0.26,0.72,0.54,0.52,0.5,0.96,0.8,0.8
477,,0.24,0.7,0.52,0.5,0.48,0.94,0.78,0.78
478,,0.22,0.68,0.5,0.48,0.46,0.92,0.76,0.76
479,,0.2,0.66,0.48,0.46,0.44,0.9,0.74,0.74
480,,0.18,0.64,0.46,0.44,0.42,0.88,0.72,0.72
481,,0.16,0.62,0.44,0.42,0.4,0.86,0.7,0.7
482,,0.14,0.6,0.42,0.4,0.38,0.84,0.68,0.68
483,,0.12,0.58,0.4,0.38,0.36,0.82,0.66,0.66
484,,0.1,0.56,0.38,0.36,0.34,0.8,0.64,0.64
485,,0.08,0.54,0.36,0.34,0.32,0.78,0.62,0.62
486,,0.06,0.52,0.34,0.32,0.3,0.76,0.6,0.6
487,,0.04,0.5,0.32,0.3,0.28,0.74,0.58,0.58
488,,0.02,0.48,0.3,0.28,0.26,0.72,0.56,0.56
489,,0.0,0.46,0.28,0.26,0.24,0.7,0.54,0.54
490,,-0.02,0.44,0.26,0.24,0.22,0.68,0.52,0.52
491,1,0.98,0.661,0.34,0.179,0.1,0.619,0.6,0.741
492,1,1.0,0.882,0.42,0.118,-0.02,0.558,0.68,0.962
493,5,0.88,0.821,0.5,0.339,0.98,0.779,0.76,0.901
494,5,0.76,0.76,0.58,0.56,1.0,1.0,0.84,0.84
495,,0.74,0.74,0.56,0.54,0.98,0.98,0.82,0.82
496,,0.72,0.72,0.54,0.52,0.96,0.96,0.8,0.8
497,,0.7,0.7,0.52,0.5,0.94,0.94,0.78,0.78
498,,0.68,0.68,0.5,0.48,0.92,0.92,0.76,0.76
499,,0.66,0.66,0.48,0.46,0.9,0.9,0.74,0.74
500,,0.64,0.64,0.46,0.44,0.88,0.88,0.72,0.72
501,,0.62,0.62,0.44,0.42,0.86,0.86,0.7,0.7
502,,0.6,0.6,0.42,0.4,0.84,0.84,0.68,0.68
503,,0.58,0.58,0.4,0.38,0.82,0.82,0.66,0.66
504,,0.56,0.56,0.38,0.36,0.8,0.8,0.64,0.64
505,,0.54,0.54,0.36,0.34,0.78,0.78,0.62,0.62
506,,0.52,0.52,0.34,0.32,0.76,0.76,0.6,0.6
507,,0.5,0.5,0.32,0.3,0.74,0.74,0.58,0.58
508,,0.48,0.48,0.3,0.28,0.72,0.72,0.56,0.56
509,,0.46,0.46,0.28,0.26,0.7,0.7,0.54,0.54
510,,0.44,0.44,0.26,0.24,0.68,0.68,0.52,0.52
511,,0.42,0.42,0.24,0.22,0.66,0.66,0.5,0.5
512,,0.4,0.4,0.22,0.2,0.64,0.64,0.48,0.48
513,,0.38,0.38,0.2,0.18,0.62,0.62,0.46,0.46
514,,0.36,0.36,0.18,0.16,0.6,0.6,0.44,0.44
515,,0.34,0.34,0.16,0.14,0.58,0.58,0.42,0.42
516,,0.32,0.32,0.14,0.12,0.56,0.56,0.4,0.4
517,,0.3,0.3,0.12,0.1,0.54,0.54,0.38,0.38
518,,0.28,0.28,0.1,0.08,0.52,0.52,0.36,0.36
519,,0.26,0.26,0.08,0.06,0.5,0.5,0.34,0.34
520,,0.24,0.24,0.06,0.04,0.48,0.48,0.32,0.32
521,,0.22,0.22,0.04,0.02,0.46,0.46,0.3,0.3
522,,0.2,0.2,0.02,0.0,0.44,0.44,0.28,0.28
523,,0.18,0.18,0.0,-0.02,0.42,0.42,0.26,0.26
524,4,0.119,0.26,0.221,0.98,0.641,0.5,0.199,0.14
525,4,0.058,0.34,0.442,1.0,0.862,0.58,0.138,0.02
526,,0.038,0.32,0.422,0.98,0.842,0.56,0.118,0.0
527,,0.018,0.3,0.402,0.96,0.822,0.54,0.098,-0.02
528,8,0.239,0.38,0.341,0.84,0.761,0.62,0.319,0.98
529,8,0.46,0.46,0.28,0.72,0.7,0.7,0.54,1.0
530,,0.44,0.44,0.26,0.7,0.68,0.68,0.52,0.98
531,,0.42,0.42,0.24,0.68,0.66,0.66,0.5,0.96
532,,0.4,0.4,0.22,0.66,0.64,0.64,0.48,0.94
533,,0.38,0.38,0.2,0.64,0.62,0.62,0.46,0.92
534,,0.36,0.36,0.18,0.62,0.6,0.6,0.44,0.9
535,,0.34,0.34,0.16,0.6,0.58,0.58,0.42,0.88
536,,0.32,0.32,0.14,0.58,0.56,0.56,0.4,0.86
537,,0.3,0.3,0.12,0.56,0.54,0.54,0.38,0.84
538,,0.28,0.28,0.1,0.54,0.52,0.52,0.36,0.82
539,,0.26,0.26,0.08,0.52,0.5,0.5,0.34,0.8
540,,0.24,0.24,0.06,0.5,0.48,0.48,0.32,0.78
541,,0.22,0.22,0.04,0.48,0.46,0.46,0.3,0.76
542,,0.2,0.2,0.02,0.46,0.44,0.44,0.28,0.74
543,,0.18,0.18,0.0,0.44,0.42,0.42,0.26,0.72
544,,0.16,0.16,-0.02,0.42,0.4,0.4,0.24,0.7
545,3,0.24,0.381,0.98,0.641,0.48,0.339,0.12,0.639
546,3,0.32,0.602,1.0,0.862,0.56,0.278,-0.0,0.578
547,,0.3,0.582,0.98,0.842,0.54,0.258,-0.02,0.558
548,7,0.38,0.521,0.86,0.781,0.62,0.479,0.98,0.779
549,7,0.46,0.46,0.74,0.72,0.7,0.7,1.0,1.0
550,,0.44,0.44,0.72,0.7,0.68,0.68,0.98,0.98
551,,0.42,0.42,0.7,0.68,0.66,0.66,0.96,0.96
552,,0.4,0.4,0.68,0.66,0.64,0.64,0.94,0.94
553,,0.38,0.38,0.66,0.64,0.62,0.62,0.92,0.92
554,,0.36,0.36,0.64,0.62,0.6,0.6,0.9,0.9
555,,0.34,0.34,0.62,0.6,0.58,0.58,0.88,0.88
556,,0.32,0.32,0.6,0.58,0.56,0.56,0.86,0.86
557,,0.3,0.3,0.58,0.56,0.54,0.54,0.84,0.84
558,,0.28,0.28,0.56,0.54,0.52,0.52,0.82,0.82
559,,0.26,0.26,0.54,0.52,0.5,0.5,0.8,0.8
560,,0.24,0.24,0.52,0.5,0.48,0.48,0.78,0.78
561,,0.22,0.22,0.5,0.48,0.46,0.46,0.76,0.76
562,,0.2,0.2,0.48,0.46,0.44,0.44,0.74,0.74
563,,0.18,0.18,0.46,0.44,0.42,0.42,0.72,0.72
564,,0.16,0.16,0.44,0.42,0.4,0.4,0.7,0.7
565,,0.14,0.14,0.42,0.4,0.38,0.38,0.68,0.68
566,,0.12,0.12,0.4,0.38,0.36,0.36,0.66,0.66
567,,0.1,0.1,0.38,0.36,0.34,0.34,0.64,0.64
568,,0.08,0.08,0.36,0.34,0.32,0.32,0.62,0.62
569,,0.06,0.06,0.34,0.32,0.3,0.3,0.6,0.6
570,,0.04,0.04,0.32,0.3,0.28,0.28,0.58,0.58
571,,0.02,0.02,0.3,0.28,0.26,0.26,0.56,0.56
572,,0.0,0.0,0.28,0.26,0.24,0.24,0.54,0.54
573,,-0.02,-0.02,0.26,0.24,0.22,0.22,0.52,0.52
574,1,0.98,0.201,0.34,0.179,0.1,0.159,0.6,0.741
575,1,1.0,0.422,0.42,0.118,-0.02,0.098,0.68,0.962
576,5,0.88,0.361,0.5,0.339,0.98,0.319,0.76,0.901
577,5,0.76,0.3,0.58,0.56,1.0,0.54,0.84,0.84
578,,0.74,0.28,0.56,0.54,0.98,0.52,0.82,0.82
579,,0.72,0.26,0.54,0.52,0.96,0.5,0.8,0.8
580,,0.7,0.24,0.52,0.5,0.94,0.48,0.78,0.78
581,,0.68,0.22,0.5,0.48,0.92,0.46,0.76,0.76
582,,0.66,0.2,0.48,0.46,0.9,0.44,0.74,0.74
583,,0.64,0.18,0.46,0.44,0.88,0.42,0.72,0.72
584,,0.62,0.16,0.44,0.42,0.86,0.4,0.7,0.7
585,,0.6,0.14,0.42,0.4,0.84,0.38,0.68,0.68
586,,0.58,0.12,0.4,0.38,0.82,0.36,0.66,0.66
587,,0.56,0.1,0.38,0.36,0.8,0.34,0.64,0.64
588,,0.54,0.08,0.36,0.34,0.78,0.32,0.62,0.62
589,,0.52,0.06,0.34,0.32,0.76,0.3,0.6,0.6
590,,0.5,0.04,0.32,0.3,0.74,0.28,0.58,0.58
591,,0.48,0.02,0.3,0.28,0.72,0.26,0.56,0.56
592,,0.46,0.0,0.28,0.26,0.7,0.24,0.54,0.54
593,,0.44,-0.02,0.26,0.24,0.68,0.22,0.52,0.52
594,2,0.661,0.98,0.481,0.32,0.619,0.1,0.459,0.6
595,2,0.882,1.0,0.702,0.4,0.558,-0.02,0.398,0.68
596,6,0.821,0.88,0.641,0.48,0.779,0.98,0.619,0.76
597,6,0.76,0.76,0.58,0.56,1.0,1.0,0.84,0.84
598,,0.74,0.74,0.56,0.54,0.98,0.98,0.82,0.82
599,,0.72,0.72,0.54,0.52,0.96,0.96,0.8,0.8
600,,0.7,0.7,0.52,0.5,0.94,0.94,0.78,0.78
601,,0.68,0.68,0.5,0.48,0.92,0.92,0.76,0.76
602,,0.66,0.66,0.48,0.46,0.9,0.9,0.74,0.74
603,,0.64,0.64,0.46,0.44,0.88,0.88,0.72,0.72
604,,0.62,0.62,0.44,0.42,0.86,0.86,0.7,0.7
605,,0.6,0.6,0.42,0.4,0.84,0.84,0.68,0.68
606,,0.58,0.58,0.4,0.38,0.82,0.82,0.66,0.66
607,,0.56,0.56,0.38,0.36,0.8,0.8,0.64,0.64
608,,0.54,0.54,0.36,0.34,0.78,0.78,0.62,0.62
609,,0.52,0.52,0.34,0.32,0.76,0.76,0.6,0.6
610,,0.5,0.5,0.32,0.3,0.74,0.74,0.58,0.58
611,,0.48,0.48,0.3,0.28,0.72,0.72,0.56,0.56
612,,0.46,0.46,0.28,0.26,0.7,0.7,0.54,0.54
613,,0.44,0.44,0.26,0.24,0.68,0.68,0.52,0.52
614,,0.42,0.42,0.24,0.22,0.66,0.66,0.5,0.5
615,,0.4,0.4,0.22,0.2,0.64,0.64,0.48,0.48
616,,0.38,0.38,0.2,0.18,0.62,0.62,0.46,0.46
617,,0.36,0.36,0.18,0.16,0.6,0.6,0.44,0.44
618,,0.34,0.34,0.16,0.14,0.58,0.58,0.42,0.42
619,,0.32,0.32,0.14,0.12,0.56,0.56,0.4,0.4
620,,0.3,0.3,0.12,0.1,0.54,0.54,0.38,0.38
621,,0.28,0.28,0.1,0.08,0.52,0.52,0.36,0.36
622,,0.26,0.26,0.08,0.06,0.5,0.5,0.34,0.34
623,,0.24,0.24,0.06,0.04,0.48,0.48,0.32,0.32
624,,0.22,0.22,0.04,0.02,0.46,0.46,0.3,0.3
625,,0.2,0.2,0.02,0.0,0.44,0.44,0.28,0.28
626,,0.18,0.18,0.0,-0.02,0.42,0.42,0.26,0.26
627,4,0.119,0.26,0.221,0.98,0.641,0.5,0.199,0.14
628,4,0.058,0.34,0.442,1.0,0.862,0.58,0.138,0.02
629,,0.038,0.32,0.422,0.98,0.842,0.56,0.118,0.0
630,,0.018,0.3,0.402,0.96,0.822,0.54,0.098,-0.02
631,8,0.239,0.38,0.341,0.84,0.761,0.62,0.319,0.98
632,8,0.46,0.46,0.28,0.72,0.7,0.7,0.54,1.0
633,,0.44,0.44,0.26,0.7,0.68,0.68,0.52,0.98
634,,0.42,0.42,0.24,0.68,0.66,0.66,0.5,0.96
635,,0.4,0.4,0.22,0.66,0.64,0.64,0.48,0.94
636,,0.38,0.38,0.2,0.64,0.62,0.62,0.46,0.92
637,,0.36,0.36,0.18,0.62,0.6,0.6,0.44,0.9
638,,0.34,0.34,0.16,0.6,0.58,0.58,0.42,0.88
639,,0.32,0.32,0.14,0.58,0.56,0.56,0.4,0.86
640,,0.3,0.3,0.12,0.56,0.54,0.54,0.38,0.84
641,,0.28,0.28,0.1,0.54,0.52,0.52,0.36,0.82
642,,0.26,0.26,0.08,0.52,0.5,0.5,0.34,0.8
643,,0.24,0.24,0.06,0.5,0.48,0.48,0.32,0.78
644,,0.22,0.22,0.04,0.48,0.46,0.46,0.3,0.76
645,,0.2,0.2,0.02,0.46,0.44,0.44,0.28,0.74
646,,0.18,0.18,0.0,0.44,0.42,0.42,0.26,0.72
647,,0.16,0.16,-0.02,0.42,0.4,0.4,0.24,0.7
648,3,0.24,0.381,0.98,0.641,0.48,0.339,0.12,0.639
649,3,0.32,0.602,1.0,0.862,0.56,0.278,-0.0,0.578
650,,0.3,0.582,0.98,0.842,0.54,0.258,-0.02,0.558
651,7,0.38,0.521,0.86,0.781,0.62,0.479,0.98,0.779
652,7,0.46,0.46,0.74,0.72,0.7,0.7,1.0,1.0
653,,0.44,0.44,0.72,0.7,0.68,0.68,0.98,0.98
654,,0.42,0.42,0.7,0.68,0.66,0.66,0.96,0.96
655,,0.4,0.4,0.68,0.66,0.64,0.64,0.94,0.94
656,,0.38,0.38,0.66,0.64,0.62,0.62,0.92,0.92
657,,0.36,0.36,0.64,0.62,0.6,0.6,0.9,0.9
658,,0.34,0.34,0.62,0.6,0.58,0.58,0.88,0.88
659,,0.32,0.32,0.6,0.58,0.56,0.56,0.86,0.86
660,,0.3,0.3,0.58,0.56,0.54,0.54,0.84,0.84
661,,0.28,0.28,0.56,0.54,0.52,0.52,0.82,0.82
662,,0.26,0.26,0.54,0.52,0.5,0.5,0.8,0.8
663,,0.24,0.24,0.52,0.5,0.48,0.48,0.78,0.78
664,,0.22,0.22,0.5,0.48,0.46,0.46,0.76,0.76
665,,0.2,0.2,0.48,0.46,0.44,0.44,0.74,0.74
666,,0.18,0.18,0.46,0.44,0.42,0.42,0.72,0.72
667,,0.16,0.16,0.44,0.42,0.4,0.4,0.7,0.7
668,,0.14,0.14,0.42,0.4,0.38,0.38,0.68,0.68
669,,0.12,0.12,0.4,0.38,0.36,0.36,0.66,0.66
670,,0.1,0.1,0.38,0.36,0.34,0.34,0.64,0.64
671,,0.08,0.08,0.36,0.34,0.32,0.32,0.62,0.62
672,,0.06,0.06,0.34,0.32,0.3,0.3,0.6,0.6
673,,0.04,0.04,0.32,0.3,0.28,0.28,0.58,0.58
674,,0.02,0.02,0.3,0.28,0.26,0.26,0.56,0.56
675,,0.0,0.0,0.28,0.26,0.24,0.24,0.54,0.54
676,,-0.02,-0.02,0.26,0.24,0.22,0.22,0.52,0.52
677,2,0.201,0.98,0.481,0.32,0.159,0.1,0.459,0.6
678,2,0.422,1.0,0.702,0.4,0.098,-0.02,0.398,0.68
679,6,0.361,0.88,0.641,0.48,0.319,0.98,0.619,0.76
680,6,0.3,0.76,0.58,0.56,0.54,1.0,0.84,0.84
681,,0.28,0.74,0.56,0.54,0.52,0.98,0.82,0.82
682,,0.26,0.72,0.54,0.52,0.5,0.96,0.8,0.8
683,,0.24,0.7,0.52,0.5,0.48,0.94,0.78,0.78
684,,0.22,0.68,0.5,0.48,0.46,0.92,0.76,0.76
685,,0.2,0.66,0.48,0.46,0.44,0.9,0.74,0.74
686,,0.18,0.64,0.46,0.44,0.42,0.88,0.72,0.72
687,,0.16,0.62,0.44,0.42,0.4,0.86,0.7,0.7
688,,0.14,0.6,0.42,0.4,0.38,0.84,0.68,0.68
689,,0.12,0.58,0.4,0.38,0.36,0.82,0.66,0.66
690,,0.1,0.56,0.38,0.36,0.34,0.8,0.64,0.64
691,,0.08,0.54,0.36,0.34,0.32,0.78,0.62,0.62
692,,0.06,0.52,0.34,0.32,0.3,0.76,0.6,0.6
693,,0.04,0.5,0.32,0.3,0.28,0.74,0.58,0.58
694,,0.02,0.48,0.3,0.28,0.26,0.72,0.56,0.56
695,,0.0,0.46,0.28,0.26,0.24,0.7,0.54,0.54
696,,-0.02,0.44,0.26,0.24,0.22,0.68,0.52,0.52
697,1,0.98,0.661,0.34,0.179,0.1,0.619,0.6,0.741
698,1,1.0,0.882,0.42,0.118,-0.02,0.558,0.68,0.962
699,5,0.88,0.821,0.5,0.339,0.98,0.779,0.76,0.901
700,5,0.76,0.76,0.58,0.56,1.0,1.0,0.84,0.84
701,,0.74,0.74,0.56,0.54,0.98,0.98,0.82,0.82
702,,0.72,0.72,0.54,0.52,0.96,0.96,0.8,0.8
703,,0.7,0.7,0.52,0.5,0.94,0.94,0.78,0.78
704,,0.68,0.68,0.5,0.48,0.92,0.92,0.76,0.76
705,,0.66,0.66,0.48,0.46,0.9,0.9,0.74,0.74
706,,0.64,0.64,0.46,0.44,0.88,0.88,0.72,0.72
707,,0.62,0.62,0.44,0.42,0.86,0.86,0.7,0.7
708,,0.6,0.6,0.42,0.4,0.84,0.84,0.68,0.68
709,,0.58,0.58,0.4,0.38,0.82,0.82,0.66,0.66
710,,0.56,0.56,0.38,0.36,0.8,0.8,0.64,0.64
711,,0.54,0.54,0.36,0.34,0.78,0.78,0.62,0.62
712,,0.52,0.52,0.34,0.32,0.76,0.76,0.6,0.6
713,,0.5,0.5,0.32,0.3,0.74,0.74,0.58,0.58
714,,0.48,0.48,0.3,0.28,0.72,0.72,0.56,0.56
715,,0.46,0.46,0.28,0.26,0.7,0.7,0.54,0.54
716,,0.44,0.44,0.26,0.24,0.68,0.68,0.52,0.52
717,,0.42,0.42,0.24,0.22,0.66,0.66,0.5,0.5
718,,0.4,0.4,0.22,0.2,0.64,0.64,0.48,0.48
719,,0.38,0.38,0.2,0.18,0.62,0.62,0.46,0.46
720,,0.36,0.36,0.18,0.16,0.6,0.6,0.44,0.44
721,,0.34,0.34,0.16,0.14,0.58,0.58,0.42,0.42
722,,0.32,0.32,0.14,0.12,0.56,0.56,0.4,0.4
723,,0.3,0.3,0.12,0.1,0.54,0.54,0.38,0.38
724,,0.28,0.28,0.1,0.08,0.52,0.52,0.36,0.36
725,,0.26,0.26,0.08,0.06,0.5,0.5,0.34,0.34
726,,0.24,0.24,0.06,0.04,0.48,0.48,0.32,0.32
727,,0.22,0.22,0.04,0.02,0.46,0.46,0.3,0.3
728,,0.2,0.2,0.02,0.0,0.44,0.44,0.28,0.28
729,,0.18,0.18,0.0,-0.02,0.42,0.42,0.26,0.26
730,4,0.119,0.26,0.221,0.98,0.641,0.5,0.199,0.14
731,4,0.058,0.34,0.442,1.0,0.862,0.58,0.138,0.02
732,,0.038,0.32,0.422,0.98,0.842,0.56,0.118,0.0
733,,0.018,0.3,0.402,0.96,0.822,0.54,0.098,-0.02
734,8,0.239,0.38,0.341,0.84,0.761,0.62,0.319,0.98
735,8,0.46,0.46,0.28,0.72,0.7,0.7,0.54,1.0
736,,0.44,0.44,0.26,0.7,0.68,0.68,0.52,0.98
737,,0.42,0.42,0.24,0.68,0.66,0.66,0.5,0.96
738,,0.4,0.4,0.22,0.66,0.64,0.64,0.48,0.94
739,,0.38,0.38,0.2,0.64,0.62,0.62,0.46,0.92
740,,0.36,0.36,0.18,0.62,0.6,0.6,0.44,0.9
741,,0.34,0.34,0.16,0.6,0.58,0.58,0.42,0.88
742,,0.32,0.32,0.14,0.58,0.56,0.56,0.4,0.86
743,,0.3,0.3,0.12,0.56,0.54,0.54,0.38,0.84
744,,0.28,0.28,0.1,0.54,0.52,0.52,0.36,0.82
745,,0.26,0.26,0.08,0.52,0.5,0.5,0.34,0.8
746,,0.24,0.24,0.06,0.5,0.48,0.48,0.32,0.78
747,,0.22,0.22,0.04,0.48,0.46,0.46,0.3,0.76
748,,0.2,0.2,0.02,0.46,0.44,0.44,0.28,0.74
749,,0.18,0.18,0.0,0.44,0.42,0.42,0.26,0.72
750,,0.16,0.16,-0.02,0.42,0.4,0.4,0.24,0.7
751,3,0.24,0.381,0.98,0.641,0.48,0.339,0.12,0.639
752,3,0.32,0.602,1.0,0.862,0.56,0.278,-0.0,0.578
753,,0.3,0.582,0.98,0.842,0.54,0.258,-0.02,0.558
754,7,0.38,0.521,0.86,0.781,0.62,0.479,0.98,0.779
755,7,0.46,0.46,0.74,0.72,0.7,0.7,1.0,1.0
756,,0.44,0.44,0.72,0.7,0.68,0.68,0.98,0.98
757,,0.42,0.42,0.7,0.68,0.66,0.66,0.96,0.96
758,,0.4,0.4,0.68,0.66,0.64,0.64,0.94,0.94
759,,0.38,0.38,0.66,0.64,0.62,0.62,0.92,0.92
760,,0.36,0.36,0.64,0.62,0.6,0.6,0.9,0.9
761,,0.34,0.34,0.62,0.6,0.58,0.58,0.88,0.88
762,,0.32,0.32,0.6,0.58,0.56,0.56,0.86,0.86
763,,0.3,0.3,0.58,0.56,0.54,0.54,0.84,0.84
764,,0.28,0.28,0.56,0.54,0.52,0.52,0.82,0.82
765,,0.26,0.26,0.54,0.52,0.5,0.5,0.8,0.8
766,,0.24,0.24,0.52,0.5,0.48,0.48,0.78,0.78
767,,0.22,0.22,0.5,0.48,0.46,0.46,0.76,0.76
768,,0.2,0.2,0.48,0.46,0.44,0.44,0.74,0.74
769,,0.18,0.18,0.46,0.44,0.42,0.42,0.72,0.72
770,,0.16,0.16,0.44,0.42,0.4,0.4,0.7,0.7
771,,0.14,0.14,0.42,0.4,0.38,0.38,0.68,0.68
772,,0.12,0.12,0.4,0.38,0.36,0.36,0.66,0.66
773,,0.1,0.1,0.38,0.36,0.34,0.34,0.64,0.64
774,,0.08,0.08,0.36,0.34,0.32,0.32,0.62,0.62
775,,0.06,0.06,0.34,0.32,0.3,0.3,0.6,0.6
776,,0.04,0.04,0.32,0.3,0.28,0.28,0.58,0.58
777,,0.02,0.02,0.3,0.28,0.26,0.26,0.56,0.56
778,,0.0,0.0,0.28,0.26,0.24,0.24,0.54,0.54
779,,-0.02,-0.02,0.26,0.24,0.22,0.22,0.52,0.52
780,1,0.98,0.201,0.34,0.179,0.1,0.159,0.6,0.741
781,1,1.0,0.422,0.42,0.118,-0.02,0.098,0.68,0.962
782,5,0.88,0.361,0.5,0.339,0.98,0.319,0.76,0.901
783,5,0.76,0.3,0.58,0.56,1.0,0.54,0.84,0.84
784,,0.74,0.28,0.56,0.54,0.98,0.52,0.82,0.82
785,,0.72,0.26,0.54,0.52,0.96,0.5,0.8,0.8
786,,0.7,0.24,0.52,0.5,0.94,0.48,0.78,0.78
787,,0.68,0.22,0.5,0.48,0.92,0.46,0.76,0.76
788,,0.66,0.2,0.48,0.46,0.9,0.44,0.74,0.74
789,,0.64,0.18,0.46,0.44,0.88,0.42,0.72,0.72
790,,0.62,0.16,0.44,0.42,0.86,0.4,0.7,0.7
791,,0.6,0.14,0.42,0.4,0.84,0.38,0.68,0.68
792,,0.58,0.12,0.4,0.38,0.82,0.36,0.66,0.66
793,,0.56,0.1,0.38,0.36,0.8,0.34,0.64,0.64
794,,0.54,0.08,0.36,0.34,0.78,0.32,0.62,0.62
795,,0.52,0.06,0.34,0.32,0.76,0.3,0.6,0.6
796,,0.5,0.04,0.32,0.3,0.74,0.28,0.58,0.58
797,,0.48,0.02,0.3,0.28,0.72,0.26,0.56,0.56
798,,0.46,0.0,0.28,0.26,0.7,0.24,0.54,0.54
799,,0.44,-0.02,0.26,0.24,0.68,0.22,0.52,0.52
800,2,0.661,0.98,0.481,0.32,0.619,0.1,0.459,0.6
801,2,0.882,1.0,0.702,0.4,0.558,-0.02,0.398,0.68
802,6,0.821,0.88,0.641,0.48,0.779,0.98,0.619,0.76
803,6,0.76,0.76,0.58,0.56,1.0,1.0,0.84,0.84
804,,0.74,0.74,0.56,0.54,0.98,0.98,0.82,0.82
805,,0.72,0.72,0.54,0.52,0.96,0.96,0.8,0.8
806,,0.7,0.7,0.52,0.5,0.94,0.94,0.78,0.78
807,,0.68,0.68,0.5,0.48,0.92,0.92,0.76,0.76
808,,0.66,0.66,0.48,0.46,0.9,0.9,0.74,0.74
809,,0.64,0.64,0.46,0.44,0.88,0.88,0.72,0.72
810,,0.62,0.62,0.44,0.42,0.86,0.86,0.7,0.7
811,,0.6,0.6,0.42,0.4,0.84,0.84,0.68,0.68
812,,0.58,0.58,0.4,0.38,0.82,0.82,0.66,0.66
813,,0.56,0.56,0.38,0.36,0.8,0.8,0.64,0.64
814,,0.54,0.54,0.36,0.34,0.78,0.78,0.62,0.62
815,,0.52,0.52,0.34,0.32,0.76,0.76,0.6,0.6
816,,0.5,0.5,0.32,0.3,0.74,0.74,0.58,0.58
817,,0.48,0.48,0.3,0.28,0.72,0.72,0.56,0.56
818,,0.46,0.46,0.28,0.26,0.7,0.7,0.54,0.54
819,,0.44,0.44,0.26,0.24,0.68,0.68,0.52,0.52
820,,0.42,0.42,0.24,0.22,0.66,0.66,0.5,0.5
821,,0.4,0.4,0.22,0.2,0.64,0.64,0.48,0.48
822,,0.38,0.38,0.2,0.18,0.62,0.62,0.46,0.46
823,,0.36,0.36,0.18,0.16,0.6,0.6,0.44,0.44
824,,0.34,0.34,0.16,0.14,0.58,0.58,0.42,0.42
825,,0.32,0.32,0.14,0.12,0.56,0.56,0.4,0.4
826,,0.3,0.3,0.12,0.1,0.54,0.54,0.38,0.38
827,,0.28,0.28,0.1,0.08,0.52,0.52,0.36,0.36
828,,0.26,0.26,0.08,0.06,0.5,0.5,0.34,0.34
829,,0.24,0.24,0.06,0.04,0.48,0.48,0.32,0.32
830,,0.22,0.22,0.04,0.02,0.46,0.46,0.3,0.3
831,,0.2,0.2,0.02,0.0,0.44,0.44,0.28,0.28
832,,0.18,0.18,0.0,-0.02,0.42,0.42,0.26,0.26
833,4,0.119,0.26,0.221,0.98,0.641,0.5,0.199,0.14
834,4,0.058,0.34,0.442,1.0,0.862,0.58,0.138,0.02
835,,0.038,0.32,0.422,0.98,0.842,0.56,0.118,0.0
836,,0.018,0.3,0.402,0.96,0.822,0.54,0.098,-0.02
837,8,0.239,0.38,0.341,0.84,0.761,0.62,0.319,0.98
838,8,0.46,0.46,0.28,0.72,0.7,0.7,0.54,1.0
839,,0.44,0.44,0.26,0.7,0.68,0.68,0.52,0.98
840,,0.42,0.42,0.24,0.68,0.66,0.66,0.5,0.96
841,,0.4,0.4,0.22,0.66,0.64,0.64,0.48,0.94
842,,0.38,0.38,0.2,0.64,0.62,0.62,0.46,0.92
843,,0.36,0.36,0.18,0.62,0.6,0.6,0.44,0.9
844,,0.34,0.34,0.16,0.6,0.58,0.58,0.42,0.88
845,,0.32,0.32,0.14,0.58,0.56,0.56,0.4,0.86
846,,0.3,0.3,0.12,0.56,0.54,0.54,0.38,0.84
847,,0.28,0.28,0.1,0.54,0.52,0.52,0.36,0.82
848,,0.26,0.26,0.08,0.52,0.5,0.5,0.34,0.8
849,,0.24,0.24,0.06,0.5,0.48,0.48,0.32,0.78
850,,0.22,0.22,0.04,0.48,0.46,0.46,0.3,0.76
851,,0.2,0.2,0.02,0.46,0.44,0.44,0.28,0.74
852,,0.18,0.18,0.0,0.44,0.42,0.42,0.26,0.72
853,,0.16,0.16,-0.02,0.42,0.4,0.4,0.24,0.7
854,3,0.24,0.381,0.98,0.641,0.48,0.339,0.12,0.639
855,3,0.32,0.602,1.0,0.862,0.56,0.278,-0.0,0.578
856,,0.3,0.582,0.98,0.842,0.54,0.258,-0.02,0.558
857,7,0.38,0.521,0.86,0.781,0.62,0.479,0.98,0.779
858,7,0.46,0.46,0.74,0.72,0.7,0.7,1.0,1.0
859,,0.44,0.44,0.72,0.7,0.68,0.68,0.98,0.98
860,,0.42,0.42,0.7,0.68,0.66,0.66,0.96,0.96
861,,0.4,0.4,0.68,0.66,0.64,0.64,0.94,0.94
862,,0.38,0.38,0.66,0.64,0.62,0.62,0.92,0.92
863,,0.36,0.36,0.64,0.62,0.6,0.6,0.9,0.9
864,,0.34,0.34,0.62,0.6,0.58,0.58,0.88,0.88
865,,0.32,0.32,0.6,0.58,0.56,0.56,0.86,0.86
866,,0.3,0.3,0.58,0.56,0.54,0.54,0.84,0.84
867,,0.28,0.28,0.56,0.54,0.52,0.52,0.82,0.82
868,,0.26,0.26,0.54,0.52,0.5,0.5,0.8,0.8
869,,0.24,0.24,0.52,0.5,0.48,0.48,0.78,0.78
870,,0.22,0.22,0.5,0.48,0.46,0.46,0.76,0.76
871,,0.2,0.2,0.48,0.46,0.44,0.44,0.74,0.74
872,,0.18,0.18,0.46,0.44,0.42,0.42,0.72,0.72
873,,0.16,0.16,0.44,0.42,0.4,0.4,0.7,0.7
874,,0.14,0.14,0.42,0.4,0.38,0.38,0.68,0.68
875,,0.12,0.12,0.4,0.38,0.36,0.36,0.66,0.66
