step,active_motive,motive_1,motive_2,motive_3,motive_4,motive_5,motive_6,motive_7,motive_8
0,,0.4703,0.98342,0.39882,0.81643,0.79835,0.15072,0.5082,0.69581
1,,0.3703,0.88342,0.29882,0.71643,0.69835,0.05072,0.4082,0.59581
2,,0.2703,0.78342,0.19882,0.61643,0.59835,-0.04928,0.3082,0.49581
3,6,0.2583,0.68342,0.18682,0.81643,1.0,0.95072,0.7202,0.69581
4,6,0.2463,0.58342,0.17482,1.0,1.0,1.0,1.0,0.89581
5,,0.1463,0.48342,0.07482,0.9,0.9,0.9,0.9,0.79581
6,,0.0463,0.38342,-0.02518,0.8,0.8,0.8,0.8,0.69581
7,3,0.2463,0.79542,0.97482,1.0,1.0,0.788,0.7,0.68381
8,3,0.4463,1.0,1.0,1.0,1.0,0.776,0.6,0.67181
9,,0.3463,0.9,0.9,0.9,0.9,0.676,0.5,0.57181
10,,0.2463,0.8,0.8,0.8,0.8,0.576,0.4,0.47181
11,,0.1463,0.7,0.7,0.7,0.7,0.476,0.3,0.37181
12,,0.0463,0.6,0.6,0.6,0.6,0.376,0.2,0.27181
13,,-0.0537,0.5,0.5,0.5,0.5,0.276,0.1,0.17181
14,1,0.9463,0.912,0.7,0.488,0.4,0.264,0.3,0.58381
15,1,1.0,1.0,0.9,0.476,0.3,0.252,0.5,0.99581
16,,0.9,0.9,0.8,0.376,0.2,0.152,0.4,0.89581
17,,0.8,0.8,0.7,0.276,0.1,0.052,0.3,0.79581
18,,0.7,0.7,0.6,0.176,0.0,-0.048,0.2,0.69581
19,6,0.688,0.6,0.588,0.376,0.412,0.952,0.612,0.89581
20,6,0.676,0.5,0.576,0.576,0.824,1.0,1.0,1.0
21,,0.576,0.4,0.476,0.476,0.724,0.9,0.9,0.9
22,,0.476,0.3,0.376,0.376,0.624,0.8,0.8,0.8
23,,0.376,0.2,0.276,0.276,0.524,0.7,0.7,0.7
24,,0.276,0.1,0.176,0.176,0.424,0.6,0.6,0.6
25,,0.176,0.0,0.076,0.076,0.324,0.5,0.5,0.5
26,,0.076,-0.1,-0.024,-0.024,0.224,0.4,0.4,0.4
27,2,0.488,0.9,0.388,0.176,0.212,0.3,0.388,0.6
28,2,0.9,1.0,0.8,0.376,0.2,0.2,0.376,0.8
29,,0.8,0.9,0.7,0.276,0.1,0.1,0.276,0.7
30,,0.7,0.8,0.6,0.176,0.0,0.0,0.176,0.6
31,,0.6,0.7,0.5,0.076,-0.1,-0.1,0.076,0.5
32,5,0.5,0.688,0.7,0.488,0.9,0.312,0.276,0.488
33,5,0.4,0.676,0.9,0.9,1.0,0.724,0.476,0.476
34,,0.3,0.576,0.8,0.8,0.9,0.624,0.376,0.376
35,,0.2,0.476,0.7,0.7,0.8,0.524,0.276,0.276
36,,0.1,0.376,0.6,0.6,0.7,0.424,0.176,0.176
37,,0.0,0.276,0.5,0.5,0.6,0.324,0.076,0.076
38,,-0.1,0.176,0.4,0.4,0.5,0.224,-0.024,-0.024
39,1,0.9,0.588,0.6,0.388,0.4,0.212,0.176,0.388
40,1,1.0,1.0,0.8,0.376,0.3,0.2,0.376,0.8
41,,0.9,0.9,0.7,0.276,0.2,0.1,0.276,0.7
42,,0.8,0.8,0.6,0.176,0.1,0.0,0.176,0.6
43,,0.7,0.7,0.5,0.076,0.0,-0.1,0.076,0.5
44,6,0.688,0.6,0.488,0.276,0.412,0.9,0.488,0.7
45,6,0.676,0.5,0.476,0.476,0.824,1.0,0.9,0.9
46,,0.576,0.4,0.376,0.376,0.724,0.9,0.8,0.8
47,,0.476,0.3,0.276,0.276,0.624,0.8,0.7,0.7
48,,0.376,0.2,0.176,0.176,0.524,0.7,0.6,0.6
49,,0.276,0.1,0.076,0.076,0.424,0.6,0.5,0.5
50,,0.176,0.0,-0.024,-0.024,0.324,0.5,0.4,0.4
51,4,0.164,0.2,0.388,0.976,0.736,0.7,0.388,0.3
52,4,0.152,0.4,0.8,1.0,1.0,0.9,0.376,0.2
53,,0.052,0.3,0.7,0.9,0.9,0.8,0.276,0.1
54,,-0.048,0.2,0.6,0.8,0.8,0.7,0.176,0.0
55,1,0.952,0.612,0.8,0.788,0.7,0.688,0.376,0.412
56,1,1.0,1.0,1.0,0.776,0.6,0.676,0.576,0.824
57,,0.9,0.9,0.9,0.676,0.5,0.576,0.476,0.724
58,,0.8,0.8,0.8,0.576,0.4,0.476,0.376,0.624
59,,0.7,0.7,0.7,0.476,0.3,0.376,0.276,0.524
60,,0.6,0.6,0.6,0.376,0.2,0.276,0.176,0.424
61,,0.5,0.5,0.5,0.276,0.1,0.176,0.076,0.324
62,,0.4,0.4,0.4,0.176,0.0,0.076,-0.024,0.224
63,7,0.6,0.388,0.3,0.164,0.2,0.488,0.976,0.636
64,7,0.8,0.376,0.2,0.152,0.4,0.9,1.0,1.0
65,,0.7,0.276,0.1,0.052,0.3,0.8,0.9,0.9
66,,0.6,0.176,0.0,-0.048,0.2,0.7,0.8,0.8
67,4,0.588,0.376,0.412,0.952,0.612,0.9,0.788,0.7
68,4,0.576,0.576,0.824,1.0,1.0,1.0,0.776,0.6
69,,0.476,0.476,0.724,0.9,0.9,0.9,0.676,0.5
70,,0.376,0.376,0.624,0.8,0.8,0.8,0.576,0.4
71,,0.276,0.276,0.524,0.7,0.7,0.7,0.476,0.3
72,,0.176,0.176,0.424,0.6,0.6,0.6,0.376,0.2
73,,0.076,0.076,0.324,0.5,0.5,0.5,0.276,0.1
74,,-0.024,-0.024,0.224,0.4,0.4,0.4,0.176,0.0
75,2,0.388,0.976,0.636,0.6,0.388,0.3,0.164,0.2
76,2,0.8,1.0,1.0,0.8,0.376,0.2,0.152,0.4
77,,0.7,0.9,0.9,0.7,0.276,0.1,0.052,0.3
78,,0.6,0.8,0.8,0.6,0.176,0.0,-0.048,0.2
79,7,0.8,0.788,0.7,0.588,0.376,0.412,0.952,0.612
80,7,1.0,0.776,0.6,0.576,0.576,0.824,1.0,1.0
81,,0.9,0.676,0.5,0.476,0.476,0.724,0.9,0.9
82,,0.8,0.576,0.4,0.376,0.376,0.624,0.8,0.8
83,,0.7,0.476,0.3,0.276,0.276,0.524,0.7,0.7
84,,0.6,0.376,0.2,0.176,0.176,0.424,0.6,0.6
85,,0.5,0.276,0.1,0.076,0.076,0.324,0.5,0.5
86,,0.4,0.176,0.0,-0.024,-0.024,0.224,0.4,0.4
87,4,0.388,0.376,0.412,0.976,0.388,0.424,0.388,0.3
88,4,0.376,0.576,0.824,1.0,0.8,0.624,0.376,0.2
89,,0.276,0.476,0.724,0.9,0.7,0.524,0.276,0.1
90,,0.176,0.376,0.624,0.8,0.6,0.424,0.176,0.0
91,,0.076,0.276,0.524,0.7,0.5,0.324,0.076,-0.1
92,8,0.488,0.476,0.512,0.6,0.488,0.524,0.488,0.9
93,8,0.9,0.676,0.5,0.5,0.476,0.724,0.9,1.0
94,,0.8,0.576,0.4,0.4,0.376,0.624,0.8,0.9
95,,0.7,0.476,0.3,0.3,0.276,0.524,0.7,0.8
96,,0.6,0.376,0.2,0.2,0.176,0.424,0.6,0.7
97,,0.5,0.276,0.1,0.1,0.076,0.324,0.5,0.6
98,,0.4,0.176,0.0,0.0,-0.024,0.224,0.4,0.5
99,5,0.3,0.164,0.2,0.412,0.976,0.636,0.6,0.488
100,5,0.2,0.152,0.4,0.824,1.0,1.0,0.8,0.476
101,,0.1,0.052,0.3,0.724,0.9,0.9,0.7,0.376
102,,0.0,-0.048,0.2,0.624,0.8,0.8,0.6,0.276
103,2,0.412,0.952,0.612,0.824,0.788,0.7,0.588,0.476
104,2,0.824,1.0,1.0,1.0,0.776,0.6,0.576,0.676
105,,0.724,0.9,0.9,0.9,0.676,0.5,0.476,0.576
106,,0.624,0.8,0.8,0.8,0.576,0.4,0.376,0.476
107,,0.524,0.7,0.7,0.7,0.476,0.3,0.276,0.376
108,,0.424,0.6,0.6,0.6,0.376,0.2,0.176,0.276
109,,0.324,0.5,0.5,0.5,0.276,0.1,0.076,0.176
110,,0.224,0.4,0.4,0.4,0.176,0.0,-0.024,0.076
111,7,0.424,0.388,0.3,0.388,0.376,0.412,0.976,0.488
112,7,0.624,0.376,0.2,0.376,0.576,0.824,1.0,0.9
113,,0.524,0.276,0.1,0.276,0.476,0.724,0.9,0.8
114,,0.424,0.176,0.0,0.176,0.376,0.624,0.8,0.7
115,,0.324,0.076,-0.1,0.076,0.276,0.524,0.7,0.6
116,3,0.524,0.488,0.9,0.488,0.476,0.512,0.6,0.588
117,3,0.724,0.9,1.0,0.9,0.676,0.5,0.5,0.576
118,,0.624,0.8,0.9,0.8,0.576,0.4,0.4,0.476
119,,0.524,0.7,0.8,0.7,0.476,0.3,0.3,0.376
120,,0.424,0.6,0.7,0.6,0.376,0.2,0.2,0.276
121,,0.324,0.5,0.6,0.5,0.276,0.1,0.1,0.176
122,,0.224,0.4,0.5,0.4,0.176,0.0,0.0,0.076
123,,0.124,0.3,0.4,0.3,0.076,-0.1,-0.1,-0.024
124,7,0.324,0.288,0.3,0.288,0.276,0.312,0.9,0.388
125,7,0.524,0.276,0.2,0.276,0.476,0.724,1.0,0.8
126,,0.424,0.176,0.1,0.176,0.376,0.624,0.9,0.7
127,,0.324,0.076,0.0,0.076,0.276,0.524,0.8,0.6
128,,0.224,-0.024,-0.1,-0.024,0.176,0.424,0.7,0.5
129,3,0.424,0.388,0.9,0.388,0.376,0.412,0.6,0.488
130,3,0.624,0.8,1.0,0.8,0.576,0.4,0.5,0.476
131,,0.524,0.7,0.9,0.7,0.476,0.3,0.4,0.376
132,,0.424,0.6,0.8,0.6,0.376,0.2,0.3,0.276
133,,0.324,0.5,0.7,0.5,0.276,0.1,0.2,0.176
134,,0.224,0.4,0.6,0.4,0.176,0.0,0.1,0.076
135,,0.124,0.3,0.5,0.3,0.076,-0.1,0.0,-0.024
136,6,0.112,0.2,0.488,0.5,0.488,0.9,0.412,0.176
137,6,0.1,0.1,0.476,0.7,0.9,1.0,0.824,0.376
138,,0.0,0.0,0.376,0.6,0.8,0.9,0.724,0.276
139,,-0.1,-0.1,0.276,0.5,0.7,0.8,0.624,0.176
140,1,0.9,0.312,0.476,0.488,0.6,0.788,0.824,0.588
141,1,1.0,0.724,0.676,0.476,0.5,0.776,1.0,1.0
142,,0.9,0.624,0.576,0.376,0.4,0.676,0.9,0.9
143,,0.8,0.524,0.476,0.276,0.3,0.576,0.8,0.8
144,,0.7,0.424,0.376,0.176,0.2,0.476,0.7,0.7
145,,0.6,0.324,0.276,0.076,0.1,0.376,0.6,0.6
146,,0.5,0.224,0.176,-0.024,0.0,0.276,0.5,0.5
147,4,0.488,0.424,0.588,0.976,0.412,0.476,0.488,0.4
148,4,0.476,0.624,1.0,1.0,0.824,0.676,0.476,0.3
149,,0.376,0.524,0.9,0.9,0.724,0.576,0.376,0.2
150,,0.276,0.424,0.8,0.8,0.624,0.476,0.276,0.1
151,,0.176,0.324,0.7,0.7,0.524,0.376,0.176,0.0
152,,0.076,0.224,0.6,0.6,0.424,0.276,0.076,-0.1
153,8,0.488,0.424,0.588,0.5,0.412,0.476,0.488,0.9
154,8,0.9,0.624,0.576,0.4,0.4,0.676,0.9,1.0
155,,0.8,0.524,0.476,0.3,0.3,0.576,0.8,0.9
156,,0.7,0.424,0.376,0.2,0.2,0.476,0.7,0.8
157,,0.6,0.324,0.276,0.1,0.1,0.376,0.6,0.7
158,,0.5,0.224,0.176,0.0,0.0,0.276,0.5,0.6
159,,0.4,0.124,0.076,-0.1,-0.1,0.176,0.4,0.5
160,5,0.3,0.112,0.276,0.312,0.9,0.588,0.6,0.488
161,5,0.2,0.1,0.476,0.724,1.0,1.0,0.8,0.476
162,,0.1,0.0,0.376,0.624,0.9,0.9,0.7,0.376
163,,0.0,-0.1,0.276,0.524,0.8,0.8,0.6,0.276
164,2,0.412,0.9,0.688,0.724,0.788,0.7,0.588,0.476
165,2,0.824,1.0,1.0,0.924,0.776,0.6,0.576,0.676
166,,0.724,0.9,0.9,0.824,0.676,0.5,0.476,0.576
167,,0.624,0.8,0.8,0.724,0.576,0.4,0.376,0.476
168,,0.524,0.7,0.7,0.624,0.476,0.3,0.276,0.376
169,,0.424,0.6,0.6,0.524,0.376,0.2,0.176,0.276
170,,0.324,0.5,0.5,0.424,0.276,0.1,0.076,0.176
171,,0.224,0.4,0.4,0.324,0.176,0.0,-0.024,0.076
172,7,0.424,0.388,0.3,0.312,0.376,0.412,0.976,0.488
173,7,0.624,0.376,0.2,0.3,0.576,0.824,1.0,0.9
174,,0.524,0.276,0.1,0.2,0.476,0.724,0.9,0.8
175,,0.424,0.176,0.0,0.1,0.376,0.624,0.8,0.7
176,,0.324,0.076,-0.1,0.0,0.276,0.524,0.7,0.6
177,3,0.524,0.488,0.9,0.412,0.476,0.512,0.6,0.588
178,3,0.724,0.9,1.0,0.824,0.676,0.5,0.5,0.576
179,,0.624,0.8,0.9,0.724,0.576,0.4,0.4,0.476
180,,0.524,0.7,0.8,0.624,0.476,0.3,0.3,0.376
181,,0.424,0.6,0.7,0.524,0.376,0.2,0.2,0.276
182,,0.324,0.5,0.6,0.424,0.276,0.1,0.1,0.176
183,,0.224,0.4,0.5,0.324,0.176,0.0,0.0,0.076
184,,0.124,0.3,0.4,0.224,0.076,-0.1,-0.1,-0.024
185,6,0.112,0.2,0.388,0.424,0.488,0.9,0.312,0.176
186,6,0.1,0.1,0.376,0.624,0.9,1.0,0.724,0.376
187,,0.0,0.0,0.276,0.524,0.8,0.9,0.624,0.276
188,,-0.1,-0.1,0.176,0.424,0.7,0.8,0.524,0.176
189,1,0.9,0.312,0.376,0.412,0.6,0.788,0.724,0.588
190,1,1.0,0.724,0.576,0.4,0.5,0.776,0.924,1.0
191,,0.9,0.624,0.476,0.3,0.4,0.676,0.824,0.9
192,,0.8,0.524,0.376,0.2,0.3,0.576,0.724,0.8
193,,0.7,0.424,0.276,0.1,0.2,0.476,0.624,0.7
194,,0.6,0.324,0.176,0.0,0.1,0.376,0.524,0.6
195,,0.5,0.224,0.076,-0.1,0.0,0.276,0.424,0.5
196,4,0.488,0.424,0.488,0.9,0.412,0.476,0.412,0.4
197,4,0.476,0.624,0.9,1.0,0.824,0.676,0.4,0.3
198,,0.376,0.524,0.8,0.9,0.724,0.576,0.3,0.2
199,,0.276,0.424,0.7,0.8,0.624,0.476,0.2,0.1
