step,active_motive,motive_1,motive_2,motive_3,motive_4,motive_5,motive_6,motive_7,motive_8
0,,0.25416,0.29529,0.32255,0.84867,0.13662,0.70891,0.55282,0.29651
1,,0.15416,0.19529,0.22255,0.74867,0.03662,0.60891,0.45282,0.19651
2,,0.05416,0.09529,0.12255,0.64867,-0.06338,0.50891,0.35282,0.09651
3,5,-0.04584,0.08329,0.32255,1.0,0.93662,0.92091,0.55282,0.08451
4,5,-0.14584,0.07129,0.52255,1.0,1.0,1.0,0.75282,0.07251
5,1,0.85416,0.48329,0.72255,0.988,0.9,0.988,0.95282,0.48451
6,1,1.0,0.89529,0.92255,0.976,0.8,0.976,1.0,0.89651
7,,0.9,0.79529,0.82255,0.876,0.7,0.876,0.9,0.79651
8,,0.8,0.69529,0.72255,0.776,0.6,0.776,0.8,0.69651
9,,0.7,0.59529,0.62255,0.676,0.5,0.676,0.7,0.59651
10,,0.6,0.49529,0.52255,0.576,0.4,0.576,0.6,0.49651
11,,0.5,0.39529,0.42255,0.476,0.3,0.476,0.5,0.39651
12,,0.4,0.29529,0.32255,0.376,0.2,0.376,0.4,0.29651
13,,0.3,0.19529,0.22255,0.276,0.1,0.276,0.3,0.19651
14,,0.2,0.09529,0.12255,0.176,0.0,0.176,0.2,0.09651
15,,0.1,-0.00471,0.02255,0.076,-0.1,0.076,0.1,-0.00349
16,5,0.0,-0.01671,0.22255,0.488,0.9,0.488,0.3,-0.01549
17,5,-0.1,-0.02871,0.42255,0.9,1.0,0.9,0.5,-0.02749
18,1,0.9,0.38329,0.62255,0.888,0.9,0.888,0.7,0.38451
19,1,1.0,0.79529,0.82255,0.876,0.8,0.876,0.9,0.79651
20,,0.9,0.69529,0.72255,0.776,0.7,0.776,0.8,0.69651
21,,0.8,0.59529,0.62255,0.676,0.6,0.676,0.7,0.59651
22,,0.7,0.49529,0.52255,0.576,0.5,0.576,0.6,0.49651
23,,0.6,0.39529,0.42255,0.476,0.4,0.476,0.5,0.39651
24,,0.5,0.29529,0.32255,0.376,0.3,0.376,0.4,0.29651
25,,0.4,0.19529,0.22255,0.276,0.2,0.276,0.3,0.19651
26,,0.3,0.09529,0.12255,0.176,0.1,0.176,0.2,0.09651
27,,0.2,-0.00471,0.02255,0.076,0.0,0.076,0.1,-0.00349
28,2,0.612,0.99529,0.43455,0.276,-0.012,-0.024,0.088,0.19651
29,2,1.0,1.0,0.84655,0.476,-0.024,-0.124,0.076,0.39651
30,6,0.988,0.9,0.83455,0.676,0.388,0.876,0.488,0.59651
31,6,0.976,0.8,0.82255,0.876,0.8,1.0,0.9,0.79651
32,,0.876,0.7,0.72255,0.776,0.7,0.9,0.8,0.69651
33,,0.776,0.6,0.62255,0.676,0.6,0.8,0.7,0.59651
34,,0.676,0.5,0.52255,0.576,0.5,0.7,0.6,0.49651
35,,0.576,0.4,0.42255,0.476,0.4,0.6,0.5,0.39651
36,,0.476,0.3,0.32255,0.376,0.3,0.5,0.4,0.29651
37,,0.376,0.2,0.22255,0.276,0.2,0.4,0.3,0.19651
38,,0.276,0.1,0.12255,0.176,0.1,0.3,0.2,0.09651
39,,0.176,0.0,0.02255,0.076,0.0,0.2,0.1,-0.00349
40,8,0.588,0.2,0.01055,-0.024,-0.012,0.4,0.512,0.99651
41,8,1.0,0.4,-0.00145,-0.124,-0.024,0.6,0.924,1.0
42,4,0.988,0.6,0.41055,0.876,0.388,0.8,0.912,0.9
43,4,0.976,0.8,0.82255,1.0,0.8,1.0,0.9,0.8
44,,0.876,0.7,0.72255,0.9,0.7,0.9,0.8,0.7
45,,0.776,0.6,0.62255,0.8,0.6,0.8,0.7,0.6
46,,0.676,0.5,0.52255,0.7,0.5,0.7,0.6,0.5
47,,0.576,0.4,0.42255,0.6,0.4,0.6,0.5,0.4
48,,0.476,0.3,0.32255,0.5,0.3,0.5,0.4,0.3
49,,0.376,0.2,0.22255,0.4,0.2,0.4,0.3,0.2
50,,0.276,0.1,0.12255,0.3,0.1,0.3,0.2,0.1
51,,0.176,0.0,0.02255,0.2,0.0,0.2,0.1,0.0
52,,0.076,-0.1,-0.07745,0.1,-0.1,0.1,0.0,-0.1
53,5,-0.024,-0.112,0.12255,0.512,0.9,0.512,0.2,-0.112
54,5,-0.124,-0.124,0.32255,0.924,1.0,0.924,0.4,-0.124
55,8,0.288,0.076,0.31055,0.824,0.988,1.0,0.812,0.876
56,8,0.7,0.276,0.29855,0.724,0.976,1.0,1.0,1.0
57,,0.6,0.176,0.19855,0.624,0.876,0.9,0.9,0.9
58,,0.5,0.076,0.09855,0.524,0.776,0.8,0.8,0.8
59,,0.4,-0.024,-0.00145,0.424,0.676,0.7,0.7,0.7
60,2,0.812,0.976,0.41055,0.624,0.664,0.6,0.688,0.9
61,2,1.0,1.0,0.82255,0.824,0.652,0.5,0.676,1.0
62,,0.9,0.9,0.72255,0.724,0.552,0.4,0.576,0.9
63,,0.8,0.8,0.62255,0.624,0.452,0.3,0.476,0.8
64,,0.7,0.7,0.52255,0.524,0.352,0.2,0.376,0.7
65,,0.6,0.6,0.42255,0.424,0.252,0.1,0.276,0.6
66,,0.5,0.5,0.32255,0.324,0.152,0.0,0.176,0.5
67,,0.4,0.4,0.22255,0.224,0.052,-0.1,0.076,0.4
68,6,0.388,0.3,0.21055,0.424,0.464,0.9,0.488,0.6
69,6,0.376,0.2,0.19855,0.624,0.876,1.0,0.9,0.8
70,,0.276,0.1,0.09855,0.524,0.776,0.9,0.8,0.7
71,,0.176,0.0,-0.00145,0.424,0.676,0.8,0.7,0.6
72,3,0.376,0.412,0.99855,0.836,0.876,0.788,0.6,0.588
73,3,0.576,0.824,1.0,1.0,1.0,0.776,0.5,0.576
74,,0.476,0.724,0.9,0.9,0.9,0.676,0.4,0.476
75,,0.376,0.624,0.8,0.8,0.8,0.576,0.3,0.376
76,,0.276,0.524,0.7,0.7,0.7,0.476,0.2,0.276
77,,0.176,0.424,0.6,0.6,0.6,0.376,0.1,0.176
78,,0.076,0.324,0.5,0.5,0.5,0.276,0.0,0.076
79,,-0.024,0.224,0.4,0.4,0.4,0.176,-0.1,-0.024
80,7,0.176,0.212,0.3,0.388,0.6,0.588,0.9,0.388
81,7,0.376,0.2,0.2,0.376,0.8,1.0,1.0,0.8
82,,0.276,0.1,0.1,0.276,0.7,0.9,0.9,0.7
83,,0.176,0.0,0.0,0.176,0.6,0.8,0.8,0.6
84,,0.076,-0.1,-0.1,0.076,0.5,0.7,0.7,0.5
85,3,0.276,0.312,0.9,0.488,0.7,0.688,0.6,0.488
86,3,0.476,0.724,1.0,0.9,0.9,0.676,0.5,0.476
87,,0.376,0.624,0.9,0.8,0.8,0.576,0.4,0.376
88,,0.276,0.524,0.8,0.7,0.7,0.476,0.3,0.276
89,,0.176,0.424,0.7,0.6,0.6,0.376,0.2,0.176
90,,0.076,0.324,0.6,0.5,0.5,0.276,0.1,0.076
91,,-0.024,0.224,0.5,0.4,0.4,0.176,0.0,-0.024
92,1,0.976,0.636,0.7,0.388,0.3,0.164,0.2,0.388
93,1,1.0,1.0,0.9,0.376,0.2,0.152,0.4,0.8
94,,0.9,0.9,0.8,0.276,0.1,0.052,0.3,0.7
95,,0.8,0.8,0.7,0.176,0.0,-0.048,0.2,0.6
96,6,0.788,0.7,0.688,0.376,0.412,0.952,0.612,0.8
97,6,0.776,0.6,0.676,0.576,0.824,1.0,1.0,1.0
98,,0.676,0.5,0.576,0.476,0.724,0.9,0.9,0.9
99,,0.576,0.4,0.476,0.376,0.624,0.8,0.8,0.8
100,,0.476,0.3,0.376,0.276,0.524,0.7,0.7,0.7
101,,0.376,0.2,0.276,0.176,0.424,0.6,0.6,0.6
102,,0.276,0.1,0.176,0.076,0.324,0.5,0.5,0.5
103,,0.176,0.0,0.076,-0.024,0.224,0.4,0.4,0.4
104,4,0.164,0.2,0.488,0.976,0.636,0.6,0.388,0.3
105,4,0.152,0.4,0.9,1.0,1.0,0.8,0.376,0.2
106,,0.052,0.3,0.8,0.9,0.9,0.7,0.276,0.1
107,,-0.048,0.2,0.7,0.8,0.8,0.6,0.176,0.0
108,1,0.952,0.612,0.9,0.788,0.7,0.588,0.376,0.412
109,1,1.0,1.0,1.0,0.776,0.6,0.576,0.576,0.824
110,,0.9,0.9,0.9,0.676,0.5,0.476,0.476,0.724
111,,0.8,0.8,0.8,0.576,0.4,0.376,0.376,0.624
112,,0.7,0.7,0.7,0.476,0.3,0.276,0.276,0.524
113,,0.6,0.6,0.6,0.376,0.2,0.176,0.176,0.424
114,,0.5,0.5,0.5,0.276,0.1,0.076,0.076,0.324
115,,0.4,0.4,0.4,0.176,0.0,-0.024,-0.024,0.224
116,7,0.6,0.388,0.3,0.164,0.2,0.388,0.976,0.636
117,7,0.8,0.376,0.2,0.152,0.4,0.8,1.0,1.0
118,,0.7,0.276,0.1,0.052,0.3,0.7,0.9,0.9
119,,0.6,0.176,0.0,-0.048,0.2,0.6,0.8,0.8
120,4,0.588,0.376,0.412,0.952,0.612,0.8,0.788,0.7
121,4,0.576,0.576,0.824,1.0,1.0,1.0,0.776,0.6
122,,0.476,0.476,0.724,0.9,0.9,0.9,0.676,0.5
123,,0.376,0.376,0.624,0.8,0.8,0.8,0.576,0.4
124,,0.276,0.276,0.524,0.7,0.7,0.7,0.476,0.3
125,,0.176,0.176,0.424,0.6,0.6,0.6,0.376,0.2
126,,0.076,0.076,0.324,0.5,0.5,0.5,0.276,0.1
127,,-0.024,-0.024,0.224,0.4,0.4,0.4,0.176,0.0
128,1,0.976,0.388,0.424,0.388,0.3,0.388,0.376,0.412
129,1,1.0,0.8,0.624,0.376,0.2,0.376,0.576,0.824
130,,0.9,0.7,0.524,0.276,0.1,0.276,0.476,0.724
131,,0.8,0.6,0.424,0.176,0.0,0.176,0.376,0.624
132,,0.7,0.5,0.324,0.076,-0.1,0.076,0.276,0.524
133,5,0.6,0.488,0.524,0.488,0.9,0.488,0.476,0.512
134,5,0.5,0.476,0.724,0.9,1.0,0.9,0.676,0.5
135,,0.4,0.376,0.624,0.8,0.9,0.8,0.576,0.4
136,,0.3,0.276,0.524,0.7,0.8,0.7,0.476,0.3
137,,0.2,0.176,0.424,0.6,0.7,0.6,0.376,0.2
138,,0.1,0.076,0.324,0.5,0.6,0.5,0.276,0.1
139,,0.0,-0.024,0.224,0.4,0.5,0.4,0.176,0.0
140,2,0.412,0.976,0.636,0.6,0.488,0.3,0.164,0.2
141,2,0.824,1.0,1.0,0.8,0.476,0.2,0.152,0.4
142,,0.724,0.9,0.9,0.7,0.376,0.1,0.052,0.3
143,,0.624,0.8,0.8,0.6,0.276,0.0,-0.048,0.2
144,7,0.824,0.788,0.7,0.588,0.476,0.412,0.952,0.612
145,7,1.0,0.776,0.6,0.576,0.676,0.824,1.0,1.0
146,,0.9,0.676,0.5,0.476,0.576,0.724,0.9,0.9
147,,0.8,0.576,0.4,0.376,0.476,0.624,0.8,0.8
148,,0.7,0.476,0.3,0.276,0.376,0.524,0.7,0.7
149,,0.6,0.376,0.2,0.176,0.276,0.424,0.6,0.6
150,,0.5,0.276,0.1,0.076,0.176,0.324,0.5,0.5
151,,0.4,0.176,0.0,-0.024,0.076,0.224,0.4,0.4
152,4,0.388,0.376,0.412,0.976,0.488,0.424,0.388,0.3
153,4,0.376,0.576,0.824,1.0,0.9,0.624,0.376,0.2
154,,0.276,0.476,0.724,0.9,0.8,0.524,0.276,0.1
155,,0.176,0.376,0.624,0.8,0.7,0.424,0.176,0.0
156,,0.076,0.276,0.524,0.7,0.6,0.324,0.076,-0.1
157,8,0.488,0.476,0.512,0.6,0.588,0.524,0.488,0.9
158,8,0.9,0.676,0.5,0.5,0.576,0.724,0.9,1.0
159,,0.8,0.576,0.4,0.4,0.476,0.624,0.8,0.9
160,,0.7,0.476,0.3,0.3,0.376,0.524,0.7,0.8
161,,0.6,0.376,0.2,0.2,0.276,0.424,0.6,0.7
162,,0.5,0.276,0.1,0.1,0.176,0.324,0.5,0.6
163,,0.4,0.176,0.0,0.0,0.076,0.224,0.4,0.5
164,,0.3,0.076,-0.1,-0.1,-0.024,0.124,0.3,0.4
165,4,0.288,0.276,0.312,0.9,0.388,0.324,0.288,0.3
166,4,0.276,0.476,0.724,1.0,0.8,0.524,0.276,0.2
167,,0.176,0.376,0.624,0.9,0.7,0.424,0.176,0.1
168,,0.076,0.276,0.524,0.8,0.6,0.324,0.076,0.0
169,,-0.024,0.176,0.424,0.7,0.5,0.224,-0.024,-0.1
170,8,0.388,0.376,0.412,0.6,0.488,0.424,0.388,0.9
171,8,0.8,0.576,0.4,0.5,0.476,0.624,0.8,1.0
172,,0.7,0.476,0.3,0.4,0.376,0.524,0.7,0.9
173,,0.6,0.376,0.2,0.3,0.276,0.424,0.6,0.8
174,,0.5,0.276,0.1,0.2,0.176,0.324,0.5,0.7
175,,0.4,0.176,0.0,0.1,0.076,0.224,0.4,0.6
176,,0.3,0.076,-0.1,0.0,-0.024,0.124,0.3,0.5
177,3,0.5,0.488,0.9,0.412,0.176,0.112,0.2,0.488
178,3,0.7,0.9,1.0,0.824,0.376,0.1,0.1,0.476
179,,0.6,0.8,0.9,0.724,0.276,0.0,0.0,0.376
180,,0.5,0.7,0.8,0.624,0.176,-0.1,-0.1,0.276
181,7,0.7,0.688,0.7,0.612,0.376,0.312,0.9,0.688
182,7,0.9,0.676,0.6,0.6,0.576,0.724,1.0,1.0
183,,0.8,0.576,0.5,0.5,0.476,0.624,0.9,0.9
184,,0.7,0.476,0.4,0.4,0.376,0.524,0.8,0.8
185,,0.6,0.376,0.3,0.3,0.276,0.424,0.7,0.7
186,,0.5,0.276,0.2,0.2,0.176,0.324,0.6,0.6
187,,0.4,0.176,0.1,0.1,0.076,0.224,0.5,0.5
188,,0.3,0.076,0.0,0.0,-0.024,0.124,0.4,0.4
189,5,0.2,0.064,0.2,0.412,0.976,0.536,0.6,0.388
190,5,0.1,0.052,0.4,0.824,1.0,0.948,0.8,0.376
191,,0.0,-0.048,0.3,0.724,0.9,0.848,0.7,0.276
192,2,0.412,0.952,0.712,0.924,0.888,0.748,0.688,0.476
193,2,0.824,1.0,1.0,1.0,0.876,0.648,0.676,0.676
194,,0.724,0.9,0.9,0.9,0.776,0.548,0.576,0.576
195,,0.624,0.8,0.8,0.8,0.676,0.448,0.476,0.476
196,,0.524,0.7,0.7,0.7,0.576,0.348,0.376,0.376
197,,0.424,0.6,0.6,0.6,0.476,0.248,0.276,0.276
198,,0.324,0.5,0.5,0.5,0.376,0.148,0.176,0.176
199,,0.224,0.4,0.4,0.4,0.276,0.048,0.076,0.076
