step,active_motive,motive_1,motive_2,motive_3,motive_4,motive_5,motive_6,motive_7,motive_8
0,,0.88709,0.77988,0.64203,0.08414,0.16163,0.89855,0.60643,0.0092
1,,0.86709,0.75988,0.62203,0.06414,0.14163,0.87855,0.58643,-0.0108
2,8,1.0,0.73988,0.39003,-0.25586,-0.09037,0.85855,0.77843,0.9892
3,8,1.0,0.71988,0.15803,-0.57586,-0.32237,0.83855,0.97043,1.0
4,4,0.768,0.69988,0.35003,0.42414,-0.13037,0.81855,0.73843,0.68
5,4,0.536,0.67988,0.54203,1.0,0.06163,0.79855,0.50643,0.36
6,,0.516,0.65988,0.52203,0.98,0.04163,0.77855,0.48643,0.34
7,,0.496,0.63988,0.50203,0.96,0.02163,0.75855,0.46643,0.32
8,,0.476,0.61988,0.48203,0.94,0.00163,0.73855,0.44643,0.3
9,,0.456,0.59988,0.46203,0.92,-0.01837,0.71855,0.42643,0.28
10,5,0.136,0.36788,0.44203,1.0,0.98163,0.91055,0.40643,0.048
11,5,-0.184,0.13588,0.42203,1.0,1.0,1.0,0.38643,-0.184
12,8,0.008,0.11588,0.19003,0.68,0.768,0.98,0.57843,0.816
13,8,0.2,0.09588,-0.04197,0.36,0.536,0.96,0.77043,1.0
14,3,0.18,0.28788,0.95803,0.552,0.516,0.728,0.45043,0.768
15,3,0.16,0.47988,1.0,0.744,0.496,0.496,0.13043,0.536
16,,0.14,0.45988,0.98,0.724,0.476,0.476,0.11043,0.516
17,,0.12,0.43988,0.96,0.704,0.456,0.456,0.09043,0.496
18,,0.1,0.41988,0.94,0.684,0.436,0.436,0.07043,0.476
19,,0.08,0.39988,0.92,0.664,0.416,0.416,0.05043,0.456
20,,0.06,0.37988,0.9,0.644,0.396,0.396,0.03043,0.436
21,,0.04,0.35988,0.88,0.624,0.376,0.376,0.01043,0.416
22,,0.02,0.33988,0.86,0.604,0.356,0.356,-0.00957,0.396
23,7,0.0,0.10788,0.54,0.372,0.336,0.548,0.99043,0.588
24,7,-0.02,-0.12412,0.22,0.14,0.316,0.74,1.0,0.78
25,2,0.172,0.87588,0.412,0.12,0.084,0.42,0.768,0.76
26,2,0.364,1.0,0.604,0.1,-0.148,0.1,0.536,0.74
27,5,0.044,0.768,0.584,0.292,0.852,0.292,0.516,0.508
28,5,-0.276,0.536,0.564,0.484,1.0,0.484,0.496,0.276
29,1,0.724,0.728,0.544,0.252,0.68,0.252,0.476,0.468
30,1,1.0,0.92,0.524,0.02,0.36,0.02,0.456,0.66
31,,0.98,0.9,0.504,0.0,0.34,0.0,0.436,0.64
32,,0.96,0.88,0.484,-0.02,0.32,-0.02,0.416,0.62
33,4,0.728,0.86,0.676,0.98,0.512,-0.04,0.184,0.3
34,4,0.496,0.84,0.868,1.0,0.704,-0.06,-0.048,-0.02
35,6,0.264,0.52,0.636,0.98,0.896,0.94,0.144,-0.04
36,6,0.032,0.2,0.404,0.96,1.0,1.0,0.336,-0.06
37,8,0.224,0.18,0.172,0.64,0.768,0.98,0.528,0.94
38,8,0.416,0.16,-0.06,0.32,0.536,0.96,0.72,1.0
39,3,0.396,0.352,0.94,0.512,0.516,0.728,0.4,0.768
40,3,0.376,0.544,1.0,0.704,0.496,0.496,0.08,0.536
41,,0.356,0.524,0.98,0.684,0.476,0.476,0.06,0.516
42,,0.336,0.504,0.96,0.664,0.456,0.456,0.04,0.496
43,,0.316,0.484,0.94,0.644,0.436,0.436,0.02,0.476
44,,0.296,0.464,0.92,0.624,0.416,0.416,0.0,0.456
45,,0.276,0.444,0.9,0.604,0.396,0.396,-0.02,0.436
46,7,0.256,0.212,0.58,0.372,0.376,0.588,0.98,0.628
47,7,0.236,-0.02,0.26,0.14,0.356,0.78,1.0,0.82
48,2,0.428,0.98,0.452,0.12,0.124,0.46,0.768,0.8
49,2,0.62,1.0,0.644,0.1,-0.108,0.14,0.536,0.78
50,5,0.3,0.768,0.624,0.292,0.892,0.332,0.516,0.548
51,5,-0.02,0.536,0.604,0.484,1.0,0.524,0.496,0.316
52,1,0.98,0.728,0.584,0.252,0.68,0.292,0.476,0.508
53,1,1.0,0.92,0.564,0.02,0.36,0.06,0.456,0.7
54,,0.98,0.9,0.544,0.0,0.34,0.04,0.436,0.68
55,,0.96,0.88,0.524,-0.02,0.32,0.02,0.416,0.66
56,4,0.728,0.86,0.716,0.98,0.512,0.0,0.184,0.34
57,4,0.496,0.84,0.908,1.0,0.704,-0.02,-0.048,0.02
58,7,0.476,0.608,0.588,0.768,0.684,0.172,0.952,0.212
59,7,0.456,0.376,0.268,0.536,0.664,0.364,1.0,0.404
60,,0.436,0.356,0.248,0.516,0.644,0.344,0.98,0.384
61,,0.416,0.336,0.228,0.496,0.624,0.324,0.96,0.364
62,,0.396,0.316,0.208,0.476,0.604,0.304,0.94,0.344
63,,0.376,0.296,0.188,0.456,0.584,0.284,0.92,0.324
64,,0.356,0.276,0.168,0.436,0.564,0.264,0.9,0.304
65,,0.336,0.256,0.148,0.416,0.544,0.244,0.88,0.284
66,,0.316,0.236,0.128,0.396,0.524,0.224,0.86,0.264
67,,0.296,0.216,0.108,0.376,0.504,0.204,0.84,0.244
68,,0.276,0.196,0.088,0.356,0.484,0.184,0.82,0.224
69,,0.256,0.176,0.068,0.336,0.464,0.164,0.8,0.204
70,,0.236,0.156,0.048,0.316,0.444,0.144,0.78,0.184
71,,0.216,0.136,0.028,0.296,0.424,0.124,0.76,0.164
72,,0.196,0.116,0.008,0.276,0.404,0.104,0.74,0.144
73,,0.176,0.096,-0.012,0.256,0.384,0.084,0.72,0.124
74,3,0.156,0.288,0.988,0.448,0.364,-0.148,0.4,-0.108
75,3,0.136,0.48,1.0,0.64,0.344,-0.38,0.08,-0.34
76,6,-0.096,0.16,0.768,0.62,0.536,0.62,0.272,-0.36
77,6,-0.328,-0.16,0.536,0.6,0.728,1.0,0.464,-0.38
78,8,-0.136,-0.18,0.304,0.28,0.496,0.98,0.656,0.62
79,8,0.056,-0.2,0.072,-0.04,0.264,0.96,0.848,1.0
80,2,0.248,0.8,0.264,-0.06,0.032,0.64,0.616,0.98
81,2,0.44,1.0,0.456,-0.08,-0.2,0.32,0.384,0.96
82,5,0.12,0.768,0.436,0.112,0.8,0.512,0.364,0.728
83,5,-0.2,0.536,0.416,0.304,1.0,0.704,0.344,0.496
84,1,0.8,0.728,0.396,0.072,0.68,0.472,0.324,0.688
85,1,1.0,0.92,0.376,-0.16,0.36,0.24,0.304,0.88
86,4,0.768,0.9,0.568,0.84,0.552,0.22,0.072,0.56
87,4,0.536,0.88,0.76,1.0,0.744,0.2,-0.16,0.24
88,7,0.516,0.648,0.44,0.768,0.724,0.392,0.84,0.432
89,7,0.496,0.416,0.12,0.536,0.704,0.584,1.0,0.624
90,,0.476,0.396,0.1,0.516,0.684,0.564,0.98,0.604
91,,0.456,0.376,0.08,0.496,0.664,0.544,0.96,0.584
92,,0.436,0.356,0.06,0.476,0.644,0.524,0.94,0.564
93,,0.416,0.336,0.04,0.456,0.624,0.504,0.92,0.544
94,,0.396,0.316,0.02,0.436,0.604,0.484,0.9,0.524
95,,0.376,0.296,0.0,0.416,0.584,0.464,0.88,0.504
96,,0.356,0.276,-0.02,0.396,0.564,0.444,0.86,0.484
97,3,0.336,0.468,0.98,0.588,0.544,0.212,0.54,0.252
98,3,0.316,0.66,1.0,0.78,0.524,-0.02,0.22,0.02
99,6,0.084,0.34,0.768,0.76,0.716,0.98,0.412,0.0
100,6,-0.148,0.02,0.536,0.74,0.908,1.0,0.604,-0.02
101,1,0.852,0.212,0.516,0.508,0.588,0.768,0.584,0.172
102,1,1.0,0.404,0.496,0.276,0.268,0.536,0.564,0.364
103,,0.98,0.384,0.476,0.256,0.248,0.516,0.544,0.344
104,,0.96,0.364,0.456,0.236,0.228,0.496,0.524,0.324
105,,0.94,0.344,0.436,0.216,0.208,0.476,0.504,0.304
106,,0.92,0.324,0.416,0.196,0.188,0.456,0.484,0.284
107,,0.9,0.304,0.396,0.176,0.168,0.436,0.464,0.264
108,,0.88,0.284,0.376,0.156,0.148,0.416,0.444,0.244
109,,0.86,0.264,0.356,0.136,0.128,0.396,0.424,0.224
110,,0.84,0.244,0.336,0.116,0.108,0.376,0.404,0.204
111,,0.82,0.224,0.316,0.096,0.088,0.356,0.384,0.184
112,,0.8,0.204,0.296,0.076,0.068,0.336,0.364,0.164
113,,0.78,0.184,0.276,0.056,0.048,0.316,0.344,0.144
114,,0.76,0.164,0.256,0.036,0.028,0.296,0.324,0.124
115,,0.74,0.144,0.236,0.016,0.008,0.276,0.304,0.104
116,,0.72,0.124,0.216,-0.004,-0.012,0.256,0.284,0.084
117,5,0.4,-0.108,0.196,0.188,0.988,0.448,0.264,-0.148
118,5,0.08,-0.34,0.176,0.38,1.0,0.64,0.244,-0.38
119,8,0.272,-0.36,-0.056,0.06,0.768,0.62,0.436,0.62
120,8,0.464,-0.38,-0.288,-0.26,0.536,0.6,0.628,1.0
121,2,0.656,0.62,-0.096,-0.28,0.304,0.28,0.396,0.98
122,2,0.848,1.0,0.096,-0.3,0.072,-0.04,0.164,0.96
123,4,0.616,0.98,0.288,0.7,0.264,-0.06,-0.068,0.64
124,4,0.384,0.96,0.48,1.0,0.456,-0.08,-0.3,0.32
125,7,0.364,0.728,0.16,0.768,0.436,0.112,0.7,0.512
126,7,0.344,0.496,-0.16,0.536,0.416,0.304,1.0,0.704
127,3,0.324,0.688,0.84,0.728,0.396,0.072,0.68,0.472
128,3,0.304,0.88,1.0,0.92,0.376,-0.16,0.36,0.24
129,6,0.072,0.56,0.768,0.9,0.568,0.84,0.552,0.22
130,6,-0.16,0.24,0.536,0.88,0.76,1.0,0.744,0.2
131,1,0.84,0.432,0.516,0.648,0.44,0.768,0.724,0.392
132,1,1.0,0.624,0.496,0.416,0.12,0.536,0.704,0.584
133,,0.98,0.604,0.476,0.396,0.1,0.516,0.684,0.564
134,,0.96,0.584,0.456,0.376,0.08,0.496,0.664,0.544
135,,0.94,0.564,0.436,0.356,0.06,0.476,0.644,0.524
136,,0.92,0.544,0.416,0.336,0.04,0.456,0.624,0.504
137,,0.9,0.524,0.396,0.316,0.02,0.436,0.604,0.484
138,,0.88,0.504,0.376,0.296,0.0,0.416,0.584,0.464
139,,0.86,0.484,0.356,0.276,-0.02,0.396,0.564,0.444
140,5,0.54,0.252,0.336,0.468,0.98,0.588,0.544,0.212
141,5,0.22,0.02,0.316,0.66,1.0,0.78,0.524,-0.02
142,8,0.412,0.0,0.084,0.34,0.768,0.76,0.716,0.98
143,8,0.604,-0.02,-0.148,0.02,0.536,0.74,0.908,1.0
144,3,0.584,0.172,0.852,0.212,0.516,0.508,0.588,0.768
145,3,0.564,0.364,1.0,0.404,0.496,0.276,0.268,0.536
146,,0.544,0.344,0.98,0.384,0.476,0.256,0.248,0.516
147,,0.524,0.324,0.96,0.364,0.456,0.236,0.228,0.496
148,,0.504,0.304,0.94,0.344,0.436,0.216,0.208,0.476
149,,0.484,0.284,0.92,0.324,0.416,0.196,0.188,0.456
150,,0.464,0.264,0.9,0.304,0.396,0.176,0.168,0.436
151,,0.444,0.244,0.88,0.284,0.376,0.156,0.148,0.416
152,,0.424,0.224,0.86,0.264,0.356,0.136,0.128,0.396
153,,0.404,0.204,0.84,0.244,0.336,0.116,0.108,0.376
154,,0.384,0.184,0.82,0.224,0.316,0.096,0.088,0.356
155,,0.364,0.164,0.8,0.204,0.296,0.076,0.068,0.336
156,,0.344,0.144,0.78,0.184,0.276,0.056,0.048,0.316
157,,0.324,0.124,0.76,0.164,0.256,0.036,0.028,0.296
158,,0.304,0.104,0.74,0.144,0.236,0.016,0.008,0.276
159,,0.284,0.084,0.72,0.124,0.216,-0.004,-0.012,0.256
160,7,0.264,-0.148,0.4,-0.108,0.196,0.188,0.988,0.448
161,7,0.244,-0.38,0.08,-0.34,0.176,0.38,1.0,0.64
162,2,0.436,0.62,0.272,-0.36,-0.056,0.06,0.768,0.62
163,2,0.628,1.0,0.464,-0.38,-0.288,-0.26,0.536,0.6
164,4,0.396,0.98,0.656,0.62,-0.096,-0.28,0.304,0.28
165,4,0.164,0.96,0.848,1.0,0.096,-0.3,0.072,-0.04
166,6,-0.068,0.64,0.616,0.98,0.288,0.7,0.264,-0.06
167,6,-0.3,0.32,0.384,0.96,0.48,1.0,0.456,-0.08
168,1,0.7,0.512,0.364,0.728,0.16,0.768,0.436,0.112
169,1,1.0,0.704,0.344,0.496,-0.16,0.536,0.416,0.304
170,5,0.68,0.472,0.324,0.688,0.84,0.728,0.396,0.072
171,5,0.36,0.24,0.304,0.88,1.0,0.92,0.376,-0.16
172,8,0.552,0.22,0.072,0.56,0.768,0.9,0.568,0.84
173,8,0.744,0.2,-0.16,0.24,0.536,0.88,0.76,1.0
174,3,0.724,0.392,0.84,0.432,0.516,0.648,0.44,0.768
175,3,0.704,0.584,1.0,0.624,0.496,0.416,0.12,0.536
176,,0.684,0.564,0.98,0.604,0.476,0.396,0.1,0.516
177,,0.664,0.544,0.96,0.584,0.456,0.376,0.08,0.496
178,,0.644,0.524,0.94,0.564,0.436,0.356,0.06,0.476
179,,0.624,0.504,0.92,0.544,0.416,0.336,0.04,0.456
180,,0.604,0.484,0.9,0.524,0.396,0.316,0.02,0.436
181,,0.584,0.464,0.88,0.504,0.376,0.296,0.0,0.416
182,,0.564,0.444,0.86,0.484,0.356,0.276,-0.02,0.396
183,7,0.544,0.212,0.54,0.252,0.336,0.468,0.98,0.588
184,7,0.524,-0.02,0.22,0.02,0.316,0.66,1.0,0.78
185,2,0.716,0.98,0.412,0.0,0.084,0.34,0.768,0.76
186,2,0.908,1.0,0.604,-0.02,-0.148,0.02,0.536,0.74
187,5,0.588,0.768,0.584,0.172,0.852,0.212,0.516,0.508
188,5,0.268,0.536,0.564,0.364,1.0,0.404,0.496,0.276
189,,0.248,0.516,0.544,0.344,0.98,0.384,0.476,0.256
190,,0.228,0.496,0.524,0.324,0.96,0.364,0.456,0.236
191,,0.208,0.476,0.504,0.304,0.94,0.344,0.436,0.216
192,,0.188,0.456,0.484,0.284,0.92,0.324,0.416,0.196
193,,0.168,0.436,0.464,0.264,0.9,0.304,0.396,0.176
194,,0.148,0.416,0.444,0.244,0.88,0.284,0.376,0.156
195,,0.128,0.396,0.424,0.224,0.86,0.264,0.356,0.136
196,,0.108,0.376,0.404,0.204,0.84,0.244,0.336,0.116
197,,0.088,0.356,0.384,0.184,0.82,0.224,0.316,0.096
198,,0.068,0.336,0.364,0.164,0.8,0.204,0.296,0.076
199,,0.048,0.316,0.344,0.144,0.78,0.184,0.276,0.056
200,,0.028,0.296,0.324,0.124,0.76,0.164,0.256,0.036
201,,0.008,0.276,0.304,0.104,0.74,0.144,0.236,0.016
202,,-0.012,0.256,0.284,0.084,0.72,0.124,0.216,-0.004
203,1,0.988,0.448,0.264,-0.148,0.4,-0.108,0.196,0.188
204,1,1.0,0.64,0.244,-0.38,0.08,-0.34,0.176,0.38
205,4,0.768,0.62,0.436,0.62,0.272,-0.36,-0.056,0.06
206,4,0.536,0.6,0.628,1.0,0.464,-0.38,-0.288,-0.26
207,6,0.304,0.28,0.396,0.98,0.656,0.62,-0.096,-0.28
208,6,0.072,-0.04,0.164,0.96,0.848,1.0,0.096,-0.3
209,8,0.264,-0.06,-0.068,0.64,0.616,0.98,0.288,0.7
210,8,0.456,-0.08,-0.3,0.32,0.384,0.96,0.48,1.0
211,3,0.436,0.112,0.7,0.512,0.364,0.728,0.16,0.768
212,3,0.416,0.304,1.0,0.704,0.344,0.496,-0.16,0.536
213,7,0.396,0.072,0.68,0.472,0.324,0.688,0.84,0.728
214,7,0.376,-0.16,0.36,0.24,0.304,0.88,1.0,0.92
215,2,0.568,0.84,0.552,0.22,0.072,0.56,0.768,0.9
216,2,0.76,1.0,0.744,0.2,-0.16,0.24,0.536,0.88
217,5,0.44,0.768,0.724,0.392,0.84,0.432,0.516,0.648
218,5,0.12,0.536,0.704,0.584,1.0,0.624,0.496,0.416
219,,0.1,0.516,0.684,0.564,0.98,0.604,0.476,0.396
220,,0.08,0.496,0.664,0.544,0.96,0.584,0.456,0.376
221,,0.06,0.476,0.644,0.524,0.94,0.564,0.436,0.356
222,,0.04,0.456,0.624,0.504,0.92,0.544,0.416,0.336
223,,0.02,0.436,0.604,0.484,0.9,0.524,0.396,0.316
224,,0.0,0.416,0.584,0.464,0.88,0.504,0.376,0.296
225,,-0.02,0.396,0.564,0.444,0.86,0.484,0.356,0.276
226,1,0.98,0.588,0.544,0.212,0.54,0.252,0.336,0.468
227,1,1.0,0.78,0.524,-0.02,0.22,0.02,0.316,0.66
228,4,0.768,0.76,0.716,0.98,0.412,0.0,0.084,0.34
229,4,0.536,0.74,0.908,1.0,0.604,-0.02,-0.148,0.02
230,7,0.516,0.508,0.588,0.768,0.584,0.172,0.852,0.212
231,7,0.496,0.276,0.268,0.536,0.564,0.364,1.0,0.404
232,,0.476,0.256,0.248,0.516,0.544,0.344,0.98,0.384
233,,0.456,0.236,0.228,0.496,0.524,0.324,0.96,0.364
234,,0.436,0.216,0.208,0.476,0.504,0.304,0.94,0.344
235,,0.416,0.196,0.188,0.456,0.484,0.284,0.92,0.324
236,,0.396,0.176,0.168,0.436,0.464,0.264,0.9,0.304
237,,0.376,0.156,0.148,0.416,0.444,0.244,0.88,0.284
238,,0.356,0.136,0.128,0.396,0.424,0.224,0.86,0.264
239,,0.336,0.116,0.108,0.376,0.404,0.204,0.84,0.244
240,,0.316,0.096,0.088,0.356,0.384,0.184,0.82,0.224
241,,0.296,0.076,0.068,0.336,0.364,0.164,0.8,0.204
242,,0.276,0.056,0.048,0.316,0.344,0.144,0.78,0.184
243,,0.256,0.036,0.028,0.296,0.324,0.124,0.76,0.164
244,,0.236,0.016,0.008,0.276,0.304,0.104,0.74,0.144
245,,0.216,-0.004,-0.012,0.256,0.284,0.084,0.72,0.124
246,3,0.196,0.188,0.988,0.448,0.264,-0.148,0.4,-0.108
247,3,0.176,0.38,1.0,0.64,0.244,-0.38,0.08,-0.34
248,6,-0.056,0.06,0.768,0.62,0.436,0.62,0.272,-0.36
249,6,-0.288,-0.26,0.536,0.6,0.628,1.0,0.464,-0.38
250,8,-0.096,-0.28,0.304,0.28,0.396,0.98,0.656,0.62
251,8,0.096,-0.3,0.072,-0.04,0.164,0.96,0.848,1.0
252,2,0.288,0.7,0.264,-0.06,-0.068,0.64,0.616,0.98
253,2,0.48,1.0,0.456,-0.08,-0.3,0.32,0.384,0.96
254,5,0.16,0.768,0.436,0.112,0.7,0.512,0.364,0.728
255,5,-0.16,0.536,0.416,0.304,1.0,0.704,0.344,0.496
256,1,0.84,0.728,0.396,0.072,0.68,0.472,0.324,0.688
257,1,1.0,0.92,0.376,-0.16,0.36,0.24,0.304,0.88
258,4,0.768,0.9,0.568,0.84,0.552,0.22,0.072,0.56
259,4,0.536,0.88,0.76,1.0,0.744,0.2,-0.16,0.24
260,7,0.516,0.648,0.44,0.768,0.724,0.392,0.84,0.432
261,7,0.496,0.416,0.12,0.536,0.704,0.584,1.0,0.624
262,,0.476,0.396,0.1,0.516,0.684,0.564,0.98,0.604
263,,0.456,0.376,0.08,0.496,0.664,0.544,0.96,0.584
264,,0.436,0.356,0.06,0.476,0.644,0.524,0.94,0.564
265,,0.416,0.336,0.04,0.456,0.624,0.504,0.92,0.544
266,,0.396,0.316,0.02,0.436,0.604,0.484,0.9,0.524
267,,0.376,0.296,0.0,0.416,0.584,0.464,0.88,0.504
268,,0.356,0.276,-0.02,0.396,0.564,0.444,0.86,0.484
269,3,0.336,0.468,0.98,0.588,0.544,0.212,0.54,0.252
270,3,0.316,0.66,1.0,0.78,0.524,-0.02,0.22,0.02
271,6,0.084,0.34,0.768,0.76,0.716,0.98,0.412,0.0
272,6,-0.148,0.02,0.536,0.74,0.908,1.0,0.604,-0.02
273,1,0.852,0.212,0.516,0.508,0.588,0.768,0.584,0.172
274,1,1.0,0.404,0.496,0.276,0.268,0.536,0.564,0.364
275,,0.98,0.384,0.476,0.256,0.248,0.516,0.544,0.344
276,,0.96,0.364,0.456,0.236,0.228,0.496,0.524,0.324
277,,0.94,0.344,0.436,0.216,0.208,0.476,0.504,0.304
278,,0.92,0.324,0.416,0.196,0.188,0.456,0.484,0.284
279,,0.9,0.304,0.396,0.176,0.168,0.436,0.464,0.264
280,,0.88,0.284,0.376,0.156,0.148,0.416,0.444,0.244
281,,0.86,0.264,0.356,0.136,0.128,0.396,0.424,0.224
282,,0.84,0.244,0.336,0.116,0.108,0.376,0.404,0.204
283,,0.82,0.224,0.316,0.096,0.088,0.356,0.384,0.184
284,,0.8,0.204,0.296,0.076,0.068,0.336,0.364,0.164
285,,0.78,0.184,0.276,0.056,0.048,0.316,0.344,0.144
286,,0.76,0.164,0.256,0.036,0.028,0.296,0.324,0.124
287,,0.74,0.144,0.236,0.016,0.008,0.276,0.304,0.104
288,,0.72,0.124,0.216,-0.004,-0.012,0.256,0.284,0.084
289,5,0.4,-0.108,0.196,0.188,0.988,0.448,0.264,-0.148
290,5,0.08,-0.34,0.176,0.38,1.0,0.64,0.244,-0.38
291,8,0.272,-0.36,-0.056,0.06,0.768,0.62,0.436,0.62
292,8,0.464,-0.38,-0.288,-0.26,0.536,0.6,0.628,1.0
293,2,0.656,0.62,-0.096,-0.28,0.304,0.28,0.396,0.98
294,2,0.848,1.0,0.096,-0.3,0.072,-0.04,0.164,0.96
295,4,0.616,0.98,0.288,0.7,0.264,-0.06,-0.068,0.64
296,4,0.384,0.96,0.48,1.0,0.456,-0.08,-0.3,0.32
297,7,0.364,0.728,0.16,0.768,0.436,0.112,0.7,0.512
298,7,0.344,0.496,-0.16,0.536,0.416,0.304,1.0,0.704
299,3,0.324,0.688,0.84,0.728,0.396,0.072,0.68,0.472
300,3,0.304,0.88,1.0,0.92,0.376,-0.16,0.36,0.24
301,6,0.072,0.56,0.768,0.9,0.568,0.84,0.552,0.22
302,6,-0.16,0.24,0.536,0.88,0.76,1.0,0.744,0.2
303,1,0.84,0.432,0.516,0.648,0.44,0.768,0.724,0.392
304,1,1.0,0.624,0.496,0.416,0.12,0.536,0.704,0.584
305,,0.98,0.604,0.476,0.396,0.1,0.516,0.684,0.564
306,,0.96,0.584,0.456,0.376,0.08,0.496,0.664,0.544
307,,0.94,0.564,0.436,0.356,0.06,0.476,0.644,0.524
308,,0.92,0.544,0.416,0.336,0.04,0.456,0.624,0.504
309,,0.9,0.524,0.396,0.316,0.02,0.436,0.604,0.484
310,,0.88,0.504,0.376,0.296,0.0,0.416,0.584,0.464
311,,0.86,0.484,0.356,0.276,-0.02,0.396,0.564,0.444
312,5,0.54,0.252,0.336,0.468,0.98,0.588,0.544,0.212
313,5,0.22,0.02,0.316,0.66,1.0,0.78,0.524,-0.02
314,8,0.412,0.0,0.084,0.34,0.768,0.76,0.716,0.98
315,8,0.604,-0.02,-0.148,0.02,0.536,0.74,0.908,1.0
316,3,0.584,0.172,0.852,0.212,0.516,0.508,0.588,0.768
317,3,0.564,0.364,1.0,0.404,0.496,0.276,0.268,0.536
318,,0.544,0.344,0.98,0.384,0.476,0.256,0.248,0.516
319,,0.524,0.324,0.96,0.364,0.456,0.236,0.228,0.496
320,,0.504,0.304,0.94,0.344,0.436,0.216,0.208,0.476
321,,0.484,0.284,0.92,0.324,0.416,0.196,0.188,0.456
322,,0.464,0.264,0.9,0.304,0.396,0.176,0.168,0.436
323,,0.444,0.244,0.88,0.284,0.376,0.156,0.148,0.416
324,,0.424,0.224,0.86,0.264,0.356,0.136,0.128,0.396
325,,0.404,0.204,0.84,0.244,0.336,0.116,0.108,0.376
326,,0.384,0.184,0.82,0.224,0.316,0.096,0.088,0.356
327,,0.364,0.164,0.8,0.204,0.296,0.076,0.068,0.336
328,,0.344,0.144,0.78,0.184,0.276,0.056,0.048,0.316
329,,0.324,0.124,0.76,0.164,0.256,0.036,0.028,0.296
330,,0.304,0.104,0.74,0.144,0.236,0.016,0.008,0.276
331,,0.284,0.084,0.72,0.124,0.216,-0.004,-0.012,0.256
332,7,0.264,-0.148,0.4,-0.108,0.196,0.188,0.988,0.448
333,7,0.244,-0.38,0.08,-0.34,0.176,0.38,1.0,0.64
334,2,0.436,0.62,0.272,-0.36,-0.056,0.06,0.768,0.62
335,2,0.628,1.0,0.464,-0.38,-0.288,-0.26,0.536,0.6
336,4,0.396,0.98,0.656,0.62,-0.096,-0.28,0.304,0.28
337,4,0.164,0.96,0.848,1.0,0.096,-0.3,0.072,-0.04
338,6,-0.068,0.64,0.616,0.98,0.288,0.7,0.264,-0.06
339,6,-0.3,0.32,0.384,0.96,0.48,1.0,0.456,-0.08
340,1,0.7,0.512,0.364,0.728,0.16,0.768,0.436,0.112
341,1,1.0,0.704,0.344,0.496,-0.16,0.536,0.416,0.304
342,5,0.68,0.472,0.324,0.688,0.84,0.728,0.396,0.072
343,5,0.36,0.24,0.304,0.88,1.0,0.92,0.376,-0.16
344,8,0.552,0.22,0.072,0.56,0.768,0.9,0.568,0.84
345,8,0.744,0.2,-0.16,0.24,0.536,0.88,0.76,1.0
346,3,0.724,0.392,0.84,0.432,0.516,0.648,0.44,0.768
347,3,0.704,0.584,1.0,0.624,0.496,0.416,0.12,0.536
348,,0.684,0.564,0.98,0.604,0.476,0.396,0.1,0.516
349,,0.664,0.544,0.96,0.584,0.456,0.376,0.08,0.496
350,,0.644,0.524,0.94,0.564,0.436,0.356,0.06,0.476
351,,0.624,0.504,0.92,0.544,0.416,0.336,0.04,0.456
352,,0.604,0.484,0.9,0.524,0.396,0.316,0.02,0.436
353,,0.584,0.464,0.88,0.504,0.376,0.296,0.0,0.416
354,,0.564,0.444,0.86,0.484,0.356,0.276,-0.02,0.396
355,7,0.544,0.212,0.54,0.252,0.336,0.468,0.98,0.588
356,7,0.524,-0.02,0.22,0.02,0.316,0.66,1.0,0.78
357,2,0.716,0.98,0.412,0.0,0.084,0.34,0.768,0.76
358,2,0.908,1.0,0.604,-0.02,-0.148,0.02,0.536,0.74
359,5,0.588,0.768,0.584,0.172,0.852,0.212,0.516,0.508
360,5,0.268,0.536,0.564,0.364,1.0,0.404,0.496,0.276
361,,0.248,0.516,0.544,0.344,0.98,0.384,0.476,0.256
362,,0.228,0.496,0.524,0.324,0.96,0.364,0.456,0.236
363,,0.208,0.476,0.504,0.304,0.94,0.344,0.436,0.216
364,,0.188,0.456,0.484,0.284,0.92,0.324,0.416,0.196
365,,0.168,0.436,0.464,0.264,0.9,0.304,0.396,0.176
366,,0.148,0.416,0.444,0.244,0.88,0.284,0.376,0.156
367,,0.128,0.396,0.424,0.224,0.86,0.264,0.356,0.136
368,,0.108,0.376,0.404,0.204,0.84,0.244,0.336,0.116
369,,0.088,0.356,0.384,0.184,0.82,0.224,0.316,0.096
370,,0.068,0.336,0.364,0.164,0.8,0.204,0.296,0.076
371,,0.048,0.316,0.344,0.144,0.78,0.184,0.276,0.056
372,,0.028,0.296,0.324,0.124,0.76,0.164,0.256,0.036
373,,0.008,0.276,0.304,0.104,0.74,0.144,0.236,0.016
374,,-0.012,0.256,0.284,0.084,0.72,0.124,0.216,-0.004
375,1,0.988,0.448,0.264,-0.148,0.4,-0.108,0.196,0.188
376,1,1.0,0.64,0.244,-0.38,0.08,-0.34,0.176,0.38
377,4,0.768,0.62,0.436,0.62,0.272,-0.36,-0.056,0.06
378,4,0.536,0.6,0.628,1.0,0.464,-0.38,-0.288,-0.26
379,6,0.304,0.28,0.396,0.98,0.656,0.62,-0.096,-0.28
380,6,0.072,-0.04,0.164,0.96,0.848,1.0,0.096,-0.3
381,8,0.264,-0.06,-0.068,0.64,0.616,0.98,0.288,0.7
382,8,0.456,-0.08,-0.3,0.32,0.384,0.96,0.48,1.0
383,3,0.436,0.112,0.7,0.512,0.364,0.728,0.16,0.768
384,3,0.416,0.304,1.0,0.704,0.344,0.496,-0.16,0.536
385,7,0.396,0.072,0.68,0.472,0.324,0.688,0.84,0.728
386,7,0.376,-0.16,0.36,0.24,0.304,0.88,1.0,0.92
387,2,0.568,0.84,0.552,0.22,0.072,0.56,0.768,0.9
388,2,0.76,1.0,0.744,0.2,-0.16,0.24,0.536,0.88
389,5,0.44,0.768,0.724,0.392,0.84,0.432,0.516,0.648
390,5,0.12,0.536,0.704,0.584,1.0,0.624,0.496,0.416
391,,0.1,0.516,0.684,0.564,0.98,0.604,0.476,0.396
392,,0.08,0.496,0.664,0.544,0.96,0.584,0.456,0.376
393,,0.06,0.476,0.644,0.524,0.94,0.564,0.436,0.356
394,,0.04,0.456,0.624,0.504,0.92,0.544,0.416,0.336
395,,0.02,0.436,0.604,0.484,0.9,0.524,0.396,0.316
396,,0.0,0.416,0.584,0.464,0.88,0.504,0.376,0.296
397,,-0.02,0.396,0.564,0.444,0.86,0.484,0.356,0.276
398,1,0.98,0.588,0.544,0.212,0.54,0.252,0.336,0.468
399,1,1.0,0.78,0.524,-0.02,0.22,0.02,0.316,0.66
400,4,0.768,0.76,0.716,0.98,0.412,0.0,0.084,0.34
401,4,0.536,0.74,0.908,1.0,0.604,-0.02,-0.148,0.02
402,7,0.516,0.508,0.588,0.768,0.584,0.172,0.852,0.212
403,7,0.496,0.276,0.268,0.536,0.564,0.364,1.0,0.404
404,,0.476,0.256,0.248,0.516,0.544,0.344,0.98,0.384
405,,0.456,0.236,0.228,0.496,0.524,0.324,0.96,0.364
406,,0.436,0.216,0.208,0.476,0.504,0.304,0.94,0.344
407,,0.416,0.196,0.188,0.456,0.484,0.284,0.92,0.324
408,,0.396,0.176,0.168,0.436,0.464,0.264,0.9,0.304
409,,0.376,0.156,0.148,0.416,0.444,0.244,0.88,0.284
410,,0.356,0.136,0.128,0.396,0.424,0.224,0.86,0.264
411,,0.336,0.116,0.108,0.376,0.404,0.204,0.84,0.244
412,,0.316,0.096,0.088,0.356,0.384,0.184,0.82,0.224
413,,0.296,0.076,0.068,0.336,0.364,0.164,0.8,0.204
414,,0.276,0.056,0.048,0.316,0.344,0.144,0.78,0.184
415,,0.256,0.036,0.028,0.296,0.324,0.124,0.76,0.164
416,,0.236,0.016,0.008,0.276,0.304,0.104,0.74,0.144
417,,0.216,-0.004,-0.012,0.256,0.284,0.084,0.72,0.124
418,3,0.196,0.188,0.988,0.448,0.264,-0.148,0.4,-0.108
419,3,0.176,0.38,1.0,0.64,0.244,-0.38,0.08,-0.34
420,6,-0.056,0.06,0.768,0.62,0.436,0.62,0.272,-0.36
421,6,-0.288,-0.26,0.536,0.6,0.628,1.0,0.464,-0.38
422,8,-0.096,-0.28,0.304,0.28,0.396,0.98,0.656,0.62
423,8,0.096,-0.3,0.072,-0.04,0.164,0.96,0.848,1.0
424,2,0.288,0.7,0.264,-0.06,-0.068,0.64,0.616,0.98
425,2,0.48,1.0,0.456,-0.08,-0.3,0.32,0.384,0.96
426,5,0.16,0.768,0.436,0.112,0.7,0.512,0.364,0.728
427,5,-0.16,0.536,0.416,0.304,1.0,0.704,0.344,0.496
428,1,0.84,0.728,0.396,0.072,0.68,0.472,0.324,0.688
429,1,1.0,0.92,0.376,-0.16,0.36,0.24,0.304,0.88
430,4,0.768,0.9,0.568,0.84,0.552,0.22,0.072,0.56
431,4,0.536,0.88,0.76,1.0,0.744,0.2,-0.16,0.24
432,7,0.516,0.648,0.44,0.768,0.724,0.392,0.84,0.432
433,7,0.496,0.416,0.12,0.536,0.704,0.584,1.0,0.624
434,,0.476,0.396,0.1,0.516,0.684,0.564,0.98,0.604
435,,0.456,0.376,0.08,0.496,0.664,0.544,0.96,0.584
436,,0.436,0.356,0.06,0.476,0.644,0.524,0.94,0.564
437,,0.416,0.336,0.04,0.456,0.624,0.504,0.92,0.544
438,,0.396,0.316,0.02,0.436,0.604,0.484,0.9,0.524
439,,0.376,0.296,0.0,0.416,0.584,0.464,0.88,0.504
440,,0.356,0.276,-0.02,0.396,0.564,0.444,0.86,0.484
441,3,0.336,0.468,0.98,0.588,0.544,0.212,0.54,0.252
442,3,0.316,0.66,1.0,0.78,0.524,-0.02,0.22,0.02
443,6,0.084,0.34,0.768,0.76,0.716,0.98,0.412,0.0
444,6,-0.148,0.02,0.536,0.74,0.908,1.0,0.604,-0.02
445,1,0.852,0.212,0.516,0.508,0.588,0.768,0.584,0.172
446,1,1.0,0.404,0.496,0.276,0.268,0.536,0.564,0.364
447,,0.98,0.384,0.476,0.256,0.248,0.516,0.544,0.344
448,,0.96,0.364,0.456,0.236,0.228,0.496,0.524,0.324
449,,0.94,0.344,0.436,0.216,0.208,0.476,0.504,0.304
450,,0.92,0.324,0.416,0.196,0.188,0.456,0.484,0.284
451,,0.9,0.304,0.396,0.176,0.168,0.436,0.464,0.264
452,,0.88,0.284,0.376,0.156,0.148,0.416,0.444,0.244
453,,0.86,0.264,0.356,0.136,0.128,0.396,0.424,0.224
454,,0.84,0.244,0.336,0.116,0.108,0.376,0.404,0.204
455,,0.82,0.224,0.316,0.096,0.088,0.356,0.384,0.184
456,,0.8,0.204,0.296,0.076,0.068,0.336,0.364,0.164
457,,0.78,0.184,0.276,0.056,0.048,0.316,0.344,0.144
458,,0.76,0.164,0.256,0.036,0.028,0.296,0.324,0.124
459,,0.74,0.144,0.236,0.016,0.008,0.276,0.304,0.104
460,,0.72,0.124,0.216,-0.004,-0.012,0.256,0.284,0.084
461,5,0.4,-0.108,0.196,0.188,0.988,0.448,0.264,-0.148
462,5,0.08,-0.34,0.176,0.38,1.0,0.64,0.244,-0.38
463,8,0.272,-0.36,-0.056,0.06,0.768,0.62,0.436,0.62
464,8,0.464,-0.38,-0.288,-0.26,0.536,0.6,0.628,1.0
465,2,0.656,0.62,-0.096,-0.28,0.304,0.28,0.396,0.98
466,2,0.848,1.0,0.096,-0.3,0.072,-0.04,0.164,0.96
467,4,0.616,0.98,0.288,0.7,0.264,-0.06,-0.068,0.64
468,4,0.384,0.96,0.48,1.0,0.456,-0.08,-0.3,0.32
469,7,0.364,0.728,0.16,0.768,0.436,0.112,0.7,0.512
470,7,0.344,0.496,-0.16,0.536,0.416,0.304,1.0,0.704
471,3,0.324,0.688,0.84,0.728,0.396,0.072,0.68,0.472
472,3,0.304,0.88,1.0,0.92,0.376,-0.16,0.36,0.24
473,6,0.072,0.56,0.768,0.9,0.568,0.84,0.552,0.22
474,6,-0.16,0.24,0.536,0.88,0.76,1.0,0.744,0.2
475,1,0.84,0.432,0.516,0.648,0.44,0.768,0.724,0.392
476,1,1.0,0.624,0.496,0.416,0.12,0.536,0.704,0.584
477,,0.98,0.604,0.476,0.396,0.1,0.516,0.684,0.564
478,,0.96,0.584,0.456,0.376,0.08,0.496,0.664,0.544
479,,0.94,0.564,0.436,0.356,0.06,0.476,0.644,0.524
480,,0.92,0.544,0.416,0.336,0.04,0.456,0.624,0.504
481,,0.9,0.524,0.396,0.316,0.02,0.436,0.604,0.484
482,,0.88,0.504,0.376,0.296,0.0,0.416,0.584,0.464
483,,0.86,0.484,0.356,0.276,-0.02,0.396,0.564,0.444
484,5,0.54,0.252,0.336,0.468,0.98,0.588,0.544,0.212
485,5,0.22,0.02,0.316,0.66,1.0,0.78,0.524,-0.02
486,8,0.412,0.0,0.084,0.34,0.768,0.76,0.716,0.98
487,8,0.604,-0.02,-0.148,0.02,0.536,0.74,0.908,1.0
488,3,0.584,0.172,0.852,0.212,0.516,0.508,0.588,0.768
489,3,0.564,0.364,1.0,0.404,0.496,0.276,0.268,0.536
490,,0.544,0.344,0.98,0.384,0.476,0.256,0.248,0.516
491,,0.524,0.324,0.96,0.364,0.456,0.236,0.228,0.496
492,,0.504,0.304,0.94,0.344,0.436,0.216,0.208,0.476
493,,0.484,0.284,0.92,0.324,0.416,0.196,0.188,0.456
494,,0.464,0.264,0.9,0.304,0.396,0.176,0.168,0.436
495,,0.444,0.244,0.88,0.284,0.376,0.156,0.148,0.416
496,,0.424,0.224,0.86,0.264,0.356,0.136,0.128,0.396
497,,0.404,0.204,0.84,0.244,0.336,0.116,0.108,0.376
498,,0.384,0.184,0.82,0.224,0.316,0.096,0.088,0.356
499,,0.364,0.164,0.8,0.204,0.296,0.076,0.068,0.336
500,,0.344,0.144,0.78,0.184,0.276,0.056,0.048,0.316
501,,0.324,0.124,0.76,0.164,0.256,0.036,0.028,0.296
502,,0.304,0.104,0.74,0.144,0.236,0.016,0.008,0.276
503,,0.284,0.084,0.72,0.124,0.216,-0.004,-0.012,0.256
504,7,0.264,-0.148,0.4,-0.108,0.196,0.188,0.988,0.448
505,7,0.244,-0.38,0.08,-0.34,0.176,0.38,1.0,0.64
506,2,0.436,0.62,0.272,-0.36,-0.056,0.06,0.768,0.62
507,2,0.628,1.0,0.464,-0.38,-0.288,-0.26,0.536,0.6
508,4,0.396,0.98,0.656,0.62,-0.096,-0.28,0.304,0.28
509,4,0.164,0.96,0.848,1.0,0.096,-0.3,0.072,-0.04
510,6,-0.068,0.64,0.616,0.98,0.288,0.7,0.264,-0.06
511,6,-0.3,0.32,0.384,0.96,0.48,1.0,0.456,-0.08
512,1,0.7,0.512,0.364,0.728,0.16,0.768,0.436,0.112
513,1,1.0,0.704,0.344,0.496,-0.16,0.536,0.416,0.304
514,5,0.68,0.472,0.324,0.688,0.84,0.728,0.396,0.072
515,5,0.36,0.24,0.304,0.88,1.0,0.92,0.376,-0.16
516,8,0.552,0.22,0.072,0.56,0.768,0.9,0.568,0.84
517,8,0.744,0.2,-0.16,0.24,0.536,0.88,0.76,1.0
518,3,0.724,0.392,0.84,0.432,0.516,0.648,0.44,0.768
519,3,0.704,0.584,1.0,0.624,0.496,0.416,0.12,0.536
520,,0.684,0.564,0.98,0.604,0.476,0.396,0.1,0.516
521,,0.664,0.544,0.96,0.584,0.456,0.376,0.08,0.496
522,,0.644,0.524,0.94,0.564,0.436,0.356,0.06,0.476
523,,0.624,0.504,0.92,0.544,0.416,0.336,0.04,0.456
524,,0.604,0.484,0.9,0.524,0.396,0.316,0.02,0.436
525,,0.584,0.464,0.88,0.504,0.376,0.296,0.0,0.416
526,,0.564,0.444,0.86,0.484,0.356,0.276,-0.02,0.396
527,7,0.544,0.212,0.54,0.252,0.336,0.468,0.98,0.588
528,7,0.524,-0.02,0.22,0.02,0.316,0.66,1.0,0.78
529,2,0.716,0.98,0.412,0.0,0.084,0.34,0.768,0.76
530,2,0.908,1.0,0.604,-0.02,-0.148,0.02,0.536,0.74
531,5,0.588,0.768,0.584,0.172,0.852,0.212,0.516,0.508
532,5,0.268,0.536,0.564,0.364,1.0,0.404,0.496,0.276
533,,0.248,0.516,0.544,0.344,0.98,0.384,0.476,0.256
534,,0.228,0.496,0.524,0.324,0.96,0.364,0.456,0.236
535,,0.208,0.476,0.504,0.304,0.94,0.344,0.436,0.216
536,,0.188,0.456,0.484,0.284,0.92,0.324,0.416,0.196
537,,0.168,0.436,0.464,0.264,0.9,0.304,0.396,0.176
538,,0.148,0.416,0.444,0.244,0.88,0.284,0.376,0.156
539,,0.128,0.396,0.424,0.224,0.86,0.264,0.356,0.136
540,,0.108,0.376,0.404,0.204,0.84,0.244,0.336,0.116
541,,0.088,0.356,0.384,0.184,0.82,0.224,0.316,0.096
542,,0.068,0.336,0.364,0.164,0.8,0.204,0.296,0.076
543,,0.048,0.316,0.344,0.144,0.78,0.184,0.276,0.056
544,,0.028,0.296,0.324,0.124,0.76,0.164,0.256,0.036
545,,0.008,0.276,0.304,0.104,0.74,0.144,0.236,0.016
546,,-0.012,0.256,0.284,0.084,0.72,0.124,0.216,-0.004
547,1,0.988,0.448,0.264,-0.148,0.4,-0.108,0.196,0.188
548,1,1.0,0.64,0.244,-0.38,0.08,-0.34,0.176,0.38
549,4,0.768,0.62,0.436,0.62,0.272,-0.36,-0.056,0.06
550,4,0.536,0.6,0.628,1.0,0.464,-0.38,-0.288,-0.26
551,6,0.304,0.28,0.396,0.98,0.656,0.62,-0.096,-0.28
552,6,0.072,-0.04,0.164,0.96,0.848,1.0,0.096,-0.3
553,8,0.264,-0.06,-0.068,0.64,0.616,0.98,0.288,0.7
554,8,0.456,-0.08,-0.3,0.32,0.384,0.96,0.48,1.0
555,3,0.436,0.112,0.7,0.512,0.364,0.728,0.16,0.768
556,3,0.416,0.304,1.0,0.704,0.344,0.496,-0.16,0.536
557,7,0.396,0.072,0.68,0.472,0.324,0.688,0.84,0.728
558,7,0.376,-0.16,0.36,0.24,0.304,0.88,1.0,0.92
559,2,0.568,0.84,0.552,0.22,0.072,0.56,0.768,0.9
560,2,0.76,1.0,0.744,0.2,-0.16,0.24,0.536,0.88
561,5,0.44,0.768,0.724,0.392,0.84,0.432,0.516,0.648
562,5,0.12,0.536,0.704,0.584,1.0,0.624,0.496,0.416
563,,0.1,0.516,0.684,0.564,0.98,0.604,0.476,0.396
564,,0.08,0.496,0.664,0.544,0.96,0.584,0.456,0.376
565,,0.06,0.476,0.644,0.524,0.94,0.564,0.436,0.356
566,,0.04,0.456,0.624,0.504,0.92,0.544,0.416,0.336
567,,0.02,0.436,0.604,0.484,0.9,0.524,0.396,0.316
568,,0.0,0.416,0.584,0.464,0.88,0.504,0.376,0.296
569,,-0.02,0.396,0.564,0.444,0.86,0.484,0.356,0.276
570,1,0.98,0.588,0.544,0.212,0.54,0.252,0.336,0.468
571,1,1.0,0.78,0.524,-0.02,0.22,0.02,0.316,0.66
572,4,0.768,0.76,0.716,0.98,0.412,0.0,0.084,0.34
573,4,0.536,0.74,0.908,1.0,0.604,-0.02,-0.148,0.02
574,7,0.516,0.508,0.588,0.768,0.584,0.172,0.852,0.212
575,7,0.496,0.276,0.268,0.536,0.564,0.364,1.0,0.404
576,,0.476,0.256,0.248,0.516,0.544,0.344,0.98,0.384
577,,0.456,0.236,0.228,0.496,0.524,0.324,0.96,0.364
578,,0.436,0.216,0.208,0.476,0.504,0.304,0.94,0.344
579,,0.416,0.196,0.188,0.456,0.484,0.284,0.92,0.324
580,,0.396,0.176,0.168,0.436,0.464,0.264,0.9,0.304
581,,0.376,0.156,0.148,0.416,0.444,0.244,0.88,0.284
582,,0.356,0.136,0.128,0.396,0.424,0.224,0.86,0.264
583,,0.336,0.116,0.108,0.376,0.404,0.204,0.84,0.244
584,,0.316,0.096,0.088,0.356,0.384,0.184,0.82,0.224
585,,0.296,0.076,0.068,0.336,0.364,0.164,0.8,0.204
586,,0.276,0.056,0.048,0.316,0.344,0.144,0.78,0.184
587,,0.256,0.036,0.028,0.296,0.324,0.124,0.76,0.164
588,,0.236,0.016,0.008,0.276,0.304,0.104,0.74,0.144
589,,0.216,-0.004,-0.012,0.256,0.284,0.084,0.72,0.124
590,3,0.196,0.188,0.988,0.448,0.264,-0.148,0.4,-0.108
591,3,0.176,0.38,1.0,0.64,0.244,-0.38,0.08,-0.34
592,6,-0.056,0.06,0.768,0.62,0.436,0.62,0.272,-0.36
593,6,-0.288,-0.26,0.536,0.6,0.628,1.0,0.464,-0.38
594,8,-0.096,-0.28,0.304,0.28,0.396,0.98,0.656,0.62
595,8,0.096,-0.3,0.072,-0.04,0.164,0.96,0.848,1.0
596,2,0.288,0.7,0.264,-0.06,-0.068,0.64,0.616,0.98
597,2,0.48,1.0,0.456,-0.08,-0.3,0.32,0.384,0.96
598,5,0.16,0.768,0.436,0.112,0.7,0.512,0.364,0.728
599,5,-0.16,0.536,0.416,0.304,1.0,0.704,0.344,0.496
600,1,0.84,0.728,0.396,0.072,0.68,0.472,0.324,0.688
601,1,1.0,0.92,0.376,-0.16,0.36,0.24,0.304,0.88
602,4,0.768,0.9,0.568,0.84,0.552,0.22,0.072,0.56
603,4,0.536,0.88,0.76,1.0,0.744,0.2,-0.16,0.24
604,7,0.516,0.648,0.44,0.768,0.724,0.392,0.84,0.432
605,7,0.496,0.416,0.12,0.536,0.704,0.584,1.0,0.624
606,,0.476,0.396,0.1,0.516,0.684,0.564,0.98,0.604
607,,0.456,0.376,0.08,0.496,0.664,0.544,0.96,0.584
608,,0.436,0.356,0.06,0.476,0.644,0.524,0.94,0.564
609,,0.416,0.336,0.04,0.456,0.624,0.504,0.92,0.544
610,,0.396,0.316,0.02,0.436,0.604,0.484,0.9,0.524
611,,0.376,0.296,0.0,0.416,0.584,0.464,0.88,0.504
612,,0.356,0.276,-0.02,0.396,0.564,0.444,0.86,0.484
613,3,0.336,0.468,0.98,0.588,0.544,0.212,0.54,0.252
614,3,0.316,0.66,1.0,0.78,0.524,-0.02,0.22,0.02
615,6,0.084,0.34,0.768,0.76,0.716,0.98,0.412,0.0
616,6,-0.148,0.02,0.536,0.74,0.908,1.0,0.604,-0.02
617,1,0.852,0.212,0.516,0.508,0.588,0.768,0.584,0.172
618,1,1.0,0.404,0.496,0.276,0.268,0.536,0.564,0.364
619,,0.98,0.384,0.476,0.256,0.248,0.516,0.544,0.344
620,,0.96,0.364,0.456,0.236,0.228,0.496,0.524,0.324
621,,0.94,0.344,0.436,0.216,0.208,0.476,0.504,0.304
622,,0.92,0.324,0.416,0.196,0.188,0.456,0.484,0.284
623,,0.9,0.304,0.396,0.176,0.168,0.436,0.464,0.264
624,,0.88,0.284,0.376,0.156,0.148,0.416,0.444,0.244
625,,0.86,0.264,0.356,0.136,0.128,0.396,0.424,0.224
626,,0.84,0.244,0.336,0.116,0.108,0.376,0.404,0.204
627,,0.82,0.224,0.316,0.096,0.088,0.356,0.384,0.184
628,,0.8,0.204,0.296,0.076,0.068,0.336,0.364,0.164
629,,0.78,0.184,0.276,0.056,0.048,0.316,0.344,0.144
630,,0.76,0.164,0.256,0.036,0.028,0.296,0.324,0.124
631,,0.74,0.144,0.236,0.016,0.008,0.276,0.304,0.104
632,,0.72,0.124,0.216,-0.004,-0.012,0.256,0.284,0.084
633,5,0.4,-0.108,0.196,0.188,0.988,0.448,0.264,-0.148
634,5,0.08,-0.34,0.176,0.38,1.0,0.64,0.244,-0.38
635,8,0.272,-0.36,-0.056,0.06,0.768,0.62,0.436,0.62
636,8,0.464,-0.38,-0.288,-0.26,0.536,0.6,0.628,1.0
637,2,0.656,0.62,-0.096,-0.28,0.304,0.28,0.396,0.98
638,2,0.848,1.0,0.096,-0.3,0.072,-0.04,0.164,0.96
639,4,0.616,0.98,0.288,0.7,0.264,-0.06,-0.068,0.64
640,4,0.384,0.96,0.48,1.0,0.456,-0.08,-0.3,0.32
641,7,0.364,0.728,0.16,0.768,0.436,0.112,0.7,0.512
642,7,0.344,0.496,-0.16,0.536,0.416,0.304,1.0,0.704
643,3,0.324,0.688,0.84,0.728,0.396,0.072,0.68,0.472
644,3,0.304,0.88,1.0,0.92,0.376,-0.16,0.36,0.24
645,6,0.072,0.56,0.768,0.9,0.568,0.84,0.552,0.22
646,6,-0.16,0.24,0.536,0.88,0.76,1.0,0.744,0.2
647,1,0.84,0.432,0.516,0.648,0.44,0.768,0.724,0.392
648,1,1.0,0.624,0.496,0.416,0.12,0.536,0.704,0.584
649,,0.98,0.604,0.476,0.396,0.1,0.516,0.684,0.564
650,,0.96,0.584,0.456,0.376,0.08,0.496,0.664,0.544
651,,0.94,0.564,0.436,0.356,0.06,0.476,0.644,0.524
652,,0.92,0.544,0.416,0.336,0.04,0.456,0.624,0.504
653,,0.9,0.524,0.396,0.316,0.02,0.436,0.604,0.484
654,,0.88,0.504,0.376,0.296,0.0,0.416,0.584,0.464
655,,0.86,0.484,0.356,0.276,-0.02,0.396,0.564,0.444
656,5,0.54,0.252,0.336,0.468,0.98,0.588,0.544,0.212
657,5,0.22,0.02,0.316,0.66,1.0,0.78,0.524,-0.02
658,8,0.412,0.0,0.084,0.34,0.768,0.76,0.716,0.98
659,8,0.604,-0.02,-0.148,0.02,0.536,0.74,0.908,1.0
660,3,0.584,0.172,0.852,0.212,0.516,0.508,0.588,0.768
661,3,0.564,0.364,1.0,0.404,0.496,0.276,0.268,0.536
662,,0.544,0.344,0.98,0.384,0.476,0.256,0.248,0.516
663,,0.524,0.324,0.96,0.364,0.456,0.236,0.228,0.496
664,,0.504,0.304,0.94,0.344,0.436,0.216,0.208,0.476
665,,0.484,0.284,0.92,0.324,0.416,0.196,0.188,0.456
666,,0.464,0.264,0.9,0.304,0.396,0.176,0.168,0.436
667,,0.444,0.244,0.88,0.284,0.376,0.156,0.148,0.416
668,,0.424,0.224,0.86,0.264,0.356,0.136,0.128,0.396
669,,0.404,0.204,0.84,0.244,0.336,0.116,0.108,0.376
670,,0.384,0.184,0.82,0.224,0.316,0.096,0.088,0.356
671,,0.364,0.164,0.8,0.204,0.296,0.076,0.068,0.336
672,,0.344,0.144,0.78,0.184,0.276,0.056,0.048,0.316
673,,0.324,0.124,0.76,0.164,0.256,0.036,0.028,0.296
674,,0.304,0.104,0.74,0.144,0.236,0.016,0.008,0.276
675,,0.284,0.084,0.72,0.124,0.216,-0.004,-0.012,0.256
676,7,0.264,-0.148,0.4,-0.108,0.196,0.188,0.988,0.448
677,7,0.244,-0.38,0.08,-0.34,0.176,0.38,1.0,0.64
678,2,0.436,0.62,0.272,-0.36,-0.056,0.06,0.768,0.62
679,2,0.628,1.0,0.464,-0.38,-0.288,-0.26,0.536,0.6
680,4,0.396,0.98,0.656,0.62,-0.096,-0.28,0.304,0.28
681,4,0.164,0.96,0.848,1.0,0.096,-0.3,0.072,-0.04
682,6,-0.068,0.64,0.616,0.98,0.288,0.7,0.264,-0.06
683,6,-0.3,0.32,0.384,0.96,0.48,1.0,0.456,-0.08
684,1,0.7,0.512,0.364,0.728,0.16,0.768,0.436,0.112
685,1,1.0,0.704,0.344,0.496,-0.16,0.536,0.416,0.304
686,5,0.68,0.472,0.324,0.688,0.84,0.728,0.396,0.072
687,5,0.36,0.24,0.304,0.88,1.0,0.92,0.376,-0.16
688,8,0.552,0.22,0.072,0.56,0.768,0.9,0.568,0.84
689,8,0.744,0.2,-0.16,0.24,0.536,0.88,0.76,1.0
690,3,0.724,0.392,0.84,0.432,0.516,0.648,0.44,0.768
691,3,0.704,0.584,1.0,0.624,0.496,0.416,0.12,0.536
692,,0.684,0.564,0.98,0.604,0.476,0.396,0.1,0.516
693,,0.664,0.544,0.96,0.584,0.456,0.376,0.08,0.496
694,,0.644,0.524,0.94,0.564,0.436,0.356,0.06,0.476
695,,0.624,0.504,0.92,0.544,0.416,0.336,0.04,0.456
696,,0.604,0.484,0.9,0.524,0.396,0.316,0.02,0.436
697,,0.584,0.464,0.88,0.504,0.376,0.296,0.0,0.416
698,,0.564,0.444,0.86,0.484,0.356,0.276,-0.02,0.396
699,7,0.544,0.212,0.54,0.252,0.336,0.468,0.98,0.588
700,7,0.524,-0.02,0.22,0.02,0.316,0.66,1.0,0.78
701,2,0.716,0.98,0.412,0.0,0.084,0.34,0.768,0.76
702,2,0.908,1.0,0.604,-0.02,-0.148,0.02,0.536,0.74
703,5,0.588,0.768,0.584,0.172,0.852,0.212,0.516,0.508
704,5,0.268,0.536,0.564,0.364,1.0,0.404,0.496,0.276
705,,0.248,0.516,0.544,0.344,0.98,0.384,0.476,0.256
706,,0.228,0.496,0.524,0.324,0.96,0.364,0.456,0.236
707,,0.208,0.476,0.504,0.304,0.94,0.344,0.436,0.216
708,,0.188,0.456,0.484,0.284,0.92,0.324,0.416,0.196
709,,0.168,0.436,0.464,0.264,0.9,0.304,0.396,0.176
710,,0.148,0.416,0.444,0.244,0.88,0.284,0.376,0.156
711,,0.128,0.396,0.424,0.224,0.86,0.264,0.356,0.136
712,,0.108,0.376,0.404,0.204,0.84,0.244,0.336,0.116
713,,0.088,0.356,0.384,0.184,0.82,0.224,0.316,0.096
714,,0.068,0.336,0.364,0.164,0.8,0.204,0.296,0.076
715,,0.048,0.316,0.344,0.144,0.78,0.184,0.276,0.056
716,,0.028,0.296,0.324,0.124,0.76,0.164,0.256,0.036
717,,0.008,0.276,0.304,0.104,0.74,0.144,0.236,0.016
718,,-0.012,0.256,0.284,0.084,0.72,0.124,0.216,-0.004
719,1,0.988,0.448,0.264,-0.148,0.4,-0.108,0.196,0.188
720,1,1.0,0.64,0.244,-0.38,0.08,-0.34,0.176,0.38
721,4,0.768,0.62,0.436,0.62,0.272,-0.36,-0.056,0.06
722,4,0.536,0.6,0.628,1.0,0.464,-0.38,-0.288,-0.26
723,6,0.304,0.28,0.396,0.98,0.656,0.62,-0.096,-0.28
724,6,0.072,-0.04,0.164,0.96,0.848,1.0,0.096,-0.3
725,8,0.264,-0.06,-0.068,0.64,0.616,0.98,0.288,0.7
726,8,0.456,-0.08,-0.3,0.32,0.384,0.96,0.48,1.0
727,3,0.436,0.112,0.7,0.512,0.364,0.728,0.16,0.768
728,3,0.416,0.304,1.0,0.704,0.344,0.496,-0.16,0.536
729,7,0.396,0.072,0.68,0.472,0.324,0.688,0.84,0.728
730,7,0.376,-0.16,0.36,0.24,0.304,0.88,1.0,0.92
731,2,0.568,0.84,0.552,0.22,0.072,0.56,0.768,0.9
732,2,0.76,1.0,0.744,0.2,-0.16,0.24,0.536,0.88
733,5,0.44,0.768,0.724,0.392,0.84,0.432,0.516,0.648
734,5,0.12,0.536,0.704,0.584,1.0,0.624,0.496,0.416
735,,0.1,0.516,0.684,0.564,0.98,0.604,0.476,0.396
736,,0.08,0.496,0.664,0.544,0.96,0.584,0.456,0.376
737,,0.06,0.476,0.644,0.524,0.94,0.564,0.436,0.356
738,,0.04,0.456,0.624,0.504,0.92,0.544,0.416,0.336
739,,0.02,0.436,0.604,0.484,0.9,0.524,0.396,0.316
740,,0.0,0.416,0.584,0.464,0.88,0.504,0.376,0.296
741,,-0.02,0.396,0.564,0.444,0.86,0.484,0.356,0.276
742,1,0.98,0.588,0.544,0.212,0.54,0.252,0.336,0.468
743,1,1.0,0.78,0.524,-0.02,0.22,0.02,0.316,0.66
744,4,0.768,0.76,0.716,0.98,0.412,0.0,0.084,0.34
745,4,0.536,0.74,0.908,1.0,0.604,-0.02,-0.148,0.02
746,7,0.516,0.508,0.588,0.768,0.584,0.172,0.852,0.212
747,7,0.496,0.276,0.268,0.536,0.564,0.364,1.0,0.404
748,,0.476,0.256,0.248,0.516,0.544,0.344,0.98,0.384
749,,0.456,0.236,0.228,0.496,0.524,0.324,0.96,0.364
750,,0.436,0.216,0.208,0.476,0.504,0.304,0.94,0.344
751,,0.416,0.196,0.188,0.456,0.484,0.284,0.92,0.324
752,,0.396,0.176,0.168,0.436,0.464,0.264,0.9,0.304
753,,0.376,0.156,0.148,0.416,0.444,0.244,0.88,0.284
754,,0.356,0.136,0.128,0.396,0.424,0.224,0.86,0.264
755,,0.336,0.116,0.108,0.376,0.404,0.204,0.84,0.244
756,,0.316,0.096,0.088,0.356,0.384,0.184,0.82,0.224
757,,0.296,0.076,0.068,0.336,0.364,0.164,0.8,0.204
758,,0.276,0.056,0.048,0.316,0.344,0.144,0.78,0.184
759,,0.256,0.036,0.028,0.296,0.324,0.124,0.76,0.164
760,,0.236,0.016,0.008,0.276,0.304,0.104,0.74,0.144
761,,0.216,-0.004,-0.012,0.256,0.284,0.084,0.72,0.124
762,3,0.196,0.188,0.988,0.448,0.264,-0.148,0.4,-0.108
763,3,0.176,0.38,1.0,0.64,0.244,-0.38,0.08,-0.34
764,6,-0.056,0.06,0.768,0.62,0.436,0.62,0.272,-0.36
765,6,-0.288,-0.26,0.536,0.6,0.628,1.0,0.464,-0.38
766,8,-0.096,-0.28,0.304,0.28,0.396,0.98,0.656,0.62
767,8,0.096,-0.3,0.072,-0.04,0.164,0.96,0.848,1.0
768,2,0.288,0.7,0.264,-0.06,-0.068,0.64,0.616,0.98
769,2,0.48,1.0,0.456,-0.08,-0.3,0.32,0.384,0.96
770,5,0.16,0.768,0.436,0.112,0.7,0.512,0.364,0.728
771,5,-0.16,0.536,0.416,0.304,1.0,0.704,0.344,0.496
772,1,0.84,0.728,0.396,0.072,0.68,0.472,0.324,0.688
773,1,1.0,0.92,0.376,-0.16,0.36,0.24,0.304,0.88
774,4,0.768,0.9,0.568,0.84,0.552,0.22,0.072,0.56
775,4,0.536,0.88,0.76,1.0,0.744,0.2,-0.16,0.24
776,7,0.516,0.648,0.44,0.768,0.724,0.392,0.84,0.432
777,7,0.496,0.416,0.12,0.536,0.704,0.584,1.0,0.624
778,,0.476,0.396,0.1,0.516,0.684,0.564,0.98,0.604
