step,active_motive,motive_1,motive_2,motive_3,motive_4,motive_5,motive_6,motive_7,motive_8
0,,0.60112,0.70807,0.02058,0.96991,0.83244,0.21234,0.18182,0.1834
1,,0.58112,0.68807,0.00058,0.94991,0.81244,0.19234,0.16182,0.1634
2,,0.56112,0.66807,-0.01942,0.92991,0.79244,0.17234,0.14182,0.1434
3,3,0.54112,0.86007,0.98058,1.0,0.77244,-0.05966,-0.17818,-0.0886
4,3,0.52112,1.0,1.0,1.0,0.75244,-0.29166,-0.49818,-0.3206
5,7,0.50112,0.768,0.68,0.768,0.73244,-0.09966,0.50182,-0.1286
6,7,0.48112,0.536,0.36,0.536,0.71244,0.09234,1.0,0.0634
7,,0.46112,0.516,0.34,0.516,0.69244,0.07234,0.98,0.0434
8,,0.44112,0.496,0.32,0.496,0.67244,0.05234,0.96,0.0234
9,,0.42112,0.476,0.3,0.476,0.65244,0.03234,0.94,0.0034
10,,0.40112,0.456,0.28,0.456,0.63244,0.01234,0.92,-0.0166
11,8,0.59312,0.436,0.048,0.136,0.40044,-0.00766,1.0,0.9834
12,8,0.78512,0.416,-0.184,-0.184,0.16844,-0.02766,1.0,1.0
13,4,0.55312,0.396,0.008,0.816,0.36044,-0.04766,0.768,0.68
14,4,0.32112,0.376,0.2,1.0,0.55244,-0.06766,0.536,0.36
15,6,0.08912,0.056,-0.032,0.98,0.74444,0.93234,0.728,0.34
16,6,-0.14288,-0.264,-0.264,0.96,0.93644,1.0,0.92,0.32
17,3,-0.16288,-0.072,0.736,1.0,0.91644,0.768,0.6,0.088
18,3,-0.18288,0.12,1.0,1.0,0.89644,0.536,0.28,-0.144
19,1,0.81712,0.312,0.98,0.768,0.57644,0.304,0.26,0.048
20,1,1.0,0.504,0.96,0.536,0.25644,0.072,0.24,0.24
21,,0.98,0.484,0.94,0.516,0.23644,0.052,0.22,0.22
22,,0.96,0.464,0.92,0.496,0.21644,0.032,0.2,0.2
23,,0.94,0.444,0.9,0.476,0.19644,0.012,0.18,0.18
24,,0.92,0.424,0.88,0.456,0.17644,-0.008,0.16,0.16
25,6,0.688,0.104,0.648,0.436,0.36844,0.992,0.352,0.14
26,6,0.456,-0.216,0.416,0.416,0.56044,1.0,0.544,0.12
27,2,0.648,0.784,0.608,0.396,0.32844,0.68,0.312,0.1
28,2,0.84,1.0,0.8,0.376,0.09644,0.36,0.08,0.08
29,,0.82,0.98,0.78,0.356,0.07644,0.34,0.06,0.06
30,,0.8,0.96,0.76,0.336,0.05644,0.32,0.04,0.04
31,,0.78,0.94,0.74,0.316,0.03644,0.3,0.02,0.02
32,,0.76,0.92,0.72,0.296,0.01644,0.28,0.0,0.0
33,,0.74,0.9,0.7,0.276,-0.00356,0.26,-0.02,-0.02
34,8,0.932,0.88,0.468,-0.044,-0.23556,0.24,0.172,0.98
35,8,1.0,0.86,0.236,-0.364,-0.46756,0.22,0.364,1.0
36,5,0.68,0.628,0.216,-0.172,0.53244,0.412,0.344,0.768
37,5,0.36,0.396,0.196,0.02,1.0,0.604,0.324,0.536
38,,0.34,0.376,0.176,0.0,0.98,0.584,0.304,0.516
39,,0.32,0.356,0.156,-0.02,0.96,0.564,0.284,0.496
40,4,0.088,0.336,0.348,0.98,1.0,0.544,0.052,0.176
41,4,-0.144,0.316,0.54,1.0,1.0,0.524,-0.18,-0.144
42,7,-0.164,0.084,0.22,0.768,0.98,0.716,0.82,0.048
43,7,-0.184,-0.148,-0.1,0.536,0.96,0.908,1.0,0.24
44,1,0.816,0.044,-0.12,0.304,0.64,0.676,0.98,0.432
45,1,1.0,0.236,-0.14,0.072,0.32,0.444,0.96,0.624
46,3,0.98,0.428,0.86,0.264,0.3,0.212,0.64,0.392
47,3,0.96,0.62,1.0,0.456,0.28,-0.02,0.32,0.16
48,6,0.728,0.3,0.768,0.436,0.472,0.98,0.512,0.14
49,6,0.496,-0.02,0.536,0.416,0.664,1.0,0.704,0.12
50,2,0.688,0.98,0.728,0.396,0.432,0.68,0.472,0.1
51,2,0.88,1.0,0.92,0.376,0.2,0.36,0.24,0.08
52,,0.86,0.98,0.9,0.356,0.18,0.34,0.22,0.06
53,,0.84,0.96,0.88,0.336,0.16,0.32,0.2,0.04
54,,0.82,0.94,0.86,0.316,0.14,0.3,0.18,0.02
55,,0.8,0.92,0.84,0.296,0.12,0.28,0.16,0.0
56,,0.78,0.9,0.82,0.276,0.1,0.26,0.14,-0.02
57,8,0.972,0.88,0.588,-0.044,-0.132,0.24,0.332,0.98
58,8,1.0,0.86,0.356,-0.364,-0.364,0.22,0.524,1.0
59,4,0.768,0.84,0.548,0.636,-0.172,0.2,0.292,0.68
60,4,0.536,0.82,0.74,1.0,0.02,0.18,0.06,0.36
61,,0.516,0.8,0.72,0.98,0.0,0.16,0.04,0.34
62,,0.496,0.78,0.7,0.96,-0.02,0.14,0.02,0.32
63,5,0.176,0.548,0.68,1.0,0.98,0.332,0.0,0.088
64,5,-0.144,0.316,0.66,1.0,1.0,0.524,-0.02,-0.144
65,8,0.048,0.296,0.428,0.68,0.768,0.504,0.172,0.856
66,8,0.24,0.276,0.196,0.36,0.536,0.484,0.364,1.0
67,,0.22,0.256,0.176,0.34,0.516,0.464,0.344,0.98
68,,0.2,0.236,0.156,0.32,0.496,0.444,0.324,0.96
69,,0.18,0.216,0.136,0.3,0.476,0.424,0.304,0.94
70,,0.16,0.196,0.116,0.28,0.456,0.404,0.284,0.92
71,,0.14,0.176,0.096,0.26,0.436,0.384,0.264,0.9
72,,0.12,0.156,0.076,0.24,0.416,0.364,0.244,0.88
73,,0.1,0.136,0.056,0.22,0.396,0.344,0.224,0.86
74,,0.08,0.116,0.036,0.2,0.376,0.324,0.204,0.84
75,,0.06,0.096,0.016,0.18,0.356,0.304,0.184,0.82
76,,0.04,0.076,-0.004,0.16,0.336,0.284,0.164,0.8
77,3,0.02,0.268,0.996,0.352,0.316,0.052,-0.156,0.568
78,3,0.0,0.46,1.0,0.544,0.296,-0.18,-0.476,0.336
79,7,-0.02,0.228,0.68,0.312,0.276,0.012,0.524,0.528
80,7,-0.04,-0.004,0.36,0.08,0.256,0.204,1.0,0.72
81,1,0.96,0.188,0.34,-0.152,-0.064,-0.028,0.98,0.912
82,1,1.0,0.38,0.32,-0.384,-0.384,-0.26,0.96,1.0
83,4,0.768,0.36,0.512,0.616,-0.192,-0.28,0.728,0.68
84,4,0.536,0.34,0.704,1.0,-0.0,-0.3,0.496,0.36
85,6,0.304,0.02,0.472,0.98,0.192,0.7,0.688,0.34
86,6,0.072,-0.3,0.24,0.96,0.384,1.0,0.88,0.32
87,2,0.264,0.7,0.432,0.94,0.152,0.68,0.648,0.3
88,2,0.456,1.0,0.624,0.92,-0.08,0.36,0.416,0.28
89,5,0.136,0.768,0.604,1.0,0.92,0.552,0.396,0.048
90,5,-0.184,0.536,0.584,1.0,1.0,0.744,0.376,-0.184
91,1,0.816,0.728,0.564,0.768,0.68,0.512,0.356,0.008
92,1,1.0,0.92,0.544,0.536,0.36,0.28,0.336,0.2
93,,0.98,0.9,0.524,0.516,0.34,0.26,0.316,0.18
94,,0.96,0.88,0.504,0.496,0.32,0.24,0.296,0.16
95,,0.94,0.86,0.484,0.476,0.3,0.22,0.276,0.14
96,,0.92,0.84,0.464,0.456,0.28,0.2,0.256,0.12
97,,0.9,0.82,0.444,0.436,0.26,0.18,0.236,0.1
98,,0.88,0.8,0.424,0.416,0.24,0.16,0.216,0.08
99,,0.86,0.78,0.404,0.396,0.22,0.14,0.196,0.06
100,,0.84,0.76,0.384,0.376,0.2,0.12,0.176,0.04
101,,0.82,0.74,0.364,0.356,0.18,0.1,0.156,0.02
102,,0.8,0.72,0.344,0.336,0.16,0.08,0.136,0.0
103,,0.78,0.7,0.324,0.316,0.14,0.06,0.116,-0.02
104,8,0.972,0.68,0.092,-0.004,-0.092,0.04,0.308,0.98
105,8,1.0,0.66,-0.14,-0.324,-0.324,0.02,0.5,1.0
106,4,0.768,0.64,0.052,0.676,-0.132,0.0,0.268,0.68
107,4,0.536,0.62,0.244,1.0,0.06,-0.02,0.036,0.36
108,6,0.304,0.3,0.012,0.98,0.252,0.98,0.228,0.34
109,6,0.072,-0.02,-0.22,0.96,0.444,1.0,0.42,0.32
110,3,0.052,0.172,0.78,1.0,0.424,0.768,0.1,0.088
111,3,0.032,0.364,1.0,1.0,0.404,0.536,-0.22,-0.144
112,7,0.012,0.132,0.68,0.768,0.384,0.728,0.78,0.048
113,7,-0.008,-0.1,0.36,0.536,0.364,0.92,1.0,0.24
114,2,0.184,0.9,0.552,0.516,0.132,0.6,0.768,0.22
115,2,0.376,1.0,0.744,0.496,-0.1,0.28,0.536,0.2
116,5,0.056,0.768,0.724,0.688,0.9,0.472,0.516,-0.032
117,5,-0.264,0.536,0.704,0.88,1.0,0.664,0.496,-0.264
118,1,0.736,0.728,0.684,0.648,0.68,0.432,0.476,-0.072
119,1,1.0,0.92,0.664,0.416,0.36,0.2,0.456,0.12
120,,0.98,0.9,0.644,0.396,0.34,0.18,0.436,0.1
121,,0.96,0.88,0.624,0.376,0.32,0.16,0.416,0.08
122,,0.94,0.86,0.604,0.356,0.3,0.14,0.396,0.06
123,,0.92,0.84,0.584,0.336,0.28,0.12,0.376,0.04
124,,0.9,0.82,0.564,0.316,0.26,0.1,0.356,0.02
125,,0.88,0.8,0.544,0.296,0.24,0.08,0.336,0.0
126,,0.86,0.78,0.524,0.276,0.22,0.06,0.316,-0.02
127,8,1.0,0.76,0.292,-0.044,-0.012,0.04,0.508,0.98
128,8,1.0,0.74,0.06,-0.364,-0.244,0.02,0.7,1.0
129,4,0.768,0.72,0.252,0.636,-0.052,0.0,0.468,0.68
130,4,0.536,0.7,0.444,1.0,0.14,-0.02,0.236,0.36
131,6,0.304,0.38,0.212,0.98,0.332,0.98,0.428,0.34
132,6,0.072,0.06,-0.02,0.96,0.524,1.0,0.62,0.32
133,3,0.052,0.252,0.98,1.0,0.504,0.768,0.3,0.088
134,3,0.032,0.444,1.0,1.0,0.484,0.536,-0.02,-0.144
135,8,0.224,0.424,0.768,0.68,0.252,0.516,0.172,0.856
136,8,0.416,0.404,0.536,0.36,0.02,0.496,0.364,1.0
137,,0.396,0.384,0.516,0.34,0.0,0.476,0.344,0.98
138,,0.376,0.364,0.496,0.32,-0.02,0.456,0.324,0.96
139,5,0.056,0.132,0.476,0.512,0.98,0.648,0.304,0.728
140,5,-0.264,-0.1,0.456,0.704,1.0,0.84,0.284,0.496
141,1,0.736,0.092,0.436,0.472,0.68,0.608,0.264,0.688
142,1,1.0,0.284,0.416,0.24,0.36,0.376,0.244,0.88
143,,0.98,0.264,0.396,0.22,0.34,0.356,0.224,0.86
144,,0.96,0.244,0.376,0.2,0.32,0.336,0.204,0.84
145,,0.94,0.224,0.356,0.18,0.3,0.316,0.184,0.82
146,,0.92,0.204,0.336,0.16,0.28,0.296,0.164,0.8
147,,0.9,0.184,0.316,0.14,0.26,0.276,0.144,0.78
148,,0.88,0.164,0.296,0.12,0.24,0.256,0.124,0.76
149,,0.86,0.144,0.276,0.1,0.22,0.236,0.104,0.74
150,,0.84,0.124,0.256,0.08,0.2,0.216,0.084,0.72
151,,0.82,0.104,0.236,0.06,0.18,0.196,0.064,0.7
152,,0.8,0.084,0.216,0.04,0.16,0.176,0.044,0.68
153,,0.78,0.064,0.196,0.02,0.14,0.156,0.024,0.66
154,,0.76,0.044,0.176,0.0,0.12,0.136,0.004,0.64
155,,0.74,0.024,0.156,-0.02,0.1,0.116,-0.016,0.62
156,4,0.508,0.004,0.348,0.98,0.292,0.096,-0.248,0.3
157,4,0.276,-0.016,0.54,1.0,0.484,0.076,-0.48,-0.02
158,7,0.256,-0.248,0.22,0.768,0.464,0.268,0.52,0.172
159,7,0.236,-0.48,-0.1,0.536,0.444,0.46,1.0,0.364
160,2,0.428,0.52,0.092,0.516,0.212,0.14,0.768,0.344
161,2,0.62,1.0,0.284,0.496,-0.02,-0.18,0.536,0.324
162,6,0.388,0.68,0.052,0.476,0.172,0.82,0.728,0.304
163,6,0.156,0.36,-0.18,0.456,0.364,1.0,0.92,0.284
164,3,0.136,0.552,0.82,0.648,0.344,0.768,0.6,0.052
165,3,0.116,0.744,1.0,0.84,0.324,0.536,0.28,-0.18
166,8,0.308,0.724,0.768,0.52,0.092,0.516,0.472,0.82
167,8,0.5,0.704,0.536,0.2,-0.14,0.496,0.664,1.0
168,5,0.18,0.472,0.516,0.392,0.86,0.688,0.644,0.768
169,5,-0.14,0.24,0.496,0.584,1.0,0.88,0.624,0.536
170,1,0.86,0.432,0.476,0.352,0.68,0.648,0.604,0.728
171,1,1.0,0.624,0.456,0.12,0.36,0.416,0.584,0.92
172,,0.98,0.604,0.436,0.1,0.34,0.396,0.564,0.9
173,,0.96,0.584,0.416,0.08,0.32,0.376,0.544,0.88
174,,0.94,0.564,0.396,0.06,0.3,0.356,0.524,0.86
175,,0.92,0.544,0.376,0.04,0.28,0.336,0.504,0.84
176,,0.9,0.524,0.356,0.02,0.26,0.316,0.484,0.82
177,,0.88,0.504,0.336,0.0,0.24,0.296,0.464,0.8
178,,0.86,0.484,0.316,-0.02,0.22,0.276,0.444,0.78
179,4,0.628,0.464,0.508,0.98,0.412,0.256,0.212,0.46
180,4,0.396,0.444,0.7,1.0,0.604,0.236,-0.02,0.14
181,7,0.376,0.212,0.38,0.768,0.584,0.428,0.98,0.332
182,7,0.356,-0.02,0.06,0.536,0.564,0.62,1.0,0.524
183,2,0.548,0.98,0.252,0.516,0.332,0.3,0.768,0.504
184,2,0.74,1.0,0.444,0.496,0.1,-0.02,0.536,0.484
185,6,0.508,0.68,0.212,0.476,0.292,0.98,0.728,0.464
186,6,0.276,0.36,-0.02,0.456,0.484,1.0,0.92,0.444
187,3,0.256,0.552,0.98,0.648,0.464,0.768,0.6,0.212
188,3,0.236,0.744,1.0,0.84,0.444,0.536,0.28,-0.02
189,8,0.428,0.724,0.768,0.52,0.212,0.516,0.472,0.98
190,8,0.62,0.704,0.536,0.2,-0.02,0.496,0.664,1.0
191,5,0.3,0.472,0.516,0.392,0.98,0.688,0.644,0.768
192,5,-0.02,0.24,0.496,0.584,1.0,0.88,0.624,0.536
193,1,0.98,0.432,0.476,0.352,0.68,0.648,0.604,0.728
194,1,1.0,0.624,0.456,0.12,0.36,0.416,0.584,0.92
195,,0.98,0.604,0.436,0.1,0.34,0.396,0.564,0.9
196,,0.96,0.584,0.416,0.08,0.32,0.376,0.544,0.88
197,,0.94,0.564,0.396,0.06,0.3,0.356,0.524,0.86
198,,0.92,0.544,0.376,0.04,0.28,0.336,0.504,0.84
199,,0.9,0.524,0.356,0.02,0.26,0.316,0.484,0.82
200,,0.88,0.504,0.336,0.0,0.24,0.296,0.464,0.8
201,,0.86,0.484,0.316,-0.02,0.22,0.276,0.444,0.78
202,4,0.628,0.464,0.508,0.98,0.412,0.256,0.212,0.46
203,4,0.396,0.444,0.7,1.0,0.604,0.236,-0.02,0.14
204,7,0.376,0.212,0.38,0.768,0.584,0.428,0.98,0.332
205,7,0.356,-0.02,0.06,0.536,0.564,0.62,1.0,0.524
206,2,0.548,0.98,0.252,0.516,0.332,0.3,0.768,0.504
207,2,0.74,1.0,0.444,0.496,0.1,-0.02,0.536,0.484
208,6,0.508,0.68,0.212,0.476,0.292,0.98,0.728,0.464
209,6,0.276,0.36,-0.02,0.456,0.484,1.0,0.92,0.444
210,3,0.256,0.552,0.98,0.648,0.464,0.768,0.6,0.212
211,3,0.236,0.744,1.0,0.84,0.444,0.536,0.28,-0.02
212,8,0.428,0.724,0.768,0.52,0.212,0.516,0.472,0.98
213,8,0.62,0.704,0.536,0.2,-0.02,0.496,0.664,1.0
214,5,0.3,0.472,0.516,0.392,0.98,0.688,0.644,0.768
215,5,-0.02,0.24,0.496,0.584,1.0,0.88,0.624,0.536
216,1,0.98,0.432,0.476,0.352,0.68,0.648,0.604,0.728
217,1,1.0,0.624,0.456,0.12,0.36,0.416,0.584,0.92
218,,0.98,0.604,0.436,0.1,0.34,0.396,0.564,0.9
219,,0.96,0.584,0.416,0.08,0.32,0.376,0.544,0.88
220,,0.94,0.564,0.396,0.06,0.3,0.356,0.524,0.86
221,,0.92,0.544,0.376,0.04,0.28,0.336,0.504,0.84
222,,0.9,0.524,0.356,0.02,0.26,0.316,0.484,0.82
223,,0.88,0.504,0.336,0.0,0.24,0.296,0.464,0.8
224,,0.86,0.484,0.316,-0.02,0.22,0.276,0.444,0.78
225,4,0.628,0.464,0.508,0.98,0.412,0.256,0.212,0.46
226,4,0.396,0.444,0.7,1.0,0.604,0.236,-0.02,0.14
227,7,0.376,0.212,0.38,0.768,0.584,0.428,0.98,0.332
228,7,0.356,-0.02,0.06,0.536,0.564,0.62,1.0,0.524
229,2,0.548,0.98,0.252,0.516,0.332,0.3,0.768,0.504
230,2,0.74,1.0,0.444,0.496,0.1,-0.02,0.536,0.484
231,6,0.508,0.68,0.212,0.476,0.292,0.98,0.728,0.464
232,6,0.276,0.36,-0.02,0.456,0.484,1.0,0.92,0.444
233,3,0.256,0.552,0.98,0.648,0.464,0.768,0.6,0.212
234,3,0.236,0.744,1.0,0.84,0.444,0.536,0.28,-0.02
235,8,0.428,0.724,0.768,0.52,0.212,0.516,0.472,0.98
236,8,0.62,0.704,0.536,0.2,-0.02,0.496,0.664,1.0
237,5,0.3,0.472,0.516,0.392,0.98,0.688,0.644,0.768
238,5,-0.02,0.24,0.496,0.584,1.0,0.88,0.624,0.536
239,1,0.98,0.432,0.476,0.352,0.68,0.648,0.604,0.728
240,1,1.0,0.624,0.456,0.12,0.36,0.416,0.584,0.92
241,,0.98,0.604,0.436,0.1,0.34,0.396,0.564,0.9
242,,0.96,0.584,0.416,0.08,0.32,0.376,0.544,0.88
243,,0.94,0.564,0.396,0.06,0.3,0.356,0.524,0.86
244,,0.92,0.544,0.376,0.04,0.28,0.336,0.504,0.84
245,,0.9,0.524,0.356,0.02,0.26,0.316,0.484,0.82
246,,0.88,0.504,0.336,0.0,0.24,0.296,0.464,0.8
247,,0.86,0.484,0.316,-0.02,0.22,0.276,0.444,0.78
248,4,0.628,0.464,0.508,0.98,0.412,0.256,0.212,0.46
249,4,0.396,0.444,0.7,1.0,0.604,0.236,-0.02,0.14
250,7,0.376,0.212,0.38,0.768,0.584,0.428,0.98,0.332
251,7,0.356,-0.02,0.06,0.536,0.564,0.62,1.0,0.524
252,2,0.548,0.98,0.252,0.516,0.332,0.3,0.768,0.504
253,2,0.74,1.0,0.444,0.496,0.1,-0.02,0.536,0.484
254,6,0.508,0.68,0.212,0.476,0.292,0.98,0.728,0.464
255,6,0.276,0.36,-0.02,0.456,0.484,1.0,0.92,0.444
256,3,0.256,0.552,0.98,0.648,0.464,0.768,0.6,0.212
257,3,0.236,0.744,1.0,0.84,0.444,0.536,0.28,-0.02
258,8,0.428,0.724,0.768,0.52,0.212,0.516,0.472,0.98
259,8,0.62,0.704,0.536,0.2,-0.02,0.496,0.664,1.0
260,5,0.3,0.472,0.516,0.392,0.98,0.688,0.644,0.768
261,5,-0.02,0.24,0.496,0.584,1.0,0.88,0.624,0.536
262,1,0.98,0.432,0.476,0.352,0.68,0.648,0.604,0.728
263,1,1.0,0.624,0.456,0.12,0.36,0.416,0.584,0.92
264,,0.98,0.604,0.436,0.1,0.34,0.396,0.564,0.9
265,,0.96,0.584,0.416,0.08,0.32,0.376,0.544,0.88
266,,0.94,0.564,0.396,0.06,0.3,0.356,0.524,0.86
267,,0.92,0.544,0.376,0.04,0.28,0.336,0.504,0.84
268,,0.9,0.524,0.356,0.02,0.26,0.316,0.484,0.82
269,,0.88,0.504,0.336,0.0,0.24,0.296,0.464,0.8
270,,0.86,0.484,0.316,-0.02,0.22,0.276,0.444,0.78
271,4,0.628,0.464,0.508,0.98,0.412,0.256,0.212,0.46
272,4,0.396,0.444,0.7,1.0,0.604,0.236,-0.02,0.14
273,7,0.376,0.212,0.38,0.768,0.584,0.428,0.98,0.332
274,7,0.356,-0.02,0.06,0.536,0.564,0.62,1.0,0.524
275,2,0.548,0.98,0.252,0.516,0.332,0.3,0.768,0.504
276,2,0.74,1.0,0.444,0.496,0.1,-0.02,0.536,0.484
277,6,0.508,0.68,0.212,0.476,0.292,0.98,0.728,0.464
278,6,0.276,0.36,-0.02,0.456,0.484,1.0,0.92,0.444
279,3,0.256,0.552,0.98,0.648,0.464,0.768,0.6,0.212
280,3,0.236,0.744,1.0,0.84,0.444,0.536,0.28,-0.02
281,8,0.428,0.724,0.768,0.52,0.212,0.516,0.472,0.98
282,8,0.62,0.704,0.536,0.2,-0.02,0.496,0.664,1.0
283,5,0.3,0.472,0.516,0.392,0.98,0.688,0.644,0.768
284,5,-0.02,0.24,0.496,0.584,1.0,0.88,0.624,0.536
285,1,0.98,0.432,0.476,0.352,0.68,0.648,0.604,0.728
286,1,1.0,0.624,0.456,0.12,0.36,0.416,0.584,0.92
287,,0.98,0.604,0.436,0.1,0.34,0.396,0.564,0.9
288,,0.96,0.584,0.416,0.08,0.32,0.376,0.544,0.88
289,,0.94,0.564,0.396,0.06,0.3,0.356,0.524,0.86
290,,0.92,0.544,0.376,0.04,0.28,0.336,0.504,0.84
291,,0.9,0.524,0.356,0.02,0.26,0.316,0.484,0.82
292,,0.88,0.504,0.336,0.0,0.24,0.296,0.464,0.8
293,,0.86,0.484,0.316,-0.02,0.22,0.276,0.444,0.78
294,4,0.628,0.464,0.508,0.98,0.412,0.256,0.212,0.46
295,4,0.396,0.444,0.7,1.0,0.604,0.236,-0.02,0.14
296,7,0.376,0.212,0.38,0.768,0.584,0.428,0.98,0.332
297,7,0.356,-0.02,0.06,0.536,0.564,0.62,1.0,0.524
298,2,0.548,0.98,0.252,0.516,0.332,0.3,0.768,0.504
299,2,0.74,1.0,0.444,0.496,0.1,-0.02,0.536,0.484
300,6,0.508,0.68,0.212,0.476,0.292,0.98,0.728,0.464
301,6,0.276,0.36,-0.02,0.456,0.484,1.0,0.92,0.444
302,3,0.256,0.552,0.98,0.648,0.464,0.768,0.6,0.212
303,3,0.236,0.744,1.0,0.84,0.444,0.536,0.28,-0.02
304,8,0.428,0.724,0.768,0.52,0.212,0.516,0.472,0.98
305,8,0.62,0.704,0.536,0.2,-0.02,0.496,0.664,1.0
306,5,0.3,0.472,0.516,0.392,0.98,0.688,0.644,0.768
307,5,-0.02,0.24,0.496,0.584,1.0,0.88,0.624,0.536
308,1,0.98,0.432,0.476,0.352,0.68,0.648,0.604,0.728
309,1,1.0,0.624,0.456,0.12,0.36,0.416,0.584,0.92
310,,0.98,0.604,0.436,0.1,0.34,0.396,0.564,0.9
311,,0.96,0.584,0.416,0.08,0.32,0.376,0.544,0.88
312,,0.94,0.564,0.396,0.06,0.3,0.356,0.524,0.86
313,,0.92,0.544,0.376,0.04,0.28,0.336,0.504,0.84
314,,0.9,0.524,0.356,0.02,0.26,0.316,0.484,0.82
315,,0.88,0.504,0.336,0.0,0.24,0.296,0.464,0.8
316,,0.86,0.484,0.316,-0.02,0.22,0.276,0.444,0.78
317,4,0.628,0.464,0.508,0.98,0.412,0.256,0.212,0.46
318,4,0.396,0.444,0.7,1.0,0.604,0.236,-0.02,0.14
319,7,0.376,0.212,0.38,0.768,0.584,0.428,0.98,0.332
320,7,0.356,-0.02,0.06,0.536,0.564,0.62,1.0,0.524
321,2,0.548,0.98,0.252,0.516,0.332,0.3,0.768,0.504
322,2,0.74,1.0,0.444,0.496,0.1,-0.02,0.536,0.484
323,6,0.508,0.68,0.212,0.476,0.292,0.98,0.728,0.464
324,6,0.276,0.36,-0.02,0.456,0.484,1.0,0.92,0.444
325,3,0.256,0.552,0.98,0.648,0.464,0.768,0.6,0.212
326,3,0.236,0.744,1.0,0.84,0.444,0.536,0.28,-0.02
327,8,0.428,0.724,0.768,0.52,0.212,0.516,0.472,0.98
328,8,0.62,0.704,0.536,0.2,-0.02,0.496,0.664,1.0
329,5,0.3,0.472,0.516,0.392,0.98,0.688,0.644,0.768
330,5,-0.02,0.24,0.496,0.584,1.0,0.88,0.624,0.536
331,1,0.98,0.432,0.476,0.352,0.68,0.648,0.604,0.728
332,1,1.0,0.624,0.456,0.12,0.36,0.416,0.584,0.92
333,,0.98,0.604,0.436,0.1,0.34,0.396,0.564,0.9
334,,0.96,0.584,0.416,0.08,0.32,0.376,0.544,0.88
335,,0.94,0.564,0.396,0.06,0.3,0.356,0.524,0.86
336,,0.92,0.544,0.376,0.04,0.28,0.336,0.504,0.84
337,,0.9,0.524,0.356,0.02,0.26,0.316,0.484,0.82
338,,0.88,0.504,0.336,0.0,0.24,0.296,0.464,0.8
339,,0.86,0.484,0.316,-0.02,0.22,0.276,0.444,0.78
340,4,0.628,0.464,0.508,0.98,0.412,0.256,0.212,0.46
341,4,0.396,0.444,0.7,1.0,0.604,0.236,-0.02,0.14
342,7,0.376,0.212,0.38,0.768,0.584,0.428,0.98,0.332
343,7,0.356,-0.02,0.06,0.536,0.564,0.62,1.0,0.524
344,2,0.548,0.98,0.252,0.516,0.332,0.3,0.768,0.504
345,2,0.74,1.0,0.444,0.496,0.1,-0.02,0.536,0.484
346,6,0.508,0.68,0.212,0.476,0.292,0.98,0.728,0.464
347,6,0.276,0.36,-0.02,0.456,0.484,1.0,0.92,0.444
348,3,0.256,0.552,0.98,0.648,0.464,0.768,0.6,0.212
349,3,0.236,0.744,1.0,0.84,0.444,0.536,0.28,-0.02
350,8,0.428,0.724,0.768,0.52,0.212,0.516,0.472,0.98
351,8,0.62,0.704,0.536,0.2,-0.02,0.496,0.664,1.0
352,5,0.3,0.472,0.516,0.392,0.98,0.688,0.644,0.768
353,5,-0.02,0.24,0.496,0.584,1.0,0.88,0.624,0.536
354,1,0.98,0.432,0.476,0.352,0.68,0.648,0.604,0.728
355,1,1.0,0.624,0.456,0.12,0.36,0.416,0.584,0.92
356,,0.98,0.604,0.436,0.1,0.34,0.396,0.564,0.9
357,,0.96,0.584,0.416,0.08,0.32,0.376,0.544,0.88
358,,0.94,0.564,0.396,0.06,0.3,0.356,0.524,0.86
359,,0.92,0.544,0.376,0.04,0.28,0.336,0.504,0.84
360,,0.9,0.524,0.356,0.02,0.26,0.316,0.484,0.82
361,,0.88,0.504,0.336,0.0,0.24,0.296,0.464,0.8
362,,0.86,0.484,0.316,-0.02,0.22,0.276,0.444,0.78
363,4,0.628,0.464,0.508,0.98,0.412,0.256,0.212,0.46
364,4,0.396,0.444,0.7,1.0,0.604,0.236,-0.02,0.14
365,7,0.376,0.212,0.38,0.768,0.584,0.428,0.98,0.332
366,7,0.356,-0.02,0.06,0.536,0.564,0.62,1.0,0.524
367,2,0.548,0.98,0.252,0.516,0.332,0.3,0.768,0.504
368,2,0.74,1.0,0.444,0.496,0.1,-0.02,0.536,0.484
369,6,0.508,0.68,0.212,0.476,0.292,0.98,0.728,0.464
370,6,0.276,0.36,-0.02,0.456,0.484,1.0,0.92,0.444
371,3,0.256,0.552,0.98,0.648,0.464,0.768,0.6,0.212
372,3,0.236,0.744,1.0,0.84,0.444,0.536,0.28,-0.02
373,8,0.428,0.724,0.768,0.52,0.212,0.516,0.472,0.98
374,8,0.62,0.704,0.536,0.2,-0.02,0.496,0.664,1.0
375,5,0.3,0.472,0.516,0.392,0.98,0.688,0.644,0.768
376,5,-0.02,0.24,0.496,0.584,1.0,0.88,0.624,0.536
377,1,0.98,0.432,0.476,0.352,0.68,0.648,0.604,0.728
378,1,1.0,0.624,0.456,0.12,0.36,0.416,0.584,0.92
379,,0.98,0.604,0.436,0.1,0.34,0.396,0.564,0.9
380,,0.96,0.584,0.416,0.08,0.32,0.376,0.544,0.88
381,,0.94,0.564,0.396,0.06,0.3,0.356,0.524,0.86
382,,0.92,0.544,0.376,0.04,0.28,0.336,0.504,0.84
383,,0.9,0.524,0.356,0.02,0.26,0.316,0.484,0.82
384,,0.88,0.504,0.336,0.0,0.24,0.296,0.464,0.8
385,,0.86,0.484,0.316,-0.02,0.22,0.276,0.444,0.78
386,4,0.628,0.464,0.508,0.98,0.412,0.256,0.212,0.46
387,4,0.396,0.444,0.7,1.0,0.604,0.236,-0.02,0.14
388,7,0.376,0.212,0.38,0.768,0.584,0.428,0.98,0.332
389,7,0.356,-0.02,0.06,0.536,0.564,0.62,1.0,0.524
390,2,0.548,0.98,0.252,0.516,0.332,0.3,0.768,0.504
391,2,0.74,1.0,0.444,0.496,0.1,-0.02,0.536,0.484
392,6,0.508,0.68,0.212,0.476,0.292,0.98,0.728,0.464
393,6,0.276,0.36,-0.02,0.456,0.484,1.0,0.92,0.444
394,3,0.256,0.552,0.98,0.648,0.464,0.768,0.6,0.212
395,3,0.236,0.744,1.0,0.84,0.444,0.536,0.28,-0.02
396,8,0.428,0.724,0.768,0.52,0.212,0.516,0.472,0.98
397,8,0.62,0.704,0.536,0.2,-0.02,0.496,0.664,1.0
398,5,0.3,0.472,0.516,0.392,0.98,0.688,0.644,0.768
399,5,-0.02,0.24,0.496,0.584,1.0,0.88,0.624,0.536
400,1,0.98,0.432,0.476,0.352,0.68,0.648,0.604,0.728
401,1,1.0,0.624,0.456,0.12,0.36,0.416,0.584,0.92
402,,0.98,0.604,0.436,0.1,0.34,0.396,0.564,0.9
403,,0.96,0.584,0.416,0.08,0.32,0.376,0.544,0.88
404,,0.94,0.564,0.396,0.06,0.3,0.356,0.524,0.86
405,,0.92,0.544,0.376,0.04,0.28,0.336,0.504,0.84
406,,0.9,0.524,0.356,0.02,0.26,0.316,0.484,0.82
407,,0.88,0.504,0.336,0.0,0.24,0.296,0.464,0.8
408,,0.86,0.484,0.316,-0.02,0.22,0.276,0.444,0.78
409,4,0.628,0.464,0.508,0.98,0.412,0.256,0.212,0.46
410,4,0.396,0.444,0.7,1.0,0.604,0.236,-0.02,0.14
411,7,0.376,0.212,0.38,0.768,0.584,0.428,0.98,0.332
412,7,0.356,-0.02,0.06,0.536,0.564,0.62,1.0,0.524
413,2,0.548,0.98,0.252,0.516,0.332,0.3,0.768,0.504
414,2,0.74,1.0,0.444,0.496,0.1,-0.02,0.536,0.484
415,6,0.508,0.68,0.212,0.476,0.292,0.98,0.728,0.464
416,6,0.276,0.36,-0.02,0.456,0.484,1.0,0.92,0.444
417,3,0.256,0.552,0.98,0.648,0.464,0.768,0.6,0.212
418,3,0.236,0.744,1.0,0.84,0.444,0.536,0.28,-0.02
419,8,0.428,0.724,0.768,0.52,0.212,0.516,0.472,0.98
420,8,0.62,0.704,0.536,0.2,-0.02,0.496,0.664,1.0
421,5,0.3,0.472,0.516,0.392,0.98,0.688,0.644,0.768
422,5,-0.02,0.24,0.496,0.584,1.0,0.88,0.624,0.536
423,1,0.98,0.432,0.476,0.352,0.68,0.648,0.604,0.728
424,1,1.0,0.624,0.456,0.12,0.36,0.416,0.584,0.92
425,,0.98,0.604,0.436,0.1,0.34,0.396,0.564,0.9
426,,0.96,0.584,0.416,0.08,0.32,0.376,0.544,0.88
427,,0.94,0.564,0.396,0.06,0.3,0.356,0.524,0.86
428,,0.92,0.544,0.376,0.04,0.28,0.336,0.504,0.84
429,,0.9,0.524,0.356,0.02,0.26,0.316,0.484,0.82
430,,0.88,0.504,0.336,0.0,0.24,0.296,0.464,0.8
431,,0.86,0.484,0.316,-0.02,0.22,0.276,0.444,0.78
432,4,0.628,0.464,0.508,0.98,0.412,0.256,0.212,0.46
433,4,0.396,0.444,0.7,1.0,0.604,0.236,-0.02,0.14
434,7,0.376,0.212,0.38,0.768,0.584,0.428,0.98,0.332
435,7,0.356,-0.02,0.06,0.536,0.564,0.62,1.0,0.524
436,2,0.548,0.98,0.252,0.516,0.332,0.3,0.768,0.504
437,2,0.74,1.0,0.444,0.496,0.1,-0.02,0.536,0.484
438,6,0.508,0.68,0.212,0.476,0.292,0.98,0.728,0.464
439,6,0.276,0.36,-0.02,0.456,0.484,1.0,0.92,0.444
440,3,0.256,0.552,0.98,0.648,0.464,0.768,0.6,0.212
441,3,0.236,0.744,1.0,0.84,0.444,0.536,0.28,-0.02
442,8,0.428,0.724,0.768,0.52,0.212,0.516,0.472,0.98
443,8,0.62,0.704,0.536,0.2,-0.02,0.496,0.664,1.0
444,5,0.3,0.472,0.516,0.392,0.98,0.688,0.644,0.768
445,5,-0.02,0.24,0.496,0.584,1.0,0.88,0.624,0.536
446,1,0.98,0.432,0.476,0.352,0.68,0.648,0.604,0.728
447,1,1.0,0.624,0.456,0.12,0.36,0.416,0.584,0.92
448,,0.98,0.604,0.436,0.1,0.34,0.396,0.564,0.9
449,,0.96,0.584,0.416,0.08,0.32,0.376,0.544,0.88
450,,0.94,0.564,0.396,0.06,0.3,0.356,0.524,0.86
451,,0.92,0.544,0.376,0.04,0.28,0.336,0.504,0.84
452,,0.9,0.524,0.356,0.02,0.26,0.316,0.484,0.82
453,,0.88,0.504,0.336,0.0,0.24,0.296,0.464,0.8
454,,0.86,0.484,0.316,-0.02,0.22,0.276,0.444,0.78
455,4,0.628,0.464,0.508,0.98,0.412,0.256,0.212,0.46
456,4,0.396,0.444,0.7,1.0,0.604,0.236,-0.02,0.14
457,7,0.376,0.212,0.38,0.768,0.584,0.428,0.98,0.332
458,7,0.356,-0.02,0.06,0.536,0.564,0.62,1.0,0.524
459,2,0.548,0.98,0.252,0.516,0.332,0.3,0.768,0.504
460,2,0.74,1.0,0.444,0.496,0.1,-0.02,0.536,0.484
461,6,0.508,0.68,0.212,0.476,0.292,0.98,0.728,0.464
462,6,0.276,0.36,-0.02,0.456,0.484,1.0,0.92,0.444
463,3,0.256,0.552,0.98,0.648,0.464,0.768,0.6,0.212
464,3,0.236,0.744,1.0,0.84,0.444,0.536,0.28,-0.02
465,8,0.428,0.724,0.768,0.52,0.212,0.516,0.472,0.98
466,8,0.62,0.704,0.536,0.2,-0.02,0.496,0.664,1.0
467,5,0.3,0.472,0.516,0.392,0.98,0.688,0.644,0.768
468,5,-0.02,0.24,0.496,0.584,1.0,0.88,0.624,0.536
469,1,0.98,0.432,0.476,0.352,0.68,0.648,0.604,0.728
470,1,1.0,0.624,0.456,0.12,0.36,0.416,0.584,0.92
471,,0.98,0.604,0.436,0.1,0.34,0.396,0.564,0.9
472,,0.96,0.584,0.416,0.08,0.32,0.376,0.544,0.88
473,,0.94,0.564,0.396,0.06,0.3,0.356,0.524,0.86
474,,0.92,0.544,0.376,0.04,0.28,0.336,0.504,0.84
475,,0.9,0.524,0.356,0.02,0.26,0.316,0.484,0.82
476,,0.88,0.504,0.336,0.0,0.24,0.296,0.464,0.8
477,,0.86,0.484,0.316,-0.02,0.22,0.276,0.444,0.78
478,4,0.628,0.464,0.508,0.98,0.412,0.256,0.212,0.46
479,4,0.396,0.444,0.7,1.0,0.604,0.236,-0.02,0.14
480,7,0.376,0.212,0.38,0.768,0.584,0.428,0.98,0.332
481,7,0.356,-0.02,0.06,0.536,0.564,0.62,1.0,0.524
482,2,0.548,0.98,0.252,0.516,0.332,0.3,0.768,0.504
483,2,0.74,1.0,0.444,0.496,0.1,-0.02,0.536,0.484
484,6,0.508,0.68,0.212,0.476,0.292,0.98,0.728,0.464
485,6,0.276,0.36,-0.02,0.456,0.484,1.0,0.92,0.444
486,3,0.256,0.552,0.98,0.648,0.464,0.768,0.6,0.212
487,3,0.236,0.744,1.0,0.84,0.444,0.536,0.28,-0.02
488,8,0.428,0.724,0.768,0.52,0.212,0.516,0.472,0.98
489,8,0.62,0.704,0.536,0.2,-0.02,0.496,0.664,1.0
490,5,0.3,0.472,0.516,0.392,0.98,0.688,0.644,0.768
491,5,-0.02,0.24,0.496,0.584,1.0,0.88,0.624,0.536
492,1,0.98,0.432,0.476,0.352,0.68,0.648,0.604,0.728
493,1,1.0,0.624,0.456,0.12,0.36,0.416,0.584,0.92
494,,0.98,0.604,0.436,0.1,0.34,0.396,0.564,0.9
495,,0.96,0.584,0.416,0.08,0.32,0.376,0.544,0.88
496,,0.94,0.564,0.396,0.06,0.3,0.356,0.524,0.86
497,,0.92,0.544,0.376,0.04,0.28,0.336,0.504,0.84
498,,0.9,0.524,0.356,0.02,0.26,0.316,0.484,0.82
499,,0.88,0.504,0.336,0.0,0.24,0.296,0.464,0.8
500,,0.86,0.484,0.316,-0.02,0.22,0.276,0.444,0.78
501,4,0.628,0.464,0.508,0.98,0.412,0.256,0.212,0.46
502,4,0.396,0.444,0.7,1.0,0.604,0.236,-0.02,0.14
503,7,0.376,0.212,0.38,0.768,0.584,0.428,0.98,0.332
504,7,0.356,-0.02,0.06,0.536,0.564,0.62,1.0,0.524
505,2,0.548,0.98,0.252,0.516,0.332,0.3,0.768,0.504
506,2,0.74,1.0,0.444,0.496,0.1,-0.02,0.536,0.484
507,6,0.508,0.68,0.212,0.476,0.292,0.98,0.728,0.464
508,6,0.276,0.36,-0.02,0.456,0.484,1.0,0.92,0.444
509,3,0.256,0.552,0.98,0.648,0.464,0.768,0.6,0.212
510,3,0.236,0.744,1.0,0.84,0.444,0.536,0.28,-0.02
511,8,0.428,0.724,0.768,0.52,0.212,0.516,0.472,0.98
512,8,0.62,0.704,0.536,0.2,-0.02,0.496,0.664,1.0
513,5,0.3,0.472,0.516,0.392,0.98,0.688,0.644,0.768
514,5,-0.02,0.24,0.496,0.584,1.0,0.88,0.624,0.536
515,1,0.98,0.432,0.476,0.352,0.68,0.648,0.604,0.728
516,1,1.0,0.624,0.456,0.12,0.36,0.416,0.584,0.92
517,,0.98,0.604,0.436,0.1,0.34,0.396,0.564,0.9
518,,0.96,0.584,0.416,0.08,0.32,0.376,0.544,0.88
519,,0.94,0.564,0.396,0.06,0.3,0.356,0.524,0.86
520,,0.92,0.544,0.376,0.04,0.28,0.336,0.504,0.84
521,,0.9,0.524,0.356,0.02,0.26,0.316,0.484,0.82
522,,0.88,0.504,0.336,0.0,0.24,0.296,0.464,0.8
523,,0.86,0.484,0.316,-0.02,0.22,0.276,0.444,0.78
524,4,0.628,0.464,0.508,0.98,0.412,0.256,0.212,0.46
525,4,0.396,0.444,0.7,1.0,0.604,0.236,-0.02,0.14
526,7,0.376,0.212,0.38,0.768,0.584,0.428,0.98,0.332
527,7,0.356,-0.02,0.06,0.536,0.564,0.62,1.0,0.524
528,2,0.548,0.98,0.252,0.516,0.332,0.3,0.768,0.504
529,2,0.74,1.0,0.444,0.496,0.1,-0.02,0.536,0.484
530,6,0.508,0.68,0.212,0.476,0.292,0.98,0.728,0.464
531,6,0.276,0.36,-0.02,0.456,0.484,1.0,0.92,0.444
532,3,0.256,0.552,0.98,0.648,0.464,0.768,0.6,0.212
533,3,0.236,0.744,1.0,0.84,0.444,0.536,0.28,-0.02
534,8,0.428,0.724,0.768,0.52,0.212,0.516,0.472,0.98
535,8,0.62,0.704,0.536,0.2,-0.02,0.496,0.664,1.0
536,5,0.3,0.472,0.516,0.392,0.98,0.688,0.644,0.768
537,5,-0.02,0.24,0.496,0.584,1.0,0.88,0.624,0.536
538,1,0.98,0.432,0.476,0.352,0.68,0.648,0.604,0.728
539,1,1.0,0.624,0.456,0.12,0.36,0.416,0.584,0.92
540,,0.98,0.604,0.436,0.1,0.34,0.396,0.564,0.9
541,,0.96,0.584,0.416,0.08,0.32,0.376,0.544,0.88
542,,0.94,0.564,0.396,0.06,0.3,0.356,0.524,0.86
543,,0.92,0.544,0.376,0.04,0.28,0.336,0.504,0.84
544,,0.9,0.524,0.356,0.02,0.26,0.316,0.484,0.82
545,,0.88,0.504,0.336,0.0,0.24,0.296,0.464,0.8
546,,0.86,0.484,0.316,-0.02,0.22,0.276,0.444,0.78
547,4,0.628,0.464,0.508,0.98,0.412,0.256,0.212,0.46
548,4,0.396,0.444,0.7,1.0,0.604,0.236,-0.02,0.14
549,7,0.376,0.212,0.38,0.768,0.584,0.428,0.98,0.332
550,7,0.356,-0.02,0.06,0.536,0.564,0.62,1.0,0.524
551,2,0.548,0.98,0.252,0.516,0.332,0.3,0.768,0.504
552,2,0.74,1.0,0.444,0.496,0.1,-0.02,0.536,0.484
553,6,0.508,0.68,0.212,0.476,0.292,0.98,0.728,0.464
554,6,0.276,0.36,-0.02,0.456,0.484,1.0,0.92,0.444
555,3,0.256,0.552,0.98,0.648,0.464,0.768,0.6,0.212
556,3,0.236,0.744,1.0,0.84,0.444,0.536,0.28,-0.02
557,8,0.428,0.724,0.768,0.52,0.212,0.516,0.472,0.98
558,8,0.62,0.704,0.536,0.2,-0.02,0.496,0.664,1.0
559,5,0.3,0.472,0.516,0.392,0.98,0.688,0.644,0.768
560,5,-0.02,0.24,0.496,0.584,1.0,0.88,0.624,0.536
561,1,0.98,0.432,0.476,0.352,0.68,0.648,0.604,0.728
562,1,1.0,0.624,0.456,0.12,0.36,0.416,0.584,0.92
563,,0.98,0.604,0.436,0.1,0.34,0.396,0.564,0.9
564,,0.96,0.584,0.416,0.08,0.32,0.376,0.544,0.88
565,,0.94,0.564,0.396,0.06,0.3,0.356,0.524,0.86
566,,0.92,0.544,0.376,0.04,0.28,0.336,0.504,0.84
567,,0.9,0.524,0.356,0.02,0.26,0.316,0.484,0.82
568,,0.88,0.504,0.336,0.0,0.24,0.296,0.464,0.8
569,,0.86,0.484,0.316,-0.02,0.22,0.276,0.444,0.78
570,4,0.628,0.464,0.508,0.98,0.412,0.256,0.212,0.46
571,4,0.396,0.444,0.7,1.0,0.604,0.236,-0.02,0.14
572,7,0.376,0.212,0.38,0.768,0.584,0.428,0.98,0.332
573,7,0.356,-0.02,0.06,0.536,0.564,0.62,1.0,0.524
574,2,0.548,0.98,0.252,0.516,0.332,0.3,0.768,0.504
575,2,0.74,1.0,0.444,0.496,0.1,-0.02,0.536,0.484
576,6,0.508,0.68,0.212,0.476,0.292,0.98,0.728,0.464
577,6,0.276,0.36,-0.02,0.456,0.484,1.0,0.92,0.444
578,3,0.256,0.552,0.98,0.648,0.464,0.768,0.6,0.212
579,3,0.236,0.744,1.0,0.84,0.444,0.536,0.28,-0.02
580,8,0.428,0.724,0.768,0.52,0.212,0.516,0.472,0.98
581,8,0.62,0.704,0.536,0.2,-0.02,0.496,0.664,1.0
582,5,0.3,0.472,0.516,0.392,0.98,0.688,0.644,0.768
583,5,-0.02,0.24,0.496,0.584,1.0,0.88,0.624,0.536
584,1,0.98,0.432,0.476,0.352,0.68,0.648,0.604,0.728
585,1,1.0,0.624,0.456,0.12,0.36,0.416,0.584,0.92
586,,0.98,0.604,0.436,0.1,0.34,0.396,0.564,0.9
587,,0.96,0.584,0.416,0.08,0.32,0.376,0.544,0.88
588,,0.94,0.564,0.396,0.06,0.3,0.356,0.524,0.86
589,,0.92,0.544,0.376,0.04,0.28,0.336,0.504,0.84
590,,0.9,0.524,0.356,0.02,0.26,0.316,0.484,0.82
591,,0.88,0.504,0.336,0.0,0.24,0.296,0.464,0.8
592,,0.86,0.484,0.316,-0.02,0.22,0.276,0.444,0.78
593,4,0.628,0.464,0.508,0.98,0.412,0.256,0.212,0.46
594,4,0.396,0.444,0.7,1.0,0.604,0.236,-0.02,0.14
595,7,0.376,0.212,0.38,0.768,0.584,0.428,0.98,0.332
596,7,0.356,-0.02,0.06,0.536,0.564,0.62,1.0,0.524
597,2,0.548,0.98,0.252,0.516,0.332,0.3,0.768,0.504
598,2,0.74,1.0,0.444,0.496,0.1,-0.02,0.536,0.484
599,6,0.508,0.68,0.212,0.476,0.292,0.98,0.728,0.464
600,6,0.276,0.36,-0.02,0.456,0.484,1.0,0.92,0.444
601,3,0.256,0.552,0.98,0.648,0.464,0.768,0.6,0.212
602,3,0.236,0.744,1.0,0.84,0.444,0.536,0.28,-0.02
603,8,0.428,0.724,0.768,0.52,0.212,0.516,0.472,0.98
604,8,0.62,0.704,0.536,0.2,-0.02,0.496,0.664,1.0
605,5,0.3,0.472,0.516,0.392,0.98,0.688,0.644,0.768
606,5,-0.02,0.24,0.496,0.584,1.0,0.88,0.624,0.536
607,1,0.98,0.432,0.476,0.352,0.68,0.648,0.604,0.728
608,1,1.0,0.624,0.456,0.12,0.36,0.416,0.584,0.92
609,,0.98,0.604,0.436,0.1,0.34,0.396,0.564,0.9
610,,0.96,0.584,0.416,0.08,0.32,0.376,0.544,0.88
611,,0.94,0.564,0.396,0.06,0.3,0.356,0.524,0.86
612,,0.92,0.544,0.376,0.04,0.28,0.336,0.504,0.84
613,,0.9,0.524,0.356,0.02,0.26,0.316,0.484,0.82
614,,0.88,0.504,0.336,0.0,0.24,0.296,0.464,0.8
615,,0.86,0.484,0.316,-0.02,0.22,0.276,0.444,0.78
616,4,0.628,0.464,0.508,0.98,0.412,0.256,0.212,0.46
617,4,0.396,0.444,0.7,1.0,0.604,0.236,-0.02,0.14
618,7,0.376,0.212,0.38,0.768,0.584,0.428,0.98,0.332
619,7,0.356,-0.02,0.06,0.536,0.564,0.62,1.0,0.524
620,2,0.548,0.98,0.252,0.516,0.332,0.3,0.768,0.504
621,2,0.74,1.0,0.444,0.496,0.1,-0.02,0.536,0.484
622,6,0.508,0.68,0.212,0.476,0.292,0.98,0.728,0.464
623,6,0.276,0.36,-0.02,0.456,0.484,1.0,0.92,0.444
624,3,0.256,0.552,0.98,0.648,0.464,0.768,0.6,0.212
625,3,0.236,0.744,1.0,0.84,0.444,0.536,0.28,-0.02
626,8,0.428,0.724,0.768,0.52,0.212,0.516,0.472,0.98
627,8,0.62,0.704,0.536,0.2,-0.02,0.496,0.664,1.0
628,5,0.3,0.472,0.516,0.392,0.98,0.688,0.644,0.768
629,5,-0.02,0.24,0.496,0.584,1.0,0.88,0.624,0.536
630,1,0.98,0.432,0.476,0.352,0.68,0.648,0.604,0.728
631,1,1.0,0.624,0.456,0.12,0.36,0.416,0.584,0.92
632,,0.98,0.604,0.436,0.1,0.34,0.396,0.564,0.9
633,,0.96,0.584,0.416,0.08,0.32,0.376,0.544,0.88
634,,0.94,0.564,0.396,0.06,0.3,0.356,0.524,0.86
635,,0.92,0.544,0.376,0.04,0.28,0.336,0.504,0.84
636,,0.9,0.524,0.356,0.02,0.26,0.316,0.484,0.82
637,,0.88,0.504,0.336,0.0,0.24,0.296,0.464,0.8
638,,0.86,0.484,0.316,-0.02,0.22,0.276,0.444,0.78
639,4,0.628,0.464,0.508,0.98,0.412,0.256,0.212,0.46
640,4,0.396,0.444,0.7,1.0,0.604,0.236,-0.02,0.14
641,7,0.376,0.212,0.38,0.768,0.584,0.428,0.98,0.332
642,7,0.356,-0.02,0.06,0.536,0.564,0.62,1.0,0.524
643,2,0.548,0.98,0.252,0.516,0.332,0.3,0.768,0.504
644,2,0.74,1.0,0.444,0.496,0.1,-0.02,0.536,0.484
645,6,0.508,0.68,0.212,0.476,0.292,0.98,0.728,0.464
646,6,0.276,0.36,-0.02,0.456,0.484,1.0,0.92,0.444
647,3,0.256,0.552,0.98,0.648,0.464,0.768,0.6,0.212
648,3,0.236,0.744,1.0,0.84,0.444,0.536,0.28,-0.02
649,8,0.428,0.724,0.768,0.52,0.212,0.516,0.472,0.98
650,8,0.62,0.704,0.536,0.2,-0.02,0.496,0.664,1.0
651,5,0.3,0.472,0.516,0.392,0.98,0.688,0.644,0.768
652,5,-0.02,0.24,0.496,0.584,1.0,0.88,0.624,0.536
653,1,0.98,0.432,0.476,0.352,0.68,0.648,0.604,0.728
654,1,1.0,0.624,0.456,0.12,0.36,0.416,0.584,0.92
655,,0.98,0.604,0.436,0.1,0.34,0.396,0.564,0.9
656,,0.96,0.584,0.416,0.08,0.32,0.376,0.544,0.88
657,,0.94,0.564,0.396,0.06,0.3,0.356,0.524,0.86
658,,0.92,0.544,0.376,0.04,0.28,0.336,0.504,0.84
659,,0.9,0.524,0.356,0.02,0.26,0.316,0.484,0.82
660,,0.88,0.504,0.336,0.0,0.24,0.296,0.464,0.8
661,,0.86,0.484,0.316,-0.02,0.22,0.276,0.444,0.78
662,4,0.628,0.464,0.508,0.98,0.412,0.256,0.212,0.46
663,4,0.396,0.444,0.7,1.0,0.604,0.236,-0.02,0.14
664,7,0.376,0.212,0.38,0.768,0.584,0.428,0.98,0.332
665,7,0.356,-0.02,0.06,0.536,0.564,0.62,1.0,0.524
666,2,0.548,0.98,0.252,0.516,0.332,0.3,0.768,0.504
667,2,0.74,1.0,0.444,0.496,0.1,-0.02,0.536,0.484
668,6,0.508,0.68,0.212,0.476,0.292,0.98,0.728,0.464
669,6,0.276,0.36,-0.02,0.456,0.484,1.0,0.92,0.444
670,3,0.256,0.552,0.98,0.648,0.464,0.768,0.6,0.212
671,3,0.236,0.744,1.0,0.84,0.444,0.536,0.28,-0.02
672,8,0.428,0.724,0.768,0.52,0.212,0.516,0.472,0.98
673,8,0.62,0.704,0.536,0.2,-0.02,0.496,0.664,1.0
674,5,0.3,0.472,0.516,0.392,0.98,0.688,0.644,0.768
675,5,-0.02,0.24,0.496,0.584,1.0,0.88,0.624,0.536
676,1,0.98,0.432,0.476,0.352,0.68,0.648,0.604,0.728
677,1,1.0,0.624,0.456,0.12,0.36,0.416,0.584,0.92
678,,0.98,0.604,0.436,0.1,0.34,0.396,0.564,0.9
679,,0.96,0.584,0.416,0.08,0.32,0.376,0.544,0.88
680,,0.94,0.564,0.396,0.06,0.3,0.356,0.524,0.86
681,,0.92,0.544,0.376,0.04,0.28,0.336,0.504,0.84
682,,0.9,0.524,0.356,0.02,0.26,0.316,0.484,0.82
683,,0.88,0.504,0.336,0.0,0.24,0.296,0.464,0.8
684,,0.86,0.484,0.316,-0.02,0.22,0.276,0.444,0.78
685,4,0.628,0.464,0.508,0.98,0.412,0.256,0.212,0.46
686,4,0.396,0.444,0.7,1.0,0.604,0.236,-0.02,0.14
687,7,0.376,0.212,0.38,0.768,0.584,0.428,0.98,0.332
688,7,0.356,-0.02,0.06,0.536,0.564,0.62,1.0,0.524
689,2,0.548,0.98,0.252,0.516,0.332,0.3,0.768,0.504
690,2,0.74,1.0,0.444,0.496,0.1,-0.02,0.536,0.484
691,6,0.508,0.68,0.212,0.476,0.292,0.98,0.728,0.464
692,6,0.276,0.36,-0.02,0.456,0.484,1.0,0.92,0.444
693,3,0.256,0.552,0.98,0.648,0.464,0.768,0.6,0.212
694,3,0.236,0.744,1.0,0.84,0.444,0.536,0.28,-0.02
695,8,0.428,0.724,0.768,0.52,0.212,0.516,0.472,0.98
696,8,0.62,0.704,0.536,0.2,-0.02,0.496,0.664,1.0
697,5,0.3,0.472,0.516,0.392,0.98,0.688,0.644,0.768
698,5,-0.02,0.24,0.496,0.584,1.0,0.88,0.624,0.536
699,1,0.98,0.432,0.476,0.352,0.68,0.648,0.604,0.728
700,1,1.0,0.624,0.456,0.12,0.36,0.416,0.584,0.92
701,,0.98,0.604,0.436,0.1,0.34,0.396,0.564,0.9
702,,0.96,0.584,0.416,0.08,0.32,0.376,0.544,0.88
703,,0.94,0.564,0.396,0.06,0.3,0.356,0.524,0.86
704,,0.92,0.544,0.376,0.04,0.28,0.336,0.504,0.84
705,,0.9,0.524,0.356,0.02,0.26,0.316,0.484,0.82
706,,0.88,0.504,0.336,0.0,0.24,0.296,0.464,0.8
707,,0.86,0.484,0.316,-0.02,0.22,0.276,0.444,0.78
708,4,0.628,0.464,0.508,0.98,0.412,0.256,0.212,0.46
709,4,0.396,0.444,0.7,1.0,0.604,0.236,-0.02,0.14
710,7,0.376,0.212,0.38,0.768,0.584,0.428,0.98,0.332
711,7,0.356,-0.02,0.06,0.536,0.564,0.62,1.0,0.524
712,2,0.548,0.98,0.252,0.516,0.332,0.3,0.768,0.504
713,2,0.74,1.0,0.444,0.496,0.1,-0.02,0.536,0.484
714,6,0.508,0.68,0.212,0.476,0.292,0.98,0.728,0.464
715,6,0.276,0.36,-0.02,0.456,0.484,1.0,0.92,0.444
716,3,0.256,0.552,0.98,0.648,0.464,0.768,0.6,0.212
717,3,0.236,0.744,1.0,0.84,0.444,0.536,0.28,-0.02
718,8,0.428,0.724,0.768,0.52,0.212,0.516,0.472,0.98
719,8,0.62,0.704,0.536,0.2,-0.02,0.496,0.664,1.0
720,5,0.3,0.472,0.516,0.392,0.98,0.688,0.644,0.768
721,5,-0.02,0.24,0.496,0.584,1.0,0.88,0.624,0.536
722,1,0.98,0.432,0.476,0.352,0.68,0.648,0.604,0.728
723,1,1.0,0.624,0.456,0.12,0.36,0.416,0.584,0.92
724,,0.98,0.604,0.436,0.1,0.34,0.396,0.564,0.9
725,,0.96,0.584,0.416,0.08,0.32,0.376,0.544,0.88
726,,0.94,0.564,0.396,0.06,0.3,0.356,0.524,0.86
727,,0.92,0.544,0.376,0.04,0.28,0.336,0.504,0.84
728,,0.9,0.524,0.356,0.02,0.26,0.316,0.484,0.82
729,,0.88,0.504,0.336,0.0,0.24,0.296,0.464,0.8
730,,0.86,0.484,0.316,-0.02,0.22,0.276,0.444,0.78
731,4,0.628,0.464,0.508,0.98,0.412,0.256,0.212,0.46
732,4,0.396,0.444,0.7,1.0,0.604,0.236,-0.02,0.14
733,7,0.376,0.212,0.38,0.768,0.584,0.428,0.98,0.332
734,7,0.356,-0.02,0.06,0.536,0.564,0.62,1.0,0.524
735,2,0.548,0.98,0.252,0.516,0.332,0.3,0.768,0.504
736,2,0.74,1.0,0.444,0.496,0.1,-0.02,0.536,0.484
737,6,0.508,0.68,0.212,0.476,0.292,0.98,0.728,0.464
738,6,0.276,0.36,-0.02,0.456,0.484,1.0,0.92,0.444
739,3,0.256,0.552,0.98,0.648,0.464,0.768,0.6,0.212
740,3,0.236,0.744,1.0,0.84,0.444,0.536,0.28,-0.02
741,8,0.428,0.724,0.768,0.52,0.212,0.516,0.472,0.98
742,8,0.62,0.704,0.536,0.2,-0.02,0.496,0.664,1.0
743,5,0.3,0.472,0.516,0.392,0.98,0.688,0.644,0.768
744,5,-0.02,0.24,0.496,0.584,1.0,0.88,0.624,0.536
745,1,0.98,0.432,0.476,0.352,0.68,0.648,0.604,0.728
746,1,1.0,0.624,0.456,0.12,0.36,0.416,0.584,0.92
747,,0.98,0.604,0.436,0.1,0.34,0.396,0.564,0.9
748,,0.96,0.584,0.416,0.08,0.32,0.376,0.544,0.88
749,,0.94,0.564,0.396,0.06,0.3,0.356,0.524,0.86
750,,0.92,0.544,0.376,0.04,0.28,0.336,0.504,0.84
751,,0.9,0.524,0.356,0.02,0.26,0.316,0.484,0.82
752,,0.88,0.504,0.336,0.0,0.24,0.296,0.464,0.8
753,,0.86,0.484,0.316,-0.02,0.22,0.276,0.444,0.78
754,4,0.628,0.464,0.508,0.98,0.412,0.256,0.212,0.46
755,4,0.396,0.444,0.7,1.0,0.604,0.236,-0.02,0.14
756,7,0.376,0.212,0.38,0.768,0.584,0.428,0.98,0.332
757,7,0.356,-0.02,0.06,0.536,0.564,0.62,1.0,0.524
758,2,0.548,0.98,0.252,0.516,0.332,0.3,0.768,0.504
759,2,0.74,1.0,0.444,0.496,0.1,-0.02,0.536,0.484
760,6,0.508,0.68,0.212,0.476,0.292,0.98,0.728,0.464
761,6,0.276,0.36,-0.02,0.456,0.484,1.0,0.92,0.444
762,3,0.256,0.552,0.98,0.648,0.464,0.768,0.6,0.212
763,3,0.236,0.744,1.0,0.84,0.444,0.536,0.28,-0.02
764,8,0.428,0.724,0.768,0.52,0.212,0.516,0.472,0.98
765,8,0.62,0.704,0.536,0.2,-0.02,0.496,0.664,1.0
766,5,0.3,0.472,0.516,0.392,0.98,0.688,0.644,0.768
767,5,-0.02,0.24,0.496,0.584,1.0,0.88,0.624,0.536
768,1,0.98,0.432,0.476,0.352,0.68,0.648,0.604,0.728
769,1,1.0,0.624,0.456,0.12,0.36,0.416,0.584,0.92
770,,0.98,0.604,0.436,0.1,0.34,0.396,0.564,0.9
771,,0.96,0.584,0.416,0.08,0.32,0.376,0.544,0.88
772,,0.94,0.564,0.396,0.06,0.3,0.356,0.524,0.86
773,,0.92,0.544,0.376,0.04,0.28,0.336,0.504,0.84
774,,0.9,0.524,0.356,0.02,0.26,0.316,0.484,0.82
775,,0.88,0.504,0.336,0.0,0.24,0.296,0.464,0.8
776,,0.86,0.484,0.316,-0.02,0.22,0.276,0.444,0.78
777,4,0.628,0.464,0.508,0.98,0.412,0.256,0.212,0.46
778,4,0.396,0.444,0.7,1.0,0.604,0.236,-0.02,0.14
779,7,0.376,0.212,0.38,0.768,0.584,0.428,0.98,0.332
780,7,0.356,-0.02,0.06,0.536,0.564,0.62,1.0,0.524
781,2,0.548,0.98,0.252,0.516,0.332,0.3,0.768,0.504
782,2,0.74,1.0,0.444,0.496,0.1,-0.02,0.536,0.484
783,6,0.508,0.68,0.212,0.476,0.292,0.98,0.728,0.464
784,6,0.276,0.36,-0.02,0.456,0.484,1.0,0.92,0.444
785,3,0.256,0.552,0.98,0.648,0.464,0.768,0.6,0.212
786,3,0.236,0.744,1.0,0.84,0.444,0.536,0.28,-0.02
787,8,0.428,0.724,0.768,0.52,0.212,0.516,0.472,0.98
788,8,0.62,0.704,0.536,0.2,-0.02,0.496,0.664,1.0
789,5,0.3,0.472,0.516,0.392,0.98,0.688,0.644,0.768
790,5,-0.02,0.24,0.496,0.584,1.0,0.88,0.624,0.536
791,1,0.98,0.432,0.476,0.352,0.68,0.648,0.604,0.728
792,1,1.0,0.624,0.456,0.12,0.36,0.416,0.584,0.92
793,,0.98,0.604,0.436,0.1,0.34,0.396,0.564,0.9
794,,0.96,0.584,0.416,0.08,0.32,0.376,0.544,0.88
795,,0.94,0.564,0.396,0.06,0.3,0.356,0.524,0.86
796,,0.92,0.544,0.376,0.04,0.28,0.336,0.504,0.84
797,,0.9,0.524,0.356,0.02,0.26,0.316,0.484,0.82
798,,0.88,0.504,0.336,0.0,0.24,0.296,0.464,0.8
799,,0.86,0.484,0.316,-0.02,0.22,0.276,0.444,0.78
800,4,0.628,0.464,0.508,0.98,0.412,0.256,0.212,0.46
801,4,0.396,0.444,0.7,1.0,0.604,0.236,-0.02,0.14
802,7,0.376,0.212,0.38,0.768,0.584,0.428,0.98,0.332
803,7,0.356,-0.02,0.06,0.536,0.564,0.62,1.0,0.524
804,2,0.548,0.98,0.252,0.516,0.332,0.3,0.768,0.504
805,2,0.74,1.0,0.444,0.496,0.1,-0.02,0.536,0.484
806,6,0.508,0.68,0.212,0.476,0.292,0.98,0.728,0.464
807,6,0.276,0.36,-0.02,0.456,0.484,1.0,0.92,0.444
808,3,0.256,0.552,0.98,0.648,0.464,0.768,0.6,0.212
809,3,0.236,0.744,1.0,0.84,0.444,0.536,0.28,-0.02
810,8,0.428,0.724,0.768,0.52,0.212,0.516,0.472,0.98
811,8,0.62,0.704,0.536,0.2,-0.02,0.496,0.664,1.0
812,5,0.3,0.472,0.516,0.392,0.98,0.688,0.644,0.768
813,5,-0.02,0.24,0.496,0.584,1.0,0.88,0.624,0.536
814,1,0.98,0.432,0.476,0.352,0.68,0.648,0.604,0.728
815,1,1.0,0.624,0.456,0.12,0.36,0.416,0.584,0.92
816,,0.98,0.604,0.436,0.1,0.34,0.396,0.564,0.9
817,,0.96,0.584,0.416,0.08,0.32,0.376,0.544,0.88
818,,0.94,0.564,0.396,0.06,0.3,0.356,0.524,0.86
819,,0.92,0.544,0.376,0.04,0.28,0.336,0.504,0.84
820,,0.9,0.524,0.356,0.02,0.26,0.316,0.484,0.82
821,,0.88,0.504,0.336,0.0,0.24,0.296,0.464,0.8
822,,0.86,0.484,0.316,-0.02,0.22,0.276,0.444,0.78
823,4,0.628,0.464,0.508,0.98,0.412,0.256,0.212,0.46
824,4,0.396,0.444,0.7,1.0,0.604,0.236,-0.02,0.14
825,7,0.376,0.212,0.38,0.768,0.584,0.428,0.98,0.332
826,7,0.356,-0.02,0.06,0.536,0.564,0.62,1.0,0.524
827,2,0.548,0.98,0.252,0.516,0.332,0.3,0.768,0.504
828,2,0.74,1.0,0.444,0.496,0.1,-0.02,0.536,0.484
829,6,0.508,0.68,0.212,0.476,0.292,0.98,0.728,0.464
830,6,0.276,0.36,-0.02,0.456,0.484,1.0,0.92,0.444
831,3,0.256,0.552,0.98,0.648,0.464,0.768,0.6,0.212
832,3,0.236,0.744,1.0,0.84,0.444,0.536,0.28,-0.02
833,8,0.428,0.724,0.768,0.52,0.212,0.516,0.472,0.98
834,8,0.62,0.704,0.536,0.2,-0.02,0.496,0.664,1.0
835,5,0.3,0.472,0.516,0.392,0.98,0.688,0.644,0.768
836,5,-0.02,0.24,0.496,0.584,1.0,0.88,0.624,0.536
837,1,0.98,0.432,0.476,0.352,0.68,0.648,0.604,0.728
838,1,1.0,0.624,0.456,0.12,0.36,0.416,0.584,0.92
839,,0.98,0.604,0.436,0.1,0.34,0.396,0.564,0.9
840,,0.96,0.584,0.416,0.08,0.32,0.376,0.544,0.88
841,,0.94,0.564,0.396,0.06,0.3,0.356,0.524,0.86
842,,0.92,0.544,0.376,0.04,0.28,0.336,0.504,0.84
843,,0.9,0.524,0.356,0.02,0.26,0.316,0.484,0.82
844,,0.88,0.504,0.336,0.0,0.24,0.296,0.464,0.8
845,,0.86,0.484,0.316,-0.02,0.22,0.276,0.444,0.78
846,4,0.628,0.464,0.508,0.98,0.412,0.256,0.212,0.46
847,4,0.396,0.444,0.7,1.0,0.604,0.236,-0.02,0.14
848,7,0.376,0.212,0.38,0.768,0.584,0.428,0.98,0.332
849,7,0.356,-0.02,0.06,0.536,0.564,0.62,1.0,0.524
850,2,0.548,0.98,0.252,0.516,0.332,0.3,0.768,0.504
851,2,0.74,1.0,0.444,0.496,0.1,-0.02,0.536,0.484
852,6,0.508,0.68,0.212,0.476,0.292,0.98,0.728,0.464
853,6,0.276,0.36,-0.02,0.456,0.484,1.0,0.92,0.444
854,3,0.256,0.552,0.98,0.648,0.464,0.768,0.6,0.212
855,3,0.236,0.744,1.0,0.84,0.444,0.536,0.28,-0.02
856,8,0.428,0.724,0.768,0.52,0.212,0.516,0.472,0.98
857,8,0.62,0.704,0.536,0.2,-0.02,0.496,0.664,1.0
858,5,0.3,0.472,0.516,0.392,0.98,0.688,0.644,0.768
859,5,-0.02,0.24,0.496,0.584,1.0,0.88,0.624,0.536
860,1,0.98,0.432,0.476,0.352,0.68,0.648,0.604,0.728
861,1,1.0,0.624,0.456,0.12,0.36,0.416,0.584,0.92
862,,0.98,0.604,0.436,0.1,0.34,0.396,0.564,0.9
863,,0.96,0.584,0.416,0.08,0.32,0.376,0.544,0.88
864,,0.94,0.564,0.396,0.06,0.3,0.356,0.524,0.86
865,,0.92,0.544,0.376,0.04,0.28,0.336,0.504,0.84
866,,0.9,0.524,0.356,0.02,0.26,0.316,0.484,0.82
867,,0.88,0.504,0.336,0.0,0.24,0.296,0.464,0.8
868,,0.86,0.484,0.316,-0.02,0.22,0.276,0.444,0.78
869,4,0.628,0.464,0.508,0.98,0.412,0.256,0.212,0.46
870,4,0.396,0.444,0.7,1.0,0.604,0.236,-0.02,0.14
871,7,0.376,0.212,0.38,0.768,0.584,0.428,0.98,0.332
872,7,0.356,-0.02,0.06,0.536,0.564,0.62,1.0,0.524
873,2,0.548,0.98,0.252,0.516,0.332,0.3,0.768,0.504
874,2,0.74,1.0,0.444,0.496,0.1,-0.02,0.536,0.484
875,6,0.508,0.68,0.212,0.476,0.292,0.98,0.728,0.464
876,6,0.276,0.36,-0.02,0.456,0.484,1.0,0.92,0.444
877,3,0.256,0.552,0.98,0.648,0.464,0.768,0.6,0.212
878,3,0.236,0.744,1.0,0.84,0.444,0.536,0.28,-0.02
879,8,0.428,0.724,0.768,0.52,0.212,0.516,0.472,0.98
880,8,0.62,0.704,0.536,0.2,-0.02,0.496,0.664,1.0
881,5,0.3,0.472,0.516,0.392,0.98,0.688,0.644,0.768
882,5,-0.02,0.24,0.496,0.584,1.0,0.88,0.624,0.536
883,1,0.98,0.432,0.476,0.352,0.68,0.648,0.604,0.728
884,1,1.0,0.624,0.456,0.12,0.36,0.416,0.584,0.92
885,,0.98,0.604,0.436,0.1,0.34,0.396,0.564,0.9
886,,0.96,0.584,0.416,0.08,0.32,0.376,0.544,0.88
887,,0.94,0.564,0.396,0.06,0.3,0.356,0.524,0.86
888,,0.92,0.544,0.376,0.04,0.28,0.336,0.504,0.84
889,,0.9,0.524,0.356,0.02,0.26,0.316,0.484,0.82
890,,0.88,0.504,0.336,0.0,0.24,0.296,0.464,0.8
891,,0.86,0.484,0.316,-0.02,0.22,0.276,0.444,0.78
892,4,0.628,0.464,0.508,0.98,0.412,0.256,0.212,0.46
893,4,0.396,0.444,0.7,1.0,0.604,0.236,-0.02,0.14
894,7,0.376,0.212,0.38,0.768,0.584,0.428,0.98,0.332
895,7,0.356,-0.02,0.06,0.536,0.564,0.62,1.0,0.524
896,2,0.548,0.98,0.252,0.516,0.332,0.3,0.768,0.504
897,2,0.74,1.0,0.444,0.496,0.1,-0.02,0.536,0.484
898,6,0.508,0.68,0.212,0.476,0.292,0.98,0.728,0.464
899,6,0.276,0.36,-0.02,0.456,0.484,1.0,0.92,0.444
900,3,0.256,0.552,0.98,0.648,0.464,0.768,0.6,0.212
901,3,0.236,0.744,1.0,0.84,0.444,0.536,0.28,-0.02
902,8,0.428,0.724,0.768,0.52,0.212,0.516,0.472,0.98
903,8,0.62,0.704,0.536,0.2,-0.02,0.496,0.664,1.0
904,5,0.3,0.472,0.516,0.392,0.98,0.688,0.644,0.768
905,5,-0.02,0.24,0.496,0.584,1.0,0.88,0.624,0.536
906,1,0.98,0.432,0.476,0.352,0.68,0.648,0.604,0.728
907,1,1.0,0.624,0.456,0.12,0.36,0.416,0.584,0.92
908,,0.98,0.604,0.436,0.1,0.34,0.396,0.564,0.9
909,,0.96,0.584,0.416,0.08,0.32,0.376,0.544,0.88
910,,0.94,0.564,0.396,0.06,0.3,0.356,0.524,0.86
911,,0.92,0.544,0.376,0.04,0.28,0.336,0.504,0.84
912,,0.9,0.524,0.356,0.02,0.26,0.316,0.484,0.82
913,,0.88,0.504,0.336,0.0,0.24,0.296,0.464,0.8
914,,0.86,0.484,0.316,-0.02,0.22,0.276,0.444,0.78
915,4,0.628,0.464,0.508,0.98,0.412,0.256,0.212,0.46
916,4,0.396,0.444,0.7,1.0,0.604,0.236,-0.02,0.14
917,7,0.376,0.212,0.38,0.768,0.584,0.428,0.98,0.332
918,7,0.356,-0.02,0.06,0.536,0.564,0.62,1.0,0.524
919,2,0.548,0.98,0.252,0.516,0.332,0.3,0.768,0.504
920,2,0.74,1.0,0.444,0.496,0.1,-0.02,0.536,0.484
921,6,0.508,0.68,0.212,0.476,0.292,0.98,0.728,0.464
922,6,0.276,0.36,-0.02,0.456,0.484,1.0,0.92,0.444
923,3,0.256,0.552,0.98,0.648,0.464,0.768,0.6,0.212
924,3,0.236,0.744,1.0,0.84,0.444,0.536,0.28,-0.02
925,8,0.428,0.724,0.768,0.52,0.212,0.516,0.472,0.98
926,8,0.62,0.704,0.536,0.2,-0.02,0.496,0.664,1.0
927,5,0.3,0.472,0.516,0.392,0.98,0.688,0.644,0.768
928,5,-0.02,0.24,0.496,0.584,1.0,0.88,0.624,0.536
929,1,0.98,0.432,0.476,0.352,0.68,0.648,0.604,0.728
930,1,1.0,0.624,0.456,0.12,0.36,0.416,0.584,0.92
931,,0.98,0.604,0.436,0.1,0.34,0.396,0.564,0.9
932,,0.96,0.584,0.416,0.08,0.32,0.376,0.544,0.88
933,,0.94,0.564,0.396,0.06,0.3,0.356,0.524,0.86
934,,0.92,0.544,0.376,0.04,0.28,0.336,0.504,0.84
935,,0.9,0.524,0.356,0.02,0.26,0.316,0.484,0.82
936,,0.88,0.504,0.336,0.0,0.24,0.296,0.464,0.8
937,,0.86,0.484,0.316,-0.02,0.22,0.276,0.444,0.78
938,4,0.628,0.464,0.508,0.98,0.412,0.256,0.212,0.46
939,4,0.396,0.444,0.7,1.0,0.604,0.236,-0.02,0.14
940,7,0.376,0.212,0.38,0.768,0.584,0.428,0.98,0.332
941,7,0.356,-0.02,0.06,0.536,0.564,0.62,1.0,0.524
942,2,0.548,0.98,0.252,0.516,0.332,0.3,0.768,0.504
943,2,0.74,1.0,0.444,0.496,0.1,-0.02,0.536,0.484
944,6,0.508,0.68,0.212,0.476,0.292,0.98,0.728,0.464
945,6,0.276,0.36,-0.02,0.456,0.484,1.0,0.92,0.444
946,3,0.256,0.552,0.98,0.648,0.464,0.768,0.6,0.212
947,3,0.236,0.744,1.0,0.84,0.444,0.536,0.28,-0.02
948,8,0.428,0.724,0.768,0.52,0.212,0.516,0.472,0.98
949,8,0.62,0.704,0.536,0.2,-0.02,0.496,0.664,1.0
950,5,0.3,0.472,0.516,0.392,0.98,0.688,0.644,0.768
951,5,-0.02,0.24,0.496,0.584,1.0,0.88,0.624,0.536
952,1,0.98,0.432,0.476,0.352,0.68,0.648,0.604,0.728
953,1,1.0,0.624,0.456,0.12,0.36,0.416,0.584,0.92
954,,0.98,0.604,0.436,0.1,0.34,0.396,0.564,0.9
955,,0.96,0.584,0.416,0.08,0.32,0.376,0.544,0.88
956,,0.94,0.564,0.396,0.06,0.3,0.356,0.524,0.86
957,,0.92,0.544,0.376,0.04,0.28,0.336,0.504,0.84
958,,0.9,0.524,0.356,0.02,0.26,0.316,0.484,0.82
959,,0.88,0.504,0.336,0.0,0.24,0.296,0.464,0.8
960,,0.86,0.484,0.316,-0.02,0.22,0.276,0.444,0.78
961,4,0.628,0.464,0.508,0.98,0.412,0.256,0.212,0.46
962,4,0.396,0.444,0.7,1.0,0.604,0.236,-0.02,0.14
963,7,0.376,0.212,0.38,0.768,0.584,0.428,0.98,0.332
964,7,0.356,-0.02,0.06,0.536,0.564,0.62,1.0,0.524
965,2,0.548,0.98,0.252,0.516,0.332,0.3,0.768,0.504
966,2,0.74,1.0,0.444,0.496,0.1,-0.02,0.536,0.484
967,6,0.508,0.68,0.212,0.476,0.292,0.98,0.728,0.464
968,6,0.276,0.36,-0.02,0.456,0.484,1.0,0.92,0.444
969,3,0.256,0.552,0.98,0.648,0.464,0.768,0.6,0.212
970,3,0.236,0.744,1.0,0.84,0.444,0.536,0.28,-0.02
971,8,0.428,0.724,0.768,0.52,0.212,0.516,0.472,0.98
972,8,0.62,0.704,0.536,0.2,-0.02,0.496,0.664,1.0
973,5,0.3,0.472,0.516,0.392,0.98,0.688,0.644,0.768
974,5,-0.02,0.24,0.496,0.584,1.0,0.88,0.624,0.536
975,1,0.98,0.432,0.476,0.352,0.68,0.648,0.604,0.728
976,1,1.0,0.624,0.456,0.12,0.36,0.416,0.584,0.92
977,,0.98,0.604,0.436,0.1,0.34,0.396,0.564,0.9
978,,0.96,0.584,0.416,0.08,0.32,0.376,0.544,0.88
979,,0.94,0.564,0.396,0.06,0.3,0.356,0.524,0.86
980,,0.92,0.544,0.376,0.04,0.28,0.336,0.504,0.84
981,,0.9,0.524,0.356,0.02,0.26,0.316,0.484,0.82
982,,0.88,0.504,0.336,0.0,0.24,0.296,0.464,0.8
983,,0.86,0.484,0.316,-0.02,0.22,0.276,0.444,0.78
984,4,0.628,0.464,0.508,0.98,0.412,0.256,0.212,0.46
985,4,0.396,0.444,0.7,1.0,0.604,0.236,-0.02,0.14
986,7,0.376,0.212,0.38,0.768,0.584,0.428,0.98,0.332
987,7,0.356,-0.02,0.06,0.536,0.564,0.62,1.0,0.524
988,2,0.548,0.98,0.252,0.516,0.332,0.3,0.768,0.504
989,2,0.74,1.0,0.444,0.496,0.1,-0.02,0.536,0.484
990,6,0.508,0.68,0.212,0.476,0.292,0.98,0.728,0.464
991,6,0.276,0.36,-0.02,0.456,0.484,1.0,0.92,0.444
992,3,0.256,0.552,0.98,0.648,0.464,0.768,0.6,0.212
993,3,0.236,0.744,1.0,0.84,0.444,0.536,0.28,-0.02
994,8,0.428,0.724,0.768,0.52,0.212,0.516,0.472,0.98
995,8,0.62,0.704,0.536,0.2,-0.02,0.496,0.664,1.0
996,5,0.3,0.472,0.516,0.392,0.98,0.688,0.644,0.768
997,5,-0.02,0.24,0.496,0.584,1.0,0.88,0.624,0.536
998,1,0.98,0.432,0.476,0.352,0.68,0.648,0.604,0.728
999,1,1.0,0.624,0.456,0.12,0.36,0.416,0.584,0.92
