step,active_motive,motive_1,motive_2,motive_3,motive_4,motive_5,motive_6,motive_7,motive_8
0,,0.29183,0.03887,0.4872,0.49311,0.34908,0.26805,0.15476,0.4069
1,,0.19183,-0.06113,0.3872,0.39311,0.24908,0.16805,0.05476,0.3069
2,2,0.47483,0.93887,0.6702,0.39311,-0.03392,-0.23195,-0.22824,0.3069
3,2,0.75783,1.0,0.9532,0.39311,-0.31692,-0.63195,-0.51124,0.3069
4,6,0.47483,0.6,0.6702,0.39311,-0.03392,0.36805,-0.22824,0.3069
5,6,0.19183,0.2,0.3872,0.39311,0.24908,1.0,0.05476,0.3069
6,,0.09183,0.1,0.2872,0.29311,0.14908,0.9,-0.04524,0.2069
7,7,0.09183,-0.183,-0.1128,0.01011,0.14908,1.0,0.95476,0.4899
8,7,0.09183,-0.466,-0.5128,-0.27289,0.14908,1.0,1.0,0.7729
9,3,0.09183,-0.183,0.4872,0.01011,0.14908,0.717,0.6,0.4899
10,3,0.09183,0.1,1.0,0.29311,0.14908,0.434,0.2,0.2069
11,,-0.00817,0.0,0.9,0.19311,0.04908,0.334,0.1,0.1069
12,1,0.99183,0.283,0.9,-0.08989,-0.35092,0.051,0.1,0.3899
13,1,1.0,0.566,0.9,-0.37289,-0.75092,-0.232,0.1,0.6729
14,5,0.6,0.283,0.9,-0.08989,0.24908,0.051,0.1,0.3899
15,5,0.2,-0.0,0.9,0.19311,1.0,0.334,0.1,0.1069
16,,0.1,-0.1,0.8,0.09311,0.9,0.234,0.0,0.0069
17,2,0.383,0.9,1.0,0.09311,0.617,-0.166,-0.283,0.0069
18,2,0.666,1.0,1.0,0.09311,0.334,-0.566,-0.566,0.0069
19,7,0.666,0.717,0.6,-0.18989,0.334,-0.283,0.434,0.2899
20,7,0.666,0.434,0.2,-0.47289,0.334,0.0,1.0,0.5729
21,4,0.383,0.434,0.483,0.52711,0.617,0.0,0.717,0.1729
22,4,0.1,0.434,0.766,1.0,0.9,0.0,0.434,-0.2271
23,8,0.383,0.434,0.483,0.6,0.617,0.0,0.717,0.7729
24,8,0.666,0.434,0.2,0.2,0.334,0.0,1.0,1.0
25,,0.566,0.334,0.1,0.1,0.234,-0.1,0.9,0.9
26,6,0.283,-0.066,-0.183,0.1,0.517,0.9,1.0,0.9
27,6,-0.0,-0.466,-0.466,0.1,0.8,1.0,1.0,0.9
28,3,0.0,-0.183,0.534,0.383,0.8,0.717,0.6,0.617
29,3,0.0,0.1,1.0,0.666,0.8,0.434,0.2,0.334
30,,-0.1,0.0,0.9,0.566,0.7,0.334,0.1,0.234
31,1,0.9,0.283,0.9,0.283,0.3,0.051,0.1,0.517
32,1,1.0,0.566,0.9,-0.0,-0.1,-0.232,0.1,0.8
33,6,0.717,0.166,0.617,0.0,0.183,0.768,0.383,0.8
34,6,0.434,-0.234,0.334,0.0,0.466,1.0,0.666,0.8
35,2,0.717,0.766,0.617,0.0,0.183,0.6,0.383,0.8
36,2,1.0,1.0,0.9,0.0,-0.1,0.2,0.1,0.8
37,5,0.6,0.717,0.9,0.283,0.9,0.483,0.1,0.517
38,5,0.2,0.434,0.9,0.566,1.0,0.766,0.1,0.234
39,,0.1,0.334,0.8,0.466,0.9,0.666,0.0,0.134
40,,0.0,0.234,0.7,0.366,0.8,0.566,-0.1,0.034
41,7,0.0,-0.049,0.3,0.083,0.8,0.849,0.9,0.317
42,7,0.0,-0.332,-0.1,-0.2,0.8,1.0,1.0,0.6
43,2,0.283,0.668,0.183,-0.2,0.517,0.6,0.717,0.6
44,2,0.566,1.0,0.466,-0.2,0.234,0.2,0.434,0.6
45,4,0.283,1.0,0.749,0.8,0.517,0.2,0.151,0.2
46,4,-0.0,1.0,1.0,1.0,0.8,0.2,-0.132,-0.2
47,8,0.283,1.0,0.717,0.6,0.517,0.2,0.151,0.8
48,8,0.566,1.0,0.434,0.2,0.234,0.2,0.434,1.0
49,,0.466,0.9,0.334,0.1,0.134,0.1,0.334,0.9
50,,0.366,0.8,0.234,0.0,0.034,0.0,0.234,0.8
51,,0.266,0.7,0.134,-0.1,-0.066,-0.1,0.134,0.7
52,4,-0.017,0.7,0.417,0.9,0.217,-0.1,-0.149,0.3
53,4,-0.3,0.7,0.7,1.0,0.5,-0.1,-0.432,-0.1
54,7,-0.3,0.417,0.3,0.717,0.5,0.183,0.568,0.183
55,7,-0.3,0.134,-0.1,0.434,0.5,0.466,1.0,0.466
56,1,0.7,0.417,-0.1,0.151,0.1,0.183,1.0,0.749
57,1,1.0,0.7,-0.1,-0.132,-0.3,-0.1,1.0,1.0
58,5,0.6,0.417,-0.1,0.151,0.7,0.183,1.0,0.717
59,5,0.2,0.134,-0.1,0.434,1.0,0.466,1.0,0.434
60,3,0.2,0.417,0.9,0.717,1.0,0.183,0.6,0.151
61,3,0.2,0.7,1.0,1.0,1.0,-0.1,0.2,-0.132
62,8,0.483,0.7,0.717,0.6,0.717,-0.1,0.483,0.868
63,8,0.766,0.7,0.434,0.2,0.434,-0.1,0.766,1.0
64,6,0.483,0.3,0.151,0.2,0.717,0.9,1.0,1.0
65,6,0.2,-0.1,-0.132,0.2,1.0,1.0,1.0,1.0
66,3,0.2,0.183,0.868,0.483,1.0,0.717,0.6,0.717
67,3,0.2,0.466,1.0,0.766,1.0,0.434,0.2,0.434
68,,0.1,0.366,0.9,0.666,0.9,0.334,0.1,0.334
69,,0.0,0.266,0.8,0.566,0.8,0.234,0.0,0.234
70,,-0.1,0.166,0.7,0.466,0.7,0.134,-0.1,0.134
71,1,0.9,0.449,0.7,0.183,0.3,-0.149,-0.1,0.417
72,1,1.0,0.732,0.7,-0.1,-0.1,-0.432,-0.1,0.7
73,6,0.717,0.332,0.417,-0.1,0.183,0.568,0.183,0.7
74,6,0.434,-0.068,0.134,-0.1,0.466,1.0,0.466,0.7
75,4,0.151,-0.068,0.417,0.9,0.749,1.0,0.183,0.3
76,4,-0.132,-0.068,0.7,1.0,1.0,1.0,-0.1,-0.1
77,1,0.868,0.215,0.7,0.717,0.6,0.717,-0.1,0.183
78,1,1.0,0.498,0.7,0.434,0.2,0.434,-0.1,0.466
79,7,1.0,0.215,0.3,0.151,0.2,0.717,0.9,0.749
80,7,1.0,-0.068,-0.1,-0.132,0.2,1.0,1.0,1.0
81,4,0.717,-0.068,0.183,0.868,0.483,1.0,0.717,0.6
82,4,0.434,-0.068,0.466,1.0,0.766,1.0,0.434,0.2
83,2,0.717,0.932,0.749,1.0,0.483,0.6,0.151,0.2
84,2,1.0,1.0,1.0,1.0,0.2,0.2,-0.132,0.2
85,7,1.0,0.717,0.6,0.717,0.2,0.483,0.868,0.483
86,7,1.0,0.434,0.2,0.434,0.2,0.766,1.0,0.766
87,,0.9,0.334,0.1,0.334,0.1,0.666,0.9,0.666
88,,0.8,0.234,0.0,0.234,0.0,0.566,0.8,0.566
89,,0.7,0.134,-0.1,0.134,-0.1,0.466,0.7,0.466
90,5,0.3,-0.149,-0.1,0.417,0.9,0.749,0.7,0.183
91,5,-0.1,-0.432,-0.1,0.7,1.0,1.0,0.7,-0.1
92,2,0.183,0.568,0.183,0.7,0.717,0.6,0.417,-0.1
93,2,0.466,1.0,0.466,0.7,0.434,0.2,0.134,-0.1
94,8,0.749,1.0,0.183,0.3,0.151,0.2,0.417,0.9
95,8,1.0,1.0,-0.1,-0.1,-0.132,0.2,0.7,1.0
96,5,0.6,0.717,-0.1,0.183,0.868,0.483,0.7,0.717
97,5,0.2,0.434,-0.1,0.466,1.0,0.766,0.7,0.434
98,3,0.2,0.717,0.9,0.749,1.0,0.483,0.3,0.151
99,3,0.2,1.0,1.0,1.0,1.0,0.2,-0.1,-0.132
100,8,0.483,1.0,0.717,0.6,0.717,0.2,0.183,0.868
101,8,0.766,1.0,0.434,0.2,0.434,0.2,0.466,1.0
102,,0.666,0.9,0.334,0.1,0.334,0.1,0.366,0.9
103,,0.566,0.8,0.234,0.0,0.234,0.0,0.266,0.8
104,,0.466,0.7,0.134,-0.1,0.134,-0.1,0.166,0.7
105,4,0.183,0.7,0.417,0.9,0.417,-0.1,-0.117,0.3
106,4,-0.1,0.7,0.7,1.0,0.7,-0.1,-0.4,-0.1
107,7,-0.1,0.417,0.3,0.717,0.7,0.183,0.6,0.183
108,7,-0.1,0.134,-0.1,0.434,0.7,0.466,1.0,0.466
109,1,0.9,0.417,-0.1,0.151,0.3,0.183,1.0,0.749
110,1,1.0,0.7,-0.1,-0.132,-0.1,-0.1,1.0,1.0
111,4,0.717,0.7,0.183,0.868,0.183,-0.1,0.717,0.6
112,4,0.434,0.7,0.466,1.0,0.466,-0.1,0.434,0.2
113,6,0.151,0.3,0.183,1.0,0.749,0.9,0.717,0.2
114,6,-0.132,-0.1,-0.1,1.0,1.0,1.0,1.0,0.2
115,1,0.868,0.183,-0.1,0.717,0.6,0.717,1.0,0.483
116,1,1.0,0.466,-0.1,0.434,0.2,0.434,1.0,0.766
117,3,1.0,0.749,0.9,0.717,0.2,0.151,0.6,0.483
118,3,1.0,1.0,1.0,1.0,0.2,-0.132,0.2,0.2
119,6,0.717,0.6,0.717,1.0,0.483,0.868,0.483,0.2
120,6,0.434,0.2,0.434,1.0,0.766,1.0,0.766,0.2
121,,0.334,0.1,0.334,0.9,0.666,0.9,0.666,0.1
122,,0.234,0.0,0.234,0.8,0.566,0.8,0.566,0.0
123,,0.134,-0.1,0.134,0.7,0.466,0.7,0.466,-0.1
124,8,0.417,-0.1,-0.149,0.3,0.183,0.7,0.749,0.9
125,8,0.7,-0.1,-0.432,-0.1,-0.1,0.7,1.0,1.0
126,3,0.7,0.183,0.568,0.183,-0.1,0.417,0.6,0.717
127,3,0.7,0.466,1.0,0.466,-0.1,0.134,0.2,0.434
128,5,0.3,0.183,1.0,0.749,0.9,0.417,0.2,0.151
129,5,-0.1,-0.1,1.0,1.0,1.0,0.7,0.2,-0.132
130,8,0.183,-0.1,0.717,0.6,0.717,0.7,0.483,0.868
131,8,0.466,-0.1,0.434,0.2,0.434,0.7,0.766,1.0
132,2,0.749,0.9,0.717,0.2,0.151,0.3,0.483,1.0
133,2,1.0,1.0,1.0,0.2,-0.132,-0.1,0.2,1.0
134,5,0.6,0.717,1.0,0.483,0.868,0.183,0.2,0.717
135,5,0.2,0.434,1.0,0.766,1.0,0.466,0.2,0.434
136,,0.1,0.334,0.9,0.666,0.9,0.366,0.1,0.334
137,,0.0,0.234,0.8,0.566,0.8,0.266,0.0,0.234
138,,-0.1,0.134,0.7,0.466,0.7,0.166,-0.1,0.134
139,7,-0.1,-0.149,0.3,0.183,0.7,0.449,0.9,0.417
140,7,-0.1,-0.432,-0.1,-0.1,0.7,0.732,1.0,0.7
141,2,0.183,0.568,0.183,-0.1,0.417,0.332,0.717,0.7
142,2,0.466,1.0,0.466,-0.1,0.134,-0.068,0.434,0.7
143,4,0.183,1.0,0.749,0.9,0.417,-0.068,0.151,0.3
144,4,-0.1,1.0,1.0,1.0,0.7,-0.068,-0.132,-0.1
145,7,-0.1,0.717,0.6,0.717,0.7,0.215,0.868,0.183
146,7,-0.1,0.434,0.2,0.434,0.7,0.498,1.0,0.466
147,1,0.9,0.717,0.2,0.151,0.3,0.215,1.0,0.749
148,1,1.0,1.0,0.2,-0.132,-0.1,-0.068,1.0,1.0
149,4,0.717,1.0,0.483,0.868,0.183,-0.068,0.717,0.6
150,4,0.434,1.0,0.766,1.0,0.466,-0.068,0.434,0.2
151,6,0.151,0.6,0.483,1.0,0.749,0.932,0.717,0.2
152,6,-0.132,0.2,0.2,1.0,1.0,1.0,1.0,0.2
153,1,0.868,0.483,0.2,0.717,0.6,0.717,1.0,0.483
154,1,1.0,0.766,0.2,0.434,0.2,0.434,1.0,0.766
155,,0.9,0.666,0.1,0.334,0.1,0.334,0.9,0.666
156,,0.8,0.566,0.0,0.234,0.0,0.234,0.8,0.566
157,,0.7,0.466,-0.1,0.134,-0.1,0.134,0.7,0.466
158,3,0.7,0.749,0.9,0.417,-0.1,-0.149,0.3,0.183
159,3,0.7,1.0,1.0,0.7,-0.1,-0.432,-0.1,-0.1
160,6,0.417,0.6,0.717,0.7,0.183,0.568,0.183,-0.1
161,6,0.134,0.2,0.434,0.7,0.466,1.0,0.466,-0.1
162,8,0.417,0.2,0.151,0.3,0.183,1.0,0.749,0.9
163,8,0.7,0.2,-0.132,-0.1,-0.1,1.0,1.0,1.0
164,3,0.7,0.483,0.868,0.183,-0.1,0.717,0.6,0.717
165,3,0.7,0.766,1.0,0.466,-0.1,0.434,0.2,0.434
166,5,0.3,0.483,1.0,0.749,0.9,0.717,0.2,0.151
167,5,-0.1,0.2,1.0,1.0,1.0,1.0,0.2,-0.132
168,8,0.183,0.2,0.717,0.6,0.717,1.0,0.483,0.868
169,8,0.466,0.2,0.434,0.2,0.434,1.0,0.766,1.0
170,,0.366,0.1,0.334,0.1,0.334,0.9,0.666,0.9
171,,0.266,0.0,0.234,0.0,0.234,0.8,0.566,0.8
172,,0.166,-0.1,0.134,-0.1,0.134,0.7,0.466,0.7
173,4,-0.117,-0.1,0.417,0.9,0.417,0.7,0.183,0.3
174,4,-0.4,-0.1,0.7,1.0,0.7,0.7,-0.1,-0.1
175,1,0.6,0.183,0.7,0.717,0.3,0.417,-0.1,0.183
176,1,1.0,0.466,0.7,0.434,-0.1,0.134,-0.1,0.466
177,5,0.6,0.183,0.7,0.717,0.9,0.417,-0.1,0.183
178,5,0.2,-0.1,0.7,1.0,1.0,0.7,-0.1,-0.1
179,8,0.483,-0.1,0.417,0.6,0.717,0.7,0.183,0.9
180,8,0.766,-0.1,0.134,0.2,0.434,0.7,0.466,1.0
181,2,1.0,0.9,0.417,0.2,0.151,0.3,0.183,1.0
182,2,1.0,1.0,0.7,0.2,-0.132,-0.1,-0.1,1.0
183,5,0.6,0.717,0.7,0.483,0.868,0.183,-0.1,0.717
184,5,0.2,0.434,0.7,0.766,1.0,0.466,-0.1,0.434
185,7,0.2,0.151,0.3,0.483,1.0,0.749,0.9,0.717
186,7,0.2,-0.132,-0.1,0.2,1.0,1.0,1.0,1.0
187,2,0.483,0.868,0.183,0.2,0.717,0.6,0.717,1.0
188,2,0.766,1.0,0.466,0.2,0.434,0.2,0.434,1.0
189,,0.666,0.9,0.366,0.1,0.334,0.1,0.334,0.9
190,,0.566,0.8,0.266,0.0,0.234,0.0,0.234,0.8
191,,0.466,0.7,0.166,-0.1,0.134,-0.1,0.134,0.7
192,4,0.183,0.7,0.449,0.9,0.417,-0.1,-0.149,0.3
193,4,-0.1,0.7,0.732,1.0,0.7,-0.1,-0.432,-0.1
194,7,-0.1,0.417,0.332,0.717,0.7,0.183,0.568,0.183
195,7,-0.1,0.134,-0.068,0.434,0.7,0.466,1.0,0.466
196,1,0.9,0.417,-0.068,0.151,0.3,0.183,1.0,0.749
197,1,1.0,0.7,-0.068,-0.132,-0.1,-0.1,1.0,1.0
198,4,0.717,0.7,0.215,0.868,0.183,-0.1,0.717,0.6
199,4,0.434,0.7,0.498,1.0,0.466,-0.1,0.434,0.2
200,6,0.151,0.3,0.215,1.0,0.749,0.9,0.717,0.2
201,6,-0.132,-0.1,-0.068,1.0,1.0,1.0,1.0,0.2
202,1,0.868,0.183,-0.068,0.717,0.6,0.717,1.0,0.483
203,1,1.0,0.466,-0.068,0.434,0.2,0.434,1.0,0.766
204,3,1.0,0.749,0.932,0.717,0.2,0.151,0.6,0.483
205,3,1.0,1.0,1.0,1.0,0.2,-0.132,0.2,0.2
206,6,0.717,0.6,0.717,1.0,0.483,0.868,0.483,0.2
207,6,0.434,0.2,0.434,1.0,0.766,1.0,0.766,0.2
208,,0.334,0.1,0.334,0.9,0.666,0.9,0.666,0.1
209,,0.234,0.0,0.234,0.8,0.566,0.8,0.566,0.0
210,,0.134,-0.1,0.134,0.7,0.466,0.7,0.466,-0.1
211,8,0.417,-0.1,-0.149,0.3,0.183,0.7,0.749,0.9
212,8,0.7,-0.1,-0.432,-0.1,-0.1,0.7,1.0,1.0
213,3,0.7,0.183,0.568,0.183,-0.1,0.417,0.6,0.717
214,3,0.7,0.466,1.0,0.466,-0.1,0.134,0.2,0.434
215,5,0.3,0.183,1.0,0.749,0.9,0.417,0.2,0.151
216,5,-0.1,-0.1,1.0,1.0,1.0,0.7,0.2,-0.132
217,8,0.183,-0.1,0.717,0.6,0.717,0.7,0.483,0.868
218,8,0.466,-0.1,0.434,0.2,0.434,0.7,0.766,1.0
219,2,0.749,0.9,0.717,0.2,0.151,0.3,0.483,1.0
220,2,1.0,1.0,1.0,0.2,-0.132,-0.1,0.2,1.0
221,5,0.6,0.717,1.0,0.483,0.868,0.183,0.2,0.717
222,5,0.2,0.434,1.0,0.766,1.0,0.466,0.2,0.434
223,,0.1,0.334,0.9,0.666,0.9,0.366,0.1,0.334
224,,0.0,0.234,0.8,0.566,0.8,0.266,0.0,0.234
225,,-0.1,0.134,0.7,0.466,0.7,0.166,-0.1,0.134
226,7,-0.1,-0.149,0.3,0.183,0.7,0.449,0.9,0.417
227,7,-0.1,-0.432,-0.1,-0.1,0.7,0.732,1.0,0.7
228,2,0.183,0.568,0.183,-0.1,0.417,0.332,0.717,0.7
229,2,0.466,1.0,0.466,-0.1,0.134,-0.068,0.434,0.7
230,4,0.183,1.0,0.749,0.9,0.417,-0.068,0.151,0.3
231,4,-0.1,1.0,1.0,1.0,0.7,-0.068,-0.132,-0.1
232,7,-0.1,0.717,0.6,0.717,0.7,0.215,0.868,0.183
233,7,-0.1,0.434,0.2,0.434,0.7,0.498,1.0,0.466
234,1,0.9,0.717,0.2,0.151,0.3,0.215,1.0,0.749
235,1,1.0,1.0,0.2,-0.132,-0.1,-0.068,1.0,1.0
236,4,0.717,1.0,0.483,0.868,0.183,-0.068,0.717,0.6
237,4,0.434,1.0,0.766,1.0,0.466,-0.068,0.434,0.2
238,6,0.151,0.6,0.483,1.0,0.749,0.932,0.717,0.2
239,6,-0.132,0.2,0.2,1.0,1.0,1.0,1.0,0.2
240,1,0.868,0.483,0.2,0.717,0.6,0.717,1.0,0.483
241,1,1.0,0.766,0.2,0.434,0.2,0.434,1.0,0.766
242,,0.9,0.666,0.1,0.334,0.1,0.334,0.9,0.666
243,,0.8,0.566,0.0,0.234,0.0,0.234,0.8,0.566
244,,0.7,0.466,-0.1,0.134,-0.1,0.134,0.7,0.466
245,5,0.3,0.183,-0.1,0.417,0.9,0.417,0.7,0.183
246,5,-0.1,-0.1,-0.1,0.7,1.0,0.7,0.7,-0.1
247,2,0.183,0.9,0.183,0.7,0.717,0.3,0.417,-0.1
248,2,0.466,1.0,0.466,0.7,0.434,-0.1,0.134,-0.1
249,8,0.749,1.0,0.183,0.3,0.151,-0.1,0.417,0.9
250,8,1.0,1.0,-0.1,-0.1,-0.132,-0.1,0.7,1.0
251,5,0.6,0.717,-0.1,0.183,0.868,0.183,0.7,0.717
252,5,0.2,0.434,-0.1,0.466,1.0,0.466,0.7,0.434
253,3,0.2,0.717,0.9,0.749,1.0,0.183,0.3,0.151
254,3,0.2,1.0,1.0,1.0,1.0,-0.1,-0.1,-0.132
255,8,0.483,1.0,0.717,0.6,0.717,-0.1,0.183,0.868
256,8,0.766,1.0,0.434,0.2,0.434,-0.1,0.466,1.0
257,6,0.483,0.6,0.151,0.2,0.717,0.9,0.749,1.0
258,6,0.2,0.2,-0.132,0.2,1.0,1.0,1.0,1.0
259,3,0.2,0.483,0.868,0.483,1.0,0.717,0.6,0.717
260,3,0.2,0.766,1.0,0.766,1.0,0.434,0.2,0.434
261,,0.1,0.666,0.9,0.666,0.9,0.334,0.1,0.334
262,,0.0,0.566,0.8,0.566,0.8,0.234,0.0,0.234
263,,-0.1,0.466,0.7,0.466,0.7,0.134,-0.1,0.134
264,1,0.9,0.749,0.7,0.183,0.3,-0.149,-0.1,0.417
265,1,1.0,1.0,0.7,-0.1,-0.1,-0.432,-0.1,0.7
266,6,0.717,0.6,0.417,-0.1,0.183,0.568,0.183,0.7
267,6,0.434,0.2,0.134,-0.1,0.466,1.0,0.466,0.7
268,4,0.151,0.2,0.417,0.9,0.749,1.0,0.183,0.3
269,4,-0.132,0.2,0.7,1.0,1.0,1.0,-0.1,-0.1
270,1,0.868,0.483,0.7,0.717,0.6,0.717,-0.1,0.183
271,1,1.0,0.766,0.7,0.434,0.2,0.434,-0.1,0.466
272,7,1.0,0.483,0.3,0.151,0.2,0.717,0.9,0.749
273,7,1.0,0.2,-0.1,-0.132,0.2,1.0,1.0,1.0
274,4,0.717,0.2,0.183,0.868,0.483,1.0,0.717,0.6
275,4,0.434,0.2,0.466,1.0,0.766,1.0,0.434,0.2
276,,0.334,0.1,0.366,0.9,0.666,0.9,0.334,0.1
277,,0.234,0.0,0.266,0.8,0.566,0.8,0.234,0.0
278,,0.134,-0.1,0.166,0.7,0.466,0.7,0.134,-0.1
279,2,0.417,0.9,0.449,0.7,0.183,0.3,-0.149,-0.1
280,2,0.7,1.0,0.732,0.7,-0.1,-0.1,-0.432,-0.1
281,7,0.7,0.717,0.332,0.417,-0.1,0.183,0.568,0.183
282,7,0.7,0.434,-0.068,0.134,-0.1,0.466,1.0,0.466
283,5,0.3,0.151,-0.068,0.417,0.9,0.749,1.0,0.183
284,5,-0.1,-0.132,-0.068,0.7,1.0,1.0,1.0,-0.1
285,2,0.183,0.868,0.215,0.7,0.717,0.6,0.717,-0.1
286,2,0.466,1.0,0.498,0.7,0.434,0.2,0.434,-0.1
287,8,0.749,1.0,0.215,0.3,0.151,0.2,0.717,0.9
288,8,1.0,1.0,-0.068,-0.1,-0.132,0.2,1.0,1.0
289,5,0.6,0.717,-0.068,0.183,0.868,0.483,1.0,0.717
290,5,0.2,0.434,-0.068,0.466,1.0,0.766,1.0,0.434
291,3,0.2,0.717,0.932,0.749,1.0,0.483,0.6,0.151
292,3,0.2,1.0,1.0,1.0,1.0,0.2,0.2,-0.132
293,8,0.483,1.0,0.717,0.6,0.717,0.2,0.483,0.868
294,8,0.766,1.0,0.434,0.2,0.434,0.2,0.766,1.0
295,,0.666,0.9,0.334,0.1,0.334,0.1,0.666,0.9
296,,0.566,0.8,0.234,0.0,0.234,0.0,0.566,0.8
297,,0.466,0.7,0.134,-0.1,0.134,-0.1,0.466,0.7
298,4,0.183,0.7,0.417,0.9,0.417,-0.1,0.183,0.3
299,4,-0.1,0.7,0.7,1.0,0.7,-0.1,-0.1,-0.1
300,7,-0.1,0.417,0.3,0.717,0.7,0.183,0.9,0.183
301,7,-0.1,0.134,-0.1,0.434,0.7,0.466,1.0,0.466
302,3,-0.1,0.417,0.9,0.717,0.7,0.183,0.6,0.183
303,3,-0.1,0.7,1.0,1.0,0.7,-0.1,0.2,-0.1
304,1,0.9,0.983,1.0,0.717,0.3,-0.383,0.2,0.183
305,1,1.0,1.0,1.0,0.434,-0.1,-0.666,0.2,0.466
306,6,0.717,0.6,0.717,0.434,0.183,0.334,0.483,0.466
307,6,0.434,0.2,0.434,0.434,0.466,1.0,0.766,0.466
308,,0.334,0.1,0.334,0.334,0.366,0.9,0.666,0.366
309,,0.234,0.0,0.234,0.234,0.266,0.8,0.566,0.266
310,,0.134,-0.1,0.134,0.134,0.166,0.7,0.466,0.166
311,2,0.417,0.9,0.417,0.134,-0.117,0.3,0.183,0.166
312,2,0.7,1.0,0.7,0.134,-0.4,-0.1,-0.1,0.166
313,5,0.3,0.717,0.7,0.417,0.6,0.183,-0.1,-0.117
314,5,-0.1,0.434,0.7,0.7,1.0,0.466,-0.1,-0.4
315,8,0.183,0.434,0.417,0.3,0.717,0.466,0.183,0.6
316,8,0.466,0.434,0.134,-0.1,0.434,0.466,0.466,1.0
317,4,0.183,0.434,0.417,0.9,0.717,0.466,0.183,0.6
318,4,-0.1,0.434,0.7,1.0,1.0,0.466,-0.1,0.2
319,7,-0.1,0.151,0.3,0.717,1.0,0.749,0.9,0.483
320,7,-0.1,-0.132,-0.1,0.434,1.0,1.0,1.0,0.766
321,2,0.183,0.868,0.183,0.434,0.717,0.6,0.717,0.766
322,2,0.466,1.0,0.466,0.434,0.434,0.2,0.434,0.766
323,,0.366,0.9,0.366,0.334,0.334,0.1,0.334,0.666
324,,0.266,0.8,0.266,0.234,0.234,0.0,0.234,0.566
325,,0.166,0.7,0.166,0.134,0.134,-0.1,0.134,0.466
326,6,-0.117,0.3,-0.117,0.134,0.417,0.9,0.417,0.466
327,6,-0.4,-0.1,-0.4,0.134,0.7,1.0,0.7,0.466
328,1,0.6,0.183,-0.4,-0.149,0.3,0.717,0.7,0.749
329,1,1.0,0.466,-0.4,-0.432,-0.1,0.434,0.7,1.0
330,4,0.717,0.466,-0.117,0.568,0.183,0.434,0.417,0.6
331,4,0.434,0.466,0.166,1.0,0.466,0.434,0.134,0.2
332,,0.334,0.366,0.066,0.9,0.366,0.334,0.034,0.1
333,,0.234,0.266,-0.034,0.8,0.266,0.234,-0.066,0.0
334,7,0.234,-0.017,-0.434,0.517,0.266,0.517,0.934,0.283
335,7,0.234,-0.3,-0.834,0.234,0.266,0.8,1.0,0.566
336,3,0.234,-0.017,0.166,0.517,0.266,0.517,0.6,0.283
337,3,0.234,0.266,1.0,0.8,0.266,0.234,0.2,-0.0
338,,0.134,0.166,0.9,0.7,0.166,0.134,0.1,-0.1
339,8,0.417,0.166,0.617,0.3,-0.117,0.134,0.383,0.9
340,8,0.7,0.166,0.334,-0.1,-0.4,0.134,0.666,1.0
341,5,0.3,-0.117,0.334,0.183,0.6,0.417,0.666,0.717
342,5,-0.1,-0.4,0.334,0.466,1.0,0.7,0.666,0.434
343,2,0.183,0.6,0.617,0.466,0.717,0.3,0.383,0.434
344,2,0.466,1.0,0.9,0.466,0.434,-0.1,0.1,0.434
345,6,0.183,0.6,0.617,0.466,0.717,0.9,0.383,0.434
346,6,-0.1,0.2,0.334,0.466,1.0,1.0,0.666,0.434
347,1,0.9,0.483,0.334,0.183,0.6,0.717,0.666,0.717
348,1,1.0,0.766,0.334,-0.1,0.2,0.434,0.666,1.0
349,4,0.717,0.766,0.617,0.9,0.483,0.434,0.383,0.6
350,4,0.434,0.766,0.9,1.0,0.766,0.434,0.1,0.2
351,,0.334,0.666,0.8,0.9,0.666,0.334,0.0,0.1
352,,0.234,0.566,0.7,0.8,0.566,0.234,-0.1,0.0
353,7,0.234,0.283,0.3,0.517,0.566,0.517,0.9,0.283
354,7,0.234,-0.0,-0.1,0.234,0.566,0.8,1.0,0.566
355,3,0.234,0.283,0.9,0.517,0.566,0.517,0.6,0.283
356,3,0.234,0.566,1.0,0.8,0.566,0.234,0.2,-0.0
357,,0.134,0.466,0.9,0.7,0.466,0.134,0.1,-0.1
358,8,0.417,0.466,0.617,0.3,0.183,0.134,0.383,0.9
359,8,0.7,0.466,0.334,-0.1,-0.1,0.134,0.666,1.0
360,5,0.3,0.183,0.334,0.183,0.9,0.417,0.666,0.717
361,5,-0.1,-0.1,0.334,0.466,1.0,0.7,0.666,0.434
362,2,0.183,0.9,0.617,0.466,0.717,0.3,0.383,0.434
363,2,0.466,1.0,0.9,0.466,0.434,-0.1,0.1,0.434
364,6,0.183,0.6,0.617,0.466,0.717,0.9,0.383,0.434
365,6,-0.1,0.2,0.334,0.466,1.0,1.0,0.666,0.434
366,1,0.9,0.483,0.334,0.183,0.6,0.717,0.666,0.717
367,1,1.0,0.766,0.334,-0.1,0.2,0.434,0.666,1.0
368,4,0.717,0.766,0.617,0.9,0.483,0.434,0.383,0.6
369,4,0.434,0.766,0.9,1.0,0.766,0.434,0.1,0.2
370,,0.334,0.666,0.8,0.9,0.666,0.334,0.0,0.1
371,,0.234,0.566,0.7,0.8,0.566,0.234,-0.1,0.0
372,7,0.234,0.283,0.3,0.517,0.566,0.517,0.9,0.283
373,7,0.234,-0.0,-0.1,0.234,0.566,0.8,1.0,0.566
374,3,0.234,0.283,0.9,0.517,0.566,0.517,0.6,0.283
375,3,0.234,0.566,1.0,0.8,0.566,0.234,0.2,-0.0
376,,0.134,0.466,0.9,0.7,0.466,0.134,0.1,-0.1
377,8,0.417,0.466,0.617,0.3,0.183,0.134,0.383,0.9
378,8,0.7,0.466,0.334,-0.1,-0.1,0.134,0.666,1.0
379,4,0.417,0.466,0.617,0.9,0.183,0.134,0.383,0.6
380,4,0.134,0.466,0.9,1.0,0.466,0.134,0.1,0.2
381,,0.034,0.366,0.8,0.9,0.366,0.034,0.0,0.1
382,,-0.066,0.266,0.7,0.8,0.266,-0.066,-0.1,0.0
383,7,-0.066,-0.017,0.3,0.517,0.266,0.217,0.9,0.283
384,7,-0.066,-0.3,-0.1,0.234,0.266,0.5,1.0,0.566
385,2,0.217,0.7,0.183,0.234,-0.017,0.1,0.717,0.566
386,2,0.5,1.0,0.466,0.234,-0.3,-0.3,0.434,0.566
387,5,0.1,0.717,0.466,0.517,0.7,-0.017,0.434,0.283
388,5,-0.3,0.434,0.466,0.8,1.0,0.266,0.434,-0.0
389,1,0.7,0.717,0.466,0.517,0.6,-0.017,0.434,0.283
390,1,1.0,1.0,0.466,0.234,0.2,-0.3,0.434,0.566
391,6,0.717,0.6,0.183,0.234,0.483,0.7,0.717,0.566
392,6,0.434,0.2,-0.1,0.234,0.766,1.0,1.0,0.566
393,3,0.434,0.483,0.9,0.517,0.766,0.717,0.6,0.283
394,3,0.434,0.766,1.0,0.8,0.766,0.434,0.2,-0.0
395,,0.334,0.666,0.9,0.7,0.666,0.334,0.1,-0.1
396,8,0.617,0.666,0.617,0.3,0.383,0.334,0.383,0.9
397,8,0.9,0.666,0.334,-0.1,0.1,0.334,0.666,1.0
398,4,0.617,0.666,0.617,0.9,0.383,0.334,0.383,0.6
399,4,0.334,0.666,0.9,1.0,0.666,0.334,0.1,0.2
400,,0.234,0.566,0.8,0.9,0.566,0.234,0.0,0.1
401,,0.134,0.466,0.7,0.8,0.466,0.134,-0.1,0.0
402,7,0.134,0.183,0.3,0.517,0.466,0.417,0.9,0.283
403,7,0.134,-0.1,-0.1,0.234,0.466,0.7,1.0,0.566
404,2,0.417,0.9,0.183,0.234,0.183,0.3,0.717,0.566
405,2,0.7,1.0,0.466,0.234,-0.1,-0.1,0.434,0.566
406,5,0.3,0.717,0.466,0.517,0.9,0.183,0.434,0.283
407,5,-0.1,0.434,0.466,0.8,1.0,0.466,0.434,-0.0
408,1,0.9,0.717,0.466,0.517,0.6,0.183,0.434,0.283
409,1,1.0,1.0,0.466,0.234,0.2,-0.1,0.434,0.566
410,6,0.717,0.6,0.183,0.234,0.483,0.9,0.717,0.566
411,6,0.434,0.2,-0.1,0.234,0.766,1.0,1.0,0.566
412,3,0.434,0.483,0.9,0.517,0.766,0.717,0.6,0.283
413,3,0.434,0.766,1.0,0.8,0.766,0.434,0.2,-0.0
414,,0.334,0.666,0.9,0.7,0.666,0.334,0.1,-0.1
415,8,0.617,0.666,0.617,0.3,0.383,0.334,0.383,0.9
416,8,0.9,0.666,0.334,-0.1,0.1,0.334,0.666,1.0
417,4,0.617,0.666,0.617,0.9,0.383,0.334,0.383,0.6
418,4,0.334,0.666,0.9,1.0,0.666,0.334,0.1,0.2
419,,0.234,0.566,0.8,0.9,0.566,0.234,0.0,0.1
420,,0.134,0.466,0.7,0.8,0.466,0.134,-0.1,0.0
421,7,0.134,0.183,0.3,0.517,0.466,0.417,0.9,0.283
422,7,0.134,-0.1,-0.1,0.234,0.466,0.7,1.0,0.566
423,3,0.134,0.183,0.9,0.517,0.466,0.417,0.6,0.283
424,3,0.134,0.466,1.0,0.8,0.466,0.134,0.2,-0.0
425,,0.034,0.366,0.9,0.7,0.366,0.034,0.1,-0.1
426,8,0.317,0.366,0.617,0.3,0.083,0.034,0.383,0.9
427,8,0.6,0.366,0.334,-0.1,-0.2,0.034,0.666,1.0
428,5,0.2,0.083,0.334,0.183,0.8,0.317,0.666,0.717
429,5,-0.2,-0.2,0.334,0.466,1.0,0.6,0.666,0.434
430,1,0.8,0.083,0.334,0.183,0.6,0.317,0.666,0.717
431,1,1.0,0.366,0.334,-0.1,0.2,0.034,0.666,1.0
432,4,0.717,0.366,0.617,0.9,0.483,0.034,0.383,0.6
433,4,0.434,0.366,0.9,1.0,0.766,0.034,0.1,0.2
434,,0.334,0.266,0.8,0.9,0.666,-0.066,0.0,0.1
435,6,0.051,-0.134,0.517,0.9,0.949,0.934,0.283,0.1
436,6,-0.232,-0.534,0.234,0.9,1.0,1.0,0.566,0.1
437,2,0.051,0.466,0.517,0.9,0.717,0.6,0.283,0.1
438,2,0.334,1.0,0.8,0.9,0.434,0.2,-0.0,0.1
439,,0.234,0.9,0.7,0.8,0.334,0.1,-0.1,0.0
440,7,0.234,0.617,0.3,0.517,0.334,0.383,0.9,0.283
441,7,0.234,0.334,-0.1,0.234,0.334,0.666,1.0,0.566
442,3,0.234,0.617,0.9,0.517,0.334,0.383,0.6,0.283
443,3,0.234,0.9,1.0,0.8,0.334,0.1,0.2,-0.0
444,,0.134,0.8,0.9,0.7,0.234,0.0,0.1,-0.1
445,8,0.417,0.8,0.617,0.3,-0.049,0.0,0.383,0.9
446,8,0.7,0.8,0.334,-0.1,-0.332,0.0,0.666,1.0
447,5,0.3,0.517,0.334,0.183,0.668,0.283,0.666,0.717
448,5,-0.1,0.234,0.334,0.466,1.0,0.566,0.666,0.434
449,1,0.9,0.517,0.334,0.183,0.6,0.283,0.666,0.717
450,1,1.0,0.8,0.334,-0.1,0.2,-0.0,0.666,1.0
451,4,0.717,0.8,0.617,0.9,0.483,0.0,0.383,0.6
452,4,0.434,0.8,0.9,1.0,0.766,0.0,0.1,0.2
453,,0.334,0.7,0.8,0.9,0.666,-0.1,0.0,0.1
454,6,0.051,0.3,0.517,0.9,0.949,0.9,0.283,0.1
455,6,-0.232,-0.1,0.234,0.9,1.0,1.0,0.566,0.1
456,1,0.768,0.183,0.234,0.617,0.6,0.717,0.566,0.383
457,1,1.0,0.466,0.234,0.334,0.2,0.434,0.566,0.666
458,,0.9,0.366,0.134,0.234,0.1,0.334,0.466,0.566
459,,0.8,0.266,0.034,0.134,0.0,0.234,0.366,0.466
460,,0.7,0.166,-0.066,0.034,-0.1,0.134,0.266,0.366
461,5,0.3,-0.117,-0.066,0.317,0.9,0.417,0.266,0.083
462,5,-0.1,-0.4,-0.066,0.6,1.0,0.7,0.266,-0.2
463,2,0.183,0.6,0.217,0.6,0.717,0.3,-0.017,-0.2
464,2,0.466,1.0,0.5,0.6,0.434,-0.1,-0.3,-0.2
465,7,0.466,0.717,0.1,0.317,0.434,0.183,0.7,0.083
466,7,0.466,0.434,-0.3,0.034,0.434,0.466,1.0,0.366
467,3,0.466,0.717,0.7,0.317,0.434,0.183,0.6,0.083
468,3,0.466,1.0,1.0,0.6,0.434,-0.1,0.2,-0.2
469,8,0.749,1.0,0.717,0.2,0.151,-0.1,0.483,0.8
470,8,1.0,1.0,0.434,-0.2,-0.132,-0.1,0.766,1.0
471,4,0.717,1.0,0.717,0.8,0.151,-0.1,0.483,0.6
472,4,0.434,1.0,1.0,1.0,0.434,-0.1,0.2,0.2
473,6,0.151,0.6,0.717,1.0,0.717,0.9,0.483,0.2
474,6,-0.132,0.2,0.434,1.0,1.0,1.0,0.766,0.2
475,1,0.868,0.483,0.434,0.717,0.6,0.717,0.766,0.483
476,1,1.0,0.766,0.434,0.434,0.2,0.434,0.766,0.766
477,,0.9,0.666,0.334,0.334,0.1,0.334,0.666,0.666
478,,0.8,0.566,0.234,0.234,0.0,0.234,0.566,0.566
479,,0.7,0.466,0.134,0.134,-0.1,0.134,0.466,0.466
480,5,0.3,0.183,0.134,0.417,0.9,0.417,0.466,0.183
481,5,-0.1,-0.1,0.134,0.7,1.0,0.7,0.466,-0.1
482,1,0.9,0.183,0.134,0.417,0.6,0.417,0.466,0.183
483,1,1.0,0.466,0.134,0.134,0.2,0.134,0.466,0.466
484,,0.9,0.366,0.034,0.034,0.1,0.034,0.366,0.366
485,,0.8,0.266,-0.066,-0.066,0.0,-0.066,0.266,0.266
486,4,0.517,0.266,0.217,0.934,0.283,-0.066,-0.017,-0.134
487,4,0.234,0.266,0.5,1.0,0.566,-0.066,-0.3,-0.534
488,8,0.517,0.266,0.217,0.6,0.283,-0.066,-0.017,0.466
489,8,0.8,0.266,-0.066,0.2,-0.0,-0.066,0.266,1.0
490,3,0.8,0.549,0.934,0.483,0.0,-0.349,-0.134,0.717
491,3,0.8,0.832,1.0,0.766,0.0,-0.632,-0.534,0.434
492,6,0.517,0.432,0.717,0.766,0.283,0.368,-0.251,0.434
493,6,0.234,0.032,0.434,0.766,0.566,1.0,0.032,0.434
494,,0.134,-0.068,0.334,0.666,0.466,0.9,-0.068,0.334
495,2,0.417,0.932,0.617,0.666,0.183,0.5,-0.351,0.334
496,2,0.7,1.0,0.9,0.666,-0.1,0.1,-0.634,0.334
497,7,0.7,0.717,0.5,0.383,-0.1,0.383,0.366,0.617
498,7,0.7,0.434,0.1,0.1,-0.1,0.666,1.0,0.9
499,5,0.3,0.151,0.1,0.383,0.9,0.949,1.0,0.617
