step,active_motive,motive_1,motive_2,motive_3,motive_4,motive_5,motive_6,motive_7,motive_8
0,,0.09406,0.23185,0.17668,0.29183,0.03887,0.4872,0.49311,0.34908
1,,0.07406,0.21185,0.15668,0.27183,0.01887,0.4672,0.47311,0.32908
2,,0.05406,0.19185,0.13668,0.25183,-0.00113,0.4472,0.45311,0.30908
3,5,-0.26594,-0.04015,0.11668,0.44383,0.99887,0.6392,0.43311,0.07708
4,5,-0.58594,-0.27215,0.09668,0.63583,1.0,0.8312,0.41311,-0.15492
5,1,0.41406,-0.08015,0.07668,0.40383,0.68,0.5992,0.39311,0.03708
6,1,1.0,0.11185,0.05668,0.17183,0.36,0.3672,0.37311,0.22908
7,,0.98,0.09185,0.03668,0.15183,0.34,0.3472,0.35311,0.20908
8,,0.96,0.07185,0.01668,0.13183,0.32,0.3272,0.33311,0.18908
9,,0.94,0.05185,-0.00332,0.11183,0.3,0.3072,0.31311,0.16908
10,3,0.92,0.24385,0.99668,0.30383,0.28,0.0752,-0.00689,-0.06292
11,3,0.9,0.43585,1.0,0.49583,0.26,-0.1568,-0.32689,-0.29492
12,7,0.88,0.20385,0.68,0.26383,0.24,0.0352,0.67311,-0.10292
13,7,0.86,-0.02815,0.36,0.03183,0.22,0.2272,1.0,0.08908
14,2,1.0,0.97185,0.552,0.01183,-0.012,-0.0928,0.768,0.06908
15,2,1.0,1.0,0.744,-0.00817,-0.244,-0.4128,0.536,0.04908
16,6,0.768,0.68,0.512,-0.02817,-0.052,0.5872,0.728,0.02908
17,6,0.536,0.36,0.28,-0.04817,0.14,1.0,0.92,0.00908
18,4,0.304,0.34,0.472,0.95183,0.332,0.98,0.688,-0.31092
19,4,0.072,0.32,0.664,1.0,0.524,0.96,0.456,-0.63092
20,8,0.264,0.3,0.432,0.68,0.292,0.94,0.648,0.36908
21,8,0.456,0.28,0.2,0.36,0.06,0.92,0.84,1.0
22,,0.436,0.26,0.18,0.34,0.04,0.9,0.82,0.98
23,,0.416,0.24,0.16,0.32,0.02,0.88,0.8,0.96
24,,0.396,0.22,0.14,0.3,0.0,0.86,0.78,0.94
25,,0.376,0.2,0.12,0.28,-0.02,0.84,0.76,0.92
26,5,0.056,-0.032,0.1,0.472,0.98,1.0,0.74,0.688
27,5,-0.264,-0.264,0.08,0.664,1.0,1.0,0.72,0.456
28,1,0.736,-0.072,0.06,0.432,0.68,0.768,0.7,0.648
29,1,1.0,0.12,0.04,0.2,0.36,0.536,0.68,0.84
30,,0.98,0.1,0.02,0.18,0.34,0.516,0.66,0.82
31,,0.96,0.08,0.0,0.16,0.32,0.496,0.64,0.8
32,,0.94,0.06,-0.02,0.14,0.3,0.476,0.62,0.78
33,3,0.92,0.252,0.98,0.332,0.28,0.244,0.3,0.548
34,3,0.9,0.444,1.0,0.524,0.26,0.012,-0.02,0.316
35,7,0.88,0.212,0.68,0.292,0.24,0.204,0.98,0.508
36,7,0.86,-0.02,0.36,0.06,0.22,0.396,1.0,0.7
37,2,1.0,0.98,0.552,0.04,-0.012,0.076,0.768,0.68
38,2,1.0,1.0,0.744,0.02,-0.244,-0.244,0.536,0.66
39,5,0.68,0.768,0.724,0.212,0.756,-0.052,0.516,0.428
40,5,0.36,0.536,0.704,0.404,1.0,0.14,0.496,0.196
41,,0.34,0.516,0.684,0.384,0.98,0.12,0.476,0.176
42,,0.32,0.496,0.664,0.364,0.96,0.1,0.456,0.156
43,,0.3,0.476,0.644,0.344,0.94,0.08,0.436,0.136
44,,0.28,0.456,0.624,0.324,0.92,0.06,0.416,0.116
45,,0.26,0.436,0.604,0.304,0.9,0.04,0.396,0.096
46,,0.24,0.416,0.584,0.284,0.88,0.02,0.376,0.076
47,,0.22,0.396,0.564,0.264,0.86,0.0,0.356,0.056
48,,0.2,0.376,0.544,0.244,0.84,-0.02,0.336,0.036
49,6,-0.032,0.056,0.312,0.224,1.0,0.98,0.528,0.016
50,6,-0.264,-0.264,0.08,0.204,1.0,1.0,0.72,-0.004
51,1,0.736,-0.072,0.06,-0.028,0.68,0.768,0.7,0.188
52,1,1.0,0.12,0.04,-0.26,0.36,0.536,0.68,0.38
53,4,0.768,0.1,0.232,0.74,0.552,0.516,0.448,0.06
54,4,0.536,0.08,0.424,1.0,0.744,0.496,0.216,-0.26
55,8,0.728,0.06,0.192,0.68,0.512,0.476,0.408,0.74
56,8,0.92,0.04,-0.04,0.36,0.28,0.456,0.6,1.0
57,3,0.9,0.232,0.96,0.552,0.26,0.224,0.28,0.768
58,3,0.88,0.424,1.0,0.744,0.24,-0.008,-0.04,0.536
59,7,0.86,0.192,0.68,0.512,0.22,0.184,0.96,0.728
60,7,0.84,-0.04,0.36,0.28,0.2,0.376,1.0,0.92
61,2,1.0,0.96,0.552,0.26,-0.032,0.056,0.768,0.9
62,2,1.0,1.0,0.744,0.24,-0.264,-0.264,0.536,0.88
63,5,0.68,0.768,0.724,0.432,0.736,-0.072,0.516,0.648
64,5,0.36,0.536,0.704,0.624,1.0,0.12,0.496,0.416
65,,0.34,0.516,0.684,0.604,0.98,0.1,0.476,0.396
66,,0.32,0.496,0.664,0.584,0.96,0.08,0.456,0.376
67,,0.3,0.476,0.644,0.564,0.94,0.06,0.436,0.356
68,,0.28,0.456,0.624,0.544,0.92,0.04,0.416,0.336
69,,0.26,0.436,0.604,0.524,0.9,0.02,0.396,0.316
70,,0.24,0.416,0.584,0.504,0.88,0.0,0.376,0.296
71,,0.22,0.396,0.564,0.484,0.86,-0.02,0.356,0.276
72,6,-0.012,0.076,0.332,0.464,1.0,0.98,0.548,0.256
73,6,-0.244,-0.244,0.1,0.444,1.0,1.0,0.74,0.236
74,2,-0.052,0.756,0.292,0.424,0.768,0.68,0.508,0.216
75,2,0.14,1.0,0.484,0.404,0.536,0.36,0.276,0.196
76,,0.12,0.98,0.464,0.384,0.516,0.34,0.256,0.176
77,,0.1,0.96,0.444,0.364,0.496,0.32,0.236,0.156
78,,0.08,0.94,0.424,0.344,0.476,0.3,0.216,0.136
79,,0.06,0.92,0.404,0.324,0.456,0.28,0.196,0.116
80,,0.04,0.9,0.384,0.304,0.436,0.26,0.176,0.096
81,,0.02,0.88,0.364,0.284,0.416,0.24,0.156,0.076
82,,0.0,0.86,0.344,0.264,0.396,0.22,0.136,0.056
83,,-0.02,0.84,0.324,0.244,0.376,0.2,0.116,0.036
84,1,0.98,1.0,0.304,0.012,0.056,-0.032,0.096,0.228
85,1,1.0,1.0,0.284,-0.22,-0.264,-0.264,0.076,0.42
86,5,0.68,0.768,0.264,-0.028,0.736,-0.072,0.056,0.188
87,5,0.36,0.536,0.244,0.164,1.0,0.12,0.036,-0.044
88,8,0.552,0.516,0.012,-0.156,0.768,0.1,0.228,0.956
89,8,0.744,0.496,-0.22,-0.476,0.536,0.08,0.42,1.0
90,4,0.512,0.476,-0.028,0.524,0.728,0.06,0.188,0.68
91,4,0.28,0.456,0.164,1.0,0.92,0.04,-0.044,0.36
92,7,0.26,0.224,-0.156,0.768,0.9,0.232,0.956,0.552
93,7,0.24,-0.008,-0.476,0.536,0.88,0.424,1.0,0.744
94,3,0.22,0.184,0.524,0.728,0.86,0.192,0.68,0.512
95,3,0.2,0.376,1.0,0.92,0.84,-0.04,0.36,0.28
96,6,-0.032,0.056,0.768,0.9,1.0,0.96,0.552,0.26
97,6,-0.264,-0.264,0.536,0.88,1.0,1.0,0.744,0.24
98,2,-0.072,0.736,0.728,0.86,0.768,0.68,0.512,0.22
99,2,0.12,1.0,0.92,0.84,0.536,0.36,0.28,0.2
100,,0.1,0.98,0.9,0.82,0.516,0.34,0.26,0.18
101,,0.08,0.96,0.88,0.8,0.496,0.32,0.24,0.16
102,,0.06,0.94,0.86,0.78,0.476,0.3,0.22,0.14
103,,0.04,0.92,0.84,0.76,0.456,0.28,0.2,0.12
104,,0.02,0.9,0.82,0.74,0.436,0.26,0.18,0.1
105,,0.0,0.88,0.8,0.72,0.416,0.24,0.16,0.08
106,,-0.02,0.86,0.78,0.7,0.396,0.22,0.14,0.06
107,1,0.98,1.0,0.76,0.468,0.076,-0.012,0.12,0.252
108,1,1.0,1.0,0.74,0.236,-0.244,-0.244,0.1,0.444
109,6,0.768,0.68,0.508,0.216,-0.052,0.756,0.292,0.424
110,6,0.536,0.36,0.276,0.196,0.14,1.0,0.484,0.404
111,,0.516,0.34,0.256,0.176,0.12,0.98,0.464,0.384
112,,0.496,0.32,0.236,0.156,0.1,0.96,0.444,0.364
113,,0.476,0.3,0.216,0.136,0.08,0.94,0.424,0.344
114,,0.456,0.28,0.196,0.116,0.06,0.92,0.404,0.324
115,,0.436,0.26,0.176,0.096,0.04,0.9,0.384,0.304
116,,0.416,0.24,0.156,0.076,0.02,0.88,0.364,0.284
117,,0.396,0.22,0.136,0.056,0.0,0.86,0.344,0.264
118,,0.376,0.2,0.116,0.036,-0.02,0.84,0.324,0.244
119,5,0.056,-0.032,0.096,0.228,0.98,1.0,0.304,0.012
120,5,-0.264,-0.264,0.076,0.42,1.0,1.0,0.284,-0.22
121,1,0.736,-0.072,0.056,0.188,0.68,0.768,0.264,-0.028
122,1,1.0,0.12,0.036,-0.044,0.36,0.536,0.244,0.164
123,4,0.768,0.1,0.228,0.956,0.552,0.516,0.012,-0.156
124,4,0.536,0.08,0.42,1.0,0.744,0.496,-0.22,-0.476
125,8,0.728,0.06,0.188,0.68,0.512,0.476,-0.028,0.524
126,8,0.92,0.04,-0.044,0.36,0.28,0.456,0.164,1.0
127,3,0.9,0.232,0.956,0.552,0.26,0.224,-0.156,0.768
128,3,0.88,0.424,1.0,0.744,0.24,-0.008,-0.476,0.536
129,7,0.86,0.192,0.68,0.512,0.22,0.184,0.524,0.728
130,7,0.84,-0.04,0.36,0.28,0.2,0.376,1.0,0.92
131,2,1.0,0.96,0.552,0.26,-0.032,0.056,0.768,0.9
132,2,1.0,1.0,0.744,0.24,-0.264,-0.264,0.536,0.88
133,5,0.68,0.768,0.724,0.432,0.736,-0.072,0.516,0.648
134,5,0.36,0.536,0.704,0.624,1.0,0.12,0.496,0.416
135,,0.34,0.516,0.684,0.604,0.98,0.1,0.476,0.396
136,,0.32,0.496,0.664,0.584,0.96,0.08,0.456,0.376
137,,0.3,0.476,0.644,0.564,0.94,0.06,0.436,0.356
138,,0.28,0.456,0.624,0.544,0.92,0.04,0.416,0.336
139,,0.26,0.436,0.604,0.524,0.9,0.02,0.396,0.316
140,,0.24,0.416,0.584,0.504,0.88,0.0,0.376,0.296
141,,0.22,0.396,0.564,0.484,0.86,-0.02,0.356,0.276
142,6,-0.012,0.076,0.332,0.464,1.0,0.98,0.548,0.256
143,6,-0.244,-0.244,0.1,0.444,1.0,1.0,0.74,0.236
144,2,-0.052,0.756,0.292,0.424,0.768,0.68,0.508,0.216
145,2,0.14,1.0,0.484,0.404,0.536,0.36,0.276,0.196
146,,0.12,0.98,0.464,0.384,0.516,0.34,0.256,0.176
147,,0.1,0.96,0.444,0.364,0.496,0.32,0.236,0.156
148,,0.08,0.94,0.424,0.344,0.476,0.3,0.216,0.136
149,,0.06,0.92,0.404,0.324,0.456,0.28,0.196,0.116
150,,0.04,0.9,0.384,0.304,0.436,0.26,0.176,0.096
151,,0.02,0.88,0.364,0.284,0.416,0.24,0.156,0.076
152,,0.0,0.86,0.344,0.264,0.396,0.22,0.136,0.056
153,,-0.02,0.84,0.324,0.244,0.376,0.2,0.116,0.036
154,1,0.98,1.0,0.304,0.012,0.056,-0.032,0.096,0.228
155,1,1.0,1.0,0.284,-0.22,-0.264,-0.264,0.076,0.42
156,5,0.68,0.768,0.264,-0.028,0.736,-0.072,0.056,0.188
157,5,0.36,0.536,0.244,0.164,1.0,0.12,0.036,-0.044
158,8,0.552,0.516,0.012,-0.156,0.768,0.1,0.228,0.956
159,8,0.744,0.496,-0.22,-0.476,0.536,0.08,0.42,1.0
160,4,0.512,0.476,-0.028,0.524,0.728,0.06,0.188,0.68
161,4,0.28,0.456,0.164,1.0,0.92,0.04,-0.044,0.36
162,7,0.26,0.224,-0.156,0.768,0.9,0.232,0.956,0.552
163,7,0.24,-0.008,-0.476,0.536,0.88,0.424,1.0,0.744
164,3,0.22,0.184,0.524,0.728,0.86,0.192,0.68,0.512
165,3,0.2,0.376,1.0,0.92,0.84,-0.04,0.36,0.28
166,6,-0.032,0.056,0.768,0.9,1.0,0.96,0.552,0.26
167,6,-0.264,-0.264,0.536,0.88,1.0,1.0,0.744,0.24
168,1,0.736,-0.072,0.516,0.648,0.68,0.768,0.724,0.432
169,1,1.0,0.12,0.496,0.416,0.36,0.536,0.704,0.624
170,,0.98,0.1,0.476,0.396,0.34,0.516,0.684,0.604
171,,0.96,0.08,0.456,0.376,0.32,0.496,0.664,0.584
172,,0.94,0.06,0.436,0.356,0.3,0.476,0.644,0.564
173,,0.92,0.04,0.416,0.336,0.28,0.456,0.624,0.544
174,,0.9,0.02,0.396,0.316,0.26,0.436,0.604,0.524
175,,0.88,0.0,0.376,0.296,0.24,0.416,0.584,0.504
176,,0.86,-0.02,0.356,0.276,0.22,0.396,0.564,0.484
177,2,1.0,0.98,0.548,0.256,-0.012,0.076,0.332,0.464
178,2,1.0,1.0,0.74,0.236,-0.244,-0.244,0.1,0.444
179,6,0.768,0.68,0.508,0.216,-0.052,0.756,0.292,0.424
180,6,0.536,0.36,0.276,0.196,0.14,1.0,0.484,0.404
181,,0.516,0.34,0.256,0.176,0.12,0.98,0.464,0.384
182,,0.496,0.32,0.236,0.156,0.1,0.96,0.444,0.364
183,,0.476,0.3,0.216,0.136,0.08,0.94,0.424,0.344
184,,0.456,0.28,0.196,0.116,0.06,0.92,0.404,0.324
185,,0.436,0.26,0.176,0.096,0.04,0.9,0.384,0.304
186,,0.416,0.24,0.156,0.076,0.02,0.88,0.364,0.284
187,,0.396,0.22,0.136,0.056,0.0,0.86,0.344,0.264
188,,0.376,0.2,0.116,0.036,-0.02,0.84,0.324,0.244
189,5,0.056,-0.032,0.096,0.228,0.98,1.0,0.304,0.012
190,5,-0.264,-0.264,0.076,0.42,1.0,1.0,0.284,-0.22
191,2,-0.072,0.736,0.268,0.4,0.768,0.68,0.052,-0.24
192,2,0.12,1.0,0.46,0.38,0.536,0.36,-0.18,-0.26
193,8,0.312,0.98,0.228,0.06,0.304,0.34,0.012,0.74
194,8,0.504,0.96,-0.004,-0.26,0.072,0.32,0.204,1.0
195,4,0.272,0.94,0.188,0.74,0.264,0.3,-0.028,0.68
196,4,0.04,0.92,0.38,1.0,0.456,0.28,-0.26,0.36
197,7,0.02,0.688,0.06,0.768,0.436,0.472,0.74,0.552
198,7,0.0,0.456,-0.26,0.536,0.416,0.664,1.0,0.744
199,3,-0.02,0.648,0.74,0.728,0.396,0.432,0.68,0.512
200,3,-0.04,0.84,1.0,0.92,0.376,0.2,0.36,0.28
201,1,0.96,1.0,0.98,0.688,0.056,-0.032,0.34,0.472
202,1,1.0,1.0,0.96,0.456,-0.264,-0.264,0.32,0.664
203,5,0.68,0.768,0.94,0.648,0.736,-0.072,0.3,0.432
204,5,0.36,0.536,0.92,0.84,1.0,0.12,0.28,0.2
205,,0.34,0.516,0.9,0.82,0.98,0.1,0.26,0.18
206,,0.32,0.496,0.88,0.8,0.96,0.08,0.24,0.16
207,,0.3,0.476,0.86,0.78,0.94,0.06,0.22,0.14
208,,0.28,0.456,0.84,0.76,0.92,0.04,0.2,0.12
209,,0.26,0.436,0.82,0.74,0.9,0.02,0.18,0.1
210,,0.24,0.416,0.8,0.72,0.88,0.0,0.16,0.08
211,,0.22,0.396,0.78,0.7,0.86,-0.02,0.14,0.06
212,6,-0.012,0.076,0.548,0.68,1.0,0.98,0.332,0.04
213,6,-0.244,-0.244,0.316,0.66,1.0,1.0,0.524,0.02
214,2,-0.052,0.756,0.508,0.64,0.768,0.68,0.292,0.0
215,2,0.14,1.0,0.7,0.62,0.536,0.36,0.06,-0.02
216,8,0.332,0.98,0.468,0.3,0.304,0.34,0.252,0.98
217,8,0.524,0.96,0.236,-0.02,0.072,0.32,0.444,1.0
218,4,0.292,0.94,0.428,0.98,0.264,0.3,0.212,0.68
219,4,0.06,0.92,0.62,1.0,0.456,0.28,-0.02,0.36
220,7,0.04,0.688,0.3,0.768,0.436,0.472,0.98,0.552
221,7,0.02,0.456,-0.02,0.536,0.416,0.664,1.0,0.744
222,3,0.0,0.648,0.98,0.728,0.396,0.432,0.68,0.512
223,3,-0.02,0.84,1.0,0.92,0.376,0.2,0.36,0.28
224,1,0.98,1.0,0.98,0.688,0.056,-0.032,0.34,0.472
225,1,1.0,1.0,0.96,0.456,-0.264,-0.264,0.32,0.664
226,5,0.68,0.768,0.94,0.648,0.736,-0.072,0.3,0.432
227,5,0.36,0.536,0.92,0.84,1.0,0.12,0.28,0.2
228,,0.34,0.516,0.9,0.82,0.98,0.1,0.26,0.18
229,,0.32,0.496,0.88,0.8,0.96,0.08,0.24,0.16
230,,0.3,0.476,0.86,0.78,0.94,0.06,0.22,0.14
231,,0.28,0.456,0.84,0.76,0.92,0.04,0.2,0.12
232,,0.26,0.436,0.82,0.74,0.9,0.02,0.18,0.1
233,,0.24,0.416,0.8,0.72,0.88,0.0,0.16,0.08
234,,0.22,0.396,0.78,0.7,0.86,-0.02,0.14,0.06
235,6,-0.012,0.076,0.548,0.68,1.0,0.98,0.332,0.04
236,6,-0.244,-0.244,0.316,0.66,1.0,1.0,0.524,0.02
237,1,0.756,-0.052,0.296,0.428,0.68,0.768,0.504,0.212
238,1,1.0,0.14,0.276,0.196,0.36,0.536,0.484,0.404
239,,0.98,0.12,0.256,0.176,0.34,0.516,0.464,0.384
240,,0.96,0.1,0.236,0.156,0.32,0.496,0.444,0.364
241,,0.94,0.08,0.216,0.136,0.3,0.476,0.424,0.344
242,,0.92,0.06,0.196,0.116,0.28,0.456,0.404,0.324
243,,0.9,0.04,0.176,0.096,0.26,0.436,0.384,0.304
244,,0.88,0.02,0.156,0.076,0.24,0.416,0.364,0.284
245,,0.86,0.0,0.136,0.056,0.22,0.396,0.344,0.264
246,,0.84,-0.02,0.116,0.036,0.2,0.376,0.324,0.244
247,2,1.0,0.98,0.308,0.016,-0.032,0.056,0.092,0.224
248,2,1.0,1.0,0.5,-0.004,-0.264,-0.264,-0.14,0.204
249,5,0.68,0.768,0.48,0.188,0.736,-0.072,-0.16,-0.028
250,5,0.36,0.536,0.46,0.38,1.0,0.12,-0.18,-0.26
251,8,0.552,0.516,0.228,0.06,0.768,0.1,0.012,0.74
252,8,0.744,0.496,-0.004,-0.26,0.536,0.08,0.204,1.0
253,4,0.512,0.476,0.188,0.74,0.728,0.06,-0.028,0.68
254,4,0.28,0.456,0.38,1.0,0.92,0.04,-0.26,0.36
255,7,0.26,0.224,0.06,0.768,0.9,0.232,0.74,0.552
256,7,0.24,-0.008,-0.26,0.536,0.88,0.424,1.0,0.744
257,3,0.22,0.184,0.74,0.728,0.86,0.192,0.68,0.512
258,3,0.2,0.376,1.0,0.92,0.84,-0.04,0.36,0.28
259,6,-0.032,0.056,0.768,0.9,1.0,0.96,0.552,0.26
260,6,-0.264,-0.264,0.536,0.88,1.0,1.0,0.744,0.24
261,2,-0.072,0.736,0.728,0.86,0.768,0.68,0.512,0.22
262,2,0.12,1.0,0.92,0.84,0.536,0.36,0.28,0.2
263,,0.1,0.98,0.9,0.82,0.516,0.34,0.26,0.18
264,,0.08,0.96,0.88,0.8,0.496,0.32,0.24,0.16
265,,0.06,0.94,0.86,0.78,0.476,0.3,0.22,0.14
266,,0.04,0.92,0.84,0.76,0.456,0.28,0.2,0.12
267,,0.02,0.9,0.82,0.74,0.436,0.26,0.18,0.1
268,,0.0,0.88,0.8,0.72,0.416,0.24,0.16,0.08
269,,-0.02,0.86,0.78,0.7,0.396,0.22,0.14,0.06
270,1,0.98,1.0,0.76,0.468,0.076,-0.012,0.12,0.252
271,1,1.0,1.0,0.74,0.236,-0.244,-0.244,0.1,0.444
272,6,0.768,0.68,0.508,0.216,-0.052,0.756,0.292,0.424
273,6,0.536,0.36,0.276,0.196,0.14,1.0,0.484,0.404
274,,0.516,0.34,0.256,0.176,0.12,0.98,0.464,0.384
275,,0.496,0.32,0.236,0.156,0.1,0.96,0.444,0.364
276,,0.476,0.3,0.216,0.136,0.08,0.94,0.424,0.344
277,,0.456,0.28,0.196,0.116,0.06,0.92,0.404,0.324
278,,0.436,0.26,0.176,0.096,0.04,0.9,0.384,0.304
279,,0.416,0.24,0.156,0.076,0.02,0.88,0.364,0.284
280,,0.396,0.22,0.136,0.056,0.0,0.86,0.344,0.264
281,,0.376,0.2,0.116,0.036,-0.02,0.84,0.324,0.244
282,5,0.056,-0.032,0.096,0.228,0.98,1.0,0.304,0.012
283,5,-0.264,-0.264,0.076,0.42,1.0,1.0,0.284,-0.22
284,2,-0.072,0.736,0.268,0.4,0.768,0.68,0.052,-0.24
285,2,0.12,1.0,0.46,0.38,0.536,0.36,-0.18,-0.26
286,8,0.312,0.98,0.228,0.06,0.304,0.34,0.012,0.74
287,8,0.504,0.96,-0.004,-0.26,0.072,0.32,0.204,1.0
288,4,0.272,0.94,0.188,0.74,0.264,0.3,-0.028,0.68
289,4,0.04,0.92,0.38,1.0,0.456,0.28,-0.26,0.36
290,7,0.02,0.688,0.06,0.768,0.436,0.472,0.74,0.552
291,7,0.0,0.456,-0.26,0.536,0.416,0.664,1.0,0.744
292,3,-0.02,0.648,0.74,0.728,0.396,0.432,0.68,0.512
293,3,-0.04,0.84,1.0,0.92,0.376,0.2,0.36,0.28
294,1,0.96,1.0,0.98,0.688,0.056,-0.032,0.34,0.472
295,1,1.0,1.0,0.96,0.456,-0.264,-0.264,0.32,0.664
296,6,0.768,0.68,0.728,0.436,-0.072,0.736,0.512,0.644
297,6,0.536,0.36,0.496,0.416,0.12,1.0,0.704,0.624
298,,0.516,0.34,0.476,0.396,0.1,0.98,0.684,0.604
299,,0.496,0.32,0.456,0.376,0.08,0.96,0.664,0.584
300,,0.476,0.3,0.436,0.356,0.06,0.94,0.644,0.564
301,,0.456,0.28,0.416,0.336,0.04,0.92,0.624,0.544
302,,0.436,0.26,0.396,0.316,0.02,0.9,0.604,0.524
303,,0.416,0.24,0.376,0.296,0.0,0.88,0.584,0.504
304,,0.396,0.22,0.356,0.276,-0.02,0.86,0.564,0.484
305,5,0.076,-0.012,0.336,0.468,0.98,1.0,0.544,0.252
306,5,-0.244,-0.244,0.316,0.66,1.0,1.0,0.524,0.02
307,2,-0.052,0.756,0.508,0.64,0.768,0.68,0.292,0.0
308,2,0.14,1.0,0.7,0.62,0.536,0.36,0.06,-0.02
309,8,0.332,0.98,0.468,0.3,0.304,0.34,0.252,0.98
310,8,0.524,0.96,0.236,-0.02,0.072,0.32,0.444,1.0
311,4,0.292,0.94,0.428,0.98,0.264,0.3,0.212,0.68
312,4,0.06,0.92,0.62,1.0,0.456,0.28,-0.02,0.36
313,7,0.04,0.688,0.3,0.768,0.436,0.472,0.98,0.552
314,7,0.02,0.456,-0.02,0.536,0.416,0.664,1.0,0.744
315,3,0.0,0.648,0.98,0.728,0.396,0.432,0.68,0.512
316,3,-0.02,0.84,1.0,0.92,0.376,0.2,0.36,0.28
317,1,0.98,1.0,0.98,0.688,0.056,-0.032,0.34,0.472
318,1,1.0,1.0,0.96,0.456,-0.264,-0.264,0.32,0.664
319,5,0.68,0.768,0.94,0.648,0.736,-0.072,0.3,0.432
320,5,0.36,0.536,0.92,0.84,1.0,0.12,0.28,0.2
321,,0.34,0.516,0.9,0.82,0.98,0.1,0.26,0.18
322,,0.32,0.496,0.88,0.8,0.96,0.08,0.24,0.16
323,,0.3,0.476,0.86,0.78,0.94,0.06,0.22,0.14
324,,0.28,0.456,0.84,0.76,0.92,0.04,0.2,0.12
325,,0.26,0.436,0.82,0.74,0.9,0.02,0.18,0.1
326,,0.24,0.416,0.8,0.72,0.88,0.0,0.16,0.08
327,,0.22,0.396,0.78,0.7,0.86,-0.02,0.14,0.06
328,6,-0.012,0.076,0.548,0.68,1.0,0.98,0.332,0.04
329,6,-0.244,-0.244,0.316,0.66,1.0,1.0,0.524,0.02
330,1,0.756,-0.052,0.296,0.428,0.68,0.768,0.504,0.212
331,1,1.0,0.14,0.276,0.196,0.36,0.536,0.484,0.404
332,,0.98,0.12,0.256,0.176,0.34,0.516,0.464,0.384
333,,0.96,0.1,0.236,0.156,0.32,0.496,0.444,0.364
334,,0.94,0.08,0.216,0.136,0.3,0.476,0.424,0.344
335,,0.92,0.06,0.196,0.116,0.28,0.456,0.404,0.324
336,,0.9,0.04,0.176,0.096,0.26,0.436,0.384,0.304
337,,0.88,0.02,0.156,0.076,0.24,0.416,0.364,0.284
338,,0.86,0.0,0.136,0.056,0.22,0.396,0.344,0.264
339,,0.84,-0.02,0.116,0.036,0.2,0.376,0.324,0.244
340,2,1.0,0.98,0.308,0.016,-0.032,0.056,0.092,0.224
341,2,1.0,1.0,0.5,-0.004,-0.264,-0.264,-0.14,0.204
342,5,0.68,0.768,0.48,0.188,0.736,-0.072,-0.16,-0.028
343,5,0.36,0.536,0.46,0.38,1.0,0.12,-0.18,-0.26
344,8,0.552,0.516,0.228,0.06,0.768,0.1,0.012,0.74
345,8,0.744,0.496,-0.004,-0.26,0.536,0.08,0.204,1.0
346,4,0.512,0.476,0.188,0.74,0.728,0.06,-0.028,0.68
347,4,0.28,0.456,0.38,1.0,0.92,0.04,-0.26,0.36
348,7,0.26,0.224,0.06,0.768,0.9,0.232,0.74,0.552
349,7,0.24,-0.008,-0.26,0.536,0.88,0.424,1.0,0.744
350,3,0.22,0.184,0.74,0.728,0.86,0.192,0.68,0.512
351,3,0.2,0.376,1.0,0.92,0.84,-0.04,0.36,0.28
352,6,-0.032,0.056,0.768,0.9,1.0,0.96,0.552,0.26
353,6,-0.264,-0.264,0.536,0.88,1.0,1.0,0.744,0.24
354,1,0.736,-0.072,0.516,0.648,0.68,0.768,0.724,0.432
355,1,1.0,0.12,0.496,0.416,0.36,0.536,0.704,0.624
356,,0.98,0.1,0.476,0.396,0.34,0.516,0.684,0.604
357,,0.96,0.08,0.456,0.376,0.32,0.496,0.664,0.584
358,,0.94,0.06,0.436,0.356,0.3,0.476,0.644,0.564
359,,0.92,0.04,0.416,0.336,0.28,0.456,0.624,0.544
360,,0.9,0.02,0.396,0.316,0.26,0.436,0.604,0.524
361,,0.88,0.0,0.376,0.296,0.24,0.416,0.584,0.504
362,,0.86,-0.02,0.356,0.276,0.22,0.396,0.564,0.484
363,2,1.0,0.98,0.548,0.256,-0.012,0.076,0.332,0.464
364,2,1.0,1.0,0.74,0.236,-0.244,-0.244,0.1,0.444
365,6,0.768,0.68,0.508,0.216,-0.052,0.756,0.292,0.424
366,6,0.536,0.36,0.276,0.196,0.14,1.0,0.484,0.404
367,,0.516,0.34,0.256,0.176,0.12,0.98,0.464,0.384
368,,0.496,0.32,0.236,0.156,0.1,0.96,0.444,0.364
369,,0.476,0.3,0.216,0.136,0.08,0.94,0.424,0.344
370,,0.456,0.28,0.196,0.116,0.06,0.92,0.404,0.324
371,,0.436,0.26,0.176,0.096,0.04,0.9,0.384,0.304
372,,0.416,0.24,0.156,0.076,0.02,0.88,0.364,0.284
373,,0.396,0.22,0.136,0.056,0.0,0.86,0.344,0.264
374,,0.376,0.2,0.116,0.036,-0.02,0.84,0.324,0.244
375,5,0.056,-0.032,0.096,0.228,0.98,1.0,0.304,0.012
376,5,-0.264,-0.264,0.076,0.42,1.0,1.0,0.284,-0.22
377,1,0.736,-0.072,0.056,0.188,0.68,0.768,0.264,-0.028
378,1,1.0,0.12,0.036,-0.044,0.36,0.536,0.244,0.164
379,4,0.768,0.1,0.228,0.956,0.552,0.516,0.012,-0.156
380,4,0.536,0.08,0.42,1.0,0.744,0.496,-0.22,-0.476
381,8,0.728,0.06,0.188,0.68,0.512,0.476,-0.028,0.524
382,8,0.92,0.04,-0.044,0.36,0.28,0.456,0.164,1.0
383,3,0.9,0.232,0.956,0.552,0.26,0.224,-0.156,0.768
384,3,0.88,0.424,1.0,0.744,0.24,-0.008,-0.476,0.536
385,7,0.86,0.192,0.68,0.512,0.22,0.184,0.524,0.728
386,7,0.84,-0.04,0.36,0.28,0.2,0.376,1.0,0.92
387,2,1.0,0.96,0.552,0.26,-0.032,0.056,0.768,0.9
388,2,1.0,1.0,0.744,0.24,-0.264,-0.264,0.536,0.88
389,6,0.768,0.68,0.512,0.22,-0.072,0.736,0.728,0.86
390,6,0.536,0.36,0.28,0.2,0.12,1.0,0.92,0.84
391,,0.516,0.34,0.26,0.18,0.1,0.98,0.9,0.82
392,,0.496,0.32,0.24,0.16,0.08,0.96,0.88,0.8
393,,0.476,0.3,0.22,0.14,0.06,0.94,0.86,0.78
394,,0.456,0.28,0.2,0.12,0.04,0.92,0.84,0.76
395,,0.436,0.26,0.18,0.1,0.02,0.9,0.82,0.74
396,,0.416,0.24,0.16,0.08,0.0,0.88,0.8,0.72
397,,0.396,0.22,0.14,0.06,-0.02,0.86,0.78,0.7
398,5,0.076,-0.012,0.12,0.252,0.98,1.0,0.76,0.468
399,5,-0.244,-0.244,0.1,0.444,1.0,1.0,0.74,0.236
400,1,0.756,-0.052,0.08,0.212,0.68,0.768,0.72,0.428
401,1,1.0,0.14,0.06,-0.02,0.36,0.536,0.7,0.62
402,4,0.768,0.12,0.252,0.98,0.552,0.516,0.468,0.3
403,4,0.536,0.1,0.444,1.0,0.744,0.496,0.236,-0.02
404,8,0.728,0.08,0.212,0.68,0.512,0.476,0.428,0.98
405,8,0.92,0.06,-0.02,0.36,0.28,0.456,0.62,1.0
406,3,0.9,0.252,0.98,0.552,0.26,0.224,0.3,0.768
407,3,0.88,0.444,1.0,0.744,0.24,-0.008,-0.02,0.536
408,7,0.86,0.212,0.68,0.512,0.22,0.184,0.98,0.728
409,7,0.84,-0.02,0.36,0.28,0.2,0.376,1.0,0.92
410,2,1.0,0.98,0.552,0.26,-0.032,0.056,0.768,0.9
411,2,1.0,1.0,0.744,0.24,-0.264,-0.264,0.536,0.88
412,6,0.768,0.68,0.512,0.22,-0.072,0.736,0.728,0.86
413,6,0.536,0.36,0.28,0.2,0.12,1.0,0.92,0.84
414,,0.516,0.34,0.26,0.18,0.1,0.98,0.9,0.82
415,,0.496,0.32,0.24,0.16,0.08,0.96,0.88,0.8
416,,0.476,0.3,0.22,0.14,0.06,0.94,0.86,0.78
417,,0.456,0.28,0.2,0.12,0.04,0.92,0.84,0.76
418,,0.436,0.26,0.18,0.1,0.02,0.9,0.82,0.74
419,,0.416,0.24,0.16,0.08,0.0,0.88,0.8,0.72
420,,0.396,0.22,0.14,0.06,-0.02,0.86,0.78,0.7
421,5,0.076,-0.012,0.12,0.252,0.98,1.0,0.76,0.468
422,5,-0.244,-0.244,0.1,0.444,1.0,1.0,0.74,0.236
423,2,-0.052,0.756,0.292,0.424,0.768,0.68,0.508,0.216
424,2,0.14,1.0,0.484,0.404,0.536,0.36,0.276,0.196
425,,0.12,0.98,0.464,0.384,0.516,0.34,0.256,0.176
426,,0.1,0.96,0.444,0.364,0.496,0.32,0.236,0.156
427,,0.08,0.94,0.424,0.344,0.476,0.3,0.216,0.136
428,,0.06,0.92,0.404,0.324,0.456,0.28,0.196,0.116
429,,0.04,0.9,0.384,0.304,0.436,0.26,0.176,0.096
430,,0.02,0.88,0.364,0.284,0.416,0.24,0.156,0.076
431,,0.0,0.86,0.344,0.264,0.396,0.22,0.136,0.056
432,,-0.02,0.84,0.324,0.244,0.376,0.2,0.116,0.036
433,1,0.98,1.0,0.304,0.012,0.056,-0.032,0.096,0.228
434,1,1.0,1.0,0.284,-0.22,-0.264,-0.264,0.076,0.42
435,5,0.68,0.768,0.264,-0.028,0.736,-0.072,0.056,0.188
436,5,0.36,0.536,0.244,0.164,1.0,0.12,0.036,-0.044
437,8,0.552,0.516,0.012,-0.156,0.768,0.1,0.228,0.956
438,8,0.744,0.496,-0.22,-0.476,0.536,0.08,0.42,1.0
439,4,0.512,0.476,-0.028,0.524,0.728,0.06,0.188,0.68
440,4,0.28,0.456,0.164,1.0,0.92,0.04,-0.044,0.36
441,7,0.26,0.224,-0.156,0.768,0.9,0.232,0.956,0.552
442,7,0.24,-0.008,-0.476,0.536,0.88,0.424,1.0,0.744
443,3,0.22,0.184,0.524,0.728,0.86,0.192,0.68,0.512
444,3,0.2,0.376,1.0,0.92,0.84,-0.04,0.36,0.28
445,6,-0.032,0.056,0.768,0.9,1.0,0.96,0.552,0.26
446,6,-0.264,-0.264,0.536,0.88,1.0,1.0,0.744,0.24
447,1,0.736,-0.072,0.516,0.648,0.68,0.768,0.724,0.432
448,1,1.0,0.12,0.496,0.416,0.36,0.536,0.704,0.624
449,,0.98,0.1,0.476,0.396,0.34,0.516,0.684,0.604
450,,0.96,0.08,0.456,0.376,0.32,0.496,0.664,0.584
451,,0.94,0.06,0.436,0.356,0.3,0.476,0.644,0.564
452,,0.92,0.04,0.416,0.336,0.28,0.456,0.624,0.544
453,,0.9,0.02,0.396,0.316,0.26,0.436,0.604,0.524
454,,0.88,0.0,0.376,0.296,0.24,0.416,0.584,0.504
455,,0.86,-0.02,0.356,0.276,0.22,0.396,0.564,0.484
456,2,1.0,0.98,0.548,0.256,-0.012,0.076,0.332,0.464
457,2,1.0,1.0,0.74,0.236,-0.244,-0.244,0.1,0.444
458,5,0.68,0.768,0.72,0.428,0.756,-0.052,0.08,0.212
459,5,0.36,0.536,0.7,0.62,1.0,0.14,0.06,-0.02
460,8,0.552,0.516,0.468,0.3,0.768,0.12,0.252,0.98
461,8,0.744,0.496,0.236,-0.02,0.536,0.1,0.444,1.0
462,4,0.512,0.476,0.428,0.98,0.728,0.08,0.212,0.68
463,4,0.28,0.456,0.62,1.0,0.92,0.06,-0.02,0.36
464,7,0.26,0.224,0.3,0.768,0.9,0.252,0.98,0.552
465,7,0.24,-0.008,-0.02,0.536,0.88,0.444,1.0,0.744
466,3,0.22,0.184,0.98,0.728,0.86,0.212,0.68,0.512
467,3,0.2,0.376,1.0,0.92,0.84,-0.02,0.36,0.28
468,6,-0.032,0.056,0.768,0.9,1.0,0.98,0.552,0.26
469,6,-0.264,-0.264,0.536,0.88,1.0,1.0,0.744,0.24
470,1,0.736,-0.072,0.516,0.648,0.68,0.768,0.724,0.432
471,1,1.0,0.12,0.496,0.416,0.36,0.536,0.704,0.624
472,,0.98,0.1,0.476,0.396,0.34,0.516,0.684,0.604
473,,0.96,0.08,0.456,0.376,0.32,0.496,0.664,0.584
474,,0.94,0.06,0.436,0.356,0.3,0.476,0.644,0.564
475,,0.92,0.04,0.416,0.336,0.28,0.456,0.624,0.544
476,,0.9,0.02,0.396,0.316,0.26,0.436,0.604,0.524
477,,0.88,0.0,0.376,0.296,0.24,0.416,0.584,0.504
478,,0.86,-0.02,0.356,0.276,0.22,0.396,0.564,0.484
479,2,1.0,0.98,0.548,0.256,-0.012,0.076,0.332,0.464
480,2,1.0,1.0,0.74,0.236,-0.244,-0.244,0.1,0.444
481,6,0.768,0.68,0.508,0.216,-0.052,0.756,0.292,0.424
482,6,0.536,0.36,0.276,0.196,0.14,1.0,0.484,0.404
483,,0.516,0.34,0.256,0.176,0.12,0.98,0.464,0.384
484,,0.496,0.32,0.236,0.156,0.1,0.96,0.444,0.364
485,,0.476,0.3,0.216,0.136,0.08,0.94,0.424,0.344
486,,0.456,0.28,0.196,0.116,0.06,0.92,0.404,0.324
487,,0.436,0.26,0.176,0.096,0.04,0.9,0.384,0.304
488,,0.416,0.24,0.156,0.076,0.02,0.88,0.364,0.284
489,,0.396,0.22,0.136,0.056,0.0,0.86,0.344,0.264
490,,0.376,0.2,0.116,0.036,-0.02,0.84,0.324,0.244
491,5,0.056,-0.032,0.096,0.228,0.98,1.0,0.304,0.012
492,5,-0.264,-0.264,0.076,0.42,1.0,1.0,0.284,-0.22
493,1,0.736,-0.072,0.056,0.188,0.68,0.768,0.264,-0.028
494,1,1.0,0.12,0.036,-0.044,0.36,0.536,0.244,0.164
495,4,0.768,0.1,0.228,0.956,0.552,0.516,0.012,-0.156
496,4,0.536,0.08,0.42,1.0,0.744,0.496,-0.22,-0.476
497,8,0.728,0.06,0.188,0.68,0.512,0.476,-0.028,0.524
498,8,0.92,0.04,-0.044,0.36,0.28,0.456,0.164,1.0
499,3,0.9,0.232,0.956,0.552,0.26,0.224,-0.156,0.768
