step,active_motive,motive_1,motive_2,motive_3,motive_4,motive_5,motive_6,motive_7,motive_8
0,,0.45318,0.0556,0.24631,0.00568,0.23433,0.02815,0.05941,0.05876
1,,0.43318,0.0356,0.22631,-0.01432,0.21433,0.00815,0.03941,0.03876
2,4,0.20118,0.0156,0.41831,0.98568,0.40633,-0.01185,-0.19259,-0.28124
3,4,-0.03082,-0.0044,0.61031,1.0,0.59833,-0.03185,-0.42459,-0.60124
4,8,0.16118,-0.0244,0.37831,0.68,0.36633,-0.05185,-0.23259,0.39876
5,8,0.35318,-0.0444,0.14631,0.36,0.13433,-0.07185,-0.04059,1.0
6,6,0.12118,-0.3644,-0.08569,0.34,0.32633,0.92815,0.15141,0.98
7,6,-0.11082,-0.6844,-0.31769,0.32,0.51833,1.0,0.34341,0.96
8,2,0.08118,0.3156,-0.12569,0.3,0.28633,0.68,0.11141,0.94
9,2,0.27318,1.0,0.06631,0.28,0.05433,0.36,-0.12059,0.92
10,7,0.25318,0.768,-0.25369,0.048,0.03433,0.552,0.87941,1.0
11,7,0.23318,0.536,-0.57369,-0.184,0.01433,0.744,1.0,1.0
12,3,0.21318,0.728,0.42631,0.008,-0.00567,0.512,0.68,0.768
13,3,0.19318,0.92,1.0,0.2,-0.02567,0.28,0.36,0.536
14,5,-0.12682,0.688,0.98,0.392,0.97433,0.472,0.34,0.304
15,5,-0.44682,0.456,0.96,0.584,1.0,0.664,0.32,0.072
16,1,0.55318,0.648,0.94,0.352,0.68,0.432,0.3,0.264
17,1,1.0,0.84,0.92,0.12,0.36,0.2,0.28,0.456
18,,0.98,0.82,0.9,0.1,0.34,0.18,0.26,0.436
19,,0.96,0.8,0.88,0.08,0.32,0.16,0.24,0.416
20,,0.94,0.78,0.86,0.06,0.3,0.14,0.22,0.396
21,,0.92,0.76,0.84,0.04,0.28,0.12,0.2,0.376
22,,0.9,0.74,0.82,0.02,0.26,0.1,0.18,0.356
23,,0.88,0.72,0.8,0.0,0.24,0.08,0.16,0.336
24,,0.86,0.7,0.78,-0.02,0.22,0.06,0.14,0.316
25,4,0.628,0.68,0.972,0.98,0.412,0.04,-0.092,-0.004
26,4,0.396,0.66,1.0,1.0,0.604,0.02,-0.324,-0.324
27,7,0.376,0.428,0.68,0.768,0.584,0.212,0.676,-0.132
28,7,0.356,0.196,0.36,0.536,0.564,0.404,1.0,0.06
29,,0.336,0.176,0.34,0.516,0.544,0.384,0.98,0.04
30,,0.316,0.156,0.32,0.496,0.524,0.364,0.96,0.02
31,,0.296,0.136,0.3,0.476,0.504,0.344,0.94,0.0
32,,0.276,0.116,0.28,0.456,0.484,0.324,0.92,-0.02
33,8,0.468,0.096,0.048,0.136,0.252,0.304,1.0,0.98
34,8,0.66,0.076,-0.184,-0.184,0.02,0.284,1.0,1.0
35,3,0.64,0.268,0.816,0.008,0.0,0.052,0.68,0.768
36,3,0.62,0.46,1.0,0.2,-0.02,-0.18,0.36,0.536
37,6,0.388,0.14,0.768,0.18,0.172,0.82,0.552,0.516
38,6,0.156,-0.18,0.536,0.16,0.364,1.0,0.744,0.496
39,2,0.348,0.82,0.728,0.14,0.132,0.68,0.512,0.476
40,2,0.54,1.0,0.92,0.12,-0.1,0.36,0.28,0.456
41,5,0.22,0.768,0.9,0.312,0.9,0.552,0.26,0.224
42,5,-0.1,0.536,0.88,0.504,1.0,0.744,0.24,-0.008
43,1,0.9,0.728,0.86,0.272,0.68,0.512,0.22,0.184
44,1,1.0,0.92,0.84,0.04,0.36,0.28,0.2,0.376
45,,0.98,0.9,0.82,0.02,0.34,0.26,0.18,0.356
46,,0.96,0.88,0.8,0.0,0.32,0.24,0.16,0.336
47,,0.94,0.86,0.78,-0.02,0.3,0.22,0.14,0.316
48,4,0.708,0.84,0.972,0.98,0.492,0.2,-0.092,-0.004
49,4,0.476,0.82,1.0,1.0,0.684,0.18,-0.324,-0.324
50,7,0.456,0.588,0.68,0.768,0.664,0.372,0.676,-0.132
51,7,0.436,0.356,0.36,0.536,0.644,0.564,1.0,0.06
52,,0.416,0.336,0.34,0.516,0.624,0.544,0.98,0.04
53,,0.396,0.316,0.32,0.496,0.604,0.524,0.96,0.02
54,,0.376,0.296,0.3,0.476,0.584,0.504,0.94,0.0
55,,0.356,0.276,0.28,0.456,0.564,0.484,0.92,-0.02
56,8,0.548,0.256,0.048,0.136,0.332,0.464,1.0,0.98
57,8,0.74,0.236,-0.184,-0.184,0.1,0.444,1.0,1.0
58,3,0.72,0.428,0.816,0.008,0.08,0.212,0.68,0.768
59,3,0.7,0.62,1.0,0.2,0.06,-0.02,0.36,0.536
60,6,0.468,0.3,0.768,0.18,0.252,0.98,0.552,0.516
61,6,0.236,-0.02,0.536,0.16,0.444,1.0,0.744,0.496
62,2,0.428,0.98,0.728,0.14,0.212,0.68,0.512,0.476
63,2,0.62,1.0,0.92,0.12,-0.02,0.36,0.28,0.456
64,5,0.3,0.768,0.9,0.312,0.98,0.552,0.26,0.224
65,5,-0.02,0.536,0.88,0.504,1.0,0.744,0.24,-0.008
66,1,0.98,0.728,0.86,0.272,0.68,0.512,0.22,0.184
67,1,1.0,0.92,0.84,0.04,0.36,0.28,0.2,0.376
68,,0.98,0.9,0.82,0.02,0.34,0.26,0.18,0.356
69,,0.96,0.88,0.8,0.0,0.32,0.24,0.16,0.336
70,,0.94,0.86,0.78,-0.02,0.3,0.22,0.14,0.316
71,4,0.708,0.84,0.972,0.98,0.492,0.2,-0.092,-0.004
72,4,0.476,0.82,1.0,1.0,0.684,0.18,-0.324,-0.324
73,7,0.456,0.588,0.68,0.768,0.664,0.372,0.676,-0.132
74,7,0.436,0.356,0.36,0.536,0.644,0.564,1.0,0.06
75,,0.416,0.336,0.34,0.516,0.624,0.544,0.98,0.04
76,,0.396,0.316,0.32,0.496,0.604,0.524,0.96,0.02
77,,0.376,0.296,0.3,0.476,0.584,0.504,0.94,0.0
78,,0.356,0.276,0.28,0.456,0.564,0.484,0.92,-0.02
79,8,0.548,0.256,0.048,0.136,0.332,0.464,1.0,0.98
80,8,0.74,0.236,-0.184,-0.184,0.1,0.444,1.0,1.0
81,4,0.508,0.216,0.008,0.816,0.292,0.424,0.768,0.68
82,4,0.276,0.196,0.2,1.0,0.484,0.404,0.536,0.36
83,,0.256,0.176,0.18,0.98,0.464,0.384,0.516,0.34
84,,0.236,0.156,0.16,0.96,0.444,0.364,0.496,0.32
85,,0.216,0.136,0.14,0.94,0.424,0.344,0.476,0.3
86,,0.196,0.116,0.12,0.92,0.404,0.324,0.456,0.28
87,,0.176,0.096,0.1,0.9,0.384,0.304,0.436,0.26
88,,0.156,0.076,0.08,0.88,0.364,0.284,0.416,0.24
89,,0.136,0.056,0.06,0.86,0.344,0.264,0.396,0.22
90,,0.116,0.036,0.04,0.84,0.324,0.244,0.376,0.2
91,,0.096,0.016,0.02,0.82,0.304,0.224,0.356,0.18
92,,0.076,-0.004,0.0,0.8,0.284,0.204,0.336,0.16
93,2,0.268,0.996,0.192,0.78,0.052,-0.116,0.104,0.14
94,2,0.46,1.0,0.384,0.76,-0.18,-0.436,-0.128,0.12
95,6,0.228,0.68,0.152,0.74,0.012,0.564,0.064,0.1
96,6,-0.004,0.36,-0.08,0.72,0.204,1.0,0.256,0.08
97,3,-0.024,0.552,0.92,0.912,0.184,0.768,-0.064,-0.152
98,3,-0.044,0.744,1.0,1.0,0.164,0.536,-0.384,-0.384
99,8,0.148,0.724,0.768,0.68,-0.068,0.516,-0.192,0.616
100,8,0.34,0.704,0.536,0.36,-0.3,0.496,-0.0,1.0
101,5,0.02,0.472,0.516,0.552,0.7,0.688,-0.02,0.768
102,5,-0.3,0.24,0.496,0.744,1.0,0.88,-0.04,0.536
103,1,0.7,0.432,0.476,0.512,0.68,0.648,-0.06,0.728
104,1,1.0,0.624,0.456,0.28,0.36,0.416,-0.08,0.92
105,7,0.98,0.392,0.136,0.048,0.34,0.608,0.92,1.0
106,7,0.96,0.16,-0.184,-0.184,0.32,0.8,1.0,1.0
107,3,0.94,0.352,0.816,0.008,0.3,0.568,0.68,0.768
108,3,0.92,0.544,1.0,0.2,0.28,0.336,0.36,0.536
109,,0.9,0.524,0.98,0.18,0.26,0.316,0.34,0.516
110,,0.88,0.504,0.96,0.16,0.24,0.296,0.32,0.496
111,,0.86,0.484,0.94,0.14,0.22,0.276,0.3,0.476
112,,0.84,0.464,0.92,0.12,0.2,0.256,0.28,0.456
113,,0.82,0.444,0.9,0.1,0.18,0.236,0.26,0.436
114,,0.8,0.424,0.88,0.08,0.16,0.216,0.24,0.416
115,,0.78,0.404,0.86,0.06,0.14,0.196,0.22,0.396
116,,0.76,0.384,0.84,0.04,0.12,0.176,0.2,0.376
117,,0.74,0.364,0.82,0.02,0.1,0.156,0.18,0.356
118,,0.72,0.344,0.8,0.0,0.08,0.136,0.16,0.336
119,,0.7,0.324,0.78,-0.02,0.06,0.116,0.14,0.316
120,4,0.468,0.304,0.972,0.98,0.252,0.096,-0.092,-0.004
121,4,0.236,0.284,1.0,1.0,0.444,0.076,-0.324,-0.324
122,7,0.216,0.052,0.68,0.768,0.424,0.268,0.676,-0.132
123,7,0.196,-0.18,0.36,0.536,0.404,0.46,1.0,0.06
124,2,0.388,0.82,0.552,0.516,0.172,0.14,0.768,0.04
125,2,0.58,1.0,0.744,0.496,-0.06,-0.18,0.536,0.02
126,6,0.348,0.68,0.512,0.476,0.132,0.82,0.728,0.0
127,6,0.116,0.36,0.28,0.456,0.324,1.0,0.92,-0.02
128,8,0.308,0.34,0.048,0.136,0.092,0.98,1.0,0.98
129,8,0.5,0.32,-0.184,-0.184,-0.14,0.96,1.0,1.0
130,4,0.268,0.3,0.008,0.816,0.052,0.94,0.768,0.68
131,4,0.036,0.28,0.2,1.0,0.244,0.92,0.536,0.36
132,,0.016,0.26,0.18,0.98,0.224,0.9,0.516,0.34
133,,-0.004,0.24,0.16,0.96,0.204,0.88,0.496,0.32
134,1,0.996,0.432,0.14,0.728,-0.116,0.648,0.476,0.512
135,1,1.0,0.624,0.12,0.496,-0.436,0.416,0.456,0.704
136,5,0.68,0.392,0.1,0.688,0.564,0.608,0.436,0.472
137,5,0.36,0.16,0.08,0.88,1.0,0.8,0.416,0.24
138,,0.34,0.14,0.06,0.86,0.98,0.78,0.396,0.22
139,,0.32,0.12,0.04,0.84,0.96,0.76,0.376,0.2
140,,0.3,0.1,0.02,0.82,0.94,0.74,0.356,0.18
141,,0.28,0.08,0.0,0.8,0.92,0.72,0.336,0.16
142,,0.26,0.06,-0.02,0.78,0.9,0.7,0.316,0.14
143,3,0.24,0.252,0.98,0.972,0.88,0.468,-0.004,-0.092
144,3,0.22,0.444,1.0,1.0,0.86,0.236,-0.324,-0.324
145,7,0.2,0.212,0.68,0.768,0.84,0.428,0.676,-0.132
146,7,0.18,-0.02,0.36,0.536,0.82,0.62,1.0,0.06
147,2,0.372,0.98,0.552,0.516,0.588,0.3,0.768,0.04
148,2,0.564,1.0,0.744,0.496,0.356,-0.02,0.536,0.02
149,6,0.332,0.68,0.512,0.476,0.548,0.98,0.728,0.0
150,6,0.1,0.36,0.28,0.456,0.74,1.0,0.92,-0.02
151,8,0.292,0.34,0.048,0.136,0.508,0.98,1.0,0.98
152,8,0.484,0.32,-0.184,-0.184,0.276,0.96,1.0,1.0
153,3,0.464,0.512,0.816,0.008,0.256,0.728,0.68,0.768
154,3,0.444,0.704,1.0,0.2,0.236,0.496,0.36,0.536
155,,0.424,0.684,0.98,0.18,0.216,0.476,0.34,0.516
156,,0.404,0.664,0.96,0.16,0.196,0.456,0.32,0.496
157,,0.384,0.644,0.94,0.14,0.176,0.436,0.3,0.476
158,,0.364,0.624,0.92,0.12,0.156,0.416,0.28,0.456
159,,0.344,0.604,0.9,0.1,0.136,0.396,0.26,0.436
160,,0.324,0.584,0.88,0.08,0.116,0.376,0.24,0.416
161,,0.304,0.564,0.86,0.06,0.096,0.356,0.22,0.396
162,,0.284,0.544,0.84,0.04,0.076,0.336,0.2,0.376
163,,0.264,0.524,0.82,0.02,0.056,0.316,0.18,0.356
164,,0.244,0.504,0.8,0.0,0.036,0.296,0.16,0.336
165,,0.224,0.484,0.78,-0.02,0.016,0.276,0.14,0.316
166,4,-0.008,0.464,0.972,0.98,0.208,0.256,-0.092,-0.004
167,4,-0.24,0.444,1.0,1.0,0.4,0.236,-0.324,-0.324
168,8,-0.048,0.424,0.768,0.68,0.168,0.216,-0.132,0.676
169,8,0.144,0.404,0.536,0.36,-0.064,0.196,0.06,1.0
170,5,-0.176,0.172,0.516,0.552,0.936,0.388,0.04,0.768
171,5,-0.496,-0.06,0.496,0.744,1.0,0.58,0.02,0.536
172,1,0.504,0.132,0.476,0.512,0.68,0.348,0.0,0.728
173,1,1.0,0.324,0.456,0.28,0.36,0.116,-0.02,0.92
174,7,0.98,0.092,0.136,0.048,0.34,0.308,0.98,1.0
175,7,0.96,-0.14,-0.184,-0.184,0.32,0.5,1.0,1.0
176,3,0.94,0.052,0.816,0.008,0.3,0.268,0.68,0.768
177,3,0.92,0.244,1.0,0.2,0.28,0.036,0.36,0.536
178,,0.9,0.224,0.98,0.18,0.26,0.016,0.34,0.516
179,,0.88,0.204,0.96,0.16,0.24,-0.004,0.32,0.496
180,6,0.648,-0.116,0.728,0.14,0.432,0.996,0.512,0.476
181,6,0.416,-0.436,0.496,0.12,0.624,1.0,0.704,0.456
182,2,0.608,0.564,0.688,0.1,0.392,0.68,0.472,0.436
183,2,0.8,1.0,0.88,0.08,0.16,0.36,0.24,0.416
184,,0.78,0.98,0.86,0.06,0.14,0.34,0.22,0.396
185,,0.76,0.96,0.84,0.04,0.12,0.32,0.2,0.376
186,,0.74,0.94,0.82,0.02,0.1,0.3,0.18,0.356
187,,0.72,0.92,0.8,0.0,0.08,0.28,0.16,0.336
188,,0.7,0.9,0.78,-0.02,0.06,0.26,0.14,0.316
189,4,0.468,0.88,0.972,0.98,0.252,0.24,-0.092,-0.004
190,4,0.236,0.86,1.0,1.0,0.444,0.22,-0.324,-0.324
191,8,0.428,0.84,0.768,0.68,0.212,0.2,-0.132,0.676
192,8,0.62,0.82,0.536,0.36,-0.02,0.18,0.06,1.0
193,5,0.3,0.588,0.516,0.552,0.98,0.372,0.04,0.768
194,5,-0.02,0.356,0.496,0.744,1.0,0.564,0.02,0.536
195,1,0.98,0.548,0.476,0.512,0.68,0.332,0.0,0.728
196,1,1.0,0.74,0.456,0.28,0.36,0.1,-0.02,0.92
197,7,0.98,0.508,0.136,0.048,0.34,0.292,0.98,1.0
198,7,0.96,0.276,-0.184,-0.184,0.32,0.484,1.0,1.0
199,3,0.94,0.468,0.816,0.008,0.3,0.252,0.68,0.768
200,3,0.92,0.66,1.0,0.2,0.28,0.02,0.36,0.536
201,,0.9,0.64,0.98,0.18,0.26,0.0,0.34,0.516
202,,0.88,0.62,0.96,0.16,0.24,-0.02,0.32,0.496
203,6,0.648,0.3,0.728,0.14,0.432,0.98,0.512,0.476
204,6,0.416,-0.02,0.496,0.12,0.624,1.0,0.704,0.456
205,2,0.608,0.98,0.688,0.1,0.392,0.68,0.472,0.436
206,2,0.8,1.0,0.88,0.08,0.16,0.36,0.24,0.416
207,,0.78,0.98,0.86,0.06,0.14,0.34,0.22,0.396
208,,0.76,0.96,0.84,0.04,0.12,0.32,0.2,0.376
209,,0.74,0.94,0.82,0.02,0.1,0.3,0.18,0.356
210,,0.72,0.92,0.8,0.0,0.08,0.28,0.16,0.336
211,,0.7,0.9,0.78,-0.02,0.06,0.26,0.14,0.316
212,4,0.468,0.88,0.972,0.98,0.252,0.24,-0.092,-0.004
213,4,0.236,0.86,1.0,1.0,0.444,0.22,-0.324,-0.324
214,8,0.428,0.84,0.768,0.68,0.212,0.2,-0.132,0.676
215,8,0.62,0.82,0.536,0.36,-0.02,0.18,0.06,1.0
216,5,0.3,0.588,0.516,0.552,0.98,0.372,0.04,0.768
217,5,-0.02,0.356,0.496,0.744,1.0,0.564,0.02,0.536
218,1,0.98,0.548,0.476,0.512,0.68,0.332,0.0,0.728
219,1,1.0,0.74,0.456,0.28,0.36,0.1,-0.02,0.92
220,7,0.98,0.508,0.136,0.048,0.34,0.292,0.98,1.0
221,7,0.96,0.276,-0.184,-0.184,0.32,0.484,1.0,1.0
222,4,0.728,0.256,0.008,0.816,0.512,0.464,0.768,0.68
223,4,0.496,0.236,0.2,1.0,0.704,0.444,0.536,0.36
224,,0.476,0.216,0.18,0.98,0.684,0.424,0.516,0.34
225,,0.456,0.196,0.16,0.96,0.664,0.404,0.496,0.32
226,,0.436,0.176,0.14,0.94,0.644,0.384,0.476,0.3
227,,0.416,0.156,0.12,0.92,0.624,0.364,0.456,0.28
228,,0.396,0.136,0.1,0.9,0.604,0.344,0.436,0.26
229,,0.376,0.116,0.08,0.88,0.584,0.324,0.416,0.24
230,,0.356,0.096,0.06,0.86,0.564,0.304,0.396,0.22
231,,0.336,0.076,0.04,0.84,0.544,0.284,0.376,0.2
232,,0.316,0.056,0.02,0.82,0.524,0.264,0.356,0.18
233,,0.296,0.036,0.0,0.8,0.504,0.244,0.336,0.16
234,,0.276,0.016,-0.02,0.78,0.484,0.224,0.316,0.14
235,3,0.256,0.208,0.98,0.972,0.464,-0.008,-0.004,-0.092
236,3,0.236,0.4,1.0,1.0,0.444,-0.24,-0.324,-0.324
237,8,0.428,0.38,0.768,0.68,0.212,-0.26,-0.132,0.676
238,8,0.62,0.36,0.536,0.36,-0.02,-0.28,0.06,1.0
239,6,0.388,0.04,0.304,0.34,0.172,0.72,0.252,0.98
240,6,0.156,-0.28,0.072,0.32,0.364,1.0,0.444,0.96
241,2,0.348,0.72,0.264,0.3,0.132,0.68,0.212,0.94
242,2,0.54,1.0,0.456,0.28,-0.1,0.36,-0.02,0.92
243,5,0.22,0.768,0.436,0.472,0.9,0.552,-0.04,0.688
244,5,-0.1,0.536,0.416,0.664,1.0,0.744,-0.06,0.456
245,1,0.9,0.728,0.396,0.432,0.68,0.512,-0.08,0.648
246,1,1.0,0.92,0.376,0.2,0.36,0.28,-0.1,0.84
247,7,0.98,0.688,0.056,-0.032,0.34,0.472,0.9,1.0
248,7,0.96,0.456,-0.264,-0.264,0.32,0.664,1.0,1.0
249,3,0.94,0.648,0.736,-0.072,0.3,0.432,0.68,0.768
250,3,0.92,0.84,1.0,0.12,0.28,0.2,0.36,0.536
251,,0.9,0.82,0.98,0.1,0.26,0.18,0.34,0.516
252,,0.88,0.8,0.96,0.08,0.24,0.16,0.32,0.496
253,,0.86,0.78,0.94,0.06,0.22,0.14,0.3,0.476
254,,0.84,0.76,0.92,0.04,0.2,0.12,0.28,0.456
255,,0.82,0.74,0.9,0.02,0.18,0.1,0.26,0.436
256,,0.8,0.72,0.88,0.0,0.16,0.08,0.24,0.416
257,,0.78,0.7,0.86,-0.02,0.14,0.06,0.22,0.396
258,4,0.548,0.68,1.0,0.98,0.332,0.04,-0.012,0.076
259,4,0.316,0.66,1.0,1.0,0.524,0.02,-0.244,-0.244
260,8,0.508,0.64,0.768,0.68,0.292,0.0,-0.052,0.756
261,8,0.7,0.62,0.536,0.36,0.06,-0.02,0.14,1.0
262,6,0.468,0.3,0.304,0.34,0.252,0.98,0.332,0.98
263,6,0.236,-0.02,0.072,0.32,0.444,1.0,0.524,0.96
264,2,0.428,0.98,0.264,0.3,0.212,0.68,0.292,0.94
265,2,0.62,1.0,0.456,0.28,-0.02,0.36,0.06,0.92
266,5,0.3,0.768,0.436,0.472,0.98,0.552,0.04,0.688
267,5,-0.02,0.536,0.416,0.664,1.0,0.744,0.02,0.456
268,1,0.98,0.728,0.396,0.432,0.68,0.512,0.0,0.648
269,1,1.0,0.92,0.376,0.2,0.36,0.28,-0.02,0.84
270,7,0.98,0.688,0.056,-0.032,0.34,0.472,0.98,1.0
271,7,0.96,0.456,-0.264,-0.264,0.32,0.664,1.0,1.0
272,3,0.94,0.648,0.736,-0.072,0.3,0.432,0.68,0.768
273,3,0.92,0.84,1.0,0.12,0.28,0.2,0.36,0.536
274,,0.9,0.82,0.98,0.1,0.26,0.18,0.34,0.516
275,,0.88,0.8,0.96,0.08,0.24,0.16,0.32,0.496
276,,0.86,0.78,0.94,0.06,0.22,0.14,0.3,0.476
277,,0.84,0.76,0.92,0.04,0.2,0.12,0.28,0.456
278,,0.82,0.74,0.9,0.02,0.18,0.1,0.26,0.436
279,,0.8,0.72,0.88,0.0,0.16,0.08,0.24,0.416
280,,0.78,0.7,0.86,-0.02,0.14,0.06,0.22,0.396
281,4,0.548,0.68,1.0,0.98,0.332,0.04,-0.012,0.076
282,4,0.316,0.66,1.0,1.0,0.524,0.02,-0.244,-0.244
283,7,0.296,0.428,0.68,0.768,0.504,0.212,0.756,-0.052
284,7,0.276,0.196,0.36,0.536,0.484,0.404,1.0,0.14
285,,0.256,0.176,0.34,0.516,0.464,0.384,0.98,0.12
286,,0.236,0.156,0.32,0.496,0.444,0.364,0.96,0.1
287,,0.216,0.136,0.3,0.476,0.424,0.344,0.94,0.08
288,,0.196,0.116,0.28,0.456,0.404,0.324,0.92,0.06
289,,0.176,0.096,0.26,0.436,0.384,0.304,0.9,0.04
290,,0.156,0.076,0.24,0.416,0.364,0.284,0.88,0.02
291,,0.136,0.056,0.22,0.396,0.344,0.264,0.86,0.0
292,,0.116,0.036,0.2,0.376,0.324,0.244,0.84,-0.02
293,8,0.308,0.016,-0.032,0.056,0.092,0.224,1.0,0.98
294,8,0.5,-0.004,-0.264,-0.264,-0.14,0.204,1.0,1.0
295,3,0.48,0.188,0.736,-0.072,-0.16,-0.028,0.68,0.768
296,3,0.46,0.38,1.0,0.12,-0.18,-0.26,0.36,0.536
297,6,0.228,0.06,0.768,0.1,0.012,0.74,0.552,0.516
298,6,-0.004,-0.26,0.536,0.08,0.204,1.0,0.744,0.496
299,2,0.188,0.74,0.728,0.06,-0.028,0.68,0.512,0.476
300,2,0.38,1.0,0.92,0.04,-0.26,0.36,0.28,0.456
301,5,0.06,0.768,0.9,0.232,0.74,0.552,0.26,0.224
302,5,-0.26,0.536,0.88,0.424,1.0,0.744,0.24,-0.008
303,1,0.74,0.728,0.86,0.192,0.68,0.512,0.22,0.184
304,1,1.0,0.92,0.84,-0.04,0.36,0.28,0.2,0.376
305,4,0.768,0.9,1.0,0.96,0.552,0.26,-0.032,0.056
306,4,0.536,0.88,1.0,1.0,0.744,0.24,-0.264,-0.264
307,7,0.516,0.648,0.68,0.768,0.724,0.432,0.736,-0.072
308,7,0.496,0.416,0.36,0.536,0.704,0.624,1.0,0.12
309,,0.476,0.396,0.34,0.516,0.684,0.604,0.98,0.1
310,,0.456,0.376,0.32,0.496,0.664,0.584,0.96,0.08
311,,0.436,0.356,0.3,0.476,0.644,0.564,0.94,0.06
312,,0.416,0.336,0.28,0.456,0.624,0.544,0.92,0.04
313,,0.396,0.316,0.26,0.436,0.604,0.524,0.9,0.02
314,,0.376,0.296,0.24,0.416,0.584,0.504,0.88,0.0
315,,0.356,0.276,0.22,0.396,0.564,0.484,0.86,-0.02
316,8,0.548,0.256,-0.012,0.076,0.332,0.464,1.0,0.98
317,8,0.74,0.236,-0.244,-0.244,0.1,0.444,1.0,1.0
318,4,0.508,0.216,-0.052,0.756,0.292,0.424,0.768,0.68
319,4,0.276,0.196,0.14,1.0,0.484,0.404,0.536,0.36
320,,0.256,0.176,0.12,0.98,0.464,0.384,0.516,0.34
321,,0.236,0.156,0.1,0.96,0.444,0.364,0.496,0.32
322,,0.216,0.136,0.08,0.94,0.424,0.344,0.476,0.3
323,,0.196,0.116,0.06,0.92,0.404,0.324,0.456,0.28
324,,0.176,0.096,0.04,0.9,0.384,0.304,0.436,0.26
325,,0.156,0.076,0.02,0.88,0.364,0.284,0.416,0.24
326,,0.136,0.056,0.0,0.86,0.344,0.264,0.396,0.22
327,,0.116,0.036,-0.02,0.84,0.324,0.244,0.376,0.2
328,3,0.096,0.228,0.98,1.0,0.304,0.012,0.056,-0.032
329,3,0.076,0.42,1.0,1.0,0.284,-0.22,-0.264,-0.264
330,8,0.268,0.4,0.768,0.68,0.052,-0.24,-0.072,0.736
331,8,0.46,0.38,0.536,0.36,-0.18,-0.26,0.12,1.0
332,6,0.228,0.06,0.304,0.34,0.012,0.74,0.312,0.98
333,6,-0.004,-0.26,0.072,0.32,0.204,1.0,0.504,0.96
334,2,0.188,0.74,0.264,0.3,-0.028,0.68,0.272,0.94
335,2,0.38,1.0,0.456,0.28,-0.26,0.36,0.04,0.92
336,5,0.06,0.768,0.436,0.472,0.74,0.552,0.02,0.688
337,5,-0.26,0.536,0.416,0.664,1.0,0.744,0.0,0.456
338,1,0.74,0.728,0.396,0.432,0.68,0.512,-0.02,0.648
339,1,1.0,0.92,0.376,0.2,0.36,0.28,-0.04,0.84
340,7,0.98,0.688,0.056,-0.032,0.34,0.472,0.96,1.0
341,7,0.96,0.456,-0.264,-0.264,0.32,0.664,1.0,1.0
342,3,0.94,0.648,0.736,-0.072,0.3,0.432,0.68,0.768
343,3,0.92,0.84,1.0,0.12,0.28,0.2,0.36,0.536
344,,0.9,0.82,0.98,0.1,0.26,0.18,0.34,0.516
345,,0.88,0.8,0.96,0.08,0.24,0.16,0.32,0.496
346,,0.86,0.78,0.94,0.06,0.22,0.14,0.3,0.476
347,,0.84,0.76,0.92,0.04,0.2,0.12,0.28,0.456
348,,0.82,0.74,0.9,0.02,0.18,0.1,0.26,0.436
349,,0.8,0.72,0.88,0.0,0.16,0.08,0.24,0.416
350,,0.78,0.7,0.86,-0.02,0.14,0.06,0.22,0.396
351,4,0.548,0.68,1.0,0.98,0.332,0.04,-0.012,0.076
352,4,0.316,0.66,1.0,1.0,0.524,0.02,-0.244,-0.244
353,7,0.296,0.428,0.68,0.768,0.504,0.212,0.756,-0.052
354,7,0.276,0.196,0.36,0.536,0.484,0.404,1.0,0.14
355,,0.256,0.176,0.34,0.516,0.464,0.384,0.98,0.12
356,,0.236,0.156,0.32,0.496,0.444,0.364,0.96,0.1
357,,0.216,0.136,0.3,0.476,0.424,0.344,0.94,0.08
358,,0.196,0.116,0.28,0.456,0.404,0.324,0.92,0.06
359,,0.176,0.096,0.26,0.436,0.384,0.304,0.9,0.04
360,,0.156,0.076,0.24,0.416,0.364,0.284,0.88,0.02
361,,0.136,0.056,0.22,0.396,0.344,0.264,0.86,0.0
362,,0.116,0.036,0.2,0.376,0.324,0.244,0.84,-0.02
363,8,0.308,0.016,-0.032,0.056,0.092,0.224,1.0,0.98
364,8,0.5,-0.004,-0.264,-0.264,-0.14,0.204,1.0,1.0
365,4,0.268,-0.024,-0.072,0.736,0.052,0.184,0.768,0.68
366,4,0.036,-0.044,0.12,1.0,0.244,0.164,0.536,0.36
367,2,0.228,0.956,0.312,0.98,0.012,-0.156,0.304,0.34
368,2,0.42,1.0,0.504,0.96,-0.22,-0.476,0.072,0.32
369,6,0.188,0.68,0.272,0.94,-0.028,0.524,0.264,0.3
370,6,-0.044,0.36,0.04,0.92,0.164,1.0,0.456,0.28
371,1,0.956,0.552,0.02,0.688,-0.156,0.768,0.436,0.472
372,1,1.0,0.744,0.0,0.456,-0.476,0.536,0.416,0.664
373,5,0.68,0.512,-0.02,0.648,0.524,0.728,0.396,0.432
374,5,0.36,0.28,-0.04,0.84,1.0,0.92,0.376,0.2
375,3,0.34,0.472,0.96,1.0,0.98,0.688,0.056,-0.032
376,3,0.32,0.664,1.0,1.0,0.96,0.456,-0.264,-0.264
377,7,0.3,0.432,0.68,0.768,0.94,0.648,0.736,-0.072
378,7,0.28,0.2,0.36,0.536,0.92,0.84,1.0,0.12
379,,0.26,0.18,0.34,0.516,0.9,0.82,0.98,0.1
380,,0.24,0.16,0.32,0.496,0.88,0.8,0.96,0.08
381,,0.22,0.14,0.3,0.476,0.86,0.78,0.94,0.06
382,,0.2,0.12,0.28,0.456,0.84,0.76,0.92,0.04
383,,0.18,0.1,0.26,0.436,0.82,0.74,0.9,0.02
384,,0.16,0.08,0.24,0.416,0.8,0.72,0.88,0.0
385,,0.14,0.06,0.22,0.396,0.78,0.7,0.86,-0.02
386,8,0.332,0.04,-0.012,0.076,0.548,0.68,1.0,0.98
387,8,0.524,0.02,-0.244,-0.244,0.316,0.66,1.0,1.0
388,4,0.292,0.0,-0.052,0.756,0.508,0.64,0.768,0.68
389,4,0.06,-0.02,0.14,1.0,0.7,0.62,0.536,0.36
390,2,0.252,0.98,0.332,0.98,0.468,0.3,0.304,0.34
391,2,0.444,1.0,0.524,0.96,0.236,-0.02,0.072,0.32
392,6,0.212,0.68,0.292,0.94,0.428,0.98,0.264,0.3
393,6,-0.02,0.36,0.06,0.92,0.62,1.0,0.456,0.28
394,1,0.98,0.552,0.04,0.688,0.3,0.768,0.436,0.472
395,1,1.0,0.744,0.02,0.456,-0.02,0.536,0.416,0.664
396,5,0.68,0.512,0.0,0.648,0.98,0.728,0.396,0.432
397,5,0.36,0.28,-0.02,0.84,1.0,0.92,0.376,0.2
398,3,0.34,0.472,0.98,1.0,0.98,0.688,0.056,-0.032
399,3,0.32,0.664,1.0,1.0,0.96,0.456,-0.264,-0.264
400,7,0.3,0.432,0.68,0.768,0.94,0.648,0.736,-0.072
401,7,0.28,0.2,0.36,0.536,0.92,0.84,1.0,0.12
402,,0.26,0.18,0.34,0.516,0.9,0.82,0.98,0.1
403,,0.24,0.16,0.32,0.496,0.88,0.8,0.96,0.08
404,,0.22,0.14,0.3,0.476,0.86,0.78,0.94,0.06
405,,0.2,0.12,0.28,0.456,0.84,0.76,0.92,0.04
406,,0.18,0.1,0.26,0.436,0.82,0.74,0.9,0.02
407,,0.16,0.08,0.24,0.416,0.8,0.72,0.88,0.0
408,,0.14,0.06,0.22,0.396,0.78,0.7,0.86,-0.02
409,8,0.332,0.04,-0.012,0.076,0.548,0.68,1.0,0.98
410,8,0.524,0.02,-0.244,-0.244,0.316,0.66,1.0,1.0
411,3,0.504,0.212,0.756,-0.052,0.296,0.428,0.68,0.768
412,3,0.484,0.404,1.0,0.14,0.276,0.196,0.36,0.536
413,,0.464,0.384,0.98,0.12,0.256,0.176,0.34,0.516
414,,0.444,0.364,0.96,0.1,0.236,0.156,0.32,0.496
415,,0.424,0.344,0.94,0.08,0.216,0.136,0.3,0.476
416,,0.404,0.324,0.92,0.06,0.196,0.116,0.28,0.456
417,,0.384,0.304,0.9,0.04,0.176,0.096,0.26,0.436
418,,0.364,0.284,0.88,0.02,0.156,0.076,0.24,0.416
419,,0.344,0.264,0.86,0.0,0.136,0.056,0.22,0.396
420,,0.324,0.244,0.84,-0.02,0.116,0.036,0.2,0.376
421,4,0.092,0.224,1.0,0.98,0.308,0.016,-0.032,0.056
422,4,-0.14,0.204,1.0,1.0,0.5,-0.004,-0.264,-0.264
423,8,0.052,0.184,0.768,0.68,0.268,-0.024,-0.072,0.736
424,8,0.244,0.164,0.536,0.36,0.036,-0.044,0.12,1.0
425,6,0.012,-0.156,0.304,0.34,0.228,0.956,0.312,0.98
426,6,-0.22,-0.476,0.072,0.32,0.42,1.0,0.504,0.96
427,2,-0.028,0.524,0.264,0.3,0.188,0.68,0.272,0.94
428,2,0.164,1.0,0.456,0.28,-0.044,0.36,0.04,0.92
429,5,-0.156,0.768,0.436,0.472,0.956,0.552,0.02,0.688
430,5,-0.476,0.536,0.416,0.664,1.0,0.744,0.0,0.456
431,1,0.524,0.728,0.396,0.432,0.68,0.512,-0.02,0.648
432,1,1.0,0.92,0.376,0.2,0.36,0.28,-0.04,0.84
433,7,0.98,0.688,0.056,-0.032,0.34,0.472,0.96,1.0
434,7,0.96,0.456,-0.264,-0.264,0.32,0.664,1.0,1.0
435,3,0.94,0.648,0.736,-0.072,0.3,0.432,0.68,0.768
436,3,0.92,0.84,1.0,0.12,0.28,0.2,0.36,0.536
437,,0.9,0.82,0.98,0.1,0.26,0.18,0.34,0.516
438,,0.88,0.8,0.96,0.08,0.24,0.16,0.32,0.496
439,,0.86,0.78,0.94,0.06,0.22,0.14,0.3,0.476
440,,0.84,0.76,0.92,0.04,0.2,0.12,0.28,0.456
441,,0.82,0.74,0.9,0.02,0.18,0.1,0.26,0.436
442,,0.8,0.72,0.88,0.0,0.16,0.08,0.24,0.416
443,,0.78,0.7,0.86,-0.02,0.14,0.06,0.22,0.396
444,4,0.548,0.68,1.0,0.98,0.332,0.04,-0.012,0.076
445,4,0.316,0.66,1.0,1.0,0.524,0.02,-0.244,-0.244
446,8,0.508,0.64,0.768,0.68,0.292,0.0,-0.052,0.756
447,8,0.7,0.62,0.536,0.36,0.06,-0.02,0.14,1.0
448,6,0.468,0.3,0.304,0.34,0.252,0.98,0.332,0.98
449,6,0.236,-0.02,0.072,0.32,0.444,1.0,0.524,0.96
450,2,0.428,0.98,0.264,0.3,0.212,0.68,0.292,0.94
451,2,0.62,1.0,0.456,0.28,-0.02,0.36,0.06,0.92
452,5,0.3,0.768,0.436,0.472,0.98,0.552,0.04,0.688
453,5,-0.02,0.536,0.416,0.664,1.0,0.744,0.02,0.456
454,1,0.98,0.728,0.396,0.432,0.68,0.512,0.0,0.648
455,1,1.0,0.92,0.376,0.2,0.36,0.28,-0.02,0.84
456,7,0.98,0.688,0.056,-0.032,0.34,0.472,0.98,1.0
457,7,0.96,0.456,-0.264,-0.264,0.32,0.664,1.0,1.0
458,3,0.94,0.648,0.736,-0.072,0.3,0.432,0.68,0.768
459,3,0.92,0.84,1.0,0.12,0.28,0.2,0.36,0.536
460,,0.9,0.82,0.98,0.1,0.26,0.18,0.34,0.516
461,,0.88,0.8,0.96,0.08,0.24,0.16,0.32,0.496
462,,0.86,0.78,0.94,0.06,0.22,0.14,0.3,0.476
463,,0.84,0.76,0.92,0.04,0.2,0.12,0.28,0.456
464,,0.82,0.74,0.9,0.02,0.18,0.1,0.26,0.436
465,,0.8,0.72,0.88,0.0,0.16,0.08,0.24,0.416
466,,0.78,0.7,0.86,-0.02,0.14,0.06,0.22,0.396
467,4,0.548,0.68,1.0,0.98,0.332,0.04,-0.012,0.076
468,4,0.316,0.66,1.0,1.0,0.524,0.02,-0.244,-0.244
469,7,0.296,0.428,0.68,0.768,0.504,0.212,0.756,-0.052
470,7,0.276,0.196,0.36,0.536,0.484,0.404,1.0,0.14
471,,0.256,0.176,0.34,0.516,0.464,0.384,0.98,0.12
472,,0.236,0.156,0.32,0.496,0.444,0.364,0.96,0.1
473,,0.216,0.136,0.3,0.476,0.424,0.344,0.94,0.08
474,,0.196,0.116,0.28,0.456,0.404,0.324,0.92,0.06
475,,0.176,0.096,0.26,0.436,0.384,0.304,0.9,0.04
476,,0.156,0.076,0.24,0.416,0.364,0.284,0.88,0.02
477,,0.136,0.056,0.22,0.396,0.344,0.264,0.86,0.0
478,,0.116,0.036,0.2,0.376,0.324,0.244,0.84,-0.02
479,8,0.308,0.016,-0.032,0.056,0.092,0.224,1.0,0.98
480,8,0.5,-0.004,-0.264,-0.264,-0.14,0.204,1.0,1.0
481,3,0.48,0.188,0.736,-0.072,-0.16,-0.028,0.68,0.768
482,3,0.46,0.38,1.0,0.12,-0.18,-0.26,0.36,0.536
483,6,0.228,0.06,0.768,0.1,0.012,0.74,0.552,0.516
484,6,-0.004,-0.26,0.536,0.08,0.204,1.0,0.744,0.496
485,2,0.188,0.74,0.728,0.06,-0.028,0.68,0.512,0.476
486,2,0.38,1.0,0.92,0.04,-0.26,0.36,0.28,0.456
487,5,0.06,0.768,0.9,0.232,0.74,0.552,0.26,0.224
488,5,-0.26,0.536,0.88,0.424,1.0,0.744,0.24,-0.008
489,1,0.74,0.728,0.86,0.192,0.68,0.512,0.22,0.184
490,1,1.0,0.92,0.84,-0.04,0.36,0.28,0.2,0.376
491,4,0.768,0.9,1.0,0.96,0.552,0.26,-0.032,0.056
492,4,0.536,0.88,1.0,1.0,0.744,0.24,-0.264,-0.264
493,8,0.728,0.86,0.768,0.68,0.512,0.22,-0.072,0.736
494,8,0.92,0.84,0.536,0.36,0.28,0.2,0.12,1.0
495,,0.9,0.82,0.516,0.34,0.26,0.18,0.1,0.98
496,,0.88,0.8,0.496,0.32,0.24,0.16,0.08,0.96
497,,0.86,0.78,0.476,0.3,0.22,0.14,0.06,0.94
498,,0.84,0.76,0.456,0.28,0.2,0.12,0.04,0.92
499,,0.82,0.74,0.436,0.26,0.18,0.1,0.02,0.9
