step,active_motive,motive_1,motive_2,motive_3,motive_4,motive_5,motive_6,motive_7,motive_8
0,,0.04043,0.18483,0.12108,0.40157,0.23515,0.49171,0.19941,0.40822
1,,0.02043,0.16483,0.10108,0.38157,0.21515,0.47171,0.17941,0.38822
2,,0.00043,0.14483,0.08108,0.36157,0.19515,0.45171,0.15941,0.36822
3,,-0.01957,0.12483,0.06108,0.34157,0.17515,0.43171,0.13941,0.34822
4,1,0.98043,0.31683,0.04108,0.10957,-0.14485,0.19971,0.11941,0.54022
5,1,1.0,0.50883,0.02108,-0.12243,-0.46485,-0.03229,0.09941,0.73222
6,5,0.68,0.27683,0.00108,0.06957,0.53515,0.15971,0.07941,0.50022
7,5,0.36,0.04483,-0.01892,0.26157,1.0,0.35171,0.05941,0.26822
8,3,0.34,0.23683,0.98108,0.45357,0.98,0.11971,-0.26059,0.03622
9,3,0.32,0.42883,1.0,0.64557,0.96,-0.11229,-0.58059,-0.19578
10,7,0.3,0.19683,0.68,0.41357,0.94,0.07971,0.41941,-0.00378
11,7,0.28,-0.03517,0.36,0.18157,0.92,0.27171,1.0,0.18822
12,2,0.472,0.96483,0.552,0.16157,0.688,-0.04829,0.768,0.16822
13,2,0.664,1.0,0.744,0.14157,0.456,-0.36829,0.536,0.14822
14,6,0.432,0.68,0.512,0.12157,0.648,0.63171,0.728,0.12822
15,6,0.2,0.36,0.28,0.10157,0.84,1.0,0.92,0.10822
16,,0.18,0.34,0.26,0.08157,0.82,0.98,0.9,0.08822
17,,0.16,0.32,0.24,0.06157,0.8,0.96,0.88,0.06822
18,,0.14,0.3,0.22,0.04157,0.78,0.94,0.86,0.04822
19,,0.12,0.28,0.2,0.02157,0.76,0.92,0.84,0.02822
20,,0.1,0.26,0.18,0.00157,0.74,0.9,0.82,0.00822
21,,0.08,0.24,0.16,-0.01843,0.72,0.88,0.8,-0.01178
22,4,-0.152,0.22,0.352,0.98157,0.912,0.86,0.568,-0.33178
23,4,-0.384,0.2,0.544,1.0,1.0,0.84,0.336,-0.65178
24,8,-0.192,0.18,0.312,0.68,0.768,0.82,0.528,0.34822
25,8,-0.0,0.16,0.08,0.36,0.536,0.8,0.72,1.0
26,,-0.02,0.14,0.06,0.34,0.516,0.78,0.7,0.98
27,1,0.98,0.332,0.04,0.108,0.196,0.548,0.68,1.0
28,1,1.0,0.524,0.02,-0.124,-0.124,0.316,0.66,1.0
29,5,0.68,0.292,0.0,0.068,0.876,0.508,0.64,0.768
30,5,0.36,0.06,-0.02,0.26,1.0,0.7,0.62,0.536
31,3,0.34,0.252,0.98,0.452,0.98,0.468,0.3,0.304
32,3,0.32,0.444,1.0,0.644,0.96,0.236,-0.02,0.072
33,7,0.3,0.212,0.68,0.412,0.94,0.428,0.98,0.264
34,7,0.28,-0.02,0.36,0.18,0.92,0.62,1.0,0.456
35,2,0.472,0.98,0.552,0.16,0.688,0.3,0.768,0.436
36,2,0.664,1.0,0.744,0.14,0.456,-0.02,0.536,0.416
37,6,0.432,0.68,0.512,0.12,0.648,0.98,0.728,0.396
38,6,0.2,0.36,0.28,0.1,0.84,1.0,0.92,0.376
39,,0.18,0.34,0.26,0.08,0.82,0.98,0.9,0.356
40,,0.16,0.32,0.24,0.06,0.8,0.96,0.88,0.336
41,,0.14,0.3,0.22,0.04,0.78,0.94,0.86,0.316
42,,0.12,0.28,0.2,0.02,0.76,0.92,0.84,0.296
43,,0.1,0.26,0.18,0.0,0.74,0.9,0.82,0.276
44,,0.08,0.24,0.16,-0.02,0.72,0.88,0.8,0.256
45,4,-0.152,0.22,0.352,0.98,0.912,0.86,0.568,-0.064
46,4,-0.384,0.2,0.544,1.0,1.0,0.84,0.336,-0.384
47,1,0.616,0.392,0.524,0.768,0.68,0.608,0.316,-0.192
48,1,1.0,0.584,0.504,0.536,0.36,0.376,0.296,-0.0
49,,0.98,0.564,0.484,0.516,0.34,0.356,0.276,-0.02
50,8,1.0,0.544,0.252,0.196,0.108,0.336,0.468,0.98
51,8,1.0,0.524,0.02,-0.124,-0.124,0.316,0.66,1.0
52,4,0.768,0.504,0.212,0.876,0.068,0.296,0.428,0.68
53,4,0.536,0.484,0.404,1.0,0.26,0.276,0.196,0.36
54,,0.516,0.464,0.384,0.98,0.24,0.256,0.176,0.34
55,,0.496,0.444,0.364,0.96,0.22,0.236,0.156,0.32
56,,0.476,0.424,0.344,0.94,0.2,0.216,0.136,0.3
57,,0.456,0.404,0.324,0.92,0.18,0.196,0.116,0.28
58,,0.436,0.384,0.304,0.9,0.16,0.176,0.096,0.26
59,,0.416,0.364,0.284,0.88,0.14,0.156,0.076,0.24
60,,0.396,0.344,0.264,0.86,0.12,0.136,0.056,0.22
61,,0.376,0.324,0.244,0.84,0.1,0.116,0.036,0.2
62,,0.356,0.304,0.224,0.82,0.08,0.096,0.016,0.18
63,,0.336,0.284,0.204,0.8,0.06,0.076,-0.004,0.16
64,7,0.316,0.052,-0.116,0.568,0.04,0.268,0.996,0.352
65,7,0.296,-0.18,-0.436,0.336,0.02,0.46,1.0,0.544
66,3,0.276,0.012,0.564,0.528,0.0,0.228,0.68,0.312
67,3,0.256,0.204,1.0,0.72,-0.02,-0.004,0.36,0.08
68,5,-0.064,-0.028,0.98,0.912,0.98,0.188,0.34,-0.152
69,5,-0.384,-0.26,0.96,1.0,1.0,0.38,0.32,-0.384
70,8,-0.192,-0.28,0.728,0.68,0.768,0.36,0.512,0.616
71,8,-0.0,-0.3,0.496,0.36,0.536,0.34,0.704,1.0
72,2,0.192,0.7,0.688,0.34,0.304,0.02,0.472,0.98
73,2,0.384,1.0,0.88,0.32,0.072,-0.3,0.24,0.96
74,6,0.152,0.68,0.648,0.3,0.264,0.7,0.432,0.94
75,6,-0.08,0.36,0.416,0.28,0.456,1.0,0.624,0.92
76,1,0.92,0.552,0.396,0.048,0.136,0.768,0.604,1.0
77,1,1.0,0.744,0.376,-0.184,-0.184,0.536,0.584,1.0
78,4,0.768,0.724,0.568,0.816,0.008,0.516,0.352,0.68
79,4,0.536,0.704,0.76,1.0,0.2,0.496,0.12,0.36
80,,0.516,0.684,0.74,0.98,0.18,0.476,0.1,0.34
81,,0.496,0.664,0.72,0.96,0.16,0.456,0.08,0.32
82,,0.476,0.644,0.7,0.94,0.14,0.436,0.06,0.3
83,,0.456,0.624,0.68,0.92,0.12,0.416,0.04,0.28
84,,0.436,0.604,0.66,0.9,0.1,0.396,0.02,0.26
85,,0.416,0.584,0.64,0.88,0.08,0.376,0.0,0.24
86,,0.396,0.564,0.62,0.86,0.06,0.356,-0.02,0.22
87,7,0.376,0.332,0.3,0.628,0.04,0.548,0.98,0.412
88,7,0.356,0.1,-0.02,0.396,0.02,0.74,1.0,0.604
89,3,0.336,0.292,0.98,0.588,0.0,0.508,0.68,0.372
90,3,0.316,0.484,1.0,0.78,-0.02,0.276,0.36,0.14
91,5,-0.004,0.252,0.98,0.972,0.98,0.468,0.34,-0.092
92,5,-0.324,0.02,0.96,1.0,1.0,0.66,0.32,-0.324
93,8,-0.132,0.0,0.728,0.68,0.768,0.64,0.512,0.676
94,8,0.06,-0.02,0.496,0.36,0.536,0.62,0.704,1.0
95,2,0.252,0.98,0.688,0.34,0.304,0.3,0.472,0.98
96,2,0.444,1.0,0.88,0.32,0.072,-0.02,0.24,0.96
97,6,0.212,0.68,0.648,0.3,0.264,0.98,0.432,0.94
98,6,-0.02,0.36,0.416,0.28,0.456,1.0,0.624,0.92
99,1,0.98,0.552,0.396,0.048,0.136,0.768,0.604,1.0
100,1,1.0,0.744,0.376,-0.184,-0.184,0.536,0.584,1.0
101,5,0.68,0.512,0.356,0.008,0.816,0.728,0.564,0.768
102,5,0.36,0.28,0.336,0.2,1.0,0.92,0.544,0.536
103,,0.34,0.26,0.316,0.18,0.98,0.9,0.524,0.516
104,,0.32,0.24,0.296,0.16,0.96,0.88,0.504,0.496
105,,0.3,0.22,0.276,0.14,0.94,0.86,0.484,0.476
106,,0.28,0.2,0.256,0.12,0.92,0.84,0.464,0.456
107,,0.26,0.18,0.236,0.1,0.9,0.82,0.444,0.436
108,,0.24,0.16,0.216,0.08,0.88,0.8,0.424,0.416
109,,0.22,0.14,0.196,0.06,0.86,0.78,0.404,0.396
110,,0.2,0.12,0.176,0.04,0.84,0.76,0.384,0.376
111,,0.18,0.1,0.156,0.02,0.82,0.74,0.364,0.356
112,,0.16,0.08,0.136,0.0,0.8,0.72,0.344,0.336
113,,0.14,0.06,0.116,-0.02,0.78,0.7,0.324,0.316
114,4,-0.092,0.04,0.308,0.98,0.972,0.68,0.092,-0.004
115,4,-0.324,0.02,0.5,1.0,1.0,0.66,-0.14,-0.324
116,1,0.676,0.212,0.48,0.768,0.68,0.428,-0.16,-0.132
117,1,1.0,0.404,0.46,0.536,0.36,0.196,-0.18,0.06
118,7,0.98,0.172,0.14,0.304,0.34,0.388,0.82,0.252
119,7,0.96,-0.06,-0.18,0.072,0.32,0.58,1.0,0.444
120,3,0.94,0.132,0.82,0.264,0.3,0.348,0.68,0.212
121,3,0.92,0.324,1.0,0.456,0.28,0.116,0.36,-0.02
122,8,1.0,0.304,0.768,0.136,0.048,0.096,0.552,0.98
123,8,1.0,0.284,0.536,-0.184,-0.184,0.076,0.744,1.0
124,4,0.768,0.264,0.728,0.816,0.008,0.056,0.512,0.68
125,4,0.536,0.244,0.92,1.0,0.2,0.036,0.28,0.36
126,,0.516,0.224,0.9,0.98,0.18,0.016,0.26,0.34
127,,0.496,0.204,0.88,0.96,0.16,-0.004,0.24,0.32
128,6,0.264,-0.116,0.648,0.94,0.352,0.996,0.432,0.3
129,6,0.032,-0.436,0.416,0.92,0.544,1.0,0.624,0.28
130,2,0.224,0.564,0.608,0.9,0.312,0.68,0.392,0.26
131,2,0.416,1.0,0.8,0.88,0.08,0.36,0.16,0.24
132,,0.396,0.98,0.78,0.86,0.06,0.34,0.14,0.22
133,,0.376,0.96,0.76,0.84,0.04,0.32,0.12,0.2
134,,0.356,0.94,0.74,0.82,0.02,0.3,0.1,0.18
135,,0.336,0.92,0.72,0.8,0.0,0.28,0.08,0.16
136,,0.316,0.9,0.7,0.78,-0.02,0.26,0.06,0.14
137,5,-0.004,0.668,0.68,0.972,0.98,0.452,0.04,-0.092
138,5,-0.324,0.436,0.66,1.0,1.0,0.644,0.02,-0.324
139,8,-0.132,0.416,0.428,0.68,0.768,0.624,0.212,0.676
140,8,0.06,0.396,0.196,0.36,0.536,0.604,0.404,1.0
141,,0.04,0.376,0.176,0.34,0.516,0.584,0.384,0.98
142,,0.02,0.356,0.156,0.32,0.496,0.564,0.364,0.96
143,,0.0,0.336,0.136,0.3,0.476,0.544,0.344,0.94
144,,-0.02,0.316,0.116,0.28,0.456,0.524,0.324,0.92
145,1,0.98,0.508,0.096,0.048,0.136,0.292,0.304,1.0
146,1,1.0,0.7,0.076,-0.184,-0.184,0.06,0.284,1.0
147,5,0.68,0.468,0.056,0.008,0.816,0.252,0.264,0.768
148,5,0.36,0.236,0.036,0.2,1.0,0.444,0.244,0.536
149,,0.34,0.216,0.016,0.18,0.98,0.424,0.224,0.516
150,,0.32,0.196,-0.004,0.16,0.96,0.404,0.204,0.496
151,3,0.3,0.388,0.996,0.352,0.94,0.172,-0.116,0.264
152,3,0.28,0.58,1.0,0.544,0.92,-0.06,-0.436,0.032
153,7,0.26,0.348,0.68,0.312,0.9,0.132,0.564,0.224
154,7,0.24,0.116,0.36,0.08,0.88,0.324,1.0,0.416
155,,0.22,0.096,0.34,0.06,0.86,0.304,0.98,0.396
156,,0.2,0.076,0.32,0.04,0.84,0.284,0.96,0.376
157,,0.18,0.056,0.3,0.02,0.82,0.264,0.94,0.356
158,,0.16,0.036,0.28,0.0,0.8,0.244,0.92,0.336
159,,0.14,0.016,0.26,-0.02,0.78,0.224,0.9,0.316
160,4,-0.092,-0.004,0.452,0.98,0.972,0.204,0.668,-0.004
161,4,-0.324,-0.024,0.644,1.0,1.0,0.184,0.436,-0.324
162,1,0.676,0.168,0.624,0.768,0.68,-0.048,0.416,-0.132
163,1,1.0,0.36,0.604,0.536,0.36,-0.28,0.396,0.06
164,6,0.768,0.04,0.372,0.516,0.552,0.72,0.588,0.04
165,6,0.536,-0.28,0.14,0.496,0.744,1.0,0.78,0.02
166,2,0.728,0.72,0.332,0.476,0.512,0.68,0.548,0.0
167,2,0.92,1.0,0.524,0.456,0.28,0.36,0.316,-0.02
168,8,1.0,0.98,0.292,0.136,0.048,0.34,0.508,0.98
169,8,1.0,0.96,0.06,-0.184,-0.184,0.32,0.7,1.0
170,5,0.68,0.728,0.04,0.008,0.816,0.512,0.68,0.768
171,5,0.36,0.496,0.02,0.2,1.0,0.704,0.66,0.536
172,,0.34,0.476,0.0,0.18,0.98,0.684,0.64,0.516
173,,0.32,0.456,-0.02,0.16,0.96,0.664,0.62,0.496
174,3,0.3,0.648,0.98,0.352,0.94,0.432,0.3,0.264
175,3,0.28,0.84,1.0,0.544,0.92,0.2,-0.02,0.032
176,7,0.26,0.608,0.68,0.312,0.9,0.392,0.98,0.224
177,7,0.24,0.376,0.36,0.08,0.88,0.584,1.0,0.416
178,,0.22,0.356,0.34,0.06,0.86,0.564,0.98,0.396
179,,0.2,0.336,0.32,0.04,0.84,0.544,0.96,0.376
180,,0.18,0.316,0.3,0.02,0.82,0.524,0.94,0.356
181,,0.16,0.296,0.28,0.0,0.8,0.504,0.92,0.336
182,,0.14,0.276,0.26,-0.02,0.78,0.484,0.9,0.316
183,4,-0.092,0.256,0.452,0.98,0.972,0.464,0.668,-0.004
184,4,-0.324,0.236,0.644,1.0,1.0,0.444,0.436,-0.324
185,1,0.676,0.428,0.624,0.768,0.68,0.212,0.416,-0.132
186,1,1.0,0.62,0.604,0.536,0.36,-0.02,0.396,0.06
187,6,0.768,0.3,0.372,0.516,0.552,0.98,0.588,0.04
188,6,0.536,-0.02,0.14,0.496,0.744,1.0,0.78,0.02
189,2,0.728,0.98,0.332,0.476,0.512,0.68,0.548,0.0
190,2,0.92,1.0,0.524,0.456,0.28,0.36,0.316,-0.02
191,8,1.0,0.98,0.292,0.136,0.048,0.34,0.508,0.98
192,8,1.0,0.96,0.06,-0.184,-0.184,0.32,0.7,1.0
193,5,0.68,0.728,0.04,0.008,0.816,0.512,0.68,0.768
194,5,0.36,0.496,0.02,0.2,1.0,0.704,0.66,0.536
195,,0.34,0.476,0.0,0.18,0.98,0.684,0.64,0.516
196,,0.32,0.456,-0.02,0.16,0.96,0.664,0.62,0.496
197,3,0.3,0.648,0.98,0.352,0.94,0.432,0.3,0.264
198,3,0.28,0.84,1.0,0.544,0.92,0.2,-0.02,0.032
199,7,0.26,0.608,0.68,0.312,0.9,0.392,0.98,0.224
200,7,0.24,0.376,0.36,0.08,0.88,0.584,1.0,0.416
201,,0.22,0.356,0.34,0.06,0.86,0.564,0.98,0.396
202,,0.2,0.336,0.32,0.04,0.84,0.544,0.96,0.376
203,,0.18,0.316,0.3,0.02,0.82,0.524,0.94,0.356
204,,0.16,0.296,0.28,0.0,0.8,0.504,0.92,0.336
205,,0.14,0.276,0.26,-0.02,0.78,0.484,0.9,0.316
206,4,-0.092,0.256,0.452,0.98,0.972,0.464,0.668,-0.004
207,4,-0.324,0.236,0.644,1.0,1.0,0.444,0.436,-0.324
208,1,0.676,0.428,0.624,0.768,0.68,0.212,0.416,-0.132
209,1,1.0,0.62,0.604,0.536,0.36,-0.02,0.396,0.06
210,6,0.768,0.3,0.372,0.516,0.552,0.98,0.588,0.04
211,6,0.536,-0.02,0.14,0.496,0.744,1.0,0.78,0.02
212,2,0.728,0.98,0.332,0.476,0.512,0.68,0.548,0.0
213,2,0.92,1.0,0.524,0.456,0.28,0.36,0.316,-0.02
214,8,1.0,0.98,0.292,0.136,0.048,0.34,0.508,0.98
215,8,1.0,0.96,0.06,-0.184,-0.184,0.32,0.7,1.0
216,4,0.768,0.94,0.252,0.816,0.008,0.3,0.468,0.68
217,4,0.536,0.92,0.444,1.0,0.2,0.28,0.236,0.36
218,,0.516,0.9,0.424,0.98,0.18,0.26,0.216,0.34
219,,0.496,0.88,0.404,0.96,0.16,0.24,0.196,0.32
220,,0.476,0.86,0.384,0.94,0.14,0.22,0.176,0.3
221,,0.456,0.84,0.364,0.92,0.12,0.2,0.156,0.28
222,,0.436,0.82,0.344,0.9,0.1,0.18,0.136,0.26
223,,0.416,0.8,0.324,0.88,0.08,0.16,0.116,0.24
224,,0.396,0.78,0.304,0.86,0.06,0.14,0.096,0.22
225,,0.376,0.76,0.284,0.84,0.04,0.12,0.076,0.2
226,,0.356,0.74,0.264,0.82,0.02,0.1,0.056,0.18
227,,0.336,0.72,0.244,0.8,0.0,0.08,0.036,0.16
228,,0.316,0.7,0.224,0.78,-0.02,0.06,0.016,0.14
229,5,-0.004,0.468,0.204,0.972,0.98,0.252,-0.004,-0.092
230,5,-0.324,0.236,0.184,1.0,1.0,0.444,-0.024,-0.324
231,1,0.676,0.428,0.164,0.768,0.68,0.212,-0.044,-0.132
232,1,1.0,0.62,0.144,0.536,0.36,-0.02,-0.064,0.06
233,7,0.98,0.388,-0.176,0.304,0.34,0.172,0.936,0.252
234,7,0.96,0.156,-0.496,0.072,0.32,0.364,1.0,0.444
235,3,0.94,0.348,0.504,0.264,0.3,0.132,0.68,0.212
236,3,0.92,0.54,1.0,0.456,0.28,-0.1,0.36,-0.02
237,6,0.688,0.22,0.768,0.436,0.472,0.9,0.552,-0.04
238,6,0.456,-0.1,0.536,0.416,0.664,1.0,0.744,-0.06
239,2,0.648,0.9,0.728,0.396,0.432,0.68,0.512,-0.08
240,2,0.84,1.0,0.92,0.376,0.2,0.36,0.28,-0.1
241,8,1.0,0.98,0.688,0.056,-0.032,0.34,0.472,0.9
242,8,1.0,0.96,0.456,-0.264,-0.264,0.32,0.664,1.0
243,5,0.68,0.728,0.436,-0.072,0.736,0.512,0.644,0.768
244,5,0.36,0.496,0.416,0.12,1.0,0.704,0.624,0.536
245,,0.34,0.476,0.396,0.1,0.98,0.684,0.604,0.516
246,,0.32,0.456,0.376,0.08,0.96,0.664,0.584,0.496
247,,0.3,0.436,0.356,0.06,0.94,0.644,0.564,0.476
248,,0.28,0.416,0.336,0.04,0.92,0.624,0.544,0.456
249,,0.26,0.396,0.316,0.02,0.9,0.604,0.524,0.436
250,,0.24,0.376,0.296,0.0,0.88,0.584,0.504,0.416
251,,0.22,0.356,0.276,-0.02,0.86,0.564,0.484,0.396
252,4,-0.012,0.336,0.468,0.98,1.0,0.544,0.252,0.076
253,4,-0.244,0.316,0.66,1.0,1.0,0.524,0.02,-0.244
254,8,-0.052,0.296,0.428,0.68,0.768,0.504,0.212,0.756
255,8,0.14,0.276,0.196,0.36,0.536,0.484,0.404,1.0
256,,0.12,0.256,0.176,0.34,0.516,0.464,0.384,0.98
257,,0.1,0.236,0.156,0.32,0.496,0.444,0.364,0.96
258,,0.08,0.216,0.136,0.3,0.476,0.424,0.344,0.94
259,,0.06,0.196,0.116,0.28,0.456,0.404,0.324,0.92
260,,0.04,0.176,0.096,0.26,0.436,0.384,0.304,0.9
261,,0.02,0.156,0.076,0.24,0.416,0.364,0.284,0.88
262,,0.0,0.136,0.056,0.22,0.396,0.344,0.264,0.86
263,,-0.02,0.116,0.036,0.2,0.376,0.324,0.244,0.84
264,1,0.98,0.308,0.016,-0.032,0.056,0.092,0.224,1.0
265,1,1.0,0.5,-0.004,-0.264,-0.264,-0.14,0.204,1.0
266,4,0.768,0.48,0.188,0.736,-0.072,-0.16,-0.028,0.68
267,4,0.536,0.46,0.38,1.0,0.12,-0.18,-0.26,0.36
268,7,0.516,0.228,0.06,0.768,0.1,0.012,0.74,0.552
269,7,0.496,-0.004,-0.26,0.536,0.08,0.204,1.0,0.744
270,3,0.476,0.188,0.74,0.728,0.06,-0.028,0.68,0.512
271,3,0.456,0.38,1.0,0.92,0.04,-0.26,0.36,0.28
272,6,0.224,0.06,0.768,0.9,0.232,0.74,0.552,0.26
273,6,-0.008,-0.26,0.536,0.88,0.424,1.0,0.744,0.24
274,2,0.184,0.74,0.728,0.86,0.192,0.68,0.512,0.22
275,2,0.376,1.0,0.92,0.84,-0.04,0.36,0.28,0.2
276,5,0.056,0.768,0.9,1.0,0.96,0.552,0.26,-0.032
277,5,-0.264,0.536,0.88,1.0,1.0,0.744,0.24,-0.264
278,8,-0.072,0.516,0.648,0.68,0.768,0.724,0.432,0.736
279,8,0.12,0.496,0.416,0.36,0.536,0.704,0.624,1.0
280,,0.1,0.476,0.396,0.34,0.516,0.684,0.604,0.98
281,,0.08,0.456,0.376,0.32,0.496,0.664,0.584,0.96
282,,0.06,0.436,0.356,0.3,0.476,0.644,0.564,0.94
283,,0.04,0.416,0.336,0.28,0.456,0.624,0.544,0.92
284,,0.02,0.396,0.316,0.26,0.436,0.604,0.524,0.9
285,,0.0,0.376,0.296,0.24,0.416,0.584,0.504,0.88
286,,-0.02,0.356,0.276,0.22,0.396,0.564,0.484,0.86
287,1,0.98,0.548,0.256,-0.012,0.076,0.332,0.464,1.0
288,1,1.0,0.74,0.236,-0.244,-0.244,0.1,0.444,1.0
289,4,0.768,0.72,0.428,0.756,-0.052,0.08,0.212,0.68
290,4,0.536,0.7,0.62,1.0,0.14,0.06,-0.02,0.36
291,7,0.516,0.468,0.3,0.768,0.12,0.252,0.98,0.552
292,7,0.496,0.236,-0.02,0.536,0.1,0.444,1.0,0.744
293,3,0.476,0.428,0.98,0.728,0.08,0.212,0.68,0.512
294,3,0.456,0.62,1.0,0.92,0.06,-0.02,0.36,0.28
295,6,0.224,0.3,0.768,0.9,0.252,0.98,0.552,0.26
296,6,-0.008,-0.02,0.536,0.88,0.444,1.0,0.744,0.24
297,2,0.184,0.98,0.728,0.86,0.212,0.68,0.512,0.22
298,2,0.376,1.0,0.92,0.84,-0.02,0.36,0.28,0.2
299,5,0.056,0.768,0.9,1.0,0.98,0.552,0.26,-0.032
300,5,-0.264,0.536,0.88,1.0,1.0,0.744,0.24,-0.264
301,1,0.736,0.728,0.86,0.768,0.68,0.512,0.22,-0.072
302,1,1.0,0.92,0.84,0.536,0.36,0.28,0.2,0.12
303,,0.98,0.9,0.82,0.516,0.34,0.26,0.18,0.1
304,,0.96,0.88,0.8,0.496,0.32,0.24,0.16,0.08
305,,0.94,0.86,0.78,0.476,0.3,0.22,0.14,0.06
306,,0.92,0.84,0.76,0.456,0.28,0.2,0.12,0.04
307,,0.9,0.82,0.74,0.436,0.26,0.18,0.1,0.02
308,,0.88,0.8,0.72,0.416,0.24,0.16,0.08,0.0
309,,0.86,0.78,0.7,0.396,0.22,0.14,0.06,-0.02
310,8,1.0,0.76,0.468,0.076,-0.012,0.12,0.252,0.98
311,8,1.0,0.74,0.236,-0.244,-0.244,0.1,0.444,1.0
312,5,0.68,0.508,0.216,-0.052,0.756,0.292,0.424,0.768
313,5,0.36,0.276,0.196,0.14,1.0,0.484,0.404,0.536
314,,0.34,0.256,0.176,0.12,0.98,0.464,0.384,0.516
315,,0.32,0.236,0.156,0.1,0.96,0.444,0.364,0.496
316,,0.3,0.216,0.136,0.08,0.94,0.424,0.344,0.476
317,,0.28,0.196,0.116,0.06,0.92,0.404,0.324,0.456
318,,0.26,0.176,0.096,0.04,0.9,0.384,0.304,0.436
319,,0.24,0.156,0.076,0.02,0.88,0.364,0.284,0.416
320,,0.22,0.136,0.056,0.0,0.86,0.344,0.264,0.396
321,,0.2,0.116,0.036,-0.02,0.84,0.324,0.244,0.376
322,4,-0.032,0.096,0.228,0.98,1.0,0.304,0.012,0.056
323,4,-0.264,0.076,0.42,1.0,1.0,0.284,-0.22,-0.264
324,8,-0.072,0.056,0.188,0.68,0.768,0.264,-0.028,0.736
325,8,0.12,0.036,-0.044,0.36,0.536,0.244,0.164,1.0
326,3,0.1,0.228,0.956,0.552,0.516,0.012,-0.156,0.768
327,3,0.08,0.42,1.0,0.744,0.496,-0.22,-0.476,0.536
328,7,0.06,0.188,0.68,0.512,0.476,-0.028,0.524,0.728
329,7,0.04,-0.044,0.36,0.28,0.456,0.164,1.0,0.92
330,2,0.232,0.956,0.552,0.26,0.224,-0.156,0.768,0.9
331,2,0.424,1.0,0.744,0.24,-0.008,-0.476,0.536,0.88
332,6,0.192,0.68,0.512,0.22,0.184,0.524,0.728,0.86
333,6,-0.04,0.36,0.28,0.2,0.376,1.0,0.92,0.84
334,1,0.96,0.552,0.26,-0.032,0.056,0.768,0.9,1.0
335,1,1.0,0.744,0.24,-0.264,-0.264,0.536,0.88,1.0
336,4,0.768,0.724,0.432,0.736,-0.072,0.516,0.648,0.68
337,4,0.536,0.704,0.624,1.0,0.12,0.496,0.416,0.36
338,,0.516,0.684,0.604,0.98,0.1,0.476,0.396,0.34
339,,0.496,0.664,0.584,0.96,0.08,0.456,0.376,0.32
340,,0.476,0.644,0.564,0.94,0.06,0.436,0.356,0.3
341,,0.456,0.624,0.544,0.92,0.04,0.416,0.336,0.28
342,,0.436,0.604,0.524,0.9,0.02,0.396,0.316,0.26
343,,0.416,0.584,0.504,0.88,0.0,0.376,0.296,0.24
344,,0.396,0.564,0.484,0.86,-0.02,0.356,0.276,0.22
345,5,0.076,0.332,0.464,1.0,0.98,0.548,0.256,-0.012
346,5,-0.244,0.1,0.444,1.0,1.0,0.74,0.236,-0.244
347,8,-0.052,0.08,0.212,0.68,0.768,0.72,0.428,0.756
348,8,0.14,0.06,-0.02,0.36,0.536,0.7,0.62,1.0
349,3,0.12,0.252,0.98,0.552,0.516,0.468,0.3,0.768
350,3,0.1,0.444,1.0,0.744,0.496,0.236,-0.02,0.536
351,7,0.08,0.212,0.68,0.512,0.476,0.428,0.98,0.728
352,7,0.06,-0.02,0.36,0.28,0.456,0.62,1.0,0.92
353,2,0.252,0.98,0.552,0.26,0.224,0.3,0.768,0.9
354,2,0.444,1.0,0.744,0.24,-0.008,-0.02,0.536,0.88
355,6,0.212,0.68,0.512,0.22,0.184,0.98,0.728,0.86
356,6,-0.02,0.36,0.28,0.2,0.376,1.0,0.92,0.84
357,1,0.98,0.552,0.26,-0.032,0.056,0.768,0.9,1.0
358,1,1.0,0.744,0.24,-0.264,-0.264,0.536,0.88,1.0
359,5,0.68,0.512,0.22,-0.072,0.736,0.728,0.86,0.768
360,5,0.36,0.28,0.2,0.12,1.0,0.92,0.84,0.536
361,,0.34,0.26,0.18,0.1,0.98,0.9,0.82,0.516
362,,0.32,0.24,0.16,0.08,0.96,0.88,0.8,0.496
363,,0.3,0.22,0.14,0.06,0.94,0.86,0.78,0.476
364,,0.28,0.2,0.12,0.04,0.92,0.84,0.76,0.456
365,,0.26,0.18,0.1,0.02,0.9,0.82,0.74,0.436
366,,0.24,0.16,0.08,0.0,0.88,0.8,0.72,0.416
367,,0.22,0.14,0.06,-0.02,0.86,0.78,0.7,0.396
368,4,-0.012,0.12,0.252,0.98,1.0,0.76,0.468,0.076
369,4,-0.244,0.1,0.444,1.0,1.0,0.74,0.236,-0.244
370,1,0.756,0.292,0.424,0.768,0.68,0.508,0.216,-0.052
371,1,1.0,0.484,0.404,0.536,0.36,0.276,0.196,0.14
372,,0.98,0.464,0.384,0.516,0.34,0.256,0.176,0.12
373,,0.96,0.444,0.364,0.496,0.32,0.236,0.156,0.1
374,,0.94,0.424,0.344,0.476,0.3,0.216,0.136,0.08
375,,0.92,0.404,0.324,0.456,0.28,0.196,0.116,0.06
376,,0.9,0.384,0.304,0.436,0.26,0.176,0.096,0.04
377,,0.88,0.364,0.284,0.416,0.24,0.156,0.076,0.02
378,,0.86,0.344,0.264,0.396,0.22,0.136,0.056,0.0
379,,0.84,0.324,0.244,0.376,0.2,0.116,0.036,-0.02
380,8,1.0,0.304,0.012,0.056,-0.032,0.096,0.228,0.98
381,8,1.0,0.284,-0.22,-0.264,-0.264,0.076,0.42,1.0
382,4,0.768,0.264,-0.028,0.736,-0.072,0.056,0.188,0.68
383,4,0.536,0.244,0.164,1.0,0.12,0.036,-0.044,0.36
384,7,0.516,0.012,-0.156,0.768,0.1,0.228,0.956,0.552
385,7,0.496,-0.22,-0.476,0.536,0.08,0.42,1.0,0.744
386,3,0.476,-0.028,0.524,0.728,0.06,0.188,0.68,0.512
387,3,0.456,0.164,1.0,0.92,0.04,-0.044,0.36,0.28
388,6,0.224,-0.156,0.768,0.9,0.232,0.956,0.552,0.26
389,6,-0.008,-0.476,0.536,0.88,0.424,1.0,0.744,0.24
390,2,0.184,0.524,0.728,0.86,0.192,0.68,0.512,0.22
391,2,0.376,1.0,0.92,0.84,-0.04,0.36,0.28,0.2
392,5,0.056,0.768,0.9,1.0,0.96,0.552,0.26,-0.032
393,5,-0.264,0.536,0.88,1.0,1.0,0.744,0.24,-0.264
394,8,-0.072,0.516,0.648,0.68,0.768,0.724,0.432,0.736
395,8,0.12,0.496,0.416,0.36,0.536,0.704,0.624,1.0
396,,0.1,0.476,0.396,0.34,0.516,0.684,0.604,0.98
397,,0.08,0.456,0.376,0.32,0.496,0.664,0.584,0.96
398,,0.06,0.436,0.356,0.3,0.476,0.644,0.564,0.94
399,,0.04,0.416,0.336,0.28,0.456,0.624,0.544,0.92
400,,0.02,0.396,0.316,0.26,0.436,0.604,0.524,0.9
401,,0.0,0.376,0.296,0.24,0.416,0.584,0.504,0.88
402,,-0.02,0.356,0.276,0.22,0.396,0.564,0.484,0.86
403,1,0.98,0.548,0.256,-0.012,0.076,0.332,0.464,1.0
404,1,1.0,0.74,0.236,-0.244,-0.244,0.1,0.444,1.0
405,4,0.768,0.72,0.428,0.756,-0.052,0.08,0.212,0.68
406,4,0.536,0.7,0.62,1.0,0.14,0.06,-0.02,0.36
407,7,0.516,0.468,0.3,0.768,0.12,0.252,0.98,0.552
408,7,0.496,0.236,-0.02,0.536,0.1,0.444,1.0,0.744
409,3,0.476,0.428,0.98,0.728,0.08,0.212,0.68,0.512
410,3,0.456,0.62,1.0,0.92,0.06,-0.02,0.36,0.28
411,6,0.224,0.3,0.768,0.9,0.252,0.98,0.552,0.26
412,6,-0.008,-0.02,0.536,0.88,0.444,1.0,0.744,0.24
413,2,0.184,0.98,0.728,0.86,0.212,0.68,0.512,0.22
414,2,0.376,1.0,0.92,0.84,-0.02,0.36,0.28,0.2
415,5,0.056,0.768,0.9,1.0,0.98,0.552,0.26,-0.032
416,5,-0.264,0.536,0.88,1.0,1.0,0.744,0.24,-0.264
417,1,0.736,0.728,0.86,0.768,0.68,0.512,0.22,-0.072
418,1,1.0,0.92,0.84,0.536,0.36,0.28,0.2,0.12
419,,0.98,0.9,0.82,0.516,0.34,0.26,0.18,0.1
420,,0.96,0.88,0.8,0.496,0.32,0.24,0.16,0.08
421,,0.94,0.86,0.78,0.476,0.3,0.22,0.14,0.06
422,,0.92,0.84,0.76,0.456,0.28,0.2,0.12,0.04
423,,0.9,0.82,0.74,0.436,0.26,0.18,0.1,0.02
424,,0.88,0.8,0.72,0.416,0.24,0.16,0.08,0.0
425,,0.86,0.78,0.7,0.396,0.22,0.14,0.06,-0.02
426,8,1.0,0.76,0.468,0.076,-0.012,0.12,0.252,0.98
427,8,1.0,0.74,0.236,-0.244,-0.244,0.1,0.444,1.0
428,5,0.68,0.508,0.216,-0.052,0.756,0.292,0.424,0.768
429,5,0.36,0.276,0.196,0.14,1.0,0.484,0.404,0.536
430,,0.34,0.256,0.176,0.12,0.98,0.464,0.384,0.516
431,,0.32,0.236,0.156,0.1,0.96,0.444,0.364,0.496
432,,0.3,0.216,0.136,0.08,0.94,0.424,0.344,0.476
433,,0.28,0.196,0.116,0.06,0.92,0.404,0.324,0.456
434,,0.26,0.176,0.096,0.04,0.9,0.384,0.304,0.436
435,,0.24,0.156,0.076,0.02,0.88,0.364,0.284,0.416
436,,0.22,0.136,0.056,0.0,0.86,0.344,0.264,0.396
437,,0.2,0.116,0.036,-0.02,0.84,0.324,0.244,0.376
438,4,-0.032,0.096,0.228,0.98,1.0,0.304,0.012,0.056
439,4,-0.264,0.076,0.42,1.0,1.0,0.284,-0.22,-0.264
440,1,0.736,0.268,0.4,0.768,0.68,0.052,-0.24,-0.072
441,1,1.0,0.46,0.38,0.536,0.36,-0.18,-0.26,0.12
442,7,0.98,0.228,0.06,0.304,0.34,0.012,0.74,0.312
443,7,0.96,-0.004,-0.26,0.072,0.32,0.204,1.0,0.504
444,3,0.94,0.188,0.74,0.264,0.3,-0.028,0.68,0.272
445,3,0.92,0.38,1.0,0.456,0.28,-0.26,0.36,0.04
446,6,0.688,0.06,0.768,0.436,0.472,0.74,0.552,0.02
447,6,0.456,-0.26,0.536,0.416,0.664,1.0,0.744,0.0
448,2,0.648,0.74,0.728,0.396,0.432,0.68,0.512,-0.02
449,2,0.84,1.0,0.92,0.376,0.2,0.36,0.28,-0.04
450,8,1.0,0.98,0.688,0.056,-0.032,0.34,0.472,0.96
451,8,1.0,0.96,0.456,-0.264,-0.264,0.32,0.664,1.0
452,4,0.768,0.94,0.648,0.736,-0.072,0.3,0.432,0.68
453,4,0.536,0.92,0.84,1.0,0.12,0.28,0.2,0.36
454,,0.516,0.9,0.82,0.98,0.1,0.26,0.18,0.34
455,,0.496,0.88,0.8,0.96,0.08,0.24,0.16,0.32
456,,0.476,0.86,0.78,0.94,0.06,0.22,0.14,0.3
457,,0.456,0.84,0.76,0.92,0.04,0.2,0.12,0.28
458,,0.436,0.82,0.74,0.9,0.02,0.18,0.1,0.26
459,,0.416,0.8,0.72,0.88,0.0,0.16,0.08,0.24
460,,0.396,0.78,0.7,0.86,-0.02,0.14,0.06,0.22
461,5,0.076,0.548,0.68,1.0,0.98,0.332,0.04,-0.012
462,5,-0.244,0.316,0.66,1.0,1.0,0.524,0.02,-0.244
463,8,-0.052,0.296,0.428,0.68,0.768,0.504,0.212,0.756
464,8,0.14,0.276,0.196,0.36,0.536,0.484,0.404,1.0
465,,0.12,0.256,0.176,0.34,0.516,0.464,0.384,0.98
466,,0.1,0.236,0.156,0.32,0.496,0.444,0.364,0.96
467,,0.08,0.216,0.136,0.3,0.476,0.424,0.344,0.94
468,,0.06,0.196,0.116,0.28,0.456,0.404,0.324,0.92
469,,0.04,0.176,0.096,0.26,0.436,0.384,0.304,0.9
470,,0.02,0.156,0.076,0.24,0.416,0.364,0.284,0.88
471,,0.0,0.136,0.056,0.22,0.396,0.344,0.264,0.86
472,,-0.02,0.116,0.036,0.2,0.376,0.324,0.244,0.84
473,1,0.98,0.308,0.016,-0.032,0.056,0.092,0.224,1.0
474,1,1.0,0.5,-0.004,-0.264,-0.264,-0.14,0.204,1.0
475,5,0.68,0.268,-0.024,-0.072,0.736,0.052,0.184,0.768
476,5,0.36,0.036,-0.044,0.12,1.0,0.244,0.164,0.536
477,3,0.34,0.228,0.956,0.312,0.98,0.012,-0.156,0.304
478,3,0.32,0.42,1.0,0.504,0.96,-0.22,-0.476,0.072
479,7,0.3,0.188,0.68,0.272,0.94,-0.028,0.524,0.264
480,7,0.28,-0.044,0.36,0.04,0.92,0.164,1.0,0.456
481,2,0.472,0.956,0.552,0.02,0.688,-0.156,0.768,0.436
482,2,0.664,1.0,0.744,0.0,0.456,-0.476,0.536,0.416
483,6,0.432,0.68,0.512,-0.02,0.648,0.524,0.728,0.396
484,6,0.2,0.36,0.28,-0.04,0.84,1.0,0.92,0.376
485,4,-0.032,0.34,0.472,0.96,1.0,0.98,0.688,0.056
486,4,-0.264,0.32,0.664,1.0,1.0,0.96,0.456,-0.264
487,1,0.736,0.512,0.644,0.768,0.68,0.728,0.436,-0.072
488,1,1.0,0.704,0.624,0.536,0.36,0.496,0.416,0.12
489,,0.98,0.684,0.604,0.516,0.34,0.476,0.396,0.1
490,,0.96,0.664,0.584,0.496,0.32,0.456,0.376,0.08
491,,0.94,0.644,0.564,0.476,0.3,0.436,0.356,0.06
492,,0.92,0.624,0.544,0.456,0.28,0.416,0.336,0.04
493,,0.9,0.604,0.524,0.436,0.26,0.396,0.316,0.02
494,,0.88,0.584,0.504,0.416,0.24,0.376,0.296,0.0
495,,0.86,0.564,0.484,0.396,0.22,0.356,0.276,-0.02
496,8,1.0,0.544,0.252,0.076,-0.012,0.336,0.468,0.98
497,8,1.0,0.524,0.02,-0.244,-0.244,0.316,0.66,1.0
498,4,0.768,0.504,0.212,0.756,-0.052,0.296,0.428,0.68
499,4,0.536,0.484,0.404,1.0,0.14,0.276,0.196,0.36
