step,active_motive,motive_1,motive_2,motive_3,motive_4,motive_5,motive_6,motive_7,motive_8
0,,0.17815,0.45341,0.13607,0.32385,0.00026,0.17628,0.15239,0.08233
1,,0.15815,0.43341,0.11607,0.30385,-0.01974,0.15628,0.13239,0.06233
2,5,-0.16185,0.20141,0.09607,0.49585,0.98026,0.34828,0.11239,-0.16967
3,5,-0.48185,-0.03059,0.07607,0.68785,1.0,0.54028,0.09239,-0.40167
4,1,0.51815,0.16141,0.05607,0.45585,0.68,0.30828,0.07239,-0.20967
5,1,1.0,0.35341,0.03607,0.22385,0.36,0.07628,0.05239,-0.01767
6,8,1.0,0.33341,-0.19593,-0.09615,0.128,0.05628,0.24439,0.98233
7,8,1.0,0.31341,-0.42793,-0.41615,-0.104,0.03628,0.43639,1.0
8,3,0.98,0.50541,0.57207,-0.22415,-0.124,-0.19572,0.11639,0.768
9,3,0.96,0.69741,1.0,-0.03215,-0.144,-0.42772,-0.20361,0.536
10,6,0.728,0.37741,0.768,-0.05215,0.048,0.57228,-0.01161,0.516
11,6,0.496,0.05741,0.536,-0.07215,0.24,1.0,0.18039,0.496
12,4,0.264,0.03741,0.728,0.92785,0.432,0.98,-0.05161,0.176
13,4,0.032,0.01741,0.92,1.0,0.624,0.96,-0.28361,-0.144
14,7,0.012,-0.21459,0.6,0.768,0.604,1.0,0.71639,0.048
15,7,-0.008,-0.44659,0.28,0.536,0.584,1.0,1.0,0.24
16,2,0.184,0.55341,0.472,0.516,0.352,0.68,0.768,0.22
17,2,0.376,1.0,0.664,0.496,0.12,0.36,0.536,0.2
18,,0.356,0.98,0.644,0.476,0.1,0.34,0.516,0.18
19,,0.336,0.96,0.624,0.456,0.08,0.32,0.496,0.16
20,,0.316,0.94,0.604,0.436,0.06,0.3,0.476,0.14
21,,0.296,0.92,0.584,0.416,0.04,0.28,0.456,0.12
22,,0.276,0.9,0.564,0.396,0.02,0.26,0.436,0.1
23,,0.256,0.88,0.544,0.376,0.0,0.24,0.416,0.08
24,,0.236,0.86,0.524,0.356,-0.02,0.22,0.396,0.06
25,5,-0.084,0.628,0.504,0.548,0.98,0.412,0.376,-0.172
26,5,-0.404,0.396,0.484,0.74,1.0,0.604,0.356,-0.404
27,1,0.596,0.588,0.464,0.508,0.68,0.372,0.336,-0.212
28,1,1.0,0.78,0.444,0.276,0.36,0.14,0.316,-0.02
29,8,1.0,0.76,0.212,-0.044,0.128,0.12,0.508,0.98
30,8,1.0,0.74,-0.02,-0.364,-0.104,0.1,0.7,1.0
31,4,0.768,0.72,0.172,0.636,0.088,0.08,0.468,0.68
32,4,0.536,0.7,0.364,1.0,0.28,0.06,0.236,0.36
33,,0.516,0.68,0.344,0.98,0.26,0.04,0.216,0.34
34,,0.496,0.66,0.324,0.96,0.24,0.02,0.196,0.32
35,,0.476,0.64,0.304,0.94,0.22,0.0,0.176,0.3
36,,0.456,0.62,0.284,0.92,0.2,-0.02,0.156,0.28
37,6,0.224,0.3,0.052,0.9,0.392,0.98,0.348,0.26
38,6,-0.008,-0.02,-0.18,0.88,0.584,1.0,0.54,0.24
39,3,-0.028,0.172,0.82,1.0,0.564,0.768,0.22,0.008
40,3,-0.048,0.364,1.0,1.0,0.544,0.536,-0.1,-0.224
41,8,0.144,0.344,0.768,0.68,0.312,0.516,0.092,0.776
42,8,0.336,0.324,0.536,0.36,0.08,0.496,0.284,1.0
43,,0.316,0.304,0.516,0.34,0.06,0.476,0.264,0.98
44,,0.296,0.284,0.496,0.32,0.04,0.456,0.244,0.96
45,,0.276,0.264,0.476,0.3,0.02,0.436,0.224,0.94
46,,0.256,0.244,0.456,0.28,0.0,0.416,0.204,0.92
47,,0.236,0.224,0.436,0.26,-0.02,0.396,0.184,0.9
48,5,-0.084,-0.008,0.416,0.452,0.98,0.588,0.164,0.668
49,5,-0.404,-0.24,0.396,0.644,1.0,0.78,0.144,0.436
50,1,0.596,-0.048,0.376,0.412,0.68,0.548,0.124,0.628
51,1,1.0,0.144,0.356,0.18,0.36,0.316,0.104,0.82
52,,0.98,0.124,0.336,0.16,0.34,0.296,0.084,0.8
53,,0.96,0.104,0.316,0.14,0.32,0.276,0.064,0.78
54,,0.94,0.084,0.296,0.12,0.3,0.256,0.044,0.76
55,,0.92,0.064,0.276,0.1,0.28,0.236,0.024,0.74
56,,0.9,0.044,0.256,0.08,0.26,0.216,0.004,0.72
57,,0.88,0.024,0.236,0.06,0.24,0.196,-0.016,0.7
58,7,0.86,-0.208,-0.084,-0.172,0.22,0.388,0.984,0.892
59,7,0.84,-0.44,-0.404,-0.404,0.2,0.58,1.0,1.0
60,2,1.0,0.56,-0.212,-0.424,-0.032,0.26,0.768,0.98
61,2,1.0,1.0,-0.02,-0.444,-0.264,-0.06,0.536,0.96
62,4,0.768,0.98,0.172,0.556,-0.072,-0.08,0.304,0.64
63,4,0.536,0.96,0.364,1.0,0.12,-0.1,0.072,0.32
64,6,0.304,0.64,0.132,0.98,0.312,0.9,0.264,0.3
65,6,0.072,0.32,-0.1,0.96,0.504,1.0,0.456,0.28
66,3,0.052,0.512,0.9,1.0,0.484,0.768,0.136,0.048
67,3,0.032,0.704,1.0,1.0,0.464,0.536,-0.184,-0.184
68,7,0.012,0.472,0.68,0.768,0.444,0.728,0.816,0.008
69,7,-0.008,0.24,0.36,0.536,0.424,0.92,1.0,0.2
70,1,0.992,0.432,0.34,0.304,0.104,0.688,0.98,0.392
71,1,1.0,0.624,0.32,0.072,-0.216,0.456,0.96,0.584
72,5,0.68,0.392,0.3,0.264,0.784,0.648,0.94,0.352
73,5,0.36,0.16,0.28,0.456,1.0,0.84,0.92,0.12
74,,0.34,0.14,0.26,0.436,0.98,0.82,0.9,0.1
75,,0.32,0.12,0.24,0.416,0.96,0.8,0.88,0.08
76,,0.3,0.1,0.22,0.396,0.94,0.78,0.86,0.06
77,,0.28,0.08,0.2,0.376,0.92,0.76,0.84,0.04
78,,0.26,0.06,0.18,0.356,0.9,0.74,0.82,0.02
79,,0.24,0.04,0.16,0.336,0.88,0.72,0.8,0.0
80,,0.22,0.02,0.14,0.316,0.86,0.7,0.78,-0.02
81,8,0.412,0.0,-0.092,-0.004,0.628,0.68,0.972,0.98
82,8,0.604,-0.02,-0.324,-0.324,0.396,0.66,1.0,1.0
83,4,0.372,-0.04,-0.132,0.676,0.588,0.64,0.768,0.68
84,4,0.14,-0.06,0.06,1.0,0.78,0.62,0.536,0.36
85,2,0.332,0.94,0.252,0.98,0.548,0.3,0.304,0.34
86,2,0.524,1.0,0.444,0.96,0.316,-0.02,0.072,0.32
87,6,0.292,0.68,0.212,0.94,0.508,0.98,0.264,0.3
88,6,0.06,0.36,-0.02,0.92,0.7,1.0,0.456,0.28
89,3,0.04,0.552,0.98,1.0,0.68,0.768,0.136,0.048
90,3,0.02,0.744,1.0,1.0,0.66,0.536,-0.184,-0.184
91,7,0.0,0.512,0.68,0.768,0.64,0.728,0.816,0.008
92,7,-0.02,0.28,0.36,0.536,0.62,0.92,1.0,0.2
93,1,0.98,0.472,0.34,0.304,0.3,0.688,0.98,0.392
94,1,1.0,0.664,0.32,0.072,-0.02,0.456,0.96,0.584
95,5,0.68,0.432,0.3,0.264,0.98,0.648,0.94,0.352
96,5,0.36,0.2,0.28,0.456,1.0,0.84,0.92,0.12
97,,0.34,0.18,0.26,0.436,0.98,0.82,0.9,0.1
98,,0.32,0.16,0.24,0.416,0.96,0.8,0.88,0.08
99,,0.3,0.14,0.22,0.396,0.94,0.78,0.86,0.06
100,,0.28,0.12,0.2,0.376,0.92,0.76,0.84,0.04
101,,0.26,0.1,0.18,0.356,0.9,0.74,0.82,0.02
102,,0.24,0.08,0.16,0.336,0.88,0.72,0.8,0.0
103,,0.22,0.06,0.14,0.316,0.86,0.7,0.78,-0.02
104,8,0.412,0.04,-0.092,-0.004,0.628,0.68,0.972,0.98
105,8,0.604,0.02,-0.324,-0.324,0.396,0.66,1.0,1.0
106,3,0.584,0.212,0.676,-0.132,0.376,0.428,0.68,0.768
107,3,0.564,0.404,1.0,0.06,0.356,0.196,0.36,0.536
108,,0.544,0.384,0.98,0.04,0.336,0.176,0.34,0.516
109,,0.524,0.364,0.96,0.02,0.316,0.156,0.32,0.496
110,,0.504,0.344,0.94,0.0,0.296,0.136,0.3,0.476
111,,0.484,0.324,0.92,-0.02,0.276,0.116,0.28,0.456
112,4,0.252,0.304,1.0,0.98,0.468,0.096,0.048,0.136
113,4,0.02,0.284,1.0,1.0,0.66,0.076,-0.184,-0.184
114,7,0.0,0.052,0.68,0.768,0.64,0.268,0.816,0.008
115,7,-0.02,-0.18,0.36,0.536,0.62,0.46,1.0,0.2
116,2,0.172,0.82,0.552,0.516,0.388,0.14,0.768,0.18
117,2,0.364,1.0,0.744,0.496,0.156,-0.18,0.536,0.16
118,6,0.132,0.68,0.512,0.476,0.348,0.82,0.728,0.14
119,6,-0.1,0.36,0.28,0.456,0.54,1.0,0.92,0.12
120,1,0.9,0.552,0.26,0.224,0.22,0.768,0.9,0.312
121,1,1.0,0.744,0.24,-0.008,-0.1,0.536,0.88,0.504
122,5,0.68,0.512,0.22,0.184,0.9,0.728,0.86,0.272
123,5,0.36,0.28,0.2,0.376,1.0,0.92,0.84,0.04
124,,0.34,0.26,0.18,0.356,0.98,0.9,0.82,0.02
125,,0.32,0.24,0.16,0.336,0.96,0.88,0.8,0.0
126,,0.3,0.22,0.14,0.316,0.94,0.86,0.78,-0.02
127,8,0.492,0.2,-0.092,-0.004,0.708,0.84,0.972,0.98
128,8,0.684,0.18,-0.324,-0.324,0.476,0.82,1.0,1.0
129,4,0.452,0.16,-0.132,0.676,0.668,0.8,0.768,0.68
130,4,0.22,0.14,0.06,1.0,0.86,0.78,0.536,0.36
131,,0.2,0.12,0.04,0.98,0.84,0.76,0.516,0.34
132,,0.18,0.1,0.02,0.96,0.82,0.74,0.496,0.32
133,,0.16,0.08,0.0,0.94,0.8,0.72,0.476,0.3
134,,0.14,0.06,-0.02,0.92,0.78,0.7,0.456,0.28
135,3,0.12,0.252,0.98,1.0,0.76,0.468,0.136,0.048
136,3,0.1,0.444,1.0,1.0,0.74,0.236,-0.184,-0.184
137,8,0.292,0.424,0.768,0.68,0.508,0.216,0.008,0.816
138,8,0.484,0.404,0.536,0.36,0.276,0.196,0.2,1.0
139,,0.464,0.384,0.516,0.34,0.256,0.176,0.18,0.98
140,,0.444,0.364,0.496,0.32,0.236,0.156,0.16,0.96
141,,0.424,0.344,0.476,0.3,0.216,0.136,0.14,0.94
142,,0.404,0.324,0.456,0.28,0.196,0.116,0.12,0.92
143,,0.384,0.304,0.436,0.26,0.176,0.096,0.1,0.9
144,,0.364,0.284,0.416,0.24,0.156,0.076,0.08,0.88
145,,0.344,0.264,0.396,0.22,0.136,0.056,0.06,0.86
146,,0.324,0.244,0.376,0.2,0.116,0.036,0.04,0.84
147,,0.304,0.224,0.356,0.18,0.096,0.016,0.02,0.82
148,,0.284,0.204,0.336,0.16,0.076,-0.004,0.0,0.8
149,6,0.052,-0.116,0.104,0.14,0.268,0.996,0.192,0.78
150,6,-0.18,-0.436,-0.128,0.12,0.46,1.0,0.384,0.76
151,2,0.012,0.564,0.064,0.1,0.228,0.68,0.152,0.74
152,2,0.204,1.0,0.256,0.08,-0.004,0.36,-0.08,0.72
153,7,0.184,0.768,-0.064,-0.152,-0.024,0.552,0.92,0.912
154,7,0.164,0.536,-0.384,-0.384,-0.044,0.744,1.0,1.0
155,4,-0.068,0.516,-0.192,0.616,0.148,0.724,0.768,0.68
156,4,-0.3,0.496,-0.0,1.0,0.34,0.704,0.536,0.36
157,1,0.7,0.688,-0.02,0.768,0.02,0.472,0.516,0.552
158,1,1.0,0.88,-0.04,0.536,-0.3,0.24,0.496,0.744
159,5,0.68,0.648,-0.06,0.728,0.7,0.432,0.476,0.512
160,5,0.36,0.416,-0.08,0.92,1.0,0.624,0.456,0.28
161,3,0.34,0.608,0.92,1.0,0.98,0.392,0.136,0.048
162,3,0.32,0.8,1.0,1.0,0.96,0.16,-0.184,-0.184
163,7,0.3,0.568,0.68,0.768,0.94,0.352,0.816,0.008
164,7,0.28,0.336,0.36,0.536,0.92,0.544,1.0,0.2
165,,0.26,0.316,0.34,0.516,0.9,0.524,0.98,0.18
166,,0.24,0.296,0.32,0.496,0.88,0.504,0.96,0.16
167,,0.22,0.276,0.3,0.476,0.86,0.484,0.94,0.14
168,,0.2,0.256,0.28,0.456,0.84,0.464,0.92,0.12
169,,0.18,0.236,0.26,0.436,0.82,0.444,0.9,0.1
170,,0.16,0.216,0.24,0.416,0.8,0.424,0.88,0.08
171,,0.14,0.196,0.22,0.396,0.78,0.404,0.86,0.06
172,,0.12,0.176,0.2,0.376,0.76,0.384,0.84,0.04
173,,0.1,0.156,0.18,0.356,0.74,0.364,0.82,0.02
174,,0.08,0.136,0.16,0.336,0.72,0.344,0.8,0.0
175,,0.06,0.116,0.14,0.316,0.7,0.324,0.78,-0.02
176,8,0.252,0.096,-0.092,-0.004,0.468,0.304,0.972,0.98
177,8,0.444,0.076,-0.324,-0.324,0.236,0.284,1.0,1.0
178,3,0.424,0.268,0.676,-0.132,0.216,0.052,0.68,0.768
179,3,0.404,0.46,1.0,0.06,0.196,-0.18,0.36,0.536
180,6,0.172,0.14,0.768,0.04,0.388,0.82,0.552,0.516
181,6,-0.06,-0.18,0.536,0.02,0.58,1.0,0.744,0.496
182,2,0.132,0.82,0.728,0.0,0.348,0.68,0.512,0.476
183,2,0.324,1.0,0.92,-0.02,0.116,0.36,0.28,0.456
184,4,0.092,0.98,1.0,0.98,0.308,0.34,0.048,0.136
185,4,-0.14,0.96,1.0,1.0,0.5,0.32,-0.184,-0.184
186,8,0.052,0.94,0.768,0.68,0.268,0.3,0.008,0.816
187,8,0.244,0.92,0.536,0.36,0.036,0.28,0.2,1.0
188,,0.224,0.9,0.516,0.34,0.016,0.26,0.18,0.98
189,,0.204,0.88,0.496,0.32,-0.004,0.24,0.16,0.96
190,5,-0.116,0.648,0.476,0.512,0.996,0.432,0.14,0.728
191,5,-0.436,0.416,0.456,0.704,1.0,0.624,0.12,0.496
192,1,0.564,0.608,0.436,0.472,0.68,0.392,0.1,0.688
193,1,1.0,0.8,0.416,0.24,0.36,0.16,0.08,0.88
194,,0.98,0.78,0.396,0.22,0.34,0.14,0.06,0.86
195,,0.96,0.76,0.376,0.2,0.32,0.12,0.04,0.84
196,,0.94,0.74,0.356,0.18,0.3,0.1,0.02,0.82
197,,0.92,0.72,0.336,0.16,0.28,0.08,0.0,0.8
198,,0.9,0.7,0.316,0.14,0.26,0.06,-0.02,0.78
199,7,0.88,0.468,-0.004,-0.092,0.24,0.252,0.98,0.972
200,7,0.86,0.236,-0.324,-0.324,0.22,0.444,1.0,1.0
201,4,0.628,0.216,-0.132,0.676,0.412,0.424,0.768,0.68
202,4,0.396,0.196,0.06,1.0,0.604,0.404,0.536,0.36
203,,0.376,0.176,0.04,0.98,0.584,0.384,0.516,0.34
204,,0.356,0.156,0.02,0.96,0.564,0.364,0.496,0.32
205,,0.336,0.136,0.0,0.94,0.544,0.344,0.476,0.3
206,,0.316,0.116,-0.02,0.92,0.524,0.324,0.456,0.28
207,3,0.296,0.308,0.98,1.0,0.504,0.092,0.136,0.048
208,3,0.276,0.5,1.0,1.0,0.484,-0.14,-0.184,-0.184
209,8,0.468,0.48,0.768,0.68,0.252,-0.16,0.008,0.816
210,8,0.66,0.46,0.536,0.36,0.02,-0.18,0.2,1.0
211,6,0.428,0.14,0.304,0.34,0.212,0.82,0.392,0.98
212,6,0.196,-0.18,0.072,0.32,0.404,1.0,0.584,0.96
213,2,0.388,0.82,0.264,0.3,0.172,0.68,0.352,0.94
214,2,0.58,1.0,0.456,0.28,-0.06,0.36,0.12,0.92
215,5,0.26,0.768,0.436,0.472,0.94,0.552,0.1,0.688
216,5,-0.06,0.536,0.416,0.664,1.0,0.744,0.08,0.456
217,1,0.94,0.728,0.396,0.432,0.68,0.512,0.06,0.648
218,1,1.0,0.92,0.376,0.2,0.36,0.28,0.04,0.84
219,,0.98,0.9,0.356,0.18,0.34,0.26,0.02,0.82
220,,0.96,0.88,0.336,0.16,0.32,0.24,0.0,0.8
221,,0.94,0.86,0.316,0.14,0.3,0.22,-0.02,0.78
222,7,0.92,0.628,-0.004,-0.092,0.28,0.412,0.98,0.972
223,7,0.9,0.396,-0.324,-0.324,0.26,0.604,1.0,1.0
224,4,0.668,0.376,-0.132,0.676,0.452,0.584,0.768,0.68
225,4,0.436,0.356,0.06,1.0,0.644,0.564,0.536,0.36
226,,0.416,0.336,0.04,0.98,0.624,0.544,0.516,0.34
227,,0.396,0.316,0.02,0.96,0.604,0.524,0.496,0.32
228,,0.376,0.296,0.0,0.94,0.584,0.504,0.476,0.3
229,,0.356,0.276,-0.02,0.92,0.564,0.484,0.456,0.28
230,3,0.336,0.468,0.98,1.0,0.544,0.252,0.136,0.048
231,3,0.316,0.66,1.0,1.0,0.524,0.02,-0.184,-0.184
232,7,0.296,0.428,0.68,0.768,0.504,0.212,0.816,0.008
233,7,0.276,0.196,0.36,0.536,0.484,0.404,1.0,0.2
234,,0.256,0.176,0.34,0.516,0.464,0.384,0.98,0.18
235,,0.236,0.156,0.32,0.496,0.444,0.364,0.96,0.16
236,,0.216,0.136,0.3,0.476,0.424,0.344,0.94,0.14
237,,0.196,0.116,0.28,0.456,0.404,0.324,0.92,0.12
238,,0.176,0.096,0.26,0.436,0.384,0.304,0.9,0.1
239,,0.156,0.076,0.24,0.416,0.364,0.284,0.88,0.08
240,,0.136,0.056,0.22,0.396,0.344,0.264,0.86,0.06
241,,0.116,0.036,0.2,0.376,0.324,0.244,0.84,0.04
242,,0.096,0.016,0.18,0.356,0.304,0.224,0.82,0.02
243,,0.076,-0.004,0.16,0.336,0.284,0.204,0.8,0.0
244,2,0.268,0.996,0.352,0.316,0.052,-0.116,0.568,-0.02
245,2,0.46,1.0,0.544,0.296,-0.18,-0.436,0.336,-0.04
246,6,0.228,0.68,0.312,0.276,0.012,0.564,0.528,-0.06
247,6,-0.004,0.36,0.08,0.256,0.204,1.0,0.72,-0.08
248,8,0.188,0.34,-0.152,-0.064,-0.028,0.98,0.912,0.92
249,8,0.38,0.32,-0.384,-0.384,-0.26,0.96,1.0,1.0
250,4,0.148,0.3,-0.192,0.616,-0.068,0.94,0.768,0.68
251,4,-0.084,0.28,-0.0,1.0,0.124,0.92,0.536,0.36
252,1,0.916,0.472,-0.02,0.768,-0.196,0.688,0.516,0.552
253,1,1.0,0.664,-0.04,0.536,-0.516,0.456,0.496,0.744
254,5,0.68,0.432,-0.06,0.728,0.484,0.648,0.476,0.512
255,5,0.36,0.2,-0.08,0.92,1.0,0.84,0.456,0.28
256,3,0.34,0.392,0.92,1.0,0.98,0.608,0.136,0.048
257,3,0.32,0.584,1.0,1.0,0.96,0.376,-0.184,-0.184
258,7,0.3,0.352,0.68,0.768,0.94,0.568,0.816,0.008
259,7,0.28,0.12,0.36,0.536,0.92,0.76,1.0,0.2
260,,0.26,0.1,0.34,0.516,0.9,0.74,0.98,0.18
261,,0.24,0.08,0.32,0.496,0.88,0.72,0.96,0.16
262,,0.22,0.06,0.3,0.476,0.86,0.7,0.94,0.14
263,,0.2,0.04,0.28,0.456,0.84,0.68,0.92,0.12
264,,0.18,0.02,0.26,0.436,0.82,0.66,0.9,0.1
265,,0.16,0.0,0.24,0.416,0.8,0.64,0.88,0.08
266,,0.14,-0.02,0.22,0.396,0.78,0.62,0.86,0.06
267,2,0.332,0.98,0.412,0.376,0.548,0.3,0.628,0.04
268,2,0.524,1.0,0.604,0.356,0.316,-0.02,0.396,0.02
269,6,0.292,0.68,0.372,0.336,0.508,0.98,0.588,0.0
270,6,0.06,0.36,0.14,0.316,0.7,1.0,0.78,-0.02
271,8,0.252,0.34,-0.092,-0.004,0.468,0.98,0.972,0.98
272,8,0.444,0.32,-0.324,-0.324,0.236,0.96,1.0,1.0
273,4,0.212,0.3,-0.132,0.676,0.428,0.94,0.768,0.68
274,4,-0.02,0.28,0.06,1.0,0.62,0.92,0.536,0.36
275,1,0.98,0.472,0.04,0.768,0.3,0.688,0.516,0.552
276,1,1.0,0.664,0.02,0.536,-0.02,0.456,0.496,0.744
277,5,0.68,0.432,0.0,0.728,0.98,0.648,0.476,0.512
278,5,0.36,0.2,-0.02,0.92,1.0,0.84,0.456,0.28
279,3,0.34,0.392,0.98,1.0,0.98,0.608,0.136,0.048
280,3,0.32,0.584,1.0,1.0,0.96,0.376,-0.184,-0.184
281,7,0.3,0.352,0.68,0.768,0.94,0.568,0.816,0.008
282,7,0.28,0.12,0.36,0.536,0.92,0.76,1.0,0.2
283,,0.26,0.1,0.34,0.516,0.9,0.74,0.98,0.18
284,,0.24,0.08,0.32,0.496,0.88,0.72,0.96,0.16
285,,0.22,0.06,0.3,0.476,0.86,0.7,0.94,0.14
286,,0.2,0.04,0.28,0.456,0.84,0.68,0.92,0.12
287,,0.18,0.02,0.26,0.436,0.82,0.66,0.9,0.1
288,,0.16,0.0,0.24,0.416,0.8,0.64,0.88,0.08
289,,0.14,-0.02,0.22,0.396,0.78,0.62,0.86,0.06
290,2,0.332,0.98,0.412,0.376,0.548,0.3,0.628,0.04
291,2,0.524,1.0,0.604,0.356,0.316,-0.02,0.396,0.02
292,6,0.292,0.68,0.372,0.336,0.508,0.98,0.588,0.0
293,6,0.06,0.36,0.14,0.316,0.7,1.0,0.78,-0.02
294,8,0.252,0.34,-0.092,-0.004,0.468,0.98,0.972,0.98
295,8,0.444,0.32,-0.324,-0.324,0.236,0.96,1.0,1.0
296,4,0.212,0.3,-0.132,0.676,0.428,0.94,0.768,0.68
297,4,-0.02,0.28,0.06,1.0,0.62,0.92,0.536,0.36
298,1,0.98,0.472,0.04,0.768,0.3,0.688,0.516,0.552
299,1,1.0,0.664,0.02,0.536,-0.02,0.456,0.496,0.744
300,5,0.68,0.432,0.0,0.728,0.98,0.648,0.476,0.512
301,5,0.36,0.2,-0.02,0.92,1.0,0.84,0.456,0.28
302,3,0.34,0.392,0.98,1.0,0.98,0.608,0.136,0.048
303,3,0.32,0.584,1.0,1.0,0.96,0.376,-0.184,-0.184
304,8,0.512,0.564,0.768,0.68,0.728,0.356,0.008,0.816
305,8,0.704,0.544,0.536,0.36,0.496,0.336,0.2,1.0
306,,0.684,0.524,0.516,0.34,0.476,0.316,0.18,0.98
307,,0.664,0.504,0.496,0.32,0.456,0.296,0.16,0.96
308,,0.644,0.484,0.476,0.3,0.436,0.276,0.14,0.94
309,,0.624,0.464,0.456,0.28,0.416,0.256,0.12,0.92
310,,0.604,0.444,0.436,0.26,0.396,0.236,0.1,0.9
311,,0.584,0.424,0.416,0.24,0.376,0.216,0.08,0.88
312,,0.564,0.404,0.396,0.22,0.356,0.196,0.06,0.86
313,,0.544,0.384,0.376,0.2,0.336,0.176,0.04,0.84
314,,0.524,0.364,0.356,0.18,0.316,0.156,0.02,0.82
315,,0.504,0.344,0.336,0.16,0.296,0.136,0.0,0.8
316,,0.484,0.324,0.316,0.14,0.276,0.116,-0.02,0.78
317,7,0.464,0.092,-0.004,-0.092,0.256,0.308,0.98,0.972
318,7,0.444,-0.14,-0.324,-0.324,0.236,0.5,1.0,1.0
319,4,0.212,-0.16,-0.132,0.676,0.428,0.48,0.768,0.68
320,4,-0.02,-0.18,0.06,1.0,0.62,0.46,0.536,0.36
321,2,0.172,0.82,0.252,0.98,0.388,0.14,0.304,0.34
322,2,0.364,1.0,0.444,0.96,0.156,-0.18,0.072,0.32
323,6,0.132,0.68,0.212,0.94,0.348,0.82,0.264,0.3
324,6,-0.1,0.36,-0.02,0.92,0.54,1.0,0.456,0.28
325,1,0.9,0.552,-0.04,0.688,0.22,0.768,0.436,0.472
326,1,1.0,0.744,-0.06,0.456,-0.1,0.536,0.416,0.664
327,5,0.68,0.512,-0.08,0.648,0.9,0.728,0.396,0.432
328,5,0.36,0.28,-0.1,0.84,1.0,0.92,0.376,0.2
329,3,0.34,0.472,0.9,1.0,0.98,0.688,0.056,-0.032
330,3,0.32,0.664,1.0,1.0,0.96,0.456,-0.264,-0.264
331,8,0.512,0.644,0.768,0.68,0.728,0.436,-0.072,0.736
332,8,0.704,0.624,0.536,0.36,0.496,0.416,0.12,1.0
333,,0.684,0.604,0.516,0.34,0.476,0.396,0.1,0.98
334,,0.664,0.584,0.496,0.32,0.456,0.376,0.08,0.96
335,,0.644,0.564,0.476,0.3,0.436,0.356,0.06,0.94
336,,0.624,0.544,0.456,0.28,0.416,0.336,0.04,0.92
337,,0.604,0.524,0.436,0.26,0.396,0.316,0.02,0.9
338,,0.584,0.504,0.416,0.24,0.376,0.296,0.0,0.88
339,,0.564,0.484,0.396,0.22,0.356,0.276,-0.02,0.86
340,7,0.544,0.252,0.076,-0.012,0.336,0.468,0.98,1.0
341,7,0.524,0.02,-0.244,-0.244,0.316,0.66,1.0,1.0
342,3,0.504,0.212,0.756,-0.052,0.296,0.428,0.68,0.768
343,3,0.484,0.404,1.0,0.14,0.276,0.196,0.36,0.536
344,,0.464,0.384,0.98,0.12,0.256,0.176,0.34,0.516
345,,0.444,0.364,0.96,0.1,0.236,0.156,0.32,0.496
346,,0.424,0.344,0.94,0.08,0.216,0.136,0.3,0.476
347,,0.404,0.324,0.92,0.06,0.196,0.116,0.28,0.456
348,,0.384,0.304,0.9,0.04,0.176,0.096,0.26,0.436
349,,0.364,0.284,0.88,0.02,0.156,0.076,0.24,0.416
350,,0.344,0.264,0.86,0.0,0.136,0.056,0.22,0.396
351,,0.324,0.244,0.84,-0.02,0.116,0.036,0.2,0.376
352,4,0.092,0.224,1.0,0.98,0.308,0.016,-0.032,0.056
353,4,-0.14,0.204,1.0,1.0,0.5,-0.004,-0.264,-0.264
354,8,0.052,0.184,0.768,0.68,0.268,-0.024,-0.072,0.736
355,8,0.244,0.164,0.536,0.36,0.036,-0.044,0.12,1.0
356,6,0.012,-0.156,0.304,0.34,0.228,0.956,0.312,0.98
357,6,-0.22,-0.476,0.072,0.32,0.42,1.0,0.504,0.96
358,2,-0.028,0.524,0.264,0.3,0.188,0.68,0.272,0.94
359,2,0.164,1.0,0.456,0.28,-0.044,0.36,0.04,0.92
360,5,-0.156,0.768,0.436,0.472,0.956,0.552,0.02,0.688
361,5,-0.476,0.536,0.416,0.664,1.0,0.744,0.0,0.456
362,1,0.524,0.728,0.396,0.432,0.68,0.512,-0.02,0.648
363,1,1.0,0.92,0.376,0.2,0.36,0.28,-0.04,0.84
364,7,0.98,0.688,0.056,-0.032,0.34,0.472,0.96,1.0
365,7,0.96,0.456,-0.264,-0.264,0.32,0.664,1.0,1.0
366,3,0.94,0.648,0.736,-0.072,0.3,0.432,0.68,0.768
367,3,0.92,0.84,1.0,0.12,0.28,0.2,0.36,0.536
368,,0.9,0.82,0.98,0.1,0.26,0.18,0.34,0.516
369,,0.88,0.8,0.96,0.08,0.24,0.16,0.32,0.496
370,,0.86,0.78,0.94,0.06,0.22,0.14,0.3,0.476
371,,0.84,0.76,0.92,0.04,0.2,0.12,0.28,0.456
372,,0.82,0.74,0.9,0.02,0.18,0.1,0.26,0.436
373,,0.8,0.72,0.88,0.0,0.16,0.08,0.24,0.416
374,,0.78,0.7,0.86,-0.02,0.14,0.06,0.22,0.396
375,4,0.548,0.68,1.0,0.98,0.332,0.04,-0.012,0.076
376,4,0.316,0.66,1.0,1.0,0.524,0.02,-0.244,-0.244
377,7,0.296,0.428,0.68,0.768,0.504,0.212,0.756,-0.052
378,7,0.276,0.196,0.36,0.536,0.484,0.404,1.0,0.14
379,,0.256,0.176,0.34,0.516,0.464,0.384,0.98,0.12
380,,0.236,0.156,0.32,0.496,0.444,0.364,0.96,0.1
381,,0.216,0.136,0.3,0.476,0.424,0.344,0.94,0.08
382,,0.196,0.116,0.28,0.456,0.404,0.324,0.92,0.06
383,,0.176,0.096,0.26,0.436,0.384,0.304,0.9,0.04
384,,0.156,0.076,0.24,0.416,0.364,0.284,0.88,0.02
385,,0.136,0.056,0.22,0.396,0.344,0.264,0.86,0.0
386,,0.116,0.036,0.2,0.376,0.324,0.244,0.84,-0.02
387,8,0.308,0.016,-0.032,0.056,0.092,0.224,1.0,0.98
388,8,0.5,-0.004,-0.264,-0.264,-0.14,0.204,1.0,1.0
389,3,0.48,0.188,0.736,-0.072,-0.16,-0.028,0.68,0.768
390,3,0.46,0.38,1.0,0.12,-0.18,-0.26,0.36,0.536
391,6,0.228,0.06,0.768,0.1,0.012,0.74,0.552,0.516
392,6,-0.004,-0.26,0.536,0.08,0.204,1.0,0.744,0.496
393,2,0.188,0.74,0.728,0.06,-0.028,0.68,0.512,0.476
394,2,0.38,1.0,0.92,0.04,-0.26,0.36,0.28,0.456
395,5,0.06,0.768,0.9,0.232,0.74,0.552,0.26,0.224
396,5,-0.26,0.536,0.88,0.424,1.0,0.744,0.24,-0.008
397,1,0.74,0.728,0.86,0.192,0.68,0.512,0.22,0.184
398,1,1.0,0.92,0.84,-0.04,0.36,0.28,0.2,0.376
399,4,0.768,0.9,1.0,0.96,0.552,0.26,-0.032,0.056
400,4,0.536,0.88,1.0,1.0,0.744,0.24,-0.264,-0.264
401,7,0.516,0.648,0.68,0.768,0.724,0.432,0.736,-0.072
402,7,0.496,0.416,0.36,0.536,0.704,0.624,1.0,0.12
403,,0.476,0.396,0.34,0.516,0.684,0.604,0.98,0.1
404,,0.456,0.376,0.32,0.496,0.664,0.584,0.96,0.08
405,,0.436,0.356,0.3,0.476,0.644,0.564,0.94,0.06
406,,0.416,0.336,0.28,0.456,0.624,0.544,0.92,0.04
407,,0.396,0.316,0.26,0.436,0.604,0.524,0.9,0.02
408,,0.376,0.296,0.24,0.416,0.584,0.504,0.88,0.0
409,,0.356,0.276,0.22,0.396,0.564,0.484,0.86,-0.02
410,8,0.548,0.256,-0.012,0.076,0.332,0.464,1.0,0.98
411,8,0.74,0.236,-0.244,-0.244,0.1,0.444,1.0,1.0
412,4,0.508,0.216,-0.052,0.756,0.292,0.424,0.768,0.68
413,4,0.276,0.196,0.14,1.0,0.484,0.404,0.536,0.36
414,,0.256,0.176,0.12,0.98,0.464,0.384,0.516,0.34
415,,0.236,0.156,0.1,0.96,0.444,0.364,0.496,0.32
416,,0.216,0.136,0.08,0.94,0.424,0.344,0.476,0.3
417,,0.196,0.116,0.06,0.92,0.404,0.324,0.456,0.28
418,,0.176,0.096,0.04,0.9,0.384,0.304,0.436,0.26
419,,0.156,0.076,0.02,0.88,0.364,0.284,0.416,0.24
420,,0.136,0.056,0.0,0.86,0.344,0.264,0.396,0.22
421,,0.116,0.036,-0.02,0.84,0.324,0.244,0.376,0.2
422,3,0.096,0.228,0.98,1.0,0.304,0.012,0.056,-0.032
423,3,0.076,0.42,1.0,1.0,0.284,-0.22,-0.264,-0.264
424,7,0.056,0.188,0.68,0.768,0.264,-0.028,0.736,-0.072
425,7,0.036,-0.044,0.36,0.536,0.244,0.164,1.0,0.12
426,2,0.228,0.956,0.552,0.516,0.012,-0.156,0.768,0.1
427,2,0.42,1.0,0.744,0.496,-0.22,-0.476,0.536,0.08
428,6,0.188,0.68,0.512,0.476,-0.028,0.524,0.728,0.06
429,6,-0.044,0.36,0.28,0.456,0.164,1.0,0.92,0.04
430,1,0.956,0.552,0.26,0.224,-0.156,0.768,0.9,0.232
431,1,1.0,0.744,0.24,-0.008,-0.476,0.536,0.88,0.424
432,5,0.68,0.512,0.22,0.184,0.524,0.728,0.86,0.192
433,5,0.36,0.28,0.2,0.376,1.0,0.92,0.84,-0.04
434,8,0.552,0.26,-0.032,0.056,0.768,0.9,1.0,0.96
435,8,0.744,0.24,-0.264,-0.264,0.536,0.88,1.0,1.0
436,3,0.724,0.432,0.736,-0.072,0.516,0.648,0.68,0.768
437,3,0.704,0.624,1.0,0.12,0.496,0.416,0.36,0.536
438,,0.684,0.604,0.98,0.1,0.476,0.396,0.34,0.516
439,,0.664,0.584,0.96,0.08,0.456,0.376,0.32,0.496
440,,0.644,0.564,0.94,0.06,0.436,0.356,0.3,0.476
441,,0.624,0.544,0.92,0.04,0.416,0.336,0.28,0.456
442,,0.604,0.524,0.9,0.02,0.396,0.316,0.26,0.436
443,,0.584,0.504,0.88,0.0,0.376,0.296,0.24,0.416
444,,0.564,0.484,0.86,-0.02,0.356,0.276,0.22,0.396
445,4,0.332,0.464,1.0,0.98,0.548,0.256,-0.012,0.076
446,4,0.1,0.444,1.0,1.0,0.74,0.236,-0.244,-0.244
447,7,0.08,0.212,0.68,0.768,0.72,0.428,0.756,-0.052
448,7,0.06,-0.02,0.36,0.536,0.7,0.62,1.0,0.14
449,2,0.252,0.98,0.552,0.516,0.468,0.3,0.768,0.12
450,2,0.444,1.0,0.744,0.496,0.236,-0.02,0.536,0.1
451,6,0.212,0.68,0.512,0.476,0.428,0.98,0.728,0.08
452,6,-0.02,0.36,0.28,0.456,0.62,1.0,0.92,0.06
453,1,0.98,0.552,0.26,0.224,0.3,0.768,0.9,0.252
454,1,1.0,0.744,0.24,-0.008,-0.02,0.536,0.88,0.444
455,5,0.68,0.512,0.22,0.184,0.98,0.728,0.86,0.212
456,5,0.36,0.28,0.2,0.376,1.0,0.92,0.84,-0.02
457,8,0.552,0.26,-0.032,0.056,0.768,0.9,1.0,0.98
458,8,0.744,0.24,-0.264,-0.264,0.536,0.88,1.0,1.0
459,4,0.512,0.22,-0.072,0.736,0.728,0.86,0.768,0.68
460,4,0.28,0.2,0.12,1.0,0.92,0.84,0.536,0.36
461,,0.26,0.18,0.1,0.98,0.9,0.82,0.516,0.34
462,,0.24,0.16,0.08,0.96,0.88,0.8,0.496,0.32
463,,0.22,0.14,0.06,0.94,0.86,0.78,0.476,0.3
464,,0.2,0.12,0.04,0.92,0.84,0.76,0.456,0.28
465,,0.18,0.1,0.02,0.9,0.82,0.74,0.436,0.26
466,,0.16,0.08,0.0,0.88,0.8,0.72,0.416,0.24
467,,0.14,0.06,-0.02,0.86,0.78,0.7,0.396,0.22
468,3,0.12,0.252,0.98,1.0,0.76,0.468,0.076,-0.012
469,3,0.1,0.444,1.0,1.0,0.74,0.236,-0.244,-0.244
470,8,0.292,0.424,0.768,0.68,0.508,0.216,-0.052,0.756
471,8,0.484,0.404,0.536,0.36,0.276,0.196,0.14,1.0
472,,0.464,0.384,0.516,0.34,0.256,0.176,0.12,0.98
473,,0.444,0.364,0.496,0.32,0.236,0.156,0.1,0.96
474,,0.424,0.344,0.476,0.3,0.216,0.136,0.08,0.94
475,,0.404,0.324,0.456,0.28,0.196,0.116,0.06,0.92
476,,0.384,0.304,0.436,0.26,0.176,0.096,0.04,0.9
477,,0.364,0.284,0.416,0.24,0.156,0.076,0.02,0.88
478,,0.344,0.264,0.396,0.22,0.136,0.056,0.0,0.86
479,,0.324,0.244,0.376,0.2,0.116,0.036,-0.02,0.84
480,7,0.304,0.012,0.056,-0.032,0.096,0.228,0.98,1.0
481,7,0.284,-0.22,-0.264,-0.264,0.076,0.42,1.0,1.0
482,4,0.052,-0.24,-0.072,0.736,0.268,0.4,0.768,0.68
483,4,-0.18,-0.26,0.12,1.0,0.46,0.38,0.536,0.36
484,2,0.012,0.74,0.312,0.98,0.228,0.06,0.304,0.34
485,2,0.204,1.0,0.504,0.96,-0.004,-0.26,0.072,0.32
486,6,-0.028,0.68,0.272,0.94,0.188,0.74,0.264,0.3
487,6,-0.26,0.36,0.04,0.92,0.38,1.0,0.456,0.28
488,1,0.74,0.552,0.02,0.688,0.06,0.768,0.436,0.472
489,1,1.0,0.744,0.0,0.456,-0.26,0.536,0.416,0.664
490,5,0.68,0.512,-0.02,0.648,0.74,0.728,0.396,0.432
491,5,0.36,0.28,-0.04,0.84,1.0,0.92,0.376,0.2
492,3,0.34,0.472,0.96,1.0,0.98,0.688,0.056,-0.032
493,3,0.32,0.664,1.0,1.0,0.96,0.456,-0.264,-0.264
494,8,0.512,0.644,0.768,0.68,0.728,0.436,-0.072,0.736
495,8,0.704,0.624,0.536,0.36,0.496,0.416,0.12,1.0
496,,0.684,0.604,0.516,0.34,0.476,0.396,0.1,0.98
497,,0.664,0.584,0.496,0.32,0.456,0.376,0.08,0.96
498,,0.644,0.564,0.476,0.3,0.436,0.356,0.06,0.94
499,,0.624,0.544,0.456,0.28,0.416,0.336,0.04,0.92
