step,active_motive,motive_1,motive_2,motive_3,motive_4,motive_5,motive_6,motive_7,motive_8
0,,0.06425,0.4056,0.41032,0.31297,0.41021,0.32574,0.10334,0.13698
1,,0.04425,0.3856,0.39032,0.29297,0.39021,0.30574,0.08334,0.11698
2,,0.02425,0.3656,0.37032,0.27297,0.37021,0.28574,0.06334,0.09698
3,,0.00425,0.3456,0.35032,0.25297,0.35021,0.26574,0.04334,0.07698
4,,-0.01575,0.3256,0.33032,0.23297,0.33021,0.24574,0.02334,0.05698
5,1,0.98425,0.5176,0.31032,0.00097,0.01021,0.01374,0.00334,0.24898
6,1,1.0,0.7096,0.29032,-0.23103,-0.30979,-0.21826,-0.01666,0.44098
7,5,0.68,0.4776,0.27032,-0.03903,0.69021,-0.02626,-0.03666,0.20898
8,5,0.36,0.2456,0.25032,0.15297,1.0,0.16574,-0.05666,-0.02302
9,7,0.34,0.0136,-0.06968,-0.07903,0.98,0.35774,0.94334,0.16898
10,7,0.32,-0.2184,-0.38968,-0.31103,0.96,0.54974,1.0,0.36098
11,3,0.3,-0.0264,0.61032,-0.11903,0.94,0.31774,0.68,0.12898
12,3,0.28,0.1656,1.0,0.07297,0.92,0.08574,0.36,-0.10302
13,8,0.472,0.1456,0.768,-0.24703,0.688,0.06574,0.552,0.89698
14,8,0.664,0.1256,0.536,-0.56703,0.456,0.04574,0.744,1.0
15,4,0.432,0.1056,0.728,0.43297,0.648,0.02574,0.512,0.68
16,4,0.2,0.0856,0.92,1.0,0.84,0.00574,0.28,0.36
17,,0.18,0.0656,0.9,0.98,0.82,-0.01426,0.26,0.34
18,6,-0.052,-0.2544,0.668,0.96,1.0,0.98574,0.452,0.32
19,6,-0.284,-0.5744,0.436,0.94,1.0,1.0,0.644,0.3
20,2,-0.092,0.4256,0.628,0.92,0.768,0.68,0.412,0.28
21,2,0.1,1.0,0.82,0.9,0.536,0.36,0.18,0.26
22,,0.08,0.98,0.8,0.88,0.516,0.34,0.16,0.24
23,,0.06,0.96,0.78,0.86,0.496,0.32,0.14,0.22
24,,0.04,0.94,0.76,0.84,0.476,0.3,0.12,0.2
25,,0.02,0.92,0.74,0.82,0.456,0.28,0.1,0.18
26,,0.0,0.9,0.72,0.8,0.436,0.26,0.08,0.16
27,,-0.02,0.88,0.7,0.78,0.416,0.24,0.06,0.14
28,1,0.98,1.0,0.68,0.548,0.096,0.008,0.04,0.332
29,1,1.0,1.0,0.66,0.316,-0.224,-0.224,0.02,0.524
30,6,0.768,0.68,0.428,0.296,-0.032,0.776,0.212,0.504
31,6,0.536,0.36,0.196,0.276,0.16,1.0,0.404,0.484
32,,0.516,0.34,0.176,0.256,0.14,0.98,0.384,0.464
33,,0.496,0.32,0.156,0.236,0.12,0.96,0.364,0.444
34,,0.476,0.3,0.136,0.216,0.1,0.94,0.344,0.424
35,,0.456,0.28,0.116,0.196,0.08,0.92,0.324,0.404
36,,0.436,0.26,0.096,0.176,0.06,0.9,0.304,0.384
37,,0.416,0.24,0.076,0.156,0.04,0.88,0.284,0.364
38,,0.396,0.22,0.056,0.136,0.02,0.86,0.264,0.344
39,,0.376,0.2,0.036,0.116,0.0,0.84,0.244,0.324
40,,0.356,0.18,0.016,0.096,-0.02,0.82,0.224,0.304
41,5,0.036,-0.052,-0.004,0.288,0.98,1.0,0.204,0.072
42,5,-0.284,-0.284,-0.024,0.48,1.0,1.0,0.184,-0.16
43,1,0.716,-0.092,-0.044,0.248,0.68,0.768,0.164,0.032
44,1,1.0,0.1,-0.064,0.016,0.36,0.536,0.144,0.224
45,3,0.98,0.292,0.936,0.208,0.34,0.304,-0.176,-0.008
46,3,0.96,0.484,1.0,0.4,0.32,0.072,-0.496,-0.24
47,7,0.94,0.252,0.68,0.168,0.3,0.264,0.504,-0.048
48,7,0.92,0.02,0.36,-0.064,0.28,0.456,1.0,0.144
49,4,0.688,0.0,0.552,0.936,0.472,0.436,0.768,-0.176
50,4,0.456,-0.02,0.744,1.0,0.664,0.416,0.536,-0.496
51,8,0.648,-0.04,0.512,0.68,0.432,0.396,0.728,0.504
52,8,0.84,-0.06,0.28,0.36,0.2,0.376,0.92,1.0
53,2,1.0,0.94,0.472,0.34,-0.032,0.056,0.688,0.98
54,2,1.0,1.0,0.664,0.32,-0.264,-0.264,0.456,0.96
55,6,0.768,0.68,0.432,0.3,-0.072,0.736,0.648,0.94
56,6,0.536,0.36,0.2,0.28,0.12,1.0,0.84,0.92
57,,0.516,0.34,0.18,0.26,0.1,0.98,0.82,0.9
58,,0.496,0.32,0.16,0.24,0.08,0.96,0.8,0.88
59,,0.476,0.3,0.14,0.22,0.06,0.94,0.78,0.86
60,,0.456,0.28,0.12,0.2,0.04,0.92,0.76,0.84
61,,0.436,0.26,0.1,0.18,0.02,0.9,0.74,0.82
62,,0.416,0.24,0.08,0.16,0.0,0.88,0.72,0.8
63,,0.396,0.22,0.06,0.14,-0.02,0.86,0.7,0.78
64,5,0.076,-0.012,0.04,0.332,0.98,1.0,0.68,0.548
65,5,-0.244,-0.244,0.02,0.524,1.0,1.0,0.66,0.316
66,2,-0.052,0.756,0.212,0.504,0.768,0.68,0.428,0.296
67,2,0.14,1.0,0.404,0.484,0.536,0.36,0.196,0.276
68,,0.12,0.98,0.384,0.464,0.516,0.34,0.176,0.256
69,,0.1,0.96,0.364,0.444,0.496,0.32,0.156,0.236
70,,0.08,0.94,0.344,0.424,0.476,0.3,0.136,0.216
71,,0.06,0.92,0.324,0.404,0.456,0.28,0.116,0.196
72,,0.04,0.9,0.304,0.384,0.436,0.26,0.096,0.176
73,,0.02,0.88,0.284,0.364,0.416,0.24,0.076,0.156
74,,0.0,0.86,0.264,0.344,0.396,0.22,0.056,0.136
75,,-0.02,0.84,0.244,0.324,0.376,0.2,0.036,0.116
76,1,0.98,1.0,0.224,0.092,0.056,-0.032,0.016,0.308
77,1,1.0,1.0,0.204,-0.14,-0.264,-0.264,-0.004,0.5
78,5,0.68,0.768,0.184,0.052,0.736,-0.072,-0.024,0.268
79,5,0.36,0.536,0.164,0.244,1.0,0.12,-0.044,0.036
80,7,0.34,0.304,-0.156,0.012,0.98,0.312,0.956,0.228
81,7,0.32,0.072,-0.476,-0.22,0.96,0.504,1.0,0.42
82,3,0.3,0.264,0.524,-0.028,0.94,0.272,0.68,0.188
83,3,0.28,0.456,1.0,0.164,0.92,0.04,0.36,-0.044
84,8,0.472,0.436,0.768,-0.156,0.688,0.02,0.552,0.956
85,8,0.664,0.416,0.536,-0.476,0.456,0.0,0.744,1.0
86,4,0.432,0.396,0.728,0.524,0.648,-0.02,0.512,0.68
87,4,0.2,0.376,0.92,1.0,0.84,-0.04,0.28,0.36
88,6,-0.032,0.056,0.688,0.98,1.0,0.96,0.472,0.34
89,6,-0.264,-0.264,0.456,0.96,1.0,1.0,0.664,0.32
90,1,0.736,-0.072,0.436,0.728,0.68,0.768,0.644,0.512
91,1,1.0,0.12,0.416,0.496,0.36,0.536,0.624,0.704
92,,0.98,0.1,0.396,0.476,0.34,0.516,0.604,0.684
93,,0.96,0.08,0.376,0.456,0.32,0.496,0.584,0.664
94,,0.94,0.06,0.356,0.436,0.3,0.476,0.564,0.644
95,,0.92,0.04,0.336,0.416,0.28,0.456,0.544,0.624
96,,0.9,0.02,0.316,0.396,0.26,0.436,0.524,0.604
97,,0.88,0.0,0.296,0.376,0.24,0.416,0.504,0.584
98,,0.86,-0.02,0.276,0.356,0.22,0.396,0.484,0.564
99,2,1.0,0.98,0.468,0.336,-0.012,0.076,0.252,0.544
100,2,1.0,1.0,0.66,0.316,-0.244,-0.244,0.02,0.524
101,6,0.768,0.68,0.428,0.296,-0.052,0.756,0.212,0.504
102,6,0.536,0.36,0.196,0.276,0.14,1.0,0.404,0.484
103,,0.516,0.34,0.176,0.256,0.12,0.98,0.384,0.464
104,,0.496,0.32,0.156,0.236,0.1,0.96,0.364,0.444
105,,0.476,0.3,0.136,0.216,0.08,0.94,0.344,0.424
106,,0.456,0.28,0.116,0.196,0.06,0.92,0.324,0.404
107,,0.436,0.26,0.096,0.176,0.04,0.9,0.304,0.384
108,,0.416,0.24,0.076,0.156,0.02,0.88,0.284,0.364
109,,0.396,0.22,0.056,0.136,0.0,0.86,0.264,0.344
110,,0.376,0.2,0.036,0.116,-0.02,0.84,0.244,0.324
111,5,0.056,-0.032,0.016,0.308,0.98,1.0,0.224,0.092
112,5,-0.264,-0.264,-0.004,0.5,1.0,1.0,0.204,-0.14
113,1,0.736,-0.072,-0.024,0.268,0.68,0.768,0.184,0.052
114,1,1.0,0.12,-0.044,0.036,0.36,0.536,0.164,0.244
115,3,0.98,0.312,0.956,0.228,0.34,0.304,-0.156,0.012
116,3,0.96,0.504,1.0,0.42,0.32,0.072,-0.476,-0.22
117,7,0.94,0.272,0.68,0.188,0.3,0.264,0.524,-0.028
118,7,0.92,0.04,0.36,-0.044,0.28,0.456,1.0,0.164
119,4,0.688,0.02,0.552,0.956,0.472,0.436,0.768,-0.156
120,4,0.456,0.0,0.744,1.0,0.664,0.416,0.536,-0.476
121,8,0.648,-0.02,0.512,0.68,0.432,0.396,0.728,0.524
122,8,0.84,-0.04,0.28,0.36,0.2,0.376,0.92,1.0
123,2,1.0,0.96,0.472,0.34,-0.032,0.056,0.688,0.98
124,2,1.0,1.0,0.664,0.32,-0.264,-0.264,0.456,0.96
125,5,0.68,0.768,0.644,0.512,0.736,-0.072,0.436,0.728
126,5,0.36,0.536,0.624,0.704,1.0,0.12,0.416,0.496
127,,0.34,0.516,0.604,0.684,0.98,0.1,0.396,0.476
128,,0.32,0.496,0.584,0.664,0.96,0.08,0.376,0.456
129,,0.3,0.476,0.564,0.644,0.94,0.06,0.356,0.436
130,,0.28,0.456,0.544,0.624,0.92,0.04,0.336,0.416
131,,0.26,0.436,0.524,0.604,0.9,0.02,0.316,0.396
132,,0.24,0.416,0.504,0.584,0.88,0.0,0.296,0.376
133,,0.22,0.396,0.484,0.564,0.86,-0.02,0.276,0.356
134,6,-0.012,0.076,0.252,0.544,1.0,0.98,0.468,0.336
135,6,-0.244,-0.244,0.02,0.524,1.0,1.0,0.66,0.316
136,1,0.756,-0.052,0.0,0.292,0.68,0.768,0.64,0.508
137,1,1.0,0.14,-0.02,0.06,0.36,0.536,0.62,0.7
138,3,0.98,0.332,0.98,0.252,0.34,0.304,0.3,0.468
139,3,0.96,0.524,1.0,0.444,0.32,0.072,-0.02,0.236
140,7,0.94,0.292,0.68,0.212,0.3,0.264,0.98,0.428
141,7,0.92,0.06,0.36,-0.02,0.28,0.456,1.0,0.62
142,4,0.688,0.04,0.552,0.98,0.472,0.436,0.768,0.3
143,4,0.456,0.02,0.744,1.0,0.664,0.416,0.536,-0.02
144,8,0.648,0.0,0.512,0.68,0.432,0.396,0.728,0.98
145,8,0.84,-0.02,0.28,0.36,0.2,0.376,0.92,1.0
146,2,1.0,0.98,0.472,0.34,-0.032,0.056,0.688,0.98
147,2,1.0,1.0,0.664,0.32,-0.264,-0.264,0.456,0.96
148,6,0.768,0.68,0.432,0.3,-0.072,0.736,0.648,0.94
149,6,0.536,0.36,0.2,0.28,0.12,1.0,0.84,0.92
150,,0.516,0.34,0.18,0.26,0.1,0.98,0.82,0.9
151,,0.496,0.32,0.16,0.24,0.08,0.96,0.8,0.88
152,,0.476,0.3,0.14,0.22,0.06,0.94,0.78,0.86
153,,0.456,0.28,0.12,0.2,0.04,0.92,0.76,0.84
154,,0.436,0.26,0.1,0.18,0.02,0.9,0.74,0.82
155,,0.416,0.24,0.08,0.16,0.0,0.88,0.72,0.8
156,,0.396,0.22,0.06,0.14,-0.02,0.86,0.7,0.78
157,5,0.076,-0.012,0.04,0.332,0.98,1.0,0.68,0.548
158,5,-0.244,-0.244,0.02,0.524,1.0,1.0,0.66,0.316
159,2,-0.052,0.756,0.212,0.504,0.768,0.68,0.428,0.296
160,2,0.14,1.0,0.404,0.484,0.536,0.36,0.196,0.276
161,,0.12,0.98,0.384,0.464,0.516,0.34,0.176,0.256
162,,0.1,0.96,0.364,0.444,0.496,0.32,0.156,0.236
163,,0.08,0.94,0.344,0.424,0.476,0.3,0.136,0.216
164,,0.06,0.92,0.324,0.404,0.456,0.28,0.116,0.196
165,,0.04,0.9,0.304,0.384,0.436,0.26,0.096,0.176
166,,0.02,0.88,0.284,0.364,0.416,0.24,0.076,0.156
167,,0.0,0.86,0.264,0.344,0.396,0.22,0.056,0.136
168,,-0.02,0.84,0.244,0.324,0.376,0.2,0.036,0.116
169,1,0.98,1.0,0.224,0.092,0.056,-0.032,0.016,0.308
170,1,1.0,1.0,0.204,-0.14,-0.264,-0.264,-0.004,0.5
171,5,0.68,0.768,0.184,0.052,0.736,-0.072,-0.024,0.268
172,5,0.36,0.536,0.164,0.244,1.0,0.12,-0.044,0.036
173,7,0.34,0.304,-0.156,0.012,0.98,0.312,0.956,0.228
174,7,0.32,0.072,-0.476,-0.22,0.96,0.504,1.0,0.42
175,3,0.3,0.264,0.524,-0.028,0.94,0.272,0.68,0.188
176,3,0.28,0.456,1.0,0.164,0.92,0.04,0.36,-0.044
177,8,0.472,0.436,0.768,-0.156,0.688,0.02,0.552,0.956
178,8,0.664,0.416,0.536,-0.476,0.456,0.0,0.744,1.0
179,4,0.432,0.396,0.728,0.524,0.648,-0.02,0.512,0.68
180,4,0.2,0.376,0.92,1.0,0.84,-0.04,0.28,0.36
181,6,-0.032,0.056,0.688,0.98,1.0,0.96,0.472,0.34
182,6,-0.264,-0.264,0.456,0.96,1.0,1.0,0.664,0.32
183,2,-0.072,0.736,0.648,0.94,0.768,0.68,0.432,0.3
184,2,0.12,1.0,0.84,0.92,0.536,0.36,0.2,0.28
185,,0.1,0.98,0.82,0.9,0.516,0.34,0.18,0.26
186,,0.08,0.96,0.8,0.88,0.496,0.32,0.16,0.24
187,,0.06,0.94,0.78,0.86,0.476,0.3,0.14,0.22
188,,0.04,0.92,0.76,0.84,0.456,0.28,0.12,0.2
189,,0.02,0.9,0.74,0.82,0.436,0.26,0.1,0.18
190,,0.0,0.88,0.72,0.8,0.416,0.24,0.08,0.16
191,,-0.02,0.86,0.7,0.78,0.396,0.22,0.06,0.14
192,1,0.98,1.0,0.68,0.548,0.076,-0.012,0.04,0.332
193,1,1.0,1.0,0.66,0.316,-0.244,-0.244,0.02,0.524
194,6,0.768,0.68,0.428,0.296,-0.052,0.756,0.212,0.504
195,6,0.536,0.36,0.196,0.276,0.14,1.0,0.404,0.484
196,,0.516,0.34,0.176,0.256,0.12,0.98,0.384,0.464
197,,0.496,0.32,0.156,0.236,0.1,0.96,0.364,0.444
198,,0.476,0.3,0.136,0.216,0.08,0.94,0.344,0.424
199,,0.456,0.28,0.116,0.196,0.06,0.92,0.324,0.404
200,,0.436,0.26,0.096,0.176,0.04,0.9,0.304,0.384
201,,0.416,0.24,0.076,0.156,0.02,0.88,0.284,0.364
202,,0.396,0.22,0.056,0.136,0.0,0.86,0.264,0.344
203,,0.376,0.2,0.036,0.116,-0.02,0.84,0.244,0.324
204,5,0.056,-0.032,0.016,0.308,0.98,1.0,0.224,0.092
205,5,-0.264,-0.264,-0.004,0.5,1.0,1.0,0.204,-0.14
206,2,-0.072,0.736,0.188,0.48,0.768,0.68,-0.028,-0.16
207,2,0.12,1.0,0.38,0.46,0.536,0.36,-0.26,-0.18
208,7,0.1,0.768,0.06,0.228,0.516,0.552,0.74,0.012
209,7,0.08,0.536,-0.26,-0.004,0.496,0.744,1.0,0.204
210,3,0.06,0.728,0.74,0.188,0.476,0.512,0.68,-0.028
211,3,0.04,0.92,1.0,0.38,0.456,0.28,0.36,-0.26
212,8,0.232,0.9,0.768,0.06,0.224,0.26,0.552,0.74
213,8,0.424,0.88,0.536,-0.26,-0.008,0.24,0.744,1.0
214,4,0.192,0.86,0.728,0.74,0.184,0.22,0.512,0.68
215,4,-0.04,0.84,0.92,1.0,0.376,0.2,0.28,0.36
216,1,0.96,1.0,0.9,0.768,0.056,-0.032,0.26,0.552
217,1,1.0,1.0,0.88,0.536,-0.264,-0.264,0.24,0.744
218,6,0.768,0.68,0.648,0.516,-0.072,0.736,0.432,0.724
219,6,0.536,0.36,0.416,0.496,0.12,1.0,0.624,0.704
220,,0.516,0.34,0.396,0.476,0.1,0.98,0.604,0.684
221,,0.496,0.32,0.376,0.456,0.08,0.96,0.584,0.664
222,,0.476,0.3,0.356,0.436,0.06,0.94,0.564,0.644
223,,0.456,0.28,0.336,0.416,0.04,0.92,0.544,0.624
224,,0.436,0.26,0.316,0.396,0.02,0.9,0.524,0.604
225,,0.416,0.24,0.296,0.376,0.0,0.88,0.504,0.584
226,,0.396,0.22,0.276,0.356,-0.02,0.86,0.484,0.564
227,5,0.076,-0.012,0.256,0.548,0.98,1.0,0.464,0.332
228,5,-0.244,-0.244,0.236,0.74,1.0,1.0,0.444,0.1
229,2,-0.052,0.756,0.428,0.72,0.768,0.68,0.212,0.08
230,2,0.14,1.0,0.62,0.7,0.536,0.36,-0.02,0.06
231,7,0.12,0.768,0.3,0.468,0.516,0.552,0.98,0.252
232,7,0.1,0.536,-0.02,0.236,0.496,0.744,1.0,0.444
233,3,0.08,0.728,0.98,0.428,0.476,0.512,0.68,0.212
234,3,0.06,0.92,1.0,0.62,0.456,0.28,0.36,-0.02
235,8,0.252,0.9,0.768,0.3,0.224,0.26,0.552,0.98
236,8,0.444,0.88,0.536,-0.02,-0.008,0.24,0.744,1.0
237,4,0.212,0.86,0.728,0.98,0.184,0.22,0.512,0.68
238,4,-0.02,0.84,0.92,1.0,0.376,0.2,0.28,0.36
239,1,0.98,1.0,0.9,0.768,0.056,-0.032,0.26,0.552
240,1,1.0,1.0,0.88,0.536,-0.264,-0.264,0.24,0.744
241,5,0.68,0.768,0.86,0.728,0.736,-0.072,0.22,0.512
242,5,0.36,0.536,0.84,0.92,1.0,0.12,0.2,0.28
243,,0.34,0.516,0.82,0.9,0.98,0.1,0.18,0.26
244,,0.32,0.496,0.8,0.88,0.96,0.08,0.16,0.24
245,,0.3,0.476,0.78,0.86,0.94,0.06,0.14,0.22
246,,0.28,0.456,0.76,0.84,0.92,0.04,0.12,0.2
247,,0.26,0.436,0.74,0.82,0.9,0.02,0.1,0.18
248,,0.24,0.416,0.72,0.8,0.88,0.0,0.08,0.16
249,,0.22,0.396,0.7,0.78,0.86,-0.02,0.06,0.14
250,6,-0.012,0.076,0.468,0.76,1.0,0.98,0.252,0.12
251,6,-0.244,-0.244,0.236,0.74,1.0,1.0,0.444,0.1
252,1,0.756,-0.052,0.216,0.508,0.68,0.768,0.424,0.292
253,1,1.0,0.14,0.196,0.276,0.36,0.536,0.404,0.484
254,,0.98,0.12,0.176,0.256,0.34,0.516,0.384,0.464
255,,0.96,0.1,0.156,0.236,0.32,0.496,0.364,0.444
256,,0.94,0.08,0.136,0.216,0.3,0.476,0.344,0.424
257,,0.92,0.06,0.116,0.196,0.28,0.456,0.324,0.404
258,,0.9,0.04,0.096,0.176,0.26,0.436,0.304,0.384
259,,0.88,0.02,0.076,0.156,0.24,0.416,0.284,0.364
260,,0.86,0.0,0.056,0.136,0.22,0.396,0.264,0.344
261,,0.84,-0.02,0.036,0.116,0.2,0.376,0.244,0.324
262,2,1.0,0.98,0.228,0.096,-0.032,0.056,0.012,0.304
263,2,1.0,1.0,0.42,0.076,-0.264,-0.264,-0.22,0.284
264,5,0.68,0.768,0.4,0.268,0.736,-0.072,-0.24,0.052
265,5,0.36,0.536,0.38,0.46,1.0,0.12,-0.26,-0.18
266,7,0.34,0.304,0.06,0.228,0.98,0.312,0.74,0.012
267,7,0.32,0.072,-0.26,-0.004,0.96,0.504,1.0,0.204
268,3,0.3,0.264,0.74,0.188,0.94,0.272,0.68,-0.028
269,3,0.28,0.456,1.0,0.38,0.92,0.04,0.36,-0.26
270,8,0.472,0.436,0.768,0.06,0.688,0.02,0.552,0.74
271,8,0.664,0.416,0.536,-0.26,0.456,0.0,0.744,1.0
272,4,0.432,0.396,0.728,0.74,0.648,-0.02,0.512,0.68
273,4,0.2,0.376,0.92,1.0,0.84,-0.04,0.28,0.36
274,6,-0.032,0.056,0.688,0.98,1.0,0.96,0.472,0.34
275,6,-0.264,-0.264,0.456,0.96,1.0,1.0,0.664,0.32
276,2,-0.072,0.736,0.648,0.94,0.768,0.68,0.432,0.3
277,2,0.12,1.0,0.84,0.92,0.536,0.36,0.2,0.28
278,,0.1,0.98,0.82,0.9,0.516,0.34,0.18,0.26
279,,0.08,0.96,0.8,0.88,0.496,0.32,0.16,0.24
280,,0.06,0.94,0.78,0.86,0.476,0.3,0.14,0.22
281,,0.04,0.92,0.76,0.84,0.456,0.28,0.12,0.2
282,,0.02,0.9,0.74,0.82,0.436,0.26,0.1,0.18
283,,0.0,0.88,0.72,0.8,0.416,0.24,0.08,0.16
284,,-0.02,0.86,0.7,0.78,0.396,0.22,0.06,0.14
285,1,0.98,1.0,0.68,0.548,0.076,-0.012,0.04,0.332
286,1,1.0,1.0,0.66,0.316,-0.244,-0.244,0.02,0.524
287,6,0.768,0.68,0.428,0.296,-0.052,0.756,0.212,0.504
288,6,0.536,0.36,0.196,0.276,0.14,1.0,0.404,0.484
289,,0.516,0.34,0.176,0.256,0.12,0.98,0.384,0.464
290,,0.496,0.32,0.156,0.236,0.1,0.96,0.364,0.444
291,,0.476,0.3,0.136,0.216,0.08,0.94,0.344,0.424
292,,0.456,0.28,0.116,0.196,0.06,0.92,0.324,0.404
293,,0.436,0.26,0.096,0.176,0.04,0.9,0.304,0.384
294,,0.416,0.24,0.076,0.156,0.02,0.88,0.284,0.364
295,,0.396,0.22,0.056,0.136,0.0,0.86,0.264,0.344
296,,0.376,0.2,0.036,0.116,-0.02,0.84,0.244,0.324
297,5,0.056,-0.032,0.016,0.308,0.98,1.0,0.224,0.092
298,5,-0.264,-0.264,-0.004,0.5,1.0,1.0,0.204,-0.14
299,1,0.736,-0.072,-0.024,0.268,0.68,0.768,0.184,0.052
300,1,1.0,0.12,-0.044,0.036,0.36,0.536,0.164,0.244
301,3,0.98,0.312,0.956,0.228,0.34,0.304,-0.156,0.012
302,3,0.96,0.504,1.0,0.42,0.32,0.072,-0.476,-0.22
303,7,0.94,0.272,0.68,0.188,0.3,0.264,0.524,-0.028
304,7,0.92,0.04,0.36,-0.044,0.28,0.456,1.0,0.164
305,4,0.688,0.02,0.552,0.956,0.472,0.436,0.768,-0.156
306,4,0.456,0.0,0.744,1.0,0.664,0.416,0.536,-0.476
307,8,0.648,-0.02,0.512,0.68,0.432,0.396,0.728,0.524
308,8,0.84,-0.04,0.28,0.36,0.2,0.376,0.92,1.0
309,2,1.0,0.96,0.472,0.34,-0.032,0.056,0.688,0.98
310,2,1.0,1.0,0.664,0.32,-0.264,-0.264,0.456,0.96
311,6,0.768,0.68,0.432,0.3,-0.072,0.736,0.648,0.94
312,6,0.536,0.36,0.2,0.28,0.12,1.0,0.84,0.92
313,,0.516,0.34,0.18,0.26,0.1,0.98,0.82,0.9
314,,0.496,0.32,0.16,0.24,0.08,0.96,0.8,0.88
315,,0.476,0.3,0.14,0.22,0.06,0.94,0.78,0.86
316,,0.456,0.28,0.12,0.2,0.04,0.92,0.76,0.84
317,,0.436,0.26,0.1,0.18,0.02,0.9,0.74,0.82
318,,0.416,0.24,0.08,0.16,0.0,0.88,0.72,0.8
319,,0.396,0.22,0.06,0.14,-0.02,0.86,0.7,0.78
320,5,0.076,-0.012,0.04,0.332,0.98,1.0,0.68,0.548
321,5,-0.244,-0.244,0.02,0.524,1.0,1.0,0.66,0.316
322,1,0.756,-0.052,0.0,0.292,0.68,0.768,0.64,0.508
323,1,1.0,0.14,-0.02,0.06,0.36,0.536,0.62,0.7
324,3,0.98,0.332,0.98,0.252,0.34,0.304,0.3,0.468
325,3,0.96,0.524,1.0,0.444,0.32,0.072,-0.02,0.236
326,7,0.94,0.292,0.68,0.212,0.3,0.264,0.98,0.428
327,7,0.92,0.06,0.36,-0.02,0.28,0.456,1.0,0.62
328,4,0.688,0.04,0.552,0.98,0.472,0.436,0.768,0.3
329,4,0.456,0.02,0.744,1.0,0.664,0.416,0.536,-0.02
330,8,0.648,0.0,0.512,0.68,0.432,0.396,0.728,0.98
331,8,0.84,-0.02,0.28,0.36,0.2,0.376,0.92,1.0
332,2,1.0,0.98,0.472,0.34,-0.032,0.056,0.688,0.98
333,2,1.0,1.0,0.664,0.32,-0.264,-0.264,0.456,0.96
334,5,0.68,0.768,0.644,0.512,0.736,-0.072,0.436,0.728
335,5,0.36,0.536,0.624,0.704,1.0,0.12,0.416,0.496
336,,0.34,0.516,0.604,0.684,0.98,0.1,0.396,0.476
337,,0.32,0.496,0.584,0.664,0.96,0.08,0.376,0.456
338,,0.3,0.476,0.564,0.644,0.94,0.06,0.356,0.436
339,,0.28,0.456,0.544,0.624,0.92,0.04,0.336,0.416
340,,0.26,0.436,0.524,0.604,0.9,0.02,0.316,0.396
341,,0.24,0.416,0.504,0.584,0.88,0.0,0.296,0.376
342,,0.22,0.396,0.484,0.564,0.86,-0.02,0.276,0.356
343,6,-0.012,0.076,0.252,0.544,1.0,0.98,0.468,0.336
344,6,-0.244,-0.244,0.02,0.524,1.0,1.0,0.66,0.316
345,1,0.756,-0.052,0.0,0.292,0.68,0.768,0.64,0.508
346,1,1.0,0.14,-0.02,0.06,0.36,0.536,0.62,0.7
347,3,0.98,0.332,0.98,0.252,0.34,0.304,0.3,0.468
348,3,0.96,0.524,1.0,0.444,0.32,0.072,-0.02,0.236
349,7,0.94,0.292,0.68,0.212,0.3,0.264,0.98,0.428
350,7,0.92,0.06,0.36,-0.02,0.28,0.456,1.0,0.62
351,4,0.688,0.04,0.552,0.98,0.472,0.436,0.768,0.3
352,4,0.456,0.02,0.744,1.0,0.664,0.416,0.536,-0.02
353,8,0.648,0.0,0.512,0.68,0.432,0.396,0.728,0.98
354,8,0.84,-0.02,0.28,0.36,0.2,0.376,0.92,1.0
355,2,1.0,0.98,0.472,0.34,-0.032,0.056,0.688,0.98
356,2,1.0,1.0,0.664,0.32,-0.264,-0.264,0.456,0.96
357,6,0.768,0.68,0.432,0.3,-0.072,0.736,0.648,0.94
358,6,0.536,0.36,0.2,0.28,0.12,1.0,0.84,0.92
359,,0.516,0.34,0.18,0.26,0.1,0.98,0.82,0.9
360,,0.496,0.32,0.16,0.24,0.08,0.96,0.8,0.88
361,,0.476,0.3,0.14,0.22,0.06,0.94,0.78,0.86
362,,0.456,0.28,0.12,0.2,0.04,0.92,0.76,0.84
363,,0.436,0.26,0.1,0.18,0.02,0.9,0.74,0.82
364,,0.416,0.24,0.08,0.16,0.0,0.88,0.72,0.8
365,,0.396,0.22,0.06,0.14,-0.02,0.86,0.7,0.78
366,5,0.076,-0.012,0.04,0.332,0.98,1.0,0.68,0.548
367,5,-0.244,-0.244,0.02,0.524,1.0,1.0,0.66,0.316
368,2,-0.052,0.756,0.212,0.504,0.768,0.68,0.428,0.296
369,2,0.14,1.0,0.404,0.484,0.536,0.36,0.196,0.276
370,,0.12,0.98,0.384,0.464,0.516,0.34,0.176,0.256
371,,0.1,0.96,0.364,0.444,0.496,0.32,0.156,0.236
372,,0.08,0.94,0.344,0.424,0.476,0.3,0.136,0.216
373,,0.06,0.92,0.324,0.404,0.456,0.28,0.116,0.196
374,,0.04,0.9,0.304,0.384,0.436,0.26,0.096,0.176
375,,0.02,0.88,0.284,0.364,0.416,0.24,0.076,0.156
376,,0.0,0.86,0.264,0.344,0.396,0.22,0.056,0.136
377,,-0.02,0.84,0.244,0.324,0.376,0.2,0.036,0.116
378,1,0.98,1.0,0.224,0.092,0.056,-0.032,0.016,0.308
379,1,1.0,1.0,0.204,-0.14,-0.264,-0.264,-0.004,0.5
380,5,0.68,0.768,0.184,0.052,0.736,-0.072,-0.024,0.268
381,5,0.36,0.536,0.164,0.244,1.0,0.12,-0.044,0.036
382,7,0.34,0.304,-0.156,0.012,0.98,0.312,0.956,0.228
383,7,0.32,0.072,-0.476,-0.22,0.96,0.504,1.0,0.42
384,3,0.3,0.264,0.524,-0.028,0.94,0.272,0.68,0.188
385,3,0.28,0.456,1.0,0.164,0.92,0.04,0.36,-0.044
386,8,0.472,0.436,0.768,-0.156,0.688,0.02,0.552,0.956
387,8,0.664,0.416,0.536,-0.476,0.456,0.0,0.744,1.0
388,4,0.432,0.396,0.728,0.524,0.648,-0.02,0.512,0.68
389,4,0.2,0.376,0.92,1.0,0.84,-0.04,0.28,0.36
390,6,-0.032,0.056,0.688,0.98,1.0,0.96,0.472,0.34
391,6,-0.264,-0.264,0.456,0.96,1.0,1.0,0.664,0.32
392,1,0.736,-0.072,0.436,0.728,0.68,0.768,0.644,0.512
393,1,1.0,0.12,0.416,0.496,0.36,0.536,0.624,0.704
394,,0.98,0.1,0.396,0.476,0.34,0.516,0.604,0.684
395,,0.96,0.08,0.376,0.456,0.32,0.496,0.584,0.664
396,,0.94,0.06,0.356,0.436,0.3,0.476,0.564,0.644
397,,0.92,0.04,0.336,0.416,0.28,0.456,0.544,0.624
398,,0.9,0.02,0.316,0.396,0.26,0.436,0.524,0.604
399,,0.88,0.0,0.296,0.376,0.24,0.416,0.504,0.584
400,,0.86,-0.02,0.276,0.356,0.22,0.396,0.484,0.564
401,2,1.0,0.98,0.468,0.336,-0.012,0.076,0.252,0.544
402,2,1.0,1.0,0.66,0.316,-0.244,-0.244,0.02,0.524
403,5,0.68,0.768,0.64,0.508,0.756,-0.052,0.0,0.292
404,5,0.36,0.536,0.62,0.7,1.0,0.14,-0.02,0.06
405,7,0.34,0.304,0.3,0.468,0.98,0.332,0.98,0.252
406,7,0.32,0.072,-0.02,0.236,0.96,0.524,1.0,0.444
407,3,0.3,0.264,0.98,0.428,0.94,0.292,0.68,0.212
408,3,0.28,0.456,1.0,0.62,0.92,0.06,0.36,-0.02
409,8,0.472,0.436,0.768,0.3,0.688,0.04,0.552,0.98
410,8,0.664,0.416,0.536,-0.02,0.456,0.02,0.744,1.0
411,4,0.432,0.396,0.728,0.98,0.648,0.0,0.512,0.68
412,4,0.2,0.376,0.92,1.0,0.84,-0.02,0.28,0.36
413,6,-0.032,0.056,0.688,0.98,1.0,0.98,0.472,0.34
414,6,-0.264,-0.264,0.456,0.96,1.0,1.0,0.664,0.32
415,1,0.736,-0.072,0.436,0.728,0.68,0.768,0.644,0.512
416,1,1.0,0.12,0.416,0.496,0.36,0.536,0.624,0.704
417,,0.98,0.1,0.396,0.476,0.34,0.516,0.604,0.684
418,,0.96,0.08,0.376,0.456,0.32,0.496,0.584,0.664
419,,0.94,0.06,0.356,0.436,0.3,0.476,0.564,0.644
420,,0.92,0.04,0.336,0.416,0.28,0.456,0.544,0.624
421,,0.9,0.02,0.316,0.396,0.26,0.436,0.524,0.604
422,,0.88,0.0,0.296,0.376,0.24,0.416,0.504,0.584
423,,0.86,-0.02,0.276,0.356,0.22,0.396,0.484,0.564
424,2,1.0,0.98,0.468,0.336,-0.012,0.076,0.252,0.544
425,2,1.0,1.0,0.66,0.316,-0.244,-0.244,0.02,0.524
426,6,0.768,0.68,0.428,0.296,-0.052,0.756,0.212,0.504
427,6,0.536,0.36,0.196,0.276,0.14,1.0,0.404,0.484
428,,0.516,0.34,0.176,0.256,0.12,0.98,0.384,0.464
429,,0.496,0.32,0.156,0.236,0.1,0.96,0.364,0.444
430,,0.476,0.3,0.136,0.216,0.08,0.94,0.344,0.424
431,,0.456,0.28,0.116,0.196,0.06,0.92,0.324,0.404
432,,0.436,0.26,0.096,0.176,0.04,0.9,0.304,0.384
433,,0.416,0.24,0.076,0.156,0.02,0.88,0.284,0.364
434,,0.396,0.22,0.056,0.136,0.0,0.86,0.264,0.344
435,,0.376,0.2,0.036,0.116,-0.02,0.84,0.244,0.324
436,5,0.056,-0.032,0.016,0.308,0.98,1.0,0.224,0.092
437,5,-0.264,-0.264,-0.004,0.5,1.0,1.0,0.204,-0.14
438,2,-0.072,0.736,0.188,0.48,0.768,0.68,-0.028,-0.16
439,2,0.12,1.0,0.38,0.46,0.536,0.36,-0.26,-0.18
440,7,0.1,0.768,0.06,0.228,0.516,0.552,0.74,0.012
441,7,0.08,0.536,-0.26,-0.004,0.496,0.744,1.0,0.204
442,3,0.06,0.728,0.74,0.188,0.476,0.512,0.68,-0.028
443,3,0.04,0.92,1.0,0.38,0.456,0.28,0.36,-0.26
444,8,0.232,0.9,0.768,0.06,0.224,0.26,0.552,0.74
445,8,0.424,0.88,0.536,-0.26,-0.008,0.24,0.744,1.0
446,4,0.192,0.86,0.728,0.74,0.184,0.22,0.512,0.68
447,4,-0.04,0.84,0.92,1.0,0.376,0.2,0.28,0.36
448,1,0.96,1.0,0.9,0.768,0.056,-0.032,0.26,0.552
449,1,1.0,1.0,0.88,0.536,-0.264,-0.264,0.24,0.744
450,5,0.68,0.768,0.86,0.728,0.736,-0.072,0.22,0.512
451,5,0.36,0.536,0.84,0.92,1.0,0.12,0.2,0.28
452,,0.34,0.516,0.82,0.9,0.98,0.1,0.18,0.26
453,,0.32,0.496,0.8,0.88,0.96,0.08,0.16,0.24
454,,0.3,0.476,0.78,0.86,0.94,0.06,0.14,0.22
455,,0.28,0.456,0.76,0.84,0.92,0.04,0.12,0.2
456,,0.26,0.436,0.74,0.82,0.9,0.02,0.1,0.18
457,,0.24,0.416,0.72,0.8,0.88,0.0,0.08,0.16
458,,0.22,0.396,0.7,0.78,0.86,-0.02,0.06,0.14
459,6,-0.012,0.076,0.468,0.76,1.0,0.98,0.252,0.12
460,6,-0.244,-0.244,0.236,0.74,1.0,1.0,0.444,0.1
461,1,0.756,-0.052,0.216,0.508,0.68,0.768,0.424,0.292
462,1,1.0,0.14,0.196,0.276,0.36,0.536,0.404,0.484
463,,0.98,0.12,0.176,0.256,0.34,0.516,0.384,0.464
464,,0.96,0.1,0.156,0.236,0.32,0.496,0.364,0.444
465,,0.94,0.08,0.136,0.216,0.3,0.476,0.344,0.424
466,,0.92,0.06,0.116,0.196,0.28,0.456,0.324,0.404
467,,0.9,0.04,0.096,0.176,0.26,0.436,0.304,0.384
468,,0.88,0.02,0.076,0.156,0.24,0.416,0.284,0.364
469,,0.86,0.0,0.056,0.136,0.22,0.396,0.264,0.344
470,,0.84,-0.02,0.036,0.116,0.2,0.376,0.244,0.324
471,2,1.0,0.98,0.228,0.096,-0.032,0.056,0.012,0.304
472,2,1.0,1.0,0.42,0.076,-0.264,-0.264,-0.22,0.284
473,6,0.768,0.68,0.188,0.056,-0.072,0.736,-0.028,0.264
474,6,0.536,0.36,-0.044,0.036,0.12,1.0,0.164,0.244
475,3,0.516,0.552,0.956,0.228,0.1,0.768,-0.156,0.012
476,3,0.496,0.744,1.0,0.42,0.08,0.536,-0.476,-0.22
477,7,0.476,0.512,0.68,0.188,0.06,0.728,0.524,-0.028
478,7,0.456,0.28,0.36,-0.044,0.04,0.92,1.0,0.164
479,4,0.224,0.26,0.552,0.956,0.232,0.9,0.768,-0.156
480,4,-0.008,0.24,0.744,1.0,0.424,0.88,0.536,-0.476
481,8,0.184,0.22,0.512,0.68,0.192,0.86,0.728,0.524
482,8,0.376,0.2,0.28,0.36,-0.04,0.84,0.92,1.0
483,5,0.056,-0.032,0.26,0.552,0.96,1.0,0.9,0.768
484,5,-0.264,-0.264,0.24,0.744,1.0,1.0,0.88,0.536
485,2,-0.072,0.736,0.432,0.724,0.768,0.68,0.648,0.516
486,2,0.12,1.0,0.624,0.704,0.536,0.36,0.416,0.496
487,,0.1,0.98,0.604,0.684,0.516,0.34,0.396,0.476
488,,0.08,0.96,0.584,0.664,0.496,0.32,0.376,0.456
489,,0.06,0.94,0.564,0.644,0.476,0.3,0.356,0.436
490,,0.04,0.92,0.544,0.624,0.456,0.28,0.336,0.416
491,,0.02,0.9,0.524,0.604,0.436,0.26,0.316,0.396
492,,0.0,0.88,0.504,0.584,0.416,0.24,0.296,0.376
493,,-0.02,0.86,0.484,0.564,0.396,0.22,0.276,0.356
494,1,0.98,1.0,0.464,0.332,0.076,-0.012,0.256,0.548
495,1,1.0,1.0,0.444,0.1,-0.244,-0.244,0.236,0.74
496,5,0.68,0.768,0.424,0.292,0.756,-0.052,0.216,0.508
497,5,0.36,0.536,0.404,0.484,1.0,0.14,0.196,0.276
498,,0.34,0.516,0.384,0.464,0.98,0.12,0.176,0.256
499,,0.32,0.496,0.364,0.444,0.96,0.1,0.156,0.236
