step,active_motive,motive_1,motive_2,motive_3,motive_4,motive_5,motive_6,motive_7,motive_8
0,,0.44602,0.31557,0.39741,0.25132,0.28845,0.24626,0.09762,0.36123
1,,0.42602,0.29557,0.37741,0.23132,0.26845,0.22626,0.07762,0.34123
2,,0.40602,0.27557,0.35741,0.21132,0.24845,0.20626,0.05762,0.32123
3,,0.38602,0.25557,0.33741,0.19132,0.22845,0.18626,0.03762,0.30123
4,,0.36602,0.23557,0.31741,0.17132,0.20845,0.16626,0.01762,0.28123
5,,0.34602,0.21557,0.29741,0.15132,0.18845,0.14626,-0.00238,0.26123
6,7,0.32602,-0.01643,-0.02259,-0.08068,0.16845,0.33826,0.99762,0.45323
7,7,0.30602,-0.24843,-0.34259,-0.31268,0.14845,0.53026,1.0,0.64523
8,3,0.28602,-0.05643,0.65741,-0.12068,0.12845,0.29826,0.68,0.41323
9,3,0.26602,0.13557,1.0,0.07132,0.10845,0.06626,0.36,0.18123
10,,0.24602,0.11557,0.98,0.05132,0.08845,0.04626,0.34,0.16123
11,,0.22602,0.09557,0.96,0.03132,0.06845,0.02626,0.32,0.14123
12,,0.20602,0.07557,0.94,0.01132,0.04845,0.00626,0.3,0.12123
13,,0.18602,0.05557,0.92,-0.00868,0.02845,-0.01374,0.28,0.10123
14,6,-0.04598,-0.26443,0.688,-0.02868,0.22045,0.98626,0.472,0.08123
15,6,-0.27798,-0.58443,0.456,-0.04868,0.41245,1.0,0.664,0.06123
16,2,-0.08598,0.41557,0.648,-0.06868,0.18045,0.68,0.432,0.04123
17,2,0.10602,1.0,0.84,-0.08868,-0.05155,0.36,0.2,0.02123
18,4,-0.12598,0.98,1.0,0.91132,0.14045,0.34,-0.032,-0.29877
19,4,-0.35798,0.96,1.0,1.0,0.33245,0.32,-0.264,-0.61877
20,8,-0.16598,0.94,0.768,0.68,0.10045,0.3,-0.072,0.38123
21,8,0.02602,0.92,0.536,0.36,-0.13155,0.28,0.12,1.0
22,5,-0.29398,0.688,0.516,0.552,0.86845,0.472,0.1,0.768
23,5,-0.61398,0.456,0.496,0.744,1.0,0.664,0.08,0.536
24,1,0.38602,0.648,0.476,0.512,0.68,0.432,0.06,0.728
25,1,1.0,0.84,0.456,0.28,0.36,0.2,0.04,0.92
26,,0.98,0.82,0.436,0.26,0.34,0.18,0.02,0.9
27,,0.96,0.8,0.416,0.24,0.32,0.16,0.0,0.88
28,,0.94,0.78,0.396,0.22,0.3,0.14,-0.02,0.86
29,7,0.92,0.548,0.076,-0.012,0.28,0.332,0.98,1.0
30,7,0.9,0.316,-0.244,-0.244,0.26,0.524,1.0,1.0
31,3,0.88,0.508,0.756,-0.052,0.24,0.292,0.68,0.768
32,3,0.86,0.7,1.0,0.14,0.22,0.06,0.36,0.536
33,,0.84,0.68,0.98,0.12,0.2,0.04,0.34,0.516
34,,0.82,0.66,0.96,0.1,0.18,0.02,0.32,0.496
35,,0.8,0.64,0.94,0.08,0.16,0.0,0.3,0.476
36,,0.78,0.62,0.92,0.06,0.14,-0.02,0.28,0.456
37,6,0.548,0.3,0.688,0.04,0.332,0.98,0.472,0.436
38,6,0.316,-0.02,0.456,0.02,0.524,1.0,0.664,0.416
39,2,0.508,0.98,0.648,0.0,0.292,0.68,0.432,0.396
40,2,0.7,1.0,0.84,-0.02,0.06,0.36,0.2,0.376
41,4,0.468,0.98,1.0,0.98,0.252,0.34,-0.032,0.056
42,4,0.236,0.96,1.0,1.0,0.444,0.32,-0.264,-0.264
43,8,0.428,0.94,0.768,0.68,0.212,0.3,-0.072,0.736
44,8,0.62,0.92,0.536,0.36,-0.02,0.28,0.12,1.0
45,5,0.3,0.688,0.516,0.552,0.98,0.472,0.1,0.768
46,5,-0.02,0.456,0.496,0.744,1.0,0.664,0.08,0.536
47,1,0.98,0.648,0.476,0.512,0.68,0.432,0.06,0.728
48,1,1.0,0.84,0.456,0.28,0.36,0.2,0.04,0.92
49,,0.98,0.82,0.436,0.26,0.34,0.18,0.02,0.9
50,,0.96,0.8,0.416,0.24,0.32,0.16,0.0,0.88
51,,0.94,0.78,0.396,0.22,0.3,0.14,-0.02,0.86
52,7,0.92,0.548,0.076,-0.012,0.28,0.332,0.98,1.0
53,7,0.9,0.316,-0.244,-0.244,0.26,0.524,1.0,1.0
54,3,0.88,0.508,0.756,-0.052,0.24,0.292,0.68,0.768
55,3,0.86,0.7,1.0,0.14,0.22,0.06,0.36,0.536
56,,0.84,0.68,0.98,0.12,0.2,0.04,0.34,0.516
57,,0.82,0.66,0.96,0.1,0.18,0.02,0.32,0.496
58,,0.8,0.64,0.94,0.08,0.16,0.0,0.3,0.476
59,,0.78,0.62,0.92,0.06,0.14,-0.02,0.28,0.456
60,6,0.548,0.3,0.688,0.04,0.332,0.98,0.472,0.436
61,6,0.316,-0.02,0.456,0.02,0.524,1.0,0.664,0.416
62,2,0.508,0.98,0.648,0.0,0.292,0.68,0.432,0.396
63,2,0.7,1.0,0.84,-0.02,0.06,0.36,0.2,0.376
64,4,0.468,0.98,1.0,0.98,0.252,0.34,-0.032,0.056
65,4,0.236,0.96,1.0,1.0,0.444,0.32,-0.264,-0.264
66,8,0.428,0.94,0.768,0.68,0.212,0.3,-0.072,0.736
67,8,0.62,0.92,0.536,0.36,-0.02,0.28,0.12,1.0
68,5,0.3,0.688,0.516,0.552,0.98,0.472,0.1,0.768
69,5,-0.02,0.456,0.496,0.744,1.0,0.664,0.08,0.536
70,1,0.98,0.648,0.476,0.512,0.68,0.432,0.06,0.728
71,1,1.0,0.84,0.456,0.28,0.36,0.2,0.04,0.92
72,,0.98,0.82,0.436,0.26,0.34,0.18,0.02,0.9
73,,0.96,0.8,0.416,0.24,0.32,0.16,0.0,0.88
74,,0.94,0.78,0.396,0.22,0.3,0.14,-0.02,0.86
75,7,0.92,0.548,0.076,-0.012,0.28,0.332,0.98,1.0
76,7,0.9,0.316,-0.244,-0.244,0.26,0.524,1.0,1.0
77,3,0.88,0.508,0.756,-0.052,0.24,0.292,0.68,0.768
78,3,0.86,0.7,1.0,0.14,0.22,0.06,0.36,0.536
79,,0.84,0.68,0.98,0.12,0.2,0.04,0.34,0.516
80,,0.82,0.66,0.96,0.1,0.18,0.02,0.32,0.496
81,,0.8,0.64,0.94,0.08,0.16,0.0,0.3,0.476
82,,0.78,0.62,0.92,0.06,0.14,-0.02,0.28,0.456
83,6,0.548,0.3,0.688,0.04,0.332,0.98,0.472,0.436
84,6,0.316,-0.02,0.456,0.02,0.524,1.0,0.664,0.416
85,2,0.508,0.98,0.648,0.0,0.292,0.68,0.432,0.396
86,2,0.7,1.0,0.84,-0.02,0.06,0.36,0.2,0.376
87,4,0.468,0.98,1.0,0.98,0.252,0.34,-0.032,0.056
88,4,0.236,0.96,1.0,1.0,0.444,0.32,-0.264,-0.264
89,8,0.428,0.94,0.768,0.68,0.212,0.3,-0.072,0.736
90,8,0.62,0.92,0.536,0.36,-0.02,0.28,0.12,1.0
91,5,0.3,0.688,0.516,0.552,0.98,0.472,0.1,0.768
92,5,-0.02,0.456,0.496,0.744,1.0,0.664,0.08,0.536
93,1,0.98,0.648,0.476,0.512,0.68,0.432,0.06,0.728
94,1,1.0,0.84,0.456,0.28,0.36,0.2,0.04,0.92
95,,0.98,0.82,0.436,0.26,0.34,0.18,0.02,0.9
96,,0.96,0.8,0.416,0.24,0.32,0.16,0.0,0.88
97,,0.94,0.78,0.396,0.22,0.3,0.14,-0.02,0.86
98,7,0.92,0.548,0.076,-0.012,0.28,0.332,0.98,1.0
99,7,0.9,0.316,-0.244,-0.244,0.26,0.524,1.0,1.0
100,3,0.88,0.508,0.756,-0.052,0.24,0.292,0.68,0.768
101,3,0.86,0.7,1.0,0.14,0.22,0.06,0.36,0.536
102,,0.84,0.68,0.98,0.12,0.2,0.04,0.34,0.516
103,,0.82,0.66,0.96,0.1,0.18,0.02,0.32,0.496
104,,0.8,0.64,0.94,0.08,0.16,0.0,0.3,0.476
105,,0.78,0.62,0.92,0.06,0.14,-0.02,0.28,0.456
106,6,0.548,0.3,0.688,0.04,0.332,0.98,0.472,0.436
107,6,0.316,-0.02,0.456,0.02,0.524,1.0,0.664,0.416
108,2,0.508,0.98,0.648,0.0,0.292,0.68,0.432,0.396
109,2,0.7,1.0,0.84,-0.02,0.06,0.36,0.2,0.376
110,4,0.468,0.98,1.0,0.98,0.252,0.34,-0.032,0.056
111,4,0.236,0.96,1.0,1.0,0.444,0.32,-0.264,-0.264
112,8,0.428,0.94,0.768,0.68,0.212,0.3,-0.072,0.736
113,8,0.62,0.92,0.536,0.36,-0.02,0.28,0.12,1.0
114,5,0.3,0.688,0.516,0.552,0.98,0.472,0.1,0.768
115,5,-0.02,0.456,0.496,0.744,1.0,0.664,0.08,0.536
116,1,0.98,0.648,0.476,0.512,0.68,0.432,0.06,0.728
117,1,1.0,0.84,0.456,0.28,0.36,0.2,0.04,0.92
118,,0.98,0.82,0.436,0.26,0.34,0.18,0.02,0.9
119,,0.96,0.8,0.416,0.24,0.32,0.16,0.0,0.88
120,,0.94,0.78,0.396,0.22,0.3,0.14,-0.02,0.86
121,7,0.92,0.548,0.076,-0.012,0.28,0.332,0.98,1.0
122,7,0.9,0.316,-0.244,-0.244,0.26,0.524,1.0,1.0
123,4,0.668,0.296,-0.052,0.756,0.452,0.504,0.768,0.68
124,4,0.436,0.276,0.14,1.0,0.644,0.484,0.536,0.36
125,,0.416,0.256,0.12,0.98,0.624,0.464,0.516,0.34
126,,0.396,0.236,0.1,0.96,0.604,0.444,0.496,0.32
127,,0.376,0.216,0.08,0.94,0.584,0.424,0.476,0.3
128,,0.356,0.196,0.06,0.92,0.564,0.404,0.456,0.28
129,,0.336,0.176,0.04,0.9,0.544,0.384,0.436,0.26
130,,0.316,0.156,0.02,0.88,0.524,0.364,0.416,0.24
131,,0.296,0.136,0.0,0.86,0.504,0.344,0.396,0.22
132,,0.276,0.116,-0.02,0.84,0.484,0.324,0.376,0.2
133,3,0.256,0.308,0.98,1.0,0.464,0.092,0.056,-0.032
134,3,0.236,0.5,1.0,1.0,0.444,-0.14,-0.264,-0.264
135,8,0.428,0.48,0.768,0.68,0.212,-0.16,-0.072,0.736
136,8,0.62,0.46,0.536,0.36,-0.02,-0.18,0.12,1.0
137,6,0.388,0.14,0.304,0.34,0.172,0.82,0.312,0.98
138,6,0.156,-0.18,0.072,0.32,0.364,1.0,0.504,0.96
139,2,0.348,0.82,0.264,0.3,0.132,0.68,0.272,0.94
140,2,0.54,1.0,0.456,0.28,-0.1,0.36,0.04,0.92
141,5,0.22,0.768,0.436,0.472,0.9,0.552,0.02,0.688
142,5,-0.1,0.536,0.416,0.664,1.0,0.744,0.0,0.456
143,1,0.9,0.728,0.396,0.432,0.68,0.512,-0.02,0.648
144,1,1.0,0.92,0.376,0.2,0.36,0.28,-0.04,0.84
145,7,0.98,0.688,0.056,-0.032,0.34,0.472,0.96,1.0
146,7,0.96,0.456,-0.264,-0.264,0.32,0.664,1.0,1.0
147,3,0.94,0.648,0.736,-0.072,0.3,0.432,0.68,0.768
148,3,0.92,0.84,1.0,0.12,0.28,0.2,0.36,0.536
149,,0.9,0.82,0.98,0.1,0.26,0.18,0.34,0.516
150,,0.88,0.8,0.96,0.08,0.24,0.16,0.32,0.496
151,,0.86,0.78,0.94,0.06,0.22,0.14,0.3,0.476
152,,0.84,0.76,0.92,0.04,0.2,0.12,0.28,0.456
153,,0.82,0.74,0.9,0.02,0.18,0.1,0.26,0.436
154,,0.8,0.72,0.88,0.0,0.16,0.08,0.24,0.416
155,,0.78,0.7,0.86,-0.02,0.14,0.06,0.22,0.396
156,4,0.548,0.68,1.0,0.98,0.332,0.04,-0.012,0.076
157,4,0.316,0.66,1.0,1.0,0.524,0.02,-0.244,-0.244
158,8,0.508,0.64,0.768,0.68,0.292,0.0,-0.052,0.756
159,8,0.7,0.62,0.536,0.36,0.06,-0.02,0.14,1.0
160,6,0.468,0.3,0.304,0.34,0.252,0.98,0.332,0.98
161,6,0.236,-0.02,0.072,0.32,0.444,1.0,0.524,0.96
162,2,0.428,0.98,0.264,0.3,0.212,0.68,0.292,0.94
163,2,0.62,1.0,0.456,0.28,-0.02,0.36,0.06,0.92
164,5,0.3,0.768,0.436,0.472,0.98,0.552,0.04,0.688
165,5,-0.02,0.536,0.416,0.664,1.0,0.744,0.02,0.456
166,1,0.98,0.728,0.396,0.432,0.68,0.512,0.0,0.648
167,1,1.0,0.92,0.376,0.2,0.36,0.28,-0.02,0.84
168,7,0.98,0.688,0.056,-0.032,0.34,0.472,0.98,1.0
169,7,0.96,0.456,-0.264,-0.264,0.32,0.664,1.0,1.0
170,3,0.94,0.648,0.736,-0.072,0.3,0.432,0.68,0.768
171,3,0.92,0.84,1.0,0.12,0.28,0.2,0.36,0.536
172,,0.9,0.82,0.98,0.1,0.26,0.18,0.34,0.516
173,,0.88,0.8,0.96,0.08,0.24,0.16,0.32,0.496
174,,0.86,0.78,0.94,0.06,0.22,0.14,0.3,0.476
175,,0.84,0.76,0.92,0.04,0.2,0.12,0.28,0.456
176,,0.82,0.74,0.9,0.02,0.18,0.1,0.26,0.436
177,,0.8,0.72,0.88,0.0,0.16,0.08,0.24,0.416
178,,0.78,0.7,0.86,-0.02,0.14,0.06,0.22,0.396
179,4,0.548,0.68,1.0,0.98,0.332,0.04,-0.012,0.076
180,4,0.316,0.66,1.0,1.0,0.524,0.02,-0.244,-0.244
181,8,0.508,0.64,0.768,0.68,0.292,0.0,-0.052,0.756
182,8,0.7,0.62,0.536,0.36,0.06,-0.02,0.14,1.0
183,6,0.468,0.3,0.304,0.34,0.252,0.98,0.332,0.98
184,6,0.236,-0.02,0.072,0.32,0.444,1.0,0.524,0.96
185,2,0.428,0.98,0.264,0.3,0.212,0.68,0.292,0.94
186,2,0.62,1.0,0.456,0.28,-0.02,0.36,0.06,0.92
187,5,0.3,0.768,0.436,0.472,0.98,0.552,0.04,0.688
188,5,-0.02,0.536,0.416,0.664,1.0,0.744,0.02,0.456
189,1,0.98,0.728,0.396,0.432,0.68,0.512,0.0,0.648
190,1,1.0,0.92,0.376,0.2,0.36,0.28,-0.02,0.84
191,7,0.98,0.688,0.056,-0.032,0.34,0.472,0.98,1.0
192,7,0.96,0.456,-0.264,-0.264,0.32,0.664,1.0,1.0
193,3,0.94,0.648,0.736,-0.072,0.3,0.432,0.68,0.768
194,3,0.92,0.84,1.0,0.12,0.28,0.2,0.36,0.536
195,,0.9,0.82,0.98,0.1,0.26,0.18,0.34,0.516
196,,0.88,0.8,0.96,0.08,0.24,0.16,0.32,0.496
197,,0.86,0.78,0.94,0.06,0.22,0.14,0.3,0.476
198,,0.84,0.76,0.92,0.04,0.2,0.12,0.28,0.456
199,,0.82,0.74,0.9,0.02,0.18,0.1,0.26,0.436
200,,0.8,0.72,0.88,0.0,0.16,0.08,0.24,0.416
201,,0.78,0.7,0.86,-0.02,0.14,0.06,0.22,0.396
202,4,0.548,0.68,1.0,0.98,0.332,0.04,-0.012,0.076
203,4,0.316,0.66,1.0,1.0,0.524,0.02,-0.244,-0.244
204,8,0.508,0.64,0.768,0.68,0.292,0.0,-0.052,0.756
205,8,0.7,0.62,0.536,0.36,0.06,-0.02,0.14,1.0
206,6,0.468,0.3,0.304,0.34,0.252,0.98,0.332,0.98
207,6,0.236,-0.02,0.072,0.32,0.444,1.0,0.524,0.96
208,2,0.428,0.98,0.264,0.3,0.212,0.68,0.292,0.94
209,2,0.62,1.0,0.456,0.28,-0.02,0.36,0.06,0.92
210,5,0.3,0.768,0.436,0.472,0.98,0.552,0.04,0.688
211,5,-0.02,0.536,0.416,0.664,1.0,0.744,0.02,0.456
212,1,0.98,0.728,0.396,0.432,0.68,0.512,0.0,0.648
213,1,1.0,0.92,0.376,0.2,0.36,0.28,-0.02,0.84
214,7,0.98,0.688,0.056,-0.032,0.34,0.472,0.98,1.0
215,7,0.96,0.456,-0.264,-0.264,0.32,0.664,1.0,1.0
216,3,0.94,0.648,0.736,-0.072,0.3,0.432,0.68,0.768
217,3,0.92,0.84,1.0,0.12,0.28,0.2,0.36,0.536
218,,0.9,0.82,0.98,0.1,0.26,0.18,0.34,0.516
219,,0.88,0.8,0.96,0.08,0.24,0.16,0.32,0.496
220,,0.86,0.78,0.94,0.06,0.22,0.14,0.3,0.476
221,,0.84,0.76,0.92,0.04,0.2,0.12,0.28,0.456
222,,0.82,0.74,0.9,0.02,0.18,0.1,0.26,0.436
223,,0.8,0.72,0.88,0.0,0.16,0.08,0.24,0.416
224,,0.78,0.7,0.86,-0.02,0.14,0.06,0.22,0.396
225,4,0.548,0.68,1.0,0.98,0.332,0.04,-0.012,0.076
226,4,0.316,0.66,1.0,1.0,0.524,0.02,-0.244,-0.244
227,7,0.296,0.428,0.68,0.768,0.504,0.212,0.756,-0.052
228,7,0.276,0.196,0.36,0.536,0.484,0.404,1.0,0.14
229,,0.256,0.176,0.34,0.516,0.464,0.384,0.98,0.12
230,,0.236,0.156,0.32,0.496,0.444,0.364,0.96,0.1
231,,0.216,0.136,0.3,0.476,0.424,0.344,0.94,0.08
232,,0.196,0.116,0.28,0.456,0.404,0.324,0.92,0.06
233,,0.176,0.096,0.26,0.436,0.384,0.304,0.9,0.04
234,,0.156,0.076,0.24,0.416,0.364,0.284,0.88,0.02
235,,0.136,0.056,0.22,0.396,0.344,0.264,0.86,0.0
236,,0.116,0.036,0.2,0.376,0.324,0.244,0.84,-0.02
237,8,0.308,0.016,-0.032,0.056,0.092,0.224,1.0,0.98
238,8,0.5,-0.004,-0.264,-0.264,-0.14,0.204,1.0,1.0
239,4,0.268,-0.024,-0.072,0.736,0.052,0.184,0.768,0.68
240,4,0.036,-0.044,0.12,1.0,0.244,0.164,0.536,0.36
241,2,0.228,0.956,0.312,0.98,0.012,-0.156,0.304,0.34
242,2,0.42,1.0,0.504,0.96,-0.22,-0.476,0.072,0.32
243,6,0.188,0.68,0.272,0.94,-0.028,0.524,0.264,0.3
244,6,-0.044,0.36,0.04,0.92,0.164,1.0,0.456,0.28
245,1,0.956,0.552,0.02,0.688,-0.156,0.768,0.436,0.472
246,1,1.0,0.744,0.0,0.456,-0.476,0.536,0.416,0.664
247,5,0.68,0.512,-0.02,0.648,0.524,0.728,0.396,0.432
248,5,0.36,0.28,-0.04,0.84,1.0,0.92,0.376,0.2
249,3,0.34,0.472,0.96,1.0,0.98,0.688,0.056,-0.032
250,3,0.32,0.664,1.0,1.0,0.96,0.456,-0.264,-0.264
251,7,0.3,0.432,0.68,0.768,0.94,0.648,0.736,-0.072
252,7,0.28,0.2,0.36,0.536,0.92,0.84,1.0,0.12
253,,0.26,0.18,0.34,0.516,0.9,0.82,0.98,0.1
254,,0.24,0.16,0.32,0.496,0.88,0.8,0.96,0.08
255,,0.22,0.14,0.3,0.476,0.86,0.78,0.94,0.06
256,,0.2,0.12,0.28,0.456,0.84,0.76,0.92,0.04
257,,0.18,0.1,0.26,0.436,0.82,0.74,0.9,0.02
258,,0.16,0.08,0.24,0.416,0.8,0.72,0.88,0.0
259,,0.14,0.06,0.22,0.396,0.78,0.7,0.86,-0.02
260,8,0.332,0.04,-0.012,0.076,0.548,0.68,1.0,0.98
261,8,0.524,0.02,-0.244,-0.244,0.316,0.66,1.0,1.0
262,3,0.504,0.212,0.756,-0.052,0.296,0.428,0.68,0.768
263,3,0.484,0.404,1.0,0.14,0.276,0.196,0.36,0.536
264,,0.464,0.384,0.98,0.12,0.256,0.176,0.34,0.516
265,,0.444,0.364,0.96,0.1,0.236,0.156,0.32,0.496
266,,0.424,0.344,0.94,0.08,0.216,0.136,0.3,0.476
267,,0.404,0.324,0.92,0.06,0.196,0.116,0.28,0.456
268,,0.384,0.304,0.9,0.04,0.176,0.096,0.26,0.436
269,,0.364,0.284,0.88,0.02,0.156,0.076,0.24,0.416
270,,0.344,0.264,0.86,0.0,0.136,0.056,0.22,0.396
271,,0.324,0.244,0.84,-0.02,0.116,0.036,0.2,0.376
272,4,0.092,0.224,1.0,0.98,0.308,0.016,-0.032,0.056
273,4,-0.14,0.204,1.0,1.0,0.5,-0.004,-0.264,-0.264
274,8,0.052,0.184,0.768,0.68,0.268,-0.024,-0.072,0.736
275,8,0.244,0.164,0.536,0.36,0.036,-0.044,0.12,1.0
276,6,0.012,-0.156,0.304,0.34,0.228,0.956,0.312,0.98
277,6,-0.22,-0.476,0.072,0.32,0.42,1.0,0.504,0.96
278,2,-0.028,0.524,0.264,0.3,0.188,0.68,0.272,0.94
279,2,0.164,1.0,0.456,0.28,-0.044,0.36,0.04,0.92
280,5,-0.156,0.768,0.436,0.472,0.956,0.552,0.02,0.688
281,5,-0.476,0.536,0.416,0.664,1.0,0.744,0.0,0.456
282,1,0.524,0.728,0.396,0.432,0.68,0.512,-0.02,0.648
283,1,1.0,0.92,0.376,0.2,0.36,0.28,-0.04,0.84
284,7,0.98,0.688,0.056,-0.032,0.34,0.472,0.96,1.0
285,7,0.96,0.456,-0.264,-0.264,0.32,0.664,1.0,1.0
286,3,0.94,0.648,0.736,-0.072,0.3,0.432,0.68,0.768
287,3,0.92,0.84,1.0,0.12,0.28,0.2,0.36,0.536
288,,0.9,0.82,0.98,0.1,0.26,0.18,0.34,0.516
289,,0.88,0.8,0.96,0.08,0.24,0.16,0.32,0.496
290,,0.86,0.78,0.94,0.06,0.22,0.14,0.3,0.476
291,,0.84,0.76,0.92,0.04,0.2,0.12,0.28,0.456
292,,0.82,0.74,0.9,0.02,0.18,0.1,0.26,0.436
293,,0.8,0.72,0.88,0.0,0.16,0.08,0.24,0.416
294,,0.78,0.7,0.86,-0.02,0.14,0.06,0.22,0.396
295,4,0.548,0.68,1.0,0.98,0.332,0.04,-0.012,0.076
296,4,0.316,0.66,1.0,1.0,0.524,0.02,-0.244,-0.244
297,7,0.296,0.428,0.68,0.768,0.504,0.212,0.756,-0.052
298,7,0.276,0.196,0.36,0.536,0.484,0.404,1.0,0.14
299,,0.256,0.176,0.34,0.516,0.464,0.384,0.98,0.12
300,,0.236,0.156,0.32,0.496,0.444,0.364,0.96,0.1
301,,0.216,0.136,0.3,0.476,0.424,0.344,0.94,0.08
302,,0.196,0.116,0.28,0.456,0.404,0.324,0.92,0.06
303,,0.176,0.096,0.26,0.436,0.384,0.304,0.9,0.04
304,,0.156,0.076,0.24,0.416,0.364,0.284,0.88,0.02
305,,0.136,0.056,0.22,0.396,0.344,0.264,0.86,0.0
306,,0.116,0.036,0.2,0.376,0.324,0.244,0.84,-0.02
307,8,0.308,0.016,-0.032,0.056,0.092,0.224,1.0,0.98
308,8,0.5,-0.004,-0.264,-0.264,-0.14,0.204,1.0,1.0
309,3,0.48,0.188,0.736,-0.072,-0.16,-0.028,0.68,0.768
310,3,0.46,0.38,1.0,0.12,-0.18,-0.26,0.36,0.536
311,6,0.228,0.06,0.768,0.1,0.012,0.74,0.552,0.516
312,6,-0.004,-0.26,0.536,0.08,0.204,1.0,0.744,0.496
313,2,0.188,0.74,0.728,0.06,-0.028,0.68,0.512,0.476
314,2,0.38,1.0,0.92,0.04,-0.26,0.36,0.28,0.456
315,5,0.06,0.768,0.9,0.232,0.74,0.552,0.26,0.224
316,5,-0.26,0.536,0.88,0.424,1.0,0.744,0.24,-0.008
317,1,0.74,0.728,0.86,0.192,0.68,0.512,0.22,0.184
318,1,1.0,0.92,0.84,-0.04,0.36,0.28,0.2,0.376
319,4,0.768,0.9,1.0,0.96,0.552,0.26,-0.032,0.056
320,4,0.536,0.88,1.0,1.0,0.744,0.24,-0.264,-0.264
321,8,0.728,0.86,0.768,0.68,0.512,0.22,-0.072,0.736
322,8,0.92,0.84,0.536,0.36,0.28,0.2,0.12,1.0
323,,0.9,0.82,0.516,0.34,0.26,0.18,0.1,0.98
324,,0.88,0.8,0.496,0.32,0.24,0.16,0.08,0.96
325,,0.86,0.78,0.476,0.3,0.22,0.14,0.06,0.94
326,,0.84,0.76,0.456,0.28,0.2,0.12,0.04,0.92
327,,0.82,0.74,0.436,0.26,0.18,0.1,0.02,0.9
328,,0.8,0.72,0.416,0.24,0.16,0.08,0.0,0.88
329,,0.78,0.7,0.396,0.22,0.14,0.06,-0.02,0.86
330,7,0.76,0.468,0.076,-0.012,0.12,0.252,0.98,1.0
331,7,0.74,0.236,-0.244,-0.244,0.1,0.444,1.0,1.0
332,3,0.72,0.428,0.756,-0.052,0.08,0.212,0.68,0.768
333,3,0.7,0.62,1.0,0.14,0.06,-0.02,0.36,0.536
334,6,0.468,0.3,0.768,0.12,0.252,0.98,0.552,0.516
335,6,0.236,-0.02,0.536,0.1,0.444,1.0,0.744,0.496
336,2,0.428,0.98,0.728,0.08,0.212,0.68,0.512,0.476
337,2,0.62,1.0,0.92,0.06,-0.02,0.36,0.28,0.456
338,5,0.3,0.768,0.9,0.252,0.98,0.552,0.26,0.224
339,5,-0.02,0.536,0.88,0.444,1.0,0.744,0.24,-0.008
340,1,0.98,0.728,0.86,0.212,0.68,0.512,0.22,0.184
341,1,1.0,0.92,0.84,-0.02,0.36,0.28,0.2,0.376
342,4,0.768,0.9,1.0,0.98,0.552,0.26,-0.032,0.056
343,4,0.536,0.88,1.0,1.0,0.744,0.24,-0.264,-0.264
344,8,0.728,0.86,0.768,0.68,0.512,0.22,-0.072,0.736
345,8,0.92,0.84,0.536,0.36,0.28,0.2,0.12,1.0
346,,0.9,0.82,0.516,0.34,0.26,0.18,0.1,0.98
347,,0.88,0.8,0.496,0.32,0.24,0.16,0.08,0.96
348,,0.86,0.78,0.476,0.3,0.22,0.14,0.06,0.94
349,,0.84,0.76,0.456,0.28,0.2,0.12,0.04,0.92
350,,0.82,0.74,0.436,0.26,0.18,0.1,0.02,0.9
351,,0.8,0.72,0.416,0.24,0.16,0.08,0.0,0.88
352,,0.78,0.7,0.396,0.22,0.14,0.06,-0.02,0.86
353,7,0.76,0.468,0.076,-0.012,0.12,0.252,0.98,1.0
354,7,0.74,0.236,-0.244,-0.244,0.1,0.444,1.0,1.0
355,3,0.72,0.428,0.756,-0.052,0.08,0.212,0.68,0.768
356,3,0.7,0.62,1.0,0.14,0.06,-0.02,0.36,0.536
357,6,0.468,0.3,0.768,0.12,0.252,0.98,0.552,0.516
358,6,0.236,-0.02,0.536,0.1,0.444,1.0,0.744,0.496
359,2,0.428,0.98,0.728,0.08,0.212,0.68,0.512,0.476
360,2,0.62,1.0,0.92,0.06,-0.02,0.36,0.28,0.456
361,5,0.3,0.768,0.9,0.252,0.98,0.552,0.26,0.224
362,5,-0.02,0.536,0.88,0.444,1.0,0.744,0.24,-0.008
363,1,0.98,0.728,0.86,0.212,0.68,0.512,0.22,0.184
364,1,1.0,0.92,0.84,-0.02,0.36,0.28,0.2,0.376
365,4,0.768,0.9,1.0,0.98,0.552,0.26,-0.032,0.056
366,4,0.536,0.88,1.0,1.0,0.744,0.24,-0.264,-0.264
367,7,0.516,0.648,0.68,0.768,0.724,0.432,0.736,-0.072
368,7,0.496,0.416,0.36,0.536,0.704,0.624,1.0,0.12
369,,0.476,0.396,0.34,0.516,0.684,0.604,0.98,0.1
370,,0.456,0.376,0.32,0.496,0.664,0.584,0.96,0.08
371,,0.436,0.356,0.3,0.476,0.644,0.564,0.94,0.06
372,,0.416,0.336,0.28,0.456,0.624,0.544,0.92,0.04
373,,0.396,0.316,0.26,0.436,0.604,0.524,0.9,0.02
374,,0.376,0.296,0.24,0.416,0.584,0.504,0.88,0.0
375,,0.356,0.276,0.22,0.396,0.564,0.484,0.86,-0.02
376,8,0.548,0.256,-0.012,0.076,0.332,0.464,1.0,0.98
377,8,0.74,0.236,-0.244,-0.244,0.1,0.444,1.0,1.0
378,3,0.72,0.428,0.756,-0.052,0.08,0.212,0.68,0.768
379,3,0.7,0.62,1.0,0.14,0.06,-0.02,0.36,0.536
380,6,0.468,0.3,0.768,0.12,0.252,0.98,0.552,0.516
381,6,0.236,-0.02,0.536,0.1,0.444,1.0,0.744,0.496
382,2,0.428,0.98,0.728,0.08,0.212,0.68,0.512,0.476
383,2,0.62,1.0,0.92,0.06,-0.02,0.36,0.28,0.456
384,5,0.3,0.768,0.9,0.252,0.98,0.552,0.26,0.224
385,5,-0.02,0.536,0.88,0.444,1.0,0.744,0.24,-0.008
386,1,0.98,0.728,0.86,0.212,0.68,0.512,0.22,0.184
387,1,1.0,0.92,0.84,-0.02,0.36,0.28,0.2,0.376
388,4,0.768,0.9,1.0,0.98,0.552,0.26,-0.032,0.056
389,4,0.536,0.88,1.0,1.0,0.744,0.24,-0.264,-0.264
390,8,0.728,0.86,0.768,0.68,0.512,0.22,-0.072,0.736
391,8,0.92,0.84,0.536,0.36,0.28,0.2,0.12,1.0
392,,0.9,0.82,0.516,0.34,0.26,0.18,0.1,0.98
393,,0.88,0.8,0.496,0.32,0.24,0.16,0.08,0.96
394,,0.86,0.78,0.476,0.3,0.22,0.14,0.06,0.94
395,,0.84,0.76,0.456,0.28,0.2,0.12,0.04,0.92
396,,0.82,0.74,0.436,0.26,0.18,0.1,0.02,0.9
397,,0.8,0.72,0.416,0.24,0.16,0.08,0.0,0.88
398,,0.78,0.7,0.396,0.22,0.14,0.06,-0.02,0.86
399,7,0.76,0.468,0.076,-0.012,0.12,0.252,0.98,1.0
400,7,0.74,0.236,-0.244,-0.244,0.1,0.444,1.0,1.0
401,3,0.72,0.428,0.756,-0.052,0.08,0.212,0.68,0.768
402,3,0.7,0.62,1.0,0.14,0.06,-0.02,0.36,0.536
403,6,0.468,0.3,0.768,0.12,0.252,0.98,0.552,0.516
404,6,0.236,-0.02,0.536,0.1,0.444,1.0,0.744,0.496
405,2,0.428,0.98,0.728,0.08,0.212,0.68,0.512,0.476
406,2,0.62,1.0,0.92,0.06,-0.02,0.36,0.28,0.456
407,5,0.3,0.768,0.9,0.252,0.98,0.552,0.26,0.224
408,5,-0.02,0.536,0.88,0.444,1.0,0.744,0.24,-0.008
409,1,0.98,0.728,0.86,0.212,0.68,0.512,0.22,0.184
410,1,1.0,0.92,0.84,-0.02,0.36,0.28,0.2,0.376
411,4,0.768,0.9,1.0,0.98,0.552,0.26,-0.032,0.056
412,4,0.536,0.88,1.0,1.0,0.744,0.24,-0.264,-0.264
413,7,0.516,0.648,0.68,0.768,0.724,0.432,0.736,-0.072
414,7,0.496,0.416,0.36,0.536,0.704,0.624,1.0,0.12
415,,0.476,0.396,0.34,0.516,0.684,0.604,0.98,0.1
416,,0.456,0.376,0.32,0.496,0.664,0.584,0.96,0.08
417,,0.436,0.356,0.3,0.476,0.644,0.564,0.94,0.06
418,,0.416,0.336,0.28,0.456,0.624,0.544,0.92,0.04
419,,0.396,0.316,0.26,0.436,0.604,0.524,0.9,0.02
420,,0.376,0.296,0.24,0.416,0.584,0.504,0.88,0.0
421,,0.356,0.276,0.22,0.396,0.564,0.484,0.86,-0.02
422,8,0.548,0.256,-0.012,0.076,0.332,0.464,1.0,0.98
423,8,0.74,0.236,-0.244,-0.244,0.1,0.444,1.0,1.0
424,4,0.508,0.216,-0.052,0.756,0.292,0.424,0.768,0.68
425,4,0.276,0.196,0.14,1.0,0.484,0.404,0.536,0.36
426,,0.256,0.176,0.12,0.98,0.464,0.384,0.516,0.34
427,,0.236,0.156,0.1,0.96,0.444,0.364,0.496,0.32
428,,0.216,0.136,0.08,0.94,0.424,0.344,0.476,0.3
429,,0.196,0.116,0.06,0.92,0.404,0.324,0.456,0.28
430,,0.176,0.096,0.04,0.9,0.384,0.304,0.436,0.26
431,,0.156,0.076,0.02,0.88,0.364,0.284,0.416,0.24
432,,0.136,0.056,0.0,0.86,0.344,0.264,0.396,0.22
433,,0.116,0.036,-0.02,0.84,0.324,0.244,0.376,0.2
434,3,0.096,0.228,0.98,1.0,0.304,0.012,0.056,-0.032
435,3,0.076,0.42,1.0,1.0,0.284,-0.22,-0.264,-0.264
436,7,0.056,0.188,0.68,0.768,0.264,-0.028,0.736,-0.072
437,7,0.036,-0.044,0.36,0.536,0.244,0.164,1.0,0.12
438,2,0.228,0.956,0.552,0.516,0.012,-0.156,0.768,0.1
439,2,0.42,1.0,0.744,0.496,-0.22,-0.476,0.536,0.08
440,6,0.188,0.68,0.512,0.476,-0.028,0.524,0.728,0.06
441,6,-0.044,0.36,0.28,0.456,0.164,1.0,0.92,0.04
442,1,0.956,0.552,0.26,0.224,-0.156,0.768,0.9,0.232
443,1,1.0,0.744,0.24,-0.008,-0.476,0.536,0.88,0.424
444,5,0.68,0.512,0.22,0.184,0.524,0.728,0.86,0.192
445,5,0.36,0.28,0.2,0.376,1.0,0.92,0.84,-0.04
446,8,0.552,0.26,-0.032,0.056,0.768,0.9,1.0,0.96
447,8,0.744,0.24,-0.264,-0.264,0.536,0.88,1.0,1.0
448,4,0.512,0.22,-0.072,0.736,0.728,0.86,0.768,0.68
449,4,0.28,0.2,0.12,1.0,0.92,0.84,0.536,0.36
450,,0.26,0.18,0.1,0.98,0.9,0.82,0.516,0.34
451,,0.24,0.16,0.08,0.96,0.88,0.8,0.496,0.32
452,,0.22,0.14,0.06,0.94,0.86,0.78,0.476,0.3
453,,0.2,0.12,0.04,0.92,0.84,0.76,0.456,0.28
454,,0.18,0.1,0.02,0.9,0.82,0.74,0.436,0.26
455,,0.16,0.08,0.0,0.88,0.8,0.72,0.416,0.24
456,,0.14,0.06,-0.02,0.86,0.78,0.7,0.396,0.22
457,3,0.12,0.252,0.98,1.0,0.76,0.468,0.076,-0.012
458,3,0.1,0.444,1.0,1.0,0.74,0.236,-0.244,-0.244
459,8,0.292,0.424,0.768,0.68,0.508,0.216,-0.052,0.756
460,8,0.484,0.404,0.536,0.36,0.276,0.196,0.14,1.0
461,,0.464,0.384,0.516,0.34,0.256,0.176,0.12,0.98
462,,0.444,0.364,0.496,0.32,0.236,0.156,0.1,0.96
463,,0.424,0.344,0.476,0.3,0.216,0.136,0.08,0.94
464,,0.404,0.324,0.456,0.28,0.196,0.116,0.06,0.92
465,,0.384,0.304,0.436,0.26,0.176,0.096,0.04,0.9
466,,0.364,0.284,0.416,0.24,0.156,0.076,0.02,0.88
467,,0.344,0.264,0.396,0.22,0.136,0.056,0.0,0.86
468,,0.324,0.244,0.376,0.2,0.116,0.036,-0.02,0.84
469,7,0.304,0.012,0.056,-0.032,0.096,0.228,0.98,1.0
470,7,0.284,-0.22,-0.264,-0.264,0.076,0.42,1.0,1.0
471,3,0.264,-0.028,0.736,-0.072,0.056,0.188,0.68,0.768
472,3,0.244,0.164,1.0,0.12,0.036,-0.044,0.36,0.536
473,6,0.012,-0.156,0.768,0.1,0.228,0.956,0.552,0.516
474,6,-0.22,-0.476,0.536,0.08,0.42,1.0,0.744,0.496
475,2,-0.028,0.524,0.728,0.06,0.188,0.68,0.512,0.476
476,2,0.164,1.0,0.92,0.04,-0.044,0.36,0.28,0.456
477,5,-0.156,0.768,0.9,0.232,0.956,0.552,0.26,0.224
478,5,-0.476,0.536,0.88,0.424,1.0,0.744,0.24,-0.008
479,1,0.524,0.728,0.86,0.192,0.68,0.512,0.22,0.184
480,1,1.0,0.92,0.84,-0.04,0.36,0.28,0.2,0.376
481,4,0.768,0.9,1.0,0.96,0.552,0.26,-0.032,0.056
482,4,0.536,0.88,1.0,1.0,0.744,0.24,-0.264,-0.264
483,8,0.728,0.86,0.768,0.68,0.512,0.22,-0.072,0.736
484,8,0.92,0.84,0.536,0.36,0.28,0.2,0.12,1.0
485,,0.9,0.82,0.516,0.34,0.26,0.18,0.1,0.98
486,,0.88,0.8,0.496,0.32,0.24,0.16,0.08,0.96
487,,0.86,0.78,0.476,0.3,0.22,0.14,0.06,0.94
488,,0.84,0.76,0.456,0.28,0.2,0.12,0.04,0.92
489,,0.82,0.74,0.436,0.26,0.18,0.1,0.02,0.9
490,,0.8,0.72,0.416,0.24,0.16,0.08,0.0,0.88
491,,0.78,0.7,0.396,0.22,0.14,0.06,-0.02,0.86
492,7,0.76,0.468,0.076,-0.012,0.12,0.252,0.98,1.0
493,7,0.74,0.236,-0.244,-0.244,0.1,0.444,1.0,1.0
494,3,0.72,0.428,0.756,-0.052,0.08,0.212,0.68,0.768
495,3,0.7,0.62,1.0,0.14,0.06,-0.02,0.36,0.536
496,6,0.468,0.3,0.768,0.12,0.252,0.98,0.552,0.516
497,6,0.236,-0.02,0.536,0.1,0.444,1.0,0.744,0.496
498,2,0.428,0.98,0.728,0.08,0.212,0.68,0.512,0.476
499,2,0.62,1.0,0.92,0.06,-0.02,0.36,0.28,0.456
