step,active_motive,motive_1,motive_2,motive_3,motive_4,motive_5,motive_6,motive_7,motive_8
0,,0.29895,0.46094,0.04425,0.09799,0.02261,0.16267,0.19434,0.13567
1,,0.27895,0.44094,0.02425,0.07799,0.00261,0.14267,0.17434,0.11567
2,,0.25895,0.42094,0.00425,0.05799,-0.01739,0.12267,0.15434,0.09567
3,5,-0.06105,0.18894,-0.01575,0.24999,0.98261,0.31467,0.13434,-0.13633
4,5,-0.38105,-0.04306,-0.03575,0.44199,1.0,0.50667,0.11434,-0.36833
5,1,0.61895,0.14894,-0.05575,0.20999,0.68,0.27467,0.09434,-0.17633
6,1,1.0,0.34094,-0.07575,-0.02201,0.36,0.04267,0.07434,0.01567
7,3,0.98,0.53294,0.92425,0.16999,0.34,-0.18933,-0.24566,-0.21633
8,3,0.96,0.72494,1.0,0.36199,0.32,-0.42133,-0.56566,-0.44833
9,7,0.94,0.49294,0.68,0.12999,0.3,-0.22933,0.43434,-0.25633
10,7,0.92,0.26094,0.36,-0.10201,0.28,-0.03733,1.0,-0.06433
11,4,0.688,0.24094,0.552,0.89799,0.472,-0.05733,0.768,-0.38433
12,4,0.456,0.22094,0.744,1.0,0.664,-0.07733,0.536,-0.70433
13,8,0.648,0.20094,0.512,0.68,0.432,-0.09733,0.728,0.29567
14,8,0.84,0.18094,0.28,0.36,0.2,-0.11733,0.92,1.0
15,6,0.608,-0.13906,0.048,0.34,0.392,0.88267,1.0,0.98
16,6,0.376,-0.45906,-0.184,0.32,0.584,1.0,1.0,0.96
17,2,0.568,0.54094,0.008,0.3,0.352,0.68,0.768,0.94
18,2,0.76,1.0,0.2,0.28,0.12,0.36,0.536,0.92
19,,0.74,0.98,0.18,0.26,0.1,0.34,0.516,0.9
20,,0.72,0.96,0.16,0.24,0.08,0.32,0.496,0.88
21,,0.7,0.94,0.14,0.22,0.06,0.3,0.476,0.86
22,,0.68,0.92,0.12,0.2,0.04,0.28,0.456,0.84
23,,0.66,0.9,0.1,0.18,0.02,0.26,0.436,0.82
24,,0.64,0.88,0.08,0.16,0.0,0.24,0.416,0.8
25,,0.62,0.86,0.06,0.14,-0.02,0.22,0.396,0.78
26,5,0.3,0.628,0.04,0.332,0.98,0.412,0.376,0.548
27,5,-0.02,0.396,0.02,0.524,1.0,0.604,0.356,0.316
28,1,0.98,0.588,0.0,0.292,0.68,0.372,0.336,0.508
29,1,1.0,0.78,-0.02,0.06,0.36,0.14,0.316,0.7
30,3,0.98,0.972,0.98,0.252,0.34,-0.092,-0.004,0.468
31,3,0.96,1.0,1.0,0.444,0.32,-0.324,-0.324,0.236
32,6,0.728,0.68,0.768,0.424,0.512,0.676,-0.132,0.216
33,6,0.496,0.36,0.536,0.404,0.704,1.0,0.06,0.196
34,,0.476,0.34,0.516,0.384,0.684,0.98,0.04,0.176
35,,0.456,0.32,0.496,0.364,0.664,0.96,0.02,0.156
36,,0.436,0.3,0.476,0.344,0.644,0.94,0.0,0.136
37,,0.416,0.28,0.456,0.324,0.624,0.92,-0.02,0.116
38,7,0.396,0.048,0.136,0.092,0.604,1.0,0.98,0.308
39,7,0.376,-0.184,-0.184,-0.14,0.584,1.0,1.0,0.5
40,3,0.356,0.008,0.816,0.052,0.564,0.768,0.68,0.268
41,3,0.336,0.2,1.0,0.244,0.544,0.536,0.36,0.036
42,,0.316,0.18,0.98,0.224,0.524,0.516,0.34,0.016
43,,0.296,0.16,0.96,0.204,0.504,0.496,0.32,-0.004
44,8,0.488,0.14,0.728,-0.116,0.272,0.476,0.512,0.996
45,8,0.68,0.12,0.496,-0.436,0.04,0.456,0.704,1.0
46,4,0.448,0.1,0.688,0.564,0.232,0.436,0.472,0.68
47,4,0.216,0.08,0.88,1.0,0.424,0.416,0.24,0.36
48,,0.196,0.06,0.86,0.98,0.404,0.396,0.22,0.34
49,,0.176,0.04,0.84,0.96,0.384,0.376,0.2,0.32
50,,0.156,0.02,0.82,0.94,0.364,0.356,0.18,0.3
51,,0.136,0.0,0.8,0.92,0.344,0.336,0.16,0.28
52,,0.116,-0.02,0.78,0.9,0.324,0.316,0.14,0.26
53,2,0.308,0.98,0.972,0.88,0.092,-0.004,-0.092,0.24
54,2,0.5,1.0,1.0,0.86,-0.14,-0.324,-0.324,0.22
55,7,0.48,0.768,0.68,0.628,-0.16,-0.132,0.676,0.412
56,7,0.46,0.536,0.36,0.396,-0.18,0.06,1.0,0.604
57,5,0.14,0.304,0.34,0.588,0.82,0.252,0.98,0.372
58,5,-0.18,0.072,0.32,0.78,1.0,0.444,0.96,0.14
59,1,0.82,0.264,0.3,0.548,0.68,0.212,0.94,0.332
60,1,1.0,0.456,0.28,0.316,0.36,-0.02,0.92,0.524
61,6,0.768,0.136,0.048,0.296,0.552,0.98,1.0,0.504
62,6,0.536,-0.184,-0.184,0.276,0.744,1.0,1.0,0.484
63,2,0.728,0.816,0.008,0.256,0.512,0.68,0.768,0.464
64,2,0.92,1.0,0.2,0.236,0.28,0.36,0.536,0.444
65,,0.9,0.98,0.18,0.216,0.26,0.34,0.516,0.424
66,,0.88,0.96,0.16,0.196,0.24,0.32,0.496,0.404
67,,0.86,0.94,0.14,0.176,0.22,0.3,0.476,0.384
68,,0.84,0.92,0.12,0.156,0.2,0.28,0.456,0.364
69,,0.82,0.9,0.1,0.136,0.18,0.26,0.436,0.344
70,,0.8,0.88,0.08,0.116,0.16,0.24,0.416,0.324
71,,0.78,0.86,0.06,0.096,0.14,0.22,0.396,0.304
72,,0.76,0.84,0.04,0.076,0.12,0.2,0.376,0.284
73,,0.74,0.82,0.02,0.056,0.1,0.18,0.356,0.264
74,,0.72,0.8,0.0,0.036,0.08,0.16,0.336,0.244
75,,0.7,0.78,-0.02,0.016,0.06,0.14,0.316,0.224
76,3,0.68,0.972,0.98,0.208,0.04,-0.092,-0.004,-0.008
77,3,0.66,1.0,1.0,0.4,0.02,-0.324,-0.324,-0.24
78,7,0.64,0.768,0.68,0.168,0.0,-0.132,0.676,-0.048
79,7,0.62,0.536,0.36,-0.064,-0.02,0.06,1.0,0.144
80,4,0.388,0.516,0.552,0.936,0.172,0.04,0.768,-0.176
81,4,0.156,0.496,0.744,1.0,0.364,0.02,0.536,-0.496
82,8,0.348,0.476,0.512,0.68,0.132,0.0,0.728,0.504
83,8,0.54,0.456,0.28,0.36,-0.1,-0.02,0.92,1.0
84,5,0.22,0.224,0.26,0.552,0.9,0.172,0.9,0.768
85,5,-0.1,-0.008,0.24,0.744,1.0,0.364,0.88,0.536
86,1,0.9,0.184,0.22,0.512,0.68,0.132,0.86,0.728
87,1,1.0,0.376,0.2,0.28,0.36,-0.1,0.84,0.92
88,6,0.768,0.056,-0.032,0.26,0.552,0.9,1.0,0.9
89,6,0.536,-0.264,-0.264,0.24,0.744,1.0,1.0,0.88
90,3,0.516,-0.072,0.736,0.432,0.724,0.768,0.68,0.648
91,3,0.496,0.12,1.0,0.624,0.704,0.536,0.36,0.416
92,,0.476,0.1,0.98,0.604,0.684,0.516,0.34,0.396
93,,0.456,0.08,0.96,0.584,0.664,0.496,0.32,0.376
94,,0.436,0.06,0.94,0.564,0.644,0.476,0.3,0.356
95,,0.416,0.04,0.92,0.544,0.624,0.456,0.28,0.336
96,,0.396,0.02,0.9,0.524,0.604,0.436,0.26,0.316
97,,0.376,0.0,0.88,0.504,0.584,0.416,0.24,0.296
98,,0.356,-0.02,0.86,0.484,0.564,0.396,0.22,0.276
99,2,0.548,0.98,1.0,0.464,0.332,0.076,-0.012,0.256
100,2,0.74,1.0,1.0,0.444,0.1,-0.244,-0.244,0.236
101,7,0.72,0.768,0.68,0.212,0.08,-0.052,0.756,0.428
102,7,0.7,0.536,0.36,-0.02,0.06,0.14,1.0,0.62
103,4,0.468,0.516,0.552,0.98,0.252,0.12,0.768,0.3
104,4,0.236,0.496,0.744,1.0,0.444,0.1,0.536,-0.02
105,8,0.428,0.476,0.512,0.68,0.212,0.08,0.728,0.98
106,8,0.62,0.456,0.28,0.36,-0.02,0.06,0.92,1.0
107,5,0.3,0.224,0.26,0.552,0.98,0.252,0.9,0.768
108,5,-0.02,-0.008,0.24,0.744,1.0,0.444,0.88,0.536
109,1,0.98,0.184,0.22,0.512,0.68,0.212,0.86,0.728
110,1,1.0,0.376,0.2,0.28,0.36,-0.02,0.84,0.92
111,6,0.768,0.056,-0.032,0.26,0.552,0.98,1.0,0.9
112,6,0.536,-0.264,-0.264,0.24,0.744,1.0,1.0,0.88
113,2,0.728,0.736,-0.072,0.22,0.512,0.68,0.768,0.86
114,2,0.92,1.0,0.12,0.2,0.28,0.36,0.536,0.84
115,,0.9,0.98,0.1,0.18,0.26,0.34,0.516,0.82
116,,0.88,0.96,0.08,0.16,0.24,0.32,0.496,0.8
117,,0.86,0.94,0.06,0.14,0.22,0.3,0.476,0.78
118,,0.84,0.92,0.04,0.12,0.2,0.28,0.456,0.76
119,,0.82,0.9,0.02,0.1,0.18,0.26,0.436,0.74
120,,0.8,0.88,0.0,0.08,0.16,0.24,0.416,0.72
121,,0.78,0.86,-0.02,0.06,0.14,0.22,0.396,0.7
122,3,0.76,1.0,0.98,0.252,0.12,-0.012,0.076,0.468
123,3,0.74,1.0,1.0,0.444,0.1,-0.244,-0.244,0.236
124,6,0.508,0.68,0.768,0.424,0.292,0.756,-0.052,0.216
125,6,0.276,0.36,0.536,0.404,0.484,1.0,0.14,0.196
126,,0.256,0.34,0.516,0.384,0.464,0.98,0.12,0.176
127,,0.236,0.32,0.496,0.364,0.444,0.96,0.1,0.156
128,,0.216,0.3,0.476,0.344,0.424,0.94,0.08,0.136
129,,0.196,0.28,0.456,0.324,0.404,0.92,0.06,0.116
130,,0.176,0.26,0.436,0.304,0.384,0.9,0.04,0.096
131,,0.156,0.24,0.416,0.284,0.364,0.88,0.02,0.076
132,,0.136,0.22,0.396,0.264,0.344,0.86,0.0,0.056
133,,0.116,0.2,0.376,0.244,0.324,0.84,-0.02,0.036
134,7,0.096,-0.032,0.056,0.012,0.304,1.0,0.98,0.228
135,7,0.076,-0.264,-0.264,-0.22,0.284,1.0,1.0,0.42
136,2,0.268,0.736,-0.072,-0.24,0.052,0.68,0.768,0.4
137,2,0.46,1.0,0.12,-0.26,-0.18,0.36,0.536,0.38
138,4,0.228,0.98,0.312,0.74,0.012,0.34,0.304,0.06
139,4,-0.004,0.96,0.504,1.0,0.204,0.32,0.072,-0.26
140,8,0.188,0.94,0.272,0.68,-0.028,0.3,0.264,0.74
141,8,0.38,0.92,0.04,0.36,-0.26,0.28,0.456,1.0
142,5,0.06,0.688,0.02,0.552,0.74,0.472,0.436,0.768
143,5,-0.26,0.456,0.0,0.744,1.0,0.664,0.416,0.536
144,1,0.74,0.648,-0.02,0.512,0.68,0.432,0.396,0.728
145,1,1.0,0.84,-0.04,0.28,0.36,0.2,0.376,0.92
146,3,0.98,1.0,0.96,0.472,0.34,-0.032,0.056,0.688
147,3,0.96,1.0,1.0,0.664,0.32,-0.264,-0.264,0.456
148,6,0.728,0.68,0.768,0.644,0.512,0.736,-0.072,0.436
149,6,0.496,0.36,0.536,0.624,0.704,1.0,0.12,0.416
150,,0.476,0.34,0.516,0.604,0.684,0.98,0.1,0.396
151,,0.456,0.32,0.496,0.584,0.664,0.96,0.08,0.376
152,,0.436,0.3,0.476,0.564,0.644,0.94,0.06,0.356
153,,0.416,0.28,0.456,0.544,0.624,0.92,0.04,0.336
154,,0.396,0.26,0.436,0.524,0.604,0.9,0.02,0.316
155,,0.376,0.24,0.416,0.504,0.584,0.88,0.0,0.296
156,,0.356,0.22,0.396,0.484,0.564,0.86,-0.02,0.276
157,7,0.336,-0.012,0.076,0.252,0.544,1.0,0.98,0.468
158,7,0.316,-0.244,-0.244,0.02,0.524,1.0,1.0,0.66
159,2,0.508,0.756,-0.052,0.0,0.292,0.68,0.768,0.64
160,2,0.7,1.0,0.14,-0.02,0.06,0.36,0.536,0.62
161,4,0.468,0.98,0.332,0.98,0.252,0.34,0.304,0.3
162,4,0.236,0.96,0.524,1.0,0.444,0.32,0.072,-0.02
163,8,0.428,0.94,0.292,0.68,0.212,0.3,0.264,0.98
164,8,0.62,0.92,0.06,0.36,-0.02,0.28,0.456,1.0
165,5,0.3,0.688,0.04,0.552,0.98,0.472,0.436,0.768
166,5,-0.02,0.456,0.02,0.744,1.0,0.664,0.416,0.536
167,1,0.98,0.648,0.0,0.512,0.68,0.432,0.396,0.728
168,1,1.0,0.84,-0.02,0.28,0.36,0.2,0.376,0.92
169,3,0.98,1.0,0.98,0.472,0.34,-0.032,0.056,0.688
170,3,0.96,1.0,1.0,0.664,0.32,-0.264,-0.264,0.456
171,6,0.728,0.68,0.768,0.644,0.512,0.736,-0.072,0.436
172,6,0.496,0.36,0.536,0.624,0.704,1.0,0.12,0.416
173,,0.476,0.34,0.516,0.604,0.684,0.98,0.1,0.396
174,,0.456,0.32,0.496,0.584,0.664,0.96,0.08,0.376
175,,0.436,0.3,0.476,0.564,0.644,0.94,0.06,0.356
176,,0.416,0.28,0.456,0.544,0.624,0.92,0.04,0.336
177,,0.396,0.26,0.436,0.524,0.604,0.9,0.02,0.316
178,,0.376,0.24,0.416,0.504,0.584,0.88,0.0,0.296
179,,0.356,0.22,0.396,0.484,0.564,0.86,-0.02,0.276
180,7,0.336,-0.012,0.076,0.252,0.544,1.0,0.98,0.468
181,7,0.316,-0.244,-0.244,0.02,0.524,1.0,1.0,0.66
182,2,0.508,0.756,-0.052,0.0,0.292,0.68,0.768,0.64
183,2,0.7,1.0,0.14,-0.02,0.06,0.36,0.536,0.62
184,4,0.468,0.98,0.332,0.98,0.252,0.34,0.304,0.3
185,4,0.236,0.96,0.524,1.0,0.444,0.32,0.072,-0.02
186,8,0.428,0.94,0.292,0.68,0.212,0.3,0.264,0.98
187,8,0.62,0.92,0.06,0.36,-0.02,0.28,0.456,1.0
188,5,0.3,0.688,0.04,0.552,0.98,0.472,0.436,0.768
189,5,-0.02,0.456,0.02,0.744,1.0,0.664,0.416,0.536
190,1,0.98,0.648,0.0,0.512,0.68,0.432,0.396,0.728
191,1,1.0,0.84,-0.02,0.28,0.36,0.2,0.376,0.92
192,3,0.98,1.0,0.98,0.472,0.34,-0.032,0.056,0.688
193,3,0.96,1.0,1.0,0.664,0.32,-0.264,-0.264,0.456
194,6,0.728,0.68,0.768,0.644,0.512,0.736,-0.072,0.436
195,6,0.496,0.36,0.536,0.624,0.704,1.0,0.12,0.416
196,,0.476,0.34,0.516,0.604,0.684,0.98,0.1,0.396
197,,0.456,0.32,0.496,0.584,0.664,0.96,0.08,0.376
198,,0.436,0.3,0.476,0.564,0.644,0.94,0.06,0.356
199,,0.416,0.28,0.456,0.544,0.624,0.92,0.04,0.336
200,,0.396,0.26,0.436,0.524,0.604,0.9,0.02,0.316
201,,0.376,0.24,0.416,0.504,0.584,0.88,0.0,0.296
202,,0.356,0.22,0.396,0.484,0.564,0.86,-0.02,0.276
203,7,0.336,-0.012,0.076,0.252,0.544,1.0,0.98,0.468
204,7,0.316,-0.244,-0.244,0.02,0.524,1.0,1.0,0.66
205,2,0.508,0.756,-0.052,0.0,0.292,0.68,0.768,0.64
206,2,0.7,1.0,0.14,-0.02,0.06,0.36,0.536,0.62
207,4,0.468,0.98,0.332,0.98,0.252,0.34,0.304,0.3
208,4,0.236,0.96,0.524,1.0,0.444,0.32,0.072,-0.02
209,8,0.428,0.94,0.292,0.68,0.212,0.3,0.264,0.98
210,8,0.62,0.92,0.06,0.36,-0.02,0.28,0.456,1.0
211,5,0.3,0.688,0.04,0.552,0.98,0.472,0.436,0.768
212,5,-0.02,0.456,0.02,0.744,1.0,0.664,0.416,0.536
213,1,0.98,0.648,0.0,0.512,0.68,0.432,0.396,0.728
214,1,1.0,0.84,-0.02,0.28,0.36,0.2,0.376,0.92
215,3,0.98,1.0,0.98,0.472,0.34,-0.032,0.056,0.688
216,3,0.96,1.0,1.0,0.664,0.32,-0.264,-0.264,0.456
217,7,0.94,0.768,0.68,0.432,0.3,-0.072,0.736,0.648
218,7,0.92,0.536,0.36,0.2,0.28,0.12,1.0,0.84
219,,0.9,0.516,0.34,0.18,0.26,0.1,0.98,0.82
220,,0.88,0.496,0.32,0.16,0.24,0.08,0.96,0.8
221,,0.86,0.476,0.3,0.14,0.22,0.06,0.94,0.78
222,,0.84,0.456,0.28,0.12,0.2,0.04,0.92,0.76
223,,0.82,0.436,0.26,0.1,0.18,0.02,0.9,0.74
224,,0.8,0.416,0.24,0.08,0.16,0.0,0.88,0.72
225,,0.78,0.396,0.22,0.06,0.14,-0.02,0.86,0.7
226,6,0.548,0.076,-0.012,0.04,0.332,0.98,1.0,0.68
227,6,0.316,-0.244,-0.244,0.02,0.524,1.0,1.0,0.66
228,2,0.508,0.756,-0.052,0.0,0.292,0.68,0.768,0.64
229,2,0.7,1.0,0.14,-0.02,0.06,0.36,0.536,0.62
230,4,0.468,0.98,0.332,0.98,0.252,0.34,0.304,0.3
231,4,0.236,0.96,0.524,1.0,0.444,0.32,0.072,-0.02
232,8,0.428,0.94,0.292,0.68,0.212,0.3,0.264,0.98
233,8,0.62,0.92,0.06,0.36,-0.02,0.28,0.456,1.0
234,5,0.3,0.688,0.04,0.552,0.98,0.472,0.436,0.768
235,5,-0.02,0.456,0.02,0.744,1.0,0.664,0.416,0.536
236,1,0.98,0.648,0.0,0.512,0.68,0.432,0.396,0.728
237,1,1.0,0.84,-0.02,0.28,0.36,0.2,0.376,0.92
238,3,0.98,1.0,0.98,0.472,0.34,-0.032,0.056,0.688
239,3,0.96,1.0,1.0,0.664,0.32,-0.264,-0.264,0.456
240,7,0.94,0.768,0.68,0.432,0.3,-0.072,0.736,0.648
241,7,0.92,0.536,0.36,0.2,0.28,0.12,1.0,0.84
242,,0.9,0.516,0.34,0.18,0.26,0.1,0.98,0.82
243,,0.88,0.496,0.32,0.16,0.24,0.08,0.96,0.8
244,,0.86,0.476,0.3,0.14,0.22,0.06,0.94,0.78
245,,0.84,0.456,0.28,0.12,0.2,0.04,0.92,0.76
246,,0.82,0.436,0.26,0.1,0.18,0.02,0.9,0.74
247,,0.8,0.416,0.24,0.08,0.16,0.0,0.88,0.72
248,,0.78,0.396,0.22,0.06,0.14,-0.02,0.86,0.7
249,6,0.548,0.076,-0.012,0.04,0.332,0.98,1.0,0.68
250,6,0.316,-0.244,-0.244,0.02,0.524,1.0,1.0,0.66
251,3,0.296,-0.052,0.756,0.212,0.504,0.768,0.68,0.428
252,3,0.276,0.14,1.0,0.404,0.484,0.536,0.36,0.196
253,,0.256,0.12,0.98,0.384,0.464,0.516,0.34,0.176
254,,0.236,0.1,0.96,0.364,0.444,0.496,0.32,0.156
255,,0.216,0.08,0.94,0.344,0.424,0.476,0.3,0.136
256,,0.196,0.06,0.92,0.324,0.404,0.456,0.28,0.116
257,,0.176,0.04,0.9,0.304,0.384,0.436,0.26,0.096
258,,0.156,0.02,0.88,0.284,0.364,0.416,0.24,0.076
259,,0.136,0.0,0.86,0.264,0.344,0.396,0.22,0.056
260,,0.116,-0.02,0.84,0.244,0.324,0.376,0.2,0.036
261,2,0.308,0.98,1.0,0.224,0.092,0.056,-0.032,0.016
262,2,0.5,1.0,1.0,0.204,-0.14,-0.264,-0.264,-0.004
263,7,0.48,0.768,0.68,-0.028,-0.16,-0.072,0.736,0.188
264,7,0.46,0.536,0.36,-0.26,-0.18,0.12,1.0,0.38
265,4,0.228,0.516,0.552,0.74,0.012,0.1,0.768,0.06
266,4,-0.004,0.496,0.744,1.0,0.204,0.08,0.536,-0.26
267,8,0.188,0.476,0.512,0.68,-0.028,0.06,0.728,0.74
268,8,0.38,0.456,0.28,0.36,-0.26,0.04,0.92,1.0
269,5,0.06,0.224,0.26,0.552,0.74,0.232,0.9,0.768
270,5,-0.26,-0.008,0.24,0.744,1.0,0.424,0.88,0.536
271,1,0.74,0.184,0.22,0.512,0.68,0.192,0.86,0.728
272,1,1.0,0.376,0.2,0.28,0.36,-0.04,0.84,0.92
273,6,0.768,0.056,-0.032,0.26,0.552,0.96,1.0,0.9
274,6,0.536,-0.264,-0.264,0.24,0.744,1.0,1.0,0.88
275,2,0.728,0.736,-0.072,0.22,0.512,0.68,0.768,0.86
276,2,0.92,1.0,0.12,0.2,0.28,0.36,0.536,0.84
277,,0.9,0.98,0.1,0.18,0.26,0.34,0.516,0.82
278,,0.88,0.96,0.08,0.16,0.24,0.32,0.496,0.8
279,,0.86,0.94,0.06,0.14,0.22,0.3,0.476,0.78
280,,0.84,0.92,0.04,0.12,0.2,0.28,0.456,0.76
281,,0.82,0.9,0.02,0.1,0.18,0.26,0.436,0.74
282,,0.8,0.88,0.0,0.08,0.16,0.24,0.416,0.72
283,,0.78,0.86,-0.02,0.06,0.14,0.22,0.396,0.7
284,3,0.76,1.0,0.98,0.252,0.12,-0.012,0.076,0.468
285,3,0.74,1.0,1.0,0.444,0.1,-0.244,-0.244,0.236
286,6,0.508,0.68,0.768,0.424,0.292,0.756,-0.052,0.216
287,6,0.276,0.36,0.536,0.404,0.484,1.0,0.14,0.196
288,,0.256,0.34,0.516,0.384,0.464,0.98,0.12,0.176
289,,0.236,0.32,0.496,0.364,0.444,0.96,0.1,0.156
290,,0.216,0.3,0.476,0.344,0.424,0.94,0.08,0.136
291,,0.196,0.28,0.456,0.324,0.404,0.92,0.06,0.116
292,,0.176,0.26,0.436,0.304,0.384,0.9,0.04,0.096
293,,0.156,0.24,0.416,0.284,0.364,0.88,0.02,0.076
294,,0.136,0.22,0.396,0.264,0.344,0.86,0.0,0.056
295,,0.116,0.2,0.376,0.244,0.324,0.84,-0.02,0.036
296,7,0.096,-0.032,0.056,0.012,0.304,1.0,0.98,0.228
297,7,0.076,-0.264,-0.264,-0.22,0.284,1.0,1.0,0.42
298,2,0.268,0.736,-0.072,-0.24,0.052,0.68,0.768,0.4
299,2,0.46,1.0,0.12,-0.26,-0.18,0.36,0.536,0.38
300,4,0.228,0.98,0.312,0.74,0.012,0.34,0.304,0.06
301,4,-0.004,0.96,0.504,1.0,0.204,0.32,0.072,-0.26
302,8,0.188,0.94,0.272,0.68,-0.028,0.3,0.264,0.74
303,8,0.38,0.92,0.04,0.36,-0.26,0.28,0.456,1.0
304,5,0.06,0.688,0.02,0.552,0.74,0.472,0.436,0.768
305,5,-0.26,0.456,0.0,0.744,1.0,0.664,0.416,0.536
306,1,0.74,0.648,-0.02,0.512,0.68,0.432,0.396,0.728
307,1,1.0,0.84,-0.04,0.28,0.36,0.2,0.376,0.92
308,3,0.98,1.0,0.96,0.472,0.34,-0.032,0.056,0.688
309,3,0.96,1.0,1.0,0.664,0.32,-0.264,-0.264,0.456
310,6,0.728,0.68,0.768,0.644,0.512,0.736,-0.072,0.436
311,6,0.496,0.36,0.536,0.624,0.704,1.0,0.12,0.416
312,,0.476,0.34,0.516,0.604,0.684,0.98,0.1,0.396
313,,0.456,0.32,0.496,0.584,0.664,0.96,0.08,0.376
314,,0.436,0.3,0.476,0.564,0.644,0.94,0.06,0.356
315,,0.416,0.28,0.456,0.544,0.624,0.92,0.04,0.336
316,,0.396,0.26,0.436,0.524,0.604,0.9,0.02,0.316
317,,0.376,0.24,0.416,0.504,0.584,0.88,0.0,0.296
318,,0.356,0.22,0.396,0.484,0.564,0.86,-0.02,0.276
319,7,0.336,-0.012,0.076,0.252,0.544,1.0,0.98,0.468
320,7,0.316,-0.244,-0.244,0.02,0.524,1.0,1.0,0.66
321,3,0.296,-0.052,0.756,0.212,0.504,0.768,0.68,0.428
322,3,0.276,0.14,1.0,0.404,0.484,0.536,0.36,0.196
323,,0.256,0.12,0.98,0.384,0.464,0.516,0.34,0.176
324,,0.236,0.1,0.96,0.364,0.444,0.496,0.32,0.156
325,,0.216,0.08,0.94,0.344,0.424,0.476,0.3,0.136
326,,0.196,0.06,0.92,0.324,0.404,0.456,0.28,0.116
327,,0.176,0.04,0.9,0.304,0.384,0.436,0.26,0.096
328,,0.156,0.02,0.88,0.284,0.364,0.416,0.24,0.076
329,,0.136,0.0,0.86,0.264,0.344,0.396,0.22,0.056
330,,0.116,-0.02,0.84,0.244,0.324,0.376,0.2,0.036
331,2,0.308,0.98,1.0,0.224,0.092,0.056,-0.032,0.016
332,2,0.5,1.0,1.0,0.204,-0.14,-0.264,-0.264,-0.004
333,6,0.268,0.68,0.768,0.184,0.052,0.736,-0.072,-0.024
334,6,0.036,0.36,0.536,0.164,0.244,1.0,0.12,-0.044
335,8,0.228,0.34,0.304,-0.156,0.012,0.98,0.312,0.956
336,8,0.42,0.32,0.072,-0.476,-0.22,0.96,0.504,1.0
337,4,0.188,0.3,0.264,0.524,-0.028,0.94,0.272,0.68
338,4,-0.044,0.28,0.456,1.0,0.164,0.92,0.04,0.36
339,1,0.956,0.472,0.436,0.768,-0.156,0.688,0.02,0.552
340,1,1.0,0.664,0.416,0.536,-0.476,0.456,0.0,0.744
341,5,0.68,0.432,0.396,0.728,0.524,0.648,-0.02,0.512
342,5,0.36,0.2,0.376,0.92,1.0,0.84,-0.04,0.28
343,7,0.34,-0.032,0.056,0.688,0.98,1.0,0.96,0.472
344,7,0.32,-0.264,-0.264,0.456,0.96,1.0,1.0,0.664
345,2,0.512,0.736,-0.072,0.436,0.728,0.68,0.768,0.644
346,2,0.704,1.0,0.12,0.416,0.496,0.36,0.536,0.624
347,,0.684,0.98,0.1,0.396,0.476,0.34,0.516,0.604
348,,0.664,0.96,0.08,0.376,0.456,0.32,0.496,0.584
349,,0.644,0.94,0.06,0.356,0.436,0.3,0.476,0.564
350,,0.624,0.92,0.04,0.336,0.416,0.28,0.456,0.544
351,,0.604,0.9,0.02,0.316,0.396,0.26,0.436,0.524
352,,0.584,0.88,0.0,0.296,0.376,0.24,0.416,0.504
353,,0.564,0.86,-0.02,0.276,0.356,0.22,0.396,0.484
354,3,0.544,1.0,0.98,0.468,0.336,-0.012,0.076,0.252
355,3,0.524,1.0,1.0,0.66,0.316,-0.244,-0.244,0.02
356,6,0.292,0.68,0.768,0.64,0.508,0.756,-0.052,0.0
357,6,0.06,0.36,0.536,0.62,0.7,1.0,0.14,-0.02
358,8,0.252,0.34,0.304,0.3,0.468,0.98,0.332,0.98
359,8,0.444,0.32,0.072,-0.02,0.236,0.96,0.524,1.0
360,4,0.212,0.3,0.264,0.98,0.428,0.94,0.292,0.68
361,4,-0.02,0.28,0.456,1.0,0.62,0.92,0.06,0.36
362,1,0.98,0.472,0.436,0.768,0.3,0.688,0.04,0.552
363,1,1.0,0.664,0.416,0.536,-0.02,0.456,0.02,0.744
364,5,0.68,0.432,0.396,0.728,0.98,0.648,0.0,0.512
365,5,0.36,0.2,0.376,0.92,1.0,0.84,-0.02,0.28
366,7,0.34,-0.032,0.056,0.688,0.98,1.0,0.98,0.472
367,7,0.32,-0.264,-0.264,0.456,0.96,1.0,1.0,0.664
368,2,0.512,0.736,-0.072,0.436,0.728,0.68,0.768,0.644
369,2,0.704,1.0,0.12,0.416,0.496,0.36,0.536,0.624
370,,0.684,0.98,0.1,0.396,0.476,0.34,0.516,0.604
371,,0.664,0.96,0.08,0.376,0.456,0.32,0.496,0.584
372,,0.644,0.94,0.06,0.356,0.436,0.3,0.476,0.564
373,,0.624,0.92,0.04,0.336,0.416,0.28,0.456,0.544
374,,0.604,0.9,0.02,0.316,0.396,0.26,0.436,0.524
375,,0.584,0.88,0.0,0.296,0.376,0.24,0.416,0.504
376,,0.564,0.86,-0.02,0.276,0.356,0.22,0.396,0.484
377,3,0.544,1.0,0.98,0.468,0.336,-0.012,0.076,0.252
378,3,0.524,1.0,1.0,0.66,0.316,-0.244,-0.244,0.02
379,6,0.292,0.68,0.768,0.64,0.508,0.756,-0.052,0.0
380,6,0.06,0.36,0.536,0.62,0.7,1.0,0.14,-0.02
381,8,0.252,0.34,0.304,0.3,0.468,0.98,0.332,0.98
382,8,0.444,0.32,0.072,-0.02,0.236,0.96,0.524,1.0
383,4,0.212,0.3,0.264,0.98,0.428,0.94,0.292,0.68
384,4,-0.02,0.28,0.456,1.0,0.62,0.92,0.06,0.36
385,1,0.98,0.472,0.436,0.768,0.3,0.688,0.04,0.552
386,1,1.0,0.664,0.416,0.536,-0.02,0.456,0.02,0.744
387,5,0.68,0.432,0.396,0.728,0.98,0.648,0.0,0.512
388,5,0.36,0.2,0.376,0.92,1.0,0.84,-0.02,0.28
389,7,0.34,-0.032,0.056,0.688,0.98,1.0,0.98,0.472
390,7,0.32,-0.264,-0.264,0.456,0.96,1.0,1.0,0.664
391,3,0.3,-0.072,0.736,0.648,0.94,0.768,0.68,0.432
392,3,0.28,0.12,1.0,0.84,0.92,0.536,0.36,0.2
393,,0.26,0.1,0.98,0.82,0.9,0.516,0.34,0.18
394,,0.24,0.08,0.96,0.8,0.88,0.496,0.32,0.16
395,,0.22,0.06,0.94,0.78,0.86,0.476,0.3,0.14
396,,0.2,0.04,0.92,0.76,0.84,0.456,0.28,0.12
397,,0.18,0.02,0.9,0.74,0.82,0.436,0.26,0.1
398,,0.16,0.0,0.88,0.72,0.8,0.416,0.24,0.08
399,,0.14,-0.02,0.86,0.7,0.78,0.396,0.22,0.06
400,2,0.332,0.98,1.0,0.68,0.548,0.076,-0.012,0.04
401,2,0.524,1.0,1.0,0.66,0.316,-0.244,-0.244,0.02
402,6,0.292,0.68,0.768,0.64,0.508,0.756,-0.052,0.0
403,6,0.06,0.36,0.536,0.62,0.7,1.0,0.14,-0.02
404,8,0.252,0.34,0.304,0.3,0.468,0.98,0.332,0.98
405,8,0.444,0.32,0.072,-0.02,0.236,0.96,0.524,1.0
406,4,0.212,0.3,0.264,0.98,0.428,0.94,0.292,0.68
407,4,-0.02,0.28,0.456,1.0,0.62,0.92,0.06,0.36
408,1,0.98,0.472,0.436,0.768,0.3,0.688,0.04,0.552
409,1,1.0,0.664,0.416,0.536,-0.02,0.456,0.02,0.744
410,5,0.68,0.432,0.396,0.728,0.98,0.648,0.0,0.512
411,5,0.36,0.2,0.376,0.92,1.0,0.84,-0.02,0.28
412,7,0.34,-0.032,0.056,0.688,0.98,1.0,0.98,0.472
413,7,0.32,-0.264,-0.264,0.456,0.96,1.0,1.0,0.664
414,3,0.3,-0.072,0.736,0.648,0.94,0.768,0.68,0.432
415,3,0.28,0.12,1.0,0.84,0.92,0.536,0.36,0.2
416,,0.26,0.1,0.98,0.82,0.9,0.516,0.34,0.18
417,,0.24,0.08,0.96,0.8,0.88,0.496,0.32,0.16
418,,0.22,0.06,0.94,0.78,0.86,0.476,0.3,0.14
419,,0.2,0.04,0.92,0.76,0.84,0.456,0.28,0.12
420,,0.18,0.02,0.9,0.74,0.82,0.436,0.26,0.1
421,,0.16,0.0,0.88,0.72,0.8,0.416,0.24,0.08
422,,0.14,-0.02,0.86,0.7,0.78,0.396,0.22,0.06
423,2,0.332,0.98,1.0,0.68,0.548,0.076,-0.012,0.04
424,2,0.524,1.0,1.0,0.66,0.316,-0.244,-0.244,0.02
425,6,0.292,0.68,0.768,0.64,0.508,0.756,-0.052,0.0
426,6,0.06,0.36,0.536,0.62,0.7,1.0,0.14,-0.02
427,8,0.252,0.34,0.304,0.3,0.468,0.98,0.332,0.98
428,8,0.444,0.32,0.072,-0.02,0.236,0.96,0.524,1.0
429,4,0.212,0.3,0.264,0.98,0.428,0.94,0.292,0.68
430,4,-0.02,0.28,0.456,1.0,0.62,0.92,0.06,0.36
431,1,0.98,0.472,0.436,0.768,0.3,0.688,0.04,0.552
432,1,1.0,0.664,0.416,0.536,-0.02,0.456,0.02,0.744
433,5,0.68,0.432,0.396,0.728,0.98,0.648,0.0,0.512
434,5,0.36,0.2,0.376,0.92,1.0,0.84,-0.02,0.28
435,7,0.34,-0.032,0.056,0.688,0.98,1.0,0.98,0.472
436,7,0.32,-0.264,-0.264,0.456,0.96,1.0,1.0,0.664
437,3,0.3,-0.072,0.736,0.648,0.94,0.768,0.68,0.432
438,3,0.28,0.12,1.0,0.84,0.92,0.536,0.36,0.2
439,,0.26,0.1,0.98,0.82,0.9,0.516,0.34,0.18
440,,0.24,0.08,0.96,0.8,0.88,0.496,0.32,0.16
441,,0.22,0.06,0.94,0.78,0.86,0.476,0.3,0.14
442,,0.2,0.04,0.92,0.76,0.84,0.456,0.28,0.12
443,,0.18,0.02,0.9,0.74,0.82,0.436,0.26,0.1
444,,0.16,0.0,0.88,0.72,0.8,0.416,0.24,0.08
445,,0.14,-0.02,0.86,0.7,0.78,0.396,0.22,0.06
446,2,0.332,0.98,1.0,0.68,0.548,0.076,-0.012,0.04
447,2,0.524,1.0,1.0,0.66,0.316,-0.244,-0.244,0.02
448,6,0.292,0.68,0.768,0.64,0.508,0.756,-0.052,0.0
449,6,0.06,0.36,0.536,0.62,0.7,1.0,0.14,-0.02
450,8,0.252,0.34,0.304,0.3,0.468,0.98,0.332,0.98
451,8,0.444,0.32,0.072,-0.02,0.236,0.96,0.524,1.0
452,4,0.212,0.3,0.264,0.98,0.428,0.94,0.292,0.68
453,4,-0.02,0.28,0.456,1.0,0.62,0.92,0.06,0.36
454,1,0.98,0.472,0.436,0.768,0.3,0.688,0.04,0.552
455,1,1.0,0.664,0.416,0.536,-0.02,0.456,0.02,0.744
456,5,0.68,0.432,0.396,0.728,0.98,0.648,0.0,0.512
457,5,0.36,0.2,0.376,0.92,1.0,0.84,-0.02,0.28
458,7,0.34,-0.032,0.056,0.688,0.98,1.0,0.98,0.472
459,7,0.32,-0.264,-0.264,0.456,0.96,1.0,1.0,0.664
460,2,0.512,0.736,-0.072,0.436,0.728,0.68,0.768,0.644
461,2,0.704,1.0,0.12,0.416,0.496,0.36,0.536,0.624
462,,0.684,0.98,0.1,0.396,0.476,0.34,0.516,0.604
463,,0.664,0.96,0.08,0.376,0.456,0.32,0.496,0.584
464,,0.644,0.94,0.06,0.356,0.436,0.3,0.476,0.564
465,,0.624,0.92,0.04,0.336,0.416,0.28,0.456,0.544
466,,0.604,0.9,0.02,0.316,0.396,0.26,0.436,0.524
467,,0.584,0.88,0.0,0.296,0.376,0.24,0.416,0.504
468,,0.564,0.86,-0.02,0.276,0.356,0.22,0.396,0.484
469,3,0.544,1.0,0.98,0.468,0.336,-0.012,0.076,0.252
470,3,0.524,1.0,1.0,0.66,0.316,-0.244,-0.244,0.02
471,7,0.504,0.768,0.68,0.428,0.296,-0.052,0.756,0.212
472,7,0.484,0.536,0.36,0.196,0.276,0.14,1.0,0.404
473,,0.464,0.516,0.34,0.176,0.256,0.12,0.98,0.384
474,,0.444,0.496,0.32,0.156,0.236,0.1,0.96,0.364
475,,0.424,0.476,0.3,0.136,0.216,0.08,0.94,0.344
476,,0.404,0.456,0.28,0.116,0.196,0.06,0.92,0.324
477,,0.384,0.436,0.26,0.096,0.176,0.04,0.9,0.304
478,,0.364,0.416,0.24,0.076,0.156,0.02,0.88,0.284
479,,0.344,0.396,0.22,0.056,0.136,0.0,0.86,0.264
480,,0.324,0.376,0.2,0.036,0.116,-0.02,0.84,0.244
481,6,0.092,0.056,-0.032,0.016,0.308,0.98,1.0,0.224
482,6,-0.14,-0.264,-0.264,-0.004,0.5,1.0,1.0,0.204
483,3,-0.16,-0.072,0.736,0.188,0.48,0.768,0.68,-0.028
484,3,-0.18,0.12,1.0,0.38,0.46,0.536,0.36,-0.26
485,8,0.012,0.1,0.768,0.06,0.228,0.516,0.552,0.74
486,8,0.204,0.08,0.536,-0.26,-0.004,0.496,0.744,1.0
487,4,-0.028,0.06,0.728,0.74,0.188,0.476,0.512,0.68
488,4,-0.26,0.04,0.92,1.0,0.38,0.456,0.28,0.36
489,1,0.74,0.232,0.9,0.768,0.06,0.224,0.26,0.552
490,1,1.0,0.424,0.88,0.536,-0.26,-0.008,0.24,0.744
491,5,0.68,0.192,0.86,0.728,0.74,0.184,0.22,0.512
492,5,0.36,-0.04,0.84,0.92,1.0,0.376,0.2,0.28
493,2,0.552,0.96,1.0,0.9,0.768,0.056,-0.032,0.26
494,2,0.744,1.0,1.0,0.88,0.536,-0.264,-0.264,0.24
495,7,0.724,0.768,0.68,0.648,0.516,-0.072,0.736,0.432
496,7,0.704,0.536,0.36,0.416,0.496,0.12,1.0,0.624
497,,0.684,0.516,0.34,0.396,0.476,0.1,0.98,0.604
498,,0.664,0.496,0.32,0.376,0.456,0.08,0.96,0.584
499,,0.644,0.476,0.3,0.356,0.436,0.06,0.94,0.564
