step,active_motive,motive_1,motive_2,motive_3,motive_4,motive_5,motive_6,motive_7,motive_8
0,,0.32498,0.35098,0.3979,0.445,0.169,0.18779,0.04699,0.28914
1,,0.30498,0.33098,0.3779,0.425,0.149,0.16779,0.02699,0.26914
2,,0.28498,0.31098,0.3579,0.405,0.129,0.14779,0.00699,0.24914
3,,0.26498,0.29098,0.3379,0.385,0.109,0.12779,-0.01301,0.22914
4,7,0.24498,0.05898,0.0179,0.153,0.089,0.31979,0.98699,0.42114
5,7,0.22498,-0.17302,-0.3021,-0.079,0.069,0.51179,1.0,0.61314
6,3,0.20498,0.01898,0.6979,0.113,0.049,0.27979,0.68,0.38114
7,3,0.18498,0.21098,1.0,0.305,0.029,0.04779,0.36,0.14914
8,,0.16498,0.19098,0.98,0.285,0.009,0.02779,0.34,0.12914
9,,0.14498,0.17098,0.96,0.265,-0.011,0.00779,0.32,0.10914
10,5,-0.17502,-0.06102,0.94,0.457,0.989,0.19979,0.3,-0.12286
11,5,-0.49502,-0.29302,0.92,0.649,1.0,0.39179,0.28,-0.35486
12,1,0.50498,-0.10102,0.9,0.417,0.68,0.15979,0.26,-0.16286
13,1,1.0,0.09098,0.88,0.185,0.36,-0.07221,0.24,0.02914
14,6,0.768,-0.22902,0.648,0.165,0.552,0.92779,0.432,0.00914
15,6,0.536,-0.54902,0.416,0.145,0.744,1.0,0.624,-0.01086
16,2,0.728,0.45098,0.608,0.125,0.512,0.68,0.392,-0.03086
17,2,0.92,1.0,0.8,0.105,0.28,0.36,0.16,-0.05086
18,8,1.0,0.98,0.568,-0.215,0.048,0.34,0.352,0.94914
19,8,1.0,0.96,0.336,-0.535,-0.184,0.32,0.544,1.0
20,4,0.768,0.94,0.528,0.465,0.008,0.3,0.312,0.68
21,4,0.536,0.92,0.72,1.0,0.2,0.28,0.08,0.36
22,,0.516,0.9,0.7,0.98,0.18,0.26,0.06,0.34
23,,0.496,0.88,0.68,0.96,0.16,0.24,0.04,0.32
24,,0.476,0.86,0.66,0.94,0.14,0.22,0.02,0.3
25,,0.456,0.84,0.64,0.92,0.12,0.2,0.0,0.28
26,,0.436,0.82,0.62,0.9,0.1,0.18,-0.02,0.26
27,7,0.416,0.588,0.3,0.668,0.08,0.372,0.98,0.452
28,7,0.396,0.356,-0.02,0.436,0.06,0.564,1.0,0.644
29,3,0.376,0.548,0.98,0.628,0.04,0.332,0.68,0.412
30,3,0.356,0.74,1.0,0.82,0.02,0.1,0.36,0.18
31,,0.336,0.72,0.98,0.8,0.0,0.08,0.34,0.16
32,,0.316,0.7,0.96,0.78,-0.02,0.06,0.32,0.14
33,5,-0.004,0.468,0.94,0.972,0.98,0.252,0.3,-0.092
34,5,-0.324,0.236,0.92,1.0,1.0,0.444,0.28,-0.324
35,8,-0.132,0.216,0.688,0.68,0.768,0.424,0.472,0.676
36,8,0.06,0.196,0.456,0.36,0.536,0.404,0.664,1.0
37,,0.04,0.176,0.436,0.34,0.516,0.384,0.644,0.98
38,,0.02,0.156,0.416,0.32,0.496,0.364,0.624,0.96
39,,0.0,0.136,0.396,0.3,0.476,0.344,0.604,0.94
40,,-0.02,0.116,0.376,0.28,0.456,0.324,0.584,0.92
41,1,0.98,0.308,0.356,0.048,0.136,0.092,0.564,1.0
42,1,1.0,0.5,0.336,-0.184,-0.184,-0.14,0.544,1.0
43,4,0.768,0.48,0.528,0.816,0.008,-0.16,0.312,0.68
44,4,0.536,0.46,0.72,1.0,0.2,-0.18,0.08,0.36
45,6,0.304,0.14,0.488,0.98,0.392,0.82,0.272,0.34
46,6,0.072,-0.18,0.256,0.96,0.584,1.0,0.464,0.32
47,2,0.264,0.82,0.448,0.94,0.352,0.68,0.232,0.3
48,2,0.456,1.0,0.64,0.92,0.12,0.36,0.0,0.28
49,,0.436,0.98,0.62,0.9,0.1,0.34,-0.02,0.26
50,7,0.416,0.748,0.3,0.668,0.08,0.532,0.98,0.452
51,7,0.396,0.516,-0.02,0.436,0.06,0.724,1.0,0.644
52,3,0.376,0.708,0.98,0.628,0.04,0.492,0.68,0.412
53,3,0.356,0.9,1.0,0.82,0.02,0.26,0.36,0.18
54,,0.336,0.88,0.98,0.8,0.0,0.24,0.34,0.16
55,,0.316,0.86,0.96,0.78,-0.02,0.22,0.32,0.14
56,5,-0.004,0.628,0.94,0.972,0.98,0.412,0.3,-0.092
57,5,-0.324,0.396,0.92,1.0,1.0,0.604,0.28,-0.324
58,1,0.676,0.588,0.9,0.768,0.68,0.372,0.26,-0.132
59,1,1.0,0.78,0.88,0.536,0.36,0.14,0.24,0.06
60,,0.98,0.76,0.86,0.516,0.34,0.12,0.22,0.04
61,,0.96,0.74,0.84,0.496,0.32,0.1,0.2,0.02
62,,0.94,0.72,0.82,0.476,0.3,0.08,0.18,0.0
63,,0.92,0.7,0.8,0.456,0.28,0.06,0.16,-0.02
64,8,1.0,0.68,0.568,0.136,0.048,0.04,0.352,0.98
65,8,1.0,0.66,0.336,-0.184,-0.184,0.02,0.544,1.0
66,5,0.68,0.428,0.316,0.008,0.816,0.212,0.524,0.768
67,5,0.36,0.196,0.296,0.2,1.0,0.404,0.504,0.536
68,,0.34,0.176,0.276,0.18,0.98,0.384,0.484,0.516
69,,0.32,0.156,0.256,0.16,0.96,0.364,0.464,0.496
70,,0.3,0.136,0.236,0.14,0.94,0.344,0.444,0.476
71,,0.28,0.116,0.216,0.12,0.92,0.324,0.424,0.456
72,,0.26,0.096,0.196,0.1,0.9,0.304,0.404,0.436
73,,0.24,0.076,0.176,0.08,0.88,0.284,0.384,0.416
74,,0.22,0.056,0.156,0.06,0.86,0.264,0.364,0.396
75,,0.2,0.036,0.136,0.04,0.84,0.244,0.344,0.376
76,,0.18,0.016,0.116,0.02,0.82,0.224,0.324,0.356
77,,0.16,-0.004,0.096,0.0,0.8,0.204,0.304,0.336
78,2,0.352,0.996,0.288,-0.02,0.568,-0.116,0.072,0.316
79,2,0.544,1.0,0.48,-0.04,0.336,-0.436,-0.16,0.296
80,6,0.312,0.68,0.248,-0.06,0.528,0.564,0.032,0.276
81,6,0.08,0.36,0.016,-0.08,0.72,1.0,0.224,0.256
82,4,-0.152,0.34,0.208,0.92,0.912,0.98,-0.008,-0.064
83,4,-0.384,0.32,0.4,1.0,1.0,0.96,-0.24,-0.384
84,1,0.616,0.512,0.38,0.768,0.68,0.728,-0.26,-0.192
85,1,1.0,0.704,0.36,0.536,0.36,0.496,-0.28,-0.0
86,7,0.98,0.472,0.04,0.304,0.34,0.688,0.72,0.192
87,7,0.96,0.24,-0.28,0.072,0.32,0.88,1.0,0.384
88,3,0.94,0.432,0.72,0.264,0.3,0.648,0.68,0.152
89,3,0.92,0.624,1.0,0.456,0.28,0.416,0.36,-0.08
90,8,1.0,0.604,0.768,0.136,0.048,0.396,0.552,0.92
91,8,1.0,0.584,0.536,-0.184,-0.184,0.376,0.744,1.0
92,5,0.68,0.352,0.516,0.008,0.816,0.568,0.724,0.768
93,5,0.36,0.12,0.496,0.2,1.0,0.76,0.704,0.536
94,,0.34,0.1,0.476,0.18,0.98,0.74,0.684,0.516
95,,0.32,0.08,0.456,0.16,0.96,0.72,0.664,0.496
96,,0.3,0.06,0.436,0.14,0.94,0.7,0.644,0.476
97,,0.28,0.04,0.416,0.12,0.92,0.68,0.624,0.456
98,,0.26,0.02,0.396,0.1,0.9,0.66,0.604,0.436
99,,0.24,0.0,0.376,0.08,0.88,0.64,0.584,0.416
100,,0.22,-0.02,0.356,0.06,0.86,0.62,0.564,0.396
101,2,0.412,0.98,0.548,0.04,0.628,0.3,0.332,0.376
102,2,0.604,1.0,0.74,0.02,0.396,-0.02,0.1,0.356
103,6,0.372,0.68,0.508,0.0,0.588,0.98,0.292,0.336
104,6,0.14,0.36,0.276,-0.02,0.78,1.0,0.484,0.316
105,4,-0.092,0.34,0.468,0.98,0.972,0.98,0.252,-0.004
106,4,-0.324,0.32,0.66,1.0,1.0,0.96,0.02,-0.324
107,1,0.676,0.512,0.64,0.768,0.68,0.728,0.0,-0.132
108,1,1.0,0.704,0.62,0.536,0.36,0.496,-0.02,0.06
109,7,0.98,0.472,0.3,0.304,0.34,0.688,0.98,0.252
110,7,0.96,0.24,-0.02,0.072,0.32,0.88,1.0,0.444
111,3,0.94,0.432,0.98,0.264,0.3,0.648,0.68,0.212
112,3,0.92,0.624,1.0,0.456,0.28,0.416,0.36,-0.02
113,8,1.0,0.604,0.768,0.136,0.048,0.396,0.552,0.98
114,8,1.0,0.584,0.536,-0.184,-0.184,0.376,0.744,1.0
115,5,0.68,0.352,0.516,0.008,0.816,0.568,0.724,0.768
116,5,0.36,0.12,0.496,0.2,1.0,0.76,0.704,0.536
117,,0.34,0.1,0.476,0.18,0.98,0.74,0.684,0.516
118,,0.32,0.08,0.456,0.16,0.96,0.72,0.664,0.496
119,,0.3,0.06,0.436,0.14,0.94,0.7,0.644,0.476
120,,0.28,0.04,0.416,0.12,0.92,0.68,0.624,0.456
121,,0.26,0.02,0.396,0.1,0.9,0.66,0.604,0.436
122,,0.24,0.0,0.376,0.08,0.88,0.64,0.584,0.416
123,,0.22,-0.02,0.356,0.06,0.86,0.62,0.564,0.396
124,2,0.412,0.98,0.548,0.04,0.628,0.3,0.332,0.376
125,2,0.604,1.0,0.74,0.02,0.396,-0.02,0.1,0.356
126,6,0.372,0.68,0.508,0.0,0.588,0.98,0.292,0.336
127,6,0.14,0.36,0.276,-0.02,0.78,1.0,0.484,0.316
128,4,-0.092,0.34,0.468,0.98,0.972,0.98,0.252,-0.004
129,4,-0.324,0.32,0.66,1.0,1.0,0.96,0.02,-0.324
130,8,-0.132,0.3,0.428,0.68,0.768,0.94,0.212,0.676
131,8,0.06,0.28,0.196,0.36,0.536,0.92,0.404,1.0
132,,0.04,0.26,0.176,0.34,0.516,0.9,0.384,0.98
133,,0.02,0.24,0.156,0.32,0.496,0.88,0.364,0.96
134,,0.0,0.22,0.136,0.3,0.476,0.86,0.344,0.94
135,,-0.02,0.2,0.116,0.28,0.456,0.84,0.324,0.92
136,1,0.98,0.392,0.096,0.048,0.136,0.608,0.304,1.0
137,1,1.0,0.584,0.076,-0.184,-0.184,0.376,0.284,1.0
138,5,0.68,0.352,0.056,0.008,0.816,0.568,0.264,0.768
139,5,0.36,0.12,0.036,0.2,1.0,0.76,0.244,0.536
140,,0.34,0.1,0.016,0.18,0.98,0.74,0.224,0.516
141,,0.32,0.08,-0.004,0.16,0.96,0.72,0.204,0.496
142,3,0.3,0.272,0.996,0.352,0.94,0.488,-0.116,0.264
143,3,0.28,0.464,1.0,0.544,0.92,0.256,-0.436,0.032
144,7,0.26,0.232,0.68,0.312,0.9,0.448,0.564,0.224
145,7,0.24,0.0,0.36,0.08,0.88,0.64,1.0,0.416
146,,0.22,-0.02,0.34,0.06,0.86,0.62,0.98,0.396
147,2,0.412,0.98,0.532,0.04,0.628,0.3,0.748,0.376
148,2,0.604,1.0,0.724,0.02,0.396,-0.02,0.516,0.356
149,6,0.372,0.68,0.492,0.0,0.588,0.98,0.708,0.336
150,6,0.14,0.36,0.26,-0.02,0.78,1.0,0.9,0.316
151,4,-0.092,0.34,0.452,0.98,0.972,0.98,0.668,-0.004
152,4,-0.324,0.32,0.644,1.0,1.0,0.96,0.436,-0.324
153,8,-0.132,0.3,0.412,0.68,0.768,0.94,0.628,0.676
154,8,0.06,0.28,0.18,0.36,0.536,0.92,0.82,1.0
155,,0.04,0.26,0.16,0.34,0.516,0.9,0.8,0.98
156,,0.02,0.24,0.14,0.32,0.496,0.88,0.78,0.96
157,,0.0,0.22,0.12,0.3,0.476,0.86,0.76,0.94
158,,-0.02,0.2,0.1,0.28,0.456,0.84,0.74,0.92
159,1,0.98,0.392,0.08,0.048,0.136,0.608,0.72,1.0
160,1,1.0,0.584,0.06,-0.184,-0.184,0.376,0.7,1.0
161,4,0.768,0.564,0.252,0.816,0.008,0.356,0.468,0.68
162,4,0.536,0.544,0.444,1.0,0.2,0.336,0.236,0.36
163,,0.516,0.524,0.424,0.98,0.18,0.316,0.216,0.34
164,,0.496,0.504,0.404,0.96,0.16,0.296,0.196,0.32
165,,0.476,0.484,0.384,0.94,0.14,0.276,0.176,0.3
166,,0.456,0.464,0.364,0.92,0.12,0.256,0.156,0.28
167,,0.436,0.444,0.344,0.9,0.1,0.236,0.136,0.26
168,,0.416,0.424,0.324,0.88,0.08,0.216,0.116,0.24
169,,0.396,0.404,0.304,0.86,0.06,0.196,0.096,0.22
170,,0.376,0.384,0.284,0.84,0.04,0.176,0.076,0.2
171,,0.356,0.364,0.264,0.82,0.02,0.156,0.056,0.18
172,,0.336,0.344,0.244,0.8,0.0,0.136,0.036,0.16
173,,0.316,0.324,0.224,0.78,-0.02,0.116,0.016,0.14
174,5,-0.004,0.092,0.204,0.972,0.98,0.308,-0.004,-0.092
175,5,-0.324,-0.14,0.184,1.0,1.0,0.5,-0.024,-0.324
176,8,-0.132,-0.16,-0.048,0.68,0.768,0.48,0.168,0.676
177,8,0.06,-0.18,-0.28,0.36,0.536,0.46,0.36,1.0
178,3,0.04,0.012,0.72,0.552,0.516,0.228,0.04,0.768
179,3,0.02,0.204,1.0,0.744,0.496,-0.004,-0.28,0.536
180,7,0.0,-0.028,0.68,0.512,0.476,0.188,0.72,0.728
181,7,-0.02,-0.26,0.36,0.28,0.456,0.38,1.0,0.92
182,2,0.172,0.74,0.552,0.26,0.224,0.06,0.768,0.9
183,2,0.364,1.0,0.744,0.24,-0.008,-0.26,0.536,0.88
184,6,0.132,0.68,0.512,0.22,0.184,0.74,0.728,0.86
185,6,-0.1,0.36,0.28,0.2,0.376,1.0,0.92,0.84
186,1,0.9,0.552,0.26,-0.032,0.056,0.768,0.9,1.0
187,1,1.0,0.744,0.24,-0.264,-0.264,0.536,0.88,1.0
188,5,0.68,0.512,0.22,-0.072,0.736,0.728,0.86,0.768
189,5,0.36,0.28,0.2,0.12,1.0,0.92,0.84,0.536
190,,0.34,0.26,0.18,0.1,0.98,0.9,0.82,0.516
191,,0.32,0.24,0.16,0.08,0.96,0.88,0.8,0.496
192,,0.3,0.22,0.14,0.06,0.94,0.86,0.78,0.476
193,,0.28,0.2,0.12,0.04,0.92,0.84,0.76,0.456
194,,0.26,0.18,0.1,0.02,0.9,0.82,0.74,0.436
195,,0.24,0.16,0.08,0.0,0.88,0.8,0.72,0.416
196,,0.22,0.14,0.06,-0.02,0.86,0.78,0.7,0.396
197,4,-0.012,0.12,0.252,0.98,1.0,0.76,0.468,0.076
198,4,-0.244,0.1,0.444,1.0,1.0,0.74,0.236,-0.244
199,8,-0.052,0.08,0.212,0.68,0.768,0.72,0.428,0.756
200,8,0.14,0.06,-0.02,0.36,0.536,0.7,0.62,1.0
201,3,0.12,0.252,0.98,0.552,0.516,0.468,0.3,0.768
202,3,0.1,0.444,1.0,0.744,0.496,0.236,-0.02,0.536
203,7,0.08,0.212,0.68,0.512,0.476,0.428,0.98,0.728
204,7,0.06,-0.02,0.36,0.28,0.456,0.62,1.0,0.92
205,2,0.252,0.98,0.552,0.26,0.224,0.3,0.768,0.9
206,2,0.444,1.0,0.744,0.24,-0.008,-0.02,0.536,0.88
207,6,0.212,0.68,0.512,0.22,0.184,0.98,0.728,0.86
208,6,-0.02,0.36,0.28,0.2,0.376,1.0,0.92,0.84
209,1,0.98,0.552,0.26,-0.032,0.056,0.768,0.9,1.0
210,1,1.0,0.744,0.24,-0.264,-0.264,0.536,0.88,1.0
211,4,0.768,0.724,0.432,0.736,-0.072,0.516,0.648,0.68
212,4,0.536,0.704,0.624,1.0,0.12,0.496,0.416,0.36
213,,0.516,0.684,0.604,0.98,0.1,0.476,0.396,0.34
214,,0.496,0.664,0.584,0.96,0.08,0.456,0.376,0.32
215,,0.476,0.644,0.564,0.94,0.06,0.436,0.356,0.3
216,,0.456,0.624,0.544,0.92,0.04,0.416,0.336,0.28
217,,0.436,0.604,0.524,0.9,0.02,0.396,0.316,0.26
218,,0.416,0.584,0.504,0.88,0.0,0.376,0.296,0.24
219,,0.396,0.564,0.484,0.86,-0.02,0.356,0.276,0.22
220,5,0.076,0.332,0.464,1.0,0.98,0.548,0.256,-0.012
221,5,-0.244,0.1,0.444,1.0,1.0,0.74,0.236,-0.244
222,8,-0.052,0.08,0.212,0.68,0.768,0.72,0.428,0.756
223,8,0.14,0.06,-0.02,0.36,0.536,0.7,0.62,1.0
224,3,0.12,0.252,0.98,0.552,0.516,0.468,0.3,0.768
225,3,0.1,0.444,1.0,0.744,0.496,0.236,-0.02,0.536
226,7,0.08,0.212,0.68,0.512,0.476,0.428,0.98,0.728
227,7,0.06,-0.02,0.36,0.28,0.456,0.62,1.0,0.92
228,2,0.252,0.98,0.552,0.26,0.224,0.3,0.768,0.9
229,2,0.444,1.0,0.744,0.24,-0.008,-0.02,0.536,0.88
230,6,0.212,0.68,0.512,0.22,0.184,0.98,0.728,0.86
231,6,-0.02,0.36,0.28,0.2,0.376,1.0,0.92,0.84
232,1,0.98,0.552,0.26,-0.032,0.056,0.768,0.9,1.0
233,1,1.0,0.744,0.24,-0.264,-0.264,0.536,0.88,1.0
234,4,0.768,0.724,0.432,0.736,-0.072,0.516,0.648,0.68
235,4,0.536,0.704,0.624,1.0,0.12,0.496,0.416,0.36
236,,0.516,0.684,0.604,0.98,0.1,0.476,0.396,0.34
237,,0.496,0.664,0.584,0.96,0.08,0.456,0.376,0.32
238,,0.476,0.644,0.564,0.94,0.06,0.436,0.356,0.3
239,,0.456,0.624,0.544,0.92,0.04,0.416,0.336,0.28
240,,0.436,0.604,0.524,0.9,0.02,0.396,0.316,0.26
241,,0.416,0.584,0.504,0.88,0.0,0.376,0.296,0.24
242,,0.396,0.564,0.484,0.86,-0.02,0.356,0.276,0.22
243,5,0.076,0.332,0.464,1.0,0.98,0.548,0.256,-0.012
244,5,-0.244,0.1,0.444,1.0,1.0,0.74,0.236,-0.244
245,8,-0.052,0.08,0.212,0.68,0.768,0.72,0.428,0.756
246,8,0.14,0.06,-0.02,0.36,0.536,0.7,0.62,1.0
247,3,0.12,0.252,0.98,0.552,0.516,0.468,0.3,0.768
248,3,0.1,0.444,1.0,0.744,0.496,0.236,-0.02,0.536
249,7,0.08,0.212,0.68,0.512,0.476,0.428,0.98,0.728
250,7,0.06,-0.02,0.36,0.28,0.456,0.62,1.0,0.92
251,2,0.252,0.98,0.552,0.26,0.224,0.3,0.768,0.9
252,2,0.444,1.0,0.744,0.24,-0.008,-0.02,0.536,0.88
253,6,0.212,0.68,0.512,0.22,0.184,0.98,0.728,0.86
254,6,-0.02,0.36,0.28,0.2,0.376,1.0,0.92,0.84
255,1,0.98,0.552,0.26,-0.032,0.056,0.768,0.9,1.0
256,1,1.0,0.744,0.24,-0.264,-0.264,0.536,0.88,1.0
257,4,0.768,0.724,0.432,0.736,-0.072,0.516,0.648,0.68
258,4,0.536,0.704,0.624,1.0,0.12,0.496,0.416,0.36
259,,0.516,0.684,0.604,0.98,0.1,0.476,0.396,0.34
260,,0.496,0.664,0.584,0.96,0.08,0.456,0.376,0.32
261,,0.476,0.644,0.564,0.94,0.06,0.436,0.356,0.3
262,,0.456,0.624,0.544,0.92,0.04,0.416,0.336,0.28
263,,0.436,0.604,0.524,0.9,0.02,0.396,0.316,0.26
264,,0.416,0.584,0.504,0.88,0.0,0.376,0.296,0.24
265,,0.396,0.564,0.484,0.86,-0.02,0.356,0.276,0.22
266,5,0.076,0.332,0.464,1.0,0.98,0.548,0.256,-0.012
267,5,-0.244,0.1,0.444,1.0,1.0,0.74,0.236,-0.244
268,1,0.756,0.292,0.424,0.768,0.68,0.508,0.216,-0.052
269,1,1.0,0.484,0.404,0.536,0.36,0.276,0.196,0.14
270,,0.98,0.464,0.384,0.516,0.34,0.256,0.176,0.12
271,,0.96,0.444,0.364,0.496,0.32,0.236,0.156,0.1
272,,0.94,0.424,0.344,0.476,0.3,0.216,0.136,0.08
273,,0.92,0.404,0.324,0.456,0.28,0.196,0.116,0.06
274,,0.9,0.384,0.304,0.436,0.26,0.176,0.096,0.04
275,,0.88,0.364,0.284,0.416,0.24,0.156,0.076,0.02
276,,0.86,0.344,0.264,0.396,0.22,0.136,0.056,0.0
277,,0.84,0.324,0.244,0.376,0.2,0.116,0.036,-0.02
278,8,1.0,0.304,0.012,0.056,-0.032,0.096,0.228,0.98
279,8,1.0,0.284,-0.22,-0.264,-0.264,0.076,0.42,1.0
280,5,0.68,0.052,-0.24,-0.072,0.736,0.268,0.4,0.768
281,5,0.36,-0.18,-0.26,0.12,1.0,0.46,0.38,0.536
282,3,0.34,0.012,0.74,0.312,0.98,0.228,0.06,0.304
283,3,0.32,0.204,1.0,0.504,0.96,-0.004,-0.26,0.072
284,7,0.3,-0.028,0.68,0.272,0.94,0.188,0.74,0.264
285,7,0.28,-0.26,0.36,0.04,0.92,0.38,1.0,0.456
286,2,0.472,0.74,0.552,0.02,0.688,0.06,0.768,0.436
287,2,0.664,1.0,0.744,0.0,0.456,-0.26,0.536,0.416
288,6,0.432,0.68,0.512,-0.02,0.648,0.74,0.728,0.396
289,6,0.2,0.36,0.28,-0.04,0.84,1.0,0.92,0.376
290,4,-0.032,0.34,0.472,0.96,1.0,0.98,0.688,0.056
291,4,-0.264,0.32,0.664,1.0,1.0,0.96,0.456,-0.264
292,1,0.736,0.512,0.644,0.768,0.68,0.728,0.436,-0.072
293,1,1.0,0.704,0.624,0.536,0.36,0.496,0.416,0.12
294,,0.98,0.684,0.604,0.516,0.34,0.476,0.396,0.1
295,,0.96,0.664,0.584,0.496,0.32,0.456,0.376,0.08
296,,0.94,0.644,0.564,0.476,0.3,0.436,0.356,0.06
297,,0.92,0.624,0.544,0.456,0.28,0.416,0.336,0.04
298,,0.9,0.604,0.524,0.436,0.26,0.396,0.316,0.02
299,,0.88,0.584,0.504,0.416,0.24,0.376,0.296,0.0
300,,0.86,0.564,0.484,0.396,0.22,0.356,0.276,-0.02
301,8,1.0,0.544,0.252,0.076,-0.012,0.336,0.468,0.98
302,8,1.0,0.524,0.02,-0.244,-0.244,0.316,0.66,1.0
303,5,0.68,0.292,0.0,-0.052,0.756,0.508,0.64,0.768
304,5,0.36,0.06,-0.02,0.14,1.0,0.7,0.62,0.536
305,3,0.34,0.252,0.98,0.332,0.98,0.468,0.3,0.304
306,3,0.32,0.444,1.0,0.524,0.96,0.236,-0.02,0.072
307,7,0.3,0.212,0.68,0.292,0.94,0.428,0.98,0.264
308,7,0.28,-0.02,0.36,0.06,0.92,0.62,1.0,0.456
309,2,0.472,0.98,0.552,0.04,0.688,0.3,0.768,0.436
310,2,0.664,1.0,0.744,0.02,0.456,-0.02,0.536,0.416
311,6,0.432,0.68,0.512,0.0,0.648,0.98,0.728,0.396
312,6,0.2,0.36,0.28,-0.02,0.84,1.0,0.92,0.376
313,4,-0.032,0.34,0.472,0.98,1.0,0.98,0.688,0.056
314,4,-0.264,0.32,0.664,1.0,1.0,0.96,0.456,-0.264
315,8,-0.072,0.3,0.432,0.68,0.768,0.94,0.648,0.736
316,8,0.12,0.28,0.2,0.36,0.536,0.92,0.84,1.0
317,,0.1,0.26,0.18,0.34,0.516,0.9,0.82,0.98
318,,0.08,0.24,0.16,0.32,0.496,0.88,0.8,0.96
319,,0.06,0.22,0.14,0.3,0.476,0.86,0.78,0.94
320,,0.04,0.2,0.12,0.28,0.456,0.84,0.76,0.92
321,,0.02,0.18,0.1,0.26,0.436,0.82,0.74,0.9
322,,0.0,0.16,0.08,0.24,0.416,0.8,0.72,0.88
323,,-0.02,0.14,0.06,0.22,0.396,0.78,0.7,0.86
324,1,0.98,0.332,0.04,-0.012,0.076,0.548,0.68,1.0
325,1,1.0,0.524,0.02,-0.244,-0.244,0.316,0.66,1.0
326,5,0.68,0.292,0.0,-0.052,0.756,0.508,0.64,0.768
327,5,0.36,0.06,-0.02,0.14,1.0,0.7,0.62,0.536
328,3,0.34,0.252,0.98,0.332,0.98,0.468,0.3,0.304
329,3,0.32,0.444,1.0,0.524,0.96,0.236,-0.02,0.072
330,7,0.3,0.212,0.68,0.292,0.94,0.428,0.98,0.264
331,7,0.28,-0.02,0.36,0.06,0.92,0.62,1.0,0.456
332,2,0.472,0.98,0.552,0.04,0.688,0.3,0.768,0.436
333,2,0.664,1.0,0.744,0.02,0.456,-0.02,0.536,0.416
334,6,0.432,0.68,0.512,0.0,0.648,0.98,0.728,0.396
335,6,0.2,0.36,0.28,-0.02,0.84,1.0,0.92,0.376
336,4,-0.032,0.34,0.472,0.98,1.0,0.98,0.688,0.056
337,4,-0.264,0.32,0.664,1.0,1.0,0.96,0.456,-0.264
338,1,0.736,0.512,0.644,0.768,0.68,0.728,0.436,-0.072
339,1,1.0,0.704,0.624,0.536,0.36,0.496,0.416,0.12
340,,0.98,0.684,0.604,0.516,0.34,0.476,0.396,0.1
341,,0.96,0.664,0.584,0.496,0.32,0.456,0.376,0.08
342,,0.94,0.644,0.564,0.476,0.3,0.436,0.356,0.06
343,,0.92,0.624,0.544,0.456,0.28,0.416,0.336,0.04
344,,0.9,0.604,0.524,0.436,0.26,0.396,0.316,0.02
345,,0.88,0.584,0.504,0.416,0.24,0.376,0.296,0.0
346,,0.86,0.564,0.484,0.396,0.22,0.356,0.276,-0.02
347,8,1.0,0.544,0.252,0.076,-0.012,0.336,0.468,0.98
348,8,1.0,0.524,0.02,-0.244,-0.244,0.316,0.66,1.0
349,4,0.768,0.504,0.212,0.756,-0.052,0.296,0.428,0.68
350,4,0.536,0.484,0.404,1.0,0.14,0.276,0.196,0.36
351,,0.516,0.464,0.384,0.98,0.12,0.256,0.176,0.34
352,,0.496,0.444,0.364,0.96,0.1,0.236,0.156,0.32
353,,0.476,0.424,0.344,0.94,0.08,0.216,0.136,0.3
354,,0.456,0.404,0.324,0.92,0.06,0.196,0.116,0.28
355,,0.436,0.384,0.304,0.9,0.04,0.176,0.096,0.26
356,,0.416,0.364,0.284,0.88,0.02,0.156,0.076,0.24
357,,0.396,0.344,0.264,0.86,0.0,0.136,0.056,0.22
358,,0.376,0.324,0.244,0.84,-0.02,0.116,0.036,0.2
359,5,0.056,0.092,0.224,1.0,0.98,0.308,0.016,-0.032
360,5,-0.264,-0.14,0.204,1.0,1.0,0.5,-0.004,-0.264
361,8,-0.072,-0.16,-0.028,0.68,0.768,0.48,0.188,0.736
362,8,0.12,-0.18,-0.26,0.36,0.536,0.46,0.38,1.0
363,3,0.1,0.012,0.74,0.552,0.516,0.228,0.06,0.768
364,3,0.08,0.204,1.0,0.744,0.496,-0.004,-0.26,0.536
365,7,0.06,-0.028,0.68,0.512,0.476,0.188,0.74,0.728
366,7,0.04,-0.26,0.36,0.28,0.456,0.38,1.0,0.92
367,2,0.232,0.74,0.552,0.26,0.224,0.06,0.768,0.9
368,2,0.424,1.0,0.744,0.24,-0.008,-0.26,0.536,0.88
369,6,0.192,0.68,0.512,0.22,0.184,0.74,0.728,0.86
370,6,-0.04,0.36,0.28,0.2,0.376,1.0,0.92,0.84
371,1,0.96,0.552,0.26,-0.032,0.056,0.768,0.9,1.0
372,1,1.0,0.744,0.24,-0.264,-0.264,0.536,0.88,1.0
373,5,0.68,0.512,0.22,-0.072,0.736,0.728,0.86,0.768
374,5,0.36,0.28,0.2,0.12,1.0,0.92,0.84,0.536
375,,0.34,0.26,0.18,0.1,0.98,0.9,0.82,0.516
376,,0.32,0.24,0.16,0.08,0.96,0.88,0.8,0.496
377,,0.3,0.22,0.14,0.06,0.94,0.86,0.78,0.476
378,,0.28,0.2,0.12,0.04,0.92,0.84,0.76,0.456
379,,0.26,0.18,0.1,0.02,0.9,0.82,0.74,0.436
380,,0.24,0.16,0.08,0.0,0.88,0.8,0.72,0.416
381,,0.22,0.14,0.06,-0.02,0.86,0.78,0.7,0.396
382,4,-0.012,0.12,0.252,0.98,1.0,0.76,0.468,0.076
383,4,-0.244,0.1,0.444,1.0,1.0,0.74,0.236,-0.244
384,1,0.756,0.292,0.424,0.768,0.68,0.508,0.216,-0.052
385,1,1.0,0.484,0.404,0.536,0.36,0.276,0.196,0.14
386,,0.98,0.464,0.384,0.516,0.34,0.256,0.176,0.12
387,,0.96,0.444,0.364,0.496,0.32,0.236,0.156,0.1
388,,0.94,0.424,0.344,0.476,0.3,0.216,0.136,0.08
389,,0.92,0.404,0.324,0.456,0.28,0.196,0.116,0.06
390,,0.9,0.384,0.304,0.436,0.26,0.176,0.096,0.04
391,,0.88,0.364,0.284,0.416,0.24,0.156,0.076,0.02
392,,0.86,0.344,0.264,0.396,0.22,0.136,0.056,0.0
393,,0.84,0.324,0.244,0.376,0.2,0.116,0.036,-0.02
394,8,1.0,0.304,0.012,0.056,-0.032,0.096,0.228,0.98
395,8,1.0,0.284,-0.22,-0.264,-0.264,0.076,0.42,1.0
396,5,0.68,0.052,-0.24,-0.072,0.736,0.268,0.4,0.768
397,5,0.36,-0.18,-0.26,0.12,1.0,0.46,0.38,0.536
398,3,0.34,0.012,0.74,0.312,0.98,0.228,0.06,0.304
399,3,0.32,0.204,1.0,0.504,0.96,-0.004,-0.26,0.072
400,7,0.3,-0.028,0.68,0.272,0.94,0.188,0.74,0.264
401,7,0.28,-0.26,0.36,0.04,0.92,0.38,1.0,0.456
402,2,0.472,0.74,0.552,0.02,0.688,0.06,0.768,0.436
403,2,0.664,1.0,0.744,0.0,0.456,-0.26,0.536,0.416
404,6,0.432,0.68,0.512,-0.02,0.648,0.74,0.728,0.396
405,6,0.2,0.36,0.28,-0.04,0.84,1.0,0.92,0.376
406,4,-0.032,0.34,0.472,0.96,1.0,0.98,0.688,0.056
407,4,-0.264,0.32,0.664,1.0,1.0,0.96,0.456,-0.264
408,8,-0.072,0.3,0.432,0.68,0.768,0.94,0.648,0.736
409,8,0.12,0.28,0.2,0.36,0.536,0.92,0.84,1.0
410,,0.1,0.26,0.18,0.34,0.516,0.9,0.82,0.98
411,,0.08,0.24,0.16,0.32,0.496,0.88,0.8,0.96
412,,0.06,0.22,0.14,0.3,0.476,0.86,0.78,0.94
413,,0.04,0.2,0.12,0.28,0.456,0.84,0.76,0.92
414,,0.02,0.18,0.1,0.26,0.436,0.82,0.74,0.9
415,,0.0,0.16,0.08,0.24,0.416,0.8,0.72,0.88
416,,-0.02,0.14,0.06,0.22,0.396,0.78,0.7,0.86
417,1,0.98,0.332,0.04,-0.012,0.076,0.548,0.68,1.0
418,1,1.0,0.524,0.02,-0.244,-0.244,0.316,0.66,1.0
419,5,0.68,0.292,0.0,-0.052,0.756,0.508,0.64,0.768
420,5,0.36,0.06,-0.02,0.14,1.0,0.7,0.62,0.536
421,3,0.34,0.252,0.98,0.332,0.98,0.468,0.3,0.304
422,3,0.32,0.444,1.0,0.524,0.96,0.236,-0.02,0.072
423,7,0.3,0.212,0.68,0.292,0.94,0.428,0.98,0.264
424,7,0.28,-0.02,0.36,0.06,0.92,0.62,1.0,0.456
425,2,0.472,0.98,0.552,0.04,0.688,0.3,0.768,0.436
426,2,0.664,1.0,0.744,0.02,0.456,-0.02,0.536,0.416
427,6,0.432,0.68,0.512,0.0,0.648,0.98,0.728,0.396
428,6,0.2,0.36,0.28,-0.02,0.84,1.0,0.92,0.376
429,4,-0.032,0.34,0.472,0.98,1.0,0.98,0.688,0.056
430,4,-0.264,0.32,0.664,1.0,1.0,0.96,0.456,-0.264
431,1,0.736,0.512,0.644,0.768,0.68,0.728,0.436,-0.072
432,1,1.0,0.704,0.624,0.536,0.36,0.496,0.416,0.12
433,,0.98,0.684,0.604,0.516,0.34,0.476,0.396,0.1
434,,0.96,0.664,0.584,0.496,0.32,0.456,0.376,0.08
435,,0.94,0.644,0.564,0.476,0.3,0.436,0.356,0.06
436,,0.92,0.624,0.544,0.456,0.28,0.416,0.336,0.04
437,,0.9,0.604,0.524,0.436,0.26,0.396,0.316,0.02
438,,0.88,0.584,0.504,0.416,0.24,0.376,0.296,0.0
439,,0.86,0.564,0.484,0.396,0.22,0.356,0.276,-0.02
440,8,1.0,0.544,0.252,0.076,-0.012,0.336,0.468,0.98
441,8,1.0,0.524,0.02,-0.244,-0.244,0.316,0.66,1.0
442,4,0.768,0.504,0.212,0.756,-0.052,0.296,0.428,0.68
443,4,0.536,0.484,0.404,1.0,0.14,0.276,0.196,0.36
444,,0.516,0.464,0.384,0.98,0.12,0.256,0.176,0.34
445,,0.496,0.444,0.364,0.96,0.1,0.236,0.156,0.32
446,,0.476,0.424,0.344,0.94,0.08,0.216,0.136,0.3
447,,0.456,0.404,0.324,0.92,0.06,0.196,0.116,0.28
448,,0.436,0.384,0.304,0.9,0.04,0.176,0.096,0.26
449,,0.416,0.364,0.284,0.88,0.02,0.156,0.076,0.24
450,,0.396,0.344,0.264,0.86,0.0,0.136,0.056,0.22
451,,0.376,0.324,0.244,0.84,-0.02,0.116,0.036,0.2
452,5,0.056,0.092,0.224,1.0,0.98,0.308,0.016,-0.032
453,5,-0.264,-0.14,0.204,1.0,1.0,0.5,-0.004,-0.264
454,1,0.736,0.052,0.184,0.768,0.68,0.268,-0.024,-0.072
455,1,1.0,0.244,0.164,0.536,0.36,0.036,-0.044,0.12
456,7,0.98,0.012,-0.156,0.304,0.34,0.228,0.956,0.312
457,7,0.96,-0.22,-0.476,0.072,0.32,0.42,1.0,0.504
458,3,0.94,-0.028,0.524,0.264,0.3,0.188,0.68,0.272
459,3,0.92,0.164,1.0,0.456,0.28,-0.044,0.36,0.04
460,6,0.688,-0.156,0.768,0.436,0.472,0.956,0.552,0.02
461,6,0.456,-0.476,0.536,0.416,0.664,1.0,0.744,0.0
462,2,0.648,0.524,0.728,0.396,0.432,0.68,0.512,-0.02
463,2,0.84,1.0,0.92,0.376,0.2,0.36,0.28,-0.04
464,8,1.0,0.98,0.688,0.056,-0.032,0.34,0.472,0.96
465,8,1.0,0.96,0.456,-0.264,-0.264,0.32,0.664,1.0
466,5,0.68,0.728,0.436,-0.072,0.736,0.512,0.644,0.768
467,5,0.36,0.496,0.416,0.12,1.0,0.704,0.624,0.536
468,,0.34,0.476,0.396,0.1,0.98,0.684,0.604,0.516
469,,0.32,0.456,0.376,0.08,0.96,0.664,0.584,0.496
470,,0.3,0.436,0.356,0.06,0.94,0.644,0.564,0.476
471,,0.28,0.416,0.336,0.04,0.92,0.624,0.544,0.456
472,,0.26,0.396,0.316,0.02,0.9,0.604,0.524,0.436
473,,0.24,0.376,0.296,0.0,0.88,0.584,0.504,0.416
474,,0.22,0.356,0.276,-0.02,0.86,0.564,0.484,0.396
475,4,-0.012,0.336,0.468,0.98,1.0,0.544,0.252,0.076
476,4,-0.244,0.316,0.66,1.0,1.0,0.524,0.02,-0.244
477,8,-0.052,0.296,0.428,0.68,0.768,0.504,0.212,0.756
478,8,0.14,0.276,0.196,0.36,0.536,0.484,0.404,1.0
479,,0.12,0.256,0.176,0.34,0.516,0.464,0.384,0.98
480,,0.1,0.236,0.156,0.32,0.496,0.444,0.364,0.96
481,,0.08,0.216,0.136,0.3,0.476,0.424,0.344,0.94
482,,0.06,0.196,0.116,0.28,0.456,0.404,0.324,0.92
483,,0.04,0.176,0.096,0.26,0.436,0.384,0.304,0.9
484,,0.02,0.156,0.076,0.24,0.416,0.364,0.284,0.88
485,,0.0,0.136,0.056,0.22,0.396,0.344,0.264,0.86
486,,-0.02,0.116,0.036,0.2,0.376,0.324,0.244,0.84
487,1,0.98,0.308,0.016,-0.032,0.056,0.092,0.224,1.0
488,1,1.0,0.5,-0.004,-0.264,-0.264,-0.14,0.204,1.0
489,5,0.68,0.268,-0.024,-0.072,0.736,0.052,0.184,0.768
490,5,0.36,0.036,-0.044,0.12,1.0,0.244,0.164,0.536
491,3,0.34,0.228,0.956,0.312,0.98,0.012,-0.156,0.304
492,3,0.32,0.42,1.0,0.504,0.96,-0.22,-0.476,0.072
493,7,0.3,0.188,0.68,0.272,0.94,-0.028,0.524,0.264
494,7,0.28,-0.044,0.36,0.04,0.92,0.164,1.0,0.456
495,2,0.472,0.956,0.552,0.02,0.688,-0.156,0.768,0.436
496,2,0.664,1.0,0.744,0.0,0.456,-0.476,0.536,0.416
497,6,0.432,0.68,0.512,-0.02,0.648,0.524,0.728,0.396
498,6,0.2,0.36,0.28,-0.04,0.84,1.0,0.92,0.376
499,4,-0.032,0.34,0.472,0.96,1.0,0.98,0.688,0.056
